Application:, Trigno Discover (2.0.1.2)
Date/Time:, 5/14/2025 12:52:32 PM
Collection Length (seconds):, 31.428
Forearm 2 (83169), , , , , , , , Forearm 1 (82633), , , , , , , , Biceps (83254), , , , , , , , Triceps (83087)
sensor mode: 45, , , , , , , , sensor mode: 45, , , , , , , , sensor mode: 45, , , , , , , , sensor mode: 45
EMG 1 Time Series (s), EMG 1 (mV), ACC X Time Series (s), ACC X (G), ACC Y Time Series (s), ACC Y (G), ACC Z Time Series (s), ACC Z (G), EMG 1 Time Series (s), EMG 1 (mV), ACC X Time Series (s), ACC X (G), ACC Y Time Series (s), ACC Y (G), ACC Z Time Series (s), ACC Z (G), EMG 1 Time Series (s), EMG 1 (mV), ACC X Time Series (s), ACC X (G), ACC Y Time Series (s), ACC Y (G), ACC Z Time Series (s), ACC Z (G), EMG 1 Time Series (s), EMG 1 (mV), ACC X Time Series (s), ACC X (G), ACC Y Time Series (s), ACC Y (G), ACC Z Time Series (s), ACC Z (G)
, 1925.9259 Hz, , 74.0741 Hz, , 74.0741 Hz, , 74.0741 Hz, , 1925.9259 Hz, , 74.0741 Hz, , 74.0741 Hz, , 74.0741 Hz, , 1925.9259 Hz, , 74.0741 Hz, , 74.0741 Hz, , 74.0741 Hz, , 1925.9259 Hz, , 74.0741 Hz, , 74.0741 Hz, , 74.0741 Hz
, 0.0005192307692307692 s, , 0.0135 s, , 0.0135 s, , 0.0135 s, , 0.0005192307692307692 s, , 0.0135 s, , 0.0135 s, , 0.0135 s, , 0.0005192307692307692 s, , 0.0135 s, , 0.0135 s, , 0.0135 s, , 0.0005192307692307692 s, , 0.0135 s, , 0.0135 s, , 0.0135 s, , Type, Name, Label, Time (s), , Pair, E1, E2, T1, T2, V1, V2, Sensor, Channel, Units, Delta T, RMS, PKPK, Peak Value, TPK, Integral
0, 0.0182956, 0, -0.2739258, 0, -0.9765625, 0, 0.1376953, 0, -0.0068818, 0, 0.3598633, 0, -0.9257812, 0, -0.2026367, 0, -0.0045319, 0, 0.1357422, 0, -1.0043945, 0, 0.0195312, 0, 0.0159457, 0, -0.206543, 0, -0.9794922, 0, 0.043457, , , , , , , , , , , , , , , , , , , , , , 
0.0005192, 0.0171206, 0.0135, -0.2744141, 0.0135, -0.9829102, 0.0135, 0.1386719, 0.0005192, -0.0075532, 0.0135, 0.3574219, 0.0135, -0.9375, 0.0135, -0.2026367, 0.0005192, -0.005539, 0.0135, 0.1342773, 0.0135, -1.0087891, 0.0135, 0.019043, 0.0005192, 0.0102388, 0.0135, -0.2128906, 0.0135, -0.9819336, 0.0135, 0.0493164, , , , , , , , , , , , , , , , , , , , , , 
0.0010385, 0.0194705, 0.027, -0.2724609, 0.027, -0.9790039, 0.027, 0.1367188, 0.0010385, -0.0078889, 0.027, 0.3500977, 0.027, -0.9370117, 0.027, -0.2026367, 0.0010385, -0.005539, 0.027, 0.1347656, 0.027, -1.0097656, 0.027, 0.0175781, 0.0010385, 0.0045319, 0.027, -0.2109375, 0.027, -0.9853516, 0.027, 0.050293, , , , , , , , , , , , , , , , , , , , , , 
0.0015577, 0.0182956, 0.0405, -0.2729492, 0.0405, -0.9794922, 0.0405, 0.1381836, 0.0015577, -0.0062104, 0.0405, 0.3505859, 0.0405, -0.9321289, 0.0405, -0.2050781, 0.0015577, -0.0065461, 0.0405, 0.1318359, 0.0405, -1.0068359, 0.0405, 0.0224609, 0.0015577, 0.0028534, 0.0405, -0.2163086, 0.0405, -0.9887695, 0.0405, 0.0488281, , , , , , , , , , , , , , , , , , , , , , 
0.0020769, 0.0159457, 0.054, -0.2753906, 0.054, -0.9794922, 0.054, 0.1386719, 0.0020769, -0.0062104, 0.054, 0.3510742, 0.054, -0.9306641, 0.054, -0.2070312, 0.0020769, -0.0072175, 0.054, 0.125, 0.054, -1.0043945, 0.054, 0.0195312, 0.0020769, 0.0025177, 0.054, -0.2280273, 0.054, -0.9785156, 0.054, 0.0498047, , , , , , , , , , , , , , , , , , , , , , 
0.0025962, 0.0152743, 0.0675, -0.277832, 0.0675, -0.9770508, 0.0675, 0.1416016, 0.0025962, -0.0068818, 0.0675, 0.3452148, 0.0675, -0.9326172, 0.0675, -0.2084961, 0.0025962, -0.0075532, 0.0675, 0.1152344, 0.0675, -0.9995117, 0.0675, 0.0146484, 0.0025962, 0.0015106, 0.0675, -0.2324219, 0.0675, -0.9755859, 0.0675, 0.050293, , , , , , , , , , , , , , , , , , , , , , 
0.0031154, 0.0172885, 0.081, -0.2729492, 0.081, -0.9711914, 0.081, 0.140625, 0.0031154, -0.005539, 0.081, 0.3374023, 0.081, -0.9267578, 0.081, -0.2099609, 0.0031154, -0.0082246, 0.081, 0.1176758, 0.081, -1, 0.081, 0.0126953, 0.0031154, 0.0028534, 0.081, -0.2265625, 0.081, -0.9785156, 0.081, 0.0522461, , , , , , , , , , , , , , , , , , , , , , 
0.0036346, 0.0193027, 0.0945, -0.2739258, 0.0945, -0.96875, 0.0945, 0.1401367, 0.0036346, -0.0052033, 0.0945, 0.3422852, 0.0945, -0.9223633, 0.0945, -0.2128906, 0.0036346, -0.0099031, 0.0945, 0.1162109, 0.0945, -1.0024414, 0.0945, 0.019043, 0.0036346, 0.0035248, 0.0945, -0.2265625, 0.0945, -0.9741211, 0.0945, 0.0532227, , , , , , , , , , , , , , , , , , , , , , 
0.0041538, 0.0203098, 0.108, -0.2792969, 0.108, -0.9692383, 0.108, 0.1376953, 0.0041538, -0.0062104, 0.108, 0.3461914, 0.108, -0.9228516, 0.108, -0.2045898, 0.0041538, -0.012253, 0.108, 0.1142578, 0.108, -1.0048828, 0.108, 0.0185547, 0.0041538, 0.0025177, 0.108, -0.2338867, 0.108, -0.9736328, 0.108, 0.0512695, , , , , , , , , , , , , , , , , , , , , , 
0.0046731, 0.0193027, 0.1215, -0.2797852, 0.1215, -0.96875, 0.1215, 0.1381836, 0.0046731, -0.0062104, 0.1215, 0.3491211, 0.1215, -0.925293, 0.1215, -0.2021484, 0.0046731, -0.0115816, 0.1215, 0.1166992, 0.1215, -1.0048828, 0.1215, 0.0195312, 0.0046731, 0.0018463, 0.1215, -0.2314453, 0.1215, -0.9765625, 0.1215, 0.050293, , , , , , , , , , , , , , , , , , , , , , 
0.0051923, 0.0157778, 0.135, -0.28125, 0.135, -0.9726562, 0.135, 0.1376953, 0.0051923, -0.0068818, 0.135, 0.3540039, 0.135, -0.925293, 0.135, -0.2011719, 0.0051923, -0.0095674, 0.135, 0.1201172, 0.135, -1.0083008, 0.135, 0.0214844, 0.0051923, 0.0015106, 0.135, -0.2246094, 0.135, -0.9799805, 0.135, 0.0463867, , , , , , , , , , , , , , , , , , , , , , 
0.0057115, 0.010071, 0.1485, -0.2768555, 0.1485, -0.9726562, 0.1485, 0.1381836, 0.0057115, -0.0072175, 0.1485, 0.3574219, 0.1485, -0.9296875, 0.1485, -0.1977539, 0.0057115, -0.0068818, 0.1485, 0.1206055, 0.1485, -1.0068359, 0.1485, 0.0249023, 0.0057115, 0.0008392, 0.1485, -0.2172852, 0.1485, -0.9804688, 0.1485, 0.043457, , , , , , , , , , , , , , , , , , , , , , 
0.0062308, 0.0072175, 0.162, -0.2714844, 0.162, -0.9707031, 0.162, 0.1396484, 0.0062308, -0.0070497, 0.162, 0.3554688, 0.162, -0.9282227, 0.162, -0.2016602, 0.0062308, -0.0072175, 0.162, 0.1254883, 0.162, -1.0009766, 0.162, 0.0229492, 0.0062308, -0.0058747, 0.162, -0.2197266, 0.162, -0.9780273, 0.162, 0.0371094, , , , , , , , , , , , , , , , , , , , , , 
0.00675, 0.0068818, 0.1755, -0.2666016, 0.1755, -0.9716797, 0.1755, 0.1445312, 0.00675, -0.0062104, 0.1755, 0.3540039, 0.1755, -0.9199219, 0.1755, -0.2084961, 0.00675, -0.0082246, 0.1755, 0.1279297, 0.1755, -1.0014648, 0.1755, 0.0244141, 0.00675, -0.012253, 0.1755, -0.2192383, 0.1755, -0.9755859, 0.1755, 0.0405273, , , , , , , , , , , , , , , , , , , , , , 
0.0072692, 0.0082246, 0.189, -0.2666016, 0.189, -0.9731445, 0.189, 0.1386719, 0.0072692, -0.0062104, 0.189, 0.3510742, 0.189, -0.9199219, 0.189, -0.2084961, 0.0072692, -0.0082246, 0.189, 0.121582, 0.189, -1, 0.189, 0.0224609, 0.0072692, -0.0115816, 0.189, -0.2207031, 0.189, -0.9716797, 0.189, 0.043457, , , , , , , , , , , , , , , , , , , , , , 
0.0077885, 0.0125887, 0.2025, -0.2700195, 0.2025, -0.9702148, 0.2025, 0.1381836, 0.0077885, -0.0072175, 0.2025, 0.347168, 0.2025, -0.9248047, 0.2025, -0.2075195, 0.0077885, -0.0102388, 0.2025, 0.1176758, 0.2025, -0.9985352, 0.2025, 0.0175781, 0.0077885, -0.0105745, 0.2025, -0.2211914, 0.2025, -0.9736328, 0.2025, 0.0493164, , , , , , , , , , , , , , , , , , , , , , 
0.0083077, 0.0157778, 0.216, -0.2729492, 0.216, -0.9716797, 0.216, 0.1401367, 0.0083077, -0.0075532, 0.216, 0.3393555, 0.216, -0.9262695, 0.216, -0.2089844, 0.0083077, -0.0124208, 0.216, 0.1259766, 0.216, -1.0029297, 0.216, 0.0200195, 0.0083077, -0.0102388, 0.216, -0.2216797, 0.216, -0.9799805, 0.216, 0.0478516, , , , , , , , , , , , , , , , , , , , , , 
0.0088269, 0.0179599, 0.2295, -0.2763672, 0.2295, -0.9741211, 0.2295, 0.1381836, 0.0088269, -0.0065461, 0.2295, 0.3408203, 0.2295, -0.9296875, 0.2295, -0.2089844, 0.0088269, -0.0117494, 0.2295, 0.125, 0.2295, -1.0102539, 0.2295, 0.0244141, 0.0088269, -0.0102388, 0.2295, -0.2299805, 0.2295, -0.9848633, 0.2295, 0.0488281, , , , , , , , , , , , , , , , , , , , , , 
0.0093462, 0.0172885, 0.243, -0.2827148, 0.243, -0.9824219, 0.243, 0.1391602, 0.0093462, -0.0052033, 0.243, 0.3447266, 0.243, -0.9370117, 0.243, -0.2060547, 0.0093462, -0.0109102, 0.243, 0.1206055, 0.243, -1.0131836, 0.243, 0.0234375, 0.0093462, -0.0087282, 0.243, -0.2348633, 0.243, -0.9848633, 0.243, 0.0498047, , , , , , , , , , , , , , , , , , , , , , 
0.0098654, 0.0152743, 0.2565, -0.2822266, 0.2565, -0.9829102, 0.2565, 0.1396484, 0.0098654, -0.0058747, 0.2565, 0.3515625, 0.2565, -0.9399414, 0.2565, -0.2041016, 0.0098654, -0.0109102, 0.2565, 0.1166992, 0.2565, -1.0126953, 0.2565, 0.0219727, 0.0098654, -0.0062104, 0.2565, -0.2314453, 0.2565, -0.9873047, 0.2565, 0.0512695, , , , , , , , , , , , , , , , , , , , , , 
0.0103846, 0.0169528, 0.27, -0.2753906, 0.27, -0.9804688, 0.27, 0.1420898, 0.0103846, -0.0062104, 0.27, 0.359375, 0.27, -0.9355469, 0.27, -0.203125, 0.0103846, -0.0099031, 0.27, 0.1201172, 0.27, -1.0151367, 0.27, 0.0224609, 0.0103846, -0.0015106, 0.27, -0.2290039, 0.27, -0.9858398, 0.27, 0.0498047, , , , , , , , , , , , , , , , , , , , , , 
0.0109038, 0.0223239, 0.2835, -0.2666016, 0.2835, -0.9814453, 0.2835, 0.1420898, 0.0109038, -0.0062104, 0.2835, 0.3583984, 0.2835, -0.9350586, 0.2835, -0.2055664, 0.0109038, -0.0085603, 0.2835, 0.1230469, 0.2835, -1.0073242, 0.2835, 0.019043, 0.0109038, 0.0015106, 0.2835, -0.2270508, 0.2835, -0.9833984, 0.2835, 0.0541992, , , , , , , , , , , , , , , , , , , , , , 
0.0114231, 0.0213169, 0.297, -0.2583008, 0.297, -0.9755859, 0.297, 0.1435547, 0.0114231, -0.0062104, 0.297, 0.3486328, 0.297, -0.9291992, 0.297, -0.2094727, 0.0114231, -0.0068818, 0.297, 0.1289062, 0.297, -1.0009766, 0.297, 0.0161133, 0.0114231, 0.0038605, 0.297, -0.2231445, 0.297, -0.9799805, 0.297, 0.0517578, , , , , , , , , , , , , , , , , , , , , , 
0.0119423, 0.0186313, 0.3105, -0.2670898, 0.3105, -0.9726562, 0.3105, 0.1411133, 0.0119423, -0.0075532, 0.3105, 0.3452148, 0.3105, -0.9277344, 0.3105, -0.2099609, 0.0119423, -0.0083925, 0.3105, 0.1289062, 0.3105, -0.9980469, 0.3105, 0.0195312, 0.0119423, 0.0082246, 0.3105, -0.2202148, 0.3105, -0.980957, 0.3105, 0.0498047, , , , , , , , , , , , , , , , , , , , , , 
0.0124615, 0.0193027, 0.324, -0.2802734, 0.324, -0.972168, 0.324, 0.1411133, 0.0124615, -0.0092317, 0.324, 0.3417969, 0.324, -0.9248047, 0.324, -0.2148438, 0.0124615, -0.0099031, 0.324, 0.1240234, 0.324, -1.0019531, 0.324, 0.0205078, 0.0124615, 0.014435, 0.324, -0.2236328, 0.324, -0.9770508, 0.324, 0.0517578, , , , , , , , , , , , , , , , , , , , , , 
0.0129808, 0.0159457, 0.3375, -0.2783203, 0.3375, -0.9711914, 0.3375, 0.1396484, 0.0129808, -0.0085603, 0.3375, 0.3398438, 0.3375, -0.9287109, 0.3375, -0.2114258, 0.0129808, -0.0087282, 0.3375, 0.1235352, 0.3375, -1.0039062, 0.3375, 0.0234375, 0.0129808, 0.0213169, 0.3375, -0.2280273, 0.3375, -0.9755859, 0.3375, 0.0473633, , , , , , , , , , , , , , , , , , , , , , 
0.0135, 0.0105745, 0.351, -0.2773438, 0.351, -0.9755859, 0.351, 0.140625, 0.0135, -0.0075532, 0.351, 0.3422852, 0.351, -0.9306641, 0.351, -0.2084961, 0.0135, -0.0075532, 0.351, 0.1176758, 0.351, -1.0053711, 0.351, 0.0234375, 0.0135, 0.026688, 0.351, -0.2255859, 0.351, -0.9760742, 0.351, 0.050293, , , , , , , , , , , , , , , , , , , , , , 
0.0140192, 0.0127565, 0.3645, -0.2724609, 0.3645, -0.9716797, 0.3645, 0.1416016, 0.0140192, -0.0087282, 0.3645, 0.3500977, 0.3645, -0.9267578, 0.3645, -0.2036133, 0.0140192, -0.0085603, 0.3645, 0.1196289, 0.3645, -1.003418, 0.3645, 0.0185547, 0.0140192, 0.0313878, 0.3645, -0.2231445, 0.3645, -0.9765625, 0.3645, 0.0507812, , , , , , , , , , , , , , , , , , , , , , 
0.0145385, 0.0169528, 0.378, -0.2705078, 0.378, -0.9697266, 0.378, 0.144043, 0.0145385, -0.0102388, 0.378, 0.3564453, 0.378, -0.9233398, 0.378, -0.2055664, 0.0145385, -0.0072175, 0.378, 0.121582, 0.378, -1.0004883, 0.378, 0.0205078, 0.0145385, 0.033402, 0.378, -0.2216797, 0.378, -0.9760742, 0.378, 0.0454102, , , , , , , , , , , , , , , , , , , , , , 
0.0150577, 0.0179599, 0.3915, -0.2714844, 0.3915, -0.9746094, 0.3915, 0.144043, 0.0150577, -0.008896, 0.3915, 0.3618164, 0.3915, -0.925293, 0.3915, -0.2036133, 0.0150577, -0.0058747, 0.3915, 0.1298828, 0.3915, -1.0014648, 0.3915, 0.0214844, 0.0150577, 0.033402, 0.3915, -0.2255859, 0.3915, -0.9799805, 0.3915, 0.0463867, , , , , , , , , , , , , , , , , , , , , , 
0.0155769, 0.0184634, 0.405, -0.2773438, 0.405, -0.9765625, 0.405, 0.144043, 0.0155769, -0.0068818, 0.405, 0.3588867, 0.405, -0.9331055, 0.405, -0.2021484, 0.0155769, -0.005539, 0.405, 0.1289062, 0.405, -1.0097656, 0.405, 0.0249023, 0.0155769, 0.0354162, 0.405, -0.2246094, 0.405, -0.9819336, 0.405, 0.0449219, , , , , , , , , , , , , , , , , , , , , , 
0.0160962, 0.0199741, 0.4185, -0.2797852, 0.4185, -0.9726562, 0.4185, 0.1416016, 0.0160962, -0.0068818, 0.4185, 0.3544922, 0.4185, -0.9311523, 0.4185, -0.1992188, 0.0160962, -0.0062104, 0.4185, 0.1201172, 0.4185, -1.0087891, 0.4185, 0.0288086, 0.0160962, 0.0352483, 0.4185, -0.2250977, 0.4185, -0.9829102, 0.4185, 0.046875, , , , , , , , , , , , , , , , , , , , , , 
0.0166154, 0.0206455, 0.432, -0.2832031, 0.432, -0.972168, 0.432, 0.1401367, 0.0166154, -0.0075532, 0.432, 0.3544922, 0.432, -0.9287109, 0.432, -0.1987305, 0.0166154, -0.005539, 0.432, 0.1162109, 0.432, -1.0063477, 0.432, 0.0332031, 0.0166154, 0.0307164, 0.432, -0.2338867, 0.432, -0.9780273, 0.432, 0.0498047, , , , , , , , , , , , , , , , , , , , , , 
0.0171346, 0.0182956, 0.4455, -0.2792969, 0.4455, -0.9697266, 0.4455, 0.1450195, 0.0171346, -0.008896, 0.4455, 0.3525391, 0.4455, -0.9287109, 0.4455, -0.2036133, 0.0171346, -0.0043641, 0.4455, 0.1152344, 0.4455, -1.003418, 0.4455, 0.0288086, 0.0171346, 0.0253452, 0.4455, -0.2402344, 0.4455, -0.9741211, 0.4455, 0.0454102, , , , , , , , , , , , , , , , , , , , , , 
0.0176538, 0.0159457, 0.459, -0.2797852, 0.459, -0.9697266, 0.459, 0.1445312, 0.0176538, -0.0095674, 0.459, 0.3500977, 0.459, -0.9277344, 0.459, -0.2075195, 0.0176538, -0.0041962, 0.459, 0.1176758, 0.459, -1.0024414, 0.459, 0.0307617, 0.0176538, 0.0216526, 0.459, -0.2392578, 0.459, -0.9741211, 0.459, 0.0463867, , , , , , , , , , , , , , , , , , , , , , 
0.0181731, 0.0159457, 0.4725, -0.2797852, 0.4725, -0.9667969, 0.4725, 0.1425781, 0.0181731, -0.0095674, 0.4725, 0.3510742, 0.4725, -0.9238281, 0.4725, -0.2075195, 0.0181731, -0.0046998, 0.4725, 0.1162109, 0.4725, -1.0039062, 0.4725, 0.034668, 0.0181731, 0.0176242, 0.4725, -0.2392578, 0.4725, -0.9750977, 0.4725, 0.0537109, , , , , , , , , , , , , , , , , , , , , , 
0.0186923, 0.0169528, 0.486, -0.2773438, 0.486, -0.9648438, 0.486, 0.1508789, 0.0186923, -0.0092317, 0.486, 0.3491211, 0.486, -0.9228516, 0.486, -0.2045898, 0.0186923, -0.0048676, 0.486, 0.1235352, 0.486, -0.9975586, 0.486, 0.0366211, 0.0186923, 0.0129244, 0.486, -0.2412109, 0.486, -0.9692383, 0.486, 0.0551758, , , , , , , , , , , , , , , , , , , , , , 
0.0192115, 0.01561, 0.4995, -0.2783203, 0.4995, -0.9594727, 0.4995, 0.1469727, 0.0192115, -0.0083925, 0.4995, 0.3549805, 0.4995, -0.9189453, 0.4995, -0.2041016, 0.0192115, -0.0068818, 0.4995, 0.1274414, 0.4995, -0.9941406, 0.4995, 0.0385742, 0.0192115, 0.0112459, 0.4995, -0.2407227, 0.4995, -0.9677734, 0.4995, 0.0546875, , , , , , , , , , , , , , , , , , , , , , 
0.0197308, 0.0139315, 0.513, -0.2763672, 0.513, -0.9555664, 0.513, 0.1494141, 0.0197308, -0.0085603, 0.513, 0.3564453, 0.513, -0.9155273, 0.513, -0.2055664, 0.0197308, -0.0092317, 0.513, 0.1298828, 0.513, -0.9936523, 0.513, 0.0405273, 0.0197308, 0.0099031, 0.513, -0.2421875, 0.513, -0.9667969, 0.513, 0.0576172, , , , , , , , , , , , , , , , , , , , , , 
0.02025, 0.0152743, 0.5265, -0.284668, 0.5265, -0.9506836, 0.5265, 0.1601562, 0.02025, -0.0095674, 0.5265, 0.355957, 0.5265, -0.9125977, 0.5265, -0.2114258, 0.02025, -0.008896, 0.5265, 0.1245117, 0.5265, -0.9921875, 0.5265, 0.0463867, 0.02025, 0.0072175, 0.5265, -0.2480469, 0.5265, -0.9614258, 0.5265, 0.0605469, , , , , , , , , , , , , , , , , , , , , , 
0.0207692, 0.0182956, 0.54, -0.2988281, 0.54, -0.9375, 0.54, 0.1708984, 0.0207692, -0.0087282, 0.54, 0.3520508, 0.54, -0.9042969, 0.54, -0.2138672, 0.0207692, -0.0075532, 0.54, 0.1206055, 0.54, -0.9848633, 0.54, 0.0522461, 0.0207692, 0.0058747, 0.54, -0.2573242, 0.54, -0.9521484, 0.54, 0.0634766, , , , , , , , , , , , , , , , , , , , , , 
0.0212885, 0.0213169, 0.5535, -0.3022461, 0.5535, -0.9360352, 0.5535, 0.1738281, 0.0212885, -0.0068818, 0.5535, 0.3452148, 0.5535, -0.8984375, 0.5535, -0.2216797, 0.0212885, -0.0070497, 0.5535, 0.1191406, 0.5535, -0.9765625, 0.5535, 0.059082, 0.0212885, 0.0058747, 0.5535, -0.2714844, 0.5535, -0.9462891, 0.5535, 0.0664062, , , , , , , , , , , , , , , , , , , , , , 
0.0218077, 0.0166171, 0.567, -0.2910156, 0.567, -0.9379883, 0.567, 0.1826172, 0.0218077, -0.0062104, 0.567, 0.3461914, 0.567, -0.8935547, 0.567, -0.2353516, 0.0218077, -0.0082246, 0.567, 0.121582, 0.567, -0.9794922, 0.567, 0.0644531, 0.0218077, 0.0065461, 0.567, -0.2773438, 0.567, -0.9448242, 0.567, 0.0683594, , , , , , , , , , , , , , , , , , , , , , 
0.0223269, 0.0139315, 0.5805, -0.2807617, 0.5805, -0.9472656, 0.5805, 0.1782227, 0.0223269, -0.0078889, 0.5805, 0.3608398, 0.5805, -0.8920898, 0.5805, -0.2294922, 0.0223269, -0.0077211, 0.5805, 0.1240234, 0.5805, -0.9765625, 0.5805, 0.0605469, 0.0223269, 0.0065461, 0.5805, -0.2758789, 0.5805, -0.9423828, 0.5805, 0.0703125, , , , , , , , , , , , , , , , , , , , , , 
0.0228462, 0.0164492, 0.594, -0.2744141, 0.594, -0.9360352, 0.594, 0.1645508, 0.0228462, -0.008896, 0.594, 0.3701172, 0.594, -0.8916016, 0.594, -0.2163086, 0.0228462, -0.0070497, 0.594, 0.1230469, 0.594, -0.9794922, 0.594, 0.0581055, 0.0228462, 0.0072175, 0.594, -0.2661133, 0.594, -0.9448242, 0.594, 0.0698242, , , , , , , , , , , , , , , , , , , , , , 
0.0233654, 0.0172885, 0.6075, -0.2915039, 0.6075, -0.940918, 0.6075, 0.1767578, 0.0233654, -0.0068818, 0.6075, 0.3701172, 0.6075, -0.8969727, 0.6075, -0.2246094, 0.0233654, -0.008896, 0.6075, 0.1230469, 0.6075, -0.9907227, 0.6075, 0.0605469, 0.0233654, 0.008896, 0.6075, -0.2695312, 0.6075, -0.9560547, 0.6075, 0.0693359, , , , , , , , , , , , , , , , , , , , , , 
0.0238846, 0.0154421, 0.621, -0.3149414, 0.621, -0.9580078, 0.621, 0.1933594, 0.0238846, -0.0057069, 0.621, 0.3686523, 0.621, -0.9145508, 0.621, -0.2368164, 0.0238846, -0.0102388, 0.621, 0.1225586, 0.621, -1.0043945, 0.621, 0.0712891, 0.0238846, 0.0117494, 0.621, -0.2797852, 0.621, -0.9677734, 0.621, 0.0712891, , , , , , , , , , , , , , , , , , , , , , 
0.0244038, 0.0135958, 0.6345, -0.3193359, 0.6345, -0.9663086, 0.6345, 0.1894531, 0.0244038, -0.0065461, 0.6345, 0.3764648, 0.6345, -0.9243164, 0.6345, -0.2319336, 0.0244038, -0.0095674, 0.6345, 0.1245117, 0.6345, -1.0097656, 0.6345, 0.0805664, 0.0244038, 0.0125887, 0.6345, -0.2958984, 0.6345, -0.972168, 0.6345, 0.0756836, , , , , , , , , , , , , , , , , , , , , , 
0.0249231, 0.0132601, 0.648, -0.2817383, 0.648, -0.9589844, 0.648, 0.184082, 0.0249231, -0.0068818, 0.648, 0.3808594, 0.648, -0.9204102, 0.648, -0.2382812, 0.0249231, -0.0109102, 0.648, 0.1264648, 0.648, -1.0078125, 0.648, 0.0898438, 0.0249231, 0.0130922, 0.648, -0.3027344, 0.648, -0.972168, 0.648, 0.0825195, , , , , , , , , , , , , , , , , , , , , , 
0.0254423, 0.0149386, 0.6615, -0.2490234, 0.6615, -0.9609375, 0.6615, 0.1948242, 0.0254423, -0.0072175, 0.6615, 0.3911133, 0.6615, -0.9150391, 0.6615, -0.2548828, 0.0254423, -0.0132601, 0.6615, 0.1416016, 0.6615, -0.9946289, 0.6615, 0.0893555, 0.0254423, 0.0119173, 0.6615, -0.3027344, 0.6615, -0.9643555, 0.6615, 0.0878906, , , , , , , , , , , , , , , , , , , , , , 
0.0259615, 0.0162814, 0.675, -0.2402344, 0.675, -0.965332, 0.675, 0.2045898, 0.0259615, -0.0075532, 0.675, 0.3979492, 0.675, -0.9150391, 0.675, -0.2597656, 0.0259615, -0.0134279, 0.675, 0.1582031, 0.675, -0.9863281, 0.675, 0.0805664, 0.0259615, 0.0085603, 0.675, -0.2924805, 0.675, -0.9643555, 0.675, 0.0908203, , , , , , , , , , , , , , , , , , , , , , 
0.0264808, 0.0132601, 0.6885, -0.2456055, 0.6885, -0.9560547, 0.6885, 0.2021484, 0.0264808, -0.0068818, 0.6885, 0.394043, 0.6885, -0.9165039, 0.6885, -0.25, 0.0264808, -0.0135958, 0.6885, 0.1601562, 0.6885, -0.9824219, 0.6885, 0.0766602, 0.0264808, 0.0031891, 0.6885, -0.2832031, 0.6885, -0.9589844, 0.6885, 0.09375, , , , , , , , , , , , , , , , , , , , , , 
0.027, 0.0115816, 0.702, -0.253418, 0.702, -0.9458008, 0.702, 0.2094727, 0.027, -0.0077211, 0.702, 0.394043, 0.702, -0.9072266, 0.702, -0.2421875, 0.027, -0.0142672, 0.702, 0.1538086, 0.702, -0.9746094, 0.702, 0.0805664, 0.027, -0.002182, 0.702, -0.2832031, 0.702, -0.9511719, 0.702, 0.0922852, , , , , , , , , , , , , , , , , , , , , , 
0.0275192, 0.0115816, 0.7155, -0.25, 0.7155, -0.9453125, 0.7155, 0.2104492, 0.0275192, -0.0092317, 0.7155, 0.3969727, 0.7155, -0.8862305, 0.7155, -0.2504883, 0.0275192, -0.0135958, 0.7155, 0.1499023, 0.7155, -0.9638672, 0.7155, 0.0932617, 0.0275192, -0.0068818, 0.7155, -0.2871094, 0.7155, -0.9472656, 0.7155, 0.0932617, , , , , , , , , , , , , , , , , , , , , , 
0.0280385, 0.0132601, 0.729, -0.2480469, 0.729, -0.9394531, 0.729, 0.199707, 0.0280385, -0.0104067, 0.729, 0.4008789, 0.729, -0.8779297, 0.729, -0.246582, 0.0280385, -0.0125887, 0.729, 0.1557617, 0.729, -0.9541016, 0.729, 0.0991211, 0.0280385, -0.008896, 0.729, -0.296875, 0.729, -0.9365234, 0.729, 0.0883789, , , , , , , , , , , , , , , , , , , , , , 
0.0285577, 0.0130922, 0.7425, -0.2451172, 0.7425, -0.9287109, 0.7425, 0.1958008, 0.0285577, -0.0102388, 0.7425, 0.394043, 0.7425, -0.8730469, 0.7425, -0.2382812, 0.0285577, -0.0109102, 0.7425, 0.1557617, 0.7425, -0.9462891, 0.7425, 0.1064453, 0.0285577, -0.0085603, 0.7425, -0.3022461, 0.7425, -0.9238281, 0.7425, 0.0854492, , , , , , , , , , , , , , , , , , , , , , 
0.0290769, 0.0119173, 0.756, -0.234375, 0.756, -0.9111328, 0.756, 0.2011719, 0.0290769, -0.008896, 0.756, 0.3901367, 0.756, -0.8618164, 0.756, -0.2314453, 0.0290769, -0.0090639, 0.756, 0.1474609, 0.756, -0.9335938, 0.756, 0.1113281, 0.0290769, -0.0075532, 0.756, -0.3051758, 0.756, -0.9116211, 0.756, 0.0834961, , , , , , , , , , , , , , , , , , , , , , 
0.0295962, 0.0151064, 0.7695, -0.2397461, 0.7695, -0.8959961, 0.7695, 0.2094727, 0.0295962, -0.0082246, 0.7695, 0.394043, 0.7695, -0.855957, 0.7695, -0.2231445, 0.0295962, -0.0095674, 0.7695, 0.1445312, 0.7695, -0.9277344, 0.7695, 0.1113281, 0.0295962, -0.0028534, 0.7695, -0.3061523, 0.7695, -0.9042969, 0.7695, 0.081543, , , , , , , , , , , , , , , , , , , , , , 
0.0301154, 0.0162814, 0.783, -0.2709961, 0.783, -0.8867188, 0.783, 0.2016602, 0.0301154, -0.008896, 0.783, 0.3994141, 0.783, -0.8476562, 0.783, -0.2099609, 0.0301154, -0.0115816, 0.783, 0.1391602, 0.783, -0.9291992, 0.783, 0.1123047, 0.0301154, 0.0018463, 0.783, -0.3076172, 0.783, -0.8959961, 0.783, 0.0776367, , , , , , , , , , , , , , , , , , , , , , 
0.0306346, 0.0142672, 0.7965, -0.2915039, 0.7965, -0.8691406, 0.7965, 0.1884766, 0.0306346, -0.0095674, 0.7965, 0.3925781, 0.7965, -0.8417969, 0.7965, -0.2050781, 0.0306346, -0.012253, 0.7965, 0.1318359, 0.7965, -0.925293, 0.7965, 0.1220703, 0.0306346, 0.0065461, 0.7965, -0.3085938, 0.7965, -0.8886719, 0.7965, 0.0766602, , , , , , , , , , , , , , , , , , , , , , 
0.0311538, 0.0105745, 0.81, -0.2832031, 0.81, -0.8554688, 0.81, 0.1928711, 0.0311538, -0.0085603, 0.81, 0.3818359, 0.81, -0.8266602, 0.81, -0.2021484, 0.0311538, -0.0109102, 0.81, 0.1293945, 0.81, -0.9111328, 0.81, 0.1206055, 0.0311538, 0.0114137, 0.81, -0.3149414, 0.81, -0.8764648, 0.81, 0.0830078, , , , , , , , , , , , , , , , , , , , , , 
0.0316731, 0.0072175, 0.8235, -0.2792969, 0.8235, -0.8349609, 0.8235, 0.1826172, 0.0316731, -0.008896, 0.8235, 0.3647461, 0.8235, -0.8168945, 0.8235, -0.2021484, 0.0316731, -0.0078889, 0.8235, 0.1274414, 0.8235, -0.8925781, 0.8235, 0.1181641, 0.0316731, 0.0159457, 0.8235, -0.3203125, 0.8235, -0.8623047, 0.8235, 0.0854492, , , , , , , , , , , , , , , , , , , , , , 
0.0321923, 0.0072175, 0.837, -0.2651367, 0.837, -0.8037109, 0.837, 0.1616211, 0.0321923, -0.0095674, 0.837, 0.340332, 0.837, -0.793457, 0.837, -0.1967773, 0.0321923, -0.0048676, 0.837, 0.1333008, 0.837, -0.8691406, 0.837, 0.1230469, 0.0321923, 0.0221561, 0.837, -0.3217773, 0.837, -0.8374023, 0.837, 0.0810547, , , , , , , , , , , , , , , , , , , , , , 
0.0327115, 0.0075532, 0.8505, -0.2597656, 0.8505, -0.784668, 0.8505, 0.1484375, 0.0327115, -0.0099031, 0.8505, 0.3188477, 0.8505, -0.7675781, 0.8505, -0.1943359, 0.0327115, -0.0031891, 0.8505, 0.1347656, 0.8505, -0.8452148, 0.8505, 0.1206055, 0.0327115, 0.0280308, 0.8505, -0.3134766, 0.8505, -0.815918, 0.8505, 0.0722656, , , , , , , , , , , , , , , , , , , , , , 
0.0332308, 0.0072175, 0.864, -0.2675781, 0.864, -0.7714844, 0.864, 0.1376953, 0.0332308, -0.0102388, 0.864, 0.3066406, 0.864, -0.7480469, 0.864, -0.1796875, 0.0332308, -0.0035248, 0.864, 0.1142578, 0.864, -0.8178711, 0.864, 0.1030273, 0.0332308, 0.0320592, 0.864, -0.309082, 0.864, -0.8051758, 0.864, 0.0708008, , , , , , , , , , , , , , , , , , , , , , 
0.03375, 0.0045319, 0.8775, -0.2548828, 0.8775, -0.7539062, 0.8775, 0.128418, 0.03375, -0.0085603, 0.8775, 0.3022461, 0.8775, -0.7294922, 0.8775, -0.1645508, 0.03375, -0.002182, 0.8775, 0.0981445, 0.8775, -0.7832031, 0.8775, 0.0893555, 0.03375, 0.033402, 0.8775, -0.2973633, 0.8775, -0.7768555, 0.8775, 0.0708008, , , , , , , , , , , , , , , , , , , , , , 
0.0342692, 0.0043641, 0.891, -0.2392578, 0.891, -0.7402344, 0.891, 0.1206055, 0.0342692, -0.0075532, 0.891, 0.309082, 0.891, -0.6982422, 0.891, -0.1616211, 0.0342692, -0.0010071, 0.891, 0.0952148, 0.891, -0.7700195, 0.891, 0.0800781, 0.0342692, 0.0350805, 0.891, -0.269043, 0.891, -0.7392578, 0.891, 0.0634766, , , , , , , , , , , , , , , , , , , , , , 
0.0347885, 0.0119173, 0.9045, -0.2158203, 0.9045, -0.7138672, 0.9045, 0.1079102, 0.0347885, -0.0078889, 0.9045, 0.2983398, 0.9045, -0.6723633, 0.9045, -0.1572266, 0.0347885, -0.0015106, 0.9045, 0.0957031, 0.9045, -0.7412109, 0.9045, 0.0537109, 0.0347885, 0.0374304, 0.9045, -0.234375, 0.9045, -0.7138672, 0.9045, 0.0556641, , , , , , , , , , , , , , , , , , , , , , 
0.0353077, 0.0132601, 0.918, -0.206543, 0.918, -0.6894531, 0.918, 0.1079102, 0.0353077, -0.0092317, 0.918, 0.2875977, 0.918, -0.6611328, 0.918, -0.1586914, 0.0353077, -0.0030213, 0.918, 0.1098633, 0.918, -0.715332, 0.918, 0.0336914, 0.0353077, 0.0384375, 0.918, -0.2001953, 0.918, -0.6958008, 0.918, 0.0483398, , , , , , , , , , , , , , , , , , , , , , 
0.0358269, 0.0119173, 0.9315, -0.1948242, 0.9315, -0.6665039, 0.9315, 0.0869141, 0.0358269, -0.0115816, 0.9315, 0.2666016, 0.9315, -0.640625, 0.9315, -0.1503906, 0.0358269, -0.0045319, 0.9315, 0.1132812, 0.9315, -0.6899414, 0.9315, 0.0224609, 0.0358269, 0.0377661, 0.9315, -0.1704102, 0.9315, -0.6738281, 0.9315, 0.0424805, , , , , , , , , , , , , , , , , , , , , , 
0.0363462, 0.0146029, 0.945, -0.1782227, 0.945, -0.6508789, 0.945, 0.0644531, 0.0363462, -0.0124208, 0.945, 0.25, 0.945, -0.6171875, 0.945, -0.1445312, 0.0363462, -0.0041962, 0.945, 0.1132812, 0.945, -0.6606445, 0.945, 0.0131836, 0.0363462, 0.0347448, 0.945, -0.1435547, 0.945, -0.6479492, 0.945, 0.0444336, , , , , , , , , , , , , , , , , , , , , , 
0.0368654, 0.0149386, 0.9585, -0.1557617, 0.9585, -0.6269531, 0.9585, 0.0537109, 0.0368654, -0.0105745, 0.9585, 0.230957, 0.9585, -0.5888672, 0.9585, -0.1347656, 0.0368654, -0.0041962, 0.9585, 0.1147461, 0.9585, -0.612793, 0.9585, -0.0024414, 0.0368654, 0.0276951, 0.9585, -0.112793, 0.9585, -0.6123047, 0.9585, 0.0400391, , , , , , , , , , , , , , , , , , , , , , 
0.0373846, 0.0132601, 0.972, -0.1376953, 0.972, -0.5961914, 0.972, 0.0385742, 0.0373846, -0.0092317, 0.972, 0.2050781, 0.972, -0.5571289, 0.972, -0.1308594, 0.0373846, -0.0045319, 0.972, 0.1181641, 0.972, -0.5664062, 0.972, -0.0263672, 0.0373846, 0.0219883, 0.972, -0.0825195, 0.972, -0.5727539, 0.972, 0.0371094, , , , , , , , , , , , , , , , , , , , , , 
0.0379038, 0.014435, 0.9855, -0.1416016, 0.9855, -0.5805664, 0.9855, 0.034668, 0.0379038, -0.0085603, 0.9855, 0.1796875, 0.9855, -0.5405273, 0.9855, -0.1357422, 0.0379038, -0.005539, 0.9855, 0.121582, 0.9855, -0.5483398, 0.9855, -0.0556641, 0.0379038, 0.0203098, 0.9855, -0.0605469, 0.9855, -0.5512695, 0.9855, 0.0317383, , , , , , , , , , , , , , , , , , , , , , 
0.0384231, 0.01561, 0.999, -0.1650391, 0.999, -0.5908203, 0.999, 0.0214844, 0.0384231, -0.0085603, 0.999, 0.1674805, 0.999, -0.5498047, 0.999, -0.1328125, 0.0384231, -0.0050355, 0.999, 0.1142578, 0.999, -0.5644531, 0.999, -0.0771484, 0.0384231, 0.0193027, 0.999, -0.0405273, 0.999, -0.5522461, 0.999, 0.0214844, , , , , , , , , , , , , , , , , , , , , , 
0.0389423, 0.0129244, 1.0125, -0.1835938, 1.0125, -0.6108398, 1.0125, 0.0087891, 0.0389423, -0.008896, 1.0125, 0.1660156, 1.0125, -0.5673828, 1.0125, -0.1235352, 0.0389423, -0.0065461, 1.0125, 0.0991211, 1.0125, -0.6035156, 1.0125, -0.0839844, 0.0389423, 0.0169528, 1.0125, -0.0224609, 1.0125, -0.5761719, 1.0125, 0.0102539, , , , , , , , , , , , , , , , , , , , , , 
0.0394615, 0.010071, 1.026, -0.175293, 1.026, -0.6347656, 1.026, -0.0014648, 0.0394615, -0.0082246, 1.026, 0.1845703, 1.026, -0.5859375, 1.026, -0.1025391, 0.0394615, -0.0068818, 1.026, 0.0898438, 1.026, -0.6235352, 1.026, -0.0859375, 0.0394615, 0.0117494, 1.026, -0.0102539, 1.026, -0.5927734, 1.026, 0.0058594, , , , , , , , , , , , , , , , , , , , , , 
0.0399808, 0.0099031, 1.0395, -0.1572266, 1.0395, -0.6416016, 1.0395, -0.0078125, 0.0399808, -0.0068818, 1.0395, 0.1904297, 1.0395, -0.5961914, 1.0395, -0.0947266, 0.0399808, -0.0058747, 1.0395, 0.0766602, 1.0395, -0.6513672, 1.0395, -0.0952148, 0.0399808, 0.0078889, 1.0395, 0.0219727, 1.0395, -0.6137695, 1.0395, -0.0014648, , , , , , , , , , , , , , , , , , , , , , 
0.0405, 0.012253, 1.053, -0.1435547, 1.053, -0.6425781, 1.053, -0.0146484, 0.0405, -0.0068818, 1.053, 0.1938477, 1.053, -0.6054688, 1.053, -0.0874023, 0.0405, -0.0062104, 1.053, 0.0830078, 1.053, -0.6523438, 1.053, -0.1123047, 0.0405, 0.0075532, 1.053, 0.0478516, 1.053, -0.628418, 1.053, 0.0004883, , , , , , , , , , , , , , , , , , , , , , 
0.0410192, 0.012253, 1.0665, -0.1274414, 1.0665, -0.6450195, 1.0665, -0.0205078, 0.0410192, -0.0077211, 1.0665, 0.1850586, 1.0665, -0.6147461, 1.0665, -0.0888672, 0.0410192, -0.0062104, 1.0665, 0.1030273, 1.0665, -0.6289062, 1.0665, -0.1386719, 0.0410192, 0.0072175, 1.0665, 0.0566406, 1.0665, -0.6328125, 1.0665, 0.0068359, , , , , , , , , , , , , , , , , , , , , , 
0.0415385, 0.0119173, 1.08, -0.1293945, 1.08, -0.65625, 1.08, -0.0292969, 0.0415385, -0.008896, 1.08, 0.1699219, 1.08, -0.6196289, 1.08, -0.0927734, 0.0415385, -0.0052033, 1.08, 0.1142578, 1.08, -0.6264648, 1.08, -0.1621094, 0.0415385, 0.0068818, 1.08, 0.0668945, 1.08, -0.6308594, 1.08, 0.0024414, , , , , , , , , , , , , , , , , , , , , , 
0.0420577, 0.0119173, 1.0935, -0.1420898, 1.0935, -0.6591797, 1.0935, -0.0498047, 0.0420577, -0.0099031, 1.0935, 0.1567383, 1.0935, -0.6176758, 1.0935, -0.0795898, 0.0420577, -0.0075532, 1.0935, 0.1181641, 1.0935, -0.6289062, 1.0935, -0.1708984, 0.0420577, 0.0057069, 1.0935, 0.0922852, 1.0935, -0.6157227, 1.0935, -0.0053711, , , , , , , , , , , , , , , , , , , , , , 
0.0425769, 0.0099031, 1.107, -0.1166992, 1.107, -0.6591797, 1.107, -0.0634766, 0.0425769, -0.0105745, 1.107, 0.1362305, 1.107, -0.6108398, 1.107, -0.0825195, 0.0425769, -0.008896, 1.107, 0.1132812, 1.107, -0.6157227, 1.107, -0.1850586, 0.0425769, 0.0025177, 1.107, 0.125, 1.107, -0.5976562, 1.107, -0.0131836, , , , , , , , , , , , , , , , , , , , , , 
0.0430962, 0.0058747, 1.1205, -0.0947266, 1.1205, -0.6811523, 1.1205, -0.0615234, 0.0430962, -0.008896, 1.1205, 0.1166992, 1.1205, -0.6147461, 1.1205, -0.1069336, 0.0430962, -0.0097353, 1.1205, 0.0927734, 1.1205, -0.6137695, 1.1205, -0.2094727, 0.0430962, 0.0018463, 1.1205, 0.1538086, 1.1205, -0.6015625, 1.1205, -0.0205078, , , , , , , , , , , , , , , , , , , , , , 
0.0436154, 0.005539, 1.134, -0.1015625, 1.134, -0.7158203, 1.134, -0.043457, 0.0436154, -0.0082246, 1.134, 0.1103516, 1.134, -0.6494141, 1.134, -0.1166992, 0.0436154, -0.0115816, 1.134, 0.0761719, 1.134, -0.6323242, 1.134, -0.2314453, 0.0436154, 0.0025177, 1.134, 0.1694336, 1.134, -0.6303711, 1.134, -0.0273438, , , , , , , , , , , , , , , , , , , , , , 
0.0441346, 0.0077211, 1.1475, -0.1430664, 1.1475, -0.7280273, 1.1475, -0.0605469, 0.0441346, -0.008896, 1.1475, 0.1074219, 1.1475, -0.6796875, 1.1475, -0.1069336, 0.0441346, -0.012253, 1.1475, 0.0683594, 1.1475, -0.6767578, 1.1475, -0.2460938, 0.0441346, 0.0035248, 1.1475, 0.1694336, 1.1475, -0.6757812, 1.1475, -0.034668, , , , , , , , , , , , , , , , , , , , , , 
0.0446538, 0.0125887, 1.161, -0.1762695, 1.161, -0.7358398, 1.161, -0.0869141, 0.0446538, -0.0092317, 1.161, 0.109375, 1.161, -0.6831055, 1.161, -0.0957031, 0.0446538, -0.0125887, 1.161, 0.0615234, 1.161, -0.703125, 1.161, -0.2475586, 0.0446538, 0.0031891, 1.161, 0.1791992, 1.161, -0.7124023, 1.161, -0.0385742, , , , , , , , , , , , , , , , , , , , , , 
0.0451731, 0.0162814, 1.1745, -0.1508789, 1.1745, -0.7558594, 1.1745, -0.0800781, 0.0451731, -0.0082246, 1.1745, 0.1157227, 1.1745, -0.6855469, 1.1745, -0.0966797, 0.0451731, -0.0109102, 1.1745, 0.050293, 1.1745, -0.7358398, 1.1745, -0.2382812, 0.0451731, 0.0008392, 1.1745, 0.1879883, 1.1745, -0.7207031, 1.1745, -0.0375977, , , , , , , , , , , , , , , , , , , , , , 
0.0456923, 0.0152743, 1.188, -0.1049805, 1.188, -0.7788086, 1.188, -0.0605469, 0.0456923, -0.0062104, 1.188, 0.1245117, 1.188, -0.6914062, 1.188, -0.1220703, 0.0456923, -0.0082246, 1.188, 0.0708008, 1.188, -0.730957, 1.188, -0.234375, 0.0456923, -0.0031891, 1.188, 0.2045898, 1.188, -0.7207031, 1.188, -0.03125, , , , , , , , , , , , , , , , , , , , , , 
0.0462115, 0.0132601, 1.2015, -0.0874023, 1.2015, -0.8051758, 1.2015, -0.0478516, 0.0462115, -0.0065461, 1.2015, 0.1015625, 1.2015, -0.7241211, 1.2015, -0.1108398, 0.0462115, -0.0062104, 1.2015, 0.1113281, 1.2015, -0.7050781, 1.2015, -0.2529297, 0.0462115, -0.0082246, 1.2015, 0.2055664, 1.2015, -0.7114258, 1.2015, -0.0239258, , , , , , , , , , , , , , , , , , , , , , 
0.0467308, 0.0139315, 1.215, -0.1357422, 1.215, -0.8310547, 1.215, -0.0263672, 0.0467308, -0.0082246, 1.215, 0.0751953, 1.215, -0.7734375, 1.215, -0.140625, 0.0467308, -0.0063783, 1.215, 0.1469727, 1.215, -0.703125, 1.215, -0.2880859, 0.0467308, -0.012253, 1.215, 0.2124023, 1.215, -0.7197266, 1.215, -0.0263672, , , , , , , , , , , , , , , , , , , , , , 
0.04725, 0.01561, 1.2285, -0.1757812, 1.2285, -0.8344727, 1.2285, -0.0380859, 0.04725, -0.0075532, 1.2285, 0.0830078, 1.2285, -0.824707, 1.2285, -0.1611328, 0.04725, -0.0095674, 1.2285, 0.15625, 1.2285, -0.7612305, 1.2285, -0.3007812, 0.04725, -0.0142672, 1.2285, 0.2412109, 1.2285, -0.7695312, 1.2285, -0.0317383, , , , , , , , , , , , , , , , , , , , , , 
0.0477692, 0.0224918, 1.242, -0.2490234, 1.242, -0.8613281, 1.242, -0.0708008, 0.0477692, -0.0062104, 1.242, 0.1069336, 1.242, -0.8740234, 1.242, -0.1186523, 0.0477692, -0.0112459, 1.242, 0.1503906, 1.242, -0.8535156, 1.242, -0.2880859, 0.0477692, -0.0152743, 1.242, 0.2719727, 1.242, -0.8481445, 1.242, -0.0131836, , , , , , , , , , , , , , , , , , , , , , 
0.0482885, 0.0240024, 1.2555, -0.2602539, 1.2555, -0.9013672, 1.2555, -0.0703125, 0.0482885, -0.0048676, 1.2555, 0.1445312, 1.2555, -0.9018555, 1.2555, -0.1074219, 0.0482885, -0.0102388, 1.2555, 0.1245117, 1.2555, -0.8989258, 1.2555, -0.3198242, 0.0482885, -0.0140993, 1.2555, 0.265625, 1.2555, -0.9135742, 1.2555, 0.0195312, , , , , , , , , , , , , , , , , , , , , , 
0.0488077, 0.0186313, 1.269, -0.2138672, 1.269, -0.9550781, 1.269, -0.0488281, 0.0488077, -0.0058747, 1.269, 0.1694336, 1.269, -0.934082, 1.269, -0.1030273, 0.0488077, -0.0085603, 1.269, 0.1035156, 1.269, -0.934082, 1.269, -0.3339844, 0.0488077, -0.0115816, 1.269, 0.2636719, 1.269, -0.9501953, 1.269, 0.0371094, , , , , , , , , , , , , , , , , , , , , , 
0.0493269, 0.0132601, 1.2825, -0.1591797, 1.2825, -1.0078125, 1.2825, -0.0375977, 0.0493269, -0.0062104, 1.2825, 0.1835938, 1.2825, -0.9785156, 1.2825, -0.09375, 0.0493269, -0.0083925, 1.2825, 0.1044922, 1.2825, -0.9560547, 1.2825, -0.3359375, 0.0493269, -0.0090639, 1.2825, 0.2709961, 1.2825, -0.9453125, 1.2825, 0.0336914, , , , , , , , , , , , , , , , , , , , , , 
0.0498462, 0.0139315, 1.296, -0.1572266, 1.296, -1.0366211, 1.296, -0.0239258, 0.0498462, -0.005539, 1.296, 0.1938477, 1.296, -0.9985352, 1.296, -0.1030273, 0.0498462, -0.008896, 1.296, 0.1166992, 1.296, -0.9746094, 1.296, -0.3300781, 0.0498462, -0.0041962, 1.296, 0.2563477, 1.296, -0.9213867, 1.296, 0.0224609, , , , , , , , , , , , , , , , , , , , , , 
0.0503654, 0.0139315, 1.3095, -0.1699219, 1.3095, -1.0322266, 1.3095, -0.0180664, 0.0503654, -0.0045319, 1.3095, 0.2055664, 1.3095, -1.015625, 1.3095, -0.1308594, 0.0503654, -0.0090639, 1.3095, 0.1210938, 1.3095, -0.9501953, 1.3095, -0.3608398, 0.0503654, 0.0045319, 1.3095, 0.2324219, 1.3095, -0.9169922, 1.3095, 0.0253906, , , , , , , , , , , , , , , , , , , , , , 
0.0508846, 0.0112459, 1.323, -0.1601562, 1.323, -1.0449219, 1.323, -0.0454102, 0.0508846, -0.0043641, 1.323, 0.1831055, 1.323, -1.0234375, 1.323, -0.1503906, 0.0508846, -0.0099031, 1.323, 0.1206055, 1.323, -0.90625, 1.323, -0.4194336, 0.0508846, 0.0129244, 1.323, 0.2226562, 1.323, -0.9296875, 1.323, 0.0390625, , , , , , , , , , , , , , , , , , , , , , 
0.0514038, 0.0031891, 1.3365, -0.175293, 1.3365, -1.0639648, 1.3365, -0.050293, 0.0514038, -0.0035248, 1.3365, 0.1518555, 1.3365, -1.0117188, 1.3365, -0.1762695, 0.0514038, -0.0104067, 1.3365, 0.1401367, 1.3365, -0.9257812, 1.3365, -0.3994141, 0.0514038, 0.0164492, 1.3365, 0.2475586, 1.3365, -0.9702148, 1.3365, 0.065918, , , , , , , , , , , , , , , , , , , , , , 
0.0519231, -0.0045319, 1.35, -0.1704102, 1.35, -1.1191406, 1.35, -0.0405273, 0.0519231, -0.0035248, 1.35, 0.1381836, 1.35, -1.0366211, 1.35, -0.1435547, 0.0519231, -0.0109102, 1.35, 0.15625, 1.35, -0.9946289, 1.35, -0.3823242, 0.0519231, 0.0196384, 1.35, 0.3305664, 1.35, -1.0083008, 1.35, 0.0693359, , , , , , , , , , , , , , , , , , , , , , 
0.0524423, -0.0072175, 1.3635, -0.2304688, 1.3635, -1.1479492, 1.3635, -0.0732422, 0.0524423, -0.0045319, 1.3635, 0.1586914, 1.3635, -1.0859375, 1.3635, -0.1118164, 0.0524423, -0.0109102, 1.3635, 0.1435547, 1.3635, -1.0297852, 1.3635, -0.4042969, 0.0524423, 0.024506, 1.3635, 0.3886719, 1.3635, -1.0195312, 1.3635, 0.0541992, , , , , , , , , , , , , , , , , , , , , , 
0.0529615, -0.005539, 1.377, -0.3056641, 1.377, -1.1665039, 1.377, -0.0307617, 0.0529615, -0.0048676, 1.377, 0.1923828, 1.377, -1.1210938, 1.377, -0.1108398, 0.0529615, -0.0092317, 1.377, 0.1313477, 1.377, -1.0131836, 1.377, -0.4335938, 0.0529615, 0.0292058, 1.377, 0.3710938, 1.377, -1.0126953, 1.377, 0.0200195, , , , , , , , , , , , , , , , , , , , , , 
0.0534808, -0.0011749, 1.3905, -0.3085938, 1.3905, -1.1679688, 1.3905, -0.0009766, 0.0534808, -0.005539, 1.3905, 0.2246094, 1.3905, -1.1367188, 1.3905, -0.1362305, 0.0534808, -0.008896, 1.3905, 0.1689453, 1.3905, -1.0053711, 1.3905, -0.4384766, 0.0534808, 0.0347448, 1.3905, 0.3710938, 1.3905, -1.0214844, 1.3905, 0.0058594, , , , , , , , , , , , , , , , , , , , , , 
0.054, -0.0001678, 1.404, -0.262207, 1.404, -1.1708984, 1.404, 0.0063477, 0.054, -0.0068818, 1.404, 0.2670898, 1.404, -1.1518555, 1.404, -0.1337891, 0.054, -0.0092317, 1.404, 0.2475586, 1.404, -1.0527344, 1.404, -0.4238281, 0.054, 0.0387732, 1.404, 0.4194336, 1.404, -1.0537109, 1.404, 0.0141602, , , , , , , , , , , , , , , , , , , , , , 
0.0545192, -0.0011749, 1.4175, -0.2573242, 1.4175, -1.1782227, 1.4175, 0.0043945, 0.0545192, -0.0072175, 1.4175, 0.2880859, 1.4175, -1.1542969, 1.4175, -0.1303711, 0.0545192, -0.008896, 1.4175, 0.2739258, 1.4175, -1.0834961, 1.4175, -0.4204102, 0.0545192, 0.0404517, 1.4175, 0.4697266, 1.4175, -1.0761719, 1.4175, 0.0322266, , , , , , , , , , , , , , , , , , , , , , 
0.0550385, 0.0028534, 1.431, -0.2861328, 1.431, -1.2324219, 1.431, 0.0209961, 0.0550385, -0.0085603, 1.431, 0.3535156, 1.431, -1.1748047, 1.431, -0.0683594, 0.0550385, -0.0083925, 1.431, 0.2788086, 1.431, -1.109375, 1.431, -0.4262695, 0.0550385, 0.0414588, 1.431, 0.4746094, 1.431, -1.0991211, 1.431, 0.0517578, , , , , , , , , , , , , , , , , , , , , , 
0.0555577, 0.0099031, 1.4445, -0.3339844, 1.4445, -1.269043, 1.4445, 0.0336914, 0.0555577, -0.0082246, 1.4445, 0.4233398, 1.4445, -1.2167969, 1.4445, -0.0073242, 0.0555577, -0.0060426, 1.4445, 0.2631836, 1.4445, -1.1118164, 1.4445, -0.4301758, 0.0555577, 0.0381018, 1.4445, 0.4453125, 1.4445, -1.1425781, 1.4445, 0.0449219, , , , , , , , , , , , , , , , , , , , , , 
0.0560769, 0.0146029, 1.458, -0.4575195, 1.458, -1.28125, 1.458, 0.059082, 0.0560769, -0.0078889, 1.458, 0.4833984, 1.458, -1.2587891, 1.458, 0.0141602, 0.0560769, -0.0048676, 1.458, 0.2358398, 1.458, -1.1303711, 1.458, -0.4360352, 0.0560769, 0.0320592, 1.458, 0.4204102, 1.458, -1.1870117, 1.458, 0.0371094, , , , , , , , , , , , , , , , , , , , , , 
0.0565962, 0.0179599, 1.4715, -0.4921875, 1.4715, -1.2583008, 1.4715, 0.0791016, 0.0565962, -0.0063783, 1.4715, 0.5170898, 1.4715, -1.2641602, 1.4715, -0.0288086, 0.0565962, -0.0063783, 1.4715, 0.230957, 1.4715, -1.1855469, 1.4715, -0.402832, 0.0565962, 0.0283665, 1.4715, 0.4038086, 1.4715, -1.1987305, 1.4715, 0.0371094, , , , , , , , , , , , , , , , , , , , , , 
0.0571154, 0.0246738, 1.485, -0.4545898, 1.485, -1.2128906, 1.485, 0.0874023, 0.0571154, -0.0057069, 1.485, 0.515625, 1.485, -1.2285156, 1.485, -0.0546875, 0.0571154, -0.0092317, 1.485, 0.2294922, 1.485, -1.2041016, 1.485, -0.3989258, 0.0571154, 0.0253452, 1.485, 0.3603516, 1.485, -1.1640625, 1.485, 0.0595703, , , , , , , , , , , , , , , , , , , , , , 
0.0576346, 0.0307164, 1.4985, -0.4379883, 1.4985, -1.1762695, 1.4985, 0.1181641, 0.0576346, -0.005539, 1.4985, 0.4711914, 1.4985, -1.159668, 1.4985, -0.0913086, 0.0576346, -0.0082246, 1.4985, 0.1835938, 1.4985, -1.1943359, 1.4985, -0.4101562, 0.0576346, 0.0253452, 1.4985, 0.3110352, 1.4985, -1.1337891, 1.4985, 0.0820312, , , , , , , , , , , , , , , , , , , , , , 
0.0581538, 0.0330663, 1.512, -0.5, 1.512, -1.1699219, 1.512, 0.1245117, 0.0581538, -0.0057069, 1.512, 0.4291992, 1.512, -1.1142578, 1.512, -0.074707, 0.0581538, -0.0082246, 1.512, 0.1542969, 1.512, -1.1835938, 1.512, -0.4350586, 0.0581538, 0.0226596, 1.512, 0.3295898, 1.512, -1.1542969, 1.512, 0.0649414, , , , , , , , , , , , , , , , , , , , , , 
0.0586731, 0.0303807, 1.5255, -0.5917969, 1.5255, -1.1875, 1.5255, 0.1474609, 0.0586731, -0.0072175, 1.5255, 0.4238281, 1.5255, -1.1196289, 1.5255, -0.0332031, 0.0586731, -0.0102388, 1.5255, 0.1850586, 1.5255, -1.2070312, 1.5255, -0.4389648, 0.0586731, 0.0176242, 1.5255, 0.4199219, 1.5255, -1.1982422, 1.5255, 0.0219727, , , , , , , , , , , , , , , , , , , , , , 
0.0591923, 0.0229953, 1.539, -0.6601562, 1.539, -1.1962891, 1.539, 0.1445312, 0.0591923, -0.0095674, 1.539, 0.4550781, 1.539, -1.1342773, 1.539, -0.0087891, 0.0591923, -0.0109102, 1.539, 0.2431641, 1.539, -1.2675781, 1.539, -0.4301758, 0.0591923, 0.0151064, 1.539, 0.4833984, 1.539, -1.2519531, 1.539, -0.0180664, , , , , , , , , , , , , , , , , , , , , , 
0.0597115, 0.0203098, 1.5525, -0.6938477, 1.5525, -1.1987305, 1.5525, 0.1333008, 0.0597115, -0.0102388, 1.5525, 0.5898438, 1.5525, -1.2001953, 1.5525, 0.074707, 0.0597115, -0.0109102, 1.5525, 0.2724609, 1.5525, -1.2988281, 1.5525, -0.4350586, 0.0597115, 0.0139315, 1.5525, 0.4887695, 1.5525, -1.3032227, 1.5525, -0.0029297, , , , , , , , , , , , , , , , , , , , , , 
0.0602308, 0.0196384, 1.566, -0.7109375, 1.566, -1.2260742, 1.566, 0.1499023, 0.0602308, -0.0102388, 1.566, 0.7075195, 1.566, -1.2412109, 1.566, 0.0966797, 0.0602308, -0.0115816, 1.566, 0.2900391, 1.566, -1.3369141, 1.566, -0.4594727, 0.0602308, 0.0112459, 1.566, 0.4882812, 1.566, -1.3344727, 1.566, 0.0473633, , , , , , , , , , , , , , , , , , , , , , 
0.06075, 0.0182956, 1.5795, -0.6523438, 1.5795, -1.2670898, 1.5795, 0.1342773, 0.06075, -0.0109102, 1.5795, 0.7563477, 1.5795, -1.2529297, 1.5795, 0.078125, 0.06075, -0.0147707, 1.5795, 0.2929688, 1.5795, -1.3535156, 1.5795, -0.4736328, 0.06075, 0.0092317, 1.5795, 0.4604492, 1.5795, -1.340332, 1.5795, 0.0512695, , , , , , , , , , , , , , , , , , , , , , 
0.0612692, 0.0196384, 1.593, -0.6171875, 1.593, -1.3139648, 1.593, 0.1503906, 0.0612692, -0.0102388, 1.593, 0.7016602, 1.593, -1.2368164, 1.593, 0.0400391, 0.0612692, -0.0152743, 1.593, 0.3012695, 1.593, -1.3852539, 1.593, -0.4443359, 0.0612692, 0.0092317, 1.593, 0.4086914, 1.593, -1.3564453, 1.593, 0.0195312, , , , , , , , , , , , , , , , , , , , , , 
0.0617885, 0.0213169, 1.6065, -0.6796875, 1.6065, -1.2749023, 1.6065, 0.0947266, 0.0617885, -0.0095674, 1.6065, 0.7314453, 1.6065, -1.2578125, 1.6065, 0.1279297, 0.0617885, -0.0112459, 1.6065, 0.2568359, 1.6065, -1.4008789, 1.6065, -0.4389648, 0.0617885, 0.008896, 1.6065, 0.418457, 1.6065, -1.3857422, 1.6065, 0.0195312, , , , , , , , , , , , , , , , , , , , , , 
0.0623077, 0.0166171, 1.62, -0.8876953, 1.62, -1.1826172, 1.62, 0.1420898, 0.0623077, -0.0102388, 1.62, 0.6337891, 1.62, -1.2788086, 1.62, 0.1186523, 0.0623077, -0.0087282, 1.62, 0.2382812, 1.62, -1.3754883, 1.62, -0.4550781, 0.0623077, 0.0077211, 1.62, 0.4433594, 1.62, -1.4072266, 1.62, 0.027832, , , , , , , , , , , , , , , , , , , , , , 
0.0628269, 0.0149386, 1.6335, -1.0493164, 1.6335, -1.1279297, 1.6335, 0.1889648, 0.0628269, -0.0095674, 1.6335, 0.4838867, 1.6335, -1.2685547, 1.6335, 0.0712891, 0.0628269, -0.0082246, 1.6335, 0.3276367, 1.6335, -1.3813477, 1.6335, -0.4350586, 0.0628269, 0.0090639, 1.6335, 0.4614258, 1.6335, -1.4375, 1.6335, 0.0654297, , , , , , , , , , , , , , , , , , , , , , 
0.0633462, 0.0179599, 1.647, -1, 1.647, -1.1396484, 1.647, 0.2504883, 0.0633462, -0.0082246, 1.647, 0.6870117, 1.647, -1.2573242, 1.647, 0.1323242, 0.0633462, -0.0092317, 1.647, 0.4453125, 1.647, -1.4248047, 1.647, -0.4506836, 0.0633462, 0.0099031, 1.647, 0.4511719, 1.647, -1.4345703, 1.647, 0.1362305, , , , , , , , , , , , , , , , , , , , , , 
0.0638654, 0.0184634, 1.6605, -0.8623047, 1.6605, -1.1499023, 1.6605, 0.2939453, 0.0638654, -0.008896, 1.6605, 0.8725586, 1.6605, -1.2460938, 1.6605, 0.1489258, 0.0638654, -0.0095674, 1.6605, 0.4443359, 1.6605, -1.4243164, 1.6605, -0.5341797, 0.0638654, 0.0092317, 1.6605, 0.4838867, 1.6605, -1.4287109, 1.6605, 0.1870117, , , , , , , , , , , , , , , , , , , , , , 
0.0643846, 0.0151064, 1.674, -0.8115234, 1.674, -1.1186523, 1.674, 0.2543945, 0.0643846, -0.008896, 1.674, 1.1245117, 1.674, -1.2509766, 1.674, 0.1523438, 0.0643846, -0.0102388, 1.674, 0.4174805, 1.674, -1.4223633, 1.674, -0.5429688, 0.0643846, 0.0085603, 1.674, 0.4868164, 1.674, -1.4755859, 1.674, 0.2055664, , , , , , , , , , , , , , , , , , , , , , 
0.0649038, 0.014435, 1.6875, -0.9067383, 1.6875, -1.0717773, 1.6875, 0.2460938, 0.0649038, -0.0058747, 1.6875, 1.0795898, 1.6875, -1.2666016, 1.6875, 0.1459961, 0.0649038, -0.0102388, 1.6875, 0.378418, 1.6875, -1.4277344, 1.6875, -0.5375977, 0.0649038, 0.0085603, 1.6875, 0.4423828, 1.6875, -1.5126953, 1.6875, 0.2270508, , , , , , , , , , , , , , , , , , , , , , 
0.0654231, 0.0199741, 1.701, -1.0117188, 1.701, -1.015625, 1.701, 0.2685547, 0.0654231, -0.0035248, 1.701, 0.8764648, 1.701, -1.2402344, 1.701, 0.1557617, 0.0654231, -0.0095674, 1.701, 0.3828125, 1.701, -1.4169922, 1.701, -0.484375, 0.0654231, 0.0058747, 1.701, 0.3720703, 1.701, -1.4819336, 1.701, 0.2163086, , , , , , , , , , , , , , , , , , , , , , 
0.0659423, 0.0219883, 1.7145, -1.090332, 1.7145, -0.949707, 1.7145, 0.2470703, 0.0659423, -0.0045319, 1.7145, 0.7485352, 1.7145, -1.1586914, 1.7145, 0.1791992, 0.0659423, -0.0068818, 1.7145, 0.3837891, 1.7145, -1.4438477, 1.7145, -0.4228516, 0.0659423, 0.0031891, 1.7145, 0.3232422, 1.7145, -1.4311523, 1.7145, 0.2119141, , , , , , , , , , , , , , , , , , , , , , 
0.0664615, 0.0206455, 1.728, -1.1293945, 1.728, -0.9052734, 1.728, 0.2285156, 0.0664615, -0.005539, 1.728, 0.8022461, 1.728, -1.0917969, 1.728, 0.2719727, 0.0664615, -0.0057069, 1.728, 0.3535156, 1.728, -1.4467773, 1.728, -0.3999023, 0.0664615, -0.0008392, 1.728, 0.3188477, 1.728, -1.3979492, 1.728, 0.2387695, , , , , , , , , , , , , , , , , , , , , , 
0.0669808, 0.0206455, 1.7415, -1.1972656, 1.7415, -0.7714844, 1.7415, 0.2202148, 0.0669808, -0.0045319, 1.7415, 0.9189453, 1.7415, -1.0625, 1.7415, 0.2954102, 0.0669808, -0.0065461, 1.7415, 0.4106445, 1.7415, -1.4335938, 1.7415, -0.3393555, 0.0669808, -0.0041962, 1.7415, 0.3320312, 1.7415, -1.3857422, 1.7415, 0.2641602, , , , , , , , , , , , , , , , , , , , , , 
0.0675, 0.0172885, 1.755, -1.1787109, 1.755, -0.6035156, 1.755, 0.1308594, 0.0675, -0.0046998, 1.755, 0.9238281, 1.755, -1.0024414, 1.755, 0.1005859, 0.0675, -0.0065461, 1.755, 0.4741211, 1.755, -1.4145508, 1.755, -0.2714844, 0.0675, -0.0057069, 1.755, 0.2988281, 1.755, -1.3666992, 1.755, 0.2133789, , , , , , , , , , , , , , , , , , , , , , 
0.0680192, 0.011078, 1.7685, -0.6791992, 1.7685, -0.7148438, 1.7685, 0.0615234, 0.0680192, -0.0075532, 1.7685, 1.1391602, 1.7685, -0.8173828, 1.7685, -0.2202148, 0.0680192, -0.0072175, 1.7685, 0.4663086, 1.7685, -1.4506836, 1.7685, -0.1860352, 0.0680192, -0.0078889, 1.7685, 0.2319336, 1.7685, -1.3476562, 1.7685, 0.1313477, , , , , , , , , , , , , , , , , , , , , , 
0.0685385, 0.0109102, 1.782, 0.328125, 1.782, -1.5361328, 1.782, 0.7368164, 0.0685385, -0.0105745, 1.782, 1.1376953, 1.782, -0.6430664, 1.782, -0.996582, 0.0685385, -0.0095674, 1.782, 0.3916016, 1.782, -1.2675781, 1.782, -0.5063477, 0.0685385, -0.0090639, 1.782, 0.1518555, 1.782, -1.3134766, 1.782, -0.1171875, , , , , , , , , , , , , , , , , , , , , , 
0.0690577, 0.0166171, 1.7955, 0.4570312, 1.7955, -1.8051758, 1.7955, 0.7651367, 0.0690577, -0.0097353, 1.7955, 0.4482422, 1.7955, -0.3183594, 1.7955, -0.2241211, 0.0690577, -0.012253, 1.7955, 0.0727539, 1.7955, -1.0224609, 1.7955, -0.7919922, 0.0690577, -0.0107424, 1.7955, 0.5478516, 1.7955, -1.2084961, 1.7955, -0.2041016, , , , , , , , , , , , , , , , , , , , , , 
0.0695769, 0.0172885, 1.809, -1.1381836, 1.809, -1.090332, 1.809, -0.2822266, 0.0695769, -0.0095674, 1.809, 0.4682617, 1.809, -1.2651367, 1.809, 0.8266602, 0.0695769, -0.0129244, 1.809, -0.0200195, 1.809, -0.8959961, 1.809, -0.9560547, 0.0695769, -0.0095674, 1.809, 1.3144531, 1.809, -0.9199219, 1.809, -0.2626953, , , , , , , , , , , , , , , , , , , , , , 
0.0700962, 0.0142672, 1.8225, -2.078125, 1.8225, -0.2070312, 1.8225, 0.0009766, 0.0700962, -0.0082246, 1.8225, 0.6958008, 1.8225, -1.4272461, 1.8225, -0.3779297, 0.0700962, -0.0115816, 1.8225, 0.2905273, 1.8225, -0.9145508, 1.8225, -0.4106445, 0.0700962, -0.0045319, 1.8225, 1.0561523, 1.8225, -1.0229492, 1.8225, -0.1962891, , , , , , , , , , , , , , , , , , , , , , 
0.0706154, 0.0099031, 1.836, -0.7514648, 1.836, -0.4824219, 1.836, -0.1782227, 0.0706154, -0.0068818, 1.836, 1.1972656, 1.836, -0.8183594, 1.836, 0.3461914, 0.0706154, -0.0102388, 1.836, 0.6044922, 1.836, -1.1875, 1.836, -0.1474609, 0.0706154, 0.0025177, 1.836, 0.1645508, 1.836, -1.0839844, 1.836, -0.1108398, , , , , , , , , , , , , , , , , , , , , , 
0.0711346, 0.0085603, 1.8495, -0.0698242, 1.8495, -0.9389648, 1.8495, 0.1181641, 0.0711346, -0.0068818, 1.8495, 0.5600586, 1.8495, -0.4506836, 1.8495, 0.2929688, 0.0711346, -0.0085603, 1.8495, 0.1474609, 1.8495, -1.1103516, 1.8495, -0.612793, 0.0711346, 0.0083925, 1.8495, -0.0449219, 1.8495, -0.9804688, 1.8495, -0.1342773, , , , , , , , , , , , , , , , , , , , , , 
0.0716538, 0.0065461, 1.863, -0.6796875, 1.863, -0.9682617, 1.863, 0.2597656, 0.0716538, -0.008896, 1.863, 0.0581055, 1.863, -0.4711914, 1.863, 0.1894531, 0.0716538, -0.0068818, 1.863, -0.2080078, 1.863, -1.0478516, 1.863, -0.3779297, 0.0716538, 0.0107424, 1.863, 0.340332, 1.863, -1.0102539, 1.863, 0.0253906, , , , , , , , , , , , , , , , , , , , , , 
0.0721731, 0.0045319, 1.8765, -0.6899414, 1.8765, -0.6811523, 1.8765, 0.0512695, 0.0721731, -0.0085603, 1.8765, 0.628418, 1.8765, -0.8251953, 1.8765, 0.1274414, 0.0721731, -0.0062104, 1.8765, -0.1000977, 1.8765, -1.0107422, 1.8765, -0.402832, 0.0721731, 0.0132601, 1.8765, 0.2890625, 1.8765, -1.0561523, 1.8765, 0.1694336, , , , , , , , , , , , , , , , , , , , , , 
0.0726923, 0.0006714, 1.89, -0.6962891, 1.89, -0.7539062, 1.89, 0.1938477, 0.0726923, -0.008896, 1.89, 1.0249023, 1.89, -1.1450195, 1.89, 0.0087891, 0.0726923, -0.0062104, 1.89, 0.1860352, 1.89, -0.9838867, 1.89, -0.5341797, 0.0726923, 0.0199741, 1.89, 0.1162109, 1.89, -1.0224609, 1.89, 0.0839844, , , , , , , , , , , , , , , , , , , , , , 
0.0732115, -0.0015106, 1.9035, -0.8735352, 1.9035, -1.1098633, 1.9035, 0.378418, 0.0732115, -0.0090639, 1.9035, 0.9238281, 1.9035, -1.2363281, 1.9035, 0.0605469, 0.0732115, -0.005539, 1.9035, 0.3652344, 1.9035, -1.0668945, 1.9035, -0.4458008, 0.0732115, 0.026688, 1.9035, 0.3891602, 1.9035, -1.090332, 1.9035, 0.0063477, , , , , , , , , , , , , , , , , , , , , , 
0.0737308, 0.0015106, 1.917, -0.7124023, 1.917, -1.1323242, 1.917, 0.2324219, 0.0737308, -0.0082246, 1.917, 0.7607422, 1.917, -1.1889648, 1.917, -0.0200195, 0.0737308, -0.005539, 1.917, 0.4838867, 1.917, -1.1381836, 1.917, -0.487793, 0.0737308, 0.0303807, 1.917, 0.5244141, 1.917, -1.1733398, 1.917, 0.0517578, , , , , , , , , , , , , , , , , , , , , , 
0.07425, 0.0025177, 1.9305, -0.534668, 1.9305, -1.0854492, 1.9305, 0.3886719, 0.07425, -0.0075532, 1.9305, 0.6582031, 1.9305, -1.0644531, 1.9305, -0.0605469, 0.07425, -0.0038605, 1.9305, 0.5063477, 1.9305, -1.1342773, 1.9305, -0.5273438, 0.07425, 0.0327306, 1.9305, 0.5966797, 1.9305, -1.3027344, 1.9305, 0.2070312, , , , , , , , , , , , , , , , , , , , , , 
0.0747692, 0.0043641, 1.944, -0.6606445, 1.944, -1.140625, 1.944, 0.4106445, 0.0747692, -0.0077211, 1.944, 0.699707, 1.944, -1.168457, 1.944, -0.0942383, 0.0747692, -0.002182, 1.944, 0.5058594, 1.944, -1.1240234, 1.944, -0.5366211, 0.0747692, 0.036759, 1.944, 0.6352539, 1.944, -1.2651367, 1.944, 0.2319336, , , , , , , , , , , , , , , , , , , , , , 
0.0752885, 0.0072175, 1.9575, -0.8037109, 1.9575, -1.1479492, 1.9575, 0.3168945, 0.0752885, -0.0082246, 1.9575, 0.6879883, 1.9575, -1.2724609, 1.9575, -0.0180664, 0.0752885, -0.0008392, 1.9575, 0.4799805, 1.9575, -1.1606445, 1.9575, -0.5634766, 0.0752885, 0.0387732, 1.9575, 0.5917969, 1.9575, -1.206543, 1.9575, 0.1606445, , , , , , , , , , , , , , , , , , , , , , 
0.0758077, 0.0038605, 1.971, -0.8076172, 1.971, -1.1347656, 1.971, 0.2504883, 0.0758077, -0.0068818, 1.971, 0.7387695, 1.971, -1.3144531, 1.971, 0.0820312, 0.0758077, -0.0015106, 1.971, 0.3588867, 1.971, -1.1982422, 1.971, -0.5571289, 0.0758077, 0.036759, 1.971, 0.4526367, 1.971, -1.2646484, 1.971, 0.1762695, , , , , , , , , , , , , , , , , , , , , , 
0.0763269, -0.0010071, 1.9845, -0.7949219, 1.9845, -1.1835938, 1.9845, 0.222168, 0.0763269, -0.0058747, 1.9845, 0.6845703, 1.9845, -1.3227539, 1.9845, 0.1381836, 0.0763269, -0.0048676, 1.9845, 0.2749023, 1.9845, -1.2216797, 1.9845, -0.578125, 0.0763269, 0.0320592, 1.9845, 0.4018555, 1.9845, -1.3476562, 1.9845, 0.1386719, , , , , , , , , , , , , , , , , , , , , , 
0.0768462, 0.002182, 1.998, -0.7924805, 1.998, -1.2231445, 1.998, 0.1855469, 0.0768462, -0.0048676, 1.998, 0.715332, 1.998, -1.2412109, 1.998, 0.1625977, 0.0768462, -0.0065461, 1.998, 0.2250977, 1.998, -1.2739258, 1.998, -0.5297852, 0.0768462, 0.0273594, 1.998, 0.4204102, 1.998, -1.3579102, 1.998, 0.0512695, , , , , , , , , , , , , , , , , , , , , , 
0.0773654, 0.0105745, 2.0115, -0.7680664, 2.0115, -1.1777344, 2.0115, 0.1650391, 0.0773654, -0.0041962, 2.0115, 0.6967773, 2.0115, -1.1352539, 2.0115, 0.2055664, 0.0773654, -0.0057069, 2.0115, 0.1469727, 2.0115, -1.2592773, 2.0115, -0.5424805, 0.0773654, 0.0240024, 2.0115, 0.4165039, 2.0115, -1.2871094, 2.0115, 0.0131836, , , , , , , , , , , , , , , , , , , , , , 
0.0778846, 0.0174563, 2.025, -0.8139648, 2.025, -1.112793, 2.025, 0.1689453, 0.0778846, -0.0036927, 2.025, 0.7036133, 2.025, -1.121582, 2.025, 0.2421875, 0.0778846, -0.0035248, 2.025, 0.1953125, 2.025, -1.2324219, 2.025, -0.5668945, 0.0778846, 0.021149, 2.025, 0.4458008, 2.025, -1.215332, 2.025, -0.0463867, , , , , , , , , , , , , , , , , , , , , , 
0.0784038, 0.0206455, 2.0385, -0.8710938, 2.0385, -1.0698242, 2.0385, 0.1987305, 0.0784038, -0.0030213, 2.0385, 0.7758789, 2.0385, -1.1484375, 2.0385, 0.2158203, 0.0784038, -0.0041962, 2.0385, 0.277832, 2.0385, -1.2250977, 2.0385, -0.5541992, 0.0784038, 0.0166171, 2.0385, 0.5703125, 2.0385, -1.2158203, 2.0385, -0.050293, , , , , , , , , , , , , , , , , , , , , , 
0.0789231, 0.0223239, 2.052, -0.8676758, 2.052, -1.0673828, 2.052, 0.2275391, 0.0789231, -0.0025177, 2.052, 0.8349609, 2.052, -1.1430664, 2.052, 0.1826172, 0.0789231, -0.0075532, 2.052, 0.3081055, 2.052, -1.2250977, 2.052, -0.5234375, 0.0789231, 0.0139315, 2.052, 0.6606445, 2.052, -1.2475586, 2.052, -0.0327148, , , , , , , , , , , , , , , , , , , , , , 
0.0794423, 0.0213169, 2.0655, -0.8227539, 2.0655, -1.074707, 2.0655, 0.2695312, 0.0794423, -0.0045319, 2.0655, 0.8354492, 2.0655, -1.1142578, 2.0655, 0.1748047, 0.0794423, -0.0102388, 2.0655, 0.324707, 2.0655, -1.2211914, 2.0655, -0.4814453, 0.0794423, 0.0125887, 2.0655, 0.59375, 2.0655, -1.246582, 2.0655, 0.0087891, , , , , , , , , , , , , , , , , , , , , , 
0.0799615, 0.0219883, 2.079, -0.7832031, 2.079, -1.043457, 2.079, 0.2802734, 0.0799615, -0.0068818, 2.079, 0.7836914, 2.079, -1.0410156, 2.079, 0.171875, 0.0799615, -0.0099031, 2.079, 0.362793, 2.079, -1.2255859, 2.079, -0.5102539, 0.0799615, 0.012253, 2.079, 0.5239258, 2.079, -1.2402344, 2.079, 0.0224609, , , , , , , , , , , , , , , , , , , , , , 
0.0804808, 0.0229953, 2.0925, -0.8017578, 2.0925, -1.0341797, 2.0925, 0.2426758, 0.0804808, -0.0082246, 2.0925, 0.8081055, 2.0925, -1.0253906, 2.0925, 0.1879883, 0.0804808, -0.0085603, 2.0925, 0.3657227, 2.0925, -1.2099609, 2.0925, -0.5166016, 0.0804808, 0.0112459, 2.0925, 0.4453125, 2.0925, -1.2138672, 2.0925, 0.0205078, , , , , , , , , , , , , , , , , , , , , , 
0.081, 0.0229953, 2.106, -0.8447266, 2.106, -1.0024414, 2.106, 0.2680664, 0.081, -0.0099031, 2.106, 0.7631836, 2.106, -1.0317383, 2.106, 0.0668945, 0.081, -0.0109102, 2.106, 0.2519531, 2.106, -1.1625977, 2.106, -0.5366211, 0.081, 0.0095674, 2.106, 0.4956055, 2.106, -1.1791992, 2.106, 0.0454102, , , , , , , , , , , , , , , , , , , , , , 
0.0815192, 0.0198062, 2.1195, -0.8422852, 2.1195, -0.9238281, 2.1195, 0.3374023, 0.0815192, -0.0112459, 2.1195, 0.7099609, 2.1195, -0.9921875, 2.1195, 0.1044922, 0.0815192, -0.0119173, 2.1195, 0.21875, 2.1195, -1.1201172, 2.1195, -0.5576172, 0.0815192, 0.0078889, 2.1195, 0.5561523, 2.1195, -1.1577148, 2.1195, 0.0112305, , , , , , , , , , , , , , , , , , , , , , 
0.0820385, 0.0164492, 2.133, -0.7460938, 2.133, -0.972168, 2.133, 0.2749023, 0.0820385, -0.0102388, 2.133, 0.7407227, 2.133, -1.0019531, 2.133, 0.1923828, 0.0820385, -0.0104067, 2.133, 0.2231445, 2.133, -1.0986328, 2.133, -0.3603516, 0.0820385, 0.0065461, 2.133, 0.472168, 2.133, -1.1938477, 2.133, 0.0463867, , , , , , , , , , , , , , , , , , , , , , 
0.0825577, 0.0135958, 2.1465, -0.703125, 2.1465, -0.8886719, 2.1465, 0.2070312, 0.0825577, -0.008896, 2.1465, 0.7392578, 2.1465, -0.9667969, 2.1465, 0.1933594, 0.0825577, -0.008896, 2.1465, 0.28125, 2.1465, -1.1210938, 2.1465, -0.5078125, 0.0825577, 0.005539, 2.1465, 0.2172852, 2.1465, -1.1445312, 2.1465, 0.1474609, , , , , , , , , , , , , , , , , , , , , , 
0.0830769, 0.0105745, 2.16, -0.7641602, 2.16, -0.8413086, 2.16, 0.2133789, 0.0830769, -0.0092317, 2.16, 0.831543, 2.16, -0.8896484, 2.16, 0.2241211, 0.0830769, -0.0075532, 2.16, 0.3432617, 2.16, -1.1508789, 2.16, -0.5195312, 0.0830769, 0.0052033, 2.16, 0.1987305, 2.16, -1.0634766, 2.16, 0.0546875, , , , , , , , , , , , , , , , , , , , , , 
0.0835962, 0.008896, 2.1735, -0.8789062, 2.1735, -0.9321289, 2.1735, 0.2539062, 0.0835962, -0.0095674, 2.1735, 0.8623047, 2.1735, -0.9418945, 2.1735, 0.1938477, 0.0835962, -0.0083925, 2.1735, 0.2412109, 2.1735, -1.0932617, 2.1735, -0.4995117, 0.0835962, 0.0078889, 2.1735, 0.4838867, 2.1735, -1.1020508, 2.1735, 0.0424805, , , , , , , , , , , , , , , , , , , , , , 
0.0841154, 0.0112459, 2.187, -0.8588867, 2.187, -0.9233398, 2.187, 0.2006836, 0.0841154, -0.0082246, 2.187, 0.6821289, 2.187, -0.9624023, 2.187, 0.1748047, 0.0841154, -0.0077211, 2.187, 0.1933594, 2.187, -1.0429688, 2.187, -0.5991211, 0.0841154, 0.0092317, 2.187, 0.6225586, 2.187, -1.1313477, 2.187, 0.0117188, , , , , , , , , , , , , , , , , , , , , , 
0.0846346, 0.0132601, 2.2005, -0.7944336, 2.2005, -0.9384766, 2.2005, 0.1503906, 0.0846346, -0.0082246, 2.2005, 0.6455078, 2.2005, -0.9311523, 2.2005, 0.2885742, 0.0846346, -0.0065461, 2.2005, 0.1733398, 2.2005, -1.0483398, 2.2005, -0.59375, 0.0846346, 0.0072175, 2.2005, 0.5517578, 2.2005, -1.1411133, 2.2005, -0.0615234, , , , , , , , , , , , , , , , , , , , , , 
0.0851538, 0.0142672, 2.214, -0.824707, 2.214, -0.8896484, 2.214, 0.1425781, 0.0851538, -0.0099031, 2.214, 0.7348633, 2.214, -0.9428711, 2.214, 0.3261719, 0.0851538, -0.0062104, 2.214, 0.1005859, 2.214, -1.0742188, 2.214, -0.4589844, 0.0851538, 0.0035248, 2.214, 0.4150391, 2.214, -1.1142578, 2.214, 0.0283203, , , , , , , , , , , , , , , , , , , , , , 
0.0856731, 0.0119173, 2.2275, -0.8325195, 2.2275, -0.8061523, 2.2275, 0.1362305, 0.0856731, -0.0102388, 2.2275, 0.8110352, 2.2275, -0.8525391, 2.2275, 0.2041016, 0.0856731, -0.0072175, 2.2275, 0.1694336, 2.2275, -1.0893555, 2.2275, -0.5078125, 0.0856731, 0.0015106, 2.2275, 0.3388672, 2.2275, -1.0551758, 2.2275, 0.0605469, , , , , , , , , , , , , , , , , , , , , , 
0.0861923, 0.0119173, 2.241, -0.7895508, 2.241, -0.7119141, 2.241, 0.2294922, 0.0861923, -0.0068818, 2.241, 0.7416992, 2.241, -0.7768555, 2.241, 0.0810547, 0.0861923, -0.0078889, 2.241, 0.3100586, 2.241, -1.0249023, 2.241, -0.5551758, 0.0861923, -0.0018463, 2.241, 0.3574219, 2.241, -0.9067383, 2.241, 0.0214844, , , , , , , , , , , , , , , , , , , , , , 
0.0867115, 0.0169528, 2.2545, -0.7485352, 2.2545, -0.7573242, 2.2545, 0.3520508, 0.0867115, -0.0045319, 2.2545, 0.5908203, 2.2545, -0.7543945, 2.2545, 0.1186523, 0.0867115, -0.0090639, 2.2545, 0.375, 2.2545, -0.8945312, 2.2545, -0.5029297, 0.0867115, -0.005539, 2.2545, 0.5688477, 2.2545, -0.8818359, 2.2545, 0.0454102, , , , , , , , , , , , , , , , , , , , , , 
0.0872308, 0.0206455, 2.268, -0.6879883, 2.268, -0.7578125, 2.268, 0.2495117, 0.0872308, -0.0062104, 2.268, 0.5654297, 2.268, -0.7524414, 2.268, 0.1674805, 0.0872308, -0.0109102, 2.268, 0.394043, 2.268, -0.8286133, 2.268, -0.6049805, 0.0872308, -0.0078889, 2.268, 0.6362305, 2.268, -0.9648438, 2.268, 0.0932617, , , , , , , , , , , , , , , , , , , , , , 
0.08775, 0.0199741, 2.2815, -0.7407227, 2.2815, -0.8378906, 2.2815, 0.1274414, 0.08775, -0.0082246, 2.2815, 0.6953125, 2.2815, -0.8095703, 2.2815, 0.2880859, 0.08775, -0.0105745, 2.2815, 0.3051758, 2.2815, -0.9082031, 2.2815, -0.6079102, 0.08775, -0.0082246, 2.2815, 0.5664062, 2.2815, -1.0419922, 2.2815, 0.019043, , , , , , , , , , , , , , , , , , , , , , 
0.0882692, 0.0172885, 2.295, -0.8681641, 2.295, -0.8496094, 2.295, 0.0458984, 0.0882692, -0.0083925, 2.295, 0.7832031, 2.295, -0.8662109, 2.295, 0.3530273, 0.0882692, -0.008896, 2.295, 0.1118164, 2.295, -1.0454102, 2.295, -0.4682617, 0.0882692, -0.0082246, 2.295, 0.5063477, 2.295, -1.0908203, 2.295, -0.0136719, , , , , , , , , , , , , , , , , , , , , , 
0.0887885, 0.0159457, 2.3085, -0.8632812, 2.3085, -0.6914062, 2.3085, 0.1083984, 0.0887885, -0.0065461, 2.3085, 0.8100586, 2.3085, -0.7592773, 2.3085, 0.2763672, 0.0887885, -0.008896, 2.3085, 0.0522461, 2.3085, -1.0727539, 2.3085, -0.5195312, 0.0887885, -0.008896, 2.3085, 0.418457, 2.3085, -0.9985352, 2.3085, 0.03125, , , , , , , , , , , , , , , , , , , , , , 
0.0893077, 0.0119173, 2.322, -0.6694336, 2.322, -0.5961914, 2.322, 0.1347656, 0.0893077, -0.0072175, 2.322, 0.6044922, 2.322, -0.6445312, 2.322, 0.1098633, 0.0893077, -0.0109102, 2.322, 0.1113281, 2.322, -1.0146484, 2.322, -0.5610352, 0.0893077, -0.0065461, 2.322, 0.3945312, 2.322, -0.7797852, 2.322, -0.0161133, , , , , , , , , , , , , , , , , , , , , , 
0.0898269, 0.0078889, 2.3355, -0.5268555, 2.3355, -0.671875, 2.3355, 0.2246094, 0.0898269, -0.0092317, 2.3355, 0.4174805, 2.3355, -0.6601562, 2.3355, 0.1479492, 0.0898269, -0.0099031, 2.3355, 0.2524414, 2.3355, -0.8129883, 2.3355, -0.5429688, 0.0898269, 0.0005035, 2.3355, 0.4799805, 2.3355, -0.6962891, 2.3355, -0.0170898, , , , , , , , , , , , , , , , , , , , , , 
0.0903462, 0.0078889, 2.349, -0.6396484, 2.349, -0.7338867, 2.349, 0.2177734, 0.0903462, -0.0104067, 2.349, 0.5185547, 2.349, -0.6694336, 2.349, 0.2626953, 0.0903462, -0.0102388, 2.349, 0.3032227, 2.349, -0.6552734, 2.349, -0.5292969, 0.0903462, 0.0065461, 2.349, 0.4853516, 2.349, -0.7709961, 2.349, 0.0537109, , , , , , , , , , , , , , , , , , , , , , 
0.0908654, 0.0104067, 2.3625, -0.7841797, 2.3625, -0.6899414, 2.3625, -0.0288086, 0.0908654, -0.0092317, 2.3625, 0.7753906, 2.3625, -0.6464844, 2.3625, 0.3862305, 0.0908654, -0.0095674, 2.3625, 0.2607422, 2.3625, -0.6899414, 2.3625, -0.5869141, 0.0908654, 0.0115816, 2.3625, 0.4116211, 2.3625, -0.8603516, 2.3625, 0.0258789, , , , , , , , , , , , , , , , , , , , , , 
0.0913846, 0.0105745, 2.376, -0.8769531, 2.376, -0.6748047, 2.376, -0.0756836, 0.0913846, -0.0072175, 2.376, 0.8173828, 2.376, -0.6650391, 2.376, 0.3603516, 0.0913846, -0.0077211, 2.376, 0.1123047, 2.376, -0.8598633, 2.376, -0.5952148, 0.0913846, 0.0152743, 2.376, 0.4086914, 2.376, -0.8994141, 2.376, -0.0141602, , , , , , , , , , , , , , , , , , , , , , 
0.0919038, 0.0099031, 2.3895, -0.8730469, 2.3895, -0.6679688, 2.3895, -0.0263672, 0.0919038, -0.0068818, 2.3895, 0.5869141, 2.3895, -0.6665039, 2.3895, 0.2841797, 0.0919038, -0.0078889, 2.3895, 0.0058594, 2.3895, -0.9672852, 2.3895, -0.5117188, 0.0919038, 0.0176242, 2.3895, 0.5014648, 2.3895, -0.9467773, 2.3895, -0.0576172, , , , , , , , , , , , , , , , , , , , , , 
0.0924231, 0.0105745, 2.403, -0.7060547, 2.403, -0.6103516, 2.403, 0.0644531, 0.0924231, -0.0065461, 2.403, 0.4628906, 2.403, -0.6425781, 2.403, 0.2514648, 0.0924231, -0.0075532, 2.403, 0.0449219, 2.403, -0.9199219, 2.403, -0.4853516, 0.0924231, 0.0226596, 2.403, 0.5454102, 2.403, -0.8818359, 2.403, -0.0366211, , , , , , , , , , , , , , , , , , , , , , 
0.0929423, 0.0119173, 2.4165, -0.53125, 2.4165, -0.5620117, 2.4165, 0.1269531, 0.0929423, -0.0068818, 2.4165, 0.3798828, 2.4165, -0.5805664, 2.4165, 0.1850586, 0.0929423, -0.0075532, 2.4165, 0.2138672, 2.4165, -0.7539062, 2.4165, -0.5332031, 0.0929423, 0.0287022, 2.4165, 0.4619141, 2.4165, -0.7026367, 2.4165, -0.0224609, , , , , , , , , , , , , , , , , , , , , , 
0.0934615, 0.0125887, 2.43, -0.5351562, 2.43, -0.5932617, 2.43, 0.1542969, 0.0934615, -0.0068818, 2.43, 0.5161133, 2.43, -0.5703125, 2.43, 0.21875, 0.0934615, -0.0092317, 2.43, 0.347168, 2.43, -0.5996094, 2.43, -0.5283203, 0.0934615, 0.033402, 2.43, 0.40625, 2.43, -0.5761719, 2.43, -0.0048828, , , , , , , , , , , , , , , , , , , , , , 
0.0939808, 0.0065461, 2.4435, -0.6855469, 2.4435, -0.6210938, 2.4435, 0.1303711, 0.0939808, -0.0068818, 2.4435, 0.7304688, 2.4435, -0.6049805, 2.4435, 0.2915039, 0.0939808, -0.0095674, 2.4435, 0.3115234, 2.4435, -0.5849609, 2.4435, -0.5493164, 0.0939808, 0.0347448, 2.4435, 0.425293, 2.4435, -0.6567383, 2.4435, 0.0756836, , , , , , , , , , , , , , , , , , , , , , 
0.0945, 0.003357, 2.457, -0.8222656, 2.457, -0.5932617, 2.457, 0.0615234, 0.0945, -0.0072175, 2.457, 0.7866211, 2.457, -0.6079102, 2.457, 0.2324219, 0.0945, -0.0068818, 2.457, 0.2822266, 2.457, -0.6303711, 2.457, -0.5424805, 0.0945, 0.0365911, 2.457, 0.4521484, 2.457, -0.8227539, 2.457, 0.1171875, , , , , , , , , , , , , , , , , , , , , , 
0.0950192, 0.0095674, 2.4705, -0.7646484, 2.4705, -0.5302734, 2.4705, 0.0849609, 0.0950192, -0.0082246, 2.4705, 0.6181641, 2.4705, -0.5756836, 2.4705, 0.1821289, 0.0950192, -0.0048676, 2.4705, 0.2436523, 2.4705, -0.7597656, 2.4705, -0.4726562, 0.0950192, 0.0394446, 2.4705, 0.4501953, 2.4705, -0.9057617, 2.4705, 0.1064453, , , , , , , , , , , , , , , , , , , , , , 
0.0955385, 0.0152743, 2.484, -0.6040039, 2.484, -0.4780273, 2.484, 0.1494141, 0.0955385, -0.0068818, 2.484, 0.4375, 2.484, -0.5351562, 2.484, 0.1699219, 0.0955385, -0.0038605, 2.484, 0.2299805, 2.484, -0.8354492, 2.484, -0.4428711, 0.0955385, 0.0394446, 2.484, 0.3950195, 2.484, -0.8466797, 2.484, 0.0927734, , , , , , , , , , , , , , , , , , , , , , 
0.0960577, 0.0139315, 2.4975, -0.5678711, 2.4975, -0.4628906, 2.4975, 0.190918, 0.0960577, -0.0062104, 2.4975, 0.4946289, 2.4975, -0.5107422, 2.4975, 0.1835938, 0.0960577, -0.0035248, 2.4975, 0.2680664, 2.4975, -0.7910156, 2.4975, -0.4433594, 0.0960577, 0.0344091, 2.4975, 0.3208008, 2.4975, -0.7070312, 2.4975, 0.0878906, , , , , , , , , , , , , , , , , , , , , , 
0.0965769, 0.0104067, 2.511, -0.6508789, 2.511, -0.4624023, 2.511, 0.1689453, 0.0965769, -0.0072175, 2.511, 0.6645508, 2.511, -0.4765625, 2.511, 0.2397461, 0.0965769, -0.0041962, 2.511, 0.2548828, 2.511, -0.6992188, 2.511, -0.4521484, 0.0965769, 0.0287022, 2.511, 0.2675781, 2.511, -0.6489258, 2.511, 0.1210938, , , , , , , , , , , , , , , , , , , , , , 
0.0970962, 0.0129244, 2.5245, -0.737793, 2.5245, -0.4516602, 2.5245, 0.0751953, 0.0970962, -0.0082246, 2.5245, 0.7314453, 2.5245, -0.4604492, 2.5245, 0.2592773, 0.0970962, -0.0041962, 2.5245, 0.2275391, 2.5245, -0.6625977, 2.5245, -0.4658203, 0.0970962, 0.0273594, 2.5245, 0.2597656, 2.5245, -0.6655273, 2.5245, 0.1503906, , , , , , , , , , , , , , , , , , , , , , 
0.0976154, 0.0166171, 2.538, -0.7241211, 2.538, -0.4428711, 2.538, 0.0976562, 0.0976154, -0.0095674, 2.538, 0.7280273, 2.538, -0.4487305, 2.538, 0.1938477, 0.0976154, -0.0045319, 2.538, 0.2451172, 2.538, -0.6914062, 2.538, -0.4633789, 0.0976154, 0.0270237, 2.538, 0.2890625, 2.538, -0.7265625, 2.538, 0.1806641, , , , , , , , , , , , , , , , , , , , , , 
0.0981346, 0.0176242, 2.5515, -0.6879883, 2.5515, -0.4316406, 2.5515, 0.1337891, 0.0981346, -0.0119173, 2.5515, 0.6274414, 2.5515, -0.4443359, 2.5515, 0.1835938, 0.0981346, -0.005539, 2.5515, 0.2666016, 2.5515, -0.722168, 2.5515, -0.40625, 0.0981346, 0.0246738, 2.5515, 0.3203125, 2.5515, -0.7714844, 2.5515, 0.1582031, , , , , , , , , , , , , , , , , , , , , , 
0.0986538, 0.0184634, 2.565, -0.6088867, 2.565, -0.3867188, 2.565, 0.159668, 0.0986538, -0.0129244, 2.565, 0.5092773, 2.565, -0.4194336, 2.565, 0.1708984, 0.0986538, -0.005539, 2.565, 0.2617188, 2.565, -0.7211914, 2.565, -0.3881836, 0.0986538, 0.0206455, 2.565, 0.2885742, 2.565, -0.7592773, 2.565, 0.1328125, , , , , , , , , , , , , , , , , , , , , , 
0.0991731, 0.0191348, 2.5785, -0.6206055, 2.5785, -0.3598633, 2.5785, 0.1674805, 0.0991731, -0.0109102, 2.5785, 0.527832, 2.5785, -0.3989258, 2.5785, 0.2451172, 0.0991731, -0.0058747, 2.5785, 0.2207031, 2.5785, -0.6958008, 2.5785, -0.402832, 0.0991731, 0.0172885, 2.5785, 0.2260742, 2.5785, -0.7084961, 2.5785, 0.1201172, , , , , , , , , , , , , , , , , , , , , , 
0.0996923, 0.0199741, 2.592, -0.7143555, 2.592, -0.3813477, 2.592, 0.1303711, 0.0996923, -0.0068818, 2.592, 0.7133789, 2.592, -0.4238281, 2.592, 0.2558594, 0.0996923, -0.0050355, 2.592, 0.2094727, 2.592, -0.6821289, 2.592, -0.4086914, 0.0996923, 0.0146029, 2.592, 0.2207031, 2.592, -0.6938477, 2.592, 0.1386719, , , , , , , , , , , , , , , , , , , , , , 
0.1002115, 0.0186313, 2.6055, -0.7714844, 2.6055, -0.4106445, 2.6055, 0.1044922, 0.1002115, -0.005539, 2.6055, 0.7612305, 2.6055, -0.3789062, 2.6055, 0.1142578, 0.1002115, -0.0062104, 2.6055, 0.2333984, 2.6055, -0.671875, 2.6055, -0.3891602, 0.1002115, 0.0146029, 2.6055, 0.2573242, 2.6055, -0.7163086, 2.6055, 0.1538086, , , , , , , , , , , , , , , , , , , , , , 
0.1007308, 0.0159457, 2.619, -0.7006836, 2.619, -0.3452148, 2.619, 0.1777344, 0.1007308, -0.0082246, 2.619, 0.6679688, 2.619, -0.3222656, 2.619, 0.1904297, 0.1007308, -0.008896, 2.619, 0.3056641, 2.619, -0.6806641, 2.619, -0.3652344, 0.1007308, 0.0146029, 2.619, 0.2597656, 2.619, -0.7456055, 2.619, 0.1860352, , , , , , , , , , , , , , , , , , , , , , 
0.10125, 0.0125887, 2.6325, -0.5668945, 2.6325, -0.2744141, 2.6325, 0.2026367, 0.10125, -0.008896, 2.6325, 0.5761719, 2.6325, -0.3447266, 2.6325, 0.1518555, 0.10125, -0.0102388, 2.6325, 0.3359375, 2.6325, -0.6972656, 2.6325, -0.3393555, 0.10125, 0.0129244, 2.6325, 0.1987305, 2.6325, -0.7490234, 2.6325, 0.1899414, , , , , , , , , , , , , , , , , , , , , , 
0.1017692, 0.0151064, 2.646, -0.5786133, 2.646, -0.2807617, 2.646, 0.2119141, 0.1017692, -0.0075532, 2.646, 0.5625, 2.646, -0.3525391, 2.646, 0.1494141, 0.1017692, -0.0097353, 2.646, 0.3193359, 2.646, -0.7099609, 2.646, -0.3461914, 0.1017692, 0.0124208, 2.646, 0.1455078, 2.646, -0.7485352, 2.646, 0.1816406, , , , , , , , , , , , , , , , , , , , , , 
0.1022885, 0.0208133, 2.6595, -0.7319336, 2.6595, -0.3227539, 2.6595, 0.1479492, 0.1022885, -0.0068818, 2.6595, 0.6894531, 2.6595, -0.3789062, 2.6595, 0.2436523, 0.1022885, -0.0092317, 2.6595, 0.3022461, 2.6595, -0.7182617, 2.6595, -0.3666992, 0.1022885, 0.0119173, 2.6595, 0.1645508, 2.6595, -0.7519531, 2.6595, 0.1748047, , , , , , , , , , , , , , , , , , , , , , 
0.1028077, 0.0199741, 2.673, -0.7905273, 2.673, -0.3198242, 2.673, 0.0922852, 0.1028077, -0.0085603, 2.673, 0.7578125, 2.673, -0.3330078, 2.673, 0.1962891, 0.1028077, -0.0112459, 2.673, 0.2685547, 2.673, -0.7250977, 2.673, -0.3540039, 0.1028077, 0.0092317, 2.673, 0.1914062, 2.673, -0.7568359, 2.673, 0.1762695, , , , , , , , , , , , , , , , , , , , , , 
0.1033269, 0.0142672, 2.6865, -0.7285156, 2.6865, -0.2817383, 2.6865, 0.1342773, 0.1033269, -0.0102388, 2.6865, 0.6845703, 2.6865, -0.2631836, 2.6865, 0.1870117, 0.1033269, -0.0152743, 2.6865, 0.2646484, 2.6865, -0.7314453, 2.6865, -0.331543, 0.1033269, 0.0072175, 2.6865, 0.222168, 2.6865, -0.7607422, 2.6865, 0.1757812, , , , , , , , , , , , , , , , , , , , , , 
0.1038462, 0.0092317, 2.7, -0.6318359, 2.7, -0.2519531, 2.7, 0.1704102, 0.1038462, -0.0105745, 2.7, 0.6328125, 2.7, -0.2719727, 2.7, 0.2192383, 0.1038462, -0.0182956, 2.7, 0.2626953, 2.7, -0.7236328, 2.7, -0.2993164, 0.1038462, 0.0052033, 2.7, 0.1762695, 2.7, -0.730957, 2.7, 0.159668, , , , , , , , , , , , , , , , , , , , , , 
0.1043654, 0.0112459, 2.7135, -0.6176758, 2.7135, -0.2397461, 2.7135, 0.1621094, 0.1043654, -0.0095674, 2.7135, 0.6298828, 2.7135, -0.2832031, 2.7135, 0.1958008, 0.1043654, -0.0151064, 2.7135, 0.2470703, 2.7135, -0.7114258, 2.7135, -0.2924805, 0.1043654, 0.0026856, 2.7135, 0.1035156, 2.7135, -0.7021484, 2.7135, 0.1635742, , , , , , , , , , , , , , , , , , , , , , 
0.1048846, 0.0229953, 2.727, -0.6469727, 2.727, -0.2446289, 2.727, 0.1611328, 0.1048846, -0.0085603, 2.727, 0.6640625, 2.727, -0.2768555, 2.727, 0.2026367, 0.1048846, -0.0109102, 2.727, 0.2231445, 2.727, -0.6831055, 2.727, -0.3110352, 0.1048846, 0.0018463, 2.727, 0.074707, 2.727, -0.7006836, 2.727, 0.1787109, , , , , , , , , , , , , , , , , , , , , , 
0.1054038, 0.0320592, 2.7405, -0.7050781, 2.7405, -0.2509766, 2.7405, 0.1572266, 0.1054038, -0.0085603, 2.7405, 0.715332, 2.7405, -0.2543945, 2.7405, 0.1938477, 0.1054038, -0.0095674, 2.7405, 0.2617188, 2.7405, -0.6635742, 2.7405, -0.315918, 0.1054038, 0.0008392, 2.7405, 0.1010742, 2.7405, -0.7202148, 2.7405, 0.1743164, , , , , , , , , , , , , , , , , , , , , , 
0.1059231, 0.033402, 2.754, -0.7280273, 2.754, -0.2373047, 2.754, 0.1845703, 0.1059231, -0.0075532, 2.754, 0.7583008, 2.754, -0.2402344, 2.754, 0.2041016, 0.1059231, -0.008896, 2.754, 0.3168945, 2.754, -0.6708984, 2.754, -0.3134766, 0.1059231, -0.0001678, 2.754, 0.1381836, 2.754, -0.7470703, 2.754, 0.1777344, , , , , , , , , , , , , , , , , , , , , , 
0.1064423, 0.0292058, 2.7675, -0.7026367, 2.7675, -0.2255859, 2.7675, 0.168457, 0.1064423, -0.0072175, 2.7675, 0.7583008, 2.7675, -0.2304688, 2.7675, 0.1992188, 0.1064423, -0.008896, 2.7675, 0.3037109, 2.7675, -0.6982422, 2.7675, -0.2919922, 0.1064423, -0.0028534, 2.7675, 0.1323242, 2.7675, -0.7470703, 2.7675, 0.1796875, , , , , , , , , , , , , , , , , , , , , , 
0.1069615, 0.0280308, 2.781, -0.684082, 2.781, -0.2114258, 2.781, 0.1621094, 0.1069615, -0.0085603, 2.781, 0.6757812, 2.781, -0.2045898, 2.781, 0.1967773, 0.1069615, -0.0095674, 2.781, 0.2578125, 2.781, -0.7192383, 2.781, -0.2646484, 0.1069615, -0.005539, 2.781, 0.0893555, 2.781, -0.7226562, 2.781, 0.1782227, , , , , , , , , , , , , , , , , , , , , , 
0.1074808, 0.0250095, 2.7945, -0.7202148, 2.7945, -0.1806641, 2.7945, 0.203125, 0.1074808, -0.0092317, 2.7945, 0.6591797, 2.7945, -0.1967773, 2.7945, 0.2270508, 0.1074808, -0.0102388, 2.7945, 0.2617188, 2.7945, -0.71875, 2.7945, -0.2280273, 0.1074808, -0.0085603, 2.7945, 0.0561523, 2.7945, -0.7060547, 2.7945, 0.1660156, , , , , , , , , , , , , , , , , , , , , , 
0.108, 0.0193027, 2.808, -0.7402344, 2.808, -0.1499023, 2.808, 0.2216797, 0.108, -0.0109102, 2.808, 0.7202148, 2.808, -0.1577148, 2.808, 0.1811523, 0.108, -0.0105745, 2.808, 0.309082, 2.808, -0.7143555, 2.808, -0.2353516, 0.108, -0.0125887, 2.808, 0.050293, 2.808, -0.715332, 2.808, 0.1772461, , , , , , , , , , , , , , , , , , , , , , 
0.1085192, 0.0159457, 2.8215, -0.6865234, 2.8215, -0.1289062, 2.8215, 0.1772461, 0.1085192, -0.012253, 2.8215, 0.7099609, 2.8215, -0.1401367, 2.8215, 0.1801758, 0.1085192, -0.0109102, 2.8215, 0.315918, 2.8215, -0.7119141, 2.8215, -0.2363281, 0.1085192, -0.014435, 2.8215, 0.0537109, 2.8215, -0.7294922, 2.8215, 0.1821289, , , , , , , , , , , , , , , , , , , , , , 
0.1090385, 0.01561, 2.835, -0.6977539, 2.835, -0.1235352, 2.835, 0.2514648, 0.1090385, -0.0109102, 2.835, 0.793457, 2.835, -0.1542969, 2.835, 0.2768555, 0.1090385, -0.0090639, 2.835, 0.3237305, 2.835, -0.7299805, 2.835, -0.2446289, 0.1090385, -0.012253, 2.835, 0.0566406, 2.835, -0.769043, 2.835, 0.1860352, , , , , , , , , , , , , , , , , , , , , , 
0.1095577, 0.0119173, 2.8485, -0.7211914, 2.8485, -0.1274414, 2.8485, 0.2163086, 0.1095577, -0.0082246, 2.8485, 0.8618164, 2.8485, -0.1616211, 2.8485, 0.1811523, 0.1095577, -0.0073854, 2.8485, 0.3227539, 2.8485, -0.7451172, 2.8485, -0.2485352, 0.1095577, -0.0075532, 2.8485, 0.0249023, 2.8485, -0.8066406, 2.8485, 0.1938477, , , , , , , , , , , , , , , , , , , , , , 
0.1100769, 0.0065461, 2.862, -0.7739258, 2.862, -0.1391602, 2.862, 0.2207031, 0.1100769, -0.0062104, 2.862, 0.8041992, 2.862, -0.1474609, 2.862, 0.1762695, 0.1100769, -0.0068818, 2.862, 0.3198242, 2.862, -0.7885742, 2.862, -0.2016602, 0.1100769, -0.002182, 2.862, -0.0009766, 2.862, -0.8071289, 2.862, 0.1899414, , , , , , , , , , , , , , , , , , , , , , 
0.1105962, 0.0045319, 2.8755, -0.7470703, 2.8755, -0.0981445, 2.8755, 0.2348633, 0.1105962, -0.005539, 2.8755, 0.7539062, 2.8755, -0.1005859, 2.8755, 0.1635742, 0.1105962, -0.0065461, 2.8755, 0.3051758, 2.8755, -0.8110352, 2.8755, -0.1811523, 0.1105962, 0.0028534, 2.8755, -0.027832, 2.8755, -0.7944336, 2.8755, 0.2041016, , , , , , , , , , , , , , , , , , , , , , 
0.1111154, 0.0057069, 2.889, -0.7368164, 2.889, -0.0795898, 2.889, 0.2714844, 0.1111154, -0.0068818, 2.889, 0.7333984, 2.889, -0.0810547, 2.889, 0.1630859, 0.1111154, -0.0072175, 2.889, 0.3022461, 2.889, -0.7983398, 2.889, -0.2036133, 0.1111154, 0.0085603, 2.889, -0.0395508, 2.889, -0.8076172, 2.889, 0.2119141, , , , , , , , , , , , , , , , , , , , , , 
0.1116346, 0.0052033, 2.9025, -0.7612305, 2.9025, -0.0737305, 2.9025, 0.2900391, 0.1116346, -0.0065461, 2.9025, 0.7636719, 2.9025, -0.0922852, 2.9025, 0.1699219, 0.1116346, -0.0095674, 2.9025, 0.3457031, 2.9025, -0.7910156, 2.9025, -0.1948242, 0.1116346, 0.0142672, 2.9025, -0.0454102, 2.9025, -0.8452148, 2.9025, 0.2172852, , , , , , , , , , , , , , , , , , , , , , 
0.1121538, 0.0045319, 2.916, -0.8139648, 2.916, -0.0908203, 2.916, 0.2675781, 0.1121538, -0.0048676, 2.916, 0.8369141, 2.916, -0.125, 2.916, 0.1953125, 0.1121538, -0.0095674, 2.916, 0.3818359, 2.916, -0.8193359, 2.916, -0.1621094, 0.1121538, 0.0196384, 2.916, -0.0512695, 2.916, -0.8666992, 2.916, 0.2426758, , , , , , , , , , , , , , , , , , , , , , 
0.1126731, 0.0052033, 2.9295, -0.8808594, 2.9295, -0.1113281, 2.9295, 0.309082, 0.1126731, -0.005539, 2.9295, 0.8457031, 2.9295, -0.0844727, 2.9295, 0.1279297, 0.1126731, -0.0082246, 2.9295, 0.3754883, 2.9295, -0.8408203, 2.9295, -0.1523438, 0.1126731, 0.0253452, 2.9295, -0.059082, 2.9295, -0.8476562, 2.9295, 0.2338867, , , , , , , , , , , , , , , , , , , , , , 
0.1131923, 0.0063783, 2.943, -0.8417969, 2.943, -0.0786133, 2.943, 0.3125, 0.1131923, -0.0050355, 2.943, 0.8417969, 2.943, -0.0375977, 2.943, 0.1831055, 0.1131923, -0.0063783, 2.943, 0.3681641, 2.943, -0.8432617, 2.943, -0.1660156, 0.1131923, 0.0287022, 2.943, -0.0678711, 2.943, -0.8295898, 2.943, 0.2260742, , , , , , , , , , , , , , , , , , , , , , 
0.1137115, 0.0078889, 2.9565, -0.8012695, 2.9565, -0.0249023, 2.9565, 0.3398438, 0.1137115, -0.0048676, 2.9565, 0.8720703, 2.9565, -0.0683594, 2.9565, 0.2128906, 0.1137115, -0.0031891, 2.9565, 0.3676758, 2.9565, -0.8354492, 2.9565, -0.168457, 0.1137115, 0.0323949, 2.9565, -0.0712891, 2.9565, -0.8496094, 2.9565, 0.2314453, , , , , , , , , , , , , , , , , , , , , , 
0.1142308, 0.0087282, 2.97, -0.7407227, 2.97, 0.0073242, 2.97, 0.3095703, 0.1142308, -0.0062104, 2.97, 0.9780273, 2.97, -0.0839844, 2.97, 0.1757812, 0.1142308, -0.0015106, 2.97, 0.3808594, 2.97, -0.84375, 2.97, -0.1499023, 0.1142308, 0.0357519, 2.97, -0.1186523, 2.97, -0.9150391, 2.97, 0.2441406, , , , , , , , , , , , , , , , , , , , , , 
0.11475, 0.0072175, 2.9835, -0.7514648, 2.9835, -0.0175781, 2.9835, 0.3149414, 0.11475, -0.0072175, 2.9835, 0.9863281, 2.9835, -0.1074219, 2.9835, 0.2426758, 0.11475, -0.0023499, 2.9835, 0.3823242, 2.9835, -0.8613281, 2.9835, -0.1625977, 0.11475, 0.0377661, 2.9835, -0.1489258, 2.9835, -0.9404297, 2.9835, 0.25, , , , , , , , , , , , , , , , , , , , , , 
0.1152692, 0.0132601, 2.997, -0.8232422, 2.997, -0.0805664, 2.997, 0.3017578, 0.1152692, -0.0085603, 2.997, 0.9902344, 2.997, -0.0913086, 2.997, 0.1342773, 0.1152692, -0.0038605, 2.997, 0.3505859, 2.997, -0.9013672, 2.997, -0.1650391, 0.1152692, 0.0372625, 2.997, -0.1679688, 2.997, -0.9321289, 2.997, 0.2177734, , , , , , , , , , , , , , , , , , , , , , 
0.1157885, 0.0179599, 3.0105, -0.8710938, 3.0105, -0.0429688, 3.0105, 0.2729492, 0.1157885, -0.0085603, 3.0105, 0.90625, 3.0105, -0.043457, 3.0105, 0.1259766, 0.1157885, -0.0041962, 3.0105, 0.2641602, 3.0105, -0.9111328, 3.0105, -0.0976562, 0.1157885, 0.0354162, 3.0105, -0.1611328, 3.0105, -0.9042969, 3.0105, 0.1953125, , , , , , , , , , , , , , , , , , , , , , 
0.1163077, 0.0112459, 3.024, -0.8549805, 3.024, 0.0600586, 3.024, 0.2983398, 0.1163077, -0.0068818, 3.024, 0.7143555, 3.024, 0.078125, 3.024, 0.1591797, 0.1163077, -0.0048676, 3.024, 0.2382812, 3.024, -0.9047852, 3.024, -0.0717773, 0.1163077, 0.0313878, 3.024, -0.1777344, 3.024, -0.8696289, 3.024, 0.2045898, , , , , , , , , , , , , , , , , , , , , , 
0.1168269, 0.0083925, 3.0375, -0.7817383, 3.0375, 0.0385742, 3.0375, 0.3120117, 0.1168269, -0.0065461, 3.0375, 0.7490234, 3.0375, 0.0834961, 3.0375, 0.1533203, 0.1168269, -0.0043641, 3.0375, 0.2836914, 3.0375, -0.8608398, 3.0375, -0.1289062, 0.1168269, 0.027863, 3.0375, -0.1767578, 3.0375, -0.8271484, 3.0375, 0.2021484, , , , , , , , , , , , , , , , , , , , , , 
0.1173462, 0.012253, 3.051, -0.7529297, 3.051, -0.015625, 3.051, 0.3222656, 0.1173462, -0.0082246, 3.051, 0.9067383, 3.051, -0.0483398, 3.051, 0.1489258, 0.1173462, -0.002182, 3.051, 0.3676758, 3.051, -0.7978516, 3.051, -0.1489258, 0.1173462, 0.0250095, 3.051, -0.1176758, 3.051, -0.840332, 3.051, 0.1914062, , , , , , , , , , , , , , , , , , , , , , 
0.1178654, 0.0146029, 3.0645, -0.7402344, 3.0645, -0.0634766, 3.0645, 0.3173828, 0.1178654, -0.0099031, 3.0645, 0.9536133, 3.0645, -0.0771484, 3.0645, 0.1894531, 0.1178654, -0.0003357, 3.0645, 0.4189453, 3.0645, -0.7905273, 3.0645, -0.112793, 0.1178654, 0.0213169, 3.0645, -0.0834961, 3.0645, -0.8974609, 3.0645, 0.2041016, , , , , , , , , , , , , , , , , , , , , , 
0.1183846, 0.0157778, 3.078, -0.8012695, 3.078, -0.015625, 3.078, 0.3305664, 0.1183846, -0.0105745, 3.078, 0.8491211, 3.078, 0.0332031, 3.078, 0.1591797, 0.1183846, 0.0001678, 3.078, 0.3603516, 3.078, -0.8422852, 3.078, -0.1088867, 0.1183846, 0.0169528, 3.078, -0.1166992, 3.078, -0.8857422, 3.078, 0.1967773, , , , , , , , , , , , , , , , , , , , , , 
0.1189038, 0.0169528, 3.0915, -0.8305664, 3.0915, 0.0571289, 3.0915, 0.2988281, 0.1189038, -0.0090639, 3.0915, 0.8500977, 3.0915, 0.0986328, 3.0915, 0.2602539, 0.1189038, -0.002182, 3.0915, 0.2768555, 3.0915, -0.8950195, 3.0915, -0.1166992, 0.1189038, 0.0129244, 3.0915, -0.159668, 3.0915, -0.8603516, 3.0915, 0.1748047, , , , , , , , , , , , , , , , , , , , , , 
0.1194231, 0.0159457, 3.105, -0.8256836, 3.105, 0.0678711, 3.105, 0.2573242, 0.1194231, -0.0082246, 3.105, 0.9472656, 3.105, -0.0126953, 3.105, 0.2421875, 0.1194231, -0.0041962, 3.105, 0.277832, 3.105, -0.909668, 3.105, -0.1162109, 0.1194231, 0.014435, 3.105, -0.1425781, 3.105, -0.8945312, 3.105, 0.1791992, , , , , , , , , , , , , , , , , , , , , , 
0.1199423, 0.0146029, 3.1185, -0.8232422, 3.1185, 0.0371094, 3.1185, 0.3144531, 0.1199423, -0.0083925, 3.1185, 0.9833984, 3.1185, -0.0205078, 3.1185, 0.1582031, 0.1199423, -0.0068818, 3.1185, 0.3564453, 3.1185, -0.9160156, 3.1185, -0.090332, 0.1199423, 0.0152743, 3.1185, -0.1357422, 3.1185, -0.9404297, 3.1185, 0.1845703, , , , , , , , , , , , , , , , , , , , , , 
0.1204615, 0.0152743, 3.132, -0.8168945, 3.132, 0.046875, 3.132, 0.3164062, 0.1204615, -0.0072175, 3.132, 0.925293, 3.132, 0.0307617, 3.132, 0.184082, 0.1204615, -0.0078889, 3.132, 0.3730469, 3.132, -0.9135742, 3.132, -0.0810547, 0.1204615, 0.0132601, 3.132, -0.1538086, 3.132, -0.9438477, 3.132, 0.2045898, , , , , , , , , , , , , , , , , , , , , , 
0.1209808, 0.01561, 3.1455, -0.8037109, 3.1455, 0.0561523, 3.1455, 0.3071289, 0.1209808, -0.0046998, 3.1455, 0.855957, 3.1455, 0.0864258, 3.1455, 0.1640625, 0.1209808, -0.0083925, 3.1455, 0.3266602, 3.1455, -0.909668, 3.1455, -0.0859375, 0.1209808, 0.0114137, 3.1455, -0.2016602, 3.1455, -0.9086914, 3.1455, 0.203125, , , , , , , , , , , , , , , , , , , , , , 
0.1215, 0.012253, 3.159, -0.8413086, 3.159, 0.0654297, 3.159, 0.3334961, 0.1215, -0.0043641, 3.159, 0.8852539, 3.159, 0.0649414, 3.159, 0.1850586, 0.1215, -0.0082246, 3.159, 0.3256836, 3.159, -0.8964844, 3.159, -0.0786133, 0.1215, 0.0102388, 3.159, -0.2246094, 3.159, -0.8935547, 3.159, 0.1967773, , , , , , , , , , , , , , , , , , , , , , 
0.1220192, 0.0102388, 3.1725, -0.8505859, 3.1725, 0.081543, 3.1725, 0.3466797, 0.1220192, -0.0068818, 3.1725, 0.909668, 3.1725, 0.0302734, 3.1725, 0.1811523, 0.1220192, -0.008896, 3.1725, 0.3408203, 3.1725, -0.8876953, 3.1725, -0.0771484, 0.1220192, 0.008896, 3.1725, -0.2250977, 3.1725, -0.9140625, 3.1725, 0.2397461, , , , , , , , , , , , , , , , , , , , , , 
0.1225385, 0.008896, 3.186, -0.8232422, 3.186, 0.0644531, 3.186, 0.3603516, 0.1225385, -0.008896, 3.186, 0.921875, 3.186, 0.0268555, 3.186, 0.1855469, 0.1225385, -0.0095674, 3.186, 0.3720703, 3.186, -0.8896484, 3.186, -0.0585938, 0.1225385, 0.0075532, 3.186, -0.2348633, 3.186, -0.9238281, 3.186, 0.2299805, , , , , , , , , , , , , , , , , , , , , , 
0.1230577, 0.008896, 3.1995, -0.8310547, 3.1995, 0.0834961, 3.1995, 0.3540039, 0.1230577, -0.0095674, 3.1995, 0.9667969, 3.1995, 0.0429688, 3.1995, 0.2045898, 0.1230577, -0.0102388, 3.1995, 0.3837891, 3.1995, -0.9277344, 3.1995, -0.0541992, 0.1230577, 0.0078889, 3.1995, -0.2451172, 3.1995, -0.9511719, 3.1995, 0.2280273, , , , , , , , , , , , , , , , , , , , , , 
0.1235769, 0.0125887, 3.213, -0.8745117, 3.213, 0.1054688, 3.213, 0.3330078, 0.1235769, -0.0082246, 3.213, 1.0009766, 3.213, 0.0683594, 3.213, 0.2026367, 0.1235769, -0.0125887, 3.213, 0.3544922, 3.213, -0.9638672, 3.213, -0.0478516, 0.1235769, 0.008896, 3.213, -0.2460938, 3.213, -0.965332, 3.213, 0.2128906, , , , , , , , , , , , , , , , , , , , , , 
0.1240962, 0.0152743, 3.2265, -0.8881836, 3.2265, 0.1049805, 3.2265, 0.3378906, 0.1240962, -0.0070497, 3.2265, 0.9375, 3.2265, 0.0957031, 3.2265, 0.1806641, 0.1240962, -0.0142672, 3.2265, 0.3256836, 3.2265, -0.9599609, 3.2265, -0.0478516, 0.1240962, 0.0099031, 3.2265, -0.2519531, 3.2265, -0.9594727, 3.2265, 0.2114258, , , , , , , , , , , , , , , , , , , , , , 
0.1246154, 0.0159457, 3.24, -0.8598633, 3.24, 0.0961914, 3.24, 0.371582, 0.1246154, -0.0052033, 3.24, 0.8925781, 3.24, 0.1157227, 3.24, 0.203125, 0.1246154, -0.0135958, 3.24, 0.3271484, 3.24, -0.9477539, 3.24, -0.0561523, 0.1246154, 0.0105745, 3.24, -0.2470703, 3.24, -0.940918, 3.24, 0.2036133, , , , , , , , , , , , , , , , , , , , , , 
0.1251346, 0.0152743, 3.2535, -0.8583984, 3.2535, 0.1166992, 3.2535, 0.3896484, 0.1251346, -0.0045319, 3.2535, 0.9282227, 3.2535, 0.1074219, 3.2535, 0.2128906, 0.1251346, -0.0132601, 3.2535, 0.3525391, 3.2535, -0.9287109, 3.2535, -0.0527344, 0.1251346, 0.0099031, 3.2535, -0.2319336, 3.2535, -0.9492188, 3.2535, 0.2104492, , , , , , , , , , , , , , , , , , , , , , 
0.1256538, 0.0166171, 3.267, -0.8745117, 3.267, 0.1357422, 3.267, 0.3803711, 0.1256538, -0.005539, 3.267, 1.0039062, 3.267, 0.0869141, 3.267, 0.1791992, 0.1256538, -0.0135958, 3.267, 0.3828125, 3.267, -0.9423828, 3.267, -0.0268555, 0.1256538, 0.0058747, 3.267, -0.2402344, 3.267, -0.9599609, 3.267, 0.21875, , , , , , , , , , , , , , , , , , , , , , 
0.1261731, 0.0176242, 3.2805, -0.8720703, 3.2805, 0.1289062, 3.2805, 0.3642578, 0.1261731, -0.0068818, 3.2805, 1.0068359, 3.2805, 0.0917969, 3.2805, 0.1850586, 0.1261731, -0.0129244, 3.2805, 0.394043, 3.2805, -0.9589844, 3.2805, -0.0166016, 0.1261731, -0.0020142, 3.2805, -0.2509766, 3.2805, -0.9575195, 3.2805, 0.2094727, , , , , , , , , , , , , , , , , , , , , , 
0.1266923, 0.0146029, 3.294, -0.8632812, 3.294, 0.1298828, 3.294, 0.3588867, 0.1266923, -0.0075532, 3.294, 0.9462891, 3.294, 0.1386719, 3.294, 0.2011719, 0.1266923, -0.0115816, 3.294, 0.3466797, 3.294, -0.9536133, 3.294, -0.0166016, 0.1266923, -0.0072175, 3.294, -0.2685547, 3.294, -0.9433594, 3.294, 0.1943359, , , , , , , , , , , , , , , , , , , , , , 
0.1272115, 0.0146029, 3.3075, -0.8447266, 3.3075, 0.1635742, 3.3075, 0.3603516, 0.1272115, -0.0099031, 3.3075, 0.9155273, 3.3075, 0.1811523, 3.3075, 0.1860352, 0.1272115, -0.0115816, 3.3075, 0.3149414, 3.3075, -0.9335938, 3.3075, -0.0117188, 0.1272115, -0.0062104, 3.3075, -0.2729492, 3.3075, -0.918457, 3.3075, 0.1928711, , , , , , , , , , , , , , , , , , , , , , 
0.1277308, 0.0169528, 3.321, -0.8242188, 3.321, 0.1845703, 3.321, 0.375, 0.1277308, -0.012253, 3.321, 0.9057617, 3.321, 0.1972656, 3.321, 0.184082, 0.1277308, -0.0125887, 3.321, 0.3178711, 3.321, -0.9238281, 3.321, 0, 0.1277308, -0.005539, 3.321, -0.2866211, 3.321, -0.8994141, 3.321, 0.1953125, , , , , , , , , , , , , , , , , , , , , , 
0.12825, 0.0146029, 3.3345, -0.8066406, 3.3345, 0.1845703, 3.3345, 0.3696289, 0.12825, -0.0135958, 3.3345, 0.9677734, 3.3345, 0.1860352, 3.3345, 0.1855469, 0.12825, -0.012253, 3.3345, 0.3520508, 3.3345, -0.9243164, 3.3345, 0.0092773, 0.12825, -0.0072175, 3.3345, -0.2963867, 3.3345, -0.8945312, 3.3345, 0.1870117, , , , , , , , , , , , , , , , , , , , , , 
0.1287692, 0.0159457, 3.348, -0.8110352, 3.348, 0.1850586, 3.348, 0.3549805, 0.1287692, -0.0112459, 3.348, 0.9482422, 3.348, 0.1811523, 3.348, 0.1850586, 0.1287692, -0.0099031, 3.348, 0.3486328, 3.348, -0.9287109, 3.348, 0.0068359, 0.1287692, -0.005539, 3.348, -0.2973633, 3.348, -0.902832, 3.348, 0.1894531, , , , , , , , , , , , , , , , , , , , , , 
0.1292885, 0.0213169, 3.3615, -0.8071289, 3.3615, 0.2250977, 3.3615, 0.3491211, 0.1292885, -0.0075532, 3.3615, 0.862793, 3.3615, 0.21875, 3.3615, 0.1816406, 0.1292885, -0.0095674, 3.3615, 0.3442383, 3.3615, -0.9350586, 3.3615, 0.003418, 0.1292885, -0.0001678, 3.3615, -0.2973633, 3.3615, -0.9238281, 3.3615, 0.1992188, , , , , , , , , , , , , , , , , , , , , , 
0.1298077, 0.0162814, 3.375, -0.8256836, 3.375, 0.2128906, 3.375, 0.3798828, 0.1298077, -0.0068818, 3.375, 0.8701172, 3.375, 0.2319336, 3.375, 0.2021484, 0.1298077, -0.0085603, 3.375, 0.3457031, 3.375, -0.9501953, 3.375, -0.0004883, 0.1298077, 0.0048676, 3.375, -0.2885742, 3.375, -0.9350586, 3.375, 0.206543, , , , , , , , , , , , , , , , , , , , , , 
0.1303269, 0.0099031, 3.3885, -0.8452148, 3.3885, 0.1923828, 3.3885, 0.3725586, 0.1303269, -0.0082246, 3.3885, 0.9506836, 3.3885, 0.1923828, 3.3885, 0.1767578, 0.1303269, -0.0075532, 3.3885, 0.3608398, 3.3885, -0.9506836, 3.3885, 0.0141602, 0.1303269, 0.0072175, 3.3885, -0.2905273, 3.3885, -0.9321289, 3.3885, 0.1855469, , , , , , , , , , , , , , , , , , , , , , 
0.1308462, 0.0058747, 3.402, -0.8540039, 3.402, 0.1899414, 3.402, 0.3510742, 0.1308462, -0.0092317, 3.402, 0.9438477, 3.402, 0.1953125, 3.402, 0.1621094, 0.1308462, -0.008896, 3.402, 0.3657227, 3.402, -0.9545898, 3.402, 0.0283203, 0.1308462, 0.0099031, 3.402, -0.3139648, 3.402, -0.9370117, 3.402, 0.1865234, , , , , , , , , , , , , , , , , , , , , , 
0.1313654, 0.0011749, 3.4155, -0.8188477, 3.4155, 0.2094727, 3.4155, 0.3510742, 0.1313654, -0.0078889, 3.4155, 0.902832, 3.4155, 0.2460938, 3.4155, 0.1669922, 0.1313654, -0.0095674, 3.4155, 0.340332, 3.4155, -0.9560547, 3.4155, 0.0195312, 0.1313654, 0.0142672, 3.4155, -0.3203125, 3.4155, -0.9101562, 3.4155, 0.2006836, , , , , , , , , , , , , , , , , , , , , , 
0.1318846, 0.0015106, 3.429, -0.7626953, 3.429, 0.2299805, 3.429, 0.3647461, 0.1318846, -0.005539, 3.429, 0.831543, 3.429, 0.2504883, 3.429, 0.1479492, 0.1318846, -0.0082246, 3.429, 0.3046875, 3.429, -0.9316406, 3.429, 0.0136719, 0.1318846, 0.0199741, 3.429, -0.3208008, 3.429, -0.9038086, 3.429, 0.1982422, , , , , , , , , , , , , , , , , , , , , , 
0.1324038, 0.0025177, 3.4425, -0.753418, 3.4425, 0.2241211, 3.4425, 0.3803711, 0.1324038, -0.0058747, 3.4425, 0.8779297, 3.4425, 0.2084961, 3.4425, 0.1767578, 0.1324038, -0.0075532, 3.4425, 0.3364258, 3.4425, -0.9296875, 3.4425, 0.0302734, 0.1324038, 0.0250095, 3.4425, -0.3222656, 3.4425, -0.9082031, 3.4425, 0.1933594, , , , , , , , , , , , , , , , , , , , , , 
0.1329231, 0.0010071, 3.456, -0.8105469, 3.456, 0.2089844, 3.456, 0.3745117, 0.1329231, -0.0063783, 3.456, 0.9755859, 3.456, 0.184082, 3.456, 0.1713867, 0.1329231, -0.0058747, 3.456, 0.3686523, 3.456, -0.9360352, 3.456, 0.03125, 0.1329231, 0.0297093, 3.456, -0.3344727, 3.456, -0.9243164, 3.456, 0.2016602, , , , , , , , , , , , , , , , , , , , , , 
0.1334423, 0.0016785, 3.4695, -0.7978516, 3.4695, 0.1948242, 3.4695, 0.3417969, 0.1334423, -0.0078889, 3.4695, 0.9208984, 3.4695, 0.1811523, 3.4695, 0.1811523, 0.1334423, -0.005539, 3.4695, 0.3710938, 3.4695, -0.9345703, 3.4695, 0.0136719, 0.1334423, 0.033402, 3.4695, -0.3369141, 3.4695, -0.9296875, 3.4695, 0.2041016, , , , , , , , , , , , , , , , , , , , , , 
0.1339615, 0.0048676, 3.483, -0.8041992, 3.483, 0.1699219, 3.483, 0.3637695, 0.1339615, -0.008896, 3.483, 0.9003906, 3.483, 0.1782227, 3.483, 0.1738281, 0.1339615, -0.0062104, 3.483, 0.3339844, 3.483, -0.9155273, 3.483, 0.0078125, 0.1339615, 0.036759, 3.483, -0.3178711, 3.483, -0.921875, 3.483, 0.1933594, , , , , , , , , , , , , , , , , , , , , , 
0.1344808, 0.0062104, 3.4965, -0.8286133, 3.4965, 0.1953125, 3.4965, 0.3618164, 0.1344808, -0.0087282, 3.4965, 0.8916016, 3.4965, 0.2089844, 3.4965, 0.1733398, 0.1344808, -0.0036927, 3.4965, 0.3227539, 3.4965, -0.9121094, 3.4965, 0.0205078, 0.1344808, 0.0391089, 3.4965, -0.2983398, 3.4965, -0.9106445, 3.4965, 0.1899414, , , , , , , , , , , , , , , , , , , , , , 
0.135, 0.0115816, 3.51, -0.8300781, 3.51, 0.2021484, 3.51, 0.359375, 0.135, -0.0095674, 3.51, 0.8955078, 3.51, 0.2070312, 3.51, 0.1748047, 0.135, -0.0015106, 3.51, 0.3344727, 3.51, -0.921875, 3.51, 0.0253906, 0.135, 0.0411231, 3.51, -0.3193359, 3.51, -0.9042969, 3.51, 0.1938477, , , , , , , , , , , , , , , , , , , , , , 
0.1355192, 0.0154421, 3.5235, -0.8149414, 3.5235, 0.1992188, 3.5235, 0.3608398, 0.1355192, -0.0083925, 3.5235, 0.8813477, 3.5235, 0.2050781, 3.5235, 0.159668, 0.1355192, -0.0008392, 3.5235, 0.3642578, 3.5235, -0.9335938, 3.5235, 0.0253906, 0.1355192, 0.0407874, 3.5235, -0.3256836, 3.5235, -0.909668, 3.5235, 0.1914062, , , , , , , , , , , , , , , , , , , , , , 
0.1360385, 0.0162814, 3.537, -0.8100586, 3.537, 0.1987305, 3.537, 0.3666992, 0.1360385, -0.0082246, 3.537, 0.934082, 3.537, 0.1953125, 3.537, 0.2055664, 0.1360385, 0.0008392, 3.537, 0.3701172, 3.537, -0.9321289, 3.537, 0.0380859, 0.1360385, 0.0374304, 3.537, -0.3139648, 3.537, -0.925293, 3.537, 0.1884766, , , , , , , , , , , , , , , , , , , , , , 
0.1365577, 0.0193027, 3.5505, -0.8129883, 3.5505, 0.2080078, 3.5505, 0.3481445, 0.1365577, -0.0090639, 3.5505, 0.9658203, 3.5505, 0.1928711, 3.5505, 0.206543, 0.1365577, 0.0001678, 3.5505, 0.3305664, 3.5505, -0.9282227, 3.5505, 0.0424805, 0.1365577, 0.0317235, 3.5505, -0.3242188, 3.5505, -0.918457, 3.5505, 0.1782227, , , , , , , , , , , , , , , , , , , , , , 
0.1370769, 0.0213169, 3.564, -0.8085938, 3.564, 0.2172852, 3.564, 0.3510742, 0.1370769, -0.0095674, 3.564, 0.9453125, 3.564, 0.2114258, 3.564, 0.2124023, 0.1370769, -0.0011749, 3.564, 0.3173828, 3.564, -0.921875, 3.564, 0.0375977, 0.1370769, 0.0246738, 3.564, -0.3427734, 3.564, -0.890625, 3.564, 0.1738281, , , , , , , , , , , , , , , , , , , , , , 
0.1375962, 0.0236667, 3.5775, -0.8125, 3.5775, 0.237793, 3.5775, 0.371582, 0.1375962, -0.008896, 3.5775, 0.9399414, 3.5775, 0.2373047, 3.5775, 0.1977539, 0.1375962, -0.0011749, 3.5775, 0.3100586, 3.5775, -0.9238281, 3.5775, 0.0332031, 0.1375962, 0.0206455, 3.5775, -0.3525391, 3.5775, -0.8862305, 3.5775, 0.1738281, , , , , , , , , , , , , , , , , , , , , , 
0.1381154, 0.0260166, 3.591, -0.840332, 3.591, 0.2475586, 3.591, 0.3754883, 0.1381154, -0.0082246, 3.591, 0.9360352, 3.591, 0.2509766, 3.591, 0.2109375, 0.1381154, -0.0018463, 3.591, 0.3266602, 3.591, -0.9501953, 3.591, 0.0605469, 0.1381154, 0.0204776, 3.591, -0.3608398, 3.591, -0.9047852, 3.591, 0.171875, , , , , , , , , , , , , , , , , , , , , , 
0.1386346, 0.0265202, 3.6045, -0.8505859, 3.6045, 0.2504883, 3.6045, 0.3754883, 0.1386346, -0.0095674, 3.6045, 0.9594727, 3.6045, 0.253418, 3.6045, 0.1870117, 0.1386346, -0.0030213, 3.6045, 0.3378906, 3.6045, -0.9741211, 3.6045, 0.0703125, 0.1386346, 0.0184634, 3.6045, -0.3554688, 3.6045, -0.9257812, 3.6045, 0.1801758, , , , , , , , , , , , , , , , , , , , , , 
0.1391538, 0.0265202, 3.618, -0.8310547, 3.618, 0.2460938, 3.618, 0.387207, 0.1391538, -0.0102388, 3.618, 0.9379883, 3.618, 0.2548828, 3.618, 0.1669922, 0.1391538, -0.0050355, 3.618, 0.3476562, 3.618, -0.9584961, 3.618, 0.0673828, 0.1391538, 0.0135958, 3.618, -0.3535156, 3.618, -0.9223633, 3.618, 0.1914062, , , , , , , , , , , , , , , , , , , , , , 
0.1396731, 0.0226596, 3.6315, -0.8100586, 3.6315, 0.2407227, 3.6315, 0.4077148, 0.1396731, -0.0095674, 3.6315, 0.9213867, 3.6315, 0.2509766, 3.6315, 0.159668, 0.1396731, -0.0070497, 3.6315, 0.3535156, 3.6315, -0.9443359, 3.6315, 0.0595703, 0.1396731, 0.0099031, 3.6315, -0.3457031, 3.6315, -0.9116211, 3.6315, 0.1938477, , , , , , , , , , , , , , , , , , , , , , 
0.1401923, 0.0162814, 3.645, -0.8120117, 3.645, 0.2548828, 3.645, 0.4228516, 0.1401923, -0.008896, 3.645, 0.9414062, 3.645, 0.2426758, 3.645, 0.1665039, 0.1401923, -0.0078889, 3.645, 0.3657227, 3.645, -0.9316406, 3.645, 0.0541992, 0.1401923, 0.0078889, 3.645, -0.3496094, 3.645, -0.9135742, 3.645, 0.2001953, , , , , , , , , , , , , , , , , , , , , , 
0.1407115, 0.0115816, 3.6585, -0.8208008, 3.6585, 0.246582, 3.6585, 0.4111328, 0.1407115, -0.0082246, 3.6585, 0.9765625, 3.6585, 0.2285156, 3.6585, 0.1547852, 0.1407115, -0.0082246, 3.6585, 0.3754883, 3.6585, -0.9433594, 3.6585, 0.0673828, 0.1407115, 0.0058747, 3.6585, -0.3603516, 3.6585, -0.9257812, 3.6585, 0.2119141, , , , , , , , , , , , , , , , , , , , , , 
0.1412308, 0.0082246, 3.672, -0.8222656, 3.672, 0.2314453, 3.672, 0.3984375, 0.1412308, -0.0082246, 3.672, 0.9560547, 3.672, 0.2324219, 3.672, 0.1586914, 0.1412308, -0.0075532, 3.672, 0.3764648, 3.672, -0.9624023, 3.672, 0.0683594, 0.1412308, 0.0038605, 3.672, -0.3657227, 3.672, -0.9301758, 3.672, 0.2021484, , , , , , , , , , , , , , , , , , , , , , 
0.14175, 0.0062104, 3.6855, -0.8222656, 3.6855, 0.2260742, 3.6855, 0.394043, 0.14175, -0.0062104, 3.6855, 0.9287109, 3.6855, 0.2426758, 3.6855, 0.1611328, 0.14175, -0.0072175, 3.6855, 0.3554688, 3.6855, -0.9619141, 3.6855, 0.0527344, 0.14175, 0.0035248, 3.6855, -0.3564453, 3.6855, -0.9233398, 3.6855, 0.1943359, , , , , , , , , , , , , , , , , , , , , , 
0.1422692, 0.0112459, 3.699, -0.8129883, 3.699, 0.2314453, 3.699, 0.3945312, 0.1422692, -0.0048676, 3.699, 0.909668, 3.699, 0.2387695, 3.699, 0.1699219, 0.1422692, -0.0065461, 3.699, 0.3520508, 3.699, -0.9453125, 3.699, 0.0463867, 0.1422692, 0.0031891, 3.699, -0.340332, 3.699, -0.9150391, 3.699, 0.1884766, , , , , , , , , , , , , , , , , , , , , , 
0.1427885, 0.0169528, 3.7125, -0.7973633, 3.7125, 0.2421875, 3.7125, 0.3759766, 0.1427885, -0.0052033, 3.7125, 0.9199219, 3.7125, 0.2421875, 3.7125, 0.175293, 0.1427885, -0.0068818, 3.7125, 0.3496094, 3.7125, -0.9335938, 3.7125, 0.0527344, 0.1427885, 0.002182, 3.7125, -0.331543, 3.7125, -0.9199219, 3.7125, 0.1875, , , , , , , , , , , , , , , , , , , , , , 
0.1433077, 0.0132601, 3.726, -0.7954102, 3.726, 0.2421875, 3.726, 0.3701172, 0.1433077, -0.005539, 3.726, 0.9570312, 3.726, 0.2348633, 3.726, 0.1689453, 0.1433077, -0.0078889, 3.726, 0.34375, 3.726, -0.9394531, 3.726, 0.0571289, 0.1433077, 0.0025177, 3.726, -0.3344727, 3.726, -0.9213867, 3.726, 0.1831055, , , , , , , , , , , , , , , , , , , , , , 
0.1438269, 0.0092317, 3.7395, -0.7963867, 3.7395, 0.2348633, 3.7395, 0.3823242, 0.1438269, -0.0058747, 3.7395, 0.9267578, 3.7395, 0.2348633, 3.7395, 0.1611328, 0.1438269, -0.0109102, 3.7395, 0.3349609, 3.7395, -0.9448242, 3.7395, 0.0458984, 0.1438269, 0.0058747, 3.7395, -0.340332, 3.7395, -0.9150391, 3.7395, 0.1757812, , , , , , , , , , , , , , , , , , , , , , 
0.1443462, 0.0112459, 3.753, -0.8046875, 3.753, 0.2216797, 3.753, 0.3916016, 0.1443462, -0.0052033, 3.753, 0.90625, 3.753, 0.2363281, 3.753, 0.1694336, 0.1443462, -0.0129244, 3.753, 0.3334961, 3.753, -0.9365234, 3.753, 0.0454102, 0.1443462, 0.0072175, 3.753, -0.3422852, 3.753, -0.9057617, 3.753, 0.1811523, , , , , , , , , , , , , , , , , , , , , , 
0.1448654, 0.0112459, 3.7665, -0.8120117, 3.7665, 0.2260742, 3.7665, 0.3808594, 0.1448654, -0.0041962, 3.7665, 0.9047852, 3.7665, 0.2324219, 3.7665, 0.1655273, 0.1448654, -0.0135958, 3.7665, 0.3505859, 3.7665, -0.9223633, 3.7665, 0.0576172, 0.1448654, 0.0058747, 3.7665, -0.3413086, 3.7665, -0.8974609, 3.7665, 0.1875, , , , , , , , , , , , , , , , , , , , , , 
0.1453846, 0.0082246, 3.78, -0.8110352, 3.78, 0.2407227, 3.78, 0.3681641, 0.1453846, -0.0038605, 3.78, 0.9233398, 3.78, 0.2407227, 3.78, 0.1821289, 0.1453846, -0.0112459, 3.78, 0.3530273, 3.78, -0.9228516, 3.78, 0.0551758, 0.1453846, 0.0045319, 3.78, -0.3515625, 3.78, -0.8959961, 3.78, 0.1835938, , , , , , , , , , , , , , , , , , , , , , 
0.1459038, 0.0099031, 3.7935, -0.8120117, 3.7935, 0.2456055, 3.7935, 0.3618164, 0.1459038, -0.0048676, 3.7935, 0.934082, 3.7935, 0.2407227, 3.7935, 0.1948242, 0.1459038, -0.0082246, 3.7935, 0.3408203, 3.7935, -0.9375, 3.7935, 0.0537109, 0.1459038, 0.0036927, 3.7935, -0.3535156, 3.7935, -0.9072266, 3.7935, 0.1826172, , , , , , , , , , , , , , , , , , , , , , 
0.1464231, 0.0129244, 3.807, -0.8134766, 3.807, 0.2460938, 3.807, 0.3662109, 0.1464231, -0.005539, 3.807, 0.9287109, 3.807, 0.2480469, 3.807, 0.1948242, 0.1464231, -0.0068818, 3.807, 0.3154297, 3.807, -0.9418945, 3.807, 0.0546875, 0.1464231, -0.0011749, 3.807, -0.3505859, 3.807, -0.9125977, 3.807, 0.175293, , , , , , , , , , , , , , , , , , , , , , 
0.1469423, 0.0139315, 3.8205, -0.8198242, 3.8205, 0.2431641, 3.8205, 0.3764648, 0.1469423, -0.0058747, 3.8205, 0.9448242, 3.8205, 0.2480469, 3.8205, 0.1943359, 0.1469423, -0.008896, 3.8205, 0.3203125, 3.8205, -0.9472656, 3.8205, 0.0654297, 0.1469423, -0.0058747, 3.8205, -0.3525391, 3.8205, -0.9052734, 3.8205, 0.168457, , , , , , , , , , , , , , , , , , , , , , 
0.1474615, 0.0135958, 3.834, -0.8212891, 3.834, 0.2426758, 3.834, 0.3813477, 0.1474615, -0.0052033, 3.834, 0.9306641, 3.834, 0.2514648, 3.834, 0.1806641, 0.1474615, -0.0119173, 3.834, 0.3374023, 3.834, -0.9448242, 3.834, 0.0576172, 0.1474615, -0.0058747, 3.834, -0.3564453, 3.834, -0.9042969, 3.834, 0.1772461, , , , , , , , , , , , , , , , , , , , , , 
0.1479808, 0.012253, 3.8475, -0.8212891, 3.8475, 0.2495117, 3.8475, 0.3867188, 0.1479808, -0.0065461, 3.8475, 0.9257812, 3.8475, 0.2470703, 3.8475, 0.1816406, 0.1479808, -0.0130922, 3.8475, 0.3588867, 3.8475, -0.9379883, 3.8475, 0.0605469, 0.1479808, -0.0065461, 3.8475, -0.3549805, 3.8475, -0.9116211, 3.8475, 0.1875, , , , , , , , , , , , , , , , , , , , , , 
0.1485, 0.01561, 3.861, -0.8271484, 3.861, 0.2602539, 3.861, 0.3886719, 0.1485, -0.0070497, 3.861, 0.9482422, 3.861, 0.2529297, 3.861, 0.1772461, 0.1485, -0.0130922, 3.861, 0.3613281, 3.861, -0.9458008, 3.861, 0.0800781, 0.1485, -0.0083925, 3.861, -0.3554688, 3.861, -0.9174805, 3.861, 0.1967773, , , , , , , , , , , , , , , , , , , , , , 
0.1490192, 0.0199741, 3.8745, -0.815918, 3.8745, 0.2578125, 3.8745, 0.3989258, 0.1490192, -0.0063783, 3.8745, 0.9658203, 3.8745, 0.2524414, 3.8745, 0.175293, 0.1490192, -0.012253, 3.8745, 0.3583984, 3.8745, -0.9521484, 3.8745, 0.0629883, 0.1490192, -0.0099031, 3.8745, -0.3603516, 3.8745, -0.9145508, 3.8745, 0.1953125, , , , , , , , , , , , , , , , , , , , , , 
0.1495385, 0.0213169, 3.888, -0.8085938, 3.888, 0.2553711, 3.888, 0.402832, 0.1495385, -0.0072175, 3.888, 0.9521484, 3.888, 0.2539062, 3.888, 0.1601562, 0.1495385, -0.0078889, 3.888, 0.3496094, 3.888, -0.949707, 3.888, 0.0532227, 0.1495385, -0.0072175, 3.888, -0.3647461, 3.888, -0.9077148, 3.888, 0.1870117, , , , , , , , , , , , , , , , , , , , , , 
0.1500577, 0.0198062, 3.9015, -0.8105469, 3.9015, 0.2539062, 3.9015, 0.4008789, 0.1500577, -0.0082246, 3.9015, 0.9257812, 3.9015, 0.2592773, 3.9015, 0.1743164, 0.1500577, -0.0036927, 3.9015, 0.3427734, 3.9015, -0.9443359, 3.9015, 0.0683594, 0.1500577, -0.0011749, 3.9015, -0.3676758, 3.9015, -0.9121094, 3.9015, 0.1933594, , , , , , , , , , , , , , , , , , , , , , 
0.1505769, 0.0139315, 3.915, -0.8334961, 3.915, 0.2641602, 3.915, 0.3964844, 0.1505769, -0.0085603, 3.915, 0.9375, 3.915, 0.262207, 3.915, 0.1674805, 0.1505769, -0.0035248, 3.915, 0.3481445, 3.915, -0.9521484, 3.915, 0.0761719, 0.1505769, 0.0030213, 3.915, -0.3720703, 3.915, -0.9213867, 3.915, 0.1948242, , , , , , , , , , , , , , , , , , , , , , 
0.1510962, 0.0030213, 3.9285, -0.8383789, 3.9285, 0.2651367, 3.9285, 0.4082031, 0.1510962, -0.0075532, 3.9285, 0.9658203, 3.9285, 0.2626953, 3.9285, 0.1660156, 0.1510962, -0.005539, 3.9285, 0.3613281, 3.9285, -0.965332, 3.9285, 0.0722656, 0.1510962, 0.005539, 3.9285, -0.375, 3.9285, -0.9179688, 3.9285, 0.1884766, , , , , , , , , , , , , , , , , , , , , , 
0.1516154, -0.0058747, 3.942, -0.8071289, 3.942, 0.2548828, 3.942, 0.4130859, 0.1516154, -0.0072175, 3.942, 0.9536133, 3.942, 0.2626953, 3.942, 0.1572266, 0.1516154, -0.0062104, 3.942, 0.3637695, 3.942, -0.9589844, 3.942, 0.0722656, 0.1516154, 0.0092317, 3.942, -0.3618164, 3.942, -0.9160156, 3.942, 0.1884766, , , , , , , , , , , , , , , , , , , , , , 
0.1521346, -0.0085603, 3.9555, -0.7919922, 3.9555, 0.2548828, 3.9555, 0.4023438, 0.1521346, -0.0075532, 3.9555, 0.925293, 3.9555, 0.2641602, 3.9555, 0.1650391, 0.1521346, -0.0050355, 3.9555, 0.3608398, 3.9555, -0.9443359, 3.9555, 0.0771484, 0.1521346, 0.0137636, 3.9555, -0.359375, 3.9555, -0.9121094, 3.9555, 0.1958008, , , , , , , , , , , , , , , , , , , , , , 
0.1526538, -0.0062104, 3.969, -0.8056641, 3.969, 0.2602539, 3.969, 0.4023438, 0.1526538, -0.0065461, 3.969, 0.9306641, 3.969, 0.262207, 3.969, 0.159668, 0.1526538, -0.0045319, 3.969, 0.3588867, 3.969, -0.9316406, 3.969, 0.0722656, 0.1526538, 0.0209812, 3.969, -0.3706055, 3.969, -0.902832, 3.969, 0.1884766, , , , , , , , , , , , , , , , , , , , , , 
0.1531731, -0.0008392, 3.9825, -0.8110352, 3.9825, 0.2558594, 3.9825, 0.40625, 0.1531731, -0.0041962, 3.9825, 0.9404297, 3.9825, 0.2626953, 3.9825, 0.1625977, 0.1531731, -0.005539, 3.9825, 0.3579102, 3.9825, -0.9301758, 3.9825, 0.0629883, 0.1531731, 0.0276951, 3.9825, -0.3710938, 3.9825, -0.9042969, 3.9825, 0.1811523, , , , , , , , , , , , , , , , , , , , , , 
0.1536923, 0.0031891, 3.996, -0.8046875, 3.996, 0.2543945, 3.996, 0.3964844, 0.1536923, -0.0035248, 3.996, 0.9448242, 3.996, 0.2636719, 3.996, 0.1645508, 0.1536923, -0.0065461, 3.996, 0.3457031, 3.996, -0.9506836, 3.996, 0.0722656, 0.1536923, 0.0307164, 3.996, -0.3642578, 3.996, -0.918457, 3.996, 0.1918945, , , , , , , , , , , , , , , , , , , , , , 
0.1542115, 0.0078889, 4.0095, -0.7993164, 4.0095, 0.2592773, 4.0095, 0.40625, 0.1542115, -0.0041962, 4.0095, 0.9360352, 4.0095, 0.2739258, 4.0095, 0.1611328, 0.1542115, -0.0077211, 4.0095, 0.3413086, 4.0095, -0.9604492, 4.0095, 0.0683594, 0.1542115, 0.0320592, 4.0095, -0.3608398, 4.0095, -0.9125977, 4.0095, 0.1933594, , , , , , , , , , , , , , , , , , , , , , 
0.1547308, 0.0139315, 4.023, -0.7949219, 4.023, 0.262207, 4.023, 0.4101562, 0.1547308, -0.0050355, 4.023, 0.918457, 4.023, 0.2753906, 4.023, 0.1552734, 0.1547308, -0.0085603, 4.023, 0.3466797, 4.023, -0.9521484, 4.023, 0.0732422, 0.1547308, 0.0330663, 4.023, -0.3618164, 4.023, -0.9033203, 4.023, 0.1865234, , , , , , , , , , , , , , , , , , , , , , 
0.15525, 0.0186313, 4.0365, -0.8017578, 4.0365, 0.2636719, 4.0365, 0.4013672, 0.15525, -0.0058747, 4.0365, 0.9277344, 4.0365, 0.2626953, 4.0365, 0.159668, 0.15525, -0.0085603, 4.0365, 0.3598633, 4.0365, -0.9365234, 4.0365, 0.0751953, 0.15525, 0.0337377, 4.0365, -0.3647461, 4.0365, -0.9018555, 4.0365, 0.1918945, , , , , , , , , , , , , , , , , , , , , , 
0.1557692, 0.0176242, 4.05, -0.8144531, 4.05, 0.253418, 4.05, 0.4052734, 0.1557692, -0.0083925, 4.05, 0.9472656, 4.05, 0.2578125, 4.05, 0.1484375, 0.1557692, -0.0078889, 4.05, 0.3662109, 4.05, -0.9365234, 4.05, 0.0766602, 0.1557692, 0.0345769, 4.05, -0.3710938, 4.05, -0.9106445, 4.05, 0.1948242, , , , , , , , , , , , , , , , , , , , , , 
0.1562885, 0.0169528, 4.0635, -0.8173828, 4.0635, 0.25, 4.0635, 0.4033203, 0.1562885, -0.0109102, 4.0635, 0.9458008, 4.0635, 0.2543945, 4.0635, 0.168457, 0.1562885, -0.0062104, 4.0635, 0.3613281, 4.0635, -0.949707, 4.0635, 0.0800781, 0.1562885, 0.030045, 4.0635, -0.3745117, 4.0635, -0.9130859, 4.0635, 0.1967773, , , , , , , , , , , , , , , , , , , , , , 
0.1568077, 0.01561, 4.077, -0.8066406, 4.077, 0.2539062, 4.077, 0.3964844, 0.1568077, -0.0102388, 4.077, 0.9223633, 4.077, 0.269043, 4.077, 0.1699219, 0.1568077, -0.0070497, 4.077, 0.3374023, 4.077, -0.9506836, 4.077, 0.0688477, 0.1568077, 0.0223239, 4.077, -0.3779297, 4.077, -0.9052734, 4.077, 0.1948242, , , , , , , , , , , , , , , , , , , , , , 
0.1573269, 0.0172885, 4.0905, -0.8007812, 4.0905, 0.2641602, 4.0905, 0.3881836, 0.1573269, -0.0099031, 4.0905, 0.9208984, 4.0905, 0.2661133, 4.0905, 0.1699219, 0.1573269, -0.008896, 4.0905, 0.3466797, 4.0905, -0.9355469, 4.0905, 0.0688477, 0.1573269, 0.018967, 4.0905, -0.3730469, 4.0905, -0.8955078, 4.0905, 0.190918, , , , , , , , , , , , , , , , , , , , , , 
0.1578462, 0.0164492, 4.104, -0.8076172, 4.104, 0.2583008, 4.104, 0.394043, 0.1578462, -0.0102388, 4.104, 0.9365234, 4.104, 0.2543945, 4.104, 0.171875, 0.1578462, -0.0099031, 4.104, 0.3637695, 4.104, -0.9301758, 4.104, 0.0737305, 0.1578462, 0.0186313, 4.104, -0.3608398, 4.104, -0.9003906, 4.104, 0.1860352, , , , , , , , , , , , , , , , , , , , , , 
0.1583654, 0.0130922, 4.1175, -0.8208008, 4.1175, 0.2441406, 4.1175, 0.3891602, 0.1583654, -0.0109102, 4.1175, 0.9458008, 4.1175, 0.2470703, 4.1175, 0.1791992, 0.1583654, -0.0109102, 4.1175, 0.3603516, 4.1175, -0.9355469, 4.1175, 0.0771484, 0.1583654, 0.0179599, 4.1175, -0.3588867, 4.1175, -0.90625, 4.1175, 0.1826172, , , , , , , , , , , , , , , , , , , , , , 
0.1588846, 0.012253, 4.131, -0.8154297, 4.131, 0.246582, 4.131, 0.3823242, 0.1588846, -0.008896, 4.131, 0.9438477, 4.131, 0.2475586, 4.131, 0.1855469, 0.1588846, -0.0109102, 4.131, 0.3530273, 4.131, -0.9448242, 4.131, 0.0634766, 0.1588846, 0.01561, 4.131, -0.3666992, 4.131, -0.9106445, 4.131, 0.1850586, , , , , , , , , , , , , , , , , , , , , , 
0.1594038, 0.0162814, 4.1445, -0.8051758, 4.1445, 0.265625, 4.1445, 0.3789062, 0.1594038, -0.0083925, 4.1445, 0.9233398, 4.1445, 0.2709961, 4.1445, 0.1875, 0.1594038, -0.0102388, 4.1445, 0.3334961, 4.1445, -0.9458008, 4.1445, 0.0620117, 0.1594038, 0.0125887, 4.1445, -0.3730469, 4.1445, -0.8989258, 4.1445, 0.1777344, , , , , , , , , , , , , , , , , , , , , , 
0.1599231, 0.0213169, 4.158, -0.8071289, 4.158, 0.2714844, 4.158, 0.3764648, 0.1599231, -0.008896, 4.158, 0.925293, 4.158, 0.2758789, 4.158, 0.1894531, 0.1599231, -0.0099031, 4.158, 0.3056641, 4.158, -0.9448242, 4.158, 0.0732422, 0.1599231, 0.0132601, 4.158, -0.3730469, 4.158, -0.8867188, 4.158, 0.1733398, , , , , , , , , , , , , , , , , , , , , , 
0.1604423, 0.0226596, 4.1715, -0.8081055, 4.1715, 0.262207, 4.1715, 0.3896484, 0.1604423, -0.0082246, 4.1715, 0.9223633, 4.1715, 0.2680664, 4.1715, 0.1616211, 0.1604423, -0.0097353, 4.1715, 0.3164062, 4.1715, -0.9375, 4.1715, 0.0727539, 0.1604423, 0.0147707, 4.1715, -0.3745117, 4.1715, -0.8881836, 4.1715, 0.1796875, , , , , , , , , , , , , , , , , , , , , , 
0.1609615, 0.0226596, 4.185, -0.8022461, 4.185, 0.2460938, 4.185, 0.3994141, 0.1609615, -0.0082246, 4.185, 0.9238281, 4.185, 0.2578125, 4.185, 0.1699219, 0.1609615, -0.008896, 4.185, 0.3588867, 4.185, -0.9277344, 4.185, 0.0756836, 0.1609615, 0.0139315, 4.185, -0.3720703, 4.185, -0.8916016, 4.185, 0.1816406, , , , , , , , , , , , , , , , , , , , , , 
0.1614808, 0.0243381, 4.1985, -0.8081055, 4.1985, 0.2539062, 4.1985, 0.3911133, 0.1614808, -0.0095674, 4.1985, 0.9428711, 4.1985, 0.2592773, 4.1985, 0.175293, 0.1614808, -0.0090639, 4.1985, 0.3701172, 4.1985, -0.9394531, 4.1985, 0.0761719, 0.1614808, 0.0115816, 4.1985, -0.362793, 4.1985, -0.9174805, 4.1985, 0.1811523, , , , , , , , , , , , , , , , , , , , , , 
0.162, 0.0276951, 4.212, -0.8154297, 4.212, 0.2729492, 4.212, 0.3847656, 0.162, -0.0102388, 4.212, 0.9443359, 4.212, 0.2724609, 4.212, 0.1743164, 0.162, -0.0082246, 4.212, 0.3588867, 4.212, -0.9609375, 4.212, 0.0751953, 0.162, 0.0090639, 4.212, -0.3642578, 4.212, -0.9365234, 4.212, 0.1821289, , , , , , , , , , , , , , , , , , , , , , 
0.1625192, 0.0260166, 4.2255, -0.8139648, 4.2255, 0.2709961, 4.2255, 0.3901367, 0.1625192, -0.010071, 4.2255, 0.9296875, 4.2255, 0.2744141, 4.2255, 0.1586914, 0.1625192, -0.0072175, 4.2255, 0.3427734, 4.2255, -0.9624023, 4.2255, 0.0825195, 0.1625192, 0.0078889, 4.2255, -0.362793, 4.2255, -0.9145508, 4.2255, 0.1899414, , , , , , , , , , , , , , , , , , , , , , 
0.1630385, 0.0219883, 4.239, -0.7978516, 4.239, 0.2592773, 4.239, 0.409668, 0.1630385, -0.0082246, 4.239, 0.9316406, 4.239, 0.2685547, 4.239, 0.1474609, 0.1630385, -0.0085603, 4.239, 0.3505859, 4.239, -0.9365234, 4.239, 0.0776367, 0.1630385, 0.0085603, 4.239, -0.3769531, 4.239, -0.8857422, 4.239, 0.1894531, , , , , , , , , , , , , , , , , , , , , , 
0.1635577, 0.0206455, 4.2525, -0.7866211, 4.2525, 0.2480469, 4.2525, 0.4179688, 0.1635577, -0.0075532, 4.2525, 0.9282227, 4.2525, 0.2543945, 4.2525, 0.1533203, 0.1635577, -0.0102388, 4.2525, 0.3637695, 4.2525, -0.9194336, 4.2525, 0.0786133, 0.1635577, 0.0099031, 4.2525, -0.387207, 4.2525, -0.8950195, 4.2525, 0.1904297, , , , , , , , , , , , , , , , , , , , , , 
0.1640769, 0.0172885, 4.266, -0.7973633, 4.266, 0.2543945, 4.266, 0.3989258, 0.1640769, -0.0095674, 4.266, 0.940918, 4.266, 0.2539062, 4.266, 0.1601562, 0.1640769, -0.0109102, 4.266, 0.3623047, 4.266, -0.9335938, 4.266, 0.0859375, 0.1640769, 0.0099031, 4.266, -0.3852539, 4.266, -0.9155273, 4.266, 0.1943359, , , , , , , , , , , , , , , , , , , , , , 
0.1645962, 0.0146029, 4.2795, -0.8071289, 4.2795, 0.2612305, 4.2795, 0.3945312, 0.1645962, -0.0099031, 4.2795, 0.9316406, 4.2795, 0.2700195, 4.2795, 0.1606445, 0.1645962, -0.0104067, 4.2795, 0.3510742, 4.2795, -0.9428711, 4.2795, 0.0805664, 0.1645962, 0.0099031, 4.2795, -0.3769531, 4.2795, -0.9082031, 4.2795, 0.1894531, , , , , , , , , , , , , , , , , , , , , , 
0.1651154, 0.0139315, 4.293, -0.7939453, 4.293, 0.2578125, 4.293, 0.4052734, 0.1651154, -0.0092317, 4.293, 0.9194336, 4.293, 0.2753906, 4.293, 0.15625, 0.1651154, -0.0109102, 4.293, 0.3325195, 4.293, -0.9418945, 4.293, 0.0786133, 0.1651154, 0.008896, 4.293, -0.3681641, 4.293, -0.8862305, 4.293, 0.1879883, , , , , , , , , , , , , , , , , , , , , , 
0.1656346, 0.0139315, 4.3065, -0.7861328, 4.3065, 0.2583008, 4.3065, 0.4086914, 0.1656346, -0.0082246, 4.3065, 0.918457, 4.3065, 0.2675781, 4.3065, 0.1538086, 0.1656346, -0.0099031, 4.3065, 0.3422852, 4.3065, -0.9311523, 4.3065, 0.0810547, 0.1656346, 0.0048676, 4.3065, -0.3706055, 4.3065, -0.8886719, 4.3065, 0.1801758, , , , , , , , , , , , , , , , , , , , , , 
0.1661538, 0.0157778, 4.32, -0.8071289, 4.32, 0.2675781, 4.32, 0.3984375, 0.1661538, -0.0072175, 4.32, 0.9501953, 4.32, 0.2646484, 4.32, 0.1601562, 0.1661538, -0.0097353, 4.32, 0.3662109, 4.32, -0.9394531, 4.32, 0.0844727, 0.1661538, -0.0003357, 4.32, -0.3774414, 4.32, -0.90625, 4.32, 0.1826172, , , , , , , , , , , , , , , , , , , , , , 
0.1666731, 0.0172885, 4.3335, -0.8227539, 4.3335, 0.2592773, 4.3335, 0.3955078, 0.1666731, -0.0078889, 4.3335, 0.9633789, 4.3335, 0.2651367, 4.3335, 0.1665039, 0.1666731, -0.0115816, 4.3335, 0.3671875, 4.3335, -0.9550781, 4.3335, 0.0805664, 0.1666731, -0.0048676, 4.3335, -0.3759766, 4.3335, -0.9130859, 4.3335, 0.1826172, , , , , , , , , , , , , , , , , , , , , , 
0.1671923, 0.0196384, 4.347, -0.8046875, 4.347, 0.2509766, 4.347, 0.4033203, 0.1671923, -0.0112459, 4.347, 0.9228516, 4.347, 0.2641602, 4.347, 0.1630859, 0.1671923, -0.0137636, 4.347, 0.3520508, 4.347, -0.9526367, 4.347, 0.0742188, 0.1671923, -0.0065461, 4.347, -0.3662109, 4.347, -0.9125977, 4.347, 0.1899414, , , , , , , , , , , , , , , , , , , , , , 
0.1677115, 0.0196384, 4.3605, -0.7885742, 4.3605, 0.2539062, 4.3605, 0.4052734, 0.1677115, -0.0125887, 4.3605, 0.9150391, 4.3605, 0.2636719, 4.3605, 0.1606445, 0.1677115, -0.0142672, 4.3605, 0.3447266, 4.3605, -0.9311523, 4.3605, 0.0756836, 0.1677115, -0.0070497, 4.3605, -0.3579102, 4.3605, -0.9018555, 4.3605, 0.1967773, , , , , , , , , , , , , , , , , , , , , , 
0.1682308, 0.0151064, 4.374, -0.793457, 4.374, 0.2587891, 4.374, 0.4072266, 0.1682308, -0.0109102, 4.374, 0.9282227, 4.374, 0.2612305, 4.374, 0.1547852, 0.1682308, -0.0142672, 4.374, 0.362793, 4.374, -0.918457, 4.374, 0.0825195, 0.1682308, -0.0092317, 4.374, -0.3730469, 4.374, -0.8847656, 4.374, 0.1875, , , , , , , , , , , , , , , , , , , , , , 
0.16875, 0.0132601, 4.3875, -0.8022461, 4.3875, 0.2553711, 4.3875, 0.4067383, 0.16875, -0.0097353, 4.3875, 0.9360352, 4.3875, 0.2578125, 4.3875, 0.1630859, 0.16875, -0.014435, 4.3875, 0.362793, 4.3875, -0.9277344, 4.3875, 0.0742188, 0.16875, -0.0095674, 4.3875, -0.3857422, 4.3875, -0.8916016, 4.3875, 0.1816406, , , , , , , , , , , , , , , , , , , , , , 
0.1692692, 0.011078, 4.401, -0.8110352, 4.401, 0.2524414, 4.401, 0.3969727, 0.1692692, -0.012253, 4.401, 0.9487305, 4.401, 0.2661133, 4.401, 0.168457, 0.1692692, -0.0142672, 4.401, 0.355957, 4.401, -0.9414062, 4.401, 0.0761719, 0.1692692, -0.0072175, 4.401, -0.3828125, 4.401, -0.9121094, 4.401, 0.1870117, , , , , , , , , , , , , , , , , , , , , , 
0.1697885, 0.0104067, 4.4145, -0.815918, 4.4145, 0.2519531, 4.4145, 0.3881836, 0.1697885, -0.0139315, 4.4145, 0.940918, 4.4145, 0.265625, 4.4145, 0.1777344, 0.1697885, -0.0149386, 4.4145, 0.3330078, 4.4145, -0.9604492, 4.4145, 0.0898438, 0.1697885, -0.0028534, 4.4145, -0.3764648, 4.4145, -0.9125977, 4.4145, 0.1889648, , , , , , , , , , , , , , , , , , , , , , 
0.1703077, 0.0078889, 4.428, -0.8022461, 4.428, 0.2612305, 4.428, 0.3925781, 0.1703077, -0.012253, 4.428, 0.9233398, 4.428, 0.2714844, 4.428, 0.1625977, 0.1703077, -0.0135958, 4.428, 0.3305664, 4.428, -0.9570312, 4.428, 0.0844727, 0.1703077, 0.0038605, 4.428, -0.3793945, 4.428, -0.894043, 4.428, 0.1850586, , , , , , , , , , , , , , , , , , , , , , 
0.1708269, 0.0058747, 4.4415, -0.7851562, 4.4415, 0.2709961, 4.4415, 0.4067383, 0.1708269, -0.0085603, 4.4415, 0.9306641, 4.4415, 0.2714844, 4.4415, 0.1611328, 0.1708269, -0.0119173, 4.4415, 0.3491211, 4.4415, -0.9282227, 4.4415, 0.0776367, 0.1708269, 0.0109102, 4.4415, -0.3789062, 4.4415, -0.8867188, 4.4415, 0.1860352, , , , , , , , , , , , , , , , , , , , , , 
0.1713462, 0.0075532, 4.455, -0.7954102, 4.455, 0.2700195, 4.455, 0.418457, 0.1713462, -0.005539, 4.455, 0.9428711, 4.455, 0.269043, 4.455, 0.1513672, 0.1713462, -0.0102388, 4.455, 0.3647461, 4.455, -0.9248047, 4.455, 0.0878906, 0.1713462, 0.0146029, 4.455, -0.3745117, 4.455, -0.9013672, 4.455, 0.1889648, , , , , , , , , , , , , , , , , , , , , , 
0.1718654, 0.008896, 4.4685, -0.8125, 4.4685, 0.2631836, 4.4685, 0.4116211, 0.1718654, -0.0048676, 4.4685, 0.9482422, 4.4685, 0.2734375, 4.4685, 0.1552734, 0.1718654, -0.0075532, 4.4685, 0.3696289, 4.4685, -0.9467773, 4.4685, 0.0893555, 0.1718654, 0.018967, 4.4685, -0.378418, 4.4685, -0.9179688, 4.4685, 0.1943359, , , , , , , , , , , , , , , , , , , , , , 
0.1723846, 0.0095674, 4.482, -0.8173828, 4.482, 0.2587891, 4.482, 0.4018555, 0.1723846, -0.0062104, 4.482, 0.9355469, 4.482, 0.2719727, 4.482, 0.1630859, 0.1723846, -0.005539, 4.482, 0.3583984, 4.482, -0.9609375, 4.482, 0.0927734, 0.1723846, 0.0256809, 4.482, -0.3818359, 4.482, -0.9135742, 4.482, 0.1948242, , , , , , , , , , , , , , , , , , , , , , 
0.1729038, 0.0082246, 4.4955, -0.8027344, 4.4955, 0.2680664, 4.4955, 0.4008789, 0.1729038, -0.0068818, 4.4955, 0.9355469, 4.4955, 0.2768555, 4.4955, 0.1650391, 0.1729038, -0.0058747, 4.4955, 0.34375, 4.4955, -0.9487305, 4.4955, 0.0864258, 0.1729038, 0.0303807, 4.4955, -0.3818359, 4.4955, -0.8979492, 4.4955, 0.1816406, , , , , , , , , , , , , , , , , , , , , , 
0.1734231, 0.0045319, 4.509, -0.7929688, 4.509, 0.2714844, 4.509, 0.40625, 0.1734231, -0.005539, 4.509, 0.9326172, 4.509, 0.2807617, 4.509, 0.1567383, 0.1734231, -0.0060426, 4.509, 0.3447266, 4.509, -0.9345703, 4.509, 0.0810547, 0.1734231, 0.033402, 4.509, -0.3813477, 4.509, -0.8920898, 4.509, 0.1796875, , , , , , , , , , , , , , , , , , , , , , 
0.1739423, 0.0018463, 4.5225, -0.7929688, 4.5225, 0.2568359, 4.5225, 0.40625, 0.1739423, -0.005539, 4.5225, 0.9345703, 4.5225, 0.2670898, 4.5225, 0.159668, 0.1739423, -0.0078889, 4.5225, 0.3588867, 4.5225, -0.9282227, 4.5225, 0.0830078, 0.1739423, 0.0374304, 4.5225, -0.371582, 4.5225, -0.8950195, 4.5225, 0.1845703, , , , , , , , , , , , , , , , , , , , , , 
0.1744615, 0.0005035, 4.536, -0.8032227, 4.536, 0.25, 4.536, 0.4033203, 0.1744615, -0.0068818, 4.536, 0.9360352, 4.536, 0.2568359, 4.536, 0.1606445, 0.1744615, -0.0095674, 4.536, 0.3637695, 4.536, -0.9311523, 4.536, 0.0864258, 0.1744615, 0.040116, 4.536, -0.3759766, 4.536, -0.9003906, 4.536, 0.1879883, , , , , , , , , , , , , , , , , , , , , , 
0.1749808, -0.0025177, 4.5495, -0.8076172, 4.5495, 0.2451172, 4.5495, 0.4013672, 0.1749808, -0.0070497, 4.5495, 0.9375, 4.5495, 0.2578125, 4.5495, 0.1616211, 0.1749808, -0.0083925, 4.5495, 0.359375, 4.5495, -0.9394531, 4.5495, 0.0874023, 0.1749808, 0.0428016, 4.5495, -0.3813477, 4.5495, -0.9047852, 4.5495, 0.1904297, , , , , , , , , , , , , , , , , , , , , , 
0.1755, -0.0018463, 4.563, -0.8007812, 4.563, 0.2480469, 4.563, 0.3964844, 0.1755, -0.0070497, 4.563, 0.9194336, 4.563, 0.265625, 4.563, 0.1655273, 0.1755, -0.0070497, 4.563, 0.3359375, 4.563, -0.9389648, 4.563, 0.081543, 0.1755, 0.0433051, 4.563, -0.3803711, 4.563, -0.8950195, 4.563, 0.1821289, , , , , , , , , , , , , , , , , , , , , , 
0.1760192, 0.0011749, 4.5765, -0.7944336, 4.5765, 0.2592773, 4.5765, 0.3950195, 0.1760192, -0.0078889, 4.5765, 0.9174805, 4.5765, 0.2685547, 4.5765, 0.1650391, 0.1760192, -0.0052033, 4.5765, 0.3349609, 4.5765, -0.9335938, 4.5765, 0.0756836, 0.1760192, 0.0374304, 4.5765, -0.3759766, 4.5765, -0.8925781, 4.5765, 0.1826172, , , , , , , , , , , , , , , , , , , , , , 
0.1765385, 0.0015106, 4.59, -0.8027344, 4.59, 0.2597656, 4.59, 0.394043, 0.1765385, -0.0082246, 4.59, 0.9311523, 4.59, 0.2578125, 4.59, 0.1694336, 0.1765385, -0.0041962, 4.59, 0.3496094, 4.59, -0.9335938, 4.59, 0.0751953, 0.1765385, 0.03122, 4.59, -0.3671875, 4.59, -0.9003906, 4.59, 0.1826172, , , , , , , , , , , , , , , , , , , , , , 
0.1770577, 0.0028534, 4.6035, -0.8066406, 4.6035, 0.2495117, 4.6035, 0.3935547, 0.1770577, -0.0070497, 4.6035, 0.9428711, 4.6035, 0.2490234, 4.6035, 0.1708984, 0.1770577, -0.0048676, 4.6035, 0.3637695, 4.6035, -0.940918, 4.6035, 0.0805664, 0.1770577, 0.0265202, 4.6035, -0.3598633, 4.6035, -0.9111328, 4.6035, 0.1811523, , , , , , , , , , , , , , , , , , , , , , 
0.1775769, 0.0078889, 4.617, -0.8051758, 4.617, 0.2509766, 4.617, 0.3916016, 0.1775769, -0.005539, 4.617, 0.9448242, 4.617, 0.2519531, 4.617, 0.1679688, 0.1775769, -0.0052033, 4.617, 0.3588867, 4.617, -0.9438477, 4.617, 0.078125, 0.1775769, 0.0226596, 4.617, -0.362793, 4.617, -0.9150391, 4.617, 0.1806641, , , , , , , , , , , , , , , , , , , , , , 
0.1780962, 0.0115816, 4.6305, -0.8056641, 4.6305, 0.2529297, 4.6305, 0.3974609, 0.1780962, -0.0062104, 4.6305, 0.9428711, 4.6305, 0.2617188, 4.6305, 0.1704102, 0.1780962, -0.0075532, 4.6305, 0.3447266, 4.6305, -0.9448242, 4.6305, 0.0776367, 0.1780962, 0.021149, 4.6305, -0.3647461, 4.6305, -0.9116211, 4.6305, 0.1811523, , , , , , , , , , , , , , , , , , , , , , 
0.1786154, 0.012253, 4.644, -0.8076172, 4.644, 0.2529297, 4.644, 0.394043, 0.1786154, -0.0068818, 4.644, 0.9174805, 4.644, 0.265625, 4.644, 0.1708984, 0.1786154, -0.008896, 4.644, 0.3466797, 4.644, -0.934082, 4.644, 0.0756836, 0.1786154, 0.0176242, 4.644, -0.3701172, 4.644, -0.8994141, 4.644, 0.1806641, , , , , , , , , , , , , , , , , , , , , , 
0.1791346, 0.0129244, 4.6575, -0.8012695, 4.6575, 0.2583008, 4.6575, 0.3979492, 0.1791346, -0.0068818, 4.6575, 0.9233398, 4.6575, 0.2578125, 4.6575, 0.1806641, 0.1791346, -0.0102388, 4.6575, 0.3466797, 4.6575, -0.9277344, 4.6575, 0.0830078, 0.1791346, 0.0119173, 4.6575, -0.3779297, 4.6575, -0.8916016, 4.6575, 0.1860352, , , , , , , , , , , , , , , , , , , , , , 
0.1796538, 0.0139315, 4.671, -0.8037109, 4.671, 0.2519531, 4.671, 0.3945312, 0.1796538, -0.0058747, 4.671, 0.9448242, 4.671, 0.2514648, 4.671, 0.168457, 0.1796538, -0.011078, 4.671, 0.3457031, 4.671, -0.9311523, 4.671, 0.0849609, 0.1796538, 0.0095674, 4.671, -0.3847656, 4.671, -0.8999023, 4.671, 0.1884766, , , , , , , , , , , , , , , , , , , , , , 
0.1801731, 0.0154421, 4.6845, -0.8027344, 4.6845, 0.2475586, 4.6845, 0.4003906, 0.1801731, -0.0057069, 4.6845, 0.9458008, 4.6845, 0.2495117, 4.6845, 0.168457, 0.1801731, -0.0097353, 4.6845, 0.340332, 4.6845, -0.9370117, 4.6845, 0.0751953, 0.1801731, 0.008896, 4.6845, -0.3823242, 4.6845, -0.9023438, 4.6845, 0.1845703, , , , , , , , , , , , , , , , , , , , , , 
0.1806923, 0.0194705, 4.698, -0.8110352, 4.698, 0.2504883, 4.698, 0.4038086, 0.1806923, -0.005539, 4.698, 0.9331055, 4.698, 0.2612305, 4.698, 0.1679688, 0.1806923, -0.0078889, 4.698, 0.3442383, 4.698, -0.9428711, 4.698, 0.0791016, 0.1806923, 0.0058747, 4.698, -0.3735352, 4.698, -0.90625, 4.698, 0.1860352, , , , , , , , , , , , , , , , , , , , , , 
0.1812115, 0.0219883, 4.7115, -0.8105469, 4.7115, 0.2597656, 4.7115, 0.3911133, 0.1812115, -0.0058747, 4.7115, 0.9306641, 4.7115, 0.2651367, 4.7115, 0.1723633, 0.1812115, -0.0072175, 4.7115, 0.3496094, 4.7115, -0.9458008, 4.7115, 0.0825195, 0.1812115, 0.0018463, 4.7115, -0.3662109, 4.7115, -0.9042969, 4.7115, 0.1865234, , , , , , , , , , , , , , , , , , , , , , 
0.1817308, 0.0243381, 4.725, -0.8051758, 4.725, 0.2573242, 4.725, 0.3930664, 0.1817308, -0.0035248, 4.725, 0.9291992, 4.725, 0.2631836, 4.725, 0.1699219, 0.1817308, -0.0068818, 4.725, 0.3569336, 4.725, -0.940918, 4.725, 0.0766602, 0.1817308, -0.0008392, 4.725, -0.359375, 4.725, -0.8964844, 4.725, 0.1791992, , , , , , , , , , , , , , , , , , , , , , 
0.18225, 0.0258488, 4.7385, -0.8007812, 4.7385, 0.2553711, 4.7385, 0.3959961, 0.18225, -0.0030213, 4.7385, 0.9331055, 4.7385, 0.2607422, 4.7385, 0.171875, 0.18225, -0.0050355, 4.7385, 0.3569336, 4.7385, -0.9370117, 4.7385, 0.074707, 0.18225, -0.0006714, 4.7385, -0.3588867, 4.7385, -0.9018555, 4.7385, 0.1748047, , , , , , , , , , , , , , , , , , , , , , 
0.1827692, 0.0256809, 4.752, -0.7988281, 4.752, 0.2480469, 4.752, 0.3925781, 0.1827692, -0.0058747, 4.752, 0.9360352, 4.752, 0.2568359, 4.752, 0.1689453, 0.1827692, -0.0041962, 4.752, 0.3515625, 4.752, -0.9375, 4.752, 0.0766602, 0.1827692, -0.0005035, 4.752, -0.3623047, 4.752, -0.9057617, 4.752, 0.1743164, , , , , , , , , , , , , , , , , , , , , , 
0.1832885, 0.0263523, 4.7655, -0.793457, 4.7655, 0.2431641, 4.7655, 0.3969727, 0.1832885, -0.0062104, 4.7655, 0.921875, 4.7655, 0.2607422, 4.7655, 0.1577148, 0.1832885, -0.0058747, 4.7655, 0.3452148, 4.7655, -0.9379883, 4.7655, 0.0761719, 0.1832885, -0.002182, 4.7655, -0.362793, 4.7655, -0.8955078, 4.7655, 0.175293, , , , , , , , , , , , , , , , , , , , , , 
0.1838077, 0.0219883, 4.779, -0.7890625, 4.779, 0.2456055, 4.779, 0.3925781, 0.1838077, -0.005539, 4.779, 0.9204102, 4.779, 0.2617188, 4.779, 0.1630859, 0.1838077, -0.0075532, 4.779, 0.3349609, 4.779, -0.9321289, 4.779, 0.078125, 0.1838077, -0.0031891, 4.779, -0.3652344, 4.779, -0.8896484, 4.779, 0.1738281, , , , , , , , , , , , , , , , , , , , , , 
0.1843269, 0.0164492, 4.7925, -0.796875, 4.7925, 0.2509766, 4.7925, 0.3920898, 0.1843269, -0.0053712, 4.7925, 0.9238281, 4.7925, 0.2558594, 4.7925, 0.1704102, 0.1843269, -0.0085603, 4.7925, 0.3339844, 4.7925, -0.9311523, 4.7925, 0.0800781, 0.1843269, 0.0005035, 4.7925, -0.3793945, 4.7925, -0.8925781, 4.7925, 0.1733398, , , , , , , , , , , , , , , , , , , , , , 
0.1848462, 0.0139315, 4.806, -0.8017578, 4.806, 0.25, 4.806, 0.3857422, 0.1848462, -0.0068818, 4.806, 0.9296875, 4.806, 0.2558594, 4.806, 0.175293, 0.1848462, -0.0075532, 4.806, 0.3325195, 4.806, -0.9350586, 4.806, 0.0820312, 0.1848462, 0.0031891, 4.806, -0.3828125, 4.806, -0.9042969, 4.806, 0.1733398, , , , , , , , , , , , , , , , , , , , , , 
0.1853654, 0.0169528, 4.8195, -0.7949219, 4.8195, 0.2509766, 4.8195, 0.3891602, 0.1853654, -0.0078889, 4.8195, 0.9316406, 4.8195, 0.2612305, 4.8195, 0.1699219, 0.1853654, -0.0068818, 4.8195, 0.3325195, 4.8195, -0.9414062, 4.8195, 0.0795898, 0.1853654, 0.0048676, 4.8195, -0.3725586, 4.8195, -0.9038086, 4.8195, 0.171875, , , , , , , , , , , , , , , , , , , , , , 
0.1858846, 0.0171206, 4.833, -0.800293, 4.833, 0.2524414, 4.833, 0.4013672, 0.1858846, -0.0065461, 4.833, 0.9277344, 4.833, 0.2666016, 4.833, 0.1586914, 0.1858846, -0.0090639, 4.833, 0.3300781, 4.833, -0.9375, 4.833, 0.0776367, 0.1858846, 0.0025177, 4.833, -0.3618164, 4.833, -0.8964844, 4.833, 0.1748047, , , , , , , , , , , , , , , , , , , , , , 
0.1864038, 0.0176242, 4.8465, -0.8066406, 4.8465, 0.2490234, 4.8465, 0.4038086, 0.1864038, -0.0068818, 4.8465, 0.925293, 4.8465, 0.2504883, 4.8465, 0.1694336, 0.1864038, -0.012253, 4.8465, 0.3442383, 4.8465, -0.9321289, 4.8465, 0.0810547, 0.1864038, -0.0011749, 4.8465, -0.3623047, 4.8465, -0.8945312, 4.8465, 0.1782227, , , , , , , , , , , , , , , , , , , , , , 
0.1869231, 0.0172885, 4.86, -0.8149414, 4.86, 0.2436523, 4.86, 0.4023438, 0.1869231, -0.0082246, 4.86, 0.9233398, 4.86, 0.2456055, 4.86, 0.1748047, 0.1869231, -0.0129244, 4.86, 0.3671875, 4.86, -0.9321289, 4.86, 0.0791016, 0.1869231, -0.0028534, 4.86, -0.3706055, 4.86, -0.9135742, 4.86, 0.1787109, , , , , , , , , , , , , , , , , , , , , , 
0.1874423, 0.0199741, 4.8735, -0.8222656, 4.8735, 0.2524414, 4.8735, 0.390625, 0.1874423, -0.0082246, 4.8735, 0.949707, 4.8735, 0.2412109, 4.8735, 0.1865234, 0.1874423, -0.011078, 4.8735, 0.3637695, 4.8735, -0.9492188, 4.8735, 0.0810547, 0.1874423, -0.0045319, 4.8735, -0.3710938, 4.8735, -0.9267578, 4.8735, 0.1845703, , , , , , , , , , , , , , , , , , , , , , 
0.1879615, 0.0219883, 4.887, -0.8242188, 4.887, 0.2568359, 4.887, 0.3881836, 0.1879615, -0.0068818, 4.887, 0.9594727, 4.887, 0.2514648, 4.887, 0.1821289, 0.1879615, -0.0112459, 4.887, 0.3452148, 4.887, -0.9570312, 4.887, 0.0737305, 0.1879615, -0.0065461, 4.887, -0.3657227, 4.887, -0.9135742, 4.887, 0.1821289, , , , , , , , , , , , , , , , , , , , , , 
0.1884808, 0.0196384, 4.9005, -0.8203125, 4.9005, 0.2587891, 4.9005, 0.4047852, 0.1884808, -0.0048676, 4.9005, 0.940918, 4.9005, 0.2597656, 4.9005, 0.1796875, 0.1884808, -0.012253, 4.9005, 0.3330078, 4.9005, -0.9516602, 4.9005, 0.0751953, 0.1884808, -0.0072175, 4.9005, -0.3637695, 4.9005, -0.9033203, 4.9005, 0.1777344, , , , , , , , , , , , , , , , , , , , , , 
0.189, 0.0137636, 4.914, -0.8212891, 4.914, 0.2553711, 4.914, 0.4042969, 0.189, -0.0030213, 4.914, 0.9331055, 4.914, 0.253418, 4.914, 0.1767578, 0.189, -0.0119173, 4.914, 0.3457031, 4.914, -0.9443359, 4.914, 0.0854492, 0.189, -0.005539, 4.914, -0.3730469, 4.914, -0.9072266, 4.914, 0.1796875, , , , , , , , , , , , , , , , , , , , , , 
0.1895192, 0.0082246, 4.9275, -0.8217773, 4.9275, 0.2529297, 4.9275, 0.3925781, 0.1895192, -0.0035248, 4.9275, 0.9321289, 4.9275, 0.2543945, 4.9275, 0.1845703, 0.1895192, -0.0112459, 4.9275, 0.3530273, 4.9275, -0.9428711, 4.9275, 0.0893555, 0.1895192, -0.002182, 4.9275, -0.3798828, 4.9275, -0.9125977, 4.9275, 0.1791992, , , , , , , , , , , , , , , , , , , , , , 
0.1900385, 0.0048676, 4.941, -0.8222656, 4.941, 0.2607422, 4.941, 0.3901367, 0.1900385, -0.005539, 4.941, 0.949707, 4.941, 0.2636719, 4.941, 0.1889648, 0.1900385, -0.0095674, 4.941, 0.3461914, 4.941, -0.949707, 4.941, 0.0776367, 0.1900385, 0.0041962, 4.941, -0.3833008, 4.941, -0.921875, 4.941, 0.1743164, , , , , , , , , , , , , , , , , , , , , , 
0.1905577, 0.0062104, 4.9545, -0.8188477, 4.9545, 0.2661133, 4.9545, 0.3901367, 0.1905577, -0.0075532, 4.9545, 0.949707, 4.9545, 0.2675781, 4.9545, 0.1772461, 0.1905577, -0.0063783, 4.9545, 0.324707, 4.9545, -0.956543, 4.9545, 0.0751953, 0.1905577, 0.0065461, 4.9545, -0.3764648, 4.9545, -0.9067383, 4.9545, 0.1743164, , , , , , , , , , , , , , , , , , , , , , 
0.1910769, 0.0095674, 4.968, -0.8125, 4.968, 0.2666016, 4.968, 0.4013672, 0.1910769, -0.0085603, 4.968, 0.9316406, 4.968, 0.2641602, 4.968, 0.1708984, 0.1910769, -0.0052033, 4.968, 0.3232422, 4.968, -0.9536133, 4.968, 0.0888672, 0.1910769, 0.0072175, 4.968, -0.3725586, 4.968, -0.9008789, 4.968, 0.1708984, , , , , , , , , , , , , , , , , , , , , , 
0.1915962, 0.0072175, 4.9815, -0.809082, 4.9815, 0.2563477, 4.9815, 0.4023438, 0.1915962, -0.0065461, 4.9815, 0.9272461, 4.9815, 0.2631836, 4.9815, 0.1674805, 0.1915962, -0.0068818, 4.9815, 0.3510742, 4.9815, -0.953125, 4.9815, 0.0898438, 0.1915962, 0.0115816, 4.9815, -0.3730469, 4.9815, -0.9130859, 4.9815, 0.1708984, , , , , , , , , , , , , , , , , , , , , , 
0.1921154, 0.0028534, 4.995, -0.8081055, 4.995, 0.2519531, 4.995, 0.3930664, 0.1921154, -0.0043641, 4.995, 0.9316406, 4.995, 0.2592773, 4.995, 0.1733398, 0.1921154, -0.0068818, 4.995, 0.3598633, 4.995, -0.9448242, 4.995, 0.0795898, 0.1921154, 0.0169528, 4.995, -0.3686523, 4.995, -0.9233398, 4.995, 0.1674805, , , , , , , , , , , , , , , , , , , , , , 
0.1926346, -0.0005035, 5.0085, -0.8125, 5.0085, 0.2587891, 5.0085, 0.3891602, 0.1926346, -0.0050355, 5.0085, 0.9365234, 5.0085, 0.2636719, 5.0085, 0.1835938, 0.1926346, -0.0058747, 5.0085, 0.3398438, 5.0085, -0.9448242, 5.0085, 0.081543, 0.1926346, 0.0224918, 5.0085, -0.3696289, 5.0085, -0.921875, 5.0085, 0.1694336, , , , , , , , , , , , , , , , , , , , , , 
0.1931538, 0.0001678, 5.022, -0.8100586, 5.022, 0.2651367, 5.022, 0.390625, 0.1931538, -0.0077211, 5.022, 0.9301758, 5.022, 0.2714844, 5.022, 0.1713867, 0.1931538, -0.0058747, 5.022, 0.3203125, 5.022, -0.9589844, 5.022, 0.0805664, 0.1931538, 0.0260166, 5.022, -0.3745117, 5.022, -0.9174805, 5.022, 0.1635742, , , , , , , , , , , , , , , , , , , , , , 
0.1936731, 0.0031891, 5.0355, -0.7998047, 5.0355, 0.262207, 5.0355, 0.4018555, 0.1936731, -0.0092317, 5.0355, 0.9238281, 5.0355, 0.2705078, 5.0355, 0.1655273, 0.1936731, -0.005539, 5.0355, 0.3271484, 5.0355, -0.9609375, 5.0355, 0.0839844, 0.1936731, 0.0265202, 5.0355, -0.3769531, 5.0355, -0.9160156, 5.0355, 0.1674805, , , , , , , , , , , , , , , , , , , , , , 
0.1941923, 0.0043641, 5.049, -0.8022461, 5.049, 0.2548828, 5.049, 0.3974609, 0.1941923, -0.008896, 5.049, 0.9208984, 5.049, 0.2607422, 5.049, 0.1665039, 0.1941923, -0.0041962, 5.049, 0.3452148, 5.049, -0.9501953, 5.049, 0.0869141, 0.1941923, 0.0273594, 5.049, -0.3808594, 5.049, -0.9213867, 5.049, 0.1723633, , , , , , , , , , , , , , , , , , , , , , 
0.1947115, 0.0045319, 5.0625, -0.8041992, 5.0625, 0.253418, 5.0625, 0.3950195, 0.1947115, -0.0099031, 5.0625, 0.9311523, 5.0625, 0.2480469, 5.0625, 0.1772461, 0.1947115, -0.0028534, 5.0625, 0.3486328, 5.0625, -0.9433594, 5.0625, 0.0913086, 0.1947115, 0.0310521, 5.0625, -0.3901367, 5.0625, -0.925293, 5.0625, 0.1679688, , , , , , , , , , , , , , , , , , , , , , 
0.1952308, 0.0058747, 5.076, -0.8027344, 5.076, 0.2626953, 5.076, 0.3833008, 0.1952308, -0.0109102, 5.076, 0.9326172, 5.076, 0.2597656, 5.076, 0.1748047, 0.1952308, -0.0015106, 5.076, 0.3442383, 5.076, -0.9477539, 5.076, 0.0932617, 0.1952308, 0.033402, 5.076, -0.3959961, 5.076, -0.9257812, 5.076, 0.1674805, , , , , , , , , , , , , , , , , , , , , , 
0.19575, 0.0102388, 5.0895, -0.7949219, 5.0895, 0.2670898, 5.0895, 0.3789062, 0.19575, -0.0109102, 5.0895, 0.9150391, 5.0895, 0.2714844, 5.0895, 0.1733398, 0.19575, -0.0015106, 5.0895, 0.3217773, 5.0895, -0.9536133, 5.0895, 0.0859375, 0.19575, 0.0340734, 5.0895, -0.3950195, 5.0895, -0.9160156, 5.0895, 0.1665039, , , , , , , , , , , , , , , , , , , , , , 
0.1962692, 0.0166171, 5.103, -0.7827148, 5.103, 0.269043, 5.103, 0.3818359, 0.1962692, -0.0105745, 5.103, 0.8979492, 5.103, 0.2734375, 5.103, 0.175293, 0.1962692, -0.0003357, 5.103, 0.3100586, 5.103, -0.9458008, 5.103, 0.0957031, 0.1962692, 0.0317235, 5.103, -0.3867188, 5.103, -0.9023438, 5.103, 0.1586914, , , , , , , , , , , , , , , , , , , , , , 
0.1967885, 0.0219883, 5.1165, -0.7915039, 5.1165, 0.2695312, 5.1165, 0.3710938, 0.1967885, -0.0109102, 5.1165, 0.8935547, 5.1165, 0.2641602, 5.1165, 0.1884766, 0.1967885, -0.0001678, 5.1165, 0.3144531, 5.1165, -0.9404297, 5.1165, 0.1030273, 0.1967885, 0.0246738, 5.1165, -0.3925781, 5.1165, -0.9003906, 5.1165, 0.152832, , , , , , , , , , , , , , , , , , , , , , 
0.1973077, 0.0179599, 5.13, -0.7939453, 5.13, 0.265625, 5.13, 0.3676758, 0.1973077, -0.0102388, 5.13, 0.9189453, 5.13, 0.2519531, 5.13, 0.1865234, 0.1973077, -0.0015106, 5.13, 0.3139648, 5.13, -0.9389648, 5.13, 0.0976562, 0.1973077, 0.0209812, 5.13, -0.4052734, 5.13, -0.9033203, 5.13, 0.1508789, , , , , , , , , , , , , , , , , , , , , , 
0.1978269, 0.0151064, 5.1435, -0.7880859, 5.1435, 0.2626953, 5.1435, 0.3666992, 0.1978269, -0.0092317, 5.1435, 0.9052734, 5.1435, 0.2612305, 5.1435, 0.1884766, 0.1978269, -0.0045319, 5.1435, 0.3071289, 5.1435, -0.9365234, 5.1435, 0.0986328, 0.1978269, 0.0193027, 5.1435, -0.3969727, 5.1435, -0.9067383, 5.1435, 0.1533203, , , , , , , , , , , , , , , , , , , , , , 
0.1983462, 0.017792, 5.157, -0.769043, 5.157, 0.2670898, 5.157, 0.3666992, 0.1983462, -0.0082246, 5.157, 0.8857422, 5.157, 0.269043, 5.157, 0.1914062, 0.1983462, -0.0062104, 5.157, 0.309082, 5.157, -0.9306641, 5.157, 0.1010742, 0.1983462, 0.0162814, 5.157, -0.3852539, 5.157, -0.9033203, 5.157, 0.1552734, , , , , , , , , , , , , , , , , , , , , , 
0.1988654, 0.0206455, 5.1705, -0.7641602, 5.1705, 0.2700195, 5.1705, 0.371582, 0.1988654, -0.0085603, 5.1705, 0.8789062, 5.1705, 0.2661133, 5.1705, 0.1704102, 0.1988654, -0.0072175, 5.1705, 0.3178711, 5.1705, -0.921875, 5.1705, 0.1103516, 0.1988654, 0.0149386, 5.1705, -0.390625, 5.1705, -0.8881836, 5.1705, 0.1508789, , , , , , , , , , , , , , , , , , , , , , 
0.1993846, 0.0213169, 5.184, -0.7739258, 5.184, 0.2651367, 5.184, 0.3632812, 0.1993846, -0.0095674, 5.184, 0.8857422, 5.184, 0.2568359, 5.184, 0.1767578, 0.1993846, -0.0072175, 5.184, 0.3144531, 5.184, -0.9165039, 5.184, 0.1137695, 0.1993846, 0.0137636, 5.184, -0.4003906, 5.184, -0.8818359, 5.184, 0.1479492, , , , , , , , , , , , , , , , , , , , , , 
0.1999038, 0.0194705, 5.1975, -0.7768555, 5.1975, 0.2583008, 5.1975, 0.3583984, 0.1999038, -0.008896, 5.1975, 0.8901367, 5.1975, 0.2460938, 5.1975, 0.1855469, 0.1999038, -0.0075532, 5.1975, 0.3085938, 5.1975, -0.9111328, 5.1975, 0.1245117, 0.1999038, 0.0125887, 5.1975, -0.4160156, 5.1975, -0.8867188, 5.1975, 0.1513672, , , , , , , , , , , , , , , , , , , , , , 
0.2004231, 0.0199741, 5.211, -0.7797852, 5.211, 0.2543945, 5.211, 0.3652344, 0.2004231, -0.0082246, 5.211, 0.8935547, 5.211, 0.2431641, 5.211, 0.1894531, 0.2004231, -0.0075532, 5.211, 0.3095703, 5.211, -0.9140625, 5.211, 0.1098633, 0.2004231, 0.0132601, 5.211, -0.4179688, 5.211, -0.8955078, 5.211, 0.1572266, , , , , , , , , , , , , , , , , , , , , , 
0.2009423, 0.023331, 5.2245, -0.7763672, 5.2245, 0.2548828, 5.2245, 0.3671875, 0.2009423, -0.0095674, 5.2245, 0.8876953, 5.2245, 0.2451172, 5.2245, 0.1826172, 0.2009423, -0.0062104, 5.2245, 0.3046875, 5.2245, -0.9208984, 5.2245, 0.1010742, 0.2009423, 0.0132601, 5.2245, -0.40625, 5.2245, -0.8901367, 5.2245, 0.1586914, , , , , , , , , , , , , , , , , , , , , , 
0.2014615, 0.024506, 5.238, -0.7602539, 5.238, 0.2626953, 5.238, 0.3569336, 0.2014615, -0.0102388, 5.238, 0.8637695, 5.238, 0.2543945, 5.238, 0.1791992, 0.2014615, -0.0065461, 5.238, 0.3056641, 5.238, -0.9243164, 5.238, 0.1103516, 0.2014615, 0.0093996, 5.238, -0.402832, 5.238, -0.8891602, 5.238, 0.1586914, , , , , , , , , , , , , , , , , , , , , , 
0.2019808, 0.0226596, 5.2515, -0.7519531, 5.2515, 0.2651367, 5.2515, 0.3637695, 0.2019808, -0.0092317, 5.2515, 0.8608398, 5.2515, 0.2524414, 5.2515, 0.1772461, 0.2019808, -0.008896, 5.2515, 0.3017578, 5.2515, -0.9179688, 5.2515, 0.1210938, 0.2019808, 0.0072175, 5.2515, -0.3999023, 5.2515, -0.8793945, 5.2515, 0.1582031, , , , , , , , , , , , , , , , , , , , , , 
0.2025, 0.0229953, 5.265, -0.7446289, 5.265, 0.2602539, 5.265, 0.3632812, 0.2025, -0.008896, 5.265, 0.855957, 5.265, 0.2387695, 5.265, 0.1635742, 0.2025, -0.0097353, 5.265, 0.3095703, 5.265, -0.9003906, 5.265, 0.1142578, 0.2025, 0.0102388, 5.265, -0.4023438, 5.265, -0.8706055, 5.265, 0.1538086, , , , , , , , , , , , , , , , , , , , , , 
0.2030192, 0.0223239, 5.2785, -0.7490234, 5.2785, 0.2568359, 5.2785, 0.3535156, 0.2030192, -0.0078889, 5.2785, 0.862793, 5.2785, 0.2265625, 5.2785, 0.1855469, 0.2030192, -0.0090639, 5.2785, 0.3095703, 5.2785, -0.8935547, 5.2785, 0.1103516, 0.2030192, 0.0119173, 5.2785, -0.4077148, 5.2785, -0.8759766, 5.2785, 0.1469727, , , , , , , , , , , , , , , , , , , , , , 
0.2035385, 0.0176242, 5.292, -0.7548828, 5.292, 0.2509766, 5.292, 0.3457031, 0.2035385, -0.0085603, 5.292, 0.8623047, 5.292, 0.2294922, 5.292, 0.1708984, 0.2035385, -0.0092317, 5.292, 0.3071289, 5.292, -0.9018555, 5.292, 0.1044922, 0.2035385, 0.0112459, 5.292, -0.3994141, 5.292, -0.8828125, 5.292, 0.1523438, , , , , , , , , , , , , , , , , , , , , , 
0.2040577, 0.0132601, 5.3055, -0.734375, 5.3055, 0.2348633, 5.3055, 0.3457031, 0.2040577, -0.0092317, 5.3055, 0.8256836, 5.3055, 0.2324219, 5.3055, 0.1601562, 0.2040577, -0.0109102, 5.3055, 0.2841797, 5.3055, -0.8959961, 5.3055, 0.0927734, 0.2040577, 0.0105745, 5.3055, -0.3769531, 5.3055, -0.8681641, 5.3055, 0.1542969, , , , , , , , , , , , , , , , , , , , , , 
0.2045769, 0.0132601, 5.319, -0.7099609, 5.319, 0.2094727, 5.319, 0.3496094, 0.2045769, -0.0105745, 5.319, 0.7900391, 5.319, 0.2207031, 5.319, 0.1669922, 0.2045769, -0.0102388, 5.319, 0.2773438, 5.319, -0.8847656, 5.319, 0.0820312, 0.2045769, 0.0105745, 5.319, -0.3515625, 5.319, -0.8447266, 5.319, 0.1479492, , , , , , , , , , , , , , , , , , , , , , 
0.2050962, 0.0164492, 5.3325, -0.7055664, 5.3325, 0.1923828, 5.3325, 0.3417969, 0.2050962, -0.0095674, 5.3325, 0.8061523, 5.3325, 0.1894531, 5.3325, 0.1557617, 0.2050962, -0.0090639, 5.3325, 0.2871094, 5.3325, -0.8588867, 5.3325, 0.0737305, 0.2050962, 0.0092317, 5.3325, -0.331543, 5.3325, -0.8388672, 5.3325, 0.1318359, , , , , , , , , , , , , , , , , , , , , , 
0.2056154, 0.0196384, 5.346, -0.7143555, 5.346, 0.1762695, 5.346, 0.3217773, 0.2056154, -0.0075532, 5.346, 0.8310547, 5.346, 0.1694336, 5.346, 0.1625977, 0.2056154, -0.008896, 5.346, 0.3100586, 5.346, -0.8452148, 5.346, 0.074707, 0.2056154, 0.0072175, 5.346, -0.3256836, 5.346, -0.8452148, 5.346, 0.1298828, , , , , , , , , , , , , , , , , , , , , , 
0.2061346, 0.0208133, 5.3595, -0.6938477, 5.3595, 0.1572266, 5.3595, 0.3183594, 0.2061346, -0.0082246, 5.3595, 0.8349609, 5.3595, 0.1489258, 5.3595, 0.1621094, 0.2061346, -0.008896, 5.3595, 0.309082, 5.3595, -0.8466797, 5.3595, 0.0683594, 0.2061346, 0.002182, 5.3595, -0.3188477, 5.3595, -0.8374023, 5.3595, 0.1342773, , , , , , , , , , , , , , , , , , , , , , 
0.2066538, 0.0179599, 5.373, -0.668457, 5.373, 0.1450195, 5.373, 0.3125, 0.2066538, -0.0109102, 5.373, 0.7827148, 5.373, 0.1494141, 5.373, 0.1699219, 0.2066538, -0.0109102, 5.373, 0.2641602, 5.373, -0.8320312, 5.373, 0.0634766, 0.2066538, -0.0038605, 5.373, -0.3081055, 5.373, -0.8173828, 5.373, 0.1333008, , , , , , , , , , , , , , , , , , , , , , 
0.2071731, 0.017792, 5.3865, -0.6489258, 5.3865, 0.1313477, 5.3865, 0.3037109, 0.2071731, -0.012253, 5.3865, 0.7539062, 5.3865, 0.1542969, 5.3865, 0.1469727, 0.2071731, -0.0129244, 5.3865, 0.2485352, 5.3865, -0.8056641, 5.3865, 0.046875, 0.2071731, -0.0062104, 5.3865, -0.3037109, 5.3865, -0.8017578, 5.3865, 0.1308594, , , , , , , , , , , , , , , , , , , , , , 
0.2076923, 0.0159457, 5.4, -0.6489258, 5.4, 0.1206055, 5.4, 0.2998047, 0.2076923, -0.0102388, 5.4, 0.7373047, 5.4, 0.1318359, 5.4, 0.1201172, 0.2076923, -0.012253, 5.4, 0.2763672, 5.4, -0.769043, 5.4, 0.0385742, 0.2076923, -0.0068818, 5.4, -0.2836914, 5.4, -0.762207, 5.4, 0.1274414, , , , , , , , , , , , , , , , , , , , , , 
0.2082115, 0.0124208, 5.4135, -0.6479492, 5.4135, 0.1049805, 5.4135, 0.3051758, 0.2082115, -0.0078889, 5.4135, 0.746582, 5.4135, 0.0957031, 5.4135, 0.140625, 0.2082115, -0.0117494, 5.4135, 0.2832031, 5.4135, -0.7456055, 5.4135, 0.0400391, 0.2082115, -0.0068818, 5.4135, -0.2680664, 5.4135, -0.7363281, 5.4135, 0.1264648, , , , , , , , , , , , , , , , , , , , , , 
0.2087308, 0.0099031, 5.427, -0.6381836, 5.427, 0.0913086, 5.427, 0.3032227, 0.2087308, -0.0062104, 5.427, 0.7421875, 5.427, 0.0732422, 5.427, 0.125, 0.2087308, -0.012253, 5.427, 0.2885742, 5.427, -0.7333984, 5.427, 0.0317383, 0.2087308, -0.0048676, 5.427, -0.2607422, 5.427, -0.7304688, 5.427, 0.1420898, , , , , , , , , , , , , , , , , , , , , , 
0.20925, 0.0087282, 5.4405, -0.6289062, 5.4405, 0.0698242, 5.4405, 0.28125, 0.20925, -0.0065461, 5.4405, 0.7338867, 5.4405, 0.0668945, 5.4405, 0.1542969, 0.20925, -0.012253, 5.4405, 0.2768555, 5.4405, -0.7128906, 5.4405, 0.0048828, 0.20925, -0.0008392, 5.4405, -0.2495117, 5.4405, -0.7207031, 5.4405, 0.1494141, , , , , , , , , , , , , , , , , , , , , , 
0.2097692, 0.0078889, 5.454, -0.6425781, 5.454, 0.0498047, 5.454, 0.2573242, 0.2097692, -0.0070497, 5.454, 0.7172852, 5.454, 0.0546875, 5.454, 0.1586914, 0.2097692, -0.0115816, 5.454, 0.2685547, 5.454, -0.7075195, 5.454, -0.0078125, 0.2097692, 0.0045319, 5.454, -0.222168, 5.454, -0.7084961, 5.454, 0.1445312, , , , , , , , , , , , , , , , , , , , , , 
0.2102885, 0.0112459, 5.4675, -0.668457, 5.4675, 0.0410156, 5.4675, 0.2583008, 0.2102885, -0.0083925, 5.4675, 0.7094727, 5.4675, 0.0419922, 5.4675, 0.1557617, 0.2102885, -0.0085603, 5.4675, 0.2597656, 5.4675, -0.6972656, 5.4675, -0.027832, 0.2102885, 0.0082246, 5.4675, -0.1918945, 5.4675, -0.6962891, 5.4675, 0.1455078, , , , , , , , , , , , , , , , , , , , , , 
0.2108077, 0.0105745, 5.481, -0.6606445, 5.481, 0.0268555, 5.481, 0.2583008, 0.2108077, -0.0099031, 5.481, 0.6967773, 5.481, 0.0229492, 5.481, 0.1533203, 0.2108077, -0.0082246, 5.481, 0.2597656, 5.481, -0.703125, 5.481, -0.0395508, 0.2108077, 0.0099031, 5.481, -0.1704102, 5.481, -0.6918945, 5.481, 0.1420898, , , , , , , , , , , , , , , , , , , , , , 
0.2113269, 0.0072175, 5.4945, -0.6376953, 5.4945, 0.0151367, 5.4945, 0.2543945, 0.2113269, -0.0115816, 5.4945, 0.6982422, 5.4945, 0.003418, 5.4945, 0.1503906, 0.2113269, -0.0097353, 5.4945, 0.2734375, 5.4945, -0.7089844, 5.4945, -0.0219727, 0.2113269, 0.0112459, 5.4945, -0.1547852, 5.4945, -0.6845703, 5.4945, 0.144043, , , , , , , , , , , , , , , , , , , , , , 
0.2118462, 0.0036927, 5.508, -0.6279297, 5.508, -0.0004883, 5.508, 0.253418, 0.2118462, -0.0109102, 5.508, 0.7275391, 5.508, -0.0063477, 5.508, 0.1518555, 0.2118462, -0.0105745, 5.508, 0.28125, 5.508, -0.7084961, 5.508, -0.0361328, 0.2118462, 0.0169528, 5.508, -0.1547852, 5.508, -0.6821289, 5.508, 0.1489258, , , , , , , , , , , , , , , , , , , , , , 
0.2123654, 0.0003357, 5.5215, -0.6088867, 5.5215, -0.0117188, 5.5215, 0.2436523, 0.2123654, -0.0095674, 5.5215, 0.7104492, 5.5215, -0.0117188, 5.5215, 0.1396484, 0.2123654, -0.0105745, 5.5215, 0.2924805, 5.5215, -0.7036133, 5.5215, -0.0712891, 0.2123654, 0.0246738, 5.5215, -0.1381836, 5.5215, -0.6889648, 5.5215, 0.1386719, , , , , , , , , , , , , , , , , , , , , , 
0.2128846, 0.0018463, 5.535, -0.6079102, 5.535, -0.0351562, 5.535, 0.2333984, 0.2128846, -0.008896, 5.535, 0.6689453, 5.535, -0.0224609, 5.535, 0.1586914, 0.2128846, -0.0095674, 5.535, 0.2944336, 5.535, -0.6821289, 5.535, -0.078125, 0.2128846, 0.0293736, 5.535, -0.1157227, 5.535, -0.6914062, 5.535, 0.1401367, , , , , , , , , , , , , , , , , , , , , , 
0.2134038, 0.0065461, 5.5485, -0.6303711, 5.5485, -0.0498047, 5.5485, 0.2314453, 0.2134038, -0.0083925, 5.5485, 0.6860352, 5.5485, -0.050293, 5.5485, 0.175293, 0.2134038, -0.0075532, 5.5485, 0.2675781, 5.5485, -0.6669922, 5.5485, -0.0756836, 0.2134038, 0.0327306, 5.5485, -0.0830078, 5.5485, -0.6850586, 5.5485, 0.1474609, , , , , , , , , , , , , , , , , , , , , , 
0.2139231, 0.0078889, 5.562, -0.6459961, 5.562, -0.0556641, 5.562, 0.2270508, 0.2139231, -0.0095674, 5.562, 0.71875, 5.562, -0.0722656, 5.562, 0.1894531, 0.2139231, -0.005539, 5.562, 0.2485352, 5.562, -0.6674805, 5.562, -0.1074219, 0.2139231, 0.0354162, 5.562, -0.0854492, 5.562, -0.6782227, 5.562, 0.1513672, , , , , , , , , , , , , , , , , , , , , , 
0.2144423, 0.0112459, 5.5755, -0.6635742, 5.5755, -0.0751953, 5.5755, 0.2255859, 0.2144423, -0.0112459, 5.5755, 0.7143555, 5.5755, -0.0874023, 5.5755, 0.1894531, 0.2144423, -0.0052033, 5.5755, 0.2553711, 5.5755, -0.6831055, 5.5755, -0.1181641, 0.2144423, 0.0384375, 5.5755, -0.0898438, 5.5755, -0.6879883, 5.5755, 0.1259766, , , , , , , , , , , , , , , , , , , , , , 
0.2149615, 0.0139315, 5.589, -0.6582031, 5.589, -0.0952148, 5.589, 0.2089844, 0.2149615, -0.0104067, 5.589, 0.690918, 5.589, -0.0893555, 5.589, 0.1860352, 0.2149615, -0.0036927, 5.589, 0.2758789, 5.589, -0.7094727, 5.589, -0.1318359, 0.2149615, 0.0394446, 5.589, -0.059082, 5.589, -0.7182617, 5.589, 0.1132812, , , , , , , , , , , , , , , , , , , , , , 
0.2154808, 0.0142672, 5.6025, -0.6875, 5.6025, -0.1176758, 5.6025, 0.2089844, 0.2154808, -0.0090639, 5.6025, 0.6972656, 5.6025, -0.0986328, 5.6025, 0.1806641, 0.2154808, -0.0041962, 5.6025, 0.2470703, 5.6025, -0.7275391, 5.6025, -0.1201172, 0.2154808, 0.0391089, 5.6025, -0.0297852, 5.6025, -0.7246094, 5.6025, 0.1220703, , , , , , , , , , , , , , , , , , , , , , 
0.216, 0.0179599, 5.616, -0.7143555, 5.616, -0.1474609, 5.616, 0.2099609, 0.216, -0.0082246, 5.616, 0.7392578, 5.616, -0.152832, 5.616, 0.1948242, 0.216, -0.0048676, 5.616, 0.2382812, 5.616, -0.71875, 5.616, -0.1220703, 0.216, 0.0369268, 5.616, -0.0234375, 5.616, -0.7094727, 5.616, 0.1313477, , , , , , , , , , , , , , , , , , , , , , 
0.2165192, 0.0216526, 5.6295, -0.6879883, 5.6295, -0.1586914, 5.6295, 0.2265625, 0.2165192, -0.0075532, 5.6295, 0.7407227, 5.6295, -0.184082, 5.6295, 0.2070312, 0.2165192, -0.0062104, 5.6295, 0.2602539, 5.6295, -0.7016602, 5.6295, -0.1474609, 0.2165192, 0.0320592, 5.6295, -0.0292969, 5.6295, -0.7026367, 5.6295, 0.1455078, , , , , , , , , , , , , , , , , , , , , , 
0.2170385, 0.0226596, 5.643, -0.6416016, 5.643, -0.1704102, 5.643, 0.2387695, 0.2170385, -0.0068818, 5.643, 0.6870117, 5.643, -0.1914062, 5.643, 0.2041016, 0.2170385, -0.0065461, 5.643, 0.3076172, 5.643, -0.6801758, 5.643, -0.1811523, 0.2170385, 0.0265202, 5.643, -0.0009766, 5.643, -0.7138672, 5.643, 0.1674805, , , , , , , , , , , , , , , , , , , , , , 
0.2175577, 0.0206455, 5.6565, -0.6469727, 5.6565, -0.1713867, 5.6565, 0.2114258, 0.2175577, -0.0063783, 5.6565, 0.6479492, 5.6565, -0.1811523, 5.6565, 0.206543, 0.2175577, -0.0068818, 5.6565, 0.3164062, 5.6565, -0.6806641, 5.6565, -0.2285156, 0.2175577, 0.0213169, 5.6565, 0.0410156, 5.6565, -0.7382812, 5.6565, 0.1572266, , , , , , , , , , , , , , , , , , , , , , 
0.2180769, 0.0184634, 5.67, -0.706543, 5.67, -0.1821289, 5.67, 0.2036133, 0.2180769, -0.0070497, 5.67, 0.6831055, 5.67, -0.1850586, 5.67, 0.2456055, 0.2180769, -0.0058747, 5.67, 0.3081055, 5.67, -0.7158203, 5.67, -0.2485352, 0.2180769, 0.0169528, 5.67, 0.0664062, 5.67, -0.7602539, 5.67, 0.1259766, , , , , , , , , , , , , , , , , , , , , , 
0.2185962, 0.0162814, 5.6835, -0.7333984, 5.6835, -0.2109375, 5.6835, 0.1689453, 0.2185962, -0.0062104, 5.6835, 0.7265625, 5.6835, -0.2060547, 5.6835, 0.2539062, 0.2185962, -0.0045319, 5.6835, 0.2407227, 5.6835, -0.7724609, 5.6835, -0.2294922, 0.2185962, 0.0135958, 5.6835, 0.074707, 5.6835, -0.7695312, 5.6835, 0.1137695, , , , , , , , , , , , , , , , , , , , , , 
0.2191154, 0.0176242, 5.697, -0.7216797, 5.697, -0.2314453, 5.697, 0.1552734, 0.2191154, -0.0068818, 5.697, 0.7387695, 5.697, -0.2202148, 5.697, 0.2392578, 0.2191154, -0.005539, 5.697, 0.1826172, 5.697, -0.8081055, 5.697, -0.2226562, 0.2191154, 0.0119173, 5.697, 0.0756836, 5.697, -0.7822266, 5.697, 0.0961914, , , , , , , , , , , , , , , , , , , , , , 
0.2196346, 0.0179599, 5.7105, -0.6865234, 5.7105, -0.2441406, 5.7105, 0.206543, 0.2196346, -0.0058747, 5.7105, 0.6889648, 5.7105, -0.2412109, 5.7105, 0.2104492, 0.2196346, -0.0082246, 5.7105, 0.1796875, 5.7105, -0.8115234, 5.7105, -0.2333984, 0.2196346, 0.0115816, 5.7105, 0.0839844, 5.7105, -0.7744141, 5.7105, 0.0883789, , , , , , , , , , , , , , , , , , , , , , 
0.2201538, 0.0186313, 5.724, -0.6748047, 5.724, -0.2524414, 5.724, 0.2133789, 0.2201538, -0.0057069, 5.724, 0.6572266, 5.724, -0.2480469, 5.724, 0.1899414, 0.2201538, -0.0082246, 5.724, 0.1967773, 5.724, -0.7807617, 5.724, -0.2504883, 0.2201538, 0.0105745, 5.724, 0.1196289, 5.724, -0.7563477, 5.724, 0.1010742, , , , , , , , , , , , , , , , , , , , , , 
0.2206731, 0.0159457, 5.7375, -0.6640625, 5.7375, -0.2773438, 5.7375, 0.2246094, 0.2206731, -0.0078889, 5.7375, 0.6425781, 5.7375, -0.2724609, 5.7375, 0.1923828, 0.2206731, -0.0048676, 5.7375, 0.2514648, 5.7375, -0.7260742, 5.7375, -0.2734375, 0.2206731, 0.0104067, 5.7375, 0.1533203, 5.7375, -0.746582, 5.7375, 0.1274414, , , , , , , , , , , , , , , , , , , , , , 
0.2211923, 0.0114137, 5.751, -0.6928711, 5.751, -0.2944336, 5.751, 0.2197266, 0.2211923, -0.0082246, 5.751, 0.699707, 5.751, -0.2954102, 5.751, 0.2158203, 0.2211923, -0.0035248, 5.751, 0.3291016, 5.751, -0.6943359, 5.751, -0.2954102, 0.2211923, 0.011078, 5.751, 0.1616211, 5.751, -0.7543945, 5.751, 0.1357422, , , , , , , , , , , , , , , , , , , , , , 
0.2217115, 0.0119173, 5.7645, -0.7548828, 5.7645, -0.3095703, 5.7645, 0.2207031, 0.2217115, -0.0065461, 5.7645, 0.7983398, 5.7645, -0.3369141, 5.7645, 0.2485352, 0.2217115, -0.005539, 5.7645, 0.3823242, 5.7645, -0.7207031, 5.7645, -0.3037109, 0.2217115, 0.0105745, 5.7645, 0.1689453, 5.7645, -0.7939453, 5.7645, 0.1323242, , , , , , , , , , , , , , , , , , , , , , 
0.2222308, 0.0159457, 5.778, -0.7817383, 5.778, -0.3217773, 5.778, 0.2373047, 0.2222308, -0.0062104, 5.778, 0.7836914, 5.778, -0.3417969, 5.778, 0.1943359, 0.2222308, -0.0068818, 5.778, 0.3579102, 5.778, -0.7978516, 5.778, -0.3110352, 0.2222308, 0.0097353, 5.778, 0.1889648, 5.778, -0.8579102, 5.778, 0.1430664, , , , , , , , , , , , , , , , , , , , , , 
0.22275, 0.0152743, 5.7915, -0.7607422, 5.7915, -0.3520508, 5.7915, 0.2421875, 0.22275, -0.0058747, 5.7915, 0.7563477, 5.7915, -0.355957, 5.7915, 0.2197266, 0.22275, -0.005539, 5.7915, 0.3071289, 5.7915, -0.8666992, 5.7915, -0.3212891, 0.22275, 0.0092317, 5.7915, 0.2197266, 5.7915, -0.8969727, 5.7915, 0.1435547, , , , , , , , , , , , , , , , , , , , , , 
0.2232692, 0.0105745, 5.805, -0.7558594, 5.805, -0.4042969, 5.805, 0.2617188, 0.2232692, -0.0048676, 5.805, 0.7612305, 5.805, -0.4082031, 5.805, 0.1870117, 0.2232692, -0.0031891, 5.805, 0.2700195, 5.805, -0.8686523, 5.805, -0.3271484, 0.2232692, 0.0092317, 5.805, 0.2358398, 5.805, -0.8925781, 5.805, 0.1391602, , , , , , , , , , , , , , , , , , , , , , 
0.2237885, 0.0129244, 5.8185, -0.7729492, 5.8185, -0.4350586, 5.8185, 0.2563477, 0.2237885, -0.0048676, 5.8185, 0.7919922, 5.8185, -0.4677734, 5.8185, 0.2084961, 0.2237885, -0.0038605, 5.8185, 0.2871094, 5.8185, -0.831543, 5.8185, -0.3242188, 0.2237885, 0.0078889, 5.8185, 0.203125, 5.8185, -0.8764648, 5.8185, 0.1391602, , , , , , , , , , , , , , , , , , , , , , 
0.2243077, 0.0139315, 5.832, -0.8046875, 5.832, -0.4379883, 5.832, 0.2587891, 0.2243077, -0.0048676, 5.832, 0.8212891, 5.832, -0.4790039, 5.832, 0.2241211, 0.2243077, -0.0065461, 5.832, 0.3046875, 5.832, -0.8212891, 5.832, -0.3330078, 0.2243077, 0.0078889, 5.832, 0.1796875, 5.832, -0.8681641, 5.832, 0.1455078, , , , , , , , , , , , , , , , , , , , , , 
0.2248269, 0.0095674, 5.8455, -0.815918, 5.8455, -0.4375, 5.8455, 0.2382812, 0.2248269, -0.0052033, 5.8455, 0.8134766, 5.8455, -0.4716797, 5.8455, 0.2275391, 0.2248269, -0.0078889, 5.8455, 0.3198242, 5.8455, -0.815918, 5.8455, -0.3676758, 0.2248269, 0.0068818, 5.8455, 0.1625977, 5.8455, -0.8613281, 5.8455, 0.1557617, , , , , , , , , , , , , , , , , , , , , , 
0.2253462, 0.0075532, 5.859, -0.8271484, 5.859, -0.4560547, 5.859, 0.2167969, 0.2253462, -0.0068818, 5.859, 0.7910156, 5.859, -0.4667969, 5.859, 0.265625, 0.2253462, -0.0095674, 5.859, 0.2822266, 5.859, -0.8432617, 5.859, -0.3725586, 0.2253462, 0.0046998, 5.859, 0.1845703, 5.859, -0.8754883, 5.859, 0.1499023, , , , , , , , , , , , , , , , , , , , , , 
0.2258654, 0.0099031, 5.8725, -0.84375, 5.8725, -0.4682617, 5.8725, 0.2119141, 0.2258654, -0.0082246, 5.8725, 0.8046875, 5.8725, -0.4794922, 5.8725, 0.2583008, 0.2258654, -0.0102388, 5.8725, 0.2211914, 5.8725, -0.8769531, 5.8725, -0.3774414, 0.2258654, 0.0010071, 5.8725, 0.2055664, 5.8725, -0.9121094, 5.8725, 0.1503906, , , , , , , , , , , , , , , , , , , , , , 
0.2263846, 0.0125887, 5.886, -0.847168, 5.886, -0.4755859, 5.886, 0.246582, 0.2263846, -0.0068818, 5.886, 0.7983398, 5.886, -0.4897461, 5.886, 0.2397461, 0.2263846, -0.0090639, 5.886, 0.2094727, 5.886, -0.9067383, 5.886, -0.3789062, 0.2263846, -0.0041962, 5.886, 0.2104492, 5.886, -0.9458008, 5.886, 0.1367188, , , , , , , , , , , , , , , , , , , , , , 
0.2269038, 0.0146029, 5.8995, -0.8481445, 5.8995, -0.4863281, 5.8995, 0.2666016, 0.2269038, -0.0041962, 5.8995, 0.8139648, 5.8995, -0.5126953, 5.8995, 0.2265625, 0.2269038, -0.0097353, 5.8995, 0.2866211, 5.8995, -0.9345703, 5.8995, -0.4033203, 0.2269038, -0.0082246, 5.8995, 0.2382812, 5.8995, -0.9643555, 5.8995, 0.1323242, , , , , , , , , , , , , , , , , , , , , , 
0.2274231, 0.0142672, 5.913, -0.8378906, 5.913, -0.5073242, 5.913, 0.2900391, 0.2274231, -0.0035248, 5.913, 0.8452148, 5.913, -0.5483398, 5.913, 0.2250977, 0.2274231, -0.0124208, 5.913, 0.3500977, 5.913, -0.9448242, 5.913, -0.3984375, 0.2274231, -0.0078889, 5.913, 0.2939453, 5.913, -0.9775391, 5.913, 0.1230469, , , , , , , , , , , , , , , , , , , , , , 
0.2279423, 0.0115816, 5.9265, -0.8461914, 5.9265, -0.5209961, 5.9265, 0.265625, 0.2279423, -0.005539, 5.9265, 0.875, 5.9265, -0.5771484, 5.9265, 0.234375, 0.2279423, -0.0140993, 5.9265, 0.3740234, 5.9265, -0.9355469, 5.9265, -0.3979492, 0.2279423, -0.0095674, 5.9265, 0.3295898, 5.9265, -0.9848633, 5.9265, 0.1308594, , , , , , , , , , , , , , , , , , , , , , 
0.2284615, 0.0112459, 5.94, -0.8569336, 5.94, -0.5380859, 5.94, 0.2519531, 0.2284615, -0.0078889, 5.94, 0.855957, 5.94, -0.581543, 5.94, 0.2265625, 0.2284615, -0.0120851, 5.94, 0.3369141, 5.94, -0.9125977, 5.94, -0.4213867, 0.2284615, -0.0102388, 5.94, 0.3222656, 5.94, -0.9824219, 5.94, 0.1396484, , , , , , , , , , , , , , , , , , , , , , 
0.2289808, 0.0117494, 5.9535, -0.8588867, 5.9535, -0.5473633, 5.9535, 0.2631836, 0.2289808, -0.0068818, 5.9535, 0.8168945, 5.9535, -0.5727539, 5.9535, 0.2241211, 0.2289808, -0.0109102, 5.9535, 0.3193359, 5.9535, -0.9160156, 5.9535, -0.4155273, 0.2289808, -0.0072175, 5.9535, 0.3046875, 5.9535, -0.9770508, 5.9535, 0.1274414, , , , , , , , , , , , , , , , , , , , , , 
0.2295, 0.0105745, 5.967, -0.8637695, 5.967, -0.546875, 5.967, 0.2626953, 0.2295, -0.0052033, 5.967, 0.8115234, 5.967, -0.5654297, 5.967, 0.2456055, 0.2295, -0.0115816, 5.967, 0.3164062, 5.967, -0.9267578, 5.967, -0.4311523, 0.2295, -0.0028534, 5.967, 0.3071289, 5.967, -0.9863281, 5.967, 0.1240234, , , , , , , , , , , , , , , , , , , , , , 
0.2300192, 0.0105745, 5.9805, -0.8925781, 5.9805, -0.5336914, 5.9805, 0.2353516, 0.2300192, -0.005539, 5.9805, 0.840332, 5.9805, -0.5712891, 5.9805, 0.2797852, 0.2300192, -0.0115816, 5.9805, 0.2944336, 5.9805, -0.9643555, 5.9805, -0.4599609, 0.2300192, -0.0001678, 5.9805, 0.315918, 5.9805, -1.0019531, 5.9805, 0.1201172, , , , , , , , , , , , , , , , , , , , , , 
0.2305385, 0.0105745, 5.994, -0.9414062, 5.994, -0.5493164, 5.994, 0.2363281, 0.2305385, -0.0058747, 5.994, 0.8769531, 5.994, -0.6020508, 5.994, 0.2719727, 0.2305385, -0.0083925, 5.994, 0.269043, 5.994, -1.0161133, 5.994, -0.4433594, 0.2305385, 0.0025177, 5.994, 0.3310547, 5.994, -1.0483398, 5.994, 0.1035156, , , , , , , , , , , , , , , , , , , , , , 
0.2310577, 0.0077211, 6.0075, -0.934082, 6.0075, -0.6035156, 6.0075, 0.2553711, 0.2310577, -0.0065461, 6.0075, 0.9003906, 6.0075, -0.6572266, 6.0075, 0.246582, 0.2310577, -0.0090639, 6.0075, 0.2749023, 6.0075, -1.0463867, 6.0075, -0.4145508, 0.2310577, 0.005539, 6.0075, 0.3378906, 6.0075, -1.0683594, 6.0075, 0.0849609, , , , , , , , , , , , , , , , , , , , , , 
0.2315769, 0.005539, 6.021, -0.9008789, 6.021, -0.6445312, 6.021, 0.2490234, 0.2315769, -0.0068818, 6.021, 0.8701172, 6.021, -0.6796875, 6.021, 0.3408203, 0.2315769, -0.0104067, 6.021, 0.2949219, 6.021, -1.0141602, 6.021, -0.4707031, 0.2315769, 0.0097353, 6.021, 0.3217773, 6.021, -1.0429688, 6.021, 0.1103516, , , , , , , , , , , , , , , , , , , , , , 
0.2320962, 0.0058747, 6.0345, -0.9140625, 6.0345, -0.6743164, 6.0345, 0.2529297, 0.2320962, -0.0065461, 6.0345, 0.9282227, 6.0345, -0.7119141, 6.0345, 0.1479492, 0.2320962, -0.0112459, 6.0345, 0.3100586, 6.0345, -0.9726562, 6.0345, -0.4907227, 0.2320962, 0.0152743, 6.0345, 0.3461914, 6.0345, -1.0146484, 6.0345, 0.1020508, , , , , , , , , , , , , , , , , , , , , , 
0.2326154, 0.0038605, 6.048, -0.8183594, 6.048, -0.53125, 6.048, 0.2016602, 0.2326154, -0.0068818, 6.048, 0.7294922, 6.048, -0.5766602, 6.048, 0.2148438, 0.2326154, -0.0104067, 6.048, 0.3007812, 6.048, -1.0019531, 6.048, -0.4355469, 0.2326154, 0.021149, 6.048, 0.3813477, 6.048, -1.0512695, 6.048, 0.0957031, , , , , , , , , , , , , , , , , , , , , , 
0.2331346, 0.0018463, 6.0615, -0.8100586, 6.0615, -0.5097656, 6.0615, 0.2680664, 0.2331346, -0.0095674, 6.0615, 0.7514648, 6.0615, -0.5610352, 6.0615, 0.3164062, 0.2331346, -0.008896, 6.0615, 0.2543945, 6.0615, -1.0375977, 6.0615, -0.4848633, 0.2331346, 0.0263523, 6.0615, 0.3530273, 6.0615, -1.0849609, 6.0615, 0.1245117, , , , , , , , , , , , , , , , , , , , , , 
0.2336538, 0.0008392, 6.075, -0.8251953, 6.075, -0.5986328, 6.075, 0.2578125, 0.2336538, -0.0095674, 6.075, 0.8847656, 6.075, -0.7011719, 6.075, 0.2475586, 0.2336538, -0.0072175, 6.075, 0.2792969, 6.075, -1.0273438, 6.075, -0.5107422, 0.2336538, 0.0287022, 6.075, 0.3374023, 6.075, -1.0439453, 6.075, 0.0800781, , , , , , , , , , , , , , , , , , , , , , 
0.2341731, 0.0025177, 6.0885, -0.9277344, 6.0885, -0.6855469, 6.0885, 0.2045898, 0.2341731, -0.0072175, 6.0885, 0.9179688, 6.0885, -0.7348633, 6.0885, 0.269043, 0.2341731, -0.005539, 6.0885, 0.2568359, 6.0885, -1.0317383, 6.0885, -0.4829102, 0.2341731, 0.0293736, 6.0885, 0.3691406, 6.0885, -1.0332031, 6.0885, 0.0390625, , , , , , , , , , , , , , , , , , , , , , 
0.2346923, 0.0075532, 6.102, -0.9394531, 6.102, -0.6430664, 6.102, 0.1591797, 0.2346923, -0.0077211, 6.102, 0.878418, 6.102, -0.6679688, 6.102, 0.2993164, 0.2346923, -0.0045319, 6.102, 0.2143555, 6.102, -1.0483398, 6.102, -0.4750977, 0.2346923, 0.0337377, 6.102, 0.3901367, 6.102, -1.0556641, 6.102, 0.0537109, , , , , , , , , , , , , , , , , , , , , , 
0.2352115, 0.0109102, 6.1155, -0.8740234, 6.1155, -0.625, 6.1155, 0.2260742, 0.2352115, -0.008896, 6.1155, 0.8178711, 6.1155, -0.6123047, 6.1155, 0.262207, 0.2352115, -0.0035248, 6.1155, 0.1933594, 6.1155, -1.0639648, 6.1155, -0.4902344, 0.2352115, 0.0387732, 6.1155, 0.4082031, 6.1155, -1.0634766, 6.1155, 0.043457, , , , , , , , , , , , , , , , , , , , , , 
0.2357308, 0.0119173, 6.129, -0.8603516, 6.129, -0.6289062, 6.129, 0.3066406, 0.2357308, -0.0083925, 6.129, 0.8134766, 6.129, -0.6704102, 6.129, 0.2011719, 0.2357308, -0.002182, 6.129, 0.2797852, 6.129, -1.0668945, 6.129, -0.4614258, 0.2357308, 0.0370947, 6.129, 0.4194336, 6.129, -1.0800781, 6.129, 0.0410156, , , , , , , , , , , , , , , , , , , , , , 
0.23625, 0.0157778, 6.1425, -0.9023438, 6.1425, -0.6420898, 6.1425, 0.3208008, 0.23625, -0.008896, 6.1425, 0.8671875, 6.1425, -0.7436523, 6.1425, 0.1655273, 0.23625, -0.0028534, 6.1425, 0.3984375, 6.1425, -1.0683594, 6.1425, -0.4267578, 0.23625, 0.0305486, 6.1425, 0.4169922, 6.1425, -1.1386719, 6.1425, 0.0771484, , , , , , , , , , , , , , , , , , , , , , 
0.2367692, 0.0253452, 6.156, -0.8823242, 6.156, -0.6757812, 6.156, 0.3330078, 0.2367692, -0.0095674, 6.156, 0.894043, 6.156, -0.7797852, 6.156, 0.1474609, 0.2367692, -0.0058747, 6.156, 0.4555664, 6.156, -1.0366211, 6.156, -0.440918, 0.2367692, 0.0270237, 6.156, 0.3867188, 6.156, -1.1635742, 6.156, 0.1347656, , , , , , , , , , , , , , , , , , , , , , 
0.2372885, 0.033402, 6.1695, -0.859375, 6.1695, -0.6982422, 6.1695, 0.3359375, 0.2372885, -0.0095674, 6.1695, 0.8789062, 6.1695, -0.7734375, 6.1695, 0.1728516, 0.2372885, -0.0068818, 6.1695, 0.4321289, 6.1695, -0.9946289, 6.1695, -0.4770508, 0.2372885, 0.0229953, 6.1695, 0.3730469, 6.1695, -1.1064453, 6.1695, 0.1381836, , , , , , , , , , , , , , , , , , , , , , 
0.2378077, 0.0273594, 6.183, -0.8413086, 6.183, -0.6894531, 6.183, 0.2636719, 0.2378077, -0.0102388, 6.183, 0.8134766, 6.183, -0.7348633, 6.183, 0.1958008, 0.2378077, -0.005539, 6.183, 0.3320312, 6.183, -0.9951172, 6.183, -0.4980469, 0.2378077, 0.0186313, 6.183, 0.3959961, 6.183, -1.0561523, 6.183, 0.1220703, , , , , , , , , , , , , , , , , , , , , , 
0.2383269, 0.0196384, 6.1965, -0.8837891, 6.1965, -0.699707, 6.1965, 0.2299805, 0.2383269, -0.0095674, 6.1965, 0.8334961, 6.1965, -0.7441406, 6.1965, 0.2553711, 0.2383269, -0.0045319, 6.1965, 0.190918, 6.1965, -1.0415039, 6.1965, -0.4848633, 0.2383269, 0.0159457, 6.1965, 0.3920898, 6.1965, -1.059082, 6.1965, 0.0966797, , , , , , , , , , , , , , , , , , , , , , 
0.2388462, 0.0186313, 6.21, -0.9677734, 6.21, -0.7304688, 6.21, 0.2324219, 0.2388462, -0.0092317, 6.21, 0.855957, 6.21, -0.7646484, 6.21, 0.2617188, 0.2388462, -0.0048676, 6.21, 0.1474609, 6.21, -1.09375, 6.21, -0.465332, 0.2388462, 0.0120851, 6.21, 0.3422852, 6.21, -1.0703125, 6.21, 0.0263672, , , , , , , , , , , , , , , , , , , , , , 
0.2393654, 0.017792, 6.2235, -0.9658203, 6.2235, -0.7421875, 6.2235, 0.2163086, 0.2393654, -0.0099031, 6.2235, 0.8583984, 6.2235, -0.800293, 6.2235, 0.2744141, 0.2393654, -0.005539, 6.2235, 0.1679688, 6.2235, -1.1108398, 6.2235, -0.487793, 0.2393654, 0.0099031, 6.2235, 0.328125, 6.2235, -1.0820312, 6.2235, -0.0439453, , , , , , , , , , , , , , , , , , , , , , 
0.2398846, 0.0151064, 6.237, -0.8989258, 6.237, -0.7539062, 6.237, 0.1777344, 0.2398846, -0.0114137, 6.237, 0.8447266, 6.237, -0.8242188, 6.237, 0.2954102, 0.2398846, -0.0048676, 6.237, 0.1987305, 6.237, -1.1157227, 6.237, -0.4897461, 0.2398846, 0.0092317, 6.237, 0.3945312, 6.237, -1.1264648, 6.237, -0.0302734, , , , , , , , , , , , , , , , , , , , , , 
0.2404038, 0.01561, 6.2505, -0.8745117, 6.2505, -0.7709961, 6.2505, 0.2231445, 0.2404038, -0.0115816, 6.2505, 0.8081055, 6.2505, -0.8129883, 6.2505, 0.2724609, 0.2404038, -0.0043641, 6.2505, 0.2001953, 6.2505, -1.0888672, 6.2505, -0.5161133, 0.2404038, 0.0072175, 6.2505, 0.4785156, 6.2505, -1.1533203, 6.2505, 0.0053711, , , , , , , , , , , , , , , , , , , , , , 
0.2409231, 0.0171206, 6.264, -0.9052734, 6.264, -0.7768555, 6.264, 0.2338867, 0.2409231, -0.0099031, 6.264, 0.8081055, 6.264, -0.8032227, 6.264, 0.2602539, 0.2409231, -0.0048676, 6.264, 0.253418, 6.264, -1.09375, 6.264, -0.5078125, 0.2409231, 0.0052033, 6.264, 0.5, 6.264, -1.1552734, 6.264, -0.0185547, , , , , , , , , , , , , , , , , , , , , , 
0.2414423, 0.018967, 6.2775, -0.9379883, 6.2775, -0.765625, 6.2775, 0.2460938, 0.2414423, -0.0095674, 6.2775, 0.8876953, 6.2775, -0.7988281, 6.2775, 0.2416992, 0.2414423, -0.0065461, 6.2775, 0.3271484, 6.2775, -1.144043, 6.2775, -0.484375, 0.2414423, 0.005539, 6.2775, 0.4868164, 6.2775, -1.1586914, 6.2775, -0.0332031, , , , , , , , , , , , , , , , , , , , , , 
0.2419615, 0.0179599, 6.291, -0.9487305, 6.291, -0.7597656, 6.291, 0.2539062, 0.2419615, -0.0102388, 6.291, 0.9140625, 6.291, -0.800293, 6.291, 0.2402344, 0.2419615, -0.0075532, 6.291, 0.3261719, 6.291, -1.1723633, 6.291, -0.4589844, 0.2419615, 0.0075532, 6.291, 0.4824219, 6.291, -1.1523438, 6.291, -0.0273438, , , , , , , , , , , , , , , , , , , , , , 
0.2424808, 0.0186313, 6.3045, -0.8925781, 6.3045, -0.762207, 6.3045, 0.2348633, 0.2424808, -0.0115816, 6.3045, 0.8579102, 6.3045, -0.8232422, 6.3045, 0.2568359, 0.2424808, -0.0078889, 6.3045, 0.2709961, 6.3045, -1.1367188, 6.3045, -0.4755859, 0.2424808, 0.0097353, 6.3045, 0.465332, 6.3045, -1.1411133, 6.3045, -0.0200195, , , , , , , , , , , , , , , , , , , , , , 
0.243, 0.0193027, 6.318, -0.8598633, 6.318, -0.8081055, 6.318, 0.2548828, 0.243, -0.0095674, 6.318, 0.7949219, 6.318, -0.8554688, 6.318, 0.2441406, 0.243, -0.0083925, 6.318, 0.2329102, 6.318, -1.0996094, 6.318, -0.4814453, 0.243, 0.0109102, 6.318, 0.4267578, 6.318, -1.1508789, 6.318, -0.0048828, , , , , , , , , , , , , , , , , , , , , , 
0.2435192, 0.0209812, 6.3315, -0.8823242, 6.3315, -0.8486328, 6.3315, 0.2412109, 0.2435192, -0.0072175, 6.3315, 0.7871094, 6.3315, -0.8686523, 6.3315, 0.2421875, 0.2435192, -0.0068818, 6.3315, 0.2314453, 6.3315, -1.1328125, 6.3315, -0.4990234, 0.2435192, 0.0092317, 6.3315, 0.3999023, 6.3315, -1.1679688, 6.3315, -0.0083008, , , , , , , , , , , , , , , , , , , , , , 
0.2440385, 0.0226596, 6.345, -0.9555664, 6.345, -0.8691406, 6.345, 0.2270508, 0.2440385, -0.0085603, 6.345, 0.8769531, 6.345, -0.8876953, 6.345, 0.3125, 0.2440385, -0.0060426, 6.345, 0.1918945, 6.345, -1.1811523, 6.345, -0.4702148, 0.2440385, 0.0095674, 6.345, 0.4067383, 6.345, -1.1889648, 6.345, -0.0615234, , , , , , , , , , , , , , , , , , , , , , 
0.2445577, 0.0209812, 6.3585, -0.9790039, 6.3585, -0.8608398, 6.3585, 0.206543, 0.2445577, -0.0075532, 6.3585, 0.9316406, 6.3585, -0.8896484, 6.3585, 0.2543945, 0.2445577, -0.0082246, 6.3585, 0.1855469, 6.3585, -1.1899414, 6.3585, -0.4790039, 0.2445577, 0.008896, 6.3585, 0.4077148, 6.3585, -1.1865234, 6.3585, -0.0600586, , , , , , , , , , , , , , , , , , , , , , 
0.2450769, 0.0151064, 6.372, -0.8945312, 6.372, -0.8505859, 6.372, 0.2490234, 0.2450769, -0.005539, 6.372, 0.8442383, 6.372, -0.8710938, 6.372, 0.2539062, 0.2450769, -0.0099031, 6.372, 0.1875, 6.372, -1.1713867, 6.372, -0.4858398, 0.2450769, 0.0085603, 6.372, 0.3925781, 6.372, -1.1435547, 6.372, -0.0463867, , , , , , , , , , , , , , , , , , , , , , 
0.2455962, 0.0085603, 6.3855, -0.8549805, 6.3855, -0.8432617, 6.3855, 0.2607422, 0.2455962, -0.0048676, 6.3855, 0.7900391, 6.3855, -0.8745117, 6.3855, 0.2280273, 0.2455962, -0.0102388, 6.3855, 0.2114258, 6.3855, -1.1523438, 6.3855, -0.4399414, 0.2455962, 0.0070497, 6.3855, 0.3828125, 6.3855, -1.1499023, 6.3855, -0.0351562, , , , , , , , , , , , , , , , , , , , , , 
0.2461154, 0.0058747, 6.399, -0.8632812, 6.399, -0.8261719, 6.399, 0.2753906, 0.2461154, -0.005539, 6.399, 0.8417969, 6.399, -0.8706055, 6.399, 0.2080078, 0.2461154, -0.0112459, 6.399, 0.2670898, 6.399, -1.1826172, 6.399, -0.4575195, 0.2461154, 0.0001678, 6.399, 0.4238281, 6.399, -1.1982422, 6.399, 0.0083008, , , , , , , , , , , , , , , , , , , , , , 
0.2466346, 0.0092317, 6.4125, -0.894043, 6.4125, -0.8012695, 6.4125, 0.3105469, 0.2466346, -0.0065461, 6.4125, 0.9140625, 6.4125, -0.8730469, 6.4125, 0.203125, 0.2466346, -0.0135958, 6.4125, 0.3178711, 6.4125, -1.1928711, 6.4125, -0.4511719, 0.2466346, -0.0070497, 6.4125, 0.5053711, 6.4125, -1.2333984, 6.4125, 0.0419922, , , , , , , , , , , , , , , , , , , , , , 
0.2471538, 0.0119173, 6.426, -0.9086914, 6.426, -0.8085938, 6.426, 0.3530273, 0.2471538, -0.0062104, 6.426, 0.8945312, 6.426, -0.8779297, 6.426, 0.1757812, 0.2471538, -0.0129244, 6.426, 0.3588867, 6.426, -1.1845703, 6.426, -0.4047852, 0.2471538, -0.0095674, 6.426, 0.4741211, 6.426, -1.2182617, 6.426, 0.0581055, , , , , , , , , , , , , , , , , , , , , , 
0.2476731, 0.0112459, 6.4395, -0.8676758, 6.4395, -0.824707, 6.4395, 0.3618164, 0.2476731, -0.0065461, 6.4395, 0.8242188, 6.4395, -0.8725586, 6.4395, 0.1523438, 0.2476731, -0.0109102, 6.4395, 0.3837891, 6.4395, -1.1591797, 6.4395, -0.4453125, 0.2476731, -0.0082246, 6.4395, 0.4213867, 6.4395, -1.199707, 6.4395, 0.059082, , , , , , , , , , , , , , , , , , , , , , 
0.2481923, 0.0112459, 6.453, -0.8154297, 6.453, -0.8266602, 6.453, 0.3393555, 0.2481923, -0.0065461, 6.453, 0.7895508, 6.453, -0.8681641, 6.453, 0.1450195, 0.2481923, -0.0112459, 6.453, 0.3388672, 6.453, -1.144043, 6.453, -0.3969727, 0.2481923, -0.0092317, 6.453, 0.3549805, 6.453, -1.1806641, 6.453, 0.0581055, , , , , , , , , , , , , , , , , , , , , , 
0.2487115, 0.0142672, 6.4665, -0.809082, 6.4665, -0.8012695, 6.4665, 0.3486328, 0.2487115, -0.0065461, 6.4665, 0.7817383, 6.4665, -0.8730469, 6.4665, 0.1201172, 0.2487115, -0.0127565, 6.4665, 0.2856445, 6.4665, -1.1464844, 6.4665, -0.496582, 0.2487115, -0.008896, 6.4665, 0.3276367, 6.4665, -1.2143555, 6.4665, 0.1162109, , , , , , , , , , , , , , , , , , , , , , 
0.2492308, 0.0172885, 6.48, -0.6137695, 6.48, -1.1694336, 6.48, 0.1040039, 0.2492308, -0.0062104, 6.48, 0.7529297, 6.48, -1.0883789, 6.48, -0.21875, 0.2492308, -0.0109102, 6.48, 0.2827148, 6.48, -1.1162109, 6.48, -0.8100586, 0.2492308, -0.0041962, 6.48, 0.3525391, 6.48, -1.2651367, 6.48, 0.2661133, , , , , , , , , , , , , , , , , , , , , , 
0.24975, 0.0149386, 6.4935, -0.574707, 6.4935, -2.1303711, 6.4935, 0.519043, 0.24975, -0.0065461, 6.4935, 0.3901367, 6.4935, -1.9243164, 6.4935, 0.3173828, 0.24975, -0.0082246, 6.4935, 0.3535156, 6.4935, -0.9560547, 6.4935, -1.2314453, 0.24975, 0.0018463, 6.4935, 0.8862305, 6.4935, -1.2890625, 6.4935, 0.0102539, , , , , , , , , , , , , , , , , , , , , , 
0.2502692, 0.0152743, 6.507, -1.1757812, 6.507, -1.440918, 6.507, 0.6992188, 0.2502692, -0.005539, 6.507, 0.9228516, 6.507, -1.9414062, 6.507, 0.3378906, 0.2502692, -0.0075532, 6.507, 0.4702148, 6.507, -1.0078125, 6.507, -0.2319336, 0.2502692, 0.0062104, 6.507, 1.0825195, 6.507, -1.2651367, 6.507, -0.0131836, , , , , , , , , , , , , , , , , , , , , , 
0.2507885, 0.0182956, 6.5205, -1.3491211, 6.5205, -0.1547852, 6.5205, 0.0170898, 0.2507885, -0.0048676, 6.5205, 1.6254883, 6.5205, -0.5551758, 6.5205, 0.0541992, 0.2507885, -0.0078889, 6.5205, 0.1269531, 6.5205, -1.5273438, 6.5205, 0.0693359, 0.2507885, 0.0105745, 6.5205, 0.2006836, 6.5205, -1.1738281, 6.5205, 0.0385742, , , , , , , , , , , , , , , , , , , , , , 
0.2513077, 0.0146029, 6.534, -0.7250977, 6.534, 0.2304688, 6.534, 0.0717773, 0.2513077, -0.005539, 6.534, 1.2163086, 6.534, 0.3452148, 6.534, 0.0454102, 0.2513077, -0.0077211, 6.534, 0.2841797, 6.534, -1.5068359, 6.534, -0.2783203, 0.2513077, 0.0135958, 6.534, -0.5258789, 6.534, -1.0341797, 6.534, 0.0292969, , , , , , , , , , , , , , , , , , , , , , 
0.2518269, 0.005539, 6.5475, -0.3945312, 6.5475, -0.4511719, 6.5475, 0.4643555, 0.2518269, -0.0065461, 6.5475, 0.3549805, 6.5475, -0.1269531, 6.5475, 0.1655273, 0.2518269, -0.0072175, 6.5475, 0.4301758, 6.5475, -1.03125, 6.5475, -0.4926758, 0.2518269, 0.0171206, 6.5475, 0.0512695, 6.5475, -1.1674805, 6.5475, 0.0185547, , , , , , , , , , , , , , , , , , , , , , 
0.2523462, 0.002182, 6.561, -0.3764648, 6.561, -0.8134766, 6.561, 0.3686523, 0.2523462, -0.0082246, 6.561, 0.1547852, 6.561, -1.0776367, 6.561, 0.0913086, 0.2523462, -0.0077211, 6.561, 0.4609375, 6.561, -0.8603516, 6.561, -0.5131836, 0.2523462, 0.0219883, 6.561, 1.0092773, 6.561, -1.390625, 6.561, 0.0058594, , , , , , , , , , , , , , , , , , , , , , 
0.2528654, 0.005539, 6.5745, -0.5302734, 6.5745, -1.2182617, 6.5745, 0.230957, 0.2528654, -0.0092317, 6.5745, 0.3203125, 6.5745, -1.3706055, 6.5745, 0.1083984, 0.2528654, -0.0077211, 6.5745, 0.265625, 6.5745, -1.1069336, 6.5745, -0.4746094, 0.2528654, 0.026688, 6.5745, 0.8237305, 6.5745, -1.2485352, 6.5745, -0.0454102, , , , , , , , , , , , , , , , , , , , , , 
0.2533846, 0.0083925, 6.588, -0.8452148, 6.588, -1.1586914, 6.588, 0.1645508, 0.2533846, -0.008896, 6.588, 0.7436523, 6.588, -1.4379883, 6.588, 0.15625, 0.2533846, -0.005539, 6.588, 0.0849609, 6.588, -1.1889648, 6.588, -0.4316406, 0.2533846, 0.0310521, 6.588, 0.4570312, 6.588, -1.0766602, 6.588, -0.0292969, , , , , , , , , , , , , , , , , , , , , , 
0.2539038, 0.0115816, 6.6015, -1.0488281, 6.6015, -0.9272461, 6.6015, 0.1904297, 0.2539038, -0.0075532, 6.6015, 0.8955078, 6.6015, -1.0976562, 6.6015, 0.1484375, 0.2539038, -0.0045319, 6.6015, 0.112793, 6.6015, -1.0478516, 6.6015, -0.4824219, 0.2539038, 0.033402, 6.6015, -0.0268555, 6.6015, -0.8710938, 6.6015, 0.1142578, , , , , , , , , , , , , , , , , , , , , , 
0.2544231, 0.0125887, 6.615, -0.8564453, 6.615, -0.7617188, 6.615, 0.1738281, 0.2544231, -0.0068818, 6.615, 0.7719727, 6.615, -0.7836914, 6.615, 0.2602539, 0.2544231, -0.0072175, 6.615, 0.1308594, 6.615, -1.0073242, 6.615, -0.5224609, 0.2544231, 0.0360876, 6.615, 0.0712891, 6.615, -0.9853516, 6.615, 0.21875, , , , , , , , , , , , , , , , , , , , , , 
0.2549423, 0.0112459, 6.6285, -0.8393555, 6.6285, -0.8862305, 6.6285, 0.4106445, 0.2549423, -0.0068818, 6.6285, 0.8432617, 6.6285, -0.7895508, 6.6285, 0.3144531, 0.2549423, -0.0075532, 6.6285, 0.1020508, 6.6285, -1.0571289, 6.6285, -0.5527344, 0.2549423, 0.0397803, 6.6285, 0.3056641, 6.6285, -1.1762695, 6.6285, 0.0244141, , , , , , , , , , , , , , , , , , , , , , 
0.2554615, 0.0105745, 6.642, -1.0322266, 6.642, -1.0195312, 6.642, 0.375, 0.2554615, -0.0063783, 6.642, 1.1928711, 6.642, -0.878418, 6.642, 0.1206055, 0.2554615, -0.0068818, 6.642, 0.1088867, 6.642, -1.2050781, 6.642, -0.4003906, 0.2554615, 0.0424659, 6.642, 0.5546875, 6.642, -1.184082, 6.642, -0.2612305, , , , , , , , , , , , , , , , , , , , , , 
0.2559808, 0.0102388, 6.6555, -0.8862305, 6.6555, -0.7685547, 6.6555, 0.0883789, 0.2559808, -0.0068818, 6.6555, 0.9936523, 6.6555, -0.7724609, 6.6555, 0.0786133, 0.2559808, -0.0041962, 6.6555, 0.2568359, 6.6555, -1.2578125, 6.6555, -0.315918, 0.2559808, 0.040116, 6.6555, 0.71875, 6.6555, -1.0649414, 6.6555, -0.2148438, , , , , , , , , , , , , , , , , , , , , , 
0.2565, 0.0112459, 6.669, -0.5458984, 6.669, -0.5727539, 6.669, 0.1992188, 0.2565, -0.0068818, 6.669, 0.5244141, 6.669, -0.7075195, 6.669, 0.1142578, 0.2565, -0.0041962, 6.669, 0.5, 6.669, -1.1196289, 6.669, -0.3330078, 0.2565, 0.0347448, 6.669, 0.6333008, 6.669, -1.0332031, 6.669, -0.0327148, , , , , , , , , , , , , , , , , , , , , , 
0.2570192, 0.0109102, 6.6825, -0.4287109, 6.6825, -0.7226562, 6.6825, 0.1948242, 0.2570192, -0.0058747, 6.6825, 0.3549805, 6.6825, -0.762207, 6.6825, 0.1083984, 0.2570192, -0.0068818, 6.6825, 0.5151367, 6.6825, -0.9101562, 6.6825, -0.4423828, 0.2570192, 0.0276951, 6.6825, 0.4433594, 6.6825, -1.0180664, 6.6825, 0.050293, , , , , , , , , , , , , , , , , , , , , , 
0.2575385, 0.0139315, 6.696, -0.5981445, 6.696, -1.0083008, 6.696, 0.1279297, 0.2575385, -0.0058747, 6.696, 0.496582, 6.696, -0.9257812, 6.696, 0.1020508, 0.2575385, -0.0095674, 6.696, 0.3051758, 6.696, -0.8564453, 6.696, -0.5297852, 0.2575385, 0.0193027, 6.696, 0.3671875, 6.696, -0.9799805, 6.696, 0.0195312, , , , , , , , , , , , , , , , , , , , , , 
0.2580577, 0.0204776, 6.7095, -0.7763672, 6.7095, -1.1298828, 6.7095, 0.1030273, 0.2580577, -0.0058747, 6.7095, 0.6113281, 6.7095, -1.0048828, 6.7095, 0.1230469, 0.2580577, -0.0095674, 6.7095, 0.1054688, 6.7095, -0.9702148, 6.7095, -0.5625, 0.2580577, 0.0139315, 6.7095, 0.3740234, 6.7095, -1.0029297, 6.7095, -0.012207, , , , , , , , , , , , , , , , , , , , , , 
0.2585769, 0.0258488, 6.723, -0.7563477, 6.723, -1.0698242, 6.723, 0.1074219, 0.2585769, -0.0062104, 6.723, 0.7739258, 6.723, -1.1108398, 6.723, 0.1411133, 0.2585769, -0.0097353, 6.723, -0.0141602, 6.723, -1.0683594, 6.723, -0.5839844, 0.2585769, 0.0099031, 6.723, 0.3842773, 6.723, -1.0708008, 6.723, -0.0004883, , , , , , , , , , , , , , , , , , , , , , 
0.2590962, 0.0240024, 6.7365, -0.6943359, 6.7365, -1.0341797, 6.7365, 0.0913086, 0.2590962, -0.0082246, 6.7365, 0.7880859, 6.7365, -1.121582, 6.7365, 0.1533203, 0.2590962, -0.012253, 6.7365, -0.0458984, 6.7365, -1.0917969, 6.7365, -0.5908203, 0.2590962, 0.0062104, 6.7365, 0.375, 6.7365, -1.0864258, 6.7365, 0.0102539, , , , , , , , , , , , , , , , , , , , , , 
0.2596154, 0.0206455, 6.75, -0.5556641, 6.75, -1.0234375, 6.75, 0.0615234, 0.2596154, -0.0087282, 6.75, 0.640625, 6.75, -1.0854492, 6.75, 0.1586914, 0.2596154, -0.0139315, 6.75, 0.0087891, 6.75, -1.0947266, 6.75, -0.609375, 0.2596154, 0.0041962, 6.75, 0.4038086, 6.75, -1.0732422, 6.75, 0.0068359, , , , , , , , , , , , , , , , , , , , , , 
0.2601346, 0.0199741, 6.7635, -0.6196289, 6.7635, -1.0839844, 6.7635, 0.0205078, 0.2601346, -0.0082246, 6.7635, 0.4755859, 6.7635, -1.0981445, 6.7635, 0.1625977, 0.2601346, -0.0137636, 6.7635, 0.2011719, 6.7635, -1.0961914, 6.7635, -0.6450195, 0.2601346, 0.0038605, 6.7635, 0.5361328, 6.7635, -1.0869141, 6.7635, -0.0087891, , , , , , , , , , , , , , , , , , , , , , 
0.2606538, 0.0199741, 6.777, -0.7993164, 6.777, -1.1474609, 6.777, -0.0625, 0.2606538, -0.0072175, 6.777, 0.4770508, 6.777, -1.1616211, 6.777, 0.2197266, 0.2606538, -0.0115816, 6.777, 0.3461914, 6.777, -1.0820312, 6.777, -0.6723633, 0.2606538, 0.0045319, 6.777, 0.6826172, 6.777, -1.1162109, 6.777, -0.03125, , , , , , , , , , , , , , , , , , , , , , 
0.2611731, 0.018967, 6.7905, -0.8847656, 6.7905, -1.2368164, 6.7905, 0.015625, 0.2611731, -0.0077211, 6.7905, 0.5527344, 6.7905, -1.1987305, 6.7905, 0.140625, 0.2611731, -0.0090639, 6.7905, 0.3735352, 6.7905, -1.0522461, 6.7905, -0.6918945, 0.2611731, 0.005539, 6.7905, 0.7954102, 6.7905, -1.1132812, 6.7905, -0.0776367, , , , , , , , , , , , , , , , , , , , , , 
0.2616923, 0.0159457, 6.804, -0.8085938, 6.804, -1.300293, 6.804, 0.0776367, 0.2616923, -0.008896, 6.804, 0.6259766, 6.804, -1.1547852, 6.804, 0.0351562, 0.2616923, -0.0095674, 6.804, 0.3120117, 6.804, -1.0405273, 6.804, -0.6923828, 0.2616923, 0.0078889, 6.804, 0.8310547, 6.804, -1.0844727, 6.804, -0.1044922, , , , , , , , , , , , , , , , , , , , , , 
0.2622115, 0.0146029, 6.8175, -0.6459961, 6.8175, -1.2519531, 6.8175, 0.059082, 0.2622115, -0.0083925, 6.8175, 0.6850586, 6.8175, -1.1313477, 6.8175, 0.0585938, 0.2622115, -0.0099031, 6.8175, 0.2470703, 6.8175, -1.0620117, 6.8175, -0.6870117, 0.2622115, 0.0078889, 6.8175, 0.7749023, 6.8175, -1.0898438, 6.8175, -0.0820312, , , , , , , , , , , , , , , , , , , , , , 
0.2627308, 0.014435, 6.831, -0.5722656, 6.831, -1.1347656, 6.831, 0.1020508, 0.2627308, -0.0072175, 6.831, 0.6923828, 6.831, -1.1303711, 6.831, 0.0825195, 0.2627308, -0.0095674, 6.831, 0.2290039, 6.831, -1.09375, 6.831, -0.6694336, 0.2627308, 0.0075532, 6.831, 0.6757812, 6.831, -1.1391602, 6.831, -0.0151367, , , , , , , , , , , , , , , , , , , , , , 
0.26325, 0.0139315, 6.8445, -0.59375, 6.8445, -1.0410156, 6.8445, 0.1108398, 0.26325, -0.0072175, 6.8445, 0.6694336, 6.8445, -1.1230469, 6.8445, 0.0932617, 0.26325, -0.0099031, 6.8445, 0.2851562, 6.8445, -1.1044922, 6.8445, -0.6381836, 0.26325, 0.0075532, 6.8445, 0.5625, 6.8445, -1.1552734, 6.8445, 0.0454102, , , , , , , , , , , , , , , , , , , , , , 
0.2637692, 0.0152743, 6.858, -0.5922852, 6.858, -1.0273438, 6.858, 0.0668945, 0.2637692, -0.0082246, 6.858, 0.6645508, 6.858, -1.0849609, 6.858, 0.0581055, 0.2637692, -0.0109102, 6.858, 0.3442383, 6.858, -1.0825195, 6.858, -0.6054688, 0.2637692, 0.0065461, 6.858, 0.4755859, 6.858, -1.1206055, 6.858, 0.0712891, , , , , , , , , , , , , , , , , , , , , , 
0.2642885, 0.017792, 6.8715, -0.6401367, 6.8715, -1.0615234, 6.8715, 0.1088867, 0.2642885, -0.0109102, 6.8715, 0.6479492, 6.8715, -1.0336914, 6.8715, 0.019043, 0.2642885, -0.0109102, 6.8715, 0.3398438, 6.8715, -1.0673828, 6.8715, -0.6054688, 0.2642885, 0.0045319, 6.8715, 0.4584961, 6.8715, -1.09375, 6.8715, 0.0791016, , , , , , , , , , , , , , , , , , , , , , 
0.2648077, 0.0129244, 6.885, -0.7001953, 6.885, -1.0683594, 6.885, 0.1132812, 0.2648077, -0.012253, 6.885, 0.5927734, 6.885, -0.9990234, 6.885, 0.0097656, 0.2648077, -0.0109102, 6.885, 0.2861328, 6.885, -1.0478516, 6.885, -0.625, 0.2648077, 0.0045319, 6.885, 0.4736328, 6.885, -1.0917969, 6.885, 0.0800781, , , , , , , , , , , , , , , , , , , , , , 
0.2653269, 0.0092317, 6.8985, -0.7177734, 6.8985, -1.0576172, 6.8985, 0.1186523, 0.2653269, -0.0102388, 6.8985, 0.5498047, 6.8985, -1.0083008, 6.8985, 0.0307617, 0.2653269, -0.0109102, 6.8985, 0.2441406, 6.8985, -1.0585938, 6.8985, -0.6333008, 0.2653269, 0.0048676, 6.8985, 0.5200195, 6.8985, -1.0986328, 6.8985, 0.0625, , , , , , , , , , , , , , , , , , , , , , 
0.2658462, 0.0115816, 6.912, -0.706543, 6.912, -1.0288086, 6.912, 0.1308594, 0.2658462, -0.0082246, 6.912, 0.6035156, 6.912, -1.027832, 6.912, 0.0126953, 0.2658462, -0.0119173, 6.912, 0.2353516, 6.912, -1.0654297, 6.912, -0.6206055, 0.2658462, 0.0018463, 6.912, 0.5556641, 6.912, -1.1005859, 6.912, 0.0483398, , , , , , , , , , , , , , , , , , , , , , 
0.2663654, 0.0146029, 6.9255, -0.6767578, 6.9255, -0.9902344, 6.9255, 0.125, 0.2663654, -0.0082246, 6.9255, 0.684082, 6.9255, -1.0424805, 6.9255, 0.0424805, 0.2663654, -0.0115816, 6.9255, 0.2451172, 6.9255, -1.0493164, 6.9255, -0.6196289, 0.2663654, -0.0041962, 6.9255, 0.5644531, 6.9255, -1.0917969, 6.9255, 0.0561523, , , , , , , , , , , , , , , , , , , , , , 
0.2668846, 0.0146029, 6.939, -0.6894531, 6.939, -0.953125, 6.939, 0.1416016, 0.2668846, -0.008896, 6.939, 0.684082, 6.939, -1.0126953, 6.939, 0.0424805, 0.2668846, -0.0112459, 6.939, 0.2836914, 6.939, -1.0263672, 6.939, -0.6147461, 0.2668846, -0.0072175, 6.939, 0.5566406, 6.939, -1.0791016, 6.939, 0.0625, , , , , , , , , , , , , , , , , , , , , , 
0.2674038, 0.01561, 6.9525, -0.7016602, 6.9525, -0.940918, 6.9525, 0.1313477, 0.2674038, -0.008896, 6.9525, 0.659668, 6.9525, -0.9941406, 6.9525, 0.0371094, 0.2674038, -0.0109102, 6.9525, 0.328125, 6.9525, -1.0151367, 6.9525, -0.6108398, 0.2674038, -0.0090639, 6.9525, 0.5595703, 6.9525, -1.0668945, 6.9525, 0.074707, , , , , , , , , , , , , , , , , , , , , , 
0.2679231, 0.0146029, 6.966, -0.6967773, 6.966, -0.9584961, 6.966, 0.1264648, 0.2679231, -0.0082246, 6.966, 0.6137695, 6.966, -0.9736328, 6.966, 0.0219727, 0.2679231, -0.0095674, 6.966, 0.3417969, 6.966, -1.0146484, 6.966, -0.6113281, 0.2679231, -0.0112459, 6.966, 0.5541992, 6.966, -1.0556641, 6.966, 0.0839844, , , , , , , , , , , , , , , , , , , , , , 
0.2684423, 0.0125887, 6.9795, -0.7075195, 6.9795, -0.965332, 6.9795, 0.1098633, 0.2684423, -0.0085603, 6.9795, 0.6254883, 6.9795, -0.9780273, 6.9795, 0.0507812, 0.2684423, -0.0097353, 6.9795, 0.3300781, 6.9795, -1.0166016, 6.9795, -0.6098633, 0.2684423, -0.0099031, 6.9795, 0.546875, 6.9795, -1.0429688, 6.9795, 0.078125, , , , , , , , , , , , , , , , , , , , , , 
0.2689615, 0.0105745, 6.993, -0.7070312, 6.993, -0.949707, 6.993, 0.0878906, 0.2689615, -0.0092317, 6.993, 0.6713867, 6.993, -0.9824219, 6.993, 0.0708008, 0.2689615, -0.0104067, 6.993, 0.3037109, 6.993, -1.0166016, 6.993, -0.6157227, 0.2689615, -0.0068818, 6.993, 0.5385742, 6.993, -1.0317383, 6.993, 0.0644531, , , , , , , , , , , , , , , , , , , , , , 
0.2694808, 0.0109102, 7.0065, -0.6977539, 7.0065, -0.9316406, 7.0065, 0.078125, 0.2694808, -0.0075532, 7.0065, 0.6665039, 7.0065, -0.9575195, 7.0065, 0.074707, 0.2694808, -0.0095674, 7.0065, 0.2856445, 7.0065, -1.0141602, 7.0065, -0.609375, 0.2694808, -0.0030213, 7.0065, 0.5366211, 7.0065, -1.019043, 7.0065, 0.0532227, , , , , , , , , , , , , , , , , , , , , , 
0.27, 0.0105745, 7.02, -0.6972656, 7.02, -0.925293, 7.02, 0.0463867, 0.27, -0.0087282, 7.02, 0.605957, 7.02, -0.9624023, 7.02, 0.1171875, 0.27, -0.0082246, 7.02, 0.2617188, 7.02, -1.0009766, 7.02, -0.6098633, 0.27, 0.0018463, 7.02, 0.5493164, 7.02, -1.0141602, 7.02, 0.0307617, , , , , , , , , , , , , , , , , , , , , , 
0.2705192, 0.0099031, 7.0335, -0.6845703, 7.0335, -0.9472656, 7.0335, 0.059082, 0.2705192, -0.0102388, 7.0335, 0.5522461, 7.0335, -0.9580078, 7.0335, 0.0703125, 0.2705192, -0.0070497, 7.0335, 0.25, 7.0335, -0.9873047, 7.0335, -0.6240234, 0.2705192, 0.008896, 7.0335, 0.5610352, 7.0335, -1.0170898, 7.0335, 0.0219727, , , , , , , , , , , , , , , , , , , , , , 
0.2710385, 0.0112459, 7.047, -0.6757812, 7.047, -0.9667969, 7.047, 0.0561523, 0.2710385, -0.0105745, 7.047, 0.5766602, 7.047, -0.9589844, 7.047, 0.0786133, 0.2710385, -0.0065461, 7.047, 0.2285156, 7.047, -0.9863281, 7.047, -0.6342773, 0.2710385, 0.01561, 7.047, 0.5844727, 7.047, -1.0058594, 7.047, 0.0068359, , , , , , , , , , , , , , , , , , , , , , 
0.2715577, 0.0139315, 7.0605, -0.6689453, 7.0605, -0.9599609, 7.0605, 0.0341797, 0.2715577, -0.0109102, 7.0605, 0.605957, 7.0605, -0.956543, 7.0605, 0.1152344, 0.2715577, -0.0068818, 7.0605, 0.2006836, 7.0605, -0.9765625, 7.0605, -0.6445312, 0.2715577, 0.0169528, 7.0605, 0.5947266, 7.0605, -0.9619141, 7.0605, 0.0087891, , , , , , , , , , , , , , , , , , , , , , 
0.2720769, 0.0115816, 7.074, -0.6445312, 7.074, -0.9121094, 7.074, -0.0083008, 0.2720769, -0.0095674, 7.074, 0.5917969, 7.074, -0.9462891, 7.074, 0.1235352, 0.2720769, -0.0062104, 7.074, 0.1992188, 7.074, -0.949707, 7.074, -0.6503906, 0.2720769, 0.0186313, 7.074, 0.5927734, 7.074, -0.9365234, 7.074, 0.019043, , , , , , , , , , , , , , , , , , , , , , 
0.2725962, 0.0048676, 7.0875, -0.6040039, 7.0875, -0.8837891, 7.0875, 0.0112305, 0.2725962, -0.0082246, 7.0875, 0.5410156, 7.0875, -0.9165039, 7.0875, 0.0981445, 0.2725962, -0.0068818, 7.0875, 0.2290039, 7.0875, -0.9296875, 7.0875, -0.6499023, 0.2725962, 0.023331, 7.0875, 0.5751953, 7.0875, -0.9443359, 7.0875, 0.0166016, , , , , , , , , , , , , , , , , , , , , , 
0.2731154, 0.0001678, 7.101, -0.5800781, 7.101, -0.9101562, 7.101, 0.0175781, 0.2731154, -0.0085603, 7.101, 0.5092773, 7.101, -0.9018555, 7.101, 0.0742188, 0.2731154, -0.0078889, 7.101, 0.2480469, 7.101, -0.9228516, 7.101, -0.6347656, 0.2731154, 0.0280308, 7.101, 0.565918, 7.101, -0.9145508, 7.101, 0.0009766, , , , , , , , , , , , , , , , , , , , , , 
0.2736346, -0.0015106, 7.1145, -0.5761719, 7.1145, -0.9399414, 7.1145, 0.0097656, 0.2736346, -0.0092317, 7.1145, 0.5019531, 7.1145, -0.9145508, 7.1145, 0.0756836, 0.2736346, -0.008896, 7.1145, 0.2475586, 7.1145, -0.9174805, 7.1145, -0.6269531, 0.2736346, 0.0317235, 7.1145, 0.5800781, 7.1145, -0.8969727, 7.1145, -0.0136719, , , , , , , , , , , , , , , , , , , , , , 
0.2741538, -0.0005035, 7.128, -0.5717773, 7.128, -0.9316406, 7.128, -0.0166016, 0.2741538, -0.0085603, 7.128, 0.5361328, 7.128, -0.925293, 7.128, 0.1025391, 0.2741538, -0.0075532, 7.128, 0.2324219, 7.128, -0.9008789, 7.128, -0.621582, 0.2741538, 0.0347448, 7.128, 0.6054688, 7.128, -0.9042969, 7.128, -0.0102539, , , , , , , , , , , , , , , , , , , , , , 
0.2746731, 0.0038605, 7.1415, -0.5507812, 7.1415, -0.9067383, 7.1415, -0.0131836, 0.2746731, -0.0075532, 7.1415, 0.5556641, 7.1415, -0.9267578, 7.1415, 0.1108398, 0.2746731, -0.0057069, 7.1415, 0.2250977, 7.1415, -0.8896484, 7.1415, -0.6220703, 0.2746731, 0.0377661, 7.1415, 0.6098633, 7.1415, -0.8955078, 7.1415, 0.0029297, , , , , , , , , , , , , , , , , , , , , , 
0.2751923, 0.0085603, 7.155, -0.5063477, 7.155, -0.8852539, 7.155, 0.0053711, 0.2751923, -0.0075532, 7.155, 0.5112305, 7.155, -0.902832, 7.155, 0.0678711, 0.2751923, -0.0045319, 7.155, 0.2363281, 7.155, -0.8774414, 7.155, -0.6254883, 0.2751923, 0.0394446, 7.155, 0.5883789, 7.155, -0.8603516, 7.155, 0.0068359, , , , , , , , , , , , , , , , , , , , , , 
0.2757115, 0.0099031, 7.1685, -0.4580078, 7.1685, -0.8955078, 7.1685, 0.0209961, 0.2757115, -0.0072175, 7.1685, 0.4638672, 7.1685, -0.8916016, 7.1685, 0.0424805, 0.2757115, -0.0041962, 7.1685, 0.2563477, 7.1685, -0.855957, 7.1685, -0.6289062, 0.2757115, 0.0377661, 7.1685, 0.5878906, 7.1685, -0.8330078, 7.1685, 0.0146484, , , , , , , , , , , , , , , , , , , , , , 
0.2762308, 0.0105745, 7.182, -0.4760742, 7.182, -0.894043, 7.182, -0.0024414, 0.2762308, -0.0065461, 7.182, 0.4423828, 7.182, -0.8837891, 7.182, 0.0415039, 0.2762308, -0.0041962, 7.182, 0.2685547, 7.182, -0.8203125, 7.182, -0.6362305, 0.2762308, 0.0327306, 7.182, 0.5922852, 7.182, -0.824707, 7.182, 0.012207, , , , , , , , , , , , , , , , , , , , , , 
0.27675, 0.0115816, 7.1955, -0.5092773, 7.1955, -0.8613281, 7.1955, -0.0087891, 0.27675, -0.0062104, 7.1955, 0.4365234, 7.1955, -0.8740234, 7.1955, 0.0478516, 0.27675, -0.0041962, 7.1955, 0.2558594, 7.1955, -0.7890625, 7.1955, -0.6337891, 0.27675, 0.0287022, 7.1955, 0.6074219, 7.1955, -0.8144531, 7.1955, 0.0019531, , , , , , , , , , , , , , , , , , , , , , 
0.2772692, 0.0132601, 7.209, -0.4897461, 7.209, -0.824707, 7.209, -0.0092773, 0.2772692, -0.0075532, 7.209, 0.4204102, 7.209, -0.831543, 7.209, 0.0263672, 0.2772692, -0.0028534, 7.209, 0.2441406, 7.209, -0.777832, 7.209, -0.6137695, 0.2772692, 0.0270237, 7.209, 0.6025391, 7.209, -0.8095703, 7.209, -0.0078125, , , , , , , , , , , , , , , , , , , , , , 
0.2777885, 0.0193027, 7.2225, -0.4433594, 7.2225, -0.8173828, 7.2225, 0.0019531, 0.2777885, -0.0095674, 7.2225, 0.3867188, 7.2225, -0.7836914, 7.2225, 0.0009766, 0.2777885, -0.0028534, 7.2225, 0.237793, 7.2225, -0.7841797, 7.2225, -0.581543, 0.2777885, 0.023331, 7.2225, 0.5712891, 7.2225, -0.8007812, 7.2225, -0.0014648, , , , , , , , , , , , , , , , , , , , , , 
0.2783077, 0.0196384, 7.236, -0.4233398, 7.236, -0.815918, 7.236, 0.0073242, 0.2783077, -0.0082246, 7.236, 0.3496094, 7.236, -0.7646484, 7.236, 0.0029297, 0.2783077, -0.0045319, 7.236, 0.2299805, 7.236, -0.7978516, 7.236, -0.5546875, 0.2783077, 0.0206455, 7.236, 0.5288086, 7.236, -0.7753906, 7.236, 0.0112305, , , , , , , , , , , , , , , , , , , , , , 
0.2788269, 0.0159457, 7.2495, -0.3999023, 7.2495, -0.8032227, 7.2495, 0.003418, 0.2788269, -0.0068818, 7.2495, 0.3271484, 7.2495, -0.7763672, 7.2495, 0.0205078, 0.2788269, -0.0058747, 7.2495, 0.2124023, 7.2495, -0.7924805, 7.2495, -0.5395508, 0.2788269, 0.0172885, 7.2495, 0.4960938, 7.2495, -0.7470703, 7.2495, 0.0205078, , , , , , , , , , , , , , , , , , , , , , 
0.2793462, 0.0152743, 7.263, -0.4106445, 7.263, -0.7744141, 7.263, -0.027832, 0.2793462, -0.0072175, 7.263, 0.3344727, 7.263, -0.7900391, 7.263, 0.0375977, 0.2793462, -0.0048676, 7.263, 0.2041016, 7.263, -0.7802734, 7.263, -0.5390625, 0.2793462, 0.0132601, 7.263, 0.4765625, 7.263, -0.7373047, 7.263, 0.03125, , , , , , , , , , , , , , , , , , , , , , 
0.2798654, 0.0172885, 7.2765, -0.4204102, 7.2765, -0.7495117, 7.2765, -0.0424805, 0.2798654, -0.0068818, 7.2765, 0.3330078, 7.2765, -0.7910156, 7.2765, 0.0361328, 0.2798654, -0.0048676, 7.2765, 0.2041016, 7.2765, -0.7324219, 7.2765, -0.5307617, 0.2798654, 0.0109102, 7.2765, 0.4624023, 7.2765, -0.7412109, 7.2765, 0.065918, , , , , , , , , , , , , , , , , , , , , , 
0.2803846, 0.0146029, 7.29, -0.3930664, 7.29, -0.7626953, 7.29, -0.0424805, 0.2803846, -0.0075532, 7.29, 0.3261719, 7.29, -0.7836914, 7.29, 0.012207, 0.2803846, -0.0063783, 7.29, 0.2290039, 7.29, -0.6835938, 7.29, -0.5209961, 0.2803846, 0.0119173, 7.29, 0.4277344, 7.29, -0.7260742, 7.29, 0.0625, , , , , , , , , , , , , , , , , , , , , , 
0.2809038, 0.0137636, 7.3035, -0.3188477, 7.3035, -0.8134766, 7.3035, -0.0234375, 0.2809038, -0.0068818, 7.3035, 0.3105469, 7.3035, -0.7680664, 7.3035, -0.0136719, 0.2809038, -0.005539, 7.3035, 0.2421875, 7.3035, -0.659668, 7.3035, -0.5146484, 0.2809038, 0.0112459, 7.3035, 0.4086914, 7.3035, -0.7050781, 7.3035, 0.0419922, , , , , , , , , , , , , , , , , , , , , , 
0.2814231, 0.0164492, 7.317, -0.3032227, 7.317, -0.8369141, 7.317, -0.0380859, 0.2814231, -0.005539, 7.317, 0.2988281, 7.317, -0.7651367, 7.317, -0.0205078, 0.2814231, -0.0052033, 7.317, 0.230957, 7.317, -0.6738281, 7.317, -0.5087891, 0.2814231, 0.0095674, 7.317, 0.4223633, 7.317, -0.7080078, 7.317, 0.0273438, , , , , , , , , , , , , , , , , , , , , , 
0.2819423, 0.0172885, 7.3305, -0.359375, 7.3305, -0.8251953, 7.3305, -0.0317383, 0.2819423, -0.0062104, 7.3305, 0.2739258, 7.3305, -0.7783203, 7.3305, -0.0068359, 0.2819423, -0.0065461, 7.3305, 0.1987305, 7.3305, -0.7089844, 7.3305, -0.5102539, 0.2819423, 0.0112459, 7.3305, 0.4501953, 7.3305, -0.7202148, 7.3305, 0.0322266, , , , , , , , , , , , , , , , , , , , , , 
0.2824615, 0.0171206, 7.344, -0.4023438, 7.344, -0.7998047, 7.344, -0.0327148, 0.2824615, -0.0072175, 7.344, 0.2641602, 7.344, -0.7944336, 7.344, 0.0063477, 0.2824615, -0.0075532, 7.344, 0.1621094, 7.344, -0.7294922, 7.344, -0.5185547, 0.2824615, 0.012253, 7.344, 0.453125, 7.344, -0.7280273, 7.344, 0.0483398, , , , , , , , , , , , , , , , , , , , , , 
0.2829808, 0.0169528, 7.3575, -0.3920898, 7.3575, -0.7895508, 7.3575, -0.0498047, 0.2829808, -0.0075532, 7.3575, 0.2802734, 7.3575, -0.793457, 7.3575, 0.0004883, 0.2829808, -0.0062104, 7.3575, 0.1557617, 7.3575, -0.7202148, 7.3575, -0.5175781, 0.2829808, 0.0112459, 7.3575, 0.4238281, 7.3575, -0.7260742, 7.3575, 0.0654297, , , , , , , , , , , , , , , , , , , , , , 
0.2835, 0.0166171, 7.371, -0.3100586, 7.371, -0.8046875, 7.371, -0.0444336, 0.2835, -0.0072175, 7.371, 0.293457, 7.371, -0.8046875, 7.371, -0.0195312, 0.2835, -0.005539, 7.371, 0.1806641, 7.371, -0.6928711, 7.371, -0.4980469, 0.2835, 0.0090639, 7.371, 0.3984375, 7.371, -0.6967773, 7.371, 0.0634766, , , , , , , , , , , , , , , , , , , , , , 
0.2840192, 0.01561, 7.3845, -0.2475586, 7.3845, -0.8256836, 7.3845, -0.0219727, 0.2840192, -0.0057069, 7.3845, 0.2910156, 7.3845, -0.8139648, 7.3845, -0.0322266, 0.2840192, -0.0062104, 7.3845, 0.21875, 7.3845, -0.6694336, 7.3845, -0.4794922, 0.2840192, 0.0078889, 7.3845, 0.3911133, 7.3845, -0.6821289, 7.3845, 0.065918, , , , , , , , , , , , , , , , , , , , , , 
0.2845385, 0.0159457, 7.398, -0.2275391, 7.398, -0.8291016, 7.398, -0.0170898, 0.2845385, -0.005539, 7.398, 0.2705078, 7.398, -0.809082, 7.398, -0.0341797, 0.2845385, -0.0077211, 7.398, 0.2348633, 7.398, -0.6611328, 7.398, -0.4741211, 0.2845385, 0.008896, 7.398, 0.4008789, 7.398, -0.7036133, 7.398, 0.0732422, , , , , , , , , , , , , , , , , , , , , , 
0.2850577, 0.0179599, 7.4115, -0.2421875, 7.4115, -0.8144531, 7.4115, -0.0185547, 0.2850577, -0.0065461, 7.4115, 0.2460938, 7.4115, -0.7915039, 7.4115, -0.03125, 0.2850577, -0.0087282, 7.4115, 0.269043, 7.4115, -0.6513672, 7.4115, -0.4643555, 0.2850577, 0.0099031, 7.4115, 0.409668, 7.4115, -0.7241211, 7.4115, 0.0717773, , , , , , , , , , , , , , , , , , , , , , 
0.2855769, 0.0159457, 7.425, -0.300293, 7.425, -0.7949219, 7.425, -0.0200195, 0.2855769, -0.0062104, 7.425, 0.2241211, 7.425, -0.7719727, 7.425, -0.0336914, 0.2855769, -0.0095674, 7.425, 0.2954102, 7.425, -0.6601562, 7.425, -0.4575195, 0.2855769, 0.0087282, 7.425, 0.3881836, 7.425, -0.7368164, 7.425, 0.0820312, , , , , , , , , , , , , , , , , , , , , , 
0.2860962, 0.0117494, 7.4385, -0.3408203, 7.4385, -0.7929688, 7.4385, -0.0410156, 0.2860962, -0.0057069, 7.4385, 0.2138672, 7.4385, -0.7670898, 7.4385, -0.0366211, 0.2860962, -0.0132601, 7.4385, 0.293457, 7.4385, -0.6982422, 7.4385, -0.4433594, 0.2860962, 0.0053712, 7.4385, 0.375, 7.4385, -0.7363281, 7.4385, 0.0678711, , , , , , , , , , , , , , , , , , , , , , 
0.2866154, 0.0132601, 7.452, -0.3378906, 7.452, -0.8149414, 7.452, -0.0390625, 0.2866154, -0.0065461, 7.452, 0.2128906, 7.452, -0.7783203, 7.452, -0.043457, 0.2866154, -0.0152743, 7.452, 0.2695312, 7.452, -0.7480469, 7.452, -0.4199219, 0.2866154, 0.002182, 7.452, 0.3764648, 7.452, -0.7382812, 7.452, 0.0634766, , , , , , , , , , , , , , , , , , , , , , 
0.2871346, 0.0151064, 7.4655, -0.3007812, 7.4655, -0.8339844, 7.4655, -0.0288086, 0.2871346, -0.0068818, 7.4655, 0.2426758, 7.4655, -0.8061523, 7.4655, -0.034668, 0.2871346, -0.0139315, 7.4655, 0.2333984, 7.4655, -0.765625, 7.4655, -0.4111328, 0.2871346, -0.0025177, 7.4655, 0.3847656, 7.4655, -0.737793, 7.4655, 0.0654297, , , , , , , , , , , , , , , , , , , , , , 
0.2876538, 0.0146029, 7.479, -0.2421875, 7.479, -0.8227539, 7.479, -0.0258789, 0.2876538, -0.0068818, 7.479, 0.2666016, 7.479, -0.8242188, 7.479, -0.0351562, 0.2876538, -0.0135958, 7.479, 0.2143555, 7.479, -0.7246094, 7.479, -0.425293, 0.2876538, -0.0058747, 7.479, 0.3696289, 7.479, -0.7226562, 7.479, 0.0561523, , , , , , , , , , , , , , , , , , , , , , 
0.2881731, 0.0137636, 7.4925, -0.2080078, 7.4925, -0.8085938, 7.4925, -0.0043945, 0.2881731, -0.0068818, 7.4925, 0.2558594, 7.4925, -0.8115234, 7.4925, -0.0517578, 0.2881731, -0.0139315, 7.4925, 0.2182617, 7.4925, -0.6655273, 7.4925, -0.4370117, 0.2881731, -0.0068818, 7.4925, 0.3540039, 7.4925, -0.7172852, 7.4925, 0.0571289, , , , , , , , , , , , , , , , , , , , , , 
0.2886923, 0.0149386, 7.506, -0.2050781, 7.506, -0.8129883, 7.506, -0.003418, 0.2886923, -0.0063783, 7.506, 0.2241211, 7.506, -0.7900391, 7.506, -0.0693359, 0.2886923, -0.0124208, 7.506, 0.2265625, 7.506, -0.6513672, 7.506, -0.4321289, 0.2886923, -0.0062104, 7.506, 0.3261719, 7.506, -0.7241211, 7.506, 0.0683594, , , , , , , , , , , , , , , , , , , , , , 
0.2892115, 0.0166171, 7.5195, -0.222168, 7.5195, -0.8149414, 7.5195, -0.0419922, 0.2892115, -0.0078889, 7.5195, 0.2006836, 7.5195, -0.7885742, 7.5195, -0.065918, 0.2892115, -0.0124208, 7.5195, 0.2304688, 7.5195, -0.6625977, 7.5195, -0.4233398, 0.2892115, -0.0046998, 7.5195, 0.3032227, 7.5195, -0.7294922, 7.5195, 0.0844727, , , , , , , , , , , , , , , , , , , , , , 
0.2897308, 0.0172885, 7.533, -0.2519531, 7.533, -0.8071289, 7.533, -0.0332031, 0.2897308, -0.0095674, 7.533, 0.1962891, 7.533, -0.7861328, 7.533, -0.0698242, 0.2897308, -0.0129244, 7.533, 0.2319336, 7.533, -0.6958008, 7.533, -0.4013672, 0.2897308, -0.0018463, 7.533, 0.2880859, 7.533, -0.730957, 7.533, 0.0864258, , , , , , , , , , , , , , , , , , , , , , 
0.29025, 0.0159457, 7.5465, -0.2797852, 7.5465, -0.8076172, 7.5465, -0.0136719, 0.29025, -0.0095674, 7.5465, 0.1938477, 7.5465, -0.7817383, 7.5465, -0.0668945, 0.29025, -0.0125887, 7.5465, 0.2333984, 7.5465, -0.7148438, 7.5465, -0.3818359, 0.29025, 0.0031891, 7.5465, 0.2797852, 7.5465, -0.7338867, 7.5465, 0.0908203, , , , , , , , , , , , , , , , , , , , , , 
0.2907692, 0.0132601, 7.56, -0.284668, 7.56, -0.8100586, 7.56, -0.0136719, 0.2907692, -0.0095674, 7.56, 0.1904297, 7.56, -0.7792969, 7.56, -0.0664062, 0.2907692, -0.0112459, 7.56, 0.2319336, 7.56, -0.7163086, 7.56, -0.3696289, 0.2907692, 0.0083925, 7.56, 0.2700195, 7.56, -0.7373047, 7.56, 0.0893555, , , , , , , , , , , , , , , , , , , , , , 
0.2912885, 0.0104067, 7.5735, -0.2592773, 7.5735, -0.809082, 7.5735, -0.0175781, 0.2912885, -0.010071, 7.5735, 0.1884766, 7.5735, -0.78125, 7.5735, -0.0805664, 0.2912885, -0.0090639, 7.5735, 0.2304688, 7.5735, -0.7060547, 7.5735, -0.3583984, 0.2912885, 0.0112459, 7.5735, 0.2651367, 7.5735, -0.7451172, 7.5735, 0.0786133, , , , , , , , , , , , , , , , , , , , , , 
0.2918077, 0.0041962, 7.587, -0.2202148, 7.587, -0.8149414, 7.587, -0.0024414, 0.2918077, -0.0090639, 7.587, 0.2016602, 7.587, -0.7885742, 7.587, -0.0864258, 0.2918077, -0.0077211, 7.587, 0.2294922, 7.587, -0.7036133, 7.587, -0.3598633, 0.2918077, 0.0139315, 7.587, 0.2695312, 7.587, -0.7597656, 7.587, 0.0678711, , , , , , , , , , , , , , , , , , , , , , 
0.2923269, -0.0001678, 7.6005, -0.1884766, 7.6005, -0.8408203, 7.6005, -0.003418, 0.2923269, -0.0083925, 7.6005, 0.2207031, 7.6005, -0.796875, 7.6005, -0.0869141, 0.2923269, -0.0062104, 7.6005, 0.2338867, 7.6005, -0.7163086, 7.6005, -0.362793, 0.2923269, 0.0179599, 7.6005, 0.277832, 7.6005, -0.7636719, 7.6005, 0.0566406, , , , , , , , , , , , , , , , , , , , , , 
0.2928462, -0.0035248, 7.614, -0.1835938, 7.614, -0.8588867, 7.614, -0.019043, 0.2928462, -0.0083925, 7.614, 0.2397461, 7.614, -0.815918, 7.614, -0.0761719, 0.2928462, -0.0065461, 7.614, 0.2280273, 7.614, -0.7314453, 7.614, -0.3491211, 0.2928462, 0.0219883, 7.614, 0.2768555, 7.614, -0.7470703, 7.614, 0.0654297, , , , , , , , , , , , , , , , , , , , , , 
0.2933654, -0.0082246, 7.6275, -0.2016602, 7.6275, -0.8496094, 7.6275, -0.0107422, 0.2933654, -0.0095674, 7.6275, 0.2446289, 7.6275, -0.8178711, 7.6275, -0.0644531, 0.2933654, -0.0068818, 7.6275, 0.2236328, 7.6275, -0.7119141, 7.6275, -0.3447266, 0.2933654, 0.0273594, 7.6275, 0.2524414, 7.6275, -0.7421875, 7.6275, 0.0698242, , , , , , , , , , , , , , , , , , , , , , 
0.2938846, -0.0078889, 7.641, -0.2104492, 7.641, -0.8149414, 7.641, -0.0073242, 0.2938846, -0.0102388, 7.641, 0.2290039, 7.641, -0.7866211, 7.641, -0.0688477, 0.2938846, -0.0045319, 7.641, 0.2304688, 7.641, -0.6816406, 7.641, -0.3388672, 0.2938846, 0.0332341, 7.641, 0.2392578, 7.641, -0.7416992, 7.641, 0.0683594, , , , , , , , , , , , , , , , , , , , , , 
0.2944038, -0.0045319, 7.6545, -0.1982422, 7.6545, -0.7978516, 7.6545, -0.0014648, 0.2944038, -0.0097353, 7.6545, 0.2041016, 7.6545, -0.7558594, 7.6545, -0.0849609, 0.2944038, -0.003357, 7.6545, 0.2353516, 7.6545, -0.6831055, 7.6545, -0.328125, 0.2944038, 0.0347448, 7.6545, 0.2089844, 7.6545, -0.7563477, 7.6545, 0.0581055, , , , , , , , , , , , , , , , , , , , , , 
0.2949231, -0.0010071, 7.668, -0.1894531, 7.668, -0.8129883, 7.668, -0.0043945, 0.2949231, -0.008896, 7.668, 0.1982422, 7.668, -0.7631836, 7.668, -0.0883789, 0.2949231, -0.0038605, 7.668, 0.2255859, 7.668, -0.71875, 7.668, -0.3032227, 0.2949231, 0.0350805, 7.668, 0.1855469, 7.668, -0.7792969, 7.668, 0.0556641, , , , , , , , , , , , , , , , , , , , , , 
0.2954423, -0.0011749, 7.6815, -0.2080078, 7.6815, -0.8320312, 7.6815, -0.0029297, 0.2954423, -0.0068818, 7.6815, 0.206543, 7.6815, -0.777832, 7.6815, -0.0830078, 0.2954423, -0.0041962, 7.6815, 0.1977539, 7.6815, -0.7661133, 7.6815, -0.2856445, 0.2954423, 0.0384375, 7.6815, 0.1889648, 7.6815, -0.784668, 7.6815, 0.0585938, , , , , , , , , , , , , , , , , , , , , , 
0.2959615, -0.0041962, 7.695, -0.2392578, 7.695, -0.8325195, 7.695, -0.0009766, 0.2959615, -0.0041962, 7.695, 0.2275391, 7.695, -0.8007812, 7.695, -0.0698242, 0.2959615, -0.0045319, 7.695, 0.1860352, 7.695, -0.7871094, 7.695, -0.2861328, 0.2959615, 0.0381018, 7.695, 0.1801758, 7.695, -0.793457, 7.695, 0.0488281, , , , , , , , , , , , , , , , , , , , , , 
0.2964808, -0.0043641, 7.7085, -0.2587891, 7.7085, -0.8310547, 7.7085, -0.0004883, 0.2964808, -0.005539, 7.7085, 0.2329102, 7.7085, -0.7973633, 7.7085, -0.0693359, 0.2964808, -0.0052033, 7.7085, 0.1845703, 7.7085, -0.7905273, 7.7085, -0.2875977, 0.2964808, 0.0293736, 7.7085, 0.1630859, 7.7085, -0.8027344, 7.7085, 0.0400391, , , , , , , , , , , , , , , , , , , , , , 
0.297, 0.0001678, 7.722, -0.2441406, 7.722, -0.8481445, 7.722, -0.0107422, 0.297, -0.0068818, 7.722, 0.2319336, 7.722, -0.7910156, 7.722, -0.0771484, 0.297, -0.0058747, 7.722, 0.1787109, 7.722, -0.7998047, 7.722, -0.2861328, 0.297, 0.0213169, 7.722, 0.1479492, 7.722, -0.8125, 7.722, 0.043457, , , , , , , , , , , , , , , , , , , , , , 
0.2975192, 0.0082246, 7.7355, -0.2314453, 7.7355, -0.8608398, 7.7355, -0.0043945, 0.2975192, -0.0065461, 7.7355, 0.2255859, 7.7355, -0.8115234, 7.7355, -0.0844727, 0.2975192, -0.0075532, 7.7355, 0.1845703, 7.7355, -0.8105469, 7.7355, -0.2802734, 0.2975192, 0.0172885, 7.7355, 0.1635742, 7.7355, -0.8261719, 7.7355, 0.0332031, , , , , , , , , , , , , , , , , , , , , , 
0.2980385, 0.0186313, 7.749, -0.2104492, 7.749, -0.8823242, 7.749, 0.0224609, 0.2980385, -0.0077211, 7.749, 0.2275391, 7.749, -0.8378906, 7.749, -0.0834961, 0.2980385, -0.0095674, 7.749, 0.206543, 7.749, -0.8168945, 7.749, -0.2802734, 0.2980385, 0.0152743, 7.749, 0.1777344, 7.749, -0.8530273, 7.749, 0.0302734, , , , , , , , , , , , , , , , , , , , , , 
0.2985577, 0.026688, 7.7625, -0.1899414, 7.7625, -0.887207, 7.7625, 0.0043945, 0.2985577, -0.008896, 7.7625, 0.2363281, 7.7625, -0.8525391, 7.7625, -0.0786133, 0.2985577, -0.0095674, 7.7625, 0.2226562, 7.7625, -0.8354492, 7.7625, -0.2719727, 0.2985577, 0.0129244, 7.7625, 0.171875, 7.7625, -0.8745117, 7.7625, 0.0410156, , , , , , , , , , , , , , , , , , , , , , 
0.2990769, 0.0297093, 7.776, -0.2041016, 7.776, -0.8920898, 7.776, -0.0053711, 0.2990769, -0.0102388, 7.776, 0.2436523, 7.776, -0.8647461, 7.776, -0.0825195, 0.2990769, -0.0109102, 7.776, 0.2207031, 7.776, -0.8574219, 7.776, -0.2543945, 0.2990769, 0.0095674, 7.776, 0.1376953, 7.776, -0.875, 7.776, 0.0415039, , , , , , , , , , , , , , , , , , , , , , 
0.2995962, 0.0310521, 7.7895, -0.2358398, 7.7895, -0.9121094, 7.7895, 0.0043945, 0.2995962, -0.0109102, 7.7895, 0.2392578, 7.7895, -0.8803711, 7.7895, -0.0961914, 0.2995962, -0.0112459, 7.7895, 0.2124023, 7.7895, -0.8647461, 7.7895, -0.2495117, 0.2995962, 0.0078889, 7.7895, 0.1235352, 7.7895, -0.8720703, 7.7895, 0.0375977, , , , , , , , , , , , , , , , , , , , , , 
0.3001154, 0.0339055, 7.803, -0.2353516, 7.803, -0.9243164, 7.803, 0.0107422, 0.3001154, -0.0095674, 7.803, 0.2304688, 7.803, -0.8901367, 7.803, -0.1030273, 0.3001154, -0.0099031, 7.803, 0.1938477, 7.803, -0.8657227, 7.803, -0.2597656, 0.3001154, 0.0099031, 7.803, 0.1030273, 7.803, -0.8803711, 7.803, 0.0546875, , , , , , , , , , , , , , , , , , , , , , 
0.3006346, 0.0350805, 7.8165, -0.2290039, 7.8165, -0.9179688, 7.8165, 0.0263672, 0.3006346, -0.0082246, 7.8165, 0.2275391, 7.8165, -0.894043, 7.8165, -0.1064453, 0.3006346, -0.0078889, 7.8165, 0.1826172, 7.8165, -0.8740234, 7.8165, -0.2597656, 0.3006346, 0.0099031, 7.8165, 0.0976562, 7.8165, -0.8974609, 7.8165, 0.0708008, , , , , , , , , , , , , , , , , , , , , , 
0.3011538, 0.0352483, 7.83, -0.2392578, 7.83, -0.9121094, 7.83, 0.0209961, 0.3011538, -0.0082246, 7.83, 0.2207031, 7.83, -0.8886719, 7.83, -0.1162109, 0.3011538, -0.0068818, 7.83, 0.1835938, 7.83, -0.8813477, 7.83, -0.2451172, 0.3011538, 0.0068818, 7.83, 0.0893555, 7.83, -0.8959961, 7.83, 0.074707, , , , , , , , , , , , , , , , , , , , , , 
0.3016731, 0.0344091, 7.8435, -0.2426758, 7.8435, -0.9204102, 7.8435, 0.0239258, 0.3016731, -0.0082246, 7.8435, 0.2167969, 7.8435, -0.8818359, 7.8435, -0.1303711, 0.3016731, -0.0058747, 7.8435, 0.1948242, 7.8435, -0.8798828, 7.8435, -0.2338867, 0.3016731, 0.0065461, 7.8435, 0.0703125, 7.8435, -0.909668, 7.8435, 0.0732422, , , , , , , , , , , , , , , , , , , , , , 
0.3021923, 0.0323949, 7.857, -0.2138672, 7.857, -0.9492188, 7.857, 0.0283203, 0.3021923, -0.0085603, 7.857, 0.2182617, 7.857, -0.8959961, 7.857, -0.1337891, 0.3021923, -0.0058747, 7.857, 0.2080078, 7.857, -0.8930664, 7.857, -0.2265625, 0.3021923, 0.0068818, 7.857, 0.0800781, 7.857, -0.9204102, 7.857, 0.0698242, , , , , , , , , , , , , , , , , , , , , , 
0.3027115, 0.0317235, 7.8705, -0.1914062, 7.8705, -0.96875, 7.8705, 0.0175781, 0.3027115, -0.0082246, 7.8705, 0.2353516, 7.8705, -0.9282227, 7.8705, -0.1171875, 0.3027115, -0.0082246, 7.8705, 0.2099609, 7.8705, -0.8945312, 7.8705, -0.2358398, 0.3027115, 0.0052033, 7.8705, 0.0976562, 7.8705, -0.9189453, 7.8705, 0.0639648, , , , , , , , , , , , , , , , , , , , , , 
0.3032308, 0.0297093, 7.884, -0.2006836, 7.884, -0.9594727, 7.884, 0.0161133, 0.3032308, -0.0072175, 7.884, 0.2363281, 7.884, -0.9404297, 7.884, -0.1181641, 0.3032308, -0.008896, 7.884, 0.2163086, 7.884, -0.8955078, 7.884, -0.2402344, 0.3032308, 0.002182, 7.884, 0.0878906, 7.884, -0.925293, 7.884, 0.0688477, , , , , , , , , , , , , , , , , , , , , , 
0.30375, 0.0293736, 7.8975, -0.2124023, 7.8975, -0.9541016, 7.8975, 0.0351562, 0.30375, -0.0062104, 7.8975, 0.2182617, 7.8975, -0.9287109, 7.8975, -0.1469727, 0.30375, -0.0085603, 7.8975, 0.2148438, 7.8975, -0.8984375, 7.8975, -0.2392578, 0.30375, 0.0013428, 7.8975, 0.0683594, 7.8975, -0.9321289, 7.8975, 0.0771484, , , , , , , , , , , , , , , , , , , , , , 
0.3042692, 0.0283665, 7.911, -0.2041016, 7.911, -0.9624023, 7.911, 0.0541992, 0.3042692, -0.0046998, 7.911, 0.2080078, 7.911, -0.9248047, 7.911, -0.1591797, 0.3042692, -0.0075532, 7.911, 0.2055664, 7.911, -0.8974609, 7.911, -0.2363281, 0.3042692, 0.0038605, 7.911, 0.0537109, 7.911, -0.9326172, 7.911, 0.0698242, , , , , , , , , , , , , , , , , , , , , , 
0.3047885, 0.026688, 7.9245, -0.1777344, 7.9245, -0.9726562, 7.9245, 0.0180664, 0.3047885, -0.0041962, 7.9245, 0.2128906, 7.9245, -0.9335938, 7.9245, -0.1601562, 0.3047885, -0.0072175, 7.9245, 0.1889648, 7.9245, -0.9018555, 7.9245, -0.2216797, 0.3047885, 0.0050355, 7.9245, 0.0483398, 7.9245, -0.9375, 7.9245, 0.0620117, , , , , , , , , , , , , , , , , , , , , , 
0.3053077, 0.0199741, 7.938, -0.1870117, 7.938, -0.9746094, 7.938, 0.0185547, 0.3053077, -0.0043641, 7.938, 0.2119141, 7.938, -0.9355469, 7.938, -0.1640625, 0.3053077, -0.0082246, 7.938, 0.1850586, 7.938, -0.9125977, 7.938, -0.2143555, 0.3053077, 0.002182, 7.938, 0.0439453, 7.938, -0.9448242, 7.938, 0.0629883, , , , , , , , , , , , , , , , , , , , , , 
0.3058269, 0.018967, 7.9515, -0.2172852, 7.9515, -0.9863281, 7.9515, 0.0537109, 0.3058269, -0.005539, 7.9515, 0.2080078, 7.9515, -0.9379883, 7.9515, -0.1679688, 0.3058269, -0.0102388, 7.9515, 0.1933594, 7.9515, -0.9331055, 7.9515, -0.2124023, 0.3058269, -0.0015106, 7.9515, 0.0390625, 7.9515, -0.9555664, 7.9515, 0.0712891, , , , , , , , , , , , , , , , , , , , , , 
0.3063462, 0.0231632, 7.965, -0.2280273, 7.965, -1.0029297, 7.965, 0.0571289, 0.3063462, -0.0058747, 7.965, 0.222168, 7.965, -0.9526367, 7.965, -0.1616211, 0.3063462, -0.0119173, 7.965, 0.206543, 7.965, -0.9516602, 7.965, -0.2167969, 0.3063462, -0.0057069, 7.965, 0.046875, 7.965, -0.9838867, 7.965, 0.0732422, , , , , , , , , , , , , , , , , , , , , , 
0.3068654, 0.0206455, 7.9785, -0.2207031, 7.9785, -1.0092773, 7.9785, 0.0234375, 0.3068654, -0.005539, 7.9785, 0.2504883, 7.9785, -0.972168, 7.9785, -0.1503906, 0.3068654, -0.012253, 7.9785, 0.1977539, 7.9785, -0.9716797, 7.9785, -0.2197266, 0.3068654, -0.0075532, 7.9785, 0.0595703, 7.9785, -0.9990234, 7.9785, 0.0610352, , , , , , , , , , , , , , , , , , , , , , 
0.3073846, 0.0176242, 7.992, -0.2050781, 7.992, -1.0273438, 7.992, 0.034668, 0.3073846, -0.0062104, 7.992, 0.2651367, 7.992, -0.9902344, 7.992, -0.1459961, 0.3073846, -0.0115816, 7.992, 0.1938477, 7.992, -0.9902344, 7.992, -0.2236328, 0.3073846, -0.0075532, 7.992, 0.0498047, 7.992, -1.0009766, 7.992, 0.0644531, , , , , , , , , , , , , , , , , , , , , , 
0.3079038, 0.0159457, 8.0055, -0.1894531, 8.0055, -1.050293, 8.0055, 0.0522461, 0.3079038, -0.0077211, 8.0055, 0.2617188, 8.0055, -0.9990234, 8.0055, -0.1538086, 0.3079038, -0.0102388, 8.0055, 0.2006836, 8.0055, -0.9985352, 8.0055, -0.21875, 0.3079038, -0.0095674, 8.0055, 0.0395508, 8.0055, -1.0073242, 8.0055, 0.0595703, , , , , , , , , , , , , , , , , , , , , , 
0.3084231, 0.0152743, 8.019, -0.1943359, 8.019, -1.0527344, 8.019, 0.0439453, 0.3084231, -0.0075532, 8.019, 0.2548828, 8.019, -1.003418, 8.019, -0.1591797, 0.3084231, -0.0112459, 8.019, 0.2075195, 8.019, -0.996582, 8.019, -0.2124023, 0.3084231, -0.0092317, 8.019, 0.0439453, 8.019, -1.015625, 8.019, 0.0532227, , , , , , , , , , , , , , , , , , , , , , 
0.3089423, 0.0132601, 8.0325, -0.2006836, 8.0325, -1.0473633, 8.0325, 0.0258789, 0.3089423, -0.0075532, 8.0325, 0.2373047, 8.0325, -1.0043945, 8.0325, -0.1679688, 0.3089423, -0.0129244, 8.0325, 0.1987305, 8.0325, -0.9975586, 8.0325, -0.2114258, 0.3089423, -0.0058747, 8.0325, 0.0390625, 8.0325, -1.0268555, 8.0325, 0.0532227, , , , , , , , , , , , , , , , , , , , , , 
0.3094615, 0.011078, 8.046, -0.1850586, 8.046, -1.0532227, 8.046, 0.0297852, 0.3094615, -0.0070497, 8.046, 0.2270508, 8.046, -1.0014648, 8.046, -0.1767578, 0.3094615, -0.0137636, 8.046, 0.1958008, 8.046, -0.9912109, 8.046, -0.2128906, 0.3094615, -0.0041962, 8.046, 0.0498047, 8.046, -1.0136719, 8.046, 0.0625, , , , , , , , , , , , , , , , , , , , , , 
0.3099808, 0.0102388, 8.0595, -0.1645508, 8.0595, -1.0517578, 8.0595, 0.034668, 0.3099808, -0.0068818, 8.0595, 0.2265625, 8.0595, -0.9995117, 8.0595, -0.1791992, 0.3099808, -0.0109102, 8.0595, 0.1933594, 8.0595, -0.9746094, 8.0595, -0.21875, 0.3099808, 0.0001678, 8.0595, 0.059082, 8.0595, -0.9990234, 8.0595, 0.059082, , , , , , , , , , , , , , , , , , , , , , 
0.3105, 0.0078889, 8.073, -0.1625977, 8.073, -1.0395508, 8.073, 0.0385742, 0.3105, -0.0065461, 8.073, 0.222168, 8.073, -0.9912109, 8.073, -0.1787109, 0.3105, -0.0078889, 8.073, 0.2124023, 8.073, -0.9594727, 8.073, -0.2182617, 0.3105, 0.0065461, 8.073, 0.0507812, 8.073, -0.9858398, 8.073, 0.0654297, , , , , , , , , , , , , , , , , , , , , , 
0.3110192, 0.0038605, 8.0865, -0.1621094, 8.0865, -1.0117188, 8.0865, 0.046875, 0.3110192, -0.0077211, 8.0865, 0.2138672, 8.0865, -0.9750977, 8.0865, -0.1796875, 0.3110192, -0.0075532, 8.0865, 0.2270508, 8.0865, -0.9453125, 8.0865, -0.2133789, 0.3110192, 0.0112459, 8.0865, 0.0385742, 8.0865, -0.9824219, 8.0865, 0.0737305, , , , , , , , , , , , , , , , , , , , , , 
0.3115385, 0.002182, 8.1, -0.1533203, 8.1, -0.9921875, 8.1, 0.0439453, 0.3115385, -0.0095674, 8.1, 0.2080078, 8.1, -0.9560547, 8.1, -0.190918, 0.3115385, -0.0078889, 8.1, 0.2109375, 8.1, -0.9423828, 8.1, -0.1962891, 0.3115385, 0.0164492, 8.1, 0.0161133, 8.1, -0.9799805, 8.1, 0.0800781, , , , , , , , , , , , , , , , , , , , , , 
0.3120577, 0.0011749, 8.1135, -0.175293, 8.1135, -1.0063477, 8.1135, 0.0439453, 0.3120577, -0.0078889, 8.1135, 0.2099609, 8.1135, -0.9477539, 8.1135, -0.2006836, 0.3120577, -0.0072175, 8.1135, 0.1855469, 8.1135, -0.9584961, 8.1135, -0.1855469, 0.3120577, 0.0206455, 8.1135, 0.0078125, 8.1135, -0.9838867, 8.1135, 0.0688477, , , , , , , , , , , , , , , , , , , , , , 
0.3125769, -0.002182, 8.127, -0.2075195, 8.127, -1.0087891, 8.127, 0.0410156, 0.3125769, -0.0063783, 8.127, 0.2133789, 8.127, -0.965332, 8.127, -0.1845703, 0.3125769, -0.005539, 8.127, 0.175293, 8.127, -0.9741211, 8.127, -0.1835938, 0.3125769, 0.0250095, 8.127, 0.0209961, 8.127, -0.9848633, 8.127, 0.0546875, , , , , , , , , , , , , , , , , , , , , , 
0.3130962, -0.0025177, 8.1405, -0.2368164, 8.1405, -1.003418, 8.1405, 0.0327148, 0.3130962, -0.0072175, 8.1405, 0.2114258, 8.1405, -0.9746094, 8.1405, -0.1601562, 0.3130962, -0.0062104, 8.1405, 0.1850586, 8.1405, -0.9848633, 8.1405, -0.1821289, 0.3130962, 0.0293736, 8.1405, 0.0209961, 8.1405, -0.9936523, 8.1405, 0.0556641, , , , , , , , , , , , , , , , , , , , , , 
0.3136154, 0.0045319, 8.154, -0.2456055, 8.154, -0.9931641, 8.154, 0.0292969, 0.3136154, -0.0072175, 8.154, 0.2080078, 8.154, -0.9667969, 8.154, -0.152832, 0.3136154, -0.0063783, 8.154, 0.1904297, 8.154, -0.987793, 8.154, -0.1826172, 0.3136154, 0.0323949, 8.154, 0.0058594, 8.154, -1.003418, 8.154, 0.0629883, , , , , , , , , , , , , , , , , , , , , , 
0.3141346, 0.0072175, 8.1675, -0.2329102, 8.1675, -0.9916992, 8.1675, 0.0356445, 0.3141346, -0.0083925, 8.1675, 0.2241211, 8.1675, -0.9589844, 8.1675, -0.1533203, 0.3141346, -0.0045319, 8.1675, 0.1728516, 8.1675, -0.987793, 8.1675, -0.1708984, 0.3141346, 0.0344091, 8.1675, -0.0268555, 8.1675, -0.9995117, 8.1675, 0.065918, , , , , , , , , , , , , , , , , , , , , , 
0.3146538, 0.0058747, 8.181, -0.2241211, 8.181, -1.0019531, 8.181, 0.0361328, 0.3146538, -0.0082246, 8.181, 0.237793, 8.181, -0.9550781, 8.181, -0.1533203, 0.3146538, -0.0041962, 8.181, 0.1582031, 8.181, -0.9868164, 8.181, -0.1660156, 0.3146538, 0.0365911, 8.181, -0.0429688, 8.181, -0.9912109, 8.181, 0.0561523, , , , , , , , , , , , , , , , , , , , , , 
0.3151731, 0.0058747, 8.1945, -0.2109375, 8.1945, -1.0073242, 8.1945, 0.0341797, 0.3151731, -0.0073854, 8.1945, 0.2578125, 8.1945, -0.9575195, 8.1945, -0.1538086, 0.3151731, -0.0048676, 8.1945, 0.1352539, 8.1945, -0.9926758, 8.1945, -0.1655273, 0.3151731, 0.0386053, 8.1945, -0.0253906, 8.1945, -0.9941406, 8.1945, 0.0424805, , , , , , , , , , , , , , , , , , , , , , 
0.3156923, 0.0095674, 8.208, -0.2084961, 8.208, -1.0009766, 8.208, 0.0415039, 0.3156923, -0.0063783, 8.208, 0.2553711, 8.208, -0.9663086, 8.208, -0.1464844, 0.3156923, -0.0052033, 8.208, 0.1445312, 8.208, -0.9990234, 8.208, -0.1669922, 0.3156923, 0.0372625, 8.208, 0.0009766, 8.208, -1.0019531, 8.208, 0.0390625, , , , , , , , , , , , , , , , , , , , , , 
0.3162115, 0.0092317, 8.2215, -0.2290039, 8.2215, -0.9960938, 8.2215, 0.0429688, 0.3162115, -0.0068818, 8.2215, 0.2548828, 8.2215, -0.9692383, 8.2215, -0.1298828, 0.3162115, -0.005539, 8.2215, 0.1733398, 8.2215, -0.9975586, 8.2215, -0.1630859, 0.3162115, 0.0332341, 8.2215, -0.0136719, 8.2215, -1, 8.2215, 0.0498047, , , , , , , , , , , , , , , , , , , , , , 
0.3167308, 0.0112459, 8.235, -0.2363281, 8.235, -0.9926758, 8.235, 0.0356445, 0.3167308, -0.0085603, 8.235, 0.2495117, 8.235, -0.9619141, 8.235, -0.1328125, 0.3167308, -0.0065461, 8.235, 0.1914062, 8.235, -0.9833984, 8.235, -0.1621094, 0.3167308, 0.0302129, 8.235, -0.0273438, 8.235, -0.9995117, 8.235, 0.0561523, , , , , , , , , , , , , , , , , , , , , , 
0.31725, 0.0169528, 8.2485, -0.2216797, 8.2485, -1.0024414, 8.2485, 0.0180664, 0.31725, -0.0090639, 8.2485, 0.2246094, 8.2485, -0.9643555, 8.2485, -0.1625977, 0.31725, -0.0085603, 8.2485, 0.1816406, 8.2485, -0.9731445, 8.2485, -0.1635742, 0.31725, 0.0280308, 8.2485, -0.03125, 8.2485, -1.0004883, 8.2485, 0.0556641, , , , , , , , , , , , , , , , , , , , , , 
0.3177692, 0.0182956, 8.262, -0.2050781, 8.262, -1.0083008, 8.262, 0.0302734, 0.3177692, -0.0109102, 8.262, 0.2045898, 8.262, -0.9741211, 8.262, -0.1694336, 0.3177692, -0.0082246, 8.262, 0.1572266, 8.262, -0.980957, 8.262, -0.1699219, 0.3177692, 0.0236667, 8.262, -0.012207, 8.262, -0.9951172, 8.262, 0.046875, , , , , , , , , , , , , , , , , , , , , , 
0.3182885, 0.0216526, 8.2755, -0.215332, 8.2755, -0.9985352, 8.2755, 0.0415039, 0.3182885, -0.0115816, 8.2755, 0.2114258, 8.2755, -0.9692383, 8.2755, -0.1538086, 0.3182885, -0.0065461, 8.2755, 0.1513672, 8.2755, -0.9868164, 8.2755, -0.1777344, 0.3182885, 0.0199741, 8.2755, -0.0068359, 8.2755, -0.9941406, 8.2755, 0.0498047, , , , , , , , , , , , , , , , , , , , , , 
0.3188077, 0.0256809, 8.289, -0.2314453, 8.289, -0.9887695, 8.289, 0.0356445, 0.3188077, -0.0102388, 8.289, 0.2255859, 8.289, -0.9511719, 8.289, -0.159668, 0.3188077, -0.0068818, 8.289, 0.1699219, 8.289, -0.9824219, 8.289, -0.1777344, 0.3188077, 0.0193027, 8.289, -0.015625, 8.289, -0.9970703, 8.289, 0.0600586, , , , , , , , , , , , , , , , , , , , , , 
0.3193269, 0.0270237, 8.3025, -0.2358398, 8.3025, -1.0029297, 8.3025, 0.034668, 0.3193269, -0.008896, 8.3025, 0.2314453, 8.3025, -0.9526367, 8.3025, -0.1640625, 0.3193269, -0.0095674, 8.3025, 0.1762695, 8.3025, -0.9858398, 8.3025, -0.1728516, 0.3193269, 0.0169528, 8.3025, -0.0307617, 8.3025, -1.0126953, 8.3025, 0.0644531, , , , , , , , , , , , , , , , , , , , , , 
0.3198462, 0.0236667, 8.316, -0.2236328, 8.316, -1.0180664, 8.316, 0.0410156, 0.3198462, -0.0083925, 8.316, 0.2402344, 8.316, -0.9765625, 8.316, -0.1621094, 0.3198462, -0.0109102, 8.316, 0.1704102, 8.316, -0.9941406, 8.316, -0.1582031, 0.3198462, 0.0149386, 8.316, -0.0258789, 8.316, -1.0117188, 8.316, 0.0615234, , , , , , , , , , , , , , , , , , , , , , 
0.3203654, 0.0193027, 8.3295, -0.2021484, 8.3295, -1.015625, 8.3295, 0.046875, 0.3203654, -0.0082246, 8.3295, 0.2456055, 8.3295, -0.9916992, 8.3295, -0.1513672, 0.3203654, -0.0104067, 8.3295, 0.1723633, 8.3295, -0.9941406, 8.3295, -0.152832, 0.3203654, 0.0132601, 8.3295, -0.0063477, 8.3295, -1.0009766, 8.3295, 0.0532227, , , , , , , , , , , , , , , , , , , , , , 
0.3208846, 0.0129244, 8.343, -0.1972656, 8.343, -1.0078125, 8.343, 0.0454102, 0.3208846, -0.0082246, 8.343, 0.2504883, 8.343, -0.9790039, 8.343, -0.1450195, 0.3208846, -0.0082246, 8.343, 0.1923828, 8.343, -0.9926758, 8.343, -0.1660156, 0.3208846, 0.0119173, 8.343, 0.0029297, 8.343, -1.0043945, 8.343, 0.0551758, , , , , , , , , , , , , , , , , , , , , , 
0.3214038, 0.0102388, 8.3565, -0.2089844, 8.3565, -1.0024414, 8.3565, 0.0429688, 0.3214038, -0.0095674, 8.3565, 0.2431641, 8.3565, -0.9672852, 8.3565, -0.152832, 0.3214038, -0.0073854, 8.3565, 0.2055664, 8.3565, -0.9902344, 8.3565, -0.1713867, 0.3214038, 0.0095674, 8.3565, -0.0087891, 8.3565, -1.0078125, 8.3565, 0.0644531, , , , , , , , , , , , , , , , , , , , , , 
0.3219231, 0.0166171, 8.37, -0.2207031, 8.37, -1.0058594, 8.37, 0.0532227, 0.3219231, -0.0102388, 8.37, 0.2329102, 8.37, -0.9658203, 8.37, -0.159668, 0.3219231, -0.0095674, 8.37, 0.1884766, 8.37, -0.9882812, 8.37, -0.1635742, 0.3219231, 0.0075532, 8.37, -0.0175781, 8.37, -1.0102539, 8.37, 0.0649414, , , , , , , , , , , , , , , , , , , , , , 
0.3224423, 0.0206455, 8.3835, -0.1704102, 8.3835, -1.0126953, 8.3835, 0.0366211, 0.3224423, -0.0102388, 8.3835, 0.2368164, 8.3835, -0.9726562, 8.3835, -0.1616211, 0.3224423, -0.0097353, 8.3835, 0.168457, 8.3835, -0.9868164, 8.3835, -0.1582031, 0.3224423, 0.0043641, 8.3835, -0.0166016, 8.3835, -1.0014648, 8.3835, 0.0512695, , , , , , , , , , , , , , , , , , , , , , 
0.3229615, 0.0172885, 8.397, -0.1586914, 8.397, -1.0136719, 8.397, 0.0249023, 0.3229615, -0.0090639, 8.397, 0.2416992, 8.397, -0.980957, 8.397, -0.1567383, 0.3229615, -0.0072175, 8.397, 0.1616211, 8.397, -0.9853516, 8.397, -0.1601562, 0.3229615, 0.0025177, 8.397, -0.0151367, 8.397, -0.9936523, 8.397, 0.0483398, , , , , , , , , , , , , , , , , , , , , , 
0.3234808, 0.0109102, 8.4105, -0.2202148, 8.4105, -1.0087891, 8.4105, 0.0336914, 0.3234808, -0.0068818, 8.4105, 0.2299805, 8.4105, -0.9746094, 8.4105, -0.1547852, 0.3234808, -0.0041962, 8.4105, 0.1669922, 8.4105, -0.987793, 8.4105, -0.1713867, 0.3234808, 0.0031891, 8.4105, -0.019043, 8.4105, -0.9970703, 8.4105, 0.0546875, , , , , , , , , , , , , , , , , , , , , , 
0.324, 0.0092317, 8.424, -0.2866211, 8.424, -0.9985352, 8.424, 0.0302734, 0.324, -0.005539, 8.424, 0.2231445, 8.424, -0.9707031, 8.424, -0.1557617, 0.324, -0.0028534, 8.424, 0.1821289, 8.424, -0.9936523, 8.424, -0.1665039, 0.324, 0.0052033, 8.424, -0.0234375, 8.424, -1.0053711, 8.424, 0.0664062, , , , , , , , , , , , , , , , , , , , , , 
0.3245192, 0.0090639, 8.4375, -0.2827148, 8.4375, -0.9985352, 8.4375, 0.0415039, 0.3245192, -0.0048676, 8.4375, 0.2226562, 8.4375, -0.9638672, 8.4375, -0.1591797, 0.3245192, -0.0043641, 8.4375, 0.1845703, 8.4375, -0.9956055, 8.4375, -0.1601562, 0.3245192, 0.0065461, 8.4375, -0.0268555, 8.4375, -1.0092773, 8.4375, 0.0698242, , , , , , , , , , , , , , , , , , , , , , 
0.3250385, 0.0115816, 8.451, -0.237793, 8.451, -1.0024414, 8.451, 0.0537109, 0.3250385, -0.005539, 8.451, 0.2529297, 8.451, -0.9658203, 8.451, -0.1567383, 0.3250385, -0.0063783, 8.451, 0.1787109, 8.451, -0.9941406, 8.451, -0.1557617, 0.3250385, 0.0065461, 8.451, -0.0224609, 8.451, -1.0073242, 8.451, 0.0634766, , , , , , , , , , , , , , , , , , , , , , 
0.3255577, 0.012253, 8.4645, -0.2041016, 8.4645, -1.0048828, 8.4645, 0.0610352, 0.3255577, -0.0065461, 8.4645, 0.2822266, 8.4645, -0.9658203, 8.4645, -0.1591797, 0.3255577, -0.0077211, 8.4645, 0.1708984, 8.4645, -0.9912109, 8.4645, -0.1518555, 0.3255577, 0.002182, 8.4645, -0.012207, 8.4645, -0.996582, 8.4645, 0.0561523, , , , , , , , , , , , , , , , , , , , , , 
0.3260769, 0.0105745, 8.478, -0.1933594, 8.478, -1.0014648, 8.478, 0.0634766, 0.3260769, -0.0062104, 8.478, 0.2890625, 8.478, -0.9628906, 8.478, -0.1547852, 0.3260769, -0.0075532, 8.478, 0.1801758, 8.478, -0.9873047, 8.478, -0.1508789, 0.3260769, -0.0041962, 8.478, -0.0063477, 8.478, -0.9956055, 8.478, 0.0522461, , , , , , , , , , , , , , , , , , , , , , 
0.3265962, 0.0078889, 8.4915, -0.2094727, 8.4915, -1.0004883, 8.4915, 0.0629883, 0.3265962, -0.0058747, 8.4915, 0.2861328, 8.4915, -0.9609375, 8.4915, -0.1508789, 0.3265962, -0.0085603, 8.4915, 0.1987305, 8.4915, -0.9863281, 8.4915, -0.1518555, 0.3265962, -0.0092317, 8.4915, -0.0102539, 8.4915, -1.0048828, 8.4915, 0.0537109, , , , , , , , , , , , , , , , , , , , , , 
0.3271154, 0.0072175, 8.505, -0.230957, 8.505, -1.0048828, 8.505, 0.0532227, 0.3271154, -0.0075532, 8.505, 0.2719727, 8.505, -0.9609375, 8.505, -0.1557617, 0.3271154, -0.0092317, 8.505, 0.2021484, 8.505, -0.9936523, 8.505, -0.1469727, 0.3271154, -0.0105745, 8.505, -0.0170898, 8.505, -1.0073242, 8.505, 0.0581055, , , , , , , , , , , , , , , , , , , , , , 
0.3276346, 0.0085603, 8.5185, -0.2368164, 8.5185, -1.0097656, 8.5185, 0.0507812, 0.3276346, -0.0085603, 8.5185, 0.2583008, 8.5185, -0.9711914, 8.5185, -0.1542969, 0.3276346, -0.0095674, 8.5185, 0.1831055, 8.5185, -1.0004883, 8.5185, -0.1425781, 0.3276346, -0.0090639, 8.5185, -0.0224609, 8.5185, -1.0058594, 8.5185, 0.0571289, , , , , , , , , , , , , , , , , , , , , , 
0.3281538, 0.0115816, 8.532, -0.2373047, 8.532, -1.0078125, 8.532, 0.0551758, 0.3281538, -0.008896, 8.532, 0.25, 8.532, -0.9765625, 8.532, -0.1484375, 0.3281538, -0.0104067, 8.532, 0.1694336, 8.532, -0.9980469, 8.532, -0.1455078, 0.3281538, -0.0082246, 8.532, -0.03125, 8.532, -1.0053711, 8.532, 0.0537109, , , , , , , , , , , , , , , , , , , , , , 
0.3286731, 0.0152743, 8.5455, -0.2402344, 8.5455, -1.0019531, 8.5455, 0.0439453, 0.3286731, -0.0082246, 8.5455, 0.25, 8.5455, -0.9746094, 8.5455, -0.1474609, 0.3286731, -0.0119173, 8.5455, 0.1655273, 8.5455, -0.9956055, 8.5455, -0.1513672, 0.3286731, -0.0068818, 8.5455, -0.0366211, 8.5455, -1.0053711, 8.5455, 0.0571289, , , , , , , , , , , , , , , , , , , , , , 
0.3291923, 0.0159457, 8.559, -0.2421875, 8.559, -1.0014648, 8.559, 0.0517578, 0.3291923, -0.0070497, 8.559, 0.2475586, 8.559, -0.9643555, 8.559, -0.1582031, 0.3291923, -0.0135958, 8.559, 0.1630859, 8.559, -0.9960938, 8.559, -0.1499023, 0.3291923, -0.0050355, 8.559, -0.0424805, 8.559, -1.0058594, 8.559, 0.0610352, , , , , , , , , , , , , , , , , , , , , , 
0.3297115, 0.0139315, 8.5725, -0.2363281, 8.5725, -1.0019531, 8.5725, 0.0576172, 0.3297115, -0.0078889, 8.5725, 0.2421875, 8.5725, -0.9619141, 8.5725, -0.1669922, 0.3297115, -0.0132601, 8.5725, 0.1591797, 8.5725, -0.9960938, 8.5725, -0.1479492, 0.3297115, -0.0006714, 8.5725, -0.0449219, 8.5725, -1.0048828, 8.5725, 0.0571289, , , , , , , , , , , , , , , , , , , , , , 
0.3302308, 0.0142672, 8.586, -0.2226562, 8.586, -1.0024414, 8.586, 0.0571289, 0.3302308, -0.0078889, 8.586, 0.2548828, 8.586, -0.9643555, 8.586, -0.1586914, 0.3302308, -0.0109102, 8.586, 0.1547852, 8.586, -0.9941406, 8.586, -0.1474609, 0.3302308, 0.0065461, 8.586, -0.0405273, 8.586, -1.0019531, 8.586, 0.0571289, , , , , , , , , , , , , , , , , , , , , , 
0.33075, 0.0146029, 8.5995, -0.2285156, 8.5995, -1.0043945, 8.5995, 0.0522461, 0.33075, -0.0065461, 8.5995, 0.2695312, 8.5995, -0.965332, 8.5995, -0.1518555, 0.33075, -0.0095674, 8.5995, 0.168457, 8.5995, -0.9970703, 8.5995, -0.1430664, 0.33075, 0.0135958, 8.5995, -0.034668, 8.5995, -1.0029297, 8.5995, 0.0556641, , , , , , , , , , , , , , , , , , , , , , 
0.3312692, 0.0172885, 8.613, -0.2329102, 8.613, -1.0039062, 8.613, 0.0522461, 0.3312692, -0.0057069, 8.613, 0.2680664, 8.613, -0.9672852, 8.613, -0.1479492, 0.3312692, -0.0109102, 8.613, 0.1865234, 8.613, -0.9936523, 8.613, -0.1411133, 0.3312692, 0.0184634, 8.613, -0.0214844, 8.613, -1.0029297, 8.613, 0.0561523, , , , , , , , , , , , , , , , , , , , , , 
0.3317885, 0.0203098, 8.6265, -0.2290039, 8.6265, -0.9980469, 8.6265, 0.0576172, 0.3317885, -0.0063783, 8.6265, 0.2661133, 8.6265, -0.9624023, 8.6265, -0.1518555, 0.3317885, -0.0109102, 8.6265, 0.1933594, 8.6265, -0.9897461, 8.6265, -0.140625, 0.3317885, 0.0219883, 8.6265, -0.0214844, 8.6265, -1, 8.6265, 0.0566406, , , , , , , , , , , , , , , , , , , , , , 
0.3323077, 0.0125887, 8.64, -0.2236328, 8.64, -0.9941406, 8.64, 0.0664062, 0.3323077, -0.0070497, 8.64, 0.2700195, 8.64, -0.9575195, 8.64, -0.1542969, 0.3323077, -0.0082246, 8.64, 0.190918, 8.64, -0.9902344, 8.64, -0.1352539, 0.3323077, 0.026688, 8.64, -0.0356445, 8.64, -0.9980469, 8.64, 0.0537109, , , , , , , , , , , , , , , , , , , , , , 
0.3328269, 0.0057069, 8.6535, -0.2260742, 8.6535, -0.9951172, 8.6535, 0.0478516, 0.3328269, -0.0065461, 8.6535, 0.2670898, 8.6535, -0.9599609, 8.6535, -0.1503906, 0.3328269, -0.0062104, 8.6535, 0.1743164, 8.6535, -0.9873047, 8.6535, -0.1352539, 0.3328269, 0.0313878, 8.6535, -0.0424805, 8.6535, -0.9946289, 8.6535, 0.0546875, , , , , , , , , , , , , , , , , , , , , , 
0.3333462, 0.005539, 8.667, -0.2373047, 8.667, -0.9892578, 8.667, 0.0458984, 0.3333462, -0.005539, 8.667, 0.2573242, 8.667, -0.9575195, 8.667, -0.152832, 0.3333462, -0.0062104, 8.667, 0.15625, 8.667, -0.9848633, 8.667, -0.1401367, 0.3333462, 0.0350805, 8.667, -0.0439453, 8.667, -0.9921875, 8.667, 0.0585938, , , , , , , , , , , , , , , , , , , , , , 
0.3338654, 0.0065461, 8.6805, -0.2446289, 8.6805, -0.9887695, 8.6805, 0.0668945, 0.3338654, -0.0062104, 8.6805, 0.2470703, 8.6805, -0.9511719, 8.6805, -0.1577148, 0.3338654, -0.0065461, 8.6805, 0.1459961, 8.6805, -0.9863281, 8.6805, -0.1469727, 0.3338654, 0.0354162, 8.6805, -0.0478516, 8.6805, -0.9897461, 8.6805, 0.0571289, , , , , , , , , , , , , , , , , , , , , , 
0.3343846, 0.0063783, 8.694, -0.2402344, 8.694, -0.9921875, 8.694, 0.0654297, 0.3343846, -0.0072175, 8.694, 0.2617188, 8.694, -0.940918, 8.694, -0.1586914, 0.3343846, -0.0045319, 8.694, 0.1459961, 8.694, -0.9882812, 8.694, -0.1479492, 0.3343846, 0.0357519, 8.694, -0.0498047, 8.694, -0.9882812, 8.694, 0.0556641, , , , , , , , , , , , , , , , , , , , , , 
0.3349038, 0.0065461, 8.7075, -0.2285156, 8.7075, -0.9946289, 8.7075, 0.0532227, 0.3349038, -0.0052033, 8.7075, 0.2783203, 8.7075, -0.9526367, 8.7075, -0.1523438, 0.3349038, -0.0025177, 8.7075, 0.1538086, 8.7075, -0.9926758, 8.7075, -0.1450195, 0.3349038, 0.0394446, 8.7075, -0.0424805, 8.7075, -0.9931641, 8.7075, 0.050293, , , , , , , , , , , , , , , , , , , , , , 
0.3354231, 0.0102388, 8.721, -0.2275391, 8.721, -0.9990234, 8.721, 0.0610352, 0.3354231, -0.0058747, 8.721, 0.2753906, 8.721, -0.9648438, 8.721, -0.1459961, 0.3354231, -0.0028534, 8.721, 0.1767578, 8.721, -0.9941406, 8.721, -0.140625, 0.3354231, 0.040116, 8.721, -0.0283203, 8.721, -1.0043945, 8.721, 0.0483398, , , , , , , , , , , , , , , , , , , , , , 
0.3359423, 0.0124208, 8.7345, -0.2333984, 8.7345, -1.003418, 8.7345, 0.0664062, 0.3359423, -0.0082246, 8.7345, 0.2705078, 8.7345, -0.9672852, 8.7345, -0.1435547, 0.3359423, -0.0043641, 8.7345, 0.190918, 8.7345, -0.9995117, 8.7345, -0.1293945, 0.3359423, 0.036759, 8.7345, -0.0371094, 8.7345, -1.0048828, 8.7345, 0.0537109, , , , , , , , , , , , , , , , , , , , , , 
0.3364615, 0.0135958, 8.748, -0.2290039, 8.748, -1.0058594, 8.748, 0.0615234, 0.3364615, -0.008896, 8.748, 0.2788086, 8.748, -0.96875, 8.748, -0.1474609, 0.3364615, -0.0045319, 8.748, 0.184082, 8.748, -1, 8.748, -0.1298828, 0.3364615, 0.0307164, 8.748, -0.0458984, 8.748, -1.0009766, 8.748, 0.0527344, , , , , , , , , , , , , , , , , , , , , , 
0.3369808, 0.0159457, 8.7615, -0.222168, 8.7615, -1.0019531, 8.7615, 0.0571289, 0.3369808, -0.008896, 8.7615, 0.2783203, 8.7615, -0.9672852, 8.7615, -0.1547852, 0.3369808, -0.0041962, 8.7615, 0.1738281, 8.7615, -1.0019531, 8.7615, -0.1386719, 0.3369808, 0.0263523, 8.7615, -0.034668, 8.7615, -1.0073242, 8.7615, 0.0512695, , , , , , , , , , , , , , , , , , , , , , 
0.3375, 0.0172885, 8.775, -0.2543945, 8.775, -1.0048828, 8.775, 0.0629883, 0.3375, -0.008896, 8.775, 0.2661133, 8.775, -0.9658203, 8.775, -0.159668, 0.3375, -0.005539, 8.775, 0.1640625, 8.775, -1.0029297, 8.775, -0.1420898, 0.3375, 0.0241703, 8.775, -0.0385742, 8.775, -1.0073242, 8.775, 0.0605469, , , , , , , , , , , , , , , , , , , , , , 
0.3380192, 0.0142672, 8.7885, -0.2631836, 8.7885, -1.0053711, 8.7885, 0.0498047, 0.3380192, -0.0083925, 8.7885, 0.262207, 8.7885, -0.9667969, 8.7885, -0.1577148, 0.3380192, -0.0082246, 8.7885, 0.1625977, 8.7885, -0.996582, 8.7885, -0.1484375, 0.3380192, 0.0231632, 8.7885, -0.0405273, 8.7885, -1.0009766, 8.7885, 0.0644531, , , , , , , , , , , , , , , , , , , , , , 
0.3385385, 0.0115816, 8.802, -0.2446289, 8.802, -1.0024414, 8.802, 0.0605469, 0.3385385, -0.0072175, 8.802, 0.2529297, 8.802, -0.9667969, 8.802, -0.1557617, 0.3385385, -0.0092317, 8.802, 0.1713867, 8.802, -0.9887695, 8.802, -0.1547852, 0.3385385, 0.0213169, 8.802, -0.0351562, 8.802, -1.0019531, 8.802, 0.0581055, , , , , , , , , , , , , , , , , , , , , , 
0.3390577, 0.0105745, 8.8155, -0.2333984, 8.8155, -1.0014648, 8.8155, 0.0708008, 0.3390577, -0.0070497, 8.8155, 0.2597656, 8.8155, -0.9624023, 8.8155, -0.159668, 0.3390577, -0.0104067, 8.8155, 0.1733398, 8.8155, -0.9941406, 8.8155, -0.1464844, 0.3390577, 0.0182956, 8.8155, -0.0327148, 8.8155, -1.0029297, 8.8155, 0.0551758, , , , , , , , , , , , , , , , , , , , , , 
0.3395769, 0.0112459, 8.829, -0.2358398, 8.829, -1.0068359, 8.829, 0.0683594, 0.3395769, -0.0070497, 8.829, 0.2836914, 8.829, -0.9594727, 8.829, -0.1606445, 0.3395769, -0.010071, 8.829, 0.1723633, 8.829, -0.9956055, 8.829, -0.1420898, 0.3395769, 0.0154421, 8.829, -0.0380859, 8.829, -1.0009766, 8.829, 0.0532227, , , , , , , , , , , , , , , , , , , , , , 
0.3400962, 0.0166171, 8.8425, -0.2363281, 8.8425, -1.0009766, 8.8425, 0.0615234, 0.3400962, -0.0082246, 8.8425, 0.2895508, 8.8425, -0.9633789, 8.8425, -0.1538086, 0.3400962, -0.008896, 8.8425, 0.1728516, 8.8425, -0.9960938, 8.8425, -0.1401367, 0.3400962, 0.0139315, 8.8425, -0.0351562, 8.8425, -1.0004883, 8.8425, 0.0522461, , , , , , , , , , , , , , , , , , , , , , 
0.3406154, 0.0231632, 8.856, -0.2358398, 8.856, -1.0004883, 8.856, 0.0698242, 0.3406154, -0.0099031, 8.856, 0.2783203, 8.856, -0.9643555, 8.856, -0.1518555, 0.3406154, -0.0112459, 8.856, 0.1767578, 8.856, -0.996582, 8.856, -0.1376953, 0.3406154, 0.0139315, 8.856, -0.0327148, 8.856, -1.0014648, 8.856, 0.0576172, , , , , , , , , , , , , , , , , , , , , , 
0.3411346, 0.0253452, 8.8695, -0.2431641, 8.8695, -1.0083008, 8.8695, 0.0732422, 0.3411346, -0.0099031, 8.8695, 0.28125, 8.8695, -0.9619141, 8.8695, -0.1533203, 0.3411346, -0.0135958, 8.8695, 0.1762695, 8.8695, -0.9970703, 8.8695, -0.1376953, 0.3411346, 0.0132601, 8.8695, -0.0395508, 8.8695, -1, 8.8695, 0.0556641, , , , , , , , , , , , , , , , , , , , , , 
0.3416538, 0.0209812, 8.883, -0.2368164, 8.883, -1.0029297, 8.883, 0.0644531, 0.3416538, -0.0090639, 8.883, 0.2871094, 8.883, -0.9624023, 8.883, -0.1538086, 0.3416538, -0.0115816, 8.883, 0.1757812, 8.883, -0.9926758, 8.883, -0.140625, 0.3416538, 0.0112459, 8.883, -0.0371094, 8.883, -1.0019531, 8.883, 0.0546875, , , , , , , , , , , , , , , , , , , , , , 
0.3421731, 0.0198062, 8.8965, -0.2324219, 8.8965, -0.9975586, 8.8965, 0.0639648, 0.3421731, -0.0082246, 8.8965, 0.2832031, 8.8965, -0.9594727, 8.8965, -0.1538086, 0.3421731, -0.0095674, 8.8965, 0.171875, 8.8965, -0.9936523, 8.8965, -0.1411133, 0.3421731, 0.0075532, 8.8965, -0.0302734, 8.8965, -1, 8.8965, 0.0517578, , , , , , , , , , , , , , , , , , , , , , 
0.3426923, 0.0218204, 8.91, -0.2373047, 8.91, -0.9941406, 8.91, 0.0600586, 0.3426923, -0.0075532, 8.91, 0.2719727, 8.91, -0.956543, 8.91, -0.1523438, 0.3426923, -0.008896, 8.91, 0.1640625, 8.91, -0.9980469, 8.91, -0.1357422, 0.3426923, 0.005539, 8.91, -0.0395508, 8.91, -0.9956055, 8.91, 0.0532227, , , , , , , , , , , , , , , , , , , , , , 
0.3432115, 0.0223239, 8.9235, -0.2504883, 8.9235, -0.9990234, 8.9235, 0.059082, 0.3432115, -0.0095674, 8.9235, 0.2661133, 8.9235, -0.9575195, 8.9235, -0.1518555, 0.3432115, -0.0082246, 8.9235, 0.1665039, 8.9235, -0.9960938, 8.9235, -0.1337891, 0.3432115, 0.0035248, 8.9235, -0.0498047, 8.9235, -1, 8.9235, 0.0522461, , , , , , , , , , , , , , , , , , , , , , 
0.3437308, 0.0209812, 8.937, -0.2490234, 8.937, -1.0004883, 8.937, 0.0678711, 0.3437308, -0.0105745, 8.937, 0.2631836, 8.937, -0.9599609, 8.937, -0.1538086, 0.3437308, -0.0082246, 8.937, 0.1650391, 8.937, -0.9970703, 8.937, -0.1347656, 0.3437308, 0.0018463, 8.937, -0.0444336, 8.937, -1.0039062, 8.937, 0.050293, , , , , , , , , , , , , , , , , , , , , , 
0.34425, 0.0196384, 8.9505, -0.246582, 8.9505, -0.9980469, 8.9505, 0.0634766, 0.34425, -0.0099031, 8.9505, 0.2758789, 8.9505, -0.9619141, 8.9505, -0.1494141, 0.34425, -0.0082246, 8.9505, 0.1621094, 8.9505, -0.9985352, 8.9505, -0.1342773, 0.34425, -0.0011749, 8.9505, -0.0488281, 8.9505, -1.0019531, 8.9505, 0.050293, , , , , , , , , , , , , , , , , , , , , , 
0.3447692, 0.0186313, 8.964, -0.2514648, 8.964, -1.0014648, 8.964, 0.0571289, 0.3447692, -0.0102388, 8.964, 0.2919922, 8.964, -0.9614258, 8.964, -0.1474609, 0.3447692, -0.0075532, 8.964, 0.1582031, 8.964, -1.003418, 8.964, -0.1323242, 0.3447692, -0.0028534, 8.964, -0.0561523, 8.964, -1.0053711, 8.964, 0.0498047, , , , , , , , , , , , , , , , , , , , , , 
0.3452885, 0.0182956, 8.9775, -0.2431641, 8.9775, -1.0058594, 8.9775, 0.0600586, 0.3452885, -0.0115816, 8.9775, 0.2788086, 8.9775, -0.9658203, 8.9775, -0.1518555, 0.3452885, -0.0065461, 8.9775, 0.1635742, 8.9775, -0.9995117, 8.9775, -0.1337891, 0.3452885, -0.0025177, 8.9775, -0.0454102, 8.9775, -1.0107422, 8.9775, 0.0541992, , , , , , , , , , , , , , , , , , , , , , 
0.3458077, 0.0162814, 8.991, -0.2319336, 8.991, -0.9980469, 8.991, 0.0727539, 0.3458077, -0.0115816, 8.991, 0.2680664, 8.991, -0.9658203, 8.991, -0.1513672, 0.3458077, -0.008896, 8.991, 0.1699219, 8.991, -0.9946289, 8.991, -0.137207, 0.3458077, -0.0068818, 8.991, -0.0390625, 8.991, -1.0068359, 8.991, 0.0493164, , , , , , , , , , , , , , , , , , , , , , 
0.3463269, 0.01561, 9.0045, -0.2412109, 9.0045, -0.9916992, 9.0045, 0.0722656, 0.3463269, -0.012253, 9.0045, 0.2783203, 9.0045, -0.9550781, 9.0045, -0.1464844, 0.3463269, -0.0109102, 9.0045, 0.1650391, 9.0045, -0.9990234, 9.0045, -0.1313477, 0.3463269, -0.012253, 9.0045, -0.0449219, 9.0045, -1.0014648, 9.0045, 0.0463867, , , , , , , , , , , , , , , , , , , , , , 
0.3468462, 0.0159457, 9.018, -0.2485352, 9.018, -0.9921875, 9.018, 0.046875, 0.3468462, -0.0139315, 9.018, 0.2841797, 9.018, -0.9516602, 9.018, -0.1435547, 0.3468462, -0.0109102, 9.018, 0.1591797, 9.018, -0.9960938, 9.018, -0.1318359, 0.3468462, -0.0159457, 9.018, -0.0541992, 9.018, -0.9951172, 9.018, 0.0522461, , , , , , , , , , , , , , , , , , , , , , 
0.3473654, 0.018967, 9.0315, -0.2480469, 9.0315, -0.9995117, 9.0315, 0.0488281, 0.3473654, -0.0129244, 9.0315, 0.2583008, 9.0315, -0.9594727, 9.0315, -0.1464844, 0.3473654, -0.0102388, 9.0315, 0.1611328, 9.0315, -0.9892578, 9.0315, -0.1396484, 0.3473654, -0.0182956, 9.0315, -0.0439453, 9.0315, -0.9990234, 9.0315, 0.050293, , , , , , , , , , , , , , , , , , , , , , 
0.3478846, 0.0166171, 9.045, -0.2333984, 9.045, -0.9995117, 9.045, 0.0566406, 0.3478846, -0.0097353, 9.045, 0.25, 9.045, -0.9624023, 9.045, -0.1499023, 0.3478846, -0.0104067, 9.045, 0.1679688, 9.045, -0.9863281, 9.045, -0.1450195, 0.3478846, -0.018967, 9.045, -0.0302734, 9.045, -0.9946289, 9.045, 0.0473633, , , , , , , , , , , , , , , , , , , , , , 
0.3484038, 0.0139315, 9.0585, -0.2348633, 9.0585, -0.9970703, 9.0585, 0.0581055, 0.3484038, -0.0075532, 9.0585, 0.2543945, 9.0585, -0.9560547, 9.0585, -0.1518555, 0.3484038, -0.008896, 9.0585, 0.1665039, 9.0585, -0.9868164, 9.0585, -0.1464844, 0.3484038, -0.0184634, 9.0585, -0.0327148, 9.0585, -0.9907227, 9.0585, 0.0444336, , , , , , , , , , , , , , , , , , , , , , 
0.3489231, 0.0172885, 9.072, -0.2373047, 9.072, -0.9970703, 9.072, 0.0546875, 0.3489231, -0.0060426, 9.072, 0.2807617, 9.072, -0.9541016, 9.072, -0.1489258, 0.3489231, -0.0082246, 9.072, 0.1689453, 9.072, -0.9931641, 9.072, -0.1435547, 0.3489231, -0.0179599, 9.072, -0.0390625, 9.072, -1, 9.072, 0.0488281, , , , , , , , , , , , , , , , , , , , , , 
0.3494423, 0.0179599, 9.0855, -0.2392578, 9.0855, -0.9941406, 9.0855, 0.0556641, 0.3494423, -0.005539, 9.0855, 0.2827148, 9.0855, -0.956543, 9.0855, -0.1459961, 0.3494423, -0.0068818, 9.0855, 0.1704102, 9.0855, -0.9951172, 9.0855, -0.1401367, 0.3494423, -0.0169528, 9.0855, -0.0439453, 9.0855, -1.0048828, 9.0855, 0.0527344, , , , , , , , , , , , , , , , , , , , , , 
0.3499615, 0.0115816, 9.099, -0.2407227, 9.099, -1.0043945, 9.099, 0.0620117, 0.3499615, -0.0062104, 9.099, 0.2783203, 9.099, -0.9663086, 9.099, -0.1479492, 0.3499615, -0.0052033, 9.099, 0.1616211, 9.099, -0.9975586, 9.099, -0.1333008, 0.3499615, -0.0120851, 9.099, -0.0507812, 9.099, -1.0043945, 9.099, 0.0541992, , , , , , , , , , , , , , , , , , , , , , 
0.3504808, 0.0065461, 9.1125, -0.2329102, 9.1125, -1.0092773, 9.1125, 0.0556641, 0.3504808, -0.0082246, 9.1125, 0.2744141, 9.1125, -0.9716797, 9.1125, -0.1425781, 0.3504808, -0.0057069, 9.1125, 0.1591797, 9.1125, -0.9951172, 9.1125, -0.1391602, 0.3504808, -0.0041962, 9.1125, -0.0341797, 9.1125, -1.0048828, 9.1125, 0.0493164, , , , , , , , , , , , , , , , , , , , , , 
0.351, 0.0075532, 9.126, -0.2275391, 9.126, -1.0004883, 9.126, 0.0483398, 0.351, -0.0082246, 9.126, 0.2602539, 9.126, -0.9663086, 9.126, -0.1469727, 0.351, -0.0075532, 9.126, 0.1674805, 9.126, -0.9946289, 9.126, -0.152832, 0.351, 0.0011749, 9.126, -0.019043, 9.126, -1.0058594, 9.126, 0.0498047, , , , , , , , , , , , , , , , , , , , , , 
0.3515192, 0.0092317, 9.1395, -0.2319336, 9.1395, -1.0019531, 9.1395, 0.0512695, 0.3515192, -0.0075532, 9.1395, 0.2573242, 9.1395, -0.9609375, 9.1395, -0.1513672, 0.3515192, -0.0095674, 9.1395, 0.175293, 9.1395, -0.9990234, 9.1395, -0.1538086, 0.3515192, 0.0045319, 9.1395, -0.0214844, 9.1395, -1.0029297, 9.1395, 0.0507812, , , , , , , , , , , , , , , , , , , , , , 
0.3520385, 0.0085603, 9.153, -0.2407227, 9.153, -1.0092773, 9.153, 0.0541992, 0.3520385, -0.0082246, 9.153, 0.2602539, 9.153, -0.96875, 9.153, -0.1518555, 0.3520385, -0.0068818, 9.153, 0.1787109, 9.153, -1.0009766, 9.153, -0.1464844, 0.3520385, 0.0092317, 9.153, -0.027832, 9.153, -1.0058594, 9.153, 0.0454102, , , , , , , , , , , , , , , , , , , , , , 
0.3525577, 0.0031891, 9.1665, -0.2456055, 9.1665, -1.0058594, 9.1665, 0.0478516, 0.3525577, -0.008896, 9.1665, 0.2592773, 9.1665, -0.9702148, 9.1665, -0.1494141, 0.3525577, -0.005539, 9.1665, 0.1708984, 9.1665, -1.0019531, 9.1665, -0.1386719, 0.3525577, 0.0186313, 9.1665, -0.0292969, 9.1665, -1.0126953, 9.1665, 0.0473633, , , , , , , , , , , , , , , , , , , , , , 
0.3530769, 0.0011749, 9.18, -0.2485352, 9.18, -1.0063477, 9.18, 0.0507812, 0.3530769, -0.0082246, 9.18, 0.2661133, 9.18, -0.9711914, 9.18, -0.1420898, 0.3530769, -0.0058747, 9.18, 0.1542969, 9.18, -1.0019531, 9.18, -0.140625, 0.3530769, 0.0276951, 9.18, -0.0439453, 9.18, -1.0063477, 9.18, 0.0507812, , , , , , , , , , , , , , , , , , , , , , 
0.3535962, 0.0038605, 9.1935, -0.2446289, 9.1935, -1.0083008, 9.1935, 0.0556641, 0.3535962, -0.0072175, 9.1935, 0.2763672, 9.1935, -0.9711914, 9.1935, -0.1469727, 0.3535962, -0.0077211, 9.1935, 0.1606445, 9.1935, -1.0019531, 9.1935, -0.1479492, 0.3535962, 0.0320592, 9.1935, -0.0356445, 9.1935, -1.0039062, 9.1935, 0.0493164, , , , , , , , , , , , , , , , , , , , , , 
0.3541154, 0.0045319, 9.207, -0.2324219, 9.207, -1.0039062, 9.207, 0.0522461, 0.3541154, -0.005539, 9.207, 0.2700195, 9.207, -0.9702148, 9.207, -0.1489258, 0.3541154, -0.0087282, 9.207, 0.171875, 9.207, -1.0009766, 9.207, -0.152832, 0.3541154, 0.0347448, 9.207, -0.0302734, 9.207, -1.0102539, 9.207, 0.0566406, , , , , , , , , , , , , , , , , , , , , , 
0.3546346, 0.0035248, 9.2205, -0.2231445, 9.2205, -1.0014648, 9.2205, 0.0605469, 0.3546346, -0.0063783, 9.2205, 0.2626953, 9.2205, -0.9667969, 9.2205, -0.1533203, 0.3546346, -0.008896, 9.2205, 0.1782227, 9.2205, -0.9960938, 9.2205, -0.152832, 0.3546346, 0.0370947, 9.2205, -0.03125, 9.2205, -1.0063477, 9.2205, 0.0581055, , , , , , , , , , , , , , , , , , , , , , 
0.3551538, 0.0048676, 9.234, -0.2250977, 9.234, -1.0029297, 9.234, 0.0629883, 0.3551538, -0.0075532, 9.234, 0.2670898, 9.234, -0.9604492, 9.234, -0.1552734, 0.3551538, -0.0068818, 9.234, 0.1748047, 9.234, -0.9951172, 9.234, -0.1445312, 0.3551538, 0.0392767, 9.234, -0.0375977, 9.234, -1.0039062, 9.234, 0.0561523, , , , , , , , , , , , , , , , , , , , , , 
0.3556731, 0.0062104, 9.2475, -0.237793, 9.2475, -1.0024414, 9.2475, 0.0517578, 0.3556731, -0.0078889, 9.2475, 0.2680664, 9.2475, -0.9580078, 9.2475, -0.15625, 0.3556731, -0.0045319, 9.2475, 0.1660156, 9.2475, -0.9926758, 9.2475, -0.1391602, 0.3556731, 0.0372625, 9.2475, -0.0385742, 9.2475, -0.9975586, 9.2475, 0.0522461, , , , , , , , , , , , , , , , , , , , , , 
0.3561923, 0.0078889, 9.261, -0.2412109, 9.261, -0.9985352, 9.261, 0.0517578, 0.3561923, -0.0082246, 9.261, 0.2539062, 9.261, -0.9599609, 9.261, -0.1611328, 0.3561923, -0.0028534, 9.261, 0.1689453, 9.261, -0.9951172, 9.261, -0.1401367, 0.3561923, 0.0317235, 9.261, -0.0375977, 9.261, -1.0004883, 9.261, 0.0478516, , , , , , , , , , , , , , , , , , , , , , 
0.3567115, 0.0105745, 9.2745, -0.2348633, 9.2745, -1.0029297, 9.2745, 0.0673828, 0.3567115, -0.0090639, 9.2745, 0.2602539, 9.2745, -0.9619141, 9.2745, -0.1582031, 0.3567115, -0.0023499, 9.2745, 0.1689453, 9.2745, -0.9946289, 9.2745, -0.1435547, 0.3567115, 0.0260166, 9.2745, -0.034668, 9.2745, -1.0039062, 9.2745, 0.0522461, , , , , , , , , , , , , , , , , , , , , , 
0.3572308, 0.0132601, 9.288, -0.234375, 9.288, -1.0058594, 9.288, 0.0668945, 0.3572308, -0.0095674, 9.288, 0.2695312, 9.288, -0.9638672, 9.288, -0.15625, 0.3572308, -0.0035248, 9.288, 0.1704102, 9.288, -1.0004883, 9.288, -0.1445312, 0.3572308, 0.0219883, 9.288, -0.0380859, 9.288, -1.0053711, 9.288, 0.0532227, , , , , , , , , , , , , , , , , , , , , , 
0.35775, 0.01561, 9.3015, -0.2402344, 9.3015, -1.0092773, 9.3015, 0.050293, 0.35775, -0.0075532, 9.3015, 0.2866211, 9.3015, -0.9711914, 9.3015, -0.1513672, 0.35775, -0.0028534, 9.3015, 0.1728516, 9.3015, -1, 9.3015, -0.1435547, 0.35775, 0.021149, 9.3015, -0.0390625, 9.3015, -1.0087891, 9.3015, 0.0566406, , , , , , , , , , , , , , , , , , , , , , 
0.3582692, 0.0162814, 9.315, -0.2392578, 9.315, -1.0009766, 9.315, 0.059082, 0.3582692, -0.005539, 9.315, 0.2763672, 9.315, -0.9658203, 9.315, -0.1494141, 0.3582692, -0.0025177, 9.315, 0.1743164, 9.315, -0.9921875, 9.315, -0.1386719, 0.3582692, 0.018967, 9.315, -0.0351562, 9.315, -1.0024414, 9.315, 0.0556641, , , , , , , , , , , , , , , , , , , , , , 
0.3587885, 0.0179599, 9.3285, -0.2290039, 9.3285, -0.9960938, 9.3285, 0.0668945, 0.3587885, -0.0045319, 9.3285, 0.2636719, 9.3285, -0.9545898, 9.3285, -0.1542969, 0.3587885, -0.005539, 9.3285, 0.1704102, 9.3285, -0.9892578, 9.3285, -0.1401367, 0.3587885, 0.0129244, 9.3285, -0.0449219, 9.3285, -0.9956055, 9.3285, 0.0541992, , , , , , , , , , , , , , , , , , , , , , 
0.3593077, 0.0146029, 9.342, -0.2236328, 9.342, -0.9975586, 9.342, 0.0625, 0.3593077, -0.0052033, 9.342, 0.2705078, 9.342, -0.949707, 9.342, -0.1616211, 0.3593077, -0.008896, 9.342, 0.1704102, 9.342, -0.9897461, 9.342, -0.1411133, 0.3593077, 0.0085603, 9.342, -0.046875, 9.342, -1.0004883, 9.342, 0.0541992, , , , , , , , , , , , , , , , , , , , , , 
0.3598269, 0.0105745, 9.3555, -0.2416992, 9.3555, -0.9990234, 9.3555, 0.0561523, 0.3598269, -0.0068818, 9.3555, 0.2749023, 9.3555, -0.9550781, 9.3555, -0.1582031, 0.3598269, -0.0082246, 9.3555, 0.1625977, 9.3555, -0.9980469, 9.3555, -0.1352539, 0.3598269, 0.008896, 9.3555, -0.046875, 9.3555, -1.0058594, 9.3555, 0.0517578, , , , , , , , , , , , , , , , , , , , , , 
0.3603462, 0.0104067, 9.369, -0.2480469, 9.369, -1.0039062, 9.369, 0.0625, 0.3603462, -0.0062104, 9.369, 0.2675781, 9.369, -0.9614258, 9.369, -0.1503906, 0.3603462, -0.0065461, 9.369, 0.1538086, 9.369, -0.9990234, 9.369, -0.1318359, 0.3603462, 0.0095674, 9.369, -0.043457, 9.369, -1.0004883, 9.369, 0.0478516, , , , , , , , , , , , , , , , , , , , , , 
0.3608654, 0.0099031, 9.3825, -0.2416992, 9.3825, -1.0014648, 9.3825, 0.0649414, 0.3608654, -0.0046998, 9.3825, 0.2719727, 9.3825, -0.9648438, 9.3825, -0.1479492, 0.3608654, -0.0072175, 9.3825, 0.1630859, 9.3825, -0.9980469, 9.3825, -0.1328125, 0.3608654, 0.0085603, 9.3825, -0.0424805, 9.3825, -1, 9.3825, 0.0498047, , , , , , , , , , , , , , , , , , , , , , 
0.3613846, 0.0078889, 9.396, -0.2387695, 9.396, -1.0014648, 9.396, 0.0678711, 0.3613846, -0.0045319, 9.396, 0.2817383, 9.396, -0.9614258, 9.396, -0.152832, 0.3613846, -0.0068818, 9.396, 0.1782227, 9.396, -0.9946289, 9.396, -0.1381836, 0.3613846, 0.0085603, 9.396, -0.0444336, 9.396, -1.0053711, 9.396, 0.0546875, , , , , , , , , , , , , , , , , , , , , , 
0.3619038, 0.0065461, 9.4095, -0.234375, 9.4095, -0.9975586, 9.4095, 0.0615234, 0.3619038, -0.0068818, 9.4095, 0.2851562, 9.4095, -0.9604492, 9.4095, -0.1567383, 0.3619038, -0.0065461, 9.4095, 0.1796875, 9.4095, -0.9975586, 9.4095, -0.1391602, 0.3619038, 0.0092317, 9.4095, -0.043457, 9.4095, -1.0053711, 9.4095, 0.0610352, , , , , , , , , , , , , , , , , , , , , , 
0.3624231, 0.0068818, 9.423, -0.2407227, 9.423, -1.0029297, 9.423, 0.0610352, 0.3624231, -0.0075532, 9.423, 0.28125, 9.423, -0.9619141, 9.423, -0.1533203, 0.3624231, -0.0068818, 9.423, 0.1640625, 9.423, -0.9985352, 9.423, -0.1362305, 0.3624231, 0.0109102, 9.423, -0.046875, 9.423, -1.0039062, 9.423, 0.0576172, , , , , , , , , , , , , , , , , , , , , , 
0.3629423, 0.0083925, 9.4365, -0.2460938, 9.4365, -1.0092773, 9.4365, 0.0649414, 0.3629423, -0.0058747, 9.4365, 0.2670898, 9.4365, -0.9624023, 9.4365, -0.1538086, 0.3629423, -0.0068818, 9.4365, 0.1630859, 9.4365, -1.0004883, 9.4365, -0.1352539, 0.3629423, 0.0109102, 9.4365, -0.0405273, 9.4365, -1.0004883, 9.4365, 0.0546875, , , , , , , , , , , , , , , , , , , , , , 
0.3634615, 0.0099031, 9.45, -0.2392578, 9.45, -1.0029297, 9.45, 0.0654297, 0.3634615, -0.0065461, 9.45, 0.2666016, 9.45, -0.9643555, 9.45, -0.1533203, 0.3634615, -0.0072175, 9.45, 0.1645508, 9.45, -1.0014648, 9.45, -0.1420898, 0.3634615, 0.0115816, 9.45, -0.0366211, 9.45, -0.9985352, 9.45, 0.0527344, , , , , , , , , , , , , , , , , , , , , , 
0.3639808, 0.0095674, 9.4635, -0.2397461, 9.4635, -0.9990234, 9.4635, 0.0620117, 0.3639808, -0.0068818, 9.4635, 0.2817383, 9.4635, -0.9638672, 9.4635, -0.1489258, 0.3639808, -0.0082246, 9.4635, 0.1704102, 9.4635, -0.9990234, 9.4635, -0.1469727, 0.3639808, 0.0112459, 9.4635, -0.0375977, 9.4635, -1.0043945, 9.4635, 0.0581055, , , , , , , , , , , , , , , , , , , , , , 
0.3645, 0.0112459, 9.477, -0.2402344, 9.477, -1.0004883, 9.477, 0.0615234, 0.3645, -0.0072175, 9.477, 0.2895508, 9.477, -0.9570312, 9.477, -0.1523438, 0.3645, -0.0102388, 9.477, 0.1713867, 9.477, -0.9941406, 9.477, -0.144043, 0.3645, 0.0105745, 9.477, -0.0380859, 9.477, -1.0004883, 9.477, 0.0605469, , , , , , , , , , , , , , , , , , , , , , 
0.3650192, 0.012253, 9.4905, -0.2387695, 9.4905, -1.0004883, 9.4905, 0.0629883, 0.3650192, -0.0082246, 9.4905, 0.2802734, 9.4905, -0.9580078, 9.4905, -0.1508789, 0.3650192, -0.0109102, 9.4905, 0.1738281, 9.4905, -0.9907227, 9.4905, -0.1352539, 0.3650192, 0.0105745, 9.4905, -0.0410156, 9.4905, -0.9985352, 9.4905, 0.0571289, , , , , , , , , , , , , , , , , , , , , , 
0.3655385, 0.0135958, 9.504, -0.2329102, 9.504, -0.9990234, 9.504, 0.0581055, 0.3655385, -0.0082246, 9.504, 0.2685547, 9.504, -0.9628906, 9.504, -0.1547852, 0.3655385, -0.0105745, 9.504, 0.1757812, 9.504, -0.9926758, 9.504, -0.1323242, 0.3655385, 0.0092317, 9.504, -0.0458984, 9.504, -0.9946289, 9.504, 0.0541992, , , , , , , , , , , , , , , , , , , , , , 
0.3660577, 0.0179599, 9.5175, -0.2368164, 9.5175, -0.9960938, 9.5175, 0.0664062, 0.3660577, -0.0085603, 9.5175, 0.2651367, 9.5175, -0.9580078, 9.5175, -0.1533203, 0.3660577, -0.0117494, 9.5175, 0.1777344, 9.5175, -0.9887695, 9.5175, -0.1342773, 0.3660577, 0.0052033, 9.5175, -0.0424805, 9.5175, -0.9936523, 9.5175, 0.0566406, , , , , , , , , , , , , , , , , , , , , , 
0.3665769, 0.0182956, 9.531, -0.2407227, 9.531, -0.9916992, 9.531, 0.0708008, 0.3665769, -0.008896, 9.531, 0.2666016, 9.531, -0.9541016, 9.531, -0.1547852, 0.3665769, -0.0129244, 9.531, 0.1699219, 9.531, -0.9863281, 9.531, -0.1386719, 0.3665769, 0.002182, 9.531, -0.0463867, 9.531, -0.9951172, 9.531, 0.0605469, , , , , , , , , , , , , , , , , , , , , , 
0.3670962, 0.0137636, 9.5445, -0.2441406, 9.5445, -0.9892578, 9.5445, 0.0610352, 0.3670962, -0.0102388, 9.5445, 0.2768555, 9.5445, -0.9453125, 9.5445, -0.1547852, 0.3670962, -0.0119173, 9.5445, 0.159668, 9.5445, -0.9902344, 9.5445, -0.1367188, 0.3670962, 0.0023499, 9.5445, -0.0517578, 9.5445, -0.9921875, 9.5445, 0.059082, , , , , , , , , , , , , , , , , , , , , , 
0.3676154, 0.0082246, 9.558, -0.2397461, 9.558, -0.9926758, 9.558, 0.050293, 0.3676154, -0.0107424, 9.558, 0.2783203, 9.558, -0.949707, 9.558, -0.1499023, 0.3676154, -0.0102388, 9.558, 0.1557617, 9.558, -0.9897461, 9.558, -0.137207, 0.3676154, 0.002182, 9.558, -0.0458984, 9.558, -0.9892578, 9.558, 0.0546875, , , , , , , , , , , , , , , , , , , , , , 
0.3681346, 0.0038605, 9.5715, -0.2373047, 9.5715, -0.9921875, 9.5715, 0.0546875, 0.3681346, -0.0085603, 9.5715, 0.2636719, 9.5715, -0.9594727, 9.5715, -0.1518555, 0.3681346, -0.0109102, 9.5715, 0.1650391, 9.5715, -0.9873047, 9.5715, -0.1420898, 0.3681346, 0.0015106, 9.5715, -0.0356445, 9.5715, -0.9931641, 9.5715, 0.0517578, , , , , , , , , , , , , , , , , , , , , , 
0.3686538, 0.0038605, 9.585, -0.2319336, 9.585, -0.9975586, 9.585, 0.0625, 0.3686538, -0.0046998, 9.585, 0.262207, 9.585, -0.9614258, 9.585, -0.1499023, 0.3686538, -0.0115816, 9.585, 0.1762695, 9.585, -0.9946289, 9.585, -0.1386719, 0.3686538, 0.0008392, 9.585, -0.0400391, 9.585, -0.9995117, 9.585, 0.0498047, , , , , , , , , , , , , , , , , , , , , , 
0.3691731, 0.0048676, 9.5985, -0.2446289, 9.5985, -0.9995117, 9.5985, 0.0610352, 0.3691731, -0.0036927, 9.5985, 0.2729492, 9.5985, -0.9628906, 9.5985, -0.1484375, 0.3691731, -0.0105745, 9.5985, 0.175293, 9.5985, -0.9980469, 9.5985, -0.1381836, 0.3691731, 0.0015106, 9.5985, -0.0385742, 9.5985, -1.0019531, 9.5985, 0.0493164, , , , , , , , , , , , , , , , , , , , , , 
0.3696923, 0.0038605, 9.612, -0.2490234, 9.612, -1.0024414, 9.612, 0.0483398, 0.3696923, -0.005539, 9.612, 0.2768555, 9.612, -0.9628906, 9.612, -0.1474609, 0.3696923, -0.0112459, 9.612, 0.1689453, 9.612, -0.9995117, 9.612, -0.1362305, 0.3696923, 0.0058747, 9.612, -0.0356445, 9.612, -1.0029297, 9.612, 0.0541992, , , , , , , , , , , , , , , , , , , , , , 
0.3702115, 0.0041962, 9.6255, -0.2436523, 9.6255, -1.0048828, 9.6255, 0.0537109, 0.3702115, -0.0072175, 9.6255, 0.2709961, 9.6255, -0.9663086, 9.6255, -0.1474609, 0.3702115, -0.012253, 9.6255, 0.1694336, 9.6255, -1.0009766, 9.6255, -0.1381836, 0.3702115, 0.0102388, 9.6255, -0.0327148, 9.6255, -1.0009766, 9.6255, 0.0546875, , , , , , , , , , , , , , , , , , , , , , 
0.3707308, 0.0092317, 9.639, -0.2338867, 9.639, -1.0053711, 9.639, 0.0625, 0.3707308, -0.0092317, 9.639, 0.2744141, 9.639, -0.96875, 9.639, -0.1489258, 0.3707308, -0.0125887, 9.639, 0.1743164, 9.639, -0.996582, 9.639, -0.1464844, 0.3707308, 0.0135958, 9.639, -0.0341797, 9.639, -1.003418, 9.639, 0.059082, , , , , , , , , , , , , , , , , , , , , , 
0.37125, 0.0112459, 9.6525, -0.2265625, 9.6525, -1.0043945, 9.6525, 0.0585938, 0.37125, -0.0090639, 9.6525, 0.2758789, 9.6525, -0.96875, 9.6525, -0.1523438, 0.37125, -0.0129244, 9.6525, 0.1757812, 9.6525, -0.9907227, 9.6525, -0.1508789, 0.37125, 0.0171206, 9.6525, -0.0336914, 9.6525, -0.9995117, 9.6525, 0.059082, , , , , , , , , , , , , , , , , , , , , , 
0.3717692, 0.0112459, 9.666, -0.2216797, 9.666, -0.9995117, 9.666, 0.0527344, 0.3717692, -0.0078889, 9.666, 0.2749023, 9.666, -0.9648438, 9.666, -0.1552734, 0.3717692, -0.0119173, 9.666, 0.1713867, 9.666, -0.9887695, 9.666, -0.1474609, 0.3717692, 0.0219883, 9.666, -0.0341797, 9.666, -0.9951172, 9.666, 0.0610352, , , , , , , , , , , , , , , , , , , , , , 
0.3722885, 0.0204776, 9.6795, -0.2329102, 9.6795, -0.9946289, 9.6795, 0.0546875, 0.3722885, -0.0062104, 9.6795, 0.2612305, 9.6795, -0.9594727, 9.6795, -0.15625, 0.3722885, -0.0095674, 9.6795, 0.171875, 9.6795, -0.9858398, 9.6795, -0.1401367, 0.3722885, 0.0273594, 9.6795, -0.0390625, 9.6795, -0.9926758, 9.6795, 0.0595703, , , , , , , , , , , , , , , , , , , , , , 
0.3728077, 0.0253452, 9.693, -0.253418, 9.693, -0.9941406, 9.693, 0.0585938, 0.3728077, -0.0068818, 9.693, 0.2543945, 9.693, -0.9545898, 9.693, -0.1567383, 0.3728077, -0.0070497, 9.693, 0.1738281, 9.693, -0.9902344, 9.693, -0.1386719, 0.3728077, 0.0307164, 9.693, -0.0439453, 9.693, -0.996582, 9.693, 0.0546875, , , , , , , , , , , , , , , , , , , , , , 
0.3733269, 0.0213169, 9.7065, -0.2504883, 9.7065, -1.0004883, 9.7065, 0.0527344, 0.3733269, -0.0099031, 9.7065, 0.2558594, 9.7065, -0.9570312, 9.7065, -0.1547852, 0.3733269, -0.0050355, 9.7065, 0.1669922, 9.7065, -0.996582, 9.7065, -0.1381836, 0.3733269, 0.033402, 9.7065, -0.0454102, 9.7065, -0.9995117, 9.7065, 0.0571289, , , , , , , , , , , , , , , , , , , , , , 
0.3738462, 0.0152743, 9.72, -0.2382812, 9.72, -1.0009766, 9.72, 0.0561523, 0.3738462, -0.012253, 9.72, 0.2661133, 9.72, -0.9633789, 9.72, -0.1513672, 0.3738462, -0.0035248, 9.72, 0.1625977, 9.72, -0.9985352, 9.72, -0.144043, 0.3738462, 0.0374304, 9.72, -0.0351562, 9.72, -0.9995117, 9.72, 0.0541992, , , , , , , , , , , , , , , , , , , , , , 
0.3743654, 0.0124208, 9.7335, -0.234375, 9.7335, -1.0004883, 9.7335, 0.0571289, 0.3743654, -0.0115816, 9.7335, 0.2783203, 9.7335, -0.9672852, 9.7335, -0.1430664, 0.3743654, -0.0035248, 9.7335, 0.1669922, 9.7335, -0.9970703, 9.7335, -0.144043, 0.3743654, 0.0407874, 9.7335, -0.034668, 9.7335, -0.9941406, 9.7335, 0.0551758, , , , , , , , , , , , , , , , , , , , , , 
0.3748846, 0.0105745, 9.747, -0.2294922, 9.747, -0.9960938, 9.747, 0.0522461, 0.3748846, -0.0099031, 9.747, 0.2773438, 9.747, -0.9545898, 9.747, -0.1445312, 0.3748846, -0.0028534, 9.747, 0.1704102, 9.747, -0.9868164, 9.747, -0.144043, 0.3748846, 0.0404517, 9.747, -0.0361328, 9.747, -0.9916992, 9.747, 0.0532227, , , , , , , , , , , , , , , , , , , , , , 
0.3754038, 0.0092317, 9.7605, -0.222168, 9.7605, -0.9946289, 9.7605, 0.0571289, 0.3754038, -0.0065461, 9.7605, 0.2666016, 9.7605, -0.9536133, 9.7605, -0.1547852, 0.3754038, -0.0016785, 9.7605, 0.1748047, 9.7605, -0.9853516, 9.7605, -0.1411133, 0.3754038, 0.0387732, 9.7605, -0.0356445, 9.7605, -0.9946289, 9.7605, 0.0488281, , , , , , , , , , , , , , , , , , , , , , 
0.3759231, 0.008896, 9.774, -0.2280273, 9.774, -0.9980469, 9.774, 0.0610352, 0.3759231, -0.0052033, 9.774, 0.2636719, 9.774, -0.9575195, 9.774, -0.1547852, 0.3759231, -0.0015106, 9.774, 0.1699219, 9.774, -0.9907227, 9.774, -0.140625, 0.3759231, 0.0370947, 9.774, -0.0371094, 9.774, -0.9956055, 9.774, 0.0512695, , , , , , , , , , , , , , , , , , , , , , 
0.3764423, 0.0052033, 9.7875, -0.2460938, 9.7875, -0.996582, 9.7875, 0.0424805, 0.3764423, -0.0065461, 9.7875, 0.2646484, 9.7875, -0.9628906, 9.7875, -0.1474609, 0.3764423, -0.0031891, 9.7875, 0.1616211, 9.7875, -0.9936523, 9.7875, -0.1425781, 0.3764423, 0.0307164, 9.7875, -0.0400391, 9.7875, -0.996582, 9.7875, 0.0561523, , , , , , , , , , , , , , , , , , , , , , 
0.3769615, 0.0038605, 9.801, -0.2529297, 9.801, -0.996582, 9.801, 0.0449219, 0.3769615, -0.0070497, 9.801, 0.2597656, 9.801, -0.9594727, 9.801, -0.1464844, 0.3769615, -0.0043641, 9.801, 0.1645508, 9.801, -0.9960938, 9.801, -0.137207, 0.3769615, 0.0240024, 9.801, -0.0380859, 9.801, -0.9985352, 9.801, 0.050293, , , , , , , , , , , , , , , , , , , , , , 
0.3774808, 0.0065461, 9.8145, -0.2426758, 9.8145, -0.9995117, 9.8145, 0.0634766, 0.3774808, -0.0083925, 9.8145, 0.2587891, 9.8145, -0.9584961, 9.8145, -0.1474609, 0.3774808, -0.0058747, 9.8145, 0.1699219, 9.8145, -0.9946289, 9.8145, -0.1376953, 0.3774808, 0.0209812, 9.8145, -0.0439453, 9.8145, -1.0014648, 9.8145, 0.0532227, , , , , , , , , , , , , , , , , , , , , , 
0.378, 0.0132601, 9.828, -0.2319336, 9.828, -1.0019531, 9.828, 0.0585938, 0.378, -0.0083925, 9.828, 0.2783203, 9.828, -0.9633789, 9.828, -0.1499023, 0.378, -0.0078889, 9.828, 0.1650391, 9.828, -0.9975586, 9.828, -0.137207, 0.378, 0.0219883, 9.828, -0.0507812, 9.828, -0.9995117, 9.828, 0.0527344, , , , , , , , , , , , , , , , , , , , , , 
0.3785192, 0.0172885, 9.8415, -0.2304688, 9.8415, -1.0029297, 9.8415, 0.0449219, 0.3785192, -0.0058747, 9.8415, 0.2836914, 9.8415, -0.9672852, 9.8415, -0.1489258, 0.3785192, -0.0097353, 9.8415, 0.1630859, 9.8415, -0.9970703, 9.8415, -0.137207, 0.3785192, 0.0219883, 9.8415, -0.0419922, 9.8415, -1.0068359, 9.8415, 0.0517578, , , , , , , , , , , , , , , , , , , , , , 
0.3790385, 0.0186313, 9.855, -0.2294922, 9.855, -1.0058594, 9.855, 0.0561523, 0.3790385, -0.0041962, 9.855, 0.269043, 9.855, -0.9677734, 9.855, -0.1479492, 0.3790385, -0.0095674, 9.855, 0.1674805, 9.855, -0.9956055, 9.855, -0.1357422, 0.3790385, 0.0204776, 9.855, -0.0395508, 9.855, -1.003418, 9.855, 0.0527344, , , , , , , , , , , , , , , , , , , , , , 
0.3795577, 0.0193027, 9.8685, -0.2280273, 9.8685, -1, 9.8685, 0.0605469, 0.3795577, -0.0041962, 9.8685, 0.2587891, 9.8685, -0.9667969, 9.8685, -0.1494141, 0.3795577, -0.0095674, 9.8685, 0.1689453, 9.8685, -0.9936523, 9.8685, -0.1386719, 0.3795577, 0.0186313, 9.8685, -0.0449219, 9.8685, -0.9985352, 9.8685, 0.0537109, , , , , , , , , , , , , , , , , , , , , , 
0.3800769, 0.0196384, 9.882, -0.2373047, 9.882, -1, 9.882, 0.0532227, 0.3800769, -0.0052033, 9.882, 0.2641602, 9.882, -0.9609375, 9.882, -0.1577148, 0.3800769, -0.0105745, 9.882, 0.1748047, 9.882, -0.9912109, 9.882, -0.1464844, 0.3800769, 0.0172885, 9.882, -0.0405273, 9.882, -1.0019531, 9.882, 0.0566406, , , , , , , , , , , , , , , , , , , , , , 
0.3805962, 0.0206455, 9.8955, -0.2407227, 9.8955, -0.9956055, 9.8955, 0.0488281, 0.3805962, -0.0058747, 9.8955, 0.262207, 9.8955, -0.9580078, 9.8955, -0.159668, 0.3805962, -0.012253, 9.8955, 0.1699219, 9.8955, -0.9897461, 9.8955, -0.1435547, 0.3805962, 0.0172885, 9.8955, -0.0390625, 9.8955, -1.0009766, 9.8955, 0.0585938, , , , , , , , , , , , , , , , , , , , , , 
0.3811154, 0.0209812, 9.909, -0.2387695, 9.909, -0.9975586, 9.909, 0.0488281, 0.3811154, -0.0062104, 9.909, 0.2578125, 9.909, -0.9555664, 9.909, -0.1547852, 0.3811154, -0.0125887, 9.909, 0.1630859, 9.909, -0.9907227, 9.909, -0.1376953, 0.3811154, 0.0146029, 9.909, -0.0400391, 9.909, -0.9995117, 9.909, 0.0532227, , , , , , , , , , , , , , , , , , , , , , 
0.3816346, 0.0226596, 9.9225, -0.2353516, 9.9225, -0.9980469, 9.9225, 0.0546875, 0.3816346, -0.0075532, 9.9225, 0.2539062, 9.9225, -0.9614258, 9.9225, -0.1513672, 0.3816346, -0.0109102, 9.9225, 0.1674805, 9.9225, -0.9916992, 9.9225, -0.1352539, 0.3816346, 0.0125887, 9.9225, -0.0454102, 9.9225, -1.0004883, 9.9225, 0.0522461, , , , , , , , , , , , , , , , , , , , , , 
0.3821538, 0.026688, 9.936, -0.234375, 9.936, -1.0039062, 9.936, 0.0551758, 0.3821538, -0.0102388, 9.936, 0.2646484, 9.936, -0.9638672, 9.936, -0.1523438, 0.3821538, -0.0112459, 9.936, 0.1723633, 9.936, -0.9931641, 9.936, -0.1357422, 0.3821538, 0.0129244, 9.936, -0.0488281, 9.936, -1.0043945, 9.936, 0.0546875, , , , , , , , , , , , , , , , , , , , , , 
0.3826731, 0.033402, 9.9495, -0.2368164, 9.9495, -1.0053711, 9.9495, 0.0556641, 0.3826731, -0.0105745, 9.9495, 0.2739258, 9.9495, -0.9702148, 9.9495, -0.152832, 0.3826731, -0.0109102, 9.9495, 0.1669922, 9.9495, -0.9956055, 9.9495, -0.137207, 0.3826731, 0.0132601, 9.9495, -0.0512695, 9.9495, -1.0058594, 9.9495, 0.0581055, , , , , , , , , , , , , , , , , , , , , , 
0.3831923, 0.0412909, 9.963, -0.2304688, 9.963, -1.0048828, 9.963, 0.0605469, 0.3831923, -0.0092317, 9.963, 0.2797852, 9.963, -0.9667969, 9.963, -0.152832, 0.3831923, -0.0095674, 9.963, 0.1611328, 9.963, -0.9936523, 9.963, -0.1357422, 0.3831923, 0.0115816, 9.963, -0.0512695, 9.963, -1.003418, 9.963, 0.0551758, , , , , , , , , , , , , , , , , , , , , , 
0.3837115, 0.043473, 9.9765, -0.2285156, 9.9765, -0.9995117, 9.9765, 0.0551758, 0.3837115, -0.0095674, 9.9765, 0.2714844, 9.9765, -0.9614258, 9.9765, -0.1484375, 0.3837115, -0.0085603, 9.9765, 0.1611328, 9.9765, -0.9916992, 9.9765, -0.137207, 0.3837115, 0.0085603, 9.9765, -0.0444336, 9.9765, -0.9970703, 9.9765, 0.0546875, , , , , , , , , , , , , , , , , , , , , , 
0.3842308, 0.0454871, 9.99, -0.2431641, 9.99, -0.9912109, 9.99, 0.0600586, 0.3842308, -0.008896, 9.99, 0.2602539, 9.99, -0.9555664, 9.99, -0.1572266, 0.3842308, -0.0095674, 9.99, 0.1640625, 9.99, -0.9882812, 9.99, -0.1342773, 0.3842308, 0.0065461, 9.99, -0.0512695, 9.99, -1.0009766, 9.99, 0.0556641, , , , , , , , , , , , , , , , , , , , , , 
0.38475, 0.0414588, 10.0035, -0.2587891, 10.0035, -0.984375, 10.0035, 0.0712891, 0.38475, -0.0068818, 10.0035, 0.2587891, 10.0035, -0.9477539, 10.0035, -0.1616211, 0.38475, -0.0095674, 10.0035, 0.1704102, 10.0035, -0.9902344, 10.0035, -0.125, 0.38475, 0.0078889, 10.0035, -0.0610352, 10.0035, -1.0053711, 10.0035, 0.0517578, , , , , , , , , , , , , , , , , , , , , , 
0.3852692, 0.0360876, 10.017, -0.2734375, 10.017, -0.980957, 10.017, 0.0791016, 0.3852692, -0.0068818, 10.017, 0.2773438, 10.017, -0.9399414, 10.017, -0.1582031, 0.3852692, -0.0095674, 10.017, 0.1591797, 10.017, -0.996582, 10.017, -0.1088867, 0.3852692, 0.0063783, 10.017, -0.0844727, 10.017, -0.9970703, 10.017, 0.0537109, , , , , , , , , , , , , , , , , , , , , , 
0.3857885, 0.0337377, 10.0305, -0.2768555, 10.0305, -0.9746094, 10.0305, 0.081543, 0.3857885, -0.0060426, 10.0305, 0.2900391, 10.0305, -0.9345703, 10.0305, -0.1552734, 0.3857885, -0.0109102, 10.0305, 0.1313477, 10.0305, -0.9980469, 10.0305, -0.1015625, 0.3857885, -0.0003357, 10.0305, -0.1005859, 10.0305, -0.9838867, 10.0305, 0.0551758, , , , , , , , , , , , , , , , , , , , , , 
0.3863077, 0.0283665, 10.044, -0.2553711, 10.044, -0.9692383, 10.044, 0.0859375, 0.3863077, -0.0062104, 10.044, 0.309082, 10.044, -0.9306641, 10.044, -0.1499023, 0.3863077, -0.011078, 10.044, 0.125, 10.044, -0.9916992, 10.044, -0.1025391, 0.3863077, -0.0045319, 10.044, -0.105957, 10.044, -0.9741211, 10.044, 0.0517578, , , , , , , , , , , , , , , , , , , , , , 
0.3868269, 0.0218204, 10.0575, -0.2319336, 10.0575, -0.9770508, 10.0575, 0.0864258, 0.3868269, -0.0068818, 10.0575, 0.3061523, 10.0575, -0.9311523, 10.0575, -0.1582031, 0.3868269, -0.0083925, 10.0575, 0.1552734, 10.0575, -0.9770508, 10.0575, -0.0991211, 0.3868269, -0.005539, 10.0575, -0.1069336, 10.0575, -0.9790039, 10.0575, 0.0537109, , , , , , , , , , , , , , , , , , , , , , 
0.3873462, 0.0184634, 10.071, -0.2260742, 10.071, -0.9814453, 10.071, 0.0913086, 0.3873462, -0.0083925, 10.071, 0.3022461, 10.071, -0.9399414, 10.071, -0.168457, 0.3873462, -0.008896, 10.071, 0.1704102, 10.071, -0.9741211, 10.071, -0.0869141, 0.3873462, -0.0038605, 10.071, -0.0898438, 10.071, -0.9916992, 10.071, 0.0654297, , , , , , , , , , , , , , , , , , , , , , 
0.3878654, 0.0182956, 10.0845, -0.2387695, 10.0845, -0.9736328, 10.0845, 0.1035156, 0.3878654, -0.008896, 10.0845, 0.2919922, 10.0845, -0.9355469, 10.0845, -0.1762695, 0.3878654, -0.011078, 10.0845, 0.1586914, 10.0845, -0.9672852, 10.0845, -0.0800781, 0.3878654, -0.002182, 10.0845, -0.0986328, 10.0845, -0.9780273, 10.0845, 0.0776367, , , , , , , , , , , , , , , , , , , , , , 
0.3883846, 0.0146029, 10.098, -0.2412109, 10.098, -0.9570312, 10.098, 0.1040039, 0.3883846, -0.0090639, 10.098, 0.2749023, 10.098, -0.9199219, 10.098, -0.184082, 0.3883846, -0.0112459, 10.098, 0.1416016, 10.098, -0.9614258, 10.098, -0.0888672, 0.3883846, -0.0016785, 10.098, -0.1235352, 10.098, -0.9658203, 10.098, 0.0761719, , , , , , , , , , , , , , , , , , , , , , 
0.3889038, 0.0105745, 10.1115, -0.2626953, 10.1115, -0.949707, 10.1115, 0.1025391, 0.3889038, -0.0085603, 10.1115, 0.2695312, 10.1115, -0.909668, 10.1115, -0.1923828, 0.3889038, -0.0109102, 10.1115, 0.1264648, 10.1115, -0.9604492, 10.1115, -0.0810547, 0.3889038, -0.002182, 10.1115, -0.1416016, 10.1115, -0.9594727, 10.1115, 0.074707, , , , , , , , , , , , , , , , , , , , , , 
0.3894231, 0.0092317, 10.125, -0.2993164, 10.125, -0.9414062, 10.125, 0.1157227, 0.3894231, -0.0075532, 10.125, 0.2797852, 10.125, -0.9047852, 10.125, -0.1875, 0.3894231, -0.0099031, 10.125, 0.1235352, 10.125, -0.9614258, 10.125, -0.0737305, 0.3894231, -0.0001678, 10.125, -0.140625, 10.125, -0.953125, 10.125, 0.0795898, , , , , , , , , , , , , , , , , , , , , , 
0.3899423, 0.0075532, 10.1385, -0.3071289, 10.1385, -0.9267578, 10.1385, 0.1171875, 0.3899423, -0.0065461, 10.1385, 0.3022461, 10.1385, -0.8979492, 10.1385, -0.1650391, 0.3899423, -0.0105745, 10.1385, 0.1323242, 10.1385, -0.9619141, 10.1385, -0.0600586, 0.3899423, 0.0065461, 10.1385, -0.1259766, 10.1385, -0.949707, 10.1385, 0.0805664, , , , , , , , , , , , , , , , , , , , , , 
0.3904615, 0.0041962, 10.152, -0.2993164, 10.152, -0.9155273, 10.152, 0.1152344, 0.3904615, -0.0045319, 10.152, 0.3144531, 10.152, -0.8876953, 10.152, -0.15625, 0.3904615, -0.011078, 10.152, 0.1425781, 10.152, -0.9541016, 10.152, -0.0537109, 0.3904615, 0.0117494, 10.152, -0.1264648, 10.152, -0.9423828, 10.152, 0.0727539, , , , , , , , , , , , , , , , , , , , , , 
0.3909808, 0.0015106, 10.1655, -0.2734375, 10.1655, -0.9155273, 10.1655, 0.1108398, 0.3909808, -0.0025177, 10.1655, 0.3457031, 10.1655, -0.8745117, 10.1655, -0.1518555, 0.3909808, -0.0095674, 10.1655, 0.1494141, 10.1655, -0.9458008, 10.1655, -0.0493164, 0.3909808, 0.0125887, 10.1655, -0.1323242, 10.1655, -0.9492188, 10.1655, 0.0620117, , , , , , , , , , , , , , , , , , , , , , 
0.3915, 0.0015106, 10.179, -0.230957, 10.179, -0.9414062, 10.179, 0.1010742, 0.3915, -0.0035248, 10.179, 0.3696289, 10.179, -0.8759766, 10.179, -0.1450195, 0.3915, -0.0085603, 10.179, 0.1469727, 10.179, -0.9389648, 10.179, -0.0458984, 0.3915, 0.0132601, 10.179, -0.1142578, 10.179, -0.9375, 10.179, 0.0478516, , , , , , , , , , , , , , , , , , , , , , 
0.3920192, 0.0025177, 10.1925, -0.1953125, 10.1925, -0.9433594, 10.1925, 0.0917969, 0.3920192, -0.0048676, 10.1925, 0.3706055, 10.1925, -0.8911133, 10.1925, -0.1352539, 0.3920192, -0.0078889, 10.1925, 0.1459961, 10.1925, -0.9179688, 10.1925, -0.0541992, 0.3920192, 0.0172885, 10.1925, -0.0947266, 10.1925, -0.9228516, 10.1925, 0.0400391, , , , , , , , , , , , , , , , , , , , , , 
0.3925385, 0.0052033, 10.206, -0.2075195, 10.206, -0.9101562, 10.206, 0.09375, 0.3925385, -0.0052033, 10.206, 0.3369141, 10.206, -0.8847656, 10.206, -0.1333008, 0.3925385, -0.0058747, 10.206, 0.1572266, 10.206, -0.8959961, 10.206, -0.0732422, 0.3925385, 0.023331, 10.206, -0.0708008, 10.206, -0.9057617, 10.206, 0.0327148, , , , , , , , , , , , , , , , , , , , , , 
0.3930577, 0.008896, 10.2195, -0.2514648, 10.2195, -0.8857422, 10.2195, 0.0893555, 0.3930577, -0.0062104, 10.2195, 0.3051758, 10.2195, -0.8461914, 10.2195, -0.1455078, 0.3930577, -0.0035248, 10.2195, 0.1630859, 10.2195, -0.8891602, 10.2195, -0.0761719, 0.3930577, 0.0253452, 10.2195, -0.0693359, 10.2195, -0.9023438, 10.2195, 0.0366211, , , , , , , , , , , , , , , , , , , , , , 
0.3935769, 0.0092317, 10.233, -0.2714844, 10.233, -0.8789062, 10.233, 0.0839844, 0.3935769, -0.0075532, 10.233, 0.3017578, 10.233, -0.8276367, 10.233, -0.1376953, 0.3935769, -0.0035248, 10.233, 0.1469727, 10.233, -0.8925781, 10.233, -0.0620117, 0.3935769, 0.0273594, 10.233, -0.0898438, 10.233, -0.8901367, 10.233, 0.0478516, , , , , , , , , , , , , , , , , , , , , , 
0.3940962, 0.0068818, 10.2465, -0.2836914, 10.2465, -0.8618164, 10.2465, 0.0854492, 0.3940962, -0.0095674, 10.2465, 0.2998047, 10.2465, -0.8173828, 10.2465, -0.1357422, 0.3940962, -0.0043641, 10.2465, 0.1352539, 10.2465, -0.8916016, 10.2465, -0.0498047, 0.3940962, 0.030045, 10.2465, -0.1088867, 10.2465, -0.8662109, 10.2465, 0.0556641, , , , , , , , , , , , , , , , , , , , , , 
0.3946154, 0.0065461, 10.26, -0.2641602, 10.26, -0.8442383, 10.26, 0.0849609, 0.3946154, -0.0082246, 10.26, 0.296875, 10.26, -0.7993164, 10.26, -0.1342773, 0.3946154, -0.0041962, 10.26, 0.1123047, 10.26, -0.8813477, 10.26, -0.0395508, 0.3946154, 0.033402, 10.26, -0.1254883, 10.26, -0.8457031, 10.26, 0.059082, , , , , , , , , , , , , , , , , , , , , , 
0.3951346, 0.0072175, 10.2735, -0.234375, 10.2735, -0.8291016, 10.2735, 0.0786133, 0.3951346, -0.0075532, 10.2735, 0.2954102, 10.2735, -0.7924805, 10.2735, -0.1318359, 0.3951346, -0.0015106, 10.2735, 0.109375, 10.2735, -0.8579102, 10.2735, -0.043457, 0.3951346, 0.0347448, 10.2735, -0.1269531, 10.2735, -0.8388672, 10.2735, 0.0605469, , , , , , , , , , , , , , , , , , , , , , 
0.3956538, 0.0043641, 10.287, -0.2177734, 10.287, -0.8149414, 10.287, 0.0698242, 0.3956538, -0.0068818, 10.287, 0.2895508, 10.287, -0.7827148, 10.287, -0.1323242, 0.3956538, 0.0008392, 10.287, 0.1196289, 10.287, -0.8208008, 10.287, -0.0566406, 0.3956538, 0.03122, 10.287, -0.1079102, 10.287, -0.8212891, 10.287, 0.0620117, , , , , , , , , , , , , , , , , , , , , , 
0.3961731, 0.0050355, 10.3005, -0.1953125, 10.3005, -0.8071289, 10.3005, 0.0620117, 0.3961731, -0.0062104, 10.3005, 0.2661133, 10.3005, -0.7705078, 10.3005, -0.1367188, 0.3961731, 0.0003357, 10.3005, 0.1376953, 10.3005, -0.7836914, 10.3005, -0.0703125, 0.3961731, 0.0258488, 10.3005, -0.0888672, 10.3005, -0.7954102, 10.3005, 0.0551758, , , , , , , , , , , , , , , , , , , , , , 
0.3966923, 0.008896, 10.314, -0.1850586, 10.314, -0.7880859, 10.314, 0.0517578, 0.3966923, -0.0062104, 10.314, 0.2407227, 10.314, -0.7573242, 10.314, -0.1396484, 0.3966923, -0.0028534, 10.314, 0.1469727, 10.314, -0.7578125, 10.314, -0.0844727, 0.3966923, 0.0213169, 10.314, -0.0625, 10.314, -0.7739258, 10.314, 0.0566406, , , , , , , , , , , , , , , , , , , , , , 
0.3972115, 0.0105745, 10.3275, -0.1860352, 10.3275, -0.7626953, 10.3275, 0.0478516, 0.3972115, -0.0070497, 10.3275, 0.2138672, 10.3275, -0.7319336, 10.3275, -0.1425781, 0.3972115, -0.005539, 10.3275, 0.1474609, 10.3275, -0.7397461, 10.3275, -0.0996094, 0.3972115, 0.0186313, 10.3275, -0.0385742, 10.3275, -0.7519531, 10.3275, 0.0532227, , , , , , , , , , , , , , , , , , , , , , 
0.3977308, 0.0115816, 10.341, -0.1943359, 10.341, -0.7368164, 10.341, 0.0424805, 0.3977308, -0.0085603, 10.341, 0.1943359, 10.341, -0.7075195, 10.341, -0.1445312, 0.3977308, -0.0072175, 10.341, 0.1435547, 10.341, -0.7304688, 10.341, -0.1040039, 0.3977308, 0.0146029, 10.341, -0.0258789, 10.341, -0.7353516, 10.341, 0.0556641, , , , , , , , , , , , , , , , , , , , , , 
0.39825, 0.0115816, 10.3545, -0.203125, 10.3545, -0.7226562, 10.3545, 0.0283203, 0.39825, -0.0085603, 10.3545, 0.1875, 10.3545, -0.6948242, 10.3545, -0.1333008, 0.39825, -0.0078889, 10.3545, 0.1401367, 10.3545, -0.7275391, 10.3545, -0.0976562, 0.39825, 0.0095674, 10.3545, -0.0234375, 10.3545, -0.7304688, 10.3545, 0.0576172, , , , , , , , , , , , , , , , , , , , , , 
0.3987692, 0.0105745, 10.368, -0.1943359, 10.368, -0.7250977, 10.368, 0.0166016, 0.3987692, -0.0082246, 10.368, 0.1914062, 10.368, -0.6918945, 10.368, -0.125, 0.3987692, -0.0068818, 10.368, 0.1494141, 10.368, -0.722168, 10.368, -0.0961914, 0.3987692, 0.0065461, 10.368, -0.0209961, 10.368, -0.7216797, 10.368, 0.0610352, , , , , , , , , , , , , , , , , , , , , , 
0.3992885, 0.0125887, 10.3815, -0.1733398, 10.3815, -0.7397461, 10.3815, 0.0083008, 0.3992885, -0.0078889, 10.3815, 0.1948242, 10.3815, -0.7016602, 10.3815, -0.1171875, 0.3992885, -0.0072175, 10.3815, 0.1518555, 10.3815, -0.7207031, 10.3815, -0.1010742, 0.3992885, 0.0045319, 10.3815, -0.0200195, 10.3815, -0.7231445, 10.3815, 0.0585938, , , , , , , , , , , , , , , , , , , , , , 
0.3998077, 0.0115816, 10.395, -0.1430664, 10.395, -0.7421875, 10.395, 0, 0.3998077, -0.0058747, 10.395, 0.1953125, 10.395, -0.7084961, 10.395, -0.1132812, 0.3998077, -0.0085603, 10.395, 0.1518555, 10.395, -0.7128906, 10.395, -0.1201172, 0.3998077, -0.0001678, 10.395, -0.0004883, 10.395, -0.7211914, 10.395, 0.0488281, , , , , , , , , , , , , , , , , , , , , , 
0.4003269, 0.0062104, 10.4085, -0.1279297, 10.4085, -0.7329102, 10.4085, -0.0073242, 0.4003269, -0.0050355, 10.4085, 0.1918945, 10.4085, -0.7177734, 10.4085, -0.1010742, 0.4003269, -0.0090639, 10.4085, 0.1459961, 10.4085, -0.6962891, 10.4085, -0.1430664, 0.4003269, -0.0018463, 10.4085, 0.0307617, 10.4085, -0.6914062, 10.4085, 0.0454102, , , , , , , , , , , , , , , , , , , , , , 
0.4008462, 0.0078889, 10.422, -0.1225586, 10.422, -0.7070312, 10.422, -0.0180664, 0.4008462, -0.0073854, 10.422, 0.1689453, 10.422, -0.6928711, 10.422, -0.1040039, 0.4008462, -0.0082246, 10.422, 0.1484375, 10.422, -0.6738281, 10.422, -0.1572266, 0.4008462, -0.0025177, 10.422, 0.0507812, 10.422, -0.6777344, 10.422, 0.0546875, , , , , , , , , , , , , , , , , , , , , , 
0.4013654, 0.0146029, 10.4355, -0.1357422, 10.4355, -0.6889648, 10.4355, -0.0239258, 0.4013654, -0.0095674, 10.4355, 0.1401367, 10.4355, -0.6640625, 10.4355, -0.1069336, 0.4013654, -0.0075532, 10.4355, 0.1616211, 10.4355, -0.6640625, 10.4355, -0.1723633, 0.4013654, -0.0018463, 10.4355, 0.0766602, 10.4355, -0.6767578, 10.4355, 0.0512695, , , , , , , , , , , , , , , , , , , , , , 
0.4018846, 0.0191348, 10.449, -0.1674805, 10.449, -0.6948242, 10.449, -0.0361328, 0.4018846, -0.0099031, 10.449, 0.1269531, 10.449, -0.6625977, 10.449, -0.0986328, 0.4018846, -0.0077211, 10.449, 0.1689453, 10.449, -0.6669922, 10.449, -0.1767578, 0.4018846, 0.0001678, 10.449, 0.0839844, 10.449, -0.6748047, 10.449, 0.0454102, , , , , , , , , , , , , , , , , , , , , , 
0.4024038, 0.0199741, 10.4625, -0.1831055, 10.4625, -0.7128906, 10.4625, -0.0488281, 0.4024038, -0.0078889, 10.4625, 0.1181641, 10.4625, -0.6787109, 10.4625, -0.1010742, 0.4024038, -0.0063783, 10.4625, 0.1489258, 10.4625, -0.6748047, 10.4625, -0.1875, 0.4024038, -0.0001678, 10.4625, 0.0688477, 10.4625, -0.6772461, 10.4625, 0.0385742, , , , , , , , , , , , , , , , , , , , , , 
0.4029231, 0.0162814, 10.476, -0.1567383, 10.476, -0.7231445, 10.476, -0.0522461, 0.4029231, -0.0068818, 10.476, 0.1074219, 10.476, -0.6958008, 10.476, -0.0991211, 0.4029231, -0.0057069, 10.476, 0.1064453, 10.476, -0.6850586, 10.476, -0.2075195, 0.4029231, -0.0016785, 10.476, 0.0678711, 10.476, -0.6831055, 10.476, 0.0214844, , , , , , , , , , , , , , , , , , , , , , 
0.4034423, 0.0130922, 10.4895, -0.1367188, 10.4895, -0.7329102, 10.4895, -0.0610352, 0.4034423, -0.0072175, 10.4895, 0.1132812, 10.4895, -0.7016602, 10.4895, -0.0883789, 0.4034423, -0.0068818, 10.4895, 0.0737305, 10.4895, -0.6914062, 10.4895, -0.2270508, 0.4034423, -0.0005035, 10.4895, 0.0908203, 10.4895, -0.6933594, 10.4895, 0.0043945, , , , , , , , , , , , , , , , , , , , , , 
0.4039615, 0.0140993, 10.503, -0.1435547, 10.503, -0.7329102, 10.503, -0.0639648, 0.4039615, -0.008896, 10.503, 0.1298828, 10.503, -0.7119141, 10.503, -0.074707, 0.4039615, -0.008896, 10.503, 0.0756836, 10.503, -0.7036133, 10.503, -0.2353516, 0.4039615, 0.002182, 10.503, 0.1064453, 10.503, -0.7016602, 10.503, 0.0004883, , , , , , , , , , , , , , , , , , , , , , 
0.4044808, 0.0115816, 10.5165, -0.168457, 10.5165, -0.7333984, 10.5165, -0.0668945, 0.4044808, -0.0095674, 10.5165, 0.1313477, 10.5165, -0.7158203, 10.5165, -0.0673828, 0.4044808, -0.008896, 10.5165, 0.0825195, 10.5165, -0.7172852, 10.5165, -0.2382812, 0.4044808, 0.0035248, 10.5165, 0.1396484, 10.5165, -0.7084961, 10.5165, -0.0019531, , , , , , , , , , , , , , , , , , , , , , 
0.405, 0.008896, 10.53, -0.1806641, 10.53, -0.7446289, 10.53, -0.0737305, 0.405, -0.0082246, 10.53, 0.1259766, 10.53, -0.7104492, 10.53, -0.0664062, 0.405, -0.0085603, 10.53, 0.097168, 10.53, -0.7373047, 10.53, -0.2490234, 0.405, 0.0031891, 10.53, 0.1606445, 10.53, -0.7119141, 10.53, -0.003418, , , , , , , , , , , , , , , , , , , , , , 
0.4055192, 0.0075532, 10.5435, -0.1708984, 10.5435, -0.7641602, 10.5435, -0.0834961, 0.4055192, -0.0078889, 10.5435, 0.1289062, 10.5435, -0.7114258, 10.5435, -0.0712891, 0.4055192, -0.0092317, 10.5435, 0.1162109, 10.5435, -0.7421875, 10.5435, -0.2612305, 0.4055192, 0.0003357, 10.5435, 0.1743164, 10.5435, -0.7241211, 10.5435, -0.0136719, , , , , , , , , , , , , , , , , , , , , , 
0.4060385, 0.0097353, 10.557, -0.1669922, 10.557, -0.7807617, 10.557, -0.0776367, 0.4060385, -0.0078889, 10.557, 0.1401367, 10.557, -0.7250977, 10.557, -0.0634766, 0.4060385, -0.008896, 10.557, 0.1391602, 10.557, -0.7456055, 10.557, -0.2636719, 0.4060385, -0.0028534, 10.557, 0.1782227, 10.557, -0.7441406, 10.557, -0.0302734, , , , , , , , , , , , , , , , , , , , , , 
0.4065577, 0.0112459, 10.5705, -0.1699219, 10.5705, -0.7924805, 10.5705, -0.0810547, 0.4065577, -0.0077211, 10.5705, 0.1464844, 10.5705, -0.7539062, 10.5705, -0.0556641, 0.4065577, -0.0092317, 10.5705, 0.1386719, 10.5705, -0.7651367, 10.5705, -0.2607422, 0.4065577, -0.0072175, 10.5705, 0.1948242, 10.5705, -0.7719727, 10.5705, -0.0488281, , , , , , , , , , , , , , , , , , , , , , 
0.4070769, 0.008896, 10.584, -0.1713867, 10.584, -0.824707, 10.584, -0.097168, 0.4070769, -0.0072175, 10.584, 0.140625, 10.584, -0.7939453, 10.584, -0.0541992, 0.4070769, -0.0095674, 10.584, 0.1010742, 10.584, -0.8012695, 10.584, -0.262207, 0.4070769, -0.0124208, 10.584, 0.222168, 10.584, -0.8027344, 10.584, -0.0600586, , , , , , , , , , , , , , , , , , , , , , 
0.4075962, 0.0063783, 10.5975, -0.1655273, 10.5975, -0.8398438, 10.5975, -0.1000977, 0.4075962, -0.0085603, 10.5975, 0.128418, 10.5975, -0.8081055, 10.5975, -0.0610352, 0.4075962, -0.008896, 10.5975, 0.0678711, 10.5975, -0.8232422, 10.5975, -0.2827148, 0.4075962, -0.0152743, 10.5975, 0.2421875, 10.5975, -0.8061523, 10.5975, -0.0581055, , , , , , , , , , , , , , , , , , , , , , 
0.4081154, 0.0082246, 10.611, -0.1694336, 10.611, -0.8422852, 10.611, -0.0942383, 0.4081154, -0.0099031, 10.611, 0.1201172, 10.611, -0.8076172, 10.611, -0.0600586, 0.4081154, -0.0082246, 10.611, 0.0698242, 10.611, -0.8173828, 10.611, -0.3007812, 0.4081154, -0.012253, 10.611, 0.2504883, 10.611, -0.7919922, 10.611, -0.0483398, , , , , , , , , , , , , , , , , , , , , , 
0.4086346, 0.0119173, 10.6245, -0.1845703, 10.6245, -0.8432617, 10.6245, -0.0883789, 0.4086346, -0.0090639, 10.6245, 0.1230469, 10.6245, -0.8046875, 10.6245, -0.0776367, 0.4086346, -0.0075532, 10.6245, 0.1137695, 10.6245, -0.8041992, 10.6245, -0.3134766, 0.4086346, -0.0070497, 10.6245, 0.2519531, 10.6245, -0.7861328, 10.6245, -0.0375977, , , , , , , , , , , , , , , , , , , , , , 
0.4091538, 0.0102388, 10.638, -0.1787109, 10.638, -0.8569336, 10.638, -0.0766602, 0.4091538, -0.0072175, 10.638, 0.1269531, 10.638, -0.8095703, 10.638, -0.0883789, 0.4091538, -0.0085603, 10.638, 0.1342773, 10.638, -0.793457, 10.638, -0.3291016, 0.4091538, -0.0041962, 10.638, 0.2392578, 10.638, -0.7988281, 10.638, -0.0273438, , , , , , , , , , , , , , , , , , , , , , 
0.4096731, 0.0036927, 10.6515, -0.1611328, 10.6515, -0.890625, 10.6515, -0.0576172, 0.4096731, -0.0065461, 10.6515, 0.1391602, 10.6515, -0.8242188, 10.6515, -0.1015625, 0.4096731, -0.0095674, 10.6515, 0.1582031, 10.6515, -0.8012695, 10.6515, -0.3427734, 0.4096731, -0.0001678, 10.6515, 0.2363281, 10.6515, -0.8168945, 10.6515, -0.0214844, , , , , , , , , , , , , , , , , , , , , , 
0.4101923, 0.0005035, 10.665, -0.1640625, 10.665, -0.9174805, 10.665, -0.059082, 0.4101923, -0.0065461, 10.665, 0.1455078, 10.665, -0.8452148, 10.665, -0.1044922, 0.4101923, -0.0083925, 10.665, 0.1538086, 10.665, -0.8564453, 10.665, -0.3305664, 0.4101923, 0.005539, 10.665, 0.2519531, 10.665, -0.8647461, 10.665, -0.0229492, , , , , , , , , , , , , , , , , , , , , , 
0.4107115, 0.0008392, 10.6785, -0.1933594, 10.6785, -0.9233398, 10.6785, -0.0703125, 0.4107115, -0.0065461, 10.6785, 0.1303711, 10.6785, -0.8759766, 10.6785, -0.1000977, 0.4107115, -0.0072175, 10.6785, 0.1132812, 10.6785, -0.9052734, 10.6785, -0.3139648, 0.4107115, 0.0085603, 10.6785, 0.2675781, 10.6785, -0.8935547, 10.6785, -0.027832, , , , , , , , , , , , , , , , , , , , , , 
0.4112308, 0, 10.692, -0.1835938, 10.692, -0.9394531, 10.692, -0.0932617, 0.4112308, -0.0072175, 10.692, 0.1240234, 10.692, -0.90625, 10.692, -0.0888672, 0.4112308, -0.0068818, 10.692, 0.0825195, 10.692, -0.9243164, 10.692, -0.3256836, 0.4112308, 0.0104067, 10.692, 0.2670898, 10.692, -0.9091797, 10.692, -0.0205078, , , , , , , , , , , , , , , , , , , , , , 
0.41175, -0.0025177, 10.7055, -0.1669922, 10.7055, -1.0048828, 10.7055, -0.1005859, 0.41175, -0.0068818, 10.7055, 0.1308594, 10.7055, -0.9433594, 10.7055, -0.1005859, 0.41175, -0.0075532, 10.7055, 0.0922852, 10.7055, -0.9243164, 10.7055, -0.3598633, 0.41175, 0.0139315, 10.7055, 0.2866211, 10.7055, -0.9257812, 10.7055, -0.0288086, , , , , , , , , , , , , , , , , , , , , , 
0.4122692, -0.0001678, 10.719, -0.1855469, 10.719, -1.0576172, 10.719, -0.0878906, 0.4122692, -0.0036927, 10.719, 0.1494141, 10.719, -0.9936523, 10.719, -0.0976562, 0.4122692, -0.0068818, 10.719, 0.1225586, 10.719, -0.9316406, 10.719, -0.3833008, 0.4122692, 0.0213169, 10.719, 0.3120117, 10.719, -0.9331055, 10.719, -0.0327148, , , , , , , , , , , , , , , , , , , , , , 
0.4127885, 0.0065461, 10.7325, -0.1948242, 10.7325, -1.0629883, 10.7325, -0.0805664, 0.4127885, -0.0031891, 10.7325, 0.159668, 10.7325, -1.0244141, 10.7325, -0.0913086, 0.4127885, -0.0048676, 10.7325, 0.1542969, 10.7325, -0.9506836, 10.7325, -0.378418, 0.4127885, 0.0287022, 10.7325, 0.315918, 10.7325, -0.9428711, 10.7325, -0.0302734, , , , , , , , , , , , , , , , , , , , , , 
0.4133077, 0.0072175, 10.746, -0.1796875, 10.746, -1.0576172, 10.746, -0.0737305, 0.4133077, -0.0062104, 10.746, 0.1835938, 10.746, -1.0205078, 10.746, -0.0981445, 0.4133077, -0.002182, 10.746, 0.1689453, 10.746, -0.9648438, 10.746, -0.3686523, 0.4133077, 0.0315557, 10.746, 0.3012695, 10.746, -0.9560547, 10.746, -0.0136719, , , , , , , , , , , , , , , , , , , , , , 
0.4138269, -0.0001678, 10.7595, -0.1425781, 10.7595, -1.0512695, 10.7595, -0.0678711, 0.4138269, -0.0085603, 10.7595, 0.1904297, 10.7595, -1.0083008, 10.7595, -0.1113281, 0.4138269, -0.0011749, 10.7595, 0.1899414, 10.7595, -0.9570312, 10.7595, -0.3735352, 0.4138269, 0.0318914, 10.7595, 0.3012695, 10.7595, -0.9697266, 10.7595, 0.0019531, , , , , , , , , , , , , , , , , , , , , , 
0.4143462, -0.0023499, 10.773, -0.1225586, 10.773, -1.0751953, 10.773, -0.0498047, 0.4143462, -0.008896, 10.773, 0.1860352, 10.773, -0.9970703, 10.773, -0.140625, 0.4143462, -0.0025177, 10.773, 0.1914062, 10.773, -0.9624023, 10.773, -0.3740234, 0.4143462, 0.0344091, 10.773, 0.3320312, 10.773, -0.9990234, 10.773, 0.0083008, , , , , , , , , , , , , , , , , , , , , , 
0.4148654, 0.0038605, 10.7865, -0.1323242, 10.7865, -1.0976562, 10.7865, -0.0644531, 0.4148654, -0.0075532, 10.7865, 0.1635742, 10.7865, -1.0356445, 10.7865, -0.140625, 0.4148654, -0.0048676, 10.7865, 0.1933594, 10.7865, -0.9873047, 10.7865, -0.3623047, 0.4148654, 0.0364233, 10.7865, 0.3505859, 10.7865, -1.0185547, 10.7865, 0.0078125, , , , , , , , , , , , , , , , , , , , , , 
0.4153846, 0.0072175, 10.8, -0.1606445, 10.8, -1.1054688, 10.8, -0.0751953, 0.4153846, -0.0065461, 10.8, 0.1533203, 10.8, -1.0834961, 10.8, -0.1396484, 0.4153846, -0.0041962, 10.8, 0.1918945, 10.8, -1.0146484, 10.8, -0.3457031, 0.4153846, 0.0370947, 10.8, 0.3452148, 10.8, -1.0195312, 10.8, 0.0092773, , , , , , , , , , , , , , , , , , , , , , 
0.4159038, 0.0090639, 10.8135, -0.2104492, 10.8135, -1.1113281, 10.8135, -0.0732422, 0.4159038, -0.0075532, 10.8135, 0.1435547, 10.8135, -1.0942383, 10.8135, -0.1333008, 0.4159038, -0.0038605, 10.8135, 0.184082, 10.8135, -1.0253906, 10.8135, -0.3466797, 0.4159038, 0.0350805, 10.8135, 0.3115234, 10.8135, -1.0224609, 10.8135, 0.003418, , , , , , , , , , , , , , , , , , , , , , 
0.4164231, 0.0095674, 10.827, -0.2250977, 10.827, -1.1245117, 10.827, -0.0654297, 0.4164231, -0.0085603, 10.827, 0.1357422, 10.827, -1.0874023, 10.827, -0.1430664, 0.4164231, -0.0062104, 10.827, 0.1748047, 10.827, -1.0107422, 10.827, -0.3681641, 0.4164231, 0.0280308, 10.827, 0.2871094, 10.827, -1.0239258, 10.827, -0.0009766, , , , , , , , , , , , , , , , , , , , , , 
0.4169423, 0.012253, 10.8405, -0.1728516, 10.8405, -1.1357422, 10.8405, -0.0473633, 0.4169423, -0.0102388, 10.8405, 0.168457, 10.8405, -1.0888672, 10.8405, -0.152832, 0.4169423, -0.0082246, 10.8405, 0.1791992, 10.8405, -0.9980469, 10.8405, -0.3613281, 0.4169423, 0.0206455, 10.8405, 0.2900391, 10.8405, -1.0380859, 10.8405, 0.0195312, , , , , , , , , , , , , , , , , , , , , , 
0.4174615, 0.0193027, 10.854, -0.1450195, 10.854, -1.1445312, 10.854, -0.0288086, 0.4174615, -0.0115816, 10.854, 0.2236328, 10.854, -1.1010742, 10.854, -0.1381836, 0.4174615, -0.0092317, 10.854, 0.1884766, 10.854, -1.019043, 10.854, -0.3671875, 0.4174615, 0.0166171, 10.854, 0.3085938, 10.854, -1.0581055, 10.854, 0.0327148, , , , , , , , , , , , , , , , , , , , , , 
0.4179808, 0.0246738, 10.8675, -0.1635742, 10.8675, -1.1542969, 10.8675, -0.0322266, 0.4179808, -0.012253, 10.8675, 0.2558594, 10.8675, -1.1162109, 10.8675, -0.128418, 0.4179808, -0.0090639, 10.8675, 0.1743164, 10.8675, -1.0522461, 10.8675, -0.3657227, 0.4179808, 0.0149386, 10.8675, 0.3041992, 10.8675, -1.0756836, 10.8675, 0.0214844, , , , , , , , , , , , , , , , , , , , , , 
0.4185, 0.0253452, 10.881, -0.2172852, 10.881, -1.1582031, 10.881, -0.0424805, 0.4185, -0.0115816, 10.881, 0.2177734, 10.881, -1.1333008, 10.881, -0.1323242, 0.4185, -0.0075532, 10.881, 0.1679688, 10.881, -1.0678711, 10.881, -0.3359375, 0.4185, 0.0139315, 10.881, 0.2832031, 10.881, -1.0727539, 10.881, 0.0166016, , , , , , , , , , , , , , , , , , , , , , 
0.4190192, 0.0236667, 10.8945, -0.2270508, 10.8945, -1.1411133, 10.8945, -0.046875, 0.4190192, -0.010071, 10.8945, 0.1879883, 10.8945, -1.137207, 10.8945, -0.1391602, 0.4190192, -0.0082246, 10.8945, 0.168457, 10.8945, -1.0576172, 10.8945, -0.3203125, 0.4190192, 0.012253, 10.8945, 0.2680664, 10.8945, -1.0556641, 10.8945, 0.0195312, , , , , , , , , , , , , , , , , , , , , , 
0.4195385, 0.0209812, 10.908, -0.2290039, 10.908, -1.1425781, 10.908, -0.0307617, 0.4195385, -0.0085603, 10.908, 0.1586914, 10.908, -1.1381836, 10.908, -0.1503906, 0.4195385, -0.0102388, 10.908, 0.1743164, 10.908, -1.0205078, 10.908, -0.3359375, 0.4195385, 0.0104067, 10.908, 0.2592773, 10.908, -1.0678711, 10.908, 0.0249023, , , , , , , , , , , , , , , , , , , , , , 
0.4200577, 0.017792, 10.9215, -0.2514648, 10.9215, -1.1640625, 10.9215, -0.03125, 0.4200577, -0.0083925, 10.9215, 0.1723633, 10.9215, -1.1357422, 10.9215, -0.1308594, 0.4200577, -0.0115816, 10.9215, 0.1987305, 10.9215, -1.0205078, 10.9215, -0.3730469, 0.4200577, 0.0078889, 10.9215, 0.2905273, 10.9215, -1.0947266, 10.9215, 0.0288086, , , , , , , , , , , , , , , , , , , , , , 
0.4205769, 0.0214847, 10.935, -0.3217773, 10.935, -1.1835938, 10.935, -0.0317383, 0.4205769, -0.0095674, 10.935, 0.2045898, 10.935, -1.1489258, 10.935, -0.121582, 0.4205769, -0.0095674, 10.935, 0.2128906, 10.935, -1.0698242, 10.935, -0.3945312, 0.4205769, 0.0072175, 10.935, 0.3447266, 10.935, -1.1132812, 10.935, 0.0288086, , , , , , , , , , , , , , , , , , , , , , 
0.4210962, 0.0293736, 10.9485, -0.3623047, 10.9485, -1.2055664, 10.9485, 0, 0.4210962, -0.010071, 10.9485, 0.253418, 10.9485, -1.1713867, 10.9485, -0.109375, 0.4210962, -0.008896, 10.9485, 0.1821289, 10.9485, -1.1225586, 10.9485, -0.4267578, 0.4210962, 0.0092317, 10.9485, 0.3706055, 10.9485, -1.1186523, 10.9485, 0.0253906, , , , , , , , , , , , , , , , , , , , , , 
0.4216154, 0.0313878, 10.962, -0.3457031, 10.962, -1.2163086, 10.962, 0.0131836, 0.4216154, -0.0092317, 10.962, 0.2949219, 10.962, -1.1918945, 10.962, -0.09375, 0.4216154, -0.008896, 10.962, 0.1347656, 10.962, -1.1621094, 10.962, -0.4018555, 0.4216154, 0.0102388, 10.962, 0.3891602, 10.962, -1.1499023, 10.962, 0.0302734, , , , , , , , , , , , , , , , , , , , , , 
0.4221346, 0.0243381, 10.9755, -0.3540039, 10.9755, -1.2124023, 10.9755, 0.0239258, 0.4221346, -0.0092317, 10.9755, 0.3505859, 10.9755, -1.21875, 10.9755, -0.0566406, 0.4221346, -0.008896, 10.9755, 0.1469727, 10.9755, -1.1713867, 10.9755, -0.3598633, 0.4221346, 0.0078889, 10.9755, 0.3535156, 10.9755, -1.2001953, 10.9755, 0.0244141, , , , , , , , , , , , , , , , , , , , , , 
0.4226538, 0.0216526, 10.989, -0.4160156, 10.989, -1.1948242, 10.989, 0.0244141, 0.4226538, -0.0082246, 10.989, 0.3945312, 10.989, -1.2348633, 10.989, -0.0341797, 0.4226538, -0.0095674, 10.989, 0.2084961, 10.989, -1.1879883, 10.989, -0.3344727, 0.4226538, 0.0075532, 10.989, 0.2993164, 10.989, -1.2109375, 10.989, 0.027832, , , , , , , , , , , , , , , , , , , , , , 
0.4231731, 0.0229953, 11.0025, -0.4736328, 11.0025, -1.2084961, 11.0025, 0.0415039, 0.4231731, -0.0062104, 11.0025, 0.4023438, 11.0025, -1.2402344, 11.0025, -0.0371094, 0.4231731, -0.0112459, 11.0025, 0.277832, 11.0025, -1.2163086, 11.0025, -0.3354492, 0.4231731, 0.0082246, 11.0025, 0.2646484, 11.0025, -1.2260742, 11.0025, 0.0415039, , , , , , , , , , , , , , , , , , , , , , 
0.4236923, 0.0219883, 11.016, -0.4775391, 11.016, -1.2368164, 11.016, 0.0527344, 0.4236923, -0.0062104, 11.016, 0.4023438, 11.016, -1.2421875, 11.016, -0.0351562, 0.4236923, -0.0114137, 11.016, 0.2822266, 11.016, -1.2568359, 11.016, -0.3305664, 0.4236923, 0.0082246, 11.016, 0.2773438, 11.016, -1.2626953, 11.016, 0.0634766, , , , , , , , , , , , , , , , , , , , , , 
0.4242115, 0.0196384, 11.0295, -0.5, 11.0295, -1.25, 11.0295, 0.0698242, 0.4242115, -0.0077211, 11.0295, 0.4233398, 11.0295, -1.2382812, 11.0295, -0.0219727, 0.4242115, -0.0115816, 11.0295, 0.2529297, 11.0295, -1.2749023, 11.0295, -0.3354492, 0.4242115, 0.0095674, 11.0295, 0.2910156, 11.0295, -1.2861328, 11.0295, 0.0683594, , , , , , , , , , , , , , , , , , , , , , 
0.4247308, 0.0166171, 11.043, -0.5239258, 11.043, -1.2348633, 11.043, 0.0634766, 0.4247308, -0.0085603, 11.043, 0.4472656, 11.043, -1.2216797, 11.043, -0.0249023, 0.4247308, -0.0114137, 11.043, 0.1689453, 11.043, -1.2856445, 11.043, -0.3349609, 0.4247308, 0.0099031, 11.043, 0.2954102, 11.043, -1.2705078, 11.043, 0.043457, , , , , , , , , , , , , , , , , , , , , , 
0.42525, 0.01561, 11.0565, -0.5336914, 11.0565, -1.1962891, 11.0565, 0.0649414, 0.42525, -0.0078889, 11.0565, 0.4682617, 11.0565, -1.1972656, 11.0565, -0.034668, 0.42525, -0.0125887, 11.0565, 0.1308594, 11.0565, -1.2543945, 11.0565, -0.3505859, 0.42525, 0.0085603, 11.0565, 0.2939453, 11.0565, -1.2353516, 11.0565, 0.0263672, , , , , , , , , , , , , , , , , , , , , , 
0.4257692, 0.0172885, 11.07, -0.5478516, 11.07, -1.1831055, 11.07, 0.0820312, 0.4257692, -0.0065461, 11.07, 0.4428711, 11.07, -1.1787109, 11.07, 0, 0.4257692, -0.0142672, 11.07, 0.1665039, 11.07, -1.2338867, 11.07, -0.3793945, 0.4257692, 0.0028534, 11.07, 0.2988281, 11.07, -1.2402344, 11.07, 0.0219727, , , , , , , , , , , , , , , , , , , , , , 
0.4262885, 0.0199741, 11.0835, -0.612793, 11.0835, -1.1689453, 11.0835, 0.0844727, 0.4262885, -0.0058747, 11.0835, 0.4389648, 11.0835, -1.1733398, 11.0835, 0.03125, 0.4262885, -0.0142672, 11.0835, 0.1982422, 11.0835, -1.2573242, 11.0835, -0.3740234, 0.4262885, -0.0041962, 11.0835, 0.315918, 11.0835, -1.269043, 11.0835, 0.0463867, , , , , , , , , , , , , , , , , , , , , , 
0.4268077, 0.0162814, 11.097, -0.6606445, 11.097, -1.1630859, 11.097, 0.0820312, 0.4268077, -0.005539, 11.097, 0.4956055, 11.097, -1.1777344, 11.097, 0.050293, 0.4268077, -0.0135958, 11.097, 0.2026367, 11.097, -1.3100586, 11.097, -0.3496094, 0.4268077, -0.0062104, 11.097, 0.3271484, 11.097, -1.2856445, 11.097, 0.0551758, , , , , , , , , , , , , , , , , , , , , , 
0.4273269, 0.01561, 11.1105, -0.6635742, 11.1105, -1.2026367, 11.1105, 0.0947266, 0.4273269, -0.0058747, 11.1105, 0.6040039, 11.1105, -1.2089844, 11.1105, 0.0908203, 0.4273269, -0.0130922, 11.1105, 0.1923828, 11.1105, -1.3349609, 11.1105, -0.3339844, 0.4273269, -0.0058747, 11.1105, 0.3325195, 11.1105, -1.3266602, 11.1105, 0.0483398, , , , , , , , , , , , , , , , , , , , , , 
0.4278462, 0.0196384, 11.124, -0.6416016, 11.124, -1.2124023, 11.124, 0.0566406, 0.4278462, -0.0062104, 11.124, 0.6762695, 11.124, -1.2294922, 11.124, 0.1225586, 0.4278462, -0.0130922, 11.124, 0.1850586, 11.124, -1.315918, 11.124, -0.3046875, 0.4278462, -0.0052033, 11.124, 0.296875, 11.124, -1.3237305, 11.124, 0.046875, , , , , , , , , , , , , , , , , , , , , , 
0.4283654, 0.0159457, 11.1375, -0.6191406, 11.1375, -1.1601562, 11.1375, 0.0639648, 0.4283654, -0.005539, 11.1375, 0.6674805, 11.1375, -1.2163086, 11.1375, 0.1157227, 0.4283654, -0.012253, 11.1375, 0.2138672, 11.1375, -1.2563477, 11.1375, -0.3139648, 0.4283654, -0.0041962, 11.1375, 0.2495117, 11.1375, -1.2729492, 11.1375, 0.0571289, , , , , , , , , , , , , , , , , , , , , , 
0.4288846, 0.0092317, 11.151, -0.6181641, 11.151, -1.1225586, 11.151, 0.0810547, 0.4288846, -0.0057069, 11.151, 0.5834961, 11.151, -1.1640625, 11.151, 0.0878906, 0.4288846, -0.0105745, 11.151, 0.2666016, 11.151, -1.2124023, 11.151, -0.3110352, 0.4288846, -0.0031891, 11.151, 0.2197266, 11.151, -1.2250977, 11.151, 0.0605469, , , , , , , , , , , , , , , , , , , , , , 
0.4294038, 0.0082246, 11.1645, -0.6523438, 11.1645, -1.1020508, 11.1645, 0.0961914, 0.4294038, -0.0070497, 11.1645, 0.5512695, 11.1645, -1.1186523, 11.1645, 0.1352539, 0.4294038, -0.0114137, 11.1645, 0.2705078, 11.1645, -1.2006836, 11.1645, -0.3076172, 0.4294038, -0.0018463, 11.1645, 0.2177734, 11.1645, -1.199707, 11.1645, 0.0678711, , , , , , , , , , , , , , , , , , , , , , 
0.4299231, 0.0097353, 11.178, -0.7080078, 11.178, -1.0839844, 11.178, 0.0947266, 0.4299231, -0.0095674, 11.178, 0.5917969, 11.178, -1.0849609, 11.178, 0.1674805, 0.4299231, -0.012253, 11.178, 0.2412109, 11.178, -1.2314453, 11.178, -0.3056641, 0.4299231, 0.002182, 11.178, 0.2763672, 11.178, -1.199707, 11.178, 0.0673828, , , , , , , , , , , , , , , , , , , , , , 
0.4304423, 0.0052033, 11.1915, -0.7333984, 11.1915, -1.0703125, 11.1915, 0.0205078, 0.4304423, -0.0095674, 11.1915, 0.6416016, 11.1915, -1.0893555, 11.1915, 0.1625977, 0.4304423, -0.012253, 11.1915, 0.2456055, 11.1915, -1.2675781, 11.1915, -0.3305664, 0.4304423, 0.0062104, 11.1915, 0.3652344, 11.1915, -1.2324219, 11.1915, 0.0478516, , , , , , , , , , , , , , , , , , , , , , 
0.4309615, 0.0046998, 11.205, -0.6845703, 11.205, -1.1386719, 11.205, 0.0639648, 0.4309615, -0.0085603, 11.205, 0.6328125, 11.205, -1.1650391, 11.205, 0.1342773, 0.4309615, -0.0109102, 11.205, 0.2265625, 11.205, -1.2578125, 11.205, -0.3398438, 0.4309615, 0.0099031, 11.205, 0.3823242, 11.205, -1.2792969, 11.205, 0.0224609, , , , , , , , , , , , , , , , , , , , , , 
0.4314808, 0.0105745, 11.2185, -0.5522461, 11.2185, -1.168457, 11.2185, 0.0917969, 0.4314808, -0.0105745, 11.2185, 0.6464844, 11.2185, -1.1791992, 11.2185, 0.0991211, 0.4314808, -0.0072175, 11.2185, 0.1801758, 11.2185, -1.2460938, 11.2185, -0.347168, 0.4314808, 0.0149386, 11.2185, 0.3354492, 11.2185, -1.2773438, 11.2185, 0.0024414, , , , , , , , , , , , , , , , , , , , , , 
0.432, 0.0179599, 11.232, -0.5180664, 11.232, -1.1171875, 11.232, 0.1054688, 0.432, -0.0115816, 11.232, 0.6479492, 11.232, -1.0776367, 11.232, 0.128418, 0.432, -0.0048676, 11.232, 0.1635742, 11.232, -1.2246094, 11.232, -0.3300781, 0.432, 0.0206455, 11.232, 0.3076172, 11.232, -1.2285156, 11.232, -0.012207, , , , , , , , , , , , , , , , , , , , , , 
0.4325192, 0.0206455, 11.2455, -0.6054688, 11.2455, -0.9716797, 11.2455, 0.1157227, 0.4325192, -0.0112459, 11.2455, 0.6362305, 11.2455, -0.9350586, 11.2455, 0.1088867, 0.4325192, -0.0041962, 11.2455, 0.1611328, 11.2455, -1.2260742, 11.2455, -0.2832031, 0.4325192, 0.0276951, 11.2455, 0.2773438, 11.2455, -1.1865234, 11.2455, 0.0078125, , , , , , , , , , , , , , , , , , , , , , 
0.4330385, 0.0193027, 11.259, -0.7910156, 11.259, -0.9072266, 11.259, 0.1069336, 0.4330385, -0.0112459, 11.259, 0.6035156, 11.259, -0.9038086, 11.259, 0.1269531, 0.4330385, -0.0031891, 11.259, 0.1816406, 11.259, -1.2470703, 11.259, -0.2475586, 0.4330385, 0.0320592, 11.259, 0.2573242, 11.259, -1.1791992, 11.259, 0.0292969, , , , , , , , , , , , , , , , , , , , , , 
0.4335577, 0.0139315, 11.2725, -0.8496094, 11.2725, -0.8955078, 11.2725, 0.0361328, 0.4335577, -0.0112459, 11.2725, 0.6337891, 11.2725, -0.9355469, 11.2725, 0.2358398, 0.4335577, -0.0016785, 11.2725, 0.2460938, 11.2725, -1.2397461, 11.2725, -0.2133789, 0.4335577, 0.0327306, 11.2725, 0.234375, 11.2725, -1.1791992, 11.2725, 0.0610352, , , , , , , , , , , , , , , , , , , , , , 
0.4340769, 0.0085603, 11.286, -0.7797852, 11.286, -0.9321289, 11.286, 0.0703125, 0.4340769, -0.0102388, 11.286, 0.6806641, 11.286, -0.9897461, 11.286, 0.2363281, 0.4340769, -0.0005035, 11.286, 0.3056641, 11.286, -1.2255859, 11.286, -0.2036133, 0.4340769, 0.0347448, 11.286, 0.230957, 11.286, -1.1948242, 11.286, 0.0483398, , , , , , , , , , , , , , , , , , , , , , 
0.4345962, 0.0052033, 11.2995, -0.621582, 11.2995, -0.9985352, 11.2995, 0.1230469, 0.4345962, -0.0099031, 11.2995, 0.5991211, 11.2995, -0.956543, 11.2995, 0.0615234, 0.4345962, 0.0008392, 11.2995, 0.434082, 11.2995, -1.1513672, 11.2995, -0.2133789, 0.4345962, 0.0382696, 11.2995, 0.2265625, 11.2995, -1.1972656, 11.2995, 0.03125, , , , , , , , , , , , , , , , , , , , , , 
0.4351154, 0.0025177, 11.313, -0.6928711, 11.313, -1.0043945, 11.313, 0.199707, 0.4351154, -0.0102388, 11.313, 0.6162109, 11.313, -0.9091797, 11.313, 0.2280273, 0.4351154, 0.0011749, 11.313, 0.3876953, 11.313, -1.1206055, 11.313, -0.2509766, 0.4351154, 0.0406195, 11.313, 0.2631836, 11.313, -1.1293945, 11.313, 0.0288086, , , , , , , , , , , , , , , , , , , , , , 
0.4356346, 0.0011749, 11.3265, -0.8183594, 11.3265, -0.7885742, 11.3265, 0.1879883, 0.4356346, -0.0109102, 11.3265, 0.7080078, 11.3265, -0.8701172, 11.3265, 0.1953125, 0.4356346, -0.0008392, 11.3265, 0.1821289, 11.3265, -1.1123047, 11.3265, -0.3774414, 0.4356346, 0.0387732, 11.3265, 0.3618164, 11.3265, -1.0639648, 11.3265, 0.0200195, , , , , , , , , , , , , , , , , , , , , , 
0.4361538, 0.0062104, 11.34, -0.7504883, 11.34, -0.6201172, 11.34, 0.1494141, 0.4361538, -0.0119173, 11.34, 0.7543945, 11.34, -0.7490234, 11.34, 0.0136719, 0.4361538, -0.0018463, 11.34, 0.0717773, 11.34, -1.1137695, 11.34, -0.3208008, 0.4361538, 0.0337377, 11.34, 0.3579102, 11.34, -1.0634766, 11.34, 0.0014648, , , , , , , , , , , , , , , , , , , , , , 
0.4366731, 0.011078, 11.3535, -0.5322266, 11.3535, -0.7788086, 11.3535, 0.1669922, 0.4366731, -0.0112459, 11.3535, 0.6030273, 11.3535, -0.7231445, 11.3535, -0.0556641, 0.4366731, -0.0016785, 11.3535, 0.152832, 11.3535, -1.1079102, 11.3535, -0.1977539, 0.4366731, 0.026688, 11.3535, 0.1845703, 11.3535, -1.0800781, 11.3535, 0.0126953, , , , , , , , , , , , , , , , , , , , , , 
0.4371923, 0.0139315, 11.367, -0.4443359, 11.367, -1.0644531, 11.367, 0.2460938, 0.4371923, -0.0099031, 11.367, 0.4233398, 11.367, -0.8530273, 11.367, 0.0493164, 0.4371923, -0.0015106, 11.367, 0.2050781, 11.367, -1.0366211, 11.367, -0.2939453, 0.4371923, 0.0213169, 11.367, 0.0595703, 11.367, -1.0517578, 11.367, 0.0371094, , , , , , , , , , , , , , , , , , , , , , 
0.4377115, 0.0193027, 11.3805, -0.6069336, 11.3805, -1.0283203, 11.3805, 0.2792969, 0.4377115, -0.0099031, 11.3805, 0.40625, 11.3805, -0.9389648, 11.3805, 0.0488281, 0.4377115, -0.0028534, 11.3805, 0.2236328, 11.3805, -0.953125, 11.3805, -0.3950195, 0.4377115, 0.0176242, 11.3805, 0.2006836, 11.3805, -1.0327148, 11.3805, 0.0849609, , , , , , , , , , , , , , , , , , , , , , 
0.4382308, 0.0270237, 11.394, -0.7250977, 11.394, -0.7993164, 11.394, 0.2089844, 0.4382308, -0.0082246, 11.394, 0.5961914, 11.394, -0.9985352, 11.394, 0.065918, 0.4382308, -0.0031891, 11.394, 0.2631836, 11.394, -1.0078125, 11.394, -0.3447266, 0.4382308, 0.0140993, 11.394, 0.4057617, 11.394, -1.0419922, 11.394, 0.1206055, , , , , , , , , , , , , , , , , , , , , , 
0.43875, 0.033402, 11.4075, -0.7294922, 11.4075, -0.7416992, 11.4075, 0.1938477, 0.43875, -0.005539, 11.4075, 0.7768555, 11.4075, -0.8935547, 11.4075, 0.0683594, 0.43875, -0.0041962, 11.4075, 0.2197266, 11.4075, -1.1274414, 11.4075, -0.3125, 0.43875, 0.0102388, 11.4075, 0.4287109, 11.4075, -1.0551758, 11.4075, 0.1254883, , , , , , , , , , , , , , , , , , , , , , 
0.4392692, 0.033402, 11.421, -0.7006836, 11.421, -0.8066406, 11.421, 0.2104492, 0.4392692, -0.0048676, 11.421, 0.6748047, 11.421, -0.8310547, 11.421, 0.0996094, 0.4392692, -0.0062104, 11.421, 0.1933594, 11.421, -1.1601562, 11.421, -0.3071289, 0.4392692, 0.0058747, 11.421, 0.3081055, 11.421, -1.1054688, 11.421, 0.097168, , , , , , , , , , , , , , , , , , , , , , 
0.4397885, 0.030045, 11.4345, -0.6625977, 11.4345, -0.9770508, 11.4345, 0.1303711, 0.4397885, -0.0050355, 11.4345, 0.5361328, 11.4345, -0.9750977, 11.4345, 0.0898438, 0.4397885, -0.0075532, 11.4345, 0.2353516, 11.4345, -1.1386719, 11.4345, -0.3364258, 0.4397885, 0.0036927, 11.4345, 0.1660156, 11.4345, -1.1738281, 11.4345, 0.0507812, , , , , , , , , , , , , , , , , , , , , , 
0.4403077, 0.0236667, 11.448, -0.6225586, 11.448, -1.0883789, 11.448, 0.1616211, 0.4403077, -0.0048676, 11.448, 0.5102539, 11.448, -1.1137695, 11.448, 0.09375, 0.4403077, -0.0082246, 11.448, 0.2744141, 11.448, -1.0644531, 11.448, -0.3979492, 0.4403077, 0.0031891, 11.448, 0.199707, 11.448, -1.1879883, 11.448, 0.0527344, , , , , , , , , , , , , , , , , , , , , , 
0.4408269, 0.0226596, 11.4615, -0.5869141, 11.4615, -1.0717773, 11.4615, 0.1845703, 0.4408269, -0.005539, 11.4615, 0.53125, 11.4615, -1.0893555, 11.4615, 0.0932617, 0.4408269, -0.0085603, 11.4615, 0.1704102, 11.4615, -1.0410156, 11.4615, -0.4350586, 0.4408269, 0.0048676, 11.4615, 0.3618164, 11.4615, -1.112793, 11.4615, 0.0561523, , , , , , , , , , , , , , , , , , , , , , 
0.4413462, 0.0256809, 11.475, -0.5771484, 11.475, -0.9892578, 11.475, 0.1552734, 0.4413462, -0.0065461, 11.475, 0.5878906, 11.475, -1.0400391, 11.475, 0.2016602, 0.4413462, -0.0082246, 11.475, 0.1489258, 11.475, -1.140625, 11.475, -0.3554688, 0.4413462, 0.0072175, 11.475, 0.4584961, 11.475, -1.0737305, 11.475, 0.0166016, , , , , , , , , , , , , , , , , , , , , , 
0.4418654, 0.026688, 11.4885, -0.7211914, 11.4885, -1.050293, 11.4885, 0.1225586, 0.4418654, -0.005539, 11.4885, 0.7236328, 11.4885, -1.1313477, 11.4885, 0.1777344, 0.4418654, -0.0073854, 11.4885, 0.2568359, 11.4885, -1.2578125, 11.4885, -0.4101562, 0.4418654, 0.0082246, 11.4885, 0.4150391, 11.4885, -1.1938477, 11.4885, -0.0175781, , , , , , , , , , , , , , , , , , , , , , 
0.4423846, 0.0253452, 11.502, -0.8237305, 11.502, -1.1796875, 11.502, 0.1264648, 0.4423846, -0.0045319, 11.502, 0.722168, 11.502, -1.1982422, 11.502, 0.168457, 0.4423846, -0.0075532, 11.502, 0.3125, 11.502, -1.2939453, 11.502, -0.4545898, 0.4423846, 0.0090639, 11.502, 0.3789062, 11.502, -1.3583984, 11.502, -0.050293, , , , , , , , , , , , , , , , , , , , , , 
0.4429038, 0.0179599, 11.5155, -0.7871094, 11.5155, -1.2265625, 11.5155, 0.1357422, 0.4429038, -0.0045319, 11.5155, 0.6523438, 11.5155, -1.2358398, 11.5155, 0.2001953, 0.4429038, -0.0095674, 11.5155, 0.2109375, 11.5155, -1.2460938, 11.5155, -0.4428711, 0.4429038, 0.008896, 11.5155, 0.4331055, 11.5155, -1.3920898, 11.5155, -0.0327148, , , , , , , , , , , , , , , , , , , , , , 
0.4434231, 0.0130922, 11.529, -0.7177734, 11.529, -1.1967773, 11.529, 0.1640625, 0.4434231, -0.005539, 11.529, 0.6269531, 11.529, -1.2290039, 11.529, 0.1850586, 0.4434231, -0.0102388, 11.529, 0.2094727, 11.529, -1.2407227, 11.529, -0.4863281, 0.4434231, 0.0075532, 11.529, 0.4702148, 11.529, -1.2856445, 11.529, 0.0229492, , , , , , , , , , , , , , , , , , , , , , 
0.4439423, 0.0132601, 11.5425, -0.7509766, 11.5425, -1.2050781, 11.5425, 0.2211914, 0.4439423, -0.0072175, 11.5425, 0.6582031, 11.5425, -1.2358398, 11.5425, 0.1518555, 0.4439423, -0.0102388, 11.5425, 0.2832031, 11.5425, -1.2944336, 11.5425, -0.5180664, 0.4439423, 0.0077211, 11.5425, 0.4677734, 11.5425, -1.2509766, 11.5425, 0.0610352, , , , , , , , , , , , , , , , , , , , , , 
0.4444615, 0.014435, 11.556, -0.8427734, 11.556, -1.2563477, 11.556, 0.2792969, 0.4444615, -0.0072175, 11.556, 0.7514648, 11.556, -1.2944336, 11.556, 0.1274414, 0.4444615, -0.0124208, 11.556, 0.3271484, 11.556, -1.3222656, 11.556, -0.4736328, 0.4444615, 0.0077211, 11.556, 0.4799805, 11.556, -1.2832031, 11.556, 0.0615234, , , , , , , , , , , , , , , , , , , , , , 
0.4449808, 0.0132601, 11.5695, -0.8417969, 11.5695, -1.253418, 11.5695, 0.2700195, 0.4449808, -0.0083925, 11.5695, 0.824707, 11.5695, -1.2773438, 11.5695, 0.1630859, 0.4449808, -0.0132601, 11.5695, 0.359375, 11.5695, -1.3579102, 11.5695, -0.4414062, 0.4449808, 0.0065461, 11.5695, 0.4858398, 11.5695, -1.3823242, 11.5695, 0.0722656, , , , , , , , , , , , , , , , , , , , , , 
0.4455, 0.0135958, 11.583, -0.875, 11.583, -1.1938477, 11.583, 0.2929688, 0.4455, -0.0085603, 11.583, 0.8442383, 11.583, -1.2338867, 11.583, 0.1552734, 0.4455, -0.0095674, 11.583, 0.3632812, 11.583, -1.3535156, 11.583, -0.4692383, 0.4455, 0.0028534, 11.583, 0.4370117, 11.583, -1.4682617, 11.583, 0.0756836, , , , , , , , , , , , , , , , , , , , , , 
0.4460192, 0.0159457, 11.5965, -0.8540039, 11.5965, -1.1191406, 11.5965, 0.328125, 0.4460192, -0.0082246, 11.5965, 0.8393555, 11.5965, -1.1762695, 11.5965, 0.097168, 0.4460192, -0.0082246, 11.5965, 0.328125, 11.5965, -1.3378906, 11.5965, -0.434082, 0.4460192, -0.0035248, 11.5965, 0.3706055, 11.5965, -1.4462891, 11.5965, 0.1137695, , , , , , , , , , , , , , , , , , , , , , 
0.4465385, 0.0191348, 11.61, -0.809082, 11.61, -1.121582, 11.61, 0.3583984, 0.4465385, -0.0068818, 11.61, 0.8032227, 11.61, -1.1376953, 11.61, 0.0771484, 0.4465385, -0.0124208, 11.61, 0.3193359, 11.61, -1.2919922, 11.61, -0.4199219, 0.4465385, -0.0073854, 11.61, 0.3139648, 11.61, -1.3491211, 11.61, 0.1435547, , , , , , , , , , , , , , , , , , , , , , 
0.4470577, 0.0152743, 11.6235, -0.7636719, 11.6235, -1.1401367, 11.6235, 0.2988281, 0.4470577, -0.0075532, 11.6235, 0.7768555, 11.6235, -1.1230469, 11.6235, 0.1103516, 0.4470577, -0.0149386, 11.6235, 0.3217773, 11.6235, -1.2739258, 11.6235, -0.4086914, 0.4470577, -0.0095674, 11.6235, 0.2827148, 11.6235, -1.2724609, 11.6235, 0.105957, , , , , , , , , , , , , , , , , , , , , , 
0.4475769, 0.0092317, 11.637, -0.7832031, 11.637, -1.0737305, 11.637, 0.2280273, 0.4475769, -0.0095674, 11.637, 0.7641602, 11.637, -1.1054688, 11.637, 0.2192383, 0.4475769, -0.0152743, 11.637, 0.2109375, 11.637, -1.2802734, 11.637, -0.3486328, 0.4475769, -0.008896, 11.637, 0.2910156, 11.637, -1.28125, 11.637, 0.0708008, , , , , , , , , , , , , , , , , , , , , , 
0.4480962, 0.0092317, 11.6505, -0.8920898, 11.6505, -0.9672852, 11.6505, 0.2617188, 0.4480962, -0.0095674, 11.6505, 0.8320312, 11.6505, -1.0698242, 11.6505, 0.2075195, 0.4480962, -0.0169528, 11.6505, 0.1655273, 11.6505, -1.3066406, 11.6505, -0.3481445, 0.4480962, -0.0068818, 11.6505, 0.2583008, 11.6505, -1.3198242, 11.6505, 0.0600586, , , , , , , , , , , , , , , , , , , , , , 
0.4486154, 0.012253, 11.664, -0.8867188, 11.664, -0.887207, 11.664, 0.3178711, 0.4486154, -0.0102388, 11.664, 0.8422852, 11.664, -0.9511719, 11.664, 0.105957, 0.4486154, -0.0151064, 11.664, 0.237793, 11.664, -1.2773438, 11.664, -0.3745117, 0.4486154, -0.0058747, 11.664, 0.2314453, 11.664, -1.2861328, 11.664, 0.0571289, , , , , , , , , , , , , , , , , , , , , , 
0.4491346, 0.0166171, 11.6775, -0.7729492, 11.6775, -0.9741211, 11.6775, 0.2783203, 0.4491346, -0.008896, 11.6775, 0.8115234, 11.6775, -0.9228516, 11.6775, 0.121582, 0.4491346, -0.012253, 11.6775, 0.2895508, 11.6775, -1.2363281, 11.6775, -0.4008789, 0.4491346, -0.005539, 11.6775, 0.3012695, 11.6775, -1.2236328, 11.6775, 0.0566406, , , , , , , , , , , , , , , , , , , , , , 
0.4496538, 0.018967, 11.691, -0.7060547, 11.691, -1.0517578, 11.691, 0.3198242, 0.4496538, -0.0075532, 11.691, 0.65625, 11.691, -1.0288086, 11.691, 0.1870117, 0.4496538, -0.0115816, 11.691, 0.3857422, 11.691, -1.171875, 11.691, -0.4072266, 0.4496538, -0.0028534, 11.691, 0.4106445, 11.691, -1.1928711, 11.691, 0.0019531, , , , , , , , , , , , , , , , , , , , , , 
0.4501731, 0.014435, 11.7045, -0.7646484, 11.7045, -0.9575195, 11.7045, 0.1601562, 0.4501731, -0.0075532, 11.7045, 0.7900391, 11.7045, -1.0146484, 11.7045, 0.2734375, 0.4501731, -0.0102388, 11.7045, 0.2949219, 11.7045, -1.1757812, 11.7045, -0.3378906, 0.4501731, 0.0030213, 11.7045, 0.4443359, 11.7045, -1.1948242, 11.7045, -0.0073242, , , , , , , , , , , , , , , , , , , , , , 
0.4506923, 0.0097353, 11.718, -0.8256836, 11.718, -0.8032227, 11.718, 0.15625, 0.4506923, -0.0099031, 11.718, 0.7661133, 11.718, -0.9165039, 11.718, 0.2397461, 0.4506923, -0.0068818, 11.718, 0.1557617, 11.718, -1.2036133, 11.718, -0.34375, 0.4506923, 0.0082246, 11.718, 0.362793, 11.718, -1.2158203, 11.718, 0.0771484, , , , , , , , , , , , , , , , , , , , , , 
0.4512115, 0.0078889, 11.7315, -0.8183594, 11.7315, -0.8496094, 11.7315, 0.1831055, 0.4512115, -0.0105745, 11.7315, 0.7397461, 11.7315, -0.8642578, 11.7315, 0.1450195, 0.4512115, -0.0058747, 11.7315, 0.215332, 11.7315, -1.1791992, 11.7315, -0.4541016, 0.4512115, 0.0124208, 11.7315, 0.25, 11.7315, -1.1704102, 11.7315, 0.0976562, , , , , , , , , , , , , , , , , , , , , , 
0.4517308, 0.0050355, 11.745, -0.7817383, 11.745, -0.9301758, 11.745, 0.2402344, 0.4517308, -0.0095674, 11.745, 0.6538086, 11.745, -0.8886719, 11.745, 0.1367188, 0.4517308, -0.0062104, 11.745, 0.3095703, 11.745, -1.0913086, 11.745, -0.4584961, 0.4517308, 0.0172885, 11.745, 0.3442383, 11.745, -1.0898438, 11.745, 0.015625, , , , , , , , , , , , , , , , , , , , , , 
0.45225, 0.0038605, 11.7585, -0.7636719, 11.7585, -0.9892578, 11.7585, 0.2446289, 0.45225, -0.0092317, 11.7585, 0.6567383, 11.7585, -0.9560547, 11.7585, 0.2299805, 0.45225, -0.0068818, 11.7585, 0.3164062, 11.7585, -1.0327148, 11.7585, -0.4848633, 0.45225, 0.0229953, 11.7585, 0.4897461, 11.7585, -1.0668945, 11.7585, 0.015625, , , , , , , , , , , , , , , , , , , , , , 
0.4527692, 0.0072175, 11.772, -0.690918, 11.772, -0.9238281, 11.772, 0.1381836, 0.4527692, -0.0102388, 11.772, 0.6904297, 11.772, -0.9692383, 11.772, 0.1787109, 0.4527692, -0.0065461, 11.772, 0.2514648, 11.772, -1.0551758, 11.772, -0.4833984, 0.4527692, 0.0276951, 11.772, 0.4819336, 11.772, -1.0947266, 11.772, 0.0385742, , , , , , , , , , , , , , , , , , , , , , 
0.4532885, 0.008896, 11.7855, -0.7504883, 11.7855, -0.9008789, 11.7855, 0.2050781, 0.4532885, -0.0102388, 11.7855, 0.7104492, 11.7855, -0.9462891, 11.7855, 0.1855469, 0.4532885, -0.0062104, 11.7855, 0.1845703, 11.7855, -1.0732422, 11.7855, -0.4707031, 0.4532885, 0.033402, 11.7855, 0.4111328, 11.7855, -1.1074219, 11.7855, 0.0751953, , , , , , , , , , , , , , , , , , , , , , 
0.4538077, 0.0036927, 11.799, -0.71875, 11.799, -0.8847656, 11.799, 0.2109375, 0.4538077, -0.0099031, 11.799, 0.6713867, 11.799, -0.875, 11.799, 0.1401367, 0.4538077, -0.0038605, 11.799, 0.2255859, 11.799, -1.0400391, 11.799, -0.449707, 0.4538077, 0.0374304, 11.799, 0.3652344, 11.799, -1.0581055, 11.799, 0.0922852, , , , , , , , , , , , , , , , , , , , , , 
0.4543269, -0.0031891, 11.8125, -0.6611328, 11.8125, -0.8662109, 11.8125, 0.1586914, 0.4543269, -0.0102388, 11.8125, 0.6303711, 11.8125, -0.855957, 11.8125, 0.1777344, 0.4543269, -0.0031891, 11.8125, 0.2675781, 11.8125, -1.0170898, 11.8125, -0.4448242, 0.4543269, 0.0391089, 11.8125, 0.3647461, 11.8125, -0.9902344, 11.8125, 0.0742188, , , , , , , , , , , , , , , , , , , , , , 
0.4548462, -0.0041962, 11.826, -0.7060547, 11.826, -0.8540039, 11.826, 0.1879883, 0.4548462, -0.0095674, 11.826, 0.6323242, 11.826, -0.8774414, 11.826, 0.1850586, 0.4548462, -0.0048676, 11.826, 0.2954102, 11.826, -0.9643555, 11.826, -0.4975586, 0.4548462, 0.0382696, 11.826, 0.4086914, 11.826, -0.9648438, 11.826, 0.0600586, , , , , , , , , , , , , , , , , , , , , , 
0.4553654, -0.002182, 11.8395, -0.7314453, 11.8395, -0.8623047, 11.8395, 0.1113281, 0.4553654, -0.008896, 11.8395, 0.6103516, 11.8395, -0.8793945, 11.8395, 0.2265625, 0.4553654, -0.0053712, 11.8395, 0.2758789, 11.8395, -0.9365234, 11.8395, -0.5185547, 0.4553654, 0.0365911, 11.8395, 0.4702148, 11.8395, -0.9790039, 11.8395, 0.0288086, , , , , , , , , , , , , , , , , , , , , , 
0.4558846, -0.0015106, 11.853, -0.7260742, 11.853, -0.8608398, 11.853, 0.1118164, 0.4558846, -0.0075532, 11.853, 0.6416016, 11.853, -0.8764648, 11.853, 0.2890625, 0.4558846, -0.005539, 11.853, 0.1987305, 11.853, -0.9326172, 11.853, -0.4897461, 0.4558846, 0.0350805, 11.853, 0.4970703, 11.853, -0.9990234, 11.853, 0.0200195, , , , , , , , , , , , , , , , , , , , , , 
0.4564038, 0.0025177, 11.8665, -0.746582, 11.8665, -0.7729492, 11.8665, 0.1679688, 0.4564038, -0.0075532, 11.8665, 0.6791992, 11.8665, -0.8540039, 11.8665, 0.2333984, 0.4564038, -0.0058747, 11.8665, 0.1459961, 11.8665, -0.956543, 11.8665, -0.4018555, 0.4564038, 0.0303807, 11.8665, 0.4697266, 11.8665, -1.0078125, 11.8665, 0.0551758, , , , , , , , , , , , , , , , , , , , , , 
0.4569231, 0.0075532, 11.88, -0.6337891, 11.88, -0.6845703, 11.88, 0.2006836, 0.4569231, -0.0070497, 11.88, 0.6767578, 11.88, -0.7338867, 11.88, 0.090332, 0.4569231, -0.005539, 11.88, 0.2416992, 11.88, -0.9389648, 11.88, -0.480957, 0.4569231, 0.0253452, 11.88, 0.3564453, 11.88, -0.909668, 11.88, 0.0664062, , , , , , , , , , , , , , , , , , , , , , 
0.4574423, 0.0139315, 11.8935, -0.5893555, 11.8935, -0.7285156, 11.8935, 0.2104492, 0.4574423, -0.0057069, 11.8935, 0.6137695, 11.8935, -0.6733398, 11.8935, 0.1899414, 0.4574423, -0.005539, 11.8935, 0.3417969, 11.8935, -0.8569336, 11.8935, -0.4663086, 0.4574423, 0.0213169, 11.8935, 0.3276367, 11.8935, -0.8051758, 11.8935, 0.0415039, , , , , , , , , , , , , , , , , , , , , , 
0.4579615, 0.0164492, 11.907, -0.6313477, 11.907, -0.7592773, 11.907, 0.1689453, 0.4579615, -0.0052033, 11.907, 0.6240234, 11.907, -0.7460938, 11.907, 0.1914062, 0.4579615, -0.0048676, 11.907, 0.3144531, 11.907, -0.7788086, 11.907, -0.4619141, 0.4579615, 0.0179599, 11.907, 0.40625, 11.907, -0.8100586, 11.907, 0.0517578, , , , , , , , , , , , , , , , , , , , , , 
0.4584808, 0.0172885, 11.9205, -0.7553711, 11.9205, -0.7529297, 11.9205, 0.0581055, 0.4584808, -0.005539, 11.9205, 0.6333008, 11.9205, -0.7597656, 11.9205, 0.3305664, 0.4584808, -0.0045319, 11.9205, 0.2294922, 11.9205, -0.8183594, 11.9205, -0.4726562, 0.4584808, 0.0167849, 11.9205, 0.4238281, 11.9205, -0.8867188, 11.9205, 0.0439453, , , , , , , , , , , , , , , , , , , , , , 
0.459, 0.0172885, 11.934, -0.8481445, 11.934, -0.7070312, 11.934, 0.0214844, 0.459, -0.005539, 11.934, 0.7119141, 11.934, -0.7099609, 11.934, 0.3349609, 0.459, -0.0035248, 11.934, 0.1489258, 11.934, -0.8764648, 11.934, -0.4492188, 0.459, 0.0169528, 11.934, 0.3642578, 11.934, -0.9663086, 11.934, 0.0737305, , , , , , , , , , , , , , , , , , , , , , 
0.4595192, 0.0172885, 11.9475, -0.8232422, 11.9475, -0.6518555, 11.9475, 0.0942383, 0.4595192, -0.0045319, 11.9475, 0.6669922, 11.9475, -0.6386719, 11.9475, 0.1269531, 0.4595192, -0.0035248, 11.9475, 0.0771484, 11.9475, -0.9643555, 11.9475, -0.409668, 0.4595192, 0.0149386, 11.9475, 0.3134766, 11.9475, -0.9082031, 11.9475, 0.0625, , , , , , , , , , , , , , , , , , , , , , 
0.4600385, 0.0159457, 11.961, -0.6171875, 11.961, -0.5976562, 11.961, 0.168457, 0.4600385, -0.0038605, 11.961, 0.5024414, 11.961, -0.5859375, 11.961, 0.2167969, 0.4600385, -0.0062104, 11.961, 0.1787109, 11.961, -0.9003906, 11.961, -0.3847656, 0.4600385, 0.0125887, 11.961, 0.3242188, 11.961, -0.7924805, 11.961, 0.0195312, , , , , , , , , , , , , , , , , , , , , , 
0.4605577, 0.0139315, 11.9745, -0.5170898, 11.9745, -0.5830078, 11.9745, 0.1953125, 0.4605577, -0.0036927, 11.9745, 0.5200195, 11.9745, -0.6005859, 11.9745, 0.2250977, 0.4605577, -0.0095674, 11.9745, 0.2998047, 11.9745, -0.7631836, 11.9745, -0.3916016, 0.4605577, 0.0104067, 11.9745, 0.3417969, 11.9745, -0.7602539, 11.9745, 0.0522461, , , , , , , , , , , , , , , , , , , , , , 
0.4610769, 0.012253, 11.988, -0.605957, 11.988, -0.5776367, 11.988, 0.1308594, 0.4610769, -0.0041962, 11.988, 0.675293, 11.988, -0.5800781, 11.988, 0.2583008, 0.4610769, -0.0109102, 11.988, 0.3364258, 11.988, -0.6806641, 11.988, -0.4443359, 0.4610769, 0.0078889, 11.988, 0.3417969, 11.988, -0.7880859, 11.988, 0.0634766, , , , , , , , , , , , , , , , , , , , , , 
0.4615962, 0.0105745, 12.0015, -0.8344727, 12.0015, -0.597168, 12.0015, 0.0854492, 0.4615962, -0.005539, 12.0015, 0.7480469, 12.0015, -0.5800781, 12.0015, 0.2753906, 0.4615962, -0.011078, 12.0015, 0.2739258, 12.0015, -0.7304688, 12.0015, -0.4287109, 0.4615962, 0.008896, 12.0015, 0.3549805, 12.0015, -0.815918, 12.0015, 0.0595703, , , , , , , , , , , , , , , , , , , , , , 
0.4621154, 0.0092317, 12.015, -0.8383789, 12.015, -0.5947266, 12.015, 0.1459961, 0.4621154, -0.0062104, 12.015, 0.7661133, 12.015, -0.590332, 12.015, 0.1816406, 0.4621154, -0.0102388, 12.015, 0.2094727, 12.015, -0.8388672, 12.015, -0.3168945, 0.4621154, 0.0115816, 12.015, 0.3696289, 12.015, -0.878418, 12.015, 0.0883789, , , , , , , , , , , , , , , , , , , , , , 
0.4626346, 0.010071, 12.0285, -0.6118164, 12.0285, -0.4824219, 12.0285, 0.2246094, 0.4626346, -0.0063783, 12.0285, 0.6582031, 12.0285, -0.5761719, 12.0285, 0.1435547, 0.4626346, -0.0090639, 12.0285, 0.2963867, 12.0285, -0.8803711, 12.0285, -0.3222656, 0.4626346, 0.0097353, 12.0285, 0.269043, 12.0285, -0.8671875, 12.0285, 0.1313477, , , , , , , , , , , , , , , , , , , , , , 
0.4631538, 0.0149386, 12.042, -0.4804688, 12.042, -0.4140625, 12.042, 0.2495117, 0.4631538, -0.0062104, 12.042, 0.5185547, 12.042, -0.4819336, 12.042, 0.1186523, 0.4631538, -0.0099031, 12.042, 0.3574219, 12.042, -0.8071289, 12.042, -0.347168, 0.4631538, 0.0072175, 12.042, 0.1391602, 12.042, -0.7705078, 12.042, 0.1254883, , , , , , , , , , , , , , , , , , , , , , 
0.4636731, 0.018967, 12.0555, -0.5864258, 12.0555, -0.4111328, 12.0555, 0.2016602, 0.4636731, -0.005539, 12.0555, 0.5810547, 12.0555, -0.4243164, 12.0555, 0.199707, 0.4636731, -0.0109102, 12.0555, 0.2670898, 12.0555, -0.7089844, 12.0555, -0.3730469, 0.4636731, 0.0070497, 12.0555, 0.1206055, 12.0555, -0.715332, 12.0555, 0.1616211, , , , , , , , , , , , , , , , , , , , , , 
0.4641923, 0.0179599, 12.069, -0.6738281, 12.069, -0.4418945, 12.069, 0.1748047, 0.4641923, -0.0041962, 12.069, 0.7368164, 12.069, -0.4238281, 12.069, 0.1621094, 0.4641923, -0.0099031, 12.069, 0.2133789, 12.069, -0.6865234, 12.069, -0.3886719, 0.4641923, 0.0083925, 12.069, 0.1630859, 12.069, -0.7373047, 12.069, 0.190918, , , , , , , , , , , , , , , , , , , , , , 
0.4647115, 0.0166171, 12.0825, -0.769043, 12.0825, -0.5415039, 12.0825, 0.1259766, 0.4647115, -0.0031891, 12.0825, 0.7182617, 12.0825, -0.4980469, 12.0825, 0.199707, 0.4647115, -0.0082246, 12.0825, 0.1821289, 12.0825, -0.699707, 12.0825, -0.4013672, 0.4647115, 0.0112459, 12.0825, 0.2050781, 12.0825, -0.7792969, 12.0825, 0.1655273, , , , , , , , , , , , , , , , , , , , , , 
0.4652308, 0.0166171, 12.096, -0.7397461, 12.096, -0.5463867, 12.096, 0.0947266, 0.4652308, -0.0045319, 12.096, 0.6123047, 12.096, -0.5219727, 12.096, 0.2675781, 0.4652308, -0.0078889, 12.096, 0.1875, 12.096, -0.7548828, 12.096, -0.3417969, 0.4652308, 0.0112459, 12.096, 0.2285156, 12.096, -0.8178711, 12.096, 0.140625, , , , , , , , , , , , , , , , , , , , , , 
0.46575, 0.0159457, 12.1095, -0.7338867, 12.1095, -0.3964844, 12.1095, 0.1386719, 0.46575, -0.0057069, 12.1095, 0.6010742, 12.1095, -0.4282227, 12.1095, 0.1835938, 0.46575, -0.008896, 12.1095, 0.1787109, 12.1095, -0.8217773, 12.1095, -0.3149414, 0.46575, 0.0058747, 12.1095, 0.2011719, 12.1095, -0.8198242, 12.1095, 0.137207, , , , , , , , , , , , , , , , , , , , , , 
0.4662692, 0.0129244, 12.123, -0.71875, 12.123, -0.3164062, 12.123, 0.2319336, 0.4662692, -0.0048676, 12.123, 0.6044922, 12.123, -0.3676758, 12.123, 0.1210938, 0.4662692, -0.0112459, 12.123, 0.2172852, 12.123, -0.8349609, 12.123, -0.3417969, 0.4662692, -0.0011749, 12.123, 0.1982422, 12.123, -0.7475586, 12.123, 0.0942383, , , , , , , , , , , , , , , , , , , , , , 
0.4667885, 0.018967, 12.1365, -0.6450195, 12.1365, -0.3613281, 12.1365, 0.2226562, 0.4667885, -0.0045319, 12.1365, 0.6748047, 12.1365, -0.3447266, 12.1365, 0.1948242, 0.4667885, -0.0115816, 12.1365, 0.3261719, 12.1365, -0.7529297, 12.1365, -0.324707, 0.4667885, -0.0062104, 12.1365, 0.2612305, 12.1365, -0.7026367, 12.1365, 0.1254883, , , , , , , , , , , , , , , , , , , , , , 
0.4673077, 0.0226596, 12.15, -0.5742188, 12.15, -0.4086914, 12.15, 0.2055664, 0.4673077, -0.0063783, 12.15, 0.7524414, 12.15, -0.4428711, 12.15, 0.1582031, 0.4673077, -0.0119173, 12.15, 0.4194336, 12.15, -0.6582031, 12.15, -0.3061523, 0.4673077, -0.0078889, 12.15, 0.2768555, 12.15, -0.7163086, 12.15, 0.1699219, , , , , , , , , , , , , , , , , , , , , , 
0.4678269, 0.0199741, 12.1635, -0.6401367, 12.1635, -0.3500977, 12.1635, 0.1904297, 0.4678269, -0.0102388, 12.1635, 0.6884766, 12.1635, -0.4179688, 12.1635, 0.2241211, 0.4678269, -0.012253, 12.1635, 0.4145508, 12.1635, -0.6323242, 12.1635, -0.3046875, 0.4678269, -0.0075532, 12.1635, 0.2124023, 12.1635, -0.7592773, 12.1635, 0.1928711, , , , , , , , , , , , , , , , , , , , , , 
0.4683462, 0.0171206, 12.177, -0.7685547, 12.177, -0.2182617, 12.177, 0.074707, 0.4683462, -0.0104067, 12.177, 0.6860352, 12.177, -0.2514648, 12.177, 0.3330078, 0.4683462, -0.0132601, 12.177, 0.2607422, 12.177, -0.7548828, 12.177, -0.3496094, 0.4683462, -0.0082246, 12.177, 0.0986328, 12.177, -0.800293, 12.177, 0.1606445, , , , , , , , , , , , , , , , , , , , , , 
0.4688654, 0.0184634, 12.1905, -0.878418, 12.1905, -0.2446289, 12.1905, 0.1420898, 0.4688654, -0.008896, 12.1905, 0.7744141, 12.1905, -0.2045898, 12.1905, 0.2075195, 0.4688654, -0.0135958, 12.1905, 0.175293, 12.1905, -0.8623047, 12.1905, -0.3359375, 0.4688654, -0.0062104, 12.1905, 0.1367188, 12.1905, -0.793457, 12.1905, 0.1083984, , , , , , , , , , , , , , , , , , , , , , 
0.4693846, 0.0186313, 12.204, -0.7993164, 12.204, -0.3725586, 12.204, 0.2143555, 0.4693846, -0.0085603, 12.204, 0.7890625, 12.204, -0.3066406, 12.204, 0.1386719, 0.4693846, -0.0115816, 12.204, 0.1547852, 12.204, -0.8676758, 12.204, -0.284668, 0.4693846, -0.002182, 12.204, 0.2705078, 12.204, -0.7416992, 12.204, 0.0727539, , , , , , , , , , , , , , , , , , , , , , 
0.4699038, 0.0161135, 12.2175, -0.6254883, 12.2175, -0.3017578, 12.2175, 0.2700195, 0.4699038, -0.0099031, 12.2175, 0.6323242, 12.2175, -0.3491211, 12.2175, 0.2216797, 0.4699038, -0.011078, 12.2175, 0.1933594, 12.2175, -0.796875, 12.2175, -0.2148438, 0.4699038, 0.002182, 12.2175, 0.2275391, 12.2175, -0.7138672, 12.2175, 0.1538086, , , , , , , , , , , , , , , , , , , , , , 
0.4704231, 0.012253, 12.231, -0.5068359, 12.231, -0.144043, 12.231, 0.3051758, 0.4704231, -0.0104067, 12.231, 0.6489258, 12.231, -0.2729492, 12.231, 0.090332, 0.4704231, -0.0099031, 12.231, 0.3452148, 12.231, -0.6855469, 12.231, -0.2416992, 0.4704231, 0.0085603, 12.231, 0.0507812, 12.231, -0.6728516, 12.231, 0.2070312, , , , , , , , , , , , , , , , , , , , , , 
0.4709423, 0.0085603, 12.2445, -0.5380859, 12.2445, -0.0986328, 12.2445, 0.3144531, 0.4709423, -0.0102388, 12.2445, 0.7119141, 12.2445, -0.2236328, 12.2445, 0.1137695, 0.4709423, -0.0085603, 12.2445, 0.4121094, 12.2445, -0.6376953, 12.2445, -0.2617188, 0.4709423, 0.0142672, 12.2445, -0.0390625, 12.2445, -0.6845703, 12.2445, 0.2109375, , , , , , , , , , , , , , , , , , , , , , 
0.4714615, 0.0058747, 12.258, -0.722168, 12.258, -0.1293945, 12.258, 0.2402344, 0.4714615, -0.0102388, 12.258, 0.8666992, 12.258, -0.1796875, 12.258, 0.1831055, 0.4714615, -0.0087282, 12.258, 0.3881836, 12.258, -0.6738281, 12.258, -0.2504883, 0.4714615, 0.0159457, 12.258, 0.012207, 12.258, -0.7880859, 12.258, 0.2563477, , , , , , , , , , , , , , , , , , , , , , 
0.4719808, 0.0038605, 12.2715, -0.8637695, 12.2715, -0.2412109, 12.2715, 0.2451172, 0.4719808, -0.0105745, 12.2715, 0.8369141, 12.2715, -0.2138672, 12.2715, 0.1254883, 0.4719808, -0.0095674, 12.2715, 0.3647461, 12.2715, -0.765625, 12.2715, -0.2197266, 0.4719808, 0.0198062, 12.2715, 0.0737305, 12.2715, -0.8457031, 12.2715, 0.2539062, , , , , , , , , , , , , , , , , , , , , , 
0.4725, 0.0016785, 12.285, -0.8310547, 12.285, -0.2719727, 12.285, 0.269043, 0.4725, -0.0090639, 12.285, 0.7680664, 12.285, -0.2978516, 12.285, 0.2324219, 0.4725, -0.0082246, 12.285, 0.3393555, 12.285, -0.8334961, 12.285, -0.2036133, 0.4725, 0.0250095, 12.285, 0.0380859, 12.285, -0.815918, 12.285, 0.2255859, , , , , , , , , , , , , , , , , , , , , , 
0.4730192, -0.0011749, 12.2985, -0.7275391, 12.2985, -0.1508789, 12.2985, 0.2504883, 0.4730192, -0.008896, 12.2985, 0.7841797, 12.2985, -0.2963867, 12.2985, 0.2290039, 0.4730192, -0.0041962, 12.2985, 0.2783203, 12.2985, -0.8447266, 12.2985, -0.203125, 0.4730192, 0.0307164, 12.2985, -0.0043945, 12.2985, -0.8027344, 12.2985, 0.2202148, , , , , , , , , , , , , , , , , , , , , , 
0.4735385, -0.0015106, 12.312, -0.6591797, 12.312, -0.0537109, 12.312, 0.300293, 0.4735385, -0.0095674, 12.312, 0.8012695, 12.312, -0.2075195, 12.312, 0.1533203, 0.4735385, -0.0011749, 12.312, 0.2597656, 12.312, -0.8056641, 12.312, -0.2084961, 0.4735385, 0.0340734, 12.312, -0.0664062, 12.312, -0.7719727, 12.312, 0.222168, , , , , , , , , , , , , , , , , , , , , , 
0.4740577, 0.0058747, 12.3255, -0.6049805, 12.3255, -0.1176758, 12.3255, 0.3286133, 0.4740577, -0.0112459, 12.3255, 0.796875, 12.3255, -0.0810547, 12.3255, -0.0683594, 0.4740577, -0.0018463, 12.3255, 0.2592773, 12.3255, -0.7675781, 12.3255, -0.2158203, 0.4740577, 0.0350805, 12.3255, -0.0751953, 12.3255, -0.7407227, 12.3255, 0.2119141, , , , , , , , , , , , , , , , , , , , , , 
0.4745769, 0.0109102, 12.339, -0.6376953, 12.339, -0.230957, 12.339, 0.3686523, 0.4745769, -0.012253, 12.339, 0.7436523, 12.339, -0.0410156, 12.339, 0.1235352, 0.4745769, -0.0035248, 12.339, 0.2724609, 12.339, -0.6914062, 12.339, -0.2036133, 0.4745769, 0.0357519, 12.339, -0.043457, 12.339, -0.7363281, 12.339, 0.2250977, , , , , , , , , , , , , , , , , , , , , , 
0.4750962, 0.0102388, 12.3525, -0.7998047, 12.3525, -0.1259766, 12.3525, 0.2900391, 0.4750962, -0.0119173, 12.3525, 0.8183594, 12.3525, -0.1469727, 12.3525, 0.1967773, 0.4750962, -0.0041962, 12.3525, 0.3398438, 12.3525, -0.6723633, 12.3525, -0.1298828, 0.4750962, 0.0357519, 12.3525, -0.0439453, 12.3525, -0.753418, 12.3525, 0.2231445, , , , , , , , , , , , , , , , , , , , , , 
0.4756154, 0.0099031, 12.366, -0.8100586, 12.366, 0.027832, 12.366, 0.2763672, 0.4756154, -0.0109102, 12.366, 0.8222656, 12.366, -0.1430664, 12.366, 0.1079102, 0.4756154, -0.0031891, 12.366, 0.3876953, 12.366, -0.7524414, 12.366, -0.1591797, 0.4756154, 0.0330663, 12.366, -0.0961914, 12.366, -0.8037109, 12.366, 0.2583008, , , , , , , , , , , , , , , , , , , , , , 
0.4761346, 0.0105745, 12.3795, -0.7084961, 12.3795, 0.0048828, 12.3795, 0.3203125, 0.4761346, -0.0105745, 12.3795, 0.8242188, 12.3795, -0.0869141, 12.3795, 0.1137695, 0.4761346, -0.0011749, 12.3795, 0.387207, 12.3795, -0.8261719, 12.3795, -0.1523438, 0.4761346, 0.0285344, 12.3795, -0.0981445, 12.3795, -0.8061523, 12.3795, 0.2402344, , , , , , , , , , , , , , , , , , , , , , 
0.4766538, 0.0102388, 12.393, -0.6357422, 12.393, -0.0620117, 12.393, 0.3603516, 0.4766538, -0.0095674, 12.393, 0.7939453, 12.393, -0.0063477, 12.393, 0.0576172, 0.4766538, -0.0005035, 12.393, 0.3598633, 12.393, -0.8251953, 12.393, -0.0839844, 0.4766538, 0.023331, 12.393, -0.0620117, 12.393, -0.7866211, 12.393, 0.2246094, , , , , , , , , , , , , , , , , , , , , , 
0.4771731, 0.0099031, 12.4065, -0.6655273, 12.4065, -0.0629883, 12.4065, 0.3691406, 0.4771731, -0.008896, 12.4065, 0.7324219, 12.4065, 0.0634766, 12.4065, 0.0615234, 0.4771731, -0.0028534, 12.4065, 0.3886719, 12.4065, -0.7958984, 12.4065, -0.1079102, 0.4771731, 0.0196384, 12.4065, -0.078125, 12.4065, -0.7875977, 12.4065, 0.2275391, , , , , , , , , , , , , , , , , , , , , , 
0.4776923, 0.0109102, 12.42, -0.7724609, 12.42, -0.012207, 12.42, 0.34375, 0.4776923, -0.008896, 12.42, 0.8012695, 12.42, 0.0405273, 12.42, 0.140625, 0.4776923, -0.005539, 12.42, 0.3974609, 12.42, -0.7817383, 12.42, -0.1137695, 0.4776923, 0.0193027, 12.42, -0.1083984, 12.42, -0.8046875, 12.42, 0.2036133, , , , , , , , , , , , , , , , , , , , , , 
0.4782115, 0.0135958, 12.4335, -0.7861328, 12.4335, 0.0522461, 12.4335, 0.3066406, 0.4782115, -0.008896, 12.4335, 0.847168, 12.4335, 0.0234375, 12.4335, 0.1518555, 0.4782115, -0.0078889, 12.4335, 0.4033203, 12.4335, -0.800293, 12.4335, -0.1074219, 0.4782115, 0.0186313, 12.4335, -0.1303711, 12.4335, -0.828125, 12.4335, 0.1923828, , , , , , , , , , , , , , , , , , , , , , 
0.4787308, 0.0159457, 12.447, -0.737793, 12.447, 0.0629883, 12.447, 0.3056641, 0.4787308, -0.0070497, 12.447, 0.9130859, 12.447, 0.0532227, 12.447, 0.1279297, 0.4787308, -0.0083925, 12.447, 0.3325195, 12.447, -0.824707, 12.447, -0.1069336, 0.4787308, 0.0166171, 12.447, -0.1586914, 12.447, -0.8330078, 12.447, 0.2055664, , , , , , , , , , , , , , , , , , , , , , 
0.47925, 0.0171206, 12.4605, -0.668457, 12.4605, 0.0463867, 12.4605, 0.3422852, 0.47925, -0.0063783, 12.4605, 0.8369141, 12.4605, 0.1162109, 12.4605, 0.1455078, 0.47925, -0.0092317, 12.4605, 0.3066406, 12.4605, -0.8354492, 12.4605, -0.0888672, 0.47925, 0.0166171, 12.4605, -0.1738281, 12.4605, -0.8251953, 12.4605, 0.2006836, , , , , , , , , , , , , , , , , , , , , , 
0.4797692, 0.0146029, 12.474, -0.7050781, 12.474, 0.0566406, 12.474, 0.3232422, 0.4797692, -0.0083925, 12.474, 0.824707, 12.474, 0.1083984, 12.474, 0.1342773, 0.4797692, -0.0102388, 12.474, 0.2680664, 12.474, -0.8442383, 12.474, -0.0737305, 0.4797692, 0.0162814, 12.474, -0.1972656, 12.474, -0.7978516, 12.474, 0.199707, , , , , , , , , , , , , , , , , , , , , , 
0.4802885, 0.0152743, 12.4875, -0.7734375, 12.4875, 0.0908203, 12.4875, 0.3276367, 0.4802885, -0.0092317, 12.4875, 0.8144531, 12.4875, 0.0976562, 12.4875, 0.1206055, 0.4802885, -0.0102388, 12.4875, 0.3071289, 12.4875, -0.8417969, 12.4875, -0.0751953, 0.4802885, 0.0146029, 12.4875, -0.2241211, 12.4875, -0.8012695, 12.4875, 0.2231445, , , , , , , , , , , , , , , , , , , , , , 
0.4808077, 0.0146029, 12.501, -0.7973633, 12.501, 0.1000977, 12.501, 0.3320312, 0.4808077, -0.0085603, 12.501, 0.8442383, 12.501, 0.0761719, 12.501, 0.1811523, 0.4808077, -0.0095674, 12.501, 0.3911133, 12.501, -0.8232422, 12.501, -0.0615234, 0.4808077, 0.0115816, 12.501, -0.2387695, 12.501, -0.824707, 12.501, 0.2294922, , , , , , , , , , , , , , , , , , , , , , 
0.4813269, 0.0139315, 12.5145, -0.7539062, 12.5145, 0.0839844, 12.5145, 0.2827148, 0.4813269, -0.0070497, 12.5145, 0.8535156, 12.5145, 0.0776367, 12.5145, 0.1601562, 0.4813269, -0.0095674, 12.5145, 0.3769531, 12.5145, -0.8276367, 12.5145, -0.0605469, 0.4813269, 0.0102388, 12.5145, -0.2490234, 12.5145, -0.8408203, 12.5145, 0.2504883, , , , , , , , , , , , , , , , , , , , , , 
0.4818462, 0.0159457, 12.528, -0.715332, 12.528, 0.1044922, 12.528, 0.3056641, 0.4818462, -0.0052033, 12.528, 0.8056641, 12.528, 0.1025391, 12.528, 0.1445312, 0.4818462, -0.008896, 12.528, 0.3510742, 12.528, -0.828125, 12.528, -0.0810547, 0.4818462, 0.0095674, 12.528, -0.2563477, 12.528, -0.8291016, 12.528, 0.2700195, , , , , , , , , , , , , , , , , , , , , , 
0.4823654, 0.0218204, 12.5415, -0.7402344, 12.5415, 0.1464844, 12.5415, 0.3911133, 0.4823654, -0.0045319, 12.5415, 0.8076172, 12.5415, 0.128418, 12.5415, 0.1586914, 0.4823654, -0.0072175, 12.5415, 0.3588867, 12.5415, -0.8344727, 12.5415, -0.0620117, 0.4823654, 0.0099031, 12.5415, -0.2543945, 12.5415, -0.8334961, 12.5415, 0.2602539, , , , , , , , , , , , , , , , , , , , , , 
0.4828846, 0.0223239, 12.555, -0.7597656, 12.555, 0.1411133, 12.555, 0.3637695, 0.4828846, -0.0041962, 12.555, 0.9248047, 12.555, 0.125, 12.555, 0.1323242, 0.4828846, -0.0050355, 12.555, 0.4160156, 12.555, -0.847168, 12.555, -0.0224609, 0.4828846, 0.011078, 12.555, -0.269043, 12.555, -0.8491211, 12.555, 0.2397461, , , , , , , , , , , , , , , , , , , , , , 
0.4834038, 0.0182956, 12.5685, -0.7299805, 12.5685, 0.1323242, 12.5685, 0.3242188, 0.4834038, -0.0028534, 12.5685, 0.8701172, 12.5685, 0.1508789, 12.5685, 0.1079102, 0.4834038, -0.0057069, 12.5685, 0.3964844, 12.5685, -0.8583984, 12.5685, -0.0009766, 0.4834038, 0.0095674, 12.5685, -0.3056641, 12.5685, -0.8398438, 12.5685, 0.2290039, , , , , , , , , , , , , , , , , , , , , , 
0.4839231, 0.0199741, 12.582, -0.6884766, 12.582, 0.1357422, 12.582, 0.2861328, 0.4839231, -0.0023499, 12.582, 0.7646484, 12.582, 0.1962891, 12.582, 0.206543, 0.4839231, -0.0075532, 12.582, 0.3608398, 12.582, -0.8549805, 12.582, -0.0117188, 0.4839231, 0.0083925, 12.582, -0.3198242, 12.582, -0.8154297, 12.582, 0.2182617, , , , , , , , , , , , , , , , , , , , , , 
0.4844423, 0.0253452, 12.5955, -0.7143555, 12.5955, 0.1806641, 12.5955, 0.2973633, 0.4844423, -0.002182, 12.5955, 0.765625, 12.5955, 0.2260742, 12.5955, 0.1616211, 0.4844423, -0.0075532, 12.5955, 0.2963867, 12.5955, -0.8325195, 12.5955, -0.0263672, 0.4844423, 0.0087282, 12.5955, -0.2958984, 12.5955, -0.7993164, 12.5955, 0.1875, , , , , , , , , , , , , , , , , , , , , , 
0.4849615, 0.0273594, 12.609, -0.722168, 12.609, 0.2368164, 12.609, 0.2900391, 0.4849615, -0.002182, 12.609, 0.8022461, 12.609, 0.253418, 12.609, 0.1621094, 0.4849615, -0.0068818, 12.609, 0.2768555, 12.609, -0.8183594, 12.609, -0.0175781, 0.4849615, 0.0075532, 12.609, -0.2880859, 12.609, -0.8032227, 12.609, 0.1889648, , , , , , , , , , , , , , , , , , , , , , 
0.4854808, 0.0260166, 12.6225, -0.6962891, 12.6225, 0.2148438, 12.6225, 0.3408203, 0.4854808, -0.0035248, 12.6225, 0.8486328, 12.6225, 0.2382812, 12.6225, 0.1767578, 0.4854808, -0.0062104, 12.6225, 0.300293, 12.6225, -0.8334961, 12.6225, -0.0053711, 0.4854808, 0.0048676, 12.6225, -0.2939453, 12.6225, -0.8188477, 12.6225, 0.1953125, , , , , , , , , , , , , , , , , , , , , , 
0.486, 0.023331, 12.636, -0.6538086, 12.636, 0.2084961, 12.636, 0.3491211, 0.486, -0.0062104, 12.636, 0.8369141, 12.636, 0.234375, 12.636, 0.1547852, 0.486, -0.0062104, 12.636, 0.3808594, 12.636, -0.8486328, 12.636, 0.0249023, 0.486, -0.0008392, 12.636, -0.3188477, 12.636, -0.8344727, 12.636, 0.1933594, , , , , , , , , , , , , , , , , , , , , , 
0.4865192, 0.0198062, 12.6495, -0.659668, 12.6495, 0.2172852, 12.6495, 0.3515625, 0.4865192, -0.0082246, 12.6495, 0.8491211, 12.6495, 0.2543945, 12.6495, 0.1259766, 0.4865192, -0.0078889, 12.6495, 0.3808594, 12.6495, -0.8642578, 12.6495, 0.0234375, 0.4865192, -0.0068818, 12.6495, -0.3330078, 12.6495, -0.84375, 12.6495, 0.2016602, , , , , , , , , , , , , , , , , , , , , , 
0.4870385, 0.0206455, 12.663, -0.6933594, 12.663, 0.2387695, 12.663, 0.3623047, 0.4870385, -0.0077211, 12.663, 0.7973633, 12.663, 0.2685547, 12.663, 0.1289062, 0.4870385, -0.0072175, 12.663, 0.3876953, 12.663, -0.8481445, 12.663, 0.0458984, 0.4870385, -0.010071, 12.663, -0.3208008, 12.663, -0.8344727, 12.663, 0.2192383, , , , , , , , , , , , , , , , , , , , , , 
0.4875577, 0.0219883, 12.6765, -0.7211914, 12.6765, 0.2695312, 12.6765, 0.3891602, 0.4875577, -0.0082246, 12.6765, 0.8266602, 12.6765, 0.2807617, 12.6765, 0.0942383, 0.4875577, -0.0082246, 12.6765, 0.4130859, 12.6765, -0.8457031, 12.6765, 0.0556641, 0.4875577, -0.0135958, 12.6765, -0.3359375, 12.6765, -0.8227539, 12.6765, 0.2436523, , , , , , , , , , , , , , , , , , , , , , 
0.4880769, 0.0216526, 12.69, -0.6870117, 12.69, 0.2822266, 12.69, 0.4257812, 0.4880769, -0.0092317, 12.69, 0.8564453, 12.69, 0.2792969, 12.69, 0.0864258, 0.4880769, -0.0085603, 12.69, 0.4384766, 12.69, -0.8662109, 12.69, 0.0791016, 0.4880769, -0.0142672, 12.69, -0.3911133, 12.69, -0.8232422, 12.69, 0.2563477, , , , , , , , , , , , , , , , , , , , , , 
0.4885962, 0.0206455, 12.7035, -0.6464844, 12.7035, 0.2905273, 12.7035, 0.4130859, 0.4885962, -0.0095674, 12.7035, 0.8496094, 12.7035, 0.3032227, 12.7035, 0.0698242, 0.4885962, -0.0070497, 12.7035, 0.4404297, 12.7035, -0.8637695, 12.7035, 0.1166992, 0.4885962, -0.0115816, 12.7035, -0.4365234, 12.7035, -0.8144531, 12.7035, 0.2456055, , , , , , , , , , , , , , , , , , , , , , 
0.4891154, 0.0213169, 12.717, -0.6601562, 12.717, 0.3061523, 12.717, 0.4223633, 0.4891154, -0.008896, 12.717, 0.8286133, 12.717, 0.3095703, 12.717, 0.0717773, 0.4891154, -0.0070497, 12.717, 0.4165039, 12.717, -0.8520508, 12.717, 0.1162109, 0.4891154, -0.0085603, 12.717, -0.4682617, 12.717, -0.8027344, 12.717, 0.2568359, , , , , , , , , , , , , , , , , , , , , , 
0.4896346, 0.0176242, 12.7305, -0.6923828, 12.7305, 0.328125, 12.7305, 0.4389648, 0.4896346, -0.0082246, 12.7305, 0.8071289, 12.7305, 0.315918, 12.7305, 0.0981445, 0.4896346, -0.0075532, 12.7305, 0.3808594, 12.7305, -0.8164062, 12.7305, 0.1191406, 0.4896346, -0.0072175, 12.7305, -0.4907227, 12.7305, -0.7954102, 12.7305, 0.2583008, , , , , , , , , , , , , , , , , , , , , , 
0.4901538, 0.0117494, 12.744, -0.7050781, 12.744, 0.3383789, 12.744, 0.4384766, 0.4901538, -0.0082246, 12.744, 0.8408203, 12.744, 0.3432617, 12.744, 0.097168, 0.4901538, -0.008896, 12.744, 0.3833008, 12.744, -0.8173828, 12.744, 0.125, 0.4901538, -0.0028534, 12.744, -0.5053711, 12.744, -0.7875977, 12.744, 0.2490234, , , , , , , , , , , , , , , , , , , , , , 
0.4906731, 0.0102388, 12.7575, -0.6865234, 12.7575, 0.3481445, 12.7575, 0.4287109, 0.4906731, -0.0072175, 12.7575, 0.8520508, 12.7575, 0.3725586, 12.7575, 0.0712891, 0.4906731, -0.0080568, 12.7575, 0.3798828, 12.7575, -0.8623047, 12.7575, 0.1352539, 0.4906731, 0.0052033, 12.7575, -0.5083008, 12.7575, -0.7939453, 12.7575, 0.2421875, , , , , , , , , , , , , , , , , , , , , , 
0.4911923, 0.0117494, 12.771, -0.652832, 12.771, 0.3496094, 12.771, 0.4541016, 0.4911923, -0.0058747, 12.771, 0.840332, 12.771, 0.3964844, 12.771, 0.0732422, 0.4911923, -0.0082246, 12.771, 0.3793945, 12.771, -0.9086914, 12.771, 0.1542969, 0.4911923, 0.0095674, 12.771, -0.4985352, 12.771, -0.8325195, 12.771, 0.2182617, , , , , , , , , , , , , , , , , , , , , , 
0.4917115, 0.0130922, 12.7845, -0.6503906, 12.7845, 0.3720703, 12.7845, 0.4731445, 0.4917115, -0.0070497, 12.7845, 0.8789062, 12.7845, 0.4150391, 12.7845, 0.0498047, 0.4917115, -0.0082246, 12.7845, 0.3969727, 12.7845, -0.8969727, 12.7845, 0.1801758, 0.4917115, 0.0117494, 12.7845, -0.4897461, 12.7845, -0.840332, 12.7845, 0.2075195, , , , , , , , , , , , , , , , , , , , , , 
0.4922308, 0.0119173, 12.798, -0.6450195, 12.798, 0.3979492, 12.798, 0.4614258, 0.4922308, -0.0073854, 12.798, 0.8686523, 12.798, 0.4482422, 12.798, 0.0419922, 0.4922308, -0.0070497, 12.798, 0.3979492, 12.798, -0.8813477, 12.798, 0.2055664, 0.4922308, 0.0159457, 12.798, -0.5058594, 12.798, -0.8222656, 12.798, 0.2021484, , , , , , , , , , , , , , , , , , , , , , 
0.49275, 0.008896, 12.8115, -0.637207, 12.8115, 0.4116211, 12.8115, 0.4663086, 0.49275, -0.0057069, 12.8115, 0.815918, 12.8115, 0.4790039, 12.8115, 0.0454102, 0.49275, -0.005539, 12.8115, 0.3710938, 12.8115, -0.8818359, 12.8115, 0.1987305, 0.49275, 0.0209812, 12.8115, -0.5288086, 12.8115, -0.8017578, 12.8115, 0.1962891, , , , , , , , , , , , , , , , , , , , , , 
0.4932692, 0.0077211, 12.825, -0.6347656, 12.825, 0.4121094, 12.825, 0.4814453, 0.4932692, -0.005539, 12.825, 0.8339844, 12.825, 0.4736328, 12.825, 0.0878906, 0.4932692, -0.0028534, 12.825, 0.378418, 12.825, -0.8774414, 12.825, 0.199707, 0.4932692, 0.0258488, 12.825, -0.5258789, 12.825, -0.8007812, 12.825, 0.1879883, , , , , , , , , , , , , , , , , , , , , , 
0.4937885, 0.0099031, 12.8385, -0.6630859, 12.8385, 0.4233398, 12.8385, 0.4575195, 0.4937885, -0.0058747, 12.8385, 0.8930664, 12.8385, 0.4619141, 12.8385, 0.0112305, 0.4937885, -0.0035248, 12.8385, 0.3984375, 12.8385, -0.8886719, 12.8385, 0.215332, 0.4937885, 0.0307164, 12.8385, -0.5327148, 12.8385, -0.8095703, 12.8385, 0.1845703, , , , , , , , , , , , , , , , , , , , , , 
0.4943077, 0.0095674, 12.852, -0.6572266, 12.852, 0.4091797, 12.852, 0.4477539, 0.4943077, -0.0068818, 12.852, 0.8710938, 12.852, 0.4628906, 12.852, 0.0263672, 0.4943077, -0.005539, 12.852, 0.3955078, 12.852, -0.9013672, 12.852, 0.2124023, 0.4943077, 0.0347448, 12.852, -0.5478516, 12.852, -0.8173828, 12.852, 0.1889648, , , , , , , , , , , , , , , , , , , , , , 
0.4948269, 0.0065461, 12.8655, -0.6494141, 12.8655, 0.3916016, 12.8655, 0.4638672, 0.4948269, -0.0077211, 12.8655, 0.8046875, 12.8655, 0.4677734, 12.8655, 0.0722656, 0.4948269, -0.0065461, 12.8655, 0.3896484, 12.8655, -0.9013672, 12.8655, 0.215332, 0.4948269, 0.0392767, 12.8655, -0.5322266, 12.8655, -0.8115234, 12.8655, 0.1938477, , , , , , , , , , , , , , , , , , , , , , 
0.4953462, 0.0036927, 12.879, -0.6411133, 12.879, 0.40625, 12.879, 0.4614258, 0.4953462, -0.0068818, 12.879, 0.8037109, 12.879, 0.4726562, 12.879, 0.043457, 0.4953462, -0.0062104, 12.879, 0.3549805, 12.879, -0.8642578, 12.879, 0.1958008, 0.4953462, 0.0414588, 12.879, -0.5205078, 12.879, -0.8007812, 12.879, 0.2021484, , , , , , , , , , , , , , , , , , , , , , 
0.4958654, 0.0041962, 12.8925, -0.6269531, 12.8925, 0.4042969, 12.8925, 0.4633789, 0.4958654, -0.0058747, 12.8925, 0.8369141, 12.8925, 0.4599609, 12.8925, 0.0576172, 0.4958654, -0.0046998, 12.8925, 0.3676758, 12.8925, -0.8540039, 12.8925, 0.1933594, 0.4958654, 0.0384375, 12.8925, -0.534668, 12.8925, -0.8037109, 12.8925, 0.184082, , , , , , , , , , , , , , , , , , , , , , 
0.4963846, 0.0045319, 12.906, -0.6318359, 12.906, 0.4003906, 12.906, 0.4648438, 0.4963846, -0.0062104, 12.906, 0.862793, 12.906, 0.4511719, 12.906, 0.034668, 0.4963846, -0.0057069, 12.906, 0.3945312, 12.906, -0.8837891, 12.906, 0.2075195, 0.4963846, 0.030045, 12.906, -0.5400391, 12.906, -0.8056641, 12.906, 0.1796875, , , , , , , , , , , , , , , , , , , , , , 
0.4969038, 0.0065461, 12.9195, -0.6323242, 12.9195, 0.3964844, 12.9195, 0.4672852, 0.4969038, -0.0070497, 12.9195, 0.8398438, 12.9195, 0.4560547, 12.9195, 0.0341797, 0.4969038, -0.0083925, 12.9195, 0.3852539, 12.9195, -0.8955078, 12.9195, 0.2099609, 0.4969038, 0.0236667, 12.9195, -0.5385742, 12.9195, -0.8110352, 12.9195, 0.206543, , , , , , , , , , , , , , , , , , , , , , 
0.4974231, 0.008896, 12.933, -0.6152344, 12.933, 0.3989258, 12.933, 0.4785156, 0.4974231, -0.0082246, 12.933, 0.8100586, 12.933, 0.4516602, 12.933, 0.0449219, 0.4974231, -0.0095674, 12.933, 0.3901367, 12.933, -0.8774414, 12.933, 0.2060547, 0.4974231, 0.0199741, 12.933, -0.534668, 12.933, -0.8129883, 12.933, 0.2075195, , , , , , , , , , , , , , , , , , , , , , 
0.4979423, 0.0105745, 12.9465, -0.640625, 12.9465, 0.4018555, 12.9465, 0.453125, 0.4979423, -0.0085603, 12.9465, 0.8354492, 12.9465, 0.4511719, 12.9465, 0.0571289, 0.4979423, -0.0087282, 12.9465, 0.4057617, 12.9465, -0.8696289, 12.9465, 0.2177734, 0.4979423, 0.0179599, 12.9465, -0.5395508, 12.9465, -0.8085938, 12.9465, 0.1860352, , , , , , , , , , , , , , , , , , , , , , 
0.4984615, 0.012253, 12.96, -0.6777344, 12.96, 0.4042969, 12.96, 0.4208984, 0.4984615, -0.0078889, 12.96, 0.8632812, 12.96, 0.4418945, 12.96, 0.0683594, 0.4984615, -0.0085603, 12.96, 0.378418, 12.96, -0.8813477, 12.96, 0.2319336, 0.4984615, 0.0172885, 12.96, -0.5395508, 12.96, -0.7998047, 12.96, 0.1977539, , , , , , , , , , , , , , , , , , , , , , 
0.4989808, 0.0127565, 12.9735, -0.6508789, 12.9735, 0.3999023, 12.9735, 0.4443359, 0.4989808, -0.0082246, 12.9735, 0.7973633, 12.9735, 0.4526367, 12.9735, 0.0561523, 0.4989808, -0.0095674, 12.9735, 0.3613281, 12.9735, -0.8789062, 12.9735, 0.2255859, 0.4989808, 0.0169528, 12.9735, -0.5581055, 12.9735, -0.7861328, 12.9735, 0.2021484, , , , , , , , , , , , , , , , , , , , , , 
0.4995, 0.012253, 12.987, -0.6010742, 12.987, 0.3950195, 12.987, 0.4770508, 0.4995, -0.0082246, 12.987, 0.7783203, 12.987, 0.4584961, 12.987, 0.0581055, 0.4995, -0.0102388, 12.987, 0.3691406, 12.987, -0.8496094, 12.987, 0.2050781, 0.4995, 0.0159457, 12.987, -0.5556641, 12.987, -0.7807617, 12.987, 0.190918, , , , , , , , , , , , , , , , , , , , , , 
0.5000192, 0.0129244, 13.0005, -0.6308594, 13.0005, 0.3979492, 13.0005, 0.4584961, 0.5000192, -0.0075532, 13.0005, 0.8505859, 13.0005, 0.4521484, 13.0005, 0.0678711, 0.5000192, -0.0102388, 13.0005, 0.3969727, 13.0005, -0.8359375, 13.0005, 0.2167969, 0.5000192, 0.0146029, 13.0005, -0.5341797, 13.0005, -0.7861328, 13.0005, 0.1850586, , , , , , , , , , , , , , , , , , , , , , 
0.5005385, 0.01561, 13.014, -0.6655273, 13.014, 0.4121094, 13.014, 0.4379883, 0.5005385, -0.005539, 13.014, 0.8959961, 13.014, 0.4414062, 13.014, 0.0595703, 0.5005385, -0.0095674, 13.014, 0.3911133, 13.014, -0.8642578, 13.014, 0.2421875, 0.5005385, 0.0146029, 13.014, -0.550293, 13.014, -0.7910156, 13.014, 0.1948242, , , , , , , , , , , , , , , , , , , , , , 
0.5010577, 0.0139315, 13.0275, -0.6499023, 13.0275, 0.4106445, 13.0275, 0.4594727, 0.5010577, -0.0048676, 13.0275, 0.8120117, 13.0275, 0.4604492, 13.0275, 0.0703125, 0.5010577, -0.0075532, 13.0275, 0.3774414, 13.0275, -0.8916016, 13.0275, 0.2329102, 0.5010577, 0.0132601, 13.0275, -0.5717773, 13.0275, -0.784668, 13.0275, 0.2021484, , , , , , , , , , , , , , , , , , , , , , 
0.5015769, 0.012253, 13.041, -0.6396484, 13.041, 0.4101562, 13.041, 0.4731445, 0.5015769, -0.0068818, 13.041, 0.8125, 13.041, 0.4575195, 13.041, 0.0595703, 0.5015769, -0.0062104, 13.041, 0.371582, 13.041, -0.8730469, 13.041, 0.2167969, 0.5015769, 0.008896, 13.041, -0.5561523, 13.041, -0.7861328, 13.041, 0.2021484, , , , , , , , , , , , , , , , , , , , , , 
0.5020962, 0.0132601, 13.0545, -0.6328125, 13.0545, 0.4008789, 13.0545, 0.4824219, 0.5020962, -0.0082246, 13.0545, 0.8603516, 13.0545, 0.4433594, 13.0545, 0.0478516, 0.5020962, -0.0065461, 13.0545, 0.3950195, 13.0545, -0.8520508, 13.0545, 0.2294922, 0.5020962, 0.0048676, 13.0545, -0.546875, 13.0545, -0.793457, 13.0545, 0.2021484, , , , , , , , , , , , , , , , , , , , , , 
0.5026154, 0.0162814, 13.068, -0.6430664, 13.068, 0.3950195, 13.068, 0.4604492, 0.5026154, -0.0082246, 13.068, 0.887207, 13.068, 0.4335938, 13.068, 0.0688477, 0.5026154, -0.0068818, 13.068, 0.4116211, 13.068, -0.8613281, 13.068, 0.2363281, 0.5026154, 0.0050355, 13.068, -0.5507812, 13.068, -0.8012695, 13.068, 0.2036133, , , , , , , , , , , , , , , , , , , , , , 
0.5031346, 0.0157778, 13.0815, -0.6494141, 13.0815, 0.3994141, 13.0815, 0.4526367, 0.5031346, -0.008896, 13.0815, 0.8422852, 13.0815, 0.4472656, 13.0815, 0.065918, 0.5031346, -0.0068818, 13.0815, 0.4023438, 13.0815, -0.8813477, 13.0815, 0.2304688, 0.5031346, 0.0063783, 13.0815, -0.5678711, 13.0815, -0.8012695, 13.0815, 0.1977539, , , , , , , , , , , , , , , , , , , , , , 
0.5036538, 0.0152743, 13.095, -0.6479492, 13.095, 0.4072266, 13.095, 0.4594727, 0.5036538, -0.0104067, 13.095, 0.8134766, 13.095, 0.4648438, 13.095, 0.0571289, 0.5036538, -0.0068818, 13.095, 0.375, 13.095, -0.8735352, 13.095, 0.2290039, 0.5036538, 0.0045319, 13.095, -0.5605469, 13.095, -0.7958984, 13.095, 0.1904297, , , , , , , , , , , , , , , , , , , , , , 
0.5041731, 0.0109102, 13.1085, -0.6416016, 13.1085, 0.4189453, 13.1085, 0.4580078, 0.5041731, -0.008896, 13.1085, 0.8222656, 13.1085, 0.4702148, 13.1085, 0.0620117, 0.5041731, -0.0068818, 13.1085, 0.3583984, 13.1085, -0.8657227, 13.1085, 0.2373047, 0.5041731, 0.0005035, 13.1085, -0.5488281, 13.1085, -0.7851562, 13.1085, 0.1865234, , , , , , , , , , , , , , , , , , , , , , 
0.5046923, 0.0036927, 13.122, -0.644043, 13.122, 0.4155273, 13.122, 0.4702148, 0.5046923, -0.0065461, 13.122, 0.8476562, 13.122, 0.4702148, 13.122, 0.0532227, 0.5046923, -0.0068818, 13.122, 0.3574219, 13.122, -0.8642578, 13.122, 0.2324219, 0.5046923, -0.0005035, 13.122, -0.5644531, 13.122, -0.7792969, 13.122, 0.1865234, , , , , , , , , , , , , , , , , , , , , , 
0.5052115, -0.0008392, 13.1355, -0.6352539, 13.1355, 0.4042969, 13.1355, 0.4736328, 0.5052115, -0.0077211, 13.1355, 0.8481445, 13.1355, 0.4648438, 13.1355, 0.0449219, 0.5052115, -0.0068818, 13.1355, 0.3920898, 13.1355, -0.871582, 13.1355, 0.2402344, 0.5052115, 0.0008392, 13.1355, -0.5722656, 13.1355, -0.7802734, 13.1355, 0.1816406, , , , , , , , , , , , , , , , , , , , , , 
0.5057308, -0.0001678, 13.149, -0.6240234, 13.149, 0.4121094, 13.149, 0.4643555, 0.5057308, -0.0102388, 13.149, 0.8461914, 13.149, 0.4765625, 13.149, 0.0522461, 0.5057308, -0.0092317, 13.149, 0.4008789, 13.149, -0.8696289, 13.149, 0.2412109, 0.5057308, 0.0005035, 13.149, -0.5551758, 13.149, -0.784668, 13.149, 0.1791992, , , , , , , , , , , , , , , , , , , , , , 
0.50625, 0.0048676, 13.1625, -0.6308594, 13.1625, 0.4379883, 13.1625, 0.4638672, 0.50625, -0.0102388, 13.1625, 0.8271484, 13.1625, 0.4951172, 13.1625, 0.0517578, 0.50625, -0.0119173, 13.1625, 0.3720703, 13.1625, -0.8730469, 13.1625, 0.2402344, 0.50625, -0.0036927, 13.1625, -0.5478516, 13.1625, -0.7905273, 13.1625, 0.1796875, , , , , , , , , , , , , , , , , , , , , , 
0.5067692, 0.0112459, 13.176, -0.6450195, 13.176, 0.4453125, 13.176, 0.4716797, 0.5067692, -0.0095674, 13.176, 0.8476562, 13.176, 0.5053711, 13.176, 0.0517578, 0.5067692, -0.0132601, 13.176, 0.3613281, 13.176, -0.8852539, 13.176, 0.2387695, 0.5067692, -0.0065461, 13.176, -0.5581055, 13.176, -0.7929688, 13.176, 0.1777344, , , , , , , , , , , , , , , , , , , , , , 
0.5072885, 0.0146029, 13.1895, -0.6445312, 13.1895, 0.4394531, 13.1895, 0.4750977, 0.5072885, -0.008896, 13.1895, 0.8466797, 13.1895, 0.5053711, 13.1895, 0.0366211, 0.5072885, -0.0130922, 13.1895, 0.3808594, 13.1895, -0.8950195, 13.1895, 0.2480469, 0.5072885, -0.008896, 13.1895, -0.5644531, 13.1895, -0.7944336, 13.1895, 0.1748047, , , , , , , , , , , , , , , , , , , , , , 
0.5078077, 0.0132601, 13.203, -0.6455078, 13.203, 0.4331055, 13.203, 0.4868164, 0.5078077, -0.0085603, 13.203, 0.8618164, 13.203, 0.5009766, 13.203, 0.0458984, 0.5078077, -0.0129244, 13.203, 0.4091797, 13.203, -0.9013672, 13.203, 0.2495117, 0.5078077, -0.0115816, 13.203, -0.5664062, 13.203, -0.793457, 13.203, 0.1767578, , , , , , , , , , , , , , , , , , , , , , 
0.5083269, 0.0152743, 13.2165, -0.6396484, 13.2165, 0.4355469, 13.2165, 0.4902344, 0.5083269, -0.0082246, 13.2165, 0.8828125, 13.2165, 0.4970703, 13.2165, 0.027832, 0.5083269, -0.0125887, 13.2165, 0.3989258, 13.2165, -0.8945312, 13.2165, 0.265625, 0.5083269, -0.012253, 13.2165, -0.5668945, 13.2165, -0.7963867, 13.2165, 0.1791992, , , , , , , , , , , , , , , , , , , , , , 
0.5088462, 0.0191348, 13.23, -0.6303711, 13.23, 0.4389648, 13.23, 0.5, 0.5088462, -0.0082246, 13.23, 0.8618164, 13.23, 0.4990234, 13.23, 0.019043, 0.5088462, -0.0129244, 13.23, 0.387207, 13.23, -0.8916016, 13.23, 0.2685547, 0.5088462, -0.0075532, 13.23, -0.5678711, 13.23, -0.7973633, 13.23, 0.1904297, , , , , , , , , , , , , , , , , , , , , , 
0.5093654, 0.018967, 13.2435, -0.6298828, 13.2435, 0.4375, 13.2435, 0.5078125, 0.5093654, -0.0095674, 13.2435, 0.8310547, 13.2435, 0.4975586, 13.2435, 0.027832, 0.5093654, -0.0129244, 13.2435, 0.3867188, 13.2435, -0.8798828, 13.2435, 0.2587891, 0.5093654, -0.0041962, 13.2435, -0.5849609, 13.2435, -0.7905273, 13.2435, 0.2021484, , , , , , , , , , , , , , , , , , , , , , 
0.5098846, 0.0162814, 13.257, -0.6474609, 13.257, 0.4287109, 13.257, 0.5136719, 0.5098846, -0.0092317, 13.257, 0.8598633, 13.257, 0.4829102, 13.257, 0.0273438, 0.5098846, -0.0109102, 13.257, 0.3979492, 13.257, -0.8671875, 13.257, 0.2573242, 0.5098846, -0.0018463, 13.257, -0.5927734, 13.257, -0.7768555, 13.257, 0.2006836, , , , , , , , , , , , , , , , , , , , , , 
0.5104038, 0.0139315, 13.2705, -0.6552734, 13.2705, 0.4174805, 13.2705, 0.5004883, 0.5104038, -0.0082246, 13.2705, 0.8955078, 13.2705, 0.4667969, 13.2705, 0.0395508, 0.5104038, -0.0095674, 13.2705, 0.4130859, 13.2705, -0.871582, 13.2705, 0.2495117, 0.5104038, 0.0025177, 13.2705, -0.5942383, 13.2705, -0.7822266, 13.2705, 0.2055664, , , , , , , , , , , , , , , , , , , , , , 
0.5109231, 0.0119173, 13.284, -0.6645508, 13.284, 0.4155273, 13.284, 0.4853516, 0.5109231, -0.0090639, 13.284, 0.9033203, 13.284, 0.4658203, 13.284, 0.0458984, 0.5109231, -0.0099031, 13.284, 0.3857422, 13.284, -0.8925781, 13.284, 0.2539062, 0.5109231, 0.0099031, 13.284, -0.5961914, 13.284, -0.7944336, 13.284, 0.2055664, , , , , , , , , , , , , , , , , , , , , , 
0.5114423, 0.0132601, 13.2975, -0.6591797, 13.2975, 0.418457, 13.2975, 0.4951172, 0.5114423, -0.008896, 13.2975, 0.8530273, 13.2975, 0.4731445, 13.2975, 0.0517578, 0.5114423, -0.0097353, 13.2975, 0.3911133, 13.2975, -0.8945312, 13.2975, 0.2578125, 0.5114423, 0.0162814, 13.2975, -0.5864258, 13.2975, -0.7929688, 13.2975, 0.2016602, , , , , , , , , , , , , , , , , , , , , , 
0.5119615, 0.0179599, 13.311, -0.6542969, 13.311, 0.4228516, 13.311, 0.4975586, 0.5119615, -0.0072175, 13.311, 0.8554688, 13.311, 0.4711914, 13.311, 0.0498047, 0.5119615, -0.0085603, 13.311, 0.3955078, 13.311, -0.8720703, 13.311, 0.2524414, 0.5119615, 0.0216526, 13.311, -0.5668945, 13.311, -0.7885742, 13.311, 0.2011719, , , , , , , , , , , , , , , , , , , , , , 
0.5124808, 0.0209812, 13.3245, -0.6640625, 13.3245, 0.4140625, 13.3245, 0.503418, 0.5124808, -0.0082246, 13.3245, 0.8955078, 13.3245, 0.4594727, 13.3245, 0.0385742, 0.5124808, -0.0065461, 13.3245, 0.4135742, 13.3245, -0.8632812, 13.3245, 0.2421875, 0.5124808, 0.0246738, 13.3245, -0.5649414, 13.3245, -0.7827148, 13.3245, 0.2045898, , , , , , , , , , , , , , , , , , , , , , 
0.513, 0.0159457, 13.338, -0.6635742, 13.338, 0.3959961, 13.338, 0.5, 0.513, -0.0102388, 13.338, 0.890625, 13.338, 0.4575195, 13.338, 0.0546875, 0.513, -0.0065461, 13.338, 0.4140625, 13.338, -0.8745117, 13.338, 0.2407227, 0.513, 0.0273594, 13.338, -0.5678711, 13.338, -0.7841797, 13.338, 0.2001953, , , , , , , , , , , , , , , , , , , , , , 
0.5135192, 0.0097353, 13.3515, -0.6591797, 13.3515, 0.4033203, 13.3515, 0.4780273, 0.5135192, -0.0097353, 13.3515, 0.8813477, 13.3515, 0.4604492, 13.3515, 0.0576172, 0.5135192, -0.0062104, 13.3515, 0.3955078, 13.3515, -0.887207, 13.3515, 0.2436523, 0.5135192, 0.0313878, 13.3515, -0.5615234, 13.3515, -0.7919922, 13.3515, 0.1972656, , , , , , , , , , , , , , , , , , , , , , 
0.5140385, 0.0117494, 13.365, -0.6645508, 13.365, 0.4179688, 13.365, 0.4833984, 0.5140385, -0.0082246, 13.365, 0.8681641, 13.365, 0.4741211, 13.365, 0.0473633, 0.5140385, -0.0058747, 13.365, 0.390625, 13.365, -0.8925781, 13.365, 0.2416992, 0.5140385, 0.035584, 13.365, -0.5576172, 13.365, -0.7954102, 13.365, 0.1943359, , , , , , , , , , , , , , , , , , , , , , 
0.5145577, 0.0154421, 13.3785, -0.6552734, 13.3785, 0.4111328, 13.3785, 0.4916992, 0.5145577, -0.0075532, 13.3785, 0.862793, 13.3785, 0.472168, 13.3785, 0.0498047, 0.5145577, -0.0075532, 13.3785, 0.3837891, 13.3785, -0.8891602, 13.3785, 0.2426758, 0.5145577, 0.0391089, 13.3785, -0.5532227, 13.3785, -0.7924805, 13.3785, 0.1972656, , , , , , , , , , , , , , , , , , , , , , 
0.5150769, 0.0142672, 13.392, -0.6542969, 13.392, 0.3964844, 13.392, 0.4858398, 0.5150769, -0.0085603, 13.392, 0.8666992, 13.392, 0.4560547, 13.392, 0.0483398, 0.5150769, -0.0062104, 13.392, 0.3959961, 13.392, -0.8706055, 13.392, 0.2392578, 0.5150769, 0.0407874, 13.392, -0.5556641, 13.392, -0.7792969, 13.392, 0.1953125, , , , , , , , , , , , , , , , , , , , , , 
0.5155962, 0.0117494, 13.4055, -0.6503906, 13.4055, 0.3989258, 13.4055, 0.4838867, 0.5155962, -0.0095674, 13.4055, 0.8745117, 13.4055, 0.4619141, 13.4055, 0.0454102, 0.5155962, -0.005539, 13.4055, 0.3999023, 13.4055, -0.8574219, 13.4055, 0.2304688, 0.5155962, 0.0407874, 13.4055, -0.5629883, 13.4055, -0.7773438, 13.4055, 0.1967773, , , , , , , , , , , , , , , , , , , , , , 
0.5161154, 0.0099031, 13.419, -0.6513672, 13.419, 0.4077148, 13.419, 0.484375, 0.5161154, -0.0104067, 13.419, 0.8676758, 13.419, 0.4765625, 13.419, 0.0546875, 0.5161154, -0.0058747, 13.419, 0.3994141, 13.419, -0.8769531, 13.419, 0.2363281, 0.5161154, 0.0360876, 13.419, -0.5620117, 13.419, -0.7871094, 13.419, 0.1972656, , , , , , , , , , , , , , , , , , , , , , 
0.5166346, 0.0112459, 13.4325, -0.6567383, 13.4325, 0.4194336, 13.4325, 0.4882812, 0.5166346, -0.0099031, 13.4325, 0.8613281, 13.4325, 0.4794922, 13.4325, 0.0375977, 0.5166346, -0.0075532, 13.4325, 0.3911133, 13.4325, -0.8925781, 13.4325, 0.2358398, 0.5166346, 0.0317235, 13.4325, -0.5522461, 13.4325, -0.7871094, 13.4325, 0.2001953, , , , , , , , , , , , , , , , , , , , , , 
0.5171538, 0.0125887, 13.446, -0.6459961, 13.446, 0.4243164, 13.446, 0.4902344, 0.5171538, -0.0075532, 13.446, 0.8588867, 13.446, 0.4750977, 13.446, 0.0385742, 0.5171538, -0.0090639, 13.446, 0.3916016, 13.446, -0.8886719, 13.446, 0.2358398, 0.5171538, 0.0310521, 13.446, -0.5522461, 13.446, -0.7861328, 13.446, 0.2070312, , , , , , , , , , , , , , , , , , , , , , 
0.5176731, 0.0117494, 13.4595, -0.6323242, 13.4595, 0.421875, 13.4595, 0.4960938, 0.5176731, -0.0063783, 13.4595, 0.8613281, 13.4595, 0.4794922, 13.4595, 0.0283203, 0.5176731, -0.0092317, 13.4595, 0.4086914, 13.4595, -0.8847656, 13.4595, 0.246582, 0.5176731, 0.0287022, 13.4595, -0.5634766, 13.4595, -0.7929688, 13.4595, 0.2011719, , , , , , , , , , , , , , , , , , , , , , 
0.5181923, 0.0119173, 13.473, -0.6572266, 13.473, 0.4213867, 13.473, 0.4951172, 0.5181923, -0.0068818, 13.473, 0.8740234, 13.473, 0.4780273, 13.473, 0.03125, 0.5181923, -0.0104067, 13.473, 0.4213867, 13.473, -0.8881836, 13.473, 0.2397461, 0.5181923, 0.0226596, 13.473, -0.559082, 13.473, -0.7919922, 13.473, 0.2006836, , , , , , , , , , , , , , , , , , , , , , 
0.5187115, 0.0132601, 13.4865, -0.6582031, 13.4865, 0.4111328, 13.4865, 0.5, 0.5187115, -0.0068818, 13.4865, 0.8896484, 13.4865, 0.4711914, 13.4865, 0.0322266, 0.5187115, -0.0109102, 13.4865, 0.4057617, 13.4865, -0.8867188, 13.4865, 0.2358398, 0.5187115, 0.0186313, 13.4865, -0.5556641, 13.4865, -0.7905273, 13.4865, 0.2021484, , , , , , , , , , , , , , , , , , , , , , 
0.5192308, 0.0146029, 13.5, -0.6435547, 13.5, 0.4111328, 13.5, 0.484375, 0.5192308, -0.005539, 13.5, 0.859375, 13.5, 0.4638672, 13.5, 0.0488281, 0.5192308, -0.0115816, 13.5, 0.3979492, 13.5, -0.8837891, 13.5, 0.2470703, 0.5192308, 0.0169528, 13.5, -0.565918, 13.5, -0.7875977, 13.5, 0.2060547, , , , , , , , , , , , , , , , , , , , , , 
0.51975, 0.0172885, 13.5135, -0.6381836, 13.5135, 0.4194336, 13.5135, 0.4780273, 0.51975, -0.0035248, 13.5135, 0.8515625, 13.5135, 0.4711914, 13.5135, 0.0419922, 0.51975, -0.0097353, 13.5135, 0.3984375, 13.5135, -0.8789062, 13.5135, 0.2470703, 0.51975, 0.0162814, 13.5135, -0.5737305, 13.5135, -0.7817383, 13.5135, 0.2055664, , , , , , , , , , , , , , , , , , , , , , 
0.5202692, 0.0193027, 13.527, -0.6582031, 13.527, 0.4106445, 13.527, 0.4931641, 0.5202692, -0.0035248, 13.527, 0.8720703, 13.527, 0.4775391, 13.527, 0.0498047, 0.5202692, -0.0068818, 13.527, 0.3916016, 13.527, -0.8735352, 13.527, 0.230957, 0.5202692, 0.0151064, 13.527, -0.578125, 13.527, -0.7768555, 13.527, 0.1982422, , , , , , , , , , , , , , , , , , , , , , 
0.5207885, 0.0209812, 13.5405, -0.6582031, 13.5405, 0.4038086, 13.5405, 0.487793, 0.5207885, -0.0048676, 13.5405, 0.8725586, 13.5405, 0.4682617, 13.5405, 0.043457, 0.5207885, -0.0065461, 13.5405, 0.3862305, 13.5405, -0.8764648, 13.5405, 0.2451172, 0.5207885, 0.0132601, 13.5405, -0.5581055, 13.5405, -0.7861328, 13.5405, 0.1972656, , , , , , , , , , , , , , , , , , , , , , 
0.5213077, 0.018967, 13.554, -0.6489258, 13.554, 0.402832, 13.554, 0.4921875, 0.5213077, -0.0058747, 13.554, 0.878418, 13.554, 0.453125, 13.554, 0.0302734, 0.5213077, -0.0075532, 13.554, 0.4086914, 13.554, -0.8881836, 13.554, 0.2490234, 0.5213077, 0.0135958, 13.554, -0.5488281, 13.554, -0.796875, 13.554, 0.1992188, , , , , , , , , , , , , , , , , , , , , , 
0.5218269, 0.0179599, 13.5675, -0.6469727, 13.5675, 0.3925781, 13.5675, 0.4902344, 0.5218269, -0.0077211, 13.5675, 0.8608398, 13.5675, 0.4394531, 13.5675, 0.0458984, 0.5218269, -0.0078889, 13.5675, 0.4155273, 13.5675, -0.8764648, 13.5675, 0.2426758, 0.5218269, 0.0146029, 13.5675, -0.5537109, 13.5675, -0.7949219, 13.5675, 0.2060547, , , , , , , , , , , , , , , , , , , , , , 
0.5223462, 0.0203098, 13.581, -0.6538086, 13.581, 0.3886719, 13.581, 0.4790039, 0.5223462, -0.0095674, 13.581, 0.8779297, 13.581, 0.4355469, 13.581, 0.0595703, 0.5223462, -0.008896, 13.581, 0.4033203, 13.581, -0.8510742, 13.581, 0.2236328, 0.5223462, 0.0142672, 13.581, -0.5610352, 13.581, -0.7841797, 13.581, 0.2080078, , , , , , , , , , , , , , , , , , , , , , 
0.5228654, 0.0238346, 13.5945, -0.6723633, 13.5945, 0.3984375, 13.5945, 0.4638672, 0.5228654, -0.0099031, 13.5945, 0.878418, 13.5945, 0.4477539, 13.5945, 0.0566406, 0.5228654, -0.0109102, 13.5945, 0.3779297, 13.5945, -0.8647461, 13.5945, 0.2270508, 0.5228654, 0.0109102, 13.5945, -0.5717773, 13.5945, -0.7832031, 13.5945, 0.203125, , , , , , , , , , , , , , , , , , , , , , 
0.5233846, 0.026688, 13.608, -0.675293, 13.608, 0.4072266, 13.608, 0.4716797, 0.5233846, -0.0085603, 13.608, 0.8701172, 13.608, 0.465332, 13.608, 0.0693359, 0.5233846, -0.0087282, 13.608, 0.3789062, 13.608, -0.8930664, 13.608, 0.2294922, 0.5233846, 0.0082246, 13.608, -0.5605469, 13.608, -0.7871094, 13.608, 0.1928711, , , , , , , , , , , , , , , , , , , , , , 
0.5239038, 0.0310521, 13.6215, -0.6582031, 13.6215, 0.4072266, 13.6215, 0.4824219, 0.5239038, -0.0078889, 13.6215, 0.8579102, 13.6215, 0.4697266, 13.6215, 0.0488281, 0.5239038, -0.0070497, 13.6215, 0.3789062, 13.6215, -0.8974609, 13.6215, 0.2285156, 0.5239038, 0.0078889, 13.6215, -0.5400391, 13.6215, -0.7895508, 13.6215, 0.1923828, , , , , , , , , , , , , , , , , , , , , , 
0.5244231, 0.033402, 13.635, -0.6469727, 13.635, 0.4106445, 13.635, 0.4936523, 0.5244231, -0.0072175, 13.635, 0.8544922, 13.635, 0.4633789, 13.635, 0.0415039, 0.5244231, -0.005539, 13.635, 0.3891602, 13.635, -0.8833008, 13.635, 0.2368164, 0.5244231, 0.0105745, 13.635, -0.5390625, 13.635, -0.796875, 13.635, 0.1982422, , , , , , , , , , , , , , , , , , , , , , 
0.5249423, 0.0320592, 13.6485, -0.6547852, 13.6485, 0.4111328, 13.6485, 0.5029297, 0.5249423, -0.005539, 13.6485, 0.8764648, 13.6485, 0.4580078, 13.6485, 0.0273438, 0.5249423, -0.003357, 13.6485, 0.4169922, 13.6485, -0.8706055, 13.6485, 0.2421875, 0.5249423, 0.0112459, 13.6485, -0.5581055, 13.6485, -0.8061523, 13.6485, 0.2006836, , , , , , , , , , , , , , , , , , , , , , 
0.5254615, 0.0273594, 13.662, -0.6669922, 13.662, 0.4160156, 13.662, 0.4902344, 0.5254615, -0.0058747, 13.662, 0.9018555, 13.662, 0.4731445, 13.662, 0.0415039, 0.5254615, -0.0041962, 13.662, 0.4282227, 13.662, -0.8842773, 13.662, 0.2436523, 0.5254615, 0.0072175, 13.662, -0.5673828, 13.662, -0.8081055, 13.662, 0.2036133, , , , , , , , , , , , , , , , , , , , , , 
0.5259808, 0.0256809, 13.6755, -0.6508789, 13.6755, 0.4243164, 13.6755, 0.4990234, 0.5259808, -0.0085603, 13.6755, 0.8818359, 13.6755, 0.4848633, 13.6755, 0.0288086, 0.5259808, -0.0075532, 13.6755, 0.4106445, 13.6755, -0.9067383, 13.6755, 0.2470703, 0.5259808, 0.0008392, 13.6755, -0.5737305, 13.6755, -0.8061523, 13.6755, 0.2075195, , , , , , , , , , , , , , , , , , , , , , 
0.5265, 0.024506, 13.689, -0.6396484, 13.689, 0.4331055, 13.689, 0.5161133, 0.5265, -0.0082246, 13.689, 0.8505859, 13.689, 0.4897461, 13.689, 0.0170898, 0.5265, -0.0109102, 13.689, 0.4023438, 13.689, -0.8994141, 13.689, 0.2543945, 0.5265, -0.0038605, 13.689, -0.5654297, 13.689, -0.7915039, 13.689, 0.2060547, , , , , , , , , , , , , , , , , , , , , , 
0.5270192, 0.0198062, 13.7025, -0.6669922, 13.7025, 0.434082, 13.7025, 0.5078125, 0.5270192, -0.0058747, 13.7025, 0.8862305, 13.7025, 0.4853516, 13.7025, 0.0195312, 0.5270192, -0.0105745, 13.7025, 0.3959961, 13.7025, -0.8896484, 13.7025, 0.2626953, 0.5270192, -0.005539, 13.7025, -0.5756836, 13.7025, -0.7939453, 13.7025, 0.2060547, , , , , , , , , , , , , , , , , , , , , , 
0.5275385, 0.0172885, 13.716, -0.6816406, 13.716, 0.4282227, 13.716, 0.5024414, 0.5275385, -0.0068818, 13.716, 0.8994141, 13.716, 0.4799805, 13.716, 0.0283203, 0.5275385, -0.0045319, 13.716, 0.4042969, 13.716, -0.8911133, 13.716, 0.2651367, 0.5275385, -0.0075532, 13.716, -0.6025391, 13.716, -0.7958984, 13.716, 0.1987305, , , , , , , , , , , , , , , , , , , , , , 
0.5280577, 0.0186313, 13.7295, -0.6630859, 13.7295, 0.4223633, 13.7295, 0.4985352, 0.5280577, -0.0102388, 13.7295, 0.8955078, 13.7295, 0.4755859, 13.7295, 0.0429688, 0.5280577, -0.0025177, 13.7295, 0.3955078, 13.7295, -0.9013672, 13.7295, 0.253418, 0.5280577, -0.0095674, 13.7295, -0.6049805, 13.7295, -0.8037109, 13.7295, 0.1967773, , , , , , , , , , , , , , , , , , , , , , 
0.5285769, 0.0186313, 13.743, -0.6518555, 13.743, 0.4208984, 13.743, 0.4995117, 0.5285769, -0.012253, 13.743, 0.8735352, 13.743, 0.4746094, 13.743, 0.0361328, 0.5285769, -0.0050355, 13.743, 0.3974609, 13.743, -0.8959961, 13.743, 0.2480469, 0.5285769, -0.0082246, 13.743, -0.5854492, 13.743, -0.8027344, 13.743, 0.2099609, , , , , , , , , , , , , , , , , , , , , , 
0.5290962, 0.0142672, 13.7565, -0.6503906, 13.7565, 0.4243164, 13.7565, 0.512207, 0.5290962, -0.0109102, 13.7565, 0.8676758, 13.7565, 0.4697266, 13.7565, 0.0332031, 0.5290962, -0.0068818, 13.7565, 0.4082031, 13.7565, -0.8901367, 13.7565, 0.2519531, 0.5290962, -0.002182, 13.7565, -0.5698242, 13.7565, -0.793457, 13.7565, 0.2109375, , , , , , , , , , , , , , , , , , , , , , 
0.5296154, 0.0109102, 13.77, -0.671875, 13.77, 0.4169922, 13.77, 0.5039062, 0.5296154, -0.0115816, 13.77, 0.8842773, 13.77, 0.4677734, 13.77, 0.0415039, 0.5296154, -0.0068818, 13.77, 0.4130859, 13.77, -0.878418, 13.77, 0.2495117, 0.5296154, 0.0028534, 13.77, -0.5751953, 13.77, -0.7885742, 13.77, 0.203125, , , , , , , , , , , , , , , , , , , , , , 
0.5301346, 0.0065461, 13.7835, -0.668457, 13.7835, 0.4091797, 13.7835, 0.4833984, 0.5301346, -0.0105745, 13.7835, 0.8857422, 13.7835, 0.4658203, 13.7835, 0.0478516, 0.5301346, -0.0065461, 13.7835, 0.40625, 13.7835, -0.8779297, 13.7835, 0.2373047, 0.5301346, 0.0048676, 13.7835, -0.574707, 13.7835, -0.7919922, 13.7835, 0.1938477, , , , , , , , , , , , , , , , , , , , , , 
0.5306538, 0.0025177, 13.797, -0.6542969, 13.797, 0.4135742, 13.797, 0.4799805, 0.5306538, -0.0078889, 13.797, 0.8666992, 13.797, 0.465332, 13.797, 0.0522461, 0.5306538, -0.0077211, 13.797, 0.3774414, 13.797, -0.8862305, 13.797, 0.2421875, 0.5306538, 0.0072175, 13.797, -0.5527344, 13.797, -0.7973633, 13.797, 0.1933594, , , , , , , , , , , , , , , , , , , , , , 
0.5311731, -0.0001678, 13.8105, -0.6582031, 13.8105, 0.4072266, 13.8105, 0.4829102, 0.5311731, -0.0077211, 13.8105, 0.875, 13.8105, 0.4541016, 13.8105, 0.0493164, 0.5311731, -0.0082246, 13.8105, 0.3930664, 13.8105, -0.8891602, 13.8105, 0.2348633, 0.5311731, 0.0115816, 13.8105, -0.5410156, 13.8105, -0.800293, 13.8105, 0.1918945, , , , , , , , , , , , , , , , , , , , , , 
0.5316923, -0.002182, 13.824, -0.6689453, 13.824, 0.3964844, 13.824, 0.4799805, 0.5316923, -0.0090639, 13.824, 0.8676758, 13.824, 0.4438477, 13.824, 0.0541992, 0.5316923, -0.0072175, 13.824, 0.4008789, 13.824, -0.8779297, 13.824, 0.2250977, 0.5316923, 0.0159457, 13.824, -0.5332031, 13.824, -0.8012695, 13.824, 0.1928711, , , , , , , , , , , , , , , , , , , , , , 
0.5322115, -0.0058747, 13.8375, -0.6704102, 13.8375, 0.3959961, 13.8375, 0.4716797, 0.5322115, -0.0082246, 13.8375, 0.8637695, 13.8375, 0.4462891, 13.8375, 0.0639648, 0.5322115, -0.0062104, 13.8375, 0.4042969, 13.8375, -0.8803711, 13.8375, 0.2368164, 0.5322115, 0.0213169, 13.8375, -0.5410156, 13.8375, -0.8085938, 13.8375, 0.199707, , , , , , , , , , , , , , , , , , , , , , 
0.5327308, -0.0068818, 13.851, -0.6713867, 13.851, 0.3979492, 13.851, 0.46875, 0.5327308, -0.0068818, 13.851, 0.8886719, 13.851, 0.449707, 13.851, 0.0546875, 0.5327308, -0.0058747, 13.851, 0.4018555, 13.851, -0.8803711, 13.851, 0.2314453, 0.5327308, 0.0260166, 13.851, -0.5527344, 13.851, -0.7929688, 13.851, 0.1948242, , , , , , , , , , , , , , , , , , , , , , 
0.53325, -0.005539, 13.8645, -0.684082, 13.8645, 0.4033203, 13.8645, 0.4829102, 0.53325, -0.0070497, 13.8645, 0.8710938, 13.8645, 0.4560547, 13.8645, 0.0571289, 0.53325, -0.0045319, 13.8645, 0.3852539, 13.8645, -0.8813477, 13.8645, 0.2226562, 0.53325, 0.0320592, 13.8645, -0.5546875, 13.8645, -0.7885742, 13.8645, 0.1987305, , , , , , , , , , , , , , , , , , , , , , 
0.5337692, -0.0035248, 13.878, -0.6733398, 13.878, 0.4140625, 13.878, 0.4853516, 0.5337692, -0.0072175, 13.878, 0.8452148, 13.878, 0.4443359, 13.878, 0.0527344, 0.5337692, -0.0038605, 13.878, 0.3842773, 13.878, -0.8833008, 13.878, 0.2255859, 0.5337692, 0.0374304, 13.878, -0.5571289, 13.878, -0.7983398, 13.878, 0.2016602, , , , , , , , , , , , , , , , , , , , , , 
0.5342885, 0.0015106, 13.8915, -0.6230469, 13.8915, 0.4433594, 13.8915, 0.4731445, 0.5342885, -0.0070497, 13.8915, 0.8823242, 13.8915, 0.4912109, 13.8915, 0.0615234, 0.5342885, -0.0018463, 13.8915, 0.3935547, 13.8915, -0.8989258, 13.8915, 0.2446289, 0.5342885, 0.040116, 13.8915, -0.5673828, 13.8915, -0.8085938, 13.8915, 0.2001953, , , , , , , , , , , , , , , , , , , , , , 
0.5348077, 0.0041962, 13.905, -0.6489258, 13.905, 0.4243164, 13.905, 0.487793, 0.5348077, -0.0075532, 13.905, 0.8803711, 13.905, 0.4692383, 13.905, 0.0634766, 0.5348077, -0.0001678, 13.905, 0.3730469, 13.905, -0.8945312, 13.905, 0.2314453, 0.5348077, 0.0394446, 13.905, -0.5703125, 13.905, -0.793457, 13.905, 0.2006836, , , , , , , , , , , , , , , , , , , , , , 
0.5353269, 0.0025177, 13.9185, -0.6728516, 13.9185, 0.4111328, 13.9185, 0.4848633, 0.5353269, -0.0095674, 13.9185, 0.8852539, 13.9185, 0.4433594, 13.9185, 0.0351562, 0.5353269, -0.0015106, 13.9185, 0.3959961, 13.9185, -0.8740234, 13.9185, 0.2270508, 0.5353269, 0.036759, 13.9185, -0.5537109, 13.9185, -0.7866211, 13.9185, 0.1894531, , , , , , , , , , , , , , , , , , , , , , 
0.5358462, 0.0035248, 13.932, -0.6889648, 13.932, 0.3867188, 13.932, 0.4770508, 0.5358462, -0.0099031, 13.932, 0.8730469, 13.932, 0.4316406, 13.932, 0.0634766, 0.5358462, -0.0041962, 13.932, 0.4130859, 13.932, -0.878418, 13.932, 0.2333984, 0.5358462, 0.0313878, 13.932, -0.5439453, 13.932, -0.8095703, 13.932, 0.2041016, , , , , , , , , , , , , , , , , , , , , , 
0.5363654, 0.0065461, 13.9455, -0.671875, 13.9455, 0.3930664, 13.9455, 0.484375, 0.5363654, -0.0075532, 13.9455, 0.8652344, 13.9455, 0.4536133, 13.9455, 0.046875, 0.5363654, -0.0052033, 13.9455, 0.4194336, 13.9455, -0.887207, 13.9455, 0.2294922, 0.5363654, 0.0240024, 13.9455, -0.5498047, 13.9455, -0.8071289, 13.9455, 0.2094727, , , , , , , , , , , , , , , , , , , , , , 
0.5368846, 0.0072175, 13.959, -0.6567383, 13.959, 0.4125977, 13.959, 0.484375, 0.5368846, -0.0058747, 13.959, 0.8657227, 13.959, 0.4682617, 13.959, 0.0400391, 0.5368846, -0.0041962, 13.959, 0.4174805, 13.959, -0.8793945, 13.959, 0.2260742, 0.5368846, 0.0193027, 13.959, -0.5493164, 13.959, -0.7958984, 13.959, 0.2060547, , , , , , , , , , , , , , , , , , , , , , 
0.5374038, 0.0052033, 13.9725, -0.6484375, 13.9725, 0.4174805, 13.9725, 0.4785156, 0.5374038, -0.0062104, 13.9725, 0.8701172, 13.9725, 0.4692383, 13.9725, 0.0463867, 0.5374038, -0.0046998, 13.9725, 0.4052734, 13.9725, -0.8764648, 13.9725, 0.2319336, 0.5374038, 0.0152743, 13.9725, -0.546875, 13.9725, -0.7851562, 13.9725, 0.1967773, , , , , , , , , , , , , , , , , , , , , , 
0.5379231, 0.0083925, 13.986, -0.6591797, 13.986, 0.4042969, 13.986, 0.4863281, 0.5379231, -0.0058747, 13.986, 0.8774414, 13.986, 0.4575195, 13.986, 0.0463867, 0.5379231, -0.0058747, 13.986, 0.3955078, 13.986, -0.8852539, 13.986, 0.2314453, 0.5379231, 0.0119173, 13.986, -0.5517578, 13.986, -0.7910156, 13.986, 0.1972656, , , , , , , , , , , , , , , , , , , , , , 
0.5384423, 0.0142672, 13.9995, -0.6650391, 13.9995, 0.4013672, 13.9995, 0.4790039, 0.5384423, -0.0050355, 13.9995, 0.8691406, 13.9995, 0.4589844, 13.9995, 0.0385742, 0.5384423, -0.0065461, 13.9995, 0.3759766, 13.9995, -0.8881836, 13.9995, 0.2421875, 0.5384423, 0.0109102, 13.9995, -0.5620117, 13.9995, -0.7963867, 13.9995, 0.1943359, , , , , , , , , , , , , , , , , , , , , , 
0.5389615, 0.0157778, 14.013, -0.6660156, 14.013, 0.4121094, 14.013, 0.4692383, 0.5389615, -0.0052033, 14.013, 0.8623047, 14.013, 0.4707031, 14.013, 0.0458984, 0.5389615, -0.0070497, 14.013, 0.3701172, 14.013, -0.8886719, 14.013, 0.2470703, 0.5389615, 0.0105745, 14.013, -0.5664062, 14.013, -0.7988281, 14.013, 0.1875, , , , , , , , , , , , , , , , , , , , , , 
0.5394808, 0.0152743, 14.0265, -0.6650391, 14.0265, 0.418457, 14.0265, 0.4785156, 0.5394808, -0.0068818, 14.0265, 0.8652344, 14.0265, 0.4765625, 14.0265, 0.0454102, 0.5394808, -0.0085603, 14.0265, 0.3696289, 14.0265, -0.8974609, 14.0265, 0.2485352, 0.5394808, 0.0109102, 14.0265, -0.5712891, 14.0265, -0.7983398, 14.0265, 0.1787109, , , , , , , , , , , , , , , , , , , , , , 
0.54, 0.0184634, 14.04, -0.6542969, 14.04, 0.4106445, 14.04, 0.4804688, 0.54, -0.0078889, 14.04, 0.8759766, 14.04, 0.4658203, 14.04, 0.0483398, 0.54, -0.0082246, 14.04, 0.3837891, 14.04, -0.8920898, 14.04, 0.2397461, 0.54, 0.0115816, 14.04, -0.5649414, 14.04, -0.7900391, 14.04, 0.1801758, , , , , , , , , , , , , , , , , , , , , , 
0.5405192, 0.0193027, 14.0535, -0.6518555, 14.0535, 0.4135742, 14.0535, 0.4692383, 0.5405192, -0.0075532, 14.0535, 0.875, 14.0535, 0.4648438, 14.0535, 0.0541992, 0.5405192, -0.0085603, 14.0535, 0.390625, 14.0535, -0.8754883, 14.0535, 0.2358398, 0.5405192, 0.0105745, 14.0535, -0.5600586, 14.0535, -0.7861328, 14.0535, 0.1889648, , , , , , , , , , , , , , , , , , , , , , 
0.5410385, 0.0169528, 14.067, -0.6601562, 14.067, 0.4213867, 14.067, 0.4780273, 0.5410385, -0.0062104, 14.067, 0.8691406, 14.067, 0.4746094, 14.067, 0.0410156, 0.5410385, -0.0099031, 14.067, 0.3798828, 14.067, -0.8769531, 14.067, 0.2421875, 0.5410385, 0.0078889, 14.067, -0.5605469, 14.067, -0.7866211, 14.067, 0.1870117, , , , , , , , , , , , , , , , , , , , , , 
0.5415577, 0.0119173, 14.0805, -0.6679688, 14.0805, 0.4233398, 14.0805, 0.4853516, 0.5415577, -0.0070497, 14.0805, 0.8686523, 14.0805, 0.4770508, 14.0805, 0.0405273, 0.5415577, -0.0115816, 14.0805, 0.3828125, 14.0805, -0.8876953, 14.0805, 0.2451172, 0.5415577, 0.005539, 14.0805, -0.5693359, 14.0805, -0.7929688, 14.0805, 0.1850586, , , , , , , , , , , , , , , , , , , , , , 
0.5420769, 0.0097353, 14.094, -0.6704102, 14.094, 0.4238281, 14.094, 0.4912109, 0.5420769, -0.0077211, 14.094, 0.8754883, 14.094, 0.4736328, 14.094, 0.0405273, 0.5420769, -0.0129244, 14.094, 0.3891602, 14.094, -0.8945312, 14.094, 0.2431641, 0.5420769, 0.0052033, 14.094, -0.5703125, 14.094, -0.800293, 14.094, 0.1967773, , , , , , , , , , , , , , , , , , , , , , 
0.5425962, 0.0124208, 14.1075, -0.6650391, 14.1075, 0.4160156, 14.1075, 0.4956055, 0.5425962, -0.0075532, 14.1075, 0.8725586, 14.1075, 0.4624023, 14.1075, 0.0380859, 0.5425962, -0.012253, 14.1075, 0.4125977, 14.1075, -0.8935547, 14.1075, 0.2353516, 0.5425962, 0.005539, 14.1075, -0.5644531, 14.1075, -0.8056641, 14.1075, 0.2045898, , , , , , , , , , , , , , , , , , , , , , 
0.5431154, 0.0166171, 14.121, -0.6689453, 14.121, 0.4189453, 14.121, 0.4921875, 0.5431154, -0.0075532, 14.121, 0.8813477, 14.121, 0.4570312, 14.121, 0.046875, 0.5431154, -0.0102388, 14.121, 0.4155273, 14.121, -0.8930664, 14.121, 0.2358398, 0.5431154, 0.0062104, 14.121, -0.5537109, 14.121, -0.8081055, 14.121, 0.2094727, , , , , , , , , , , , , , , , , , , , , , 
0.5436346, 0.0186313, 14.1345, -0.6708984, 14.1345, 0.421875, 14.1345, 0.4829102, 0.5436346, -0.008896, 14.1345, 0.8808594, 14.1345, 0.4638672, 14.1345, 0.0483398, 0.5436346, -0.0083925, 14.1345, 0.4038086, 14.1345, -0.9033203, 14.1345, 0.2412109, 0.5436346, 0.0075532, 14.1345, -0.5595703, 14.1345, -0.8139648, 14.1345, 0.2055664, , , , , , , , , , , , , , , , , , , , , , 
0.5441538, 0.0209812, 14.148, -0.675293, 14.148, 0.4165039, 14.148, 0.4770508, 0.5441538, -0.0102388, 14.148, 0.887207, 14.148, 0.4648438, 14.148, 0.0385742, 0.5441538, -0.0099031, 14.148, 0.3989258, 14.148, -0.9042969, 14.148, 0.2387695, 0.5441538, 0.0078889, 14.148, -0.5703125, 14.148, -0.8095703, 14.148, 0.2011719, , , , , , , , , , , , , , , , , , , , , , 
0.5446731, 0.0256809, 14.1615, -0.6635742, 14.1615, 0.4101562, 14.1615, 0.4956055, 0.5446731, -0.0102388, 14.1615, 0.8696289, 14.1615, 0.456543, 14.1615, 0.0429688, 0.5446731, -0.0132601, 14.1615, 0.394043, 14.1615, -0.8935547, 14.1615, 0.2358398, 0.5446731, 0.0065461, 14.1615, -0.5678711, 14.1615, -0.796875, 14.1615, 0.199707, , , , , , , , , , , , , , , , , , , , , , 
0.5451923, 0.0287022, 14.175, -0.6630859, 14.175, 0.4082031, 14.175, 0.4882812, 0.5451923, -0.008896, 14.175, 0.8666992, 14.175, 0.4536133, 14.175, 0.0488281, 0.5451923, -0.0142672, 14.175, 0.4077148, 14.175, -0.8823242, 14.175, 0.2299805, 0.5451923, 0.0031891, 14.175, -0.5664062, 14.175, -0.7993164, 14.175, 0.1992188, , , , , , , , , , , , , , , , , , , , , , 
0.5457115, 0.0275273, 14.1885, -0.668457, 14.1885, 0.4130859, 14.1885, 0.4672852, 0.5457115, -0.0072175, 14.1885, 0.8818359, 14.1885, 0.4599609, 14.1885, 0.0488281, 0.5457115, -0.0132601, 14.1885, 0.3950195, 14.1885, -0.8852539, 14.1885, 0.2314453, 0.5457115, -0.0018463, 14.1885, -0.565918, 14.1885, -0.8041992, 14.1885, 0.1967773, , , , , , , , , , , , , , , , , , , , , , 
0.5462308, 0.0287022, 14.202, -0.6743164, 14.202, 0.4160156, 14.202, 0.46875, 0.5462308, -0.0078889, 14.202, 0.8691406, 14.202, 0.4707031, 14.202, 0.0561523, 0.5462308, -0.0125887, 14.202, 0.3706055, 14.202, -0.894043, 14.202, 0.2412109, 0.5462308, -0.0052033, 14.202, -0.5708008, 14.202, -0.7998047, 14.202, 0.184082, , , , , , , , , , , , , , , , , , , , , , 
0.54675, 0.0360876, 14.2155, -0.6547852, 14.2155, 0.4091797, 14.2155, 0.4707031, 0.54675, -0.0072175, 14.2155, 0.8623047, 14.2155, 0.4711914, 14.2155, 0.0546875, 0.54675, -0.0125887, 14.2155, 0.3657227, 14.2155, -0.8867188, 14.2155, 0.2363281, 0.54675, -0.0058747, 14.2155, -0.5610352, 14.2155, -0.7885742, 14.2155, 0.1826172, , , , , , , , , , , , , , , , , , , , , , 
0.5472692, 0.0454871, 14.229, -0.6474609, 14.229, 0.4082031, 14.229, 0.4780273, 0.5472692, -0.0048676, 14.229, 0.8574219, 14.229, 0.4648438, 14.229, 0.0415039, 0.5472692, -0.0112459, 14.229, 0.3696289, 14.229, -0.8720703, 14.229, 0.2373047, 0.5472692, -0.0073854, 14.229, -0.5498047, 14.229, -0.7807617, 14.229, 0.1835938, , , , , , , , , , , , , , , , , , , , , , 
0.5477885, 0.0493477, 14.2425, -0.6538086, 14.2425, 0.4086914, 14.2425, 0.4780273, 0.5477885, -0.0043641, 14.2425, 0.8637695, 14.2425, 0.4594727, 14.2425, 0.0488281, 0.5477885, -0.0082246, 14.2425, 0.4086914, 14.2425, -0.8725586, 14.2425, 0.234375, 0.5477885, -0.008896, 14.2425, -0.5473633, 14.2425, -0.7871094, 14.2425, 0.1835938, , , , , , , , , , , , , , , , , , , , , , 
0.5483077, 0.0384375, 14.256, -0.675293, 14.256, 0.4125977, 14.256, 0.4741211, 0.5483077, -0.0068818, 14.256, 0.8779297, 14.256, 0.4604492, 14.256, 0.0595703, 0.5483077, -0.0058747, 14.256, 0.4082031, 14.256, -0.8950195, 14.256, 0.2260742, 0.5483077, -0.010071, 14.256, -0.5532227, 14.256, -0.8110352, 14.256, 0.1889648, , , , , , , , , , , , , , , , , , , , , , 
0.5488269, 0.0213169, 14.2695, -0.6806641, 14.2695, 0.4135742, 14.2695, 0.4614258, 0.5488269, -0.0077211, 14.2695, 0.878418, 14.2695, 0.4648438, 14.2695, 0.0639648, 0.5488269, -0.0036927, 14.2695, 0.3964844, 14.2695, -0.9091797, 14.2695, 0.2314453, 0.5488269, -0.0099031, 14.2695, -0.5537109, 14.2695, -0.8188477, 14.2695, 0.1923828, , , , , , , , , , , , , , , , , , , , , , 
0.5493462, 0.0090639, 14.283, -0.6650391, 14.283, 0.4145508, 14.283, 0.4667969, 0.5493462, -0.0082246, 14.283, 0.8686523, 14.283, 0.4702148, 14.283, 0.0424805, 0.5493462, -0.0041962, 14.283, 0.3696289, 14.283, -0.9086914, 14.283, 0.2475586, 0.5493462, -0.0048676, 14.283, -0.5576172, 14.283, -0.8095703, 14.283, 0.1889648, , , , , , , , , , , , , , , , , , , , , , 
0.5498654, 0.005539, 14.2965, -0.6494141, 14.2965, 0.418457, 14.2965, 0.4887695, 0.5498654, -0.0102388, 14.2965, 0.8603516, 14.2965, 0.4672852, 14.2965, 0.0385742, 0.5498654, -0.0045319, 14.2965, 0.3647461, 14.2965, -0.8803711, 14.2965, 0.2314453, 0.5498654, 0.0010071, 14.2965, -0.5639648, 14.2965, -0.7773438, 14.2965, 0.1884766, , , , , , , , , , , , , , , , , , , , , , 
0.5503846, 0.0058747, 14.31, -0.65625, 14.31, 0.4082031, 14.31, 0.4882812, 0.5503846, -0.0083925, 14.31, 0.871582, 14.31, 0.4541016, 14.31, 0.0458984, 0.5503846, -0.0023499, 14.31, 0.3876953, 14.31, -0.8603516, 14.31, 0.2211914, 0.5503846, 0.0065461, 14.31, -0.5644531, 14.31, -0.7773438, 14.31, 0.1933594, , , , , , , , , , , , , , , , , , , , , , 
0.5509038, 0.0038605, 14.3235, -0.6791992, 14.3235, 0.4057617, 14.3235, 0.4760742, 0.5509038, -0.0072175, 14.3235, 0.8945312, 14.3235, 0.449707, 14.3235, 0.0522461, 0.5509038, -0.0001678, 14.3235, 0.4145508, 14.3235, -0.8837891, 14.3235, 0.2368164, 0.5509038, 0.0112459, 14.3235, -0.5644531, 14.3235, -0.8061523, 14.3235, 0.2006836, , , , , , , , , , , , , , , , , , , , , , 
0.5514231, -0.0010071, 14.337, -0.6796875, 14.337, 0.4077148, 14.337, 0.4697266, 0.5514231, -0.0075532, 14.337, 0.9013672, 14.337, 0.453125, 14.337, 0.0546875, 0.5514231, -0.0001678, 14.337, 0.4047852, 14.337, -0.9140625, 14.337, 0.2426758, 0.5514231, 0.0146029, 14.337, -0.5595703, 14.337, -0.8242188, 14.337, 0.1967773, , , , , , , , , , , , , , , , , , , , , , 
0.5519423, -0.0048676, 14.3505, -0.6630859, 14.3505, 0.4091797, 14.3505, 0.4746094, 0.5519423, -0.0083925, 14.3505, 0.8647461, 14.3505, 0.4555664, 14.3505, 0.0600586, 0.5519423, -0.0028534, 14.3505, 0.3769531, 14.3505, -0.9023438, 14.3505, 0.230957, 0.5519423, 0.018967, 14.3505, -0.5488281, 14.3505, -0.8076172, 14.3505, 0.1953125, , , , , , , , , , , , , , , , , , , , , , 
0.5524615, -0.0082246, 14.364, -0.6616211, 14.364, 0.4150391, 14.364, 0.4833984, 0.5524615, -0.0068818, 14.364, 0.8510742, 14.364, 0.4633789, 14.364, 0.0424805, 0.5524615, -0.0043641, 14.364, 0.3691406, 14.364, -0.8769531, 14.364, 0.2211914, 0.5524615, 0.0229953, 14.364, -0.5493164, 14.364, -0.7875977, 14.364, 0.1860352, , , , , , , , , , , , , , , , , , , , , , 
0.5529808, -0.0092317, 14.3775, -0.6831055, 14.3775, 0.4091797, 14.3775, 0.4848633, 0.5529808, -0.0050355, 14.3775, 0.8789062, 14.3775, 0.4599609, 14.3775, 0.0493164, 0.5529808, -0.005539, 14.3775, 0.4018555, 14.3775, -0.878418, 14.3775, 0.2250977, 0.5529808, 0.0253452, 14.3775, -0.5507812, 14.3775, -0.7890625, 14.3775, 0.1894531, , , , , , , , , , , , , , , , , , , , , , 
0.5535, -0.0097353, 14.391, -0.6855469, 14.391, 0.4038086, 14.391, 0.4794922, 0.5535, -0.005539, 14.391, 0.9018555, 14.391, 0.4492188, 14.391, 0.0512695, 0.5535, -0.0045319, 14.391, 0.4213867, 14.391, -0.9023438, 14.391, 0.2407227, 0.5535, 0.0276951, 14.391, -0.5498047, 14.391, -0.8139648, 14.391, 0.1953125, , , , , , , , , , , , , , , , , , , , , , 
0.5540192, -0.012253, 14.4045, -0.6547852, 14.4045, 0.3999023, 14.4045, 0.4667969, 0.5540192, -0.0070497, 14.4045, 0.8823242, 14.4045, 0.4443359, 14.4045, 0.0551758, 0.5540192, -0.0028534, 14.4045, 0.4204102, 14.4045, -0.9072266, 14.4045, 0.2436523, 0.5540192, 0.0303807, 14.4045, -0.5566406, 14.4045, -0.8242188, 14.4045, 0.1977539, , , , , , , , , , , , , , , , , , , , , , 
0.5545385, -0.0149386, 14.418, -0.6489258, 14.418, 0.402832, 14.418, 0.4628906, 0.5545385, -0.0085603, 14.418, 0.8515625, 14.418, 0.456543, 14.418, 0.0585938, 0.5545385, -0.0015106, 14.418, 0.3803711, 14.418, -0.8881836, 14.418, 0.2299805, 0.5545385, 0.0340734, 14.418, -0.5605469, 14.418, -0.8144531, 14.418, 0.1953125, , , , , , , , , , , , , , , , , , , , , , 
0.5550577, -0.0179599, 14.4315, -0.6621094, 14.4315, 0.4165039, 14.4315, 0.4638672, 0.5550577, -0.0095674, 14.4315, 0.8603516, 14.4315, 0.472168, 14.4315, 0.0561523, 0.5550577, -0.0015106, 14.4315, 0.3564453, 14.4315, -0.8666992, 14.4315, 0.2207031, 0.5550577, 0.0374304, 14.4315, -0.5688477, 14.4315, -0.7841797, 14.4315, 0.1879883, , , , , , , , , , , , , , , , , , , , , , 
0.5555769, -0.01561, 14.445, -0.6889648, 14.445, 0.4160156, 14.445, 0.46875, 0.5555769, -0.0092317, 14.445, 0.8647461, 14.445, 0.4643555, 14.445, 0.0512695, 0.5555769, -0.0028534, 14.445, 0.3583984, 14.445, -0.8769531, 14.445, 0.2250977, 0.5555769, 0.0357519, 14.445, -0.5600586, 14.445, -0.7763672, 14.445, 0.1782227, , , , , , , , , , , , , , , , , , , , , , 
0.5560962, -0.0109102, 14.4585, -0.6835938, 14.4585, 0.4067383, 14.4585, 0.4794922, 0.5560962, -0.0102388, 14.4585, 0.8681641, 14.4585, 0.4550781, 14.4585, 0.0473633, 0.5560962, -0.0035248, 14.4585, 0.3935547, 14.4585, -0.8984375, 14.4585, 0.2353516, 0.5560962, 0.0305486, 14.4585, -0.5473633, 14.4585, -0.8037109, 14.4585, 0.1860352, , , , , , , , , , , , , , , , , , , , , , 
0.5566154, -0.005539, 14.472, -0.6523438, 14.472, 0.40625, 14.472, 0.4770508, 0.5566154, -0.0119173, 14.472, 0.8779297, 14.472, 0.4482422, 14.472, 0.0449219, 0.5566154, -0.0048676, 14.472, 0.4179688, 14.472, -0.8994141, 14.472, 0.2431641, 0.5566154, 0.0270237, 14.472, -0.5483398, 14.472, -0.8203125, 14.472, 0.1928711, , , , , , , , , , , , , , , , , , , , , , 
0.5571346, -0.0035248, 14.4855, -0.6494141, 14.4855, 0.4238281, 14.4855, 0.4560547, 0.5571346, -0.0105745, 14.4855, 0.8730469, 14.4855, 0.4697266, 14.4855, 0.0551758, 0.5571346, -0.0075532, 14.4855, 0.3857422, 14.4855, -0.8920898, 14.4855, 0.2324219, 0.5571346, 0.023331, 14.4855, -0.559082, 14.4855, -0.8134766, 14.4855, 0.1865234, , , , , , , , , , , , , , , , , , , , , , 
0.5576538, -0.0031891, 14.499, -0.6645508, 14.499, 0.4375, 14.499, 0.4560547, 0.5576538, -0.0078889, 14.499, 0.8549805, 14.499, 0.4892578, 14.499, 0.0561523, 0.5576538, -0.0078889, 14.499, 0.3579102, 14.499, -0.894043, 14.499, 0.2299805, 0.5576538, 0.0193027, 14.499, -0.5654297, 14.499, -0.7963867, 14.499, 0.1835938, , , , , , , , , , , , , , , , , , , , , , 
0.5581731, -0.0003357, 14.5125, -0.6665039, 14.5125, 0.4223633, 14.5125, 0.4755859, 0.5581731, -0.0065461, 14.5125, 0.8554688, 14.5125, 0.4702148, 14.5125, 0.0371094, 0.5581731, -0.005539, 14.5125, 0.375, 14.5125, -0.8862305, 14.5125, 0.2358398, 0.5581731, 0.0166171, 14.5125, -0.5546875, 14.5125, -0.777832, 14.5125, 0.1879883, , , , , , , , , , , , , , , , , , , , , , 
0.5586923, 0.0058747, 14.526, -0.6552734, 14.526, 0.4057617, 14.526, 0.4868164, 0.5586923, -0.0077211, 14.526, 0.8491211, 14.526, 0.4467773, 14.526, 0.0307617, 0.5586923, -0.0057069, 14.526, 0.3881836, 14.526, -0.8818359, 14.526, 0.237793, 0.5586923, 0.0142672, 14.526, -0.5541992, 14.526, -0.7919922, 14.526, 0.1987305, , , , , , , , , , , , , , , , , , , , , , 
0.5592115, 0.0166171, 14.5395, -0.6396484, 14.5395, 0.3999023, 14.5395, 0.4790039, 0.5592115, -0.0095674, 14.5395, 0.8676758, 14.5395, 0.4375, 14.5395, 0.0405273, 0.5592115, -0.008896, 14.5395, 0.4140625, 14.5395, -0.8759766, 14.5395, 0.2426758, 0.5592115, 0.0139315, 14.5395, -0.5644531, 14.5395, -0.8100586, 14.5395, 0.1982422, , , , , , , , , , , , , , , , , , , , , , 
0.5597308, 0.026688, 14.553, -0.6469727, 14.553, 0.4174805, 14.553, 0.4580078, 0.5597308, -0.0109102, 14.553, 0.8662109, 14.553, 0.4550781, 14.553, 0.0439453, 0.5597308, -0.0102388, 14.553, 0.4116211, 14.553, -0.8774414, 14.553, 0.2460938, 0.5597308, 0.0125887, 14.553, -0.5766602, 14.553, -0.8115234, 14.553, 0.1938477, , , , , , , , , , , , , , , , , , , , , , 
0.56025, 0.0297093, 14.5665, -0.6411133, 14.5665, 0.421875, 14.5665, 0.4526367, 0.56025, -0.0102388, 14.5665, 0.8461914, 14.5665, 0.4677734, 14.5665, 0.0385742, 0.56025, -0.0109102, 14.5665, 0.3818359, 14.5665, -0.8813477, 14.5665, 0.2426758, 0.56025, 0.0078889, 14.5665, -0.5751953, 14.5665, -0.800293, 14.5665, 0.1938477, , , , , , , , , , , , , , , , , , , , , , 
0.5607692, 0.033402, 14.58, -0.6347656, 14.58, 0.4208984, 14.58, 0.4584961, 0.5607692, -0.0092317, 14.58, 0.8261719, 14.58, 0.4658203, 14.58, 0.0341797, 0.5607692, -0.0095674, 14.58, 0.3544922, 14.58, -0.8686523, 14.58, 0.2348633, 0.5607692, 0.0045319, 14.58, -0.5673828, 14.58, -0.7685547, 14.58, 0.1904297, , , , , , , , , , , , , , , , , , , , , , 
0.5612885, 0.0384375, 14.5935, -0.6313477, 14.5935, 0.4091797, 14.5935, 0.4804688, 0.5612885, -0.0078889, 14.5935, 0.8149414, 14.5935, 0.4584961, 14.5935, 0.0195312, 0.5612885, -0.0068818, 14.5935, 0.3652344, 14.5935, -0.8574219, 14.5935, 0.2353516, 0.5612885, 0.0036927, 14.5935, -0.5678711, 14.5935, -0.7709961, 14.5935, 0.1918945, , , , , , , , , , , , , , , , , , , , , , 
0.5618077, 0.0344091, 14.607, -0.6352539, 14.607, 0.3974609, 14.607, 0.480957, 0.5618077, -0.0068818, 14.607, 0.8500977, 14.607, 0.4448242, 14.607, 0.0253906, 0.5618077, -0.0068818, 14.607, 0.3969727, 14.607, -0.8657227, 14.607, 0.2382812, 0.5618077, 0.0030213, 14.607, -0.5727539, 14.607, -0.7905273, 14.607, 0.1860352, , , , , , , , , , , , , , , , , , , , , , 
0.5623269, 0.0298772, 14.6205, -0.6396484, 14.6205, 0.4013672, 14.6205, 0.4609375, 0.5623269, -0.0062104, 14.6205, 0.8681641, 14.6205, 0.4472656, 14.6205, 0.0395508, 0.5623269, -0.0099031, 14.6205, 0.3950195, 14.6205, -0.8891602, 14.6205, 0.2358398, 0.5623269, 0.003357, 14.6205, -0.5664062, 14.6205, -0.8154297, 14.6205, 0.1801758, , , , , , , , , , , , , , , , , , , , , , 
0.5628462, 0.0307164, 14.634, -0.6376953, 14.634, 0.4086914, 14.634, 0.4375, 0.5628462, -0.0068818, 14.634, 0.8535156, 14.634, 0.4511719, 14.634, 0.0473633, 0.5628462, -0.012253, 14.634, 0.3642578, 14.634, -0.8984375, 14.634, 0.2368164, 0.5628462, 0.0048676, 14.634, -0.5473633, 14.634, -0.8188477, 14.634, 0.1835938, , , , , , , , , , , , , , , , , , , , , , 
0.5633654, 0.0330663, 14.6475, -0.6337891, 14.6475, 0.4023438, 14.6475, 0.4311523, 0.5633654, -0.005539, 14.6475, 0.8266602, 14.6475, 0.4399414, 14.6475, 0.0483398, 0.5633654, -0.0115816, 14.6475, 0.347168, 14.6475, -0.8745117, 14.6475, 0.2329102, 0.5633654, 0.0068818, 14.6475, -0.5371094, 14.6475, -0.7905273, 14.6475, 0.1835938, , , , , , , , , , , , , , , , , , , , , , 
0.5638846, 0.03122, 14.661, -0.6293945, 14.661, 0.3837891, 14.661, 0.4506836, 0.5638846, -0.0031891, 14.661, 0.8012695, 14.661, 0.4257812, 14.661, 0.0424805, 0.5638846, -0.0104067, 14.661, 0.3535156, 14.661, -0.8540039, 14.661, 0.2304688, 0.5638846, 0.008896, 14.661, -0.5415039, 14.661, -0.7675781, 14.661, 0.1772461, , , , , , , , , , , , , , , , , , , , , , 
0.5644038, 0.0287022, 14.6745, -0.6357422, 14.6745, 0.3691406, 14.6745, 0.449707, 0.5644038, -0.0041962, 14.6745, 0.8339844, 14.6745, 0.4077148, 14.6745, 0.0541992, 0.5644038, -0.0115816, 14.6745, 0.3876953, 14.6745, -0.8261719, 14.6745, 0.2197266, 0.5644038, 0.0105745, 14.6745, -0.5458984, 14.6745, -0.7739258, 14.6745, 0.1743164, , , , , , , , , , , , , , , , , , , , , , 
0.5649231, 0.0280308, 14.688, -0.6518555, 14.688, 0.3759766, 14.688, 0.4208984, 0.5649231, -0.005539, 14.688, 0.8676758, 14.688, 0.4140625, 14.688, 0.0712891, 0.5649231, -0.0117494, 14.688, 0.3911133, 14.688, -0.8383789, 14.688, 0.2055664, 0.5649231, 0.0099031, 14.688, -0.5380859, 14.688, -0.7998047, 14.688, 0.1708984, , , , , , , , , , , , , , , , , , , , , , 
0.5654423, 0.026688, 14.7015, -0.6601562, 14.7015, 0.3891602, 14.7015, 0.3984375, 0.5654423, -0.0072175, 14.7015, 0.8598633, 14.7015, 0.4213867, 14.7015, 0.0742188, 0.5654423, -0.0112459, 14.7015, 0.3505859, 14.7015, -0.8808594, 14.7015, 0.2177734, 0.5654423, 0.0073854, 14.7015, -0.5219727, 14.7015, -0.8081055, 14.7015, 0.168457, , , , , , , , , , , , , , , , , , , , , , 
0.5659615, 0.0273594, 14.715, -0.6479492, 14.715, 0.3916016, 14.715, 0.4106445, 0.5659615, -0.0082246, 14.715, 0.8037109, 14.715, 0.4350586, 14.715, 0.0742188, 0.5659615, -0.0129244, 14.715, 0.3012695, 14.715, -0.8979492, 14.715, 0.2167969, 0.5659615, 0.0030213, 14.715, -0.519043, 14.715, -0.8046875, 14.715, 0.1674805, , , , , , , , , , , , , , , , , , , , , , 
0.5664808, 0.0287022, 14.7285, -0.6450195, 14.7285, 0.3842773, 14.7285, 0.4189453, 0.5664808, -0.0083925, 14.7285, 0.7929688, 14.7285, 0.4296875, 14.7285, 0.0678711, 0.5664808, -0.0146029, 14.7285, 0.3017578, 14.7285, -0.8735352, 14.7285, 0.2172852, 0.5664808, 0.0008392, 14.7285, -0.5175781, 14.7285, -0.7885742, 14.7285, 0.1606445, , , , , , , , , , , , , , , , , , , , , , 
0.567, 0.026688, 14.742, -0.6455078, 14.742, 0.3774414, 14.742, 0.4248047, 0.567, -0.0075532, 14.742, 0.8198242, 14.742, 0.4052734, 14.742, 0.0576172, 0.567, -0.0149386, 14.742, 0.3461914, 14.742, -0.8491211, 14.742, 0.2177734, 0.567, 0.0005035, 14.742, -0.519043, 14.742, -0.777832, 14.742, 0.1582031, , , , , , , , , , , , , , , , , , , , , , 
0.5675192, 0.0193027, 14.7555, -0.6420898, 14.7555, 0.3657227, 14.7555, 0.418457, 0.5675192, -0.0075532, 14.7555, 0.8515625, 14.7555, 0.3842773, 14.7555, 0.0678711, 0.5675192, -0.0129244, 14.7555, 0.3652344, 14.7555, -0.8417969, 14.7555, 0.2094727, 0.5675192, -0.002182, 14.7555, -0.5161133, 14.7555, -0.7836914, 14.7555, 0.1650391, , , , , , , , , , , , , , , , , , , , , , 
0.5680385, 0.0125887, 14.769, -0.6308594, 14.769, 0.3613281, 14.769, 0.4135742, 0.5680385, -0.0075532, 14.769, 0.8256836, 14.769, 0.3847656, 14.769, 0.0698242, 0.5680385, -0.0139315, 14.769, 0.3623047, 14.769, -0.8544922, 14.769, 0.199707, 0.5680385, -0.0063783, 14.769, -0.5200195, 14.769, -0.7944336, 14.769, 0.1767578, , , , , , , , , , , , , , , , , , , , , , 
0.5685577, 0.0135958, 14.7825, -0.6362305, 14.7825, 0.3618164, 14.7825, 0.4169922, 0.5685577, -0.0068818, 14.7825, 0.7988281, 14.7825, 0.394043, 14.7825, 0.0634766, 0.5685577, -0.0164492, 14.7825, 0.3588867, 14.7825, -0.8569336, 14.7825, 0.1879883, 0.5685577, -0.0075532, 14.7825, -0.5087891, 14.7825, -0.7973633, 14.7825, 0.1904297, , , , , , , , , , , , , , , , , , , , , , 
0.5690769, 0.0169528, 14.796, -0.6479492, 14.796, 0.3583984, 14.796, 0.425293, 0.5690769, -0.0063783, 14.796, 0.8125, 14.796, 0.3862305, 14.796, 0.0546875, 0.5690769, -0.0162814, 14.796, 0.3525391, 14.796, -0.8579102, 14.796, 0.1806641, 0.5690769, -0.0041962, 14.796, -0.4897461, 14.796, -0.7895508, 14.796, 0.1850586, , , , , , , , , , , , , , , , , , , , , , 
0.5695962, 0.0127565, 14.8095, -0.6645508, 14.8095, 0.3408203, 14.8095, 0.4199219, 0.5695962, -0.0068818, 14.8095, 0.8491211, 14.8095, 0.3598633, 14.8095, 0.0654297, 0.5695962, -0.0135958, 14.8095, 0.3535156, 14.8095, -0.8676758, 14.8095, 0.2016602, 0.5695962, 0.0018463, 14.8095, -0.4790039, 14.8095, -0.7988281, 14.8095, 0.1772461, , , , , , , , , , , , , , , , , , , , , , 
0.5701154, 0.0105745, 14.823, -0.6674805, 14.823, 0.3183594, 14.823, 0.4077148, 0.5701154, -0.0057069, 14.823, 0.8681641, 14.823, 0.3408203, 14.823, 0.0688477, 0.5701154, -0.0117494, 14.823, 0.3574219, 14.823, -0.8720703, 14.823, 0.2109375, 0.5701154, 0.0078889, 14.823, -0.4892578, 14.823, -0.7988281, 14.823, 0.1704102, , , , , , , , , , , , , , , , , , , , , , 
0.5706346, 0.0099031, 14.8365, -0.6357422, 14.8365, 0.3061523, 14.8365, 0.4130859, 0.5706346, -0.0052033, 14.8365, 0.8310547, 14.8365, 0.3227539, 14.8365, 0.0688477, 0.5706346, -0.0097353, 14.8365, 0.347168, 14.8365, -0.8457031, 14.8365, 0.1918945, 0.5706346, 0.0119173, 14.8365, -0.4931641, 14.8365, -0.784668, 14.8365, 0.175293, , , , , , , , , , , , , , , , , , , , , , 
0.5711538, 0.0072175, 14.85, -0.6083984, 14.85, 0.3046875, 14.85, 0.4135742, 0.5711538, -0.0077211, 14.85, 0.7670898, 14.85, 0.328125, 14.85, 0.0795898, 0.5711538, -0.008896, 14.85, 0.331543, 14.85, -0.8012695, 14.85, 0.1591797, 0.5711538, 0.0132601, 14.85, -0.4780273, 14.85, -0.7670898, 14.85, 0.1845703, , , , , , , , , , , , , , , , , , , , , , 
0.5716731, 0.0052033, 14.8635, -0.6274414, 14.8635, 0.3051758, 14.8635, 0.3969727, 0.5716731, -0.0112459, 14.8635, 0.7910156, 14.8635, 0.340332, 14.8635, 0.0820312, 0.5716731, -0.0075532, 14.8635, 0.3271484, 14.8635, -0.7890625, 14.8635, 0.152832, 0.5716731, 0.0169528, 14.8635, -0.4648438, 14.8635, -0.7612305, 14.8635, 0.184082, , , , , , , , , , , , , , , , , , , , , , 
0.5721923, 0.0075532, 14.877, -0.6811523, 14.877, 0.2836914, 14.877, 0.375, 0.5721923, -0.0112459, 14.877, 0.8554688, 14.877, 0.3222656, 14.877, 0.0825195, 0.5721923, -0.005539, 14.877, 0.3349609, 14.877, -0.8242188, 14.877, 0.1577148, 0.5721923, 0.0226596, 14.877, -0.4506836, 14.877, -0.7597656, 14.877, 0.175293, , , , , , , , , , , , , , , , , , , , , , 
0.5727115, 0.0048676, 14.8905, -0.6713867, 14.8905, 0.246582, 14.8905, 0.3881836, 0.5727115, -0.0112459, 14.8905, 0.8295898, 14.8905, 0.2729492, 14.8905, 0.0820312, 0.5727115, -0.0035248, 14.8905, 0.3339844, 14.8905, -0.84375, 14.8905, 0.1567383, 0.5727115, 0.0288701, 14.8905, -0.4404297, 14.8905, -0.7573242, 14.8905, 0.1694336, , , , , , , , , , , , , , , , , , , , , , 
0.5732308, -0.0052033, 14.904, -0.6333008, 14.904, 0.2197266, 14.904, 0.390625, 0.5732308, -0.0105745, 14.904, 0.7768555, 14.904, 0.2441406, 14.904, 0.0888672, 0.5732308, -0.0028534, 14.904, 0.3334961, 14.904, -0.8076172, 14.904, 0.1391602, 0.5732308, 0.0327306, 14.904, -0.418457, 14.904, -0.7592773, 14.904, 0.1743164, , , , , , , , , , , , , , , , , , , , , , 
0.57375, -0.0090639, 14.9175, -0.6132812, 14.9175, 0.2148438, 14.9175, 0.3803711, 0.57375, -0.0104067, 14.9175, 0.7646484, 14.9175, 0.2382812, 14.9175, 0.0893555, 0.57375, -0.003357, 14.9175, 0.331543, 14.9175, -0.7851562, 14.9175, 0.1401367, 0.57375, 0.0345769, 14.9175, -0.4003906, 14.9175, -0.7626953, 14.9175, 0.1772461, , , , , , , , , , , , , , , , , , , , , , 
0.5742692, -0.0018463, 14.931, -0.6201172, 14.931, 0.222168, 14.931, 0.3515625, 0.5742692, -0.0083925, 14.931, 0.7822266, 14.931, 0.246582, 14.931, 0.1049805, 0.5742692, -0.0025177, 14.931, 0.3413086, 14.931, -0.7543945, 14.931, 0.1274414, 0.5742692, 0.0374304, 14.931, -0.3891602, 14.931, -0.7470703, 14.931, 0.171875, , , , , , , , , , , , , , , , , , , , , , 
0.5747885, 0.008896, 14.9445, -0.6352539, 14.9445, 0.2226562, 14.9445, 0.3583984, 0.5747885, -0.0065461, 14.9445, 0.7905273, 14.9445, 0.2402344, 14.9445, 0.1049805, 0.5747885, -0.0010071, 14.9445, 0.34375, 14.9445, -0.7426758, 14.9445, 0.0786133, 0.5747885, 0.0387732, 14.9445, -0.3706055, 14.9445, -0.7353516, 14.9445, 0.1777344, , , , , , , , , , , , , , , , , , , , , , 
0.5753077, 0.0082246, 14.958, -0.6401367, 14.958, 0.2070312, 14.958, 0.3789062, 0.5753077, -0.0063783, 14.958, 0.777832, 14.958, 0.2246094, 14.958, 0.1152344, 0.5753077, -0.0015106, 14.958, 0.3261719, 14.958, -0.7641602, 14.958, 0.0351562, 0.5753077, 0.0391089, 14.958, -0.3496094, 14.958, -0.7519531, 14.958, 0.1879883, , , , , , , , , , , , , , , , , , , , , , 
0.5758269, 0.0045319, 14.9715, -0.644043, 14.9715, 0.175293, 14.9715, 0.3779297, 0.5758269, -0.0062104, 14.9715, 0.769043, 14.9715, 0.2006836, 14.9715, 0.1044922, 0.5758269, -0.002182, 14.9715, 0.3232422, 14.9715, -0.796875, 14.9715, 0.0625, 0.5758269, 0.0327306, 14.9715, -0.3178711, 14.9715, -0.7753906, 14.9715, 0.1708984, , , , , , , , , , , , , , , , , , , , , , 
0.5763462, 0.0092317, 14.985, -0.6650391, 14.985, 0.1547852, 14.985, 0.3242188, 0.5763462, -0.005539, 14.985, 0.7871094, 14.985, 0.1787109, 14.985, 0.0810547, 0.5763462, -0.0023499, 14.985, 0.3334961, 14.985, -0.8173828, 14.985, 0.1171875, 0.5763462, 0.0236667, 14.985, -0.2973633, 14.985, -0.7612305, 14.985, 0.1518555, , , , , , , , , , , , , , , , , , , , , , 
0.5768654, 0.0157778, 14.9985, -0.6923828, 14.9985, 0.1425781, 14.9985, 0.2768555, 0.5768654, -0.005539, 14.9985, 0.8344727, 14.9985, 0.1494141, 14.9985, 0.0869141, 0.5768654, -0.0031891, 14.9985, 0.3447266, 14.9985, -0.7929688, 14.9985, 0.1118164, 0.5768654, 0.0152743, 14.9985, -0.3134766, 14.9985, -0.7192383, 14.9985, 0.1645508, , , , , , , , , , , , , , , , , , , , , , 
0.5773846, 0.0184634, 15.012, -0.6665039, 15.012, 0.1240234, 15.012, 0.3022461, 0.5773846, -0.0052033, 15.012, 0.8066406, 15.012, 0.121582, 15.012, 0.1230469, 0.5773846, -0.0028534, 15.012, 0.3408203, 15.012, -0.7338867, 15.012, 0.0668945, 0.5773846, 0.0099031, 15.012, -0.3222656, 15.012, -0.7006836, 15.012, 0.1723633, , , , , , , , , , , , , , , , , , , , , , 
0.5779038, 0.018967, 15.0255, -0.6137695, 15.0255, 0.0986328, 15.0255, 0.3261719, 0.5779038, -0.0050355, 15.0255, 0.7050781, 15.0255, 0.109375, 15.0255, 0.1015625, 0.5779038, -0.0035248, 15.0255, 0.3330078, 15.0255, -0.6674805, 15.0255, 0.0458984, 0.5779038, 0.0068818, 15.0255, -0.3081055, 15.0255, -0.6884766, 15.0255, 0.1875, , , , , , , , , , , , , , , , , , , , , , 
0.5784231, 0.0196384, 15.039, -0.5986328, 15.039, 0.0981445, 15.039, 0.3120117, 0.5784231, -0.0068818, 15.039, 0.6938477, 15.039, 0.1123047, 15.039, 0.1064453, 0.5784231, -0.0048676, 15.039, 0.3125, 15.039, -0.6337891, 15.039, 0.0083008, 0.5784231, 0.0065461, 15.039, -0.2734375, 15.039, -0.6738281, 15.039, 0.206543, , , , , , , , , , , , , , , , , , , , , , 
0.5789423, 0.0203098, 15.0525, -0.6640625, 15.0525, 0.1020508, 15.0525, 0.2944336, 0.5789423, -0.0095674, 15.0525, 0.7827148, 15.0525, 0.1064453, 15.0525, 0.1445312, 0.5789423, -0.0072175, 15.0525, 0.3051758, 15.0525, -0.6464844, 15.0525, -0.0092773, 0.5789423, 0.0041962, 15.0525, -0.2797852, 15.0525, -0.6801758, 15.0525, 0.1992188, , , , , , , , , , , , , , , , , , , , , , 
0.5794615, 0.0221561, 15.066, -0.7167969, 15.066, 0.0800781, 15.066, 0.309082, 0.5794615, -0.0072175, 15.066, 0.8120117, 15.066, 0.0859375, 15.066, 0.1157227, 0.5794615, -0.0095674, 15.066, 0.309082, 15.066, -0.7250977, 15.066, -0.0209961, 0.5794615, 0.0028534, 15.066, -0.277832, 15.066, -0.7070312, 15.066, 0.1787109, , , , , , , , , , , , , , , , , , , , , , 
0.5799808, 0.0231632, 15.0795, -0.7075195, 15.0795, 0.0639648, 15.0795, 0.3100586, 0.5799808, -0.0041962, 15.0795, 0.7875977, 15.0795, 0.0791016, 15.0795, 0.1230469, 0.5799808, -0.0109102, 15.0795, 0.3134766, 15.0795, -0.7939453, 15.0795, -0.0112305, 0.5799808, 0.0052033, 15.0795, -0.2231445, 15.0795, -0.7353516, 15.0795, 0.1694336, , , , , , , , , , , , , , , , , , , , , , 
0.5805, 0.0243381, 15.093, -0.6694336, 15.093, 0.0375977, 15.093, 0.2919922, 0.5805, -0.0036927, 15.093, 0.7519531, 15.093, 0.0512695, 15.093, 0.1708984, 0.5805, -0.0095674, 15.093, 0.3168945, 15.093, -0.7993164, 15.093, -0.0214844, 0.5805, 0.0052033, 15.093, -0.1733398, 15.093, -0.762207, 15.093, 0.1762695, , , , , , , , , , , , , , , , , , , , , , 
0.5810192, 0.023331, 15.1065, -0.6616211, 15.1065, 0.0361328, 15.1065, 0.2709961, 0.5810192, -0.0048676, 15.1065, 0.7543945, 15.1065, 0.0351562, 15.1065, 0.1621094, 0.5810192, -0.0078889, 15.1065, 0.3256836, 15.1065, -0.7822266, 15.1065, -0.046875, 0.5810192, 0.0031891, 15.1065, -0.1586914, 15.1065, -0.7841797, 15.1065, 0.175293, , , , , , , , , , , , , , , , , , , , , , 
0.5815385, 0.0236667, 15.12, -0.6918945, 15.12, 0.0351562, 15.12, 0.2666016, 0.5815385, -0.0058747, 15.12, 0.7749023, 15.12, 0.034668, 15.12, 0.1601562, 0.5815385, -0.0063783, 15.12, 0.3266602, 15.12, -0.7714844, 15.12, -0.0512695, 0.5815385, 0.0023499, 15.12, -0.1420898, 15.12, -0.7890625, 15.12, 0.1704102, , , , , , , , , , , , , , , , , , , , , , 
0.5820577, 0.026688, 15.1335, -0.6928711, 15.1335, 0.019043, 15.1335, 0.28125, 0.5820577, -0.0062104, 15.1335, 0.7626953, 15.1335, 0.0327148, 15.1335, 0.1430664, 0.5820577, -0.0058747, 15.1335, 0.3261719, 15.1335, -0.7558594, 15.1335, -0.0595703, 0.5820577, 0.0003357, 15.1335, -0.1166992, 15.1335, -0.7573242, 15.1335, 0.1738281, , , , , , , , , , , , , , , , , , , , , , 
0.5825769, 0.0240024, 15.147, -0.6645508, 15.147, -0.0039062, 15.147, 0.293457, 0.5825769, -0.005539, 15.147, 0.7275391, 15.147, 0.0083008, 15.147, 0.1416016, 0.5825769, -0.0072175, 15.147, 0.3076172, 15.147, -0.722168, 15.147, -0.09375, 0.5825769, -0.0005035, 15.147, -0.1166992, 15.147, -0.7148438, 15.147, 0.184082, , , , , , , , , , , , , , , , , , , , , , 
0.5830962, 0.0186313, 15.1605, -0.6469727, 15.1605, -0.0180664, 15.1605, 0.2807617, 0.5830962, -0.0057069, 15.1605, 0.7109375, 15.1605, -0.0131836, 15.1605, 0.1655273, 0.5830962, -0.0095674, 15.1605, 0.3173828, 15.1605, -0.7099609, 15.1605, -0.1113281, 0.5830962, 0.002182, 15.1605, -0.1225586, 15.1605, -0.706543, 15.1605, 0.1811523, , , , , , , , , , , , , , , , , , , , , , 
0.5836154, 0.014435, 15.174, -0.7011719, 15.174, -0.03125, 15.174, 0.2670898, 0.5836154, -0.0062104, 15.174, 0.7602539, 15.174, -0.0454102, 15.174, 0.1723633, 0.5836154, -0.0115816, 15.174, 0.3256836, 15.174, -0.715332, 15.174, -0.1132812, 0.5836154, 0.0045319, 15.174, -0.1225586, 15.174, -0.7143555, 15.174, 0.1738281, , , , , , , , , , , , , , , , , , , , , , 
0.5841346, 0.0117494, 15.1875, -0.7319336, 15.1875, -0.0473633, 15.1875, 0.2583008, 0.5841346, -0.0062104, 15.1875, 0.7700195, 15.1875, -0.0546875, 15.1875, 0.1694336, 0.5841346, -0.0125887, 15.1875, 0.3369141, 15.1875, -0.7431641, 15.1875, -0.1049805, 0.5841346, 0.0050355, 15.1875, -0.0957031, 15.1875, -0.7426758, 15.1875, 0.1801758, , , , , , , , , , , , , , , , , , , , , , 
0.5846538, 0.0105745, 15.201, -0.7050781, 15.201, -0.0791016, 15.201, 0.2734375, 0.5846538, -0.005539, 15.201, 0.762207, 15.201, -0.0576172, 15.201, 0.1733398, 0.5846538, -0.0129244, 15.201, 0.3198242, 15.201, -0.7592773, 15.201, -0.125, 0.5846538, 0.0041962, 15.201, -0.0703125, 15.201, -0.7636719, 15.201, 0.168457, , , , , , , , , , , , , , , , , , , , , , 
0.5851731, 0.008896, 15.2145, -0.6621094, 15.2145, -0.0996094, 15.2145, 0.265625, 0.5851731, -0.005539, 15.2145, 0.7255859, 15.2145, -0.0737305, 15.2145, 0.1831055, 0.5851731, -0.0142672, 15.2145, 0.2836914, 15.2145, -0.7636719, 15.2145, -0.1352539, 0.5851731, 0.0018463, 15.2145, -0.0610352, 15.2145, -0.7817383, 15.2145, 0.1679688, , , , , , , , , , , , , , , , , , , , , , 
0.5856923, 0.0082246, 15.228, -0.6669922, 15.228, -0.1010742, 15.228, 0.2539062, 0.5856923, -0.0075532, 15.228, 0.7285156, 15.228, -0.1005859, 15.228, 0.2006836, 0.5856923, -0.0157778, 15.228, 0.265625, 15.228, -0.7583008, 15.228, -0.1337891, 0.5856923, -0.0015106, 15.228, -0.0546875, 15.228, -0.7958984, 15.228, 0.1674805, , , , , , , , , , , , , , , , , , , , , , 
0.5862115, 0.0130922, 15.2415, -0.6943359, 15.2415, -0.109375, 15.2415, 0.2768555, 0.5862115, -0.0075532, 15.2415, 0.7597656, 15.2415, -0.1318359, 15.2415, 0.1665039, 0.5862115, -0.01561, 15.2415, 0.3046875, 15.2415, -0.7631836, 15.2415, -0.1318359, 0.5862115, -0.005539, 15.2415, -0.0351562, 15.2415, -0.7856445, 15.2415, 0.175293, , , , , , , , , , , , , , , , , , , , , , 
0.5867308, 0.0198062, 15.255, -0.7045898, 15.255, -0.1152344, 15.255, 0.2929688, 0.5867308, -0.0068818, 15.255, 0.7763672, 15.255, -0.1464844, 15.255, 0.1240234, 0.5867308, -0.0135958, 15.255, 0.3598633, 15.255, -0.7446289, 15.255, -0.159668, 0.5867308, -0.0082246, 15.255, -0.0209961, 15.255, -0.746582, 15.255, 0.1943359, , , , , , , , , , , , , , , , , , , , , , 
0.58725, 0.0206455, 15.2685, -0.7163086, 15.2685, -0.1298828, 15.2685, 0.3149414, 0.58725, -0.0063783, 15.2685, 0.7539062, 15.2685, -0.1298828, 15.2685, 0.1040039, 0.58725, -0.0099031, 15.2685, 0.3793945, 15.2685, -0.7094727, 15.2685, -0.1552734, 0.58725, -0.0090639, 15.2685, -0.0151367, 15.2685, -0.699707, 15.2685, 0.21875, , , , , , , , , , , , , , , , , , , , , , 
0.5877692, 0.0179599, 15.282, -0.7236328, 15.282, -0.1376953, 15.282, 0.2880859, 0.5877692, -0.005539, 15.282, 0.7607422, 15.282, -0.1210938, 15.282, 0.1875, 0.5877692, -0.0085603, 15.282, 0.402832, 15.282, -0.6889648, 15.282, -0.1699219, 0.5877692, -0.0083925, 15.282, -0.0219727, 15.282, -0.6816406, 15.282, 0.2084961, , , , , , , , , , , , , , , , , , , , , , 
0.5882885, 0.017792, 15.2955, -0.7338867, 15.2955, -0.1430664, 15.2955, 0.2363281, 0.5882885, -0.0068818, 15.2955, 0.809082, 15.2955, -0.1474609, 15.2955, 0.2446289, 0.5882885, -0.0077211, 15.2955, 0.4008789, 15.2955, -0.7260742, 15.2955, -0.1738281, 0.5882885, -0.0075532, 15.2955, -0.0219727, 15.2955, -0.75, 15.2955, 0.1894531, , , , , , , , , , , , , , , , , , , , , , 
0.5888077, 0.0112459, 15.309, -0.762207, 15.309, -0.1572266, 15.309, 0.2255859, 0.5888077, -0.0099031, 15.309, 0.8149414, 15.309, -0.1811523, 15.309, 0.2285156, 0.5888077, -0.0070497, 15.309, 0.3740234, 15.309, -0.765625, 15.309, -0.1704102, 0.5888077, -0.0070497, 15.309, -0.0092773, 15.309, -0.8041992, 15.309, 0.1806641, , , , , , , , , , , , , , , , , , , , , , 
0.5893269, 0.0043641, 15.3225, -0.7792969, 15.3225, -0.2050781, 15.3225, 0.2294922, 0.5893269, -0.0112459, 15.3225, 0.7998047, 15.3225, -0.2006836, 15.3225, 0.2114258, 0.5893269, -0.008896, 15.3225, 0.2758789, 15.3225, -0.8554688, 15.3225, -0.1928711, 0.5893269, -0.0041962, 15.3225, 0.0170898, 15.3225, -0.8881836, 15.3225, 0.1772461, , , , , , , , , , , , , , , , , , , , , , 
0.5898462, -0.0001678, 15.336, -0.7714844, 15.336, -0.2553711, 15.336, 0.2368164, 0.5898462, -0.0092317, 15.336, 0.7631836, 15.336, -0.2392578, 15.336, 0.1875, 0.5898462, -0.010071, 15.336, 0.2114258, 15.336, -0.8779297, 15.336, -0.2138672, 0.5898462, 0.0010071, 15.336, 0.0395508, 15.336, -0.8867188, 15.336, 0.1567383, , , , , , , , , , , , , , , , , , , , , , 
0.5903654, -0.0008392, 15.3495, -0.7602539, 15.3495, -0.284668, 15.3495, 0.2753906, 0.5903654, -0.0068818, 15.3495, 0.7592773, 15.3495, -0.2783203, 15.3495, 0.2265625, 0.5903654, -0.008896, 15.3495, 0.2280273, 15.3495, -0.8388672, 15.3495, -0.21875, 0.5903654, 0.0052033, 15.3495, 0.0683594, 15.3495, -0.8383789, 15.3495, 0.1333008, , , , , , , , , , , , , , , , , , , , , , 
0.5908846, -0.0015106, 15.363, -0.7646484, 15.363, -0.2973633, 15.363, 0.2695312, 0.5908846, -0.0058747, 15.363, 0.8344727, 15.363, -0.328125, 15.363, 0.2260742, 0.5908846, -0.0070497, 15.363, 0.3115234, 15.363, -0.8007812, 15.363, -0.246582, 0.5908846, 0.0075532, 15.363, 0.0869141, 15.363, -0.8242188, 15.363, 0.1376953, , , , , , , , , , , , , , , , , , , , , , 
0.5914038, -0.0015106, 15.3765, -0.7758789, 15.3765, -0.3149414, 15.3765, 0.2451172, 0.5914038, -0.0062104, 15.3765, 0.8271484, 15.3765, -0.3481445, 15.3765, 0.1938477, 0.5914038, -0.0063783, 15.3765, 0.3725586, 15.3765, -0.7978516, 15.3765, -0.2709961, 0.5914038, 0.0112459, 15.3765, 0.0957031, 15.3765, -0.8535156, 15.3765, 0.15625, , , , , , , , , , , , , , , , , , , , , , 
0.5919231, -0.0023499, 15.39, -0.7998047, 15.39, -0.3505859, 15.39, 0.2485352, 0.5919231, -0.0068818, 15.39, 0.7998047, 15.39, -0.3618164, 15.39, 0.2353516, 0.5919231, -0.0075532, 15.39, 0.387207, 15.39, -0.8154297, 15.39, -0.2832031, 0.5919231, 0.0196384, 15.39, 0.1162109, 15.39, -0.8798828, 15.39, 0.203125, , , , , , , , , , , , , , , , , , , , , , 
0.5924423, -0.0052033, 15.4035, -0.7949219, 15.4035, -0.3745117, 15.4035, 0.2753906, 0.5924423, -0.0085603, 15.4035, 0.7802734, 15.4035, -0.3730469, 15.4035, 0.1962891, 0.5924423, -0.0075532, 15.4035, 0.3896484, 15.4035, -0.8237305, 15.4035, -0.3007812, 0.5924423, 0.0290379, 15.4035, 0.152832, 15.4035, -0.8837891, 15.4035, 0.2148438, , , , , , , , , , , , , , , , , , , , , , 
0.5929615, -0.0058747, 15.417, -0.7836914, 15.417, -0.375, 15.417, 0.2832031, 0.5929615, -0.011078, 15.417, 0.7895508, 15.417, -0.3808594, 15.417, 0.2104492, 0.5929615, -0.0068818, 15.417, 0.3666992, 15.417, -0.8383789, 15.417, -0.2885742, 0.5929615, 0.0347448, 15.417, 0.1669922, 15.417, -0.8964844, 15.417, 0.2036133, , , , , , , , , , , , , , , , , , , , , , 
0.5934808, -0.0018463, 15.4305, -0.7871094, 15.4305, -0.3583984, 15.4305, 0.2929688, 0.5934808, -0.0117494, 15.4305, 0.8525391, 15.4305, -0.3930664, 15.4305, 0.2236328, 0.5934808, -0.0085603, 15.4305, 0.3642578, 15.4305, -0.8588867, 15.4305, -0.2783203, 0.5934808, 0.0379339, 15.4305, 0.140625, 15.4305, -0.9350586, 15.4305, 0.190918, , , , , , , , , , , , , , , , , , , , , , 
0.594, 0.0005035, 15.444, -0.8120117, 15.444, -0.3515625, 15.444, 0.2929688, 0.594, -0.0099031, 15.444, 0.8842773, 15.444, -0.4008789, 15.444, 0.2167969, 0.594, -0.008896, 15.444, 0.3608398, 15.444, -0.9228516, 15.444, -0.28125, 0.594, 0.0381018, 15.444, 0.1113281, 15.444, -0.9667969, 15.444, 0.168457, , , , , , , , , , , , , , , , , , , , , , 
0.5945192, 0.0028534, 15.4575, -0.8564453, 15.4575, -0.4003906, 15.4575, 0.2739258, 0.5945192, -0.0082246, 15.4575, 0.8886719, 15.4575, -0.4189453, 15.4575, 0.2329102, 0.5945192, -0.0068818, 15.4575, 0.3359375, 15.4575, -0.9550781, 15.4575, -0.2905273, 0.5945192, 0.0384375, 15.4575, 0.1181641, 15.4575, -0.9638672, 15.4575, 0.1723633, , , , , , , , , , , , , , , , , , , , , , 
0.5950385, 0.0065461, 15.471, -0.8393555, 15.471, -0.4536133, 15.471, 0.2788086, 0.5950385, -0.0078889, 15.471, 0.8164062, 15.471, -0.4638672, 15.471, 0.2216797, 0.5950385, -0.005539, 15.471, 0.3051758, 15.471, -0.9243164, 15.471, -0.2895508, 0.5950385, 0.0394446, 15.471, 0.1318359, 15.471, -0.9536133, 15.471, 0.1831055, , , , , , , , , , , , , , , , , , , , , , 
0.5955577, 0.0124208, 15.4845, -0.8032227, 15.4845, -0.4731445, 15.4845, 0.2827148, 0.5955577, -0.0075532, 15.4845, 0.7841797, 15.4845, -0.480957, 15.4845, 0.2236328, 0.5955577, -0.005539, 15.4845, 0.2880859, 15.4845, -0.8671875, 15.4845, -0.3344727, 0.5955577, 0.0387732, 15.4845, 0.1572266, 15.4845, -0.9238281, 15.4845, 0.1899414, , , , , , , , , , , , , , , , , , , , , , 
0.5960769, 0.01561, 15.498, -0.8359375, 15.498, -0.4853516, 15.498, 0.3027344, 0.5960769, -0.0072175, 15.498, 0.8710938, 15.498, -0.5073242, 15.498, 0.2768555, 0.5960769, -0.0052033, 15.498, 0.3081055, 15.498, -0.8666992, 15.498, -0.3339844, 0.5960769, 0.0347448, 15.498, 0.1723633, 15.498, -0.9335938, 15.498, 0.1767578, , , , , , , , , , , , , , , , , , , , , , 
0.5965962, 0.0142672, 15.5115, -0.9067383, 15.5115, -0.4682617, 15.5115, 0.2880859, 0.5965962, -0.0078889, 15.5115, 0.9443359, 15.5115, -0.519043, 15.5115, 0.2138672, 0.5965962, -0.0045319, 15.5115, 0.3740234, 15.5115, -0.9267578, 15.5115, -0.328125, 0.5965962, 0.0297093, 15.5115, 0.1870117, 15.5115, -0.9785156, 15.5115, 0.171875, , , , , , , , , , , , , , , , , , , , , , 
0.5971154, 0.0137636, 15.525, -0.8881836, 15.525, -0.480957, 15.525, 0.3032227, 0.5971154, -0.0068818, 15.525, 0.9003906, 15.525, -0.5209961, 15.525, 0.2045898, 0.5971154, -0.0030213, 15.525, 0.3989258, 15.525, -0.9707031, 15.525, -0.3305664, 0.5971154, 0.0280308, 15.525, 0.2148438, 15.525, -1.0009766, 15.525, 0.1728516, , , , , , , , , , , , , , , , , , , , , , 
0.5976346, 0.0146029, 15.5385, -0.831543, 15.5385, -0.5112305, 15.5385, 0.3486328, 0.5976346, -0.0078889, 15.5385, 0.871582, 15.5385, -0.5405273, 15.5385, 0.2084961, 0.5976346, -0.0035248, 15.5385, 0.3837891, 15.5385, -0.9599609, 15.5385, -0.3383789, 0.5976346, 0.026688, 15.5385, 0.2294922, 15.5385, -1.0014648, 15.5385, 0.1850586, , , , , , , , , , , , , , , , , , , , , , 
0.5981538, 0.0181277, 15.552, -0.8208008, 15.552, -0.53125, 15.552, 0.3574219, 0.5981538, -0.0102388, 15.552, 0.8491211, 15.552, -0.5507812, 15.552, 0.1977539, 0.5981538, -0.0045319, 15.552, 0.387207, 15.552, -0.9482422, 15.552, -0.3432617, 0.5981538, 0.0234989, 15.552, 0.2192383, 15.552, -1.0097656, 15.552, 0.1977539, , , , , , , , , , , , , , , , , , , , , , 
0.5986731, 0.023331, 15.5655, -0.8681641, 15.5655, -0.5146484, 15.5655, 0.3261719, 0.5986731, -0.0102388, 15.5655, 0.8632812, 15.5655, -0.5488281, 15.5655, 0.2011719, 0.5986731, -0.0041962, 15.5655, 0.3867188, 15.5655, -0.9526367, 15.5655, -0.3325195, 0.5986731, 0.0199741, 15.5655, 0.206543, 15.5655, -1.034668, 15.5655, 0.199707, , , , , , , , , , , , , , , , , , , , , , 
0.5991923, 0.0293736, 15.579, -0.8945312, 15.579, -0.5043945, 15.579, 0.3139648, 0.5991923, -0.0082246, 15.579, 0.9111328, 15.579, -0.5361328, 15.579, 0.2226562, 0.5991923, -0.0035248, 15.579, 0.3842773, 15.579, -0.9804688, 15.579, -0.3251953, 0.5991923, 0.0176242, 15.579, 0.1958008, 15.579, -1.043457, 15.579, 0.1958008, , , , , , , , , , , , , , , , , , , , , , 
0.5997115, 0.0360876, 15.5925, -0.8930664, 15.5925, -0.4902344, 15.5925, 0.3154297, 0.5997115, -0.0083925, 15.5925, 0.9375, 15.5925, -0.5351562, 15.5925, 0.2270508, 0.5997115, -0.0041962, 15.5925, 0.362793, 15.5925, -0.9985352, 15.5925, -0.3188477, 0.5997115, 0.0146029, 15.5925, 0.1875, 15.5925, -1.0415039, 15.5925, 0.1796875, , , , , , , , , , , , , , , , , , , , , , 
0.6002308, 0.036759, 15.606, -0.8764648, 15.606, -0.5166016, 15.606, 0.3378906, 0.6002308, -0.0099031, 15.606, 0.9208984, 15.606, -0.5605469, 15.606, 0.1943359, 0.6002308, -0.0068818, 15.606, 0.3432617, 15.606, -1.019043, 15.606, -0.324707, 0.6002308, 0.0125887, 15.606, 0.1850586, 15.606, -1.0498047, 15.606, 0.1767578, , , , , , , , , , , , , , , , , , , , , , 
0.60075, 0.0305486, 15.6195, -0.8896484, 15.6195, -0.5527344, 15.6195, 0.3574219, 0.60075, -0.0099031, 15.6195, 0.8994141, 15.6195, -0.5795898, 15.6195, 0.2124023, 0.60075, -0.008896, 15.6195, 0.3740234, 15.6195, -1.0180664, 15.6195, -0.3623047, 0.60075, 0.0105745, 15.6195, 0.1899414, 15.6195, -1.0498047, 15.6195, 0.1708984, , , , , , , , , , , , , , , , , , , , , , 
0.6012692, 0.0253452, 15.633, -0.8984375, 15.633, -0.5678711, 15.633, 0.3310547, 0.6012692, -0.0082246, 15.633, 0.8984375, 15.633, -0.590332, 15.633, 0.2382812, 0.6012692, -0.0085603, 15.633, 0.3706055, 15.633, -1.0053711, 15.633, -0.3452148, 0.6012692, 0.0104067, 15.633, 0.2236328, 15.633, -1.0473633, 15.633, 0.1611328, , , , , , , , , , , , , , , , , , , , , , 
0.6017885, 0.0240024, 15.6465, -0.8754883, 15.6465, -0.5605469, 15.6465, 0.3164062, 0.6017885, -0.0062104, 15.6465, 0.8911133, 15.6465, -0.5888672, 15.6465, 0.2412109, 0.6017885, -0.0082246, 15.6465, 0.324707, 15.6465, -0.9985352, 15.6465, -0.3500977, 0.6017885, 0.0102388, 15.6465, 0.2460938, 15.6465, -1.034668, 15.6465, 0.1572266, , , , , , , , , , , , , , , , , , , , , , 
0.6023077, 0.0194705, 15.66, -0.8759766, 15.66, -0.5507812, 15.66, 0.3232422, 0.6023077, -0.0052033, 15.66, 0.9082031, 15.66, -0.5834961, 15.66, 0.2392578, 0.6023077, -0.0085603, 15.66, 0.2890625, 15.66, -1.0317383, 15.66, -0.3242188, 0.6023077, 0.0105745, 15.66, 0.2114258, 15.66, -1.0439453, 15.66, 0.1435547, , , , , , , , , , , , , , , , , , , , , , 
0.6028269, 0.0129244, 15.6735, -0.9135742, 15.6735, -0.5454102, 15.6735, 0.3334961, 0.6028269, -0.0058747, 15.6735, 0.9868164, 15.6735, -0.5854492, 15.6735, 0.2363281, 0.6028269, -0.008896, 15.6735, 0.3237305, 15.6735, -1.0810547, 15.6735, -0.3476562, 0.6028269, 0.0139315, 15.6735, 0.1860352, 15.6735, -1.0795898, 15.6735, 0.1450195, , , , , , , , , , , , , , , , , , , , , , 
0.6033462, 0.0112459, 15.687, -0.953125, 15.687, -0.574707, 15.687, 0.3603516, 0.6033462, -0.0075532, 15.687, 1.0019531, 15.687, -0.5942383, 15.687, 0.2060547, 0.6033462, -0.0083925, 15.687, 0.3955078, 15.687, -1.1035156, 15.687, -0.3100586, 0.6033462, 0.0172885, 15.687, 0.2333984, 15.687, -1.1147461, 15.687, 0.1279297, , , , , , , , , , , , , , , , , , , , , , 
0.6038654, 0.0119173, 15.7005, -0.9086914, 15.7005, -0.5908203, 15.7005, 0.3554688, 0.6038654, -0.0073854, 15.7005, 0.9116211, 15.7005, -0.5942383, 15.7005, 0.2036133, 0.6038654, -0.0068818, 15.7005, 0.4155273, 15.7005, -1.0986328, 15.7005, -0.3325195, 0.6038654, 0.0176242, 15.7005, 0.2807617, 15.7005, -1.1323242, 15.7005, 0.1386719, , , , , , , , , , , , , , , , , , , , , , 
0.6043846, 0.0115816, 15.714, -0.9238281, 15.714, -0.6699219, 15.714, 0.3833008, 0.6043846, -0.0068818, 15.714, 0.9492188, 15.714, -0.6362305, 15.714, 0.3085938, 0.6043846, -0.0063783, 15.714, 0.3930664, 15.714, -1.0664062, 15.714, -0.4047852, 0.6043846, 0.0159457, 15.714, 0.3027344, 15.714, -1.1162109, 15.714, 0.1557617, , , , , , , , , , , , , , , , , , , , , , 
0.6049038, 0.0139315, 15.7275, -0.9331055, 15.7275, -0.6630859, 15.7275, 0.3505859, 0.6049038, -0.0072175, 15.7275, 1.043457, 15.7275, -0.7138672, 15.7275, 0.15625, 0.6049038, -0.0068818, 15.7275, 0.3681641, 15.7275, -1.0576172, 15.7275, -0.3510742, 0.6049038, 0.0127565, 15.7275, 0.3120117, 15.7275, -1.1118164, 15.7275, 0.1274414, , , , , , , , , , , , , , , , , , , , , , 
0.6054231, 0.0196384, 15.741, -0.8847656, 15.741, -0.5629883, 15.741, 0.3178711, 0.6054231, -0.0068818, 15.741, 0.8779297, 15.741, -0.6601562, 15.741, 0.2207031, 0.6054231, -0.0075532, 15.741, 0.3945312, 15.741, -1.1240234, 15.741, -0.328125, 0.6054231, 0.0068818, 15.741, 0.2895508, 15.741, -1.1508789, 15.741, 0.1147461, , , , , , , , , , , , , , , , , , , , , , 
0.6059423, 0.0250095, 15.7545, -0.8422852, 15.7545, -0.5444336, 15.7545, 0.3417969, 0.6059423, -0.0072175, 15.7545, 0.7802734, 15.7545, -0.6103516, 15.7545, 0.230957, 0.6059423, -0.0095674, 15.7545, 0.3925781, 15.7545, -1.1464844, 15.7545, -0.3720703, 0.6059423, 0.0001678, 15.7545, 0.2514648, 15.7545, -1.1787109, 15.7545, 0.1318359, , , , , , , , , , , , , , , , , , , , , , 
0.6064615, 0.0253452, 15.768, -0.8413086, 15.768, -0.6005859, 15.768, 0.3588867, 0.6064615, -0.0085603, 15.768, 0.8867188, 15.768, -0.6376953, 15.768, 0.2558594, 0.6064615, -0.0109102, 15.768, 0.3745117, 15.768, -1.1245117, 15.768, -0.3188477, 0.6064615, -0.0048676, 15.768, 0.2524414, 15.768, -1.1777344, 15.768, 0.1279297, , , , , , , , , , , , , , , , , , , , , , 
0.6069808, 0.023331, 15.7815, -0.8959961, 15.7815, -0.6098633, 15.7815, 0.2246094, 0.6069808, -0.0072175, 15.7815, 0.909668, 15.7815, -0.6425781, 15.7815, 0.2148438, 0.6069808, -0.0112459, 15.7815, 0.2988281, 15.7815, -1.1464844, 15.7815, -0.3364258, 0.6069808, -0.0085603, 15.7815, 0.2529297, 15.7815, -1.1728516, 15.7815, 0.1113281, , , , , , , , , , , , , , , , , , , , , , 
0.6075, 0.0179599, 15.795, -0.9506836, 15.795, -0.6889648, 15.795, 0.2475586, 0.6075, -0.0038605, 15.795, 0.862793, 15.795, -0.7319336, 15.795, 0.284668, 0.6075, -0.0112459, 15.795, 0.1977539, 15.795, -1.1176758, 15.795, -0.4311523, 0.6075, -0.0129244, 15.795, 0.2211914, 15.795, -1.1533203, 15.795, 0.1118164, , , , , , , , , , , , , , , , , , , , , , 
0.6080192, 0.0105745, 15.8085, -0.9287109, 15.8085, -0.8286133, 15.8085, 0.355957, 0.6080192, -0.0023499, 15.8085, 0.8847656, 15.8085, -0.7890625, 15.8085, 0.269043, 0.6080192, -0.0119173, 15.8085, 0.1625977, 15.8085, -1.0756836, 15.8085, -0.4331055, 0.6080192, -0.0135958, 15.8085, 0.2197266, 15.8085, -1.0991211, 15.8085, 0.1069336, , , , , , , , , , , , , , , , , , , , , , 
0.6085385, 0.0099031, 15.822, -0.9086914, 15.822, -0.8330078, 15.822, 0.3564453, 0.6085385, -0.0028534, 15.822, 0.972168, 15.822, -0.8452148, 15.822, 0.2231445, 0.6085385, -0.012253, 15.822, 0.2041016, 15.822, -1.0820312, 15.822, -0.4155273, 0.6085385, -0.0090639, 15.822, 0.2729492, 15.822, -1.0981445, 15.822, 0.078125, , , , , , , , , , , , , , , , , , , , , , 
0.6090577, 0.0124208, 15.8355, -0.9223633, 15.8355, -0.7231445, 15.8355, 0.3876953, 0.6090577, -0.0041962, 15.8355, 0.9765625, 15.8355, -0.800293, 15.8355, 0.1860352, 0.6090577, -0.0114137, 15.8355, 0.3598633, 15.8355, -1.1723633, 15.8355, -0.3828125, 0.6090577, -0.0062104, 15.8355, 0.3139648, 15.8355, -1.2133789, 15.8355, 0.0625, , , , , , , , , , , , , , , , , , , , , , 
0.6095769, 0.008896, 15.849, -0.8852539, 15.849, -0.6342773, 15.849, 0.4389648, 0.6095769, -0.0063783, 15.849, 0.9326172, 15.849, -0.7250977, 15.849, 0.1508789, 0.6095769, -0.0082246, 15.849, 0.4892578, 15.849, -1.2304688, 15.849, -0.3422852, 0.6095769, -0.0035248, 15.849, 0.3510742, 15.849, -1.309082, 15.849, 0.0927734, , , , , , , , , , , , , , , , , , , , , , 
0.6100962, 0.0065461, 15.8625, -0.8369141, 15.8625, -0.6845703, 15.8625, 0.4018555, 0.6100962, -0.008896, 15.8625, 0.8432617, 15.8625, -0.7265625, 15.8625, 0.1616211, 0.6100962, -0.0068818, 15.8625, 0.4907227, 15.8625, -1.1762695, 15.8625, -0.3759766, 0.6100962, 0.002182, 15.8625, 0.3925781, 15.8625, -1.2753906, 15.8625, 0.125, , , , , , , , , , , , , , , , , , , , , , 
0.6106154, 0.0085603, 15.876, -0.925293, 15.876, -0.8369141, 15.876, 0.3598633, 0.6106154, -0.0095674, 15.876, 0.9443359, 15.876, -0.8579102, 15.876, 0.2163086, 0.6106154, -0.0072175, 15.876, 0.4321289, 15.876, -1.1298828, 15.876, -0.387207, 0.6106154, 0.0078889, 15.876, 0.3803711, 15.876, -1.1933594, 15.876, 0.1362305, , , , , , , , , , , , , , , , , , , , , , 
0.6111346, 0.0062104, 15.8895, -0.9682617, 15.8895, -0.8710938, 15.8895, 0.3496094, 0.6111346, -0.0085603, 15.8895, 0.9853516, 15.8895, -0.9213867, 15.8895, 0.2260742, 0.6111346, -0.0075532, 15.8895, 0.40625, 15.8895, -1.1699219, 15.8895, -0.3935547, 0.6111346, 0.0119173, 15.8895, 0.3339844, 15.8895, -1.1914062, 15.8895, 0.140625, , , , , , , , , , , , , , , , , , , , , , 
0.6116538, 0.0020142, 15.903, -0.9541016, 15.903, -0.84375, 15.903, 0.3618164, 0.6116538, -0.0077211, 15.903, 0.9863281, 15.903, -0.9057617, 15.903, 0.2338867, 0.6116538, -0.0058747, 15.903, 0.3481445, 15.903, -1.2226562, 15.903, -0.4052734, 0.6116538, 0.0159457, 15.903, 0.2851562, 15.903, -1.2436523, 15.903, 0.1391602, , , , , , , , , , , , , , , , , , , , , , 
0.6121731, 0.0003357, 15.9165, -0.9345703, 15.9165, -0.8359375, 15.9165, 0.3725586, 0.6121731, -0.0068818, 15.9165, 0.9111328, 15.9165, -0.8989258, 15.9165, 0.1918945, 0.6121731, -0.0058747, 15.9165, 0.2905273, 15.9165, -1.2094727, 15.9165, -0.3735352, 0.6121731, 0.0219883, 15.9165, 0.2617188, 15.9165, -1.2543945, 15.9165, 0.1337891, , , , , , , , , , , , , , , , , , , , , , 
0.6126923, -0.0001678, 15.93, -0.8730469, 15.93, -0.8344727, 15.93, 0.3452148, 0.6126923, -0.0068818, 15.93, 0.8618164, 15.93, -0.8886719, 15.93, 0.2041016, 0.6126923, -0.0062104, 15.93, 0.2900391, 15.93, -1.1704102, 15.93, -0.3647461, 0.6126923, 0.0270237, 15.93, 0.215332, 15.93, -1.2299805, 15.93, 0.1103516, , , , , , , , , , , , , , , , , , , , , , 
0.6132115, -0.0015106, 15.9435, -0.8657227, 15.9435, -0.8193359, 15.9435, 0.3295898, 0.6132115, -0.0083925, 15.9435, 0.855957, 15.9435, -0.8735352, 15.9435, 0.2412109, 0.6132115, -0.0045319, 15.9435, 0.3378906, 15.9435, -1.1987305, 15.9435, -0.3574219, 0.6132115, 0.0323949, 15.9435, 0.1879883, 15.9435, -1.2163086, 15.9435, 0.1108398, , , , , , , , , , , , , , , , , , , , , , 
0.6137308, 0.0011749, 15.957, -0.9379883, 15.957, -0.8061523, 15.957, 0.387207, 0.6137308, -0.0092317, 15.957, 0.9321289, 15.957, -0.8623047, 15.957, 0.2241211, 0.6137308, -0.0011749, 15.957, 0.347168, 15.957, -1.2250977, 15.957, -0.3432617, 0.6137308, 0.0370947, 15.957, 0.253418, 15.957, -1.2617188, 15.957, 0.109375, , , , , , , , , , , , , , , , , , , , , , 
0.61425, 0.0115816, 15.9705, -0.925293, 15.9705, -0.8037109, 15.9705, 0.2988281, 0.61425, -0.0095674, 15.9705, 0.953125, 15.9705, -0.8422852, 15.9705, 0.2226562, 0.61425, 0.0008392, 15.9705, 0.3334961, 15.9705, -1.2333984, 15.9705, -0.3208008, 0.61425, 0.0381018, 15.9705, 0.3305664, 15.9705, -1.2719727, 15.9705, 0.078125, , , , , , , , , , , , , , , , , , , , , , 
0.6147692, 0.0236667, 15.984, -0.847168, 15.984, -0.8432617, 15.984, 0.3662109, 0.6147692, -0.0097353, 15.984, 0.8510742, 15.984, -0.8447266, 15.984, 0.1572266, 0.6147692, 0.0005035, 15.984, 0.3222656, 15.984, -1.1689453, 15.984, -0.3754883, 0.6147692, 0.0387732, 15.984, 0.3354492, 15.984, -1.2104492, 15.984, 0.0532227, , , , , , , , , , , , , , , , , , , , , , 
0.6152885, 0.0251774, 15.9975, -0.8369141, 15.9975, -0.9780273, 15.9975, 0.4926758, 0.6152885, -0.0078889, 15.9975, 0.9755859, 15.9975, -0.9570312, 15.9975, 0.1889648, 0.6152885, -0.0016785, 15.9975, 0.3588867, 15.9975, -1.121582, 15.9975, -0.4018555, 0.6152885, 0.0384375, 15.9975, 0.3725586, 15.9975, -1.1660156, 15.9975, 0.0244141, , , , , , , , , , , , , , , , , , , , , , 
0.6158077, 0.0154421, 16.011, -0.809082, 16.011, -0.8671875, 16.011, 0.3833008, 0.6158077, -0.0068818, 16.011, 0.9277344, 16.011, -0.918457, 16.011, 0.0019531, 0.6158077, -0.003357, 16.011, 0.4501953, 16.011, -1.1601562, 16.011, -0.2368164, 0.6158077, 0.0357519, 16.011, 0.3994141, 16.011, -1.1967773, 16.011, 0.0390625, , , , , , , , , , , , , , , , , , , , , , 
0.6163269, 0.0085603, 16.0245, -0.7714844, 16.0245, -0.6762695, 16.0245, 0.4160156, 0.6163269, -0.0092317, 16.0245, 0.737793, 16.0245, -0.7719727, 16.0245, 0.1513672, 0.6163269, -0.0041962, 16.0245, 0.4672852, 16.0245, -1.1894531, 16.0245, -0.3232422, 0.6163269, 0.0323949, 16.0245, 0.2880859, 16.0245, -1.2739258, 16.0245, 0.1479492, , , , , , , , , , , , , , , , , , , , , , 
0.6168462, 0.0070497, 16.038, -0.7480469, 16.038, -0.8066406, 16.038, 0.4609375, 0.6168462, -0.0105745, 16.038, 0.7895508, 16.038, -0.8583984, 16.038, 0.0214844, 0.6168462, -0.0035248, 16.038, 0.4648438, 16.038, -1.1191406, 16.038, -0.3242188, 0.6168462, 0.0280308, 16.038, 0.2050781, 16.038, -1.2348633, 16.038, 0.2006836, , , , , , , , , , , , , , , , , , , , , , 
0.6173654, 0.0097353, 16.0515, -0.7749023, 16.0515, -0.9267578, 16.0515, 0.3125, 0.6173654, -0.0117494, 16.0515, 0.8510742, 16.0515, -0.9760742, 16.0515, 0.1933594, 0.6173654, -0.0023499, 16.0515, 0.4155273, 16.0515, -1.1274414, 16.0515, -0.293457, 0.6173654, 0.026688, 16.0515, 0.2402344, 16.0515, -1.1616211, 16.0515, 0.1411133, , , , , , , , , , , , , , , , , , , , , , 
0.6178846, 0.01561, 16.065, -0.7861328, 16.065, -0.8457031, 16.065, 0.253418, 0.6178846, -0.0105745, 16.065, 0.8666992, 16.065, -0.9604492, 16.065, 0.222168, 0.6178846, -0.0015106, 16.065, 0.2363281, 16.065, -1.2099609, 16.065, -0.3305664, 0.6178846, 0.0253452, 16.065, 0.2246094, 16.065, -1.1860352, 16.065, 0.1342773, , , , , , , , , , , , , , , , , , , , , , 
0.6184038, 0.0198062, 16.0785, -0.7836914, 16.0785, -0.8027344, 16.0785, 0.1132812, 0.6184038, -0.0085603, 16.0785, 0.8828125, 16.0785, -0.9335938, 16.0785, 0.1806641, 0.6184038, -0.0035248, 16.0785, 0.1499023, 16.0785, -1.2128906, 16.0785, -0.4130859, 0.6184038, 0.021149, 16.0785, 0.1098633, 16.0785, -1.2719727, 16.0785, 0.2548828, , , , , , , , , , , , , , , , , , , , , , 
0.6189231, 0.0199741, 16.092, -0.5874023, 16.092, -1.2719727, 16.092, -0.1430664, 0.6189231, -0.0073854, 16.092, 0.2548828, 16.092, -1.3500977, 16.092, -0.0849609, 0.6189231, -0.0058747, 16.092, 0.1806641, 16.092, -1.0410156, 16.092, -1.1054688, 0.6189231, 0.0179599, 16.092, 0.2460938, 16.092, -1.2792969, 16.092, 0.2680664, , , , , , , , , , , , , , , , , , , , , , 
0.6194423, 0.0172885, 16.1055, -0.8852539, 16.1055, -1.9746094, 16.1055, 0.7304688, 0.6194423, -0.0072175, 16.1055, 0.2592773, 16.1055, -1.9267578, 16.1055, 0.5078125, 0.6194423, -0.0065461, 16.1055, 0.3857422, 16.1055, -0.9648438, 16.1055, -0.3852539, 0.6194423, 0.0152743, 16.1055, 0.8491211, 16.1055, -1.1220703, 16.1055, -0.2416992, , , , , , , , , , , , , , , , , , , , , , 
0.6199615, 0.0152743, 16.119, -1.0322266, 16.119, -1.0136719, 16.119, 0.5629883, 0.6199615, -0.0070497, 16.119, 1.6743164, 16.119, -0.9868164, 16.119, 0.1416016, 0.6199615, -0.005539, 16.119, 0.1508789, 16.119, -1.2070312, 16.119, 0.2270508, 0.6199615, 0.0142672, 16.119, 0.6850586, 16.119, -1.0488281, 16.119, -0.0800781, , , , , , , , , , , , , , , , , , , , , , 
0.6204808, 0.0186313, 16.1325, -0.9731445, 16.1325, 0.1000977, 16.1325, -0.1333008, 0.6204808, -0.0062104, 16.1325, 1.4931641, 16.1325, 0.1083984, 16.1325, -0.1630859, 0.6204808, -0.0043641, 16.1325, 0.2407227, 16.1325, -1.3759766, 16.1325, -0.2802734, 0.6204808, 0.0151064, 16.1325, -0.1611328, 16.1325, -1.0649414, 16.1325, 0.059082, , , , , , , , , , , , , , , , , , , , , , 
0.621, 0.0250095, 16.146, -0.5947266, 16.146, -0.0556641, 16.146, 0.0488281, 0.621, -0.0058747, 16.146, 0.3554688, 16.146, -0.1333008, 16.146, 0.3330078, 0.621, -0.0062104, 16.146, 0.5776367, 16.146, -1.0966797, 16.146, -0.4003906, 0.621, 0.0140993, 16.146, -0.2055664, 16.146, -1.0761719, 16.146, 0.0029297, , , , , , , , , , , , , , , , , , , , , , 
0.6215192, 0.026688, 16.1595, -0.4453125, 16.1595, -0.8901367, 16.1595, 0.5444336, 0.6215192, -0.0073854, 16.1595, 0.0854492, 16.1595, -0.9794922, 16.1595, 0.1518555, 0.6215192, -0.0075532, 16.1595, 0.527832, 16.1595, -0.7416992, 16.1595, -0.4140625, 0.6215192, 0.0099031, 16.1595, 0.6713867, 16.1595, -1.1318359, 16.1595, 0.1533203, , , , , , , , , , , , , , , , , , , , , , 
0.6220385, 0.0226596, 16.173, -0.762207, 16.173, -1.3217773, 16.173, 0.4106445, 0.6220385, -0.0105745, 16.173, 0.6464844, 16.173, -1.4072266, 16.173, 0.2226562, 0.6220385, -0.0082246, 16.173, 0.315918, 16.173, -0.9384766, 16.173, -0.453125, 0.6220385, 0.0083925, 16.173, 0.7788086, 16.173, -1.1831055, 16.173, 0.0922852, , , , , , , , , , , , , , , , , , , , , , 
0.6225577, 0.0176242, 16.1865, -1.1391602, 16.1865, -1.1191406, 16.1865, 0.2905273, 0.6225577, -0.012253, 16.1865, 1.0854492, 16.1865, -1.3295898, 16.1865, -0.0166016, 0.6225577, -0.0082246, 16.1865, 0.0722656, 16.1865, -1.3227539, 16.1865, -0.0087891, 0.6225577, 0.0078889, 16.1865, 0.2568359, 16.1865, -1.0288086, 16.1865, -0.1757812, , , , , , , , , , , , , , , , , , , , , , 
0.6230769, 0.0166171, 16.2, -0.8452148, 16.2, -0.4726562, 16.2, 0.2900391, 0.6230769, -0.0132601, 16.2, 1.3295898, 16.2, -0.4931641, 16.2, -0.0317383, 0.6230769, -0.0073854, 16.2, -0.0546875, 16.2, -1.355957, 16.2, -0.0307617, 0.6230769, 0.0068818, 16.2, -0.2050781, 16.2, -0.9443359, 16.2, -0.0981445, , , , , , , , , , , , , , , , , , , , , , 
0.6235962, 0.0152743, 16.2135, -0.3701172, 16.2135, -0.1079102, 16.2135, 0.1875, 0.6235962, -0.014435, 16.2135, 0.9467773, 16.2135, 0.0292969, 16.2135, 0.3461914, 0.6235962, -0.005539, 16.2135, -0.0146484, 16.2135, -1.2368164, 16.2135, -0.1513672, 0.6235962, 0.0068818, 16.2135, -0.3271484, 16.2135, -0.9707031, 16.2135, -0.0200195, , , , , , , , , , , , , , , , , , , , , , 
0.6241154, 0.0129244, 16.227, -0.3461914, 16.227, -0.4799805, 16.227, 0.1831055, 0.6241154, -0.012253, 16.227, 0.6088867, 16.227, -0.2397461, 16.227, 0.0615234, 0.6241154, -0.005539, 16.227, 0.2089844, 16.227, -0.9921875, 16.227, -0.3330078, 0.6241154, 0.0075532, 16.227, -0.1469727, 16.227, -1.0668945, 16.227, 0.0415039, , , , , , , , , , , , , , , , , , , , , , 
0.6246346, 0.01561, 16.2405, -0.6459961, 16.2405, -0.9511719, 16.2405, 0.1469727, 0.6246346, -0.0085603, 16.2405, 0.4272461, 16.2405, -0.8378906, 16.2405, 0.1533203, 0.6246346, -0.0099031, 16.2405, 0.2504883, 16.2405, -0.9204102, 16.2405, -0.3925781, 0.6246346, 0.0072175, 16.2405, 0.40625, 16.2405, -1.0898438, 16.2405, -0.0092773, , , , , , , , , , , , , , , , , , , , , , 
0.6251538, 0.0213169, 16.254, -0.8041992, 16.254, -1.0839844, 16.254, 0.1391602, 0.6251538, -0.0072175, 16.254, 0.503418, 16.254, -1.2050781, 16.254, 0.2353516, 0.6251538, -0.0146029, 16.254, 0.203125, 16.254, -1.0512695, 16.254, -0.3144531, 0.6251538, 0.0057069, 16.254, 0.6645508, 16.254, -1.0917969, 16.254, -0.097168, , , , , , , , , , , , , , , , , , , , , , 
0.6256731, 0.0276951, 16.2675, -1.0332031, 16.2675, -1.0771484, 16.2675, 0.0483398, 0.6256731, -0.0082246, 16.2675, 0.6572266, 16.2675, -1.1411133, 16.2675, 0.2026367, 0.6256731, -0.0146029, 16.2675, 0.1953125, 16.2675, -1.1757812, 16.2675, -0.3500977, 0.6256731, 0.0018463, 16.2675, 0.4848633, 16.2675, -1.0673828, 16.2675, -0.1210938, , , , , , , , , , , , , , , , , , , , , , 
0.6261923, 0.0320592, 16.281, -0.9482422, 16.281, -0.9589844, 16.281, -0.0209961, 0.6261923, -0.0109102, 16.281, 0.6933594, 16.281, -1.0444336, 16.281, 0.1870117, 0.6261923, -0.0117494, 16.281, 0.2495117, 16.281, -1.1318359, 16.281, -0.4384766, 0.6261923, -0.002182, 16.281, 0.3154297, 16.281, -1.0776367, 16.281, -0.0410156, , , , , , , , , , , , , , , , , , , , , , 
0.6267115, 0.0320592, 16.2945, -0.6474609, 16.2945, -0.9741211, 16.2945, 0.0415039, 0.6267115, -0.0102388, 16.2945, 0.6181641, 16.2945, -1.0317383, 16.2945, 0.1459961, 0.6267115, -0.0087282, 16.2945, 0.2539062, 16.2945, -1.0268555, 16.2945, -0.4628906, 0.6267115, -0.005539, 16.2945, 0.3369141, 16.2945, -1.1235352, 16.2945, 0.0576172, , , , , , , , , , , , , , , , , , , , , , 
0.6272308, 0.0265202, 16.308, -0.3955078, 16.308, -1.0380859, 16.308, 0.0629883, 0.6272308, -0.0097353, 16.308, 0.559082, 16.308, -1.043457, 16.308, 0.1328125, 0.6272308, -0.0050355, 16.308, 0.1962891, 16.308, -1.0229492, 16.308, -0.4941406, 0.6272308, -0.0082246, 16.308, 0.3945312, 16.308, -1.1240234, 16.308, 0.046875, , , , , , , , , , , , , , , , , , , , , , 
0.62775, 0.0199741, 16.3215, -0.4243164, 16.3215, -1.1049805, 16.3215, 0.0844727, 0.62775, -0.0083925, 16.3215, 0.480957, 16.3215, -1.0756836, 16.3215, 0.1425781, 0.62775, -0.0035248, 16.3215, 0.1289062, 16.3215, -1.1220703, 16.3215, -0.4980469, 0.62775, -0.008896, 16.3215, 0.4057617, 16.3215, -1.1445312, 16.3215, -0.0205078, , , , , , , , , , , , , , , , , , , , , , 
0.6282692, 0.0162814, 16.335, -0.703125, 16.335, -1.1518555, 16.335, 0.0141602, 0.6282692, -0.0072175, 16.335, 0.5761719, 16.335, -1.1191406, 16.335, 0.2026367, 0.6282692, -0.0025177, 16.335, 0.1342773, 16.335, -1.2094727, 16.335, -0.4931641, 0.6282692, -0.008896, 16.335, 0.4536133, 16.335, -1.1591797, 16.335, -0.0439453, , , , , , , , , , , , , , , , , , , , , , 
0.6287885, 0.0112459, 16.3485, -0.8662109, 16.3485, -1.1835938, 16.3485, -0.0229492, 0.6287885, -0.0068818, 16.3485, 0.7182617, 16.3485, -1.168457, 16.3485, 0.1777344, 0.6287885, -0.0010071, 16.3485, 0.159668, 16.3485, -1.2163086, 16.3485, -0.4946289, 0.6287885, -0.0078889, 16.3485, 0.4907227, 16.3485, -1.152832, 16.3485, -0.0415039, , , , , , , , , , , , , , , , , , , , , , 
0.6293077, 0.0030213, 16.362, -0.7900391, 16.362, -1.2285156, 16.362, 0.0693359, 0.6293077, -0.0068818, 16.362, 0.7172852, 16.362, -1.184082, 16.362, 0.1220703, 0.6293077, -0.0011749, 16.362, 0.2412109, 16.362, -1.1923828, 16.362, -0.4873047, 0.6293077, -0.0048676, 16.362, 0.480957, 16.362, -1.1689453, 16.362, -0.0268555, , , , , , , , , , , , , , , , , , , , , , 
0.6298269, -0.0035248, 16.3755, -0.6679688, 16.3755, -1.2363281, 16.3755, 0.15625, 0.6298269, -0.0068818, 16.3755, 0.659668, 16.3755, -1.1513672, 16.3755, 0.043457, 0.6298269, -0.0041962, 16.3755, 0.284668, 16.3755, -1.1855469, 16.3755, -0.46875, 0.6298269, 0.0011749, 16.3755, 0.4458008, 16.3755, -1.2250977, 16.3755, 0.0146484, , , , , , , , , , , , , , , , , , , , , , 
0.6303462, -0.0058747, 16.389, -0.5664062, 16.389, -1.2407227, 16.389, 0.2563477, 0.6303462, -0.005539, 16.389, 0.6845703, 16.389, -1.0991211, 16.389, -0.0820312, 0.6303462, -0.0060426, 16.389, 0.2768555, 16.389, -1.206543, 16.389, -0.4755859, 0.6303462, 0.006714, 16.389, 0.4824219, 16.389, -1.2470703, 16.389, 0.0166016, , , , , , , , , , , , , , , , , , , , , , 
0.6308654, -0.0072175, 16.4025, -0.5063477, 16.4025, -1.253418, 16.4025, 0.2895508, 0.6308654, -0.0041962, 16.4025, 0.7387695, 16.4025, -1.105957, 16.4025, -0.1201172, 0.6308654, -0.0065461, 16.4025, 0.3095703, 16.4025, -1.234375, 16.4025, -0.4990234, 0.6308654, 0.0102388, 16.4025, 0.5595703, 16.4025, -1.253418, 16.4025, -0.0117188, , , , , , , , , , , , , , , , , , , , , , 
0.6313846, -0.0075532, 16.416, -0.5170898, 16.416, -1.2480469, 16.416, 0.2553711, 0.6313846, -0.0043641, 16.416, 0.7016602, 16.416, -1.1821289, 16.416, -0.1015625, 0.6313846, -0.0065461, 16.416, 0.3999023, 16.416, -1.2485352, 16.416, -0.5219727, 0.6313846, 0.0142672, 16.416, 0.6259766, 16.416, -1.2758789, 16.416, 0.0107422, , , , , , , , , , , , , , , , , , , , , , 
0.6319038, -0.0082246, 16.4295, -0.6333008, 16.4295, -1.2148438, 16.4295, 0.1821289, 0.6319038, -0.0072175, 16.4295, 0.6831055, 16.4295, -1.2324219, 16.4295, -0.0551758, 0.6319038, -0.0060426, 16.4295, 0.4814453, 16.4295, -1.2314453, 16.4295, -0.5253906, 0.6319038, 0.0182956, 16.4295, 0.6293945, 16.4295, -1.2924805, 16.4295, 0.0893555, , , , , , , , , , , , , , , , , , , , , , 
0.6324231, -0.0072175, 16.443, -0.7426758, 16.443, -1.2197266, 16.443, 0.2011719, 0.6324231, -0.0070497, 16.443, 0.6630859, 16.443, -1.277832, 16.443, -0.0317383, 0.6324231, -0.0075532, 16.443, 0.5493164, 16.443, -1.1928711, 16.443, -0.5170898, 0.6324231, 0.023331, 16.443, 0.5727539, 16.443, -1.2880859, 16.443, 0.1547852, , , , , , , , , , , , , , , , , , , , , , 
0.6329423, -0.0048676, 16.4565, -0.7163086, 16.4565, -1.2495117, 16.4565, 0.2294922, 0.6329423, -0.0065461, 16.4565, 0.6269531, 16.4565, -1.2485352, 16.4565, -0.1088867, 0.6329423, -0.0085603, 16.4565, 0.5458984, 16.4565, -1.1455078, 16.4565, -0.4926758, 0.6329423, 0.0293736, 16.4565, 0.4829102, 16.4565, -1.2651367, 16.4565, 0.1870117, , , , , , , , , , , , , , , , , , , , , , 
0.6334615, -0.0015106, 16.47, -0.6201172, 16.47, -1.2167969, 16.47, 0.2319336, 0.6334615, -0.0075532, 16.47, 0.5922852, 16.47, -1.2104492, 16.47, -0.1240234, 0.6334615, -0.0092317, 16.47, 0.5078125, 16.47, -1.1386719, 16.47, -0.4814453, 0.6334615, 0.0318914, 16.47, 0.425293, 16.47, -1.2451172, 16.47, 0.1899414, , , , , , , , , , , , , , , , , , , , , , 
0.6339808, 0.0038605, 16.4835, -0.550293, 16.4835, -1.1513672, 16.4835, 0.2426758, 0.6339808, -0.0087282, 16.4835, 0.6025391, 16.4835, -1.1865234, 16.4835, -0.0683594, 0.6339808, -0.0109102, 16.4835, 0.3852539, 16.4835, -1.1391602, 16.4835, -0.4897461, 0.6339808, 0.0307164, 16.4835, 0.3994141, 16.4835, -1.2236328, 16.4835, 0.1796875, , , , , , , , , , , , , , , , , , , , , , 
0.6345, 0.0090639, 16.497, -0.5585938, 16.497, -1.1152344, 16.497, 0.2006836, 0.6345, -0.0085603, 16.497, 0.6425781, 16.497, -1.1577148, 16.497, -0.0556641, 0.6345, -0.0112459, 16.497, 0.2695312, 16.497, -1.1479492, 16.497, -0.5, 0.6345, 0.0327306, 16.497, 0.3837891, 16.497, -1.1879883, 16.497, 0.1669922, , , , , , , , , , , , , , , , , , , , , , 
0.6350192, 0.0146029, 16.5105, -0.5981445, 16.5105, -1.0927734, 16.5105, 0.1689453, 0.6350192, -0.0102388, 16.5105, 0.6259766, 16.5105, -1.1347656, 16.5105, -0.0341797, 0.6350192, -0.0115816, 16.5105, 0.2241211, 16.5105, -1.1347656, 16.5105, -0.4975586, 0.6350192, 0.0360876, 16.5105, 0.3793945, 16.5105, -1.1469727, 16.5105, 0.1503906, , , , , , , , , , , , , , , , , , , , , , 
0.6355385, 0.0199741, 16.524, -0.6044922, 16.524, -1.0585938, 16.524, 0.1416016, 0.6355385, -0.012253, 16.524, 0.5439453, 16.524, -1.0952148, 16.524, -0.0297852, 0.6355385, -0.011078, 16.524, 0.2275391, 16.524, -1.0952148, 16.524, -0.4985352, 0.6355385, 0.0340734, 16.524, 0.3828125, 16.524, -1.1323242, 16.524, 0.1411133, , , , , , , , , , , , , , , , , , , , , , 
0.6360577, 0.0226596, 16.5375, -0.6069336, 16.5375, -1.0166016, 16.5375, 0.0839844, 0.6360577, -0.012253, 16.5375, 0.4555664, 16.5375, -1.0546875, 16.5375, -0.0053711, 0.6360577, -0.0115816, 16.5375, 0.230957, 16.5375, -1.0585938, 16.5375, -0.5039062, 0.6360577, 0.0293736, 16.5375, 0.3813477, 16.5375, -1.1030273, 16.5375, 0.1264648, , , , , , , , , , , , , , , , , , , , , , 
0.6365769, 0.0246738, 16.551, -0.6137695, 16.551, -1.0087891, 16.551, 0.0849609, 0.6365769, -0.0099031, 16.551, 0.421875, 16.551, -1.0380859, 16.551, 0.0019531, 0.6365769, -0.0109102, 16.551, 0.2260742, 16.551, -1.0361328, 16.551, -0.5019531, 0.6365769, 0.0260166, 16.551, 0.3813477, 16.551, -1.0600586, 16.551, 0.1025391, , , , , , , , , , , , , , , , , , , , , , 
0.6370962, 0.0261845, 16.5645, -0.5712891, 16.5645, -0.9960938, 16.5645, 0.0688477, 0.6370962, -0.0078889, 16.5645, 0.4111328, 16.5645, -1.0092773, 16.5645, 0.0112305, 0.6370962, -0.0112459, 16.5645, 0.2192383, 16.5645, -1.0136719, 16.5645, -0.4907227, 0.6370962, 0.0258488, 16.5645, 0.3979492, 16.5645, -1.0234375, 16.5645, 0.0742188, , , , , , , , , , , , , , , , , , , , , , 
0.6376154, 0.0263523, 16.578, -0.5493164, 16.578, -0.9794922, 16.578, 0.0654297, 0.6376154, -0.0058747, 16.578, 0.4487305, 16.578, -0.9804688, 16.578, 0.0229492, 0.6376154, -0.0137636, 16.578, 0.2236328, 16.578, -0.9907227, 16.578, -0.4804688, 0.6376154, 0.0258488, 16.578, 0.4272461, 16.578, -1.0083008, 16.578, 0.0288086, , , , , , , , , , , , , , , , , , , , , , 
0.6381346, 0.023331, 16.5915, -0.5136719, 16.5915, -0.940918, 16.5915, 0.0449219, 0.6381346, -0.0041962, 16.5915, 0.4980469, 16.5915, -0.9575195, 16.5915, 0.0390625, 0.6381346, -0.0152743, 16.5915, 0.2241211, 16.5915, -0.9848633, 16.5915, -0.4702148, 0.6381346, 0.0219883, 16.5915, 0.4550781, 16.5915, -0.9975586, 16.5915, -0.0043945, , , , , , , , , , , , , , , , , , , , , , 
0.6386538, 0.0169528, 16.605, -0.4985352, 16.605, -0.9311523, 16.605, 0.0219727, 0.6386538, -0.0050355, 16.605, 0.5097656, 16.605, -0.9453125, 16.605, 0.0566406, 0.6386538, -0.0135958, 16.605, 0.2231445, 16.605, -0.9873047, 16.605, -0.4663086, 0.6386538, 0.0176242, 16.605, 0.4677734, 16.605, -0.9873047, 16.605, -0.0219727, , , , , , , , , , , , , , , , , , , , , , 
0.6391731, 0.0119173, 16.6185, -0.4887695, 16.6185, -0.940918, 16.6185, 0.0209961, 0.6391731, -0.0065461, 16.6185, 0.496582, 16.6185, -0.9335938, 16.6185, 0.0849609, 0.6391731, -0.0109102, 16.6185, 0.2241211, 16.6185, -0.9960938, 16.6185, -0.4575195, 0.6391731, 0.0139315, 16.6185, 0.4824219, 16.6185, -0.9692383, 16.6185, -0.0385742, , , , , , , , , , , , , , , , , , , , , , 
0.6396923, 0.0072175, 16.632, -0.4785156, 16.632, -0.9321289, 16.632, 0.0112305, 0.6396923, -0.0072175, 16.632, 0.4697266, 16.632, -0.9057617, 16.632, 0.0854492, 0.6396923, -0.0092317, 16.632, 0.2294922, 16.632, -0.9941406, 16.632, -0.4604492, 0.6396923, 0.0119173, 16.632, 0.503418, 16.632, -0.9477539, 16.632, -0.0532227, , , , , , , , , , , , , , , , , , , , , , 
0.6402115, 0.0031891, 16.6455, -0.4511719, 16.6455, -0.9208984, 16.6455, 0.0039062, 0.6402115, -0.0077211, 16.6455, 0.4545898, 16.6455, -0.8876953, 16.6455, 0.0859375, 0.6402115, -0.0099031, 16.6455, 0.2250977, 16.6455, -0.9775391, 16.6455, -0.4663086, 0.6402115, 0.0112459, 16.6455, 0.4926758, 16.6455, -0.9301758, 16.6455, -0.0415039, , , , , , , , , , , , , , , , , , , , , , 
0.6407308, 0.0058747, 16.659, -0.4604492, 16.659, -0.8823242, 16.659, -0.0600586, 0.6407308, -0.0065461, 16.659, 0.4316406, 16.659, -0.8916016, 16.659, 0.121582, 0.6407308, -0.0115816, 16.659, 0.2104492, 16.659, -0.9501953, 16.659, -0.4692383, 0.6407308, 0.0105745, 16.659, 0.4560547, 16.659, -0.9057617, 16.659, -0.03125, , , , , , , , , , , , , , , , , , , , , , 
0.64125, 0.0085603, 16.6725, -0.4858398, 16.6725, -0.8413086, 16.6725, -0.0878906, 0.64125, -0.0058747, 16.6725, 0.3886719, 16.6725, -0.8955078, 16.6725, 0.1298828, 0.64125, -0.0112459, 16.6725, 0.184082, 16.6725, -0.9331055, 16.6725, -0.4633789, 0.64125, 0.0092317, 16.6725, 0.4360352, 16.6725, -0.8989258, 16.6725, -0.0273438, , , , , , , , , , , , , , , , , , , , , , 
0.6417692, 0.0018463, 16.686, -0.4711914, 16.686, -0.8598633, 16.686, -0.0766602, 0.6417692, -0.0048676, 16.686, 0.3017578, 16.686, -0.8847656, 16.686, 0.1054688, 0.6417692, -0.0104067, 16.686, 0.1640625, 16.686, -0.9116211, 16.686, -0.4604492, 0.6417692, 0.0078889, 16.686, 0.4067383, 16.686, -0.8950195, 16.686, -0.0161133, , , , , , , , , , , , , , , , , , , , , , 
0.6422885, 0.0008392, 16.6995, -0.4091797, 16.6995, -0.9101562, 16.6995, -0.0620117, 0.6422885, -0.0052033, 16.6995, 0.3100586, 16.6995, -0.8657227, 16.6995, 0.0942383, 0.6422885, -0.0095674, 16.6995, 0.1586914, 16.6995, -0.8925781, 16.6995, -0.465332, 0.6422885, 0.0065461, 16.6995, 0.4165039, 16.6995, -0.878418, 16.6995, -0.0317383, , , , , , , , , , , , , , , , , , , , , , 
0.6428077, 0.0011749, 16.713, -0.3803711, 16.713, -0.9091797, 16.713, -0.0708008, 0.6428077, -0.0052033, 16.713, 0.328125, 16.713, -0.8530273, 16.713, 0.0761719, 0.6428077, -0.0090639, 16.713, 0.1547852, 16.713, -0.8847656, 16.713, -0.4814453, 0.6428077, 0.0045319, 16.713, 0.440918, 16.713, -0.8652344, 16.713, -0.0668945, , , , , , , , , , , , , , , , , , , , , , 
0.6433269, 0.0023499, 16.7265, -0.3798828, 16.7265, -0.9008789, 16.7265, -0.078125, 0.6433269, -0.005539, 16.7265, 0.3520508, 16.7265, -0.8496094, 16.7265, 0.0634766, 0.6433269, -0.0092317, 16.7265, 0.1508789, 16.7265, -0.8833008, 16.7265, -0.4907227, 0.6433269, 0.0048676, 16.7265, 0.4628906, 16.7265, -0.8530273, 16.7265, -0.0673828, , , , , , , , , , , , , , , , , , , , , , 
0.6438462, 0.0041962, 16.74, -0.3862305, 16.74, -0.887207, 16.74, -0.0786133, 0.6438462, -0.0048676, 16.74, 0.3574219, 16.74, -0.8730469, 16.74, 0.0805664, 0.6438462, -0.0078889, 16.74, 0.1333008, 16.74, -0.8798828, 16.74, -0.4980469, 0.6438462, 0.0048676, 16.74, 0.4697266, 16.74, -0.8457031, 16.74, -0.0537109, , , , , , , , , , , , , , , , , , , , , , 
0.6443654, 0.0072175, 16.7535, -0.3813477, 16.7535, -0.8808594, 16.7535, -0.0825195, 0.6443654, -0.0048676, 16.7535, 0.3168945, 16.7535, -0.8789062, 16.7535, 0.0883789, 0.6443654, -0.0068818, 16.7535, 0.1220703, 16.7535, -0.8842773, 16.7535, -0.4902344, 0.6443654, 0.0050355, 16.7535, 0.4604492, 16.7535, -0.8500977, 16.7535, -0.0429688, , , , , , , , , , , , , , , , , , , , , , 
0.6448846, 0.0092317, 16.767, -0.3500977, 16.767, -0.875, 16.767, -0.0756836, 0.6448846, -0.005539, 16.767, 0.2783203, 16.767, -0.8764648, 16.767, 0.0708008, 0.6448846, -0.0065461, 16.767, 0.1347656, 16.767, -0.8808594, 16.767, -0.4799805, 0.6448846, 0.0063783, 16.767, 0.4536133, 16.767, -0.8413086, 16.767, -0.0268555, , , , , , , , , , , , , , , , , , , , , , 
0.6454038, 0.0092317, 16.7805, -0.3276367, 16.7805, -0.8793945, 16.7805, -0.0771484, 0.6454038, -0.0065461, 16.7805, 0.2636719, 16.7805, -0.8969727, 16.7805, 0.0439453, 0.6454038, -0.0075532, 16.7805, 0.1733398, 16.7805, -0.8544922, 16.7805, -0.4692383, 0.6454038, 0.0038605, 16.7805, 0.4331055, 16.7805, -0.8276367, 16.7805, -0.015625, , , , , , , , , , , , , , , , , , , , , , 
0.6459231, 0.0072175, 16.794, -0.3251953, 16.794, -0.8974609, 16.794, -0.0698242, 0.6459231, -0.0082246, 16.794, 0.2626953, 16.794, -0.9013672, 16.794, 0.0322266, 0.6459231, -0.0092317, 16.794, 0.2094727, 16.794, -0.8237305, 16.794, -0.4672852, 0.6459231, -0.0015106, 16.794, 0.4042969, 16.794, -0.8237305, 16.794, -0.0029297, , , , , , , , , , , , , , , , , , , , , , 
0.6464423, 0.0077211, 16.8075, -0.3105469, 16.8075, -0.9189453, 16.8075, -0.074707, 0.6464423, -0.0092317, 16.8075, 0.2636719, 16.8075, -0.8886719, 16.8075, 0.0112305, 0.6464423, -0.0115816, 16.8075, 0.2294922, 16.8075, -0.8076172, 16.8075, -0.4628906, 0.6464423, -0.0058747, 16.8075, 0.3989258, 16.8075, -0.8232422, 16.8075, 0.0239258, , , , , , , , , , , , , , , , , , , , , , 
0.6469615, 0.0078889, 16.821, -0.28125, 16.821, -0.934082, 16.821, -0.0625, 0.6469615, -0.0109102, 16.821, 0.2578125, 16.821, -0.8789062, 16.821, -0.0004883, 0.6469615, -0.0112459, 16.821, 0.2304688, 16.821, -0.8081055, 16.821, -0.4604492, 0.6469615, -0.0077211, 16.821, 0.402832, 16.821, -0.8198242, 16.821, 0.0322266, , , , , , , , , , , , , , , , , , , , , , 
0.6474808, 0.0095674, 16.8345, -0.2514648, 16.8345, -0.934082, 16.8345, -0.0449219, 0.6474808, -0.0112459, 16.8345, 0.2524414, 16.8345, -0.8828125, 16.8345, -0.0014648, 0.6474808, -0.0102388, 16.8345, 0.2202148, 16.8345, -0.8085938, 16.8345, -0.465332, 0.6474808, -0.008896, 16.8345, 0.4067383, 16.8345, -0.8115234, 16.8345, 0.027832, , , , , , , , , , , , , , , , , , , , , , 
0.648, 0.0087282, 16.848, -0.2197266, 16.848, -0.925293, 16.848, -0.0810547, 0.648, -0.0095674, 16.848, 0.2363281, 16.848, -0.8916016, 16.848, -0.0092773, 0.648, -0.0099031, 16.848, 0.1972656, 16.848, -0.8081055, 16.848, -0.4726562, 0.648, -0.0115816, 16.848, 0.4204102, 16.848, -0.7954102, 16.848, 0.0214844, , , , , , , , , , , , , , , , , , , , , , 
0.6485192, 0.0062104, 16.8615, -0.2290039, 16.8615, -0.9213867, 16.8615, -0.065918, 0.6485192, -0.0077211, 16.8615, 0.2177734, 16.8615, -0.9052734, 16.8615, -0.0302734, 0.6485192, -0.0129244, 16.8615, 0.1831055, 16.8615, -0.8046875, 16.8615, -0.4780273, 0.6485192, -0.0117494, 16.8615, 0.4194336, 16.8615, -0.7915039, 16.8615, 0.0288086, , , , , , , , , , , , , , , , , , , , , , 
0.6490385, 0.0048676, 16.875, -0.2578125, 16.875, -0.9257812, 16.875, -0.0253906, 0.6490385, -0.0075532, 16.875, 0.1914062, 16.875, -0.9086914, 16.875, -0.0581055, 0.6490385, -0.012253, 16.875, 0.1679688, 16.875, -0.7919922, 16.875, -0.4882812, 0.6490385, -0.0073854, 16.875, 0.4160156, 16.875, -0.8071289, 16.875, 0.0493164, , , , , , , , , , , , , , , , , , , , , , 
0.6495577, 0.0041962, 16.8885, -0.2548828, 16.8885, -0.9282227, 16.8885, -0.0063477, 0.6495577, -0.0058747, 16.8885, 0.175293, 16.8885, -0.9003906, 16.8885, -0.0805664, 0.6495577, -0.008896, 16.8885, 0.1723633, 16.8885, -0.7788086, 16.8885, -0.487793, 0.6495577, -0.0023499, 16.8885, 0.3891602, 16.8885, -0.8115234, 16.8885, 0.0644531, , , , , , , , , , , , , , , , , , , , , , 
0.6500769, 0.0057069, 16.902, -0.2167969, 16.902, -0.9165039, 16.902, -0.0341797, 0.6500769, -0.0041962, 16.902, 0.1816406, 16.902, -0.9018555, 16.902, -0.0908203, 0.6500769, -0.0068818, 16.902, 0.1879883, 16.902, -0.7773438, 16.902, -0.4799805, 0.6500769, 0.0023499, 16.902, 0.3510742, 16.902, -0.8085938, 16.902, 0.0820312, , , , , , , , , , , , , , , , , , , , , , 
0.6505962, 0.0115816, 16.9155, -0.1982422, 16.9155, -0.9121094, 16.9155, -0.0400391, 0.6505962, -0.0048676, 16.9155, 0.1879883, 16.9155, -0.9067383, 16.9155, -0.0961914, 0.6505962, -0.0068818, 16.9155, 0.2045898, 16.9155, -0.7924805, 16.9155, -0.4526367, 0.6505962, 0.0075532, 16.9155, 0.3393555, 16.9155, -0.8071289, 16.9155, 0.0927734, , , , , , , , , , , , , , , , , , , , , , 
0.6511154, 0.01561, 16.929, -0.1826172, 16.929, -0.9223633, 16.929, -0.0327148, 0.6511154, -0.0068818, 16.929, 0.1870117, 16.929, -0.9106445, 16.929, -0.1030273, 0.6511154, -0.0062104, 16.929, 0.2373047, 16.929, -0.7998047, 16.929, -0.4291992, 0.6511154, 0.0124208, 16.929, 0.3388672, 16.929, -0.8134766, 16.929, 0.0849609, , , , , , , , , , , , , , , , , , , , , , 
0.6516346, 0.0199741, 16.9425, -0.1728516, 16.9425, -0.9418945, 16.9425, -0.0112305, 0.6516346, -0.0082246, 16.9425, 0.1728516, 16.9425, -0.9077148, 16.9425, -0.1113281, 0.6516346, -0.0068818, 16.9425, 0.2514648, 16.9425, -0.7958984, 16.9425, -0.4169922, 0.6516346, 0.0152743, 16.9425, 0.3266602, 16.9425, -0.8027344, 16.9425, 0.0834961, , , , , , , , , , , , , , , , , , , , , , 
0.6521538, 0.0246738, 16.956, -0.1445312, 16.956, -0.9487305, 16.956, -0.0185547, 0.6521538, -0.0068818, 16.956, 0.1640625, 16.956, -0.8974609, 16.956, -0.1049805, 0.6521538, -0.0078889, 16.956, 0.2353516, 16.956, -0.7763672, 16.956, -0.4077148, 0.6521538, 0.0186313, 16.956, 0.3168945, 16.956, -0.7763672, 16.956, 0.0810547, , , , , , , , , , , , , , , , , , , , , , 
0.6526731, 0.0253452, 16.9695, -0.1245117, 16.9695, -0.921875, 16.9695, -0.0698242, 0.6526731, -0.0068818, 16.9695, 0.1665039, 16.9695, -0.8867188, 16.9695, -0.1113281, 0.6526731, -0.0092317, 16.9695, 0.2099609, 16.9695, -0.7426758, 16.9695, -0.4213867, 0.6526731, 0.023331, 16.9695, 0.3183594, 16.9695, -0.7646484, 16.9695, 0.0751953, , , , , , , , , , , , , , , , , , , , , , 
0.6531923, 0.0209812, 16.983, -0.1323242, 16.983, -0.9140625, 16.983, -0.0395508, 0.6531923, -0.0073854, 16.983, 0.144043, 16.983, -0.8745117, 16.983, -0.1235352, 0.6531923, -0.0097353, 16.983, 0.203125, 16.983, -0.7202148, 16.983, -0.4541016, 0.6531923, 0.0276951, 16.983, 0.3452148, 16.983, -0.7612305, 16.983, 0.0576172, , , , , , , , , , , , , , , , , , , , , , 
0.6537115, 0.0196384, 16.9965, -0.1347656, 16.9965, -0.9130859, 16.9965, -0.0200195, 0.6537115, -0.0099031, 16.9965, 0.1049805, 16.9965, -0.8642578, 16.9965, -0.1298828, 0.6537115, -0.0072175, 16.9965, 0.2026367, 16.9965, -0.7216797, 16.9965, -0.4594727, 0.6537115, 0.0317235, 16.9965, 0.3950195, 16.9965, -0.7724609, 16.9965, 0.0351562, , , , , , , , , , , , , , , , , , , , , , 
0.6542308, 0.0273594, 17.01, -0.1230469, 17.01, -0.8945312, 17.01, -0.0429688, 0.6542308, -0.008896, 17.01, 0.0947266, 17.01, -0.8515625, 17.01, -0.1303711, 0.6542308, -0.0052033, 17.01, 0.2084961, 17.01, -0.7470703, 17.01, -0.4458008, 0.6542308, 0.0350805, 17.01, 0.4238281, 17.01, -0.7827148, 17.01, 0.0302734, , , , , , , , , , , , , , , , , , , , , , 
0.65475, 0.0347448, 17.0235, -0.1152344, 17.0235, -0.8886719, 17.0235, -0.0454102, 0.65475, -0.0068818, 17.0235, 0.1166992, 17.0235, -0.847168, 17.0235, -0.1396484, 0.65475, -0.0043641, 17.0235, 0.2119141, 17.0235, -0.7553711, 17.0235, -0.4311523, 0.65475, 0.0357519, 17.0235, 0.4033203, 17.0235, -0.7695312, 17.0235, 0.0327148, , , , , , , , , , , , , , , , , , , , , , 
0.6552692, 0.0374304, 17.037, -0.1162109, 17.037, -0.8886719, 17.037, -0.0385742, 0.6552692, -0.0072175, 17.037, 0.1240234, 17.037, -0.8496094, 17.037, -0.1357422, 0.6552692, -0.0041962, 17.037, 0.2177734, 17.037, -0.7363281, 17.037, -0.4306641, 0.6552692, 0.0354162, 17.037, 0.3652344, 17.037, -0.7514648, 17.037, 0.0288086, , , , , , , , , , , , , , , , , , , , , , 
0.6557885, 0.0381018, 17.0505, -0.1040039, 17.0505, -0.8911133, 17.0505, -0.0488281, 0.6557885, -0.0082246, 17.0505, 0.1186523, 17.0505, -0.8447266, 17.0505, -0.1376953, 0.6557885, -0.0045319, 17.0505, 0.2338867, 17.0505, -0.7192383, 17.0505, -0.4262695, 0.6557885, 0.030045, 17.0505, 0.3417969, 17.0505, -0.765625, 17.0505, 0.0375977, , , , , , , , , , , , , , , , , , , , , , 
0.6563077, 0.0318914, 17.064, -0.0859375, 17.064, -0.8901367, 17.064, -0.0551758, 0.6563077, -0.0082246, 17.064, 0.112793, 17.064, -0.8364258, 17.064, -0.1386719, 0.6563077, -0.0062104, 17.064, 0.2407227, 17.064, -0.7207031, 17.064, -0.4208984, 0.6563077, 0.023331, 17.064, 0.3603516, 17.064, -0.7768555, 17.064, 0.03125, , , , , , , , , , , , , , , , , , , , , , 
0.6568269, 0.024506, 17.0775, -0.0854492, 17.0775, -0.890625, 17.0775, -0.0512695, 0.6568269, -0.0092317, 17.0775, 0.1181641, 17.0775, -0.8383789, 17.0775, -0.128418, 0.6568269, -0.0068818, 17.0775, 0.2265625, 17.0775, -0.730957, 17.0775, -0.4267578, 0.6568269, 0.0179599, 17.0775, 0.3813477, 17.0775, -0.7666016, 17.0775, 0.0136719, , , , , , , , , , , , , , , , , , , , , , 
0.6573462, 0.0209812, 17.091, -0.0805664, 17.091, -0.8833008, 17.091, -0.050293, 0.6573462, -0.0099031, 17.091, 0.1225586, 17.091, -0.8305664, 17.091, -0.1181641, 0.6573462, -0.0065461, 17.091, 0.199707, 17.091, -0.7416992, 17.091, -0.4321289, 0.6573462, 0.0149386, 17.091, 0.3637695, 17.091, -0.7705078, 17.091, 0.0063477, , , , , , , , , , , , , , , , , , , , , , 
0.6578654, 0.0213169, 17.1045, -0.0620117, 17.1045, -0.8813477, 17.1045, -0.0913086, 0.6578654, -0.008896, 17.1045, 0.1098633, 17.1045, -0.8232422, 17.1045, -0.1245117, 0.6578654, -0.0052033, 17.1045, 0.1699219, 17.1045, -0.75, 17.1045, -0.4257812, 0.6578654, 0.0135958, 17.1045, 0.328125, 17.1045, -0.7734375, 17.1045, 0.012207, , , , , , , , , , , , , , , , , , , , , , 
0.6583846, 0.0251774, 17.118, -0.0556641, 17.118, -0.8930664, 17.118, -0.0791016, 0.6583846, -0.0052033, 17.118, 0.0766602, 17.118, -0.8266602, 17.118, -0.1430664, 0.6583846, -0.0050355, 17.118, 0.1577148, 17.118, -0.7548828, 17.118, -0.4223633, 0.6583846, 0.0146029, 17.118, 0.3120117, 17.118, -0.7744141, 17.118, 0.015625, , , , , , , , , , , , , , , , , , , , , , 
0.6589038, 0.0261845, 17.1315, -0.0483398, 17.1315, -0.8891602, 17.1315, -0.0678711, 0.6589038, -0.0043641, 17.1315, 0.0405273, 17.1315, -0.8359375, 17.1315, -0.1489258, 0.6589038, -0.0058747, 17.1315, 0.140625, 17.1315, -0.7524414, 17.1315, -0.4160156, 0.6589038, 0.0130922, 17.1315, 0.2910156, 17.1315, -0.777832, 17.1315, 0.0166016, , , , , , , , , , , , , , , , , , , , , , 
0.6594231, 0.021149, 17.145, -0.0644531, 17.145, -0.8774414, 17.145, -0.0810547, 0.6594231, -0.0065461, 17.145, 0.0283203, 17.145, -0.828125, 17.145, -0.1396484, 0.6594231, -0.005539, 17.145, 0.1435547, 17.145, -0.7387695, 17.145, -0.4033203, 0.6594231, 0.0105745, 17.145, 0.2822266, 17.145, -0.7783203, 17.145, 0.0102539, , , , , , , , , , , , , , , , , , , , , , 
0.6599423, 0.0169528, 17.1585, -0.0947266, 17.1585, -0.8588867, 17.1585, -0.1000977, 0.6599423, -0.0082246, 17.1585, 0.0341797, 17.1585, -0.8105469, 17.1585, -0.1259766, 0.6599423, -0.0065461, 17.1585, 0.1645508, 17.1585, -0.7294922, 17.1585, -0.3808594, 0.6599423, 0.0092317, 17.1585, 0.2753906, 17.1585, -0.7739258, 17.1585, 0.0112305, , , , , , , , , , , , , , , , , , , , , , 
0.6604615, 0.014435, 17.172, -0.09375, 17.172, -0.8515625, 17.172, -0.0952148, 0.6604615, -0.008896, 17.172, 0.0410156, 17.172, -0.8037109, 17.172, -0.1254883, 0.6604615, -0.0075532, 17.172, 0.1875, 17.172, -0.7348633, 17.172, -0.3618164, 0.6604615, 0.0095674, 17.172, 0.2739258, 17.172, -0.7675781, 17.172, -0.0068359, , , , , , , , , , , , , , , , , , , , , , 
0.6609808, 0.011078, 17.1855, -0.0693359, 17.1855, -0.8623047, 17.1855, -0.0810547, 0.6609808, -0.0092317, 17.1855, 0.0678711, 17.1855, -0.7983398, 17.1855, -0.121582, 0.6609808, -0.0082246, 17.1855, 0.1977539, 17.1855, -0.7514648, 17.1855, -0.3603516, 0.6609808, 0.0085603, 17.1855, 0.28125, 17.1855, -0.7792969, 17.1855, -0.0146484, , , , , , , , , , , , , , , , , , , , , , 
0.6615, 0.0085603, 17.199, -0.0595703, 17.199, -0.8696289, 17.199, -0.0800781, 0.6615, -0.0075532, 17.199, 0.0981445, 17.199, -0.8144531, 17.199, -0.1201172, 0.6615, -0.0082246, 17.199, 0.1962891, 17.199, -0.7651367, 17.199, -0.3574219, 0.6615, 0.0078889, 17.199, 0.2890625, 17.199, -0.7939453, 17.199, -0.0073242, , , , , , , , , , , , , , , , , , , , , , 
0.6620192, 0.0083925, 17.2125, -0.0634766, 17.2125, -0.8632812, 17.2125, -0.0712891, 0.6620192, -0.0050355, 17.2125, 0.1098633, 17.2125, -0.8212891, 17.2125, -0.1269531, 0.6620192, -0.0078889, 17.2125, 0.1826172, 17.2125, -0.7695312, 17.2125, -0.3505859, 0.6620192, 0.0099031, 17.2125, 0.2788086, 17.2125, -0.7988281, 17.2125, -0.0039062, , , , , , , , , , , , , , , , , , , , , , 
0.6625385, 0.005539, 17.226, -0.0600586, 17.226, -0.8657227, 17.226, -0.0678711, 0.6625385, -0.0041962, 17.226, 0.0961914, 17.226, -0.8193359, 17.226, -0.140625, 0.6625385, -0.0085603, 17.226, 0.1723633, 17.226, -0.7719727, 17.226, -0.3525391, 0.6625385, 0.0109102, 17.226, 0.2431641, 17.226, -0.8041992, 17.226, 0.0039062, , , , , , , , , , , , , , , , , , , , , , 
0.6630577, 0.0072175, 17.2395, -0.065918, 17.2395, -0.8818359, 17.2395, -0.0664062, 0.6630577, -0.0038605, 17.2395, 0.0776367, 17.2395, -0.8232422, 17.2395, -0.140625, 0.6630577, -0.0082246, 17.2395, 0.1679688, 17.2395, -0.7832031, 17.2395, -0.359375, 0.6630577, 0.0082246, 17.2395, 0.215332, 17.2395, -0.8144531, 17.2395, 0.0078125, , , , , , , , , , , , , , , , , , , , , , 
0.6635769, 0.0092317, 17.253, -0.0761719, 17.253, -0.8945312, 17.253, -0.0678711, 0.6635769, -0.0043641, 17.253, 0.0761719, 17.253, -0.8383789, 17.253, -0.1337891, 0.6635769, -0.0075532, 17.253, 0.1635742, 17.253, -0.793457, 17.253, -0.359375, 0.6635769, 0.0072175, 17.253, 0.2070312, 17.253, -0.8139648, 17.253, 0.0063477, , , , , , , , , , , , , , , , , , , , , , 
0.6640962, 0.0065461, 17.2665, -0.0893555, 17.2665, -0.9013672, 17.2665, -0.0727539, 0.6640962, -0.0041962, 17.2665, 0.0878906, 17.2665, -0.8500977, 17.2665, -0.1357422, 0.6640962, -0.0075532, 17.2665, 0.152832, 17.2665, -0.8129883, 17.2665, -0.3466797, 0.6640962, 0.0085603, 17.2665, 0.2104492, 17.2665, -0.8129883, 17.2665, 0.0058594, , , , , , , , , , , , , , , , , , , , , , 
0.6646154, 0.0035248, 17.28, -0.0893555, 17.28, -0.8959961, 17.28, -0.0771484, 0.6646154, -0.0041962, 17.28, 0.0893555, 17.28, -0.8427734, 17.28, -0.1425781, 0.6646154, -0.0085603, 17.28, 0.1547852, 17.28, -0.8061523, 17.28, -0.3481445, 0.6646154, 0.0099031, 17.28, 0.2197266, 17.28, -0.8251953, 17.28, 0.0151367, , , , , , , , , , , , , , , , , , , , , , 
0.6651346, 0.0048676, 17.2935, -0.081543, 17.2935, -0.8969727, 17.2935, -0.0678711, 0.6651346, -0.0038605, 17.2935, 0.0825195, 17.2935, -0.84375, 17.2935, -0.1455078, 0.6651346, -0.0095674, 17.2935, 0.1777344, 17.2935, -0.7949219, 17.2935, -0.3525391, 0.6651346, 0.0078889, 17.2935, 0.2202148, 17.2935, -0.8452148, 17.2935, 0.019043, , , , , , , , , , , , , , , , , , , , , , 
0.6656538, 0.0048676, 17.307, -0.0771484, 17.307, -0.9077148, 17.307, -0.0615234, 0.6656538, -0.0038605, 17.307, 0.0756836, 17.307, -0.8530273, 17.307, -0.1508789, 0.6656538, -0.0095674, 17.307, 0.1826172, 17.307, -0.800293, 17.307, -0.3486328, 0.6656538, 0.0001678, 17.307, 0.2011719, 17.307, -0.8486328, 17.307, 0.027832, , , , , , , , , , , , , , , , , , , , , , 
0.6661731, 0.0025177, 17.3205, -0.0776367, 17.3205, -0.9125977, 17.3205, -0.0585938, 0.6661731, -0.0041962, 17.3205, 0.0791016, 17.3205, -0.8662109, 17.3205, -0.1572266, 0.6661731, -0.0072175, 17.3205, 0.1665039, 17.3205, -0.8115234, 17.3205, -0.3432617, 0.6661731, -0.005539, 17.3205, 0.1806641, 17.3205, -0.8447266, 17.3205, 0.0253906, , , , , , , , , , , , , , , , , , , , , , 
0.6666923, 0.0025177, 17.334, -0.078125, 17.334, -0.9125977, 17.334, -0.0615234, 0.6666923, -0.0041962, 17.334, 0.0859375, 17.334, -0.8725586, 17.334, -0.1577148, 0.6666923, -0.0068818, 17.334, 0.1518555, 17.334, -0.8173828, 17.334, -0.3349609, 0.6666923, -0.005539, 17.334, 0.1772461, 17.334, -0.8398438, 17.334, 0.0195312, , , , , , , , , , , , , , , , , , , , , , 
0.6672115, 0.0063783, 17.3475, -0.0942383, 17.3475, -0.9121094, 17.3475, -0.0576172, 0.6672115, -0.0058747, 17.3475, 0.081543, 17.3475, -0.8686523, 17.3475, -0.159668, 0.6672115, -0.0095674, 17.3475, 0.1621094, 17.3475, -0.8242188, 17.3475, -0.3232422, 0.6672115, -0.0048676, 17.3475, 0.1704102, 17.3475, -0.8486328, 17.3475, 0.034668, , , , , , , , , , , , , , , , , , , , , , 
0.6677308, 0.0078889, 17.361, -0.112793, 17.361, -0.9072266, 17.361, -0.0493164, 0.6677308, -0.0080568, 17.361, 0.0756836, 17.361, -0.8632812, 17.361, -0.1572266, 0.6677308, -0.0119173, 17.361, 0.1816406, 17.361, -0.8310547, 17.361, -0.3115234, 0.6677308, -0.0050355, 17.361, 0.1591797, 17.361, -0.8540039, 17.361, 0.0449219, , , , , , , , , , , , , , , , , , , , , , 
0.66825, 0.0075532, 17.3745, -0.1142578, 17.3745, -0.909668, 17.3745, -0.0488281, 0.66825, -0.0082246, 17.3745, 0.0917969, 17.3745, -0.862793, 17.3745, -0.1547852, 0.66825, -0.0115816, 17.3745, 0.1894531, 17.3745, -0.8305664, 17.3745, -0.3076172, 0.66825, -0.0060426, 17.3745, 0.1538086, 17.3745, -0.8681641, 17.3745, 0.0371094, , , , , , , , , , , , , , , , , , , , , , 
0.6687692, 0.0083925, 17.388, -0.1049805, 17.388, -0.9213867, 17.388, -0.0488281, 0.6687692, -0.0072175, 17.388, 0.1142578, 17.388, -0.8701172, 17.388, -0.1542969, 0.6687692, -0.0109102, 17.388, 0.1933594, 17.388, -0.8286133, 17.388, -0.300293, 0.6687692, -0.0041962, 17.388, 0.1503906, 17.388, -0.8701172, 17.388, 0.0244141, , , , , , , , , , , , , , , , , , , , , , 
0.6692885, 0.0099031, 17.4015, -0.097168, 17.4015, -0.921875, 17.4015, -0.0444336, 0.6692885, -0.0052033, 17.4015, 0.1254883, 17.4015, -0.8852539, 17.4015, -0.1518555, 0.6692885, -0.0112459, 17.4015, 0.1835938, 17.4015, -0.8422852, 17.4015, -0.2875977, 0.6692885, -0.0008392, 17.4015, 0.1425781, 17.4015, -0.8774414, 17.4015, 0.03125, , , , , , , , , , , , , , , , , , , , , , 
0.6698077, 0.0062104, 17.415, -0.0961914, 17.415, -0.9204102, 17.415, -0.0375977, 0.6698077, -0.0052033, 17.415, 0.125, 17.415, -0.8847656, 17.415, -0.1489258, 0.6698077, -0.0097353, 17.415, 0.1713867, 17.415, -0.8515625, 17.415, -0.2773438, 0.6698077, 0.0035248, 17.415, 0.1264648, 17.415, -0.8789062, 17.415, 0.0356445, , , , , , , , , , , , , , , , , , , , , , 
0.6703269, -0.0001678, 17.4285, -0.1025391, 17.4285, -0.9233398, 17.4285, -0.0317383, 0.6703269, -0.0072175, 17.4285, 0.1176758, 17.4285, -0.8793945, 17.4285, -0.1508789, 0.6703269, -0.0068818, 17.4285, 0.1616211, 17.4285, -0.8535156, 17.4285, -0.2729492, 0.6703269, 0.0099031, 17.4285, 0.0966797, 17.4285, -0.8754883, 17.4285, 0.0322266, , , , , , , , , , , , , , , , , , , , , , 
0.6708462, 0.0001678, 17.442, -0.1137695, 17.442, -0.9262695, 17.442, -0.0395508, 0.6708462, -0.0075532, 17.442, 0.1064453, 17.442, -0.8852539, 17.442, -0.1586914, 0.6708462, -0.0052033, 17.442, 0.1474609, 17.442, -0.8637695, 17.442, -0.2797852, 0.6708462, 0.0139315, 17.442, 0.0864258, 17.442, -0.8867188, 17.442, 0.0229492, , , , , , , , , , , , , , , , , , , , , , 
0.6713654, 0.0031891, 17.4555, -0.1445312, 17.4555, -0.9418945, 17.4555, -0.0444336, 0.6713654, -0.0065461, 17.4555, 0.1035156, 17.4555, -0.8959961, 17.4555, -0.1616211, 0.6713654, -0.005539, 17.4555, 0.1264648, 17.4555, -0.8930664, 17.4555, -0.2856445, 0.6713654, 0.01561, 17.4555, 0.0898438, 17.4555, -0.9052734, 17.4555, 0.0209961, , , , , , , , , , , , , , , , , , , , , , 
0.6718846, 0.0058747, 17.469, -0.1630859, 17.469, -0.9604492, 17.469, -0.0454102, 0.6718846, -0.0068818, 17.469, 0.1166992, 17.469, -0.9111328, 17.469, -0.1552734, 0.6718846, -0.0057069, 17.469, 0.1225586, 17.469, -0.9082031, 17.469, -0.2900391, 0.6718846, 0.0179599, 17.469, 0.0927734, 17.469, -0.9204102, 17.469, 0.0327148, , , , , , , , , , , , , , , , , , , , , , 
0.6724038, 0.0085603, 17.4825, -0.1567383, 17.4825, -0.9770508, 17.4825, -0.0439453, 0.6724038, -0.0082246, 17.4825, 0.1254883, 17.4825, -0.9306641, 17.4825, -0.1489258, 0.6724038, -0.0062104, 17.4825, 0.1367188, 17.4825, -0.9140625, 17.4825, -0.2900391, 0.6724038, 0.0219883, 17.4825, 0.0986328, 17.4825, -0.9345703, 17.4825, 0.0327148, , , , , , , , , , , , , , , , , , , , , , 
0.6729231, 0.0092317, 17.496, -0.1455078, 17.496, -0.9941406, 17.496, -0.0351562, 0.6729231, -0.0085603, 17.496, 0.1323242, 17.496, -0.9477539, 17.496, -0.1484375, 0.6729231, -0.0062104, 17.496, 0.1572266, 17.496, -0.9350586, 17.496, -0.2900391, 0.6729231, 0.026688, 17.496, 0.1054688, 17.496, -0.9511719, 17.496, 0.0292969, , , , , , , , , , , , , , , , , , , , , , 
0.6734423, 0.0112459, 17.5095, -0.1308594, 17.5095, -1.0087891, 17.5095, -0.0356445, 0.6734423, -0.0095674, 17.5095, 0.1577148, 17.5095, -0.9711914, 17.5095, -0.1489258, 0.6734423, -0.0052033, 17.5095, 0.1679688, 17.5095, -0.9448242, 17.5095, -0.284668, 0.6734423, 0.0313878, 17.5095, 0.1020508, 17.5095, -0.9663086, 17.5095, 0.0410156, , , , , , , , , , , , , , , , , , , , , , 
0.6739615, 0.0092317, 17.523, -0.1108398, 17.523, -1.015625, 17.523, -0.0429688, 0.6739615, -0.0117494, 17.523, 0.171875, 17.523, -0.9814453, 17.523, -0.1513672, 0.6739615, -0.0045319, 17.523, 0.1958008, 17.523, -0.9472656, 17.523, -0.2670898, 0.6739615, 0.0360876, 17.523, 0.1098633, 17.523, -0.9570312, 17.523, 0.043457, , , , , , , , , , , , , , , , , , , , , , 
0.6744808, 0.0068818, 17.5365, -0.0932617, 17.5365, -0.9980469, 17.5365, -0.0244141, 0.6744808, -0.0115816, 17.5365, 0.1611328, 17.5365, -0.9755859, 17.5365, -0.1601562, 0.6744808, -0.0028534, 17.5365, 0.215332, 17.5365, -0.9238281, 17.5365, -0.2636719, 0.6744808, 0.0360876, 17.5365, 0.109375, 17.5365, -0.9589844, 17.5365, 0.0395508, , , , , , , , , , , , , , , , , , , , , , 
0.675, 0.008896, 17.55, -0.1025391, 17.55, -0.9907227, 17.55, -0.0126953, 0.675, -0.0097353, 17.55, 0.1293945, 17.55, -0.9555664, 17.55, -0.1748047, 0.675, -0.0001678, 17.55, 0.2041016, 17.55, -0.9165039, 17.55, -0.2729492, 0.675, 0.033402, 17.55, 0.0874023, 17.55, -0.9643555, 17.55, 0.0410156, , , , , , , , , , , , , , , , , , , , , , 
0.6755192, 0.0114137, 17.5635, -0.1337891, 17.5635, -1.0029297, 17.5635, -0.0224609, 0.6755192, -0.0102388, 17.5635, 0.1225586, 17.5635, -0.9414062, 17.5635, -0.1835938, 0.6755192, -0.0003357, 17.5635, 0.168457, 17.5635, -0.9311523, 17.5635, -0.2724609, 0.6755192, 0.0293736, 17.5635, 0.0703125, 17.5635, -0.9663086, 17.5635, 0.0424805, , , , , , , , , , , , , , , , , , , , , , 
0.6760385, 0.0132601, 17.577, -0.1367188, 17.577, -1.0180664, 17.577, -0.0283203, 0.6760385, -0.0105745, 17.577, 0.1313477, 17.577, -0.9550781, 17.577, -0.1967773, 0.6760385, -0.0028534, 17.577, 0.1274414, 17.577, -0.9423828, 17.577, -0.262207, 0.6760385, 0.026688, 17.577, 0.0600586, 17.577, -0.9663086, 17.577, 0.0356445, , , , , , , , , , , , , , , , , , , , , , 
0.6765577, 0.0172885, 17.5905, -0.1245117, 17.5905, -1.019043, 17.5905, -0.0273438, 0.6765577, -0.008896, 17.5905, 0.1240234, 17.5905, -0.9707031, 17.5905, -0.1953125, 0.6765577, -0.0030213, 17.5905, 0.1230469, 17.5905, -0.9438477, 17.5905, -0.2563477, 0.6765577, 0.0236667, 17.5905, 0.0639648, 17.5905, -0.9638672, 17.5905, 0.027832, , , , , , , , , , , , , , , , , , , , , , 
0.6770769, 0.0246738, 17.604, -0.1171875, 17.604, -1.0166016, 17.604, -0.019043, 0.6770769, -0.0075532, 17.604, 0.1147461, 17.604, -0.9775391, 17.604, -0.1791992, 0.6770769, -0.0036927, 17.604, 0.1494141, 17.604, -0.9472656, 17.604, -0.2597656, 0.6770769, 0.0193027, 17.604, 0.0419922, 17.604, -0.980957, 17.604, 0.0380859, , , , , , , , , , , , , , , , , , , , , , 
0.6775962, 0.0325628, 17.6175, -0.1430664, 17.6175, -1.0205078, 17.6175, -0.0185547, 0.6775962, -0.0075532, 17.6175, 0.1269531, 17.6175, -0.9858398, 17.6175, -0.1704102, 0.6775962, -0.0052033, 17.6175, 0.1665039, 17.6175, -0.9658203, 17.6175, -0.2436523, 0.6775962, 0.0169528, 17.6175, 0.0302734, 17.6175, -0.9941406, 17.6175, 0.0498047, , , , , , , , , , , , , , , , , , , , , , 
0.6781154, 0.0384375, 17.631, -0.1611328, 17.631, -1.0244141, 17.631, -0.0273438, 0.6781154, -0.0077211, 17.631, 0.1459961, 17.631, -0.9951172, 17.631, -0.1708984, 0.6781154, -0.0058747, 17.631, 0.1645508, 17.631, -0.9794922, 17.631, -0.2314453, 0.6781154, 0.0125887, 17.631, 0.0258789, 17.631, -1, 17.631, 0.0454102, , , , , , , , , , , , , , , , , , , , , , 
0.6786346, 0.0360876, 17.6445, -0.1508789, 17.6445, -1.0322266, 17.6445, -0.0327148, 0.6786346, -0.0082246, 17.6445, 0.1557617, 17.6445, -0.9975586, 17.6445, -0.168457, 0.6786346, -0.0065461, 17.6445, 0.1611328, 17.6445, -0.980957, 17.6445, -0.2353516, 0.6786346, 0.0092317, 17.6445, 0.0419922, 17.6445, -1.0004883, 17.6445, 0.0390625, , , , , , , , , , , , , , , , , , , , , , 
0.6791538, 0.03122, 17.658, -0.1420898, 17.658, -1.0332031, 17.658, -0.0341797, 0.6791538, -0.0099031, 17.658, 0.1513672, 17.658, -0.996582, 17.658, -0.1655273, 0.6791538, -0.0065461, 17.658, 0.1582031, 17.658, -0.9819336, 17.658, -0.2460938, 0.6791538, 0.0092317, 17.658, 0.0498047, 17.658, -1.0043945, 17.658, 0.0380859, , , , , , , , , , , , , , , , , , , , , , 
0.6796731, 0.0283665, 17.6715, -0.1420898, 17.6715, -1.0283203, 17.6715, -0.0317383, 0.6796731, -0.0109102, 17.6715, 0.1333008, 17.6715, -0.9921875, 17.6715, -0.1655273, 0.6796731, -0.0068818, 17.6715, 0.1572266, 17.6715, -0.9785156, 17.6715, -0.2563477, 0.6796731, 0.008896, 17.6715, 0.0454102, 17.6715, -1.0058594, 17.6715, 0.0385742, , , , , , , , , , , , , , , , , , , , , , 
0.6801923, 0.0273594, 17.685, -0.1391602, 17.685, -1.034668, 17.685, -0.027832, 0.6801923, -0.0105745, 17.685, 0.1279297, 17.685, -0.9873047, 17.685, -0.1767578, 0.6801923, -0.0077211, 17.685, 0.1455078, 17.685, -0.9755859, 17.685, -0.2617188, 0.6801923, 0.0075532, 17.685, 0.0629883, 17.685, -0.996582, 17.685, 0.0327148, , , , , , , , , , , , , , , , , , , , , , 
0.6807115, 0.023331, 17.6985, -0.1362305, 17.6985, -1.0405273, 17.6985, -0.0288086, 0.6807115, -0.0099031, 17.6985, 0.137207, 17.6985, -0.9819336, 17.6985, -0.1816406, 0.6807115, -0.0104067, 17.6985, 0.1401367, 17.6985, -0.9707031, 17.6985, -0.2617188, 0.6807115, 0.0078889, 17.6985, 0.0664062, 17.6985, -0.987793, 17.6985, 0.027832, , , , , , , , , , , , , , , , , , , , , , 
0.6812308, 0.0193027, 17.712, -0.1308594, 17.712, -1.0292969, 17.712, -0.034668, 0.6812308, -0.0083925, 17.712, 0.1484375, 17.712, -0.984375, 17.712, -0.1665039, 0.6812308, -0.011078, 17.712, 0.1552734, 17.712, -0.9682617, 17.712, -0.2578125, 0.6812308, 0.008896, 17.712, 0.0649414, 17.712, -0.984375, 17.712, 0.0292969, , , , , , , , , , , , , , , , , , , , , , 
0.68175, 0.0203098, 17.7255, -0.1240234, 17.7255, -1.0170898, 17.7255, -0.0410156, 0.68175, -0.0075532, 17.7255, 0.1435547, 17.7255, -0.9799805, 17.7255, -0.1586914, 0.68175, -0.0099031, 17.7255, 0.1748047, 17.7255, -0.9589844, 17.7255, -0.2558594, 0.68175, 0.0105745, 17.7255, 0.0664062, 17.7255, -0.9824219, 17.7255, 0.0322266, , , , , , , , , , , , , , , , , , , , , , 
0.6822692, 0.0219883, 17.739, -0.1245117, 17.739, -1.0161133, 17.739, -0.0380859, 0.6822692, -0.0075532, 17.739, 0.137207, 17.739, -0.9716797, 17.739, -0.1645508, 0.6822692, -0.0082246, 17.739, 0.1733398, 17.739, -0.9521484, 17.739, -0.2558594, 0.6822692, 0.0104067, 17.739, 0.0683594, 17.739, -0.987793, 17.739, 0.0351562, , , , , , , , , , , , , , , , , , , , , , 
0.6827885, 0.0199741, 17.7525, -0.1269531, 17.7525, -1.0195312, 17.7525, -0.0332031, 0.6827885, -0.0085603, 17.7525, 0.1362305, 17.7525, -0.9711914, 17.7525, -0.1713867, 0.6827885, -0.0062104, 17.7525, 0.1635742, 17.7525, -0.9619141, 17.7525, -0.2539062, 0.6827885, 0.0082246, 17.7525, 0.0678711, 17.7525, -0.9853516, 17.7525, 0.027832, , , , , , , , , , , , , , , , , , , , , , 
0.6833077, 0.0119173, 17.766, -0.1240234, 17.766, -1.0292969, 17.766, -0.0332031, 0.6833077, -0.0105745, 17.766, 0.144043, 17.766, -0.9794922, 17.766, -0.168457, 0.6833077, -0.0058747, 17.766, 0.1611328, 17.766, -0.9663086, 17.766, -0.2543945, 0.6833077, 0.0083925, 17.766, 0.0708008, 17.766, -0.987793, 17.766, 0.0239258, , , , , , , , , , , , , , , , , , , , , , 
0.6838269, 0.0077211, 17.7795, -0.1298828, 17.7795, -1.03125, 17.7795, -0.0390625, 0.6838269, -0.0099031, 17.7795, 0.1455078, 17.7795, -0.9824219, 17.7795, -0.1655273, 0.6838269, -0.0082246, 17.7795, 0.15625, 17.7795, -0.9716797, 17.7795, -0.2602539, 0.6838269, 0.0095674, 17.7795, 0.0830078, 17.7795, -0.9941406, 17.7795, 0.0273438, , , , , , , , , , , , , , , , , , , , , , 
0.6843462, 0.0075532, 17.793, -0.1313477, 17.793, -1.0283203, 17.793, -0.0375977, 0.6843462, -0.0099031, 17.793, 0.1450195, 17.793, -0.9853516, 17.793, -0.1557617, 0.6843462, -0.0095674, 17.793, 0.1635742, 17.793, -0.9755859, 17.793, -0.2558594, 0.6843462, 0.0082246, 17.793, 0.0761719, 17.793, -0.9960938, 17.793, 0.0209961, , , , , , , , , , , , , , , , , , , , , , 
0.6848654, 0.0078889, 17.8065, -0.137207, 17.8065, -1.0297852, 17.8065, -0.0283203, 0.6848654, -0.0095674, 17.8065, 0.1518555, 17.8065, -0.9882812, 17.8065, -0.1538086, 0.6848654, -0.0115816, 17.8065, 0.1674805, 17.8065, -0.9814453, 17.8065, -0.2387695, 0.6848654, 0.0065461, 17.8065, 0.0415039, 17.8065, -1.0019531, 17.8065, 0.027832, , , , , , , , , , , , , , , , , , , , , , 
0.6853846, 0.0068818, 17.82, -0.1455078, 17.82, -1.0322266, 17.82, -0.0375977, 0.6853846, -0.0078889, 17.82, 0.1586914, 17.82, -0.9912109, 17.82, -0.15625, 0.6853846, -0.0135958, 17.82, 0.1557617, 17.82, -0.9838867, 17.82, -0.2299805, 0.6853846, 0.0050355, 17.82, 0.0253906, 17.82, -1.0024414, 17.82, 0.0322266, , , , , , , , , , , , , , , , , , , , , , 
0.6859038, 0.0082246, 17.8335, -0.1479492, 17.8335, -1.0371094, 17.8335, -0.0361328, 0.6859038, -0.0082246, 17.8335, 0.1518555, 17.8335, -0.996582, 17.8335, -0.1621094, 0.6859038, -0.0135958, 17.8335, 0.1352539, 17.8335, -0.9853516, 17.8335, -0.2285156, 0.6859038, -0.0003357, 17.8335, 0.0141602, 17.8335, -1.0048828, 17.8335, 0.03125, , , , , , , , , , , , , , , , , , , , , , 
0.6864231, 0.0132601, 17.847, -0.140625, 17.847, -1.0444336, 17.847, -0.0336914, 0.6864231, -0.0082246, 17.847, 0.1469727, 17.847, -1, 17.847, -0.1669922, 0.6864231, -0.0125887, 17.847, 0.1333008, 17.847, -0.9912109, 17.847, -0.2373047, 0.6864231, -0.0058747, 17.847, 0.0288086, 17.847, -1.015625, 17.847, 0.03125, , , , , , , , , , , , , , , , , , , , , , 
0.6869423, 0.0209812, 17.8605, -0.1376953, 17.8605, -1.0415039, 17.8605, -0.0263672, 0.6869423, -0.008896, 17.8605, 0.1420898, 17.8605, -1.003418, 17.8605, -0.1713867, 0.6869423, -0.0132601, 17.8605, 0.1494141, 17.8605, -0.9941406, 17.8605, -0.2431641, 0.6869423, -0.0085603, 17.8605, 0.046875, 17.8605, -1.0136719, 17.8605, 0.0439453, , , , , , , , , , , , , , , , , , , , , , 
0.6874615, 0.0240024, 17.874, -0.137207, 17.874, -1.0341797, 17.874, -0.0200195, 0.6874615, -0.0099031, 17.874, 0.1386719, 17.874, -0.9990234, 17.874, -0.1728516, 0.6874615, -0.0135958, 17.874, 0.1694336, 17.874, -0.9838867, 17.874, -0.2431641, 0.6874615, -0.012253, 17.874, 0.046875, 17.874, -1.0107422, 17.874, 0.0463867, , , , , , , , , , , , , , , , , , , , , , 
0.6879808, 0.0229953, 17.8875, -0.1416016, 17.8875, -1.0273438, 17.8875, -0.0302734, 0.6879808, -0.0095674, 17.8875, 0.1342773, 17.8875, -0.9814453, 17.8875, -0.1821289, 0.6879808, -0.0139315, 17.8875, 0.1704102, 17.8875, -0.9750977, 17.8875, -0.2382812, 0.6879808, -0.0146029, 17.8875, 0.0395508, 17.8875, -1.0073242, 17.8875, 0.0410156, , , , , , , , , , , , , , , , , , , , , , 
0.6885, 0.0204776, 17.901, -0.137207, 17.901, -1.03125, 17.901, -0.0253906, 0.6885, -0.0095674, 17.901, 0.1313477, 17.901, -0.9794922, 17.901, -0.1845703, 0.6885, -0.0146029, 17.901, 0.1665039, 17.901, -0.9736328, 17.901, -0.2319336, 0.6885, -0.0117494, 17.901, 0.0273438, 17.901, -1.0029297, 17.901, 0.0385742, , , , , , , , , , , , , , , , , , , , , , 
0.6890192, 0.0159457, 17.9145, -0.1235352, 17.9145, -1.0327148, 17.9145, -0.0263672, 0.6890192, -0.0109102, 17.9145, 0.1279297, 17.9145, -0.9858398, 17.9145, -0.1899414, 0.6890192, -0.0129244, 17.9145, 0.1572266, 17.9145, -0.9741211, 17.9145, -0.2255859, 0.6890192, -0.0068818, 17.9145, 0.0341797, 17.9145, -1.0048828, 17.9145, 0.0361328, , , , , , , , , , , , , , , , , , , , , , 
0.6895385, 0.0152743, 17.928, -0.1181641, 17.928, -1.0332031, 17.928, -0.0136719, 0.6895385, -0.0104067, 17.928, 0.1342773, 17.928, -0.9936523, 17.928, -0.1870117, 0.6895385, -0.0112459, 17.928, 0.1586914, 17.928, -0.9799805, 17.928, -0.2285156, 0.6895385, 0.0015106, 17.928, 0.0400391, 17.928, -1.0053711, 17.928, 0.0371094, , , , , , , , , , , , , , , , , , , , , , 
0.6900577, 0.0179599, 17.9415, -0.1303711, 17.9415, -1.0263672, 17.9415, -0.0224609, 0.6900577, -0.010071, 17.9415, 0.1547852, 17.9415, -0.9912109, 17.9415, -0.1665039, 0.6900577, -0.0104067, 17.9415, 0.1674805, 17.9415, -0.9819336, 17.9415, -0.2294922, 0.6900577, 0.0105745, 17.9415, 0.0224609, 17.9415, -1.0024414, 17.9415, 0.0429688, , , , , , , , , , , , , , , , , , , , , , 
0.6905769, 0.0159457, 17.955, -0.1455078, 17.955, -1.0239258, 17.955, -0.0322266, 0.6905769, -0.0115816, 17.955, 0.1542969, 17.955, -0.9838867, 17.955, -0.1694336, 0.6905769, -0.008896, 17.955, 0.1669922, 17.955, -0.9726562, 17.955, -0.2324219, 0.6905769, 0.0172885, 17.955, 0.0297852, 17.955, -1.0004883, 17.955, 0.0449219, , , , , , , , , , , , , , , , , , , , , , 
0.6910962, 0.0082246, 17.9685, -0.1347656, 17.9685, -1.0200195, 17.9685, -0.0219727, 0.6910962, -0.0115816, 17.9685, 0.1308594, 17.9685, -0.9755859, 17.9685, -0.1835938, 0.6910962, -0.0068818, 17.9685, 0.1577148, 17.9685, -0.965332, 17.9685, -0.2314453, 0.6910962, 0.0199741, 17.9685, 0.0395508, 17.9685, -0.9995117, 17.9685, 0.0395508, , , , , , , , , , , , , , , , , , , , , , 
0.6916154, 0.0035248, 17.982, -0.1318359, 17.982, -1.0170898, 17.982, -0.0029297, 0.6916154, -0.0109102, 17.982, 0.1420898, 17.982, -0.9682617, 17.982, -0.1821289, 0.6916154, -0.0058747, 17.982, 0.1489258, 17.982, -0.9736328, 17.982, -0.2255859, 0.6916154, 0.023331, 17.982, 0.0244141, 17.982, -0.9907227, 17.982, 0.0283203, , , , , , , , , , , , , , , , , , , , , , 
0.6921346, 0.0038605, 17.9955, -0.1401367, 17.9955, -1.0180664, 17.9955, -0.0219727, 0.6921346, -0.0099031, 17.9955, 0.1630859, 17.9955, -0.9692383, 17.9955, -0.1694336, 0.6921346, -0.0078889, 17.9955, 0.1494141, 17.9955, -0.980957, 17.9955, -0.2167969, 0.6921346, 0.027863, 17.9955, 0.0249023, 17.9955, -1.0009766, 17.9955, 0.0302734, , , , , , , , , , , , , , , , , , , , , , 
0.6926538, 0.0057069, 18.009, -0.1494141, 18.009, -1.0253906, 18.009, -0.0302734, 0.6926538, -0.008896, 18.009, 0.1630859, 18.009, -0.9829102, 18.009, -0.1625977, 0.6926538, -0.0095674, 18.009, 0.1538086, 18.009, -0.9887695, 18.009, -0.2124023, 0.6926538, 0.0327306, 18.009, 0.0366211, 18.009, -1.0112305, 18.009, 0.0263672, , , , , , , , , , , , , , , , , , , , , , 
0.6931731, 0.0048676, 18.0225, -0.1518555, 18.0225, -1.0288086, 18.0225, -0.0205078, 0.6931731, -0.0083925, 18.0225, 0.1586914, 18.0225, -0.9936523, 18.0225, -0.1606445, 0.6931731, -0.008896, 18.0225, 0.1538086, 18.0225, -0.9882812, 18.0225, -0.2119141, 0.6931731, 0.0364233, 18.0225, 0.0317383, 18.0225, -1.0092773, 18.0225, 0.0263672, , , , , , , , , , , , , , , , , , , , , , 
0.6936923, 0.0078889, 18.036, -0.1645508, 18.036, -1.0322266, 18.036, -0.0097656, 0.6936923, -0.0082246, 18.036, 0.1616211, 18.036, -0.9921875, 18.036, -0.1601562, 0.6936923, -0.0070497, 18.036, 0.1572266, 18.036, -0.9902344, 18.036, -0.2094727, 0.6936923, 0.0397803, 18.036, 0.0068359, 18.036, -1.0053711, 18.036, 0.0297852, , , , , , , , , , , , , , , , , , , , , , 
0.6942115, 0.012253, 18.0495, -0.1616211, 18.0495, -1.0253906, 18.0495, -0.0107422, 0.6942115, -0.0085603, 18.0495, 0.1738281, 18.0495, -0.9887695, 18.0495, -0.1674805, 0.6942115, -0.0057069, 18.0495, 0.1591797, 18.0495, -0.9916992, 18.0495, -0.2026367, 0.6942115, 0.0421302, 18.0495, 0.0043945, 18.0495, -1.0092773, 18.0495, 0.0351562, , , , , , , , , , , , , , , , , , , , , , 
0.6947308, 0.0186313, 18.063, -0.152832, 18.063, -1.0229492, 18.063, -0.0087891, 0.6947308, -0.0109102, 18.063, 0.1748047, 18.063, -0.984375, 18.063, -0.1723633, 0.6947308, -0.0041962, 18.063, 0.1479492, 18.063, -0.9892578, 18.063, -0.2060547, 0.6947308, 0.04448, 18.063, 0.0029297, 18.063, -1.0126953, 18.063, 0.0415039, , , , , , , , , , , , , , , , , , , , , , 
0.69525, 0.0236667, 18.0765, -0.1542969, 18.0765, -1.0224609, 18.0765, 0.0092773, 0.69525, -0.0112459, 18.0765, 0.1669922, 18.0765, -0.984375, 18.0765, -0.1767578, 0.69525, -0.0025177, 18.0765, 0.1416016, 18.0765, -0.9897461, 18.0765, -0.2099609, 0.69525, 0.043473, 18.0765, -0.0004883, 18.0765, -1.012207, 18.0765, 0.0424805, , , , , , , , , , , , , , , , , , , , , , 
0.6957692, 0.0238346, 18.09, -0.1616211, 18.09, -1.0195312, 18.09, 0.0112305, 0.6957692, -0.0092317, 18.09, 0.1743164, 18.09, -0.9819336, 18.09, -0.1723633, 0.6957692, -0.002182, 18.09, 0.1494141, 18.09, -0.9921875, 18.09, -0.2021484, 0.6957692, 0.0394446, 18.09, -0.0014648, 18.09, -1.0083008, 18.09, 0.0458984, , , , , , , , , , , , , , , , , , , , , , 
0.6962885, 0.026688, 18.1035, -0.1860352, 18.1035, -1.0209961, 18.1035, 0.0058594, 0.6962885, -0.0082246, 18.1035, 0.1904297, 18.1035, -0.9785156, 18.1035, -0.1640625, 0.6962885, -0.0038605, 18.1035, 0.1533203, 18.1035, -0.9907227, 18.1035, -0.1894531, 0.6962885, 0.0317235, 18.1035, -0.0112305, 18.1035, -1.0029297, 18.1035, 0.0410156, , , , , , , , , , , , , , , , , , , , , , 
0.6968077, 0.0250095, 18.117, -0.1899414, 18.117, -1.0107422, 18.117, 0.0097656, 0.6968077, -0.0095674, 18.117, 0.1972656, 18.117, -0.9726562, 18.117, -0.1655273, 0.6968077, -0.0058747, 18.117, 0.1523438, 18.117, -0.9892578, 18.117, -0.1879883, 0.6968077, 0.0246738, 18.117, -0.0087891, 18.117, -1.0063477, 18.117, 0.0395508, , , , , , , , , , , , , , , , , , , , , , 
0.6973269, 0.0263523, 18.1305, -0.1884766, 18.1305, -1.0087891, 18.1305, 0.0009766, 0.6973269, -0.0105745, 18.1305, 0.199707, 18.1305, -0.9726562, 18.1305, -0.1586914, 0.6973269, -0.005539, 18.1305, 0.1416016, 18.1305, -0.9902344, 18.1305, -0.1821289, 0.6973269, 0.0206455, 18.1305, -0.0273438, 18.1305, -1.0004883, 18.1305, 0.0380859, , , , , , , , , , , , , , , , , , , , , , 
0.6978462, 0.030045, 18.144, -0.1870117, 18.144, -1.0161133, 18.144, 0.0019531, 0.6978462, -0.0115816, 18.144, 0.1958008, 18.144, -0.9765625, 18.144, -0.1547852, 0.6978462, -0.0036927, 18.144, 0.1313477, 18.144, -0.9892578, 18.144, -0.1845703, 0.6978462, 0.0193027, 18.144, -0.0249023, 18.144, -1, 18.144, 0.0332031, , , , , , , , , , , , , , , , , , , , , , 
0.6983654, 0.0276951, 18.1575, -0.1826172, 18.1575, -1.0205078, 18.1575, 0.0136719, 0.6983654, -0.0117494, 18.1575, 0.1938477, 18.1575, -0.9765625, 18.1575, -0.1586914, 0.6983654, -0.0036927, 18.1575, 0.1308594, 18.1575, -0.9916992, 18.1575, -0.1875, 0.6983654, 0.0172885, 18.1575, -0.0097656, 18.1575, -1.0039062, 18.1575, 0.0351562, , , , , , , , , , , , , , , , , , , , , , 
0.6988846, 0.0219883, 18.171, -0.1782227, 18.171, -1.0205078, 18.171, 0.0141602, 0.6988846, -0.008896, 18.171, 0.2045898, 18.171, -0.9760742, 18.171, -0.1586914, 0.6988846, -0.0041962, 18.171, 0.1342773, 18.171, -0.9941406, 18.171, -0.1904297, 0.6988846, 0.0139315, 18.171, -0.0048828, 18.171, -1.0004883, 18.171, 0.0332031, , , , , , , , , , , , , , , , , , , , , , 
0.6994038, 0.0171206, 18.1845, -0.1855469, 18.1845, -1.0146484, 18.1845, -0.0058594, 0.6994038, -0.0063783, 18.1845, 0.2172852, 18.1845, -0.9750977, 18.1845, -0.1503906, 0.6994038, -0.005539, 18.1845, 0.1450195, 18.1845, -0.9907227, 18.1845, -0.1948242, 0.6994038, 0.0109102, 18.1845, -0.0019531, 18.1845, -0.9946289, 18.1845, 0.0263672, , , , , , , , , , , , , , , , , , , , , , 
0.6999231, 0.0135958, 18.198, -0.1860352, 18.198, -1.0175781, 18.198, 0.0073242, 0.6999231, -0.0052033, 18.198, 0.2094727, 18.198, -0.9741211, 18.198, -0.1523438, 0.6999231, -0.0075532, 18.198, 0.1635742, 18.198, -0.9912109, 18.198, -0.1870117, 0.6999231, 0.0104067, 18.198, 0.0009766, 18.198, -1.0053711, 18.198, 0.0292969, , , , , , , , , , , , , , , , , , , , , , 
0.7004423, 0.0125887, 18.2115, -0.1879883, 18.2115, -1.0234375, 18.2115, 0.0244141, 0.7004423, -0.005539, 18.2115, 0.2050781, 18.2115, -0.9790039, 18.2115, -0.1591797, 0.7004423, -0.0085603, 18.2115, 0.1665039, 18.2115, -1, 18.2115, -0.1762695, 0.7004423, 0.011078, 18.2115, -0.003418, 18.2115, -1.0161133, 18.2115, 0.027832, , , , , , , , , , , , , , , , , , , , , , 
0.7009615, 0.0104067, 18.225, -0.2026367, 18.225, -1.027832, 18.225, 0.0205078, 0.7009615, -0.0058747, 18.225, 0.2270508, 18.225, -0.9863281, 18.225, -0.1523438, 0.7009615, -0.0099031, 18.225, 0.1450195, 18.225, -1.0087891, 18.225, -0.1713867, 0.7009615, 0.0104067, 18.225, -0.0209961, 18.225, -1.0131836, 18.225, 0.03125, , , , , , , , , , , , , , , , , , , , , , 
0.7014808, 0.0068818, 18.2385, -0.1987305, 18.2385, -1.0322266, 18.2385, 0.0029297, 0.7014808, -0.0058747, 18.2385, 0.2451172, 18.2385, -0.9936523, 18.2385, -0.1484375, 0.7014808, -0.0095674, 18.2385, 0.1259766, 18.2385, -1.0087891, 18.2385, -0.175293, 0.7014808, 0.0075532, 18.2385, -0.0273438, 18.2385, -1.0078125, 18.2385, 0.0302734, , , , , , , , , , , , , , , , , , , , , , 
0.702, 0.0050355, 18.252, -0.1923828, 18.252, -1.0317383, 18.252, 0.0014648, 0.702, -0.005539, 18.252, 0.21875, 18.252, -0.9926758, 18.252, -0.1508789, 0.702, -0.0068818, 18.252, 0.1357422, 18.252, -1.003418, 18.252, -0.1875, 0.702, 0.0041962, 18.252, -0.019043, 18.252, -1.0107422, 18.252, 0.0341797, , , , , , , , , , , , , , , , , , , , , , 
0.7025192, 0.0035248, 18.2655, -0.1850586, 18.2655, -1.0288086, 18.2655, 0.0170898, 0.7025192, -0.0062104, 18.2655, 0.1953125, 18.2655, -0.9838867, 18.2655, -0.1640625, 0.7025192, -0.0048676, 18.2655, 0.144043, 18.2655, -0.9960938, 18.2655, -0.1918945, 0.7025192, 0.0025177, 18.2655, -0.0107422, 18.2655, -1.0097656, 18.2655, 0.0405273, , , , , , , , , , , , , , , , , , , , , , 
0.7030385, 0.0015106, 18.279, -0.1953125, 18.279, -1.019043, 18.279, 0.0258789, 0.7030385, -0.0068818, 18.279, 0.1948242, 18.279, -0.9785156, 18.279, -0.1689453, 0.7030385, -0.0048676, 18.279, 0.1508789, 18.279, -0.9926758, 18.279, -0.1835938, 0.7030385, 0.0038605, 18.279, -0.0151367, 18.279, -1.0083008, 18.279, 0.0429688, , , , , , , , , , , , , , , , , , , , , , 
0.7035577, 0.0015106, 18.2925, -0.2060547, 18.2925, -1.0131836, 18.2925, 0.0166016, 0.7035577, -0.0062104, 18.2925, 0.2089844, 18.2925, -0.9692383, 18.2925, -0.168457, 0.7035577, -0.0052033, 18.2925, 0.1538086, 18.2925, -0.9926758, 18.2925, -0.1772461, 0.7035577, 0.0045319, 18.2925, -0.0170898, 18.2925, -1.0087891, 18.2925, 0.0390625, , , , , , , , , , , , , , , , , , , , , , 
0.7040769, 0.002182, 18.306, -0.1972656, 18.306, -1.0112305, 18.306, 0.019043, 0.7040769, -0.0048676, 18.306, 0.2207031, 18.306, -0.9677734, 18.306, -0.1655273, 0.7040769, -0.0068818, 18.306, 0.1484375, 18.306, -0.9902344, 18.306, -0.168457, 0.7040769, 0.003357, 18.306, -0.0200195, 18.306, -0.9946289, 18.306, 0.0322266, , , , , , , , , , , , , , , , , , , , , , 
0.7045962, 0.0052033, 18.3195, -0.184082, 18.3195, -1.012207, 18.3195, 0.0224609, 0.7045962, -0.0025177, 18.3195, 0.2231445, 18.3195, -0.9746094, 18.3195, -0.15625, 0.7045962, -0.0065461, 18.3195, 0.144043, 18.3195, -0.9882812, 18.3195, -0.1660156, 0.7045962, 0.0041962, 18.3195, -0.0200195, 18.3195, -0.9946289, 18.3195, 0.034668, , , , , , , , , , , , , , , , , , , , , , 
0.7051154, 0.0072175, 18.333, -0.1875, 18.333, -1.0166016, 18.333, 0.0249023, 0.7051154, -0.0020142, 18.333, 0.2226562, 18.333, -0.9765625, 18.333, -0.1538086, 0.7051154, -0.0068818, 18.333, 0.1542969, 18.333, -0.996582, 18.333, -0.1679688, 0.7051154, 0.0038605, 18.333, -0.0224609, 18.333, -1.0024414, 18.333, 0.0380859, , , , , , , , , , , , , , , , , , , , , , 
0.7056346, 0.0052033, 18.3465, -0.1992188, 18.3465, -1.0166016, 18.3465, 0.0229492, 0.7056346, -0.002182, 18.3465, 0.2250977, 18.3465, -0.9780273, 18.3465, -0.1508789, 0.7056346, -0.008896, 18.3465, 0.1586914, 18.3465, -0.9990234, 18.3465, -0.1674805, 0.7056346, -0.0030213, 18.3465, -0.0273438, 18.3465, -1.0073242, 18.3465, 0.0390625, , , , , , , , , , , , , , , , , , , , , , 
0.7061538, 0.0060426, 18.36, -0.2050781, 18.36, -1.0166016, 18.36, 0.0214844, 0.7061538, -0.0028534, 18.36, 0.2250977, 18.36, -0.9736328, 18.36, -0.1577148, 0.7061538, -0.0117494, 18.36, 0.1484375, 18.36, -0.9931641, 18.36, -0.1645508, 0.7061538, -0.0105745, 18.36, -0.0336914, 18.36, -1.0004883, 18.36, 0.0405273, , , , , , , , , , , , , , , , , , , , , , 
0.7066731, 0.0099031, 18.3735, -0.2060547, 18.3735, -1.0058594, 18.3735, 0.0258789, 0.7066731, -0.0045319, 18.3735, 0.2192383, 18.3735, -0.9672852, 18.3735, -0.1645508, 0.7066731, -0.0109102, 18.3735, 0.1381836, 18.3735, -0.9873047, 18.3735, -0.1655273, 0.7066731, -0.0142672, 18.3735, -0.0307617, 18.3735, -0.9936523, 18.3735, 0.0390625, , , , , , , , , , , , , , , , , , , , , , 
0.7071923, 0.0139315, 18.387, -0.1967773, 18.387, -1.0014648, 18.387, 0.0317383, 0.7071923, -0.0052033, 18.387, 0.2192383, 18.387, -0.965332, 18.387, -0.1630859, 0.7071923, -0.0095674, 18.387, 0.1318359, 18.387, -0.9868164, 18.387, -0.1582031, 0.7071923, -0.0162814, 18.387, -0.0415039, 18.387, -0.9931641, 18.387, 0.0395508, , , , , , , , , , , , , , , , , , , , , , 
0.7077115, 0.0166171, 18.4005, -0.1948242, 18.4005, -1.003418, 18.4005, 0.0395508, 0.7077115, -0.0041962, 18.4005, 0.2197266, 18.4005, -0.9624023, 18.4005, -0.1640625, 0.7077115, -0.0104067, 18.4005, 0.1357422, 18.4005, -0.9892578, 18.4005, -0.1494141, 0.7077115, -0.0179599, 18.4005, -0.0439453, 18.4005, -0.9907227, 18.4005, 0.0424805, , , , , , , , , , , , , , , , , , , , , , 
0.7082308, 0.0179599, 18.414, -0.2006836, 18.414, -1.0048828, 18.414, 0.0439453, 0.7082308, -0.0048676, 18.414, 0.2250977, 18.414, -0.9658203, 18.414, -0.1669922, 0.7082308, -0.0129244, 18.414, 0.1430664, 18.414, -0.9897461, 18.414, -0.1445312, 0.7082308, -0.0179599, 18.414, -0.0522461, 18.414, -0.9907227, 18.414, 0.043457, , , , , , , , , , , , , , , , , , , , , , 
0.70875, 0.017792, 18.4275, -0.2177734, 18.4275, -0.9975586, 18.4275, 0.0517578, 0.70875, -0.0068818, 18.4275, 0.2319336, 18.4275, -0.9638672, 18.4275, -0.1733398, 0.70875, -0.0129244, 18.4275, 0.1499023, 18.4275, -0.984375, 18.4275, -0.1362305, 0.70875, -0.0142672, 18.4275, -0.0634766, 18.4275, -0.9975586, 18.4275, 0.0449219, , , , , , , , , , , , , , , , , , , , , , 
0.7092692, 0.0166171, 18.441, -0.2299805, 18.441, -0.9897461, 18.441, 0.0546875, 0.7092692, -0.0082246, 18.441, 0.2324219, 18.441, -0.9506836, 18.441, -0.1831055, 0.7092692, -0.0112459, 18.441, 0.1469727, 18.441, -0.9799805, 18.441, -0.1318359, 0.7092692, -0.0078889, 18.441, -0.0698242, 18.441, -0.9916992, 18.441, 0.0522461, , , , , , , , , , , , , , , , , , , , , , 
0.7097885, 0.0172885, 18.4545, -0.2255859, 18.4545, -0.9916992, 18.4545, 0.0678711, 0.7097885, -0.0095674, 18.4545, 0.2426758, 18.4545, -0.9472656, 18.4545, -0.1865234, 0.7097885, -0.0095674, 18.4545, 0.1411133, 18.4545, -0.984375, 18.4545, -0.1225586, 0.7097885, -0.0028534, 18.4545, -0.0854492, 18.4545, -0.9902344, 18.4545, 0.0512695, , , , , , , , , , , , , , , , , , , , , , 
0.7103077, 0.0095674, 18.468, -0.2207031, 18.468, -0.9912109, 18.468, 0.074707, 0.7103077, -0.0104067, 18.468, 0.2573242, 18.468, -0.9458008, 18.468, -0.1791992, 0.7103077, -0.008896, 18.468, 0.137207, 18.468, -0.9936523, 18.468, -0.1191406, 0.7103077, 0.0008392, 18.468, -0.0893555, 18.468, -0.9897461, 18.468, 0.0522461, , , , , , , , , , , , , , , , , , , , , , 
0.7108269, 0.0008392, 18.4815, -0.2294922, 18.4815, -0.9936523, 18.4815, 0.0600586, 0.7108269, -0.0097353, 18.4815, 0.2626953, 18.4815, -0.9560547, 18.4815, -0.1674805, 0.7108269, -0.0102388, 18.4815, 0.1293945, 18.4815, -0.9995117, 18.4815, -0.1210938, 0.7108269, 0.0057069, 18.4815, -0.0927734, 18.4815, -0.9853516, 18.4815, 0.0585938, , , , , , , , , , , , , , , , , , , , , , 
0.7113462, -0.0015106, 18.495, -0.234375, 18.495, -0.9970703, 18.495, 0.0566406, 0.7113462, -0.008896, 18.495, 0.2651367, 18.495, -0.9570312, 18.495, -0.1640625, 0.7113462, -0.0112459, 18.495, 0.1264648, 18.495, -0.9858398, 18.495, -0.1254883, 0.7113462, 0.0099031, 18.495, -0.0859375, 18.495, -0.9882812, 18.495, 0.0600586, , , , , , , , , , , , , , , , , , , , , , 
0.7118654, -0.0015106, 18.5085, -0.2226562, 18.5085, -0.9848633, 18.5085, 0.0727539, 0.7118654, -0.0085603, 18.5085, 0.2583008, 18.5085, -0.949707, 18.5085, -0.175293, 0.7118654, -0.0099031, 18.5085, 0.1450195, 18.5085, -0.9731445, 18.5085, -0.1240234, 0.7118654, 0.0137636, 18.5085, -0.0698242, 18.5085, -0.9887695, 18.5085, 0.0527344, , , , , , , , , , , , , , , , , , , , , , 
0.7123846, -0.005539, 18.522, -0.2241211, 18.522, -0.9731445, 18.522, 0.0786133, 0.7123846, -0.0095674, 18.522, 0.25, 18.522, -0.9428711, 18.522, -0.1796875, 0.7123846, -0.0082246, 18.522, 0.1484375, 18.522, -0.9584961, 18.522, -0.1220703, 0.7123846, 0.0179599, 18.522, -0.078125, 18.522, -0.9755859, 18.522, 0.0537109, , , , , , , , , , , , , , , , , , , , , , 
0.7129038, -0.0077211, 18.5355, -0.2270508, 18.5355, -0.9580078, 18.5355, 0.078125, 0.7129038, -0.012253, 18.5355, 0.246582, 18.5355, -0.9228516, 18.5355, -0.1870117, 0.7129038, -0.0068818, 18.5355, 0.1357422, 18.5355, -0.9506836, 18.5355, -0.1171875, 0.7129038, 0.0226596, 18.5355, -0.0893555, 18.5355, -0.9633789, 18.5355, 0.050293, , , , , , , , , , , , , , , , , , , , , , 
0.7134231, -0.0082246, 18.549, -0.2353516, 18.549, -0.9458008, 18.549, 0.0717773, 0.7134231, -0.0109102, 18.549, 0.2490234, 18.549, -0.902832, 18.549, -0.1943359, 0.7134231, -0.0045319, 18.549, 0.1264648, 18.549, -0.953125, 18.549, -0.112793, 0.7134231, 0.0290379, 18.549, -0.1000977, 18.549, -0.9624023, 18.549, 0.0473633, , , , , , , , , , , , , , , , , , , , , , 
0.7139423, -0.0075532, 18.5625, -0.2368164, 18.5625, -0.9643555, 18.5625, 0.0625, 0.7139423, -0.0095674, 18.5625, 0.253418, 18.5625, -0.9057617, 18.5625, -0.1748047, 0.7139423, -0.0028534, 18.5625, 0.1201172, 18.5625, -0.9624023, 18.5625, -0.1142578, 0.7139423, 0.0359197, 18.5625, -0.0932617, 18.5625, -0.9604492, 18.5625, 0.0424805, , , , , , , , , , , , , , , , , , , , , , 
0.7144615, -0.0062104, 18.576, -0.2294922, 18.576, -0.9692383, 18.576, 0.0703125, 0.7144615, -0.011078, 18.576, 0.2734375, 18.576, -0.9257812, 18.576, -0.1474609, 0.7144615, -0.002182, 18.576, 0.1254883, 18.576, -0.9633789, 18.576, -0.1123047, 0.7144615, 0.0374304, 18.576, -0.0673828, 18.576, -0.9506836, 18.576, 0.0356445, , , , , , , , , , , , , , , , , , , , , , 
0.7149808, -0.005539, 18.5895, -0.2192383, 18.5895, -0.9550781, 18.5895, 0.0625, 0.7149808, -0.0117494, 18.5895, 0.2919922, 18.5895, -0.9204102, 18.5895, -0.1279297, 0.7149808, -0.0016785, 18.5895, 0.1416016, 18.5895, -0.9550781, 18.5895, -0.1069336, 0.7149808, 0.0340734, 18.5895, -0.0556641, 18.5895, -0.9438477, 18.5895, 0.043457, , , , , , , , , , , , , , , , , , , , , , 
0.7155, -0.0011749, 18.603, -0.2138672, 18.603, -0.9272461, 18.603, 0.0419922, 0.7155, -0.0097353, 18.603, 0.2924805, 18.603, -0.8935547, 18.603, -0.1220703, 0.7155, -0.0015106, 18.603, 0.1450195, 18.603, -0.9394531, 18.603, -0.1152344, 0.7155, 0.0307164, 18.603, -0.0634766, 18.603, -0.9316406, 18.603, 0.0473633, , , , , , , , , , , , , , , , , , , , , , 
0.7160192, 0.0072175, 18.6165, -0.2265625, 18.6165, -0.921875, 18.6165, 0.0488281, 0.7160192, -0.0092317, 18.6165, 0.2729492, 18.6165, -0.8813477, 18.6165, -0.1333008, 0.7160192, -0.0015106, 18.6165, 0.140625, 18.6165, -0.9262695, 18.6165, -0.1152344, 0.7160192, 0.0293736, 18.6165, -0.0673828, 18.6165, -0.9204102, 18.6165, 0.0439453, , , , , , , , , , , , , , , , , , , , , , 
0.7165385, 0.01561, 18.63, -0.2324219, 18.63, -0.9111328, 18.63, 0.0532227, 0.7165385, -0.0109102, 18.63, 0.2490234, 18.63, -0.871582, 18.63, -0.1337891, 0.7165385, -0.0001678, 18.63, 0.1337891, 18.63, -0.9135742, 18.63, -0.1064453, 0.7165385, 0.0253452, 18.63, -0.0761719, 18.63, -0.9082031, 18.63, 0.0380859, , , , , , , , , , , , , , , , , , , , , , 
0.7170577, 0.0172885, 18.6435, -0.2392578, 18.6435, -0.8984375, 18.6435, 0.0390625, 0.7170577, -0.0112459, 18.6435, 0.2441406, 18.6435, -0.8662109, 18.6435, -0.1298828, 0.7170577, -0.0006714, 18.6435, 0.1157227, 18.6435, -0.9057617, 18.6435, -0.0986328, 0.7170577, 0.021149, 18.6435, -0.0820312, 18.6435, -0.9033203, 18.6435, 0.0336914, , , , , , , , , , , , , , , , , , , , , , 
0.7175769, 0.0184634, 18.657, -0.237793, 18.657, -0.8891602, 18.657, 0.0327148, 0.7175769, -0.0090639, 18.657, 0.2519531, 18.657, -0.8554688, 18.657, -0.121582, 0.7175769, -0.0028534, 18.657, 0.097168, 18.657, -0.8950195, 18.657, -0.0976562, 0.7175769, 0.0198062, 18.657, -0.0766602, 18.657, -0.8916016, 18.657, 0.0283203, , , , , , , , , , , , , , , , , , , , , , 
0.7180962, 0.0241703, 18.6705, -0.2275391, 18.6705, -0.8745117, 18.6705, 0.0263672, 0.7180962, -0.0070497, 18.6705, 0.2607422, 18.6705, -0.8466797, 18.6705, -0.1118164, 0.7180962, -0.0035248, 18.6705, 0.09375, 18.6705, -0.8867188, 18.6705, -0.0986328, 0.7180962, 0.0186313, 18.6705, -0.0742188, 18.6705, -0.8793945, 18.6705, 0.027832, , , , , , , , , , , , , , , , , , , , , , 
0.7186154, 0.0323949, 18.684, -0.2089844, 18.684, -0.8657227, 18.684, 0.0239258, 0.7186154, -0.0065461, 18.684, 0.2602539, 18.684, -0.8374023, 18.684, -0.1040039, 0.7186154, -0.0015106, 18.684, 0.0947266, 18.684, -0.871582, 18.684, -0.0996094, 0.7186154, 0.0149386, 18.684, -0.0874023, 18.684, -0.8608398, 18.684, 0.0288086, , , , , , , , , , , , , , , , , , , , , , 
0.7191346, 0.0386053, 18.6975, -0.1958008, 18.6975, -0.8491211, 18.6975, 0.027832, 0.7191346, -0.0082246, 18.6975, 0.246582, 18.6975, -0.8271484, 18.6975, -0.109375, 0.7191346, -0.0008392, 18.6975, 0.1044922, 18.6975, -0.847168, 18.6975, -0.1000977, 0.7191346, 0.0125887, 18.6975, -0.0874023, 18.6975, -0.8417969, 18.6975, 0.0317383, , , , , , , , , , , , , , , , , , , , , , 
0.7196538, 0.0407874, 18.711, -0.1928711, 18.711, -0.8256836, 18.711, 0.0161133, 0.7196538, -0.0095674, 18.711, 0.2211914, 18.711, -0.8071289, 18.711, -0.1118164, 0.7196538, -0.002182, 18.711, 0.1171875, 18.711, -0.8261719, 18.711, -0.0932617, 0.7196538, 0.0115816, 18.711, -0.081543, 18.711, -0.8276367, 18.711, 0.0332031, , , , , , , , , , , , , , , , , , , , , , 
0.7201731, 0.0397803, 18.7245, -0.2114258, 18.7245, -0.8085938, 18.7245, 0.0161133, 0.7201731, -0.0068818, 18.7245, 0.203125, 18.7245, -0.7841797, 18.7245, -0.1191406, 0.7201731, -0.0041962, 18.7245, 0.1259766, 18.7245, -0.8095703, 18.7245, -0.0874023, 0.7201731, 0.0095674, 18.7245, -0.0834961, 18.7245, -0.8188477, 18.7245, 0.034668, , , , , , , , , , , , , , , , , , , , , , 
0.7206923, 0.0374304, 18.738, -0.2314453, 18.738, -0.8007812, 18.738, 0.0151367, 0.7206923, -0.0052033, 18.738, 0.1958008, 18.738, -0.7729492, 18.738, -0.1142578, 0.7206923, -0.0068818, 18.738, 0.1220703, 18.738, -0.8046875, 18.738, -0.0849609, 0.7206923, 0.0085603, 18.738, -0.0820312, 18.738, -0.8144531, 18.738, 0.0283203, , , , , , , , , , , , , , , , , , , , , , 
0.7212115, 0.0370947, 18.7515, -0.2358398, 18.7515, -0.7998047, 18.7515, 0.0087891, 0.7212115, -0.0063783, 18.7515, 0.1982422, 18.7515, -0.7753906, 18.7515, -0.1079102, 0.7212115, -0.0078889, 18.7515, 0.1054688, 18.7515, -0.8076172, 18.7515, -0.0864258, 0.7212115, 0.0105745, 18.7515, -0.0805664, 18.7515, -0.8085938, 18.7515, 0.0234375, , , , , , , , , , , , , , , , , , , , , , 
0.7217308, 0.0342412, 18.765, -0.2387695, 18.765, -0.8056641, 18.765, 0.0083008, 0.7217308, -0.0092317, 18.765, 0.1977539, 18.765, -0.7792969, 18.765, -0.1074219, 0.7217308, -0.0065461, 18.765, 0.0874023, 18.765, -0.8164062, 18.765, -0.0961914, 0.7217308, 0.0125887, 18.765, -0.0756836, 18.765, -0.809082, 18.765, 0.0214844, , , , , , , , , , , , , , , , , , , , , , 
0.72225, 0.0327306, 18.7785, -0.2246094, 18.7785, -0.8056641, 18.7785, 0.0112305, 0.72225, -0.0112459, 18.7785, 0.2094727, 18.7785, -0.78125, 18.7785, -0.1054688, 0.72225, -0.0063783, 18.7785, 0.0805664, 18.7785, -0.8208008, 18.7785, -0.1118164, 0.72225, 0.0112459, 18.7785, -0.0581055, 18.7785, -0.8144531, 18.7785, 0.0180664, , , , , , , , , , , , , , , , , , , , , , 
0.7227692, 0.0320592, 18.792, -0.203125, 18.792, -0.8041992, 18.792, -0.0009766, 0.7227692, -0.0105745, 18.792, 0.2202148, 18.792, -0.7744141, 18.792, -0.0981445, 0.7227692, -0.0075532, 18.792, 0.0839844, 18.792, -0.8125, 18.792, -0.1269531, 0.7227692, 0.0119173, 18.792, -0.0395508, 18.792, -0.8046875, 18.792, 0.0229492, , , , , , , , , , , , , , , , , , , , , , 
0.7232885, 0.0337377, 18.8055, -0.1777344, 18.8055, -0.8105469, 18.8055, -0.0014648, 0.7232885, -0.0105745, 18.8055, 0.2236328, 18.8055, -0.7700195, 18.8055, -0.0981445, 0.7232885, -0.0082246, 18.8055, 0.0922852, 18.8055, -0.8061523, 18.8055, -0.1323242, 0.7232885, 0.0142672, 18.8055, -0.0151367, 18.8055, -0.7895508, 18.8055, 0.0107422, , , , , , , , , , , , , , , , , , , , , , 
0.7238077, 0.0287022, 18.819, -0.1630859, 18.819, -0.8076172, 18.819, -0.003418, 0.7238077, -0.0099031, 18.819, 0.2084961, 18.819, -0.777832, 18.819, -0.0952148, 0.7238077, -0.008896, 18.819, 0.1108398, 18.819, -0.7949219, 18.819, -0.144043, 0.7238077, 0.0151064, 18.819, 0.0131836, 18.819, -0.7885742, 18.819, 0.0029297, , , , , , , , , , , , , , , , , , , , , , 
0.7243269, 0.0199741, 18.8325, -0.175293, 18.8325, -0.8056641, 18.8325, -0.0175781, 0.7243269, -0.0082246, 18.8325, 0.184082, 18.8325, -0.7768555, 18.8325, -0.0913086, 0.7243269, -0.0095674, 18.8325, 0.1313477, 18.8325, -0.7885742, 18.8325, -0.1577148, 0.7243269, 0.0149386, 18.8325, 0.0356445, 18.8325, -0.7939453, 18.8325, 0.003418, , , , , , , , , , , , , , , , , , , , , , 
0.7248462, 0.0166171, 18.846, -0.1831055, 18.846, -0.8046875, 18.846, -0.0361328, 0.7248462, -0.0092317, 18.846, 0.1660156, 18.846, -0.7714844, 18.846, -0.1010742, 0.7248462, -0.0095674, 18.846, 0.1391602, 18.846, -0.7817383, 18.846, -0.1674805, 0.7248462, 0.0146029, 18.846, 0.0541992, 18.846, -0.7939453, 18.846, 0.0048828, , , , , , , , , , , , , , , , , , , , , , 
0.7253654, 0.0169528, 18.8595, -0.1801758, 18.8595, -0.8129883, 18.8595, -0.0307617, 0.7253654, -0.0102388, 18.8595, 0.144043, 18.8595, -0.7714844, 18.8595, -0.1132812, 0.7253654, -0.010071, 18.8595, 0.1337891, 18.8595, -0.7802734, 18.8595, -0.1757812, 0.7253654, 0.011078, 18.8595, 0.0654297, 18.8595, -0.7954102, 18.8595, 0, , , , , , , , , , , , , , , , , , , , , , 
0.7258846, 0.0139315, 18.873, -0.1801758, 18.873, -0.8134766, 18.873, -0.0385742, 0.7258846, -0.0082246, 18.873, 0.1245117, 18.873, -0.7783203, 18.873, -0.1157227, 0.7258846, -0.0112459, 18.873, 0.1147461, 18.873, -0.7797852, 18.873, -0.1958008, 0.7258846, 0.0038605, 18.873, 0.0776367, 18.873, -0.7915039, 18.873, 0, , , , , , , , , , , , , , , , , , , , , , 
0.7264038, 0.0105745, 18.8865, -0.1640625, 18.8865, -0.8227539, 18.8865, -0.0585938, 0.7264038, -0.0058747, 18.8865, 0.1210938, 18.8865, -0.7802734, 18.8865, -0.1137695, 0.7264038, -0.0117494, 18.8865, 0.0976562, 18.8865, -0.7880859, 18.8865, -0.2099609, 0.7264038, -0.0018463, 18.8865, 0.0800781, 18.8865, -0.7875977, 18.8865, -0.0009766, , , , , , , , , , , , , , , , , , , , , , 
0.7269231, 0.0099031, 18.9, -0.1235352, 18.9, -0.8383789, 18.9, -0.059082, 0.7269231, -0.0050355, 18.9, 0.1279297, 18.9, -0.7900391, 18.9, -0.1123047, 0.7269231, -0.0104067, 18.9, 0.0961914, 18.9, -0.7900391, 18.9, -0.2241211, 0.7269231, -0.0050355, 18.9, 0.0952148, 18.9, -0.7856445, 18.9, -0.0014648, , , , , , , , , , , , , , , , , , , , , , 
0.7274423, 0.0092317, 18.9135, -0.1044922, 18.9135, -0.8413086, 18.9135, -0.0532227, 0.7274423, -0.0048676, 18.9135, 0.1396484, 18.9135, -0.7988281, 18.9135, -0.1137695, 0.7274423, -0.0102388, 18.9135, 0.1176758, 18.9135, -0.7695312, 18.9135, -0.2392578, 0.7274423, -0.0072175, 18.9135, 0.1098633, 18.9135, -0.7836914, 18.9135, 0.0004883, , , , , , , , , , , , , , , , , , , , , , 
0.7279615, 0.0072175, 18.927, -0.0830078, 18.927, -0.8310547, 18.927, -0.0463867, 0.7279615, -0.0065461, 18.927, 0.1464844, 18.927, -0.7958984, 18.927, -0.1083984, 0.7279615, -0.0112459, 18.927, 0.1420898, 18.927, -0.7539062, 18.927, -0.2329102, 0.7279615, -0.0095674, 18.927, 0.1391602, 18.927, -0.7832031, 18.927, 0.0053711, , , , , , , , , , , , , , , , , , , , , , 
0.7284808, 0.0072175, 18.9405, -0.097168, 18.9405, -0.8076172, 18.9405, -0.0507812, 0.7284808, -0.0072175, 18.9405, 0.1352539, 18.9405, -0.7802734, 18.9405, -0.1079102, 0.7284808, -0.0124208, 18.9405, 0.1538086, 18.9405, -0.7529297, 18.9405, -0.2246094, 0.7284808, -0.0077211, 18.9405, 0.1401367, 18.9405, -0.7807617, 18.9405, 0.0136719, , , , , , , , , , , , , , , , , , , , , , 
0.729, 0.0072175, 18.954, -0.1201172, 18.954, -0.8032227, 18.954, -0.0673828, 0.729, -0.0058747, 18.954, 0.1020508, 18.954, -0.7724609, 18.954, -0.1171875, 0.729, -0.0135958, 18.954, 0.1635742, 18.954, -0.7509766, 18.954, -0.2133789, 0.729, -0.0031891, 18.954, 0.1186523, 18.954, -0.7773438, 18.954, 0.015625, , , , , , , , , , , , , , , , , , , , , , 
0.7295192, 0.0070497, 18.9675, -0.1254883, 18.9675, -0.8193359, 18.9675, -0.0708008, 0.7295192, -0.0048676, 18.9675, 0.0712891, 18.9675, -0.7866211, 18.9675, -0.1279297, 0.7295192, -0.0151064, 18.9675, 0.1611328, 18.9675, -0.7573242, 18.9675, -0.2143555, 0.7295192, 0.0025177, 18.9675, 0.0952148, 18.9675, -0.7841797, 18.9675, 0.0112305, , , , , , , , , , , , , , , , , , , , , , 
0.7300385, 0.0058747, 18.981, -0.1245117, 18.981, -0.8413086, 18.981, -0.0732422, 0.7300385, -0.0058747, 18.981, 0.0756836, 18.981, -0.8046875, 18.981, -0.1206055, 0.7300385, -0.0152743, 18.981, 0.1396484, 18.981, -0.7734375, 18.981, -0.222168, 0.7300385, 0.0065461, 18.981, 0.090332, 18.981, -0.7900391, 18.981, 0.0078125, , , , , , , , , , , , , , , , , , , , , , 
0.7305577, 0.0052033, 18.9945, -0.1245117, 18.9945, -0.8339844, 18.9945, -0.0810547, 0.7305577, -0.005539, 18.9945, 0.0932617, 18.9945, -0.7998047, 18.9945, -0.1079102, 0.7305577, -0.0135958, 18.9945, 0.1064453, 18.9945, -0.7866211, 18.9945, -0.2304688, 0.7305577, 0.0095674, 18.9945, 0.1020508, 18.9945, -0.7880859, 18.9945, 0.003418, , , , , , , , , , , , , , , , , , , , , , 
0.7310769, 0.0052033, 19.008, -0.1230469, 19.008, -0.8212891, 19.008, -0.0771484, 0.7310769, -0.0041962, 19.008, 0.1044922, 19.008, -0.7890625, 19.008, -0.1064453, 0.7310769, -0.0135958, 19.008, 0.0800781, 19.008, -0.7900391, 19.008, -0.2363281, 0.7310769, 0.0117494, 19.008, 0.1259766, 19.008, -0.7890625, 19.008, -0.0068359, , , , , , , , , , , , , , , , , , , , , , 
0.7315962, 0.0025177, 19.0215, -0.1098633, 19.0215, -0.8217773, 19.0215, -0.0673828, 0.7315962, -0.0026856, 19.0215, 0.1064453, 19.0215, -0.7866211, 19.0215, -0.1088867, 0.7315962, -0.0154421, 19.0215, 0.0791016, 19.0215, -0.7832031, 19.0215, -0.2485352, 0.7315962, 0.0162814, 19.0215, 0.140625, 19.0215, -0.800293, 19.0215, -0.0180664, , , , , , , , , , , , , , , , , , , , , , 
0.7321154, 0.0011749, 19.035, -0.1152344, 19.035, -0.8481445, 19.035, -0.0654297, 0.7321154, -0.0028534, 19.035, 0.0961914, 19.035, -0.7973633, 19.035, -0.121582, 0.7321154, -0.0149386, 19.035, 0.0893555, 19.035, -0.7832031, 19.035, -0.2646484, 0.7321154, 0.0229953, 19.035, 0.1450195, 19.035, -0.8203125, 19.035, -0.0205078, , , , , , , , , , , , , , , , , , , , , , 
0.7326346, 0.0018463, 19.0485, -0.1245117, 19.0485, -0.8701172, 19.0485, -0.0712891, 0.7326346, -0.0045319, 19.0485, 0.081543, 19.0485, -0.8173828, 19.0485, -0.1264648, 0.7326346, -0.012253, 19.0485, 0.09375, 19.0485, -0.7983398, 19.0485, -0.2832031, 0.7326346, 0.0290379, 19.0485, 0.1542969, 19.0485, -0.8237305, 19.0485, -0.0288086, , , , , , , , , , , , , , , , , , , , , , 
0.7331538, 0.002182, 19.062, -0.1362305, 19.062, -0.8828125, 19.062, -0.0849609, 0.7331538, -0.005539, 19.062, 0.0898438, 19.062, -0.8291016, 19.062, -0.1162109, 0.7331538, -0.0102388, 19.062, 0.0917969, 19.062, -0.8125, 19.062, -0.2890625, 0.7331538, 0.0339055, 19.062, 0.1601562, 19.062, -0.8261719, 19.062, -0.0332031, , , , , , , , , , , , , , , , , , , , , , 
0.7336731, 0.0018463, 19.0755, -0.1582031, 19.0755, -0.8876953, 19.0755, -0.0996094, 0.7336731, -0.0052033, 19.0755, 0.1040039, 19.0755, -0.840332, 19.0755, -0.1005859, 0.7336731, -0.0105745, 19.0755, 0.09375, 19.0755, -0.8491211, 19.0755, -0.2871094, 0.7336731, 0.0360876, 19.0755, 0.1850586, 19.0755, -0.8369141, 19.0755, -0.0288086, , , , , , , , , , , , , , , , , , , , , , 
0.7341923, -0.0001678, 19.089, -0.15625, 19.089, -0.8886719, 19.089, -0.1005859, 0.7341923, -0.005539, 19.089, 0.1088867, 19.089, -0.8544922, 19.089, -0.0927734, 0.7341923, -0.0109102, 19.089, 0.1079102, 19.089, -0.8637695, 19.089, -0.2739258, 0.7341923, 0.0354162, 19.089, 0.2158203, 19.089, -0.8442383, 19.089, -0.0219727, , , , , , , , , , , , , , , , , , , , , , 
0.7347115, -0.0010071, 19.1025, -0.1411133, 19.1025, -0.887207, 19.1025, -0.0908203, 0.7347115, -0.0085603, 19.1025, 0.1083984, 19.1025, -0.8510742, 19.1025, -0.1132812, 0.7347115, -0.0085603, 19.1025, 0.1323242, 19.1025, -0.8383789, 19.1025, -0.2807617, 0.7347115, 0.0364233, 19.1025, 0.2250977, 19.1025, -0.847168, 19.1025, -0.0234375, , , , , , , , , , , , , , , , , , , , , , 
0.7352308, 0.0008392, 19.116, -0.1313477, 19.116, -0.894043, 19.116, -0.0493164, 0.7352308, -0.0102388, 19.116, 0.0961914, 19.116, -0.8417969, 19.116, -0.1411133, 0.7352308, -0.0062104, 19.116, 0.1445312, 19.116, -0.8041992, 19.116, -0.3041992, 0.7352308, 0.0387732, 19.116, 0.2265625, 19.116, -0.8388672, 19.116, -0.0322266, , , , , , , , , , , , , , , , , , , , , , 
0.73575, 0.0035248, 19.1295, -0.1279297, 19.1295, -0.8964844, 19.1295, -0.0517578, 0.73575, -0.0104067, 19.1295, 0.0952148, 19.1295, -0.8422852, 19.1295, -0.1552734, 0.73575, -0.0041962, 19.1295, 0.1459961, 19.1295, -0.8139648, 19.1295, -0.3251953, 0.73575, 0.0377661, 19.1295, 0.2202148, 19.1295, -0.8603516, 19.1295, -0.0244141, , , , , , , , , , , , , , , , , , , , , , 
0.7362692, 0.0063783, 19.143, -0.1474609, 19.143, -0.9433594, 19.143, -0.0585938, 0.7362692, -0.008896, 19.143, 0.1044922, 19.143, -0.8618164, 19.143, -0.1513672, 0.7362692, -0.005539, 19.143, 0.137207, 19.143, -0.8808594, 19.143, -0.3129883, 0.7362692, 0.0327306, 19.143, 0.2314453, 19.143, -0.8994141, 19.143, -0.0166016, , , , , , , , , , , , , , , , , , , , , , 
0.7367885, 0.0139315, 19.1565, -0.1591797, 19.1565, -0.9868164, 19.1565, -0.0688477, 0.7367885, -0.0090639, 19.1565, 0.1342773, 19.1565, -0.9223633, 19.1565, -0.1245117, 0.7367885, -0.0062104, 19.1565, 0.1347656, 19.1565, -0.9472656, 19.1565, -0.2954102, 0.7367885, 0.026688, 19.1565, 0.2460938, 19.1565, -0.9238281, 19.1565, -0.0058594, , , , , , , , , , , , , , , , , , , , , , 
0.7373077, 0.0162814, 19.17, -0.1494141, 19.17, -1.0131836, 19.17, -0.0805664, 0.7373077, -0.0090639, 19.17, 0.1665039, 19.17, -0.9711914, 19.17, -0.1005859, 0.7373077, -0.0065461, 19.17, 0.1376953, 19.17, -0.9619141, 19.17, -0.2944336, 0.7373077, 0.0228275, 19.17, 0.2470703, 19.17, -0.9428711, 19.17, -0.0048828, , , , , , , , , , , , , , , , , , , , , , 
0.7378269, 0.0130922, 19.1835, -0.121582, 19.1835, -1.0131836, 19.1835, -0.0639648, 0.7378269, -0.0075532, 19.1835, 0.1757812, 19.1835, -0.9863281, 19.1835, -0.0917969, 0.7378269, -0.0062104, 19.1835, 0.1411133, 19.1835, -0.9082031, 19.1835, -0.3237305, 0.7378269, 0.0206455, 19.1835, 0.2460938, 19.1835, -0.9233398, 19.1835, -0.0131836, , , , , , , , , , , , , , , , , , , , , , 
0.7383462, 0.0142672, 19.197, -0.0952148, 19.197, -1.0014648, 19.197, -0.046875, 0.7383462, -0.0057069, 19.197, 0.1811523, 19.197, -0.9580078, 19.197, -0.1074219, 0.7383462, -0.0062104, 19.197, 0.1489258, 19.197, -0.8696289, 19.197, -0.3432617, 0.7383462, 0.0196384, 19.197, 0.2294922, 19.197, -0.90625, 19.197, -0.0068359, , , , , , , , , , , , , , , , , , , , , , 
0.7388654, 0.0179599, 19.2105, -0.1103516, 19.2105, -0.9975586, 19.2105, -0.0454102, 0.7388654, -0.0052033, 19.2105, 0.1772461, 19.2105, -0.9365234, 19.2105, -0.1303711, 0.7388654, -0.0075532, 19.2105, 0.1513672, 19.2105, -0.8500977, 19.2105, -0.359375, 0.7388654, 0.018967, 19.2105, 0.2363281, 19.2105, -0.9213867, 19.2105, -0.0004883, , , , , , , , , , , , , , , , , , , , , , 
0.7393846, 0.0198062, 19.224, -0.1865234, 19.224, -1.0083008, 19.224, -0.059082, 0.7393846, -0.0072175, 19.224, 0.1425781, 19.224, -0.9526367, 19.224, -0.1269531, 0.7393846, -0.0082246, 19.224, 0.1352539, 19.224, -0.9023438, 19.224, -0.3608398, 0.7393846, 0.017792, 19.224, 0.2460938, 19.224, -0.9345703, 19.224, 0.0019531, , , , , , , , , , , , , , , , , , , , , , 
0.7399038, 0.0206455, 19.2375, -0.2749023, 19.2375, -1.0244141, 19.2375, -0.0629883, 0.7399038, -0.0085603, 19.2375, 0.1186523, 19.2375, -0.9790039, 19.2375, -0.1269531, 0.7399038, -0.0092317, 19.2375, 0.1123047, 19.2375, -0.9755859, 19.2375, -0.34375, 0.7399038, 0.0135958, 19.2375, 0.2568359, 19.2375, -0.9628906, 19.2375, 0.0009766, , , , , , , , , , , , , , , , , , , , , , 
0.7404231, 0.0218204, 19.251, -0.2890625, 19.251, -1.0288086, 19.251, -0.0585938, 0.7404231, -0.0075532, 19.251, 0.125, 19.251, -0.9897461, 19.251, -0.1240234, 0.7404231, -0.0095674, 19.251, 0.1088867, 19.251, -0.9887695, 19.251, -0.3310547, 0.7404231, 0.0095674, 19.251, 0.2666016, 19.251, -0.9658203, 19.251, 0.0078125, , , , , , , , , , , , , , , , , , , , , , 
0.7409423, 0.023331, 19.2645, -0.2407227, 19.2645, -1.0366211, 19.2645, -0.0576172, 0.7409423, -0.0041962, 19.2645, 0.1416016, 19.2645, -0.9868164, 19.2645, -0.1171875, 0.7409423, -0.0075532, 19.2645, 0.1254883, 19.2645, -0.9604492, 19.2645, -0.3447266, 0.7409423, 0.0083925, 19.2645, 0.2685547, 19.2645, -0.9555664, 19.2645, 0.0014648, , , , , , , , , , , , , , , , , , , , , , 
0.7414615, 0.0243381, 19.278, -0.1713867, 19.278, -1.0415039, 19.278, -0.027832, 0.7414615, -0.0041962, 19.278, 0.1938477, 19.278, -0.9765625, 19.278, -0.1040039, 0.7414615, -0.0068818, 19.278, 0.1420898, 19.278, -0.940918, 19.278, -0.3696289, 0.7414615, 0.0072175, 19.278, 0.2797852, 19.278, -0.9594727, 19.278, -0.019043, , , , , , , , , , , , , , , , , , , , , , 
0.7419808, 0.0213169, 19.2915, -0.1791992, 19.2915, -1.0410156, 19.2915, -0.0063477, 0.7419808, -0.0058747, 19.2915, 0.2421875, 19.2915, -0.9892578, 19.2915, -0.0913086, 0.7419808, -0.0075532, 19.2915, 0.1591797, 19.2915, -0.9711914, 19.2915, -0.371582, 0.7419808, 0.0052033, 19.2915, 0.3012695, 19.2915, -0.9902344, 19.2915, -0.0239258, , , , , , , , , , , , , , , , , , , , , , 
0.7425, 0.0199741, 19.305, -0.2758789, 19.305, -1.0405273, 19.305, -0.034668, 0.7425, -0.0068818, 19.305, 0.2539062, 19.305, -1.0229492, 19.305, -0.0654297, 0.7425, -0.0095674, 19.305, 0.1450195, 19.305, -1.0288086, 19.305, -0.3588867, 0.7425, 0.0043641, 19.305, 0.3076172, 19.305, -1.0366211, 19.305, -0.0014648, , , , , , , , , , , , , , , , , , , , , , 
0.7430192, 0.0226596, 19.3185, -0.3271484, 19.3185, -1.0712891, 19.3185, -0.0712891, 0.7430192, -0.0050355, 19.3185, 0.2387695, 19.3185, -1.0507812, 19.3185, -0.0600586, 0.7430192, -0.0095674, 19.3185, 0.1357422, 19.3185, -1.0678711, 19.3185, -0.331543, 0.7430192, 0.0048676, 19.3185, 0.2836914, 19.3185, -1.0605469, 19.3185, 0.0092773, , , , , , , , , , , , , , , , , , , , , , 
0.7435385, 0.0206455, 19.332, -0.2836914, 19.332, -1.1147461, 19.332, -0.0566406, 0.7435385, -0.0041962, 19.332, 0.2412109, 19.332, -1.0551758, 19.332, -0.0888672, 0.7435385, -0.0073854, 19.332, 0.144043, 19.332, -1.0673828, 19.332, -0.328125, 0.7435385, 0.0028534, 19.332, 0.2797852, 19.332, -1.0292969, 19.332, 0.0068359, , , , , , , , , , , , , , , , , , , , , , 
0.7440577, 0.0159457, 19.3455, -0.2080078, 19.3455, -1.1494141, 19.3455, -0.0014648, 0.7440577, -0.0065461, 19.3455, 0.2475586, 19.3455, -1.0732422, 19.3455, -0.0756836, 0.7440577, -0.0077211, 19.3455, 0.1757812, 19.3455, -1.0366211, 19.3455, -0.3393555, 0.7440577, 0.0011749, 19.3455, 0.2919922, 19.3455, -1.0068359, 19.3455, -0.0009766, , , , , , , , , , , , , , , , , , , , , , 
0.7445769, 0.0132601, 19.359, -0.1977539, 19.359, -1.125, 19.359, 0.0102539, 0.7445769, -0.0085603, 19.359, 0.2431641, 19.359, -1.0854492, 19.359, -0.0898438, 0.7445769, -0.0105745, 19.359, 0.1928711, 19.359, -1.0087891, 19.359, -0.3588867, 0.7445769, 0.0025177, 19.359, 0.3066406, 19.359, -1.0126953, 19.359, 0.0029297, , , , , , , , , , , , , , , , , , , , , , 
0.7450962, 0.0142672, 19.3725, -0.2548828, 19.3725, -1.0756836, 19.3725, -0.0151367, 0.7450962, -0.0092317, 19.3725, 0.2729492, 19.3725, -1.0820312, 19.3725, -0.090332, 0.7450962, -0.0099031, 19.3725, 0.2001953, 19.3725, -0.9960938, 19.3725, -0.3803711, 0.7450962, 0.0038605, 19.3725, 0.3188477, 19.3725, -1.0244141, 19.3725, 0.0087891, , , , , , , , , , , , , , , , , , , , , , 
0.7456154, 0.0209812, 19.386, -0.3144531, 19.386, -1.0693359, 19.386, -0.0136719, 0.7456154, -0.0099031, 19.386, 0.2905273, 19.386, -1.0839844, 19.386, -0.0678711, 0.7456154, -0.0075532, 19.386, 0.203125, 19.386, -1.0166016, 19.386, -0.3706055, 0.7456154, 0.0005035, 19.386, 0.3339844, 19.386, -1.0541992, 19.386, 0.0205078, , , , , , , , , , , , , , , , , , , , , , 
0.7461346, 0.0240024, 19.3995, -0.3500977, 19.3995, -1.0966797, 19.3995, -0.0166016, 0.7461346, -0.0082246, 19.3995, 0.3056641, 19.3995, -1.0834961, 19.3995, -0.0214844, 0.7461346, -0.0078889, 19.3995, 0.2211914, 19.3995, -1.0654297, 19.3995, -0.3334961, 0.7461346, -0.005539, 19.3995, 0.3330078, 19.3995, -1.0771484, 19.3995, 0.0419922, , , , , , , , , , , , , , , , , , , , , , 
0.7466538, 0.0196384, 19.413, -0.3530273, 19.413, -1.1083984, 19.413, -0.015625, 0.7466538, -0.0075532, 19.413, 0.3115234, 19.413, -1.0703125, 19.413, -0.0454102, 0.7466538, -0.0095674, 19.413, 0.2265625, 19.413, -1.0849609, 19.413, -0.3066406, 0.7466538, -0.0102388, 19.413, 0.3129883, 19.413, -1.0800781, 19.413, 0.0449219, , , , , , , , , , , , , , , , , , , , , , 
0.7471731, 0.0139315, 19.4265, -0.3544922, 19.4265, -1.1298828, 19.4265, 0.0073242, 0.7471731, -0.0078889, 19.4265, 0.3310547, 19.4265, -1.0742188, 19.4265, -0.0390625, 0.7471731, -0.0115816, 19.4265, 0.2119141, 19.4265, -1.0654297, 19.4265, -0.3339844, 0.7471731, -0.0127565, 19.4265, 0.2880859, 19.4265, -1.0551758, 19.4265, 0.0307617, , , , , , , , , , , , , , , , , , , , , , 
0.7476923, 0.0105745, 19.44, -0.3505859, 19.44, -1.1455078, 19.44, 0.0458984, 0.7476923, -0.0078889, 19.44, 0.3286133, 19.44, -1.109375, 19.44, -0.0375977, 0.7476923, -0.011078, 19.44, 0.1850586, 19.44, -1.0600586, 19.44, -0.3583984, 0.7476923, -0.0130922, 19.44, 0.2758789, 19.44, -1.0527344, 19.44, 0.0205078, , , , , , , , , , , , , , , , , , , , , , 
0.7482115, 0.0052033, 19.4535, -0.3613281, 19.4535, -1.1191406, 19.4535, 0.0366211, 0.7482115, -0.0075532, 19.4535, 0.3544922, 19.4535, -1.109375, 19.4535, -0.0375977, 0.7482115, -0.008896, 19.4535, 0.1762695, 19.4535, -1.0688477, 19.4535, -0.359375, 0.7482115, -0.0102388, 19.4535, 0.2807617, 19.4535, -1.0791016, 19.4535, 0.034668, , , , , , , , , , , , , , , , , , , , , , 
0.7487308, 0.0011749, 19.467, -0.4140625, 19.467, -1.0849609, 19.467, 0.0317383, 0.7487308, -0.0082246, 19.467, 0.3891602, 19.467, -1.0927734, 19.467, -0.0024414, 0.7487308, -0.0082246, 19.467, 0.1665039, 19.467, -1.0961914, 19.467, -0.3696289, 0.7487308, -0.0068818, 19.467, 0.2978516, 19.467, -1.1142578, 19.467, 0.0517578, , , , , , , , , , , , , , , , , , , , , , 
0.74925, -0.0023499, 19.4805, -0.4541016, 19.4805, -1.0864258, 19.4805, 0.0400391, 0.74925, -0.008896, 19.4805, 0.4067383, 19.4805, -1.0883789, 19.4805, 0.0200195, 0.74925, -0.0095674, 19.4805, 0.1621094, 19.4805, -1.1196289, 19.4805, -0.3588867, 0.74925, -0.0041962, 19.4805, 0.2788086, 19.4805, -1.1416016, 19.4805, 0.0576172, , , , , , , , , , , , , , , , , , , , , , 
0.7497692, 0.0008392, 19.494, -0.4765625, 19.494, -1.1220703, 19.494, 0.0336914, 0.7497692, -0.0085603, 19.494, 0.4194336, 19.494, -1.097168, 19.494, 0.0195312, 0.7497692, -0.012253, 19.494, 0.1611328, 19.494, -1.1464844, 19.494, -0.3408203, 0.7497692, -0.0001678, 19.494, 0.2407227, 19.494, -1.1523438, 19.494, 0.0532227, , , , , , , , , , , , , , , , , , , , , , 
0.7502885, 0.0070497, 19.5075, -0.4726562, 19.5075, -1.1425781, 19.5075, 0.0068359, 0.7502885, -0.0090639, 19.5075, 0.4238281, 19.5075, -1.1108398, 19.5075, 0.0288086, 0.7502885, -0.012253, 19.5075, 0.1694336, 19.5075, -1.1738281, 19.5075, -0.324707, 0.7502885, 0.0058747, 19.5075, 0.2421875, 19.5075, -1.1503906, 19.5075, 0.0385742, , , , , , , , , , , , , , , , , , , , , , 
0.7508077, 0.0045319, 19.521, -0.5170898, 19.521, -1.1635742, 19.521, 0.0258789, 0.7508077, -0.0095674, 19.521, 0.425293, 19.521, -1.1323242, 19.521, 0.0307617, 0.7508077, -0.0097353, 19.521, 0.1723633, 19.521, -1.1992188, 19.521, -0.3500977, 0.7508077, 0.0105745, 19.521, 0.265625, 19.521, -1.1552734, 19.521, 0.0273438, , , , , , , , , , , , , , , , , , , , , , 
0.7513269, 0.0018463, 19.5345, -0.5458984, 19.5345, -1.1865234, 19.5345, 0.0668945, 0.7513269, -0.0095674, 19.5345, 0.4204102, 19.5345, -1.1494141, 19.5345, 0.0356445, 0.7513269, -0.0078889, 19.5345, 0.1835938, 19.5345, -1.2006836, 19.5345, -0.4013672, 0.7513269, 0.0130922, 19.5345, 0.3334961, 19.5345, -1.175293, 19.5345, 0.0087891, , , , , , , , , , , , , , , , , , , , , , 
0.7518462, 0.003357, 19.548, -0.4990234, 19.548, -1.1962891, 19.548, 0.0654297, 0.7518462, -0.0085603, 19.548, 0.4526367, 19.548, -1.1948242, 19.548, 0.0375977, 0.7518462, -0.0082246, 19.548, 0.2075195, 19.548, -1.1987305, 19.548, -0.4462891, 0.7518462, 0.017792, 19.548, 0.418457, 19.548, -1.1928711, 19.548, 0.0136719, , , , , , , , , , , , , , , , , , , , , , 
0.7523654, 0.0048676, 19.5615, -0.4472656, 19.5615, -1.2075195, 19.5615, 0.0712891, 0.7523654, -0.0095674, 19.5615, 0.5048828, 19.5615, -1.2119141, 19.5615, 0.0336914, 0.7523654, -0.0082246, 19.5615, 0.2451172, 19.5615, -1.1992188, 19.5615, -0.4643555, 0.7523654, 0.0270237, 19.5615, 0.480957, 19.5615, -1.2021484, 19.5615, 0.0336914, , , , , , , , , , , , , , , , , , , , , , 
0.7528846, 0.0065461, 19.575, -0.4912109, 19.575, -1.1977539, 19.575, 0.0566406, 0.7528846, -0.0095674, 19.575, 0.5380859, 19.575, -1.2016602, 19.575, 0.0810547, 0.7528846, -0.0075532, 19.575, 0.2431641, 19.575, -1.1865234, 19.575, -0.4355469, 0.7528846, 0.0330663, 19.575, 0.4775391, 19.575, -1.2075195, 19.575, 0.0375977, , , , , , , , , , , , , , , , , , , , , , 
0.7534038, 0.0068818, 19.5885, -0.5371094, 19.5885, -1.1787109, 19.5885, 0.0498047, 0.7534038, -0.0095674, 19.5885, 0.5288086, 19.5885, -1.1962891, 19.5885, 0.105957, 0.7534038, -0.0082246, 19.5885, 0.2250977, 19.5885, -1.1933594, 19.5885, -0.4077148, 0.7534038, 0.0347448, 19.5885, 0.4140625, 19.5885, -1.2197266, 19.5885, 0.0205078, , , , , , , , , , , , , , , , , , , , , , 
0.7539231, 0.0082246, 19.602, -0.6328125, 19.602, -1.1601562, 19.602, 0.0576172, 0.7539231, -0.0097353, 19.602, 0.5048828, 19.602, -1.1811523, 19.602, 0.0791016, 0.7539231, -0.0062104, 19.602, 0.203125, 19.602, -1.2412109, 19.602, -0.3666992, 0.7539231, 0.0374304, 19.602, 0.3452148, 19.602, -1.2421875, 19.602, 0.0268555, , , , , , , , , , , , , , , , , , , , , , 
0.7544423, 0.0105745, 19.6155, -0.6552734, 19.6155, -1.1669922, 19.6155, 0.0737305, 0.7544423, -0.0102388, 19.6155, 0.5029297, 19.6155, -1.1772461, 19.6155, 0.097168, 0.7544423, -0.0025177, 19.6155, 0.2431641, 19.6155, -1.2993164, 19.6155, -0.3339844, 0.7544423, 0.0397803, 19.6155, 0.3208008, 19.6155, -1.2807617, 19.6155, 0.0429688, , , , , , , , , , , , , , , , , , , , , , 
0.7549615, 0.0109102, 19.629, -0.6777344, 19.629, -1.1743164, 19.629, 0.09375, 0.7549615, -0.0095674, 19.629, 0.5009766, 19.629, -1.1635742, 19.629, 0.0649414, 0.7549615, 0.0005035, 19.629, 0.2998047, 19.629, -1.2929688, 19.629, -0.3305664, 0.7549615, 0.0387732, 19.629, 0.3520508, 19.629, -1.2792969, 19.629, 0.0483398, , , , , , , , , , , , , , , , , , , , , , 
0.7554808, 0.0085603, 19.6425, -0.6806641, 19.6425, -1.1147461, 19.6425, 0.1054688, 0.7554808, -0.0078889, 19.6425, 0.5375977, 19.6425, -1.1386719, 19.6425, 0.1064453, 0.7554808, 0.0025177, 19.6425, 0.3027344, 19.6425, -1.25, 19.6425, -0.3310547, 0.7554808, 0.0357519, 19.6425, 0.3442383, 19.6425, -1.262207, 19.6425, 0.0629883, , , , , , , , , , , , , , , , , , , , , , 
0.756, 0.0112459, 19.656, -0.6499023, 19.656, -1.046875, 19.656, 0.1293945, 0.756, -0.0082246, 19.656, 0.6015625, 19.656, -1.1035156, 19.656, 0.1108398, 0.756, 0.0025177, 19.656, 0.253418, 19.656, -1.2363281, 19.656, -0.3051758, 0.756, 0.0305486, 19.656, 0.2670898, 19.656, -1.2631836, 19.656, 0.0957031, , , , , , , , , , , , , , , , , , , , , , 
0.7565192, 0.0125887, 19.6695, -0.6347656, 19.6695, -1.0185547, 19.6695, 0.1171875, 0.7565192, -0.0102388, 19.6695, 0.6479492, 19.6695, -1.0883789, 19.6695, 0.1572266, 0.7565192, 0.0010071, 19.6695, 0.2099609, 19.6695, -1.2543945, 19.6695, -0.2749023, 0.7565192, 0.0243381, 19.6695, 0.2260742, 19.6695, -1.262207, 19.6695, 0.1088867, , , , , , , , , , , , , , , , , , , , , , 
0.7570385, 0.0078889, 19.683, -0.6826172, 19.683, -1.0244141, 19.683, 0.1142578, 0.7570385, -0.0102388, 19.683, 0.6313477, 19.683, -1.1040039, 19.683, 0.1518555, 0.7570385, -0.0018463, 19.683, 0.2177734, 19.683, -1.28125, 19.683, -0.2602539, 0.7570385, 0.0213169, 19.683, 0.1450195, 19.683, -1.2617188, 19.683, 0.1269531, , , , , , , , , , , , , , , , , , , , , , 
0.7575577, 0.0097353, 19.6965, -0.8017578, 19.6965, -1.0136719, 19.6965, 0.09375, 0.7575577, -0.0075532, 19.6965, 0.5825195, 19.6965, -1.105957, 19.6965, 0.1655273, 0.7575577, -0.0041962, 19.6965, 0.2333984, 19.6965, -1.2993164, 19.6965, -0.2363281, 0.7575577, 0.0199741, 19.6965, 0.0942383, 19.6965, -1.2807617, 19.6965, 0.1450195, , , , , , , , , , , , , , , , , , , , , , 
0.7580769, 0.0172885, 19.71, -0.8696289, 19.71, -1.027832, 19.71, 0.0654297, 0.7580769, -0.005539, 19.71, 0.5546875, 19.71, -1.1030273, 19.71, 0.2080078, 0.7580769, -0.005539, 19.71, 0.2446289, 19.71, -1.328125, 19.71, -0.2128906, 0.7580769, 0.0169528, 19.71, 0.1005859, 19.71, -1.3027344, 19.71, 0.1401367, , , , , , , , , , , , , , , , , , , , , , 
0.7585962, 0.0206455, 19.7235, -0.8637695, 19.7235, -1.027832, 19.7235, 0.0141602, 0.7585962, -0.0075532, 19.7235, 0.612793, 19.7235, -1.1425781, 19.7235, 0.3632812, 0.7585962, -0.005539, 19.7235, 0.262207, 19.7235, -1.3696289, 19.7235, -0.1918945, 0.7585962, 0.0166171, 19.7235, 0.1489258, 19.7235, -1.3115234, 19.7235, 0.1030273, , , , , , , , , , , , , , , , , , , , , , 
0.7591154, 0.0219883, 19.737, -0.847168, 19.737, -1.0380859, 19.737, -0.03125, 0.7591154, -0.0082246, 19.737, 0.6821289, 19.737, -1.1572266, 19.737, 0.2866211, 0.7591154, -0.0048676, 19.737, 0.2182617, 19.737, -1.2905273, 19.737, -0.2456055, 0.7591154, 0.017792, 19.737, 0.2558594, 19.737, -1.2739258, 19.737, 0.0615234, , , , , , , , , , , , , , , , , , , , , , 
0.7596346, 0.0206455, 19.7505, -0.7612305, 19.7505, -1.1196289, 19.7505, -0.0527344, 0.7596346, -0.0062104, 19.7505, 0.7163086, 19.7505, -1.1948242, 19.7505, 0.2197266, 0.7596346, -0.005539, 19.7505, 0.2250977, 19.7505, -1.2548828, 19.7505, -0.3276367, 0.7596346, 0.0149386, 19.7505, 0.3759766, 19.7505, -1.2119141, 19.7505, -0.0063477, , , , , , , , , , , , , , , , , , , , , , 
0.7601538, 0.018967, 19.764, -0.2675781, 19.764, -1.4477539, 19.764, 0.1484375, 0.7601538, -0.0041962, 19.764, 0.831543, 19.764, -1.2480469, 19.764, -0.1254883, 0.7601538, -0.0045319, 19.764, 0.2607422, 19.764, -1.168457, 19.764, -0.487793, 0.7601538, 0.0119173, 19.764, 0.5141602, 19.764, -1.2148438, 19.764, -0.0869141, , , , , , , , , , , , , , , , , , , , , , 
0.7606731, 0.0199741, 19.7775, 0.0444336, 19.7775, -1.5371094, 19.7775, 0.3168945, 0.7606731, -0.005539, 19.7775, 0.6850586, 19.7775, -1.090332, 19.7775, -0.2890625, 0.7606731, -0.0041962, 19.7775, 0.3886719, 19.7775, -1.1157227, 19.7775, -0.4482422, 0.7606731, 0.0115816, 19.7775, 0.6577148, 19.7775, -1.2202148, 19.7775, -0.1367188, , , , , , , , , , , , , , , , , , , , , , 
0.7611923, 0.0203098, 19.791, -0.3618164, 19.791, -1.1743164, 19.791, 0.4047852, 0.7611923, -0.0057069, 19.791, 0.3271484, 19.791, -0.8398438, 19.791, 0.0581055, 0.7611923, -0.0041962, 19.791, 0.40625, 19.791, -1.159668, 19.791, -0.3012695, 0.7611923, 0.0112459, 19.791, 0.6713867, 19.791, -1.1308594, 19.791, -0.0834961, , , , , , , , , , , , , , , , , , , , , , 
0.7617115, 0.0184634, 19.8045, -1.0131836, 19.8045, -0.6992188, 19.8045, 0.1743164, 0.7617115, -0.0048676, 19.8045, 0.5717773, 19.8045, -0.8359375, 19.8045, 0.1972656, 0.7617115, -0.0028534, 19.8045, 0.4355469, 19.8045, -1.1489258, 19.8045, -0.1791992, 0.7617115, 0.0115816, 19.8045, 0.5, 19.8045, -1.0336914, 19.8045, 0.003418, , , , , , , , , , , , , , , , , , , , , , 
0.7622308, 0.0176242, 19.818, -1.112793, 19.818, -0.4296875, 19.818, 0.1357422, 0.7622308, -0.0048676, 19.818, 0.8696289, 19.818, -0.8701172, 19.818, 0.0175781, 0.7622308, -0.0015106, 19.818, 0.5668945, 19.818, -1.1005859, 19.818, -0.0893555, 0.7622308, 0.0124208, 19.818, 0.3564453, 19.818, -1.0390625, 19.818, 0.03125, , , , , , , , , , , , , , , , , , , , , , 
0.76275, 0.0166171, 19.8315, -0.7553711, 19.8315, -0.6025391, 19.8315, 0.1894531, 0.76275, -0.0048676, 19.8315, 0.8173828, 19.8315, -0.7817383, 19.8315, 0.0537109, 0.76275, -0.002182, 19.8315, 0.5341797, 19.8315, -1.1484375, 19.8315, -0.1850586, 0.76275, 0.0119173, 19.8315, 0.0449219, 19.8315, -1.1542969, 19.8315, 0.0810547, , , , , , , , , , , , , , , , , , , , , , 
0.7632692, 0.0199741, 19.845, -0.5229492, 19.845, -0.9794922, 19.845, 0.2856445, 0.7632692, -0.005539, 19.845, 0.4931641, 19.845, -0.75, 19.845, 0.0170898, 0.7632692, -0.0050355, 19.845, 0.3725586, 19.845, -1.1401367, 19.845, -0.2768555, 0.7632692, 0.0119173, 19.845, -0.1347656, 19.845, -1.2485352, 19.845, 0.1704102, , , , , , , , , , , , , , , , , , , , , , 
0.7637885, 0.0260166, 19.8585, -0.4648438, 19.8585, -1.0864258, 19.8585, 0.3110352, 0.7637885, -0.0045319, 19.8585, 0.4667969, 19.8585, -0.9057617, 19.8585, 0.0610352, 0.7637885, -0.0062104, 19.8585, -0.0454102, 19.8585, -1.0449219, 19.8585, -0.2924805, 0.7637885, 0.0129244, 19.8585, -0.1518555, 19.8585, -1.1987305, 19.8585, 0.3022461, , , , , , , , , , , , , , , , , , , , , , 
0.7643077, 0.0231632, 19.872, -0.5424805, 19.872, -0.9135742, 19.872, 0.2553711, 0.7643077, -0.0041962, 19.872, 0.6928711, 19.872, -0.9799805, 19.872, 0.0454102, 0.7643077, -0.0058747, 19.872, -0.1962891, 19.872, -0.9736328, 19.872, -0.2177734, 0.7643077, 0.012253, 19.872, -0.1713867, 19.872, -1.0400391, 19.872, 0.2441406, , , , , , , , , , , , , , , , , , , , , , 
0.7648269, 0.0159457, 19.8855, -0.6962891, 19.8855, -0.784668, 19.8855, 0.1987305, 0.7648269, -0.0075532, 19.8855, 0.7558594, 19.8855, -0.953125, 19.8855, 0.0883789, 0.7648269, -0.0085603, 19.8855, -0.0444336, 19.8855, -1.0268555, 19.8855, -0.2250977, 0.7648269, 0.0099031, 19.8855, -0.2114258, 19.8855, -0.96875, 19.8855, 0.1025391, , , , , , , , , , , , , , , , , , , , , , 
0.7653462, 0.0132601, 19.899, -0.78125, 19.899, -0.8237305, 19.899, 0.1787109, 0.7653462, -0.0077211, 19.899, 0.753418, 19.899, -0.8901367, 19.899, 0.1489258, 0.7653462, -0.0109102, 19.899, 0.1357422, 19.899, -1.137207, 19.899, -0.1943359, 0.7653462, 0.0062104, 19.899, -0.0805664, 19.899, -1.09375, 19.899, 0.0634766, , , , , , , , , , , , , , , , , , , , , , 
0.7658654, 0.0162814, 19.9125, -0.7089844, 19.9125, -0.9277344, 19.9125, 0.1748047, 0.7658654, -0.005539, 19.9125, 0.6586914, 19.9125, -0.8808594, 19.9125, 0.1123047, 0.7658654, -0.0109102, 19.9125, 0.2929688, 19.9125, -1.1660156, 19.9125, -0.1586914, 0.7658654, -0.0016785, 19.9125, 0.1655273, 19.9125, -1.2348633, 19.9125, 0.0390625, , , , , , , , , , , , , , , , , , , , , , 
0.7663846, 0.0181277, 19.926, -0.6557617, 19.926, -0.9785156, 19.926, 0.1474609, 0.7663846, -0.0031891, 19.926, 0.5375977, 19.926, -0.9213867, 19.926, 0.1035156, 0.7663846, -0.0112459, 19.926, 0.4741211, 19.926, -1.1235352, 19.926, -0.2758789, 0.7663846, -0.0095674, 19.926, 0.3886719, 19.926, -1.2675781, 19.926, 0.0141602, , , , , , , , , , , , , , , , , , , , , , 
0.7669038, 0.0182956, 19.9395, -0.6074219, 19.9395, -1.0717773, 19.9395, 0.2514648, 0.7669038, -0.0025177, 19.9395, 0.5385742, 19.9395, -1.0620117, 19.9395, 0.0439453, 0.7669038, -0.0125887, 19.9395, 0.5615234, 19.9395, -1.1103516, 19.9395, -0.4013672, 0.7669038, -0.012253, 19.9395, 0.5981445, 19.9395, -1.1577148, 19.9395, 0.0273438, , , , , , , , , , , , , , , , , , , , , , 
0.7674231, 0.0132601, 19.953, -0.5336914, 19.953, -1.0991211, 19.953, 0.2392578, 0.7674231, -0.0025177, 19.953, 0.6147461, 19.953, -1.159668, 19.953, 0.0688477, 0.7674231, -0.0135958, 19.953, 0.4111328, 19.953, -1.1357422, 19.953, -0.3408203, 0.7674231, -0.0124208, 19.953, 0.6850586, 19.953, -1.0463867, 19.953, 0.0175781, , , , , , , , , , , , , , , , , , , , , , 
0.7679423, 0.0070497, 19.9665, -0.5610352, 19.9665, -1.0654297, 19.9665, 0.2519531, 0.7679423, -0.0028534, 19.9665, 0.706543, 19.9665, -1.1757812, 19.9665, 0.1699219, 0.7679423, -0.0139315, 19.9665, 0.3037109, 19.9665, -1.2006836, 19.9665, -0.3510742, 0.7679423, -0.012253, 19.9665, 0.6181641, 19.9665, -1.0532227, 19.9665, 0.0112305, , , , , , , , , , , , , , , , , , , , , , 
0.7684615, 0.0062104, 19.98, -0.7060547, 19.98, -1.0991211, 19.98, 0.1259766, 0.7684615, -0.0035248, 19.98, 0.7709961, 19.98, -1.1748047, 19.98, 0.2163086, 0.7684615, -0.0125887, 19.98, 0.3134766, 19.98, -1.2563477, 19.98, -0.3525391, 0.7684615, -0.0102388, 19.98, 0.3632812, 19.98, -1.2265625, 19.98, 0.0019531, , , , , , , , , , , , , , , , , , , , , , 
0.7689808, 0.0025177, 19.9935, -0.7773438, 19.9935, -1.1503906, 19.9935, 0.0722656, 0.7689808, -0.0041962, 19.9935, 0.7250977, 19.9935, -1.1171875, 19.9935, 0.2260742, 0.7689808, -0.0112459, 19.9935, 0.215332, 19.9935, -1.3491211, 19.9935, -0.3261719, 0.7689808, -0.005539, 19.9935, 0.171875, 19.9935, -1.4243164, 19.9935, 0.0073242, , , , , , , , , , , , , , , , , , , , , , 
0.7695, 0.0043641, 20.007, -0.7050781, 20.007, -1.1904297, 20.007, 0.0649414, 0.7695, -0.0048676, 20.007, 0.6450195, 20.007, -1.112793, 20.007, 0.2304688, 0.7695, -0.0109102, 20.007, 0.0610352, 20.007, -1.2695312, 20.007, -0.3984375, 0.7695, 0.0015106, 20.007, 0.1171875, 20.007, -1.4311523, 20.007, 0.0668945, , , , , , , , , , , , , , , , , , , , , , 
0.7700192, 0.0052033, 20.0205, -0.6245117, 20.0205, -1.2275391, 20.0205, 0.1430664, 0.7700192, -0.005539, 20.0205, 0.5024414, 20.0205, -1.2216797, 20.0205, 0.1914062, 0.7700192, -0.0095674, 20.0205, 0.097168, 20.0205, -1.1713867, 20.0205, -0.4433594, 0.7700192, 0.0038605, 20.0205, 0.175293, 20.0205, -1.2744141, 20.0205, 0.0751953, , , , , , , , , , , , , , , , , , , , , , 
0.7705385, 0.0038605, 20.034, -0.6577148, 20.034, -1.1489258, 20.034, 0.1425781, 0.7705385, -0.0058747, 20.034, 0.5380859, 20.034, -1.2563477, 20.034, 0.2363281, 0.7705385, -0.0077211, 20.034, 0.2250977, 20.034, -1.2387695, 20.034, -0.3740234, 0.7705385, 0.0035248, 20.034, 0.3452148, 20.034, -1.1279297, 20.034, -0.0244141, , , , , , , , , , , , , , , , , , , , , , 
0.7710577, 0.0035248, 20.0475, -0.8120117, 20.0475, -1.1445312, 20.0475, 0.1728516, 0.7710577, -0.0072175, 20.0475, 0.7885742, 20.0475, -1.1533203, 20.0475, 0.1606445, 0.7710577, -0.0085603, 20.0475, 0.2670898, 20.0475, -1.2973633, 20.0475, -0.4194336, 0.7710577, 0.005539, 20.0475, 0.4511719, 20.0475, -1.1943359, 20.0475, -0.0517578, , , , , , , , , , , , , , , , , , , , , , 
0.7715769, 0.0038605, 20.061, -0.8256836, 20.061, -1.2045898, 20.061, 0.3183594, 0.7715769, -0.0078889, 20.061, 0.8212891, 20.061, -1.1274414, 20.061, 0.0800781, 0.7715769, -0.0099031, 20.061, 0.3422852, 20.061, -1.234375, 20.061, -0.3813477, 0.7715769, 0.0115816, 20.061, 0.4438477, 20.061, -1.3452148, 20.061, 0.0507812, , , , , , , , , , , , , , , , , , , , , , 
0.7720962, 0.0038605, 20.0745, -0.6733398, 20.0745, -1.2143555, 20.0745, 0.3745117, 0.7720962, -0.0075532, 20.0745, 0.7514648, 20.0745, -1.1826172, 20.0745, 0.0385742, 0.7720962, -0.0095674, 20.0745, 0.4990234, 20.0745, -1.2075195, 20.0745, -0.3989258, 0.7720962, 0.0184634, 20.0745, 0.4794922, 20.0745, -1.3720703, 20.0745, 0.1044922, , , , , , , , , , , , , , , , , , , , , , 
0.7726154, 0.0031891, 20.088, -0.6328125, 20.088, -1.1982422, 20.088, 0.3857422, 0.7726154, -0.0083925, 20.088, 0.7617188, 20.088, -1.2202148, 20.088, 0.1025391, 0.7726154, -0.0095674, 20.088, 0.5527344, 20.088, -1.3051758, 20.088, -0.378418, 0.7726154, 0.023331, 20.088, 0.4692383, 20.088, -1.3398438, 20.088, 0.1137695, , , , , , , , , , , , , , , , , , , , , , 
0.7731346, 0.0011749, 20.1015, -0.7675781, 20.1015, -1.109375, 20.1015, 0.4086914, 0.7731346, -0.0092317, 20.1015, 0.887207, 20.1015, -1.1699219, 20.1015, 0.1337891, 0.7731346, -0.0085603, 20.1015, 0.4858398, 20.1015, -1.3735352, 20.1015, -0.3632812, 0.7731346, 0.0288701, 20.1015, 0.3393555, 20.1015, -1.394043, 20.1015, 0.1391602, , , , , , , , , , , , , , , , , , , , , , 
0.7736538, 0.0057069, 20.115, -0.9838867, 20.115, -1.0292969, 20.115, 0.3520508, 0.7736538, -0.0078889, 20.115, 0.9462891, 20.115, -1.0424805, 20.115, 0.1123047, 0.7736538, -0.0063783, 20.115, 0.2744141, 20.115, -1.4072266, 20.115, -0.3115234, 0.7736538, 0.0350805, 20.115, 0.2509766, 20.115, -1.4355469, 20.115, 0.1479492, , , , , , , , , , , , , , , , , , , , , , 
0.7741731, 0.012253, 20.1285, -0.9575195, 20.1285, -1.0166016, 20.1285, 0.3208008, 0.7741731, -0.0052033, 20.1285, 0.8857422, 20.1285, -0.9941406, 20.1285, 0.121582, 0.7741731, -0.0057069, 20.1285, 0.1972656, 20.1285, -1.3227539, 20.1285, -0.3144531, 0.7741731, 0.0357519, 20.1285, 0.0869141, 20.1285, -1.4428711, 20.1285, 0.1484375, , , , , , , , , , , , , , , , , , , , , , 
0.7746923, 0.0129244, 20.142, -0.7602539, 20.142, -1.027832, 20.142, 0.315918, 0.7746923, -0.0057069, 20.142, 0.7612305, 20.142, -1.0019531, 20.142, 0.1953125, 0.7746923, -0.0065461, 20.142, 0.2402344, 20.142, -1.2338867, 20.142, -0.1958008, 0.7746923, 0.0345769, 20.142, 0.0332031, 20.142, -1.3066406, 20.142, 0.1220703, , , , , , , , , , , , , , , , , , , , , , 
0.7752115, 0.0119173, 20.1555, -0.6655273, 20.1555, -0.9750977, 20.1555, 0.2583008, 0.7752115, -0.008896, 20.1555, 0.7714844, 20.1555, -1.0356445, 20.1555, 0.2299805, 0.7752115, -0.0065461, 20.1555, 0.3330078, 20.1555, -1.2294922, 20.1555, -0.2900391, 0.7752115, 0.0357519, 20.1555, 0.0522461, 20.1555, -1.1977539, 20.1555, 0.121582, , , , , , , , , , , , , , , , , , , , , , 
0.7757308, 0.0146029, 20.169, -0.815918, 20.169, -0.9389648, 20.169, 0.3486328, 0.7757308, -0.0105745, 20.169, 0.8505859, 20.169, -1.0009766, 20.169, 0.128418, 0.7757308, -0.0041962, 20.169, 0.3457031, 20.169, -1.2695312, 20.169, -0.3930664, 0.7757308, 0.0347448, 20.169, 0.1650391, 20.169, -1.2373047, 20.169, 0.1245117, , , , , , , , , , , , , , , , , , , , , , 
0.77625, 0.0182956, 20.1825, -0.9038086, 20.1825, -0.9716797, 20.1825, 0.362793, 0.77625, -0.0099031, 20.1825, 0.8530273, 20.1825, -0.9897461, 20.1825, 0.1245117, 0.77625, -0.0043641, 20.1825, 0.2226562, 20.1825, -1.2348633, 20.1825, -0.3525391, 0.77625, 0.0293736, 20.1825, 0.3710938, 20.1825, -1.3271484, 20.1825, 0.0830078, , , , , , , , , , , , , , , , , , , , , , 
0.7767692, 0.0206455, 20.196, -0.7880859, 20.196, -1.0043945, 20.196, 0.2412109, 0.7767692, -0.0099031, 20.196, 0.7099609, 20.196, -1.03125, 20.196, 0.2138672, 0.7767692, -0.005539, 20.196, 0.2304688, 20.196, -1.1591797, 20.196, -0.300293, 0.7767692, 0.0240024, 20.196, 0.4057617, 20.196, -1.2993164, 20.196, 0.0439453, , , , , , , , , , , , , , , , , , , , , , 
0.7772885, 0.0276951, 20.2095, -0.715332, 20.2095, -0.9160156, 20.2095, 0.2070312, 0.7772885, -0.0082246, 20.2095, 0.6899414, 20.2095, -0.96875, 20.2095, 0.3012695, 0.7772885, -0.0045319, 20.2095, 0.2670898, 20.2095, -1.1748047, 20.2095, -0.3193359, 0.7772885, 0.0186313, 20.2095, 0.1831055, 20.2095, -1.1621094, 20.2095, 0.0571289, , , , , , , , , , , , , , , , , , , , , , 
0.7778077, 0.0283665, 20.223, -0.7724609, 20.223, -0.7841797, 20.223, 0.2402344, 0.7778077, -0.0068818, 20.223, 0.7998047, 20.223, -0.7817383, 20.223, 0.230957, 0.7778077, -0.0041962, 20.223, 0.2114258, 20.223, -1.2192383, 20.223, -0.3276367, 0.7778077, 0.0130922, 20.223, 0.0336914, 20.223, -1.0698242, 20.223, 0.0644531, , , , , , , , , , , , , , , , , , , , , , 
0.7783269, 0.0240024, 20.2365, -0.9067383, 20.2365, -0.7890625, 20.2365, 0.2744141, 0.7783269, -0.0078889, 20.2365, 0.7841797, 20.2365, -0.7504883, 20.2365, 0.1728516, 0.7783269, -0.0048676, 20.2365, 0.1850586, 20.2365, -1.2133789, 20.2365, -0.2919922, 0.7783269, 0.0114137, 20.2365, 0.2143555, 20.2365, -1.1220703, 20.2365, 0.0410156, , , , , , , , , , , , , , , , , , , , , , 
0.7788462, 0.0209812, 20.25, -0.90625, 20.25, -0.8100586, 20.25, 0.3076172, 0.7788462, -0.0077211, 20.25, 0.7426758, 20.25, -0.7963867, 20.25, 0.1186523, 0.7788462, -0.005539, 20.25, 0.2475586, 20.25, -1.1235352, 20.25, -0.3740234, 0.7788462, 0.0112459, 20.25, 0.4619141, 20.25, -1.1831055, 20.25, 0.003418, , , , , , , , , , , , , , , , , , , , , , 
0.7793654, 0.0199741, 20.2635, -0.7114258, 20.2635, -0.8671875, 20.2635, 0.2490234, 0.7793654, -0.008896, 20.2635, 0.6660156, 20.2635, -0.9018555, 20.2635, 0.2275391, 0.7793654, -0.0048676, 20.2635, 0.3208008, 20.2635, -1.0078125, 20.2635, -0.3823242, 0.7793654, 0.0092317, 20.2635, 0.5151367, 20.2635, -1.1704102, 20.2635, -0.0205078, , , , , , , , , , , , , , , , , , , , , , 
0.7798846, 0.024506, 20.277, -0.6000977, 20.277, -0.909668, 20.277, 0.1479492, 0.7798846, -0.0095674, 20.277, 0.6743164, 20.277, -0.9282227, 20.277, 0.2900391, 0.7798846, -0.0028534, 20.277, 0.246582, 20.277, -0.9868164, 20.277, -0.3544922, 0.7798846, 0.0078889, 20.277, 0.453125, 20.277, -1.0776367, 20.277, -0.015625, , , , , , , , , , , , , , , , , , , , , , 
0.7804038, 0.0270237, 20.2905, -0.7182617, 20.2905, -0.8369141, 20.2905, 0.1450195, 0.7804038, -0.0090639, 20.2905, 0.762207, 20.2905, -0.8232422, 20.2905, 0.300293, 0.7804038, -0.0035248, 20.2905, 0.2304688, 20.2905, -1.0424805, 20.2905, -0.4160156, 0.7804038, 0.0065461, 20.2905, 0.3076172, 20.2905, -0.9853516, 20.2905, 0.0009766, , , , , , , , , , , , , , , , , , , , , , 
0.7809231, 0.0250095, 20.304, -0.8564453, 20.304, -0.7402344, 20.304, 0.1665039, 0.7809231, -0.008896, 20.304, 0.7045898, 20.304, -0.715332, 20.304, 0.2426758, 0.7809231, -0.0031891, 20.304, 0.1923828, 20.304, -1.081543, 20.304, -0.3833008, 0.7809231, 0.0078889, 20.304, 0.3046875, 20.304, -0.9775391, 20.304, -0.0068359, , , , , , , , , , , , , , , , , , , , , , 
0.7814423, 0.0226596, 20.3175, -0.8540039, 20.3175, -0.7524414, 20.3175, 0.2211914, 0.7814423, -0.0102388, 20.3175, 0.6621094, 20.3175, -0.7431641, 20.3175, 0.159668, 0.7814423, -0.0035248, 20.3175, 0.2329102, 20.3175, -1.0424805, 20.3175, -0.3779297, 0.7814423, 0.0105745, 20.3175, 0.3881836, 20.3175, -1.0332031, 20.3175, 0.0087891, , , , , , , , , , , , , , , , , , , , , , 
0.7819615, 0.0206455, 20.331, -0.6757812, 20.331, -0.8476562, 20.331, 0.2075195, 0.7819615, -0.0109102, 20.331, 0.5805664, 20.331, -0.8530273, 20.331, 0.1914062, 0.7819615, -0.0038605, 20.331, 0.3046875, 20.331, -0.9487305, 20.331, -0.4233398, 0.7819615, 0.0119173, 20.331, 0.3974609, 20.331, -1.0532227, 20.331, 0.0234375, , , , , , , , , , , , , , , , , , , , , , 
0.7824808, 0.017792, 20.3445, -0.5717773, 20.3445, -0.831543, 20.3445, 0.1889648, 0.7824808, -0.0102388, 20.3445, 0.6416016, 20.3445, -0.8540039, 20.3445, 0.2822266, 0.7824808, -0.0048676, 20.3445, 0.2675781, 20.3445, -0.8876953, 20.3445, -0.3603516, 0.7824808, 0.0112459, 20.3445, 0.3266602, 20.3445, -1.0004883, 20.3445, 0.050293, , , , , , , , , , , , , , , , , , , , , , 
0.783, 0.0179599, 20.358, -0.6113281, 20.358, -0.7138672, 20.358, 0.1362305, 0.783, -0.0075532, 20.358, 0.730957, 20.358, -0.7348633, 20.358, 0.222168, 0.783, -0.0046998, 20.358, 0.2319336, 20.358, -0.8935547, 20.358, -0.3720703, 0.783, 0.0117494, 20.358, 0.21875, 20.358, -0.9262695, 20.358, 0.1000977, , , , , , , , , , , , , , , , , , , , , , 
0.7835192, 0.0219883, 20.3715, -0.7373047, 20.3715, -0.6533203, 20.3715, 0.1201172, 0.7835192, -0.0068818, 20.3715, 0.7060547, 20.3715, -0.6791992, 20.3715, 0.2231445, 0.7835192, -0.0058747, 20.3715, 0.1914062, 20.3715, -0.9345703, 20.3715, -0.387207, 0.7835192, 0.012253, 20.3715, 0.2036133, 20.3715, -0.8730469, 20.3715, 0.078125, , , , , , , , , , , , , , , , , , , , , , 
0.7840385, 0.0223239, 20.385, -0.7700195, 20.385, -0.6665039, 20.385, 0.2070312, 0.7840385, -0.0070497, 20.385, 0.6035156, 20.385, -0.6469727, 20.385, 0.1542969, 0.7840385, -0.0075532, 20.385, 0.1665039, 20.385, -0.9243164, 20.385, -0.3735352, 0.7840385, 0.0119173, 20.385, 0.2973633, 20.385, -0.8710938, 20.385, 0.0893555, , , , , , , , , , , , , , , , , , , , , , 
0.7845577, 0.0213169, 20.3985, -0.6240234, 20.3985, -0.7226562, 20.3985, 0.21875, 0.7845577, -0.0058747, 20.3985, 0.5175781, 20.3985, -0.6723633, 20.3985, 0.112793, 0.7845577, -0.0077211, 20.3985, 0.2080078, 20.3985, -0.8393555, 20.3985, -0.4086914, 0.7845577, 0.0125887, 20.3985, 0.3383789, 20.3985, -0.878418, 20.3985, 0.0864258, , , , , , , , , , , , , , , , , , , , , , 
0.7850769, 0.0238346, 20.412, -0.5205078, 20.412, -0.7558594, 20.412, 0.1396484, 0.7850769, -0.0058747, 20.412, 0.543457, 20.412, -0.737793, 20.412, 0.2602539, 0.7850769, -0.0070497, 20.412, 0.293457, 20.412, -0.7558594, 20.412, -0.4125977, 0.7850769, 0.0132601, 20.412, 0.3037109, 20.412, -0.8769531, 20.412, 0.0556641, , , , , , , , , , , , , , , , , , , , , , 
0.7855962, 0.0213169, 20.4255, -0.5439453, 20.4255, -0.7192383, 20.4255, 0.0839844, 0.7855962, -0.0068818, 20.4255, 0.6538086, 20.4255, -0.7260742, 20.4255, 0.2929688, 0.7855962, -0.0077211, 20.4255, 0.2392578, 20.4255, -0.7832031, 20.4255, -0.3500977, 0.7855962, 0.0105745, 20.4255, 0.2714844, 20.4255, -0.8818359, 20.4255, 0.0556641, , , , , , , , , , , , , , , , , , , , , , 
0.7861154, 0.0172885, 20.439, -0.6572266, 20.439, -0.5957031, 20.439, 0.0415039, 0.7861154, -0.0072175, 20.439, 0.6479492, 20.439, -0.6044922, 20.439, 0.2431641, 0.7861154, -0.0102388, 20.439, 0.128418, 20.439, -0.8950195, 20.439, -0.3857422, 0.7861154, 0.0052033, 20.439, 0.2099609, 20.439, -0.8779297, 20.439, 0.0634766, , , , , , , , , , , , , , , , , , , , , , 
0.7866346, 0.017792, 20.4525, -0.7329102, 20.4525, -0.5698242, 20.4525, 0.0844727, 0.7866346, -0.0082246, 20.4525, 0.5751953, 20.4525, -0.5507812, 20.4525, 0.2016602, 0.7866346, -0.0115816, 20.4525, 0.1152344, 20.4525, -0.9086914, 20.4525, -0.3994141, 0.7866346, 0.0005035, 20.4525, 0.2270508, 20.4525, -0.8183594, 20.4525, 0.0419922, , , , , , , , , , , , , , , , , , , , , , 
0.7871538, 0.0186313, 20.466, -0.6713867, 20.466, -0.6679688, 20.466, 0.1557617, 0.7871538, -0.0075532, 20.466, 0.4975586, 20.466, -0.6113281, 20.466, 0.1835938, 0.7871538, -0.0109102, 20.466, 0.1982422, 20.466, -0.8012695, 20.466, -0.4033203, 0.7871538, -0.0028534, 20.466, 0.3476562, 20.466, -0.7792969, 20.466, 0.0327148, , , , , , , , , , , , , , , , , , , , , , 
0.7876731, 0.0186313, 20.4795, -0.5708008, 20.4795, -0.6801758, 20.4795, 0.1386719, 0.7876731, -0.008896, 20.4795, 0.5610352, 20.4795, -0.652832, 20.4795, 0.3193359, 0.7876731, -0.0124208, 20.4795, 0.2827148, 20.4795, -0.7167969, 20.4795, -0.4628906, 0.7876731, -0.0041962, 20.4795, 0.4003906, 20.4795, -0.8120117, 20.4795, 0.0493164, , , , , , , , , , , , , , , , , , , , , , 
0.7881923, 0.0171206, 20.493, -0.6386719, 20.493, -0.640625, 20.493, 0.0727539, 0.7881923, -0.0085603, 20.493, 0.6474609, 20.493, -0.6479492, 20.493, 0.3393555, 0.7881923, -0.0135958, 20.493, 0.2900391, 20.493, -0.7304688, 20.493, -0.4697266, 0.7881923, -0.0050355, 20.493, 0.3525391, 20.493, -0.8837891, 20.493, 0.0175781, , , , , , , , , , , , , , , , , , , , , , 
0.7887115, 0.0099031, 20.5065, -0.7783203, 20.5065, -0.5864258, 20.5065, -0.0058594, 0.7887115, -0.0092317, 20.5065, 0.7158203, 20.5065, -0.6030273, 20.5065, 0.2939453, 0.7887115, -0.0129244, 20.5065, 0.2329102, 20.5065, -0.8432617, 20.5065, -0.3969727, 0.7887115, -0.003357, 20.5065, 0.3408203, 20.5065, -0.9160156, 20.5065, -0.0009766, , , , , , , , , , , , , , , , , , , , , , 
0.7892308, 0.0005035, 20.52, -0.7543945, 20.52, -0.5239258, 20.52, 0.0874023, 0.7892308, -0.0115816, 20.52, 0.6166992, 20.52, -0.5576172, 20.52, 0.2319336, 0.7892308, -0.012253, 20.52, 0.1674805, 20.52, -0.9243164, 20.52, -0.3491211, 0.7892308, 0.0011749, 20.52, 0.3564453, 20.52, -0.8461914, 20.52, 0.0634766, , , , , , , , , , , , , , , , , , , , , , 
0.78975, -0.0048676, 20.5335, -0.6074219, 20.5335, -0.5136719, 20.5335, 0.215332, 0.78975, -0.0132601, 20.5335, 0.5244141, 20.5335, -0.5361328, 20.5335, 0.1616211, 0.78975, -0.0119173, 20.5335, 0.2382812, 20.5335, -0.8554688, 20.5335, -0.3974609, 0.78975, 0.0041962, 20.5335, 0.3237305, 20.5335, -0.7299805, 20.5335, 0.1074219, , , , , , , , , , , , , , , , , , , , , , 
0.7902692, -0.0038605, 20.547, -0.5561523, 20.547, -0.5625, 20.547, 0.2626953, 0.7902692, -0.012253, 20.547, 0.5380859, 20.547, -0.5488281, 20.547, 0.215332, 0.7902692, -0.0125887, 20.547, 0.3598633, 20.547, -0.6972656, 20.547, -0.3852539, 0.7902692, 0.0075532, 20.547, 0.2910156, 20.547, -0.6962891, 20.547, 0.1123047, , , , , , , , , , , , , , , , , , , , , , 
0.7907885, -0.002182, 20.5605, -0.659668, 20.5605, -0.5307617, 20.5605, 0.0849609, 0.7907885, -0.0109102, 20.5605, 0.7329102, 20.5605, -0.5131836, 20.5605, 0.2817383, 0.7907885, -0.012253, 20.5605, 0.3549805, 20.5605, -0.6459961, 20.5605, -0.4067383, 0.7907885, 0.0082246, 20.5605, 0.2416992, 20.5605, -0.7958984, 20.5605, 0.1577148, , , , , , , , , , , , , , , , , , , , , , 
0.7913077, -0.005539, 20.574, -0.777832, 20.574, -0.4853516, 20.574, 0.0351562, 0.7913077, -0.0102388, 20.574, 0.7797852, 20.574, -0.4873047, 20.574, 0.2714844, 0.7913077, -0.0109102, 20.574, 0.3046875, 20.574, -0.7504883, 20.574, -0.4277344, 0.7913077, 0.0112459, 20.574, 0.2216797, 20.574, -0.8481445, 20.574, 0.1538086, , , , , , , , , , , , , , , , , , , , , , 
0.7918269, -0.0045319, 20.5875, -0.7944336, 20.5875, -0.46875, 20.5875, 0.0688477, 0.7918269, -0.0104067, 20.5875, 0.5927734, 20.5875, -0.4863281, 20.5875, 0.215332, 0.7918269, -0.0085603, 20.5875, 0.2338867, 20.5875, -0.8564453, 20.5875, -0.3574219, 0.7918269, 0.0149386, 20.5875, 0.2421875, 20.5875, -0.878418, 20.5875, 0.1118164, , , , , , , , , , , , , , , , , , , , , , 
0.7923462, -0.0035248, 20.601, -0.6728516, 20.601, -0.4550781, 20.601, 0.1279297, 0.7923462, -0.0095674, 20.601, 0.4550781, 20.601, -0.4946289, 20.601, 0.2460938, 0.7923462, -0.0075532, 20.601, 0.1572266, 20.601, -0.8735352, 20.601, -0.3862305, 0.7923462, 0.0206455, 20.601, 0.2719727, 20.601, -0.8476562, 20.601, 0.1152344, , , , , , , , , , , , , , , , , , , , , , 
0.7928654, -0.0058747, 20.6145, -0.6074219, 20.6145, -0.5131836, 20.6145, 0.1264648, 0.7928654, -0.0097353, 20.6145, 0.4814453, 20.6145, -0.5146484, 20.6145, 0.2353516, 0.7928654, -0.0072175, 20.6145, 0.1611328, 20.6145, -0.793457, 20.6145, -0.4023438, 0.7928654, 0.0260166, 20.6145, 0.2548828, 20.6145, -0.8012695, 20.6145, 0.0957031, , , , , , , , , , , , , , , , , , , , , , 
0.7933846, -0.002182, 20.628, -0.6362305, 20.628, -0.5566406, 20.628, 0.1069336, 0.7933846, -0.0095674, 20.628, 0.6020508, 20.628, -0.5507812, 20.628, 0.2255859, 0.7933846, -0.005539, 20.628, 0.1884766, 20.628, -0.7509766, 20.628, -0.3886719, 0.7933846, 0.0283665, 20.628, 0.2446289, 20.628, -0.7651367, 20.628, 0.0864258, , , , , , , , , , , , , , , , , , , , , , 
0.7939038, 0.0072175, 20.6415, -0.6992188, 20.6415, -0.5283203, 20.6415, 0.15625, 0.7939038, -0.008896, 20.6415, 0.715332, 20.6415, -0.519043, 20.6415, 0.2172852, 0.7939038, -0.0062104, 20.6415, 0.2553711, 20.6415, -0.6958008, 20.6415, -0.3950195, 0.7939038, 0.0280308, 20.6415, 0.2436523, 20.6415, -0.7412109, 20.6415, 0.1376953, , , , , , , , , , , , , , , , , , , , , , 
0.7944231, 0.0105745, 20.655, -0.6621094, 20.655, -0.4570312, 20.655, 0.1835938, 0.7944231, -0.0082246, 20.655, 0.6777344, 20.655, -0.4658203, 20.655, 0.1884766, 0.7944231, -0.0070497, 20.655, 0.3139648, 20.655, -0.6728516, 20.655, -0.3710938, 0.7944231, 0.030045, 20.655, 0.2182617, 20.655, -0.7294922, 20.655, 0.1728516, , , , , , , , , , , , , , , , , , , , , , 
0.7949423, 0.0075532, 20.6685, -0.6040039, 20.6685, -0.4013672, 20.6685, 0.1733398, 0.7949423, -0.0078889, 20.6685, 0.605957, 20.6685, -0.4296875, 20.6685, 0.2250977, 0.7949423, -0.0058747, 20.6685, 0.3671875, 20.6685, -0.6689453, 20.6685, -0.3354492, 0.7949423, 0.0320592, 20.6685, 0.1772461, 20.6685, -0.7373047, 20.6685, 0.1533203, , , , , , , , , , , , , , , , , , , , , , 
0.7954615, 0.0068818, 20.682, -0.6318359, 20.682, -0.3554688, 20.682, 0.0898438, 0.7954615, -0.0068818, 20.682, 0.5878906, 20.682, -0.3896484, 20.682, 0.2514648, 0.7954615, -0.0045319, 20.682, 0.3217773, 20.682, -0.7084961, 20.682, -0.3295898, 0.7954615, 0.0307164, 20.682, 0.1547852, 20.682, -0.78125, 20.682, 0.1416016, , , , , , , , , , , , , , , , , , , , , , 
0.7959808, 0.0146029, 20.6955, -0.7250977, 20.6955, -0.3598633, 20.6955, 0.0717773, 0.7959808, -0.0057069, 20.6955, 0.6157227, 20.6955, -0.3740234, 20.6955, 0.2368164, 0.7959808, -0.0057069, 20.6955, 0.2167969, 20.6955, -0.769043, 20.6955, -0.324707, 0.7959808, 0.023331, 20.6955, 0.1835938, 20.6955, -0.7885742, 20.6955, 0.1318359, , , , , , , , , , , , , , , , , , , , , , 
0.7965, 0.0213169, 20.709, -0.7954102, 20.709, -0.4077148, 20.709, 0.1591797, 0.7965, -0.0065461, 20.709, 0.6381836, 20.709, -0.3945312, 20.709, 0.2197266, 0.7965, -0.0065461, 20.709, 0.2104492, 20.709, -0.7749023, 20.709, -0.3378906, 0.7965, 0.0142672, 20.709, 0.2319336, 20.709, -0.7553711, 20.709, 0.1254883, , , , , , , , , , , , , , , , , , , , , , 
0.7970192, 0.0218204, 20.7225, -0.7446289, 20.7225, -0.409668, 20.7225, 0.2016602, 0.7970192, -0.008896, 20.7225, 0.7104492, 20.7225, -0.3984375, 20.7225, 0.2045898, 0.7970192, -0.0048676, 20.7225, 0.2822266, 20.7225, -0.734375, 20.7225, -0.3203125, 0.7970192, 0.008896, 20.7225, 0.2392578, 20.7225, -0.7470703, 20.7225, 0.137207, , , , , , , , , , , , , , , , , , , , , , 
0.7975385, 0.0226596, 20.736, -0.6616211, 20.736, -0.3735352, 20.736, 0.1831055, 0.7975385, -0.0099031, 20.736, 0.7280273, 20.736, -0.3901367, 20.736, 0.2001953, 0.7975385, -0.0028534, 20.736, 0.3540039, 20.736, -0.703125, 20.736, -0.2988281, 0.7975385, 0.0077211, 20.736, 0.199707, 20.736, -0.7485352, 20.736, 0.1606445, , , , , , , , , , , , , , , , , , , , , , 
0.7980577, 0.0240024, 20.7495, -0.6572266, 20.7495, -0.3496094, 20.7495, 0.1762695, 0.7980577, -0.0085603, 20.7495, 0.7314453, 20.7495, -0.3647461, 20.7495, 0.2431641, 0.7980577, -0.0041962, 20.7495, 0.3671875, 20.7495, -0.699707, 20.7495, -0.2973633, 0.7980577, 0.0075532, 20.7495, 0.112793, 20.7495, -0.7568359, 20.7495, 0.1640625, , , , , , , , , , , , , , , , , , , , , , 
0.7985769, 0.023331, 20.763, -0.6865234, 20.763, -0.2827148, 20.763, 0.168457, 0.7985769, -0.0085603, 20.763, 0.7250977, 20.763, -0.3095703, 20.763, 0.2480469, 0.7985769, -0.0072175, 20.763, 0.3339844, 20.763, -0.7246094, 20.763, -0.2915039, 0.7985769, 0.0068818, 20.763, 0.0541992, 20.763, -0.7763672, 20.763, 0.1591797, , , , , , , , , , , , , , , , , , , , , , 
0.7990962, 0.0203098, 20.7765, -0.7431641, 20.7765, -0.2441406, 20.7765, 0.1870117, 0.7990962, -0.0095674, 20.7765, 0.6992188, 20.7765, -0.2426758, 20.7765, 0.21875, 0.7990962, -0.0082246, 20.7765, 0.25, 20.7765, -0.7905273, 20.7765, -0.2875977, 0.7990962, 0.0087282, 20.7765, 0.0639648, 20.7765, -0.8081055, 20.7765, 0.1796875, , , , , , , , , , , , , , , , , , , , , , 
0.7996154, 0.0172885, 20.79, -0.7744141, 20.79, -0.2915039, 20.79, 0.2045898, 0.7996154, -0.008896, 20.79, 0.7314453, 20.79, -0.2475586, 20.79, 0.2436523, 0.7996154, -0.0068818, 20.79, 0.230957, 20.79, -0.8271484, 20.79, -0.2983398, 0.7996154, 0.008896, 20.79, 0.1166992, 20.79, -0.8237305, 20.79, 0.1591797, , , , , , , , , , , , , , , , , , , , , , 
0.8001346, 0.0142672, 20.8035, -0.7583008, 20.8035, -0.3325195, 20.8035, 0.1943359, 0.8001346, -0.0082246, 20.8035, 0.7456055, 20.8035, -0.3061523, 20.8035, 0.2197266, 0.8001346, -0.0068818, 20.8035, 0.2646484, 20.8035, -0.8125, 20.8035, -0.2402344, 0.8001346, 0.0072175, 20.8035, 0.1347656, 20.8035, -0.8085938, 20.8035, 0.1416016, , , , , , , , , , , , , , , , , , , , , , 
0.8006538, 0.0149386, 20.817, -0.7260742, 20.817, -0.2856445, 20.817, 0.1811523, 0.8006538, -0.0078889, 20.817, 0.7124023, 20.817, -0.3105469, 20.817, 0.2329102, 0.8006538, -0.0082246, 20.817, 0.2890625, 20.817, -0.7822266, 20.817, -0.2260742, 0.8006538, 0.0065461, 20.817, 0.0566406, 20.817, -0.7749023, 20.817, 0.1806641, , , , , , , , , , , , , , , , , , , , , , 
0.8011731, 0.0172885, 20.8305, -0.6835938, 20.8305, -0.2519531, 20.8305, 0.2148438, 0.8011731, -0.0068818, 20.8305, 0.7104492, 20.8305, -0.2807617, 20.8305, 0.2260742, 0.8011731, -0.0099031, 20.8305, 0.2954102, 20.8305, -0.7397461, 20.8305, -0.2587891, 0.8011731, 0.0065461, 20.8305, -0.0068359, 20.8305, -0.7382812, 20.8305, 0.1845703, , , , , , , , , , , , , , , , , , , , , , 
0.8016923, 0.0159457, 20.844, -0.668457, 20.844, -0.2563477, 20.844, 0.2045898, 0.8016923, -0.0062104, 20.844, 0.7373047, 20.844, -0.2519531, 20.844, 0.2138672, 0.8016923, -0.0104067, 20.844, 0.3110352, 20.844, -0.6870117, 20.844, -0.2802734, 0.8016923, 0.0048676, 20.844, 0.0356445, 20.844, -0.7436523, 20.844, 0.1811523, , , , , , , , , , , , , , , , , , , , , , 
0.8022115, 0.0132601, 20.8575, -0.71875, 20.8575, -0.2451172, 20.8575, 0.2250977, 0.8022115, -0.0083925, 20.8575, 0.7436523, 20.8575, -0.2329102, 20.8575, 0.2119141, 0.8022115, -0.0112459, 20.8575, 0.3188477, 20.8575, -0.6772461, 20.8575, -0.269043, 0.8022115, 0.0035248, 20.8575, 0.0883789, 20.8575, -0.7895508, 20.8575, 0.1972656, , , , , , , , , , , , , , , , , , , , , , 
0.8027308, 0.0149386, 20.871, -0.7714844, 20.871, -0.2275391, 20.871, 0.2050781, 0.8027308, -0.0092317, 20.871, 0.7436523, 20.871, -0.2143555, 20.871, 0.2075195, 0.8027308, -0.0115816, 20.871, 0.3139648, 20.871, -0.7397461, 20.871, -0.2333984, 0.8027308, 0.0045319, 20.871, 0.0800781, 20.871, -0.8105469, 20.871, 0.2026367, , , , , , , , , , , , , , , , , , , , , , 
0.80325, 0.0191348, 20.8845, -0.7856445, 20.8845, -0.2133789, 20.8845, 0.2060547, 0.80325, -0.0078889, 20.8845, 0.7304688, 20.8845, -0.2329102, 20.8845, 0.2314453, 0.80325, -0.012253, 20.8845, 0.3164062, 20.8845, -0.7851562, 20.8845, -0.2202148, 0.80325, 0.0065461, 20.8845, 0.0102539, 20.8845, -0.8271484, 20.8845, 0.184082, , , , , , , , , , , , , , , , , , , , , , 
0.8037692, 0.0236667, 20.898, -0.7817383, 20.898, -0.2016602, 20.898, 0.2270508, 0.8037692, -0.0068818, 20.898, 0.769043, 20.898, -0.222168, 20.898, 0.2578125, 0.8037692, -0.0130922, 20.898, 0.3081055, 20.898, -0.8632812, 20.898, -0.2167969, 0.8037692, 0.0082246, 20.898, -0.0405273, 20.898, -0.8295898, 20.898, 0.1723633, , , , , , , , , , , , , , , , , , , , , , 
0.8042885, 0.0253452, 20.9115, -0.7387695, 20.9115, -0.1943359, 20.9115, 0.1972656, 0.8042885, -0.0062104, 20.9115, 0.7915039, 20.9115, -0.1835938, 20.9115, 0.2158203, 0.8042885, -0.0115816, 20.9115, 0.2802734, 20.9115, -0.8710938, 20.9115, -0.2104492, 0.8042885, 0.0070497, 20.9115, -0.0141602, 20.9115, -0.8457031, 20.9115, 0.1904297, , , , , , , , , , , , , , , , , , , , , , 
0.8048077, 0.0186313, 20.925, -0.7231445, 20.925, -0.1982422, 20.925, 0.1933594, 0.8048077, -0.0072175, 20.925, 0.7626953, 20.925, -0.1992188, 20.925, 0.2299805, 0.8048077, -0.0083925, 20.925, 0.28125, 20.925, -0.8232422, 20.925, -0.2158203, 0.8048077, 0.0048676, 20.925, 0.0419922, 20.925, -0.8334961, 20.925, 0.1923828, , , , , , , , , , , , , , , , , , , , , , 
0.8053269, 0.0132601, 20.9385, -0.7416992, 20.9385, -0.2084961, 20.9385, 0.2460938, 0.8053269, -0.0078889, 20.9385, 0.7338867, 20.9385, -0.2211914, 20.9385, 0.2338867, 0.8053269, -0.0078889, 20.9385, 0.3388672, 20.9385, -0.7426758, 20.9385, -0.2358398, 0.8053269, -0.0015106, 20.9385, 0.0478516, 20.9385, -0.8081055, 20.9385, 0.1855469, , , , , , , , , , , , , , , , , , , , , , 
0.8058462, 0.0132601, 20.952, -0.7617188, 20.952, -0.2001953, 20.952, 0.2397461, 0.8058462, -0.0082246, 20.952, 0.7368164, 20.952, -0.2275391, 20.952, 0.2573242, 0.8058462, -0.0085603, 20.952, 0.3754883, 20.952, -0.7075195, 20.952, -0.25, 0.8058462, -0.0082246, 20.952, 0, 20.952, -0.8120117, 20.952, 0.2070312, , , , , , , , , , , , , , , , , , , , , , 
0.8063654, 0.0112459, 20.9655, -0.793457, 20.9655, -0.1987305, 20.9655, 0.1977539, 0.8063654, -0.0077211, 20.9655, 0.7749023, 20.9655, -0.1987305, 20.9655, 0.2900391, 0.8063654, -0.0104067, 20.9655, 0.3466797, 20.9655, -0.746582, 20.9655, -0.2431641, 0.8063654, -0.0095674, 20.9655, -0.0283203, 20.9655, -0.8261719, 20.9655, 0.1904297, , , , , , , , , , , , , , , , , , , , , , 
0.8068846, 0.0075532, 20.979, -0.8037109, 20.979, -0.1845703, 20.979, 0.2250977, 0.8068846, -0.0082246, 20.979, 0.8706055, 20.979, -0.1430664, 20.979, 0.2636719, 0.8068846, -0.0112459, 20.979, 0.3134766, 20.979, -0.8110352, 20.979, -0.1796875, 0.8068846, -0.0095674, 20.979, -0.034668, 20.979, -0.8242188, 20.979, 0.1508789, , , , , , , , , , , , , , , , , , , , , , 
0.8074038, 0.0130922, 20.9925, -0.7758789, 20.9925, -0.0913086, 20.9925, 0.2431641, 0.8074038, -0.0092317, 20.9925, 0.8461914, 20.9925, -0.065918, 20.9925, 0.2197266, 0.8074038, -0.0104067, 20.9925, 0.2324219, 20.9925, -0.8642578, 20.9925, -0.1582031, 0.8074038, -0.0125887, 20.9925, -0.0742188, 20.9925, -0.8193359, 20.9925, 0.1699219, , , , , , , , , , , , , , , , , , , , , , 
0.8079231, 0.0198062, 21.006, -0.7084961, 21.006, -0.0371094, 21.006, 0.2729492, 0.8079231, -0.008896, 21.006, 0.7382812, 21.006, -0.0048828, 21.006, 0.2456055, 0.8079231, -0.0109102, 21.006, 0.1992188, 21.006, -0.8740234, 21.006, -0.171875, 0.8079231, -0.0135958, 21.006, -0.1010742, 21.006, -0.8129883, 21.006, 0.2036133, , , , , , , , , , , , , , , , , , , , , , 
0.8084423, 0.0196384, 21.0195, -0.7241211, 21.0195, -0.1176758, 21.0195, 0.2587891, 0.8084423, -0.0083925, 21.0195, 0.7700195, 21.0195, -0.1420898, 21.0195, 0.2231445, 0.8084423, -0.0135958, 21.0195, 0.2646484, 21.0195, -0.8295898, 21.0195, -0.1787109, 0.8084423, -0.011078, 21.0195, -0.0869141, 21.0195, -0.8081055, 21.0195, 0.1958008, , , , , , , , , , , , , , , , , , , , , , 
0.8089615, 0.0169528, 21.033, -0.8115234, 21.033, -0.1821289, 21.033, 0.269043, 0.8089615, -0.008896, 21.033, 0.8457031, 21.033, -0.2402344, 21.033, 0.2504883, 0.8089615, -0.0152743, 21.033, 0.3999023, 21.033, -0.7548828, 21.033, -0.1835938, 0.8089615, -0.0078889, 21.033, -0.0507812, 21.033, -0.8413086, 21.033, 0.2104492, , , , , , , , , , , , , , , , , , , , , , 
0.8094808, 0.0149386, 21.0465, -0.8149414, 21.0465, -0.1347656, 21.0465, 0.2407227, 0.8094808, -0.0105745, 21.0465, 0.8793945, 21.0465, -0.1542969, 21.0465, 0.2490234, 0.8094808, -0.0142672, 21.0465, 0.4458008, 21.0465, -0.7675781, 21.0465, -0.1943359, 0.8094808, -0.0031891, 21.0465, -0.0664062, 21.0465, -0.8935547, 21.0465, 0.2412109, , , , , , , , , , , , , , , , , , , , , , 
0.81, 0.0119173, 21.06, -0.7929688, 21.06, -0.0976562, 21.06, 0.2880859, 0.81, -0.0099031, 21.06, 0.8544922, 21.06, -0.0839844, 21.06, 0.1816406, 0.81, -0.0115816, 21.06, 0.3754883, 21.06, -0.8447266, 21.06, -0.1645508, 0.81, 0.0025177, 21.06, -0.1069336, 21.06, -0.8789062, 21.06, 0.2353516, , , , , , , , , , , , , , , , , , , , , , 
0.8105192, 0.0058747, 21.0735, -0.784668, 21.0735, -0.0922852, 21.0735, 0.3095703, 0.8105192, -0.0097353, 21.0735, 0.7553711, 21.0735, -0.0771484, 21.0735, 0.206543, 0.8105192, -0.0099031, 21.0735, 0.3139648, 21.0735, -0.8686523, 21.0735, -0.1655273, 0.8105192, 0.0099031, 21.0735, -0.1147461, 21.0735, -0.8461914, 21.0735, 0.2216797, , , , , , , , , , , , , , , , , , , , , , 
0.8110385, 0.0038605, 21.087, -0.8022461, 21.087, -0.0864258, 21.087, 0.3227539, 0.8110385, -0.0102388, 21.087, 0.8100586, 21.087, -0.0810547, 21.087, 0.2373047, 0.8110385, -0.0099031, 21.087, 0.3271484, 21.087, -0.8500977, 21.087, -0.1420898, 0.8110385, 0.0157778, 21.087, -0.1098633, 21.087, -0.8466797, 21.087, 0.2265625, , , , , , , , , , , , , , , , , , , , , , 
0.8115577, 0.0045319, 21.1005, -0.8442383, 21.1005, -0.0483398, 21.1005, 0.3300781, 0.8115577, -0.0095674, 21.1005, 0.8979492, 21.1005, -0.0527344, 21.1005, 0.2543945, 0.8115577, -0.0099031, 21.1005, 0.3613281, 21.1005, -0.8432617, 21.1005, -0.1347656, 0.8115577, 0.0198062, 21.1005, -0.15625, 21.1005, -0.8779297, 21.1005, 0.237793, , , , , , , , , , , , , , , , , , , , , , 
0.8120769, 0.0018463, 21.114, -0.8579102, 21.114, -0.0161133, 21.114, 0.3007812, 0.8120769, -0.0075532, 21.114, 0.9414062, 21.114, -0.0322266, 21.114, 0.2739258, 0.8120769, -0.008896, 21.114, 0.3598633, 21.114, -0.8779297, 21.114, -0.1362305, 0.8120769, 0.0270237, 21.114, -0.1884766, 21.114, -0.8999023, 21.114, 0.2319336, , , , , , , , , , , , , , , , , , , , , , 
0.8125962, -0.0001678, 21.1275, -0.8432617, 21.1275, 0.0126953, 21.1275, 0.296875, 0.8125962, -0.0068818, 21.1275, 0.9433594, 21.1275, 0.0073242, 21.1275, 0.2504883, 0.8125962, -0.0072175, 21.1275, 0.3417969, 21.1275, -0.90625, 21.1275, -0.1210938, 0.8125962, 0.0354162, 21.1275, -0.1743164, 21.1275, -0.9042969, 21.1275, 0.1967773, , , , , , , , , , , , , , , , , , , , , , 
0.8131154, 0.0008392, 21.141, -0.8413086, 21.141, 0.0288086, 21.141, 0.3076172, 0.8131154, -0.0062104, 21.141, 0.9165039, 21.141, 0.0292969, 21.141, 0.2768555, 0.8131154, -0.0075532, 21.141, 0.3261719, 21.141, -0.9204102, 21.141, -0.1054688, 0.8131154, 0.0412909, 21.141, -0.1660156, 21.141, -0.9121094, 21.141, 0.190918, , , , , , , , , , , , , , , , , , , , , , 
0.8136346, -0.0001678, 21.1545, -0.8837891, 21.1545, 0.027832, 21.1545, 0.340332, 0.8136346, -0.0075532, 21.1545, 0.8867188, 21.1545, 0.0327148, 21.1545, 0.2553711, 0.8136346, -0.0077211, 21.1545, 0.3139648, 21.1545, -0.934082, 21.1545, -0.0805664, 0.8136346, 0.0421302, 21.1545, -0.1987305, 21.1545, -0.9121094, 21.1545, 0.1992188, , , , , , , , , , , , , , , , , , , , , , 
0.8141538, -0.0035248, 21.168, -0.8745117, 21.168, 0.034668, 21.168, 0.3330078, 0.8141538, -0.008896, 21.168, 0.9038086, 21.168, 0.050293, 21.168, 0.2514648, 0.8141538, -0.0063783, 21.168, 0.3457031, 21.168, -0.918457, 21.168, -0.0883789, 0.8141538, 0.0407874, 21.168, -0.2148438, 21.168, -0.90625, 21.168, 0.1992188, , , , , , , , , , , , , , , , , , , , , , 
0.8146731, -0.0023499, 21.1815, -0.824707, 21.1815, 0.074707, 21.1815, 0.3476562, 0.8146731, -0.0083925, 21.1815, 0.9418945, 21.1815, 0.078125, 21.1815, 0.2373047, 0.8146731, -0.005539, 21.1815, 0.3691406, 21.1815, -0.8950195, 21.1815, -0.0883789, 0.8146731, 0.0419623, 21.1815, -0.2226562, 21.1815, -0.8959961, 21.1815, 0.2050781, , , , , , , , , , , , , , , , , , , , , , 
0.8151923, 0.0068818, 21.195, -0.8125, 21.195, 0.0942383, 21.195, 0.3818359, 0.8151923, -0.0075532, 21.195, 0.9516602, 21.195, 0.0966797, 21.195, 0.2319336, 0.8151923, -0.0048676, 21.195, 0.3530273, 21.195, -0.8955078, 21.195, -0.081543, 0.8151923, 0.0407874, 21.195, -0.2177734, 21.195, -0.8999023, 21.195, 0.2207031, , , , , , , , , , , , , , , , , , , , , , 
0.8157115, 0.0213169, 21.2085, -0.828125, 21.2085, 0.1171875, 21.2085, 0.347168, 0.8157115, -0.0092317, 21.2085, 0.9545898, 21.2085, 0.1152344, 21.2085, 0.2094727, 0.8157115, -0.0048676, 21.2085, 0.3710938, 21.2085, -0.9165039, 21.2085, -0.0585938, 0.8157115, 0.0360876, 21.2085, -0.2338867, 21.2085, -0.8891602, 21.2085, 0.2006836, , , , , , , , , , , , , , , , , , , , , , 
0.8162308, 0.0271916, 21.222, -0.8203125, 21.222, 0.1171875, 21.222, 0.3549805, 0.8162308, -0.0097353, 21.222, 0.9072266, 21.222, 0.1411133, 21.222, 0.2060547, 0.8162308, -0.0052033, 21.222, 0.3330078, 21.222, -0.9335938, 21.222, -0.0317383, 0.8162308, 0.030045, 21.222, -0.2675781, 21.222, -0.894043, 21.222, 0.2138672, , , , , , , , , , , , , , , , , , , , , , 
0.81675, 0.026688, 21.2355, -0.8066406, 21.2355, 0.1245117, 21.2355, 0.3847656, 0.81675, -0.0078889, 21.2355, 0.8808594, 21.2355, 0.1508789, 21.2355, 0.1875, 0.81675, -0.0062104, 21.2355, 0.3530273, 21.2355, -0.9321289, 21.2355, -0.043457, 0.81675, 0.023331, 21.2355, -0.2861328, 21.2355, -0.9042969, 21.2355, 0.21875, , , , , , , , , , , , , , , , , , , , , , 
0.8172692, 0.0305486, 21.249, -0.8203125, 21.249, 0.1274414, 21.249, 0.4033203, 0.8172692, -0.0058747, 21.249, 0.8857422, 21.249, 0.1591797, 21.249, 0.1918945, 0.8172692, -0.0048676, 21.249, 0.3720703, 21.249, -0.9223633, 21.249, -0.050293, 0.8172692, 0.0209812, 21.249, -0.2705078, 21.249, -0.9130859, 21.249, 0.2226562, , , , , , , , , , , , , , , , , , , , , , 
0.8177885, 0.036759, 21.2625, -0.8457031, 21.2625, 0.1391602, 21.2625, 0.4067383, 0.8177885, -0.0063783, 21.2625, 0.96875, 21.2625, 0.128418, 21.2625, 0.1958008, 0.8177885, -0.0041962, 21.2625, 0.4199219, 21.2625, -0.9213867, 21.2625, -0.0332031, 0.8177885, 0.0208133, 21.2625, -0.2543945, 21.2625, -0.9204102, 21.2625, 0.2294922, , , , , , , , , , , , , , , , , , , , , , 
0.8183077, 0.0360876, 21.276, -0.8417969, 21.276, 0.1557617, 21.276, 0.3623047, 0.8183077, -0.0072175, 21.276, 0.9785156, 21.276, 0.1269531, 21.276, 0.215332, 0.8183077, -0.0041962, 21.276, 0.4306641, 21.276, -0.9296875, 21.276, -0.0454102, 0.8183077, 0.0223239, 21.276, -0.2880859, 21.276, -0.9301758, 21.276, 0.2514648, , , , , , , , , , , , , , , , , , , , , , 
0.8188269, 0.0307164, 21.2895, -0.8291016, 21.2895, 0.144043, 21.2895, 0.3740234, 0.8188269, -0.0068818, 21.2895, 0.918457, 21.2895, 0.1542969, 21.2895, 0.2236328, 0.8188269, -0.0041962, 21.2895, 0.3867188, 21.2895, -0.9443359, 21.2895, -0.0375977, 0.8188269, 0.0236667, 21.2895, -0.3129883, 21.2895, -0.902832, 21.2895, 0.215332, , , , , , , , , , , , , , , , , , , , , , 
0.8193462, 0.0260166, 21.303, -0.8203125, 21.303, 0.2001953, 21.303, 0.3710938, 0.8193462, -0.0065461, 21.303, 0.9335938, 21.303, 0.2514648, 21.303, 0.2055664, 0.8193462, -0.0068818, 21.303, 0.3432617, 21.303, -0.9321289, 21.303, 0.0039062, 0.8193462, 0.0226596, 21.303, -0.347168, 21.303, -0.8911133, 21.303, 0.2290039, , , , , , , , , , , , , , , , , , , , , , 
0.8198654, 0.0246738, 21.3165, -0.7949219, 21.3165, 0.2382812, 21.3165, 0.3920898, 0.8198654, -0.0058747, 21.3165, 0.9345703, 21.3165, 0.2387695, 21.3165, 0.1962891, 0.8198654, -0.0102388, 21.3165, 0.3032227, 21.3165, -0.9394531, 21.3165, 0.0053711, 0.8198654, 0.0209812, 21.3165, -0.3554688, 21.3165, -0.8828125, 21.3165, 0.234375, , , , , , , , , , , , , , , , , , , , , , 
0.8203846, 0.0258488, 21.33, -0.7836914, 21.33, 0.2167969, 21.33, 0.4160156, 0.8203846, -0.0058747, 21.33, 0.9614258, 21.33, 0.1806641, 21.33, 0.175293, 0.8203846, -0.0129244, 21.33, 0.3642578, 21.33, -0.9287109, 21.33, -0.019043, 0.8203846, 0.0206455, 21.33, -0.3544922, 21.33, -0.8867188, 21.33, 0.2148438, , , , , , , , , , , , , , , , , , , , , , 
0.8209038, 0.0273594, 21.3435, -0.8032227, 21.3435, 0.2104492, 21.3435, 0.3950195, 0.8209038, -0.005539, 21.3435, 0.9213867, 21.3435, 0.2402344, 21.3435, 0.1347656, 0.8209038, -0.0135958, 21.3435, 0.4165039, 21.3435, -0.9375, 21.3435, -0.0126953, 0.8209038, 0.017792, 21.3435, -0.3325195, 21.3435, -0.9316406, 21.3435, 0.2299805, , , , , , , , , , , , , , , , , , , , , , 
0.8214231, 0.0229953, 21.357, -0.8232422, 21.357, 0.2055664, 21.357, 0.3935547, 0.8214231, -0.0058747, 21.357, 0.8886719, 21.357, 0.2636719, 21.357, 0.1767578, 0.8214231, -0.012253, 21.357, 0.4145508, 21.357, -0.9663086, 21.357, 0.0068359, 0.8214231, 0.0169528, 21.357, -0.3154297, 21.357, -0.9511719, 21.357, 0.2431641, , , , , , , , , , , , , , , , , , , , , , 
0.8219423, 0.0171206, 21.3705, -0.8364258, 21.3705, 0.2338867, 21.3705, 0.3706055, 0.8219423, -0.0068818, 21.3705, 0.8706055, 21.3705, 0.2675781, 21.3705, 0.1914062, 0.8219423, -0.0112459, 21.3705, 0.4023438, 21.3705, -0.953125, 21.3705, 0.0058594, 0.8219423, 0.0196384, 21.3705, -0.3193359, 21.3705, -0.9111328, 21.3705, 0.2270508, , , , , , , , , , , , , , , , , , , , , , 
0.8224615, 0.0125887, 21.384, -0.7973633, 21.384, 0.2402344, 21.384, 0.3525391, 0.8224615, -0.0078889, 21.384, 0.8925781, 21.384, 0.2280273, 21.384, 0.1801758, 0.8224615, -0.0102388, 21.384, 0.409668, 21.384, -0.9228516, 21.384, 0.0141602, 0.8224615, 0.0213169, 21.384, -0.340332, 21.384, -0.8891602, 21.384, 0.2319336, , , , , , , , , , , , , , , , , , , , , , 
0.8229808, 0.0102388, 21.3975, -0.7807617, 21.3975, 0.2041016, 21.3975, 0.3657227, 0.8229808, -0.008896, 21.3975, 0.8974609, 21.3975, 0.2124023, 21.3975, 0.2163086, 0.8229808, -0.008896, 21.3975, 0.418457, 21.3975, -0.9072266, 21.3975, 0.0161133, 0.8229808, 0.0206455, 21.3975, -0.3510742, 21.3975, -0.8828125, 21.3975, 0.215332, , , , , , , , , , , , , , , , , , , , , , 
0.8235, 0.0075532, 21.411, -0.7802734, 21.411, 0.2172852, 21.411, 0.3686523, 0.8235, -0.0092317, 21.411, 0.8818359, 21.411, 0.2587891, 21.411, 0.175293, 0.8235, -0.0095674, 21.411, 0.3701172, 21.411, -0.8950195, 21.411, -0.0004883, 0.8235, 0.0166171, 21.411, -0.3530273, 21.411, -0.8881836, 21.411, 0.2211914, , , , , , , , , , , , , , , , , , , , , , 
0.8240192, 0.0045319, 21.4245, -0.7885742, 21.4245, 0.2338867, 21.4245, 0.3623047, 0.8240192, -0.0085603, 21.4245, 0.8881836, 21.4245, 0.2763672, 21.4245, 0.2246094, 0.8240192, -0.0085603, 21.4245, 0.3300781, 21.4245, -0.9033203, 21.4245, -0.0102539, 0.8240192, 0.0139315, 21.4245, -0.359375, 21.4245, -0.8852539, 21.4245, 0.2026367, , , , , , , , , , , , , , , , , , , , , , 
0.8245385, 0.0028534, 21.438, -0.8115234, 21.438, 0.2705078, 21.438, 0.3588867, 0.8245385, -0.008896, 21.438, 0.8881836, 21.438, 0.2832031, 21.438, 0.1982422, 0.8245385, -0.0075532, 21.438, 0.3286133, 21.438, -0.9458008, 21.438, 0.0605469, 0.8245385, 0.0129244, 21.438, -0.3823242, 21.438, -0.8867188, 21.438, 0.1850586, , , , , , , , , , , , , , , , , , , , , , 
0.8250577, 0.0065461, 21.4515, -0.7744141, 21.4515, 0.3095703, 21.4515, 0.3432617, 0.8250577, -0.008896, 21.4515, 0.9023438, 21.4515, 0.2963867, 21.4515, 0.2255859, 0.8250577, -0.0092317, 21.4515, 0.3374023, 21.4515, -0.9677734, 21.4515, 0.0683594, 0.8250577, 0.0099031, 21.4515, -0.4204102, 21.4515, -0.8886719, 21.4515, 0.2236328, , , , , , , , , , , , , , , , , , , , , , 
0.8255769, 0.0115816, 21.465, -0.7431641, 21.465, 0.2670898, 21.465, 0.3598633, 0.8255769, -0.0063783, 21.465, 0.855957, 21.465, 0.2514648, 21.465, 0.1757812, 0.8255769, -0.0095674, 21.465, 0.3408203, 21.465, -0.9121094, 21.465, -0.0297852, 0.8255769, 0.0030213, 21.465, -0.4267578, 21.465, -0.8842773, 21.465, 0.2397461, , , , , , , , , , , , , , , , , , , , , , 
0.8260962, 0.0172885, 21.4785, -0.7353516, 21.4785, 0.1904297, 21.4785, 0.3725586, 0.8260962, -0.0048676, 21.4785, 0.8554688, 21.4785, 0.2299805, 21.4785, 0.1694336, 0.8260962, -0.0090639, 21.4785, 0.3847656, 21.4785, -0.8481445, 21.4785, -0.0205078, 0.8260962, -0.0025177, 21.4785, -0.371582, 21.4785, -0.8818359, 21.4785, 0.2285156, , , , , , , , , , , , , , , , , , , , , , 
0.8266154, 0.0250095, 21.492, -0.7836914, 21.492, 0.1826172, 21.492, 0.3662109, 0.8266154, -0.0052033, 21.492, 0.8813477, 21.492, 0.2270508, 21.492, 0.1450195, 0.8266154, -0.0087282, 21.492, 0.4086914, 21.492, -0.8852539, 21.492, 0.0302734, 0.8266154, -0.0038605, 21.492, -0.3217773, 21.492, -0.9042969, 21.492, 0.2231445, , , , , , , , , , , , , , , , , , , , , , 
0.8271346, 0.0280308, 21.5055, -0.8022461, 21.5055, 0.2416992, 21.5055, 0.3535156, 0.8271346, -0.005539, 21.5055, 0.859375, 21.5055, 0.2646484, 21.5055, 0.1679688, 0.8271346, -0.0082246, 21.5055, 0.3930664, 21.5055, -0.9389648, 21.5055, 0.0439453, 0.8271346, -0.0045319, 21.5055, -0.3564453, 21.5055, -0.9077148, 21.5055, 0.21875, , , , , , , , , , , , , , , , , , , , , , 
0.8276538, 0.0263523, 21.519, -0.762207, 21.519, 0.2792969, 21.519, 0.362793, 0.8276538, -0.0062104, 21.519, 0.824707, 21.519, 0.2900391, 21.519, 0.1713867, 0.8276538, -0.0095674, 21.519, 0.3691406, 21.519, -0.9316406, 21.519, 0.0429688, 0.8276538, -0.0072175, 21.519, -0.3881836, 21.519, -0.8852539, 21.519, 0.2119141, , , , , , , , , , , , , , , , , , , , , , 
0.8281731, 0.0265202, 21.5325, -0.6977539, 21.5325, 0.277832, 21.5325, 0.3916016, 0.8281731, -0.0068818, 21.5325, 0.8344727, 21.5325, 0.3125, 21.5325, 0.140625, 0.8281731, -0.0109102, 21.5325, 0.3686523, 21.5325, -0.9101562, 21.5325, 0.0341797, 0.8281731, -0.012253, 21.5325, -0.3857422, 21.5325, -0.887207, 21.5325, 0.2114258, , , , , , , , , , , , , , , , , , , , , , 
0.8286923, 0.0310521, 21.546, -0.6923828, 21.546, 0.2900391, 21.546, 0.3945312, 0.8286923, -0.0070497, 21.546, 0.8881836, 21.546, 0.3300781, 21.546, 0.1523438, 0.8286923, -0.0097353, 21.546, 0.3666992, 21.546, -0.8823242, 21.546, 0.0380859, 0.8286923, -0.0129244, 21.546, -0.3842773, 21.546, -0.8740234, 21.546, 0.2026367, , , , , , , , , , , , , , , , , , , , , , 
0.8292115, 0.0298772, 21.5595, -0.7285156, 21.5595, 0.2988281, 21.5595, 0.3779297, 0.8292115, -0.0063783, 21.5595, 0.9106445, 21.5595, 0.3251953, 21.5595, 0.1445312, 0.8292115, -0.0082246, 21.5595, 0.3608398, 21.5595, -0.8847656, 21.5595, 0.0722656, 0.8292115, -0.0077211, 21.5595, -0.40625, 21.5595, -0.847168, 21.5595, 0.1894531, , , , , , , , , , , , , , , , , , , , , , 
0.8297308, 0.0169528, 21.573, -0.7460938, 21.573, 0.3251953, 21.573, 0.3706055, 0.8297308, -0.0065461, 21.573, 0.8256836, 21.573, 0.3618164, 21.573, 0.1757812, 0.8297308, -0.0077211, 21.573, 0.3642578, 21.573, -0.9140625, 21.573, 0.09375, 0.8297308, -0.0010071, 21.573, -0.4360352, 21.573, -0.8486328, 21.573, 0.1884766, , , , , , , , , , , , , , , , , , , , , , 
0.83025, 0.0052033, 21.5865, -0.7543945, 21.5865, 0.3334961, 21.5865, 0.371582, 0.83025, -0.0075532, 21.5865, 0.8295898, 21.5865, 0.3803711, 21.5865, 0.1474609, 0.83025, -0.0080568, 21.5865, 0.3330078, 21.5865, -0.9243164, 21.5865, 0.0859375, 0.83025, 0.0025177, 21.5865, -0.425293, 21.5865, -0.862793, 21.5865, 0.1875, , , , , , , , , , , , , , , , , , , , , , 
0.8307692, 0.0065461, 21.6, -0.7666016, 21.6, 0.3364258, 21.6, 0.3891602, 0.8307692, -0.0075532, 21.6, 0.8520508, 21.6, 0.375, 21.6, 0.1630859, 0.8307692, -0.008896, 21.6, 0.3564453, 21.6, -0.9277344, 21.6, 0.0893555, 0.8307692, 0.0052033, 21.6, -0.4116211, 21.6, -0.878418, 21.6, 0.1904297, , , , , , , , , , , , , , , , , , , , , , 
0.8312885, 0.0065461, 21.6135, -0.769043, 21.6135, 0.3212891, 21.6135, 0.4116211, 0.8312885, -0.0072175, 21.6135, 0.9174805, 21.6135, 0.3525391, 21.6135, 0.1669922, 0.8312885, -0.0085603, 21.6135, 0.3818359, 21.6135, -0.9272461, 21.6135, 0.0932617, 0.8312885, 0.0085603, 21.6135, -0.4155273, 21.6135, -0.875, 21.6135, 0.1953125, , , , , , , , , , , , , , , , , , , , , , 
0.8318077, -0.0068818, 21.627, -0.7431641, 21.627, 0.3310547, 21.627, 0.409668, 0.8318077, -0.005539, 21.627, 0.9023438, 21.627, 0.3520508, 21.627, 0.1723633, 0.8318077, -0.008896, 21.627, 0.3911133, 21.627, -0.9189453, 21.627, 0.0957031, 0.8318077, 0.0119173, 21.627, -0.4282227, 21.627, -0.8598633, 21.627, 0.2084961, , , , , , , , , , , , , , , , , , , , , , 
0.8323269, -0.01561, 21.6405, -0.7260742, 21.6405, 0.3613281, 21.6405, 0.4082031, 0.8323269, -0.0058747, 21.6405, 0.887207, 21.6405, 0.3803711, 21.6405, 0.1513672, 0.8323269, -0.0095674, 21.6405, 0.387207, 21.6405, -0.925293, 21.6405, 0.0869141, 0.8323269, 0.0169528, 21.6405, -0.449707, 21.6405, -0.8623047, 21.6405, 0.2143555, , , , , , , , , , , , , , , , , , , , , , 
0.8328462, -0.0119173, 21.654, -0.7666016, 21.654, 0.3530273, 21.654, 0.4155273, 0.8328462, -0.0085603, 21.654, 0.9072266, 21.654, 0.3676758, 21.654, 0.1435547, 0.8328462, -0.0082246, 21.654, 0.387207, 21.654, -0.9248047, 21.654, 0.0888672, 0.8328462, 0.0229953, 21.654, -0.4536133, 21.654, -0.8808594, 21.654, 0.2250977, , , , , , , , , , , , , , , , , , , , , , 
0.8333654, -0.0048676, 21.6675, -0.7924805, 21.6675, 0.3139648, 21.6675, 0.425293, 0.8333654, -0.0099031, 21.6675, 0.8916016, 21.6675, 0.3466797, 21.6675, 0.1420898, 0.8333654, -0.0068818, 21.6675, 0.3867188, 21.6675, -0.9360352, 21.6675, 0.1181641, 0.8333654, 0.030045, 21.6675, -0.449707, 21.6675, -0.8916016, 21.6675, 0.2246094, , , , , , , , , , , , , , , , , , , , , , 
0.8338846, -0.0035248, 21.681, -0.7841797, 21.681, 0.3032227, 21.681, 0.4379883, 0.8338846, -0.0102388, 21.681, 0.8925781, 21.681, 0.34375, 21.681, 0.1459961, 0.8338846, -0.0045319, 21.681, 0.4057617, 21.681, -0.9541016, 21.681, 0.1259766, 0.8338846, 0.0350805, 21.681, -0.4506836, 21.681, -0.8994141, 21.681, 0.2119141, , , , , , , , , , , , , , , , , , , , , , 
0.8344038, -0.0058747, 21.6945, -0.7470703, 21.6945, 0.3266602, 21.6945, 0.4223633, 0.8344038, -0.008896, 21.6945, 0.9306641, 21.6945, 0.3549805, 21.6945, 0.1391602, 0.8344038, -0.0028534, 21.6945, 0.409668, 21.6945, -0.934082, 21.6945, 0.0991211, 0.8344038, 0.0364233, 21.6945, -0.4545898, 21.6945, -0.8876953, 21.6945, 0.2128906, , , , , , , , , , , , , , , , , , , , , , 
0.8349231, -0.0102388, 21.708, -0.7158203, 21.708, 0.3378906, 21.708, 0.4326172, 0.8349231, -0.0083925, 21.708, 0.9111328, 21.708, 0.3642578, 21.708, 0.1430664, 0.8349231, -0.002182, 21.708, 0.3754883, 21.708, -0.9086914, 21.708, 0.0961914, 0.8349231, 0.0359197, 21.708, -0.4555664, 21.708, -0.8686523, 21.708, 0.2197266, , , , , , , , , , , , , , , , , , , , , , 
0.8354423, -0.014435, 21.7215, -0.734375, 21.7215, 0.3261719, 21.7215, 0.421875, 0.8354423, -0.008896, 21.7215, 0.8867188, 21.7215, 0.3637695, 21.7215, 0.1352539, 0.8354423, -0.0011749, 21.7215, 0.3730469, 21.7215, -0.9013672, 21.7215, 0.0976562, 0.8354423, 0.0360876, 21.7215, -0.4521484, 21.7215, -0.8530273, 21.7215, 0.2089844, , , , , , , , , , , , , , , , , , , , , , 
0.8359615, -0.012253, 21.735, -0.7597656, 21.735, 0.3061523, 21.735, 0.4150391, 0.8359615, -0.0082246, 21.735, 0.9013672, 21.735, 0.3574219, 21.735, 0.1416016, 0.8359615, -0.0001678, 21.735, 0.3798828, 21.735, -0.9135742, 21.735, 0.1069336, 0.8359615, 0.0330663, 21.735, -0.4453125, 21.735, -0.8520508, 21.735, 0.2016602, , , , , , , , , , , , , , , , , , , , , , 
0.8364808, -0.0045319, 21.7485, -0.7607422, 21.7485, 0.2949219, 21.7485, 0.4116211, 0.8364808, -0.0075532, 21.7485, 0.8857422, 21.7485, 0.3500977, 21.7485, 0.1386719, 0.8364808, -0.0018463, 21.7485, 0.3662109, 21.7485, -0.9165039, 21.7485, 0.1176758, 0.8364808, 0.0290379, 21.7485, -0.4316406, 21.7485, -0.859375, 21.7485, 0.1953125, , , , , , , , , , , , , , , , , , , , , , 
0.837, 0.0031891, 21.762, -0.7451172, 21.762, 0.2988281, 21.762, 0.4047852, 0.837, -0.0092317, 21.762, 0.8652344, 21.762, 0.3500977, 21.762, 0.1625977, 0.837, -0.0057069, 21.762, 0.3608398, 21.762, -0.9008789, 21.762, 0.1010742, 0.837, 0.0240024, 21.762, -0.4257812, 21.762, -0.8603516, 21.762, 0.1987305, , , , , , , , , , , , , , , , , , , , , , 
0.8375192, 0.0092317, 21.7755, -0.737793, 21.7755, 0.328125, 21.7755, 0.4067383, 0.8375192, -0.0099031, 21.7755, 0.8920898, 21.7755, 0.3515625, 21.7755, 0.1655273, 0.8375192, -0.0095674, 21.7755, 0.3837891, 21.7755, -0.8955078, 21.7755, 0.0917969, 0.8375192, 0.018967, 21.7755, -0.4189453, 21.7755, -0.8588867, 21.7755, 0.199707, , , , , , , , , , , , , , , , , , , , , , 
0.8380385, 0.01561, 21.789, -0.7436523, 21.789, 0.3237305, 21.789, 0.4140625, 0.8380385, -0.0075532, 21.789, 0.9311523, 21.789, 0.34375, 21.789, 0.1601562, 0.8380385, -0.0085603, 21.789, 0.3891602, 21.789, -0.902832, 21.789, 0.0976562, 0.8380385, 0.0152743, 21.789, -0.421875, 21.789, -0.8574219, 21.789, 0.2041016, , , , , , , , , , , , , , , , , , , , , , 
0.8385577, 0.0229953, 21.8025, -0.7675781, 21.8025, 0.3051758, 21.8025, 0.4047852, 0.8385577, -0.0045319, 21.8025, 0.9140625, 21.8025, 0.3613281, 21.8025, 0.1494141, 0.8385577, -0.0070497, 21.8025, 0.3857422, 21.8025, -0.9267578, 21.8025, 0.1074219, 0.8385577, 0.0132601, 21.8025, -0.4365234, 21.8025, -0.8544922, 21.8025, 0.1914062, , , , , , , , , , , , , , , , , , , , , , 
0.8390769, 0.0276951, 21.816, -0.7817383, 21.816, 0.3110352, 21.816, 0.3969727, 0.8390769, -0.0045319, 21.816, 0.8447266, 21.816, 0.3935547, 21.816, 0.1958008, 0.8390769, -0.0065461, 21.816, 0.3579102, 21.816, -0.9228516, 21.816, 0.1147461, 0.8390769, 0.0132601, 21.816, -0.4384766, 21.816, -0.8496094, 21.816, 0.1933594, , , , , , , , , , , , , , , , , , , , , , 
0.8395962, 0.0283665, 21.8295, -0.7924805, 21.8295, 0.3037109, 21.8295, 0.4033203, 0.8395962, -0.0075532, 21.8295, 0.8608398, 21.8295, 0.3369141, 21.8295, 0.1489258, 0.8395962, -0.008896, 21.8295, 0.3339844, 21.8295, -0.8886719, 21.8295, 0.1098633, 0.8395962, 0.0159457, 21.8295, -0.4331055, 21.8295, -0.8217773, 21.8295, 0.1972656, , , , , , , , , , , , , , , , , , , , , , 
0.8401154, 0.026688, 21.843, -0.7436523, 21.843, 0.378418, 21.843, 0.4414062, 0.8401154, -0.008896, 21.843, 0.9018555, 21.843, 0.3847656, 21.843, 0.1367188, 0.8401154, -0.0092317, 21.843, 0.3779297, 21.843, -0.8793945, 21.843, 0.1430664, 0.8401154, 0.0159457, 21.843, -0.4394531, 21.843, -0.8139648, 21.843, 0.1723633, , , , , , , , , , , , , , , , , , , , , , 
0.8406346, 0.0273594, 21.8565, -0.6704102, 21.8565, 0.434082, 21.8565, 0.4194336, 0.8406346, -0.0090639, 21.8565, 0.9375, 21.8565, 0.4536133, 21.8565, 0.1845703, 0.8406346, -0.0078889, 21.8565, 0.3901367, 21.8565, -0.9375, 21.8565, 0.1293945, 0.8406346, 0.0117494, 21.8565, -0.4750977, 21.8565, -0.8549805, 21.8565, 0.2226562, , , , , , , , , , , , , , , , , , , , , , 
0.8411538, 0.0293736, 21.87, -0.7026367, 21.87, 0.3344727, 21.87, 0.4453125, 0.8411538, -0.008896, 21.87, 0.9277344, 21.87, 0.3579102, 21.87, 0.1206055, 0.8411538, -0.0062104, 21.87, 0.4038086, 21.87, -0.9428711, 21.87, 0.1054688, 0.8411538, 0.0087282, 21.87, -0.4692383, 21.87, -0.8759766, 21.87, 0.2231445, , , , , , , , , , , , , , , , , , , , , , 
0.8416731, 0.026688, 21.8835, -0.7900391, 21.8835, 0.2436523, 21.8835, 0.4462891, 0.8416731, -0.0078889, 21.8835, 0.9160156, 21.8835, 0.293457, 21.8835, 0.1469727, 0.8416731, -0.005539, 21.8835, 0.4306641, 21.8835, -0.9233398, 21.8835, 0.0922852, 0.8416731, 0.0072175, 21.8835, -0.4228516, 21.8835, -0.9067383, 21.8835, 0.2319336, , , , , , , , , , , , , , , , , , , , , , 
0.8421923, 0.0199741, 21.897, -0.7929688, 21.897, 0.2744141, 21.897, 0.4428711, 0.8421923, -0.0075532, 21.897, 0.8881836, 21.897, 0.3310547, 21.897, 0.0888672, 0.8421923, -0.0057069, 21.897, 0.4360352, 21.897, -0.9238281, 21.897, 0.1201172, 0.8421923, 0.0063783, 21.897, -0.4130859, 21.897, -0.9038086, 21.897, 0.2363281, , , , , , , , , , , , , , , , , , , , , , 
0.8427115, 0.0139315, 21.9105, -0.7319336, 21.9105, 0.3232422, 21.9105, 0.4492188, 0.8427115, -0.0082246, 21.9105, 0.8833008, 21.9105, 0.3876953, 21.9105, 0.0683594, 0.8427115, -0.0068818, 21.9105, 0.3925781, 21.9105, -0.9423828, 21.9105, 0.1386719, 0.8427115, 0.0057069, 21.9105, -0.4663086, 21.9105, -0.8588867, 21.9105, 0.2226562, , , , , , , , , , , , , , , , , , , , , , 
0.8432308, 0.0137636, 21.924, -0.7060547, 21.924, 0.3334961, 21.924, 0.4433594, 0.8432308, -0.0087282, 21.924, 0.859375, 21.924, 0.3676758, 21.924, 0.0795898, 0.8432308, -0.0072175, 21.924, 0.3754883, 21.924, -0.9384766, 21.924, 0.1279297, 0.8432308, 0.0045319, 21.924, -0.4936523, 21.924, -0.8442383, 21.924, 0.2236328, , , , , , , , , , , , , , , , , , , , , , 
0.84375, 0.0146029, 21.9375, -0.6557617, 21.9375, 0.2958984, 21.9375, 0.4458008, 0.84375, -0.0104067, 21.9375, 0.8583984, 21.9375, 0.309082, 21.9375, 0.1186523, 0.84375, -0.0078889, 21.9375, 0.3764648, 21.9375, -0.8969727, 21.9375, 0.1040039, 0.84375, 0.0028534, 21.9375, -0.4990234, 21.9375, -0.84375, 21.9375, 0.2329102, , , , , , , , , , , , , , , , , , , , , , 
0.8442692, 0.0135958, 21.951, -0.7060547, 21.951, 0.2626953, 21.951, 0.4277344, 0.8442692, -0.012253, 21.951, 0.9267578, 21.951, 0.2871094, 21.951, 0.1489258, 0.8442692, -0.0095674, 21.951, 0.3964844, 21.951, -0.8525391, 21.951, 0.09375, 0.8442692, 0.0015106, 21.951, -0.4438477, 21.951, -0.8540039, 21.951, 0.2329102, , , , , , , , , , , , , , , , , , , , , , 
0.8447885, 0.012253, 21.9645, -0.7788086, 21.9645, 0.2724609, 21.9645, 0.3896484, 0.8447885, -0.0115816, 21.9645, 0.9238281, 21.9645, 0.2954102, 21.9645, 0.1391602, 0.8447885, -0.0083925, 21.9645, 0.3803711, 21.9645, -0.8754883, 21.9645, 0.0932617, 0.8447885, -0.0001678, 21.9645, -0.4243164, 21.9645, -0.8530273, 21.9645, 0.2294922, , , , , , , , , , , , , , , , , , , , , , 
0.8453077, 0.0078889, 21.978, -0.8017578, 21.978, 0.2666016, 21.978, 0.3911133, 0.8453077, -0.0109102, 21.978, 0.8867188, 21.978, 0.3115234, 21.978, 0.2011719, 0.8453077, -0.0062104, 21.978, 0.3769531, 21.978, -0.9077148, 21.978, 0.0922852, 0.8453077, -0.0028534, 21.978, -0.4233398, 21.978, -0.8369141, 21.978, 0.1967773, , , , , , , , , , , , , , , , , , , , , , 
0.8458269, 0.0057069, 21.9915, -0.7875977, 21.9915, 0.277832, 21.9915, 0.3842773, 0.8458269, -0.0102388, 21.9915, 0.859375, 21.9915, 0.3369141, 21.9915, 0.2041016, 0.8458269, -0.0082246, 21.9915, 0.3579102, 21.9915, -0.9130859, 21.9915, 0.0820312, 0.8458269, -0.0078889, 21.9915, -0.4013672, 21.9915, -0.8388672, 21.9915, 0.1918945, , , , , , , , , , , , , , , , , , , , , , 
0.8463462, 0.0105745, 22.005, -0.7885742, 22.005, 0.2978516, 22.005, 0.3847656, 0.8463462, -0.0090639, 22.005, 0.9145508, 22.005, 0.3374023, 22.005, 0.2021484, 0.8463462, -0.0102388, 22.005, 0.3642578, 22.005, -0.8959961, 22.005, 0.0834961, 0.8463462, -0.0135958, 22.005, -0.3818359, 22.005, -0.8393555, 22.005, 0.1879883, , , , , , , , , , , , , , , , , , , , , , 
0.8468654, 0.0159457, 22.0185, -0.7709961, 22.0185, 0.3076172, 22.0185, 0.3979492, 0.8468654, -0.0085603, 22.0185, 0.9262695, 22.0185, 0.3427734, 22.0185, 0.199707, 0.8468654, -0.0095674, 22.0185, 0.3652344, 22.0185, -0.8964844, 22.0185, 0.0913086, 0.8468654, -0.0166171, 22.0185, -0.3867188, 22.0185, -0.8378906, 22.0185, 0.1826172, , , , , , , , , , , , , , , , , , , , , , 
0.8473846, 0.0169528, 22.032, -0.7680664, 22.032, 0.3222656, 22.032, 0.4121094, 0.8473846, -0.0085603, 22.032, 0.9194336, 22.032, 0.3637695, 22.032, 0.1831055, 0.8473846, -0.008896, 22.032, 0.3686523, 22.032, -0.9248047, 22.032, 0.1088867, 0.8473846, -0.0182956, 22.032, -0.4125977, 22.032, -0.8481445, 22.032, 0.190918, , , , , , , , , , , , , , , , , , , , , , 
0.8479038, 0.0179599, 22.0455, -0.7822266, 22.0455, 0.3325195, 22.0455, 0.440918, 0.8479038, -0.008896, 22.0455, 0.9174805, 22.0455, 0.3779297, 22.0455, 0.1538086, 0.8479038, -0.0105745, 22.0455, 0.371582, 22.0455, -0.934082, 22.0455, 0.1108398, 0.8479038, -0.018967, 22.0455, -0.4384766, 22.0455, -0.8632812, 22.0455, 0.2104492, , , , , , , , , , , , , , , , , , , , , , 
0.8484231, 0.0198062, 22.059, -0.7832031, 22.059, 0.3330078, 22.059, 0.4541016, 0.8484231, -0.0109102, 22.059, 0.9194336, 22.059, 0.3847656, 22.059, 0.1445312, 0.8484231, -0.0112459, 22.059, 0.3867188, 22.059, -0.9384766, 22.059, 0.1147461, 0.8484231, -0.0152743, 22.059, -0.4433594, 22.059, -0.8735352, 22.059, 0.2197266, , , , , , , , , , , , , , , , , , , , , , 
0.8489423, 0.0226596, 22.0725, -0.7709961, 22.0725, 0.3251953, 22.0725, 0.4648438, 0.8489423, -0.0102388, 22.0725, 0.9521484, 22.0725, 0.3671875, 22.0725, 0.1176758, 0.8489423, -0.0102388, 22.0725, 0.4174805, 22.0725, -0.9418945, 22.0725, 0.1254883, 0.8489423, -0.0095674, 22.0725, -0.4443359, 22.0725, -0.8774414, 22.0725, 0.2246094, , , , , , , , , , , , , , , , , , , , , , 
0.8494615, 0.0246738, 22.086, -0.7661133, 22.086, 0.3212891, 22.086, 0.4726562, 0.8494615, -0.0083925, 22.086, 0.9458008, 22.086, 0.3481445, 22.086, 0.1098633, 0.8494615, -0.0082246, 22.086, 0.4345703, 22.086, -0.9428711, 22.086, 0.1152344, 0.8494615, -0.0028534, 22.086, -0.4536133, 22.086, -0.8886719, 22.086, 0.2358398, , , , , , , , , , , , , , , , , , , , , , 
0.8499808, 0.0223239, 22.0995, -0.7578125, 22.0995, 0.3032227, 22.0995, 0.4921875, 0.8499808, -0.0085603, 22.0995, 0.9453125, 22.0995, 0.34375, 22.0995, 0.1044922, 0.8499808, -0.0075532, 22.0995, 0.4365234, 22.0995, -0.9418945, 22.0995, 0.1240234, 0.8499808, 0.0041962, 22.0995, -0.4692383, 22.0995, -0.8964844, 22.0995, 0.2553711, , , , , , , , , , , , , , , , , , , , , , 
0.8505, 0.0193027, 22.113, -0.7553711, 22.113, 0.3022461, 22.113, 0.5014648, 0.8505, -0.008896, 22.113, 0.9311523, 22.113, 0.3452148, 22.113, 0.0878906, 0.8505, -0.0095674, 22.113, 0.4384766, 22.113, -0.9301758, 22.113, 0.1137695, 0.8505, 0.0095674, 22.113, -0.4780273, 22.113, -0.8876953, 22.113, 0.2631836, , , , , , , , , , , , , , , , , , , , , , 
0.8510192, 0.0152743, 22.1265, -0.762207, 22.1265, 0.3095703, 22.1265, 0.4853516, 0.8510192, -0.0083925, 22.1265, 0.9277344, 22.1265, 0.3515625, 22.1265, 0.105957, 0.8510192, -0.0105745, 22.1265, 0.4223633, 22.1265, -0.9267578, 22.1265, 0.1074219, 0.8510192, 0.0135958, 22.1265, -0.4829102, 22.1265, -0.871582, 22.1265, 0.253418, , , , , , , , , , , , , , , , , , , , , , 
0.8515385, 0.0142672, 22.14, -0.7719727, 22.14, 0.3178711, 22.14, 0.4541016, 0.8515385, -0.0068818, 22.14, 0.9335938, 22.14, 0.3549805, 22.14, 0.1079102, 0.8515385, -0.0082246, 22.14, 0.3984375, 22.14, -0.9389648, 22.14, 0.1298828, 0.8515385, 0.0176242, 22.14, -0.4750977, 22.14, -0.8623047, 22.14, 0.2392578, , , , , , , , , , , , , , , , , , , , , , 
0.8520577, 0.0135958, 22.1535, -0.7675781, 22.1535, 0.3188477, 22.1535, 0.4433594, 0.8520577, -0.0082246, 22.1535, 0.9018555, 22.1535, 0.3554688, 22.1535, 0.1279297, 0.8520577, -0.0068818, 22.1535, 0.3803711, 22.1535, -0.9355469, 22.1535, 0.1225586, 0.8520577, 0.0236667, 22.1535, -0.4648438, 22.1535, -0.859375, 22.1535, 0.2275391, , , , , , , , , , , , , , , , , , , , , , 
0.8525769, 0.0109102, 22.167, -0.7470703, 22.167, 0.3129883, 22.167, 0.4375, 0.8525769, -0.008896, 22.167, 0.8999023, 22.167, 0.3603516, 22.167, 0.1518555, 0.8525769, -0.0065461, 22.167, 0.3789062, 22.167, -0.9189453, 22.167, 0.1142578, 0.8525769, 0.0260166, 22.167, -0.4458008, 22.167, -0.8623047, 22.167, 0.2128906, , , , , , , , , , , , , , , , , , , , , , 
0.8530962, 0.0045319, 22.1805, -0.7529297, 22.1805, 0.3120117, 22.1805, 0.4282227, 0.8530962, -0.008896, 22.1805, 0.9262695, 22.1805, 0.3549805, 22.1805, 0.1391602, 0.8530962, -0.0073854, 22.1805, 0.3857422, 22.1805, -0.9130859, 22.1805, 0.1108398, 0.8530962, 0.0293736, 22.1805, -0.4174805, 22.1805, -0.855957, 22.1805, 0.2055664, , , , , , , , , , , , , , , , , , , , , , 
0.8536154, -0.0001678, 22.194, -0.7739258, 22.194, 0.3022461, 22.194, 0.4267578, 0.8536154, -0.0082246, 22.194, 0.9355469, 22.194, 0.3383789, 22.194, 0.1503906, 0.8536154, -0.0065461, 22.194, 0.3945312, 22.194, -0.9082031, 22.194, 0.0966797, 0.8536154, 0.0339055, 22.194, -0.4018555, 22.194, -0.8491211, 22.194, 0.2055664, , , , , , , , , , , , , , , , , , , , , , 
0.8541346, -0.0005035, 22.2075, -0.7773438, 22.2075, 0.2905273, 22.2075, 0.4306641, 0.8541346, -0.0075532, 22.2075, 0.9111328, 22.2075, 0.3310547, 22.2075, 0.1616211, 0.8541346, -0.0062104, 22.2075, 0.4135742, 22.2075, -0.9106445, 22.2075, 0.1044922, 0.8541346, 0.036759, 22.2075, -0.4057617, 22.2075, -0.8510742, 22.2075, 0.2070312, , , , , , , , , , , , , , , , , , , , , , 
0.8546538, 0.0005035, 22.221, -0.7670898, 22.221, 0.2905273, 22.221, 0.4199219, 0.8546538, -0.0065461, 22.221, 0.9047852, 22.221, 0.3295898, 22.221, 0.1630859, 0.8546538, -0.0063783, 22.221, 0.4130859, 22.221, -0.9135742, 22.221, 0.1083984, 0.8546538, 0.0377661, 22.221, -0.4111328, 22.221, -0.8564453, 22.221, 0.206543, , , , , , , , , , , , , , , , , , , , , , 
0.8551731, 0.0068818, 22.2345, -0.7705078, 22.2345, 0.300293, 22.2345, 0.4155273, 0.8551731, -0.0052033, 22.2345, 0.9135742, 22.2345, 0.3457031, 22.2345, 0.1630859, 0.8551731, -0.005539, 22.2345, 0.3803711, 22.2345, -0.9208984, 22.2345, 0.1083984, 0.8551731, 0.0374304, 22.2345, -0.4311523, 22.2345, -0.8657227, 22.2345, 0.2124023, , , , , , , , , , , , , , , , , , , , , , 
0.8556923, 0.0119173, 22.248, -0.7680664, 22.248, 0.3022461, 22.248, 0.4243164, 0.8556923, -0.0052033, 22.248, 0.9169922, 22.248, 0.3481445, 22.248, 0.1494141, 0.8556923, -0.0052033, 22.248, 0.3510742, 22.248, -0.9121094, 22.248, 0.0957031, 0.8556923, 0.033402, 22.248, -0.4448242, 22.248, -0.8574219, 22.248, 0.21875, , , , , , , , , , , , , , , , , , , , , , 
0.8562115, 0.0132601, 22.2615, -0.762207, 22.2615, 0.2963867, 22.2615, 0.4506836, 0.8562115, -0.0062104, 22.2615, 0.9228516, 22.2615, 0.3378906, 22.2615, 0.1430664, 0.8562115, -0.0048676, 22.2615, 0.3769531, 22.2615, -0.9018555, 22.2615, 0.0981445, 0.8562115, 0.0270237, 22.2615, -0.4448242, 22.2615, -0.8491211, 22.2615, 0.222168, , , , , , , , , , , , , , , , , , , , , , 
0.8567308, 0.0139315, 22.275, -0.7631836, 22.275, 0.2890625, 22.275, 0.4521484, 0.8567308, -0.0062104, 22.275, 0.9306641, 22.275, 0.3242188, 22.275, 0.1376953, 0.8567308, -0.0046998, 22.275, 0.4223633, 22.275, -0.9145508, 22.275, 0.1098633, 0.8567308, 0.0213169, 22.275, -0.4414062, 22.275, -0.8623047, 22.275, 0.2250977, , , , , , , , , , , , , , , , , , , , , , 
0.85725, 0.0159457, 22.2885, -0.7802734, 22.2885, 0.2885742, 22.2885, 0.4355469, 0.85725, -0.005539, 22.2885, 0.9404297, 22.2885, 0.3276367, 22.2885, 0.140625, 0.85725, -0.0038605, 22.2885, 0.4233398, 22.2885, -0.9365234, 22.2885, 0.105957, 0.85725, 0.0199741, 22.2885, -0.4448242, 22.2885, -0.8803711, 22.2885, 0.2270508, , , , , , , , , , , , , , , , , , , , , , 
0.8577692, 0.0231632, 22.302, -0.7729492, 22.302, 0.2973633, 22.302, 0.4272461, 0.8577692, -0.0035248, 22.302, 0.9077148, 22.302, 0.347168, 22.302, 0.1420898, 0.8577692, -0.0041962, 22.302, 0.3979492, 22.302, -0.9404297, 22.302, 0.1000977, 0.8577692, 0.018967, 22.302, -0.4472656, 22.302, -0.8867188, 22.302, 0.2246094, , , , , , , , , , , , , , , , , , , , , , 
0.8582885, 0.0310521, 22.3155, -0.7685547, 22.3155, 0.3071289, 22.3155, 0.4536133, 0.8582885, -0.0038605, 22.3155, 0.8994141, 22.3155, 0.3613281, 22.3155, 0.1157227, 0.8582885, -0.0058747, 22.3155, 0.3642578, 22.3155, -0.9350586, 22.3155, 0.0996094, 0.8582885, 0.0132601, 22.3155, -0.4287109, 22.3155, -0.8769531, 22.3155, 0.2260742, , , , , , , , , , , , , , , , , , , , , , 
0.8588077, 0.0273594, 22.329, -0.7617188, 22.329, 0.3061523, 22.329, 0.46875, 0.8588077, -0.005539, 22.329, 0.9130859, 22.329, 0.3486328, 22.329, 0.1191406, 0.8588077, -0.0070497, 22.329, 0.4018555, 22.329, -0.9243164, 22.329, 0.1020508, 0.8588077, 0.0102388, 22.329, -0.4189453, 22.329, -0.8686523, 22.329, 0.2285156, , , , , , , , , , , , , , , , , , , , , , 
0.8593269, 0.0199741, 22.3425, -0.762207, 22.3425, 0.2993164, 22.3425, 0.4589844, 0.8593269, -0.0065461, 22.3425, 0.9355469, 22.3425, 0.3359375, 22.3425, 0.1220703, 0.8593269, -0.0065461, 22.3425, 0.449707, 22.3425, -0.9208984, 22.3425, 0.1044922, 0.8593269, 0.0115816, 22.3425, -0.4208984, 22.3425, -0.8740234, 22.3425, 0.2285156, , , , , , , , , , , , , , , , , , , , , , 
0.8598462, 0.0166171, 22.356, -0.7583008, 22.356, 0.2978516, 22.356, 0.4389648, 0.8598462, -0.0068818, 22.356, 0.953125, 22.356, 0.3203125, 22.356, 0.1264648, 0.8598462, -0.0058747, 22.356, 0.4482422, 22.356, -0.925293, 22.356, 0.1147461, 0.8598462, 0.0146029, 22.356, -0.4355469, 22.356, -0.8818359, 22.356, 0.230957, , , , , , , , , , , , , , , , , , , , , , 
0.8603654, 0.0186313, 22.3695, -0.7553711, 22.3695, 0.3076172, 22.3695, 0.4257812, 0.8603654, -0.0075532, 22.3695, 0.9072266, 22.3695, 0.3422852, 22.3695, 0.1391602, 0.8603654, -0.0048676, 22.3695, 0.3950195, 22.3695, -0.9243164, 22.3695, 0.1088867, 0.8603654, 0.0146029, 22.3695, -0.4448242, 22.3695, -0.8759766, 22.3695, 0.230957, , , , , , , , , , , , , , , , , , , , , , 
0.8608846, 0.0219883, 22.383, -0.7568359, 22.383, 0.3115234, 22.383, 0.4326172, 0.8608846, -0.0068818, 22.383, 0.8808594, 22.383, 0.3583984, 22.383, 0.1445312, 0.8608846, -0.0030213, 22.383, 0.3574219, 22.383, -0.9106445, 22.383, 0.1000977, 0.8608846, 0.0115816, 22.383, -0.4570312, 22.383, -0.8491211, 22.383, 0.2294922, , , , , , , , , , , , , , , , , , , , , , 
0.8614038, 0.0236667, 22.3965, -0.7680664, 22.3965, 0.3110352, 22.3965, 0.434082, 0.8614038, -0.0072175, 22.3965, 0.8945312, 22.3965, 0.3510742, 22.3965, 0.1464844, 0.8614038, -0.0035248, 22.3965, 0.3647461, 22.3965, -0.9052734, 22.3965, 0.0986328, 0.8614038, 0.0092317, 22.3965, -0.4453125, 22.3965, -0.8369141, 22.3965, 0.2114258, , , , , , , , , , , , , , , , , , , , , , 
0.8619231, 0.0226596, 22.41, -0.7773438, 22.41, 0.2998047, 22.41, 0.4238281, 0.8619231, -0.0075532, 22.41, 0.9345703, 22.41, 0.3271484, 22.41, 0.1464844, 0.8619231, -0.0057069, 22.41, 0.3896484, 22.41, -0.9145508, 22.41, 0.1083984, 0.8619231, 0.0092317, 22.41, -0.4331055, 22.41, -0.8491211, 22.41, 0.2128906, , , , , , , , , , , , , , , , , , , , , , 
0.8624423, 0.0196384, 22.4235, -0.7705078, 22.4235, 0.2949219, 22.4235, 0.4179688, 0.8624423, -0.0075532, 22.4235, 0.9228516, 22.4235, 0.3325195, 22.4235, 0.15625, 0.8624423, -0.0075532, 22.4235, 0.3964844, 22.4235, -0.925293, 22.4235, 0.1137695, 0.8624423, 0.0112459, 22.4235, -0.4389648, 22.4235, -0.8720703, 22.4235, 0.2143555, , , , , , , , , , , , , , , , , , , , , , 
0.8629615, 0.0182956, 22.437, -0.753418, 22.437, 0.2998047, 22.437, 0.4111328, 0.8629615, -0.0082246, 22.437, 0.8828125, 22.437, 0.3520508, 22.437, 0.1591797, 0.8629615, -0.0075532, 22.437, 0.3857422, 22.437, -0.9233398, 22.437, 0.1083984, 0.8629615, 0.0115816, 22.437, -0.4335938, 22.437, -0.8701172, 22.437, 0.2109375, , , , , , , , , , , , , , , , , , , , , , 
0.8634808, 0.0179599, 22.4505, -0.7446289, 22.4505, 0.3120117, 22.4505, 0.4189453, 0.8634808, -0.0077211, 22.4505, 0.9038086, 22.4505, 0.3574219, 22.4505, 0.1455078, 0.8634808, -0.0082246, 22.4505, 0.3740234, 22.4505, -0.9091797, 22.4505, 0.0966797, 0.8634808, 0.0099031, 22.4505, -0.4194336, 22.4505, -0.8505859, 22.4505, 0.2099609, , , , , , , , , , , , , , , , , , , , , , 
0.864, 0.0151064, 22.464, -0.7719727, 22.464, 0.3125, 22.464, 0.4243164, 0.864, -0.0063783, 22.464, 0.9233398, 22.464, 0.3520508, 22.464, 0.1396484, 0.864, -0.0115816, 22.464, 0.3847656, 22.464, -0.9072266, 22.464, 0.1030273, 0.864, 0.0082246, 22.464, -0.4189453, 22.464, -0.8457031, 22.464, 0.2119141, , , , , , , , , , , , , , , , , , , , , , 
0.8645192, 0.0109102, 22.4775, -0.7749023, 22.4775, 0.2880859, 22.4775, 0.4335938, 0.8645192, -0.0058747, 22.4775, 0.9238281, 22.4775, 0.3276367, 22.4775, 0.1401367, 0.8645192, -0.0135958, 22.4775, 0.4101562, 22.4775, -0.9208984, 22.4775, 0.1118164, 0.8645192, 0.0062104, 22.4775, -0.4414062, 22.4775, -0.8657227, 22.4775, 0.2119141, , , , , , , , , , , , , , , , , , , , , , 
0.8650385, 0.0099031, 22.491, -0.7636719, 22.491, 0.2797852, 22.491, 0.4296875, 0.8650385, -0.0082246, 22.491, 0.9023438, 22.491, 0.3232422, 22.491, 0.1489258, 0.8650385, -0.0109102, 22.491, 0.4121094, 22.491, -0.9272461, 22.491, 0.1108398, 0.8650385, 0.0018463, 22.491, -0.4482422, 22.491, -0.8793945, 22.491, 0.2216797, , , , , , , , , , , , , , , , , , , , , , 
0.8655577, 0.0142672, 22.5045, -0.7597656, 22.5045, 0.2944336, 22.5045, 0.4262695, 0.8655577, -0.0075532, 22.5045, 0.9213867, 22.5045, 0.3393555, 22.5045, 0.1450195, 0.8655577, -0.0099031, 22.5045, 0.390625, 22.5045, -0.9125977, 22.5045, 0.1010742, 0.8655577, -0.0025177, 22.5045, -0.4370117, 22.5045, -0.8681641, 22.5045, 0.2294922, , , , , , , , , , , , , , , , , , , , , , 
0.8660769, 0.0196384, 22.518, -0.7592773, 22.518, 0.3066406, 22.518, 0.4467773, 0.8660769, -0.005539, 22.518, 0.9145508, 22.518, 0.3413086, 22.518, 0.1313477, 0.8660769, -0.0112459, 22.518, 0.3735352, 22.518, -0.9023438, 22.518, 0.0976562, 0.8660769, -0.0058747, 22.518, -0.4306641, 22.518, -0.855957, 22.518, 0.2275391, , , , , , , , , , , , , , , , , , , , , , 
0.8665962, 0.0191348, 22.5315, -0.762207, 22.5315, 0.293457, 22.5315, 0.4501953, 0.8665962, -0.0035248, 22.5315, 0.909668, 22.5315, 0.331543, 22.5315, 0.1264648, 0.8665962, -0.0132601, 22.5315, 0.4023438, 22.5315, -0.9160156, 22.5315, 0.1088867, 0.8665962, -0.0072175, 22.5315, -0.4370117, 22.5315, -0.8554688, 22.5315, 0.2285156, , , , , , , , , , , , , , , , , , , , , , 
0.8671154, 0.01561, 22.545, -0.7763672, 22.545, 0.284668, 22.545, 0.4453125, 0.8671154, -0.0041962, 22.545, 0.9272461, 22.545, 0.324707, 22.545, 0.1347656, 0.8671154, -0.0146029, 22.545, 0.4350586, 22.545, -0.9331055, 22.545, 0.1137695, 0.8671154, -0.008896, 22.545, -0.4472656, 22.545, -0.8735352, 22.545, 0.2241211, , , , , , , , , , , , , , , , , , , , , , 
0.8676346, 0.0129244, 22.5585, -0.7651367, 22.5585, 0.2949219, 22.5585, 0.4321289, 0.8676346, -0.0068818, 22.5585, 0.9350586, 22.5585, 0.3413086, 22.5585, 0.1401367, 0.8676346, -0.0135958, 22.5585, 0.425293, 22.5585, -0.9326172, 22.5585, 0.1113281, 0.8676346, -0.0092317, 22.5585, -0.4433594, 22.5585, -0.8823242, 22.5585, 0.2231445, , , , , , , , , , , , , , , , , , , , , , 
0.8681538, 0.0072175, 22.572, -0.7529297, 22.572, 0.3105469, 22.572, 0.4257812, 0.8681538, -0.0082246, 22.572, 0.8984375, 22.572, 0.3564453, 22.572, 0.1391602, 0.8681538, -0.0130922, 22.572, 0.3740234, 22.572, -0.9277344, 22.572, 0.109375, 0.8681538, -0.0072175, 22.572, -0.4399414, 22.572, -0.875, 22.572, 0.2231445, , , , , , , , , , , , , , , , , , , , , , 
0.8686731, 0.0048676, 22.5855, -0.7529297, 22.5855, 0.3095703, 22.5855, 0.4355469, 0.8686731, -0.0085603, 22.5855, 0.8857422, 22.5855, 0.3574219, 22.5855, 0.1347656, 0.8686731, -0.0149386, 22.5855, 0.3637695, 22.5855, -0.9135742, 22.5855, 0.0991211, 0.8686731, -0.005539, 22.5855, -0.4335938, 22.5855, -0.8500977, 22.5855, 0.2138672, , , , , , , , , , , , , , , , , , , , , , 
0.8691923, 0.0112459, 22.599, -0.7587891, 22.599, 0.2963867, 22.599, 0.4482422, 0.8691923, -0.0070497, 22.599, 0.9013672, 22.599, 0.3374023, 22.599, 0.1210938, 0.8691923, -0.0139315, 22.599, 0.3979492, 22.599, -0.9047852, 22.599, 0.1030273, 0.8691923, -0.0025177, 22.599, -0.4257812, 22.599, -0.8496094, 22.599, 0.2211914, , , , , , , , , , , , , , , , , , , , , , 
0.8697115, 0.0186313, 22.6125, -0.7651367, 22.6125, 0.2841797, 22.6125, 0.4482422, 0.8697115, -0.0048676, 22.6125, 0.9482422, 22.6125, 0.3149414, 22.6125, 0.1264648, 0.8697115, -0.0130922, 22.6125, 0.4331055, 22.6125, -0.9135742, 22.6125, 0.1196289, 0.8697115, 0.0015106, 22.6125, -0.4306641, 22.6125, -0.8730469, 22.6125, 0.2250977, , , , , , , , , , , , , , , , , , , , , , 
0.8702308, 0.0196384, 22.626, -0.7592773, 22.626, 0.2895508, 22.626, 0.4404297, 0.8702308, -0.0065461, 22.626, 0.9321289, 22.626, 0.3242188, 22.626, 0.137207, 0.8702308, -0.0112459, 22.626, 0.434082, 22.626, -0.9262695, 22.626, 0.1113281, 0.8702308, 0.0065461, 22.626, -0.4433594, 22.626, -0.878418, 22.626, 0.2250977, , , , , , , , , , , , , , , , , , , , , , 
0.87075, 0.0154421, 22.6395, -0.7583008, 22.6395, 0.3100586, 22.6395, 0.4199219, 0.87075, -0.0092317, 22.6395, 0.9023438, 22.6395, 0.3613281, 22.6395, 0.152832, 0.87075, -0.0099031, 22.6395, 0.3745117, 22.6395, -0.9233398, 22.6395, 0.1040039, 0.87075, 0.0117494, 22.6395, -0.4482422, 22.6395, -0.8549805, 22.6395, 0.2202148, , , , , , , , , , , , , , , , , , , , , , 
0.8712692, 0.0135958, 22.653, -0.7705078, 22.653, 0.3271484, 22.653, 0.4208984, 0.8712692, -0.0102388, 22.653, 0.8945312, 22.653, 0.375, 22.653, 0.1391602, 0.8712692, -0.0083925, 22.653, 0.3505859, 22.653, -0.9189453, 22.653, 0.1171875, 0.8712692, 0.0151064, 22.653, -0.4443359, 22.653, -0.8325195, 22.653, 0.2094727, , , , , , , , , , , , , , , , , , , , , , 
0.8717885, 0.0152743, 22.6665, -0.7626953, 22.6665, 0.315918, 22.6665, 0.4448242, 0.8717885, -0.0095674, 22.6665, 0.9003906, 22.6665, 0.3549805, 22.6665, 0.1328125, 0.8717885, -0.0058747, 22.6665, 0.3720703, 22.6665, -0.9106445, 22.6665, 0.1230469, 0.8717885, 0.0186313, 22.6665, -0.4448242, 22.6665, -0.8344727, 22.6665, 0.2084961, , , , , , , , , , , , , , , , , , , , , , 
0.8723077, 0.0115816, 22.68, -0.75, 22.68, 0.2993164, 22.68, 0.4443359, 0.8723077, -0.0095674, 22.68, 0.9257812, 22.68, 0.3388672, 22.68, 0.1269531, 0.8723077, -0.0052033, 22.68, 0.4125977, 22.68, -0.9077148, 22.68, 0.1191406, 0.8723077, 0.0273594, 22.68, -0.4443359, 22.68, -0.8505859, 22.68, 0.2148438, , , , , , , , , , , , , , , , , , , , , , 
0.8728269, 0.0031891, 22.6935, -0.7456055, 22.6935, 0.3037109, 22.6935, 0.4370117, 0.8728269, -0.0105745, 22.6935, 0.9287109, 22.6935, 0.3491211, 22.6935, 0.1411133, 0.8728269, -0.0052033, 22.6935, 0.4174805, 22.6935, -0.9086914, 22.6935, 0.1171875, 0.8728269, 0.0374304, 22.6935, -0.4506836, 22.6935, -0.8642578, 22.6935, 0.2138672, , , , , , , , , , , , , , , , , , , , , , 
0.8733462, -0.0045319, 22.707, -0.7548828, 22.707, 0.3164062, 22.707, 0.4345703, 0.8733462, -0.0109102, 22.707, 0.9213867, 22.707, 0.359375, 22.707, 0.137207, 0.8733462, -0.0036927, 22.707, 0.4052734, 22.707, -0.9233398, 22.707, 0.1166992, 0.8733462, 0.0448157, 22.707, -0.4482422, 22.707, -0.8662109, 22.707, 0.2163086, , , , , , , , , , , , , , , , , , , , , , 
0.8738654, -0.0052033, 22.7205, -0.7641602, 22.7205, 0.3183594, 22.7205, 0.4438477, 0.8738654, -0.0099031, 22.7205, 0.8935547, 22.7205, 0.3691406, 22.7205, 0.1274414, 0.8738654, -0.0016785, 22.7205, 0.3793945, 22.7205, -0.9316406, 22.7205, 0.1098633, 0.8738654, 0.0481727, 22.7205, -0.4389648, 22.7205, -0.8574219, 22.7205, 0.2202148, , , , , , , , , , , , , , , , , , , , , , 
0.8743846, -0.0028534, 22.734, -0.762207, 22.734, 0.3027344, 22.734, 0.4560547, 0.8743846, -0.0078889, 22.734, 0.9047852, 22.734, 0.355957, 22.734, 0.1210938, 0.8743846, -0.0018463, 22.734, 0.3896484, 22.734, -0.9233398, 22.734, 0.1176758, 0.8743846, 0.0491798, 22.734, -0.4306641, 22.734, -0.8530273, 22.734, 0.2197266, , , , , , , , , , , , , , , , , , , , , , 
0.8749038, -0.0018463, 22.7475, -0.7602539, 22.7475, 0.2958984, 22.7475, 0.4536133, 0.8749038, -0.0072175, 22.7475, 0.9213867, 22.7475, 0.3305664, 22.7475, 0.1225586, 0.8749038, -0.0023499, 22.7475, 0.4140625, 22.7475, -0.9140625, 22.7475, 0.1269531, 0.8749038, 0.0493477, 22.7475, -0.4433594, 22.7475, -0.871582, 22.7475, 0.2265625, , , , , , , , , , , , , , , , , , , , , , 
0.8754231, -0.0001678, 22.761, -0.7592773, 22.761, 0.300293, 22.761, 0.4394531, 0.8754231, -0.0073854, 22.761, 0.9384766, 22.761, 0.3344727, 22.761, 0.1328125, 0.8754231, -0.0025177, 22.761, 0.4042969, 22.761, -0.9223633, 22.761, 0.1152344, 0.8754231, 0.0468299, 22.761, -0.4667969, 22.761, -0.8798828, 22.761, 0.2265625, , , , , , , , , , , , , , , , , , , , , , 
0.8759423, 0.0030213, 22.7745, -0.7612305, 22.7745, 0.3085938, 22.7745, 0.4394531, 0.8759423, -0.0070497, 22.7745, 0.9291992, 22.7745, 0.3510742, 22.7745, 0.1347656, 0.8759423, -0.0018463, 22.7745, 0.3881836, 22.7745, -0.9204102, 22.7745, 0.1049805, 0.8759423, 0.0412909, 22.7745, -0.4594727, 22.7745, -0.859375, 22.7745, 0.2241211, , , , , , , , , , , , , , , , , , , , , , 
0.8764615, 0.0072175, 22.788, -0.7558594, 22.788, 0.3071289, 22.788, 0.440918, 0.8764615, -0.0070497, 22.788, 0.8876953, 22.788, 0.3549805, 22.788, 0.1391602, 0.8764615, -0.0001678, 22.788, 0.3847656, 22.788, -0.9145508, 22.788, 0.1103516, 0.8764615, 0.036759, 22.788, -0.4370117, 22.788, -0.847168, 22.788, 0.2270508, , , , , , , , , , , , , , , , , , , , , , 
0.8769808, 0.011078, 22.8015, -0.7626953, 22.8015, 0.3051758, 22.8015, 0.4350586, 0.8769808, -0.0082246, 22.8015, 0.9052734, 22.8015, 0.3422852, 22.8015, 0.1357422, 0.8769808, -0.0011749, 22.8015, 0.3974609, 22.8015, -0.9160156, 22.8015, 0.1176758, 0.8769808, 0.0323949, 22.8015, -0.4389648, 22.8015, -0.8520508, 22.8015, 0.2236328, , , , , , , , , , , , , , , , , , , , , , 
0.8775, 0.0109102, 22.815, -0.7773438, 22.815, 0.2983398, 22.815, 0.4375, 0.8775, -0.0102388, 22.815, 0.9306641, 22.815, 0.3310547, 22.815, 0.1425781, 0.8775, -0.0041962, 22.815, 0.4038086, 22.815, -0.9189453, 22.815, 0.1201172, 0.8775, 0.0260166, 22.815, -0.4433594, 22.815, -0.8579102, 22.815, 0.2192383, , , , , , , , , , , , , , , , , , , , , , 
0.8780192, 0.008896, 22.8285, -0.7631836, 22.8285, 0.2998047, 22.8285, 0.4335938, 0.8780192, -0.0109102, 22.8285, 0.9257812, 22.8285, 0.3359375, 22.8285, 0.1503906, 0.8780192, -0.0057069, 22.8285, 0.4003906, 22.8285, -0.9179688, 22.8285, 0.1171875, 0.8780192, 0.0199741, 22.8285, -0.4492188, 22.8285, -0.8706055, 22.8285, 0.2124023, , , , , , , , , , , , , , , , , , , , , , 
0.8785385, 0.0078889, 22.842, -0.746582, 22.842, 0.3066406, 22.842, 0.4233398, 0.8785385, -0.0107424, 22.842, 0.9130859, 22.842, 0.3486328, 22.842, 0.140625, 0.8785385, -0.0046998, 22.842, 0.3837891, 22.842, -0.9155273, 22.842, 0.1069336, 0.8785385, 0.0172885, 22.842, -0.4394531, 22.842, -0.8666992, 22.842, 0.2133789, , , , , , , , , , , , , , , , , , , , , , 
0.8790577, 0.0085603, 22.8555, -0.7553711, 22.8555, 0.309082, 22.8555, 0.4282227, 0.8790577, -0.0095674, 22.8555, 0.8857422, 22.8555, 0.3530273, 22.8555, 0.1430664, 0.8790577, -0.0036927, 22.8555, 0.3647461, 22.8555, -0.9135742, 22.8555, 0.1000977, 0.8790577, 0.01561, 22.8555, -0.4331055, 22.8555, -0.8535156, 22.8555, 0.2143555, , , , , , , , , , , , , , , , , , , , , , 
0.8795769, 0.0099031, 22.869, -0.7739258, 22.869, 0.300293, 22.869, 0.4316406, 0.8795769, -0.0077211, 22.869, 0.9082031, 22.869, 0.3383789, 22.869, 0.1381836, 0.8795769, -0.0052033, 22.869, 0.3857422, 22.869, -0.9165039, 22.869, 0.109375, 0.8795769, 0.0129244, 22.869, -0.4355469, 22.869, -0.8544922, 22.869, 0.2104492, , , , , , , , , , , , , , , , , , , , , , 
0.8800962, 0.0142672, 22.8825, -0.7695312, 22.8825, 0.293457, 22.8825, 0.4257812, 0.8800962, -0.0068818, 22.8825, 0.9350586, 22.8825, 0.331543, 22.8825, 0.1435547, 0.8800962, -0.0077211, 22.8825, 0.4052734, 22.8825, -0.9228516, 22.8825, 0.1181641, 0.8800962, 0.0092317, 22.8825, -0.4448242, 22.8825, -0.8701172, 22.8825, 0.2099609, , , , , , , , , , , , , , , , , , , , , , 
0.8806154, 0.0193027, 22.896, -0.7563477, 22.896, 0.3110352, 22.896, 0.4262695, 0.8806154, -0.0083925, 22.896, 0.9072266, 22.896, 0.355957, 22.896, 0.1455078, 0.8806154, -0.0085603, 22.896, 0.3925781, 22.896, -0.9331055, 22.896, 0.1171875, 0.8806154, 0.0048676, 22.896, -0.4501953, 22.896, -0.8813477, 22.896, 0.2138672, , , , , , , , , , , , , , , , , , , , , , 
0.8811346, 0.0198062, 22.9095, -0.7558594, 22.9095, 0.3256836, 22.9095, 0.4414062, 0.8811346, -0.008896, 22.9095, 0.8950195, 22.9095, 0.3666992, 22.9095, 0.1333008, 0.8811346, -0.008896, 22.9095, 0.3818359, 22.9095, -0.9277344, 22.9095, 0.1103516, 0.8811346, -0.0001678, 22.9095, -0.4404297, 22.9095, -0.8671875, 22.9095, 0.21875, , , , , , , , , , , , , , , , , , , , , , 
0.8816538, 0.0172885, 22.923, -0.7568359, 22.923, 0.3227539, 22.923, 0.4526367, 0.8816538, -0.0077211, 22.923, 0.9125977, 22.923, 0.3476562, 22.923, 0.1225586, 0.8816538, -0.0105745, 22.923, 0.3979492, 22.923, -0.9150391, 22.923, 0.121582, 0.8816538, -0.0016785, 22.923, -0.4443359, 22.923, -0.8505859, 22.923, 0.2255859, , , , , , , , , , , , , , , , , , , , , , 
0.8821731, 0.0172885, 22.9365, -0.7617188, 22.9365, 0.2973633, 22.9365, 0.4541016, 0.8821731, -0.0063783, 22.9365, 0.9204102, 22.9365, 0.3208008, 22.9365, 0.1245117, 0.8821731, -0.0115816, 22.9365, 0.4140625, 22.9365, -0.9111328, 22.9365, 0.1235352, 0.8821731, -0.0001678, 22.9365, -0.4672852, 22.9365, -0.8544922, 22.9365, 0.2275391, , , , , , , , , , , , , , , , , , , , , , 
0.8826923, 0.0166171, 22.95, -0.7587891, 22.95, 0.2910156, 22.95, 0.4375, 0.8826923, -0.0052033, 22.95, 0.9267578, 22.95, 0.324707, 22.95, 0.1333008, 0.8826923, -0.0102388, 22.95, 0.4145508, 22.95, -0.9111328, 22.95, 0.1186523, 0.8826923, 0.0031891, 22.95, -0.4707031, 22.95, -0.8618164, 22.95, 0.2260742, , , , , , , , , , , , , , , , , , , , , , 
0.8832115, 0.0159457, 22.9635, -0.7548828, 22.9635, 0.3139648, 22.9635, 0.421875, 0.8832115, -0.005539, 22.9635, 0.9345703, 22.9635, 0.3540039, 22.9635, 0.1479492, 0.8832115, -0.0092317, 22.9635, 0.3857422, 22.9635, -0.9174805, 22.9635, 0.1079102, 0.8832115, 0.0052033, 22.9635, -0.4624023, 22.9635, -0.862793, 22.9635, 0.2226562, , , , , , , , , , , , , , , , , , , , , , 
0.8837308, 0.0166171, 22.977, -0.7583008, 22.977, 0.3232422, 22.977, 0.4306641, 0.8837308, -0.0062104, 22.977, 0.8901367, 22.977, 0.3706055, 22.977, 0.140625, 0.8837308, -0.0085603, 22.977, 0.3496094, 22.977, -0.9238281, 22.977, 0.1040039, 0.8837308, 0.0072175, 22.977, -0.4365234, 22.977, -0.8569336, 22.977, 0.2084961, , , , , , , , , , , , , , , , , , , , , , 
0.88425, 0.0169528, 22.9905, -0.7568359, 22.9905, 0.3061523, 22.9905, 0.4418945, 0.88425, -0.006714, 22.9905, 0.8857422, 22.9905, 0.3520508, 22.9905, 0.1269531, 0.88425, -0.008896, 22.9905, 0.3754883, 22.9905, -0.9223633, 22.9905, 0.1191406, 0.88425, 0.0092317, 22.9905, -0.418457, 22.9905, -0.8535156, 22.9905, 0.2104492, , , , , , , , , , , , , , , , , , , , , , 
0.8847692, 0.0169528, 23.004, -0.7695312, 23.004, 0.2866211, 23.004, 0.449707, 0.8847692, -0.0070497, 23.004, 0.9248047, 23.004, 0.3256836, 23.004, 0.1230469, 0.8847692, -0.0082246, 23.004, 0.4287109, 23.004, -0.9121094, 23.004, 0.1113281, 0.8847692, 0.0105745, 23.004, -0.4238281, 23.004, -0.8608398, 23.004, 0.222168, , , , , , , , , , , , , , , , , , , , , , 
0.8852885, 0.0182956, 23.0175, -0.7709961, 23.0175, 0.2885742, 23.0175, 0.4350586, 0.8852885, -0.0085603, 23.0175, 0.9501953, 23.0175, 0.3242188, 23.0175, 0.1420898, 0.8852885, -0.0058747, 23.0175, 0.4458008, 23.0175, -0.9140625, 23.0175, 0.1098633, 0.8852885, 0.0072175, 23.0175, -0.434082, 23.0175, -0.8720703, 23.0175, 0.2202148, , , , , , , , , , , , , , , , , , , , , , 
0.8858077, 0.0172885, 23.031, -0.7514648, 23.031, 0.3066406, 23.031, 0.4296875, 0.8858077, -0.0075532, 23.031, 0.9248047, 23.031, 0.3457031, 23.031, 0.1376953, 0.8858077, -0.0060426, 23.031, 0.3994141, 23.031, -0.9272461, 23.031, 0.1044922, 0.8858077, -0.0010071, 23.031, -0.4360352, 23.031, -0.875, 23.031, 0.2275391, , , , , , , , , , , , , , , , , , , , , , 
0.8863269, 0.0166171, 23.0445, -0.7558594, 23.0445, 0.3081055, 23.0445, 0.4360352, 0.8863269, -0.0072175, 23.0445, 0.890625, 23.0445, 0.3500977, 23.0445, 0.1411133, 0.8863269, -0.0097353, 23.0445, 0.3657227, 23.0445, -0.9277344, 23.0445, 0.105957, 0.8863269, -0.0068818, 23.0445, -0.4414062, 23.0445, -0.855957, 23.0445, 0.2299805, , , , , , , , , , , , , , , , , , , , , , 
0.8868462, 0.018967, 23.058, -0.7729492, 23.058, 0.2993164, 23.058, 0.449707, 0.8868462, -0.0072175, 23.058, 0.9042969, 23.058, 0.3378906, 23.058, 0.1245117, 0.8868462, -0.0135958, 23.058, 0.3886719, 23.058, -0.9150391, 23.058, 0.1064453, 0.8868462, -0.0077211, 23.058, -0.4487305, 23.058, -0.8530273, 23.058, 0.2285156, , , , , , , , , , , , , , , , , , , , , , 
0.8873654, 0.0199741, 23.0715, -0.7734375, 23.0715, 0.2851562, 23.0715, 0.4477539, 0.8873654, -0.0062104, 23.0715, 0.9248047, 23.0715, 0.3227539, 23.0715, 0.1240234, 0.8873654, -0.0154421, 23.0715, 0.4121094, 23.0715, -0.909668, 23.0715, 0.1113281, 0.8873654, -0.0090639, 23.0715, -0.4555664, 23.0715, -0.8642578, 23.0715, 0.2250977, , , , , , , , , , , , , , , , , , , , , , 
0.8878846, 0.0186313, 23.085, -0.7670898, 23.085, 0.2885742, 23.085, 0.4418945, 0.8878846, -0.0050355, 23.085, 0.9360352, 23.085, 0.3266602, 23.085, 0.1279297, 0.8878846, -0.01561, 23.085, 0.4160156, 23.085, -0.9130859, 23.085, 0.112793, 0.8878846, -0.0124208, 23.085, -0.4541016, 23.085, -0.8759766, 23.085, 0.2255859, , , , , , , , , , , , , , , , , , , , , , 
0.8884038, 0.0142672, 23.0985, -0.7617188, 23.0985, 0.3061523, 23.0985, 0.4277344, 0.8884038, -0.0036927, 23.0985, 0.9296875, 23.0985, 0.3457031, 23.0985, 0.1450195, 0.8884038, -0.0162814, 23.0985, 0.3916016, 23.0985, -0.9282227, 23.0985, 0.1049805, 0.8884038, -0.0135958, 23.0985, -0.4423828, 23.0985, -0.8623047, 23.0985, 0.2250977, , , , , , , , , , , , , , , , , , , , , , 
0.8889231, 0.0065461, 23.112, -0.7548828, 23.112, 0.3139648, 23.112, 0.4316406, 0.8889231, -0.0048676, 23.112, 0.8959961, 23.112, 0.3574219, 23.112, 0.1401367, 0.8889231, -0.0162814, 23.112, 0.3745117, 23.112, -0.9228516, 23.112, 0.1083984, 0.8889231, -0.0095674, 23.112, -0.4360352, 23.112, -0.8457031, 23.112, 0.222168, , , , , , , , , , , , , , , , , , , , , , 
0.8894423, 0.0018463, 23.1255, -0.7509766, 23.1255, 0.3085938, 23.1255, 0.4428711, 0.8894423, -0.0068818, 23.1255, 0.8916016, 23.1255, 0.3540039, 23.1255, 0.1274414, 0.8894423, -0.0159457, 23.1255, 0.3881836, 23.1255, -0.9111328, 23.1255, 0.1054688, 0.8894423, -0.003357, 23.1255, -0.4321289, 23.1255, -0.8461914, 23.1255, 0.2192383, , , , , , , , , , , , , , , , , , , , , , 
0.8899615, 0.0011749, 23.139, -0.7641602, 23.139, 0.3012695, 23.139, 0.4448242, 0.8899615, -0.0068818, 23.139, 0.9321289, 23.139, 0.3398438, 23.139, 0.1254883, 0.8899615, -0.0140993, 23.139, 0.4150391, 23.139, -0.9101562, 23.139, 0.1108398, 0.8899615, 0.0018463, 23.139, -0.4243164, 23.139, -0.8608398, 23.139, 0.215332, , , , , , , , , , , , , , , , , , , , , , 
0.8904808, 0.003357, 23.1525, -0.7705078, 23.1525, 0.2998047, 23.1525, 0.4350586, 0.8904808, -0.0068818, 23.1525, 0.9418945, 23.1525, 0.3359375, 23.1525, 0.1386719, 0.8904808, -0.0119173, 23.1525, 0.4228516, 23.1525, -0.9238281, 23.1525, 0.1108398, 0.8904808, 0.0048676, 23.1525, -0.4311523, 23.1525, -0.8774414, 23.1525, 0.2192383, , , , , , , , , , , , , , , , , , , , , , 
0.891, 0.0062104, 23.166, -0.7563477, 23.166, 0.3017578, 23.166, 0.4316406, 0.891, -0.0077211, 23.166, 0.9052734, 23.166, 0.3481445, 23.166, 0.140625, 0.891, -0.0112459, 23.166, 0.3837891, 23.166, -0.9311523, 23.166, 0.1069336, 0.891, 0.0072175, 23.166, -0.4350586, 23.166, -0.8701172, 23.166, 0.2167969, , , , , , , , , , , , , , , , , , , , , , 
0.8915192, 0.0092317, 23.1795, -0.7583008, 23.1795, 0.3041992, 23.1795, 0.425293, 0.8915192, -0.0095674, 23.1795, 0.8945312, 23.1795, 0.3500977, 23.1795, 0.1411133, 0.8915192, -0.0109102, 23.1795, 0.3657227, 23.1795, -0.9213867, 23.1795, 0.1103516, 0.8915192, 0.0119173, 23.1795, -0.4423828, 23.1795, -0.8554688, 23.1795, 0.21875, , , , , , , , , , , , , , , , , , , , , , 
0.8920385, 0.0102388, 23.193, -0.7724609, 23.193, 0.2949219, 23.193, 0.4399414, 0.8920385, -0.0109102, 23.193, 0.9140625, 23.193, 0.3374023, 23.193, 0.1333008, 0.8920385, -0.0092317, 23.193, 0.3857422, 23.193, -0.9091797, 23.193, 0.1010742, 0.8920385, 0.0193027, 23.193, -0.4448242, 23.193, -0.8476562, 23.193, 0.2216797, , , , , , , , , , , , , , , , , , , , , , 
0.8925577, 0.0085603, 23.2065, -0.7714844, 23.2065, 0.2905273, 23.2065, 0.4501953, 0.8925577, -0.0095674, 23.2065, 0.9233398, 23.2065, 0.3310547, 23.2065, 0.1274414, 0.8925577, -0.0068818, 23.2065, 0.4033203, 23.2065, -0.9072266, 23.2065, 0.0922852, 0.8925577, 0.0275273, 23.2065, -0.440918, 23.2065, -0.8569336, 23.2065, 0.2275391, , , , , , , , , , , , , , , , , , , , , , 
0.8930769, 0.0099031, 23.22, -0.7705078, 23.22, 0.2954102, 23.22, 0.4331055, 0.8930769, -0.0082246, 23.22, 0.9414062, 23.22, 0.3295898, 23.22, 0.1391602, 0.8930769, -0.005539, 23.22, 0.4130859, 23.22, -0.9189453, 23.22, 0.1044922, 0.8930769, 0.0320592, 23.22, -0.4365234, 23.22, -0.8681641, 23.22, 0.2250977, , , , , , , , , , , , , , , , , , , , , , 
0.8935962, 0.0097353, 23.2335, -0.7636719, 23.2335, 0.296875, 23.2335, 0.4375, 0.8935962, -0.0090639, 23.2335, 0.9306641, 23.2335, 0.3364258, 23.2335, 0.137207, 0.8935962, -0.0048676, 23.2335, 0.4018555, 23.2335, -0.9301758, 23.2335, 0.109375, 0.8935962, 0.0350805, 23.2335, -0.4321289, 23.2335, -0.8681641, 23.2335, 0.2324219, , , , , , , , , , , , , , , , , , , , , , 
0.8941154, 0.0092317, 23.247, -0.7607422, 23.247, 0.2939453, 23.247, 0.4404297, 0.8941154, -0.0083925, 23.247, 0.8955078, 23.247, 0.3393555, 23.247, 0.1425781, 0.8941154, -0.0052033, 23.247, 0.3984375, 23.247, -0.9160156, 23.247, 0.0952148, 0.8941154, 0.0381018, 23.247, -0.4223633, 23.247, -0.859375, 23.247, 0.230957, , , , , , , , , , , , , , , , , , , , , , 
0.8946346, 0.0078889, 23.2605, -0.7700195, 23.2605, 0.2910156, 23.2605, 0.4375, 0.8946346, -0.0068818, 23.2605, 0.9223633, 23.2605, 0.3271484, 23.2605, 0.1269531, 0.8946346, -0.0048676, 23.2605, 0.4116211, 23.2605, -0.9101562, 23.2605, 0.097168, 0.8946346, 0.0399481, 23.2605, -0.4243164, 23.2605, -0.862793, 23.2605, 0.2246094, , , , , , , , , , , , , , , , , , , , , , 
0.8951538, 0.0083925, 23.274, -0.7758789, 23.274, 0.2856445, 23.274, 0.4443359, 0.8951538, -0.0078889, 23.274, 0.9267578, 23.274, 0.3330078, 23.274, 0.1455078, 0.8951538, -0.005539, 23.274, 0.4101562, 23.274, -0.9155273, 23.274, 0.1005859, 0.8951538, 0.0387732, 23.274, -0.4311523, 23.274, -0.8701172, 23.274, 0.2207031, , , , , , , , , , , , , , , , , , , , , , 
0.8956731, 0.0117494, 23.2875, -0.765625, 23.2875, 0.2978516, 23.2875, 0.4233398, 0.8956731, -0.0090639, 23.2875, 0.9291992, 23.2875, 0.3510742, 23.2875, 0.1430664, 0.8956731, -0.0052033, 23.2875, 0.3867188, 23.2875, -0.9345703, 23.2875, 0.1000977, 0.8956731, 0.0352483, 23.2875, -0.4453125, 23.2875, -0.8774414, 23.2875, 0.2138672, , , , , , , , , , , , , , , , , , , , , , 
0.8961923, 0.0115816, 23.301, -0.7597656, 23.301, 0.3120117, 23.301, 0.4321289, 0.8961923, -0.0095674, 23.301, 0.9072266, 23.301, 0.359375, 23.301, 0.1362305, 0.8961923, -0.0048676, 23.301, 0.3754883, 23.301, -0.9350586, 23.301, 0.1064453, 0.8961923, 0.0303807, 23.301, -0.4355469, 23.301, -0.8662109, 23.301, 0.2148438, , , , , , , , , , , , , , , , , , , , , , 
0.8967115, 0.0119173, 23.3145, -0.7592773, 23.3145, 0.309082, 23.3145, 0.4462891, 0.8967115, -0.0082246, 23.3145, 0.8959961, 23.3145, 0.3476562, 23.3145, 0.1245117, 0.8967115, -0.0052033, 23.3145, 0.387207, 23.3145, -0.9145508, 23.3145, 0.1074219, 0.8967115, 0.0246738, 23.3145, -0.4238281, 23.3145, -0.8486328, 23.3145, 0.222168, , , , , , , , , , , , , , , , , , , , , , 
0.8972308, 0.0119173, 23.328, -0.7612305, 23.328, 0.2944336, 23.328, 0.4453125, 0.8972308, -0.0065461, 23.328, 0.9013672, 23.328, 0.3378906, 23.328, 0.112793, 0.8972308, -0.0058747, 23.328, 0.4116211, 23.328, -0.9008789, 23.328, 0.1074219, 0.8972308, 0.0179599, 23.328, -0.4326172, 23.328, -0.8540039, 23.328, 0.2265625, , , , , , , , , , , , , , , , , , , , , , 
0.89775, 0.0132601, 23.3415, -0.7626953, 23.3415, 0.2885742, 23.3415, 0.4521484, 0.89775, -0.0062104, 23.3415, 0.9267578, 23.3415, 0.3295898, 23.3415, 0.125, 0.89775, -0.0058747, 23.3415, 0.4262695, 23.3415, -0.9003906, 23.3415, 0.1079102, 0.89775, 0.0125887, 23.3415, -0.4394531, 23.3415, -0.8666992, 23.3415, 0.2236328, , , , , , , , , , , , , , , , , , , , , , 
0.8982692, 0.01561, 23.355, -0.7626953, 23.355, 0.3032227, 23.355, 0.4248047, 0.8982692, -0.0068818, 23.355, 0.9414062, 23.355, 0.340332, 23.355, 0.1508789, 0.8982692, -0.0048676, 23.355, 0.4189453, 23.355, -0.9169922, 23.355, 0.1035156, 0.8982692, 0.0099031, 23.355, -0.4418945, 23.355, -0.8691406, 23.355, 0.2246094, , , , , , , , , , , , , , , , , , , , , , 
0.8987885, 0.0169528, 23.3685, -0.7626953, 23.3685, 0.3193359, 23.3685, 0.409668, 0.8987885, -0.006714, 23.3685, 0.9160156, 23.3685, 0.3510742, 23.3685, 0.1484375, 0.8987885, -0.0050355, 23.3685, 0.3740234, 23.3685, -0.9370117, 23.3685, 0.1015625, 0.8987885, 0.0085603, 23.3685, -0.4384766, 23.3685, -0.8579102, 23.3685, 0.215332, , , , , , , , , , , , , , , , , , , , , , 
0.8993077, 0.0142672, 23.382, -0.7700195, 23.382, 0.3051758, 23.382, 0.4321289, 0.8993077, -0.0057069, 23.382, 0.8989258, 23.382, 0.3515625, 23.382, 0.1401367, 0.8993077, -0.0068818, 23.382, 0.3618164, 23.382, -0.9321289, 23.382, 0.105957, 0.8993077, 0.0104067, 23.382, -0.4335938, 23.382, -0.8505859, 23.382, 0.2133789, , , , , , , , , , , , , , , , , , , , , , 
0.8998269, 0.0146029, 23.3955, -0.7729492, 23.3955, 0.2841797, 23.3955, 0.4389648, 0.8998269, -0.0075532, 23.3955, 0.9233398, 23.3955, 0.3271484, 23.3955, 0.1357422, 0.8998269, -0.0092317, 23.3955, 0.3886719, 23.3955, -0.909668, 23.3955, 0.1000977, 0.8998269, 0.0095674, 23.3955, -0.4233398, 23.3955, -0.8588867, 23.3955, 0.2177734, , , , , , , , , , , , , , , , , , , , , , 
0.9003462, 0.0166171, 23.409, -0.7568359, 23.409, 0.2749023, 23.409, 0.4423828, 0.9003462, -0.0092317, 23.409, 0.9248047, 23.409, 0.3120117, 23.409, 0.1313477, 0.9003462, -0.0105745, 23.409, 0.4272461, 23.409, -0.9008789, 23.409, 0.1005859, 0.9003462, 0.0072175, 23.409, -0.4213867, 23.409, -0.8720703, 23.409, 0.2265625, , , , , , , , , , , , , , , , , , , , , , 
0.9008654, 0.0206455, 23.4225, -0.7563477, 23.4225, 0.2768555, 23.4225, 0.4384766, 0.9008654, -0.0095674, 23.4225, 0.9277344, 23.4225, 0.3198242, 23.4225, 0.1416016, 0.9008654, -0.008896, 23.4225, 0.425293, 23.4225, -0.9135742, 23.4225, 0.0908203, 0.9008654, 0.0063783, 23.4225, -0.4238281, 23.4225, -0.8745117, 23.4225, 0.2319336, , , , , , , , , , , , , , , , , , , , , , 
0.9013846, 0.0270237, 23.436, -0.7714844, 23.436, 0.2861328, 23.436, 0.4301758, 0.9013846, -0.008896, 23.436, 0.9150391, 23.436, 0.3261719, 23.436, 0.1391602, 0.9013846, -0.0078889, 23.436, 0.4033203, 23.436, -0.925293, 23.436, 0.0966797, 0.9013846, 0.0065461, 23.436, -0.4335938, 23.436, -0.8759766, 23.436, 0.2368164, , , , , , , , , , , , , , , , , , , , , , 
0.9019038, 0.0273594, 23.4495, -0.7792969, 23.4495, 0.2871094, 23.4495, 0.4360352, 0.9019038, -0.0068818, 23.4495, 0.9145508, 23.4495, 0.3237305, 23.4495, 0.1396484, 0.9019038, -0.0092317, 23.4495, 0.3969727, 23.4495, -0.9262695, 23.4495, 0.0961914, 0.9019038, 0.0052033, 23.4495, -0.4389648, 23.4495, -0.8696289, 23.4495, 0.2368164, , , , , , , , , , , , , , , , , , , , , , 
0.9024231, 0.0240024, 23.463, -0.7626953, 23.463, 0.2758789, 23.463, 0.4399414, 0.9024231, -0.0077211, 23.463, 0.909668, 23.463, 0.3120117, 23.463, 0.1289062, 0.9024231, -0.0102388, 23.463, 0.4008789, 23.463, -0.9106445, 23.463, 0.0991211, 0.9024231, 0.0031891, 23.463, -0.4379883, 23.463, -0.8642578, 23.463, 0.2280273, , , , , , , , , , , , , , , , , , , , , , 
0.9029423, 0.0186313, 23.4765, -0.7490234, 23.4765, 0.2788086, 23.4765, 0.4482422, 0.9029423, -0.0099031, 23.4765, 0.9086914, 23.4765, 0.3125, 23.4765, 0.1293945, 0.9029423, -0.0085603, 23.4765, 0.4072266, 23.4765, -0.9003906, 23.4765, 0.1030273, 0.9029423, 0.0035248, 23.4765, -0.4316406, 23.4765, -0.8618164, 23.4765, 0.2255859, , , , , , , , , , , , , , , , , , , , , , 
0.9034615, 0.0125887, 23.49, -0.7578125, 23.49, 0.2949219, 23.49, 0.4296875, 0.9034615, -0.011078, 23.49, 0.9301758, 23.49, 0.3266602, 23.49, 0.1342773, 0.9034615, -0.0070497, 23.49, 0.4121094, 23.49, -0.9018555, 23.49, 0.105957, 0.9034615, 0.0085603, 23.49, -0.4487305, 23.49, -0.8676758, 23.49, 0.2299805, , , , , , , , , , , , , , , , , , , , , , 
0.9039808, 0.0119173, 23.5035, -0.7602539, 23.5035, 0.3071289, 23.5035, 0.4125977, 0.9039808, -0.0115816, 23.5035, 0.9008789, 23.5035, 0.3452148, 23.5035, 0.1328125, 0.9039808, -0.0082246, 23.5035, 0.3920898, 23.5035, -0.9204102, 23.5035, 0.1103516, 0.9039808, 0.0114137, 23.5035, -0.4550781, 23.5035, -0.8613281, 23.5035, 0.2250977, , , , , , , , , , , , , , , , , , , , , , 
0.9045, 0.0159457, 23.517, -0.7426758, 23.517, 0.3032227, 23.517, 0.4296875, 0.9045, -0.011078, 23.517, 0.8647461, 23.517, 0.3515625, 23.517, 0.1337891, 0.9045, -0.0072175, 23.517, 0.3706055, 23.517, -0.9179688, 23.517, 0.1206055, 0.9045, 0.0092317, 23.517, -0.4472656, 23.517, -0.8427734, 23.517, 0.2167969, , , , , , , , , , , , , , , , , , , , , , 
0.9050192, 0.0182956, 23.5305, -0.7216797, 23.5305, 0.2993164, 23.5305, 0.4365234, 0.9050192, -0.008896, 23.5305, 0.8789062, 23.5305, 0.3408203, 23.5305, 0.1152344, 0.9050192, -0.0058747, 23.5305, 0.3779297, 23.5305, -0.8925781, 23.5305, 0.1196289, 0.9050192, 0.0048676, 23.5305, -0.4404297, 23.5305, -0.8364258, 23.5305, 0.2099609, , , , , , , , , , , , , , , , , , , , , , 
0.9055385, 0.0193027, 23.544, -0.7226562, 23.544, 0.2993164, 23.544, 0.425293, 0.9055385, -0.0070497, 23.544, 0.9067383, 23.544, 0.328125, 23.544, 0.1230469, 0.9055385, -0.0075532, 23.544, 0.4086914, 23.544, -0.8769531, 23.544, 0.1201172, 0.9055385, -0.0020142, 23.544, -0.4423828, 23.544, -0.8413086, 23.544, 0.2055664, , , , , , , , , , , , , , , , , , , , , , 
0.9060577, 0.0176242, 23.5575, -0.7275391, 23.5575, 0.3037109, 23.5575, 0.394043, 0.9060577, -0.0072175, 23.5575, 0.8969727, 23.5575, 0.34375, 23.5575, 0.1328125, 0.9060577, -0.0095674, 23.5575, 0.3969727, 23.5575, -0.8935547, 23.5575, 0.1264648, 0.9060577, -0.0087282, 23.5575, -0.453125, 23.5575, -0.8500977, 23.5575, 0.1982422, , , , , , , , , , , , , , , , , , , , , , 
0.9065769, 0.0112459, 23.571, -0.7177734, 23.571, 0.3154297, 23.571, 0.3911133, 0.9065769, -0.0082246, 23.571, 0.8681641, 23.571, 0.3569336, 23.571, 0.1328125, 0.9065769, -0.0095674, 23.571, 0.3525391, 23.571, -0.9057617, 23.571, 0.1210938, 0.9065769, -0.0102388, 23.571, -0.4555664, 23.571, -0.8486328, 23.571, 0.1972656, , , , , , , , , , , , , , , , , , , , , , 
0.9070962, 0.0065461, 23.5845, -0.7104492, 23.5845, 0.3183594, 23.5845, 0.402832, 0.9070962, -0.0077211, 23.5845, 0.8188477, 23.5845, 0.3676758, 23.5845, 0.1186523, 0.9070962, -0.0109102, 23.5845, 0.3305664, 23.5845, -0.8916016, 23.5845, 0.1318359, 0.9070962, -0.0105745, 23.5845, -0.4526367, 23.5845, -0.8305664, 23.5845, 0.1958008, , , , , , , , , , , , , , , , , , , , , , 
0.9076154, 0.0077211, 23.598, -0.7006836, 23.598, 0.3085938, 23.598, 0.4233398, 0.9076154, -0.0045319, 23.598, 0.8295898, 23.598, 0.3491211, 23.598, 0.0976562, 0.9076154, -0.014435, 23.598, 0.3398438, 23.598, -0.8808594, 23.598, 0.1333008, 0.9076154, -0.0109102, 23.598, -0.4448242, 23.598, -0.815918, 23.598, 0.199707, , , , , , , , , , , , , , , , , , , , , , 
0.9081346, 0.0078889, 23.6115, -0.7026367, 23.6115, 0.2954102, 23.6115, 0.4204102, 0.9081346, -0.005539, 23.6115, 0.8720703, 23.6115, 0.3208008, 23.6115, 0.105957, 0.9081346, -0.0149386, 23.6115, 0.3813477, 23.6115, -0.8657227, 23.6115, 0.1293945, 0.9081346, -0.0087282, 23.6115, -0.4570312, 23.6115, -0.8242188, 23.6115, 0.203125, , , , , , , , , , , , , , , , , , , , , , 
0.9086538, 0.0062104, 23.625, -0.6977539, 23.625, 0.2880859, 23.625, 0.4101562, 0.9086538, -0.0072175, 23.625, 0.8779297, 23.625, 0.3217773, 23.625, 0.1103516, 0.9086538, -0.0112459, 23.625, 0.4106445, 23.625, -0.875, 23.625, 0.1259766, 0.9086538, -0.0045319, 23.625, -0.4667969, 23.625, -0.8442383, 23.625, 0.2055664, , , , , , , , , , , , , , , , , , , , , , 
0.9091731, 0.0075532, 23.6385, -0.6850586, 23.6385, 0.293457, 23.6385, 0.390625, 0.9091731, -0.0075532, 23.6385, 0.8544922, 23.6385, 0.3422852, 23.6385, 0.1103516, 0.9091731, -0.0092317, 23.6385, 0.3911133, 23.6385, -0.8842773, 23.6385, 0.1313477, 0.9091731, 0.0011749, 23.6385, -0.4555664, 23.6385, -0.8383789, 23.6385, 0.2172852, , , , , , , , , , , , , , , , , , , , , , 
0.9096923, 0.0112459, 23.652, -0.6787109, 23.652, 0.3056641, 23.652, 0.4008789, 0.9096923, -0.005539, 23.652, 0.7988281, 23.652, 0.359375, 23.652, 0.1030273, 0.9096923, -0.0082246, 23.652, 0.3476562, 23.652, -0.8759766, 23.652, 0.1162109, 0.9096923, 0.0052033, 23.652, -0.4423828, 23.652, -0.8164062, 23.652, 0.2143555, , , , , , , , , , , , , , , , , , , , , , 
0.9102115, 0.0146029, 23.6655, -0.7089844, 23.6655, 0.2939453, 23.6655, 0.4121094, 0.9102115, -0.0052033, 23.6655, 0.8408203, 23.6655, 0.3256836, 23.6655, 0.137207, 0.9102115, -0.0075532, 23.6655, 0.3349609, 23.6655, -0.8686523, 23.6655, 0.1147461, 0.9102115, 0.0083925, 23.6655, -0.4384766, 23.6655, -0.8168945, 23.6655, 0.2011719, , , , , , , , , , , , , , , , , , , , , , 
0.9107308, 0.0146029, 23.679, -0.7260742, 23.679, 0.284668, 23.679, 0.3974609, 0.9107308, -0.0058747, 23.679, 0.8735352, 23.679, 0.2954102, 23.679, 0.144043, 0.9107308, -0.0085603, 23.679, 0.3720703, 23.679, -0.8828125, 23.679, 0.1259766, 0.9107308, 0.0105745, 23.679, -0.4467773, 23.679, -0.8427734, 23.679, 0.190918, , , , , , , , , , , , , , , , , , , , , , 
0.91125, 0.008896, 23.6925, -0.7192383, 23.6925, 0.2817383, 23.6925, 0.3891602, 0.91125, -0.0070497, 23.6925, 0.8774414, 23.6925, 0.2944336, 23.6925, 0.1411133, 0.91125, -0.0083925, 23.6925, 0.3886719, 23.6925, -0.8964844, 23.6925, 0.1425781, 0.91125, 0.0167849, 23.6925, -0.4545898, 23.6925, -0.8515625, 23.6925, 0.1938477, , , , , , , , , , , , , , , , , , , , , , 
0.9117692, 0.0041962, 23.706, -0.7016602, 23.706, 0.2890625, 23.706, 0.3911133, 0.9117692, -0.0082246, 23.706, 0.8686523, 23.706, 0.3066406, 23.706, 0.1162109, 0.9117692, -0.0063783, 23.706, 0.3525391, 23.706, -0.8876953, 23.706, 0.1318359, 0.9117692, 0.0256809, 23.706, -0.4492188, 23.706, -0.8261719, 23.706, 0.1992188, , , , , , , , , , , , , , , , , , , , , , 
0.9122885, 0.0062104, 23.7195, -0.6884766, 23.7195, 0.2827148, 23.7195, 0.4111328, 0.9122885, -0.0058747, 23.7195, 0.8291016, 23.7195, 0.3178711, 23.7195, 0.1186523, 0.9122885, -0.0062104, 23.7195, 0.3188477, 23.7195, -0.8530273, 23.7195, 0.1201172, 0.9122885, 0.0320592, 23.7195, -0.4428711, 23.7195, -0.809082, 23.7195, 0.2011719, , , , , , , , , , , , , , , , , , , , , , 
0.9128077, 0.0048676, 23.733, -0.6948242, 23.733, 0.2758789, 23.733, 0.4072266, 0.9128077, -0.0048676, 23.733, 0.8149414, 23.733, 0.2993164, 23.733, 0.121582, 0.9128077, -0.005539, 23.733, 0.3256836, 23.733, -0.8369141, 23.733, 0.1210938, 0.9128077, 0.0374304, 23.733, -0.4360352, 23.733, -0.7866211, 23.733, 0.2011719, , , , , , , , , , , , , , , , , , , , , , 
0.9133269, -0.0023499, 23.7465, -0.6992188, 23.7465, 0.2705078, 23.7465, 0.3964844, 0.9133269, -0.0065461, 23.7465, 0.8212891, 23.7465, 0.2768555, 23.7465, 0.1352539, 0.9133269, -0.0050355, 23.7465, 0.3671875, 23.7465, -0.8291016, 23.7465, 0.1430664, 0.9133269, 0.0421302, 23.7465, -0.4448242, 23.7465, -0.7841797, 23.7465, 0.1948242, , , , , , , , , , , , , , , , , , , , , , 
0.9138462, -0.0028534, 23.76, -0.6860352, 23.76, 0.2426758, 23.76, 0.3740234, 0.9138462, -0.008896, 23.76, 0.8378906, 23.76, 0.2602539, 23.76, 0.1323242, 0.9138462, -0.0046998, 23.76, 0.3574219, 23.76, -0.8334961, 23.76, 0.121582, 0.9138462, 0.043473, 23.76, -0.4487305, 23.76, -0.7875977, 23.76, 0.1884766, , , , , , , , , , , , , , , , , , , , , , 
0.9143654, 0.0050355, 23.7735, -0.6669922, 23.7735, 0.2333984, 23.7735, 0.3647461, 0.9143654, -0.0099031, 23.7735, 0.8066406, 23.7735, 0.262207, 23.7735, 0.1308594, 0.9143654, -0.0038605, 23.7735, 0.324707, 23.7735, -0.8232422, 23.7735, 0.0947266, 0.9143654, 0.0441444, 23.7735, -0.418457, 23.7735, -0.7900391, 23.7735, 0.1816406, , , , , , , , , , , , , , , , , , , , , , 
0.9148846, 0.0119173, 23.787, -0.6699219, 23.787, 0.2236328, 23.787, 0.387207, 0.9148846, -0.0112459, 23.787, 0.7998047, 23.787, 0.2612305, 23.787, 0.1074219, 0.9148846, -0.0035248, 23.787, 0.3139648, 23.787, -0.8164062, 23.787, 0.078125, 0.9148846, 0.0448157, 23.787, -0.3676758, 23.787, -0.7915039, 23.787, 0.1777344, , , , , , , , , , , , , , , , , , , , , , 
0.9154038, 0.014435, 23.8005, -0.6884766, 23.8005, 0.2177734, 23.8005, 0.3886719, 0.9154038, -0.0112459, 23.8005, 0.8222656, 23.8005, 0.2475586, 23.8005, 0.1259766, 0.9154038, -0.0025177, 23.8005, 0.3452148, 23.8005, -0.8203125, 23.8005, 0.0756836, 0.9154038, 0.0417945, 23.8005, -0.3413086, 23.8005, -0.8027344, 23.8005, 0.1708984, , , , , , , , , , , , , , , , , , , , , , 
0.9159231, 0.0139315, 23.814, -0.6865234, 23.814, 0.2089844, 23.814, 0.3701172, 0.9159231, -0.0099031, 23.814, 0.847168, 23.814, 0.2363281, 23.814, 0.1245117, 0.9159231, -0.0015106, 23.814, 0.3857422, 23.814, -0.8300781, 23.814, 0.1064453, 0.9159231, 0.0357519, 23.814, -0.3427734, 23.814, -0.7973633, 23.814, 0.168457, , , , , , , , , , , , , , , , , , , , , , 
0.9164423, 0.0146029, 23.8275, -0.6547852, 23.8275, 0.1962891, 23.8275, 0.347168, 0.9164423, -0.008896, 23.8275, 0.8203125, 23.8275, 0.222168, 23.8275, 0.109375, 0.9164423, -0.0011749, 23.8275, 0.3798828, 23.8275, -0.831543, 23.8275, 0.1166992, 0.9164423, 0.030045, 23.8275, -0.355957, 23.8275, -0.7749023, 23.8275, 0.1796875, , , , , , , , , , , , , , , , , , , , , , 
0.9169615, 0.0199741, 23.841, -0.6474609, 23.841, 0.1757812, 23.841, 0.3706055, 0.9169615, -0.0095674, 23.841, 0.7583008, 23.841, 0.2133789, 23.841, 0.1191406, 0.9169615, -0.0028534, 23.841, 0.3486328, 23.841, -0.7822266, 23.841, 0.0625, 0.9169615, 0.0250095, 23.841, -0.3422852, 23.841, -0.7519531, 23.841, 0.1870117, , , , , , , , , , , , , , , , , , , , , , 
0.9174808, 0.0246738, 23.8545, -0.6762695, 23.8545, 0.1455078, 23.8545, 0.3764648, 0.9174808, -0.0082246, 23.8545, 0.7866211, 23.8545, 0.1835938, 23.8545, 0.1337891, 0.9174808, -0.0048676, 23.8545, 0.3139648, 23.8545, -0.7485352, 23.8545, 0.043457, 0.9174808, 0.0182956, 23.8545, -0.3227539, 23.8545, -0.7543945, 23.8545, 0.1972656, , , , , , , , , , , , , , , , , , , , , , 
0.918, 0.0293736, 23.868, -0.6992188, 23.868, 0.1391602, 23.868, 0.3535156, 0.918, -0.0078889, 23.868, 0.8046875, 23.868, 0.1547852, 23.868, 0.1323242, 0.918, -0.005539, 23.868, 0.3325195, 23.868, -0.7475586, 23.868, 0.0493164, 0.918, 0.0105745, 23.868, -0.3227539, 23.868, -0.7670898, 23.868, 0.2026367, , , , , , , , , , , , , , , , , , , , , , 
0.9185192, 0.0307164, 23.8815, -0.6870117, 23.8815, 0.1381836, 23.8815, 0.3300781, 0.9185192, -0.0077211, 23.8815, 0.824707, 23.8815, 0.140625, 23.8815, 0.152832, 0.9185192, -0.0048676, 23.8815, 0.3842773, 23.8815, -0.7753906, 23.8815, 0.0581055, 0.9185192, 0.0053712, 23.8815, -0.3334961, 23.8815, -0.7792969, 23.8815, 0.2021484, , , , , , , , , , , , , , , , , , , , , , 
0.9190385, 0.0293736, 23.895, -0.6743164, 23.895, 0.1362305, 23.895, 0.3549805, 0.9190385, -0.0082246, 23.895, 0.7944336, 23.895, 0.144043, 23.895, 0.1347656, 0.9190385, -0.0041962, 23.895, 0.371582, 23.895, -0.8046875, 23.895, 0.0429688, 0.9190385, 0.0008392, 23.895, -0.3344727, 23.895, -0.7636719, 23.895, 0.1992188, , , , , , , , , , , , , , , , , , , , , , 
0.9195577, 0.0323949, 23.9085, -0.6503906, 23.9085, 0.125, 23.9085, 0.3608398, 0.9195577, -0.0075532, 23.9085, 0.7519531, 23.9085, 0.1557617, 23.9085, 0.1054688, 0.9195577, -0.0070497, 23.9085, 0.3276367, 23.9085, -0.796875, 23.9085, 0.0332031, 0.9195577, -0.0048676, 23.9085, -0.3076172, 23.9085, -0.7436523, 23.9085, 0.1933594, , , , , , , , , , , , , , , , , , , , , , 
0.9200769, 0.0320592, 23.922, -0.6459961, 23.922, 0.1181641, 23.922, 0.3520508, 0.9200769, -0.0062104, 23.922, 0.7636719, 23.922, 0.1352539, 23.922, 0.1069336, 0.9200769, -0.0112459, 23.922, 0.3100586, 23.922, -0.7553711, 23.922, 0.046875, 0.9200769, -0.0068818, 23.922, -0.2797852, 23.922, -0.7246094, 23.922, 0.2041016, , , , , , , , , , , , , , , , , , , , , , 
0.9205962, 0.0292058, 23.9355, -0.6542969, 23.9355, 0.1098633, 23.9355, 0.3500977, 0.9205962, -0.0063783, 23.9355, 0.7836914, 23.9355, 0.112793, 23.9355, 0.1313477, 0.9205962, -0.0135958, 23.9355, 0.3447266, 23.9355, -0.7216797, 23.9355, 0.0380859, 0.9205962, -0.0065461, 23.9355, -0.2851562, 23.9355, -0.7104492, 23.9355, 0.206543, , , , , , , , , , , , , , , , , , , , , , 
0.9211154, 0.0280308, 23.949, -0.6591797, 23.949, 0.1108398, 23.949, 0.3300781, 0.9211154, -0.0075532, 23.949, 0.777832, 23.949, 0.1108398, 23.949, 0.1494141, 0.9211154, -0.0125887, 23.949, 0.3676758, 23.949, -0.7202148, 23.949, 0.0224609, 0.9211154, -0.0072175, 23.949, -0.2998047, 23.949, -0.7133789, 23.949, 0.1982422, , , , , , , , , , , , , , , , , , , , , , 
0.9216346, 0.0293736, 23.9625, -0.6577148, 23.9625, 0.1054688, 23.9625, 0.3037109, 0.9216346, -0.0080568, 23.9625, 0.7871094, 23.9625, 0.1171875, 23.9625, 0.1733398, 0.9216346, -0.012253, 23.9625, 0.3461914, 23.9625, -0.7441406, 23.9625, -0.0014648, 0.9216346, -0.0082246, 23.9625, -0.2817383, 23.9625, -0.7451172, 23.9625, 0.1972656, , , , , , , , , , , , , , , , , , , , , , 
0.9221538, 0.0290379, 23.976, -0.65625, 23.976, 0.0981445, 23.976, 0.3081055, 0.9221538, -0.005539, 23.976, 0.7578125, 23.976, 0.1298828, 23.976, 0.1630859, 0.9221538, -0.012253, 23.976, 0.3110352, 23.976, -0.7797852, 23.976, -0.0107422, 0.9221538, -0.0078889, 23.976, -0.2358398, 23.976, -0.7724609, 23.976, 0.1835938, , , , , , , , , , , , , , , , , , , , , , 
0.9226731, 0.0263523, 23.9895, -0.6757812, 23.9895, 0.0639648, 23.9895, 0.3178711, 0.9226731, -0.0038605, 23.9895, 0.7539062, 23.9895, 0.0922852, 23.9895, 0.1401367, 0.9226731, -0.0112459, 23.9895, 0.3066406, 23.9895, -0.7939453, 23.9895, -0.0112305, 0.9226731, -0.0063783, 23.9895, -0.1987305, 23.9895, -0.7714844, 23.9895, 0.1767578, , , , , , , , , , , , , , , , , , , , , , 
0.9231923, 0.0218204, 24.003, -0.6801758, 24.003, 0.0327148, 24.003, 0.3110352, 0.9231923, -0.005539, 24.003, 0.7578125, 24.003, 0.0517578, 24.003, 0.1274414, 0.9231923, -0.0109102, 24.003, 0.3178711, 24.003, -0.7919922, 24.003, -0.0107422, 0.9231923, -0.0035248, 24.003, -0.1943359, 24.003, -0.7407227, 24.003, 0.1831055, , , , , , , , , , , , , , , , , , , , , , 
0.9237115, 0.0162814, 24.0165, -0.6499023, 24.0165, 0.0078125, 24.0165, 0.2895508, 0.9237115, -0.0078889, 24.0165, 0.7329102, 24.0165, 0.0258789, 24.0165, 0.1337891, 0.9237115, -0.0109102, 24.0165, 0.3251953, 24.0165, -0.7548828, 24.0165, -0.0214844, 0.9237115, -0.0005035, 24.0165, -0.1982422, 24.0165, -0.7299805, 24.0165, 0.1845703, , , , , , , , , , , , , , , , , , , , , , 
0.9242308, 0.0162814, 24.03, -0.6381836, 24.03, -0.003418, 24.03, 0.2973633, 0.9242308, -0.0072175, 24.03, 0.7338867, 24.03, 0.0087891, 24.03, 0.1625977, 0.9242308, -0.0095674, 24.03, 0.3374023, 24.03, -0.7167969, 24.03, -0.0380859, 0.9242308, 0.0011749, 24.03, -0.2001953, 24.03, -0.7236328, 24.03, 0.1870117, , , , , , , , , , , , , , , , , , , , , , 
0.92475, 0.0179599, 24.0435, -0.6386719, 24.0435, -0.0136719, 24.0435, 0.2758789, 0.92475, -0.0068818, 24.0435, 0.7719727, 24.0435, -0.0048828, 24.0435, 0.1860352, 0.92475, -0.008896, 24.0435, 0.3515625, 24.0435, -0.6899414, 24.0435, -0.065918, 0.92475, 0.0018463, 24.0435, -0.1904297, 24.0435, -0.7202148, 24.0435, 0.1899414, , , , , , , , , , , , , , , , , , , , , , 
0.9252692, 0.023331, 24.057, -0.6679688, 24.057, -0.0288086, 24.057, 0.215332, 0.9252692, -0.0058747, 24.057, 0.7836914, 24.057, -0.0200195, 24.057, 0.2163086, 0.9252692, -0.0104067, 24.057, 0.3256836, 24.057, -0.7050781, 24.057, -0.081543, 0.9252692, -0.002182, 24.057, -0.1762695, 24.057, -0.7348633, 24.057, 0.1938477, , , , , , , , , , , , , , , , , , , , , , 
0.9257885, 0.0236667, 24.0705, -0.6889648, 24.0705, -0.0644531, 24.0705, 0.230957, 0.9257885, -0.0058747, 24.0705, 0.7597656, 24.0705, -0.0351562, 24.0705, 0.2177734, 0.9257885, -0.0129244, 24.0705, 0.2895508, 24.0705, -0.7431641, 24.0705, -0.105957, 0.9257885, -0.008896, 24.0705, -0.1582031, 24.0705, -0.7568359, 24.0705, 0.1914062, , , , , , , , , , , , , , , , , , , , , , 
0.9263077, 0.0146029, 24.084, -0.6904297, 24.084, -0.0864258, 24.084, 0.2431641, 0.9263077, -0.0057069, 24.084, 0.6953125, 24.084, -0.0595703, 24.084, 0.2045898, 0.9263077, -0.0149386, 24.084, 0.2695312, 24.084, -0.7670898, 24.084, -0.1049805, 0.9263077, -0.012253, 24.084, -0.1220703, 24.084, -0.7568359, 24.084, 0.1669922, , , , , , , , , , , , , , , , , , , , , , 
0.9268269, 0.0130922, 24.0975, -0.6958008, 24.0975, -0.1210938, 24.0975, 0.2446289, 0.9268269, -0.0065461, 24.0975, 0.7109375, 24.0975, -0.0966797, 24.0975, 0.1948242, 0.9268269, -0.0140993, 24.0975, 0.2753906, 24.0975, -0.7490234, 24.0975, -0.0976562, 0.9268269, -0.0140993, 24.0975, -0.0976562, 24.0975, -0.7353516, 24.0975, 0.1630859, , , , , , , , , , , , , , , , , , , , , , 
0.9273462, 0.0159457, 24.111, -0.6958008, 24.111, -0.1323242, 24.111, 0.2412109, 0.9273462, -0.005539, 24.111, 0.75, 24.111, -0.128418, 24.111, 0.2280273, 0.9273462, -0.012253, 24.111, 0.2988281, 24.111, -0.7084961, 24.111, -0.1137695, 0.9273462, -0.0135958, 24.111, -0.0966797, 24.111, -0.7197266, 24.111, 0.1586914, , , , , , , , , , , , , , , , , , , , , , 
0.9278654, 0.0172885, 24.1245, -0.7011719, 24.1245, -0.152832, 24.1245, 0.2041016, 0.9278654, -0.0041962, 24.1245, 0.7856445, 24.1245, -0.1591797, 24.1245, 0.2797852, 0.9278654, -0.0115816, 24.1245, 0.2944336, 24.1245, -0.7021484, 24.1245, -0.1337891, 0.9278654, -0.0117494, 24.1245, -0.1049805, 24.1245, -0.7285156, 24.1245, 0.1816406, , , , , , , , , , , , , , , , , , , , , , 
0.9283846, 0.0164492, 24.138, -0.7241211, 24.138, -0.184082, 24.138, 0.1928711, 0.9283846, -0.0041962, 24.138, 0.7685547, 24.138, -0.1904297, 24.138, 0.2412109, 0.9283846, -0.012253, 24.138, 0.262207, 24.138, -0.7163086, 24.138, -0.1894531, 0.9283846, -0.0085603, 24.138, -0.0859375, 24.138, -0.7617188, 24.138, 0.2104492, , , , , , , , , , , , , , , , , , , , , , 
0.9289038, 0.0176242, 24.1515, -0.7446289, 24.1515, -0.2172852, 24.1515, 0.2514648, 0.9289038, -0.0041962, 24.1515, 0.7084961, 24.1515, -0.2075195, 24.1515, 0.1962891, 0.9289038, -0.0115816, 24.1515, 0.2763672, 24.1515, -0.7456055, 24.1515, -0.2387695, 0.9289038, -0.005539, 24.1515, -0.0410156, 24.1515, -0.8164062, 24.1515, 0.2094727, , , , , , , , , , , , , , , , , , , , , , 
0.9294231, 0.0166171, 24.165, -0.7397461, 24.165, -0.2431641, 24.165, 0.3081055, 0.9294231, -0.0031891, 24.165, 0.706543, 24.165, -0.2202148, 24.165, 0.1459961, 0.9294231, -0.0102388, 24.165, 0.3618164, 24.165, -0.7709961, 24.165, -0.2104492, 0.9294231, 0.0001678, 24.165, -0.0131836, 24.165, -0.8388672, 24.165, 0.2084961, , , , , , , , , , , , , , , , , , , , , , 
0.9299423, 0.0127565, 24.1785, -0.7231445, 24.1785, -0.2338867, 24.1785, 0.293457, 0.9299423, -0.003357, 24.1785, 0.7915039, 24.1785, -0.2407227, 24.1785, 0.1977539, 0.9299423, -0.0125887, 24.1785, 0.4277344, 24.1785, -0.753418, 24.1785, -0.1938477, 0.9299423, 0.0065461, 24.1785, 0.015625, 24.1785, -0.8251953, 24.1785, 0.2294922, , , , , , , , , , , , , , , , , , , , , , 
0.9304615, 0.0125887, 24.192, -0.7109375, 24.192, -0.1977539, 24.192, 0.2871094, 0.9304615, -0.0041962, 24.192, 0.8188477, 24.192, -0.2382812, 24.192, 0.1967773, 0.9304615, -0.0161135, 24.192, 0.4238281, 24.192, -0.7338867, 24.192, -0.2250977, 0.9304615, 0.0119173, 24.192, -0.015625, 24.192, -0.7792969, 24.192, 0.2480469, , , , , , , , , , , , , , , , , , , , , , 
0.9309808, 0.0115816, 24.2055, -0.7319336, 24.2055, -0.1791992, 24.2055, 0.2851562, 0.9309808, -0.0058747, 24.2055, 0.8168945, 24.2055, -0.2143555, 24.2055, 0.2006836, 0.9309808, -0.01561, 24.2055, 0.4042969, 24.2055, -0.7568359, 24.2055, -0.2441406, 0.9309808, 0.0166171, 24.2055, 0.0068359, 24.2055, -0.793457, 24.2055, 0.2373047, , , , , , , , , , , , , , , , , , , , , , 
0.9315, 0.0062104, 24.219, -0.7319336, 24.219, -0.2006836, 24.219, 0.2670898, 0.9315, -0.0082246, 24.219, 0.7958984, 24.219, -0.1987305, 24.219, 0.1855469, 0.9315, -0.0129244, 24.219, 0.3618164, 24.219, -0.7895508, 24.219, -0.2294922, 0.9315, 0.0219883, 24.219, 0.1171875, 24.219, -0.8237305, 24.219, 0.1870117, , , , , , , , , , , , , , , , , , , , , , 
0.9320192, 0.0018463, 24.2325, -0.7543945, 24.2325, -0.2353516, 24.2325, 0.2568359, 0.9320192, -0.0105745, 24.2325, 0.7763672, 24.2325, -0.1953125, 24.2325, 0.215332, 0.9320192, -0.0109102, 24.2325, 0.3422852, 24.2325, -0.8120117, 24.2325, -0.2436523, 0.9320192, 0.0287022, 24.2325, 0.2036133, 24.2325, -0.831543, 24.2325, 0.1328125, , , , , , , , , , , , , , , , , , , , , , 
0.9325385, -0.0011749, 24.246, -0.7788086, 24.246, -0.2509766, 24.246, 0.262207, 0.9325385, -0.0119173, 24.246, 0.8232422, 24.246, -0.2368164, 24.246, 0.230957, 0.9325385, -0.0070497, 24.246, 0.3481445, 24.246, -0.8149414, 24.246, -0.2578125, 0.9325385, 0.0357519, 24.246, 0.1865234, 24.246, -0.8227539, 24.246, 0.1079102, , , , , , , , , , , , , , , , , , , , , , 
0.9330577, -0.0052033, 24.2595, -0.800293, 24.2595, -0.2670898, 24.2595, 0.2602539, 0.9330577, -0.0127565, 24.2595, 0.8076172, 24.2595, -0.2661133, 24.2595, 0.2265625, 0.9330577, -0.002182, 24.2595, 0.3613281, 24.2595, -0.8227539, 24.2595, -0.253418, 0.9330577, 0.0407874, 24.2595, 0.1166992, 24.2595, -0.8383789, 24.2595, 0.1635742, , , , , , , , , , , , , , , , , , , , , , 
0.9335769, -0.0068818, 24.273, -0.784668, 24.273, -0.2734375, 24.273, 0.2514648, 0.9335769, -0.0129244, 24.273, 0.7597656, 24.273, -0.2792969, 24.273, 0.2148438, 0.9335769, 0.0018463, 24.273, 0.3583984, 24.273, -0.8222656, 24.273, -0.2817383, 0.9335769, 0.0419623, 24.273, 0.0600586, 24.273, -0.8666992, 24.273, 0.2280273, , , , , , , , , , , , , , , , , , , , , , 
0.9340962, -0.0048676, 24.2865, -0.7592773, 24.2865, -0.2827148, 24.2865, 0.2983398, 0.9340962, -0.0117494, 24.2865, 0.7744141, 24.2865, -0.2998047, 24.2865, 0.2324219, 0.9340962, 0.0018463, 24.2865, 0.3457031, 24.2865, -0.7963867, 24.2865, -0.3115234, 0.9340962, 0.043473, 24.2865, 0.0537109, 24.2865, -0.8662109, 24.2865, 0.2275391, , , , , , , , , , , , , , , , , , , , , , 
0.9346154, -0.0001678, 24.3, -0.7919922, 24.3, -0.2988281, 24.3, 0.2817383, 0.9346154, -0.012253, 24.3, 0.8691406, 24.3, -0.331543, 24.3, 0.2680664, 0.9346154, -0.0016785, 24.3, 0.3242188, 24.3, -0.8134766, 24.3, -0.2949219, 0.9346154, 0.0461585, 24.3, 0.0771484, 24.3, -0.8867188, 24.3, 0.2089844, , , , , , , , , , , , , , , , , , , , , , 
0.9351346, 0.0035248, 24.3135, -0.8540039, 24.3135, -0.3393555, 24.3135, 0.2451172, 0.9351346, -0.012253, 24.3135, 0.8862305, 24.3135, -0.3544922, 24.3135, 0.2509766, 0.9351346, -0.0043641, 24.3135, 0.3374023, 24.3135, -0.8730469, 24.3135, -0.3085938, 0.9351346, 0.0471656, 24.3135, 0.0917969, 24.3135, -0.9033203, 24.3135, 0.1972656, , , , , , , , , , , , , , , , , , , , , , 
0.9356538, 0.0065461, 24.327, -0.8701172, 24.327, -0.3828125, 24.327, 0.2519531, 0.9356538, -0.0112459, 24.327, 0.8457031, 24.327, -0.3808594, 24.327, 0.2338867, 0.9356538, -0.0025177, 24.327, 0.3139648, 24.327, -0.9165039, 24.327, -0.3027344, 0.9356538, 0.0407874, 24.327, 0.1245117, 24.327, -0.925293, 24.327, 0.190918, , , , , , , , , , , , , , , , , , , , , , 
0.9361731, 0.0112459, 24.3405, -0.8198242, 24.3405, -0.3920898, 24.3405, 0.2709961, 0.9361731, -0.0097353, 24.3405, 0.8110352, 24.3405, -0.3974609, 24.3405, 0.2353516, 0.9361731, -0.0010071, 24.3405, 0.293457, 24.3405, -0.890625, 24.3405, -0.3325195, 0.9361731, 0.0327306, 24.3405, 0.1523438, 24.3405, -0.918457, 24.3405, 0.1962891, , , , , , , , , , , , , , , , , , , , , , 
0.9366923, 0.0152743, 24.354, -0.7978516, 24.354, -0.3862305, 24.354, 0.2915039, 0.9366923, -0.0083925, 24.354, 0.8105469, 24.354, -0.4140625, 24.354, 0.2460938, 0.9366923, -0.002182, 24.354, 0.3242188, 24.354, -0.8432617, 24.354, -0.3706055, 0.9366923, 0.0290379, 24.354, 0.1630859, 24.354, -0.9077148, 24.354, 0.1958008, , , , , , , , , , , , , , , , , , , , , , 
0.9372115, 0.0149386, 24.3675, -0.8432617, 24.3675, -0.3994141, 24.3675, 0.2587891, 0.9372115, -0.0078889, 24.3675, 0.8544922, 24.3675, -0.4384766, 24.3675, 0.2583008, 0.9372115, -0.0031891, 24.3675, 0.3818359, 24.3675, -0.8549805, 24.3675, -0.3652344, 0.9372115, 0.0280308, 24.3675, 0.1777344, 24.3675, -0.9233398, 24.3675, 0.1787109, , , , , , , , , , , , , , , , , , , , , , 
0.9377308, 0.0112459, 24.381, -0.8735352, 24.381, -0.4321289, 24.381, 0.2163086, 0.9377308, -0.008896, 24.381, 0.8828125, 24.381, -0.4541016, 24.381, 0.2827148, 0.9377308, -0.0028534, 24.381, 0.3911133, 24.381, -0.8725586, 24.381, -0.3691406, 0.9377308, 0.0270237, 24.381, 0.1933594, 24.381, -0.9389648, 24.381, 0.1801758, , , , , , , , , , , , , , , , , , , , , , 
0.93825, 0.0119173, 24.3945, -0.8632812, 24.3945, -0.4604492, 24.3945, 0.2275391, 0.93825, -0.0095674, 24.3945, 0.8447266, 24.3945, -0.46875, 24.3945, 0.2583008, 0.93825, -0.0018463, 24.3945, 0.3447266, 24.3945, -0.8994141, 24.3945, -0.3720703, 0.93825, 0.0238346, 24.3945, 0.2192383, 24.3945, -0.9257812, 24.3945, 0.1767578, , , , , , , , , , , , , , , , , , , , , , 
0.9387692, 0.0196384, 24.408, -0.8217773, 24.408, -0.4804688, 24.408, 0.2597656, 0.9387692, -0.0095674, 24.408, 0.7944336, 24.408, -0.4838867, 24.408, 0.2368164, 0.9387692, -0.0028534, 24.408, 0.2836914, 24.408, -0.8930664, 24.408, -0.3823242, 0.9387692, 0.0203098, 24.408, 0.2363281, 24.408, -0.9072266, 24.408, 0.175293, , , , , , , , , , , , , , , , , , , , , , 
0.9392885, 0.0258488, 24.4215, -0.8071289, 24.4215, -0.4863281, 24.4215, 0.2724609, 0.9392885, -0.0090639, 24.4215, 0.7792969, 24.4215, -0.4956055, 24.4215, 0.2241211, 0.9392885, -0.0050355, 24.4215, 0.2910156, 24.4215, -0.8696289, 24.4215, -0.3964844, 0.9392885, 0.0169528, 24.4215, 0.2480469, 24.4215, -0.9106445, 24.4215, 0.1713867, , , , , , , , , , , , , , , , , , , , , , 
0.9398077, 0.0226596, 24.435, -0.8232422, 24.435, -0.4760742, 24.435, 0.2797852, 0.9398077, -0.008896, 24.435, 0.8125, 24.435, -0.503418, 24.435, 0.237793, 0.9398077, -0.0075532, 24.435, 0.3525391, 24.435, -0.8588867, 24.435, -0.3964844, 0.9398077, 0.0152743, 24.435, 0.2539062, 24.435, -0.9296875, 24.435, 0.1552734, , , , , , , , , , , , , , , , , , , , , , 
0.9403269, 0.0172885, 24.4485, -0.8569336, 24.4485, -0.4711914, 24.4485, 0.2387695, 0.9403269, -0.0097353, 24.4485, 0.8720703, 24.4485, -0.5136719, 24.4485, 0.2783203, 0.9403269, -0.0082246, 24.4485, 0.3930664, 24.4485, -0.8823242, 24.4485, -0.4072266, 0.9403269, 0.0142672, 24.4485, 0.2636719, 24.4485, -0.9619141, 24.4485, 0.1474609, , , , , , , , , , , , , , , , , , , , , , 
0.9408462, 0.0132601, 24.462, -0.8623047, 24.462, -0.4833984, 24.462, 0.2182617, 0.9408462, -0.0095674, 24.462, 0.8598633, 24.462, -0.5073242, 24.462, 0.2788086, 0.9408462, -0.0082246, 24.462, 0.3505859, 24.462, -0.9321289, 24.462, -0.4208984, 0.9408462, 0.011078, 24.462, 0.28125, 24.462, -0.9902344, 24.462, 0.1484375, , , , , , , , , , , , , , , , , , , , , , 
0.9413654, 0.012253, 24.4755, -0.8325195, 24.4755, -0.4902344, 24.4755, 0.2573242, 0.9413654, -0.0082246, 24.4755, 0.8125, 24.4755, -0.4931641, 24.4755, 0.2524414, 0.9413654, -0.0082246, 24.4755, 0.2866211, 24.4755, -0.9643555, 24.4755, -0.4174805, 0.9413654, 0.0082246, 24.4755, 0.2890625, 24.4755, -0.9931641, 24.4755, 0.1523438, , , , , , , , , , , , , , , , , , , , , , 
0.9418846, 0.0139315, 24.489, -0.8325195, 24.489, -0.5024414, 24.489, 0.2875977, 0.9418846, -0.0078889, 24.489, 0.8486328, 24.489, -0.512207, 24.489, 0.2128906, 0.9418846, -0.0082246, 24.489, 0.2905273, 24.489, -0.965332, 24.489, -0.3886719, 0.9418846, 0.0052033, 24.489, 0.2978516, 24.489, -0.9780273, 24.489, 0.15625, , , , , , , , , , , , , , , , , , , , , , 
0.9424038, 0.0127565, 24.5025, -0.8691406, 24.5025, -0.515625, 24.5025, 0.2880859, 0.9424038, -0.0102388, 24.5025, 0.8676758, 24.5025, -0.5483398, 24.5025, 0.2397461, 0.9424038, -0.008896, 24.5025, 0.3432617, 24.5025, -0.9511719, 24.5025, -0.4160156, 0.9424038, 0.0010071, 24.5025, 0.2875977, 24.5025, -0.9692383, 24.5025, 0.1572266, , , , , , , , , , , , , , , , , , , , , , 
0.9429231, 0.0105745, 24.516, -0.9150391, 24.516, -0.5288086, 24.516, 0.2973633, 0.9429231, -0.0115816, 24.516, 0.8598633, 24.516, -0.5795898, 24.516, 0.2436523, 0.9429231, -0.0078889, 24.516, 0.371582, 24.516, -0.9458008, 24.516, -0.4248047, 0.9429231, -0.0028534, 24.516, 0.2749023, 24.516, -1.0029297, 24.516, 0.1542969, , , , , , , , , , , , , , , , , , , , , , 
0.9434423, 0.0137636, 24.5295, -0.8935547, 24.5295, -0.53125, 24.5295, 0.300293, 0.9434423, -0.0083925, 24.5295, 0.8549805, 24.5295, -0.5712891, 24.5295, 0.2314453, 0.9434423, -0.0075532, 24.5295, 0.4047852, 24.5295, -0.9438477, 24.5295, -0.4018555, 0.9434423, -0.0016785, 24.5295, 0.2861328, 24.5295, -1.0449219, 24.5295, 0.1826172, , , , , , , , , , , , , , , , , , , , , , 
0.9439615, 0.0166171, 24.543, -0.8623047, 24.543, -0.5317383, 24.543, 0.2900391, 0.9439615, -0.0062104, 24.543, 0.878418, 24.543, -0.5605469, 24.543, 0.2416992, 0.9439615, -0.0102388, 24.543, 0.4130859, 24.543, -0.9682617, 24.543, -0.4082031, 0.9439615, 0.0008392, 24.543, 0.2866211, 24.543, -1.0390625, 24.543, 0.1923828, , , , , , , , , , , , , , , , , , , , , , 
0.9444808, 0.01561, 24.5565, -0.8608398, 24.5565, -0.5356445, 24.5565, 0.2724609, 0.9444808, -0.0075532, 24.5565, 0.8999023, 24.5565, -0.5664062, 24.5565, 0.2514648, 0.9444808, -0.0102388, 24.5565, 0.3759766, 24.5565, -1, 24.5565, -0.421875, 0.9444808, 0.0008392, 24.5565, 0.2788086, 24.5565, -1.0195312, 24.5565, 0.1669922, , , , , , , , , , , , , , , , , , , , , , 
0.945, 0.0166171, 24.57, -0.878418, 24.57, -0.5634766, 24.57, 0.2436523, 0.945, -0.0082246, 24.57, 0.894043, 24.57, -0.5893555, 24.57, 0.269043, 0.945, -0.0092317, 24.57, 0.3110352, 24.57, -1.0205078, 24.57, -0.4389648, 0.945, -0.0018463, 24.57, 0.2866211, 24.57, -1.0361328, 24.57, 0.1455078, , , , , , , , , , , , , , , , , , , , , , 
0.9455192, 0.0206455, 24.5835, -0.8842773, 24.5835, -0.5854492, 24.5835, 0.2416992, 0.9455192, -0.0078889, 24.5835, 0.8486328, 24.5835, -0.6235352, 24.5835, 0.2719727, 0.9455192, -0.0099031, 24.5835, 0.2631836, 24.5835, -1.0214844, 24.5835, -0.4228516, 0.9455192, -0.0068818, 24.5835, 0.3037109, 24.5835, -1.0488281, 24.5835, 0.1323242, , , , , , , , , , , , , , , , , , , , , , 
0.9460385, 0.0224918, 24.597, -0.8779297, 24.597, -0.6220703, 24.597, 0.2416992, 0.9460385, -0.0082246, 24.597, 0.7827148, 24.597, -0.6425781, 24.597, 0.2651367, 0.9460385, -0.0125887, 24.597, 0.2514648, 24.597, -1.0097656, 24.597, -0.4604492, 0.9460385, -0.0109102, 24.597, 0.3061523, 24.597, -1.0297852, 24.597, 0.1220703, , , , , , , , , , , , , , , , , , , , , , 
0.9465577, 0.0169528, 24.6105, -0.8764648, 24.6105, -0.6376953, 24.6105, 0.2338867, 0.9465577, -0.0082246, 24.6105, 0.8037109, 24.6105, -0.6655273, 24.6105, 0.2822266, 0.9465577, -0.0132601, 24.6105, 0.2626953, 24.6105, -0.9868164, 24.6105, -0.4682617, 0.9465577, -0.0130922, 24.6105, 0.309082, 24.6105, -1.0146484, 24.6105, 0.1064453, , , , , , , , , , , , , , , , , , , , , , 
0.9470769, 0.0125887, 24.624, -0.8754883, 24.624, -0.6386719, 24.624, 0.2329102, 0.9470769, -0.0083925, 24.624, 0.855957, 24.624, -0.6850586, 24.624, 0.2626953, 0.9470769, -0.0112459, 24.624, 0.2978516, 24.624, -0.9829102, 24.624, -0.4375, 0.9470769, -0.0142672, 24.624, 0.3168945, 24.624, -1.0136719, 24.624, 0.1000977, , , , , , , , , , , , , , , , , , , , , , 
0.9475962, 0.0135958, 24.6375, -0.8652344, 24.6375, -0.6542969, 24.6375, 0.2495117, 0.9475962, -0.0087282, 24.6375, 0.8544922, 24.6375, -0.7016602, 24.6375, 0.3149414, 0.9475962, -0.0109102, 24.6375, 0.315918, 24.6375, -0.9882812, 24.6375, -0.4433594, 0.9475962, -0.0135958, 24.6375, 0.3457031, 24.6375, -1.0341797, 24.6375, 0.1035156, , , , , , , , , , , , , , , , , , , , , , 
0.9481154, 0.0125887, 24.651, -0.8579102, 24.651, -0.7011719, 24.651, 0.2290039, 0.9481154, -0.0082246, 24.651, 0.8789062, 24.651, -0.7368164, 24.651, 0.2548828, 0.9481154, -0.0109102, 24.651, 0.3442383, 24.651, -0.9892578, 24.651, -0.5126953, 0.9481154, -0.0105745, 24.651, 0.3920898, 24.651, -1.0537109, 24.651, 0.1142578, , , , , , , , , , , , , , , , , , , , , , 
0.9486346, 0.0065461, 24.6645, -0.9174805, 24.6645, -0.7539062, 24.6645, 0.3076172, 0.9486346, -0.0068818, 24.6645, 0.8569336, 24.6645, -0.7314453, 24.6645, 0.2124023, 0.9486346, -0.0095674, 24.6645, 0.3510742, 24.6645, -0.9887695, 24.6645, -0.4702148, 0.9486346, -0.0052033, 24.6645, 0.4492188, 24.6645, -1.0512695, 24.6645, 0.081543, , , , , , , , , , , , , , , , , , , , , , 
0.9491538, 0.0038605, 24.678, -0.8793945, 24.678, -0.6733398, 24.678, 0.2231445, 0.9491538, -0.0065461, 24.678, 0.7978516, 24.678, -0.6870117, 24.678, 0.2529297, 0.9491538, -0.0095674, 24.678, 0.3237305, 24.678, -1.0097656, 24.678, -0.4423828, 0.9491538, -0.0015106, 24.678, 0.4414062, 24.678, -1.046875, 24.678, 0.09375, , , , , , , , , , , , , , , , , , , , , , 
0.9496731, 0.0058747, 24.6915, -0.8481445, 24.6915, -0.6835938, 24.6915, 0.2773438, 0.9496731, -0.0072175, 24.6915, 0.8203125, 24.6915, -0.7148438, 24.6915, 0.2524414, 0.9496731, -0.0099031, 24.6915, 0.3461914, 24.6915, -1.012207, 24.6915, -0.4980469, 0.9496731, -0.0005035, 24.6915, 0.3920898, 24.6915, -1.0380859, 24.6915, 0.0888672, , , , , , , , , , , , , , , , , , , , , , 
0.9501923, 0.0065461, 24.705, -0.8657227, 24.705, -0.71875, 24.705, 0.2651367, 0.9501923, -0.0072175, 24.705, 0.8369141, 24.705, -0.7797852, 24.705, 0.2915039, 0.9501923, -0.0078889, 24.705, 0.3676758, 24.705, -1.019043, 24.705, -0.4902344, 0.9501923, 0.0011749, 24.705, 0.3837891, 24.705, -1.0712891, 24.705, 0.081543, , , , , , , , , , , , , , , , , , , , , , 
0.9507115, 0.0035248, 24.7185, -0.9267578, 24.7185, -0.7167969, 24.7185, 0.2202148, 0.9507115, -0.0065461, 24.7185, 0.8999023, 24.7185, -0.7666016, 24.7185, 0.2841797, 0.9507115, -0.0063783, 24.7185, 0.3193359, 24.7185, -1.074707, 24.7185, -0.4628906, 0.9507115, 0.0068818, 24.7185, 0.4082031, 24.7185, -1.137207, 24.7185, 0.109375, , , , , , , , , , , , , , , , , , , , , , 
0.9512308, 0.0001678, 24.732, -0.9091797, 24.732, -0.7192383, 24.732, 0.2744141, 0.9512308, -0.0062104, 24.732, 0.84375, 24.732, -0.7382812, 24.732, 0.2519531, 0.9512308, -0.005539, 24.732, 0.2983398, 24.732, -1.1157227, 24.732, -0.487793, 0.9512308, 0.0159457, 24.732, 0.3813477, 24.732, -1.1489258, 24.732, 0.1171875, , , , , , , , , , , , , , , , , , , , , , 
0.95175, 0.0015106, 24.7455, -0.8955078, 24.7455, -0.7480469, 24.7455, 0.3076172, 0.95175, -0.0057069, 24.7455, 0.8276367, 24.7455, -0.7705078, 24.7455, 0.2456055, 0.95175, -0.0048676, 24.7455, 0.2998047, 24.7455, -1.0986328, 24.7455, -0.4746094, 0.95175, 0.0253452, 24.7455, 0.3671875, 24.7455, -1.1137695, 24.7455, 0.1005859, , , , , , , , , , , , , , , , , , , , , , 
0.9522692, 0.0052033, 24.759, -0.8833008, 24.759, -0.7797852, 24.759, 0.2978516, 0.9522692, -0.0048676, 24.759, 0.8662109, 24.759, -0.8129883, 24.759, 0.2524414, 0.9522692, -0.0028534, 24.759, 0.3413086, 24.759, -1.09375, 24.759, -0.46875, 0.9522692, 0.0328985, 24.759, 0.3740234, 24.759, -1.1108398, 24.759, 0.1098633, , , , , , , , , , , , , , , , , , , , , , 
0.9527885, 0.0078889, 24.7725, -0.9194336, 24.7725, -0.7666016, 24.7725, 0.2851562, 0.9527885, -0.0062104, 24.7725, 0.9052734, 24.7725, -0.8046875, 24.7725, 0.2836914, 0.9527885, -0.0016785, 24.7725, 0.340332, 24.7725, -1.0991211, 24.7725, -0.4907227, 0.9527885, 0.0374304, 24.7725, 0.3701172, 24.7725, -1.125, 24.7725, 0.112793, , , , , , , , , , , , , , , , , , , , , , 
0.9533077, 0.0048676, 24.786, -0.9335938, 24.786, -0.7563477, 24.786, 0.2548828, 0.9533077, -0.008896, 24.786, 0.9262695, 24.786, -0.7944336, 24.786, 0.2939453, 0.9533077, -0.0015106, 24.786, 0.3022461, 24.786, -1.121582, 24.786, -0.4711914, 0.9533077, 0.0426337, 24.786, 0.3647461, 24.786, -1.1674805, 24.786, 0.0961914, , , , , , , , , , , , , , , , , , , , , , 
0.9538269, 0.0038605, 24.7995, -0.9140625, 24.7995, -0.7636719, 24.7995, 0.2661133, 0.9538269, -0.0102388, 24.7995, 0.9233398, 24.7995, -0.8017578, 24.7995, 0.2475586, 0.9538269, -0.0008392, 24.7995, 0.2827148, 24.7995, -1.1274414, 24.7995, -0.4619141, 0.9538269, 0.0491798, 24.7995, 0.3720703, 24.7995, -1.1772461, 24.7995, 0.0756836, , , , , , , , , , , , , , , , , , , , , , 
0.9543462, 0.0052033, 24.813, -0.9091797, 24.813, -0.8037109, 24.813, 0.296875, 0.9543462, -0.0112459, 24.813, 0.8554688, 24.813, -0.815918, 24.813, 0.2397461, 0.9543462, 0.0003357, 24.813, 0.2832031, 24.813, -1.1191406, 24.813, -0.4980469, 0.9543462, 0.0527047, 24.813, 0.3969727, 24.813, -1.1621094, 24.813, 0.0703125, , , , , , , , , , , , , , , , , , , , , , 
0.9548654, 0.0075532, 24.8265, -0.9013672, 24.8265, -0.8369141, 24.8265, 0.3339844, 0.9548654, -0.0109102, 24.8265, 0.8125, 24.8265, -0.8339844, 24.8265, 0.2265625, 0.9548654, 0.0006714, 24.8265, 0.3300781, 24.8265, -1.1083984, 24.8265, -0.4902344, 0.9548654, 0.052369, 24.8265, 0.4150391, 24.8265, -1.1450195, 24.8265, 0.0698242, , , , , , , , , , , , , , , , , , , , , , 
0.9553846, 0.0078889, 24.84, -0.8696289, 24.84, -0.8144531, 24.84, 0.3012695, 0.9553846, -0.0099031, 24.84, 0.890625, 24.84, -0.8388672, 24.84, 0.253418, 0.9553846, 0.0016785, 24.84, 0.3662109, 24.84, -1.112793, 24.84, -0.5014648, 0.9553846, 0.0495155, 24.84, 0.4418945, 24.84, -1.1313477, 24.84, 0.0605469, , , , , , , , , , , , , , , , , , , , , , 
0.9559038, 0.0072175, 24.8535, -0.8935547, 24.8535, -0.8134766, 24.8535, 0.269043, 0.9559038, -0.0085603, 24.8535, 0.9331055, 24.8535, -0.840332, 24.8535, 0.2626953, 0.9559038, 0.0011749, 24.8535, 0.3271484, 24.8535, -1.1337891, 24.8535, -0.4643555, 0.9559038, 0.0451514, 24.8535, 0.4521484, 24.8535, -1.1508789, 24.8535, 0.0571289, , , , , , , , , , , , , , , , , , , , , , 
0.9564231, 0.0085603, 24.867, -0.8881836, 24.867, -0.8408203, 24.867, 0.2592773, 0.9564231, -0.0090639, 24.867, 0.8647461, 24.867, -0.8662109, 24.867, 0.2416992, 0.9564231, -0.0011749, 24.867, 0.2958984, 24.867, -1.1264648, 24.867, -0.484375, 0.9564231, 0.0417945, 24.867, 0.4291992, 24.867, -1.1772461, 24.867, 0.0703125, , , , , , , , , , , , , , , , , , , , , , 
0.9569423, 0.0095674, 24.8805, -0.8442383, 24.8805, -0.855957, 24.8805, 0.3066406, 0.9569423, -0.0115816, 24.8805, 0.7724609, 24.8805, -0.8803711, 24.8805, 0.1967773, 0.9569423, -0.0028534, 24.8805, 0.3227539, 24.8805, -1.1025391, 24.8805, -0.4814453, 0.9569423, 0.0364233, 24.8805, 0.4243164, 24.8805, -1.1713867, 24.8805, 0.0708008, , , , , , , , , , , , , , , , , , , , , , 
0.9574615, 0.0137636, 24.894, -0.8251953, 24.894, -0.847168, 24.894, 0.2875977, 0.9574615, -0.0115816, 24.894, 0.7636719, 24.894, -0.8671875, 24.894, 0.2421875, 0.9574615, -0.0025177, 24.894, 0.3388672, 24.894, -1.1196289, 24.894, -0.4604492, 0.9574615, 0.0307164, 24.894, 0.4394531, 24.894, -1.1665039, 24.894, 0.0576172, , , , , , , , , , , , , , , , , , , , , , 
0.9579808, 0.018967, 24.9075, -0.862793, 24.9075, -0.8422852, 24.9075, 0.2182617, 0.9579808, -0.0099031, 24.9075, 0.8525391, 24.9075, -0.8671875, 24.9075, 0.2924805, 0.9579808, -0.0011749, 24.9075, 0.3251953, 24.9075, -1.1411133, 24.9075, -0.4672852, 0.9579808, 0.026688, 24.9075, 0.402832, 24.9075, -1.1821289, 24.9075, 0.0380859, , , , , , , , , , , , , , , , , , , , , , 
0.9585, 0.0236667, 24.921, -0.8823242, 24.921, -0.8383789, 24.921, 0.1904297, 0.9585, -0.008896, 24.921, 0.8500977, 24.921, -0.8671875, 24.921, 0.2744141, 0.9585, -0.0018463, 24.921, 0.2744141, 24.921, -1.1660156, 24.921, -0.4643555, 0.9585, 0.0243381, 24.921, 0.375, 24.921, -1.184082, 24.921, 0.0371094, , , , , , , , , , , , , , , , , , , , , , 
0.9590192, 0.0240024, 24.9345, -0.8574219, 24.9345, -0.8339844, 24.9345, 0.2158203, 0.9590192, -0.008896, 24.9345, 0.8188477, 24.9345, -0.8613281, 24.9345, 0.25, 0.9590192, -0.005539, 24.9345, 0.2109375, 24.9345, -1.1411133, 24.9345, -0.4785156, 0.9590192, 0.0223239, 24.9345, 0.3369141, 24.9345, -1.1586914, 24.9345, 0.0400391, , , , , , , , , , , , , , , , , , , , , , 
0.9595385, 0.0253452, 24.948, -0.7783203, 24.948, -0.8486328, 24.948, 0.2875977, 0.9595385, -0.0095674, 24.948, 0.7285156, 24.948, -0.8422852, 24.948, 0.1928711, 0.9595385, -0.0085603, 24.948, 0.1977539, 24.948, -1.0893555, 24.948, -0.4711914, 0.9595385, 0.0213169, 24.948, 0.3457031, 24.948, -1.1220703, 24.948, 0.0595703, , , , , , , , , , , , , , , , , , , , , , 
0.9600577, 0.0293736, 24.9615, -0.7255859, 24.9615, -0.8354492, 24.9615, 0.2871094, 0.9600577, -0.0082246, 24.9615, 0.6899414, 24.9615, -0.8359375, 24.9615, 0.1962891, 0.9600577, -0.0105745, 24.9615, 0.3046875, 24.9615, -1.0839844, 24.9615, -0.4282227, 0.9600577, 0.0213169, 24.9615, 0.3696289, 24.9615, -1.1162109, 24.9615, 0.0708008, , , , , , , , , , , , , , , , , , , , , , 
0.9605769, 0.030045, 24.975, -0.7709961, 24.975, -0.7832031, 24.975, 0.2993164, 0.9605769, -0.005539, 24.975, 0.7929688, 24.975, -0.8369141, 24.975, 0.1806641, 0.9605769, -0.0112459, 24.975, 0.4033203, 24.975, -1.1147461, 24.975, -0.3681641, 0.9605769, 0.0208133, 24.975, 0.3759766, 24.975, -1.1542969, 24.975, 0.0439453, , , , , , , , , , , , , , , , , , , , , , 
0.9610962, 0.0223239, 24.9885, -0.815918, 24.9885, -0.7250977, 24.9885, 0.2895508, 0.9610962, -0.0048676, 24.9885, 0.8334961, 24.9885, -0.7841797, 24.9885, 0.1948242, 0.9610962, -0.0105745, 24.9885, 0.3930664, 24.9885, -1.1533203, 24.9885, -0.3339844, 0.9610962, 0.0186313, 24.9885, 0.3588867, 24.9885, -1.1899414, 24.9885, 0.0371094, , , , , , , , , , , , , , , , , , , , , , 
0.9616154, 0.0132601, 25.002, -0.7841797, 25.002, -0.6875, 25.002, 0.2880859, 0.9616154, -0.0062104, 25.002, 0.7875977, 25.002, -0.722168, 25.002, 0.175293, 0.9616154, -0.0085603, 25.002, 0.3203125, 25.002, -1.1484375, 25.002, -0.3647461, 0.9616154, 0.0162814, 25.002, 0.3286133, 25.002, -1.1855469, 25.002, 0.0805664, , , , , , , , , , , , , , , , , , , , , , 
0.9621346, 0.0112459, 25.0155, -0.7089844, 25.0155, -0.6845703, 25.0155, 0.3071289, 0.9621346, -0.0065461, 25.0155, 0.6772461, 25.0155, -0.6816406, 25.0155, 0.144043, 0.9621346, -0.0072175, 25.0155, 0.2539062, 25.0155, -1.1362305, 25.0155, -0.3613281, 0.9621346, 0.0129244, 25.0155, 0.2983398, 25.0155, -1.1245117, 25.0155, 0.0878906, , , , , , , , , , , , , , , , , , , , , , 
0.9626538, 0.0117494, 25.029, -0.6977539, 25.029, -0.6875, 25.029, 0.3168945, 0.9626538, -0.0060426, 25.029, 0.6420898, 25.029, -0.6889648, 25.029, 0.144043, 0.9626538, -0.0070497, 25.029, 0.2285156, 25.029, -1.1313477, 25.029, -0.3432617, 0.9626538, 0.0095674, 25.029, 0.2509766, 25.029, -1.0961914, 25.029, 0.0844727, , , , , , , , , , , , , , , , , , , , , , 
0.9631731, 0.0117494, 25.0425, -0.7783203, 25.0425, -0.7441406, 25.0425, 0.2646484, 0.9631731, -0.005539, 25.0425, 0.75, 25.0425, -0.8129883, 25.0425, 0.1606445, 0.9631731, -0.0075532, 25.0425, 0.2504883, 25.0425, -1.0952148, 25.0425, -0.3032227, 0.9631731, 0.0092317, 25.0425, 0.1992188, 25.0425, -1.09375, 25.0425, 0.0629883, , , , , , , , , , , , , , , , , , , , , , 
0.9636923, 0.012253, 25.056, -0.8125, 25.056, -0.8447266, 25.056, 0.2729492, 0.9636923, -0.0062104, 25.056, 0.8061523, 25.056, -0.9116211, 25.056, 0.1254883, 0.9636923, -0.0090639, 25.056, 0.3476562, 25.056, -1.0302734, 25.056, -0.3393555, 0.9636923, 0.0095674, 25.056, 0.2392578, 25.056, -1.081543, 25.056, 0.0541992, , , , , , , , , , , , , , , , , , , , , , 
0.9642115, 0.0105745, 25.0695, -0.6743164, 25.0695, -0.9335938, 25.0695, 0.2900391, 0.9642115, -0.0078889, 25.0695, 0.7177734, 25.0695, -0.9770508, 25.0695, 0.1357422, 0.9642115, -0.0102388, 25.0695, 0.3183594, 25.0695, -0.9848633, 25.0695, -0.4633789, 0.9642115, 0.008896, 25.0695, 0.2958984, 25.0695, -1.0708008, 25.0695, 0.0795898, , , , , , , , , , , , , , , , , , , , , , 
0.9647308, 0.0075532, 25.083, -0.5942383, 25.083, -0.996582, 25.083, 0.0019531, 0.9647308, -0.0068818, 25.083, 0.7021484, 25.083, -1.0966797, 25.083, 0.0209961, 0.9647308, -0.0085603, 25.083, 0.2216797, 25.083, -0.9418945, 25.083, -0.7749023, 0.9647308, 0.0068818, 25.083, 0.4335938, 25.083, -1.081543, 25.083, 0.2358398, , , , , , , , , , , , , , , , , , , , , , 
0.96525, 0.0085603, 25.0965, -0.3149414, 25.0965, -1.7163086, 25.0965, -0.0600586, 0.96525, -0.0065461, 25.0965, -0.0375977, 25.0965, -1.6728516, 25.0965, -0.1689453, 0.96525, -0.0082246, 25.0965, 0.3457031, 25.0965, -0.9023438, 25.0965, -1.1274414, 0.96525, 0.0015106, 25.0965, 0.7246094, 25.0965, -1.1450195, 25.0965, 0.0576172, , , , , , , , , , , , , , , , , , , , , , 
0.9657692, 0.0092317, 25.11, -0.6455078, 25.11, -1.9140625, 25.11, 0.6992188, 0.9657692, -0.005539, 25.11, 0.2617188, 25.11, -1.9677734, 25.11, 0.8222656, 0.9657692, -0.0090639, 25.11, 0.4111328, 25.11, -0.9462891, 25.11, -0.5517578, 0.9657692, -0.0065461, 25.11, 1.1049805, 25.11, -1.109375, 25.11, -0.1586914, , , , , , , , , , , , , , , , , , , , , , 
0.9662885, 0.0129244, 25.1235, -1.1889648, 25.1235, -0.9921875, 25.1235, 0.3081055, 0.9662885, -0.0031891, 25.1235, 1.8876953, 25.1235, -1.2299805, 25.1235, 0.3354492, 0.9662885, -0.0099031, 25.1235, 0.0253906, 25.1235, -1.2407227, 25.1235, -0.3774414, 0.9662885, -0.012253, 25.1235, 0.7104492, 25.1235, -1.1210938, 25.1235, 0.0898438, , , , , , , , , , , , , , , , , , , , , , 
0.9668077, 0.0125887, 25.137, -1.6660156, 25.137, -0.6010742, 25.137, -0.0327148, 0.9668077, -0.0025177, 25.137, 1.9658203, 25.137, -0.5532227, 25.137, -0.4931641, 0.9668077, -0.0109102, 25.137, 0.2568359, 25.137, -1.4838867, 25.137, -0.0620117, 0.9668077, -0.0135958, 25.137, 0.1899414, 25.137, -1.0541992, 25.137, -0.1289062, , , , , , , , , , , , , , , , , , , , , , 
0.9673269, 0.0102388, 25.1505, -0.5844727, 25.1505, -0.3935547, 25.1505, 0.0712891, 0.9673269, -0.0031891, 25.1505, 0.6220703, 25.1505, 0.1708984, 25.1505, -0.0083008, 0.9673269, -0.0109102, 25.1505, 0.4604492, 25.1505, -1.3105469, 25.1505, -0.0292969, 0.9673269, -0.0149386, 25.1505, 0.0458984, 25.1505, -1.0512695, 25.1505, -0.1025391, , , , , , , , , , , , , , , , , , , , , , 
0.9678462, 0.0099031, 25.164, 0.2436523, 25.164, -0.1889648, 25.164, 0.4980469, 0.9678462, -0.0028534, 25.164, -0.3447266, 25.164, -0.0986328, 25.164, 0.3476562, 0.9678462, -0.0095674, 25.164, 0.4316406, 25.164, -1.0991211, 25.164, -0.2441406, 0.9678462, -0.0169528, 25.164, 0.0795898, 25.164, -1.1523438, 25.164, 0.2387695, , , , , , , , , , , , , , , , , , , , , , 
0.9683654, 0.0119173, 25.1775, -0.0844727, 25.1775, -0.6088867, 25.1775, 0.390625, 0.9683654, -0.0048676, 25.1775, -0.2060547, 25.1775, -0.5073242, 25.1775, 0.1259766, 0.9683654, -0.0095674, 25.1775, 0.515625, 25.1775, -0.7929688, 25.1775, -0.4404297, 0.9683654, -0.0184634, 25.1775, 0.394043, 25.1775, -1.0703125, 25.1775, 0.097168, , , , , , , , , , , , , , , , , , , , , , 
0.9688846, 0.0125887, 25.191, -0.7587891, 25.191, -0.9980469, 25.191, -0.0317383, 0.9688846, -0.0062104, 25.191, 0.4887695, 25.191, -1.1225586, 25.191, -0.1450195, 0.9688846, -0.0095674, 25.191, 0.4135742, 25.191, -0.7670898, 25.191, -0.4296875, 0.9688846, -0.0166171, 25.191, 0.6645508, 25.191, -0.9145508, 25.191, -0.1435547, , , , , , , , , , , , , , , , , , , , , , 
0.9694038, 0.0114137, 25.2045, -1.1958008, 25.2045, -1.0864258, 25.2045, 0.2021484, 0.9694038, -0.0057069, 25.2045, 0.9511719, 25.2045, -1.2451172, 25.2045, 0.2509766, 0.9694038, -0.0112459, 25.2045, 0.1665039, 25.2045, -1.0131836, 25.2045, -0.3842773, 0.9694038, -0.0142672, 25.2045, 0.4692383, 25.2045, -0.96875, 25.2045, -0.0390625, , , , , , , , , , , , , , , , , , , , , , 
0.9699231, 0.0157778, 25.218, -0.9951172, 25.218, -1.0068359, 25.218, 0.1166992, 0.9699231, -0.0045319, 25.218, 0.918457, 25.218, -0.9663086, 25.218, 0.1923828, 0.9699231, -0.0124208, 25.218, -0.0830078, 25.218, -1.1425781, 25.218, -0.3740234, 0.9699231, -0.0082246, 25.218, 0.25, 25.218, -0.9785156, 25.218, 0.0239258, , , , , , , , , , , , , , , , , , , , , , 
0.9704423, 0.0223239, 25.2315, -0.4726562, 25.2315, -0.8852539, 25.2315, 0.0205078, 0.9704423, -0.0052033, 25.2315, 0.6557617, 25.2315, -0.8554688, 25.2315, 0.0390625, 0.9704423, -0.0129244, 25.2315, -0.125, 25.2315, -0.9770508, 25.2315, -0.4848633, 0.9704423, -0.0001678, 25.2315, -0.0288086, 25.2315, -0.9335938, 25.2315, 0.0654297, , , , , , , , , , , , , , , , , , , , , , 
0.9709615, 0.0219883, 25.245, -0.2724609, 25.245, -0.84375, 25.245, 0.112793, 0.9709615, -0.0072175, 25.245, 0.3374023, 25.245, -0.8383789, 25.245, 0.0039062, 0.9709615, -0.0151064, 25.245, 0.0043945, 25.245, -0.8432617, 25.245, -0.5039062, 0.9709615, 0.0073854, 25.245, 0.0776367, 25.245, -0.940918, 25.245, 0.0922852, , , , , , , , , , , , , , , , , , , , , , 
0.9714808, 0.017792, 25.2585, -0.1733398, 25.2585, -0.8491211, 25.2585, 0.1782227, 0.9714808, -0.0082246, 25.2585, 0.2021484, 25.2585, -0.9033203, 25.2585, 0.0654297, 0.9714808, -0.0169528, 25.2585, 0.2089844, 25.2585, -0.8618164, 25.2585, -0.4873047, 0.9714808, 0.0159457, 25.2585, 0.3779297, 25.2585, -0.9663086, 25.2585, 0.0571289, , , , , , , , , , , , , , , , , , , , , , 
0.972, 0.0129244, 25.272, -0.4072266, 25.272, -0.8979492, 25.272, 0.0444336, 0.972, -0.0082246, 25.272, 0.355957, 25.272, -0.9770508, 25.272, 0.1000977, 0.972, -0.0159457, 25.272, 0.3691406, 25.272, -0.9389648, 25.272, -0.5019531, 0.972, 0.0268559, 25.272, 0.6264648, 25.272, -0.9335938, 25.272, -0.0581055, , , , , , , , , , , , , , , , , , , , , , 
0.9725192, 0.0063783, 25.2855, -0.7080078, 25.2855, -0.9433594, 25.2855, 0.0512695, 0.9725192, -0.0077211, 25.2855, 0.6337891, 25.2855, -0.9804688, 25.2855, 0.1269531, 0.9725192, -0.0129244, 25.2855, 0.4077148, 25.2855, -0.9667969, 25.2855, -0.4946289, 0.9725192, 0.0365911, 25.2855, 0.7270508, 25.2855, -0.9306641, 25.2855, -0.0908203, , , , , , , , , , , , , , , , , , , , , , 
0.9730385, 0.0031891, 25.299, -0.7895508, 25.299, -0.9458008, 25.299, 0.027832, 0.9730385, -0.0062104, 25.299, 0.7172852, 25.299, -0.9677734, 25.299, 0.1357422, 0.9730385, -0.0109102, 25.299, 0.390625, 25.299, -0.9882812, 25.299, -0.4521484, 0.9730385, 0.0406195, 25.299, 0.6660156, 25.299, -0.9672852, 25.299, -0.0776367, , , , , , , , , , , , , , , , , , , , , , 
0.9735577, 0.0028534, 25.3125, -0.6254883, 25.3125, -0.9604492, 25.3125, 0.0581055, 0.9735577, -0.0068818, 25.3125, 0.6572266, 25.3125, -0.9238281, 25.3125, 0.1044922, 0.9735577, -0.0102388, 25.3125, 0.2910156, 25.3125, -0.9995117, 25.3125, -0.4350586, 0.9735577, 0.0404517, 25.3125, 0.5234375, 25.3125, -1.0019531, 25.3125, -0.0737305, , , , , , , , , , , , , , , , , , , , , , 
0.9740769, 0.0085603, 25.326, -0.4301758, 25.326, -0.9897461, 25.326, 0.1015625, 0.9740769, -0.0095674, 25.326, 0.4482422, 25.326, -0.9140625, 25.326, 0.0546875, 0.9740769, -0.0068818, 25.326, 0.159668, 25.326, -1.0078125, 25.326, -0.4443359, 0.9740769, 0.0428016, 25.326, 0.3964844, 25.326, -1.0205078, 25.326, -0.0810547, , , , , , , , , , , , , , , , , , , , , , 
0.9745962, 0.0142672, 25.3395, -0.4394531, 25.3395, -1.0366211, 25.3395, 0.0986328, 0.9745962, -0.0115816, 25.3395, 0.4233398, 25.3395, -1.0019531, 25.3395, 0.1201172, 0.9745962, -0.0065461, 25.3395, 0.0688477, 25.3395, -0.9951172, 25.3395, -0.4760742, 0.9745962, 0.0488441, 25.3395, 0.371582, 25.3395, -1.0249023, 25.3395, -0.0771484, , , , , , , , , , , , , , , , , , , , , , 
0.9751154, 0.018967, 25.353, -0.5898438, 25.353, -1.0683594, 25.353, 0.0488281, 0.9751154, -0.0115816, 25.353, 0.5615234, 25.353, -1.1005859, 25.353, 0.1123047, 0.9751154, -0.0072175, 25.353, 0.0800781, 25.353, -0.9956055, 25.353, -0.5249023, 0.9751154, 0.0522011, 25.353, 0.4023438, 25.353, -1.0610352, 25.353, -0.0371094, , , , , , , , , , , , , , , , , , , , , , 
0.9756346, 0.0256809, 25.3665, -0.7519531, 25.3665, -1.1054688, 25.3665, 0.0273438, 0.9756346, -0.0095674, 25.3665, 0.6435547, 25.3665, -1.1098633, 25.3665, 0.09375, 0.9756346, -0.0062104, 25.3665, 0.1577148, 25.3665, -1.0483398, 25.3665, -0.5361328, 0.9756346, 0.0466621, 25.3665, 0.4228516, 25.3665, -1.0820312, 25.3665, -0.0112305, , , , , , , , , , , , , , , , , , , , , , 
0.9761538, 0.0320592, 25.38, -0.7080078, 25.38, -1.1035156, 25.38, 0.0102539, 0.9761538, -0.0075532, 25.38, 0.5981445, 25.38, -1.0825195, 25.38, 0.1069336, 0.9761538, -0.005539, 25.38, 0.2143555, 25.38, -1.1098633, 25.38, -0.5288086, 0.9761538, 0.0384375, 25.38, 0.4575195, 25.38, -1.0908203, 25.38, 0.0332031, , , , , , , , , , , , , , , , , , , , , , 
0.9766731, 0.0340734, 25.3935, -0.5986328, 25.3935, -1.0825195, 25.3935, 0.034668, 0.9766731, -0.0082246, 25.3935, 0.5253906, 25.3935, -1.0698242, 25.3935, 0.1035156, 0.9766731, -0.0063783, 25.3935, 0.2319336, 25.3935, -1.1328125, 25.3935, -0.5131836, 0.9766731, 0.0320592, 25.3935, 0.4755859, 25.3935, -1.0898438, 25.3935, 0.0410156, , , , , , , , , , , , , , , , , , , , , , 
0.9771923, 0.0310521, 25.407, -0.5307617, 25.407, -1.0834961, 25.407, 0.059082, 0.9771923, -0.0099031, 25.407, 0.543457, 25.407, -1.0825195, 25.407, 0.0698242, 0.9771923, -0.0085603, 25.407, 0.2446289, 25.407, -1.1352539, 25.407, -0.5004883, 0.9771923, 0.0273594, 25.407, 0.4472656, 25.407, -1.1142578, 25.407, 0.0151367, , , , , , , , , , , , , , , , , , , , , , 
0.9777115, 0.0253452, 25.4205, -0.5170898, 25.4205, -1.1103516, 25.4205, 0.0820312, 0.9777115, -0.0102388, 25.4205, 0.5800781, 25.4205, -1.0927734, 25.4205, 0.0522461, 0.9777115, -0.008896, 25.4205, 0.2539062, 25.4205, -1.1411133, 25.4205, -0.4931641, 0.9777115, 0.0213169, 25.4205, 0.453125, 25.4205, -1.1625977, 25.4205, -0.0297852, , , , , , , , , , , , , , , , , , , , , , 
0.9782308, 0.0206455, 25.434, -0.5268555, 25.434, -1.1831055, 25.434, 0.1240234, 0.9782308, -0.0102388, 25.434, 0.5932617, 25.434, -1.0996094, 25.434, -0.0175781, 0.9782308, -0.0082246, 25.434, 0.2641602, 25.434, -1.1518555, 25.434, -0.4995117, 0.9782308, 0.012253, 25.434, 0.5185547, 25.434, -1.184082, 25.434, -0.043457, , , , , , , , , , , , , , , , , , , , , , 
0.97875, 0.0182956, 25.4475, -0.5297852, 25.4475, -1.2041016, 25.4475, 0.1157227, 0.97875, -0.0095674, 25.4475, 0.5195312, 25.4475, -1.0986328, 25.4475, -0.0688477, 0.97875, -0.0085603, 25.4475, 0.2670898, 25.4475, -1.1484375, 25.4475, -0.5351562, 0.97875, 0.0041962, 25.4475, 0.5991211, 25.4475, -1.1674805, 25.4475, -0.034668, , , , , , , , , , , , , , , , , , , , , , 
0.9792692, 0.0186313, 25.461, -0.5771484, 25.461, -1.1547852, 25.461, 0.081543, 0.9792692, -0.0075532, 25.461, 0.496582, 25.461, -1.1469727, 25.461, 0.0224609, 0.9792692, -0.0082246, 25.461, 0.2915039, 25.461, -1.1333008, 25.461, -0.5654297, 0.9792692, 0.0001678, 25.461, 0.6191406, 25.461, -1.1660156, 25.461, 0.0078125, , , , , , , , , , , , , , , , , , , , , , 
0.9797885, 0.018967, 25.4745, -0.6420898, 25.4745, -1.1298828, 25.4745, 0.0825195, 0.9797885, -0.0068818, 25.4745, 0.512207, 25.4745, -1.1958008, 25.4745, 0.0380859, 0.9797885, -0.0070497, 25.4745, 0.3383789, 25.4745, -1.1074219, 25.4745, -0.5825195, 0.9797885, -0.0010071, 25.4745, 0.5732422, 25.4745, -1.1733398, 25.4745, 0.0566406, , , , , , , , , , , , , , , , , , , , , , 
0.9803077, 0.0139315, 25.488, -0.6162109, 25.488, -1.1611328, 25.488, 0.0541992, 0.9803077, -0.0095674, 25.488, 0.5517578, 25.488, -1.2177734, 25.488, 0.0253906, 0.9803077, -0.0068818, 25.488, 0.3833008, 25.488, -1.0976562, 25.488, -0.5742188, 0.9803077, -0.0028534, 25.488, 0.5146484, 25.488, -1.1650391, 25.488, 0.0712891, , , , , , , , , , , , , , , , , , , , , , 
0.9808269, 0.0125887, 25.5015, -0.5483398, 25.5015, -1.2011719, 25.5015, 0.0834961, 0.9808269, -0.0132601, 25.5015, 0.5844727, 25.5015, -1.2070312, 25.5015, 0.0229492, 0.9808269, -0.0085603, 25.5015, 0.3461914, 25.5015, -1.0986328, 25.5015, -0.5898438, 0.9808269, -0.0031891, 25.5015, 0.4970703, 25.5015, -1.1591797, 25.5015, 0.0527344, , , , , , , , , , , , , , , , , , , , , , 
0.9813462, 0.0135958, 25.515, -0.5644531, 25.515, -1.2006836, 25.515, 0.0859375, 0.9813462, -0.0135958, 25.515, 0.5688477, 25.515, -1.184082, 25.515, 0.0458984, 0.9813462, -0.0077211, 25.515, 0.2407227, 25.515, -1.1245117, 25.515, -0.5991211, 0.9813462, -0.0031891, 25.515, 0.4980469, 25.515, -1.1621094, 25.515, 0.0444336, , , , , , , , , , , , , , , , , , , , , , 
0.9818654, 0.0125887, 25.5285, -0.6108398, 25.5285, -1.1601562, 25.5285, 0.0649414, 0.9818654, -0.0105745, 25.5285, 0.53125, 25.5285, -1.15625, 25.5285, 0.0283203, 0.9818654, -0.0052033, 25.5285, 0.1538086, 25.5285, -1.1572266, 25.5285, -0.5976562, 0.9818654, -0.0035248, 25.5285, 0.5024414, 25.5285, -1.1655273, 25.5285, 0.0439453, , , , , , , , , , , , , , , , , , , , , , 
0.9823846, 0.0132601, 25.542, -0.6362305, 25.542, -1.1245117, 25.542, 0.0532227, 0.9823846, -0.0075532, 25.542, 0.5239258, 25.542, -1.1450195, 25.542, 0.0375977, 0.9823846, -0.0041962, 25.542, 0.1479492, 25.542, -1.1694336, 25.542, -0.5844727, 0.9823846, -0.0031891, 25.542, 0.503418, 25.542, -1.1606445, 25.542, 0.0185547, , , , , , , , , , , , , , , , , , , , , , 
0.9829038, 0.01561, 25.5555, -0.644043, 25.5555, -1.1254883, 25.5555, 0.059082, 0.9829038, -0.0062104, 25.5555, 0.5205078, 25.5555, -1.1269531, 25.5555, 0.0400391, 0.9829038, -0.0052033, 25.5555, 0.1660156, 25.5555, -1.1645508, 25.5555, -0.5742188, 0.9829038, -0.0045319, 25.5555, 0.5078125, 25.5555, -1.1611328, 25.5555, -0.0053711, , , , , , , , , , , , , , , , , , , , , , 
0.9834231, 0.0152743, 25.569, -0.6225586, 25.569, -1.1196289, 25.569, 0.0649414, 0.9834231, -0.0072175, 25.569, 0.5253906, 25.569, -1.1186523, 25.569, 0.0288086, 0.9834231, -0.0062104, 25.569, 0.2045898, 25.569, -1.1401367, 25.569, -0.5610352, 0.9834231, -0.0068818, 25.569, 0.4990234, 25.569, -1.1352539, 25.569, -0.0107422, , , , , , , , , , , , , , , , , , , , , , 
0.9839423, 0.0139315, 25.5825, -0.5961914, 25.5825, -1.0986328, 25.5825, 0.0512695, 0.9839423, -0.0085603, 25.5825, 0.5288086, 25.5825, -1.09375, 25.5825, 0.0478516, 0.9839423, -0.0068818, 25.5825, 0.2241211, 25.5825, -1.1064453, 25.5825, -0.5620117, 0.9839423, -0.0085603, 25.5825, 0.5117188, 25.5825, -1.0942383, 25.5825, -0.0083008, , , , , , , , , , , , , , , , , , , , , , 
0.9844615, 0.0132601, 25.596, -0.5600586, 25.596, -1.0532227, 25.596, 0.0556641, 0.9844615, -0.0095674, 25.596, 0.5087891, 25.596, -1.074707, 25.596, 0.0478516, 0.9844615, -0.0068818, 25.596, 0.2363281, 25.596, -1.0761719, 25.596, -0.5786133, 0.9844615, -0.0082246, 25.596, 0.5454102, 25.596, -1.0966797, 25.596, -0.012207, , , , , , , , , , , , , , , , , , , , , , 
0.9849808, 0.0112459, 25.6095, -0.5786133, 25.6095, -1.0483398, 25.6095, 0.0483398, 0.9849808, -0.0092317, 25.6095, 0.5078125, 25.6095, -1.0864258, 25.6095, 0.0766602, 0.9849808, -0.0077211, 25.6095, 0.2626953, 25.6095, -1.0756836, 25.6095, -0.5771484, 0.9849808, -0.0102388, 25.6095, 0.5722656, 25.6095, -1.1108398, 25.6095, -0.0063477, , , , , , , , , , , , , , , , , , , , , , 
0.9855, 0.011078, 25.623, -0.5893555, 25.623, -1.059082, 25.623, 0.0097656, 0.9855, -0.0083925, 25.623, 0.5151367, 25.623, -1.1098633, 25.623, 0.0888672, 0.9855, -0.0085603, 25.623, 0.2768555, 25.623, -1.0874023, 25.623, -0.5625, 0.9855, -0.0149386, 25.623, 0.5454102, 25.623, -1.0908203, 25.623, 0.0024414, , , , , , , , , , , , , , , , , , , , , , 
0.9860192, 0.0151064, 25.6365, -0.5854492, 25.6365, -1.0786133, 25.6365, 0.0424805, 0.9860192, -0.0090639, 25.6365, 0.5239258, 25.6365, -1.0961914, 25.6365, 0.0649414, 0.9860192, -0.0077211, 25.6365, 0.2719727, 25.6365, -1.0805664, 25.6365, -0.5585938, 0.9860192, -0.018967, 25.6365, 0.5200195, 25.6365, -1.0512695, 25.6365, -0.0009766, , , , , , , , , , , , , , , , , , , , , , 
0.9865385, 0.0186313, 25.65, -0.5185547, 25.65, -1.0761719, 25.65, 0.0332031, 0.9865385, -0.0095674, 25.65, 0.4975586, 25.65, -1.0620117, 25.65, 0.0244141, 0.9865385, -0.0095674, 25.65, 0.2617188, 25.65, -1.0532227, 25.65, -0.5717773, 0.9865385, -0.0248417, 25.65, 0.5424805, 25.65, -1.0415039, 25.65, -0.0214844, , , , , , , , , , , , , , , , , , , , , , 
0.9870577, 0.0176242, 25.6635, -0.4750977, 25.6635, -1.0473633, 25.6635, 0.0185547, 0.9870577, -0.0078889, 25.6635, 0.4628906, 25.6635, -1.0483398, 25.6635, 0.0136719, 0.9870577, -0.0115816, 25.6635, 0.2495117, 25.6635, -1.0263672, 25.6635, -0.5913086, 0.9870577, -0.0293736, 25.6635, 0.581543, 25.6635, -1.0375977, 25.6635, -0.019043, , , , , , , , , , , , , , , , , , , , , , 
0.9875769, 0.0169528, 25.677, -0.5043945, 25.677, -1.0205078, 25.677, 0.0073242, 0.9875769, -0.0048676, 25.677, 0.402832, 25.677, -1.0332031, 25.677, 0.0307617, 0.9875769, -0.0125887, 25.677, 0.2431641, 25.677, -1.0146484, 25.677, -0.6005859, 0.9875769, -0.0290379, 25.677, 0.5913086, 25.677, -1.034668, 25.677, -0.0219727, , , , , , , , , , , , , , , , , , , , , , 
0.9880962, 0.0146029, 25.6905, -0.5273438, 25.6905, -1.0131836, 25.6905, -0.0195312, 0.9880962, -0.0041962, 25.6905, 0.3823242, 25.6905, -1.0390625, 25.6905, 0.0380859, 0.9880962, -0.0129244, 25.6905, 0.2314453, 25.6905, -1.0136719, 25.6905, -0.609375, 0.9880962, -0.0250095, 25.6905, 0.5913086, 25.6905, -1.0268555, 25.6905, -0.0209961, , , , , , , , , , , , , , , , , , , , , , 
0.9886154, 0.0082246, 25.704, -0.5375977, 25.704, -1.0322266, 25.704, -0.0317383, 0.9886154, -0.0078889, 25.704, 0.3740234, 25.704, -1.0517578, 25.704, 0.0410156, 0.9886154, -0.0115816, 25.704, 0.2236328, 25.704, -1.0224609, 25.704, -0.6083984, 0.9886154, -0.0193027, 25.704, 0.5888672, 25.704, -0.9985352, 25.704, -0.0200195, , , , , , , , , , , , , , , , , , , , , , 
0.9891346, 0.0041962, 25.7175, -0.5083008, 25.7175, -1.0385742, 25.7175, -0.0239258, 0.9891346, -0.0099031, 25.7175, 0.3730469, 25.7175, -1.0473633, 25.7175, 0.0327148, 0.9891346, -0.0095674, 25.7175, 0.2250977, 25.7175, -1.0131836, 25.7175, -0.6103516, 0.9891346, -0.014435, 25.7175, 0.5810547, 25.7175, -0.9663086, 25.7175, -0.0253906, , , , , , , , , , , , , , , , , , , , , , 
0.9896538, 0.0025177, 25.731, -0.4282227, 25.731, -1.0395508, 25.731, -0.0161133, 0.9896538, -0.008896, 25.731, 0.3623047, 25.731, -1.0361328, 25.731, 0.0161133, 0.9896538, -0.0095674, 25.731, 0.2250977, 25.731, -0.9770508, 25.731, -0.6157227, 0.9896538, -0.0085603, 25.731, 0.5795898, 25.731, -0.9453125, 25.731, -0.0361328, , , , , , , , , , , , , , , , , , , , , , 
0.9901731, 0.0018463, 25.7445, -0.3637695, 25.7445, -1.0546875, 25.7445, -0.0200195, 0.9901731, -0.0082246, 25.7445, 0.3828125, 25.7445, -1.0322266, 25.7445, 0.0170898, 0.9901731, -0.0099031, 25.7445, 0.2226562, 25.7445, -0.9428711, 25.7445, -0.6206055, 0.9901731, -0.0015106, 25.7445, 0.59375, 25.7445, -0.940918, 25.7445, -0.0654297, , , , , , , , , , , , , , , , , , , , , , 
0.9906923, 0.0015106, 25.758, -0.3515625, 25.758, -1.0571289, 25.758, -0.0400391, 0.9906923, -0.0095674, 25.758, 0.3959961, 25.758, -1.0327148, 25.758, 0.0307617, 0.9906923, -0.0102388, 25.758, 0.203125, 25.758, -0.9301758, 25.758, -0.6274414, 0.9906923, 0.0065461, 25.758, 0.5961914, 25.758, -0.9492188, 25.758, -0.0566406, , , , , , , , , , , , , , , , , , , , , , 
0.9912115, 0.0023499, 25.7715, -0.3662109, 25.7715, -1.0395508, 25.7715, -0.046875, 0.9912115, -0.0102388, 25.7715, 0.3632812, 25.7715, -1.0234375, 25.7715, 0.0195312, 0.9912115, -0.012253, 25.7715, 0.1743164, 25.7715, -0.9414062, 25.7715, -0.6171875, 0.9912115, 0.0139315, 25.7715, 0.5532227, 25.7715, -0.9379883, 25.7715, -0.019043, , , , , , , , , , , , , , , , , , , , , , 
0.9917308, 0.0011749, 25.785, -0.4047852, 25.785, -1.0366211, 25.785, -0.0380859, 0.9917308, -0.0099031, 25.785, 0.3320312, 25.785, -1.0180664, 25.785, 0.0092773, 0.9917308, -0.0115816, 25.785, 0.171875, 25.785, -0.9467773, 25.785, -0.5834961, 0.9917308, 0.0199741, 25.785, 0.512207, 25.785, -0.9072266, 25.785, -0.0356445, , , , , , , , , , , , , , , , , , , , , , 
0.99225, 0.0003357, 25.7985, -0.3989258, 25.7985, -1.0317383, 25.7985, -0.0527344, 0.99225, -0.0085603, 25.7985, 0.2841797, 25.7985, -1.0029297, 25.7985, -0.0039062, 0.99225, -0.0082246, 25.7985, 0.1884766, 25.7985, -0.9316406, 25.7985, -0.5463867, 0.99225, 0.0263523, 25.7985, 0.5107422, 25.7985, -0.909668, 25.7985, -0.0136719, , , , , , , , , , , , , , , , , , , , , , 
0.9927692, -0.0001678, 25.812, -0.3793945, 25.812, -1.0092773, 25.812, -0.0571289, 0.9927692, -0.0075532, 25.812, 0.2792969, 25.812, -0.9819336, 25.812, -0.0063477, 0.9927692, -0.0041962, 25.812, 0.1967773, 25.812, -0.9165039, 25.812, -0.5400391, 0.9927692, 0.0327306, 25.812, 0.5083008, 25.812, -0.9023438, 25.812, -0.0029297, , , , , , , , , , , , , , , , , , , , , , 
0.9932885, 0.0060426, 25.8255, -0.3452148, 25.8255, -0.9858398, 25.8255, -0.0444336, 0.9932885, -0.0082246, 25.8255, 0.2753906, 25.8255, -0.9711914, 25.8255, -0.0083008, 0.9932885, -0.0015106, 25.8255, 0.2138672, 25.8255, -0.8862305, 25.8255, -0.546875, 0.9932885, 0.0384375, 25.8255, 0.5019531, 25.8255, -0.8828125, 25.8255, -0.0175781, , , , , , , , , , , , , , , , , , , , , , 
0.9938077, 0.0092317, 25.839, -0.2954102, 25.839, -0.9819336, 25.839, -0.0527344, 0.9938077, -0.0105745, 25.839, 0.2587891, 25.839, -0.9584961, 25.839, -0.0234375, 0.9938077, -0.0015106, 25.839, 0.2255859, 25.839, -0.855957, 25.839, -0.5556641, 0.9938077, 0.0411231, 25.839, 0.5073242, 25.839, -0.8525391, 25.839, -0.0478516, , , , , , , , , , , , , , , , , , , , , , 
0.9943269, 0.0041962, 25.8525, -0.2705078, 25.8525, -0.9907227, 25.8525, -0.0625, 0.9943269, -0.012253, 25.8525, 0.2553711, 25.8525, -0.9375, 25.8525, -0.0317383, 0.9943269, -0.0023499, 25.8525, 0.2246094, 25.8525, -0.8295898, 25.8525, -0.5512695, 0.9943269, 0.0417945, 25.8525, 0.5297852, 25.8525, -0.8447266, 25.8525, -0.0351562, , , , , , , , , , , , , , , , , , , , , , 
0.9948462, 0.0005035, 25.866, -0.2666016, 25.866, -0.9814453, 25.866, -0.0463867, 0.9948462, -0.0115816, 25.866, 0.2670898, 25.866, -0.9291992, 25.866, -0.0263672, 0.9948462, -0.0031891, 25.866, 0.2041016, 25.866, -0.8134766, 25.866, -0.5449219, 0.9948462, 0.040116, 25.866, 0.5136719, 25.866, -0.815918, 25.866, -0.0317383, , , , , , , , , , , , , , , , , , , , , , 
0.9953654, 0.0031891, 25.8795, -0.2592773, 25.8795, -0.9560547, 25.8795, -0.0390625, 0.9953654, -0.0109102, 25.8795, 0.2602539, 25.8795, -0.9208984, 25.8795, -0.0322266, 0.9953654, -0.0045319, 25.8795, 0.1801758, 25.8795, -0.7983398, 25.8795, -0.5444336, 0.9953654, 0.0347448, 25.8795, 0.4882812, 25.8795, -0.7753906, 25.8795, -0.0253906, , , , , , , , , , , , , , , , , , , , , , 
0.9958846, 0.0048676, 25.893, -0.2324219, 25.893, -0.9228516, 25.893, -0.0463867, 0.9958846, -0.0095674, 25.893, 0.2211914, 25.893, -0.8999023, 25.893, -0.0556641, 0.9958846, -0.0062104, 25.893, 0.1674805, 25.893, -0.7734375, 25.893, -0.5561523, 0.9958846, 0.0265202, 25.893, 0.4760742, 25.893, -0.7841797, 25.893, -0.0078125, , , , , , , , , , , , , , , , , , , , , , 
0.9964038, 0.0045319, 25.9065, -0.2211914, 25.9065, -0.9047852, 25.9065, -0.0444336, 0.9964038, -0.0082246, 25.9065, 0.1757812, 25.9065, -0.8745117, 25.9065, -0.0795898, 0.9964038, -0.0075532, 25.9065, 0.171875, 25.9065, -0.7504883, 25.9065, -0.5561523, 0.9964038, 0.0206455, 25.9065, 0.484375, 25.9065, -0.7939453, 25.9065, -0.0239258, , , , , , , , , , , , , , , , , , , , , , 
0.9969231, 0.0075532, 25.92, -0.2216797, 25.92, -0.9101562, 25.92, -0.0332031, 0.9969231, -0.0102388, 25.92, 0.159668, 25.92, -0.8696289, 25.92, -0.0825195, 0.9969231, -0.0068818, 25.92, 0.1782227, 25.92, -0.746582, 25.92, -0.5273438, 0.9969231, 0.0176242, 25.92, 0.4765625, 25.92, -0.7695312, 25.92, -0.0395508, , , , , , , , , , , , , , , , , , , , , , 
0.9974423, 0.0130922, 25.9335, -0.1948242, 25.9335, -0.9101562, 25.9335, -0.0600586, 0.9974423, -0.0105745, 25.9335, 0.15625, 25.9335, -0.8569336, 25.9335, -0.0820312, 0.9974423, -0.0065461, 25.9335, 0.1855469, 25.9335, -0.7451172, 25.9335, -0.5048828, 0.9974423, 0.0119173, 25.9335, 0.4501953, 25.9335, -0.7387695, 25.9335, -0.0195312, , , , , , , , , , , , , , , , , , , , , , 
0.9979615, 0.0164492, 25.947, -0.1611328, 25.947, -0.8979492, 25.947, -0.0664062, 0.9979615, -0.0102388, 25.947, 0.1557617, 25.947, -0.8447266, 25.947, -0.0791016, 0.9979615, -0.005539, 25.947, 0.1958008, 25.947, -0.7329102, 25.947, -0.4663086, 0.9979615, 0.0075532, 25.947, 0.425293, 25.947, -0.7255859, 25.947, -0.0043945, , , , , , , , , , , , , , , , , , , , , , 
0.9984808, 0.0182956, 25.9605, -0.1606445, 25.9605, -0.8886719, 25.9605, -0.065918, 0.9984808, -0.0095674, 25.9605, 0.1591797, 25.9605, -0.8427734, 25.9605, -0.0791016, 0.9984808, -0.0068818, 25.9605, 0.2055664, 25.9605, -0.7060547, 25.9605, -0.4746094, 0.9984808, 0.0050355, 25.9605, 0.4155273, 25.9605, -0.7363281, 25.9605, -0.0048828, , , , , , , , , , , , , , , , , , , , , , 
0.999, 0.0186313, 25.974, -0.1772461, 25.974, -0.8691406, 25.974, -0.0454102, 0.999, -0.008896, 25.974, 0.1542969, 25.974, -0.8305664, 25.974, -0.0834961, 0.999, -0.0082246, 25.974, 0.2016602, 25.974, -0.6870117, 25.974, -0.4897461, 0.999, 0.0028534, 25.974, 0.4091797, 25.974, -0.7324219, 25.974, -0.0166016, , , , , , , , , , , , , , , , , , , , , , 
0.9995192, 0.0169528, 25.9875, -0.1713867, 25.9875, -0.8457031, 25.9875, -0.0429688, 0.9995192, -0.0068818, 25.9875, 0.1313477, 25.9875, -0.8183594, 25.9875, -0.0888672, 0.9995192, -0.0075532, 25.9875, 0.1943359, 25.9875, -0.6884766, 25.9875, -0.480957, 0.9995192, -0.0005035, 25.9875, 0.3901367, 25.9875, -0.7236328, 25.9875, -0.0024414, , , , , , , , , , , , , , , , , , , , , , 
1.0000385, 0.0181277, 26.001, -0.1479492, 26.001, -0.8310547, 26.001, -0.0463867, 1.0000385, -0.005539, 26.001, 0.1186523, 26.001, -0.8120117, 26.001, -0.105957, 1.0000385, -0.0062104, 26.001, 0.1787109, 26.001, -0.7099609, 26.001, -0.4594727, 1.0000385, -0.002182, 26.001, 0.3852539, 26.001, -0.737793, 26.001, 0.0092773, , , , , , , , , , , , , , , , , , , , , , 
1.0005577, 0.0223239, 26.0145, -0.1552734, 26.0145, -0.8447266, 26.0145, -0.0327148, 1.0005577, -0.0041962, 26.0145, 0.1230469, 26.0145, -0.8164062, 26.0145, -0.1186523, 1.0005577, -0.0065461, 26.0145, 0.1689453, 26.0145, -0.7236328, 26.0145, -0.4487305, 1.0005577, -0.0008392, 26.0145, 0.3950195, 26.0145, -0.7397461, 26.0145, -0.0102539, , , , , , , , , , , , , , , , , , , , , , 
1.0010769, 0.0213169, 26.028, -0.1547852, 26.028, -0.84375, 26.028, -0.0571289, 1.0010769, -0.0048676, 26.028, 0.121582, 26.028, -0.8149414, 26.028, -0.112793, 1.0010769, -0.0092317, 26.028, 0.1855469, 26.028, -0.7197266, 26.028, -0.4370117, 1.0010769, -0.0005035, 26.028, 0.3979492, 26.028, -0.7304688, 26.028, 0.0004883, , , , , , , , , , , , , , , , , , , , , , 
1.0015962, 0.0193027, 26.0415, -0.1479492, 26.0415, -0.8183594, 26.0415, -0.0566406, 1.0015962, -0.0062104, 26.0415, 0.1103516, 26.0415, -0.8110352, 26.0415, -0.1083984, 1.0015962, -0.0102388, 26.0415, 0.2094727, 26.0415, -0.6987305, 26.0415, -0.4296875, 1.0015962, -0.0018463, 26.0415, 0.371582, 26.0415, -0.7324219, 26.0415, 0.0229492, , , , , , , , , , , , , , , , , , , , , , 
1.0021154, 0.0184634, 26.055, -0.137207, 26.055, -0.8251953, 26.055, -0.0263672, 1.0021154, -0.0062104, 26.055, 0.0844727, 26.055, -0.7905273, 26.055, -0.109375, 1.0021154, -0.0119173, 26.055, 0.2182617, 26.055, -0.6801758, 26.055, -0.4287109, 1.0021154, -0.0035248, 26.055, 0.3476562, 26.055, -0.7304688, 26.055, 0.0239258, , , , , , , , , , , , , , , , , , , , , , 
1.0026346, 0.0199741, 26.0685, -0.109375, 26.0685, -0.8286133, 26.0685, -0.0717773, 1.0026346, -0.0062104, 26.0685, 0.0771484, 26.0685, -0.7836914, 26.0685, -0.1113281, 1.0026346, -0.0119173, 26.0685, 0.2172852, 26.0685, -0.6733398, 26.0685, -0.4296875, 1.0026346, -0.0025177, 26.0685, 0.3310547, 26.0685, -0.7114258, 26.0685, 0.0048828, , , , , , , , , , , , , , , , , , , , , , 
1.0031538, 0.0240024, 26.082, -0.1040039, 26.082, -0.8261719, 26.082, -0.0839844, 1.0031538, -0.0068818, 26.082, 0.0654297, 26.082, -0.8022461, 26.082, -0.1044922, 1.0031538, -0.0109102, 26.082, 0.1982422, 26.082, -0.6723633, 26.082, -0.4243164, 1.0031538, -0.0018463, 26.082, 0.3076172, 26.082, -0.715332, 26.082, 0.0209961, , , , , , , , , , , , , , , , , , , , , , 
1.0036731, 0.0280308, 26.0955, -0.1206055, 26.0955, -0.8212891, 26.0955, -0.0849609, 1.0036731, -0.0075532, 26.0955, 0.0625, 26.0955, -0.8046875, 26.0955, -0.1108398, 1.0036731, -0.0115816, 26.0955, 0.1748047, 26.0955, -0.6796875, 26.0955, -0.4179688, 1.0036731, -0.0005035, 26.0955, 0.3095703, 26.0955, -0.7270508, 26.0955, 0.0258789, , , , , , , , , , , , , , , , , , , , , , 
1.0041923, 0.0298772, 26.109, -0.1352539, 26.109, -0.8208008, 26.109, -0.0717773, 1.0041923, -0.0070497, 26.109, 0.0805664, 26.109, -0.784668, 26.109, -0.1098633, 1.0041923, -0.0135958, 26.109, 0.1567383, 26.109, -0.6914062, 26.109, -0.4121094, 1.0041923, 0.0036927, 26.109, 0.3076172, 26.109, -0.730957, 26.109, 0.019043, , , , , , , , , , , , , , , , , , , , , , 
1.0047115, 0.0273594, 26.1225, -0.1181641, 26.1225, -0.8261719, 26.1225, -0.0732422, 1.0047115, -0.0065461, 26.1225, 0.0986328, 26.1225, -0.7709961, 26.1225, -0.1123047, 1.0047115, -0.0132601, 26.1225, 0.1411133, 26.1225, -0.6987305, 26.1225, -0.4125977, 1.0047115, 0.0063783, 26.1225, 0.2900391, 26.1225, -0.7231445, 26.1225, 0.0039062, , , , , , , , , , , , , , , , , , , , , , 
1.0052308, 0.023331, 26.136, -0.0864258, 26.136, -0.8251953, 26.136, -0.0830078, 1.0052308, -0.0077211, 26.136, 0.0996094, 26.136, -0.7836914, 26.136, -0.1015625, 1.0052308, -0.0115816, 26.136, 0.1337891, 26.136, -0.7089844, 26.136, -0.3974609, 1.0052308, 0.0031891, 26.136, 0.2631836, 26.136, -0.7158203, 26.136, -0.0253906, , , , , , , , , , , , , , , , , , , , , , 
1.00575, 0.0204776, 26.1495, -0.0771484, 26.1495, -0.8354492, 26.1495, -0.0961914, 1.00575, -0.0085603, 26.1495, 0.1020508, 26.1495, -0.8081055, 26.1495, -0.0854492, 1.00575, -0.0102388, 26.1495, 0.1411133, 26.1495, -0.7202148, 26.1495, -0.3881836, 1.00575, -0.0031891, 26.1495, 0.2832031, 26.1495, -0.7387695, 26.1495, -0.0087891, , , , , , , , , , , , , , , , , , , , , , 
1.0062692, 0.0229953, 26.163, -0.1044922, 26.163, -0.8588867, 26.163, -0.0952148, 1.0062692, -0.0085603, 26.163, 0.1000977, 26.163, -0.8154297, 26.163, -0.0786133, 1.0062692, -0.011078, 26.163, 0.1625977, 26.163, -0.7255859, 26.163, -0.3876953, 1.0062692, -0.0092317, 26.163, 0.3095703, 26.163, -0.7631836, 26.163, 0.0043945, , , , , , , , , , , , , , , , , , , , , , 
1.0067885, 0.026688, 26.1765, -0.1083984, 26.1765, -0.8666992, 26.1765, -0.1196289, 1.0067885, -0.0090639, 26.1765, 0.0874023, 26.1765, -0.8203125, 26.1765, -0.0800781, 1.0067885, -0.0117494, 26.1765, 0.1899414, 26.1765, -0.7255859, 26.1765, -0.3862305, 1.0067885, -0.0119173, 26.1765, 0.315918, 26.1765, -0.7587891, 26.1765, -0.0205078, , , , , , , , , , , , , , , , , , , , , , 
1.0073077, 0.0186313, 26.19, -0.0854492, 26.19, -0.8666992, 26.19, -0.1210938, 1.0073077, -0.008896, 26.19, 0.0683594, 26.19, -0.8212891, 26.19, -0.0849609, 1.0073077, -0.0119173, 26.19, 0.2055664, 26.19, -0.7285156, 26.19, -0.3779297, 1.0073077, -0.0132601, 26.19, 0.2963867, 26.19, -0.7470703, 26.19, -0.0209961, , , , , , , , , , , , , , , , , , , , , , 
1.0078269, 0.0082246, 26.2035, -0.0561523, 26.2035, -0.8544922, 26.2035, -0.0976562, 1.0078269, -0.0082246, 26.2035, 0.0761719, 26.2035, -0.8154297, 26.2035, -0.0834961, 1.0078269, -0.0105745, 26.2035, 0.2060547, 26.2035, -0.7275391, 26.2035, -0.375, 1.0078269, -0.0115816, 26.2035, 0.2856445, 26.2035, -0.7607422, 26.2035, -0.0102539, , , , , , , , , , , , , , , , , , , , , , 
1.0083462, 0.0052033, 26.217, -0.059082, 26.217, -0.8417969, 26.217, -0.0952148, 1.0083462, -0.0062104, 26.217, 0.0957031, 26.217, -0.8041992, 26.217, -0.0756836, 1.0083462, -0.0099031, 26.217, 0.2001953, 26.217, -0.7231445, 26.217, -0.3720703, 1.0083462, -0.008896, 26.217, 0.2817383, 26.217, -0.7695312, 26.217, -0.0092773, , , , , , , , , , , , , , , , , , , , , , 
1.0088654, 0.0075532, 26.2305, -0.0805664, 26.2305, -0.8432617, 26.2305, -0.1079102, 1.0088654, -0.0052033, 26.2305, 0.1015625, 26.2305, -0.796875, 26.2305, -0.0766602, 1.0088654, -0.0102388, 26.2305, 0.1899414, 26.2305, -0.734375, 26.2305, -0.3598633, 1.0088654, -0.0062104, 26.2305, 0.2470703, 26.2305, -0.7773438, 26.2305, -0.0078125, , , , , , , , , , , , , , , , , , , , , , 
1.0093846, 0.0072175, 26.244, -0.105957, 26.244, -0.8554688, 26.244, -0.1108398, 1.0093846, -0.0062104, 26.244, 0.0927734, 26.244, -0.809082, 26.244, -0.0805664, 1.0093846, -0.0102388, 26.244, 0.1557617, 26.244, -0.7543945, 26.244, -0.359375, 1.0093846, -0.0001678, 26.244, 0.2329102, 26.244, -0.7827148, 26.244, -0.0229492, , , , , , , , , , , , , , , , , , , , , , 
1.0099038, 0.0035248, 26.2575, -0.1113281, 26.2575, -0.859375, 26.2575, -0.1186523, 1.0099038, -0.0077211, 26.2575, 0.0820312, 26.2575, -0.8295898, 26.2575, -0.0810547, 1.0099038, -0.008896, 26.2575, 0.1235352, 26.2575, -0.7646484, 26.2575, -0.3671875, 1.0099038, 0.0068818, 26.2575, 0.2475586, 26.2575, -0.7915039, 26.2575, -0.0307617, , , , , , , , , , , , , , , , , , , , , , 
1.0104231, 0.0005035, 26.271, -0.1157227, 26.271, -0.8652344, 26.271, -0.1196289, 1.0104231, -0.005539, 26.271, 0.0688477, 26.271, -0.8466797, 26.271, -0.0620117, 1.0104231, -0.0068818, 26.271, 0.1147461, 26.271, -0.7724609, 26.271, -0.3671875, 1.0104231, 0.012253, 26.271, 0.2495117, 26.271, -0.7939453, 26.271, -0.0214844, , , , , , , , , , , , , , , , , , , , , , 
1.0109423, 0.0025177, 26.2845, -0.1069336, 26.2845, -0.8642578, 26.2845, -0.1035156, 1.0109423, -0.0050355, 26.2845, 0.0639648, 26.2845, -0.8496094, 26.2845, -0.0541992, 1.0109423, -0.005539, 26.2845, 0.1381836, 26.2845, -0.7705078, 26.2845, -0.3535156, 1.0109423, 0.0181277, 26.2845, 0.2382812, 26.2845, -0.7861328, 26.2845, 0.0039062, , , , , , , , , , , , , , , , , , , , , , 
1.0114615, 0.0058747, 26.298, -0.1162109, 26.298, -0.8417969, 26.298, -0.109375, 1.0114615, -0.0057069, 26.298, 0.0483398, 26.298, -0.8276367, 26.298, -0.0625, 1.0114615, -0.005539, 26.298, 0.1767578, 26.298, -0.7539062, 26.298, -0.34375, 1.0114615, 0.0250095, 26.298, 0.2021484, 26.298, -0.7807617, 26.298, 0.0180664, , , , , , , , , , , , , , , , , , , , , , 
1.0119808, 0.0083925, 26.3115, -0.1367188, 26.3115, -0.815918, 26.3115, -0.1132812, 1.0119808, -0.0063783, 26.3115, 0.0439453, 26.3115, -0.7954102, 26.3115, -0.0917969, 1.0119808, -0.0058747, 26.3115, 0.2001953, 26.3115, -0.7470703, 26.3115, -0.3266602, 1.0119808, 0.0320592, 26.3115, 0.1645508, 26.3115, -0.7910156, 26.3115, 0.0170898, , , , , , , , , , , , , , , , , , , , , , 
1.0125, 0.0085603, 26.325, -0.1308594, 26.325, -0.8334961, 26.325, -0.1079102, 1.0125, -0.005539, 26.325, 0.0654297, 26.325, -0.7885742, 26.325, -0.1030273, 1.0125, -0.0052033, 26.325, 0.1923828, 26.325, -0.7509766, 26.325, -0.3178711, 1.0125, 0.0391089, 26.325, 0.1650391, 26.325, -0.7998047, 26.325, -0.0029297, , , , , , , , , , , , , , , , , , , , , , 
1.0130192, 0.0043641, 26.3385, -0.1044922, 26.3385, -0.8686523, 26.3385, -0.0854492, 1.0130192, -0.0048676, 26.3385, 0.0961914, 26.3385, -0.8173828, 26.3385, -0.1030273, 1.0130192, -0.0041962, 26.3385, 0.1386719, 26.3385, -0.7670898, 26.3385, -0.3110352, 1.0130192, 0.0461585, 26.3385, 0.1831055, 26.3385, -0.7954102, 26.3385, -0.015625, , , , , , , , , , , , , , , , , , , , , , 
1.0135385, 0.0001678, 26.352, -0.0922852, 26.352, -0.8754883, 26.352, -0.0693359, 1.0135385, -0.005539, 26.352, 0.1108398, 26.352, -0.8408203, 26.352, -0.0957031, 1.0135385, -0.002182, 26.352, 0.0976562, 26.352, -0.777832, 26.352, -0.3193359, 1.0135385, 0.0522011, 26.352, 0.1821289, 26.352, -0.8027344, 26.352, -0.0151367, , , , , , , , , , , , , , , , , , , , , , 
1.0140577, 0.0018463, 26.3655, -0.1142578, 26.3655, -0.8637695, 26.3655, -0.0683594, 1.0140577, -0.0062104, 26.3655, 0.1088867, 26.3655, -0.8422852, 26.3655, -0.0927734, 1.0140577, -0.0011749, 26.3655, 0.1074219, 26.3655, -0.7851562, 26.3655, -0.3266602, 1.0140577, 0.0558938, 26.3655, 0.1547852, 26.3655, -0.8164062, 26.3655, 0.0024414, , , , , , , , , , , , , , , , , , , , , , 
1.0145769, 0.0050355, 26.379, -0.1381836, 26.379, -0.8588867, 26.379, -0.0625, 1.0145769, -0.008896, 26.379, 0.1054688, 26.379, -0.828125, 26.379, -0.0991211, 1.0145769, -0.0015106, 26.379, 0.1499023, 26.379, -0.7954102, 26.379, -0.3056641, 1.0145769, 0.057908, 26.379, 0.1191406, 26.379, -0.8144531, 26.379, 0.0263672, , , , , , , , , , , , , , , , , , , , , , 
1.0150962, 0.0036927, 26.3925, -0.1469727, 26.3925, -0.8642578, 26.3925, -0.0615234, 1.0150962, -0.0115816, 26.3925, 0.1123047, 26.3925, -0.8271484, 26.3925, -0.1098633, 1.0150962, -0.0018463, 26.3925, 0.1728516, 26.3925, -0.8017578, 26.3925, -0.2807617, 1.0150962, 0.0572366, 26.3925, 0.0922852, 26.3925, -0.8227539, 26.3925, 0.019043, , , , , , , , , , , , , , , , , , , , , , 
1.0156154, 0.0035248, 26.406, -0.1381836, 26.406, -0.878418, 26.406, -0.0668945, 1.0156154, -0.0104067, 26.406, 0.1152344, 26.406, -0.8291016, 26.406, -0.1147461, 1.0156154, -0.0031891, 26.406, 0.1660156, 26.406, -0.8110352, 26.406, -0.2675781, 1.0156154, 0.0515297, 26.406, 0.0913086, 26.406, -0.8413086, 26.406, 0.0102539, , , , , , , , , , , , , , , , , , , , , , 
1.0161346, 0.0043641, 26.4195, -0.1293945, 26.4195, -0.8930664, 26.4195, -0.0600586, 1.0161346, -0.0090639, 26.4195, 0.1152344, 26.4195, -0.84375, 26.4195, -0.1308594, 1.0161346, -0.0035248, 26.4195, 0.1430664, 26.4195, -0.8256836, 26.4195, -0.2729492, 1.0161346, 0.0431373, 26.4195, 0.0952148, 26.4195, -0.8569336, 26.4195, 0.0053711, , , , , , , , , , , , , , , , , , , , , , 
1.0166538, 0.0036927, 26.433, -0.1118164, 26.433, -0.9233398, 26.433, -0.0361328, 1.0166538, -0.0095674, 26.433, 0.1191406, 26.433, -0.8637695, 26.433, -0.1391602, 1.0166538, -0.0035248, 26.433, 0.128418, 26.433, -0.8427734, 26.433, -0.2900391, 1.0166538, 0.0345769, 26.433, 0.1269531, 26.433, -0.8666992, 26.433, -0.003418, , , , , , , , , , , , , , , , , , , , , , 
1.0171731, 0.0041962, 26.4465, -0.0927734, 26.4465, -0.9355469, 26.4465, -0.0249023, 1.0171731, -0.0092317, 26.4465, 0.1479492, 26.4465, -0.8710938, 26.4465, -0.1420898, 1.0171731, -0.0031891, 26.4465, 0.1333008, 26.4465, -0.8413086, 26.4465, -0.3041992, 1.0171731, 0.0292058, 26.4465, 0.1386719, 26.4465, -0.8657227, 26.4465, -0.0068359, , , , , , , , , , , , , , , , , , , , , , 
1.0176923, 0.0048676, 26.46, -0.0839844, 26.46, -0.9335938, 26.46, -0.0253906, 1.0176923, -0.0068818, 26.46, 0.1748047, 26.46, -0.8691406, 26.46, -0.1450195, 1.0176923, -0.0052033, 26.46, 0.1391602, 26.46, -0.8447266, 26.46, -0.3085938, 1.0176923, 0.0285344, 26.46, 0.1254883, 26.46, -0.8671875, 26.46, -0.0019531, , , , , , , , , , , , , , , , , , , , , , 
1.0182115, 0.0045319, 26.4735, -0.109375, 26.4735, -0.9370117, 26.4735, -0.0141602, 1.0182115, -0.0068818, 26.4735, 0.1679688, 26.4735, -0.8798828, 26.4735, -0.1533203, 1.0182115, -0.0087282, 26.4735, 0.1665039, 26.4735, -0.8535156, 26.4735, -0.2939453, 1.0182115, 0.0287022, 26.4735, 0.1245117, 26.4735, -0.8955078, 26.4735, 0.0195312, , , , , , , , , , , , , , , , , , , , , , 
1.0187308, 0.0048676, 26.487, -0.1337891, 26.487, -0.9506836, 26.487, -0.0317383, 1.0187308, -0.0070497, 26.487, 0.1450195, 26.487, -0.9072266, 26.487, -0.1557617, 1.0187308, -0.0097353, 26.487, 0.1884766, 26.487, -0.8730469, 26.487, -0.2788086, 1.0187308, 0.0250095, 26.487, 0.1064453, 26.487, -0.9257812, 26.487, 0.0219727, , , , , , , , , , , , , , , , , , , , , , 
1.01925, 0.0092317, 26.5005, -0.1508789, 26.5005, -0.9594727, 26.5005, -0.03125, 1.01925, -0.0050355, 26.5005, 0.1245117, 26.5005, -0.9350586, 26.5005, -0.1489258, 1.01925, -0.0082246, 26.5005, 0.1923828, 26.5005, -0.890625, 26.5005, -0.2504883, 1.01925, 0.0226596, 26.5005, 0.078125, 26.5005, -0.9326172, 26.5005, 0.0263672, , , , , , , , , , , , , , , , , , , , , , 
1.0197692, 0.0139315, 26.514, -0.1538086, 26.514, -0.9702148, 26.514, -0.0229492, 1.0197692, -0.0035248, 26.514, 0.1201172, 26.514, -0.940918, 26.514, -0.1489258, 1.0197692, -0.0060426, 26.514, 0.1733398, 26.514, -0.9038086, 26.514, -0.2431641, 1.0197692, 0.0213169, 26.514, 0.0336914, 26.514, -0.9291992, 26.514, 0.0263672, , , , , , , , , , , , , , , , , , , , , , 
1.0202885, 0.0219883, 26.5275, -0.15625, 26.5275, -0.9838867, 26.5275, -0.0224609, 1.0202885, -0.0045319, 26.5275, 0.1210938, 26.5275, -0.940918, 26.5275, -0.1567383, 1.0202885, -0.0048676, 26.5275, 0.1333008, 26.5275, -0.9145508, 26.5275, -0.2626953, 1.0202885, 0.0166171, 26.5275, 0.015625, 26.5275, -0.9433594, 26.5275, 0.0327148, , , , , , , , , , , , , , , , , , , , , , 
1.0208077, 0.0251774, 26.541, -0.159668, 26.541, -1.0009766, 26.541, -0.019043, 1.0208077, -0.0057069, 26.541, 0.1206055, 26.541, -0.9492188, 26.541, -0.1782227, 1.0208077, -0.0065461, 26.541, 0.1020508, 26.541, -0.9262695, 26.541, -0.2792969, 1.0208077, 0.0109102, 26.541, 0.0361328, 26.541, -0.9570312, 26.541, 0.034668, , , , , , , , , , , , , , , , , , , , , , 
1.0213269, 0.030045, 26.5545, -0.1542969, 26.5545, -0.9990234, 26.5545, -0.0131836, 1.0213269, -0.005539, 26.5545, 0.1240234, 26.5545, -0.9555664, 26.5545, -0.1806641, 1.0213269, -0.0099031, 26.5545, 0.0961914, 26.5545, -0.934082, 26.5545, -0.284668, 1.0213269, 0.0075532, 26.5545, 0.0302734, 26.5545, -0.9614258, 26.5545, 0.0297852, , , , , , , , , , , , , , , , , , , , , , 
1.0218462, 0.0347448, 26.568, -0.1552734, 26.568, -0.996582, 26.568, -0.012207, 1.0218462, -0.0041962, 26.568, 0.1298828, 26.568, -0.956543, 26.568, -0.1689453, 1.0218462, -0.0112459, 26.568, 0.1264648, 26.568, -0.9482422, 26.568, -0.2680664, 1.0218462, 0.0065461, 26.568, 0.0283203, 26.568, -0.9609375, 26.568, 0.0283203, , , , , , , , , , , , , , , , , , , , , , 
1.0223654, 0.0374304, 26.5815, -0.1801758, 26.5815, -1.0097656, 26.5815, -0.0102539, 1.0223654, -0.0028534, 26.5815, 0.1508789, 26.5815, -0.9628906, 26.5815, -0.1591797, 1.0223654, -0.0109102, 26.5815, 0.1542969, 26.5815, -0.9599609, 26.5815, -0.2412109, 1.0223654, 0.0073854, 26.5815, 0.015625, 26.5815, -0.9716797, 26.5815, 0.0375977, , , , , , , , , , , , , , , , , , , , , , 
1.0228846, 0.0391089, 26.595, -0.1875, 26.595, -1.0117188, 26.595, -0.015625, 1.0228846, -0.0020142, 26.595, 0.1577148, 26.595, -0.9711914, 26.595, -0.1572266, 1.0228846, -0.0112459, 26.595, 0.1611328, 26.595, -0.9619141, 26.595, -0.2333984, 1.0228846, 0.0065461, 26.595, 0.0136719, 26.595, -0.9936523, 26.595, 0.0317383, , , , , , , , , , , , , , , , , , , , , , 
1.0234038, 0.0352483, 26.6085, -0.1669922, 26.6085, -1.0170898, 26.6085, -0.0327148, 1.0234038, -0.0035248, 26.6085, 0.1567383, 26.6085, -0.9790039, 26.6085, -0.1582031, 1.0234038, -0.0132601, 26.6085, 0.1616211, 26.6085, -0.9609375, 26.6085, -0.2348633, 1.0234038, 0.0058747, 26.6085, 0.0336914, 26.6085, -0.996582, 26.6085, 0.0205078, , , , , , , , , , , , , , , , , , , , , , 
1.0239231, 0.0283665, 26.622, -0.1235352, 26.622, -1.0268555, 26.622, -0.0195312, 1.0239231, -0.0062104, 26.622, 0.1586914, 26.622, -0.9790039, 26.622, -0.1586914, 1.0239231, -0.0142672, 26.622, 0.15625, 26.622, -0.9599609, 26.622, -0.2578125, 1.0239231, 0.0052033, 26.622, 0.0522461, 26.622, -0.984375, 26.622, 0.0087891, , , , , , , , , , , , , , , , , , , , , , 
1.0244423, 0.0204776, 26.6355, -0.1079102, 26.6355, -1.0322266, 26.6355, 0.0014648, 1.0244423, -0.0062104, 26.6355, 0.1616211, 26.6355, -0.9760742, 26.6355, -0.1694336, 1.0244423, -0.0130922, 26.6355, 0.1420898, 26.6355, -0.9672852, 26.6355, -0.284668, 1.0244423, 0.0048676, 26.6355, 0.046875, 26.6355, -0.9912109, 26.6355, 0.0019531, , , , , , , , , , , , , , , , , , , , , , 
1.0249615, 0.0125887, 26.649, -0.1293945, 26.649, -1.0366211, 26.649, -0.0214844, 1.0249615, -0.0058747, 26.649, 0.1665039, 26.649, -0.9790039, 26.649, -0.1655273, 1.0249615, -0.0112459, 26.649, 0.1201172, 26.649, -0.9716797, 26.649, -0.2763672, 1.0249615, 0.0045319, 26.649, 0.0463867, 26.649, -0.9853516, 26.649, 0.0073242, , , , , , , , , , , , , , , , , , , , , , 
1.0254808, 0.0092317, 26.6625, -0.1494141, 26.6625, -1.0302734, 26.6625, -0.0458984, 1.0254808, -0.0085603, 26.6625, 0.1611328, 26.6625, -0.9799805, 26.6625, -0.1489258, 1.0254808, -0.0097353, 26.6625, 0.1113281, 26.6625, -0.96875, 26.6625, -0.2749023, 1.0254808, -0.0011749, 26.6625, 0.0419922, 26.6625, -0.9975586, 26.6625, 0.0024414, , , , , , , , , , , , , , , , , , , , , , 
1.026, 0.0112459, 26.676, -0.1435547, 26.676, -1.0395508, 26.676, -0.0546875, 1.026, -0.0109102, 26.676, 0.1313477, 26.676, -0.9858398, 26.676, -0.140625, 1.026, -0.0095674, 26.676, 0.1323242, 26.676, -0.9775391, 26.676, -0.2768555, 1.026, -0.0104067, 26.676, 0.0498047, 26.676, -1.0180664, 26.676, -0.0039062, , , , , , , , , , , , , , , , , , , , , , 
1.0265192, 0.0162814, 26.6895, -0.1386719, 26.6895, -1.0605469, 26.6895, -0.0537109, 1.0265192, -0.0102388, 26.6895, 0.1269531, 26.6895, -1.0014648, 26.6895, -0.1333008, 1.0265192, -0.011078, 26.6895, 0.1479492, 26.6895, -0.9902344, 26.6895, -0.2739258, 1.0265192, -0.01561, 26.6895, 0.0717773, 26.6895, -1.0107422, 26.6895, -0.0161133, , , , , , , , , , , , , , , , , , , , , , 
1.0270385, 0.0193027, 26.703, -0.1298828, 26.703, -1.0527344, 26.703, -0.0576172, 1.0270385, -0.0077211, 26.703, 0.1445312, 26.703, -1.0117188, 26.703, -0.1333008, 1.0270385, -0.012253, 26.703, 0.152832, 26.703, -0.9819336, 26.703, -0.2871094, 1.0270385, -0.0206455, 26.703, 0.0922852, 26.703, -1.0024414, 26.703, -0.0117188, , , , , , , , , , , , , , , , , , , , , , 
1.0275577, 0.017792, 26.7165, -0.1201172, 26.7165, -1.0410156, 26.7165, -0.0708008, 1.0275577, -0.0058747, 26.7165, 0.1396484, 26.7165, -0.9985352, 26.7165, -0.1420898, 1.0275577, -0.0130922, 26.7165, 0.1538086, 26.7165, -0.9741211, 26.7165, -0.296875, 1.0275577, -0.0243381, 26.7165, 0.0776367, 26.7165, -1.0073242, 26.7165, -0.0048828, , , , , , , , , , , , , , , , , , , , , , 
1.0280769, 0.0146029, 26.73, -0.1206055, 26.73, -1.0498047, 26.73, -0.0708008, 1.0280769, -0.0045319, 26.73, 0.1176758, 26.73, -0.9951172, 26.73, -0.1416016, 1.0280769, -0.0149386, 26.73, 0.1425781, 26.73, -0.9750977, 26.73, -0.2993164, 1.0280769, -0.0223239, 26.73, 0.0673828, 26.73, -1.0136719, 26.73, -0.003418, , , , , , , , , , , , , , , , , , , , , , 
1.0285962, 0.0125887, 26.7435, -0.1171875, 26.7435, -1.0639648, 26.7435, -0.0717773, 1.0285962, -0.005539, 26.7435, 0.1142578, 26.7435, -1.0102539, 26.7435, -0.1386719, 1.0285962, -0.0142672, 26.7435, 0.1303711, 26.7435, -0.9838867, 26.7435, -0.2836914, 1.0285962, -0.0196384, 26.7435, 0.065918, 26.7435, -1.0234375, 26.7435, -0.0043945, , , , , , , , , , , , , , , , , , , , , , 
1.0291154, 0.0097353, 26.757, -0.1088867, 26.757, -1.0639648, 26.757, -0.0742188, 1.0291154, -0.0085603, 26.757, 0.1210938, 26.757, -1.0170898, 26.757, -0.1328125, 1.0291154, -0.0129244, 26.757, 0.1367188, 26.757, -0.9755859, 26.757, -0.2792969, 1.0291154, -0.0142672, 26.757, 0.0913086, 26.757, -1.0083008, 26.757, -0.0087891, , , , , , , , , , , , , , , , , , , , , , 
1.0296346, 0.0062104, 26.7705, -0.0981445, 26.7705, -1.0439453, 26.7705, -0.0625, 1.0296346, -0.0085603, 26.7705, 0.1166992, 26.7705, -1.0053711, 26.7705, -0.1430664, 1.0296346, -0.0102388, 26.7705, 0.1552734, 26.7705, -0.9658203, 26.7705, -0.2895508, 1.0296346, -0.0038605, 26.7705, 0.0986328, 26.7705, -1.0004883, 26.7705, -0.0048828, , , , , , , , , , , , , , , , , , , , , , 
1.0301538, 0.0008392, 26.784, -0.1049805, 26.784, -1.0249023, 26.784, -0.0561523, 1.0301538, -0.0068818, 26.784, 0.1035156, 26.784, -0.9863281, 26.784, -0.1572266, 1.0301538, -0.0075532, 26.784, 0.1713867, 26.784, -0.96875, 26.784, -0.2788086, 1.0301538, 0.0068818, 26.784, 0.0668945, 26.784, -1.0048828, 26.784, 0.0102539, , , , , , , , , , , , , , , , , , , , , , 
1.0306731, -0.0008392, 26.7975, -0.1206055, 26.7975, -1.0297852, 26.7975, -0.0620117, 1.0306731, -0.0058747, 26.7975, 0.1103516, 26.7975, -0.9873047, 26.7975, -0.159668, 1.0306731, -0.0068818, 26.7975, 0.1572266, 26.7975, -0.9770508, 26.7975, -0.2607422, 1.0306731, 0.0112459, 26.7975, 0.0488281, 26.7975, -1.0019531, 26.7975, 0.0068359, , , , , , , , , , , , , , , , , , , , , , 
1.0311923, 0.0030213, 26.811, -0.1401367, 26.811, -1.0371094, 26.811, -0.0644531, 1.0311923, -0.0068818, 26.811, 0.1123047, 26.811, -1.0024414, 26.811, -0.1401367, 1.0311923, -0.0062104, 26.811, 0.1333008, 26.811, -0.9853516, 26.811, -0.2583008, 1.0311923, 0.0166171, 26.811, 0.0366211, 26.811, -1.0131836, 26.811, 0.0029297, , , , , , , , , , , , , , , , , , , , , , 
1.0317115, 0.0028534, 26.8245, -0.1567383, 26.8245, -1.0375977, 26.8245, -0.0703125, 1.0317115, -0.0075532, 26.8245, 0.1025391, 26.8245, -1.0141602, 26.8245, -0.1235352, 1.0317115, -0.0062104, 26.8245, 0.1083984, 26.8245, -0.9902344, 26.8245, -0.2602539, 1.0317115, 0.0280308, 26.8245, 0.0317383, 26.8245, -1.0131836, 26.8245, 0.0083008, , , , , , , , , , , , , , , , , , , , , , 
1.0322308, -0.0028534, 26.838, -0.1674805, 26.838, -1.0322266, 26.838, -0.0703125, 1.0322308, -0.0072175, 26.838, 0.1103516, 26.838, -1.0058594, 26.838, -0.1274414, 1.0322308, -0.0058747, 26.838, 0.1108398, 26.838, -0.9882812, 26.838, -0.2539062, 1.0322308, 0.0387732, 26.838, 0.0170898, 26.838, -1.0083008, 26.838, 0.0146484, , , , , , , , , , , , , , , , , , , , , , 
1.03275, -0.0015106, 26.8515, -0.1533203, 26.8515, -1.0195312, 26.8515, -0.0673828, 1.03275, -0.0075532, 26.8515, 0.1210938, 26.8515, -0.9941406, 26.8515, -0.1376953, 1.03275, -0.0065461, 26.8515, 0.1171875, 26.8515, -0.9833984, 26.8515, -0.2553711, 1.03275, 0.0441444, 26.8515, 0.0087891, 26.8515, -1.0024414, 26.8515, 0.0083008, , , , , , , , , , , , , , , , , , , , , , 
1.0332692, 0.0062104, 26.865, -0.1435547, 26.865, -1.015625, 26.865, -0.0556641, 1.0332692, -0.0082246, 26.865, 0.1157227, 26.865, -0.984375, 26.865, -0.1391602, 1.0332692, -0.0072175, 26.865, 0.1269531, 26.865, -0.9702148, 26.865, -0.2470703, 1.0332692, 0.0446479, 26.865, 0.0048828, 26.865, -1.0004883, 26.865, 0.0009766, , , , , , , , , , , , , , , , , , , , , , 
1.0337885, 0.0132601, 26.8785, -0.1484375, 26.8785, -1.027832, 26.8785, -0.0478516, 1.0337885, -0.0078889, 26.8785, 0.1279297, 26.8785, -0.9848633, 26.8785, -0.1459961, 1.0337885, -0.0048676, 26.8785, 0.1220703, 26.8785, -0.9746094, 26.8785, -0.2348633, 1.0337885, 0.0441444, 26.8785, 0.0058594, 26.8785, -1.0063477, 26.8785, -0.0024414, , , , , , , , , , , , , , , , , , , , , , 
1.0343077, 0.0092317, 26.892, -0.1464844, 26.892, -1.0375977, 26.892, -0.0551758, 1.0343077, -0.0065461, 26.892, 0.1318359, 26.892, -0.9936523, 26.892, -0.1459961, 1.0343077, -0.0035248, 26.892, 0.1147461, 26.892, -0.9873047, 26.892, -0.2338867, 1.0343077, 0.0448157, 26.892, 0.0234375, 26.892, -1.0170898, 26.892, -0.0063477, , , , , , , , , , , , , , , , , , , , , , 
1.0348269, 0.0058747, 26.9055, -0.1313477, 26.9055, -1.0356445, 26.9055, -0.0556641, 1.0348269, -0.0075532, 26.9055, 0.1484375, 26.9055, -1.0073242, 26.9055, -0.1323242, 1.0348269, -0.0041962, 26.9055, 0.1279297, 26.9055, -0.984375, 26.9055, -0.2373047, 1.0348269, 0.0441444, 26.9055, 0.0463867, 26.9055, -1.003418, 26.9055, -0.0068359, , , , , , , , , , , , , , , , , , , , , , 
1.0353462, 0.0105745, 26.919, -0.1269531, 26.919, -1.0292969, 26.919, -0.0507812, 1.0353462, -0.0095674, 26.919, 0.159668, 26.919, -0.9975586, 26.919, -0.1225586, 1.0353462, -0.0052033, 26.919, 0.1494141, 26.919, -0.9736328, 26.919, -0.2475586, 1.0353462, 0.0421302, 26.919, 0.034668, 26.919, -0.9975586, 26.919, -0.003418, , , , , , , , , , , , , , , , , , , , , , 
1.0358654, 0.0162814, 26.9325, -0.1367188, 26.9325, -1.0185547, 26.9325, -0.0454102, 1.0358654, -0.0102388, 26.9325, 0.1513672, 26.9325, -0.9868164, 26.9325, -0.1293945, 1.0358654, -0.0045319, 26.9325, 0.1508789, 26.9325, -0.9741211, 26.9325, -0.2436523, 1.0358654, 0.0365911, 26.9325, 0.0263672, 26.9325, -1.0092773, 26.9325, 0.0141602, , , , , , , , , , , , , , , , , , , , , , 
1.0363846, 0.0198062, 26.946, -0.1557617, 26.946, -1.0112305, 26.946, -0.0415039, 1.0363846, -0.0095674, 26.946, 0.1352539, 26.946, -0.980957, 26.946, -0.1420898, 1.0363846, -0.0028534, 26.946, 0.1245117, 26.946, -0.9755859, 26.946, -0.230957, 1.0363846, 0.0298772, 26.946, 0.015625, 26.946, -1.0058594, 26.946, 0.0043945, , , , , , , , , , , , , , , , , , , , , , 
1.0369038, 0.0193027, 26.9595, -0.1699219, 26.9595, -1.0205078, 26.9595, -0.0498047, 1.0369038, -0.0104067, 26.9595, 0.1396484, 26.9595, -0.9819336, 26.9595, -0.1367188, 1.0369038, -0.0005035, 26.9595, 0.1020508, 26.9595, -0.980957, 26.9595, -0.2285156, 1.0369038, 0.0250095, 26.9595, 0.0092773, 26.9595, -0.9970703, 26.9595, 0, , , , , , , , , , , , , , , , , , , , , , 
1.0374231, 0.0162814, 26.973, -0.1757812, 26.973, -1.0239258, 26.973, -0.059082, 1.0374231, -0.0105745, 26.973, 0.1352539, 26.973, -0.9892578, 26.973, -0.1308594, 1.0374231, -0.0011749, 26.973, 0.1010742, 26.973, -0.9853516, 26.973, -0.2363281, 1.0374231, 0.0226596, 26.973, 0.0180664, 26.973, -1.0063477, 26.973, -0.0058594, , , , , , , , , , , , , , , , , , , , , , 
1.0379423, 0.0172885, 26.9865, -0.1743164, 26.9865, -1.0258789, 26.9865, -0.050293, 1.0379423, -0.0085603, 26.9865, 0.1337891, 26.9865, -0.9990234, 26.9865, -0.1210938, 1.0379423, -0.003357, 26.9865, 0.1113281, 26.9865, -0.9956055, 26.9865, -0.2441406, 1.0379423, 0.0204776, 26.9865, 0.0229492, 26.9865, -1.0161133, 26.9865, -0.0004883, , , , , , , , , , , , , , , , , , , , , , 
1.0384615, 0.0213169, 27, -0.1826172, 27, -1.0302734, 27, -0.0444336, 1.0384615, -0.0085603, 27, 0.15625, 27, -0.9956055, 27, -0.1225586, 1.0384615, -0.0041962, 27, 0.1274414, 27, -0.9980469, 27, -0.2416992, 1.0384615, 0.0193027, 27, 0.0200195, 27, -1.0107422, 27, 0.0014648, , , , , , , , , , , , , , , , , , , , , , 
1.0389808, 0.0206455, 27.0135, -0.184082, 27.0135, -1.0366211, 27.0135, -0.0327148, 1.0389808, -0.0078889, 27.0135, 0.1787109, 27.0135, -0.9897461, 27.0135, -0.1367188, 1.0389808, -0.0041962, 27.0135, 0.1357422, 27.0135, -0.9990234, 27.0135, -0.230957, 1.0389808, 0.018967, 27.0135, 0.019043, 27.0135, -1.0117188, 27.0135, -0.0009766, , , , , , , , , , , , , , , , , , , , , , 
1.0395, 0.0199741, 27.027, -0.1625977, 27.027, -1.0307617, 27.027, -0.0273438, 1.0395, -0.0072175, 27.027, 0.1767578, 27.027, -0.9912109, 27.027, -0.1411133, 1.0395, -0.0028534, 27.027, 0.1337891, 27.027, -0.9926758, 27.027, -0.21875, 1.0395, 0.0179599, 27.027, 0.0175781, 27.027, -1.0170898, 27.027, 0.0009766, , , , , , , , , , , , , , , , , , , , , , 
1.0400192, 0.0213169, 27.0405, -0.1499023, 27.0405, -1.0249023, 27.0405, -0.0214844, 1.0400192, -0.0082246, 27.0405, 0.1782227, 27.0405, -0.9941406, 27.0405, -0.1386719, 1.0400192, -0.003357, 27.0405, 0.1289062, 27.0405, -0.984375, 27.0405, -0.2084961, 1.0400192, 0.0166171, 27.0405, 0.0058594, 27.0405, -1.0102539, 27.0405, 0.0029297, , , , , , , , , , , , , , , , , , , , , , 
1.0405385, 0.0243381, 27.054, -0.1464844, 27.054, -1.0244141, 27.054, -0.0146484, 1.0405385, -0.008896, 27.054, 0.1928711, 27.054, -0.9863281, 27.054, -0.1391602, 1.0405385, -0.0048676, 27.054, 0.1254883, 27.054, -0.9794922, 27.054, -0.2050781, 1.0405385, 0.01561, 27.054, -0.0126953, 27.054, -1.0014648, 27.054, 0.0102539, , , , , , , , , , , , , , , , , , , , , , 
1.0410577, 0.0240024, 27.0675, -0.1518555, 27.0675, -1.0273438, 27.0675, -0.0063477, 1.0410577, -0.0104067, 27.0675, 0.2021484, 27.0675, -0.9814453, 27.0675, -0.1459961, 1.0410577, -0.0045319, 27.0675, 0.1308594, 27.0675, -0.9858398, 27.0675, -0.2055664, 1.0410577, 0.0139315, 27.0675, -0.0214844, 27.0675, -1.0029297, 27.0675, 0.0097656, , , , , , , , , , , , , , , , , , , , , , 
1.0415769, 0.0226596, 27.081, -0.1757812, 27.081, -1.0273438, 27.081, -0.0146484, 1.0415769, -0.0102388, 27.081, 0.1875, 27.081, -0.9931641, 27.081, -0.1489258, 1.0415769, -0.0041962, 27.081, 0.1303711, 27.081, -1.0009766, 27.081, -0.203125, 1.0415769, 0.0132601, 27.081, -0.0175781, 27.081, -1.015625, 27.081, 0.012207, , , , , , , , , , , , , , , , , , , , , , 
1.0420962, 0.0216526, 27.0945, -0.1894531, 27.0945, -1.0273438, 27.0945, -0.0170898, 1.0420962, -0.0097353, 27.0945, 0.1635742, 27.0945, -1.0029297, 27.0945, -0.1455078, 1.0420962, -0.0068818, 27.0945, 0.121582, 27.0945, -1.0019531, 27.0945, -0.203125, 1.0420962, 0.0137636, 27.0945, -0.0151367, 27.0945, -1.0219727, 27.0945, 0.0180664, , , , , , , , , , , , , , , , , , , , , , 
1.0426154, 0.0209812, 27.108, -0.2158203, 27.108, -1.0249023, 27.108, -0.0146484, 1.0426154, -0.0099031, 27.108, 0.1625977, 27.108, -0.9956055, 27.108, -0.1430664, 1.0426154, -0.008896, 27.108, 0.1225586, 27.108, -1.0019531, 27.108, -0.2001953, 1.0426154, 0.0112459, 27.108, -0.0258789, 27.108, -1.0131836, 27.108, 0.0175781, , , , , , , , , , , , , , , , , , , , , , 
1.0431346, 0.0182956, 27.1215, -0.2202148, 27.1215, -1.0253906, 27.1215, -0.0092773, 1.0431346, -0.0085603, 27.1215, 0.171875, 27.1215, -0.9838867, 27.1215, -0.1494141, 1.0431346, -0.0092317, 27.1215, 0.1264648, 27.1215, -1.0004883, 27.1215, -0.203125, 1.0431346, 0.0090639, 27.1215, -0.0268555, 27.1215, -1.0263672, 27.1215, 0.0161133, , , , , , , , , , , , , , , , , , , , , , 
1.0436538, 0.0182956, 27.135, -0.2006836, 27.135, -1.019043, 27.135, 0.0014648, 1.0436538, -0.0062104, 27.135, 0.1879883, 27.135, -0.9790039, 27.135, -0.1503906, 1.0436538, -0.0099031, 27.135, 0.1240234, 27.135, -1.0063477, 27.135, -0.2011719, 1.0436538, 0.0072175, 27.135, -0.0180664, 27.135, -1.0244141, 27.135, 0.0131836, , , , , , , , , , , , , , , , , , , , , , 
1.0441731, 0.0196384, 27.1485, -0.1801758, 27.1485, -1.0180664, 27.1485, 0.0014648, 1.0441731, -0.0057069, 27.1485, 0.2050781, 27.1485, -0.9780273, 27.1485, -0.1430664, 1.0441731, -0.0085603, 27.1485, 0.1054688, 27.1485, -1.0019531, 27.1485, -0.190918, 1.0441731, 0.0058747, 27.1485, -0.0371094, 27.1485, -0.9951172, 27.1485, 0.0073242, , , , , , , , , , , , , , , , , , , , , , 
1.0446923, 0.0172885, 27.162, -0.1796875, 27.162, -1.0214844, 27.162, -0.0053711, 1.0446923, -0.006714, 27.162, 0.2280273, 27.162, -0.9775391, 27.162, -0.1298828, 1.0446923, -0.0058747, 27.162, 0.1040039, 27.162, -0.9887695, 27.162, -0.1914062, 1.0446923, 0.0058747, 27.162, -0.0288086, 27.162, -0.9931641, 27.162, 0.0024414, , , , , , , , , , , , , , , , , , , , , , 
1.0452115, 0.0169528, 27.1755, -0.1875, 27.1755, -1.0185547, 27.1755, -0.0048828, 1.0452115, -0.0078889, 27.1755, 0.203125, 27.1755, -0.9746094, 27.1755, -0.137207, 1.0452115, -0.0062104, 27.1755, 0.128418, 27.1755, -0.9892578, 27.1755, -0.1967773, 1.0452115, 0.0035248, 27.1755, -0.0146484, 27.1755, -1.0029297, 27.1755, 0.0004883, , , , , , , , , , , , , , , , , , , , , , 
1.0457308, 0.0206455, 27.189, -0.1884766, 27.189, -1.0214844, 27.189, -0.0009766, 1.0457308, -0.0082246, 27.189, 0.1806641, 27.189, -0.9824219, 27.189, -0.1435547, 1.0457308, -0.0085603, 27.189, 0.1386719, 27.189, -1.0039062, 27.189, -0.199707, 1.0457308, -0.0031891, 27.189, -0.0019531, 27.189, -1.0112305, 27.189, -0.0024414, , , , , , , , , , , , , , , , , , , , , , 
1.04625, 0.0226596, 27.2025, -0.1923828, 27.2025, -1.0229492, 27.2025, -0.0043945, 1.04625, -0.0068818, 27.2025, 0.203125, 27.2025, -0.9892578, 27.2025, -0.1401367, 1.04625, -0.0115816, 27.2025, 0.1381836, 27.2025, -0.9975586, 27.2025, -0.1948242, 1.04625, -0.008896, 27.2025, -0.0092773, 27.2025, -1.0092773, 27.2025, 0.0053711, , , , , , , , , , , , , , , , , , , , , , 
1.0467692, 0.0240024, 27.216, -0.2021484, 27.216, -1.0234375, 27.216, -0.0205078, 1.0467692, -0.0065461, 27.216, 0.2084961, 27.216, -0.9853516, 27.216, -0.1313477, 1.0467692, -0.0129244, 27.216, 0.1313477, 27.216, -0.9921875, 27.216, -0.1958008, 1.0467692, -0.0135958, 27.216, -0.0146484, 27.216, -1.0024414, 27.216, 0.015625, , , , , , , , , , , , , , , , , , , , , , 
1.0472885, 0.0240024, 27.2295, -0.1953125, 27.2295, -1.0195312, 27.2295, -0.0087891, 1.0472885, -0.0065461, 27.2295, 0.1796875, 27.2295, -0.9794922, 27.2295, -0.1450195, 1.0472885, -0.0135958, 27.2295, 0.1171875, 27.2295, -0.9951172, 27.2295, -0.199707, 1.0472885, -0.0164492, 27.2295, -0.0170898, 27.2295, -1.0117188, 27.2295, 0.0151367, , , , , , , , , , , , , , , , , , , , , , 
1.0478077, 0.0179599, 27.243, -0.184082, 27.243, -1.0219727, 27.243, 0.0107422, 1.0478077, -0.005539, 27.243, 0.1855469, 27.243, -0.9775391, 27.243, -0.1513672, 1.0478077, -0.0162814, 27.243, 0.1142578, 27.243, -0.9980469, 27.243, -0.1977539, 1.0478077, -0.0149386, 27.243, -0.0209961, 27.243, -1.0097656, 27.243, 0.0068359, , , , , , , , , , , , , , , , , , , , , , 
1.0483269, 0.0119173, 27.2565, -0.1850586, 27.2565, -1.0239258, 27.2565, 0.0117188, 1.0483269, -0.0048676, 27.2565, 0.2250977, 27.2565, -0.9765625, 27.2565, -0.1464844, 1.0483269, -0.0166171, 27.2565, 0.1181641, 27.2565, -1.0004883, 27.2565, -0.1933594, 1.0483269, -0.0099031, 27.2565, -0.0302734, 27.2565, -1.0014648, 27.2565, 0.0063477, , , , , , , , , , , , , , , , , , , , , , 
1.0488462, 0.0085603, 27.27, -0.1816406, 27.27, -1.0283203, 27.27, 0.0078125, 1.0488462, -0.0068818, 27.27, 0.2363281, 27.27, -0.9770508, 27.27, -0.1455078, 1.0488462, -0.0152743, 27.27, 0.1254883, 27.27, -0.9980469, 27.27, -0.1918945, 1.0488462, -0.0065461, 27.27, -0.0244141, 27.27, -1.0131836, 27.27, 0.0136719, , , , , , , , , , , , , , , , , , , , , , 
1.0493654, 0.0025177, 27.2835, -0.1782227, 27.2835, -1.0283203, 27.2835, 0.0097656, 1.0493654, -0.0092317, 27.2835, 0.2202148, 27.2835, -0.9882812, 27.2835, -0.1523438, 1.0493654, -0.0152743, 27.2835, 0.1298828, 27.2835, -1.0043945, 27.2835, -0.1889648, 1.0493654, -0.0015106, 27.2835, -0.0180664, 27.2835, -1.0229492, 27.2835, 0.0107422, , , , , , , , , , , , , , , , , , , , , , 
1.0498846, -0.002182, 27.297, -0.1835938, 27.297, -1.0351562, 27.297, 0.0073242, 1.0498846, -0.0099031, 27.297, 0.2016602, 27.297, -0.9941406, 27.297, -0.1503906, 1.0498846, -0.0154421, 27.297, 0.1303711, 27.297, -1.0102539, 27.297, -0.1865234, 1.0498846, 0.0052033, 27.297, -0.0219727, 27.297, -1.0166016, 27.297, 0.0112305, , , , , , , , , , , , , , , , , , , , , , 
1.0504038, -0.0038605, 27.3105, -0.1855469, 27.3105, -1.0375977, 27.3105, 0.0019531, 1.0504038, -0.008896, 27.3105, 0.2075195, 27.3105, -0.9985352, 27.3105, -0.1455078, 1.0504038, -0.0162814, 27.3105, 0.1459961, 27.3105, -1.0092773, 27.3105, -0.1850586, 1.0504038, 0.0119173, 27.3105, -0.0141602, 27.3105, -1.0175781, 27.3105, 0.0146484, , , , , , , , , , , , , , , , , , , , , , 
1.0509231, -0.0065461, 27.324, -0.190918, 27.324, -1.0239258, 27.324, 0, 1.0509231, -0.0082246, 27.324, 0.2045898, 27.324, -0.9946289, 27.324, -0.1420898, 1.0509231, -0.0169528, 27.324, 0.1508789, 27.324, -1.0039062, 27.324, -0.1967773, 1.0509231, 0.0193027, 27.324, -0.0102539, 27.324, -1.019043, 27.324, 0.019043, , , , , , , , , , , , , , , , , , , , , , 
1.0514423, -0.0109102, 27.3375, -0.2006836, 27.3375, -1.0166016, 27.3375, -0.0019531, 1.0514423, -0.008896, 27.3375, 0.190918, 27.3375, -0.980957, 27.3375, -0.1484375, 1.0514423, -0.0182956, 27.3375, 0.1318359, 27.3375, -0.9975586, 27.3375, -0.1977539, 1.0514423, 0.0290379, 27.3375, -0.0205078, 27.3375, -1.0141602, 27.3375, 0.0253906, , , , , , , , , , , , , , , , , , , , , , 
1.0519615, -0.0092317, 27.351, -0.2006836, 27.351, -1.0229492, 27.351, -0.0087891, 1.0519615, -0.0095674, 27.351, 0.1875, 27.351, -0.9770508, 27.351, -0.1542969, 1.0519615, -0.0169528, 27.351, 0.109375, 27.351, -0.9936523, 27.351, -0.1928711, 1.0519615, 0.0394446, 27.351, -0.0366211, 27.351, -1.0058594, 27.351, 0.0175781, , , , , , , , , , , , , , , , , , , , , , 
1.0524808, -0.0008392, 27.3645, -0.184082, 27.3645, -1.0244141, 27.3645, -0.0014648, 1.0524808, -0.0104067, 27.3645, 0.1806641, 27.3645, -0.9829102, 27.3645, -0.1489258, 1.0524808, -0.0142672, 27.3645, 0.1074219, 27.3645, -0.9931641, 27.3645, -0.1928711, 1.0524808, 0.0461585, 27.3645, -0.0283203, 27.3645, -1.0039062, 27.3645, 0.0112305, , , , , , , , , , , , , , , , , , , , , , 
1.053, 0.0025177, 27.378, -0.1782227, 27.378, -1.0175781, 27.378, -0.0004883, 1.053, -0.0082246, 27.378, 0.1889648, 27.378, -0.9785156, 27.378, -0.1455078, 1.053, -0.011078, 27.378, 0.1191406, 27.378, -0.9926758, 27.378, -0.1943359, 1.053, 0.0508583, 27.378, -0.0117188, 27.378, -0.9995117, 27.378, 0.0078125, , , , , , , , , , , , , , , , , , , , , , 
1.0535192, -0.0015106, 27.3915, -0.1889648, 27.3915, -1.0136719, 27.3915, -0.0063477, 1.0535192, -0.005539, 27.3915, 0.1982422, 27.3915, -0.9746094, 27.3915, -0.1450195, 1.0535192, -0.0078889, 27.3915, 0.1342773, 27.3915, -0.9892578, 27.3915, -0.1948242, 1.0535192, 0.0569009, 27.3915, -0.0146484, 27.3915, -1.0019531, 27.3915, 0.015625, , , , , , , , , , , , , , , , , , , , , , 
1.0540385, -0.0045319, 27.405, -0.1850586, 27.405, -1.0175781, 27.405, -0.0068359, 1.0540385, -0.0063783, 27.405, 0.2080078, 27.405, -0.9731445, 27.405, -0.1445312, 1.0540385, -0.0038605, 27.405, 0.1416016, 27.405, -0.9936523, 27.405, -0.1958008, 1.0540385, 0.0622721, 27.405, -0.0170898, 27.405, -1.0073242, 27.405, 0.0166016, , , , , , , , , , , , , , , , , , , , , , 
1.0545577, -0.0031891, 27.4185, -0.1811523, 27.4185, -1.0200195, 27.4185, -0.003418, 1.0545577, -0.0085603, 27.4185, 0.2016602, 27.4185, -0.9819336, 27.4185, -0.1401367, 1.0545577, 0.0005035, 27.4185, 0.1367188, 27.4185, -0.9995117, 27.4185, -0.1889648, 1.0545577, 0.0649577, 27.4185, -0.0146484, 27.4185, -1.0053711, 27.4185, 0.0053711, , , , , , , , , , , , , , , , , , , , , , 
1.0550769, -0.0006714, 27.432, -0.184082, 27.432, -1.0175781, 27.432, 0.0014648, 1.0550769, -0.0092317, 27.432, 0.2138672, 27.432, -0.980957, 27.432, -0.1333008, 1.0550769, 0.0018463, 27.432, 0.1235352, 27.432, -0.9956055, 27.432, -0.1831055, 1.0550769, 0.0629435, 27.432, -0.0273438, 27.432, -0.9980469, 27.432, 0.0097656, , , , , , , , , , , , , , , , , , , , , , 
1.0555962, 0.0048676, 27.4455, -0.1894531, 27.4455, -1.0200195, 27.4455, -0.0043945, 1.0555962, -0.0095674, 27.4455, 0.2211914, 27.4455, -0.9731445, 27.4455, -0.1386719, 1.0555962, 0.0018463, 27.4455, 0.1191406, 27.4455, -0.9912109, 27.4455, -0.1860352, 1.0555962, 0.0555581, 27.4455, -0.0200195, 27.4455, -0.9995117, 27.4455, 0.0102539, , , , , , , , , , , , , , , , , , , , , , 
1.0561154, 0.008896, 27.459, -0.1787109, 27.459, -1.0180664, 27.459, -0.0083008, 1.0561154, -0.0102388, 27.459, 0.2021484, 27.459, -0.9765625, 27.459, -0.1435547, 1.0561154, 0.0008392, 27.459, 0.1274414, 27.459, -0.9916992, 27.459, -0.1972656, 1.0561154, 0.0431373, 27.459, -0.0141602, 27.459, -1.0043945, 27.459, 0.0053711, , , , , , , , , , , , , , , , , , , , , , 
1.0566346, 0.0085603, 27.4725, -0.1791992, 27.4725, -1.0161133, 27.4725, -0.0048828, 1.0566346, -0.0093996, 27.4725, 0.1835938, 27.4725, -0.9848633, 27.4725, -0.1450195, 1.0566346, -0.0015106, 27.4725, 0.1269531, 27.4725, -0.9951172, 27.4725, -0.1933594, 1.0566346, 0.0337377, 27.4725, -0.0180664, 27.4725, -1.0058594, 27.4725, 0.0048828, , , , , , , , , , , , , , , , , , , , , , 
1.0571538, 0.0050355, 27.486, -0.1943359, 27.486, -1.0175781, 27.486, 0.0024414, 1.0571538, -0.0083925, 27.486, 0.1948242, 27.486, -0.9760742, 27.486, -0.1474609, 1.0571538, -0.0015106, 27.486, 0.128418, 27.486, -0.9956055, 27.486, -0.1835938, 1.0571538, 0.0288701, 27.486, -0.0244141, 27.486, -1.0053711, 27.486, 0.0102539, , , , , , , , , , , , , , , , , , , , , , 
1.0576731, 0.0031891, 27.4995, -0.2060547, 27.4995, -1.015625, 27.4995, -0.0014648, 1.0576731, -0.008896, 27.4995, 0.2070312, 27.4995, -0.972168, 27.4995, -0.1445312, 1.0576731, -0.0010071, 27.4995, 0.128418, 27.4995, -0.9941406, 27.4995, -0.1787109, 1.0576731, 0.0246738, 27.4995, -0.0356445, 27.4995, -1.0043945, 27.4995, 0.0146484, , , , , , , , , , , , , , , , , , , , , , 
1.0581923, 0.0072175, 27.513, -0.1987305, 27.513, -1.0185547, 27.513, -0.0112305, 1.0581923, -0.0112459, 27.513, 0.2026367, 27.513, -0.9741211, 27.513, -0.1464844, 1.0581923, -0.0011749, 27.513, 0.1245117, 27.513, -0.9960938, 27.513, -0.1831055, 1.0581923, 0.0218204, 27.513, -0.03125, 27.513, -1.0039062, 27.513, 0.0117188, , , , , , , , , , , , , , , , , , , , , , 
1.0587115, 0.0179599, 27.5265, -0.1855469, 27.5265, -1.0195312, 27.5265, 0.003418, 1.0587115, -0.0109102, 27.5265, 0.1938477, 27.5265, -0.9829102, 27.5265, -0.1445312, 1.0587115, -0.0020142, 27.5265, 0.1220703, 27.5265, -1.0004883, 27.5265, -0.1899414, 1.0587115, 0.0204776, 27.5265, -0.0224609, 27.5265, -1.0087891, 27.5265, 0.0141602, , , , , , , , , , , , , , , , , , , , , , 
1.0592308, 0.0276951, 27.54, -0.1821289, 27.54, -1.0166016, 27.54, 0.0092773, 1.0592308, -0.008896, 27.54, 0.2050781, 27.54, -0.9804688, 27.54, -0.140625, 1.0592308, -0.0005035, 27.54, 0.1259766, 27.54, -0.9936523, 27.54, -0.190918, 1.0592308, 0.0172885, 27.54, -0.0239258, 27.54, -1.0048828, 27.54, 0.0151367, , , , , , , , , , , , , , , , , , , , , , 
1.05975, 0.0293736, 27.5535, -0.1879883, 27.5535, -1.015625, 27.5535, 0.0092773, 1.05975, -0.0068818, 27.5535, 0.2182617, 27.5535, -0.9707031, 27.5535, -0.1445312, 1.05975, -0.0008392, 27.5535, 0.1381836, 27.5535, -0.9912109, 27.5535, -0.1899414, 1.05975, 0.0162814, 27.5535, -0.0239258, 27.5535, -1.003418, 27.5535, 0.0141602, , , , , , , , , , , , , , , , , , , , , , 
1.0602692, 0.026688, 27.567, -0.184082, 27.567, -1.0141602, 27.567, 0.0004883, 1.0602692, -0.0048676, 27.567, 0.2119141, 27.567, -0.96875, 27.567, -0.1523438, 1.0602692, -0.0031891, 27.567, 0.1352539, 27.567, -0.9853516, 27.567, -0.1855469, 1.0602692, 0.0176242, 27.567, -0.0205078, 27.567, -1.0019531, 27.567, 0.0102539, , , , , , , , , , , , , , , , , , , , , , 
1.0607885, 0.0290379, 27.5805, -0.1816406, 27.5805, -1.0151367, 27.5805, -0.0029297, 1.0607885, -0.0048676, 27.5805, 0.2036133, 27.5805, -0.9765625, 27.5805, -0.1450195, 1.0607885, -0.0062104, 27.5805, 0.1318359, 27.5805, -0.9916992, 27.5805, -0.1826172, 1.0607885, 0.01561, 27.5805, -0.0195312, 27.5805, -1.0019531, 27.5805, 0.012207, , , , , , , , , , , , , , , , , , , , , , 
1.0613077, 0.030045, 27.594, -0.184082, 27.594, -1.0151367, 27.594, 0.0009766, 1.0613077, -0.0058747, 27.594, 0.199707, 27.594, -0.9804688, 27.594, -0.1401367, 1.0613077, -0.0095674, 27.594, 0.1342773, 27.594, -0.9980469, 27.594, -0.1845703, 1.0613077, 0.0112459, 27.594, -0.0253906, 27.594, -1.0078125, 27.594, 0.0107422, , , , , , , , , , , , , , , , , , , , , , 
1.0618269, 0.0290379, 27.6075, -0.1977539, 27.6075, -1.0170898, 27.6075, 0.0068359, 1.0618269, -0.005539, 27.6075, 0.2080078, 27.6075, -0.9736328, 27.6075, -0.1430664, 1.0618269, -0.0115816, 27.6075, 0.128418, 27.6075, -0.9936523, 27.6075, -0.1860352, 1.0618269, 0.0092317, 27.6075, -0.0283203, 27.6075, -1.0009766, 27.6075, 0.0141602, , , , , , , , , , , , , , , , , , , , , , 
1.0623462, 0.0276951, 27.621, -0.1958008, 27.621, -1.0214844, 27.621, -0.0019531, 1.0623462, -0.0075532, 27.621, 0.2109375, 27.621, -0.9731445, 27.621, -0.1455078, 1.0623462, -0.0115816, 27.621, 0.1240234, 27.621, -0.9921875, 27.621, -0.1894531, 1.0623462, 0.0092317, 27.621, -0.0258789, 27.621, -0.9995117, 27.621, 0.0126953, , , , , , , , , , , , , , , , , , , , , , 
1.0628654, 0.0287022, 27.6345, -0.1860352, 27.6345, -1.0136719, 27.6345, -0.0048828, 1.0628654, -0.0092317, 27.6345, 0.2041016, 27.6345, -0.9755859, 27.6345, -0.1425781, 1.0628654, -0.0095674, 27.6345, 0.125, 27.6345, -0.9902344, 27.6345, -0.1923828, 1.0628654, 0.0092317, 27.6345, -0.0166016, 27.6345, -1.0014648, 27.6345, 0.0097656, , , , , , , , , , , , , , , , , , , , , , 
1.0633846, 0.0293736, 27.648, -0.1791992, 27.648, -1.0166016, 27.648, 0, 1.0633846, -0.0085603, 27.648, 0.1943359, 27.648, -0.9741211, 27.648, -0.1459961, 1.0633846, -0.0082246, 27.648, 0.1367188, 27.648, -0.9907227, 27.648, -0.1899414, 1.0633846, 0.008896, 27.648, -0.0170898, 27.648, -1.0039062, 27.648, 0.012207, , , , , , , , , , , , , , , , , , , , , , 
1.0639038, 0.0253452, 27.6615, -0.1801758, 27.6615, -1.0219727, 27.6615, 0.003418, 1.0639038, -0.0068818, 27.6615, 0.2011719, 27.6615, -0.9785156, 27.6615, -0.1508789, 1.0639038, -0.0072175, 27.6615, 0.1425781, 27.6615, -0.9897461, 27.6615, -0.1826172, 1.0639038, 0.0085603, 27.6615, -0.0249023, 27.6615, -1.0063477, 27.6615, 0.012207, , , , , , , , , , , , , , , , , , , , , , 
1.0644231, 0.0198062, 27.675, -0.1850586, 27.675, -1.0263672, 27.675, 0.0073242, 1.0644231, -0.0068818, 27.675, 0.2050781, 27.675, -0.9858398, 27.675, -0.152832, 1.0644231, -0.0068818, 27.675, 0.1333008, 27.675, -1.0014648, 27.675, -0.1772461, 1.0644231, 0.0068818, 27.675, -0.0273438, 27.675, -1.0126953, 27.675, 0.0112305, , , , , , , , , , , , , , , , , , , , , , 
1.0649423, 0.0169528, 27.6885, -0.1962891, 27.6885, -1.0180664, 27.6885, 0.0131836, 1.0649423, -0.0068818, 27.6885, 0.2099609, 27.6885, -0.9829102, 27.6885, -0.1479492, 1.0649423, -0.0062104, 27.6885, 0.1264648, 27.6885, -1.0048828, 27.6885, -0.1728516, 1.0649423, 0.0041962, 27.6885, -0.0327148, 27.6885, -1.0146484, 27.6885, 0.0166016, , , , , , , , , , , , , , , , , , , , , , 
1.0654615, 0.01561, 27.702, -0.2070312, 27.702, -1.0205078, 27.702, 0.0053711, 1.0654615, -0.005539, 27.702, 0.2255859, 27.702, -0.9780273, 27.702, -0.1416016, 1.0654615, -0.005539, 27.702, 0.1201172, 27.702, -1.0029297, 27.702, -0.1733398, 1.0654615, -0.0041962, 27.702, -0.0449219, 27.702, -1.0019531, 27.702, 0.019043, , , , , , , , , , , , , , , , , , , , , , 
1.0659808, 0.0166171, 27.7155, -0.1992188, 27.7155, -1.0200195, 27.7155, -0.0004883, 1.0659808, -0.0038605, 27.7155, 0.2197266, 27.7155, -0.9790039, 27.7155, -0.144043, 1.0659808, -0.0063783, 27.7155, 0.1245117, 27.7155, -0.9946289, 27.7155, -0.1835938, 1.0659808, -0.0139315, 27.7155, -0.0361328, 27.7155, -1.0068359, 27.7155, 0.0170898, , , , , , , , , , , , , , , , , , , , , , 
1.0665, 0.0179599, 27.729, -0.1772461, 27.729, -1.0200195, 27.729, 0.0078125, 1.0665, -0.0028534, 27.729, 0.1992188, 27.729, -0.9853516, 27.729, -0.1484375, 1.0665, -0.0085603, 27.729, 0.1289062, 27.729, -0.9980469, 27.729, -0.1889648, 1.0665, -0.0194705, 27.729, -0.0224609, 27.729, -1.0141602, 27.729, 0.0131836, , , , , , , , , , , , , , , , , , , , , , 
1.0670192, 0.01561, 27.7425, -0.1791992, 27.7425, -1.0200195, 27.7425, 0.0136719, 1.0670192, -0.0031891, 27.7425, 0.2060547, 27.7425, -0.9770508, 27.7425, -0.1513672, 1.0670192, -0.0095674, 27.7425, 0.128418, 27.7425, -0.9951172, 27.7425, -0.1831055, 1.0670192, -0.0223239, 27.7425, -0.0302734, 27.7425, -1.0048828, 27.7425, 0.0170898, , , , , , , , , , , , , , , , , , , , , , 
1.0675385, 0.0095674, 27.756, -0.1870117, 27.756, -1.0170898, 27.756, 0.0136719, 1.0675385, -0.0057069, 27.756, 0.2143555, 27.756, -0.9716797, 27.756, -0.1513672, 1.0675385, -0.0095674, 27.756, 0.1293945, 27.756, -0.9931641, 27.756, -0.1767578, 1.0675385, -0.0243381, 27.756, -0.0336914, 27.756, -0.996582, 27.756, 0.0180664, , , , , , , , , , , , , , , , , , , , , , 
1.0680577, 0.0085603, 27.7695, -0.1972656, 27.7695, -1.0087891, 27.7695, 0.0004883, 1.0680577, -0.0072175, 27.7695, 0.2099609, 27.7695, -0.9672852, 27.7695, -0.1518555, 1.0680577, -0.0105745, 27.7695, 0.1337891, 27.7695, -0.9897461, 27.7695, -0.1757812, 1.0680577, -0.0246738, 27.7695, -0.0327148, 27.7695, -1, 27.7695, 0.0161133, , , , , , , , , , , , , , , , , , , , , , 
1.0685769, 0.0146029, 27.783, -0.1933594, 27.783, -1.012207, 27.783, 0.0043945, 1.0685769, -0.0058747, 27.783, 0.1899414, 27.783, -0.9750977, 27.783, -0.1538086, 1.0685769, -0.0104067, 27.783, 0.137207, 27.783, -0.9931641, 27.783, -0.1796875, 1.0685769, -0.0229953, 27.783, -0.0292969, 27.783, -1.003418, 27.783, 0.0126953, , , , , , , , , , , , , , , , , , , , , , 
1.0690962, 0.0179599, 27.7965, -0.1904297, 27.7965, -1.0126953, 27.7965, 0.0146484, 1.0690962, -0.0057069, 27.7965, 0.1962891, 27.7965, -0.9770508, 27.7965, -0.1494141, 1.0690962, -0.0104067, 27.7965, 0.1333008, 27.7965, -1.0009766, 27.7965, -0.1816406, 1.0690962, -0.0166171, 27.7965, -0.0244141, 27.7965, -1.0102539, 27.7965, 0.0117188, , , , , , , , , , , , , , , , , , , , , , 
1.0696154, 0.0139315, 27.81, -0.199707, 27.81, -1.019043, 27.81, 0.0146484, 1.0696154, -0.0048676, 27.81, 0.234375, 27.81, -0.9736328, 27.81, -0.1430664, 1.0696154, -0.0125887, 27.81, 0.125, 27.81, -1.0024414, 27.81, -0.1772461, 1.0696154, -0.0082246, 27.81, -0.0361328, 27.81, -1.0029297, 27.81, 0.0136719, , , , , , , , , , , , , , , , , , , , , , 
1.0701346, 0.0112459, 27.8235, -0.1918945, 27.8235, -1.0195312, 27.8235, 0.0112305, 1.0701346, -0.0048676, 27.8235, 0.2387695, 27.8235, -0.9775391, 27.8235, -0.1435547, 1.0701346, -0.0129244, 27.8235, 0.1225586, 27.8235, -0.9926758, 27.8235, -0.1791992, 1.0701346, -0.0001678, 27.8235, -0.0351562, 27.8235, -0.9980469, 27.8235, 0.0146484, , , , , , , , , , , , , , , , , , , , , , 
1.0706538, 0.0092317, 27.837, -0.1699219, 27.837, -1.019043, 27.837, 0.0029297, 1.0706538, -0.005539, 27.837, 0.2109375, 27.837, -0.9780273, 27.837, -0.1450195, 1.0706538, -0.0095674, 27.837, 0.1342773, 27.837, -0.9921875, 27.837, -0.1831055, 1.0706538, 0.0072175, 27.837, -0.0205078, 27.837, -1.0063477, 27.837, 0.0112305, , , , , , , , , , , , , , , , , , , , , , 
1.0711731, 0.0092317, 27.8505, -0.1787109, 27.8505, -1.0170898, 27.8505, 0.0048828, 1.0711731, -0.005539, 27.8505, 0.2006836, 27.8505, -0.9760742, 27.8505, -0.1425781, 1.0711731, -0.0085603, 27.8505, 0.1411133, 27.8505, -0.9960938, 27.8505, -0.1811523, 1.0711731, 0.0139315, 27.8505, -0.0268555, 27.8505, -1.0058594, 27.8505, 0.0097656, , , , , , , , , , , , , , , , , , , , , , 
1.0716923, 0.0075532, 27.864, -0.1977539, 27.864, -1.0161133, 27.864, 0.0073242, 1.0716923, -0.0052033, 27.864, 0.2148438, 27.864, -0.9736328, 27.864, -0.1464844, 1.0716923, -0.0082246, 27.864, 0.1293945, 27.864, -0.9907227, 27.864, -0.1748047, 1.0716923, 0.0219883, 27.864, -0.034668, 27.864, -1.0029297, 27.864, 0.0151367, , , , , , , , , , , , , , , , , , , , , , 
1.0722115, 0.0065461, 27.8775, -0.2089844, 27.8775, -1.0161133, 27.8775, 0.0092773, 1.0722115, -0.005539, 27.8775, 0.2119141, 27.8775, -0.9716797, 27.8775, -0.1494141, 1.0722115, -0.0082246, 27.8775, 0.1196289, 27.8775, -0.9936523, 27.8775, -0.1738281, 1.0722115, 0.0307164, 27.8775, -0.0380859, 27.8775, -1.0014648, 27.8775, 0.015625, , , , , , , , , , , , , , , , , , , , , , 
1.0727308, 0.0043641, 27.891, -0.1992188, 27.891, -1.0136719, 27.891, 0.0058594, 1.0727308, -0.0062104, 27.891, 0.206543, 27.891, -0.9716797, 27.891, -0.1533203, 1.0727308, -0.0068818, 27.891, 0.121582, 27.891, -0.9956055, 27.891, -0.1796875, 1.0727308, 0.0386053, 27.891, -0.034668, 27.891, -1.0083008, 27.891, 0.015625, , , , , , , , , , , , , , , , , , , , , , 
1.07325, 0.0015106, 27.9045, -0.1870117, 27.9045, -1.0151367, 27.9045, 0.0073242, 1.07325, -0.0062104, 27.9045, 0.199707, 27.9045, -0.9736328, 27.9045, -0.1533203, 1.07325, -0.0048676, 27.9045, 0.1274414, 27.9045, -0.9985352, 27.9045, -0.1811523, 1.07325, 0.0448157, 27.9045, -0.0336914, 27.9045, -1.0068359, 27.9045, 0.0161133, , , , , , , , , , , , , , , , , , , , , , 
1.0737692, 0.0038605, 27.918, -0.1845703, 27.918, -1.0161133, 27.918, 0.012207, 1.0737692, -0.0058747, 27.918, 0.2148438, 27.918, -0.9780273, 27.918, -0.1479492, 1.0737692, -0.0028534, 27.918, 0.1293945, 27.918, -0.9970703, 27.918, -0.1777344, 1.0737692, 0.0488441, 27.918, -0.0332031, 27.918, -1.0048828, 27.918, 0.0161133, , , , , , , , , , , , , , , , , , , , , , 
1.0742885, 0.0092317, 27.9315, -0.190918, 27.9315, -1.019043, 27.9315, 0.0141602, 1.0742885, -0.0082246, 27.9315, 0.2270508, 27.9315, -0.9760742, 27.9315, -0.1464844, 1.0742885, -0.0028534, 27.9315, 0.1352539, 27.9315, -0.9926758, 27.9315, -0.1757812, 1.0742885, 0.049012, 27.9315, -0.0297852, 27.9315, -1.0009766, 27.9315, 0.0151367, , , , , , , , , , , , , , , , , , , , , , 
1.0748077, 0.0090639, 27.945, -0.1928711, 27.945, -1.0146484, 27.945, 0.003418, 1.0748077, -0.0099031, 27.945, 0.215332, 27.945, -0.9746094, 27.945, -0.1474609, 1.0748077, -0.0038605, 27.945, 0.1333008, 27.945, -0.9902344, 27.945, -0.1777344, 1.0748077, 0.0458228, 27.945, -0.034668, 27.945, -1.0009766, 27.945, 0.0146484, , , , , , , , , , , , , , , , , , , , , , 
1.0753269, 0.0085603, 27.9585, -0.1826172, 27.9585, -1.0131836, 27.9585, 0.0058594, 1.0753269, -0.0099031, 27.9585, 0.2001953, 27.9585, -0.9750977, 27.9585, -0.1523438, 1.0753269, -0.0041962, 27.9585, 0.1303711, 27.9585, -0.9907227, 27.9585, -0.1811523, 1.0753269, 0.0399481, 27.9585, -0.0302734, 27.9585, -1.0019531, 27.9585, 0.0151367, , , , , , , , , , , , , , , , , , , , , , 
1.0758462, 0.0152743, 27.972, -0.1845703, 27.972, -1.0170898, 27.972, 0.0131836, 1.0758462, -0.008896, 27.972, 0.2080078, 27.972, -0.9726562, 27.972, -0.1518555, 1.0758462, -0.0038605, 27.972, 0.1313477, 27.972, -0.9951172, 27.972, -0.1738281, 1.0758462, 0.0313878, 27.972, -0.0332031, 27.972, -1.0029297, 27.972, 0.0180664, , , , , , , , , , , , , , , , , , , , , , 
1.0763654, 0.0270237, 27.9855, -0.2016602, 27.9855, -1.015625, 27.9855, 0.0092773, 1.0763654, -0.008896, 27.9855, 0.215332, 27.9855, -0.9750977, 27.9855, -0.1474609, 1.0763654, -0.0041962, 27.9855, 0.1293945, 27.9855, -0.9946289, 27.9855, -0.1791992, 1.0763654, 0.0236667, 27.9855, -0.0380859, 27.9855, -1.0014648, 27.9855, 0.0146484, , , , , , , , , , , , , , , , , , , , , , 
1.0768846, 0.0293736, 27.999, -0.1987305, 27.999, -1.0146484, 27.999, 0.0043945, 1.0768846, -0.0102388, 27.999, 0.206543, 27.999, -0.9750977, 27.999, -0.1494141, 1.0768846, -0.0041962, 27.999, 0.1333008, 27.999, -0.9936523, 27.999, -0.1791992, 1.0768846, 0.01561, 27.999, -0.0302734, 27.999, -1.003418, 27.999, 0.0185547, , , , , , , , , , , , , , , , , , , , , , 
1.0774038, 0.0287022, 28.0125, -0.1831055, 28.0125, -1.0161133, 28.0125, 0.0112305, 1.0774038, -0.0109102, 28.0125, 0.2075195, 28.0125, -0.9746094, 28.0125, -0.1474609, 1.0774038, -0.0028534, 28.0125, 0.1362305, 28.0125, -0.9921875, 28.0125, -0.1791992, 1.0774038, 0.0099031, 28.0125, -0.0327148, 28.0125, -1.0014648, 28.0125, 0.0146484, , , , , , , , , , , , , , , , , , , , , , 
1.0779231, 0.0287022, 28.026, -0.1845703, 28.026, -1.0117188, 28.026, 0.0161133, 1.0779231, -0.0117494, 28.026, 0.2182617, 28.026, -0.972168, 28.026, -0.1479492, 1.0779231, -0.0028534, 28.026, 0.1323242, 28.026, -0.9892578, 28.026, -0.1826172, 1.0779231, 0.0085603, 28.026, -0.0297852, 28.026, -0.9985352, 28.026, 0.0131836, , , , , , , , , , , , , , , , , , , , , , 
1.0784423, 0.0320592, 28.0395, -0.1904297, 28.0395, -1.0126953, 28.0395, 0.003418, 1.0784423, -0.0119173, 28.0395, 0.2241211, 28.0395, -0.9741211, 28.0395, -0.1489258, 1.0784423, -0.005539, 28.0395, 0.1303711, 28.0395, -0.9916992, 28.0395, -0.1791992, 1.0784423, 0.008896, 28.0395, -0.0322266, 28.0395, -1.0043945, 28.0395, 0.0131836, , , , , , , , , , , , , , , , , , , , , , 
1.0789615, 0.0354162, 28.053, -0.1977539, 28.053, -1.0161133, 28.053, 0.0048828, 1.0789615, -0.0117494, 28.053, 0.2094727, 28.053, -0.9770508, 28.053, -0.1469727, 1.0789615, -0.0099031, 28.053, 0.125, 28.053, -1.0029297, 28.053, -0.1738281, 1.0789615, 0.0099031, 28.053, -0.0405273, 28.053, -1.0097656, 28.053, 0.015625, , , , , , , , , , , , , , , , , , , , , , 
1.0794808, 0.0345769, 28.0665, -0.2084961, 28.0665, -1.0166016, 28.0665, 0.0102539, 1.0794808, -0.012253, 28.0665, 0.2036133, 28.0665, -0.9790039, 28.0665, -0.1435547, 1.0794808, -0.0109102, 28.0665, 0.1230469, 28.0665, -1.0073242, 28.0665, -0.1694336, 1.0794808, 0.0112459, 28.0665, -0.0405273, 28.0665, -1.0048828, 28.0665, 0.0166016, , , , , , , , , , , , , , , , , , , , , , 
1.08, 0.0320592, 28.08, -0.2094727, 28.08, -1.0214844, 28.08, 0.0097656, 1.08, -0.0112459, 28.08, 0.2167969, 28.08, -0.9760742, 28.08, -0.1430664, 1.08, -0.0095674, 28.08, 0.1240234, 28.08, -1.003418, 28.08, -0.1689453, 1.08, 0.008896, 28.08, -0.0419922, 28.08, -1.003418, 28.08, 0.015625, , , , , , , , , , , , , , , , , , , , , , 
1.0805192, 0.0320592, 28.0935, -0.2026367, 28.0935, -1.0200195, 28.0935, 0.0073242, 1.0805192, -0.0082246, 28.0935, 0.2241211, 28.0935, -0.9785156, 28.0935, -0.1484375, 1.0805192, -0.0095674, 28.0935, 0.1274414, 28.0935, -0.9970703, 28.0935, -0.1801758, 1.0805192, 0.0045319, 28.0935, -0.0385742, 28.0935, -1.0029297, 28.0935, 0.0170898, , , , , , , , , , , , , , , , , , , , , , 
1.0810385, 0.0344091, 28.107, -0.1787109, 28.107, -1.015625, 28.107, 0.0058594, 1.0810385, -0.0058747, 28.107, 0.2172852, 28.107, -0.9794922, 28.107, -0.1508789, 1.0810385, -0.0112459, 28.107, 0.1367188, 28.107, -0.9916992, 28.107, -0.1850586, 1.0810385, 0.0031891, 28.107, -0.0297852, 28.107, -1.0087891, 28.107, 0.0175781, , , , , , , , , , , , , , , , , , , , , , 
1.0815577, 0.0344091, 28.1205, -0.1708984, 28.1205, -1.0170898, 28.1205, 0.0136719, 1.0815577, -0.0050355, 28.1205, 0.2104492, 28.1205, -0.9736328, 28.1205, -0.1513672, 1.0815577, -0.012253, 28.1205, 0.1362305, 28.1205, -0.9902344, 28.1205, -0.1787109, 1.0815577, 0.002182, 28.1205, -0.0322266, 28.1205, -1.003418, 28.1205, 0.0185547, , , , , , , , , , , , , , , , , , , , , , 
1.0820769, 0.0307164, 28.134, -0.1826172, 28.134, -1.0141602, 28.134, 0.0117188, 1.0820769, -0.0065461, 28.134, 0.2099609, 28.134, -0.972168, 28.134, -0.1518555, 1.0820769, -0.0105745, 28.134, 0.1342773, 28.134, -0.987793, 28.134, -0.1738281, 1.0820769, 0.0001678, 28.134, -0.0317383, 28.134, -0.9946289, 28.134, 0.0205078, , , , , , , , , , , , , , , , , , , , , , 
1.0825962, 0.0253452, 28.1475, -0.1928711, 28.1475, -1.0102539, 28.1475, 0.0048828, 1.0825962, -0.0095674, 28.1475, 0.2021484, 28.1475, -0.9667969, 28.1475, -0.1557617, 1.0825962, -0.0105745, 28.1475, 0.1342773, 28.1475, -0.987793, 28.1475, -0.175293, 1.0825962, -0.0008392, 28.1475, -0.0292969, 28.1475, -0.9980469, 28.1475, 0.0151367, , , , , , , , , , , , , , , , , , , , , , 
1.0831154, 0.0179599, 28.161, -0.1982422, 28.161, -1.0112305, 28.161, -0.0004883, 1.0831154, -0.0095674, 28.161, 0.1928711, 28.161, -0.9697266, 28.161, -0.1538086, 1.0831154, -0.014435, 28.161, 0.1323242, 28.161, -0.9907227, 28.161, -0.1806641, 1.0831154, -0.0001678, 28.161, -0.0302734, 28.161, -1.0029297, 28.161, 0.0146484, , , , , , , , , , , , , , , , , , , , , , 
1.0836346, 0.0135958, 28.1745, -0.190918, 28.1745, -1.0180664, 28.1745, -0.0004883, 1.0836346, -0.0109102, 28.1745, 0.203125, 28.1745, -0.9746094, 28.1745, -0.1499023, 1.0836346, -0.0152743, 28.1745, 0.1289062, 28.1745, -0.9960938, 28.1745, -0.1855469, 1.0836346, 0.0011749, 28.1745, -0.0292969, 28.1745, -1.0043945, 28.1745, 0.0136719, , , , , , , , , , , , , , , , , , , , , , 
1.0841538, 0.0140993, 28.188, -0.1855469, 28.188, -1.0253906, 28.188, 0.0014648, 1.0841538, -0.0119173, 28.188, 0.2094727, 28.188, -0.9790039, 28.188, -0.1455078, 1.0841538, -0.0152743, 28.188, 0.1254883, 28.188, -0.9970703, 28.188, -0.1875, 1.0841538, -0.0005035, 28.188, -0.0258789, 28.188, -1.0058594, 28.188, 0.0126953, , , , , , , , , , , , , , , , , , , , , , 
1.0846731, 0.012253, 28.2015, -0.1791992, 28.2015, -1.0205078, 28.2015, -0.0029297, 1.0846731, -0.0119173, 28.2015, 0.2084961, 28.2015, -0.9794922, 28.2015, -0.1445312, 1.0846731, -0.01561, 28.2015, 0.121582, 28.2015, -0.9931641, 28.2015, -0.190918, 1.0846731, -0.0028534, 28.2015, -0.0175781, 28.2015, -0.9980469, 28.2015, 0.0068359, , , , , , , , , , , , , , , , , , , , , , 
1.0851923, 0.0072175, 28.215, -0.168457, 28.215, -1.0170898, 28.215, -0.0107422, 1.0851923, -0.0112459, 28.215, 0.2021484, 28.215, -0.9731445, 28.215, -0.1503906, 1.0851923, -0.0135958, 28.215, 0.1289062, 28.215, -0.9868164, 28.215, -0.2001953, 1.0851923, -0.0092317, 28.215, -0.0073242, 28.215, -1, 28.215, 0.0058594, , , , , , , , , , , , , , , , , , , , , , 
1.0857115, 0.0058747, 28.2285, -0.1606445, 28.2285, -1.0234375, 28.2285, -0.0131836, 1.0857115, -0.008896, 28.2285, 0.1948242, 28.2285, -0.9765625, 28.2285, -0.1503906, 1.0857115, -0.0125887, 28.2285, 0.1396484, 28.2285, -0.9892578, 28.2285, -0.2075195, 1.0857115, -0.01561, 28.2285, -0.0024414, 28.2285, -1.0048828, 28.2285, 0.0029297, , , , , , , , , , , , , , , , , , , , , , 
1.0862308, 0.008896, 28.242, -0.1689453, 28.242, -1.0332031, 28.242, -0.0180664, 1.0862308, -0.0075532, 28.242, 0.1860352, 28.242, -0.9887695, 28.242, -0.1435547, 1.0862308, -0.0115816, 28.242, 0.1386719, 28.242, -0.9897461, 28.242, -0.2128906, 1.0862308, -0.0176242, 28.242, 0.003418, 28.242, -1.0107422, 28.242, 0.0029297, , , , , , , , , , , , , , , , , , , , , , 
1.08675, 0.0073854, 28.2555, -0.1689453, 28.2555, -1.034668, 28.2555, -0.0253906, 1.08675, -0.0092317, 28.2555, 0.1806641, 28.2555, -0.9902344, 28.2555, -0.1411133, 1.08675, -0.0119173, 28.2555, 0.1298828, 28.2555, -0.9916992, 28.2555, -0.2324219, 1.08675, -0.0196384, 28.2555, 0.0180664, 28.2555, -1.0097656, 28.2555, 0.0004883, , , , , , , , , , , , , , , , , , , , , , 
1.0872692, 0.0050355, 28.269, -0.1567383, 28.269, -1.0405273, 28.269, -0.0385742, 1.0872692, -0.0099031, 28.269, 0.1708984, 28.269, -0.9873047, 28.269, -0.1425781, 1.0872692, -0.0130922, 28.269, 0.1289062, 28.269, -0.9936523, 28.269, -0.2441406, 1.0872692, -0.0226596, 28.269, 0.043457, 28.269, -1.0170898, 28.269, -0.0092773, , , , , , , , , , , , , , , , , , , , , , 
1.0877885, 0.0082246, 28.2825, -0.1298828, 28.2825, -1.0615234, 28.2825, -0.0561523, 1.0877885, -0.008896, 28.2825, 0.1669922, 28.2825, -0.996582, 28.2825, -0.140625, 1.0877885, -0.0146029, 28.2825, 0.1376953, 28.2825, -0.9995117, 28.2825, -0.2773438, 1.0877885, -0.0226596, 28.2825, 0.0878906, 28.2825, -1.0283203, 28.2825, -0.0234375, , , , , , , , , , , , , , , , , , , , , , 
1.0883077, 0.008896, 28.296, -0.1049805, 28.296, -1.0771484, 28.296, -0.0673828, 1.0883077, -0.0085603, 28.296, 0.1689453, 28.296, -1.0146484, 28.296, -0.1303711, 1.0883077, -0.0152743, 28.296, 0.144043, 28.296, -0.9975586, 28.296, -0.3154297, 1.0883077, -0.0182956, 28.296, 0.1435547, 28.296, -1.0249023, 28.296, -0.0361328, , , , , , , , , , , , , , , , , , , , , , 
1.0888269, 0.0065461, 28.3095, -0.0717773, 28.3095, -1.0825195, 28.3095, -0.0942383, 1.0888269, -0.0092317, 28.3095, 0.1586914, 28.3095, -1.0229492, 28.3095, -0.1210938, 1.0888269, -0.0149386, 28.3095, 0.1582031, 28.3095, -0.984375, 28.3095, -0.3447266, 1.0888269, -0.0119173, 28.3095, 0.1992188, 28.3095, -1.0170898, 28.3095, -0.0478516, , , , , , , , , , , , , , , , , , , , , , 
1.0893462, 0.0011749, 28.323, -0.0463867, 28.323, -1.0742188, 28.323, -0.1166992, 1.0893462, -0.0083925, 28.323, 0.1279297, 28.323, -1.0131836, 28.323, -0.1157227, 1.0893462, -0.0137636, 28.323, 0.1918945, 28.323, -0.9746094, 28.323, -0.3583984, 1.0893462, -0.0048676, 28.323, 0.2353516, 28.323, -1.0102539, 28.323, -0.0551758, , , , , , , , , , , , , , , , , , , , , , 
1.0898654, -0.0048676, 28.3365, -0.0288086, 28.3365, -1.0634766, 28.3365, -0.1323242, 1.0898654, -0.0075532, 28.3365, 0.0996094, 28.3365, -0.9995117, 28.3365, -0.1240234, 1.0898654, -0.0135958, 28.3365, 0.2216797, 28.3365, -0.9501953, 28.3365, -0.3671875, 1.0898654, 0.0031891, 28.3365, 0.2412109, 28.3365, -0.996582, 28.3365, -0.0566406, , , , , , , , , , , , , , , , , , , , , , 
1.0903846, -0.0036927, 28.35, -0.0209961, 28.35, -1.0629883, 28.35, -0.1450195, 1.0903846, -0.0075532, 28.35, 0.0810547, 28.35, -0.9912109, 28.35, -0.1357422, 1.0903846, -0.0129244, 28.35, 0.2128906, 28.35, -0.9326172, 28.35, -0.3745117, 1.0903846, 0.0095674, 28.35, 0.2436523, 28.35, -0.9892578, 28.35, -0.0649414, , , , , , , , , , , , , , , , , , , , , , 
1.0909038, -0.0010071, 28.3635, -0.0048828, 28.3635, -1.0551758, 28.3635, -0.1538086, 1.0909038, -0.0065461, 28.3635, 0.0688477, 28.3635, -0.9892578, 28.3635, -0.1367188, 1.0909038, -0.0105745, 28.3635, 0.1845703, 28.3635, -0.9267578, 28.3635, -0.3842773, 1.0909038, 0.0130922, 28.3635, 0.2543945, 28.3635, -0.9765625, 28.3635, -0.0722656, , , , , , , , , , , , , , , , , , , , , , 
1.0914231, -0.0008392, 28.377, 0.0063477, 28.377, -1.0366211, 28.377, -0.1572266, 1.0914231, -0.005539, 28.377, 0.0634766, 28.377, -0.9863281, 28.377, -0.1293945, 1.0914231, -0.0075532, 28.377, 0.1640625, 28.377, -0.9194336, 28.377, -0.3876953, 1.0914231, 0.0199741, 28.377, 0.2563477, 28.377, -0.9692383, 28.377, -0.0751953, , , , , , , , , , , , , , , , , , , , , , 
1.0919423, -0.0038605, 28.3905, -0.0043945, 28.3905, -1.0219727, 28.3905, -0.1621094, 1.0919423, -0.005539, 28.3905, 0.0585938, 28.3905, -0.9726562, 28.3905, -0.1289062, 1.0919423, -0.0057069, 28.3905, 0.1572266, 28.3905, -0.9140625, 28.3905, -0.3833008, 1.0919423, 0.0325628, 28.3905, 0.2485352, 28.3905, -0.9614258, 28.3905, -0.0693359, , , , , , , , , , , , , , , , , , , , , , 
1.0924615, -0.0008392, 28.404, -0.0209961, 28.404, -1.0131836, 28.404, -0.1582031, 1.0924615, -0.0063783, 28.404, 0.0551758, 28.404, -0.9560547, 28.404, -0.1396484, 1.0924615, -0.0057069, 28.404, 0.1601562, 28.404, -0.9116211, 28.404, -0.3759766, 1.0924615, 0.0438087, 28.404, 0.2241211, 28.404, -0.9589844, 28.404, -0.0668945, , , , , , , , , , , , , , , , , , , , , , 
1.0929808, 0.0062104, 28.4175, -0.0332031, 28.4175, -1.0009766, 28.4175, -0.1518555, 1.0929808, -0.0072175, 28.4175, 0.0444336, 28.4175, -0.9501953, 28.4175, -0.152832, 1.0929808, -0.0048676, 28.4175, 0.1645508, 28.4175, -0.9047852, 28.4175, -0.3549805, 1.0929808, 0.0527047, 28.4175, 0.1904297, 28.4175, -0.956543, 28.4175, -0.0595703, , , , , , , , , , , , , , , , , , , , , , 
1.0935, 0.0041962, 28.431, -0.0410156, 28.431, -0.9941406, 28.431, -0.1401367, 1.0935, -0.0072175, 28.431, 0.0410156, 28.431, -0.9384766, 28.431, -0.1728516, 1.0935, -0.0015106, 28.431, 0.1582031, 28.431, -0.8984375, 28.431, -0.3325195, 1.0935, 0.0589151, 28.431, 0.1689453, 28.431, -0.9521484, 28.431, -0.0585938, , , , , , , , , , , , , , , , , , , , , , 
1.0940192, -0.0001678, 28.4445, -0.0664062, 28.4445, -0.972168, 28.4445, -0.0869141, 1.0940192, -0.0062104, 28.4445, 0.0615234, 28.4445, -0.9125977, 28.4445, -0.1962891, 1.0940192, 0.0010071, 28.4445, 0.1552734, 28.4445, -0.8818359, 28.4445, -0.296875, 1.0940192, 0.0605936, 28.4445, 0.1459961, 28.4445, -0.9360352, 28.4445, -0.0449219, , , , , , , , , , , , , , , , , , , , , , 
1.0945385, -0.0018463, 28.458, -0.1069336, 28.458, -0.9296875, 28.458, -0.0258789, 1.0945385, -0.005539, 28.458, 0.0888672, 28.458, -0.8691406, 28.458, -0.2294922, 1.0945385, 0.0018463, 28.458, 0.1567383, 28.458, -0.8706055, 28.458, -0.2460938, 1.0945385, 0.0609293, 28.458, 0.0849609, 28.458, -0.9116211, 28.458, -0.0234375, , , , , , , , , , , , , , , , , , , , , , 
1.0950577, -0.0018463, 28.4715, -0.1552734, 28.4715, -0.9116211, 28.4715, 0.0253906, 1.0950577, -0.0072175, 28.4715, 0.1054688, 28.4715, -0.8417969, 28.4715, -0.2753906, 1.0950577, 0.0005035, 28.4715, 0.1547852, 28.4715, -0.8969727, 28.4715, -0.1948242, 1.0950577, 0.0558938, 28.4715, -0.0332031, 28.4715, -0.9301758, 28.4715, -0.0053711, , , , , , , , , , , , , , , , , , , , , , 
1.0955769, 0.0008392, 28.485, -0.1899414, 28.485, -0.9536133, 28.485, 0.0424805, 1.0955769, -0.0085603, 28.485, 0.1347656, 28.485, -0.8666992, 28.485, -0.2900391, 1.0955769, -0.0028534, 28.485, 0.1191406, 28.485, -0.9609375, 28.485, -0.1591797, 1.0955769, 0.0428016, 28.485, -0.1469727, 28.485, -1.012207, 28.485, 0.0097656, , , , , , , , , , , , , , , , , , , , , , 
1.0960962, 0.005539, 28.4985, -0.1767578, 28.4985, -1.0625, 28.4985, 0.0009766, 1.0960962, -0.0092317, 28.4985, 0.159668, 28.4985, -0.9106445, 28.4985, -0.2797852, 1.0960962, -0.0048676, 28.4985, 0.0688477, 28.4985, -1.0532227, 28.4985, -0.1425781, 1.0960962, 0.0313878, 28.4985, -0.1748047, 28.4985, -1.0576172, 28.4985, 0.0170898, , , , , , , , , , , , , , , , , , , , , , 
1.0966154, 0.0109102, 28.512, -0.1074219, 28.512, -1.1479492, 28.512, 0.0009766, 1.0966154, -0.0102388, 28.512, 0.2182617, 28.512, -1.0483398, 28.512, -0.2231445, 1.0966154, -0.0045319, 28.512, 0.0556641, 28.512, -1.1015625, 28.512, -0.1552734, 1.0966154, 0.0226596, 28.512, -0.0429688, 28.512, -1.0522461, 28.512, 0.0019531, , , , , , , , , , , , , , , , , , , , , , 
1.0971346, 0.0132601, 28.5255, -0.0986328, 28.5255, -1.1367188, 28.5255, 0.0405273, 1.0971346, -0.0104067, 28.5255, 0.2705078, 28.5255, -1.1171875, 28.5255, -0.1645508, 1.0971346, -0.0031891, 28.5255, 0.1645508, 28.5255, -1.0825195, 28.5255, -0.1855469, 1.0971346, 0.0139315, 28.5255, 0.015625, 28.5255, -1.0678711, 28.5255, 0.0249023, , , , , , , , , , , , , , , , , , , , , , 
1.0976538, 0.0112459, 28.539, -0.1455078, 28.539, -1.0761719, 28.539, 0.0449219, 1.0976538, -0.0099031, 28.539, 0.2895508, 28.539, -1.0546875, 28.539, -0.1674805, 1.0976538, -0.0041962, 28.539, 0.2348633, 28.539, -1.0615234, 28.539, -0.1958008, 1.0976538, 0.0095674, 28.539, 0.046875, 28.539, -1.0805664, 28.539, 0.0708008, , , , , , , , , , , , , , , , , , , , , , 
1.0981731, 0.012253, 28.5525, -0.1494141, 28.5525, -1.0488281, 28.5525, 0.0507812, 1.0981731, -0.0099031, 28.5525, 0.2895508, 28.5525, -0.9775391, 28.5525, -0.2324219, 1.0981731, -0.0070497, 28.5525, 0.3183594, 28.5525, -1.0195312, 28.5525, -0.1894531, 1.0981731, 0.0078889, 28.5525, 0.0009766, 28.5525, -1.0512695, 28.5525, 0.0791016, , , , , , , , , , , , , , , , , , , , , , 
1.0986923, 0.0184634, 28.566, -0.1113281, 28.566, -1.0644531, 28.566, 0.0698242, 1.0986923, -0.0095674, 28.566, 0.277832, 28.566, -0.9672852, 28.566, -0.2807617, 1.0986923, -0.0072175, 28.566, 0.3051758, 28.566, -1.0102539, 28.566, -0.1459961, 1.0986923, 0.0058747, 28.566, -0.0454102, 28.566, -1.0366211, 28.566, 0.0830078, , , , , , , , , , , , , , , , , , , , , , 
1.0992115, 0.0226596, 28.5795, -0.0805664, 28.5795, -1.0791016, 28.5795, 0.0864258, 1.0992115, -0.0097353, 28.5795, 0.2729492, 28.5795, -0.9951172, 28.5795, -0.2841797, 1.0992115, -0.0070497, 28.5795, 0.2441406, 28.5795, -1.0161133, 28.5795, -0.1079102, 1.0992115, 0.0036927, 28.5795, -0.0688477, 28.5795, -1.0175781, 28.5795, 0.0947266, , , , , , , , , , , , , , , , , , , , , , 
1.0997308, 0.026688, 28.593, -0.0834961, 28.593, -1.0644531, 28.593, 0.0947266, 1.0997308, -0.0109102, 28.593, 0.2709961, 28.593, -0.9941406, 28.593, -0.2709961, 1.0997308, -0.008896, 28.593, 0.2070312, 28.593, -1.0126953, 28.593, -0.0981445, 1.0997308, 0.0038605, 28.593, -0.0693359, 28.593, -0.9990234, 28.593, 0.1088867, , , , , , , , , , , , , , , , , , , , , , 
1.10025, 0.0323949, 28.6065, -0.1269531, 28.6065, -1.0234375, 28.6065, 0.0961914, 1.10025, -0.0109102, 28.6065, 0.2578125, 28.6065, -0.9589844, 28.6065, -0.277832, 1.10025, -0.0112459, 28.6065, 0.2299805, 28.6065, -1.0092773, 28.6065, -0.1015625, 1.10025, 0.0041962, 28.6065, -0.0878906, 28.6065, -1, 28.6065, 0.1303711, , , , , , , , , , , , , , , , , , , , , , 
1.1007692, 0.0360876, 28.62, -0.1889648, 28.62, -1.0146484, 28.62, 0.0922852, 1.1007692, -0.0097353, 28.62, 0.2539062, 28.62, -0.9511719, 28.62, -0.2822266, 1.1007692, -0.0102388, 28.62, 0.2729492, 28.62, -1.012207, 28.62, -0.0996094, 1.1007692, 0.0015106, 28.62, -0.1210938, 28.62, -1.0219727, 28.62, 0.1484375, , , , , , , , , , , , , , , , , , , , , , 
1.1012885, 0.036759, 28.6335, -0.2250977, 28.6335, -1.0249023, 28.6335, 0.0942383, 1.1012885, -0.0085603, 28.6335, 0.2563477, 28.6335, -0.9716797, 28.6335, -0.277832, 1.1012885, -0.0085603, 28.6335, 0.2832031, 28.6335, -1.0258789, 28.6335, -0.078125, 1.1012885, -0.0031891, 28.6335, -0.1469727, 28.6335, -1.0307617, 28.6335, 0.1513672, , , , , , , , , , , , , , , , , , , , , , 
1.1018077, 0.0327306, 28.647, -0.2319336, 28.647, -1.0234375, 28.647, 0.1035156, 1.1018077, -0.0099031, 28.647, 0.2739258, 28.647, -0.9916992, 28.647, -0.2543945, 1.1018077, -0.0090639, 28.647, 0.2431641, 28.647, -1.0292969, 28.647, -0.0488281, 1.1018077, -0.0052033, 28.647, -0.1704102, 28.647, -1.0297852, 28.647, 0.1430664, , , , , , , , , , , , , , , , , , , , , , 
1.1023269, 0.03122, 28.6605, -0.2299805, 28.6605, -1.0214844, 28.6605, 0.1044922, 1.1023269, -0.0105745, 28.6605, 0.2919922, 28.6605, -0.9848633, 28.6605, -0.234375, 1.1023269, -0.0099031, 28.6605, 0.2197266, 28.6605, -1.0292969, 28.6605, -0.0405273, 1.1023269, -0.0048676, 28.6605, -0.1948242, 28.6605, -1.0195312, 28.6605, 0.1337891, , , , , , , , , , , , , , , , , , , , , , 
1.1028462, 0.0250095, 28.674, -0.2231445, 28.674, -1.0205078, 28.674, 0.1005859, 1.1028462, -0.0077211, 28.674, 0.2998047, 28.674, -0.980957, 28.674, -0.2329102, 1.1028462, -0.0102388, 28.674, 0.1796875, 28.674, -1.027832, 28.674, -0.0390625, 1.1028462, -0.0075532, 28.674, -0.2011719, 28.674, -1.0078125, 28.674, 0.1269531, , , , , , , , , , , , , , , , , , , , , , 
1.1033654, 0.0179599, 28.6875, -0.2270508, 28.6875, -0.996582, 28.6875, 0.1142578, 1.1033654, -0.0058747, 28.6875, 0.2915039, 28.6875, -0.9697266, 28.6875, -0.2338867, 1.1033654, -0.0102388, 28.6875, 0.1655273, 28.6875, -1.0166016, 28.6875, -0.0429688, 1.1033654, -0.0099031, 28.6875, -0.1987305, 28.6875, -0.984375, 28.6875, 0.1264648, , , , , , , , , , , , , , , , , , , , , , 
1.1038846, 0.0159457, 28.701, -0.2548828, 28.701, -0.9609375, 28.701, 0.1225586, 1.1038846, -0.0058747, 28.701, 0.2836914, 28.701, -0.9375, 28.701, -0.2314453, 1.1038846, -0.0112459, 28.701, 0.1845703, 28.701, -0.9926758, 28.701, -0.0395508, 1.1038846, -0.0109102, 28.701, -0.2026367, 28.701, -0.9648438, 28.701, 0.1508789, , , , , , , , , , , , , , , , , , , , , , 
1.1044038, 0.0159457, 28.7145, -0.2841797, 28.7145, -0.934082, 28.7145, 0.1333008, 1.1044038, -0.0048676, 28.7145, 0.2832031, 28.7145, -0.9023438, 28.7145, -0.2333984, 1.1044038, -0.0112459, 28.7145, 0.2148438, 28.7145, -0.9614258, 28.7145, -0.0292969, 1.1044038, -0.0129244, 28.7145, -0.2104492, 28.7145, -0.9467773, 28.7145, 0.1611328, , , , , , , , , , , , , , , , , , , , , , 
1.1049231, 0.014435, 28.728, -0.2944336, 28.728, -0.921875, 28.728, 0.1352539, 1.1049231, -0.0038605, 28.728, 0.2905273, 28.728, -0.8837891, 28.728, -0.2402344, 1.1049231, -0.0104067, 28.728, 0.2265625, 28.728, -0.9584961, 28.728, -0.0263672, 1.1049231, -0.01561, 28.728, -0.2094727, 28.728, -0.9345703, 28.728, 0.152832, , , , , , , , , , , , , , , , , , , , , , 
1.1054423, 0.0125887, 28.7415, -0.3037109, 28.7415, -0.9291992, 28.7415, 0.1552734, 1.1054423, -0.0043641, 28.7415, 0.3022461, 28.7415, -0.8867188, 28.7415, -0.2348633, 1.1054423, -0.0115816, 28.7415, 0.1972656, 28.7415, -0.9833984, 28.7415, -0.0166016, 1.1054423, -0.0213169, 28.7415, -0.199707, 28.7415, -0.9384766, 28.7415, 0.1411133, , , , , , , , , , , , , , , , , , , , , , 
1.1059615, 0.0119173, 28.755, -0.3144531, 28.755, -0.9296875, 28.755, 0.1689453, 1.1059615, -0.0048676, 28.755, 0.331543, 28.755, -0.9038086, 28.755, -0.2109375, 1.1059615, -0.0135958, 28.755, 0.168457, 28.755, -0.9882812, 28.755, 0.0019531, 1.1059615, -0.0258488, 28.755, -0.1855469, 28.755, -0.9482422, 28.755, 0.1386719, , , , , , , , , , , , , , , , , , , , , , 
1.1064808, 0.0125887, 28.7685, -0.3334961, 28.7685, -0.9262695, 28.7685, 0.1811523, 1.1064808, -0.0043641, 28.7685, 0.3642578, 28.7685, -0.9101562, 28.7685, -0.1967773, 1.1064808, -0.0149386, 28.7685, 0.1625977, 28.7685, -0.9692383, 28.7685, 0.0146484, 1.1064808, -0.0263523, 28.7685, -0.1938477, 28.7685, -0.9477539, 28.7685, 0.1381836, , , , , , , , , , , , , , , , , , , , , , 
1.107, 0.0104067, 28.782, -0.331543, 28.782, -0.9238281, 28.782, 0.1904297, 1.107, -0.0041962, 28.782, 0.3955078, 28.782, -0.8945312, 28.782, -0.2016602, 1.107, -0.0146029, 28.782, 0.2001953, 28.782, -0.9731445, 28.782, 0.043457, 1.107, -0.0276951, 28.782, -0.2265625, 28.782, -0.9365234, 28.782, 0.1328125, , , , , , , , , , , , , , , , , , , , , , 
1.1075192, 0.0090639, 28.7955, -0.3081055, 28.7955, -0.9404297, 28.7955, 0.2143555, 1.1075192, -0.0046998, 28.7955, 0.4326172, 28.7955, -0.8930664, 28.7955, -0.203125, 1.1075192, -0.012253, 28.7955, 0.2202148, 28.7955, -0.9760742, 28.7955, 0.0473633, 1.1075192, -0.0323949, 28.7955, -0.2539062, 28.7955, -0.9384766, 28.7955, 0.1269531, , , , , , , , , , , , , , , , , , , , , , 
1.1080385, 0.0092317, 28.809, -0.3051758, 28.809, -0.9526367, 28.809, 0.2172852, 1.1080385, -0.0048676, 28.809, 0.4624023, 28.809, -0.9165039, 28.809, -0.1958008, 1.1080385, -0.0112459, 28.809, 0.2280273, 28.809, -1.0004883, 28.809, 0.0537109, 1.1080385, -0.0344091, 28.809, -0.2744141, 28.809, -0.9697266, 28.809, 0.1196289, , , , , , , , , , , , , , , , , , , , , , 
1.1085577, 0.0072175, 28.8225, -0.3452148, 28.8225, -0.9697266, 28.8225, 0.2143555, 1.1085577, -0.0045319, 28.8225, 0.4677734, 28.8225, -0.9511719, 28.8225, -0.1875, 1.1085577, -0.0129244, 28.8225, 0.1811523, 28.8225, -1.059082, 28.8225, 0.0678711, 1.1085577, -0.030045, 28.8225, -0.3037109, 28.8225, -1.0131836, 28.8225, 0.1147461, , , , , , , , , , , , , , , , , , , , , , 
1.1090769, 0.0038605, 28.836, -0.4370117, 28.836, -0.996582, 28.836, 0.2158203, 1.1090769, -0.0052033, 28.836, 0.4643555, 28.836, -0.9819336, 28.836, -0.1762695, 1.1090769, -0.0117494, 28.836, 0.1132812, 28.836, -1.0942383, 28.836, 0.0795898, 1.1090769, -0.0223239, 28.836, -0.3227539, 28.836, -1.0263672, 28.836, 0.1142578, , , , , , , , , , , , , , , , , , , , , , 
1.1095962, 0.0018463, 28.8495, -0.5205078, 28.8495, -1.0126953, 28.8495, 0.2138672, 1.1095962, -0.0065461, 28.8495, 0.4624023, 28.8495, -0.9985352, 28.8495, -0.1655273, 1.1095962, -0.0102388, 28.8495, 0.0800781, 28.8495, -1.1142578, 28.8495, 0.1186523, 1.1095962, -0.012253, 28.8495, -0.3681641, 28.8495, -1.0351562, 28.8495, 0.1137695, , , , , , , , , , , , , , , , , , , , , , 
1.1101154, 0.0025177, 28.863, -0.5478516, 28.863, -1.0019531, 28.863, 0.2192383, 1.1101154, -0.0068818, 28.863, 0.4707031, 28.863, -0.9897461, 28.863, -0.1679688, 1.1101154, -0.008896, 28.863, 0.0883789, 28.863, -1.1079102, 28.863, 0.1337891, 1.1101154, -0.0015106, 28.863, -0.4047852, 28.863, -1.0195312, 28.863, 0.1186523, , , , , , , , , , , , , , , , , , , , , , 
1.1106346, 0.0052033, 28.8765, -0.5039062, 28.8765, -0.984375, 28.8765, 0.2397461, 1.1106346, -0.0068818, 28.8765, 0.4750977, 28.8765, -0.9780273, 28.8765, -0.1772461, 1.1106346, -0.0082246, 28.8765, 0.1118164, 28.8765, -1.0751953, 28.8765, 0.1269531, 1.1106346, 0.0065461, 28.8765, -0.4208984, 28.8765, -0.9946289, 28.8765, 0.1191406, , , , , , , , , , , , , , , , , , , , , , 
1.1111538, 0.0048676, 28.89, -0.4326172, 28.89, -0.9672852, 28.89, 0.2685547, 1.1111538, -0.0073854, 28.89, 0.4853516, 28.89, -0.9506836, 28.89, -0.1933594, 1.1111538, -0.0065461, 28.89, 0.1152344, 28.89, -1.0390625, 28.89, 0.1147461, 1.1111538, 0.0142672, 28.89, -0.4160156, 28.89, -0.9819336, 28.89, 0.1162109, , , , , , , , , , , , , , , , , , , , , , 
1.1116731, -0.0005035, 28.9035, -0.3886719, 28.9035, -0.9501953, 28.9035, 0.2685547, 1.1116731, -0.0082246, 28.9035, 0.5087891, 28.9035, -0.9165039, 28.9035, -0.2070312, 1.1116731, -0.005539, 28.9035, 0.0839844, 28.9035, -1.0200195, 28.9035, 0.1235352, 1.1116731, 0.0238346, 28.9035, -0.4082031, 28.9035, -0.9736328, 28.9035, 0.0996094, , , , , , , , , , , , , , , , , , , , , , 
1.1121923, -0.0041962, 28.917, -0.4169922, 28.917, -0.9311523, 28.917, 0.2646484, 1.1121923, -0.0082246, 28.917, 0.5371094, 28.917, -0.887207, 28.917, -0.1918945, 1.1121923, -0.0031891, 28.917, 0.0551758, 28.917, -1.0126953, 28.917, 0.1318359, 1.1121923, 0.0340734, 28.917, -0.4169922, 28.917, -0.9511719, 28.917, 0.0800781, , , , , , , , , , , , , , , , , , , , , , 
1.1127115, -0.0018463, 28.9305, -0.4443359, 28.9305, -0.9213867, 28.9305, 0.2568359, 1.1127115, -0.0083925, 28.9305, 0.5209961, 28.9305, -0.8666992, 28.9305, -0.1791992, 1.1127115, -0.0018463, 28.9305, 0.003418, 28.9305, -0.9868164, 28.9305, 0.1435547, 1.1127115, 0.0438087, 28.9305, -0.4301758, 28.9305, -0.9208984, 28.9305, 0.046875, , , , , , , , , , , , , , , , , , , , , , 
1.1132308, 0.0003357, 28.944, -0.4643555, 28.944, -0.8974609, 28.944, 0.2392578, 1.1132308, -0.0075532, 28.944, 0.487793, 28.944, -0.8466797, 28.944, -0.1801758, 1.1132308, -0.0025177, 28.944, 0.0014648, 28.944, -0.972168, 28.944, 0.1630859, 1.1132308, 0.0495155, 28.944, -0.4350586, 28.944, -0.8999023, 28.944, 0.0078125, , , , , , , , , , , , , , , , , , , , , , 
1.11375, 0.0015106, 28.9575, -0.4702148, 28.9575, -0.8925781, 28.9575, 0.2373047, 1.11375, -0.0078889, 28.9575, 0.4951172, 28.9575, -0.8388672, 28.9575, -0.1591797, 1.11375, -0.002182, 28.9575, 0.0180664, 28.9575, -0.9667969, 28.9575, 0.1674805, 1.11375, 0.0562295, 28.9575, -0.4248047, 28.9575, -0.8979492, 28.9575, -0.0229492, , , , , , , , , , , , , , , , , , , , , , 
1.1142692, 0.0072175, 28.971, -0.4873047, 28.971, -0.8930664, 28.971, 0.2294922, 1.1142692, -0.0078889, 28.971, 0.5336914, 28.971, -0.8466797, 28.971, -0.1279297, 1.1142692, -0.0008392, 28.971, 0.0078125, 28.971, -0.9770508, 28.971, 0.1616211, 1.1142692, 0.063447, 28.971, -0.4077148, 28.971, -0.9125977, 28.971, -0.0478516, , , , , , , , , , , , , , , , , , , , , , 
1.1147885, 0.008896, 28.9845, -0.5029297, 28.9845, -0.9077148, 28.9845, 0.2226562, 1.1147885, -0.008896, 28.9845, 0.5678711, 28.9845, -0.8681641, 28.9845, -0.1108398, 1.1147885, 0.0025177, 28.9845, -0.034668, 28.9845, -1.0131836, 28.9845, 0.1577148, 1.1147885, 0.0632792, 28.9845, -0.4038086, 28.9845, -0.9262695, 28.9845, -0.0615234, , , , , , , , , , , , , , , , , , , , , , 
1.1153077, 0.0011749, 28.998, -0.5327148, 28.998, -0.9404297, 28.998, 0.2158203, 1.1153077, -0.008896, 28.998, 0.578125, 28.998, -0.8891602, 28.998, -0.1040039, 1.1153077, 0.0030213, 28.998, -0.0668945, 28.998, -1.0693359, 28.998, 0.1699219, 1.1153077, 0.0569009, 28.998, -0.4121094, 28.998, -0.9663086, 28.998, -0.090332, , , , , , , , , , , , , , , , , , , , , , 
1.1158269, -0.0008392, 29.0115, -0.5668945, 29.0115, -0.9799805, 29.0115, 0.206543, 1.1158269, -0.0082246, 29.0115, 0.5922852, 29.0115, -0.9370117, 29.0115, -0.0810547, 1.1158269, 0.0010071, 29.0115, -0.0810547, 29.0115, -1.1118164, 29.0115, 0.184082, 1.1158269, 0.0471656, 29.0115, -0.4228516, 29.0115, -1.0058594, 29.0115, -0.1108398, , , , , , , , , , , , , , , , , , , , , , 
1.1163462, 0.0058747, 29.025, -0.5888672, 29.025, -1.0053711, 29.025, 0.1865234, 1.1163462, -0.0109102, 29.025, 0.6044922, 29.025, -0.9760742, 29.025, -0.0527344, 1.1163462, -0.0006714, 29.025, -0.0854492, 29.025, -1.1396484, 29.025, 0.1894531, 1.1163462, 0.0374304, 29.025, -0.4360352, 29.025, -1.0292969, 29.025, -0.1206055, , , , , , , , , , , , , , , , , , , , , , 
1.1168654, 0.008896, 29.0385, -0.5932617, 29.0385, -1.019043, 29.0385, 0.1816406, 1.1168654, -0.0125887, 29.0385, 0.6083984, 29.0385, -0.9951172, 29.0385, -0.0463867, 1.1168654, -0.002182, 29.0385, -0.0708008, 29.0385, -1.1401367, 29.0385, 0.1855469, 1.1168654, 0.0293736, 29.0385, -0.4335938, 29.0385, -1.0375977, 29.0385, -0.1152344, , , , , , , , , , , , , , , , , , , , , , 
1.1173846, 0.0065461, 29.052, -0.5708008, 29.052, -1.015625, 29.052, 0.1713867, 1.1173846, -0.0105745, 29.052, 0.5961914, 29.052, -0.9892578, 29.052, -0.0478516, 1.1173846, -0.0036927, 29.052, -0.0532227, 29.052, -1.1279297, 29.052, 0.1787109, 1.1173846, 0.0240024, 29.052, -0.4121094, 29.052, -1.027832, 29.052, -0.1000977, , , , , , , , , , , , , , , , , , , , , , 
1.1179038, 0.0078889, 29.0655, -0.5131836, 29.0655, -1.0029297, 29.0655, 0.1660156, 1.1179038, -0.0075532, 29.0655, 0.5737305, 29.0655, -0.9765625, 29.0655, -0.0683594, 1.1179038, -0.0052033, 29.0655, -0.0024414, 29.0655, -1.0913086, 29.0655, 0.1630859, 1.1179038, 0.0199741, 29.0655, -0.3852539, 29.0655, -1.0073242, 29.0655, -0.090332, , , , , , , , , , , , , , , , , , , , , , 
1.1184231, 0.0129244, 29.079, -0.4555664, 29.079, -0.9853516, 29.079, 0.1660156, 1.1184231, -0.0062104, 29.079, 0.5302734, 29.079, -0.9594727, 29.079, -0.090332, 1.1184231, -0.0062104, 29.079, 0.0180664, 29.079, -1.0556641, 29.079, 0.1455078, 1.1184231, 0.0172885, 29.079, -0.3730469, 29.079, -0.987793, 29.079, -0.0805664, , , , , , , , , , , , , , , , , , , , , , 
1.1189423, 0.0179599, 29.0925, -0.4482422, 29.0925, -0.9746094, 29.0925, 0.1616211, 1.1189423, -0.0062104, 29.0925, 0.4858398, 29.0925, -0.9394531, 29.0925, -0.0952148, 1.1189423, -0.005539, 29.0925, 0.0043945, 29.0925, -1.0214844, 29.0925, 0.1269531, 1.1189423, 0.0132601, 29.0925, -0.3730469, 29.0925, -0.9648438, 29.0925, -0.0737305, , , , , , , , , , , , , , , , , , , , , , 
1.1194615, 0.0193027, 29.106, -0.4736328, 29.106, -0.9550781, 29.106, 0.1484375, 1.1194615, -0.0062104, 29.106, 0.4487305, 29.106, -0.9091797, 29.106, -0.0917969, 1.1194615, -0.0068818, 29.106, -0.0268555, 29.106, -0.9838867, 29.106, 0.1137695, 1.1194615, 0.0130922, 29.106, -0.3735352, 29.106, -0.9384766, 29.106, -0.078125, , , , , , , , , , , , , , , , , , , , , , 
1.1199808, 0.0209812, 29.1195, -0.4956055, 29.1195, -0.9296875, 29.1195, 0.1196289, 1.1199808, -0.0062104, 29.1195, 0.4350586, 29.1195, -0.8911133, 29.1195, -0.0869141, 1.1199808, -0.0063783, 29.1195, -0.0585938, 29.1195, -0.9609375, 29.1195, 0.1054688, 1.1199808, 0.0139315, 29.1195, -0.3754883, 29.1195, -0.9121094, 29.1195, -0.0947266, , , , , , , , , , , , , , , , , , , , , , 
1.1205, 0.0179599, 29.133, -0.4941406, 29.133, -0.9194336, 29.133, 0.1079102, 1.1205, -0.005539, 29.133, 0.4277344, 29.133, -0.8769531, 29.133, -0.0795898, 1.1205, -0.0031891, 29.133, -0.0859375, 29.133, -0.9584961, 29.133, 0.0922852, 1.1205, 0.0124208, 29.133, -0.3759766, 29.133, -0.9052734, 29.133, -0.1044922, , , , , , , , , , , , , , , , , , , , , , 
1.1210192, 0.0105745, 29.1465, -0.5063477, 29.1465, -0.9165039, 29.1465, 0.1030273, 1.1210192, -0.0062104, 29.1465, 0.4487305, 29.1465, -0.8759766, 29.1465, -0.0668945, 1.1210192, -0.0025177, 29.1465, -0.1044922, 29.1465, -0.9599609, 29.1465, 0.0893555, 1.1210192, 0.0085603, 29.1465, -0.3647461, 29.1465, -0.9038086, 29.1465, -0.1176758, , , , , , , , , , , , , , , , , , , , , , 
1.1215385, 0.0065461, 29.16, -0.5029297, 29.16, -0.9130859, 29.16, 0.0913086, 1.1215385, -0.0082246, 29.16, 0.4804688, 29.16, -0.8730469, 29.16, -0.0288086, 1.1215385, -0.0068818, 29.16, -0.0913086, 29.16, -0.9594727, 29.16, 0.09375, 1.1215385, 0.0065461, 29.16, -0.3393555, 29.16, -0.9057617, 29.16, -0.1293945, , , , , , , , , , , , , , , , , , , , , , 
1.1220577, 0.0065461, 29.1735, -0.4970703, 29.1735, -0.8994141, 29.1735, 0.0859375, 1.1220577, -0.0109102, 29.1735, 0.4995117, 29.1735, -0.8696289, 29.1735, -0.0029297, 1.1220577, -0.0109102, 29.1735, -0.0639648, 29.1735, -0.9555664, 29.1735, 0.1025391, 1.1220577, 0.0048676, 29.1735, -0.3105469, 29.1735, -0.9106445, 29.1735, -0.1464844, , , , , , , , , , , , , , , , , , , , , , 
1.1225769, 0.0092317, 29.187, -0.5234375, 29.187, -0.8862305, 29.187, 0.090332, 1.1225769, -0.012253, 29.187, 0.496582, 29.187, -0.8745117, 29.187, 0.0009766, 1.1225769, -0.0109102, 29.187, -0.046875, 29.187, -0.9560547, 29.187, 0.1152344, 1.1225769, 0.0025177, 29.187, -0.2856445, 29.187, -0.9140625, 29.187, -0.1606445, , , , , , , , , , , , , , , , , , , , , , 
1.1230962, 0.0146029, 29.2005, -0.5522461, 29.2005, -0.8935547, 29.2005, 0.0771484, 1.1230962, -0.0112459, 29.2005, 0.4780273, 29.2005, -0.8725586, 29.2005, -0.0043945, 1.1230962, -0.008896, 29.2005, -0.0273438, 29.2005, -0.9555664, 29.2005, 0.1499023, 1.1230962, 0.0011749, 29.2005, -0.2792969, 29.2005, -0.90625, 29.2005, -0.1723633, , , , , , , , , , , , , , , , , , , , , , 
1.1236154, 0.0223239, 29.214, -0.5708008, 29.214, -0.8959961, 29.214, 0.0820312, 1.1236154, -0.0102388, 29.214, 0.4858398, 29.214, -0.8764648, 29.214, -0.0083008, 1.1236154, -0.0085603, 29.214, -0.0244141, 29.214, -0.9658203, 29.214, 0.1708984, 1.1236154, -0.0001678, 29.214, -0.2958984, 29.214, -0.9057617, 29.214, -0.1865234, , , , , , , , , , , , , , , , , , , , , , 
1.1241346, 0.027863, 29.2275, -0.5820312, 29.2275, -0.9013672, 29.2275, 0.1005859, 1.1241346, -0.0092317, 29.2275, 0.5087891, 29.2275, -0.8945312, 29.2275, -0.0029297, 1.1241346, -0.0109102, 29.2275, -0.0541992, 29.2275, -0.9824219, 29.2275, 0.1982422, 1.1241346, -0.0015106, 29.2275, -0.3383789, 29.2275, -0.909668, 29.2275, -0.1928711, , , , , , , , , , , , , , , , , , , , , , 
1.1246538, 0.030045, 29.241, -0.6005859, 29.241, -0.9155273, 29.241, 0.0986328, 1.1246538, -0.0068818, 29.241, 0.5268555, 29.241, -0.902832, 29.241, -0.0004883, 1.1246538, -0.0115816, 29.241, -0.0839844, 29.241, -1.0009766, 29.241, 0.237793, 1.1246538, -0.0018463, 29.241, -0.3984375, 29.241, -0.9165039, 29.241, -0.1899414, , , , , , , , , , , , , , , , , , , , , , 
1.1251731, 0.0317235, 29.2545, -0.605957, 29.2545, -0.9335938, 29.2545, 0.1210938, 1.1251731, -0.005539, 29.2545, 0.5673828, 29.2545, -0.9155273, 29.2545, 0.019043, 1.1251731, -0.0119173, 29.2545, -0.0913086, 29.2545, -1.0126953, 29.2545, 0.2802734, 1.1251731, -0.0112459, 29.2545, -0.4633789, 29.2545, -0.9165039, 29.2545, -0.1767578, , , , , , , , , , , , , , , , , , , , , , 
1.1256923, 0.0290379, 29.268, -0.5966797, 29.268, -0.9350586, 29.268, 0.1137695, 1.1256923, -0.0062104, 29.268, 0.5869141, 29.268, -0.9165039, 29.268, 0.0253906, 1.1256923, -0.01561, 29.268, -0.0976562, 29.268, -0.9912109, 29.268, 0.2851562, 1.1256923, -0.0236667, 29.268, -0.5043945, 29.268, -0.9038086, 29.268, -0.1538086, , , , , , , , , , , , , , , , , , , , , , 
1.1262115, 0.0196384, 29.2815, -0.5610352, 29.2815, -0.9008789, 29.2815, 0.1113281, 1.1262115, -0.0068818, 29.2815, 0.59375, 29.2815, -0.8989258, 29.2815, 0.0341797, 1.1262115, -0.0169528, 29.2815, -0.0942383, 29.2815, -0.9594727, 29.2815, 0.2856445, 1.1262115, -0.03122, 29.2815, -0.515625, 29.2815, -0.8886719, 29.2815, -0.1430664, , , , , , , , , , , , , , , , , , , , , , 
1.1267308, 0.018967, 29.295, -0.5444336, 29.295, -0.8598633, 29.295, 0.1240234, 1.1267308, -0.0062104, 29.295, 0.5561523, 29.295, -0.8862305, 29.295, 0.0024414, 1.1267308, -0.0152743, 29.295, -0.0712891, 29.295, -0.9350586, 29.295, 0.2993164, 1.1267308, -0.0307164, 29.295, -0.5336914, 29.295, -0.8505859, 29.295, -0.1269531, , , , , , , , , , , , , , , , , , , , , , 
1.12725, 0.0285344, 29.3085, -0.5756836, 29.3085, -0.8442383, 29.3085, 0.1103516, 1.12725, -0.0075532, 29.3085, 0.4824219, 29.3085, -0.8696289, 29.3085, -0.0483398, 1.12725, -0.0132601, 29.3085, -0.0688477, 29.3085, -0.9287109, 29.3085, 0.3125, 1.12725, -0.030045, 29.3085, -0.5820312, 29.3085, -0.828125, 29.3085, -0.1162109, , , , , , , , , , , , , , , , , , , , , , 
1.1277692, 0.0320592, 29.322, -0.6035156, 29.322, -0.8500977, 29.322, 0.1445312, 1.1277692, -0.0083925, 29.322, 0.4609375, 29.322, -0.847168, 29.322, -0.059082, 1.1277692, -0.014435, 29.322, -0.0957031, 29.322, -0.9199219, 29.322, 0.3388672, 1.1277692, -0.0325628, 29.322, -0.6484375, 29.322, -0.8310547, 29.322, -0.097168, , , , , , , , , , , , , , , , , , , , , , 
1.1282885, 0.0340734, 29.3355, -0.6000977, 29.3355, -0.8544922, 29.3355, 0.1503906, 1.1282885, -0.005539, 29.3355, 0.5302734, 29.3355, -0.8203125, 29.3355, -0.0629883, 1.1282885, -0.0179599, 29.3355, -0.1362305, 29.3355, -0.9140625, 29.3355, 0.3466797, 1.1282885, -0.0337377, 29.3355, -0.6879883, 29.3355, -0.8369141, 29.3355, -0.0859375, , , , , , , , , , , , , , , , , , , , , , 
1.1288077, 0.0287022, 29.349, -0.5795898, 29.349, -0.8457031, 29.349, 0.184082, 1.1288077, -0.0045319, 29.349, 0.6206055, 29.349, -0.8212891, 29.349, -0.0576172, 1.1288077, -0.0186313, 29.349, -0.1518555, 29.349, -0.9262695, 29.349, 0.3515625, 1.1288077, -0.0283665, 29.349, -0.6894531, 29.349, -0.8383789, 29.349, -0.0986328, , , , , , , , , , , , , , , , , , , , , , 
1.1293269, 0.0203098, 29.3625, -0.5512695, 29.3625, -0.8461914, 29.3625, 0.2070312, 1.1293269, -0.0063783, 29.3625, 0.6533203, 29.3625, -0.8330078, 29.3625, -0.0532227, 1.1293269, -0.0167849, 29.3625, -0.1220703, 29.3625, -0.9624023, 29.3625, 0.3657227, 1.1293269, -0.0182956, 29.3625, -0.6762695, 29.3625, -0.859375, 29.3625, -0.1074219, , , , , , , , , , , , , , , , , , , , , , 
1.1298462, 0.0115816, 29.376, -0.5556641, 29.376, -0.8510742, 29.376, 0.1831055, 1.1298462, -0.0072175, 29.376, 0.6630859, 29.376, -0.8574219, 29.376, -0.0517578, 1.1298462, -0.0149386, 29.376, -0.0908203, 29.376, -0.9804688, 29.376, 0.3950195, 1.1298462, -0.0082246, 29.376, -0.6772461, 29.376, -0.8901367, 29.376, -0.0756836, , , , , , , , , , , , , , , , , , , , , , 
1.1303654, 0.0038605, 29.3895, -0.5292969, 29.3895, -0.8632812, 29.3895, 0.2177734, 1.1303654, -0.0062104, 29.3895, 0.5922852, 29.3895, -0.8510742, 29.3895, -0.0854492, 1.1303654, -0.0135958, 29.3895, -0.0678711, 29.3895, -0.9570312, 29.3895, 0.3867188, 1.1303654, 0.002182, 29.3895, -0.6772461, 29.3895, -0.8842773, 29.3895, -0.0537109, , , , , , , , , , , , , , , , , , , , , , 
1.1308846, -0.0008392, 29.403, -0.4716797, 29.403, -0.8862305, 29.403, 0.2392578, 1.1308846, -0.0041962, 29.403, 0.5478516, 29.403, -0.8378906, 29.403, -0.1323242, 1.1308846, -0.0102388, 29.403, -0.0073242, 29.403, -0.9111328, 29.403, 0.3486328, 1.1308846, 0.0109102, 29.403, -0.6499023, 29.403, -0.8642578, 29.403, -0.0644531, , , , , , , , , , , , , , , , , , , , , , 
1.1314038, 0.0005035, 29.4165, -0.4165039, 29.4165, -0.8979492, 29.4165, 0.2167969, 1.1314038, -0.0045319, 29.4165, 0.5751953, 29.4165, -0.8339844, 29.4165, -0.1621094, 1.1314038, -0.0075532, 29.4165, 0.0517578, 29.4165, -0.9101562, 29.4165, 0.3325195, 1.1314038, 0.0196384, 29.4165, -0.590332, 29.4165, -0.8637695, 29.4165, -0.0844727, , , , , , , , , , , , , , , , , , , , , , 
1.1319231, 0.0026856, 29.43, -0.4057617, 29.43, -0.8955078, 29.43, 0.2167969, 1.1319231, -0.005539, 29.43, 0.6206055, 29.43, -0.8510742, 29.43, -0.1347656, 1.1319231, -0.0068818, 29.43, 0.0532227, 29.43, -0.9526367, 29.43, 0.3491211, 1.1319231, 0.0320592, 29.43, -0.5561523, 29.43, -0.8710938, 29.43, -0.0947266, , , , , , , , , , , , , , , , , , , , , , 
1.1324423, 0.0078889, 29.4435, -0.4384766, 29.4435, -0.875, 29.4435, 0.2260742, 1.1324423, -0.0062104, 29.4435, 0.597168, 29.4435, -0.8706055, 29.4435, -0.0961914, 1.1324423, -0.0046998, 29.4435, 0.0415039, 29.4435, -0.9692383, 29.4435, 0.3686523, 1.1324423, 0.0446479, 29.4435, -0.5068359, 29.4435, -0.8857422, 29.4435, -0.1054688, , , , , , , , , , , , , , , , , , , , , , 
1.1329615, 0.0164492, 29.457, -0.4970703, 29.457, -0.840332, 29.457, 0.2036133, 1.1329615, -0.0063783, 29.457, 0.5249023, 29.457, -0.8603516, 29.457, -0.1064453, 1.1329615, -0.0038605, 29.457, 0.027832, 29.457, -0.9726562, 29.457, 0.4145508, 1.1329615, 0.0535439, 29.457, -0.5273438, 29.457, -0.8818359, 29.457, -0.0913086, , , , , , , , , , , , , , , , , , , , , , 
1.1334808, 0.0213169, 29.4705, -0.5078125, 29.4705, -0.8500977, 29.4705, 0.2128906, 1.1334808, -0.0068818, 29.4705, 0.4882812, 29.4705, -0.8447266, 29.4705, -0.1733398, 1.1334808, -0.0035248, 29.4705, 0.0419922, 29.4705, -0.949707, 29.4705, 0.4345703, 1.1334808, 0.0585794, 29.4705, -0.6049805, 29.4705, -0.8842773, 29.4705, -0.0742188, , , , , , , , , , , , , , , , , , , , , , 
1.134, 0.0221561, 29.484, -0.4726562, 29.484, -0.9155273, 29.484, 0.2299805, 1.134, -0.0082246, 29.484, 0.5048828, 29.484, -0.8515625, 29.484, -0.1967773, 1.134, -0.0018463, 29.484, 0.0522461, 29.484, -0.9667969, 29.484, 0.4023438, 1.134, 0.0636149, 29.484, -0.6591797, 29.484, -0.9194336, 29.484, -0.0605469, , , , , , , , , , , , , , , , , , , , , , 
1.1345192, 0.0206455, 29.4975, -0.4301758, 29.4975, -0.9711914, 29.4975, 0.2231445, 1.1345192, -0.0099031, 29.4975, 0.5854492, 29.4975, -0.9052734, 29.4975, -0.1723633, 1.1345192, -0.0005035, 29.4975, -0.0107422, 29.4975, -1.0478516, 29.4975, 0.3671875, 1.1345192, 0.0664683, 29.4975, -0.6601562, 29.4975, -0.9726562, 29.4975, -0.0537109, , , , , , , , , , , , , , , , , , , , , , 
1.1350385, 0.0196384, 29.511, -0.4238281, 29.511, -1.0209961, 29.511, 0.2133789, 1.1350385, -0.0095674, 29.511, 0.6416016, 29.511, -0.9907227, 29.511, -0.1206055, 1.1350385, -0.0010071, 29.511, -0.0703125, 29.511, -1.1591797, 29.511, 0.3632812, 1.1350385, 0.0632792, 29.511, -0.6308594, 29.511, -1.0390625, 29.511, -0.0605469, , , , , , , , , , , , , , , , , , , , , , 
1.1355577, 0.0198062, 29.5245, -0.456543, 29.5245, -1.0961914, 29.5245, 0.1782227, 1.1355577, -0.0080568, 29.5245, 0.6430664, 29.5245, -1.0961914, 29.5245, -0.09375, 1.1355577, -0.0001678, 29.5245, -0.0390625, 29.5245, -1.2719727, 29.5245, 0.3847656, 1.1355577, 0.0535439, 29.5245, -0.6118164, 29.5245, -1.1254883, 29.5245, -0.0620117, , , , , , , , , , , , , , , , , , , , , , 
1.1360769, 0.0209812, 29.538, -0.4741211, 29.538, -1.1645508, 29.538, 0.1459961, 1.1360769, -0.0075532, 29.538, 0.6069336, 29.538, -1.1962891, 29.538, -0.0751953, 1.1360769, -0.0001678, 29.538, 0.0419922, 29.538, -1.3134766, 29.538, 0.4042969, 1.1360769, 0.0414588, 29.538, -0.5917969, 29.538, -1.2084961, 29.538, -0.0175781, , , , , , , , , , , , , , , , , , , , , , 
1.1365962, 0.0204776, 29.5515, -0.3935547, 29.5515, -1.1577148, 29.5515, 0.1132812, 1.1365962, -0.0075532, 29.5515, 0.5288086, 29.5515, -1.2016602, 29.5515, -0.0859375, 1.1365962, -0.0016785, 29.5515, 0.1479492, 29.5515, -1.2045898, 29.5515, 0.3710938, 1.1365962, 0.0350805, 29.5515, -0.5512695, 29.5515, -1.1679688, 29.5515, 0.0566406, , , , , , , , , , , , , , , , , , , , , , 
1.1371154, 0.0199741, 29.565, -0.2514648, 29.565, -1.059082, 29.565, 0.1230469, 1.1371154, -0.0077211, 29.565, 0.4208984, 29.565, -1.0991211, 29.565, -0.1386719, 1.1371154, -0.0043641, 29.565, 0.2006836, 29.565, -1.112793, 29.565, 0.331543, 1.1371154, 0.0303807, 29.565, -0.5097656, 29.565, -1.0239258, 29.565, 0.0981445, , , , , , , , , , , , , , , , , , , , , , 
1.1376346, 0.0194705, 29.5785, -0.1381836, 29.5785, -0.9282227, 29.5785, 0.1254883, 1.1376346, -0.0092317, 29.5785, 0.3178711, 29.5785, -0.9306641, 29.5785, -0.2197266, 1.1376346, -0.0048676, 29.5785, 0.2553711, 29.5785, -0.9213867, 29.5785, 0.2436523, 1.1376346, 0.0271916, 29.5785, -0.4995117, 29.5785, -0.9418945, 29.5785, 0.1142578, , , , , , , , , , , , , , , , , , , , , , 
1.1381538, 0.0182956, 29.592, -0.0776367, 29.592, -0.8115234, 29.592, 0.1181641, 1.1381538, -0.0104067, 29.592, 0.246582, 29.592, -0.7524414, 29.592, -0.2773438, 1.1381538, -0.0028534, 29.592, 0.199707, 29.592, -0.7792969, 29.592, 0.1757812, 1.1381538, 0.0246738, 29.592, -0.4868164, 29.592, -0.7866211, 29.592, 0.1186523, , , , , , , , , , , , , , , , , , , , , , 
1.1386731, 0.0157778, 29.6055, -0.0795898, 29.6055, -0.7563477, 29.6055, 0.1293945, 1.1386731, -0.0099031, 29.6055, 0.2124023, 29.6055, -0.6723633, 29.6055, -0.2871094, 1.1386731, -0.0025177, 29.6055, 0.0712891, 29.6055, -0.6791992, 29.6055, 0.1118164, 1.1386731, 0.0199741, 29.6055, -0.4394531, 29.6055, -0.6606445, 29.6055, 0.0898438, , , , , , , , , , , , , , , , , , , , , , 
1.1391923, 0.0142672, 29.619, -0.1337891, 29.619, -0.6313477, 29.619, 0.1293945, 1.1391923, -0.0085603, 29.619, 0.1230469, 29.619, -0.5478516, 29.619, -0.3051758, 1.1391923, -0.0015106, 29.619, -0.050293, 29.619, -0.6010742, 29.619, 0.046875, 1.1391923, 0.0137636, 29.619, -0.3569336, 29.619, -0.5673828, 29.619, 0.0571289, , , , , , , , , , , , , , , , , , , , , , 
1.1397115, 0.0151064, 29.6325, -0.2285156, 29.6325, -0.5732422, 29.6325, 0.1303711, 1.1397115, -0.008896, 29.6325, 0.0141602, 29.6325, -0.4902344, 29.6325, -0.3691406, 1.1397115, -0.0001678, 29.6325, -0.1049805, 29.6325, -0.5644531, 29.6325, 0.0258789, 1.1397115, 0.0105745, 29.6325, -0.2822266, 29.6325, -0.5180664, 29.6325, 0.0200195, , , , , , , , , , , , , , , , , , , , , , 
1.1402308, 0.0159457, 29.646, -0.2548828, 29.646, -0.5942383, 29.646, 0.121582, 1.1402308, -0.0072175, 29.646, 0.0395508, 29.646, -0.4882812, 29.646, -0.3710938, 1.1402308, -0.0005035, 29.646, -0.0986328, 29.646, -0.5878906, 29.646, 0.0478516, 1.1402308, 0.0097353, 29.646, -0.2524414, 29.646, -0.534668, 29.646, -0.0332031, , , , , , , , , , , , , , , , , , , , , , 
1.14075, 0.0139315, 29.6595, -0.230957, 29.6595, -0.6708984, 29.6595, 0.1425781, 1.14075, -0.0041962, 29.6595, 0.1767578, 29.6595, -0.5576172, 29.6595, -0.3203125, 1.14075, -0.002182, 29.6595, -0.0341797, 29.6595, -0.6748047, 29.6595, 0.1005859, 1.14075, 0.0078889, 29.6595, -0.2451172, 29.6595, -0.6240234, 29.6595, -0.0981445, , , , , , , , , , , , , , , , , , , , , , 
1.1412692, 0.0119173, 29.673, -0.2099609, 29.673, -0.7807617, 29.673, 0.1665039, 1.1412692, -0.0031891, 29.673, 0.3344727, 29.673, -0.6918945, 29.673, -0.2802734, 1.1412692, -0.0035248, 29.673, 0.0419922, 29.673, -0.8320312, 29.673, 0.1513672, 1.1412692, 0.0058747, 29.673, -0.2055664, 29.673, -0.7792969, 29.673, -0.1669922, , , , , , , , , , , , , , , , , , , , , , 
1.1417885, 0.0105745, 29.6865, -0.2426758, 29.6865, -0.9052734, 29.6865, 0.1757812, 1.1417885, -0.0063783, 29.6865, 0.480957, 29.6865, -0.8793945, 29.6865, -0.2226562, 1.1417885, -0.005539, 29.6865, 0.1132812, 29.6865, -1.0263672, 29.6865, 0.2167969, 1.1417885, 0.0045319, 29.6865, -0.1499023, 29.6865, -0.9692383, 29.6865, -0.206543, , , , , , , , , , , , , , , , , , , , , , 
1.1423077, 0.0065461, 29.7, -0.2866211, 29.7, -1.0507812, 29.7, 0.1821289, 1.1423077, -0.0095674, 29.7, 0.5551758, 29.7, -1.0356445, 29.7, -0.1660156, 1.1423077, -0.0077211, 29.7, 0.1479492, 29.7, -1.1230469, 29.7, 0.2612305, 1.1423077, 0.0025177, 29.7, -0.1513672, 29.7, -1.1499023, 29.7, -0.1508789, , , , , , , , , , , , , , , , , , , , , , 
1.1428269, 0.0035248, 29.7135, -0.2685547, 29.7135, -1.1430664, 29.7135, 0.1582031, 1.1428269, -0.0095674, 29.7135, 0.6030273, 29.7135, -1.1201172, 29.7135, -0.1293945, 1.1428269, -0.008896, 29.7135, 0.1962891, 29.7135, -1.2348633, 29.7135, 0.3442383, 1.1428269, -0.0028534, 29.7135, -0.2197266, 29.7135, -1.2207031, 29.7135, -0.065918, , , , , , , , , , , , , , , , , , , , , , 
1.1433462, 0.0099031, 29.727, -0.2641602, 29.727, -1.1733398, 29.727, 0.1694336, 1.1433462, -0.0092317, 29.727, 0.6040039, 29.727, -1.140625, 29.727, -0.1459961, 1.1433462, -0.0093996, 29.727, 0.2768555, 29.727, -1.206543, 29.727, 0.3823242, 1.1433462, -0.0109102, 29.727, -0.2797852, 29.727, -1.1987305, 29.727, -0.0454102, , , , , , , , , , , , , , , , , , , , , , 
1.1438654, 0.0226596, 29.7405, -0.2285156, 29.7405, -1.1606445, 29.7405, 0.1943359, 1.1438654, -0.0082246, 29.7405, 0.565918, 29.7405, -1.1533203, 29.7405, -0.1767578, 1.1438654, -0.0105745, 29.7405, 0.2856445, 29.7405, -1.1420898, 29.7405, 0.3623047, 1.1438654, -0.0159457, 29.7405, -0.4594727, 29.7405, -1.1108398, 29.7405, -0.0097656, , , , , , , , , , , , , , , , , , , , , , 
1.1443846, 0.030045, 29.754, -0.1845703, 29.754, -1.1269531, 29.754, 0.1928711, 1.1443846, -0.0062104, 29.754, 0.5234375, 29.754, -1.1308594, 29.754, -0.2006836, 1.1443846, -0.0109102, 29.754, 0.1606445, 29.754, -1.0839844, 29.754, 0.3305664, 1.1443846, -0.0146029, 29.754, -0.6689453, 29.754, -1.0400391, 29.754, 0.0546875, , , , , , , , , , , , , , , , , , , , , , 
1.1449038, 0.0287022, 29.7675, -0.1923828, 29.7675, -1.1118164, 29.7675, 0.1933594, 1.1449038, -0.0046998, 29.7675, 0.4892578, 29.7675, -1.0751953, 29.7675, -0.237793, 1.1449038, -0.0095674, 29.7675, -0.0419922, 29.7675, -1.0727539, 29.7675, 0.3017578, 1.1449038, -0.01561, 29.7675, -0.8188477, 29.7675, -0.9980469, 29.7675, 0.1245117, , , , , , , , , , , , , , , , , , , , , , 
1.1454231, 0.0250095, 29.781, -0.2797852, 29.781, -1.078125, 29.781, 0.1967773, 1.1454231, -0.0041962, 29.781, 0.4262695, 29.781, -1, 29.781, -0.2509766, 1.1454231, -0.0092317, 29.781, -0.2329102, 29.781, -1.0708008, 29.781, 0.2529297, 1.1454231, -0.0219883, 29.781, -0.8642578, 29.781, -0.9731445, 29.781, 0.1308594, , , , , , , , , , , , , , , , , , , , , , 
1.1459423, 0.0206455, 29.7945, -0.3676758, 29.7945, -1.0302734, 29.7945, 0.2216797, 1.1459423, -0.0058747, 29.7945, 0.347168, 29.7945, -0.9477539, 29.7945, -0.2788086, 1.1459423, -0.0097353, 29.7945, -0.2988281, 29.7945, -1.0405273, 29.7945, 0.1875, 1.1459423, -0.0263523, 29.7945, -0.7944336, 29.7945, -0.9667969, 29.7945, 0.0864258, , , , , , , , , , , , , , , , , , , , , , 
1.1464615, 0.0179599, 29.808, -0.3901367, 29.808, -0.9887695, 29.808, 0.2421875, 1.1464615, -0.0078889, 29.808, 0.3046875, 29.808, -0.9282227, 29.808, -0.3339844, 1.1464615, -0.0099031, 29.808, -0.2197266, 29.808, -1.0263672, 29.808, 0.1523438, 1.1464615, -0.0283665, 29.808, -0.6352539, 29.808, -0.9541016, 29.808, 0.0180664, , , , , , , , , , , , , , , , , , , , , , 
1.1469808, 0.0119173, 29.8215, -0.4165039, 29.8215, -0.9628906, 29.8215, 0.2255859, 1.1469808, -0.0083925, 29.8215, 0.28125, 29.8215, -0.9023438, 29.8215, -0.3457031, 1.1469808, -0.0105745, 29.8215, -0.0820312, 29.8215, -1.0195312, 29.8215, 0.1899414, 1.1469808, -0.0305486, 29.8215, -0.4814453, 29.8215, -0.9604492, 29.8215, -0.019043, , , , , , , , , , , , , , , , , , , , , , 
1.1475, 0.0077211, 29.835, -0.3745117, 29.835, -0.9643555, 29.835, 0.2524414, 1.1475, -0.0077211, 29.835, 0.3383789, 29.835, -0.8862305, 29.835, -0.3325195, 1.1475, -0.0139315, 29.835, -0.0087891, 29.835, -1.0053711, 29.835, 0.2250977, 1.1475, -0.0303807, 29.835, -0.3828125, 29.835, -0.9575195, 29.835, -0.0332031, , , , , , , , , , , , , , , , , , , , , , 
1.1480192, 0.0048676, 29.8485, -0.2915039, 29.8485, -0.9633789, 29.8485, 0.2646484, 1.1480192, -0.0075532, 29.8485, 0.3823242, 29.8485, -0.8842773, 29.8485, -0.3344727, 1.1480192, -0.0162814, 29.8485, 0.1166992, 29.8485, -0.9707031, 29.8485, 0.2724609, 1.1480192, -0.0281987, 29.8485, -0.3256836, 29.8485, -0.9370117, 29.8485, -0.0473633, , , , , , , , , , , , , , , , , , , , , , 
1.1485385, 0.005539, 29.862, -0.237793, 29.862, -0.9658203, 29.862, 0.2578125, 1.1485385, -0.0077211, 29.862, 0.4628906, 29.862, -0.8891602, 29.862, -0.3310547, 1.1485385, -0.01561, 29.862, 0.2133789, 29.862, -0.9570312, 29.862, 0.28125, 1.1485385, -0.0240024, 29.862, -0.2758789, 29.862, -0.9223633, 29.862, -0.0405273, , , , , , , , , , , , , , , , , , , , , , 
1.1490577, 0.0058747, 29.8755, -0.21875, 29.8755, -0.965332, 29.8755, 0.2822266, 1.1490577, -0.0072175, 29.8755, 0.5141602, 29.8755, -0.8823242, 29.8755, -0.3041992, 1.1490577, -0.0139315, 29.8755, 0.277832, 29.8755, -0.9536133, 29.8755, 0.2929688, 1.1490577, -0.0172885, 29.8755, -0.237793, 29.8755, -0.9169922, 29.8755, -0.0092773, , , , , , , , , , , , , , , , , , , , , , 
1.1495769, 0.0063783, 29.889, -0.2324219, 29.889, -0.9667969, 29.889, 0.2734375, 1.1495769, -0.0072175, 29.889, 0.5307617, 29.889, -0.8813477, 29.889, -0.2792969, 1.1495769, -0.0132601, 29.889, 0.2963867, 29.889, -0.9506836, 29.889, 0.2861328, 1.1495769, -0.0075532, 29.889, -0.2329102, 29.889, -0.9125977, 29.889, 0.0087891, , , , , , , , , , , , , , , , , , , , , , 
1.1500962, 0.0075532, 29.9025, -0.2485352, 29.9025, -0.9716797, 29.9025, 0.2475586, 1.1500962, -0.0075532, 29.9025, 0.5068359, 29.9025, -0.9116211, 29.9025, -0.2695312, 1.1500962, -0.0124208, 29.9025, 0.2255859, 29.9025, -0.9619141, 29.9025, 0.2553711, 1.1500962, 0.0025177, 29.9025, -0.2856445, 29.9025, -0.9086914, 29.9025, 0.0366211, , , , , , , , , , , , , , , , , , , , , , 
1.1506154, 0.0105745, 29.916, -0.2539062, 29.916, -0.9833984, 29.916, 0.265625, 1.1506154, -0.0077211, 29.916, 0.496582, 29.916, -0.8984375, 29.916, -0.246582, 1.1506154, -0.0105745, 29.916, 0.0976562, 29.916, -0.9692383, 29.916, 0.2265625, 1.1506154, 0.0112459, 29.916, -0.3935547, 29.916, -0.9086914, 29.916, 0.0625, , , , , , , , , , , , , , , , , , , , , , 
1.1511346, 0.0078889, 29.9295, -0.246582, 29.9295, -0.9692383, 29.9295, 0.2426758, 1.1511346, -0.0082246, 29.9295, 0.4829102, 29.9295, -0.8720703, 29.9295, -0.2670898, 1.1511346, -0.0085603, 29.9295, -0.0073242, 29.9295, -0.9648438, 29.9295, 0.2124023, 1.1511346, 0.0216526, 29.9295, -0.4956055, 29.9295, -0.8935547, 29.9295, 0.0732422, , , , , , , , , , , , , , , , , , , , , , 
1.1516538, 0.0013428, 29.943, -0.2402344, 29.943, -0.949707, 29.943, 0.2363281, 1.1516538, -0.0068818, 29.943, 0.4287109, 29.943, -0.8681641, 29.943, -0.2807617, 1.1516538, -0.0082246, 29.943, -0.078125, 29.943, -0.9584961, 29.943, 0.2001953, 1.1516538, 0.033402, 29.943, -0.5527344, 29.943, -0.8696289, 29.943, 0.0722656, , , , , , , , , , , , , , , , , , , , , , 
1.1521731, -0.0028534, 29.9565, -0.2290039, 29.9565, -0.953125, 29.9565, 0.2241211, 1.1521731, -0.005539, 29.9565, 0.3637695, 29.9565, -0.8637695, 29.9565, -0.2924805, 1.1521731, -0.0072175, 29.9565, -0.0981445, 29.9565, -0.9614258, 29.9565, 0.1923828, 1.1521731, 0.0438087, 29.9565, -0.5751953, 29.9565, -0.8608398, 29.9565, 0.0849609, , , , , , , , , , , , , , , , , , , , , , 
1.1526923, -0.0035248, 29.97, -0.2373047, 29.97, -0.9428711, 29.97, 0.2246094, 1.1526923, -0.0052033, 29.97, 0.3295898, 29.97, -0.8530273, 29.97, -0.328125, 1.1526923, -0.0062104, 29.97, -0.0810547, 29.97, -0.9594727, 29.97, 0.1811523, 1.1526923, 0.0525368, 29.97, -0.5478516, 29.97, -0.8525391, 29.97, 0.0864258, , , , , , , , , , , , , , , , , , , , , , 
1.1532115, 0.0001678, 29.9835, -0.2314453, 29.9835, -0.9418945, 29.9835, 0.2197266, 1.1532115, -0.0063783, 29.9835, 0.3261719, 29.9835, -0.855957, 29.9835, -0.3476562, 1.1532115, -0.0041962, 29.9835, 0.0073242, 29.9835, -0.9599609, 29.9835, 0.1987305, 1.1532115, 0.0599222, 29.9835, -0.5014648, 29.9835, -0.8618164, 29.9835, 0.0751953, , , , , , , , , , , , , , , , , , , , , , 
1.1537308, 0.002182, 29.997, -0.253418, 29.997, -0.9697266, 29.997, 0.2314453, 1.1537308, -0.0075532, 29.997, 0.3198242, 29.997, -0.8896484, 29.997, -0.3432617, 1.1537308, -0.0018463, 29.997, 0.0703125, 29.997, -0.9799805, 29.997, 0.2182617, 1.1537308, 0.0659648, 29.997, -0.4594727, 29.997, -0.8974609, 29.997, 0.0849609, , , , , , , , , , , , , , , , , , , , , , 
1.15425, 0.0031891, 30.0105, -0.2529297, 30.0105, -0.9672852, 30.0105, 0.2348633, 1.15425, -0.0075532, 30.0105, 0.3681641, 30.0105, -0.9106445, 30.0105, -0.315918, 1.15425, -0.0001678, 30.0105, 0.1274414, 30.0105, -0.9794922, 30.0105, 0.2246094, 1.15425, 0.0706645, 30.0105, -0.3857422, 30.0105, -0.9291992, 30.0105, 0.0859375, , , , , , , , , , , , , , , , , , , , , , 
1.1547692, 0.0031891, 30.024, -0.1791992, 30.024, -0.9746094, 30.024, 0.262207, 1.1547692, -0.0099031, 30.024, 0.4238281, 30.024, -0.9013672, 30.024, -0.3188477, 1.1547692, -0.0005035, 30.024, 0.2109375, 30.024, -0.9716797, 30.024, 0.2231445, 1.1547692, 0.0713359, 30.024, -0.3178711, 30.024, -0.9423828, 30.024, 0.0825195, , , , , , , , , , , , , , , , , , , , , , 
1.1552885, 0.0011749, 30.0375, -0.1206055, 30.0375, -0.9692383, 30.0375, 0.2763672, 1.1552885, -0.0124208, 30.0375, 0.4477539, 30.0375, -0.8769531, 30.0375, -0.3271484, 1.1552885, -0.0008392, 30.0375, 0.2524414, 30.0375, -0.9707031, 30.0375, 0.21875, 1.1552885, 0.0637827, 30.0375, -0.3012695, 30.0375, -0.9428711, 30.0375, 0.0771484, , , , , , , , , , , , , , , , , , , , , , 
1.1558077, -0.0035248, 30.051, -0.1352539, 30.051, -0.9819336, 30.051, 0.206543, 1.1558077, -0.0129244, 30.051, 0.4130859, 30.051, -0.8950195, 30.051, -0.3237305, 1.1558077, -0.0016785, 30.051, 0.2089844, 30.051, -1.0009766, 30.051, 0.222168, 1.1558077, 0.0528725, 30.051, -0.300293, 30.051, -0.9443359, 30.051, 0.0532227, , , , , , , , , , , , , , , , , , , , , , 
1.1563269, -0.0062104, 30.0645, -0.25, 30.0645, -0.9921875, 30.0645, 0.175293, 1.1563269, -0.0115816, 30.0645, 0.3647461, 30.0645, -0.9287109, 30.0645, -0.2871094, 1.1563269, -0.002182, 30.0645, 0.1162109, 30.0645, -1.0209961, 30.0645, 0.1948242, 1.1563269, 0.0448157, 30.0645, -0.3081055, 30.0645, -0.965332, 30.0645, 0.0249023, , , , , , , , , , , , , , , , , , , , , , 
1.1568462, -0.0031891, 30.078, -0.3579102, 30.078, -0.9912109, 30.078, 0.1894531, 1.1568462, -0.0092317, 30.078, 0.3413086, 30.078, -0.9643555, 30.078, -0.2524414, 1.1568462, -0.0031891, 30.078, 0.0458984, 30.078, -1.0415039, 30.078, 0.1816406, 1.1568462, 0.0394446, 30.078, -0.3188477, 30.078, -0.9946289, 30.078, 0.0029297, , , , , , , , , , , , , , , , , , , , , , 
1.1573654, 0.0036927, 30.0915, -0.3764648, 30.0915, -0.9833984, 30.0915, 0.1884766, 1.1573654, -0.0082246, 30.0915, 0.387207, 30.0915, -0.9648438, 30.0915, -0.2211914, 1.1573654, -0.0052033, 30.0915, 0.0170898, 30.0915, -1.050293, 30.0915, 0.1845703, 1.1573654, 0.033402, 30.0915, -0.3603516, 30.0915, -0.9941406, 30.0915, -0.0112305, , , , , , , , , , , , , , , , , , , , , , 
1.1578846, 0.0099031, 30.105, -0.3417969, 30.105, -0.9707031, 30.105, 0.1816406, 1.1578846, -0.0075532, 30.105, 0.4257812, 30.105, -0.9389648, 30.105, -0.2124023, 1.1578846, -0.0062104, 30.105, -0.0429688, 30.105, -1.0317383, 30.105, 0.1762695, 1.1578846, 0.0293736, 30.105, -0.4194336, 30.105, -0.9541016, 30.105, 0.012207, , , , , , , , , , , , , , , , , , , , , , 
1.1584038, 0.0152743, 30.1185, -0.2158203, 30.1185, -0.9589844, 30.1185, 0.199707, 1.1584038, -0.0072175, 30.1185, 0.4975586, 30.1185, -0.8886719, 30.1185, -0.2006836, 1.1584038, -0.0060426, 30.1185, -0.0522461, 30.1185, -0.9960938, 30.1185, 0.1694336, 1.1584038, 0.026688, 30.1185, -0.456543, 30.1185, -0.9038086, 30.1185, 0.03125, , , , , , , , , , , , , , , , , , , , , , 
1.1589231, 0.0236667, 30.132, -0.175293, 30.132, -0.9511719, 30.132, 0.2280273, 1.1589231, -0.0077211, 30.132, 0.527832, 30.132, -0.871582, 30.132, -0.2006836, 1.1589231, -0.0068818, 30.132, -0.0078125, 30.132, -0.9790039, 30.132, 0.1645508, 1.1589231, 0.024506, 30.132, -0.4389648, 30.132, -0.8789062, 30.132, 0.0224609, , , , , , , , , , , , , , , , , , , , , , 
1.1594423, 0.030045, 30.1455, -0.269043, 30.1455, -0.9331055, 30.1455, 0.2080078, 1.1594423, -0.0082246, 30.1455, 0.4775391, 30.1455, -0.8608398, 30.1455, -0.2304688, 1.1594423, -0.0082246, 30.1455, 0.019043, 30.1455, -0.9736328, 30.1455, 0.1704102, 1.1594423, 0.0223239, 30.1455, -0.3813477, 30.1455, -0.8725586, 30.1455, 0.0087891, , , , , , , , , , , , , , , , , , , , , , 
1.1599615, 0.0320592, 30.159, -0.3232422, 30.159, -0.9257812, 30.159, 0.2158203, 1.1599615, -0.0092317, 30.159, 0.4204102, 30.159, -0.8544922, 30.159, -0.2485352, 1.1599615, -0.0072175, 30.159, 0.0332031, 30.159, -0.9716797, 30.159, 0.1826172, 1.1599615, 0.0206455, 30.159, -0.3369141, 30.159, -0.8828125, 30.159, 0.0087891, , , , , , , , , , , , , , , , , , , , , , 
1.1604808, 0.030045, 30.1725, -0.2739258, 30.1725, -0.9189453, 30.1725, 0.2617188, 1.1604808, -0.0095674, 30.1725, 0.4316406, 30.1725, -0.8237305, 30.1725, -0.2958984, 1.1604808, -0.0048676, 30.1725, 0.0576172, 30.1725, -0.9570312, 30.1725, 0.1904297, 1.1604808, 0.0186313, 30.1725, -0.3271484, 30.1725, -0.8823242, 30.1725, 0.0273438, , , , , , , , , , , , , , , , , , , , , , 
1.161, 0.0260166, 30.186, -0.1933594, 30.186, -0.9106445, 30.186, 0.2866211, 1.161, -0.0082246, 30.186, 0.4599609, 30.186, -0.8027344, 30.186, -0.3457031, 1.161, -0.0041962, 30.186, 0.1103516, 30.186, -0.9394531, 30.186, 0.2109375, 1.161, 0.0182956, 30.186, -0.328125, 30.186, -0.8759766, 30.186, 0.0375977, , , , , , , , , , , , , , , , , , , , , , 
1.1615192, 0.0236667, 30.1995, -0.2114258, 30.1995, -0.902832, 30.1995, 0.3032227, 1.1615192, -0.0075532, 30.1995, 0.4458008, 30.1995, -0.8291016, 30.1995, -0.328125, 1.1615192, -0.0041962, 30.1995, 0.1674805, 30.1995, -0.9428711, 30.1995, 0.2382812, 1.1615192, 0.0182956, 30.1995, -0.3393555, 30.1995, -0.8681641, 30.1995, 0.0571289, , , , , , , , , , , , , , , , , , , , , , 
1.1620385, 0.0226596, 30.213, -0.3110352, 30.213, -0.9042969, 30.213, 0.2568359, 1.1620385, -0.0075532, 30.213, 0.4238281, 30.213, -0.8671875, 30.213, -0.2739258, 1.1620385, -0.0041962, 30.213, 0.1875, 30.213, -0.9506836, 30.213, 0.2597656, 1.1620385, 0.0171206, 30.213, -0.3696289, 30.213, -0.8789062, 30.213, 0.0732422, , , , , , , , , , , , , , , , , , , , , , 
1.1625577, 0.024506, 30.2265, -0.3515625, 30.2265, -0.9248047, 30.2265, 0.2617188, 1.1625577, -0.0082246, 30.2265, 0.4272461, 30.2265, -0.8696289, 30.2265, -0.2753906, 1.1625577, -0.0045319, 30.2265, 0.1801758, 30.2265, -0.9677734, 30.2265, 0.300293, 1.1625577, 0.0135958, 30.2265, -0.4287109, 30.2265, -0.890625, 30.2265, 0.0878906, , , , , , , , , , , , , , , , , , , , , , 
1.1630769, 0.0276951, 30.24, -0.2929688, 30.24, -0.9365234, 30.24, 0.2988281, 1.1630769, -0.0109102, 30.24, 0.4477539, 30.24, -0.871582, 30.24, -0.3061523, 1.1630769, -0.0057069, 30.24, 0.1313477, 30.24, -0.9599609, 30.24, 0.3066406, 1.1630769, 0.0102388, 30.24, -0.4985352, 30.24, -0.8881836, 30.24, 0.0874023, , , , , , , , , , , , , , , , , , , , , , 
1.1635962, 0.0280308, 30.2535, -0.2646484, 30.2535, -0.9487305, 30.2535, 0.3291016, 1.1635962, -0.0109102, 30.2535, 0.4882812, 30.2535, -0.8901367, 30.2535, -0.3081055, 1.1635962, -0.0062104, 30.2535, 0.0732422, 30.2535, -0.9604492, 30.2535, 0.3076172, 1.1635962, 0.0078889, 30.2535, -0.559082, 30.2535, -0.887207, 30.2535, 0.0732422, , , , , , , , , , , , , , , , , , , , , , 
1.1641154, 0.0256809, 30.267, -0.2983398, 30.267, -0.9545898, 30.267, 0.3188477, 1.1641154, -0.0102388, 30.267, 0.5463867, 30.267, -0.8769531, 30.267, -0.2558594, 1.1641154, -0.0068818, 30.267, 0.0146484, 30.267, -0.9838867, 30.267, 0.3017578, 1.1641154, 0.0045319, 30.267, -0.6103516, 30.267, -0.8852539, 30.267, 0.0668945, , , , , , , , , , , , , , , , , , , , , , 
1.1646346, 0.023331, 30.2805, -0.3588867, 30.2805, -0.9301758, 30.2805, 0.2939453, 1.1646346, -0.008896, 30.2805, 0.4985352, 30.2805, -0.831543, 30.2805, -0.3095703, 1.1646346, -0.0078889, 30.2805, -0.034668, 30.2805, -0.9814453, 30.2805, 0.3056641, 1.1646346, 0.0015106, 30.2805, -0.6328125, 30.2805, -0.8632812, 30.2805, 0.0883789, , , , , , , , , , , , , , , , , , , , , , 
1.1651538, 0.0221561, 30.294, -0.3886719, 30.294, -0.9584961, 30.294, 0.3457031, 1.1651538, -0.0072175, 30.294, 0.3930664, 30.294, -0.8793945, 30.294, -0.3681641, 1.1651538, -0.0102388, 30.294, -0.0141602, 30.294, -0.9589844, 30.294, 0.277832, 1.1651538, -0.0062104, 30.294, -0.6333008, 30.294, -0.8461914, 30.294, 0.1181641, , , , , , , , , , , , , , , , , , , , , , 
1.1656731, 0.0216526, 30.3075, -0.3881836, 30.3075, -0.9345703, 30.3075, 0.3017578, 1.1656731, -0.005539, 30.3075, 0.3842773, 30.3075, -0.8974609, 30.3075, -0.3066406, 1.1656731, -0.0132601, 30.3075, 0.0361328, 30.3075, -0.9482422, 30.3075, 0.2587891, 1.1656731, -0.0198062, 30.3075, -0.6152344, 30.3075, -0.8544922, 30.3075, 0.1557617, , , , , , , , , , , , , , , , , , , , , , 
1.1661923, 0.0199741, 30.321, -0.3486328, 30.321, -0.9267578, 30.321, 0.309082, 1.1661923, -0.0025177, 30.321, 0.5527344, 30.321, -0.8476562, 30.321, -0.2895508, 1.1661923, -0.01561, 30.321, 0.0751953, 30.321, -0.9614258, 30.321, 0.2617188, 1.1661923, -0.0317235, 30.321, -0.5751953, 30.321, -0.8686523, 30.321, 0.1508789, , , , , , , , , , , , , , , , , , , , , , 
1.1667115, 0.0206455, 30.3345, -0.2612305, 30.3345, -0.9609375, 30.3345, 0.3330078, 1.1667115, 0.0028534, 30.3345, 0.6025391, 30.3345, -0.8178711, 30.3345, -0.3579102, 1.1667115, -0.0152743, 30.3345, 0.0830078, 30.3345, -0.9726562, 30.3345, 0.265625, 1.1667115, -0.0360876, 30.3345, -0.5493164, 30.3345, -0.8740234, 30.3345, 0.1308594, , , , , , , , , , , , , , , , , , , , , , 
1.1672308, 0.024506, 30.348, -0.1816406, 30.348, -0.96875, 30.348, 0.3662109, 1.1672308, 0.0085603, 30.348, 0.5703125, 30.348, -0.828125, 30.348, -0.3764648, 1.1672308, -0.0139315, 30.348, 0.0786133, 30.348, -0.9736328, 30.348, 0.2602539, 1.1672308, -0.0354162, 30.348, -0.5004883, 30.348, -0.8901367, 30.348, 0.09375, , , , , , , , , , , , , , , , , , , , , , 
1.16775, 0.0226596, 30.3615, -0.199707, 30.3615, -0.934082, 30.3615, 0.3359375, 1.16775, 0.0090639, 30.3615, 0.4916992, 30.3615, -0.8452148, 30.3615, -0.3579102, 1.16775, -0.012253, 30.3615, 0.0732422, 30.3615, -0.96875, 30.3615, 0.2407227, 1.16775, -0.0347448, 30.3615, -0.4384766, 30.3615, -0.9033203, 30.3615, 0.0571289, , , , , , , , , , , , , , , , , , , , , , 
1.1682692, 0.0176242, 30.375, -0.3115234, 30.375, -0.9160156, 30.375, 0.3173828, 1.1682692, 0.0043641, 30.375, 0.4516602, 30.375, -0.8266602, 30.375, -0.3286133, 1.1682692, -0.0112459, 30.375, 0.0776367, 30.375, -0.9667969, 30.375, 0.2416992, 1.1682692, -0.0303807, 30.375, -0.3813477, 30.375, -0.9038086, 30.375, 0.0292969, , , , , , , , , , , , , , , , , , , , , , 
1.1687885, 0.0171206, 30.3885, -0.375, 30.3885, -0.8950195, 30.3885, 0.2460938, 1.1687885, -0.0005035, 30.3885, 0.4692383, 30.3885, -0.8188477, 30.3885, -0.2758789, 1.1687885, -0.0109102, 30.3885, 0.0742188, 30.3885, -0.9492188, 30.3885, 0.2416992, 1.1687885, -0.0219883, 30.3885, -0.3583984, 30.3885, -0.8808594, 30.3885, 0.0102539, , , , , , , , , , , , , , , , , , , , , , 
1.1693077, 0.0119173, 30.402, -0.3432617, 30.402, -0.9233398, 30.402, 0.1826172, 1.1693077, -0.0045319, 30.402, 0.4311523, 30.402, -0.8681641, 30.402, -0.2421875, 1.1693077, -0.0135958, 30.402, 0.0527344, 30.402, -0.9526367, 30.402, 0.2133789, 1.1693077, -0.012253, 30.402, -0.3725586, 30.402, -0.8852539, 30.402, -0.0078125, , , , , , , , , , , , , , , , , , , , , , 
1.1698269, 0.0045319, 30.4155, -0.262207, 30.4155, -0.9604492, 30.4155, 0.2001953, 1.1698269, -0.0075532, 30.4155, 0.3945312, 30.4155, -0.9008789, 30.4155, -0.2265625, 1.1698269, -0.0166171, 30.4155, 0.0385742, 30.4155, -0.9628906, 30.4155, 0.1831055, 1.1698269, -0.0038605, 30.4155, -0.3701172, 30.4155, -0.9116211, 30.4155, -0.0117188, , , , , , , , , , , , , , , , , , , , , , 
1.1703462, 0.0018463, 30.429, -0.2114258, 30.429, -0.9785156, 30.429, 0.2294922, 1.1703462, -0.0085603, 30.429, 0.4472656, 30.429, -0.9106445, 30.429, -0.2446289, 1.1703462, -0.0216526, 30.429, 0.0332031, 30.429, -0.9931641, 30.429, 0.1606445, 1.1703462, 0.0052033, 30.429, -0.3520508, 30.429, -0.9404297, 30.429, -0.015625, , , , , , , , , , , , , , , , , , , , , , 
1.1708654, 0.0038605, 30.4425, -0.1479492, 30.4425, -1.0014648, 30.4425, 0.2514648, 1.1708654, -0.005539, 30.4425, 0.4438477, 30.4425, -0.9047852, 30.4425, -0.2709961, 1.1708654, -0.0270237, 30.4425, 0.0209961, 30.4425, -1.0219727, 30.4425, 0.1552734, 1.1708654, 0.0149386, 30.4425, -0.3388672, 30.4425, -0.9584961, 30.4425, -0.0073242, , , , , , , , , , , , , , , , , , , , , , 
1.1713846, 0.0041962, 30.456, -0.1157227, 30.456, -0.9350586, 30.456, 0.1850586, 1.1713846, -0.0078889, 30.456, 0.3095703, 30.456, -0.8901367, 30.456, -0.2861328, 1.1713846, -0.0263523, 30.456, 0.0385742, 30.456, -0.9931641, 30.456, 0.1738281, 1.1713846, 0.024506, 30.456, -0.3442383, 30.456, -0.9394531, 30.456, 0.0146484, , , , , , , , , , , , , , , , , , , , , , 
1.1719038, 0.0036927, 30.4695, -0.2207031, 30.4695, -0.8779297, 30.4695, 0.1523438, 1.1719038, -0.0135958, 30.4695, 0.2387695, 30.4695, -0.8803711, 30.4695, -0.2695312, 1.1719038, -0.0216526, 30.4695, 0.0639648, 30.4695, -0.9667969, 30.4695, 0.1831055, 1.1719038, 0.0360876, 30.4695, -0.3964844, 30.4695, -0.8999023, 30.4695, 0.0439453, , , , , , , , , , , , , , , , , , , , , , 
1.1724231, 0.0075532, 30.483, -0.3657227, 30.483, -0.8466797, 30.483, 0.1020508, 1.1724231, -0.0095674, 30.483, 0.2036133, 30.483, -0.8574219, 30.483, -0.246582, 1.1724231, -0.0152743, 30.483, 0.0820312, 30.483, -0.925293, 30.483, 0.2060547, 1.1724231, 0.0505226, 30.483, -0.4355469, 30.483, -0.8823242, 30.483, 0.0541992, , , , , , , , , , , , , , , , , , , , , , 
1.1729423, 0.0068818, 30.4965, -0.4125977, 30.4965, -0.8691406, 30.4965, 0.1230469, 1.1729423, -0.0025177, 30.4965, 0.296875, 30.4965, -0.8666992, 30.4965, -0.2021484, 1.1729423, -0.005539, 30.4965, 0.0229492, 30.4965, -0.9179688, 30.4965, 0.2050781, 1.1729423, 0.061265, 30.4965, -0.5068359, 30.4965, -0.8642578, 30.4965, 0.0668945, , , , , , , , , , , , , , , , , , , , , , 
1.1734615, -0.0008392, 30.51, -0.3271484, 30.51, -0.8969727, 30.51, 0.1582031, 1.1734615, 0.0005035, 30.51, 0.4326172, 30.51, -0.8725586, 30.51, -0.1860352, 1.1734615, 0.0015106, 30.51, -0.065918, 30.51, -0.9570312, 30.51, 0.1743164, 1.1734615, 0.0652934, 30.51, -0.5214844, 30.51, -0.8647461, 30.51, 0.0498047, , , , , , , , , , , , , , , , , , , , , , 
1.1739808, -0.0045319, 30.5235, -0.2573242, 30.5235, -0.9077148, 30.5235, 0.2329102, 1.1739808, 0.0015106, 30.5235, 0.4775391, 30.5235, -0.8916016, 30.5235, -0.2060547, 1.1739808, 0.0031891, 30.5235, -0.0966797, 30.5235, -0.9931641, 30.5235, 0.1621094, 1.1739808, 0.0679789, 30.5235, -0.4897461, 30.5235, -0.8828125, 30.5235, 0.0268555, , , , , , , , , , , , , , , , , , , , , , 
1.1745, -0.0031891, 30.537, -0.2954102, 30.537, -0.9077148, 30.537, 0.2539062, 1.1745, 0.0058747, 30.537, 0.4833984, 30.537, -0.8891602, 30.537, -0.2177734, 1.1745, 0.0038605, 30.537, -0.0361328, 30.537, -0.9995117, 30.537, 0.2041016, 1.1745, 0.0699931, 30.537, -0.4472656, 30.537, -0.9013672, 30.537, 0.0268555, , , , , , , , , , , , , , , , , , , , , , 
1.1750192, -0.0005035, 30.5505, -0.3422852, 30.5505, -0.8920898, 30.5505, 0.2509766, 1.1750192, 0.0102388, 30.5505, 0.4916992, 30.5505, -0.8422852, 30.5505, -0.2387695, 1.1750192, 0.0045319, 30.5505, 0.0639648, 30.5505, -0.9824219, 30.5505, 0.2626953, 1.1750192, 0.0656291, 30.5505, -0.4316406, 30.5505, -0.9018555, 30.5505, 0.0288086, , , , , , , , , , , , , , , , , , , , , , 
1.1755385, 0.0011749, 30.564, -0.3554688, 30.564, -0.887207, 30.564, 0.2514648, 1.1755385, 0.0065461, 30.564, 0.4638672, 30.564, -0.8325195, 30.564, -0.2495117, 1.1755385, 0.0045319, 30.564, 0.1025391, 30.564, -0.9467773, 30.564, 0.284668, 1.1755385, 0.0518654, 30.564, -0.4379883, 30.564, -0.8789062, 30.564, 0.0205078, , , , , , , , , , , , , , , , , , , , , , 
1.1760577, 0.0025177, 30.5775, -0.3891602, 30.5775, -0.8852539, 30.5775, 0.2612305, 1.1760577, -0.0035248, 30.5775, 0.4321289, 30.5775, -0.8520508, 30.5775, -0.234375, 1.1760577, 0.0048676, 30.5775, 0.0888672, 30.5775, -0.9345703, 30.5775, 0.2573242, 1.1760577, 0.0354162, 30.5775, -0.4379883, 30.5775, -0.8632812, 30.5775, 0.0175781, , , , , , , , , , , , , , , , , , , , , , 
1.1765769, 0.0038605, 30.591, -0.3706055, 30.591, -0.8857422, 30.591, 0.293457, 1.1765769, -0.0142672, 30.591, 0.4526367, 30.591, -0.8481445, 30.591, -0.2485352, 1.1765769, 0.0038605, 30.591, 0.0380859, 30.591, -0.9570312, 30.591, 0.2363281, 1.1765769, 0.0253452, 30.591, -0.4331055, 30.591, -0.8618164, 30.591, 0.0205078, , , , , , , , , , , , , , , , , , , , , , 
1.1770962, 0.0041962, 30.6045, -0.3457031, 30.6045, -0.8842773, 30.6045, 0.3129883, 1.1770962, -0.0246738, 30.6045, 0.5117188, 30.6045, -0.8295898, 30.6045, -0.269043, 1.1770962, -0.0008392, 30.6045, 0.0092773, 30.6045, -0.9648438, 30.6045, 0.2319336, 1.1770962, 0.0236667, 30.6045, -0.4555664, 30.6045, -0.8662109, 30.6045, 0.0332031, , , , , , , , , , , , , , , , , , , , , , 
1.1776154, 0.0050355, 30.618, -0.3144531, 30.618, -0.887207, 30.618, 0.3286133, 1.1776154, -0.0332341, 30.618, 0.5493164, 30.618, -0.8256836, 30.618, -0.2587891, 1.1776154, -0.005539, 30.618, -0.0234375, 30.618, -0.9736328, 30.618, 0.2431641, 1.1776154, 0.0203098, 30.618, -0.4990234, 30.618, -0.8574219, 30.618, 0.0395508, , , , , , , , , , , , , , , , , , , , , , 
1.1781346, 0.0075532, 30.6315, -0.3149414, 30.6315, -0.894043, 30.6315, 0.3212891, 1.1781346, -0.0407874, 30.6315, 0.5644531, 30.6315, -0.8051758, 30.6315, -0.2402344, 1.1781346, -0.0062104, 30.6315, -0.0273438, 30.6315, -0.9609375, 30.6315, 0.2641602, 1.1781346, 0.0172885, 30.6315, -0.5166016, 30.6315, -0.8466797, 30.6315, 0.0366211, , , , , , , , , , , , , , , , , , , , , , 
1.1786538, 0.0132601, 30.645, -0.3203125, 30.645, -0.8886719, 30.645, 0.2866211, 1.1786538, -0.0428016, 30.645, 0.5229492, 30.645, -0.8027344, 30.645, -0.2314453, 1.1786538, -0.0048676, 30.645, -0.0073242, 30.645, -0.9414062, 30.645, 0.2680664, 1.1786538, 0.0146029, 30.645, -0.5258789, 30.645, -0.8325195, 30.645, 0.0307617, , , , , , , , , , , , , , , , , , , , , , 
1.1791731, 0.0176242, 30.6585, -0.3618164, 30.6585, -0.8681641, 30.6585, 0.2392578, 1.1791731, -0.0377661, 30.6585, 0.4316406, 30.6585, -0.7993164, 30.6585, -0.2539062, 1.1791731, -0.0035248, 30.6585, 0.0244141, 30.6585, -0.9228516, 30.6585, 0.246582, 1.1791731, 0.0125887, 30.6585, -0.484375, 30.6585, -0.8295898, 30.6585, 0.0244141, , , , , , , , , , , , , , , , , , , , , , 
1.1796923, 0.0184634, 30.672, -0.3242188, 30.672, -0.8891602, 30.672, 0.2104492, 1.1796923, -0.0303807, 30.672, 0.3554688, 30.672, -0.8520508, 30.672, -0.300293, 1.1796923, -0.0045319, 30.672, 0.027832, 30.672, -0.9345703, 30.672, 0.2280273, 1.1796923, 0.0099031, 30.672, -0.4521484, 30.672, -0.84375, 30.672, 0.0234375, , , , , , , , , , , , , , , , , , , , , , 
1.1802115, 0.0216526, 30.6855, -0.3110352, 30.6855, -0.9960938, 30.6855, 0.3076172, 1.1802115, -0.0253452, 30.6855, 0.4370117, 30.6855, -0.9077148, 30.6855, -0.2495117, 1.1802115, -0.0062104, 30.6855, 0.0219727, 30.6855, -0.9594727, 30.6855, 0.1806641, 1.1802115, 0.008896, 30.6855, -0.4360352, 30.6855, -0.8808594, 30.6855, 0.0527344, , , , , , , , , , , , , , , , , , , , , , 
1.1807308, 0.0243381, 30.699, -0.2475586, 30.699, -0.9609375, 30.699, 0.2441406, 1.1807308, -0.0229953, 30.699, 0.5375977, 30.699, -0.8950195, 30.699, -0.2729492, 1.1807308, -0.0048676, 30.699, 0.0556641, 30.699, -0.9926758, 30.699, 0.175293, 1.1807308, 0.0085603, 30.699, -0.402832, 30.699, -0.9248047, 30.699, 0.0664062, , , , , , , , , , , , , , , , , , , , , , 
1.18125, 0.0243381, 30.7125, -0.2202148, 30.7125, -0.9833984, 30.7125, 0.2700195, 1.18125, -0.0213169, 30.7125, 0.5546875, 30.7125, -0.9052734, 30.7125, -0.2822266, 1.18125, -0.0045319, 30.7125, 0.1035156, 30.7125, -1.0102539, 30.7125, 0.2167969, 1.18125, 0.0102388, 30.7125, -0.3916016, 30.7125, -0.9360352, 30.7125, 0.0722656, , , , , , , , , , , , , , , , , , , , , , 
1.1817692, 0.0229953, 30.726, -0.2685547, 30.726, -0.9702148, 30.726, 0.2578125, 1.1817692, -0.0169528, 30.726, 0.4443359, 30.726, -0.9042969, 30.726, -0.2851562, 1.1817692, -0.0090639, 30.726, 0.1264648, 30.726, -1.0009766, 30.726, 0.2666016, 1.1817692, 0.0105745, 30.726, -0.4370117, 30.726, -0.9384766, 30.726, 0.0917969, , , , , , , , , , , , , , , , , , , , , , 
1.1822885, 0.024506, 30.7395, -0.3330078, 30.7395, -0.940918, 30.7395, 0.190918, 1.1822885, -0.0125887, 30.7395, 0.3447266, 30.7395, -0.9306641, 30.7395, -0.2636719, 1.1822885, -0.0109102, 30.7395, 0.1240234, 30.7395, -0.9799805, 30.7395, 0.2724609, 1.1822885, 0.0068818, 30.7395, -0.4838867, 30.7395, -0.9111328, 30.7395, 0.0854492, , , , , , , , , , , , , , , , , , , , , , 
1.1828077, 0.023331, 30.753, -0.3378906, 30.753, -0.949707, 30.753, 0.2104492, 1.1828077, -0.0092317, 30.753, 0.3476562, 30.753, -0.9018555, 30.753, -0.2744141, 1.1828077, -0.0102388, 30.753, 0.0952148, 30.753, -0.9570312, 30.753, 0.2514648, 1.1828077, 0.0068818, 30.753, -0.5092773, 30.753, -0.8857422, 30.753, 0.0673828, , , , , , , , , , , , , , , , , , , , , , 
1.1833269, 0.0198062, 30.7665, -0.3051758, 30.7665, -0.9521484, 30.7665, 0.2216797, 1.1833269, -0.0068818, 30.7665, 0.4052734, 30.7665, -0.8994141, 30.7665, -0.265625, 1.1833269, -0.0095674, 30.7665, 0.0292969, 30.7665, -0.972168, 30.7665, 0.2280273, 1.1833269, 0.0112459, 30.7665, -0.5180664, 30.7665, -0.8901367, 30.7665, 0.0634766, , , , , , , , , , , , , , , , , , , , , , 
1.1838462, 0.0152743, 30.78, -0.2475586, 30.78, -0.9599609, 30.78, 0.2348633, 1.1838462, -0.0062104, 30.78, 0.4594727, 30.78, -0.8911133, 30.78, -0.2724609, 1.1838462, -0.0090639, 30.78, -0.0161133, 30.78, -0.9921875, 30.78, 0.2128906, 1.1838462, 0.0139315, 30.78, -0.5146484, 30.78, -0.8945312, 30.78, 0.0639648, , , , , , , , , , , , , , , , , , , , , , 
1.1843654, 0.0085603, 30.7935, -0.2255859, 30.7935, -0.9663086, 30.7935, 0.2607422, 1.1843654, -0.0072175, 30.7935, 0.484375, 30.7935, -0.8974609, 30.7935, -0.2612305, 1.1843654, -0.0097353, 30.7935, -0.015625, 30.7935, -0.9951172, 30.7935, 0.2172852, 1.1843654, 0.0129244, 30.7935, -0.4995117, 30.7935, -0.902832, 30.7935, 0.0668945, , , , , , , , , , , , , , , , , , , , , , 
1.1848846, 0.0018463, 30.807, -0.2641602, 30.807, -0.934082, 30.807, 0.2666016, 1.1848846, -0.005539, 30.807, 0.4824219, 30.807, -0.878418, 30.807, -0.2666016, 1.1848846, -0.0102388, 30.807, 0.0302734, 30.807, -0.9775391, 30.807, 0.2363281, 1.1848846, 0.0057069, 30.807, -0.4760742, 30.807, -0.8945312, 30.807, 0.050293, , , , , , , , , , , , , , , , , , , , , , 
1.1854038, -0.002182, 30.8205, -0.2880859, 30.8205, -0.9233398, 30.8205, 0.2695312, 1.1854038, 0.0011749, 30.8205, 0.4584961, 30.8205, -0.862793, 30.8205, -0.296875, 1.1854038, -0.0124208, 30.8205, 0.0668945, 30.8205, -0.9765625, 30.8205, 0.2763672, 1.1854038, -0.0075532, 30.8205, -0.4790039, 30.8205, -0.8862305, 30.8205, 0.0317383, , , , , , , , , , , , , , , , , , , , , , 
1.1859231, -0.0016785, 30.834, -0.2807617, 30.834, -0.9291992, 30.834, 0.2749023, 1.1859231, 0.0119173, 30.834, 0.4541016, 30.834, -0.8618164, 30.834, -0.2949219, 1.1859231, -0.0193027, 30.834, 0.046875, 30.834, -0.9814453, 30.834, 0.2910156, 1.1859231, -0.0176242, 30.834, -0.4941406, 30.834, -0.8901367, 30.834, 0.0322266, , , , , , , , , , , , , , , , , , , , , , 
1.1864423, -0.0001678, 30.8475, -0.2963867, 30.8475, -0.9228516, 30.8475, 0.2836914, 1.1864423, 0.0172885, 30.8475, 0.4472656, 30.8475, -0.8535156, 30.8475, -0.2900391, 1.1864423, -0.0236667, 30.8475, 0.0380859, 30.8475, -0.9726562, 30.8475, 0.2763672, 1.1864423, -0.0223239, 30.8475, -0.4863281, 30.8475, -0.8867188, 30.8475, 0.0327148, , , , , , , , , , , , , , , , , , , , , , 
1.1869615, 0.0018463, 30.861, -0.3168945, 30.861, -0.9189453, 30.861, 0.284668, 1.1869615, 0.0129244, 30.861, 0.4692383, 30.861, -0.859375, 30.861, -0.2871094, 1.1869615, -0.0229953, 30.861, 0.0361328, 30.861, -0.9741211, 30.861, 0.2675781, 1.1869615, -0.026688, 30.861, -0.4692383, 30.861, -0.8774414, 30.861, 0.0239258, , , , , , , , , , , , , , , , , , , , , , 
1.1874808, 0.0048676, 30.8745, -0.3349609, 30.8745, -0.9130859, 30.8745, 0.2827148, 1.1874808, 0.0058747, 30.8745, 0.4804688, 30.8745, -0.8535156, 30.8745, -0.2807617, 1.1874808, -0.0224918, 30.8745, 0.0336914, 30.8745, -0.9765625, 30.8745, 0.2607422, 1.1874808, -0.030045, 30.8745, -0.4707031, 30.8745, -0.8808594, 30.8745, 0.0390625, , , , , , , , , , , , , , , , , , , , , , 
1.188, 0.0092317, 30.888, -0.3378906, 30.888, -0.918457, 30.888, 0.2890625, 1.188, -0.0005035, 30.888, 0.465332, 30.888, -0.8540039, 30.888, -0.2744141, 1.188, -0.0226596, 30.888, 0.0375977, 30.888, -0.9702148, 30.888, 0.2573242, 1.188, -0.0283665, 30.888, -0.4907227, 30.888, -0.8789062, 30.888, 0.050293, , , , , , , , , , , , , , , , , , , , , , 
1.1885192, 0.0199741, 30.9015, -0.3149414, 30.9015, -0.9248047, 30.9015, 0.2905273, 1.1885192, -0.0050355, 30.9015, 0.4580078, 30.9015, -0.8554688, 30.9015, -0.2939453, 1.1885192, -0.0229953, 30.9015, 0.0302734, 30.9015, -0.9667969, 30.9015, 0.2563477, 1.1885192, -0.0223239, 30.9015, -0.5131836, 30.9015, -0.8725586, 30.9015, 0.0566406, , , , , , , , , , , , , , , , , , , , , , 
1.1890385, 0.0251774, 30.915, -0.2714844, 30.915, -0.9262695, 30.915, 0.265625, 1.1890385, -0.0057069, 30.915, 0.4667969, 30.915, -0.8662109, 30.915, -0.2827148, 1.1890385, -0.0238346, 30.915, 0.0229492, 30.915, -0.9692383, 30.915, 0.2539062, 1.1890385, -0.0151064, 30.915, -0.5209961, 30.915, -0.8813477, 30.915, 0.0722656, , , , , , , , , , , , , , , , , , , , , , 
1.1895577, 0.0199741, 30.9285, -0.3100586, 30.9285, -0.9291992, 30.9285, 0.2607422, 1.1895577, -0.0016785, 30.9285, 0.4487305, 30.9285, -0.8696289, 30.9285, -0.2744141, 1.1895577, -0.0216526, 30.9285, 0.0390625, 30.9285, -0.9682617, 30.9285, 0.2485352, 1.1895577, -0.0072175, 30.9285, -0.5166016, 30.9285, -0.8852539, 30.9285, 0.0805664, , , , , , , , , , , , , , , , , , , , , , 
1.1900769, 0.0172885, 30.942, -0.331543, 30.942, -0.9262695, 30.942, 0.2524414, 1.1900769, 0.0045319, 30.942, 0.4248047, 30.942, -0.8833008, 30.942, -0.2758789, 1.1900769, -0.0179599, 30.942, 0.0532227, 30.942, -0.9716797, 30.942, 0.2436523, 1.1900769, -0.0001678, 30.942, -0.5024414, 30.942, -0.8876953, 30.942, 0.0717773, , , , , , , , , , , , , , , , , , , , , , 
1.1905962, 0.0199741, 30.9555, -0.3476562, 30.9555, -0.934082, 30.9555, 0.2543945, 1.1905962, 0.0095674, 30.9555, 0.4277344, 30.9555, -0.8862305, 30.9555, -0.2788086, 1.1905962, -0.0162814, 30.9555, 0.0195312, 30.9555, -0.9829102, 30.9555, 0.2397461, 1.1905962, 0.0082246, 30.9555, -0.5083008, 30.9555, -0.8964844, 30.9555, 0.0683594, , , , , , , , , , , , , , , , , , , , , , 
1.1911154, 0.0206455, 30.969, -0.3056641, 30.969, -0.9404297, 30.969, 0.2568359, 1.1911154, 0.0112459, 30.969, 0.4541016, 30.969, -0.8808594, 30.969, -0.2729492, 1.1911154, -0.0146029, 30.969, 0.0039062, 30.969, -0.980957, 30.969, 0.2348633, 1.1911154, 0.0198062, 30.969, -0.5039062, 30.969, -0.8955078, 30.969, 0.0698242, , , , , , , , , , , , , , , , , , , , , , 
1.1916346, 0.01561, 30.9825, -0.2617188, 30.9825, -0.9355469, 30.9825, 0.25, 1.1916346, 0.0038605, 30.9825, 0.4609375, 30.9825, -0.8754883, 30.9825, -0.265625, 1.1916346, -0.0109102, 30.9825, 0.0385742, 30.9825, -0.9677734, 30.9825, 0.2333984, 1.1916346, 0.033402, 30.9825, -0.4794922, 30.9825, -0.8862305, 30.9825, 0.0605469, , , , , , , , , , , , , , , , , , , , , , 
1.1921538, 0.0099031, 30.996, -0.2548828, 30.996, -0.9301758, 30.996, 0.2392578, 1.1921538, -0.008896, 30.996, 0.434082, 30.996, -0.875, 30.996, -0.2675781, 1.1921538, -0.0092317, 30.996, 0.0581055, 30.996, -0.9594727, 30.996, 0.2319336, 1.1921538, 0.043473, 30.996, -0.4511719, 30.996, -0.8798828, 30.996, 0.0449219, , , , , , , , , , , , , , , , , , , , , , 
1.1926731, 0.0057069, 31.0095, -0.2714844, 31.0095, -0.9277344, 31.0095, 0.2402344, 1.1926731, -0.0142672, 31.0095, 0.4238281, 31.0095, -0.8808594, 31.0095, -0.2680664, 1.1926731, -0.0099031, 31.0095, 0.0742188, 31.0095, -0.9609375, 31.0095, 0.2319336, 1.1926731, 0.052369, 31.0095, -0.4375, 31.0095, -0.8867188, 31.0095, 0.0439453, , , , , , , , , , , , , , , , , , , , , , 
1.1931923, 0.0016785, 31.023, -0.3188477, 31.023, -0.9316406, 31.023, 0.2509766, 1.1931923, -0.01561, 31.023, 0.4404297, 31.023, -0.8730469, 31.023, -0.2563477, 1.1931923, -0.0095674, 31.023, 0.0605469, 31.023, -0.9790039, 31.023, 0.2426758, 1.1931923, 0.0602579, 31.023, -0.4482422, 31.023, -0.8984375, 31.023, 0.0390625, , , , , , , , , , , , , , , , , , , , , , 
1.1937115, 0.0028534, 31.0365, -0.340332, 31.0365, -0.9370117, 31.0365, 0.2592773, 1.1937115, -0.0199741, 31.0365, 0.4682617, 31.0365, -0.8764648, 31.0365, -0.2626953, 1.1937115, -0.0082246, 31.0365, 0.0253906, 31.0365, -0.9921875, 31.0365, 0.2519531, 1.1937115, 0.0659648, 31.0365, -0.4638672, 31.0365, -0.894043, 31.0365, 0.0341797, , , , , , , , , , , , , , , , , , , , , , 
1.1942308, 0.0072175, 31.05, -0.3105469, 31.05, -0.9335938, 31.05, 0.2666016, 1.1942308, -0.0276951, 31.05, 0.5004883, 31.05, -0.8691406, 31.05, -0.2470703, 1.1942308, -0.005539, 31.05, 0.0083008, 31.05, -0.9780273, 31.05, 0.2436523, 1.1942308, 0.0694896, 31.05, -0.4716797, 31.05, -0.8818359, 31.05, 0.0415039, , , , , , , , , , , , , , , , , , , , , , 
1.19475, 0.0052033, 31.0635, -0.277832, 31.0635, -0.9228516, 31.0635, 0.2651367, 1.19475, -0.0310521, 31.0635, 0.5146484, 31.0635, -0.8569336, 31.0635, -0.2456055, 1.19475, -0.0028534, 31.0635, 0.0390625, 31.0635, -0.9604492, 31.0635, 0.2373047, 1.19475, 0.0693217, 31.0635, -0.4628906, 31.0635, -0.8740234, 31.0635, 0.0478516, , , , , , , , , , , , , , , , , , , , , , 
1.1952692, 0.0031891, 31.077, -0.2832031, 31.077, -0.9287109, 31.077, 0.265625, 1.1952692, -0.0276951, 31.077, 0.5019531, 31.077, -0.8569336, 31.077, -0.2529297, 1.1952692, -0.0015106, 31.077, 0.0581055, 31.077, -0.9697266, 31.077, 0.2363281, 1.1952692, 0.0642863, 31.077, -0.4604492, 31.077, -0.8764648, 31.077, 0.0488281, , , , , , , , , , , , , , , , , , , , , , 
1.1957885, 0.0050355, 31.0905, -0.3056641, 31.0905, -0.9213867, 31.0905, 0.2602539, 1.1957885, -0.0216526, 31.0905, 0.4663086, 31.0905, -0.8637695, 31.0905, -0.2685547, 1.1957885, 0.0011749, 31.0905, 0.0483398, 31.0905, -0.9760742, 31.0905, 0.25, 1.1957885, 0.0498512, 31.0905, -0.4584961, 31.0905, -0.8833008, 31.0905, 0.0498047, , , , , , , , , , , , , , , , , , , , , , 
1.1963077, 0.0041962, 31.104, -0.3168945, 31.104, -0.9213867, 31.104, 0.2626953, 1.1963077, -0.0159457, 31.104, 0.4223633, 31.104, -0.8632812, 31.104, -0.2978516, 1.1963077, 0.002182, 31.104, 0.0473633, 31.104, -0.9790039, 31.104, 0.2568359, 1.1963077, 0.0365911, 31.104, -0.4658203, 31.104, -0.8852539, 31.104, 0.0507812, , , , , , , , , , , , , , , , , , , , , , 
1.1968269, 0.0072175, 31.1175, -0.3183594, 31.1175, -0.9326172, 31.1175, 0.2670898, 1.1968269, -0.0132601, 31.1175, 0.4121094, 31.1175, -0.8701172, 31.1175, -0.3022461, 1.1968269, 0.0015106, 31.1175, 0.046875, 31.1175, -0.9794922, 31.1175, 0.2578125, 1.1968269, 0.0303807, 31.1175, -0.4941406, 31.1175, -0.8920898, 31.1175, 0.0600586, , , , , , , , , , , , , , , , , , , , , , 
1.1973462, 0.0132601, 31.131, -0.3085938, 31.131, -0.9331055, 31.131, 0.2661133, 1.1973462, -0.0142672, 31.131, 0.4414062, 31.131, -0.8691406, 31.131, -0.2856445, 1.1973462, 0.0011749, 31.131, 0.0419922, 31.131, -0.9755859, 31.131, 0.2573242, 1.1973462, 0.0258488, 31.131, -0.5112305, 31.131, -0.890625, 31.131, 0.0810547, , , , , , , , , , , , , , , , , , , , , , 
1.1978654, 0.0172885, 31.1445, -0.3037109, 31.1445, -0.9287109, 31.1445, 0.2666016, 1.1978654, -0.0135958, 31.1445, 0.4584961, 31.1445, -0.8652344, 31.1445, -0.2792969, 1.1978654, 0.0018463, 31.1445, 0.0478516, 31.1445, -0.965332, 31.1445, 0.2460938, 1.1978654, 0.0172885, 31.1445, -0.5043945, 31.1445, -0.8759766, 31.1445, 0.0878906, , , , , , , , , , , , , , , , , , , , , , 
1.1983846, 0.0186313, 31.158, -0.28125, 31.158, -0.9316406, 31.158, 0.277832, 1.1983846, -0.0102388, 31.158, 0.4589844, 31.158, -0.8720703, 31.158, -0.2895508, 1.1983846, 0.0035248, 31.158, 0.0605469, 31.158, -0.9633789, 31.158, 0.237793, 1.1983846, 0.0102388, 31.158, -0.4941406, 31.158, -0.8735352, 31.158, 0.090332, , , , , , , , , , , , , , , , , , , , , , 
1.1989038, 0.0199741, 31.1715, -0.2919922, 31.1715, -0.9321289, 31.1715, 0.2700195, 1.1989038, -0.0075532, 31.1715, 0.4516602, 31.1715, -0.8701172, 31.1715, -0.2875977, 1.1989038, 0.0048676, 31.1715, 0.0693359, 31.1715, -0.9731445, 31.1715, 0.2495117, 1.1989038, 0.0060426, 31.1715, -0.4907227, 31.1715, -0.8881836, 31.1715, 0.0805664, , , , , , , , , , , , , , , , , , , , , , 
1.1994231, 0.0209812, 31.185, -0.3242188, 31.185, -0.9389648, 31.185, 0.2714844, 1.1994231, -0.0065461, 31.185, 0.4433594, 31.185, -0.8842773, 31.185, -0.2880859, 1.1994231, 0.0052033, 31.185, 0.0522461, 31.185, -0.987793, 31.185, 0.2636719, 1.1994231, 0.0041962, 31.185, -0.5048828, 31.185, -0.8979492, 31.185, 0.0737305, , , , , , , , , , , , , , , , , , , , , , 
1.1999423, 0.0213169, 31.1985, -0.331543, 31.1985, -0.9384766, 31.1985, 0.2666016, 1.1999423, -0.0075532, 31.1985, 0.4604492, 31.1985, -0.878418, 31.1985, -0.2822266, 1.1999423, 0.0035248, 31.1985, 0.0297852, 31.1985, -0.9882812, 31.1985, 0.2602539, 1.1999423, 0.0031891, 31.1985, -0.5097656, 31.1985, -0.8935547, 31.1985, 0.074707, , , , , , , , , , , , , , , , , , , , , , 
1.2004615, 0.023331, 31.212, -0.300293, 31.212, -0.9345703, 31.212, 0.2709961, 1.2004615, -0.008896, 31.212, 0.4692383, 31.212, -0.8720703, 31.212, -0.2783203, 1.2004615, 0.0008392, 31.212, 0.0371094, 31.212, -0.980957, 31.212, 0.2539062, 1.2004615, 0.0025177, 31.212, -0.5019531, 31.212, -0.8828125, 31.212, 0.0820312, , , , , , , , , , , , , , , , , , , , , , 
1.2009808, 0.023331, 31.2255, -0.277832, 31.2255, -0.9257812, 31.2255, 0.2880859, 1.2009808, -0.0082246, 31.2255, 0.484375, 31.2255, -0.859375, 31.2255, -0.2822266, 1.2009808, -0.0001678, 31.2255, 0.0595703, 31.2255, -0.9682617, 31.2255, 0.2436523, 1.2009808, 0.0011749, 31.2255, -0.4863281, 31.2255, -0.878418, 31.2255, 0.0834961, , , , , , , , , , , , , , , , , , , , , , 
1.2015, 0.0253452, 31.239, -0.2773438, 31.239, -0.9272461, 31.239, 0.2783203, 1.2015, -0.0072175, 31.239, 0.4799805, 31.239, -0.8583984, 31.239, -0.2792969, 1.2015, 0.0001678, 31.239, 0.065918, 31.239, -0.9638672, 31.239, 0.246582, 1.2015, 0.0001678, 31.239, -0.4794922, 31.239, -0.875, 31.239, 0.0786133, , , , , , , , , , , , , , , , , , , , , , 
1.2020192, 0.027863, 31.2525, -0.2822266, 31.2525, -0.9282227, 31.2525, 0.2695312, 1.2020192, -0.0085603, 31.2525, 0.4658203, 31.2525, -0.8623047, 31.2525, -0.2910156, 1.2020192, -0.0008392, 31.2525, 0.0615234, 31.2525, -0.9648438, 31.2525, 0.2470703, 1.2020192, 0.0005035, 31.2525, -0.4697266, 31.2525, -0.8754883, 31.2525, 0.0717773, , , , , , , , , , , , , , , , , , , , , , 
1.2025385, 0.026688, 31.266, -0.2924805, 31.266, -0.9296875, 31.266, 0.2685547, 1.2025385, -0.0075532, 31.266, 0.4487305, 31.266, -0.8632812, 31.266, -0.2797852, 1.2025385, -0.0035248, 31.266, 0.0546875, 31.266, -0.972168, 31.266, 0.246582, 1.2025385, -0.0001678, 31.266, -0.46875, 31.266, -0.8862305, 31.266, 0.0698242, , , , , , , , , , , , , , , , , , , , , , 
1.2030577, 0.0246738, 31.2795, -0.3183594, 31.2795, -0.9301758, 31.2795, 0.2583008, 1.2030577, -0.0043641, 31.2795, 0.4482422, 31.2795, -0.862793, 31.2795, -0.2807617, 1.2030577, -0.0045319, 31.2795, 0.0595703, 31.2795, -0.9765625, 31.2795, 0.2475586, 1.2030577, -0.0005035, 31.2795, -0.46875, 31.2795, -0.8920898, 31.2795, 0.0751953, , , , , , , , , , , , , , , , , , , , , , 
1.2035769, 0.0203098, 31.293, -0.3227539, 31.293, -0.9453125, 31.293, 0.2617188, 1.2035769, -0.0028534, 31.293, 0.4511719, 31.293, -0.8847656, 31.293, -0.2685547, 1.2035769, -0.005539, 31.293, 0.0517578, 31.293, -0.9770508, 31.293, 0.2338867, 1.2035769, 0.0010071, 31.293, -0.4833984, 31.293, -0.894043, 31.293, 0.0893555, , , , , , , , , , , , , , , , , , , , , , 
1.2040962, 0.0117494, 31.3065, -0.3120117, 31.3065, -0.9604492, 31.3065, 0.2597656, 1.2040962, -0.0028534, 31.3065, 0.496582, 31.3065, -0.9042969, 31.3065, -0.2612305, 1.2040962, -0.0077211, 31.3065, 0.0336914, 31.3065, -0.9863281, 31.3065, 0.2045898, 1.2040962, 0.0043641, 31.3065, -0.484375, 31.3065, -0.9018555, 31.3065, 0.1083984, , , , , , , , , , , , , , , , , , , , , , 
1.2046154, 0.0105745, 31.32, -0.2832031, 31.32, -0.9584961, 31.32, 0.2680664, 1.2046154, -0.0023499, 31.32, 0.5234375, 31.32, -0.8745117, 31.32, -0.2675781, 1.2046154, -0.0117494, 31.32, 0.0595703, 31.32, -0.984375, 31.32, 0.2075195, 1.2046154, 0.0031891, 31.32, -0.4570312, 31.32, -0.8920898, 31.32, 0.1020508, , , , , , , , , , , , , , , , , , , , , , 
1.2051346, 0.0186313, 31.3335, -0.2407227, 31.3335, -0.9428711, 31.3335, 0.2802734, 1.2051346, -0.0023499, 31.3335, 0.5, 31.3335, -0.8598633, 31.3335, -0.2998047, 1.2051346, -0.0184634, 31.3335, 0.0932617, 31.3335, -0.972168, 31.3335, 0.2260742, 1.2051346, -0.0048676, 31.3335, -0.4404297, 31.3335, -0.8852539, 31.3335, 0.0927734, , , , , , , , , , , , , , , , , , , , , , 
1.2056538, 0.0270237, 31.347, -0.2324219, 31.347, -0.9370117, 31.347, 0.2895508, 1.2056538, -0.0035248, 31.347, 0.4243164, 31.347, -0.862793, 31.347, -0.3071289, 1.2056538, -0.0310521, 31.347, 0.0976562, 31.347, -0.9638672, 31.347, 0.2397461, 1.2056538, -0.0196384, 31.347, -0.4448242, 31.347, -0.8842773, 31.347, 0.078125, , , , , , , , , , , , , , , , , , , , , , 
1.2061731, 0.0283665, 31.3605, -0.2817383, 31.3605, -0.9086914, 31.3605, 0.2763672, 1.2061731, -0.0036927, 31.3605, 0.4003906, 31.3605, -0.8623047, 31.3605, -0.3051758, 1.2061731, -0.0414588, 31.3605, 0.0820312, 31.3605, -0.9624023, 31.3605, 0.2539062, 1.2061731, -0.0318914, 31.3605, -0.4536133, 31.3605, -0.8745117, 31.3605, 0.0668945, , , , , , , , , , , , , , , , , , , , , , 
1.2066923, 0.0240024, 31.374, -0.2998047, 31.374, -0.9135742, 31.374, 0.3217773, 1.2066923, -0.0045319, 31.374, 0.4423828, 31.374, -0.840332, 31.374, -0.2880859, 1.2066923, -0.0438087, 31.374, 0.0688477, 31.374, -0.9619141, 31.374, 0.2558594, 1.2066923, -0.0391089, 31.374, -0.4570312, 31.374, -0.8598633, 31.374, 0.0649414, , , , , , , , , , , , , , , , , , , , , , 
1.2072115, 0.0216526, 31.3875, -0.2270508, 31.3875, -0.8891602, 31.3875, 0.3222656, 1.2072115, -0.005539, 31.3875, 0.4936523, 31.3875, -0.8154297, 31.3875, -0.2963867, 1.2072115, -0.0384375, 31.3875, 0.050293, 31.3875, -0.9462891, 31.3875, 0.2612305, 1.2072115, -0.0414588, 31.3875, -0.4584961, 31.3875, -0.8486328, 31.3875, 0.0639648, , , , , , , , , , , , , , , , , , , , , , 
1.2077308, 0.0253452, 31.401, -0.1674805, 31.401, -0.8662109, 31.401, 0.3115234, 1.2077308, -0.0062104, 31.401, 0.4970703, 31.401, -0.8022461, 31.401, -0.3037109, 1.2077308, -0.0287022, 31.401, 0.0668945, 31.401, -0.9296875, 31.401, 0.265625, 1.2077308, -0.0414588, 31.401, -0.4633789, 31.401, -0.8295898, 31.401, 0.0654297, , , , , , , , , , , , , , , , , , , , , , 
1.20825, 0.030045, 31.4145, -0.203125, 31.4145, -0.8710938, 31.4145, 0.2954102, 1.20825, -0.0048676, 31.4145, 0.4912109, 31.4145, -0.8227539, 31.4145, -0.296875, 1.20825, -0.01561, 31.4145, 0.0893555, 31.4145, -0.934082, 31.4145, 0.2773438, 1.20825, -0.0397803, 31.4145, -0.4765625, 31.4145, -0.8300781, 31.4145, 0.0654297, , , , , , , , , , , , , , , , , , , , , , 
1.2087692, 0.0320592, , , , , , , 1.2087692, -0.0028534, , , , , , , 1.2087692, -0.0038605, , , , , , , 1.2087692, -0.0354162, , , , , , , , , , , , , , , , , , , , , , , , , , , , 
1.2092885, 0.0347448, , , , , , , 1.2092885, -0.0028534, , , , , , , 1.2092885, 0.0018463, , , , , , , 1.2092885, -0.0263523, , , , , , , , , , , , , , , , , , , , , , , , , , , , 
1.2098077, 0.0263523, , , , , , , 1.2098077, -0.0035248, , , , , , , 1.2098077, 0.0065461, , , , , , , 1.2098077, -0.0162814, , , , , , , , , , , , , , , , , , , , , , , , , , , , 
1.2103269, 0.0146029, , , , , , , 1.2103269, -0.0048676, , , , , , , 1.2103269, 0.0112459, , , , , , , 1.2103269, -0.0068818, , , , , , , , , , , , , , , , , , , , , , , , , , , , 
1.2108462, 0.0072175, , , , , , , 1.2108462, -0.0043641, , , , , , , 1.2108462, 0.0129244, , , , , , , 1.2108462, 0.0025177, , , , , , , , , , , , , , , , , , , , , , , , , , , , 
1.2113654, -0.0005035, , , , , , , 1.2113654, -0.0028534, , , , , , , 1.2113654, 0.0095674, , , , , , , 1.2113654, 0.01561, , , , , , , , , , , , , , , , , , , , , , , , , , , , 
1.2118846, -0.0072175, , , , , , , 1.2118846, -0.0035248, , , , , , , 1.2118846, 0.0070497, , , , , , , 1.2118846, 0.0280308, , , , , , , , , , , , , , , , , , , , , , , , , , , , 
1.2124038, -0.0092317, , , , , , , 1.2124038, -0.0048676, , , , , , , 1.2124038, 0.0058747, , , , , , , 1.2124038, 0.0397803, , , , , , , , , , , , , , , , , , , , , , , , , , , , 
1.2129231, -0.0095674, , , , , , , 1.2129231, -0.0072175, , , , , , , 1.2129231, 0.0045319, , , , , , , 1.2129231, 0.0535439, , , , , , , , , , , , , , , , , , , , , , , , , , , , 
1.2134423, -0.0082246, , , , , , , 1.2134423, -0.0102388, , , , , , , 1.2134423, 0.0031891, , , , , , , 1.2134423, 0.0669718, , , , , , , , , , , , , , , , , , , , , , , , , , , , 
1.2139615, -0.0036927, , , , , , , 1.2139615, -0.0119173, , , , , , , 1.2139615, 0.0031891, , , , , , , 1.2139615, 0.0758679, , , , , , , , , , , , , , , , , , , , , , , , , , , , 
1.2144808, 0.0003357, , , , , , , 1.2144808, -0.0099031, , , , , , , 1.2144808, 0.0035248, , , , , , , 1.2144808, 0.0793927, , , , , , , , , , , , , , , , , , , , , , , , , , , , 
1.215, 0.0048676, , , , , , , 1.215, -0.0072175, , , , , , , 1.215, 0.0028534, , , , , , , 1.215, 0.0743572, , , , , , , , , , , , , , , , , , , , , , , , , , , , 
1.2155192, 0.0092317, , , , , , , 1.2155192, -0.0068818, , , , , , , 1.2155192, -0.0005035, , , , , , , 1.2155192, 0.0614328, , , , , , , , , , , , , , , , , , , , , , , , , , , , 
1.2160385, 0.01561, , , , , , , 1.2160385, -0.0070497, , , , , , , 1.2160385, -0.0048676, , , , , , , 1.2160385, 0.0453193, , , , , , , , , , , , , , , , , , , , , , , , , , , , 
1.2165577, 0.0236667, , , , , , , 1.2165577, -0.0063783, , , , , , , 1.2165577, -0.0062104, , , , , , , 1.2165577, 0.0305486, , , , , , , , , , , , , , , , , , , , , , , , , , , , 
1.2170769, 0.0292058, , , , , , , 1.2170769, -0.0057069, , , , , , , 1.2170769, -0.0057069, , , , , , , 1.2170769, 0.0176242, , , , , , , , , , , , , , , , , , , , , , , , , , , , 
1.2175962, 0.0263523, , , , , , , 1.2175962, -0.0052033, , , , , , , 1.2175962, -0.0062104, , , , , , , 1.2175962, 0.0078889, , , , , , , , , , , , , , , , , , , , , , , , , , , , 
1.2181154, 0.0243381, , , , , , , 1.2181154, -0.0078889, , , , , , , 1.2181154, -0.0087282, , , , , , , 1.2181154, -0.0008392, , , , , , , , , , , , , , , , , , , , , , , , , , , , 
1.2186346, 0.0246738, , , , , , , 1.2186346, -0.0112459, , , , , , , 1.2186346, -0.0105745, , , , , , , 1.2186346, -0.0073854, , , , , , , , , , , , , , , , , , , , , , , , , , , , 
1.2191538, 0.0253452, , , , , , , 1.2191538, -0.0105745, , , , , , , 1.2191538, -0.0095674, , , , , , , 1.2191538, -0.0078889, , , , , , , , , , , , , , , , , , , , , , , , , , , , 
1.2196731, 0.0292058, , , , , , , 1.2196731, -0.0073854, , , , , , , 1.2196731, -0.0075532, , , , , , , 1.2196731, -0.0041962, , , , , , , , , , , , , , , , , , , , , , , , , , , , 
1.2201923, 0.0330663, , , , , , , 1.2201923, -0.0062104, , , , , , , 1.2201923, -0.0078889, , , , , , , 1.2201923, -0.0028534, , , , , , , , , , , , , , , , , , , , , , , , , , , , 
1.2207115, 0.0325628, , , , , , , 1.2207115, -0.0075532, , , , , , , 1.2207115, -0.0149386, , , , , , , 1.2207115, -0.0046998, , , , , , , , , , , , , , , , , , , , , , , , , , , , 
1.2212308, 0.026688, , , , , , , 1.2212308, -0.008896, , , , , , , 1.2212308, -0.0209812, , , , , , , 1.2212308, -0.0070497, , , , , , , , , , , , , , , , , , , , , , , , , , , , 
1.22175, 0.018967, , , , , , , 1.22175, -0.0073854, , , , , , , 1.22175, -0.0243381, , , , , , , 1.22175, -0.0058747, , , , , , , , , , , , , , , , , , , , , , , , , , , , 
1.2222692, 0.012253, , , , , , , 1.2222692, -0.0065461, , , , , , , 1.2222692, -0.0243381, , , , , , , 1.2222692, -0.0031891, , , , , , , , , , , , , , , , , , , , , , , , , , , , 
1.2227885, 0.0125887, , , , , , , 1.2227885, -0.0062104, , , , , , , 1.2227885, -0.0216526, , , , , , , 1.2227885, -0.0025177, , , , , , , , , , , , , , , , , , , , , , , , , , , , 
1.2233077, 0.0109102, , , , , , , 1.2233077, -0.0048676, , , , , , , 1.2233077, -0.0196384, , , , , , , 1.2233077, -0.0062104, , , , , , , , , , , , , , , , , , , , , , , , , , , , 
1.2238269, 0.0068818, , , , , , , 1.2238269, -0.0048676, , , , , , , 1.2238269, -0.0172885, , , , , , , 1.2238269, -0.012253, , , , , , , , , , , , , , , , , , , , , , , , , , , , 
1.2243462, 0.0077211, , , , , , , 1.2243462, -0.0062104, , , , , , , 1.2243462, -0.0115816, , , , , , , 1.2243462, -0.017792, , , , , , , , , , , , , , , , , , , , , , , , , , , , 
1.2248654, 0.0125887, , , , , , , 1.2248654, -0.008896, , , , , , , 1.2248654, -0.005539, , , , , , , 1.2248654, -0.0240024, , , , , , , , , , , , , , , , , , , , , , , , , , , , 
1.2253846, 0.0162814, , , , , , , 1.2253846, -0.008896, , , , , , , 1.2253846, 0.0005035, , , , , , , 1.2253846, -0.0352483, , , , , , , , , , , , , , , , , , , , , , , , , , , , 
1.2259038, 0.0203098, , , , , , , 1.2259038, -0.0075532, , , , , , , 1.2259038, 0.0028534, , , , , , , 1.2259038, -0.0468299, , , , , , , , , , , , , , , , , , , , , , , , , , , , 
1.2264231, 0.0236667, , , , , , , 1.2264231, -0.0078889, , , , , , , 1.2264231, 0.0038605, , , , , , , 1.2264231, -0.0520333, , , , , , , , , , , , , , , , , , , , , , , , , , , , 
1.2269423, 0.0260166, , , , , , , 1.2269423, -0.0083925, , , , , , , 1.2269423, 0.005539, , , , , , , 1.2269423, -0.0500191, , , , , , , , , , , , , , , , , , , , , , , , , , , , 
1.2274615, 0.0287022, , , , , , , 1.2274615, -0.0083925, , , , , , , 1.2274615, 0.0065461, , , , , , , 1.2274615, -0.0424659, , , , , , , , , , , , , , , , , , , , , , , , , , , , 
1.2279808, 0.0310521, , , , , , , 1.2279808, -0.0092317, , , , , , , 1.2279808, 0.0058747, , , , , , , 1.2279808, -0.0317235, , , , , , , , , , , , , , , , , , , , , , , , , , , , 
1.2285, 0.0273594, , , , , , , 1.2285, -0.0095674, , , , , , , 1.2285, 0.0052033, , , , , , , 1.2285, -0.0216526, , , , , , , , , , , , , , , , , , , , , , , , , , , , 
1.2290192, 0.0206455, , , , , , , 1.2290192, -0.0095674, , , , , , , 1.2290192, 0.0031891, , , , , , , 1.2290192, -0.0105745, , , , , , , , , , , , , , , , , , , , , , , , , , , , 
1.2295385, 0.0196384, , , , , , , 1.2295385, -0.0095674, , , , , , , 1.2295385, -0.0008392, , , , , , , 1.2295385, 0.0045319, , , , , , , , , , , , , , , , , , , , , , , , , , , , 
1.2300577, 0.0166171, , , , , , , 1.2300577, -0.0082246, , , , , , , 1.2300577, -0.005539, , , , , , , 1.2300577, 0.0198062, , , , , , , , , , , , , , , , , , , , , , , , , , , , 
1.2305769, 0.008896, , , , , , , 1.2305769, -0.0065461, , , , , , , 1.2305769, -0.0062104, , , , , , , 1.2305769, 0.0323949, , , , , , , , , , , , , , , , , , , , , , , , , , , , 
1.2310962, -0.0001678, , , , , , , 1.2310962, -0.0082246, , , , , , , 1.2310962, -0.0031891, , , , , , , 1.2310962, 0.0438087, , , , , , , , , , , , , , , , , , , , , , , , , , , , 
1.2316154, -0.0058747, , , , , , , 1.2316154, -0.0099031, , , , , , , 1.2316154, -0.002182, , , , , , , 1.2316154, 0.0555581, , , , , , , , , , , , , , , , , , , , , , , , , , , , 
1.2321346, -0.0031891, , , , , , , 1.2321346, -0.0095674, , , , , , , 1.2321346, -0.0045319, , , , , , , 1.2321346, 0.0681468, , , , , , , , , , , , , , , , , , , , , , , , , , , , 
1.2326538, 0.0011749, , , , , , , 1.2326538, -0.0090639, , , , , , , 1.2326538, -0.0068818, , , , , , , 1.2326538, 0.0782177, , , , , , , , , , , , , , , , , , , , , , , , , , , , 
1.2331731, 0.0025177, , , , , , , 1.2331731, -0.0099031, , , , , , , 1.2331731, -0.0065461, , , , , , , 1.2331731, 0.0842603, , , , , , , , , , , , , , , , , , , , , , , , , , , , 
1.2336923, 0.0031891, , , , , , , 1.2336923, -0.0104067, , , , , , , 1.2336923, -0.0078889, , , , , , , 1.2336923, 0.0861067, , , , , , , , , , , , , , , , , , , , , , , , , , , , 
1.2342115, 0.0031891, , , , , , , 1.2342115, -0.0109102, , , , , , , 1.2342115, -0.0085603, , , , , , , 1.2342115, 0.0850996, , , , , , , , , , , , , , , , , , , , , , , , , , , , 
1.2347308, 0.0072175, , , , , , , 1.2347308, -0.0095674, , , , , , , 1.2347308, -0.0097353, , , , , , , 1.2347308, 0.0798962, , , , , , , , , , , , , , , , , , , , , , , , , , , , 
1.23525, 0.0132601, , , , , , , 1.23525, -0.0068818, , , , , , , 1.23525, -0.0125887, , , , , , , 1.23525, 0.0693217, , , , , , , , , , , , , , , , , , , , , , , , , , , , 
1.2357692, 0.0176242, , , , , , , 1.2357692, -0.0077211, , , , , , , 1.2357692, -0.0149386, , , , , , , 1.2357692, 0.054551, , , , , , , , , , , , , , , , , , , , , , , , , , , , 
1.2362885, 0.0243381, , , , , , , 1.2362885, -0.0102388, , , , , , , 1.2362885, -0.0152743, , , , , , , 1.2362885, 0.0377661, , , , , , , , , , , , , , , , , , , , , , , , , , , , 
1.2368077, 0.0253452, , , , , , , 1.2368077, -0.0115816, , , , , , , 1.2368077, -0.014435, , , , , , , 1.2368077, 0.0276951, , , , , , , , , , , , , , , , , , , , , , , , , , , , 
1.2373269, 0.0219883, , , , , , , 1.2373269, -0.0092317, , , , , , , 1.2373269, -0.0149386, , , , , , , 1.2373269, 0.0250095, , , , , , , , , , , , , , , , , , , , , , , , , , , , 
1.2378462, 0.0256809, , , , , , , 1.2378462, -0.0052033, , , , , , , 1.2378462, -0.01561, , , , , , , 1.2378462, 0.0213169, , , , , , , , , , , , , , , , , , , , , , , , , , , , 
1.2383654, 0.033402, , , , , , , 1.2383654, -0.0035248, , , , , , , 1.2383654, -0.0135958, , , , , , , 1.2383654, 0.0198062, , , , , , , , , , , , , , , , , , , , , , , , , , , , 
1.2388846, 0.0360876, , , , , , , 1.2388846, -0.0028534, , , , , , , 1.2388846, -0.0112459, , , , , , , 1.2388846, 0.0199741, , , , , , , , , , , , , , , , , , , , , , , , , , , , 
1.2394038, 0.0310521, , , , , , , 1.2394038, -0.0035248, , , , , , , 1.2394038, -0.0132601, , , , , , , 1.2394038, 0.0193027, , , , , , , , , , , , , , , , , , , , , , , , , , , , 
1.2399231, 0.0256809, , , , , , , 1.2399231, -0.0038605, , , , , , , 1.2399231, -0.0159457, , , , , , , 1.2399231, 0.0159457, , , , , , , , , , , , , , , , , , , , , , , , , , , , 
1.2404423, 0.0236667, , , , , , , 1.2404423, -0.005539, , , , , , , 1.2404423, -0.018967, , , , , , , 1.2404423, 0.0119173, , , , , , , , , , , , , , , , , , , , , , , , , , , , 
1.2409615, 0.0229953, , , , , , , 1.2409615, -0.005539, , , , , , , 1.2409615, -0.0219883, , , , , , , 1.2409615, 0.0105745, , , , , , , , , , , , , , , , , , , , , , , , , , , , 
1.2414808, 0.0193027, , , , , , , 1.2414808, -0.0065461, , , , , , , 1.2414808, -0.0209812, , , , , , , 1.2414808, 0.0135958, , , , , , , , , , , , , , , , , , , , , , , , , , , , 
1.242, 0.0159457, , , , , , , 1.242, -0.0073854, , , , , , , 1.242, -0.0179599, , , , , , , 1.242, 0.017792, , , , , , , , , , , , , , , , , , , , , , , , , , , , 
1.2425192, 0.0176242, , , , , , , 1.2425192, -0.0068818, , , , , , , 1.2425192, -0.0149386, , , , , , , 1.2425192, 0.0159457, , , , , , , , , , , , , , , , , , , , , , , , , , , , 
1.2430385, 0.0236667, , , , , , , 1.2430385, -0.0062104, , , , , , , 1.2430385, -0.0112459, , , , , , , 1.2430385, 0.0112459, , , , , , , , , , , , , , , , , , , , , , , , , , , , 
1.2435577, 0.0253452, , , , , , , 1.2435577, -0.0058747, , , , , , , 1.2435577, -0.0078889, , , , , , , 1.2435577, 0.0087282, , , , , , , , , , , , , , , , , , , , , , , , , , , , 
1.2440769, 0.0196384, , , , , , , 1.2440769, -0.0082246, , , , , , , 1.2440769, -0.0082246, , , , , , , 1.2440769, 0.0090639, , , , , , , , , , , , , , , , , , , , , , , , , , , , 
1.2445962, 0.0112459, , , , , , , 1.2445962, -0.0078889, , , , , , , 1.2445962, -0.0082246, , , , , , , 1.2445962, 0.0058747, , , , , , , , , , , , , , , , , , , , , , , , , , , , 
1.2451154, 0.0058747, , , , , , , 1.2451154, -0.0048676, , , , , , , 1.2451154, -0.0068818, , , , , , , 1.2451154, -0.0052033, , , , , , , , , , , , , , , , , , , , , , , , , , , , 
1.2456346, 0.0031891, , , , , , , 1.2456346, -0.002182, , , , , , , 1.2456346, -0.0065461, , , , , , , 1.2456346, -0.0199741, , , , , , , , , , , , , , , , , , , , , , , , , , , , 
1.2461538, 0.0028534, , , , , , , 1.2461538, -0.0028534, , , , , , , 1.2461538, -0.0078889, , , , , , , 1.2461538, -0.0290379, , , , , , , , , , , , , , , , , , , , , , , , , , , , 
1.2466731, 0.0020142, , , , , , , 1.2466731, -0.0058747, , , , , , , 1.2466731, -0.0095674, , , , , , , 1.2466731, -0.0340734, , , , , , , , , , , , , , , , , , , , , , , , , , , , 
1.2471923, -0.0001678, , , , , , , 1.2471923, -0.008896, , , , , , , 1.2471923, -0.0105745, , , , , , , 1.2471923, -0.0399481, , , , , , , , , , , , , , , , , , , , , , , , , , , , 
1.2477115, -0.0048676, , , , , , , 1.2477115, -0.0082246, , , , , , , 1.2477115, -0.0095674, , , , , , , 1.2477115, -0.0419623, , , , , , , , , , , , , , , , , , , , , , , , , , , , 
1.2482308, -0.0068818, , , , , , , 1.2482308, -0.0065461, , , , , , , 1.2482308, -0.0068818, , , , , , , 1.2482308, -0.0364233, , , , , , , , , , , , , , , , , , , , , , , , , , , , 
1.24875, -0.0073854, , , , , , , 1.24875, -0.0058747, , , , , , , 1.24875, -0.005539, , , , , , , 1.24875, -0.0250095, , , , , , , , , , , , , , , , , , , , , , , , , , , , 
1.2492692, -0.0082246, , , , , , , 1.2492692, -0.0065461, , , , , , , 1.2492692, -0.0065461, , , , , , , 1.2492692, -0.0129244, , , , , , , , , , , , , , , , , , , , , , , , , , , , 
1.2497885, -0.0072175, , , , , , , 1.2497885, -0.0072175, , , , , , , 1.2497885, -0.0095674, , , , , , , 1.2497885, -0.0025177, , , , , , , , , , , , , , , , , , , , , , , , , , , , 
1.2503077, -0.0115816, , , , , , , 1.2503077, -0.008896, , , , , , , 1.2503077, -0.0109102, , , , , , , 1.2503077, 0.0070497, , , , , , , , , , , , , , , , , , , , , , , , , , , , 
1.2508269, -0.0152743, , , , , , , 1.2508269, -0.0095674, , , , , , , 1.2508269, -0.0105745, , , , , , , 1.2508269, 0.0152743, , , , , , , , , , , , , , , , , , , , , , , , , , , , 
1.2513462, -0.0149386, , , , , , , 1.2513462, -0.0095674, , , , , , , 1.2513462, -0.0097353, , , , , , , 1.2513462, 0.026688, , , , , , , , , , , , , , , , , , , , , , , , , , , , 
1.2518654, -0.0152743, , , , , , , 1.2518654, -0.0102388, , , , , , , 1.2518654, -0.0058747, , , , , , , 1.2518654, 0.0417945, , , , , , , , , , , , , , , , , , , , , , , , , , , , 
1.2523846, -0.0151064, , , , , , , 1.2523846, -0.0114137, , , , , , , 1.2523846, -0.0015106, , , , , , , 1.2523846, 0.051194, , , , , , , , , , , , , , , , , , , , , , , , , , , , 
1.2529038, -0.0176242, , , , , , , 1.2529038, -0.012253, , , , , , , 1.2529038, 0.0005035, , , , , , , 1.2529038, 0.0555581, , , , , , , , , , , , , , , , , , , , , , , , , , , , 
1.2534231, -0.0196384, , , , , , , 1.2534231, -0.0115816, , , , , , , 1.2534231, -0.0001678, , , , , , , 1.2534231, 0.0622721, , , , , , , , , , , , , , , , , , , , , , , , , , , , 
1.2539423, -0.0176242, , , , , , , 1.2539423, -0.0092317, , , , , , , 1.2539423, -0.0001678, , , , , , , 1.2539423, 0.0686503, , , , , , , , , , , , , , , , , , , , , , , , , , , , 
1.2544615, -0.0099031, , , , , , , 1.2544615, -0.0075532, , , , , , , 1.2544615, -0.0001678, , , , , , , 1.2544615, 0.0703288, , , , , , , , , , , , , , , , , , , , , , , , , , , , 
1.2549808, -0.0035248, , , , , , , 1.2549808, -0.0057069, , , , , , , 1.2549808, -0.0018463, , , , , , , 1.2549808, 0.0679789, , , , , , , , , , , , , , , , , , , , , , , , , , , , 
1.2555, -0.0010071, , , , , , , 1.2555, -0.0048676, , , , , , , 1.2555, -0.0041962, , , , , , , 1.2555, 0.0592508, , , , , , , , , , , , , , , , , , , , , , , , , , , , 
1.2560192, -0.0015106, , , , , , , 1.2560192, -0.0063783, , , , , , , 1.2560192, -0.0048676, , , , , , , 1.2560192, 0.0441444, , , , , , , , , , , , , , , , , , , , , , , , , , , , 
1.2565385, -0.0015106, , , , , , , 1.2565385, -0.0082246, , , , , , , 1.2565385, -0.002182, , , , , , , 1.2565385, 0.0307164, , , , , , , , , , , , , , , , , , , , , , , , , , , , 
1.2570577, 0.0011749, , , , , , , 1.2570577, -0.0092317, , , , , , , 1.2570577, -0.0015106, , , , , , , 1.2570577, 0.0219883, , , , , , , , , , , , , , , , , , , , , , , , , , , , 
1.2575769, 0.005539, , , , , , , 1.2575769, -0.0082246, , , , , , , 1.2575769, -0.002182, , , , , , , 1.2575769, 0.0164492, , , , , , , , , , , , , , , , , , , , , , , , , , , , 
1.2580962, 0.012253, , , , , , , 1.2580962, -0.008896, , , , , , , 1.2580962, -0.0031891, , , , , , , 1.2580962, 0.012253, , , , , , , , , , , , , , , , , , , , , , , , , , , , 
1.2586154, 0.023331, , , , , , , 1.2586154, -0.0085603, , , , , , , 1.2586154, -0.0057069, , , , , , , 1.2586154, 0.0078889, , , , , , , , , , , , , , , , , , , , , , , , , , , , 
1.2591346, 0.0327306, , , , , , , 1.2591346, -0.0085603, , , , , , , 1.2591346, -0.0068818, , , , , , , 1.2591346, 0.0052033, , , , , , , , , , , , , , , , , , , , , , , , , , , , 
1.2596538, 0.0381018, , , , , , , 1.2596538, -0.0085603, , , , , , , 1.2596538, -0.0045319, , , , , , , 1.2596538, 0.0038605, , , , , , , , , , , , , , , , , , , , , , , , , , , , 
1.2601731, 0.0377661, , , , , , , 1.2601731, -0.0075532, , , , , , , 1.2601731, -0.005539, , , , , , , 1.2601731, 0.0031891, , , , , , , , , , , , , , , , , , , , , , , , , , , , 
1.2606923, 0.0347448, , , , , , , 1.2606923, -0.0072175, , , , , , , 1.2606923, -0.0085603, , , , , , , 1.2606923, 0.0011749, , , , , , , , , , , , , , , , , , , , , , , , , , , , 
1.2612115, 0.0320592, , , , , , , 1.2612115, -0.0082246, , , , , , , 1.2612115, -0.0115816, , , , , , , 1.2612115, 0.0023499, , , , , , , , , , , , , , , , , , , , , , , , , , , , 
1.2617308, 0.0292058, , , , , , , 1.2617308, -0.0075532, , , , , , , 1.2617308, -0.0102388, , , , , , , 1.2617308, 0.0016785, , , , , , , , , , , , , , , , , , , , , , , , , , , , 
1.26225, 0.0260166, , , , , , , 1.26225, -0.0082246, , , , , , , 1.26225, -0.0070497, , , , , , , 1.26225, -0.002182, , , , , , , , , , , , , , , , , , , , , , , , , , , , 
1.2627692, 0.0240024, , , , , , , 1.2627692, -0.0099031, , , , , , , 1.2627692, -0.0082246, , , , , , , 1.2627692, -0.0038605, , , , , , , , , , , , , , , , , , , , , , , , , , , , 
1.2632885, 0.0250095, , , , , , , 1.2632885, -0.0104067, , , , , , , 1.2632885, -0.0124208, , , , , , , 1.2632885, -0.002182, , , , , , , , , , , , , , , , , , , , , , , , , , , , 
1.2638077, 0.0206455, , , , , , , 1.2638077, -0.0112459, , , , , , , 1.2638077, -0.0125887, , , , , , , 1.2638077, -0.0015106, , , , , , , , , , , , , , , , , , , , , , , , , , , , 
1.2643269, 0.0159457, , , , , , , 1.2643269, -0.012253, , , , , , , 1.2643269, -0.0102388, , , , , , , 1.2643269, -0.0041962, , , , , , , , , , , , , , , , , , , , , , , , , , , , 
1.2648462, 0.0125887, , , , , , , 1.2648462, -0.0117494, , , , , , , 1.2648462, -0.0075532, , , , , , , 1.2648462, -0.008896, , , , , , , , , , , , , , , , , , , , , , , , , , , , 
1.2653654, 0.012253, , , , , , , 1.2653654, -0.0097353, , , , , , , 1.2653654, -0.0057069, , , , , , , 1.2653654, -0.0206455, , , , , , , , , , , , , , , , , , , , , , , , , , , , 
1.2658846, 0.0146029, , , , , , , 1.2658846, -0.008896, , , , , , , 1.2658846, -0.0082246, , , , , , , 1.2658846, -0.0307164, , , , , , , , , , , , , , , , , , , , , , , , , , , , 
1.2664038, 0.0146029, , , , , , , 1.2664038, -0.0102388, , , , , , , 1.2664038, -0.0105745, , , , , , , 1.2664038, -0.0357519, , , , , , , , , , , , , , , , , , , , , , , , , , , , 
1.2669231, 0.0115816, , , , , , , 1.2669231, -0.0104067, , , , , , , 1.2669231, -0.0115816, , , , , , , 1.2669231, -0.036759, , , , , , , , , , , , , , , , , , , , , , , , , , , , 
1.2674423, 0.0124208, , , , , , , 1.2674423, -0.0099031, , , , , , , 1.2674423, -0.0115816, , , , , , , 1.2674423, -0.0384375, , , , , , , , , , , , , , , , , , , , , , , , , , , , 
1.2679615, 0.0159457, , , , , , , 1.2679615, -0.0070497, , , , , , , 1.2679615, -0.011078, , , , , , , 1.2679615, -0.0384375, , , , , , , , , , , , , , , , , , , , , , , , , , , , 
1.2684808, 0.0167849, , , , , , , 1.2684808, -0.0041962, , , , , , , 1.2684808, -0.0112459, , , , , , , 1.2684808, -0.0359197, , , , , , , , , , , , , , , , , , , , , , , , , , , , 
1.269, 0.0169528, , , , , , , 1.269, -0.0048676, , , , , , , 1.269, -0.0109102, , , , , , , 1.269, -0.0297093, , , , , , , , , , , , , , , , , , , , , , , , , , , , 
1.2695192, 0.01561, , , , , , , 1.2695192, -0.0072175, , , , , , , 1.2695192, -0.0099031, , , , , , , 1.2695192, -0.0199741, , , , , , , , , , , , , , , , , , , , , , , , , , , , 
1.2700385, 0.0124208, , , , , , , 1.2700385, -0.0085603, , , , , , , 1.2700385, -0.0102388, , , , , , , 1.2700385, -0.0070497, , , , , , , , , , , , , , , , , , , , , , , , , , , , 
1.2705577, 0.0085603, , , , , , , 1.2705577, -0.0092317, , , , , , , 1.2705577, -0.012253, , , , , , , 1.2705577, 0.0001678, , , , , , , , , , , , , , , , , , , , , , , , , , , , 
1.2710769, 0.0068818, , , , , , , 1.2710769, -0.0090639, , , , , , , 1.2710769, -0.0124208, , , , , , , 1.2710769, 0.0068818, , , , , , , , , , , , , , , , , , , , , , , , , , , , 
1.2715962, 0.0041962, , , , , , , 1.2715962, -0.0095674, , , , , , , 1.2715962, -0.0129244, , , , , , , 1.2715962, 0.0193027, , , , , , , , , , , , , , , , , , , , , , , , , , , , 
1.2721154, 0.0031891, , , , , , , 1.2721154, -0.008896, , , , , , , 1.2721154, -0.0142672, , , , , , , 1.2721154, 0.0344091, , , , , , , , , , , , , , , , , , , , , , , , , , , , 
1.2726346, 0.0048676, , , , , , , 1.2726346, -0.008896, , , , , , , 1.2726346, -0.012253, , , , , , , 1.2726346, 0.047837, , , , , , , , , , , , , , , , , , , , , , , , , , , , 
1.2731538, 0.0062104, , , , , , , 1.2731538, -0.0095674, , , , , , , 1.2731538, -0.0102388, , , , , , , 1.2731538, 0.0607614, , , , , , , , , , , , , , , , , , , , , , , , , , , , 
1.2736731, 0.0065461, , , , , , , 1.2736731, -0.0092317, , , , , , , 1.2736731, -0.0102388, , , , , , , 1.2736731, 0.068986, , , , , , , , , , , , , , , , , , , , , , , , , , , , 
1.2741923, 0.0045319, , , , , , , 1.2741923, -0.0077211, , , , , , , 1.2741923, -0.008896, , , , , , , 1.2741923, 0.0736858, , , , , , , , , , , , , , , , , , , , , , , , , , , , 
1.2747115, 0.0001678, , , , , , , 1.2747115, -0.008896, , , , , , , 1.2747115, -0.0072175, , , , , , , 1.2747115, 0.0770428, , , , , , , , , , , , , , , , , , , , , , , , , , , , 
1.2752308, 0.0005035, , , , , , , 1.2752308, -0.0109102, , , , , , , 1.2752308, -0.0068818, , , , , , , 1.2752308, 0.0728466, , , , , , , , , , , , , , , , , , , , , , , , , , , , 
1.27575, 0.0052033, , , , , , , 1.27575, -0.0105745, , , , , , , 1.27575, -0.005539, , , , , , , 1.27575, 0.0599222, , , , , , , , , , , , , , , , , , , , , , , , , , , , 
1.2762692, 0.0095674, , , , , , , 1.2762692, -0.0099031, , , , , , , 1.2762692, -0.0015106, , , , , , , 1.2762692, 0.0468299, , , , , , , , , , , , , , , , , , , , , , , , , , , , 
1.2767885, 0.0132601, , , , , , , 1.2767885, -0.0095674, , , , , , , 1.2767885, -0.0008392, , , , , , , 1.2767885, 0.036759, , , , , , , , , , , , , , , , , , , , , , , , , , , , 
1.2773077, 0.0105745, , , , , , , 1.2773077, -0.008896, , , , , , , 1.2773077, -0.0065461, , , , , , , 1.2773077, 0.0315557, , , , , , , , , , , , , , , , , , , , , , , , , , , , 
1.2778269, 0.0112459, , , , , , , 1.2778269, -0.010071, , , , , , , 1.2778269, -0.0129244, , , , , , , 1.2778269, 0.0263523, , , , , , , , , , , , , , , , , , , , , , , , , , , , 
1.2783462, 0.0167849, , , , , , , 1.2783462, -0.0104067, , , , , , , 1.2783462, -0.0176242, , , , , , , 1.2783462, 0.0218204, , , , , , , , , , , , , , , , , , , , , , , , , , , , 
1.2788654, 0.0219883, , , , , , , 1.2788654, -0.0102388, , , , , , , 1.2788654, -0.0223239, , , , , , , 1.2788654, 0.0199741, , , , , , , , , , , , , , , , , , , , , , , , , , , , 
1.2793846, 0.023331, , , , , , , 1.2793846, -0.0095674, , , , , , , 1.2793846, -0.0229953, , , , , , , 1.2793846, 0.0186313, , , , , , , , , , , , , , , , , , , , , , , , , , , , 
1.2799038, 0.0263523, , , , , , , 1.2799038, -0.0102388, , , , , , , 1.2799038, -0.0206455, , , , , , , 1.2799038, 0.0164492, , , , , , , , , , , , , , , , , , , , , , , , , , , , 
1.2804231, 0.0276951, , , , , , , 1.2804231, -0.0112459, , , , , , , 1.2804231, -0.0182956, , , , , , , 1.2804231, 0.0146029, , , , , , , , , , , , , , , , , , , , , , , , , , , , 
1.2809423, 0.0307164, , , , , , , 1.2809423, -0.0105745, , , , , , , 1.2809423, -0.0176242, , , , , , , 1.2809423, 0.014435, , , , , , , , , , , , , , , , , , , , , , , , , , , , 
1.2814615, 0.0327306, , , , , , , 1.2814615, -0.0102388, , , , , , , 1.2814615, -0.0193027, , , , , , , 1.2814615, 0.0146029, , , , , , , , , , , , , , , , , , , , , , , , , , , , 
1.2819808, 0.0344091, , , , , , , 1.2819808, -0.008896, , , , , , , 1.2819808, -0.0203098, , , , , , , 1.2819808, 0.0149386, , , , , , , , , , , , , , , , , , , , , , , , , , , , 
1.2825, 0.0350805, , , , , , , 1.2825, -0.0065461, , , , , , , 1.2825, -0.0176242, , , , , , , 1.2825, 0.0152743, , , , , , , , , , , , , , , , , , , , , , , , , , , , 
1.2830192, 0.0303807, , , , , , , 1.2830192, -0.0031891, , , , , , , 1.2830192, -0.0135958, , , , , , , 1.2830192, 0.0125887, , , , , , , , , , , , , , , , , , , , , , , , , , , , 
1.2835385, 0.0240024, , , , , , , 1.2835385, -0.0043641, , , , , , , 1.2835385, -0.005539, , , , , , , 1.2835385, 0.0090639, , , , , , , , , , , , , , , , , , , , , , , , , , , , 
1.2840577, 0.0226596, , , , , , , 1.2840577, -0.0075532, , , , , , , 1.2840577, 0.0035248, , , , , , , 1.2840577, 0.0078889, , , , , , , , , , , , , , , , , , , , , , , , , , , , 
1.2845769, 0.018967, , , , , , , 1.2845769, -0.008896, , , , , , , 1.2845769, 0.0082246, , , , , , , 1.2845769, 0.0063783, , , , , , , , , , , , , , , , , , , , , , , , , , , , 
1.2850962, 0.0146029, , , , , , , 1.2850962, -0.0082246, , , , , , , 1.2850962, 0.0092317, , , , , , , 1.2850962, -0.0025177, , , , , , , , , , , , , , , , , , , , , , , , , , , , 
1.2856154, 0.0166171, , , , , , , 1.2856154, -0.0075532, , , , , , , 1.2856154, 0.0105745, , , , , , , 1.2856154, -0.0176242, , , , , , , , , , , , , , , , , , , , , , , , , , , , 
1.2861346, 0.0223239, , , , , , , 1.2861346, -0.0065461, , , , , , , 1.2861346, 0.0119173, , , , , , , 1.2861346, -0.0285344, , , , , , , , , , , , , , , , , , , , , , , , , , , , 
1.2866538, 0.0263523, , , , , , , 1.2866538, -0.0041962, , , , , , , 1.2866538, 0.0132601, , , , , , , 1.2866538, -0.0323949, , , , , , , , , , , , , , , , , , , , , , , , , , , , 
1.2871731, 0.0273594, , , , , , , 1.2871731, -0.0028534, , , , , , , 1.2871731, 0.0169528, , , , , , , 1.2871731, -0.0344091, , , , , , , , , , , , , , , , , , , , , , , , , , , , 
1.2876923, 0.0287022, , , , , , , 1.2876923, -0.0015106, , , , , , , 1.2876923, 0.0159457, , , , , , , 1.2876923, -0.0374304, , , , , , , , , , , , , , , , , , , , , , , , , , , , 
1.2882115, 0.0273594, , , , , , , 1.2882115, -0.0015106, , , , , , , 1.2882115, -0.0005035, , , , , , , 1.2882115, -0.0372625, , , , , , , , , , , , , , , , , , , , , , , , , , , , 
1.2887308, 0.0240024, , , , , , , 1.2887308, -0.0028534, , , , , , , 1.2887308, -0.0240024, , , , , , , 1.2887308, -0.030045, , , , , , , , , , , , , , , , , , , , , , , , , , , , 
1.28925, 0.0206455, , , , , , , 1.28925, -0.0043641, , , , , , , 1.28925, -0.0397803, , , , , , , 1.28925, -0.018967, , , , , , , , , , , , , , , , , , , , , , , , , , , , 
1.2897692, 0.0219883, , , , , , , 1.2897692, -0.0075532, , , , , , , 1.2897692, -0.0461585, , , , , , , 1.2897692, -0.0109102, , , , , , , , , , , , , , , , , , , , , , , , , , , , 
1.2902885, 0.0253452, , , , , , , 1.2902885, -0.0102388, , , , , , , 1.2902885, -0.0548867, , , , , , , 1.2902885, -0.0052033, , , , , , , , , , , , , , , , , , , , , , , , , , , , 
1.2908077, 0.024506, , , , , , , 1.2908077, -0.0109102, , , , , , , 1.2908077, -0.064622, , , , , , , 1.2908077, 0.0031891, , , , , , , , , , , , , , , , , , , , , , , , , , , , 
1.2913269, 0.0273594, , , , , , , 1.2913269, -0.0097353, , , , , , , 1.2913269, -0.0632792, , , , , , , 1.2913269, 0.0129244, , , , , , , , , , , , , , , , , , , , , , , , , , , , 
1.2918462, 0.0280308, , , , , , , 1.2918462, -0.0077211, , , , , , , 1.2918462, -0.0449836, , , , , , , 1.2918462, 0.0240024, , , , , , , , , , , , , , , , , , , , , , , , , , , , 
1.2923654, 0.0213169, , , , , , , 1.2923654, -0.0078889, , , , , , , 1.2923654, -0.0176242, , , , , , , 1.2923654, 0.0350805, , , , , , , , , , , , , , , , , , , , , , , , , , , , 
1.2928846, 0.014435, , , , , , , 1.2928846, -0.0078889, , , , , , , 1.2928846, 0.0090639, , , , , , , 1.2928846, 0.0433051, , , , , , , , , , , , , , , , , , , , , , , , , , , , 
1.2934038, 0.0092317, , , , , , , 1.2934038, -0.0062104, , , , , , , 1.2934038, 0.0315557, , , , , , , 1.2934038, 0.0498512, , , , , , , , , , , , , , , , , , , , , , , , , , , , 
1.2939231, 0.0011749, , , , , , , 1.2939231, -0.0068818, , , , , , , 1.2939231, 0.0481727, , , , , , , 1.2939231, 0.0575723, , , , , , , , , , , , , , , , , , , , , , , , , , , , 
1.2944423, -0.0038605, , , , , , , 1.2944423, -0.0087282, , , , , , , 1.2944423, 0.0565652, , , , , , , 1.2944423, 0.0647898, , , , , , , , , , , , , , , , , , , , , , , , , , , , 
1.2949615, -0.0016785, , , , , , , 1.2949615, -0.0109102, , , , , , , 1.2949615, 0.0589151, , , , , , , 1.2949615, 0.0663005, , , , , , , , , , , , , , , , , , , , , , , , , , , , 
1.2954808, -0.0008392, , , , , , , 1.2954808, -0.0112459, , , , , , , 1.2954808, 0.0569009, , , , , , , 1.2954808, 0.0595865, , , , , , , , , , , , , , , , , , , , , , , , , , , , 
1.296, -0.0036927, , , , , , , 1.296, -0.0105745, , , , , , , 1.296, 0.0513619, , , , , , , 1.296, 0.0481727, , , , , , , , , , , , , , , , , , , , , , , , , , , , 
1.2965192, 0.0005035, , , , , , , 1.2965192, -0.008896, , , , , , , 1.2965192, 0.0441444, , , , , , , 1.2965192, 0.0377661, , , , , , , , , , , , , , , , , , , , , , , , , , , , 
1.2970385, 0.0065461, , , , , , , 1.2970385, -0.0070497, , , , , , , 1.2970385, 0.0382696, , , , , , , 1.2970385, 0.0320592, , , , , , , , , , , , , , , , , , , , , , , , , , , , 
1.2975577, 0.0065461, , , , , , , 1.2975577, -0.0062104, , , , , , , 1.2975577, 0.0313878, , , , , , , 1.2975577, 0.0276951, , , , , , , , , , , , , , , , , , , , , , , , , , , , 
1.2980769, 0.0072175, , , , , , , 1.2980769, -0.0062104, , , , , , , 1.2980769, 0.0243381, , , , , , , 1.2980769, 0.0206455, , , , , , , , , , , , , , , , , , , , , , , , , , , , 
1.2985962, 0.0105745, , , , , , , 1.2985962, -0.005539, , , , , , , 1.2985962, 0.0176242, , , , , , , 1.2985962, 0.0139315, , , , , , , , , , , , , , , , , , , , , , , , , , , , 
1.2991154, 0.012253, , , , , , , 1.2991154, -0.0048676, , , , , , , 1.2991154, 0.0112459, , , , , , , 1.2991154, 0.0085603, , , , , , , , , , , , , , , , , , , , , , , , , , , , 
1.2996346, 0.0159457, , , , , , , 1.2996346, -0.0048676, , , , , , , 1.2996346, 0.0048676, , , , , , , 1.2996346, 0.0041962, , , , , , , , , , , , , , , , , , , , , , , , , , , , 
1.3001538, 0.0186313, , , , , , , 1.3001538, -0.005539, , , , , , , 1.3001538, -0.0018463, , , , , , , 1.3001538, 0.0001678, , , , , , , , , , , , , , , , , , , , , , , , , , , , 
1.3006731, 0.0231632, , , , , , , 1.3006731, -0.0072175, , , , , , , 1.3006731, -0.0072175, , , , , , , 1.3006731, -0.0011749, , , , , , , , , , , , , , , , , , , , , , , , , , , , 
1.3011923, 0.0265202, , , , , , , 1.3011923, -0.0068818, , , , , , , 1.3011923, -0.0132601, , , , , , , 1.3011923, -0.0008392, , , , , , , , , , , , , , , , , , , , , , , , , , , , 
1.3017115, 0.026688, , , , , , , 1.3017115, -0.0057069, , , , , , , 1.3017115, -0.0203098, , , , , , , 1.3017115, 0.0008392, , , , , , , , , , , , , , , , , , , , , , , , , , , , 
1.3022308, 0.0240024, , , , , , , 1.3022308, -0.0043641, , , , , , , 1.3022308, -0.0246738, , , , , , , 1.3022308, 0.0015106, , , , , , , , , , , , , , , , , , , , , , , , , , , , 
1.30275, 0.0196384, , , , , , , 1.30275, -0.0028534, , , , , , , 1.30275, -0.0288701, , , , , , , 1.30275, 0.0011749, , , , , , , , , , , , , , , , , , , , , , , , , , , , 
1.3032692, 0.0159457, , , , , , , 1.3032692, -0.0008392, , , , , , , 1.3032692, -0.0345769, , , , , , , 1.3032692, 0.0011749, , , , , , , , , , , , , , , , , , , , , , , , , , , , 
1.3037885, 0.0179599, , , , , , , 1.3037885, -0.0011749, , , , , , , 1.3037885, -0.0381018, , , , , , , 1.3037885, -0.0010071, , , , , , , , , , , , , , , , , , , , , , , , , , , , 
1.3043077, 0.0182956, , , , , , , 1.3043077, -0.0028534, , , , , , , 1.3043077, -0.0394446, , , , , , , 1.3043077, -0.0046998, , , , , , , , , , , , , , , , , , , , , , , , , , , , 
1.3048269, 0.0149386, , , , , , , 1.3048269, -0.0038605, , , , , , , 1.3048269, -0.0407874, , , , , , , 1.3048269, -0.0092317, , , , , , , , , , , , , , , , , , , , , , , , , , , , 
1.3053462, 0.0097353, , , , , , , 1.3053462, -0.0045319, , , , , , , 1.3053462, -0.0411231, , , , , , , 1.3053462, -0.0182956, , , , , , , , , , , , , , , , , , , , , , , , , , , , 
1.3058654, 0.008896, , , , , , , 1.3058654, -0.0058747, , , , , , , 1.3058654, -0.0441444, , , , , , , 1.3058654, -0.026688, , , , , , , , , , , , , , , , , , , , , , , , , , , , 
1.3063846, 0.0166171, , , , , , , 1.3063846, -0.0073854, , , , , , , 1.3063846, -0.0431373, , , , , , , 1.3063846, -0.0303807, , , , , , , , , , , , , , , , , , , , , , , , , , , , 
1.3069038, 0.0223239, , , , , , , 1.3069038, -0.008896, , , , , , , 1.3069038, -0.0370947, , , , , , , 1.3069038, -0.0317235, , , , , , , , , , , , , , , , , , , , , , , , , , , , 
1.3074231, 0.0253452, , , , , , , 1.3074231, -0.0095674, , , , , , , 1.3074231, -0.0313878, , , , , , , 1.3074231, -0.0323949, , , , , , , , , , , , , , , , , , , , , , , , , , , , 
1.3079423, 0.0250095, , , , , , , 1.3079423, -0.0082246, , , , , , , 1.3079423, -0.0303807, , , , , , , 1.3079423, -0.0297093, , , , , , , , , , , , , , , , , , , , , , , , , , , , 
1.3084615, 0.0223239, , , , , , , 1.3084615, -0.0072175, , , , , , , 1.3084615, -0.0310521, , , , , , , 1.3084615, -0.0246738, , , , , , , , , , , , , , , , , , , , , , , , , , , , 
1.3089808, 0.0213169, , , , , , , 1.3089808, -0.0048676, , , , , , , 1.3089808, -0.030045, , , , , , , 1.3089808, -0.0179599, , , , , , , , , , , , , , , , , , , , , , , , , , , , 
1.3095, 0.0224918, , , , , , , 1.3095, -0.0038605, , , , , , , 1.3095, -0.0270237, , , , , , , 1.3095, -0.0092317, , , , , , , , , , , , , , , , , , , , , , , , , , , , 
1.3100192, 0.0231632, , , , , , , 1.3100192, -0.0058747, , , , , , , 1.3100192, -0.0260166, , , , , , , 1.3100192, -0.0003357, , , , , , , , , , , , , , , , , , , , , , , , , , , , 
1.3105385, 0.0238346, , , , , , , 1.3105385, -0.0062104, , , , , , , 1.3105385, -0.0246738, , , , , , , 1.3105385, 0.0090639, , , , , , , , , , , , , , , , , , , , , , , , , , , , 
1.3110577, 0.0219883, , , , , , , 1.3110577, -0.0052033, , , , , , , 1.3110577, -0.0213169, , , , , , , 1.3110577, 0.0204776, , , , , , , , , , , , , , , , , , , , , , , , , , , , 
1.3115769, 0.0159457, , , , , , , 1.3115769, -0.0063783, , , , , , , 1.3115769, -0.0166171, , , , , , , 1.3115769, 0.0340734, , , , , , , , , , , , , , , , , , , , , , , , , , , , 
1.3120962, 0.0062104, , , , , , , 1.3120962, -0.0083925, , , , , , , 1.3120962, -0.0119173, , , , , , , 1.3120962, 0.047837, , , , , , , , , , , , , , , , , , , , , , , , , , , , 
1.3126154, -0.0025177, , , , , , , 1.3126154, -0.0092317, , , , , , , 1.3126154, -0.0099031, , , , , , , 1.3126154, 0.0609293, , , , , , , , , , , , , , , , , , , , , , , , , , , , 
1.3131346, -0.0104067, , , , , , , 1.3131346, -0.0092317, , , , , , , 1.3131346, -0.008896, , , , , , , 1.3131346, 0.0720073, , , , , , , , , , , , , , , , , , , , , , , , , , , , 
1.3136538, -0.012253, , , , , , , 1.3136538, -0.0097353, , , , , , , 1.3136538, -0.0052033, , , , , , , 1.3136538, 0.0777142, , , , , , , , , , , , , , , , , , , , , , , , , , , , 
1.3141731, -0.0099031, , , , , , , 1.3141731, -0.011078, , , , , , , 1.3141731, -0.0018463, , , , , , , 1.3141731, 0.0814069, , , , , , , , , , , , , , , , , , , , , , , , , , , , 
1.3146923, -0.0102388, , , , , , , 1.3146923, -0.0095674, , , , , , , 1.3146923, -0.002182, , , , , , , 1.3146923, 0.0827497, , , , , , , , , , , , , , , , , , , , , , , , , , , , 
1.3152115, -0.012253, , , , , , , 1.3152115, -0.0068818, , , , , , , 1.3152115, -0.0041962, , , , , , , 1.3152115, 0.0763714, , , , , , , , , , , , , , , , , , , , , , , , , , , , 
1.3157308, -0.008896, , , , , , , 1.3157308, -0.0075532, , , , , , , 1.3157308, -0.0062104, , , , , , , 1.3157308, 0.0647898, , , , , , , , , , , , , , , , , , , , , , , , , , , , 
1.31625, -0.0045319, , , , , , , 1.31625, -0.0085603, , , , , , , 1.31625, -0.0070497, , , , , , , 1.31625, 0.0508583, , , , , , , , , , , , , , , , , , , , , , , , , , , , 
1.3167692, -0.0008392, , , , , , , 1.3167692, -0.0075532, , , , , , , 1.3167692, -0.0045319, , , , , , , 1.3167692, 0.0428016, , , , , , , , , , , , , , , , , , , , , , , , , , , , 
1.3172885, 0.0035248, , , , , , , 1.3172885, -0.0078889, , , , , , , 1.3172885, -0.0023499, , , , , , , 1.3172885, 0.0365911, , , , , , , , , , , , , , , , , , , , , , , , , , , , 
1.3178077, 0.0025177, , , , , , , 1.3178077, -0.0085603, , , , , , , 1.3178077, -0.0041962, , , , , , , 1.3178077, 0.0280308, , , , , , , , , , , , , , , , , , , , , , , , , , , , 
1.3183269, 0.0018463, , , , , , , 1.3183269, -0.0072175, , , , , , , 1.3183269, -0.0075532, , , , , , , 1.3183269, 0.0213169, , , , , , , , , , , , , , , , , , , , , , , , , , , , 
1.3188462, 0.0065461, , , , , , , 1.3188462, -0.0063783, , , , , , , 1.3188462, -0.0068818, , , , , , , 1.3188462, 0.0176242, , , , , , , , , , , , , , , , , , , , , , , , , , , , 
1.3193654, 0.0132601, , , , , , , 1.3193654, -0.0075532, , , , , , , 1.3193654, -0.0028534, , , , , , , 1.3193654, 0.0132601, , , , , , , , , , , , , , , , , , , , , , , , , , , , 
1.3198846, 0.0157778, , , , , , , 1.3198846, -0.0085603, , , , , , , 1.3198846, 0.0001678, , , , , , , 1.3198846, 0.008896, , , , , , , , , , , , , , , , , , , , , , , , , , , , 
1.3204038, 0.0172885, , , , , , , 1.3204038, -0.0095674, , , , , , , 1.3204038, -0.0001678, , , , , , , 1.3204038, 0.0050355, , , , , , , , , , , , , , , , , , , , , , , , , , , , 
1.3209231, 0.0213169, , , , , , , 1.3209231, -0.0117494, , , , , , , 1.3209231, -0.0015106, , , , , , , 1.3209231, 0.0025177, , , , , , , , , , , , , , , , , , , , , , , , , , , , 
1.3214423, 0.0240024, , , , , , , 1.3214423, -0.0109102, , , , , , , 1.3214423, -0.0028534, , , , , , , 1.3214423, 0.0005035, , , , , , , , , , , , , , , , , , , , , , , , , , , , 
1.3219615, 0.0240024, , , , , , , 1.3219615, -0.0075532, , , , , , , 1.3219615, -0.0038605, , , , , , , 1.3219615, -0.0015106, , , , , , , , , , , , , , , , , , , , , , , , , , , , 
1.3224808, 0.0179599, , , , , , , 1.3224808, -0.0048676, , , , , , , 1.3224808, -0.0028534, , , , , , , 1.3224808, -0.0023499, , , , , , , , , , , , , , , , , , , , , , , , , , , , 
1.323, 0.0119173, , , , , , , 1.323, -0.005539, , , , , , , 1.323, -0.0003357, , , , , , , 1.323, -0.0031891, , , , , , , , , , , , , , , , , , , , , , , , , , , , 
1.3235192, 0.0099031, , , , , , , 1.3235192, -0.0082246, , , , , , , 1.3235192, -0.0011749, , , , , , , 1.3235192, -0.005539, , , , , , , , , , , , , , , , , , , , , , , , , , , , 
1.3240385, 0.012253, , , , , , , 1.3240385, -0.0102388, , , , , , , 1.3240385, -0.0028534, , , , , , , 1.3240385, -0.0058747, , , , , , , , , , , , , , , , , , , , , , , , , , , , 
1.3245577, 0.0184634, , , , , , , 1.3245577, -0.0090639, , , , , , , 1.3245577, -0.0043641, , , , , , , 1.3245577, -0.0046998, , , , , , , , , , , , , , , , , , , , , , , , , , , , 
1.3250769, 0.0250095, , , , , , , 1.3250769, -0.0072175, , , , , , , 1.3250769, -0.0052033, , , , , , , 1.3250769, -0.0114137, , , , , , , , , , , , , , , , , , , , , , , , , , , , 
1.3255962, 0.026688, , , , , , , 1.3255962, -0.0050355, , , , , , , 1.3255962, -0.0065461, , , , , , , 1.3255962, -0.0243381, , , , , , , , , , , , , , , , , , , , , , , , , , , , 
1.3261154, 0.0240024, , , , , , , 1.3261154, -0.0045319, , , , , , , 1.3261154, -0.0068818, , , , , , , 1.3261154, -0.0339055, , , , , , , , , , , , , , , , , , , , , , , , , , , , 
1.3266346, 0.0186313, , , , , , , 1.3266346, -0.0070497, , , , , , , 1.3266346, -0.0068818, , , , , , , 1.3266346, -0.0384375, , , , , , , , , , , , , , , , , , , , , , , , , , , , 
1.3271538, 0.0125887, , , , , , , 1.3271538, -0.0082246, , , , , , , 1.3271538, -0.0077211, , , , , , , 1.3271538, -0.0377661, , , , , , , , , , , , , , , , , , , , , , , , , , , , 
1.3276731, 0.0058747, , , , , , , 1.3276731, -0.008896, , , , , , , 1.3276731, -0.0082246, , , , , , , 1.3276731, -0.0330663, , , , , , , , , , , , , , , , , , , , , , , , , , , , 
1.3281923, 0.0038605, , , , , , , 1.3281923, -0.008896, , , , , , , 1.3281923, -0.0087282, , , , , , , 1.3281923, -0.0287022, , , , , , , , , , , , , , , , , , , , , , , , , , , , 
1.3287115, 0.0075532, , , , , , , 1.3287115, -0.0102388, , , , , , , 1.3287115, -0.0097353, , , , , , , 1.3287115, -0.0229953, , , , , , , , , , , , , , , , , , , , , , , , , , , , 
1.3292308, 0.0105745, , , , , , , 1.3292308, -0.0109102, , , , , , , 1.3292308, -0.0102388, , , , , , , 1.3292308, -0.0142672, , , , , , , , , , , , , , , , , , , , , , , , , , , , 
1.32975, 0.0068818, , , , , , , 1.32975, -0.0112459, , , , , , , 1.32975, -0.0104067, , , , , , , 1.32975, -0.0048676, , , , , , , , , , , , , , , , , , , , , , , , , , , , 
1.3302692, -0.0005035, , , , , , , 1.3302692, -0.0115816, , , , , , , 1.3302692, -0.0097353, , , , , , , 1.3302692, 0.0008392, , , , , , , , , , , , , , , , , , , , , , , , , , , , 
1.3307885, -0.005539, , , , , , , 1.3307885, -0.0115816, , , , , , , 1.3307885, -0.0085603, , , , , , , 1.3307885, 0.0031891, , , , , , , , , , , , , , , , , , , , , , , , , , , , 
1.3313077, -0.0149386, , , , , , , 1.3313077, -0.0135958, , , , , , , 1.3313077, -0.0078889, , , , , , , 1.3313077, 0.0058747, , , , , , , , , , , , , , , , , , , , , , , , , , , , 
1.3318269, -0.0193027, , , , , , , 1.3318269, -0.0137636, , , , , , , 1.3318269, -0.0075532, , , , , , , 1.3318269, 0.0109102, , , , , , , , , , , , , , , , , , , , , , , , , , , , 
1.3323462, -0.0139315, , , , , , , 1.3323462, -0.0112459, , , , , , , 1.3323462, -0.0075532, , , , , , , 1.3323462, 0.0169528, , , , , , , , , , , , , , , , , , , , , , , , , , , , 
1.3328654, -0.0090639, , , , , , , 1.3328654, -0.0097353, , , , , , , 1.3328654, -0.0072175, , , , , , , 1.3328654, 0.0206455, , , , , , , , , , , , , , , , , , , , , , , , , , , , 
1.3333846, -0.0082246, , , , , , , 1.3333846, -0.008896, , , , , , , 1.3333846, -0.005539, , , , , , , 1.3333846, 0.0280308, , , , , , , , , , , , , , , , , , , , , , , , , , , , 
1.3339038, -0.0048676, , , , , , , 1.3339038, -0.0104067, , , , , , , 1.3339038, -0.0035248, , , , , , , 1.3339038, 0.0438087, , , , , , , , , , , , , , , , , , , , , , , , , , , , 
1.3344231, -0.0001678, , , , , , , 1.3344231, -0.0112459, , , , , , , 1.3344231, -0.0028534, , , , , , , 1.3344231, 0.0589151, , , , , , , , , , , , , , , , , , , , , , , , , , , , 
1.3349423, 0.0008392, , , , , , , 1.3349423, -0.0109102, , , , , , , 1.3349423, -0.0052033, , , , , , , 1.3349423, 0.0639506, , , , , , , , , , , , , , , , , , , , , , , , , , , , 
1.3354615, 0.0048676, , , , , , , 1.3354615, -0.008896, , , , , , , 1.3354615, -0.0030213, , , , , , , 1.3354615, 0.0562295, , , , , , , , , , , , , , , , , , , , , , , , , , , , 
1.3359808, 0.0109102, , , , , , , 1.3359808, -0.0075532, , , , , , , 1.3359808, 0.0003357, , , , , , , 1.3359808, 0.0451514, , , , , , , , , , , , , , , , , , , , , , , , , , , , 
1.3365, 0.0146029, , , , , , , 1.3365, -0.0072175, , , , , , , 1.3365, -0.0031891, , , , , , , 1.3365, 0.0344091, , , , , , , , , , , , , , , , , , , , , , , , , , , , 
1.3370192, 0.0179599, , , , , , , 1.3370192, -0.0078889, , , , , , , 1.3370192, -0.0117494, , , , , , , 1.3370192, 0.0285344, , , , , , , , , , , , , , , , , , , , , , , , , , , , 
1.3375385, 0.0243381, , , , , , , 1.3375385, -0.0062104, , , , , , , 1.3375385, -0.0184634, , , , , , , 1.3375385, 0.0253452, , , , , , , , , , , , , , , , , , , , , , , , , , , , 
1.3380577, 0.0315557, , , , , , , 1.3380577, -0.0031891, , , , , , , 1.3380577, -0.0229953, , , , , , , 1.3380577, 0.0213169, , , , , , , , , , , , , , , , , , , , , , , , , , , , 
1.3385769, 0.0327306, , , , , , , 1.3385769, -0.002182, , , , , , , 1.3385769, -0.0231632, , , , , , , 1.3385769, 0.0191348, , , , , , , , , , , , , , , , , , , , , , , , , , , , 
1.3390962, 0.0290379, , , , , , , 1.3390962, -0.0023499, , , , , , , 1.3390962, -0.0206455, , , , , , , 1.3390962, 0.018967, , , , , , , , , , , , , , , , , , , , , , , , , , , , 
1.3396154, 0.0223239, , , , , , , 1.3396154, -0.0041962, , , , , , , 1.3396154, -0.0161135, , , , , , , 1.3396154, 0.0159457, , , , , , , , , , , , , , , , , , , , , , , , , , , , 
1.3401346, 0.0172885, , , , , , , 1.3401346, -0.0075532, , , , , , , 1.3401346, -0.0095674, , , , , , , 1.3401346, 0.0095674, , , , , , , , , , , , , , , , , , , , , , , , , , , , 
1.3406538, 0.0152743, , , , , , , 1.3406538, -0.0104067, , , , , , , 1.3406538, -0.0018463, , , , , , , 1.3406538, 0.0075532, , , , , , , , , , , , , , , , , , , , , , , , , , , , 
1.3411731, 0.0157778, , , , , , , 1.3411731, -0.0102388, , , , , , , 1.3411731, 0.0052033, , , , , , , 1.3411731, 0.0078889, , , , , , , , , , , , , , , , , , , , , , , , , , , , 
1.3416923, 0.0176242, , , , , , , 1.3416923, -0.0075532, , , , , , , 1.3416923, 0.0092317, , , , , , , 1.3416923, 0.0072175, , , , , , , , , , , , , , , , , , , , , , , , , , , , 
1.3422115, 0.0196384, , , , , , , 1.3422115, -0.0028534, , , , , , , 1.3422115, 0.0119173, , , , , , , 1.3422115, 0.0083925, , , , , , , , , , , , , , , , , , , , , , , , , , , , 
1.3427308, 0.0182956, , , , , , , 1.3427308, 0.0045319, , , , , , , 1.3427308, 0.0162814, , , , , , , 1.3427308, 0.0092317, , , , , , , , , , , , , , , , , , , , , , , , , , , , 
1.34325, 0.0172885, , , , , , , 1.34325, 0.0078889, , , , , , , 1.34325, 0.0209812, , , , , , , 1.34325, 0.0068818, , , , , , , , , , , , , , , , , , , , , , , , , , , , 
1.3437692, 0.0229953, , , , , , , 1.3437692, 0.0058747, , , , , , , 1.3437692, 0.0199741, , , , , , , 1.3437692, 0.0045319, , , , , , , , , , , , , , , , , , , , , , , , , , , , 
1.3442885, 0.0270237, , , , , , , 1.3442885, -0.0001678, , , , , , , 1.3442885, 0.0139315, , , , , , , 1.3442885, 0.0025177, , , , , , , , , , , , , , , , , , , , , , , , , , , , 
1.3448077, 0.024506, , , , , , , 1.3448077, -0.0082246, , , , , , , 1.3448077, 0.0052033, , , , , , , 1.3448077, -0.0045319, , , , , , , , , , , , , , , , , , , , , , , , , , , , 
1.3453269, 0.0238346, , , , , , , 1.3453269, -0.01561, , , , , , , 1.3453269, -0.0045319, , , , , , , 1.3453269, -0.0198062, , , , , , , , , , , , , , , , , , , , , , , , , , , , 
1.3458462, 0.0276951, , , , , , , 1.3458462, -0.018967, , , , , , , 1.3458462, -0.0115816, , , , , , , 1.3458462, -0.0357519, , , , , , , , , , , , , , , , , , , , , , , , , , , , 
1.3463654, 0.0344091, , , , , , , 1.3463654, -0.0204776, , , , , , , 1.3463654, -0.0162814, , , , , , , 1.3463654, -0.0417945, , , , , , , , , , , , , , , , , , , , , , , , , , , , 
1.3468846, 0.0386053, , , , , , , 1.3468846, -0.0213169, , , , , , , 1.3468846, -0.0193027, , , , , , , 1.3468846, -0.0397803, , , , , , , , , , , , , , , , , , , , , , , , , , , , 
1.3474038, 0.0387732, , , , , , , 1.3474038, -0.0196384, , , , , , , 1.3474038, -0.0223239, , , , , , , 1.3474038, -0.0387732, , , , , , , , , , , , , , , , , , , , , , , , , , , , 
1.3479231, 0.0377661, , , , , , , 1.3479231, -0.0104067, , , , , , , 1.3479231, -0.0238346, , , , , , , 1.3479231, -0.0391089, , , , , , , , , , , , , , , , , , , , , , , , , , , , 
1.3484423, 0.0381018, , , , , , , 1.3484423, -0.0005035, , , , , , , 1.3484423, -0.0236667, , , , , , , 1.3484423, -0.0347448, , , , , , , , , , , , , , , , , , , , , , , , , , , , 
1.3489615, 0.0379339, , , , , , , 1.3489615, 0.0025177, , , , , , , 1.3489615, -0.0223239, , , , , , , 1.3489615, -0.0251774, , , , , , , , , , , , , , , , , , , , , , , , , , , , 
1.3494808, 0.0327306, , , , , , , 1.3494808, -0.0005035, , , , , , , 1.3494808, -0.0209812, , , , , , , 1.3494808, -0.0135958, , , , , , , , , , , , , , , , , , , , , , , , , , , , 
1.35, 0.0260166, , , , , , , 1.35, -0.0038605, , , , , , , 1.35, -0.0219883, , , , , , , 1.35, -0.0001678, , , , , , , , , , , , , , , , , , , , , , , , , , , , 
1.3505192, 0.0229953, , , , , , , 1.3505192, -0.0068818, , , , , , , 1.3505192, -0.0298772, , , , , , , 1.3505192, 0.0109102, , , , , , , , , , , , , , , , , , , , , , , , , , , , 
1.3510385, 0.0193027, , , , , , , 1.3510385, -0.0099031, , , , , , , 1.3510385, -0.0344091, , , , , , , 1.3510385, 0.0206455, , , , , , , , , , , , , , , , , , , , , , , , , , , , 
1.3515577, 0.0117494, , , , , , , 1.3515577, -0.011078, , , , , , , 1.3515577, -0.0310521, , , , , , , 1.3515577, 0.0307164, , , , , , , , , , , , , , , , , , , , , , , , , , , , 
1.3520769, 0.0023499, , , , , , , 1.3520769, -0.0129244, , , , , , , 1.3520769, -0.0258488, , , , , , , 1.3520769, 0.0421302, , , , , , , , , , , , , , , , , , , , , , , , , , , , 
1.3525962, -0.005539, , , , , , , 1.3525962, -0.0149386, , , , , , , 1.3525962, -0.0243381, , , , , , , 1.3525962, 0.0528725, , , , , , , , , , , , , , , , , , , , , , , , , , , , 
1.3531154, -0.0102388, , , , , , , 1.3531154, -0.0182956, , , , , , , 1.3531154, -0.0240024, , , , , , , 1.3531154, 0.0609293, , , , , , , , , , , , , , , , , , , , , , , , , , , , 
1.3536346, -0.0135958, , , , , , , 1.3536346, -0.0229953, , , , , , , 1.3536346, -0.0238346, , , , , , , 1.3536346, 0.0673075, , , , , , , , , , , , , , , , , , , , , , , , , , , , 
1.3541538, -0.0176242, , , , , , , 1.3541538, -0.0229953, , , , , , , 1.3541538, -0.0203098, , , , , , , 1.3541538, 0.0740215, , , , , , , , , , , , , , , , , , , , , , , , , , , , 
1.3546731, -0.0203098, , , , , , , 1.3546731, -0.0152743, , , , , , , 1.3546731, -0.0114137, , , , , , , 1.3546731, 0.0758679, , , , , , , , , , , , , , , , , , , , , , , , , , , , 
1.3551923, -0.0206455, , , , , , , 1.3551923, -0.0035248, , , , , , , 1.3551923, -0.0010071, , , , , , , 1.3551923, 0.0683146, , , , , , , , , , , , , , , , , , , , , , , , , , , , 
1.3557115, -0.0164492, , , , , , , 1.3557115, 0.0026856, , , , , , , 1.3557115, 0.0080568, , , , , , , 1.3557115, 0.0562295, , , , , , , , , , , , , , , , , , , , , , , , , , , , 
1.3562308, -0.0068818, , , , , , , 1.3562308, 0.0038605, , , , , , , 1.3562308, 0.0166171, , , , , , , 1.3562308, 0.04448, , , , , , , , , , , , , , , , , , , , , , , , , , , , 
1.35675, -0.002182, , , , , , , 1.35675, 0.0065461, , , , , , , 1.35675, 0.0186313, , , , , , , 1.35675, 0.0364233, , , , , , , , , , , , , , , , , , , , , , , , , , , , 
1.3572692, 0.0010071, , , , , , , 1.3572692, 0.0104067, , , , , , , 1.3572692, 0.0139315, , , , , , , 1.3572692, 0.0307164, , , , , , , , , , , , , , , , , , , , , , , , , , , , 
1.3577885, 0.0119173, , , , , , , 1.3577885, 0.0105745, , , , , , , 1.3577885, 0.0105745, , , , , , , 1.3577885, 0.0260166, , , , , , , , , , , , , , , , , , , , , , , , , , , , 
1.3583077, 0.0159457, , , , , , , 1.3583077, 0.0058747, , , , , , , 1.3583077, 0.0099031, , , , , , , 1.3583077, 0.0238346, , , , , , , , , , , , , , , , , , , , , , , , , , , , 
1.3588269, 0.0146029, , , , , , , 1.3588269, -0.0018463, , , , , , , 1.3588269, 0.0142672, , , , , , , 1.3588269, 0.0240024, , , , , , , , , , , , , , , , , , , , , , , , , , , , 
1.3593462, 0.0179599, , , , , , , 1.3593462, -0.0102388, , , , , , , 1.3593462, 0.0209812, , , , , , , 1.3593462, 0.0238346, , , , , , , , , , , , , , , , , , , , , , , , , , , , 
1.3598654, 0.0219883, , , , , , , 1.3598654, -0.0198062, , , , , , , 1.3598654, 0.0250095, , , , , , , 1.3598654, 0.0199741, , , , , , , , , , , , , , , , , , , , , , , , , , , , 
1.3603846, 0.0258488, , , , , , , 1.3603846, -0.0273594, , , , , , , 1.3603846, 0.0256809, , , , , , , 1.3603846, 0.0162814, , , , , , , , , , , , , , , , , , , , , , , , , , , , 
1.3609038, 0.0303807, , , , , , , 1.3609038, -0.0285344, , , , , , , 1.3609038, 0.0273594, , , , , , , 1.3609038, 0.0149386, , , , , , , , , , , , , , , , , , , , , , , , , , , , 
1.3614231, 0.0313878, , , , , , , 1.3614231, -0.0236667, , , , , , , 1.3614231, 0.0293736, , , , , , , 1.3614231, 0.0151064, , , , , , , , , , , , , , , , , , , , , , , , , , , , 
1.3619423, 0.0303807, , , , , , , 1.3619423, -0.0159457, , , , , , , 1.3619423, 0.0293736, , , , , , , 1.3619423, 0.0166171, , , , , , , , , , , , , , , , , , , , , , , , , , , , 
1.3624615, 0.0340734, , , , , , , 1.3624615, -0.0102388, , , , , , , 1.3624615, 0.0256809, , , , , , , 1.3624615, 0.0159457, , , , , , , , , , , , , , , , , , , , , , , , , , , , 
1.3629808, 0.0374304, , , , , , , 1.3629808, -0.0102388, , , , , , , 1.3629808, 0.0176242, , , , , , , 1.3629808, 0.011078, , , , , , , , , , , , , , , , , , , , , , , , , , , , 
1.3635, 0.0379339, , , , , , , 1.3635, -0.0112459, , , , , , , 1.3635, 0.008896, , , , , , , 1.3635, 0.0052033, , , , , , , , , , , , , , , , , , , , , , , , , , , , 
1.3640192, 0.036759, , , , , , , 1.3640192, -0.0115816, , , , , , , 1.3640192, -0.0005035, , , , , , , 1.3640192, -0.0001678, , , , , , , , , , , , , , , , , , , , , , , , , , , , 
1.3645385, 0.0377661, , , , , , , 1.3645385, -0.0085603, , , , , , , 1.3645385, -0.0109102, , , , , , , 1.3645385, -0.0078889, , , , , , , , , , , , , , , , , , , , , , , , , , , , 
1.3650577, 0.0433051, , , , , , , 1.3650577, -0.005539, , , , , , , 1.3650577, -0.0213169, , , , , , , 1.3650577, -0.0243381, , , , , , , , , , , , , , , , , , , , , , , , , , , , 
1.3655769, 0.0498512, , , , , , , 1.3655769, -0.005539, , , , , , , 1.3655769, -0.0330663, , , , , , , 1.3655769, -0.0448157, , , , , , , , , , , , , , , , , , , , , , , , , , , , 
1.3660962, 0.0542153, , , , , , , 1.3660962, -0.0060426, , , , , , , 1.3660962, -0.0448157, , , , , , , 1.3660962, -0.0574044, , , , , , , , , , , , , , , , , , , , , , , , , , , , 
1.3666154, 0.0535439, , , , , , , 1.3666154, -0.0078889, , , , , , , 1.3666154, -0.0520333, , , , , , , 1.3666154, -0.0629435, , , , , , , , , , , , , , , , , , , , , , , , , , , , 
1.3671346, 0.0480049, , , , , , , 1.3671346, -0.0082246, , , , , , , 1.3671346, -0.0558938, , , , , , , 1.3671346, -0.064622, , , , , , , , , , , , , , , , , , , , , , , , , , , , 
1.3676538, 0.0461585, , , , , , , 1.3676538, -0.0062104, , , , , , , 1.3676538, -0.0555581, , , , , , , 1.3676538, -0.0632792, , , , , , , , , , , , , , , , , , , , , , , , , , , , 
1.3681731, 0.0475013, , , , , , , 1.3681731, -0.0048676, , , , , , , 1.3681731, -0.0532082, , , , , , , 1.3681731, -0.056733, , , , , , , , , , , , , , , , , , , , , , , , , , , , 
1.3686923, 0.0451514, , , , , , , 1.3686923, -0.0041962, , , , , , , 1.3686923, -0.0505226, , , , , , , 1.3686923, -0.0417945, , , , , , , , , , , , , , , , , , , , , , , , , , , , 
1.3692115, 0.0391089, , , , , , , 1.3692115, -0.0015106, , , , , , , 1.3692115, -0.0464942, , , , , , , 1.3692115, -0.0219883, , , , , , , , , , , , , , , , , , , , , , , , , , , , 
1.3697308, 0.030045, , , , , , , 1.3697308, 0.0015106, , , , , , , 1.3697308, -0.0370947, , , , , , , 1.3697308, -0.0038605, , , , , , , , , , , , , , , , , , , , , , , , , , , , 
1.37025, 0.0193027, , , , , , , 1.37025, 0.0035248, , , , , , , 1.37025, -0.0203098, , , , , , , 1.37025, 0.0104067, , , , , , , , , , , , , , , , , , , , , , , , , , , , 
1.3707692, 0.0129244, , , , , , , 1.3707692, 0.0018463, , , , , , , 1.3707692, -0.0016785, , , , , , , 1.3707692, 0.0231632, , , , , , , , , , , , , , , , , , , , , , , , , , , , 
1.3712885, 0.014435, , , , , , , 1.3712885, -0.0020142, , , , , , , 1.3712885, 0.0119173, , , , , , , 1.3712885, 0.0339055, , , , , , , , , , , , , , , , , , , , , , , , , , , , 
1.3718077, 0.0099031, , , , , , , 1.3718077, -0.0062104, , , , , , , 1.3718077, 0.0204776, , , , , , , 1.3718077, 0.0466621, , , , , , , , , , , , , , , , , , , , , , , , , , , , 
1.3723269, 0.002182, , , , , , , 1.3723269, -0.0078889, , , , , , , 1.3723269, 0.0246738, , , , , , , 1.3723269, 0.0582437, , , , , , , , , , , , , , , , , , , , , , , , , , , , 
1.3728462, -0.0015106, , , , , , , 1.3728462, -0.0068818, , , , , , , 1.3728462, 0.0243381, , , , , , , 1.3728462, 0.0647898, , , , , , , , , , , , , , , , , , , , , , , , , , , , 
1.3733654, -0.0050355, , , , , , , 1.3733654, -0.0058747, , , , , , , 1.3733654, 0.0219883, , , , , , , 1.3733654, 0.0693217, , , , , , , , , , , , , , , , , , , , , , , , , , , , 
1.3738846, -0.0109102, , , , , , , 1.3738846, -0.0068818, , , , , , , 1.3738846, 0.0209812, , , , , , , 1.3738846, 0.0760357, , , , , , , , , , , , , , , , , , , , , , , , , , , , 
1.3744038, -0.0137636, , , , , , , 1.3744038, -0.0102388, , , , , , , 1.3744038, 0.0179599, , , , , , , 1.3744038, 0.0832532, , , , , , , , , , , , , , , , , , , , , , , , , , , , 
1.3749231, -0.0102388, , , , , , , 1.3749231, -0.0115816, , , , , , , 1.3749231, 0.0139315, , , , , , , 1.3749231, 0.0834211, , , , , , , , , , , , , , , , , , , , , , , , , , , , 
1.3754423, -0.0005035, , , , , , , 1.3754423, -0.0112459, , , , , , , 1.3754423, 0.0099031, , , , , , , 1.3754423, 0.0740215, , , , , , , , , , , , , , , , , , , , , , , , , , , , 
1.3759615, 0.0102388, , , , , , , 1.3759615, -0.0092317, , , , , , , 1.3759615, 0.0062104, , , , , , , 1.3759615, 0.0602579, , , , , , , , , , , , , , , , , , , , , , , , , , , , 
1.3764808, 0.0125887, , , , , , , 1.3764808, -0.0073854, , , , , , , 1.3764808, 0.0018463, , , , , , , 1.3764808, 0.049012, , , , , , , , , , , , , , , , , , , , , , , , , , , , 
1.377, 0.0052033, , , , , , , 1.377, -0.0048676, , , , , , , 1.377, -0.0035248, , , , , , , 1.377, 0.0433051, , , , , , , , , , , , , , , , , , , , , , , , , , , , 
1.3775192, -0.0023499, , , , , , , 1.3775192, 0.0023499, , , , , , , 1.3775192, -0.0119173, , , , , , , 1.3775192, 0.040116, , , , , , , , , , , , , , , , , , , , , , , , , , , , 
1.3780385, 0.0001678, , , , , , , 1.3780385, 0.0062104, , , , , , , 1.3780385, -0.0196384, , , , , , , 1.3780385, 0.0340734, , , , , , , , , , , , , , , , , , , , , , , , , , , , 
1.3785577, 0.0063783, , , , , , , 1.3785577, 0.0025177, , , , , , , 1.3785577, -0.0223239, , , , , , , 1.3785577, 0.0280308, , , , , , , , , , , , , , , , , , , , , , , , , , , , 
1.3790769, 0.0070497, , , , , , , 1.3790769, -0.0045319, , , , , , , 1.3790769, -0.0236667, , , , , , , 1.3790769, 0.0253452, , , , , , , , , , , , , , , , , , , , , , , , , , , , 
1.3795962, 0.0085603, , , , , , , 1.3795962, -0.0078889, , , , , , , 1.3795962, -0.030045, , , , , , , 1.3795962, 0.0246738, , , , , , , , , , , , , , , , , , , , , , , , , , , , 
1.3801154, 0.01561, , , , , , , 1.3801154, -0.0070497, , , , , , , 1.3801154, -0.0397803, , , , , , , 1.3801154, 0.0219883, , , , , , , , , , , , , , , , , , , , , , , , , , , , 
1.3806346, 0.0176242, , , , , , , 1.3806346, -0.0062104, , , , , , , 1.3806346, -0.0515297, , , , , , , 1.3806346, 0.0159457, , , , , , , , , , , , , , , , , , , , , , , , , , , , 
1.3811538, 0.0115816, , , , , , , 1.3811538, -0.0068818, , , , , , , 1.3811538, -0.064622, , , , , , , 1.3811538, 0.0112459, , , , , , , , , , , , , , , , , , , , , , , , , , , , 
1.3816731, 0.0052033, , , , , , , 1.3816731, -0.0070497, , , , , , , 1.3816731, -0.0698253, , , , , , , 1.3816731, 0.0095674, , , , , , , , , , , , , , , , , , , , , , , , , , , , 
1.3821923, 0.0050355, , , , , , , 1.3821923, -0.005539, , , , , , , 1.3821923, -0.064622, , , , , , , 1.3821923, 0.008896, , , , , , , , , , , , , , , , , , , , , , , , , , , , 
1.3827115, 0.0072175, , , , , , , 1.3827115, -0.0048676, , , , , , , 1.3827115, -0.0508583, , , , , , , 1.3827115, 0.010071, , , , , , , , , , , , , , , , , , , , , , , , , , , , 
1.3832308, 0.0090639, , , , , , , 1.3832308, -0.005539, , , , , , , 1.3832308, -0.0318914, , , , , , , 1.3832308, 0.0092317, , , , , , , , , , , , , , , , , , , , , , , , , , , , 
1.38375, 0.0078889, , , , , , , 1.38375, -0.0075532, , , , , , , 1.38375, -0.01561, , , , , , , 1.38375, 0.0045319, , , , , , , , , , , , , , , , , , , , , , , , , , , , 
1.3842692, 0.0095674, , , , , , , 1.3842692, -0.0092317, , , , , , , 1.3842692, -0.0045319, , , , , , , 1.3842692, 0.0011749, , , , , , , , , , , , , , , , , , , , , , , , , , , , 
1.3847885, 0.0139315, , , , , , , 1.3847885, -0.008896, , , , , , , 1.3847885, 0.0058747, , , , , , , 1.3847885, -0.0048676, , , , , , , , , , , , , , , , , , , , , , , , , , , , 
1.3853077, 0.0119173, , , , , , , 1.3853077, -0.0078889, , , , , , , 1.3853077, 0.0125887, , , , , , , 1.3853077, -0.0176242, , , , , , , , , , , , , , , , , , , , , , , , , , , , 
1.3858269, 0.0099031, , , , , , , 1.3858269, -0.0075532, , , , , , , 1.3858269, 0.0146029, , , , , , , 1.3858269, -0.0276951, , , , , , , , , , , , , , , , , , , , , , , , , , , , 
1.3863462, 0.0125887, , , , , , , 1.3863462, -0.0092317, , , , , , , 1.3863462, 0.0125887, , , , , , , 1.3863462, -0.0310521, , , , , , , , , , , , , , , , , , , , , , , , , , , , 
1.3868654, 0.0112459, , , , , , , 1.3868654, -0.0109102, , , , , , , 1.3868654, 0.011078, , , , , , , 1.3868654, -0.0310521, , , , , , , , , , , , , , , , , , , , , , , , , , , , 
1.3873846, 0.0072175, , , , , , , 1.3873846, -0.0115816, , , , , , , 1.3873846, 0.008896, , , , , , , 1.3873846, -0.033402, , , , , , , , , , , , , , , , , , , , , , , , , , , , 
1.3879038, 0.0092317, , , , , , , 1.3879038, -0.0119173, , , , , , , 1.3879038, 0.0048676, , , , , , , 1.3879038, -0.036759, , , , , , , , , , , , , , , , , , , , , , , , , , , , 
1.3884231, 0.0157778, , , , , , , 1.3884231, -0.012253, , , , , , , 1.3884231, 0.0018463, , , , , , , 1.3884231, -0.0374304, , , , , , , , , , , , , , , , , , , , , , , , , , , , 
1.3889423, 0.0186313, , , , , , , 1.3889423, -0.0127565, , , , , , , 1.3889423, -0.0015106, , , , , , , 1.3889423, -0.0318914, , , , , , , , , , , , , , , , , , , , , , , , , , , , 
1.3894615, 0.0203098, , , , , , , 1.3894615, -0.0109102, , , , , , , 1.3894615, -0.0038605, , , , , , , 1.3894615, -0.0236667, , , , , , , , , , , , , , , , , , , , , , , , , , , , 
1.3899808, 0.0218204, , , , , , , 1.3899808, -0.0095674, , , , , , , 1.3899808, -0.0041962, , , , , , , 1.3899808, -0.01561, , , , , , , , , , , , , , , , , , , , , , , , , , , , 
1.3905, 0.0216526, , , , , , , 1.3905, -0.0095674, , , , , , , 1.3905, -0.0036927, , , , , , , 1.3905, -0.0082246, , , , , , , , , , , , , , , , , , , , , , , , , , , , 
1.3910192, 0.0214847, , , , , , , 1.3910192, -0.0102388, , , , , , , 1.3910192, -0.0028534, , , , , , , 1.3910192, 0.0025177, , , , , , , , , , , , , , , , , , , , , , , , , , , , 
1.3915385, 0.01561, , , , , , , 1.3915385, -0.0095674, , , , , , , 1.3915385, -0.0008392, , , , , , , 1.3915385, 0.0149386, , , , , , , , , , , , , , , , , , , , , , , , , , , , 
1.3920577, 0.0030213, , , , , , , 1.3920577, -0.0085603, , , , , , , 1.3920577, 0.0005035, , , , , , , 1.3920577, 0.0271916, , , , , , , , , , , , , , , , , , , , , , , , , , , , 
1.3925769, -0.0062104, , , , , , , 1.3925769, -0.0104067, , , , , , , 1.3925769, 0.0008392, , , , , , , 1.3925769, 0.0374304, , , , , , , , , , , , , , , , , , , , , , , , , , , , 
1.3930962, -0.0105745, , , , , , , 1.3930962, -0.0124208, , , , , , , 1.3930962, -0.0005035, , , , , , , 1.3930962, 0.0468299, , , , , , , , , , , , , , , , , , , , , , , , , , , , 
1.3936154, -0.0139315, , , , , , , 1.3936154, -0.011078, , , , , , , 1.3936154, -0.0018463, , , , , , , 1.3936154, 0.0582437, , , , , , , , , , , , , , , , , , , , , , , , , , , , 
1.3941346, -0.0146029, , , , , , , 1.3941346, -0.0075532, , , , , , , 1.3941346, -0.002182, , , , , , , 1.3941346, 0.0696574, , , , , , , , , , , , , , , , , , , , , , , , , , , , 
1.3946538, -0.01561, , , , , , , 1.3946538, -0.0075532, , , , , , , 1.3946538, -0.0008392, , , , , , , 1.3946538, 0.0720073, , , , , , , , , , , , , , , , , , , , , , , , , , , , 
1.3951731, -0.01561, , , , , , , 1.3951731, -0.0083925, , , , , , , 1.3951731, 0.0005035, , , , , , , 1.3951731, 0.0639506, , , , , , , , , , , , , , , , , , , , , , , , , , , , 
1.3956923, -0.0115816, , , , , , , 1.3956923, -0.0068818, , , , , , , 1.3956923, -0.0005035, , , , , , , 1.3956923, 0.0508583, , , , , , , , , , , , , , , , , , , , , , , , , , , , 
1.3962115, -0.0050355, , , , , , , 1.3962115, -0.0075532, , , , , , , 1.3962115, -0.0031891, , , , , , , 1.3962115, 0.0374304, , , , , , , , , , , , , , , , , , , , , , , , , , , , 
1.3967308, 0.0011749, , , , , , , 1.3967308, -0.008896, , , , , , , 1.3967308, -0.0052033, , , , , , , 1.3967308, 0.0327306, , , , , , , , , , , , , , , , , , , , , , , , , , , , 
1.39725, 0.0045319, , , , , , , 1.39725, -0.0085603, , , , , , , 1.39725, -0.0077211, , , , , , , 1.39725, 0.0293736, , , , , , , , , , , , , , , , , , , , , , , , , , , , 
1.3977692, 0.0112459, , , , , , , 1.3977692, -0.0062104, , , , , , , 1.3977692, -0.0095674, , , , , , , 1.3977692, 0.0246738, , , , , , , , , , , , , , , , , , , , , , , , , , , , 
1.3982885, 0.0224918, , , , , , , 1.3982885, -0.0028534, , , , , , , 1.3982885, -0.0182956, , , , , , , 1.3982885, 0.0172885, , , , , , , , , , , , , , , , , , , , , , , , , , , , 
1.3988077, 0.0253452, , , , , , , 1.3988077, -0.0018463, , , , , , , 1.3988077, -0.040116, , , , , , , 1.3988077, 0.0092317, , , , , , , , , , , , , , , , , , , , , , , , , , , , 
1.3993269, 0.0226596, , , , , , , 1.3993269, -0.0001678, , , , , , , 1.3993269, -0.056733, , , , , , , 1.3993269, 0.0048676, , , , , , , , , , , , , , , , , , , , , , , , , , , , 
1.3998462, 0.021149, , , , , , , 1.3998462, 0.0008392, , , , , , , 1.3998462, -0.0569009, , , , , , , 1.3998462, 0.0035248, , , , , , , , , , , , , , , , , , , , , , , , , , , , 
1.4003654, 0.0191348, , , , , , , 1.4003654, -0.0001678, , , , , , , 1.4003654, -0.047837, , , , , , , 1.4003654, -0.0001678, , , , , , , , , , , , , , , , , , , , , , , , , , , , 
1.4008846, 0.0182956, , , , , , , 1.4008846, -0.0005035, , , , , , , 1.4008846, -0.0340734, , , , , , , 1.4008846, -0.0041962, , , , , , , , , , , , , , , , , , , , , , , , , , , , 
1.4014038, 0.0203098, , , , , , , 1.4014038, 0.0001678, , , , , , , 1.4014038, -0.0196384, , , , , , , 1.4014038, -0.0062104, , , , , , , , , , , , , , , , , , , , , , , , , , , , 
1.4019231, 0.0240024, , , , , , , 1.4019231, -0.0035248, , , , , , , 1.4019231, -0.0041962, , , , , , , 1.4019231, -0.0068818, , , , , , , , , , , , , , , , , , , , , , , , , , , , 
1.4024423, 0.0240024, , , , , , , 1.4024423, -0.0139315, , , , , , , 1.4024423, 0.0125887, , , , , , , 1.4024423, -0.0078889, , , , , , , , , , , , , , , , , , , , , , , , , , , , 
1.4029615, 0.0219883, , , , , , , 1.4029615, -0.0260166, , , , , , , 1.4029615, 0.0270237, , , , , , , 1.4029615, -0.0072175, , , , , , , , , , , , , , , , , , , , , , , , , , , , 
1.4034808, 0.0218204, , , , , , , 1.4034808, -0.0330663, , , , , , , 1.4034808, 0.0347448, , , , , , , 1.4034808, -0.0063783, , , , , , , , , , , , , , , , , , , , , , , , , , , , 
1.404, 0.0246738, , , , , , , 1.404, -0.0357519, , , , , , , 1.404, 0.0344091, , , , , , , 1.404, -0.005539, , , , , , , , , , , , , , , , , , , , , , , , , , , , 
1.4045192, 0.0260166, , , , , , , 1.4045192, -0.0317235, , , , , , , 1.4045192, 0.0297093, , , , , , , 1.4045192, -0.0068818, , , , , , , , , , , , , , , , , , , , , , , , , , , , 
1.4050385, 0.0280308, , , , , , , 1.4050385, -0.0176242, , , , , , , 1.4050385, 0.0260166, , , , , , , 1.4050385, -0.0135958, , , , , , , , , , , , , , , , , , , , , , , , , , , , 
1.4055577, 0.0303807, , , , , , , 1.4055577, -0.0018463, , , , , , , 1.4055577, 0.023331, , , , , , , 1.4055577, -0.0246738, , , , , , , , , , , , , , , , , , , , , , , , , , , , 
1.4060769, 0.0280308, , , , , , , 1.4060769, 0.008896, , , , , , , 1.4060769, 0.0182956, , , , , , , 1.4060769, -0.0330663, , , , , , , , , , , , , , , , , , , , , , , , , , , , 
1.4065962, 0.0261845, , , , , , , 1.4065962, 0.0152743, , , , , , , 1.4065962, 0.0119173, , , , , , , 1.4065962, -0.0350805, , , , , , , , , , , , , , , , , , , , , , , , , , , , 
1.4071154, 0.0287022, , , , , , , 1.4071154, 0.0181277, , , , , , , 1.4071154, 0.0075532, , , , , , , 1.4071154, -0.0357519, , , , , , , , , , , , , , , , , , , , , , , , , , , , 
1.4076346, 0.0303807, , , , , , , 1.4076346, 0.0146029, , , , , , , 1.4076346, 0.0035248, , , , , , , 1.4076346, -0.0364233, , , , , , , , , , , , , , , , , , , , , , , , , , , , 
1.4081538, 0.0273594, , , , , , , 1.4081538, 0.0077211, , , , , , , 1.4081538, -0.0015106, , , , , , , 1.4081538, -0.0337377, , , , , , , , , , , , , , , , , , , , , , , , , , , , 
1.4086731, 0.0206455, , , , , , , 1.4086731, -0.0015106, , , , , , , 1.4086731, -0.0065461, , , , , , , 1.4086731, -0.0250095, , , , , , , , , , , , , , , , , , , , , , , , , , , , 
1.4091923, 0.0072175, , , , , , , 1.4091923, -0.0162814, , , , , , , 1.4091923, -0.0119173, , , , , , , 1.4091923, -0.0095674, , , , , , , , , , , , , , , , , , , , , , , , , , , , 
1.4097115, -0.0028534, , , , , , , 1.4097115, -0.0327306, , , , , , , 1.4097115, -0.0142672, , , , , , , 1.4097115, 0.0038605, , , , , , , , , , , , , , , , , , , , , , , , , , , , 
1.4102308, -0.0041962, , , , , , , 1.4102308, -0.0428016, , , , , , , 1.4102308, -0.0146029, , , , , , , 1.4102308, 0.0124208, , , , , , , , , , , , , , , , , , , , , , , , , , , , 
1.41075, 0.0015106, , , , , , , 1.41075, -0.0441444, , , , , , , 1.41075, -0.0146029, , , , , , , 1.41075, 0.0206455, , , , , , , , , , , , , , , , , , , , , , , , , , , , 
1.4112692, 0.0114137, , , , , , , 1.4112692, -0.0394446, , , , , , , 1.4112692, -0.0151064, , , , , , , 1.4112692, 0.0313878, , , , , , , , , , , , , , , , , , , , , , , , , , , , 
1.4117885, 0.0194705, , , , , , , 1.4117885, -0.030045, , , , , , , 1.4117885, -0.01561, , , , , , , 1.4117885, 0.0448157, , , , , , , , , , , , , , , , , , , , , , , , , , , , 
1.4123077, 0.0182956, , , , , , , 1.4123077, -0.0203098, , , , , , , 1.4123077, -0.0152743, , , , , , , 1.4123077, 0.0574044, , , , , , , , , , , , , , , , , , , , , , , , , , , , 
1.4128269, 0.008896, , , , , , , 1.4128269, -0.0109102, , , , , , , 1.4128269, -0.0132601, , , , , , , 1.4128269, 0.0693217, , , , , , , , , , , , , , , , , , , , , , , , , , , , 
1.4133462, -0.0028534, , , , , , , 1.4133462, -0.0048676, , , , , , , 1.4133462, -0.0095674, , , , , , , 1.4133462, 0.0780499, , , , , , , , , , , , , , , , , , , , , , , , , , , , 
1.4138654, -0.012253, , , , , , , 1.4138654, -0.0041962, , , , , , , 1.4138654, -0.0065461, , , , , , , 1.4138654, 0.0803998, , , , , , , , , , , , , , , , , , , , , , , , , , , , 
1.4143846, -0.018967, , , , , , , 1.4143846, -0.0075532, , , , , , , 1.4143846, -0.002182, , , , , , , 1.4143846, 0.0802319, , , , , , , , , , , , , , , , , , , , , , , , , , , , 
1.4149038, -0.0229953, , , , , , , 1.4149038, -0.0082246, , , , , , , 1.4149038, -0.0001678, , , , , , , 1.4149038, 0.0783856, , , , , , , , , , , , , , , , , , , , , , , , , , , , 
1.4154231, -0.0186313, , , , , , , 1.4154231, -0.0063783, , , , , , , 1.4154231, -0.0016785, , , , , , , 1.4154231, 0.0703288, , , , , , , , , , , , , , , , , , , , , , , , , , , , 
1.4159423, -0.0075532, , , , , , , 1.4159423, -0.0038605, , , , , , , 1.4159423, -0.0083925, , , , , , , 1.4159423, 0.0542153, , , , , , , , , , , , , , , , , , , , , , , , , , , , 
1.4164615, 0.0025177, , , , , , , 1.4164615, -0.0018463, , , , , , , 1.4164615, -0.0142672, , , , , , , 1.4164615, 0.0387732, , , , , , , , , , , , , , , , , , , , , , , , , , , , 
1.4169808, 0.0129244, , , , , , , 1.4169808, 0.0008392, , , , , , , 1.4169808, -0.0171206, , , , , , , 1.4169808, 0.0280308, , , , , , , , , , , , , , , , , , , , , , , , , , , , 
1.4175, 0.0196384, , , , , , , 1.4175, 0.0023499, , , , , , , 1.4175, -0.0182956, , , , , , , 1.4175, 0.0216526, , , , , , , , , , , , , , , , , , , , , , , , , , , , 
1.4180192, 0.0206455, , , , , , , 1.4180192, -0.0001678, , , , , , , 1.4180192, -0.0169528, , , , , , , 1.4180192, 0.0166171, , , , , , , , , , , , , , , , , , , , , , , , , , , , 
1.4185385, 0.0172885, , , , , , , 1.4185385, -0.0041962, , , , , , , 1.4185385, -0.01561, , , , , , , 1.4185385, 0.0112459, , , , , , , , , , , , , , , , , , , , , , , , , , , , 
1.4190577, 0.0157778, , , , , , , 1.4190577, -0.0052033, , , , , , , 1.4190577, -0.0149386, , , , , , , 1.4190577, 0.0043641, , , , , , , , , , , , , , , , , , , , , , , , , , , , 
1.4195769, 0.0169528, , , , , , , 1.4195769, -0.0035248, , , , , , , 1.4195769, -0.0129244, , , , , , , 1.4195769, -0.0075532, , , , , , , , , , , , , , , , , , , , , , , , , , , , 
1.4200962, 0.0194705, , , , , , , 1.4200962, -0.0028534, , , , , , , 1.4200962, -0.011078, , , , , , , 1.4200962, -0.0171206, , , , , , , , , , , , , , , , , , , , , , , , , , , , 
1.4206154, 0.0179599, , , , , , , 1.4206154, -0.0035248, , , , , , , 1.4206154, -0.0095674, , , , , , , 1.4206154, -0.0203098, , , , , , , , , , , , , , , , , , , , , , , , , , , , 
1.4211346, 0.0105745, , , , , , , 1.4211346, -0.0058747, , , , , , , 1.4211346, -0.0172885, , , , , , , 1.4211346, -0.0176242, , , , , , , , , , , , , , , , , , , , , , , , , , , , 
1.4216538, 0.0065461, , , , , , , 1.4216538, -0.0030213, , , , , , , 1.4216538, -0.0364233, , , , , , , 1.4216538, -0.0162814, , , , , , , , , , , , , , , , , , , , , , , , , , , , 
1.4221731, 0.0105745, , , , , , , 1.4221731, 0.0092317, , , , , , , 1.4221731, -0.0533761, , , , , , , 1.4221731, -0.0157778, , , , , , , , , , , , , , , , , , , , , , , , , , , , 
1.4226923, 0.0181277, , , , , , , 1.4226923, 0.0186313, , , , , , , 1.4226923, -0.057908, , , , , , , 1.4226923, -0.0125887, , , , , , , , , , , , , , , , , , , , , , , , , , , , 
1.4232115, 0.0204776, , , , , , , 1.4232115, 0.0186313, , , , , , , 1.4232115, -0.0501869, , , , , , , 1.4232115, -0.008896, , , , , , , , , , , , , , , , , , , , , , , , , , , , 
1.4237308, 0.0243381, , , , , , , 1.4237308, 0.0105745, , , , , , , 1.4237308, -0.0350805, , , , , , , 1.4237308, -0.0065461, , , , , , , , , , , , , , , , , , , , , , , , , , , , 
1.42425, 0.0260166, , , , , , , 1.42425, -0.0035248, , , , , , , 1.42425, -0.0139315, , , , , , , 1.42425, -0.0028534, , , , , , , , , , , , , , , , , , , , , , , , , , , , 
1.4247692, 0.0229953, , , , , , , 1.4247692, -0.0149386, , , , , , , 1.4247692, 0.0092317, , , , , , , 1.4247692, -0.0028534, , , , , , , , , , , , , , , , , , , , , , , , , , , , 
1.4252885, 0.0169528, , , , , , , 1.4252885, -0.0186313, , , , , , , 1.4252885, 0.0297093, , , , , , , 1.4252885, -0.0117494, , , , , , , , , , , , , , , , , , , , , , , , , , , , 
1.4258077, 0.0105745, , , , , , , 1.4258077, -0.0206455, , , , , , , 1.4258077, 0.04448, , , , , , , 1.4258077, -0.018967, , , , , , , , , , , , , , , , , , , , , , , , , , , , 
1.4263269, 0.0119173, , , , , , , 1.4263269, -0.0229953, , , , , , , 1.4263269, 0.0535439, , , , , , , 1.4263269, -0.0223239, , , , , , , , , , , , , , , , , , , , , , , , , , , , 
1.4268462, 0.017792, , , , , , , 1.4268462, -0.0229953, , , , , , , 1.4268462, 0.0535439, , , , , , , 1.4268462, -0.0253452, , , , , , , , , , , , , , , , , , , , , , , , , , , , 
1.4273654, 0.023331, , , , , , , 1.4273654, -0.018967, , , , , , , 1.4273654, 0.0485084, , , , , , , 1.4273654, -0.0256809, , , , , , , , , , , , , , , , , , , , , , , , , , , , 
1.4278846, 0.0307164, , , , , , , 1.4278846, -0.0102388, , , , , , , 1.4278846, 0.0424659, , , , , , , 1.4278846, -0.0206455, , , , , , , , , , , , , , , , , , , , , , , , , , , , 
1.4284038, 0.0394446, , , , , , , 1.4284038, -0.0040284, , , , , , , 1.4284038, 0.036759, , , , , , , 1.4284038, -0.0135958, , , , , , , , , , , , , , , , , , , , , , , , , , , , 
1.4289231, 0.040116, , , , , , , 1.4289231, -0.0043641, , , , , , , 1.4289231, 0.0305486, , , , , , , 1.4289231, -0.0025177, , , , , , , , , , , , , , , , , , , , , , , , , , , , 
1.4294423, 0.033402, , , , , , , 1.4294423, -0.0073854, , , , , , , 1.4294423, 0.0226596, , , , , , , 1.4294423, 0.0072175, , , , , , , , , , , , , , , , , , , , , , , , , , , , 
1.4299615, 0.0246738, , , , , , , 1.4299615, -0.0092317, , , , , , , 1.4299615, 0.0095674, , , , , , , 1.4299615, 0.0132601, , , , , , , , , , , , , , , , , , , , , , , , , , , , 
1.4304808, 0.0199741, , , , , , , 1.4304808, -0.0083925, , , , , , , 1.4304808, -0.0104067, , , , , , , 1.4304808, 0.0179599, , , , , , , , , , , , , , , , , , , , , , , , , , , , 
1.431, 0.0179599, , , , , , , 1.431, -0.0068818, , , , , , , 1.431, -0.0283665, , , , , , , 1.431, 0.0243381, , , , , , , , , , , , , , , , , , , , , , , , , , , , 
1.4315192, 0.0184634, , , , , , , 1.4315192, -0.0068818, , , , , , , 1.4315192, -0.0419623, , , , , , , 1.4315192, 0.0347448, , , , , , , , , , , , , , , , , , , , , , , , , , , , 
1.4320385, 0.0127565, , , , , , , 1.4320385, -0.005539, , , , , , , 1.4320385, -0.0468299, , , , , , , 1.4320385, 0.0428016, , , , , , , , , , , , , , , , , , , , , , , , , , , , 
1.4325577, 0.0016785, , , , , , , 1.4325577, 0.0018463, , , , , , , 1.4325577, -0.0448157, , , , , , , 1.4325577, 0.0481727, , , , , , , , , , , , , , , , , , , , , , , , , , , , 
1.4330769, -0.005539, , , , , , , 1.4330769, 0.0085603, , , , , , , 1.4330769, -0.0365911, , , , , , , 1.4330769, 0.0552224, , , , , , , , , , , , , , , , , , , , , , , , , , , , 
1.4335962, -0.0075532, , , , , , , 1.4335962, 0.0060426, , , , , , , 1.4335962, -0.0265202, , , , , , , 1.4335962, 0.0575723, , , , , , , , , , , , , , , , , , , , , , , , , , , , 
1.4341154, -0.0075532, , , , , , , 1.4341154, -0.0031891, , , , , , , 1.4341154, -0.0199741, , , , , , , 1.4341154, 0.0557259, , , , , , , , , , , , , , , , , , , , , , , , , , , , 
1.4346346, -0.0041962, , , , , , , 1.4346346, -0.0099031, , , , , , , 1.4346346, -0.018967, , , , , , , 1.4346346, 0.0535439, , , , , , , , , , , , , , , , , , , , , , , , , , , , 
1.4351538, 0.0052033, , , , , , , 1.4351538, -0.012253, , , , , , , 1.4351538, -0.0219883, , , , , , , 1.4351538, 0.0493477, , , , , , , , , , , , , , , , , , , , , , , , , , , , 
1.4356731, 0.0142672, , , , , , , 1.4356731, -0.0115816, , , , , , , 1.4356731, -0.0240024, , , , , , , 1.4356731, 0.0414588, , , , , , , , , , , , , , , , , , , , , , , , , , , , 
1.4361923, 0.0219883, , , , , , , 1.4361923, -0.0048676, , , , , , , 1.4361923, -0.0250095, , , , , , , 1.4361923, 0.036759, , , , , , , , , , , , , , , , , , , , , , , , , , , , 
1.4367115, 0.0226596, , , , , , , 1.4367115, -0.0008392, , , , , , , 1.4367115, -0.0250095, , , , , , , 1.4367115, 0.036759, , , , , , , , , , , , , , , , , , , , , , , , , , , , 
1.4372308, 0.0182956, , , , , , , 1.4372308, -0.0010071, , , , , , , 1.4372308, -0.0224918, , , , , , , 1.4372308, 0.0360876, , , , , , , , , , , , , , , , , , , , , , , , , , , , 
1.43775, 0.0139315, , , , , , , 1.43775, -0.0008392, , , , , , , 1.43775, -0.0196384, , , , , , , 1.43775, 0.0327306, , , , , , , , , , , , , , , , , , , , , , , , , , , , 
1.4382692, 0.0146029, , , , , , , 1.4382692, 0.0038605, , , , , , , 1.4382692, -0.0159457, , , , , , , 1.4382692, 0.0290379, , , , , , , , , , , , , , , , , , , , , , , , , , , , 
1.4387885, 0.0172885, , , , , , , 1.4387885, 0.0052033, , , , , , , 1.4387885, -0.0112459, , , , , , , 1.4387885, 0.0240024, , , , , , , , , , , , , , , , , , , , , , , , , , , , 
1.4393077, 0.0119173, , , , , , , 1.4393077, -0.0028534, , , , , , , 1.4393077, -0.0082246, , , , , , , 1.4393077, 0.0218204, , , , , , , , , , , , , , , , , , , , , , , , , , , , 
1.4398269, 0.0075532, , , , , , , 1.4398269, -0.0152743, , , , , , , 1.4398269, -0.0078889, , , , , , , 1.4398269, 0.0226596, , , , , , , , , , , , , , , , , , , , , , , , , , , , 
1.4403462, 0.0085603, , , , , , , 1.4403462, -0.0223239, , , , , , , 1.4403462, -0.008896, , , , , , , 1.4403462, 0.024506, , , , , , , , , , , , , , , , , , , , , , , , , , , , 
1.4408654, 0.0132601, , , , , , , 1.4408654, -0.0221561, , , , , , , 1.4408654, -0.0092317, , , , , , , 1.4408654, 0.0224918, , , , , , , , , , , , , , , , , , , , , , , , , , , , 
1.4413846, 0.0146029, , , , , , , 1.4413846, -0.0196384, , , , , , , 1.4413846, -0.0065461, , , , , , , 1.4413846, 0.0219883, , , , , , , , , , , , , , , , , , , , , , , , , , , , 
1.4419038, 0.0182956, , , , , , , 1.4419038, -0.0181277, , , , , , , 1.4419038, -0.0028534, , , , , , , 1.4419038, 0.0216526, , , , , , , , , , , , , , , , , , , , , , , , , , , , 
1.4424231, 0.026688, , , , , , , 1.4424231, -0.0184634, , , , , , , 1.4424231, 0.0015106, , , , , , , 1.4424231, 0.0219883, , , , , , , , , , , , , , , , , , , , , , , , , , , , 
1.4429423, 0.0327306, , , , , , , 1.4429423, -0.0196384, , , , , , , 1.4429423, 0.0048676, , , , , , , 1.4429423, 0.0240024, , , , , , , , , , , , , , , , , , , , , , , , , , , , 
1.4434615, 0.0323949, , , , , , , 1.4434615, -0.0186313, , , , , , , 1.4434615, 0.0052033, , , , , , , 1.4434615, 0.0243381, , , , , , , , , , , , , , , , , , , , , , , , , , , , 
1.4439808, 0.0292058, , , , , , , 1.4439808, -0.0162814, , , , , , , 1.4439808, 0.0031891, , , , , , , 1.4439808, 0.023331, , , , , , , , , , , , , , , , , , , , , , , , , , , , 
1.4445, 0.0273594, , , , , , , 1.4445, -0.0132601, , , , , , , 1.4445, 0.0010071, , , , , , , 1.4445, 0.018967, , , , , , , , , , , , , , , , , , , , , , , , , , , , 
1.4450192, 0.0276951, , , , , , , 1.4450192, -0.0109102, , , , , , , 1.4450192, -0.0018463, , , , , , , 1.4450192, 0.0062104, , , , , , , , , , , , , , , , , , , , , , , , , , , , 
1.4455385, 0.0327306, , , , , , , 1.4455385, -0.0095674, , , , , , , 1.4455385, -0.0078889, , , , , , , 1.4455385, -0.0105745, , , , , , , , , , , , , , , , , , , , , , , , , , , , 
1.4460577, 0.0354162, , , , , , , 1.4460577, -0.008896, , , , , , , 1.4460577, -0.0125887, , , , , , , 1.4460577, -0.0256809, , , , , , , , , , , , , , , , , , , , , , , , , , , , 
1.4465769, 0.0332341, , , , , , , 1.4465769, -0.0090639, , , , , , , 1.4465769, -0.0149386, , , , , , , 1.4465769, -0.0394446, , , , , , , , , , , , , , , , , , , , , , , , , , , , 
1.4470962, 0.030045, , , , , , , 1.4470962, -0.0092317, , , , , , , 1.4470962, -0.0169528, , , , , , , 1.4470962, -0.0480049, , , , , , , , , , , , , , , , , , , , , , , , , , , , 
1.4476154, 0.0265202, , , , , , , 1.4476154, -0.0082246, , , , , , , 1.4476154, -0.017792, , , , , , , 1.4476154, -0.0480049, , , , , , , , , , , , , , , , , , , , , , , , , , , , 
1.4481346, 0.023331, , , , , , , 1.4481346, -0.0063783, , , , , , , 1.4481346, -0.0182956, , , , , , , 1.4481346, -0.0421302, , , , , , , , , , , , , , , , , , , , , , , , , , , , 
1.4486538, 0.0146029, , , , , , , 1.4486538, -0.0048676, , , , , , , 1.4486538, -0.0203098, , , , , , , 1.4486538, -0.0330663, , , , , , , , , , , , , , , , , , , , , , , , , , , , 
1.4491731, 0.0025177, , , , , , , 1.4491731, -0.0041962, , , , , , , 1.4491731, -0.0221561, , , , , , , 1.4491731, -0.0243381, , , , , , , , , , , , , , , , , , , , , , , , , , , , 
1.4496923, -0.005539, , , , , , , 1.4496923, -0.0045319, , , , , , , 1.4496923, -0.0216526, , , , , , , 1.4496923, -0.01561, , , , , , , , , , , , , , , , , , , , , , , , , , , , 
1.4502115, -0.0092317, , , , , , , 1.4502115, -0.0057069, , , , , , , 1.4502115, -0.0208133, , , , , , , 1.4502115, -0.0075532, , , , , , , , , , , , , , , , , , , , , , , , , , , , 
1.4507308, -0.0124208, , , , , , , 1.4507308, -0.005539, , , , , , , 1.4507308, -0.0182956, , , , , , , 1.4507308, -0.0010071, , , , , , , , , , , , , , , , , , , , , , , , , , , , 
1.45125, -0.0162814, , , , , , , 1.45125, -0.0050355, , , , , , , 1.45125, -0.0152743, , , , , , , 1.45125, 0.0099031, , , , , , , , , , , , , , , , , , , , , , , , , , , , 
1.4517692, -0.0182956, , , , , , , 1.4517692, -0.005539, , , , , , , 1.4517692, -0.0132601, , , , , , , 1.4517692, 0.023331, , , , , , , , , , , , , , , , , , , , , , , , , , , , 
1.4522885, -0.0146029, , , , , , , 1.4522885, -0.0065461, , , , , , , 1.4522885, -0.0132601, , , , , , , 1.4522885, 0.0317235, , , , , , , , , , , , , , , , , , , , , , , , , , , , 
1.4528077, -0.0119173, , , , , , , 1.4528077, -0.008896, , , , , , , 1.4528077, -0.0149386, , , , , , , 1.4528077, 0.0374304, , , , , , , , , , , , , , , , , , , , , , , , , , , , 
1.4533269, -0.0102388, , , , , , , 1.4533269, -0.0109102, , , , , , , 1.4533269, -0.0149386, , , , , , , 1.4533269, 0.0458228, , , , , , , , , , , , , , , , , , , , , , , , , , , , 
1.4538462, -0.0104067, , , , , , , 1.4538462, -0.0095674, , , , , , , 1.4538462, -0.0169528, , , , , , , 1.4538462, 0.0525368, , , , , , , , , , , , , , , , , , , , , , , , , , , , 
1.4543654, -0.0130922, , , , , , , 1.4543654, -0.0082246, , , , , , , 1.4543654, -0.0176242, , , , , , , 1.4543654, 0.0542153, , , , , , , , , , , , , , , , , , , , , , , , , , , , 
1.4548846, -0.0152743, , , , , , , 1.4548846, -0.0077211, , , , , , , 1.4548846, -0.0109102, , , , , , , 1.4548846, 0.0533761, , , , , , , , , , , , , , , , , , , , , , , , , , , , 
1.4554038, -0.0099031, , , , , , , 1.4554038, -0.0070497, , , , , , , 1.4554038, -0.0045319, , , , , , , 1.4554038, 0.0461585, , , , , , , , , , , , , , , , , , , , , , , , , , , , 
1.4559231, -0.0035248, , , , , , , 1.4559231, -0.0062104, , , , , , , 1.4559231, -0.0048676, , , , , , , 1.4559231, 0.0354162, , , , , , , , , , , , , , , , , , , , , , , , , , , , 
1.4564423, -0.0003357, , , , , , , 1.4564423, -0.0058747, , , , , , , 1.4564423, -0.0085603, , , , , , , 1.4564423, 0.0293736, , , , , , , , , , , , , , , , , , , , , , , , , , , , 
1.4569615, 0.0045319, , , , , , , 1.4569615, -0.0068818, , , , , , , 1.4569615, -0.0124208, , , , , , , 1.4569615, 0.0253452, , , , , , , , , , , , , , , , , , , , , , , , , , , , 
1.4574808, 0.0085603, , , , , , , 1.4574808, -0.0068818, , , , , , , 1.4574808, -0.0142672, , , , , , , 1.4574808, 0.0199741, , , , , , , , , , , , , , , , , , , , , , , , , , , , 
1.458, 0.0099031, , , , , , , 1.458, -0.0063783, , , , , , , 1.458, -0.0129244, , , , , , , 1.458, 0.0142672, , , , , , , , , , , , , , , , , , , , , , , , , , , , 
1.4585192, 0.0078889, , , , , , , 1.4585192, -0.0068818, , , , , , , 1.4585192, -0.0092317, , , , , , , 1.4585192, 0.0099031, , , , , , , , , , , , , , , , , , , , , , , , , , , , 
1.4590385, 0.0058747, , , , , , , 1.4590385, -0.0072175, , , , , , , 1.4590385, -0.0048676, , , , , , , 1.4590385, 0.0065461, , , , , , , , , , , , , , , , , , , , , , , , , , , , 
1.4595577, 0.0028534, , , , , , , 1.4595577, -0.0068818, , , , , , , 1.4595577, -0.0035248, , , , , , , 1.4595577, 0.0058747, , , , , , , , , , , , , , , , , , , , , , , , , , , , 
1.4600769, 0.0008392, , , , , , , 1.4600769, -0.0068818, , , , , , , 1.4600769, -0.0041962, , , , , , , 1.4600769, 0.0060426, , , , , , , , , , , , , , , , , , , , , , , , , , , , 
1.4605962, 0.0011749, , , , , , , 1.4605962, -0.0068818, , , , , , , 1.4605962, -0.0030213, , , , , , , 1.4605962, 0.0041962, , , , , , , , , , , , , , , , , , , , , , , , , , , , 
1.4611154, 0.0070497, , , , , , , 1.4611154, -0.0068818, , , , , , , 1.4611154, 0.0011749, , , , , , , 1.4611154, 0.0025177, , , , , , , , , , , , , , , , , , , , , , , , , , , , 
1.4616346, 0.0095674, , , , , , , 1.4616346, -0.0062104, , , , , , , 1.4616346, 0.0065461, , , , , , , 1.4616346, 0.0058747, , , , , , , , , , , , , , , , , , , , , , , , , , , , 
1.4621538, 0.0025177, , , , , , , 1.4621538, -0.0043641, , , , , , , 1.4621538, 0.0137636, , , , , , , 1.4621538, 0.0125887, , , , , , , , , , , , , , , , , , , , , , , , , , , , 
1.4626731, -0.0020142, , , , , , , 1.4626731, -0.005539, , , , , , , 1.4626731, 0.0226596, , , , , , , 1.4626731, 0.0097353, , , , , , , , , , , , , , , , , , , , , , , , , , , , 
1.4631923, 0.0005035, , , , , , , 1.4631923, -0.0068818, , , , , , , 1.4631923, 0.026688, , , , , , , 1.4631923, 0.0031891, , , , , , , , , , , , , , , , , , , , , , , , , , , , 
1.4637115, 0.008896, , , , , , , 1.4637115, -0.0068818, , , , , , , 1.4637115, 0.0273594, , , , , , , 1.4637115, 0.002182, , , , , , , , , , , , , , , , , , , , , , , , , , , , 
1.4642308, 0.0206455, , , , , , , 1.4642308, -0.0045319, , , , , , , 1.4642308, 0.026688, , , , , , , 1.4642308, 0.0053712, , , , , , , , , , , , , , , , , , , , , , , , , , , , 
1.46475, 0.0273594, , , , , , , 1.46475, -0.0008392, , , , , , , 1.46475, 0.0240024, , , , , , , 1.46475, 0.0045319, , , , , , , , , , , , , , , , , , , , , , , , , , , , 
1.4652692, 0.0354162, , , , , , , 1.4652692, 0.0018463, , , , , , , 1.4652692, 0.0172885, , , , , , , 1.4652692, -0.0068818, , , , , , , , , , , , , , , , , , , , , , , , , , , , 
1.4657885, 0.0488441, , , , , , , 1.4657885, 0.0018463, , , , , , , 1.4657885, 0.0085603, , , , , , , 1.4657885, -0.0219883, , , , , , , , , , , , , , , , , , , , , , , , , , , , 
1.4663077, 0.0508583, , , , , , , 1.4663077, -0.0001678, , , , , , , 1.4663077, 0.0008392, , , , , , , 1.4663077, -0.0293736, , , , , , , , , , , , , , , , , , , , , , , , , , , , 
1.4668269, 0.0441444, , , , , , , 1.4668269, -0.0028534, , , , , , , 1.4668269, -0.0036927, , , , , , , 1.4668269, -0.0310521, , , , , , , , , , , , , , , , , , , , , , , , , , , , 
1.4673462, 0.0399481, , , , , , , 1.4673462, -0.0052033, , , , , , , 1.4673462, -0.0078889, , , , , , , 1.4673462, -0.0339055, , , , , , , , , , , , , , , , , , , , , , , , , , , , 
1.4678654, 0.0365911, , , , , , , 1.4678654, -0.008896, , , , , , , 1.4678654, -0.0137636, , , , , , , 1.4678654, -0.0344091, , , , , , , , , , , , , , , , , , , , , , , , , , , , 
1.4683846, 0.0340734, , , , , , , 1.4683846, -0.0135958, , , , , , , 1.4683846, -0.0182956, , , , , , , 1.4683846, -0.0323949, , , , , , , , , , , , , , , , , , , , , , , , , , , , 
1.4689038, 0.0290379, , , , , , , 1.4689038, -0.0157778, , , , , , , 1.4689038, -0.0203098, , , , , , , 1.4689038, -0.0270237, , , , , , , , , , , , , , , , , , , , , , , , , , , , 
1.4694231, 0.0206455, , , , , , , 1.4694231, -0.0181277, , , , , , , 1.4694231, -0.0231632, , , , , , , 1.4694231, -0.018967, , , , , , , , , , , , , , , , , , , , , , , , , , , , 
1.4699423, 0.0172885, , , , , , , 1.4699423, -0.0182956, , , , , , , 1.4699423, -0.0263523, , , , , , , 1.4699423, -0.0105745, , , , , , , , , , , , , , , , , , , , , , , , , , , , 
1.4704615, 0.0219883, , , , , , , 1.4704615, -0.0117494, , , , , , , 1.4704615, -0.0246738, , , , , , , 1.4704615, -0.003357, , , , , , , , , , , , , , , , , , , , , , , , , , , , 
1.4709808, 0.0290379, , , , , , , 1.4709808, -0.0028534, , , , , , , 1.4709808, -0.0204776, , , , , , , 1.4709808, 0.0058747, , , , , , , , , , , , , , , , , , , , , , , , , , , , 
1.4715, 0.026688, , , , , , , 1.4715, 0.0031891, , , , , , , 1.4715, -0.0164492, , , , , , , 1.4715, 0.0184634, , , , , , , , , , , , , , , , , , , , , , , , , , , , 
1.4720192, 0.0146029, , , , , , , 1.4720192, 0.0075532, , , , , , , 1.4720192, -0.0186313, , , , , , , 1.4720192, 0.0317235, , , , , , , , , , , , , , , , , , , , , , , , , , , , 
1.4725385, 0.0008392, , , , , , , 1.4725385, 0.0105745, , , , , , , 1.4725385, -0.0229953, , , , , , , 1.4725385, 0.04448, , , , , , , , , , , , , , , , , , , , , , , , , , , , 
1.4730577, -0.0082246, , , , , , , 1.4730577, 0.0038605, , , , , , , 1.4730577, -0.0273594, , , , , , , 1.4730577, 0.054551, , , , , , , , , , , , , , , , , , , , , , , , , , , , 
1.4735769, -0.0127565, , , , , , , 1.4735769, -0.0062104, , , , , , , 1.4735769, -0.0285344, , , , , , , 1.4735769, 0.06009, , , , , , , , , , , , , , , , , , , , , , , , , , , , 
1.4740962, -0.0203098, , , , , , , 1.4740962, -0.0117494, , , , , , , 1.4740962, -0.0256809, , , , , , , 1.4740962, 0.0627756, , , , , , , , , , , , , , , , , , , , , , , , , , , , 
1.4746154, -0.0208133, , , , , , , 1.4746154, -0.0129244, , , , , , , 1.4746154, -0.0213169, , , , , , , 1.4746154, 0.0626078, , , , , , , , , , , , , , , , , , , , , , , , , , , , 
1.4751346, -0.0142672, , , , , , , 1.4751346, -0.0129244, , , , , , , 1.4751346, -0.0182956, , , , , , , 1.4751346, 0.0572366, , , , , , , , , , , , , , , , , , , , , , , , , , , , 
1.4756538, -0.0109102, , , , , , , 1.4756538, -0.012253, , , , , , , 1.4756538, -0.0182956, , , , , , , 1.4756538, 0.0471656, , , , , , , , , , , , , , , , , , , , , , , , , , , , 
1.4761731, -0.0065461, , , , , , , 1.4761731, -0.0115816, , , , , , , 1.4761731, -0.0171206, , , , , , , 1.4761731, 0.0381018, , , , , , , , , , , , , , , , , , , , , , , , , , , , 
1.4766923, -0.0018463, , , , , , , 1.4766923, -0.011078, , , , , , , 1.4766923, -0.0125887, , , , , , , 1.4766923, 0.0305486, , , , , , , , , , , , , , , , , , , , , , , , , , , , 
1.4772115, -0.002182, , , , , , , 1.4772115, -0.0124208, , , , , , , 1.4772115, -0.0082246, , , , , , , 1.4772115, 0.023331, , , , , , , , , , , , , , , , , , , , , , , , , , , , 
1.4777308, -0.0028534, , , , , , , 1.4777308, -0.01561, , , , , , , 1.4777308, -0.002182, , , , , , , 1.4777308, 0.0186313, , , , , , , , , , , , , , , , , , , , , , , , , , , , 
1.47825, 0.0005035, , , , , , , 1.47825, -0.0176242, , , , , , , 1.47825, 0.0048676, , , , , , , 1.47825, 0.0125887, , , , , , , , , , , , , , , , , , , , , , , , , , , , 
1.4787692, 0.0025177, , , , , , , 1.4787692, -0.0162814, , , , , , , 1.4787692, 0.0104067, , , , , , , 1.4787692, 0.0072175, , , , , , , , , , , , , , , , , , , , , , , , , , , , 
1.4792885, 0.0058747, , , , , , , 1.4792885, -0.0162814, , , , , , , 1.4792885, 0.0105745, , , , , , , 1.4792885, 0.0062104, , , , , , , , , , , , , , , , , , , , , , , , , , , , 
1.4798077, 0.0062104, , , , , , , 1.4798077, -0.0172885, , , , , , , 1.4798077, 0.0092317, , , , , , , 1.4798077, 0.0065461, , , , , , , , , , , , , , , , , , , , , , , , , , , , 
1.4803269, 0.0072175, , , , , , , 1.4803269, -0.0167849, , , , , , , 1.4803269, 0.0109102, , , , , , , 1.4803269, 0.0025177, , , , , , , , , , , , , , , , , , , , , , , , , , , , 
1.4808462, 0.0139315, , , , , , , 1.4808462, -0.0132601, , , , , , , 1.4808462, 0.0105745, , , , , , , 1.4808462, -0.0030213, , , , , , , , , , , , , , , , , , , , , , , , , , , , 
1.4813654, 0.0219883, , , , , , , 1.4813654, -0.0065461, , , , , , , 1.4813654, 0.0050355, , , , , , , 1.4813654, -0.0045319, , , , , , , , , , , , , , , , , , , , , , , , , , , , 
1.4818846, 0.0313878, , , , , , , 1.4818846, 0.0057069, , , , , , , 1.4818846, 0.0005035, , , , , , , 1.4818846, -0.0028534, , , , , , , , , , , , , , , , , , , , , , , , , , , , 
1.4824038, 0.043473, , , , , , , 1.4824038, 0.0159457, , , , , , , 1.4824038, -0.002182, , , , , , , 1.4824038, -0.0028534, , , , , , , , , , , , , , , , , , , , , , , , , , , , 
1.4829231, 0.051194, , , , , , , 1.4829231, 0.0169528, , , , , , , 1.4829231, -0.0048676, , , , , , , 1.4829231, 0.0011749, , , , , , , , , , , , , , , , , , , , , , , , , , , , 
1.4834423, 0.054551, , , , , , , 1.4834423, 0.0112459, , , , , , , 1.4834423, -0.0082246, , , , , , , 1.4834423, 0.0035248, , , , , , , , , , , , , , , , , , , , , , , , , , , , 
1.4839615, 0.0548867, , , , , , , 1.4839615, 0.0058747, , , , , , , 1.4839615, -0.0117494, , , , , , , 1.4839615, 0.0025177, , , , , , , , , , , , , , , , , , , , , , , , , , , , 
1.4844808, 0.0565652, , , , , , , 1.4844808, -0.0008392, , , , , , , 1.4844808, -0.0152743, , , , , , , 1.4844808, -0.0006714, , , , , , , , , , , , , , , , , , , , , , , , , , , , 
1.485, 0.0592508, , , , , , , 1.485, -0.0109102, , , , , , , 1.485, -0.0157778, , , , , , , 1.485, -0.0099031, , , , , , , , , , , , , , , , , , , , , , , , , , , , 
1.4855192, 0.0595865, , , , , , , 1.4855192, -0.0226596, , , , , , , 1.4855192, -0.0166171, , , , , , , 1.4855192, -0.0196384, , , , , , , , , , , , , , , , , , , , , , , , , , , , 
1.4860385, 0.0555581, , , , , , , 1.4860385, -0.0303807, , , , , , , 1.4860385, -0.0176242, , , , , , , 1.4860385, -0.0256809, , , , , , , , , , , , , , , , , , , , , , , , , , , , 
1.4865577, 0.0461585, , , , , , , 1.4865577, -0.0323949, , , , , , , 1.4865577, -0.0162814, , , , , , , 1.4865577, -0.0297093, , , , , , , , , , , , , , , , , , , , , , , , , , , , 
1.4870769, 0.0384375, , , , , , , 1.4870769, -0.0317235, , , , , , , 1.4870769, -0.0130922, , , , , , , 1.4870769, -0.0303807, , , , , , , , , , , , , , , , , , , , , , , , , , , , 
1.4875962, 0.0317235, , , , , , , 1.4875962, -0.0297093, , , , , , , 1.4875962, -0.0102388, , , , , , , 1.4875962, -0.0273594, , , , , , , , , , , , , , , , , , , , , , , , , , , , 
1.4881154, 0.023331, , , , , , , 1.4881154, -0.0263523, , , , , , , 1.4881154, -0.008896, , , , , , , 1.4881154, -0.0223239, , , , , , , , , , , , , , , , , , , , , , , , , , , , 
1.4886346, 0.0130922, , , , , , , 1.4886346, -0.0213169, , , , , , , 1.4886346, -0.0075532, , , , , , , 1.4886346, -0.01561, , , , , , , , , , , , , , , , , , , , , , , , , , , , 
1.4891538, 0.0057069, , , , , , , 1.4891538, -0.0176242, , , , , , , 1.4891538, -0.0072175, , , , , , , 1.4891538, -0.0045319, , , , , , , , , , , , , , , , , , , , , , , , , , , , 
1.4896731, -0.0003357, , , , , , , 1.4896731, -0.01561, , , , , , , 1.4896731, -0.0065461, , , , , , , 1.4896731, 0.0092317, , , , , , , , , , , , , , , , , , , , , , , , , , , , 
1.4901923, -0.0085603, , , , , , , 1.4901923, -0.0135958, , , , , , , 1.4901923, -0.0052033, , , , , , , 1.4901923, 0.0172885, , , , , , , , , , , , , , , , , , , , , , , , , , , , 
1.4907115, -0.01561, , , , , , , 1.4907115, -0.0132601, , , , , , , 1.4907115, -0.0062104, , , , , , , 1.4907115, 0.0240024, , , , , , , , , , , , , , , , , , , , , , , , , , , , 
1.4912308, -0.0172885, , , , , , , 1.4912308, -0.0142672, , , , , , , 1.4912308, -0.0058747, , , , , , , 1.4912308, 0.0330663, , , , , , , , , , , , , , , , , , , , , , , , , , , , 
1.49175, -0.0152743, , , , , , , 1.49175, -0.0125887, , , , , , , 1.49175, -0.0008392, , , , , , , 1.49175, 0.0431373, , , , , , , , , , , , , , , , , , , , , , , , , , , , 
1.4922692, -0.012253, , , , , , , 1.4922692, -0.0075532, , , , , , , 1.4922692, 0.0031891, , , , , , , 1.4922692, 0.0528725, , , , , , , , , , , , , , , , , , , , , , , , , , , , 
1.4927885, -0.0058747, , , , , , , 1.4927885, -0.0005035, , , , , , , 1.4927885, 0.0031891, , , , , , , 1.4927885, 0.0582437, , , , , , , , , , , , , , , , , , , , , , , , , , , , 
1.4933077, -0.0082246, , , , , , , 1.4933077, 0.0025177, , , , , , , 1.4933077, -0.0028534, , , , , , , 1.4933077, 0.0641184, , , , , , , , , , , , , , , , , , , , , , , , , , , , 
1.4938269, -0.012253, , , , , , , 1.4938269, 0.0018463, , , , , , , 1.4938269, -0.0193027, , , , , , , 1.4938269, 0.0696574, , , , , , , , , , , , , , , , , , , , , , , , , , , , 
1.4943462, -0.0085603, , , , , , , 1.4943462, 0.0003357, , , , , , , 1.4943462, -0.0327306, , , , , , , 1.4943462, 0.0704967, , , , , , , , , , , , , , , , , , , , , , , , , , , , 
1.4948654, 0.0011749, , , , , , , 1.4948654, 0.0018463, , , , , , , 1.4948654, -0.0337377, , , , , , , 1.4948654, 0.0649577, , , , , , , , , , , , , , , , , , , , , , , , , , , , 
1.4953846, 0.0119173, , , , , , , 1.4953846, 0.011078, , , , , , , 1.4953846, -0.0276951, , , , , , , 1.4953846, 0.0535439, , , , , , , , , , , , , , , , , , , , , , , , , , , , 
1.4959038, 0.0199741, , , , , , , 1.4959038, 0.0234989, , , , , , , 1.4959038, -0.018967, , , , , , , 1.4959038, 0.0411231, , , , , , , , , , , , , , , , , , , , , , , , , , , , 
1.4964231, 0.0238346, , , , , , , 1.4964231, 0.0320592, , , , , , , 1.4964231, -0.0085603, , , , , , , 1.4964231, 0.0318914, , , , , , , , , , , , , , , , , , , , , , , , , , , , 
1.4969423, 0.0253452, , , , , , , 1.4969423, 0.0417945, , , , , , , 1.4969423, 0.0031891, , , , , , , 1.4969423, 0.0246738, , , , , , , , , , , , , , , , , , , , , , , , , , , , 
1.4974615, 0.026688, , , , , , , 1.4974615, 0.0451514, , , , , , , 1.4974615, 0.0166171, , , , , , , 1.4974615, 0.018967, , , , , , , , , , , , , , , , , , , , , , , , , , , , 
1.4979808, 0.0253452, , , , , , , 1.4979808, 0.0347448, , , , , , , 1.4979808, 0.0253452, , , , , , , 1.4979808, 0.0146029, , , , , , , , , , , , , , , , , , , , , , , , , , , , 
1.4985, 0.0223239, , , , , , , 1.4985, 0.0159457, , , , , , , 1.4985, 0.0223239, , , , , , , 1.4985, 0.0119173, , , , , , , , , , , , , , , , , , , , , , , , , , , , 
1.4990192, 0.0182956, , , , , , , 1.4990192, 0.0016785, , , , , , , 1.4990192, 0.0104067, , , , , , , 1.4990192, 0.0099031, , , , , , , , , , , , , , , , , , , , , , , , , , , , 
1.4995385, 0.0149386, , , , , , , 1.4995385, -0.0011749, , , , , , , 1.4995385, 0.0038605, , , , , , , 1.4995385, 0.0078889, , , , , , , , , , , , , , , , , , , , , , , , , , , , 
1.5000577, 0.0181277, , , , , , , 1.5000577, 0.0058747, , , , , , , 1.5000577, -0.0008392, , , , , , , 1.5000577, 0.005539, , , , , , , , , , , , , , , , , , , , , , , , , , , , 
1.5005769, 0.0199741, , , , , , , 1.5005769, 0.0099031, , , , , , , 1.5005769, -0.0045319, , , , , , , 1.5005769, 0.0030213, , , , , , , , , , , , , , , , , , , , , , , , , , , , 
1.5010962, 0.0182956, , , , , , , 1.5010962, -0.0016785, , , , , , , 1.5010962, -0.0068818, , , , , , , 1.5010962, 0.0023499, , , , , , , , , , , , , , , , , , , , , , , , , , , , 
1.5016154, 0.0186313, , , , , , , 1.5016154, -0.0236667, , , , , , , 1.5016154, -0.0095674, , , , , , , 1.5016154, 0.0018463, , , , , , , , , , , , , , , , , , , , , , , , , , , , 
1.5021346, 0.0226596, , , , , , , 1.5021346, -0.0374304, , , , , , , 1.5021346, -0.0127565, , , , , , , 1.5021346, 0.0038605, , , , , , , , , , , , , , , , , , , , , , , , , , , , 
1.5026538, 0.0203098, , , , , , , 1.5026538, -0.0396124, , , , , , , 1.5026538, -0.012253, , , , , , , 1.5026538, 0.0078889, , , , , , , , , , , , , , , , , , , , , , , , , , , , 
1.5031731, 0.0159457, , , , , , , 1.5031731, -0.0397803, , , , , , , 1.5031731, -0.0105745, , , , , , , 1.5031731, 0.0097353, , , , , , , , , , , , , , , , , , , , , , , , , , , , 
1.5036923, 0.0164492, , , , , , , 1.5036923, -0.0500191, , , , , , , 1.5036923, -0.0115816, , , , , , , 1.5036923, 0.0077211, , , , , , , , , , , , , , , , , , , , , , , , , , , , 
1.5042115, 0.0179599, , , , , , , 1.5042115, -0.063447, , , , , , , 1.5042115, -0.0152743, , , , , , , 1.5042115, 0.0058747, , , , , , , , , , , , , , , , , , , , , , , , , , , , 
1.5047308, 0.0223239, , , , , , , 1.5047308, -0.0619364, , , , , , , 1.5047308, -0.0182956, , , , , , , 1.5047308, 0.0025177, , , , , , , , , , , , , , , , , , , , , , , , , , , , 
1.50525, 0.0270237, , , , , , , 1.50525, -0.0518654, , , , , , , 1.50525, -0.021149, , , , , , , 1.50525, -0.005539, , , , , , , , , , , , , , , , , , , , , , , , , , , , 
1.5057692, 0.0253452, , , , , , , 1.5057692, -0.0454871, , , , , , , 1.5057692, -0.0236667, , , , , , , 1.5057692, -0.0166171, , , , , , , , , , , , , , , , , , , , , , , , , , , , 
1.5062885, 0.0216526, , , , , , , 1.5062885, -0.0439765, , , , , , , 1.5062885, -0.0263523, , , , , , , 1.5062885, -0.0250095, , , , , , , , , , , , , , , , , , , , , , , , , , , , 
1.5068077, 0.0171206, , , , , , , 1.5068077, -0.0381018, , , , , , , 1.5068077, -0.0303807, , , , , , , 1.5068077, -0.0280308, , , , , , , , , , , , , , , , , , , , , , , , , , , , 
1.5073269, 0.0186313, , , , , , , 1.5073269, -0.0275273, , , , , , , 1.5073269, -0.0323949, , , , , , , 1.5073269, -0.0260166, , , , , , , , , , , , , , , , , , , , , , , , , , , , 
1.5078462, 0.0216526, , , , , , , 1.5078462, -0.0176242, , , , , , , 1.5078462, -0.0303807, , , , , , , 1.5078462, -0.023331, , , , , , , , , , , , , , , , , , , , , , , , , , , , 
1.5083654, 0.0213169, , , , , , , 1.5083654, -0.0102388, , , , , , , 1.5083654, -0.0273594, , , , , , , 1.5083654, -0.0213169, , , , , , , , , , , , , , , , , , , , , , , , , , , , 
1.5088846, 0.0139315, , , , , , , 1.5088846, -0.0075532, , , , , , , 1.5088846, -0.0263523, , , , , , , 1.5088846, -0.0149386, , , , , , , , , , , , , , , , , , , , , , , , , , , , 
1.5094038, 0.0038605, , , , , , , 1.5094038, 0.0003357, , , , , , , 1.5094038, -0.0256809, , , , , , , 1.5094038, -0.0038605, , , , , , , , , , , , , , , , , , , , , , , , , , , , 
1.5099231, 0.0030213, , , , , , , 1.5099231, 0.0078889, , , , , , , 1.5099231, -0.0238346, , , , , , , 1.5099231, 0.0105745, , , , , , , , , , , , , , , , , , , , , , , , , , , , 
1.5104423, 0.0062104, , , , , , , 1.5104423, 0.0092317, , , , , , , 1.5104423, -0.0203098, , , , , , , 1.5104423, 0.0193027, , , , , , , , , , , , , , , , , , , , , , , , , , , , 
1.5109615, 0.0087282, , , , , , , 1.5109615, 0.0068818, , , , , , , 1.5109615, -0.0142672, , , , , , , 1.5109615, 0.0246738, , , , , , , , , , , , , , , , , , , , , , , , , , , , 
1.5114808, 0.0058747, , , , , , , 1.5114808, 0.0036927, , , , , , , 1.5114808, -0.011078, , , , , , , 1.5114808, 0.0323949, , , , , , , , , , , , , , , , , , , , , , , , , , , , 
1.512, -0.0008392, , , , , , , 1.512, -0.0008392, , , , , , , 1.512, -0.0162814, , , , , , , 1.512, 0.040116, , , , , , , , , , , , , , , , , , , , , , , , , , , , 
1.5125192, -0.003357, , , , , , , 1.5125192, -0.005539, , , , , , , 1.5125192, -0.0317235, , , , , , , 1.5125192, 0.047837, , , , , , , , , , , , , , , , , , , , , , , , , , , , 
1.5130385, -0.0001678, , , , , , , 1.5130385, -0.0104067, , , , , , , 1.5130385, -0.0508583, , , , , , , 1.5130385, 0.0505226, , , , , , , , , , , , , , , , , , , , , , , , , , , , 
1.5135577, -0.0005035, , , , , , , 1.5135577, -0.0139315, , , , , , , 1.5135577, -0.0582437, , , , , , , 1.5135577, 0.0501869, , , , , , , , , , , , , , , , , , , , , , , , , , , , 
1.5140769, -0.002182, , , , , , , 1.5140769, -0.0176242, , , , , , , 1.5140769, -0.0471656, , , , , , , 1.5140769, 0.0515297, , , , , , , , , , , , , , , , , , , , , , , , , , , , 
1.5145962, 0.0035248, , , , , , , 1.5145962, -0.0216526, , , , , , , 1.5145962, -0.0307164, , , , , , , 1.5145962, 0.0522011, , , , , , , , , , , , , , , , , , , , , , , , , , , , 
1.5151154, 0.0132601, , , , , , , 1.5151154, -0.0203098, , , , , , , 1.5151154, -0.0152743, , , , , , , 1.5151154, 0.047837, , , , , , , , , , , , , , , , , , , , , , , , , , , , 
1.5156346, 0.0182956, , , , , , , 1.5156346, -0.0151064, , , , , , , 1.5156346, 0.0005035, , , , , , , 1.5156346, 0.0396124, , , , , , , , , , , , , , , , , , , , , , , , , , , , 
1.5161538, 0.0246738, , , , , , , 1.5161538, -0.0109102, , , , , , , 1.5161538, 0.0152743, , , , , , , 1.5161538, 0.0323949, , , , , , , , , , , , , , , , , , , , , , , , , , , , 
1.5166731, 0.0354162, , , , , , , 1.5166731, -0.0075532, , , , , , , 1.5166731, 0.0243381, , , , , , , 1.5166731, 0.0290379, , , , , , , , , , , , , , , , , , , , , , , , , , , , 
1.5171923, 0.0370947, , , , , , , 1.5171923, -0.0062104, , , , , , , 1.5171923, 0.023331, , , , , , , 1.5171923, 0.0253452, , , , , , , , , , , , , , , , , , , , , , , , , , , , 
1.5177115, 0.0238346, , , , , , , 1.5177115, -0.0082246, , , , , , , 1.5177115, 0.0038605, , , , , , , 1.5177115, 0.0209812, , , , , , , , , , , , , , , , , , , , , , , , , , , , 
1.5182308, 0.0092317, , , , , , , 1.5182308, -0.0048676, , , , , , , 1.5182308, -0.0216526, , , , , , , 1.5182308, 0.0166171, , , , , , , , , , , , , , , , , , , , , , , , , , , , 
1.51875, 0.0008392, , , , , , , 1.51875, 0.0025177, , , , , , , 1.51875, -0.0302129, , , , , , , 1.51875, 0.0142672, , , , , , , , , , , , , , , , , , , , , , , , , , , , 
1.5192692, -0.0062104, , , , , , , 1.5192692, 0.0092317, , , , , , , 1.5192692, -0.0193027, , , , , , , 1.5192692, 0.0119173, , , , , , , , , , , , , , , , , , , , , , , , , , , , 
1.5197885, -0.0105745, , , , , , , 1.5197885, 0.0099031, , , , , , , 1.5197885, 0.0025177, , , , , , , 1.5197885, 0.0105745, , , , , , , , , , , , , , , , , , , , , , , , , , , , 
1.5203077, -0.012253, , , , , , , 1.5203077, 0.0072175, , , , , , , 1.5203077, 0.023331, , , , , , , 1.5203077, 0.0065461, , , , , , , , , , , , , , , , , , , , , , , , , , , , 
1.5208269, -0.0072175, , , , , , , 1.5208269, 0.0052033, , , , , , , 1.5208269, 0.0370947, , , , , , , 1.5208269, 0.0038605, , , , , , , , , , , , , , , , , , , , , , , , , , , , 
1.5213462, 0.0035248, , , , , , , 1.5213462, 0.0062104, , , , , , , 1.5213462, 0.0448157, , , , , , , 1.5213462, 0.0038605, , , , , , , , , , , , , , , , , , , , , , , , , , , , 
1.5218654, 0.0112459, , , , , , , 1.5218654, 0.0104067, , , , , , , 1.5218654, 0.0471656, , , , , , , 1.5218654, 0.0048676, , , , , , , , , , , , , , , , , , , , , , , , , , , , 
1.5223846, 0.0085603, , , , , , , 1.5223846, 0.0125887, , , , , , , 1.5223846, 0.0451514, , , , , , , 1.5223846, 0.0028534, , , , , , , , , , , , , , , , , , , , , , , , , , , , 
1.5229038, 0.0030213, , , , , , , 1.5229038, 0.0117494, , , , , , , 1.5229038, 0.040116, , , , , , , 1.5229038, 0.0010071, , , , , , , , , , , , , , , , , , , , , , , , , , , , 
1.5234231, -0.0001678, , , , , , , 1.5234231, 0.0063783, , , , , , , 1.5234231, 0.0340734, , , , , , , 1.5234231, 0.0035248, , , , , , , , , , , , , , , , , , , , , , , , , , , , 
1.5239423, 0.0005035, , , , , , , 1.5239423, 0.0031891, , , , , , , 1.5239423, 0.0280308, , , , , , , 1.5239423, 0.005539, , , , , , , , , , , , , , , , , , , , , , , , , , , , 
1.5244615, 0.0031891, , , , , , , 1.5244615, 0.0065461, , , , , , , 1.5244615, 0.0258488, , , , , , , 1.5244615, 0.0030213, , , , , , , , , , , , , , , , , , , , , , , , , , , , 
1.5249808, 0.0075532, , , , , , , 1.5249808, 0.0125887, , , , , , , 1.5249808, 0.026688, , , , , , , 1.5249808, -0.0035248, , , , , , , , , , , , , , , , , , , , , , , , , , , , 
1.5255, 0.0119173, , , , , , , 1.5255, 0.0166171, , , , , , , 1.5255, 0.0231632, , , , , , , 1.5255, -0.0112459, , , , , , , , , , , , , , , , , , , , , , , , , , , , 
1.5260192, 0.0176242, , , , , , , 1.5260192, 0.0139315, , , , , , , 1.5260192, 0.0105745, , , , , , , 1.5260192, -0.01561, , , , , , , , , , , , , , , , , , , , , , , , , , , , 
1.5265385, 0.024506, , , , , , , 1.5265385, 0.0085603, , , , , , , 1.5265385, -0.0028534, , , , , , , 1.5265385, -0.0179599, , , , , , , , , , , , , , , , , , , , , , , , , , , , 
1.5270577, 0.0318914, , , , , , , 1.5270577, 0.0075532, , , , , , , 1.5270577, -0.0095674, , , , , , , 1.5270577, -0.0196384, , , , , , , , , , , , , , , , , , , , , , , , , , , , 
1.5275769, 0.0325628, , , , , , , 1.5275769, 0.0090639, , , , , , , 1.5275769, -0.0115816, , , , , , , 1.5275769, -0.0218204, , , , , , , , , , , , , , , , , , , , , , , , , , , , 
1.5280962, 0.0280308, , , , , , , 1.5280962, 0.0025177, , , , , , , 1.5280962, -0.012253, , , , , , , 1.5280962, -0.0186313, , , , , , , , , , , , , , , , , , , , , , , , , , , , 
1.5286154, 0.026688, , , , , , , 1.5286154, -0.012253, , , , , , , 1.5286154, -0.0115816, , , , , , , 1.5286154, -0.0085603, , , , , , , , , , , , , , , , , , , , , , , , , , , , 
1.5291346, 0.0260166, , , , , , , 1.5291346, -0.0256809, , , , , , , 1.5291346, -0.0112459, , , , , , , 1.5291346, 0.0031891, , , , , , , , , , , , , , , , , , , , , , , , , , , , 
1.5296538, 0.026688, , , , , , , 1.5296538, -0.0407874, , , , , , , 1.5296538, -0.0129244, , , , , , , 1.5296538, 0.0125887, , , , , , , , , , , , , , , , , , , , , , , , , , , , 
1.5301731, 0.0250095, , , , , , , 1.5301731, -0.0506905, , , , , , , 1.5301731, -0.0176242, , , , , , , 1.5301731, 0.0199741, , , , , , , , , , , , , , , , , , , , , , , , , , , , 
1.5306923, 0.0186313, , , , , , , 1.5306923, -0.0449836, , , , , , , 1.5306923, -0.0198062, , , , , , , 1.5306923, 0.0270237, , , , , , , , , , , , , , , , , , , , , , , , , , , , 
1.5312115, 0.0142672, , , , , , , 1.5312115, -0.0320592, , , , , , , 1.5312115, -0.018967, , , , , , , 1.5312115, 0.0347448, , , , , , , , , , , , , , , , , , , , , , , , , , , , 
1.5317308, 0.0078889, , , , , , , 1.5317308, -0.021149, , , , , , , 1.5317308, -0.0137636, , , , , , , 1.5317308, 0.0431373, , , , , , , , , , , , , , , , , , , , , , , , , , , , 
1.53225, 0.0011749, , , , , , , 1.53225, -0.0124208, , , , , , , 1.53225, -0.0092317, , , , , , , 1.53225, 0.0488441, , , , , , , , , , , , , , , , , , , , , , , , , , , , 
1.5327692, -0.0003357, , , , , , , 1.5327692, -0.005539, , , , , , , 1.5327692, -0.0099031, , , , , , , 1.5327692, 0.0572366, , , , , , , , , , , , , , , , , , , , , , , , , , , , 
1.5332885, -0.0018463, , , , , , , 1.5332885, 0.0078889, , , , , , , 1.5332885, -0.0135958, , , , , , , 1.5332885, 0.0626078, , , , , , , , , , , , , , , , , , , , , , , , , , , , 
1.5338077, -0.008896, , , , , , , 1.5338077, 0.0193027, , , , , , , 1.5338077, -0.0186313, , , , , , , 1.5338077, 0.0622721, , , , , , , , , , , , , , , , , , , , , , , , , , , , 
1.5343269, -0.0135958, , , , , , , 1.5343269, 0.0095674, , , , , , , 1.5343269, -0.0229953, , , , , , , 1.5343269, 0.0572366, , , , , , , , , , , , , , , , , , , , , , , , , , , , 
1.5348462, -0.0099031, , , , , , , 1.5348462, -0.0109102, , , , , , , 1.5348462, -0.0229953, , , , , , , 1.5348462, 0.0485084, , , , , , , , , , , , , , , , , , , , , , , , , , , , 
1.5353654, -0.0041962, , , , , , , 1.5353654, -0.0169528, , , , , , , 1.5353654, -0.0216526, , , , , , , 1.5353654, 0.033402, , , , , , , , , , , , , , , , , , , , , , , , , , , , 
1.5358846, -0.0020142, , , , , , , 1.5358846, -0.008896, , , , , , , 1.5358846, -0.0216526, , , , , , , 1.5358846, 0.0169528, , , , , , , , , , , , , , , , , , , , , , , , , , , , 
1.5364038, 0.0005035, , , , , , , 1.5364038, -0.0008392, , , , , , , 1.5364038, -0.0229953, , , , , , , 1.5364038, 0.0008392, , , , , , , , , , , , , , , , , , , , , , , , , , , , 
1.5369231, 0.0052033, , , , , , , 1.5369231, 0.0011749, , , , , , , 1.5369231, -0.0229953, , , , , , , 1.5369231, -0.0109102, , , , , , , , , , , , , , , , , , , , , , , , , , , , 
1.5374423, 0.0078889, , , , , , , 1.5374423, 0.0005035, , , , , , , 1.5374423, -0.0209812, , , , , , , 1.5374423, -0.0125887, , , , , , , , , , , , , , , , , , , , , , , , , , , , 
1.5379615, 0.005539, , , , , , , 1.5379615, -0.0041962, , , , , , , 1.5379615, -0.0164492, , , , , , , 1.5379615, -0.0048676, , , , , , , , , , , , , , , , , , , , , , , , , , , , 
1.5384808, 0.0038605, , , , , , , 1.5384808, -0.012253, , , , , , , 1.5384808, -0.0135958, , , , , , , 1.5384808, 0.0028534, , , , , , , , , , , , , , , , , , , , , , , , , , , , 
1.539, 0.0052033, , , , , , , 1.539, -0.0171206, , , , , , , 1.539, -0.0130922, , , , , , , 1.539, 0.0068818, , , , , , , , , , , , , , , , , , , , , , , , , , , , 
1.5395192, 0.0052033, , , , , , , 1.5395192, -0.0182956, , , , , , , 1.5395192, -0.0115816, , , , , , , 1.5395192, 0.010071, , , , , , , , , , , , , , , , , , , , , , , , , , , , 
1.5400385, 0.0038605, , , , , , , 1.5400385, -0.021149, , , , , , , 1.5400385, -0.0109102, , , , , , , 1.5400385, 0.0132601, , , , , , , , , , , , , , , , , , , , , , , , , , , , 
1.5405577, 0.0082246, , , , , , , 1.5405577, -0.0243381, , , , , , , 1.5405577, -0.0139315, , , , , , , 1.5405577, 0.0132601, , , , , , , , , , , , , , , , , , , , , , , , , , , , 
1.5410769, 0.0125887, , , , , , , 1.5410769, -0.0263523, , , , , , , 1.5410769, -0.0164492, , , , , , , 1.5410769, 0.0132601, , , , , , , , , , , , , , , , , , , , , , , , , , , , 
1.5415962, 0.0115816, , , , , , , 1.5415962, -0.0256809, , , , , , , 1.5415962, -0.0166171, , , , , , , 1.5415962, 0.0135958, , , , , , , , , , , , , , , , , , , , , , , , , , , , 
1.5421154, 0.0125887, , , , , , , 1.5421154, -0.0256809, , , , , , , 1.5421154, -0.0149386, , , , , , , 1.5421154, 0.0115816, , , , , , , , , , , , , , , , , , , , , , , , , , , , 
1.5426346, 0.0132601, , , , , , , 1.5426346, -0.0253452, , , , , , , 1.5426346, -0.0129244, , , , , , , 1.5426346, 0.0105745, , , , , , , , , , , , , , , , , , , , , , , , , , , , 
1.5431538, 0.0149386, , , , , , , 1.5431538, -0.0203098, , , , , , , 1.5431538, -0.0132601, , , , , , , 1.5431538, 0.0092317, , , , , , , , , , , , , , , , , , , , , , , , , , , , 
1.5436731, 0.0240024, , , , , , , 1.5436731, -0.0105745, , , , , , , 1.5436731, -0.0135958, , , , , , , 1.5436731, 0.0078889, , , , , , , , , , , , , , , , , , , , , , , , , , , , 
1.5441923, 0.0337377, , , , , , , 1.5441923, -0.0035248, , , , , , , 1.5441923, -0.0112459, , , , , , , 1.5441923, 0.0058747, , , , , , , , , , , , , , , , , , , , , , , , , , , , 
1.5447115, 0.0397803, , , , , , , 1.5447115, -0.0016785, , , , , , , 1.5447115, -0.0095674, , , , , , , 1.5447115, -0.0011749, , , , , , , , , , , , , , , , , , , , , , , , , , , , 
1.5452308, 0.0426337, , , , , , , 1.5452308, -0.0025177, , , , , , , 1.5452308, -0.0105745, , , , , , , 1.5452308, -0.012253, , , , , , , , , , , , , , , , , , , , , , , , , , , , 
1.54575, 0.0464942, , , , , , , 1.54575, -0.003357, , , , , , , 1.54575, -0.0119173, , , , , , , 1.54575, -0.0209812, , , , , , , , , , , , , , , , , , , , , , , , , , , , 
1.5462692, 0.0516976, , , , , , , 1.5462692, -0.0035248, , , , , , , 1.5462692, -0.0095674, , , , , , , 1.5462692, -0.0256809, , , , , , , , , , , , , , , , , , , , , , , , , , , , 
1.5467885, 0.0525368, , , , , , , 1.5467885, -0.0041962, , , , , , , 1.5467885, -0.0036927, , , , , , , 1.5467885, -0.0270237, , , , , , , , , , , , , , , , , , , , , , , , , , , , 
1.5473077, 0.043473, , , , , , , 1.5473077, -0.0045319, , , , , , , 1.5473077, 0.0028534, , , , , , , 1.5473077, -0.0270237, , , , , , , , , , , , , , , , , , , , , , , , , , , , 
1.5478269, 0.0360876, , , , , , , 1.5478269, -0.0031891, , , , , , , 1.5478269, 0.0045319, , , , , , , 1.5478269, -0.0265202, , , , , , , , , , , , , , , , , , , , , , , , , , , , 
1.5483462, 0.0290379, , , , , , , 1.5483462, -0.0038605, , , , , , , 1.5483462, -0.0001678, , , , , , , 1.5483462, -0.0229953, , , , , , , , , , , , , , , , , , , , , , , , , , , , 
1.5488654, 0.0213169, , , , , , , 1.5488654, -0.0041962, , , , , , , 1.5488654, -0.0077211, , , , , , , 1.5488654, -0.0152743, , , , , , , , , , , , , , , , , , , , , , , , , , , , 
1.5493846, 0.0162814, , , , , , , 1.5493846, -0.0005035, , , , , , , 1.5493846, -0.01561, , , , , , , 1.5493846, -0.0072175, , , , , , , , , , , , , , , , , , , , , , , , , , , , 
1.5499038, 0.0236667, , , , , , , 1.5499038, 0.0028534, , , , , , , 1.5499038, -0.0206455, , , , , , , 1.5499038, -0.0001678, , , , , , , , , , , , , , , , , , , , , , , , , , , , 
1.5504231, 0.0381018, , , , , , , 1.5504231, 0.0052033, , , , , , , 1.5504231, -0.0186313, , , , , , , 1.5504231, 0.0072175, , , , , , , , , , , , , , , , , , , , , , , , , , , , 
1.5509423, 0.0438087, , , , , , , 1.5509423, 0.008896, , , , , , , 1.5509423, -0.0075532, , , , , , , 1.5509423, 0.0172885, , , , , , , , , , , , , , , , , , , , , , , , , , , , 
1.5514615, 0.0381018, , , , , , , 1.5514615, 0.0119173, , , , , , , 1.5514615, 0.0010071, , , , , , , 1.5514615, 0.0276951, , , , , , , , , , , , , , , , , , , , , , , , , , , , 
1.5519808, 0.0297093, , , , , , , 1.5519808, 0.0125887, , , , , , , 1.5519808, 0.0028534, , , , , , , 1.5519808, 0.0364233, , , , , , , , , , , , , , , , , , , , , , , , , , , , 
1.5525, 0.0270237, , , , , , , 1.5525, 0.0169528, , , , , , , 1.5525, 0.0038605, , , , , , , 1.5525, 0.0424659, , , , , , , , , , , , , , , , , , , , , , , , , , , , 
1.5530192, 0.024506, , , , , , , 1.5530192, 0.0260166, , , , , , , 1.5530192, 0.0045319, , , , , , , 1.5530192, 0.0475013, , , , , , , , , , , , , , , , , , , , , , , , , , , , 
1.5535385, 0.0186313, , , , , , , 1.5535385, 0.0313878, , , , , , , 1.5535385, 0.0035248, , , , , , , 1.5535385, 0.0542153, , , , , , , , , , , , , , , , , , , , , , , , , , , , 
1.5540577, 0.0102388, , , , , , , 1.5540577, 0.0359197, , , , , , , 1.5540577, -0.0028534, , , , , , , 1.5540577, 0.0582437, , , , , , , , , , , , , , , , , , , , , , , , , , , , 
1.5545769, 0.0052033, , , , , , , 1.5545769, 0.0495155, , , , , , , 1.5545769, -0.0062104, , , , , , , 1.5545769, 0.0572366, , , , , , , , , , , , , , , , , , , , , , , , , , , , 
1.5550962, 0.0008392, , , , , , , 1.5550962, 0.0696574, , , , , , , 1.5550962, -0.005539, , , , , , , 1.5550962, 0.0495155, , , , , , , , , , , , , , , , , , , , , , , , , , , , 
1.5556154, -0.0038605, , , , , , , 1.5556154, 0.0743572, , , , , , , 1.5556154, -0.0028534, , , , , , , 1.5556154, 0.0377661, , , , , , , , , , , , , , , , , , , , , , , , , , , , 
1.5561346, -0.0119173, , , , , , , 1.5561346, 0.0642863, , , , , , , 1.5561346, 0.0005035, , , , , , , 1.5561346, 0.0293736, , , , , , , , , , , , , , , , , , , , , , , , , , , , 
1.5566538, -0.0169528, , , , , , , 1.5566538, 0.0508583, , , , , , , 1.5566538, 0.0058747, , , , , , , 1.5566538, 0.0243381, , , , , , , , , , , , , , , , , , , , , , , , , , , , 
1.5571731, -0.0112459, , , , , , , 1.5571731, 0.0350805, , , , , , , 1.5571731, 0.0099031, , , , , , , 1.5571731, 0.0193027, , , , , , , , , , , , , , , , , , , , , , , , , , , , 
1.5576923, -0.0011749, , , , , , , 1.5576923, 0.0223239, , , , , , , 1.5576923, 0.0099031, , , , , , , 1.5576923, 0.0152743, , , , , , , , , , , , , , , , , , , , , , , , , , , , 
1.5582115, 0.0078889, , , , , , , 1.5582115, 0.0073854, , , , , , , 1.5582115, 0.0065461, , , , , , , 1.5582115, 0.0152743, , , , , , , , , , , , , , , , , , , , , , , , , , , , 
1.5587308, 0.0092317, , , , , , , 1.5587308, -0.0090639, , , , , , , 1.5587308, 0.0036927, , , , , , , 1.5587308, 0.0179599, , , , , , , , , , , , , , , , , , , , , , , , , , , , 
1.55925, 0.0018463, , , , , , , 1.55925, -0.0209812, , , , , , , 1.55925, 0.0011749, , , , , , , 1.55925, 0.0179599, , , , , , , , , , , , , , , , , , , , , , , , , , , , 
1.5597692, -0.0062104, , , , , , , 1.5597692, -0.0270237, , , , , , , 1.5597692, -0.0010071, , , , , , , 1.5597692, 0.0129244, , , , , , , , , , , , , , , , , , , , , , , , , , , , 
1.5602885, -0.0048676, , , , , , , 1.5602885, -0.0428016, , , , , , , 1.5602885, -0.0043641, , , , , , , 1.5602885, 0.0068818, , , , , , , , , , , , , , , , , , , , , , , , , , , , 
1.5608077, 0.0028534, , , , , , , 1.5608077, -0.0642863, , , , , , , 1.5608077, -0.0083925, , , , , , , 1.5608077, 0.0038605, , , , , , , , , , , , , , , , , , , , , , , , , , , , 
1.5613269, 0.0097353, , , , , , , 1.5613269, -0.079057, , , , , , , 1.5613269, -0.0135958, , , , , , , 1.5613269, 0.002182, , , , , , , , , , , , , , , , , , , , , , , , , , , , 
1.5618462, 0.0119173, , , , , , , 1.5618462, -0.0921492, , , , , , , 1.5618462, -0.0179599, , , , , , , 1.5618462, -0.0001678, , , , , , , , , , , , , , , , , , , , , , , , , , , , 
1.5623654, 0.0164492, , , , , , , 1.5623654, -0.1163195, , , , , , , 1.5623654, -0.0199741, , , , , , , 1.5623654, -0.0001678, , , , , , , , , , , , , , , , , , , , , , , , , , , , 
1.5628846, 0.018967, , , , , , , 1.5628846, -0.1361257, , , , , , , 1.5628846, -0.0206455, , , , , , , 1.5628846, 0.0011749, , , , , , , , , , , , , , , , , , , , , , , , , , , , 
1.5634038, 0.0226596, , , , , , , 1.5634038, -0.1263905, , , , , , , 1.5634038, -0.0196384, , , , , , , 1.5634038, 0.0003357, , , , , , , , , , , , , , , , , , , , , , , , , , , , 
1.5639231, 0.0340734, , , , , , , 1.5639231, -0.0961776, , , , , , , 1.5639231, -0.0179599, , , , , , , 1.5639231, -0.0011749, , , , , , , , , , , , , , , , , , , , , , , , , , , , 
1.5644423, 0.0464942, , , , , , , 1.5644423, -0.0710002, , , , , , , 1.5644423, -0.018967, , , , , , , 1.5644423, -0.0025177, , , , , , , , , , , , , , , , , , , , , , , , , , , , 
1.5649615, 0.0532082, , , , , , , 1.5649615, -0.0480049, , , , , , , 1.5649615, -0.0209812, , , , , , , 1.5649615, -0.0082246, , , , , , , , , , , , , , , , , , , , , , , , , , , , 
1.5654808, 0.0515297, , , , , , , 1.5654808, -0.0176242, , , , , , , 1.5654808, -0.0203098, , , , , , , 1.5654808, -0.01561, , , , , , , , , , , , , , , , , , , , , , , , , , , , 
1.566, 0.043473, , , , , , , 1.566, 0.0172885, , , , , , , 1.566, -0.0179599, , , , , , , 1.566, -0.0216526, , , , , , , , , , , , , , , , , , , , , , , , , , , , 
1.5665192, 0.0344091, , , , , , , 1.5665192, 0.0421302, , , , , , , 1.5665192, -0.0176242, , , , , , , 1.5665192, -0.0243381, , , , , , , , , , , , , , , , , , , , , , , , , , , , 
1.5670385, 0.0253452, , , , , , , 1.5670385, 0.0344091, , , , , , , 1.5670385, -0.0169528, , , , , , , 1.5670385, -0.0253452, , , , , , , , , , , , , , , , , , , , , , , , , , , , 
1.5675577, 0.0223239, , , , , , , 1.5675577, -0.0062104, , , , , , , 1.5675577, -0.0176242, , , , , , , 1.5675577, -0.0234989, , , , , , , , , , , , , , , , , , , , , , , , , , , , 
1.5680769, 0.023331, , , , , , , 1.5680769, -0.047837, , , , , , , 1.5680769, -0.0206455, , , , , , , 1.5680769, -0.0203098, , , , , , , , , , , , , , , , , , , , , , , , , , , , 
1.5685962, 0.0206455, , , , , , , 1.5685962, -0.0708324, , , , , , , 1.5685962, -0.0203098, , , , , , , 1.5685962, -0.0162814, , , , , , , , , , , , , , , , , , , , , , , , , , , , 
1.5691154, 0.008896, , , , , , , 1.5691154, -0.0706645, , , , , , , 1.5691154, -0.0176242, , , , , , , 1.5691154, -0.0095674, , , , , , , , , , , , , , , , , , , , , , , , , , , , 
1.5696346, 0.0005035, , , , , , , 1.5696346, -0.0515297, , , , , , , 1.5696346, -0.0135958, , , , , , , 1.5696346, -0.0018463, , , , , , , , , , , , , , , , , , , , , , , , , , , , 
1.5701538, 0.002182, , , , , , , 1.5701538, -0.0411231, , , , , , , 1.5701538, -0.012253, , , , , , , 1.5701538, 0.0048676, , , , , , , , , , , , , , , , , , , , , , , , , , , , 
1.5706731, 0.0045319, , , , , , , 1.5706731, -0.04448, , , , , , , 1.5706731, -0.012253, , , , , , , 1.5706731, 0.0102388, , , , , , , , , , , , , , , , , , , , , , , , , , , , 
1.5711923, 0.0078889, , , , , , , 1.5711923, -0.0364233, , , , , , , 1.5711923, -0.0104067, , , , , , , 1.5711923, 0.0186313, , , , , , , , , , , , , , , , , , , , , , , , , , , , 
1.5717115, 0.0125887, , , , , , , 1.5717115, -0.0102388, , , , , , , 1.5717115, -0.0104067, , , , , , , 1.5717115, 0.0323949, , , , , , , , , , , , , , , , , , , , , , , , , , , , 
1.5722308, 0.0095674, , , , , , , 1.5722308, 0.0058747, , , , , , , 1.5722308, -0.0146029, , , , , , , 1.5722308, 0.0448157, , , , , , , , , , , , , , , , , , , , , , , , , , , , 
1.57275, -0.0025177, , , , , , , 1.57275, -0.0028534, , , , , , , 1.57275, -0.0172885, , , , , , , 1.57275, 0.0518654, , , , , , , , , , , , , , , , , , , , , , , , , , , , 
1.5732692, -0.0129244, , , , , , , 1.5732692, -0.0213169, , , , , , , 1.5732692, -0.0159457, , , , , , , 1.5732692, 0.0562295, , , , , , , , , , , , , , , , , , , , , , , , , , , , 
1.5737885, -0.0152743, , , , , , , 1.5737885, -0.0287022, , , , , , , 1.5737885, -0.0139315, , , , , , , 1.5737885, 0.0602579, , , , , , , , , , , , , , , , , , , , , , , , , , , , 
1.5743077, -0.0203098, , , , , , , 1.5743077, -0.0184634, , , , , , , 1.5743077, -0.012253, , , , , , , 1.5743077, 0.0622721, , , , , , , , , , , , , , , , , , , , , , , , , , , , 
1.5748269, -0.0347448, , , , , , , 1.5748269, -0.0045319, , , , , , , 1.5748269, -0.0112459, , , , , , , 1.5748269, 0.0595865, , , , , , , , , , , , , , , , , , , , , , , , , , , , 
1.5753462, -0.0518654, , , , , , , 1.5753462, 0.0005035, , , , , , , 1.5753462, -0.0077211, , , , , , , 1.5753462, 0.0515297, , , , , , , , , , , , , , , , , , , , , , , , , , , , 
1.5758654, -0.0592508, , , , , , , 1.5758654, 0.0003357, , , , , , , 1.5758654, -0.0031891, , , , , , , 1.5758654, 0.0431373, , , , , , , , , , , , , , , , , , , , , , , , , , , , 
1.5763846, -0.0595865, , , , , , , 1.5763846, 0.002182, , , , , , , 1.5763846, 0.0018463, , , , , , , 1.5763846, 0.0347448, , , , , , , , , , , , , , , , , , , , , , , , , , , , 
1.5769038, -0.0515297, , , , , , , 1.5769038, 0.0062104, , , , , , , 1.5769038, 0.0052033, , , , , , , 1.5769038, 0.0256809, , , , , , , , , , , , , , , , , , , , , , , , , , , , 
1.5774231, -0.0313878, , , , , , , 1.5774231, 0.0058747, , , , , , , 1.5774231, 0.0045319, , , , , , , 1.5774231, 0.0216526, , , , , , , , , , , , , , , , , , , , , , , , , , , , 
1.5779423, -0.0065461, , , , , , , 1.5779423, 0.0070497, , , , , , , 1.5779423, 0.0035248, , , , , , , 1.5779423, 0.0193027, , , , , , , , , , , , , , , , , , , , , , , , , , , , 
1.5784615, 0.0097353, , , , , , , 1.5784615, 0.0117494, , , , , , , 1.5784615, 0.0063783, , , , , , , 1.5784615, 0.0119173, , , , , , , , , , , , , , , , , , , , , , , , , , , , 
1.5789808, 0.0196384, , , , , , , 1.5789808, 0.0139315, , , , , , , 1.5789808, 0.0095674, , , , , , , 1.5789808, 0.0031891, , , , , , , , , , , , , , , , , , , , , , , , , , , , 
1.5795, 0.0340734, , , , , , , 1.5795, 0.0152743, , , , , , , 1.5795, 0.0102388, , , , , , , 1.5795, -0.002182, , , , , , , , , , , , , , , , , , , , , , , , , , , , 
1.5800192, 0.0501869, , , , , , , 1.5800192, 0.0164492, , , , , , , 1.5800192, 0.008896, , , , , , , 1.5800192, -0.0045319, , , , , , , , , , , , , , , , , , , , , , , , , , , , 
1.5805385, 0.0636149, , , , , , , 1.5805385, 0.0169528, , , , , , , 1.5805385, 0.0072175, , , , , , , 1.5805385, -0.0041962, , , , , , , , , , , , , , , , , , , , , , , , , , , , 
1.5810577, 0.0746929, , , , , , , 1.5810577, 0.018967, , , , , , , 1.5810577, 0.0063783, , , , , , , 1.5810577, -0.0025177, , , , , , , , , , , , , , , , , , , , , , , , , , , , 
1.5815769, 0.0820783, , , , , , , 1.5815769, 0.0206455, , , , , , , 1.5815769, 0.002182, , , , , , , 1.5815769, 0.0003357, , , , , , , , , , , , , , , , , , , , , , , , , , , , 
1.5820962, 0.0820783, , , , , , , 1.5820962, 0.0193027, , , , , , , 1.5820962, -0.0062104, , , , , , , 1.5820962, 0.002182, , , , , , , , , , , , , , , , , , , , , , , , , , , , 
1.5826154, 0.0757, , , , , , , 1.5826154, 0.0157778, , , , , , , 1.5826154, -0.0159457, , , , , , , 1.5826154, 0.0038605, , , , , , , , , , , , , , , , , , , , , , , , , , , , 
1.5831346, 0.0636149, , , , , , , 1.5831346, 0.0149386, , , , , , , 1.5831346, -0.0229953, , , , , , , 1.5831346, 0.0058747, , , , , , , , , , , , , , , , , , , , , , , , , , , , 
1.5836538, 0.0495155, , , , , , , 1.5836538, 0.0172885, , , , , , , 1.5836538, -0.024506, , , , , , , 1.5836538, 0.0068818, , , , , , , , , , , , , , , , , , , , , , , , , , , , 
1.5841731, 0.040116, , , , , , , 1.5841731, 0.018967, , , , , , , 1.5841731, -0.0199741, , , , , , , 1.5841731, 0.0065461, , , , , , , , , , , , , , , , , , , , , , , , , , , , 
1.5846923, 0.033402, , , , , , , 1.5846923, 0.0169528, , , , , , , 1.5846923, -0.0135958, , , , , , , 1.5846923, 0.0008392, , , , , , , , , , , , , , , , , , , , , , , , , , , , 
1.5852115, 0.0303807, , , , , , , 1.5852115, 0.0139315, , , , , , , 1.5852115, -0.0048676, , , , , , , 1.5852115, -0.0075532, , , , , , , , , , , , , , , , , , , , , , , , , , , , 
1.5857308, 0.0320592, , , , , , , 1.5857308, 0.0102388, , , , , , , 1.5857308, 0.0038605, , , , , , , 1.5857308, -0.0137636, , , , , , , , , , , , , , , , , , , , , , , , , , , , 
1.58625, 0.0310521, , , , , , , 1.58625, 0.0078889, , , , , , , 1.58625, 0.0085603, , , , , , , 1.58625, -0.0139315, , , , , , , , , , , , , , , , , , , , , , , , , , , , 
1.5867692, 0.0243381, , , , , , , 1.5867692, 0.0058747, , , , , , , 1.5867692, 0.0078889, , , , , , , 1.5867692, -0.011078, , , , , , , , , , , , , , , , , , , , , , , , , , , , 
1.5872885, 0.0132601, , , , , , , 1.5872885, 0.0025177, , , , , , , 1.5872885, 0.0058747, , , , , , , 1.5872885, -0.010071, , , , , , , , , , , , , , , , , , , , , , , , , , , , 
1.5878077, -0.0075532, , , , , , , 1.5878077, -0.0008392, , , , , , , 1.5878077, 0.0020142, , , , , , , 1.5878077, -0.0097353, , , , , , , , , , , , , , , , , , , , , , , , , , , , 
1.5883269, -0.0243381, , , , , , , 1.5883269, -0.0001678, , , , , , , 1.5883269, -0.0015106, , , , , , , 1.5883269, -0.0082246, , , , , , , , , , , , , , , , , , , , , , , , , , , , 
1.5888462, -0.0276951, , , , , , , 1.5888462, 0.0025177, , , , , , , 1.5888462, -0.0045319, , , , , , , 1.5888462, -0.0035248, , , , , , , , , , , , , , , , , , , , , , , , , , , , 
1.5893654, -0.0182956, , , , , , , 1.5893654, 0.0011749, , , , , , , 1.5893654, -0.0072175, , , , , , , 1.5893654, 0.0041962, , , , , , , , , , , , , , , , , , , , , , , , , , , , 
1.5898846, -0.0109102, , , , , , , 1.5898846, 0.0005035, , , , , , , 1.5898846, -0.0082246, , , , , , , 1.5898846, 0.0125887, , , , , , , , , , , , , , , , , , , , , , , , , , , , 
1.5904038, -0.0092317, , , , , , , 1.5904038, 0.0048676, , , , , , , 1.5904038, -0.0092317, , , , , , , 1.5904038, 0.0167849, , , , , , , , , , , , , , , , , , , , , , , , , , , , 
1.5909231, -0.0065461, , , , , , , 1.5909231, 0.0078889, , , , , , , 1.5909231, -0.0102388, , , , , , , 1.5909231, 0.0199741, , , , , , , , , , , , , , , , , , , , , , , , , , , , 
1.5914423, -0.0057069, , , , , , , 1.5914423, 0.0072175, , , , , , , 1.5914423, -0.0090639, , , , , , , 1.5914423, 0.0273594, , , , , , , , , , , , , , , , , , , , , , , , , , , , 
1.5919615, -0.0102388, , , , , , , 1.5919615, 0.0025177, , , , , , , 1.5919615, -0.0062104, , , , , , , 1.5919615, 0.0370947, , , , , , , , , , , , , , , , , , , , , , , , , , , , 
1.5924808, -0.01561, , , , , , , 1.5924808, 0.0005035, , , , , , , 1.5924808, -0.005539, , , , , , , 1.5924808, 0.0438087, , , , , , , , , , , , , , , , , , , , , , , , , , , , 
1.593, -0.0104067, , , , , , , 1.593, 0.0006714, , , , , , , 1.593, -0.0078889, , , , , , , 1.593, 0.0481727, , , , , , , , , , , , , , , , , , , , , , , , , , , , 
1.5935192, 0.0058747, , , , , , , 1.5935192, 0.0015106, , , , , , , 1.5935192, -0.0082246, , , , , , , 1.5935192, 0.0506905, , , , , , , , , , , , , , , , , , , , , , , , , , , , 
1.5940385, 0.0209812, , , , , , , 1.5940385, 0.0005035, , , , , , , 1.5940385, -0.0082246, , , , , , , 1.5940385, 0.0501869, , , , , , , , , , , , , , , , , , , , , , , , , , , , 
1.5945577, 0.0250095, , , , , , , 1.5945577, -0.0020142, , , , , , , 1.5945577, -0.0072175, , , , , , , 1.5945577, 0.0480049, , , , , , , , , , , , , , , , , , , , , , , , , , , , 
1.5950769, 0.0166171, , , , , , , 1.5950769, -0.0041962, , , , , , , 1.5950769, -0.0068818, , , , , , , 1.5950769, 0.0438087, , , , , , , , , , , , , , , , , , , , , , , , , , , , 
1.5955962, 0.0058747, , , , , , , 1.5955962, -0.002182, , , , , , , 1.5955962, -0.0062104, , , , , , , 1.5955962, 0.0394446, , , , , , , , , , , , , , , , , , , , , , , , , , , , 
1.5961154, 0.0048676, , , , , , , 1.5961154, 0.0008392, , , , , , , 1.5961154, -0.0025177, , , , , , , 1.5961154, 0.0360876, , , , , , , , , , , , , , , , , , , , , , , , , , , , 
1.5966346, 0.012253, , , , , , , 1.5966346, -0.0008392, , , , , , , 1.5966346, -0.0015106, , , , , , , 1.5966346, 0.0340734, , , , , , , , , , , , , , , , , , , , , , , , , , , , 
1.5971538, 0.0196384, , , , , , , 1.5971538, -0.0031891, , , , , , , 1.5971538, -0.0105745, , , , , , , 1.5971538, 0.0307164, , , , , , , , , , , , , , , , , , , , , , , , , , , , 
1.5976731, 0.030045, , , , , , , 1.5976731, -0.0023499, , , , , , , 1.5976731, -0.0223239, , , , , , , 1.5976731, 0.0236667, , , , , , , , , , , , , , , , , , , , , , , , , , , , 
1.5981923, 0.0428016, , , , , , , 1.5981923, -0.0015106, , , , , , , 1.5981923, -0.024506, , , , , , , 1.5981923, 0.01561, , , , , , , , , , , , , , , , , , , , , , , , , , , , 
1.5987115, 0.0404517, , , , , , , 1.5987115, -0.005539, , , , , , , 1.5987115, -0.017792, , , , , , , 1.5987115, 0.0097353, , , , , , , , , , , , , , , , , , , , , , , , , , , , 
1.5992308, 0.0293736, , , , , , , 1.5992308, -0.0129244, , , , , , , 1.5992308, -0.0124208, , , , , , , 1.5992308, 0.0063783, , , , , , , , , , , , , , , , , , , , , , , , , , , , 
1.59975, 0.0250095, , , , , , , 1.59975, -0.018967, , , , , , , 1.59975, -0.0129244, , , , , , , 1.59975, 0.0025177, , , , , , , , , , , , , , , , , , , , , , , , , , , , 
1.6002692, 0.0293736, , , , , , , 1.6002692, -0.0209812, , , , , , , 1.6002692, -0.0182956, , , , , , , 1.6002692, -0.0001678, , , , , , , , , , , , , , , , , , , , , , , , , , , , 
1.6007885, 0.0320592, , , , , , , 1.6007885, -0.018967, , , , , , , 1.6007885, -0.0327306, , , , , , , 1.6007885, -0.0018463, , , , , , , , , , , , , , , , , , , , , , , , , , , , 
1.6013077, 0.0280308, , , , , , , 1.6013077, -0.0171206, , , , , , , 1.6013077, -0.0438087, , , , , , , 1.6013077, -0.0041962, , , , , , , , , , , , , , , , , , , , , , , , , , , , 
1.6018269, 0.0243381, , , , , , , 1.6018269, -0.0142672, , , , , , , 1.6018269, -0.0391089, , , , , , , 1.6018269, -0.0065461, , , , , , , , , , , , , , , , , , , , , , , , , , , , 
1.6023462, 0.0209812, , , , , , , 1.6023462, -0.0102388, , , , , , , 1.6023462, -0.0216526, , , , , , , 1.6023462, -0.0095674, , , , , , , , , , , , , , , , , , , , , , , , , , , , 
1.6028654, 0.0142672, , , , , , , 1.6028654, -0.0135958, , , , , , , 1.6028654, -0.0035248, , , , , , , 1.6028654, -0.0142672, , , , , , , , , , , , , , , , , , , , , , , , , , , , 
1.6033846, 0.0146029, , , , , , , 1.6033846, -0.0181277, , , , , , , 1.6033846, 0.0105745, , , , , , , 1.6033846, -0.021149, , , , , , , , , , , , , , , , , , , , , , , , , , , , 
1.6039038, 0.0209812, , , , , , , 1.6039038, -0.0130922, , , , , , , 1.6039038, 0.0176242, , , , , , , 1.6039038, -0.0223239, , , , , , , , , , , , , , , , , , , , , , , , , , , , 
1.6044231, 0.0236667, , , , , , , 1.6044231, -0.005539, , , , , , , 1.6044231, 0.0159457, , , , , , , 1.6044231, -0.018967, , , , , , , , , , , , , , , , , , , , , , , , , , , , 
1.6049423, 0.0199741, , , , , , , 1.6049423, -0.005539, , , , , , , 1.6049423, 0.0090639, , , , , , , 1.6049423, -0.0182956, , , , , , , , , , , , , , , , , , , , , , , , , , , , 
1.6054615, 0.0146029, , , , , , , 1.6054615, -0.0092317, , , , , , , 1.6054615, -0.0010071, , , , , , , 1.6054615, -0.0216526, , , , , , , , , , , , , , , , , , , , , , , , , , , , 
1.6059808, 0.0139315, , , , , , , 1.6059808, -0.0117494, , , , , , , 1.6059808, -0.0063783, , , , , , , 1.6059808, -0.0223239, , , , , , , , , , , , , , , , , , , , , , , , , , , , 
1.6065, 0.0179599, , , , , , , 1.6065, -0.0125887, , , , , , , 1.6065, -0.0062104, , , , , , , 1.6065, -0.0226596, , , , , , , , , , , , , , , , , , , , , , , , , , , , 
1.6070192, 0.0208133, , , , , , , 1.6070192, -0.012253, , , , , , , 1.6070192, -0.0085603, , , , , , , 1.6070192, -0.0248417, , , , , , , , , , , , , , , , , , , , , , , , , , , , 
1.6075385, 0.0219883, , , , , , , 1.6075385, -0.01561, , , , , , , 1.6075385, -0.0146029, , , , , , , 1.6075385, -0.0240024, , , , , , , , , , , , , , , , , , , , , , , , , , , , 
1.6080577, 0.0246738, , , , , , , 1.6080577, -0.0193027, , , , , , , 1.6080577, -0.0203098, , , , , , , 1.6080577, -0.0182956, , , , , , , , , , , , , , , , , , , , , , , , , , , , 
1.6085769, 0.0250095, , , , , , , 1.6085769, -0.0209812, , , , , , , 1.6085769, -0.023331, , , , , , , 1.6085769, -0.0135958, , , , , , , , , , , , , , , , , , , , , , , , , , , , 
1.6090962, 0.0199741, , , , , , , 1.6090962, -0.0213169, , , , , , , 1.6090962, -0.0224918, , , , , , , 1.6090962, -0.0068818, , , , , , , , , , , , , , , , , , , , , , , , , , , , 
1.6096154, 0.0152743, , , , , , , 1.6096154, -0.0196384, , , , , , , 1.6096154, -0.0243381, , , , , , , 1.6096154, 0.0025177, , , , , , , , , , , , , , , , , , , , , , , , , , , , 
1.6101346, 0.0112459, , , , , , , 1.6101346, -0.0199741, , , , , , , 1.6101346, -0.0287022, , , , , , , 1.6101346, 0.0119173, , , , , , , , , , , , , , , , , , , , , , , , , , , , 
1.6106538, 0.0031891, , , , , , , 1.6106538, -0.0203098, , , , , , , 1.6106538, -0.0287022, , , , , , , 1.6106538, 0.0208133, , , , , , , , , , , , , , , , , , , , , , , , , , , , 
1.6111731, -0.0087282, , , , , , , 1.6111731, -0.01561, , , , , , , 1.6111731, -0.0258488, , , , , , , 1.6111731, 0.0290379, , , , , , , , , , , , , , , , , , , , , , , , , , , , 
1.6116923, -0.0166171, , , , , , , 1.6116923, -0.010071, , , , , , , 1.6116923, -0.0243381, , , , , , , 1.6116923, 0.0372625, , , , , , , , , , , , , , , , , , , , , , , , , , , , 
1.6122115, -0.0162814, , , , , , , 1.6122115, -0.0139315, , , , , , , 1.6122115, -0.0236667, , , , , , , 1.6122115, 0.0446479, , , , , , , , , , , , , , , , , , , , , , , , , , , , 
1.6127308, -0.01561, , , , , , , 1.6127308, -0.0219883, , , , , , , 1.6127308, -0.0182956, , , , , , , 1.6127308, 0.0495155, , , , , , , , , , , , , , , , , , , , , , , , , , , , 
1.61325, -0.0206455, , , , , , , 1.61325, -0.0253452, , , , , , , 1.61325, -0.0132601, , , , , , , 1.61325, 0.054551, , , , , , , , , , , , , , , , , , , , , , , , , , , , 
1.6137692, -0.0199741, , , , , , , 1.6137692, -0.0196384, , , , , , , 1.6137692, -0.0099031, , , , , , , 1.6137692, 0.0609293, , , , , , , , , , , , , , , , , , , , , , , , , , , , 
1.6142885, -0.0115816, , , , , , , 1.6142885, -0.0052033, , , , , , , 1.6142885, -0.0068818, , , , , , , 1.6142885, 0.0639506, , , , , , , , , , , , , , , , , , , , , , , , , , , , 
1.6148077, -0.0149386, , , , , , , 1.6148077, 0.010071, , , , , , , 1.6148077, -0.0048676, , , , , , , 1.6148077, 0.0599222, , , , , , , , , , , , , , , , , , , , , , , , , , , , 
1.6153269, -0.0206455, , , , , , , 1.6153269, 0.0129244, , , , , , , 1.6153269, -0.0082246, , , , , , , 1.6153269, 0.0508583, , , , , , , , , , , , , , , , , , , , , , , , , , , , 
1.6158462, -0.0199741, , , , , , , 1.6158462, 0.0018463, , , , , , , 1.6158462, -0.0146029, , , , , , , 1.6158462, 0.040116, , , , , , , , , , , , , , , , , , , , , , , , , , , , 
1.6163654, -0.0152743, , , , , , , 1.6163654, -0.0068818, , , , , , , 1.6163654, -0.0182956, , , , , , , 1.6163654, 0.0347448, , , , , , , , , , , , , , , , , , , , , , , , , , , , 
1.6168846, -0.0135958, , , , , , , 1.6168846, -0.0041962, , , , , , , 1.6168846, -0.018967, , , , , , , 1.6168846, 0.0313878, , , , , , , , , , , , , , , , , , , , , , , , , , , , 
1.6174038, -0.012253, , , , , , , 1.6174038, 0.0005035, , , , , , , 1.6174038, -0.0169528, , , , , , , 1.6174038, 0.0253452, , , , , , , , , , , , , , , , , , , , , , , , , , , , 
1.6179231, -0.0092317, , , , , , , 1.6179231, 0.0001678, , , , , , , 1.6179231, -0.0119173, , , , , , , 1.6179231, 0.0226596, , , , , , , , , , , , , , , , , , , , , , , , , , , , 
1.6184423, -0.0008392, , , , , , , 1.6184423, -0.005539, , , , , , , 1.6184423, -0.0058747, , , , , , , 1.6184423, 0.0226596, , , , , , , , , , , , , , , , , , , , , , , , , , , , 
1.6189615, 0.0078889, , , , , , , 1.6189615, -0.0135958, , , , , , , 1.6189615, -0.0015106, , , , , , , 1.6189615, 0.0223239, , , , , , , , , , , , , , , , , , , , , , , , , , , , 
1.6194808, 0.0082246, , , , , , , 1.6194808, -0.0203098, , , , , , , 1.6194808, 0.0031891, , , , , , , 1.6194808, 0.0206455, , , , , , , , , , , , , , , , , , , , , , , , , , , , 
1.62, 0.0078889, , , , , , , 1.62, -0.0223239, , , , , , , 1.62, 0.0078889, , , , , , , 1.62, 0.0203098, , , , , , , , , , , , , , , , , , , , , , , , , , , , 
1.6205192, 0.0119173, , , , , , , 1.6205192, -0.0199741, , , , , , , 1.6205192, 0.0146029, , , , , , , 1.6205192, 0.0213169, , , , , , , , , , , , , , , , , , , , , , , , , , , , 
1.6210385, 0.0166171, , , , , , , 1.6210385, -0.0193027, , , , , , , 1.6210385, 0.0196384, , , , , , , 1.6210385, 0.0199741, , , , , , , , , , , , , , , , , , , , , , , , , , , , 
1.6215577, 0.0186313, , , , , , , 1.6215577, -0.0216526, , , , , , , 1.6215577, 0.0193027, , , , , , , 1.6215577, 0.0172885, , , , , , , , , , , , , , , , , , , , , , , , , , , , 
1.6220769, 0.0152743, , , , , , , 1.6220769, -0.0223239, , , , , , , 1.6220769, 0.0159457, , , , , , , 1.6220769, 0.0146029, , , , , , , , , , , , , , , , , , , , , , , , , , , , 
1.6225962, -0.0058747, , , , , , , 1.6225962, -0.0191348, , , , , , , 1.6225962, 0.0142672, , , , , , , 1.6225962, 0.01561, , , , , , , , , , , , , , , , , , , , , , , , , , , , 
1.6231154, -0.0256809, , , , , , , 1.6231154, -0.012253, , , , , , , 1.6231154, 0.0139315, , , , , , , 1.6231154, 0.0169528, , , , , , , , , , , , , , , , , , , , , , , , , , , , 
1.6236346, -0.030045, , , , , , , 1.6236346, -0.0038605, , , , , , , 1.6236346, 0.0129244, , , , , , , 1.6236346, 0.0176242, , , , , , , , , , , , , , , , , , , , , , , , , , , , 
1.6241538, -0.0292058, , , , , , , 1.6241538, -0.002182, , , , , , , 1.6241538, 0.0068818, , , , , , , 1.6241538, 0.014435, , , , , , , , , , , , , , , , , , , , , , , , , , , , 
1.6246731, -0.0265202, , , , , , , 1.6246731, -0.0048676, , , , , , , 1.6246731, -0.0015106, , , , , , , 1.6246731, 0.0052033, , , , , , , , , , , , , , , , , , , , , , , , , , , , 
1.6251923, -0.01561, , , , , , , 1.6251923, -0.002182, , , , , , , 1.6251923, -0.0010071, , , , , , , 1.6251923, -0.0102388, , , , , , , , , , , , , , , , , , , , , , , , , , , , 
1.6257115, 0.0078889, , , , , , , 1.6257115, 0.0078889, , , , , , , 1.6257115, 0.0038605, , , , , , , 1.6257115, -0.0273594, , , , , , , , , , , , , , , , , , , , , , , , , , , , 
1.6262308, 0.0330663, , , , , , , 1.6262308, 0.0258488, , , , , , , 1.6262308, 0.0038605, , , , , , , 1.6262308, -0.0391089, , , , , , , , , , , , , , , , , , , , , , , , , , , , 
1.62675, 0.0421302, , , , , , , 1.62675, 0.0360876, , , , , , , 1.62675, 0.0001678, , , , , , , 1.62675, -0.0458228, , , , , , , , , , , , , , , , , , , , , , , , , , , , 
1.6272692, 0.0466621, , , , , , , 1.6272692, 0.033402, , , , , , , 1.6272692, -0.0015106, , , , , , , 1.6272692, -0.0491798, , , , , , , , , , , , , , , , , , , , , , , , , , , , 
1.6277885, 0.0592508, , , , , , , 1.6277885, 0.0253452, , , , , , , 1.6277885, -0.0041962, , , , , , , 1.6277885, -0.0495155, , , , , , , , , , , , , , , , , , , , , , , , , , , , 
1.6283077, 0.0733501, , , , , , , 1.6283077, 0.0162814, , , , , , , 1.6283077, -0.008896, , , , , , , 1.6283077, -0.0428016, , , , , , , , , , , , , , , , , , , , , , , , , , , , 
1.6288269, 0.082414, , , , , , , 1.6288269, 0.0062104, , , , , , , 1.6288269, -0.0112459, , , , , , , 1.6288269, -0.0310521, , , , , , , , , , , , , , , , , , , , , , , , , , , , 
1.6293462, 0.0817426, , , , , , , 1.6293462, -0.0041962, , , , , , , 1.6293462, -0.0105745, , , , , , , 1.6293462, -0.0209812, , , , , , , , , , , , , , , , , , , , , , , , , , , , 
1.6298654, 0.0773785, , , , , , , 1.6298654, -0.005539, , , , , , , 1.6298654, -0.0099031, , , , , , , 1.6298654, -0.0135958, , , , , , , , , , , , , , , , , , , , , , , , , , , , 
1.6303846, 0.0703288, , , , , , , 1.6303846, 0.0085603, , , , , , , 1.6303846, -0.0115816, , , , , , , 1.6303846, -0.0030213, , , , , , , , , , , , , , , , , , , , , , , , , , , , 
1.6309038, 0.057908, , , , , , , 1.6309038, 0.0176242, , , , , , , 1.6309038, -0.0176242, , , , , , , 1.6309038, 0.0077211, , , , , , , , , , , , , , , , , , , , , , , , , , , , 
1.6314231, 0.0387732, , , , , , , 1.6314231, 0.0182956, , , , , , , 1.6314231, -0.0243381, , , , , , , 1.6314231, 0.0172885, , , , , , , , , , , , , , , , , , , , , , , , , , , , 
1.6319423, -0.0015106, , , , , , , 1.6319423, 0.0142672, , , , , , , 1.6319423, -0.0283665, , , , , , , 1.6319423, 0.0263523, , , , , , , , , , , , , , , , , , , , , , , , , , , , 
1.6324615, -0.0572366, , , , , , , 1.6324615, 0.0038605, , , , , , , 1.6324615, -0.0320592, , , , , , , 1.6324615, 0.0364233, , , , , , , , , , , , , , , , , , , , , , , , , , , , 
1.6329808, -0.0867781, , , , , , , 1.6329808, -0.0082246, , , , , , , 1.6329808, -0.0352483, , , , , , , 1.6329808, 0.0441444, , , , , , , , , , , , , , , , , , , , , , , , , , , , 
1.6335, -0.0817426, , , , , , , 1.6335, -0.0179599, , , , , , , 1.6335, -0.0379339, , , , , , , 1.6335, 0.0491798, , , , , , , , , , , , , , , , , , , , , , , , , , , , 
1.6340192, -0.0641184, , , , , , , 1.6340192, -0.0276951, , , , , , , 1.6340192, -0.0379339, , , , , , , 1.6340192, 0.0530404, , , , , , , , , , , , , , , , , , , , , , , , , , , , 
1.6345385, -0.0488441, , , , , , , 1.6345385, -0.0229953, , , , , , , 1.6345385, -0.0330663, , , , , , , 1.6345385, 0.0543832, , , , , , , , , , , , , , , , , , , , , , , , , , , , 
1.6350577, -0.0337377, , , , , , , 1.6350577, -0.0129244, , , , , , , 1.6350577, -0.0258488, , , , , , , 1.6350577, 0.0503548, , , , , , , , , , , , , , , , , , , , , , , , , , , , 
1.6355769, -0.0218204, , , , , , , 1.6355769, -0.0142672, , , , , , , 1.6355769, -0.0199741, , , , , , , 1.6355769, 0.0431373, , , , , , , , , , , , , , , , , , , , , , , , , , , , 
1.6360962, -0.0162814, , , , , , , 1.6360962, -0.0250095, , , , , , , 1.6360962, -0.0167849, , , , , , , 1.6360962, 0.0391089, , , , , , , , , , , , , , , , , , , , , , , , , , , , 
1.6366154, -0.0135958, , , , , , , 1.6366154, -0.040116, , , , , , , 1.6366154, -0.0146029, , , , , , , 1.6366154, 0.0372625, , , , , , , , , , , , , , , , , , , , , , , , , , , , 
1.6371346, -0.0099031, , , , , , , 1.6371346, -0.0553902, , , , , , , 1.6371346, -0.0135958, , , , , , , 1.6371346, 0.0354162, , , , , , , , , , , , , , , , , , , , , , , , , , , , 
1.6376538, -0.0001678, , , , , , , 1.6376538, -0.0632792, , , , , , , 1.6376538, -0.0099031, , , , , , , 1.6376538, 0.0345769, , , , , , , , , , , , , , , , , , , , , , , , , , , , 
1.6381731, 0.012253, , , , , , , 1.6381731, -0.0720073, , , , , , , 1.6381731, -0.0041962, , , , , , , 1.6381731, 0.033402, , , , , , , , , , , , , , , , , , , , , , , , , , , , 
1.6386923, 0.0203098, , , , , , , 1.6386923, -0.0834211, , , , , , , 1.6386923, 0.0011749, , , , , , , 1.6386923, 0.0340734, , , , , , , , , , , , , , , , , , , , , , , , , , , , 
1.6392115, 0.0162814, , , , , , , 1.6392115, -0.0820783, , , , , , , 1.6392115, 0.0052033, , , , , , , 1.6392115, 0.0347448, , , , , , , , , , , , , , , , , , , , , , , , , , , , 
1.6397308, 0.0072175, , , , , , , 1.6397308, -0.0639506, , , , , , , 1.6397308, 0.0095674, , , , , , , 1.6397308, 0.0323949, , , , , , , , , , , , , , , , , , , , , , , , , , , , 
1.64025, 0.0005035, , , , , , , 1.64025, -0.0464942, , , , , , , 1.64025, 0.0139315, , , , , , , 1.64025, 0.0293736, , , , , , , , , , , , , , , , , , , , , , , , , , , , 
1.6407692, 0.0023499, , , , , , , 1.6407692, -0.0417945, , , , , , , 1.6407692, 0.0164492, , , , , , , 1.6407692, 0.0288701, , , , , , , , , , , , , , , , , , , , , , , , , , , , 
1.6412885, 0.0132601, , , , , , , 1.6412885, -0.0394446, , , , , , , 1.6412885, 0.0162814, , , , , , , 1.6412885, 0.026688, , , , , , , , , , , , , , , , , , , , , , , , , , , , 
1.6418077, 0.0186313, , , , , , , 1.6418077, -0.0337377, , , , , , , 1.6418077, 0.0159457, , , , , , , 1.6418077, 0.0240024, , , , , , , , , , , , , , , , , , , , , , , , , , , , 
1.6423269, 0.0240024, , , , , , , 1.6423269, -0.0236667, , , , , , , 1.6423269, 0.0146029, , , , , , , 1.6423269, 0.0223239, , , , , , , , , , , , , , , , , , , , , , , , , , , , 
1.6428462, 0.036759, , , , , , , 1.6428462, -0.0179599, , , , , , , 1.6428462, 0.0119173, , , , , , , 1.6428462, 0.021149, , , , , , , , , , , , , , , , , , , , , , , , , , , , 
1.6433654, 0.0454871, , , , , , , 1.6433654, -0.0169528, , , , , , , 1.6433654, 0.0105745, , , , , , , 1.6433654, 0.0206455, , , , , , , , , , , , , , , , , , , , , , , , , , , , 
1.6438846, 0.0464942, , , , , , , 1.6438846, -0.0117494, , , , , , , 1.6438846, 0.0092317, , , , , , , 1.6438846, 0.0194705, , , , , , , , , , , , , , , , , , , , , , , , , , , , 
1.6444038, 0.047837, , , , , , , 1.6444038, -0.0025177, , , , , , , 1.6444038, 0.0058747, , , , , , , 1.6444038, 0.017792, , , , , , , , , , , , , , , , , , , , , , , , , , , , 
1.6449231, 0.0500191, , , , , , , 1.6449231, 0.0005035, , , , , , , 1.6449231, 0.0015106, , , , , , , 1.6449231, 0.0119173, , , , , , , , , , , , , , , , , , , , , , , , , , , , 
1.6454423, 0.0508583, , , , , , , 1.6454423, -0.0015106, , , , , , , 1.6454423, -0.0010071, , , , , , , 1.6454423, 0.0035248, , , , , , , , , , , , , , , , , , , , , , , , , , , , 
1.6459615, 0.0569009, , , , , , , 1.6459615, -0.0015106, , , , , , , 1.6459615, -0.002182, , , , , , , 1.6459615, -0.0028534, , , , , , , , , , , , , , , , , , , , , , , , , , , , 
1.6464808, 0.0656291, , , , , , , 1.6464808, 0.0062104, , , , , , , 1.6464808, -0.0028534, , , , , , , 1.6464808, -0.0035248, , , , , , , , , , , , , , , , , , , , , , , , , , , , 
1.647, 0.0703288, , , , , , , 1.647, 0.0166171, , , , , , , 1.647, -0.0041962, , , , , , , 1.647, -0.0011749, , , , , , , , , , , , , , , , , , , , , , , , , , , , 
1.6475192, 0.0736858, , , , , , , 1.6475192, 0.0213169, , , , , , , 1.6475192, -0.0072175, , , , , , , 1.6475192, -0.0031891, , , , , , , , , , , , , , , , , , , , , , , , , , , , 
1.6480385, 0.079057, , , , , , , 1.6480385, 0.0169528, , , , , , , 1.6480385, -0.0092317, , , , , , , 1.6480385, -0.0062104, , , , , , , , , , , , , , , , , , , , , , , , , , , , 
1.6485577, 0.082414, , , , , , , 1.6485577, 0.0072175, , , , , , , 1.6485577, -0.0095674, , , , , , , 1.6485577, -0.0030213, , , , , , , , , , , , , , , , , , , , , , , , , , , , 
1.6490769, 0.0783856, , , , , , , 1.6490769, -0.0045319, , , , , , , 1.6490769, -0.0075532, , , , , , , 1.6490769, 0.0038605, , , , , , , , , , , , , , , , , , , , , , , , , , , , 
1.6495962, 0.0730144, , , , , , , 1.6495962, -0.0149386, , , , , , , 1.6495962, -0.0075532, , , , , , , 1.6495962, 0.0099031, , , , , , , , , , , , , , , , , , , , , , , , , , , , 
1.6501154, 0.0730144, , , , , , , 1.6501154, -0.0095674, , , , , , , 1.6501154, -0.0102388, , , , , , , 1.6501154, 0.0132601, , , , , , , , , , , , , , , , , , , , , , , , , , , , 
1.6506346, 0.0676432, , , , , , , 1.6506346, 0.0092317, , , , , , , 1.6506346, -0.0109102, , , , , , , 1.6506346, 0.0162814, , , , , , , , , , , , , , , , , , , , , , , , , , , , 
1.6511538, 0.0508583, , , , , , , 1.6511538, 0.0196384, , , , , , , 1.6511538, -0.0115816, , , , , , , 1.6511538, 0.0219883, , , , , , , , , , , , , , , , , , , , , , , , , , , , 
1.6516731, 0.0340734, , , , , , , 1.6516731, 0.0209812, , , , , , , 1.6516731, -0.0135958, , , , , , , 1.6516731, 0.0290379, , , , , , , , , , , , , , , , , , , , , , , , , , , , 
1.6521923, 0.0243381, , , , , , , 1.6521923, 0.0176242, , , , , , , 1.6521923, -0.0139315, , , , , , , 1.6521923, 0.0320592, , , , , , , , , , , , , , , , , , , , , , , , , , , , 
1.6527115, 0.0172885, , , , , , , 1.6527115, 0.0078889, , , , , , , 1.6527115, -0.0142672, , , , , , , 1.6527115, 0.0354162, , , , , , , , , , , , , , , , , , , , , , , , , , , , 
1.6532308, 0.0090639, , , , , , , 1.6532308, -0.0078889, , , , , , , 1.6532308, -0.0149386, , , , , , , 1.6532308, 0.0377661, , , , , , , , , , , , , , , , , , , , , , , , , , , , 
1.65375, 0.0011749, , , , , , , 1.65375, -0.0199741, , , , , , , 1.65375, -0.0149386, , , , , , , 1.65375, 0.0387732, , , , , , , , , , , , , , , , , , , , , , , , , , , , 
1.6542692, 0.0018463, , , , , , , 1.6542692, -0.0172885, , , , , , , 1.6542692, -0.0146029, , , , , , , 1.6542692, 0.0387732, , , , , , , , , , , , , , , , , , , , , , , , , , , , 
1.6547885, 0.0104067, , , , , , , 1.6547885, -0.011078, , , , , , , 1.6547885, -0.0129244, , , , , , , 1.6547885, 0.033402, , , , , , , , , , , , , , , , , , , , , , , , , , , , 
1.6553077, 0.0109102, , , , , , , 1.6553077, -0.0152743, , , , , , , 1.6553077, -0.012253, , , , , , , 1.6553077, 0.0226596, , , , , , , , , , , , , , , , , , , , , , , , , , , , 
1.6558269, 0.0130922, , , , , , , 1.6558269, -0.0246738, , , , , , , 1.6558269, -0.0115816, , , , , , , 1.6558269, 0.012253, , , , , , , , , , , , , , , , , , , , , , , , , , , , 
1.6563462, 0.0198062, , , , , , , 1.6563462, -0.0260166, , , , , , , 1.6563462, -0.0099031, , , , , , , 1.6563462, 0.0062104, , , , , , , , , , , , , , , , , , , , , , , , , , , , 
1.6568654, 0.026688, , , , , , , 1.6568654, -0.023331, , , , , , , 1.6568654, -0.008896, , , , , , , 1.6568654, 0.0028534, , , , , , , , , , , , , , , , , , , , , , , , , , , , 
1.6573846, 0.0347448, , , , , , , 1.6573846, -0.0169528, , , , , , , 1.6573846, -0.0072175, , , , , , , 1.6573846, -0.0001678, , , , , , , , , , , , , , , , , , , , , , , , , , , , 
1.6579038, 0.0360876, , , , , , , 1.6579038, 0.0038605, , , , , , , 1.6579038, -0.0058747, , , , , , , 1.6579038, -0.002182, , , , , , , , , , , , , , , , , , , , , , , , , , , , 
1.6584231, 0.0283665, , , , , , , 1.6584231, 0.0246738, , , , , , , 1.6584231, -0.0048676, , , , , , , 1.6584231, -0.0041962, , , , , , , , , , , , , , , , , , , , , , , , , , , , 
1.6589423, 0.023331, , , , , , , 1.6589423, 0.0204776, , , , , , , 1.6589423, -0.0041962, , , , , , , 1.6589423, -0.0060426, , , , , , , , , , , , , , , , , , , , , , , , , , , , 
1.6594615, 0.027863, , , , , , , 1.6594615, 0.005539, , , , , , , 1.6594615, -0.0062104, , , , , , , 1.6594615, -0.005539, , , , , , , , , , , , , , , , , , , , , , , , , , , , 
1.6599808, 0.0313878, , , , , , , 1.6599808, 0.0028534, , , , , , , 1.6599808, -0.005539, , , , , , , 1.6599808, -0.0045319, , , , , , , , , , , , , , , , , , , , , , , , , , , , 
1.6605, 0.0270237, , , , , , , 1.6605, 0.008896, , , , , , , 1.6605, -0.0028534, , , , , , , 1.6605, -0.0041962, , , , , , , , , , , , , , , , , , , , , , , , , , , , 
1.6610192, 0.0193027, , , , , , , 1.6610192, 0.01561, , , , , , , 1.6610192, -0.0031891, , , , , , , 1.6610192, -0.0041962, , , , , , , , , , , , , , , , , , , , , , , , , , , , 
1.6615385, 0.0142672, , , , , , , 1.6615385, 0.0159457, , , , , , , 1.6615385, -0.0072175, , , , , , , 1.6615385, -0.005539, , , , , , , , , , , , , , , , , , , , , , , , , , , , 
1.6620577, 0.0146029, , , , , , , 1.6620577, 0.0139315, , , , , , , 1.6620577, -0.010071, , , , , , , 1.6620577, -0.0092317, , , , , , , , , , , , , , , , , , , , , , , , , , , , 
1.6625769, 0.0146029, , , , , , , 1.6625769, 0.0209812, , , , , , , 1.6625769, -0.0112459, , , , , , , 1.6625769, -0.0109102, , , , , , , , , , , , , , , , , , , , , , , , , , , , 
1.6630962, 0.0169528, , , , , , , 1.6630962, 0.0359197, , , , , , , 1.6630962, -0.018967, , , , , , , 1.6630962, -0.0129244, , , , , , , , , , , , , , , , , , , , , , , , , , , , 
1.6636154, 0.0236667, , , , , , , 1.6636154, 0.057908, , , , , , , 1.6636154, -0.0360876, , , , , , , 1.6636154, -0.0142672, , , , , , , , , , , , , , , , , , , , , , , , , , , , 
1.6641346, 0.026688, , , , , , , 1.6641346, 0.0750286, , , , , , , 1.6641346, -0.0471656, , , , , , , 1.6641346, -0.0127565, , , , , , , , , , , , , , , , , , , , , , , , , , , , 
1.6646538, 0.0258488, , , , , , , 1.6646538, 0.0874495, , , , , , , 1.6646538, -0.040116, , , , , , , 1.6646538, -0.0125887, , , , , , , , , , , , , , , , , , , , , , , , , , , , 
1.6651731, 0.0231632, , , , , , , 1.6651731, 0.0931563, , , , , , , 1.6651731, -0.021149, , , , , , , 1.6651731, -0.018967, , , , , , , , , , , , , , , , , , , , , , , , , , , , 
1.6656923, 0.0184634, , , , , , , 1.6656923, 0.0803998, , , , , , , 1.6656923, -0.0030213, , , , , , , 1.6656923, -0.0260166, , , , , , , , , , , , , , , , , , , , , , , , , , , , 
1.6662115, 0.0193027, , , , , , , 1.6662115, 0.054551, , , , , , , 1.6662115, 0.0112459, , , , , , , 1.6662115, -0.030045, , , , , , , , , , , , , , , , , , , , , , , , , , , , 
1.6667308, 0.0263523, , , , , , , 1.6667308, 0.035584, , , , , , , 1.6667308, 0.023331, , , , , , , 1.6667308, -0.0297093, , , , , , , , , , , , , , , , , , , , , , , , , , , , 
1.66725, 0.0337377, , , , , , , 1.66725, 0.0313878, , , , , , , 1.66725, 0.0293736, , , , , , , 1.66725, -0.0263523, , , , , , , , , , , , , , , , , , , , , , , , , , , , 
1.6677692, 0.0407874, , , , , , , 1.6677692, 0.0337377, , , , , , , 1.6677692, 0.0293736, , , , , , , 1.6677692, -0.0216526, , , , , , , , , , , , , , , , , , , , , , , , , , , , 
1.6682885, 0.0407874, , , , , , , 1.6682885, 0.0411231, , , , , , , 1.6682885, 0.0240024, , , , , , , 1.6682885, -0.0162814, , , , , , , , , , , , , , , , , , , , , , , , , , , , 
1.6688077, 0.0280308, , , , , , , 1.6688077, 0.0642863, , , , , , , 1.6688077, 0.0152743, , , , , , , 1.6688077, -0.0083925, , , , , , , , , , , , , , , , , , , , , , , , , , , , 
1.6693269, 0.0179599, , , , , , , 1.6693269, 0.0757, , , , , , , 1.6693269, 0.0075532, , , , , , , 1.6693269, 0.0005035, , , , , , , , , , , , , , , , , , , , , , , , , , , , 
1.6698462, 0.0149386, , , , , , , 1.6698462, 0.0595865, , , , , , , 1.6698462, 0.0011749, , , , , , , 1.6698462, 0.0062104, , , , , , , , , , , , , , , , , , , , , , , , , , , , 
1.6703654, 0.0115816, , , , , , , 1.6703654, 0.018967, , , , , , , 1.6703654, -0.0082246, , , , , , , 1.6703654, 0.0105745, , , , , , , , , , , , , , , , , , , , , , , , , , , , 
1.6708846, 0.0068818, , , , , , , 1.6708846, -0.0485084, , , , , , , 1.6708846, -0.0196384, , , , , , , 1.6708846, 0.0199741, , , , , , , , , , , , , , , , , , , , , , , , , , , , 
1.6714038, 0.0052033, , , , , , , 1.6714038, -0.1049058, , , , , , , 1.6714038, -0.0253452, , , , , , , 1.6714038, 0.0313878, , , , , , , , , , , , , , , , , , , , , , , , , , , , 
1.6719231, 0.0010071, , , , , , , 1.6719231, -0.1190051, , , , , , , 1.6719231, -0.0246738, , , , , , , 1.6719231, 0.0397803, , , , , , , , , , , , , , , , , , , , , , , , , , , , 
1.6724423, -0.008896, , , , , , , 1.6724423, -0.1203479, , , , , , , 1.6724423, -0.0250095, , , , , , , 1.6724423, 0.0485084, , , , , , , , , , , , , , , , , , , , , , , , , , , , 
1.6729615, -0.0162814, , , , , , , 1.6729615, -0.1384756, , , , , , , 1.6729615, -0.027863, , , , , , , 1.6729615, 0.0569009, , , , , , , , , , , , , , , , , , , , , , , , , , , , 
1.6734808, -0.0240024, , , , , , , 1.6734808, -0.1666743, , , , , , , 1.6734808, -0.0290379, , , , , , , 1.6734808, 0.061265, , , , , , , , , , , , , , , , , , , , , , , , , , , , 
1.674, -0.0283665, , , , , , , 1.674, -0.1871519, , , , , , , 1.674, -0.0250095, , , , , , , 1.674, 0.0642863, , , , , , , , , , , , , , , , , , , , , , , , , , , , 
1.6745192, -0.0256809, , , , , , , 1.6745192, -0.1955444, , , , , , , 1.6745192, -0.0186313, , , , , , , 1.6745192, 0.0659648, , , , , , , , , , , , , , , , , , , , , , , , , , , , 
1.6750385, -0.0203098, , , , , , , 1.6750385, -0.1784237, , , , , , , 1.6750385, -0.0149386, , , , , , , 1.6750385, 0.0616007, , , , , , , , , , , , , , , , , , , , , , , , , , , , 
1.6755577, -0.0179599, , , , , , , 1.6755577, -0.1364614, , , , , , , 1.6755577, -0.0139315, , , , , , , 1.6755577, 0.0535439, , , , , , , , , , , , , , , , , , , , , , , , , , , , 
1.6760769, -0.0229953, , , , , , , 1.6760769, -0.090135, , , , , , , 1.6760769, -0.0139315, , , , , , , 1.6760769, 0.0438087, , , , , , , , , , , , , , , , , , , , , , , , , , , , 
1.6765962, -0.0271916, , , , , , , 1.6765962, -0.0639506, , , , , , , 1.6765962, -0.012253, , , , , , , 1.6765962, 0.0374304, , , , , , , , , , , , , , , , , , , , , , , , , , , , 
1.6771154, -0.0236667, , , , , , , 1.6771154, -0.0602579, , , , , , , 1.6771154, -0.0095674, , , , , , , 1.6771154, 0.0320592, , , , , , , , , , , , , , , , , , , , , , , , , , , , 
1.6776346, -0.0065461, , , , , , , 1.6776346, -0.0555581, , , , , , , 1.6776346, -0.0090639, , , , , , , 1.6776346, 0.0260166, , , , , , , , , , , , , , , , , , , , , , , , , , , , 
1.6781538, 0.0132601, , , , , , , 1.6781538, -0.0325628, , , , , , , 1.6781538, -0.0085603, , , , , , , 1.6781538, 0.0204776, , , , , , , , , , , , , , , , , , , , , , , , , , , , 
1.6786731, 0.0240024, , , , , , , 1.6786731, -0.0068818, , , , , , , 1.6786731, -0.0068818, , , , , , , 1.6786731, 0.0139315, , , , , , , , , , , , , , , , , , , , , , , , , , , , 
1.6791923, 0.0209812, , , , , , , 1.6791923, 0.0065461, , , , , , , 1.6791923, -0.005539, , , , , , , 1.6791923, 0.0077211, , , , , , , , , , , , , , , , , , , , , , , , , , , , 
1.6797115, 0.0099031, , , , , , , 1.6797115, 0.0082246, , , , , , , 1.6797115, -0.0058747, , , , , , , 1.6797115, 0.0023499, , , , , , , , , , , , , , , , , , , , , , , , , , , , 
1.6802308, 0.0072175, , , , , , , 1.6802308, 0.0072175, , , , , , , 1.6802308, -0.0058747, , , , , , , 1.6802308, -0.0015106, , , , , , , , , , , , , , , , , , , , , , , , , , , , 
1.68075, 0.0119173, , , , , , , 1.68075, 0.0097353, , , , , , , 1.68075, -0.0090639, , , , , , , 1.68075, -0.0048676, , , , , , , , , , , , , , , , , , , , , , , , , , , , 
1.6812692, 0.0193027, , , , , , , 1.6812692, 0.0129244, , , , , , , 1.6812692, -0.0182956, , , , , , , 1.6812692, -0.0109102, , , , , , , , , , , , , , , , , , , , , , , , , , , , 
1.6817885, 0.0250095, , , , , , , 1.6817885, 0.0146029, , , , , , , 1.6817885, -0.024506, , , , , , , 1.6817885, -0.0146029, , , , , , , , , , , , , , , , , , , , , , , , , , , , 
1.6823077, 0.0194705, , , , , , , 1.6823077, 0.01561, , , , , , , 1.6823077, -0.0216526, , , , , , , 1.6823077, -0.0142672, , , , , , , , , , , , , , , , , , , , , , , , , , , , 
1.6828269, 0.0162814, , , , , , , 1.6828269, 0.0184634, , , , , , , 1.6828269, -0.0142672, , , , , , , 1.6828269, -0.0130922, , , , , , , , , , , , , , , , , , , , , , , , , , , , 
1.6833462, 0.0250095, , , , , , , 1.6833462, 0.0218204, , , , , , , 1.6833462, -0.0068818, , , , , , , 1.6833462, -0.014435, , , , , , , , , , , , , , , , , , , , , , , , , , , , 
1.6838654, 0.03122, , , , , , , 1.6838654, 0.0240024, , , , , , , 1.6838654, 0.0018463, , , , , , , 1.6838654, -0.0162814, , , , , , , , , , , , , , , , , , , , , , , , , , , , 
1.6843846, 0.0243381, , , , , , , 1.6843846, 0.0152743, , , , , , , 1.6843846, 0.0072175, , , , , , , 1.6843846, -0.0132601, , , , , , , , , , , , , , , , , , , , , , , , , , , , 
1.6849038, 0.0152743, , , , , , , 1.6849038, 0.0005035, , , , , , , 1.6849038, 0.0083925, , , , , , , 1.6849038, -0.0125887, , , , , , , , , , , , , , , , , , , , , , , , , , , , 
1.6854231, 0.0119173, , , , , , , 1.6854231, 0.0011749, , , , , , , 1.6854231, 0.0018463, , , , , , , 1.6854231, -0.0196384, , , , , , , , , , , , , , , , , , , , , , , , , , , , 
1.6859423, 0.0119173, , , , , , , 1.6859423, 0.0236667, , , , , , , 1.6859423, -0.0058747, , , , , , , 1.6859423, -0.0258488, , , , , , , , , , , , , , , , , , , , , , , , , , , , 
1.6864615, 0.0139315, , , , , , , 1.6864615, 0.0548867, , , , , , , 1.6864615, -0.0099031, , , , , , , 1.6864615, -0.026688, , , , , , , , , , , , , , , , , , , , , , , , , , , , 
1.6869808, 0.0203098, , , , , , , 1.6869808, 0.0830854, , , , , , , 1.6869808, -0.012253, , , , , , , 1.6869808, -0.0263523, , , , , , , , , , , , , , , , , , , , , , , , , , , , 
1.6875, 0.0246738, , , , , , , 1.6875, 0.0931563, , , , , , , 1.6875, -0.0140993, , , , , , , 1.6875, -0.0243381, , , , , , , , , , , , , , , , , , , , , , , , , , , , 
1.6880192, 0.0236667, , , , , , , 1.6880192, 0.0850996, , , , , , , 1.6880192, -0.0152743, , , , , , , 1.6880192, -0.0196384, , , , , , , , , , , , , , , , , , , , , , , , , , , , 
1.6885385, 0.0229953, , , , , , , 1.6885385, 0.0746929, , , , , , , 1.6885385, -0.0154421, , , , , , , 1.6885385, -0.0132601, , , , , , , , , , , , , , , , , , , , , , , , , , , , 
1.6890577, 0.0199741, , , , , , , 1.6890577, 0.0605936, , , , , , , 1.6890577, -0.0129244, , , , , , , 1.6890577, -0.0065461, , , , , , , , , , , , , , , , , , , , , , , , , , , , 
1.6895769, 0.011078, , , , , , , 1.6895769, 0.036759, , , , , , , 1.6895769, -0.0065461, , , , , , , 1.6895769, -0.0025177, , , , , , , , , , , , , , , , , , , , , , , , , , , , 
1.6900962, 0.0046998, , , , , , , 1.6900962, 0.0095674, , , , , , , 1.6900962, -0.0058747, , , , , , , 1.6900962, 0.0011749, , , , , , , , , , , , , , , , , , , , , , , , , , , , 
1.6906154, 0.0005035, , , , , , , 1.6906154, -0.0041962, , , , , , , 1.6906154, -0.0162814, , , , , , , 1.6906154, 0.0065461, , , , , , , , , , , , , , , , , , , , , , , , , , , , 
1.6911346, -0.0041962, , , , , , , 1.6911346, 0.0041962, , , , , , , 1.6911346, -0.0292058, , , , , , , 1.6911346, 0.0105745, , , , , , , , , , , , , , , , , , , , , , , , , , , , 
1.6916538, -0.0075532, , , , , , , 1.6916538, 0.0260166, , , , , , , 1.6916538, -0.0273594, , , , , , , 1.6916538, 0.0142672, , , , , , , , , , , , , , , , , , , , , , , , , , , , 
1.6921731, -0.0065461, , , , , , , 1.6921731, 0.0508583, , , , , , , 1.6921731, -0.0117494, , , , , , , 1.6921731, 0.0206455, , , , , , , , , , , , , , , , , , , , , , , , , , , , 
1.6926923, -0.0046998, , , , , , , 1.6926923, 0.0575723, , , , , , , 1.6926923, 0.0062104, , , , , , , 1.6926923, 0.0276951, , , , , , , , , , , , , , , , , , , , , , , , , , , , 
1.6932115, -0.0041962, , , , , , , 1.6932115, 0.0365911, , , , , , , 1.6932115, 0.017792, , , , , , , 1.6932115, 0.0320592, , , , , , , , , , , , , , , , , , , , , , , , , , , , 
1.6937308, -0.0045319, , , , , , , 1.6937308, -0.0038605, , , , , , , 1.6937308, 0.0213169, , , , , , , 1.6937308, 0.0364233, , , , , , , , , , , , , , , , , , , , , , , , , , , , 
1.69425, -0.0058747, , , , , , , 1.69425, -0.0370947, , , , , , , 1.69425, 0.0182956, , , , , , , 1.69425, 0.0391089, , , , , , , , , , , , , , , , , , , , , , , , , , , , 
1.6947692, -0.0015106, , , , , , , 1.6947692, -0.0538796, , , , , , , 1.6947692, 0.0139315, , , , , , , 1.6947692, 0.0381018, , , , , , , , , , , , , , , , , , , , , , , , , , , , 
1.6952885, 0.003357, , , , , , , 1.6952885, -0.0666361, , , , , , , 1.6952885, 0.008896, , , , , , , 1.6952885, 0.030045, , , , , , , , , , , , , , , , , , , , , , , , , , , , 
1.6958077, -0.0001678, , , , , , , 1.6958077, -0.0760357, , , , , , , 1.6958077, 0.0028534, , , , , , , 1.6958077, 0.0199741, , , , , , , , , , , , , , , , , , , , , , , , , , , , 
1.6963269, -0.0068818, , , , , , , 1.6963269, -0.0767071, , , , , , , 1.6963269, -0.0052033, , , , , , , 1.6963269, 0.0151064, , , , , , , , , , , , , , , , , , , , , , , , , , , , 
1.6968462, -0.0095674, , , , , , , 1.6968462, -0.0780499, , , , , , , 1.6968462, -0.0114137, , , , , , , 1.6968462, 0.0112459, , , , , , , , , , , , , , , , , , , , , , , , , , , , 
1.6973654, -0.0099031, , , , , , , 1.6973654, -0.0797284, , , , , , , 1.6973654, -0.0129244, , , , , , , 1.6973654, 0.0065461, , , , , , , , , , , , , , , , , , , , , , , , , , , , 
1.6978846, -0.0068818, , , , , , , 1.6978846, -0.0730144, , , , , , , 1.6978846, -0.012253, , , , , , , 1.6978846, 0.0058747, , , , , , , , , , , , , , , , , , , , , , , , , , , , 
1.6984038, -0.0062104, , , , , , , 1.6984038, -0.064622, , , , , , , 1.6984038, -0.012253, , , , , , , 1.6984038, 0.0085603, , , , , , , , , , , , , , , , , , , , , , , , , , , , 
1.6989231, -0.0095674, , , , , , , 1.6989231, -0.057908, , , , , , , 1.6989231, -0.0142672, , , , , , , 1.6989231, 0.0104067, , , , , , , , , , , , , , , , , , , , , , , , , , , , 
1.6994423, -0.0149386, , , , , , , 1.6994423, -0.0229953, , , , , , , 1.6994423, -0.0152743, , , , , , , 1.6994423, 0.0119173, , , , , , , , , , , , , , , , , , , , , , , , , , , , 
1.6999615, -0.0149386, , , , , , , 1.6999615, 0.0391089, , , , , , , 1.6999615, -0.0146029, , , , , , , 1.6999615, 0.0132601, , , , , , , , , , , , , , , , , , , , , , , , , , , , 
1.7004808, -0.011078, , , , , , , 1.7004808, 0.0971847, , , , , , , 1.7004808, -0.0149386, , , , , , , 1.7004808, 0.0135958, , , , , , , , , , , , , , , , , , , , , , , , , , , , 
1.701, -0.0058747, , , , , , , 1.701, 0.1279011, , , , , , , 1.701, -0.0149386, , , , , , , 1.701, 0.0115816, , , , , , , , , , , , , , , , , , , , , , , , , , , , 
1.7015192, 0.0016785, , , , , , , 1.7015192, 0.1307546, , , , , , , 1.7015192, -0.0169528, , , , , , , 1.7015192, 0.0125887, , , , , , , , , , , , , , , , , , , , , , , , , , , , 
1.7020385, 0.0099031, , , , , , , 1.7020385, 0.1200122, , , , , , , 1.7020385, -0.0169528, , , , , , , 1.7020385, 0.0146029, , , , , , , , , , , , , , , , , , , , , , , , , , , , 
1.7025577, 0.0186313, , , , , , , 1.7025577, 0.1159838, , , , , , , 1.7025577, -0.0176242, , , , , , , 1.7025577, 0.0132601, , , , , , , , , , , , , , , , , , , , , , , , , , , , 
1.7030769, 0.0263523, , , , , , , 1.7030769, 0.0948348, , , , , , , 1.7030769, -0.0203098, , , , , , , 1.7030769, 0.0115816, , , , , , , , , , , , , , , , , , , , , , , , , , , , 
1.7035962, 0.0347448, , , , , , , 1.7035962, 0.0226596, , , , , , , 1.7035962, -0.0199741, , , , , , , 1.7035962, 0.0139315, , , , , , , , , , , , , , , , , , , , , , , , , , , , 
1.7041154, 0.0433051, , , , , , , 1.7041154, -0.0602579, , , , , , , 1.7041154, -0.0135958, , , , , , , 1.7041154, 0.0182956, , , , , , , , , , , , , , , , , , , , , , , , , , , , 
1.7046346, 0.0453193, , , , , , , 1.7046346, -0.1196765, , , , , , , 1.7046346, -0.0085603, , , , , , , 1.7046346, 0.0182956, , , , , , , , , , , , , , , , , , , , , , , , , , , , 
1.7051538, 0.040116, , , , , , , 1.7051538, -0.1552605, , , , , , , 1.7051538, -0.0105745, , , , , , , 1.7051538, 0.0092317, , , , , , , , , , , , , , , , , , , , , , , , , , , , 
1.7056731, 0.0354162, , , , , , , 1.7056731, -0.149218, , , , , , , 1.7056731, -0.0077211, , , , , , , 1.7056731, 0.0011749, , , , , , , , , , , , , , , , , , , , , , , , , , , , 
1.7061923, 0.0320592, , , , , , , 1.7061923, -0.1096056, , , , , , , 1.7061923, -0.0025177, , , , , , , 1.7061923, -0.0010071, , , , , , , , , , , , , , , , , , , , , , , , , , , , 
1.7067115, 0.0275273, , , , , , , 1.7067115, -0.0815747, , , , , , , 1.7067115, 0.0038605, , , , , , , 1.7067115, -0.002182, , , , , , , , , , , , , , , , , , , , , , , , , , , , 
1.7072308, 0.023331, , , , , , , 1.7072308, -0.0908064, , , , , , , 1.7072308, 0.0119173, , , , , , , 1.7072308, -0.0058747, , , , , , , , , , , , , , , , , , , , , , , , , , , , 
1.70775, 0.0246738, , , , , , , 1.70775, -0.105745, , , , , , , 1.70775, 0.0130922, , , , , , , 1.70775, -0.0062104, , , , , , , , , , , , , , , , , , , , , , , , , , , , 
1.7082692, 0.0297093, , , , , , , 1.7082692, -0.0978561, , , , , , , 1.7082692, 0.0031891, , , , , , , 1.7082692, -0.0011749, , , , , , , , , , , , , , , , , , , , , , , , , , , , 
1.7087885, 0.03122, , , , , , , 1.7087885, -0.0693217, , , , , , , 1.7087885, -0.0062104, , , , , , , 1.7087885, 0.0063783, , , , , , , , , , , , , , , , , , , , , , , , , , , , 
1.7093077, 0.0219883, , , , , , , 1.7093077, -0.0448157, , , , , , , 1.7093077, -0.0072175, , , , , , , 1.7093077, 0.012253, , , , , , , , , , , , , , , , , , , , , , , , , , , , 
1.7098269, 0.0114137, , , , , , , 1.7098269, -0.047837, , , , , , , 1.7098269, -0.0057069, , , , , , , 1.7098269, 0.0142672, , , , , , , , , , , , , , , , , , , , , , , , , , , , 
1.7103462, 0.0072175, , , , , , , 1.7103462, -0.0753643, , , , , , , 1.7103462, -0.005539, , , , , , , 1.7103462, 0.0171206, , , , , , , , , , , , , , , , , , , , , , , , , , , , 
1.7108654, 0.0068818, , , , , , , 1.7108654, -0.0965133, , , , , , , 1.7108654, -0.0072175, , , , , , , 1.7108654, 0.0226596, , , , , , , , , , , , , , , , , , , , , , , , , , , , 
1.7113846, 0.0065461, , , , , , , 1.7113846, -0.0877852, , , , , , , 1.7113846, -0.0095674, , , , , , , 1.7113846, 0.0287022, , , , , , , , , , , , , , , , , , , , , , , , , , , , 
1.7119038, 0.0052033, , , , , , , 1.7119038, -0.0342412, , , , , , , 1.7119038, -0.0112459, , , , , , , 1.7119038, 0.0340734, , , , , , , , , , , , , , , , , , , , , , , , , , , , 
1.7124231, 0.0011749, , , , , , , 1.7124231, 0.0448157, , , , , , , 1.7124231, -0.0135958, , , , , , , 1.7124231, 0.0414588, , , , , , , , , , , , , , , , , , , , , , , , , , , , 
1.7129423, -0.0058747, , , , , , , 1.7129423, 0.1045701, , , , , , , 1.7129423, -0.0186313, , , , , , , 1.7129423, 0.04448, , , , , , , , , , , , , , , , , , , , , , , , , , , , 
1.7134615, -0.0099031, , , , , , , 1.7134615, 0.1441825, , , , , , , 1.7134615, -0.0243381, , , , , , , 1.7134615, 0.047837, , , , , , , , , , , , , , , , , , , , , , , , , , , , 
1.7139808, -0.0083925, , , , , , , 1.7139808, 0.1690242, , , , , , , 1.7139808, -0.0253452, , , , , , , 1.7139808, 0.0522011, , , , , , , , , , , , , , , , , , , , , , , , , , , , 
1.7145, -0.005539, , , , , , , 1.7145, 0.185977, , , , , , , 1.7145, -0.0250095, , , , , , , 1.7145, 0.0542153, , , , , , , , , , , , , , , , , , , , , , , , , , , , 
1.7150192, 0.0008392, , , , , , , 1.7150192, 0.1777523, , , , , , , 1.7150192, -0.0260166, , , , , , , 1.7150192, 0.0495155, , , , , , , , , , , , , , , , , , , , , , , , , , , , 
1.7155385, 0.0085603, , , , , , , 1.7155385, 0.1220264, , , , , , , 1.7155385, -0.0236667, , , , , , , 1.7155385, 0.0424659, , , , , , , , , , , , , , , , , , , , , , , , , , , , 
1.7160577, 0.0119173, , , , , , , 1.7160577, 0.0501869, , , , , , , 1.7160577, -0.0181277, , , , , , , 1.7160577, 0.0369268, , , , , , , , , , , , , , , , , , , , , , , , , , , , 
1.7165769, 0.0065461, , , , , , , 1.7165769, 0.0072175, , , , , , , 1.7165769, -0.012253, , , , , , , 1.7165769, 0.0347448, , , , , , , , , , , , , , , , , , , , , , , , , , , , 
1.7170962, 0.0015106, , , , , , , 1.7170962, -0.0290379, , , , , , , 1.7170962, -0.0082246, , , , , , , 1.7170962, 0.0330663, , , , , , , , , , , , , , , , , , , , , , , , , , , , 
1.7176154, -0.0020142, , , , , , , 1.7176154, -0.0849317, , , , , , , 1.7176154, -0.0045319, , , , , , , 1.7176154, 0.0307164, , , , , , , , , , , , , , , , , , , , , , , , , , , , 
1.7181346, -0.014435, , , , , , , 1.7181346, -0.1220264, , , , , , , 1.7181346, -0.0035248, , , , , , , 1.7181346, 0.0260166, , , , , , , , , , , , , , , , , , , , , , , , , , , , 
1.7186538, -0.0421302, , , , , , , 1.7186538, -0.1082628, , , , , , , 1.7186538, -0.0041962, , , , , , , 1.7186538, 0.0226596, , , , , , , , , , , , , , , , , , , , , , , , , , , , 
1.7191731, -0.0538796, , , , , , , 1.7191731, -0.047837, , , , , , , 1.7191731, -0.0092317, , , , , , , 1.7191731, 0.0226596, , , , , , , , , , , , , , , , , , , , , , , , , , , , 
1.7196923, -0.0424659, , , , , , , 1.7196923, 0.0115816, , , , , , , 1.7196923, -0.0172885, , , , , , , 1.7196923, 0.0213169, , , , , , , , , , , , , , , , , , , , , , , , , , , , 
1.7202115, -0.0280308, , , , , , , 1.7202115, 0.0468299, , , , , , , 1.7202115, -0.0181277, , , , , , , 1.7202115, 0.0176242, , , , , , , , , , , , , , , , , , , , , , , , , , , , 
1.7207308, -0.0181277, , , , , , , 1.7207308, 0.0627756, , , , , , , 1.7207308, -0.0129244, , , , , , , 1.7207308, 0.01561, , , , , , , , , , , , , , , , , , , , , , , , , , , , 
1.72125, -0.0083925, , , , , , , 1.72125, 0.0464942, , , , , , , 1.72125, -0.008896, , , , , , , 1.72125, 0.0162814, , , , , , , , , , , , , , , , , , , , , , , , , , , , 
1.7217692, 0.0015106, , , , , , , 1.7217692, 0.0065461, , , , , , , 1.7217692, -0.0075532, , , , , , , 1.7217692, 0.0162814, , , , , , , , , , , , , , , , , , , , , , , , , , , , 
1.7222885, 0.0152743, , , , , , , 1.7222885, -0.0317235, , , , , , , 1.7222885, -0.0058747, , , , , , , 1.7222885, 0.0146029, , , , , , , , , , , , , , , , , , , , , , , , , , , , 
1.7228077, 0.0221561, , , , , , , 1.7228077, -0.0370947, , , , , , , 1.7228077, -0.0062104, , , , , , , 1.7228077, 0.0132601, , , , , , , , , , , , , , , , , , , , , , , , , , , , 
1.7233269, 0.0251774, , , , , , , 1.7233269, 0.0025177, , , , , , , 1.7233269, -0.0043641, , , , , , , 1.7233269, 0.0119173, , , , , , , , , , , , , , , , , , , , , , , , , , , , 
1.7238462, 0.0287022, , , , , , , 1.7238462, 0.0273594, , , , , , , 1.7238462, -0.0005035, , , , , , , 1.7238462, 0.0146029, , , , , , , , , , , , , , , , , , , , , , , , , , , , 
1.7243654, 0.0325628, , , , , , , 1.7243654, -0.0035248, , , , , , , 1.7243654, 0.002182, , , , , , , 1.7243654, 0.0146029, , , , , , , , , , , , , , , , , , , , , , , , , , , , 
1.7248846, 0.0384375, , , , , , , 1.7248846, -0.0485084, , , , , , , 1.7248846, 0.0035248, , , , , , , 1.7248846, 0.005539, , , , , , , , , , , , , , , , , , , , , , , , , , , , 
1.7254038, 0.0454871, , , , , , , 1.7254038, -0.0602579, , , , , , , 1.7254038, 0.002182, , , , , , , 1.7254038, -0.0048676, , , , , , , , , , , , , , , , , , , , , , , , , , , , 
1.7259231, 0.0495155, , , , , , , 1.7259231, -0.0406195, , , , , , , 1.7259231, -0.0045319, , , , , , , 1.7259231, -0.0097353, , , , , , , , , , , , , , , , , , , , , , , , , , , , 
1.7264423, 0.0528725, , , , , , , 1.7264423, -0.0431373, , , , , , , 1.7264423, -0.01561, , , , , , , 1.7264423, -0.0149386, , , , , , , , , , , , , , , , , , , , , , , , , , , , 
1.7269615, 0.0542153, , , , , , , 1.7269615, -0.0699931, , , , , , , 1.7269615, -0.0229953, , , , , , , 1.7269615, -0.0196384, , , , , , , , , , , , , , , , , , , , , , , , , , , , 
1.7274808, 0.0518654, , , , , , , 1.7274808, -0.110277, , , , , , , 1.7274808, -0.0236667, , , , , , , 1.7274808, -0.0208133, , , , , , , , , , , , , , , , , , , , , , , , , , , , 
1.728, 0.0508583, , , , , , , 1.728, -0.1532464, , , , , , , 1.728, -0.0206455, , , , , , , 1.728, -0.0179599, , , , , , , , , , , , , , , , , , , , , , , , , , , , 
1.7285192, 0.0528725, , , , , , , 1.7285192, -0.1582818, , , , , , , 1.7285192, -0.0162814, , , , , , , 1.7285192, -0.0132601, , , , , , , , , , , , , , , , , , , , , , , , , , , , 
1.7290385, 0.0607614, , , , , , , 1.7290385, -0.1055772, , , , , , , 1.7290385, -0.0129244, , , , , , , 1.7290385, -0.011078, , , , , , , , , , , , , , , , , , , , , , , , , , , , 
1.7295577, 0.0676432, , , , , , , 1.7295577, -0.0464942, , , , , , , 1.7295577, -0.0105745, , , , , , , 1.7295577, -0.0099031, , , , , , , , , , , , , , , , , , , , , , , , , , , , 
1.7300769, 0.0609293, , , , , , , 1.7300769, -0.0261845, , , , , , , 1.7300769, -0.0082246, , , , , , , 1.7300769, -0.0062104, , , , , , , , , , , , , , , , , , , , , , , , , , , , 
1.7305962, 0.0384375, , , , , , , 1.7305962, -0.0293736, , , , , , , 1.7305962, -0.005539, , , , , , , 1.7305962, -0.0010071, , , , , , , , , , , , , , , , , , , , , , , , , , , , 
1.7311154, 0.0129244, , , , , , , 1.7311154, -0.0377661, , , , , , , 1.7311154, -0.0031891, , , , , , , 1.7311154, 0.0048676, , , , , , , , , , , , , , , , , , , , , , , , , , , , 
1.7316346, -0.0015106, , , , , , , 1.7316346, -0.0518654, , , , , , , 1.7316346, 0.0015106, , , , , , , 1.7316346, 0.0112459, , , , , , , , , , , , , , , , , , , , , , , , , , , , 
1.7321538, -0.0057069, , , , , , , 1.7321538, -0.0552224, , , , , , , 1.7321538, 0.0078889, , , , , , , 1.7321538, 0.0191348, , , , , , , , , , , , , , , , , , , , , , , , , , , , 
1.7326731, -0.0048676, , , , , , , 1.7326731, -0.0377661, , , , , , , 1.7326731, 0.0119173, , , , , , , 1.7326731, 0.0240024, , , , , , , , , , , , , , , , , , , , , , , , , , , , 
1.7331923, -0.0050355, , , , , , , 1.7331923, -0.0260166, , , , , , , 1.7331923, 0.0129244, , , , , , , 1.7331923, 0.0280308, , , , , , , , , , , , , , , , , , , , , , , , , , , , 
1.7337115, -0.0149386, , , , , , , 1.7337115, -0.0223239, , , , , , , 1.7337115, 0.0129244, , , , , , , 1.7337115, 0.0347448, , , , , , , , , , , , , , , , , , , , , , , , , , , , 
1.7342308, -0.0250095, , , , , , , 1.7342308, 0.0065461, , , , , , , 1.7342308, 0.0132601, , , , , , , 1.7342308, 0.0397803, , , , , , , , , , , , , , , , , , , , , , , , , , , , 
1.73475, -0.0229953, , , , , , , 1.73475, 0.0688182, , , , , , , 1.73475, 0.0112459, , , , , , , 1.73475, 0.0411231, , , , , , , , , , , , , , , , , , , , , , , , , , , , 
1.7352692, -0.018967, , , , , , , 1.7352692, 0.1320974, , , , , , , 1.7352692, 0.0082246, , , , , , , 1.7352692, 0.040116, , , , , , , , , , , , , , , , , , , , , , , , , , , , 
1.7357885, -0.0135958, , , , , , , 1.7357885, 0.1696956, , , , , , , 1.7357885, 0.0058747, , , , , , , 1.7357885, 0.0370947, , , , , , , , , , , , , , , , , , , , , , , , , , , , 
1.7363077, -0.0095674, , , , , , , 1.7363077, 0.1690242, , , , , , , 1.7363077, 0.0062104, , , , , , , 1.7363077, 0.0342412, , , , , , , , , , , , , , , , , , , , , , , , , , , , 
1.7368269, -0.0041962, , , , , , , 1.7368269, 0.1347829, , , , , , , 1.7368269, 0.0072175, , , , , , , 1.7368269, 0.0347448, , , , , , , , , , , , , , , , , , , , , , , , , , , , 
1.7373462, 0.0020142, , , , , , , 1.7373462, 0.079057, , , , , , , 1.7373462, 0.0062104, , , , , , , 1.7373462, 0.0370947, , , , , , , , , , , , , , , , , , , , , , , , , , , , 
1.7378654, 0.0036927, , , , , , , 1.7378654, 0.0085603, , , , , , , 1.7378654, 0.0050355, , , , , , , 1.7378654, 0.0364233, , , , , , , , , , , , , , , , , , , , , , , , , , , , 
1.7383846, -0.002182, , , , , , , 1.7383846, -0.0636149, , , , , , , 1.7383846, 0.0038605, , , , , , , 1.7383846, 0.0359197, , , , , , , , , , , , , , , , , , , , , , , , , , , , 
1.7389038, -0.0072175, , , , , , , 1.7389038, -0.1411612, , , , , , , 1.7389038, 0.0005035, , , , , , , 1.7389038, 0.0394446, , , , , , , , , , , , , , , , , , , , , , , , , , , , 
1.7394231, -0.005539, , , , , , , 1.7394231, -0.2096437, , , , , , , 1.7394231, 0.0011749, , , , , , , 1.7394231, 0.0471656, , , , , , , , , , , , , , , , , , , , , , , , , , , , 
1.7399423, -0.0015106, , , , , , , 1.7399423, -0.2364996, , , , , , , 1.7399423, 0.0062104, , , , , , , 1.7399423, 0.0535439, , , , , , , , , , , , , , , , , , , , , , , , , , , , 
1.7404615, 0.0041962, , , , , , , 1.7404615, -0.1707027, , , , , , , 1.7404615, 0.0092317, , , , , , , 1.7404615, 0.0558938, , , , , , , , , , , , , , , , , , , , , , , , , , , , 
1.7409808, 0.0097353, , , , , , , 1.7409808, -0.0354162, , , , , , , 1.7409808, 0.0112459, , , , , , , 1.7409808, 0.0552224, , , , , , , , , , , , , , , , , , , , , , , , , , , , 
1.7415, 0.0119173, , , , , , , 1.7415, 0.0508583, , , , , , , 1.7415, 0.0119173, , , , , , , 1.7415, 0.0535439, , , , , , , , , , , , , , , , , , , , , , , , , , , , 
1.7420192, 0.0070497, , , , , , , 1.7420192, 0.0642863, , , , , , , 1.7420192, 0.0109102, , , , , , , 1.7420192, 0.0501869, , , , , , , , , , , , , , , , , , , , , , , , , , , , 
1.7425385, -0.0028534, , , , , , , 1.7425385, 0.0553902, , , , , , , 1.7425385, 0.0058747, , , , , , , 1.7425385, 0.0421302, , , , , , , , , , , , , , , , , , , , , , , , , , , , 
1.7430577, -0.0057069, , , , , , , 1.7430577, 0.0466621, , , , , , , 1.7430577, -0.0011749, , , , , , , 1.7430577, 0.0317235, , , , , , , , , , , , , , , , , , , , , , , , , , , , 
1.7435769, 0.0008392, , , , , , , 1.7435769, 0.0263523, , , , , , , 1.7435769, -0.0065461, , , , , , , 1.7435769, 0.0223239, , , , , , , , , , , , , , , , , , , , , , , , , , , , 
1.7440962, 0.0050355, , , , , , , 1.7440962, -0.0041962, , , , , , , 1.7440962, -0.0109102, , , , , , , 1.7440962, 0.0135958, , , , , , , , , , , , , , , , , , , , , , , , , , , , 
1.7446154, 0.0052033, , , , , , , 1.7446154, -0.0226596, , , , , , , 1.7446154, -0.0115816, , , , , , , 1.7446154, 0.0038605, , , , , , , , , , , , , , , , , , , , , , , , , , , , 
1.7451346, 0.0072175, , , , , , , 1.7451346, -0.024506, , , , , , , 1.7451346, -0.0109102, , , , , , , 1.7451346, -0.0075532, , , , , , , , , , , , , , , , , , , , , , , , , , , , 
1.7456538, 0.0149386, , , , , , , 1.7456538, -0.0236667, , , , , , , 1.7456538, -0.0099031, , , , , , , 1.7456538, -0.0176242, , , , , , , , , , , , , , , , , , , , , , , , , , , , 
1.7461731, 0.0253452, , , , , , , 1.7461731, -0.0070497, , , , , , , 1.7461731, -0.0057069, , , , , , , 1.7461731, -0.0231632, , , , , , , , , , , , , , , , , , , , , , , , , , , , 
1.7466923, 0.0377661, , , , , , , 1.7466923, 0.0475013, , , , , , , 1.7466923, 0.0025177, , , , , , , 1.7466923, -0.0270237, , , , , , , , , , , , , , , , , , , , , , , , , , , , 
1.7472115, 0.0498512, , , , , , , 1.7472115, 0.1351186, , , , , , , 1.7472115, 0.0119173, , , , , , , 1.7472115, -0.0283665, , , , , , , , , , , , , , , , , , , , , , , , , , , , 
1.7477308, 0.0532082, , , , , , , 1.7477308, 0.191516, , , , , , , 1.7477308, 0.0016785, , , , , , , 1.7477308, -0.0253452, , , , , , , , , , , , , , , , , , , , , , , , , , , , 
1.74825, 0.0446479, , , , , , , 1.74825, 0.1908446, , , , , , , 1.74825, -0.021149, , , , , , , 1.74825, -0.0203098, , , , , , , , , , , , , , , , , , , , , , , , , , , , 
1.7487692, 0.0345769, , , , , , , 1.7487692, 0.1690242, , , , , , , 1.7487692, -0.0297093, , , , , , , 1.7487692, -0.0115816, , , , , , , , , , , , , , , , , , , , , , , , , , , , 
1.7492885, 0.0330663, , , , , , , 1.7492885, 0.121355, , , , , , , 1.7492885, -0.0193027, , , , , , , 1.7492885, -0.0015106, , , , , , , , , , , , , , , , , , , , , , , , , , , , 
1.7498077, 0.0313878, , , , , , , 1.7498077, 0.0508583, , , , , , , 1.7498077, -0.0041962, , , , , , , 1.7498077, 0.0062104, , , , , , , , , , , , , , , , , , , , , , , , , , , , 
1.7503269, 0.0283665, , , , , , , 1.7503269, 0.0149386, , , , , , , 1.7503269, 0.0038605, , , , , , , 1.7503269, 0.0139315, , , , , , , , , , , , , , , , , , , , , , , , , , , , 
1.7508462, 0.0273594, , , , , , , 1.7508462, 0.0703288, , , , , , , 1.7508462, 0.002182, , , , , , , 1.7508462, 0.0219883, , , , , , , , , , , , , , , , , , , , , , , , , , , , 
1.7513654, 0.0226596, , , , , , , 1.7513654, 0.149218, , , , , , , 1.7513654, -0.0062104, , , , , , , 1.7513654, 0.026688, , , , , , , , , , , , , , , , , , , , , , , , , , , , 
1.7518846, 0.0125887, , , , , , , 1.7518846, 0.1606317, , , , , , , 1.7518846, -0.012253, , , , , , , 1.7518846, 0.0293736, , , , , , , , , , , , , , , , , , , , , , , , , , , , 
1.7524038, 0.0008392, , , , , , , 1.7524038, 0.1347829, , , , , , , 1.7524038, -0.0139315, , , , , , , 1.7524038, 0.0327306, , , , , , , , , , , , , , , , , , , , , , , , , , , , 
1.7529231, -0.005539, , , , , , , 1.7529231, 0.0971847, , , , , , , 1.7529231, -0.0142672, , , , , , , 1.7529231, 0.0379339, , , , , , , , , , , , , , , , , , , , , , , , , , , , 
1.7534423, -0.005539, , , , , , , 1.7534423, 0.0320592, , , , , , , 1.7534423, -0.0162814, , , , , , , 1.7534423, 0.0424659, , , , , , , , , , , , , , , , , , , , , , , , , , , , 
1.7539615, -0.0041962, , , , , , , 1.7539615, -0.0619364, , , , , , , 1.7539615, -0.0209812, , , , , , , 1.7539615, 0.0411231, , , , , , , , , , , , , , , , , , , , , , , , , , , , 
1.7544808, 0.0005035, , , , , , , 1.7544808, -0.152575, , , , , , , 1.7544808, -0.0243381, , , , , , , 1.7544808, 0.0369268, , , , , , , , , , , , , , , , , , , , , , , , , , , , 
1.755, 0.0139315, , , , , , , 1.755, -0.2123293, , , , , , , 1.755, -0.0283665, , , , , , , 1.755, 0.0313878, , , , , , , , , , , , , , , , , , , , , , , , , , , , 
1.7555192, 0.026688, , , , , , , 1.7555192, -0.2353246, , , , , , , 1.7555192, -0.0318914, , , , , , , 1.7555192, 0.0226596, , , , , , , , , , , , , , , , , , , , , , , , , , , , 
1.7560385, 0.0320592, , , , , , , 1.7560385, -0.1688563, , , , , , , 1.7560385, -0.0323949, , , , , , , 1.7560385, 0.0142672, , , , , , , , , , , , , , , , , , , , , , , , , , , , 
1.7565577, 0.0384375, , , , , , , 1.7565577, -0.0728466, , , , , , , 1.7565577, -0.0317235, , , , , , , 1.7565577, 0.0068818, , , , , , , , , , , , , , , , , , , , , , , , , , , , 
1.7570769, 0.0454871, , , , , , , 1.7570769, -0.0231632, , , , , , , 1.7570769, -0.03122, , , , , , , 1.7570769, 0.0016785, , , , , , , , , , , , , , , , , , , , , , , , , , , , 
1.7575962, 0.0481727, , , , , , , 1.7575962, -0.0198062, , , , , , , 1.7575962, -0.0303807, , , , , , , 1.7575962, 0.0005035, , , , , , , , , , , , , , , , , , , , , , , , , , , , 
1.7581154, 0.0468299, , , , , , , 1.7581154, -0.0647898, , , , , , , 1.7581154, -0.0256809, , , , , , , 1.7581154, -0.002182, , , , , , , , , , , , , , , , , , , , , , , , , , , , 
1.7586346, 0.0441444, , , , , , , 1.7586346, -0.13579, , , , , , , 1.7586346, -0.0231632, , , , , , , 1.7586346, -0.0028534, , , , , , , , , , , , , , , , , , , , , , , , , , , , 
1.7591538, 0.0461585, , , , , , , 1.7591538, -0.1770809, , , , , , , 1.7591538, -0.0256809, , , , , , , 1.7591538, -0.0038605, , , , , , , , , , , , , , , , , , , , , , , , , , , , 
1.7596731, 0.0602579, , , , , , , 1.7596731, -0.194873, , , , , , , 1.7596731, -0.0250095, , , , , , , 1.7596731, -0.0072175, , , , , , , , , , , , , , , , , , , , , , , , , , , , 
1.7601923, 0.0750286, , , , , , , 1.7601923, -0.2227359, , , , , , , 1.7601923, -0.0219883, , , , , , , 1.7601923, -0.0102388, , , , , , , , , , , , , , , , , , , , , , , , , , , , 
1.7607115, 0.0800641, , , , , , , 1.7607115, -0.2170291, , , , , , , 1.7607115, -0.0166171, , , , , , , 1.7607115, -0.0095674, , , , , , , , , , , , , , , , , , , , , , , , , , , , 
1.7612308, 0.0760357, , , , , , , 1.7612308, -0.1290761, , , , , , , 1.7612308, -0.0115816, , , , , , , 1.7612308, -0.0075532, , , , , , , , , , , , , , , , , , , , , , , , , , , , 
1.76175, 0.0696574, , , , , , , 1.76175, 0.0058747, , , , , , , 1.76175, -0.0105745, , , , , , , 1.76175, -0.0075532, , , , , , , , , , , , , , , , , , , , , , , , , , , , 
1.7622692, 0.0622721, , , , , , , 1.7622692, 0.0785534, , , , , , , 1.7622692, -0.0082246, , , , , , , 1.7622692, -0.0083925, , , , , , , , , , , , , , , , , , , , , , , , , , , , 
1.7627885, 0.0555581, , , , , , , 1.7627885, 0.0710002, , , , , , , 1.7627885, -0.0008392, , , , , , , 1.7627885, -0.0085603, , , , , , , , , , , , , , , , , , , , , , , , , , , , 
1.7633077, 0.0448157, , , , , , , 1.7633077, 0.0548867, , , , , , , 1.7633077, 0.0075532, , , , , , , 1.7633077, -0.0041962, , , , , , , , , , , , , , , , , , , , , , , , , , , , 
1.7638269, 0.0339055, , , , , , , 1.7638269, 0.0757, , , , , , , 1.7638269, 0.0105745, , , , , , , 1.7638269, 0.0011749, , , , , , , , , , , , , , , , , , , , , , , , , , , , 
1.7643462, 0.0280308, , , , , , , 1.7643462, 0.1132982, , , , , , , 1.7643462, 0.008896, , , , , , , 1.7643462, 0.0050355, , , , , , , , , , , , , , , , , , , , , , , , , , , , 
1.7648654, 0.0213169, , , , , , , 1.7648654, 0.1149767, , , , , , , 1.7648654, 0.0082246, , , , , , , 1.7648654, 0.0075532, , , , , , , , , , , , , , , , , , , , , , , , , , , , 
1.7653846, 0.0124208, , , , , , , 1.7653846, 0.0674754, , , , , , , 1.7653846, 0.0105745, , , , , , , 1.7653846, 0.0087282, , , , , , , , , , , , , , , , , , , , , , , , , , , , 
1.7659038, 0.0075532, , , , , , , 1.7659038, -0.0337377, , , , , , , 1.7659038, 0.0125887, , , , , , , 1.7659038, 0.0117494, , , , , , , , , , , , , , , , , , , , , , , , , , , , 
1.7664231, 0.010071, , , , , , , 1.7664231, -0.1284047, , , , , , , 1.7664231, 0.0135958, , , , , , , 1.7664231, 0.0182956, , , , , , , , , , , , , , , , , , , , , , , , , , , , 
1.7669423, 0.0206455, , , , , , , 1.7669423, -0.1700313, , , , , , , 1.7669423, 0.0142672, , , , , , , 1.7669423, 0.024506, , , , , , , , , , , , , , , , , , , , , , , , , , , , 
1.7674615, 0.0307164, , , , , , , 1.7674615, -0.1769131, , , , , , , 1.7674615, 0.0129244, , , , , , , 1.7674615, 0.0297093, , , , , , , , , , , , , , , , , , , , , , , , , , , , 
1.7679808, 0.036759, , , , , , , 1.7679808, -0.1549248, , , , , , , 1.7679808, 0.0078889, , , , , , , 1.7679808, 0.0340734, , , , , , , , , , , , , , , , , , , , , , , , , , , , 
1.7685, 0.0454871, , , , , , , 1.7685, -0.1022202, , , , , , , 1.7685, 0.0020142, , , , , , , 1.7685, 0.0391089, , , , , , , , , , , , , , , , , , , , , , , , , , , , 
1.7690192, 0.0528725, , , , , , , 1.7690192, -0.0179599, , , , , , , 1.7690192, -0.0025177, , , , , , , 1.7690192, 0.047837, , , , , , , , , , , , , , , , , , , , , , , , , , , , 
1.7695385, 0.0575723, , , , , , , 1.7695385, 0.0686503, , , , , , , 1.7695385, -0.0095674, , , , , , , 1.7695385, 0.0548867, , , , , , , , , , , , , , , , , , , , , , , , , , , , 
1.7700577, 0.0587472, , , , , , , 1.7700577, 0.1388113, , , , , , , 1.7700577, -0.0172885, , , , , , , 1.7700577, 0.0558938, , , , , , , , , , , , , , , , , , , , , , , , , , , , 
1.7705769, 0.0555581, , , , , , , 1.7705769, 0.1727169, , , , , , , 1.7705769, -0.0243381, , , , , , , 1.7705769, 0.0515297, , , , , , , , , , , , , , , , , , , , , , , , , , , , 
1.7710962, 0.0575723, , , , , , , 1.7710962, 0.1592889, , , , , , , 1.7710962, -0.0273594, , , , , , , 1.7710962, 0.0513619, , , , , , , , , , , , , , , , , , , , , , , , , , , , 
1.7716154, 0.0642863, , , , , , , 1.7716154, 0.1354543, , , , , , , 1.7716154, -0.0290379, , , , , , , 1.7716154, 0.054551, , , , , , , , , , , , , , , , , , , , , , , , , , , , 
1.7721346, 0.0676432, , , , , , , 1.7721346, 0.1455253, , , , , , , 1.7721346, -0.0318914, , , , , , , 1.7721346, 0.0558938, , , , , , , , , , , , , , , , , , , , , , , , , , , , 
1.7726538, 0.0663005, , , , , , , 1.7726538, 0.1807736, , , , , , , 1.7726538, -0.0404517, , , , , , , 1.7726538, 0.0569009, , , , , , , , , , , , , , , , , , , , , , , , , , , , 
1.7731731, 0.0693217, , , , , , , 1.7731731, 0.2190433, , , , , , , 1.7731731, -0.0481727, , , , , , , 1.7731731, 0.0562295, , , , , , , , , , , , , , , , , , , , , , , , , , , , 
1.7736923, 0.0743572, , , , , , , 1.7736923, 0.2177005, , , , , , , 1.7736923, -0.0508583, , , , , , , 1.7736923, 0.0557259, , , , , , , , , , , , , , , , , , , , , , , , , , , , 
1.7742115, 0.0661326, , , , , , , 1.7742115, 0.1441825, , , , , , , 1.7742115, -0.0505226, , , , , , , 1.7742115, 0.0569009, , , , , , , , , , , , , , , , , , , , , , , , , , , , 
1.7747308, 0.0513619, , , , , , , 1.7747308, 0.0381018, , , , , , , 1.7747308, -0.0485084, , , , , , , 1.7747308, 0.0572366, , , , , , , , , , , , , , , , , , , , , , , , , , , , 
1.77525, 0.0374304, , , , , , , 1.77525, -0.0500191, , , , , , , 1.77525, -0.0414588, , , , , , , 1.77525, 0.0538796, , , , , , , , , , , , , , , , , , , , , , , , , , , , 
1.7757692, 0.0345769, , , , , , , 1.7757692, -0.1451896, , , , , , , 1.7757692, -0.0283665, , , , , , , 1.7757692, 0.0500191, , , , , , , , , , , , , , , , , , , , , , , , , , , , 
1.7762885, 0.0595865, , , , , , , 1.7762885, -0.2163577, , , , , , , 1.7762885, -0.0139315, , , , , , , 1.7762885, 0.043473, , , , , , , , , , , , , , , , , , , , , , , , , , , , 
1.7768077, 0.093492, , , , , , , 1.7768077, -0.2150149, , , , , , , 1.7768077, 0.0036927, , , , , , , 1.7768077, 0.0352483, , , , , , , , , , , , , , , , , , , , , , , , , , , , 
1.7773269, 0.1116197, , , , , , , 1.7773269, -0.1532464, , , , , , , 1.7773269, 0.0231632, , , , , , , 1.7773269, 0.0250095, , , , , , , , , , , , , , , , , , , , , , , , , , , , 
1.7778462, 0.1079271, , , , , , , 1.7778462, -0.0830854, , , , , , , 1.7778462, 0.0370947, , , , , , , 1.7778462, 0.0159457, , , , , , , , , , , , , , , , , , , , , , , , , , , , 
1.7783654, 0.0897993, , , , , , , 1.7783654, -0.0508583, , , , , , , 1.7783654, 0.0394446, , , , , , , 1.7783654, 0.0078889, , , , , , , , , , , , , , , , , , , , , , , , , , , , 
1.7788846, 0.0750286, , , , , , , 1.7788846, -0.0803998, , , , , , , 1.7788846, 0.0340734, , , , , , , 1.7788846, -0.0028534, , , , , , , , , , , , , , , , , , , , , , , , , , , , 
1.7794038, 0.072343, , , , , , , 1.7794038, -0.1384756, , , , , , , 1.7794038, 0.0238346, , , , , , , 1.7794038, -0.0137636, , , , , , , , , , , , , , , , , , , , , , , , , , , , 
1.7799231, 0.0787213, , , , , , , 1.7799231, -0.1440146, , , , , , , 1.7799231, 0.0115816, , , , , , , 1.7799231, -0.018967, , , , , , , , , , , , , , , , , , , , , , , , , , , , 
1.7804423, 0.0877852, , , , , , , 1.7804423, -0.0384375, , , , , , , 1.7804423, -0.0109102, , , , , , , 1.7804423, -0.023331, , , , , , , , , , , , , , , , , , , , , , , , , , , , 
1.7809615, 0.0991989, , , , , , , 1.7809615, 0.170367, , , , , , , 1.7809615, -0.0532082, , , , , , , 1.7809615, -0.024506, , , , , , , , , , , , , , , , , , , , , , , , , , , , 
1.7814808, 0.1079271, , , , , , , 1.7814808, 0.353994, , , , , , , 1.7814808, -0.093492, , , , , , , 1.7814808, -0.0240024, , , , , , , , , , , , , , , , , , , , , , , , , , , , 
1.782, 0.1072557, , , , , , , 1.782, 0.4051881, , , , , , , 1.782, -0.1049058, , , , , , , 1.782, -0.0243381, , , , , , , , , , , , , , , , , , , , , , , , , , , , 
1.7825192, 0.0891279, , , , , , , 1.7825192, 0.3489586, , , , , , , 1.7825192, -0.0793927, , , , , , , 1.7825192, -0.0263523, , , , , , , , , , , , , , , , , , , , , , , , , , , , 
1.7830385, 0.0639506, , , , , , , 1.7830385, 0.2187076, , , , , , , 1.7830385, -0.0391089, , , , , , , 1.7830385, -0.0243381, , , , , , , , , , , , , , , , , , , , , , , , , , , , 
1.7835577, 0.0451514, , , , , , , 1.7835577, 0.070161, , , , , , , 1.7835577, -0.0092317, , , , , , , 1.7835577, -0.0161135, , , , , , , , , , , , , , , , , , , , , , , , , , , , 
1.7840769, 0.0317235, , , , , , , 1.7840769, -0.0186313, , , , , , , 1.7840769, 0.0095674, , , , , , , 1.7840769, -0.0068818, , , , , , , , , , , , , , , , , , , , , , , , , , , , 
1.7845962, 0.0186313, , , , , , , 1.7845962, -0.1223621, , , , , , , 1.7845962, 0.0250095, , , , , , , 1.7845962, 0.0011749, , , , , , , , , , , , , , , , , , , , , , , , , , , , 
1.7851154, 0.0072175, , , , , , , 1.7851154, -0.2170291, , , , , , , 1.7851154, 0.0357519, , , , , , , 1.7851154, 0.0038605, , , , , , , , , , , , , , , , , , , , , , , , , , , , 
1.7856346, -0.0062104, , , , , , , 1.7856346, -0.1327687, , , , , , , 1.7856346, 0.0360876, , , , , , , 1.7856346, 0.0008392, , , , , , , , , , , , , , , , , , , , , , , , , , , , 
1.7861538, -0.0226596, , , , , , , 1.7861538, 0.0198062, , , , , , , 1.7861538, 0.0337377, , , , , , , 1.7861538, -0.0062104, , , , , , , , , , , , , , , , , , , , , , , , , , , , 
1.7866731, -0.0433051, , , , , , , 1.7866731, 0.0501869, , , , , , , 1.7866731, 0.0293736, , , , , , , 1.7866731, -0.0169528, , , , , , , , , , , , , , , , , , , , , , , , , , , , 
1.7871923, -0.0626078, , , , , , , 1.7871923, -0.0229953, , , , , , , 1.7871923, 0.040116, , , , , , , 1.7871923, -0.0263523, , , , , , , , , , , , , , , , , , , , , , , , , , , , 
1.7877115, -0.0733501, , , , , , , 1.7877115, -0.0699931, , , , , , , 1.7877115, 0.0693217, , , , , , , 1.7877115, -0.0313878, , , , , , , , , , , , , , , , , , , , , , , , , , , , 
1.7882308, -0.0777142, , , , , , , 1.7882308, -0.0480049, , , , , , , 1.7882308, 0.0887922, , , , , , , 1.7882308, -0.0357519, , , , , , , , , , , , , , , , , , , , , , , , , , , , 
1.78875, -0.0830854, , , , , , , 1.78875, -0.0263523, , , , , , , 1.78875, 0.0965133, , , , , , , 1.78875, -0.0397803, , , , , , , , , , , , , , , , , , , , , , , , , , , , 
1.7892692, -0.0916457, , , , , , , 1.7892692, -0.1075914, , , , , , , 1.7892692, 0.1040665, , , , , , , 1.7892692, -0.0411231, , , , , , , , , , , , , , , , , , , , , , , , , , , , 
1.7897885, -0.096849, , , , , , , 1.7897885, -0.2767834, , , , , , , 1.7897885, 0.0998703, , , , , , , 1.7897885, -0.0406195, , , , , , , , , , , , , , , , , , , , , , , , , , , , 
1.7903077, -0.1015488, , , , , , , 1.7903077, -0.3845426, , , , , , , 1.7903077, 0.0773785, , , , , , , 1.7903077, -0.0379339, , , , , , , , , , , , , , , , , , , , , , , , , , , , 
1.7908269, -0.1062486, , , , , , , 1.7908269, -0.3917601, , , , , , , 1.7908269, 0.0433051, , , , , , , 1.7908269, -0.0303807, , , , , , , , , , , , , , , , , , , , , , , , , , , , 
1.7913462, -0.111284, , , , , , , 1.7913462, -0.3543297, , , , , , , 1.7913462, 0.0070497, , , , , , , 1.7913462, -0.0216526, , , , , , , , , , , , , , , , , , , , , , , , , , , , 
1.7918654, -0.1196765, , , , , , , 1.7918654, -0.2588235, , , , , , , 1.7918654, -0.0199741, , , , , , , 1.7918654, -0.0149386, , , , , , , , , , , , , , , , , , , , , , , , , , , , 
1.7923846, -0.1253834, , , , , , , 1.7923846, -0.1230335, , , , , , , 1.7923846, -0.033402, , , , , , , 1.7923846, -0.0109102, , , , , , , , , , , , , , , , , , , , , , , , , , , , 
1.7929038, -0.1260548, , , , , , , 1.7929038, 0.0182956, , , , , , , 1.7929038, -0.0374304, , , , , , , 1.7929038, -0.008896, , , , , , , , , , , , , , , , , , , , , , , , , , , , 
1.7934231, -0.1242084, , , , , , , 1.7934231, 0.0903029, , , , , , , 1.7934231, -0.036759, , , , , , , 1.7934231, -0.0082246, , , , , , , , , , , , , , , , , , , , , , , , , , , , 
1.7939423, -0.1233692, , , , , , , 1.7939423, 0.0622721, , , , , , , 1.7939423, -0.0310521, , , , , , , 1.7939423, -0.0045319, , , , , , , , , , , , , , , , , , , , , , , , , , , , 
1.7944615, -0.1230335, , , , , , , 1.7944615, 0.0258488, , , , , , , 1.7944615, -0.0246738, , , , , , , 1.7944615, -0.0011749, , , , , , , , , , , , , , , , , , , , , , , , , , , , 
1.7949808, -0.1200122, , , , , , , 1.7949808, 0.0424659, , , , , , , 1.7949808, -0.0203098, , , , , , , 1.7949808, 0.0016785, , , , , , , , , , , , , , , , , , , , , , , , , , , , 
1.7955, -0.1119554, , , , , , , 1.7955, 0.0669718, , , , , , , 1.7955, -0.0157778, , , , , , , 1.7955, 0.0025177, , , , , , , , , , , , , , , , , , , , , , , , , , , , 
1.7960192, -0.0985275, , , , , , , 1.7960192, 0.0642863, , , , , , , 1.7960192, -0.0149386, , , , , , , 1.7960192, 0.0011749, , , , , , , , , , , , , , , , , , , , , , , , , , , , 
1.7965385, -0.0770428, , , , , , , 1.7965385, 0.0753643, , , , , , , 1.7965385, -0.018967, , , , , , , 1.7965385, -0.0016785, , , , , , , , , , , , , , , , , , , , , , , , , , , , 
1.7970577, -0.0451514, , , , , , , 1.7970577, 0.1003738, , , , , , , 1.7970577, -0.0270237, , , , , , , 1.7970577, -0.0052033, , , , , , , , , , , , , , , , , , , , , , , , , , , , 
1.7975769, -0.0082246, , , , , , , 1.7975769, 0.1045701, , , , , , , 1.7975769, -0.0372625, , , , , , , 1.7975769, -0.0048676, , , , , , , , , , , , , , , , , , , , , , , , , , , , 
1.7980962, 0.0320592, , , , , , , 1.7980962, 0.0699931, , , , , , , 1.7980962, -0.0473335, , , , , , , 1.7980962, -0.0010071, , , , , , , , , , , , , , , , , , , , , , , , , , , , 
1.7986154, 0.068986, , , , , , , 1.7986154, -0.0166171, , , , , , , 1.7986154, -0.0565652, , , , , , , 1.7986154, 0.0025177, , , , , , , , , , , , , , , , , , , , , , , , , , , , 
1.7991346, 0.0894636, , , , , , , 1.7991346, -0.1344472, , , , , , , 1.7991346, -0.0652934, , , , , , , 1.7991346, 0.0025177, , , , , , , , , , , , , , , , , , , , , , , , , , , , 
1.7996538, 0.0971847, , , , , , , 1.7996538, -0.2437171, , , , , , , 1.7996538, -0.0696574, , , , , , , 1.7996538, 0.0011749, , , , , , , , , , , , , , , , , , , , , , , , , , , , 
1.8001731, 0.1143053, , , , , , , 1.8001731, -0.2999466, , , , , , , 1.8001731, -0.0673075, , , , , , , 1.8001731, 0.0001678, , , , , , , , , , , , , , , , , , , , , , , , , , , , 
1.8006923, 0.1327687, , , , , , , 1.8006923, -0.3069963, , , , , , , 1.8006923, -0.064622, , , , , , , 1.8006923, -0.0038605, , , , , , , , , , , , , , , , , , , , , , , , , , , , 
1.8012115, 0.149218, , , , , , , 1.8012115, -0.2969253, , , , , , , 1.8012115, -0.0614328, , , , , , , 1.8012115, -0.0095674, , , , , , , , , , , , , , , , , , , , , , , , , , , , 
1.8017308, 0.1985657, , , , , , , 1.8017308, -0.2499275, , , , , , , 1.8017308, -0.0565652, , , , , , , 1.8017308, -0.0137636, , , , , , , , , , , , , , , , , , , , , , , , , , , , 
1.80225, 0.3036393, , , , , , , 1.80225, -0.1596246, , , , , , , 1.80225, -0.049012, , , , , , , 1.80225, -0.0169528, , , , , , , , , , , , , , , , , , , , , , , , , , , , 
1.8027692, 0.4577249, , , , , , , 1.8027692, -0.0599222, , , , , , , 1.8027692, -0.043473, , , , , , , 1.8027692, -0.0206455, , , , , , , , , , , , , , , , , , , , , , , , , , , , 
1.8032885, 0.6200351, , , , , , , 1.8032885, 0.0119173, , , , , , , 1.8032885, -0.0419623, , , , , , , 1.8032885, -0.0287022, , , , , , , , , , , , , , , , , , , , , , , , , , , , 
1.8038077, 0.7455863, , , , , , , 1.8038077, 0.0298772, , , , , , , 1.8038077, -0.0414588, , , , , , , 1.8038077, -0.0399481, , , , , , , , , , , , , , , , , , , , , , , , , , , , 
1.8043269, 0.8243076, , , , , , , 1.8043269, 0.0048676, , , , , , , 1.8043269, -0.0374304, , , , , , , 1.8043269, -0.0498512, , , , , , , , , , , , , , , , , , , , , , , , , , , , 
1.8048462, 0.9075608, , , , , , , 1.8048462, -0.0115816, , , , , , , 1.8048462, -0.0290379, , , , , , , 1.8048462, -0.0585794, , , , , , , , , , , , , , , , , , , , , , , , , , , , 
1.8053654, 0.965301, , , , , , , 1.8053654, 0.0135958, , , , , , , 1.8053654, -0.0204776, , , , , , , 1.8053654, -0.064622, , , , , , , , , , , , , , , , , , , , , , , , , , , , 
1.8058846, 0.9579156, , , , , , , 1.8058846, 0.070161, , , , , , , 1.8058846, -0.0169528, , , , , , , 1.8058846, -0.0656291, , , , , , , , , , , , , , , , , , , , , , , , , , , , 
1.8064038, 0.9053788, , , , , , , 1.8064038, 0.1233692, , , , , , , 1.8064038, -0.0176242, , , , , , , 1.8064038, -0.0636149, , , , , , , , , , , , , , , , , , , , , , , , , , , , 
1.8069231, 0.8256504, , , , , , , 1.8069231, 0.1414969, , , , , , , 1.8069231, -0.0157778, , , , , , , 1.8069231, -0.0616007, , , , , , , , , , , , , , , , , , , , , , , , , , , , 
1.8074423, 0.7282979, , , , , , , 1.8074423, 0.1226978, , , , , , , 1.8074423, -0.0135958, , , , , , , 1.8074423, -0.0592508, , , , , , , , , , , , , , , , , , , , , , , , , , , , 
1.8079615, 0.595697, , , , , , , 1.8079615, 0.0889601, , , , , , , 1.8079615, -0.0082246, , , , , , , 1.8079615, -0.0538796, , , , , , , , , , , , , , , , , , , , , , , , , , , , 
1.8084808, 0.3682612, , , , , , , 1.8084808, 0.0666361, , , , , , , 1.8084808, -0.0015106, , , , , , , 1.8084808, -0.0439765, , , , , , , , , , , , , , , , , , , , , , , , , , , , 
1.809, 0.1211872, , , , , , , 1.809, 0.064622, , , , , , , 1.809, 0.0008392, , , , , , , 1.809, -0.0340734, , , , , , , , , , , , , , , , , , , , , , , , , , , , 
1.8095192, -0.0626078, , , , , , , 1.8095192, 0.0820783, , , , , , , 1.8095192, -0.0008392, , , , , , , 1.8095192, -0.0276951, , , , , , , , , , , , , , , , , , , , , , , , , , , , 
1.8100385, -0.2015869, , , , , , , 1.8100385, 0.1220264, , , , , , , 1.8100385, 0.0005035, , , , , , , 1.8100385, -0.0219883, , , , , , , , , , , , , , , , , , , , , , , , , , , , 
1.8105577, -0.3068284, , , , , , , 1.8105577, 0.170367, , , , , , , 1.8105577, 0.0031891, , , , , , , 1.8105577, -0.0120851, , , , , , , , , , , , , , , , , , , , , , , , , , , , 
1.8110769, -0.3860533, , , , , , , 1.8110769, 0.2507668, , , , , , , 1.8110769, 0.0045319, , , , , , , 1.8110769, -0.0015106, , , , , , , , , , , , , , , , , , , , , , , , , , , , 
1.8115962, -0.4392615, , , , , , , 1.8115962, 0.3654078, , , , , , , 1.8115962, 0.0075532, , , , , , , 1.8115962, 0.0065461, , , , , , , , , , , , , , , , , , , , , , , , , , , , 
1.8121154, -0.4647745, , , , , , , 1.8121154, 0.4140841, , , , , , , 1.8121154, 0.0135958, , , , , , , 1.8121154, 0.0132601, , , , , , , , , , , , , , , , , , , , , , , , , , , , 
1.8126346, -0.4790417, , , , , , , 1.8126346, 0.3768215, , , , , , , 1.8126346, 0.0151064, , , , , , , 1.8126346, 0.0219883, , , , , , , , , , , , , , , , , , , , , , , , , , , , 
1.8131538, -0.5017014, , , , , , , 1.8131538, 0.3053178, , , , , , , 1.8131538, 0.0119173, , , , , , , 1.8131538, 0.0287022, , , , , , , , , , , , , , , , , , , , , , , , , , , , 
1.8136731, -0.5278859, , , , , , , 1.8136731, 0.2297856, , , , , , , 1.8136731, 0.0058747, , , , , , , 1.8136731, 0.0327306, , , , , , , , , , , , , , , , , , , , , , , , , , , , 
1.8141923, -0.5480278, , , , , , , 1.8141923, 0.1567712, , , , , , , 1.8141923, 0.0050355, , , , , , , 1.8141923, 0.0350805, , , , , , , , , , , , , , , , , , , , , , , , , , , , 
1.8147115, -0.5681697, , , , , , , 1.8147115, 0.0775463, , , , , , , 1.8147115, 0.0072175, , , , , , , 1.8147115, 0.0360876, , , , , , , , , , , , , , , , , , , , , , , , , , , , 
1.8152308, -0.6024109, , , , , , , 1.8152308, -0.0406195, , , , , , , 1.8152308, 0.0048676, , , , , , , 1.8152308, 0.0344091, , , , , , , , , , , , , , , , , , , , , , , , , , , , 
1.81575, -0.6455482, , , , , , , 1.81575, -0.1700313, , , , , , , 1.81575, 0.0011749, , , , , , , 1.81575, 0.0323949, , , , , , , , , , , , , , , , , , , , , , , , , , , , 
1.8162692, -0.673579, , , , , , , 1.8162692, -0.2230716, , , , , , , 1.8162692, -0.0041962, , , , , , , 1.8162692, 0.0313878, , , , , , , , , , , , , , , , , , , , , , , , , , , , 
1.8167885, -0.6918746, , , , , , , 1.8167885, -0.2101472, , , , , , , 1.8167885, -0.0112459, , , , , , , 1.8167885, 0.0280308, , , , , , , , , , , , , , , , , , , , , , , , , , , , 
1.8173077, -0.7084916, , , , , , , 1.8173077, -0.1754025, , , , , , , 1.8173077, -0.0159457, , , , , , , 1.8173077, 0.0263523, , , , , , , , , , , , , , , , , , , , , , , , , , , , 
1.8178269, -0.7145342, , , , , , , 1.8178269, -0.1351186, , , , , , , 1.8178269, -0.0149386, , , , , , , 1.8178269, 0.027863, , , , , , , , , , , , , , , , , , , , , , , , , , , , 
1.8183462, -0.6870069, , , , , , , 1.8183462, -0.1364614, , , , , , , 1.8183462, -0.0097353, , , , , , , 1.8183462, 0.0307164, , , , , , , , , , , , , , , , , , , , , , , , , , , , 
1.8188654, -0.6504158, , , , , , , 1.8188654, -0.1693599, , , , , , , 1.8188654, -0.002182, , , , , , , 1.8188654, 0.0327306, , , , , , , , , , , , , , , , , , , , , , , , , , , , 
1.8193846, -0.6358129, , , , , , , 1.8193846, -0.1701991, , , , , , , 1.8193846, 0.0041962, , , , , , , 1.8193846, 0.0354162, , , , , , , , , , , , , , , , , , , , , , , , , , , , 
1.8199038, -0.6230564, , , , , , , 1.8199038, -0.1304189, , , , , , , 1.8199038, 0.0035248, , , , , , , 1.8199038, 0.0381018, , , , , , , , , , , , , , , , , , , , , , , , , , , , 
1.8204231, -0.6128176, , , , , , , 1.8204231, -0.0867781, , , , , , , 1.8204231, 0.0011749, , , , , , , 1.8204231, 0.0407874, , , , , , , , , , , , , , , , , , , , , , , , , , , , 
1.8209423, -0.6361486, , , , , , , 1.8209423, -0.0642863, , , , , , , 1.8209423, 0.0011749, , , , , , , 1.8209423, 0.0417945, , , , , , , , , , , , , , , , , , , , , , , , , , , , 
1.8214615, -0.6863355, , , , , , , 1.8214615, -0.0501869, , , , , , , 1.8214615, -0.002182, , , , , , , 1.8214615, 0.043473, , , , , , , , , , , , , , , , , , , , , , , , , , , , 
1.8219808, -0.7232624, , , , , , , 1.8219808, -0.0350805, , , , , , , 1.8219808, -0.0077211, , , , , , , 1.8219808, 0.0495155, , , , , , , , , , , , , , , , , , , , , , , , , , , , 
1.8225, -0.7417258, , , , , , , 1.8225, -0.0169528, , , , , , , 1.8225, -0.0117494, , , , , , , 1.8225, 0.0555581, , , , , , , , , , , , , , , , , , , , , , , , , , , , 
1.8230192, -0.789395, , , , , , , 1.8230192, 0.0025177, , , , , , , 1.8230192, -0.0142672, , , , , , , 1.8230192, 0.0616007, , , , , , , , , , , , , , , , , , , , , , , , , , , , 
1.8235385, -0.8092012, , , , , , , 1.8235385, 0.0166171, , , , , , , 1.8235385, -0.0142672, , , , , , , 1.8235385, 0.0688182, , , , , , , , , , , , , , , , , , , , , , , , , , , , 
1.8240577, -0.7376974, , , , , , , 1.8240577, 0.0260166, , , , , , , 1.8240577, -0.0104067, , , , , , , 1.8240577, 0.0748608, , , , , , , , , , , , , , , , , , , , , , , , , , , , 
1.8245769, -0.6202029, , , , , , , 1.8245769, 0.0360876, , , , , , , 1.8245769, -0.0065461, , , , , , , 1.8245769, 0.0750286, , , , , , , , , , , , , , , , , , , , , , , , , , , , 
1.8250962, -0.5111009, , , , , , , 1.8250962, 0.0350805, , , , , , , 1.8250962, -0.005539, , , , , , , 1.8250962, 0.0750286, , , , , , , , , , , , , , , , , , , , , , , , , , , , 
1.8256154, -0.415259, , , , , , , 1.8256154, 0.0129244, , , , , , , 1.8256154, -0.008896, , , , , , , 1.8256154, 0.0780499, , , , , , , , , , , , , , , , , , , , , , , , , , , , 
1.8261346, -0.3172351, , , , , , , 1.8261346, -0.0062104, , , , , , , 1.8261346, -0.012253, , , , , , , 1.8261346, 0.0780499, , , , , , , , , , , , , , , , , , , , , , , , , , , , 
1.8266538, -0.2140078, , , , , , , 1.8266538, -0.0095674, , , , , , , 1.8266538, -0.0127565, , , , , , , 1.8266538, 0.0750286, , , , , , , , , , , , , , , , , , , , , , , , , , , , 
1.8271731, -0.1089342, , , , , , , 1.8271731, 0.0008392, , , , , , , 1.8271731, -0.0112459, , , , , , , 1.8271731, 0.0757, , , , , , , , , , , , , , , , , , , , , , , , , , , , 
1.8276923, -0.012253, , , , , , , 1.8276923, 0.0139315, , , , , , , 1.8276923, -0.0072175, , , , , , , 1.8276923, 0.0803998, , , , , , , , , , , , , , , , , , , , , , , , , , , , 
1.8282115, 0.0767071, , , , , , , 1.8282115, 0.0243381, , , , , , , 1.8282115, -0.0018463, , , , , , , 1.8282115, 0.0891279, , , , , , , , , , , , , , , , , , , , , , , , , , , , 
1.8287308, 0.1629816, , , , , , , 1.8287308, 0.0320592, , , , , , , 1.8287308, 0.0036927, , , , , , , 1.8287308, 0.0985275, , , , , , , , , , , , , , , , , , , , , , , , , , , , 
1.82925, 0.2401923, , , , , , , 1.82925, 0.0172885, , , , , , , 1.82925, 0.011078, , , , , , , 1.82925, 0.1109483, , , , , , , , , , , , , , , , , , , , , , , , , , , , 
1.8297692, 0.303975, , , , , , , 1.8297692, -0.0236667, , , , , , , 1.8297692, 0.0193027, , , , , , , 1.8297692, 0.1232013, , , , , , , , , , , , , , , , , , , , , , , , , , , , 
1.8302885, 0.3503014, , , , , , , 1.8302885, -0.0538796, , , , , , , 1.8302885, 0.026688, , , , , , , 1.8302885, 0.1320974, , , , , , , , , , , , , , , , , , , , , , , , , , , , 
1.8308077, 0.3754788, , , , , , , 1.8308077, -0.0327306, , , , , , , 1.8308077, 0.0313878, , , , , , , 1.8308077, 0.1401541, , , , , , , , , , , , , , , , , , , , , , , , , , , , 
1.8313269, 0.3986419, , , , , , , 1.8313269, 0.0293736, , , , , , , 1.8313269, 0.033402, , , , , , , 1.8313269, 0.1488823, , , , , , , , , , , , , , , , , , , , , , , , , , , , 
1.8318462, 0.4322118, , , , , , , 1.8318462, 0.0827497, , , , , , , 1.8318462, 0.0320592, , , , , , , 1.8318462, 0.1582818, , , , , , , , , , , , , , , , , , , , , , , , , , , , 
1.8323654, 0.4677958, , , , , , , 1.8323654, 0.1042344, , , , , , , 1.8323654, 0.0273594, , , , , , , 1.8323654, 0.1634852, , , , , , , , , , , , , , , , , , , , , , , , , , , , 
1.8328846, 0.4902876, , , , , , , 1.8328846, 0.1287404, , , , , , , 1.8328846, 0.0206455, , , , , , , 1.8328846, 0.1619745, , , , , , , , , , , , , , , , , , , , , , , , , , , , 
1.8334038, 0.4879377, , , , , , , 1.8334038, 0.1804379, , , , , , , 1.8334038, 0.0172885, , , , , , , 1.8334038, 0.1582818, , , , , , , , , , , , , , , , , , , , , , , , , , , , 
1.8339231, 0.4547036, , , , , , , 1.8339231, 0.2257572, , , , , , , 1.8339231, 0.0176242, , , , , , , 1.8339231, 0.1555962, , , , , , , , , , , , , , , , , , , , , , , , , , , , 
1.8344423, 0.4080415, , , , , , , 1.8344423, 0.2526131, , , , , , , 1.8344423, 0.0287022, , , , , , , 1.8344423, 0.1535821, , , , , , , , , , , , , , , , , , , , , , , , , , , , 
1.8349615, 0.3875639, , , , , , , 1.8349615, 0.2324712, , , , , , , 1.8349615, 0.0574044, , , , , , , 1.8349615, 0.1467002, , , , , , , , , , , , , , , , , , , , , , , , , , , , 
1.8354808, 0.391928, , , , , , , 1.8354808, 0.1831235, , , , , , , 1.8354808, 0.0803998, , , , , , , 1.8354808, 0.1344472, , , , , , , , , , , , , , , , , , , , , , , , , , , , 
1.836, 0.3929351, , , , , , , 1.836, 0.1649958, , , , , , , 1.836, 0.0736858, , , , , , , 1.836, 0.124712, , , , , , , , , , , , , , , , , , , , , , , , , , , , 
1.8365192, 0.3905852, , , , , , , 1.8365192, 0.1668421, , , , , , , 1.8365192, 0.0270237, , , , , , , 1.8365192, 0.1166552, , , , , , , , , , , , , , , , , , , , , , , , , , , , 
1.8370385, 0.3811856, , , , , , , 1.8370385, 0.1210193, , , , , , , 1.8370385, -0.0391089, , , , , , , 1.8370385, 0.1055772, , , , , , , , , , , , , , , , , , , , , , , , , , , , 
1.8375577, 0.3194171, , , , , , , 1.8375577, 0.0535439, , , , , , , 1.8375577, -0.0961776, , , , , , , 1.8375577, 0.0923171, , , , , , , , , , , , , , , , , , , , , , , , , , , , 
1.8380769, 0.2542916, , , , , , , 1.8380769, -0.0068818, , , , , , , 1.8380769, -0.1307546, , , , , , , 1.8380769, 0.0785534, , , , , , , , , , , , , , , , , , , , , , , , , , , , 
1.8385962, 0.2724193, , , , , , , 1.8385962, -0.1003738, , , , , , , 1.8385962, -0.1431754, , , , , , , 1.8385962, 0.0696574, , , , , , , , , , , , , , , , , , , , , , , , , , , , 
1.8391154, 0.3597009, , , , , , , 1.8391154, -0.2213931, , , , , , , 1.8391154, -0.1361257, , , , , , , 1.8391154, 0.0627756, , , , , , , , , , , , , , , , , , , , , , , , , , , , 
1.8396346, 0.4328832, , , , , , , 1.8396346, -0.3096818, , , , , , , 1.8396346, -0.1149767, , , , , , , 1.8396346, 0.0515297, , , , , , , , , , , , , , , , , , , , , , , , , , , , 
1.8401538, 0.4429541, , , , , , , 1.8401538, -0.3318379, , , , , , , 1.8401538, -0.0840925, , , , , , , 1.8401538, 0.0364233, , , , , , , , , , , , , , , , , , , , , , , , , , , , 
1.8406731, 0.4147555, , , , , , , 1.8406731, -0.2955825, , , , , , , 1.8406731, -0.0505226, , , , , , , 1.8406731, 0.0176242, , , , , , , , , , , , , , , , , , , , , , , , , , , , 
1.8411923, 0.3714504, , , , , , , 1.8411923, -0.2240787, , , , , , , 1.8411923, -0.0193027, , , , , , , 1.8411923, -0.0025177, , , , , , , , , , , , , , , , , , , , , , , , , , , , 
1.8417115, 0.3163958, , , , , , , 1.8417115, -0.1408255, , , , , , , 1.8417115, 0.0139315, , , , , , , 1.8417115, -0.0216526, , , , , , , , , , , , , , , , , , , , , , , , , , , , 
1.8422308, 0.251606, , , , , , , 1.8422308, -0.0746929, , , , , , , 1.8422308, 0.0522011, , , , , , , 1.8422308, -0.0364233, , , , , , , , , , , , , , , , , , , , , , , , , , , , 
1.84275, 0.1864805, , , , , , , 1.84275, -0.0377661, , , , , , , 1.84275, 0.0887922, , , , , , , 1.84275, -0.0475013, , , , , , , , , , , , , , , , , , , , , , , , , , , , 
1.8432692, 0.1337758, , , , , , , 1.8432692, -0.0112459, , , , , , , 1.8432692, 0.1126268, , , , , , , 1.8432692, -0.0592508, , , , , , , , , , , , , , , , , , , , , , , , , , , , 
1.8437885, 0.1018845, , , , , , , 1.8437885, -0.0176242, , , , , , , 1.8437885, 0.117998, , , , , , , 1.8437885, -0.0726787, , , , , , , , , , , , , , , , , , , , , , , , , , , , 
1.8443077, 0.082414, , , , , , , 1.8443077, -0.0797284, , , , , , , 1.8443077, 0.102388, , , , , , , 1.8443077, -0.0877852, , , , , , , , , , , , , , , , , , , , , , , , , , , , 
1.8448269, 0.0619364, , , , , , , 1.8448269, -0.1891661, , , , , , , 1.8448269, 0.0683146, , , , , , , 1.8448269, -0.1065843, , , , , , , , , , , , , , , , , , , , , , , , , , , , 
1.8453462, 0.0360876, , , , , , , 1.8453462, -0.2569772, , , , , , , 1.8453462, 0.0280308, , , , , , , 1.8453462, -0.1233692, , , , , , , , , , , , , , , , , , , , , , , , , , , , 
1.8458654, 0.0102388, , , , , , , 1.8458654, -0.199237, , , , , , , 1.8458654, -0.0139315, , , , , , , 1.8458654, -0.1304189, , , , , , , , , , , , , , , , , , , , , , , , , , , , 
1.8463846, -0.0052033, , , , , , , 1.8463846, -0.0809033, , , , , , , 1.8463846, -0.047837, , , , , , , 1.8463846, -0.1337758, , , , , , , , , , , , , , , , , , , , , , , , , , , , 
1.8469038, -0.0127565, , , , , , , 1.8469038, -0.0125887, , , , , , , 1.8469038, -0.0726787, , , , , , , 1.8469038, -0.1378042, , , , , , , , , , , , , , , , , , , , , , , , , , , , 
1.8474231, -0.0213169, , , , , , , 1.8474231, -0.0028534, , , , , , , 1.8474231, -0.100206, , , , , , , 1.8474231, -0.1394827, , , , , , , , , , , , , , , , , , , , , , , , , , , , 
1.8479423, -0.0297093, , , , , , , 1.8479423, 0.0370947, , , , , , , 1.8479423, -0.1206836, , , , , , , 1.8479423, -0.1359579, , , , , , , , , , , , , , , , , , , , , , , , , , , , 
1.8484615, -0.0330663, , , , , , , 1.8484615, 0.1201801, , , , , , , 1.8484615, -0.1139696, , , , , , , 1.8484615, -0.1263905, , , , , , , , , , , , , , , , , , , , , , , , , , , , 
1.8489808, -0.0305486, , , , , , , 1.8489808, 0.1572747, , , , , , , 1.8489808, -0.0867781, , , , , , , 1.8489808, -0.1089342, , , , , , , , , , , , , , , , , , , , , , , , , , , , 
1.8495, -0.0209812, , , , , , , 1.8495, 0.1003738, , , , , , , 1.8495, -0.0569009, , , , , , , 1.8495, -0.0887922, , , , , , , , , , , , , , , , , , , , , , , , , , , , 
1.8500192, -0.0041962, , , , , , , 1.8500192, 0.01561, , , , , , , 1.8500192, -0.0303807, , , , , , , 1.8500192, -0.0730144, , , , , , , , , , , , , , , , , , , , , , , , , , , , 
1.8505385, 0.0142672, , , , , , , 1.8505385, -0.0406195, , , , , , , 1.8505385, -0.008896, , , , , , , 1.8505385, -0.064622, , , , , , , , , , , , , , , , , , , , , , , , , , , , 
1.8510577, 0.0265202, , , , , , , 1.8510577, -0.0515297, , , , , , , 1.8510577, 0.0062104, , , , , , , 1.8510577, -0.0616007, , , , , , , , , , , , , , , , , , , , , , , , , , , , 
1.8515769, 0.033402, , , , , , , 1.8515769, -0.0357519, , , , , , , 1.8515769, 0.0152743, , , , , , , 1.8515769, -0.0632792, , , , , , , , , , , , , , , , , , , , , , , , , , , , 
1.8520962, 0.0424659, , , , , , , 1.8520962, -0.0663005, , , , , , , 1.8520962, 0.0193027, , , , , , , 1.8520962, -0.0678111, , , , , , , , , , , , , , , , , , , , , , , , , , , , 
1.8526154, 0.0495155, , , , , , , 1.8526154, -0.1398184, , , , , , , 1.8526154, 0.0223239, , , , , , , 1.8526154, -0.0741894, , , , , , , , , , , , , , , , , , , , , , , , , , , , 
1.8531346, 0.0569009, , , , , , , 1.8531346, -0.1764096, , , , , , , 1.8531346, 0.0253452, , , , , , , 1.8531346, -0.0803998, , , , , , , , , , , , , , , , , , , , , , , , , , , , 
1.8536538, 0.0609293, , , , , , , 1.8536538, -0.1787594, , , , , , , 1.8536538, 0.0280308, , , , , , , 1.8536538, -0.0837568, , , , , , , , , , , , , , , , , , , , , , , , , , , , 
1.8541731, 0.0575723, , , , , , , 1.8541731, -0.1816129, , , , , , , 1.8541731, 0.0305486, , , , , , , 1.8541731, -0.0834211, , , , , , , , , , , , , , , , , , , , , , , , , , , , 
1.8546923, 0.0595865, , , , , , , 1.8546923, -0.1784237, , , , , , , 1.8546923, 0.0290379, , , , , , , 1.8546923, -0.0840925, , , , , , , , , , , , , , , , , , , , , , , , , , , , 
1.8552115, 0.0733501, , , , , , , 1.8552115, -0.1616388, , , , , , , 1.8552115, 0.0216526, , , , , , , 1.8552115, -0.0864424, , , , , , , , , , , , , , , , , , , , , , , , , , , , 
1.8557308, 0.0955062, , , , , , , 1.8557308, -0.0928206, , , , , , , 1.8557308, 0.0142672, , , , , , , 1.8557308, -0.0874495, , , , , , , , , , , , , , , , , , , , , , , , , , , , 
1.85625, 0.1153124, , , , , , , 1.85625, 0.0213169, , , , , , , 1.85625, 0.0065461, , , , , , , 1.85625, -0.0891279, , , , , , , , , , , , , , , , , , , , , , , , , , , , 
1.8567692, 0.1435111, , , , , , , 1.8567692, 0.1243763, , , , , , , 1.8567692, -0.0063783, , , , , , , 1.8567692, -0.0894636, , , , , , , , , , , , , , , , , , , , , , , , , , , , 
1.8572885, 0.1656672, , , , , , , 1.8572885, 0.1884947, , , , , , , 1.8572885, -0.0179599, , , , , , , 1.8572885, -0.0864424, , , , , , , , , , , , , , , , , , , , , , , , , , , , 
1.8578077, 0.1666743, , , , , , , 1.8578077, 0.2435492, , , , , , , 1.8578077, -0.0198062, , , , , , , 1.8578077, -0.0800641, , , , , , , , , , , , , , , , , , , , , , , , , , , , 
1.8583269, 0.156939, , , , , , , 1.8583269, 0.2876936, , , , , , , 1.8583269, -0.0166171, , , , , , , 1.8583269, -0.0753643, , , , , , , , , , , , , , , , , , , , , , , , , , , , 
1.8588462, 0.1441825, , , , , , , 1.8588462, 0.288365, , , , , , , 1.8588462, -0.0137636, , , , , , , 1.8588462, -0.0730144, , , , , , , , , , , , , , , , , , , , , , , , , , , , 
1.8593654, 0.1300832, , , , , , , 1.8593654, 0.2099794, , , , , , , 1.8593654, -0.008896, , , , , , , 1.8593654, -0.0730144, , , , , , , , , , , , , , , , , , , , , , , , , , , , 
1.8598846, 0.1136339, , , , , , , 1.8598846, 0.0575723, , , , , , , 1.8598846, -0.0028534, , , , , , , 1.8598846, -0.0762036, , , , , , , , , , , , , , , , , , , , , , , , , , , , 
1.8604038, 0.0944991, , , , , , , 1.8604038, -0.0733501, , , , , , , 1.8604038, -0.002182, , , , , , , 1.8604038, -0.0782177, , , , , , , , , , , , , , , , , , , , , , , , , , , , 
1.8609231, 0.0758679, , , , , , , 1.8609231, -0.114641, , , , , , , 1.8609231, -0.0043641, , , , , , , 1.8609231, -0.0767071, , , , , , , , , , , , , , , , , , , , , , , , , , , , 
1.8614423, 0.0622721, , , , , , , 1.8614423, -0.191516, , , , , , , 1.8614423, -0.0035248, , , , , , , 1.8614423, -0.0726787, , , , , , , , , , , , , , , , , , , , , , , , , , , , 
1.8619615, 0.0480049, , , , , , , 1.8619615, -0.2895399, , , , , , , 1.8619615, 0.010071, , , , , , , 1.8619615, -0.0659648, , , , , , , , , , , , , , , , , , , , , , , , , , , , 
1.8624808, 0.0240024, , , , , , , 1.8624808, -0.181445, , , , , , , 1.8624808, 0.0313878, , , , , , , 1.8624808, -0.0592508, , , , , , , , , , , , , , , , , , , , , , , , , , , , 
1.863, -0.0297093, , , , , , , 1.863, 0.04448, , , , , , , 1.863, 0.0414588, , , , , , , 1.863, -0.0555581, , , , , , , , , , , , , , , , , , , , , , , , , , , , 
1.8635192, -0.0839246, , , , , , , 1.8635192, 0.1388113, , , , , , , 1.8635192, 0.0320592, , , , , , , 1.8635192, -0.0542153, , , , , , , , , , , , , , , , , , , , , , , , , , , , 
1.8640385, -0.0639506, , , , , , , 1.8640385, 0.0891279, , , , , , , 1.8640385, 0.0166171, , , , , , , 1.8640385, -0.0533761, , , , , , , , , , , , , , , , , , , , , , , , , , , , 
1.8645577, 0.0166171, , , , , , , 1.8645577, -0.0083925, , , , , , , 1.8645577, 0.005539, , , , , , , 1.8645577, -0.0572366, , , , , , , , , , , , , , , , , , , , , , , , , , , , 
1.8650769, 0.030045, , , , , , , 1.8650769, -0.110277, , , , , , , 1.8650769, -0.0182956, , , , , , , 1.8650769, -0.0663005, , , , , , , , , , , , , , , , , , , , , , , , , , , , 
1.8655962, -0.0256809, , , , , , , 1.8655962, -0.1685206, , , , , , , 1.8655962, -0.0565652, , , , , , , 1.8655962, -0.072343, , , , , , , , , , , , , , , , , , , , , , , , , , , , 
1.8661154, -0.0787213, , , , , , , 1.8661154, -0.1723812, , , , , , , 1.8661154, -0.0941634, , , , , , , 1.8661154, -0.0726787, , , , , , , , , , , , , , , , , , , , , , , , , , , , 
1.8666346, -0.1040665, , , , , , , 1.8666346, -0.1505608, , , , , , , 1.8666346, -0.1237049, , , , , , , 1.8666346, -0.068986, , , , , , , , , , , , , , , , , , , , , , , , , , , , 
1.8671538, -0.1116197, , , , , , , 1.8671538, -0.0755322, , , , , , , 1.8671538, -0.145861, , , , , , , 1.8671538, -0.0626078, , , , , , , , , , , , , , , , , , , , , , , , , , , , 
1.8676731, -0.1183337, , , , , , , 1.8676731, -0.0031891, , , , , , , 1.8676731, -0.1507286, , , , , , , 1.8676731, -0.0538796, , , , , , , , , , , , , , , , , , , , , , , , , , , , 
1.8681923, -0.131426, , , , , , , 1.8681923, 0.018967, , , , , , , 1.8681923, -0.1310903, , , , , , , 1.8681923, -0.0424659, , , , , , , , , , , , , , , , , , , , , , , , , , , , 
1.8687115, -0.1461967, , , , , , , 1.8687115, 0.0280308, , , , , , , 1.8687115, -0.0941634, , , , , , , 1.8687115, -0.0256809, , , , , , , , , , , , , , , , , , , , , , , , , , , , 
1.8692308, -0.1601282, , , , , , , 1.8692308, 0.0428016, , , , , , , 1.8692308, -0.0552224, , , , , , , 1.8692308, -0.0082246, , , , , , , , , , , , , , , , , , , , , , , , , , , , 
1.86975, -0.1700313, , , , , , , 1.86975, 0.0676432, , , , , , , 1.86975, -0.0203098, , , , , , , 1.86975, 0.0078889, , , , , , , , , , , , , , , , , , , , , , , , , , , , 
1.8702692, -0.1710384, , , , , , , 1.8702692, 0.1099413, , , , , , , 1.8702692, 0.0152743, , , , , , , 1.8702692, 0.0213169, , , , , , , , , , , , , , , , , , , , , , , , , , , , 
1.8707885, -0.1660029, , , , , , , 1.8707885, 0.1226978, , , , , , , 1.8707885, 0.0428016, , , , , , , 1.8707885, 0.0327306, , , , , , , , , , , , , , , , , , , , , , , , , , , , 
1.8713077, -0.1701991, , , , , , , 1.8713077, 0.04448, , , , , , , 1.8713077, 0.0589151, , , , , , , 1.8713077, 0.0448157, , , , , , , , , , , , , , , , , , , , , , , , , , , , 
1.8718269, -0.1754025, , , , , , , 1.8718269, -0.0659648, , , , , , , 1.8718269, 0.0649577, , , , , , , 1.8718269, 0.0553902, , , , , , , , , , , , , , , , , , , , , , , , , , , , 
1.8723462, -0.1733883, , , , , , , 1.8723462, -0.1196765, , , , , , , 1.8723462, 0.0621042, , , , , , , 1.8723462, 0.064622, , , , , , , , , , , , , , , , , , , , , , , , , , , , 
1.8728654, -0.1695277, , , , , , , 1.8728654, -0.0970169, , , , , , , 1.8728654, 0.0515297, , , , , , , 1.8728654, 0.072343, , , , , , , , , , , , , , , , , , , , , , , , , , , , 
1.8733846, -0.1639887, , , , , , , 1.8733846, -0.0424659, , , , , , , 1.8733846, 0.0360876, , , , , , , 1.8733846, 0.0817426, , , , , , , , , , , , , , , , , , , , , , , , , , , , 
1.8739038, -0.152575, , , , , , , 1.8739038, 0.0533761, , , , , , , 1.8739038, 0.0199741, , , , , , , 1.8739038, 0.0904707, , , , , , , , , , , , , , , , , , , , , , , , , , , , 
1.8744231, -0.139147, , , , , , , 1.8744231, 0.2492561, , , , , , , 1.8744231, 0.0058747, , , , , , , 1.8744231, 0.0960098, , , , , , , , , , , , , , , , , , , , , , , , , , , , 
1.8749423, -0.1230335, , , , , , , 1.8749423, 0.4239872, , , , , , , 1.8749423, -0.0038605, , , , , , , 1.8749423, 0.0978561, , , , , , , , , , , , , , , , , , , , , , , , , , , , 
1.8754615, -0.1042344, , , , , , , 1.8754615, 0.4228122, , , , , , , 1.8754615, -0.008896, , , , , , , 1.8754615, 0.0997024, , , , , , , , , , , , , , , , , , , , , , , , , , , , 
1.8759808, -0.0897993, , , , , , , 1.8759808, 0.3805142, , , , , , , 1.8759808, -0.0125887, , , , , , , 1.8759808, 0.1045701, , , , , , , , , , , , , , , , , , , , , , , , , , , , 
1.8765, -0.0820783, , , , , , , 1.8765, 0.3868925, , , , , , , 1.8765, -0.0182956, , , , , , , 1.8765, 0.1119554, , , , , , , , , , , , , , , , , , , , , , , , , , , , 
1.8770192, -0.0746929, , , , , , , 1.8770192, 0.3419089, , , , , , , 1.8770192, -0.0236667, , , , , , , 1.8770192, 0.1215229, , , , , , , , , , , , , , , , , , , , , , , , , , , , 
1.8775385, -0.0647898, , , , , , , 1.8775385, 0.1824521, , , , , , , 1.8775385, -0.0191348, , , , , , , 1.8775385, 0.1310903, , , , , , , , , , , , , , , , , , , , , , , , , , , , 
1.8780577, -0.0491798, , , , , , , 1.8780577, -0.0323949, , , , , , , 1.8780577, -0.0016785, , , , , , , 1.8780577, 0.1381399, , , , , , , , , , , , , , , , , , , , , , , , , , , , 
1.8785769, -0.0276951, , , , , , , 1.8785769, -0.2015869, , , , , , , 1.8785769, 0.0146029, , , , , , , 1.8785769, 0.1455253, , , , , , , , , , , , , , , , , , , , , , , , , , , , 
1.8790962, -0.0015106, , , , , , , 1.8790962, -0.3157244, , , , , , , 1.8790962, 0.0206455, , , , , , , 1.8790962, 0.1562676, , , , , , , , , , , , , , , , , , , , , , , , , , , , 
1.8796154, 0.0213169, , , , , , , 1.8796154, -0.4018311, , , , , , , 1.8796154, 0.0209812, , , , , , , 1.8796154, 0.1663386, , , , , , , , , , , , , , , , , , , , , , , , , , , , 
1.8801346, 0.0315557, , , , , , , 1.8801346, -0.4822309, , , , , , , 1.8801346, 0.0209812, , , , , , , 1.8801346, 0.1717098, , , , , , , , , , , , , , , , , , , , , , , , , , , , 
1.8806538, 0.030045, , , , , , , 1.8806538, -0.5100938, , , , , , , 1.8806538, 0.023331, , , , , , , 1.8806538, 0.1747311, , , , , , , , , , , , , , , , , , , , , , , , , , , , 
1.8811731, 0.0280308, , , , , , , 1.8811731, -0.4174411, , , , , , , 1.8811731, 0.0258488, , , , , , , 1.8811731, 0.1777523, , , , , , , , , , , , , , , , , , , , , , , , , , , , 
1.8816923, 0.0330663, , , , , , , 1.8816923, -0.2425422, , , , , , , 1.8816923, 0.0132601, , , , , , , 1.8816923, 0.1774166, , , , , , , , , , , , , , , , , , , , , , , , , , , , 
1.8822115, 0.0421302, , , , , , , 1.8822115, -0.1119554, , , , , , , 1.8822115, -0.0095674, , , , , , , 1.8822115, 0.1760739, , , , , , , , , , , , , , , , , , , , , , , , , , , , 
1.8827308, 0.0337377, , , , , , , 1.8827308, -0.0471656, , , , , , , 1.8827308, -0.0330663, , , , , , , 1.8827308, 0.1717098, , , , , , , , , , , , , , , , , , , , , , , , , , , , 
1.88325, 0.0132601, , , , , , , 1.88325, -0.0433051, , , , , , , 1.88325, -0.04448, , , , , , , 1.88325, 0.1619745, , , , , , , , , , , , , , , , , , , , , , , , , , , , 
1.8837692, 0.0065461, , , , , , , 1.8837692, -0.0726787, , , , , , , 1.8837692, -0.0377661, , , , , , , 1.8837692, 0.1508965, , , , , , , , , , , , , , , , , , , , , , , , , , , , 
1.8842885, 0.0146029, , , , , , , 1.8842885, -0.0877852, , , , , , , 1.8842885, -0.0256809, , , , , , , 1.8842885, 0.1354543, , , , , , , , , , , , , , , , , , , , , , , , , , , , 
1.8848077, 0.023331, , , , , , , 1.8848077, -0.0713359, , , , , , , 1.8848077, -0.0179599, , , , , , , 1.8848077, 0.114641, , , , , , , , , , , , , , , , , , , , , , , , , , , , 
1.8853269, 0.030045, , , , , , , 1.8853269, -0.0350805, , , , , , , 1.8853269, -0.0142672, , , , , , , 1.8853269, 0.0955062, , , , , , , , , , , , , , , , , , , , , , , , , , , , 
1.8858462, 0.0337377, , , , , , , 1.8858462, 0.0030213, , , , , , , 1.8858462, -0.0062104, , , , , , , 1.8858462, 0.0810712, , , , , , , , , , , , , , , , , , , , , , , , , , , , 
1.8863654, 0.0347448, , , , , , , 1.8863654, 0.0149386, , , , , , , 1.8863654, 0.0157778, , , , , , , 1.8863654, 0.0696574, , , , , , , , , , , , , , , , , , , , , , , , , , , , 
1.8868846, 0.027863, , , , , , , 1.8868846, 0.0105745, , , , , , , 1.8868846, 0.042298, , , , , , , 1.8868846, 0.0575723, , , , , , , , , , , , , , , , , , , , , , , , , , , , 
1.8874038, 0.0186313, , , , , , , 1.8874038, 0.0441444, , , , , , , 1.8874038, 0.0508583, , , , , , , 1.8874038, 0.04448, , , , , , , , , , , , , , , , , , , , , , , , , , , , 
1.8879231, 0.0132601, , , , , , , 1.8879231, 0.1339437, , , , , , , 1.8879231, 0.0441444, , , , , , , 1.8879231, 0.0339055, , , , , , , , , , , , , , , , , , , , , , , , , , , , 
1.8884423, 0.0162814, , , , , , , 1.8884423, 0.2170291, , , , , , , 1.8884423, 0.033402, , , , , , , 1.8884423, 0.0270237, , , , , , , , , , , , , , , , , , , , , , , , , , , , 
1.8889615, 0.0167849, , , , , , , 1.8889615, 0.240528, , , , , , , 1.8889615, 0.0260166, , , , , , , 1.8889615, 0.0229953, , , , , , , , , , , , , , , , , , , , , , , , , , , , 
1.8894808, 0.0102388, , , , , , , 1.8894808, 0.2178683, , , , , , , 1.8894808, 0.0146029, , , , , , , 1.8894808, 0.0203098, , , , , , , , , , , , , , , , , , , , , , , , , , , , 
1.89, 0.0045319, , , , , , , 1.89, 0.2096437, , , , , , , 1.89, -0.005539, , , , , , , 1.89, 0.018967, , , , , , , , , , , , , , , , , , , , , , , , , , , , 
1.8905192, 0.0016785, , , , , , , 1.8905192, 0.2341497, , , , , , , 1.8905192, -0.0236667, , , , , , , 1.8905192, 0.0191348, , , , , , , , , , , , , , , , , , , , , , , , , , , , 
1.8910385, 0.0018463, , , , , , , 1.8910385, 0.2200504, , , , , , , 1.8910385, -0.0364233, , , , , , , 1.8910385, 0.0186313, , , , , , , , , , , , , , , , , , , , , , , , , , , , 
1.8915577, 0.0065461, , , , , , , 1.8915577, 0.1445182, , , , , , , 1.8915577, -0.0491798, , , , , , , 1.8915577, 0.0182956, , , , , , , , , , , , , , , , , , , , , , , , , , , , 
1.8920769, 0.008896, , , , , , , 1.8920769, 0.0683146, , , , , , , 1.8920769, -0.0595865, , , , , , , 1.8920769, 0.0193027, , , , , , , , , , , , , , , , , , , , , , , , , , , , 
1.8925962, 0.0065461, , , , , , , 1.8925962, 0.0454871, , , , , , , 1.8925962, -0.0626078, , , , , , , 1.8925962, 0.0213169, , , , , , , , , , , , , , , , , , , , , , , , , , , , 
1.8931154, 0.0011749, , , , , , , 1.8931154, -0.0045319, , , , , , , 1.8931154, -0.0642863, , , , , , , 1.8931154, 0.0219883, , , , , , , , , , , , , , , , , , , , , , , , , , , , 
1.8936346, -0.0035248, , , , , , , 1.8936346, -0.181445, , , , , , , 1.8936346, -0.0528725, , , , , , , 1.8936346, 0.0209812, , , , , , , , , , , , , , , , , , , , , , , , , , , , 
1.8941538, -0.0011749, , , , , , , 1.8941538, -0.3623865, , , , , , , 1.8941538, -0.0182956, , , , , , , 1.8941538, 0.01561, , , , , , , , , , , , , , , , , , , , , , , , , , , , 
1.8946731, 0.0099031, , , , , , , 1.8946731, -0.3180743, , , , , , , 1.8946731, 0.0172885, , , , , , , 1.8946731, 0.0058747, , , , , , , , , , , , , , , , , , , , , , , , , , , , 
1.8951923, 0.0243381, , , , , , , 1.8951923, -0.1292439, , , , , , , 1.8951923, 0.0424659, , , , , , , 1.8951923, -0.0030213, , , , , , , , , , , , , , , , , , , , , , , , , , , , 
1.8957115, 0.0317235, , , , , , , 1.8957115, 0.0273594, , , , , , , 1.8957115, 0.0538796, , , , , , , 1.8957115, -0.0065461, , , , , , , , , , , , , , , , , , , , , , , , , , , , 
1.8962308, 0.0374304, , , , , , , 1.8962308, 0.1337758, , , , , , , 1.8962308, 0.0464942, , , , , , , 1.8962308, -0.0058747, , , , , , , , , , , , , , , , , , , , , , , , , , , , 
1.89675, 0.0464942, , , , , , , 1.89675, 0.230457, , , , , , , 1.89675, 0.0260166, , , , , , , 1.89675, -0.0041962, , , , , , , , , , , , , , , , , , , , , , , , , , , , 
1.8972692, 0.0532082, , , , , , , 1.8972692, 0.2710765, , , , , , , 1.8972692, 0.0011749, , , , , , , 1.8972692, -0.0048676, , , , , , , , , , , , , , , , , , , , , , , , , , , , 
1.8977885, 0.0609293, , , , , , , 1.8977885, 0.1834592, , , , , , , 1.8977885, -0.0229953, , , , , , , 1.8977885, -0.0085603, , , , , , , , , , , , , , , , , , , , , , , , , , , , 
1.8983077, 0.0664683, , , , , , , 1.8983077, 0.0224918, , , , , , , 1.8983077, -0.0461585, , , , , , , 1.8983077, -0.0109102, , , , , , , , , , , , , , , , , , , , , , , , , , , , 
1.8988269, 0.0616007, , , , , , , 1.8988269, -0.1223621, , , , , , , 1.8988269, -0.0605936, , , , , , , 1.8988269, -0.0102388, , , , , , , , , , , , , , , , , , , , , , , , , , , , 
1.8993462, 0.047837, , , , , , , 1.8993462, -0.2116579, , , , , , , 1.8993462, -0.0609293, , , , , , , 1.8993462, -0.0102388, , , , , , , , , , , , , , , , , , , , , , , , , , , , 
1.8998654, 0.0374304, , , , , , , 1.8998654, -0.2012512, , , , , , , 1.8998654, -0.0572366, , , , , , , 1.8998654, -0.0105745, , , , , , , , , , , , , , , , , , , , , , , , , , , , 
1.9003846, 0.0441444, , , , , , , 1.9003846, -0.1163195, , , , , , , 1.9003846, -0.0565652, , , , , , , 1.9003846, -0.0099031, , , , , , , , , , , , , , , , , , , , , , , , , , , , 
1.9009038, 0.057908, , , , , , , 1.9009038, -0.0365911, , , , , , , 1.9009038, -0.0525368, , , , , , , 1.9009038, -0.0120851, , , , , , , , , , , , , , , , , , , , , , , , , , , , 
1.9014231, 0.0673075, , , , , , , 1.9014231, 0.0619364, , , , , , , 1.9014231, -0.0431373, , , , , , , 1.9014231, -0.0161135, , , , , , , , , , , , , , , , , , , , , , , , , , , , 
1.9019423, 0.0696574, , , , , , , 1.9019423, 0.1216907, , , , , , , 1.9019423, -0.0370947, , , , , , , 1.9019423, -0.0209812, , , , , , , , , , , , , , , , , , , , , , , , , , , , 
1.9024615, 0.0656291, , , , , , , 1.9024615, 0.0508583, , , , , , , 1.9024615, -0.0303807, , , , , , , 1.9024615, -0.0263523, , , , , , , , , , , , , , , , , , , , , , , , , , , , 
1.9029808, 0.0622721, , , , , , , 1.9029808, -0.1139696, , , , , , , 1.9029808, -0.012253, , , , , , , 1.9029808, -0.0330663, , , , , , , , , , , , , , , , , , , , , , , , , , , , 
1.9035, 0.0696574, , , , , , , 1.9035, -0.2364996, , , , , , , 1.9035, 0.0117494, , , , , , , 1.9035, -0.0412909, , , , , , , , , , , , , , , , , , , , , , , , , , , , 
1.9040192, 0.0773785, , , , , , , 1.9040192, -0.2311284, , , , , , , 1.9040192, 0.0307164, , , , , , , 1.9040192, -0.0468299, , , , , , , , , , , , , , , , , , , , , , , , , , , , 
1.9045385, 0.0795605, , , , , , , 1.9045385, -0.1868162, , , , , , , 1.9045385, 0.04448, , , , , , , 1.9045385, -0.0538796, , , , , , , , , , , , , , , , , , , , , , , , , , , , 
1.9050577, 0.0854353, , , , , , , 1.9050577, -0.1837949, , , , , , , 1.9050577, 0.0454871, , , , , , , 1.9050577, -0.0614328, , , , , , , , , , , , , , , , , , , , , , , , , , , , 
1.9055769, 0.0938277, , , , , , , 1.9055769, -0.1549248, , , , , , , 1.9055769, 0.036759, , , , , , , 1.9055769, -0.0624399, , , , , , , , , , , , , , , , , , , , , , , , , , , , 
1.9060962, 0.093492, , , , , , , 1.9060962, -0.0736858, , , , , , , 1.9060962, 0.027863, , , , , , , 1.9060962, -0.0582437, , , , , , , , , , , , , , , , , , , , , , , , , , , , 
1.9066154, 0.0871138, , , , , , , 1.9066154, -0.0176242, , , , , , , 1.9066154, 0.0196384, , , , , , , 1.9066154, -0.0548867, , , , , , , , , , , , , , , , , , , , , , , , , , , , 
1.9071346, 0.0847639, , , , , , , 1.9071346, -0.0258488, , , , , , , 1.9071346, 0.0082246, , , , , , , 1.9071346, -0.0481727, , , , , , , , , , , , , , , , , , , , , , , , , , , , 
1.9076538, 0.0840925, , , , , , , 1.9076538, -0.0364233, , , , , , , 1.9076538, -0.0062104, , , , , , , 1.9076538, -0.0381018, , , , , , , , , , , , , , , , , , , , , , , , , , , , 
1.9081731, 0.0817426, , , , , , , 1.9081731, -0.0204776, , , , , , , 1.9081731, -0.0162814, , , , , , , 1.9081731, -0.0270237, , , , , , , , , , , , , , , , , , , , , , , , , , , , 
1.9086923, 0.0773785, , , , , , , 1.9086923, -0.0169528, , , , , , , 1.9086923, -0.008896, , , , , , , 1.9086923, -0.012253, , , , , , , , , , , , , , , , , , , , , , , , , , , , 
1.9092115, 0.0718395, , , , , , , 1.9092115, 0.0005035, , , , , , , 1.9092115, 0.0184634, , , , , , , 1.9092115, 0.0036927, , , , , , , , , , , , , , , , , , , , , , , , , , , , 
1.9097308, 0.0629435, , , , , , , 1.9097308, 0.0666361, , , , , , , 1.9097308, 0.0320592, , , , , , , 1.9097308, 0.0129244, , , , , , , , , , , , , , , , , , , , , , , , , , , , 
1.91025, 0.0471656, , , , , , , 1.91025, 0.1394827, , , , , , , 1.91025, 0.0172885, , , , , , , 1.91025, 0.0166171, , , , , , , , , , , , , , , , , , , , , , , , , , , , 
1.9107692, 0.0347448, , , , , , , 1.9107692, 0.1485466, , , , , , , 1.9107692, -0.0065461, , , , , , , 1.9107692, 0.0186313, , , , , , , , , , , , , , , , , , , , , , , , , , , , 
1.9112885, 0.030045, , , , , , , 1.9112885, 0.1163195, , , , , , , 1.9112885, -0.0256809, , , , , , , 1.9112885, 0.0179599, , , , , , , , , , , , , , , , , , , , , , , , , , , , 
1.9118077, 0.0236667, , , , , , , 1.9118077, 0.0850996, , , , , , , 1.9118077, -0.0370947, , , , , , , 1.9118077, 0.0149386, , , , , , , , , , , , , , , , , , , , , , , , , , , , 
1.9123269, 0.01561, , , , , , , 1.9123269, 0.0558938, , , , , , , 1.9123269, -0.0417945, , , , , , , 1.9123269, 0.0109102, , , , , , , , , , , , , , , , , , , , , , , , , , , , 
1.9128462, 0.0099031, , , , , , , 1.9128462, 0.0535439, , , , , , , 1.9128462, -0.0357519, , , , , , , 1.9128462, 0.0078889, , , , , , , , , , , , , , , , , , , , , , , , , , , , 
1.9133654, 0.0078889, , , , , , , 1.9133654, 0.0699931, , , , , , , 1.9133654, -0.0250095, , , , , , , 1.9133654, 0.0058747, , , , , , , , , , , , , , , , , , , , , , , , , , , , 
1.9138846, 0.0070497, , , , , , , 1.9138846, 0.0743572, , , , , , , 1.9138846, -0.0135958, , , , , , , 1.9138846, 0.0028534, , , , , , , , , , , , , , , , , , , , , , , , , , , , 
1.9144038, 0.0070497, , , , , , , 1.9144038, 0.0663005, , , , , , , 1.9144038, 0.0052033, , , , , , , 1.9144038, -0.0005035, , , , , , , , , , , , , , , , , , , , , , , , , , , , 
1.9149231, 0.0119173, , , , , , , 1.9149231, 0.0243381, , , , , , , 1.9149231, 0.0182956, , , , , , , 1.9149231, -0.0045319, , , , , , , , , , , , , , , , , , , , , , , , , , , , 
1.9154423, 0.0219883, , , , , , , 1.9154423, -0.0357519, , , , , , , 1.9154423, 0.0052033, , , , , , , 1.9154423, -0.0082246, , , , , , , , , , , , , , , , , , , , , , , , , , , , 
1.9159615, 0.0280308, , , , , , , 1.9159615, -0.0649577, , , , , , , 1.9159615, -0.0236667, , , , , , , 1.9159615, -0.0102388, , , , , , , , , , , , , , , , , , , , , , , , , , , , 
1.9164808, 0.03122, , , , , , , 1.9164808, -0.103563, , , , , , , 1.9164808, -0.0518654, , , , , , , 1.9164808, -0.0135958, , , , , , , , , , , , , , , , , , , , , , , , , , , , 
1.917, 0.0347448, , , , , , , 1.917, -0.1661707, , , , , , , 1.917, -0.0834211, , , , , , , 1.917, -0.0186313, , , , , , , , , , , , , , , , , , , , , , , , , , , , 
1.9175192, 0.0414588, , , , , , , 1.9175192, -0.1418326, , , , , , , 1.9175192, -0.1015488, , , , , , , 1.9175192, -0.023331, , , , , , , , , , , , , , , , , , , , , , , , , , , , 
1.9180385, 0.0491798, , , , , , , 1.9180385, -0.0441444, , , , , , , 1.9180385, -0.0998703, , , , , , , 1.9180385, -0.0250095, , , , , , , , , , , , , , , , , , , , , , , , , , , , 
1.9185577, 0.0488441, , , , , , , 1.9185577, 0.0532082, , , , , , , 1.9185577, -0.100206, , , , , , , 1.9185577, -0.0226596, , , , , , , , , , , , , , , , , , , , , , , , , , , , 
1.9190769, 0.0424659, , , , , , , 1.9190769, 0.149218, , , , , , , 1.9190769, -0.1116197, , , , , , , 1.9190769, -0.0196384, , , , , , , , , , , , , , , , , , , , , , , , , , , , 
1.9195962, 0.0404517, , , , , , , 1.9195962, 0.2442206, , , , , , , 1.9195962, -0.1126268, , , , , , , 1.9195962, -0.0152743, , , , , , , , , , , , , , , , , , , , , , , , , , , , 
1.9201154, 0.0454871, , , , , , , 1.9201154, 0.293904, , , , , , , 1.9201154, -0.09131, , , , , , , 1.9201154, -0.0095674, , , , , , , , , , , , , , , , , , , , , , , , , , , , 
1.9206346, 0.0495155, , , , , , , 1.9206346, 0.2784619, , , , , , , 1.9206346, -0.0532082, , , , , , , 1.9206346, -0.0030213, , , , , , , , , , , , , , , , , , , , , , , , , , , , 
1.9211538, 0.0498512, , , , , , , 1.9211538, 0.2254215, , , , , , , 1.9211538, -0.0095674, , , , , , , 1.9211538, 0.0025177, , , , , , , , , , , , , , , , , , , , , , , , , , , , 
1.9216731, 0.0488441, , , , , , , 1.9216731, 0.1448539, , , , , , , 1.9216731, 0.0315557, , , , , , , 1.9216731, 0.0073854, , , , , , , , , , , , , , , , , , , , , , , , , , , , 
1.9221923, 0.0468299, , , , , , , 1.9221923, 0.0226596, , , , , , , 1.9221923, 0.0619364, , , , , , , 1.9221923, 0.0132601, , , , , , , , , , , , , , , , , , , , , , , , , , , , 
1.9227115, 0.0458228, , , , , , , 1.9227115, -0.0975204, , , , , , , 1.9227115, 0.0787213, , , , , , , 1.9227115, 0.0213169, , , , , , , , , , , , , , , , , , , , , , , , , , , , 
1.9232308, 0.0515297, , , , , , , 1.9232308, -0.1404898, , , , , , , 1.9232308, 0.0871138, , , , , , , 1.9232308, 0.0273594, , , , , , , , , , , , , , , , , , , , , , , , , , , , 
1.92375, 0.0589151, , , , , , , 1.92375, -0.1233692, , , , , , , 1.92375, 0.0911421, , , , , , , 1.92375, 0.0305486, , , , , , , , , , , , , , , , , , , , , , , , , , , , 
1.9242692, 0.0589151, , , , , , , 1.9242692, -0.1354543, , , , , , , 1.9242692, 0.0908064, , , , , , , 1.9242692, 0.0298772, , , , , , , , , , , , , , , , , , , , , , , , , , , , 
1.9247885, 0.0528725, , , , , , , 1.9247885, -0.202594, , , , , , , 1.9247885, 0.0904707, , , , , , , 1.9247885, 0.0240024, , , , , , , , , , , , , , , , , , , , , , , , , , , , 
1.9253077, 0.0464942, , , , , , , 1.9253077, -0.2358282, , , , , , , 1.9253077, 0.0897993, , , , , , , 1.9253077, 0.017792, , , , , , , , , , , , , , , , , , , , , , , , , , , , 
1.9258269, 0.0428016, , , , , , , 1.9258269, -0.1935302, , , , , , , 1.9258269, 0.0871138, , , , , , , 1.9258269, 0.0152743, , , , , , , , , , , , , , , , , , , , , , , , , , , , 
1.9263462, 0.0411231, , , , , , , 1.9263462, -0.1542535, , , , , , , 1.9263462, 0.0792248, , , , , , , 1.9263462, 0.0152743, , , , , , , , , , , , , , , , , , , , , , , , , , , , 
1.9268654, 0.0392767, , , , , , , 1.9268654, -0.1545892, , , , , , , 1.9268654, 0.0642863, , , , , , , 1.9268654, 0.0149386, , , , , , , , , , , , , , , , , , , , , , , , , , , , 
1.9273846, 0.0354162, , , , , , , 1.9273846, -0.1478752, , , , , , , 1.9273846, 0.0466621, , , , , , , 1.9273846, 0.0203098, , , , , , , , , , , , , , , , , , , , , , , , , , , , 
1.9279038, 0.0280308, , , , , , , 1.9279038, -0.100206, , , , , , , 1.9279038, 0.0293736, , , , , , , 1.9279038, 0.0256809, , , , , , , , , , , , , , , , , , , , , , , , , , , , 
1.9284231, 0.0199741, , , , , , , 1.9284231, -0.0548867, , , , , , , 1.9284231, 0.0162814, , , , , , , 1.9284231, 0.0344091, , , , , , , , , , , , , , , , , , , , , , , , , , , , 
1.9289423, 0.010071, , , , , , , 1.9289423, -0.0760357, , , , , , , 1.9289423, 0.0078889, , , , , , , 1.9289423, 0.0515297, , , , , , , , , , , , , , , , , , , , , , , , , , , , 
1.9294615, -0.0008392, , , , , , , 1.9294615, -0.1344472, , , , , , , 1.9294615, -0.0015106, , , , , , , 1.9294615, 0.0673075, , , , , , , , , , , , , , , , , , , , , , , , , , , , 
1.9299808, -0.0119173, , , , , , , 1.9299808, -0.1327687, , , , , , , 1.9299808, -0.0105745, , , , , , , 1.9299808, 0.0755322, , , , , , , , , , , , , , , , , , , , , , , , , , , , 
1.9305, -0.0159457, , , , , , , 1.9305, -0.0704967, , , , , , , 1.9305, -0.01561, , , , , , , 1.9305, 0.0840925, , , , , , , , , , , , , , , , , , , , , , , , , , , , 
1.9310192, -0.0112459, , , , , , , 1.9310192, -0.0132601, , , , , , , 1.9310192, -0.018967, , , , , , , 1.9310192, 0.0958419, , , , , , , , , , , , , , , , , , , , , , , , , , , , 
1.9315385, -0.0099031, , , , , , , 1.9315385, 0.0159457, , , , , , , 1.9315385, -0.0223239, , , , , , , 1.9315385, 0.1042344, , , , , , , , , , , , , , , , , , , , , , , , , , , , 
1.9320577, -0.0203098, , , , , , , 1.9320577, 0.0253452, , , , , , , 1.9320577, -0.023331, , , , , , , 1.9320577, 0.1085985, , , , , , , , , , , , , , , , , , , , , , , , , , , , 
1.9325769, -0.0313878, , , , , , , 1.9325769, 0.0253452, , , , , , , 1.9325769, -0.0176242, , , , , , , 1.9325769, 0.1107805, , , , , , , , , , , , , , , , , , , , , , , , , , , , 
1.9330962, -0.0354162, , , , , , , 1.9330962, 0.0354162, , , , , , , 1.9330962, -0.0068818, , , , , , , 1.9330962, 0.1096056, , , , , , , , , , , , , , , , , , , , , , , , , , , , 
1.9336154, -0.0359197, , , , , , , 1.9336154, 0.0555581, , , , , , , 1.9336154, 0.0018463, , , , , , , 1.9336154, 0.1032273, , , , , , , , , , , , , , , , , , , , , , , , , , , , 
1.9341346, -0.0387732, , , , , , , 1.9341346, 0.0669718, , , , , , , 1.9341346, -0.0008392, , , , , , , 1.9341346, 0.0918135, , , , , , , , , , , , , , , , , , , , , , , , , , , , 
1.9346538, -0.043473, , , , , , , 1.9346538, 0.0619364, , , , , , , 1.9346538, -0.0129244, , , , , , , 1.9346538, 0.0743572, , , , , , , , , , , , , , , , , , , , , , , , , , , , 
1.9351731, -0.0421302, , , , , , , 1.9351731, 0.0481727, , , , , , , 1.9351731, -0.0261845, , , , , , , 1.9351731, 0.0506905, , , , , , , , , , , , , , , , , , , , , , , , , , , , 
1.9356923, -0.0325628, , , , , , , 1.9356923, 0.0327306, , , , , , , 1.9356923, -0.0340734, , , , , , , 1.9356923, 0.0285344, , , , , , , , , , , , , , , , , , , , , , , , , , , , 
1.9362115, -0.0243381, , , , , , , 1.9362115, 0.0119173, , , , , , , 1.9362115, -0.0441444, , , , , , , 1.9362115, 0.0132601, , , , , , , , , , , , , , , , , , , , , , , , , , , , 
1.9367308, -0.0179599, , , , , , , 1.9367308, -0.0095674, , , , , , , 1.9367308, -0.0602579, , , , , , , 1.9367308, 0.0031891, , , , , , , , , , , , , , , , , , , , , , , , , , , , 
1.93725, -0.010071, , , , , , , 1.93725, -0.0119173, , , , , , , 1.93725, -0.0710002, , , , , , , 1.93725, -0.0036927, , , , , , , , , , , , , , , , , , , , , , , , , , , , 
1.9377692, -0.002182, , , , , , , 1.9377692, -0.0035248, , , , , , , 1.9377692, -0.0728466, , , , , , , 1.9377692, -0.008896, , , , , , , , , , , , , , , , , , , , , , , , , , , , 
1.9382885, 0.0078889, , , , , , , 1.9382885, 0.0038605, , , , , , , 1.9382885, -0.0679789, , , , , , , 1.9382885, -0.0152743, , , , , , , , , , , , , , , , , , , , , , , , , , , , 
1.9388077, 0.0114137, , , , , , , 1.9388077, 0.0112459, , , , , , , 1.9388077, -0.0572366, , , , , , , 1.9388077, -0.0198062, , , , , , , , , , , , , , , , , , , , , , , , , , , , 
1.9393269, 0.0139315, , , , , , , 1.9393269, 0.023331, , , , , , , 1.9393269, -0.0397803, , , , , , , 1.9393269, -0.0226596, , , , , , , , , , , , , , , , , , , , , , , , , , , , 
1.9398462, 0.0223239, , , , , , , 1.9398462, 0.0387732, , , , , , , 1.9398462, -0.0209812, , , , , , , 1.9398462, -0.0223239, , , , , , , , , , , , , , , , , , , , , , , , , , , , 
1.9403654, 0.0340734, , , , , , , 1.9403654, 0.0424659, , , , , , , 1.9403654, 0.0001678, , , , , , , 1.9403654, -0.0223239, , , , , , , , , , , , , , , , , , , , , , , , , , , , 
1.9408846, 0.0421302, , , , , , , 1.9408846, 0.0332341, , , , , , , 1.9408846, 0.0164492, , , , , , , 1.9408846, -0.0238346, , , , , , , , , , , , , , , , , , , , , , , , , , , , 
1.9414038, 0.0468299, , , , , , , 1.9414038, 0.0226596, , , , , , , 1.9414038, 0.0162814, , , , , , , 1.9414038, -0.0258488, , , , , , , , , , , , , , , , , , , , , , , , , , , , 
1.9419231, 0.0522011, , , , , , , 1.9419231, 0.0216526, , , , , , , 1.9419231, 0.0132601, , , , , , , 1.9419231, -0.0273594, , , , , , , , , , , , , , , , , , , , , , , , , , , , 
1.9424423, 0.0585794, , , , , , , 1.9424423, 0.0273594, , , , , , , 1.9424423, 0.018967, , , , , , , 1.9424423, -0.0260166, , , , , , , , , , , , , , , , , , , , , , , , , , , , 
1.9429615, 0.0622721, , , , , , , 1.9429615, 0.030045, , , , , , , 1.9429615, 0.0352483, , , , , , , 1.9429615, -0.0261845, , , , , , , , , , , , , , , , , , , , , , , , , , , , 
1.9434808, 0.0642863, , , , , , , 1.9434808, 0.0310521, , , , , , , 1.9434808, 0.0424659, , , , , , , 1.9434808, -0.0243381, , , , , , , , , , , , , , , , , , , , , , , , , , , , 
1.944, 0.0622721, , , , , , , 1.944, 0.0243381, , , , , , , 1.944, 0.0293736, , , , , , , 1.944, -0.0219883, , , , , , , , , , , , , , , , , , , , , , , , , , , , 
1.9445192, 0.0595865, , , , , , , 1.9445192, 0.0115816, , , , , , , 1.9445192, 0.0099031, , , , , , , 1.9445192, -0.0250095, , , , , , , , , , , , , , , , , , , , , , , , , , , , 
1.9450385, 0.0580758, , , , , , , 1.9450385, 0.0139315, , , , , , , 1.9450385, -0.0008392, , , , , , , 1.9450385, -0.0320592, , , , , , , , , , , , , , , , , , , , , , , , , , , , 
1.9455577, 0.0599222, , , , , , , 1.9455577, 0.0253452, , , , , , , 1.9455577, -0.0082246, , , , , , , 1.9455577, -0.0394446, , , , , , , , , , , , , , , , , , , , , , , , , , , , 
1.9460769, 0.0632792, , , , , , , 1.9460769, 0.0283665, , , , , , , 1.9460769, -0.0176242, , , , , , , 1.9460769, -0.0424659, , , , , , , , , , , , , , , , , , , , , , , , , , , , 
1.9465962, 0.064622, , , , , , , 1.9465962, 0.0213169, , , , , , , 1.9465962, -0.023331, , , , , , , 1.9465962, -0.0397803, , , , , , , , , , , , , , , , , , , , , , , , , , , , 
1.9471154, 0.0627756, , , , , , , 1.9471154, 0.0085603, , , , , , , 1.9471154, -0.0276951, , , , , , , 1.9471154, -0.0352483, , , , , , , , , , , , , , , , , , , , , , , , , , , , 
1.9476346, 0.0619364, , , , , , , 1.9476346, -0.0063783, , , , , , , 1.9476346, -0.051194, , , , , , , 1.9476346, -0.033402, , , , , , , , , , , , , , , , , , , , , , , , , , , , 
1.9481538, 0.0585794, , , , , , , 1.9481538, -0.0167849, , , , , , , 1.9481538, -0.0834211, , , , , , , 1.9481538, -0.0310521, , , , , , , , , , , , , , , , , , , , , , , , , , , , 
1.9486731, 0.0506905, , , , , , , 1.9486731, -0.0162814, , , , , , , 1.9486731, -0.1010452, , , , , , , 1.9486731, -0.0256809, , , , , , , , , , , , , , , , , , , , , , , , , , , , 
1.9491923, 0.0441444, , , , , , , 1.9491923, -0.0050355, , , , , , , 1.9491923, -0.094667, , , , , , , 1.9491923, -0.0176242, , , , , , , , , , , , , , , , , , , , , , , , , , , , 
1.9497115, 0.040116, , , , , , , 1.9497115, 0.0162814, , , , , , , 1.9497115, -0.0659648, , , , , , , 1.9497115, -0.0099031, , , , , , , , , , , , , , , , , , , , , , , , , , , , 
1.9502308, 0.0392767, , , , , , , 1.9502308, 0.0451514, , , , , , , 1.9502308, -0.0327306, , , , , , , 1.9502308, -0.0068818, , , , , , , , , , , , , , , , , , , , , , , , , , , , 
1.95075, 0.0354162, , , , , , , 1.95075, 0.0676432, , , , , , , 1.95075, -0.0115816, , , , , , , 1.95075, -0.0058747, , , , , , , , , , , , , , , , , , , , , , , , , , , , 
1.9512692, 0.0345769, , , , , , , 1.9512692, 0.0696574, , , , , , , 1.9512692, -0.0045319, , , , , , , 1.9512692, -0.003357, , , , , , , , , , , , , , , , , , , , , , , , , , , , 
1.9517885, 0.036759, , , , , , , 1.9517885, 0.0669718, , , , , , , 1.9517885, -0.0043641, , , , , , , 1.9517885, -0.0008392, , , , , , , , , , , , , , , , , , , , , , , , , , , , 
1.9523077, 0.0307164, , , , , , , 1.9523077, 0.0616007, , , , , , , 1.9523077, -0.0085603, , , , , , , 1.9523077, 0.0045319, , , , , , , , , , , , , , , , , , , , , , , , , , , , 
1.9528269, 0.0219883, , , , , , , 1.9528269, 0.0433051, , , , , , , 1.9528269, -0.0008392, , , , , , , 1.9528269, 0.012253, , , , , , , , , , , , , , , , , , , , , , , , , , , , 
1.9533462, 0.0229953, , , , , , , 1.9533462, 0.0193027, , , , , , , 1.9533462, 0.0130922, , , , , , , 1.9533462, 0.0199741, , , , , , , , , , , , , , , , , , , , , , , , , , , , 
1.9538654, 0.0229953, , , , , , , 1.9538654, 0.0006714, , , , , , , 1.9538654, 0.0176242, , , , , , , 1.9538654, 0.0297093, , , , , , , , , , , , , , , , , , , , , , , , , , , , 
1.9543846, 0.0193027, , , , , , , 1.9543846, -0.018967, , , , , , , 1.9543846, 0.0085603, , , , , , , 1.9543846, 0.0370947, , , , , , , , , , , , , , , , , , , , , , , , , , , , 
1.9549038, 0.0186313, , , , , , , 1.9549038, -0.0381018, , , , , , , 1.9549038, -0.0109102, , , , , , , 1.9549038, 0.0374304, , , , , , , , , , , , , , , , , , , , , , , , , , , , 
1.9554231, 0.0256809, , , , , , , 1.9554231, -0.0538796, , , , , , , 1.9554231, -0.0344091, , , , , , , 1.9554231, 0.0360876, , , , , , , , , , , , , , , , , , , , , , , , , , , , 
1.9559423, 0.0357519, , , , , , , 1.9559423, -0.0652934, , , , , , , 1.9559423, -0.0575723, , , , , , , 1.9559423, 0.0354162, , , , , , , , , , , , , , , , , , , , , , , , , , , , 
1.9564615, 0.0407874, , , , , , , 1.9564615, -0.0693217, , , , , , , 1.9564615, -0.0746929, , , , , , , 1.9564615, 0.0352483, , , , , , , , , , , , , , , , , , , , , , , , , , , , 
1.9569808, 0.040116, , , , , , , 1.9569808, -0.0605936, , , , , , , 1.9569808, -0.0783856, , , , , , , 1.9569808, 0.0313878, , , , , , , , , , , , , , , , , , , , , , , , , , , , 
1.9575, 0.0394446, , , , , , , 1.9575, -0.0414588, , , , , , , 1.9575, -0.0679789, , , , , , , 1.9575, 0.027863, , , , , , , , , , , , , , , , , , , , , , , , , , , , 
1.9580192, 0.0381018, , , , , , , 1.9580192, -0.0276951, , , , , , , 1.9580192, -0.0525368, , , , , , , 1.9580192, 0.0223239, , , , , , , , , , , , , , , , , , , , , , , , , , , , 
1.9585385, 0.0344091, , , , , , , 1.9585385, -0.0253452, , , , , , , 1.9585385, -0.0323949, , , , , , , 1.9585385, 0.0169528, , , , , , , , , , , , , , , , , , , , , , , , , , , , 
1.9590577, 0.0287022, , , , , , , 1.9590577, -0.0203098, , , , , , , 1.9590577, -0.0135958, , , , , , , 1.9590577, 0.0132601, , , , , , , , , , , , , , , , , , , , , , , , , , , , 
1.9595769, 0.0216526, , , , , , , 1.9595769, -0.0105745, , , , , , , 1.9595769, -0.0008392, , , , , , , 1.9595769, 0.0115816, , , , , , , , , , , , , , , , , , , , , , , , , , , , 
1.9600962, 0.0139315, , , , , , , 1.9600962, -0.0129244, , , , , , , 1.9600962, 0.0065461, , , , , , , 1.9600962, 0.0139315, , , , , , , , , , , , , , , , , , , , , , , , , , , , 
1.9606154, 0.0070497, , , , , , , 1.9606154, -0.0169528, , , , , , , 1.9606154, 0.0152743, , , , , , , 1.9606154, 0.0194705, , , , , , , , , , , , , , , , , , , , , , , , , , , , 
1.9611346, -0.0015106, , , , , , , 1.9611346, -0.0068818, , , , , , , 1.9611346, 0.0330663, , , , , , , 1.9611346, 0.0263523, , , , , , , , , , , , , , , , , , , , , , , , , , , , 
1.9616538, -0.0075532, , , , , , , 1.9616538, 0.0025177, , , , , , , 1.9616538, 0.0619364, , , , , , , 1.9616538, 0.0339055, , , , , , , , , , , , , , , , , , , , , , , , , , , , 
1.9621731, -0.0072175, , , , , , , 1.9621731, 0.0038605, , , , , , , 1.9621731, 0.0814069, , , , , , , 1.9621731, 0.0448157, , , , , , , , , , , , , , , , , , , , , , , , , , , , 
1.9626923, -0.0065461, , , , , , , 1.9626923, -0.0058747, , , , , , , 1.9626923, 0.0793927, , , , , , , 1.9626923, 0.0582437, , , , , , , , , , , , , , , , , , , , , , , , , , , , 
1.9632115, -0.0092317, , , , , , , 1.9632115, -0.0350805, , , , , , , 1.9632115, 0.0592508, , , , , , , 1.9632115, 0.0699931, , , , , , , , , , , , , , , , , , , , , , , , , , , , 
1.9637308, -0.012253, , , , , , , 1.9637308, -0.061265, , , , , , , 1.9637308, 0.0377661, , , , , , , 1.9637308, 0.0800641, , , , , , , , , , , , , , , , , , , , , , , , , , , , 
1.96425, -0.01561, , , , , , , 1.96425, -0.06009, , , , , , , 1.96425, 0.0287022, , , , , , , 1.96425, 0.0896315, , , , , , , , , , , , , , , , , , , , , , , , , , , , 
1.9647692, -0.0146029, , , , , , , 1.9647692, -0.0350805, , , , , , , 1.9647692, 0.0364233, , , , , , , 1.9647692, 0.0921492, , , , , , , , , , , , , , , , , , , , , , , , , , , , 
1.9652885, -0.0070497, , , , , , , 1.9652885, -0.0041962, , , , , , , 1.9652885, 0.0508583, , , , , , , 1.9652885, 0.0877852, , , , , , , , , , , , , , , , , , , , , , , , , , , , 
1.9658077, -0.002182, , , , , , , 1.9658077, 0.0105745, , , , , , , 1.9658077, 0.0515297, , , , , , , 1.9658077, 0.0783856, , , , , , , , , , , , , , , , , , , , , , , , , , , , 
1.9663269, -0.0052033, , , , , , , 1.9663269, 0.0307164, , , , , , , 1.9663269, 0.0317235, , , , , , , 1.9663269, 0.0629435, , , , , , , , , , , , , , , , , , , , , , , , , , , , 
1.9668462, -0.0085603, , , , , , , 1.9668462, 0.0475013, , , , , , , 1.9668462, 0.0052033, , , , , , , 1.9668462, 0.0488441, , , , , , , , , , , , , , , , , , , , , , , , , , , , 
1.9673654, -0.008896, , , , , , , 1.9673654, 0.0186313, , , , , , , 1.9673654, -0.0157778, , , , , , , 1.9673654, 0.0381018, , , , , , , , , , , , , , , , , , , , , , , , , , , , 
1.9678846, -0.0097353, , , , , , , 1.9678846, -0.0260166, , , , , , , 1.9678846, -0.0283665, , , , , , , 1.9678846, 0.026688, , , , , , , , , , , , , , , , , , , , , , , , , , , , 
1.9684038, -0.0112459, , , , , , , 1.9684038, -0.0508583, , , , , , , 1.9684038, -0.0320592, , , , , , , 1.9684038, 0.0179599, , , , , , , , , , , , , , , , , , , , , , , , , , , , 
1.9689231, -0.0092317, , , , , , , 1.9689231, -0.0223239, , , , , , , 1.9689231, -0.0297093, , , , , , , 1.9689231, 0.0112459, , , , , , , , , , , , , , , , , , , , , , , , , , , , 
1.9694423, -0.0058747, , , , , , , 1.9694423, 0.0488441, , , , , , , 1.9694423, -0.0386053, , , , , , , 1.9694423, 0.0052033, , , , , , , , , , , , , , , , , , , , , , , , , , , , 
1.9699615, -0.0085603, , , , , , , 1.9699615, 0.1226978, , , , , , , 1.9699615, -0.0669718, , , , , , , 1.9699615, 0.0005035, , , , , , , , , , , , , , , , , , , , , , , , , , , , 
1.9704808, -0.0169528, , , , , , , 1.9704808, 0.1752346, , , , , , , 1.9704808, -0.0793927, , , , , , , 1.9704808, -0.0025177, , , , , , , , , , , , , , , , , , , , , , , , , , , , 
1.971, -0.026688, , , , , , , 1.971, 0.1950408, , , , , , , 1.971, -0.0589151, , , , , , , 1.971, -0.0048676, , , , , , , , , , , , , , , , , , , , , , , , , , , , 
1.9715192, -0.0323949, , , , , , , 1.9715192, 0.193698, , , , , , , 1.9715192, -0.0236667, , , , , , , 1.9715192, -0.0031891, , , , , , , , , , , , , , , , , , , , , , , , , , , , 
1.9720385, -0.0344091, , , , , , , 1.9720385, 0.163653, , , , , , , 1.9720385, 0.002182, , , , , , , 1.9720385, -0.0015106, , , , , , , , , , , , , , , , , , , , , , , , , , , , 
1.9725577, -0.0323949, , , , , , , 1.9725577, 0.0971847, , , , , , , 1.9725577, 0.0115816, , , , , , , 1.9725577, -0.0018463, , , , , , , , , , , , , , , , , , , , , , , , , , , , 
1.9730769, -0.0273594, , , , , , , 1.9730769, -0.0068818, , , , , , , 1.9730769, 0.0102388, , , , , , , 1.9730769, -0.0005035, , , , , , , , , , , , , , , , , , , , , , , , , , , , 
1.9735962, -0.018967, , , , , , , 1.9735962, -0.1606317, , , , , , , 1.9735962, 0.0052033, , , , , , , 1.9735962, 0.0011749, , , , , , , , , , , , , , , , , , , , , , , , , , , , 
1.9741154, -0.0119173, , , , , , , 1.9741154, -0.3064927, , , , , , , 1.9741154, -0.0001678, , , , , , , 1.9741154, 0.0018463, , , , , , , , , , , , , , , , , , , , , , , , , , , , 
1.9746346, -0.0077211, , , , , , , 1.9746346, -0.357351, , , , , , , 1.9746346, 0.0005035, , , , , , , 1.9746346, 0.0018463, , , , , , , , , , , , , , , , , , , , , , , , , , , , 
1.9751538, -0.0041962, , , , , , , 1.9751538, -0.3452659, , , , , , , 1.9751538, 0.0048676, , , , , , , 1.9751538, 0.0008392, , , , , , , , , , , , , , , , , , , , , , , , , , , , 
1.9756731, -0.0018463, , , , , , , 1.9756731, -0.300618, , , , , , , 1.9756731, 0.0031891, , , , , , , 1.9756731, 0.0003357, , , , , , , , , , , , , , , , , , , , , , , , , , , , 
1.9761923, 0.0001678, , , , , , , 1.9761923, -0.223743, , , , , , , 1.9761923, -0.0072175, , , , , , , 1.9761923, 0.0035248, , , , , , , , , , , , , , , , , , , , , , , , , , , , 
1.9767115, 0.0031891, , , , , , , 1.9767115, -0.139147, , , , , , , 1.9767115, -0.018967, , , , , , , 1.9767115, 0.0105745, , , , , , , , , , , , , , , , , , , , , , , , , , , , 
1.9772308, 0.0090639, , , , , , , 1.9772308, -0.0800641, , , , , , , 1.9772308, -0.0246738, , , , , , , 1.9772308, 0.0179599, , , , , , , , , , , , , , , , , , , , , , , , , , , , 
1.97775, 0.0125887, , , , , , , 1.97775, -0.0350805, , , , , , , 1.97775, -0.0243381, , , , , , , 1.97775, 0.0236667, , , , , , , , , , , , , , , , , , , , , , , , , , , , 
1.9782692, 0.0137636, , , , , , , 1.9782692, 0.0276951, , , , , , , 1.9782692, -0.0206455, , , , , , , 1.9782692, 0.026688, , , , , , , , , , , , , , , , , , , , , , , , , , , , 
1.9787885, 0.0213169, , , , , , , 1.9787885, 0.0817426, , , , , , , 1.9787885, -0.0162814, , , , , , , 1.9787885, 0.0292058, , , , , , , , , , , , , , , , , , , , , , , , , , , , 
1.9793077, 0.0307164, , , , , , , 1.9793077, 0.0755322, , , , , , , 1.9793077, -0.012253, , , , , , , 1.9793077, 0.0290379, , , , , , , , , , , , , , , , , , , , , , , , , , , , 
1.9798269, 0.0303807, , , , , , , 1.9798269, 0.0206455, , , , , , , 1.9798269, -0.005539, , , , , , , 1.9798269, 0.0258488, , , , , , , , , , , , , , , , , , , , , , , , , , , , 
1.9803462, 0.0218204, , , , , , , 1.9803462, -0.0213169, , , , , , , 1.9803462, 0.0043641, , , , , , , 1.9803462, 0.0203098, , , , , , , , , , , , , , , , , , , , , , , , , , , , 
1.9808654, 0.0184634, , , , , , , 1.9808654, -0.021149, , , , , , , 1.9808654, 0.0199741, , , , , , , 1.9808654, 0.01561, , , , , , , , , , , , , , , , , , , , , , , , , , , , 
1.9813846, 0.0213169, , , , , , , 1.9813846, -0.0083925, , , , , , , 1.9813846, 0.0320592, , , , , , , 1.9813846, 0.0167849, , , , , , , , , , , , , , , , , , , , , , , , , , , , 
1.9819038, 0.0260166, , , , , , , 1.9819038, -0.0058747, , , , , , , 1.9819038, 0.0328985, , , , , , , 1.9819038, 0.0240024, , , , , , , , , , , , , , , , , , , , , , , , , , , , 
1.9824231, 0.0176242, , , , , , , 1.9824231, -0.0152743, , , , , , , 1.9824231, 0.0253452, , , , , , , 1.9824231, 0.0317235, , , , , , , , , , , , , , , , , , , , , , , , , , , , 
1.9829423, -0.0109102, , , , , , , 1.9829423, 0.0011749, , , , , , , 1.9829423, 0.0119173, , , , , , , 1.9829423, 0.0344091, , , , , , , , , , , , , , , , , , , , , , , , , , , , 
1.9834615, -0.0313878, , , , , , , 1.9834615, 0.0753643, , , , , , , 1.9834615, -0.0015106, , , , , , , 1.9834615, 0.0320592, , , , , , , , , , , , , , , , , , , , , , , , , , , , 
1.9839808, -0.0216526, , , , , , , 1.9839808, 0.1680171, , , , , , , 1.9839808, -0.008896, , , , , , , 1.9839808, 0.0283665, , , , , , , , , , , , , , , , , , , , , , , , , , , , 
1.9845, -0.0010071, , , , , , , 1.9845, 0.2146792, , , , , , , 1.9845, -0.0120851, , , , , , , 1.9845, 0.0240024, , , , , , , , , , , , , , , , , , , , , , , , , , , , 
1.9850192, 0.0078889, , , , , , , 1.9850192, 0.2143435, , , , , , , 1.9850192, -0.0172885, , , , , , , 1.9850192, 0.0159457, , , , , , , , , , , , , , , , , , , , , , , , , , , , 
1.9855385, 0.0102388, , , , , , , 1.9855385, 0.1972229, , , , , , , 1.9855385, -0.0240024, , , , , , , 1.9855385, 0.0072175, , , , , , , , , , , , , , , , , , , , , , , , , , , , 
1.9860577, 0.0186313, , , , , , , 1.9860577, 0.1807736, , , , , , , 1.9860577, -0.026688, , , , , , , 1.9860577, -0.002182, , , , , , , , , , , , , , , , , , , , , , , , , , , , 
1.9865769, 0.0273594, , , , , , , 1.9865769, 0.1519036, , , , , , , 1.9865769, -0.0250095, , , , , , , 1.9865769, -0.0102388, , , , , , , , , , , , , , , , , , , , , , , , , , , , 
1.9870962, 0.0276951, , , , , , , 1.9870962, 0.1005417, , , , , , , 1.9870962, -0.0229953, , , , , , , 1.9870962, -0.0151064, , , , , , , , , , , , , , , , , , , , , , , , , , , , 
1.9876154, 0.0172885, , , , , , , 1.9876154, 0.0773785, , , , , , , 1.9876154, -0.0209812, , , , , , , 1.9876154, -0.0186313, , , , , , , , , , , , , , , , , , , , , , , , , , , , 
1.9881346, 0.0016785, , , , , , , 1.9881346, 0.0861067, , , , , , , 1.9881346, -0.01561, , , , , , , 1.9881346, -0.0223239, , , , , , , , , , , , , , , , , , , , , , , , , , , , 
1.9886538, -0.0151064, , , , , , , 1.9886538, 0.0411231, , , , , , , 1.9886538, -0.0046998, , , , , , , 1.9886538, -0.026688, , , , , , , , , , , , , , , , , , , , , , , , , , , , 
1.9891731, -0.0283665, , , , , , , 1.9891731, -0.0369268, , , , , , , 1.9891731, 0.0102388, , , , , , , 1.9891731, -0.0283665, , , , , , , , , , , , , , , , , , , , , , , , , , , , 
1.9896923, -0.0350805, , , , , , , 1.9896923, -0.1050736, , , , , , , 1.9896923, 0.0293736, , , , , , , 1.9896923, -0.0290379, , , , , , , , , , , , , , , , , , , , , , , , , , , , 
1.9902115, -0.0381018, , , , , , , 1.9902115, -0.1727169, , , , , , , 1.9902115, 0.0407874, , , , , , , 1.9902115, -0.0305486, , , , , , , , , , , , , , , , , , , , , , , , , , , , 
1.9907308, -0.0381018, , , , , , , 1.9907308, -0.2433814, , , , , , , 1.9907308, 0.033402, , , , , , , 1.9907308, -0.0317235, , , , , , , , , , , , , , , , , , , , , , , , , , , , 
1.99125, -0.0370947, , , , , , , 1.99125, -0.3163958, , , , , , , 1.99125, 0.0137636, , , , , , , 1.99125, -0.0283665, , , , , , , , , , , , , , , , , , , , , , , , , , , , 
1.9917692, -0.0394446, , , , , , , 1.9917692, -0.3546654, , , , , , , 1.9917692, -0.0102388, , , , , , , 1.9917692, -0.0236667, , , , , , , , , , , , , , , , , , , , , , , , , , , , 
1.9922885, -0.0421302, , , , , , , 1.9922885, -0.3078355, , , , , , , 1.9922885, -0.0330663, , , , , , , 1.9922885, -0.0196384, , , , , , , , , , , , , , , , , , , , , , , , , , , , 
1.9928077, -0.0471656, , , , , , , 1.9928077, -0.2230716, , , , , , , 1.9928077, -0.0540475, , , , , , , 1.9928077, -0.014435, , , , , , , , , , , , , , , , , , , , , , , , , , , , 
1.9933269, -0.0438087, , , , , , , 1.9933269, -0.1874876, , , , , , , 1.9933269, -0.0679789, , , , , , , 1.9933269, -0.011078, , , , , , , , , , , , , , , , , , , , , , , , , , , , 
1.9938462, -0.0359197, , , , , , , 1.9938462, -0.1999084, , , , , , , 1.9938462, -0.0696574, , , , , , , 1.9938462, -0.0092317, , , , , , , , , , , , , , , , , , , , , , , , , , , , 
1.9943654, -0.0270237, , , , , , , 1.9943654, -0.1925231, , , , , , , 1.9943654, -0.0585794, , , , , , , 1.9943654, -0.0095674, , , , , , , , , , , , , , , , , , , , , , , , , , , , 
1.9948846, -0.0099031, , , , , , , 1.9948846, -0.1337758, , , , , , , 1.9948846, -0.0397803, , , , , , , 1.9948846, -0.0135958, , , , , , , , , , , , , , , , , , , , , , , , , , , , 
1.9954038, 0.0115816, , , , , , , 1.9954038, -0.0585794, , , , , , , 1.9954038, -0.0135958, , , , , , , 1.9954038, -0.0216526, , , , , , , , , , , , , , , , , , , , , , , , , , , , 
1.9959231, 0.0313878, , , , , , , 1.9959231, 0.0011749, , , , , , , 1.9959231, 0.0152743, , , , , , , 1.9959231, -0.030045, , , , , , , , , , , , , , , , , , , , , , , , , , , , 
1.9964423, 0.0454871, , , , , , , 1.9964423, 0.0412909, , , , , , , 1.9964423, 0.0407874, , , , , , , 1.9964423, -0.033402, , , , , , , , , , , , , , , , , , , , , , , , , , , , 
1.9969615, 0.0501869, , , , , , , 1.9969615, 0.0755322, , , , , , , 1.9969615, 0.0548867, , , , , , , 1.9969615, -0.0330663, , , , , , , , , , , , , , , , , , , , , , , , , , , , 
1.9974808, 0.0506905, , , , , , , 1.9974808, 0.0918135, , , , , , , 1.9974808, 0.0528725, , , , , , , 1.9974808, -0.0303807, , , , , , , , , , , , , , , , , , , , , , , , , , , , 
1.998, 0.0558938, , , , , , , 1.998, 0.0666361, , , , , , , 1.998, 0.0421302, , , , , , , 1.998, -0.0292058, , , , , , , , , , , , , , , , , , , , , , , , , , , , 
1.9985192, 0.0656291, , , , , , , 1.9985192, 0.0265202, , , , , , , 1.9985192, 0.030045, , , , , , , 1.9985192, -0.0276951, , , , , , , , , , , , , , , , , , , , , , , , , , , , 
1.9990385, 0.0736858, , , , , , , 1.9990385, 0.0085603, , , , , , , 1.9990385, 0.0176242, , , , , , , 1.9990385, -0.0219883, , , , , , , , , , , , , , , , , , , , , , , , , , , , 
1.9995577, 0.0750286, , , , , , , 1.9995577, 0.0092317, , , , , , , 1.9995577, 0.0006714, , , , , , , 1.9995577, -0.0135958, , , , , , , , , , , , , , , , , , , , , , , , , , , , 
2.0000769, 0.0762036, , , , , , , 2.0000769, 0.0176242, , , , , , , 2.0000769, -0.0146029, , , , , , , 2.0000769, -0.0045319, , , , , , , , , , , , , , , , , , , , , , , , , , , , 
2.0005962, 0.0773785, , , , , , , 2.0005962, 0.0424659, , , , , , , 2.0005962, -0.0253452, , , , , , , 2.0005962, 0.005539, , , , , , , , , , , , , , , , , , , , , , , , , , , , 
2.0011154, 0.0757, , , , , , , 2.0011154, 0.0663005, , , , , , , 2.0011154, -0.0313878, , , , , , , 2.0011154, 0.0162814, , , , , , , , , , , , , , , , , , , , , , , , , , , , 
2.0016346, 0.0710002, , , , , , , 2.0016346, 0.0616007, , , , , , , 2.0016346, -0.0323949, , , , , , , 2.0016346, 0.0250095, , , , , , , , , , , , , , , , , , , , , , , , , , , , 
2.0021538, 0.0627756, , , , , , , 2.0021538, 0.0454871, , , , , , , 2.0021538, -0.0283665, , , , , , , 2.0021538, 0.0320592, , , , , , , , , , , , , , , , , , , , , , , , , , , , 
2.0026731, 0.0513619, , , , , , , 2.0026731, 0.0256809, , , , , , , 2.0026731, -0.0229953, , , , , , , 2.0026731, 0.0387732, , , , , , , , , , , , , , , , , , , , , , , , , , , , 
2.0031923, 0.0431373, , , , , , , 2.0031923, -0.014435, , , , , , , 2.0031923, -0.0191348, , , , , , , 2.0031923, 0.0481727, , , , , , , , , , , , , , , , , , , , , , , , , , , , 
2.0037115, 0.040116, , , , , , , 2.0037115, -0.0454871, , , , , , , 2.0037115, -0.0209812, , , , , , , 2.0037115, 0.0619364, , , , , , , , , , , , , , , , , , , , , , , , , , , , 
2.0042308, 0.0407874, , , , , , , 2.0042308, -0.0347448, , , , , , , 2.0042308, -0.0250095, , , , , , , 2.0042308, 0.0710002, , , , , , , , , , , , , , , , , , , , , , , , , , , , 
2.00475, 0.0421302, , , , , , , 2.00475, 0.0065461, , , , , , , 2.00475, -0.0172885, , , , , , , 2.00475, 0.064622, , , , , , , , , , , , , , , , , , , , , , , , , , , , 
2.0052692, 0.0414588, , , , , , , 2.0052692, 0.0468299, , , , , , , 2.0052692, 0.0045319, , , , , , , 2.0052692, 0.0508583, , , , , , , , , , , , , , , , , , , , , , , , , , , , 
2.0057885, 0.0428016, , , , , , , 2.0057885, 0.0441444, , , , , , , 2.0057885, 0.0243381, , , , , , , 2.0057885, 0.0384375, , , , , , , , , , , , , , , , , , , , , , , , , , , , 
2.0063077, 0.0347448, , , , , , , 2.0063077, -0.0001678, , , , , , , 2.0063077, 0.0263523, , , , , , , 2.0063077, 0.0276951, , , , , , , , , , , , , , , , , , , , , , , , , , , , 
2.0068269, 0.0206455, , , , , , , 2.0068269, -0.0297093, , , , , , , 2.0068269, 0.0166171, , , , , , , 2.0068269, 0.0149386, , , , , , , , , , , , , , , , , , , , , , , , , , , , 
2.0073462, 0.01561, , , , , , , 2.0073462, -0.0293736, , , , , , , 2.0073462, 0.0045319, , , , , , , 2.0073462, 0.0023499, , , , , , , , , , , , , , , , , , , , , , , , , , , , 
2.0078654, 0.01561, , , , , , , 2.0078654, 0.0075532, , , , , , , 2.0078654, -0.0142672, , , , , , , 2.0078654, -0.0011749, , , , , , , , , , , , , , , , , , , , , , , , , , , , 
2.0083846, 0.0099031, , , , , , , 2.0083846, 0.0555581, , , , , , , 2.0083846, -0.0303807, , , , , , , 2.0083846, 0.0015106, , , , , , , , , , , , , , , , , , , , , , , , , , , , 
2.0089038, 0.0011749, , , , , , , 2.0089038, 0.0605936, , , , , , , 2.0089038, -0.023331, , , , , , , 2.0089038, 0.0065461, , , , , , , , , , , , , , , , , , , , , , , , , , , , 
2.0094231, -0.0075532, , , , , , , 2.0094231, 0.0394446, , , , , , , 2.0094231, -0.005539, , , , , , , 2.0094231, 0.0139315, , , , , , , , , , , , , , , , , , , , , , , , , , , , 
2.0099423, -0.0112459, , , , , , , 2.0099423, 0.0260166, , , , , , , 2.0099423, 0.0038605, , , , , , , 2.0099423, 0.0240024, , , , , , , , , , , , , , , , , , , , , , , , , , , , 
2.0104615, -0.0115816, , , , , , , 2.0104615, 0.0226596, , , , , , , 2.0104615, 0.0043641, , , , , , , 2.0104615, 0.0313878, , , , , , , , , , , , , , , , , , , , , , , , , , , , 
2.0109808, -0.0152743, , , , , , , 2.0109808, 0.0330663, , , , , , , 2.0109808, 0.0115816, , , , , , , 2.0109808, 0.0387732, , , , , , , , , , , , , , , , , , , , , , , , , , , , 
2.0115, -0.0209812, , , , , , , 2.0115, 0.0542153, , , , , , , 2.0115, 0.030045, , , , , , , 2.0115, 0.0424659, , , , , , , , , , , , , , , , , , , , , , , , , , , , 
2.0120192, -0.0271916, , , , , , , 2.0120192, 0.0656291, , , , , , , 2.0120192, 0.0384375, , , , , , , 2.0120192, 0.0468299, , , , , , , , , , , , , , , , , , , , , , , , , , , , 
2.0125385, -0.0297093, , , , , , , 2.0125385, 0.0582437, , , , , , , 2.0125385, 0.0315557, , , , , , , 2.0125385, 0.0535439, , , , , , , , , , , , , , , , , , , , , , , , , , , , 
2.0130577, -0.0270237, , , , , , , 2.0130577, 0.0506905, , , , , , , 2.0130577, 0.0172885, , , , , , , 2.0130577, 0.0547189, , , , , , , , , , , , , , , , , , , , , , , , , , , , 
2.0135769, -0.0250095, , , , , , , 2.0135769, 0.0528725, , , , , , , 2.0135769, 0.0035248, , , , , , , 2.0135769, 0.0513619, , , , , , , , , , , , , , , , , , , , , , , , , , , , 
2.0140962, -0.0236667, , , , , , , 2.0140962, 0.0491798, , , , , , , 2.0140962, -0.0041962, , , , , , , 2.0140962, 0.0480049, , , , , , , , , , , , , , , , , , , , , , , , , , , , 
2.0146154, -0.0186313, , , , , , , 2.0146154, 0.0280308, , , , , , , 2.0146154, -0.0102388, , , , , , , 2.0146154, 0.0426337, , , , , , , , , , , , , , , , , , , , , , , , , , , , 
2.0151346, -0.0112459, , , , , , , 2.0151346, -0.0031891, , , , , , , 2.0151346, -0.0172885, , , , , , , 2.0151346, 0.0327306, , , , , , , , , , , , , , , , , , , , , , , , , , , , 
2.0156538, -0.0015106, , , , , , , 2.0156538, -0.0216526, , , , , , , 2.0156538, -0.0182956, , , , , , , 2.0156538, 0.0226596, , , , , , , , , , , , , , , , , , , , , , , , , , , , 
2.0161731, 0.0065461, , , , , , , 2.0161731, -0.0129244, , , , , , , 2.0161731, -0.0063783, , , , , , , 2.0161731, 0.0142672, , , , , , , , , , , , , , , , , , , , , , , , , , , , 
2.0166923, 0.0119173, , , , , , , 2.0166923, -0.0015106, , , , , , , 2.0166923, 0.0011749, , , , , , , 2.0166923, 0.0075532, , , , , , , , , , , , , , , , , , , , , , , , , , , , 
2.0172115, 0.0115816, , , , , , , 2.0172115, -0.0149386, , , , , , , 2.0172115, -0.0172885, , , , , , , 2.0172115, 0.0028534, , , , , , , , , , , , , , , , , , , , , , , , , , , , 
2.0177308, 0.0104067, , , , , , , 2.0177308, -0.0213169, , , , , , , 2.0177308, -0.0454871, , , , , , , 2.0177308, -0.0018463, , , , , , , , , , , , , , , , , , , , , , , , , , , , 
2.01825, 0.0112459, , , , , , , 2.01825, -0.0036927, , , , , , , 2.01825, -0.0527047, , , , , , , 2.01825, -0.0065461, , , , , , , , , , , , , , , , , , , , , , , , , , , , 
2.0187692, 0.0142672, , , , , , , 2.0187692, 0.0115816, , , , , , , 2.0187692, -0.0276951, , , , , , , 2.0187692, -0.0078889, , , , , , , , , , , , , , , , , , , , , , , , , , , , 
2.0192885, 0.0191348, , , , , , , 2.0192885, 0.0073854, , , , , , , 2.0192885, 0.0035248, , , , , , , 2.0192885, -0.0083925, , , , , , , , , , , , , , , , , , , , , , , , , , , , 
2.0198077, 0.0213169, , , , , , , 2.0198077, -0.0048676, , , , , , , 2.0198077, 0.0078889, , , , , , , 2.0198077, -0.0078889, , , , , , , , , , , , , , , , , , , , , , , , , , , , 
2.0203269, 0.0218204, , , , , , , 2.0203269, -0.0095674, , , , , , , 2.0203269, -0.0137636, , , , , , , 2.0203269, -0.0031891, , , , , , , , , , , , , , , , , , , , , , , , , , , , 
2.0208462, 0.0199741, , , , , , , 2.0208462, -0.0072175, , , , , , , 2.0208462, -0.0471656, , , , , , , 2.0208462, 0.0023499, , , , , , , , , , , , , , , , , , , , , , , , , , , , 
2.0213654, 0.0169528, , , , , , , 2.0213654, -0.0075532, , , , , , , 2.0213654, -0.0817426, , , , , , , 2.0213654, 0.0065461, , , , , , , , , , , , , , , , , , , , , , , , , , , , 
2.0218846, 0.0132601, , , , , , , 2.0218846, 0.0038605, , , , , , , 2.0218846, -0.1129625, , , , , , , 2.0218846, 0.0092317, , , , , , , , , , , , , , , , , , , , , , , , , , , , 
2.0224038, 0.0125887, , , , , , , 2.0224038, 0.0293736, , , , , , , 2.0224038, -0.1326009, , , , , , , 2.0224038, 0.0078889, , , , , , , , , , , , , , , , , , , , , , , , , , , , 
2.0229231, 0.0125887, , , , , , , 2.0229231, 0.0246738, , , , , , , 2.0229231, -0.1272297, , , , , , , 2.0229231, 0.0058747, , , , , , , , , , , , , , , , , , , , , , , , , , , , 
2.0234423, 0.0105745, , , , , , , 2.0234423, 0.0011749, , , , , , , 2.0234423, -0.1049058, , , , , , , 2.0234423, 0.0093996, , , , , , , , , , , , , , , , , , , , , , , , , , , , 
2.0239615, 0.0062104, , , , , , , 2.0239615, 0.0068818, , , , , , , 2.0239615, -0.0825818, , , , , , , 2.0239615, 0.0176242, , , , , , , , , , , , , , , , , , , , , , , , , , , , 
2.0244808, 0.0018463, , , , , , , 2.0244808, 0.0327306, , , , , , , 2.0244808, -0.054551, , , , , , , 2.0244808, 0.0204776, , , , , , , , , , , , , , , , , , , , , , , , , , , , 
2.025, 0.0031891, , , , , , , 2.025, 0.0448157, , , , , , , 2.025, -0.0172885, , , , , , , 2.025, 0.0151064, , , , , , , , , , , , , , , , , , , , , , , , , , , , 
2.0255192, 0.0092317, , , , , , , 2.0255192, 0.0399481, , , , , , , 2.0255192, 0.0041962, , , , , , , 2.0255192, 0.0078889, , , , , , , , , , , , , , , , , , , , , , , , , , , , 
2.0260385, 0.0125887, , , , , , , 2.0260385, 0.0313878, , , , , , , 2.0260385, 0.0045319, , , , , , , 2.0260385, 0.0015106, , , , , , , , , , , , , , , , , , , , , , , , , , , , 
2.0265577, 0.0146029, , , , , , , 2.0265577, 0.0132601, , , , , , , 2.0265577, -0.0018463, , , , , , , 2.0265577, -0.0041962, , , , , , , , , , , , , , , , , , , , , , , , , , , , 
2.0270769, 0.023331, , , , , , , 2.0270769, -0.0271916, , , , , , , 2.0270769, -0.0030213, , , , , , , 2.0270769, -0.0102388, , , , , , , , , , , , , , , , , , , , , , , , , , , , 
2.0275962, 0.0307164, , , , , , , 2.0275962, -0.0699931, , , , , , , 2.0275962, 0.0035248, , , , , , , 2.0275962, -0.0162814, , , , , , , , , , , , , , , , , , , , , , , , , , , , 
2.0281154, 0.0313878, , , , , , , 2.0281154, -0.0815747, , , , , , , 2.0281154, 0.0152743, , , , , , , 2.0281154, -0.0193027, , , , , , , , , , , , , , , , , , , , , , , , , , , , 
2.0286346, 0.0313878, , , , , , , 2.0286346, -0.0595865, , , , , , , 2.0286346, 0.0290379, , , , , , , 2.0286346, -0.0196384, , , , , , , , , , , , , , , , , , , , , , , , , , , , 
2.0291538, 0.0330663, , , , , , , 2.0291538, -0.0317235, , , , , , , 2.0291538, 0.0387732, , , , , , , 2.0291538, -0.0146029, , , , , , , , , , , , , , , , , , , , , , , , , , , , 
2.0296731, 0.0298772, , , , , , , 2.0296731, -0.0236667, , , , , , , 2.0296731, 0.0370947, , , , , , , 2.0296731, -0.0058747, , , , , , , , , , , , , , , , , , , , , , , , , , , , 
2.0301923, 0.0223239, , , , , , , 2.0301923, -0.0280308, , , , , , , 2.0301923, 0.0303807, , , , , , , 2.0301923, 0.0035248, , , , , , , , , , , , , , , , , , , , , , , , , , , , 
2.0307115, 0.0184634, , , , , , , 2.0307115, -0.0263523, , , , , , , 2.0307115, 0.0250095, , , , , , , 2.0307115, 0.0139315, , , , , , , , , , , , , , , , , , , , , , , , , , , , 
2.0312308, 0.0166171, , , , , , , 2.0312308, -0.0196384, , , , , , , 2.0312308, 0.0250095, , , , , , , 2.0312308, 0.0246738, , , , , , , , , , , , , , , , , , , , , , , , , , , , 
2.03175, 0.0129244, , , , , , , 2.03175, -0.0109102, , , , , , , 2.03175, 0.0347448, , , , , , , 2.03175, 0.0347448, , , , , , , , , , , , , , , , , , , , , , , , , , , , 
2.0322692, 0.0117494, , , , , , , 2.0322692, -0.0018463, , , , , , , 2.0322692, 0.0530404, , , , , , , 2.0322692, 0.0438087, , , , , , , , , , , , , , , , , , , , , , , , , , , , 
2.0327885, 0.0132601, , , , , , , 2.0327885, -0.0035248, , , , , , , 2.0327885, 0.0642863, , , , , , , 2.0327885, 0.0522011, , , , , , , , , , , , , , , , , , , , , , , , , , , , 
2.0333077, 0.0099031, , , , , , , 2.0333077, 0.0011749, , , , , , , 2.0333077, 0.057908, , , , , , , 2.0333077, 0.0575723, , , , , , , , , , , , , , , , , , , , , , , , , , , , 
2.0338269, 0.0035248, , , , , , , 2.0338269, 0.0240024, , , , , , , 2.0338269, 0.0394446, , , , , , , 2.0338269, 0.0589151, , , , , , , , , , , , , , , , , , , , , , , , , , , , 
2.0343462, 0.0036927, , , , , , , 2.0343462, 0.0475013, , , , , , , 2.0343462, 0.0182956, , , , , , , 2.0343462, 0.0548867, , , , , , , , , , , , , , , , , , , , , , , , , , , , 
2.0348654, 0.005539, , , , , , , 2.0348654, 0.0595865, , , , , , , 2.0348654, -0.002182, , , , , , , 2.0348654, 0.0454871, , , , , , , , , , , , , , , , , , , , , , , , , , , , 
2.0353846, 0.0041962, , , , , , , 2.0353846, 0.066804, , , , , , , 2.0353846, -0.0209812, , , , , , , 2.0353846, 0.0347448, , , , , , , , , , , , , , , , , , , , , , , , , , , , 
2.0359038, 0.0062104, , , , , , , 2.0359038, 0.0770428, , , , , , , 2.0359038, -0.0391089, , , , , , , 2.0359038, 0.026688, , , , , , , , , , , , , , , , , , , , , , , , , , , , 
2.0364231, 0.0117494, , , , , , , 2.0364231, 0.0681468, , , , , , , 2.0364231, -0.0538796, , , , , , , 2.0364231, 0.0196384, , , , , , , , , , , , , , , , , , , , , , , , , , , , 
2.0369423, 0.0105745, , , , , , , 2.0369423, 0.0303807, , , , , , , 2.0369423, -0.0664683, , , , , , , 2.0369423, 0.0125887, , , , , , , , , , , , , , , , , , , , , , , , , , , , 
2.0374615, 0.0068818, , , , , , , 2.0374615, 0.0052033, , , , , , , 2.0374615, -0.0733501, , , , , , , 2.0374615, 0.005539, , , , , , , , , , , , , , , , , , , , , , , , , , , , 
2.0379808, 0.0078889, , , , , , , 2.0379808, -0.0263523, , , , , , , 2.0379808, -0.0755322, , , , , , , 2.0379808, 0.0008392, , , , , , , , , , , , , , , , , , , , , , , , , , , , 
2.0385, 0.0099031, , , , , , , 2.0385, -0.0713359, , , , , , , 2.0385, -0.0713359, , , , , , , 2.0385, -0.003357, , , , , , , , , , , , , , , , , , , , , , , , , , , , 
2.0390192, 0.0083925, , , , , , , 2.0390192, -0.0807355, , , , , , , 2.0390192, -0.0558938, , , , , , , 2.0390192, -0.0077211, , , , , , , , , , , , , , , , , , , , , , , , , , , , 
2.0395385, 0.0065461, , , , , , , 2.0395385, -0.0364233, , , , , , , 2.0395385, -0.0303807, , , , , , , 2.0395385, -0.0109102, , , , , , , , , , , , , , , , , , , , , , , , , , , , 
2.0400577, 0.0085603, , , , , , , 2.0400577, 0.0293736, , , , , , , 2.0400577, -0.0038605, , , , , , , 2.0400577, -0.0135958, , , , , , , , , , , , , , , , , , , , , , , , , , , , 
2.0405769, 0.0129244, , , , , , , 2.0405769, 0.0626078, , , , , , , 2.0405769, 0.0236667, , , , , , , 2.0405769, -0.0166171, , , , , , , , , , , , , , , , , , , , , , , , , , , , 
2.0410962, 0.0132601, , , , , , , 2.0410962, 0.0273594, , , , , , , 2.0410962, 0.0414588, , , , , , , 2.0410962, -0.0176242, , , , , , , , , , , , , , , , , , , , , , , , , , , , 
2.0416154, 0.0105745, , , , , , , 2.0416154, -0.0428016, , , , , , , 2.0416154, 0.0374304, , , , , , , 2.0416154, -0.0176242, , , , , , , , , , , , , , , , , , , , , , , , , , , , 
2.0421346, 0.0099031, , , , , , , 2.0421346, -0.1050736, , , , , , , 2.0421346, 0.0052033, , , , , , , 2.0421346, -0.0186313, , , , , , , , , , , , , , , , , , , , , , , , , , , , 
2.0426538, 0.0146029, , , , , , , 2.0426538, -0.1545892, , , , , , , 2.0426538, -0.0360876, , , , , , , 2.0426538, -0.0169528, , , , , , , , , , , , , , , , , , , , , , , , , , , , 
2.0431731, 0.0209812, , , , , , , 2.0431731, -0.1653315, , , , , , , 2.0431731, -0.0626078, , , , , , , 2.0431731, -0.012253, , , , , , , , , , , , , , , , , , , , , , , , , , , , 
2.0436923, 0.026688, , , , , , , 2.0436923, -0.1143053, , , , , , , 2.0436923, -0.0743572, , , , , , , 2.0436923, -0.0062104, , , , , , , , , , , , , , , , , , , , , , , , , , , , 
2.0442115, 0.0293736, , , , , , , 2.0442115, -0.0686503, , , , , , , 2.0442115, -0.0746929, , , , , , , 2.0442115, -0.0090639, , , , , , , , , , , , , , , , , , , , , , , , , , , , 
2.0447308, 0.0307164, , , , , , , 2.0447308, -0.0856031, , , , , , , 2.0447308, -0.061265, , , , , , , 2.0447308, -0.0229953, , , , , , , , , , , , , , , , , , , , , , , , , , , , 
2.04525, 0.0307164, , , , , , , 2.04525, -0.1139696, , , , , , , 2.04525, -0.0357519, , , , , , , 2.04525, -0.0364233, , , , , , , , , , , , , , , , , , , , , , , , , , , , 
2.0457692, 0.0325628, , , , , , , 2.0457692, -0.1032273, , , , , , , 2.0457692, -0.0062104, , , , , , , 2.0457692, -0.0421302, , , , , , , , , , , , , , , , , , , , , , , , , , , , 
2.0462885, 0.0354162, , , , , , , 2.0462885, -0.0693217, , , , , , , 2.0462885, 0.0179599, , , , , , , 2.0462885, -0.0464942, , , , , , , , , , , , , , , , , , , , , , , , , , , , 
2.0468077, 0.0344091, , , , , , , 2.0468077, -0.0317235, , , , , , , 2.0468077, 0.0357519, , , , , , , 2.0468077, -0.0508583, , , , , , , , , , , , , , , , , , , , , , , , , , , , 
2.0473269, 0.033402, , , , , , , 2.0473269, 0.0045319, , , , , , , 2.0473269, 0.054551, , , , , , , 2.0473269, -0.0508583, , , , , , , , , , , , , , , , , , , , , , , , , , , , 
2.0478462, 0.0313878, , , , , , , 2.0478462, 0.026688, , , , , , , 2.0478462, 0.0710002, , , , , , , 2.0478462, -0.0431373, , , , , , , , , , , , , , , , , , , , , , , , , , , , 
2.0483654, 0.0303807, , , , , , , 2.0483654, 0.0265202, , , , , , , 2.0483654, 0.0750286, , , , , , , 2.0483654, -0.0305486, , , , , , , , , , , , , , , , , , , , , , , , , , , , 
2.0488846, 0.0313878, , , , , , , 2.0488846, 0.0191348, , , , , , , 2.0488846, 0.0666361, , , , , , , 2.0488846, -0.012253, , , , , , , , , , , , , , , , , , , , , , , , , , , , 
2.0494038, 0.033402, , , , , , , 2.0494038, 0.0213169, , , , , , , 2.0494038, 0.0572366, , , , , , , 2.0494038, 0.0090639, , , , , , , , , , , , , , , , , , , , , , , , , , , , 
2.0499231, 0.0364233, , , , , , , 2.0499231, 0.0287022, , , , , , , 2.0499231, 0.0518654, , , , , , , 2.0499231, 0.0297093, , , , , , , , , , , , , , , , , , , , , , , , , , , , 
2.0504423, 0.0386053, , , , , , , 2.0504423, 0.0446479, , , , , , , 2.0504423, 0.0431373, , , , , , , 2.0504423, 0.04448, , , , , , , , , , , , , , , , , , , , , , , , , , , , 
2.0509615, 0.0360876, , , , , , , 2.0509615, 0.0632792, , , , , , , 2.0509615, 0.0280308, , , , , , , 2.0509615, 0.0558938, , , , , , , , , , , , , , , , , , , , , , , , , , , , 
2.0514808, 0.0320592, , , , , , , 2.0514808, 0.0882887, , , , , , , 2.0514808, 0.0087282, , , , , , , 2.0514808, 0.0696574, , , , , , , , , , , , , , , , , , , , , , , , , , , , 
2.052, 0.0290379, , , , , , , 2.052, 0.1099413, , , , , , , 2.052, -0.0125887, , , , , , , 2.052, 0.0810712, , , , , , , , , , , , , , , , , , , , , , , , , , , , 
2.0525192, 0.0280308, , , , , , , 2.0525192, 0.0938277, , , , , , , 2.0525192, -0.0305486, , , , , , , 2.0525192, 0.0834211, , , , , , , , , , , , , , , , , , , , , , , , , , , , 
2.0530385, 0.0293736, , , , , , , 2.0530385, 0.0515297, , , , , , , 2.0530385, -0.0424659, , , , , , , 2.0530385, 0.0795605, , , , , , , , , , , , , , , , , , , , , , , , , , , , 
2.0535577, 0.0297093, , , , , , , 2.0535577, 0.0206455, , , , , , , 2.0535577, -0.0481727, , , , , , , 2.0535577, 0.072343, , , , , , , , , , , , , , , , , , , , , , , , , , , , 
2.0540769, 0.0240024, , , , , , , 2.0540769, -0.0313878, , , , , , , 2.0540769, -0.0454871, , , , , , , 2.0540769, 0.0642863, , , , , , , , , , , , , , , , , , , , , , , , , , , , 
2.0545962, 0.017792, , , , , , , 2.0545962, -0.0998703, , , , , , , 2.0545962, -0.0391089, , , , , , , 2.0545962, 0.0528725, , , , , , , , , , , , , , , , , , , , , , , , , , , , 
2.0551154, 0.0146029, , , , , , , 2.0551154, -0.1312581, , , , , , , 2.0551154, -0.0370947, , , , , , , 2.0551154, 0.0407874, , , , , , , , , , , , , , , , , , , , , , , , , , , , 
2.0556346, 0.0109102, , , , , , , 2.0556346, -0.1320974, , , , , , , 2.0556346, -0.0340734, , , , , , , 2.0556346, 0.0325628, , , , , , , , , , , , , , , , , , , , , , , , , , , , 
2.0561538, 0.0109102, , , , , , , 2.0561538, -0.1411612, , , , , , , 2.0561538, -0.0196384, , , , , , , 2.0561538, 0.0283665, , , , , , , , , , , , , , , , , , , , , , , , , , , , 
2.0566731, 0.0142672, , , , , , , 2.0566731, -0.142504, , , , , , , 2.0566731, 0.0031891, , , , , , , 2.0566731, 0.0250095, , , , , , , , , , , , , , , , , , , , , , , , , , , , 
2.0571923, 0.0164492, , , , , , , 2.0571923, -0.1015488, , , , , , , 2.0571923, 0.0186313, , , , , , , 2.0571923, 0.021149, , , , , , , , , , , , , , , , , , , , , , , , , , , , 
2.0577115, 0.0142672, , , , , , , 2.0577115, -0.0404517, , , , , , , 2.0577115, 0.0253452, , , , , , , 2.0577115, 0.0176242, , , , , , , , , , , , , , , , , , , , , , , , , , , , 
2.0582308, 0.0085603, , , , , , , 2.0582308, 0.003357, , , , , , , 2.0582308, 0.03122, , , , , , , 2.0582308, 0.0166171, , , , , , , , , , , , , , , , , , , , , , , , , , , , 
2.05875, 0.0062104, , , , , , , 2.05875, 0.023331, , , , , , , 2.05875, 0.0354162, , , , , , , 2.05875, 0.017792, , , , , , , , , , , , , , , , , , , , , , , , , , , , 
2.0592692, 0.0139315, , , , , , , 2.0592692, 0.0182956, , , , , , , 2.0592692, 0.0340734, , , , , , , 2.0592692, 0.0209812, , , , , , , , , , , , , , , , , , , , , , , , , , , , 
2.0597885, 0.0260166, , , , , , , 2.0597885, 0.0135958, , , , , , , 2.0597885, 0.026688, , , , , , , 2.0597885, 0.0219883, , , , , , , , , , , , , , , , , , , , , , , , , , , , 
2.0603077, 0.0260166, , , , , , , 2.0603077, 0.0218204, , , , , , , 2.0603077, 0.0193027, , , , , , , 2.0603077, 0.021149, , , , , , , , , , , , , , , , , , , , , , , , , , , , 
2.0608269, 0.023331, , , , , , , 2.0608269, 0.0137636, , , , , , , 2.0608269, 0.0182956, , , , , , , 2.0608269, 0.0179599, , , , , , , , , , , , , , , , , , , , , , , , , , , , 
2.0613462, 0.0246738, , , , , , , 2.0613462, -0.0085603, , , , , , , 2.0613462, 0.0199741, , , , , , , 2.0613462, 0.0109102, , , , , , , , , , , , , , , , , , , , , , , , , , , , 
2.0618654, 0.0219883, , , , , , , 2.0618654, -0.0250095, , , , , , , 2.0618654, 0.0186313, , , , , , , 2.0618654, 0.0023499, , , , , , , , , , , , , , , , , , , , , , , , , , , , 
2.0623846, 0.0162814, , , , , , , 2.0623846, -0.0449836, , , , , , , 2.0623846, 0.0142672, , , , , , , 2.0623846, -0.0006714, , , , , , , , , , , , , , , , , , , , , , , , , , , , 
2.0629038, 0.012253, , , , , , , 2.0629038, -0.070161, , , , , , , 2.0629038, 0.0078889, , , , , , , 2.0629038, -0.0008392, , , , , , , , , , , , , , , , , , , , , , , , , , , , 
2.0634231, 0.0078889, , , , , , , 2.0634231, -0.0639506, , , , , , , 2.0634231, 0.0028534, , , , , , , 2.0634231, 0.0031891, , , , , , , , , , , , , , , , , , , , , , , , , , , , 
2.0639423, 0.0052033, , , , , , , 2.0639423, -0.0082246, , , , , , , 2.0639423, -0.0005035, , , , , , , 2.0639423, 0.0072175, , , , , , , , , , , , , , , , , , , , , , , , , , , , 
2.0644615, 0.0060426, , , , , , , 2.0644615, 0.0669718, , , , , , , 2.0644615, -0.0011749, , , , , , , 2.0644615, 0.0112459, , , , , , , , , , , , , , , , , , , , , , , , , , , , 
2.0649808, 0.0048676, , , , , , , 2.0649808, 0.0788891, , , , , , , 2.0649808, 0.011078, , , , , , , 2.0649808, 0.0146029, , , , , , , , , , , , , , , , , , , , , , , , , , , , 
2.0655, 0.0011749, , , , , , , 2.0655, 0.0327306, , , , , , , 2.0655, 0.0419623, , , , , , , 2.0655, 0.0146029, , , , , , , , , , , , , , , , , , , , , , , , , , , , 
2.0660192, -0.0068818, , , , , , , 2.0660192, -0.0041962, , , , , , , 2.0660192, 0.0780499, , , , , , , 2.0660192, 0.0102388, , , , , , , , , , , , , , , , , , , , , , , , , , , , 
2.0665385, -0.0109102, , , , , , , 2.0665385, -0.0219883, , , , , , , 2.0665385, 0.1038987, , , , , , , 2.0665385, 0.0010071, , , , , , , , , , , , , , , , , , , , , , , , , , , , 
2.0670577, -0.0078889, , , , , , , 2.0670577, -0.0223239, , , , , , , 2.0670577, 0.1038987, , , , , , , 2.0670577, -0.0085603, , , , , , , , , , , , , , , , , , , , , , , , , , , , 
2.0675769, -0.0031891, , , , , , , 2.0675769, 0.0016785, , , , , , , 2.0675769, 0.0743572, , , , , , , 2.0675769, -0.0082246, , , , , , , , , , , , , , , , , , , , , , , , , , , , 
2.0680962, 0.0005035, , , , , , , 2.0680962, 0.0387732, , , , , , , 2.0680962, 0.0283665, , , , , , , 2.0680962, -0.0015106, , , , , , , , , , , , , , , , , , , , , , , , , , , , 
2.0686154, 0.0035248, , , , , , , 2.0686154, 0.0572366, , , , , , , 2.0686154, -0.0219883, , , , , , , 2.0686154, 0.0011749, , , , , , , , , , , , , , , , , , , , , , , , , , , , 
2.0691346, 0.0011749, , , , , , , 2.0691346, 0.0387732, , , , , , , 2.0691346, -0.0740215, , , , , , , 2.0691346, -0.0001678, , , , , , , , , , , , , , , , , , , , , , , , , , , , 
2.0696538, -0.0005035, , , , , , , 2.0696538, 0.0152743, , , , , , , 2.0696538, -0.1169909, , , , , , , 2.0696538, 0.0008392, , , , , , , , , , , , , , , , , , , , , , , , , , , , 
2.0701731, -0.0038605, , , , , , , 2.0701731, 0.0226596, , , , , , , 2.0701731, -0.1414969, , , , , , , 2.0701731, 0.0038605, , , , , , , , , , , , , , , , , , , , , , , , , , , , 
2.0706923, -0.008896, , , , , , , 2.0706923, 0.0481727, , , , , , , 2.0706923, -0.1465324, , , , , , , 2.0706923, 0.0068818, , , , , , , , , , , , , , , , , , , , , , , , , , , , 
2.0712115, -0.0132601, , , , , , , 2.0712115, 0.0495155, , , , , , , 2.0712115, -0.1404898, , , , , , , 2.0712115, 0.0099031, , , , , , , , , , , , , , , , , , , , , , , , , , , , 
2.0717308, -0.01561, , , , , , , 2.0717308, 0.0374304, , , , , , , 2.0717308, -0.1294118, , , , , , , 2.0717308, 0.014435, , , , , , , , , , , , , , , , , , , , , , , , , , , , 
2.07225, -0.0182956, , , , , , , 2.07225, 0.0298772, , , , , , , 2.07225, -0.1183337, , , , , , , 2.07225, 0.0186313, , , , , , , , , , , , , , , , , , , , , , , , , , , , 
2.0727692, -0.0162814, , , , , , , 2.0727692, 0.012253, , , , , , , 2.0727692, -0.1049058, , , , , , , 2.0727692, 0.0226596, , , , , , , , , , , , , , , , , , , , , , , , , , , , 
2.0732885, -0.0078889, , , , , , , 2.0732885, -0.0323949, , , , , , , 2.0732885, -0.0897993, , , , , , , 2.0732885, 0.0251774, , , , , , , , , , , , , , , , , , , , , , , , , , , , 
2.0738077, -0.0065461, , , , , , , 2.0738077, -0.0683146, , , , , , , 2.0738077, -0.0767071, , , , , , , 2.0738077, 0.0250095, , , , , , , , , , , , , , , , , , , , , , , , , , , , 
2.0743269, -0.0112459, , , , , , , 2.0743269, -0.0746929, , , , , , , 2.0743269, -0.0666361, , , , , , , 2.0743269, 0.024506, , , , , , , , , , , , , , , , , , , , , , , , , , , , 
2.0748462, -0.0174563, , , , , , , 2.0748462, -0.0469978, , , , , , , 2.0748462, -0.0555581, , , , , , , 2.0748462, 0.0213169, , , , , , , , , , , , , , , , , , , , , , , , , , , , 
2.0753654, -0.0159457, , , , , , , 2.0753654, -0.0018463, , , , , , , 2.0753654, -0.0431373, , , , , , , 2.0753654, 0.0152743, , , , , , , , , , , , , , , , , , , , , , , , , , , , 
2.0758846, -0.0082246, , , , , , , 2.0758846, 0.005539, , , , , , , 2.0758846, -0.0310521, , , , , , , 2.0758846, 0.0146029, , , , , , , , , , , , , , , , , , , , , , , , , , , , 
2.0764038, -0.0005035, , , , , , , 2.0764038, 0.012253, , , , , , , 2.0764038, -0.0263523, , , , , , , 2.0764038, 0.0199741, , , , , , , , , , , , , , , , , , , , , , , , , , , , 
2.0769231, 0.0038605, , , , , , , 2.0769231, 0.0830854, , , , , , , 2.0769231, -0.0297093, , , , , , , 2.0769231, 0.0273594, , , , , , , , , , , , , , , , , , , , , , , , , , , , 
2.0774423, 0.0065461, , , , , , , 2.0774423, 0.160296, , , , , , , 2.0774423, -0.033402, , , , , , , 2.0774423, 0.0357519, , , , , , , , , , , , , , , , , , , , , , , , , , , , 
2.0779615, 0.0078889, , , , , , , 2.0779615, 0.1653315, , , , , , , 2.0779615, -0.0364233, , , , , , , 2.0779615, 0.0464942, , , , , , , , , , , , , , , , , , , , , , , , , , , , 
2.0784808, 0.0092317, , , , , , , 2.0784808, 0.1149767, , , , , , , 2.0784808, -0.0491798, , , , , , , 2.0784808, 0.0582437, , , , , , , , , , , , , , , , , , , , , , , , , , , , 
2.079, 0.0104067, , , , , , , 2.079, 0.0555581, , , , , , , 2.079, -0.0605936, , , , , , , 2.079, 0.0642863, , , , , , , , , , , , , , , , , , , , , , , , , , , , 
2.0795192, 0.0097353, , , , , , , 2.0795192, 0.0151064, , , , , , , 2.0795192, -0.0538796, , , , , , , 2.0795192, 0.0639506, , , , , , , , , , , , , , , , , , , , , , , , , , , , 
2.0800385, 0.0083925, , , , , , , 2.0800385, -0.0038605, , , , , , , 2.0800385, -0.0330663, , , , , , , 2.0800385, 0.0575723, , , , , , , , , , , , , , , , , , , , , , , , , , , , 
2.0805577, 0.0095674, , , , , , , 2.0805577, -0.0265202, , , , , , , 2.0805577, -0.0182956, , , , , , , 2.0805577, 0.0508583, , , , , , , , , , , , , , , , , , , , , , , , , , , , 
2.0810769, 0.0125887, , , , , , , 2.0810769, -0.0505226, , , , , , , 2.0810769, -0.011078, , , , , , , 2.0810769, 0.0439765, , , , , , , , , , , , , , , , , , , , , , , , , , , , 
2.0815962, 0.0099031, , , , , , , 2.0815962, -0.0448157, , , , , , , 2.0815962, 0.0001678, , , , , , , 2.0815962, 0.0370947, , , , , , , , , , , , , , , , , , , , , , , , , , , , 
2.0821154, 0.0072175, , , , , , , 2.0821154, -0.0276951, , , , , , , 2.0821154, 0.0182956, , , , , , , 2.0821154, 0.033402, , , , , , , , , , , , , , , , , , , , , , , , , , , , 
2.0826346, 0.0041962, , , , , , , 2.0826346, -0.036759, , , , , , , 2.0826346, 0.0394446, , , , , , , 2.0826346, 0.0288701, , , , , , , , , , , , , , , , , , , , , , , , , , , , 
2.0831538, 0.0028534, , , , , , , 2.0831538, -0.0740215, , , , , , , 2.0831538, 0.0575723, , , , , , , 2.0831538, 0.0204776, , , , , , , , , , , , , , , , , , , , , , , , , , , , 
2.0836731, 0.0005035, , , , , , , 2.0836731, -0.1250477, , , , , , , 2.0836731, 0.0683146, , , , , , , 2.0836731, 0.0132601, , , , , , , , , , , , , , , , , , , , , , , , , , , , 
2.0841923, -0.0046998, , , , , , , 2.0841923, -0.1656672, , , , , , , 2.0841923, 0.0733501, , , , , , , 2.0841923, 0.0038605, , , , , , , , , , , , , , , , , , , , , , , , , , , , 
2.0847115, -0.0109102, , , , , , , 2.0847115, -0.1864805, , , , , , , 2.0847115, 0.0679789, , , , , , , 2.0847115, -0.0085603, , , , , , , , , , , , , , , , , , , , , , , , , , , , 
2.0852308, -0.0085603, , , , , , , 2.0852308, -0.1975586, , , , , , , 2.0852308, 0.0569009, , , , , , , 2.0852308, -0.0243381, , , , , , , , , , , , , , , , , , , , , , , , , , , , 
2.08575, 0.0038605, , , , , , , 2.08575, -0.1713741, , , , , , , 2.08575, 0.0553902, , , , , , , 2.08575, -0.0394446, , , , , , , , , , , , , , , , , , , , , , , , , , , , 
2.0862692, 0.0146029, , , , , , , 2.0862692, -0.0814069, , , , , , , 2.0862692, 0.0659648, , , , , , , 2.0862692, -0.0481727, , , , , , , , , , , , , , , , , , , , , , , , , , , , 
2.0867885, 0.0236667, , , , , , , 2.0867885, 0.0273594, , , , , , , 2.0867885, 0.0673075, , , , , , , 2.0867885, -0.0527047, , , , , , , , , , , , , , , , , , , , , , , , , , , , 
2.0873077, 0.0258488, , , , , , , 2.0873077, 0.0985275, , , , , , , 2.0873077, 0.0515297, , , , , , , 2.0873077, -0.0548867, , , , , , , , , , , , , , , , , , , , , , , , , , , , 
2.0878269, 0.026688, , , , , , , 2.0878269, 0.1297475, , , , , , , 2.0878269, 0.0381018, , , , , , , 2.0878269, -0.0515297, , , , , , , , , , , , , , , , , , , , , , , , , , , , 
2.0883462, 0.0265202, , , , , , , 2.0883462, 0.114641, , , , , , , 2.0883462, 0.0298772, , , , , , , 2.0883462, -0.0441444, , , , , , , , , , , , , , , , , , , , , , , , , , , , 
2.0888654, 0.0231632, , , , , , , 2.0888654, 0.066804, , , , , , , 2.0888654, 0.0092317, , , , , , , 2.0888654, -0.0387732, , , , , , , , , , , , , , , , , , , , , , , , , , , , 
2.0893846, 0.0186313, , , , , , , 2.0893846, 0.0357519, , , , , , , 2.0893846, -0.0164492, , , , , , , 2.0893846, -0.0344091, , , , , , , , , , , , , , , , , , , , , , , , , , , , 
2.0899038, 0.0152743, , , , , , , 2.0899038, 0.0092317, , , , , , , 2.0899038, -0.0327306, , , , , , , 2.0899038, -0.0283665, , , , , , , , , , , , , , , , , , , , , , , , , , , , 
2.0904231, 0.0139315, , , , , , , 2.0904231, -0.0307164, , , , , , , 2.0904231, -0.0377661, , , , , , , 2.0904231, -0.0182956, , , , , , , , , , , , , , , , , , , , , , , , , , , , 
2.0909423, 0.0135958, , , , , , , 2.0909423, -0.0370947, , , , , , , 2.0909423, -0.0458228, , , , , , , 2.0909423, -0.005539, , , , , , , , , , , , , , , , , , , , , , , , , , , , 
2.0914615, 0.0169528, , , , , , , 2.0914615, 0.0129244, , , , , , , 2.0914615, -0.0518654, , , , , , , 2.0914615, 0.0046998, , , , , , , , , , , , , , , , , , , , , , , , , , , , 
2.0919808, 0.0251774, , , , , , , 2.0919808, 0.0340734, , , , , , , 2.0919808, -0.0424659, , , , , , , 2.0919808, 0.0119173, , , , , , , , , , , , , , , , , , , , , , , , , , , , 
2.0925, 0.0293736, , , , , , , 2.0925, -0.0179599, , , , , , , 2.0925, -0.023331, , , , , , , 2.0925, 0.0182956, , , , , , , , , , , , , , , , , , , , , , , , , , , , 
2.0930192, 0.0206455, , , , , , , 2.0930192, -0.093492, , , , , , , 2.0930192, -0.0099031, , , , , , , 2.0930192, 0.0256809, , , , , , , , , , , , , , , , , , , , , , , , , , , , 
2.0935385, 0.0102388, , , , , , , 2.0935385, -0.13579, , , , , , , 2.0935385, -0.0052033, , , , , , , 2.0935385, 0.0320592, , , , , , , , , , , , , , , , , , , , , , , , , , , , 
2.0940577, 0.0072175, , , , , , , 2.0940577, -0.1163195, , , , , , , 2.0940577, -0.0035248, , , , , , , 2.0940577, 0.033402, , , , , , , , , , , , , , , , , , , , , , , , , , , , 
2.0945769, 0.0099031, , , , , , , 2.0945769, -0.0720073, , , , , , , 2.0945769, 0.0008392, , , , , , , 2.0945769, 0.0293736, , , , , , , , , , , , , , , , , , , , , , , , , , , , 
2.0950962, 0.0097353, , , , , , , 2.0950962, -0.0518654, , , , , , , 2.0950962, 0.0105745, , , , , , , 2.0950962, 0.0246738, , , , , , , , , , , , , , , , , , , , , , , , , , , , 
2.0956154, 0.0097353, , , , , , , 2.0956154, -0.0404517, , , , , , , 2.0956154, 0.0196384, , , , , , , 2.0956154, 0.0219883, , , , , , , , , , , , , , , , , , , , , , , , , , , , 
2.0961346, 0.0129244, , , , , , , 2.0961346, -0.0297093, , , , , , , 2.0961346, 0.0206455, , , , , , , 2.0961346, 0.0240024, , , , , , , , , , , , , , , , , , , , , , , , , , , , 
2.0966538, 0.0166171, , , , , , , 2.0966538, -0.0421302, , , , , , , 2.0966538, 0.0191348, , , , , , , 2.0966538, 0.0276951, , , , , , , , , , , , , , , , , , , , , , , , , , , , 
2.0971731, 0.0179599, , , , , , , 2.0971731, -0.063447, , , , , , , 2.0971731, 0.0151064, , , , , , , 2.0971731, 0.0332341, , , , , , , , , , , , , , , , , , , , , , , , , , , , 
2.0976923, 0.014435, , , , , , , 2.0976923, -0.0602579, , , , , , , 2.0976923, 0.0105745, , , , , , , 2.0976923, 0.0421302, , , , , , , , , , , , , , , , , , , , , , , , , , , , 
2.0982115, 0.0112459, , , , , , , 2.0982115, -0.0327306, , , , , , , 2.0982115, 0.0075532, , , , , , , 2.0982115, 0.0565652, , , , , , , , , , , , , , , , , , , , , , , , , , , , 
2.0987308, 0.0137636, , , , , , , 2.0987308, -0.0005035, , , , , , , 2.0987308, 0.0043641, , , , , , , 2.0987308, 0.070161, , , , , , , , , , , , , , , , , , , , , , , , , , , , 
2.09925, 0.0169528, , , , , , , 2.09925, 0.0218204, , , , , , , 2.09925, 0.0015106, , , , , , , 2.09925, 0.0760357, , , , , , , , , , , , , , , , , , , , , , , , , , , , 
2.0997692, 0.0146029, , , , , , , 2.0997692, 0.0320592, , , , , , , 2.0997692, -0.0028534, , , , , , , 2.0997692, 0.0730144, , , , , , , , , , , , , , , , , , , , , , , , , , , , 
2.1002885, 0.0125887, , , , , , , 2.1002885, 0.0397803, , , , , , , 2.1002885, -0.011078, , , , , , , 2.1002885, 0.0622721, , , , , , , , , , , , , , , , , , , , , , , , , , , , 
2.1008077, 0.0132601, , , , , , , 2.1008077, 0.0495155, , , , , , , 2.1008077, -0.0243381, , , , , , , 2.1008077, 0.0464942, , , , , , , , , , , , , , , , , , , , , , , , , , , , 
2.1013269, 0.0166171, , , , , , , 2.1013269, 0.0595865, , , , , , , 2.1013269, -0.040116, , , , , , , 2.1013269, 0.0340734, , , , , , , , , , , , , , , , , , , , , , , , , , , , 
2.1018462, 0.0193027, , , , , , , 2.1018462, 0.0649577, , , , , , , 2.1018462, -0.0498512, , , , , , , 2.1018462, 0.026688, , , , , , , , , , , , , , , , , , , , , , , , , , , , 
2.1023654, 0.023331, , , , , , , 2.1023654, 0.0605936, , , , , , , 2.1023654, -0.0528725, , , , , , , 2.1023654, 0.0196384, , , , , , , , , , , , , , , , , , , , , , , , , , , , 
2.1028846, 0.0283665, , , , , , , 2.1028846, 0.0454871, , , , , , , 2.1028846, -0.0528725, , , , , , , 2.1028846, 0.0125887, , , , , , , , , , , , , , , , , , , , , , , , , , , , 
2.1034038, 0.0305486, , , , , , , 2.1034038, 0.0263523, , , , , , , 2.1034038, -0.0508583, , , , , , , 2.1034038, 0.0030213, , , , , , , , , , , , , , , , , , , , , , , , , , , , 
2.1039231, 0.0307164, , , , , , , 2.1039231, 0.0166171, , , , , , , 2.1039231, -0.0475013, , , , , , , 2.1039231, -0.0082246, , , , , , , , , , , , , , , , , , , , , , , , , , , , 
2.1044423, 0.0350805, , , , , , , 2.1044423, 0.0271916, , , , , , , 2.1044423, -0.0463264, , , , , , , 2.1044423, -0.0226596, , , , , , , , , , , , , , , , , , , , , , , , , , , , 
2.1049615, 0.0414588, , , , , , , 2.1049615, 0.0387732, , , , , , , 2.1049615, -0.0498512, , , , , , , 2.1049615, -0.0377661, , , , , , , , , , , , , , , , , , , , , , , , , , , , 
2.1054808, 0.0421302, , , , , , , 2.1054808, 0.027863, , , , , , , 2.1054808, -0.051194, , , , , , , 2.1054808, -0.0468299, , , , , , , , , , , , , , , , , , , , , , , , , , , , 
2.106, 0.0397803, , , , , , , 2.106, 0.0028534, , , , , , , 2.106, -0.0495155, , , , , , , 2.106, -0.0475013, , , , , , , , , , , , , , , , , , , , , , , , , , , , 
2.1065192, 0.033402, , , , , , , 2.1065192, -0.0109102, , , , , , , 2.1065192, -0.0438087, , , , , , , 2.1065192, -0.047837, , , , , , , , , , , , , , , , , , , , , , , , , , , , 
2.1070385, 0.0320592, , , , , , , 2.1070385, 0.005539, , , , , , , 2.1070385, -0.0381018, , , , , , , 2.1070385, -0.0475013, , , , , , , , , , , , , , , , , , , , , , , , , , , , 
2.1075577, 0.0340734, , , , , , , 2.1075577, 0.0481727, , , , , , , 2.1075577, -0.0307164, , , , , , , 2.1075577, -0.0411231, , , , , , , , , , , , , , , , , , , , , , , , , , , , 
2.1080769, 0.0330663, , , , , , , 2.1080769, 0.0683146, , , , , , , 2.1080769, -0.0182956, , , , , , , 2.1080769, -0.0340734, , , , , , , , , , , , , , , , , , , , , , , , , , , , 
2.1085962, 0.0298772, , , , , , , 2.1085962, 0.0476692, , , , , , , 2.1085962, -0.0052033, , , , , , , 2.1085962, -0.0271916, , , , , , , , , , , , , , , , , , , , , , , , , , , , 
2.1091154, 0.0236667, , , , , , , 2.1091154, 0.0206455, , , , , , , 2.1091154, 0.0035248, , , , , , , 2.1091154, -0.018967, , , , , , , , , , , , , , , , , , , , , , , , , , , , 
2.1096346, 0.0162814, , , , , , , 2.1096346, 0.0075532, , , , , , , 2.1096346, 0.0102388, , , , , , , 2.1096346, -0.0115816, , , , , , , , , , , , , , , , , , , , , , , , , , , , 
2.1101538, 0.0102388, , , , , , , 2.1101538, -0.0109102, , , , , , , 2.1101538, 0.0213169, , , , , , , 2.1101538, -0.0016785, , , , , , , , , , , , , , , , , , , , , , , , , , , , 
2.1106731, 0.0078889, , , , , , , 2.1106731, -0.0386053, , , , , , , 2.1106731, 0.0364233, , , , , , , 2.1106731, 0.0132601, , , , , , , , , , , , , , , , , , , , , , , , , , , , 
2.1111923, 0.0090639, , , , , , , 2.1111923, -0.0471656, , , , , , , 2.1111923, 0.0481727, , , , , , , 2.1111923, 0.033402, , , , , , , , , , , , , , , , , , , , , , , , , , , , 
2.1117115, 0.0058747, , , , , , , 2.1117115, -0.0204776, , , , , , , 2.1117115, 0.0565652, , , , , , , 2.1117115, 0.0548867, , , , , , , , , , , , , , , , , , , , , , , , , , , , 
2.1122308, -0.002182, , , , , , , 2.1122308, 0.0330663, , , , , , , 2.1122308, 0.0674754, , , , , , , 2.1122308, 0.0743572, , , , , , , , , , , , , , , , , , , , , , , , , , , , 
2.11275, -0.0120851, , , , , , , 2.11275, 0.0847639, , , , , , , 2.11275, 0.0780499, , , , , , , 2.11275, 0.0896315, , , , , , , , , , , , , , , , , , , , , , , , , , , , 
2.1132692, -0.0176242, , , , , , , 2.1132692, 0.0803998, , , , , , , 2.1132692, 0.079057, , , , , , , 2.1132692, 0.1028916, , , , , , , , , , , , , , , , , , , , , , , , , , , , 
2.1137885, -0.0172885, , , , , , , 2.1137885, 0.0508583, , , , , , , 2.1137885, 0.0683146, , , , , , , 2.1137885, 0.1117876, , , , , , , , , , , , , , , , , , , , , , , , , , , , 
2.1143077, -0.0203098, , , , , , , 2.1143077, 0.0614328, , , , , , , 2.1143077, 0.0485084, , , , , , , 2.1143077, 0.111284, , , , , , , , , , , , , , , , , , , , , , , , , , , , 
2.1148269, -0.0226596, , , , , , , 2.1148269, 0.0726787, , , , , , , 2.1148269, 0.026688, , , , , , , 2.1148269, 0.1003738, , , , , , , , , , , , , , , , , , , , , , , , , , , , 
2.1153462, -0.0213169, , , , , , , 2.1153462, 0.0320592, , , , , , , 2.1153462, 0.0085603, , , , , , , 2.1153462, 0.0827497, , , , , , , , , , , , , , , , , , , , , , , , , , , , 
2.1158654, -0.0172885, , , , , , , 2.1158654, -0.0471656, , , , , , , 2.1158654, -0.0025177, , , , , , , 2.1158654, 0.0647898, , , , , , , , , , , , , , , , , , , , , , , , , , , , 
2.1163846, -0.0167849, , , , , , , 2.1163846, -0.1161517, , , , , , , 2.1163846, -0.0082246, , , , , , , 2.1163846, 0.0495155, , , , , , , , , , , , , , , , , , , , , , , , , , , , 
2.1169038, -0.0243381, , , , , , , 2.1169038, -0.1438468, , , , , , , 2.1169038, -0.012253, , , , , , , 2.1169038, 0.0357519, , , , , , , , , , , , , , , , , , , , , , , , , , , , 
2.1174231, -0.0290379, , , , , , , 2.1174231, -0.1438468, , , , , , , 2.1174231, -0.0157778, , , , , , , 2.1174231, 0.0236667, , , , , , , , , , , , , , , , , , , , , , , , , , , , 
2.1179423, -0.0292058, , , , , , , 2.1179423, -0.1438468, , , , , , , 2.1179423, -0.0164492, , , , , , , 2.1179423, 0.0102388, , , , , , , , , , , , , , , , , , , , , , , , , , , , 
2.1184615, -0.0327306, , , , , , , 2.1184615, -0.144686, , , , , , , 2.1184615, -0.0172885, , , , , , , 2.1184615, -0.0008392, , , , , , , , , , , , , , , , , , , , , , , , , , , , 
2.1189808, -0.0359197, , , , , , , 2.1189808, -0.1277333, , , , , , , 2.1189808, -0.0193027, , , , , , , 2.1189808, -0.0077211, , , , , , , , , , , , , , , , , , , , , , , , , , , , 
2.1195, -0.0270237, , , , , , , 2.1195, -0.0881209, , , , , , , 2.1195, -0.0243381, , , , , , , 2.1195, -0.0132601, , , , , , , , , , , , , , , , , , , , , , , , , , , , 
2.1200192, -0.0109102, , , , , , , 2.1200192, -0.0337377, , , , , , , 2.1200192, -0.0325628, , , , , , , 2.1200192, -0.0182956, , , , , , , , , , , , , , , , , , , , , , , , , , , , 
2.1205385, 0.0048676, , , , , , , 2.1205385, 0.0146029, , , , , , , 2.1205385, -0.0391089, , , , , , , 2.1205385, -0.0216526, , , , , , , , , , , , , , , , , , , , , , , , , , , , 
2.1210577, 0.0166171, , , , , , , 2.1210577, 0.0340734, , , , , , , 2.1210577, -0.0417945, , , , , , , 2.1210577, -0.0250095, , , , , , , , , , , , , , , , , , , , , , , , , , , , 
2.1215769, 0.0226596, , , , , , , 2.1215769, 0.0280308, , , , , , , 2.1215769, -0.0407874, , , , , , , 2.1215769, -0.0273594, , , , , , , , , , , , , , , , , , , , , , , , , , , , 
2.1220962, 0.0292058, , , , , , , 2.1220962, 0.0196384, , , , , , , 2.1220962, -0.0379339, , , , , , , 2.1220962, -0.0290379, , , , , , , , , , , , , , , , , , , , , , , , , , , , 
2.1226154, 0.0339055, , , , , , , 2.1226154, 0.0142672, , , , , , , 2.1226154, -0.0340734, , , , , , , 2.1226154, -0.0263523, , , , , , , , , , , , , , , , , , , , , , , , , , , , 
2.1231346, 0.0327306, , , , , , , 2.1231346, 0.0072175, , , , , , , 2.1231346, -0.0276951, , , , , , , 2.1231346, -0.021149, , , , , , , , , , , , , , , , , , , , , , , , , , , , 
2.1236538, 0.0327306, , , , , , , 2.1236538, -0.0041962, , , , , , , 2.1236538, -0.0146029, , , , , , , 2.1236538, -0.0171206, , , , , , , , , , , , , , , , , , , , , , , , , , , , 
2.1241731, 0.0377661, , , , , , , 2.1241731, -0.0287022, , , , , , , 2.1241731, 0.0035248, , , , , , , 2.1241731, -0.0223239, , , , , , , , , , , , , , , , , , , , , , , , , , , , 
2.1246923, 0.0473335, , , , , , , 2.1246923, -0.0424659, , , , , , , 2.1246923, 0.0099031, , , , , , , 2.1246923, -0.0320592, , , , , , , , , , , , , , , , , , , , , , , , , , , , 
2.1252115, 0.0547189, , , , , , , 2.1252115, -0.0441444, , , , , , , 2.1252115, -0.0016785, , , , , , , 2.1252115, -0.0377661, , , , , , , , , , , , , , , , , , , , , , , , , , , , 
2.1257308, 0.0553902, , , , , , , 2.1257308, -0.0574044, , , , , , , 2.1257308, -0.008896, , , , , , , 2.1257308, -0.0384375, , , , , , , , , , , , , , , , , , , , , , , , , , , , 
2.12625, 0.0508583, , , , , , , 2.12625, -0.0538796, , , , , , , 2.12625, -0.0010071, , , , , , , 2.12625, -0.0345769, , , , , , , , , , , , , , , , , , , , , , , , , , , , 
2.1267692, 0.0468299, , , , , , , 2.1267692, 0.0035248, , , , , , , 2.1267692, 0.012253, , , , , , , 2.1267692, -0.0313878, , , , , , , , , , , , , , , , , , , , , , , , , , , , 
2.1272885, 0.0454871, , , , , , , 2.1272885, 0.0424659, , , , , , , 2.1272885, 0.0169528, , , , , , , 2.1272885, -0.0323949, , , , , , , , , , , , , , , , , , , , , , , , , , , , 
2.1278077, 0.0426337, , , , , , , 2.1278077, 0.0196384, , , , , , , 2.1278077, 0.0129244, , , , , , , 2.1278077, -0.0330663, , , , , , , , , , , , , , , , , , , , , , , , , , , , 
2.1283269, 0.0374304, , , , , , , 2.1283269, -0.0082246, , , , , , , 2.1283269, 0.0159457, , , , , , , 2.1283269, -0.0280308, , , , , , , , , , , , , , , , , , , , , , , , , , , , 
2.1288462, 0.0317235, , , , , , , 2.1288462, 0.0052033, , , , , , , 2.1288462, 0.03122, , , , , , , 2.1288462, -0.0176242, , , , , , , , , , , , , , , , , , , , , , , , , , , , 
2.1293654, 0.0283665, , , , , , , 2.1293654, 0.0407874, , , , , , , 2.1293654, 0.0407874, , , , , , , 2.1293654, -0.0082246, , , , , , , , , , , , , , , , , , , , , , , , , , , , 
2.1298846, 0.0283665, , , , , , , 2.1298846, 0.0473335, , , , , , , 2.1298846, 0.0387732, , , , , , , 2.1298846, -0.0010071, , , , , , , , , , , , , , , , , , , , , , , , , , , , 
2.1304038, 0.030045, , , , , , , 2.1304038, 0.0105745, , , , , , , 2.1304038, 0.0303807, , , , , , , 2.1304038, 0.0065461, , , , , , , , , , , , , , , , , , , , , , , , , , , , 
2.1309231, 0.026688, , , , , , , 2.1309231, -0.0276951, , , , , , , 2.1309231, 0.023331, , , , , , , 2.1309231, 0.0159457, , , , , , , , , , , , , , , , , , , , , , , , , , , , 
2.1314423, 0.018967, , , , , , , 2.1314423, -0.0397803, , , , , , , 2.1314423, 0.0243381, , , , , , , 2.1314423, 0.023331, , , , , , , , , , , , , , , , , , , , , , , , , , , , 
2.1319615, 0.0142672, , , , , , , 2.1319615, -0.0438087, , , , , , , 2.1319615, 0.0347448, , , , , , , 2.1319615, 0.0276951, , , , , , , , , , , , , , , , , , , , , , , , , , , , 
2.1324808, 0.0117494, , , , , , , 2.1324808, -0.0548867, , , , , , , 2.1324808, 0.0387732, , , , , , , 2.1324808, 0.0340734, , , , , , , , , , , , , , , , , , , , , , , , , , , , 
2.133, 0.0105745, , , , , , , 2.133, -0.0595865, , , , , , , 2.133, 0.040116, , , , , , , 2.133, 0.0407874, , , , , , , , , , , , , , , , , , , , , , , , , , , , 
2.1335192, 0.0125887, , , , , , , 2.1335192, -0.0503548, , , , , , , 2.1335192, 0.0461585, , , , , , , 2.1335192, 0.0461585, , , , , , , , , , , , , , , , , , , , , , , , , , , , 
2.1340385, 0.0182956, , , , , , , 2.1340385, -0.0344091, , , , , , , 2.1340385, 0.036759, , , , , , , 2.1340385, 0.0488441, , , , , , , , , , , , , , , , , , , , , , , , , , , , 
2.1345577, 0.0238346, , , , , , , 2.1345577, -0.0216526, , , , , , , 2.1345577, 0.0129244, , , , , , , 2.1345577, 0.0468299, , , , , , , , , , , , , , , , , , , , , , , , , , , , 
2.1350769, 0.0287022, , , , , , , 2.1350769, -0.0206455, , , , , , , 2.1350769, -0.0065461, , , , , , , 2.1350769, 0.0407874, , , , , , , , , , , , , , , , , , , , , , , , , , , , 
2.1355962, 0.033402, , , , , , , 2.1355962, -0.0223239, , , , , , , 2.1355962, -0.0223239, , , , , , , 2.1355962, 0.0323949, , , , , , , , , , , , , , , , , , , , , , , , , , , , 
2.1361154, 0.0379339, , , , , , , 2.1361154, -0.0146029, , , , , , , 2.1361154, -0.0407874, , , , , , , 2.1361154, 0.0260166, , , , , , , , , , , , , , , , , , , , , , , , , , , , 
2.1366346, 0.0417945, , , , , , , 2.1366346, 0.0052033, , , , , , , 2.1366346, -0.0636149, , , , , , , 2.1366346, 0.0213169, , , , , , , , , , , , , , , , , , , , , , , , , , , , 
2.1371538, 0.0392767, , , , , , , 2.1371538, 0.0342412, , , , , , , 2.1371538, -0.0924849, , , , , , , 2.1371538, 0.0179599, , , , , , , , , , , , , , , , , , , , , , , , , , , , 
2.1376731, 0.0263523, , , , , , , 2.1376731, 0.0605936, , , , , , , 2.1376731, -0.1230335, , , , , , , 2.1376731, 0.0159457, , , , , , , , , , , , , , , , , , , , , , , , , , , , 
2.1381923, 0.0226596, , , , , , , 2.1381923, 0.0656291, , , , , , , 2.1381923, -0.149218, , , , , , , 2.1381923, 0.0135958, , , , , , , , , , , , , , , , , , , , , , , , , , , , 
2.1387115, 0.0313878, , , , , , , 2.1387115, 0.0414588, , , , , , , 2.1387115, -0.1613031, , , , , , , 2.1387115, 0.012253, , , , , , , , , , , , , , , , , , , , , , , , , , , , 
2.1392308, 0.0347448, , , , , , , 2.1392308, 0.0025177, , , , , , , 2.1392308, -0.1579461, , , , , , , 2.1392308, 0.0119173, , , , , , , , , , , , , , , , , , , , , , , , , , , , 
2.13975, 0.0293736, , , , , , , 2.13975, -0.0310521, , , , , , , 2.13975, -0.1472038, , , , , , , 2.13975, 0.0125887, , , , , , , , , , , , , , , , , , , , , , , , , , , , 
2.1402692, 0.0280308, , , , , , , 2.1402692, -0.0337377, , , , , , , 2.1402692, -0.1332723, , , , , , , 2.1402692, 0.0139315, , , , , , , , , , , , , , , , , , , , , , , , , , , , 
2.1407885, 0.0325628, , , , , , , 2.1407885, -0.0015106, , , , , , , 2.1407885, -0.114641, , , , , , , 2.1407885, 0.0152743, , , , , , , , , , , , , , , , , , , , , , , , , , , , 
2.1413077, 0.0290379, , , , , , , 2.1413077, 0.0344091, , , , , , , 2.1413077, -0.0941634, , , , , , , 2.1413077, 0.0159457, , , , , , , , , , , , , , , , , , , , , , , , , , , , 
2.1418269, 0.01561, , , , , , , 2.1418269, 0.0508583, , , , , , , 2.1418269, -0.0755322, , , , , , , 2.1418269, 0.0159457, , , , , , , , , , , , , , , , , , , , , , , , , , , , 
2.1423462, 0.0018463, , , , , , , 2.1423462, 0.0686503, , , , , , , 2.1423462, -0.0659648, , , , , , , 2.1423462, 0.0193027, , , , , , , , , , , , , , , , , , , , , , , , , , , , 
2.1428654, -0.0028534, , , , , , , 2.1428654, 0.0743572, , , , , , , 2.1428654, -0.0659648, , , , , , , 2.1428654, 0.0263523, , , , , , , , , , , , , , , , , , , , , , , , , , , , 
2.1433846, -0.0008392, , , , , , , 2.1433846, 0.0411231, , , , , , , 2.1433846, -0.0636149, , , , , , , 2.1433846, 0.0397803, , , , , , , , , , , , , , , , , , , , , , , , , , , , 
2.1439038, 0.0006714, , , , , , , 2.1439038, 0.0240024, , , , , , , 2.1439038, -0.0528725, , , , , , , 2.1439038, 0.0575723, , , , , , , , , , , , , , , , , , , , , , , , , , , , 
2.1444231, -0.0015106, , , , , , , 2.1444231, 0.0344091, , , , , , , 2.1444231, -0.0327306, , , , , , , 2.1444231, 0.0699931, , , , , , , , , , , , , , , , , , , , , , , , , , , , 
2.1449423, -0.005539, , , , , , , 2.1449423, 0.024506, , , , , , , 2.1449423, -0.0085603, , , , , , , 2.1449423, 0.0720073, , , , , , , , , , , , , , , , , , , , , , , , , , , , 
2.1454615, -0.0112459, , , , , , , 2.1454615, -0.0231632, , , , , , , 2.1454615, 0.012253, , , , , , , 2.1454615, 0.0652934, , , , , , , , , , , , , , , , , , , , , , , , , , , , 
2.1459808, -0.0159457, , , , , , , 2.1459808, -0.0746929, , , , , , , 2.1459808, 0.0260166, , , , , , , 2.1459808, 0.0548867, , , , , , , , , , , , , , , , , , , , , , , , , , , , 
2.1465, -0.0162814, , , , , , , 2.1465, -0.0753643, , , , , , , 2.1465, 0.036759, , , , , , , 2.1465, 0.0428016, , , , , , , , , , , , , , , , , , , , , , , , , , , , 
2.1470192, -0.0140993, , , , , , , 2.1470192, -0.0453193, , , , , , , 2.1470192, 0.0464942, , , , , , , 2.1470192, 0.0271916, , , , , , , , , , , , , , , , , , , , , , , , , , , , 
2.1475385, -0.008896, , , , , , , 2.1475385, -0.0251774, , , , , , , 2.1475385, 0.0535439, , , , , , , 2.1475385, 0.0119173, , , , , , , , , , , , , , , , , , , , , , , , , , , , 
2.1480577, -0.0005035, , , , , , , 2.1480577, -0.0240024, , , , , , , 2.1480577, 0.0535439, , , , , , , 2.1480577, 0.0036927, , , , , , , , , , , , , , , , , , , , , , , , , , , , 
2.1485769, 0.005539, , , , , , , 2.1485769, -0.0391089, , , , , , , 2.1485769, 0.0471656, , , , , , , 2.1485769, -0.002182, , , , , , , , , , , , , , , , , , , , , , , , , , , , 
2.1490962, 0.0072175, , , , , , , 2.1490962, -0.057908, , , , , , , 2.1490962, 0.0381018, , , , , , , 2.1490962, -0.0075532, , , , , , , , , , , , , , , , , , , , , , , , , , , , 
2.1496154, 0.0095674, , , , , , , 2.1496154, -0.0654612, , , , , , , 2.1496154, 0.0374304, , , , , , , 2.1496154, -0.0102388, , , , , , , , , , , , , , , , , , , , , , , , , , , , 
2.1501346, 0.0112459, , , , , , , 2.1501346, -0.0589151, , , , , , , 2.1501346, 0.0481727, , , , , , , 2.1501346, -0.0135958, , , , , , , , , , , , , , , , , , , , , , , , , , , , 
2.1506538, 0.0097353, , , , , , , 2.1506538, -0.0468299, , , , , , , 2.1506538, 0.0528725, , , , , , , 2.1506538, -0.0176242, , , , , , , , , , , , , , , , , , , , , , , , , , , , 
2.1511731, 0.0095674, , , , , , , 2.1511731, -0.0397803, , , , , , , 2.1511731, 0.0468299, , , , , , , 2.1511731, -0.01561, , , , , , , , , , , , , , , , , , , , , , , , , , , , 
2.1516923, 0.0125887, , , , , , , 2.1516923, -0.0377661, , , , , , , 2.1516923, 0.0441444, , , , , , , 2.1516923, -0.008896, , , , , , , , , , , , , , , , , , , , , , , , , , , , 
2.1522115, 0.0112459, , , , , , , 2.1522115, -0.0303807, , , , , , , 2.1522115, 0.0357519, , , , , , , 2.1522115, 0.0010071, , , , , , , , , , , , , , , , , , , , , , , , , , , , 
2.1527308, 0.0038605, , , , , , , 2.1527308, -0.0176242, , , , , , , 2.1527308, 0.0199741, , , , , , , 2.1527308, 0.0112459, , , , , , , , , , , , , , , , , , , , , , , , , , , , 
2.15325, -0.0028534, , , , , , , 2.15325, -0.005539, , , , , , , 2.15325, 0.0065461, , , , , , , 2.15325, 0.018967, , , , , , , , , , , , , , , , , , , , , , , , , , , , 
2.1537692, -0.002182, , , , , , , 2.1537692, 0.0052033, , , , , , , 2.1537692, 0.0025177, , , , , , , 2.1537692, 0.0250095, , , , , , , , , , , , , , , , , , , , , , , , , , , , 
2.1542885, 0.0065461, , , , , , , 2.1542885, 0.0162814, , , , , , , 2.1542885, 0.0104067, , , , , , , 2.1542885, 0.0287022, , , , , , , , , , , , , , , , , , , , , , , , , , , , 
2.1548077, 0.0099031, , , , , , , 2.1548077, 0.0253452, , , , , , , 2.1548077, 0.0293736, , , , , , , 2.1548077, 0.0280308, , , , , , , , , , , , , , , , , , , , , , , , , , , , 
2.1553269, 0.0105745, , , , , , , 2.1553269, 0.0276951, , , , , , , 2.1553269, 0.0508583, , , , , , , 2.1553269, 0.0243381, , , , , , , , , , , , , , , , , , , , , , , , , , , , 
2.1558462, 0.0117494, , , , , , , 2.1558462, 0.0250095, , , , , , , 2.1558462, 0.0629435, , , , , , , 2.1558462, 0.023331, , , , , , , , , , , , , , , , , , , , , , , , , , , , 
2.1563654, 0.0115816, , , , , , , 2.1563654, 0.0240024, , , , , , , 2.1563654, 0.0656291, , , , , , , 2.1563654, 0.0260166, , , , , , , , , , , , , , , , , , , , , , , , , , , , 
2.1568846, 0.0072175, , , , , , , 2.1568846, 0.0243381, , , , , , , 2.1568846, 0.0636149, , , , , , , 2.1568846, 0.0276951, , , , , , , , , , , , , , , , , , , , , , , , , , , , 
2.1574038, 0.0010071, , , , , , , 2.1574038, 0.0182956, , , , , , , 2.1574038, 0.0555581, , , , , , , 2.1574038, 0.0260166, , , , , , , , , , , , , , , , , , , , , , , , , , , , 
2.1579231, -0.0003357, , , , , , , 2.1579231, 0.0102388, , , , , , , 2.1579231, 0.0454871, , , , , , , 2.1579231, 0.0276951, , , , , , , , , , , , , , , , , , , , , , , , , , , , 
2.1584423, 0.0041962, , , , , , , 2.1584423, 0.008896, , , , , , , 2.1584423, 0.0330663, , , , , , , 2.1584423, 0.0318914, , , , , , , , , , , , , , , , , , , , , , , , , , , , 
2.1589615, 0.0139315, , , , , , , 2.1589615, 0.0072175, , , , , , , 2.1589615, 0.0209812, , , , , , , 2.1589615, 0.0382696, , , , , , , , , , , , , , , , , , , , , , , , , , , , 
2.1594808, 0.0238346, , , , , , , 2.1594808, 0.0092317, , , , , , , 2.1594808, 0.0078889, , , , , , , 2.1594808, 0.0407874, , , , , , , , , , , , , , , , , , , , , , , , , , , , 
2.16, 0.0273594, , , , , , , 2.16, 0.0065461, , , , , , , 2.16, -0.0082246, , , , , , , 2.16, 0.0352483, , , , , , , , , , , , , , , , , , , , , , , , , , , , 
2.1605192, 0.0246738, , , , , , , 2.1605192, -0.0065461, , , , , , , 2.1605192, -0.0276951, , , , , , , 2.1605192, 0.024506, , , , , , , , , , , , , , , , , , , , , , , , , , , , 
2.1610385, 0.0243381, , , , , , , 2.1610385, -0.0068818, , , , , , , 2.1610385, -0.051194, , , , , , , 2.1610385, 0.0149386, , , , , , , , , , , , , , , , , , , , , , , , , , , , 
2.1615577, 0.0285344, , , , , , , 2.1615577, 0.0231632, , , , , , , 2.1615577, -0.0743572, , , , , , , 2.1615577, 0.0083925, , , , , , , , , , , , , , , , , , , , , , , , , , , , 
2.1620769, 0.0290379, , , , , , , 2.1620769, 0.0762036, , , , , , , 2.1620769, -0.0840925, , , , , , , 2.1620769, 0.0038605, , , , , , , , , , , , , , , , , , , , , , , , , , , , 
2.1625962, 0.0287022, , , , , , , 2.1625962, 0.1149767, , , , , , , 2.1625962, -0.0810712, , , , , , , 2.1625962, 0.0015106, , , , , , , , , , , , , , , , , , , , , , , , , , , , 
2.1631154, 0.0313878, , , , , , , 2.1631154, 0.1077592, , , , , , , 2.1631154, -0.0698253, , , , , , , 2.1631154, -0.0005035, , , , , , , , , , , , , , , , , , , , , , , , , , , , 
2.1636346, 0.0359197, , , , , , , 2.1636346, 0.0659648, , , , , , , 2.1636346, -0.051194, , , , , , , 2.1636346, -0.0070497, , , , , , , , , , , , , , , , , , , , , , , , , , , , 
2.1641538, 0.0414588, , , , , , , 2.1641538, 0.0236667, , , , , , , 2.1641538, -0.0305486, , , , , , , 2.1641538, -0.0191348, , , , , , , , , , , , , , , , , , , , , , , , , , , , 
2.1646731, 0.0464942, , , , , , , 2.1646731, 0.0130922, , , , , , , 2.1646731, -0.0236667, , , , , , , 2.1646731, -0.0350805, , , , , , , , , , , , , , , , , , , , , , , , , , , , 
2.1651923, 0.0500191, , , , , , , 2.1651923, 0.0317235, , , , , , , 2.1651923, -0.0283665, , , , , , , 2.1651923, -0.0488441, , , , , , , , , , , , , , , , , , , , , , , , , , , , 
2.1657115, 0.0527047, , , , , , , 2.1657115, 0.0360876, , , , , , , 2.1657115, -0.0394446, , , , , , , 2.1657115, -0.0538796, , , , , , , , , , , , , , , , , , , , , , , , , , , , 
2.1662308, 0.0552224, , , , , , , 2.1662308, 0.0105745, , , , , , , 2.1662308, -0.0505226, , , , , , , 2.1662308, -0.0552224, , , , , , , , , , , , , , , , , , , , , , , , , , , , 
2.16675, 0.0538796, , , , , , , 2.16675, -0.0290379, , , , , , , 2.16675, -0.0542153, , , , , , , 2.16675, -0.0555581, , , , , , , , , , , , , , , , , , , , , , , , , , , , 
2.1672692, 0.0481727, , , , , , , 2.1672692, -0.04448, , , , , , , 2.1672692, -0.0495155, , , , , , , 2.1672692, -0.0518654, , , , , , , , , , , , , , , , , , , , , , , , , , , , 
2.1677885, 0.0407874, , , , , , , 2.1677885, -0.0542153, , , , , , , 2.1677885, -0.0364233, , , , , , , 2.1677885, -0.0431373, , , , , , , , , , , , , , , , , , , , , , , , , , , , 
2.1683077, 0.0303807, , , , , , , 2.1683077, -0.1347829, , , , , , , 2.1683077, -0.018967, , , , , , , 2.1683077, -0.0310521, , , , , , , , , , , , , , , , , , , , , , , , , , , , 
2.1688269, 0.0166171, , , , , , , 2.1688269, -0.2284428, , , , , , , 2.1688269, 0.0068818, , , , , , , 2.1688269, -0.0182956, , , , , , , , , , , , , , , , , , , , , , , , , , , , 
2.1693462, 0.0030213, , , , , , , 2.1693462, -0.2197147, , , , , , , 2.1693462, 0.0381018, , , , , , , 2.1693462, -0.0082246, , , , , , , , , , , , , , , , , , , , , , , , , , , , 
2.1698654, -0.0015106, , , , , , , 2.1698654, -0.1196765, , , , , , , 2.1698654, 0.0639506, , , , , , , 2.1698654, 0.0031891, , , , , , , , , , , , , , , , , , , , , , , , , , , , 
2.1703846, -0.0008392, , , , , , , 2.1703846, -0.0218204, , , , , , , 2.1703846, 0.0763714, , , , , , , 2.1703846, 0.01561, , , , , , , , , , , , , , , , , , , , , , , , , , , , 
2.1709038, -0.0005035, , , , , , , 2.1709038, 0.0223239, , , , , , , 2.1709038, 0.0710002, , , , , , , 2.1709038, 0.023331, , , , , , , , , , , , , , , , , , , , , , , , , , , , 
2.1714231, 0.0003357, , , , , , , 2.1714231, 0.0216526, , , , , , , 2.1714231, 0.0518654, , , , , , , 2.1714231, 0.026688, , , , , , , , , , , , , , , , , , , , , , , , , , , , 
2.1719423, -0.0010071, , , , , , , 2.1719423, 0.0011749, , , , , , , 2.1719423, 0.030045, , , , , , , 2.1719423, 0.0307164, , , , , , , , , , , , , , , , , , , , , , , , , , , , 
2.1724615, -0.0038605, , , , , , , 2.1724615, -0.0303807, , , , , , , 2.1724615, 0.0097353, , , , , , , 2.1724615, 0.036759, , , , , , , , , , , , , , , , , , , , , , , , , , , , 
2.1729808, -0.0075532, , , , , , , 2.1729808, -0.0585794, , , , , , , 2.1729808, -0.0078889, , , , , , , 2.1729808, 0.0411231, , , , , , , , , , , , , , , , , , , , , , , , , , , , 
2.1735, -0.0109102, , , , , , , 2.1735, -0.0710002, , , , , , , 2.1735, -0.0229953, , , , , , , 2.1735, 0.0441444, , , , , , , , , , , , , , , , , , , , , , , , , , , , 
2.1740192, -0.0115816, , , , , , , 2.1740192, -0.0713359, , , , , , , 2.1740192, -0.0357519, , , , , , , 2.1740192, 0.043473, , , , , , , , , , , , , , , , , , , , , , , , , , , , 
2.1745385, -0.0114137, , , , , , , 2.1745385, -0.0498512, , , , , , , 2.1745385, -0.0424659, , , , , , , 2.1745385, 0.0377661, , , , , , , , , , , , , , , , , , , , , , , , , , , , 
2.1750577, -0.0095674, , , , , , , 2.1750577, -0.0025177, , , , , , , 2.1750577, -0.0424659, , , , , , , 2.1750577, 0.0283665, , , , , , , , , , , , , , , , , , , , , , , , , , , , 
2.1755769, -0.0025177, , , , , , , 2.1755769, 0.0360876, , , , , , , 2.1755769, -0.0394446, , , , , , , 2.1755769, 0.0240024, , , , , , , , , , , , , , , , , , , , , , , , , , , , 
2.1760962, 0.0099031, , , , , , , 2.1760962, 0.0438087, , , , , , , 2.1760962, -0.0327306, , , , , , , 2.1760962, 0.0280308, , , , , , , , , , , , , , , , , , , , , , , , , , , , 
2.1766154, 0.0169528, , , , , , , 2.1766154, 0.0280308, , , , , , , 2.1766154, -0.0229953, , , , , , , 2.1766154, 0.0293736, , , , , , , , , , , , , , , , , , , , , , , , , , , , 
2.1771346, 0.0186313, , , , , , , 2.1771346, 0.0058747, , , , , , , 2.1771346, -0.0125887, , , , , , , 2.1771346, 0.0276951, , , , , , , , , , , , , , , , , , , , , , , , , , , , 
2.1776538, 0.0219883, , , , , , , 2.1776538, -0.0132601, , , , , , , 2.1776538, -0.005539, , , , , , , 2.1776538, 0.0253452, , , , , , , , , , , , , , , , , , , , , , , , , , , , 
2.1781731, 0.0240024, , , , , , , 2.1781731, -0.0270237, , , , , , , 2.1781731, -0.0041962, , , , , , , 2.1781731, 0.0218204, , , , , , , , , , , , , , , , , , , , , , , , , , , , 
2.1786923, 0.0253452, , , , , , , 2.1786923, -0.0337377, , , , , , , 2.1786923, -0.005539, , , , , , , 2.1786923, 0.0172885, , , , , , , , , , , , , , , , , , , , , , , , , , , , 
2.1792115, 0.0226596, , , , , , , 2.1792115, -0.0354162, , , , , , , 2.1792115, -0.0065461, , , , , , , 2.1792115, 0.0105745, , , , , , , , , , , , , , , , , , , , , , , , , , , , 
2.1797308, 0.0172885, , , , , , , 2.1797308, -0.0377661, , , , , , , 2.1797308, -0.0015106, , , , , , , 2.1797308, 0.0025177, , , , , , , , , , , , , , , , , , , , , , , , , , , , 
2.18025, 0.0182956, , , , , , , 2.18025, -0.0404517, , , , , , , 2.18025, 0.0068818, , , , , , , 2.18025, -0.0075532, , , , , , , , , , , , , , , , , , , , , , , , , , , , 
2.1807692, 0.0250095, , , , , , , 2.1807692, -0.0323949, , , , , , , 2.1807692, 0.0179599, , , , , , , 2.1807692, -0.0162814, , , , , , , , , , , , , , , , , , , , , , , , , , , , 
2.1812885, 0.030045, , , , , , , 2.1812885, -0.0109102, , , , , , , 2.1812885, 0.023331, , , , , , , 2.1812885, -0.0196384, , , , , , , , , , , , , , , , , , , , , , , , , , , , 
2.1818077, 0.0280308, , , , , , , 2.1818077, 0.0125887, , , , , , , 2.1818077, 0.0226596, , , , , , , 2.1818077, -0.0196384, , , , , , , , , , , , , , , , , , , , , , , , , , , , 
2.1823269, 0.0246738, , , , , , , 2.1823269, 0.030045, , , , , , , 2.1823269, 0.018967, , , , , , , 2.1823269, -0.018967, , , , , , , , , , , , , , , , , , , , , , , , , , , , 
2.1828462, 0.0209812, , , , , , , 2.1828462, 0.0436408, , , , , , , 2.1828462, 0.0154421, , , , , , , 2.1828462, -0.0199741, , , , , , , , , , , , , , , , , , , , , , , , , , , , 
2.1833654, 0.0219883, , , , , , , 2.1833654, 0.0414588, , , , , , , 2.1833654, 0.0125887, , , , , , , 2.1833654, -0.018967, , , , , , , , , , , , , , , , , , , , , , , , , , , , 
2.1838846, 0.0253452, , , , , , , 2.1838846, 0.0169528, , , , , , , 2.1838846, 0.0105745, , , , , , , 2.1838846, -0.0152743, , , , , , , , , , , , , , , , , , , , , , , , , , , , 
2.1844038, 0.0292058, , , , , , , 2.1844038, -0.002182, , , , , , , 2.1844038, 0.008896, , , , , , , 2.1844038, -0.0142672, , , , , , , , , , , , , , , , , , , , , , , , , , , , 
2.1849231, 0.0354162, , , , , , , 2.1849231, -0.0082246, , , , , , , 2.1849231, 0.0063783, , , , , , , 2.1849231, -0.0172885, , , , , , , , , , , , , , , , , , , , , , , , , , , , 
2.1854423, 0.0369268, , , , , , , 2.1854423, -0.0216526, , , , , , , 2.1854423, 0.0015106, , , , , , , 2.1854423, -0.0139315, , , , , , , , , , , , , , , , , , , , , , , , , , , , 
2.1859615, 0.0340734, , , , , , , 2.1859615, -0.0350805, , , , , , , 2.1859615, -0.0048676, , , , , , , 2.1859615, -0.0038605, , , , , , , , , , , , , , , , , , , , , , , , , , , , 
2.1864808, 0.030045, , , , , , , 2.1864808, -0.0083925, , , , , , , 2.1864808, -0.0095674, , , , , , , 2.1864808, 0.0072175, , , , , , , , , , , , , , , , , , , , , , , , , , , , 
2.187, 0.024506, , , , , , , 2.187, 0.0431373, , , , , , , 2.187, -0.011078, , , , , , , 2.187, 0.0166171, , , , , , , , , , , , , , , , , , , , , , , , , , , , 
2.1875192, 0.0179599, , , , , , , 2.1875192, 0.0449836, , , , , , , 2.1875192, -0.017792, , , , , , , 2.1875192, 0.0218204, , , , , , , , , , , , , , , , , , , , , , , , , , , , 
2.1880385, 0.014435, , , , , , , 2.1880385, -0.0092317, , , , , , , 2.1880385, -0.0340734, , , , , , , 2.1880385, 0.0256809, , , , , , , , , , , , , , , , , , , , , , , , , , , , 
2.1885577, 0.0092317, , , , , , , 2.1885577, -0.0495155, , , , , , , 2.1885577, -0.0609293, , , , , , , 2.1885577, 0.0318914, , , , , , , , , , , , , , , , , , , , , , , , , , , , 
2.1890769, -0.0025177, , , , , , , 2.1890769, -0.0162814, , , , , , , 2.1890769, -0.0783856, , , , , , , 2.1890769, 0.0384375, , , , , , , , , , , , , , , , , , , , , , , , , , , , 
2.1895962, -0.0099031, , , , , , , 2.1895962, 0.040116, , , , , , , 2.1895962, -0.0757, , , , , , , 2.1895962, 0.0428016, , , , , , , , , , , , , , , , , , , , , , , , , , , , 
2.1901154, -0.0135958, , , , , , , 2.1901154, 0.0417945, , , , , , , 2.1901154, -0.0629435, , , , , , , 2.1901154, 0.0459907, , , , , , , , , , , , , , , , , , , , , , , , , , , , 
2.1906346, -0.0182956, , , , , , , 2.1906346, 0.0105745, , , , , , , 2.1906346, -0.0495155, , , , , , , 2.1906346, 0.0501869, , , , , , , , , , , , , , , , , , , , , , , , , , , , 
2.1911538, -0.0263523, , , , , , , 2.1911538, 0.008896, , , , , , , 2.1911538, -0.0345769, , , , , , , 2.1911538, 0.0616007, , , , , , , , , , , , , , , , , , , , , , , , , , , , 
2.1916731, -0.0297093, , , , , , , 2.1916731, 0.0320592, , , , , , , 2.1916731, -0.018967, , , , , , , 2.1916731, 0.0822461, , , , , , , , , , , , , , , , , , , , , , , , , , , , 
2.1921923, -0.0283665, , , , , , , 2.1921923, 0.0619364, , , , , , , 2.1921923, -0.0107424, , , , , , , 2.1921923, 0.1015488, , , , , , , , , , , , , , , , , , , , , , , , , , , , 
2.1927115, -0.0293736, , , , , , , 2.1927115, 0.0840925, , , , , , , 2.1927115, -0.008896, , , , , , , 2.1927115, 0.1104448, , , , , , , , , , , , , , , , , , , , , , , , , , , , 
2.1932308, -0.0307164, , , , , , , 2.1932308, 0.0975204, , , , , , , 2.1932308, -0.0065461, , , , , , , 2.1932308, 0.1072557, , , , , , , , , , , , , , , , , , , , , , , , , , , , 
2.19375, -0.0256809, , , , , , , 2.19375, 0.1163195, , , , , , , 2.19375, -0.0050355, , , , , , , 2.19375, 0.0991989, , , , , , , , , , , , , , , , , , , , , , , , , , , , 
2.1942692, -0.0176242, , , , , , , 2.1942692, 0.1096056, , , , , , , 2.1942692, -0.0031891, , , , , , , 2.1942692, 0.0862745, , , , , , , , , , , , , , , , , , , , , , , , , , , , 
2.1947885, -0.0075532, , , , , , , 2.1947885, 0.0498512, , , , , , , 2.1947885, 0.0011749, , , , , , , 2.1947885, 0.0666361, , , , , , , , , , , , , , , , , , , , , , , , , , , , 
2.1953077, -0.0028534, , , , , , , 2.1953077, -0.0204776, , , , , , , 2.1953077, 0.0070497, , , , , , , 2.1953077, 0.0454871, , , , , , , , , , , , , , , , , , , , , , , , , , , , 
2.1958269, 0.0005035, , , , , , , 2.1958269, -0.0659648, , , , , , , 2.1958269, 0.0132601, , , , , , , 2.1958269, 0.0273594, , , , , , , , , , , , , , , , , , , , , , , , , , , , 
2.1963462, 0.005539, , , , , , , 2.1963462, -0.0874495, , , , , , , 2.1963462, 0.0172885, , , , , , , 2.1963462, 0.0142672, , , , , , , , , , , , , , , , , , , , , , , , , , , , 
2.1968654, 0.0099031, , , , , , , 2.1968654, -0.0944991, , , , , , , 2.1968654, 0.0135958, , , , , , , 2.1968654, 0.0018463, , , , , , , , , , , , , , , , , , , , , , , , , , , , 
2.1973846, 0.0129244, , , , , , , 2.1973846, -0.0995346, , , , , , , 2.1973846, 0.0038605, , , , , , , 2.1973846, -0.008896, , , , , , , , , , , , , , , , , , , , , , , , , , , , 
2.1979038, 0.01561, , , , , , , 2.1979038, -0.0928206, , , , , , , 2.1979038, -0.0001678, , , , , , , 2.1979038, -0.0196384, , , , , , , , , , , , , , , , , , , , , , , , , , , , 
2.1984231, 0.0186313, , , , , , , 2.1984231, -0.0797284, , , , , , , 2.1984231, 0.0015106, , , , , , , 2.1984231, -0.0276951, , , , , , , , , , , , , , , , , , , , , , , , , , , , 
2.1989423, 0.0236667, , , , , , , 2.1989423, -0.0976883, , , , , , , 2.1989423, 0.0011749, , , , , , , 2.1989423, -0.0313878, , , , , , , , , , , , , , , , , , , , , , , , , , , , 
2.1994615, 0.0253452, , , , , , , 2.1994615, -0.1337758, , , , , , , 2.1994615, -0.0045319, , , , , , , 2.1994615, -0.0318914, , , , , , , , , , , , , , , , , , , , , , , , , , , , 
2.1999808, 0.0219883, , , , , , , 2.1999808, -0.1309224, , , , , , , 2.1999808, -0.0169528, , , , , , , 2.1999808, -0.0290379, , , , , , , , , , , , , , , , , , , , , , , , , , , , 
2.2005, 0.0203098, , , , , , , 2.2005, -0.0861067, , , , , , , 2.2005, -0.0236667, , , , , , , 2.2005, -0.0240024, , , , , , , , , , , , , , , , , , , , , , , , , , , , 
2.2010192, 0.0226596, , , , , , , 2.2010192, -0.0297093, , , , , , , 2.2010192, -0.0209812, , , , , , , 2.2010192, -0.0196384, , , , , , , , , , , , , , , , , , , , , , , , , , , , 
2.2015385, 0.0287022, , , , , , , 2.2015385, 0.0119173, , , , , , , 2.2015385, -0.0166171, , , , , , , 2.2015385, -0.0159457, , , , , , , , , , , , , , , , , , , , , , , , , , , , 
2.2020577, 0.0325628, , , , , , , 2.2020577, 0.0253452, , , , , , , 2.2020577, -0.01561, , , , , , , 2.2020577, -0.0129244, , , , , , , , , , , , , , , , , , , , , , , , , , , , 
2.2025769, 0.0283665, , , , , , , 2.2025769, 0.0414588, , , , , , , 2.2025769, -0.0115816, , , , , , , 2.2025769, -0.0115816, , , , , , , , , , , , , , , , , , , , , , , , , , , , 
2.2030962, 0.0216526, , , , , , , 2.2030962, 0.066804, , , , , , , 2.2030962, 0.0010071, , , , , , , 2.2030962, -0.0070497, , , , , , , , , , , , , , , , , , , , , , , , , , , , 
2.2036154, 0.0196384, , , , , , , 2.2036154, 0.0639506, , , , , , , 2.2036154, 0.026688, , , , , , , 2.2036154, -0.0003357, , , , , , , , , , , , , , , , , , , , , , , , , , , , 
2.2041346, 0.0199741, , , , , , , 2.2041346, 0.0344091, , , , , , , 2.2041346, 0.0513619, , , , , , , 2.2041346, 0.002182, , , , , , , , , , , , , , , , , , , , , , , , , , , , 
2.2046538, 0.0226596, , , , , , , 2.2046538, 0.0062104, , , , , , , 2.2046538, 0.0627756, , , , , , , 2.2046538, -0.0041962, , , , , , , , , , , , , , , , , , , , , , , , , , , , 
2.2051731, 0.0307164, , , , , , , 2.2051731, -0.0115816, , , , , , , 2.2051731, 0.063447, , , , , , , 2.2051731, -0.0149386, , , , , , , , , , , , , , , , , , , , , , , , , , , , 
2.2056923, 0.0354162, , , , , , , 2.2056923, -0.0347448, , , , , , , 2.2056923, 0.0602579, , , , , , , 2.2056923, -0.0223239, , , , , , , , , , , , , , , , , , , , , , , , , , , , 
2.2062115, 0.0364233, , , , , , , 2.2062115, -0.0592508, , , , , , , 2.2062115, 0.0515297, , , , , , , 2.2062115, -0.0243381, , , , , , , , , , , , , , , , , , , , , , , , , , , , 
2.2067308, 0.0330663, , , , , , , 2.2067308, -0.0569009, , , , , , , 2.2067308, 0.0310521, , , , , , , 2.2067308, -0.0258488, , , , , , , , , , , , , , , , , , , , , , , , , , , , 
2.20725, 0.0253452, , , , , , , 2.20725, -0.0203098, , , , , , , 2.20725, 0.0095674, , , , , , , 2.20725, -0.0256809, , , , , , , , , , , , , , , , , , , , , , , , , , , , 
2.2077692, 0.0238346, , , , , , , 2.2077692, 0.021149, , , , , , , 2.2077692, -0.005539, , , , , , , 2.2077692, -0.0213169, , , , , , , , , , , , , , , , , , , , , , , , , , , , 
2.2082885, 0.0223239, , , , , , , 2.2082885, 0.0354162, , , , , , , 2.2082885, -0.0162814, , , , , , , 2.2082885, -0.0072175, , , , , , , , , , , , , , , , , , , , , , , , , , , , 
2.2088077, 0.0132601, , , , , , , 2.2088077, 0.0350805, , , , , , , 2.2088077, -0.0283665, , , , , , , 2.2088077, 0.0182956, , , , , , , , , , , , , , , , , , , , , , , , , , , , 
2.2093269, 0.0075532, , , , , , , 2.2093269, 0.0387732, , , , , , , 2.2093269, -0.0387732, , , , , , , 2.2093269, 0.040116, , , , , , , , , , , , , , , , , , , , , , , , , , , , 
2.2098462, 0.0038605, , , , , , , 2.2098462, 0.040116, , , , , , , 2.2098462, -0.0431373, , , , , , , 2.2098462, 0.0481727, , , , , , , , , , , , , , , , , , , , , , , , , , , , 
2.2103654, -0.0035248, , , , , , , 2.2103654, 0.0250095, , , , , , , 2.2103654, -0.054551, , , , , , , 2.2103654, 0.0476692, , , , , , , , , , , , , , , , , , , , , , , , , , , , 
2.2108846, -0.0130922, , , , , , , 2.2108846, -0.0078889, , , , , , , 2.2108846, -0.0679789, , , , , , , 2.2108846, 0.0464942, , , , , , , , , , , , , , , , , , , , , , , , , , , , 
2.2114038, -0.0223239, , , , , , , 2.2114038, -0.0374304, , , , , , , 2.2114038, -0.0636149, , , , , , , 2.2114038, 0.0441444, , , , , , , , , , , , , , , , , , , , , , , , , , , , 
2.2119231, -0.0310521, , , , , , , 2.2119231, -0.051194, , , , , , , 2.2119231, -0.0431373, , , , , , , 2.2119231, 0.0404517, , , , , , , , , , , , , , , , , , , , , , , , , , , , 
2.2124423, -0.0340734, , , , , , , 2.2124423, -0.0528725, , , , , , , 2.2124423, -0.0203098, , , , , , , 2.2124423, 0.0387732, , , , , , , , , , , , , , , , , , , , , , , , , , , , 
2.2129615, -0.036759, , , , , , , 2.2129615, -0.0528725, , , , , , , 2.2129615, -0.005539, , , , , , , 2.2129615, 0.036759, , , , , , , , , , , , , , , , , , , , , , , , , , , , 
2.2134808, -0.0461585, , , , , , , 2.2134808, -0.0542153, , , , , , , 2.2134808, 0.0045319, , , , , , , 2.2134808, 0.0327306, , , , , , , , , , , , , , , , , , , , , , , , , , , , 
2.214, -0.0527047, , , , , , , 2.214, -0.0580758, , , , , , , 2.214, 0.0142672, , , , , , , 2.214, 0.0280308, , , , , , , , , , , , , , , , , , , , , , , , , , , , 
2.2145192, -0.0475013, , , , , , , 2.2145192, -0.0454871, , , , , , , 2.2145192, 0.0198062, , , , , , , 2.2145192, 0.0166171, , , , , , , , , , , , , , , , , , , , , , , , , , , , 
2.2150385, -0.0394446, , , , , , , 2.2150385, -0.0117494, , , , , , , 2.2150385, 0.0181277, , , , , , , 2.2150385, 0.0031891, , , , , , , , , , , , , , , , , , , , , , , , , , , , 
2.2155577, -0.033402, , , , , , , 2.2155577, 0.0218204, , , , , , , 2.2155577, 0.0048676, , , , , , , 2.2155577, -0.0068818, , , , , , , , , , , , , , , , , , , , , , , , , , , , 
2.2160769, -0.0263523, , , , , , , 2.2160769, 0.036759, , , , , , , 2.2160769, -0.0203098, , , , , , , 2.2160769, -0.0095674, , , , , , , , , , , , , , , , , , , , , , , , , , , , 
2.2165962, -0.0182956, , , , , , , 2.2165962, 0.036759, , , , , , , 2.2165962, -0.0458228, , , , , , , 2.2165962, -0.0099031, , , , , , , , , , , , , , , , , , , , , , , , , , , , 
2.2171154, -0.0075532, , , , , , , 2.2171154, 0.0270237, , , , , , , 2.2171154, -0.0599222, , , , , , , 2.2171154, -0.0119173, , , , , , , , , , , , , , , , , , , , , , , , , , , , 
2.2176346, 0.0058747, , , , , , , 2.2176346, 0.0182956, , , , , , , 2.2176346, -0.064622, , , , , , , 2.2176346, -0.0109102, , , , , , , , , , , , , , , , , , , , , , , , , , , , 
2.2181538, 0.0206455, , , , , , , 2.2181538, 0.0172885, , , , , , , 2.2181538, -0.0632792, , , , , , , 2.2181538, -0.0058747, , , , , , , , , , , , , , , , , , , , , , , , , , , , 
2.2186731, 0.0310521, , , , , , , 2.2186731, 0.0172885, , , , , , , 2.2186731, -0.0592508, , , , , , , 2.2186731, -0.0011749, , , , , , , , , , , , , , , , , , , , , , , , , , , , 
2.2191923, 0.0360876, , , , , , , 2.2191923, 0.0031891, , , , , , , 2.2191923, -0.0458228, , , , , , , 2.2191923, 0.0028534, , , , , , , , , , , , , , , , , , , , , , , , , , , , 
2.2197115, 0.0387732, , , , , , , 2.2197115, -0.0229953, , , , , , , 2.2197115, -0.018967, , , , , , , 2.2197115, 0.0052033, , , , , , , , , , , , , , , , , , , , , , , , , , , , 
2.2202308, 0.043473, , , , , , , 2.2202308, -0.0542153, , , , , , , 2.2202308, 0.0062104, , , , , , , 2.2202308, 0.0045319, , , , , , , , , , , , , , , , , , , , , , , , , , , , 
2.22075, 0.0493477, , , , , , , 2.22075, -0.082414, , , , , , , 2.22075, 0.0287022, , , , , , , 2.22075, 0.0018463, , , , , , , , , , , , , , , , , , , , , , , , , , , , 
2.2212692, 0.0518654, , , , , , , 2.2212692, -0.0891279, , , , , , , 2.2212692, 0.0548867, , , , , , , 2.2212692, 0.0011749, , , , , , , , , , , , , , , , , , , , , , , , , , , , 
2.2217885, 0.0513619, , , , , , , 2.2217885, -0.0652934, , , , , , , 2.2217885, 0.0663005, , , , , , , 2.2217885, 0.0036927, , , , , , , , , , , , , , , , , , , , , , , , , , , , 
2.2223077, 0.0454871, , , , , , , 2.2223077, -0.0327306, , , , , , , 2.2223077, 0.0428016, , , , , , , 2.2223077, 0.0085603, , , , , , , , , , , , , , , , , , , , , , , , , , , , 
2.2228269, 0.0449836, , , , , , , 2.2228269, 0.0052033, , , , , , , 2.2228269, -0.0015106, , , , , , , 2.2228269, 0.0119173, , , , , , , , , , , , , , , , , , , , , , , , , , , , 
2.2233462, 0.0495155, , , , , , , 2.2233462, 0.0518654, , , , , , , 2.2233462, -0.0381018, , , , , , , 2.2233462, 0.0099031, , , , , , , , , , , , , , , , , , , , , , , , , , , , 
2.2238654, 0.0522011, , , , , , , 2.2238654, 0.0733501, , , , , , , 2.2238654, -0.0548867, , , , , , , 2.2238654, 0.0046998, , , , , , , , , , , , , , , , , , , , , , , , , , , , 
2.2243846, 0.0522011, , , , , , , 2.2243846, 0.0518654, , , , , , , 2.2243846, -0.0599222, , , , , , , 2.2243846, -0.0028534, , , , , , , , , , , , , , , , , , , , , , , , , , , , 
2.2249038, 0.054551, , , , , , , 2.2249038, 0.0298772, , , , , , , 2.2249038, -0.0629435, , , , , , , 2.2249038, -0.0105745, , , , , , , , , , , , , , , , , , , , , , , , , , , , 
2.2254231, 0.0548867, , , , , , , 2.2254231, 0.0345769, , , , , , , 2.2254231, -0.0649577, , , , , , , 2.2254231, -0.0162814, , , , , , , , , , , , , , , , , , , , , , , , , , , , 
2.2259423, 0.0535439, , , , , , , 2.2259423, 0.0501869, , , , , , , 2.2259423, -0.0632792, , , , , , , 2.2259423, -0.0209812, , , , , , , , , , , , , , , , , , , , , , , , , , , , 
2.2264615, 0.0513619, , , , , , , 2.2264615, 0.0498512, , , , , , , 2.2264615, -0.0592508, , , , , , , 2.2264615, -0.0240024, , , , , , , , , , , , , , , , , , , , , , , , , , , , 
2.2269808, 0.0508583, , , , , , , 2.2269808, 0.0330663, , , , , , , 2.2269808, -0.0572366, , , , , , , 2.2269808, -0.0238346, , , , , , , , , , , , , , , , , , , , , , , , , , , , 
2.2275, 0.0471656, , , , , , , 2.2275, 0.0229953, , , , , , , 2.2275, -0.0570687, , , , , , , 2.2275, -0.0193027, , , , , , , , , , , , , , , , , , , , , , , , , , , , 
2.2280192, 0.0384375, , , , , , , 2.2280192, 0.0125887, , , , , , , 2.2280192, -0.051194, , , , , , , 2.2280192, -0.0125887, , , , , , , , , , , , , , , , , , , , , , , , , , , , 
2.2285385, 0.0283665, , , , , , , 2.2285385, 0.0031891, , , , , , , 2.2285385, -0.0364233, , , , , , , 2.2285385, -0.0028534, , , , , , , , , , , , , , , , , , , , , , , , , , , , 
2.2290577, 0.0169528, , , , , , , 2.2290577, 0.0062104, , , , , , , 2.2290577, -0.026688, , , , , , , 2.2290577, 0.0077211, , , , , , , , , , , , , , , , , , , , , , , , , , , , 
2.2295769, 0.0038605, , , , , , , 2.2295769, -0.0008392, , , , , , , 2.2295769, -0.0198062, , , , , , , 2.2295769, 0.0152743, , , , , , , , , , , , , , , , , , , , , , , , , , , , 
2.2300962, -0.0078889, , , , , , , 2.2300962, -0.0182956, , , , , , , 2.2300962, -0.0028534, , , , , , , 2.2300962, 0.023331, , , , , , , , , , , , , , , , , , , , , , , , , , , , 
2.2306154, -0.0109102, , , , , , , 2.2306154, -0.036759, , , , , , , 2.2306154, 0.012253, , , , , , , 2.2306154, 0.0323949, , , , , , , , , , , , , , , , , , , , , , , , , , , , 
2.2311346, -0.0095674, , , , , , , 2.2311346, -0.0438087, , , , , , , 2.2311346, 0.0115816, , , , , , , 2.2311346, 0.0411231, , , , , , , , , , , , , , , , , , , , , , , , , , , , 
2.2316538, -0.0142672, , , , , , , 2.2316538, -0.0377661, , , , , , , 2.2316538, 0.0023499, , , , , , , 2.2316538, 0.0503548, , , , , , , , , , , , , , , , , , , , , , , , , , , , 
2.2321731, -0.0243381, , , , , , , 2.2321731, -0.04448, , , , , , , 2.2321731, -0.0028534, , , , , , , 2.2321731, 0.0558938, , , , , , , , , , , , , , , , , , , , , , , , , , , , 
2.2326923, -0.0318914, , , , , , , 2.2326923, -0.064622, , , , , , , 2.2326923, -0.0025177, , , , , , , 2.2326923, 0.0562295, , , , , , , , , , , , , , , , , , , , , , , , , , , , 
2.2332115, -0.0344091, , , , , , , 2.2332115, -0.0666361, , , , , , , 2.2332115, 0.0052033, , , , , , , 2.2332115, 0.0574044, , , , , , , , , , , , , , , , , , , , , , , , , , , , 
2.2337308, -0.0352483, , , , , , , 2.2337308, -0.0528725, , , , , , , 2.2337308, 0.0293736, , , , , , , 2.2337308, 0.0582437, , , , , , , , , , , , , , , , , , , , , , , , , , , , 
2.23425, -0.0313878, , , , , , , 2.23425, -0.0438087, , , , , , , 2.23425, 0.0555581, , , , , , , 2.23425, 0.0548867, , , , , , , , , , , , , , , , , , , , , , , , , , , , 
2.2347692, -0.0208133, , , , , , , 2.2347692, -0.0397803, , , , , , , 2.2347692, 0.0639506, , , , , , , 2.2347692, 0.0495155, , , , , , , , , , , , , , , , , , , , , , , , , , , , 
2.2352885, -0.0095674, , , , , , , 2.2352885, -0.0276951, , , , , , , 2.2352885, 0.0584115, , , , , , , 2.2352885, 0.0454871, , , , , , , , , , , , , , , , , , , , , , , , , , , , 
2.2358077, -0.0063783, , , , , , , 2.2358077, -0.0129244, , , , , , , 2.2358077, 0.0381018, , , , , , , 2.2358077, 0.0448157, , , , , , , , , , , , , , , , , , , , , , , , , , , , 
2.2363269, -0.0008392, , , , , , , 2.2363269, -0.0243381, , , , , , , 2.2363269, 0.0135958, , , , , , , 2.2363269, 0.0428016, , , , , , , , , , , , , , , , , , , , , , , , , , , , 
2.2368462, 0.0085603, , , , , , , 2.2368462, -0.043473, , , , , , , 2.2368462, 0.0072175, , , , , , , 2.2368462, 0.0350805, , , , , , , , , , , , , , , , , , , , , , , , , , , , 
2.2373654, 0.0129244, , , , , , , 2.2373654, -0.0461585, , , , , , , 2.2373654, 0.0090639, , , , , , , 2.2373654, 0.0297093, , , , , , , , , , , , , , , , , , , , , , , , , , , , 
2.2378846, 0.0139315, , , , , , , 2.2378846, -0.0297093, , , , , , , 2.2378846, 0.0036927, , , , , , , 2.2378846, 0.0263523, , , , , , , , , , , , , , , , , , , , , , , , , , , , 
2.2384038, 0.0146029, , , , , , , 2.2384038, -0.0082246, , , , , , , 2.2384038, -0.0085603, , , , , , , 2.2384038, 0.0199741, , , , , , , , , , , , , , , , , , , , , , , , , , , , 
2.2389231, 0.0224918, , , , , , , 2.2389231, -0.003357, , , , , , , 2.2389231, -0.0176242, , , , , , , 2.2389231, 0.0139315, , , , , , , , , , , , , , , , , , , , , , , , , , , , 
2.2394423, 0.0360876, , , , , , , 2.2394423, -0.0075532, , , , , , , 2.2394423, -0.0182956, , , , , , , 2.2394423, 0.0129244, , , , , , , , , , , , , , , , , , , , , , , , , , , , 
2.2399615, 0.0493477, , , , , , , 2.2399615, -0.0045319, , , , , , , 2.2399615, -0.0112459, , , , , , , 2.2399615, 0.0149386, , , , , , , , , , , , , , , , , , , , , , , , , , , , 
2.2404808, 0.0508583, , , , , , , 2.2404808, 0.0058747, , , , , , , 2.2404808, -0.0015106, , , , , , , 2.2404808, 0.0169528, , , , , , , , , , , , , , , , , , , , , , , , , , , , 
2.241, 0.0451514, , , , , , , 2.241, 0.0115816, , , , , , , 2.241, -0.0028534, , , , , , , 2.241, 0.0203098, , , , , , , , , , , , , , , , , , , , , , , , , , , , 
2.2415192, 0.0468299, , , , , , , 2.2415192, 0.008896, , , , , , , 2.2415192, -0.0193027, , , , , , , 2.2415192, 0.0223239, , , , , , , , , , , , , , , , , , , , , , , , , , , , 
2.2420385, 0.0562295, , , , , , , 2.2420385, 0.0129244, , , , , , , 2.2420385, -0.036759, , , , , , , 2.2420385, 0.0166171, , , , , , , , , , , , , , , , , , , , , , , , , , , , 
2.2425577, 0.0602579, , , , , , , 2.2425577, 0.0344091, , , , , , , 2.2425577, -0.0498512, , , , , , , 2.2425577, 0.0052033, , , , , , , , , , , , , , , , , , , , , , , , , , , , 
2.2430769, 0.0565652, , , , , , , 2.2430769, 0.040116, , , , , , , 2.2430769, -0.0609293, , , , , , , 2.2430769, -0.0038605, , , , , , , , , , , , , , , , , , , , , , , , , , , , 
2.2435962, 0.0505226, , , , , , , 2.2435962, 0.0172885, , , , , , , 2.2435962, -0.0720073, , , , , , , 2.2435962, -0.0078889, , , , , , , , , , , , , , , , , , , , , , , , , , , , 
2.2441154, 0.0495155, , , , , , , 2.2441154, -0.0196384, , , , , , , 2.2441154, -0.076875, , , , , , , 2.2441154, -0.0102388, , , , , , , , , , , , , , , , , , , , , , , , , , , , 
2.2446346, 0.0528725, , , , , , , 2.2446346, -0.0454871, , , , , , , 2.2446346, -0.068986, , , , , , , 2.2446346, -0.0182956, , , , , , , , , , , , , , , , , , , , , , , , , , , , 
2.2451538, 0.0572366, , , , , , , 2.2451538, -0.0508583, , , , , , , 2.2451538, -0.0538796, , , , , , , 2.2451538, -0.0260166, , , , , , , , , , , , , , , , , , , , , , , , , , , , 
2.2456731, 0.0572366, , , , , , , 2.2456731, -0.0407874, , , , , , , 2.2456731, -0.0370947, , , , , , , 2.2456731, -0.0287022, , , , , , , , , , , , , , , , , , , , , , , , , , , , 
2.2461923, 0.0525368, , , , , , , 2.2461923, -0.0280308, , , , , , , 2.2461923, -0.0229953, , , , , , , 2.2461923, -0.0297093, , , , , , , , , , , , , , , , , , , , , , , , , , , , 
2.2467115, 0.0468299, , , , , , , 2.2467115, -0.0206455, , , , , , , 2.2467115, -0.0105745, , , , , , , 2.2467115, -0.0287022, , , , , , , , , , , , , , , , , , , , , , , , , , , , 
2.2472308, 0.0417945, , , , , , , 2.2472308, -0.0203098, , , , , , , 2.2472308, 0.0011749, , , , , , , 2.2472308, -0.0270237, , , , , , , , , , , , , , , , , , , , , , , , , , , , 
2.24775, 0.0330663, , , , , , , 2.24775, -0.0270237, , , , , , , 2.24775, 0.0070497, , , , , , , 2.24775, -0.0226596, , , , , , , , , , , , , , , , , , , , , , , , , , , , 
2.2482692, 0.0273594, , , , , , , 2.2482692, -0.0250095, , , , , , , 2.2482692, 0.0082246, , , , , , , 2.2482692, -0.0137636, , , , , , , , , , , , , , , , , , , , , , , , , , , , 
2.2487885, 0.0263523, , , , , , , 2.2487885, -0.0149386, , , , , , , 2.2487885, 0.0132601, , , , , , , 2.2487885, -0.0023499, , , , , , , , , , , , , , , , , , , , , , , , , , , , 
2.2493077, 0.023331, , , , , , , 2.2493077, -0.0109102, , , , , , , 2.2493077, 0.0186313, , , , , , , 2.2493077, 0.0099031, , , , , , , , , , , , , , , , , , , , , , , , , , , , 
2.2498269, 0.0196384, , , , , , , 2.2498269, -0.0058747, , , , , , , 2.2498269, 0.0193027, , , , , , , 2.2498269, 0.0166171, , , , , , , , , , , , , , , , , , , , , , , , , , , , 
2.2503462, 0.0104067, , , , , , , 2.2503462, 0.0052033, , , , , , , 2.2503462, 0.0166171, , , , , , , 2.2503462, 0.0182956, , , , , , , , , , , , , , , , , , , , , , , , , , , , 
2.2508654, -0.0038605, , , , , , , 2.2508654, 0.0176242, , , , , , , 2.2508654, 0.0149386, , , , , , , 2.2508654, 0.0216526, , , , , , , , , , , , , , , , , , , , , , , , , , , , 
2.2513846, -0.0196384, , , , , , , 2.2513846, 0.0273594, , , , , , , 2.2513846, 0.0139315, , , , , , , 2.2513846, 0.0273594, , , , , , , , , , , , , , , , , , , , , , , , , , , , 
2.2519038, -0.0303807, , , , , , , 2.2519038, 0.0387732, , , , , , , 2.2519038, 0.01561, , , , , , , 2.2519038, 0.0345769, , , , , , , , , , , , , , , , , , , , , , , , , , , , 
2.2524231, -0.0344091, , , , , , , 2.2524231, 0.0481727, , , , , , , 2.2524231, 0.0219883, , , , , , , 2.2524231, 0.04448, , , , , , , , , , , , , , , , , , , , , , , , , , , , 
2.2529423, -0.0339055, , , , , , , 2.2529423, 0.0522011, , , , , , , 2.2529423, 0.0332341, , , , , , , 2.2529423, 0.0495155, , , , , , , , , , , , , , , , , , , , , , , , , , , , 
2.2534615, -0.0293736, , , , , , , 2.2534615, 0.0569009, , , , , , , 2.2534615, 0.0394446, , , , , , , 2.2534615, 0.0527047, , , , , , , , , , , , , , , , , , , , , , , , , , , , 
2.2539808, -0.0236667, , , , , , , 2.2539808, 0.0594186, , , , , , , 2.2539808, 0.040116, , , , , , , 2.2539808, 0.0558938, , , , , , , , , , , , , , , , , , , , , , , , , , , , 
2.2545, -0.0162814, , , , , , , 2.2545, 0.0528725, , , , , , , 2.2545, 0.0364233, , , , , , , 2.2545, 0.0538796, , , , , , , , , , , , , , , , , , , , , , , , , , , , 
2.2550192, -0.0048676, , , , , , , 2.2550192, 0.0441444, , , , , , , 2.2550192, 0.0317235, , , , , , , 2.2550192, 0.0454871, , , , , , , , , , , , , , , , , , , , , , , , , , , , 
2.2555385, 0.0092317, , , , , , , 2.2555385, 0.0464942, , , , , , , 2.2555385, 0.026688, , , , , , , 2.2555385, 0.040116, , , , , , , , , , , , , , , , , , , , , , , , , , , , 
2.2560577, 0.0172885, , , , , , , 2.2560577, 0.0451514, , , , , , , 2.2560577, 0.0193027, , , , , , , 2.2560577, 0.0391089, , , , , , , , , , , , , , , , , , , , , , , , , , , , 
2.2565769, 0.0139315, , , , , , , 2.2565769, 0.0199741, , , , , , , 2.2565769, 0.0146029, , , , , , , 2.2565769, 0.040116, , , , , , , , , , , , , , , , , , , , , , , , , , , , 
2.2570962, 0.0102388, , , , , , , 2.2570962, -0.0169528, , , , , , , 2.2570962, 0.0115816, , , , , , , 2.2570962, 0.0379339, , , , , , , , , , , , , , , , , , , , , , , , , , , , 
2.2576154, 0.0090639, , , , , , , 2.2576154, -0.0565652, , , , , , , 2.2576154, 0.0102388, , , , , , , 2.2576154, 0.0313878, , , , , , , , , , , , , , , , , , , , , , , , , , , , 
2.2581346, 0.0052033, , , , , , , 2.2581346, -0.0825818, , , , , , , 2.2581346, 0.0119173, , , , , , , 2.2581346, 0.0260166, , , , , , , , , , , , , , , , , , , , , , , , , , , , 
2.2586538, 0.0035248, , , , , , , 2.2586538, -0.0850996, , , , , , , 2.2586538, 0.0142672, , , , , , , 2.2586538, 0.0243381, , , , , , , , , , , , , , , , , , , , , , , , , , , , 
2.2591731, 0.0052033, , , , , , , 2.2591731, -0.0820783, , , , , , , 2.2591731, 0.012253, , , , , , , 2.2591731, 0.0253452, , , , , , , , , , , , , , , , , , , , , , , , , , , , 
2.2596923, 0.0099031, , , , , , , 2.2596923, -0.0585794, , , , , , , 2.2596923, 0.0078889, , , , , , , 2.2596923, 0.0219883, , , , , , , , , , , , , , , , , , , , , , , , , , , , 
2.2602115, 0.0105745, , , , , , , 2.2602115, -0.024506, , , , , , , 2.2602115, 0.0062104, , , , , , , 2.2602115, 0.0196384, , , , , , , , , , , , , , , , , , , , , , , , , , , , 
2.2607308, 0.0058747, , , , , , , 2.2607308, -0.0213169, , , , , , , 2.2607308, 0.0078889, , , , , , , 2.2607308, 0.026688, , , , , , , , , , , , , , , , , , , , , , , , , , , , 
2.26125, 0.0008392, , , , , , , 2.26125, -0.040116, , , , , , , 2.26125, 0.0115816, , , , , , , 2.26125, 0.0421302, , , , , , , , , , , , , , , , , , , , , , , , , , , , 
2.2617692, -0.002182, , , , , , , 2.2617692, -0.0438087, , , , , , , 2.2617692, 0.0142672, , , , , , , 2.2617692, 0.0528725, , , , , , , , , , , , , , , , , , , , , , , , , , , , 
2.2622885, -0.0041962, , , , , , , 2.2622885, -0.0265202, , , , , , , 2.2622885, 0.0135958, , , , , , , 2.2622885, 0.0535439, , , , , , , , , , , , , , , , , , , , , , , , , , , , 
2.2628077, -0.0117494, , , , , , , 2.2628077, -0.0048676, , , , , , , 2.2628077, 0.0060426, , , , , , , 2.2628077, 0.0481727, , , , , , , , , , , , , , , , , , , , , , , , , , , , 
2.2633269, -0.0196384, , , , , , , 2.2633269, 0.0219883, , , , , , , 2.2633269, -0.005539, , , , , , , 2.2633269, 0.0387732, , , , , , , , , , , , , , , , , , , , , , , , , , , , 
2.2638462, -0.0135958, , , , , , , 2.2638462, 0.0575723, , , , , , , 2.2638462, -0.0063783, , , , , , , 2.2638462, 0.0280308, , , , , , , , , , , , , , , , , , , , , , , , , , , , 
2.2643654, 0.0018463, , , , , , , 2.2643654, 0.0777142, , , , , , , 2.2643654, 0.0085603, , , , , , , 2.2643654, 0.0115816, , , , , , , , , , , , , , , , , , , , , , , , , , , , 
2.2648846, 0.0179599, , , , , , , 2.2648846, 0.0726787, , , , , , , 2.2648846, 0.0229953, , , , , , , 2.2648846, -0.0082246, , , , , , , , , , , , , , , , , , , , , , , , , , , , 
2.2654038, 0.0307164, , , , , , , 2.2654038, 0.0495155, , , , , , , 2.2654038, 0.0317235, , , , , , , 2.2654038, -0.0229953, , , , , , , , , , , , , , , , , , , , , , , , , , , , 
2.2659231, 0.0360876, , , , , , , 2.2659231, 0.0172885, , , , , , , 2.2659231, 0.0276951, , , , , , , 2.2659231, -0.033402, , , , , , , , , , , , , , , , , , , , , , , , , , , , 
2.2664423, 0.0374304, , , , , , , 2.2664423, -0.0201419, , , , , , , 2.2664423, 0.0048676, , , , , , , 2.2664423, -0.0426337, , , , , , , , , , , , , , , , , , , , , , , , , , , , 
2.2669615, 0.0374304, , , , , , , 2.2669615, -0.047837, , , , , , , 2.2669615, -0.0276951, , , , , , , 2.2669615, -0.0475013, , , , , , , , , , , , , , , , , , , , , , , , , , , , 
2.2674808, 0.0357519, , , , , , , 2.2674808, -0.0592508, , , , , , , 2.2674808, -0.0475013, , , , , , , 2.2674808, -0.0448157, , , , , , , , , , , , , , , , , , , , , , , , , , , , 
2.268, 0.035584, , , , , , , 2.268, -0.0488441, , , , , , , 2.268, -0.04448, , , , , , , 2.268, -0.0370947, , , , , , , , , , , , , , , , , , , , , , , , , , , , 
2.2685192, 0.0340734, , , , , , , 2.2685192, -0.0135958, , , , , , , 2.2685192, -0.0310521, , , , , , , 2.2685192, -0.0283665, , , , , , , , , , , , , , , , , , , , , , , , , , , , 
2.2690385, 0.0290379, , , , , , , 2.2690385, 0.0152743, , , , , , , 2.2690385, -0.01561, , , , , , , 2.2690385, -0.0196384, , , , , , , , , , , , , , , , , , , , , , , , , , , , 
2.2695577, 0.0253452, , , , , , , 2.2695577, 0.018967, , , , , , , 2.2695577, -0.0048676, , , , , , , 2.2695577, -0.0139315, , , , , , , , , , , , , , , , , , , , , , , , , , , , 
2.2700769, 0.024506, , , , , , , 2.2700769, 0.0048676, , , , , , , 2.2700769, 0.0025177, , , , , , , 2.2700769, -0.0082246, , , , , , , , , , , , , , , , , , , , , , , , , , , , 
2.2705962, 0.018967, , , , , , , 2.2705962, -0.0166171, , , , , , , 2.2705962, 0.0077211, , , , , , , 2.2705962, 0.0025177, , , , , , , , , , , , , , , , , , , , , , , , , , , , 
2.2711154, 0.0099031, , , , , , , 2.2711154, -0.0384375, , , , , , , 2.2711154, 0.0112459, , , , , , , 2.2711154, 0.0162814, , , , , , , , , , , , , , , , , , , , , , , , , , , , 
2.2716346, 0.0018463, , , , , , , 2.2716346, -0.057908, , , , , , , 2.2716346, 0.0078889, , , , , , , 2.2716346, 0.0271916, , , , , , , , , , , , , , , , , , , , , , , , , , , , 
2.2721538, -0.0048676, , , , , , , 2.2721538, -0.0710002, , , , , , , 2.2721538, -0.0095674, , , , , , , 2.2721538, 0.033402, , , , , , , , , , , , , , , , , , , , , , , , , , , , 
2.2726731, -0.0082246, , , , , , , 2.2726731, -0.0713359, , , , , , , 2.2726731, -0.0317235, , , , , , , 2.2726731, 0.0357519, , , , , , , , , , , , , , , , , , , , , , , , , , , , 
2.2731923, -0.0073854, , , , , , , 2.2731923, -0.04448, , , , , , , 2.2731923, -0.0439765, , , , , , , 2.2731923, 0.0374304, , , , , , , , , , , , , , , , , , , , , , , , , , , , 
2.2737115, -0.005539, , , , , , , 2.2737115, 0.0011749, , , , , , , 2.2737115, -0.0501869, , , , , , , 2.2737115, 0.0407874, , , , , , , , , , , , , , , , , , , , , , , , , , , , 
2.2742308, -0.0072175, , , , , , , 2.2742308, 0.0182956, , , , , , , 2.2742308, -0.056733, , , , , , , 2.2742308, 0.0381018, , , , , , , , , , , , , , , , , , , , , , , , , , , , 
2.27475, -0.0035248, , , , , , , 2.27475, -0.012253, , , , , , , 2.27475, -0.0616007, , , , , , , 2.27475, 0.0290379, , , , , , , , , , , , , , , , , , , , , , , , , , , , 
2.2752692, 0.0072175, , , , , , , 2.2752692, -0.0381018, , , , , , , 2.2752692, -0.0652934, , , , , , , 2.2752692, 0.0198062, , , , , , , , , , , , , , , , , , , , , , , , , , , , 
2.2757885, 0.0135958, , , , , , , 2.2757885, -0.0193027, , , , , , , 2.2757885, -0.0693217, , , , , , , 2.2757885, 0.0159457, , , , , , , , , , , , , , , , , , , , , , , , , , , , 
2.2763077, 0.012253, , , , , , , 2.2763077, 0.0159457, , , , , , , 2.2763077, -0.0743572, , , , , , , 2.2763077, 0.0159457, , , , , , , , , , , , , , , , , , , , , , , , , , , , 
2.2768269, 0.0159457, , , , , , , 2.2768269, 0.018967, , , , , , , 2.2768269, -0.0797284, , , , , , , 2.2768269, 0.0206455, , , , , , , , , , , , , , , , , , , , , , , , , , , , 
2.2773462, 0.0216526, , , , , , , 2.2773462, 0.0041962, , , , , , , 2.2773462, -0.0847639, , , , , , , 2.2773462, 0.026688, , , , , , , , , , , , , , , , , , , , , , , , , , , , 
2.2778654, 0.0203098, , , , , , , 2.2778654, 0.0139315, , , , , , , 2.2778654, -0.0856031, , , , , , , 2.2778654, 0.0280308, , , , , , , , , , , , , , , , , , , , , , , , , , , , 
2.2783846, 0.0162814, , , , , , , 2.2783846, 0.0228275, , , , , , , 2.2783846, -0.0767071, , , , , , , 2.2783846, 0.0293736, , , , , , , , , , , , , , , , , , , , , , , , , , , , 
2.2789038, 0.01561, , , , , , , 2.2789038, -0.008896, , , , , , , 2.2789038, -0.0626078, , , , , , , 2.2789038, 0.0297093, , , , , , , , , , , , , , , , , , , , , , , , , , , , 
2.2794231, 0.0193027, , , , , , , 2.2794231, -0.0491798, , , , , , , 2.2794231, -0.0498512, , , , , , , 2.2794231, 0.0253452, , , , , , , , , , , , , , , , , , , , , , , , , , , , 
2.2799423, 0.0213169, , , , , , , 2.2799423, -0.0605936, , , , , , , 2.2799423, -0.0381018, , , , , , , 2.2799423, 0.0151064, , , , , , , , , , , , , , , , , , , , , , , , , , , , 
2.2804615, 0.0209812, , , , , , , 2.2804615, -0.0318914, , , , , , , 2.2804615, -0.0283665, , , , , , , 2.2804615, 0.003357, , , , , , , , , , , , , , , , , , , , , , , , , , , , 
2.2809808, 0.0260166, , , , , , , 2.2809808, 0.0082246, , , , , , , 2.2809808, -0.0179599, , , , , , , 2.2809808, -0.0035248, , , , , , , , , , , , , , , , , , , , , , , , , , , , 
2.2815, 0.0330663, , , , , , , 2.2815, 0.0213169, , , , , , , 2.2815, -0.0068818, , , , , , , 2.2815, -0.0062104, , , , , , , , , , , , , , , , , , , , , , , , , , , , 
2.2820192, 0.0344091, , , , , , , 2.2820192, 0.0112459, , , , , , , 2.2820192, -0.0001678, , , , , , , 2.2820192, -0.0075532, , , , , , , , , , , , , , , , , , , , , , , , , , , , 
2.2825385, 0.0287022, , , , , , , 2.2825385, 0.0018463, , , , , , , 2.2825385, 0.0031891, , , , , , , 2.2825385, -0.0048676, , , , , , , , , , , , , , , , , , , , , , , , , , , , 
2.2830577, 0.0224918, , , , , , , 2.2830577, 0.0038605, , , , , , , 2.2830577, 0.005539, , , , , , , 2.2830577, 0.0036927, , , , , , , , , , , , , , , , , , , , , , , , , , , , 
2.2835769, 0.0198062, , , , , , , 2.2835769, 0.0082246, , , , , , , 2.2835769, 0.0119173, , , , , , , 2.2835769, 0.0135958, , , , , , , , , , , , , , , , , , , , , , , , , , , , 
2.2840962, 0.0219883, , , , , , , 2.2840962, 0.0102388, , , , , , , 2.2840962, 0.018967, , , , , , , 2.2840962, 0.0206455, , , , , , , , , , , , , , , , , , , , , , , , , , , , 
2.2846154, 0.0303807, , , , , , , 2.2846154, 0.0159457, , , , , , , 2.2846154, 0.0223239, , , , , , , 2.2846154, 0.0196384, , , , , , , , , , , , , , , , , , , , , , , , , , , , 
2.2851346, 0.0374304, , , , , , , 2.2851346, 0.0092317, , , , , , , 2.2851346, 0.024506, , , , , , , 2.2851346, 0.0146029, , , , , , , , , , , , , , , , , , , , , , , , , , , , 
2.2856538, 0.0340734, , , , , , , 2.2856538, -0.0125887, , , , , , , 2.2856538, 0.0255131, , , , , , , 2.2856538, 0.0102388, , , , , , , , , , , , , , , , , , , , , , , , , , , , 
2.2861731, 0.0280308, , , , , , , 2.2861731, -0.0297093, , , , , , , 2.2861731, 0.0270237, , , , , , , 2.2861731, 0.0065461, , , , , , , , , , , , , , , , , , , , , , , , , , , , 
2.2866923, 0.0258488, , , , , , , 2.2866923, -0.04448, , , , , , , 2.2866923, 0.0298772, , , , , , , 2.2866923, 0.002182, , , , , , , , , , , , , , , , , , , , , , , , , , , , 
2.2872115, 0.0199741, , , , , , , 2.2872115, -0.0518654, , , , , , , 2.2872115, 0.0307164, , , , , , , 2.2872115, -0.0025177, , , , , , , , , , , , , , , , , , , , , , , , , , , , 
2.2877308, 0.0119173, , , , , , , 2.2877308, -0.0451514, , , , , , , 2.2877308, 0.0265202, , , , , , , 2.2877308, -0.0052033, , , , , , , , , , , , , , , , , , , , , , , , , , , , 
2.28825, 0.0058747, , , , , , , 2.28825, -0.0386053, , , , , , , 2.28825, 0.0151064, , , , , , , 2.28825, -0.0031891, , , , , , , , , , , , , , , , , , , , , , , , , , , , 
2.2887692, 0.0025177, , , , , , , 2.2887692, -0.051194, , , , , , , 2.2887692, 0.0031891, , , , , , , 2.2887692, 0.0011749, , , , , , , , , , , , , , , , , , , , , , , , , , , , 
2.2892885, 0.0031891, , , , , , , 2.2892885, -0.0762036, , , , , , , 2.2892885, 0.0025177, , , , , , , 2.2892885, -0.0035248, , , , , , , , , , , , , , , , , , , , , , , , , , , , 
2.2898077, -0.0028534, , , , , , , 2.2898077, -0.0753643, , , , , , , 2.2898077, 0.0090639, , , , , , , 2.2898077, -0.012253, , , , , , , , , , , , , , , , , , , , , , , , , , , , 
2.2903269, -0.0085603, , , , , , , 2.2903269, -0.0293736, , , , , , , 2.2903269, 0.0072175, , , , , , , 2.2903269, -0.0135958, , , , , , , , , , , , , , , , , , , , , , , , , , , , 
2.2908462, -0.0082246, , , , , , , 2.2908462, 0.011078, , , , , , , 2.2908462, 0.0117494, , , , , , , 2.2908462, -0.0082246, , , , , , , , , , , , , , , , , , , , , , , , , , , , 
2.2913654, -0.0072175, , , , , , , 2.2913654, 0.0105745, , , , , , , 2.2913654, 0.0280308, , , , , , , 2.2913654, 0, , , , , , , , , , , , , , , , , , , , , , , , , , , , 
2.2918846, -0.0112459, , , , , , , 2.2918846, 0.0035248, , , , , , , 2.2918846, 0.0406195, , , , , , , 2.2918846, 0.0082246, , , , , , , , , , , , , , , , , , , , , , , , , , , , 
2.2924038, -0.0135958, , , , , , , 2.2924038, 0.0166171, , , , , , , 2.2924038, 0.04448, , , , , , , 2.2924038, 0.0135958, , , , , , , , , , , , , , , , , , , , , , , , , , , , 
2.2929231, -0.0159457, , , , , , , 2.2929231, 0.0379339, , , , , , , 2.2929231, 0.0421302, , , , , , , 2.2929231, 0.018967, , , , , , , , , , , , , , , , , , , , , , , , , , , , 
2.2934423, -0.0203098, , , , , , , 2.2934423, 0.0522011, , , , , , , 2.2934423, 0.0372625, , , , , , , 2.2934423, 0.0255131, , , , , , , , , , , , , , , , , , , , , , , , , , , , 
2.2939615, -0.0229953, , , , , , , 2.2939615, 0.049012, , , , , , , 2.2939615, 0.0231632, , , , , , , 2.2939615, 0.0313878, , , , , , , , , , , , , , , , , , , , , , , , , , , , 
2.2944808, -0.0208133, , , , , , , 2.2944808, 0.0374304, , , , , , , 2.2944808, -0.0050355, , , , , , , 2.2944808, 0.0290379, , , , , , , , , , , , , , , , , , , , , , , , , , , , 
2.295, -0.0135958, , , , , , , 2.295, 0.0313878, , , , , , , 2.295, -0.0280308, , , , , , , 2.295, 0.0196384, , , , , , , , , , , , , , , , , , , , , , , , , , , , 
2.2955192, -0.0018463, , , , , , , 2.2955192, 0.0270237, , , , , , , 2.2955192, -0.0292058, , , , , , , 2.2955192, 0.008896, , , , , , , , , , , , , , , , , , , , , , , , , , , , 
2.2960385, 0.0099031, , , , , , , 2.2960385, 0.026688, , , , , , , 2.2960385, -0.012253, , , , , , , 2.2960385, 0.0005035, , , , , , , , , , , , , , , , , , , , , , , , , , , , 
2.2965577, 0.0182956, , , , , , , 2.2965577, 0.0293736, , , , , , , 2.2965577, 0.0224918, , , , , , , 2.2965577, -0.0095674, , , , , , , , , , , , , , , , , , , , , , , , , , , , 
2.2970769, 0.026688, , , , , , , 2.2970769, 0.0223239, , , , , , , 2.2970769, 0.0632792, , , , , , , 2.2970769, -0.0194705, , , , , , , , , , , , , , , , , , , , , , , , , , , , 
2.2975962, 0.0344091, , , , , , , 2.2975962, 0.0018463, , , , , , , 2.2975962, 0.0924849, , , , , , , 2.2975962, -0.0240024, , , , , , , , , , , , , , , , , , , , , , , , , , , , 
2.2981154, 0.0370947, , , , , , , 2.2981154, -0.0162814, , , , , , , 2.2981154, 0.1085985, , , , , , , 2.2981154, -0.0231632, , , , , , , , , , , , , , , , , , , , , , , , , , , , 
2.2986346, 0.0370947, , , , , , , 2.2986346, -0.0236667, , , , , , , 2.2986346, 0.1092699, , , , , , , 2.2986346, -0.0229953, , , , , , , , , , , , , , , , , , , , , , , , , , , , 
2.2991538, 0.0412909, , , , , , , 2.2991538, -0.0280308, , , , , , , 2.2991538, 0.0877852, , , , , , , 2.2991538, -0.0213169, , , , , , , , , , , , , , , , , , , , , , , , , , , , 
2.2996731, 0.0475013, , , , , , , 2.2996731, -0.0310521, , , , , , , 2.2996731, 0.0488441, , , , , , , 2.2996731, -0.0186313, , , , , , , , , , , , , , , , , , , , , , , , , , , , 
2.3001923, 0.0508583, , , , , , , 2.3001923, -0.0337377, , , , , , , 2.3001923, 0.0099031, , , , , , , 2.3001923, -0.0162814, , , , , , , , , , , , , , , , , , , , , , , , , , , , 
2.3007115, 0.051194, , , , , , , 2.3007115, -0.0290379, , , , , , , 2.3007115, -0.01561, , , , , , , 2.3007115, -0.0129244, , , , , , , , , , , , , , , , , , , , , , , , , , , , 
2.3012308, 0.0555581, , , , , , , 2.3012308, -0.0135958, , , , , , , 2.3012308, -0.0298772, , , , , , , 2.3012308, -0.0092317, , , , , , , , , , , , , , , , , , , , , , , , , , , , 
2.30175, 0.0572366, , , , , , , 2.30175, -0.0072175, , , , , , , 2.30175, -0.0466621, , , , , , , 2.30175, -0.0073854, , , , , , , , , , , , , , , , , , , , , , , , , , , , 
2.3022692, 0.054551, , , , , , , 2.3022692, -0.0218204, , , , , , , 2.3022692, -0.0693217, , , , , , , 2.3022692, -0.0057069, , , , , , , , , , , , , , , , , , , , , , , , , , , , 
2.3027885, 0.0501869, , , , , , , 2.3027885, -0.0411231, , , , , , , 2.3027885, -0.0965133, , , , , , , 2.3027885, -0.0011749, , , , , , , , , , , , , , , , , , , , , , , , , , , , 
2.3033077, 0.0374304, , , , , , , 2.3033077, -0.0370947, , , , , , , 2.3033077, -0.1183337, , , , , , , 2.3033077, 0.0095674, , , , , , , , , , , , , , , , , , , , , , , , , , , , 
2.3038269, 0.0265202, , , , , , , 2.3038269, -0.0196384, , , , , , , 2.3038269, -0.126894, , , , , , , 2.3038269, 0.0191348, , , , , , , , , , , , , , , , , , , , , , , , , , , , 
2.3043462, 0.0193027, , , , , , , 2.3043462, -0.0080568, , , , , , , 2.3043462, -0.1294118, , , , , , , 2.3043462, 0.0179599, , , , , , , , , , , , , , , , , , , , , , , , , , , , 
2.3048654, 0.0142672, , , , , , , 2.3048654, 0.0092317, , , , , , , 2.3048654, -0.1317617, , , , , , , 2.3048654, 0.0072175, , , , , , , , , , , , , , , , , , , , , , , , , , , , 
2.3053846, 0.0119173, , , , , , , 2.3053846, 0.0354162, , , , , , , 2.3053846, -0.1307546, , , , , , , 2.3053846, -0.002182, , , , , , , , , , , , , , , , , , , , , , , , , , , , 
2.3059038, 0.0104067, , , , , , , 2.3059038, 0.0726787, , , , , , , 2.3059038, -0.1267262, , , , , , , 2.3059038, -0.0068818, , , , , , , , , , , , , , , , , , , , , , , , , , , , 
2.3064231, 0.0075532, , , , , , , 2.3064231, 0.1139696, , , , , , , 2.3064231, -0.1206836, , , , , , , 2.3064231, -0.0095674, , , , , , , , , , , , , , , , , , , , , , , , , , , , 
2.3069423, 0.0050355, , , , , , , 2.3069423, 0.1010452, , , , , , , 2.3069423, -0.1116197, , , , , , , 2.3069423, -0.0124208, , , , , , , , , , , , , , , , , , , , , , , , , , , , 
2.3074615, 0.0065461, , , , , , , 2.3074615, 0.0562295, , , , , , , 2.3074615, -0.0988632, , , , , , , 2.3074615, -0.0129244, , , , , , , , , , , , , , , , , , , , , , , , , , , , 
2.3079808, 0.0105745, , , , , , , 2.3079808, 0.0372625, , , , , , , 2.3079808, -0.0871138, , , , , , , 2.3079808, -0.0099031, , , , , , , , , , , , , , , , , , , , , , , , , , , , 
2.3085, 0.0199741, , , , , , , 2.3085, 0.0407874, , , , , , , 2.3085, -0.079057, , , , , , , 2.3085, -0.0030213, , , , , , , , , , , , , , , , , , , , , , , , , , , , 
2.3090192, 0.0265202, , , , , , , 2.3090192, 0.0125887, , , , , , , 2.3090192, -0.0743572, , , , , , , 2.3090192, 0.0048676, , , , , , , , , , , , , , , , , , , , , , , , , , , , 
2.3095385, 0.0280308, , , , , , , 2.3095385, -0.0491798, , , , , , , 2.3095385, -0.0718395, , , , , , , 2.3095385, 0.0139315, , , , , , , , , , , , , , , , , , , , , , , , , , , , 
2.3100577, 0.0273594, , , , , , , 2.3100577, -0.0827497, , , , , , , 2.3100577, -0.0696574, , , , , , , 2.3100577, 0.0226596, , , , , , , , , , , , , , , , , , , , , , , , , , , , 
2.3105769, 0.0216526, , , , , , , 2.3105769, -0.0627756, , , , , , , 2.3105769, -0.0622721, , , , , , , 2.3105769, 0.0320592, , , , , , , , , , , , , , , , , , , , , , , , , , , , 
2.3110962, 0.0127565, , , , , , , 2.3110962, -0.0176242, , , , , , , 2.3110962, -0.0503548, , , , , , , 2.3110962, 0.0424659, , , , , , , , , , , , , , , , , , , , , , , , , , , , 
2.3116154, 0.0038605, , , , , , , 2.3116154, 0.0025177, , , , , , , 2.3116154, -0.0340734, , , , , , , 2.3116154, 0.0527047, , , , , , , , , , , , , , , , , , , , , , , , , , , , 
2.3121346, -0.002182, , , , , , , 2.3121346, -0.0166171, , , , , , , 2.3121346, -0.0135958, , , , , , , 2.3121346, 0.0595865, , , , , , , , , , , , , , , , , , , , , , , , , , , , 
2.3126538, -0.01561, , , , , , , 2.3126538, -0.0518654, , , , , , , 2.3126538, 0.0139315, , , , , , , 2.3126538, 0.0622721, , , , , , , , , , , , , , , , , , , , , , , , , , , , 
2.3131731, -0.0345769, , , , , , , 2.3131731, -0.0864424, , , , , , , 2.3131731, 0.0508583, , , , , , , 2.3131731, 0.064622, , , , , , , , , , , , , , , , , , , , , , , , , , , , 
2.3136923, -0.0464942, , , , , , , 2.3136923, -0.1136339, , , , , , , 2.3136923, 0.0881209, , , , , , , 2.3136923, 0.0676432, , , , , , , , , , , , , , , , , , , , , , , , , , , , 
2.3142115, -0.051194, , , , , , , 2.3142115, -0.117998, , , , , , , 2.3142115, 0.1059129, , , , , , , 2.3142115, 0.0669718, , , , , , , , , , , , , , , , , , , , , , , , , , , , 
2.3147308, -0.0518654, , , , , , , 2.3147308, -0.0938277, , , , , , , 2.3147308, 0.0997024, , , , , , , 2.3147308, 0.057908, , , , , , , , , , , , , , , , , , , , , , , , , , , , 
2.31525, -0.0438087, , , , , , , 2.31525, -0.0632792, , , , , , , 2.31525, 0.0814069, , , , , , , 2.31525, 0.0475013, , , , , , , , , , , , , , , , , , , , , , , , , , , , 
2.3157692, -0.0283665, , , , , , , 2.3157692, -0.0391089, , , , , , , 2.3157692, 0.0666361, , , , , , , 2.3157692, 0.040116, , , , , , , , , , , , , , , , , , , , , , , , , , , , 
2.3162885, -0.0229953, , , , , , , 2.3162885, -0.0058747, , , , , , , 2.3162885, 0.0642863, , , , , , , 2.3162885, 0.0357519, , , , , , , , , , , , , , , , , , , , , , , , , , , , 
2.3168077, -0.0330663, , , , , , , 2.3168077, 0.038941, , , , , , , 2.3168077, 0.0669718, , , , , , , 2.3168077, 0.0339055, , , , , , , , , , , , , , , , , , , , , , , , , , , , 
2.3173269, -0.0399481, , , , , , , 2.3173269, 0.054551, , , , , , , 2.3173269, 0.0669718, , , , , , , 2.3173269, 0.0317235, , , , , , , , , , , , , , , , , , , , , , , , , , , , 
2.3178462, -0.0347448, , , , , , , 2.3178462, 0.0399481, , , , , , , 2.3178462, 0.0649577, , , , , , , 2.3178462, 0.0307164, , , , , , , , , , , , , , , , , , , , , , , , , , , , 
2.3183654, -0.030045, , , , , , , 2.3183654, 0.0226596, , , , , , , 2.3183654, 0.0589151, , , , , , , 2.3183654, 0.033402, , , , , , , , , , , , , , , , , , , , , , , , , , , , 
2.3188846, -0.0276951, , , , , , , 2.3188846, 0.0112459, , , , , , , 2.3188846, 0.0476692, , , , , , , 2.3188846, 0.0345769, , , , , , , , , , , , , , , , , , , , , , , , , , , , 
2.3194038, -0.0236667, , , , , , , 2.3194038, 0.0001678, , , , , , , 2.3194038, 0.0387732, , , , , , , 2.3194038, 0.0307164, , , , , , , , , , , , , , , , , , , , , , , , , , , , 
2.3199231, -0.0149386, , , , , , , 2.3199231, -0.0050355, , , , , , , 2.3199231, 0.0347448, , , , , , , 2.3199231, 0.0280308, , , , , , , , , , , , , , , , , , , , , , , , , , , , 
2.3204423, -0.0129244, , , , , , , 2.3204423, -0.0218204, , , , , , , 2.3204423, 0.0276951, , , , , , , 2.3204423, 0.0226596, , , , , , , , , , , , , , , , , , , , , , , , , , , , 
2.3209615, -0.0117494, , , , , , , 2.3209615, -0.0629435, , , , , , , 2.3209615, 0.0132601, , , , , , , 2.3209615, 0.0152743, , , , , , , , , , , , , , , , , , , , , , , , , , , , 
2.3214808, -0.005539, , , , , , , 2.3214808, -0.0918135, , , , , , , 2.3214808, -0.0095674, , , , , , , 2.3214808, 0.0062104, , , , , , , , , , , , , , , , , , , , , , , , , , , , 
2.322, -0.0001678, , , , , , , 2.322, -0.1005417, , , , , , , 2.322, -0.0386053, , , , , , , 2.322, -0.0031891, , , , , , , , , , , , , , , , , , , , , , , , , , , , 
2.3225192, 0.0052033, , , , , , , 2.3225192, -0.1082628, , , , , , , 2.3225192, -0.0605936, , , , , , , 2.3225192, -0.012253, , , , , , , , , , , , , , , , , , , , , , , , , , , , 
2.3230385, 0.0139315, , , , , , , 2.3230385, -0.0911421, , , , , , , 2.3230385, -0.0673075, , , , , , , 2.3230385, -0.0191348, , , , , , , , , , , , , , , , , , , , , , , , , , , , 
2.3235577, 0.0196384, , , , , , , 2.3235577, -0.0464942, , , , , , , 2.3235577, -0.0589151, , , , , , , 2.3235577, -0.0182956, , , , , , , , , , , , , , , , , , , , , , , , , , , , 
2.3240769, 0.0236667, , , , , , , 2.3240769, -0.0125887, , , , , , , 2.3240769, -0.0433051, , , , , , , 2.3240769, -0.0176242, , , , , , , , , , , , , , , , , , , , , , , , , , , , 
2.3245962, 0.0315557, , , , , , , 2.3245962, 0.0018463, , , , , , , 2.3245962, -0.030045, , , , , , , 2.3245962, -0.0246738, , , , , , , , , , , , , , , , , , , , , , , , , , , , 
2.3251154, 0.0424659, , , , , , , 2.3251154, 0.0162814, , , , , , , 2.3251154, -0.0206455, , , , , , , 2.3251154, -0.0325628, , , , , , , , , , , , , , , , , , , , , , , , , , , , 
2.3256346, 0.0495155, , , , , , , 2.3256346, 0.0354162, , , , , , , 2.3256346, -0.0182956, , , , , , , 2.3256346, -0.0337377, , , , , , , , , , , , , , , , , , , , , , , , , , , , 
2.3261538, 0.0495155, , , , , , , 2.3261538, 0.0421302, , , , , , , 2.3261538, -0.0097353, , , , , , , 2.3261538, -0.0273594, , , , , , , , , , , , , , , , , , , , , , , , , , , , 
2.3266731, 0.0500191, , , , , , , 2.3266731, 0.0172885, , , , , , , 2.3266731, 0.0276951, , , , , , , 2.3266731, -0.0176242, , , , , , , , , , , , , , , , , , , , , , , , , , , , 
2.3271923, 0.0491798, , , , , , , 2.3271923, -0.0256809, , , , , , , 2.3271923, 0.082414, , , , , , , 2.3271923, -0.0035248, , , , , , , , , , , , , , , , , , , , , , , , , , , , 
2.3277115, 0.0481727, , , , , , , 2.3277115, -0.0614328, , , , , , , 2.3277115, 0.111284, , , , , , , 2.3277115, 0.0151064, , , , , , , , , , , , , , , , , , , , , , , , , , , , 
2.3282308, 0.0515297, , , , , , , 2.3282308, -0.0533761, , , , , , , 2.3282308, 0.1097734, , , , , , , 2.3282308, 0.0357519, , , , , , , , , , , , , , , , , , , , , , , , , , , , 
2.32875, 0.054551, , , , , , , 2.32875, -0.0062104, , , , , , , 2.32875, 0.0918135, , , , , , , 2.32875, 0.0522011, , , , , , , , , , , , , , , , , , , , , , , , , , , , 
2.3292692, 0.0513619, , , , , , , 2.3292692, 0.0569009, , , , , , , 2.3292692, 0.082414, , , , , , , 2.3292692, 0.0589151, , , , , , , , , , , , , , , , , , , , , , , , , , , , 
2.3297885, 0.0428016, , , , , , , 2.3297885, 0.1038987, , , , , , , 2.3297885, 0.1153124, , , , , , , 2.3297885, 0.0562295, , , , , , , , , , , , , , , , , , , , , , , , , , , , 
2.3303077, 0.027863, , , , , , , 2.3303077, 0.1287404, , , , , , , 2.3303077, 0.1693599, , , , , , , 2.3303077, 0.0505226, , , , , , , , , , , , , , , , , , , , , , , , , , , , 
2.3308269, 0.01561, , , , , , , 2.3308269, 0.1267262, , , , , , , 2.3308269, 0.1790951, , , , , , , 2.3308269, 0.0475013, , , , , , , , , , , , , , , , , , , , , , , , , , , , 
2.3313462, 0.0052033, , , , , , , 2.3313462, 0.1028916, , , , , , , 2.3313462, 0.1371328, , , , , , , 2.3313462, 0.0454871, , , , , , , , , , , , , , , , , , , , , , , , , , , , 
2.3318654, -0.0008392, , , , , , , 2.3318654, 0.0688182, , , , , , , 2.3318654, 0.0777142, , , , , , , 2.3318654, 0.0468299, , , , , , , , , , , , , , , , , , , , , , , , , , , , 
2.3323846, -0.0041962, , , , , , , 2.3323846, 0.0307164, , , , , , , 2.3323846, 0.0112459, , , , , , , 2.3323846, 0.0520333, , , , , , , , , , , , , , , , , , , , , , , , , , , , 
2.3329038, -0.0082246, , , , , , , 2.3329038, 0.0105745, , , , , , , 2.3329038, -0.0632792, , , , , , , 2.3329038, 0.0562295, , , , , , , , , , , , , , , , , , , , , , , , , , , , 
2.3334231, -0.0149386, , , , , , , 2.3334231, 0.0313878, , , , , , , 2.3334231, -0.1230335, , , , , , , 2.3334231, 0.0622721, , , , , , , , , , , , , , , , , , , , , , , , , , , , 
2.3339423, -0.0182956, , , , , , , 2.3339423, 0.0762036, , , , , , , 2.3339423, -0.1555962, , , , , , , 2.3339423, 0.0616007, , , , , , , , , , , , , , , , , , , , , , , , , , , , 
2.3344615, -0.010071, , , , , , , 2.3344615, 0.0683146, , , , , , , 2.3344615, -0.1673457, , , , , , , 2.3344615, 0.0533761, , , , , , , , , , , , , , , , , , , , , , , , , , , , 
2.3349808, -0.0038605, , , , , , , 2.3349808, -0.0176242, , , , , , , 2.3349808, -0.163653, , , , , , , 2.3349808, 0.0414588, , , , , , , , , , , , , , , , , , , , , , , , , , , , 
2.3355, -0.0038605, , , , , , , 2.3355, -0.0998703, , , , , , , 2.3355, -0.1545892, , , , , , , 2.3355, 0.0318914, , , , , , , , , , , , , , , , , , , , , , , , , , , , 
2.3360192, -0.0008392, , , , , , , 2.3360192, -0.1203479, , , , , , , 2.3360192, -0.1545892, , , , , , , 2.3360192, 0.0258488, , , , , , , , , , , , , , , , , , , , , , , , , , , , 
2.3365385, 0.0031891, , , , , , , 2.3365385, -0.1085985, , , , , , , 2.3365385, -0.1676814, , , , , , , 2.3365385, 0.0208133, , , , , , , , , , , , , , , , , , , , , , , , , , , , 
2.3370577, 0.0038605, , , , , , , 2.3370577, -0.1176623, , , , , , , 2.3370577, -0.1804379, , , , , , , 2.3370577, 0.0146029, , , , , , , , , , , , , , , , , , , , , , , , , , , , 
2.3375769, 0.0045319, , , , , , , 2.3375769, -0.1297475, , , , , , , 2.3375769, -0.1790951, , , , , , , 2.3375769, 0.0129244, , , , , , , , , , , , , , , , , , , , , , , , , , , , 
2.3380962, 0.0011749, , , , , , , 2.3380962, -0.1106126, , , , , , , 2.3380962, -0.1643244, , , , , , , 2.3380962, 0.01561, , , , , , , , , , , , , , , , , , , , , , , , , , , , 
2.3386154, -0.005539, , , , , , , 2.3386154, -0.0686503, , , , , , , 2.3386154, -0.1451896, , , , , , , 2.3386154, 0.01561, , , , , , , , , , , , , , , , , , , , , , , , , , , , 
2.3391346, -0.0038605, , , , , , , 2.3391346, -0.0263523, , , , , , , 2.3391346, -0.1326009, , , , , , , 2.3391346, 0.0104067, , , , , , , , , , , , , , , , , , , , , , , , , , , , 
2.3396538, 0.0092317, , , , , , , 2.3396538, 0.0063783, , , , , , , 2.3396538, -0.1233692, , , , , , , 2.3396538, 0.0016785, , , , , , , , , , , , , , , , , , , , , , , , , , , , 
2.3401731, 0.0240024, , , , , , , 2.3401731, 0.0310521, , , , , , , 2.3401731, -0.1055772, , , , , , , 2.3401731, -0.0058747, , , , , , , , , , , , , , , , , , , , , , , , , , , , 
2.3406923, 0.0313878, , , , , , , 2.3406923, 0.0453193, , , , , , , 2.3406923, -0.0834211, , , , , , , 2.3406923, -0.0082246, , , , , , , , , , , , , , , , , , , , , , , , , , , , 
2.3412115, 0.0365911, , , , , , , 2.3412115, 0.0471656, , , , , , , 2.3412115, -0.0652934, , , , , , , 2.3412115, -0.0068818, , , , , , , , , , , , , , , , , , , , , , , , , , , , 
2.3417308, 0.043473, , , , , , , 2.3417308, 0.049012, , , , , , , 2.3417308, -0.0458228, , , , , , , 2.3417308, -0.002182, , , , , , , , , , , , , , , , , , , , , , , , , , , , 
2.34225, 0.0522011, , , , , , , 2.34225, 0.0495155, , , , , , , 2.34225, -0.0250095, , , , , , , 2.34225, 0.0011749, , , , , , , , , , , , , , , , , , , , , , , , , , , , 
2.3427692, 0.0595865, , , , , , , 2.3427692, 0.0486763, , , , , , , 2.3427692, -0.0072175, , , , , , , 2.3427692, 0.0005035, , , , , , , , , , , , , , , , , , , , , , , , , , , , 
2.3432885, 0.0589151, , , , , , , 2.3432885, 0.03122, , , , , , , 2.3432885, 0.0070497, , , , , , , 2.3432885, -0.0078889, , , , , , , , , , , , , , , , , , , , , , , , , , , , 
2.3438077, 0.0520333, , , , , , , 2.3438077, 0.0068818, , , , , , , 2.3438077, 0.017792, , , , , , , 2.3438077, -0.0213169, , , , , , , , , , , , , , , , , , , , , , , , , , , , 
2.3443269, 0.0562295, , , , , , , 2.3443269, 0.0048676, , , , , , , 2.3443269, 0.0226596, , , , , , , 2.3443269, -0.036759, , , , , , , , , , , , , , , , , , , , , , , , , , , , 
2.3448462, 0.068986, , , , , , , 2.3448462, 0.0025177, , , , , , , 2.3448462, 0.0256809, , , , , , , 2.3448462, -0.0501869, , , , , , , , , , , , , , , , , , , , , , , , , , , , 
2.3453654, 0.0750286, , , , , , , 2.3453654, -0.0176242, , , , , , , 2.3453654, 0.0293736, , , , , , , 2.3453654, -0.0540475, , , , , , , , , , , , , , , , , , , , , , , , , , , , 
2.3458846, 0.0720073, , , , , , , 2.3458846, -0.0377661, , , , , , , 2.3458846, 0.0317235, , , , , , , 2.3458846, -0.0548867, , , , , , , , , , , , , , , , , , , , , , , , , , , , 
2.3464038, 0.0720073, , , , , , , 2.3464038, -0.0370947, , , , , , , 2.3464038, 0.0320592, , , , , , , 2.3464038, -0.0575723, , , , , , , , , , , , , , , , , , , , , , , , , , , , 
2.3469231, 0.0793927, , , , , , , 2.3469231, -0.0250095, , , , , , , 2.3469231, 0.033402, , , , , , , 2.3469231, -0.0589151, , , , , , , , , , , , , , , , , , , , , , , , , , , , 
2.3474423, 0.0877852, , , , , , , 2.3474423, -0.0196384, , , , , , , 2.3474423, 0.036759, , , , , , , 2.3474423, -0.0555581, , , , , , , , , , , , , , , , , , , , , , , , , , , , 
2.3479615, 0.0837568, , , , , , , 2.3479615, -0.0072175, , , , , , , 2.3479615, 0.0417945, , , , , , , 2.3479615, -0.0461585, , , , , , , , , , , , , , , , , , , , , , , , , , , , 
2.3484808, 0.0647898, , , , , , , 2.3484808, 0.0065461, , , , , , , 2.3484808, 0.0454871, , , , , , , 2.3484808, -0.0323949, , , , , , , , , , , , , , , , , , , , , , , , , , , , 
2.349, 0.0464942, , , , , , , 2.349, -0.0030213, , , , , , , 2.349, 0.0505226, , , , , , , 2.349, -0.0166171, , , , , , , , , , , , , , , , , , , , , , , , , , , , 
2.3495192, 0.0323949, , , , , , , 2.3495192, -0.0330663, , , , , , , 2.3495192, 0.0548867, , , , , , , 2.3495192, -0.0001678, , , , , , , , , , , , , , , , , , , , , , , , , , , , 
2.3500385, 0.0236667, , , , , , , 2.3500385, -0.0399481, , , , , , , 2.3500385, 0.057908, , , , , , , 2.3500385, 0.0159457, , , , , , , , , , , , , , , , , , , , , , , , , , , , 
2.3505577, 0.0172885, , , , , , , 2.3505577, 0.0018463, , , , , , , 2.3505577, 0.0609293, , , , , , , 2.3505577, 0.0325628, , , , , , , , , , , , , , , , , , , , , , , , , , , , 
2.3510769, 0.0095674, , , , , , , 2.3510769, 0.030045, , , , , , , 2.3510769, 0.0616007, , , , , , , 2.3510769, 0.0464942, , , , , , , , , , , , , , , , , , , , , , , , , , , , 
2.3515962, -0.0005035, , , , , , , 2.3515962, 0.0099031, , , , , , , 2.3515962, 0.0575723, , , , , , , 2.3515962, 0.0535439, , , , , , , , , , , , , , , , , , , , , , , , , , , , 
2.3521154, -0.0124208, , , , , , , 2.3521154, -0.0260166, , , , , , , 2.3521154, 0.0513619, , , , , , , 2.3521154, 0.0575723, , , , , , , , , , , , , , , , , , , , , , , , , , , , 
2.3526346, -0.0196384, , , , , , , 2.3526346, -0.0565652, , , , , , , 2.3526346, 0.0461585, , , , , , , 2.3526346, 0.06009, , , , , , , , , , , , , , , , , , , , , , , , , , , , 
2.3531538, -0.0218204, , , , , , , 2.3531538, -0.0666361, , , , , , , 2.3531538, 0.0428016, , , , , , , 2.3531538, 0.0595865, , , , , , , , , , , , , , , , , , , , , , , , , , , , 
2.3536731, -0.0236667, , , , , , , 2.3536731, -0.0458228, , , , , , , 2.3536731, 0.0414588, , , , , , , 2.3536731, 0.0602579, , , , , , , , , , , , , , , , , , , , , , , , , , , , 
2.3541923, -0.018967, , , , , , , 2.3541923, -0.0018463, , , , , , , 2.3541923, 0.0417945, , , , , , , 2.3541923, 0.0639506, , , , , , , , , , , , , , , , , , , , , , , , , , , , 
2.3547115, -0.0052033, , , , , , , 2.3547115, 0.0454871, , , , , , , 2.3547115, 0.0421302, , , , , , , 2.3547115, 0.0676432, , , , , , , , , , , , , , , , , , , , , , , , , , , , 
2.3552308, 0.0105745, , , , , , , 2.3552308, 0.0773785, , , , , , , 2.3552308, 0.0419623, , , , , , , 2.3552308, 0.0706645, , , , , , , , , , , , , , , , , , , , , , , , , , , , 
2.35575, 0.0169528, , , , , , , 2.35575, 0.0820783, , , , , , , 2.35575, 0.0426337, , , , , , , 2.35575, 0.072343, , , , , , , , , , , , , , , , , , , , , , , , , , , , 
2.3562692, 0.0169528, , , , , , , 2.3562692, 0.0750286, , , , , , , 2.3562692, 0.0459907, , , , , , , 2.3562692, 0.072343, , , , , , , , , , , , , , , , , , , , , , , , , , , , 
2.3567885, 0.0179599, , , , , , , 2.3567885, 0.0652934, , , , , , , 2.3567885, 0.0475013, , , , , , , 2.3567885, 0.0721752, , , , , , , , , , , , , , , , , , , , , , , , , , , , 
2.3573077, 0.0213169, , , , , , , 2.3573077, 0.0374304, , , , , , , 2.3573077, 0.0421302, , , , , , , 2.3573077, 0.0703288, , , , , , , , , , , , , , , , , , , , , , , , , , , , 
2.3578269, 0.0313878, , , , , , , 2.3578269, 0.0038605, , , , , , , 2.3578269, 0.0327306, , , , , , , 2.3578269, 0.0631113, , , , , , , , , , , , , , , , , , , , , , , , , , , , 
2.3583462, 0.0360876, , , , , , , 2.3583462, -0.0229953, , , , , , , 2.3583462, 0.0240024, , , , , , , 2.3583462, 0.0508583, , , , , , , , , , , , , , , , , , , , , , , , , , , , 
2.3588654, 0.0340734, , , , , , , 2.3588654, -0.0522011, , , , , , , 2.3588654, 0.0152743, , , , , , , 2.3588654, 0.0354162, , , , , , , , , , , , , , , , , , , , , , , , , , , , 
2.3593846, 0.0327306, , , , , , , 2.3593846, -0.0965133, , , , , , , 2.3593846, 0.0058747, , , , , , , 2.3593846, 0.0216526, , , , , , , , , , , , , , , , , , , , , , , , , , , , 
2.3599038, 0.0350805, , , , , , , 2.3599038, -0.1465324, , , , , , , 2.3599038, 0.0005035, , , , , , , 2.3599038, 0.0119173, , , , , , , , , , , , , , , , , , , , , , , , , , , , 
2.3604231, 0.0340734, , , , , , , 2.3604231, -0.1607996, , , , , , , 2.3604231, 0.0011749, , , , , , , 2.3604231, 0.0065461, , , , , , , , , , , , , , , , , , , , , , , , , , , , 
2.3609423, 0.0323949, , , , , , , 2.3609423, -0.1277333, , , , , , , 2.3609423, 0.0058747, , , , , , , 2.3609423, 0.0058747, , , , , , , , , , , , , , , , , , , , , , , , , , , , 
2.3614615, 0.0297093, , , , , , , 2.3614615, -0.0894636, , , , , , , 2.3614615, 0.0095674, , , , , , , 2.3614615, 0.0125887, , , , , , , , , , , , , , , , , , , , , , , , , , , , 
2.3619808, 0.0256809, , , , , , , 2.3619808, -0.0706645, , , , , , , 2.3619808, 0.0102388, , , , , , , 2.3619808, 0.0204776, , , , , , , , , , , , , , , , , , , , , , , , , , , , 
2.3625, 0.0236667, , , , , , , 2.3625, -0.047837, , , , , , , 2.3625, 0.0102388, , , , , , , 2.3625, 0.0276951, , , , , , , , , , , , , , , , , , , , , , , , , , , , 
2.3630192, 0.0179599, , , , , , , 2.3630192, 0.0031891, , , , , , , 2.3630192, 0.0119173, , , , , , , 2.3630192, 0.0354162, , , , , , , , , , , , , , , , , , , , , , , , , , , , 
2.3635385, 0.0125887, , , , , , , 2.3635385, 0.0508583, , , , , , , 2.3635385, 0.0193027, , , , , , , 2.3635385, 0.0424659, , , , , , , , , , , , , , , , , , , , , , , , , , , , 
2.3640577, 0.0149386, , , , , , , 2.3640577, 0.0686503, , , , , , , 2.3640577, 0.0280308, , , , , , , 2.3640577, 0.0453193, , , , , , , , , , , , , , , , , , , , , , , , , , , , 
2.3645769, 0.0226596, , , , , , , 2.3645769, 0.0629435, , , , , , , 2.3645769, 0.0260166, , , , , , , 2.3645769, 0.0350805, , , , , , , , , , , , , , , , , , , , , , , , , , , , 
2.3650962, 0.0280308, , , , , , , 2.3650962, 0.0417945, , , , , , , 2.3650962, 0.0135958, , , , , , , 2.3650962, 0.0179599, , , , , , , , , , , , , , , , , , , , , , , , , , , , 
2.3656154, 0.0260166, , , , , , , 2.3656154, 0.0119173, , , , , , , 2.3656154, -0.0035248, , , , , , , 2.3656154, 0.0035248, , , , , , , , , , , , , , , , , , , , , , , , , , , , 
2.3661346, 0.026688, , , , , , , 2.3661346, -0.0162814, , , , , , , 2.3661346, -0.0179599, , , , , , , 2.3661346, -0.0105745, , , , , , , , , , , , , , , , , , , , , , , , , , , , 
2.3666538, 0.0323949, , , , , , , 2.3666538, -0.0384375, , , , , , , 2.3666538, -0.0337377, , , , , , , 2.3666538, -0.0283665, , , , , , , , , , , , , , , , , , , , , , , , , , , , 
2.3671731, 0.0350805, , , , , , , 2.3671731, -0.0605936, , , , , , , 2.3671731, -0.0491798, , , , , , , 2.3671731, -0.0436408, , , , , , , , , , , , , , , , , , , , , , , , , , , , 
2.3676923, 0.0323949, , , , , , , 2.3676923, -0.0720073, , , , , , , 2.3676923, -0.0555581, , , , , , , 2.3676923, -0.0493477, , , , , , , , , , , , , , , , , , , , , , , , , , , , 
2.3682115, 0.0246738, , , , , , , 2.3682115, -0.0582437, , , , , , , 2.3682115, -0.0575723, , , , , , , 2.3682115, -0.0453193, , , , , , , , , , , , , , , , , , , , , , , , , , , , 
2.3687308, 0.0172885, , , , , , , 2.3687308, -0.0290379, , , , , , , 2.3687308, -0.0616007, , , , , , , 2.3687308, -0.0381018, , , , , , , , , , , , , , , , , , , , , , , , , , , , 
2.36925, 0.0142672, , , , , , , 2.36925, -0.0062104, , , , , , , 2.36925, -0.0674754, , , , , , , 2.36925, -0.0332341, , , , , , , , , , , , , , , , , , , , , , , , , , , , 
2.3697692, 0.0119173, , , , , , , 2.3697692, -0.0035248, , , , , , , 2.3697692, -0.0713359, , , , , , , 2.3697692, -0.0290379, , , , , , , , , , , , , , , , , , , , , , , , , , , , 
2.3702885, 0.0045319, , , , , , , 2.3702885, -0.0072175, , , , , , , 2.3702885, -0.0740215, , , , , , , 2.3702885, -0.0213169, , , , , , , , , , , , , , , , , , , , , , , , , , , , 
2.3708077, -0.0125887, , , , , , , 2.3708077, 0.0038605, , , , , , , 2.3708077, -0.0713359, , , , , , , 2.3708077, -0.0109102, , , , , , , , , , , , , , , , , , , , , , , , , , , , 
2.3713269, -0.0297093, , , , , , , 2.3713269, 0.0216526, , , , , , , 2.3713269, -0.0527047, , , , , , , 2.3713269, -0.0015106, , , , , , , , , , , , , , , , , , , , , , , , , , , , 
2.3718462, -0.0431373, , , , , , , 2.3718462, 0.0231632, , , , , , , 2.3718462, -0.0169528, , , , , , , 2.3718462, 0.0075532, , , , , , , , , , , , , , , , , , , , , , , , , , , , 
2.3723654, -0.0538796, , , , , , , 2.3723654, 0.0159457, , , , , , , 2.3723654, 0.0186313, , , , , , , 2.3723654, 0.0152743, , , , , , , , , , , , , , , , , , , , , , , , , , , , 
2.3728846, -0.0642863, , , , , , , 2.3728846, 0.0290379, , , , , , , 2.3728846, 0.0488441, , , , , , , 2.3728846, 0.0206455, , , , , , , , , , , , , , , , , , , , , , , , , , , , 
2.3734038, -0.0733501, , , , , , , 2.3734038, 0.0461585, , , , , , , 2.3734038, 0.0652934, , , , , , , 2.3734038, 0.026688, , , , , , , , , , , , , , , , , , , , , , , , , , , , 
2.3739231, -0.0797284, , , , , , , 2.3739231, 0.0448157, , , , , , , 2.3739231, 0.0582437, , , , , , , 2.3739231, 0.0307164, , , , , , , , , , , , , , , , , , , , , , , , , , , , 
2.3744423, -0.0807355, , , , , , , 2.3744423, 0.0344091, , , , , , , 2.3744423, 0.0327306, , , , , , , 2.3744423, 0.0273594, , , , , , , , , , , , , , , , , , , , , , , , , , , , 
2.3749615, -0.0686503, , , , , , , 2.3749615, 0.0310521, , , , , , , 2.3749615, 0.0041962, , , , , , , 2.3749615, 0.0206455, , , , , , , , , , , , , , , , , , , , , , , , , , , , 
2.3754808, -0.047837, , , , , , , 2.3754808, 0.0344091, , , , , , , 2.3754808, -0.018967, , , , , , , 2.3754808, 0.0182956, , , , , , , , , , , , , , , , , , , , , , , , , , , , 
2.376, -0.030045, , , , , , , 2.376, 0.030045, , , , , , , 2.376, -0.0377661, , , , , , , 2.376, 0.0213169, , , , , , , , , , , , , , , , , , , , , , , , , , , , 
2.3765192, -0.0186313, , , , , , , 2.3765192, 0.0186313, , , , , , , 2.3765192, -0.0493477, , , , , , , 2.3765192, 0.0287022, , , , , , , , , , , , , , , , , , , , , , , , , , , , 
2.3770385, -0.0182956, , , , , , , 2.3770385, 0.0035248, , , , , , , 2.3770385, -0.0558938, , , , , , , 2.3770385, 0.0381018, , , , , , , , , , , , , , , , , , , , , , , , , , , , 
2.3775577, -0.0260166, , , , , , , 2.3775577, -0.0223239, , , , , , , 2.3775577, -0.0632792, , , , , , , 2.3775577, 0.0454871, , , , , , , , , , , , , , , , , , , , , , , , , , , , 
2.3780769, -0.0330663, , , , , , , 2.3780769, -0.0458228, , , , , , , 2.3780769, -0.0693217, , , , , , , 2.3780769, 0.047837, , , , , , , , , , , , , , , , , , , , , , , , , , , , 
2.3785962, -0.0290379, , , , , , , 2.3785962, -0.047837, , , , , , , 2.3785962, -0.0760357, , , , , , , 2.3785962, 0.0428016, , , , , , , , , , , , , , , , , , , , , , , , , , , , 
2.3791154, -0.0213169, , , , , , , 2.3791154, -0.0297093, , , , , , , 2.3791154, -0.0874495, , , , , , , 2.3791154, 0.0330663, , , , , , , , , , , , , , , , , , , , , , , , , , , , 
2.3796346, -0.0182956, , , , , , , 2.3796346, -0.0031891, , , , , , , 2.3796346, -0.0981918, , , , , , , 2.3796346, 0.0213169, , , , , , , , , , , , , , , , , , , , , , , , , , , , 
2.3801538, -0.0184634, , , , , , , 2.3801538, 0.0166171, , , , , , , 2.3801538, -0.1005417, , , , , , , 2.3801538, 0.0085603, , , , , , , , , , , , , , , , , , , , , , , , , , , , 
2.3806731, -0.0142672, , , , , , , 2.3806731, 0.0243381, , , , , , , 2.3806731, -0.0936599, , , , , , , 2.3806731, -0.0011749, , , , , , , , , , , , , , , , , , , , , , , , , , , , 
2.3811923, -0.0125887, , , , , , , 2.3811923, 0.0193027, , , , , , , 2.3811923, -0.0797284, , , , , , , 2.3811923, -0.0085603, , , , , , , , , , , , , , , , , , , , , , , , , , , , 
2.3817115, -0.0182956, , , , , , , 2.3817115, -0.008896, , , , , , , 2.3817115, -0.0609293, , , , , , , 2.3817115, -0.0135958, , , , , , , , , , , , , , , , , , , , , , , , , , , , 
2.3822308, -0.0243381, , , , , , , 2.3822308, -0.0317235, , , , , , , 2.3822308, -0.0397803, , , , , , , 2.3822308, -0.0176242, , , , , , , , , , , , , , , , , , , , , , , , , , , , 
2.38275, -0.0256809, , , , , , , 2.38275, -0.0162814, , , , , , , 2.38275, -0.023331, , , , , , , 2.38275, -0.0209812, , , , , , , , , , , , , , , , , , , , , , , , , , , , 
2.3832692, -0.0216526, , , , , , , 2.3832692, 0.0164492, , , , , , , 2.3832692, -0.0169528, , , , , , , 2.3832692, -0.0256809, , , , , , , , , , , , , , , , , , , , , , , , , , , , 
2.3837885, -0.0129244, , , , , , , 2.3837885, 0.033402, , , , , , , 2.3837885, -0.0172885, , , , , , , 2.3837885, -0.0330663, , , , , , , , , , , , , , , , , , , , , , , , , , , , 
2.3843077, -0.0062104, , , , , , , 2.3843077, 0.0370947, , , , , , , 2.3843077, -0.0139315, , , , , , , 2.3843077, -0.0406195, , , , , , , , , , , , , , , , , , , , , , , , , , , , 
2.3848269, 0.005539, , , , , , , 2.3848269, 0.0428016, , , , , , , 2.3848269, -0.0016785, , , , , , , 2.3848269, -0.0471656, , , , , , , , , , , , , , , , , , , , , , , , , , , , 
2.3853462, 0.0219883, , , , , , , 2.3853462, 0.0565652, , , , , , , 2.3853462, 0.0072175, , , , , , , 2.3853462, -0.0488441, , , , , , , , , , , , , , , , , , , , , , , , , , , , 
2.3858654, 0.0394446, , , , , , , 2.3858654, 0.0777142, , , , , , , 2.3858654, 0.0085603, , , , , , , 2.3858654, -0.0481727, , , , , , , , , , , , , , , , , , , , , , , , , , , , 
2.3863846, 0.0522011, , , , , , , 2.3863846, 0.1049058, , , , , , , 2.3863846, 0.0031891, , , , , , , 2.3863846, -0.0498512, , , , , , , , , , , , , , , , , , , , , , , , , , , , 
2.3869038, 0.0552224, , , , , , , 2.3869038, 0.1018845, , , , , , , 2.3869038, -0.0068818, , , , , , , 2.3869038, -0.0558938, , , , , , , , , , , , , , , , , , , , , , , , , , , , 
2.3874231, 0.0495155, , , , , , , 2.3874231, 0.0495155, , , , , , , 2.3874231, -0.0095674, , , , , , , 2.3874231, -0.0602579, , , , , , , , , , , , , , , , , , , , , , , , , , , , 
2.3879423, 0.0417945, , , , , , , 2.3879423, -0.017792, , , , , , , 2.3879423, 0.0045319, , , , , , , 2.3879423, -0.0587472, , , , , , , , , , , , , , , , , , , , , , , , , , , , 
2.3884615, 0.0354162, , , , , , , 2.3884615, -0.0619364, , , , , , , 2.3884615, 0.0273594, , , , , , , 2.3884615, -0.051194, , , , , , , , , , , , , , , , , , , , , , , , , , , , 
2.3889808, 0.0293736, , , , , , , 2.3889808, -0.0798962, , , , , , , 2.3889808, 0.0471656, , , , , , , 2.3889808, -0.0428016, , , , , , , , , , , , , , , , , , , , , , , , , , , , 
2.3895, 0.0219883, , , , , , , 2.3895, -0.0931563, , , , , , , 2.3895, 0.0636149, , , , , , , 2.3895, -0.0350805, , , , , , , , , , , , , , , , , , , , , , , , , , , , 
2.3900192, 0.011078, , , , , , , 2.3900192, -0.1085985, , , , , , , 2.3900192, 0.0763714, , , , , , , 2.3900192, -0.0256809, , , , , , , , , , , , , , , , , , , , , , , , , , , , 
2.3905385, 0.0005035, , , , , , , 2.3905385, -0.1027237, , , , , , , 2.3905385, 0.0827497, , , , , , , 2.3905385, -0.0115816, , , , , , , , , , , , , , , , , , , , , , , , , , , , 
2.3910577, -0.0035248, , , , , , , 2.3910577, -0.0773785, , , , , , , 2.3910577, 0.0767071, , , , , , , 2.3910577, 0.0015106, , , , , , , , , , , , , , , , , , , , , , , , , , , , 
2.3915769, -0.0052033, , , , , , , 2.3915769, -0.054551, , , , , , , 2.3915769, 0.0589151, , , , , , , 2.3915769, 0.0092317, , , , , , , , , , , , , , , , , , , , , , , , , , , , 
2.3920962, -0.0095674, , , , , , , 2.3920962, -0.0374304, , , , , , , 2.3920962, 0.0347448, , , , , , , 2.3920962, 0.0169528, , , , , , , , , , , , , , , , , , , , , , , , , , , , 
2.3926154, -0.0164492, , , , , , , 2.3926154, -0.0166171, , , , , , , 2.3926154, 0.0152743, , , , , , , 2.3926154, 0.0229953, , , , , , , , , , , , , , , , , , , , , , , , , , , , 
2.3931346, -0.0229953, , , , , , , 2.3931346, -0.0176242, , , , , , , 2.3931346, 0.002182, , , , , , , 2.3931346, 0.0253452, , , , , , , , , , , , , , , , , , , , , , , , , , , , 
2.3936538, -0.0253452, , , , , , , 2.3936538, -0.051194, , , , , , , 2.3936538, -0.0085603, , , , , , , 2.3936538, 0.0287022, , , , , , , , , , , , , , , , , , , , , , , , , , , , 
2.3941731, -0.018967, , , , , , , 2.3941731, -0.093492, , , , , , , 2.3941731, -0.023331, , , , , , , 2.3941731, 0.0313878, , , , , , , , , , , , , , , , , , , , , , , , , , , , 
2.3946923, -0.0115816, , , , , , , 2.3946923, -0.1257191, , , , , , , 2.3946923, -0.0397803, , , , , , , 2.3946923, 0.0280308, , , , , , , , , , , , , , , , , , , , , , , , , , , , 
2.3952115, -0.0036927, , , , , , , 2.3952115, -0.1294118, , , , , , , 2.3952115, -0.0513619, , , , , , , 2.3952115, 0.026688, , , , , , , , , , , , , , , , , , , , , , , , , , , , 
2.3957308, 0.0092317, , , , , , , 2.3957308, -0.1013809, , , , , , , 2.3957308, -0.0525368, , , , , , , 2.3957308, 0.0307164, , , , , , , , , , , , , , , , , , , , , , , , , , , , 
2.39625, 0.0193027, , , , , , , 2.39625, -0.0558938, , , , , , , 2.39625, -0.0451514, , , , , , , 2.39625, 0.040116, , , , , , , , , , , , , , , , , , , , , , , , , , , , 
2.3967692, 0.0240024, , , , , , , 2.3967692, -0.023331, , , , , , , 2.3967692, -0.0391089, , , , , , , 2.3967692, 0.0495155, , , , , , , , , , , , , , , , , , , , , , , , , , , , 
2.3972885, 0.0276951, , , , , , , 2.3972885, -0.0285344, , , , , , , 2.3972885, -0.0386053, , , , , , , 2.3972885, 0.0575723, , , , , , , , , , , , , , , , , , , , , , , , , , , , 
2.3978077, 0.0240024, , , , , , , 2.3978077, -0.0421302, , , , , , , 2.3978077, -0.040116, , , , , , , 2.3978077, 0.0642863, , , , , , , , , , , , , , , , , , , , , , , , , , , , 
2.3983269, 0.0223239, , , , , , , 2.3983269, -0.0206455, , , , , , , 2.3983269, -0.0344091, , , , , , , 2.3983269, 0.0663005, , , , , , , , , , , , , , , , , , , , , , , , , , , , 
2.3988462, 0.0298772, , , , , , , 2.3988462, 0.0186313, , , , , , , 2.3988462, -0.0229953, , , , , , , 2.3988462, 0.0636149, , , , , , , , , , , , , , , , , , , , , , , , , , , , 
2.3993654, 0.0384375, , , , , , , 2.3993654, 0.0488441, , , , , , , 2.3993654, -0.0203098, , , , , , , 2.3993654, 0.0582437, , , , , , , , , , , , , , , , , , , , , , , , , , , , 
2.3998846, 0.0459907, , , , , , , 2.3998846, 0.0713359, , , , , , , 2.3998846, -0.0260166, , , , , , , 2.3998846, 0.0488441, , , , , , , , , , , , , , , , , , , , , , , , , , , , 
2.4004038, 0.0505226, , , , , , , 2.4004038, 0.0730144, , , , , , , 2.4004038, -0.030045, , , , , , , 2.4004038, 0.0377661, , , , , , , , , , , , , , , , , , , , , , , , , , , , 
2.4009231, 0.0476692, , , , , , , 2.4009231, 0.0466621, , , , , , , 2.4009231, -0.0256809, , , , , , , 2.4009231, 0.0293736, , , , , , , , , , , , , , , , , , , , , , , , , , , , 
2.4014423, 0.040116, , , , , , , 2.4014423, 0.0166171, , , , , , , 2.4014423, -0.0142672, , , , , , , 2.4014423, 0.0256809, , , , , , , , , , , , , , , , , , , , , , , , , , , , 
2.4019615, 0.033402, , , , , , , 2.4019615, 0.0035248, , , , , , , 2.4019615, 0.0020142, , , , , , , 2.4019615, 0.0206455, , , , , , , , , , , , , , , , , , , , , , , , , , , , 
2.4024808, 0.0216526, , , , , , , 2.4024808, 0.0005035, , , , , , , 2.4024808, 0.0166171, , , , , , , 2.4024808, 0.0142672, , , , , , , , , , , , , , , , , , , , , , , , , , , , 
2.403, 0.01561, , , , , , , 2.403, -0.002182, , , , , , , 2.403, 0.0246738, , , , , , , 2.403, 0.0078889, , , , , , , , , , , , , , , , , , , , , , , , , , , , 
2.4035192, 0.0159457, , , , , , , 2.4035192, -0.0129244, , , , , , , 2.4035192, 0.027863, , , , , , , 2.4035192, 0.0005035, , , , , , , , , , , , , , , , , , , , , , , , , , , , 
2.4040385, 0.017792, , , , , , , 2.4040385, -0.0236667, , , , , , , 2.4040385, 0.0303807, , , , , , , 2.4040385, -0.0068818, , , , , , , , , , , , , , , , , , , , , , , , , , , , 
2.4045577, 0.0293736, , , , , , , 2.4045577, -0.0253452, , , , , , , 2.4045577, 0.0253452, , , , , , , 2.4045577, -0.0216526, , , , , , , , , , , , , , , , , , , , , , , , , , , , 
2.4050769, 0.0461585, , , , , , , 2.4050769, -0.0290379, , , , , , , 2.4050769, 0.0092317, , , , , , , 2.4050769, -0.0370947, , , , , , , , , , , , , , , , , , , , , , , , , , , , 
2.4055962, 0.0565652, , , , , , , 2.4055962, -0.0384375, , , , , , , 2.4055962, -0.0142672, , , , , , , 2.4055962, -0.0439765, , , , , , , , , , , , , , , , , , , , , , , , , , , , 
2.4061154, 0.0656291, , , , , , , 2.4061154, -0.0330663, , , , , , , 2.4061154, -0.0350805, , , , , , , 2.4061154, -0.0448157, , , , , , , , , , , , , , , , , , , , , , , , , , , , 
2.4066346, 0.0720073, , , , , , , 2.4066346, 0.0005035, , , , , , , 2.4066346, -0.0485084, , , , , , , 2.4066346, -0.043473, , , , , , , , , , , , , , , , , , , , , , , , , , , , 
2.4071538, 0.0743572, , , , , , , 2.4071538, 0.0414588, , , , , , , 2.4071538, -0.051194, , , , , , , 2.4071538, -0.0381018, , , , , , , , , , , , , , , , , , , , , , , , , , , , 
2.4076731, 0.0755322, , , , , , , 2.4076731, 0.0636149, , , , , , , 2.4076731, -0.0448157, , , , , , , 2.4076731, -0.0297093, , , , , , , , , , , , , , , , , , , , , , , , , , , , 
2.4081923, 0.0708324, , , , , , , 2.4081923, 0.0743572, , , , , , , 2.4081923, -0.0384375, , , , , , , 2.4081923, -0.017792, , , , , , , , , , , , , , , , , , , , , , , , , , , , 
2.4087115, 0.0610971, , , , , , , 2.4087115, 0.079057, , , , , , , 2.4087115, -0.0370947, , , , , , , 2.4087115, -0.0041962, , , , , , , , , , , , , , , , , , , , , , , , , , , , 
2.4092308, 0.0515297, , , , , , , 2.4092308, 0.0639506, , , , , , , 2.4092308, -0.0357519, , , , , , , 2.4092308, 0.0092317, , , , , , , , , , , , , , , , , , , , , , , , , , , , 
2.40975, 0.0391089, , , , , , , 2.40975, 0.0293736, , , , , , , 2.40975, -0.0283665, , , , , , , 2.40975, 0.0196384, , , , , , , , , , , , , , , , , , , , , , , , , , , , 
2.4102692, 0.0253452, , , , , , , 2.4102692, -0.0052033, , , , , , , 2.4102692, -0.012253, , , , , , , 2.4102692, 0.0293736, , , , , , , , , , , , , , , , , , , , , , , , , , , , 
2.4107885, 0.0112459, , , , , , , 2.4107885, -0.0186313, , , , , , , 2.4107885, 0.002182, , , , , , , 2.4107885, 0.0411231, , , , , , , , , , , , , , , , , , , , , , , , , , , , 
2.4113077, -0.0058747, , , , , , , 2.4113077, -0.0135958, , , , , , , 2.4113077, 0.0095674, , , , , , , 2.4113077, 0.0548867, , , , , , , , , , , , , , , , , , , , , , , , , , , , 
2.4118269, -0.0223239, , , , , , , 2.4118269, -0.0065461, , , , , , , 2.4118269, 0.012253, , , , , , , 2.4118269, 0.0696574, , , , , , , , , , , , , , , , , , , , , , , , , , , , 
2.4123462, -0.0330663, , , , , , , 2.4123462, -0.0117494, , , , , , , 2.4123462, 0.0146029, , , , , , , 2.4123462, 0.0856031, , , , , , , , , , , , , , , , , , , , , , , , , , , , 
2.4128654, -0.0377661, , , , , , , 2.4128654, -0.0109102, , , , , , , 2.4128654, 0.0159457, , , , , , , 2.4128654, 0.1013809, , , , , , , , , , , , , , , , , , , , , , , , , , , , 
2.4133846, -0.0394446, , , , , , , 2.4133846, 0.0105745, , , , , , , 2.4133846, 0.0171206, , , , , , , 2.4133846, 0.114641, , , , , , , , , , , , , , , , , , , , , , , , , , , , 
2.4139038, -0.0394446, , , , , , , 2.4139038, 0.026688, , , , , , , 2.4139038, 0.0152743, , , , , , , 2.4139038, 0.1164874, , , , , , , , , , , , , , , , , , , , , , , , , , , , 
2.4144231, -0.0303807, , , , , , , 2.4144231, 0.0253452, , , , , , , 2.4144231, 0.0119173, , , , , , , 2.4144231, 0.1064164, , , , , , , , , , , , , , , , , , , , , , , , , , , , 
2.4149423, -0.0130922, , , , , , , 2.4149423, 0.0135958, , , , , , , 2.4149423, 0.0068818, , , , , , , 2.4149423, 0.0887922, , , , , , , , , , , , , , , , , , , , , , , , , , , , 
2.4154615, 0.0018463, , , , , , , 2.4154615, 0.0159457, , , , , , , 2.4154615, 0.0038605, , , , , , , 2.4154615, 0.0736858, , , , , , , , , , , , , , , , , , , , , , , , , , , , 
2.4159808, 0.0105745, , , , , , , 2.4159808, 0.0515297, , , , , , , 2.4159808, 0.0038605, , , , , , , 2.4159808, 0.0642863, , , , , , , , , , , , , , , , , , , , , , , , , , , , 
2.4165, 0.0213169, , , , , , , 2.4165, 0.0777142, , , , , , , 2.4165, 0.0035248, , , , , , , 2.4165, 0.0565652, , , , , , , , , , , , , , , , , , , , , , , , , , , , 
2.4170192, 0.0290379, , , , , , , 2.4170192, 0.0535439, , , , , , , 2.4170192, 0.0008392, , , , , , , 2.4170192, 0.0485084, , , , , , , , , , , , , , , , , , , , , , , , , , , , 
2.4175385, 0.0273594, , , , , , , 2.4175385, 0.0223239, , , , , , , 2.4175385, -0.0016785, , , , , , , 2.4175385, 0.0387732, , , , , , , , , , , , , , , , , , , , , , , , , , , , 
2.4180577, 0.0219883, , , , , , , 2.4180577, 0.0260166, , , , , , , 2.4180577, -0.0052033, , , , , , , 2.4180577, 0.0271916, , , , , , , , , , , , , , , , , , , , , , , , , , , , 
2.4185769, 0.0193027, , , , , , , 2.4185769, 0.0270237, , , , , , , 2.4185769, -0.0052033, , , , , , , 2.4185769, 0.0193027, , , , , , , , , , , , , , , , , , , , , , , , , , , , 
2.4190962, 0.0172885, , , , , , , 2.4190962, 0.0005035, , , , , , , 2.4190962, 0.012253, , , , , , , 2.4190962, 0.0193027, , , , , , , , , , , , , , , , , , , , , , , , , , , , 
2.4196154, 0.0191348, , , , , , , 2.4196154, -0.0226596, , , , , , , 2.4196154, 0.0486763, , , , , , , 2.4196154, 0.0219883, , , , , , , , , , , , , , , , , , , , , , , , , , , , 
2.4201346, 0.0240024, , , , , , , 2.4201346, -0.0350805, , , , , , , 2.4201346, 0.0797284, , , , , , , 2.4201346, 0.0172885, , , , , , , , , , , , , , , , , , , , , , , , , , , , 
2.4206538, 0.0273594, , , , , , , 2.4206538, -0.0585794, , , , , , , 2.4206538, 0.0840925, , , , , , , 2.4206538, 0.0099031, , , , , , , , , , , , , , , , , , , , , , , , , , , , 
2.4211731, 0.03122, , , , , , , 2.4211731, -0.0884565, , , , , , , 2.4211731, 0.0666361, , , , , , , 2.4211731, 0.0028534, , , , , , , , , , , , , , , , , , , , , , , , , , , , 
2.4216923, 0.0344091, , , , , , , 2.4216923, -0.1143053, , , , , , , 2.4216923, 0.04448, , , , , , , 2.4216923, -0.0031891, , , , , , , , , , , , , , , , , , , , , , , , , , , , 
2.4222115, 0.0354162, , , , , , , 2.4222115, -0.1203479, , , , , , , 2.4222115, 0.0293736, , , , , , , 2.4222115, -0.0072175, , , , , , , , , , , , , , , , , , , , , , , , , , , , 
2.4227308, 0.0320592, , , , , , , 2.4227308, -0.102388, , , , , , , 2.4227308, 0.0273594, , , , , , , 2.4227308, -0.0115816, , , , , , , , , , , , , , , , , , , , , , , , , , , , 
2.42325, 0.0310521, , , , , , , 2.42325, -0.0850996, , , , , , , 2.42325, 0.0485084, , , , , , , 2.42325, -0.0132601, , , , , , , , , , , , , , , , , , , , , , , , , , , , 
2.4237692, 0.0374304, , , , , , , 2.4237692, -0.0800641, , , , , , , 2.4237692, 0.0904707, , , , , , , 2.4237692, -0.0151064, , , , , , , , , , , , , , , , , , , , , , , , , , , , 
2.4242885, 0.0522011, , , , , , , 2.4242885, -0.0770428, , , , , , , 2.4242885, 0.1210193, , , , , , , 2.4242885, -0.0250095, , , , , , , , , , , , , , , , , , , , , , , , , , , , 
2.4248077, 0.0652934, , , , , , , 2.4248077, -0.0726787, , , , , , , 2.4248077, 0.1132982, , , , , , , 2.4248077, -0.0414588, , , , , , , , , , , , , , , , , , , , , , , , , , , , 
2.4253269, 0.0777142, , , , , , , 2.4253269, -0.0661326, , , , , , , 2.4253269, 0.0716716, , , , , , , 2.4253269, -0.0495155, , , , , , , , , , , , , , , , , , , , , , , , , , , , 
2.4258462, 0.0835889, , , , , , , 2.4258462, -0.0525368, , , , , , , 2.4258462, 0.0129244, , , , , , , 2.4258462, -0.0464942, , , , , , , , , , , , , , , , , , , , , , , , , , , , 
2.4263654, 0.0820783, , , , , , , 2.4263654, -0.0428016, , , , , , , 2.4263654, -0.0377661, , , , , , , 2.4263654, -0.0379339, , , , , , , , , , , , , , , , , , , , , , , , , , , , 
2.4268846, 0.0795605, , , , , , , 2.4268846, -0.0419623, , , , , , , 2.4268846, -0.0649577, , , , , , , 2.4268846, -0.0263523, , , , , , , , , , , , , , , , , , , , , , , , , , , , 
2.4274038, 0.0783856, , , , , , , 2.4274038, -0.0317235, , , , , , , 2.4274038, -0.0683146, , , , , , , 2.4274038, -0.0115816, , , , , , , , , , , , , , , , , , , , , , , , , , , , 
2.4279231, 0.072343, , , , , , , 2.4279231, -0.0058747, , , , , , , 2.4279231, -0.061265, , , , , , , 2.4279231, 0.0025177, , , , , , , , , , , , , , , , , , , , , , , , , , , , 
2.4284423, 0.0609293, , , , , , , 2.4284423, 0.0125887, , , , , , , 2.4284423, -0.0609293, , , , , , , 2.4284423, 0.0068818, , , , , , , , , , , , , , , , , , , , , , , , , , , , 
2.4289615, 0.0468299, , , , , , , 2.4289615, 0.0149386, , , , , , , 2.4289615, -0.0730144, , , , , , , 2.4289615, 0.0025177, , , , , , , , , , , , , , , , , , , , , , , , , , , , 
2.4294808, 0.0370947, , , , , , , 2.4294808, 0.0186313, , , , , , , 2.4294808, -0.0938277, , , , , , , 2.4294808, -0.0005035, , , , , , , , , , , , , , , , , , , , , , , , , , , , 
2.43, 0.0251774, , , , , , , 2.43, 0.0307164, , , , , , , 2.43, -0.1190051, , , , , , , 2.43, 0.0011749, , , , , , , , , , , , , , , , , , , , , , , , , , , , 
2.4305192, 0.0125887, , , , , , , 2.4305192, 0.0463264, , , , , , , 2.4305192, -0.1441825, , , , , , , 2.4305192, 0.0065461, , , , , , , , , , , , , , , , , , , , , , , , , , , , 
2.4310385, 0.0048676, , , , , , , 2.4310385, 0.0616007, , , , , , , 2.4310385, -0.1653315, , , , , , , 2.4310385, 0.0146029, , , , , , , , , , , , , , , , , , , , , , , , , , , , 
2.4315577, -0.0028534, , , , , , , 2.4315577, 0.0652934, , , , , , , 2.4315577, -0.1754025, , , , , , , 2.4315577, 0.0260166, , , , , , , , , , , , , , , , , , , , , , , , , , , , 
2.4320769, -0.0104067, , , , , , , 2.4320769, 0.0441444, , , , , , , 2.4320769, -0.1696956, , , , , , , 2.4320769, 0.0387732, , , , , , , , , , , , , , , , , , , , , , , , , , , , 
2.4325962, -0.0182956, , , , , , , 2.4325962, 0.01561, , , , , , , 2.4325962, -0.1545892, , , , , , , 2.4325962, 0.0481727, , , , , , , , , , , , , , , , , , , , , , , , , , , , 
2.4331154, -0.0231632, , , , , , , 2.4331154, 0.0025177, , , , , , , 2.4331154, -0.1337758, , , , , , , 2.4331154, 0.0501869, , , , , , , , , , , , , , , , , , , , , , , , , , , , 
2.4336346, -0.0260166, , , , , , , 2.4336346, -0.0008392, , , , , , , 2.4336346, -0.1136339, , , , , , , 2.4336346, 0.0454871, , , , , , , , , , , , , , , , , , , , , , , , , , , , 
2.4341538, -0.0273594, , , , , , , 2.4341538, -0.0065461, , , , , , , 2.4341538, -0.0921492, , , , , , , 2.4341538, 0.0340734, , , , , , , , , , , , , , , , , , , , , , , , , , , , 
2.4346731, -0.0219883, , , , , , , 2.4346731, -0.0139315, , , , , , , 2.4346731, -0.0676432, , , , , , , 2.4346731, 0.0246738, , , , , , , , , , , , , , , , , , , , , , , , , , , , 
2.4351923, -0.0095674, , , , , , , 2.4351923, -0.0347448, , , , , , , 2.4351923, -0.047837, , , , , , , 2.4351923, 0.01561, , , , , , , , , , , , , , , , , , , , , , , , , , , , 
2.4357115, -0.0015106, , , , , , , 2.4357115, -0.0622721, , , , , , , 2.4357115, -0.0397803, , , , , , , 2.4357115, 0.0041962, , , , , , , , , , , , , , , , , , , , , , , , , , , , 
2.4362308, 0.0006714, , , , , , , 2.4362308, -0.0663005, , , , , , , 2.4362308, -0.0384375, , , , , , , 2.4362308, -0.005539, , , , , , , , , , , , , , , , , , , , , , , , , , , , 
2.43675, 0.0015106, , , , , , , 2.43675, -0.0515297, , , , , , , 2.43675, -0.0339055, , , , , , , 2.43675, -0.0095674, , , , , , , , , , , , , , , , , , , , , , , , , , , , 
2.4372692, 0.0038605, , , , , , , 2.4372692, -0.0387732, , , , , , , 2.4372692, -0.0229953, , , , , , , 2.4372692, -0.0090639, , , , , , , , , , , , , , , , , , , , , , , , , , , , 
2.4377885, 0.0095674, , , , , , , 2.4377885, -0.0276951, , , , , , , 2.4377885, -0.0130922, , , , , , , 2.4377885, -0.008896, , , , , , , , , , , , , , , , , , , , , , , , , , , , 
2.4383077, 0.0095674, , , , , , , 2.4383077, -0.012253, , , , , , , 2.4383077, -0.0058747, , , , , , , 2.4383077, -0.0048676, , , , , , , , , , , , , , , , , , , , , , , , , , , , 
2.4388269, 0.0062104, , , , , , , 2.4388269, 0.0025177, , , , , , , 2.4388269, 0.0008392, , , , , , , 2.4388269, 0.0025177, , , , , , , , , , , , , , , , , , , , , , , , , , , , 
2.4393462, 0.0072175, , , , , , , 2.4393462, 0.0075532, , , , , , , 2.4393462, 0.0068818, , , , , , , 2.4393462, 0.0099031, , , , , , , , , , , , , , , , , , , , , , , , , , , , 
2.4398654, 0.0137636, , , , , , , 2.4398654, 0.0052033, , , , , , , 2.4398654, 0.0132601, , , , , , , 2.4398654, 0.0130922, , , , , , , , , , , , , , , , , , , , , , , , , , , , 
2.4403846, 0.0206455, , , , , , , 2.4403846, 0.0045319, , , , , , , 2.4403846, 0.0236667, , , , , , , 2.4403846, 0.0162814, , , , , , , , , , , , , , , , , , , , , , , , , , , , 
2.4409038, 0.0307164, , , , , , , 2.4409038, 0.0041962, , , , , , , 2.4409038, 0.0374304, , , , , , , 2.4409038, 0.018967, , , , , , , , , , , , , , , , , , , , , , , , , , , , 
2.4414231, 0.043473, , , , , , , 2.4414231, 0.0102388, , , , , , , 2.4414231, 0.0535439, , , , , , , 2.4414231, 0.0172885, , , , , , , , , , , , , , , , , , , , , , , , , , , , 
2.4419423, 0.0548867, , , , , , , 2.4419423, 0.0253452, , , , , , , 2.4419423, 0.0686503, , , , , , , 2.4419423, 0.014435, , , , , , , , , , , , , , , , , , , , , , , , , , , , 
2.4424615, 0.06009, , , , , , , 2.4424615, 0.0386053, , , , , , , 2.4424615, 0.0918135, , , , , , , 2.4424615, 0.0152743, , , , , , , , , , , , , , , , , , , , , , , , , , , , 
2.4429808, 0.0560616, , , , , , , 2.4429808, 0.0394446, , , , , , , 2.4429808, 0.1153124, , , , , , , 2.4429808, 0.0199741, , , , , , , , , , , , , , , , , , , , , , , , , , , , 
2.4435, 0.0454871, , , , , , , 2.4435, 0.0325628, , , , , , , 2.4435, 0.1258869, , , , , , , 2.4435, 0.0246738, , , , , , , , , , , , , , , , , , , , , , , , , , , , 
2.4440192, 0.0424659, , , , , , , 2.4440192, 0.030045, , , , , , , 2.4440192, 0.1220264, , , , , , , 2.4440192, 0.0280308, , , , , , , , , , , , , , , , , , , , , , , , , , , , 
2.4445385, 0.0553902, , , , , , , 2.4445385, 0.0377661, , , , , , , 2.4445385, 0.1126268, , , , , , , 2.4445385, 0.0307164, , , , , , , , , , , , , , , , , , , , , , , , , , , , 
2.4450577, 0.0656291, , , , , , , 2.4450577, 0.0431373, , , , , , , 2.4450577, 0.0991989, , , , , , , 2.4450577, 0.0377661, , , , , , , , , , , , , , , , , , , , , , , , , , , , 
2.4455769, 0.0656291, , , , , , , 2.4455769, 0.0394446, , , , , , , 2.4455769, 0.0767071, , , , , , , 2.4455769, 0.0508583, , , , , , , , , , , , , , , , , , , , , , , , , , , , 
2.4460962, 0.0629435, , , , , , , 2.4460962, 0.0480049, , , , , , , 2.4460962, 0.0528725, , , , , , , 2.4460962, 0.0599222, , , , , , , , , , , , , , , , , , , , , , , , , , , , 
2.4466154, 0.0619364, , , , , , , 2.4466154, 0.0562295, , , , , , , 2.4466154, 0.0347448, , , , , , , 2.4466154, 0.0533761, , , , , , , , , , , , , , , , , , , , , , , , , , , , 
2.4471346, 0.0569009, , , , , , , 2.4471346, 0.0219883, , , , , , , 2.4471346, 0.0223239, , , , , , , 2.4471346, 0.0394446, , , , , , , , , , , , , , , , , , , , , , , , , , , , 
2.4476538, 0.0461585, , , , , , , 2.4476538, -0.0270237, , , , , , , 2.4476538, 0.0164492, , , , , , , 2.4476538, 0.0256809, , , , , , , , , , , , , , , , , , , , , , , , , , , , 
2.4481731, 0.0344091, , , , , , , 2.4481731, -0.043473, , , , , , , 2.4481731, 0.0117494, , , , , , , 2.4481731, 0.01561, , , , , , , , , , , , , , , , , , , , , , , , , , , , 
2.4486923, 0.0253452, , , , , , , 2.4486923, -0.0292058, , , , , , , 2.4486923, 0.0023499, , , , , , , 2.4486923, 0.0105745, , , , , , , , , , , , , , , , , , , , , , , , , , , , 
2.4492115, 0.017792, , , , , , , 2.4492115, -0.0099031, , , , , , , 2.4492115, -0.0092317, , , , , , , 2.4492115, 0.011078, , , , , , , , , , , , , , , , , , , , , , , , , , , , 
2.4497308, 0.0105745, , , , , , , 2.4497308, -0.0025177, , , , , , , 2.4497308, -0.0172885, , , , , , , 2.4497308, 0.0119173, , , , , , , , , , , , , , , , , , , , , , , , , , , , 
2.45025, 0.0045319, , , , , , , 2.45025, -0.0052033, , , , , , , 2.45025, -0.0219883, , , , , , , 2.45025, 0.0152743, , , , , , , , , , , , , , , , , , , , , , , , , , , , 
2.4507692, 0.0011749, , , , , , , 2.4507692, -0.0139315, , , , , , , 2.4507692, -0.0260166, , , , , , , 2.4507692, 0.0209812, , , , , , , , , , , , , , , , , , , , , , , , , , , , 
2.4512885, -0.0025177, , , , , , , 2.4512885, -0.0250095, , , , , , , 2.4512885, -0.0320592, , , , , , , 2.4512885, 0.0253452, , , , , , , , , , , , , , , , , , , , , , , , , , , , 
2.4518077, -0.0199741, , , , , , , 2.4518077, -0.0236667, , , , , , , 2.4518077, -0.0377661, , , , , , , 2.4518077, 0.0287022, , , , , , , , , , , , , , , , , , , , , , , , , , , , 
2.4523269, -0.0391089, , , , , , , 2.4523269, -0.0132601, , , , , , , 2.4523269, -0.0417945, , , , , , , 2.4523269, 0.03122, , , , , , , , , , , , , , , , , , , , , , , , , , , , 
2.4528462, -0.0471656, , , , , , , 2.4528462, -0.0172885, , , , , , , 2.4528462, -0.0421302, , , , , , , 2.4528462, 0.0372625, , , , , , , , , , , , , , , , , , , , , , , , , , , , 
2.4533654, -0.0485084, , , , , , , 2.4533654, -0.0246738, , , , , , , 2.4533654, -0.0384375, , , , , , , 2.4533654, 0.0451514, , , , , , , , , , , , , , , , , , , , , , , , , , , , 
2.4538846, -0.0481727, , , , , , , 2.4538846, -0.0065461, , , , , , , 2.4538846, -0.0350805, , , , , , , 2.4538846, 0.0501869, , , , , , , , , , , , , , , , , , , , , , , , , , , , 
2.4544038, -0.0464942, , , , , , , 2.4544038, 0.0327306, , , , , , , 2.4544038, -0.0340734, , , , , , , 2.4544038, 0.0515297, , , , , , , , , , , , , , , , , , , , , , , , , , , , 
2.4549231, -0.0411231, , , , , , , 2.4549231, 0.0532082, , , , , , , 2.4549231, -0.0303807, , , , , , , 2.4549231, 0.0495155, , , , , , , , , , , , , , , , , , , , , , , , , , , , 
2.4554423, -0.0344091, , , , , , , 2.4554423, 0.033402, , , , , , , 2.4554423, -0.018967, , , , , , , 2.4554423, 0.047837, , , , , , , , , , , , , , , , , , , , , , , , , , , , 
2.4559615, -0.026688, , , , , , , 2.4559615, 0.0031891, , , , , , , 2.4559615, -0.0045319, , , , , , , 2.4559615, 0.0441444, , , , , , , , , , , , , , , , , , , , , , , , , , , , 
2.4564808, -0.0181277, , , , , , , 2.4564808, -0.012253, , , , , , , 2.4564808, 0.0065461, , , , , , , 2.4564808, 0.0407874, , , , , , , , , , , , , , , , , , , , , , , , , , , , 
2.457, -0.011078, , , , , , , 2.457, -0.0226596, , , , , , , 2.457, 0.0146029, , , , , , , 2.457, 0.0357519, , , , , , , , , , , , , , , , , , , , , , , , , , , , 
2.4575192, -0.0063783, , , , , , , 2.4575192, -0.0466621, , , , , , , 2.4575192, 0.0213169, , , , , , , 2.4575192, 0.0280308, , , , , , , , , , , , , , , , , , , , , , , , , , , , 
2.4580385, -0.0035248, , , , , , , 2.4580385, -0.0834211, , , , , , , 2.4580385, 0.0240024, , , , , , , 2.4580385, 0.0203098, , , , , , , , , , , , , , , , , , , , , , , , , , , , 
2.4585577, -0.005539, , , , , , , 2.4585577, -0.1025559, , , , , , , 2.4585577, 0.0273594, , , , , , , 2.4585577, 0.0119173, , , , , , , , , , , , , , , , , , , , , , , , , , , , 
2.4590769, -0.0043641, , , , , , , 2.4590769, -0.0887922, , , , , , , 2.4590769, 0.0350805, , , , , , , 2.4590769, 0.0036927, , , , , , , , , , , , , , , , , , , , , , , , , , , , 
2.4595962, 0.0025177, , , , , , , 2.4595962, -0.0498512, , , , , , , 2.4595962, 0.0387732, , , , , , , 2.4595962, -0.0030213, , , , , , , , , , , , , , , , , , , , , , , , , , , , 
2.4601154, 0.0115816, , , , , , , 2.4601154, -0.0142672, , , , , , , 2.4601154, 0.0381018, , , , , , , 2.4601154, -0.008896, , , , , , , , , , , , , , , , , , , , , , , , , , , , 
2.4606346, 0.0179599, , , , , , , 2.4606346, -0.0031891, , , , , , , 2.4606346, 0.0344091, , , , , , , 2.4606346, -0.0125887, , , , , , , , , , , , , , , , , , , , , , , , , , , , 
2.4611538, 0.018967, , , , , , , 2.4611538, 0.0035248, , , , , , , 2.4611538, 0.0297093, , , , , , , 2.4611538, -0.0162814, , , , , , , , , , , , , , , , , , , , , , , , , , , , 
2.4616731, 0.0159457, , , , , , , 2.4616731, 0.0035248, , , , , , , 2.4616731, 0.0176242, , , , , , , 2.4616731, -0.0206455, , , , , , , , , , , , , , , , , , , , , , , , , , , , 
2.4621923, 0.0159457, , , , , , , 2.4621923, -0.0058747, , , , , , , 2.4621923, -0.0016785, , , , , , , 2.4621923, -0.0260166, , , , , , , , , , , , , , , , , , , , , , , , , , , , 
2.4627115, 0.0164492, , , , , , , 2.4627115, -0.0198062, , , , , , , 2.4627115, -0.0209812, , , , , , , 2.4627115, -0.030045, , , , , , , , , , , , , , , , , , , , , , , , , , , , 
2.4632308, 0.0119173, , , , , , , 2.4632308, -0.0354162, , , , , , , 2.4632308, -0.0377661, , , , , , , 2.4632308, -0.033402, , , , , , , , , , , , , , , , , , , , , , , , , , , , 
2.46375, 0.0058747, , , , , , , 2.46375, -0.0411231, , , , , , , 2.46375, -0.0495155, , , , , , , 2.46375, -0.0359197, , , , , , , , , , , , , , , , , , , , , , , , , , , , 
2.4642692, 0.0115816, , , , , , , 2.4642692, -0.0115816, , , , , , , 2.4642692, -0.0569009, , , , , , , 2.4642692, -0.0411231, , , , , , , , , , , , , , , , , , , , , , , , , , , , 
2.4647885, 0.0293736, , , , , , , 2.4647885, 0.0258488, , , , , , , 2.4647885, -0.0610971, , , , , , , 2.4647885, -0.0518654, , , , , , , , , , , , , , , , , , , , , , , , , , , , 
2.4653077, 0.0394446, , , , , , , 2.4653077, 0.0038605, , , , , , , 2.4653077, -0.0639506, , , , , , , 2.4653077, -0.0592508, , , , , , , , , , , , , , , , , , , , , , , , , , , , 
2.4658269, 0.0381018, , , , , , , 2.4658269, -0.0673075, , , , , , , 2.4658269, -0.0661326, , , , , , , 2.4658269, -0.0622721, , , , , , , , , , , , , , , , , , , , , , , , , , , , 
2.4663462, 0.0392767, , , , , , , 2.4663462, -0.1143053, , , , , , , 2.4663462, -0.0663005, , , , , , , 2.4663462, -0.0642863, , , , , , , , , , , , , , , , , , , , , , , , , , , , 
2.4668654, 0.0451514, , , , , , , 2.4668654, -0.1028916, , , , , , , 2.4668654, -0.0639506, , , , , , , 2.4668654, -0.0619364, , , , , , , , , , , , , , , , , , , , , , , , , , , , 
2.4673846, 0.0501869, , , , , , , 2.4673846, -0.0501869, , , , , , , 2.4673846, -0.0572366, , , , , , , 2.4673846, -0.0532082, , , , , , , , , , , , , , , , , , , , , , , , , , , , 
2.4679038, 0.0488441, , , , , , , 2.4679038, 0.0043641, , , , , , , 2.4679038, -0.0522011, , , , , , , 2.4679038, -0.0441444, , , , , , , , , , , , , , , , , , , , , , , , , , , , 
2.4684231, 0.0414588, , , , , , , 2.4684231, 0.0320592, , , , , , , 2.4684231, -0.051194, , , , , , , 2.4684231, -0.0397803, , , , , , , , , , , , , , , , , , , , , , , , , , , , 
2.4689423, 0.0290379, , , , , , , 2.4689423, 0.030045, , , , , , , 2.4689423, -0.051194, , , , , , , 2.4689423, -0.0357519, , , , , , , , , , , , , , , , , , , , , , , , , , , , 
2.4694615, 0.0159457, , , , , , , 2.4694615, 0.0016785, , , , , , , 2.4694615, -0.0498512, , , , , , , 2.4694615, -0.0290379, , , , , , , , , , , , , , , , , , , , , , , , , , , , 
2.4699808, 0.005539, , , , , , , 2.4699808, -0.0223239, , , , , , , 2.4699808, -0.0439765, , , , , , , 2.4699808, -0.0229953, , , , , , , , , , , , , , , , , , , , , , , , , , , , 
2.4705, -0.0050355, , , , , , , 2.4705, -0.0310521, , , , , , , 2.4705, -0.0313878, , , , , , , 2.4705, -0.0162814, , , , , , , , , , , , , , , , , , , , , , , , , , , , 
2.4710192, -0.0149386, , , , , , , 2.4710192, -0.0417945, , , , , , , 2.4710192, -0.0129244, , , , , , , 2.4710192, -0.005539, , , , , , , , , , , , , , , , , , , , , , , , , , , , 
2.4715385, -0.0218204, , , , , , , 2.4715385, -0.0414588, , , , , , , 2.4715385, 0.0105745, , , , , , , 2.4715385, 0.0041962, , , , , , , , , , , , , , , , , , , , , , , , , , , , 
2.4720577, -0.0283665, , , , , , , 2.4720577, -0.0226596, , , , , , , 2.4720577, 0.0387732, , , , , , , 2.4720577, 0.0085603, , , , , , , , , , , , , , , , , , , , , , , , , , , , 
2.4725769, -0.0337377, , , , , , , 2.4725769, 0.0025177, , , , , , , 2.4725769, 0.0636149, , , , , , , 2.4725769, 0.011078, , , , , , , , , , , , , , , , , , , , , , , , , , , , 
2.4730962, -0.0381018, , , , , , , 2.4730962, 0.0206455, , , , , , , 2.4730962, 0.0706645, , , , , , , 2.4730962, 0.0139315, , , , , , , , , , , , , , , , , , , , , , , , , , , , 
2.4736154, -0.0407874, , , , , , , 2.4736154, 0.0317235, , , , , , , 2.4736154, 0.0629435, , , , , , , 2.4736154, 0.0146029, , , , , , , , , , , , , , , , , , , , , , , , , , , , 
2.4741346, -0.0374304, , , , , , , 2.4741346, 0.0406195, , , , , , , 2.4741346, 0.0463264, , , , , , , 2.4741346, 0.0109102, , , , , , , , , , , , , , , , , , , , , , , , , , , , 
2.4746538, -0.0293736, , , , , , , 2.4746538, 0.0404517, , , , , , , 2.4746538, 0.024506, , , , , , , 2.4746538, 0.0043641, , , , , , , , , , , , , , , , , , , , , , , , , , , , 
2.4751731, -0.0209812, , , , , , , 2.4751731, 0.0303807, , , , , , , 2.4751731, 0.0016785, , , , , , , 2.4751731, 0.0016785, , , , , , , , , , , , , , , , , , , , , , , , , , , , 
2.4756923, -0.0149386, , , , , , , 2.4756923, 0.0213169, , , , , , , 2.4756923, -0.0166171, , , , , , , 2.4756923, 0.0048676, , , , , , , , , , , , , , , , , , , , , , , , , , , , 
2.4762115, -0.0102388, , , , , , , 2.4762115, 0.0186313, , , , , , , 2.4762115, -0.0280308, , , , , , , 2.4762115, 0.0112459, , , , , , , , , , , , , , , , , , , , , , , , , , , , 
2.4767308, -0.0043641, , , , , , , 2.4767308, 0.0238346, , , , , , , 2.4767308, -0.03122, , , , , , , 2.4767308, 0.0186313, , , , , , , , , , , , , , , , , , , , , , , , , , , , 
2.47725, 0.0011749, , , , , , , 2.47725, 0.0250095, , , , , , , 2.47725, -0.0280308, , , , , , , 2.47725, 0.0250095, , , , , , , , , , , , , , , , , , , , , , , , , , , , 
2.4777692, -0.0005035, , , , , , , 2.4777692, 0.0253452, , , , , , , 2.4777692, -0.0216526, , , , , , , 2.4777692, 0.0320592, , , , , , , , , , , , , , , , , , , , , , , , , , , , 
2.4782885, -0.0008392, , , , , , , 2.4782885, 0.0318914, , , , , , , 2.4782885, -0.0179599, , , , , , , 2.4782885, 0.0414588, , , , , , , , , , , , , , , , , , , , , , , , , , , , 
2.4788077, -0.0005035, , , , , , , 2.4788077, 0.0287022, , , , , , , 2.4788077, -0.0159457, , , , , , , 2.4788077, 0.0542153, , , , , , , , , , , , , , , , , , , , , , , , , , , , 
2.4793269, -0.0045319, , , , , , , 2.4793269, 0.0142672, , , , , , , 2.4793269, -0.0115816, , , , , , , 2.4793269, 0.0656291, , , , , , , , , , , , , , , , , , , , , , , , , , , , 
2.4798462, -0.0109102, , , , , , , 2.4798462, 0.0065461, , , , , , , 2.4798462, 0.0005035, , , , , , , 2.4798462, 0.0686503, , , , , , , , , , , , , , , , , , , , , , , , , , , , 
2.4803654, -0.0152743, , , , , , , 2.4803654, 0.0114137, , , , , , , 2.4803654, 0.0176242, , , , , , , 2.4803654, 0.0639506, , , , , , , , , , , , , , , , , , , , , , , , , , , , 
2.4808846, -0.0152743, , , , , , , 2.4808846, 0.0142672, , , , , , , 2.4808846, 0.0303807, , , , , , , 2.4808846, 0.0587472, , , , , , , , , , , , , , , , , , , , , , , , , , , , 
2.4814038, -0.0169528, , , , , , , 2.4814038, 0.0105745, , , , , , , 2.4814038, 0.033402, , , , , , , 2.4814038, 0.0540475, , , , , , , , , , , , , , , , , , , , , , , , , , , , 
2.4819231, -0.0186313, , , , , , , 2.4819231, 0.0261845, , , , , , , 2.4819231, 0.0327306, , , , , , , 2.4819231, 0.0481727, , , , , , , , , , , , , , , , , , , , , , , , , , , , 
2.4824423, -0.0201419, , , , , , , 2.4824423, 0.0562295, , , , , , , 2.4824423, 0.030045, , , , , , , 2.4824423, 0.0417945, , , , , , , , , , , , , , , , , , , , , , , , , , , , 
2.4829615, -0.0206455, , , , , , , 2.4829615, 0.0525368, , , , , , , 2.4829615, 0.0226596, , , , , , , 2.4829615, 0.0350805, , , , , , , , , , , , , , , , , , , , , , , , , , , , 
2.4834808, -0.0182956, , , , , , , 2.4834808, 0.0176242, , , , , , , 2.4834808, 0.008896, , , , , , , 2.4834808, 0.0246738, , , , , , , , , , , , , , , , , , , , , , , , , , , , 
2.484, -0.011078, , , , , , , 2.484, -0.005539, , , , , , , 2.484, -0.0102388, , , , , , , 2.484, 0.0082246, , , , , , , , , , , , , , , , , , , , , , , , , , , , 
2.4845192, 0.0038605, , , , , , , 2.4845192, -0.0240024, , , , , , , 2.4845192, -0.0285344, , , , , , , 2.4845192, -0.0095674, , , , , , , , , , , , , , , , , , , , , , , , , , , , 
2.4850385, 0.0169528, , , , , , , 2.4850385, -0.0520333, , , , , , , 2.4850385, -0.0384375, , , , , , , 2.4850385, -0.0226596, , , , , , , , , , , , , , , , , , , , , , , , , , , , 
2.4855577, 0.0236667, , , , , , , 2.4855577, -0.0793927, , , , , , , 2.4855577, -0.0431373, , , , , , , 2.4855577, -0.0283665, , , , , , , , , , , , , , , , , , , , , , , , , , , , 
2.4860769, 0.0320592, , , , , , , 2.4860769, -0.0837568, , , , , , , 2.4860769, -0.0414588, , , , , , , 2.4860769, -0.0317235, , , , , , , , , , , , , , , , , , , , , , , , , , , , 
2.4865962, 0.0421302, , , , , , , 2.4865962, -0.0736858, , , , , , , 2.4865962, -0.0354162, , , , , , , 2.4865962, -0.0330663, , , , , , , , , , , , , , , , , , , , , , , , , , , , 
2.4871154, 0.0454871, , , , , , , 2.4871154, -0.051194, , , , , , , 2.4871154, -0.03122, , , , , , , 2.4871154, -0.0318914, , , , , , , , , , , , , , , , , , , , , , , , , , , , 
2.4876346, 0.0473335, , , , , , , 2.4876346, -0.0129244, , , , , , , 2.4876346, -0.0327306, , , , , , , 2.4876346, -0.0256809, , , , , , , , , , , , , , , , , , , , , , , , , , , , 
2.4881538, 0.0495155, , , , , , , 2.4881538, 0.0095674, , , , , , , 2.4881538, -0.0327306, , , , , , , 2.4881538, -0.0162814, , , , , , , , , , , , , , , , , , , , , , , , , , , , 
2.4886731, 0.0464942, , , , , , , 2.4886731, -0.0065461, , , , , , , 2.4886731, -0.0308843, , , , , , , 2.4886731, -0.0073854, , , , , , , , , , , , , , , , , , , , , , , , , , , , 
2.4891923, 0.0360876, , , , , , , 2.4891923, -0.0340734, , , , , , , 2.4891923, -0.0240024, , , , , , , 2.4891923, -0.0005035, , , , , , , , , , , , , , , , , , , , , , , , , , , , 
2.4897115, 0.0307164, , , , , , , 2.4897115, -0.0431373, , , , , , , 2.4897115, -0.0119173, , , , , , , 2.4897115, 0.0063783, , , , , , , , , , , , , , , , , , , , , , , , , , , , 
2.4902308, 0.0260166, , , , , , , 2.4902308, -0.0317235, , , , , , , 2.4902308, 0.002182, , , , , , , 2.4902308, 0.0146029, , , , , , , , , , , , , , , , , , , , , , , , , , , , 
2.49075, 0.0162814, , , , , , , 2.49075, -0.0246738, , , , , , , 2.49075, 0.0179599, , , , , , , 2.49075, 0.0240024, , , , , , , , , , , , , , , , , , , , , , , , , , , , 
2.4912692, 0.008896, , , , , , , 2.4912692, -0.030045, , , , , , , 2.4912692, 0.0263523, , , , , , , 2.4912692, 0.033402, , , , , , , , , , , , , , , , , , , , , , , , , , , , 
2.4917885, 0.0038605, , , , , , , 2.4917885, -0.0182956, , , , , , , 2.4917885, 0.0325628, , , , , , , 2.4917885, 0.0384375, , , , , , , , , , , , , , , , , , , , , , , , , , , , 
2.4923077, -0.0058747, , , , , , , 2.4923077, -0.0052033, , , , , , , 2.4923077, 0.0448157, , , , , , , 2.4923077, 0.0412909, , , , , , , , , , , , , , , , , , , , , , , , , , , , 
2.4928269, -0.0159457, , , , , , , 2.4928269, -0.0297093, , , , , , , 2.4928269, 0.0595865, , , , , , , 2.4928269, 0.0466621, , , , , , , , , , , , , , , , , , , , , , , , , , , , 
2.4933462, -0.0203098, , , , , , , 2.4933462, -0.0750286, , , , , , , 2.4933462, 0.0746929, , , , , , , 2.4933462, 0.0542153, , , , , , , , , , , , , , , , , , , , , , , , , , , , 
2.4938654, -0.0209812, , , , , , , 2.4938654, -0.0978561, , , , , , , 2.4938654, 0.0827497, , , , , , , 2.4938654, 0.0585794, , , , , , , , , , , , , , , , , , , , , , , , , , , , 
2.4943846, -0.0149386, , , , , , , 2.4943846, -0.0810712, , , , , , , 2.4943846, 0.0736858, , , , , , , 2.4943846, 0.0582437, , , , , , , , , , , , , , , , , , , , , , , , , , , , 
2.4949038, -0.005539, , , , , , , 2.4949038, -0.0424659, , , , , , , 2.4949038, 0.0454871, , , , , , , 2.4949038, 0.0558938, , , , , , , , , , , , , , , , , , , , , , , , , , , , 
2.4954231, 0.0001678, , , , , , , 2.4954231, -0.0092317, , , , , , , 2.4954231, 0.008896, , , , , , , 2.4954231, 0.0548867, , , , , , , , , , , , , , , , , , , , , , , , , , , , 
2.4959423, 0.0045319, , , , , , , 2.4959423, 0.0011749, , , , , , , 2.4959423, -0.0196384, , , , , , , 2.4959423, 0.054551, , , , , , , , , , , , , , , , , , , , , , , , , , , , 
2.4964615, 0.0119173, , , , , , , 2.4964615, -0.0001678, , , , , , , 2.4964615, -0.0392767, , , , , , , 2.4964615, 0.0560616, , , , , , , , , , , , , , , , , , , , , , , , , , , , 
2.4969808, 0.0209812, , , , , , , 2.4969808, 0.0085603, , , , , , , 2.4969808, -0.0515297, , , , , , , 2.4969808, 0.064622, , , , , , , , , , , , , , , , , , , , , , , , , , , , 
2.4975, 0.0317235, , , , , , , 2.4975, 0.0253452, , , , , , , 2.4975, -0.0535439, , , , , , , 2.4975, 0.0767071, , , , , , , , , , , , , , , , , , , , , , , , , , , , 
2.4980192, 0.0391089, , , , , , , 2.4980192, 0.0374304, , , , , , , 2.4980192, -0.04448, , , , , , , 2.4980192, 0.0849317, , , , , , , , , , , , , , , , , , , , , , , , , , , , 
2.4985385, 0.0446479, , , , , , , 2.4985385, 0.040116, , , , , , , 2.4985385, -0.0337377, , , , , , , 2.4985385, 0.0814069, , , , , , , , , , , , , , , , , , , , , , , , , , , , 
2.4990577, 0.0508583, , , , , , , 2.4990577, 0.0397803, , , , , , , 2.4990577, -0.0310521, , , , , , , 2.4990577, 0.0642863, , , , , , , , , , , , , , , , , , , , , , , , , , , , 
2.4995769, 0.0505226, , , , , , , 2.4995769, 0.0377661, , , , , , , 2.4995769, -0.0330663, , , , , , , 2.4995769, 0.0421302, , , , , , , , , , , , , , , , , , , , , , , , , , , , 
2.5000962, 0.0461585, , , , , , , 2.5000962, 0.0320592, , , , , , , 2.5000962, -0.0310521, , , , , , , 2.5000962, 0.0213169, , , , , , , , , , , , , , , , , , , , , , , , , , , , 
2.5006154, 0.040116, , , , , , , 2.5006154, 0.0317235, , , , , , , 2.5006154, -0.0330663, , , , , , , 2.5006154, 0.0035248, , , , , , , , , , , , , , , , , , , , , , , , , , , , 
2.5011346, 0.0347448, , , , , , , 2.5011346, 0.0542153, , , , , , , 2.5011346, -0.043473, , , , , , , 2.5011346, -0.0112459, , , , , , , , , , , , , , , , , , , , , , , , , , , , 
2.5016538, 0.0310521, , , , , , , 2.5016538, 0.0891279, , , , , , , 2.5016538, -0.0525368, , , , , , , 2.5016538, -0.0204776, , , , , , , , , , , , , , , , , , , , , , , , , , , , 
2.5021731, 0.0287022, , , , , , , 2.5021731, 0.1007095, , , , , , , 2.5021731, -0.0656291, , , , , , , 2.5021731, -0.0221561, , , , , , , , , , , , , , , , , , , , , , , , , , , , 
2.5026923, 0.0240024, , , , , , , 2.5026923, 0.0928206, , , , , , , 2.5026923, -0.0864424, , , , , , , 2.5026923, -0.0196384, , , , , , , , , , , , , , , , , , , , , , , , , , , , 
2.5032115, 0.0196384, , , , , , , 2.5032115, 0.0798962, , , , , , , 2.5032115, -0.1106126, , , , , , , 2.5032115, -0.0172885, , , , , , , , , , , , , , , , , , , , , , , , , , , , 
2.5037308, 0.0203098, , , , , , , 2.5037308, 0.0636149, , , , , , , 2.5037308, -0.1277333, , , , , , , 2.5037308, -0.0208133, , , , , , , , , , , , , , , , , , , , , , , , , , , , 
2.50425, 0.0327306, , , , , , , 2.50425, 0.047837, , , , , , , 2.50425, -0.1351186, , , , , , , 2.50425, -0.0280308, , , , , , , , , , , , , , , , , , , , , , , , , , , , 
2.5047692, 0.0520333, , , , , , , 2.5047692, 0.0293736, , , , , , , 2.5047692, -0.1381399, , , , , , , 2.5047692, -0.0350805, , , , , , , , , , , , , , , , , , , , , , , , , , , , 
2.5052885, 0.0715038, , , , , , , 2.5052885, 0.0199741, , , , , , , 2.5052885, -0.1379721, , , , , , , 2.5052885, -0.0417945, , , , , , , , , , , , , , , , , , , , , , , , , , , , 
2.5058077, 0.0773785, , , , , , , 2.5058077, 0.0293736, , , , , , , 2.5058077, -0.1317617, , , , , , , 2.5058077, -0.0441444, , , , , , , , , , , , , , , , , , , , , , , , , , , , 
2.5063269, 0.0757, , , , , , , 2.5063269, 0.0310521, , , , , , , 2.5063269, -0.1183337, , , , , , , 2.5063269, -0.0414588, , , , , , , , , , , , , , , , , , , , , , , , , , , , 
2.5068462, 0.0696574, , , , , , , 2.5068462, -0.0072175, , , , , , , 2.5068462, -0.100206, , , , , , , 2.5068462, -0.0354162, , , , , , , , , , , , , , , , , , , , , , , , , , , , 
2.5073654, 0.0592508, , , , , , , 2.5073654, -0.0780499, , , , , , , 2.5073654, -0.0827497, , , , , , , 2.5073654, -0.0276951, , , , , , , , , , , , , , , , , , , , , , , , , , , , 
2.5078846, 0.0495155, , , , , , , 2.5078846, -0.1394827, , , , , , , 2.5078846, -0.0669718, , , , , , , 2.5078846, -0.0213169, , , , , , , , , , , , , , , , , , , , , , , , , , , , 
2.5084038, 0.0431373, , , , , , , 2.5084038, -0.1592889, , , , , , , 2.5084038, -0.0528725, , , , , , , 2.5084038, -0.0130922, , , , , , , , , , , , , , , , , , , , , , , , , , , , 
2.5089231, 0.0406195, , , , , , , 2.5089231, -0.1337758, , , , , , , 2.5089231, -0.0377661, , , , , , , 2.5089231, 0.0045319, , , , , , , , , , , , , , , , , , , , , , , , , , , , 
2.5094423, 0.0421302, , , , , , , 2.5094423, -0.0881209, , , , , , , 2.5094423, -0.0206455, , , , , , , 2.5094423, 0.0243381, , , , , , , , , , , , , , , , , , , , , , , , , , , , 
2.5099615, 0.0454871, , , , , , , 2.5099615, -0.0585794, , , , , , , 2.5099615, -0.0010071, , , , , , , 2.5099615, 0.0407874, , , , , , , , , , , , , , , , , , , , , , , , , , , , 
2.5104808, 0.0493477, , , , , , , 2.5104808, -0.0641184, , , , , , , 2.5104808, 0.0186313, , , , , , , 2.5104808, 0.0538796, , , , , , , , , , , , , , , , , , , , , , , , , , , , 
2.511, 0.0448157, , , , , , , 2.511, -0.0807355, , , , , , , 2.511, 0.0337377, , , , , , , 2.511, 0.0636149, , , , , , , , , , , , , , , , , , , , , , , , , , , , 
2.5115192, 0.0320592, , , , , , , 2.5115192, -0.0834211, , , , , , , 2.5115192, 0.043473, , , , , , , 2.5115192, 0.0674754, , , , , , , , , , , , , , , , , , , , , , , , , , , , 
2.5120385, 0.0169528, , , , , , , 2.5120385, -0.0809033, , , , , , , 2.5120385, 0.0488441, , , , , , , 2.5120385, 0.0693217, , , , , , , , , , , , , , , , , , , , , , , , , , , , 
2.5125577, 0.0045319, , , , , , , 2.5125577, -0.0743572, , , , , , , 2.5125577, 0.051194, , , , , , , 2.5125577, 0.0693217, , , , , , , , , , , , , , , , , , , , , , , , , , , , 
2.5130769, -0.0015106, , , , , , , 2.5130769, -0.0485084, , , , , , , 2.5130769, 0.0535439, , , , , , , 2.5130769, 0.064622, , , , , , , , , , , , , , , , , , , , , , , , , , , , 
2.5135962, -0.0052033, , , , , , , 2.5135962, -0.0209812, , , , , , , 2.5135962, 0.0552224, , , , , , , 2.5135962, 0.0589151, , , , , , , , , , , , , , , , , , , , , , , , , , , , 
2.5141154, -0.0040284, , , , , , , 2.5141154, -0.0182956, , , , , , , 2.5141154, 0.0575723, , , , , , , 2.5141154, 0.0518654, , , , , , , , , , , , , , , , , , , , , , , , , , , , 
2.5146346, -0.0001678, , , , , , , 2.5146346, -0.0323949, , , , , , , 2.5146346, 0.061265, , , , , , , 2.5146346, 0.043473, , , , , , , , , , , , , , , , , , , , , , , , , , , , 
2.5151538, 0.0045319, , , , , , , 2.5151538, -0.0340734, , , , , , , 2.5151538, 0.0696574, , , , , , , 2.5151538, 0.0372625, , , , , , , , , , , , , , , , , , , , , , , , , , , , 
2.5156731, 0.0105745, , , , , , , 2.5156731, -0.0256809, , , , , , , 2.5156731, 0.082414, , , , , , , 2.5156731, 0.0327306, , , , , , , , , , , , , , , , , , , , , , , , , , , , 
2.5161923, 0.0152743, , , , , , , 2.5161923, -0.0171206, , , , , , , 2.5161923, 0.0881209, , , , , , , 2.5161923, 0.0290379, , , , , , , , , , , , , , , , , , , , , , , , , , , , 
2.5167115, 0.018967, , , , , , , 2.5167115, -0.0112459, , , , , , , 2.5167115, 0.0840925, , , , , , , 2.5167115, 0.0276951, , , , , , , , , , , , , , , , , , , , , , , , , , , , 
2.5172308, 0.0240024, , , , , , , 2.5172308, -0.0031891, , , , , , , 2.5172308, 0.0757, , , , , , , 2.5172308, 0.0270237, , , , , , , , , , , , , , , , , , , , , , , , , , , , 
2.51775, 0.026688, , , , , , , 2.51775, 0.0058747, , , , , , , 2.51775, 0.0661326, , , , , , , 2.51775, 0.023331, , , , , , , , , , , , , , , , , , , , , , , , , , , , 
2.5182692, 0.0253452, , , , , , , 2.5182692, 0.0052033, , , , , , , 2.5182692, 0.056733, , , , , , , 2.5182692, 0.0221561, , , , , , , , , , , , , , , , , , , , , , , , , , , , 
2.5187885, 0.027863, , , , , , , 2.5187885, -0.0020142, , , , , , , 2.5187885, 0.0495155, , , , , , , 2.5187885, 0.0196384, , , , , , , , , , , , , , , , , , , , , , , , , , , , 
2.5193077, 0.0280308, , , , , , , 2.5193077, -0.0015106, , , , , , , 2.5193077, 0.0428016, , , , , , , 2.5193077, 0.014435, , , , , , , , , , , , , , , , , , , , , , , , , , , , 
2.5198269, 0.0276951, , , , , , , 2.5198269, 0.0112459, , , , , , , 2.5198269, 0.040116, , , , , , , 2.5198269, 0.0119173, , , , , , , , , , , , , , , , , , , , , , , , , , , , 
2.5203462, 0.0330663, , , , , , , 2.5203462, 0.0260166, , , , , , , 2.5203462, 0.0451514, , , , , , , 2.5203462, 0.0082246, , , , , , , , , , , , , , , , , , , , , , , , , , , , 
2.5208654, 0.0384375, , , , , , , 2.5208654, 0.0360876, , , , , , , 2.5208654, 0.0466621, , , , , , , 2.5208654, 0.0031891, , , , , , , , , , , , , , , , , , , , , , , , , , , , 
2.5213846, 0.0382696, , , , , , , 2.5213846, 0.0461585, , , , , , , 2.5213846, 0.0394446, , , , , , , 2.5213846, -0.0048676, , , , , , , , , , , , , , , , , , , , , , , , , , , , 
2.5219038, 0.036759, , , , , , , 2.5219038, 0.0652934, , , , , , , 2.5219038, 0.0293736, , , , , , , 2.5219038, -0.014435, , , , , , , , , , , , , , , , , , , , , , , , , , , , 
2.5224231, 0.0320592, , , , , , , 2.5224231, 0.0636149, , , , , , , 2.5224231, 0.0213169, , , , , , , 2.5224231, -0.0179599, , , , , , , , , , , , , , , , , , , , , , , , , , , , 
2.5229423, 0.0253452, , , , , , , 2.5229423, 0.0374304, , , , , , , 2.5229423, 0.0115816, , , , , , , 2.5229423, -0.0152743, , , , , , , , , , , , , , , , , , , , , , , , , , , , 
2.5234615, 0.0236667, , , , , , , 2.5234615, 0.0260166, , , , , , , 2.5234615, 0.0005035, , , , , , , 2.5234615, -0.0130922, , , , , , , , , , , , , , , , , , , , , , , , , , , , 
2.5239808, 0.0260166, , , , , , , 2.5239808, 0.0374304, , , , , , , 2.5239808, -0.0018463, , , , , , , 2.5239808, -0.0139315, , , , , , , , , , , , , , , , , , , , , , , , , , , , 
2.5245, 0.0344091, , , , , , , 2.5245, 0.0359197, , , , , , , 2.5245, 0.0075532, , , , , , , 2.5245, -0.0142672, , , , , , , , , , , , , , , , , , , , , , , , , , , , 
2.5250192, 0.0414588, , , , , , , 2.5250192, 0.0166171, , , , , , , 2.5250192, 0.018967, , , , , , , 2.5250192, -0.0109102, , , , , , , , , , , , , , , , , , , , , , , , , , , , 
2.5255385, 0.0459907, , , , , , , 2.5255385, 0.0045319, , , , , , , 2.5255385, 0.0199741, , , , , , , 2.5255385, -0.0045319, , , , , , , , , , , , , , , , , , , , , , , , , , , , 
2.5260577, 0.0555581, , , , , , , 2.5260577, 0.0018463, , , , , , , 2.5260577, 0.0095674, , , , , , , 2.5260577, -0.0038605, , , , , , , , , , , , , , , , , , , , , , , , , , , , 
2.5265769, 0.0669718, , , , , , , 2.5265769, 0.0058747, , , , , , , 2.5265769, -0.0078889, , , , , , , 2.5265769, -0.0130922, , , , , , , , , , , , , , , , , , , , , , , , , , , , 
2.5270962, 0.072343, , , , , , , 2.5270962, 0.0125887, , , , , , , 2.5270962, -0.0231632, , , , , , , 2.5270962, -0.0196384, , , , , , , , , , , , , , , , , , , , , , , , , , , , 
2.5276154, 0.0654612, , , , , , , 2.5276154, 0.0166171, , , , , , , 2.5276154, -0.0350805, , , , , , , 2.5276154, -0.0182956, , , , , , , , , , , , , , , , , , , , , , , , , , , , 
2.5281346, 0.0495155, , , , , , , 2.5281346, 0.0171206, , , , , , , 2.5281346, -0.0428016, , , , , , , 2.5281346, -0.0119173, , , , , , , , , , , , , , , , , , , , , , , , , , , , 
2.5286538, 0.0347448, , , , , , , 2.5286538, 0.0063783, , , , , , , 2.5286538, -0.0471656, , , , , , , 2.5286538, -0.002182, , , , , , , , , , , , , , , , , , , , , , , , , , , , 
2.5291731, 0.0270237, , , , , , , 2.5291731, -0.0109102, , , , , , , 2.5291731, -0.0491798, , , , , , , 2.5291731, 0.0075532, , , , , , , , , , , , , , , , , , , , , , , , , , , , 
2.5296923, 0.0162814, , , , , , , 2.5296923, -0.0209812, , , , , , , 2.5296923, -0.04448, , , , , , , 2.5296923, 0.0166171, , , , , , , , , , , , , , , , , , , , , , , , , , , , 
2.5302115, 0.0010071, , , , , , , 2.5302115, -0.0253452, , , , , , , 2.5302115, -0.0347448, , , , , , , 2.5302115, 0.0310521, , , , , , , , , , , , , , , , , , , , , , , , , , , , 
2.5307308, -0.0139315, , , , , , , 2.5307308, -0.0327306, , , , , , , 2.5307308, -0.0243381, , , , , , , 2.5307308, 0.0518654, , , , , , , , , , , , , , , , , , , , , , , , , , , , 
2.53125, -0.0303807, , , , , , , 2.53125, -0.0377661, , , , , , , 2.53125, -0.0176242, , , , , , , 2.53125, 0.0713359, , , , , , , , , , , , , , , , , , , , , , , , , , , , 
2.5317692, -0.0508583, , , , , , , 2.5317692, -0.0310521, , , , , , , 2.5317692, -0.0062104, , , , , , , 2.5317692, 0.0844282, , , , , , , , , , , , , , , , , , , , , , , , , , , , 
2.5322885, -0.0639506, , , , , , , 2.5322885, -0.0182956, , , , , , , 2.5322885, 0.0058747, , , , , , , 2.5322885, 0.0871138, , , , , , , , , , , , , , , , , , , , , , , , , , , , 
2.5328077, -0.0775463, , , , , , , 2.5328077, -0.0149386, , , , , , , 2.5328077, 0.0048676, , , , , , , 2.5328077, 0.0817426, , , , , , , , , , , , , , , , , , , , , , , , , , , , 
2.5333269, -0.090135, , , , , , , 2.5333269, -0.0008392, , , , , , , 2.5333269, -0.0025177, , , , , , , 2.5333269, 0.0748608, , , , , , , , , , , , , , , , , , , , , , , , , , , , 
2.5338462, -0.090135, , , , , , , 2.5338462, 0.0276951, , , , , , , 2.5338462, -0.0052033, , , , , , , 2.5338462, 0.0659648, , , , , , , , , , , , , , , , , , , , , , , , , , , , 
2.5343654, -0.0797284, , , , , , , 2.5343654, 0.0412909, , , , , , , 2.5343654, -0.0078889, , , , , , , 2.5343654, 0.0525368, , , , , , , , , , , , , , , , , , , , , , , , , , , , 
2.5348846, -0.0659648, , , , , , , 2.5348846, 0.0370947, , , , , , , 2.5348846, -0.0139315, , , , , , , 2.5348846, 0.036759, , , , , , , , , , , , , , , , , , , , , , , , , , , , 
2.5354038, -0.0565652, , , , , , , 2.5354038, 0.0325628, , , , , , , 2.5354038, -0.0213169, , , , , , , 2.5354038, 0.0186313, , , , , , , , , , , , , , , , , , , , , , , , , , , , 
2.5359231, -0.0528725, , , , , , , 2.5359231, 0.026688, , , , , , , 2.5359231, -0.024506, , , , , , , 2.5359231, 0.0018463, , , , , , , , , , , , , , , , , , , , , , , , , , , , 
2.5364423, -0.0481727, , , , , , , 2.5364423, 0.0114137, , , , , , , 2.5364423, -0.0263523, , , , , , , 2.5364423, -0.0102388, , , , , , , , , , , , , , , , , , , , , , , , , , , , 
2.5369615, -0.0379339, , , , , , , 2.5369615, 0.0018463, , , , , , , 2.5369615, -0.030045, , , , , , , 2.5369615, -0.0193027, , , , , , , , , , , , , , , , , , , , , , , , , , , , 
2.5374808, -0.0256809, , , , , , , 2.5374808, 0.0263523, , , , , , , 2.5374808, -0.0297093, , , , , , , 2.5374808, -0.0276951, , , , , , , , , , , , , , , , , , , , , , , , , , , , 
2.538, -0.0166171, , , , , , , 2.538, 0.0565652, , , , , , , 2.538, -0.0270237, , , , , , , 2.538, -0.0337377, , , , , , , , , , , , , , , , , , , , , , , , , , , , 
2.5385192, -0.0146029, , , , , , , 2.5385192, 0.0486763, , , , , , , 2.5385192, -0.0256809, , , , , , , 2.5385192, -0.0404517, , , , , , , , , , , , , , , , , , , , , , , , , , , , 
2.5390385, -0.0137636, , , , , , , 2.5390385, 0.0213169, , , , , , , 2.5390385, -0.0193027, , , , , , , 2.5390385, -0.04448, , , , , , , , , , , , , , , , , , , , , , , , , , , , 
2.5395577, -0.0078889, , , , , , , 2.5395577, 0.0115816, , , , , , , 2.5395577, -0.0001678, , , , , , , 2.5395577, -0.0438087, , , , , , , , , , , , , , , , , , , , , , , , , , , , 
2.5400769, -0.0008392, , , , , , , 2.5400769, 0.0109102, , , , , , , 2.5400769, 0.0193027, , , , , , , 2.5400769, -0.0421302, , , , , , , , , , , , , , , , , , , , , , , , , , , , 
2.5405962, 0.0045319, , , , , , , 2.5405962, -0.0109102, , , , , , , 2.5405962, 0.0219883, , , , , , , 2.5405962, -0.0402838, , , , , , , , , , , , , , , , , , , , , , , , , , , , 
2.5411154, 0.0077211, , , , , , , 2.5411154, -0.0370947, , , , , , , 2.5411154, 0.0132601, , , , , , , 2.5411154, -0.0364233, , , , , , , , , , , , , , , , , , , , , , , , , , , , 
2.5416346, 0.0075532, , , , , , , 2.5416346, -0.043473, , , , , , , 2.5416346, 0.0060426, , , , , , , 2.5416346, -0.035584, , , , , , , , , , , , , , , , , , , , , , , , , , , , 
2.5421538, 0.0068818, , , , , , , 2.5421538, -0.0438087, , , , , , , 2.5421538, -0.005539, , , , , , , 2.5421538, -0.0372625, , , , , , , , , , , , , , , , , , , , , , , , , , , , 
2.5426731, 0.0068818, , , , , , , 2.5426731, -0.0897993, , , , , , , 2.5426731, -0.0223239, , , , , , , 2.5426731, -0.0370947, , , , , , , , , , , , , , , , , , , , , , , , , , , , 
2.5431923, 0.005539, , , , , , , 2.5431923, -0.1715419, , , , , , , 2.5431923, -0.0364233, , , , , , , 2.5431923, -0.0337377, , , , , , , , , , , , , , , , , , , , , , , , , , , , 
2.5437115, 0.0085603, , , , , , , 2.5437115, -0.2198825, , , , , , , 2.5437115, -0.0464942, , , , , , , 2.5437115, -0.0298772, , , , , , , , , , , , , , , , , , , , , , , , , , , , 
2.5442308, 0.0193027, , , , , , , 2.5442308, -0.219379, , , , , , , 2.5442308, -0.0463264, , , , , , , 2.5442308, -0.0303807, , , , , , , , , , , , , , , , , , , , , , , , , , , , 
2.54475, 0.0310521, , , , , , , 2.54475, -0.1901732, , , , , , , 2.54475, -0.0271916, , , , , , , 2.54475, -0.0344091, , , , , , , , , , , , , , , , , , , , , , , , , , , , 
2.5452692, 0.0384375, , , , , , , 2.5452692, -0.1451896, , , , , , , 2.5452692, 0.0048676, , , , , , , 2.5452692, -0.0323949, , , , , , , , , , , , , , , , , , , , , , , , , , , , 
2.5457885, 0.0485084, , , , , , , 2.5457885, -0.103563, , , , , , , 2.5457885, 0.0352483, , , , , , , 2.5457885, -0.0238346, , , , , , , , , , , , , , , , , , , , , , , , , , , , 
2.5463077, 0.0589151, , , , , , , 2.5463077, -0.0753643, , , , , , , 2.5463077, 0.0605936, , , , , , , 2.5463077, -0.0154421, , , , , , , , , , , , , , , , , , , , , , , , , , , , 
2.5468269, 0.0654612, , , , , , , 2.5468269, -0.0622721, , , , , , , 2.5468269, 0.0773785, , , , , , , 2.5468269, -0.008896, , , , , , , , , , , , , , , , , , , , , , , , , , , , 
2.5473462, 0.0659648, , , , , , , 2.5473462, -0.0458228, , , , , , , 2.5473462, 0.0840925, , , , , , , 2.5473462, -0.0008392, , , , , , , , , , , , , , , , , , , , , , , , , , , , 
2.5478654, 0.0582437, , , , , , , 2.5478654, -0.0171206, , , , , , , 2.5478654, 0.0797284, , , , , , , 2.5478654, 0.0109102, , , , , , , , , , , , , , , , , , , , , , , , , , , , 
2.5483846, 0.0441444, , , , , , , 2.5483846, 0.0090639, , , , , , , 2.5483846, 0.0622721, , , , , , , 2.5483846, 0.0246738, , , , , , , , , , , , , , , , , , , , , , , , , , , , 
2.5489038, 0.0327306, , , , , , , 2.5489038, 0.0206455, , , , , , , 2.5489038, 0.0382696, , , , , , , 2.5489038, 0.0320592, , , , , , , , , , , , , , , , , , , , , , , , , , , , 
2.5494231, 0.0218204, , , , , , , 2.5494231, 0.0229953, , , , , , , 2.5494231, 0.0152743, , , , , , , 2.5494231, 0.0369268, , , , , , , , , , , , , , , , , , , , , , , , , , , , 
2.5499423, 0.0119173, , , , , , , 2.5499423, 0.0246738, , , , , , , 2.5499423, -0.0092317, , , , , , , 2.5499423, 0.0428016, , , , , , , , , , , , , , , , , , , , , , , , , , , , 
2.5504615, 0.0025177, , , , , , , 2.5504615, 0.0263523, , , , , , , 2.5504615, -0.0379339, , , , , , , 2.5504615, 0.0441444, , , , , , , , , , , , , , , , , , , , , , , , , , , , 
2.5509808, -0.0082246, , , , , , , 2.5509808, 0.026688, , , , , , , 2.5509808, -0.0632792, , , , , , , 2.5509808, 0.0374304, , , , , , , , , , , , , , , , , , , , , , , , , , , , 
2.5515, -0.018967, , , , , , , 2.5515, 0.0287022, , , , , , , 2.5515, -0.0787213, , , , , , , 2.5515, 0.030045, , , , , , , , , , , , , , , , , , , , , , , , , , , , 
2.5520192, -0.0298772, , , , , , , 2.5520192, 0.030045, , , , , , , 2.5520192, -0.087953, , , , , , , 2.5520192, 0.0253452, , , , , , , , , , , , , , , , , , , , , , , , , , , , 
2.5525385, -0.0340734, , , , , , , 2.5525385, 0.0318914, , , , , , , 2.5525385, -0.0955062, , , , , , , 2.5525385, 0.0238346, , , , , , , , , , , , , , , , , , , , , , , , , , , , 
2.5530577, -0.0365911, , , , , , , 2.5530577, 0.0327306, , , , , , , 2.5530577, -0.1025559, , , , , , , 2.5530577, 0.0240024, , , , , , , , , , , , , , , , , , , , , , , , , , , , 
2.5535769, -0.043473, , , , , , , 2.5535769, 0.0347448, , , , , , , 2.5535769, -0.1059129, , , , , , , 2.5535769, 0.0260166, , , , , , , , , , , , , , , , , , , , , , , , , , , , 
2.5540962, -0.0451514, , , , , , , 2.5540962, 0.0391089, , , , , , , 2.5540962, -0.1005417, , , , , , , 2.5540962, 0.0270237, , , , , , , , , , , , , , , , , , , , , , , , , , , , 
2.5546154, -0.0370947, , , , , , , 2.5546154, 0.0428016, , , , , , , 2.5546154, -0.0929885, , , , , , , 2.5546154, 0.0216526, , , , , , , , , , , , , , , , , , , , , , , , , , , , 
2.5551346, -0.0253452, , , , , , , 2.5551346, 0.0464942, , , , , , , 2.5551346, -0.0904707, , , , , , , 2.5551346, 0.014435, , , , , , , , , , , , , , , , , , , , , , , , , , , , 
2.5556538, -0.01561, , , , , , , 2.5556538, 0.0480049, , , , , , , 2.5556538, -0.0916457, , , , , , , 2.5556538, 0.0112459, , , , , , , , , , , , , , , , , , , , , , , , , , , , 
2.5561731, -0.0125887, , , , , , , 2.5561731, 0.0441444, , , , , , , 2.5561731, -0.0899672, , , , , , , 2.5561731, 0.0135958, , , , , , , , , , , , , , , , , , , , , , , , , , , , 
2.5566923, -0.0099031, , , , , , , 2.5566923, 0.0391089, , , , , , , 2.5566923, -0.076875, , , , , , , 2.5566923, 0.0172885, , , , , , , , , , , , , , , , , , , , , , , , , , , , 
2.5572115, -0.0031891, , , , , , , 2.5572115, 0.036759, , , , , , , 2.5572115, -0.057908, , , , , , , 2.5572115, 0.0206455, , , , , , , , , , , , , , , , , , , , , , , , , , , , 
2.5577308, -0.0018463, , , , , , , 2.5577308, 0.0370947, , , , , , , 2.5577308, -0.0431373, , , , , , , 2.5577308, 0.0240024, , , , , , , , , , , , , , , , , , , , , , , , , , , , 
2.55825, -0.0008392, , , , , , , 2.55825, 0.036759, , , , , , , 2.55825, -0.0352483, , , , , , , 2.55825, 0.0273594, , , , , , , , , , , , , , , , , , , , , , , , , , , , 
2.5587692, 0.0045319, , , , , , , 2.5587692, 0.0332341, , , , , , , 2.5587692, -0.030045, , , , , , , 2.5587692, 0.0243381, , , , , , , , , , , , , , , , , , , , , , , , , , , , 
2.5592885, 0.0129244, , , , , , , 2.5592885, 0.0236667, , , , , , , 2.5592885, -0.0276951, , , , , , , 2.5592885, 0.0129244, , , , , , , , , , , , , , , , , , , , , , , , , , , , 
2.5598077, 0.0132601, , , , , , , 2.5598077, 0.0157778, , , , , , , 2.5598077, -0.0325628, , , , , , , 2.5598077, 0.0028534, , , , , , , , , , , , , , , , , , , , , , , , , , , , 
2.5603269, 0.0112459, , , , , , , 2.5603269, 0.0216526, , , , , , , 2.5603269, -0.0347448, , , , , , , 2.5603269, 0.0011749, , , , , , , , , , , , , , , , , , , , , , , , , , , , 
2.5608462, 0.0119173, , , , , , , 2.5608462, 0.024506, , , , , , , 2.5608462, -0.023331, , , , , , , 2.5608462, 0.0090639, , , , , , , , , , , , , , , , , , , , , , , , , , , , 
2.5613654, 0.0146029, , , , , , , 2.5613654, 0.0031891, , , , , , , 2.5613654, -0.008896, , , , , , , 2.5613654, 0.0179599, , , , , , , , , , , , , , , , , , , , , , , , , , , , 
2.5618846, 0.0164492, , , , , , , 2.5618846, -0.0273594, , , , , , , 2.5618846, -0.0010071, , , , , , , 2.5618846, 0.0198062, , , , , , , , , , , , , , , , , , , , , , , , , , , , 
2.5624038, 0.0206455, , , , , , , 2.5624038, -0.0428016, , , , , , , 2.5624038, 0.0011749, , , , , , , 2.5624038, 0.0172885, , , , , , , , , , , , , , , , , , , , , , , , , , , , 
2.5629231, 0.0287022, , , , , , , 2.5629231, -0.0332341, , , , , , , 2.5629231, 0.0065461, , , , , , , 2.5629231, 0.0169528, , , , , , , , , , , , , , , , , , , , , , , , , , , , 
2.5634423, 0.0342412, , , , , , , 2.5634423, -0.0176242, , , , , , , 2.5634423, 0.0186313, , , , , , , 2.5634423, 0.017792, , , , , , , , , , , , , , , , , , , , , , , , , , , , 
2.5639615, 0.0407874, , , , , , , 2.5639615, -0.0172885, , , , , , , 2.5639615, 0.0250095, , , , , , , 2.5639615, 0.011078, , , , , , , , , , , , , , , , , , , , , , , , , , , , 
2.5644808, 0.0501869, , , , , , , 2.5644808, -0.0231632, , , , , , , 2.5644808, 0.0246738, , , , , , , 2.5644808, -0.0018463, , , , , , , , , , , , , , , , , , , , , , , , , , , , 
2.565, 0.0642863, , , , , , , 2.565, -0.0186313, , , , , , , 2.565, 0.0327306, , , , , , , 2.565, -0.0095674, , , , , , , , , , , , , , , , , , , , , , , , , , , , 
2.5655192, 0.0763714, , , , , , , 2.5655192, -0.0092317, , , , , , , 2.5655192, 0.0471656, , , , , , , 2.5655192, -0.0095674, , , , , , , , , , , , , , , , , , , , , , , , , , , , 
2.5660385, 0.0822461, , , , , , , 2.5660385, -0.0028534, , , , , , , 2.5660385, 0.0547189, , , , , , , 2.5660385, -0.0095674, , , , , , , , , , , , , , , , , , , , , , , , , , , , 
2.5665577, 0.0817426, , , , , , , 2.5665577, 0.0018463, , , , , , , 2.5665577, 0.0548867, , , , , , , 2.5665577, -0.0097353, , , , , , , , , , , , , , , , , , , , , , , , , , , , 
2.5670769, 0.0760357, , , , , , , 2.5670769, -0.0018463, , , , , , , 2.5670769, 0.0538796, , , , , , , 2.5670769, -0.0078889, , , , , , , , , , , , , , , , , , , , , , , , , , , , 
2.5675962, 0.0661326, , , , , , , 2.5675962, -0.0092317, , , , , , , 2.5675962, 0.0527047, , , , , , , 2.5675962, -0.0035248, , , , , , , , , , , , , , , , , , , , , , , , , , , , 
2.5681154, 0.0506905, , , , , , , 2.5681154, -0.0099031, , , , , , , 2.5681154, 0.0518654, , , , , , , 2.5681154, 0.0038605, , , , , , , , , , , , , , , , , , , , , , , , , , , , 
2.5686346, 0.0374304, , , , , , , 2.5686346, -0.002182, , , , , , , 2.5686346, 0.0555581, , , , , , , 2.5686346, 0.0146029, , , , , , , , , , , , , , , , , , , , , , , , , , , , 
2.5691538, 0.0273594, , , , , , , 2.5691538, 0.0038605, , , , , , , 2.5691538, 0.0654612, , , , , , , 2.5691538, 0.0240024, , , , , , , , , , , , , , , , , , , , , , , , , , , , 
2.5696731, 0.0191348, , , , , , , 2.5696731, 0.0011749, , , , , , , 2.5696731, 0.0753643, , , , , , , 2.5696731, 0.030045, , , , , , , , , , , , , , , , , , , , , , , , , , , , 
2.5701923, 0.0112459, , , , , , , 2.5701923, 0.0018463, , , , , , , 2.5701923, 0.0762036, , , , , , , 2.5701923, 0.033402, , , , , , , , , , , , , , , , , , , , , , , , , , , , 
2.5707115, -0.002182, , , , , , , 2.5707115, 0.0105745, , , , , , , 2.5707115, 0.0693217, , , , , , , 2.5707115, 0.0377661, , , , , , , , , , , , , , , , , , , , , , , , , , , , 
2.5712308, -0.018967, , , , , , , 2.5712308, 0.0112459, , , , , , , 2.5712308, 0.0616007, , , , , , , 2.5712308, 0.0449836, , , , , , , , , , , , , , , , , , , , , , , , , , , , 
2.57175, -0.0357519, , , , , , , 2.57175, -0.0015106, , , , , , , 2.57175, 0.0589151, , , , , , , 2.57175, 0.057908, , , , , , , , , , , , , , , , , , , , , , , , , , , , 
2.5722692, -0.0471656, , , , , , , 2.5722692, -0.0025177, , , , , , , 2.5722692, 0.0607614, , , , , , , 2.5722692, 0.0713359, , , , , , , , , , , , , , , , , , , , , , , , , , , , 
2.5727885, -0.0485084, , , , , , , 2.5727885, 0.0179599, , , , , , , 2.5727885, 0.0629435, , , , , , , 2.5727885, 0.0763714, , , , , , , , , , , , , , , , , , , , , , , , , , , , 
2.5733077, -0.0538796, , , , , , , 2.5733077, 0.051194, , , , , , , 2.5733077, 0.0642863, , , , , , , 2.5733077, 0.0748608, , , , , , , , , , , , , , , , , , , , , , , , , , , , 
2.5738269, -0.0553902, , , , , , , 2.5738269, 0.0736858, , , , , , , 2.5738269, 0.0572366, , , , , , , 2.5738269, 0.0663005, , , , , , , , , , , , , , , , , , , , , , , , , , , , 
2.5743462, -0.0461585, , , , , , , 2.5743462, 0.0757, , , , , , , 2.5743462, 0.0357519, , , , , , , 2.5743462, 0.0518654, , , , , , , , , , , , , , , , , , , , , , , , , , , , 
2.5748654, -0.0307164, , , , , , , 2.5748654, 0.0421302, , , , , , , 2.5748654, 0.0063783, , , , , , , 2.5748654, 0.0350805, , , , , , , , , , , , , , , , , , , , , , , , , , , , 
2.5753846, -0.0206455, , , , , , , 2.5753846, -0.0115816, , , , , , , 2.5753846, -0.0270237, , , , , , , 2.5753846, 0.021149, , , , , , , , , , , , , , , , , , , , , , , , , , , , 
2.5759038, -0.0149386, , , , , , , 2.5759038, -0.0599222, , , , , , , 2.5759038, -0.0629435, , , , , , , 2.5759038, 0.0105745, , , , , , , , , , , , , , , , , , , , , , , , , , , , 
2.5764231, -0.0041962, , , , , , , 2.5764231, -0.0998703, , , , , , , 2.5764231, -0.0995346, , , , , , , 2.5764231, 0.0023499, , , , , , , , , , , , , , , , , , , , , , , , , , , , 
2.5769423, 0.0045319, , , , , , , 2.5769423, -0.1163195, , , , , , , 2.5769423, -0.1277333, , , , , , , 2.5769423, -0.0018463, , , , , , , , , , , , , , , , , , , , , , , , , , , , 
2.5774615, 0.0099031, , , , , , , 2.5774615, -0.1070878, , , , , , , 2.5774615, -0.1359579, , , , , , , 2.5774615, -0.002182, , , , , , , , , , , , , , , , , , , , , , , , , , , , 
2.5779808, 0.0179599, , , , , , , 2.5779808, -0.0800641, , , , , , , 2.5779808, -0.1334401, , , , , , , 2.5779808, -0.0025177, , , , , , , , , , , , , , , , , , , , , , , , , , , , 
2.5785, 0.0287022, , , , , , , 2.5785, -0.0431373, , , , , , , 2.5785, -0.1317617, , , , , , , 2.5785, -0.0038605, , , , , , , , , , , , , , , , , , , , , , , , , , , , 
2.5790192, 0.0327306, , , , , , , 2.5790192, -0.0159457, , , , , , , 2.5790192, -0.1285725, , , , , , , 2.5790192, -0.0041962, , , , , , , , , , , , , , , , , , , , , , , , , , , , 
2.5795385, 0.0320592, , , , , , , 2.5795385, -0.0075532, , , , , , , 2.5795385, -0.1164874, , , , , , , 2.5795385, -0.0028534, , , , , , , , , , , , , , , , , , , , , , , , , , , , 
2.5800577, 0.0327306, , , , , , , 2.5800577, -0.0062104, , , , , , , 2.5800577, -0.0958419, , , , , , , 2.5800577, -0.0038605, , , , , , , , , , , , , , , , , , , , , , , , , , , , 
2.5805769, 0.0347448, , , , , , , 2.5805769, 0.002182, , , , , , , 2.5805769, -0.0726787, , , , , , , 2.5805769, -0.0038605, , , , , , , , , , , , , , , , , , , , , , , , , , , , 
2.5810962, 0.0370947, , , , , , , 2.5810962, 0.0157778, , , , , , , 2.5810962, -0.054551, , , , , , , 2.5810962, -0.0011749, , , , , , , , , , , , , , , , , , , , , , , , , , , , 
2.5816154, 0.0381018, , , , , , , 2.5816154, 0.0139315, , , , , , , 2.5816154, -0.0424659, , , , , , , 2.5816154, 0.0011749, , , , , , , , , , , , , , , , , , , , , , , , , , , , 
2.5821346, 0.0374304, , , , , , , 2.5821346, 0.0016785, , , , , , , 2.5821346, -0.0337377, , , , , , , 2.5821346, 0.0018463, , , , , , , , , , , , , , , , , , , , , , , , , , , , 
2.5826538, 0.0386053, , , , , , , 2.5826538, -0.0058747, , , , , , , 2.5826538, -0.0260166, , , , , , , 2.5826538, 0.0038605, , , , , , , , , , , , , , , , , , , , , , , , , , , , 
2.5831731, 0.0414588, , , , , , , 2.5831731, -0.0015106, , , , , , , 2.5831731, -0.0198062, , , , , , , 2.5831731, 0.0092317, , , , , , , , , , , , , , , , , , , , , , , , , , , , 
2.5836923, 0.0439765, , , , , , , 2.5836923, -0.0102388, , , , , , , 2.5836923, -0.0159457, , , , , , , 2.5836923, 0.0193027, , , , , , , , , , , , , , , , , , , , , , , , , , , , 
2.5842115, 0.0520333, , , , , , , 2.5842115, -0.0404517, , , , , , , 2.5842115, -0.0159457, , , , , , , 2.5842115, 0.026688, , , , , , , , , , , , , , , , , , , , , , , , , , , , 
2.5847308, 0.0636149, , , , , , , 2.5847308, -0.0552224, , , , , , , 2.5847308, -0.0099031, , , , , , , 2.5847308, 0.030045, , , , , , , , , , , , , , , , , , , , , , , , , , , , 
2.58525, 0.072343, , , , , , , 2.58525, -0.0411231, , , , , , , 2.58525, 0.0114137, , , , , , , 2.58525, 0.0340734, , , , , , , , , , , , , , , , , , , , , , , , , , , , 
2.5857692, 0.0763714, , , , , , , 2.5857692, -0.0263523, , , , , , , 2.5857692, 0.0340734, , , , , , , 2.5857692, 0.0369268, , , , , , , , , , , , , , , , , , , , , , , , , , , , 
2.5862885, 0.0814069, , , , , , , 2.5862885, -0.0240024, , , , , , , 2.5862885, 0.0461585, , , , , , , 2.5862885, 0.0320592, , , , , , , , , , , , , , , , , , , , , , , , , , , , 
2.5868077, 0.0793927, , , , , , , 2.5868077, -0.0256809, , , , , , , 2.5868077, 0.0506905, , , , , , , 2.5868077, 0.0226596, , , , , , , , , , , , , , , , , , , , , , , , , , , , 
2.5873269, 0.0696574, , , , , , , 2.5873269, -0.0337377, , , , , , , 2.5873269, 0.0533761, , , , , , , 2.5873269, 0.0142672, , , , , , , , , , , , , , , , , , , , , , , , , , , , 
2.5878462, 0.057908, , , , , , , 2.5878462, -0.0475013, , , , , , , 2.5878462, 0.0585794, , , , , , , 2.5878462, 0.0102388, , , , , , , , , , , , , , , , , , , , , , , , , , , , 
2.5883654, 0.0469978, , , , , , , 2.5883654, -0.057908, , , , , , , 2.5883654, 0.0607614, , , , , , , 2.5883654, 0.0095674, , , , , , , , , , , , , , , , , , , , , , , , , , , , 
2.5888846, 0.0381018, , , , , , , 2.5888846, -0.0562295, , , , , , , 2.5888846, 0.0528725, , , , , , , 2.5888846, 0.0068818, , , , , , , , , , , , , , , , , , , , , , , , , , , , 
2.5894038, 0.030045, , , , , , , 2.5894038, -0.0428016, , , , , , , 2.5894038, 0.036759, , , , , , , 2.5894038, 0.0011749, , , , , , , , , , , , , , , , , , , , , , , , , , , , 
2.5899231, 0.0193027, , , , , , , 2.5899231, -0.0263523, , , , , , , 2.5899231, 0.0184634, , , , , , , 2.5899231, -0.0003357, , , , , , , , , , , , , , , , , , , , , , , , , , , , 
2.5904423, 0.0099031, , , , , , , 2.5904423, -0.0139315, , , , , , , 2.5904423, -0.0001678, , , , , , , 2.5904423, 0.0038605, , , , , , , , , , , , , , , , , , , , , , , , , , , , 
2.5909615, 0.0038605, , , , , , , 2.5909615, -0.0065461, , , , , , , 2.5909615, -0.0146029, , , , , , , 2.5909615, 0.0112459, , , , , , , , , , , , , , , , , , , , , , , , , , , , 
2.5914808, -0.0050355, , , , , , , 2.5914808, 0.0048676, , , , , , , 2.5914808, -0.0256809, , , , , , , 2.5914808, 0.0159457, , , , , , , , , , , , , , , , , , , , , , , , , , , , 
2.592, -0.018967, , , , , , , 2.592, 0.0263523, , , , , , , 2.592, -0.0325628, , , , , , , 2.592, 0.023331, , , , , , , , , , , , , , , , , , , , , , , , , , , , 
2.5925192, -0.0285344, , , , , , , 2.5925192, 0.0414588, , , , , , , 2.5925192, -0.0337377, , , , , , , 2.5925192, 0.033402, , , , , , , , , , , , , , , , , , , , , , , , , , , , 
2.5930385, -0.0317235, , , , , , , 2.5930385, 0.0407874, , , , , , , 2.5930385, -0.027863, , , , , , , 2.5930385, 0.0414588, , , , , , , , , , , , , , , , , , , , , , , , , , , , 
2.5935577, -0.0370947, , , , , , , 2.5935577, 0.0345769, , , , , , , 2.5935577, -0.0219883, , , , , , , 2.5935577, 0.04448, , , , , , , , , , , , , , , , , , , , , , , , , , , , 
2.5940769, -0.0377661, , , , , , , 2.5940769, 0.0352483, , , , , , , 2.5940769, -0.0209812, , , , , , , 2.5940769, 0.0414588, , , , , , , , , , , , , , , , , , , , , , , , , , , , 
2.5945962, -0.0323949, , , , , , , 2.5945962, 0.0354162, , , , , , , 2.5945962, -0.0236667, , , , , , , 2.5945962, 0.0357519, , , , , , , , , , , , , , , , , , , , , , , , , , , , 
2.5951154, -0.0263523, , , , , , , 2.5951154, 0.0305486, , , , , , , 2.5951154, -0.0276951, , , , , , , 2.5951154, 0.030045, , , , , , , , , , , , , , , , , , , , , , , , , , , , 
2.5956346, -0.0246738, , , , , , , 2.5956346, 0.0323949, , , , , , , 2.5956346, -0.0256809, , , , , , , 2.5956346, 0.0236667, , , , , , , , , , , , , , , , , , , , , , , , , , , , 
2.5961538, -0.0209812, , , , , , , 2.5961538, 0.047837, , , , , , , 2.5961538, -0.0151064, , , , , , , 2.5961538, 0.0186313, , , , , , , , , , , , , , , , , , , , , , , , , , , , 
2.5966731, -0.0135958, , , , , , , 2.5966731, 0.0659648, , , , , , , 2.5966731, -0.0005035, , , , , , , 2.5966731, 0.0159457, , , , , , , , , , , , , , , , , , , , , , , , , , , , 
2.5971923, -0.0043641, , , , , , , 2.5971923, 0.0686503, , , , , , , 2.5971923, 0.014435, , , , , , , 2.5971923, 0.01561, , , , , , , , , , , , , , , , , , , , , , , , , , , , 
2.5977115, 0.0030213, , , , , , , 2.5977115, 0.0475013, , , , , , , 2.5977115, 0.0317235, , , , , , , 2.5977115, 0.0172885, , , , , , , , , , , , , , , , , , , , , , , , , , , , 
2.5982308, 0.0063783, , , , , , , 2.5982308, 0.026688, , , , , , , 2.5982308, 0.0468299, , , , , , , 2.5982308, 0.0213169, , , , , , , , , , , , , , , , , , , , , , , , , , , , 
2.59875, 0.0065461, , , , , , , 2.59875, 0.0105745, , , , , , , 2.59875, 0.0528725, , , , , , , 2.59875, 0.0231632, , , , , , , , , , , , , , , , , , , , , , , , , , , , 
2.5992692, 0.0112459, , , , , , , 2.5992692, -0.002182, , , , , , , 2.5992692, 0.0538796, , , , , , , 2.5992692, 0.0253452, , , , , , , , , , , , , , , , , , , , , , , , , , , , 
2.5997885, 0.0193027, , , , , , , 2.5997885, -0.0142672, , , , , , , 2.5997885, 0.0542153, , , , , , , 2.5997885, 0.0273594, , , , , , , , , , , , , , , , , , , , , , , , , , , , 
2.6003077, 0.0206455, , , , , , , 2.6003077, -0.0243381, , , , , , , 2.6003077, 0.0525368, , , , , , , 2.6003077, 0.0303807, , , , , , , , , , , , , , , , , , , , , , , , , , , , 
2.6008269, 0.0203098, , , , , , , 2.6008269, -0.0199741, , , , , , , 2.6008269, 0.0468299, , , , , , , 2.6008269, 0.0323949, , , , , , , , , , , , , , , , , , , , , , , , , , , , 
2.6013462, 0.0243381, , , , , , , 2.6013462, -0.0099031, , , , , , , 2.6013462, 0.0381018, , , , , , , 2.6013462, 0.0298772, , , , , , , , , , , , , , , , , , , , , , , , , , , , 
2.6018654, 0.0283665, , , , , , , 2.6018654, -0.0041962, , , , , , , 2.6018654, 0.024506, , , , , , , 2.6018654, 0.0246738, , , , , , , , , , , , , , , , , , , , , , , , , , , , 
2.6023846, 0.0313878, , , , , , , 2.6023846, -0.0102388, , , , , , , 2.6023846, 0.0075532, , , , , , , 2.6023846, 0.0209812, , , , , , , , , , , , , , , , , , , , , , , , , , , , 
2.6029038, 0.0337377, , , , , , , 2.6029038, -0.0325628, , , , , , , 2.6029038, -0.0085603, , , , , , , 2.6029038, 0.0164492, , , , , , , , , , , , , , , , , , , , , , , , , , , , 
2.6034231, 0.0377661, , , , , , , 2.6034231, -0.0706645, , , , , , , 2.6034231, -0.0236667, , , , , , , 2.6034231, 0.0115816, , , , , , , , , , , , , , , , , , , , , , , , , , , , 
2.6039423, 0.0495155, , , , , , , 2.6039423, -0.103563, , , , , , , 2.6039423, -0.0370947, , , , , , , 2.6039423, 0.0065461, , , , , , , , , , , , , , , , , , , , , , , , , , , , 
2.6044615, 0.0647898, , , , , , , 2.6044615, -0.1085985, , , , , , , 2.6044615, -0.0500191, , , , , , , 2.6044615, -0.0005035, , , , , , , , , , , , , , , , , , , , , , , , , , , , 
2.6049808, 0.0746929, , , , , , , 2.6049808, -0.0775463, , , , , , , 2.6049808, -0.0622721, , , , , , , 2.6049808, -0.0065461, , , , , , , , , , , , , , , , , , , , , , , , , , , , 
2.6055, 0.0773785, , , , , , , 2.6055, -0.0206455, , , , , , , 2.6055, -0.0741894, , , , , , , 2.6055, -0.0149386, , , , , , , , , , , , , , , , , , , , , , , , , , , , 
2.6060192, 0.0753643, , , , , , , 2.6060192, 0.0360876, , , , , , , 2.6060192, -0.0837568, , , , , , , 2.6060192, -0.0229953, , , , , , , , , , , , , , , , , , , , , , , , , , , , 
2.6065385, 0.0740215, , , , , , , 2.6065385, 0.0448157, , , , , , , 2.6065385, -0.0847639, , , , , , , 2.6065385, -0.0270237, , , , , , , , , , , , , , , , , , , , , , , , , , , , 
2.6070577, 0.072343, , , , , , , 2.6070577, 0.0025177, , , , , , , 2.6070577, -0.079057, , , , , , , 2.6070577, -0.0270237, , , , , , , , , , , , , , , , , , , , , , , , , , , , 
2.6075769, 0.0636149, , , , , , , 2.6075769, -0.0344091, , , , , , , 2.6075769, -0.0726787, , , , , , , 2.6075769, -0.0250095, , , , , , , , , , , , , , , , , , , , , , , , , , , , 
2.6080962, 0.0468299, , , , , , , 2.6080962, -0.04448, , , , , , , 2.6080962, -0.0699931, , , , , , , 2.6080962, -0.0179599, , , , , , , , , , , , , , , , , , , , , , , , , , , , 
2.6086154, 0.0303807, , , , , , , 2.6086154, -0.0424659, , , , , , , 2.6086154, -0.0649577, , , , , , , 2.6086154, -0.0075532, , , , , , , , , , , , , , , , , , , , , , , , , , , , 
2.6091346, 0.0186313, , , , , , , 2.6091346, -0.0330663, , , , , , , 2.6091346, -0.0558938, , , , , , , 2.6091346, -0.0016785, , , , , , , , , , , , , , , , , , , , , , , , , , , , 
2.6096538, 0.0078889, , , , , , , 2.6096538, -0.0318914, , , , , , , 2.6096538, -0.0453193, , , , , , , 2.6096538, 0.0008392, , , , , , , , , , , , , , , , , , , , , , , , , , , , 
2.6101731, -0.0068818, , , , , , , 2.6101731, -0.0572366, , , , , , , 2.6101731, -0.0360876, , , , , , , 2.6101731, 0.0057069, , , , , , , , , , , , , , , , , , , , , , , , , , , , 
2.6106923, -0.0270237, , , , , , , 2.6106923, -0.0897993, , , , , , , 2.6106923, -0.0229953, , , , , , , 2.6106923, 0.0119173, , , , , , , , , , , , , , , , , , , , , , , , , , , , 
2.6112115, -0.043473, , , , , , , 2.6112115, -0.0950027, , , , , , , 2.6112115, -0.0075532, , , , , , , 2.6112115, 0.0191348, , , , , , , , , , , , , , , , , , , , , , , , , , , , 
2.6117308, -0.0605936, , , , , , , 2.6117308, -0.06009, , , , , , , 2.6117308, 0.0050355, , , , , , , 2.6117308, 0.0293736, , , , , , , , , , , , , , , , , , , , , , , , , , , , 
2.61225, -0.0733501, , , , , , , 2.61225, -0.0041962, , , , , , , 2.61225, 0.0137636, , , , , , , 2.61225, 0.0394446, , , , , , , , , , , , , , , , , , , , , , , , , , , , 
2.6127692, -0.0777142, , , , , , , 2.6127692, 0.0381018, , , , , , , 2.6127692, 0.0199741, , , , , , , 2.6127692, 0.0441444, , , , , , , , , , , , , , , , , , , , , , , , , , , , 
2.6132885, -0.0787213, , , , , , , 2.6132885, 0.0532082, , , , , , , 2.6132885, 0.0246738, , , , , , , 2.6132885, 0.043473, , , , , , , , , , , , , , , , , , , , , , , , , , , , 
2.6138077, -0.0834211, , , , , , , 2.6138077, 0.0421302, , , , , , , 2.6138077, 0.0287022, , , , , , , 2.6138077, 0.0394446, , , , , , , , , , , , , , , , , , , , , , , , , , , , 
2.6143269, -0.0827497, , , , , , , 2.6143269, 0.0050355, , , , , , , 2.6143269, 0.0318914, , , , , , , 2.6143269, 0.0340734, , , , , , , , , , , , , , , , , , , , , , , , , , , , 
2.6148462, -0.0699931, , , , , , , 2.6148462, -0.0360876, , , , , , , 2.6148462, 0.0320592, , , , , , , 2.6148462, 0.0258488, , , , , , , , , , , , , , , , , , , , , , , , , , , , 
2.6153654, -0.0532082, , , , , , , 2.6153654, -0.0555581, , , , , , , 2.6153654, 0.0298772, , , , , , , 2.6153654, 0.0171206, , , , , , , , , , , , , , , , , , , , , , , , , , , , 
2.6158846, -0.0386053, , , , , , , 2.6158846, -0.0609293, , , , , , , 2.6158846, 0.0283665, , , , , , , 2.6158846, 0.0119173, , , , , , , , , , , , , , , , , , , , , , , , , , , , 
2.6164038, -0.0256809, , , , , , , 2.6164038, -0.0605936, , , , , , , 2.6164038, 0.0276951, , , , , , , 2.6164038, 0.0031891, , , , , , , , , , , , , , , , , , , , , , , , , , , , 
2.6169231, -0.0159457, , , , , , , 2.6169231, -0.0491798, , , , , , , 2.6169231, 0.0246738, , , , , , , 2.6169231, -0.0073854, , , , , , , , , , , , , , , , , , , , , , , , , , , , 
2.6174423, -0.0095674, , , , , , , 2.6174423, -0.0182956, , , , , , , 2.6174423, 0.0216526, , , , , , , 2.6174423, -0.0146029, , , , , , , , , , , , , , , , , , , , , , , , , , , , 
2.6179615, -0.0053712, , , , , , , 2.6179615, 0.0199741, , , , , , , 2.6179615, 0.0219883, , , , , , , 2.6179615, -0.01561, , , , , , , , , , , , , , , , , , , , , , , , , , , , 
2.6184808, -0.0058747, , , , , , , 2.6184808, 0.0172885, , , , , , , 2.6184808, 0.0206455, , , , , , , 2.6184808, -0.01561, , , , , , , , , , , , , , , , , , , , , , , , , , , , 
2.619, -0.0070497, , , , , , , 2.619, -0.0162814, , , , , , , 2.619, 0.0193027, , , , , , , 2.619, -0.0171206, , , , , , , , , , , , , , , , , , , , , , , , , , , , 
2.6195192, -0.0058747, , , , , , , 2.6195192, -0.0407874, , , , , , , 2.6195192, 0.0213169, , , , , , , 2.6195192, -0.018967, , , , , , , , , , , , , , , , , , , , , , , , , , , , 
2.6200385, -0.002182, , , , , , , 2.6200385, -0.0424659, , , , , , , 2.6200385, 0.0240024, , , , , , , 2.6200385, -0.018967, , , , , , , , , , , , , , , , , , , , , , , , , , , , 
2.6205577, 0.0025177, , , , , , , 2.6205577, -0.023331, , , , , , , 2.6205577, 0.0256809, , , , , , , 2.6205577, -0.0182956, , , , , , , , , , , , , , , , , , , , , , , , , , , , 
2.6210769, 0.0068818, , , , , , , 2.6210769, 0.0129244, , , , , , , 2.6210769, 0.0344091, , , , , , , 2.6210769, -0.0157778, , , , , , , , , , , , , , , , , , , , , , , , , , , , 
2.6215962, 0.010071, , , , , , , 2.6215962, 0.036759, , , , , , , 2.6215962, 0.0642863, , , , , , , 2.6215962, -0.0129244, , , , , , , , , , , , , , , , , , , , , , , , , , , , 
2.6221154, 0.0132601, , , , , , , 2.6221154, 0.0414588, , , , , , , 2.6221154, 0.1052415, , , , , , , 2.6221154, -0.012253, , , , , , , , , , , , , , , , , , , , , , , , , , , , 
2.6226346, 0.0159457, , , , , , , 2.6226346, 0.0370947, , , , , , , 2.6226346, 0.1359579, , , , , , , 2.6226346, -0.0149386, , , , , , , , , , , , , , , , , , , , , , , , , , , , 
2.6231538, 0.0186313, , , , , , , 2.6231538, 0.030045, , , , , , , 2.6231538, 0.154757, , , , , , , 2.6231538, -0.0216526, , , , , , , , , , , , , , , , , , , , , , , , , , , , 
2.6236731, 0.0283665, , , , , , , 2.6236731, 0.0213169, , , , , , , 2.6236731, 0.1554284, , , , , , , 2.6236731, -0.0283665, , , , , , , , , , , , , , , , , , , , , , , , , , , , 
2.6241923, 0.0439765, , , , , , , 2.6241923, 0.0125887, , , , , , , 2.6241923, 0.1334401, , , , , , , 2.6241923, -0.0364233, , , , , , , , , , , , , , , , , , , , , , , , , , , , 
2.6247115, 0.0574044, , , , , , , 2.6247115, 0.0052033, , , , , , , 2.6247115, 0.0928206, , , , , , , 2.6247115, -0.0411231, , , , , , , , , , , , , , , , , , , , , , , , , , , , 
2.6252308, 0.0642863, , , , , , , 2.6252308, 0.0008392, , , , , , , 2.6252308, 0.043473, , , , , , , 2.6252308, -0.0438087, , , , , , , , , , , , , , , , , , , , , , , , , , , , 
2.62575, 0.0730144, , , , , , , 2.62575, -0.0052033, , , , , , , 2.62575, -0.0058747, , , , , , , 2.62575, -0.047837, , , , , , , , , , , , , , , , , , , , , , , , , , , , 
2.6262692, 0.0854353, , , , , , , 2.6262692, -0.008896, , , , , , , 2.6262692, -0.0525368, , , , , , , 2.6262692, -0.0506905, , , , , , , , , , , , , , , , , , , , , , , , , , , , 
2.6267885, 0.0928206, , , , , , , 2.6267885, 0.0075532, , , , , , , 2.6267885, -0.090135, , , , , , , 2.6267885, -0.0476692, , , , , , , , , , , , , , , , , , , , , , , , , , , , 
2.6273077, 0.0844282, , , , , , , 2.6273077, 0.0381018, , , , , , , 2.6273077, -0.1149767, , , , , , , 2.6273077, -0.0392767, , , , , , , , , , , , , , , , , , , , , , , , , , , , 
2.6278269, 0.0715038, , , , , , , 2.6278269, 0.0481727, , , , , , , 2.6278269, -0.131426, , , , , , , 2.6278269, -0.0290379, , , , , , , , , , , , , , , , , , , , , , , , , , , , 
2.6283462, 0.0651255, , , , , , , 2.6283462, 0.0337377, , , , , , , 2.6283462, -0.1451896, , , , , , , 2.6283462, -0.0203098, , , , , , , , , , , , , , , , , , , , , , , , , , , , 
2.6288654, 0.0585794, , , , , , , 2.6288654, 0.0152743, , , , , , , 2.6288654, -0.1498894, , , , , , , 2.6288654, -0.010071, , , , , , , , , , , , , , , , , , , , , , , , , , , , 
2.6293846, 0.0535439, , , , , , , 2.6293846, 0.0072175, , , , , , , 2.6293846, -0.1388113, , , , , , , 2.6293846, 0.0038605, , , , , , , , , , , , , , , , , , , , , , , , , , , , 
2.6299038, 0.0468299, , , , , , , 2.6299038, 0.0077211, , , , , , , 2.6299038, -0.1240406, , , , , , , 2.6299038, 0.0186313, , , , , , , , , , , , , , , , , , , , , , , , , , , , 
2.6304231, 0.0330663, , , , , , , 2.6304231, 0.0048676, , , , , , , 2.6304231, -0.1169909, , , , , , , 2.6304231, 0.0374304, , , , , , , , , , , , , , , , , , , , , , , , , , , , 
2.6309423, 0.0172885, , , , , , , 2.6309423, -0.0018463, , , , , , , 2.6309423, -0.1119554, , , , , , , 2.6309423, 0.0621042, , , , , , , , , , , , , , , , , , , , , , , , , , , , 
2.6314615, 0.0057069, , , , , , , 2.6314615, -0.0048676, , , , , , , 2.6314615, -0.1055772, , , , , , , 2.6314615, 0.0869459, , , , , , , , , , , , , , , , , , , , , , , , , , , , 
2.6319808, -0.0031891, , , , , , , 2.6319808, -0.002182, , , , , , , 2.6319808, -0.1049058, , , , , , , 2.6319808, 0.1054093, , , , , , , , , , , , , , , , , , , , , , , , , , , , 
2.6325, -0.0104067, , , , , , , 2.6325, 0.0031891, , , , , , , 2.6325, -0.1116197, , , , , , , 2.6325, 0.1173266, , , , , , , , , , , , , , , , , , , , , , , , , , , , 
2.6330192, -0.0196384, , , , , , , 2.6330192, 0.0062104, , , , , , , 2.6330192, -0.1223621, , , , , , , 2.6330192, 0.1220264, , , , , , , , , , , , , , , , , , , , , , , , , , , , 
2.6335385, -0.0251774, , , , , , , 2.6335385, 0.0063783, , , , , , , 2.6335385, -0.1326009, , , , , , , 2.6335385, 0.1183337, , , , , , , , , , , , , , , , , , , , , , , , , , , , 
2.6340577, -0.023331, , , , , , , 2.6340577, 0.0043641, , , , , , , 2.6340577, -0.1346151, , , , , , , 2.6340577, 0.1099413, , , , , , , , , , , , , , , , , , , , , , , , , , , , 
2.6345769, -0.0125887, , , , , , , 2.6345769, 0.0025177, , , , , , , 2.6345769, -0.1237049, , , , , , , 2.6345769, 0.0988632, , , , , , , , , , , , , , , , , , , , , , , , , , , , 
2.6350962, -0.0015106, , , , , , , 2.6350962, 0.0041962, , , , , , , 2.6350962, -0.1015488, , , , , , , 2.6350962, 0.0844282, , , , , , , , , , , , , , , , , , , , , , , , , , , , 
2.6356154, 0.0048676, , , , , , , 2.6356154, 0.0052033, , , , , , , 2.6356154, -0.0679789, , , , , , , 2.6356154, 0.0683146, , , , , , , , , , , , , , , , , , , , , , , , , , , , 
2.6361346, 0.0105745, , , , , , , 2.6361346, 0.0025177, , , , , , , 2.6361346, -0.018967, , , , , , , 2.6361346, 0.0528725, , , , , , , , , , , , , , , , , , , , , , , , , , , , 
2.6366538, 0.0193027, , , , , , , 2.6366538, -0.0001678, , , , , , , 2.6366538, 0.0404517, , , , , , , 2.6366538, 0.0407874, , , , , , , , , , , , , , , , , , , , , , , , , , , , 
2.6371731, 0.0226596, , , , , , , 2.6371731, 0.0043641, , , , , , , 2.6371731, 0.0884565, , , , , , , 2.6371731, 0.0303807, , , , , , , , , , , , , , , , , , , , , , , , , , , , 
2.6376923, 0.0219883, , , , , , , 2.6376923, 0.008896, , , , , , , 2.6376923, 0.1072557, , , , , , , 2.6376923, 0.0213169, , , , , , , , , , , , , , , , , , , , , , , , , , , , 
2.6382115, 0.023331, , , , , , , 2.6382115, 0.0072175, , , , , , , 2.6382115, 0.1027237, , , , , , , 2.6382115, 0.0135958, , , , , , , , , , , , , , , , , , , , , , , , , , , , 
2.6387308, 0.026688, , , , , , , 2.6387308, 0.0031891, , , , , , , 2.6387308, 0.0911421, , , , , , , 2.6387308, 0.0062104, , , , , , , , , , , , , , , , , , , , , , , , , , , , 
2.63925, 0.0297093, , , , , , , 2.63925, -0.0011749, , , , , , , 2.63925, 0.0807355, , , , , , , 2.63925, 0.002182, , , , , , , , , , , , , , , , , , , , , , , , , , , , 
2.6397692, 0.0317235, , , , , , , 2.6397692, -0.0062104, , , , , , , 2.6397692, 0.072343, , , , , , , 2.6397692, 0.0005035, , , , , , , , , , , , , , , , , , , , , , , , , , , , 
2.6402885, 0.0327306, , , , , , , 2.6402885, -0.01561, , , , , , , 2.6402885, 0.0616007, , , , , , , 2.6402885, 0.0001678, , , , , , , , , , , , , , , , , , , , , , , , , , , , 
2.6408077, 0.0243381, , , , , , , 2.6408077, -0.023331, , , , , , , 2.6408077, 0.0439765, , , , , , , 2.6408077, 0.0008392, , , , , , , , , , , , , , , , , , , , , , , , , , , , 
2.6413269, 0.0199741, , , , , , , 2.6413269, -0.0058747, , , , , , , 2.6413269, 0.0250095, , , , , , , 2.6413269, 0.0001678, , , , , , , , , , , , , , , , , , , , , , , , , , , , 
2.6418462, 0.0270237, , , , , , , 2.6418462, 0.0223239, , , , , , , 2.6418462, 0.0048676, , , , , , , 2.6418462, -0.0028534, , , , , , , , , , , , , , , , , , , , , , , , , , , , 
2.6423654, 0.0337377, , , , , , , 2.6423654, 0.0263523, , , , , , , 2.6423654, -0.0139315, , , , , , , 2.6423654, -0.0082246, , , , , , , , , , , , , , , , , , , , , , , , , , , , 
2.6428846, 0.0360876, , , , , , , 2.6428846, 0.0172885, , , , , , , 2.6428846, -0.0238346, , , , , , , 2.6428846, -0.0119173, , , , , , , , , , , , , , , , , , , , , , , , , , , , 
2.6434038, 0.0374304, , , , , , , 2.6434038, 0.0193027, , , , , , , 2.6434038, -0.0240024, , , , , , , 2.6434038, -0.0132601, , , , , , , , , , , , , , , , , , , , , , , , , , , , 
2.6439231, 0.0428016, , , , , , , 2.6439231, 0.0317235, , , , , , , 2.6439231, -0.0164492, , , , , , , 2.6439231, -0.0171206, , , , , , , , , , , , , , , , , , , , , , , , , , , , 
2.6444423, 0.0508583, , , , , , , 2.6444423, 0.0297093, , , , , , , 2.6444423, -0.0099031, , , , , , , 2.6444423, -0.0253452, , , , , , , , , , , , , , , , , , , , , , , , , , , , 
2.6449615, 0.0548867, , , , , , , 2.6449615, 0.0119173, , , , , , , 2.6449615, -0.0112459, , , , , , , 2.6449615, -0.0332341, , , , , , , , , , , , , , , , , , , , , , , , , , , , 
2.6454808, 0.0585794, , , , , , , 2.6454808, 0.0045319, , , , , , , 2.6454808, -0.0198062, , , , , , , 2.6454808, -0.0347448, , , , , , , , , , , , , , , , , , , , , , , , , , , , 
2.646, 0.0622721, , , , , , , 2.646, 0.002182, , , , , , , 2.646, -0.0350805, , , , , , , 2.646, -0.0327306, , , , , , , , , , , , , , , , , , , , , , , , , , , , 
2.6465192, 0.0626078, , , , , , , 2.6465192, -0.012253, , , , , , , 2.6465192, -0.0535439, , , , , , , 2.6465192, -0.0307164, , , , , , , , , , , , , , , , , , , , , , , , , , , , 
2.6470385, 0.0597543, , , , , , , 2.6470385, -0.036759, , , , , , , 2.6470385, -0.0641184, , , , , , , 2.6470385, -0.0243381, , , , , , , , , , , , , , , , , , , , , , , , , , , , 
2.6475577, 0.0542153, , , , , , , 2.6475577, -0.0636149, , , , , , , 2.6475577, -0.0669718, , , , , , , 2.6475577, -0.0132601, , , , , , , , , , , , , , , , , , , , , , , , , , , , 
2.6480769, 0.04448, , , , , , , 2.6480769, -0.076875, , , , , , , 2.6480769, -0.0639506, , , , , , , 2.6480769, 0.0008392, , , , , , , , , , , , , , , , , , , , , , , , , , , , 
2.6485962, 0.036759, , , , , , , 2.6485962, -0.0673075, , , , , , , 2.6485962, -0.0550546, , , , , , , 2.6485962, 0.0162814, , , , , , , , , , , , , , , , , , , , , , , , , , , , 
2.6491154, 0.0318914, , , , , , , 2.6491154, -0.0498512, , , , , , , 2.6491154, -0.0468299, , , , , , , 2.6491154, 0.030045, , , , , , , , , , , , , , , , , , , , , , , , , , , , 
2.6496346, 0.0263523, , , , , , , 2.6496346, -0.0176242, , , , , , , 2.6496346, -0.0404517, , , , , , , 2.6496346, 0.040116, , , , , , , , , , , , , , , , , , , , , , , , , , , , 
2.6501538, 0.0203098, , , , , , , 2.6501538, 0.0260166, , , , , , , 2.6501538, -0.0337377, , , , , , , 2.6501538, 0.0461585, , , , , , , , , , , , , , , , , , , , , , , , , , , , 
2.6506731, 0.014435, , , , , , , 2.6506731, 0.0542153, , , , , , , 2.6506731, -0.0270237, , , , , , , 2.6506731, 0.0488441, , , , , , , , , , , , , , , , , , , , , , , , , , , , 
2.6511923, 0.0097353, , , , , , , 2.6511923, 0.0582437, , , , , , , 2.6511923, -0.0216526, , , , , , , 2.6511923, 0.0515297, , , , , , , , , , , , , , , , , , , , , , , , , , , , 
2.6517115, 0.0038605, , , , , , , 2.6517115, 0.0468299, , , , , , , 2.6517115, -0.0068818, , , , , , , 2.6517115, 0.0580758, , , , , , , , , , , , , , , , , , , , , , , , , , , , 
2.6522308, -0.0035248, , , , , , , 2.6522308, 0.0337377, , , , , , , 2.6522308, 0.0186313, , , , , , , 2.6522308, 0.061265, , , , , , , , , , , , , , , , , , , , , , , , , , , , 
2.65275, -0.0085603, , , , , , , 2.65275, 0.0206455, , , , , , , 2.65275, 0.0414588, , , , , , , 2.65275, 0.0599222, , , , , , , , , , , , , , , , , , , , , , , , , , , , 
2.6532692, -0.0105745, , , , , , , 2.6532692, -0.0008392, , , , , , , 2.6532692, 0.0595865, , , , , , , 2.6532692, 0.0614328, , , , , , , , , , , , , , , , , , , , , , , , , , , , 
2.6537885, -0.0109102, , , , , , , 2.6537885, -0.026688, , , , , , , 2.6537885, 0.0696574, , , , , , , 2.6537885, 0.0607614, , , , , , , , , , , , , , , , , , , , , , , , , , , , 
2.6543077, -0.0125887, , , , , , , 2.6543077, -0.0592508, , , , , , , 2.6543077, 0.0731823, , , , , , , 2.6543077, 0.0528725, , , , , , , , , , , , , , , , , , , , , , , , , , , , 
2.6548269, -0.0082246, , , , , , , 2.6548269, -0.1096056, , , , , , , 2.6548269, 0.0686503, , , , , , , 2.6548269, 0.040116, , , , , , , , , , , , , , , , , , , , , , , , , , , , 
2.6553462, -0.0005035, , , , , , , 2.6553462, -0.1461967, , , , , , , 2.6553462, 0.0548867, , , , , , , 2.6553462, 0.0307164, , , , , , , , , , , , , , , , , , , , , , , , , , , , 
2.6558654, 0.0083925, , , , , , , 2.6558654, -0.1320974, , , , , , , 2.6558654, 0.0379339, , , , , , , 2.6558654, 0.0276951, , , , , , , , , , , , , , , , , , , , , , , , , , , , 
2.6563846, 0.0152743, , , , , , , 2.6563846, -0.0864424, , , , , , , 2.6563846, 0.0199741, , , , , , , 2.6563846, 0.0234989, , , , , , , , , , , , , , , , , , , , , , , , , , , , 
2.6569038, 0.0203098, , , , , , , 2.6569038, -0.0495155, , , , , , , 2.6569038, 0.0052033, , , , , , , 2.6569038, 0.0139315, , , , , , , , , , , , , , , , , , , , , , , , , , , , 
2.6574231, 0.0216526, , , , , , , 2.6574231, -0.0354162, , , , , , , 2.6574231, -0.0048676, , , , , , , 2.6574231, 0.0040284, , , , , , , , , , , , , , , , , , , , , , , , , , , , 
2.6579423, 0.0209812, , , , , , , 2.6579423, -0.0350805, , , , , , , 2.6579423, -0.0082246, , , , , , , 2.6579423, -0.0008392, , , , , , , , , , , , , , , , , , , , , , , , , , , , 
2.6584615, 0.0209812, , , , , , , 2.6584615, -0.0411231, , , , , , , 2.6584615, -0.0072175, , , , , , , 2.6584615, -0.005539, , , , , , , , , , , , , , , , , , , , , , , , , , , , 
2.6589808, 0.0219883, , , , , , , 2.6589808, -0.0458228, , , , , , , 2.6589808, -0.0005035, , , , , , , 2.6589808, -0.0102388, , , , , , , , , , , , , , , , , , , , , , , , , , , , 
2.6595, 0.0229953, , , , , , , 2.6595, -0.0438087, , , , , , , 2.6595, 0.0166171, , , , , , , 2.6595, -0.0124208, , , , , , , , , , , , , , , , , , , , , , , , , , , , 
2.6600192, 0.0229953, , , , , , , 2.6600192, -0.0525368, , , , , , , 2.6600192, 0.0327306, , , , , , , 2.6600192, -0.0142672, , , , , , , , , , , , , , , , , , , , , , , , , , , , 
2.6605385, 0.0223239, , , , , , , 2.6605385, -0.0639506, , , , , , , 2.6605385, 0.0354162, , , , , , , 2.6605385, -0.01561, , , , , , , , , , , , , , , , , , , , , , , , , , , , 
2.6610577, 0.0223239, , , , , , , 2.6610577, -0.0552224, , , , , , , 2.6610577, 0.0320592, , , , , , , 2.6610577, -0.0142672, , , , , , , , , , , , , , , , , , , , , , , , , , , , 
2.6615769, 0.0280308, , , , , , , 2.6615769, -0.03122, , , , , , , 2.6615769, 0.0287022, , , , , , , 2.6615769, -0.0075532, , , , , , , , , , , , , , , , , , , , , , , , , , , , 
2.6620962, 0.0339055, , , , , , , 2.6620962, -0.0018463, , , , , , , 2.6620962, 0.0224918, , , , , , , 2.6620962, 0.0072175, , , , , , , , , , , , , , , , , , , , , , , , , , , , 
2.6626154, 0.0335698, , , , , , , 2.6626154, 0.0226596, , , , , , , 2.6626154, 0.0172885, , , , , , , 2.6626154, 0.0213169, , , , , , , , , , , , , , , , , , , , , , , , , , , , 
2.6631346, 0.0320592, , , , , , , 2.6631346, 0.0320592, , , , , , , 2.6631346, 0.0139315, , , , , , , 2.6631346, 0.0250095, , , , , , , , , , , , , , , , , , , , , , , , , , , , 
2.6636538, 0.0347448, , , , , , , 2.6636538, 0.0360876, , , , , , , 2.6636538, -0.002182, , , , , , , 2.6636538, 0.0198062, , , , , , , , , , , , , , , , , , , , , , , , , , , , 
2.6641731, 0.0428016, , , , , , , 2.6641731, 0.0387732, , , , , , , 2.6641731, -0.0226596, , , , , , , 2.6641731, 0.0109102, , , , , , , , , , , , , , , , , , , , , , , , , , , , 
2.6646923, 0.0528725, , , , , , , 2.6646923, 0.0287022, , , , , , , 2.6646923, -0.0310521, , , , , , , 2.6646923, 0.0011749, , , , , , , , , , , , , , , , , , , , , , , , , , , , 
2.6652115, 0.0542153, , , , , , , 2.6652115, 0.0035248, , , , , , , 2.6652115, -0.0236667, , , , , , , 2.6652115, -0.0043641, , , , , , , , , , , , , , , , , , , , , , , , , , , , 
2.6657308, 0.0468299, , , , , , , 2.6657308, -0.01561, , , , , , , 2.6657308, -0.0169528, , , , , , , 2.6657308, -0.0068818, , , , , , , , , , , , , , , , , , , , , , , , , , , , 
2.66625, 0.0384375, , , , , , , 2.66625, -0.0124208, , , , , , , 2.66625, -0.018967, , , , , , , 2.66625, -0.0114137, , , , , , , , , , , , , , , , , , , , , , , , , , , , 
2.6667692, 0.0340734, , , , , , , 2.6667692, 0.0005035, , , , , , , 2.6667692, -0.0216526, , , , , , , 2.6667692, -0.0149386, , , , , , , , , , , , , , , , , , , , , , , , , , , , 
2.6672885, 0.0307164, , , , , , , 2.6672885, -0.0018463, , , , , , , 2.6672885, -0.0270237, , , , , , , 2.6672885, -0.0151064, , , , , , , , , , , , , , , , , , , , , , , , , , , , 
2.6678077, 0.0179599, , , , , , , 2.6678077, -0.0119173, , , , , , , 2.6678077, -0.0364233, , , , , , , 2.6678077, -0.0119173, , , , , , , , , , , , , , , , , , , , , , , , , , , , 
2.6683269, -0.0005035, , , , , , , 2.6683269, -0.0129244, , , , , , , 2.6683269, -0.0407874, , , , , , , 2.6683269, -0.0045319, , , , , , , , , , , , , , , , , , , , , , , , , , , , 
2.6688462, -0.01561, , , , , , , 2.6688462, -0.0068818, , , , , , , 2.6688462, -0.0417945, , , , , , , 2.6688462, 0.0052033, , , , , , , , , , , , , , , , , , , , , , , , , , , , 
2.6693654, -0.0229953, , , , , , , 2.6693654, -0.0011749, , , , , , , 2.6693654, -0.0424659, , , , , , , 2.6693654, 0.0137636, , , , , , , , , , , , , , , , , , , , , , , , , , , , 
2.6698846, -0.0273594, , , , , , , 2.6698846, 0.0031891, , , , , , , 2.6698846, -0.0439765, , , , , , , 2.6698846, 0.0193027, , , , , , , , , , , , , , , , , , , , , , , , , , , , 
2.6704038, -0.0350805, , , , , , , 2.6704038, 0.0025177, , , , , , , 2.6704038, -0.0417945, , , , , , , 2.6704038, 0.0224918, , , , , , , , , , , , , , , , , , , , , , , , , , , , 
2.6709231, -0.0475013, , , , , , , 2.6709231, -0.0023499, , , , , , , 2.6709231, -0.0357519, , , , , , , 2.6709231, 0.0219883, , , , , , , , , , , , , , , , , , , , , , , , , , , , 
2.6714423, -0.0572366, , , , , , , 2.6714423, -0.008896, , , , , , , 2.6714423, -0.0320592, , , , , , , 2.6714423, 0.0199741, , , , , , , , , , , , , , , , , , , , , , , , , , , , 
2.6719615, -0.0616007, , , , , , , 2.6719615, -0.0172885, , , , , , , 2.6719615, -0.0310521, , , , , , , 2.6719615, 0.0186313, , , , , , , , , , , , , , , , , , , , , , , , , , , , 
2.6724808, -0.0639506, , , , , , , 2.6724808, -0.0256809, , , , , , , 2.6724808, -0.0229953, , , , , , , 2.6724808, 0.0184634, , , , , , , , , , , , , , , , , , , , , , , , , , , , 
2.673, -0.0679789, , , , , , , 2.673, -0.0283665, , , , , , , 2.673, -0.0073854, , , , , , , 2.673, 0.0213169, , , , , , , , , , , , , , , , , , , , , , , , , , , , 
2.6735192, -0.0720073, , , , , , , 2.6735192, -0.0213169, , , , , , , 2.6735192, 0.0078889, , , , , , , 2.6735192, 0.023331, , , , , , , , , , , , , , , , , , , , , , , , , , , , 
2.6740385, -0.0693217, , , , , , , 2.6740385, -0.0035248, , , , , , , 2.6740385, 0.0179599, , , , , , , 2.6740385, 0.0213169, , , , , , , , , , , , , , , , , , , , , , , , , , , , 
2.6745577, -0.0592508, , , , , , , 2.6745577, 0.0140993, , , , , , , 2.6745577, 0.023331, , , , , , , 2.6745577, 0.0139315, , , , , , , , , , , , , , , , , , , , , , , , , , , , 
2.6750769, -0.04448, , , , , , , 2.6750769, 0.0276951, , , , , , , 2.6750769, 0.023331, , , , , , , 2.6750769, 0.0041962, , , , , , , , , , , , , , , , , , , , , , , , , , , , 
2.6755962, -0.0313878, , , , , , , 2.6755962, 0.0354162, , , , , , , 2.6755962, 0.0162814, , , , , , , 2.6755962, -0.0035248, , , , , , , , , , , , , , , , , , , , , , , , , , , , 
2.6761154, -0.0226596, , , , , , , 2.6761154, 0.033402, , , , , , , 2.6761154, 0.0062104, , , , , , , 2.6761154, -0.0104067, , , , , , , , , , , , , , , , , , , , , , , , , , , , 
2.6766346, -0.0149386, , , , , , , 2.6766346, 0.0307164, , , , , , , 2.6766346, -0.0058747, , , , , , , 2.6766346, -0.0149386, , , , , , , , , , , , , , , , , , , , , , , , , , , , 
2.6771538, -0.0082246, , , , , , , 2.6771538, 0.0372625, , , , , , , 2.6771538, -0.0171206, , , , , , , 2.6771538, -0.0176242, , , , , , , , , , , , , , , , , , , , , , , , , , , , 
2.6776731, -0.0038605, , , , , , , 2.6776731, 0.0438087, , , , , , , 2.6776731, -0.0223239, , , , , , , 2.6776731, -0.018967, , , , , , , , , , , , , , , , , , , , , , , , , , , , 
2.6781923, -0.0018463, , , , , , , 2.6781923, 0.0495155, , , , , , , 2.6781923, -0.0182956, , , , , , , 2.6781923, -0.0176242, , , , , , , , , , , , , , , , , , , , , , , , , , , , 
2.6787115, 0.0031891, , , , , , , 2.6787115, 0.0495155, , , , , , , 2.6787115, -0.0075532, , , , , , , 2.6787115, -0.0135958, , , , , , , , , , , , , , , , , , , , , , , , , , , , 
2.6792308, 0.0099031, , , , , , , 2.6792308, 0.0372625, , , , , , , 2.6792308, 0.0038605, , , , , , , 2.6792308, -0.0058747, , , , , , , , , , , , , , , , , , , , , , , , , , , , 
2.67975, 0.0132601, , , , , , , 2.67975, 0.0166171, , , , , , , 2.67975, 0.0125887, , , , , , , 2.67975, 0.0085603, , , , , , , , , , , , , , , , , , , , , , , , , , , , 
2.6802692, 0.0125887, , , , , , , 2.6802692, -0.0041962, , , , , , , 2.6802692, 0.012253, , , , , , , 2.6802692, 0.023331, , , , , , , , , , , , , , , , , , , , , , , , , , , , 
2.6807885, 0.0157778, , , , , , , 2.6807885, -0.021149, , , , , , , 2.6807885, 0.0057069, , , , , , , 2.6807885, 0.0337377, , , , , , , , , , , , , , , , , , , , , , , , , , , , 
2.6813077, 0.0179599, , , , , , , 2.6813077, -0.0404517, , , , , , , 2.6813077, -0.0018463, , , , , , , 2.6813077, 0.0372625, , , , , , , , , , , , , , , , , , , , , , , , , , , , 
2.6818269, 0.0186313, , , , , , , 2.6818269, -0.0599222, , , , , , , 2.6818269, -0.0109102, , , , , , , 2.6818269, 0.0357519, , , , , , , , , , , , , , , , , , , , , , , , , , , , 
2.6823462, 0.0149386, , , , , , , 2.6823462, -0.0652934, , , , , , , 2.6823462, -0.0152743, , , , , , , 2.6823462, 0.0327306, , , , , , , , , , , , , , , , , , , , , , , , , , , , 
2.6828654, 0.0045319, , , , , , , 2.6828654, -0.0610971, , , , , , , 2.6828654, -0.0162814, , , , , , , 2.6828654, 0.0330663, , , , , , , , , , , , , , , , , , , , , , , , , , , , 
2.6833846, -0.0050355, , , , , , , 2.6833846, -0.0495155, , , , , , , 2.6833846, -0.017792, , , , , , , 2.6833846, 0.0360876, , , , , , , , , , , , , , , , , , , , , , , , , , , , 
2.6839038, -0.0028534, , , , , , , 2.6839038, -0.0374304, , , , , , , 2.6839038, -0.0216526, , , , , , , 2.6839038, 0.0302129, , , , , , , , , , , , , , , , , , , , , , , , , , , , 
2.6844231, 0.0085603, , , , , , , 2.6844231, -0.0273594, , , , , , , 2.6844231, -0.027863, , , , , , , 2.6844231, 0.0115816, , , , , , , , , , , , , , , , , , , , , , , , , , , , 
2.6849423, 0.0146029, , , , , , , 2.6849423, -0.0048676, , , , , , , 2.6849423, -0.0381018, , , , , , , 2.6849423, -0.0072175, , , , , , , , , , , , , , , , , , , , , , , , , , , , 
2.6854615, 0.0149386, , , , , , , 2.6854615, 0.033402, , , , , , , 2.6854615, -0.0491798, , , , , , , 2.6854615, -0.0223239, , , , , , , , , , , , , , , , , , , , , , , , , , , , 
2.6859808, 0.0172885, , , , , , , 2.6859808, 0.0617685, , , , , , , 2.6859808, -0.0542153, , , , , , , 2.6859808, -0.0337377, , , , , , , , , , , , , , , , , , , , , , , , , , , , 
2.6865, 0.0203098, , , , , , , 2.6865, 0.0676432, , , , , , , 2.6865, -0.054551, , , , , , , 2.6865, -0.0397803, , , , , , , , , , , , , , , , , , , , , , , , , , , , 
2.6870192, 0.0206455, , , , , , , 2.6870192, 0.0553902, , , , , , , 2.6870192, -0.0518654, , , , , , , 2.6870192, -0.0411231, , , , , , , , , , , , , , , , , , , , , , , , , , , , 
2.6875385, 0.0159457, , , , , , , 2.6875385, 0.0298772, , , , , , , 2.6875385, -0.0471656, , , , , , , 2.6875385, -0.0379339, , , , , , , , , , , , , , , , , , , , , , , , , , , , 
2.6880577, 0.0031891, , , , , , , 2.6880577, -0.0015106, , , , , , , 2.6880577, -0.0394446, , , , , , , 2.6880577, -0.0357519, , , , , , , , , , , , , , , , , , , , , , , , , , , , 
2.6885769, -0.0028534, , , , , , , 2.6885769, -0.0271916, , , , , , , 2.6885769, -0.0293736, , , , , , , 2.6885769, -0.0318914, , , , , , , , , , , , , , , , , , , , , , , , , , , , 
2.6890962, -0.0028534, , , , , , , 2.6890962, -0.0323949, , , , , , , 2.6890962, -0.0172885, , , , , , , 2.6890962, -0.0258488, , , , , , , , , , , , , , , , , , , , , , , , , , , , 
2.6896154, -0.0075532, , , , , , , 2.6896154, -0.0082246, , , , , , , 2.6896154, -0.0036927, , , , , , , 2.6896154, -0.023331, , , , , , , , , , , , , , , , , , , , , , , , , , , , 
2.6901346, -0.0169528, , , , , , , 2.6901346, 0.033402, , , , , , , 2.6901346, 0.0082246, , , , , , , 2.6901346, -0.0203098, , , , , , , , , , , , , , , , , , , , , , , , , , , , 
2.6906538, -0.0243381, , , , , , , 2.6906538, 0.0548867, , , , , , , 2.6906538, 0.0152743, , , , , , , 2.6906538, -0.0139315, , , , , , , , , , , , , , , , , , , , , , , , , , , , 
2.6911731, -0.0290379, , , , , , , 2.6911731, 0.0377661, , , , , , , 2.6911731, 0.0179599, , , , , , , 2.6911731, -0.0035248, , , , , , , , , , , , , , , , , , , , , , , , , , , , 
2.6916923, -0.0280308, , , , , , , 2.6916923, 0.0025177, , , , , , , 2.6916923, 0.0204776, , , , , , , 2.6916923, 0.0075532, , , , , , , , , , , , , , , , , , , , , , , , , , , , 
2.6922115, -0.0270237, , , , , , , 2.6922115, -0.0216526, , , , , , , 2.6922115, 0.0223239, , , , , , , 2.6922115, 0.0169528, , , , , , , , , , , , , , , , , , , , , , , , , , , , 
2.6927308, -0.0317235, , , , , , , 2.6927308, -0.0256809, , , , , , , 2.6927308, 0.0253452, , , , , , , 2.6927308, 0.0260166, , , , , , , , , , , , , , , , , , , , , , , , , , , , 
2.69325, -0.0377661, , , , , , , 2.69325, -0.0085603, , , , , , , 2.69325, 0.0287022, , , , , , , 2.69325, 0.0344091, , , , , , , , , , , , , , , , , , , , , , , , , , , , 
2.6937692, -0.0337377, , , , , , , 2.6937692, 0.0179599, , , , , , , 2.6937692, 0.033402, , , , , , , 2.6937692, 0.0428016, , , , , , , , , , , , , , , , , , , , , , , , , , , , 
2.6942885, -0.0213169, , , , , , , 2.6942885, 0.0428016, , , , , , , 2.6942885, 0.0404517, , , , , , , 2.6942885, 0.0488441, , , , , , , , , , , , , , , , , , , , , , , , , , , , 
2.6948077, -0.0149386, , , , , , , 2.6948077, 0.0360876, , , , , , , 2.6948077, 0.0535439, , , , , , , 2.6948077, 0.0480049, , , , , , , , , , , , , , , , , , , , , , , , , , , , 
2.6953269, -0.012253, , , , , , , 2.6953269, -0.0206455, , , , , , , 2.6953269, 0.0674754, , , , , , , 2.6953269, 0.0480049, , , , , , , , , , , , , , , , , , , , , , , , , , , , 
2.6958462, -0.0008392, , , , , , , 2.6958462, -0.0830854, , , , , , , 2.6958462, 0.073518, , , , , , , 2.6958462, 0.0522011, , , , , , , , , , , , , , , , , , , , , , , , , , , , 
2.6963654, 0.0115816, , , , , , , 2.6963654, -0.1163195, , , , , , , 2.6963654, 0.068986, , , , , , , 2.6963654, 0.0562295, , , , , , , , , , , , , , , , , , , , , , , , , , , , 
2.6968846, 0.0166171, , , , , , , 2.6968846, -0.1374685, , , , , , , 2.6968846, 0.0614328, , , , , , , 2.6968846, 0.0582437, , , , , , , , , , , , , , , , , , , , , , , , , , , , 
2.6974038, 0.0243381, , , , , , , 2.6974038, -0.1639887, , , , , , , 2.6974038, 0.0532082, , , , , , , 2.6974038, 0.0543832, , , , , , , , , , , , , , , , , , , , , , , , , , , , 
2.6979231, 0.0340734, , , , , , , 2.6979231, -0.1874876, , , , , , , 2.6979231, 0.0421302, , , , , , , 2.6979231, 0.0468299, , , , , , , , , , , , , , , , , , , , , , , , , , , , 
2.6984423, 0.036759, , , , , , , 2.6984423, -0.1777523, , , , , , , 2.6984423, 0.026688, , , , , , , 2.6984423, 0.0411231, , , , , , , , , , , , , , , , , , , , , , , , , , , , 
2.6989615, 0.0340734, , , , , , , 2.6989615, -0.1196765, , , , , , , 2.6989615, 0.0095674, , , , , , , 2.6989615, 0.0394446, , , , , , , , , , , , , , , , , , , , , , , , , , , , 
2.6994808, 0.0352483, , , , , , , 2.6994808, -0.0569009, , , , , , , 2.6994808, -0.0070497, , , , , , , 2.6994808, 0.0364233, , , , , , , , , , , , , , , , , , , , , , , , , , , , 
2.7, 0.0397803, , , , , , , 2.7, -0.0283665, , , , , , , 2.7, -0.0164492, , , , , , , 2.7, 0.0327306, , , , , , , , , , , , , , , , , , , , , , , , , , , , 
2.7005192, 0.0421302, , , , , , , 2.7005192, -0.008896, , , , , , , 2.7005192, -0.0169528, , , , , , , 2.7005192, 0.0273594, , , , , , , , , , , , , , , , , , , , , , , , , , , , 
2.7010385, 0.0464942, , , , , , , 2.7010385, 0.0219883, , , , , , , 2.7010385, -0.0149386, , , , , , , 2.7010385, 0.0171206, , , , , , , , , , , , , , , , , , , , , , , , , , , , 
2.7015577, 0.0495155, , , , , , , 2.7015577, 0.0508583, , , , , , , 2.7015577, -0.018967, , , , , , , 2.7015577, 0.0082246, , , , , , , , , , , , , , , , , , , , , , , , , , , , 
2.7020769, 0.0481727, , , , , , , 2.7020769, 0.0656291, , , , , , , 2.7020769, -0.0226596, , , , , , , 2.7020769, 0.0008392, , , , , , , , , , , , , , , , , , , , , , , , , , , , 
2.7025962, 0.047837, , , , , , , 2.7025962, 0.0602579, , , , , , , 2.7025962, -0.0260166, , , , , , , 2.7025962, -0.0057069, , , , , , , , , , , , , , , , , , , , , , , , , , , , 
2.7031154, 0.0522011, , , , , , , 2.7031154, 0.0454871, , , , , , , 2.7031154, -0.0297093, , , , , , , 2.7031154, -0.0135958, , , , , , , , , , , , , , , , , , , , , , , , , , , , 
2.7036346, 0.0602579, , , , , , , 2.7036346, 0.0428016, , , , , , , 2.7036346, -0.0352483, , , , , , , 2.7036346, -0.0223239, , , , , , , , , , , , , , , , , , , , , , , , , , , , 
2.7041538, 0.0720073, , , , , , , 2.7041538, 0.0468299, , , , , , , 2.7041538, -0.0424659, , , , , , , 2.7041538, -0.0320592, , , , , , , , , , , , , , , , , , , , , , , , , , , , 
2.7046731, 0.0830854, , , , , , , 2.7046731, 0.0454871, , , , , , , 2.7046731, -0.0449836, , , , , , , 2.7046731, -0.0384375, , , , , , , , , , , , , , , , , , , , , , , , , , , , 
2.7051923, 0.0877852, , , , , , , 2.7051923, 0.0421302, , , , , , , 2.7051923, -0.0357519, , , , , , , 2.7051923, -0.0404517, , , , , , , , , , , , , , , , , , , , , , , , , , , , 
2.7057115, 0.0867781, , , , , , , 2.7057115, 0.0406195, , , , , , , 2.7057115, -0.0149386, , , , , , , 2.7057115, -0.0377661, , , , , , , , , , , , , , , , , , , , , , , , , , , , 
2.7062308, 0.0837568, , , , , , , 2.7062308, 0.0458228, , , , , , , 2.7062308, 0.0263523, , , , , , , 2.7062308, -0.0310521, , , , , , , , , , , , , , , , , , , , , , , , , , , , 
2.70675, 0.0763714, , , , , , , 2.70675, 0.0619364, , , , , , , 2.70675, 0.093492, , , , , , , 2.70675, -0.0209812, , , , , , , , , , , , , , , , , , , , , , , , , , , , 
2.7072692, 0.0676432, , , , , , , 2.7072692, 0.0864424, , , , , , , 2.7072692, 0.1539178, , , , , , , 2.7072692, -0.0082246, , , , , , , , , , , , , , , , , , , , , , , , , , , , 
2.7077885, 0.0642863, , , , , , , 2.7077885, 0.0988632, , , , , , , 2.7077885, 0.1816129, , , , , , , 2.7077885, 0.0023499, , , , , , , , , , , , , , , , , , , , , , , , , , , , 
2.7083077, 0.056733, , , , , , , 2.7083077, 0.0948348, , , , , , , 2.7083077, 0.1797665, , , , , , , 2.7083077, 0.0130922, , , , , , , , , , , , , , , , , , , , , , , , , , , , 
2.7088269, 0.0461585, , , , , , , 2.7088269, 0.0616007, , , , , , , 2.7088269, 0.1628138, , , , , , , 2.7088269, 0.023331, , , , , , , , , , , , , , , , , , , , , , , , , , , , 
2.7093462, 0.036759, , , , , , , 2.7093462, -0.0010071, , , , , , , 2.7093462, 0.1294118, , , , , , , 2.7093462, 0.0320592, , , , , , , , , , , , , , , , , , , , , , , , , , , , 
2.7098654, 0.0273594, , , , , , , 2.7098654, -0.0619364, , , , , , , 2.7098654, 0.0815747, , , , , , , 2.7098654, 0.0428016, , , , , , , , , , , , , , , , , , , , , , , , , , , , 
2.7103846, 0.0132601, , , , , , , 2.7103846, -0.1037308, , , , , , , 2.7103846, 0.0219883, , , , , , , 2.7103846, 0.0542153, , , , , , , , , , , , , , , , , , , , , , , , , , , , 
2.7109038, -0.0036927, , , , , , , 2.7109038, -0.1347829, , , , , , , 2.7109038, -0.0451514, , , , , , , 2.7109038, 0.0605936, , , , , , , , , , , , , , , , , , , , , , , , , , , , 
2.7114231, -0.0172885, , , , , , , 2.7114231, -0.1519036, , , , , , , 2.7114231, -0.1131304, , , , , , , 2.7114231, 0.0696574, , , , , , , , , , , , , , , , , , , , , , , , , , , , 
2.7119423, -0.0243381, , , , , , , 2.7119423, -0.1393149, , , , , , , 2.7119423, -0.1728847, , , , , , , 2.7119423, 0.0810712, , , , , , , , , , , , , , , , , , , , , , , , , , , , 
2.7124615, -0.0327306, , , , , , , 2.7124615, -0.096849, , , , , , , 2.7124615, -0.2239109, , , , , , , 2.7124615, 0.0896315, , , , , , , , , , , , , , , , , , , , , , , , , , , , 
2.7129808, -0.043473, , , , , , , 2.7129808, -0.0520333, , , , , , , 2.7129808, -0.2680552, , , , , , , 2.7129808, 0.0921492, , , , , , , , , , , , , , , , , , , , , , , , , , , , 
2.7135, -0.047837, , , , , , , 2.7135, -0.0387732, , , , , , , 2.7135, -0.2982681, , , , , , , 2.7135, 0.0894636, , , , , , , , , , , , , , , , , , , , , , , , , , , , 
2.7140192, -0.0438087, , , , , , , 2.7140192, -0.0431373, , , , , , , 2.7140192, -0.3113603, , , , , , , 2.7140192, 0.0788891, , , , , , , , , , , , , , , , , , , , , , , , , , , , 
2.7145385, -0.0310521, , , , , , , 2.7145385, -0.033402, , , , , , , 2.7145385, -0.3080034, , , , , , , 2.7145385, 0.061265, , , , , , , , , , , , , , , , , , , , , , , , , , , , 
2.7150577, -0.012253, , , , , , , 2.7150577, -0.01561, , , , , , , 2.7150577, -0.2895399, , , , , , , 2.7150577, 0.0421302, , , , , , , , , , , , , , , , , , , , , , , , , , , , 
2.7155769, 0.0025177, , , , , , , 2.7155769, -0.0115816, , , , , , , 2.7155769, -0.2615091, , , , , , , 2.7155769, 0.0283665, , , , , , , , , , , , , , , , , , , , , , , , , , , , 
2.7160962, 0.0115816, , , , , , , 2.7160962, -0.0152743, , , , , , , 2.7160962, -0.2331426, , , , , , , 2.7160962, 0.0191348, , , , , , , , , , , , , , , , , , , , , , , , , , , , 
2.7166154, 0.0172885, , , , , , , 2.7166154, -0.0149386, , , , , , , 2.7166154, -0.2083009, , , , , , , 2.7166154, 0.0099031, , , , , , , , , , , , , , , , , , , , , , , , , , , , 
2.7171346, 0.0223239, , , , , , , 2.7171346, -0.0082246, , , , , , , 2.7171346, -0.1804379, , , , , , , 2.7171346, 0.002182, , , , , , , , , , , , , , , , , , , , , , , , , , , , 
2.7176538, 0.0248417, , , , , , , 2.7176538, -0.0025177, , , , , , , 2.7176538, -0.1351186, , , , , , , 2.7176538, -0.0008392, , , , , , , , , , , , , , , , , , , , , , , , , , , , 
2.7181731, 0.0250095, , , , , , , 2.7181731, 0.0016785, , , , , , , 2.7181731, -0.0699931, , , , , , , 2.7181731, 0.0028534, , , , , , , , , , , , , , , , , , , , , , , , , , , , 
2.7186923, 0.026688, , , , , , , 2.7186923, 0.0072175, , , , , , , 2.7186923, -0.0008392, , , , , , , 2.7186923, 0.0062104, , , , , , , , , , , , , , , , , , , , , , , , , , , , 
2.7192115, 0.033402, , , , , , , 2.7192115, 0.0139315, , , , , , , 2.7192115, 0.0501869, , , , , , , 2.7192115, 0.0072175, , , , , , , , , , , , , , , , , , , , , , , , , , , , 
2.7197308, 0.0421302, , , , , , , 2.7197308, 0.0186313, , , , , , , 2.7197308, 0.076875, , , , , , , 2.7197308, 0.0058747, , , , , , , , , , , , , , , , , , , , , , , , , , , , 
2.72025, 0.0461585, , , , , , , 2.72025, 0.0209812, , , , , , , 2.72025, 0.0877852, , , , , , , 2.72025, 0.0046998, , , , , , , , , , , , , , , , , , , , , , , , , , , , 
2.7207692, 0.0428016, , , , , , , 2.7207692, 0.0238346, , , , , , , 2.7207692, 0.0944991, , , , , , , 2.7207692, 0.0048676, , , , , , , , , , , , , , , , , , , , , , , , , , , , 
2.7212885, 0.0409552, , , , , , , 2.7212885, 0.026688, , , , , , , 2.7212885, 0.1010452, , , , , , , 2.7212885, 0.0010071, , , , , , , , , , , , , , , , , , , , , , , , , , , , 
2.7218077, 0.0375982, , , , , , , 2.7218077, 0.026688, , , , , , , 2.7218077, 0.1049058, , , , , , , 2.7218077, -0.0063783, , , , , , , , , , , , , , , , , , , , , , , , , , , , 
2.7223269, 0.0350805, , , , , , , 2.7223269, 0.0231632, , , , , , , 2.7223269, 0.1032273, , , , , , , 2.7223269, -0.0104067, , , , , , , , , , , , , , , , , , , , , , , , , , , , 
2.7228462, 0.033402, , , , , , , 2.7228462, 0.0166171, , , , , , , 2.7228462, 0.0938277, , , , , , , 2.7228462, -0.0099031, , , , , , , , , , , , , , , , , , , , , , , , , , , , 
2.7233654, 0.0350805, , , , , , , 2.7233654, 0.0149386, , , , , , , 2.7233654, 0.0839246, , , , , , , 2.7233654, -0.0085603, , , , , , , , , , , , , , , , , , , , , , , , , , , , 
2.7238846, 0.040116, , , , , , , 2.7238846, 0.0204776, , , , , , , 2.7238846, 0.0803998, , , , , , , 2.7238846, -0.0082246, , , , , , , , , , , , , , , , , , , , , , , , , , , , 
2.7244038, 0.0488441, , , , , , , 2.7244038, 0.0240024, , , , , , , 2.7244038, 0.0773785, , , , , , , 2.7244038, -0.0082246, , , , , , , , , , , , , , , , , , , , , , , , , , , , 
2.7249231, 0.0562295, , , , , , , 2.7249231, 0.0219883, , , , , , , 2.7249231, 0.070161, , , , , , , 2.7249231, -0.0062104, , , , , , , , , , , , , , , , , , , , , , , , , , , , 
2.7254423, 0.0663005, , , , , , , 2.7254423, 0.0206455, , , , , , , 2.7254423, 0.057908, , , , , , , 2.7254423, -0.0036927, , , , , , , , , , , , , , , , , , , , , , , , , , , , 
2.7259615, 0.0743572, , , , , , , 2.7259615, 0.0273594, , , , , , , 2.7259615, 0.0436408, , , , , , , 2.7259615, -0.003357, , , , , , , , , , , , , , , , , , , , , , , , , , , , 
2.7264808, 0.0770428, , , , , , , 2.7264808, 0.0381018, , , , , , , 2.7264808, 0.033402, , , , , , , 2.7264808, -0.0052033, , , , , , , , , , , , , , , , , , , , , , , , , , , , 
2.727, 0.0731823, , , , , , , 2.727, 0.0421302, , , , , , , 2.727, 0.0287022, , , , , , , 2.727, -0.0045319, , , , , , , , , , , , , , , , , , , , , , , , , , , , 
2.7275192, 0.0619364, , , , , , , 2.7275192, 0.040116, , , , , , , 2.7275192, 0.0271916, , , , , , , 2.7275192, -0.002182, , , , , , , , , , , , , , , , , , , , , , , , , , , , 
2.7280385, 0.0471656, , , , , , , 2.7280385, 0.036759, , , , , , , 2.7280385, 0.0287022, , , , , , , 2.7280385, -0.0008392, , , , , , , , , , , , , , , , , , , , , , , , , , , , 
2.7285577, 0.036759, , , , , , , 2.7285577, 0.0407874, , , , , , , 2.7285577, 0.0290379, , , , , , , 2.7285577, 0.0011749, , , , , , , , , , , , , , , , , , , , , , , , , , , , 
2.7290769, 0.0263523, , , , , , , 2.7290769, 0.0495155, , , , , , , 2.7290769, 0.0280308, , , , , , , 2.7290769, 0.0077211, , , , , , , , , , , , , , , , , , , , , , , , , , , , 
2.7295962, 0.0139315, , , , , , , 2.7295962, 0.0360876, , , , , , , 2.7295962, 0.0243381, , , , , , , 2.7295962, 0.0179599, , , , , , , , , , , , , , , , , , , , , , , , , , , , 
2.7301154, 0.0008392, , , , , , , 2.7301154, -0.0028534, , , , , , , 2.7301154, 0.0152743, , , , , , , 2.7301154, 0.0317235, , , , , , , , , , , , , , , , , , , , , , , , , , , , 
2.7306346, -0.012253, , , , , , , 2.7306346, -0.0404517, , , , , , , 2.7306346, 0.0083925, , , , , , , 2.7306346, 0.0480049, , , , , , , , , , , , , , , , , , , , , , , , , , , , 
2.7311538, -0.0213169, , , , , , , 2.7311538, -0.0552224, , , , , , , 2.7311538, 0.0035248, , , , , , , 2.7311538, 0.0609293, , , , , , , , , , , , , , , , , , , , , , , , , , , , 
2.7316731, -0.0270237, , , , , , , 2.7316731, -0.0417945, , , , , , , 2.7316731, -0.0085603, , , , , , , 2.7316731, 0.0669718, , , , , , , , , , , , , , , , , , , , , , , , , , , , 
2.7321923, -0.0323949, , , , , , , 2.7321923, -0.0226596, , , , , , , 2.7321923, -0.0293736, , , , , , , 2.7321923, 0.0676432, , , , , , , , , , , , , , , , , , , , , , , , , , , , 
2.7327115, -0.0337377, , , , , , , 2.7327115, -0.0169528, , , , , , , 2.7327115, -0.0463264, , , , , , , 2.7327115, 0.068986, , , , , , , , , , , , , , , , , , , , , , , , , , , , 
2.7332308, -0.0330663, , , , , , , 2.7332308, -0.0142672, , , , , , , 2.7332308, -0.0548867, , , , , , , 2.7332308, 0.0661326, , , , , , , , , , , , , , , , , , , , , , , , , , , , 
2.73375, -0.03122, , , , , , , 2.73375, 0.0035248, , , , , , , 2.73375, -0.0587472, , , , , , , 2.73375, 0.0575723, , , , , , , , , , , , , , , , , , , , , , , , , , , , 
2.7342692, -0.0250095, , , , , , , 2.7342692, 0.0179599, , , , , , , 2.7342692, -0.054551, , , , , , , 2.7342692, 0.0503548, , , , , , , , , , , , , , , , , , , , , , , , , , , , 
2.7347885, -0.017792, , , , , , , 2.7347885, 0.0169528, , , , , , , 2.7347885, -0.0412909, , , , , , , 2.7347885, 0.040116, , , , , , , , , , , , , , , , , , , , , , , , , , , , 
2.7353077, -0.0176242, , , , , , , 2.7353077, 0.0001678, , , , , , , 2.7353077, -0.0290379, , , , , , , 2.7353077, 0.0317235, , , , , , , , , , , , , , , , , , , , , , , , , , , , 
2.7358269, -0.0199741, , , , , , , 2.7358269, -0.0246738, , , , , , , 2.7358269, -0.018967, , , , , , , 2.7358269, 0.0320592, , , , , , , , , , , , , , , , , , , , , , , , , , , , 
2.7363462, -0.0206455, , , , , , , 2.7363462, -0.0475013, , , , , , , 2.7363462, -0.0078889, , , , , , , 2.7363462, 0.0406195, , , , , , , , , , , , , , , , , , , , , , , , , , , , 
2.7368654, -0.0258488, , , , , , , 2.7368654, -0.0602579, , , , , , , 2.7368654, 0.0048676, , , , , , , 2.7368654, 0.0493477, , , , , , , , , , , , , , , , , , , , , , , , , , , , 
2.7373846, -0.0283665, , , , , , , 2.7373846, -0.0674754, , , , , , , 2.7373846, 0.0172885, , , , , , , 2.7373846, 0.0569009, , , , , , , , , , , , , , , , , , , , , , , , , , , , 
2.7379038, -0.0203098, , , , , , , 2.7379038, -0.0757, , , , , , , 2.7379038, 0.0256809, , , , , , , 2.7379038, 0.0629435, , , , , , , , , , , , , , , , , , , , , , , , , , , , 
2.7384231, -0.0142672, , , , , , , 2.7384231, -0.0728466, , , , , , , 2.7384231, 0.0287022, , , , , , , 2.7384231, 0.0642863, , , , , , , , , , , , , , , , , , , , , , , , , , , , 
2.7389423, -0.0149386, , , , , , , 2.7389423, -0.0481727, , , , , , , 2.7389423, 0.0236667, , , , , , , 2.7389423, 0.0575723, , , , , , , , , , , , , , , , , , , , , , , , , , , , 
2.7394615, -0.0129244, , , , , , , 2.7394615, -0.0102388, , , , , , , 2.7394615, 0.0193027, , , , , , , 2.7394615, 0.0466621, , , , , , , , , , , , , , , , , , , , , , , , , , , , 
2.7399808, -0.0068818, , , , , , , 2.7399808, 0.0260166, , , , , , , 2.7399808, 0.0219883, , , , , , , 2.7399808, 0.0345769, , , , , , , , , , , , , , , , , , , , , , , , , , , , 
2.7405, -0.0003357, , , , , , , 2.7405, 0.0468299, , , , , , , 2.7405, 0.026688, , , , , , , 2.7405, 0.0263523, , , , , , , , , , , , , , , , , , , , , , , , , , , , 
2.7410192, 0.0058747, , , , , , , 2.7410192, 0.043473, , , , , , , 2.7410192, 0.0276951, , , , , , , 2.7410192, 0.0186313, , , , , , , , , , , , , , , , , , , , , , , , , , , , 
2.7415385, 0.0078889, , , , , , , 2.7415385, 0.0345769, , , , , , , 2.7415385, 0.0260166, , , , , , , 2.7415385, 0.0068818, , , , , , , , , , , , , , , , , , , , , , , , , , , , 
2.7420577, 0.008896, , , , , , , 2.7420577, 0.0253452, , , , , , , 2.7420577, 0.023331, , , , , , , 2.7420577, -0.0073854, , , , , , , , , , , , , , , , , , , , , , , , , , , , 
2.7425769, 0.0125887, , , , , , , 2.7425769, 0.0045319, , , , , , , 2.7425769, 0.0206455, , , , , , , 2.7425769, -0.0203098, , , , , , , , , , , , , , , , , , , , , , , , , , , , 
2.7430962, 0.0182956, , , , , , , 2.7430962, -0.0115816, , , , , , , 2.7430962, 0.0186313, , , , , , , 2.7430962, -0.0297093, , , , , , , , , , , , , , , , , , , , , , , , , , , , 
2.7436154, 0.0226596, , , , , , , 2.7436154, -0.0048676, , , , , , , 2.7436154, 0.017792, , , , , , , 2.7436154, -0.0374304, , , , , , , , , , , , , , , , , , , , , , , , , , , , 
2.7441346, 0.030045, , , , , , , 2.7441346, 0.0062104, , , , , , , 2.7441346, 0.0186313, , , , , , , 2.7441346, -0.0464942, , , , , , , , , , , , , , , , , , , , , , , , , , , , 
2.7446538, 0.0397803, , , , , , , 2.7446538, 0.0031891, , , , , , , 2.7446538, 0.0213169, , , , , , , 2.7446538, -0.0553902, , , , , , , , , , , , , , , , , , , , , , , , , , , , 
2.7451731, 0.0454871, , , , , , , 2.7451731, -0.0229953, , , , , , , 2.7451731, 0.0231632, , , , , , , 2.7451731, -0.0626078, , , , , , , , , , , , , , , , , , , , , , , , , , , , 
2.7456923, 0.0488441, , , , , , , 2.7456923, -0.0412909, , , , , , , 2.7456923, 0.0224918, , , , , , , 2.7456923, -0.0673075, , , , , , , , , , , , , , , , , , , , , , , , , , , , 
2.7462115, 0.0548867, , , , , , , 2.7462115, -0.0236667, , , , , , , 2.7462115, 0.0191348, , , , , , , 2.7462115, -0.0686503, , , , , , , , , , , , , , , , , , , , , , , , , , , , 
2.7467308, 0.0624399, , , , , , , 2.7467308, 0.0041962, , , , , , , 2.7467308, 0.0139315, , , , , , , 2.7467308, -0.0656291, , , , , , , , , , , , , , , , , , , , , , , , , , , , 
2.74725, 0.0728466, , , , , , , 2.74725, 0.0099031, , , , , , , 2.74725, 0.0105745, , , , , , , 2.74725, -0.0592508, , , , , , , , , , , , , , , , , , , , , , , , , , , , 
2.7477692, 0.0817426, , , , , , , 2.7477692, -0.0102388, , , , , , , 2.7477692, 0.0102388, , , , , , , 2.7477692, -0.0505226, , , , , , , , , , , , , , , , , , , , , , , , , , , , 
2.7482885, 0.079057, , , , , , , 2.7482885, -0.0513619, , , , , , , 2.7482885, 0.0097353, , , , , , , 2.7482885, -0.0417945, , , , , , , , , , , , , , , , , , , , , , , , , , , , 
2.7488077, 0.0599222, , , , , , , 2.7488077, -0.085771, , , , , , , 2.7488077, 0.0072175, , , , , , , 2.7488077, -0.0337377, , , , , , , , , , , , , , , , , , , , , , , , , , , , 
2.7493269, 0.0399481, , , , , , , 2.7493269, -0.1018845, , , , , , , 2.7493269, 0.0052033, , , , , , , 2.7493269, -0.0250095, , , , , , , , , , , , , , , , , , , , , , , , , , , , 
2.7498462, 0.0283665, , , , , , , 2.7498462, -0.1132982, , , , , , , 2.7498462, 0.0040284, , , , , , , 2.7498462, -0.0166171, , , , , , , , , , , , , , , , , , , , , , , , , , , , 
2.7503654, 0.0209812, , , , , , , 2.7503654, -0.1129625, , , , , , , 2.7503654, 0.0087282, , , , , , , 2.7503654, -0.0085603, , , , , , , , , , , , , , , , , , , , , , , , , , , , 
2.7508846, 0.008896, , , , , , , 2.7508846, -0.0861067, , , , , , , 2.7508846, 0.0179599, , , , , , , 2.7508846, -0.0008392, , , , , , , , , , , , , , , , , , , , , , , , , , , , 
2.7514038, -0.0041962, , , , , , , 2.7514038, -0.04448, , , , , , , 2.7514038, 0.0213169, , , , , , , 2.7514038, 0.0058747, , , , , , , , , , , , , , , , , , , , , , , , , , , , 
2.7519231, -0.0198062, , , , , , , 2.7519231, -0.0104067, , , , , , , 2.7519231, 0.0206455, , , , , , , 2.7519231, 0.0099031, , , , , , , , , , , , , , , , , , , , , , , , , , , , 
2.7524423, -0.0344091, , , , , , , 2.7524423, 0.0068818, , , , , , , 2.7524423, 0.0209812, , , , , , , 2.7524423, 0.0109102, , , , , , , , , , , , , , , , , , , , , , , , , , , , 
2.7529615, -0.0404517, , , , , , , 2.7529615, 0.0124208, , , , , , , 2.7529615, 0.018967, , , , , , , 2.7529615, 0.0169528, , , , , , , , , , , , , , , , , , , , , , , , , , , , 
2.7534808, -0.0364233, , , , , , , 2.7534808, 0.0139315, , , , , , , 2.7534808, 0.0058747, , , , , , , 2.7534808, 0.0263523, , , , , , , , , , , , , , , , , , , , , , , , , , , , 
2.754, -0.0292058, , , , , , , 2.754, 0.0078889, , , , , , , 2.754, -0.01561, , , , , , , 2.754, 0.0313878, , , , , , , , , , , , , , , , , , , , , , , , , , , , 
2.7545192, -0.0203098, , , , , , , 2.7545192, -0.0125887, , , , , , , 2.7545192, -0.0365911, , , , , , , 2.7545192, 0.0307164, , , , , , , , , , , , , , , , , , , , , , , , , , , , 
2.7550385, -0.0095674, , , , , , , 2.7550385, -0.0323949, , , , , , , 2.7550385, -0.0528725, , , , , , , 2.7550385, 0.0287022, , , , , , , , , , , , , , , , , , , , , , , , , , , , 
2.7555577, 0.0031891, , , , , , , 2.7555577, -0.0297093, , , , , , , 2.7555577, -0.0626078, , , , , , , 2.7555577, 0.0236667, , , , , , , , , , , , , , , , , , , , , , , , , , , , 
2.7560769, 0.0129244, , , , , , , 2.7560769, -0.0058747, , , , , , , 2.7560769, -0.0582437, , , , , , , 2.7560769, 0.0169528, , , , , , , , , , , , , , , , , , , , , , , , , , , , 
2.7565962, 0.0172885, , , , , , , 2.7565962, 0.0139315, , , , , , , 2.7565962, -0.0438087, , , , , , , 2.7565962, 0.0114137, , , , , , , , , , , , , , , , , , , , , , , , , , , , 
2.7571154, 0.018967, , , , , , , 2.7571154, 0.0146029, , , , , , , 2.7571154, -0.0323949, , , , , , , 2.7571154, 0.0075532, , , , , , , , , , , , , , , , , , , , , , , , , , , , 
2.7576346, 0.0260166, , , , , , , 2.7576346, 0.0102388, , , , , , , 2.7576346, -0.0219883, , , , , , , 2.7576346, 0.0050355, , , , , , , , , , , , , , , , , , , , , , , , , , , , 
2.7581538, 0.0335698, , , , , , , 2.7581538, 0.0250095, , , , , , , 2.7581538, -0.0095674, , , , , , , 2.7581538, 0.0065461, , , , , , , , , , , , , , , , , , , , , , , , , , , , 
2.7586731, 0.036759, , , , , , , 2.7586731, 0.0599222, , , , , , , 2.7586731, -0.0006714, , , , , , , 2.7586731, 0.0119173, , , , , , , , , , , , , , , , , , , , , , , , , , , , 
2.7591923, 0.036759, , , , , , , 2.7591923, 0.0844282, , , , , , , 2.7591923, -0.0016785, , , , , , , 2.7591923, 0.0199741, , , , , , , , , , , , , , , , , , , , , , , , , , , , 
2.7597115, 0.0364233, , , , , , , 2.7597115, 0.0835889, , , , , , , 2.7597115, -0.0077211, , , , , , , 2.7597115, 0.026688, , , , , , , , , , , , , , , , , , , , , , , , , , , , 
2.7602308, 0.0407874, , , , , , , 2.7602308, 0.0797284, , , , , , , 2.7602308, -0.0142672, , , , , , , 2.7602308, 0.0313878, , , , , , , , , , , , , , , , , , , , , , , , , , , , 
2.76075, 0.0448157, , , , , , , 2.76075, 0.0820783, , , , , , , 2.76075, -0.0203098, , , , , , , 2.76075, 0.0342412, , , , , , , , , , , , , , , , , , , , , , , , , , , , 
2.7612692, 0.0468299, , , , , , , 2.7612692, 0.0562295, , , , , , , 2.7612692, -0.0261845, , , , , , , 2.7612692, 0.0325628, , , , , , , , , , , , , , , , , , , , , , , , , , , , 
2.7617885, 0.0464942, , , , , , , 2.7617885, -0.0109102, , , , , , , 2.7617885, -0.0323949, , , , , , , 2.7617885, 0.0276951, , , , , , , , , , , , , , , , , , , , , , , , , , , , 
2.7623077, 0.0332341, , , , , , , 2.7623077, -0.0693217, , , , , , , 2.7623077, -0.0364233, , , , , , , 2.7623077, 0.023331, , , , , , , , , , , , , , , , , , , , , , , , , , , , 
2.7628269, 0.0206455, , , , , , , 2.7628269, -0.0874495, , , , , , , 2.7628269, -0.0360876, , , , , , , 2.7628269, 0.0199741, , , , , , , , , , , , , , , , , , , , , , , , , , , , 
2.7633462, 0.0135958, , , , , , , 2.7633462, -0.0908064, , , , , , , 2.7633462, -0.0265202, , , , , , , 2.7633462, 0.0182956, , , , , , , , , , , , , , , , , , , , , , , , , , , , 
2.7638654, 0.0125887, , , , , , , 2.7638654, -0.0837568, , , , , , , 2.7638654, -0.0109102, , , , , , , 2.7638654, 0.0119173, , , , , , , , , , , , , , , , , , , , , , , , , , , , 
2.7643846, 0.0246738, , , , , , , 2.7643846, -0.0599222, , , , , , , 2.7643846, 0.0052033, , , , , , , 2.7643846, 0.0011749, , , , , , , , , , , , , , , , , , , , , , , , , , , , 
2.7649038, 0.0391089, , , , , , , 2.7649038, -0.0344091, , , , , , , 2.7649038, 0.0139315, , , , , , , 2.7649038, -0.0068818, , , , , , , , , , , , , , , , , , , , , , , , , , , , 
2.7654231, 0.0441444, , , , , , , 2.7654231, -0.005539, , , , , , , 2.7654231, 0.0172885, , , , , , , 2.7654231, -0.0082246, , , , , , , , , , , , , , , , , , , , , , , , , , , , 
2.7659423, 0.0414588, , , , , , , 2.7659423, 0.0162814, , , , , , , 2.7659423, 0.0191348, , , , , , , 2.7659423, -0.0025177, , , , , , , , , , , , , , , , , , , , , , , , , , , , 
2.7664615, 0.0377661, , , , , , , 2.7664615, 0.0115816, , , , , , , 2.7664615, 0.0203098, , , , , , , 2.7664615, 0.0065461, , , , , , , , , , , , , , , , , , , , , , , , , , , , 
2.7669808, 0.0357519, , , , , , , 2.7669808, -0.0209812, , , , , , , 2.7669808, 0.0218204, , , , , , , 2.7669808, 0.0095674, , , , , , , , , , , , , , , , , , , , , , , , , , , , 
2.7675, 0.0280308, , , , , , , 2.7675, -0.064622, , , , , , , 2.7675, 0.0226596, , , , , , , 2.7675, 0.0085603, , , , , , , , , , , , , , , , , , , , , , , , , , , , 
2.7680192, 0.012253, , , , , , , 2.7680192, -0.0928206, , , , , , , 2.7680192, 0.0231632, , , , , , , 2.7680192, 0.008896, , , , , , , , , , , , , , , , , , , , , , , , , , , , 
2.7685385, -0.002182, , , , , , , 2.7685385, -0.1008774, , , , , , , 2.7685385, 0.0320592, , , , , , , 2.7685385, 0.0129244, , , , , , , , , , , , , , , , , , , , , , , , , , , , 
2.7690577, -0.0152743, , , , , , , 2.7690577, -0.0941634, , , , , , , 2.7690577, 0.043473, , , , , , , 2.7690577, 0.0184634, , , , , , , , , , , , , , , , , , , , , , , , , , , , 
2.7695769, -0.0273594, , , , , , , 2.7695769, -0.0760357, , , , , , , 2.7695769, 0.0421302, , , , , , , 2.7695769, 0.0186313, , , , , , , , , , , , , , , , , , , , , , , , , , , , 
2.7700962, -0.0379339, , , , , , , 2.7700962, -0.0528725, , , , , , , 2.7700962, 0.0307164, , , , , , , 2.7700962, 0.0176242, , , , , , , , , , , , , , , , , , , , , , , , , , , , 
2.7706154, -0.047837, , , , , , , 2.7706154, -0.033402, , , , , , , 2.7706154, 0.0115816, , , , , , , 2.7706154, 0.0171206, , , , , , , , , , , , , , , , , , , , , , , , , , , , 
2.7711346, -0.0506905, , , , , , , 2.7711346, -0.0038605, , , , , , , 2.7711346, -0.0102388, , , , , , , 2.7711346, 0.0149386, , , , , , , , , , , , , , , , , , , , , , , , , , , , 
2.7716538, -0.0525368, , , , , , , 2.7716538, 0.0384375, , , , , , , 2.7716538, -0.0243381, , , , , , , 2.7716538, 0.0139315, , , , , , , , , , , , , , , , , , , , , , , , , , , , 
2.7721731, -0.057908, , , , , , , 2.7721731, 0.0659648, , , , , , , 2.7721731, -0.0223239, , , , , , , 2.7721731, 0.01561, , , , , , , , , , , , , , , , , , , , , , , , , , , , 
2.7726923, -0.064622, , , , , , , 2.7726923, 0.0696574, , , , , , , 2.7726923, -0.0072175, , , , , , , 2.7726923, 0.0176242, , , , , , , , , , , , , , , , , , , , , , , , , , , , 
2.7732115, -0.064622, , , , , , , 2.7732115, 0.0626078, , , , , , , 2.7732115, 0.0035248, , , , , , , 2.7732115, 0.0172885, , , , , , , , , , , , , , , , , , , , , , , , , , , , 
2.7737308, -0.0552224, , , , , , , 2.7737308, 0.0522011, , , , , , , 2.7737308, 0.0112459, , , , , , , 2.7737308, 0.0139315, , , , , , , , , , , , , , , , , , , , , , , , , , , , 
2.77425, -0.0417945, , , , , , , 2.77425, 0.0374304, , , , , , , 2.77425, 0.0307164, , , , , , , 2.77425, 0.0097353, , , , , , , , , , , , , , , , , , , , , , , , , , , , 
2.7747692, -0.0251774, , , , , , , 2.7747692, 0.0307164, , , , , , , 2.7747692, 0.0562295, , , , , , , 2.7747692, 0.0038605, , , , , , , , , , , , , , , , , , , , , , , , , , , , 
2.7752885, -0.008896, , , , , , , 2.7752885, 0.0287022, , , , , , , 2.7752885, 0.0683146, , , , , , , 2.7752885, -0.002182, , , , , , , , , , , , , , , , , , , , , , , , , , , , 
2.7758077, -0.0025177, , , , , , , 2.7758077, 0.0209812, , , , , , , 2.7758077, 0.0629435, , , , , , , 2.7758077, -0.0028534, , , , , , , , , , , , , , , , , , , , , , , , , , , , 
2.7763269, 0.0011749, , , , , , , 2.7763269, 0.0048676, , , , , , , 2.7763269, 0.0454871, , , , , , , 2.7763269, 0.0015106, , , , , , , , , , , , , , , , , , , , , , , , , , , , 
2.7768462, 0.0092317, , , , , , , 2.7768462, -0.012253, , , , , , , 2.7768462, 0.0149386, , , , , , , 2.7768462, 0.0045319, , , , , , , , , , , , , , , , , , , , , , , , , , , , 
2.7773654, 0.0206455, , , , , , , 2.7773654, -0.0231632, , , , , , , 2.7773654, -0.0287022, , , , , , , 2.7773654, 0.0070497, , , , , , , , , , , , , , , , , , , , , , , , , , , , 
2.7778846, 0.0305486, , , , , , , 2.7778846, -0.0276951, , , , , , , 2.7778846, -0.0746929, , , , , , , 2.7778846, 0.005539, , , , , , , , , , , , , , , , , , , , , , , , , , , , 
2.7784038, 0.0345769, , , , , , , 2.7784038, -0.0283665, , , , , , , 2.7784038, -0.1233692, , , , , , , 2.7784038, 0.0038605, , , , , , , , , , , , , , , , , , , , , , , , , , , , 
2.7789231, 0.0384375, , , , , , , 2.7789231, -0.014435, , , , , , , 2.7789231, -0.1774166, , , , , , , 2.7789231, 0.0036927, , , , , , , , , , , , , , , , , , , , , , , , , , , , 
2.7794423, 0.0407874, , , , , , , 2.7794423, 0.0191348, , , , , , , 2.7794423, -0.2260929, , , , , , , 2.7794423, 0.0038605, , , , , , , , , , , , , , , , , , , , , , , , , , , , 
2.7799615, 0.043473, , , , , , , 2.7799615, 0.0377661, , , , , , , 2.7799615, -0.2566415, , , , , , , 2.7799615, 0.0036927, , , , , , , , , , , , , , , , , , , , , , , , , , , , 
2.7804808, 0.0488441, , , , , , , 2.7804808, 0.0152743, , , , , , , 2.7804808, -0.2667124, , , , , , , 2.7804808, 0.0052033, , , , , , , , , , , , , , , , , , , , , , , , , , , , 
2.781, 0.0527047, , , , , , , 2.781, -0.0219883, , , , , , , 2.781, -0.2606699, , , , , , , 2.781, 0.0077211, , , , , , , , , , , , , , , , , , , , , , , , , , , , 
2.7815192, 0.0540475, , , , , , , 2.7815192, -0.0406195, , , , , , , 2.7815192, -0.2458991, , , , , , , 2.7815192, 0.0105745, , , , , , , , , , , , , , , , , , , , , , , , , , , , 
2.7820385, 0.0553902, , , , , , , 2.7820385, -0.0404517, , , , , , , 2.7820385, -0.2328069, , , , , , , 2.7820385, 0.0130922, , , , , , , , , , , , , , , , , , , , , , , , , , , , 
2.7825577, 0.0555581, , , , , , , 2.7825577, -0.0317235, , , , , , , 2.7825577, -0.2205539, , , , , , , 2.7825577, 0.0152743, , , , , , , , , , , , , , , , , , , , , , , , , , , , 
2.7830769, 0.0548867, , , , , , , 2.7830769, -0.0166171, , , , , , , 2.7830769, -0.2029297, , , , , , , 2.7830769, 0.0208133, , , , , , , , , , , , , , , , , , , , , , , , , , , , 
2.7835962, 0.0522011, , , , , , , 2.7835962, -0.0048676, , , , , , , 2.7835962, -0.1802701, , , , , , , 2.7835962, 0.0280308, , , , , , , , , , , , , , , , , , , , , , , , , , , , 
2.7841154, 0.0508583, , , , , , , 2.7841154, 0.0016785, , , , , , , 2.7841154, -0.1532464, , , , , , , 2.7841154, 0.0327306, , , , , , , , , , , , , , , , , , , , , , , , , , , , 
2.7846346, 0.0547189, , , , , , , 2.7846346, 0.0149386, , , , , , , 2.7846346, -0.114641, , , , , , , 2.7846346, 0.0340734, , , , , , , , , , , , , , , , , , , , , , , , , , , , 
2.7851538, 0.061265, , , , , , , 2.7851538, 0.0414588, , , , , , , 2.7851538, -0.0706645, , , , , , , 2.7851538, 0.0360876, , , , , , , , , , , , , , , , , , , , , , , , , , , , 
2.7856731, 0.0647898, , , , , , , 2.7856731, 0.0626078, , , , , , , 2.7856731, -0.0297093, , , , , , , 2.7856731, 0.0381018, , , , , , , , , , , , , , , , , , , , , , , , , , , , 
2.7861923, 0.0649577, , , , , , , 2.7861923, 0.070161, , , , , , , 2.7861923, 0.0058747, , , , , , , 2.7861923, 0.036759, , , , , , , , , , , , , , , , , , , , , , , , , , , , 
2.7867115, 0.0652934, , , , , , , 2.7867115, 0.0740215, , , , , , , 2.7867115, 0.033402, , , , , , , 2.7867115, 0.0320592, , , , , , , , , , , , , , , , , , , , , , , , , , , , 
2.7872308, 0.0610971, , , , , , , 2.7872308, 0.0788891, , , , , , , 2.7872308, 0.0535439, , , , , , , 2.7872308, 0.0273594, , , , , , , , , , , , , , , , , , , , , , , , , , , , 
2.78775, 0.0522011, , , , , , , 2.78775, 0.0861067, , , , , , , 2.78775, 0.0659648, , , , , , , 2.78775, 0.0240024, , , , , , , , , , , , , , , , , , , , , , , , , , , , 
2.7882692, 0.0417945, , , , , , , 2.7882692, 0.0867781, , , , , , , 2.7882692, 0.0767071, , , , , , , 2.7882692, 0.0206455, , , , , , , , , , , , , , , , , , , , , , , , , , , , 
2.7887885, 0.0320592, , , , , , , 2.7887885, 0.0803998, , , , , , , 2.7887885, 0.085771, , , , , , , 2.7887885, 0.0146029, , , , , , , , , , , , , , , , , , , , , , , , , , , , 
2.7893077, 0.0166171, , , , , , , 2.7893077, 0.0746929, , , , , , , 2.7893077, 0.0936599, , , , , , , 2.7893077, 0.0092317, , , , , , , , , , , , , , , , , , , , , , , , , , , , 
2.7898269, 0.0016785, , , , , , , 2.7898269, 0.0629435, , , , , , , 2.7898269, 0.1028916, , , , , , , 2.7898269, 0.0048676, , , , , , , , , , , , , , , , , , , , , , , , , , , , 
2.7903462, -0.0102388, , , , , , , 2.7903462, 0.0246738, , , , , , , 2.7903462, 0.1119554, , , , , , , 2.7903462, 0.0036927, , , , , , , , , , , , , , , , , , , , , , , , , , , , 
2.7908654, -0.0229953, , , , , , , 2.7908654, -0.0313878, , , , , , , 2.7908654, 0.1198444, , , , , , , 2.7908654, 0.0085603, , , , , , , , , , , , , , , , , , , , , , , , , , , , 
2.7913846, -0.0374304, , , , , , , 2.7913846, -0.0830854, , , , , , , 2.7913846, 0.1273976, , , , , , , 2.7913846, 0.0159457, , , , , , , , , , , , , , , , , , , , , , , , , , , , 
2.7919038, -0.0498512, , , , , , , 2.7919038, -0.1143053, , , , , , , 2.7919038, 0.1307546, , , , , , , 2.7919038, 0.0216526, , , , , , , , , , , , , , , , , , , , , , , , , , , , 
2.7924231, -0.057908, , , , , , , 2.7924231, -0.1218585, , , , , , , 2.7924231, 0.1304189, , , , , , , 2.7924231, 0.0236667, , , , , , , , , , , , , , , , , , , , , , , , , , , , 
2.7929423, -0.0614328, , , , , , , 2.7929423, -0.1052415, , , , , , , 2.7929423, 0.1307546, , , , , , , 2.7929423, 0.0253452, , , , , , , , , , , , , , , , , , , , , , , , , , , , 
2.7934615, -0.0592508, , , , , , , 2.7934615, -0.0827497, , , , , , , 2.7934615, 0.128069, , , , , , , 2.7934615, 0.0250095, , , , , , , , , , , , , , , , , , , , , , , , , , , , 
2.7939808, -0.0495155, , , , , , , 2.7939808, -0.0793927, , , , , , , 2.7939808, 0.1136339, , , , , , , 2.7939808, 0.0206455, , , , , , , , , , , , , , , , , , , , , , , , , , , , 
2.7945, -0.0350805, , , , , , , 2.7945, -0.0990311, , , , , , , 2.7945, 0.0916457, , , , , , , 2.7945, 0.0159457, , , , , , , , , , , , , , , , , , , , , , , , , , , , 
2.7950192, -0.0216526, , , , , , , 2.7950192, -0.1139696, , , , , , , 2.7950192, 0.0681468, , , , , , , 2.7950192, 0.0125887, , , , , , , , , , , , , , , , , , , , , , , , , , , , 
2.7955385, -0.0164492, , , , , , , 2.7955385, -0.1012131, , , , , , , 2.7955385, 0.0508583, , , , , , , 2.7955385, 0.0097353, , , , , , , , , , , , , , , , , , , , , , , , , , , , 
2.7960577, -0.0142672, , , , , , , 2.7960577, -0.0844282, , , , , , , 2.7960577, 0.0406195, , , , , , , 2.7960577, 0.0102388, , , , , , , , , , , , , , , , , , , , , , , , , , , , 
2.7965769, -0.0075532, , , , , , , 2.7965769, -0.0485084, , , , , , , 2.7965769, 0.0381018, , , , , , , 2.7965769, 0.0139315, , , , , , , , , , , , , , , , , , , , , , , , , , , , 
2.7970962, 0.0008392, , , , , , , 2.7970962, 0.017792, , , , , , , 2.7970962, 0.0360876, , , , , , , 2.7970962, 0.018967, , , , , , , , , , , , , , , , , , , , , , , , , , , , 
2.7976154, 0.0062104, , , , , , , 2.7976154, 0.0448157, , , , , , , 2.7976154, 0.0365911, , , , , , , 2.7976154, 0.0209812, , , , , , , , , , , , , , , , , , , , , , , , , , , , 
2.7981346, 0.0065461, , , , , , , 2.7981346, 0.0072175, , , , , , , 2.7981346, 0.0426337, , , , , , , 2.7981346, 0.0206455, , , , , , , , , , , , , , , , , , , , , , , , , , , , 
2.7986538, 0.0072175, , , , , , , 2.7986538, -0.04448, , , , , , , 2.7986538, 0.0498512, , , , , , , 2.7986538, 0.0216526, , , , , , , , , , , , , , , , , , , , , , , , , , , , 
2.7991731, 0.0065461, , , , , , , 2.7991731, -0.0659648, , , , , , , 2.7991731, 0.057908, , , , , , , 2.7991731, 0.0216526, , , , , , , , , , , , , , , , , , , , , , , , , , , , 
2.7996923, 0.0062104, , , , , , , 2.7996923, -0.0525368, , , , , , , 2.7996923, 0.0607614, , , , , , , 2.7996923, 0.018967, , , , , , , , , , , , , , , , , , , , , , , , , , , , 
2.8002115, 0.0043641, , , , , , , 2.8002115, -0.0297093, , , , , , , 2.8002115, 0.0535439, , , , , , , 2.8002115, 0.0151064, , , , , , , , , , , , , , , , , , , , , , , , , , , , 
2.8007308, 0.0048676, , , , , , , 2.8007308, -0.0169528, , , , , , , 2.8007308, 0.0417945, , , , , , , 2.8007308, 0.0092317, , , , , , , , , , , , , , , , , , , , , , , , , , , , 
2.80125, 0.005539, , , , , , , 2.80125, -0.0176242, , , , , , , 2.80125, 0.0297093, , , , , , , 2.80125, 0.0011749, , , , , , , , , , , , , , , , , , , , , , , , , , , , 
2.8017692, 0.0068818, , , , , , , 2.8017692, -0.0193027, , , , , , , 2.8017692, 0.0169528, , , , , , , 2.8017692, -0.0050355, , , , , , , , , , , , , , , , , , , , , , , , , , , , 
2.8022885, 0.0125887, , , , , , , 2.8022885, -0.0099031, , , , , , , 2.8022885, 0.002182, , , , , , , 2.8022885, -0.0109102, , , , , , , , , , , , , , , , , , , , , , , , , , , , 
2.8028077, 0.0162814, , , , , , , 2.8028077, 0.0003357, , , , , , , 2.8028077, -0.0142672, , , , , , , 2.8028077, -0.01561, , , , , , , , , , , , , , , , , , , , , , , , , , , , 
2.8033269, 0.0184634, , , , , , , 2.8033269, 0.0035248, , , , , , , 2.8033269, -0.0258488, , , , , , , 2.8033269, -0.0182956, , , , , , , , , , , , , , , , , , , , , , , , , , , , 
2.8038462, 0.0206455, , , , , , , 2.8038462, 0.0099031, , , , , , , 2.8038462, -0.0337377, , , , , , , 2.8038462, -0.0196384, , , , , , , , , , , , , , , , , , , , , , , , , , , , 
2.8043654, 0.0293736, , , , , , , 2.8043654, 0.0293736, , , , , , , 2.8043654, -0.036759, , , , , , , 2.8043654, -0.0194705, , , , , , , , , , , , , , , , , , , , , , , , , , , , 
2.8048846, 0.0360876, , , , , , , 2.8048846, 0.0543832, , , , , , , 2.8048846, -0.0297093, , , , , , , 2.8048846, -0.0159457, , , , , , , , , , , , , , , , , , , , , , , , , , , , 
2.8054038, 0.0421302, , , , , , , 2.8054038, 0.0733501, , , , , , , 2.8054038, -0.014435, , , , , , , 2.8054038, -0.0120851, , , , , , , , , , , , , , , , , , , , , , , , , , , , 
2.8059231, 0.0530404, , , , , , , 2.8059231, 0.0850996, , , , , , , 2.8059231, 0.0077211, , , , , , , 2.8059231, -0.0082246, , , , , , , , , , , , , , , , , , , , , , , , , , , , 
2.8064423, 0.0659648, , , , , , , 2.8064423, 0.0809033, , , , , , , 2.8064423, 0.0310521, , , , , , , 2.8064423, -0.0068818, , , , , , , , , , , , , , , , , , , , , , , , , , , , 
2.8069615, 0.0679789, , , , , , , 2.8069615, 0.0589151, , , , , , , 2.8069615, 0.0448157, , , , , , , 2.8069615, -0.0082246, , , , , , , , , , , , , , , , , , , , , , , , , , , , 
2.8074808, 0.0595865, , , , , , , 2.8074808, 0.0313878, , , , , , , 2.8074808, 0.0495155, , , , , , , 2.8074808, -0.0082246, , , , , , , , , , , , , , , , , , , , , , , , , , , , 
2.808, 0.0505226, , , , , , , 2.808, 0.018967, , , , , , , 2.808, 0.0495155, , , , , , , 2.808, -0.002182, , , , , , , , , , , , , , , , , , , , , , , , , , , , 
2.8085192, 0.0392767, , , , , , , 2.8085192, 0.0209812, , , , , , , 2.8085192, 0.040116, , , , , , , 2.8085192, 0.0073854, , , , , , , , , , , , , , , , , , , , , , , , , , , , 
2.8090385, 0.0263523, , , , , , , 2.8090385, 0.0169528, , , , , , , 2.8090385, 0.0223239, , , , , , , 2.8090385, 0.0166171, , , , , , , , , , , , , , , , , , , , , , , , , , , , 
2.8095577, 0.0157778, , , , , , , 2.8095577, -0.002182, , , , , , , 2.8095577, 0.0036927, , , , , , , 2.8095577, 0.0223239, , , , , , , , , , , , , , , , , , , , , , , , , , , , 
2.8100769, 0.0172885, , , , , , , 2.8100769, -0.0270237, , , , , , , 2.8100769, -0.0149386, , , , , , , 2.8100769, 0.023331, , , , , , , , , , , , , , , , , , , , , , , , , , , , 
2.8105962, 0.0159457, , , , , , , 2.8105962, -0.0446479, , , , , , , 2.8105962, -0.0354162, , , , , , , 2.8105962, 0.0246738, , , , , , , , , , , , , , , , , , , , , , , , , , , , 
2.8111154, -0.0005035, , , , , , , 2.8111154, -0.0585794, , , , , , , 2.8111154, -0.0485084, , , , , , , 2.8111154, 0.0307164, , , , , , , , , , , , , , , , , , , , , , , , , , , , 
2.8116346, -0.018967, , , , , , , 2.8116346, -0.0750286, , , , , , , 2.8116346, -0.0448157, , , , , , , 2.8116346, 0.0379339, , , , , , , , , , , , , , , , , , , , , , , , , , , , 
2.8121538, -0.030045, , , , , , , 2.8121538, -0.0834211, , , , , , , 2.8121538, -0.0384375, , , , , , , 2.8121538, 0.0421302, , , , , , , , , , , , , , , , , , , , , , , , , , , , 
2.8126731, -0.0381018, , , , , , , 2.8126731, -0.0726787, , , , , , , 2.8126731, -0.0391089, , , , , , , 2.8126731, 0.0441444, , , , , , , , , , , , , , , , , , , , , , , , , , , , 
2.8131923, -0.0475013, , , , , , , 2.8131923, -0.0527047, , , , , , , 2.8131923, -0.0451514, , , , , , , 2.8131923, 0.0454871, , , , , , , , , , , , , , , , , , , , , , , , , , , , 
2.8137115, -0.0533761, , , , , , , 2.8137115, -0.0412909, , , , , , , 2.8137115, -0.0565652, , , , , , , 2.8137115, 0.0449836, , , , , , , , , , , , , , , , , , , , , , , , , , , , 
2.8142308, -0.0468299, , , , , , , 2.8142308, -0.0344091, , , , , , , 2.8142308, -0.0773785, , , , , , , 2.8142308, 0.0387732, , , , , , , , , , , , , , , , , , , , , , , , , , , , 
2.81475, -0.0305486, , , , , , , 2.81475, -0.0243381, , , , , , , 2.81475, -0.105745, , , , , , , 2.81475, 0.0320592, , , , , , , , , , , , , , , , , , , , , , , , , , , , 
2.8152692, -0.0146029, , , , , , , 2.8152692, -0.01561, , , , , , , 2.8152692, -0.1334401, , , , , , , 2.8152692, 0.0305486, , , , , , , , , , , , , , , , , , , , , , , , , , , , 
2.8157885, -0.0048676, , , , , , , 2.8157885, -0.0142672, , , , , , , 2.8157885, -0.1566033, , , , , , , 2.8157885, 0.0305486, , , , , , , , , , , , , , , , , , , , , , , , , , , , 
2.8163077, -0.0048676, , , , , , , 2.8163077, -0.0172885, , , , , , , 2.8163077, -0.1693599, , , , , , , 2.8163077, 0.0246738, , , , , , , , , , , , , , , , , , , , , , , , , , , , 
2.8168269, 0.0025177, , , , , , , 2.8168269, -0.0196384, , , , , , , 2.8168269, -0.1680171, , , , , , , 2.8168269, 0.0182956, , , , , , , , , , , , , , , , , , , , , , , , , , , , 
2.8173462, 0.0186313, , , , , , , 2.8173462, -0.0146029, , , , , , , 2.8173462, -0.1623102, , , , , , , 2.8173462, 0.0159457, , , , , , , , , , , , , , , , , , , , , , , , , , , , 
2.8178654, 0.0387732, , , , , , , 2.8178654, -0.0028534, , , , , , , 2.8178654, -0.1519036, , , , , , , 2.8178654, 0.0162814, , , , , , , , , , , , , , , , , , , , , , , , , , , , 
2.8183846, 0.0585794, , , , , , , 2.8183846, 0.005539, , , , , , , 2.8183846, -0.1304189, , , , , , , 2.8183846, 0.0172885, , , , , , , , , , , , , , , , , , , , , , , , , , , , 
2.8189038, 0.0649577, , , , , , , 2.8189038, 0.0072175, , , , , , , 2.8189038, -0.100206, , , , , , , 2.8189038, 0.0152743, , , , , , , , , , , , , , , , , , , , , , , , , , , , 
2.8194231, 0.0582437, , , , , , , 2.8194231, 0.0058747, , , , , , , 2.8194231, -0.0715038, , , , , , , 2.8194231, 0.0132601, , , , , , , , , , , , , , , , , , , , , , , , , , , , 
2.8199423, 0.0451514, , , , , , , 2.8199423, 0.0018463, , , , , , , 2.8199423, -0.0522011, , , , , , , 2.8199423, 0.0115816, , , , , , , , , , , , , , , , , , , , , , , , , , , , 
2.8204615, 0.0340734, , , , , , , 2.8204615, -0.0011749, , , , , , , 2.8204615, -0.0407874, , , , , , , 2.8204615, 0.0102388, , , , , , , , , , , , , , , , , , , , , , , , , , , , 
2.8209808, 0.0307164, , , , , , , 2.8209808, 0.0048676, , , , , , , 2.8209808, -0.0236667, , , , , , , 2.8209808, 0.0102388, , , , , , , , , , , , , , , , , , , , , , , , , , , , 
2.8215, 0.030045, , , , , , , 2.8215, 0.0246738, , , , , , , 2.8215, 0.0090639, , , , , , , 2.8215, 0.0112459, , , , , , , , , , , , , , , , , , , , , , , , , , , , 
2.8220192, 0.0263523, , , , , , , 2.8220192, 0.0428016, , , , , , , 2.8220192, 0.0522011, , , , , , , 2.8220192, 0.0112459, , , , , , , , , , , , , , , , , , , , , , , , , , , , 
2.8225385, 0.0240024, , , , , , , 2.8225385, 0.0411231, , , , , , , 2.8225385, 0.0998703, , , , , , , 2.8225385, 0.0092317, , , , , , , , , , , , , , , , , , , , , , , , , , , , 
2.8230577, 0.0231632, , , , , , , 2.8230577, 0.0436408, , , , , , , 2.8230577, 0.1414969, , , , , , , 2.8230577, 0.0048676, , , , , , , , , , , , , , , , , , , , , , , , , , , , 
2.8235769, 0.0260166, , , , , , , 2.8235769, 0.0777142, , , , , , , 2.8235769, 0.1790951, , , , , , , 2.8235769, -0.002182, , , , , , , , , , , , , , , , , , , , , , , , , , , , 
2.8240962, 0.0394446, , , , , , , 2.8240962, 0.0976883, , , , , , , 2.8240962, 0.2150149, , , , , , , 2.8240962, -0.0115816, , , , , , , , , , , , , , , , , , , , , , , , , , , , 
2.8246154, 0.0569009, , , , , , , 2.8246154, 0.079057, , , , , , , 2.8246154, 0.2381781, , , , , , , 2.8246154, -0.0172885, , , , , , , , , , , , , , , , , , , , , , , , , , , , 
2.8251346, 0.0621042, , , , , , , 2.8251346, 0.0491798, , , , , , , 2.8251346, 0.2388495, , , , , , , 2.8251346, -0.0179599, , , , , , , , , , , , , , , , , , , , , , , , , , , , 
2.8256538, 0.0619364, , , , , , , 2.8256538, 0.030045, , , , , , , 2.8256538, 0.2166934, , , , , , , 2.8256538, -0.0149386, , , , , , , , , , , , , , , , , , , , , , , , , , , , 
2.8261731, 0.0609293, , , , , , , 2.8261731, 0.0186313, , , , , , , 2.8261731, 0.1743954, , , , , , , 2.8261731, -0.0102388, , , , , , , , , , , , , , , , , , , , , , , , , , , , 
2.8266923, 0.0548867, , , , , , , 2.8266923, 0.0075532, , , , , , , 2.8266923, 0.1153124, , , , , , , 2.8266923, -0.0068818, , , , , , , , , , , , , , , , , , , , , , , , , , , , 
2.8272115, 0.0488441, , , , , , , 2.8272115, -0.0041962, , , , , , , 2.8272115, 0.0453193, , , , , , , 2.8272115, -0.0028534, , , , , , , , , , , , , , , , , , , , , , , , , , , , 
2.8277308, 0.0433051, , , , , , , 2.8277308, -0.010071, , , , , , , 2.8277308, -0.0206455, , , , , , , 2.8277308, 0.0018463, , , , , , , , , , , , , , , , , , , , , , , , , , , , 
2.82825, 0.0377661, , , , , , , 2.82825, -0.0154421, , , , , , , 2.82825, -0.0686503, , , , , , , 2.82825, 0.0058747, , , , , , , , , , , , , , , , , , , , , , , , , , , , 
2.8287692, 0.0344091, , , , , , , 2.8287692, -0.0377661, , , , , , , 2.8287692, -0.0918135, , , , , , , 2.8287692, 0.0105745, , , , , , , , , , , , , , , , , , , , , , , , , , , , 
2.8292885, 0.0313878, , , , , , , 2.8292885, -0.0802319, , , , , , , 2.8292885, -0.0951705, , , , , , , 2.8292885, 0.0137636, , , , , , , , , , , , , , , , , , , , , , , , , , , , 
2.8298077, 0.0176242, , , , , , , 2.8298077, -0.1096056, , , , , , , 2.8298077, -0.0850996, , , , , , , 2.8298077, 0.0142672, , , , , , , , , , , , , , , , , , , , , , , , , , , , 
2.8303269, 0.0011749, , , , , , , 2.8303269, -0.1032273, , , , , , , 2.8303269, -0.0753643, , , , , , , 2.8303269, 0.0176242, , , , , , , , , , , , , , , , , , , , , , , , , , , , 
2.8308462, -0.0109102, , , , , , , 2.8308462, -0.0787213, , , , , , , 2.8308462, -0.0807355, , , , , , , 2.8308462, 0.0229953, , , , , , , , , , , , , , , , , , , , , , , , , , , , 
2.8313654, -0.0196384, , , , , , , 2.8313654, -0.04448, , , , , , , 2.8313654, -0.1040665, , , , , , , 2.8313654, 0.0250095, , , , , , , , , , , , , , , , , , , , , , , , , , , , 
2.8318846, -0.0287022, , , , , , , 2.8318846, -0.0068818, , , , , , , 2.8318846, -0.1378042, , , , , , , 2.8318846, 0.0236667, , , , , , , , , , , , , , , , , , , , , , , , , , , , 
2.8324038, -0.0360876, , , , , , , 2.8324038, 0.0152743, , , , , , , 2.8324038, -0.1690242, , , , , , , 2.8324038, 0.0209812, , , , , , , , , , , , , , , , , , , , , , , , , , , , 
2.8329231, -0.04448, , , , , , , 2.8329231, 0.0159457, , , , , , , 2.8329231, -0.1861448, , , , , , , 2.8329231, 0.0198062, , , , , , , , , , , , , , , , , , , , , , , , , , , , 
2.8334423, -0.0481727, , , , , , , 2.8334423, 0.0085603, , , , , , , 2.8334423, -0.1787594, , , , , , , 2.8334423, 0.0199741, , , , , , , , , , , , , , , , , , , , , , , , , , , , 
2.8339615, -0.0411231, , , , , , , 2.8339615, -0.0008392, , , , , , , 2.8339615, -0.1508965, , , , , , , 2.8339615, 0.0196384, , , , , , , , , , , , , , , , , , , , , , , , , , , , 
2.8344808, -0.0273594, , , , , , , 2.8344808, -0.018967, , , , , , , 2.8344808, -0.1153124, , , , , , , 2.8344808, 0.0186313, , , , , , , , , , , , , , , , , , , , , , , , , , , , 
2.835, -0.0135958, , , , , , , 2.835, -0.0464942, , , , , , , 2.835, -0.0746929, , , , , , , 2.835, 0.0182956, , , , , , , , , , , , , , , , , , , , , , , , , , , , 
2.8355192, -0.0028534, , , , , , , 2.8355192, -0.0686503, , , , , , , 2.8355192, -0.04448, , , , , , , 2.8355192, 0.0193027, , , , , , , , , , , , , , , , , , , , , , , , , , , , 
2.8360385, 0.0035248, , , , , , , 2.8360385, -0.0505226, , , , , , , 2.8360385, -0.0298772, , , , , , , 2.8360385, 0.0213169, , , , , , , , , , , , , , , , , , , , , , , , , , , , 
2.8365577, 0.0052033, , , , , , , 2.8365577, -0.0092317, , , , , , , 2.8365577, -0.0186313, , , , , , , 2.8365577, 0.0203098, , , , , , , , , , , , , , , , , , , , , , , , , , , , 
2.8370769, 0.0083925, , , , , , , 2.8370769, 0.0115816, , , , , , , 2.8370769, -0.002182, , , , , , , 2.8370769, 0.0179599, , , , , , , , , , , , , , , , , , , , , , , , , , , , 
2.8375962, 0.01561, , , , , , , 2.8375962, 0.0199741, , , , , , , 2.8375962, 0.0179599, , , , , , , 2.8375962, 0.0196384, , , , , , , , , , , , , , , , , , , , , , , , , , , , 
2.8381154, 0.0179599, , , , , , , 2.8381154, 0.0193027, , , , , , , 2.8381154, 0.0270237, , , , , , , 2.8381154, 0.0246738, , , , , , , , , , , , , , , , , , , , , , , , , , , , 
2.8386346, 0.0146029, , , , , , , 2.8386346, 0.0102388, , , , , , , 2.8386346, 0.0208133, , , , , , , 2.8386346, 0.0313878, , , , , , , , , , , , , , , , , , , , , , , , , , , , 
2.8391538, 0.0119173, , , , , , , 2.8391538, 0.0031891, , , , , , , 2.8391538, 0.0035248, , , , , , , 2.8391538, 0.0372625, , , , , , , , , , , , , , , , , , , , , , , , , , , , 
2.8396731, 0.0171206, , , , , , , 2.8396731, 0.0005035, , , , , , , 2.8396731, -0.0203098, , , , , , , 2.8396731, 0.0414588, , , , , , , , , , , , , , , , , , , , , , , , , , , , 
2.8401923, 0.0256809, , , , , , , 2.8401923, 0.0062104, , , , , , , 2.8401923, -0.0407874, , , , , , , 2.8401923, 0.0446479, , , , , , , , , , , , , , , , , , , , , , , , , , , , 
2.8407115, 0.0320592, , , , , , , 2.8407115, 0.0023499, , , , , , , 2.8407115, -0.0501869, , , , , , , 2.8407115, 0.0464942, , , , , , , , , , , , , , , , , , , , , , , , , , , , 
2.8412308, 0.0364233, , , , , , , 2.8412308, -0.0243381, , , , , , , 2.8412308, -0.0468299, , , , , , , 2.8412308, 0.0441444, , , , , , , , , , , , , , , , , , , , , , , , , , , , 
2.84175, 0.040116, , , , , , , 2.84175, -0.0636149, , , , , , , 2.84175, -0.0391089, , , , , , , 2.84175, 0.040116, , , , , , , , , , , , , , , , , , , , , , , , , , , , 
2.8422692, 0.0428016, , , , , , , 2.8422692, -0.090135, , , , , , , 2.8422692, -0.0310521, , , , , , , 2.8422692, 0.0354162, , , , , , , , , , , , , , , , , , , , , , , , , , , , 
2.8427885, 0.0454871, , , , , , , 2.8427885, -0.0830854, , , , , , , 2.8427885, -0.0256809, , , , , , , 2.8427885, 0.0293736, , , , , , , , , , , , , , , , , , , , , , , , , , , , 
2.8433077, 0.0377661, , , , , , , 2.8433077, -0.0475013, , , , , , , 2.8433077, -0.0229953, , , , , , , 2.8433077, 0.0231632, , , , , , , , , , , , , , , , , , , , , , , , , , , , 
2.8438269, 0.0344091, , , , , , , 2.8438269, -0.012253, , , , , , , 2.8438269, -0.0203098, , , , , , , 2.8438269, 0.01561, , , , , , , , , , , , , , , , , , , , , , , , , , , , 
2.8443462, 0.0454871, , , , , , , 2.8443462, -0.002182, , , , , , , 2.8443462, -0.014435, , , , , , , 2.8443462, 0.0058747, , , , , , , , , , , , , , , , , , , , , , , , , , , , 
2.8448654, 0.0575723, , , , , , , 2.8448654, -0.0176242, , , , , , , 2.8448654, -0.0025177, , , , , , , 2.8448654, -0.0008392, , , , , , , , , , , , , , , , , , , , , , , , , , , , 
2.8453846, 0.0595865, , , , , , , 2.8453846, -0.0293736, , , , , , , 2.8453846, 0.018967, , , , , , , 2.8453846, -0.0035248, , , , , , , , , , , , , , , , , , , , , , , , , , , , 
2.8459038, 0.0558938, , , , , , , 2.8459038, -0.0139315, , , , , , , 2.8459038, 0.0428016, , , , , , , 2.8459038, -0.0038605, , , , , , , , , , , , , , , , , , , , , , , , , , , , 
2.8464231, 0.0481727, , , , , , , 2.8464231, 0.0082246, , , , , , , 2.8464231, 0.0629435, , , , , , , 2.8464231, 0.0023499, , , , , , , , , , , , , , , , , , , , , , , , , , , , 
2.8469423, 0.0384375, , , , , , , 2.8469423, -0.0010071, , , , , , , 2.8469423, 0.0787213, , , , , , , 2.8469423, 0.0078889, , , , , , , , , , , , , , , , , , , , , , , , , , , , 
2.8474615, 0.0280308, , , , , , , 2.8474615, -0.0344091, , , , , , , 2.8474615, 0.0881209, , , , , , , 2.8474615, 0.0085603, , , , , , , , , , , , , , , , , , , , , , , , , , , , 
2.8479808, 0.0152743, , , , , , , 2.8479808, -0.0498512, , , , , , , 2.8479808, 0.0921492, , , , , , , 2.8479808, 0.0065461, , , , , , , , , , , , , , , , , , , , , , , , , , , , 
2.8485, 0.0005035, , , , , , , 2.8485, -0.0297093, , , , , , , 2.8485, 0.0971847, , , , , , , 2.8485, 0.0068818, , , , , , , , , , , , , , , , , , , , , , , , , , , , 
2.8490192, -0.012253, , , , , , , 2.8490192, 0.0057069, , , , , , , 2.8490192, 0.0997024, , , , , , , 2.8490192, 0.0062104, , , , , , , , , , , , , , , , , , , , , , , , , , , , 
2.8495385, -0.0179599, , , , , , , 2.8495385, 0.0219883, , , , , , , 2.8495385, 0.0958419, , , , , , , 2.8495385, 0.002182, , , , , , , , , , , , , , , , , , , , , , , , , , , , 
2.8500577, -0.0246738, , , , , , , 2.8500577, 0.0208133, , , , , , , 2.8500577, 0.0837568, , , , , , , 2.8500577, -0.0008392, , , , , , , , , , , , , , , , , , , , , , , , , , , , 
2.8505769, -0.0339055, , , , , , , 2.8505769, 0.0219883, , , , , , , 2.8505769, 0.0731823, , , , , , , 2.8505769, 0.0015106, , , , , , , , , , , , , , , , , , , , , , , , , , , , 
2.8510962, -0.0417945, , , , , , , 2.8510962, 0.0162814, , , , , , , 2.8510962, 0.0649577, , , , , , , 2.8510962, 0.0062104, , , , , , , , , , , , , , , , , , , , , , , , , , , , 
2.8516154, -0.0471656, , , , , , , 2.8516154, 0.0112459, , , , , , , 2.8516154, 0.0569009, , , , , , , 2.8516154, 0.0099031, , , , , , , , , , , , , , , , , , , , , , , , , , , , 
2.8521346, -0.0552224, , , , , , , 2.8521346, 0.023331, , , , , , , 2.8521346, 0.0454871, , , , , , , 2.8521346, 0.0117494, , , , , , , , , , , , , , , , , , , , , , , , , , , , 
2.8526538, -0.0639506, , , , , , , 2.8526538, 0.0448157, , , , , , , 2.8526538, 0.0303807, , , , , , , 2.8526538, 0.0132601, , , , , , , , , , , , , , , , , , , , , , , , , , , , 
2.8531731, -0.0636149, , , , , , , 2.8531731, 0.0532082, , , , , , , 2.8531731, 0.0159457, , , , , , , 2.8531731, 0.0132601, , , , , , , , , , , , , , , , , , , , , , , , , , , , 
2.8536923, -0.0542153, , , , , , , 2.8536923, 0.0411231, , , , , , , 2.8536923, -0.0008392, , , , , , , 2.8536923, 0.0125887, , , , , , , , , , , , , , , , , , , , , , , , , , , , 
2.8542115, -0.0397803, , , , , , , 2.8542115, 0.0236667, , , , , , , 2.8542115, -0.0142672, , , , , , , 2.8542115, 0.0105745, , , , , , , , , , , , , , , , , , , , , , , , , , , , 
2.8547308, -0.0223239, , , , , , , 2.8547308, 0.0287022, , , , , , , 2.8547308, -0.0193027, , , , , , , 2.8547308, 0.0105745, , , , , , , , , , , , , , , , , , , , , , , , , , , , 
2.85525, -0.0109102, , , , , , , 2.85525, 0.0602579, , , , , , , 2.85525, -0.0186313, , , , , , , 2.85525, 0.0159457, , , , , , , , , , , , , , , , , , , , , , , , , , , , 
2.8557692, -0.0041962, , , , , , , 2.8557692, 0.0666361, , , , , , , 2.8557692, -0.0169528, , , , , , , 2.8557692, 0.0159457, , , , , , , , , , , , , , , , , , , , , , , , , , , , 
2.8562885, 0.0031891, , , , , , , 2.8562885, 0.0350805, , , , , , , 2.8562885, -0.012253, , , , , , , 2.8562885, 0.0092317, , , , , , , , , , , , , , , , , , , , , , , , , , , , 
2.8568077, 0.0085603, , , , , , , 2.8568077, 0.0216526, , , , , , , 2.8568077, -0.0036927, , , , , , , 2.8568077, 0.0025177, , , , , , , , , , , , , , , , , , , , , , , , , , , , 
2.8573269, 0.0078889, , , , , , , 2.8573269, 0.0431373, , , , , , , 2.8573269, 0.0068818, , , , , , , 2.8573269, -0.0005035, , , , , , , , , , , , , , , , , , , , , , , , , , , , 
2.8578462, 0.0031891, , , , , , , 2.8578462, 0.047837, , , , , , , 2.8578462, 0.0090639, , , , , , , 2.8578462, -0.0015106, , , , , , , , , , , , , , , , , , , , , , , , , , , , 
2.8583654, -0.0028534, , , , , , , 2.8583654, 0.0424659, , , , , , , 2.8583654, -0.0008392, , , , , , , 2.8583654, -0.0036927, , , , , , , , , , , , , , , , , , , , , , , , , , , , 
2.8588846, -0.0072175, , , , , , , 2.8588846, 0.0370947, , , , , , , 2.8588846, -0.0102388, , , , , , , 2.8588846, -0.0068818, , , , , , , , , , , , , , , , , , , , , , , , , , , , 
2.8594038, -0.0043641, , , , , , , 2.8594038, 0.0505226, , , , , , , 2.8594038, -0.0129244, , , , , , , 2.8594038, -0.0120851, , , , , , , , , , , , , , , , , , , , , , , , , , , , 
2.8599231, 0.0011749, , , , , , , 2.8599231, 0.0746929, , , , , , , 2.8599231, -0.0135958, , , , , , , 2.8599231, -0.0139315, , , , , , , , , , , , , , , , , , , , , , , , , , , , 
2.8604423, 0.002182, , , , , , , 2.8604423, 0.0592508, , , , , , , 2.8604423, -0.0085603, , , , , , , 2.8604423, -0.0149386, , , , , , , , , , , , , , , , , , , , , , , , , , , , 
2.8609615, 0.002182, , , , , , , 2.8609615, 0.0045319, , , , , , , 2.8609615, -0.0005035, , , , , , , 2.8609615, -0.0117494, , , , , , , , , , , , , , , , , , , , , , , , , , , , 
2.8614808, 0.0068818, , , , , , , 2.8614808, -0.0525368, , , , , , , 2.8614808, 0.0035248, , , , , , , 2.8614808, -0.0073854, , , , , , , , , , , , , , , , , , , , , , , , , , , , 
2.862, 0.0105745, , , , , , , 2.862, -0.0918135, , , , , , , 2.862, -0.0025177, , , , , , , 2.862, -0.0030213, , , , , , , , , , , , , , , , , , , , , , , , , , , , 
2.8625192, 0.0095674, , , , , , , 2.8625192, -0.0924849, , , , , , , 2.8625192, -0.0223239, , , , , , , 2.8625192, 0.0020142, , , , , , , , , , , , , , , , , , , , , , , , , , , , 
2.8630385, 0.0097353, , , , , , , 2.8630385, -0.0941634, , , , , , , 2.8630385, -0.0486763, , , , , , , 2.8630385, 0.0072175, , , , , , , , , , , , , , , , , , , , , , , , , , , , 
2.8635577, 0.0159457, , , , , , , 2.8635577, -0.1488823, , , , , , , 2.8635577, -0.0787213, , , , , , , 2.8635577, 0.0092317, , , , , , , , , , , , , , , , , , , , , , , , , , , , 
2.8640769, 0.0248417, , , , , , , 2.8640769, -0.2314641, , , , , , , 2.8640769, -0.0975204, , , , , , , 2.8640769, 0.0065461, , , , , , , , , , , , , , , , , , , , , , , , , , , , 
2.8645962, 0.0313878, , , , , , , 2.8645962, -0.2670481, , , , , , , 2.8645962, -0.0931563, , , , , , , 2.8645962, 0.0045319, , , , , , , , , , , , , , , , , , , , , , , , , , , , 
2.8651154, 0.0344091, , , , , , , 2.8651154, -0.2505989, , , , , , , 2.8651154, -0.0706645, , , , , , , 2.8651154, -0.0001678, , , , , , , , , , , , , , , , , , , , , , , , , , , , 
2.8656346, 0.040116, , , , , , , 2.8656346, -0.2274357, , , , , , , 2.8656346, -0.0379339, , , , , , , 2.8656346, -0.0109102, , , , , , , , , , , , , , , , , , , , , , , , , , , , 
2.8661538, 0.0495155, , , , , , , 2.8661538, -0.2042725, , , , , , , 2.8661538, -0.0095674, , , , , , , 2.8661538, -0.0199741, , , , , , , , , , , , , , , , , , , , , , , , , , , , 
2.8666731, 0.0592508, , , , , , , 2.8666731, -0.1488823, , , , , , , 2.8666731, 0.0099031, , , , , , , 2.8666731, -0.0243381, , , , , , , , , , , , , , , , , , , , , , , , , , , , 
2.8671923, 0.0622721, , , , , , , 2.8671923, -0.0525368, , , , , , , 2.8671923, 0.0219883, , , , , , , 2.8671923, -0.0280308, , , , , , , , , , , , , , , , , , , , , , , , , , , , 
2.8677115, 0.0605936, , , , , , , 2.8677115, 0.0451514, , , , , , , 2.8677115, 0.0283665, , , , , , , 2.8677115, -0.0283665, , , , , , , , , , , , , , , , , , , , , , , , , , , , 
2.8682308, 0.0592508, , , , , , , 2.8682308, 0.0995346, , , , , , , 2.8682308, 0.0310521, , , , , , , 2.8682308, -0.0253452, , , , , , , , , , , , , , , , , , , , , , , , , , , , 
2.86875, 0.0535439, , , , , , , 2.86875, 0.0931563, , , , , , , 2.86875, 0.0307164, , , , , , , 2.86875, -0.0198062, , , , , , , , , , , , , , , , , , , , , , , , , , , , 
2.8692692, 0.0441444, , , , , , , 2.8692692, 0.0708324, , , , , , , 2.8692692, 0.0258488, , , , , , , 2.8692692, -0.0112459, , , , , , , , , , , , , , , , , , , , , , , , , , , , 
2.8697885, 0.0313878, , , , , , , 2.8697885, 0.0535439, , , , , , , 2.8697885, 0.0105745, , , , , , , 2.8697885, -0.0010071, , , , , , , , , , , , , , , , , , , , , , , , , , , , 
2.8703077, 0.014435, , , , , , , 2.8703077, 0.033402, , , , , , , 2.8703077, -0.012253, , , , , , , 2.8703077, 0.0077211, , , , , , , , , , , , , , , , , , , , , , , , , , , , 
2.8708269, -0.0015106, , , , , , , 2.8708269, 0.0229953, , , , , , , 2.8708269, -0.0297093, , , , , , , 2.8708269, 0.0132601, , , , , , , , , , , , , , , , , , , , , , , , , , , , 
2.8713462, -0.0171206, , , , , , , 2.8713462, 0.0310521, , , , , , , 2.8713462, -0.0377661, , , , , , , 2.8713462, 0.0199741, , , , , , , , , , , , , , , , , , , , , , , , , , , , 
2.8718654, -0.0285344, , , , , , , 2.8718654, 0.0441444, , , , , , , 2.8718654, -0.0387732, , , , , , , 2.8718654, 0.0273594, , , , , , , , , , , , , , , , , , , , , , , , , , , , 
2.8723846, -0.033402, , , , , , , 2.8723846, 0.0501869, , , , , , , 2.8723846, -0.0397803, , , , , , , 2.8723846, 0.0313878, , , , , , , , , , , , , , , , , , , , , , , , , , , , 
2.8729038, -0.0364233, , , , , , , 2.8729038, 0.0582437, , , , , , , 2.8729038, -0.0411231, , , , , , , 2.8729038, 0.0337377, , , , , , , , , , , , , , , , , , , , , , , , , , , , 
2.8734231, -0.0384375, , , , , , , 2.8734231, 0.073518, , , , , , , 2.8734231, -0.0270237, , , , , , , 2.8734231, 0.0372625, , , , , , , , , , , , , , , , , , , , , , , , , , , , 
2.8739423, -0.0307164, , , , , , , 2.8739423, 0.0663005, , , , , , , 2.8739423, 0.0025177, , , , , , , 2.8739423, 0.040116, , , , , , , , , , , , , , , , , , , , , , , , , , , , 
2.8744615, -0.0179599, , , , , , , 2.8744615, 0.0339055, , , , , , , 2.8744615, 0.0260166, , , , , , , 2.8744615, 0.0421302, , , , , , , , , , , , , , , , , , , , , , , , , , , , 
2.8749808, -0.0082246, , , , , , , 2.8749808, 0.0166171, , , , , , , 2.8749808, 0.0307164, , , , , , , 2.8749808, 0.0475013, , , , , , , , , , , , , , , , , , , , , , , , , , , , 
2.8755, 0.0011749, , , , , , , 2.8755, 0.0146029, , , , , , , 2.8755, 0.0218204, , , , , , , 2.8755, 0.054551, , , , , , , , , , , , , , , , , , , , , , , , , , , , 
2.8760192, 0.0102388, , , , , , , 2.8760192, 0.0070497, , , , , , , 2.8760192, 0.0146029, , , , , , , 2.8760192, 0.0619364, , , , , , , , , , , , , , , , , , , , , , , , , , , , 
2.8765385, 0.0172885, , , , , , , 2.8765385, 0.008896, , , , , , , 2.8765385, 0.0182956, , , , , , , 2.8765385, 0.0679789, , , , , , , , , , , , , , , , , , , , , , , , , , , , 
2.8770577, 0.0213169, , , , , , , 2.8770577, 0.0263523, , , , , , , 2.8770577, 0.0236667, , , , , , , 2.8770577, 0.068986, , , , , , , , , , , , , , , , , , , , , , , , , , , , 
2.8775769, 0.0246738, , , , , , , 2.8775769, 0.0354162, , , , , , , 2.8775769, 0.0229953, , , , , , , 2.8775769, 0.0641184, , , , , , , , , , , , , , , , , , , , , , , , , , , , 
2.8780962, 0.0313878, , , , , , , 2.8780962, 0.0451514, , , , , , , 2.8780962, 0.0146029, , , , , , , 2.8780962, 0.0548867, , , , , , , , , , , , , , , , , , , , , , , , , , , , 
2.8786154, 0.0392767, , , , , , , 2.8786154, 0.0647898, , , , , , , 2.8786154, -0.002182, , , , , , , 2.8786154, 0.0438087, , , , , , , , , , , , , , , , , , , , , , , , , , , , 
2.8791346, 0.043473, , , , , , , 2.8791346, 0.0830854, , , , , , , 2.8791346, -0.0221561, , , , , , , 2.8791346, 0.0327306, , , , , , , , , , , , , , , , , , , , , , , , , , , , 
2.8796538, 0.043473, , , , , , , 2.8796538, 0.0814069, , , , , , , 2.8796538, -0.0406195, , , , , , , 2.8796538, 0.0219883, , , , , , , , , , , , , , , , , , , , , , , , , , , , 
2.8801731, 0.0414588, , , , , , , 2.8801731, 0.0669718, , , , , , , 2.8801731, -0.0595865, , , , , , , 2.8801731, 0.0151064, , , , , , , , , , , , , , , , , , , , , , , , , , , , 
2.8806923, 0.0421302, , , , , , , 2.8806923, 0.0433051, , , , , , , 2.8806923, -0.082414, , , , , , , 2.8806923, 0.0117494, , , , , , , , , , , , , , , , , , , , , , , , , , , , 
2.8812115, 0.0428016, , , , , , , 2.8812115, 0.0011749, , , , , , , 2.8812115, -0.1070878, , , , , , , 2.8812115, 0.008896, , , , , , , , , , , , , , , , , , , , , , , , , , , , 
2.8817308, 0.040116, , , , , , , 2.8817308, -0.0605936, , , , , , , 2.8817308, -0.1294118, , , , , , , 2.8817308, 0.0072175, , , , , , , , , , , , , , , , , , , , , , , , , , , , 
2.88225, 0.0411231, , , , , , , 2.88225, -0.1143053, , , , , , , 2.88225, -0.1404898, , , , , , , 2.88225, 0.0058747, , , , , , , , , , , , , , , , , , , , , , , , , , , , 
2.8827692, 0.0431373, , , , , , , 2.8827692, -0.1114519, , , , , , , 2.8827692, -0.1421683, , , , , , , 2.8827692, 0.0048676, , , , , , , , , , , , , , , , , , , , , , , , , , , , 
2.8832885, 0.0488441, , , , , , , 2.8832885, -0.0542153, , , , , , , 2.8832885, -0.1411612, , , , , , , 2.8832885, 0.0062104, , , , , , , , , , , , , , , , , , , , , , , , , , , , 
2.8838077, 0.0528725, , , , , , , 2.8838077, -0.0236667, , , , , , , 2.8838077, -0.1398184, , , , , , , 2.8838077, 0.0082246, , , , , , , , , , , , , , , , , , , , , , , , , , , , 
2.8843269, 0.0582437, , , , , , , 2.8843269, -0.0448157, , , , , , , 2.8843269, -0.1341115, , , , , , , 2.8843269, 0.0135958, , , , , , , , , , , , , , , , , , , , , , , , , , , , 
2.8848462, 0.0605936, , , , , , , 2.8848462, -0.0555581, , , , , , , 2.8848462, -0.1201801, , , , , , , 2.8848462, 0.0236667, , , , , , , , , , , , , , , , , , , , , , , , , , , , 
2.8853654, 0.0582437, , , , , , , 2.8853654, -0.0327306, , , , , , , 2.8853654, -0.0981918, , , , , , , 2.8853654, 0.0330663, , , , , , , , , , , , , , , , , , , , , , , , , , , , 
2.8858846, 0.0505226, , , , , , , 2.8858846, -0.0048676, , , , , , , 2.8858846, -0.0694896, , , , , , , 2.8858846, 0.0377661, , , , , , , , , , , , , , , , , , , , , , , , , , , , 
2.8864038, 0.0433051, , , , , , , 2.8864038, 0.0005035, , , , , , , 2.8864038, -0.0384375, , , , , , , 2.8864038, 0.0381018, , , , , , , , , , , , , , , , , , , , , , , , , , , , 
2.8869231, 0.0407874, , , , , , , 2.8869231, -0.0129244, , , , , , , 2.8869231, -0.0099031, , , , , , , 2.8869231, 0.0357519, , , , , , , , , , , , , , , , , , , , , , , , , , , , 
2.8874423, 0.0369268, , , , , , , 2.8874423, -0.0135958, , , , , , , 2.8874423, 0.0149386, , , , , , , 2.8874423, 0.0330663, , , , , , , , , , , , , , , , , , , , , , , , , , , , 
2.8879615, 0.0246738, , , , , , , 2.8879615, 0.0146029, , , , , , , 2.8879615, 0.0392767, , , , , , , 2.8879615, 0.0280308, , , , , , , , , , , , , , , , , , , , , , , , , , , , 
2.8884808, 0.0129244, , , , , , , 2.8884808, 0.0491798, , , , , , , 2.8884808, 0.0589151, , , , , , , 2.8884808, 0.0209812, , , , , , , , , , , , , , , , , , , , , , , , , , , , 
2.889, 0.005539, , , , , , , 2.889, 0.0753643, , , , , , , 2.889, 0.068986, , , , , , , 2.889, 0.0172885, , , , , , , , , , , , , , , , , , , , , , , , , , , , 
2.8895192, -0.0011749, , , , , , , 2.8895192, 0.0666361, , , , , , , 2.8895192, 0.0783856, , , , , , , 2.8895192, 0.0176242, , , , , , , , , , , , , , , , , , , , , , , , , , , , 
2.8900385, -0.0062104, , , , , , , 2.8900385, 0.0179599, , , , , , , 2.8900385, 0.1003738, , , , , , , 2.8900385, 0.0172885, , , , , , , , , , , , , , , , , , , , , , , , , , , , 
2.8905577, -0.0124208, , , , , , , 2.8905577, -0.0283665, , , , , , , 2.8905577, 0.1455253, , , , , , , 2.8905577, 0.0176242, , , , , , , , , , , , , , , , , , , , , , , , , , , , 
2.8910769, -0.0203098, , , , , , , 2.8910769, -0.0431373, , , , , , , 2.8910769, 0.188159, , , , , , , 2.8910769, 0.0179599, , , , , , , , , , , , , , , , , , , , , , , , , , , , 
2.8915962, -0.026688, , , , , , , 2.8915962, -0.0344091, , , , , , , 2.8915962, 0.205951, , , , , , , 2.8915962, 0.0209812, , , , , , , , , , , , , , , , , , , , , , , , , , , , 
2.8921154, -0.0270237, , , , , , , 2.8921154, -0.0135958, , , , , , , 2.8921154, 0.2017548, , , , , , , 2.8921154, 0.0213169, , , , , , , , , , , , , , , , , , , , , , , , , , , , 
2.8926346, -0.0256809, , , , , , , 2.8926346, 0.0125887, , , , , , , 2.8926346, 0.1891661, , , , , , , 2.8926346, 0.0209812, , , , , , , , , , , , , , , , , , , , , , , , , , , , 
2.8931538, -0.0258488, , , , , , , 2.8931538, 0.0466621, , , , , , , 2.8931538, 0.1730526, , , , , , , 2.8931538, 0.0213169, , , , , , , , , , , , , , , , , , , , , , , , , , , , 
2.8936731, -0.0209812, , , , , , , 2.8936731, 0.0609293, , , , , , , 2.8936731, 0.1495537, , , , , , , 2.8936731, 0.0186313, , , , , , , , , , , , , , , , , , , , , , , , , , , , 
2.8941923, -0.0112459, , , , , , , 2.8941923, 0.0426337, , , , , , , 2.8941923, 0.1156481, , , , , , , 2.8941923, 0.0125887, , , , , , , , , , , , , , , , , , , , , , , , , , , , 
2.8947115, 0.0038605, , , , , , , 2.8947115, -0.0035248, , , , , , , 2.8947115, 0.0703288, , , , , , , 2.8947115, 0.0078889, , , , , , , , , , , , , , , , , , , , , , , , , , , , 
2.8952308, 0.0256809, , , , , , , 2.8952308, -0.0800641, , , , , , , 2.8952308, 0.0219883, , , , , , , 2.8952308, 0.0018463, , , , , , , , , , , , , , , , , , , , , , , , , , , , 
2.89575, 0.0441444, , , , , , , 2.89575, -0.1334401, , , , , , , 2.89575, -0.0250095, , , , , , , 2.89575, -0.0052033, , , , , , , , , , , , , , , , , , , , , , , , , , , , 
2.8962692, 0.0528725, , , , , , , 2.8962692, -0.1226978, , , , , , , 2.8962692, -0.0696574, , , , , , , 2.8962692, -0.0090639, , , , , , , , , , , , , , , , , , , , , , , , , , , , 
2.8967885, 0.0622721, , , , , , , 2.8967885, -0.0840925, , , , , , , 2.8967885, -0.1030594, , , , , , , 2.8967885, -0.0139315, , , , , , , , , , , , , , , , , , , , , , , , , , , , 
2.8973077, 0.0664683, , , , , , , 2.8973077, -0.0501869, , , , , , , 2.8973077, -0.1250477, , , , , , , 2.8973077, -0.0208133, , , , , , , , , , , , , , , , , , , , , , , , , , , , 
2.8978269, 0.0622721, , , , , , , 2.8978269, -0.0196384, , , , , , , 2.8978269, -0.1465324, , , , , , , 2.8978269, -0.0253452, , , , , , , , , , , , , , , , , , , , , , , , , , , , 
2.8983462, 0.0575723, , , , , , , 2.8983462, 0.0072175, , , , , , , 2.8983462, -0.1683528, , , , , , , 2.8983462, -0.0283665, , , , , , , , , , , , , , , , , , , , , , , , , , , , 
2.8988654, 0.0555581, , , , , , , 2.8988654, 0.0198062, , , , , , , 2.8988654, -0.1787594, , , , , , , 2.8988654, -0.033402, , , , , , , , , , , , , , , , , , , , , , , , , , , , 
2.8993846, 0.0501869, , , , , , , 2.8993846, 0.014435, , , , , , , 2.8993846, -0.181445, , , , , , , 2.8993846, -0.0370947, , , , , , , , , , , , , , , , , , , , , , , , , , , , 
2.8999038, 0.0431373, , , , , , , 2.8999038, 0.0011749, , , , , , , 2.8999038, -0.1824521, , , , , , , 2.8999038, -0.0360876, , , , , , , , , , , , , , , , , , , , , , , , , , , , 
2.9004231, 0.0438087, , , , , , , 2.9004231, -0.0226596, , , , , , , 2.9004231, -0.1787594, , , , , , , 2.9004231, -0.0310521, , , , , , , , , , , , , , , , , , , , , , , , , , , , 
2.9009423, 0.0464942, , , , , , , 2.9009423, -0.061265, , , , , , , 2.9009423, -0.1592889, , , , , , , 2.9009423, -0.0223239, , , , , , , , , , , , , , , , , , , , , , , , , , , , 
2.9014615, 0.0441444, , , , , , , 2.9014615, -0.0948348, , , , , , , 2.9014615, -0.1297475, , , , , , , 2.9014615, -0.0139315, , , , , , , , , , , , , , , , , , , , , , , , , , , , 
2.9019808, 0.0428016, , , , , , , 2.9019808, -0.1025559, , , , , , , 2.9019808, -0.1008774, , , , , , , 2.9019808, -0.0095674, , , , , , , , , , , , , , , , , , , , , , , , , , , , 
2.9025, 0.0414588, , , , , , , 2.9025, -0.1075914, , , , , , , 2.9025, -0.0800641, , , , , , , 2.9025, -0.0065461, , , , , , , , , , , , , , , , , , , , , , , , , , , , 
2.9030192, 0.0381018, , , , , , , 2.9030192, -0.1106126, , , , , , , 2.9030192, -0.0642863, , , , , , , 2.9030192, -0.0018463, , , , , , , , , , , , , , , , , , , , , , , , , , , , 
2.9035385, 0.0391089, , , , , , , 2.9035385, -0.0780499, , , , , , , 2.9035385, -0.0505226, , , , , , , 2.9035385, 0.002182, , , , , , , , , , , , , , , , , , , , , , , , , , , , 
2.9040577, 0.0454871, , , , , , , 2.9040577, -0.0048676, , , , , , , 2.9040577, -0.0315557, , , , , , , 2.9040577, 0.0052033, , , , , , , , , , , , , , , , , , , , , , , , , , , , 
2.9045769, 0.0548867, , , , , , , 2.9045769, 0.0407874, , , , , , , 2.9045769, -0.0052033, , , , , , , 2.9045769, 0.0104067, , , , , , , , , , , , , , , , , , , , , , , , , , , , 
2.9050962, 0.0589151, , , , , , , 2.9050962, 0.0532082, , , , , , , 2.9050962, 0.0209812, , , , , , , 2.9050962, 0.0182956, , , , , , , , , , , , , , , , , , , , , , , , , , , , 
2.9056154, 0.0572366, , , , , , , 2.9056154, 0.0881209, , , , , , , 2.9056154, 0.0417945, , , , , , , 2.9056154, 0.0297093, , , , , , , , , , , , , , , , , , , , , , , , , , , , 
2.9061346, 0.0614328, , , , , , , 2.9061346, 0.1096056, , , , , , , 2.9061346, 0.0595865, , , , , , , 2.9061346, 0.0451514, , , , , , , , , , , , , , , , , , , , , , , , , , , , 
2.9066538, 0.0609293, , , , , , , 2.9066538, 0.0803998, , , , , , , 2.9066538, 0.0750286, , , , , , , 2.9066538, 0.0582437, , , , , , , , , , , , , , , , , , , , , , , , , , , , 
2.9071731, 0.0454871, , , , , , , 2.9071731, 0.0052033, , , , , , , 2.9071731, 0.0837568, , , , , , , 2.9071731, 0.0636149, , , , , , , , , , , , , , , , , , , , , , , , , , , , 
2.9076923, 0.0253452, , , , , , , 2.9076923, -0.0760357, , , , , , , 2.9076923, 0.0834211, , , , , , , 2.9076923, 0.0595865, , , , , , , , , , , , , , , , , , , , , , , , , , , , 
2.9082115, 0.0092317, , , , , , , 2.9082115, -0.1163195, , , , , , , 2.9082115, 0.0760357, , , , , , , 2.9082115, 0.0508583, , , , , , , , , , , , , , , , , , , , , , , , , , , , 
2.9087308, -0.0025177, , , , , , , 2.9087308, -0.1183337, , , , , , , 2.9087308, 0.0683146, , , , , , , 2.9087308, 0.043473, , , , , , , , , , , , , , , , , , , , , , , , , , , , 
2.90925, -0.012253, , , , , , , 2.90925, -0.1079271, , , , , , , 2.90925, 0.0720073, , , , , , , 2.90925, 0.0414588, , , , , , , , , , , , , , , , , , , , , , , , , , , , 
2.9097692, -0.0219883, , , , , , , 2.9097692, -0.0800641, , , , , , , 2.9097692, 0.0770428, , , , , , , 2.9097692, 0.0417945, , , , , , , , , , , , , , , , , , , , , , , , , , , , 
2.9102885, -0.0287022, , , , , , , 2.9102885, -0.064622, , , , , , , 2.9102885, 0.0730144, , , , , , , 2.9102885, 0.0374304, , , , , , , , , , , , , , , , , , , , , , , , , , , , 
2.9108077, -0.0441444, , , , , , , 2.9108077, -0.0788891, , , , , , , 2.9108077, 0.061265, , , , , , , 2.9108077, 0.0307164, , , , , , , , , , , , , , , , , , , , , , , , , , , , 
2.9113269, -0.061265, , , , , , , 2.9113269, -0.1008774, , , , , , , 2.9113269, 0.0498512, , , , , , , 2.9113269, 0.0258488, , , , , , , , , , , , , , , , , , , , , , , , , , , , 
2.9118462, -0.0710002, , , , , , , 2.9118462, -0.110277, , , , , , , 2.9118462, 0.0397803, , , , , , , 2.9118462, 0.0206455, , , , , , , , , , , , , , , , , , , , , , , , , , , , 
2.9123654, -0.0730144, , , , , , , 2.9123654, -0.1062486, , , , , , , 2.9123654, 0.0303807, , , , , , , 2.9123654, 0.0149386, , , , , , , , , , , , , , , , , , , , , , , , , , , , 
2.9128846, -0.0721752, , , , , , , 2.9128846, -0.0491798, , , , , , , 2.9128846, 0.0226596, , , , , , , 2.9128846, 0.0119173, , , , , , , , , , , , , , , , , , , , , , , , , , , , 
2.9134038, -0.0716716, , , , , , , 2.9134038, 0.0446479, , , , , , , 2.9134038, 0.0193027, , , , , , , 2.9134038, 0.0109102, , , , , , , , , , , , , , , , , , , , , , , , , , , , 
2.9139231, -0.0679789, , , , , , , 2.9139231, 0.090135, , , , , , , 2.9139231, 0.0213169, , , , , , , 2.9139231, 0.0085603, , , , , , , , , , , , , , , , , , , , , , , , , , , , 
2.9144423, -0.0587472, , , , , , , 2.9144423, 0.0770428, , , , , , , 2.9144423, 0.0320592, , , , , , , 2.9144423, 0.0045319, , , , , , , , , , , , , , , , , , , , , , , , , , , , 
2.9149615, -0.0458228, , , , , , , 2.9149615, 0.0471656, , , , , , , 2.9149615, 0.0441444, , , , , , , 2.9149615, -0.0001678, , , , , , , , , , , , , , , , , , , , , , , , , , , , 
2.9154808, -0.0317235, , , , , , , 2.9154808, 0.0384375, , , , , , , 2.9154808, 0.0525368, , , , , , , 2.9154808, -0.0046998, , , , , , , , , , , , , , , , , , , , , , , , , , , , 
2.916, -0.0203098, , , , , , , 2.916, 0.0495155, , , , , , , 2.916, 0.0652934, , , , , , , 2.916, -0.0065461, , , , , , , , , , , , , , , , , , , , , , , , , , , , 
2.9165192, -0.0102388, , , , , , , 2.9165192, 0.0609293, , , , , , , 2.9165192, 0.0862745, , , , , , , 2.9165192, -0.0048676, , , , , , , , , , , , , , , , , , , , , , , , , , , , 
2.9170385, -0.0018463, , , , , , , 2.9170385, 0.0861067, , , , , , , 2.9170385, 0.1059129, , , , , , , 2.9170385, -0.0008392, , , , , , , , , , , , , , , , , , , , , , , , , , , , 
2.9175577, 0.0104067, , , , , , , 2.9175577, 0.1299153, , , , , , , 2.9175577, 0.1139696, , , , , , , 2.9175577, -0.0015106, , , , , , , , , , , , , , , , , , , , , , , , , , , , 
2.9180769, 0.023331, , , , , , , 2.9180769, 0.1606317, , , , , , , 2.9180769, 0.1119554, , , , , , , 2.9180769, -0.0062104, , , , , , , , , , , , , , , , , , , , , , , , , , , , 
2.9185962, 0.0287022, , , , , , , 2.9185962, 0.160296, , , , , , , 2.9185962, 0.1038987, , , , , , , 2.9185962, -0.0125887, , , , , , , , , , , , , , , , , , , , , , , , , , , , 
2.9191154, 0.0263523, , , , , , , 2.9191154, 0.1508965, , , , , , , 2.9191154, 0.0923171, , , , , , , 2.9191154, -0.0176242, , , , , , , , , , , , , , , , , , , , , , , , , , , , 
2.9196346, 0.0226596, , , , , , , 2.9196346, 0.1252155, , , , , , , 2.9196346, 0.0787213, , , , , , , 2.9196346, -0.018967, , , , , , , , , , , , , , , , , , , , , , , , , , , , 
2.9201538, 0.0171206, , , , , , , 2.9201538, 0.0810712, , , , , , , 2.9201538, 0.0548867, , , , , , , 2.9201538, -0.0213169, , , , , , , , , , , , , , , , , , , , , , , , , , , , 
2.9206731, 0.0124208, , , , , , , 2.9206731, 0.030045, , , , , , , 2.9206731, 0.0142672, , , , , , , 2.9206731, -0.0226596, , , , , , , , , , , , , , , , , , , , , , , , , , , , 
2.9211923, -0.0209812, , , , , , , 2.9211923, -0.0036927, , , , , , , 2.9211923, -0.0359197, , , , , , , 2.9211923, -0.0221561, , , , , , , , , , , , , , , , , , , , , , , , , , , , 
2.9217115, -0.1156481, , , , , , , 2.9217115, -0.0251774, , , , , , , 2.9217115, -0.0877852, , , , , , , 2.9217115, -0.0203098, , , , , , , , , , , , , , , , , , , , , , , , , , , , 
2.9222308, -0.156939, , , , , , , 2.9222308, -0.04448, , , , , , , 2.9222308, -0.1324331, , , , , , , 2.9222308, -0.0193027, , , , , , , , , , , , , , , , , , , , , , , , , , , , 
2.92275, -0.1216907, , , , , , , 2.92275, -0.0459907, , , , , , , 2.92275, -0.1592889, , , , , , , 2.92275, -0.0206455, , , , , , , , , , , , , , , , , , , , , , , , , , , , 
2.9232692, -0.0767071, , , , , , , 2.9232692, -0.0198062, , , , , , , 2.9232692, -0.1754025, , , , , , , 2.9232692, -0.0199741, , , , , , , , , , , , , , , , , , , , , , , , , , , , 
2.9237885, -0.0485084, , , , , , , 2.9237885, 0.0015106, , , , , , , 2.9237885, -0.1871519, , , , , , , 2.9237885, -0.018967, , , , , , , , , , , , , , , , , , , , , , , , , , , , 
2.9243077, -0.0216526, , , , , , , 2.9243077, -0.0146029, , , , , , , 2.9243077, -0.1895018, , , , , , , 2.9243077, -0.018967, , , , , , , , , , , , , , , , , , , , , , , , , , , , 
2.9248269, 0.0092317, , , , , , , 2.9248269, -0.054551, , , , , , , 2.9248269, -0.1844663, , , , , , , 2.9248269, -0.0203098, , , , , , , , , , , , , , , , , , , , , , , , , , , , 
2.9253462, 0.0352483, , , , , , , 2.9253462, -0.0881209, , , , , , , 2.9253462, -0.1807736, , , , , , , 2.9253462, -0.0199741, , , , , , , , , , , , , , , , , , , , , , , , , , , , 
2.9258654, 0.0533761, , , , , , , 2.9258654, -0.0983597, , , , , , , 2.9258654, -0.1795987, , , , , , , 2.9258654, -0.0169528, , , , , , , , , , , , , , , , , , , , , , , , , , , , 
2.9263846, 0.0597543, , , , , , , 2.9263846, -0.0881209, , , , , , , 2.9263846, -0.1700313, , , , , , , 2.9263846, -0.0099031, , , , , , , , , , , , , , , , , , , , , , , , , , , , 
2.9269038, 0.0575723, , , , , , , 2.9269038, -0.0726787, , , , , , , 2.9269038, -0.1488823, , , , , , , 2.9269038, 0.003357, , , , , , , , , , , , , , , , , , , , , , , , , , , , 
2.9274231, 0.0538796, , , , , , , 2.9274231, -0.0495155, , , , , , , 2.9274231, -0.1272297, , , , , , , 2.9274231, 0.0186313, , , , , , , , , , , , , , , , , , , , , , , , , , , , 
2.9279423, 0.0428016, , , , , , , 2.9279423, -0.0050355, , , , , , , 2.9279423, -0.110277, , , , , , , 2.9279423, 0.0290379, , , , , , , , , , , , , , , , , , , , , , , , , , , , 
2.9284615, 0.033402, , , , , , , 2.9284615, 0.0454871, , , , , , , 2.9284615, -0.0944991, , , , , , , 2.9284615, 0.0340734, , , , , , , , , , , , , , , , , , , , , , , , , , , , 
2.9289808, 0.0315557, , , , , , , 2.9289808, 0.079057, , , , , , , 2.9289808, -0.0736858, , , , , , , 2.9289808, 0.0387732, , , , , , , , , , , , , , , , , , , , , , , , , , , , 
2.9295, 0.0303807, , , , , , , 2.9295, 0.0965133, , , , , , , 2.9295, -0.0458228, , , , , , , 2.9295, 0.0441444, , , , , , , , , , , , , , , , , , , , , , , , , , , , 
2.9300192, 0.0223239, , , , , , , 2.9300192, 0.096849, , , , , , , 2.9300192, -0.0135958, , , , , , , 2.9300192, 0.0481727, , , , , , , , , , , , , , , , , , , , , , , , , , , , 
2.9305385, 0.0104067, , , , , , , 2.9305385, 0.0829175, , , , , , , 2.9305385, 0.0198062, , , , , , , 2.9305385, 0.0548867, , , , , , , , , , , , , , , , , , , , , , , , , , , , 
2.9310577, -0.0001678, , , , , , , 2.9310577, 0.0763714, , , , , , , 2.9310577, 0.0439765, , , , , , , 2.9310577, 0.0602579, , , , , , , , , , , , , , , , , , , , , , , , , , , , 
2.9315769, -0.0038605, , , , , , , 2.9315769, 0.0777142, , , , , , , 2.9315769, 0.0555581, , , , , , , 2.9315769, 0.0592508, , , , , , , , , , , , , , , , , , , , , , , , , , , , 
2.9320962, -0.0031891, , , , , , , 2.9320962, 0.068986, , , , , , , 2.9320962, 0.0582437, , , , , , , 2.9320962, 0.0528725, , , , , , , , , , , , , , , , , , , , , , , , , , , , 
2.9326154, -0.0035248, , , , , , , 2.9326154, 0.0475013, , , , , , , 2.9326154, 0.0570687, , , , , , , 2.9326154, 0.0518654, , , , , , , , , , , , , , , , , , , , , , , , , , , , 
2.9331346, -0.0038605, , , , , , , 2.9331346, 0.0360876, , , , , , , 2.9331346, 0.0552224, , , , , , , 2.9331346, 0.0542153, , , , , , , , , , , , , , , , , , , , , , , , , , , , 
2.9336538, -0.002182, , , , , , , 2.9336538, 0.0370947, , , , , , , 2.9336538, 0.0548867, , , , , , , 2.9336538, 0.0538796, , , , , , , , , , , , , , , , , , , , , , , , , , , , 
2.9341731, 0.002182, , , , , , , 2.9341731, 0.0397803, , , , , , , 2.9341731, 0.0562295, , , , , , , 2.9341731, 0.0515297, , , , , , , , , , , , , , , , , , , , , , , , , , , , 
2.9346923, 0.0132601, , , , , , , 2.9346923, 0.023331, , , , , , , 2.9346923, 0.0516976, , , , , , , 2.9346923, 0.0441444, , , , , , , , , , , , , , , , , , , , , , , , , , , , 
2.9352115, 0.0263523, , , , , , , 2.9352115, -0.0092317, , , , , , , 2.9352115, 0.0414588, , , , , , , 2.9352115, 0.033402, , , , , , , , , , , , , , , , , , , , , , , , , , , , 
2.9357308, 0.0406195, , , , , , , 2.9357308, -0.0236667, , , , , , , 2.9357308, 0.0339055, , , , , , , 2.9357308, 0.026688, , , , , , , , , , , , , , , , , , , , , , , , , , , , 
2.93625, 0.0562295, , , , , , , 2.93625, -0.0109102, , , , , , , 2.93625, 0.0330663, , , , , , , 2.93625, 0.0256809, , , , , , , , , , , , , , , , , , , , , , , , , , , , 
2.9367692, 0.0669718, , , , , , , 2.9367692, -0.0191348, , , , , , , 2.9367692, 0.0350805, , , , , , , 2.9367692, 0.0216526, , , , , , , , , , , , , , , , , , , , , , , , , , , , 
2.9372885, 0.0753643, , , , , , , 2.9372885, -0.0928206, , , , , , , 2.9372885, 0.0374304, , , , , , , 2.9372885, 0.0115816, , , , , , , , , , , , , , , , , , , , , , , , , , , , 
2.9378077, 0.0740215, , , , , , , 2.9378077, -0.2056153, , , , , , , 2.9378077, 0.0414588, , , , , , , 2.9378077, 0.0038605, , , , , , , , , , , , , , , , , , , , , , , , , , , , 
2.9383269, 0.0696574, , , , , , , 2.9383269, -0.279469, , , , , , , 2.9383269, 0.0464942, , , , , , , 2.9383269, 0.0011749, , , , , , , , , , , , , , , , , , , , , , , , , , , , 
2.9388462, 0.0683146, , , , , , , 2.9388462, -0.2888685, , , , , , , 2.9388462, 0.0558938, , , , , , , 2.9388462, 0.0031891, , , , , , , , , , , , , , , , , , , , , , , , , , , , 
2.9393654, 0.0639506, , , , , , , 2.9393654, -0.2630198, , , , , , , 2.9393654, 0.0710002, , , , , , , 2.9393654, 0.0052033, , , , , , , , , , , , , , , , , , , , , , , , , , , , 
2.9398846, 0.0584115, , , , , , , 2.9398846, -0.2009155, , , , , , , 2.9398846, 0.0797284, , , , , , , 2.9398846, 0.0018463, , , , , , , , , , , , , , , , , , , , , , , , , , , , 
2.9404038, 0.0553902, , , , , , , 2.9404038, -0.1252155, , , , , , , 2.9404038, 0.0743572, , , , , , , 2.9404038, -0.0052033, , , , , , , , , , , , , , , , , , , , , , , , , , , , 
2.9409231, 0.0538796, , , , , , , 2.9409231, -0.0864424, , , , , , , 2.9409231, 0.06009, , , , , , , 2.9409231, -0.008896, , , , , , , , , , , , , , , , , , , , , , , , , , , , 
2.9414423, 0.0548867, , , , , , , 2.9414423, -0.0760357, , , , , , , 2.9414423, 0.0421302, , , , , , , 2.9414423, -0.0082246, , , , , , , , , , , , , , , , , , , , , , , , , , , , 
2.9419615, 0.0592508, , , , , , , 2.9419615, -0.0540475, , , , , , , 2.9419615, 0.0283665, , , , , , , 2.9419615, -0.0075532, , , , , , , , , , , , , , , , , , , , , , , , , , , , 
2.9424808, 0.0626078, , , , , , , 2.9424808, -0.0142672, , , , , , , 2.9424808, 0.0209812, , , , , , , 2.9424808, -0.0102388, , , , , , , , , , , , , , , , , , , , , , , , , , , , 
2.943, 0.0629435, , , , , , , 2.943, 0.005539, , , , , , , 2.943, 0.0112459, , , , , , , 2.943, -0.0130922, , , , , , , , , , , , , , , , , , , , , , , , , , , , 
2.9435192, 0.0619364, , , , , , , 2.9435192, -0.0028534, , , , , , , 2.9435192, -0.0008392, , , , , , , 2.9435192, -0.0135958, , , , , , , , , , , , , , , , , , , , , , , , , , , , 
2.9440385, 0.0656291, , , , , , , 2.9440385, -0.0080568, , , , , , , 2.9440385, -0.0041962, , , , , , , 2.9440385, -0.0139315, , , , , , , , , , , , , , , , , , , , , , , , , , , , 
2.9445577, 0.0763714, , , , , , , 2.9445577, 0.0043641, , , , , , , 2.9445577, -0.0015106, , , , , , , 2.9445577, -0.0159457, , , , , , , , , , , , , , , , , , , , , , , , , , , , 
2.9450769, 0.0844282, , , , , , , 2.9450769, 0.0203098, , , , , , , 2.9450769, -0.008896, , , , , , , 2.9450769, -0.0176242, , , , , , , , , , , , , , , , , , , , , , , , , , , , 
2.9455962, 0.0874495, , , , , , , 2.9455962, 0.0287022, , , , , , , 2.9455962, -0.0243381, , , , , , , 2.9455962, -0.0182956, , , , , , , , , , , , , , , , , , , , , , , , , , , , 
2.9461154, 0.0867781, , , , , , , 2.9461154, 0.0347448, , , , , , , 2.9461154, -0.0397803, , , , , , , 2.9461154, -0.0162814, , , , , , , , , , , , , , , , , , , , , , , , , , , , 
2.9466346, 0.0844282, , , , , , , 2.9466346, 0.0454871, , , , , , , 2.9466346, -0.0565652, , , , , , , 2.9466346, -0.011078, , , , , , , , , , , , , , , , , , , , , , , , , , , , 
2.9471538, 0.0770428, , , , , , , 2.9471538, 0.0538796, , , , , , , 2.9471538, -0.0767071, , , , , , , 2.9471538, -0.0041962, , , , , , , , , , , , , , , , , , , , , , , , , , , , 
2.9476731, 0.0636149, , , , , , , 2.9476731, 0.0572366, , , , , , , 2.9476731, -0.0914778, , , , , , , 2.9476731, 0.0063783, , , , , , , , , , , , , , , , , , , , , , , , , , , , 
2.9481923, 0.0488441, , , , , , , 2.9481923, 0.0558938, , , , , , , 2.9481923, -0.1025559, , , , , , , 2.9481923, 0.0199741, , , , , , , , , , , , , , , , , , , , , , , , , , , , 
2.9487115, 0.0350805, , , , , , , 2.9487115, 0.0461585, , , , , , , 2.9487115, -0.1156481, , , , , , , 2.9487115, 0.0370947, , , , , , , , , , , , , , , , , , , , , , , , , , , , 
2.9492308, 0.0256809, , , , , , , 2.9492308, 0.0297093, , , , , , , 2.9492308, -0.1200122, , , , , , , 2.9492308, 0.0522011, , , , , , , , , , , , , , , , , , , , , , , , , , , , 
2.94975, 0.0139315, , , , , , , 2.94975, 0.0132601, , , , , , , 2.94975, -0.103563, , , , , , , 2.94975, 0.0597543, , , , , , , , , , , , , , , , , , , , , , , , , , , , 
2.9502692, -0.002182, , , , , , , 2.9502692, 0.0038605, , , , , , , 2.9502692, -0.0733501, , , , , , , 2.9502692, 0.0622721, , , , , , , , , , , , , , , , , , , , , , , , , , , , 
2.9507885, -0.0162814, , , , , , , 2.9507885, 0.0065461, , , , , , , 2.9507885, -0.0350805, , , , , , , 2.9507885, 0.0552224, , , , , , , , , , , , , , , , , , , , , , , , , , , , 
2.9513077, -0.0287022, , , , , , , 2.9513077, 0.0169528, , , , , , , 2.9513077, 0.012253, , , , , , , 2.9513077, 0.0458228, , , , , , , , , , , , , , , , , , , , , , , , , , , , 
2.9518269, -0.0391089, , , , , , , 2.9518269, 0.0283665, , , , , , , 2.9518269, 0.0520333, , , , , , , 2.9518269, 0.0411231, , , , , , , , , , , , , , , , , , , , , , , , , , , , 
2.9523462, -0.0458228, , , , , , , 2.9523462, 0.0347448, , , , , , , 2.9523462, 0.0720073, , , , , , , 2.9523462, 0.0411231, , , , , , , , , , , , , , , , , , , , , , , , , , , , 
2.9528654, -0.0498512, , , , , , , 2.9528654, 0.0322271, , , , , , , 2.9528654, 0.0814069, , , , , , , 2.9528654, 0.0424659, , , , , , , , , , , , , , , , , , , , , , , , , , , , 
2.9533846, -0.0527047, , , , , , , 2.9533846, 0.0256809, , , , , , , 2.9533846, 0.0884565, , , , , , , 2.9533846, 0.0411231, , , , , , , , , , , , , , , , , , , , , , , , , , , , 
2.9539038, -0.0506905, , , , , , , 2.9539038, 0.0238346, , , , , , , 2.9539038, 0.0881209, , , , , , , 2.9539038, 0.036759, , , , , , , , , , , , , , , , , , , , , , , , , , , , 
2.9544231, -0.0372625, , , , , , , 2.9544231, 0.0253452, , , , , , , 2.9544231, 0.0716716, , , , , , , 2.9544231, 0.0318914, , , , , , , , , , , , , , , , , , , , , , , , , , , , 
2.9549423, -0.0226596, , , , , , , 2.9549423, 0.023331, , , , , , , 2.9549423, 0.0365911, , , , , , , 2.9549423, 0.0273594, , , , , , , , , , , , , , , , , , , , , , , , , , , , 
2.9554615, -0.01561, , , , , , , 2.9554615, 0.023331, , , , , , , 2.9554615, -0.0030213, , , , , , , 2.9554615, 0.0260166, , , , , , , , , , , , , , , , , , , , , , , , , , , , 
2.9559808, -0.0112459, , , , , , , 2.9559808, 0.0323949, , , , , , , 2.9559808, -0.0370947, , , , , , , 2.9559808, 0.0250095, , , , , , , , , , , , , , , , , , , , , , , , , , , , 
2.9565, -0.005539, , , , , , , 2.9565, 0.0505226, , , , , , , 2.9565, -0.0710002, , , , , , , 2.9565, 0.0216526, , , , , , , , , , , , , , , , , , , , , , , , , , , , 
2.9570192, -0.0008392, , , , , , , 2.9570192, 0.072343, , , , , , , 2.9570192, -0.1082628, , , , , , , 2.9570192, 0.01561, , , , , , , , , , , , , , , , , , , , , , , , , , , , 
2.9575385, 0.0025177, , , , , , , 2.9575385, 0.1012131, , , , , , , 2.9575385, -0.1384756, , , , , , , 2.9575385, 0.0082246, , , , , , , , , , , , , , , , , , , , , , , , , , , , 
2.9580577, 0.0052033, , , , , , , 2.9580577, 0.1111162, , , , , , , 2.9580577, -0.1529107, , , , , , , 2.9580577, 0.0025177, , , , , , , , , , , , , , , , , , , , , , , , , , , , 
2.9585769, 0.0095674, , , , , , , 2.9585769, 0.085771, , , , , , , 2.9585769, -0.1515679, , , , , , , 2.9585769, 0.0011749, , , , , , , , , , , , , , , , , , , , , , , , , , , , 
2.9590962, 0.0142672, , , , , , , 2.9590962, 0.0453193, , , , , , , 2.9590962, -0.1435111, , , , , , , 2.9590962, 0.0008392, , , , , , , , , , , , , , , , , , , , , , , , , , , , 
2.9596154, 0.0149386, , , , , , , 2.9596154, 0.0172885, , , , , , , 2.9596154, -0.1346151, , , , , , , 2.9596154, 0.0011749, , , , , , , , , , , , , , , , , , , , , , , , , , , , 
2.9601346, 0.0137636, , , , , , , 2.9601346, 0.0038605, , , , , , , 2.9601346, -0.1132982, , , , , , , 2.9601346, 0.0018463, , , , , , , , , , , , , , , , , , , , , , , , , , , , 
2.9606538, 0.0125887, , , , , , , 2.9606538, -0.0381018, , , , , , , 2.9606538, -0.0726787, , , , , , , 2.9606538, 0.0031891, , , , , , , , , , , , , , , , , , , , , , , , , , , , 
2.9611731, 0.0146029, , , , , , , 2.9611731, -0.0955062, , , , , , , 2.9611731, -0.0229953, , , , , , , 2.9611731, 0.0048676, , , , , , , , , , , , , , , , , , , , , , , , , , , , 
2.9616923, 0.0179599, , , , , , , 2.9616923, -0.1116197, , , , , , , 2.9616923, 0.0276951, , , , , , , 2.9616923, 0.0068818, , , , , , , , , , , , , , , , , , , , , , , , , , , , 
2.9622115, 0.0204776, , , , , , , 2.9622115, -0.0866102, , , , , , , 2.9622115, 0.0688182, , , , , , , 2.9622115, 0.0102388, , , , , , , , , , , , , , , , , , , , , , , , , , , , 
2.9627308, 0.0196384, , , , , , , 2.9627308, -0.0599222, , , , , , , 2.9627308, 0.0881209, , , , , , , 2.9627308, 0.0105745, , , , , , , , , , , , , , , , , , , , , , , , , , , , 
2.96325, 0.0196384, , , , , , , 2.96325, -0.0287022, , , , , , , 2.96325, 0.0884565, , , , , , , 2.96325, 0.0065461, , , , , , , , , , , , , , , , , , , , , , , , , , , , 
2.9637692, 0.0280308, , , , , , , 2.9637692, 0.0142672, , , , , , , 2.9637692, 0.0844282, , , , , , , 2.9637692, -0.0003357, , , , , , , , , , , , , , , , , , , , , , , , , , , , 
2.9642885, 0.0468299, , , , , , , 2.9642885, 0.0283665, , , , , , , 2.9642885, 0.0842603, , , , , , , 2.9642885, -0.0078889, , , , , , , , , , , , , , , , , , , , , , , , , , , , 
2.9648077, 0.0569009, , , , , , , 2.9648077, -0.008896, , , , , , , 2.9648077, 0.0819104, , , , , , , 2.9648077, -0.0092317, , , , , , , , , , , , , , , , , , , , , , , , , , , , 
2.9653269, 0.0562295, , , , , , , 2.9653269, -0.0518654, , , , , , , 2.9653269, 0.0706645, , , , , , , 2.9653269, -0.0105745, , , , , , , , , , , , , , , , , , , , , , , , , , , , 
2.9658462, 0.054551, , , , , , , 2.9658462, -0.0793927, , , , , , , 2.9658462, 0.0587472, , , , , , , 2.9658462, -0.0139315, , , , , , , , , , , , , , , , , , , , , , , , , , , , 
2.9663654, 0.0515297, , , , , , , 2.9663654, -0.0958419, , , , , , , 2.9663654, 0.0557259, , , , , , , 2.9663654, -0.0152743, , , , , , , , , , , , , , , , , , , , , , , , , , , , 
2.9668846, 0.0446479, , , , , , , 2.9668846, -0.0909743, , , , , , , 2.9668846, 0.057908, , , , , , , 2.9668846, -0.0099031, , , , , , , , , , , , , , , , , , , , , , , , , , , , 
2.9674038, 0.0360876, , , , , , , 2.9674038, -0.0552224, , , , , , , 2.9674038, 0.0605936, , , , , , , 2.9674038, -0.0015106, , , , , , , , , , , , , , , , , , , , , , , , , , , , 
2.9679231, 0.026688, , , , , , , 2.9679231, -0.0073854, , , , , , , 2.9679231, 0.0642863, , , , , , , 2.9679231, 0.0105745, , , , , , , , , , , , , , , , , , , , , , , , , , , , 
2.9684423, 0.0193027, , , , , , , 2.9684423, 0.0152743, , , , , , , 2.9684423, 0.0686503, , , , , , , 2.9684423, 0.0236667, , , , , , , , , , , , , , , , , , , , , , , , , , , , 
2.9689615, 0.01561, , , , , , , 2.9689615, 0.0082246, , , , , , , 2.9689615, 0.061265, , , , , , , 2.9689615, 0.0327306, , , , , , , , , , , , , , , , , , , , , , , , , , , , 
2.9694808, 0.0105745, , , , , , , 2.9694808, -0.002182, , , , , , , 2.9694808, 0.0441444, , , , , , , 2.9694808, 0.036759, , , , , , , , , , , , , , , , , , , , , , , , , , , , 
2.97, -0.0001678, , , , , , , 2.97, -0.0028534, , , , , , , 2.97, 0.0226596, , , , , , , 2.97, 0.0357519, , , , , , , , , , , , , , , , , , , , , , , , , , , , 
2.9705192, -0.0149386, , , , , , , 2.9705192, 0.0005035, , , , , , , 2.9705192, -0.0011749, , , , , , , 2.9705192, 0.0347448, , , , , , , , , , , , , , , , , , , , , , , , , , , , 
2.9710385, -0.0290379, , , , , , , 2.9710385, 0.0031891, , , , , , , 2.9710385, -0.0283665, , , , , , , 2.9710385, 0.0374304, , , , , , , , , , , , , , , , , , , , , , , , , , , , 
2.9715577, -0.0421302, , , , , , , 2.9715577, -0.0050355, , , , , , , 2.9715577, -0.0599222, , , , , , , 2.9715577, 0.0411231, , , , , , , , , , , , , , , , , , , , , , , , , , , , 
2.9720769, -0.0538796, , , , , , , 2.9720769, -0.0288701, , , , , , , 2.9720769, -0.0921492, , , , , , , 2.9720769, 0.0459907, , , , , , , , , , , , , , , , , , , , , , , , , , , , 
2.9725962, -0.0616007, , , , , , , 2.9725962, -0.0471656, , , , , , , 2.9725962, -0.1193408, , , , , , , 2.9725962, 0.0468299, , , , , , , , , , , , , , , , , , , , , , , , , , , , 
2.9731154, -0.0654612, , , , , , , 2.9731154, -0.0347448, , , , , , , 2.9731154, -0.142504, , , , , , , 2.9731154, 0.0374304, , , , , , , , , , , , , , , , , , , , , , , , , , , , 
2.9736346, -0.063447, , , , , , , 2.9736346, -0.002182, , , , , , , 2.9736346, -0.1639887, , , , , , , 2.9736346, 0.0243381, , , , , , , , , , , , , , , , , , , , , , , , , , , , 
2.9741538, -0.0552224, , , , , , , 2.9741538, 0.0451514, , , , , , , 2.9741538, -0.1754025, , , , , , , 2.9741538, 0.0146029, , , , , , , , , , , , , , , , , , , , , , , , , , , , 
2.9746731, -0.0431373, , , , , , , 2.9746731, 0.0663005, , , , , , , 2.9746731, -0.1666743, , , , , , , 2.9746731, 0.0078889, , , , , , , , , , , , , , , , , , , , , , , , , , , , 
2.9751923, -0.035584, , , , , , , 2.9751923, 0.0518654, , , , , , , 2.9751923, -0.1418326, , , , , , , 2.9751923, 0.0038605, , , , , , , , , , , , , , , , , , , , , , , , , , , , 
2.9757115, -0.0327306, , , , , , , 2.9757115, 0.0458228, , , , , , , 2.9757115, -0.1144732, , , , , , , 2.9757115, 0.002182, , , , , , , , , , , , , , , , , , , , , , , , , , , , 
2.9762308, -0.0273594, , , , , , , 2.9762308, 0.036759, , , , , , , 2.9762308, -0.0884565, , , , , , , 2.9762308, 0.0003357, , , , , , , , , , , , , , , , , , , , , , , , , , , , 
2.97675, -0.0182956, , , , , , , 2.97675, 0.0031891, , , , , , , 2.97675, -0.0676432, , , , , , , 2.97675, -0.0015106, , , , , , , , , , , , , , , , , , , , , , , , , , , , 
2.9772692, -0.0099031, , , , , , , 2.9772692, -0.042298, , , , , , , 2.9772692, -0.0569009, , , , , , , 2.9772692, -0.0008392, , , , , , , , , , , , , , , , , , , , , , , , , , , , 
2.9777885, 0.0011749, , , , , , , 2.9777885, -0.0716716, , , , , , , 2.9777885, -0.0555581, , , , , , , 2.9777885, -0.0001678, , , , , , , , , , , , , , , , , , , , , , , , , , , , 
2.9783077, 0.0078889, , , , , , , 2.9783077, -0.0659648, , , , , , , 2.9783077, -0.0548867, , , , , , , 2.9783077, -0.0005035, , , , , , , , , , , , , , , , , , , , , , , , , , , , 
2.9788269, 0.0105745, , , , , , , 2.9788269, -0.0572366, , , , , , , 2.9788269, -0.0461585, , , , , , , 2.9788269, 0.0028534, , , , , , , , , , , , , , , , , , , , , , , , , , , , 
2.9793462, 0.0125887, , , , , , , 2.9793462, -0.0686503, , , , , , , 2.9793462, -0.0290379, , , , , , , 2.9793462, 0.0078889, , , , , , , , , , , , , , , , , , , , , , , , , , , , 
2.9798654, 0.0139315, , , , , , , 2.9798654, -0.093492, , , , , , , 2.9798654, -0.0083925, , , , , , , 2.9798654, 0.0092317, , , , , , , , , , , , , , , , , , , , , , , , , , , , 
2.9803846, 0.0159457, , , , , , , 2.9803846, -0.1136339, , , , , , , 2.9803846, 0.0172885, , , , , , , 2.9803846, 0.0112459, , , , , , , , , , , , , , , , , , , , , , , , , , , , 
2.9809038, 0.0176242, , , , , , , 2.9809038, -0.1117876, , , , , , , 2.9809038, 0.0446479, , , , , , , 2.9809038, 0.0152743, , , , , , , , , , , , , , , , , , , , , , , , , , , , 
2.9814231, 0.0186313, , , , , , , 2.9814231, -0.0822461, , , , , , , 2.9814231, 0.064622, , , , , , , 2.9814231, 0.0186313, , , , , , , , , , , , , , , , , , , , , , , , , , , , 
2.9819423, 0.0204776, , , , , , , 2.9819423, -0.0468299, , , , , , , 2.9819423, 0.0726787, , , , , , , 2.9819423, 0.0223239, , , , , , , , , , , , , , , , , , , , , , , , , , , , 
2.9824615, 0.0250095, , , , , , , 2.9824615, -0.0283665, , , , , , , 2.9824615, 0.0767071, , , , , , , 2.9824615, 0.0275273, , , , , , , , , , , , , , , , , , , , , , , , , , , , 
2.9829808, 0.0310521, , , , , , , 2.9829808, -0.0209812, , , , , , , 2.9829808, 0.0859388, , , , , , , 2.9829808, 0.0307164, , , , , , , , , , , , , , , , , , , , , , , , , , , , 
2.9835, 0.0370947, , , , , , , 2.9835, -0.0124208, , , , , , , 2.9835, 0.0943313, , , , , , , 2.9835, 0.0313878, , , , , , , , , , , , , , , , , , , , , , , , , , , , 
2.9840192, 0.0464942, , , , , , , 2.9840192, -0.0003357, , , , , , , 2.9840192, 0.0961776, , , , , , , 2.9840192, 0.0253452, , , , , , , , , , , , , , , , , , , , , , , , , , , , 
2.9845385, 0.0592508, , , , , , , 2.9845385, 0.0058747, , , , , , , 2.9845385, 0.0978561, , , , , , , 2.9845385, 0.0179599, , , , , , , , , , , , , , , , , , , , , , , , , , , , 
2.9850577, 0.070161, , , , , , , 2.9850577, 0.0102388, , , , , , , 2.9850577, 0.0990311, , , , , , , 2.9850577, 0.0159457, , , , , , , , , , , , , , , , , , , , , , , , , , , , 
2.9855769, 0.0750286, , , , , , , 2.9855769, 0.0394446, , , , , , , 2.9855769, 0.1003738, , , , , , , 2.9855769, 0.0203098, , , , , , , , , , , , , , , , , , , , , , , , , , , , 
2.9860962, 0.0730144, , , , , , , 2.9860962, 0.085771, , , , , , , 2.9860962, 0.1012131, , , , , , , 2.9860962, 0.0283665, , , , , , , , , , , , , , , , , , , , , , , , , , , , 
2.9866154, 0.0659648, , , , , , , 2.9866154, 0.131426, , , , , , , 2.9866154, 0.1045701, , , , , , , 2.9866154, 0.0374304, , , , , , , , , , , , , , , , , , , , , , , , , , , , 
2.9871346, 0.0560616, , , , , , , 2.9871346, 0.1700313, , , , , , , 2.9871346, 0.10692, , , , , , , 2.9871346, 0.0424659, , , , , , , , , , , , , , , , , , , , , , , , , , , , 
2.9876538, 0.0404517, , , , , , , 2.9876538, 0.1884947, , , , , , , 2.9876538, 0.1005417, , , , , , , 2.9876538, 0.0404517, , , , , , , , , , , , , , , , , , , , , , , , , , , , 
2.9881731, 0.023331, , , , , , , 2.9881731, 0.1535821, , , , , , , 2.9881731, 0.0854353, , , , , , , 2.9881731, 0.036759, , , , , , , , , , , , , , , , , , , , , , , , , , , , 
2.9886923, 0.0115816, , , , , , , 2.9886923, 0.0750286, , , , , , , 2.9886923, 0.0669718, , , , , , , 2.9886923, 0.0344091, , , , , , , , , , , , , , , , , , , , , , , , , , , , 
2.9892115, 0.0043641, , , , , , , 2.9892115, 0.01561, , , , , , , 2.9892115, 0.0488441, , , , , , , 2.9892115, 0.0290379, , , , , , , , , , , , , , , , , , , , , , , , , , , , 
2.9897308, 0.0003357, , , , , , , 2.9897308, -0.0015106, , , , , , , 2.9897308, 0.0394446, , , , , , , 2.9897308, 0.0218204, , , , , , , , , , , , , , , , , , , , , , , , , , , , 
2.99025, -0.0041962, , , , , , , 2.99025, -0.0135958, , , , , , , 2.99025, 0.04448, , , , , , , 2.99025, 0.0172885, , , , , , , , , , , , , , , , , , , , , , , , , , , , 
2.9907692, -0.0132601, , , , , , , 2.9907692, -0.0357519, , , , , , , 2.9907692, 0.0580758, , , , , , , 2.9907692, 0.0139315, , , , , , , , , , , , , , , , , , , , , , , , , , , , 
2.9912885, -0.0256809, , , , , , , 2.9912885, -0.0652934, , , , , , , 2.9912885, 0.0703288, , , , , , , 2.9912885, 0.0104067, , , , , , , , , , , , , , , , , , , , , , , , , , , , 
2.9918077, -0.0426337, , , , , , , 2.9918077, -0.0814069, , , , , , , 2.9918077, 0.0787213, , , , , , , 2.9918077, 0.0078889, , , , , , , , , , , , , , , , , , , , , , , , , , , , 
2.9923269, -0.0552224, , , , , , , 2.9923269, -0.0750286, , , , , , , 2.9923269, 0.0866102, , , , , , , 2.9923269, 0.0065461, , , , , , , , , , , , , , , , , , , , , , , , , , , , 
2.9928462, -0.0582437, , , , , , , 2.9928462, -0.0743572, , , , , , , 2.9928462, 0.0891279, , , , , , , 2.9928462, 0.0036927, , , , , , , , , , , , , , , , , , , , , , , , , , , , 
2.9933654, -0.0518654, , , , , , , 2.9933654, -0.0881209, , , , , , , 2.9933654, 0.0803998, , , , , , , 2.9933654, 0.0008392, , , , , , , , , , , , , , , , , , , , , , , , , , , , 
2.9938846, -0.0417945, , , , , , , 2.9938846, -0.0965133, , , , , , , 2.9938846, 0.0575723, , , , , , , 2.9938846, 0.0010071, , , , , , , , , , , , , , , , , , , , , , , , , , , , 
2.9944038, -0.0310521, , , , , , , 2.9944038, -0.0834211, , , , , , , 2.9944038, 0.0172885, , , , , , , 2.9944038, -0.0018463, , , , , , , , , , , , , , , , , , , , , , , , , , , , 
2.9949231, -0.0169528, , , , , , , 2.9949231, -0.0639506, , , , , , , 2.9949231, -0.0365911, , , , , , , 2.9949231, -0.0050355, , , , , , , , , , , , , , , , , , , , , , , , , , , , 
2.9954423, -0.0008392, , , , , , , 2.9954423, -0.0525368, , , , , , , 2.9954423, -0.096849, , , , , , , 2.9954423, -0.008896, , , , , , , , , , , , , , , , , , , , , , , , , , , , 
2.9959615, 0.0099031, , , , , , , 2.9959615, -0.0332341, , , , , , , 2.9959615, -0.1559319, , , , , , , 2.9959615, -0.0129244, , , , , , , , , , , , , , , , , , , , , , , , , , , , 
2.9964808, 0.0176242, , , , , , , 2.9964808, -0.0048676, , , , , , , 2.9964808, -0.2066224, , , , , , , 2.9964808, -0.0129244, , , , , , , , , , , , , , , , , , , , , , , , , , , , 
2.997, 0.0303807, , , , , , , 2.997, 0.0317235, , , , , , , 2.997, -0.240528, , , , , , , 2.997, -0.008896, , , , , , , , , , , , , , , , , , , , , , , , , , , , 
2.9975192, 0.0414588, , , , , , , 2.9975192, 0.051194, , , , , , , 2.9975192, -0.2487526, , , , , , , 2.9975192, -0.0041962, , , , , , , , , , , , , , , , , , , , , , , , , , , , 
2.9980385, 0.0421302, , , , , , , 2.9980385, 0.0035248, , , , , , , 2.9980385, -0.2311284, , , , , , , 2.9980385, -0.0035248, , , , , , , , , , , , , , , , , , , , , , , , , , , , 
2.9985577, 0.0350805, , , , , , , 2.9985577, -0.0938277, , , , , , , 2.9985577, -0.2024262, , , , , , , 2.9985577, -0.0052033, , , , , , , , , , , , , , , , , , , , , , , , , , , , 
2.9990769, 0.0303807, , , , , , , 2.9990769, -0.1742275, , , , , , , 2.9990769, -0.1740597, , , , , , , 2.9990769, -0.0048676, , , , , , , , , , , , , , , , , , , , , , , , , , , , 
2.9995962, 0.0310521, , , , , , , 2.9995962, -0.1827878, , , , , , , 2.9995962, -0.1472038, , , , , , , 2.9995962, -0.0011749, , , , , , , , , , , , , , , , , , , , , , , , , , , , 
3.0001154, 0.0313878, , , , , , , 3.0001154, -0.1210193, , , , , , , 3.0001154, -0.1250477, , , , , , , 3.0001154, 0.0046998, , , , , , , , , , , , , , , , , , , , , , , , , , , , 
3.0006346, 0.0307164, , , , , , , 3.0006346, -0.0558938, , , , , , , 3.0006346, -0.1072557, , , , , , , 3.0006346, 0.0119173, , , , , , , , , , , , , , , , , , , , , , , , , , , , 
3.0011538, 0.0280308, , , , , , , 3.0011538, -0.0162814, , , , , , , 3.0011538, -0.0871138, , , , , , , 3.0011538, 0.0206455, , , , , , , , , , , , , , , , , , , , , , , , , , , , 
3.0016731, 0.0246738, , , , , , , 3.0016731, -0.0001678, , , , , , , 3.0016731, -0.0622721, , , , , , , 3.0016731, 0.0280308, , , , , , , , , , , , , , , , , , , , , , , , , , , , 
3.0021923, 0.0236667, , , , , , , 3.0021923, 0.0030213, , , , , , , 3.0021923, -0.0399481, , , , , , , 3.0021923, 0.027863, , , , , , , , , , , , , , , , , , , , , , , , , , , , 
3.0027115, 0.0256809, , , , , , , 3.0027115, 0.0065461, , , , , , , 3.0027115, -0.0198062, , , , , , , 3.0027115, 0.021149, , , , , , , , , , , , , , , , , , , , , , , , , , , , 
3.0032308, 0.0276951, , , , , , , 3.0032308, 0.0166171, , , , , , , 3.0032308, -0.0003357, , , , , , , 3.0032308, 0.0125887, , , , , , , , , , , , , , , , , , , , , , , , , , , , 
3.00375, 0.0357519, , , , , , , 3.00375, 0.0260166, , , , , , , 3.00375, 0.0151064, , , , , , , 3.00375, 0.0018463, , , , , , , , , , , , , , , , , , , , , , , , , , , , 
3.0042692, 0.0540475, , , , , , , 3.0042692, 0.0377661, , , , , , , 3.0042692, 0.0251774, , , , , , , 3.0042692, -0.0090639, , , , , , , , , , , , , , , , , , , , , , , , , , , , 
3.0047885, 0.072343, , , , , , , 3.0047885, 0.0453193, , , , , , , 3.0047885, 0.0283665, , , , , , , 3.0047885, -0.0186313, , , , , , , , , , , , , , , , , , , , , , , , , , , , 
3.0053077, 0.0814069, , , , , , , 3.0053077, 0.0340734, , , , , , , 3.0053077, 0.0327306, , , , , , , 3.0053077, -0.0260166, , , , , , , , , , , , , , , , , , , , , , , , , , , , 
3.0058269, 0.085771, , , , , , , 3.0058269, 0.0285344, , , , , , , 3.0058269, 0.0506905, , , , , , , 3.0058269, -0.0318914, , , , , , , , , , , , , , , , , , , , , , , , , , , , 
3.0063462, 0.0866102, , , , , , , 3.0063462, 0.0468299, , , , , , , 3.0063462, 0.0770428, , , , , , , 3.0063462, -0.0377661, , , , , , , , , , , , , , , , , , , , , , , , , , , , 
3.0068654, 0.0817426, , , , , , , 3.0068654, 0.0616007, , , , , , , 3.0068654, 0.0988632, , , , , , , 3.0068654, -0.0438087, , , , , , , , , , , , , , , , , , , , , , , , , , , , 
3.0073846, 0.0704967, , , , , , , 3.0073846, 0.068986, , , , , , , 3.0073846, 0.1117876, , , , , , , 3.0073846, -0.0433051, , , , , , , , , , , , , , , , , , , , , , , , , , , , 
3.0079038, 0.0525368, , , , , , , 3.0079038, 0.0978561, , , , , , , 3.0079038, 0.1233692, , , , , , , 3.0079038, -0.0350805, , , , , , , , , , , , , , , , , , , , , , , , , , , , 
3.0084231, 0.0344091, , , , , , , 3.0084231, 0.1190051, , , , , , , 3.0084231, 0.1361257, , , , , , , 3.0084231, -0.0250095, , , , , , , , , , , , , , , , , , , , , , , , , , , , 
3.0089423, 0.0219883, , , , , , , 3.0089423, 0.0948348, , , , , , , 3.0089423, 0.1378042, , , , , , , 3.0089423, -0.0166171, , , , , , , , , , , , , , , , , , , , , , , , , , , , 
3.0094615, 0.0105745, , , , , , , 3.0094615, 0.054551, , , , , , , 3.0094615, 0.1253834, , , , , , , 3.0094615, -0.0075532, , , , , , , , , , , , , , , , , , , , , , , , , , , , 
3.0099808, -0.0025177, , , , , , , 3.0099808, 0.0347448, , , , , , , 3.0099808, 0.1017166, , , , , , , 3.0099808, 0.0018463, , , , , , , , , , , , , , , , , , , , , , , , , , , , 
3.0105, -0.0152743, , , , , , , 3.0105, 0.0441444, , , , , , , 3.0105, 0.0696574, , , , , , , 3.0105, 0.0065461, , , , , , , , , , , , , , , , , , , , , , , , , , , , 
3.0110192, -0.0288701, , , , , , , 3.0110192, 0.0647898, , , , , , , 3.0110192, 0.0347448, , , , , , , 3.0110192, 0.0060426, , , , , , , , , , , , , , , , , , , , , , , , , , , , 
3.0115385, -0.040116, , , , , , , 3.0115385, 0.0513619, , , , , , , 3.0115385, 0.0008392, , , , , , , 3.0115385, 0.0072175, , , , , , , , , , , , , , , , , , , , , , , , , , , , 
3.0120577, -0.0485084, , , , , , , 3.0120577, -0.0198062, , , , , , , 3.0120577, -0.0287022, , , , , , , 3.0120577, 0.0112459, , , , , , , , , , , , , , , , , , , , , , , , , , , , 
3.0125769, -0.0589151, , , , , , , 3.0125769, -0.1106126, , , , , , , 3.0125769, -0.0466621, , , , , , , 3.0125769, 0.0206455, , , , , , , , , , , , , , , , , , , , , , , , , , , , 
3.0130962, -0.0679789, , , , , , , 3.0130962, -0.1508965, , , , , , , 3.0130962, -0.0498512, , , , , , , 3.0130962, 0.0354162, , , , , , , , , , , , , , , , , , , , , , , , , , , , 
3.0136154, -0.068986, , , , , , , 3.0136154, -0.1284047, , , , , , , 3.0136154, -0.0417945, , , , , , , 3.0136154, 0.051194, , , , , , , , , , , , , , , , , , , , , , , , , , , , 
3.0141346, -0.0599222, , , , , , , 3.0141346, -0.085771, , , , , , , 3.0141346, -0.0280308, , , , , , , 3.0141346, 0.06009, , , , , , , , , , , , , , , , , , , , , , , , , , , , 
3.0146538, -0.0495155, , , , , , , 3.0146538, -0.0481727, , , , , , , 3.0146538, -0.0162814, , , , , , , 3.0146538, 0.0616007, , , , , , , , , , , , , , , , , , , , , , , , , , , , 
3.0151731, -0.0404517, , , , , , , 3.0151731, -0.0179599, , , , , , , 3.0151731, -0.0182956, , , , , , , 3.0151731, 0.0641184, , , , , , , , , , , , , , , , , , , , , , , , , , , , 
3.0156923, -0.0325628, , , , , , , 3.0156923, 0.0065461, , , , , , , 3.0156923, -0.036759, , , , , , , 3.0156923, 0.0683146, , , , , , , , , , , , , , , , , , , , , , , , , , , , 
3.0162115, -0.0236667, , , , , , , 3.0162115, 0.0260166, , , , , , , 3.0162115, -0.0674754, , , , , , , 3.0162115, 0.0699931, , , , , , , , , , , , , , , , , , , , , , , , , , , , 
3.0167308, -0.0162814, , , , , , , 3.0167308, 0.0290379, , , , , , , 3.0167308, -0.0931563, , , , , , , 3.0167308, 0.0642863, , , , , , , , , , , , , , , , , , , , , , , , , , , , 
3.01725, -0.012253, , , , , , , 3.01725, 0.0152743, , , , , , , 3.01725, -0.1025559, , , , , , , 3.01725, 0.0505226, , , , , , , , , , , , , , , , , , , , , , , , , , , , 
3.0177692, -0.0062104, , , , , , , 3.0177692, 0.0001678, , , , , , , 3.0177692, -0.1008774, , , , , , , 3.0177692, 0.0360876, , , , , , , , , , , , , , , , , , , , , , , , , , , , 
3.0182885, 0.0011749, , , , , , , 3.0182885, -0.0095674, , , , , , , 3.0182885, -0.0928206, , , , , , , 3.0182885, 0.023331, , , , , , , , , , , , , , , , , , , , , , , , , , , , 
3.0188077, 0.0038605, , , , , , , 3.0188077, -0.0229953, , , , , , , 3.0188077, -0.0809033, , , , , , , 3.0188077, 0.0142672, , , , , , , , , , , , , , , , , , , , , , , , , , , , 
3.0193269, 0.0065461, , , , , , , 3.0193269, -0.0498512, , , , , , , 3.0193269, -0.0659648, , , , , , , 3.0193269, 0.0065461, , , , , , , , , , , , , , , , , , , , , , , , , , , , 
3.0198462, 0.0102388, , , , , , , 3.0198462, -0.0572366, , , , , , , 3.0198462, -0.0486763, , , , , , , 3.0198462, -0.0001678, , , , , , , , , , , , , , , , , , , , , , , , , , , , 
3.0203654, 0.0162814, , , , , , , 3.0203654, -0.0313878, , , , , , , 3.0203654, -0.0302129, , , , , , , 3.0203654, -0.0048676, , , , , , , , , , , , , , , , , , , , , , , , , , , , 
3.0208846, 0.0223239, , , , , , , 3.0208846, 0.0109102, , , , , , , 3.0208846, -0.0209812, , , , , , , 3.0208846, -0.0063783, , , , , , , , , , , , , , , , , , , , , , , , , , , , 
3.0214038, 0.026688, , , , , , , 3.0214038, 0.0270237, , , , , , , 3.0214038, -0.0251774, , , , , , , 3.0214038, -0.0082246, , , , , , , , , , , , , , , , , , , , , , , , , , , , 
3.0219231, 0.0280308, , , , , , , 3.0219231, 0.0102388, , , , , , , 3.0219231, -0.0251774, , , , , , , 3.0219231, -0.0119173, , , , , , , , , , , , , , , , , , , , , , , , , , , , 
3.0224423, 0.030045, , , , , , , 3.0224423, -0.0119173, , , , , , , 3.0224423, -0.012253, , , , , , , 3.0224423, -0.0149386, , , , , , , , , , , , , , , , , , , , , , , , , , , , 
3.0229615, 0.0340734, , , , , , , 3.0229615, -0.003357, , , , , , , 3.0229615, 0.0065461, , , , , , , 3.0229615, -0.0142672, , , , , , , , , , , , , , , , , , , , , , , , , , , , 
3.0234808, 0.040116, , , , , , , 3.0234808, 0.0495155, , , , , , , 3.0234808, 0.0216526, , , , , , , 3.0234808, -0.0149386, , , , , , , , , , , , , , , , , , , , , , , , , , , , 
3.024, 0.0515297, , , , , , , 3.024, 0.0840925, , , , , , , 3.024, 0.0305486, , , , , , , 3.024, -0.0149386, , , , , , , , , , , , , , , , , , , , , , , , , , , , 
3.0245192, 0.064622, , , , , , , 3.0245192, 0.0666361, , , , , , , 3.0245192, 0.033402, , , , , , , 3.0245192, -0.0130922, , , , , , , , , , , , , , , , , , , , , , , , , , , , 
3.0250385, 0.0710002, , , , , , , 3.0250385, 0.0172885, , , , , , , 3.0250385, 0.0276951, , , , , , , 3.0250385, -0.0112459, , , , , , , , , , , , , , , , , , , , , , , , , , , , 
3.0255577, 0.0746929, , , , , , , 3.0255577, -0.0525368, , , , , , , 3.0255577, 0.017792, , , , , , , 3.0255577, -0.0072175, , , , , , , , , , , , , , , , , , , , , , , , , , , , 
3.0260769, 0.0773785, , , , , , , 3.0260769, -0.1116197, , , , , , , 3.0260769, 0.0119173, , , , , , , 3.0260769, 0.0023499, , , , , , , , , , , , , , , , , , , , , , , , , , , , 
3.0265962, 0.072343, , , , , , , 3.0265962, -0.1344472, , , , , , , 3.0265962, 0.0142672, , , , , , , 3.0265962, 0.0142672, , , , , , , , , , , , , , , , , , , , , , , , , , , , 
3.0271154, 0.0599222, , , , , , , 3.0271154, -0.1263905, , , , , , , 3.0271154, 0.0179599, , , , , , , 3.0271154, 0.0256809, , , , , , , , , , , , , , , , , , , , , , , , , , , , 
3.0276346, 0.0448157, , , , , , , 3.0276346, -0.1008774, , , , , , , 3.0276346, 0.0204776, , , , , , , 3.0276346, 0.0354162, , , , , , , , , , , , , , , , , , , , , , , , , , , , 
3.0281538, 0.0337377, , , , , , , 3.0281538, -0.0718395, , , , , , , 3.0281538, 0.0226596, , , , , , , 3.0281538, 0.0424659, , , , , , , , , , , , , , , , , , , , , , , , , , , , 
3.0286731, 0.0240024, , , , , , , 3.0286731, -0.0547189, , , , , , , 3.0286731, 0.0214847, , , , , , , 3.0286731, 0.0485084, , , , , , , , , , , , , , , , , , , , , , , , , , , , 
3.0291923, 0.0135958, , , , , , , 3.0291923, -0.0498512, , , , , , , 3.0291923, 0.0152743, , , , , , , 3.0291923, 0.0508583, , , , , , , , , , , , , , , , , , , , , , , , , , , , 
3.0297115, 0.0028534, , , , , , , 3.0297115, -0.0485084, , , , , , , 3.0297115, 0.0001678, , , , , , , 3.0297115, 0.0485084, , , , , , , , , , , , , , , , , , , , , , , , , , , , 
3.0302308, -0.0082246, , , , , , , 3.0302308, -0.0424659, , , , , , , 3.0302308, -0.0224918, , , , , , , 3.0302308, 0.0466621, , , , , , , , , , , , , , , , , , , , , , , , , , , , 
3.03075, -0.0196384, , , , , , , 3.03075, -0.0236667, , , , , , , 3.03075, -0.0486763, , , , , , , 3.03075, 0.0441444, , , , , , , , , , , , , , , , , , , , , , , , , , , , 
3.0312692, -0.0364233, , , , , , , 3.0312692, 0.0112459, , , , , , , 3.0312692, -0.0696574, , , , , , , 3.0312692, 0.0414588, , , , , , , , , , , , , , , , , , , , , , , , , , , , 
3.0317885, -0.051194, , , , , , , 3.0317885, 0.0441444, , , , , , , 3.0317885, -0.0834211, , , , , , , 3.0317885, 0.0387732, , , , , , , , , , , , , , , , , , , , , , , , , , , , 
3.0323077, -0.0595865, , , , , , , 3.0323077, 0.0438087, , , , , , , 3.0323077, -0.0884565, , , , , , , 3.0323077, 0.0340734, , , , , , , , , , , , , , , , , , , , , , , , , , , , 
3.0328269, -0.0636149, , , , , , , 3.0328269, 0.0095674, , , , , , , 3.0328269, -0.082414, , , , , , , 3.0328269, 0.0280308, , , , , , , , , , , , , , , , , , , , , , , , , , , , 
3.0333462, -0.0673075, , , , , , , 3.0333462, -0.0236667, , , , , , , 3.0333462, -0.070161, , , , , , , 3.0333462, 0.0240024, , , , , , , , , , , , , , , , , , , , , , , , , , , , 
3.0338654, -0.0674754, , , , , , , 3.0338654, -0.0203098, , , , , , , 3.0338654, -0.0562295, , , , , , , 3.0338654, 0.0206455, , , , , , , , , , , , , , , , , , , , , , , , , , , , 
3.0343846, -0.0562295, , , , , , , 3.0343846, 0.0139315, , , , , , , 3.0343846, -0.0394446, , , , , , , 3.0343846, 0.0139315, , , , , , , , , , , , , , , , , , , , , , , , , , , , 
3.0349038, -0.036759, , , , , , , 3.0349038, 0.0330663, , , , , , , 3.0349038, -0.0236667, , , , , , , 3.0349038, 0.0062104, , , , , , , , , , , , , , , , , , , , , , , , , , , , 
3.0354231, -0.0209812, , , , , , , 3.0354231, 0.0229953, , , , , , , 3.0354231, -0.0082246, , , , , , , 3.0354231, 0.0005035, , , , , , , , , , , , , , , , , , , , , , , , , , , , 
3.0359423, -0.012253, , , , , , , 3.0359423, 0.0186313, , , , , , , 3.0359423, 0.0125887, , , , , , , 3.0359423, -0.003357, , , , , , , , , , , , , , , , , , , , , , , , , , , , 
3.0364615, -0.0075532, , , , , , , 3.0364615, 0.0206455, , , , , , , 3.0364615, 0.0345769, , , , , , , 3.0364615, -0.005539, , , , , , , , , , , , , , , , , , , , , , , , , , , , 
3.0369808, -0.0015106, , , , , , , 3.0369808, 0.0075532, , , , , , , 3.0369808, 0.0562295, , , , , , , 3.0369808, -0.0041962, , , , , , , , , , , , , , , , , , , , , , , , , , , , 
3.0375, 0.0068818, , , , , , , 3.0375, -0.0078889, , , , , , , 3.0375, 0.082414, , , , , , , 3.0375, -0.0008392, , , , , , , , , , , , , , , , , , , , , , , , , , , , 
3.0380192, 0.0146029, , , , , , , 3.0380192, -0.0077211, , , , , , , 3.0380192, 0.1049058, , , , , , , 3.0380192, 0.0025177, , , , , , , , , , , , , , , , , , , , , , , , , , , , 
3.0385385, 0.0216526, , , , , , , 3.0385385, 0.0152743, , , , , , , 3.0385385, 0.1117876, , , , , , , 3.0385385, 0.0048676, , , , , , , , , , , , , , , , , , , , , , , , , , , , 
3.0390577, 0.0270237, , , , , , , 3.0390577, 0.0533761, , , , , , , 3.0390577, 0.1045701, , , , , , , 3.0390577, 0.0052033, , , , , , , , , , , , , , , , , , , , , , , , , , , , 
3.0395769, 0.0320592, , , , , , , 3.0395769, 0.0710002, , , , , , , 3.0395769, 0.0918135, , , , , , , 3.0395769, 0.0065461, , , , , , , , , , , , , , , , , , , , , , , , , , , , 
3.0400962, 0.0414588, , , , , , , 3.0400962, 0.0532082, , , , , , , 3.0400962, 0.0773785, , , , , , , 3.0400962, 0.0078889, , , , , , , , , , , , , , , , , , , , , , , , , , , , 
3.0406154, 0.047837, , , , , , , 3.0406154, 0.0310521, , , , , , , 3.0406154, 0.0582437, , , , , , , 3.0406154, 0.0072175, , , , , , , , , , , , , , , , , , , , , , , , , , , , 
3.0411346, 0.0498512, , , , , , , 3.0411346, 0.0070497, , , , , , , 3.0411346, 0.0347448, , , , , , , 3.0411346, 0.0065461, , , , , , , , , , , , , , , , , , , , , , , , , , , , 
3.0416538, 0.0501869, , , , , , , 3.0416538, -0.036759, , , , , , , 3.0416538, 0.0125887, , , , , , , 3.0416538, 0.0072175, , , , , , , , , , , , , , , , , , , , , , , , , , , , 
3.0421731, 0.0488441, , , , , , , 3.0421731, -0.0797284, , , , , , , 3.0421731, -0.0078889, , , , , , , 3.0421731, 0.008896, , , , , , , , , , , , , , , , , , , , , , , , , , , , 
3.0426923, 0.0491798, , , , , , , 3.0426923, -0.0854353, , , , , , , 3.0426923, -0.0276951, , , , , , , 3.0426923, 0.0065461, , , , , , , , , , , , , , , , , , , , , , , , , , , , 
3.0432115, 0.0538796, , , , , , , 3.0432115, -0.0384375, , , , , , , 3.0432115, -0.0461585, , , , , , , 3.0432115, 0.0008392, , , , , , , , , , , , , , , , , , , , , , , , , , , , 
3.0437308, 0.0706645, , , , , , , 3.0437308, 0.0260166, , , , , , , 3.0437308, -0.0605936, , , , , , , 3.0437308, -0.005539, , , , , , , , , , , , , , , , , , , , , , , , , , , , 
3.04425, 0.0921492, , , , , , , 3.04425, 0.0757, , , , , , , 3.04425, -0.0651255, , , , , , , 3.04425, -0.0102388, , , , , , , , , , , , , , , , , , , , , , , , , , , , 
3.0447692, 0.1032273, , , , , , , 3.0447692, 0.131426, , , , , , , 3.0447692, -0.0619364, , , , , , , 3.0447692, -0.0125887, , , , , , , , , , , , , , , , , , , , , , , , , , , , 
3.0452885, 0.1089342, , , , , , , 3.0452885, 0.1834592, , , , , , , 3.0452885, -0.0594186, , , , , , , 3.0452885, -0.0152743, , , , , , , , , , , , , , , , , , , , , , , , , , , , 
3.0458077, 0.1106126, , , , , , , 3.0458077, 0.1999084, , , , , , , 3.0458077, -0.0605936, , , , , , , 3.0458077, -0.0179599, , , , , , , , , , , , , , , , , , , , , , , , , , , , 
3.0463269, 0.1084306, , , , , , , 3.0463269, 0.1871519, , , , , , , 3.0463269, -0.0639506, , , , , , , 3.0463269, -0.01561, , , , , , , , , , , , , , , , , , , , , , , , , , , , 
3.0468462, 0.1065843, , , , , , , 3.0468462, 0.1408255, , , , , , , 3.0468462, -0.0622721, , , , , , , 3.0468462, -0.0115816, , , , , , , , , , , , , , , , , , , , , , , , , , , , 
3.0473654, 0.1018845, , , , , , , 3.0473654, 0.0436408, , , , , , , 3.0473654, -0.057908, , , , , , , 3.0473654, -0.0102388, , , , , , , , , , , , , , , , , , , , , , , , , , , , 
3.0478846, 0.0871138, , , , , , , 3.0478846, -0.0703288, , , , , , , 3.0478846, -0.0505226, , , , , , , 3.0478846, -0.0072175, , , , , , , , , , , , , , , , , , , , , , , , , , , , 
3.0484038, 0.0683146, , , , , , , 3.0484038, -0.1367971, , , , , , , 3.0484038, -0.0344091, , , , , , , 3.0484038, -0.0028534, , , , , , , , , , , , , , , , , , , , , , , , , , , , 
3.0489231, 0.0552224, , , , , , , 3.0489231, -0.1673457, , , , , , , 3.0489231, -0.008896, , , , , , , 3.0489231, 0.0011749, , , , , , , , , , , , , , , , , , , , , , , , , , , , 
3.0494423, 0.0454871, , , , , , , 3.0494423, -0.1928588, , , , , , , 3.0494423, 0.0112459, , , , , , , 3.0494423, 0.002182, , , , , , , , , , , , , , , , , , , , , , , , , , , , 
3.0499615, 0.030045, , , , , , , 3.0499615, -0.1995727, , , , , , , 3.0499615, 0.0226596, , , , , , , 3.0499615, 0.0035248, , , , , , , , , , , , , , , , , , , , , , , , , , , , 
3.0504808, 0.0078889, , , , , , , 3.0504808, -0.1738918, , , , , , , 3.0504808, 0.030045, , , , , , , 3.0504808, 0.0075532, , , , , , , , , , , , , , , , , , , , , , , , , , , , 
3.051, -0.0102388, , , , , , , 3.051, -0.1512322, , , , , , , 3.051, 0.0374304, , , , , , , 3.051, 0.0112459, , , , , , , , , , , , , , , , , , , , , , , , , , , , 
3.0515192, -0.0216526, , , , , , , 3.0515192, -0.1559319, , , , , , , 3.0515192, 0.0399481, , , , , , , 3.0515192, 0.0137636, , , , , , , , , , , , , , , , , , , , , , , , , , , , 
3.0520385, -0.0285344, , , , , , , 3.0520385, -0.1472038, , , , , , , 3.0520385, 0.036759, , , , , , , 3.0520385, 0.017792, , , , , , , , , , , , , , , , , , , , , , , , , , , , 
3.0525577, -0.0360876, , , , , , , 3.0525577, -0.0802319, , , , , , , 3.0525577, 0.0298772, , , , , , , 3.0525577, 0.0209812, , , , , , , , , , , , , , , , , , , , , , , , , , , , 
3.0530769, -0.04448, , , , , , , 3.0530769, 0.0139315, , , , , , , 3.0530769, 0.018967, , , , , , , 3.0530769, 0.0246738, , , , , , , , , , , , , , , , , , , , , , , , , , , , 
3.0535962, -0.0481727, , , , , , , 3.0535962, 0.0971847, , , , , , , 3.0535962, 0.0035248, , , , , , , 3.0535962, 0.026688, , , , , , , , , , , , , , , , , , , , , , , , , , , , 
3.0541154, -0.0481727, , , , , , , 3.0541154, 0.1822843, , , , , , , 3.0541154, -0.0142672, , , , , , , 3.0541154, 0.026688, , , , , , , , , , , , , , , , , , , , , , , , , , , , 
3.0546346, -0.0438087, , , , , , , 3.0546346, 0.2435492, , , , , , , 3.0546346, -0.0263523, , , , , , , 3.0546346, 0.0236667, , , , , , , , , , , , , , , , , , , , , , , , , , , , 
3.0551538, -0.0323949, , , , , , , 3.0551538, 0.2227359, , , , , , , 3.0551538, -0.0352483, , , , , , , 3.0551538, 0.0193027, , , , , , , , , , , , , , , , , , , , , , , , , , , , 
3.0556731, -0.0228275, , , , , , , 3.0556731, 0.1401541, , , , , , , 3.0556731, -0.0471656, , , , , , , 3.0556731, 0.0104067, , , , , , , , , , , , , , , , , , , , , , , , , , , , 
3.0561923, -0.0135958, , , , , , , 3.0561923, 0.0736858, , , , , , , 3.0561923, -0.061265, , , , , , , 3.0561923, 0.0001678, , , , , , , , , , , , , , , , , , , , , , , , , , , , 
3.0567115, -0.0015106, , , , , , , 3.0567115, 0.0381018, , , , , , , 3.0567115, -0.0632792, , , , , , , 3.0567115, -0.005539, , , , , , , , , , , , , , , , , , , , , , , , , , , , 
3.0572308, 0.0085603, , , , , , , 3.0572308, 0.0186313, , , , , , , 3.0572308, -0.0498512, , , , , , , 3.0572308, -0.0035248, , , , , , , , , , , , , , , , , , , , , , , , , , , , 
3.05775, 0.018967, , , , , , , 3.05775, 0.0060426, , , , , , , 3.05775, -0.0337377, , , , , , , 3.05775, 0.002182, , , , , , , , , , , , , , , , , , , , , , , , , , , , 
3.0582692, 0.0250095, , , , , , , 3.0582692, -0.0256809, , , , , , , 3.0582692, -0.0236667, , , , , , , 3.0582692, 0.0119173, , , , , , , , , , , , , , , , , , , , , , , , , , , , 
3.0587885, 0.0293736, , , , , , , 3.0587885, -0.1099413, , , , , , , 3.0587885, -0.0115816, , , , , , , 3.0587885, 0.0209812, , , , , , , , , , , , , , , , , , , , , , , , , , , , 
3.0593077, 0.0271916, , , , , , , 3.0593077, -0.2210575, , , , , , , 3.0593077, 0.0065461, , , , , , , 3.0593077, 0.0287022, , , , , , , , , , , , , , , , , , , , , , , , , , , , 
3.0598269, 0.0198062, , , , , , , 3.0598269, -0.3029679, , , , , , , 3.0598269, 0.026688, , , , , , , 3.0598269, 0.0350805, , , , , , , , , , , , , , , , , , , , , , , , , , , , 
3.0603462, 0.012253, , , , , , , 3.0603462, -0.3127031, , , , , , , 3.0603462, 0.0412909, , , , , , , 3.0603462, 0.0374304, , , , , , , , , , , , , , , , , , , , , , , , , , , , 
3.0608654, 0.0115816, , , , , , , 3.0608654, -0.2532845, , , , , , , 3.0608654, 0.0481727, , , , , , , 3.0608654, 0.0370947, , , , , , , , , , , , , , , , , , , , , , , , , , , , 
3.0613846, 0.0193027, , , , , , , 3.0613846, -0.1707027, , , , , , , 3.0613846, 0.0468299, , , , , , , 3.0613846, 0.0370947, , , , , , , , , , , , , , , , , , , , , , , , , , , , 
3.0619038, 0.0240024, , , , , , , 3.0619038, -0.0981918, , , , , , , 3.0619038, 0.0305486, , , , , , , 3.0619038, 0.033402, , , , , , , , , , , , , , , , , , , , , , , , , , , , 
3.0624231, 0.0213169, , , , , , , 3.0624231, -0.0441444, , , , , , , 3.0624231, 0.0038605, , , , , , , 3.0624231, 0.0293736, , , , , , , , , , , , , , , , , , , , , , , , , , , , 
3.0629423, 0.0199741, , , , , , , 3.0629423, -0.008896, , , , , , , 3.0629423, -0.0229953, , , , , , , 3.0629423, 0.0317235, , , , , , , , , , , , , , , , , , , , , , , , , , , , 
3.0634615, 0.0250095, , , , , , , 3.0634615, 0.0077211, , , , , , , 3.0634615, -0.0471656, , , , , , , 3.0634615, 0.0364233, , , , , , , , , , , , , , , , , , , , , , , , , , , , 
3.0639808, 0.0350805, , , , , , , 3.0639808, 0.0193027, , , , , , , 3.0639808, -0.0663005, , , , , , , 3.0639808, 0.0397803, , , , , , , , , , , , , , , , , , , , , , , , , , , , 
3.0645, 0.0481727, , , , , , , 3.0645, 0.026688, , , , , , , 3.0645, -0.0720073, , , , , , , 3.0645, 0.049012, , , , , , , , , , , , , , , , , , , , , , , , , , , , 
3.0650192, 0.0552224, , , , , , , 3.0650192, 0.0307164, , , , , , , 3.0650192, -0.0720073, , , , , , , 3.0650192, 0.0616007, , , , , , , , , , , , , , , , , , , , , , , , , , , , 
3.0655385, 0.0558938, , , , , , , 3.0655385, 0.0391089, , , , , , , 3.0655385, -0.0663005, , , , , , , 3.0655385, 0.0686503, , , , , , , , , , , , , , , , , , , , , , , , , , , , 
3.0660577, 0.0538796, , , , , , , 3.0660577, 0.0488441, , , , , , , 3.0660577, -0.0542153, , , , , , , 3.0660577, 0.0676432, , , , , , , , , , , , , , , , , , , , , , , , , , , , 
3.0665769, 0.0518654, , , , , , , 3.0665769, 0.0594186, , , , , , , 3.0665769, -0.0471656, , , , , , , 3.0665769, 0.0636149, , , , , , , , , , , , , , , , , , , , , , , , , , , , 
3.0670962, 0.0475013, , , , , , , 3.0670962, 0.0669718, , , , , , , 3.0670962, -0.0522011, , , , , , , 3.0670962, 0.0552224, , , , , , , , , , , , , , , , , , , , , , , , , , , , 
3.0676154, 0.0370947, , , , , , , 3.0676154, 0.0621042, , , , , , , 3.0676154, -0.0570687, , , , , , , 3.0676154, 0.0451514, , , , , , , , , , , , , , , , , , , , , , , , , , , , 
3.0681346, 0.0219883, , , , , , , 3.0681346, 0.0481727, , , , , , , 3.0681346, -0.0520333, , , , , , , 3.0681346, 0.0313878, , , , , , , , , , , , , , , , , , , , , , , , , , , , 
3.0686538, 0.0092317, , , , , , , 3.0686538, 0.0475013, , , , , , , 3.0686538, -0.0406195, , , , , , , 3.0686538, 0.0166171, , , , , , , , , , , , , , , , , , , , , , , , , , , , 
3.0691731, 0.0005035, , , , , , , 3.0691731, 0.0629435, , , , , , , 3.0691731, -0.0330663, , , , , , , 3.0691731, 0.0063783, , , , , , , , , , , , , , , , , , , , , , , , , , , , 
3.0696923, -0.0077211, , , , , , , 3.0696923, 0.0693217, , , , , , , 3.0696923, -0.0246738, , , , , , , 3.0696923, -0.0005035, , , , , , , , , , , , , , , , , , , , , , , , , , , , 
3.0702115, -0.0184634, , , , , , , 3.0702115, 0.0421302, , , , , , , 3.0702115, -0.0073854, , , , , , , 3.0702115, -0.0028534, , , , , , , , , , , , , , , , , , , , , , , , , , , , 
3.0707308, -0.0303807, , , , , , , 3.0707308, -0.0107424, , , , , , , 3.0707308, 0.0240024, , , , , , , 3.0707308, -0.0028534, , , , , , , , , , , , , , , , , , , , , , , , , , , , 
3.07125, -0.0431373, , , , , , , 3.07125, -0.0553902, , , , , , , 3.07125, 0.0666361, , , , , , , 3.07125, -0.0075532, , , , , , , , , , , , , , , , , , , , , , , , , , , , 
3.0717692, -0.054551, , , , , , , 3.0717692, -0.0696574, , , , , , , 3.0717692, 0.109102, , , , , , , 3.0717692, -0.0125887, , , , , , , , , , , , , , , , , , , , , , , , , , , , 
3.0722885, -0.0609293, , , , , , , 3.0722885, -0.0574044, , , , , , , 3.0722885, 0.1404898, , , , , , , 3.0722885, -0.0159457, , , , , , , , , , , , , , , , , , , , , , , , , , , , 
3.0728077, -0.0642863, , , , , , , 3.0728077, -0.0194705, , , , , , , 3.0728077, 0.1643244, , , , , , , 3.0728077, -0.0159457, , , , , , , , , , , , , , , , , , , , , , , , , , , , 
3.0733269, -0.0622721, , , , , , , 3.0733269, 0.0327306, , , , , , , 3.0733269, 0.1854734, , , , , , , 3.0733269, -0.0137636, , , , , , , , , , , , , , , , , , , , , , , , , , , , 
3.0738462, -0.0543832, , , , , , , 3.0738462, 0.072343, , , , , , , 3.0738462, 0.1995727, , , , , , , 3.0738462, -0.0129244, , , , , , , , , , , , , , , , , , , , , , , , , , , , 
3.0743654, -0.0426337, , , , , , , 3.0743654, 0.079057, , , , , , , 3.0743654, 0.2052796, , , , , , , 3.0743654, -0.0139315, , , , , , , , , , , , , , , , , , , , , , , , , , , , 
3.0748846, -0.0290379, , , , , , , 3.0748846, 0.0587472, , , , , , , 3.0748846, 0.1978943, , , , , , , 3.0748846, -0.0125887, , , , , , , , , , , , , , , , , , , , , , , , , , , , 
3.0754038, -0.0135958, , , , , , , 3.0754038, 0.0292058, , , , , , , 3.0754038, 0.1743954, , , , , , , 3.0754038, -0.0109102, , , , , , , , , , , , , , , , , , , , , , , , , , , , 
3.0759231, -0.0005035, , , , , , , 3.0759231, 0.0011749, , , , , , , 3.0759231, 0.1448539, , , , , , , 3.0759231, -0.0109102, , , , , , , , , , , , , , , , , , , , , , , , , , , , 
3.0764423, 0.0052033, , , , , , , 3.0764423, -0.0213169, , , , , , , 3.0764423, 0.1089342, , , , , , , 3.0764423, -0.0105745, , , , , , , , , , , , , , , , , , , , , , , , , , , , 
3.0769615, 0.0095674, , , , , , , 3.0769615, -0.0337377, , , , , , , 3.0769615, 0.0622721, , , , , , , 3.0769615, -0.0068818, , , , , , , , , , , , , , , , , , , , , , , , , , , , 
3.0774808, 0.0186313, , , , , , , 3.0774808, -0.0260166, , , , , , , 3.0774808, 0.0011749, , , , , , , 3.0774808, 0.0005035, , , , , , , , , , , , , , , , , , , , , , , , , , , , 
3.078, 0.0265202, , , , , , , 3.078, 0.0028534, , , , , , , 3.078, -0.0763714, , , , , , , 3.078, 0.0117494, , , , , , , , , , , , , , , , , , , , , , , , , , , , 
3.0785192, 0.0293736, , , , , , , 3.0785192, 0.0379339, , , , , , , 3.0785192, -0.1690242, , , , , , , 3.0785192, 0.0221561, , , , , , , , , , , , , , , , , , , , , , , , , , , , 
3.0790385, 0.0305486, , , , , , , 3.0790385, 0.0587472, , , , , , , 3.0790385, -0.2573129, , , , , , , 3.0790385, 0.0325628, , , , , , , , , , , , , , , , , , , , , , , , , , , , 
3.0795577, 0.0283665, , , , , , , 3.0795577, 0.0589151, , , , , , , 3.0795577, -0.3160601, , , , , , , 3.0795577, 0.0438087, , , , , , , , , , , , , , , , , , , , , , , , , , , , 
3.0800769, 0.0250095, , , , , , , 3.0800769, 0.0461585, , , , , , , 3.0800769, -0.3405661, , , , , , , 3.0800769, 0.054551, , , , , , , , , , , , , , , , , , , , , , , , , , , , 
3.0805962, 0.0270237, , , , , , , 3.0805962, 0.0325628, , , , , , , 3.0805962, -0.3392233, , , , , , , 3.0805962, 0.057908, , , , , , , , , , , , , , , , , , , , , , , , , , , , 
3.0811154, 0.0327306, , , , , , , 3.0811154, 0.0251774, , , , , , , 3.0811154, -0.3231098, , , , , , , 3.0811154, 0.0528725, , , , , , , , , , , , , , , , , , , , , , , , , , , , 
3.0816346, 0.0330663, , , , , , , 3.0816346, 0.0246738, , , , , , , 3.0816346, -0.3046464, , , , , , , 3.0816346, 0.0451514, , , , , , , , , , , , , , , , , , , , , , , , , , , , 
3.0821538, 0.0287022, , , , , , , 3.0821538, 0.0320592, , , , , , , 3.0821538, -0.2834974, , , , , , , 3.0821538, 0.0374304, , , , , , , , , , , , , , , , , , , , , , , , , , , , 
3.0826731, 0.0258488, , , , , , , 3.0826731, 0.0354162, , , , , , , 3.0826731, -0.251606, , , , , , , 3.0826731, 0.0285344, , , , , , , , , , , , , , , , , , , , , , , , , , , , 
3.0831923, 0.0287022, , , , , , , 3.0831923, 0.0260166, , , , , , , 3.0831923, -0.2128328, , , , , , , 3.0831923, 0.0169528, , , , , , , , , , , , , , , , , , , , , , , , , , , , 
3.0837115, 0.0340734, , , , , , , 3.0837115, 0.0015106, , , , , , , 3.0837115, -0.1740597, , , , , , , 3.0837115, 0.0046998, , , , , , , , , , , , , , , , , , , , , , , , , , , , 
3.0842308, 0.0412909, , , , , , , 3.0842308, -0.0337377, , , , , , , 3.0842308, -0.1351186, , , , , , , 3.0842308, -0.0072175, , , , , , , , , , , , , , , , , , , , , , , , , , , , 
3.08475, 0.0448157, , , , , , , 3.08475, -0.0636149, , , , , , , 3.08475, -0.093492, , , , , , , 3.08475, -0.0176242, , , , , , , , , , , , , , , , , , , , , , , , , , , , 
3.0852692, 0.0471656, , , , , , , 3.0852692, -0.0743572, , , , , , , 3.0852692, -0.0498512, , , , , , , 3.0852692, -0.0229953, , , , , , , , , , , , , , , , , , , , , , , , , , , , 
3.0857885, 0.0525368, , , , , , , 3.0857885, -0.0661326, , , , , , , 3.0857885, -0.0085603, , , , , , , 3.0857885, -0.0226596, , , , , , , , , , , , , , , , , , , , , , , , , , , , 
3.0863077, 0.0522011, , , , , , , 3.0863077, -0.0595865, , , , , , , 3.0863077, 0.0229953, , , , , , , 3.0863077, -0.0218204, , , , , , , , , , , , , , , , , , , , , , , , , , , , 
3.0868269, 0.0451514, , , , , , , 3.0868269, -0.0535439, , , , , , , 3.0868269, 0.0488441, , , , , , , 3.0868269, -0.0224918, , , , , , , , , , , , , , , , , , , , , , , , , , , , 
3.0873462, 0.036759, , , , , , , 3.0873462, -0.0317235, , , , , , , 3.0873462, 0.0713359, , , , , , , 3.0873462, -0.0231632, , , , , , , , , , , , , , , , , , , , , , , , , , , , 
3.0878654, 0.0263523, , , , , , , 3.0878654, -0.005539, , , , , , , 3.0878654, 0.0877852, , , , , , , 3.0878654, -0.0218204, , , , , , , , , , , , , , , , , , , , , , , , , , , , 
3.0883846, 0.0146029, , , , , , , 3.0883846, 0.0072175, , , , , , , 3.0883846, 0.0966812, , , , , , , 3.0883846, -0.0176242, , , , , , , , , , , , , , , , , , , , , , , , , , , , 
3.0889038, 0.0072175, , , , , , , 3.0889038, 0.0052033, , , , , , , 3.0889038, 0.1032273, , , , , , , 3.0889038, -0.0147707, , , , , , , , , , , , , , , , , , , , , , , , , , , , 
3.0894231, 0.0025177, , , , , , , 3.0894231, -0.002182, , , , , , , 3.0894231, 0.1065843, , , , , , , 3.0894231, -0.0146029, , , , , , , , , , , , , , , , , , , , , , , , , , , , 
3.0899423, -0.005539, , , , , , , 3.0899423, -0.0099031, , , , , , , 3.0899423, 0.109102, , , , , , , 3.0899423, -0.0146029, , , , , , , , , , , , , , , , , , , , , , , , , , , , 
3.0904615, -0.0226596, , , , , , , 3.0904615, -0.0146029, , , , , , , 3.0904615, 0.1126268, , , , , , , 3.0904615, -0.0095674, , , , , , , , , , , , , , , , , , , , , , , , , , , , 
3.0909808, -0.0421302, , , , , , , 3.0909808, -0.0203098, , , , , , , 3.0909808, 0.1126268, , , , , , , 3.0909808, -0.0001678, , , , , , , , , , , , , , , , , , , , , , , , , , , , 
3.0915, -0.0522011, , , , , , , 3.0915, -0.0290379, , , , , , , 3.0915, 0.111284, , , , , , , 3.0915, 0.0099031, , , , , , , , , , , , , , , , , , , , , , , , , , , , 
3.0920192, -0.0535439, , , , , , , 3.0920192, -0.0392767, , , , , , , 3.0920192, 0.1139696, , , , , , , 3.0920192, 0.018967, , , , , , , , , , , , , , , , , , , , , , , , , , , , 
3.0925385, -0.0562295, , , , , , , 3.0925385, -0.0505226, , , , , , , 3.0925385, 0.117998, , , , , , , 3.0925385, 0.0293736, , , , , , , , , , , , , , , , , , , , , , , , , , , , 
3.0930577, -0.0585794, , , , , , , 3.0930577, -0.0622721, , , , , , , 3.0930577, 0.1220264, , , , , , , 3.0930577, 0.0387732, , , , , , , , , , , , , , , , , , , , , , , , , , , , 
3.0935769, -0.054551, , , , , , , 3.0935769, -0.0720073, , , , , , , 3.0935769, 0.1260548, , , , , , , 3.0935769, 0.0454871, , , , , , , , , , , , , , , , , , , , , , , , , , , , 
3.0940962, -0.0431373, , , , , , , 3.0940962, -0.068986, , , , , , , 3.0940962, 0.1277333, , , , , , , 3.0940962, 0.0464942, , , , , , , , , , , , , , , , , , , , , , , , , , , , 
3.0946154, -0.0271916, , , , , , , 3.0946154, -0.0505226, , , , , , , 3.0946154, 0.1240406, , , , , , , 3.0946154, 0.040116, , , , , , , , , , , , , , , , , , , , , , , , , , , , 
3.0951346, -0.0169528, , , , , , , 3.0951346, -0.0248417, , , , , , , 3.0951346, 0.1159838, , , , , , , 3.0951346, 0.030045, , , , , , , , , , , , , , , , , , , , , , , , , , , , 
3.0956538, -0.0099031, , , , , , , 3.0956538, -0.0082246, , , , , , , 3.0956538, 0.110277, , , , , , , 3.0956538, 0.0196384, , , , , , , , , , , , , , , , , , , , , , , , , , , , 
3.0961731, 0.0001678, , , , , , , 3.0961731, -0.0035248, , , , , , , 3.0961731, 0.1085985, , , , , , , 3.0961731, 0.0112459, , , , , , , , , , , , , , , , , , , , , , , , , , , , 
3.0966923, 0.0109102, , , , , , , 3.0966923, -0.005539, , , , , , , 3.0966923, 0.1054093, , , , , , , 3.0966923, 0.005539, , , , , , , , , , , , , , , , , , , , , , , , , , , , 
3.0972115, 0.0169528, , , , , , , 3.0972115, -0.0135958, , , , , , , 3.0972115, 0.0975204, , , , , , , 3.0972115, 0.0013428, , , , , , , , , , , , , , , , , , , , , , , , , , , , 
3.0977308, 0.0166171, , , , , , , 3.0977308, -0.0182956, , , , , , , 3.0977308, 0.0924849, , , , , , , 3.0977308, -0.0001678, , , , , , , , , , , , , , , , , , , , , , , , , , , , 
3.09825, 0.0203098, , , , , , , 3.09825, -0.01561, , , , , , , 3.09825, 0.0960098, , , , , , , 3.09825, -0.0008392, , , , , , , , , , , , , , , , , , , , , , , , , , , , 
3.0987692, 0.0310521, , , , , , , 3.0987692, -0.0119173, , , , , , , 3.0987692, 0.1030594, , , , , , , 3.0987692, -0.003357, , , , , , , , , , , , , , , , , , , , , , , , , , , , 
3.0992885, 0.0404517, , , , , , , 3.0992885, -0.0082246, , , , , , , 3.0992885, 0.1065843, , , , , , , 3.0992885, -0.0028534, , , , , , , , , , , , , , , , , , , , , , , , , , , , 
3.0998077, 0.0392767, , , , , , , 3.0998077, -0.0041962, , , , , , , 3.0998077, 0.0988632, , , , , , , 3.0998077, -0.0015106, , , , , , , , , , , , , , , , , , , , , , , , , , , , 
3.1003269, 0.0330663, , , , , , , 3.1003269, -0.0001678, , , , , , , 3.1003269, 0.0840925, , , , , , , 3.1003269, -0.0035248, , , , , , , , , , , , , , , , , , , , , , , , , , , , 
3.1008462, 0.0293736, , , , , , , 3.1008462, 0.0041962, , , , , , , 3.1008462, 0.0679789, , , , , , , 3.1008462, -0.0075532, , , , , , , , , , , , , , , , , , , , , , , , , , , , 
3.1013654, 0.0310521, , , , , , , 3.1013654, 0.008896, , , , , , , 3.1013654, 0.0495155, , , , , , , 3.1013654, -0.0115816, , , , , , , , , , , , , , , , , , , , , , , , , , , , 
3.1018846, 0.0327306, , , , , , , 3.1018846, 0.0132601, , , , , , , 3.1018846, 0.026688, , , , , , , 3.1018846, -0.012253, , , , , , , , , , , , , , , , , , , , , , , , , , , , 
3.1024038, 0.0337377, , , , , , , 3.1024038, 0.0142672, , , , , , , 3.1024038, -0.0030213, , , , , , , 3.1024038, -0.0132601, , , , , , , , , , , , , , , , , , , , , , , , , , , , 
3.1029231, 0.036759, , , , , , , 3.1029231, 0.0161135, , , , , , , 3.1029231, -0.0387732, , , , , , , 3.1029231, -0.0135958, , , , , , , , , , , , , , , , , , , , , , , , , , , , 
3.1034423, 0.0464942, , , , , , , 3.1034423, 0.0219883, , , , , , , 3.1034423, -0.0787213, , , , , , , 3.1034423, -0.012253, , , , , , , , , , , , , , , , , , , , , , , , , , , , 
3.1039615, 0.0605936, , , , , , , 3.1039615, 0.026688, , , , , , , 3.1039615, -0.1232013, , , , , , , 3.1039615, -0.0115816, , , , , , , , , , , , , , , , , , , , , , , , , , , , 
3.1044808, 0.072343, , , , , , , 3.1044808, 0.0273594, , , , , , , 3.1044808, -0.1656672, , , , , , , 3.1044808, -0.0132601, , , , , , , , , , , , , , , , , , , , , , , , , , , , 
3.105, 0.0797284, , , , , , , 3.105, 0.0275273, , , , , , , 3.105, -0.1921874, , , , , , , 3.105, -0.0129244, , , , , , , , , , , , , , , , , , , , , , , , , , , , 
3.1055192, 0.0817426, , , , , , , 3.1055192, 0.0260166, , , , , , , 3.1055192, -0.2030976, , , , , , , 3.1055192, -0.0115816, , , , , , , , , , , , , , , , , , , , , , , , , , , , 
3.1060385, 0.0807355, , , , , , , 3.1060385, 0.0357519, , , , , , , 3.1060385, -0.2084688, , , , , , , 3.1060385, -0.0112459, , , , , , , , , , , , , , , , , , , , , , , , , , , , 
3.1065577, 0.0777142, , , , , , , 3.1065577, 0.0622721, , , , , , , 3.1065577, -0.205951, , , , , , , 3.1065577, -0.0095674, , , , , , , , , , , , , , , , , , , , , , , , , , , , 
3.1070769, 0.0720073, , , , , , , 3.1070769, 0.0877852, , , , , , , 3.1070769, -0.1896696, , , , , , , 3.1070769, -0.0045319, , , , , , , , , , , , , , , , , , , , , , , , , , , , 
3.1075962, 0.0669718, , , , , , , 3.1075962, 0.1079271, , , , , , , 3.1075962, -0.158114, , , , , , , 3.1075962, 0.0052033, , , , , , , , , , , , , , , , , , , , , , , , , , , , 
3.1081154, 0.0594186, , , , , , , 3.1081154, 0.1176623, , , , , , , 3.1081154, -0.1084306, , , , , , , 3.1081154, 0.0196384, , , , , , , , , , , , , , , , , , , , , , , , , , , , 
3.1086346, 0.0493477, , , , , , , 3.1086346, 0.103563, , , , , , , 3.1086346, -0.0535439, , , , , , , 3.1086346, 0.033402, , , , , , , , , , , , , , , , , , , , , , , , , , , , 
3.1091538, 0.0392767, , , , , , , 3.1091538, 0.0716716, , , , , , , 3.1091538, -0.0152743, , , , , , , 3.1091538, 0.047837, , , , , , , , , , , , , , , , , , , , , , , , , , , , 
3.1096731, 0.0253452, , , , , , , 3.1096731, 0.0364233, , , , , , , 3.1096731, 0.0003357, , , , , , , 3.1096731, 0.0676432, , , , , , , , , , , , , , , , , , , , , , , , , , , , 
3.1101923, 0.0109102, , , , , , , 3.1101923, 0.0082246, , , , , , , 3.1101923, 0.0005035, , , , , , , 3.1101923, 0.0951705, , , , , , , , , , , , , , , , , , , , , , , , , , , , 
3.1107115, -0.0025177, , , , , , , 3.1107115, -0.0139315, , , , , , , 3.1107115, -0.0036927, , , , , , , 3.1107115, 0.1193408, , , , , , , , , , , , , , , , , , , , , , , , , , , , 
3.1112308, -0.0209812, , , , , , , 3.1112308, -0.033402, , , , , , , 3.1112308, -0.0035248, , , , , , , 3.1112308, 0.1307546, , , , , , , , , , , , , , , , , , , , , , , , , , , , 
3.11175, -0.0424659, , , , , , , 3.11175, -0.0740215, , , , , , , 3.11175, -0.0062104, , , , , , , 3.11175, 0.1273976, , , , , , , , , , , , , , , , , , , , , , , , , , , , 
3.1122692, -0.057908, , , , , , , 3.1122692, -0.1317617, , , , , , , 3.1122692, -0.0196384, , , , , , , 3.1122692, 0.117998, , , , , , , , , , , , , , , , , , , , , , , , , , , , 
3.1127885, -0.0592508, , , , , , , 3.1127885, -0.1623102, , , , , , , 3.1127885, -0.0412909, , , , , , , 3.1127885, 0.1106126, , , , , , , , , , , , , , , , , , , , , , , , , , , , 
3.1133077, -0.0605936, , , , , , , 3.1133077, -0.1451896, , , , , , , 3.1133077, -0.0592508, , , , , , , 3.1133077, 0.1028916, , , , , , , , , , , , , , , , , , , , , , , , , , , , 
3.1138269, -0.0575723, , , , , , , 3.1138269, -0.0847639, , , , , , , 3.1138269, -0.063447, , , , , , , 3.1138269, 0.0889601, , , , , , , , , , , , , , , , , , , , , , , , , , , , 
3.1143462, -0.0439765, , , , , , , 3.1143462, -0.0290379, , , , , , , 3.1143462, -0.064622, , , , , , , 3.1143462, 0.0703288, , , , , , , , , , , , , , , , , , , , , , , , , , , , 
3.1148654, -0.0270237, , , , , , , 3.1148654, -0.0130922, , , , , , , 3.1148654, -0.0666361, , , , , , , 3.1148654, 0.0527047, , , , , , , , , , , , , , , , , , , , , , , , , , , , 
3.1153846, -0.0129244, , , , , , , 3.1153846, -0.0146029, , , , , , , 3.1153846, -0.0649577, , , , , , , 3.1153846, 0.0360876, , , , , , , , , , , , , , , , , , , , , , , , , , , , 
3.1159038, -0.0031891, , , , , , , 3.1159038, -0.0219883, , , , , , , 3.1159038, -0.0572366, , , , , , , 3.1159038, 0.0206455, , , , , , , , , , , , , , , , , , , , , , , , , , , , 
3.1164231, 0.0052033, , , , , , , 3.1164231, -0.0352483, , , , , , , 3.1164231, -0.0406195, , , , , , , 3.1164231, 0.0105745, , , , , , , , , , , , , , , , , , , , , , , , , , , , 
3.1169423, 0.0218204, , , , , , , 3.1169423, -0.0560616, , , , , , , 3.1169423, -0.0157778, , , , , , , 3.1169423, 0.0068818, , , , , , , , , , , , , , , , , , , , , , , , , , , , 
3.1174615, 0.0360876, , , , , , , 3.1174615, -0.0780499, , , , , , , 3.1174615, 0.0025177, , , , , , , 3.1174615, 0.0018463, , , , , , , , , , , , , , , , , , , , , , , , , , , , 
3.1179808, 0.0379339, , , , , , , 3.1179808, -0.1025559, , , , , , , 3.1179808, 0.0119173, , , , , , , 3.1179808, -0.0041962, , , , , , , , , , , , , , , , , , , , , , , , , , , , 
3.1185, 0.036759, , , , , , , 3.1185, -0.1226978, , , , , , , 3.1185, 0.0132601, , , , , , , 3.1185, -0.0105745, , , , , , , , , , , , , , , , , , , , , , , , , , , , 
3.1190192, 0.0374304, , , , , , , 3.1190192, -0.1317617, , , , , , , 3.1190192, 0.0129244, , , , , , , 3.1190192, -0.0162814, , , , , , , , , , , , , , , , , , , , , , , , , , , , 
3.1195385, 0.0360876, , , , , , , 3.1195385, -0.1232013, , , , , , , 3.1195385, 0.0179599, , , , , , , 3.1195385, -0.0193027, , , , , , , , , , , , , , , , , , , , , , , , , , , , 
3.1200577, 0.0313878, , , , , , , 3.1200577, -0.1126268, , , , , , , 3.1200577, 0.0246738, , , , , , , 3.1200577, -0.0203098, , , , , , , , , , , , , , , , , , , , , , , , , , , , 
3.1205769, 0.0258488, , , , , , , 3.1205769, -0.1096056, , , , , , , 3.1205769, 0.033402, , , , , , , 3.1205769, -0.023331, , , , , , , , , , , , , , , , , , , , , , , , , , , , 
3.1210962, 0.0226596, , , , , , , 3.1210962, -0.0780499, , , , , , , 3.1210962, 0.0473335, , , , , , , 3.1210962, -0.0256809, , , , , , , , , , , , , , , , , , , , , , , , , , , , 
3.1216154, 0.0209812, , , , , , , 3.1216154, -0.0129244, , , , , , , 3.1216154, 0.0595865, , , , , , , 3.1216154, -0.0229953, , , , , , , , , , , , , , , , , , , , , , , , , , , , 
3.1221346, 0.0166171, , , , , , , 3.1221346, 0.0538796, , , , , , , 3.1221346, 0.0609293, , , , , , , 3.1221346, -0.0139315, , , , , , , , , , , , , , , , , , , , , , , , , , , , 
3.1226538, 0.012253, , , , , , , 3.1226538, 0.1089342, , , , , , , 3.1226538, 0.0530404, , , , , , , 3.1226538, -0.0028534, , , , , , , , , , , , , , , , , , , , , , , , , , , , 
3.1231731, 0.0169528, , , , , , , 3.1231731, 0.1262226, , , , , , , 3.1231731, 0.0386053, , , , , , , 3.1231731, 0.0028534, , , , , , , , , , , , , , , , , , , , , , , , , , , , 
3.1236923, 0.0276951, , , , , , , 3.1236923, 0.1012131, , , , , , , 3.1236923, 0.0240024, , , , , , , 3.1236923, 0.0005035, , , , , , , , , , , , , , , , , , , , , , , , , , , , 
3.1242115, 0.0412909, , , , , , , 3.1242115, 0.0639506, , , , , , , 3.1242115, 0.0172885, , , , , , , 3.1242115, -0.0035248, , , , , , , , , , , , , , , , , , , , , , , , , , , , 
3.1247308, 0.0540475, , , , , , , 3.1247308, 0.0313878, , , , , , , 3.1247308, 0.017792, , , , , , , 3.1247308, -0.0082246, , , , , , , , , , , , , , , , , , , , , , , , , , , , 
3.12525, 0.0594186, , , , , , , 3.12525, -0.0008392, , , , , , , 3.12525, 0.0146029, , , , , , , 3.12525, -0.0149386, , , , , , , , , , , , , , , , , , , , , , , , , , , , 
3.1257692, 0.0572366, , , , , , , 3.1257692, -0.0471656, , , , , , , 3.1257692, 0.0028534, , , , , , , 3.1257692, -0.0253452, , , , , , , , , , , , , , , , , , , , , , , , , , , , 
3.1262885, 0.0594186, , , , , , , 3.1262885, -0.0703288, , , , , , , 3.1262885, -0.0102388, , , , , , , 3.1262885, -0.035584, , , , , , , , , , , , , , , , , , , , , , , , , , , , 
3.1268077, 0.0558938, , , , , , , 3.1268077, -0.0555581, , , , , , , 3.1268077, -0.0224918, , , , , , , 3.1268077, -0.0399481, , , , , , , , , , , , , , , , , , , , , , , , , , , , 
3.1273269, 0.0421302, , , , , , , 3.1273269, -0.0139315, , , , , , , 3.1273269, -0.0372625, , , , , , , 3.1273269, -0.0407874, , , , , , , , , , , , , , , , , , , , , , , , , , , , 
3.1278462, 0.0250095, , , , , , , 3.1278462, 0.0505226, , , , , , , 3.1278462, -0.0471656, , , , , , , 3.1278462, -0.0417945, , , , , , , , , , , , , , , , , , , , , , , , , , , , 
3.1283654, 0.0070497, , , , , , , 3.1283654, 0.0956741, , , , , , , 3.1283654, -0.0480049, , , , , , , 3.1283654, -0.0421302, , , , , , , , , , , , , , , , , , , , , , , , , , , , 
3.1288846, -0.0085603, , , , , , , 3.1288846, 0.0797284, , , , , , , 3.1288846, -0.0360876, , , , , , , 3.1288846, -0.0404517, , , , , , , , , , , , , , , , , , , , , , , , , , , , 
3.1294038, -0.018967, , , , , , , 3.1294038, 0.0139315, , , , , , , 3.1294038, -0.0119173, , , , , , , 3.1294038, -0.036759, , , , , , , , , , , , , , , , , , , , , , , , , , , , 
3.1299231, -0.0297093, , , , , , , 3.1299231, -0.0609293, , , , , , , 3.1299231, 0.0139315, , , , , , , 3.1299231, -0.0263523, , , , , , , , , , , , , , , , , , , , , , , , , , , , 
3.1304423, -0.0446479, , , , , , , 3.1304423, -0.1096056, , , , , , , 3.1304423, 0.0307164, , , , , , , 3.1304423, -0.0142672, , , , , , , , , , , , , , , , , , , , , , , , , , , , 
3.1309615, -0.0574044, , , , , , , 3.1309615, -0.1156481, , , , , , , 3.1309615, 0.0381018, , , , , , , 3.1309615, -0.0078889, , , , , , , , , , , , , , , , , , , , , , , , , , , , 
3.1314808, -0.0661326, , , , , , , 3.1314808, -0.0961776, , , , , , , 3.1314808, 0.0370947, , , , , , , 3.1314808, -0.0031891, , , , , , , , , , , , , , , , , , , , , , , , , , , , 
3.132, -0.0641184, , , , , , , 3.132, -0.082414, , , , , , , 3.132, 0.0240024, , , , , , , 3.132, 0.0025177, , , , , , , , , , , , , , , , , , , , , , , , , , , , 
3.1325192, -0.0575723, , , , , , , 3.1325192, -0.0706645, , , , , , , 3.1325192, 0.0078889, , , , , , , 3.1325192, 0.0090639, , , , , , , , , , , , , , , , , , , , , , , , , , , , 
3.1330385, -0.0532082, , , , , , , 3.1330385, -0.0428016, , , , , , , 3.1330385, 0.0052033, , , , , , , 3.1330385, 0.0151064, , , , , , , , , , , , , , , , , , , , , , , , , , , , 
3.1335577, -0.047837, , , , , , , 3.1335577, -0.012253, , , , , , , 3.1335577, 0.0048676, , , , , , , 3.1335577, 0.0162814, , , , , , , , , , , , , , , , , , , , , , , , , , , , 
3.1340769, -0.0323949, , , , , , , 3.1340769, -0.0015106, , , , , , , 3.1340769, -0.0046998, , , , , , , 3.1340769, 0.0157778, , , , , , , , , , , , , , , , , , , , , , , , , , , , 
3.1345962, -0.0119173, , , , , , , 3.1345962, -0.0041962, , , , , , , 3.1345962, -0.0162814, , , , , , , 3.1345962, 0.0151064, , , , , , , , , , , , , , , , , , , , , , , , , , , , 
3.1351154, 0.0038605, , , , , , , 3.1351154, 0.002182, , , , , , , 3.1351154, -0.0146029, , , , , , , 3.1351154, 0.0139315, , , , , , , , , , , , , , , , , , , , , , , , , , , , 
3.1356346, 0.0186313, , , , , , , 3.1356346, 0.0176242, , , , , , , 3.1356346, -0.0018463, , , , , , , 3.1356346, 0.0132601, , , , , , , , , , , , , , , , , , , , , , , , , , , , 
3.1361538, 0.0303807, , , , , , , 3.1361538, 0.0347448, , , , , , , 3.1361538, 0.0132601, , , , , , , 3.1361538, 0.0125887, , , , , , , , , , , , , , , , , , , , , , , , , , , , 
3.1366731, 0.0344091, , , , , , , 3.1366731, 0.0454871, , , , , , , 3.1366731, 0.0276951, , , , , , , 3.1366731, 0.0095674, , , , , , , , , , , , , , , , , , , , , , , , , , , , 
3.1371923, 0.0318914, , , , , , , 3.1371923, 0.047837, , , , , , , 3.1371923, 0.0441444, , , , , , , 3.1371923, 0.0075532, , , , , , , , , , , , , , , , , , , , , , , , , , , , 
3.1377115, 0.0287022, , , , , , , 3.1377115, 0.0495155, , , , , , , 3.1377115, 0.0552224, , , , , , , 3.1377115, 0.0077211, , , , , , , , , , , , , , , , , , , , , , , , , , , , 
3.1382308, 0.0273594, , , , , , , 3.1382308, 0.0493477, , , , , , , 3.1382308, 0.0468299, , , , , , , 3.1382308, 0.0068818, , , , , , , , , , , , , , , , , , , , , , , , , , , , 
3.13875, 0.0265202, , , , , , , 3.13875, 0.0527047, , , , , , , 3.13875, 0.0256809, , , , , , , 3.13875, 0.0078889, , , , , , , , , , , , , , , , , , , , , , , , , , , , 
3.1392692, 0.0275273, , , , , , , 3.1392692, 0.057908, , , , , , , 3.1392692, 0.0018463, , , , , , , 3.1392692, 0.0112459, , , , , , , , , , , , , , , , , , , , , , , , , , , , 
3.1397885, 0.0307164, , , , , , , 3.1397885, 0.0589151, , , , , , , 3.1397885, -0.0283665, , , , , , , 3.1397885, 0.01561, , , , , , , , , , , , , , , , , , , , , , , , , , , , 
3.1403077, 0.0273594, , , , , , , 3.1403077, 0.0562295, , , , , , , 3.1403077, -0.0639506, , , , , , , 3.1403077, 0.0206455, , , , , , , , , , , , , , , , , , , , , , , , , , , , 
3.1408269, 0.0226596, , , , , , , 3.1408269, 0.0454871, , , , , , , 3.1408269, -0.087953, , , , , , , 3.1408269, 0.024506, , , , , , , , , , , , , , , , , , , , , , , , , , , , 
3.1413462, 0.0219883, , , , , , , 3.1413462, 0.030045, , , , , , , 3.1413462, -0.0914778, , , , , , , 3.1413462, 0.03122, , , , , , , , , , , , , , , , , , , , , , , , , , , , 
3.1418654, 0.0199741, , , , , , , 3.1418654, 0.0112459, , , , , , , 3.1418654, -0.0803998, , , , , , , 3.1418654, 0.0365911, , , , , , , , , , , , , , , , , , , , , , , , , , , , 
3.1423846, 0.0169528, , , , , , , 3.1423846, 0.0041962, , , , , , , 3.1423846, -0.0681468, , , , , , , 3.1423846, 0.0330663, , , , , , , , , , , , , , , , , , , , , , , , , , , , 
3.1429038, 0.0226596, , , , , , , 3.1429038, 0.0062104, , , , , , , 3.1429038, -0.0639506, , , , , , , 3.1429038, 0.0246738, , , , , , , , , , , , , , , , , , , , , , , , , , , , 
3.1434231, 0.040116, , , , , , , 3.1434231, 0.0078889, , , , , , , 3.1434231, -0.0679789, , , , , , , 3.1434231, 0.0226596, , , , , , , , , , , , , , , , , , , , , , , , , , , , 
3.1439423, 0.0582437, , , , , , , 3.1439423, 0.0092317, , , , , , , 3.1439423, -0.0777142, , , , , , , 3.1439423, 0.0253452, , , , , , , , , , , , , , , , , , , , , , , , , , , , 
3.1444615, 0.0704967, , , , , , , 3.1444615, 0.0008392, , , , , , , 3.1444615, -0.0914778, , , , , , , 3.1444615, 0.0263523, , , , , , , , , , , , , , , , , , , , , , , , , , , , 
3.1449808, 0.0783856, , , , , , , 3.1449808, -0.0102388, , , , , , , 3.1449808, -0.1020523, , , , , , , 3.1449808, 0.0236667, , , , , , , , , , , , , , , , , , , , , , , , , , , , 
3.1455, 0.0827497, , , , , , , 3.1455, -0.008896, , , , , , , 3.1455, -0.0981918, , , , , , , 3.1455, 0.0226596, , , , , , , , , , , , , , , , , , , , , , , , , , , , 
3.1460192, 0.0777142, , , , , , , 3.1460192, -0.0026856, , , , , , , 3.1460192, -0.0770428, , , , , , , 3.1460192, 0.0256809, , , , , , , , , , , , , , , , , , , , , , , , , , , , 
3.1465385, 0.0663005, , , , , , , 3.1465385, -0.0082246, , , , , , , 3.1465385, -0.0520333, , , , , , , 3.1465385, 0.0292058, , , , , , , , , , , , , , , , , , , , , , , , , , , , 
3.1470577, 0.0565652, , , , , , , 3.1470577, -0.0221561, , , , , , , 3.1470577, -0.0364233, , , , , , , 3.1470577, 0.0285344, , , , , , , , , , , , , , , , , , , , , , , , , , , , 
3.1475769, 0.0481727, , , , , , , 3.1475769, -0.0303807, , , , , , , 3.1475769, -0.0229953, , , , , , , 3.1475769, 0.0263523, , , , , , , , , , , , , , , , , , , , , , , , , , , , 
3.1480962, 0.0394446, , , , , , , 3.1480962, -0.0240024, , , , , , , 3.1480962, -0.0092317, , , , , , , 3.1480962, 0.023331, , , , , , , , , , , , , , , , , , , , , , , , , , , , 
3.1486154, 0.0273594, , , , , , , 3.1486154, -0.0095674, , , , , , , 3.1486154, 0.0025177, , , , , , , 3.1486154, 0.0176242, , , , , , , , , , , , , , , , , , , , , , , , , , , , 
3.1491346, 0.0129244, , , , , , , 3.1491346, 0.0035248, , , , , , , 3.1491346, 0.0095674, , , , , , , 3.1491346, 0.0125887, , , , , , , , , , , , , , , , , , , , , , , , , , , , 
3.1496538, -0.0008392, , , , , , , 3.1496538, 0.0251774, , , , , , , 3.1496538, 0.0139315, , , , , , , 3.1496538, 0.0146029, , , , , , , , , , , , , , , , , , , , , , , , , , , , 
3.1501731, -0.0169528, , , , , , , 3.1501731, 0.0387732, , , , , , , 3.1501731, 0.0179599, , , , , , , 3.1501731, 0.0198062, , , , , , , , , , , , , , , , , , , , , , , , , , , , 
3.1506923, -0.0370947, , , , , , , 3.1506923, 0.0397803, , , , , , , 3.1506923, 0.0271916, , , , , , , 3.1506923, 0.023331, , , , , , , , , , , , , , , , , , , , , , , , , , , , 
3.1512115, -0.0538796, , , , , , , 3.1512115, 0.0414588, , , , , , , 3.1512115, 0.0394446, , , , , , , 3.1512115, 0.0256809, , , , , , , , , , , , , , , , , , , , , , , , , , , , 
3.1517308, -0.0649577, , , , , , , 3.1517308, 0.0451514, , , , , , , 3.1517308, 0.0505226, , , , , , , 3.1517308, 0.0330663, , , , , , , , , , , , , , , , , , , , , , , , , , , , 
3.15225, -0.0753643, , , , , , , 3.15225, 0.0381018, , , , , , , 3.15225, 0.0587472, , , , , , , 3.15225, 0.0431373, , , , , , , , , , , , , , , , , , , , , , , , , , , , 
3.1527692, -0.0793927, , , , , , , 3.1527692, 0.0172885, , , , , , , 3.1527692, 0.0663005, , , , , , , 3.1527692, 0.047837, , , , , , , , , , , , , , , , , , , , , , , , , , , , 
3.1532885, -0.0810712, , , , , , , 3.1532885, -0.0090639, , , , , , , 3.1532885, 0.0730144, , , , , , , 3.1532885, 0.0414588, , , , , , , , , , , , , , , , , , , , , , , , , , , , 
3.1538077, -0.0814069, , , , , , , 3.1538077, -0.0323949, , , , , , , 3.1538077, 0.076875, , , , , , , 3.1538077, 0.030045, , , , , , , , , , , , , , , , , , , , , , , , , , , , 
3.1543269, -0.0699931, , , , , , , 3.1543269, -0.0580758, , , , , , , 3.1543269, 0.0767071, , , , , , , 3.1543269, 0.0186313, , , , , , , , , , , , , , , , , , , , , , , , , , , , 
3.1548462, -0.0532082, , , , , , , 3.1548462, -0.0834211, , , , , , , 3.1548462, 0.0726787, , , , , , , 3.1548462, 0.0095674, , , , , , , , , , , , , , , , , , , , , , , , , , , , 
3.1553654, -0.0397803, , , , , , , 3.1553654, -0.0961776, , , , , , , 3.1553654, 0.0669718, , , , , , , 3.1553654, 0.0031891, , , , , , , , , , , , , , , , , , , , , , , , , , , , 
3.1558846, -0.0305486, , , , , , , 3.1558846, -0.0928206, , , , , , , 3.1558846, 0.0636149, , , , , , , 3.1558846, 0.0001678, , , , , , , , , , , , , , , , , , , , , , , , , , , , 
3.1564038, -0.0236667, , , , , , , 3.1564038, -0.082414, , , , , , , 3.1564038, 0.0629435, , , , , , , 3.1564038, -0.0008392, , , , , , , , , , , , , , , , , , , , , , , , , , , , 
3.1569231, -0.0151064, , , , , , , 3.1569231, -0.0716716, , , , , , , 3.1569231, 0.0609293, , , , , , , 3.1569231, -0.0005035, , , , , , , , , , , , , , , , , , , , , , , , , , , , 
3.1574423, -0.0031891, , , , , , , 3.1574423, -0.0532082, , , , , , , 3.1574423, 0.0538796, , , , , , , 3.1574423, 0.0001678, , , , , , , , , , , , , , , , , , , , , , , , , , , , 
3.1579615, 0.0045319, , , , , , , 3.1579615, -0.0193027, , , , , , , 3.1579615, 0.040116, , , , , , , 3.1579615, 0.0008392, , , , , , , , , , , , , , , , , , , , , , , , , , , , 
3.1584808, 0.0125887, , , , , , , 3.1584808, 0.0132601, , , , , , , 3.1584808, 0.0283665, , , , , , , 3.1584808, 0.0018463, , , , , , , , , , , , , , , , , , , , , , , , , , , , 
3.159, 0.0216526, , , , , , , 3.159, 0.0260166, , , , , , , 3.159, 0.0166171, , , , , , , 3.159, 0.0018463, , , , , , , , , , , , , , , , , , , , , , , , , , , , 
3.1595192, 0.0280308, , , , , , , 3.1595192, 0.0172885, , , , , , , 3.1595192, 0.0031891, , , , , , , 3.1595192, 0.0031891, , , , , , , , , , , , , , , , , , , , , , , , , , , , 
3.1600385, 0.033402, , , , , , , 3.1600385, 0.0070497, , , , , , , 3.1600385, 0.0025177, , , , , , , 3.1600385, 0.0052033, , , , , , , , , , , , , , , , , , , , , , , , , , , , 
3.1605577, 0.0414588, , , , , , , 3.1605577, 0.0075532, , , , , , , 3.1605577, 0.0250095, , , , , , , 3.1605577, 0.0052033, , , , , , , , , , , , , , , , , , , , , , , , , , , , 
3.1610769, 0.0461585, , , , , , , 3.1610769, 0.0063783, , , , , , , 3.1610769, 0.0574044, , , , , , , 3.1610769, 0.0038605, , , , , , , , , , , , , , , , , , , , , , , , , , , , 
3.1615962, 0.04448, , , , , , , 3.1615962, -0.0060426, , , , , , , 3.1615962, 0.0884565, , , , , , , 3.1615962, 0.0058747, , , , , , , , , , , , , , , , , , , , , , , , , , , , 
3.1621154, 0.0431373, , , , , , , 3.1621154, -0.0305486, , , , , , , 3.1621154, 0.1099413, , , , , , , 3.1621154, 0.0105745, , , , , , , , , , , , , , , , , , , , , , , , , , , , 
3.1626346, 0.0387732, , , , , , , 3.1626346, -0.0476692, , , , , , , 3.1626346, 0.1132982, , , , , , , 3.1626346, 0.0125887, , , , , , , , , , , , , , , , , , , , , , , , , , , , 
3.1631538, 0.036759, , , , , , , 3.1631538, -0.0471656, , , , , , , 3.1631538, 0.0995346, , , , , , , 3.1631538, 0.0129244, , , , , , , , , , , , , , , , , , , , , , , , , , , , 
3.1636731, 0.0454871, , , , , , , 3.1636731, -0.036759, , , , , , , 3.1636731, 0.072343, , , , , , , 3.1636731, 0.0095674, , , , , , , , , , , , , , , , , , , , , , , , , , , , 
3.1641923, 0.0599222, , , , , , , 3.1641923, -0.0151064, , , , , , , 3.1641923, 0.0340734, , , , , , , 3.1641923, 0.0025177, , , , , , , , , , , , , , , , , , , , , , , , , , , , 
3.1647115, 0.0686503, , , , , , , 3.1647115, 0.0078889, , , , , , , 3.1647115, -0.0129244, , , , , , , 3.1647115, -0.0028534, , , , , , , , , , , , , , , , , , , , , , , , , , , , 
3.1652308, 0.0720073, , , , , , , 3.1652308, 0.01561, , , , , , , 3.1652308, -0.0637827, , , , , , , 3.1652308, -0.0068818, , , , , , , , , , , , , , , , , , , , , , , , , , , , 
3.16575, 0.0770428, , , , , , , 3.16575, 0.0142672, , , , , , , 3.16575, -0.110277, , , , , , , 3.16575, -0.0102388, , , , , , , , , , , , , , , , , , , , , , , , , , , , 
3.1662692, 0.0803998, , , , , , , 3.1662692, 0.0172885, , , , , , , 3.1662692, -0.1431754, , , , , , , 3.1662692, -0.0135958, , , , , , , , , , , , , , , , , , , , , , , , , , , , 
3.1667885, 0.0834211, , , , , , , 3.1667885, 0.0320592, , , , , , , 3.1667885, -0.1666743, , , , , , , 3.1667885, -0.0171206, , , , , , , , , , , , , , , , , , , , , , , , , , , , 
3.1673077, 0.0770428, , , , , , , 3.1673077, 0.0515297, , , , , , , 3.1673077, -0.184802, , , , , , , 3.1673077, -0.0196384, , , , , , , , , , , , , , , , , , , , , , , , , , , , 
3.1678269, 0.0656291, , , , , , , 3.1678269, 0.0525368, , , , , , , 3.1678269, -0.1978943, , , , , , , 3.1678269, -0.0182956, , , , , , , , , , , , , , , , , , , , , , , , , , , , 
3.1683462, 0.0574044, , , , , , , 3.1683462, 0.0224918, , , , , , , 3.1683462, -0.2019226, , , , , , , 3.1683462, -0.017792, , , , , , , , , , , , , , , , , , , , , , , , , , , , 
3.1688654, 0.0506905, , , , , , , 3.1688654, -0.0139315, , , , , , , 3.1688654, -0.1942016, , , , , , , 3.1688654, -0.0146029, , , , , , , , , , , , , , , , , , , , , , , , , , , , 
3.1693846, 0.0404517, , , , , , , 3.1693846, -0.0404517, , , , , , , 3.1693846, -0.1878233, , , , , , , 3.1693846, -0.0065461, , , , , , , , , , , , , , , , , , , , , , , , , , , , 
3.1699038, 0.030045, , , , , , , 3.1699038, -0.0582437, , , , , , , 3.1699038, -0.1888304, , , , , , , 3.1699038, 0.0045319, , , , , , , , , , , , , , , , , , , , , , , , , , , , 
3.1704231, 0.0149386, , , , , , , 3.1704231, -0.0652934, , , , , , , 3.1704231, -0.1841306, , , , , , , 3.1704231, 0.0162814, , , , , , , , , , , , , , , , , , , , , , , , , , , , 
3.1709423, -0.0016785, , , , , , , 3.1709423, -0.047837, , , , , , , 3.1709423, -0.161471, , , , , , , 3.1709423, 0.026688, , , , , , , , , , , , , , , , , , , , , , , , , , , , 
3.1714615, -0.0109102, , , , , , , 3.1714615, -0.003357, , , , , , , 3.1714615, -0.1331044, , , , , , , 3.1714615, 0.0342412, , , , , , , , , , , , , , , , , , , , , , , , , , , , 
3.1719808, -0.0149386, , , , , , , 3.1719808, 0.0441444, , , , , , , 3.1719808, -0.1237049, , , , , , , 3.1719808, 0.04448, , , , , , , , , , , , , , , , , , , , , , , , , , , , 
3.1725, -0.0223239, , , , , , , 3.1725, 0.0428016, , , , , , , 3.1725, -0.1156481, , , , , , , 3.1725, 0.061265, , , , , , , , , , , , , , , , , , , , , , , , , , , , 
3.1730192, -0.0310521, , , , , , , 3.1730192, -0.0135958, , , , , , , 3.1730192, -0.0908064, , , , , , , 3.1730192, 0.0750286, , , , , , , , , , , , , , , , , , , , , , , , , , , , 
3.1735385, -0.0347448, , , , , , , 3.1735385, -0.068986, , , , , , , 3.1735385, -0.0538796, , , , , , , 3.1735385, 0.0797284, , , , , , , , , , , , , , , , , , , , , , , , , , , , 
3.1740577, -0.0327306, , , , , , , 3.1740577, -0.0835889, , , , , , , 3.1740577, -0.0187991, , , , , , , 3.1740577, 0.0760357, , , , , , , , , , , , , , , , , , , , , , , , , , , , 
3.1745769, -0.0224918, , , , , , , 3.1745769, -0.0501869, , , , , , , 3.1745769, 0.0065461, , , , , , , 3.1745769, 0.0683146, , , , , , , , , , , , , , , , , , , , , , , , , , , , 
3.1750962, -0.0102388, , , , , , , 3.1750962, -0.0068818, , , , , , , 3.1750962, 0.0258488, , , , , , , 3.1750962, 0.0599222, , , , , , , , , , , , , , , , , , , , , , , , , , , , 
3.1756154, -0.0023499, , , , , , , 3.1756154, 0.0162814, , , , , , , 3.1756154, 0.0370947, , , , , , , 3.1756154, 0.0542153, , , , , , , , , , , , , , , , , , , , , , , , , , , , 
3.1761346, 0.0018463, , , , , , , 3.1761346, 0.017792, , , , , , , 3.1761346, 0.0421302, , , , , , , 3.1761346, 0.0535439, , , , , , , , , , , , , , , , , , , , , , , , , , , , 
3.1766538, 0.0031891, , , , , , , 3.1766538, 0.005539, , , , , , , 3.1766538, 0.0419623, , , , , , , 3.1766538, 0.0552224, , , , , , , , , , , , , , , , , , , , , , , , , , , , 
3.1771731, 0.0048676, , , , , , , 3.1771731, -0.0095674, , , , , , , 3.1771731, 0.0394446, , , , , , , 3.1771731, 0.0548867, , , , , , , , , , , , , , , , , , , , , , , , , , , , 
3.1776923, 0.0092317, , , , , , , 3.1776923, -0.01561, , , , , , , 3.1776923, 0.0345769, , , , , , , 3.1776923, 0.0486763, , , , , , , , , , , , , , , , , , , , , , , , , , , , 
3.1782115, 0.0119173, , , , , , , 3.1782115, -0.0159457, , , , , , , 3.1782115, 0.0250095, , , , , , , 3.1782115, 0.0387732, , , , , , , , , , , , , , , , , , , , , , , , , , , , 
3.1787308, 0.0146029, , , , , , , 3.1787308, -0.0203098, , , , , , , 3.1787308, 0.0181277, , , , , , , 3.1787308, 0.030045, , , , , , , , , , , , , , , , , , , , , , , , , , , , 
3.17925, 0.0172885, , , , , , , 3.17925, -0.0263523, , , , , , , 3.17925, 0.017792, , , , , , , 3.17925, 0.0206455, , , , , , , , , , , , , , , , , , , , , , , , , , , , 
3.1797692, 0.0219883, , , , , , , 3.1797692, -0.0290379, , , , , , , 3.1797692, 0.0253452, , , , , , , 3.1797692, 0.0129244, , , , , , , , , , , , , , , , , , , , , , , , , , , , 
3.1802885, 0.0253452, , , , , , , 3.1802885, -0.0263523, , , , , , , 3.1802885, 0.042298, , , , , , , 3.1802885, 0.0072175, , , , , , , , , , , , , , , , , , , , , , , , , , , , 
3.1808077, 0.0219883, , , , , , , 3.1808077, -0.0209812, , , , , , , 3.1808077, 0.0592508, , , , , , , 3.1808077, 0.0023499, , , , , , , , , , , , , , , , , , , , , , , , , , , , 
3.1813269, 0.0213169, , , , , , , 3.1813269, -0.0186313, , , , , , , 3.1813269, 0.0703288, , , , , , , 3.1813269, -0.0028534, , , , , , , , , , , , , , , , , , , , , , , , , , , , 
3.1818462, 0.023331, , , , , , , 3.1818462, -0.01561, , , , , , , 3.1818462, 0.0827497, , , , , , , 3.1818462, -0.0092317, , , , , , , , , , , , , , , , , , , , , , , , , , , , 
3.1823654, 0.0224918, , , , , , , 3.1823654, -0.008896, , , , , , , 3.1823654, 0.0988632, , , , , , , 3.1823654, -0.0169528, , , , , , , , , , , , , , , , , , , , , , , , , , , , 
3.1828846, 0.0223239, , , , , , , 3.1828846, -0.0015106, , , , , , , 3.1828846, 0.1132982, , , , , , , 3.1828846, -0.0216526, , , , , , , , , , , , , , , , , , , , , , , , , , , , 
3.1834038, 0.0327306, , , , , , , 3.1834038, 0.0025177, , , , , , , 3.1834038, 0.1176623, , , , , , , 3.1834038, -0.0260166, , , , , , , , , , , , , , , , , , , , , , , , , , , , 
3.1839231, 0.0493477, , , , , , , 3.1839231, 0.0078889, , , , , , , 3.1839231, 0.1099413, , , , , , , 3.1839231, -0.0283665, , , , , , , , , , , , , , , , , , , , , , , , , , , , 
3.1844423, 0.0614328, , , , , , , 3.1844423, 0.0203098, , , , , , , 3.1844423, 0.0914778, , , , , , , 3.1844423, -0.0293736, , , , , , , , , , , , , , , , , , , , , , , , , , , , 
3.1849615, 0.0676432, , , , , , , 3.1849615, 0.0424659, , , , , , , 3.1849615, 0.0706645, , , , , , , 3.1849615, -0.0270237, , , , , , , , , , , , , , , , , , , , , , , , , , , , 
3.1854808, 0.0763714, , , , , , , 3.1854808, 0.068986, , , , , , , 3.1854808, 0.0547189, , , , , , , 3.1854808, -0.0229953, , , , , , , , , , , , , , , , , , , , , , , , , , , , 
3.186, 0.0844282, , , , , , , 3.186, 0.0830854, , , , , , , 3.186, 0.0417945, , , , , , , 3.186, -0.0206455, , , , , , , , , , , , , , , , , , , , , , , , , , , , 
3.1865192, 0.0817426, , , , , , , 3.1865192, 0.0757, , , , , , , 3.1865192, 0.0240024, , , , , , , 3.1865192, -0.0169528, , , , , , , , , , , , , , , , , , , , , , , , , , , , 
3.1870385, 0.073518, , , , , , , 3.1870385, 0.0570687, , , , , , , 3.1870385, 0.0008392, , , , , , , 3.1870385, -0.0115816, , , , , , , , , , , , , , , , , , , , , , , , , , , , 
3.1875577, 0.0649577, , , , , , , 3.1875577, 0.036759, , , , , , , 3.1875577, -0.0216526, , , , , , , 3.1875577, -0.0048676, , , , , , , , , , , , , , , , , , , , , , , , , , , , 
3.1880769, 0.0569009, , , , , , , 3.1880769, 0.011078, , , , , , , 3.1880769, -0.0350805, , , , , , , 3.1880769, 0.0015106, , , , , , , , , , , , , , , , , , , , , , , , , , , , 
3.1885962, 0.0466621, , , , , , , 3.1885962, -0.0203098, , , , , , , 3.1885962, -0.0360876, , , , , , , 3.1885962, 0.0062104, , , , , , , , , , , , , , , , , , , , , , , , , , , , 
3.1891154, 0.0354162, , , , , , , 3.1891154, -0.0397803, , , , , , , 3.1891154, -0.030045, , , , , , , 3.1891154, 0.0112459, , , , , , , , , , , , , , , , , , , , , , , , , , , , 
3.1896346, 0.0219883, , , , , , , 3.1896346, -0.051194, , , , , , , 3.1896346, -0.0236667, , , , , , , 3.1896346, 0.0193027, , , , , , , , , , , , , , , , , , , , , , , , , , , , 
3.1901538, 0.0065461, , , , , , , 3.1901538, -0.0663005, , , , , , , 3.1901538, -0.0179599, , , , , , , 3.1901538, 0.027863, , , , , , , , , , , , , , , , , , , , , , , , , , , , 
3.1906731, -0.0104067, , , , , , , 3.1906731, -0.0782177, , , , , , , 3.1906731, 0.0036927, , , , , , , 3.1906731, 0.0347448, , , , , , , , , , , , , , , , , , , , , , , , , , , , 
3.1911923, -0.0292058, , , , , , , 3.1911923, -0.0715038, , , , , , , 3.1911923, 0.0360876, , , , , , , 3.1911923, 0.0391089, , , , , , , , , , , , , , , , , , , , , , , , , , , , 
3.1917115, -0.0438087, , , , , , , 3.1917115, -0.0464942, , , , , , , 3.1917115, 0.0599222, , , , , , , 3.1917115, 0.0438087, , , , , , , , , , , , , , , , , , , , , , , , , , , , 
3.1922308, -0.0542153, , , , , , , 3.1922308, -0.0310521, , , , , , , 3.1922308, 0.0741894, , , , , , , 3.1922308, 0.0464942, , , , , , , , , , , , , , , , , , , , , , , , , , , , 
3.19275, -0.0639506, , , , , , , 3.19275, -0.035584, , , , , , , 3.19275, 0.0871138, , , , , , , 3.19275, 0.0431373, , , , , , , , , , , , , , , , , , , , , , , , , , , , 
3.1932692, -0.064622, , , , , , , 3.1932692, -0.0411231, , , , , , , 3.1932692, 0.0944991, , , , , , , 3.1932692, 0.0344091, , , , , , , , , , , , , , , , , , , , , , , , , , , , 
3.1937885, -0.0569009, , , , , , , 3.1937885, -0.0323949, , , , , , , 3.1937885, 0.0820783, , , , , , , 3.1937885, 0.0209812, , , , , , , , , , , , , , , , , , , , , , , , , , , , 
3.1943077, -0.0466621, , , , , , , 3.1943077, -0.0149386, , , , , , , 3.1943077, 0.0508583, , , , , , , 3.1943077, 0.0048676, , , , , , , , , , , , , , , , , , , , , , , , , , , , 
3.1948269, -0.0357519, , , , , , , 3.1948269, -0.0008392, , , , , , , 3.1948269, 0.0186313, , , , , , , 3.1948269, -0.0072175, , , , , , , , , , , , , , , , , , , , , , , , , , , , 
3.1953462, -0.0276951, , , , , , , 3.1953462, 0.0057069, , , , , , , 3.1953462, -0.002182, , , , , , , 3.1953462, -0.0151064, , , , , , , , , , , , , , , , , , , , , , , , , , , , 
3.1958654, -0.0236667, , , , , , , 3.1958654, 0.0050355, , , , , , , 3.1958654, 0.002182, , , , , , , 3.1958654, -0.0198062, , , , , , , , , , , , , , , , , , , , , , , , , , , , 
3.1963846, -0.0162814, , , , , , , 3.1963846, 0.002182, , , , , , , 3.1963846, 0.0186313, , , , , , , 3.1963846, -0.0209812, , , , , , , , , , , , , , , , , , , , , , , , , , , , 
3.1969038, -0.0041962, , , , , , , 3.1969038, 0.0038605, , , , , , , 3.1969038, 0.024506, , , , , , , 3.1969038, -0.017792, , , , , , , , , , , , , , , , , , , , , , , , , , , , 
3.1974231, 0.0048676, , , , , , , 3.1974231, 0.0050355, , , , , , , 3.1974231, 0.0109102, , , , , , , 3.1974231, -0.0115816, , , , , , , , , , , , , , , , , , , , , , , , , , , , 
3.1979423, 0.0085603, , , , , , , 3.1979423, 0.0015106, , , , , , , 3.1979423, -0.0169528, , , , , , , 3.1979423, -0.0062104, , , , , , , , , , , , , , , , , , , , , , , , , , , , 
3.1984615, 0.0146029, , , , , , , 3.1984615, 0.0018463, , , , , , , 3.1984615, -0.0552224, , , , , , , 3.1984615, -0.0057069, , , , , , , , , , , , , , , , , , , , , , , , , , , , 
3.1989808, 0.0213169, , , , , , , 3.1989808, 0.0083925, , , , , , , 3.1989808, -0.0943313, , , , , , , 3.1989808, -0.0082246, , , , , , , , , , , , , , , , , , , , , , , , , , , , 
3.1995, 0.0229953, , , , , , , 3.1995, 0.0125887, , , , , , , 3.1995, -0.1230335, , , , , , , 3.1995, -0.0085603, , , , , , , , , , , , , , , , , , , , , , , , , , , , 
3.2000192, 0.0234989, , , , , , , 3.2000192, -0.0001678, , , , , , , 3.2000192, -0.1445182, , , , , , , 3.2000192, -0.0035248, , , , , , , , , , , , , , , , , , , , , , , , , , , , 
3.2005385, 0.0290379, , , , , , , 3.2005385, -0.01561, , , , , , , 3.2005385, -0.1666743, , , , , , , 3.2005385, 0.0052033, , , , , , , , , , , , , , , , , , , , , , , , , , , , 
3.2010577, 0.03122, , , , , , , 3.2010577, -0.0077211, , , , , , , 3.2010577, -0.1868162, , , , , , , 3.2010577, 0.0132601, , , , , , , , , , , , , , , , , , , , , , , , , , , , 
3.2015769, 0.0287022, , , , , , , 3.2015769, 0.0270237, , , , , , , 3.2015769, -0.1952087, , , , , , , 3.2015769, 0.0193027, , , , , , , , , , , , , , , , , , , , , , , , , , , , 
3.2020962, 0.0287022, , , , , , , 3.2020962, 0.0528725, , , , , , , 3.2020962, -0.1931945, , , , , , , 3.2020962, 0.0219883, , , , , , , , , , , , , , , , , , , , , , , , , , , , 
3.2026154, 0.0293736, , , , , , , 3.2026154, 0.0417945, , , , , , , 3.2026154, -0.1827878, , , , , , , 3.2026154, 0.0209812, , , , , , , , , , , , , , , , , , , , , , , , , , , , 
3.2031346, 0.026688, , , , , , , 3.2031346, 0.0157778, , , , , , , 3.2031346, -0.1639887, , , , , , , 3.2031346, 0.0203098, , , , , , , , , , , , , , , , , , , , , , , , , , , , 
3.2036538, 0.0293736, , , , , , , 3.2036538, 0.0041962, , , , , , , 3.2036538, -0.1344472, , , , , , , 3.2036538, 0.0199741, , , , , , , , , , , , , , , , , , , , , , , , , , , , 
3.2041731, 0.0441444, , , , , , , 3.2041731, 0.0199741, , , , , , , 3.2041731, -0.0929885, , , , , , , 3.2041731, 0.0226596, , , , , , , , , , , , , , , , , , , , , , , , , , , , 
3.2046923, 0.0585794, , , , , , , 3.2046923, 0.0528725, , , , , , , 3.2046923, -0.0522011, , , , , , , 3.2046923, 0.0246738, , , , , , , , , , , , , , , , , , , , , , , , , , , , 
3.2052115, 0.0656291, , , , , , , 3.2052115, 0.0773785, , , , , , , 3.2052115, -0.0169528, , , , , , , 3.2052115, 0.018967, , , , , , , , , , , , , , , , , , , , , , , , , , , , 
3.2057308, 0.0669718, , , , , , , 3.2057308, 0.0720073, , , , , , , 3.2057308, 0.0130922, , , , , , , 3.2057308, 0.0102388, , , , , , , , , , , , , , , , , , , , , , , , , , , , 
3.20625, 0.0669718, , , , , , , 3.20625, 0.0528725, , , , , , , 3.20625, 0.036759, , , , , , , 3.20625, 0.0025177, , , , , , , , , , , , , , , , , , , , , , , , , , , , 
3.2067692, 0.0639506, , , , , , , 3.2067692, 0.0451514, , , , , , , 3.2067692, 0.0475013, , , , , , , 3.2067692, -0.0035248, , , , , , , , , , , , , , , , , , , , , , , , , , , , 
3.2072885, 0.0562295, , , , , , , 3.2072885, 0.024506, , , , , , , 3.2072885, 0.0433051, , , , , , , 3.2072885, -0.0063783, , , , , , , , , , , , , , , , , , , , , , , , , , , , 
3.2078077, 0.0414588, , , , , , , 3.2078077, -0.0310521, , , , , , , 3.2078077, 0.03122, , , , , , , 3.2078077, -0.0065461, , , , , , , , , , , , , , , , , , , , , , , , , , , , 
3.2083269, 0.026688, , , , , , , 3.2083269, -0.0874495, , , , , , , 3.2083269, 0.0199741, , , , , , , 3.2083269, -0.0035248, , , , , , , , , , , , , , , , , , , , , , , , , , , , 
3.2088462, 0.0146029, , , , , , , 3.2088462, -0.1129625, , , , , , , 3.2088462, 0.0169528, , , , , , , 3.2088462, 0.0045319, , , , , , , , , , , , , , , , , , , , , , , , , , , , 
3.2093654, 0.0045319, , , , , , , 3.2093654, -0.1156481, , , , , , , 3.2093654, 0.0271916, , , , , , , 3.2093654, 0.0125887, , , , , , , , , , , , , , , , , , , , , , , , , , , , 
3.2098846, -0.0072175, , , , , , , 3.2098846, -0.1364614, , , , , , , 3.2098846, 0.0431373, , , , , , , 3.2098846, 0.0184634, , , , , , , , , , , , , , , , , , , , , , , , , , , , 
3.2104038, -0.023331, , , , , , , 3.2104038, -0.1841306, , , , , , , 3.2104038, 0.0552224, , , , , , , 3.2104038, 0.0213169, , , , , , , , , , , , , , , , , , , , , , , , , , , , 
3.2109231, -0.043473, , , , , , , 3.2109231, -0.2072938, , , , , , , 3.2109231, 0.061265, , , , , , , 3.2109231, 0.0219883, , , , , , , , , , , , , , , , , , , , , , , , , , , , 
3.2114423, -0.0605936, , , , , , , 3.2114423, -0.1787594, , , , , , , 3.2114423, 0.064622, , , , , , , 3.2114423, 0.0236667, , , , , , , , , , , , , , , , , , , , , , , , , , , , 
3.2119615, -0.0743572, , , , , , , 3.2119615, -0.1411612, , , , , , , 3.2119615, 0.0683146, , , , , , , 3.2119615, 0.027863, , , , , , , , , , , , , , , , , , , , , , , , , , , , 
3.2124808, -0.0783856, , , , , , , 3.2124808, -0.1052415, , , , , , , 3.2124808, 0.0694896, , , , , , , 3.2124808, 0.0317235, , , , , , , , , , , , , , , , , , , , , , , , , , , , 
3.213, -0.0730144, , , , , , , 3.213, -0.0485084, , , , , , , 3.213, 0.0616007, , , , , , , 3.213, 0.0317235, , , , , , , , , , , , , , , , , , , , , , , , , , , , 
3.2135192, -0.0632792, , , , , , , 3.2135192, 0.0092317, , , , , , , 3.2135192, 0.0454871, , , , , , , 3.2135192, 0.0317235, , , , , , , , , , , , , , , , , , , , , , , , , , , , 
3.2140385, -0.0508583, , , , , , , 3.2140385, 0.0377661, , , , , , , 3.2140385, 0.026688, , , , , , , 3.2140385, 0.0303807, , , , , , , , , , , , , , , , , , , , , , , , , , , , 
3.2145577, -0.0381018, , , , , , , 3.2145577, 0.0528725, , , , , , , 3.2145577, 0.0099031, , , , , , , 3.2145577, 0.0243381, , , , , , , , , , , , , , , , , , , , , , , , , , , , 
3.2150769, -0.0275273, , , , , , , 3.2150769, 0.0602579, , , , , , , 3.2150769, -0.0048676, , , , , , , 3.2150769, 0.0159457, , , , , , , , , , , , , , , , , , , , , , , , , , , , 
3.2155962, -0.0179599, , , , , , , 3.2155962, 0.0542153, , , , , , , 3.2155962, -0.0213169, , , , , , , 3.2155962, 0.008896, , , , , , , , , , , , , , , , , , , , , , , , , , , , 
3.2161154, -0.0092317, , , , , , , 3.2161154, 0.0421302, , , , , , , 3.2161154, -0.0318914, , , , , , , 3.2161154, 0.0038605, , , , , , , , , , , , , , , , , , , , , , , , , , , , 
3.2166346, 0.0015106, , , , , , , 3.2166346, 0.0287022, , , , , , , 3.2166346, -0.0340734, , , , , , , 3.2166346, 0.0023499, , , , , , , , , , , , , , , , , , , , , , , , , , , , 
3.2171538, 0.0135958, , , , , , , 3.2171538, 0.012253, , , , , , , 3.2171538, -0.0206455, , , , , , , 3.2171538, 0.0031891, , , , , , , , , , , , , , , , , , , , , , , , , , , , 
3.2176731, 0.0213169, , , , , , , 3.2176731, -0.010071, , , , , , , 3.2176731, 0.0099031, , , , , , , 3.2176731, 0.0077211, , , , , , , , , , , , , , , , , , , , , , , , , , , , 
3.2181923, 0.0253452, , , , , , , 3.2181923, -0.024506, , , , , , , 3.2181923, 0.0451514, , , , , , , 3.2181923, 0.0119173, , , , , , , , , , , , , , , , , , , , , , , , , , , , 
3.2187115, 0.0270237, , , , , , , 3.2187115, -0.0223239, , , , , , , 3.2187115, 0.0736858, , , , , , , 3.2187115, 0.0078889, , , , , , , , , , , , , , , , , , , , , , , , , , , , 
3.2192308, 0.0287022, , , , , , , 3.2192308, -0.0350805, , , , , , , 3.2192308, 0.0931563, , , , , , , 3.2192308, 0.0005035, , , , , , , , , , , , , , , , , , , , , , , , , , , , 
3.21975, 0.030045, , , , , , , 3.21975, -0.0820783, , , , , , , 3.21975, 0.1089342, , , , , , , 3.21975, -0.0001678, , , , , , , , , , , , , , , , , , , , , , , , , , , , 
3.2202692, 0.0317235, , , , , , , 3.2202692, -0.1163195, , , , , , , 3.2202692, 0.1198444, , , , , , , 3.2202692, 0.0048676, , , , , , , , , , , , , , , , , , , , , , , , , , , , 
3.2207885, 0.0357519, , , , , , , 3.2207885, -0.093492, , , , , , , 3.2207885, 0.1132982, , , , , , , 3.2207885, 0.0065461, , , , , , , , , , , , , , , , , , , , , , , , , , , , 
3.2213077, 0.0347448, , , , , , , 3.2213077, -0.0461585, , , , , , , 3.2213077, 0.0847639, , , , , , , 3.2213077, 0.0045319, , , , , , , , , , , , , , , , , , , , , , , , , , , , 
3.2218269, 0.0313878, , , , , , , 3.2218269, -0.0162814, , , , , , , 3.2218269, 0.0451514, , , , , , , 3.2218269, 0.0030213, , , , , , , , , , , , , , , , , , , , , , , , , , , , 
3.2223462, 0.0285344, , , , , , , 3.2223462, 0.0041962, , , , , , , 3.2223462, 0.0031891, , , , , , , 3.2223462, 0.0031891, , , , , , , , , , , , , , , , , , , , , , , , , , , , 
3.2228654, 0.0288701, , , , , , , 3.2228654, 0.0199741, , , , , , , 3.2228654, -0.0347448, , , , , , , 3.2228654, 0.0058747, , , , , , , , , , , , , , , , , , , , , , , , , , , , 
3.2233846, 0.0344091, , , , , , , 3.2233846, 0.0320592, , , , , , , 3.2233846, -0.0703288, , , , , , , 3.2233846, 0.0090639, , , , , , , , , , , , , , , , , , , , , , , , , , , , 
3.2239038, 0.0451514, , , , , , , 3.2239038, 0.0421302, , , , , , , 3.2239038, -0.1018845, , , , , , , 3.2239038, 0.0087282, , , , , , , , , , , , , , , , , , , , , , , , , , , , 
3.2244231, 0.054551, , , , , , , 3.2244231, 0.0480049, , , , , , , 3.2244231, -0.1282368, , , , , , , 3.2244231, 0.008896, , , , , , , , , , , , , , , , , , , , , , , , , , , , 
3.2249423, 0.0605936, , , , , , , 3.2249423, 0.047837, , , , , , , 3.2249423, -0.145861, , , , , , , 3.2249423, 0.0119173, , , , , , , , , , , , , , , , , , , , , , , , , , , , 
3.2254615, 0.0669718, , , , , , , 3.2254615, 0.0448157, , , , , , , 3.2254615, -0.1490501, , , , , , , 3.2254615, 0.0176242, , , , , , , , , , , , , , , , , , , , , , , , , , , , 
3.2259808, 0.0706645, , , , , , , 3.2259808, 0.0421302, , , , , , , 3.2259808, -0.1451896, , , , , , , 3.2259808, 0.0199741, , , , , , , , , , , , , , , , , , , , , , , , , , , , 
3.2265, 0.0659648, , , , , , , 3.2265, 0.0411231, , , , , , , 3.2265, -0.1455253, , , , , , , 3.2265, 0.0208133, , , , , , , , , , , , , , , , , , , , , , , , , , , , 
3.2270192, 0.0587472, , , , , , , 3.2270192, 0.0384375, , , , , , , 3.2270192, -0.152575, , , , , , , 3.2270192, 0.0203098, , , , , , , , , , , , , , , , , , , , , , , , , , , , 
3.2275385, 0.0508583, , , , , , , 3.2275385, 0.0317235, , , , , , , 3.2275385, -0.1572747, , , , , , , 3.2275385, 0.0213169, , , , , , , , , , , , , , , , , , , , , , , , , , , , 
3.2280577, 0.0411231, , , , , , , 3.2280577, 0.0273594, , , , , , , 3.2280577, -0.1485466, , , , , , , 3.2280577, 0.023331, , , , , , , , , , , , , , , , , , , , , , , , , , , , 
3.2285769, 0.0317235, , , , , , , 3.2285769, 0.0287022, , , , , , , 3.2285769, -0.1185016, , , , , , , 3.2285769, 0.0287022, , , , , , , , , , , , , , , , , , , , , , , , , , , , 
3.2290962, 0.0240024, , , , , , , 3.2290962, 0.0307164, , , , , , , 3.2290962, -0.0699931, , , , , , , 3.2290962, 0.0320592, , , , , , , , , , , , , , , , , , , , , , , , , , , , 
3.2296154, 0.0137636, , , , , , , 3.2296154, 0.0307164, , , , , , , 3.2296154, -0.0129244, , , , , , , 3.2296154, 0.0350805, , , , , , , , , , , , , , , , , , , , , , , , , , , , 
3.2301346, -0.0003357, , , , , , , 3.2301346, 0.0280308, , , , , , , 3.2301346, 0.0347448, , , , , , , 3.2301346, 0.036759, , , , , , , , , , , , , , , , , , , , , , , , , , , , 
3.2306538, -0.0099031, , , , , , , 3.2306538, 0.0243381, , , , , , , 3.2306538, 0.0681468, , , , , , , 3.2306538, 0.0360876, , , , , , , , , , , , , , , , , , , , , , , , , , , , 
3.2311731, -0.0176242, , , , , , , 3.2311731, 0.0213169, , , , , , , 3.2311731, 0.0923171, , , , , , , 3.2311731, 0.0327306, , , , , , , , , , , , , , , , , , , , , , , , , , , , 
3.2316923, -0.0273594, , , , , , , 3.2316923, 0.0196384, , , , , , , 3.2316923, 0.1085985, , , , , , , 3.2316923, 0.0273594, , , , , , , , , , , , , , , , , , , , , , , , , , , , 
3.2322115, -0.0359197, , , , , , , 3.2322115, 0.0135958, , , , , , , 3.2322115, 0.114641, , , , , , , 3.2322115, 0.0256809, , , , , , , , , , , , , , , , , , , , , , , , , , , , 
3.2327308, -0.0454871, , , , , , , 3.2327308, 0.0078889, , , , , , , 3.2327308, 0.114641, , , , , , , 3.2327308, 0.0265202, , , , , , , , , , , , , , , , , , , , , , , , , , , , 
3.23325, -0.0528725, , , , , , , 3.23325, 0.0063783, , , , , , , 3.23325, 0.1211872, , , , , , , 3.23325, 0.0273594, , , , , , , , , , , , , , , , , , , , , , , , , , , , 
3.2337692, -0.0491798, , , , , , , 3.2337692, 0.005539, , , , , , , 3.2337692, 0.1327687, , , , , , , 3.2337692, 0.024506, , , , , , , , , , , , , , , , , , , , , , , , , , , , 
3.2342885, -0.0350805, , , , , , , 3.2342885, 0.0028534, , , , , , , 3.2342885, 0.1310903, , , , , , , 3.2342885, 0.0152743, , , , , , , , , , , , , , , , , , , , , , , , , , , , 
3.2348077, -0.0238346, , , , , , , 3.2348077, 0.0015106, , , , , , , 3.2348077, 0.1075914, , , , , , , 3.2348077, 0.0043641, , , , , , , , , , , , , , , , , , , , , , , , , , , , 
3.2353269, -0.0182956, , , , , , , 3.2353269, 0.0018463, , , , , , , 3.2353269, 0.0713359, , , , , , , 3.2353269, -0.0041962, , , , , , , , , , , , , , , , , , , , , , , , , , , , 
3.2358462, -0.0135958, , , , , , , 3.2358462, 0.0015106, , , , , , , 3.2358462, 0.0337377, , , , , , , 3.2358462, -0.0109102, , , , , , , , , , , , , , , , , , , , , , , , , , , , 
3.2363654, -0.0068818, , , , , , , 3.2363654, 0.0008392, , , , , , , 3.2363654, 0.0015106, , , , , , , 3.2363654, -0.0109102, , , , , , , , , , , , , , , , , , , , , , , , , , , , 
3.2368846, 0.0015106, , , , , , , 3.2368846, 0.0045319, , , , , , , 3.2368846, -0.0196384, , , , , , , 3.2368846, -0.005539, , , , , , , , , , , , , , , , , , , , , , , , , , , , 
3.2374038, 0.0085603, , , , , , , 3.2374038, 0.0097353, , , , , , , 3.2374038, -0.0263523, , , , , , , 3.2374038, -0.0018463, , , , , , , , , , , , , , , , , , , , , , , , , , , , 
3.2379231, 0.0146029, , , , , , , 3.2379231, 0.0117494, , , , , , , 3.2379231, -0.0251774, , , , , , , 3.2379231, -0.0011749, , , , , , , , , , , , , , , , , , , , , , , , , , , , 
3.2384423, 0.0172885, , , , , , , 3.2384423, 0.0112459, , , , , , , 3.2384423, -0.0283665, , , , , , , 3.2384423, -0.0001678, , , , , , , , , , , , , , , , , , , , , , , , , , , , 
3.2389615, 0.0196384, , , , , , , 3.2389615, 0.0077211, , , , , , , 3.2389615, -0.04448, , , , , , , 3.2389615, 0.0015106, , , , , , , , , , , , , , , , , , , , , , , , , , , , 
3.2394808, 0.0250095, , , , , , , 3.2394808, 0.0041962, , , , , , , 3.2394808, -0.0693217, , , , , , , 3.2394808, 0.002182, , , , , , , , , , , , , , , , , , , , , , , , , , , , 
3.24, 0.0320592, , , , , , , 3.24, 0.0011749, , , , , , , 3.24, -0.0966812, , , , , , , 3.24, 0.0041962, , , , , , , , , , , , , , , , , , , , , , , , , , , , 
3.2405192, 0.0323949, , , , , , , 3.2405192, 0.0005035, , , , , , , 3.2405192, -0.1178302, , , , , , , 3.2405192, 0.0065461, , , , , , , , , , , , , , , , , , , , , , , , , , , , 
3.2410385, 0.0276951, , , , , , , 3.2410385, -0.0005035, , , , , , , 3.2410385, -0.1290761, , , , , , , 3.2410385, 0.008896, , , , , , , , , , , , , , , , , , , , , , , , , , , , 
3.2415577, 0.0293736, , , , , , , 3.2415577, -0.0052033, , , , , , , 3.2415577, -0.1359579, , , , , , , 3.2415577, 0.0112459, , , , , , , , , , , , , , , , , , , , , , , , , , , , 
3.2420769, 0.0327306, , , , , , , 3.2420769, -0.0099031, , , , , , , 3.2420769, -0.142504, , , , , , , 3.2420769, 0.0146029, , , , , , , , , , , , , , , , , , , , , , , , , , , , 
3.2425962, 0.0307164, , , , , , , 3.2425962, -0.0196384, , , , , , , 3.2425962, -0.1527428, , , , , , , 3.2425962, 0.0199741, , , , , , , , , , , , , , , , , , , , , , , , , , , , 
3.2431154, 0.0317235, , , , , , , 3.2431154, -0.0290379, , , , , , , 3.2431154, -0.160296, , , , , , , 3.2431154, 0.0246738, , , , , , , , , , , , , , , , , , , , , , , , , , , , 
3.2436346, 0.0386053, , , , , , , 3.2436346, -0.0251774, , , , , , , 3.2436346, -0.158114, , , , , , , 3.2436346, 0.0273594, , , , , , , , , , , , , , , , , , , , , , , , , , , , 
3.2441538, 0.0471656, , , , , , , 3.2441538, -0.0025177, , , , , , , 3.2441538, -0.1465324, , , , , , , 3.2441538, 0.0307164, , , , , , , , , , , , , , , , , , , , , , , , , , , , 
3.2446731, 0.0535439, , , , , , , 3.2446731, 0.030045, , , , , , , 3.2446731, -0.1260548, , , , , , , 3.2446731, 0.0374304, , , , , , , , , , , , , , , , , , , , , , , , , , , , 
3.2451923, 0.0595865, , , , , , , 3.2451923, 0.0636149, , , , , , , 3.2451923, -0.0955062, , , , , , , 3.2451923, 0.0441444, , , , , , , , , , , , , , , , , , , , , , , , , , , , 
3.2457115, 0.0605936, , , , , , , 3.2457115, 0.0897993, , , , , , , 3.2457115, -0.0605936, , , , , , , 3.2457115, 0.0471656, , , , , , , , , , , , , , , , , , , , , , , , , , , , 
3.2462308, 0.0562295, , , , , , , 3.2462308, 0.0911421, , , , , , , 3.2462308, -0.0229953, , , , , , , 3.2462308, 0.0485084, , , , , , , , , , , , , , , , , , , , , , , , , , , , 
3.24675, 0.0505226, , , , , , , 3.24675, 0.061265, , , , , , , 3.24675, 0.0125887, , , , , , , 3.24675, 0.0468299, , , , , , , , , , , , , , , , , , , , , , , , , , , , 
3.2472692, 0.0449836, , , , , , , 3.2472692, 0.0206455, , , , , , , 3.2472692, 0.0396124, , , , , , , 3.2472692, 0.0391089, , , , , , , , , , , , , , , , , , , , , , , , , , , , 
3.2477885, 0.0370947, , , , , , , 3.2477885, -0.0095674, , , , , , , 3.2477885, 0.0553902, , , , , , , 3.2477885, 0.0310521, , , , , , , , , , , , , , , , , , , , , , , , , , , , 
3.2483077, 0.0240024, , , , , , , 3.2483077, -0.0339055, , , , , , , 3.2483077, 0.061265, , , , , , , 3.2483077, 0.0246738, , , , , , , , , , , , , , , , , , , , , , , , , , , , 
3.2488269, 0.0119173, , , , , , , 3.2488269, -0.057908, , , , , , , 3.2488269, 0.0637827, , , , , , , 3.2488269, 0.0176242, , , , , , , , , , , , , , , , , , , , , , , , , , , , 
3.2493462, 0.0025177, , , , , , , 3.2493462, -0.0673075, , , , , , , 3.2493462, 0.0676432, , , , , , , 3.2493462, 0.0105745, , , , , , , , , , , , , , , , , , , , , , , , , , , , 
3.2498654, -0.0031891, , , , , , , 3.2498654, -0.056733, , , , , , , 3.2498654, 0.072343, , , , , , , 3.2498654, 0.0045319, , , , , , , , , , , , , , , , , , , , , , , , , , , , 
3.2503846, -0.0065461, , , , , , , 3.2503846, -0.0396124, , , , , , , 3.2503846, 0.0782177, , , , , , , 3.2503846, 0.0038605, , , , , , , , , , , , , , , , , , , , , , , , , , , , 
3.2509038, -0.0139315, , , , , , , 3.2509038, -0.0542153, , , , , , , 3.2509038, 0.0861067, , , , , , , 3.2509038, 0.0058747, , , , , , , , , , , , , , , , , , , , , , , , , , , , 
3.2514231, -0.0218204, , , , , , , 3.2514231, -0.103563, , , , , , , 3.2514231, 0.0914778, , , , , , , 3.2514231, 0.0085603, , , , , , , , , , , , , , , , , , , , , , , , , , , , 
3.2519423, -0.0246738, , , , , , , 3.2519423, -0.139147, , , , , , , 3.2519423, 0.0911421, , , , , , , 3.2519423, 0.0102388, , , , , , , , , , , , , , , , , , , , , , , , , , , , 
3.2524615, -0.0287022, , , , , , , 3.2524615, -0.1312581, , , , , , , 3.2524615, 0.0938277, , , , , , , 3.2524615, 0.0092317, , , , , , , , , , , , , , , , , , , , , , , , , , , , 
3.2529808, -0.0377661, , , , , , , 3.2529808, -0.0894636, , , , , , , 3.2529808, 0.1067521, , , , , , , 3.2529808, 0.008896, , , , , , , , , , , , , , , , , , , , , , , , , , , , 
3.2535, -0.0404517, , , , , , , 3.2535, -0.051194, , , , , , , 3.2535, 0.1200122, , , , , , , 3.2535, 0.0075532, , , , , , , , , , , , , , , , , , , , , , , , , , , , 
3.2540192, -0.0293736, , , , , , , 3.2540192, -0.0372625, , , , , , , 3.2540192, 0.121355, , , , , , , 3.2540192, 0.0031891, , , , , , , , , , , , , , , , , , , , , , , , , , , , 
3.2545385, -0.0162814, , , , , , , 3.2545385, -0.0357519, , , , , , , 3.2545385, 0.1064164, , , , , , , 3.2545385, -0.0005035, , , , , , , , , , , , , , , , , , , , , , , , , , , , 
3.2550577, -0.005539, , , , , , , 3.2550577, -0.0357519, , , , , , , 3.2550577, 0.0810712, , , , , , , 3.2550577, -0.0018463, , , , , , , , , , , , , , , , , , , , , , , , , , , , 
3.2555769, 0.0035248, , , , , , , 3.2555769, -0.0394446, , , , , , , 3.2555769, 0.0622721, , , , , , , 3.2555769, -0.0015106, , , , , , , , , , , , , , , , , , , , , , , , , , , , 
3.2560962, 0.005539, , , , , , , 3.2560962, -0.0451514, , , , , , , 3.2560962, 0.0609293, , , , , , , 3.2560962, 0.0018463, , , , , , , , , , , , , , , , , , , , , , , , , , , , 
3.2566154, 0.0028534, , , , , , , 3.2566154, -0.0491798, , , , , , , 3.2566154, 0.0730144, , , , , , , 3.2566154, 0.008896, , , , , , , , , , , , , , , , , , , , , , , , , , , , 
3.2571346, 0.0018463, , , , , , , 3.2571346, -0.0446479, , , , , , , 3.2571346, 0.0807355, , , , , , , 3.2571346, 0.0157778, , , , , , , , , , , , , , , , , , , , , , , , , , , , 
3.2576538, 0.0038605, , , , , , , 3.2576538, -0.0285344, , , , , , , 3.2576538, 0.072343, , , , , , , 3.2576538, 0.0193027, , , , , , , , , , , , , , , , , , , , , , , , , , , , 
3.2581731, 0.0058747, , , , , , , 3.2581731, -0.0060426, , , , , , , 3.2581731, 0.0532082, , , , , , , 3.2581731, 0.0216526, , , , , , , , , , , , , , , , , , , , , , , , , , , , 
3.2586923, 0.0062104, , , , , , , 3.2586923, 0.0159457, , , , , , , 3.2586923, 0.0340734, , , , , , , 3.2586923, 0.0213169, , , , , , , , , , , , , , , , , , , , , , , , , , , , 
3.2592115, 0.0095674, , , , , , , 3.2592115, 0.026688, , , , , , , 3.2592115, 0.0151064, , , , , , , 3.2592115, 0.0193027, , , , , , , , , , , , , , , , , , , , , , , , , , , , 
3.2597308, 0.0159457, , , , , , , 3.2597308, 0.0199741, , , , , , , 3.2597308, -0.0036927, , , , , , , 3.2597308, 0.0179599, , , , , , , , , , , , , , , , , , , , , , , , , , , , 
3.26025, 0.0258488, , , , , , , 3.26025, -0.0035248, , , , , , , 3.26025, -0.0219883, , , , , , , 3.26025, 0.0169528, , , , , , , , , , , , , , , , , , , , , , , , , , , , 
3.2607692, 0.0339055, , , , , , , 3.2607692, -0.0203098, , , , , , , 3.2607692, -0.0377661, , , , , , , 3.2607692, 0.0137636, , , , , , , , , , , , , , , , , , , , , , , , , , , , 
3.2612885, 0.0409552, , , , , , , 3.2612885, -0.0125887, , , , , , , 3.2612885, -0.0486763, , , , , , , 3.2612885, 0.0065461, , , , , , , , , , , , , , , , , , , , , , , , , , , , 
3.2618077, 0.0414588, , , , , , , 3.2618077, 0.0119173, , , , , , , 3.2618077, -0.054551, , , , , , , 3.2618077, -0.0001678, , , , , , , , , , , , , , , , , , , , , , , , , , , , 
3.2623269, 0.0431373, , , , , , , 3.2623269, 0.043473, , , , , , , 3.2623269, -0.057908, , , , , , , 3.2623269, -0.0045319, , , , , , , , , , , , , , , , , , , , , , , , , , , , 
3.2628462, 0.0485084, , , , , , , 3.2628462, 0.0616007, , , , , , , 3.2628462, -0.0636149, , , , , , , 3.2628462, -0.0075532, , , , , , , , , , , , , , , , , , , , , , , , , , , , 
3.2633654, 0.0580758, , , , , , , 3.2633654, 0.0710002, , , , , , , 3.2633654, -0.072343, , , , , , , 3.2633654, -0.0109102, , , , , , , , , , , , , , , , , , , , , , , , , , , , 
3.2638846, 0.072343, , , , , , , 3.2638846, 0.0743572, , , , , , , 3.2638846, -0.0834211, , , , , , , 3.2638846, -0.0149386, , , , , , , , , , , , , , , , , , , , , , , , , , , , 
3.2644038, 0.0840925, , , , , , , 3.2644038, 0.0629435, , , , , , , 3.2644038, -0.1008774, , , , , , , 3.2644038, -0.017792, , , , , , , , , , , , , , , , , , , , , , , , , , , , 
3.2649231, 0.0869459, , , , , , , 3.2649231, 0.0595865, , , , , , , 3.2649231, -0.1163195, , , , , , , 3.2649231, -0.0164492, , , , , , , , , , , , , , , , , , , , , , , , , , , , 
3.2654423, 0.0854353, , , , , , , 3.2654423, 0.0663005, , , , , , , 3.2654423, -0.1210193, , , , , , , 3.2654423, -0.0137636, , , , , , , , , , , , , , , , , , , , , , , , , , , , 
3.2659615, 0.0864424, , , , , , , 3.2659615, 0.0594186, , , , , , , 3.2659615, -0.1263905, , , , , , , 3.2659615, -0.0129244, , , , , , , , , , , , , , , , , , , , , , , , , , , , 
3.2664808, 0.0840925, , , , , , , 3.2664808, 0.0204776, , , , , , , 3.2664808, -0.1364614, , , , , , , 3.2664808, -0.0115816, , , , , , , , , , , , , , , , , , , , , , , , , , , , 
3.267, 0.0720073, , , , , , , 3.267, -0.0360876, , , , , , , 3.267, -0.1438468, , , , , , , 3.267, -0.0105745, , , , , , , , , , , , , , , , , , , , , , , , , , , , 
3.2675192, 0.0574044, , , , , , , 3.2675192, -0.0918135, , , , , , , 3.2675192, -0.1354543, , , , , , , 3.2675192, -0.0095674, , , , , , , , , , , , , , , , , , , , , , , , , , , , 
3.2680385, 0.0468299, , , , , , , 3.2680385, -0.1198444, , , , , , , 3.2680385, -0.1079271, , , , , , , 3.2680385, -0.0068818, , , , , , , , , , , , , , , , , , , , , , , , , , , , 
3.2685577, 0.0384375, , , , , , , 3.2685577, -0.105745, , , , , , , 3.2685577, -0.0746929, , , , , , , 3.2685577, 0.0008392, , , , , , , , , , , , , , , , , , , , , , , , , , , , 
3.2690769, 0.0350805, , , , , , , 3.2690769, -0.0669718, , , , , , , 3.2690769, -0.0498512, , , , , , , 3.2690769, 0.0124208, , , , , , , , , , , , , , , , , , , , , , , , , , , , 
3.2695962, 0.0307164, , , , , , , 3.2695962, -0.0407874, , , , , , , 3.2695962, -0.0451514, , , , , , , 3.2695962, 0.0184634, , , , , , , , , , , , , , , , , , , , , , , , , , , , 
3.2701154, 0.0172885, , , , , , , 3.2701154, -0.0498512, , , , , , , 3.2701154, -0.047837, , , , , , , 3.2701154, 0.0218204, , , , , , , , , , , , , , , , , , , , , , , , , , , , 
3.2706346, -0.0028534, , , , , , , 3.2706346, -0.0686503, , , , , , , 3.2706346, -0.0441444, , , , , , , 3.2706346, 0.0246738, , , , , , , , , , , , , , , , , , , , , , , , , , , , 
3.2711538, -0.0223239, , , , , , , 3.2711538, -0.0639506, , , , , , , 3.2711538, -0.0330663, , , , , , , 3.2711538, 0.0293736, , , , , , , , , , , , , , , , , , , , , , , , , , , , 
3.2716731, -0.0330663, , , , , , , 3.2716731, -0.0337377, , , , , , , 3.2716731, -0.0186313, , , , , , , 3.2716731, 0.0327306, , , , , , , , , , , , , , , , , , , , , , , , , , , , 
3.2721923, -0.0384375, , , , , , , 3.2721923, -0.0030213, , , , , , , 3.2721923, -0.0015106, , , , , , , 3.2721923, 0.036759, , , , , , , , , , , , , , , , , , , , , , , , , , , , 
3.2727115, -0.0466621, , , , , , , 3.2727115, 0.0087282, , , , , , , 3.2727115, 0.0146029, , , , , , , 3.2727115, 0.0407874, , , , , , , , , , , , , , , , , , , , , , , , , , , , 
3.2732308, -0.054551, , , , , , , 3.2732308, 0.0043641, , , , , , , 3.2732308, 0.026688, , , , , , , 3.2732308, 0.0428016, , , , , , , , , , , , , , , , , , , , , , , , , , , , 
3.27375, -0.0565652, , , , , , , 3.27375, -0.0058747, , , , , , , 3.27375, 0.040116, , , , , , , 3.27375, 0.047837, , , , , , , , , , , , , , , , , , , , , , , , , , , , 
3.2742692, -0.0471656, , , , , , , 3.2742692, -0.0115816, , , , , , , 3.2742692, 0.0501869, , , , , , , 3.2742692, 0.0572366, , , , , , , , , , , , , , , , , , , , , , , , , , , , 
3.2747885, -0.0317235, , , , , , , 3.2747885, -0.0073854, , , , , , , 3.2747885, 0.0614328, , , , , , , 3.2747885, 0.0720073, , , , , , , , , , , , , , , , , , , , , , , , , , , , 
3.2753077, -0.0288701, , , , , , , 3.2753077, 0.0043641, , , , , , , 3.2753077, 0.0830854, , , , , , , 3.2753077, 0.0852674, , , , , , , , , , , , , , , , , , , , , , , , , , , , 
3.2758269, -0.0347448, , , , , , , 3.2758269, 0.0132601, , , , , , , 3.2758269, 0.1141375, , , , , , , 3.2758269, 0.0911421, , , , , , , , , , , , , , , , , , , , , , , , , , , , 
3.2763462, -0.0372625, , , , , , , 3.2763462, 0.0125887, , , , , , , 3.2763462, 0.1384756, , , , , , , 3.2763462, 0.0871138, , , , , , , , , , , , , , , , , , , , , , , , , , , , 
3.2768654, -0.0342412, , , , , , , 3.2768654, 0.0023499, , , , , , , 3.2768654, 0.1478752, , , , , , , 3.2768654, 0.0757, , , , , , , , , , , , , , , , , , , , , , , , , , , , 
3.2773846, -0.0273594, , , , , , , 3.2773846, -0.0095674, , , , , , , 3.2773846, 0.1441825, , , , , , , 3.2773846, 0.0605936, , , , , , , , , , , , , , , , , , , , , , , , , , , , 
3.2779038, -0.0191348, , , , , , , 3.2779038, -0.0162814, , , , , , , 3.2779038, 0.1361257, , , , , , , 3.2779038, 0.0421302, , , , , , , , , , , , , , , , , , , , , , , , , , , , 
3.2784231, -0.0129244, , , , , , , 3.2784231, -0.018967, , , , , , , 3.2784231, 0.1393149, , , , , , , 3.2784231, 0.0246738, , , , , , , , , , , , , , , , , , , , , , , , , , , , 
3.2789423, -0.0095674, , , , , , , 3.2789423, -0.0095674, , , , , , , 3.2789423, 0.1495537, , , , , , , 3.2789423, 0.0112459, , , , , , , , , , , , , , , , , , , , , , , , , , , , 
3.2794615, -0.0085603, , , , , , , 3.2794615, 0.0030213, , , , , , , 3.2794615, 0.1532464, , , , , , , 3.2794615, 0.0003357, , , , , , , , , , , , , , , , , , , , , , , , , , , , 
3.2799808, -0.0063783, , , , , , , 3.2799808, 0.0045319, , , , , , , 3.2799808, 0.1408255, , , , , , , 3.2799808, -0.0105745, , , , , , , , , , , , , , , , , , , , , , , , , , , , 
3.2805, -0.005539, , , , , , , 3.2805, 0.0010071, , , , , , , 3.2805, 0.1072557, , , , , , , 3.2805, -0.0196384, , , , , , , , , , , , , , , , , , , , , , , , , , , , 
3.2810192, -0.0038605, , , , , , , 3.2810192, -0.0015106, , , , , , , 3.2810192, 0.0555581, , , , , , , 3.2810192, -0.0263523, , , , , , , , , , , , , , , , , , , , , , , , , , , , 
3.2815385, 0.002182, , , , , , , 3.2815385, -0.002182, , , , , , , 3.2815385, -0.0001678, , , , , , , 3.2815385, -0.0283665, , , , , , , , , , , , , , , , , , , , , , , , , , , , 
3.2820577, 0.0119173, , , , , , , 3.2820577, -0.0015106, , , , , , , 3.2820577, -0.0518654, , , , , , , 3.2820577, -0.0290379, , , , , , , , , , , , , , , , , , , , , , , , , , , , 
3.2825769, 0.0152743, , , , , , , 3.2825769, 0.0005035, , , , , , , 3.2825769, -0.1018845, , , , , , , 3.2825769, -0.0303807, , , , , , , , , , , , , , , , , , , , , , , , , , , , 
3.2830962, 0.0162814, , , , , , , 3.2830962, 0.0035248, , , , , , , 3.2830962, -0.1451896, , , , , , , 3.2830962, -0.0303807, , , , , , , , , , , , , , , , , , , , , , , , , , , , 
3.2836154, 0.0283665, , , , , , , 3.2836154, 0.0023499, , , , , , , 3.2836154, -0.1752346, , , , , , , 3.2836154, -0.0323949, , , , , , , , , , , , , , , , , , , , , , , , , , , , 
3.2841346, 0.0505226, , , , , , , 3.2841346, -0.0068818, , , , , , , 3.2841346, -0.1942016, , , , , , , 3.2841346, -0.0379339, , , , , , , , , , , , , , , , , , , , , , , , , , , , 
3.2846538, 0.0652934, , , , , , , 3.2846538, -0.0102388, , , , , , , 3.2846538, -0.207126, , , , , , , 3.2846538, -0.0424659, , , , , , , , , , , , , , , , , , , , , , , , , , , , 
3.2851731, 0.0721752, , , , , , , 3.2851731, -0.0068818, , , , , , , 3.2851731, -0.2153506, , , , , , , 3.2851731, -0.0421302, , , , , , , , , , , , , , , , , , , , , , , , , , , , 
3.2856923, 0.0750286, , , , , , , 3.2856923, -0.0139315, , , , , , , 3.2856923, -0.2163577, , , , , , , 3.2856923, -0.0370947, , , , , , , , , , , , , , , , , , , , , , , , , , , , 
3.2862115, 0.0730144, , , , , , , 3.2862115, -0.0209812, , , , , , , 3.2862115, -0.2083009, , , , , , , 3.2862115, -0.0285344, , , , , , , , , , , , , , , , , , , , , , , , , , , , 
3.2867308, 0.0694896, , , , , , , 3.2867308, -0.0085603, , , , , , , 3.2867308, -0.1923552, , , , , , , 3.2867308, -0.0213169, , , , , , , , , , , , , , , , , , , , , , , , , , , , 
3.28725, 0.0663005, , , , , , , 3.28725, 0.0229953, , , , , , , 3.28725, -0.163653, , , , , , , 3.28725, -0.0157778, , , , , , , , , , , , , , , , , , , , , , , , , , , , 
3.2877692, 0.0609293, , , , , , , 3.2877692, 0.0495155, , , , , , , 3.2877692, -0.1287404, , , , , , , 3.2877692, -0.0115816, , , , , , , , , , , , , , , , , , , , , , , , , , , , 
3.2882885, 0.054551, , , , , , , 3.2882885, 0.0602579, , , , , , , 3.2882885, -0.1003738, , , , , , , 3.2882885, -0.0083925, , , , , , , , , , , , , , , , , , , , , , , , , , , , 
3.2888077, 0.0431373, , , , , , , 3.2888077, 0.0622721, , , , , , , 3.2888077, -0.0762036, , , , , , , 3.2888077, -0.0028534, , , , , , , , , , , , , , , , , , , , , , , , , , , , 
3.2893269, 0.0317235, , , , , , , 3.2893269, 0.0522011, , , , , , , 3.2893269, -0.051194, , , , , , , 3.2893269, 0.0052033, , , , , , , , , , , , , , , , , , , , , , , , , , , , 
3.2898462, 0.0196384, , , , , , , 3.2898462, 0.0320592, , , , , , , 3.2898462, -0.0256809, , , , , , , 3.2898462, 0.0137636, , , , , , , , , , , , , , , , , , , , , , , , , , , , 
3.2903654, 0.0045319, , , , , , , 3.2903654, 0.0112459, , , , , , , 3.2903654, -0.0028534, , , , , , , 3.2903654, 0.0199741, , , , , , , , , , , , , , , , , , , , , , , , , , , , 
3.2908846, -0.0109102, , , , , , , 3.2908846, -0.0152743, , , , , , , 3.2908846, 0.0256809, , , , , , , 3.2908846, 0.0209812, , , , , , , , , , , , , , , , , , , , , , , , , , , , 
3.2914038, -0.0229953, , , , , , , 3.2914038, -0.0522011, , , , , , , 3.2914038, 0.0555581, , , , , , , 3.2914038, 0.0193027, , , , , , , , , , , , , , , , , , , , , , , , , , , , 
3.2919231, -0.0270237, , , , , , , 3.2919231, -0.0807355, , , , , , , 3.2919231, 0.0783856, , , , , , , 3.2919231, 0.0219883, , , , , , , , , , , , , , , , , , , , , , , , , , , , 
3.2924423, -0.033402, , , , , , , 3.2924423, -0.0787213, , , , , , , 3.2924423, 0.0891279, , , , , , , 3.2924423, 0.0298772, , , , , , , , , , , , , , , , , , , , , , , , , , , , 
3.2929615, -0.0424659, , , , , , , 3.2929615, -0.0569009, , , , , , , 3.2929615, 0.0918135, , , , , , , 3.2929615, 0.0404517, , , , , , , , , , , , , , , , , , , , , , , , , , , , 
3.2934808, -0.0491798, , , , , , , 3.2934808, -0.0394446, , , , , , , 3.2934808, 0.0929885, , , , , , , 3.2934808, 0.0488441, , , , , , , , , , , , , , , , , , , , , , , , , , , , 
3.294, -0.0464942, , , , , , , 3.294, -0.0305486, , , , , , , 3.294, 0.0943313, , , , , , , 3.294, 0.0513619, , , , , , , , , , , , , , , , , , , , , , , , , , , , 
3.2945192, -0.0370947, , , , , , , 3.2945192, -0.0287022, , , , , , , 3.2945192, 0.0950027, , , , , , , 3.2945192, 0.051194, , , , , , , , , , , , , , , , , , , , , , , , , , , , 
3.2950385, -0.0270237, , , , , , , 3.2950385, -0.0290379, , , , , , , 3.2950385, 0.0944991, , , , , , , 3.2950385, 0.0500191, , , , , , , , , , , , , , , , , , , , , , , , , , , , 
3.2955577, -0.0196384, , , , , , , 3.2955577, -0.0196384, , , , , , , 3.2955577, 0.0903029, , , , , , , 3.2955577, 0.0464942, , , , , , , , , , , , , , , , , , , , , , , , , , , , 
3.2960769, -0.0162814, , , , , , , 3.2960769, -0.0082246, , , , , , , 3.2960769, 0.0814069, , , , , , , 3.2960769, 0.040116, , , , , , , , , , , , , , , , , , , , , , , , , , , , 
3.2965962, -0.0097353, , , , , , , 3.2965962, -0.0162814, , , , , , , 3.2965962, 0.0656291, , , , , , , 3.2965962, 0.0339055, , , , , , , , , , , , , , , , , , , , , , , , , , , , 
3.2971154, -0.0028534, , , , , , , 3.2971154, -0.0318914, , , , , , , 3.2971154, 0.0468299, , , , , , , 3.2971154, 0.0292058, , , , , , , , , , , , , , , , , , , , , , , , , , , , 
3.2976346, 0.0001678, , , , , , , 3.2976346, -0.0350805, , , , , , , 3.2976346, 0.0270237, , , , , , , 3.2976346, 0.0213169, , , , , , , , , , , , , , , , , , , , , , , , , , , , 
3.2981538, 0.0031891, , , , , , , 3.2981538, -0.0328985, , , , , , , 3.2981538, 0.0099031, , , , , , , 3.2981538, 0.0129244, , , , , , , , , , , , , , , , , , , , , , , , , , , , 
3.2986731, 0.0085603, , , , , , , 3.2986731, -0.0270237, , , , , , , 3.2986731, -0.0016785, , , , , , , 3.2986731, 0.0058747, , , , , , , , , , , , , , , , , , , , , , , , , , , , 
3.2991923, 0.0169528, , , , , , , 3.2991923, -0.0142672, , , , , , , 3.2991923, -0.0082246, , , , , , , 3.2991923, -0.0003357, , , , , , , , , , , , , , , , , , , , , , , , , , , , 
3.2997115, 0.0253452, , , , , , , 3.2997115, -0.0048676, , , , , , , 3.2997115, -0.0065461, , , , , , , 3.2997115, -0.0025177, , , , , , , , , , , , , , , , , , , , , , , , , , , , 
3.3002308, 0.026688, , , , , , , 3.3002308, -0.0085603, , , , , , , 3.3002308, 0.0043641, , , , , , , 3.3002308, -0.0020142, , , , , , , , , , , , , , , , , , , , , , , , , , , , 
3.30075, 0.023331, , , , , , , 3.30075, -0.012253, , , , , , , 3.30075, 0.017792, , , , , , , 3.30075, -0.002182, , , , , , , , , , , , , , , , , , , , , , , , , , , , 
3.3012692, 0.0243381, , , , , , , 3.3012692, -0.002182, , , , , , , 3.3012692, 0.0246738, , , , , , , 3.3012692, -0.0035248, , , , , , , , , , , , , , , , , , , , , , , , , , , , 
3.3017885, 0.0293736, , , , , , , 3.3017885, 0.0132601, , , , , , , 3.3017885, 0.0216526, , , , , , , 3.3017885, -0.0041962, , , , , , , , , , , , , , , , , , , , , , , , , , , , 
3.3023077, 0.0236667, , , , , , , 3.3023077, 0.0199741, , , , , , , 3.3023077, 0.0125887, , , , , , , 3.3023077, -0.0018463, , , , , , , , , , , , , , , , , , , , , , , , , , , , 
3.3028269, 0.017792, , , , , , , 3.3028269, 0.0172885, , , , , , , 3.3028269, 0.0005035, , , , , , , 3.3028269, 0.0011749, , , , , , , , , , , , , , , , , , , , , , , , , , , , 
3.3033462, 0.0219883, , , , , , , 3.3033462, 0.0109102, , , , , , , 3.3033462, -0.0102388, , , , , , , 3.3033462, 0.0026856, , , , , , , , , , , , , , , , , , , , , , , , , , , , 
3.3038654, 0.0387732, , , , , , , 3.3038654, 0.0036927, , , , , , , 3.3038654, -0.014435, , , , , , , 3.3038654, 0.0008392, , , , , , , , , , , , , , , , , , , , , , , , , , , , 
3.3043846, 0.0552224, , , , , , , 3.3043846, 0.0005035, , , , , , , 3.3043846, -0.0082246, , , , , , , 3.3043846, -0.0038605, , , , , , , , , , , , , , , , , , , , , , , , , , , , 
3.3049038, 0.0641184, , , , , , , 3.3049038, 0.0182956, , , , , , , 3.3049038, 0.0031891, , , , , , , 3.3049038, -0.0082246, , , , , , , , , , , , , , , , , , , , , , , , , , , , 
3.3054231, 0.0681468, , , , , , , 3.3054231, 0.043473, , , , , , , 3.3054231, 0.008896, , , , , , , 3.3054231, -0.0099031, , , , , , , , , , , , , , , , , , , , , , , , , , , , 
3.3059423, 0.0703288, , , , , , , 3.3059423, 0.0589151, , , , , , , 3.3059423, 0.0011749, , , , , , , 3.3059423, -0.0107424, , , , , , , , , , , , , , , , , , , , , , , , , , , , 
3.3064615, 0.068986, , , , , , , 3.3064615, 0.0663005, , , , , , , 3.3064615, -0.0176242, , , , , , , 3.3064615, -0.0119173, , , , , , , , , , , , , , , , , , , , , , , , , , , , 
3.3069808, 0.0607614, , , , , , , 3.3069808, 0.0642863, , , , , , , 3.3069808, -0.0417945, , , , , , , 3.3069808, -0.0135958, , , , , , , , , , , , , , , , , , , , , , , , , , , , 
3.3075, 0.0508583, , , , , , , 3.3075, 0.0387732, , , , , , , 3.3075, -0.0639506, , , , , , , 3.3075, -0.0124208, , , , , , , , , , , , , , , , , , , , , , , , , , , , 
3.3080192, 0.0424659, , , , , , , 3.3080192, 0.0062104, , , , , , , 3.3080192, -0.0834211, , , , , , , 3.3080192, -0.0115816, , , , , , , , , , , , , , , , , , , , , , , , , , , , 
3.3085385, 0.0340734, , , , , , , 3.3085385, -0.01561, , , , , , , 3.3085385, -0.1015488, , , , , , , 3.3085385, -0.0102388, , , , , , , , , , , , , , , , , , , , , , , , , , , , 
3.3090577, 0.0263523, , , , , , , 3.3090577, -0.024506, , , , , , , 3.3090577, -0.1156481, , , , , , , 3.3090577, -0.005539, , , , , , , , , , , , , , , , , , , , , , , , , , , , 
3.3095769, 0.0159457, , , , , , , 3.3095769, -0.0203098, , , , , , , 3.3095769, -0.1188373, , , , , , , 3.3095769, 0.0025177, , , , , , , , , , , , , , , , , , , , , , , , , , , , 
3.3100962, 0.0052033, , , , , , , 3.3100962, -0.0216526, , , , , , , 3.3100962, -0.1084306, , , , , , , 3.3100962, 0.0112459, , , , , , , , , , , , , , , , , , , , , , , , , , , , 
3.3106154, -0.0025177, , , , , , , 3.3106154, -0.033402, , , , , , , 3.3106154, -0.1008774, , , , , , , 3.3106154, 0.0146029, , , , , , , , , , , , , , , , , , , , , , , , , , , , 
3.3111346, -0.0109102, , , , , , , 3.3111346, -0.0438087, , , , , , , 3.3111346, -0.10692, , , , , , , 3.3111346, 0.0146029, , , , , , , , , , , , , , , , , , , , , , , , , , , , 
3.3116538, -0.0203098, , , , , , , 3.3116538, -0.0441444, , , , , , , 3.3116538, -0.1149767, , , , , , , 3.3116538, 0.0176242, , , , , , , , , , , , , , , , , , , , , , , , , , , , 
3.3121731, -0.0292058, , , , , , , 3.3121731, -0.0283665, , , , , , , 3.3121731, -0.1059129, , , , , , , 3.3121731, 0.0206455, , , , , , , , , , , , , , , , , , , , , , , , , , , , 
3.3126923, -0.0370947, , , , , , , 3.3126923, -0.0028534, , , , , , , 3.3126923, -0.0867781, , , , , , , 3.3126923, 0.0226596, , , , , , , , , , , , , , , , , , , , , , , , , , , , 
3.3132115, -0.0419623, , , , , , , 3.3132115, 0.0075532, , , , , , , 3.3132115, -0.0757, , , , , , , 3.3132115, 0.0250095, , , , , , , , , , , , , , , , , , , , , , , , , , , , 
3.3137308, -0.0384375, , , , , , , 3.3137308, 0.0065461, , , , , , , 3.3137308, -0.072343, , , , , , , 3.3137308, 0.0297093, , , , , , , , , , , , , , , , , , , , , , , , , , , , 
3.31425, -0.0229953, , , , , , , 3.31425, 0.0166171, , , , , , , 3.31425, -0.0639506, , , , , , , 3.31425, 0.0347448, , , , , , , , , , , , , , , , , , , , , , , , , , , , 
3.3147692, -0.0112459, , , , , , , 3.3147692, 0.0347448, , , , , , , 3.3147692, -0.0439765, , , , , , , 3.3147692, 0.0392767, , , , , , , , , , , , , , , , , , , , , , , , , , , , 
3.3152885, -0.0045319, , , , , , , 3.3152885, 0.0307164, , , , , , , 3.3152885, -0.0169528, , , , , , , 3.3152885, 0.0407874, , , , , , , , , , , , , , , , , , , , , , , , , , , , 
3.3158077, -0.005539, , , , , , , 3.3158077, -0.0072175, , , , , , , 3.3158077, 0.0077211, , , , , , , 3.3158077, 0.0424659, , , , , , , , , , , , , , , , , , , , , , , , , , , , 
3.3163269, -0.0030213, , , , , , , 3.3163269, -0.0493477, , , , , , , 3.3163269, 0.0273594, , , , , , , 3.3163269, 0.0399481, , , , , , , , , , , , , , , , , , , , , , , , , , , , 
3.3168462, 0.0028534, , , , , , , 3.3168462, -0.0678111, , , , , , , 3.3168462, 0.0458228, , , , , , , 3.3168462, 0.0345769, , , , , , , , , , , , , , , , , , , , , , , , , , , , 
3.3173654, 0.0058747, , , , , , , 3.3173654, -0.0773785, , , , , , , 3.3173654, 0.0595865, , , , , , , 3.3173654, 0.0280308, , , , , , , , , , , , , , , , , , , , , , , , , , , , 
3.3178846, 0.0083925, , , , , , , 3.3178846, -0.0871138, , , , , , , 3.3178846, 0.068986, , , , , , , 3.3178846, 0.0246738, , , , , , , , , , , , , , , , , , , , , , , , , , , , 
3.3184038, 0.0125887, , , , , , , 3.3184038, -0.0866102, , , , , , , 3.3184038, 0.0797284, , , , , , , 3.3184038, 0.0243381, , , , , , , , , , , , , , , , , , , , , , , , , , , , 
3.3189231, 0.0132601, , , , , , , 3.3189231, -0.0673075, , , , , , , 3.3189231, 0.090135, , , , , , , 3.3189231, 0.0251774, , , , , , , , , , , , , , , , , , , , , , , , , , , , 
3.3194423, 0.0115816, , , , , , , 3.3194423, -0.0327306, , , , , , , 3.3194423, 0.0938277, , , , , , , 3.3194423, 0.0248417, , , , , , , , , , , , , , , , , , , , , , , , , , , , 
3.3199615, 0.0112459, , , , , , , 3.3199615, 0.0023499, , , , , , , 3.3199615, 0.0978561, , , , , , , 3.3199615, 0.0182956, , , , , , , , , , , , , , , , , , , , , , , , , , , , 
3.3204808, 0.0162814, , , , , , , 3.3204808, 0.0193027, , , , , , , 3.3204808, 0.1126268, , , , , , , 3.3204808, 0.0095674, , , , , , , , , , , , , , , , , , , , , , , , , , , , 
3.321, 0.023331, , , , , , , 3.321, 0.0203098, , , , , , , 3.321, 0.1220264, , , , , , , 3.321, 0.0053712, , , , , , , , , , , , , , , , , , , , , , , , , , , , 
3.3215192, 0.0213169, , , , , , , 3.3215192, 0.0273594, , , , , , , 3.3215192, 0.1096056, , , , , , , 3.3215192, 0.0065461, , , , , , , , , , , , , , , , , , , , , , , , , , , , 
3.3220385, 0.0139315, , , , , , , 3.3220385, 0.0399481, , , , , , , 3.3220385, 0.0840925, , , , , , , 3.3220385, 0.0109102, , , , , , , , , , , , , , , , , , , , , , , , , , , , 
3.3225577, 0.0142672, , , , , , , 3.3225577, 0.0486763, , , , , , , 3.3225577, 0.0528725, , , , , , , 3.3225577, 0.0119173, , , , , , , , , , , , , , , , , , , , , , , , , , , , 
3.3230769, 0.0172885, , , , , , , 3.3230769, 0.0602579, , , , , , , 3.3230769, 0.0199741, , , , , , , 3.3230769, 0.0090639, , , , , , , , , , , , , , , , , , , , , , , , , , , , 
3.3235962, 0.027863, , , , , , , 3.3235962, 0.0654612, , , , , , , 3.3235962, -0.0102388, , , , , , , 3.3235962, 0.0041962, , , , , , , , , , , , , , , , , , , , , , , , , , , , 
3.3241154, 0.0468299, , , , , , , 3.3241154, 0.0508583, , , , , , , 3.3241154, -0.0397803, , , , , , , 3.3241154, 0.0003357, , , , , , , , , , , , , , , , , , , , , , , , , , , , 
3.3246346, 0.0585794, , , , , , , 3.3246346, 0.0344091, , , , , , , 3.3246346, -0.0659648, , , , , , , 3.3246346, -0.002182, , , , , , , , , , , , , , , , , , , , , , , , , , , , 
3.3251538, 0.0610971, , , , , , , 3.3251538, 0.0270237, , , , , , , 3.3251538, -0.0817426, , , , , , , 3.3251538, -0.0038605, , , , , , , , , , , , , , , , , , , , , , , , , , , , 
3.3256731, 0.0616007, , , , , , , 3.3256731, 0.0280308, , , , , , , 3.3256731, -0.0837568, , , , , , , 3.3256731, -0.0085603, , , , , , , , , , , , , , , , , , , , , , , , , , , , 
3.3261923, 0.0602579, , , , , , , 3.3261923, 0.0330663, , , , , , , 3.3261923, -0.0767071, , , , , , , 3.3261923, -0.0152743, , , , , , , , , , , , , , , , , , , , , , , , , , , , 
3.3267115, 0.0562295, , , , , , , 3.3267115, 0.0209812, , , , , , , 3.3267115, -0.0659648, , , , , , , 3.3267115, -0.014435, , , , , , , , , , , , , , , , , , , , , , , , , , , , 
3.3272308, 0.0500191, , , , , , , 3.3272308, 0.0041962, , , , , , , 3.3272308, -0.0574044, , , , , , , 3.3272308, -0.0065461, , , , , , , , , , , , , , , , , , , , , , , , , , , , 
3.32775, 0.0397803, , , , , , , 3.32775, -0.0063783, , , , , , , 3.32775, -0.0500191, , , , , , , 3.32775, 0.0036927, , , , , , , , , , , , , , , , , , , , , , , , , , , , 
3.3282692, 0.0293736, , , , , , , 3.3282692, -0.0112459, , , , , , , 3.3282692, -0.0397803, , , , , , , 3.3282692, 0.0186313, , , , , , , , , , , , , , , , , , , , , , , , , , , , 
3.3287885, 0.0216526, , , , , , , 3.3287885, -0.0109102, , , , , , , 3.3287885, -0.0240024, , , , , , , 3.3287885, 0.0360876, , , , , , , , , , , , , , , , , , , , , , , , , , , , 
3.3293077, 0.0115816, , , , , , , 3.3293077, -0.0199741, , , , , , , 3.3293077, -0.0078889, , , , , , , 3.3293077, 0.0461585, , , , , , , , , , , , , , , , , , , , , , , , , , , , 
3.3298269, -0.0038605, , , , , , , 3.3298269, -0.0451514, , , , , , , 3.3298269, 0.0083925, , , , , , , 3.3298269, 0.0515297, , , , , , , , , , , , , , , , , , , , , , , , , , , , 
3.3303462, -0.0204776, , , , , , , 3.3303462, -0.0847639, , , , , , , 3.3303462, 0.0199741, , , , , , , 3.3303462, 0.0542153, , , , , , , , , , , , , , , , , , , , , , , , , , , , 
3.3308654, -0.03122, , , , , , , 3.3308654, -0.1220264, , , , , , , 3.3308654, 0.0236667, , , , , , , 3.3308654, 0.0555581, , , , , , , , , , , , , , , , , , , , , , , , , , , , 
3.3313846, -0.0350805, , , , , , , 3.3313846, -0.1384756, , , , , , , 3.3313846, 0.0238346, , , , , , , 3.3313846, 0.0547189, , , , , , , , , , , , , , , , , , , , , , , , , , , , 
3.3319038, -0.0397803, , , , , , , 3.3319038, -0.1451896, , , , , , , 3.3319038, 0.0303807, , , , , , , 3.3319038, 0.0535439, , , , , , , , , , , , , , , , , , , , , , , , , , , , 
3.3324231, -0.0453193, , , , , , , 3.3324231, -0.1451896, , , , , , , 3.3324231, 0.0411231, , , , , , , 3.3324231, 0.0542153, , , , , , , , , , , , , , , , , , , , , , , , , , , , 
3.3329423, -0.0471656, , , , , , , 3.3329423, -0.1226978, , , , , , , 3.3329423, 0.051194, , , , , , , 3.3329423, 0.0506905, , , , , , , , , , , , , , , , , , , , , , , , , , , , 
3.3334615, -0.0391089, , , , , , , 3.3334615, -0.0767071, , , , , , , 3.3334615, 0.056733, , , , , , , 3.3334615, 0.0426337, , , , , , , , , , , , , , , , , , , , , , , , , , , , 
3.3339808, -0.0240024, , , , , , , 3.3339808, -0.0285344, , , , , , , 3.3339808, 0.0548867, , , , , , , 3.3339808, 0.0320592, , , , , , , , , , , , , , , , , , , , , , , , , , , , 
3.3345, -0.0095674, , , , , , , 3.3345, -0.0041962, , , , , , , 3.3345, 0.047837, , , , , , , 3.3345, 0.0209812, , , , , , , , , , , , , , , , , , , , , , , , , , , , 
3.3350192, 0.0025177, , , , , , , 3.3350192, 0.0001678, , , , , , , 3.3350192, 0.036759, , , , , , , 3.3350192, 0.0112459, , , , , , , , , , , , , , , , , , , , , , , , , , , , 
3.3355385, 0.0105745, , , , , , , 3.3355385, 0.0062104, , , , , , , 3.3355385, 0.0213169, , , , , , , 3.3355385, 0.0025177, , , , , , , , , , , , , , , , , , , , , , , , , , , , 
3.3360577, 0.0172885, , , , , , , 3.3360577, 0.0193027, , , , , , , 3.3360577, 0.0062104, , , , , , , 3.3360577, -0.0052033, , , , , , , , , , , , , , , , , , , , , , , , , , , , 
3.3365769, 0.0261845, , , , , , , 3.3365769, 0.0196384, , , , , , , 3.3365769, 0.0023499, , , , , , , 3.3365769, -0.0109102, , , , , , , , , , , , , , , , , , , , , , , , , , , , 
3.3370962, 0.0320592, , , , , , , 3.3370962, 0.0030213, , , , , , , 3.3370962, 0.0018463, , , , , , , 3.3370962, -0.0119173, , , , , , , , , , , , , , , , , , , , , , , , , , , , 
3.3376154, 0.03122, , , , , , , 3.3376154, -0.0092317, , , , , , , 3.3376154, -0.0112459, , , , , , , 3.3376154, -0.0109102, , , , , , , , , , , , , , , , , , , , , , , , , , , , 
3.3381346, 0.0313878, , , , , , , 3.3381346, 0.0105745, , , , , , , 3.3381346, -0.0347448, , , , , , , 3.3381346, -0.0082246, , , , , , , , , , , , , , , , , , , , , , , , , , , , 
3.3386538, 0.0344091, , , , , , , 3.3386538, 0.0595865, , , , , , , 3.3386538, -0.0569009, , , , , , , 3.3386538, -0.0068818, , , , , , , , , , , , , , , , , , , , , , , , , , , , 
3.3391731, 0.0372625, , , , , , , 3.3391731, 0.1032273, , , , , , , 3.3391731, -0.0673075, , , , , , , 3.3391731, -0.0058747, , , , , , , , , , , , , , , , , , , , , , , , , , , , 
3.3396923, 0.0374304, , , , , , , 3.3396923, 0.1136339, , , , , , , 3.3396923, -0.0674754, , , , , , , 3.3396923, -0.0041962, , , , , , , , , , , , , , , , , , , , , , , , , , , , 
3.3402115, 0.0337377, , , , , , , 3.3402115, 0.0871138, , , , , , , 3.3402115, -0.0624399, , , , , , , 3.3402115, 0.0013428, , , , , , , , , , , , , , , , , , , , , , , , , , , , 
3.3407308, 0.0280308, , , , , , , 3.3407308, 0.0508583, , , , , , , 3.3407308, -0.0522011, , , , , , , 3.3407308, 0.0085603, , , , , , , , , , , , , , , , , , , , , , , , , , , , 
3.34125, 0.0253452, , , , , , , 3.34125, 0.0238346, , , , , , , 3.34125, -0.036759, , , , , , , 3.34125, 0.0125887, , , , , , , , , , , , , , , , , , , , , , , , , , , , 
3.3417692, 0.0290379, , , , , , , 3.3417692, 0.0005035, , , , , , , 3.3417692, -0.0179599, , , , , , , 3.3417692, 0.014435, , , , , , , , , , , , , , , , , , , , , , , , , , , , 
3.3422885, 0.0327306, , , , , , , 3.3422885, -0.0176242, , , , , , , 3.3422885, 0.0003357, , , , , , , 3.3422885, 0.0139315, , , , , , , , , , , , , , , , , , , , , , , , , , , , 
3.3428077, 0.0327306, , , , , , , 3.3428077, -0.0229953, , , , , , , 3.3428077, 0.0146029, , , , , , , 3.3428077, 0.0124208, , , , , , , , , , , , , , , , , , , , , , , , , , , , 
3.3433269, 0.0327306, , , , , , , 3.3433269, -0.0330663, , , , , , , 3.3433269, 0.0219883, , , , , , , 3.3433269, 0.0102388, , , , , , , , , , , , , , , , , , , , , , , , , , , , 
3.3438462, 0.0391089, , , , , , , 3.3438462, -0.0542153, , , , , , , 3.3438462, 0.0226596, , , , , , , 3.3438462, 0.0062104, , , , , , , , , , , , , , , , , , , , , , , , , , , , 
3.3443654, 0.0464942, , , , , , , 3.3443654, -0.0515297, , , , , , , 3.3443654, 0.0191348, , , , , , , 3.3443654, 0.002182, , , , , , , , , , , , , , , , , , , , , , , , , , , , 
3.3448846, 0.0498512, , , , , , , 3.3448846, -0.0283665, , , , , , , 3.3448846, 0.0112459, , , , , , , 3.3448846, -0.0018463, , , , , , , , , , , , , , , , , , , , , , , , , , , , 
3.3454038, 0.0513619, , , , , , , 3.3454038, -0.0075532, , , , , , , 3.3454038, -0.0035248, , , , , , , 3.3454038, -0.0102388, , , , , , , , , , , , , , , , , , , , , , , , , , , , 
3.3459231, 0.0555581, , , , , , , 3.3459231, 0.011078, , , , , , , 3.3459231, -0.0243381, , , , , , , 3.3459231, -0.0139315, , , , , , , , , , , , , , , , , , , , , , , , , , , , 
3.3464423, 0.0560616, , , , , , , 3.3464423, 0.0219883, , , , , , , 3.3464423, -0.0407874, , , , , , , 3.3464423, -0.0115816, , , , , , , , , , , , , , , , , , , , , , , , , , , , 
3.3469615, 0.0525368, , , , , , , 3.3469615, 0.0115816, , , , , , , 3.3469615, -0.0451514, , , , , , , 3.3469615, -0.008896, , , , , , , , , , , , , , , , , , , , , , , , , , , , 
3.3474808, 0.0464942, , , , , , , 3.3474808, -0.0060426, , , , , , , 3.3474808, -0.036759, , , , , , , 3.3474808, -0.0041962, , , , , , , , , , , , , , , , , , , , , , , , , , , , 
3.348, 0.0364233, , , , , , , 3.348, -0.0162814, , , , , , , 3.348, -0.024506, , , , , , , 3.348, 0.0003357, , , , , , , , , , , , , , , , , , , , , , , , , , , , 
3.3485192, 0.0276951, , , , , , , 3.3485192, -0.0354162, , , , , , , 3.3485192, -0.0171206, , , , , , , 3.3485192, 0.0015106, , , , , , , , , , , , , , , , , , , , , , , , , , , , 
3.3490385, 0.0219883, , , , , , , 3.3490385, -0.0632792, , , , , , , 3.3490385, -0.014435, , , , , , , 3.3490385, 0.0025177, , , , , , , , , , , , , , , , , , , , , , , , , , , , 
3.3495577, 0.01561, , , , , , , 3.3495577, -0.0773785, , , , , , , 3.3495577, -0.0152743, , , , , , , 3.3495577, 0.0031891, , , , , , , , , , , , , , , , , , , , , , , , , , , , 
3.3500769, 0.002182, , , , , , , 3.3500769, -0.0750286, , , , , , , 3.3500769, -0.0224918, , , , , , , 3.3500769, 0.0062104, , , , , , , , , , , , , , , , , , , , , , , , , , , , 
3.3505962, -0.0072175, , , , , , , 3.3505962, -0.0693217, , , , , , , 3.3505962, -0.0317235, , , , , , , 3.3505962, 0.008896, , , , , , , , , , , , , , , , , , , , , , , , , , , , 
3.3511154, -0.0115816, , , , , , , 3.3511154, -0.0530404, , , , , , , 3.3511154, -0.0323949, , , , , , , 3.3511154, 0.0119173, , , , , , , , , , , , , , , , , , , , , , , , , , , , 
3.3516346, -0.0218204, , , , , , , 3.3516346, -0.0213169, , , , , , , 3.3516346, -0.0250095, , , , , , , 3.3516346, 0.0179599, , , , , , , , , , , , , , , , , , , , , , , , , , , , 
3.3521538, -0.0357519, , , , , , , 3.3521538, 0.0052033, , , , , , , 3.3521538, -0.0152743, , , , , , , 3.3521538, 0.0231632, , , , , , , , , , , , , , , , , , , , , , , , , , , , 
3.3526731, -0.0431373, , , , , , , 3.3526731, 0.0146029, , , , , , , 3.3526731, -0.0109102, , , , , , , 3.3526731, 0.0263523, , , , , , , , , , , , , , , , , , , , , , , , , , , , 
3.3531923, -0.0421302, , , , , , , 3.3531923, 0.0139315, , , , , , , 3.3531923, -0.0142672, , , , , , , 3.3531923, 0.0271916, , , , , , , , , , , , , , , , , , , , , , , , , , , , 
3.3537115, -0.0354162, , , , , , , 3.3537115, 0.0172885, , , , , , , 3.3537115, -0.0186313, , , , , , , 3.3537115, 0.0273594, , , , , , , , , , , , , , , , , , , , , , , , , , , , 
3.3542308, -0.026688, , , , , , , 3.3542308, 0.0216526, , , , , , , 3.3542308, -0.0236667, , , , , , , 3.3542308, 0.0246738, , , , , , , , , , , , , , , , , , , , , , , , , , , , 
3.35475, -0.0176242, , , , , , , 3.35475, 0.0193027, , , , , , , 3.35475, -0.0228275, , , , , , , 3.35475, 0.0224918, , , , , , , , , , , , , , , , , , , , , , , , , , , , 
3.3552692, -0.0078889, , , , , , , 3.3552692, 0.0213169, , , , , , , 3.3552692, -0.0139315, , , , , , , 3.3552692, 0.0199741, , , , , , , , , , , , , , , , , , , , , , , , , , , , 
3.3557885, 0.0038605, , , , , , , 3.3557885, 0.0370947, , , , , , , 3.3557885, -0.002182, , , , , , , 3.3557885, 0.0172885, , , , , , , , , , , , , , , , , , , , , , , , , , , , 
3.3563077, 0.008896, , , , , , , 3.3563077, 0.0508583, , , , , , , 3.3563077, 0.0090639, , , , , , , 3.3563077, 0.0135958, , , , , , , , , , , , , , , , , , , , , , , , , , , , 
3.3568269, 0.0130922, , , , , , , 3.3568269, 0.0451514, , , , , , , 3.3568269, 0.0186313, , , , , , , 3.3568269, 0.008896, , , , , , , , , , , , , , , , , , , , , , , , , , , , 
3.3573462, 0.0186313, , , , , , , 3.3573462, 0.0256809, , , , , , , 3.3573462, 0.0293736, , , , , , , 3.3573462, 0.0058747, , , , , , , , , , , , , , , , , , , , , , , , , , , , 
3.3578654, 0.0240024, , , , , , , 3.3578654, 0.0172885, , , , , , , 3.3578654, 0.0468299, , , , , , , 3.3578654, 0.0058747, , , , , , , , , , , , , , , , , , , , , , , , , , , , 
3.3583846, 0.0260166, , , , , , , 3.3583846, 0.0303807, , , , , , , 3.3583846, 0.0652934, , , , , , , 3.3583846, 0.0048676, , , , , , , , , , , , , , , , , , , , , , , , , , , , 
3.3589038, 0.0273594, , , , , , , 3.3589038, 0.040116, , , , , , , 3.3589038, 0.0783856, , , , , , , 3.3589038, 0.0026856, , , , , , , , , , , , , , , , , , , , , , , , , , , , 
3.3594231, 0.0298772, , , , , , , 3.3594231, 0.0354162, , , , , , , 3.3594231, 0.0887922, , , , , , , 3.3594231, 0.0030213, , , , , , , , , , , , , , , , , , , , , , , , , , , , 
3.3599423, 0.0337377, , , , , , , 3.3599423, 0.0347448, , , , , , , 3.3599423, 0.0955062, , , , , , , 3.3599423, 0.0050355, , , , , , , , , , , , , , , , , , , , , , , , , , , , 
3.3604615, 0.0374304, , , , , , , 3.3604615, 0.0386053, , , , , , , 3.3604615, 0.0950027, , , , , , , 3.3604615, 0.0058747, , , , , , , , , , , , , , , , , , , , , , , , , , , , 
3.3609808, 0.0360876, , , , , , , 3.3609808, 0.0226596, , , , , , , 3.3609808, 0.0837568, , , , , , , 3.3609808, 0.0075532, , , , , , , , , , , , , , , , , , , , , , , , , , , , 
3.3615, 0.0327306, , , , , , , 3.3615, -0.0125887, , , , , , , 3.3615, 0.0663005, , , , , , , 3.3615, 0.0105745, , , , , , , , , , , , , , , , , , , , , , , , , , , , 
3.3620192, 0.0295415, , , , , , , 3.3620192, -0.0382696, , , , , , , 3.3620192, 0.0481727, , , , , , , 3.3620192, 0.0142672, , , , , , , , , , , , , , , , , , , , , , , , , , , , 
3.3625385, 0.026688, , , , , , , 3.3625385, -0.0305486, , , , , , , 3.3625385, 0.0280308, , , , , , , 3.3625385, 0.0169528, , , , , , , , , , , , , , , , , , , , , , , , , , , , 
3.3630577, 0.0273594, , , , , , , 3.3630577, -0.0171206, , , , , , , 3.3630577, 0.0041962, , , , , , , 3.3630577, 0.0174563, , , , , , , , , , , , , , , , , , , , , , , , , , , , 
3.3635769, 0.0344091, , , , , , , 3.3635769, -0.0276951, , , , , , , 3.3635769, -0.0256809, , , , , , , 3.3635769, 0.0146029, , , , , , , , , , , , , , , , , , , , , , , , , , , , 
3.3640962, 0.0471656, , , , , , , 3.3640962, -0.0417945, , , , , , , 3.3640962, -0.061265, , , , , , , 3.3640962, 0.0104067, , , , , , , , , , , , , , , , , , , , , , , , , , , , 
3.3646154, 0.0582437, , , , , , , 3.3646154, -0.0323949, , , , , , , 3.3646154, -0.1020523, , , , , , , 3.3646154, 0.0099031, , , , , , , , , , , , , , , , , , , , , , , , , , , , 
3.3651346, 0.0602579, , , , , , , 3.3651346, -0.012253, , , , , , , 3.3651346, -0.1384756, , , , , , , 3.3651346, 0.0092317, , , , , , , , , , , , , , , , , , , , , , , , , , , , 
3.3656538, 0.0558938, , , , , , , 3.3656538, -0.0038605, , , , , , , 3.3656538, -0.1683528, , , , , , , 3.3656538, 0.0058747, , , , , , , , , , , , , , , , , , , , , , , , , , , , 
3.3661731, 0.0522011, , , , , , , 3.3661731, -0.0135958, , , , , , , 3.3661731, -0.1925231, , , , , , , 3.3661731, 0.0052033, , , , , , , , , , , , , , , , , , , , , , , , , , , , 
3.3666923, 0.051194, , , , , , , 3.3666923, -0.0303807, , , , , , , 3.3666923, -0.2012512, , , , , , , 3.3666923, 0.0092317, , , , , , , , , , , , , , , , , , , , , , , , , , , , 
3.3672115, 0.0451514, , , , , , , 3.3672115, -0.043473, , , , , , , 3.3672115, -0.1827878, , , , , , , 3.3672115, 0.0182956, , , , , , , , , , , , , , , , , , , , , , , , , , , , 
3.3677308, 0.0327306, , , , , , , 3.3677308, -0.0592508, , , , , , , 3.3677308, -0.1431754, , , , , , , 3.3677308, 0.0260166, , , , , , , , , , , , , , , , , , , , , , , , , , , , 
3.36825, 0.0196384, , , , , , , 3.36825, -0.0733501, , , , , , , 3.36825, -0.0988632, , , , , , , 3.36825, 0.030045, , , , , , , , , , , , , , , , , , , , , , , , , , , , 
3.3687692, 0.0102388, , , , , , , 3.3687692, -0.0746929, , , , , , , 3.3687692, -0.0552224, , , , , , , 3.3687692, 0.0347448, , , , , , , , , , , , , , , , , , , , , , , , , , , , 
3.3692885, 0.0035248, , , , , , , 3.3692885, -0.054551, , , , , , , 3.3692885, -0.008896, , , , , , , 3.3692885, 0.0446479, , , , , , , , , , , , , , , , , , , , , , , , , , , , 
3.3698077, -0.0105745, , , , , , , 3.3698077, -0.0209812, , , , , , , 3.3698077, 0.0360876, , , , , , , 3.3698077, 0.0595865, , , , , , , , , , , , , , , , , , , , , , , , , , , , 
3.3703269, -0.0337377, , , , , , , 3.3703269, 0.0186313, , , , , , , 3.3703269, 0.0748608, , , , , , , 3.3703269, 0.0810712, , , , , , , , , , , , , , , , , , , , , , , , , , , , 
3.3708462, -0.0558938, , , , , , , 3.3708462, 0.0528725, , , , , , , 3.3708462, 0.1015488, , , , , , , 3.3708462, 0.1025559, , , , , , , , , , , , , , , , , , , , , , , , , , , , 
3.3713654, -0.0706645, , , , , , , 3.3713654, 0.0589151, , , , , , , 3.3713654, 0.1166552, , , , , , , 3.3713654, 0.1143053, , , , , , , , , , , , , , , , , , , , , , , , , , , , 
3.3718846, -0.0783856, , , , , , , 3.3718846, 0.051194, , , , , , , 3.3718846, 0.117998, , , , , , , 3.3718846, 0.1159838, , , , , , , , , , , , , , , , , , , , , , , , , , , , 
3.3724038, -0.0837568, , , , , , , 3.3724038, 0.0406195, , , , , , , 3.3724038, 0.0963455, , , , , , , 3.3724038, 0.1085985, , , , , , , , , , , , , , , , , , , , , , , , , , , , 
3.3729231, -0.0834211, , , , , , , 3.3729231, 0.012253, , , , , , , 3.3729231, 0.0548867, , , , , , , 3.3729231, 0.0965133, , , , , , , , , , , , , , , , , , , , , , , , , , , , 
3.3734423, -0.0740215, , , , , , , 3.3734423, -0.0303807, , , , , , , 3.3734423, 0.0139315, , , , , , , 3.3734423, 0.0810712, , , , , , , , , , , , , , , , , , , , , , , , , , , , 
3.3739615, -0.0558938, , , , , , , 3.3739615, -0.0710002, , , , , , , 3.3739615, -0.0142672, , , , , , , 3.3739615, 0.0622721, , , , , , , , , , , , , , , , , , , , , , , , , , , , 
3.3744808, -0.0379339, , , , , , , 3.3744808, -0.0975204, , , , , , , 3.3744808, -0.0297093, , , , , , , 3.3744808, 0.0441444, , , , , , , , , , , , , , , , , , , , , , , , , , , , 
3.375, -0.0234989, , , , , , , 3.375, -0.1040665, , , , , , , 3.375, -0.0310521, , , , , , , 3.375, 0.0280308, , , , , , , , , , , , , , , , , , , , , , , , , , , , 
3.3755192, -0.0112459, , , , , , , 3.3755192, -0.0908064, , , , , , , 3.3755192, -0.0270237, , , , , , , 3.3755192, 0.0125887, , , , , , , , , , , , , , , , , , , , , , , , , , , , 
3.3760385, -0.002182, , , , , , , 3.3760385, -0.0652934, , , , , , , 3.3760385, -0.0270237, , , , , , , 3.3760385, -0.0025177, , , , , , , , , , , , , , , , , , , , , , , , , , , , 
3.3765577, 0.005539, , , , , , , 3.3765577, -0.0525368, , , , , , , 3.3765577, -0.0377661, , , , , , , 3.3765577, -0.0169528, , , , , , , , , , , , , , , , , , , , , , , , , , , , 
3.3770769, 0.0090639, , , , , , , 3.3770769, -0.0394446, , , , , , , 3.3770769, -0.0599222, , , , , , , 3.3770769, -0.0290379, , , , , , , , , , , , , , , , , , , , , , , , , , , , 
3.3775962, 0.0109102, , , , , , , 3.3775962, -0.0213169, , , , , , , 3.3775962, -0.0800641, , , , , , , 3.3775962, -0.0350805, , , , , , , , , , , , , , , , , , , , , , , , , , , , 
3.3781154, 0.014435, , , , , , , 3.3781154, -0.0256809, , , , , , , 3.3781154, -0.0882887, , , , , , , 3.3781154, -0.0350805, , , , , , , , , , , , , , , , , , , , , , , , , , , , 
3.3786346, 0.0209812, , , , , , , 3.3786346, -0.0424659, , , , , , , 3.3786346, -0.0840925, , , , , , , 3.3786346, -0.0320592, , , , , , , , , , , , , , , , , , , , , , , , , , , , 
3.3791538, 0.0290379, , , , , , , 3.3791538, -0.0391089, , , , , , , 3.3791538, -0.0746929, , , , , , , 3.3791538, -0.0303807, , , , , , , , , , , , , , , , , , , , , , , , , , , , 
3.3796731, 0.0364233, , , , , , , 3.3796731, -0.0135958, , , , , , , 3.3796731, -0.0654612, , , , , , , 3.3796731, -0.0303807, , , , , , , , , , , , , , , , , , , , , , , , , , , , 
3.3801923, 0.0461585, , , , , , , 3.3801923, 0.0209812, , , , , , , 3.3801923, -0.0572366, , , , , , , 3.3801923, -0.0293736, , , , , , , , , , , , , , , , , , , , , , , , , , , , 
3.3807115, 0.0528725, , , , , , , 3.3807115, 0.0616007, , , , , , , 3.3807115, -0.0464942, , , , , , , 3.3807115, -0.0263523, , , , , , , , , , , , , , , , , , , , , , , , , , , , 
3.3812308, 0.0491798, , , , , , , 3.3812308, 0.0903029, , , , , , , 3.3812308, -0.0297093, , , , , , , 3.3812308, -0.0206455, , , , , , , , , , , , , , , , , , , , , , , , , , , , 
3.38175, 0.0424659, , , , , , , 3.38175, 0.0978561, , , , , , , 3.38175, -0.0058747, , , , , , , 3.38175, -0.0146029, , , , , , , , , , , , , , , , , , , , , , , , , , , , 
3.3822692, 0.0407874, , , , , , , 3.3822692, 0.0924849, , , , , , , 3.3822692, 0.0293736, , , , , , , 3.3822692, -0.0109102, , , , , , , , , , , , , , , , , , , , , , , , , , , , 
3.3827885, 0.0475013, , , , , , , 3.3827885, 0.0780499, , , , , , , 3.3827885, 0.0704967, , , , , , , 3.3827885, -0.0099031, , , , , , , , , , , , , , , , , , , , , , , , , , , , 
3.3833077, 0.0535439, , , , , , , 3.3833077, 0.0491798, , , , , , , 3.3833077, 0.1072557, , , , , , , 3.3833077, -0.0142672, , , , , , , , , , , , , , , , , , , , , , , , , , , , 
3.3838269, 0.0616007, , , , , , , 3.3838269, 0.0041962, , , , , , , 3.3838269, 0.13579, , , , , , , 3.3838269, -0.0209812, , , , , , , , , , , , , , , , , , , , , , , , , , , , 
3.3843462, 0.0716716, , , , , , , 3.3843462, -0.0411231, , , , , , , 3.3843462, 0.1542535, , , , , , , 3.3843462, -0.0243381, , , , , , , , , , , , , , , , , , , , , , , , , , , , 
3.3848654, 0.0763714, , , , , , , 3.3848654, -0.0652934, , , , , , , 3.3848654, 0.1683528, , , , , , , 3.3848654, -0.0240024, , , , , , , , , , , , , , , , , , , , , , , , , , , , 
3.3853846, 0.079057, , , , , , , 3.3853846, -0.0535439, , , , , , , 3.3853846, 0.1752346, , , , , , , 3.3853846, -0.0240024, , , , , , , , , , , , , , , , , , , , , , , , , , , , 
3.3859038, 0.0830854, , , , , , , 3.3859038, -0.0166171, , , , , , , 3.3859038, 0.1656672, , , , , , , 3.3859038, -0.0238346, , , , , , , , , , , , , , , , , , , , , , , , , , , , 
3.3864231, 0.0842603, , , , , , , 3.3864231, 0.0092317, , , , , , , 3.3864231, 0.1344472, , , , , , , 3.3864231, -0.0209812, , , , , , , , , , , , , , , , , , , , , , , , , , , , 
3.3869423, 0.0803998, , , , , , , 3.3869423, 0.0052033, , , , , , , 3.3869423, 0.0871138, , , , , , , 3.3869423, -0.0203098, , , , , , , , , , , , , , , , , , , , , , , , , , , , 
3.3874615, 0.0733501, , , , , , , 3.3874615, -0.0082246, , , , , , , 3.3874615, 0.0303807, , , , , , , 3.3874615, -0.0218204, , , , , , , , , , , , , , , , , , , , , , , , , , , , 
3.3879808, 0.0594186, , , , , , , 3.3879808, -0.0152743, , , , , , , 3.3879808, -0.0283665, , , , , , , 3.3879808, -0.0216526, , , , , , , , , , , , , , , , , , , , , , , , , , , , 
3.3885, 0.0471656, , , , , , , 3.3885, -0.0209812, , , , , , , 3.3885, -0.0850996, , , , , , , 3.3885, -0.021149, , , , , , , , , , , , , , , , , , , , , , , , , , , , 
3.3890192, 0.0370947, , , , , , , 3.3890192, -0.03122, , , , , , , 3.3890192, -0.1319295, , , , , , , 3.3890192, -0.0209812, , , , , , , , , , , , , , , , , , , , , , , , , , , , 
3.3895385, 0.0251774, , , , , , , 3.3895385, -0.0433051, , , , , , , 3.3895385, -0.1621424, , , , , , , 3.3895385, -0.0213169, , , , , , , , , , , , , , , , , , , , , , , , , , , , 
3.3900577, 0.0095674, , , , , , , 3.3900577, -0.0382696, , , , , , , 3.3900577, -0.1733883, , , , , , , 3.3900577, -0.0191348, , , , , , , , , , , , , , , , , , , , , , , , , , , , 
3.3905769, -0.0065461, , , , , , , 3.3905769, -0.01561, , , , , , , 3.3905769, -0.1639887, , , , , , , 3.3905769, -0.0149386, , , , , , , , , , , , , , , , , , , , , , , , , , , , 
3.3910962, -0.0229953, , , , , , , 3.3910962, 0.0016785, , , , , , , 3.3910962, -0.1522393, , , , , , , 3.3910962, -0.0102388, , , , , , , , , , , , , , , , , , , , , , , , , , , , 
3.3916154, -0.0352483, , , , , , , 3.3916154, -0.002182, , , , , , , 3.3916154, -0.1545892, , , , , , , 3.3916154, -0.0068818, , , , , , , , , , , , , , , , , , , , , , , , , , , , 
3.3921346, -0.0394446, , , , , , , 3.3921346, -0.005539, , , , , , , 3.3921346, -0.1619745, , , , , , , 3.3921346, -0.0031891, , , , , , , , , , , , , , , , , , , , , , , , , , , , 
3.3926538, -0.0438087, , , , , , , 3.3926538, 0.0142672, , , , , , , 3.3926538, -0.1532464, , , , , , , 3.3926538, 0.0052033, , , , , , , , , , , , , , , , , , , , , , , , , , , , 
3.3931731, -0.054551, , , , , , , 3.3931731, 0.0394446, , , , , , , 3.3931731, -0.1237049, , , , , , , 3.3931731, 0.0176242, , , , , , , , , , , , , , , , , , , , , , , , , , , , 
3.3936923, -0.0560616, , , , , , , 3.3936923, 0.0542153, , , , , , , 3.3936923, -0.0894636, , , , , , , 3.3936923, 0.0243381, , , , , , , , , , , , , , , , , , , , , , , , , , , , 
3.3942115, -0.0464942, , , , , , , 3.3942115, 0.0582437, , , , , , , 3.3942115, -0.0627756, , , , , , , 3.3942115, 0.0263523, , , , , , , , , , , , , , , , , , , , , , , , , , , , 
3.3947308, -0.0370947, , , , , , , 3.3947308, 0.0562295, , , , , , , 3.3947308, -0.0451514, , , , , , , 3.3947308, 0.0240024, , , , , , , , , , , , , , , , , , , , , , , , , , , , 
3.39525, -0.0330663, , , , , , , 3.39525, 0.0475013, , , , , , , 3.39525, -0.0310521, , , , , , , 3.39525, 0.0206455, , , , , , , , , , , , , , , , , , , , , , , , , , , , 
3.3957692, -0.0243381, , , , , , , 3.3957692, 0.0359197, , , , , , , 3.3957692, -0.0115816, , , , , , , 3.3957692, 0.0219883, , , , , , , , , , , , , , , , , , , , , , , , , , , , 
3.3962885, -0.0114137, , , , , , , 3.3962885, 0.0360876, , , , , , , 3.3962885, 0.0112459, , , , , , , 3.3962885, 0.0229953, , , , , , , , , , , , , , , , , , , , , , , , , , , , 
3.3968077, -0.0065461, , , , , , , 3.3968077, 0.0411231, , , , , , , 3.3968077, 0.0263523, , , , , , , 3.3968077, 0.0219883, , , , , , , , , , , , , , , , , , , , , , , , , , , , 
3.3973269, -0.0058747, , , , , , , 3.3973269, 0.0337377, , , , , , , 3.3973269, 0.0347448, , , , , , , 3.3973269, 0.0206455, , , , , , , , , , , , , , , , , , , , , , , , , , , , 
3.3978462, -0.0023499, , , , , , , 3.3978462, 0.0104067, , , , , , , 3.3978462, 0.0458228, , , , , , , 3.3978462, 0.0196384, , , , , , , , , , , , , , , , , , , , , , , , , , , , 
3.3983654, 0.0038605, , , , , , , 3.3983654, -0.0219883, , , , , , , 3.3983654, 0.0602579, , , , , , , 3.3983654, 0.0226596, , , , , , , , , , , , , , , , , , , , , , , , , , , , 
3.3988846, 0.0062104, , , , , , , 3.3988846, -0.0605936, , , , , , , 3.3988846, 0.068986, , , , , , , 3.3988846, 0.0293736, , , , , , , , , , , , , , , , , , , , , , , , , , , , 
3.3994038, 0.0048676, , , , , , , 3.3994038, -0.1075914, , , , , , , 3.3994038, 0.0699931, , , , , , , 3.3994038, 0.0320592, , , , , , , , , , , , , , , , , , , , , , , , , , , , 
3.3999231, 0.0035248, , , , , , , 3.3999231, -0.1522393, , , , , , , 3.3999231, 0.0676432, , , , , , , 3.3999231, 0.0293736, , , , , , , , , , , , , , , , , , , , , , , , , , , , 
3.4004423, 0.005539, , , , , , , 3.4004423, -0.1767453, , , , , , , 3.4004423, 0.0575723, , , , , , , 3.4004423, 0.0260166, , , , , , , , , , , , , , , , , , , , , , , , , , , , 
3.4009615, 0.0077211, , , , , , , 3.4009615, -0.1576104, , , , , , , 3.4009615, 0.0441444, , , , , , , 3.4009615, 0.0270237, , , , , , , , , , , , , , , , , , , , , , , , , , , , 
3.4014808, 0.0095674, , , , , , , 3.4014808, -0.1089342, , , , , , , 3.4014808, 0.0340734, , , , , , , 3.4014808, 0.0307164, , , , , , , , , , , , , , , , , , , , , , , , , , , , 
3.402, 0.0102388, , , , , , , 3.402, -0.0622721, , , , , , , 3.402, 0.0275273, , , , , , , 3.402, 0.0273594, , , , , , , , , , , , , , , , , , , , , , , , , , , , 
3.4025192, 0.0119173, , , , , , , 3.4025192, -0.036759, , , , , , , 3.4025192, 0.0206455, , , , , , , 3.4025192, 0.0186313, , , , , , , , , , , , , , , , , , , , , , , , , , , , 
3.4030385, 0.0191348, , , , , , , 3.4030385, -0.0250095, , , , , , , 3.4030385, 0.0152743, , , , , , , 3.4030385, 0.0115816, , , , , , , , , , , , , , , , , , , , , , , , , , , , 
3.4035577, 0.0273594, , , , , , , 3.4035577, -0.0031891, , , , , , , 3.4035577, 0.0117494, , , , , , , 3.4035577, 0.0060426, , , , , , , , , , , , , , , , , , , , , , , , , , , , 
3.4040769, 0.0391089, , , , , , , 3.4040769, 0.030045, , , , , , , 3.4040769, 0.008896, , , , , , , 3.4040769, 0.0005035, , , , , , , , , , , , , , , , , , , , , , , , , , , , 
3.4045962, 0.0486763, , , , , , , 3.4045962, 0.0535439, , , , , , , 3.4045962, 0.0078889, , , , , , , 3.4045962, -0.0038605, , , , , , , , , , , , , , , , , , , , , , , , , , , , 
3.4051154, 0.0555581, , , , , , , 3.4051154, 0.0495155, , , , , , , 3.4051154, 0.0072175, , , , , , , 3.4051154, -0.0062104, , , , , , , , , , , , , , , , , , , , , , , , , , , , 
3.4056346, 0.0602579, , , , , , , 3.4056346, 0.0337377, , , , , , , 3.4056346, 0.0065461, , , , , , , 3.4056346, -0.0062104, , , , , , , , , , , , , , , , , , , , , , , , , , , , 
3.4061538, 0.0602579, , , , , , , 3.4061538, 0.0194705, , , , , , , 3.4061538, 0.0115816, , , , , , , 3.4061538, -0.0050355, , , , , , , , , , , , , , , , , , , , , , , , , , , , 
3.4066731, 0.0555581, , , , , , , 3.4066731, 0.0036927, , , , , , , 3.4066731, 0.0213169, , , , , , , 3.4066731, -0.0031891, , , , , , , , , , , , , , , , , , , , , , , , , , , , 
3.4071923, 0.0468299, , , , , , , 3.4071923, -0.0083925, , , , , , , 3.4071923, 0.0340734, , , , , , , 3.4071923, -0.0001678, , , , , , , , , , , , , , , , , , , , , , , , , , , , 
3.4077115, 0.0394446, , , , , , , 3.4077115, -0.0159457, , , , , , , 3.4077115, 0.0454871, , , , , , , 3.4077115, 0.0052033, , , , , , , , , , , , , , , , , , , , , , , , , , , , 
3.4082308, 0.0350805, , , , , , , 3.4082308, -0.012253, , , , , , , 3.4082308, 0.0518654, , , , , , , 3.4082308, 0.0085603, , , , , , , , , , , , , , , , , , , , , , , , , , , , 
3.40875, 0.0283665, , , , , , , 3.40875, 0.0036927, , , , , , , 3.40875, 0.0525368, , , , , , , 3.40875, 0.0099031, , , , , , , , , , , , , , , , , , , , , , , , , , , , 
3.4092692, 0.0226596, , , , , , , 3.4092692, 0.0142672, , , , , , , 3.4092692, 0.0508583, , , , , , , 3.4092692, 0.0132601, , , , , , , , , , , , , , , , , , , , , , , , , , , , 
3.4097885, 0.0159457, , , , , , , 3.4097885, 0.014435, , , , , , , 3.4097885, 0.0558938, , , , , , , 3.4097885, 0.01561, , , , , , , , , , , , , , , , , , , , , , , , , , , , 
3.4103077, 0.0011749, , , , , , , 3.4103077, 0.0124208, , , , , , , 3.4103077, 0.0716716, , , , , , , 3.4103077, 0.0213169, , , , , , , , , , , , , , , , , , , , , , , , , , , , 
3.4108269, -0.0109102, , , , , , , 3.4108269, 0.0038605, , , , , , , 3.4108269, 0.0887922, , , , , , , 3.4108269, 0.0290379, , , , , , , , , , , , , , , , , , , , , , , , , , , , 
3.4113462, -0.0229953, , , , , , , 3.4113462, -0.0157778, , , , , , , 3.4113462, 0.0963455, , , , , , , 3.4113462, 0.0327306, , , , , , , , , , , , , , , , , , , , , , , , , , , , 
3.4118654, -0.0344091, , , , , , , 3.4118654, -0.0330663, , , , , , , 3.4118654, 0.0914778, , , , , , , 3.4118654, 0.0354162, , , , , , , , , , , , , , , , , , , , , , , , , , , , 
3.4123846, -0.0404517, , , , , , , 3.4123846, -0.018967, , , , , , , 3.4123846, 0.0775463, , , , , , , 3.4123846, 0.036759, , , , , , , , , , , , , , , , , , , , , , , , , , , , 
3.4129038, -0.04448, , , , , , , 3.4129038, 0.01561, , , , , , , 3.4129038, 0.0575723, , , , , , , 3.4129038, 0.0374304, , , , , , , , , , , , , , , , , , , , , , , , , , , , 
3.4134231, -0.0471656, , , , , , , 3.4134231, 0.0307164, , , , , , , 3.4134231, 0.0323949, , , , , , , 3.4134231, 0.0357519, , , , , , , , , , , , , , , , , , , , , , , , , , , , 
3.4139423, -0.0397803, , , , , , , 3.4139423, 0.0203098, , , , , , , 3.4139423, 0.0058747, , , , , , , 3.4139423, 0.0330663, , , , , , , , , , , , , , , , , , , , , , , , , , , , 
3.4144615, -0.0260166, , , , , , , 3.4144615, 0.0043641, , , , , , , 3.4144615, -0.0199741, , , , , , , 3.4144615, 0.0290379, , , , , , , , , , , , , , , , , , , , , , , , , , , , 
3.4149808, -0.0176242, , , , , , , 3.4149808, 0.0038605, , , , , , , 3.4149808, -0.0377661, , , , , , , 3.4149808, 0.0243381, , , , , , , , , , , , , , , , , , , , , , , , , , , , 
3.4155, -0.0092317, , , , , , , 3.4155, 0.0179599, , , , , , , 3.4155, -0.0498512, , , , , , , 3.4155, 0.018967, , , , , , , , , , , , , , , , , , , , , , , , , , , , 
3.4160192, -0.0001678, , , , , , , 3.4160192, 0.0253452, , , , , , , 3.4160192, -0.0688182, , , , , , , 3.4160192, 0.0099031, , , , , , , , , , , , , , , , , , , , , , , , , , , , 
3.4165385, 0.0077211, , , , , , , 3.4165385, 0.0169528, , , , , , , 3.4165385, -0.1022202, , , , , , , 3.4165385, -0.0001678, , , , , , , , , , , , , , , , , , , , , , , , , , , , 
3.4170577, 0.0162814, , , , , , , 3.4170577, 0.0085603, , , , , , , 3.4170577, -0.1351186, , , , , , , 3.4170577, -0.0068818, , , , , , , , , , , , , , , , , , , , , , , , , , , , 
3.4175769, 0.026688, , , , , , , 3.4175769, 0.0114137, , , , , , , 3.4175769, -0.1559319, , , , , , , 3.4175769, -0.0058747, , , , , , , , , , , , , , , , , , , , , , , , , , , , 
3.4180962, 0.0320592, , , , , , , 3.4180962, 0.0203098, , , , , , , 3.4180962, -0.1555962, , , , , , , 3.4180962, -0.002182, , , , , , , , , , , , , , , , , , , , , , , , , , , , 
3.4186154, 0.0307164, , , , , , , 3.4186154, 0.0359197, , , , , , , 3.4186154, -0.1339437, , , , , , , 3.4186154, -0.0010071, , , , , , , , , , , , , , , , , , , , , , , , , , , , 
3.4191346, 0.0313878, , , , , , , 3.4191346, 0.0481727, , , , , , , 3.4191346, -0.1055772, , , , , , , 3.4191346, -0.0015106, , , , , , , , , , , , , , , , , , , , , , , , , , , , 
3.4196538, 0.0347448, , , , , , , 3.4196538, 0.0458228, , , , , , , 3.4196538, -0.0840925, , , , , , , 3.4196538, -0.0005035, , , , , , , , , , , , , , , , , , , , , , , , , , , , 
3.4201731, 0.0397803, , , , , , , 3.4201731, 0.0370947, , , , , , , 3.4201731, -0.0730144, , , , , , , 3.4201731, -0.0010071, , , , , , , , , , , , , , , , , , , , , , , , , , , , 
3.4206923, 0.0428016, , , , , , , 3.4206923, 0.0433051, , , , , , , 3.4206923, -0.0669718, , , , , , , 3.4206923, -0.0020142, , , , , , , , , , , , , , , , , , , , , , , , , , , , 
3.4212115, 0.040116, , , , , , , 3.4212115, 0.0471656, , , , , , , 3.4212115, -0.0649577, , , , , , , 3.4212115, 0.0018463, , , , , , , , , , , , , , , , , , , , , , , , , , , , 
3.4217308, 0.0394446, , , , , , , 3.4217308, 0.0236667, , , , , , , 3.4217308, -0.0602579, , , , , , , 3.4217308, 0.0078889, , , , , , , , , , , , , , , , , , , , , , , , , , , , 
3.42225, 0.0387732, , , , , , , 3.42225, -0.0016785, , , , , , , 3.42225, -0.0475013, , , , , , , 3.42225, 0.0149386, , , , , , , , , , , , , , , , , , , , , , , , , , , , 
3.4227692, 0.0391089, , , , , , , 3.4227692, -0.0092317, , , , , , , 3.4227692, -0.0391089, , , , , , , 3.4227692, 0.0218204, , , , , , , , , , , , , , , , , , , , , , , , , , , , 
3.4232885, 0.0421302, , , , , , , 3.4232885, -0.0377661, , , , , , , 3.4232885, -0.0350805, , , , , , , 3.4232885, 0.0270237, , , , , , , , , , , , , , , , , , , , , , , , , , , , 
3.4238077, 0.0431373, , , , , , , 3.4238077, -0.0975204, , , , , , , 3.4238077, -0.0263523, , , , , , , 3.4238077, 0.0360876, , , , , , , , , , , , , , , , , , , , , , , , , , , , 
3.4243269, 0.0448157, , , , , , , 3.4243269, -0.1381399, , , , , , , 3.4243269, -0.0142672, , , , , , , 3.4243269, 0.0522011, , , , , , , , , , , , , , , , , , , , , , , , , , , , 
3.4248462, 0.0461585, , , , , , , 3.4248462, -0.1257191, , , , , , , 3.4248462, -0.0001678, , , , , , , 3.4248462, 0.0716716, , , , , , , , , , , , , , , , , , , , , , , , , , , , 
3.4253654, 0.0454871, , , , , , , 3.4253654, -0.0840925, , , , , , , 3.4253654, 0.0166171, , , , , , , 3.4253654, 0.0810712, , , , , , , , , , , , , , , , , , , , , , , , , , , , 
3.4258846, 0.0448157, , , , , , , 3.4258846, -0.0481727, , , , , , , 3.4258846, 0.0360876, , , , , , , 3.4258846, 0.0782177, , , , , , , , , , , , , , , , , , , , , , , , , , , , 
3.4264038, 0.0439765, , , , , , , 3.4264038, -0.0176242, , , , , , , 3.4264038, 0.0574044, , , , , , , 3.4264038, 0.0730144, , , , , , , , , , , , , , , , , , , , , , , , , , , , 
3.4269231, 0.0438087, , , , , , , 3.4269231, 0.0132601, , , , , , , 3.4269231, 0.0681468, , , , , , , 3.4269231, 0.0676432, , , , , , , , , , , , , , , , , , , , , , , , , , , , 
3.4274423, 0.0426337, , , , , , , 3.4274423, 0.0325628, , , , , , , 3.4274423, 0.0626078, , , , , , , 3.4274423, 0.0602579, , , , , , , , , , , , , , , , , , , , , , , , , , , , 
3.4279615, 0.0344091, , , , , , , 3.4279615, 0.0305486, , , , , , , 3.4279615, 0.0562295, , , , , , , 3.4279615, 0.0480049, , , , , , , , , , , , , , , , , , , , , , , , , , , , 
3.4284808, 0.0226596, , , , , , , 3.4284808, 0.0105745, , , , , , , 3.4284808, 0.0622721, , , , , , , 3.4284808, 0.0347448, , , , , , , , , , , , , , , , , , , , , , , , , , , , 
3.429, 0.0097353, , , , , , , 3.429, -0.0179599, , , , , , , 3.429, 0.0713359, , , , , , , 3.429, 0.023331, , , , , , , , , , , , , , , , , , , , , , , , , , , , 
3.4295192, -0.002182, , , , , , , 3.4295192, -0.0384375, , , , , , , 3.4295192, 0.0679789, , , , , , , 3.4295192, 0.0130922, , , , , , , , , , , , , , , , , , , , , , , , , , , , 
3.4300385, -0.0125887, , , , , , , 3.4300385, -0.0438087, , , , , , , 3.4300385, 0.054551, , , , , , , 3.4300385, 0.0038605, , , , , , , , , , , , , , , , , , , , , , , , , , , , 
3.4305577, -0.0250095, , , , , , , 3.4305577, -0.0438087, , , , , , , 3.4305577, 0.0340734, , , , , , , 3.4305577, -0.0028534, , , , , , , , , , , , , , , , , , , , , , , , , , , , 
3.4310769, -0.0397803, , , , , , , 3.4310769, -0.0325628, , , , , , , 3.4310769, 0.0046998, , , , , , , 3.4310769, -0.0031891, , , , , , , , , , , , , , , , , , , , , , , , , , , , 
3.4315962, -0.0485084, , , , , , , 3.4315962, -0.0097353, , , , , , , 3.4315962, -0.0263523, , , , , , , 3.4315962, 0.0005035, , , , , , , , , , , , , , , , , , , , , , , , , , , , 
3.4321154, -0.054551, , , , , , , 3.4321154, 0.0011749, , , , , , , 3.4321154, -0.0491798, , , , , , , 3.4321154, 0.0030213, , , , , , , , , , , , , , , , , , , , , , , , , , , , 
3.4326346, -0.0619364, , , , , , , 3.4326346, -0.012253, , , , , , , 3.4326346, -0.0669718, , , , , , , 3.4326346, 0.0038605, , , , , , , , , , , , , , , , , , , , , , , , , , , , 
3.4331538, -0.0626078, , , , , , , 3.4331538, -0.0283665, , , , , , , 3.4331538, -0.0904707, , , , , , , 3.4331538, 0.0008392, , , , , , , , , , , , , , , , , , , , , , , , , , , , 
3.4336731, -0.0528725, , , , , , , 3.4336731, -0.0229953, , , , , , , 3.4336731, -0.1143053, , , , , , , 3.4336731, -0.005539, , , , , , , , , , , , , , , , , , , , , , , , , , , , 
3.4341923, -0.0391089, , , , , , , 3.4341923, 0.0092317, , , , , , , 3.4341923, -0.1210193, , , , , , , 3.4341923, -0.0078889, , , , , , , , , , , , , , , , , , , , , , , , , , , , 
3.4347115, -0.0236667, , , , , , , 3.4347115, 0.0303807, , , , , , , 3.4347115, -0.1097734, , , , , , , 3.4347115, -0.005539, , , , , , , , , , , , , , , , , , , , , , , , , , , , 
3.4352308, -0.0099031, , , , , , , 3.4352308, 0.0132601, , , , , , , 3.4352308, -0.0944991, , , , , , , 3.4352308, -0.0058747, , , , , , , , , , , , , , , , , , , , , , , , , , , , 
3.43575, -0.0048676, , , , , , , 3.43575, -0.0293736, , , , , , , 3.43575, -0.0849317, , , , , , , 3.43575, -0.0105745, , , , , , , , , , , , , , , , , , , , , , , , , , , , 
3.4362692, -0.0008392, , , , , , , 3.4362692, -0.0686503, , , , , , , 3.4362692, -0.0757, , , , , , , 3.4362692, -0.0125887, , , , , , , , , , , , , , , , , , , , , , , , , , , , 
3.4367885, 0.0072175, , , , , , , 3.4367885, -0.0802319, , , , , , , 3.4367885, -0.0649577, , , , , , , 3.4367885, -0.0119173, , , , , , , , , , , , , , , , , , , , , , , , , , , , 
3.4373077, 0.0063783, , , , , , , 3.4373077, -0.0693217, , , , , , , 3.4373077, -0.0505226, , , , , , , 3.4373077, -0.0095674, , , , , , , , , , , , , , , , , , , , , , , , , , , , 
3.4378269, 0.0058747, , , , , , , 3.4378269, -0.0540475, , , , , , , 3.4378269, -0.0337377, , , , , , , 3.4378269, -0.0035248, , , , , , , , , , , , , , , , , , , , , , , , , , , , 
3.4383462, 0.0095674, , , , , , , 3.4383462, -0.0370947, , , , , , , 3.4383462, -0.0162814, , , , , , , 3.4383462, 0.0045319, , , , , , , , , , , , , , , , , , , , , , , , , , , , 
3.4388654, 0.012253, , , , , , , 3.4388654, -0.0169528, , , , , , , 3.4388654, -0.0001678, , , , , , , 3.4388654, 0.0112459, , , , , , , , , , , , , , , , , , , , , , , , , , , , 
3.4393846, 0.0172885, , , , , , , 3.4393846, 0.0068818, , , , , , , 3.4393846, 0.01561, , , , , , , 3.4393846, 0.0169528, , , , , , , , , , , , , , , , , , , , , , , , , , , , 
3.4399038, 0.0206455, , , , , , , 3.4399038, 0.0307164, , , , , , , 3.4399038, 0.0307164, , , , , , , 3.4399038, 0.023331, , , , , , , , , , , , , , , , , , , , , , , , , , , , 
3.4404231, 0.0199741, , , , , , , 3.4404231, 0.0501869, , , , , , , 3.4404231, 0.0468299, , , , , , , 3.4404231, 0.0307164, , , , , , , , , , , , , , , , , , , , , , , , , , , , 
3.4409423, 0.017792, , , , , , , 3.4409423, 0.0595865, , , , , , , 3.4409423, 0.0639506, , , , , , , 3.4409423, 0.0360876, , , , , , , , , , , , , , , , , , , , , , , , , , , , 
3.4414615, 0.0162814, , , , , , , 3.4414615, 0.0552224, , , , , , , 3.4414615, 0.0728466, , , , , , , 3.4414615, 0.0374304, , , , , , , , , , , , , , , , , , , , , , , , , , , , 
3.4419808, 0.0166171, , , , , , , 3.4419808, 0.0505226, , , , , , , 3.4419808, 0.064622, , , , , , , 3.4419808, 0.0347448, , , , , , , , , , , , , , , , , , , , , , , , , , , , 
3.4425, 0.0229953, , , , , , , 3.4425, 0.0522011, , , , , , , 3.4425, 0.0454871, , , , , , , 3.4425, 0.0283665, , , , , , , , , , , , , , , , , , , , , , , , , , , , 
3.4430192, 0.033402, , , , , , , 3.4430192, 0.0399481, , , , , , , 3.4430192, 0.0297093, , , , , , , 3.4430192, 0.0206455, , , , , , , , , , , , , , , , , , , , , , , , , , , , 
3.4435385, 0.0428016, , , , , , , 3.4435385, 0.0058747, , , , , , , 3.4435385, 0.0216526, , , , , , , 3.4435385, 0.0119173, , , , , , , , , , , , , , , , , , , , , , , , , , , , 
3.4440577, 0.0532082, , , , , , , 3.4440577, -0.0283665, , , , , , , 3.4440577, 0.0142672, , , , , , , 3.4440577, 0.0031891, , , , , , , , , , , , , , , , , , , , , , , , , , , , 
3.4445769, 0.0622721, , , , , , , 3.4445769, -0.0458228, , , , , , , 3.4445769, 0.0011749, , , , , , , 3.4445769, 0.0005035, , , , , , , , , , , , , , , , , , , , , , , , , , , , 
3.4450962, 0.0706645, , , , , , , 3.4450962, -0.0616007, , , , , , , 3.4450962, -0.0137636, , , , , , , 3.4450962, -0.002182, , , , , , , , , , , , , , , , , , , , , , , , , , , , 
3.4456154, 0.0736858, , , , , , , 3.4456154, -0.0914778, , , , , , , 3.4456154, -0.0283665, , , , , , , 3.4456154, -0.0082246, , , , , , , , , , , , , , , , , , , , , , , , , , , , 
3.4461346, 0.0683146, , , , , , , 3.4461346, -0.1075914, , , , , , , 3.4461346, -0.04448, , , , , , , 3.4461346, -0.0115816, , , , , , , , , , , , , , , , , , , , , , , , , , , , 
3.4466538, 0.0619364, , , , , , , 3.4466538, -0.0903029, , , , , , , 3.4466538, -0.0574044, , , , , , , 3.4466538, -0.012253, , , , , , , , , , , , , , , , , , , , , , , , , , , , 
3.4471731, 0.0555581, , , , , , , 3.4471731, -0.0639506, , , , , , , 3.4471731, -0.056733, , , , , , , 3.4471731, -0.014435, , , , , , , , , , , , , , , , , , , , , , , , , , , , 
3.4476923, 0.0468299, , , , , , , 3.4476923, -0.0451514, , , , , , , 3.4476923, -0.0377661, , , , , , , 3.4476923, -0.0152743, , , , , , , , , , , , , , , , , , , , , , , , , , , , 
3.4482115, 0.0406195, , , , , , , 3.4482115, -0.0317235, , , , , , , 3.4482115, -0.0092317, , , , , , , 3.4482115, -0.0130922, , , , , , , , , , , , , , , , , , , , , , , , , , , , 
3.4487308, 0.0347448, , , , , , , 3.4487308, -0.0142672, , , , , , , 3.4487308, 0.0166171, , , , , , , 3.4487308, -0.0119173, , , , , , , , , , , , , , , , , , , , , , , , , , , , 
3.44925, 0.0276951, , , , , , , 3.44925, 0.005539, , , , , , , 3.44925, 0.0323949, , , , , , , 3.44925, -0.0109102, , , , , , , , , , , , , , , , , , , , , , , , , , , , 
3.4497692, 0.0209812, , , , , , , 3.4497692, 0.0157778, , , , , , , 3.4497692, 0.0428016, , , , , , , 3.4497692, -0.0099031, , , , , , , , , , , , , , , , , , , , , , , , , , , , 
3.4502885, 0.0176242, , , , , , , 3.4502885, 0.0243381, , , , , , , 3.4502885, 0.0574044, , , , , , , 3.4502885, -0.0115816, , , , , , , , , , , , , , , , , , , , , , , , , , , , 
3.4508077, 0.0082246, , , , , , , 3.4508077, 0.0414588, , , , , , , 3.4508077, 0.0780499, , , , , , , 3.4508077, -0.0124208, , , , , , , , , , , , , , , , , , , , , , , , , , , , 
3.4513269, -0.0018463, , , , , , , 3.4513269, 0.0585794, , , , , , , 3.4513269, 0.0985275, , , , , , , 3.4513269, -0.0109102, , , , , , , , , , , , , , , , , , , , , , , , , , , , 
3.4518462, -0.0063783, , , , , , , 3.4518462, 0.0837568, , , , , , , 3.4518462, 0.115816, , , , , , , 3.4518462, -0.0072175, , , , , , , , , , , , , , , , , , , , , , , , , , , , 
3.4523654, -0.0105745, , , , , , , 3.4523654, 0.1307546, , , , , , , 3.4523654, 0.1230335, , , , , , , 3.4523654, -0.0015106, , , , , , , , , , , , , , , , , , , , , , , , , , , , 
3.4528846, -0.0117494, , , , , , , 3.4528846, 0.1619745, , , , , , , 3.4528846, 0.1166552, , , , , , , 3.4528846, 0.0038605, , , , , , , , , , , , , , , , , , , , , , , , , , , , 
3.4534038, -0.0035248, , , , , , , 3.4534038, 0.1455253, , , , , , , 3.4534038, 0.0971847, , , , , , , 3.4534038, 0.0031891, , , , , , , , , , , , , , , , , , , , , , , , , , , , 
3.4539231, 0.0075532, , , , , , , 3.4539231, 0.0991989, , , , , , , 3.4539231, 0.0699931, , , , , , , 3.4539231, 0.002182, , , , , , , , , , , , , , , , , , , , , , , , , , , , 
3.4544423, 0.0152743, , , , , , , 3.4544423, 0.026688, , , , , , , 3.4544423, 0.0381018, , , , , , , 3.4544423, 0.0052033, , , , , , , , , , , , , , , , , , , , , , , , , , , , 
3.4549615, 0.0196384, , , , , , , 3.4549615, -0.054551, , , , , , , 3.4549615, 0.0011749, , , , , , , 3.4549615, 0.0083925, , , , , , , , , , , , , , , , , , , , , , , , , , , , 
3.4554808, 0.0213169, , , , , , , 3.4554808, -0.0961776, , , , , , , 3.4554808, -0.0473335, , , , , , , 3.4554808, 0.0115816, , , , , , , , , , , , , , , , , , , , , , , , , , , , 
3.456, 0.024506, , , , , , , 3.456, -0.0908064, , , , , , , 3.456, -0.111284, , , , , , , 3.456, 0.0176242, , , , , , , , , , , , , , , , , , , , , , , , , , , , 
3.4565192, 0.0283665, , , , , , , 3.4565192, -0.0740215, , , , , , , 3.4565192, -0.1821164, , , , , , , 3.4565192, 0.0287022, , , , , , , , , , , , , , , , , , , , , , , , , , , , 
3.4570385, 0.0270237, , , , , , , 3.4570385, -0.0708324, , , , , , , 3.4570385, -0.240528, , , , , , , 3.4570385, 0.0397803, , , , , , , , , , , , , , , , , , , , , , , , , , , , 
3.4575577, 0.0250095, , , , , , , 3.4575577, -0.0837568, , , , , , , 3.4575577, -0.276112, , , , , , , 3.4575577, 0.0441444, , , , , , , , , , , , , , , , , , , , , , , , , , , , 
3.4580769, 0.0219883, , , , , , , 3.4580769, -0.1099413, , , , , , , 3.4580769, -0.2777905, , , , , , , 3.4580769, 0.0468299, , , , , , , , , , , , , , , , , , , , , , , , , , , , 
3.4585962, 0.0182956, , , , , , , 3.4585962, -0.1218585, , , , , , , 3.4585962, -0.2411994, , , , , , , 3.4585962, 0.0515297, , , , , , , , , , , , , , , , , , , , , , , , , , , , 
3.4591154, 0.0146029, , , , , , , 3.4591154, -0.0928206, , , , , , , 3.4591154, -0.1963836, , , , , , , 3.4591154, 0.057908, , , , , , , , , , , , , , , , , , , , , , , , , , , , 
3.4596346, 0.0078889, , , , , , , 3.4596346, -0.0166171, , , , , , , 3.4596346, -0.1633173, , , , , , , 3.4596346, 0.0647898, , , , , , , , , , , , , , , , , , , , , , , , , , , , 
3.4601538, 0.0038605, , , , , , , 3.4601538, 0.0629435, , , , , , , 3.4601538, -0.1230335, , , , , , , 3.4601538, 0.0699931, , , , , , , , , , , , , , , , , , , , , , , , , , , , 
3.4606731, 0.002182, , , , , , , 3.4606731, 0.1126268, , , , , , , 3.4606731, -0.0686503, , , , , , , 3.4606731, 0.070161, , , , , , , , , , , , , , , , , , , , , , , , , , , , 
3.4611923, 0.0030213, , , , , , , 3.4611923, 0.1307546, , , , , , , 3.4611923, -0.0129244, , , , , , , 3.4611923, 0.0642863, , , , , , , , , , , , , , , , , , , , , , , , , , , , 
3.4617115, 0.0015106, , , , , , , 3.4617115, 0.124712, , , , , , , 3.4617115, 0.0340734, , , , , , , 3.4617115, 0.054551, , , , , , , , , , , , , , , , , , , , , , , , , , , , 
3.4622308, -0.0058747, , , , , , , 3.4622308, 0.1049058, , , , , , , 3.4622308, 0.0716716, , , , , , , 3.4622308, 0.0417945, , , , , , , , , , , , , , , , , , , , , , , , , , , , 
3.46275, -0.0077211, , , , , , , 3.46275, 0.0793927, , , , , , , 3.46275, 0.1018845, , , , , , , 3.46275, 0.0280308, , , , , , , , , , , , , , , , , , , , , , , , , , , , 
3.4632692, 0.0065461, , , , , , , 3.4632692, 0.0468299, , , , , , , 3.4632692, 0.1279011, , , , , , , 3.4632692, 0.0146029, , , , , , , , , , , , , , , , , , , , , , , , , , , , 
3.4637885, 0.0293736, , , , , , , 3.4637885, 0.0193027, , , , , , , 3.4637885, 0.1502251, , , , , , , 3.4637885, 0.0011749, , , , , , , , , , , , , , , , , , , , , , , , , , , , 
3.4643077, 0.0438087, , , , , , , 3.4643077, 0.0099031, , , , , , , 3.4643077, 0.1683528, , , , , , , 3.4643077, -0.0099031, , , , , , , , , , , , , , , , , , , , , , , , , , , , 
3.4648269, 0.0491798, , , , , , , 3.4648269, -0.0169528, , , , , , , 3.4648269, 0.1750668, , , , , , , 3.4648269, -0.0149386, , , , , , , , , , , , , , , , , , , , , , , , , , , , 
3.4653462, 0.0485084, , , , , , , 3.4653462, -0.1032273, , , , , , , 3.4653462, 0.1686885, , , , , , , 3.4653462, -0.0203098, , , , , , , , , , , , , , , , , , , , , , , , , , , , 
3.4658654, 0.0414588, , , , , , , 3.4658654, -0.2225681, , , , , , , 3.4658654, 0.154757, , , , , , , 3.4658654, -0.024506, , , , , , , , , , , , , , , , , , , , , , , , , , , , 
3.4663846, 0.0327306, , , , , , , 3.4663846, -0.2831617, , , , , , , 3.4663846, 0.1359579, , , , , , , 3.4663846, -0.0250095, , , , , , , , , , , , , , , , , , , , , , , , , , , , 
3.4669038, 0.0293736, , , , , , , 3.4669038, -0.2475776, , , , , , , 3.4669038, 0.1096056, , , , , , , 3.4669038, -0.026688, , , , , , , , , , , , , , , , , , , , , , , , , , , , 
3.4674231, 0.0307164, , , , , , , 3.4674231, -0.163653, , , , , , , 3.4674231, 0.0750286, , , , , , , 3.4674231, -0.0256809, , , , , , , , , , , , , , , , , , , , , , , , , , , , 
3.4679423, 0.0313878, , , , , , , 3.4679423, -0.0921492, , , , , , , 3.4679423, 0.0347448, , , , , , , 3.4679423, -0.0196384, , , , , , , , , , , , , , , , , , , , , , , , , , , , 
3.4684615, 0.0273594, , , , , , , 3.4684615, -0.0527047, , , , , , , 3.4684615, -0.0015106, , , , , , , 3.4684615, -0.0139315, , , , , , , , , , , , , , , , , , , , , , , , , , , , 
3.4689808, 0.0223239, , , , , , , 3.4689808, -0.0313878, , , , , , , 3.4689808, -0.0320592, , , , , , , 3.4689808, -0.0109102, , , , , , , , , , , , , , , , , , , , , , , , , , , , 
3.4695, 0.0176242, , , , , , , 3.4695, -0.0068818, , , , , , , 3.4695, -0.0621042, , , , , , , 3.4695, -0.0058747, , , , , , , , , , , , , , , , , , , , , , , , , , , , 
3.4700192, 0.0102388, , , , , , , 3.4700192, 0.018967, , , , , , , 3.4700192, -0.0887922, , , , , , , 3.4700192, -0.0005035, , , , , , , , , , , , , , , , , , , , , , , , , , , , 
3.4705385, -0.0015106, , , , , , , 3.4705385, 0.033402, , , , , , , 3.4705385, -0.1042344, , , , , , , 3.4705385, 0.0030213, , , , , , , , , , , , , , , , , , , , , , , , , , , , 
3.4710577, -0.0146029, , , , , , , 3.4710577, 0.0404517, , , , , , , 3.4710577, -0.10692, , , , , , , 3.4710577, 0.008896, , , , , , , , , , , , , , , , , , , , , , , , , , , , 
3.4715769, -0.0256809, , , , , , , 3.4715769, 0.0439765, , , , , , , 3.4715769, -0.0948348, , , , , , , 3.4715769, 0.0149386, , , , , , , , , , , , , , , , , , , , , , , , , , , , 
3.4720962, -0.0347448, , , , , , , 3.4720962, 0.0506905, , , , , , , 3.4720962, -0.0793927, , , , , , , 3.4720962, 0.0203098, , , , , , , , , , , , , , , , , , , , , , , , , , , , 
3.4726154, -0.0417945, , , , , , , 3.4726154, 0.0621042, , , , , , , 3.4726154, -0.0726787, , , , , , , 3.4726154, 0.0253452, , , , , , , , , , , , , , , , , , , , , , , , , , , , 
3.4731346, -0.0428016, , , , , , , 3.4731346, 0.072343, , , , , , , 3.4731346, -0.0730144, , , , , , , 3.4731346, 0.0292058, , , , , , , , , , , , , , , , , , , , , , , , , , , , 
3.4736538, -0.0365911, , , , , , , 3.4736538, 0.0783856, , , , , , , 3.4736538, -0.0683146, , , , , , , 3.4736538, 0.0313878, , , , , , , , , , , , , , , , , , , , , , , , , , , , 
3.4741731, -0.0287022, , , , , , , 3.4741731, 0.0740215, , , , , , , 3.4741731, -0.0486763, , , , , , , 3.4741731, 0.0293736, , , , , , , , , , , , , , , , , , , , , , , , , , , , 
3.4746923, -0.0203098, , , , , , , 3.4746923, 0.0676432, , , , , , , 3.4746923, -0.0226596, , , , , , , 3.4746923, 0.0246738, , , , , , , , , , , , , , , , , , , , , , , , , , , , 
3.4752115, -0.0095674, , , , , , , 3.4752115, 0.068986, , , , , , , 3.4752115, 0.0005035, , , , , , , 3.4752115, 0.0213169, , , , , , , , , , , , , , , , , , , , , , , , , , , , 
3.4757308, 0.0010071, , , , , , , 3.4757308, 0.0683146, , , , , , , 3.4757308, 0.0159457, , , , , , , 3.4757308, 0.0176242, , , , , , , , , , , , , , , , , , , , , , , , , , , , 
3.47625, 0.0102388, , , , , , , 3.47625, 0.0527047, , , , , , , 3.47625, 0.0213169, , , , , , , 3.47625, 0.0164492, , , , , , , , , , , , , , , , , , , , , , , , , , , , 
3.4767692, 0.0206455, , , , , , , 3.4767692, 0.0298772, , , , , , , 3.4767692, 0.0162814, , , , , , , 3.4767692, 0.0139315, , , , , , , , , , , , , , , , , , , , , , , , , , , , 
3.4772885, 0.0270237, , , , , , , 3.4772885, 0.0058747, , , , , , , 3.4772885, 0.0082246, , , , , , , 3.4772885, 0.0097353, , , , , , , , , , , , , , , , , , , , , , , , , , , , 
3.4778077, 0.0280308, , , , , , , 3.4778077, -0.0169528, , , , , , , 3.4778077, -0.0025177, , , , , , , 3.4778077, 0.0043641, , , , , , , , , , , , , , , , , , , , , , , , , , , , 
3.4783269, 0.0287022, , , , , , , 3.4783269, -0.0270237, , , , , , , 3.4783269, -0.012253, , , , , , , 3.4783269, 0.0018463, , , , , , , , , , , , , , , , , , , , , , , , , , , , 
3.4788462, 0.030045, , , , , , , 3.4788462, -0.0172885, , , , , , , 3.4788462, -0.0157778, , , , , , , 3.4788462, -0.0011749, , , , , , , , , , , , , , , , , , , , , , , , , , , , 
3.4793654, 0.030045, , , , , , , 3.4793654, -0.0109102, , , , , , , 3.4793654, -0.0191348, , , , , , , 3.4793654, -0.0068818, , , , , , , , , , , , , , , , , , , , , , , , , , , , 
3.4798846, 0.0240024, , , , , , , 3.4798846, -0.0260166, , , , , , , 3.4798846, -0.0226596, , , , , , , 3.4798846, -0.0115816, , , , , , , , , , , , , , , , , , , , , , , , , , , , 
3.4804038, 0.0169528, , , , , , , 3.4804038, -0.0518654, , , , , , , 3.4804038, -0.0250095, , , , , , , 3.4804038, -0.012253, , , , , , , , , , , , , , , , , , , , , , , , , , , , 
3.4809231, 0.0125887, , , , , , , 3.4809231, -0.0673075, , , , , , , 3.4809231, -0.0243381, , , , , , , 3.4809231, -0.0065461, , , , , , , , , , , , , , , , , , , , , , , , , , , , 
3.4814423, 0.0099031, , , , , , , 3.4814423, -0.0715038, , , , , , , 3.4814423, -0.0105745, , , , , , , 3.4814423, 0.0008392, , , , , , , , , , , , , , , , , , , , , , , , , , , , 
3.4819615, 0.0070497, , , , , , , 3.4819615, -0.0780499, , , , , , , 3.4819615, 0.0119173, , , , , , , 3.4819615, 0.005539, , , , , , , , , , , , , , , , , , , , , , , , , , , , 
3.4824808, 0.0077211, , , , , , , 3.4824808, -0.0847639, , , , , , , 3.4824808, 0.0297093, , , , , , , 3.4824808, 0.0109102, , , , , , , , , , , , , , , , , , , , , , , , , , , , 
3.483, 0.0139315, , , , , , , 3.483, -0.0807355, , , , , , , 3.483, 0.0394446, , , , , , , 3.483, 0.0162814, , , , , , , , , , , , , , , , , , , , , , , , , , , , 
3.4835192, 0.0253452, , , , , , , 3.4835192, -0.0673075, , , , , , , 3.4835192, 0.0453193, , , , , , , 3.4835192, 0.0193027, , , , , , , , , , , , , , , , , , , , , , , , , , , , 
3.4840385, 0.0345769, , , , , , , 3.4840385, -0.0350805, , , , , , , 3.4840385, 0.0505226, , , , , , , 3.4840385, 0.0213169, , , , , , , , , , , , , , , , , , , , , , , , , , , , 
3.4845577, 0.040116, , , , , , , 3.4845577, 0.0112459, , , , , , , 3.4845577, 0.0548867, , , , , , , 3.4845577, 0.0226596, , , , , , , , , , , , , , , , , , , , , , , , , , , , 
3.4850769, 0.04448, , , , , , , 3.4850769, 0.0468299, , , , , , , 3.4850769, 0.0582437, , , , , , , 3.4850769, 0.027863, , , , , , , , , , , , , , , , , , , , , , , , , , , , 
3.4855962, 0.0491798, , , , , , , 3.4855962, 0.0525368, , , , , , , 3.4855962, 0.0540475, , , , , , , 3.4855962, 0.0327306, , , , , , , , , , , , , , , , , , , , , , , , , , , , 
3.4861154, 0.0562295, , , , , , , 3.4861154, 0.0575723, , , , , , , 3.4861154, 0.0414588, , , , , , , 3.4861154, 0.0310521, , , , , , , , , , , , , , , , , , , , , , , , , , , , 
3.4866346, 0.0595865, , , , , , , 3.4866346, 0.0867781, , , , , , , 3.4866346, 0.030045, , , , , , , 3.4866346, 0.0250095, , , , , , , , , , , , , , , , , , , , , , , , , , , , 
3.4871538, 0.0495155, , , , , , , 3.4871538, 0.1028916, , , , , , , 3.4871538, 0.030045, , , , , , , 3.4871538, 0.0176242, , , , , , , , , , , , , , , , , , , , , , , , , , , , 
3.4876731, 0.033402, , , , , , , 3.4876731, 0.0995346, , , , , , , 3.4876731, 0.0347448, , , , , , , 3.4876731, 0.018967, , , , , , , , , , , , , , , , , , , , , , , , , , , , 
3.4881923, 0.0186313, , , , , , , 3.4881923, 0.0948348, , , , , , , 3.4881923, 0.0320592, , , , , , , 3.4881923, 0.0293736, , , , , , , , , , , , , , , , , , , , , , , , , , , , 
3.4887115, 0.0085603, , , , , , , 3.4887115, 0.0856031, , , , , , , 3.4887115, 0.0243381, , , , , , , 3.4887115, 0.0374304, , , , , , , , , , , , , , , , , , , , , , , , , , , , 
3.4892308, 0.0028534, , , , , , , 3.4892308, 0.0911421, , , , , , , 3.4892308, 0.0179599, , , , , , , 3.4892308, 0.0417945, , , , , , , , , , , , , , , , , , , , , , , , , , , , 
3.48975, -0.0065461, , , , , , , 3.48975, 0.1186694, , , , , , , 3.48975, 0.0092317, , , , , , , 3.48975, 0.0451514, , , , , , , , , , , , , , , , , , , , , , , , , , , , 
3.4902692, -0.0216526, , , , , , , 3.4902692, 0.1144732, , , , , , , 3.4902692, -0.0063783, , , , , , , 3.4902692, 0.0468299, , , , , , , , , , , , , , , , , , , , , , , , , , , , 
3.4907885, -0.0344091, , , , , , , 3.4907885, 0.0364233, , , , , , , 3.4907885, -0.0303807, , , , , , , 3.4907885, 0.0439765, , , , , , , , , , , , , , , , , , , , , , , , , , , , 
3.4913077, -0.0485084, , , , , , , 3.4913077, -0.0599222, , , , , , , 3.4913077, -0.0498512, , , , , , , 3.4913077, 0.0384375, , , , , , , , , , , , , , , , , , , , , , , , , , , , 
3.4918269, -0.061265, , , , , , , 3.4918269, -0.1049058, , , , , , , 3.4918269, -0.054551, , , , , , , 3.4918269, 0.0372625, , , , , , , , , , , , , , , , , , , , , , , , , , , , 
3.4923462, -0.0666361, , , , , , , 3.4923462, -0.1139696, , , , , , , 3.4923462, -0.0595865, , , , , , , 3.4923462, 0.0360876, , , , , , , , , , , , , , , , , , , , , , , , , , , , 
3.4928654, -0.0656291, , , , , , , 3.4928654, -0.1361257, , , , , , , 3.4928654, -0.0716716, , , , , , , 3.4928654, 0.0318914, , , , , , , , , , , , , , , , , , , , , , , , , , , , 
3.4933846, -0.0605936, , , , , , , 3.4933846, -0.1727169, , , , , , , 3.4933846, -0.0780499, , , , , , , 3.4933846, 0.0285344, , , , , , , , , , , , , , , , , , , , , , , , , , , , 
3.4939038, -0.0518654, , , , , , , 3.4939038, -0.1797665, , , , , , , 3.4939038, -0.0775463, , , , , , , 3.4939038, 0.0236667, , , , , , , , , , , , , , , , , , , , , , , , , , , , 
3.4944231, -0.0394446, , , , , , , 3.4944231, -0.158114, , , , , , , 3.4944231, -0.0741894, , , , , , , 3.4944231, 0.017792, , , , , , , , , , , , , , , , , , , , , , , , , , , , 
3.4949423, -0.0256809, , , , , , , 3.4949423, -0.1284047, , , , , , , 3.4949423, -0.0629435, , , , , , , 3.4949423, 0.0132601, , , , , , , , , , , , , , , , , , , , , , , , , , , , 
3.4954615, -0.012253, , , , , , , 3.4954615, -0.0955062, , , , , , , 3.4954615, -0.0464942, , , , , , , 3.4954615, 0.0065461, , , , , , , , , , , , , , , , , , , , , , , , , , , , 
3.4959808, -0.0005035, , , , , , , 3.4959808, -0.064622, , , , , , , 3.4959808, -0.0290379, , , , , , , 3.4959808, -0.0031891, , , , , , , , , , , , , , , , , , , , , , , , , , , , 
3.4965, 0.0092317, , , , , , , 3.4965, -0.0337377, , , , , , , 3.4965, -0.0082246, , , , , , , 3.4965, -0.0077211, , , , , , , , , , , , , , , , , , , , , , , , , , , , 
3.4970192, 0.014435, , , , , , , 3.4970192, 0.0072175, , , , , , , 3.4970192, 0.0112459, , , , , , , 3.4970192, -0.008896, , , , , , , , , , , , , , , , , , , , , , , , , , , , 
3.4975385, 0.0206455, , , , , , , 3.4975385, 0.0387732, , , , , , , 3.4975385, 0.0263523, , , , , , , 3.4975385, -0.0104067, , , , , , , , , , , , , , , , , , , , , , , , , , , , 
3.4980577, 0.0320592, , , , , , , 3.4980577, 0.0384375, , , , , , , 3.4980577, 0.033402, , , , , , , 3.4980577, -0.0125887, , , , , , , , , , , , , , , , , , , , , , , , , , , , 
3.4985769, 0.0397803, , , , , , , 3.4985769, 0.0198062, , , , , , , 3.4985769, 0.0297093, , , , , , , 3.4985769, -0.0157778, , , , , , , , , , , , , , , , , , , , , , , , , , , , 
3.4990962, 0.0419623, , , , , , , 3.4990962, -0.0028534, , , , , , , 3.4990962, 0.0182956, , , , , , , 3.4990962, -0.0162814, , , , , , , , , , , , , , , , , , , , , , , , , , , , 
3.4996154, 0.04448, , , , , , , 3.4996154, -0.0290379, , , , , , , 3.4996154, 0.0065461, , , , , , , 3.4996154, -0.0162814, , , , , , , , , , , , , , , , , , , , , , , , , , , , 
3.5001346, 0.0461585, , , , , , , 3.5001346, -0.036759, , , , , , , 3.5001346, -0.0023499, , , , , , , 3.5001346, -0.0193027, , , , , , , , , , , , , , , , , , , , , , , , , , , , 
3.5006538, 0.04448, , , , , , , 3.5006538, -0.0152743, , , , , , , 3.5006538, -0.0105745, , , , , , , 3.5006538, -0.0223239, , , , , , , , , , , , , , , , , , , , , , , , , , , , 
3.5011731, 0.0461585, , , , , , , 3.5011731, 0.0191348, , , , , , , 3.5011731, -0.0206455, , , , , , , 3.5011731, -0.0229953, , , , , , , , , , , , , , , , , , , , , , , , , , , , 
3.5016923, 0.0525368, , , , , , , 3.5016923, 0.0555581, , , , , , , 3.5016923, -0.0328985, , , , , , , 3.5016923, -0.0196384, , , , , , , , , , , , , , , , , , , , , , , , , , , , 
3.5022115, 0.0555581, , , , , , , 3.5022115, 0.0710002, , , , , , , 3.5022115, -0.0411231, , , , , , , 3.5022115, -0.0112459, , , , , , , , , , , , , , , , , , , , , , , , , , , , 
3.5027308, 0.0569009, , , , , , , 3.5027308, 0.0441444, , , , , , , 3.5027308, -0.0407874, , , , , , , 3.5027308, -0.0038605, , , , , , , , , , , , , , , , , , , , , , , , , , , , 
3.50325, 0.0614328, , , , , , , 3.50325, -0.0003357, , , , , , , 3.50325, -0.0357519, , , , , , , 3.50325, -0.0001678, , , , , , , , , , , , , , , , , , , , , , , , , , , , 
3.5037692, 0.0757, , , , , , , 3.5037692, -0.0250095, , , , , , , 3.5037692, -0.0337377, , , , , , , 3.5037692, 0.0045319, , , , , , , , , , , , , , , , , , , , , , , , , , , , 
3.5042885, 0.0891279, , , , , , , 3.5042885, -0.0369268, , , , , , , 3.5042885, -0.0414588, , , , , , , 3.5042885, 0.0099031, , , , , , , , , , , , , , , , , , , , , , , , , , , , 
3.5048077, 0.0817426, , , , , , , 3.5048077, -0.0488441, , , , , , , 3.5048077, -0.0552224, , , , , , , 3.5048077, 0.0132601, , , , , , , , , , , , , , , , , , , , , , , , , , , , 
3.5053269, 0.068986, , , , , , , 3.5053269, -0.0414588, , , , , , , 3.5053269, -0.064622, , , , , , , 3.5053269, 0.0132601, , , , , , , , , , , , , , , , , , , , , , , , , , , , 
3.5058462, 0.0624399, , , , , , , 3.5058462, -0.0196384, , , , , , , 3.5058462, -0.0681468, , , , , , , 3.5058462, 0.0129244, , , , , , , , , , , , , , , , , , , , , , , , , , , , 
3.5063654, 0.0582437, , , , , , , 3.5063654, -0.008896, , , , , , , 3.5063654, -0.0699931, , , , , , , 3.5063654, 0.0132601, , , , , , , , , , , , , , , , , , , , , , , , , , , , 
3.5068846, 0.0508583, , , , , , , 3.5068846, -0.0182956, , , , , , , 3.5068846, -0.0683146, , , , , , , 3.5068846, 0.0146029, , , , , , , , , , , , , , , , , , , , , , , , , , , , 
3.5074038, 0.0392767, , , , , , , 3.5074038, -0.0323949, , , , , , , 3.5074038, -0.0629435, , , , , , , 3.5074038, 0.0162814, , , , , , , , , , , , , , , , , , , , , , , , , , , , 
3.5079231, 0.0283665, , , , , , , 3.5079231, -0.0229953, , , , , , , 3.5079231, -0.0558938, , , , , , , 3.5079231, 0.0172885, , , , , , , , , , , , , , , , , , , , , , , , , , , , 
3.5084423, 0.0196384, , , , , , , 3.5084423, 0.0102388, , , , , , , 3.5084423, -0.0480049, , , , , , , 3.5084423, 0.0186313, , , , , , , , , , , , , , , , , , , , , , , , , , , , 
3.5089615, 0.0142672, , , , , , , 3.5089615, 0.0488441, , , , , , , 3.5089615, -0.043473, , , , , , , 3.5089615, 0.0223239, , , , , , , , , , , , , , , , , , , , , , , , , , , , 
3.5094808, 0.0105745, , , , , , , 3.5094808, 0.0924849, , , , , , , 3.5094808, -0.0431373, , , , , , , 3.5094808, 0.0253452, , , , , , , , , , , , , , , , , , , , , , , , , , , , 
3.51, 0.0011749, , , , , , , 3.51, 0.1119554, , , , , , , 3.51, -0.0337377, , , , , , , 3.51, 0.0276951, , , , , , , , , , , , , , , , , , , , , , , , , , , , 
3.5105192, -0.0135958, , , , , , , 3.5105192, 0.0862745, , , , , , , 3.5105192, -0.0169528, , , , , , , 3.5105192, 0.030045, , , , , , , , , , , , , , , , , , , , , , , , , , , , 
3.5110385, -0.0271916, , , , , , , 3.5110385, 0.0542153, , , , , , , 3.5110385, 0.0041962, , , , , , , 3.5110385, 0.0302129, , , , , , , , , , , , , , , , , , , , , , , , , , , , 
3.5115577, -0.0377661, , , , , , , 3.5115577, 0.0290379, , , , , , , 3.5115577, 0.0265202, , , , , , , 3.5115577, 0.0292058, , , , , , , , , , , , , , , , , , , , , , , , , , , , 
3.5120769, -0.0464942, , , , , , , 3.5120769, -0.0075532, , , , , , , 3.5120769, 0.0421302, , , , , , , 3.5120769, 0.0250095, , , , , , , , , , , , , , , , , , , , , , , , , , , , 
3.5125962, -0.054551, , , , , , , 3.5125962, -0.0582437, , , , , , , 3.5125962, 0.0485084, , , , , , , 3.5125962, 0.0199741, , , , , , , , , , , , , , , , , , , , , , , , , , , , 
3.5131154, -0.0548867, , , , , , , 3.5131154, -0.0950027, , , , , , , 3.5131154, 0.0508583, , , , , , , 3.5131154, 0.0149386, , , , , , , , , , , , , , , , , , , , , , , , , , , , 
3.5136346, -0.0424659, , , , , , , 3.5136346, -0.0874495, , , , , , , 3.5136346, 0.0582437, , , , , , , 3.5136346, 0.0125887, , , , , , , , , , , , , , , , , , , , , , , , , , , , 
3.5141538, -0.0250095, , , , , , , 3.5141538, -0.0360876, , , , , , , 3.5141538, 0.0686503, , , , , , , 3.5141538, 0.0146029, , , , , , , , , , , , , , , , , , , , , , , , , , , , 
3.5146731, -0.0172885, , , , , , , 3.5146731, -0.0077211, , , , , , , 3.5146731, 0.0770428, , , , , , , 3.5146731, 0.0196384, , , , , , , , , , , , , , , , , , , , , , , , , , , , 
3.5151923, -0.0171206, , , , , , , 3.5151923, -0.0485084, , , , , , , 3.5151923, 0.0807355, , , , , , , 3.5151923, 0.0253452, , , , , , , , , , , , , , , , , , , , , , , , , , , , 
3.5157115, -0.0162814, , , , , , , 3.5157115, -0.1163195, , , , , , , 3.5157115, 0.082414, , , , , , , 3.5157115, 0.0344091, , , , , , , , , , , , , , , , , , , , , , , , , , , , 
3.5162308, -0.017792, , , , , , , 3.5162308, -0.1453574, , , , , , , 3.5162308, 0.0861067, , , , , , , 3.5162308, 0.0439765, , , , , , , , , , , , , , , , , , , , , , , , , , , , 
3.51675, -0.0240024, , , , , , , 3.51675, -0.1277333, , , , , , , 3.51675, 0.0837568, , , , , , , 3.51675, 0.0458228, , , , , , , , , , , , , , , , , , , , , , , , , , , , 
3.5172692, -0.0234989, , , , , , , 3.5172692, -0.0867781, , , , , , , 3.5172692, 0.070161, , , , , , , 3.5172692, 0.0384375, , , , , , , , , , , , , , , , , , , , , , , , , , , , 
3.5177885, -0.0135958, , , , , , , 3.5177885, -0.0417945, , , , , , , 3.5177885, 0.0508583, , , , , , , 3.5177885, 0.0305486, , , , , , , , , , , , , , , , , , , , , , , , , , , , 
3.5183077, -0.010071, , , , , , , 3.5183077, -0.008896, , , , , , , 3.5183077, 0.0372625, , , , , , , 3.5183077, 0.0273594, , , , , , , , , , , , , , , , , , , , , , , , , , , , 
3.5188269, -0.0102388, , , , , , , 3.5188269, 0.0058747, , , , , , , 3.5188269, 0.0328985, , , , , , , 3.5188269, 0.026688, , , , , , , , , , , , , , , , , , , , , , , , , , , , 
3.5193462, -0.0085603, , , , , , , 3.5193462, 0.0085603, , , , , , , 3.5193462, 0.0347448, , , , , , , 3.5193462, 0.0297093, , , , , , , , , , , , , , , , , , , , , , , , , , , , 
3.5198654, -0.0045319, , , , , , , 3.5198654, 0.0112459, , , , , , , 3.5198654, 0.0387732, , , , , , , 3.5198654, 0.0310521, , , , , , , , , , , , , , , , , , , , , , , , , , , , 
3.5203846, 0.0018463, , , , , , , 3.5203846, 0.0112459, , , , , , , 3.5203846, 0.0414588, , , , , , , 3.5203846, 0.027863, , , , , , , , , , , , , , , , , , , , , , , , , , , , 
3.5209038, 0.0090639, , , , , , , 3.5209038, 0.0065461, , , , , , , 3.5209038, 0.0409552, , , , , , , 3.5209038, 0.0182956, , , , , , , , , , , , , , , , , , , , , , , , , , , , 
3.5214231, 0.0186313, , , , , , , 3.5214231, 0.0117494, , , , , , , 3.5214231, 0.0392767, , , , , , , 3.5214231, 0.0078889, , , , , , , , , , , , , , , , , , , , , , , , , , , , 
3.5219423, 0.0253452, , , , , , , 3.5219423, 0.0344091, , , , , , , 3.5219423, 0.0330663, , , , , , , 3.5219423, 0.0031891, , , , , , , , , , , , , , , , , , , , , , , , , , , , 
3.5224615, 0.0280308, , , , , , , 3.5224615, 0.0636149, , , , , , , 3.5224615, 0.0203098, , , , , , , 3.5224615, 0.0011749, , , , , , , , , , , , , , , , , , , , , , , , , , , , 
3.5229808, 0.0370947, , , , , , , 3.5229808, 0.0814069, , , , , , , 3.5229808, -0.0001678, , , , , , , 3.5229808, -0.0036927, , , , , , , , , , , , , , , , , , , , , , , , , , , , 
3.5235, 0.0542153, , , , , , , 3.5235, 0.0921492, , , , , , , 3.5235, -0.0260166, , , , , , , 3.5235, -0.0132601, , , , , , , , , , , , , , , , , , , , , , , , , , , , 
3.5240192, 0.0710002, , , , , , , 3.5240192, 0.103563, , , , , , , 3.5240192, -0.0483406, , , , , , , 3.5240192, -0.018967, , , , , , , , , , , , , , , , , , , , , , , , , , , , 
3.5245385, 0.0829175, , , , , , , 3.5245385, 0.0970169, , , , , , , 3.5245385, -0.0619364, , , , , , , 3.5245385, -0.0203098, , , , , , , , , , , , , , , , , , , , , , , , , , , , 
3.5250577, 0.0891279, , , , , , , 3.5250577, 0.0582437, , , , , , , 3.5250577, -0.0694896, , , , , , , 3.5250577, -0.0186313, , , , , , , , , , , , , , , , , , , , , , , , , , , , 
3.5255769, 0.0894636, , , , , , , 3.5255769, 0.0129244, , , , , , , 3.5255769, -0.0713359, , , , , , , 3.5255769, -0.0132601, , , , , , , , , , , , , , , , , , , , , , , , , , , , 
3.5260962, 0.0891279, , , , , , , 3.5260962, -0.0001678, , , , , , , 3.5260962, -0.0740215, , , , , , , 3.5260962, -0.0038605, , , , , , , , , , , , , , , , , , , , , , , , , , , , 
3.5266154, 0.085771, , , , , , , 3.5266154, 0.0099031, , , , , , , 3.5266154, -0.0820783, , , , , , , 3.5266154, 0.0031891, , , , , , , , , , , , , , , , , , , , , , , , , , , , 
3.5271346, 0.0716716, , , , , , , 3.5271346, 0.0020142, , , , , , , 3.5271346, -0.0856031, , , , , , , 3.5271346, 0.0065461, , , , , , , , , , , , , , , , , , , , , , , , , , , , 
3.5276538, 0.0548867, , , , , , , 3.5276538, -0.0231632, , , , , , , 3.5276538, -0.0753643, , , , , , , 3.5276538, 0.0105745, , , , , , , , , , , , , , , , , , , , , , , , , , , , 
3.5281731, 0.0421302, , , , , , , 3.5281731, -0.0424659, , , , , , , 3.5281731, -0.0569009, , , , , , , 3.5281731, 0.0132601, , , , , , , , , , , , , , , , , , , , , , , , , , , , 
3.5286923, 0.0307164, , , , , , , 3.5286923, -0.0382696, , , , , , , 3.5286923, -0.0397803, , , , , , , 3.5286923, 0.0142672, , , , , , , , , , , , , , , , , , , , , , , , , , , , 
3.5292115, 0.0159457, , , , , , , 3.5292115, -0.021149, , , , , , , 3.5292115, -0.0270237, , , , , , , 3.5292115, 0.0164492, , , , , , , , , , , , , , , , , , , , , , , , , , , , 
3.5297308, -0.005539, , , , , , , 3.5297308, -0.0186313, , , , , , , 3.5297308, -0.0196384, , , , , , , 3.5297308, 0.0172885, , , , , , , , , , , , , , , , , , , , , , , , , , , , 
3.53025, -0.0229953, , , , , , , 3.53025, -0.021149, , , , , , , 3.53025, -0.0162814, , , , , , , 3.53025, 0.0172885, , , , , , , , , , , , , , , , , , , , , , , , , , , , 
3.5307692, -0.0303807, , , , , , , 3.5307692, -0.0050355, , , , , , , 3.5307692, -0.0075532, , , , , , , 3.5307692, 0.0169528, , , , , , , , , , , , , , , , , , , , , , , , , , , , 
3.5312885, -0.0327306, , , , , , , 3.5312885, 0.0082246, , , , , , , 3.5312885, 0.0025177, , , , , , , 3.5312885, 0.0132601, , , , , , , , , , , , , , , , , , , , , , , , , , , , 
3.5318077, -0.0377661, , , , , , , 3.5318077, -0.0041962, , , , , , , 3.5318077, -0.0001678, , , , , , , 3.5318077, 0.0119173, , , , , , , , , , , , , , , , , , , , , , , , , , , , 
3.5323269, -0.0448157, , , , , , , 3.5323269, -0.0216526, , , , , , , 3.5323269, -0.0135958, , , , , , , 3.5323269, 0.0146029, , , , , , , , , , , , , , , , , , , , , , , , , , , , 
3.5328462, -0.0527047, , , , , , , 3.5328462, -0.0246738, , , , , , , 3.5328462, -0.0256809, , , , , , , 3.5328462, 0.0151064, , , , , , , , , , , , , , , , , , , , , , , , , , , , 
3.5333654, -0.0535439, , , , , , , 3.5333654, -0.0323949, , , , , , , 3.5333654, -0.0337377, , , , , , , 3.5333654, 0.0119173, , , , , , , , , , , , , , , , , , , , , , , , , , , , 
3.5338846, -0.0461585, , , , , , , 3.5338846, -0.0552224, , , , , , , 3.5338846, -0.0397803, , , , , , , 3.5338846, 0.0078889, , , , , , , , , , , , , , , , , , , , , , , , , , , , 
3.5344038, -0.036759, , , , , , , 3.5344038, -0.0810712, , , , , , , 3.5344038, -0.0438087, , , , , , , 3.5344038, 0.0035248, , , , , , , , , , , , , , , , , , , , , , , , , , , , 
3.5349231, -0.0293736, , , , , , , 3.5349231, -0.0958419, , , , , , , 3.5349231, -0.0407874, , , , , , , 3.5349231, 0.0005035, , , , , , , , , , , , , , , , , , , , , , , , , , , , 
3.5354423, -0.0238346, , , , , , , 3.5354423, -0.0951705, , , , , , , 3.5354423, -0.0297093, , , , , , , 3.5354423, -0.0001678, , , , , , , , , , , , , , , , , , , , , , , , , , , , 
3.5359615, -0.0169528, , , , , , , 3.5359615, -0.0822461, , , , , , , 3.5359615, -0.0139315, , , , , , , 3.5359615, -0.0001678, , , , , , , , , , , , , , , , , , , , , , , , , , , , 
3.5364808, -0.0082246, , , , , , , 3.5364808, -0.0552224, , , , , , , 3.5364808, -0.0018463, , , , , , , 3.5364808, -0.0015106, , , , , , , , , , , , , , , , , , , , , , , , , , , , 
3.537, 0.0036927, , , , , , , 3.537, -0.0209812, , , , , , , 3.537, 0.0062104, , , , , , , 3.537, -0.0048676, , , , , , , , , , , , , , , , , , , , , , , , , , , , 
3.5375192, 0.0142672, , , , , , , 3.5375192, 0.0036927, , , , , , , 3.5375192, 0.0219883, , , , , , , 3.5375192, -0.0058747, , , , , , , , , , , , , , , , , , , , , , , , , , , , 
3.5380385, 0.0209812, , , , , , , 3.5380385, 0.0248417, , , , , , , 3.5380385, 0.0426337, , , , , , , 3.5380385, -0.008896, , , , , , , , , , , , , , , , , , , , , , , , , , , , 
3.5385577, 0.023331, , , , , , , 3.5385577, 0.0527047, , , , , , , 3.5385577, 0.06009, , , , , , , 3.5385577, -0.0129244, , , , , , , , , , , , , , , , , , , , , , , , , , , , 
3.5390769, 0.0273594, , , , , , , 3.5390769, 0.0733501, , , , , , , 3.5390769, 0.0699931, , , , , , , 3.5390769, -0.0149386, , , , , , , , , , , , , , , , , , , , , , , , , , , , 
3.5395962, 0.0352483, , , , , , , 3.5395962, 0.0713359, , , , , , , 3.5395962, 0.063447, , , , , , , 3.5395962, -0.0115816, , , , , , , , , , , , , , , , , , , , , , , , , , , , 
3.5401154, 0.0384375, , , , , , , 3.5401154, 0.0582437, , , , , , , 3.5401154, 0.0386053, , , , , , , 3.5401154, -0.0062104, , , , , , , , , , , , , , , , , , , , , , , , , , , , 
3.5406346, 0.0381018, , , , , , , 3.5406346, 0.0488441, , , , , , , 3.5406346, 0.0112459, , , , , , , 3.5406346, -0.0001678, , , , , , , , , , , , , , , , , , , , , , , , , , , , 
3.5411538, 0.0394446, , , , , , , 3.5411538, 0.0428016, , , , , , , 3.5411538, -0.0082246, , , , , , , 3.5411538, 0.005539, , , , , , , , , , , , , , , , , , , , , , , , , , , , 
3.5416731, 0.0431373, , , , , , , 3.5416731, 0.0354162, , , , , , , 3.5416731, -0.0231632, , , , , , , 3.5416731, 0.0092317, , , , , , , , , , , , , , , , , , , , , , , , , , , , 
3.5421923, 0.04448, , , , , , , 3.5421923, 0.0287022, , , , , , , 3.5421923, -0.0330663, , , , , , , 3.5421923, 0.0092317, , , , , , , , , , , , , , , , , , , , , , , , , , , , 
3.5427115, 0.0448157, , , , , , , 3.5427115, 0.0246738, , , , , , , 3.5427115, -0.0357519, , , , , , , 3.5427115, 0.0092317, , , , , , , , , , , , , , , , , , , , , , , , , , , , 
3.5432308, 0.0485084, , , , , , , 3.5432308, 0.021149, , , , , , , 3.5432308, -0.0320592, , , , , , , 3.5432308, 0.0092317, , , , , , , , , , , , , , , , , , , , , , , , , , , , 
3.54375, 0.0619364, , , , , , , 3.54375, 0.0139315, , , , , , , 3.54375, -0.0310521, , , , , , , 3.54375, 0.0092317, , , , , , , , , , , , , , , , , , , , , , , , , , , , 
3.5442692, 0.0767071, , , , , , , 3.5442692, 0.0072175, , , , , , , 3.5442692, -0.0407874, , , , , , , 3.5442692, 0.012253, , , , , , , , , , , , , , , , , , , , , , , , , , , , 
3.5447885, 0.082414, , , , , , , 3.5447885, 0.0035248, , , , , , , 3.5447885, -0.0453193, , , , , , , 3.5447885, 0.0193027, , , , , , , , , , , , , , , , , , , , , , , , , , , , 
3.5453077, 0.0777142, , , , , , , 3.5453077, -0.0005035, , , , , , , 3.5453077, -0.0323949, , , , , , , 3.5453077, 0.0293736, , , , , , , , , , , , , , , , , , , , , , , , , , , , 
3.5458269, 0.0720073, , , , , , , 3.5458269, -0.0142672, , , , , , , 3.5458269, -0.0078889, , , , , , , 3.5458269, 0.0347448, , , , , , , , , , , , , , , , , , , , , , , , , , , , 
3.5463462, 0.0663005, , , , , , , 3.5463462, -0.0414588, , , , , , , 3.5463462, 0.0179599, , , , , , , 3.5463462, 0.0330663, , , , , , , , , , , , , , , , , , , , , , , , , , , , 
3.5468654, 0.0585794, , , , , , , 3.5468654, -0.0642863, , , , , , , 3.5468654, 0.0347448, , , , , , , 3.5468654, 0.0297093, , , , , , , , , , , , , , , , , , , , , , , , , , , , 
3.5473846, 0.0471656, , , , , , , 3.5473846, -0.0656291, , , , , , , 3.5473846, 0.026688, , , , , , , 3.5473846, 0.030045, , , , , , , , , , , , , , , , , , , , , , , , , , , , 
3.5479038, 0.0357519, , , , , , , 3.5479038, -0.0532082, , , , , , , 3.5479038, -0.0072175, , , , , , , 3.5479038, 0.0293736, , , , , , , , , , , , , , , , , , , , , , , , , , , , 
3.5484231, 0.0213169, , , , , , , 3.5484231, -0.0392767, , , , , , , 3.5484231, -0.0475013, , , , , , , 3.5484231, 0.0253452, , , , , , , , , , , , , , , , , , , , , , , , , , , , 
3.5489423, 0.0078889, , , , , , , 3.5489423, -0.0283665, , , , , , , 3.5489423, -0.0837568, , , , , , , 3.5489423, 0.0206455, , , , , , , , , , , , , , , , , , , , , , , , , , , , 
3.5494615, -0.0045319, , , , , , , 3.5494615, -0.0231632, , , , , , , 3.5494615, -0.1143053, , , , , , , 3.5494615, 0.0219883, , , , , , , , , , , , , , , , , , , , , , , , , , , , 
3.5499808, -0.0186313, , , , , , , 3.5499808, -0.0270237, , , , , , , 3.5499808, -0.1371328, , , , , , , 3.5499808, 0.0287022, , , , , , , , , , , , , , , , , , , , , , , , , , , , 
3.5505, -0.0303807, , , , , , , 3.5505, -0.0325628, , , , , , , 3.5505, -0.1514, , , , , , , 3.5505, 0.0347448, , , , , , , , , , , , , , , , , , , , , , , , , , , , 
3.5510192, -0.036759, , , , , , , 3.5510192, -0.0303807, , , , , , , 3.5510192, -0.1592889, , , , , , , 3.5510192, 0.0381018, , , , , , , , , , , , , , , , , , , , , , , , , , , , 
3.5515385, -0.04448, , , , , , , 3.5515385, -0.0256809, , , , , , , 3.5515385, -0.1680171, , , , , , , 3.5515385, 0.0397803, , , , , , , , , , , , , , , , , , , , , , , , , , , , 
3.5520577, -0.0565652, , , , , , , 3.5520577, -0.0283665, , , , , , , 3.5520577, -0.1827878, , , , , , , 3.5520577, 0.0414588, , , , , , , , , , , , , , , , , , , , , , , , , , , , 
3.5525769, -0.0622721, , , , , , , 3.5525769, -0.0310521, , , , , , , 3.5525769, -0.191516, , , , , , , 3.5525769, 0.0448157, , , , , , , , , , , , , , , , , , , , , , , , , , , , 
3.5530962, -0.056733, , , , , , , 3.5530962, -0.0258488, , , , , , , 3.5530962, -0.1760739, , , , , , , 3.5530962, 0.0473335, , , , , , , , , , , , , , , , , , , , , , , , , , , , 
3.5536154, -0.0491798, , , , , , , 3.5536154, -0.0182956, , , , , , , 3.5536154, -0.1354543, , , , , , , 3.5536154, 0.0461585, , , , , , , , , , , , , , , , , , , , , , , , , , , , 
3.5541346, -0.0417945, , , , , , , 3.5541346, -0.012253, , , , , , , 3.5541346, -0.0856031, , , , , , , 3.5541346, 0.0414588, , , , , , , , , , , , , , , , , , , , , , , , , , , , 
3.5546538, -0.0283665, , , , , , , 3.5546538, -0.005539, , , , , , , 3.5546538, -0.0386053, , , , , , , 3.5546538, 0.0313878, , , , , , , , , , , , , , , , , , , , , , , , , , , , 
3.5551731, -0.0124208, , , , , , , 3.5551731, 0.0025177, , , , , , , 3.5551731, -0.0005035, , , , , , , 3.5551731, 0.0181277, , , , , , , , , , , , , , , , , , , , , , , , , , , , 
3.5556923, -0.0015106, , , , , , , 3.5556923, 0.0125887, , , , , , , 3.5556923, 0.026688, , , , , , , 3.5556923, 0.0072175, , , , , , , , , , , , , , , , , , , , , , , , , , , , 
3.5562115, 0.0038605, , , , , , , 3.5562115, 0.0256809, , , , , , , 3.5562115, 0.047837, , , , , , , 3.5562115, 0.0005035, , , , , , , , , , , , , , , , , , , , , , , , , , , , 
3.5567308, 0.0078889, , , , , , , 3.5567308, 0.0364233, , , , , , , 3.5567308, 0.064622, , , , , , , 3.5567308, -0.0045319, , , , , , , , , , , , , , , , , , , , , , , , , , , , 
3.55725, 0.0152743, , , , , , , 3.55725, 0.0340734, , , , , , , 3.55725, 0.0788891, , , , , , , 3.55725, -0.0078889, , , , , , , , , , , , , , , , , , , , , , , , , , , , 
3.5577692, 0.0258488, , , , , , , 3.5577692, 0.0152743, , , , , , , 3.5577692, 0.0908064, , , , , , , 3.5577692, -0.0095674, , , , , , , , , , , , , , , , , , , , , , , , , , , , 
3.5582885, 0.033402, , , , , , , 3.5582885, 0.0003357, , , , , , , 3.5582885, 0.0998703, , , , , , , 3.5582885, -0.012253, , , , , , , , , , , , , , , , , , , , , , , , , , , , 
3.5588077, 0.03122, , , , , , , 3.5588077, 0.0011749, , , , , , , 3.5588077, 0.1022202, , , , , , , 3.5588077, -0.0137636, , , , , , , , , , , , , , , , , , , , , , , , , , , , 
3.5593269, 0.0273594, , , , , , , 3.5593269, 0.0048676, , , , , , , 3.5593269, 0.1008774, , , , , , , 3.5593269, -0.0097353, , , , , , , , , , , , , , , , , , , , , , , , , , , , 
3.5598462, 0.0270237, , , , , , , 3.5598462, 0.0119173, , , , , , , 3.5598462, 0.0975204, , , , , , , 3.5598462, -0.0041962, , , , , , , , , , , , , , , , , , , , , , , , , , , , 
3.5603654, 0.0290379, , , , , , , 3.5603654, 0.0370947, , , , , , , 3.5603654, 0.0931563, , , , , , , 3.5603654, 0.0008392, , , , , , , , , , , , , , , , , , , , , , , , , , , , 
3.5608846, 0.036759, , , , , , , 3.5608846, 0.0757, , , , , , , 3.5608846, 0.0924849, , , , , , , 3.5608846, 0.0045319, , , , , , , , , , , , , , , , , , , , , , , , , , , , 
3.5614038, 0.0453193, , , , , , , 3.5614038, 0.0944991, , , , , , , 3.5614038, 0.0924849, , , , , , , 3.5614038, 0.0078889, , , , , , , , , , , , , , , , , , , , , , , , , , , , 
3.5619231, 0.0501869, , , , , , , 3.5619231, 0.0636149, , , , , , , 3.5619231, 0.0889601, , , , , , , 3.5619231, 0.0132601, , , , , , , , , , , , , , , , , , , , , , , , , , , , 
3.5624423, 0.0528725, , , , , , , 3.5624423, 0.0045319, , , , , , , 3.5624423, 0.0820783, , , , , , , 3.5624423, 0.0199741, , , , , , , , , , , , , , , , , , , , , , , , , , , , 
3.5629615, 0.0532082, , , , , , , 3.5629615, -0.0337377, , , , , , , 3.5629615, 0.0800641, , , , , , , 3.5629615, 0.0216526, , , , , , , , , , , , , , , , , , , , , , , , , , , , 
3.5634808, 0.0574044, , , , , , , 3.5634808, -0.0562295, , , , , , , 3.5634808, 0.0815747, , , , , , , 3.5634808, 0.0193027, , , , , , , , , , , , , , , , , , , , , , , , , , , , 
3.564, 0.0663005, , , , , , , 3.564, -0.0730144, , , , , , , 3.564, 0.0827497, , , , , , , 3.564, 0.01561, , , , , , , , , , , , , , , , , , , , , , , , , , , , 
3.5645192, 0.0696574, , , , , , , 3.5645192, -0.0639506, , , , , , , 3.5645192, 0.082414, , , , , , , 3.5645192, 0.0109102, , , , , , , , , , , , , , , , , , , , , , , , , , , , 
3.5650385, 0.0663005, , , , , , , 3.5650385, -0.0231632, , , , , , , 3.5650385, 0.0797284, , , , , , , 3.5650385, 0.0058747, , , , , , , , , , , , , , , , , , , , , , , , , , , , 
3.5655577, 0.0663005, , , , , , , 3.5655577, 0.0109102, , , , , , , 3.5655577, 0.0710002, , , , , , , 3.5655577, 0.0008392, , , , , , , , , , , , , , , , , , , , , , , , , , , , 
3.5660769, 0.0647898, , , , , , , 3.5660769, 0.0052033, , , , , , , 3.5660769, 0.0575723, , , , , , , 3.5660769, -0.0035248, , , , , , , , , , , , , , , , , , , , , , , , , , , , 
3.5665962, 0.0582437, , , , , , , 3.5665962, -0.0407874, , , , , , , 3.5665962, 0.0441444, , , , , , , 3.5665962, -0.0052033, , , , , , , , , , , , , , , , , , , , , , , , , , , , 
3.5671154, 0.0466621, , , , , , , 3.5671154, -0.0975204, , , , , , , 3.5671154, 0.0347448, , , , , , , 3.5671154, -0.0038605, , , , , , , , , , , , , , , , , , , , , , , , , , , , 
3.5676346, 0.0276951, , , , , , , 3.5676346, -0.1237049, , , , , , , 3.5676346, 0.0298772, , , , , , , 3.5676346, -0.0041962, , , , , , , , , , , , , , , , , , , , , , , , , , , , 
3.5681538, 0.0072175, , , , , , , 3.5681538, -0.1092699, , , , , , , 3.5681538, 0.0307164, , , , , , , 3.5681538, -0.0063783, , , , , , , , , , , , , , , , , , , , , , , , , , , , 
3.5686731, -0.0015106, , , , , , , 3.5686731, -0.0760357, , , , , , , 3.5686731, 0.0377661, , , , , , , 3.5686731, -0.0077211, , , , , , , , , , , , , , , , , , , , , , , , , , , , 
3.5691923, -0.0065461, , , , , , , 3.5691923, -0.0488441, , , , , , , 3.5691923, 0.0458228, , , , , , , 3.5691923, -0.0072175, , , , , , , , , , , , , , , , , , , , , , , , , , , , 
3.5697115, -0.0223239, , , , , , , 3.5697115, -0.0332341, , , , , , , 3.5697115, 0.0426337, , , , , , , 3.5697115, -0.0023499, , , , , , , , , , , , , , , , , , , , , , , , , , , , 
3.5702308, -0.0394446, , , , , , , 3.5702308, -0.0206455, , , , , , , 3.5702308, 0.0302129, , , , , , , 3.5702308, 0.0018463, , , , , , , , , , , , , , , , , , , , , , , , , , , , 
3.57075, -0.051194, , , , , , , 3.57075, -0.005539, , , , , , , 3.57075, 0.0236667, , , , , , , 3.57075, 0.0052033, , , , , , , , , , , , , , , , , , , , , , , , , , , , 
3.5712692, -0.0575723, , , , , , , 3.5712692, 0.0031891, , , , , , , 3.5712692, 0.0213169, , , , , , , 3.5712692, 0.0082246, , , , , , , , , , , , , , , , , , , , , , , , , , , , 
3.5717885, -0.0569009, , , , , , , 3.5717885, 0.0015106, , , , , , , 3.5717885, 0.0172885, , , , , , , 3.5717885, 0.0109102, , , , , , , , , , , , , , , , , , , , , , , , , , , , 
3.5723077, -0.0595865, , , , , , , 3.5723077, -0.0001678, , , , , , , 3.5723077, 0.0099031, , , , , , , 3.5723077, 0.0146029, , , , , , , , , , , , , , , , , , , , , , , , , , , , 
3.5728269, -0.0602579, , , , , , , 3.5728269, -0.002182, , , , , , , 3.5728269, -0.0043641, , , , , , , 3.5728269, 0.0206455, , , , , , , , , , , , , , , , , , , , , , , , , , , , 
3.5733462, -0.0565652, , , , , , , 3.5733462, -0.0045319, , , , , , , 3.5733462, -0.0270237, , , , , , , 3.5733462, 0.0265202, , , , , , , , , , , , , , , , , , , , , , , , , , , , 
3.5738654, -0.0458228, , , , , , , 3.5738654, -0.0058747, , , , , , , 3.5738654, -0.0565652, , , , , , , 3.5738654, 0.024506, , , , , , , , , , , , , , , , , , , , , , , , , , , , 
3.5743846, -0.0290379, , , , , , , 3.5743846, -0.0031891, , , , , , , 3.5743846, -0.0822461, , , , , , , 3.5743846, 0.0209812, , , , , , , , , , , , , , , , , , , , , , , , , , , , 
3.5749038, -0.0179599, , , , , , , 3.5749038, -0.0001678, , , , , , , 3.5749038, -0.100206, , , , , , , 3.5749038, 0.0216526, , , , , , , , , , , , , , , , , , , , , , , , , , , , 
3.5754231, -0.0075532, , , , , , , 3.5754231, -0.0018463, , , , , , , 3.5754231, -0.1132982, , , , , , , 3.5754231, 0.0280308, , , , , , , , , , , , , , , , , , , , , , , , , , , , 
3.5759423, 0.0038605, , , , , , , 3.5759423, -0.008896, , , , , , , 3.5759423, -0.1173266, , , , , , , 3.5759423, 0.0347448, , , , , , , , , , , , , , , , , , , , , , , , , , , , 
3.5764615, 0.0097353, , , , , , , 3.5764615, -0.0132601, , , , , , , 3.5764615, -0.1129625, , , , , , , 3.5764615, 0.0354162, , , , , , , , , , , , , , , , , , , , , , , , , , , , 
3.5769808, 0.0142672, , , , , , , 3.5769808, -0.0109102, , , , , , , 3.5769808, -0.1075914, , , , , , , 3.5769808, 0.030045, , , , , , , , , , , , , , , , , , , , , , , , , , , , 
3.5775, 0.0199741, , , , , , , 3.5775, -0.0060426, , , , , , , 3.5775, -0.0988632, , , , , , , 3.5775, 0.0240024, , , , , , , , , , , , , , , , , , , , , , , , , , , , 
3.5780192, 0.023331, , , , , , , 3.5780192, 0.0015106, , , , , , , 3.5780192, -0.0854353, , , , , , , 3.5780192, 0.0209812, , , , , , , , , , , , , , , , , , , , , , , , , , , , 
3.5785385, 0.0226596, , , , , , , 3.5785385, 0.0099031, , , , , , , 3.5785385, -0.0683146, , , , , , , 3.5785385, 0.0226596, , , , , , , , , , , , , , , , , , , , , , , , , , , , 
3.5790577, 0.0206455, , , , , , , 3.5790577, 0.0166171, , , , , , , 3.5790577, -0.0488441, , , , , , , 3.5790577, 0.026688, , , , , , , , , , , , , , , , , , , , , , , , , , , , 
3.5795769, 0.0203098, , , , , , , 3.5795769, 0.0260166, , , , , , , 3.5795769, -0.0313878, , , , , , , 3.5795769, 0.03122, , , , , , , , , , , , , , , , , , , , , , , , , , , , 
3.5800962, 0.0219883, , , , , , , 3.5800962, 0.0414588, , , , , , , 3.5800962, -0.0196384, , , , , , , 3.5800962, 0.0317235, , , , , , , , , , , , , , , , , , , , , , , , , , , , 
3.5806154, 0.0226596, , , , , , , 3.5806154, 0.0572366, , , , , , , 3.5806154, -0.014435, , , , , , , 3.5806154, 0.0297093, , , , , , , , , , , , , , , , , , , , , , , , , , , , 
3.5811346, 0.0213169, , , , , , , 3.5811346, 0.068986, , , , , , , 3.5811346, -0.0149386, , , , , , , 3.5811346, 0.0280308, , , , , , , , , , , , , , , , , , , , , , , , , , , , 
3.5816538, 0.0219883, , , , , , , 3.5816538, 0.0515297, , , , , , , 3.5816538, -0.0137636, , , , , , , 3.5816538, 0.0256809, , , , , , , , , , , , , , , , , , , , , , , , , , , , 
3.5821731, 0.0224918, , , , , , , 3.5821731, 0.023331, , , , , , , 3.5821731, -0.0062104, , , , , , , 3.5821731, 0.0236667, , , , , , , , , , , , , , , , , , , , , , , , , , , , 
3.5826923, 0.0240024, , , , , , , 3.5826923, 0.0068818, , , , , , , 3.5826923, 0.0005035, , , , , , , 3.5826923, 0.0219883, , , , , , , , , , , , , , , , , , , , , , , , , , , , 
3.5832115, 0.0287022, , , , , , , 3.5832115, -0.0048676, , , , , , , 3.5832115, 0.0046998, , , , , , , 3.5832115, 0.0182956, , , , , , , , , , , , , , , , , , , , , , , , , , , , 
3.5837308, 0.0387732, , , , , , , 3.5837308, -0.0060426, , , , , , , 3.5837308, 0.0115816, , , , , , , 3.5837308, 0.0105745, , , , , , , , , , , , , , , , , , , , , , , , , , , , 
3.58425, 0.0495155, , , , , , , 3.58425, 0.0005035, , , , , , , 3.58425, 0.0162814, , , , , , , 3.58425, 0.0016785, , , , , , , , , , , , , , , , , , , , , , , , , , , , 
3.5847692, 0.0595865, , , , , , , 3.5847692, -0.0031891, , , , , , , 3.5847692, 0.0120851, , , , , , , 3.5847692, -0.0031891, , , , , , , , , , , , , , , , , , , , , , , , , , , , 
3.5852885, 0.0716716, , , , , , , 3.5852885, -0.0125887, , , , , , , 3.5852885, 0.0045319, , , , , , , 3.5852885, -0.0060426, , , , , , , , , , , , , , , , , , , , , , , , , , , , 
3.5858077, 0.0706645, , , , , , , 3.5858077, -0.0045319, , , , , , , 3.5858077, 0.0020142, , , , , , , 3.5858077, -0.0062104, , , , , , , , , , , , , , , , , , , , , , , , , , , , 
3.5863269, 0.0619364, , , , , , , 3.5863269, 0.0246738, , , , , , , 3.5863269, 0.0050355, , , , , , , 3.5863269, -0.0065461, , , , , , , , , , , , , , , , , , , , , , , , , , , , 
3.5868462, 0.0575723, , , , , , , 3.5868462, 0.043473, , , , , , , 3.5868462, 0.0169528, , , , , , , 3.5868462, -0.0065461, , , , , , , , , , , , , , , , , , , , , , , , , , , , 
3.5873654, 0.0508583, , , , , , , 3.5873654, 0.0176242, , , , , , , 3.5873654, 0.0481727, , , , , , , 3.5873654, -0.0048676, , , , , , , , , , , , , , , , , , , , , , , , , , , , 
3.5878846, 0.0407874, , , , , , , 3.5878846, -0.0288701, , , , , , , 3.5878846, 0.0881209, , , , , , , 3.5878846, -0.0038605, , , , , , , , , , , , , , , , , , , , , , , , , , , , 
3.5884038, 0.0310521, , , , , , , 3.5884038, -0.0495155, , , , , , , 3.5884038, 0.1156481, , , , , , , 3.5884038, -0.0075532, , , , , , , , , , , , , , , , , , , , , , , , , , , , 
3.5889231, 0.0240024, , , , , , , 3.5889231, -0.0357519, , , , , , , 3.5889231, 0.124712, , , , , , , 3.5889231, -0.0095674, , , , , , , , , , , , , , , , , , , , , , , , , , , , 
3.5894423, 0.0139315, , , , , , , 3.5894423, -0.0146029, , , , , , , 3.5894423, 0.1166552, , , , , , , 3.5894423, -0.0073854, , , , , , , , , , , , , , , , , , , , , , , , , , , , 
3.5899615, 0.0018463, , , , , , , 3.5899615, -0.011078, , , , , , , 3.5899615, 0.0998703, , , , , , , 3.5899615, -0.0048676, , , , , , , , , , , , , , , , , , , , , , , , , , , , 
3.5904808, -0.0092317, , , , , , , 3.5904808, -0.0280308, , , , , , , 3.5904808, 0.0777142, , , , , , , 3.5904808, -0.0005035, , , , , , , , , , , , , , , , , , , , , , , , , , , , 
3.591, -0.0216526, , , , , , , 3.591, -0.0498512, , , , , , , 3.591, 0.0426337, , , , , , , 3.591, 0.0040284, , , , , , , , , , , , , , , , , , , , , , , , , , , , 
3.5915192, -0.0330663, , , , , , , 3.5915192, -0.0663005, , , , , , , 3.5915192, -0.0146029, , , , , , , 3.5915192, 0.0058747, , , , , , , , , , , , , , , , , , , , , , , , , , , , 
3.5920385, -0.0384375, , , , , , , 3.5920385, -0.0785534, , , , , , , 3.5920385, -0.0871138, , , , , , , 3.5920385, 0.0090639, , , , , , , , , , , , , , , , , , , , , , , , , , , , 
3.5925577, -0.0428016, , , , , , , 3.5925577, -0.0837568, , , , , , , 3.5925577, -0.1498894, , , , , , , 3.5925577, 0.012253, , , , , , , , , , , , , , , , , , , , , , , , , , , , 
3.5930769, -0.0458228, , , , , , , 3.5930769, -0.0820783, , , , , , , 3.5930769, -0.1938659, , , , , , , 3.5930769, 0.0139315, , , , , , , , , , , , , , , , , , , , , , , , , , , , 
3.5935962, -0.040116, , , , , , , 3.5935962, -0.0757, , , , , , , 3.5935962, -0.2291142, , , , , , , 3.5935962, 0.0135958, , , , , , , , , , , , , , , , , , , , , , , , , , , , 
3.5941154, -0.0246738, , , , , , , 3.5941154, -0.0595865, , , , , , , 3.5941154, -0.2569772, , , , , , , 3.5941154, 0.0119173, , , , , , , , , , , , , , , , , , , , , , , , , , , , 
3.5946346, -0.0099031, , , , , , , 3.5946346, -0.0340734, , , , , , , 3.5946346, -0.2626841, , , , , , , 3.5946346, 0.0139315, , , , , , , , , , , , , , , , , , , , , , , , , , , , 
3.5951538, 0.0008392, , , , , , , 3.5951538, -0.0146029, , , , , , , 3.5951538, -0.2509346, , , , , , , 3.5951538, 0.0209812, , , , , , , , , , , , , , , , , , , , , , , , , , , , 
3.5956731, 0.0072175, , , , , , , 3.5956731, 0.0025177, , , , , , , 3.5956731, -0.2344854, , , , , , , 3.5956731, 0.0288701, , , , , , , , , , , , , , , , , , , , , , , , , , , , 
3.5961923, 0.0119173, , , , , , , 3.5961923, 0.0273594, , , , , , , 3.5961923, -0.2151827, , , , , , , 3.5961923, 0.0354162, , , , , , , , , , , , , , , , , , , , , , , , , , , , 
3.5967115, 0.0213169, , , , , , , 3.5967115, 0.0498512, , , , , , , 3.5967115, -0.1989014, , , , , , , 3.5967115, 0.0381018, , , , , , , , , , , , , , , , , , , , , , , , , , , , 
3.5972308, 0.0307164, , , , , , , 3.5972308, 0.0703288, , , , , , , 3.5972308, -0.1841306, , , , , , , 3.5972308, 0.0352483, , , , , , , , , , , , , , , , , , , , , , , , , , , , 
3.59775, 0.0354162, , , , , , , 3.59775, 0.0958419, , , , , , , 3.59775, -0.1579461, , , , , , , 3.59775, 0.0303807, , , , , , , , , , , , , , , , , , , , , , , , , , , , 
3.5982692, 0.0414588, , , , , , , 3.5982692, 0.1193408, , , , , , , 3.5982692, -0.1116197, , , , , , , 3.5982692, 0.0280308, , , , , , , , , , , , , , , , , , , , , , , , , , , , 
3.5987885, 0.0491798, , , , , , , 3.5987885, 0.1250477, , , , , , , 3.5987885, -0.0538796, , , , , , , 3.5987885, 0.0260166, , , , , , , , , , , , , , , , , , , , , , , , , , , , 
3.5993077, 0.0486763, , , , , , , 3.5993077, 0.1230335, , , , , , , 3.5993077, -0.002182, , , , , , , 3.5993077, 0.018967, , , , , , , , , , , , , , , , , , , , , , , , , , , , 
3.5998269, 0.0468299, , , , , , , 3.5998269, 0.1176623, , , , , , , 3.5998269, 0.0354162, , , , , , , 3.5998269, 0.0085603, , , , , , , , , , , , , , , , , , , , , , , , , , , , 
3.6003462, 0.0475013, , , , , , , 3.6003462, 0.0892958, , , , , , , 3.6003462, 0.0669718, , , , , , , 3.6003462, -0.0010071, , , , , , , , , , , , , , , , , , , , , , , , , , , , 
3.6008654, 0.0426337, , , , , , , 3.6008654, 0.0441444, , , , , , , 3.6008654, 0.0975204, , , , , , , 3.6008654, -0.0041962, , , , , , , , , , , , , , , , , , , , , , , , , , , , 
3.6013846, 0.0310521, , , , , , , 3.6013846, -0.0167849, , , , , , , 3.6013846, 0.124712, , , , , , , 3.6013846, 0.0008392, , , , , , , , , , , , , , , , , , , , , , , , , , , , 
3.6019038, 0.0184634, , , , , , , 3.6019038, -0.0918135, , , , , , , 3.6019038, 0.1467002, , , , , , , 3.6019038, 0.0119173, , , , , , , , , , , , , , , , , , , , , , , , , , , , 
3.6024231, 0.0102388, , , , , , , 3.6024231, -0.1339437, , , , , , , 3.6024231, 0.161471, , , , , , , 3.6024231, 0.0246738, , , , , , , , , , , , , , , , , , , , , , , , , , , , 
3.6029423, 0.0112459, , , , , , , 3.6029423, -0.1440146, , , , , , , 3.6029423, 0.1695277, , , , , , , 3.6029423, 0.0290379, , , , , , , , , , , , , , , , , , , , , , , , , , , , 
3.6034615, 0.0240024, , , , , , , 3.6034615, -0.1599603, , , , , , , 3.6034615, 0.1730526, , , , , , , 3.6034615, 0.026688, , , , , , , , , , , , , , , , , , , , , , , , , , , , 
3.6039808, 0.0392767, , , , , , , 3.6039808, -0.1908446, , , , , , , 3.6039808, 0.1767453, , , , , , , 3.6039808, 0.0248417, , , , , , , , , , , , , , , , , , , , , , , , , , , , 
3.6045, 0.047837, , , , , , , 3.6045, -0.1995727, , , , , , , 3.6045, 0.1757382, , , , , , , 3.6045, 0.026688, , , , , , , , , , , , , , , , , , , , , , , , , , , , 
3.6050192, 0.0495155, , , , , , , 3.6050192, -0.1502251, , , , , , , 3.6050192, 0.1660029, , , , , , , 3.6050192, 0.027863, , , , , , , , , , , , , , , , , , , , , , , , , , , , 
3.6055385, 0.0528725, , , , , , , 3.6055385, -0.0569009, , , , , , , 3.6055385, 0.148043, , , , , , , 3.6055385, 0.024506, , , , , , , , , , , , , , , , , , , , , , , , , , , , 
3.6060577, 0.06009, , , , , , , 3.6060577, 0.0052033, , , , , , , 3.6060577, 0.1253834, , , , , , , 3.6060577, 0.0186313, , , , , , , , , , , , , , , , , , , , , , , , , , , , 
3.6065769, 0.0585794, , , , , , , 3.6065769, 0.0260166, , , , , , , 3.6065769, 0.0991989, , , , , , , 3.6065769, 0.0139315, , , , , , , , , , , , , , , , , , , , , , , , , , , , 
3.6070962, 0.0451514, , , , , , , 3.6070962, 0.0293736, , , , , , , 3.6070962, 0.0750286, , , , , , , 3.6070962, 0.0099031, , , , , , , , , , , , , , , , , , , , , , , , , , , , 
3.6076154, 0.0293736, , , , , , , 3.6076154, 0.0169528, , , , , , , 3.6076154, 0.0558938, , , , , , , 3.6076154, 0.0062104, , , , , , , , , , , , , , , , , , , , , , , , , , , , 
3.6081346, 0.0125887, , , , , , , 3.6081346, -0.0102388, , , , , , , 3.6081346, 0.0381018, , , , , , , 3.6081346, 0.0031891, , , , , , , , , , , , , , , , , , , , , , , , , , , , 
3.6086538, -0.002182, , , , , , , 3.6086538, -0.0387732, , , , , , , 3.6086538, 0.0234989, , , , , , , 3.6086538, 0.0003357, , , , , , , , , , , , , , , , , , , , , , , , , , , , 
3.6091731, -0.0137636, , , , , , , 3.6091731, -0.0642863, , , , , , , 3.6091731, 0.0109102, , , , , , , 3.6091731, -0.0041962, , , , , , , , , , , , , , , , , , , , , , , , , , , , 
3.6096923, -0.0236667, , , , , , , 3.6096923, -0.0787213, , , , , , , 3.6096923, -0.0035248, , , , , , , 3.6096923, -0.0068818, , , , , , , , , , , , , , , , , , , , , , , , , , , , 
3.6102115, -0.0323949, , , , , , , 3.6102115, -0.0767071, , , , , , , 3.6102115, -0.0229953, , , , , , , 3.6102115, -0.005539, , , , , , , , , , , , , , , , , , , , , , , , , , , , 
3.6107308, -0.0377661, , , , , , , 3.6107308, -0.068986, , , , , , , 3.6107308, -0.0438087, , , , , , , 3.6107308, -0.0038605, , , , , , , , , , , , , , , , , , , , , , , , , , , , 
3.61125, -0.0433051, , , , , , , 3.61125, -0.0528725, , , , , , , 3.61125, -0.0562295, , , , , , , 3.61125, -0.0015106, , , , , , , , , , , , , , , , , , , , , , , , , , , , 
3.6117692, -0.0488441, , , , , , , 3.6117692, -0.0193027, , , , , , , 3.6117692, -0.0548867, , , , , , , 3.6117692, 0.0028534, , , , , , , , , , , , , , , , , , , , , , , , , , , , 
3.6122885, -0.0532082, , , , , , , 3.6122885, 0.0193027, , , , , , , 3.6122885, -0.04448, , , , , , , 3.6122885, 0.0063783, , , , , , , , , , , , , , , , , , , , , , , , , , , , 
3.6128077, -0.0562295, , , , , , , 3.6128077, 0.0421302, , , , , , , 3.6128077, -0.0391089, , , , , , , 3.6128077, 0.0078889, , , , , , , , , , , , , , , , , , , , , , , , , , , , 
3.6133269, -0.0488441, , , , , , , 3.6133269, 0.0464942, , , , , , , 3.6133269, -0.0424659, , , , , , , 3.6133269, 0.0085603, , , , , , , , , , , , , , , , , , , , , , , , , , , , 
3.6138462, -0.0347448, , , , , , , 3.6138462, 0.0481727, , , , , , , 3.6138462, -0.0464942, , , , , , , 3.6138462, 0.0085603, , , , , , , , , , , , , , , , , , , , , , , , , , , , 
3.6143654, -0.0164492, , , , , , , 3.6143654, 0.0548867, , , , , , , 3.6143654, -0.0431373, , , , , , , 3.6143654, 0.0050355, , , , , , , , , , , , , , , , , , , , , , , , , , , , 
3.6148846, -0.005539, , , , , , , 3.6148846, 0.0569009, , , , , , , 3.6148846, -0.0339055, , , , , , , 3.6148846, 0.0010071, , , , , , , , , , , , , , , , , , , , , , , , , , , , 
3.6154038, 0.0016785, , , , , , , 3.6154038, 0.0495155, , , , , , , 3.6154038, -0.0256809, , , , , , , 3.6154038, -0.0028534, , , , , , , , , , , , , , , , , , , , , , , , , , , , 
3.6159231, 0.0099031, , , , , , , 3.6159231, 0.0394446, , , , , , , 3.6159231, -0.0216526, , , , , , , 3.6159231, -0.0041962, , , , , , , , , , , , , , , , , , , , , , , , , , , , 
3.6164423, 0.0203098, , , , , , , 3.6164423, 0.0508583, , , , , , , 3.6164423, -0.0152743, , , , , , , 3.6164423, -0.0038605, , , , , , , , , , , , , , , , , , , , , , , , , , , , 
3.6169615, 0.030045, , , , , , , 3.6169615, 0.0869459, , , , , , , 3.6169615, -0.0008392, , , , , , , 3.6169615, 0.0001678, , , , , , , , , , , , , , , , , , , , , , , , , , , , 
3.6174808, 0.033402, , , , , , , 3.6174808, 0.1008774, , , , , , , 3.6174808, 0.0209812, , , , , , , 3.6174808, 0.0041962, , , , , , , , , , , , , , , , , , , , , , , , , , , , 
3.618, 0.0354162, , , , , , , 3.618, 0.079057, , , , , , , 3.618, 0.0451514, , , , , , , 3.618, 0.0078889, , , , , , , , , , , , , , , , , , , , , , , , , , , , 
3.6185192, 0.0382696, , , , , , , 3.6185192, 0.0354162, , , , , , , 3.6185192, 0.0636149, , , , , , , 3.6185192, 0.0119173, , , , , , , , , , , , , , , , , , , , , , , , , , , , 
3.6190385, 0.0387732, , , , , , , 3.6190385, 0.008896, , , , , , , 3.6190385, 0.0683146, , , , , , , 3.6190385, 0.0132601, , , , , , , , , , , , , , , , , , , , , , , , , , , , 
3.6195577, 0.0354162, , , , , , , 3.6195577, 0.0193027, , , , , , , 3.6195577, 0.0616007, , , , , , , 3.6195577, 0.0146029, , , , , , , , , , , , , , , , , , , , , , , , , , , , 
3.6200769, 0.0337377, , , , , , , 3.6200769, 0.0327306, , , , , , , 3.6200769, 0.0475013, , , , , , , 3.6200769, 0.0179599, , , , , , , , , , , , , , , , , , , , , , , , , , , , 
3.6205962, 0.0337377, , , , , , , 3.6205962, 0.030045, , , , , , , 3.6205962, 0.0307164, , , , , , , 3.6205962, 0.0199741, , , , , , , , , , , , , , , , , , , , , , , , , , , , 
3.6211154, 0.0345769, , , , , , , 3.6211154, 0.0293736, , , , , , , 3.6211154, 0.0186313, , , , , , , 3.6211154, 0.0198062, , , , , , , , , , , , , , , , , , , , , , , , , , , , 
3.6216346, 0.0337377, , , , , , , 3.6216346, 0.0297093, , , , , , , 3.6216346, 0.0105745, , , , , , , 3.6216346, 0.018967, , , , , , , , , , , , , , , , , , , , , , , , , , , , 
3.6221538, 0.0303807, , , , , , , 3.6221538, 0.0041962, , , , , , , 3.6221538, 0.002182, , , , , , , 3.6221538, 0.0159457, , , , , , , , , , , , , , , , , , , , , , , , , , , , 
3.6226731, 0.026688, , , , , , , 3.6226731, -0.0488441, , , , , , , 3.6226731, -0.0115816, , , , , , , 3.6226731, 0.0115816, , , , , , , , , , , , , , , , , , , , , , , , , , , , 
3.6231923, 0.0318914, , , , , , , 3.6231923, -0.0850996, , , , , , , 3.6231923, -0.0344091, , , , , , , 3.6231923, 0.0099031, , , , , , , , , , , , , , , , , , , , , , , , , , , , 
3.6237115, 0.0459907, , , , , , , 3.6237115, -0.0944991, , , , , , , 3.6237115, -0.0642863, , , , , , , 3.6237115, 0.0112459, , , , , , , , , , , , , , , , , , , , , , , , , , , , 
3.6242308, 0.0548867, , , , , , , 3.6242308, -0.0981918, , , , , , , 3.6242308, -0.0956741, , , , , , , 3.6242308, 0.0132601, , , , , , , , , , , , , , , , , , , , , , , , , , , , 
3.62475, 0.0560616, , , , , , , 3.62475, -0.093492, , , , , , , 3.62475, -0.1169909, , , , , , , 3.62475, 0.0162814, , , , , , , , , , , , , , , , , , , , , , , , , , , , 
3.6252692, 0.0582437, , , , , , , 3.6252692, -0.0743572, , , , , , , 3.6252692, -0.1190051, , , , , , , 3.6252692, 0.0172885, , , , , , , , , , , , , , , , , , , , , , , , , , , , 
3.6257885, 0.0629435, , , , , , , 3.6257885, -0.0486763, , , , , , , 3.6257885, -0.1084306, , , , , , , 3.6257885, 0.0159457, , , , , , , , , , , , , , , , , , , , , , , , , , , , 
3.6263077, 0.0616007, , , , , , , 3.6263077, -0.0250095, , , , , , , 3.6263077, -0.0995346, , , , , , , 3.6263077, 0.0099031, , , , , , , , , , , , , , , , , , , , , , , , , , , , 
3.6268269, 0.0555581, , , , , , , 3.6268269, -0.0063783, , , , , , , 3.6268269, -0.0918135, , , , , , , 3.6268269, 0.0052033, , , , , , , , , , , , , , , , , , , , , , , , , , , , 
3.6273462, 0.0454871, , , , , , , 3.6273462, 0.0038605, , , , , , , 3.6273462, -0.0807355, , , , , , , 3.6273462, 0.0085603, , , , , , , , , , , , , , , , , , , , , , , , , , , , 
3.6278654, 0.0354162, , , , , , , 3.6278654, 0.0070497, , , , , , , 3.6278654, -0.0686503, , , , , , , 3.6278654, 0.0149386, , , , , , , , , , , , , , , , , , , , , , , , , , , , 
3.6283846, 0.0292058, , , , , , , 3.6283846, 0.0095674, , , , , , , 3.6283846, -0.0609293, , , , , , , 3.6283846, 0.0176242, , , , , , , , , , , , , , , , , , , , , , , , , , , , 
3.6289038, 0.0213169, , , , , , , 3.6289038, 0.0119173, , , , , , , 3.6289038, -0.0595865, , , , , , , 3.6289038, 0.0172885, , , , , , , , , , , , , , , , , , , , , , , , , , , , 
3.6294231, 0.008896, , , , , , , 3.6294231, 0.0130922, , , , , , , 3.6294231, -0.0592508, , , , , , , 3.6294231, 0.0159457, , , , , , , , , , , , , , , , , , , , , , , , , , , , 
3.6299423, -0.0045319, , , , , , , 3.6299423, 0.0092317, , , , , , , 3.6299423, -0.0542153, , , , , , , 3.6299423, 0.0159457, , , , , , , , , , , , , , , , , , , , , , , , , , , , 
3.6304615, -0.0176242, , , , , , , 3.6304615, 0.0087282, , , , , , , 3.6304615, -0.0454871, , , , , , , 3.6304615, 0.0164492, , , , , , , , , , , , , , , , , , , , , , , , , , , , 
3.6309808, -0.0226596, , , , , , , 3.6309808, 0.0115816, , , , , , , 3.6309808, -0.0340734, , , , , , , 3.6309808, 0.0184634, , , , , , , , , , , , , , , , , , , , , , , , , , , , 
3.6315, -0.0243381, , , , , , , 3.6315, 0.0132601, , , , , , , 3.6315, -0.0162814, , , , , , , 3.6315, 0.0213169, , , , , , , , , , , , , , , , , , , , , , , , , , , , 
3.6320192, -0.030045, , , , , , , 3.6320192, 0.0146029, , , , , , , 3.6320192, 0.002182, , , , , , , 3.6320192, 0.0206455, , , , , , , , , , , , , , , , , , , , , , , , , , , , 
3.6325385, -0.0381018, , , , , , , 3.6325385, 0.0157778, , , , , , , 3.6325385, 0.0132601, , , , , , , 3.6325385, 0.0179599, , , , , , , , , , , , , , , , , , , , , , , , , , , , 
3.6330577, -0.0414588, , , , , , , 3.6330577, 0.0078889, , , , , , , 3.6330577, 0.0213169, , , , , , , 3.6330577, 0.0159457, , , , , , , , , , , , , , , , , , , , , , , , , , , , 
3.6335769, -0.0370947, , , , , , , 3.6335769, -0.0030213, , , , , , , 3.6335769, 0.0240024, , , , , , , 3.6335769, 0.0152743, , , , , , , , , , , , , , , , , , , , , , , , , , , , 
3.6340962, -0.0270237, , , , , , , 3.6340962, -0.008896, , , , , , , 3.6340962, 0.0139315, , , , , , , 3.6340962, 0.0196384, , , , , , , , , , , , , , , , , , , , , , , , , , , , 
3.6346154, -0.0162814, , , , , , , 3.6346154, -0.0149386, , , , , , , 3.6346154, 0.003357, , , , , , , 3.6346154, 0.0293736, , , , , , , , , , , , , , , , , , , , , , , , , , , , 
3.6351346, -0.0058747, , , , , , , 3.6351346, -0.024506, , , , , , , 3.6351346, 0.0050355, , , , , , , 3.6351346, 0.0372625, , , , , , , , , , , , , , , , , , , , , , , , , , , , 
3.6356538, -0.0041962, , , , , , , 3.6356538, -0.0280308, , , , , , , 3.6356538, 0.0176242, , , , , , , 3.6356538, 0.0370947, , , , , , , , , , , , , , , , , , , , , , , , , , , , 
3.6361731, -0.008896, , , , , , , 3.6361731, -0.0196384, , , , , , , 3.6361731, 0.0273594, , , , , , , 3.6361731, 0.03122, , , , , , , , , , , , , , , , , , , , , , , , , , , , 
3.6366923, -0.0099031, , , , , , , 3.6366923, -0.0062104, , , , , , , 3.6366923, 0.0263523, , , , , , , 3.6366923, 0.0246738, , , , , , , , , , , , , , , , , , , , , , , , , , , , 
3.6372115, -0.008896, , , , , , , 3.6372115, 0.0109102, , , , , , , 3.6372115, 0.0109102, , , , , , , 3.6372115, 0.0216526, , , , , , , , , , , , , , , , , , , , , , , , , , , , 
3.6377308, -0.0072175, , , , , , , 3.6377308, 0.0226596, , , , , , , 3.6377308, -0.0115816, , , , , , , 3.6377308, 0.0172885, , , , , , , , , , , , , , , , , , , , , , , , , , , , 
3.63825, -0.0016785, , , , , , , 3.63825, 0.026688, , , , , , , 3.63825, -0.0270237, , , , , , , 3.63825, 0.0104067, , , , , , , , , , , , , , , , , , , , , , , , , , , , 
3.6387692, 0.0052033, , , , , , , 3.6387692, 0.040116, , , , , , , 3.6387692, -0.0323949, , , , , , , 3.6387692, 0.0052033, , , , , , , , , , , , , , , , , , , , , , , , , , , , 
3.6392885, 0.0135958, , , , , , , 3.6392885, 0.0673075, , , , , , , 3.6392885, -0.0354162, , , , , , , 3.6392885, 0.002182, , , , , , , , , , , , , , , , , , , , , , , , , , , , 
3.6398077, 0.0181277, , , , , , , 3.6398077, 0.0839246, , , , , , , 3.6398077, -0.0350805, , , , , , , 3.6398077, 0.0008392, , , , , , , , , , , , , , , , , , , , , , , , , , , , 
3.6403269, 0.021149, , , , , , , 3.6403269, 0.0782177, , , , , , , 3.6403269, -0.0270237, , , , , , , 3.6403269, 0.0038605, , , , , , , , , , , , , , , , , , , , , , , , , , , , 
3.6408462, 0.026688, , , , , , , 3.6408462, 0.0525368, , , , , , , 3.6408462, -0.0109102, , , , , , , 3.6408462, 0.0085603, , , , , , , , , , , , , , , , , , , , , , , , , , , , 
3.6413654, 0.0344091, , , , , , , 3.6413654, 0.0223239, , , , , , , 3.6413654, 0.0092317, , , , , , , 3.6413654, 0.0105745, , , , , , , , , , , , , , , , , , , , , , , , , , , , 
3.6418846, 0.0387732, , , , , , , 3.6418846, 0.0062104, , , , , , , 3.6418846, 0.0303807, , , , , , , 3.6418846, 0.011078, , , , , , , , , , , , , , , , , , , , , , , , , , , , 
3.6424038, 0.0414588, , , , , , , 3.6424038, -0.0050355, , , , , , , 3.6424038, 0.0515297, , , , , , , 3.6424038, 0.0085603, , , , , , , , , , , , , , , , , , , , , , , , , , , , 
3.6429231, 0.0384375, , , , , , , 3.6429231, -0.0135958, , , , , , , 3.6429231, 0.0728466, , , , , , , 3.6429231, 0.005539, , , , , , , , , , , , , , , , , , , , , , , , , , , , 
3.6434423, 0.0394446, , , , , , , 3.6434423, -0.0010071, , , , , , , 3.6434423, 0.0961776, , , , , , , 3.6434423, -0.0001678, , , , , , , , , , , , , , , , , , , , , , , , , , , , 
3.6439615, 0.0505226, , , , , , , 3.6439615, 0.0186313, , , , , , , 3.6439615, 0.1238727, , , , , , , 3.6439615, -0.0048676, , , , , , , , , , , , , , , , , , , , , , , , , , , , 
3.6444808, 0.0619364, , , , , , , 3.6444808, 0.0149386, , , , , , , 3.6444808, 0.1401541, , , , , , , 3.6444808, -0.0075532, , , , , , , , , , , , , , , , , , , , , , , , , , , , 
3.645, 0.0674754, , , , , , , 3.645, -0.0209812, , , , , , , 3.645, 0.1346151, , , , , , , 3.645, -0.0115816, , , , , , , , , , , , , , , , , , , , , , , , , , , , 
3.6455192, 0.0649577, , , , , , , 3.6455192, -0.0693217, , , , , , , 3.6455192, 0.1149767, , , , , , , 3.6455192, -0.0125887, , , , , , , , , , , , , , , , , , , , , , , , , , , , 
3.6460385, 0.0622721, , , , , , , 3.6460385, -0.1075914, , , , , , , 3.6460385, 0.0950027, , , , , , , 3.6460385, -0.008896, , , , , , , , , , , , , , , , , , , , , , , , , , , , 
3.6465577, 0.0582437, , , , , , , 3.6465577, -0.1263905, , , , , , , 3.6465577, 0.0773785, , , , , , , 3.6465577, -0.0028534, , , , , , , , , , , , , , , , , , , , , , , , , , , , 
3.6470769, 0.0506905, , , , , , , 3.6470769, -0.1284047, , , , , , , 3.6470769, 0.0501869, , , , , , , 3.6470769, 0.0057069, , , , , , , , , , , , , , , , , , , , , , , , , , , , 
3.6475962, 0.0404517, , , , , , , 3.6475962, -0.1257191, , , , , , , 3.6475962, 0.0132601, , , , , , , 3.6475962, 0.0125887, , , , , , , , , , , , , , , , , , , , , , , , , , , , 
3.6481154, 0.0320592, , , , , , , 3.6481154, -0.1156481, , , , , , , 3.6481154, -0.0219883, , , , , , , 3.6481154, 0.0166171, , , , , , , , , , , , , , , , , , , , , , , , , , , , 
3.6486346, 0.0224918, , , , , , , 3.6486346, -0.0943313, , , , , , , 3.6486346, -0.0461585, , , , , , , 3.6486346, 0.0172885, , , , , , , , , , , , , , , , , , , , , , , , , , , , 
3.6491538, 0.0169528, , , , , , , 3.6491538, -0.0862745, , , , , , , 3.6491538, -0.064622, , , , , , , 3.6491538, 0.0139315, , , , , , , , , , , , , , , , , , , , , , , , , , , , 
3.6496731, 0.0119173, , , , , , , 3.6496731, -0.0887922, , , , , , , 3.6496731, -0.0817426, , , , , , , 3.6496731, 0.0129244, , , , , , , , , , , , , , , , , , , , , , , , , , , , 
3.6501923, 0.0015106, , , , , , , 3.6501923, -0.0659648, , , , , , , 3.6501923, -0.100206, , , , , , , 3.6501923, 0.0152743, , , , , , , , , , , , , , , , , , , , , , , , , , , , 
3.6507115, -0.010071, , , , , , , 3.6507115, -0.0172885, , , , , , , 3.6507115, -0.1211872, , , , , , , 3.6507115, 0.0169528, , , , , , , , , , , , , , , , , , , , , , , , , , , , 
3.6512308, -0.0169528, , , , , , , 3.6512308, 0.0186313, , , , , , , 3.6512308, -0.1414969, , , , , , , 3.6512308, 0.0196384, , , , , , , , , , , , , , , , , , , , , , , , , , , , 
3.65175, -0.0258488, , , , , , , 3.65175, 0.0152743, , , , , , , 3.65175, -0.1606317, , , , , , , 3.65175, 0.0243381, , , , , , , , , , , , , , , , , , , , , , , , , , , , 
3.6522692, -0.036759, , , , , , , 3.6522692, -0.0062104, , , , , , , 3.6522692, -0.1760739, , , , , , , 3.6522692, 0.0293736, , , , , , , , , , , , , , , , , , , , , , , , , , , , 
3.6527885, -0.0412909, , , , , , , 3.6527885, 0.0048676, , , , , , , 3.6527885, -0.1757382, , , , , , , 3.6527885, 0.033402, , , , , , , , , , , , , , , , , , , , , , , , , , , , 
3.6533077, -0.0438087, , , , , , , 3.6533077, 0.0387732, , , , , , , 3.6533077, -0.1586175, , , , , , , 3.6533077, 0.0360876, , , , , , , , , , , , , , , , , , , , , , , , , , , , 
3.6538269, -0.0419623, , , , , , , 3.6538269, 0.0626078, , , , , , , 3.6538269, -0.1327687, , , , , , , 3.6538269, 0.0345769, , , , , , , , , , , , , , , , , , , , , , , , , , , , 
3.6543462, -0.0344091, , , , , , , 3.6543462, 0.0713359, , , , , , , 3.6543462, -0.1049058, , , , , , , 3.6543462, 0.0325628, , , , , , , , , , , , , , , , , , , , , , , , , , , , 
3.6548654, -0.0253452, , , , , , , 3.6548654, 0.0693217, , , , , , , 3.6548654, -0.0753643, , , , , , , 3.6548654, 0.0307164, , , , , , , , , , , , , , , , , , , , , , , , , , , , 
3.6553846, -0.018967, , , , , , , 3.6553846, 0.0574044, , , , , , , 3.6553846, -0.0493477, , , , , , , 3.6553846, 0.0303807, , , , , , , , , , , , , , , , , , , , , , , , , , , , 
3.6559038, -0.0105745, , , , , , , 3.6559038, 0.0307164, , , , , , , 3.6559038, -0.0318914, , , , , , , 3.6559038, 0.0307164, , , , , , , , , , , , , , , , , , , , , , , , , , , , 
3.6564231, 0.0011749, , , , , , , 3.6564231, 0.0041962, , , , , , , 3.6564231, -0.0213169, , , , , , , 3.6564231, 0.0327306, , , , , , , , , , , , , , , , , , , , , , , , , , , , 
3.6569423, 0.011078, , , , , , , 3.6569423, 0.0162814, , , , , , , 3.6569423, -0.0099031, , , , , , , 3.6569423, 0.0384375, , , , , , , , , , , , , , , , , , , , , , , , , , , , 
3.6574615, 0.0151064, , , , , , , 3.6574615, 0.0488441, , , , , , , 3.6574615, 0.0031891, , , , , , , 3.6574615, 0.0441444, , , , , , , , , , , , , , , , , , , , , , , , , , , , 
3.6579808, 0.0162814, , , , , , , 3.6579808, 0.0575723, , , , , , , 3.6579808, 0.0146029, , , , , , , 3.6579808, 0.0407874, , , , , , , , , , , , , , , , , , , , , , , , , , , , 
3.6585, 0.0199741, , , , , , , 3.6585, 0.0387732, , , , , , , 3.6585, 0.0226596, , , , , , , 3.6585, 0.033402, , , , , , , , , , , , , , , , , , , , , , , , , , , , 
3.6590192, 0.0216526, , , , , , , 3.6590192, 0.0297093, , , , , , , 3.6590192, 0.0271916, , , , , , , 3.6590192, 0.0260166, , , , , , , , , , , , , , , , , , , , , , , , , , , , 
3.6595385, 0.021149, , , , , , , 3.6595385, 0.0246738, , , , , , , 3.6595385, 0.0307164, , , , , , , 3.6595385, 0.0179599, , , , , , , , , , , , , , , , , , , , , , , , , , , , 
3.6600577, 0.0172885, , , , , , , 3.6600577, -0.0008392, , , , , , , 3.6600577, 0.0360876, , , , , , , 3.6600577, 0.0102388, , , , , , , , , , , , , , , , , , , , , , , , , , , , 
3.6605769, 0.0146029, , , , , , , 3.6605769, -0.0461585, , , , , , , 3.6605769, 0.0468299, , , , , , , 3.6605769, 0.0031891, , , , , , , , , , , , , , , , , , , , , , , , , , , , 
3.6610962, 0.0172885, , , , , , , 3.6610962, -0.0864424, , , , , , , 3.6610962, 0.0594186, , , , , , , 3.6610962, 0.0015106, , , , , , , , , , , , , , , , , , , , , , , , , , , , 
3.6616154, 0.021149, , , , , , , 3.6616154, -0.1055772, , , , , , , 3.6616154, 0.0730144, , , , , , , 3.6616154, -0.0001678, , , , , , , , , , , , , , , , , , , , , , , , , , , , 
3.6621346, 0.0216526, , , , , , , 3.6621346, -0.1028916, , , , , , , 3.6621346, 0.0844282, , , , , , , 3.6621346, -0.0065461, , , , , , , , , , , , , , , , , , , , , , , , , , , , 
3.6626538, 0.0196384, , , , , , , 3.6626538, -0.0956741, , , , , , , 3.6626538, 0.0911421, , , , , , , 3.6626538, -0.0142672, , , , , , , , , , , , , , , , , , , , , , , , , , , , 
3.6631731, 0.0226596, , , , , , , 3.6631731, -0.0971847, , , , , , , 3.6631731, 0.0985275, , , , , , , 3.6631731, -0.0203098, , , , , , , , , , , , , , , , , , , , , , , , , , , , 
3.6636923, 0.0365911, , , , , , , 3.6636923, -0.0981918, , , , , , , 3.6636923, 0.1052415, , , , , , , 3.6636923, -0.0251774, , , , , , , , , , , , , , , , , , , , , , , , , , , , 
3.6642115, 0.0501869, , , , , , , 3.6642115, -0.0914778, , , , , , , 3.6642115, 0.1072557, , , , , , , 3.6642115, -0.0273594, , , , , , , , , , , , , , , , , , , , , , , , , , , , 
3.6647308, 0.0565652, , , , , , , 3.6647308, -0.0777142, , , , , , , 3.6647308, 0.0988632, , , , , , , 3.6647308, -0.0276951, , , , , , , , , , , , , , , , , , , , , , , , , , , , 
3.66525, 0.0642863, , , , , , , 3.66525, -0.0560616, , , , , , , 3.66525, 0.0770428, , , , , , , 3.66525, -0.0303807, , , , , , , , , , , , , , , , , , , , , , , , , , , , 
3.6657692, 0.0767071, , , , , , , 3.6657692, -0.0292058, , , , , , , 3.6657692, 0.0458228, , , , , , , 3.6657692, -0.0302129, , , , , , , , , , , , , , , , , , , , , , , , , , , , 
3.6662885, 0.0840925, , , , , , , 3.6662885, -0.0018463, , , , , , , 3.6662885, 0.0124208, , , , , , , 3.6662885, -0.0270237, , , , , , , , , , , , , , , , , , , , , , , , , , , , 
3.6668077, 0.0770428, , , , , , , 3.6668077, 0.0172885, , , , , , , 3.6668077, -0.0112459, , , , , , , 3.6668077, -0.0216526, , , , , , , , , , , , , , , , , , , , , , , , , , , , 
3.6673269, 0.0652934, , , , , , , 3.6673269, 0.0246738, , , , , , , 3.6673269, -0.0216526, , , , , , , 3.6673269, -0.0149386, , , , , , , , , , , , , , , , , , , , , , , , , , , , 
3.6678462, 0.0565652, , , , , , , 3.6678462, 0.027863, , , , , , , 3.6678462, -0.0246738, , , , , , , 3.6678462, -0.0072175, , , , , , , , , , , , , , , , , , , , , , , , , , , , 
3.6683654, 0.0498512, , , , , , , 3.6683654, 0.0307164, , , , , , , 3.6683654, -0.0258488, , , , , , , 3.6683654, -0.0018463, , , , , , , , , , , , , , , , , , , , , , , , , , , , 
3.6688846, 0.0404517, , , , , , , 3.6688846, 0.0287022, , , , , , , 3.6688846, -0.0273594, , , , , , , 3.6688846, 0.0050355, , , , , , , , , , , , , , , , , , , , , , , , , , , , 
3.6694038, 0.0260166, , , , , , , 3.6694038, 0.0276951, , , , , , , 3.6694038, -0.0364233, , , , , , , 3.6694038, 0.0132601, , , , , , , , , , , , , , , , , , , , , , , , , , , , 
3.6699231, 0.0062104, , , , , , , 3.6699231, 0.0276951, , , , , , , 3.6699231, -0.0475013, , , , , , , 3.6699231, 0.0203098, , , , , , , , , , , , , , , , , , , , , , , , , , , , 
3.6704423, -0.0097353, , , , , , , 3.6704423, 0.0273594, , , , , , , 3.6704423, -0.0458228, , , , , , , 3.6704423, 0.0293736, , , , , , , , , , , , , , , , , , , , , , , , , , , , 
3.6709615, -0.0236667, , , , , , , 3.6709615, 0.0345769, , , , , , , 3.6709615, -0.0302129, , , , , , , 3.6709615, 0.0414588, , , , , , , , , , , , , , , , , , , , , , , , , , , , 
3.6714808, -0.0397803, , , , , , , 3.6714808, 0.0616007, , , , , , , 3.6714808, -0.0182956, , , , , , , 3.6714808, 0.0569009, , , , , , , , , , , , , , , , , , , , , , , , , , , , 
3.672, -0.047837, , , , , , , 3.672, 0.0951705, , , , , , , 3.672, -0.0209812, , , , , , , 3.672, 0.0699931, , , , , , , , , , , , , , , , , , , , , , , , , , , , 
3.6725192, -0.0508583, , , , , , , 3.6725192, 0.1040665, , , , , , , 3.6725192, -0.0344091, , , , , , , 3.6725192, 0.0720073, , , , , , , , , , , , , , , , , , , , , , , , , , , , 
3.6730385, -0.0501869, , , , , , , 3.6730385, 0.0911421, , , , , , , 3.6730385, -0.0518654, , , , , , , 3.6730385, 0.0661326, , , , , , , , , , , , , , , , , , , , , , , , , , , , 
3.6735577, -0.0417945, , , , , , , 3.6735577, 0.085771, , , , , , , 3.6735577, -0.068986, , , , , , , 3.6735577, 0.0580758, , , , , , , , , , , , , , , , , , , , , , , , , , , , 
3.6740769, -0.0258488, , , , , , , 3.6740769, 0.093492, , , , , , , 3.6740769, -0.0827497, , , , , , , 3.6740769, 0.0468299, , , , , , , , , , , , , , , , , , , , , , , , , , , , 
3.6745962, -0.0112459, , , , , , , 3.6745962, 0.0773785, , , , , , , 3.6745962, -0.0891279, , , , , , , 3.6745962, 0.0337377, , , , , , , , , , , , , , , , , , , , , , , , , , , , 
3.6751154, -0.0041962, , , , , , , 3.6751154, 0.0307164, , , , , , , 3.6751154, -0.085771, , , , , , , 3.6751154, 0.0219883, , , , , , , , , , , , , , , , , , , , , , , , , , , , 
3.6756346, -0.0028534, , , , , , , 3.6756346, -0.0223239, , , , , , , 3.6756346, -0.0809033, , , , , , , 3.6756346, 0.0139315, , , , , , , , , , , , , , , , , , , , , , , , , , , , 
3.6761538, -0.0058747, , , , , , , 3.6761538, -0.0710002, , , , , , , 3.6761538, -0.0763714, , , , , , , 3.6761538, 0.0105745, , , , , , , , , , , , , , , , , , , , , , , , , , , , 
3.6766731, -0.0135958, , , , , , , 3.6766731, -0.1149767, , , , , , , 3.6766731, -0.0720073, , , , , , , 3.6766731, 0.0075532, , , , , , , , , , , , , , , , , , , , , , , , , , , , 
3.6771923, -0.0172885, , , , , , , 3.6771923, -0.1519036, , , , , , , 3.6771923, -0.0710002, , , , , , , 3.6771923, 0.0036927, , , , , , , , , , , , , , , , , , , , , , , , , , , , 
3.6777115, -0.0176242, , , , , , , 3.6777115, -0.1757382, , , , , , , 3.6777115, -0.0663005, , , , , , , 3.6777115, 0.0052033, , , , , , , , , , , , , , , , , , , , , , , , , , , , 
3.6782308, -0.0176242, , , , , , , 3.6782308, -0.1683528, , , , , , , 3.6782308, -0.0475013, , , , , , , 3.6782308, 0.0092317, , , , , , , , , , , , , , , , , , , , , , , , , , , , 
3.67875, -0.0162814, , , , , , , 3.67875, -0.1223621, , , , , , , 3.67875, -0.0182956, , , , , , , 3.67875, 0.0112459, , , , , , , , , , , , , , , , , , , , , , , , , , , , 
3.6792692, -0.0075532, , , , , , , 3.6792692, -0.0683146, , , , , , , 3.6792692, 0.0068818, , , , , , , 3.6792692, 0.0109102, , , , , , , , , , , , , , , , , , , , , , , , , , , , 
3.6797885, 0.0052033, , , , , , , 3.6797885, -0.0399481, , , , , , , 3.6797885, 0.0250095, , , , , , , 3.6797885, 0.0048676, , , , , , , , , , , , , , , , , , , , , , , , , , , , 
3.6803077, 0.0052033, , , , , , , 3.6803077, -0.0379339, , , , , , , 3.6803077, 0.0407874, , , , , , , 3.6803077, 0.0001678, , , , , , , , , , , , , , , , , , , , , , , , , , , , 
3.6808269, 0.0005035, , , , , , , 3.6808269, -0.04448, , , , , , , 3.6808269, 0.0569009, , , , , , , 3.6808269, -0.0015106, , , , , , , , , , , , , , , , , , , , , , , , , , , , 
3.6813462, 0.0052033, , , , , , , 3.6813462, -0.04448, , , , , , , 3.6813462, 0.066804, , , , , , , 3.6813462, -0.0025177, , , , , , , , , , , , , , , , , , , , , , , , , , , , 
3.6818654, 0.0167849, , , , , , , 3.6818654, -0.0381018, , , , , , , 3.6818654, 0.0696574, , , , , , , 3.6818654, -0.0031891, , , , , , , , , , , , , , , , , , , , , , , , , , , , 
3.6823846, 0.023331, , , , , , , 3.6823846, -0.0310521, , , , , , , 3.6823846, 0.0661326, , , , , , , 3.6823846, -0.0058747, , , , , , , , , , , , , , , , , , , , , , , , , , , , 
3.6829038, 0.0283665, , , , , , , 3.6829038, -0.0226596, , , , , , , 3.6829038, 0.0599222, , , , , , , 3.6829038, -0.008896, , , , , , , , , , , , , , , , , , , , , , , , , , , , 
3.6834231, 0.0391089, , , , , , , 3.6834231, -0.0099031, , , , , , , 3.6834231, 0.0562295, , , , , , , 3.6834231, -0.0119173, , , , , , , , , , , , , , , , , , , , , , , , , , , , 
3.6839423, 0.0547189, , , , , , , 3.6839423, 0.0052033, , , , , , , 3.6839423, 0.0481727, , , , , , , 3.6839423, -0.0152743, , , , , , , , , , , , , , , , , , , , , , , , , , , , 
3.6844615, 0.0629435, , , , , , , 3.6844615, 0.0193027, , , , , , , 3.6844615, 0.0374304, , , , , , , 3.6844615, -0.01561, , , , , , , , , , , , , , , , , , , , , , , , , , , , 
3.6849808, 0.0642863, , , , , , , 3.6849808, 0.033402, , , , , , , 3.6849808, 0.0330663, , , , , , , 3.6849808, -0.0166171, , , , , , , , , , , , , , , , , , , , , , , , , , , , 
3.6855, 0.0699931, , , , , , , 3.6855, 0.0582437, , , , , , , 3.6855, 0.0357519, , , , , , , 3.6855, -0.0149386, , , , , , , , , , , , , , , , , , , , , , , , , , , , 
3.6860192, 0.0783856, , , , , , , 3.6860192, 0.0817426, , , , , , , 3.6860192, 0.0391089, , , , , , , 3.6860192, -0.0125887, , , , , , , , , , , , , , , , , , , , , , , , , , , , 
3.6865385, 0.0809033, , , , , , , 3.6865385, 0.0864424, , , , , , , 3.6865385, 0.0461585, , , , , , , 3.6865385, -0.0115816, , , , , , , , , , , , , , , , , , , , , , , , , , , , 
3.6870577, 0.0696574, , , , , , , 3.6870577, 0.082414, , , , , , , 3.6870577, 0.0585794, , , , , , , 3.6870577, -0.0099031, , , , , , , , , , , , , , , , , , , , , , , , , , , , 
3.6875769, 0.0532082, , , , , , , 3.6875769, 0.0807355, , , , , , , 3.6875769, 0.0696574, , , , , , , 3.6875769, -0.008896, , , , , , , , , , , , , , , , , , , , , , , , , , , , 
3.6880962, 0.0428016, , , , , , , 3.6880962, 0.0679789, , , , , , , 3.6880962, 0.0750286, , , , , , , 3.6880962, -0.0065461, , , , , , , , , , , , , , , , , , , , , , , , , , , , 
3.6886154, 0.036759, , , , , , , 3.6886154, 0.0421302, , , , , , , 3.6886154, 0.0740215, , , , , , , 3.6886154, -0.0001678, , , , , , , , , , , , , , , , , , , , , , , , , , , , 
3.6891346, 0.0310521, , , , , , , 3.6891346, 0.0226596, , , , , , , 3.6891346, 0.0696574, , , , , , , 3.6891346, 0.0072175, , , , , , , , , , , , , , , , , , , , , , , , , , , , 
3.6896538, 0.0199741, , , , , , , 3.6896538, 0.021149, , , , , , , 3.6896538, 0.0574044, , , , , , , 3.6896538, 0.0140993, , , , , , , , , , , , , , , , , , , , , , , , , , , , 
3.6901731, 0.0075532, , , , , , , 3.6901731, 0.021149, , , , , , , 3.6901731, 0.0360876, , , , , , , 3.6901731, 0.0226596, , , , , , , , , , , , , , , , , , , , , , , , , , , , 
3.6906923, -0.0057069, , , , , , , 3.6906923, 0.0015106, , , , , , , 3.6906923, 0.012253, , , , , , , 3.6906923, 0.0307164, , , , , , , , , , , , , , , , , , , , , , , , , , , , 
3.6912115, -0.0171206, , , , , , , 3.6912115, -0.0265202, , , , , , , 3.6912115, -0.0129244, , , , , , , 3.6912115, 0.0354162, , , , , , , , , , , , , , , , , , , , , , , , , , , , 
3.6917308, -0.0253452, , , , , , , 3.6917308, -0.0350805, , , , , , , 3.6917308, -0.0377661, , , , , , , 3.6917308, 0.0391089, , , , , , , , , , , , , , , , , , , , , , , , , , , , 
3.69225, -0.0347448, , , , , , , 3.69225, -0.0206455, , , , , , , 3.69225, -0.0609293, , , , , , , 3.69225, 0.0428016, , , , , , , , , , , , , , , , , , , , , , , , , , , , 
3.6927692, -0.0417945, , , , , , , 3.6927692, -0.0078889, , , , , , , 3.6927692, -0.0867781, , , , , , , 3.6927692, 0.0454871, , , , , , , , , , , , , , , , , , , , , , , , , , , , 
3.6932885, -0.0360876, , , , , , , 3.6932885, -0.012253, , , , , , , 3.6932885, -0.1190051, , , , , , , 3.6932885, 0.0454871, , , , , , , , , , , , , , , , , , , , , , , , , , , , 
3.6938077, -0.0256809, , , , , , , 3.6938077, -0.0256809, , , , , , , 3.6938077, -0.1451896, , , , , , , 3.6938077, 0.04448, , , , , , , , , , , , , , , , , , , , , , , , , , , , 
3.6943269, -0.0199741, , , , , , , 3.6943269, -0.0310521, , , , , , , 3.6943269, -0.1555962, , , , , , , 3.6943269, 0.0417945, , , , , , , , , , , , , , , , , , , , , , , , , , , , 
3.6948462, -0.01561, , , , , , , 3.6948462, -0.0263523, , , , , , , 3.6948462, -0.1613031, , , , , , , 3.6948462, 0.0377661, , , , , , , , , , , , , , , , , , , , , , , , , , , , 
3.6953654, -0.0112459, , , , , , , 3.6953654, -0.0213169, , , , , , , 3.6953654, -0.1666743, , , , , , , 3.6953654, 0.0337377, , , , , , , , , , , , , , , , , , , , , , , , , , , , 
3.6958846, -0.0104067, , , , , , , 3.6958846, -0.024506, , , , , , , 3.6958846, -0.1613031, , , , , , , 3.6958846, 0.0344091, , , , , , , , , , , , , , , , , , , , , , , , , , , , 
3.6964038, -0.0092317, , , , , , , 3.6964038, -0.0229953, , , , , , , 3.6964038, -0.1418326, , , , , , , 3.6964038, 0.0391089, , , , , , , , , , , , , , , , , , , , , , , , , , , , 
3.6969231, -0.0068818, , , , , , , 3.6969231, -0.0152743, , , , , , , 3.6969231, -0.1122911, , , , , , , 3.6969231, 0.0433051, , , , , , , , , , , , , , , , , , , , , , , , , , , , 
3.6974423, -0.005539, , , , , , , 3.6974423, -0.0072175, , , , , , , 3.6974423, -0.0767071, , , , , , , 3.6974423, 0.04448, , , , , , , , , , , , , , , , , , , , , , , , , , , , 
3.6979615, -0.0031891, , , , , , , 3.6979615, -0.0015106, , , , , , , 3.6979615, -0.033402, , , , , , , 3.6979615, 0.0404517, , , , , , , , , , , , , , , , , , , , , , , , , , , , 
3.6984808, 0.0030213, , , , , , , 3.6984808, 0.0003357, , , , , , , 3.6984808, 0.0057069, , , , , , , 3.6984808, 0.030045, , , , , , , , , , , , , , , , , , , , , , , , , , , , 
3.699, 0.0119173, , , , , , , 3.699, 0.0109102, , , , , , , 3.699, 0.0344091, , , , , , , 3.699, 0.0182956, , , , , , , , , , , , , , , , , , , , , , , , , , , , 
3.6995192, 0.0137636, , , , , , , 3.6995192, 0.0226596, , , , , , , 3.6995192, 0.0572366, , , , , , , 3.6995192, 0.0065461, , , , , , , , , , , , , , , , , , , , , , , , , , , , 
3.7000385, 0.0132601, , , , , , , 3.7000385, 0.0176242, , , , , , , 3.7000385, 0.0767071, , , , , , , 3.7000385, -0.0015106, , , , , , , , , , , , , , , , , , , , , , , , , , , , 
3.7005577, 0.0152743, , , , , , , 3.7005577, 0.0018463, , , , , , , 3.7005577, 0.0894636, , , , , , , 3.7005577, -0.0065461, , , , , , , , , , , , , , , , , , , , , , , , , , , , 
3.7010769, 0.0151064, , , , , , , 3.7010769, -0.01561, , , , , , , 3.7010769, 0.0971847, , , , , , , 3.7010769, -0.0092317, , , , , , , , , , , , , , , , , , , , , , , , , , , , 
3.7015962, 0.0159457, , , , , , , 3.7015962, -0.0256809, , , , , , , 3.7015962, 0.1044022, , , , , , , 3.7015962, -0.0109102, , , , , , , , , , , , , , , , , , , , , , , , , , , , 
3.7021154, 0.0199741, , , , , , , 3.7021154, -0.0310521, , , , , , , 3.7021154, 0.1097734, , , , , , , 3.7021154, -0.0135958, , , , , , , , , , , , , , , , , , , , , , , , , , , , 
3.7026346, 0.026688, , , , , , , 3.7026346, -0.0347448, , , , , , , 3.7026346, 0.1166552, , , , , , , 3.7026346, -0.0142672, , , , , , , , , , , , , , , , , , , , , , , , , , , , 
3.7031538, 0.0391089, , , , , , , 3.7031538, -0.0313878, , , , , , , 3.7031538, 0.117998, , , , , , , 3.7031538, -0.0142672, , , , , , , , , , , , , , , , , , , , , , , , , , , , 
3.7036731, 0.0555581, , , , , , , 3.7036731, -0.012253, , , , , , , 3.7036731, 0.0978561, , , , , , , 3.7036731, -0.0172885, , , , , , , , , , , , , , , , , , , , , , , , , , , , 
3.7041923, 0.0696574, , , , , , , 3.7041923, 0.0105745, , , , , , , 3.7041923, 0.0616007, , , , , , , 3.7041923, -0.0199741, , , , , , , , , , , , , , , , , , , , , , , , , , , , 
3.7047115, 0.0777142, , , , , , , 3.7047115, 0.0213169, , , , , , , 3.7047115, 0.0206455, , , , , , , 3.7047115, -0.0184634, , , , , , , , , , , , , , , , , , , , , , , , , , , , 
3.7052308, 0.082414, , , , , , , 3.7052308, 0.0171206, , , , , , , 3.7052308, -0.0169528, , , , , , , 3.7052308, -0.0162814, , , , , , , , , , , , , , , , , , , , , , , , , , , , 
3.70575, 0.0856031, , , , , , , 3.70575, 0.0072175, , , , , , , 3.70575, -0.0488441, , , , , , , 3.70575, -0.012253, , , , , , , , , , , , , , , , , , , , , , , , , , , , 
3.7062692, 0.0854353, , , , , , , 3.7062692, 0.0045319, , , , , , , 3.7062692, -0.076875, , , , , , , 3.7062692, -0.0035248, , , , , , , , , , , , , , , , , , , , , , , , , , , , 
3.7067885, 0.0809033, , , , , , , 3.7067885, -0.0149386, , , , , , , 3.7067885, -0.103563, , , , , , , 3.7067885, 0.0075532, , , , , , , , , , , , , , , , , , , , , , , , , , , , 
3.7073077, 0.0649577, , , , , , , 3.7073077, -0.064622, , , , , , , 3.7073077, -0.1238727, , , , , , , 3.7073077, 0.0246738, , , , , , , , , , , , , , , , , , , , , , , , , , , , 
3.7078269, 0.0453193, , , , , , , 3.7078269, -0.0958419, , , , , , , 3.7078269, -0.1263905, , , , , , , 3.7078269, 0.0508583, , , , , , , , , , , , , , , , , , , , , , , , , , , , 
3.7083462, 0.026688, , , , , , , 3.7083462, -0.0861067, , , , , , , 3.7083462, -0.1149767, , , , , , , 3.7083462, 0.0760357, , , , , , , , , , , , , , , , , , , , , , , , , , , , 
3.7088654, 0.0092317, , , , , , , 3.7088654, -0.0555581, , , , , , , 3.7088654, -0.1045701, , , , , , , 3.7088654, 0.0854353, , , , , , , , , , , , , , , , , , , , , , , , , , , , 
3.7093846, -0.0028534, , , , , , , 3.7093846, -0.0226596, , , , , , , 3.7093846, -0.1015488, , , , , , , 3.7093846, 0.0783856, , , , , , , , , , , , , , , , , , , , , , , , , , , , 
3.7099038, -0.0149386, , , , , , , 3.7099038, 0.0077211, , , , , , , 3.7099038, -0.096849, , , , , , , 3.7099038, 0.0649577, , , , , , , , , , , , , , , , , , , , , , , , , , , , 
3.7104231, -0.0305486, , , , , , , 3.7104231, 0.0280308, , , , , , , 3.7104231, -0.0743572, , , , , , , 3.7104231, 0.0555581, , , , , , , , , , , , , , , , , , , , , , , , , , , , 
3.7109423, -0.0453193, , , , , , , 3.7109423, 0.0243381, , , , , , , 3.7109423, -0.0417945, , , , , , , 3.7109423, 0.0528725, , , , , , , , , , , , , , , , , , , , , , , , , , , , 
3.7114615, -0.057908, , , , , , , 3.7114615, 0.0025177, , , , , , , 3.7114615, -0.0206455, , , , , , , 3.7114615, 0.0518654, , , , , , , , , , , , , , , , , , , , , , , , , , , , 
3.7119808, -0.0693217, , , , , , , 3.7119808, -0.0169528, , , , , , , 3.7119808, -0.0182956, , , , , , , 3.7119808, 0.0461585, , , , , , , , , , , , , , , , , , , , , , , , , , , , 
3.7125, -0.0770428, , , , , , , 3.7125, -0.0213169, , , , , , , 3.7125, -0.0151064, , , , , , , 3.7125, 0.0387732, , , , , , , , , , , , , , , , , , , , , , , , , , , , 
3.7130192, -0.0837568, , , , , , , 3.7130192, -0.0360876, , , , , , , 3.7130192, -0.0038605, , , , , , , 3.7130192, 0.0317235, , , , , , , , , , , , , , , , , , , , , , , , , , , , 
3.7135385, -0.0877852, , , , , , , 3.7135385, -0.0699931, , , , , , , 3.7135385, 0.0036927, , , , , , , 3.7135385, 0.0240024, , , , , , , , , , , , , , , , , , , , , , , , , , , , 
3.7140577, -0.0807355, , , , , , , 3.7140577, -0.090135, , , , , , , 3.7140577, 0.0065461, , , , , , , 3.7140577, 0.0152743, , , , , , , , , , , , , , , , , , , , , , , , , , , , 
3.7145769, -0.0688182, , , , , , , 3.7145769, -0.079057, , , , , , , 3.7145769, 0.012253, , , , , , , 3.7145769, 0.0075532, , , , , , , , , , , , , , , , , , , , , , , , , , , , 
3.7150962, -0.0555581, , , , , , , 3.7150962, -0.0558938, , , , , , , 3.7150962, 0.01561, , , , , , , 3.7150962, 0.0008392, , , , , , , , , , , , , , , , , , , , , , , , , , , , 
3.7156154, -0.0417945, , , , , , , 3.7156154, -0.0357519, , , , , , , 3.7156154, 0.0164492, , , , , , , 3.7156154, -0.0058747, , , , , , , , , , , , , , , , , , , , , , , , , , , , 
3.7161346, -0.0302129, , , , , , , 3.7161346, -0.0203098, , , , , , , 3.7161346, 0.0166171, , , , , , , 3.7161346, -0.0109102, , , , , , , , , , , , , , , , , , , , , , , , , , , , 
3.7166538, -0.0169528, , , , , , , 3.7166538, -0.005539, , , , , , , 3.7166538, 0.0166171, , , , , , , 3.7166538, -0.0142672, , , , , , , , , , , , , , , , , , , , , , , , , , , , 
3.7171731, -0.0001678, , , , , , , 3.7171731, 0.0008392, , , , , , , 3.7171731, 0.0199741, , , , , , , 3.7171731, -0.0186313, , , , , , , , , , , , , , , , , , , , , , , , , , , , 
3.7176923, 0.0130922, , , , , , , 3.7176923, 0.0038605, , , , , , , 3.7176923, 0.0236667, , , , , , , 3.7176923, -0.0216526, , , , , , , , , , , , , , , , , , , , , , , , , , , , 
3.7182115, 0.0240024, , , , , , , 3.7182115, 0.0219883, , , , , , , 3.7182115, 0.0273594, , , , , , , 3.7182115, -0.0223239, , , , , , , , , , , , , , , , , , , , , , , , , , , , 
3.7187308, 0.0340734, , , , , , , 3.7187308, 0.0498512, , , , , , , 3.7187308, 0.0357519, , , , , , , 3.7187308, -0.0251774, , , , , , , , , , , , , , , , , , , , , , , , , , , , 
3.71925, 0.0397803, , , , , , , 3.71925, 0.066804, , , , , , , 3.71925, 0.0491798, , , , , , , 3.71925, -0.0258488, , , , , , , , , , , , , , , , , , , , , , , , , , , , 
3.7197692, 0.0461585, , , , , , , 3.7197692, 0.0641184, , , , , , , 3.7197692, 0.0656291, , , , , , , 3.7197692, -0.0250095, , , , , , , , , , , , , , , , , , , , , , , , , , , , 
3.7202885, 0.0540475, , , , , , , 3.7202885, 0.0486763, , , , , , , 3.7202885, 0.0830854, , , , , , , 3.7202885, -0.0253452, , , , , , , , , , , , , , , , , , , , , , , , , , , , 
3.7208077, 0.0553902, , , , , , , 3.7208077, 0.026688, , , , , , , 3.7208077, 0.094667, , , , , , , 3.7208077, -0.0260166, , , , , , , , , , , , , , , , , , , , , , , , , , , , 
3.7213269, 0.0522011, , , , , , , 3.7213269, 0.0038605, , , , , , , 3.7213269, 0.0961776, , , , , , , 3.7213269, -0.0229953, , , , , , , , , , , , , , , , , , , , , , , , , , , , 
3.7218462, 0.0535439, , , , , , , 3.7218462, -0.0139315, , , , , , , 3.7218462, 0.085771, , , , , , , 3.7218462, -0.0179599, , , , , , , , , , , , , , , , , , , , , , , , , , , , 
3.7223654, 0.0560616, , , , , , , 3.7223654, -0.0166171, , , , , , , 3.7223654, 0.0642863, , , , , , , 3.7223654, -0.012253, , , , , , , , , , , , , , , , , , , , , , , , , , , , 
3.7228846, 0.0602579, , , , , , , 3.7228846, 0.0186313, , , , , , , 3.7228846, 0.0370947, , , , , , , 3.7228846, -0.0092317, , , , , , , , , , , , , , , , , , , , , , , , , , , , 
3.7234038, 0.0706645, , , , , , , 3.7234038, 0.0696574, , , , , , , 3.7234038, 0.0068818, , , , , , , 3.7234038, -0.0109102, , , , , , , , , , , , , , , , , , , , , , , , , , , , 
3.7239231, 0.0810712, , , , , , , 3.7239231, 0.0951705, , , , , , , 3.7239231, -0.0213169, , , , , , , 3.7239231, -0.0085603, , , , , , , , , , , , , , , , , , , , , , , , , , , , 
3.7244423, 0.0837568, , , , , , , 3.7244423, 0.0908064, , , , , , , 3.7244423, -0.0441444, , , , , , , 3.7244423, 0.0005035, , , , , , , , , , , , , , , , , , , , , , , , , , , , 
3.7249615, 0.0802319, , , , , , , 3.7249615, 0.0708324, , , , , , , 3.7249615, -0.0676432, , , , , , , 3.7249615, 0.0085603, , , , , , , , , , , , , , , , , , , , , , , , , , , , 
3.7254808, 0.0820783, , , , , , , 3.7254808, 0.0464942, , , , , , , 3.7254808, -0.0908064, , , , , , , 3.7254808, 0.0139315, , , , , , , , , , , , , , , , , , , , , , , , , , , , 
3.726, 0.085771, , , , , , , 3.726, 0.0231632, , , , , , , 3.726, -0.1045701, , , , , , , 3.726, 0.0203098, , , , , , , , , , , , , , , , , , , , , , , , , , , , 
3.7265192, 0.0837568, , , , , , , 3.7265192, 0.0062104, , , , , , , 3.7265192, -0.112459, , , , , , , 3.7265192, 0.0280308, , , , , , , , , , , , , , , , , , , , , , , , , , , , 
3.7270385, 0.0750286, , , , , , , 3.7270385, -0.0041962, , , , , , , 3.7270385, -0.1169909, , , , , , , 3.7270385, 0.0317235, , , , , , , , , , , , , , , , , , , , , , , , , , , , 
3.7275577, 0.0605936, , , , , , , 3.7275577, -0.0129244, , , , , , , 3.7275577, -0.1119554, , , , , , , 3.7275577, 0.0325628, , , , , , , , , , , , , , , , , , , , , , , , , , , , 
3.7280769, 0.0448157, , , , , , , 3.7280769, -0.0297093, , , , , , , 3.7280769, -0.0931563, , , , , , , 3.7280769, 0.0285344, , , , , , , , , , , , , , , , , , , , , , , , , , , , 
3.7285962, 0.0327306, , , , , , , 3.7285962, -0.0476692, , , , , , , 3.7285962, -0.0713359, , , , , , , 3.7285962, 0.0219883, , , , , , , , , , , , , , , , , , , , , , , , , , , , 
3.7291154, 0.0213169, , , , , , , 3.7291154, -0.0439765, , , , , , , 3.7291154, -0.0609293, , , , , , , 3.7291154, 0.0152743, , , , , , , , , , , , , , , , , , , , , , , , , , , , 
3.7296346, 0.0036927, , , , , , , 3.7296346, -0.0505226, , , , , , , 3.7296346, -0.0532082, , , , , , , 3.7296346, 0.0132601, , , , , , , , , , , , , , , , , , , , , , , , , , , , 
3.7301538, -0.0139315, , , , , , , 3.7301538, -0.0736858, , , , , , , 3.7301538, -0.0357519, , , , , , , 3.7301538, 0.01561, , , , , , , , , , , , , , , , , , , , , , , , , , , , 
3.7306731, -0.0246738, , , , , , , 3.7306731, -0.0837568, , , , , , , 3.7306731, -0.0068818, , , , , , , 3.7306731, 0.0182956, , , , , , , , , , , , , , , , , , , , , , , , , , , , 
3.7311923, -0.0323949, , , , , , , 3.7311923, -0.0835889, , , , , , , 3.7311923, 0.0250095, , , , , , , 3.7311923, 0.0218204, , , , , , , , , , , , , , , , , , , , , , , , , , , , 
3.7317115, -0.0412909, , , , , , , 3.7317115, -0.0736858, , , , , , , 3.7317115, 0.0569009, , , , , , , 3.7317115, 0.0263523, , , , , , , , , , , , , , , , , , , , , , , , , , , , 
3.7322308, -0.0498512, , , , , , , 3.7322308, -0.0522011, , , , , , , 3.7322308, 0.0830854, , , , , , , 3.7322308, 0.0293736, , , , , , , , , , , , , , , , , , , , , , , , , , , , 
3.73275, -0.0528725, , , , , , , 3.73275, -0.0260166, , , , , , , 3.73275, 0.096849, , , , , , , 3.73275, 0.026688, , , , , , , , , , , , , , , , , , , , , , , , , , , , 
3.7332692, -0.0527047, , , , , , , 3.7332692, -0.0001678, , , , , , , 3.7332692, 0.0995346, , , , , , , 3.7332692, 0.0213169, , , , , , , , , , , , , , , , , , , , , , , , , , , , 
3.7337885, -0.0412909, , , , , , , 3.7337885, 0.0226596, , , , , , , 3.7337885, 0.0918135, , , , , , , 3.7337885, 0.0139315, , , , , , , , , , , , , , , , , , , , , , , , , , , , 
3.7343077, -0.0253452, , , , , , , 3.7343077, 0.0441444, , , , , , , 3.7343077, 0.0762036, , , , , , , 3.7343077, 0.0073854, , , , , , , , , , , , , , , , , , , , , , , , , , , , 
3.7348269, -0.0105745, , , , , , , 3.7348269, 0.0495155, , , , , , , 3.7348269, 0.0500191, , , , , , , 3.7348269, 0.005539, , , , , , , , , , , , , , , , , , , , , , , , , , , , 
3.7353462, -0.002182, , , , , , , 3.7353462, 0.0243381, , , , , , , 3.7353462, 0.0139315, , , , , , , 3.7353462, 0.0065461, , , , , , , , , , , , , , , , , , , , , , , , , , , , 
3.7358654, 0.0003357, , , , , , , 3.7358654, -0.0139315, , , , , , , 3.7358654, -0.0213169, , , , , , , 3.7358654, 0.0070497, , , , , , , , , , , , , , , , , , , , , , , , , , , , 
3.7363846, 0.002182, , , , , , , 3.7363846, -0.0407874, , , , , , , 3.7363846, -0.0480049, , , , , , , 3.7363846, 0.0062104, , , , , , , , , , , , , , , , , , , , , , , , , , , , 
3.7369038, 0.0035248, , , , , , , 3.7369038, -0.0592508, , , , , , , 3.7369038, -0.0663005, , , , , , , 3.7369038, 0.0102388, , , , , , , , , , , , , , , , , , , , , , , , , , , , 
3.7374231, 0.0057069, , , , , , , 3.7374231, -0.0696574, , , , , , , 3.7374231, -0.0720073, , , , , , , 3.7374231, 0.0193027, , , , , , , , , , , , , , , , , , , , , , , , , , , , 
3.7379423, 0.0099031, , , , , , , 3.7379423, -0.0686503, , , , , , , 3.7379423, -0.0659648, , , , , , , 3.7379423, 0.0290379, , , , , , , , , , , , , , , , , , , , , , , , , , , , 
3.7384615, 0.0125887, , , , , , , 3.7384615, -0.0481727, , , , , , , 3.7384615, -0.054551, , , , , , , 3.7384615, 0.0317235, , , , , , , , , , , , , , , , , , , , , , , , , , , , 
3.7389808, 0.0146029, , , , , , , 3.7389808, -0.0130922, , , , , , , 3.7389808, -0.0461585, , , , , , , 3.7389808, 0.0287022, , , , , , , , , , , , , , , , , , , , , , , , , , , , 
3.7395, 0.0172885, , , , , , , 3.7395, 0.0125887, , , , , , , 3.7395, -0.0448157, , , , , , , 3.7395, 0.0260166, , , , , , , , , , , , , , , , , , , , , , , , , , , , 
3.7400192, 0.0204776, , , , , , , 3.7400192, 0.0169528, , , , , , , 3.7400192, -0.0522011, , , , , , , 3.7400192, 0.0223239, , , , , , , , , , , , , , , , , , , , , , , , , , , , 
3.7405385, 0.0236667, , , , , , , 3.7405385, 0.0095674, , , , , , , 3.7405385, -0.0609293, , , , , , , 3.7405385, 0.018967, , , , , , , , , , , , , , , , , , , , , , , , , , , , 
3.7410577, 0.0236667, , , , , , , 3.7410577, -0.0028534, , , , , , , 3.7410577, -0.0528725, , , , , , , 3.7410577, 0.0199741, , , , , , , , , , , , , , , , , , , , , , , , , , , , 
3.7415769, 0.0191348, , , , , , , 3.7415769, -0.0182956, , , , , , , 3.7415769, -0.0216526, , , , , , , 3.7415769, 0.0240024, , , , , , , , , , , , , , , , , , , , , , , , , , , , 
3.7420962, 0.0146029, , , , , , , 3.7420962, -0.0337377, , , , , , , 3.7420962, 0.0166171, , , , , , , 3.7420962, 0.0253452, , , , , , , , , , , , , , , , , , , , , , , , , , , , 
3.7426154, 0.0159457, , , , , , , 3.7426154, -0.0520333, , , , , , , 3.7426154, 0.0501869, , , , , , , 3.7426154, 0.023331, , , , , , , , , , , , , , , , , , , , , , , , , , , , 
3.7431346, 0.0240024, , , , , , , 3.7431346, -0.0599222, , , , , , , 3.7431346, 0.0745251, , , , , , , 3.7431346, 0.0176242, , , , , , , , , , , , , , , , , , , , , , , , , , , , 
3.7436538, 0.0340734, , , , , , , 3.7436538, -0.01561, , , , , , , 3.7436538, 0.085771, , , , , , , 3.7436538, 0.0080568, , , , , , , , , , , , , , , , , , , , , , , , , , , , 
3.7441731, 0.0441444, , , , , , , 3.7441731, 0.0533761, , , , , , , 3.7441731, 0.0871138, , , , , , , 3.7441731, -0.0041962, , , , , , , , , , , , , , , , , , , , , , , , , , , , 
3.7446923, 0.0535439, , , , , , , 3.7446923, 0.0730144, , , , , , , 3.7446923, 0.0864424, , , , , , , 3.7446923, -0.0142672, , , , , , , , , , , , , , , , , , , , , , , , , , , , 
3.7452115, 0.0587472, , , , , , , 3.7452115, 0.0429694, , , , , , , 3.7452115, 0.0908064, , , , , , , 3.7452115, -0.0186313, , , , , , , , , , , , , , , , , , , , , , , , , , , , 
3.7457308, 0.0597543, , , , , , , 3.7457308, 0.0105745, , , , , , , 3.7457308, 0.0887922, , , , , , , 3.7457308, -0.0182956, , , , , , , , , , , , , , , , , , , , , , , , , , , , 
3.74625, 0.0622721, , , , , , , 3.74625, -0.002182, , , , , , , 3.74625, 0.0731823, , , , , , , 3.74625, -0.0169528, , , , , , , , , , , , , , , , , , , , , , , , , , , , 
3.7467692, 0.0642863, , , , , , , 3.7467692, 0.002182, , , , , , , 3.7467692, 0.0518654, , , , , , , 3.7467692, -0.0137636, , , , , , , , , , , , , , , , , , , , , , , , , , , , 
3.7472885, 0.061265, , , , , , , 3.7472885, -0.0052033, , , , , , , 3.7472885, 0.0261845, , , , , , , 3.7472885, -0.0102388, , , , , , , , , , , , , , , , , , , , , , , , , , , , 
3.7478077, 0.0488441, , , , , , , 3.7478077, -0.0407874, , , , , , , 3.7478077, -0.0068818, , , , , , , 3.7478077, -0.005539, , , , , , , , , , , , , , , , , , , , , , , , , , , , 
3.7483269, 0.0342412, , , , , , , 3.7483269, -0.0716716, , , , , , , 3.7483269, -0.0441444, , , , , , , 3.7483269, 0.0008392, , , , , , , , , , , , , , , , , , , , , , , , , , , , 
3.7488462, 0.0234989, , , , , , , 3.7488462, -0.0814069, , , , , , , 3.7488462, -0.0740215, , , , , , , 3.7488462, 0.0048676, , , , , , , , , , , , , , , , , , , , , , , , , , , , 
3.7493654, 0.0132601, , , , , , , 3.7493654, -0.0740215, , , , , , , 3.7493654, -0.090135, , , , , , , 3.7493654, 0.0102388, , , , , , , , , , , , , , , , , , , , , , , , , , , , 
3.7498846, 0.0018463, , , , , , , 3.7498846, -0.0451514, , , , , , , 3.7498846, -0.096849, , , , , , , 3.7498846, 0.017792, , , , , , , , , , , , , , , , , , , , , , , , , , , , 
3.7504038, -0.0104067, , , , , , , 3.7504038, -0.0203098, , , , , , , 3.7504038, -0.103563, , , , , , , 3.7504038, 0.0246738, , , , , , , , , , , , , , , , , , , , , , , , , , , , 
3.7509231, -0.021149, , , , , , , 3.7509231, -0.0176242, , , , , , , 3.7509231, -0.1116197, , , , , , , 3.7509231, 0.0327306, , , , , , , , , , , , , , , , , , , , , , , , , , , , 
3.7514423, -0.0290379, , , , , , , 3.7514423, -0.0199741, , , , , , , 3.7514423, -0.1190051, , , , , , , 3.7514423, 0.0407874, , , , , , , , , , , , , , , , , , , , , , , , , , , , 
3.7519615, -0.0417945, , , , , , , 3.7519615, -0.0169528, , , , , , , 3.7519615, -0.1240406, , , , , , , 3.7519615, 0.0441444, , , , , , , , , , , , , , , , , , , , , , , , , , , , 
3.7524808, -0.0555581, , , , , , , 3.7524808, -0.0157778, , , , , , , 3.7524808, -0.1290761, , , , , , , 3.7524808, 0.0428016, , , , , , , , , , , , , , , , , , , , , , , , , , , , 
3.753, -0.0632792, , , , , , , 3.753, -0.0112459, , , , , , , 3.753, -0.1282368, , , , , , , 3.753, 0.0381018, , , , , , , , , , , , , , , , , , , , , , , , , , , , 
3.7535192, -0.0592508, , , , , , , 3.7535192, -0.002182, , , , , , , 3.7535192, -0.1210193, , , , , , , 3.7535192, 0.030045, , , , , , , , , , , , , , , , , , , , , , , , , , , , 
3.7540385, -0.0485084, , , , , , , 3.7540385, 0.0125887, , , , , , , 3.7540385, -0.1159838, , , , , , , 3.7540385, 0.0219883, , , , , , , , , , , , , , , , , , , , , , , , , , , , 
3.7545577, -0.0364233, , , , , , , 3.7545577, 0.036759, , , , , , , 3.7545577, -0.1126268, , , , , , , 3.7545577, 0.0182956, , , , , , , , , , , , , , , , , , , , , , , , , , , , 
3.7550769, -0.0228275, , , , , , , 3.7550769, 0.0585794, , , , , , , 3.7550769, -0.093492, , , , , , , 3.7550769, 0.0157778, , , , , , , , , , , , , , , , , , , , , , , , , , , , 
3.7555962, -0.0104067, , , , , , , 3.7555962, 0.0683146, , , , , , , 3.7555962, -0.0632792, , , , , , , 3.7555962, 0.0102388, , , , , , , , , , , , , , , , , , , , , , , , , , , , 
3.7561154, -0.0028534, , , , , , , 3.7561154, 0.0743572, , , , , , , 3.7561154, -0.0391089, , , , , , , 3.7561154, 0.0052033, , , , , , , , , , , , , , , , , , , , , , , , , , , , 
3.7566346, 0.0015106, , , , , , , 3.7566346, 0.0958419, , , , , , , 3.7566346, -0.0216526, , , , , , , 3.7566346, 0.0008392, , , , , , , , , , , , , , , , , , , , , , , , , , , , 
3.7571538, 0.0082246, , , , , , , 3.7571538, 0.1132982, , , , , , , 3.7571538, -0.0015106, , , , , , , 3.7571538, -0.0025177, , , , , , , , , , , , , , , , , , , , , , , , , , , , 
3.7576731, 0.0213169, , , , , , , 3.7576731, 0.1067521, , , , , , , 3.7576731, 0.023331, , , , , , , 3.7576731, -0.0045319, , , , , , , , , , , , , , , , , , , , , , , , , , , , 
3.7581923, 0.0387732, , , , , , , 3.7581923, 0.0864424, , , , , , , 3.7581923, 0.0491798, , , , , , , 3.7581923, -0.0058747, , , , , , , , , , , , , , , , , , , , , , , , , , , , 
3.7587115, 0.0500191, , , , , , , 3.7587115, 0.0654612, , , , , , , 3.7587115, 0.0659648, , , , , , , 3.7587115, -0.005539, , , , , , , , , , , , , , , , , , , , , , , , , , , , 
3.7592308, 0.0528725, , , , , , , 3.7592308, 0.0381018, , , , , , , 3.7592308, 0.0746929, , , , , , , 3.7592308, -0.0035248, , , , , , , , , , , , , , , , , , , , , , , , , , , , 
3.75975, 0.0560616, , , , , , , 3.75975, -0.0129244, , , , , , , 3.75975, 0.0881209, , , , , , , 3.75975, -0.0058747, , , , , , , , , , , , , , , , , , , , , , , , , , , , 
3.7602692, 0.0649577, , , , , , , 3.7602692, -0.0736858, , , , , , , 3.7602692, 0.1072557, , , , , , , 3.7602692, -0.0078889, , , , , , , , , , , , , , , , , , , , , , , , , , , , 
3.7607885, 0.0683146, , , , , , , 3.7607885, -0.1117876, , , , , , , 3.7607885, 0.1200122, , , , , , , 3.7607885, -0.0075532, , , , , , , , , , , , , , , , , , , , , , , , , , , , 
3.7613077, 0.0602579, , , , , , , 3.7613077, -0.1223621, , , , , , , 3.7613077, 0.1198444, , , , , , , 3.7613077, -0.0035248, , , , , , , , , , , , , , , , , , , , , , , , , , , , 
3.7618269, 0.0562295, , , , , , , 3.7618269, -0.1171588, , , , , , , 3.7618269, 0.1153124, , , , , , , 3.7618269, 0.002182, , , , , , , , , , , , , , , , , , , , , , , , , , , , 
3.7623462, 0.0560616, , , , , , , 3.7623462, -0.1052415, , , , , , , 3.7623462, 0.1132982, , , , , , , 3.7623462, 0.0107424, , , , , , , , , , , , , , , , , , , , , , , , , , , , 
3.7628654, 0.0562295, , , , , , , 3.7628654, -0.0887922, , , , , , , 3.7628654, 0.1159838, , , , , , , 3.7628654, 0.0184634, , , , , , , , , , , , , , , , , , , , , , , , , , , , 
3.7633846, 0.0595865, , , , , , , 3.7633846, -0.0693217, , , , , , , 3.7633846, 0.1173266, , , , , , , 3.7633846, 0.023331, , , , , , , , , , , , , , , , , , , , , , , , , , , , 
3.7639038, 0.0605936, , , , , , , 3.7639038, -0.0569009, , , , , , , 3.7639038, 0.1074235, , , , , , , 3.7639038, 0.0246738, , , , , , , , , , , , , , , , , , , , , , , , , , , , 
3.7644231, 0.0557259, , , , , , , 3.7644231, -0.0433051, , , , , , , 3.7644231, 0.0787213, , , , , , , 3.7644231, 0.0246738, , , , , , , , , , , , , , , , , , , , , , , , , , , , 
3.7649423, 0.0501869, , , , , , , 3.7649423, -0.005539, , , , , , , 3.7649423, 0.040116, , , , , , , 3.7649423, 0.0240024, , , , , , , , , , , , , , , , , , , , , , , , , , , , 
3.7654615, 0.0475013, , , , , , , 3.7654615, 0.0287022, , , , , , , 3.7654615, 0.0011749, , , , , , , 3.7654615, 0.0223239, , , , , , , , , , , , , , , , , , , , , , , , , , , , 
3.7659808, 0.0414588, , , , , , , 3.7659808, 0.0226596, , , , , , , 3.7659808, -0.0323949, , , , , , , 3.7659808, 0.0193027, , , , , , , , , , , , , , , , , , , , , , , , , , , , 
3.7665, 0.0290379, , , , , , , 3.7665, -0.0018463, , , , , , , 3.7665, -0.057908, , , , , , , 3.7665, 0.0186313, , , , , , , , , , , , , , , , , , , , , , , , , , , , 
3.7670192, 0.0119173, , , , , , , 3.7670192, -0.0166171, , , , , , , 3.7670192, -0.0767071, , , , , , , 3.7670192, 0.0196384, , , , , , , , , , , , , , , , , , , , , , , , , , , , 
3.7675385, -0.0008392, , , , , , , 3.7675385, -0.0125887, , , , , , , 3.7675385, -0.0840925, , , , , , , 3.7675385, 0.0196384, , , , , , , , , , , , , , , , , , , , , , , , , , , , 
3.7680577, -0.005539, , , , , , , 3.7680577, 0.0028534, , , , , , , 3.7680577, -0.0807355, , , , , , , 3.7680577, 0.0193027, , , , , , , , , , , , , , , , , , , , , , , , , , , , 
3.7685769, -0.0135958, , , , , , , 3.7685769, 0.0169528, , , , , , , 3.7685769, -0.0730144, , , , , , , 3.7685769, 0.0209812, , , , , , , , , , , , , , , , , , , , , , , , , , , , 
3.7690962, -0.0293736, , , , , , , 3.7690962, 0.0256809, , , , , , , 3.7690962, -0.0651255, , , , , , , 3.7690962, 0.0288701, , , , , , , , , , , , , , , , , , , , , , , , , , , , 
3.7696154, -0.043473, , , , , , , 3.7696154, 0.0320592, , , , , , , 3.7696154, -0.0605936, , , , , , , 3.7696154, 0.0421302, , , , , , , , , , , , , , , , , , , , , , , , , , , , 
3.7701346, -0.0498512, , , , , , , 3.7701346, 0.0240024, , , , , , , 3.7701346, -0.0589151, , , , , , , 3.7701346, 0.0540475, , , , , , , , , , , , , , , , , , , , , , , , , , , , 
3.7706538, -0.056733, , , , , , , 3.7706538, -0.0078889, , , , , , , 3.7706538, -0.0595865, , , , , , , 3.7706538, 0.0582437, , , , , , , , , , , , , , , , , , , , , , , , , , , , 
3.7711731, -0.0693217, , , , , , , 3.7711731, -0.0391089, , , , , , , 3.7711731, -0.0540475, , , , , , , 3.7711731, 0.0574044, , , , , , , , , , , , , , , , , , , , , , , , , , , , 
3.7716923, -0.0750286, , , , , , , 3.7716923, -0.043473, , , , , , , 3.7716923, -0.0404517, , , , , , , 3.7716923, 0.054551, , , , , , , , , , , , , , , , , , , , , , , , , , , , 
3.7722115, -0.0713359, , , , , , , 3.7722115, -0.0231632, , , , , , , 3.7722115, -0.0303807, , , , , , , 3.7722115, 0.0508583, , , , , , , , , , , , , , , , , , , , , , , , , , , , 
3.7727308, -0.0642863, , , , , , , 3.7727308, -0.0028534, , , , , , , 3.7727308, -0.0283665, , , , , , , 3.7727308, 0.0424659, , , , , , , , , , , , , , , , , , , , , , , , , , , , 
3.77325, -0.0518654, , , , , , , 3.77325, 0.0077211, , , , , , , 3.77325, -0.0251774, , , , , , , 3.77325, 0.0293736, , , , , , , , , , , , , , , , , , , , , , , , , , , , 
3.7737692, -0.0328985, , , , , , , 3.7737692, 0.0125887, , , , , , , 3.7737692, -0.0135958, , , , , , , 3.7737692, 0.0149386, , , , , , , , , , , , , , , , , , , , , , , , , , , , 
3.7742885, -0.01561, , , , , , , 3.7742885, -0.0023499, , , , , , , 3.7742885, 0.0052033, , , , , , , 3.7742885, 0.0052033, , , , , , , , , , , , , , , , , , , , , , , , , , , , 
3.7748077, -0.008896, , , , , , , 3.7748077, -0.0273594, , , , , , , 3.7748077, 0.0206455, , , , , , , 3.7748077, -0.0005035, , , , , , , , , , , , , , , , , , , , , , , , , , , , 
3.7753269, -0.0028534, , , , , , , 3.7753269, -0.0344091, , , , , , , 3.7753269, 0.0283665, , , , , , , 3.7753269, -0.0057069, , , , , , , , , , , , , , , , , , , , , , , , , , , , 
3.7758462, 0.0068818, , , , , , , 3.7758462, -0.0240024, , , , , , , 3.7758462, 0.0320592, , , , , , , 3.7758462, -0.012253, , , , , , , , , , , , , , , , , , , , , , , , , , , , 
3.7763654, 0.0146029, , , , , , , 3.7763654, -0.0152743, , , , , , , 3.7763654, 0.0364233, , , , , , , 3.7763654, -0.0166171, , , , , , , , , , , , , , , , , , , , , , , , , , , , 
3.7768846, 0.0226596, , , , , , , 3.7768846, -0.0135958, , , , , , , 3.7768846, 0.040116, , , , , , , 3.7768846, -0.0172885, , , , , , , , , , , , , , , , , , , , , , , , , , , , 
3.7774038, 0.0317235, , , , , , , 3.7774038, -0.0048676, , , , , , , 3.7774038, 0.0407874, , , , , , , 3.7774038, -0.0176242, , , , , , , , , , , , , , , , , , , , , , , , , , , , 
3.7779231, 0.0377661, , , , , , , 3.7779231, 0.0105745, , , , , , , 3.7779231, 0.0406195, , , , , , , 3.7779231, -0.0179599, , , , , , , , , , , , , , , , , , , , , , , , , , , , 
3.7784423, 0.036759, , , , , , , 3.7784423, 0.0169528, , , , , , , 3.7784423, 0.040116, , , , , , , 3.7784423, -0.0182956, , , , , , , , , , , , , , , , , , , , , , , , , , , , 
3.7789615, 0.0381018, , , , , , , 3.7789615, 0.0146029, , , , , , , 3.7789615, 0.0377661, , , , , , , 3.7789615, -0.0164492, , , , , , , , , , , , , , , , , , , , , , , , , , , , 
3.7794808, 0.0454871, , , , , , , 3.7794808, 0.0162814, , , , , , , 3.7794808, 0.0360876, , , , , , , 3.7794808, -0.0149386, , , , , , , , , , , , , , , , , , , , , , , , , , , , 
3.78, 0.047837, , , , , , , 3.78, 0.0332341, , , , , , , 3.78, 0.0330663, , , , , , , 3.78, -0.0149386, , , , , , , , , , , , , , , , , , , , , , , , , , , , 
3.7805192, 0.0481727, , , , , , , 3.7805192, 0.043473, , , , , , , 3.7805192, 0.0253452, , , , , , , 3.7805192, -0.0169528, , , , , , , , , , , , , , , , , , , , , , , , , , , , 
3.7810385, 0.0491798, , , , , , , 3.7810385, 0.0209812, , , , , , , 3.7810385, 0.012253, , , , , , , 3.7810385, -0.0149386, , , , , , , , , , , , , , , , , , , , , , , , , , , , 
3.7815577, 0.0481727, , , , , , , 3.7815577, -0.0229953, , , , , , , 3.7815577, -0.0031891, , , , , , , 3.7815577, -0.0109102, , , , , , , , , , , , , , , , , , , , , , , , , , , , 
3.7820769, 0.0468299, , , , , , , 3.7820769, -0.0558938, , , , , , , 3.7820769, -0.0149386, , , , , , , 3.7820769, -0.008896, , , , , , , , , , , , , , , , , , , , , , , , , , , , 
3.7825962, 0.0486763, , , , , , , 3.7825962, -0.0706645, , , , , , , 3.7825962, -0.0273594, , , , , , , 3.7825962, -0.0095674, , , , , , , , , , , , , , , , , , , , , , , , , , , , 
3.7831154, 0.0538796, , , , , , , 3.7831154, -0.0731823, , , , , , , 3.7831154, -0.0391089, , , , , , , 3.7831154, -0.0095674, , , , , , , , , , , , , , , , , , , , , , , , , , , , 
3.7836346, 0.0609293, , , , , , , 3.7836346, -0.0663005, , , , , , , 3.7836346, -0.0488441, , , , , , , 3.7836346, -0.0023499, , , , , , , , , , , , , , , , , , , , , , , , , , , , 
3.7841538, 0.070161, , , , , , , 3.7841538, -0.0505226, , , , , , , 3.7841538, -0.0570687, , , , , , , 3.7841538, 0.0095674, , , , , , , , , , , , , , , , , , , , , , , , , , , , 
3.7846731, 0.0760357, , , , , , , 3.7846731, -0.0270237, , , , , , , 3.7846731, -0.0652934, , , , , , , 3.7846731, 0.0206455, , , , , , , , , , , , , , , , , , , , , , , , , , , , 
3.7851923, 0.0773785, , , , , , , 3.7851923, -0.0050355, , , , , , , 3.7851923, -0.0740215, , , , , , , 3.7851923, 0.0276951, , , , , , , , , , , , , , , , , , , , , , , , , , , , 
3.7857115, 0.0797284, , , , , , , 3.7857115, 0.0045319, , , , , , , 3.7857115, -0.0783856, , , , , , , 3.7857115, 0.0320592, , , , , , , , , , , , , , , , , , , , , , , , , , , , 
3.7862308, 0.0800641, , , , , , , 3.7862308, 0.0057069, , , , , , , 3.7862308, -0.0770428, , , , , , , 3.7862308, 0.0340734, , , , , , , , , , , , , , , , , , , , , , , , , , , , 
3.78675, 0.0740215, , , , , , , 3.78675, 0.008896, , , , , , , 3.78675, -0.0706645, , , , , , , 3.78675, 0.0320592, , , , , , , , , , , , , , , , , , , , , , , , , , , , 
3.7872692, 0.0602579, , , , , , , 3.7872692, 0.0169528, , , , , , , 3.7872692, -0.0525368, , , , , , , 3.7872692, 0.0310521, , , , , , , , , , , , , , , , , , , , , , , , , , , , 
3.7877885, 0.0481727, , , , , , , 3.7877885, 0.0310521, , , , , , , 3.7877885, -0.0236667, , , , , , , 3.7877885, 0.033402, , , , , , , , , , , , , , , , , , , , , , , , , , , , 
3.7883077, 0.033402, , , , , , , 3.7883077, 0.0354162, , , , , , , 3.7883077, 0.0070497, , , , , , , 3.7883077, 0.0364233, , , , , , , , , , , , , , , , , , , , , , , , , , , , 
3.7888269, 0.0172885, , , , , , , 3.7888269, 0.0234989, , , , , , , 3.7888269, 0.0310521, , , , , , , 3.7888269, 0.036759, , , , , , , , , , , , , , , , , , , , , , , , , , , , 
3.7893462, 0.0052033, , , , , , , 3.7893462, 0.0149386, , , , , , , 3.7893462, 0.0417945, , , , , , , 3.7893462, 0.0350805, , , , , , , , , , , , , , , , , , , , , , , , , , , , 
3.7898654, -0.0097353, , , , , , , 3.7898654, 0.0226596, , , , , , , 3.7898654, 0.0421302, , , , , , , 3.7898654, 0.033402, , , , , , , , , , , , , , , , , , , , , , , , , , , , 
3.7903846, -0.0270237, , , , , , , 3.7903846, 0.0360876, , , , , , , 3.7903846, 0.0449836, , , , , , , 3.7903846, 0.03122, , , , , , , , , , , , , , , , , , , , , , , , , , , , 
3.7909038, -0.0374304, , , , , , , 3.7909038, 0.040116, , , , , , , 3.7909038, 0.0535439, , , , , , , 3.7909038, 0.0293736, , , , , , , , , , , , , , , , , , , , , , , , , , , , 
3.7914231, -0.0461585, , , , , , , 3.7914231, 0.0219883, , , , , , , 3.7914231, 0.0542153, , , , , , , 3.7914231, 0.0256809, , , , , , , , , , , , , , , , , , , , , , , , , , , , 
3.7919423, -0.0522011, , , , , , , 3.7919423, -0.002182, , , , , , , 3.7919423, 0.0461585, , , , , , , 3.7919423, 0.0236667, , , , , , , , , , , , , , , , , , , , , , , , , , , , 
3.7924615, -0.0552224, , , , , , , 3.7924615, -0.0132601, , , , , , , 3.7924615, 0.0354162, , , , , , , 3.7924615, 0.0223239, , , , , , , , , , , , , , , , , , , , , , , , , , , , 
3.7929808, -0.0565652, , , , , , , 3.7929808, -0.0095674, , , , , , , 3.7929808, 0.0253452, , , , , , , 3.7929808, 0.0193027, , , , , , , , , , , , , , , , , , , , , , , , , , , , 
3.7935, -0.0500191, , , , , , , 3.7935, -0.0025177, , , , , , , 3.7935, 0.0109102, , , , , , , 3.7935, 0.0127565, , , , , , , , , , , , , , , , , , , , , , , , , , , , 
3.7940192, -0.0394446, , , , , , , 3.7940192, -0.0008392, , , , , , , 3.7940192, -0.0068818, , , , , , , 3.7940192, 0.0052033, , , , , , , , , , , , , , , , , , , , , , , , , , , , 
3.7945385, -0.0310521, , , , , , , 3.7945385, 0.0015106, , , , , , , 3.7945385, -0.0186313, , , , , , , 3.7945385, -0.0005035, , , , , , , , , , , , , , , , , , , , , , , , , , , , 
3.7950577, -0.027863, , , , , , , 3.7950577, 0.0139315, , , , , , , 3.7950577, -0.0216526, , , , , , , 3.7950577, -0.0025177, , , , , , , , , , , , , , , , , , , , , , , , , , , , 
3.7955769, -0.0263523, , , , , , , 3.7955769, 0.0226596, , , , , , , 3.7955769, -0.012253, , , , , , , 3.7955769, -0.0052033, , , , , , , , , , , , , , , , , , , , , , , , , , , , 
3.7960962, -0.0209812, , , , , , , 3.7960962, 0.0028534, , , , , , , 3.7960962, -0.0001678, , , , , , , 3.7960962, -0.0095674, , , , , , , , , , , , , , , , , , , , , , , , , , , , 
3.7966154, -0.0095674, , , , , , , 3.7966154, -0.0260166, , , , , , , 3.7966154, 0.0025177, , , , , , , 3.7966154, -0.0129244, , , , , , , , , , , , , , , , , , , , , , , , , , , , 
3.7971346, -0.0031891, , , , , , , 3.7971346, -0.0323949, , , , , , , 3.7971346, -0.0075532, , , , , , , 3.7971346, -0.0139315, , , , , , , , , , , , , , , , , , , , , , , , , , , , 
3.7976538, 0.0001678, , , , , , , 3.7976538, -0.0169528, , , , , , , 3.7976538, -0.0236667, , , , , , , 3.7976538, -0.0139315, , , , , , , , , , , , , , , , , , , , , , , , , , , , 
3.7981731, 0.0038605, , , , , , , 3.7981731, -0.0015106, , , , , , , 3.7981731, -0.0387732, , , , , , , 3.7981731, -0.014435, , , , , , , , , , , , , , , , , , , , , , , , , , , , 
3.7986923, 0.0065461, , , , , , , 3.7986923, 0.0191348, , , , , , , 3.7986923, -0.0540475, , , , , , , 3.7986923, -0.0132601, , , , , , , , , , , , , , , , , , , , , , , , , , , , 
3.7992115, 0.0132601, , , , , , , 3.7992115, 0.0448157, , , , , , , 3.7992115, -0.0736858, , , , , , , 3.7992115, -0.008896, , , , , , , , , , , , , , , , , , , , , , , , , , , , 
3.7997308, 0.0204776, , , , , , , 3.7997308, 0.0498512, , , , , , , 3.7997308, -0.1025559, , , , , , , 3.7997308, -0.0025177, , , , , , , , , , , , , , , , , , , , , , , , , , , , 
3.80025, 0.0240024, , , , , , , 3.80025, 0.023331, , , , , , , 3.80025, -0.1384756, , , , , , , 3.80025, 0.0060426, , , , , , , , , , , , , , , , , , , , , , , , , , , , 
3.8007692, 0.0293736, , , , , , , 3.8007692, -0.0203098, , , , , , , 3.8007692, -0.1673457, , , , , , , 3.8007692, 0.0151064, , , , , , , , , , , , , , , , , , , , , , , , , , , , 
3.8012885, 0.0325628, , , , , , , 3.8012885, -0.057908, , , , , , , 3.8012885, -0.1747311, , , , , , , 3.8012885, 0.0219883, , , , , , , , , , , , , , , , , , , , , , , , , , , , 
3.8018077, 0.0280308, , , , , , , 3.8018077, -0.0699931, , , , , , , 3.8018077, -0.1606317, , , , , , , 3.8018077, 0.0302129, , , , , , , , , , , , , , , , , , , , , , , , , , , , 
3.8023269, 0.0287022, , , , , , , 3.8023269, -0.0659648, , , , , , , 3.8023269, -0.1349508, , , , , , , 3.8023269, 0.036759, , , , , , , , , , , , , , , , , , , , , , , , , , , , 
3.8028462, 0.0357519, , , , , , , 3.8028462, -0.0730144, , , , , , , 3.8028462, -0.1044022, , , , , , , 3.8028462, 0.0354162, , , , , , , , , , , , , , , , , , , , , , , , , , , , 
3.8033654, 0.047837, , , , , , , 3.8033654, -0.1082628, , , , , , , 3.8033654, -0.0713359, , , , , , , 3.8033654, 0.0283665, , , , , , , , , , , , , , , , , , , , , , , , , , , , 
3.8038846, 0.0528725, , , , , , , 3.8038846, -0.1378042, , , , , , , 3.8038846, -0.0471656, , , , , , , 3.8038846, 0.0206455, , , , , , , , , , , , , , , , , , , , , , , , , , , , 
3.8044038, 0.0522011, , , , , , , 3.8044038, -0.1159838, , , , , , , 3.8044038, -0.0458228, , , , , , , 3.8044038, 0.0152743, , , , , , , , , , , , , , , , , , , , , , , , , , , , 
3.8049231, 0.054551, , , , , , , 3.8049231, -0.0793927, , , , , , , 3.8049231, -0.0622721, , , , , , , 3.8049231, 0.0146029, , , , , , , , , , , , , , , , , , , , , , , , , , , , 
3.8054423, 0.0574044, , , , , , , 3.8054423, -0.0663005, , , , , , , 3.8054423, -0.0693217, , , , , , , 3.8054423, 0.0169528, , , , , , , , , , , , , , , , , , , , , , , , , , , , 
3.8059615, 0.0548867, , , , , , , 3.8059615, -0.0500191, , , , , , , 3.8059615, -0.0552224, , , , , , , 3.8059615, 0.0172885, , , , , , , , , , , , , , , , , , , , , , , , , , , , 
3.8064808, 0.0528725, , , , , , , 3.8064808, -0.0102388, , , , , , , 3.8064808, -0.0276951, , , , , , , 3.8064808, 0.0198062, , , , , , , , , , , , , , , , , , , , , , , , , , , , 
3.807, 0.0501869, , , , , , , 3.807, 0.0313878, , , , , , , 3.807, 0.002182, , , , , , , 3.807, 0.0199741, , , , , , , , , , , , , , , , , , , , , , , , , , , , 
3.8075192, 0.0381018, , , , , , , 3.8075192, 0.0605936, , , , , , , 3.8075192, 0.0290379, , , , , , , 3.8075192, 0.01561, , , , , , , , , , , , , , , , , , , , , , , , , , , , 
3.8080385, 0.0240024, , , , , , , 3.8080385, 0.0730144, , , , , , , 3.8080385, 0.0520333, , , , , , , 3.8080385, 0.0092317, , , , , , , , , , , , , , , , , , , , , , , , , , , , 
3.8085577, 0.0119173, , , , , , , 3.8085577, 0.0652934, , , , , , , 3.8085577, 0.0753643, , , , , , , 3.8085577, 0.0045319, , , , , , , , , , , , , , , , , , , , , , , , , , , , 
3.8090769, 0.0048676, , , , , , , 3.8090769, 0.0448157, , , , , , , 3.8090769, 0.0983597, , , , , , , 3.8090769, 0.0015106, , , , , , , , , , , , , , , , , , , , , , , , , , , , 
3.8095962, -0.0010071, , , , , , , 3.8095962, 0.0280308, , , , , , , 3.8095962, 0.1166552, , , , , , , 3.8095962, -0.0020142, , , , , , , , , , , , , , , , , , , , , , , , , , , , 
3.8101154, -0.0151064, , , , , , , 3.8101154, 0.0139315, , , , , , , 3.8101154, 0.1272297, , , , , , , 3.8101154, -0.0038605, , , , , , , , , , , , , , , , , , , , , , , , , , , , 
3.8106346, -0.0310521, , , , , , , 3.8106346, -0.0063783, , , , , , , 3.8106346, 0.1300832, , , , , , , 3.8106346, -0.0035248, , , , , , , , , , , , , , , , , , , , , , , , , , , , 
3.8111538, -0.0337377, , , , , , , 3.8111538, -0.0229953, , , , , , , 3.8111538, 0.1299153, , , , , , , 3.8111538, -0.0030213, , , , , , , , , , , , , , , , , , , , , , , , , , , , 
3.8116731, -0.0273594, , , , , , , 3.8116731, -0.0129244, , , , , , , 3.8116731, 0.1300832, , , , , , , 3.8116731, -0.0018463, , , , , , , , , , , , , , , , , , , , , , , , , , , , 
3.8121923, -0.0236667, , , , , , , 3.8121923, 0.0344091, , , , , , , 3.8121923, 0.124712, , , , , , , 3.8121923, -0.0001678, , , , , , , , , , , , , , , , , , , , , , , , , , , , 
3.8127115, -0.0251774, , , , , , , 3.8127115, 0.0914778, , , , , , , 3.8127115, 0.1059129, , , , , , , 3.8127115, 0.0025177, , , , , , , , , , , , , , , , , , , , , , , , , , , , 
3.8132308, -0.0223239, , , , , , , 3.8132308, 0.117998, , , , , , , 3.8132308, 0.0750286, , , , , , , 3.8132308, 0.0041962, , , , , , , , , , , , , , , , , , , , , , , , , , , , 
3.81375, -0.012253, , , , , , , 3.81375, 0.1012131, , , , , , , 3.81375, 0.0424659, , , , , , , 3.81375, 0.0035248, , , , , , , , , , , , , , , , , , , , , , , , , , , , 
3.8142692, -0.0015106, , , , , , , 3.8142692, 0.0626078, , , , , , , 3.8142692, 0.0112459, , , , , , , 3.8142692, 0.0038605, , , , , , , , , , , , , , , , , , , , , , , , , , , , 
3.8147885, 0.0078889, , , , , , , 3.8147885, 0.0198062, , , , , , , 3.8147885, -0.01561, , , , , , , 3.8147885, 0.0063783, , , , , , , , , , , , , , , , , , , , , , , , , , , , 
3.8153077, 0.0119173, , , , , , , 3.8153077, -0.0149386, , , , , , , 3.8153077, -0.0364233, , , , , , , 3.8153077, 0.0115816, , , , , , , , , , , , , , , , , , , , , , , , , , , , 
3.8158269, 0.0124208, , , , , , , 3.8158269, -0.057908, , , , , , , 3.8158269, -0.051194, , , , , , , 3.8158269, 0.0164492, , , , , , , , , , , , , , , , , , , , , , , , , , , , 
3.8163462, 0.0087282, , , , , , , 3.8163462, -0.1126268, , , , , , , 3.8163462, -0.0627756, , , , , , , 3.8163462, 0.0258488, , , , , , , , , , , , , , , , , , , , , , , , , , , , 
3.8168654, 0.0048676, , , , , , , 3.8168654, -0.1519036, , , , , , , 3.8168654, -0.0733501, , , , , , , 3.8168654, 0.0407874, , , , , , , , , , , , , , , , , , , , , , , , , , , , 
3.8173846, 0.0005035, , , , , , , 3.8173846, -0.1764096, , , , , , , 3.8173846, -0.0797284, , , , , , , 3.8173846, 0.054551, , , , , , , , , , , , , , , , , , , , , , , , , , , , 
3.8179038, -0.0035248, , , , , , , 3.8179038, -0.1868162, , , , , , , 3.8179038, -0.0820783, , , , , , , 3.8179038, 0.0656291, , , , , , , , , , , , , , , , , , , , , , , , , , , , 
3.8184231, -0.0015106, , , , , , , 3.8184231, -0.1629816, , , , , , , 3.8184231, -0.0783856, , , , , , , 3.8184231, 0.0758679, , , , , , , , , , , , , , , , , , , , , , , , , , , , 
3.8189423, -0.0001678, , , , , , , 3.8189423, -0.111284, , , , , , , 3.8189423, -0.0652934, , , , , , , 3.8189423, 0.0783856, , , , , , , , , , , , , , , , , , , , , , , , , , , , 
3.8194615, 0.0011749, , , , , , , 3.8194615, -0.0599222, , , , , , , 3.8194615, -0.0431373, , , , , , , 3.8194615, 0.0730144, , , , , , , , , , , , , , , , , , , , , , , , , , , , 
3.8199808, 0.0068818, , , , , , , 3.8199808, -0.023331, , , , , , , 3.8199808, -0.01561, , , , , , , 3.8199808, 0.0629435, , , , , , , , , , , , , , , , , , , , , , , , , , , , 
3.8205, 0.0119173, , , , , , , 3.8205, 0.0038605, , , , , , , 3.8205, 0.0085603, , , , , , , 3.8205, 0.0522011, , , , , , , , , , , , , , , , , , , , , , , , , , , , 
3.8210192, 0.0119173, , , , , , , 3.8210192, 0.0219883, , , , , , , 3.8210192, 0.0251774, , , , , , , 3.8210192, 0.0417945, , , , , , , , , , , , , , , , , , , , , , , , , , , , 
3.8215385, 0.0152743, , , , , , , 3.8215385, 0.0206455, , , , , , , 3.8215385, 0.0327306, , , , , , , 3.8215385, 0.0317235, , , , , , , , , , , , , , , , , , , , , , , , , , , , 
3.8220577, 0.0203098, , , , , , , 3.8220577, 0.0077211, , , , , , , 3.8220577, 0.0354162, , , , , , , 3.8220577, 0.0226596, , , , , , , , , , , , , , , , , , , , , , , , , , , , 
3.8225769, 0.0204776, , , , , , , 3.8225769, 0.0008392, , , , , , , 3.8225769, 0.0360876, , , , , , , 3.8225769, 0.0164492, , , , , , , , , , , , , , , , , , , , , , , , , , , , 
3.8230962, 0.0271916, , , , , , , 3.8230962, 0.0052033, , , , , , , 3.8230962, 0.036759, , , , , , , 3.8230962, 0.0119173, , , , , , , , , , , , , , , , , , , , , , , , , , , , 
3.8236154, 0.0406195, , , , , , , 3.8236154, 0.01561, , , , , , , 3.8236154, 0.0384375, , , , , , , 3.8236154, 0.0048676, , , , , , , , , , , , , , , , , , , , , , , , , , , , 
3.8241346, 0.049012, , , , , , , 3.8241346, 0.0246738, , , , , , , 3.8241346, 0.042298, , , , , , , 3.8241346, -0.0031891, , , , , , , , , , , , , , , , , , , , , , , , , , , , 
3.8246538, 0.0538796, , , , , , , 3.8246538, 0.0280308, , , , , , , 3.8246538, 0.0488441, , , , , , , 3.8246538, -0.0095674, , , , , , , , , , , , , , , , , , , , , , , , , , , , 
3.8251731, 0.056733, , , , , , , 3.8251731, 0.0209812, , , , , , , 3.8251731, 0.0515297, , , , , , , 3.8251731, -0.0139315, , , , , , , , , , , , , , , , , , , , , , , , , , , , 
3.8256923, 0.0569009, , , , , , , 3.8256923, 0.0139315, , , , , , , 3.8256923, 0.0513619, , , , , , , 3.8256923, -0.0179599, , , , , , , , , , , , , , , , , , , , , , , , , , , , 
3.8262115, 0.056733, , , , , , , 3.8262115, 0.0172885, , , , , , , 3.8262115, 0.0486763, , , , , , , 3.8262115, -0.0204776, , , , , , , , , , , , , , , , , , , , , , , , , , , , 
3.8267308, 0.0532082, , , , , , , 3.8267308, 0.0213169, , , , , , , 3.8267308, 0.0414588, , , , , , , 3.8267308, -0.018967, , , , , , , , , , , , , , , , , , , , , , , , , , , , 
3.82725, 0.0431373, , , , , , , 3.82725, 0.0219883, , , , , , , 3.82725, 0.0327306, , , , , , , 3.82725, -0.0149386, , , , , , , , , , , , , , , , , , , , , , , , , , , , 
3.8277692, 0.033402, , , , , , , 3.8277692, 0.0273594, , , , , , , 3.8277692, 0.0240024, , , , , , , 3.8277692, -0.012253, , , , , , , , , , , , , , , , , , , , , , , , , , , , 
3.8282885, 0.030045, , , , , , , 3.8282885, 0.0298772, , , , , , , 3.8282885, 0.0203098, , , , , , , 3.8282885, -0.0102388, , , , , , , , , , , , , , , , , , , , , , , , , , , , 
3.8288077, 0.0287022, , , , , , , 3.8288077, 0.0218204, , , , , , , 3.8288077, 0.023331, , , , , , , 3.8288077, -0.0070497, , , , , , , , , , , , , , , , , , , , , , , , , , , , 
3.8293269, 0.0240024, , , , , , , 3.8293269, 0.0218204, , , , , , , 3.8293269, 0.0285344, , , , , , , 3.8293269, -0.0035248, , , , , , , , , , , , , , , , , , , , , , , , , , , , 
3.8298462, 0.014435, , , , , , , 3.8298462, 0.0359197, , , , , , , 3.8298462, 0.0332341, , , , , , , 3.8298462, 0.0005035, , , , , , , , , , , , , , , , , , , , , , , , , , , , 
3.8303654, 0.0083925, , , , , , , 3.8303654, 0.0347448, , , , , , , 3.8303654, 0.0364233, , , , , , , 3.8303654, 0.0038605, , , , , , , , , , , , , , , , , , , , , , , , , , , , 
3.8308846, 0.0018463, , , , , , , 3.8308846, 0.0112459, , , , , , , 3.8308846, 0.0391089, , , , , , , 3.8308846, 0.0065461, , , , , , , , , , , , , , , , , , , , , , , , , , , , 
3.8314038, -0.008896, , , , , , , 3.8314038, -0.0018463, , , , , , , 3.8314038, 0.0412909, , , , , , , 3.8314038, 0.0083925, , , , , , , , , , , , , , , , , , , , , , , , , , , , 
3.8319231, -0.0223239, , , , , , , 3.8319231, 0.0139315, , , , , , , 3.8319231, 0.0386053, , , , , , , 3.8319231, 0.0132601, , , , , , , , , , , , , , , , , , , , , , , , , , , , 
3.8324423, -0.0310521, , , , , , , 3.8324423, 0.0372625, , , , , , , 3.8324423, 0.0307164, , , , , , , 3.8324423, 0.0206455, , , , , , , , , , , , , , , , , , , , , , , , , , , , 
3.8329615, -0.0317235, , , , , , , 3.8329615, 0.0481727, , , , , , , 3.8329615, 0.0196384, , , , , , , 3.8329615, 0.0248417, , , , , , , , , , , , , , , , , , , , , , , , , , , , 
3.8334808, -0.0256809, , , , , , , 3.8334808, 0.04448, , , , , , , 3.8334808, 0.0031891, , , , , , , 3.8334808, 0.0250095, , , , , , , , , , , , , , , , , , , , , , , , , , , , 
3.834, -0.01561, , , , , , , 3.834, 0.0369268, , , , , , , 3.834, -0.0149386, , , , , , , 3.834, 0.0238346, , , , , , , , , , , , , , , , , , , , , , , , , , , , 
3.8345192, -0.0010071, , , , , , , 3.8345192, 0.033402, , , , , , , 3.8345192, -0.0323949, , , , , , , 3.8345192, 0.0260166, , , , , , , , , , , , , , , , , , , , , , , , , , , , 
3.8350385, 0.0142672, , , , , , , 3.8350385, 0.0320592, , , , , , , 3.8350385, -0.0533761, , , , , , , 3.8350385, 0.0270237, , , , , , , , , , , , , , , , , , , , , , , , , , , , 
3.8355577, 0.0219883, , , , , , , 3.8355577, 0.0250095, , , , , , , 3.8355577, -0.0800641, , , , , , , 3.8355577, 0.0258488, , , , , , , , , , , , , , , , , , , , , , , , , , , , 
3.8360769, 0.0240024, , , , , , , 3.8360769, 0.0045319, , , , , , , 3.8360769, -0.1089342, , , , , , , 3.8360769, 0.0246738, , , , , , , , , , , , , , , , , , , , , , , , , , , , 
3.8365962, 0.0226596, , , , , , , 3.8365962, -0.0280308, , , , , , , 3.8365962, -0.1352865, , , , , , , 3.8365962, 0.023331, , , , , , , , , , , , , , , , , , , , , , , , , , , , 
3.8371154, 0.0193027, , , , , , , 3.8371154, -0.0555581, , , , , , , 3.8371154, -0.1498894, , , , , , , 3.8371154, 0.0209812, , , , , , , , , , , , , , , , , , , , , , , , , , , , 
3.8376346, 0.0149386, , , , , , , 3.8376346, -0.0639506, , , , , , , 3.8376346, -0.1539178, , , , , , , 3.8376346, 0.0179599, , , , , , , , , , , , , , , , , , , , , , , , , , , , 
3.8381538, 0.0062104, , , , , , , 3.8381538, -0.0592508, , , , , , , 3.8381538, -0.1540856, , , , , , , 3.8381538, 0.0146029, , , , , , , , , , , , , , , , , , , , , , , , , , , , 
3.8386731, 0.0015106, , , , , , , 3.8386731, -0.0538796, , , , , , , 3.8386731, -0.1505608, , , , , , , 3.8386731, 0.014435, , , , , , , , , , , , , , , , , , , , , , , , , , , , 
3.8391923, 0.0048676, , , , , , , 3.8391923, -0.04448, , , , , , , 3.8391923, -0.1438468, , , , , , , 3.8391923, 0.0159457, , , , , , , , , , , , , , , , , , , , , , , , , , , , 
3.8397115, 0.0065461, , , , , , , 3.8397115, -0.0283665, , , , , , , 3.8397115, -0.1381399, , , , , , , 3.8397115, 0.0139315, , , , , , , , , , , , , , , , , , , , , , , , , , , , 
3.8402308, 0.006714, , , , , , , 3.8402308, -0.018967, , , , , , , 3.8402308, -0.124712, , , , , , , 3.8402308, 0.0115816, , , , , , , , , , , , , , , , , , , , , , , , , , , , 
3.84075, 0.0085603, , , , , , , 3.84075, -0.0109102, , , , , , , 3.84075, -0.0923171, , , , , , , 3.84075, 0.0105745, , , , , , , , , , , , , , , , , , , , , , , , , , , , 
3.8412692, 0.0109102, , , , , , , 3.8412692, -0.0001678, , , , , , , 3.8412692, -0.0428016, , , , , , , 3.8412692, 0.0092317, , , , , , , , , , , , , , , , , , , , , , , , , , , , 
3.8417885, 0.0142672, , , , , , , 3.8417885, 0.0052033, , , , , , , 3.8417885, 0.0068818, , , , , , , 3.8417885, 0.0041962, , , , , , , , , , , , , , , , , , , , , , , , , , , , 
3.8423077, 0.0159457, , , , , , , 3.8423077, 0.0038605, , , , , , , 3.8423077, 0.0397803, , , , , , , 3.8423077, -0.0048676, , , , , , , , , , , , , , , , , , , , , , , , , , , , 
3.8428269, 0.0213169, , , , , , , 3.8428269, -0.0041962, , , , , , , 3.8428269, 0.0569009, , , , , , , 3.8428269, -0.012253, , , , , , , , , , , , , , , , , , , , , , , , , , , , 
3.8433462, 0.0337377, , , , , , , 3.8433462, -0.0139315, , , , , , , 3.8433462, 0.0681468, , , , , , , 3.8433462, -0.0179599, , , , , , , , , , , , , , , , , , , , , , , , , , , , 
3.8438654, 0.0464942, , , , , , , 3.8438654, -0.0159457, , , , , , , 3.8438654, 0.0763714, , , , , , , 3.8438654, -0.0246738, , , , , , , , , , , , , , , , , , , , , , , , , , , , 
3.8443846, 0.056733, , , , , , , 3.8443846, -0.014435, , , , , , , 3.8443846, 0.0763714, , , , , , , 3.8443846, -0.0287022, , , , , , , , , , , , , , , , , , , , , , , , , , , , 
3.8449038, 0.0656291, , , , , , , 3.8449038, -0.0240024, , , , , , , 3.8449038, 0.0595865, , , , , , , 3.8449038, -0.0327306, , , , , , , , , , , , , , , , , , , , , , , , , , , , 
3.8454231, 0.0760357, , , , , , , 3.8454231, -0.036759, , , , , , , 3.8454231, 0.027863, , , , , , , 3.8454231, -0.0357519, , , , , , , , , , , , , , , , , , , , , , , , , , , , 
3.8459423, 0.0830854, , , , , , , 3.8459423, -0.0350805, , , , , , , 3.8459423, -0.0112459, , , , , , , 3.8459423, -0.0327306, , , , , , , , , , , , , , , , , , , , , , , , , , , , 
3.8464615, 0.0822461, , , , , , , 3.8464615, -0.0260166, , , , , , , 3.8464615, -0.0488441, , , , , , , 3.8464615, -0.0256809, , , , , , , , , , , , , , , , , , , , , , , , , , , , 
3.8469808, 0.0726787, , , , , , , 3.8469808, -0.0135958, , , , , , , 3.8469808, -0.0726787, , , , , , , 3.8469808, -0.017792, , , , , , , , , , , , , , , , , , , , , , , , , , , , 
3.8475, 0.0609293, , , , , , , 3.8475, -0.0072175, , , , , , , 3.8475, -0.0770428, , , , , , , 3.8475, -0.0132601, , , , , , , , , , , , , , , , , , , , , , , , , , , , 
3.8480192, 0.0515297, , , , , , , 3.8480192, 0.0001678, , , , , , , 3.8480192, -0.0718395, , , , , , , 3.8480192, -0.0085603, , , , , , , , , , , , , , , , , , , , , , , , , , , , 
3.8485385, 0.0428016, , , , , , , 3.8485385, 0.0191348, , , , , , , 3.8485385, -0.0673075, , , , , , , 3.8485385, -0.0036927, , , , , , , , , , , , , , , , , , , , , , , , , , , , 
3.8490577, 0.0303807, , , , , , , 3.8490577, 0.0374304, , , , , , , 3.8490577, -0.0720073, , , , , , , 3.8490577, 0.0003357, , , , , , , , , , , , , , , , , , , , , , , , , , , , 
3.8495769, 0.0132601, , , , , , , 3.8495769, 0.0475013, , , , , , , 3.8495769, -0.0908064, , , , , , , 3.8495769, 0.0068818, , , , , , , , , , , , , , , , , , , , , , , , , , , , 
3.8500962, 0.0003357, , , , , , , 3.8500962, 0.0562295, , , , , , , 3.8500962, -0.1151446, , , , , , , 3.8500962, 0.0182956, , , , , , , , , , , , , , , , , , , , , , , , , , , , 
3.8506154, -0.0109102, , , , , , , 3.8506154, 0.057908, , , , , , , 3.8506154, -0.1257191, , , , , , , 3.8506154, 0.0285344, , , , , , , , , , , , , , , , , , , , , , , , , , , , 
3.8511346, -0.0276951, , , , , , , 3.8511346, 0.0451514, , , , , , , 3.8511346, -0.124712, , , , , , , 3.8511346, 0.0381018, , , , , , , , , , , , , , , , , , , , , , , , , , , , 
3.8516538, -0.0458228, , , , , , , 3.8516538, 0.0293736, , , , , , , 3.8516538, -0.1136339, , , , , , , 3.8516538, 0.0481727, , , , , , , , , , , , , , , , , , , , , , , , , , , , 
3.8521731, -0.0605936, , , , , , , 3.8521731, 0.0213169, , , , , , , 3.8521731, -0.0820783, , , , , , , 3.8521731, 0.0595865, , , , , , , , , , , , , , , , , , , , , , , , , , , , 
3.8526923, -0.0674754, , , , , , , 3.8526923, 0.0159457, , , , , , , 3.8526923, -0.036759, , , , , , , 3.8526923, 0.0741894, , , , , , , , , , , , , , , , , , , , , , , , , , , , 
3.8532115, -0.0659648, , , , , , , 3.8532115, 0.0028534, , , , , , , 3.8532115, 0.0045319, , , , , , , 3.8532115, 0.0877852, , , , , , , , , , , , , , , , , , , , , , , , , , , , 
3.8537308, -0.0580758, , , , , , , 3.8537308, -0.012253, , , , , , , 3.8537308, 0.0293736, , , , , , , 3.8537308, 0.0948348, , , , , , , , , , , , , , , , , , , , , , , , , , , , 
3.85425, -0.047837, , , , , , , 3.85425, -0.0162814, , , , , , , 3.85425, 0.0406195, , , , , , , 3.85425, 0.0943313, , , , , , , , , , , , , , , , , , , , , , , , , , , , 
3.8547692, -0.0396124, , , , , , , 3.8547692, -0.0347448, , , , , , , 3.8547692, 0.0513619, , , , , , , 3.8547692, 0.085771, , , , , , , , , , , , , , , , , , , , , , , , , , , , 
3.8552885, -0.0287022, , , , , , , 3.8552885, -0.0741894, , , , , , , 3.8552885, 0.0649577, , , , , , , 3.8552885, 0.0703288, , , , , , , , , , , , , , , , , , , , , , , , , , , , 
3.8558077, -0.0229953, , , , , , , 3.8558077, -0.103563, , , , , , , 3.8558077, 0.0743572, , , , , , , 3.8558077, 0.0532082, , , , , , , , , , , , , , , , , , , , , , , , , , , , 
3.8563269, -0.0246738, , , , , , , 3.8563269, -0.0931563, , , , , , , 3.8563269, 0.0793927, , , , , , , 3.8563269, 0.0357519, , , , , , , , , , , , , , , , , , , , , , , , , , , , 
3.8568462, -0.0240024, , , , , , , 3.8568462, -0.0548867, , , , , , , 3.8568462, 0.0867781, , , , , , , 3.8568462, 0.0193027, , , , , , , , , , , , , , , , , , , , , , , , , , , , 
3.8573654, -0.0182956, , , , , , , 3.8573654, -0.0149386, , , , , , , 3.8573654, 0.0944991, , , , , , , 3.8573654, 0.0036927, , , , , , , , , , , , , , , , , , , , , , , , , , , , 
3.8578846, -0.0082246, , , , , , , 3.8578846, 0.0139315, , , , , , , 3.8578846, 0.0998703, , , , , , , 3.8578846, -0.0082246, , , , , , , , , , , , , , , , , , , , , , , , , , , , 
3.8584038, 0.0005035, , , , , , , 3.8584038, 0.0152743, , , , , , , 3.8584038, 0.1038987, , , , , , , 3.8584038, -0.018967, , , , , , , , , , , , , , , , , , , , , , , , , , , , 
3.8589231, 0.0065461, , , , , , , 3.8589231, -0.0095674, , , , , , , 3.8589231, 0.1018845, , , , , , , 3.8589231, -0.0305486, , , , , , , , , , , , , , , , , , , , , , , , , , , , 
3.8594423, 0.0099031, , , , , , , 3.8594423, -0.0532082, , , , , , , 3.8594423, 0.0918135, , , , , , , 3.8594423, -0.036759, , , , , , , , , , , , , , , , , , , , , , , , , , , , 
3.8599615, 0.0115816, , , , , , , 3.8599615, -0.1082628, , , , , , , 3.8599615, 0.0803998, , , , , , , 3.8599615, -0.0357519, , , , , , , , , , , , , , , , , , , , , , , , , , , , 
3.8604808, 0.0176242, , , , , , , 3.8604808, -0.1431754, , , , , , , 3.8604808, 0.0693217, , , , , , , 3.8604808, -0.0330663, , , , , , , , , , , , , , , , , , , , , , , , , , , , 
3.861, 0.0236667, , , , , , , 3.861, -0.1332723, , , , , , , 3.861, 0.0595865, , , , , , , 3.861, -0.0327306, , , , , , , , , , , , , , , , , , , , , , , , , , , , 
3.8615192, 0.0290379, , , , , , , 3.8615192, -0.0918135, , , , , , , 3.8615192, 0.0515297, , , , , , , 3.8615192, -0.0317235, , , , , , , , , , , , , , , , , , , , , , , , , , , , 
3.8620385, 0.0290379, , , , , , , 3.8620385, -0.0488441, , , , , , , 3.8620385, 0.0424659, , , , , , , 3.8620385, -0.0283665, , , , , , , , , , , , , , , , , , , , , , , , , , , , 
3.8625577, 0.030045, , , , , , , 3.8625577, -0.0236667, , , , , , , 3.8625577, 0.0357519, , , , , , , 3.8625577, -0.0250095, , , , , , , , , , , , , , , , , , , , , , , , , , , , 
3.8630769, 0.0421302, , , , , , , 3.8630769, -0.0125887, , , , , , , 3.8630769, 0.0337377, , , , , , , 3.8630769, -0.0223239, , , , , , , , , , , , , , , , , , , , , , , , , , , , 
3.8635962, 0.0562295, , , , , , , 3.8635962, -0.0085603, , , , , , , 3.8635962, 0.0320592, , , , , , , 3.8635962, -0.021149, , , , , , , , , , , , , , , , , , , , , , , , , , , , 
3.8641154, 0.0683146, , , , , , , 3.8641154, -0.0085603, , , , , , , 3.8641154, 0.0297093, , , , , , , 3.8641154, -0.0196384, , , , , , , , , , , , , , , , , , , , , , , , , , , , 
3.8646346, 0.076875, , , , , , , 3.8646346, -0.0045319, , , , , , , 3.8646346, 0.0293736, , , , , , , 3.8646346, -0.0140993, , , , , , , , , , , , , , , , , , , , , , , , , , , , 
3.8651538, 0.0763714, , , , , , , 3.8651538, 0.0036927, , , , , , , 3.8651538, 0.0287022, , , , , , , 3.8651538, -0.0031891, , , , , , , , , , , , , , , , , , , , , , , , , , , , 
3.8656731, 0.0716716, , , , , , , 3.8656731, 0.0058747, , , , , , , 3.8656731, 0.0250095, , , , , , , 3.8656731, 0.0105745, , , , , , , , , , , , , , , , , , , , , , , , , , , , 
3.8661923, 0.0663005, , , , , , , 3.8661923, 0.0018463, , , , , , , 3.8661923, 0.0181277, , , , , , , 3.8661923, 0.0260166, , , , , , , , , , , , , , , , , , , , , , , , , , , , 
3.8667115, 0.0595865, , , , , , , 3.8667115, -0.0058747, , , , , , , 3.8667115, 0.0115816, , , , , , , 3.8667115, 0.043473, , , , , , , , , , , , , , , , , , , , , , , , , , , , 
3.8672308, 0.0505226, , , , , , , 3.8672308, -0.0109102, , , , , , , 3.8672308, 0.0065461, , , , , , , 3.8672308, 0.0595865, , , , , , , , , , , , , , , , , , , , , , , , , , , , 
3.86775, 0.036759, , , , , , , 3.86775, -0.0077211, , , , , , , 3.86775, 0.0003357, , , , , , , 3.86775, 0.0676432, , , , , , , , , , , , , , , , , , , , , , , , , , , , 
3.8682692, 0.0236667, , , , , , , 3.8682692, 0.011078, , , , , , , 3.8682692, -0.0115816, , , , , , , 3.8682692, 0.0676432, , , , , , , , , , , , , , , , , , , , , , , , , , , , 
3.8687885, 0.0203098, , , , , , , 3.8687885, 0.0575723, , , , , , , 3.8687885, -0.0203098, , , , , , , 3.8687885, 0.0621042, , , , , , , , , , , , , , , , , , , , , , , , , , , , 
3.8693077, 0.0140993, , , , , , , 3.8693077, 0.105745, , , , , , , 3.8693077, -0.0213169, , , , , , , 3.8693077, 0.0552224, , , , , , , , , , , , , , , , , , , , , , , , , , , , 
3.8698269, 0.0043641, , , , , , , 3.8698269, 0.1122911, , , , , , , 3.8698269, -0.0199741, , , , , , , 3.8698269, 0.0485084, , , , , , , , , , , , , , , , , , , , , , , , , , , , 
3.8703462, -0.0083925, , , , , , , 3.8703462, 0.0775463, , , , , , , 3.8703462, -0.018967, , , , , , , 3.8703462, 0.0417945, , , , , , , , , , , , , , , , , , , , , , , , , , , , 
3.8708654, -0.0204776, , , , , , , 3.8708654, 0.0325628, , , , , , , 3.8708654, -0.0129244, , , , , , , 3.8708654, 0.0364233, , , , , , , , , , , , , , , , , , , , , , , , , , , , 
3.8713846, -0.0290379, , , , , , , 3.8713846, 0.0031891, , , , , , , 3.8713846, -0.0025177, , , , , , , 3.8713846, 0.030045, , , , , , , , , , , , , , , , , , , , , , , , , , , , 
3.8719038, -0.0404517, , , , , , , 3.8719038, -0.0068818, , , , , , , 3.8719038, 0.0078889, , , , , , , 3.8719038, 0.0246738, , , , , , , , , , , , , , , , , , , , , , , , , , , , 
3.8724231, -0.0501869, , , , , , , 3.8724231, -0.0052033, , , , , , , 3.8724231, 0.0129244, , , , , , , 3.8724231, 0.0209812, , , , , , , , , , , , , , , , , , , , , , , , , , , , 
3.8729423, -0.0481727, , , , , , , 3.8729423, -0.0015106, , , , , , , 3.8729423, 0.0092317, , , , , , , 3.8729423, 0.0172885, , , , , , , , , , , , , , , , , , , , , , , , , , , , 
3.8734615, -0.0384375, , , , , , , 3.8734615, -0.0109102, , , , , , , 3.8734615, 0.0010071, , , , , , , 3.8734615, 0.0112459, , , , , , , , , , , , , , , , , , , , , , , , , , , , 
3.8739808, -0.0287022, , , , , , , 3.8739808, -0.0381018, , , , , , , 3.8739808, 0.0031891, , , , , , , 3.8739808, 0.0041962, , , , , , , , , , , , , , , , , , , , , , , , , , , , 
3.8745, -0.0196384, , , , , , , 3.8745, -0.0649577, , , , , , , 3.8745, 0.0151064, , , , , , , 3.8745, -0.0008392, , , , , , , , , , , , , , , , , , , , , , , , , , , , 
3.8750192, -0.0072175, , , , , , , 3.8750192, -0.0706645, , , , , , , 3.8750192, 0.0213169, , , , , , , 3.8750192, -0.0028534, , , , , , , , , , , , , , , , , , , , , , , , , , , , 
3.8755385, 0.0065461, , , , , , , 3.8755385, -0.0532082, , , , , , , 3.8755385, 0.0159457, , , , , , , 3.8755385, -0.0028534, , , , , , , , , , , , , , , , , , , , , , , , , , , , 
3.8760577, 0.0166171, , , , , , , 3.8760577, -0.0206455, , , , , , , 3.8760577, 0.0082246, , , , , , , 3.8760577, -0.0035248, , , , , , , , , , , , , , , , , , , , , , , , , , , , 
3.8765769, 0.0250095, , , , , , , 3.8765769, 0.0169528, , , , , , , 3.8765769, 0.0015106, , , , , , , 3.8765769, -0.0045319, , , , , , , , , , , , , , , , , , , , , , , , , , , , 
3.8770962, 0.0327306, , , , , , , 3.8770962, 0.0360876, , , , , , , 3.8770962, -0.0065461, , , , , , , 3.8770962, -0.0043641, , , , , , , , , , , , , , , , , , , , , , , , , , , , 
3.8776154, 0.040116, , , , , , , 3.8776154, 0.0411231, , , , , , , 3.8776154, -0.023331, , , , , , , 3.8776154, -0.0031891, , , , , , , , , , , , , , , , , , , , , , , , , , , , 
3.8781346, 0.043473, , , , , , , 3.8781346, 0.043473, , , , , , , 3.8781346, -0.0513619, , , , , , , 3.8781346, -0.002182, , , , , , , , , , , , , , , , , , , , , , , , , , , , 
3.8786538, 0.0426337, , , , , , , 3.8786538, 0.0347448, , , , , , , 3.8786538, -0.0867781, , , , , , , 3.8786538, -0.0001678, , , , , , , , , , , , , , , , , , , , , , , , , , , , 
3.8791731, 0.0384375, , , , , , , 3.8791731, 0.0216526, , , , , , , 3.8791731, -0.1156481, , , , , , , 3.8791731, 0.0001678, , , , , , , , , , , , , , , , , , , , , , , , , , , , 
3.8796923, 0.0340734, , , , , , , 3.8796923, 0.0129244, , , , , , , 3.8796923, -0.1354543, , , , , , , 3.8796923, -0.0008392, , , , , , , , , , , , , , , , , , , , , , , , , , , , 
3.8802115, 0.0313878, , , , , , , 3.8802115, 0.0050355, , , , , , , 3.8802115, -0.1505608, , , , , , , 3.8802115, 0.0018463, , , , , , , , , , , , , , , , , , , , , , , , , , , , 
3.8807308, 0.026688, , , , , , , 3.8807308, -0.0048676, , , , , , , 3.8807308, -0.160296, , , , , , , 3.8807308, 0.0072175, , , , , , , , , , , , , , , , , , , , , , , , , , , , 
3.88125, 0.0273594, , , , , , , 3.88125, -0.0109102, , , , , , , 3.88125, -0.1628138, , , , , , , 3.88125, 0.0171206, , , , , , , , , , , , , , , , , , , , , , , , , , , , 
3.8817692, 0.030045, , , , , , , 3.8817692, -0.012253, , , , , , , 3.8817692, -0.1619745, , , , , , , 3.8817692, 0.0255131, , , , , , , , , , , , , , , , , , , , , , , , , , , , 
3.8822885, 0.0327306, , , , , , , 3.8822885, -0.0246738, , , , , , , 3.8822885, -0.1549248, , , , , , , 3.8822885, 0.0271916, , , , , , , , , , , , , , , , , , , , , , , , , , , , 
3.8828077, 0.030045, , , , , , , 3.8828077, -0.0446479, , , , , , , 3.8828077, -0.1373007, , , , , , , 3.8828077, 0.0250095, , , , , , , , , , , , , , , , , , , , , , , , , , , , 
3.8833269, 0.0313878, , , , , , , 3.8833269, -0.0414588, , , , , , , 3.8833269, -0.110277, , , , , , , 3.8833269, 0.0224918, , , , , , , , , , , , , , , , , , , , , , , , , , , , 
3.8838462, 0.040116, , , , , , , 3.8838462, -0.0171206, , , , , , , 3.8838462, -0.0820783, , , , , , , 3.8838462, 0.0209812, , , , , , , , , , , , , , , , , , , , , , , , , , , , 
3.8843654, 0.0468299, , , , , , , 3.8843654, -0.0045319, , , , , , , 3.8843654, -0.0533761, , , , , , , 3.8843654, 0.0204776, , , , , , , , , , , , , , , , , , , , , , , , , , , , 
3.8848846, 0.0491798, , , , , , , 3.8848846, -0.011078, , , , , , , 3.8848846, -0.0256809, , , , , , , 3.8848846, 0.0172885, , , , , , , , , , , , , , , , , , , , , , , , , , , , 
3.8854038, 0.0495155, , , , , , , 3.8854038, -0.0109102, , , , , , , 3.8854038, -0.0005035, , , , , , , 3.8854038, 0.0105745, , , , , , , , , , , , , , , , , , , , , , , , , , , , 
3.8859231, 0.0475013, , , , , , , 3.8859231, -0.0018463, , , , , , , 3.8859231, 0.0218204, , , , , , , 3.8859231, 0.0005035, , , , , , , , , , , , , , , , , , , , , , , , , , , , 
3.8864423, 0.0417945, , , , , , , 3.8864423, -0.0025177, , , , , , , 3.8864423, 0.0412909, , , , , , , 3.8864423, -0.0083925, , , , , , , , , , , , , , , , , , , , , , , , , , , , 
3.8869615, 0.0325628, , , , , , , 3.8869615, -0.0159457, , , , , , , 3.8869615, 0.0609293, , , , , , , 3.8869615, -0.0099031, , , , , , , , , , , , , , , , , , , , , , , , , , , , 
3.8874808, 0.0213169, , , , , , , 3.8874808, -0.0287022, , , , , , , 3.8874808, 0.0773785, , , , , , , 3.8874808, -0.0082246, , , , , , , , , , , , , , , , , , , , , , , , , , , , 
3.888, 0.0105745, , , , , , , 3.888, -0.0229953, , , , , , , 3.888, 0.0835889, , , , , , , 3.888, -0.0085603, , , , , , , , , , , , , , , , , , , , , , , , , , , , 
3.8885192, 0.0050355, , , , , , , 3.8885192, 0.0005035, , , , , , , 3.8885192, 0.0795605, , , , , , , 3.8885192, -0.0105745, , , , , , , , , , , , , , , , , , , , , , , , , , , , 
3.8890385, 0.0035248, , , , , , , 3.8890385, 0.018967, , , , , , , 3.8890385, 0.068986, , , , , , , 3.8890385, -0.0109102, , , , , , , , , , , , , , , , , , , , , , , , , , , , 
3.8895577, 0.0010071, , , , , , , 3.8895577, 0.033402, , , , , , , 3.8895577, 0.0525368, , , , , , , 3.8895577, -0.0083925, , , , , , , , , , , , , , , , , , , , , , , , , , , , 
3.8900769, -0.008896, , , , , , , 3.8900769, 0.0525368, , , , , , , 3.8900769, 0.0347448, , , , , , , 3.8900769, -0.0028534, , , , , , , , , , , , , , , , , , , , , , , , , , , , 
3.8905962, -0.0219883, , , , , , , 3.8905962, 0.0575723, , , , , , , 3.8905962, 0.0216526, , , , , , , 3.8905962, 0.0028534, , , , , , , , , , , , , , , , , , , , , , , , , , , , 
3.8911154, -0.0297093, , , , , , , 3.8911154, 0.0328985, , , , , , , 3.8911154, 0.0125887, , , , , , , 3.8911154, 0.006714, , , , , , , , , , , , , , , , , , , , , , , , , , , , 
3.8916346, -0.0317235, , , , , , , 3.8916346, 0.0065461, , , , , , , 3.8916346, 0.005539, , , , , , , 3.8916346, 0.0109102, , , , , , , , , , , , , , , , , , , , , , , , , , , , 
3.8921538, -0.0340734, , , , , , , 3.8921538, -0.0025177, , , , , , , 3.8921538, -0.0048676, , , , , , , 3.8921538, 0.0140993, , , , , , , , , , , , , , , , , , , , , , , , , , , , 
3.8926731, -0.0399481, , , , , , , 3.8926731, -0.0125887, , , , , , , 3.8926731, -0.0206455, , , , , , , 3.8926731, 0.0152743, , , , , , , , , , , , , , , , , , , , , , , , , , , , 
3.8931923, -0.0404517, , , , , , , 3.8931923, -0.0298772, , , , , , , 3.8931923, -0.036759, , , , , , , 3.8931923, 0.0146029, , , , , , , , , , , , , , , , , , , , , , , , , , , , 
3.8937115, -0.0251774, , , , , , , 3.8937115, -0.0323949, , , , , , , 3.8937115, -0.0505226, , , , , , , 3.8937115, 0.0166171, , , , , , , , , , , , , , , , , , , , , , , , , , , , 
3.8942308, -0.010071, , , , , , , 3.8942308, -0.0219883, , , , , , , 3.8942308, -0.0582437, , , , , , , 3.8942308, 0.0226596, , , , , , , , , , , , , , , , , , , , , , , , , , , , 
3.89475, -0.0008392, , , , , , , 3.89475, -0.0350805, , , , , , , 3.89475, -0.0595865, , , , , , , 3.89475, 0.0280308, , , , , , , , , , , , , , , , , , , , , , , , , , , , 
3.8952692, 0.005539, , , , , , , 3.8952692, -0.0773785, , , , , , , 3.8952692, -0.0532082, , , , , , , 3.8952692, 0.0347448, , , , , , , , , , , , , , , , , , , , , , , , , , , , 
3.8957885, 0.0065461, , , , , , , 3.8957885, -0.1082628, , , , , , , 3.8957885, -0.0372625, , , , , , , 3.8957885, 0.0431373, , , , , , , , , , , , , , , , , , , , , , , , , , , , 
3.8963077, -0.0041962, , , , , , , 3.8963077, -0.0995346, , , , , , , 3.8963077, -0.0196384, , , , , , , 3.8963077, 0.047837, , , , , , , , , , , , , , , , , , , , , , , , , , , , 
3.8968269, -0.012253, , , , , , , 3.8968269, -0.0553902, , , , , , , 3.8968269, 0.0052033, , , , , , , 3.8968269, 0.0461585, , , , , , , , , , , , , , , , , , , , , , , , , , , , 
3.8973462, -0.0068818, , , , , , , 3.8973462, -0.0105745, , , , , , , 3.8973462, 0.0340734, , , , , , , 3.8973462, 0.0411231, , , , , , , , , , , , , , , , , , , , , , , , , , , , 
3.8978654, 0.0057069, , , , , , , 3.8978654, -0.0008392, , , , , , , 3.8978654, 0.0555581, , , , , , , 3.8978654, 0.0365911, , , , , , , , , , , , , , , , , , , , , , , , , , , , 
3.8983846, 0.0149386, , , , , , , 3.8983846, -0.0224918, , , , , , , 3.8983846, 0.0639506, , , , , , , 3.8983846, 0.0330663, , , , , , , , , , , , , , , , , , , , , , , , , , , , 
3.8989038, 0.0162814, , , , , , , 3.8989038, -0.0491798, , , , , , , 3.8989038, 0.0614328, , , , , , , 3.8989038, 0.023331, , , , , , , , , , , , , , , , , , , , , , , , , , , , 
3.8994231, 0.0169528, , , , , , , 3.8994231, -0.0699931, , , , , , , 3.8994231, 0.0562295, , , , , , , 3.8994231, 0.0125887, , , , , , , , , , , , , , , , , , , , , , , , , , , , 
3.8999423, 0.0186313, , , , , , , 3.8999423, -0.0839246, , , , , , , 3.8999423, 0.0428016, , , , , , , 3.8999423, 0.0072175, , , , , , , , , , , , , , , , , , , , , , , , , , , , 
3.9004615, 0.0159457, , , , , , , 3.9004615, -0.0897993, , , , , , , 3.9004615, 0.0186313, , , , , , , 3.9004615, 0.0045319, , , , , , , , , , , , , , , , , , , , , , , , , , , , 
3.9009808, 0.01561, , , , , , , 3.9009808, -0.0726787, , , , , , , 3.9009808, -0.0072175, , , , , , , 3.9009808, 0.0005035, , , , , , , , , , , , , , , , , , , , , , , , , , , , 
3.9015, 0.0229953, , , , , , , 3.9015, -0.0276951, , , , , , , 3.9015, -0.0176242, , , , , , , 3.9015, -0.0045319, , , , , , , , , , , , , , , , , , , , , , , , , , , , 
3.9020192, 0.0303807, , , , , , , 3.9020192, 0.0171206, , , , , , , 3.9020192, -0.0162814, , , , , , , 3.9020192, -0.0063783, , , , , , , , , , , , , , , , , , , , , , , , , , , , 
3.9025385, 0.0320592, , , , , , , 3.9025385, 0.033402, , , , , , , 3.9025385, -0.0196384, , , , , , , 3.9025385, -0.0082246, , , , , , , , , , , , , , , , , , , , , , , , , , , , 
3.9030577, 0.0384375, , , , , , , 3.9030577, 0.0253452, , , , , , , 3.9030577, -0.0246738, , , , , , , 3.9030577, -0.0149386, , , , , , , , , , , , , , , , , , , , , , , , , , , , 
3.9035769, 0.0575723, , , , , , , 3.9035769, 0.0169528, , , , , , , 3.9035769, -0.0216526, , , , , , , 3.9035769, -0.0223239, , , , , , , , , , , , , , , , , , , , , , , , , , , , 
3.9040962, 0.0743572, , , , , , , 3.9040962, 0.0203098, , , , , , , 3.9040962, -0.01561, , , , , , , 3.9040962, -0.0256809, , , , , , , , , , , , , , , , , , , , , , , , , , , , 
3.9046154, 0.0809033, , , , , , , 3.9046154, 0.0317235, , , , , , , 3.9046154, -0.0105745, , , , , , , 3.9046154, -0.0270237, , , , , , , , , , , , , , , , , , , , , , , , , , , , 
3.9051346, 0.0837568, , , , , , , 3.9051346, 0.0453193, , , , , , , 3.9051346, -0.0035248, , , , , , , 3.9051346, -0.0287022, , , , , , , , , , , , , , , , , , , , , , , , , , , , 
3.9056538, 0.0884565, , , , , , , 3.9056538, 0.0558938, , , , , , , 3.9056538, 0.0060426, , , , , , , 3.9056538, -0.0260166, , , , , , , , , , , , , , , , , , , , , , , , , , , , 
3.9061731, 0.0874495, , , , , , , 3.9061731, 0.0605936, , , , , , , 3.9061731, 0.0132601, , , , , , , 3.9061731, -0.0209812, , , , , , , , , , , , , , , , , , , , , , , , , , , , 
3.9066923, 0.0758679, , , , , , , 3.9066923, 0.0572366, , , , , , , 3.9066923, 0.0164492, , , , , , , 3.9066923, -0.0172885, , , , , , , , , , , , , , , , , , , , , , , , , , , , 
3.9072115, 0.0562295, , , , , , , 3.9072115, 0.0522011, , , , , , , 3.9072115, 0.0157778, , , , , , , 3.9072115, -0.008896, , , , , , , , , , , , , , , , , , , , , , , , , , , , 
3.9077308, 0.0387732, , , , , , , 3.9077308, 0.0575723, , , , , , , 3.9077308, 0.0146029, , , , , , , 3.9077308, 0.0005035, , , , , , , , , , , , , , , , , , , , , , , , , , , , 
3.90825, 0.0276951, , , , , , , 3.90825, 0.072343, , , , , , , 3.90825, 0.0135958, , , , , , , 3.90825, 0.0078889, , , , , , , , , , , , , , , , , , , , , , , , , , , , 
3.9087692, 0.0199741, , , , , , , 3.9087692, 0.079057, , , , , , , 3.9087692, 0.0078889, , , , , , , 3.9087692, 0.0149386, , , , , , , , , , , , , , , , , , , , , , , , , , , , 
3.9092885, 0.0112459, , , , , , , 3.9092885, 0.0676432, , , , , , , 3.9092885, 0.0026856, , , , , , , 3.9092885, 0.0191348, , , , , , , , , , , , , , , , , , , , , , , , , , , , 
3.9098077, -0.0062104, , , , , , , 3.9098077, 0.036759, , , , , , , 3.9098077, -0.0035248, , , , , , , 3.9098077, 0.0186313, , , , , , , , , , , , , , , , , , , , , , , , , , , , 
3.9103269, -0.0243381, , , , , , , 3.9103269, 0.0036927, , , , , , , 3.9103269, -0.0125887, , , , , , , 3.9103269, 0.0186313, , , , , , , , , , , , , , , , , , , , , , , , , , , , 
3.9108462, -0.0374304, , , , , , , 3.9108462, -0.0229953, , , , , , , 3.9108462, -0.0224918, , , , , , , 3.9108462, 0.0238346, , , , , , , , , , , , , , , , , , , , , , , , , , , , 
3.9113654, -0.0498512, , , , , , , 3.9113654, -0.0485084, , , , , , , 3.9113654, -0.0271916, , , , , , , 3.9113654, 0.0360876, , , , , , , , , , , , , , , , , , , , , , , , , , , , 
3.9118846, -0.0558938, , , , , , , 3.9118846, -0.0671397, , , , , , , 3.9118846, -0.0246738, , , , , , , 3.9118846, 0.0498512, , , , , , , , , , , , , , , , , , , , , , , , , , , , 
3.9124038, -0.0569009, , , , , , , 3.9124038, -0.0663005, , , , , , , 3.9124038, -0.0223239, , , , , , , 3.9124038, 0.0594186, , , , , , , , , , , , , , , , , , , , , , , , , , , , 
3.9129231, -0.0562295, , , , , , , 3.9129231, -0.0498512, , , , , , , 3.9129231, -0.0216526, , , , , , , 3.9129231, 0.0656291, , , , , , , , , , , , , , , , , , , , , , , , , , , , 
3.9134423, -0.047837, , , , , , , 3.9134423, -0.0505226, , , , , , , 3.9134423, -0.0179599, , , , , , , 3.9134423, 0.0679789, , , , , , , , , , , , , , , , , , , , , , , , , , , , 
3.9139615, -0.0374304, , , , , , , 3.9139615, -0.0726787, , , , , , , 3.9139615, -0.0095674, , , , , , , 3.9139615, 0.0652934, , , , , , , , , , , , , , , , , , , , , , , , , , , , 
3.9144808, -0.0238346, , , , , , , 3.9144808, -0.0753643, , , , , , , 3.9144808, 0.0038605, , , , , , , 3.9144808, 0.0575723, , , , , , , , , , , , , , , , , , , , , , , , , , , , 
3.915, -0.0135958, , , , , , , 3.915, -0.0508583, , , , , , , 3.915, 0.0184634, , , , , , , 3.915, 0.0518654, , , , , , , , , , , , , , , , , , , , , , , , , , , , 
3.9155192, -0.0078889, , , , , , , 3.9155192, -0.0271916, , , , , , , 3.9155192, 0.0318914, , , , , , , 3.9155192, 0.0506905, , , , , , , , , , , , , , , , , , , , , , , , , , , , 
3.9160385, -0.0015106, , , , , , , 3.9160385, -0.0149386, , , , , , , 3.9160385, 0.0433051, , , , , , , 3.9160385, 0.0542153, , , , , , , , , , , , , , , , , , , , , , , , , , , , 
3.9165577, 0.0068818, , , , , , , 3.9165577, -0.0104067, , , , , , , 3.9165577, 0.0522011, , , , , , , 3.9165577, 0.0587472, , , , , , , , , , , , , , , , , , , , , , , , , , , , 
3.9170769, 0.0105745, , , , , , , 3.9170769, -0.0115816, , , , , , , 3.9170769, 0.0565652, , , , , , , 3.9170769, 0.057908, , , , , , , , , , , , , , , , , , , , , , , , , , , , 
3.9175962, 0.0115816, , , , , , , 3.9175962, -0.0082246, , , , , , , 3.9175962, 0.0552224, , , , , , , 3.9175962, 0.0506905, , , , , , , , , , , , , , , , , , , , , , , , , , , , 
3.9181154, 0.0092317, , , , , , , 3.9181154, -0.0028534, , , , , , , 3.9181154, 0.0542153, , , , , , , 3.9181154, 0.0370947, , , , , , , , , , , , , , , , , , , , , , , , , , , , 
3.9186346, 0.0048676, , , , , , , 3.9186346, 0.0159457, , , , , , , 3.9186346, 0.0522011, , , , , , , 3.9186346, 0.024506, , , , , , , , , , , , , , , , , , , , , , , , , , , , 
3.9191538, 0.0045319, , , , , , , 3.9191538, 0.0518654, , , , , , , 3.9191538, 0.0461585, , , , , , , 3.9191538, 0.0172885, , , , , , , , , , , , , , , , , , , , , , , , , , , , 
3.9196731, 0.0090639, , , , , , , 3.9196731, 0.0733501, , , , , , , 3.9196731, 0.036759, , , , , , , 3.9196731, 0.012253, , , , , , , , , , , , , , , , , , , , , , , , , , , , 
3.9201923, 0.0139315, , , , , , , 3.9201923, 0.068986, , , , , , , 3.9201923, 0.0292058, , , , , , , 3.9201923, 0.0075532, , , , , , , , , , , , , , , , , , , , , , , , , , , , 
3.9207115, 0.0151064, , , , , , , 3.9207115, 0.0626078, , , , , , , 3.9207115, 0.0298772, , , , , , , 3.9207115, 0.0046998, , , , , , , , , , , , , , , , , , , , , , , , , , , , 
3.9212308, 0.0159457, , , , , , , 3.9212308, 0.0639506, , , , , , , 3.9212308, 0.0337377, , , , , , , 3.9212308, 0.002182, , , , , , , , , , , , , , , , , , , , , , , , , , , , 
3.92175, 0.0186313, , , , , , , 3.92175, 0.0563973, , , , , , , 3.92175, 0.0290379, , , , , , , 3.92175, -0.0008392, , , , , , , , , , , , , , , , , , , , , , , , , , , , 
3.9222692, 0.0240024, , , , , , , 3.9222692, 0.0364233, , , , , , , 3.9222692, 0.0112459, , , , , , , 3.9222692, -0.0041962, , , , , , , , , , , , , , , , , , , , , , , , , , , , 
3.9227885, 0.0330663, , , , , , , 3.9227885, 0.0186313, , , , , , , 3.9227885, -0.0135958, , , , , , , 3.9227885, -0.0072175, , , , , , , , , , , , , , , , , , , , , , , , , , , , 
3.9233077, 0.0428016, , , , , , , 3.9233077, -0.0028534, , , , , , , 3.9233077, -0.0397803, , , , , , , 3.9233077, -0.0105745, , , , , , , , , , , , , , , , , , , , , , , , , , , , 
3.9238269, 0.0532082, , , , , , , 3.9238269, -0.0280308, , , , , , , 3.9238269, -0.0592508, , , , , , , 3.9238269, -0.0139315, , , , , , , , , , , , , , , , , , , , , , , , , , , , 
3.9243462, 0.0589151, , , , , , , 3.9243462, -0.0454871, , , , , , , 3.9243462, -0.0666361, , , , , , , 3.9243462, -0.0152743, , , , , , , , , , , , , , , , , , , , , , , , , , , , 
3.9248654, 0.0602579, , , , , , , 3.9248654, -0.0572366, , , , , , , 3.9248654, -0.0673075, , , , , , , 3.9248654, -0.0152743, , , , , , , , , , , , , , , , , , , , , , , , , , , , 
3.9253846, 0.0656291, , , , , , , 3.9253846, -0.0703288, , , , , , , 3.9253846, -0.0679789, , , , , , , 3.9253846, -0.0132601, , , , , , , , , , , , , , , , , , , , , , , , , , , , 
3.9259038, 0.0666361, , , , , , , 3.9259038, -0.0760357, , , , , , , 3.9259038, -0.0736858, , , , , , , 3.9259038, -0.0124208, , , , , , , , , , , , , , , , , , , , , , , , , , , , 
3.9264231, 0.0614328, , , , , , , 3.9264231, -0.0730144, , , , , , , 3.9264231, -0.0770428, , , , , , , 3.9264231, -0.0125887, , , , , , , , , , , , , , , , , , , , , , , , , , , , 
3.9269423, 0.0528725, , , , , , , 3.9269423, -0.0894636, , , , , , , 3.9269423, -0.070161, , , , , , , 3.9269423, -0.0129244, , , , , , , , , , , , , , , , , , , , , , , , , , , , 
3.9274615, 0.0421302, , , , , , , 3.9274615, -0.1156481, , , , , , , 3.9274615, -0.0575723, , , , , , , 3.9274615, -0.01561, , , , , , , , , , , , , , , , , , , , , , , , , , , , 
3.9279808, 0.0330663, , , , , , , 3.9279808, -0.1042344, , , , , , , 3.9279808, -0.047837, , , , , , , 3.9279808, -0.0193027, , , , , , , , , , , , , , , , , , , , , , , , , , , , 
3.9285, 0.0283665, , , , , , , 3.9285, -0.0659648, , , , , , , 3.9285, -0.047837, , , , , , , 3.9285, -0.0216526, , , , , , , , , , , , , , , , , , , , , , , , , , , , 
3.9290192, 0.0213169, , , , , , , 3.9290192, -0.0448157, , , , , , , 3.9290192, -0.0552224, , , , , , , 3.9290192, -0.0186313, , , , , , , , , , , , , , , , , , , , , , , , , , , , 
3.9295385, 0.0099031, , , , , , , 3.9295385, -0.0453193, , , , , , , 3.9295385, -0.0683146, , , , , , , 3.9295385, -0.0115816, , , , , , , , , , , , , , , , , , , , , , , , , , , , 
3.9300577, -0.0001678, , , , , , , 3.9300577, -0.0414588, , , , , , , 3.9300577, -0.0827497, , , , , , , 3.9300577, -0.0038605, , , , , , , , , , , , , , , , , , , , , , , , , , , , 
3.9305769, -0.0072175, , , , , , , 3.9305769, -0.0216526, , , , , , , 3.9305769, -0.0948348, , , , , , , 3.9305769, 0.0016785, , , , , , , , , , , , , , , , , , , , , , , , , , , , 
3.9310962, -0.0129244, , , , , , , 3.9310962, 0.0139315, , , , , , , 3.9310962, -0.0988632, , , , , , , 3.9310962, 0.0052033, , , , , , , , , , , , , , , , , , , , , , , , , , , , 
3.9316154, -0.0182956, , , , , , , 3.9316154, 0.0632792, , , , , , , 3.9316154, -0.096849, , , , , , , 3.9316154, 0.0083925, , , , , , , , , , , , , , , , , , , , , , , , , , , , 
3.9321346, -0.0243381, , , , , , , 3.9321346, 0.1050736, , , , , , , 3.9321346, -0.093492, , , , , , , 3.9321346, 0.0139315, , , , , , , , , , , , , , , , , , , , , , , , , , , , 
3.9326538, -0.0256809, , , , , , , 3.9326538, 0.1200122, , , , , , , 3.9326538, -0.090135, , , , , , , 3.9326538, 0.0176242, , , , , , , , , , , , , , , , , , , , , , , , , , , , 
3.9331731, -0.0196384, , , , , , , 3.9331731, 0.1092699, , , , , , , 3.9331731, -0.0830854, , , , , , , 3.9331731, 0.0191348, , , , , , , , , , , , , , , , , , , , , , , , , , , , 
3.9336923, -0.0075532, , , , , , , 3.9336923, 0.0891279, , , , , , , 3.9336923, -0.0713359, , , , , , , 3.9336923, 0.0199741, , , , , , , , , , , , , , , , , , , , , , , , , , , , 
3.9342115, 0.0052033, , , , , , , 3.9342115, 0.0669718, , , , , , , 3.9342115, -0.0527047, , , , , , , 3.9342115, 0.0223239, , , , , , , , , , , , , , , , , , , , , , , , , , , , 
3.9347308, 0.008896, , , , , , , 3.9347308, 0.0377661, , , , , , , 3.9347308, -0.0332341, , , , , , , 3.9347308, 0.0253452, , , , , , , , , , , , , , , , , , , , , , , , , , , , 
3.93525, 0.0077211, , , , , , , 3.93525, 0.0031891, , , , , , , 3.93525, -0.012253, , , , , , , 3.93525, 0.0318914, , , , , , , , , , , , , , , , , , , , , , , , , , , , 
3.9357692, 0.0104067, , , , , , , 3.9357692, -0.030045, , , , , , , 3.9357692, 0.0092317, , , , , , , 3.9357692, 0.0407874, , , , , , , , , , , , , , , , , , , , , , , , , , , , 
3.9362885, 0.0159457, , , , , , , 3.9362885, -0.054551, , , , , , , 3.9362885, 0.0238346, , , , , , , 3.9362885, 0.0481727, , , , , , , , , , , , , , , , , , , , , , , , , , , , 
3.9368077, 0.0146029, , , , , , , 3.9368077, -0.0793927, , , , , , , 3.9368077, 0.0307164, , , , , , , 3.9368077, 0.0548867, , , , , , , , , , , , , , , , , , , , , , , , , , , , 
3.9373269, 0.0068818, , , , , , , 3.9373269, -0.1129625, , , , , , , 3.9373269, 0.033402, , , , , , , 3.9373269, 0.0602579, , , , , , , , , , , , , , , , , , , , , , , , , , , , 
3.9378462, -0.0035248, , , , , , , 3.9378462, -0.1351186, , , , , , , 3.9378462, 0.0292058, , , , , , , 3.9378462, 0.0595865, , , , , , , , , , , , , , , , , , , , , , , , , , , , 
3.9383654, -0.0082246, , , , , , , 3.9383654, -0.1243763, , , , , , , 3.9383654, 0.0219883, , , , , , , 3.9383654, 0.0508583, , , , , , , , , , , , , , , , , , , , , , , , , , , , 
3.9388846, -0.0082246, , , , , , , 3.9388846, -0.0891279, , , , , , , 3.9388846, 0.021149, , , , , , , 3.9388846, 0.0379339, , , , , , , , , , , , , , , , , , , , , , , , , , , , 
3.9394038, -0.0062104, , , , , , , 3.9394038, -0.0515297, , , , , , , 3.9394038, 0.0317235, , , , , , , 3.9394038, 0.0250095, , , , , , , , , , , , , , , , , , , , , , , , , , , , 
3.9399231, -0.0065461, , , , , , , 3.9399231, -0.0176242, , , , , , , 3.9399231, 0.0562295, , , , , , , 3.9399231, 0.0172885, , , , , , , , , , , , , , , , , , , , , , , , , , , , 
3.9404423, -0.0050355, , , , , , , 3.9404423, 0.0125887, , , , , , , 3.9404423, 0.0802319, , , , , , , 3.9404423, 0.0104067, , , , , , , , , , , , , , , , , , , , , , , , , , , , 
3.9409615, -0.0035248, , , , , , , 3.9409615, 0.0340734, , , , , , , 3.9409615, 0.0921492, , , , , , , 3.9409615, 0.0025177, , , , , , , , , , , , , , , , , , , , , , , , , , , , 
3.9414808, -0.0041962, , , , , , , 3.9414808, 0.0486763, , , , , , , 3.9414808, 0.0908064, , , , , , , 3.9414808, -0.0025177, , , , , , , , , , , , , , , , , , , , , , , , , , , , 
3.942, 0.0011749, , , , , , , 3.942, 0.056733, , , , , , , 3.942, 0.0773785, , , , , , , 3.942, -0.0036927, , , , , , , , , , , , , , , , , , , , , , , , , , , , 
3.9425192, 0.0119173, , , , , , , 3.9425192, 0.0569009, , , , , , , 3.9425192, 0.0558938, , , , , , , 3.9425192, -0.005539, , , , , , , , , , , , , , , , , , , , , , , , , , , , 
3.9430385, 0.0276951, , , , , , , 3.9430385, 0.0453193, , , , , , , 3.9430385, 0.0307164, , , , , , , 3.9430385, -0.0105745, , , , , , , , , , , , , , , , , , , , , , , , , , , , 
3.9435577, 0.0491798, , , , , , , 3.9435577, 0.0166171, , , , , , , 3.9435577, 0.0078889, , , , , , , 3.9435577, -0.018967, , , , , , , , , , , , , , , , , , , , , , , , , , , , 
3.9440769, 0.0636149, , , , , , , 3.9440769, -0.0203098, , , , , , , 3.9440769, -0.0045319, , , , , , , 3.9440769, -0.0216526, , , , , , , , , , , , , , , , , , , , , , , , , , , , 
3.9445962, 0.0716716, , , , , , , 3.9445962, -0.0525368, , , , , , , 3.9445962, -0.0095674, , , , , , , 3.9445962, -0.0179599, , , , , , , , , , , , , , , , , , , , , , , , , , , , 
3.9451154, 0.0777142, , , , , , , 3.9451154, -0.0619364, , , , , , , 3.9451154, -0.012253, , , , , , , 3.9451154, -0.0152743, , , , , , , , , , , , , , , , , , , , , , , , , , , , 
3.9456346, 0.0803998, , , , , , , 3.9456346, -0.0527047, , , , , , , 3.9456346, -0.01561, , , , , , , 3.9456346, -0.0139315, , , , , , , , , , , , , , , , , , , , , , , , , , , , 
3.9461538, 0.0770428, , , , , , , 3.9461538, -0.0381018, , , , , , , 3.9461538, -0.0179599, , , , , , , 3.9461538, -0.0119173, , , , , , , , , , , , , , , , , , , , , , , , , , , , 
3.9466731, 0.0710002, , , , , , , 3.9466731, -0.0203098, , , , , , , 3.9466731, -0.0194705, , , , , , , 3.9466731, -0.0109102, , , , , , , , , , , , , , , , , , , , , , , , , , , , 
3.9471923, 0.0599222, , , , , , , 3.9471923, 0.0045319, , , , , , , 3.9471923, -0.0199741, , , , , , , 3.9471923, -0.0077211, , , , , , , , , , , , , , , , , , , , , , , , , , , , 
3.9477115, 0.0458228, , , , , , , 3.9477115, 0.0226596, , , , , , , 3.9477115, -0.0240024, , , , , , , 3.9477115, -0.0010071, , , , , , , , , , , , , , , , , , , , , , , , , , , , 
3.9482308, 0.0323949, , , , , , , 3.9482308, 0.0159457, , , , , , , 3.9482308, -0.0323949, , , , , , , 3.9482308, 0.0063783, , , , , , , , , , , , , , , , , , , , , , , , , , , , 
3.94875, 0.0169528, , , , , , , 3.94875, -0.0095674, , , , , , , 3.94875, -0.043473, , , , , , , 3.94875, 0.0152743, , , , , , , , , , , , , , , , , , , , , , , , , , , , 
3.9492692, 0.0031891, , , , , , , 3.9492692, -0.0203098, , , , , , , 3.9492692, -0.0525368, , , , , , , 3.9492692, 0.0246738, , , , , , , , , , , , , , , , , , , , , , , , , , , , 
3.9497885, -0.0092317, , , , , , , 3.9497885, -0.0072175, , , , , , , 3.9497885, -0.057908, , , , , , , 3.9497885, 0.0313878, , , , , , , , , , , , , , , , , , , , , , , , , , , , 
3.9503077, -0.0273594, , , , , , , 3.9503077, 0.0035248, , , , , , , 3.9503077, -0.0542153, , , , , , , 3.9503077, 0.0377661, , , , , , , , , , , , , , , , , , , , , , , , , , , , 
3.9508269, -0.0409552, , , , , , , 3.9508269, 0.0050355, , , , , , , 3.9508269, -0.0397803, , , , , , , 3.9508269, 0.0417945, , , , , , , , , , , , , , , , , , , , , , , , , , , , 
3.9513462, -0.0501869, , , , , , , 3.9513462, 0.0216526, , , , , , , 3.9513462, -0.023331, , , , , , , 3.9513462, 0.0414588, , , , , , , , , , , , , , , , , , , , , , , , , , , , 
3.9518654, -0.0572366, , , , , , , 3.9518654, 0.0488441, , , , , , , 3.9518654, -0.0129244, , , , , , , 3.9518654, 0.0357519, , , , , , , , , , , , , , , , , , , , , , , , , , , , 
3.9523846, -0.0565652, , , , , , , 3.9523846, 0.06009, , , , , , , 3.9523846, -0.0068818, , , , , , , 3.9523846, 0.0273594, , , , , , , , , , , , , , , , , , , , , , , , , , , , 
3.9529038, -0.0481727, , , , , , , 3.9529038, 0.0515297, , , , , , , 3.9529038, 0.0028534, , , , , , , 3.9529038, 0.0199741, , , , , , , , , , , , , , , , , , , , , , , , , , , , 
3.9534231, -0.0360876, , , , , , , 3.9534231, 0.0392767, , , , , , , 3.9534231, 0.0184634, , , , , , , 3.9534231, 0.0125887, , , , , , , , , , , , , , , , , , , , , , , , , , , , 
3.9539423, -0.0231632, , , , , , , 3.9539423, 0.0480049, , , , , , , 3.9539423, 0.0381018, , , , , , , 3.9539423, 0.0052033, , , , , , , , , , , , , , , , , , , , , , , , , , , , 
3.9544615, -0.01561, , , , , , , 3.9544615, 0.0891279, , , , , , , 3.9544615, 0.0582437, , , , , , , 3.9544615, -0.0008392, , , , , , , , , , , , , , , , , , , , , , , , , , , , 
3.9549808, -0.0139315, , , , , , , 3.9549808, 0.1028916, , , , , , , 3.9549808, 0.0814069, , , , , , , 3.9549808, -0.0045319, , , , , , , , , , , , , , , , , , , , , , , , , , , , 
3.9555, -0.0115816, , , , , , , 3.9555, 0.0560616, , , , , , , 3.9555, 0.1018845, , , , , , , 3.9555, -0.0082246, , , , , , , , , , , , , , , , , , , , , , , , , , , , 
3.9560192, -0.0052033, , , , , , , 3.9560192, -0.011078, , , , , , , 3.9560192, 0.10692, , , , , , , 3.9560192, -0.0090639, , , , , , , , , , , , , , , , , , , , , , , , , , , , 
3.9565385, 0.0018463, , , , , , , 3.9565385, -0.0518654, , , , , , , 3.9565385, 0.1018845, , , , , , , 3.9565385, -0.0085603, , , , , , , , , , , , , , , , , , , , , , , , , , , , 
3.9570577, 0.0065461, , , , , , , 3.9570577, -0.0555581, , , , , , , 3.9570577, 0.0973526, , , , , , , 3.9570577, -0.0078889, , , , , , , , , , , , , , , , , , , , , , , , , , , , 
3.9575769, 0.0135958, , , , , , , 3.9575769, -0.0491798, , , , , , , 3.9575769, 0.0918135, , , , , , , 3.9575769, -0.0063783, , , , , , , , , , , , , , , , , , , , , , , , , , , , 
3.9580962, 0.0213169, , , , , , , 3.9580962, -0.0636149, , , , , , , 3.9580962, 0.0750286, , , , , , , 3.9580962, -0.002182, , , , , , , , , , , , , , , , , , , , , , , , , , , , 
3.9586154, 0.0236667, , , , , , , 3.9586154, -0.0861067, , , , , , , 3.9586154, 0.0491798, , , , , , , 3.9586154, 0.0008392, , , , , , , , , , , , , , , , , , , , , , , , , , , , 
3.9591346, 0.0231632, , , , , , , 3.9591346, -0.0973526, , , , , , , 3.9591346, 0.0213169, , , , , , , 3.9591346, 0.0078889, , , , , , , , , , , , , , , , , , , , , , , , , , , , 
3.9596538, 0.0253452, , , , , , , 3.9596538, -0.0965133, , , , , , , 3.9596538, -0.0083925, , , , , , , 3.9596538, 0.014435, , , , , , , , , , , , , , , , , , , , , , , , , , , , 
3.9601731, 0.0285344, , , , , , , 3.9601731, -0.0914778, , , , , , , 3.9601731, -0.0424659, , , , , , , 3.9601731, 0.01561, , , , , , , , , , , , , , , , , , , , , , , , , , , , 
3.9606923, 0.0320592, , , , , , , 3.9606923, -0.0750286, , , , , , , 3.9606923, -0.0793927, , , , , , , 3.9606923, 0.0142672, , , , , , , , , , , , , , , , , , , , , , , , , , , , 
3.9612115, 0.0320592, , , , , , , 3.9612115, -0.0525368, , , , , , , 3.9612115, -0.1062486, , , , , , , 3.9612115, 0.0152743, , , , , , , , , , , , , , , , , , , , , , , , , , , , 
3.9617308, 0.030045, , , , , , , 3.9617308, -0.0354162, , , , , , , 3.9617308, -0.1183337, , , , , , , 3.9617308, 0.0179599, , , , , , , , , , , , , , , , , , , , , , , , , , , , 
3.96225, 0.0303807, , , , , , , 3.96225, -0.0206455, , , , , , , 3.96225, -0.1218585, , , , , , , 3.96225, 0.0213169, , , , , , , , , , , , , , , , , , , , , , , , , , , , 
3.9627692, 0.0384375, , , , , , , 3.9627692, -0.0028534, , , , , , , 3.9627692, -0.1237049, , , , , , , 3.9627692, 0.0246738, , , , , , , , , , , , , , , , , , , , , , , , , , , , 
3.9632885, 0.0562295, , , , , , , 3.9632885, 0.0114137, , , , , , , 3.9632885, -0.1294118, , , , , , , 3.9632885, 0.0226596, , , , , , , , , , , , , , , , , , , , , , , , , , , , 
3.9638077, 0.0683146, , , , , , , 3.9638077, 0.0125887, , , , , , , 3.9638077, -0.142504, , , , , , , 3.9638077, 0.0186313, , , , , , , , , , , , , , , , , , , , , , , , , , , , 
3.9643269, 0.0699931, , , , , , , 3.9643269, -0.0041962, , , , , , , 3.9643269, -0.1613031, , , , , , , 3.9643269, 0.0166171, , , , , , , , , , , , , , , , , , , , , , , , , , , , 
3.9648462, 0.0686503, , , , , , , 3.9648462, -0.0196384, , , , , , , 3.9648462, -0.1646601, , , , , , , 3.9648462, 0.0146029, , , , , , , , , , , , , , , , , , , , , , , , , , , , 
3.9653654, 0.0736858, , , , , , , 3.9653654, -0.0191348, , , , , , , 3.9653654, -0.142504, , , , , , , 3.9653654, 0.0146029, , , , , , , , , , , , , , , , , , , , , , , , , , , , 
3.9658846, 0.0763714, , , , , , , 3.9658846, -0.0149386, , , , , , , 3.9658846, -0.1044022, , , , , , , 3.9658846, 0.0137636, , , , , , , , , , , , , , , , , , , , , , , , , , , , 
3.9664038, 0.0669718, , , , , , , 3.9664038, -0.0104067, , , , , , , 3.9664038, -0.0699931, , , , , , , 3.9664038, 0.0139315, , , , , , , , , , , , , , , , , , , , , , , , , , , , 
3.9669231, 0.0543832, , , , , , , 3.9669231, 0.0065461, , , , , , , 3.9669231, -0.0498512, , , , , , , 3.9669231, 0.0159457, , , , , , , , , , , , , , , , , , , , , , , , , , , , 
3.9674423, 0.04448, , , , , , , 3.9674423, 0.0226596, , , , , , , 3.9674423, -0.0411231, , , , , , , 3.9674423, 0.0174563, , , , , , , , , , , , , , , , , , , , , , , , , , , , 
3.9679615, 0.0347448, , , , , , , 3.9679615, 0.0260166, , , , , , , 3.9679615, -0.0339055, , , , , , , 3.9679615, 0.0172885, , , , , , , , , , , , , , , , , , , , , , , , , , , , 
3.9684808, 0.0231632, , , , , , , 3.9684808, 0.0223239, , , , , , , 3.9684808, -0.0283665, , , , , , , 3.9684808, 0.0186313, , , , , , , , , , , , , , , , , , , , , , , , , , , , 
3.969, 0.0109102, , , , , , , 3.969, 0.0226596, , , , , , , 3.969, -0.0256809, , , , , , , 3.969, 0.0260166, , , , , , , , , , , , , , , , , , , , , , , , , , , , 
3.9695192, -0.0048676, , , , , , , 3.9695192, 0.0313878, , , , , , , 3.9695192, -0.014435, , , , , , , 3.9695192, 0.0360876, , , , , , , , , , , , , , , , , , , , , , , , , , , , 
3.9700385, -0.0226596, , , , , , , 3.9700385, 0.0303807, , , , , , , 3.9700385, 0.0078889, , , , , , , 3.9700385, 0.0424659, , , , , , , , , , , , , , , , , , , , , , , , , , , , 
3.9705577, -0.0350805, , , , , , , 3.9705577, 0.0193027, , , , , , , 3.9705577, 0.026688, , , , , , , 3.9705577, 0.0454871, , , , , , , , , , , , , , , , , , , , , , , , , , , , 
3.9710769, -0.0387732, , , , , , , 3.9710769, 0.0184634, , , , , , , 3.9710769, 0.0377661, , , , , , , 3.9710769, 0.0471656, , , , , , , , , , , , , , , , , , , , , , , , , , , , 
3.9715962, -0.0387732, , , , , , , 3.9715962, 0.0318914, , , , , , , 3.9715962, 0.0506905, , , , , , , 3.9715962, 0.0481727, , , , , , , , , , , , , , , , , , , , , , , , , , , , 
3.9721154, -0.0417945, , , , , , , 3.9721154, 0.0384375, , , , , , , 3.9721154, 0.0736858, , , , , , , 3.9721154, 0.0501869, , , , , , , , , , , , , , , , , , , , , , , , , , , , 
3.9726346, -0.047837, , , , , , , 3.9726346, 0.023331, , , , , , , 3.9726346, 0.0991989, , , , , , , 3.9726346, 0.0475013, , , , , , , , , , , , , , , , , , , , , , , , , , , , 
3.9731538, -0.04448, , , , , , , 3.9731538, -0.0085603, , , , , , , 3.9731538, 0.1151446, , , , , , , 3.9731538, 0.0387732, , , , , , , , , , , , , , , , , , , , , , , , , , , , 
3.9736731, -0.0280308, , , , , , , 3.9736731, -0.0340734, , , , , , , 3.9736731, 0.1193408, , , , , , , 3.9736731, 0.0287022, , , , , , , , , , , , , , , , , , , , , , , , , , , , 
3.9741923, -0.0082246, , , , , , , 3.9741923, -0.0424659, , , , , , , 3.9741923, 0.117998, , , , , , , 3.9741923, 0.0221561, , , , , , , , , , , , , , , , , , , , , , , , , , , , 
3.9747115, -0.0003357, , , , , , , 3.9747115, -0.0480049, , , , , , , 3.9747115, 0.1122911, , , , , , , 3.9747115, 0.0166171, , , , , , , , , , , , , , , , , , , , , , , , , , , , 
3.9752308, -0.0008392, , , , , , , 3.9752308, -0.0562295, , , , , , , 3.9752308, 0.1049058, , , , , , , 3.9752308, 0.0115816, , , , , , , , , , , , , , , , , , , , , , , , , , , , 
3.97575, 0.0035248, , , , , , , 3.97575, -0.0599222, , , , , , , 3.97575, 0.0971847, , , , , , , 3.97575, 0.0082246, , , , , , , , , , , , , , , , , , , , , , , , , , , , 
3.9762692, 0.0125887, , , , , , , 3.9762692, -0.0542153, , , , , , , 3.9762692, 0.0897993, , , , , , , 3.9762692, 0.0052033, , , , , , , , , , , , , , , , , , , , , , , , , , , , 
3.9767885, 0.0213169, , , , , , , 3.9767885, -0.0461585, , , , , , , 3.9767885, 0.0850996, , , , , , , 3.9767885, 0.002182, , , , , , , , , , , , , , , , , , , , , , , , , , , , 
3.9773077, 0.0186313, , , , , , , 3.9773077, -0.04448, , , , , , , 3.9773077, 0.0750286, , , , , , , 3.9773077, -0.0028534, , , , , , , , , , , , , , , , , , , , , , , , , , , , 
3.9778269, 0.0146029, , , , , , , 3.9778269, -0.0488441, , , , , , , 3.9778269, 0.0582437, , , , , , , 3.9778269, -0.0052033, , , , , , , , , , , , , , , , , , , , , , , , , , , , 
3.9783462, 0.0132601, , , , , , , 3.9783462, -0.0558938, , , , , , , 3.9783462, 0.0360876, , , , , , , 3.9783462, -0.0043641, , , , , , , , , , , , , , , , , , , , , , , , , , , , 
3.9788654, 0.0119173, , , , , , , 3.9788654, -0.0515297, , , , , , , 3.9788654, 0.0142672, , , , , , , 3.9788654, -0.0068818, , , , , , , , , , , , , , , , , , , , , , , , , , , , 
3.9793846, 0.0119173, , , , , , , 3.9793846, -0.0310521, , , , , , , 3.9793846, -0.002182, , , , , , , 3.9793846, -0.0124208, , , , , , , , , , , , , , , , , , , , , , , , , , , , 
3.9799038, 0.0159457, , , , , , , 3.9799038, -0.0082246, , , , , , , 3.9799038, -0.0169528, , , , , , , 3.9799038, -0.0162814, , , , , , , , , , , , , , , , , , , , , , , , , , , , 
3.9804231, 0.0258488, , , , , , , 3.9804231, 0.0052033, , , , , , , 3.9804231, -0.0323949, , , , , , , 3.9804231, -0.01561, , , , , , , , , , , , , , , , , , , , , , , , , , , , 
3.9809423, 0.0327306, , , , , , , 3.9809423, 0.0068818, , , , , , , 3.9809423, -0.0438087, , , , , , , 3.9809423, -0.0102388, , , , , , , , , , , , , , , , , , , , , , , , , , , , 
3.9814615, 0.0330663, , , , , , , 3.9814615, 0.0003357, , , , , , , 3.9814615, -0.0518654, , , , , , , 3.9814615, -0.0028534, , , , , , , , , , , , , , , , , , , , , , , , , , , , 
3.9819808, 0.0330663, , , , , , , 3.9819808, -0.005539, , , , , , , 3.9819808, -0.0632792, , , , , , , 3.9819808, 0.0038605, , , , , , , , , , , , , , , , , , , , , , , , , , , , 
3.9825, 0.0344091, , , , , , , 3.9825, 0.0011749, , , , , , , 3.9825, -0.0716716, , , , , , , 3.9825, 0.0065461, , , , , , , , , , , , , , , , , , , , , , , , , , , , 
3.9830192, 0.040116, , , , , , , 3.9830192, 0.0231632, , , , , , , 3.9830192, -0.0663005, , , , , , , 3.9830192, 0.0052033, , , , , , , , , , , , , , , , , , , , , , , , , , , , 
3.9835385, 0.0547189, , , , , , , 3.9835385, 0.0360876, , , , , , , 3.9835385, -0.0508583, , , , , , , 3.9835385, 0.0011749, , , , , , , , , , , , , , , , , , , , , , , , , , , , 
3.9840577, 0.0683146, , , , , , , 3.9840577, 0.0464942, , , , , , , 3.9840577, -0.0411231, , , , , , , 3.9840577, -0.0038605, , , , , , , , , , , , , , , , , , , , , , , , , , , , 
3.9845769, 0.0777142, , , , , , , 3.9845769, 0.0850996, , , , , , , 3.9845769, -0.0473335, , , , , , , 3.9845769, -0.0082246, , , , , , , , , , , , , , , , , , , , , , , , , , , , 
3.9850962, 0.0825818, , , , , , , 3.9850962, 0.131426, , , , , , , 3.9850962, -0.0659648, , , , , , , 3.9850962, -0.0097353, , , , , , , , , , , , , , , , , , , , , , , , , , , , 
3.9856154, 0.0783856, , , , , , , 3.9856154, 0.1550927, , , , , , , 3.9856154, -0.0842603, , , , , , , 3.9856154, -0.0095674, , , , , , , , , , , , , , , , , , , , , , , , , , , , 
3.9861346, 0.0681468, , , , , , , 3.9861346, 0.1542535, , , , , , , 3.9861346, -0.0975204, , , , , , , 3.9861346, -0.0058747, , , , , , , , , , , , , , , , , , , , , , , , , , , , 
3.9866538, 0.0555581, , , , , , , 3.9866538, 0.1300832, , , , , , , 3.9866538, -0.1062486, , , , , , , 3.9866538, -0.0008392, , , , , , , , , , , , , , , , , , , , , , , , , , , , 
3.9871731, 0.0448157, , , , , , , 3.9871731, 0.0881209, , , , , , , 3.9871731, -0.1163195, , , , , , , 3.9871731, 0.0030213, , , , , , , , , , , , , , , , , , , , , , , , , , , , 
3.9876923, 0.0354162, , , , , , , 3.9876923, 0.0310521, , , , , , , 3.9876923, -0.1277333, , , , , , , 3.9876923, 0.0052033, , , , , , , , , , , , , , , , , , , , , , , , , , , , 
3.9882115, 0.0209812, , , , , , , 3.9882115, -0.0325628, , , , , , , 3.9882115, -0.1284047, , , , , , , 3.9882115, 0.0097353, , , , , , , , , , , , , , , , , , , , , , , , , , , , 
3.9887308, 0.0025177, , , , , , , 3.9887308, -0.0867781, , , , , , , 3.9887308, -0.1164874, , , , , , , 3.9887308, 0.0179599, , , , , , , , , , , , , , , , , , , , , , , , , , , , 
3.98925, -0.0146029, , , , , , , 3.98925, -0.1119554, , , , , , , 3.98925, -0.0951705, , , , , , , 3.98925, 0.0250095, , , , , , , , , , , , , , , , , , , , , , , , , , , , 
3.9897692, -0.0297093, , , , , , , 3.9897692, -0.1082628, , , , , , , 3.9897692, -0.0632792, , , , , , , 3.9897692, 0.0265202, , , , , , , , , , , , , , , , , , , , , , , , , , , , 
3.9902885, -0.0406195, , , , , , , 3.9902885, -0.1203479, , , , , , , 3.9902885, -0.0323949, , , , , , , 3.9902885, 0.0263523, , , , , , , , , , , , , , , , , , , , , , , , , , , , 
3.9908077, -0.0532082, , , , , , , 3.9908077, -0.1540856, , , , , , , 3.9908077, -0.0082246, , , , , , , 3.9908077, 0.0287022, , , , , , , , , , , , , , , , , , , , , , , , , , , , 
3.9913269, -0.0619364, , , , , , , 3.9913269, -0.1586175, , , , , , , 3.9913269, 0.0112459, , , , , , , 3.9913269, 0.0313878, , , , , , , , , , , , , , , , , , , , , , , , , , , , 
3.9918462, -0.0676432, , , , , , , 3.9918462, -0.1255512, , , , , , , 3.9918462, 0.0297093, , , , , , , 3.9918462, 0.0313878, , , , , , , , , , , , , , , , , , , , , , , , , , , , 
3.9923654, -0.0699931, , , , , , , 3.9923654, -0.0817426, , , , , , , 3.9923654, 0.0421302, , , , , , , 3.9923654, 0.0280308, , , , , , , , , , , , , , , , , , , , , , , , , , , , 
3.9928846, -0.0699931, , , , , , , 3.9928846, -0.0411231, , , , , , , 3.9928846, 0.0461585, , , , , , , 3.9928846, 0.0226596, , , , , , , , , , , , , , , , , , , , , , , , , , , , 
3.9934038, -0.0641184, , , , , , , 3.9934038, -0.0162814, , , , , , , 3.9934038, 0.0475013, , , , , , , 3.9934038, 0.0169528, , , , , , , , , , , , , , , , , , , , , , , , , , , , 
3.9939231, -0.0498512, , , , , , , 3.9939231, -0.0176242, , , , , , , 3.9939231, 0.0473335, , , , , , , 3.9939231, 0.0132601, , , , , , , , , , , , , , , , , , , , , , , , , , , , 
3.9944423, -0.0347448, , , , , , , 3.9944423, -0.0337377, , , , , , , 3.9944423, 0.0433051, , , , , , , 3.9944423, 0.0125887, , , , , , , , , , , , , , , , , , , , , , , , , , , , 
3.9949615, -0.0229953, , , , , , , 3.9949615, -0.047837, , , , , , , 3.9949615, 0.0391089, , , , , , , 3.9949615, 0.0129244, , , , , , , , , , , , , , , , , , , , , , , , , , , , 
3.9954808, -0.014435, , , , , , , 3.9954808, -0.0599222, , , , , , , 3.9954808, 0.0381018, , , , , , , 3.9954808, 0.0119173, , , , , , , , , , , , , , , , , , , , , , , , , , , , 
3.996, -0.0068818, , , , , , , 3.996, -0.0605936, , , , , , , 3.996, 0.0377661, , , , , , , 3.996, 0.0105745, , , , , , , , , , , , , , , , , , , , , , , , , , , , 
3.9965192, 0.0031891, , , , , , , 3.9965192, -0.0394446, , , , , , , 3.9965192, 0.0364233, , , , , , , 3.9965192, 0.0090639, , , , , , , , , , , , , , , , , , , , , , , , , , , , 
3.9970385, 0.012253, , , , , , , 3.9970385, -0.0112459, , , , , , , 3.9970385, 0.0360876, , , , , , , 3.9970385, 0.0072175, , , , , , , , , , , , , , , , , , , , , , , , , , , , 
3.9975577, 0.0199741, , , , , , , 3.9975577, 0.0085603, , , , , , , 3.9975577, 0.0381018, , , , , , , 3.9975577, 0.0057069, , , , , , , , , , , , , , , , , , , , , , , , , , , , 
3.9980769, 0.0251774, , , , , , , 3.9980769, 0.018967, , , , , , , 3.9980769, 0.0428016, , , , , , , 3.9980769, 0.0052033, , , , , , , , , , , , , , , , , , , , , , , , , , , , 
3.9985962, 0.0280308, , , , , , , 3.9985962, 0.023331, , , , , , , 3.9985962, 0.0585794, , , , , , , 3.9985962, 0.0052033, , , , , , , , , , , , , , , , , , , , , , , , , , , , 
3.9991154, 0.0318914, , , , , , , 3.9991154, 0.0292058, , , , , , , 3.9991154, 0.0803998, , , , , , , 3.9991154, 0.0048676, , , , , , , , , , , , , , , , , , , , , , , , , , , , 
3.9996346, 0.0350805, , , , , , , 3.9996346, 0.0354162, , , , , , , 3.9996346, 0.0978561, , , , , , , 3.9996346, 0.0048676, , , , , , , , , , , , , , , , , , , , , , , , , , , , 
4.0001538, 0.0391089, , , , , , , 4.0001538, 0.0347448, , , , , , , 4.0001538, 0.1089342, , , , , , , 4.0001538, 0.005539, , , , , , , , , , , , , , , , , , , , , , , , , , , , 
4.0006731, 0.0417945, , , , , , , 4.0006731, 0.0317235, , , , , , , 4.0006731, 0.111284, , , , , , , 4.0006731, 0.0082246, , , , , , , , , , , , , , , , , , , , , , , , , , , , 
4.0011923, 0.0372625, , , , , , , 4.0011923, 0.030045, , , , , , , 4.0011923, 0.1104448, , , , , , , 4.0011923, 0.0125887, , , , , , , , , , , , , , , , , , , , , , , , , , , , 
4.0017115, 0.033402, , , , , , , 4.0017115, 0.0276951, , , , , , , 4.0017115, 0.114641, , , , , , , 4.0017115, 0.0159457, , , , , , , , , , , , , , , , , , , , , , , , , , , , 
4.0022308, 0.0370947, , , , , , , 4.0022308, 0.0260166, , , , , , , 4.0022308, 0.1116197, , , , , , , 4.0022308, 0.0152743, , , , , , , , , , , , , , , , , , , , , , , , , , , , 
4.00275, 0.0417945, , , , , , , 4.00275, 0.0240024, , , , , , , 4.00275, 0.0931563, , , , , , , 4.00275, 0.0130922, , , , , , , , , , , , , , , , , , , , , , , , , , , , 
4.0032692, 0.0528725, , , , , , , 4.0032692, 0.0256809, , , , , , , 4.0032692, 0.0632792, , , , , , , 4.0032692, 0.0095674, , , , , , , , , , , , , , , , , , , , , , , , , , , , 
4.0037885, 0.0696574, , , , , , , 4.0037885, 0.0475013, , , , , , , 4.0037885, 0.0283665, , , , , , , 4.0037885, 0.0062104, , , , , , , , , , , , , , , , , , , , , , , , , , , , 
4.0043077, 0.0770428, , , , , , , 4.0043077, 0.0740215, , , , , , , 4.0043077, -0.0082246, , , , , , , 4.0043077, 0.0038605, , , , , , , , , , , , , , , , , , , , , , , , , , , , 
4.0048269, 0.0803998, , , , , , , 4.0048269, 0.0763714, , , , , , , 4.0048269, -0.0406195, , , , , , , 4.0048269, 0.0011749, , , , , , , , , , , , , , , , , , , , , , , , , , , , 
4.0053462, 0.0827497, , , , , , , 4.0053462, 0.0649577, , , , , , , 4.0053462, -0.0694896, , , , , , , 4.0053462, -0.0030213, , , , , , , , , , , , , , , , , , , , , , , , , , , , 
4.0058654, 0.0802319, , , , , , , 4.0058654, 0.0560616, , , , , , , 4.0058654, -0.0936599, , , , , , , 4.0058654, -0.0036927, , , , , , , , , , , , , , , , , , , , , , , , , , , , 
4.0063846, 0.0745251, , , , , , , 4.0063846, 0.04448, , , , , , , 4.0063846, -0.1064164, , , , , , , 4.0063846, -0.0008392, , , , , , , , , , , , , , , , , , , , , , , , , , , , 
4.0069038, 0.0652934, , , , , , , 4.0069038, 0.0142672, , , , , , , 4.0069038, -0.1116197, , , , , , , 4.0069038, 0.0030213, , , , , , , , , , , , , , , , , , , , , , , , , , , , 
4.0074231, 0.0542153, , , , , , , 4.0074231, -0.0293736, , , , , , , 4.0074231, -0.1169909, , , , , , , 4.0074231, 0.0099031, , , , , , , , , , , , , , , , , , , , , , , , , , , , 
4.0079423, 0.0428016, , , , , , , 4.0079423, -0.0555581, , , , , , , 4.0079423, -0.1260548, , , , , , , 4.0079423, 0.0142672, , , , , , , , , , , , , , , , , , , , , , , , , , , , 
4.0084615, 0.0293736, , , , , , , 4.0084615, -0.0572366, , , , , , , 4.0084615, -0.1374685, , , , , , , 4.0084615, 0.0129244, , , , , , , , , , , , , , , , , , , , , , , , , , , , 
4.0089808, 0.0135958, , , , , , , 4.0089808, -0.0602579, , , , , , , 4.0089808, -0.1435111, , , , , , , 4.0089808, 0.0112459, , , , , , , , , , , , , , , , , , , , , , , , , , , , 
4.0095, -0.0001678, , , , , , , 4.0095, -0.0713359, , , , , , , 4.0095, -0.1421683, , , , , , , 4.0095, 0.0146029, , , , , , , , , , , , , , , , , , , , , , , , , , , , 
4.0100192, -0.012253, , , , , , , 4.0100192, -0.0757, , , , , , , 4.0100192, -0.1388113, , , , , , , 4.0100192, 0.0223239, , , , , , , , , , , , , , , , , , , , , , , , , , , , 
4.0105385, -0.0246738, , , , , , , 4.0105385, -0.0626078, , , , , , , 4.0105385, -0.13579, , , , , , , 4.0105385, 0.0287022, , , , , , , , , , , , , , , , , , , , , , , , , , , , 
4.0110577, -0.0327306, , , , , , , 4.0110577, -0.0364233, , , , , , , 4.0110577, -0.1310903, , , , , , , 4.0110577, 0.0317235, , , , , , , , , , , , , , , , , , , , , , , , , , , , 
4.0115769, -0.0382696, , , , , , , 4.0115769, -0.0105745, , , , , , , 4.0115769, -0.1230335, , , , , , , 4.0115769, 0.033402, , , , , , , , , , , , , , , , , , , , , , , , , , , , 
4.0120962, -0.0448157, , , , , , , 4.0120962, 0.0102388, , , , , , , 4.0120962, -0.1129625, , , , , , , 4.0120962, 0.0374304, , , , , , , , , , , , , , , , , , , , , , , , , , , , 
4.0126154, -0.0471656, , , , , , , 4.0126154, 0.0193027, , , , , , , 4.0126154, -0.0983597, , , , , , , 4.0126154, 0.043473, , , , , , , , , , , , , , , , , , , , , , , , , , , , 
4.0131346, -0.0438087, , , , , , , 4.0131346, 0.0157778, , , , , , , 4.0131346, -0.0814069, , , , , , , 4.0131346, 0.0491798, , , , , , , , , , , , , , , , , , , , , , , , , , , , 
4.0136538, -0.0391089, , , , , , , 4.0136538, 0.0092317, , , , , , , 4.0136538, -0.0619364, , , , , , , 4.0136538, 0.0532082, , , , , , , , , , , , , , , , , , , , , , , , , , , , 
4.0141731, -0.0377661, , , , , , , 4.0141731, -0.0025177, , , , , , , 4.0141731, -0.0397803, , , , , , , 4.0141731, 0.0569009, , , , , , , , , , , , , , , , , , , , , , , , , , , , 
4.0146923, -0.0337377, , , , , , , 4.0146923, -0.0130922, , , , , , , 4.0146923, -0.0162814, , , , , , , 4.0146923, 0.0560616, , , , , , , , , , , , , , , , , , , , , , , , , , , , 
4.0152115, -0.0256809, , , , , , , 4.0152115, -0.0152743, , , , , , , 4.0152115, 0.0018463, , , , , , , 4.0152115, 0.0508583, , , , , , , , , , , , , , , , , , , , , , , , , , , , 
4.0157308, -0.0179599, , , , , , , 4.0157308, -0.0146029, , , , , , , 4.0157308, 0.0139315, , , , , , , 4.0157308, 0.0461585, , , , , , , , , , , , , , , , , , , , , , , , , , , , 
4.01625, -0.0095674, , , , , , , 4.01625, -0.0159457, , , , , , , 4.01625, 0.0213169, , , , , , , 4.01625, 0.0421302, , , , , , , , , , , , , , , , , , , , , , , , , , , , 
4.0167692, -0.0001678, , , , , , , 4.0167692, -0.0070497, , , , , , , 4.0167692, 0.0193027, , , , , , , 4.0167692, 0.0357519, , , , , , , , , , , , , , , , , , , , , , , , , , , , 
4.0172885, 0.0078889, , , , , , , 4.0172885, 0.0226596, , , , , , , 4.0172885, 0.0119173, , , , , , , 4.0172885, 0.0290379, , , , , , , , , , , , , , , , , , , , , , , , , , , , 
4.0178077, 0.011078, , , , , , , 4.0178077, 0.0387732, , , , , , , 4.0178077, 0.0112459, , , , , , , 4.0178077, 0.0246738, , , , , , , , , , , , , , , , , , , , , , , , , , , , 
4.0183269, 0.0119173, , , , , , , 4.0183269, 0.0112459, , , , , , , 4.0183269, 0.0209812, , , , , , , 4.0183269, 0.0172885, , , , , , , , , , , , , , , , , , , , , , , , , , , , 
4.0188462, 0.0099031, , , , , , , 4.0188462, -0.0310521, , , , , , , 4.0188462, 0.0328985, , , , , , , 4.0188462, 0.0102388, , , , , , , , , , , , , , , , , , , , , , , , , , , , 
4.0193654, 0.0137636, , , , , , , 4.0193654, -0.0562295, , , , , , , 4.0193654, 0.0428016, , , , , , , 4.0193654, 0.0065461, , , , , , , , , , , , , , , , , , , , , , , , , , , , 
4.0198846, 0.0172885, , , , , , , 4.0198846, -0.0592508, , , , , , , 4.0198846, 0.0461585, , , , , , , 4.0198846, 0.0025177, , , , , , , , , , , , , , , , , , , , , , , , , , , , 
4.0204038, 0.018967, , , , , , , 4.0204038, -0.0475013, , , , , , , 4.0204038, 0.047837, , , , , , , 4.0204038, -0.0041962, , , , , , , , , , , , , , , , , , , , , , , , , , , , 
4.0209231, 0.0224918, , , , , , , 4.0209231, -0.0340734, , , , , , , 4.0209231, 0.0518654, , , , , , , 4.0209231, -0.0077211, , , , , , , , , , , , , , , , , , , , , , , , , , , , 
4.0214423, 0.0240024, , , , , , , 4.0214423, -0.0229953, , , , , , , 4.0214423, 0.061265, , , , , , , 4.0214423, -0.0072175, , , , , , , , , , , , , , , , , , , , , , , , , , , , 
4.0219615, 0.0219883, , , , , , , 4.0219615, -0.0152743, , , , , , , 4.0219615, 0.0763714, , , , , , , 4.0219615, -0.0072175, , , , , , , , , , , , , , , , , , , , , , , , , , , , 
4.0224808, 0.0223239, , , , , , , 4.0224808, -0.0179599, , , , , , , 4.0224808, 0.0931563, , , , , , , 4.0224808, -0.0062104, , , , , , , , , , , , , , , , , , , , , , , , , , , , 
4.023, 0.030045, , , , , , , 4.023, -0.0303807, , , , , , , 4.023, 0.10692, , , , , , , 4.023, -0.005539, , , , , , , , , , , , , , , , , , , , , , , , , , , , 
4.0235192, 0.0394446, , , , , , , 4.0235192, -0.0438087, , , , , , , 4.0235192, 0.1153124, , , , , , , 4.0235192, -0.0062104, , , , , , , , , , , , , , , , , , , , , , , , , , , , 
4.0240385, 0.0475013, , , , , , , 4.0240385, -0.0397803, , , , , , , 4.0240385, 0.114641, , , , , , , 4.0240385, -0.0085603, , , , , , , , , , , , , , , , , , , , , , , , , , , , 
4.0245577, 0.0528725, , , , , , , 4.0245577, -0.024506, , , , , , , 4.0245577, 0.1075914, , , , , , , 4.0245577, -0.0115816, , , , , , , , , , , , , , , , , , , , , , , , , , , , 
4.0250769, 0.0548867, , , , , , , 4.0250769, -0.008896, , , , , , , 4.0250769, 0.1012131, , , , , , , 4.0250769, -0.0109102, , , , , , , , , , , , , , , , , , , , , , , , , , , , 
4.0255962, 0.0572366, , , , , , , 4.0255962, 0.0240024, , , , , , , 4.0255962, 0.0950027, , , , , , , 4.0255962, -0.0077211, , , , , , , , , , , , , , , , , , , , , , , , , , , , 
4.0261154, 0.0575723, , , , , , , 4.0261154, 0.0636149, , , , , , , 4.0261154, 0.0911421, , , , , , , 4.0261154, -0.0058747, , , , , , , , , , , , , , , , , , , , , , , , , , , , 
4.0266346, 0.0515297, , , , , , , 4.0266346, 0.0847639, , , , , , , 4.0266346, 0.0877852, , , , , , , 4.0266346, -0.0057069, , , , , , , , , , , , , , , , , , , , , , , , , , , , 
4.0271538, 0.040116, , , , , , , 4.0271538, 0.082414, , , , , , , 4.0271538, 0.0740215, , , , , , , 4.0271538, -0.0068818, , , , , , , , , , , , , , , , , , , , , , , , , , , , 
4.0276731, 0.0327306, , , , , , , 4.0276731, 0.054551, , , , , , , 4.0276731, 0.0461585, , , , , , , 4.0276731, -0.008896, , , , , , , , , , , , , , , , , , , , , , , , , , , , 
4.0281923, 0.0320592, , , , , , , 4.0281923, 0.0115816, , , , , , , 4.0281923, 0.0162814, , , , , , , 4.0281923, -0.012253, , , , , , , , , , , , , , , , , , , , , , , , , , , , 
4.0287115, 0.0260166, , , , , , , 4.0287115, -0.0391089, , , , , , , 4.0287115, -0.008896, , , , , , , 4.0287115, -0.0105745, , , , , , , , , , , , , , , , , , , , , , , , , , , , 
4.0292308, 0.0132601, , , , , , , 4.0292308, -0.0817426, , , , , , , 4.0292308, -0.0323949, , , , , , , 4.0292308, -0.0073854, , , , , , , , , , , , , , , , , , , , , , , , , , , , 
4.02975, -0.0005035, , , , , , , 4.02975, -0.100206, , , , , , , 4.02975, -0.054551, , , , , , , 4.02975, -0.0031891, , , , , , , , , , , , , , , , , , , , , , , , , , , , 
4.0302692, -0.008896, , , , , , , 4.0302692, -0.1012131, , , , , , , 4.0302692, -0.0693217, , , , , , , 4.0302692, 0.0001678, , , , , , , , , , , , , , , , , , , , , , , , , , , , 
4.0307885, -0.0129244, , , , , , , 4.0307885, -0.100206, , , , , , , 4.0307885, -0.0777142, , , , , , , 4.0307885, 0.0016785, , , , , , , , , , , , , , , , , , , , , , , , , , , , 
4.0313077, -0.0226596, , , , , , , 4.0313077, -0.0955062, , , , , , , 4.0313077, -0.0834211, , , , , , , 4.0313077, 0.0035248, , , , , , , , , , , , , , , , , , , , , , , , , , , , 
4.0318269, -0.0317235, , , , , , , 4.0318269, -0.0810712, , , , , , , 4.0318269, -0.0924849, , , , , , , 4.0318269, 0.0052033, , , , , , , , , , , , , , , , , , , , , , , , , , , , 
4.0323462, -0.0372625, , , , , , , 4.0323462, -0.0605936, , , , , , , 4.0323462, -0.1022202, , , , , , , 4.0323462, 0.0058747, , , , , , , , , , , , , , , , , , , , , , , , , , , , 
4.0328654, -0.0357519, , , , , , , 4.0328654, -0.0360876, , , , , , , 4.0328654, -0.1094377, , , , , , , 4.0328654, 0.0045319, , , , , , , , , , , , , , , , , , , , , , , , , , , , 
4.0333846, -0.0258488, , , , , , , 4.0333846, -0.0095674, , , , , , , 4.0333846, -0.1156481, , , , , , , 4.0333846, 0.0008392, , , , , , , , , , , , , , , , , , , , , , , , , , , , 
4.0339038, -0.0135958, , , , , , , 4.0339038, 0.0184634, , , , , , , 4.0339038, -0.1233692, , , , , , , 4.0339038, -0.0008392, , , , , , , , , , , , , , , , , , , , , , , , , , , , 
4.0344231, -0.0068818, , , , , , , 4.0344231, 0.0345769, , , , , , , 4.0344231, -0.1230335, , , , , , , 4.0344231, 0.0041962, , , , , , , , , , , , , , , , , , , , , , , , , , , , 
4.0349423, 0.0005035, , , , , , , 4.0349423, 0.0283665, , , , , , , 4.0349423, -0.1096056, , , , , , , 4.0349423, 0.0119173, , , , , , , , , , , , , , , , , , , , , , , , , , , , 
4.0354615, 0.0090639, , , , , , , 4.0354615, 0.018967, , , , , , , 4.0354615, -0.0928206, , , , , , , 4.0354615, 0.0209812, , , , , , , , , , , , , , , , , , , , , , , , , , , , 
4.0359808, 0.0154421, , , , , , , 4.0359808, 0.0250095, , , , , , , 4.0359808, -0.0820783, , , , , , , 4.0359808, 0.0357519, , , , , , , , , , , , , , , , , , , , , , , , , , , , 
4.0365, 0.0213169, , , , , , , 4.0365, 0.0407874, , , , , , , 4.0365, -0.0793927, , , , , , , 4.0365, 0.0508583, , , , , , , , , , , , , , , , , , , , , , , , , , , , 
4.0370192, 0.0251774, , , , , , , 4.0370192, 0.0508583, , , , , , , 4.0370192, -0.0797284, , , , , , , 4.0370192, 0.0542153, , , , , , , , , , , , , , , , , , , , , , , , , , , , 
4.0375385, 0.0285344, , , , , , , 4.0375385, 0.0513619, , , , , , , 4.0375385, -0.0686503, , , , , , , 4.0375385, 0.0468299, , , , , , , , , , , , , , , , , , , , , , , , , , , , 
4.0380577, 0.0340734, , , , , , , 4.0380577, 0.0522011, , , , , , , 4.0380577, -0.0421302, , , , , , , 4.0380577, 0.0397803, , , , , , , , , , , , , , , , , , , , , , , , , , , , 
4.0385769, 0.0381018, , , , , , , 4.0385769, 0.0619364, , , , , , , 4.0385769, -0.0179599, , , , , , , 4.0385769, 0.0347448, , , , , , , , , , , , , , , , , , , , , , , , , , , , 
4.0390962, 0.0387732, , , , , , , 4.0390962, 0.0730144, , , , , , , 4.0390962, -0.0058747, , , , , , , 4.0390962, 0.0280308, , , , , , , , , , , , , , , , , , , , , , , , , , , , 
4.0396154, 0.036759, , , , , , , 4.0396154, 0.0683146, , , , , , , 4.0396154, 0.0023499, , , , , , , 4.0396154, 0.023331, , , , , , , , , , , , , , , , , , , , , , , , , , , , 
4.0401346, 0.033402, , , , , , , 4.0401346, 0.051194, , , , , , , 4.0401346, 0.0146029, , , , , , , 4.0401346, 0.0213169, , , , , , , , , , , , , , , , , , , , , , , , , , , , 
4.0406538, 0.0288701, , , , , , , 4.0406538, 0.0374304, , , , , , , 4.0406538, 0.0287022, , , , , , , 4.0406538, 0.0206455, , , , , , , , , , , , , , , , , , , , , , , , , , , , 
4.0411731, 0.0223239, , , , , , , 4.0411731, 0.0303807, , , , , , , 4.0411731, 0.0386053, , , , , , , 4.0411731, 0.0196384, , , , , , , , , , , , , , , , , , , , , , , , , , , , 
4.0416923, 0.0132601, , , , , , , 4.0416923, 0.030045, , , , , , , 4.0416923, 0.0454871, , , , , , , 4.0416923, 0.0193027, , , , , , , , , , , , , , , , , , , , , , , , , , , , 
4.0422115, 0.0058747, , , , , , , 4.0422115, 0.0223239, , , , , , , 4.0422115, 0.0495155, , , , , , , 4.0422115, 0.0193027, , , , , , , , , , , , , , , , , , , , , , , , , , , , 
4.0427308, 0.0065461, , , , , , , 4.0427308, 0.0005035, , , , , , , 4.0427308, 0.0481727, , , , , , , 4.0427308, 0.0142672, , , , , , , , , , , , , , , , , , , , , , , , , , , , 
4.04325, 0.012253, , , , , , , 4.04325, -0.0260166, , , , , , , 4.04325, 0.0441444, , , , , , , 4.04325, 0.005539, , , , , , , , , , , , , , , , , , , , , , , , , , , , 
4.0437692, 0.0199741, , , , , , , 4.0437692, -0.0532082, , , , , , , 4.0437692, 0.0377661, , , , , , , 4.0437692, -0.0045319, , , , , , , , , , , , , , , , , , , , , , , , , , , , 
4.0442885, 0.0288701, , , , , , , 4.0442885, -0.0753643, , , , , , , 4.0442885, 0.0303807, , , , , , , 4.0442885, -0.0129244, , , , , , , , , , , , , , , , , , , , , , , , , , , , 
4.0448077, 0.0332341, , , , , , , 4.0448077, -0.0854353, , , , , , , 4.0448077, 0.0238346, , , , , , , 4.0448077, -0.018967, , , , , , , , , , , , , , , , , , , , , , , , , , , , 
4.0453269, 0.0347448, , , , , , , 4.0453269, -0.093492, , , , , , , 4.0453269, 0.0206455, , , , , , , 4.0453269, -0.0243381, , , , , , , , , , , , , , , , , , , , , , , , , , , , 
4.0458462, 0.035584, , , , , , , 4.0458462, -0.1025559, , , , , , , 4.0458462, 0.0206455, , , , , , , 4.0458462, -0.0256809, , , , , , , , , , , , , , , , , , , , , , , , , , , , 
4.0463654, 0.0339055, , , , , , , 4.0463654, -0.1037308, , , , , , , 4.0463654, 0.0246738, , , , , , , 4.0463654, -0.0250095, , , , , , , , , , , , , , , , , , , , , , , , , , , , 
4.0468846, 0.024506, , , , , , , 4.0468846, -0.096849, , , , , , , 4.0468846, 0.030045, , , , , , , 4.0468846, -0.0213169, , , , , , , , , , , , , , , , , , , , , , , , , , , , 
4.0474038, 0.0151064, , , , , , , 4.0474038, -0.0834211, , , , , , , 4.0474038, 0.0332341, , , , , , , 4.0474038, -0.0129244, , , , , , , , , , , , , , , , , , , , , , , , , , , , 
4.0479231, 0.0092317, , , , , , , 4.0479231, -0.0639506, , , , , , , 4.0479231, 0.030045, , , , , , , 4.0479231, -0.002182, , , , , , , , , , , , , , , , , , , , , , , , , , , , 
4.0484423, 0.0062104, , , , , , , 4.0484423, -0.0443122, , , , , , , 4.0484423, 0.0226596, , , , , , , 4.0484423, 0.0038605, , , , , , , , , , , , , , , , , , , , , , , , , , , , 
4.0489615, 0.0011749, , , , , , , 4.0489615, -0.0283665, , , , , , , 4.0489615, 0.0181277, , , , , , , 4.0489615, 0.0052033, , , , , , , , , , , , , , , , , , , , , , , , , , , , 
4.0494808, -0.008896, , , , , , , 4.0494808, -0.0130922, , , , , , , 4.0494808, 0.0162814, , , , , , , 4.0494808, 0.010071, , , , , , , , , , , , , , , , , , , , , , , , , , , , 
4.05, -0.0162814, , , , , , , 4.05, -0.0015106, , , , , , , 4.05, 0.0171206, , , , , , , 4.05, 0.0186313, , , , , , , , , , , , , , , , , , , , , , , , , , , , 
4.0505192, -0.0196384, , , , , , , 4.0505192, 0.0058747, , , , , , , 4.0505192, 0.0263523, , , , , , , 4.0505192, 0.0280308, , , , , , , , , , , , , , , , , , , , , , , , , , , , 
4.0510385, -0.0238346, , , , , , , 4.0510385, 0.0105745, , , , , , , 4.0510385, 0.0421302, , , , , , , 4.0510385, 0.0360876, , , , , , , , , , , , , , , , , , , , , , , , , , , , 
4.0515577, -0.0297093, , , , , , , 4.0515577, 0.0072175, , , , , , , 4.0515577, 0.0632792, , , , , , , 4.0515577, 0.0397803, , , , , , , , , , , , , , , , , , , , , , , , , , , , 
4.0520769, -0.0377661, , , , , , , 4.0520769, -0.0005035, , , , , , , 4.0520769, 0.0931563, , , , , , , 4.0520769, 0.040116, , , , , , , , , , , , , , , , , , , , , , , , , , , , 
4.0525962, -0.0419623, , , , , , , 4.0525962, 0.0018463, , , , , , , 4.0525962, 0.131426, , , , , , , 4.0525962, 0.0417945, , , , , , , , , , , , , , , , , , , , , , , , , , , , 
4.0531154, -0.0339055, , , , , , , 4.0531154, 0.0186313, , , , , , , 4.0531154, 0.1675135, , , , , , , 4.0531154, 0.043473, , , , , , , , , , , , , , , , , , , , , , , , , , , , 
4.0536346, -0.0216526, , , , , , , 4.0536346, 0.0392767, , , , , , , 4.0536346, 0.184802, , , , , , , 4.0536346, 0.043473, , , , , , , , , , , , , , , , , , , , , , , , , , , , 
4.0541538, -0.012253, , , , , , , 4.0541538, 0.0656291, , , , , , , 4.0541538, 0.1809415, , , , , , , 4.0541538, 0.040116, , , , , , , , , , , , , , , , , , , , , , , , , , , , 
4.0546731, -0.0052033, , , , , , , 4.0546731, 0.0965133, , , , , , , 4.0546731, 0.1592889, , , , , , , 4.0546731, 0.0339055, , , , , , , , , , , , , , , , , , , , , , , , , , , , 
4.0551923, 0.0003357, , , , , , , 4.0551923, 0.111284, , , , , , , 4.0551923, 0.124712, , , , , , , 4.0551923, 0.0285344, , , , , , , , , , , , , , , , , , , , , , , , , , , , 
4.0557115, 0.0070497, , , , , , , 4.0557115, 0.1045701, , , , , , , 4.0557115, 0.0762036, , , , , , , 4.0557115, 0.0258488, , , , , , , , , , , , , , , , , , , , , , , , , , , , 
4.0562308, 0.0149386, , , , , , , 4.0562308, 0.0822461, , , , , , , 4.0562308, 0.0209812, , , , , , , 4.0562308, 0.023331, , , , , , , , , , , , , , , , , , , , , , , , , , , , 
4.05675, 0.0209812, , , , , , , 4.05675, 0.0538796, , , , , , , 4.05675, -0.0310521, , , , , , , 4.05675, 0.0166171, , , , , , , , , , , , , , , , , , , , , , , , , , , , 
4.0572692, 0.0276951, , , , , , , 4.0572692, 0.0323949, , , , , , , 4.0572692, -0.0850996, , , , , , , 4.0572692, 0.0117494, , , , , , , , , , , , , , , , , , , , , , , , , , , , 
4.0577885, 0.0347448, , , , , , , 4.0577885, 0.0199741, , , , , , , 4.0577885, -0.143679, , , , , , , 4.0577885, 0.0085603, , , , , , , , , , , , , , , , , , , , , , , , , , , , 
4.0583077, 0.0347448, , , , , , , 4.0583077, -0.0112459, , , , , , , 4.0583077, -0.1962158, , , , , , , 4.0583077, 0.0041962, , , , , , , , , , , , , , , , , , , , , , , , , , , , 
4.0588269, 0.0293736, , , , , , , 4.0588269, -0.0562295, , , , , , , 4.0588269, -0.2277714, , , , , , , 4.0588269, -0.0001678, , , , , , , , , , , , , , , , , , , , , , , , , , , , 
4.0593462, 0.0280308, , , , , , , 4.0593462, -0.0733501, , , , , , , 4.0593462, -0.2455634, , , , , , , 4.0593462, -0.0050355, , , , , , , , , , , , , , , , , , , , , , , , , , , , 
4.0598654, 0.0337377, , , , , , , 4.0598654, -0.0584115, , , , , , , 4.0598654, -0.2541238, , , , , , , 4.0598654, -0.0075532, , , , , , , , , , , , , , , , , , , , , , , , , , , , 
4.0603846, 0.0384375, , , , , , , 4.0603846, -0.0495155, , , , , , , 4.0603846, -0.2536202, , , , , , , 4.0603846, -0.0078889, , , , , , , , , , , , , , , , , , , , , , , , , , , , 
4.0609038, 0.0320592, , , , , , , 4.0609038, -0.0686503, , , , , , , 4.0609038, -0.2469062, , , , , , , 4.0609038, -0.008896, , , , , , , , , , , , , , , , , , , , , , , , , , , , 
4.0614231, 0.023331, , , , , , , 4.0614231, -0.1030594, , , , , , , 4.0614231, -0.2418708, , , , , , , 4.0614231, -0.0036927, , , , , , , , , , , , , , , , , , , , , , , , , , , , 
4.0619423, 0.024506, , , , , , , 4.0619423, -0.1096056, , , , , , , 4.0619423, -0.2433814, , , , , , , 4.0619423, 0.0058747, , , , , , , , , , , , , , , , , , , , , , , , , , , , 
4.0624615, 0.0280308, , , , , , , 4.0624615, -0.0854353, , , , , , , 4.0624615, -0.2422065, , , , , , , 4.0624615, 0.01561, , , , , , , , , , , , , , , , , , , , , , , , , , , , 
4.0629808, 0.0347448, , , , , , , 4.0629808, -0.061265, , , , , , , 4.0629808, -0.2264286, , , , , , , 4.0629808, 0.0219883, , , , , , , , , , , , , , , , , , , , , , , , , , , , 
4.0635, 0.0488441, , , , , , , 4.0635, -0.0453193, , , , , , , 4.0635, -0.1950408, , , , , , , 4.0635, 0.0223239, , , , , , , , , , , , , , , , , , , , , , , , , , , , 
4.0640192, 0.0585794, , , , , , , 4.0640192, -0.0287022, , , , , , , 4.0640192, -0.1607996, , , , , , , 4.0640192, 0.0176242, , , , , , , , , , , , , , , , , , , , , , , , , , , , 
4.0645385, 0.0626078, , , , , , , 4.0645385, -0.014435, , , , , , , 4.0645385, -0.1287404, , , , , , , 4.0645385, 0.0132601, , , , , , , , , , , , , , , , , , , , , , , , , , , , 
4.0650577, 0.0626078, , , , , , , 4.0650577, -0.0082246, , , , , , , 4.0650577, -0.0919814, , , , , , , 4.0650577, 0.008896, , , , , , , , , , , , , , , , , , , , , , , , , , , , 
4.0655769, 0.0602579, , , , , , , 4.0655769, 0.0005035, , , , , , , 4.0655769, -0.0542153, , , , , , , 4.0655769, 0.0028534, , , , , , , , , , , , , , , , , , , , , , , , , , , , 
4.0660962, 0.0562295, , , , , , , 4.0660962, 0.0213169, , , , , , , 4.0660962, -0.0203098, , , , , , , 4.0660962, 0.0003357, , , , , , , , , , , , , , , , , , , , , , , , , , , , 
4.0666154, 0.0513619, , , , , , , 4.0666154, 0.0397803, , , , , , , 4.0666154, 0.0075532, , , , , , , 4.0666154, 0.0036927, , , , , , , , , , , , , , , , , , , , , , , , , , , , 
4.0671346, 0.0438087, , , , , , , 4.0671346, 0.0323949, , , , , , , 4.0671346, 0.0263523, , , , , , , 4.0671346, 0.0099031, , , , , , , , , , , , , , , , , , , , , , , , , , , , 
4.0676538, 0.0317235, , , , , , , 4.0676538, 0.0075532, , , , , , , 4.0676538, 0.0396124, , , , , , , 4.0676538, 0.0146029, , , , , , , , , , , , , , , , , , , , , , , , , , , , 
4.0681731, 0.0179599, , , , , , , 4.0681731, -0.0038605, , , , , , , 4.0681731, 0.049012, , , , , , , 4.0681731, 0.0152743, , , , , , , , , , , , , , , , , , , , , , , , , , , , 
4.0686923, 0.0063783, , , , , , , 4.0686923, 0.0038605, , , , , , , 4.0686923, 0.0558938, , , , , , , 4.0686923, 0.0132601, , , , , , , , , , , , , , , , , , , , , , , , , , , , 
4.0692115, -0.002182, , , , , , , 4.0692115, 0.0149386, , , , , , , 4.0692115, 0.0595865, , , , , , , 4.0692115, 0.0152743, , , , , , , , , , , , , , , , , , , , , , , , , , , , 
4.0697308, -0.008896, , , , , , , 4.0697308, 0.0099031, , , , , , , 4.0697308, 0.0629435, , , , , , , 4.0697308, 0.018967, , , , , , , , , , , , , , , , , , , , , , , , , , , , 
4.07025, -0.0171206, , , , , , , 4.07025, -0.0015106, , , , , , , 4.07025, 0.0716716, , , , , , , 4.07025, 0.0224918, , , , , , , , , , , , , , , , , , , , , , , , , , , , 
4.0707692, -0.0243381, , , , , , , 4.0707692, -0.0065461, , , , , , , 4.0707692, 0.0847639, , , , , , , 4.0707692, 0.0261845, , , , , , , , , , , , , , , , , , , , , , , , , , , , 
4.0712885, -0.0263523, , , , , , , 4.0712885, -0.012253, , , , , , , 4.0712885, 0.0973526, , , , , , , 4.0712885, 0.0253452, , , , , , , , , , , , , , , , , , , , , , , , , , , , 
4.0718077, -0.0310521, , , , , , , 4.0718077, -0.0099031, , , , , , , 4.0718077, 0.1092699, , , , , , , 4.0718077, 0.023331, , , , , , , , , , , , , , , , , , , , , , , , , , , , 
4.0723269, -0.0372625, , , , , , , 4.0723269, 0.0130922, , , , , , , 4.0723269, 0.1218585, , , , , , , 4.0723269, 0.023331, , , , , , , , , , , , , , , , , , , , , , , , , , , , 
4.0728462, -0.0377661, , , , , , , 4.0728462, 0.0535439, , , , , , , 4.0728462, 0.1367971, , , , , , , 4.0728462, 0.024506, , , , , , , , , , , , , , , , , , , , , , , , , , , , 
4.0733654, -0.0275273, , , , , , , 4.0733654, 0.0750286, , , , , , , 4.0733654, 0.1512322, , , , , , , 4.0733654, 0.0246738, , , , , , , , , , , , , , , , , , , , , , , , , , , , 
4.0738846, -0.0139315, , , , , , , 4.0738846, 0.0609293, , , , , , , 4.0738846, 0.1649958, , , , , , , 4.0738846, 0.0223239, , , , , , , , , , , , , , , , , , , , , , , , , , , , 
4.0744038, -0.0036927, , , , , , , 4.0744038, 0.0330663, , , , , , , 4.0744038, 0.1754025, , , , , , , 4.0744038, 0.0179599, , , , , , , , , , , , , , , , , , , , , , , , , , , , 
4.0749231, 0.0018463, , , , , , , 4.0749231, 0.0102388, , , , , , , 4.0749231, 0.1770809, , , , , , , 4.0749231, 0.0147707, , , , , , , , , , , , , , , , , , , , , , , , , , , , 
4.0754423, 0.0058747, , , , , , , 4.0754423, -0.0109102, , , , , , , 4.0754423, 0.1639887, , , , , , , 4.0754423, 0.0142672, , , , , , , , , , , , , , , , , , , , , , , , , , , , 
4.0759615, 0.0129244, , , , , , , 4.0759615, -0.0199741, , , , , , , 4.0759615, 0.1411612, , , , , , , 4.0759615, 0.0152743, , , , , , , , , , , , , , , , , , , , , , , , , , , , 
4.0764808, 0.0186313, , , , , , , 4.0764808, -0.0035248, , , , , , , 4.0764808, 0.1132982, , , , , , , 4.0764808, 0.0152743, , , , , , , , , , , , , , , , , , , , , , , , , , , , 
4.077, 0.0240024, , , , , , , 4.077, 0.0246738, , , , , , , 4.077, 0.0773785, , , , , , , 4.077, 0.0146029, , , , , , , , , , , , , , , , , , , , , , , , , , , , 
4.0775192, 0.0270237, , , , , , , 4.0775192, 0.0293736, , , , , , , 4.0775192, 0.0340734, , , , , , , 4.0775192, 0.0166171, , , , , , , , , , , , , , , , , , , , , , , , , , , , 
4.0780385, 0.026688, , , , , , , 4.0780385, 0.0048676, , , , , , , 4.0780385, -0.0082246, , , , , , , 4.0780385, 0.018967, , , , , , , , , , , , , , , , , , , , , , , , , , , , 
4.0785577, 0.0240024, , , , , , , 4.0785577, -0.0243381, , , , , , , 4.0785577, -0.0391089, , , , , , , 4.0785577, 0.0179599, , , , , , , , , , , , , , , , , , , , , , , , , , , , 
4.0790769, 0.0213169, , , , , , , 4.0790769, -0.0370947, , , , , , , 4.0790769, -0.0595865, , , , , , , 4.0790769, 0.0193027, , , , , , , , , , , , , , , , , , , , , , , , , , , , 
4.0795962, 0.0182956, , , , , , , 4.0795962, -0.0354162, , , , , , , 4.0795962, -0.0746929, , , , , , , 4.0795962, 0.023331, , , , , , , , , , , , , , , , , , , , , , , , , , , , 
4.0801154, 0.0159457, , , , , , , 4.0801154, -0.030045, , , , , , , 4.0801154, -0.0881209, , , , , , , 4.0801154, 0.026688, , , , , , , , , , , , , , , , , , , , , , , , , , , , 
4.0806346, 0.01561, , , , , , , 4.0806346, -0.0298772, , , , , , , 4.0806346, -0.1075914, , , , , , , 4.0806346, 0.027863, , , , , , , , , , , , , , , , , , , , , , , , , , , , 
4.0811538, 0.0152743, , , , , , , 4.0811538, -0.0414588, , , , , , , 4.0811538, -0.1250477, , , , , , , 4.0811538, 0.0271916, , , , , , , , , , , , , , , , , , , , , , , , , , , , 
4.0816731, 0.0152743, , , , , , , 4.0816731, -0.063447, , , , , , , 4.0816731, -0.1290761, , , , , , , 4.0816731, 0.0246738, , , , , , , , , , , , , , , , , , , , , , , , , , , , 
4.0821923, 0.0159457, , , , , , , 4.0821923, -0.0951705, , , , , , , 4.0821923, -0.1237049, , , , , , , 4.0821923, 0.0193027, , , , , , , , , , , , , , , , , , , , , , , , , , , , 
4.0827115, 0.0166171, , , , , , , 4.0827115, -0.1159838, , , , , , , 4.0827115, -0.1190051, , , , , , , 4.0827115, 0.0146029, , , , , , , , , , , , , , , , , , , , , , , , , , , , 
4.0832308, 0.0253452, , , , , , , 4.0832308, -0.110277, , , , , , , 4.0832308, -0.1132982, , , , , , , 4.0832308, 0.0102388, , , , , , , , , , , , , , , , , , , , , , , , , , , , 
4.08375, 0.0350805, , , , , , , 4.08375, -0.0800641, , , , , , , 4.08375, -0.0997024, , , , , , , 4.08375, 0.0038605, , , , , , , , , , , , , , , , , , , , , , , , , , , , 
4.0842692, 0.0446479, , , , , , , 4.0842692, -0.0354162, , , , , , , 4.0842692, -0.0757, , , , , , , 4.0842692, -0.0008392, , , , , , , , , , , , , , , , , , , , , , , , , , , , 
4.0847885, 0.0542153, , , , , , , 4.0847885, -0.0018463, , , , , , , 4.0847885, -0.0480049, , , , , , , 4.0847885, -0.0031891, , , , , , , , , , , , , , , , , , , , , , , , , , , , 
4.0853077, 0.0548867, , , , , , , 4.0853077, -0.005539, , , , , , , 4.0853077, -0.0236667, , , , , , , 4.0853077, -0.0031891, , , , , , , , , , , , , , , , , , , , , , , , , , , , 
4.0858269, 0.0513619, , , , , , , 4.0858269, -0.03122, , , , , , , 4.0858269, -0.0028534, , , , , , , 4.0858269, -0.0035248, , , , , , , , , , , , , , , , , , , , , , , , , , , , 
4.0863462, 0.0488441, , , , , , , 4.0863462, -0.0431373, , , , , , , 4.0863462, 0.0199741, , , , , , , 4.0863462, -0.008896, , , , , , , , , , , , , , , , , , , , , , , , , , , , 
4.0868654, 0.043473, , , , , , , 4.0868654, -0.0310521, , , , , , , 4.0868654, 0.0475013, , , , , , , 4.0868654, -0.0154421, , , , , , , , , , , , , , , , , , , , , , , , , , , , 
4.0873846, 0.033402, , , , , , , 4.0873846, -0.0082246, , , , , , , 4.0873846, 0.0809033, , , , , , , 4.0873846, -0.0191348, , , , , , , , , , , , , , , , , , , , , , , , , , , , 
4.0879038, 0.0246738, , , , , , , 4.0879038, 0.0169528, , , , , , , 4.0879038, 0.111284, , , , , , , 4.0879038, -0.0216526, , , , , , , , , , , , , , , , , , , , , , , , , , , , 
4.0884231, 0.0179599, , , , , , , 4.0884231, 0.0332341, , , , , , , 4.0884231, 0.1299153, , , , , , , 4.0884231, -0.021149, , , , , , , , , , , , , , , , , , , , , , , , , , , , 
4.0889423, 0.0109102, , , , , , , 4.0889423, 0.0387732, , , , , , , 4.0889423, 0.1408255, , , , , , , 4.0889423, -0.018967, , , , , , , , , , , , , , , , , , , , , , , , , , , , 
4.0894615, 0.005539, , , , , , , 4.0894615, 0.0428016, , , , , , , 4.0894615, 0.1461967, , , , , , , 4.0894615, -0.0129244, , , , , , , , , , , , , , , , , , , , , , , , , , , , 
4.0899808, -0.0025177, , , , , , , 4.0899808, 0.0528725, , , , , , , 4.0899808, 0.1435111, , , , , , , 4.0899808, -0.0062104, , , , , , , , , , , , , , , , , , , , , , , , , , , , 
4.0905, -0.0159457, , , , , , , 4.0905, 0.0767071, , , , , , , 4.0905, 0.1331044, , , , , , , 4.0905, 0.0005035, , , , , , , , , , , , , , , , , , , , , , , , , , , , 
4.0910192, -0.0203098, , , , , , , 4.0910192, 0.128069, , , , , , , 4.0910192, 0.1119554, , , , , , , 4.0910192, 0.0045319, , , , , , , , , , , , , , , , , , , , , , , , , , , , 
4.0915385, -0.018967, , , , , , , 4.0915385, 0.1649958, , , , , , , 4.0915385, 0.0783856, , , , , , , 4.0915385, 0.0072175, , , , , , , , , , , , , , , , , , , , , , , , , , , , 
4.0920577, -0.018967, , , , , , , 4.0920577, 0.1609674, , , , , , , 4.0920577, 0.0357519, , , , , , , 4.0920577, 0.0127565, , , , , , , , , , , , , , , , , , , , , , , , , , , , 
4.0925769, -0.0218204, , , , , , , 4.0925769, 0.1344472, , , , , , , 4.0925769, -0.0102388, , , , , , , 4.0925769, 0.0199741, , , , , , , , , , , , , , , , , , , , , , , , , , , , 
4.0930962, -0.0223239, , , , , , , 4.0930962, 0.0991989, , , , , , , 4.0930962, -0.0594186, , , , , , , 4.0930962, 0.0260166, , , , , , , , , , , , , , , , , , , , , , , , , , , , 
4.0936154, -0.0149386, , , , , , , 4.0936154, 0.0560616, , , , , , , 4.0936154, -0.1052415, , , , , , , 4.0936154, 0.0325628, , , , , , , , , , , , , , , , , , , , , , , , , , , , 
4.0941346, -0.0005035, , , , , , , 4.0941346, 0.0015106, , , , , , , 4.0941346, -0.1448539, , , , , , , 4.0941346, 0.0347448, , , , , , , , , , , , , , , , , , , , , , , , , , , , 
4.0946538, 0.0119173, , , , , , , 4.0946538, -0.0552224, , , , , , , 4.0946538, -0.1748989, , , , , , , 4.0946538, 0.0370947, , , , , , , , , , , , , , , , , , , , , , , , , , , , 
4.0951731, 0.0171206, , , , , , , 4.0951731, -0.1015488, , , , , , , 4.0951731, -0.1868162, , , , , , , 4.0951731, 0.0454871, , , , , , , , , , , , , , , , , , , , , , , , , , , , 
4.0956923, 0.0146029, , , , , , , 4.0956923, -0.1515679, , , , , , , 4.0956923, -0.1844663, , , , , , , 4.0956923, 0.0542153, , , , , , , , , , , , , , , , , , , , , , , , , , , , 
4.0962115, 0.0078889, , , , , , , 4.0962115, -0.2032654, , , , , , , 4.0962115, -0.1841306, , , , , , , 4.0962115, 0.0597543, , , , , , , , , , , , , , , , , , , , , , , , , , , , 
4.0967308, 0.0031891, , , , , , , 4.0967308, -0.2173648, , , , , , , 4.0967308, -0.1837949, , , , , , , 4.0967308, 0.0585794, , , , , , , , , , , , , , , , , , , , , , , , , , , , 
4.09725, 0.0038605, , , , , , , 4.09725, -0.1851377, , , , , , , 4.09725, -0.1760739, , , , , , , 4.09725, 0.0558938, , , , , , , , , , , , , , , , , , , , , , , , , , , , 
4.0977692, 0.0065461, , , , , , , 4.0977692, -0.1324331, , , , , , , 4.0977692, -0.1586175, , , , , , , 4.0977692, 0.0528725, , , , , , , , , , , , , , , , , , , , , , , , , , , , 
4.0982885, 0.0041962, , , , , , , 4.0982885, -0.0854353, , , , , , , 4.0982885, -0.1230335, , , , , , , 4.0982885, 0.0461585, , , , , , , , , , , , , , , , , , , , , , , , , , , , 
4.0988077, -0.0065461, , , , , , , 4.0988077, -0.0538796, , , , , , , 4.0988077, -0.0807355, , , , , , , 4.0988077, 0.036759, , , , , , , , , , , , , , , , , , , , , , , , , , , , 
4.0993269, -0.0135958, , , , , , , 4.0993269, -0.0364233, , , , , , , 4.0993269, -0.0397803, , , , , , , 4.0993269, 0.0270237, , , , , , , , , , , , , , , , , , , , , , , , , , , , 
4.0998462, -0.0109102, , , , , , , 4.0998462, -0.0216526, , , , , , , 4.0998462, -0.0085603, , , , , , , 4.0998462, 0.0182956, , , , , , , , , , , , , , , , , , , , , , , , , , , , 
4.1003654, -0.0058747, , , , , , , 4.1003654, -0.0082246, , , , , , , 4.1003654, 0.0115816, , , , , , , 4.1003654, 0.0095674, , , , , , , , , , , , , , , , , , , , , , , , , , , , 
4.1008846, -0.0015106, , , , , , , 4.1008846, 0.0008392, , , , , , , 4.1008846, 0.0293736, , , , , , , 4.1008846, 0.002182, , , , , , , , , , , , , , , , , , , , , , , , , , , , 
4.1014038, 0.0018463, , , , , , , 4.1014038, 0.0050355, , , , , , , 4.1014038, 0.0451514, , , , , , , 4.1014038, -0.0030213, , , , , , , , , , , , , , , , , , , , , , , , , , , , 
4.1019231, -0.0005035, , , , , , , 4.1019231, 0.0038605, , , , , , , 4.1019231, 0.0569009, , , , , , , 4.1019231, -0.0099031, , , , , , , , , , , , , , , , , , , , , , , , , , , , 
4.1024423, -0.0075532, , , , , , , 4.1024423, -0.0015106, , , , , , , 4.1024423, 0.0666361, , , , , , , 4.1024423, -0.0169528, , , , , , , , , , , , , , , , , , , , , , , , , , , , 
4.1029615, -0.0008392, , , , , , , 4.1029615, -0.0035248, , , , , , , 4.1029615, 0.0757, , , , , , , 4.1029615, -0.0270237, , , , , , , , , , , , , , , , , , , , , , , , , , , , 
4.1034808, 0.0206455, , , , , , , 4.1034808, 0.0016785, , , , , , , 4.1034808, 0.0830854, , , , , , , 4.1034808, -0.0350805, , , , , , , , , , , , , , , , , , , , , , , , , , , , 
4.104, 0.0407874, , , , , , , 4.104, 0.0092317, , , , , , , 4.104, 0.0881209, , , , , , , 4.104, -0.0370947, , , , , , , , , , , , , , , , , , , , , , , , , , , , 
4.1045192, 0.0535439, , , , , , , 4.1045192, 0.0151064, , , , , , , 4.1045192, 0.0884565, , , , , , , 4.1045192, -0.0381018, , , , , , , , , , , , , , , , , , , , , , , , , , , , 
4.1050385, 0.0609293, , , , , , , 4.1050385, 0.0115816, , , , , , , 4.1050385, 0.0869459, , , , , , , 4.1050385, -0.0377661, , , , , , , , , , , , , , , , , , , , , , , , , , , , 
4.1055577, 0.0659648, , , , , , , 4.1055577, 0.0018463, , , , , , , 4.1055577, 0.0861067, , , , , , , 4.1055577, -0.0345769, , , , , , , , , , , , , , , , , , , , , , , , , , , , 
4.1060769, 0.0710002, , , , , , , 4.1060769, -0.0041962, , , , , , , 4.1060769, 0.0817426, , , , , , , 4.1060769, -0.0293736, , , , , , , , , , , , , , , , , , , , , , , , , , , , 
4.1065962, 0.0728466, , , , , , , 4.1065962, -0.0062104, , , , , , , 4.1065962, 0.072343, , , , , , , 4.1065962, -0.0236667, , , , , , , , , , , , , , , , , , , , , , , , , , , , 
4.1071154, 0.0683146, , , , , , , 4.1071154, -0.0072175, , , , , , , 4.1071154, 0.0582437, , , , , , , 4.1071154, -0.0152743, , , , , , , , , , , , , , , , , , , , , , , , , , , , 
4.1076346, 0.0569009, , , , , , , 4.1076346, 0.0105745, , , , , , , 4.1076346, 0.0394446, , , , , , , 4.1076346, -0.0036927, , , , , , , , , , , , , , , , , , , , , , , , , , , , 
4.1081538, 0.0438087, , , , , , , 4.1081538, 0.0693217, , , , , , , 4.1081538, 0.0246738, , , , , , , 4.1081538, 0.0068818, , , , , , , , , , , , , , , , , , , , , , , , , , , , 
4.1086731, 0.0354162, , , , , , , 4.1086731, 0.1317617, , , , , , , 4.1086731, 0.0166171, , , , , , , 4.1086731, 0.0159457, , , , , , , , , , , , , , , , , , , , , , , , , , , , 
4.1091923, 0.0276951, , , , , , , 4.1091923, 0.1599603, , , , , , , 4.1091923, 0.0018463, , , , , , , 4.1091923, 0.0251774, , , , , , , , , , , , , , , , , , , , , , , , , , , , 
4.1097115, 0.0149386, , , , , , , 4.1097115, 0.1482109, , , , , , , 4.1097115, -0.0209812, , , , , , , 4.1097115, 0.0362554, , , , , , , , , , , , , , , , , , , , , , , , , , , , 
4.1102308, 0.0001678, , , , , , , 4.1102308, 0.111284, , , , , , , 4.1102308, -0.0323949, , , , , , , 4.1102308, 0.0491798, , , , , , , , , , , , , , , , , , , , , , , , , , , , 
4.11075, -0.0119173, , , , , , , 4.11075, 0.0733501, , , , , , , 4.11075, -0.0229953, , , , , , , 4.11075, 0.0595865, , , , , , , , , , , , , , , , , , , , , , , , , , , , 
4.1112692, -0.0219883, , , , , , , 4.1112692, 0.0384375, , , , , , , 4.1112692, -0.0082246, , , , , , , 4.1112692, 0.0669718, , , , , , , , , , , , , , , , , , , , , , , , , , , , 
4.1117885, -0.0303807, , , , , , , 4.1117885, 0.008896, , , , , , , 4.1117885, -0.0028534, , , , , , , 4.1117885, 0.0753643, , , , , , , , , , , , , , , , , , , , , , , , , , , , 
4.1123077, -0.0431373, , , , , , , 4.1123077, -0.0045319, , , , , , , 4.1123077, -0.0070497, , , , , , , 4.1123077, 0.0795605, , , , , , , , , , , , , , , , , , , , , , , , , , , , 
4.1128269, -0.0535439, , , , , , , 4.1128269, -0.0223239, , , , , , , 4.1128269, -0.0072175, , , , , , , 4.1128269, 0.0730144, , , , , , , , , , , , , , , , , , , , , , , , , , , , 
4.1133462, -0.0532082, , , , , , , 4.1133462, -0.0592508, , , , , , , 4.1133462, -0.005539, , , , , , , 4.1133462, 0.0589151, , , , , , , , , , , , , , , , , , , , , , , , , , , , 
4.1138654, -0.0441444, , , , , , , 4.1138654, -0.0941634, , , , , , , 4.1138654, -0.0087282, , , , , , , 4.1138654, 0.0451514, , , , , , , , , , , , , , , , , , , , , , , , , , , , 
4.1143846, -0.0323949, , , , , , , 4.1143846, -0.1136339, , , , , , , 4.1143846, -0.010071, , , , , , , 4.1143846, 0.0345769, , , , , , , , , , , , , , , , , , , , , , , , , , , , 
4.1149038, -0.0236667, , , , , , , 4.1149038, -0.1267262, , , , , , , 4.1149038, -0.0046998, , , , , , , 4.1149038, 0.0253452, , , , , , , , , , , , , , , , , , , , , , , , , , , , 
4.1154231, -0.018967, , , , , , , 4.1154231, -0.1297475, , , , , , , 4.1154231, -0.0003357, , , , , , , 4.1154231, 0.0179599, , , , , , , , , , , , , , , , , , , , , , , , , , , , 
4.1159423, -0.0112459, , , , , , , 4.1159423, -0.1163195, , , , , , , 4.1159423, -0.0063783, , , , , , , 4.1159423, 0.0099031, , , , , , , , , , , , , , , , , , , , , , , , , , , , 
4.1164615, -0.0023499, , , , , , , 4.1164615, -0.0943313, , , , , , , 4.1164615, -0.0250095, , , , , , , 4.1164615, 0.0025177, , , , , , , , , , , , , , , , , , , , , , , , , , , , 
4.1169808, 0.0018463, , , , , , , 4.1169808, -0.0716716, , , , , , , 4.1169808, -0.0515297, , , , , , , 4.1169808, -0.0038605, , , , , , , , , , , , , , , , , , , , , , , , , , , , 
4.1175, 0.0075532, , , , , , , 4.1175, -0.0565652, , , , , , , 4.1175, -0.0699931, , , , , , , 4.1175, -0.0092317, , , , , , , , , , , , , , , , , , , , , , , , , , , , 
4.1180192, 0.0132601, , , , , , , 4.1180192, -0.0501869, , , , , , , 4.1180192, -0.0738537, , , , , , , 4.1180192, -0.0135958, , , , , , , , , , , , , , , , , , , , , , , , , , , , 
4.1185385, 0.0176242, , , , , , , 4.1185385, -0.0491798, , , , , , , 4.1185385, -0.0673075, , , , , , , 4.1185385, -0.0162814, , , , , , , , , , , , , , , , , , , , , , , , , , , , 
4.1190577, 0.0218204, , , , , , , 4.1190577, -0.0451514, , , , , , , 4.1190577, -0.0538796, , , , , , , 4.1190577, -0.0179599, , , , , , , , , , , , , , , , , , , , , , , , , , , , 
4.1195769, 0.0253452, , , , , , , 4.1195769, -0.0253452, , , , , , , 4.1195769, -0.0397803, , , , , , , 4.1195769, -0.017792, , , , , , , , , , , , , , , , , , , , , , , , , , , , 
4.1200962, 0.0275273, , , , , , , 4.1200962, 0.0025177, , , , , , , 4.1200962, -0.0340734, , , , , , , 4.1200962, -0.0166171, , , , , , , , , , , , , , , , , , , , , , , , , , , , 
4.1206154, 0.0320592, , , , , , , 4.1206154, 0.0199741, , , , , , , 4.1206154, -0.0391089, , , , , , , 4.1206154, -0.0176242, , , , , , , , , , , , , , , , , , , , , , , , , , , , 
4.1211346, 0.0344091, , , , , , , 4.1211346, 0.017792, , , , , , , 4.1211346, -0.0473335, , , , , , , 4.1211346, -0.0169528, , , , , , , , , , , , , , , , , , , , , , , , , , , , 
4.1216538, 0.0352483, , , , , , , 4.1216538, 0.0099031, , , , , , , 4.1216538, -0.0448157, , , , , , , 4.1216538, -0.0152743, , , , , , , , , , , , , , , , , , , , , , , , , , , , 
4.1221731, 0.0360876, , , , , , , 4.1221731, 0.0129244, , , , , , , 4.1221731, -0.0270237, , , , , , , 4.1221731, -0.0117494, , , , , , , , , , , , , , , , , , , , , , , , , , , , 
4.1226923, 0.0411231, , , , , , , 4.1226923, 0.0176242, , , , , , , 4.1226923, -0.0025177, , , , , , , 4.1226923, -0.0068818, , , , , , , , , , , , , , , , , , , , , , , , , , , , 
4.1232115, 0.0535439, , , , , , , 4.1232115, 0.0135958, , , , , , , 4.1232115, 0.0172885, , , , , , , 4.1232115, -0.0070497, , , , , , , , , , , , , , , , , , , , , , , , , , , , 
4.1237308, 0.0676432, , , , , , , 4.1237308, 0.0065461, , , , , , , 4.1237308, 0.0298772, , , , , , , 4.1237308, -0.0119173, , , , , , , , , , , , , , , , , , , , , , , , , , , , 
4.12425, 0.0763714, , , , , , , 4.12425, 0.0052033, , , , , , , 4.12425, 0.0370947, , , , , , , 4.12425, -0.0115816, , , , , , , , , , , , , , , , , , , , , , , , , , , , 
4.1247692, 0.0840925, , , , , , , 4.1247692, 0.0159457, , , , , , , 4.1247692, 0.0396124, , , , , , , 4.1247692, -0.0068818, , , , , , , , , , , , , , , , , , , , , , , , , , , , 
4.1252885, 0.0884565, , , , , , , 4.1252885, 0.033402, , , , , , , 4.1252885, 0.0350805, , , , , , , 4.1252885, -0.0023499, , , , , , , , , , , , , , , , , , , , , , , , , , , , 
4.1258077, 0.082414, , , , , , , 4.1258077, 0.0394446, , , , , , , 4.1258077, 0.0219883, , , , , , , 4.1258077, 0.0011749, , , , , , , , , , , , , , , , , , , , , , , , , , , , 
4.1263269, 0.0710002, , , , , , , 4.1263269, 0.0359197, , , , , , , 4.1263269, 0.0068818, , , , , , , 4.1263269, 0.0063783, , , , , , , , , , , , , , , , , , , , , , , , , , , , 
4.1268462, 0.0589151, , , , , , , 4.1268462, 0.0381018, , , , , , , 4.1268462, -0.005539, , , , , , , 4.1268462, 0.0112459, , , , , , , , , , , , , , , , , , , , , , , , , , , , 
4.1273654, 0.0468299, , , , , , , 4.1273654, 0.0421302, , , , , , , 4.1273654, -0.0109102, , , , , , , 4.1273654, 0.0162814, , , , , , , , , , , , , , , , , , , , , , , , , , , , 
4.1278846, 0.0397803, , , , , , , 4.1278846, 0.0320592, , , , , , , 4.1278846, -0.0109102, , , , , , , 4.1278846, 0.0191348, , , , , , , , , , , , , , , , , , , , , , , , , , , , 
4.1284038, 0.0330663, , , , , , , 4.1284038, 0.0099031, , , , , , , 4.1284038, -0.0068818, , , , , , , 4.1284038, 0.023331, , , , , , , , , , , , , , , , , , , , , , , , , , , , 
4.1289231, 0.0226596, , , , , , , 4.1289231, -0.0068818, , , , , , , 4.1289231, -0.0068818, , , , , , , 4.1289231, 0.0287022, , , , , , , , , , , , , , , , , , , , , , , , , , , , 
4.1294423, 0.0090639, , , , , , , 4.1294423, -0.0068818, , , , , , , 4.1294423, -0.0216526, , , , , , , 4.1294423, 0.0293736, , , , , , , , , , , , , , , , , , , , , , , , , , , , 
4.1299615, -0.0070497, , , , , , , 4.1299615, -0.0041962, , , , , , , 4.1299615, -0.043473, , , , , , , 4.1299615, 0.0280308, , , , , , , , , , , , , , , , , , , , , , , , , , , , 
4.1304808, -0.0234989, , , , , , , 4.1304808, -0.010071, , , , , , , 4.1304808, -0.0605936, , , , , , , 4.1304808, 0.030045, , , , , , , , , , , , , , , , , , , , , , , , , , , , 
4.131, -0.0364233, , , , , , , 4.131, -0.0196384, , , , , , , 4.131, -0.0674754, , , , , , , 4.131, 0.0310521, , , , , , , , , , , , , , , , , , , , , , , , , , , , 
4.1315192, -0.0441444, , , , , , , 4.1315192, -0.0330663, , , , , , , 4.1315192, -0.0649577, , , , , , , 4.1315192, 0.0287022, , , , , , , , , , , , , , , , , , , , , , , , , , , , 
4.1320385, -0.0493477, , , , , , , 4.1320385, -0.0407874, , , , , , , 4.1320385, -0.0553902, , , , , , , 4.1320385, 0.0260166, , , , , , , , , , , , , , , , , , , , , , , , , , , , 
4.1325577, -0.0518654, , , , , , , 4.1325577, -0.0354162, , , , , , , 4.1325577, -0.0411231, , , , , , , 4.1325577, 0.0260166, , , , , , , , , , , , , , , , , , , , , , , , , , , , 
4.1330769, -0.0466621, , , , , , , 4.1330769, -0.0179599, , , , , , , 4.1330769, -0.0243381, , , , , , , 4.1330769, 0.0270237, , , , , , , , , , , , , , , , , , , , , , , , , , , , 
4.1335962, -0.0337377, , , , , , , 4.1335962, 0.0001678, , , , , , , 4.1335962, -0.0077211, , , , , , , 4.1335962, 0.0303807, , , , , , , , , , , , , , , , , , , , , , , , , , , , 
4.1341154, -0.0223239, , , , , , , 4.1341154, 0.0097353, , , , , , , 4.1341154, 0.0085603, , , , , , , 4.1341154, 0.0357519, , , , , , , , , , , , , , , , , , , , , , , , , , , , 
4.1346346, -0.0166171, , , , , , , 4.1346346, 0.0115816, , , , , , , 4.1346346, 0.0209812, , , , , , , 4.1346346, 0.040116, , , , , , , , , , , , , , , , , , , , , , , , , , , , 
4.1351538, -0.0102388, , , , , , , 4.1351538, 0.012253, , , , , , , 4.1351538, 0.0240024, , , , , , , 4.1351538, 0.0438087, , , , , , , , , , , , , , , , , , , , , , , , , , , , 
4.1356731, -0.0001678, , , , , , , 4.1356731, 0.0137636, , , , , , , 4.1356731, 0.0159457, , , , , , , 4.1356731, 0.0466621, , , , , , , , , , , , , , , , , , , , , , , , , , , , 
4.1361923, 0.0045319, , , , , , , 4.1361923, 0.0097353, , , , , , , 4.1361923, 0.0025177, , , , , , , 4.1361923, 0.043473, , , , , , , , , , , , , , , , , , , , , , , , , , , , 
4.1367115, 0.0025177, , , , , , , 4.1367115, 0.0008392, , , , , , , 4.1367115, -0.0038605, , , , , , , 4.1367115, 0.0359197, , , , , , , , , , , , , , , , , , , , , , , , , , , , 
4.1372308, 0.0025177, , , , , , , 4.1372308, -0.0063783, , , , , , , 4.1372308, -0.0018463, , , , , , , 4.1372308, 0.0290379, , , , , , , , , , , , , , , , , , , , , , , , , , , , 
4.13775, 0.0058747, , , , , , , 4.13775, -0.0058747, , , , , , , 4.13775, -0.0031891, , , , , , , 4.13775, 0.0246738, , , , , , , , , , , , , , , , , , , , , , , , , , , , 
4.1382692, 0.0130922, , , , , , , 4.1382692, -0.0008392, , , , , , , 4.1382692, -0.0075532, , , , , , , 4.1382692, 0.0246738, , , , , , , , , , , , , , , , , , , , , , , , , , , , 
4.1387885, 0.0246738, , , , , , , 4.1387885, 0.0058747, , , , , , , 4.1387885, -0.0095674, , , , , , , 4.1387885, 0.024506, , , , , , , , , , , , , , , , , , , , , , , , , , , , 
4.1393077, 0.026688, , , , , , , 4.1393077, 0.0062104, , , , , , , 4.1393077, -0.012253, , , , , , , 4.1393077, 0.0219883, , , , , , , , , , , , , , , , , , , , , , , , , , , , 
4.1398269, 0.0246738, , , , , , , 4.1398269, -0.0006714, , , , , , , 4.1398269, -0.0157778, , , , , , , 4.1398269, 0.0199741, , , , , , , , , , , , , , , , , , , , , , , , , , , , 
4.1403462, 0.0224918, , , , , , , 4.1403462, -0.0097353, , , , , , , 4.1403462, -0.018967, , , , , , , 4.1403462, 0.0151064, , , , , , , , , , , , , , , , , , , , , , , , , , , , 
4.1408654, 0.0213169, , , , , , , 4.1408654, -0.0154421, , , , , , , 4.1408654, -0.0186313, , , , , , , 4.1408654, 0.0082246, , , , , , , , , , , , , , , , , , , , , , , , , , , , 
4.1413846, 0.0226596, , , , , , , 4.1413846, -0.0149386, , , , , , , 4.1413846, -0.0151064, , , , , , , 4.1413846, 0.0018463, , , , , , , , , , , , , , , , , , , , , , , , , , , , 
4.1419038, 0.024506, , , , , , , 4.1419038, -0.0068818, , , , , , , 4.1419038, -0.011078, , , , , , , 4.1419038, -0.0031891, , , , , , , , , , , , , , , , , , , , , , , , , , , , 
4.1424231, 0.0226596, , , , , , , 4.1424231, 0.0099031, , , , , , , 4.1424231, -0.0068818, , , , , , , 4.1424231, -0.0045319, , , , , , , , , , , , , , , , , , , , , , , , , , , , 
4.1429423, 0.0263523, , , , , , , 4.1429423, 0.0199741, , , , , , , 4.1429423, -0.0025177, , , , , , , 4.1429423, -0.0052033, , , , , , , , , , , , , , , , , , , , , , , , , , , , 
4.1434615, 0.0381018, , , , , , , 4.1434615, 0.0125887, , , , , , , 4.1434615, 0.0085603, , , , , , , 4.1434615, -0.0095674, , , , , , , , , , , , , , , , , , , , , , , , , , , , 
4.1439808, 0.0493477, , , , , , , 4.1439808, -0.0062104, , , , , , , 4.1439808, 0.0243381, , , , , , , 4.1439808, -0.0142672, , , , , , , , , , , , , , , , , , , , , , , , , , , , 
4.1445, 0.054551, , , , , , , 4.1445, -0.0109102, , , , , , , 4.1445, 0.0391089, , , , , , , 4.1445, -0.01561, , , , , , , , , , , , , , , , , , , , , , , , , , , , 
4.1450192, 0.0569009, , , , , , , 4.1450192, -0.0001678, , , , , , , 4.1450192, 0.0506905, , , , , , , 4.1450192, -0.0142672, , , , , , , , , , , , , , , , , , , , , , , , , , , , 
4.1455385, 0.0575723, , , , , , , 4.1455385, 0.0082246, , , , , , , 4.1455385, 0.0569009, , , , , , , 4.1455385, -0.0134279, , , , , , , , , , , , , , , , , , , , , , , , , , , , 
4.1460577, 0.0555581, , , , , , , 4.1460577, 0.0159457, , , , , , , 4.1460577, 0.0562295, , , , , , , 4.1460577, -0.0115816, , , , , , , , , , , , , , , , , , , , , , , , , , , , 
4.1465769, 0.0508583, , , , , , , 4.1465769, 0.036759, , , , , , , 4.1465769, 0.051194, , , , , , , 4.1465769, -0.0068818, , , , , , , , , , , , , , , , , , , , , , , , , , , , 
4.1470962, 0.04448, , , , , , , 4.1470962, 0.0481727, , , , , , , 4.1470962, 0.0424659, , , , , , , 4.1470962, -0.0025177, , , , , , , , , , , , , , , , , , , , , , , , , , , , 
4.1476154, 0.0411231, , , , , , , 4.1476154, 0.0313878, , , , , , , 4.1476154, 0.0307164, , , , , , , 4.1476154, 0.0011749, , , , , , , , , , , , , , , , , , , , , , , , , , , , 
4.1481346, 0.0370947, , , , , , , 4.1481346, -0.005539, , , , , , , 4.1481346, 0.0186313, , , , , , , 4.1481346, 0.0025177, , , , , , , , , , , , , , , , , , , , , , , , , , , , 
4.1486538, 0.0276951, , , , , , , 4.1486538, -0.0481727, , , , , , , 4.1486538, 0.0052033, , , , , , , 4.1486538, 0.0003357, , , , , , , , , , , , , , , , , , , , , , , , , , , , 
4.1491731, 0.0142672, , , , , , , 4.1491731, -0.0882887, , , , , , , 4.1491731, -0.0063783, , , , , , , 4.1491731, -0.0005035, , , , , , , , , , , , , , , , , , , , , , , , , , , , 
4.1496923, 0.0008392, , , , , , , 4.1496923, -0.1129625, , , , , , , 4.1496923, -0.0162814, , , , , , , 4.1496923, -0.0001678, , , , , , , , , , , , , , , , , , , , , , , , , , , , 
4.1502115, -0.0129244, , , , , , , 4.1502115, -0.1079271, , , , , , , 4.1502115, -0.0307164, , , , , , , 4.1502115, 0.0025177, , , , , , , , , , , , , , , , , , , , , , , , , , , , 
4.1507308, -0.021149, , , , , , , 4.1507308, -0.0797284, , , , , , , 4.1507308, -0.0481727, , , , , , , 4.1507308, 0.0075532, , , , , , , , , , , , , , , , , , , , , , , , , , , , 
4.15125, -0.0258488, , , , , , , 4.15125, -0.0424659, , , , , , , 4.15125, -0.0621042, , , , , , , 4.15125, 0.0090639, , , , , , , , , , , , , , , , , , , , , , , , , , , , 
4.1517692, -0.0293736, , , , , , , 4.1517692, -0.0203098, , , , , , , 4.1517692, -0.0699931, , , , , , , 4.1517692, 0.0125887, , , , , , , , , , , , , , , , , , , , , , , , , , , , 
4.1522885, -0.0327306, , , , , , , 4.1522885, -0.0258488, , , , , , , 4.1522885, -0.0686503, , , , , , , 4.1522885, 0.0226596, , , , , , , , , , , , , , , , , , , , , , , , , , , , 
4.1528077, -0.0357519, , , , , , , 4.1528077, -0.0438087, , , , , , , 4.1528077, -0.057908, , , , , , , 4.1528077, 0.0318914, , , , , , , , , , , , , , , , , , , , , , , , , , , , 
4.1533269, -0.0330663, , , , , , , 4.1533269, -0.051194, , , , , , , 4.1533269, -0.0397803, , , , , , , 4.1533269, 0.0330663, , , , , , , , , , , , , , , , , , , , , , , , , , , , 
4.1538462, -0.0246738, , , , , , , 4.1538462, -0.04448, , , , , , , 4.1538462, -0.0196384, , , , , , , 4.1538462, 0.0290379, , , , , , , , , , , , , , , , , , , , , , , , , , , , 
4.1543654, -0.0193027, , , , , , , 4.1543654, -0.0280308, , , , , , , 4.1543654, -0.0058747, , , , , , , 4.1543654, 0.0260166, , , , , , , , , , , , , , , , , , , , , , , , , , , , 
4.1548846, -0.014435, , , , , , , 4.1548846, -0.0072175, , , , , , , 4.1548846, 0.0085603, , , , , , , 4.1548846, 0.0198062, , , , , , , , , , , , , , , , , , , , , , , , , , , , 
4.1554038, -0.0068818, , , , , , , 4.1554038, 0.0193027, , , , , , , 4.1554038, 0.0280308, , , , , , , 4.1554038, 0.0105745, , , , , , , , , , , , , , , , , , , , , , , , , , , , 
4.1559231, 0.0028534, , , , , , , 4.1559231, 0.0381018, , , , , , , 4.1559231, 0.04448, , , , , , , 4.1559231, 0.0072175, , , , , , , , , , , , , , , , , , , , , , , , , , , , 
4.1564423, 0.0104067, , , , , , , 4.1564423, 0.0342412, , , , , , , 4.1564423, 0.0542153, , , , , , , 4.1564423, 0.0105745, , , , , , , , , , , , , , , , , , , , , , , , , , , , 
4.1569615, 0.0132601, , , , , , , 4.1569615, 0.0246738, , , , , , , 4.1569615, 0.0636149, , , , , , , 4.1569615, 0.0112459, , , , , , , , , , , , , , , , , , , , , , , , , , , , 
4.1574808, 0.0176242, , , , , , , 4.1574808, 0.0166171, , , , , , , 4.1574808, 0.0772107, , , , , , , 4.1574808, 0.008896, , , , , , , , , , , , , , , , , , , , , , , , , , , , 
4.158, 0.023331, , , , , , , 4.158, 0.0041962, , , , , , , 4.158, 0.0891279, , , , , , , 4.158, 0.0065461, , , , , , , , , , , , , , , , , , , , , , , , , , , , 
4.1585192, 0.0256809, , , , , , , 4.1585192, -0.0097353, , , , , , , 4.1585192, 0.0951705, , , , , , , 4.1585192, 0.0025177, , , , , , , , , , , , , , , , , , , , , , , , , , , , 
4.1590385, 0.0287022, , , , , , , 4.1590385, -0.0050355, , , , , , , 4.1590385, 0.0975204, , , , , , , 4.1590385, -0.002182, , , , , , , , , , , , , , , , , , , , , , , , , , , , 
4.1595577, 0.0310521, , , , , , , 4.1595577, 0.0240024, , , , , , , 4.1595577, 0.0914778, , , , , , , 4.1595577, -0.0035248, , , , , , , , , , , , , , , , , , , , , , , , , , , , 
4.1600769, 0.033402, , , , , , , 4.1600769, 0.0728466, , , , , , , 4.1600769, 0.0746929, , , , , , , 4.1600769, -0.0028534, , , , , , , , , , , , , , , , , , , , , , , , , , , , 
4.1605962, 0.0354162, , , , , , , 4.1605962, 0.1290761, , , , , , , 4.1605962, 0.0448157, , , , , , , 4.1605962, -0.0008392, , , , , , , , , , , , , , , , , , , , , , , , , , , , 
4.1611154, 0.0340734, , , , , , , 4.1611154, 0.1535821, , , , , , , 4.1611154, 0.0038605, , , , , , , 4.1611154, 0.0025177, , , , , , , , , , , , , , , , , , , , , , , , , , , , 
4.1616346, 0.0327306, , , , , , , 4.1616346, 0.1339437, , , , , , , 4.1616346, -0.04448, , , , , , , 4.1616346, 0.0077211, , , , , , , , , , , , , , , , , , , , , , , , , , , , 
4.1621538, 0.0327306, , , , , , , 4.1621538, 0.090135, , , , , , , 4.1621538, -0.0887922, , , , , , , 4.1621538, 0.0135958, , , , , , , , , , , , , , , , , , , , , , , , , , , , 
4.1626731, 0.033402, , , , , , , 4.1626731, 0.0411231, , , , , , , 4.1626731, -0.119173, , , , , , , 4.1626731, 0.0226596, , , , , , , , , , , , , , , , , , , , , , , , , , , , 
4.1631923, 0.0377661, , , , , , , 4.1631923, 0.0011749, , , , , , , 4.1631923, -0.1404898, , , , , , , 4.1631923, 0.0330663, , , , , , , , , , , , , , , , , , , , , , , , , , , , 
4.1637115, 0.0458228, , , , , , , 4.1637115, -0.0169528, , , , , , , 4.1637115, -0.1559319, , , , , , , 4.1637115, 0.0414588, , , , , , , , , , , , , , , , , , , , , , , , , , , , 
4.1642308, 0.0548867, , , , , , , 4.1642308, -0.0196384, , , , , , , 4.1642308, -0.1618067, , , , , , , 4.1642308, 0.0481727, , , , , , , , , , , , , , , , , , , , , , , , , , , , 
4.16475, 0.0619364, , , , , , , 4.16475, -0.0182956, , , , , , , 4.16475, -0.1512322, , , , , , , 4.16475, 0.0501869, , , , , , , , , , , , , , , , , , , , , , , , , , , , 
4.1652692, 0.0666361, , , , , , , 4.1652692, -0.0297093, , , , , , , 4.1652692, -0.1265583, , , , , , , 4.1652692, 0.0468299, , , , , , , , , , , , , , , , , , , , , , , , , , , , 
4.1657885, 0.064622, , , , , , , 4.1657885, -0.0659648, , , , , , , 4.1657885, -0.0988632, , , , , , , 4.1657885, 0.0387732, , , , , , , , , , , , , , , , , , , , , , , , , , , , 
4.1663077, 0.0486763, , , , , , , 4.1663077, -0.103563, , , , , , , 4.1663077, -0.0715038, , , , , , , 4.1663077, 0.0297093, , , , , , , , , , , , , , , , , , , , , , , , , , , , 
4.1668269, 0.026688, , , , , , , 4.1668269, -0.1310903, , , , , , , 4.1668269, -0.054551, , , , , , , 4.1668269, 0.0229953, , , , , , , , , , , , , , , , , , , , , , , , , , , , 
4.1673462, 0.0065461, , , , , , , 4.1673462, -0.1498894, , , , , , , 4.1673462, -0.0433051, , , , , , , 4.1673462, 0.0186313, , , , , , , , , , , , , , , , , , , , , , , , , , , , 
4.1678654, -0.0048676, , , , , , , 4.1678654, -0.1485466, , , , , , , 4.1678654, -0.0297093, , , , , , , 4.1678654, 0.0149386, , , , , , , , , , , , , , , , , , , , , , , , , , , , 
4.1683846, -0.0087282, , , , , , , 4.1683846, -0.1237049, , , , , , , 4.1683846, -0.0149386, , , , , , , 4.1683846, 0.0102388, , , , , , , , , , , , , , , , , , , , , , , , , , , , 
4.1689038, -0.011078, , , , , , , 4.1689038, -0.0881209, , , , , , , 4.1689038, -0.0112459, , , , , , , 4.1689038, 0.0036927, , , , , , , , , , , , , , , , , , , , , , , , , , , , 
4.1694231, -0.0218204, , , , , , , 4.1694231, -0.0674754, , , , , , , 4.1694231, -0.0218204, , , , , , , 4.1694231, -0.0028534, , , , , , , , , , , , , , , , , , , , , , , , , , , , 
4.1699423, -0.0339055, , , , , , , 4.1699423, -0.0713359, , , , , , , 4.1699423, -0.043473, , , , , , , 4.1699423, -0.0041962, , , , , , , , , , , , , , , , , , , , , , , , , , , , 
4.1704615, -0.0451514, , , , , , , 4.1704615, -0.0847639, , , , , , , 4.1704615, -0.0713359, , , , , , , 4.1704615, -0.0041962, , , , , , , , , , , , , , , , , , , , , , , , , , , , 
4.1709808, -0.0495155, , , , , , , 4.1709808, -0.0834211, , , , , , , 4.1709808, -0.0988632, , , , , , , 4.1709808, -0.0030213, , , , , , , , , , , , , , , , , , , , , , , , , , , , 
4.1715, -0.0505226, , , , , , , 4.1715, -0.0669718, , , , , , , 4.1715, -0.1200122, , , , , , , 4.1715, 0.0018463, , , , , , , , , , , , , , , , , , , , , , , , , , , , 
4.1720192, -0.051194, , , , , , , 4.1720192, -0.0572366, , , , , , , 4.1720192, -0.1304189, , , , , , , 4.1720192, 0.0065461, , , , , , , , , , , , , , , , , , , , , , , , , , , , 
4.1725385, -0.0481727, , , , , , , 4.1725385, -0.0540475, , , , , , , 4.1725385, -0.1300832, , , , , , , 4.1725385, 0.0072175, , , , , , , , , , , , , , , , , , , , , , , , , , , , 
4.1730577, -0.0421302, , , , , , , 4.1730577, -0.0481727, , , , , , , 4.1730577, -0.1169909, , , , , , , 4.1730577, 0.005539, , , , , , , , , , , , , , , , , , , , , , , , , , , , 
4.1735769, -0.0337377, , , , , , , 4.1735769, -0.0350805, , , , , , , 4.1735769, -0.0923171, , , , , , , 4.1735769, 0.0048676, , , , , , , , , , , , , , , , , , , , , , , , , , , , 
4.1740962, -0.0216526, , , , , , , 4.1740962, -0.0129244, , , , , , , 4.1740962, -0.0642863, , , , , , , 4.1740962, 0.0068818, , , , , , , , , , , , , , , , , , , , , , , , , , , , 
4.1746154, -0.0114137, , , , , , , 4.1746154, 0.0157778, , , , , , , 4.1746154, -0.040116, , , , , , , 4.1746154, 0.0095674, , , , , , , , , , , , , , , , , , , , , , , , , , , , 
4.1751346, -0.0001678, , , , , , , 4.1751346, 0.0424659, , , , , , , 4.1751346, -0.0203098, , , , , , , 4.1751346, 0.0104067, , , , , , , , , , , , , , , , , , , , , , , , , , , , 
4.1756538, 0.0140993, , , , , , , 4.1756538, 0.0584115, , , , , , , 4.1756538, 0.0020142, , , , , , , 4.1756538, 0.0119173, , , , , , , , , , , , , , , , , , , , , , , , , , , , 
4.1761731, 0.0236667, , , , , , , 4.1761731, 0.0673075, , , , , , , 4.1761731, 0.0297093, , , , , , , 4.1761731, 0.0186313, , , , , , , , , , , , , , , , , , , , , , , , , , , , 
4.1766923, 0.023331, , , , , , , 4.1766923, 0.0743572, , , , , , , 4.1766923, 0.0616007, , , , , , , 4.1766923, 0.030045, , , , , , , , , , , , , , , , , , , , , , , , , , , , 
4.1772115, 0.0179599, , , , , , , 4.1772115, 0.0716716, , , , , , , 4.1772115, 0.0897993, , , , , , , 4.1772115, 0.040116, , , , , , , , , , , , , , , , , , , , , , , , , , , , 
4.1777308, 0.0152743, , , , , , , 4.1777308, 0.0599222, , , , , , , 4.1777308, 0.1062486, , , , , , , 4.1777308, 0.0448157, , , , , , , , , , , , , , , , , , , , , , , , , , , , 
4.17825, 0.0139315, , , , , , , 4.17825, 0.0481727, , , , , , , 4.17825, 0.1096056, , , , , , , 4.17825, 0.0438087, , , , , , , , , , , , , , , , , , , , , , , , , , , , 
4.1787692, 0.0152743, , , , , , , 4.1787692, 0.0582437, , , , , , , 4.1787692, 0.1099413, , , , , , , 4.1787692, 0.0433051, , , , , , , , , , , , , , , , , , , , , , , , , , , , 
4.1792885, 0.0213169, , , , , , , 4.1792885, 0.0817426, , , , , , , 4.1792885, 0.1092699, , , , , , , 4.1792885, 0.0428016, , , , , , , , , , , , , , , , , , , , , , , , , , , , 
4.1798077, 0.0226596, , , , , , , 4.1798077, 0.0750286, , , , , , , 4.1798077, 0.1079271, , , , , , , 4.1798077, 0.0354162, , , , , , , , , , , , , , , , , , , , , , , , , , , , 
4.1803269, 0.0209812, , , , , , , 4.1803269, 0.0206455, , , , , , , 4.1803269, 0.1042344, , , , , , , 4.1803269, 0.0226596, , , , , , , , , , , , , , , , , , , , , , , , , , , , 
4.1808462, 0.0213169, , , , , , , 4.1808462, -0.0357519, , , , , , , 4.1808462, 0.1005417, , , , , , , 4.1808462, 0.012253, , , , , , , , , , , , , , , , , , , , , , , , , , , , 
4.1813654, 0.0263523, , , , , , , 4.1813654, -0.047837, , , , , , , 4.1813654, 0.096849, , , , , , , 4.1813654, 0.0062104, , , , , , , , , , , , , , , , , , , , , , , , , , , , 
4.1818846, 0.0253452, , , , , , , 4.1818846, -0.0431373, , , , , , , 4.1818846, 0.0933242, , , , , , , 4.1818846, 0.0025177, , , , , , , , , , , , , , , , , , , , , , , , , , , , 
4.1824038, 0.0223239, , , , , , , 4.1824038, -0.0639506, , , , , , , 4.1824038, 0.0908064, , , , , , , 4.1824038, -0.0018463, , , , , , , , , , , , , , , , , , , , , , , , , , , , 
4.1829231, 0.026688, , , , , , , 4.1829231, -0.0990311, , , , , , , 4.1829231, 0.0897993, , , , , , , 4.1829231, -0.0036927, , , , , , , , , , , , , , , , , , , , , , , , , , , , 
4.1834423, 0.0387732, , , , , , , 4.1834423, -0.1099413, , , , , , , 4.1834423, 0.0891279, , , , , , , 4.1834423, -0.0010071, , , , , , , , , , , , , , , , , , , , , , , , , , , , 
4.1839615, 0.0480049, , , , , , , 4.1839615, -0.0793927, , , , , , , 4.1839615, 0.0830854, , , , , , , 4.1839615, 0.0015106, , , , , , , , , , , , , , , , , , , , , , , , , , , , 
4.1844808, 0.0522011, , , , , , , 4.1844808, -0.0323949, , , , , , , 4.1844808, 0.0652934, , , , , , , 4.1844808, 0.0011749, , , , , , , , , , , , , , , , , , , , , , , , , , , , 
4.185, 0.0589151, , , , , , , 4.185, -0.012253, , , , , , , 4.185, 0.0412909, , , , , , , 4.185, 0.0005035, , , , , , , , , , , , , , , , , , , , , , , , , , , , 
4.1855192, 0.0652934, , , , , , , 4.1855192, -0.0250095, , , , , , , 4.1855192, 0.0166171, , , , , , , 4.1855192, -0.0005035, , , , , , , , , , , , , , , , , , , , , , , , , , , , 
4.1860385, 0.068986, , , , , , , 4.1860385, -0.0365911, , , , , , , 4.1860385, -0.0075532, , , , , , , 4.1860385, -0.002182, , , , , , , , , , , , , , , , , , , , , , , , , , , , 
4.1865577, 0.0616007, , , , , , , 4.1865577, -0.0276951, , , , , , , 4.1865577, -0.0256809, , , , , , , 4.1865577, -0.0031891, , , , , , , , , , , , , , , , , , , , , , , , , , , , 
4.1870769, 0.0475013, , , , , , , 4.1870769, -0.0119173, , , , , , , 4.1870769, -0.0381018, , , , , , , 4.1870769, -0.005539, , , , , , , , , , , , , , , , , , , , , , , , , , , , 
4.1875962, 0.0377661, , , , , , , 4.1875962, -0.0038605, , , , , , , 4.1875962, -0.0501869, , , , , , , 4.1875962, -0.0062104, , , , , , , , , , , , , , , , , , , , , , , , , , , , 
4.1881154, 0.0307164, , , , , , , 4.1881154, -0.0001678, , , , , , , 4.1881154, -0.061265, , , , , , , 4.1881154, -0.0057069, , , , , , , , , , , , , , , , , , , , , , , , , , , , 
4.1886346, 0.0226596, , , , , , , 4.1886346, 0.0045319, , , , , , , 4.1886346, -0.0706645, , , , , , , 4.1886346, -0.0030213, , , , , , , , , , , , , , , , , , , , , , , , , , , , 
4.1891538, 0.0092317, , , , , , , 4.1891538, 0.0093996, , , , , , , 4.1891538, -0.079057, , , , , , , 4.1891538, -0.0028534, , , , , , , , , , , , , , , , , , , , , , , , , , , , 
4.1896731, -0.0041962, , , , , , , 4.1896731, 0.0176242, , , , , , , 4.1896731, -0.0850996, , , , , , , 4.1896731, -0.0031891, , , , , , , , , , , , , , , , , , , , , , , , , , , , 
4.1901923, -0.0135958, , , , , , , 4.1901923, 0.0303807, , , , , , , 4.1901923, -0.0869459, , , , , , , 4.1901923, -0.0008392, , , , , , , , , , , , , , , , , , , , , , , , , , , , 
4.1907115, -0.0198062, , , , , , , 4.1907115, 0.0451514, , , , , , , 4.1907115, -0.0850996, , , , , , , 4.1907115, 0.002182, , , , , , , , , , , , , , , , , , , , , , , , , , , , 
4.1912308, -0.0287022, , , , , , , 4.1912308, 0.0555581, , , , , , , 4.1912308, -0.0783856, , , , , , , 4.1912308, 0.0018463, , , , , , , , , , , , , , , , , , , , , , , , , , , , 
4.19175, -0.0370947, , , , , , , 4.19175, 0.0592508, , , , , , , 4.19175, -0.0656291, , , , , , , 4.19175, 0.0025177, , , , , , , , , , , , , , , , , , , , , , , , , , , , 
4.1922692, -0.0381018, , , , , , , 4.1922692, 0.0506905, , , , , , , 4.1922692, -0.0485084, , , , , , , 4.1922692, 0.0060426, , , , , , , , , , , , , , , , , , , , , , , , , , , , 
4.1927885, -0.030045, , , , , , , 4.1927885, 0.0310521, , , , , , , 4.1927885, -0.0290379, , , , , , , 4.1927885, 0.0065461, , , , , , , , , , , , , , , , , , , , , , , , , , , , 
4.1933077, -0.0209812, , , , , , , 4.1933077, 0.0092317, , , , , , , 4.1933077, -0.0119173, , , , , , , 4.1933077, 0.0052033, , , , , , , , , , , , , , , , , , , , , , , , , , , , 
4.1938269, -0.0142672, , , , , , , 4.1938269, -0.0008392, , , , , , , 4.1938269, 0.0008392, , , , , , , 4.1938269, 0.0041962, , , , , , , , , , , , , , , , , , , , , , , , , , , , 
4.1943462, -0.0035248, , , , , , , 4.1943462, -0.002182, , , , , , , 4.1943462, 0.0112459, , , , , , , 4.1943462, 0.0035248, , , , , , , , , , , , , , , , , , , , , , , , , , , , 
4.1948654, 0.0092317, , , , , , , 4.1948654, -0.0117494, , , , , , , 4.1948654, 0.0231632, , , , , , , 4.1948654, 0.0038605, , , , , , , , , , , , , , , , , , , , , , , , , , , , 
4.1953846, 0.0179599, , , , , , , 4.1953846, -0.0169528, , , , , , , 4.1953846, 0.0352483, , , , , , , 4.1953846, 0.0072175, , , , , , , , , , , , , , , , , , , , , , , , , , , , 
4.1959038, 0.0199741, , , , , , , 4.1959038, -0.0028534, , , , , , , 4.1959038, 0.0414588, , , , , , , 4.1959038, 0.014435, , , , , , , , , , , , , , , , , , , , , , , , , , , , 
4.1964231, 0.0223239, , , , , , , 4.1964231, 0.0219883, , , , , , , 4.1964231, 0.0417945, , , , , , , 4.1964231, 0.0203098, , , , , , , , , , , , , , , , , , , , , , , , , , , , 
4.1969423, 0.0248417, , , , , , , 4.1969423, 0.0335698, , , , , , , 4.1969423, 0.0370947, , , , , , , 4.1969423, 0.0219883, , , , , , , , , , , , , , , , , , , , , , , , , , , , 
4.1974615, 0.0213169, , , , , , , 4.1974615, 0.0260166, , , , , , , 4.1974615, 0.0313878, , , , , , , 4.1974615, 0.0204776, , , , , , , , , , , , , , , , , , , , , , , , , , , , 
4.1979808, 0.0179599, , , , , , , 4.1979808, 0.0119173, , , , , , , 4.1979808, 0.0253452, , , , , , , 4.1979808, 0.0196384, , , , , , , , , , , , , , , , , , , , , , , , , , , , 
4.1985, 0.0184634, , , , , , , 4.1985, 0.0025177, , , , , , , 4.1985, 0.0157778, , , , , , , 4.1985, 0.0199741, , , , , , , , , , , , , , , , , , , , , , , , , , , , 
4.1990192, 0.0172885, , , , , , , 4.1990192, -0.0020142, , , , , , , 4.1990192, 0.0041962, , , , , , , 4.1990192, 0.0213169, , , , , , , , , , , , , , , , , , , , , , , , , , , , 
4.1995385, 0.0146029, , , , , , , 4.1995385, -0.0015106, , , , , , , 4.1995385, -0.0072175, , , , , , , 4.1995385, 0.0260166, , , , , , , , , , , , , , , , , , , , , , , , , , , , 
4.2000577, 0.0139315, , , , , , , 4.2000577, 0.0109102, , , , , , , 4.2000577, -0.0129244, , , , , , , 4.2000577, 0.0354162, , , , , , , , , , , , , , , , , , , , , , , , , , , , 
4.2005769, 0.0159457, , , , , , , 4.2005769, 0.024506, , , , , , , 4.2005769, -0.0172885, , , , , , , 4.2005769, 0.0428016, , , , , , , , , , , , , , , , , , , , , , , , , , , , 
4.2010962, 0.0172885, , , , , , , 4.2010962, 0.0253452, , , , , , , 4.2010962, -0.0236667, , , , , , , 4.2010962, 0.043473, , , , , , , , , , , , , , , , , , , , , , , , , , , , 
4.2016154, 0.01561, , , , , , , 4.2016154, 0.0149386, , , , , , , 4.2016154, -0.0263523, , , , , , , 4.2016154, 0.0417945, , , , , , , , , , , , , , , , , , , , , , , , , , , , 
4.2021346, 0.0139315, , , , , , , 4.2021346, 0.0031891, , , , , , , 4.2021346, -0.0216526, , , , , , , 4.2021346, 0.0407874, , , , , , , , , , , , , , , , , , , , , , , , , , , , 
4.2026538, 0.0193027, , , , , , , 4.2026538, -0.0095674, , , , , , , 4.2026538, -0.01561, , , , , , , 4.2026538, 0.0374304, , , , , , , , , , , , , , , , , , , , , , , , , , , , 
4.2031731, 0.0344091, , , , , , , 4.2031731, -0.0273594, , , , , , , 4.2031731, -0.0157778, , , , , , , 4.2031731, 0.03122, , , , , , , , , , , , , , , , , , , , , , , , , , , , 
4.2036923, 0.0475013, , , , , , , 4.2036923, -0.0377661, , , , , , , 4.2036923, -0.0149386, , , , , , , 4.2036923, 0.0226596, , , , , , , , , , , , , , , , , , , , , , , , , , , , 
4.2042115, 0.0535439, , , , , , , 4.2042115, -0.0263523, , , , , , , 4.2042115, -0.0068818, , , , , , , 4.2042115, 0.0129244, , , , , , , , , , , , , , , , , , , , , , , , , , , , 
4.2047308, 0.0589151, , , , , , , 4.2047308, -0.0041962, , , , , , , 4.2047308, 0.0085603, , , , , , , 4.2047308, 0.0011749, , , , , , , , , , , , , , , , , , , , , , , , , , , , 
4.20525, 0.0649577, , , , , , , 4.20525, 0.0105745, , , , , , , 4.20525, 0.0263523, , , , , , , 4.20525, -0.0077211, , , , , , , , , , , , , , , , , , , , , , , , , , , , 
4.2057692, 0.068986, , , , , , , 4.2057692, 0.0028534, , , , , , , 4.2057692, 0.0360876, , , , , , , 4.2057692, -0.0099031, , , , , , , , , , , , , , , , , , , , , , , , , , , , 
4.2062885, 0.0726787, , , , , , , 4.2062885, -0.0105745, , , , , , , 4.2062885, 0.0407874, , , , , , , 4.2062885, -0.0119173, , , , , , , , , , , , , , , , , , , , , , , , , , , , 
4.2068077, 0.0639506, , , , , , , 4.2068077, -0.0109102, , , , , , , 4.2068077, 0.0481727, , , , , , , 4.2068077, -0.012253, , , , , , , , , , , , , , , , , , , , , , , , , , , , 
4.2073269, 0.0486763, , , , , , , 4.2073269, 0.0075532, , , , , , , 4.2073269, 0.054551, , , , , , , 4.2073269, -0.0085603, , , , , , , , , , , , , , , , , , , , , , , , , , , , 
4.2078462, 0.0377661, , , , , , , 4.2078462, 0.026688, , , , , , , 4.2078462, 0.0538796, , , , , , , 4.2078462, -0.0023499, , , , , , , , , , , , , , , , , , , , , , , , , , , , 
4.2083654, 0.030045, , , , , , , 4.2083654, 0.0214847, , , , , , , 4.2083654, 0.0468299, , , , , , , 4.2083654, 0.0036927, , , , , , , , , , , , , , , , , , , , , , , , , , , , 
4.2088846, 0.0223239, , , , , , , 4.2088846, 0.0038605, , , , , , , 4.2088846, 0.0391089, , , , , , , 4.2088846, 0.0119173, , , , , , , , , , , , , , , , , , , , , , , , , , , , 
4.2094038, 0.0152743, , , , , , , 4.2094038, -0.0102388, , , , , , , 4.2094038, 0.0271916, , , , , , , 4.2094038, 0.0213169, , , , , , , , , , , , , , , , , , , , , , , , , , , , 
4.2099231, 0.0065461, , , , , , , 4.2099231, -0.0162814, , , , , , , 4.2099231, 0.0072175, , , , , , , 4.2099231, 0.0276951, , , , , , , , , , , , , , , , , , , , , , , , , , , , 
4.2104423, -0.0050355, , , , , , , 4.2104423, -0.0166171, , , , , , , 4.2104423, -0.0179599, , , , , , , 4.2104423, 0.0280308, , , , , , , , , , , , , , , , , , , , , , , , , , , , 
4.2109615, -0.01561, , , , , , , 4.2109615, -0.0213169, , , , , , , 4.2109615, -0.0391089, , , , , , , 4.2109615, 0.0256809, , , , , , , , , , , , , , , , , , , , , , , , , , , , 
4.2114808, -0.0216526, , , , , , , 4.2114808, -0.0303807, , , , , , , 4.2114808, -0.0528725, , , , , , , 4.2114808, 0.0253452, , , , , , , , , , , , , , , , , , , , , , , , , , , , 
4.212, -0.0280308, , , , , , , 4.212, -0.0350805, , , , , , , 4.212, -0.0649577, , , , , , , 4.212, 0.026688, , , , , , , , , , , , , , , , , , , , , , , , , , , , 
4.2125192, -0.036759, , , , , , , 4.2125192, -0.0317235, , , , , , , 4.2125192, -0.0783856, , , , , , , 4.2125192, 0.0280308, , , , , , , , , , , , , , , , , , , , , , , , , , , , 
4.2130385, -0.0364233, , , , , , , 4.2130385, -0.0310521, , , , , , , 4.2130385, -0.0928206, , , , , , , 4.2130385, 0.0287022, , , , , , , , , , , , , , , , , , , , , , , , , , , , 
4.2135577, -0.0276951, , , , , , , 4.2135577, -0.027863, , , , , , , 4.2135577, -0.1052415, , , , , , , 4.2135577, 0.0273594, , , , , , , , , , , , , , , , , , , , , , , , , , , , 
4.2140769, -0.018967, , , , , , , 4.2140769, -0.0119173, , , , , , , 4.2140769, -0.114641, , , , , , , 4.2140769, 0.0246738, , , , , , , , , , , , , , , , , , , , , , , , , , , , 
4.2145962, -0.012253, , , , , , , 4.2145962, 0.0092317, , , , , , , 4.2145962, -0.1183337, , , , , , , 4.2145962, 0.0265202, , , , , , , , , , , , , , , , , , , , , , , , , , , , 
4.2151154, -0.0132601, , , , , , , 4.2151154, 0.026688, , , , , , , 4.2151154, -0.10692, , , , , , , 4.2151154, 0.0280308, , , , , , , , , , , , , , , , , , , , , , , , , , , , 
4.2156346, -0.0176242, , , , , , , 4.2156346, 0.047837, , , , , , , 4.2156346, -0.0835889, , , , , , , 4.2156346, 0.027863, , , , , , , , , , , , , , , , , , , , , , , , , , , , 
4.2161538, -0.0142672, , , , , , , 4.2161538, 0.0686503, , , , , , , 4.2161538, -0.061265, , , , , , , 4.2161538, 0.0256809, , , , , , , , , , , , , , , , , , , , , , , , , , , , 
4.2166731, -0.0097353, , , , , , , 4.2166731, 0.0710002, , , , , , , 4.2166731, -0.04448, , , , , , , 4.2166731, 0.0206455, , , , , , , , , , , , , , , , , , , , , , , , , , , , 
4.2171923, -0.0068818, , , , , , , 4.2171923, 0.0495155, , , , , , , 4.2171923, -0.0293736, , , , , , , 4.2171923, 0.0151064, , , , , , , , , , , , , , , , , , , , , , , , , , , , 
4.2177115, -0.0045319, , , , , , , 4.2177115, 0.0125887, , , , , , , 4.2177115, -0.01561, , , , , , , 4.2177115, 0.012253, , , , , , , , , , , , , , , , , , , , , , , , , , , , 
4.2182308, -0.0057069, , , , , , , 4.2182308, -0.0243381, , , , , , , 4.2182308, -0.0070497, , , , , , , 4.2182308, 0.0109102, , , , , , , , , , , , , , , , , , , , , , , , , , , , 
4.21875, -0.0083925, , , , , , , 4.21875, -0.0582437, , , , , , , 4.21875, -0.0008392, , , , , , , 4.21875, 0.0087282, , , , , , , , , , , , , , , , , , , , , , , , , , , , 
4.2192692, -0.0070497, , , , , , , 4.2192692, -0.0955062, , , , , , , 4.2192692, 0.0065461, , , , , , , 4.2192692, 0.0072175, , , , , , , , , , , , , , , , , , , , , , , , , , , , 
4.2197885, -0.002182, , , , , , , 4.2197885, -0.1277333, , , , , , , 4.2197885, 0.0151064, , , , , , , 4.2197885, 0.0058747, , , , , , , , , , , , , , , , , , , , , , , , , , , , 
4.2203077, -0.0008392, , , , , , , 4.2203077, -0.1435111, , , , , , , 4.2203077, 0.0186313, , , , , , , 4.2203077, 0.0031891, , , , , , , , , , , , , , , , , , , , , , , , , , , , 
4.2208269, -0.0008392, , , , , , , 4.2208269, -0.1421683, , , , , , , 4.2208269, 0.0159457, , , , , , , 4.2208269, 0.0001678, , , , , , , , , , , , , , , , , , , , , , , , , , , , 
4.2213462, 0.0001678, , , , , , , 4.2213462, -0.1230335, , , , , , , 4.2213462, 0.0092317, , , , , , , 4.2213462, -0.0025177, , , , , , , , , , , , , , , , , , , , , , , , , , , , 
4.2218654, 0.0015106, , , , , , , 4.2218654, -0.0844282, , , , , , , 4.2218654, 0.0003357, , , , , , , 4.2218654, -0.0031891, , , , , , , , , , , , , , , , , , , , , , , , , , , , 
4.2223846, 0.0048676, , , , , , , 4.2223846, -0.0438087, , , , , , , 4.2223846, -0.0082246, , , , , , , 4.2223846, -0.0035248, , , , , , , , , , , , , , , , , , , , , , , , , , , , 
4.2229038, 0.0169528, , , , , , , 4.2229038, -0.0246738, , , , , , , 4.2229038, -0.0132601, , , , , , , 4.2229038, -0.0077211, , , , , , , , , , , , , , , , , , , , , , , , , , , , 
4.2234231, 0.0347448, , , , , , , 4.2234231, -0.0270237, , , , , , , 4.2234231, -0.0142672, , , , , , , 4.2234231, -0.0104067, , , , , , , , , , , , , , , , , , , , , , , , , , , , 
4.2239423, 0.0491798, , , , , , , 4.2239423, -0.0350805, , , , , , , 4.2239423, -0.0151064, , , , , , , 4.2239423, -0.0095674, , , , , , , , , , , , , , , , , , , , , , , , , , , , 
4.2244615, 0.0589151, , , , , , , 4.2244615, -0.0290379, , , , , , , 4.2244615, -0.0112459, , , , , , , 4.2244615, -0.0035248, , , , , , , , , , , , , , , , , , , , , , , , , , , , 
4.2249808, 0.070161, , , , , , , 4.2249808, -0.005539, , , , , , , 4.2249808, 0.0016785, , , , , , , 4.2249808, 0.0011749, , , , , , , , , , , , , , , , , , , , , , , , , , , , 
4.2255, 0.0763714, , , , , , , 4.2255, 0.0092317, , , , , , , 4.2255, 0.0240024, , , , , , , 4.2255, 0.0005035, , , , , , , , , , , , , , , , , , , , , , , , , , , , 
4.2260192, 0.0740215, , , , , , , 4.2260192, 0.0018463, , , , , , , 4.2260192, 0.0508583, , , , , , , 4.2260192, -0.0005035, , , , , , , , , , , , , , , , , , , , , , , , , , , , 
4.2265385, 0.0649577, , , , , , , 4.2265385, -0.0015106, , , , , , , 4.2265385, 0.0780499, , , , , , , 4.2265385, -0.0001678, , , , , , , , , , , , , , , , , , , , , , , , , , , , 
4.2270577, 0.0532082, , , , , , , 4.2270577, 0.0114137, , , , , , , 4.2270577, 0.1000381, , , , , , , 4.2270577, 0.0005035, , , , , , , , , , , , , , , , , , , , , , , , , , , , 
4.2275769, 0.0441444, , , , , , , 4.2275769, 0.036759, , , , , , , 4.2275769, 0.1164874, , , , , , , 4.2275769, 0.0025177, , , , , , , , , , , , , , , , , , , , , , , , , , , , 
4.2280962, 0.0384375, , , , , , , 4.2280962, 0.0605936, , , , , , , 4.2280962, 0.1260548, , , , , , , 4.2280962, 0.0041962, , , , , , , , , , , , , , , , , , , , , , , , , , , , 
4.2286154, 0.033402, , , , , , , 4.2286154, 0.0669718, , , , , , , 4.2286154, 0.1223621, , , , , , , 4.2286154, 0.002182, , , , , , , , , , , , , , , , , , , , , , , , , , , , 
4.2291346, 0.0265202, , , , , , , 4.2291346, 0.0515297, , , , , , , 4.2291346, 0.1010452, , , , , , , 4.2291346, 0.0031891, , , , , , , , , , , , , , , , , , , , , , , , , , , , 
4.2296538, 0.0105745, , , , , , , 4.2296538, 0.0139315, , , , , , , 4.2296538, 0.0679789, , , , , , , 4.2296538, 0.0075532, , , , , , , , , , , , , , , , , , , , , , , , , , , , 
4.2301731, -0.0070497, , , , , , , 4.2301731, -0.0369268, , , , , , , 4.2301731, 0.0280308, , , , , , , 4.2301731, 0.0135958, , , , , , , , , , , , , , , , , , , , , , , , , , , , 
4.2306923, -0.0206455, , , , , , , 4.2306923, -0.0834211, , , , , , , 4.2306923, -0.0179599, , , , , , , 4.2306923, 0.0176242, , , , , , , , , , , , , , , , , , , , , , , , , , , , 
4.2312115, -0.0290379, , , , , , , 4.2312115, -0.1049058, , , , , , , 4.2312115, -0.0605936, , , , , , , 4.2312115, 0.0206455, , , , , , , , , , , , , , , , , , , , , , , , , , , , 
4.2317308, -0.0337377, , , , , , , 4.2317308, -0.0914778, , , , , , , 4.2317308, -0.0911421, , , , , , , 4.2317308, 0.0226596, , , , , , , , , , , , , , , , , , , , , , , , , , , , 
4.23225, -0.0377661, , , , , , , 4.23225, -0.0485084, , , , , , , 4.23225, -0.1116197, , , , , , , 4.23225, 0.0253452, , , , , , , , , , , , , , , , , , , , , , , , , , , , 
4.2327692, -0.0323949, , , , , , , 4.2327692, 0.0008392, , , , , , , 4.2327692, -0.1294118, , , , , , , 4.2327692, 0.0280308, , , , , , , , , , , , , , , , , , , , , , , , , , , , 
4.2332885, -0.0206455, , , , , , , 4.2332885, 0.0219883, , , , , , , 4.2332885, -0.1460288, , , , , , , 4.2332885, 0.026688, , , , , , , , , , , , , , , , , , , , , , , , , , , , 
4.2338077, -0.0142672, , , , , , , 4.2338077, 0.0265202, , , , , , , 4.2338077, -0.1572747, , , , , , , 4.2338077, 0.0236667, , , , , , , , , , , , , , , , , , , , , , , , , , , , 
4.2343269, -0.0097353, , , , , , , 4.2343269, 0.0392767, , , , , , , 4.2343269, -0.1660029, , , , , , , 4.2343269, 0.0243381, , , , , , , , , , , , , , , , , , , , , , , , , , , , 
4.2348462, -0.0045319, , , , , , , 4.2348462, 0.0589151, , , , , , , 4.2348462, -0.1767453, , , , , , , 4.2348462, 0.0253452, , , , , , , , , , , , , , , , , , , , , , , , , , , , 
4.2353654, -0.0010071, , , , , , , 4.2353654, 0.0616007, , , , , , , 4.2353654, -0.1827878, , , , , , , 4.2353654, 0.0234989, , , , , , , , , , , , , , , , , , , , , , , , , , , , 
4.2358846, -0.0020142, , , , , , , 4.2358846, 0.0407874, , , , , , , 4.2358846, -0.178088, , , , , , , 4.2358846, 0.0213169, , , , , , , , , , , , , , , , , , , , , , , , , , , , 
4.2364038, -0.0008392, , , , , , , 4.2364038, 0.0179599, , , , , , , 4.2364038, -0.1576104, , , , , , , 4.2364038, 0.0199741, , , , , , , , , , , , , , , , , , , , , , , , , , , , 
4.2369231, 0.0025177, , , , , , , 4.2369231, 0.0058747, , , , , , , 4.2369231, -0.1240406, , , , , , , 4.2369231, 0.0196384, , , , , , , , , , , , , , , , , , , , , , , , , , , , 
4.2374423, 0.0092317, , , , , , , 4.2374423, -0.0035248, , , , , , , 4.2374423, -0.0871138, , , , , , , 4.2374423, 0.0199741, , , , , , , , , , , , , , , , , , , , , , , , , , , , 
4.2379615, 0.0099031, , , , , , , 4.2379615, -0.0221561, , , , , , , 4.2379615, -0.057908, , , , , , , 4.2379615, 0.0206455, , , , , , , , , , , , , , , , , , , , , , , , , , , , 
4.2384808, 0.0050355, , , , , , , 4.2384808, -0.0485084, , , , , , , 4.2384808, -0.0317235, , , , , , , 4.2384808, 0.0223239, , , , , , , , , , , , , , , , , , , , , , , , , , , , 
4.239, 0.0036927, , , , , , , 4.239, -0.0636149, , , , , , , 4.239, -0.0011749, , , , , , , 4.239, 0.0216526, , , , , , , , , , , , , , , , , , , , , , , , , , , , 
4.2395192, 0.0085603, , , , , , , 4.2395192, -0.0485084, , , , , , , 4.2395192, 0.030045, , , , , , , 4.2395192, 0.0182956, , , , , , , , , , , , , , , , , , , , , , , , , , , , 
4.2400385, 0.0172885, , , , , , , 4.2400385, -0.0193027, , , , , , , 4.2400385, 0.0589151, , , , , , , 4.2400385, 0.0142672, , , , , , , , , , , , , , , , , , , , , , , , , , , , 
4.2405577, 0.0236667, , , , , , , 4.2405577, -0.0015106, , , , , , , 4.2405577, 0.0884565, , , , , , , 4.2405577, 0.0065461, , , , , , , , , , , , , , , , , , , , , , , , , , , , 
4.2410769, 0.0223239, , , , , , , 4.2410769, 0.0078889, , , , , , , 4.2410769, 0.1186694, , , , , , , 4.2410769, -0.0048676, , , , , , , , , , , , , , , , , , , , , , , , , , , , 
4.2415962, 0.0193027, , , , , , , 4.2415962, 0.0191348, , , , , , , 4.2415962, 0.1394827, , , , , , , 4.2415962, -0.012253, , , , , , , , , , , , , , , , , , , , , , , , , , , , 
4.2421154, 0.0203098, , , , , , , 4.2421154, 0.0404517, , , , , , , 4.2421154, 0.1472038, , , , , , , 4.2421154, -0.0159457, , , , , , , , , , , , , , , , , , , , , , , , , , , , 
4.2426346, 0.0271916, , , , , , , 4.2426346, 0.0552224, , , , , , , 4.2426346, 0.1451896, , , , , , , 4.2426346, -0.0182956, , , , , , , , , , , , , , , , , , , , , , , , , , , , 
4.2431538, 0.0433051, , , , , , , 4.2431538, 0.0505226, , , , , , , 4.2431538, 0.1346151, , , , , , , 4.2431538, -0.0203098, , , , , , , , , , , , , , , , , , , , , , , , , , , , 
4.2436731, 0.061265, , , , , , , 4.2436731, 0.0468299, , , , , , , 4.2436731, 0.1169909, , , , , , , 4.2436731, -0.0229953, , , , , , , , , , , , , , , , , , , , , , , , , , , , 
4.2441923, 0.0703288, , , , , , , 4.2441923, 0.0481727, , , , , , , 4.2441923, 0.093492, , , , , , , 4.2441923, -0.0263523, , , , , , , , , , , , , , , , , , , , , , , , , , , , 
4.2447115, 0.0740215, , , , , , , 4.2447115, 0.0396124, , , , , , , 4.2447115, 0.0696574, , , , , , , 4.2447115, -0.0258488, , , , , , , , , , , , , , , , , , , , , , , , , , , , 
4.2452308, 0.0770428, , , , , , , 4.2452308, 0.0297093, , , , , , , 4.2452308, 0.0453193, , , , , , , 4.2452308, -0.0213169, , , , , , , , , , , , , , , , , , , , , , , , , , , , 
4.24575, 0.0777142, , , , , , , 4.24575, 0.0307164, , , , , , , 4.24575, 0.0172885, , , , , , , 4.24575, -0.0186313, , , , , , , , , , , , , , , , , , , , , , , , , , , , 
4.2462692, 0.0750286, , , , , , , 4.2462692, 0.0307164, , , , , , , 4.2462692, -0.0115816, , , , , , , 4.2462692, -0.0176242, , , , , , , , , , , , , , , , , , , , , , , , , , , , 
4.2467885, 0.070161, , , , , , , 4.2467885, 0.0092317, , , , , , , 4.2467885, -0.0342412, , , , , , , 4.2467885, -0.0142672, , , , , , , , , , , , , , , , , , , , , , , , , , , , 
4.2473077, 0.0595865, , , , , , , 4.2473077, -0.0209812, , , , , , , 4.2473077, -0.0518654, , , , , , , 4.2473077, -0.0082246, , , , , , , , , , , , , , , , , , , , , , , , , , , , 
4.2478269, 0.0481727, , , , , , , 4.2478269, -0.0394446, , , , , , , 4.2478269, -0.0726787, , , , , , , 4.2478269, 0.0011749, , , , , , , , , , , , , , , , , , , , , , , , , , , , 
4.2483462, 0.0384375, , , , , , , 4.2483462, -0.0459907, , , , , , , 4.2483462, -0.0958419, , , , , , , 4.2483462, 0.0130922, , , , , , , , , , , , , , , , , , , , , , , , , , , , 
4.2488654, 0.0280308, , , , , , , 4.2488654, -0.0391089, , , , , , , 4.2488654, -0.1097734, , , , , , , 4.2488654, 0.0293736, , , , , , , , , , , , , , , , , , , , , , , , , , , , 
4.2493846, 0.0105745, , , , , , , 4.2493846, -0.0216526, , , , , , , 4.2493846, -0.1062486, , , , , , , 4.2493846, 0.0493477, , , , , , , , , , , , , , , , , , , , , , , , , , , , 
4.2499038, -0.0082246, , , , , , , 4.2499038, -0.0146029, , , , , , , 4.2499038, -0.096849, , , , , , , 4.2499038, 0.0649577, , , , , , , , , , , , , , , , , , , , , , , , , , , , 
4.2504231, -0.0213169, , , , , , , 4.2504231, -0.0260166, , , , , , , 4.2504231, -0.0891279, , , , , , , 4.2504231, 0.0757, , , , , , , , , , , , , , , , , , , , , , , , , , , , 
4.2509423, -0.0276951, , , , , , , 4.2509423, -0.0307164, , , , , , , 4.2509423, -0.0780499, , , , , , , 4.2509423, 0.0817426, , , , , , , , , , , , , , , , , , , , , , , , , , , , 
4.2514615, -0.0360876, , , , , , , 4.2514615, -0.0280308, , , , , , , 4.2514615, -0.0533761, , , , , , , 4.2514615, 0.0807355, , , , , , , , , , , , , , , , , , , , , , , , , , , , 
4.2519808, -0.0513619, , , , , , , 4.2519808, -0.0428016, , , , , , , 4.2519808, -0.0216526, , , , , , , 4.2519808, 0.0736858, , , , , , , , , , , , , , , , , , , , , , , , , , , , 
4.2525, -0.064622, , , , , , , 4.2525, -0.0713359, , , , , , , 4.2525, 0.0026856, , , , , , , 4.2525, 0.0622721, , , , , , , , , , , , , , , , , , , , , , , , , , , , 
4.2530192, -0.0681468, , , , , , , 4.2530192, -0.0881209, , , , , , , 4.2530192, 0.0166171, , , , , , , 4.2530192, 0.0488441, , , , , , , , , , , , , , , , , , , , , , , , , , , , 
4.2535385, -0.0632792, , , , , , , 4.2535385, -0.0780499, , , , , , , 4.2535385, 0.0246738, , , , , , , 4.2535385, 0.0375982, , , , , , , , , , , , , , , , , , , , , , , , , , , , 
4.2540577, -0.057908, , , , , , , 4.2540577, -0.047837, , , , , , , 4.2540577, 0.0283665, , , , , , , 4.2540577, 0.0270237, , , , , , , , , , , , , , , , , , , , , , , , , , , , 
4.2545769, -0.0515297, , , , , , , 4.2545769, -0.0182956, , , , , , , 4.2545769, 0.030045, , , , , , , 4.2545769, 0.0176242, , , , , , , , , , , , , , , , , , , , , , , , , , , , 
4.2550962, -0.0451514, , , , , , , 4.2550962, -0.0068818, , , , , , , 4.2550962, 0.0307164, , , , , , , 4.2550962, 0.0117494, , , , , , , , , , , , , , , , , , , , , , , , , , , , 
4.2556154, -0.0404517, , , , , , , 4.2556154, -0.0182956, , , , , , , 4.2556154, 0.0339055, , , , , , , 4.2556154, 0.0065461, , , , , , , , , , , , , , , , , , , , , , , , , , , , 
4.2561346, -0.0330663, , , , , , , 4.2561346, -0.0287022, , , , , , , 4.2561346, 0.0347448, , , , , , , 4.2561346, -0.0001678, , , , , , , , , , , , , , , , , , , , , , , , , , , , 
4.2566538, -0.0229953, , , , , , , 4.2566538, -0.0166171, , , , , , , 4.2566538, 0.0337377, , , , , , , 4.2566538, -0.0052033, , , , , , , , , , , , , , , , , , , , , , , , , , , , 
4.2571731, -0.0102388, , , , , , , 4.2571731, 0.0065461, , , , , , , 4.2571731, 0.0370947, , , , , , , 4.2571731, -0.0092317, , , , , , , , , , , , , , , , , , , , , , , , , , , , 
4.2576923, 0.0038605, , , , , , , 4.2576923, 0.0193027, , , , , , , 4.2576923, 0.0454871, , , , , , , 4.2576923, -0.0129244, , , , , , , , , , , , , , , , , , , , , , , , , , , , 
4.2582115, 0.0132601, , , , , , , 4.2582115, 0.0263523, , , , , , , 4.2582115, 0.0626078, , , , , , , 4.2582115, -0.0130922, , , , , , , , , , , , , , , , , , , , , , , , , , , , 
4.2587308, 0.0172885, , , , , , , 4.2587308, 0.033402, , , , , , , 4.2587308, 0.0810712, , , , , , , 4.2587308, -0.0109102, , , , , , , , , , , , , , , , , , , , , , , , , , , , 
4.25925, 0.0219883, , , , , , , 4.25925, 0.033402, , , , , , , 4.25925, 0.0921492, , , , , , , 4.25925, -0.0082246, , , , , , , , , , , , , , , , , , , , , , , , , , , , 
4.2597692, 0.0240024, , , , , , , 4.2597692, 0.0330663, , , , , , , 4.2597692, 0.0938277, , , , , , , 4.2597692, -0.0082246, , , , , , , , , , , , , , , , , , , , , , , , , , , , 
4.2602885, 0.0307164, , , , , , , 4.2602885, 0.0276951, , , , , , , 4.2602885, 0.0891279, , , , , , , 4.2602885, -0.0078889, , , , , , , , , , , , , , , , , , , , , , , , , , , , 
4.2608077, 0.0394446, , , , , , , 4.2608077, 0.0206455, , , , , , , 4.2608077, 0.0797284, , , , , , , 4.2608077, -0.0068818, , , , , , , , , , , , , , , , , , , , , , , , , , , , 
4.2613269, 0.0454871, , , , , , , 4.2613269, 0.0172885, , , , , , , 4.2613269, 0.0676432, , , , , , , 4.2613269, -0.0035248, , , , , , , , , , , , , , , , , , , , , , , , , , , , 
4.2618462, 0.0506905, , , , , , , 4.2618462, 0.0072175, , , , , , , 4.2618462, 0.0498512, , , , , , , 4.2618462, -0.0001678, , , , , , , , , , , , , , , , , , , , , , , , , , , , 
4.2623654, 0.0594186, , , , , , , 4.2623654, -0.0048676, , , , , , , 4.2623654, 0.0276951, , , , , , , 4.2623654, 0.0038605, , , , , , , , , , , , , , , , , , , , , , , , , , , , 
4.2628846, 0.070161, , , , , , , 4.2628846, -0.0085603, , , , , , , 4.2628846, 0.0025177, , , , , , , 4.2628846, 0.0085603, , , , , , , , , , , , , , , , , , , , , , , , , , , , 
4.2634038, 0.0797284, , , , , , , 4.2634038, -0.0104067, , , , , , , 4.2634038, -0.017792, , , , , , , 4.2634038, 0.0105745, , , , , , , , , , , , , , , , , , , , , , , , , , , , 
4.2639231, 0.0837568, , , , , , , 4.2639231, -0.0142672, , , , , , , 4.2639231, -0.0297093, , , , , , , 4.2639231, 0.0112459, , , , , , , , , , , , , , , , , , , , , , , , , , , , 
4.2644423, 0.0844282, , , , , , , 4.2644423, -0.0169528, , , , , , , 4.2644423, -0.0303807, , , , , , , 4.2644423, 0.0132601, , , , , , , , , , , , , , , , , , , , , , , , , , , , 
4.2649615, 0.0829175, , , , , , , 4.2649615, -0.023331, , , , , , , 4.2649615, -0.0305486, , , , , , , 4.2649615, 0.0182956, , , , , , , , , , , , , , , , , , , , , , , , , , , , 
4.2654808, 0.0775463, , , , , , , 4.2654808, -0.0364233, , , , , , , 4.2654808, -0.0377661, , , , , , , 4.2654808, 0.023331, , , , , , , , , , , , , , , , , , , , , , , , , , , , 
4.266, 0.0703288, , , , , , , 4.266, -0.0485084, , , , , , , 4.266, -0.0438087, , , , , , , 4.266, 0.0250095, , , , , , , , , , , , , , , , , , , , , , , , , , , , 
4.2665192, 0.0632792, , , , , , , 4.2665192, -0.0528725, , , , , , , 4.2665192, -0.0417945, , , , , , , 4.2665192, 0.0219883, , , , , , , , , , , , , , , , , , , , , , , , , , , , 
4.2670385, 0.0548867, , , , , , , 4.2670385, -0.0438087, , , , , , , 4.2670385, -0.0407874, , , , , , , 4.2670385, 0.0193027, , , , , , , , , , , , , , , , , , , , , , , , , , , , 
4.2675577, 0.0448157, , , , , , , 4.2675577, -0.0203098, , , , , , , 4.2675577, -0.0498512, , , , , , , 4.2675577, 0.0196384, , , , , , , , , , , , , , , , , , , , , , , , , , , , 
4.2680769, 0.036759, , , , , , , 4.2680769, -0.0008392, , , , , , , 4.2680769, -0.0659648, , , , , , , 4.2680769, 0.0206455, , , , , , , , , , , , , , , , , , , , , , , , , , , , 
4.2685962, 0.0280308, , , , , , , 4.2685962, -0.0025177, , , , , , , 4.2685962, -0.0760357, , , , , , , 4.2685962, 0.0213169, , , , , , , , , , , , , , , , , , , , , , , , , , , , 
4.2691154, 0.0172885, , , , , , , 4.2691154, -0.0102388, , , , , , , 4.2691154, -0.0746929, , , , , , , 4.2691154, 0.0226596, , , , , , , , , , , , , , , , , , , , , , , , , , , , 
4.2696346, 0.0038605, , , , , , , 4.2696346, -0.0099031, , , , , , , 4.2696346, -0.0622721, , , , , , , 4.2696346, 0.0246738, , , , , , , , , , , , , , , , , , , , , , , , , , , , 
4.2701538, -0.0130922, , , , , , , 4.2701538, -0.0140993, , , , , , , 4.2701538, -0.0464942, , , , , , , 4.2701538, 0.0258488, , , , , , , , , , , , , , , , , , , , , , , , , , , , 
4.2706731, -0.0315557, , , , , , , 4.2706731, -0.0146029, , , , , , , 4.2706731, -0.0369268, , , , , , , 4.2706731, 0.0290379, , , , , , , , , , , , , , , , , , , , , , , , , , , , 
4.2711923, -0.0471656, , , , , , , 4.2711923, -0.0070497, , , , , , , 4.2711923, -0.0354162, , , , , , , 4.2711923, 0.0297093, , , , , , , , , , , , , , , , , , , , , , , , , , , , 
4.2717115, -0.0565652, , , , , , , 4.2717115, -0.0028534, , , , , , , 4.2717115, -0.0384375, , , , , , , 4.2717115, 0.0273594, , , , , , , , , , , , , , , , , , , , , , , , , , , , 
4.2722308, -0.0627756, , , , , , , 4.2722308, -0.0105745, , , , , , , 4.2722308, -0.0419623, , , , , , , 4.2722308, 0.0223239, , , , , , , , , , , , , , , , , , , , , , , , , , , , 
4.27275, -0.0632792, , , , , , , 4.27275, -0.0219883, , , , , , , 4.27275, -0.0448157, , , , , , , 4.27275, 0.0137636, , , , , , , , , , , , , , , , , , , , , , , , , , , , 
4.2732692, -0.0540475, , , , , , , 4.2732692, -0.0240024, , , , , , , 4.2732692, -0.0488441, , , , , , , 4.2732692, 0.0085603, , , , , , , , , , , , , , , , , , , , , , , , , , , , 
4.2737885, -0.0377661, , , , , , , 4.2737885, -0.0166171, , , , , , , 4.2737885, -0.0501869, , , , , , , 4.2737885, 0.0078889, , , , , , , , , , , , , , , , , , , , , , , , , , , , 
4.2743077, -0.0283665, , , , , , , 4.2743077, -0.0072175, , , , , , , 4.2743077, -0.0488441, , , , , , , 4.2743077, 0.0095674, , , , , , , , , , , , , , , , , , , , , , , , , , , , 
4.2748269, -0.0199741, , , , , , , 4.2748269, -0.005539, , , , , , , 4.2748269, -0.0466621, , , , , , , 4.2748269, 0.0092317, , , , , , , , , , , , , , , , , , , , , , , , , , , , 
4.2753462, -0.0105745, , , , , , , 4.2753462, -0.008896, , , , , , , 4.2753462, -0.0431373, , , , , , , 4.2753462, 0.0078889, , , , , , , , , , , , , , , , , , , , , , , , , , , , 
4.2758654, -0.0028534, , , , , , , 4.2758654, -0.0102388, , , , , , , 4.2758654, -0.0350805, , , , , , , 4.2758654, 0.0058747, , , , , , , , , , , , , , , , , , , , , , , , , , , , 
4.2763846, 0.005539, , , , , , , 4.2763846, -0.0057069, , , , , , , 4.2763846, -0.0250095, , , , , , , 4.2763846, 0.0035248, , , , , , , , , , , , , , , , , , , , , , , , , , , , 
4.2769038, 0.0164492, , , , , , , 4.2769038, -0.0035248, , , , , , , 4.2769038, -0.01561, , , , , , , 4.2769038, 0.0015106, , , , , , , , , , , , , , , , , , , , , , , , , , , , 
4.2774231, 0.0243381, , , , , , , 4.2774231, -0.0041962, , , , , , , 4.2774231, -0.0041962, , , , , , , 4.2774231, 0.0001678, , , , , , , , , , , , , , , , , , , , , , , , , , , , 
4.2779423, 0.0290379, , , , , , , 4.2779423, 0.0018463, , , , , , , 4.2779423, 0.0105745, , , , , , , 4.2779423, -0.0018463, , , , , , , , , , , , , , , , , , , , , , , , , , , , 
4.2784615, 0.0310521, , , , , , , 4.2784615, 0.0213169, , , , , , , 4.2784615, 0.0226596, , , , , , , 4.2784615, -0.0043641, , , , , , , , , , , , , , , , , , , , , , , , , , , , 
4.2789808, 0.0344091, , , , , , , 4.2789808, 0.0464942, , , , , , , 4.2789808, 0.0290379, , , , , , , 4.2789808, -0.0062104, , , , , , , , , , , , , , , , , , , , , , , , , , , , 
4.2795, 0.0381018, , , , , , , 4.2795, 0.0572366, , , , , , , 4.2795, 0.0327306, , , , , , , 4.2795, -0.0068818, , , , , , , , , , , , , , , , , , , , , , , , , , , , 
4.2800192, 0.0414588, , , , , , , 4.2800192, 0.0406195, , , , , , , 4.2800192, 0.0384375, , , , , , , 4.2800192, -0.0057069, , , , , , , , , , , , , , , , , , , , , , , , , , , , 
4.2805385, 0.0411231, , , , , , , 4.2805385, 0.0209812, , , , , , , 4.2805385, 0.0438087, , , , , , , 4.2805385, 0.0011749, , , , , , , , , , , , , , , , , , , , , , , , , , , , 
4.2810577, 0.0392767, , , , , , , 4.2810577, 0.0199741, , , , , , , 4.2810577, 0.0391089, , , , , , , 4.2810577, 0.0073854, , , , , , , , , , , , , , , , , , , , , , , , , , , , 
4.2815769, 0.0394446, , , , , , , 4.2815769, 0.0206455, , , , , , , 4.2815769, 0.023331, , , , , , , 4.2815769, 0.0139315, , , , , , , , , , , , , , , , , , , , , , , , , , , , 
4.2820962, 0.0394446, , , , , , , 4.2820962, 0.0213169, , , , , , , 4.2820962, 0.0038605, , , , , , , 4.2820962, 0.0223239, , , , , , , , , , , , , , , , , , , , , , , , , , , , 
4.2826154, 0.040116, , , , , , , 4.2826154, 0.0305486, , , , , , , 4.2826154, -0.0119173, , , , , , , 4.2826154, 0.024506, , , , , , , , , , , , , , , , , , , , , , , , , , , , 
4.2831346, 0.0486763, , , , , , , 4.2831346, 0.0297093, , , , , , , 4.2831346, -0.0260166, , , , , , , 4.2831346, 0.0199741, , , , , , , , , , , , , , , , , , , , , , , , , , , , 
4.2836538, 0.0607614, , , , , , , 4.2836538, 0.0157778, , , , , , , 4.2836538, -0.0377661, , , , , , , 4.2836538, 0.0172885, , , , , , , , , , , , , , , , , , , , , , , , , , , , 
4.2841731, 0.0710002, , , , , , , 4.2841731, -0.002182, , , , , , , 4.2841731, -0.0488441, , , , , , , 4.2841731, 0.0166171, , , , , , , , , , , , , , , , , , , , , , , , , , , , 
4.2846923, 0.0743572, , , , , , , 4.2846923, -0.0162814, , , , , , , 4.2846923, -0.0555581, , , , , , , 4.2846923, 0.0154421, , , , , , , , , , , , , , , , , , , , , , , , , , , , 
4.2852115, 0.073518, , , , , , , 4.2852115, -0.01561, , , , , , , 4.2852115, -0.0498512, , , , , , , 4.2852115, 0.0139315, , , , , , , , , , , , , , , , , , , , , , , , , , , , 
4.2857308, 0.0713359, , , , , , , 4.2857308, -0.0028534, , , , , , , 4.2857308, -0.0360876, , , , , , , 4.2857308, 0.0124208, , , , , , , , , , , , , , , , , , , , , , , , , , , , 
4.28625, 0.0673075, , , , , , , 4.28625, -0.0052033, , , , , , , 4.28625, -0.01561, , , , , , , 4.28625, 0.012253, , , , , , , , , , , , , , , , , , , , , , , , , , , , 
4.2867692, 0.0572366, , , , , , , 4.2867692, -0.0377661, , , , , , , 4.2867692, 0.0065461, , , , , , , 4.2867692, 0.0152743, , , , , , , , , , , , , , , , , , , , , , , , , , , , 
4.2872885, 0.0428016, , , , , , , 4.2872885, -0.0884565, , , , , , , 4.2872885, 0.0219883, , , , , , , 4.2872885, 0.0203098, , , , , , , , , , , , , , , , , , , , , , , , , , , , 
4.2878077, 0.0229953, , , , , , , 4.2878077, -0.1250477, , , , , , , 4.2878077, 0.033402, , , , , , , 4.2878077, 0.0256809, , , , , , , , , , , , , , , , , , , , , , , , , , , , 
4.2883269, 0.0083925, , , , , , , 4.2883269, -0.1250477, , , , , , , 4.2883269, 0.0431373, , , , , , , 4.2883269, 0.0297093, , , , , , , , , , , , , , , , , , , , , , , , , , , , 
4.2888462, 0.002182, , , , , , , 4.2888462, -0.1055772, , , , , , , 4.2888462, 0.0458228, , , , , , , 4.2888462, 0.0303807, , , , , , , , , , , , , , , , , , , , , , , , , , , , 
4.2893654, -0.0065461, , , , , , , 4.2893654, -0.0834211, , , , , , , 4.2893654, 0.043473, , , , , , , 4.2893654, 0.0293736, , , , , , , , , , , , , , , , , , , , , , , , , , , , 
4.2898846, -0.0149386, , , , , , , 4.2898846, -0.04448, , , , , , , 4.2898846, 0.0382696, , , , , , , 4.2898846, 0.0243381, , , , , , , , , , , , , , , , , , , , , , , , , , , , 
4.2904038, -0.026688, , , , , , , 4.2904038, 0.0011749, , , , , , , 4.2904038, 0.0287022, , , , , , , 4.2904038, 0.0179599, , , , , , , , , , , , , , , , , , , , , , , , , , , , 
4.2909231, -0.0377661, , , , , , , 4.2909231, 0.0130922, , , , , , , 4.2909231, 0.0171206, , , , , , , 4.2909231, 0.0139315, , , , , , , , , , , , , , , , , , , , , , , , , , , , 
4.2914423, -0.0439765, , , , , , , 4.2914423, -0.0125887, , , , , , , 4.2914423, 0.0057069, , , , , , , 4.2914423, 0.0105745, , , , , , , , , , , , , , , , , , , , , , , , , , , , 
4.2919615, -0.0486763, , , , , , , 4.2919615, -0.043473, , , , , , , 4.2919615, -0.002182, , , , , , , 4.2919615, 0.0099031, , , , , , , , , , , , , , , , , , , , , , , , , , , , 
4.2924808, -0.0527047, , , , , , , 4.2924808, -0.0438087, , , , , , , 4.2924808, -0.0095674, , , , , , , 4.2924808, 0.0130922, , , , , , , , , , , , , , , , , , , , , , , , , , , , 
4.293, -0.0480049, , , , , , , 4.293, -0.01561, , , , , , , 4.293, -0.0166171, , , , , , , 4.293, 0.0139315, , , , , , , , , , , , , , , , , , , , , , , , , , , , 
4.2935192, -0.0340734, , , , , , , 4.2935192, 0.0152743, , , , , , , 4.2935192, -0.023331, , , , , , , 4.2935192, 0.0092317, , , , , , , , , , , , , , , , , , , , , , , , , , , , 
4.2940385, -0.018967, , , , , , , 4.2940385, 0.0347448, , , , , , , 4.2940385, -0.0313878, , , , , , , 4.2940385, 0.0070497, , , , , , , , , , , , , , , , , , , , , , , , , , , , 
4.2945577, -0.005539, , , , , , , 4.2945577, 0.0468299, , , , , , , 4.2945577, -0.0407874, , , , , , , 4.2945577, 0.0063783, , , , , , , , , , , , , , , , , , , , , , , , , , , , 
4.2950769, 0.0005035, , , , , , , 4.2950769, 0.057908, , , , , , , 4.2950769, -0.0411231, , , , , , , 4.2950769, 0.0052033, , , , , , , , , , , , , , , , , , , , , , , , , , , , 
4.2955962, 0.0023499, , , , , , , 4.2955962, 0.057908, , , , , , , 4.2955962, -0.0339055, , , , , , , 4.2955962, 0.0031891, , , , , , , , , , , , , , , , , , , , , , , , , , , , 
4.2961154, 0.0065461, , , , , , , 4.2961154, 0.0347448, , , , , , , 4.2961154, -0.0327306, , , , , , , 4.2961154, 0.0015106, , , , , , , , , , , , , , , , , , , , , , , , , , , , 
4.2966346, 0.0115816, , , , , , , 4.2966346, 0.0169528, , , , , , , 4.2966346, -0.0391089, , , , , , , 4.2966346, 0.003357, , , , , , , , , , , , , , , , , , , , , , , , , , , , 
4.2971538, 0.0166171, , , , , , , 4.2971538, 0.0448157, , , , , , , 4.2971538, -0.0412909, , , , , , , 4.2971538, 0.0075532, , , , , , , , , , , , , , , , , , , , , , , , , , , , 
4.2976731, 0.0206455, , , , , , , 4.2976731, 0.0856031, , , , , , , 4.2976731, -0.0377661, , , , , , , 4.2976731, 0.0112459, , , , , , , , , , , , , , , , , , , , , , , , , , , , 
4.2981923, 0.0238346, , , , , , , 4.2981923, 0.0797284, , , , , , , 4.2981923, -0.0350805, , , , , , , 4.2981923, 0.0166171, , , , , , , , , , , , , , , , , , , , , , , , , , , , 
4.2987115, 0.0258488, , , , , , , 4.2987115, 0.0461585, , , , , , , 4.2987115, -0.0340734, , , , , , , 4.2987115, 0.0246738, , , , , , , , , , , , , , , , , , , , , , , , , , , , 
4.2992308, 0.0313878, , , , , , , 4.2992308, 0.0337377, , , , , , , 4.2992308, -0.0293736, , , , , , , 4.2992308, 0.0320592, , , , , , , , , , , , , , , , , , , , , , , , , , , , 
4.29975, 0.0344091, , , , , , , 4.29975, 0.0491798, , , , , , , 4.29975, -0.0226596, , , , , , , 4.29975, 0.0344091, , , , , , , , , , , , , , , , , , , , , , , , , , , , 
4.3002692, 0.0359197, , , , , , , 4.3002692, 0.0508583, , , , , , , 4.3002692, -0.0219883, , , , , , , 4.3002692, 0.0327306, , , , , , , , , , , , , , , , , , , , , , , , , , , , 
4.3007885, 0.0344091, , , , , , , 4.3007885, 0.0226596, , , , , , , 4.3007885, -0.0303807, , , , , , , 4.3007885, 0.0270237, , , , , , , , , , , , , , , , , , , , , , , , , , , , 
4.3013077, 0.026688, , , , , , , 4.3013077, -0.0070497, , , , , , , 4.3013077, -0.0377661, , , , , , , 4.3013077, 0.0186313, , , , , , , , , , , , , , , , , , , , , , , , , , , , 
4.3018269, 0.026688, , , , , , , 4.3018269, -0.0236667, , , , , , , 4.3018269, -0.0359197, , , , , , , 4.3018269, 0.012253, , , , , , , , , , , , , , , , , , , , , , , , , , , , 
4.3023462, 0.0303807, , , , , , , 4.3023462, -0.0305486, , , , , , , 4.3023462, -0.0273594, , , , , , , 4.3023462, 0.0038605, , , , , , , , , , , , , , , , , , , , , , , , , , , , 
4.3028654, 0.0344091, , , , , , , 4.3028654, -0.0431373, , , , , , , 4.3028654, -0.0152743, , , , , , , 4.3028654, -0.005539, , , , , , , , , , , , , , , , , , , , , , , , , , , , 
4.3033846, 0.04448, , , , , , , 4.3033846, -0.0681468, , , , , , , 4.3033846, -0.0023499, , , , , , , 4.3033846, -0.0162814, , , , , , , , , , , , , , , , , , , , , , , , , , , , 
4.3039038, 0.0547189, , , , , , , 4.3039038, -0.096849, , , , , , , 4.3039038, 0.012253, , , , , , , 4.3039038, -0.0199741, , , , , , , , , , , , , , , , , , , , , , , , , , , , 
4.3044231, 0.0575723, , , , , , , 4.3044231, -0.1136339, , , , , , , 4.3044231, 0.0310521, , , , , , , 4.3044231, -0.0199741, , , , , , , , , , , , , , , , , , , , , , , , , , , , 
4.3049423, 0.056733, , , , , , , 4.3049423, -0.1085985, , , , , , , 4.3049423, 0.0480049, , , , , , , 4.3049423, -0.0179599, , , , , , , , , , , , , , , , , , , , , , , , , , , , 
4.3054615, 0.0515297, , , , , , , 4.3054615, -0.0856031, , , , , , , 4.3054615, 0.0595865, , , , , , , 4.3054615, -0.0162814, , , , , , , , , , , , , , , , , , , , , , , , , , , , 
4.3059808, 0.042298, , , , , , , 4.3059808, -0.0582437, , , , , , , 4.3059808, 0.068986, , , , , , , 4.3059808, -0.0142672, , , , , , , , , , , , , , , , , , , , , , , , , , , , 
4.3065, 0.0318914, , , , , , , 4.3065, -0.0357519, , , , , , , 4.3065, 0.0809033, , , , , , , 4.3065, -0.0129244, , , , , , , , , , , , , , , , , , , , , , , , , , , , 
4.3070192, 0.0213169, , , , , , , 4.3070192, -0.0142672, , , , , , , 4.3070192, 0.0931563, , , , , , , 4.3070192, -0.0102388, , , , , , , , , , , , , , , , , , , , , , , , , , , , 
4.3075385, 0.0119173, , , , , , , 4.3075385, 0.0182956, , , , , , , 4.3075385, 0.1008774, , , , , , , 4.3075385, -0.002182, , , , , , , , , , , , , , , , , , , , , , , , , , , , 
4.3080577, 0.0025177, , , , , , , 4.3080577, 0.0461585, , , , , , , 4.3080577, 0.1045701, , , , , , , 4.3080577, 0.0105745, , , , , , , , , , , , , , , , , , , , , , , , , , , , 
4.3085769, -0.0048676, , , , , , , 4.3085769, 0.0475013, , , , , , , 4.3085769, 0.1067521, , , , , , , 4.3085769, 0.0246738, , , , , , , , , , , , , , , , , , , , , , , , , , , , 
4.3090962, -0.012253, , , , , , , 4.3090962, 0.0325628, , , , , , , 4.3090962, 0.1049058, , , , , , , 4.3090962, 0.0382696, , , , , , , , , , , , , , , , , , , , , , , , , , , , 
4.3096154, -0.0229953, , , , , , , 4.3096154, 0.0186313, , , , , , , 4.3096154, 0.0938277, , , , , , , 4.3096154, 0.0468299, , , , , , , , , , , , , , , , , , , , , , , , , , , , 
4.3101346, -0.033402, , , , , , , 4.3101346, 0.0077211, , , , , , , 4.3101346, 0.0693217, , , , , , , 4.3101346, 0.0495155, , , , , , , , , , , , , , , , , , , , , , , , , , , , 
4.3106538, -0.0433051, , , , , , , 4.3106538, 0.0085603, , , , , , , 4.3106538, 0.036759, , , , , , , 4.3106538, 0.0488441, , , , , , , , , , , , , , , , , , , , , , , , , , , , 
4.3111731, -0.0520333, , , , , , , 4.3111731, 0.0303807, , , , , , , 4.3111731, 0.0043641, , , , , , , 4.3111731, 0.0488441, , , , , , , , , , , , , , , , , , , , , , , , , , , , 
4.3116923, -0.0595865, , , , , , , 4.3116923, 0.0542153, , , , , , , 4.3116923, -0.0297093, , , , , , , 4.3116923, 0.0488441, , , , , , , , , , , , , , , , , , , , , , , , , , , , 
4.3122115, -0.0599222, , , , , , , 4.3122115, 0.0649577, , , , , , , 4.3122115, -0.064622, , , , , , , 4.3122115, 0.0459907, , , , , , , , , , , , , , , , , , , , , , , , , , , , 
4.3127308, -0.0528725, , , , , , , 4.3127308, 0.0605936, , , , , , , 4.3127308, -0.1027237, , , , , , , 4.3127308, 0.036759, , , , , , , , , , , , , , , , , , , , , , , , , , , , 
4.31325, -0.043473, , , , , , , 4.31325, 0.0256809, , , , , , , 4.31325, -0.1411612, , , , , , , 4.31325, 0.026688, , , , , , , , , , , , , , , , , , , , , , , , , , , , 
4.3137692, -0.0327306, , , , , , , 4.3137692, -0.0354162, , , , , , , 4.3137692, -0.1710384, , , , , , , 4.3137692, 0.017792, , , , , , , , , , , , , , , , , , , , , , , , , , , , 
4.3142885, -0.0198062, , , , , , , 4.3142885, -0.0881209, , , , , , , 4.3142885, -0.1851377, , , , , , , 4.3142885, 0.0127565, , , , , , , , , , , , , , , , , , , , , , , , , , , , 
4.3148077, -0.0139315, , , , , , , 4.3148077, -0.1173266, , , , , , , 4.3148077, -0.184802, , , , , , , 4.3148077, 0.0135958, , , , , , , , , , , , , , , , , , , , , , , , , , , , 
4.3153269, -0.0072175, , , , , , , 4.3153269, -0.1344472, , , , , , , 4.3153269, -0.1713741, , , , , , , 4.3153269, 0.0186313, , , , , , , , , , , , , , , , , , , , , , , , , , , , 
4.3158462, 0.0015106, , , , , , , 4.3158462, -0.1344472, , , , , , , 4.3158462, -0.1500572, , , , , , , 4.3158462, 0.0240024, , , , , , , , , , , , , , , , , , , , , , , , , , , , 
4.3163654, 0.0058747, , , , , , , 4.3163654, -0.1111162, , , , , , , 4.3163654, -0.1304189, , , , , , , 4.3163654, 0.0240024, , , , , , , , , , , , , , , , , , , , , , , , , , , , 
4.3168846, 0.008896, , , , , , , 4.3168846, -0.0686503, , , , , , , 4.3168846, -0.1109483, , , , , , , 4.3168846, 0.0208133, , , , , , , , , , , , , , , , , , , , , , , , , , , , 
4.3174038, 0.0142672, , , , , , , 4.3174038, -0.0344091, , , , , , , 4.3174038, -0.0876173, , , , , , , 4.3174038, 0.0152743, , , , , , , , , , , , , , , , , , , , , , , , , , , , 
4.3179231, 0.0209812, , , , , , , 4.3179231, -0.0142672, , , , , , , 4.3179231, -0.0652934, , , , , , , 4.3179231, 0.0125887, , , , , , , , , , , , , , , , , , , , , , , , , , , , 
4.3184423, 0.0250095, , , , , , , 4.3184423, -0.0083925, , , , , , , 4.3184423, -0.0485084, , , , , , , 4.3184423, 0.0112459, , , , , , , , , , , , , , , , , , , , , , , , , , , , 
4.3189615, 0.0226596, , , , , , , 4.3189615, -0.0135958, , , , , , , 4.3189615, -0.0377661, , , , , , , 4.3189615, 0.0057069, , , , , , , , , , , , , , , , , , , , , , , , , , , , 
4.3194808, 0.021149, , , , , , , 4.3194808, -0.0171206, , , , , , , 4.3194808, -0.0216526, , , , , , , 4.3194808, -0.002182, , , , , , , , , , , , , , , , , , , , , , , , , , , , 
4.32, 0.0213169, , , , , , , 4.32, -0.0001678, , , , , , , 4.32, 0.0072175, , , , , , , 4.32, -0.0045319, , , , , , , , , , , , , , , , , , , , , , , , , , , , 
4.3205192, 0.0213169, , , , , , , 4.3205192, 0.0213169, , , , , , , 4.3205192, 0.0501869, , , , , , , 4.3205192, -0.0045319, , , , , , , , , , , , , , , , , , , , , , , , , , , , 
4.3210385, 0.0191348, , , , , , , 4.3210385, 0.0381018, , , , , , , 4.3210385, 0.0929885, , , , , , , 4.3210385, -0.0031891, , , , , , , , , , , , , , , , , , , , , , , , , , , , 
4.3215577, 0.0171206, , , , , , , 4.3215577, 0.0441444, , , , , , , 4.3215577, 0.1238727, , , , , , , 4.3215577, -0.0035248, , , , , , , , , , , , , , , , , , , , , , , , , , , , 
4.3220769, 0.0199741, , , , , , , 4.3220769, 0.0424659, , , , , , , 4.3220769, 0.142504, , , , , , , 4.3220769, -0.0048676, , , , , , , , , , , , , , , , , , , , , , , , , , , , 
4.3225962, 0.0327306, , , , , , , 4.3225962, 0.040116, , , , , , , 4.3225962, 0.154757, , , , , , , 4.3225962, -0.0038605, , , , , , , , , , , , , , , , , , , , , , , , , , , , 
4.3231154, 0.0562295, , , , , , , 4.3231154, 0.036759, , , , , , , 4.3231154, 0.1623102, , , , , , , 4.3231154, -0.002182, , , , , , , , , , , , , , , , , , , , , , , , , , , , 
4.3236346, 0.0773785, , , , , , , 4.3236346, 0.0196384, , , , , , , 4.3236346, 0.1740597, , , , , , , 4.3236346, 0.0011749, , , , , , , , , , , , , , , , , , , , , , , , , , , , 
4.3241538, 0.085771, , , , , , , 4.3241538, -0.027863, , , , , , , 4.3241538, 0.1831235, , , , , , , 4.3241538, 0.0065461, , , , , , , , , , , , , , , , , , , , , , , , , , , , 
4.3246731, 0.0850996, , , , , , , 4.3246731, -0.0800641, , , , , , , 4.3246731, 0.1730526, , , , , , , 4.3246731, 0.0109102, , , , , , , , , , , , , , , , , , , , , , , , , , , , 
4.3251923, 0.082414, , , , , , , 4.3251923, -0.087953, , , , , , , 4.3251923, 0.1420005, , , , , , , 4.3251923, 0.0115816, , , , , , , , , , , , , , , , , , , , , , , , , , , , 
4.3257115, 0.0782177, , , , , , , 4.3257115, -0.057908, , , , , , , 4.3257115, 0.0938277, , , , , , , 4.3257115, 0.0105745, , , , , , , , , , , , , , , , , , , , , , , , , , , , 
4.3262308, 0.072343, , , , , , , 4.3262308, -0.018967, , , , , , , 4.3262308, 0.0364233, , , , , , , 4.3262308, 0.0102388, , , , , , , , , , , , , , , , , , , , , , , , , , , , 
4.32675, 0.0594186, , , , , , , 4.32675, 0.0023499, , , , , , , 4.32675, -0.0243381, , , , , , , 4.32675, 0.0097353, , , , , , , , , , , , , , , , , , , , , , , , , , , , 
4.3272692, 0.0438087, , , , , , , 4.3272692, -0.0035248, , , , , , , 4.3272692, -0.0809033, , , , , , , 4.3272692, 0.0065461, , , , , , , , , , , , , , , , , , , , , , , , , , , , 
4.3277885, 0.0313878, , , , , , , 4.3277885, -0.0216526, , , , , , , 4.3277885, -0.1270619, , , , , , , 4.3277885, 0.0028534, , , , , , , , , , , , , , , , , , , , , , , , , , , , 
4.3283077, 0.0186313, , , , , , , 4.3283077, -0.0426337, , , , , , , 4.3283077, -0.1559319, , , , , , , 4.3283077, 0.0025177, , , , , , , , , , , , , , , , , , , , , , , , , , , , 
4.3288269, 0.0077211, , , , , , , 4.3288269, -0.0515297, , , , , , , 4.3288269, -0.1654994, , , , , , , 4.3288269, 0.0057069, , , , , , , , , , , , , , , , , , , , , , , , , , , , 
4.3293462, -0.0045319, , , , , , , 4.3293462, -0.0354162, , , , , , , 4.3293462, -0.1671778, , , , , , , 4.3293462, 0.0082246, , , , , , , , , , , , , , , , , , , , , , , , , , , , 
4.3298654, -0.0139315, , , , , , , 4.3298654, -0.0015106, , , , , , , 4.3298654, -0.1649958, , , , , , , 4.3298654, 0.0087282, , , , , , , , , , , , , , , , , , , , , , , , , , , , 
4.3303846, -0.0176242, , , , , , , 4.3303846, 0.0273594, , , , , , , 4.3303846, -0.1576104, , , , , , , 4.3303846, 0.0072175, , , , , , , , , , , , , , , , , , , , , , , , , , , , 
4.3309038, -0.0219883, , , , , , , 4.3309038, 0.0344091, , , , , , , 4.3309038, -0.1519036, , , , , , , 4.3309038, 0.0072175, , , , , , , , , , , , , , , , , , , , , , , , , , , , 
4.3314231, -0.0293736, , , , , , , 4.3314231, 0.026688, , , , , , , 4.3314231, -0.1488823, , , , , , , 4.3314231, 0.0112459, , , , , , , , , , , , , , , , , , , , , , , , , , , , 
4.3319423, -0.0359197, , , , , , , 4.3319423, 0.0186313, , , , , , , 4.3319423, -0.1418326, , , , , , , 4.3319423, 0.0162814, , , , , , , , , , , , , , , , , , , , , , , , , , , , 
4.3324615, -0.0379339, , , , , , , 4.3324615, 0.0105745, , , , , , , 4.3324615, -0.1240406, , , , , , , 4.3324615, 0.0172885, , , , , , , , , , , , , , , , , , , , , , , , , , , , 
4.3329808, -0.0310521, , , , , , , 4.3329808, 0.0025177, , , , , , , 4.3329808, -0.0988632, , , , , , , 4.3329808, 0.0140993, , , , , , , , , , , , , , , , , , , , , , , , , , , , 
4.3335, -0.0203098, , , , , , , 4.3335, -0.0041962, , , , , , , 4.3335, -0.0746929, , , , , , , 4.3335, 0.0119173, , , , , , , , , , , , , , , , , , , , , , , , , , , , 
4.3340192, -0.0137636, , , , , , , 4.3340192, -0.0139315, , , , , , , 4.3340192, -0.0495155, , , , , , , 4.3340192, 0.0129244, , , , , , , , , , , , , , , , , , , , , , , , , , , , 
4.3345385, -0.0085603, , , , , , , 4.3345385, -0.0209812, , , , , , , 4.3345385, -0.0216526, , , , , , , 4.3345385, 0.0169528, , , , , , , , , , , , , , , , , , , , , , , , , , , , 
4.3350577, -0.0065461, , , , , , , 4.3350577, -0.01561, , , , , , , 4.3350577, 0.0062104, , , , , , , 4.3350577, 0.0199741, , , , , , , , , , , , , , , , , , , , , , , , , , , , 
4.3355769, -0.0045319, , , , , , , 4.3355769, 0.0011749, , , , , , , 4.3355769, 0.0313878, , , , , , , 4.3355769, 0.0199741, , , , , , , , , , , , , , , , , , , , , , , , , , , , 
4.3360962, -0.0001678, , , , , , , 4.3360962, 0.0162814, , , , , , , 4.3360962, 0.0459907, , , , , , , 4.3360962, 0.0196384, , , , , , , , , , , , , , , , , , , , , , , , , , , , 
4.3366154, 0.0031891, , , , , , , 4.3366154, 0.0206455, , , , , , , 4.3366154, 0.0508583, , , , , , , 4.3366154, 0.0193027, , , , , , , , , , , , , , , , , , , , , , , , , , , , 
4.3371346, 0.0072175, , , , , , , 4.3371346, 0.01561, , , , , , , 4.3371346, 0.054551, , , , , , , 4.3371346, 0.0166171, , , , , , , , , , , , , , , , , , , , , , , , , , , , 
4.3376538, 0.0097353, , , , , , , 4.3376538, 0.0052033, , , , , , , 4.3376538, 0.061265, , , , , , , 4.3376538, 0.0119173, , , , , , , , , , , , , , , , , , , , , , , , , , , , 
4.3381731, 0.0105745, , , , , , , 4.3381731, -0.0041962, , , , , , , 4.3381731, 0.0730144, , , , , , , 4.3381731, 0.0058747, , , , , , , , , , , , , , , , , , , , , , , , , , , , 
4.3386923, 0.0146029, , , , , , , 4.3386923, -0.0082246, , , , , , , 4.3386923, 0.082414, , , , , , , 4.3386923, 0.0031891, , , , , , , , , , , , , , , , , , , , , , , , , , , , 
4.3392115, 0.0240024, , , , , , , 4.3392115, -0.005539, , , , , , , 4.3392115, 0.0777142, , , , , , , 4.3392115, 0.0052033, , , , , , , , , , , , , , , , , , , , , , , , , , , , 
4.3397308, 0.0293736, , , , , , , 4.3397308, -0.0058747, , , , , , , 4.3397308, 0.0621042, , , , , , , 4.3397308, 0.0099031, , , , , , , , , , , , , , , , , , , , , , , , , , , , 
4.34025, 0.0290379, , , , , , , 4.34025, -0.0115816, , , , , , , 4.34025, 0.0501869, , , , , , , 4.34025, 0.0152743, , , , , , , , , , , , , , , , , , , , , , , , , , , , 
4.3407692, 0.0265202, , , , , , , 4.3407692, -0.0031891, , , , , , , 4.3407692, 0.0485084, , , , , , , 4.3407692, 0.0209812, , , , , , , , , , , , , , , , , , , , , , , , , , , , 
4.3412885, 0.0231632, , , , , , , 4.3412885, 0.0216526, , , , , , , 4.3412885, 0.0535439, , , , , , , 4.3412885, 0.0253452, , , , , , , , , , , , , , , , , , , , , , , , , , , , 
4.3418077, 0.0172885, , , , , , , 4.3418077, 0.0518654, , , , , , , 4.3418077, 0.0562295, , , , , , , 4.3418077, 0.0240024, , , , , , , , , , , , , , , , , , , , , , , , , , , , 
4.3423269, 0.0182956, , , , , , , 4.3423269, 0.0802319, , , , , , , 4.3423269, 0.0495155, , , , , , , 4.3423269, 0.0206455, , , , , , , , , , , , , , , , , , , , , , , , , , , , 
4.3428462, 0.0313878, , , , , , , 4.3428462, 0.1065843, , , , , , , 4.3428462, 0.0379339, , , , , , , 4.3428462, 0.0186313, , , , , , , , , , , , , , , , , , , , , , , , , , , , 
4.3433654, 0.0459907, , , , , , , 4.3433654, 0.1129625, , , , , , , 4.3433654, 0.0270237, , , , , , , 4.3433654, 0.01561, , , , , , , , , , , , , , , , , , , , , , , , , , , , 
4.3438846, 0.0548867, , , , , , , 4.3438846, 0.0803998, , , , , , , 4.3438846, 0.0176242, , , , , , , 4.3438846, 0.0114137, , , , , , , , , , , , , , , , , , , , , , , , , , , , 
4.3444038, 0.0574044, , , , , , , 4.3444038, 0.0219883, , , , , , , 4.3444038, 0.0045319, , , , , , , 4.3444038, 0.0048676, , , , , , , , , , , , , , , , , , , , , , , , , , , , 
4.3449231, 0.0595865, , , , , , , 4.3449231, -0.0377661, , , , , , , 4.3449231, -0.0115816, , , , , , , 4.3449231, -0.0016785, , , , , , , , , , , , , , , , , , , , , , , , , , , , 
4.3454423, 0.0632792, , , , , , , 4.3454423, -0.0793927, , , , , , , 4.3454423, -0.0219883, , , , , , , 4.3454423, -0.0075532, , , , , , , , , , , , , , , , , , , , , , , , , , , , 
4.3459615, 0.0626078, , , , , , , 4.3459615, -0.0887922, , , , , , , 4.3459615, -0.0216526, , , , , , , 4.3459615, -0.0112459, , , , , , , , , , , , , , , , , , , , , , , , , , , , 
4.3464808, 0.0548867, , , , , , , 4.3464808, -0.0763714, , , , , , , 4.3464808, -0.0209812, , , , , , , 4.3464808, -0.012253, , , , , , , , , , , , , , , , , , , , , , , , , , , , 
4.347, 0.0481727, , , , , , , 4.347, -0.0592508, , , , , , , 4.347, -0.0297093, , , , , , , 4.347, -0.0109102, , , , , , , , , , , , , , , , , , , , , , , , , , , , 
4.3475192, 0.0404517, , , , , , , 4.3475192, -0.0370947, , , , , , , 4.3475192, -0.04448, , , , , , , 4.3475192, -0.0050355, , , , , , , , , , , , , , , , , , , , , , , , , , , , 
4.3480385, 0.0290379, , , , , , , 4.3480385, -0.0038605, , , , , , , 4.3480385, -0.06009, , , , , , , 4.3480385, 0.0011749, , , , , , , , , , , , , , , , , , , , , , , , , , , , 
4.3485577, 0.0199741, , , , , , , 4.3485577, 0.0209812, , , , , , , 4.3485577, -0.0716716, , , , , , , 4.3485577, 0.0057069, , , , , , , , , , , , , , , , , , , , , , , , , , , , 
4.3490769, 0.0085603, , , , , , , 4.3490769, 0.0172885, , , , , , , 4.3490769, -0.0772107, , , , , , , 4.3490769, 0.0146029, , , , , , , , , , , , , , , , , , , , , , , , , , , , 
4.3495962, -0.0062104, , , , , , , 4.3495962, 0.0018463, , , , , , , 4.3495962, -0.0750286, , , , , , , 4.3495962, 0.0240024, , , , , , , , , , , , , , , , , , , , , , , , , , , , 
4.3501154, -0.0162814, , , , , , , 4.3501154, -0.0072175, , , , , , , 4.3501154, -0.0651255, , , , , , , 4.3501154, 0.0280308, , , , , , , , , , , , , , , , , , , , , , , , , , , , 
4.3506346, -0.0229953, , , , , , , 4.3506346, -0.0085603, , , , , , , 4.3506346, -0.0525368, , , , , , , 4.3506346, 0.0276951, , , , , , , , , , , , , , , , , , , , , , , , , , , , 
4.3511538, -0.0303807, , , , , , , 4.3511538, -0.0085603, , , , , , , 4.3511538, -0.0433051, , , , , , , 4.3511538, 0.0240024, , , , , , , , , , , , , , , , , , , , , , , , , , , , 
4.3516731, -0.0394446, , , , , , , 4.3516731, -0.0125887, , , , , , , 4.3516731, -0.0384375, , , , , , , 4.3516731, 0.021149, , , , , , , , , , , , , , , , , , , , , , , , , , , , 
4.3521923, -0.0464942, , , , , , , 4.3521923, -0.0253452, , , , , , , 4.3521923, -0.0330663, , , , , , , 4.3521923, 0.0213169, , , , , , , , , , , , , , , , , , , , , , , , , , , , 
4.3527115, -0.0464942, , , , , , , 4.3527115, -0.047837, , , , , , , 4.3527115, -0.0236667, , , , , , , 4.3527115, 0.0229953, , , , , , , , , , , , , , , , , , , , , , , , , , , , 
4.3532308, -0.0399481, , , , , , , 4.3532308, -0.0619364, , , , , , , 4.3532308, -0.0102388, , , , , , , 4.3532308, 0.0229953, , , , , , , , , , , , , , , , , , , , , , , , , , , , 
4.35375, -0.0323949, , , , , , , 4.35375, -0.0565652, , , , , , , 4.35375, 0.0018463, , , , , , , 4.35375, 0.0226596, , , , , , , , , , , , , , , , , , , , , , , , , , , , 
4.3542692, -0.0219883, , , , , , , 4.3542692, -0.0495155, , , , , , , 4.3542692, 0.01561, , , , , , , 4.3542692, 0.0226596, , , , , , , , , , , , , , , , , , , , , , , , , , , , 
4.3547885, -0.0075532, , , , , , , 4.3547885, -0.0486763, , , , , , , 4.3547885, 0.0292058, , , , , , , 4.3547885, 0.0209812, , , , , , , , , , , , , , , , , , , , , , , , , , , , 
4.3553077, 0.0011749, , , , , , , 4.3553077, -0.0391089, , , , , , , 4.3553077, 0.0347448, , , , , , , 4.3553077, 0.0186313, , , , , , , , , , , , , , , , , , , , , , , , , , , , 
4.3558269, 0.005539, , , , , , , 4.3558269, -0.0139315, , , , , , , 4.3558269, 0.033402, , , , , , , 4.3558269, 0.0167849, , , , , , , , , , , , , , , , , , , , , , , , , , , , 
4.3563462, 0.0097353, , , , , , , 4.3563462, 0.0166171, , , , , , , 4.3563462, 0.0307164, , , , , , , 4.3563462, 0.0152743, , , , , , , , , , , , , , , , , , , , , , , , , , , , 
4.3568654, 0.0139315, , , , , , , 4.3568654, 0.0320592, , , , , , , 4.3568654, 0.0307164, , , , , , , 4.3568654, 0.0132601, , , , , , , , , , , , , , , , , , , , , , , , , , , , 
4.3573846, 0.0125887, , , , , , , 4.3573846, 0.0327306, , , , , , , 4.3573846, 0.0340734, , , , , , , 4.3573846, 0.0112459, , , , , , , , , , , , , , , , , , , , , , , , , , , , 
4.3579038, 0.0105745, , , , , , , 4.3579038, 0.0528725, , , , , , , 4.3579038, 0.0344091, , , , , , , 4.3579038, 0.0078889, , , , , , , , , , , , , , , , , , , , , , , , , , , , 
4.3584231, 0.0139315, , , , , , , 4.3584231, 0.0871138, , , , , , , 4.3584231, 0.0320592, , , , , , , 4.3584231, 0.0057069, , , , , , , , , , , , , , , , , , , , , , , , , , , , 
4.3589423, 0.0159457, , , , , , , 4.3589423, 0.0975204, , , , , , , 4.3589423, 0.0246738, , , , , , , 4.3589423, 0.0063783, , , , , , , , , , , , , , , , , , , , , , , , , , , , 
4.3594615, 0.0166171, , , , , , , 4.3594615, 0.0876173, , , , , , , 4.3594615, 0.0159457, , , , , , , 4.3594615, 0.0065461, , , , , , , , , , , , , , , , , , , , , , , , , , , , 
4.3599808, 0.0209812, , , , , , , 4.3599808, 0.0884565, , , , , , , 4.3599808, 0.0078889, , , , , , , 4.3599808, 0.0052033, , , , , , , , , , , , , , , , , , , , , , , , , , , , 
4.3605, 0.0261845, , , , , , , 4.3605, 0.0777142, , , , , , , 4.3605, 0.0011749, , , , , , , 4.3605, 0.0063783, , , , , , , , , , , , , , , , , , , , , , , , , , , , 
4.3610192, 0.0280308, , , , , , , 4.3610192, 0.0330663, , , , , , , 4.3610192, -0.0058747, , , , , , , 4.3610192, 0.0109102, , , , , , , , , , , , , , , , , , , , , , , , , , , , 
4.3615385, 0.0263523, , , , , , , 4.3615385, -0.0229953, , , , , , , 4.3615385, -0.0132601, , , , , , , 4.3615385, 0.0179599, , , , , , , , , , , , , , , , , , , , , , , , , , , , 
4.3620577, 0.0273594, , , , , , , 4.3620577, -0.0632792, , , , , , , 4.3620577, -0.0203098, , , , , , , 4.3620577, 0.018967, , , , , , , , , , , , , , , , , , , , , , , , , , , , 
4.3625769, 0.0360876, , , , , , , 4.3625769, -0.0837568, , , , , , , 4.3625769, -0.023331, , , , , , , 4.3625769, 0.0186313, , , , , , , , , , , , , , , , , , , , , , , , , , , , 
4.3630962, 0.047837, , , , , , , 4.3630962, -0.0928206, , , , , , , 4.3630962, -0.0206455, , , , , , , 4.3630962, 0.0182956, , , , , , , , , , , , , , , , , , , , , , , , , , , , 
4.3636154, 0.0565652, , , , , , , 4.3636154, -0.1027237, , , , , , , 4.3636154, -0.0129244, , , , , , , 4.3636154, 0.0169528, , , , , , , , , , , , , , , , , , , , , , , , , , , , 
4.3641346, 0.0616007, , , , , , , 4.3641346, -0.139147, , , , , , , 4.3641346, -0.0005035, , , , , , , 4.3641346, 0.01561, , , , , , , , , , , , , , , , , , , , , , , , , , , , 
4.3646538, 0.0609293, , , , , , , 4.3646538, -0.1898375, , , , , , , 4.3646538, 0.0149386, , , , , , , 4.3646538, 0.0129244, , , , , , , , , , , , , , , , , , , , , , , , , , , , 
4.3651731, 0.0589151, , , , , , , 4.3651731, -0.188159, , , , , , , 4.3651731, 0.0248417, , , , , , , 4.3651731, 0.0092317, , , , , , , , , , , , , , , , , , , , , , , , , , , , 
4.3656923, 0.0616007, , , , , , , 4.3656923, -0.1285725, , , , , , , 4.3656923, 0.0260166, , , , , , , 4.3656923, 0.0075532, , , , , , , , , , , , , , , , , , , , , , , , , , , , 
4.3662115, 0.0609293, , , , , , , 4.3662115, -0.0679789, , , , , , , 4.3662115, 0.0246738, , , , , , , 4.3662115, 0.0097353, , , , , , , , , , , , , , , , , , , , , , , , , , , , 
4.3667308, 0.0475013, , , , , , , 4.3667308, -0.0236667, , , , , , , 4.3667308, 0.0271916, , , , , , , 4.3667308, 0.012253, , , , , , , , , , , , , , , , , , , , , , , , , , , , 
4.36725, 0.0340734, , , , , , , 4.36725, 0.0057069, , , , , , , 4.36725, 0.0357519, , , , , , , 4.36725, 0.0132601, , , , , , , , , , , , , , , , , , , , , , , , , , , , 
4.3677692, 0.0240024, , , , , , , 4.3677692, 0.0218204, , , , , , , 4.3677692, 0.04448, , , , , , , 4.3677692, 0.0139315, , , , , , , , , , , , , , , , , , , , , , , , , , , , 
4.3682885, 0.0181277, , , , , , , 4.3682885, 0.0302129, , , , , , , 4.3682885, 0.0491798, , , , , , , 4.3682885, 0.0172885, , , , , , , , , , , , , , , , , , , , , , , , , , , , 
4.3688077, 0.0075532, , , , , , , 4.3688077, 0.0394446, , , , , , , 4.3688077, 0.0446479, , , , , , , 4.3688077, 0.0226596, , , , , , , , , , , , , , , , , , , , , , , , , , , , 
4.3693269, -0.0070497, , , , , , , 4.3693269, 0.0488441, , , , , , , 4.3693269, 0.0280308, , , , , , , 4.3693269, 0.0276951, , , , , , , , , , , , , , , , , , , , , , , , , , , , 
4.3698462, -0.0226596, , , , , , , 4.3698462, 0.0562295, , , , , , , 4.3698462, 0.0077211, , , , , , , 4.3698462, 0.0293736, , , , , , , , , , , , , , , , , , , , , , , , , , , , 
4.3703654, -0.0345769, , , , , , , 4.3703654, 0.0548867, , , , , , , 4.3703654, -0.0115816, , , , , , , 4.3703654, 0.0287022, , , , , , , , , , , , , , , , , , , , , , , , , , , , 
4.3708846, -0.043473, , , , , , , 4.3708846, 0.0290379, , , , , , , 4.3708846, -0.0246738, , , , , , , 4.3708846, 0.0253452, , , , , , , , , , , , , , , , , , , , , , , , , , , , 
4.3714038, -0.0495155, , , , , , , 4.3714038, -0.0290379, , , , , , , 4.3714038, -0.0287022, , , , , , , 4.3714038, 0.0196384, , , , , , , , , , , , , , , , , , , , , , , , , , , , 
4.3719231, -0.0540475, , , , , , , 4.3719231, -0.0793927, , , , , , , 4.3719231, -0.0263523, , , , , , , 4.3719231, 0.0159457, , , , , , , , , , , , , , , , , , , , , , , , , , , , 
4.3724423, -0.057908, , , , , , , 4.3724423, -0.0810712, , , , , , , 4.3724423, -0.0263523, , , , , , , 4.3724423, 0.0130922, , , , , , , , , , , , , , , , , , , , , , , , , , , , 
4.3729615, -0.0518654, , , , , , , 4.3729615, -0.0323949, , , , , , , 4.3729615, -0.0229953, , , , , , , 4.3729615, 0.0065461, , , , , , , , , , , , , , , , , , , , , , , , , , , , 
4.3734808, -0.0340734, , , , , , , 4.3734808, 0.0486763, , , , , , , 4.3734808, -0.0182956, , , , , , , 4.3734808, -0.0015106, , , , , , , , , , , , , , , , , , , , , , , , , , , , 
4.374, -0.0162814, , , , , , , 4.374, 0.1277333, , , , , , , 4.374, -0.0119173, , , , , , , 4.374, -0.0057069, , , , , , , , , , , , , , , , , , , , , , , , , , , , 
4.3745192, -0.0065461, , , , , , , 4.3745192, 0.1661707, , , , , , , 4.3745192, -0.0068818, , , , , , , 4.3745192, -0.0041962, , , , , , , , , , , , , , , , , , , , , , , , , , , , 
4.3750385, 0.0011749, , , , , , , 4.3750385, 0.1539178, , , , , , , 4.3750385, -0.0078889, , , , , , , 4.3750385, 0.0016785, , , , , , , , , , , , , , , , , , , , , , , , , , , , 
4.3755577, 0.0085603, , , , , , , 4.3755577, 0.105745, , , , , , , 4.3755577, -0.0162814, , , , , , , 4.3755577, 0.0068818, , , , , , , , , , , , , , , , , , , , , , , , , , , , 
4.3760769, 0.0146029, , , , , , , 4.3760769, 0.0429694, , , , , , , 4.3760769, -0.0283665, , , , , , , 4.3760769, 0.0104067, , , , , , , , , , , , , , , , , , , , , , , , , , , , 
4.3765962, 0.0166171, , , , , , , 4.3765962, -0.008896, , , , , , , 4.3765962, -0.0391089, , , , , , , 4.3765962, 0.011078, , , , , , , , , , , , , , , , , , , , , , , , , , , , 
4.3771154, 0.0176242, , , , , , , 4.3771154, -0.0397803, , , , , , , 4.3771154, -0.0471656, , , , , , , 4.3771154, 0.0125887, , , , , , , , , , , , , , , , , , , , , , , , , , , , 
4.3776346, 0.0243381, , , , , , , 4.3776346, -0.0448157, , , , , , , 4.3776346, -0.0585794, , , , , , , 4.3776346, 0.0196384, , , , , , , , , , , , , , , , , , , , , , , , , , , , 
4.3781538, 0.0307164, , , , , , , 4.3781538, -0.033402, , , , , , , 4.3781538, -0.0773785, , , , , , , 4.3781538, 0.026688, , , , , , , , , , , , , , , , , , , , , , , , , , , , 
4.3786731, 0.0344091, , , , , , , 4.3786731, -0.0298772, , , , , , , 4.3786731, -0.0961776, , , , , , , 4.3786731, 0.030045, , , , , , , , , , , , , , , , , , , , , , , , , , , , 
4.3791923, 0.0313878, , , , , , , 4.3791923, -0.0498512, , , , , , , 4.3791923, -0.1040665, , , , , , , 4.3791923, 0.0317235, , , , , , , , , , , , , , , , , , , , , , , , , , , , 
4.3797115, 0.0226596, , , , , , , 4.3797115, -0.1005417, , , , , , , 4.3797115, -0.1028916, , , , , , , 4.3797115, 0.0310521, , , , , , , , , , , , , , , , , , , , , , , , , , , , 
4.3802308, 0.0132601, , , , , , , 4.3802308, -0.1421683, , , , , , , 4.3802308, -0.0928206, , , , , , , 4.3802308, 0.0263523, , , , , , , , , , , , , , , , , , , , , , , , , , , , 
4.38075, 0.0090639, , , , , , , 4.38075, -0.1331044, , , , , , , 4.38075, -0.0746929, , , , , , , 4.38075, 0.0218204, , , , , , , , , , , , , , , , , , , , , , , , , , , , 
4.3812692, 0.0105745, , , , , , , 4.3812692, -0.0891279, , , , , , , 4.3812692, -0.0505226, , , , , , , 4.3812692, 0.0199741, , , , , , , , , , , , , , , , , , , , , , , , , , , , 
4.3817885, 0.01561, , , , , , , 4.3817885, -0.0471656, , , , , , , 4.3817885, -0.0297093, , , , , , , 4.3817885, 0.0176242, , , , , , , , , , , , , , , , , , , , , , , , , , , , 
4.3823077, 0.0182956, , , , , , , 4.3823077, -0.0204776, , , , , , , 4.3823077, -0.0142672, , , , , , , 4.3823077, 0.0129244, , , , , , , , , , , , , , , , , , , , , , , , , , , , 
4.3828269, 0.0253452, , , , , , , 4.3828269, -0.0109102, , , , , , , 4.3828269, -0.0038605, , , , , , , 4.3828269, 0.0072175, , , , , , , , , , , , , , , , , , , , , , , , , , , , 
4.3833462, 0.0394446, , , , , , , 4.3833462, -0.0146029, , , , , , , 4.3833462, 0.0085603, , , , , , , 4.3833462, 0.0025177, , , , , , , , , , , , , , , , , , , , , , , , , , , , 
4.3838654, 0.054551, , , , , , , 4.3838654, -0.0199741, , , , , , , 4.3838654, 0.0260166, , , , , , , 4.3838654, -0.0006714, , , , , , , , , , , , , , , , , , , , , , , , , , , , 
4.3843846, 0.0656291, , , , , , , 4.3843846, -0.0310521, , , , , , , 4.3843846, 0.040116, , , , , , , 4.3843846, -0.0035248, , , , , , , , , , , , , , , , , , , , , , , , , , , , 
4.3849038, 0.068986, , , , , , , 4.3849038, -0.0471656, , , , , , , 4.3849038, 0.0515297, , , , , , , 4.3849038, -0.0062104, , , , , , , , , , , , , , , , , , , , , , , , , , , , 
4.3854231, 0.0699931, , , , , , , 4.3854231, -0.0651255, , , , , , , 4.3854231, 0.0616007, , , , , , , 4.3854231, -0.0065461, , , , , , , , , , , , , , , , , , , , , , , , , , , , 
4.3859423, 0.0688182, , , , , , , 4.3859423, -0.0740215, , , , , , , 4.3859423, 0.0673075, , , , , , , 4.3859423, -0.0052033, , , , , , , , , , , , , , , , , , , , , , , , , , , , 
4.3864615, 0.0622721, , , , , , , 4.3864615, -0.0676432, , , , , , , 4.3864615, 0.0636149, , , , , , , 4.3864615, -0.002182, , , , , , , , , , , , , , , , , , , , , , , , , , , , 
4.3869808, 0.0495155, , , , , , , 4.3869808, -0.0431373, , , , , , , 4.3869808, 0.0501869, , , , , , , 4.3869808, 0.0005035, , , , , , , , , , , , , , , , , , , , , , , , , , , , 
4.3875, 0.0374304, , , , , , , 4.3875, -0.0082246, , , , , , , 4.3875, 0.0379339, , , , , , , 4.3875, 0.0025177, , , , , , , , , , , , , , , , , , , , , , , , , , , , 
4.3880192, 0.0293736, , , , , , , 4.3880192, 0.0181277, , , , , , , 4.3880192, 0.027863, , , , , , , 4.3880192, 0.0031891, , , , , , , , , , , , , , , , , , , , , , , , , , , , 
4.3885385, 0.0209812, , , , , , , 4.3885385, 0.0283665, , , , , , , 4.3885385, 0.0199741, , , , , , , 4.3885385, 0.0035248, , , , , , , , , , , , , , , , , , , , , , , , , , , , 
4.3890577, 0.0062104, , , , , , , 4.3890577, 0.0347448, , , , , , , 4.3890577, 0.0097353, , , , , , , 4.3890577, 0.0038605, , , , , , , , , , , , , , , , , , , , , , , , , , , , 
4.3895769, -0.008896, , , , , , , 4.3895769, 0.0454871, , , , , , , 4.3895769, -0.0041962, , , , , , , 4.3895769, 0.0038605, , , , , , , , , , , , , , , , , , , , , , , , , , , , 
4.3900962, -0.0172885, , , , , , , 4.3900962, 0.0387732, , , , , , , 4.3900962, -0.0152743, , , , , , , 4.3900962, 0.0052033, , , , , , , , , , , , , , , , , , , , , , , , , , , , 
4.3906154, -0.0226596, , , , , , , 4.3906154, 0.0099031, , , , , , , 4.3906154, -0.0199741, , , , , , , 4.3906154, 0.008896, , , , , , , , , , , , , , , , , , , , , , , , , , , , 
4.3911346, -0.0270237, , , , , , , 4.3911346, -0.0243381, , , , , , , 4.3911346, -0.0246738, , , , , , , 4.3911346, 0.0112459, , , , , , , , , , , , , , , , , , , , , , , , , , , , 
4.3916538, -0.0317235, , , , , , , 4.3916538, -0.0438087, , , , , , , 4.3916538, -0.0313878, , , , , , , 4.3916538, 0.0149386, , , , , , , , , , , , , , , , , , , , , , , , , , , , 
4.3921731, -0.0347448, , , , , , , 4.3921731, -0.051194, , , , , , , 4.3921731, -0.0404517, , , , , , , 4.3921731, 0.0162814, , , , , , , , , , , , , , , , , , , , , , , , , , , , 
4.3926923, -0.035584, , , , , , , 4.3926923, -0.0481727, , , , , , , 4.3926923, -0.0565652, , , , , , , 4.3926923, 0.0139315, , , , , , , , , , , , , , , , , , , , , , , , , , , , 
4.3932115, -0.0298772, , , , , , , 4.3932115, -0.0256809, , , , , , , 4.3932115, -0.0733501, , , , , , , 4.3932115, 0.0112459, , , , , , , , , , , , , , , , , , , , , , , , , , , , 
4.3937308, -0.0172885, , , , , , , 4.3937308, 0.0048676, , , , , , , 4.3937308, -0.0827497, , , , , , , 4.3937308, 0.0105745, , , , , , , , , , , , , , , , , , , , , , , , , , , , 
4.39425, -0.0062104, , , , , , , 4.39425, 0.0263523, , , , , , , 4.39425, -0.0814069, , , , , , , 4.39425, 0.0112459, , , , , , , , , , , , , , , , , , , , , , , , , , , , 
4.3947692, -0.002182, , , , , , , 4.3947692, 0.03122, , , , , , , 4.3947692, -0.0686503, , , , , , , 4.3947692, 0.0129244, , , , , , , , , , , , , , , , , , , , , , , , , , , , 
4.3952885, 0.0003357, , , , , , , 4.3952885, 0.0340734, , , , , , , 4.3952885, -0.0508583, , , , , , , 4.3952885, 0.0179599, , , , , , , , , , , , , , , , , , , , , , , , , , , , 
4.3958077, 0.0003357, , , , , , , 4.3958077, 0.0528725, , , , , , , 4.3958077, -0.0364233, , , , , , , 4.3958077, 0.0213169, , , , , , , , , , , , , , , , , , , , , , , , , , , , 
4.3963269, 0.0011749, , , , , , , 4.3963269, 0.0710002, , , , , , , 4.3963269, -0.0250095, , , , , , , 4.3963269, 0.0193027, , , , , , , , , , , , , , , , , , , , , , , , , , , , 
4.3968462, 0.0065461, , , , , , , 4.3968462, 0.0663005, , , , , , , 4.3968462, -0.01561, , , , , , , 4.3968462, 0.0179599, , , , , , , , , , , , , , , , , , , , , , , , , , , , 
4.3973654, 0.0085603, , , , , , , 4.3973654, 0.0481727, , , , , , , 4.3973654, -0.0142672, , , , , , , 4.3973654, 0.0226596, , , , , , , , , , , , , , , , , , , , , , , , , , , , 
4.3978846, 0.0058747, , , , , , , 4.3978846, 0.0424659, , , , , , , 4.3978846, -0.0209812, , , , , , , 4.3978846, 0.0297093, , , , , , , , , , , , , , , , , , , , , , , , , , , , 
4.3984038, 0.0016785, , , , , , , 4.3984038, 0.0555581, , , , , , , 4.3984038, -0.0256809, , , , , , , 4.3984038, 0.0377661, , , , , , , , , , , , , , , , , , , , , , , , , , , , 
4.3989231, -0.0018463, , , , , , , 4.3989231, 0.0595865, , , , , , , 4.3989231, -0.0196384, , , , , , , 4.3989231, 0.0454871, , , , , , , , , , , , , , , , , , , , , , , , , , , , 
4.3994423, -0.0028534, , , , , , , 4.3994423, 0.0428016, , , , , , , 4.3994423, -0.0052033, , , , , , , 4.3994423, 0.0468299, , , , , , , , , , , , , , , , , , , , , , , , , , , , 
4.3999615, -0.0011749, , , , , , , 4.3999615, 0.0191348, , , , , , , 4.3999615, 0.0137636, , , , , , , 4.3999615, 0.0431373, , , , , , , , , , , , , , , , , , , , , , , , , , , , 
4.4004808, 0.0045319, , , , , , , 4.4004808, -0.0050355, , , , , , , 4.4004808, 0.0320592, , , , , , , 4.4004808, 0.0357519, , , , , , , , , , , , , , , , , , , , , , , , , , , , 
4.401, 0.0119173, , , , , , , 4.401, -0.0260166, , , , , , , 4.401, 0.0488441, , , , , , , 4.401, 0.0280308, , , , , , , , , , , , , , , , , , , , , , , , , , , , 
4.4015192, 0.0152743, , , , , , , 4.4015192, -0.0354162, , , , , , , 4.4015192, 0.0616007, , , , , , , 4.4015192, 0.021149, , , , , , , , , , , , , , , , , , , , , , , , , , , , 
4.4020385, 0.0159457, , , , , , , 4.4020385, -0.036759, , , , , , , 4.4020385, 0.0683146, , , , , , , 4.4020385, 0.0129244, , , , , , , , , , , , , , , , , , , , , , , , , , , , 
4.4025577, 0.0206455, , , , , , , 4.4025577, -0.0337377, , , , , , , 4.4025577, 0.0681468, , , , , , , 4.4025577, 0.0035248, , , , , , , , , , , , , , , , , , , , , , , , , , , , 
4.4030769, 0.0360876, , , , , , , 4.4030769, -0.0280308, , , , , , , 4.4030769, 0.0636149, , , , , , , 4.4030769, -0.0075532, , , , , , , , , , , , , , , , , , , , , , , , , , , , 
4.4035962, 0.0515297, , , , , , , 4.4035962, -0.0229953, , , , , , , 4.4035962, 0.0558938, , , , , , , 4.4035962, -0.01561, , , , , , , , , , , , , , , , , , , , , , , , , , , , 
4.4041154, 0.0589151, , , , , , , 4.4041154, -0.0162814, , , , , , , 4.4041154, 0.0414588, , , , , , , 4.4041154, -0.0186313, , , , , , , , , , , , , , , , , , , , , , , , , , , , 
4.4046346, 0.0636149, , , , , , , 4.4046346, -0.0112459, , , , , , , 4.4046346, 0.0182956, , , , , , , 4.4046346, -0.0191348, , , , , , , , , , , , , , , , , , , , , , , , , , , , 
4.4051538, 0.0686503, , , , , , , 4.4051538, -0.0095674, , , , , , , 4.4051538, -0.0109102, , , , , , , 4.4051538, -0.0196384, , , , , , , , , , , , , , , , , , , , , , , , , , , , 
4.4056731, 0.0730144, , , , , , , 4.4056731, -0.0109102, , , , , , , 4.4056731, -0.0394446, , , , , , , 4.4056731, -0.0206455, , , , , , , , , , , , , , , , , , , , , , , , , , , , 
4.4061923, 0.0706645, , , , , , , 4.4061923, -0.0115816, , , , , , , 4.4061923, -0.0599222, , , , , , , 4.4061923, -0.0193027, , , , , , , , , , , , , , , , , , , , , , , , , , , , 
4.4067115, 0.0619364, , , , , , , 4.4067115, -0.0119173, , , , , , , 4.4067115, -0.0706645, , , , , , , 4.4067115, -0.0152743, , , , , , , , , , , , , , , , , , , , , , , , , , , , 
4.4072308, 0.0520333, , , , , , , 4.4072308, -0.0152743, , , , , , , 4.4072308, -0.0713359, , , , , , , 4.4072308, -0.0115816, , , , , , , , , , , , , , , , , , , , , , , , , , , , 
4.40775, 0.0419623, , , , , , , 4.40775, -0.017792, , , , , , , 4.40775, -0.057908, , , , , , , 4.40775, -0.0082246, , , , , , , , , , , , , , , , , , , , , , , , , , , , 
4.4082692, 0.0370947, , , , , , , 4.4082692, -0.0117494, , , , , , , 4.4082692, -0.0394446, , , , , , , 4.4082692, -0.0028534, , , , , , , , , , , , , , , , , , , , , , , , , , , , 
4.4087885, 0.0297093, , , , , , , 4.4087885, 0.0011749, , , , , , , 4.4087885, -0.0246738, , , , , , , 4.4087885, 0.0070497, , , , , , , , , , , , , , , , , , , , , , , , , , , , 
4.4093077, 0.0090639, , , , , , , 4.4093077, 0.01561, , , , , , , 4.4093077, -0.0135958, , , , , , , 4.4093077, 0.0159457, , , , , , , , , , , , , , , , , , , , , , , , , , , , 
4.4098269, -0.0072175, , , , , , , 4.4098269, 0.023331, , , , , , , 4.4098269, -0.0001678, , , , , , , 4.4098269, 0.0248417, , , , , , , , , , , , , , , , , , , , , , , , , , , , 
4.4103462, -0.0142672, , , , , , , 4.4103462, 0.0213169, , , , , , , 4.4103462, 0.0203098, , , , , , , 4.4103462, 0.0332341, , , , , , , , , , , , , , , , , , , , , , , , , , , , 
4.4108654, -0.0213169, , , , , , , 4.4108654, 0.0166171, , , , , , , 4.4108654, 0.0481727, , , , , , , 4.4108654, 0.0421302, , , , , , , , , , , , , , , , , , , , , , , , , , , , 
4.4113846, -0.0265202, , , , , , , 4.4113846, 0.0275273, , , , , , , 4.4113846, 0.0763714, , , , , , , 4.4113846, 0.0505226, , , , , , , , , , , , , , , , , , , , , , , , , , , , 
4.4119038, -0.0317235, , , , , , , 4.4119038, 0.0454871, , , , , , , 4.4119038, 0.0911421, , , , , , , 4.4119038, 0.0580758, , , , , , , , , , , , , , , , , , , , , , , , , , , , 
4.4124231, -0.0360876, , , , , , , 4.4124231, 0.0404517, , , , , , , 4.4124231, 0.0840925, , , , , , , 4.4124231, 0.0616007, , , , , , , , , , , , , , , , , , , , , , , , , , , , 
4.4129423, -0.0297093, , , , , , , 4.4129423, 0.0112459, , , , , , , 4.4129423, 0.0575723, , , , , , , 4.4129423, 0.0558938, , , , , , , , , , , , , , , , , , , , , , , , , , , , 
4.4134615, -0.01561, , , , , , , 4.4134615, -0.0176242, , , , , , , 4.4134615, 0.0162814, , , , , , , 4.4134615, 0.0414588, , , , , , , , , , , , , , , , , , , , , , , , , , , , 
4.4139808, -0.0015106, , , , , , , 4.4139808, -0.0320592, , , , , , , 4.4139808, -0.0285344, , , , , , , 4.4139808, 0.0293736, , , , , , , , , , , , , , , , , , , , , , , , , , , , 
4.4145, 0.0097353, , , , , , , 4.4145, -0.0292058, , , , , , , 4.4145, -0.0641184, , , , , , , 4.4145, 0.0226596, , , , , , , , , , , , , , , , , , , , , , , , , , , , 
4.4150192, 0.0159457, , , , , , , 4.4150192, -0.0073854, , , , , , , 4.4150192, -0.0803998, , , , , , , 4.4150192, 0.0149386, , , , , , , , , , , , , , , , , , , , , , , , , , , , 
4.4155385, 0.0226596, , , , , , , 4.4155385, 0.0119173, , , , , , , 4.4155385, -0.0840925, , , , , , , 4.4155385, 0.0078889, , , , , , , , , , , , , , , , , , , , , , , , , , , , 
4.4160577, 0.0250095, , , , , , , 4.4160577, 0.0043641, , , , , , , 4.4160577, -0.0874495, , , , , , , 4.4160577, 0.0038605, , , , , , , , , , , , , , , , , , , , , , , , , , , , 
4.4165769, 0.0199741, , , , , , , 4.4165769, -0.0109102, , , , , , , 4.4165769, -0.0887922, , , , , , , 4.4165769, 0.002182, , , , , , , , , , , , , , , , , , , , , , , , , , , , 
4.4170962, 0.0182956, , , , , , , 4.4170962, 0.0038605, , , , , , , 4.4170962, -0.0797284, , , , , , , 4.4170962, 0.0003357, , , , , , , , , , , , , , , , , , , , , , , , , , , , 
4.4176154, 0.0250095, , , , , , , 4.4176154, 0.0438087, , , , , , , 4.4176154, -0.0616007, , , , , , , 4.4176154, -0.0015106, , , , , , , , , , , , , , , , , , , , , , , , , , , , 
4.4181346, 0.0280308, , , , , , , 4.4181346, 0.06009, , , , , , , 4.4181346, -0.0419623, , , , , , , 4.4181346, -0.0005035, , , , , , , , , , , , , , , , , , , , , , , , , , , , 
4.4186538, 0.0280308, , , , , , , 4.4186538, 0.0313878, , , , , , , 4.4186538, -0.0216526, , , , , , , 4.4186538, 0.0011749, , , , , , , , , , , , , , , , , , , , , , , , , , , , 
4.4191731, 0.0297093, , , , , , , 4.4191731, -0.0169528, , , , , , , 4.4191731, -0.0030213, , , , , , , 4.4191731, 0.0045319, , , , , , , , , , , , , , , , , , , , , , , , , , , , 
4.4196923, 0.0271916, , , , , , , 4.4196923, -0.0464942, , , , , , , 4.4196923, 0.0125887, , , , , , , 4.4196923, 0.0072175, , , , , , , , , , , , , , , , , , , , , , , , , , , , 
4.4202115, 0.0226596, , , , , , , 4.4202115, -0.0480049, , , , , , , 4.4202115, 0.0253452, , , , , , , 4.4202115, 0.0072175, , , , , , , , , , , , , , , , , , , , , , , , , , , , 
4.4207308, 0.0218204, , , , , , , 4.4207308, -0.0384375, , , , , , , 4.4207308, 0.0318914, , , , , , , 4.4207308, 0.0052033, , , , , , , , , , , , , , , , , , , , , , , , , , , , 
4.42125, 0.023331, , , , , , , 4.42125, -0.0270237, , , , , , , 4.42125, 0.0287022, , , , , , , 4.42125, 0.002182, , , , , , , , , , , , , , , , , , , , , , , , , , , , 
4.4217692, 0.0253452, , , , , , , 4.4217692, -0.0102388, , , , , , , 4.4217692, 0.0171206, , , , , , , 4.4217692, -0.0001678, , , , , , , , , , , , , , , , , , , , , , , , , , , , 
4.4222885, 0.0287022, , , , , , , 4.4222885, 0.0001678, , , , , , , 4.4222885, 0.0046998, , , , , , , 4.4222885, -0.0001678, , , , , , , , , , , , , , , , , , , , , , , , , , , , 
4.4228077, 0.0280308, , , , , , , 4.4228077, -0.0112459, , , , , , , 4.4228077, -0.0011749, , , , , , , 4.4228077, -0.002182, , , , , , , , , , , , , , , , , , , , , , , , , , , , 
4.4233269, 0.0297093, , , , , , , 4.4233269, -0.0330663, , , , , , , 4.4233269, -0.0010071, , , , , , , 4.4233269, -0.0068818, , , , , , , , , , , , , , , , , , , , , , , , , , , , 
4.4238462, 0.0344091, , , , , , , 4.4238462, -0.0357519, , , , , , , 4.4238462, -0.0001678, , , , , , , 4.4238462, -0.012253, , , , , , , , , , , , , , , , , , , , , , , , , , , , 
4.4243654, 0.0407874, , , , , , , 4.4243654, -0.0196384, , , , , , , 4.4243654, -0.0035248, , , , , , , 4.4243654, -0.0129244, , , , , , , , , , , , , , , , , , , , , , , , , , , , 
4.4248846, 0.0468299, , , , , , , 4.4248846, 0.0005035, , , , , , , 4.4248846, -0.0075532, , , , , , , 4.4248846, -0.008896, , , , , , , , , , , , , , , , , , , , , , , , , , , , 
4.4254038, 0.0505226, , , , , , , 4.4254038, 0.0129244, , , , , , , 4.4254038, -0.0115816, , , , , , , 4.4254038, -0.0011749, , , , , , , , , , , , , , , , , , , , , , , , , , , , 
4.4259231, 0.0513619, , , , , , , 4.4259231, 0.0077211, , , , , , , 4.4259231, -0.0174563, , , , , , , 4.4259231, 0.0095674, , , , , , , , , , , , , , , , , , , , , , , , , , , , 
4.4264423, 0.0464942, , , , , , , 4.4264423, -0.0162814, , , , , , , 4.4264423, -0.0250095, , , , , , , 4.4264423, 0.0196384, , , , , , , , , , , , , , , , , , , , , , , , , , , , 
4.4269615, 0.0352483, , , , , , , 4.4269615, -0.0411231, , , , , , , 4.4269615, -0.0327306, , , , , , , 4.4269615, 0.026688, , , , , , , , , , , , , , , , , , , , , , , , , , , , 
4.4274808, 0.0243381, , , , , , , 4.4274808, -0.061265, , , , , , , 4.4274808, -0.0411231, , , , , , , 4.4274808, 0.026688, , , , , , , , , , , , , , , , , , , , , , , , , , , , 
4.428, 0.0169528, , , , , , , 4.428, -0.0924849, , , , , , , 4.428, -0.0475013, , , , , , , 4.428, 0.0253452, , , , , , , , , , , , , , , , , , , , , , , , , , , , 
4.4285192, 0.0085603, , , , , , , 4.4285192, -0.1050736, , , , , , , 4.4285192, -0.0506905, , , , , , , 4.4285192, 0.0253452, , , , , , , , , , , , , , , , , , , , , , , , , , , , 
4.4290385, -0.0003357, , , , , , , 4.4290385, -0.0770428, , , , , , , 4.4290385, -0.0498512, , , , , , , 4.4290385, 0.0287022, , , , , , , , , , , , , , , , , , , , , , , , , , , , 
4.4295577, -0.0125887, , , , , , , 4.4295577, -0.0475013, , , , , , , 4.4295577, -0.0491798, , , , , , , 4.4295577, 0.0305486, , , , , , , , , , , , , , , , , , , , , , , , , , , , 
4.4300769, -0.0256809, , , , , , , 4.4300769, -0.0370947, , , , , , , 4.4300769, -0.051194, , , , , , , 4.4300769, 0.0303807, , , , , , , , , , , , , , , , , , , , , , , , , , , , 
4.4305962, -0.0347448, , , , , , , 4.4305962, -0.0288701, , , , , , , 4.4305962, -0.0496834, , , , , , , 4.4305962, 0.030045, , , , , , , , , , , , , , , , , , , , , , , , , , , , 
4.4311154, -0.0381018, , , , , , , 4.4311154, -0.0276951, , , , , , , 4.4311154, -0.0419623, , , , , , , 4.4311154, 0.0287022, , , , , , , , , , , , , , , , , , , , , , , , , , , , 
4.4316346, -0.0411231, , , , , , , 4.4316346, -0.0357519, , , , , , , 4.4316346, -0.0263523, , , , , , , 4.4316346, 0.0283665, , , , , , , , , , , , , , , , , , , , , , , , , , , , 
4.4321538, -0.0473335, , , , , , , 4.4321538, -0.04448, , , , , , , 4.4321538, -0.0078889, , , , , , , 4.4321538, 0.026688, , , , , , , , , , , , , , , , , , , , , , , , , , , , 
4.4326731, -0.0468299, , , , , , , 4.4326731, -0.0414588, , , , , , , 4.4326731, 0.0105745, , , , , , , 4.4326731, 0.0260166, , , , , , , , , , , , , , , , , , , , , , , , , , , , 
4.4331923, -0.0370947, , , , , , , 4.4331923, -0.0251774, , , , , , , 4.4331923, 0.0263523, , , , , , , 4.4331923, 0.023331, , , , , , , , , , , , , , , , , , , , , , , , , , , , 
4.4337115, -0.0270237, , , , , , , 4.4337115, -0.012253, , , , , , , 4.4337115, 0.0354162, , , , , , , 4.4337115, 0.0164492, , , , , , , , , , , , , , , , , , , , , , , , , , , , 
4.4342308, -0.0236667, , , , , , , 4.4342308, -0.0041962, , , , , , , 4.4342308, 0.0365911, , , , , , , 4.4342308, 0.011078, , , , , , , , , , , , , , , , , , , , , , , , , , , , 
4.43475, -0.0240024, , , , , , , 4.43475, -0.0001678, , , , , , , 4.43475, 0.036759, , , , , , , 4.43475, 0.0115816, , , , , , , , , , , , , , , , , , , , , , , , , , , , 
4.4352692, -0.0176242, , , , , , , 4.4352692, 0.002182, , , , , , , 4.4352692, 0.0374304, , , , , , , 4.4352692, 0.0134279, , , , , , , , , , , , , , , , , , , , , , , , , , , , 
4.4357885, -0.0075532, , , , , , , 4.4357885, 0.0052033, , , , , , , 4.4357885, 0.0354162, , , , , , , 4.4357885, 0.01561, , , , , , , , , , , , , , , , , , , , , , , , , , , , 
4.4363077, -0.0046998, , , , , , , 4.4363077, 0.0018463, , , , , , , 4.4363077, 0.0320592, , , , , , , 4.4363077, 0.0166171, , , , , , , , , , , , , , , , , , , , , , , , , , , , 
4.4368269, -0.0015106, , , , , , , 4.4368269, -0.0072175, , , , , , , 4.4368269, 0.03122, , , , , , , 4.4368269, 0.0196384, , , , , , , , , , , , , , , , , , , , , , , , , , , , 
4.4373462, 0.0038605, , , , , , , 4.4373462, -0.0115816, , , , , , , 4.4373462, 0.0298772, , , , , , , 4.4373462, 0.0246738, , , , , , , , , , , , , , , , , , , , , , , , , , , , 
4.4378654, 0.0092317, , , , , , , 4.4378654, -0.012253, , , , , , , 4.4378654, 0.0240024, , , , , , , 4.4378654, 0.0276951, , , , , , , , , , , , , , , , , , , , , , , , , , , , 
4.4383846, 0.0125887, , , , , , , 4.4383846, -0.0104067, , , , , , , 4.4383846, 0.0172885, , , , , , , 4.4383846, 0.030045, , , , , , , , , , , , , , , , , , , , , , , , , , , , 
4.4389038, 0.0132601, , , , , , , 4.4389038, -0.0052033, , , , , , , 4.4389038, 0.0119173, , , , , , , 4.4389038, 0.0292058, , , , , , , , , , , , , , , , , , , , , , , , , , , , 
4.4394231, 0.0146029, , , , , , , 4.4394231, -0.0015106, , , , , , , 4.4394231, 0.0109102, , , , , , , 4.4394231, 0.0253452, , , , , , , , , , , , , , , , , , , , , , , , , , , , 
4.4399423, 0.0209812, , , , , , , 4.4399423, -0.0058747, , , , , , , 4.4399423, 0.0146029, , , , , , , 4.4399423, 0.0206455, , , , , , , , , , , , , , , , , , , , , , , , , , , , 
4.4404615, 0.024506, , , , , , , 4.4404615, -0.0179599, , , , , , , 4.4404615, 0.0236667, , , , , , , 4.4404615, 0.0162814, , , , , , , , , , , , , , , , , , , , , , , , , , , , 
4.4409808, 0.0240024, , , , , , , 4.4409808, -0.0213169, , , , , , , 4.4409808, 0.033402, , , , , , , 4.4409808, 0.0112459, , , , , , , , , , , , , , , , , , , , , , , , , , , , 
4.4415, 0.0253452, , , , , , , 4.4415, -0.0082246, , , , , , , 4.4415, 0.0381018, , , , , , , 4.4415, 0.0036927, , , , , , , , , , , , , , , , , , , , , , , , , , , , 
4.4420192, 0.0273594, , , , , , , 4.4420192, 0.0119173, , , , , , , 4.4420192, 0.036759, , , , , , , 4.4420192, -0.0045319, , , , , , , , , , , , , , , , , , , , , , , , , , , , 
4.4425385, 0.0327306, , , , , , , 4.4425385, 0.0320592, , , , , , , 4.4425385, 0.0310521, , , , , , , 4.4425385, -0.0125887, , , , , , , , , , , , , , , , , , , , , , , , , , , , 
4.4430577, 0.0468299, , , , , , , 4.4430577, 0.04448, , , , , , , 4.4430577, 0.0273594, , , , , , , 4.4430577, -0.0203098, , , , , , , , , , , , , , , , , , , , , , , , , , , , 
4.4435769, 0.0616007, , , , , , , 4.4435769, 0.0475013, , , , , , , 4.4435769, 0.0253452, , , , , , , 4.4435769, -0.0223239, , , , , , , , , , , , , , , , , , , , , , , , , , , , 
4.4440962, 0.068986, , , , , , , 4.4440962, 0.0459907, , , , , , , 4.4440962, 0.0172885, , , , , , , 4.4440962, -0.021149, , , , , , , , , , , , , , , , , , , , , , , , , , , , 
4.4446154, 0.0721752, , , , , , , 4.4446154, 0.0397803, , , , , , , 4.4446154, 0.0052033, , , , , , , 4.4446154, -0.0203098, , , , , , , , , , , , , , , , , , , , , , , , , , , , 
4.4451346, 0.0738537, , , , , , , 4.4451346, 0.0384375, , , , , , , 4.4451346, -0.0041962, , , , , , , 4.4451346, -0.0198062, , , , , , , , , , , , , , , , , , , , , , , , , , , , 
4.4456538, 0.0703288, , , , , , , 4.4456538, 0.0414588, , , , , , , 4.4456538, -0.0068818, , , , , , , 4.4456538, -0.0213169, , , , , , , , , , , , , , , , , , , , , , , , , , , , 
4.4461731, 0.0636149, , , , , , , 4.4461731, 0.0471656, , , , , , , 4.4461731, -0.0018463, , , , , , , 4.4461731, -0.0229953, , , , , , , , , , , , , , , , , , , , , , , , , , , , 
4.4466923, 0.0607614, , , , , , , 4.4466923, 0.0656291, , , , , , , 4.4466923, 0.0015106, , , , , , , 4.4466923, -0.0219883, , , , , , , , , , , , , , , , , , , , , , , , , , , , 
4.4472115, 0.0552224, , , , , , , 4.4472115, 0.0814069, , , , , , , 4.4472115, -0.0015106, , , , , , , 4.4472115, -0.0169528, , , , , , , , , , , , , , , , , , , , , , , , , , , , 
4.4477308, 0.0471656, , , , , , , 4.4477308, 0.0669718, , , , , , , 4.4477308, -0.0062104, , , , , , , 4.4477308, -0.0099031, , , , , , , , , , , , , , , , , , , , , , , , , , , , 
4.44825, 0.0394446, , , , , , , 4.44825, 0.0347448, , , , , , , 4.44825, -0.0095674, , , , , , , 4.44825, -0.002182, , , , , , , , , , , , , , , , , , , , , , , , , , , , 
4.4487692, 0.0310521, , , , , , , 4.4487692, 0.0038605, , , , , , , 4.4487692, -0.0124208, , , , , , , 4.4487692, 0.005539, , , , , , , , , , , , , , , , , , , , , , , , , , , , 
4.4492885, 0.023331, , , , , , , 4.4492885, -0.0270237, , , , , , , 4.4492885, -0.01561, , , , , , , 4.4492885, 0.0109102, , , , , , , , , , , , , , , , , , , , , , , , , , , , 
4.4498077, 0.0075532, , , , , , , 4.4498077, -0.0515297, , , , , , , 4.4498077, -0.017792, , , , , , , 4.4498077, 0.0184634, , , , , , , , , , , , , , , , , , , , , , , , , , , , 
4.4503269, -0.0092317, , , , , , , 4.4503269, -0.061265, , , , , , , 4.4503269, -0.0209812, , , , , , , 4.4503269, 0.0273594, , , , , , , , , , , , , , , , , , , , , , , , , , , , 
4.4508462, -0.0236667, , , , , , , 4.4508462, -0.0538796, , , , , , , 4.4508462, -0.0283665, , , , , , , 4.4508462, 0.03122, , , , , , , , , , , , , , , , , , , , , , , , , , , , 
4.4513654, -0.0377661, , , , , , , 4.4513654, -0.0330663, , , , , , , 4.4513654, -0.0391089, , , , , , , 4.4513654, 0.0302129, , , , , , , , , , , , , , , , , , , , , , , , , , , , 
4.4518846, -0.0505226, , , , , , , 4.4518846, -0.0219883, , , , , , , 4.4518846, -0.0538796, , , , , , , 4.4518846, 0.0288701, , , , , , , , , , , , , , , , , , , , , , , , , , , , 
4.4524038, -0.0574044, , , , , , , 4.4524038, -0.0323949, , , , , , , 4.4524038, -0.0720073, , , , , , , 4.4524038, 0.030045, , , , , , , , , , , , , , , , , , , , , , , , , , , , 
4.4529231, -0.0491798, , , , , , , 4.4529231, -0.0391089, , , , , , , 4.4529231, -0.0847639, , , , , , , 4.4529231, 0.0340734, , , , , , , , , , , , , , , , , , , , , , , , , , , , 
4.4534423, -0.0347448, , , , , , , 4.4534423, -0.0270237, , , , , , , 4.4534423, -0.0861067, , , , , , , 4.4534423, 0.0359197, , , , , , , , , , , , , , , , , , , , , , , , , , , , 
4.4539615, -0.0229953, , , , , , , 4.4539615, -0.0253452, , , , , , , 4.4539615, -0.0760357, , , , , , , 4.4539615, 0.0374304, , , , , , , , , , , , , , , , , , , , , , , , , , , , 
4.4544808, -0.0179599, , , , , , , 4.4544808, -0.0407874, , , , , , , 4.4544808, -0.0619364, , , , , , , 4.4544808, 0.0394446, , , , , , , , , , , , , , , , , , , , , , , , , , , , 
4.455, -0.01561, , , , , , , 4.455, -0.040116, , , , , , , 4.455, -0.0463264, , , , , , , 4.455, 0.0396124, , , , , , , , , , , , , , , , , , , , , , , , , , , , 
4.4555192, -0.0129244, , , , , , , 4.4555192, -0.0082246, , , , , , , 4.4555192, -0.0344091, , , , , , , 4.4555192, 0.0370947, , , , , , , , , , , , , , , , , , , , , , , , , , , , 
4.4560385, -0.010071, , , , , , , 4.4560385, 0.0179599, , , , , , , 4.4560385, -0.0297093, , , , , , , 4.4560385, 0.0330663, , , , , , , , , , , , , , , , , , , , , , , , , , , , 
4.4565577, -0.0082246, , , , , , , 4.4565577, 0.0199741, , , , , , , 4.4565577, -0.0283665, , , , , , , 4.4565577, 0.026688, , , , , , , , , , , , , , , , , , , , , , , , , , , , 
4.4570769, -0.0025177, , , , , , , 4.4570769, 0.0005035, , , , , , , 4.4570769, -0.0273594, , , , , , , 4.4570769, 0.0223239, , , , , , , , , , , , , , , , , , , , , , , , , , , , 
4.4575962, 0.0025177, , , , , , , 4.4575962, -0.0293736, , , , , , , 4.4575962, -0.0270237, , , , , , , 4.4575962, 0.0193027, , , , , , , , , , , , , , , , , , , , , , , , , , , , 
4.4581154, 0.0045319, , , , , , , 4.4581154, -0.0417945, , , , , , , 4.4581154, -0.0176242, , , , , , , 4.4581154, 0.0142672, , , , , , , , , , , , , , , , , , , , , , , , , , , , 
4.4586346, 0.0058747, , , , , , , 4.4586346, -0.0253452, , , , , , , 4.4586346, 0.0041962, , , , , , , 4.4586346, 0.0112459, , , , , , , , , , , , , , , , , , , , , , , , , , , , 
4.4591538, 0.0062104, , , , , , , 4.4591538, -0.0073854, , , , , , , 4.4591538, 0.0280308, , , , , , , 4.4591538, 0.014435, , , , , , , , , , , , , , , , , , , , , , , , , , , , 
4.4596731, 0.0099031, , , , , , , 4.4596731, -0.0045319, , , , , , , 4.4596731, 0.0481727, , , , , , , 4.4596731, 0.0179599, , , , , , , , , , , , , , , , , , , , , , , , , , , , 
4.4601923, 0.0169528, , , , , , , 4.4601923, 0.0005035, , , , , , , 4.4601923, 0.0654612, , , , , , , 4.4601923, 0.0166171, , , , , , , , , , , , , , , , , , , , , , , , , , , , 
4.4607115, 0.0226596, , , , , , , 4.4607115, 0.0025177, , , , , , , 4.4607115, 0.082414, , , , , , , 4.4607115, 0.0129244, , , , , , , , , , , , , , , , , , , , , , , , , , , , 
4.4612308, 0.0231632, , , , , , , 4.4612308, -0.035584, , , , , , , 4.4612308, 0.0991989, , , , , , , 4.4612308, 0.008896, , , , , , , , , , , , , , , , , , , , , , , , , , , , 
4.46175, 0.0203098, , , , , , , 4.46175, -0.10692, , , , , , , 4.46175, 0.1079271, , , , , , , 4.46175, 0.0052033, , , , , , , , , , , , , , , , , , , , , , , , , , , , 
4.4622692, 0.0213169, , , , , , , 4.4622692, -0.1549248, , , , , , , 4.4622692, 0.1059129, , , , , , , 4.4622692, -0.0001678, , , , , , , , , , , , , , , , , , , , , , , , , , , , 
4.4627885, 0.0344091, , , , , , , 4.4627885, -0.1478752, , , , , , , 4.4627885, 0.0948348, , , , , , , 4.4627885, -0.0062104, , , , , , , , , , , , , , , , , , , , , , , , , , , , 
4.4633077, 0.0459907, , , , , , , 4.4633077, -0.1032273, , , , , , , 4.4633077, 0.0783856, , , , , , , 4.4633077, -0.0105745, , , , , , , , , , , , , , , , , , , , , , , , , , , , 
4.4638269, 0.0560616, , , , , , , 4.4638269, -0.0518654, , , , , , , 4.4638269, 0.0558938, , , , , , , 4.4638269, -0.0102388, , , , , , , , , , , , , , , , , , , , , , , , , , , , 
4.4643462, 0.0654612, , , , , , , 4.4643462, -0.0109102, , , , , , , 4.4643462, 0.0251774, , , , , , , 4.4643462, -0.0062104, , , , , , , , , , , , , , , , , , , , , , , , , , , , 
4.4648654, 0.0721752, , , , , , , 4.4648654, 0.0114137, , , , , , , 4.4648654, -0.0099031, , , , , , , 4.4648654, -0.0050355, , , , , , , , , , , , , , , , , , , , , , , , , , , , 
4.4653846, 0.0763714, , , , , , , 4.4653846, 0.0179599, , , , , , , 4.4653846, -0.0414588, , , , , , , 4.4653846, -0.0023499, , , , , , , , , , , , , , , , , , , , , , , , , , , , 
4.4659038, 0.0755322, , , , , , , 4.4659038, 0.0226596, , , , , , , 4.4659038, -0.0558938, , , , , , , 4.4659038, 0.0028534, , , , , , , , , , , , , , , , , , , , , , , , , , , , 
4.4664231, 0.0710002, , , , , , , 4.4664231, 0.0310521, , , , , , , 4.4664231, -0.0555581, , , , , , , 4.4664231, 0.0097353, , , , , , , , , , , , , , , , , , , , , , , , , , , , 
4.4669423, 0.0626078, , , , , , , 4.4669423, 0.0253452, , , , , , , 4.4669423, -0.0548867, , , , , , , 4.4669423, 0.0146029, , , , , , , , , , , , , , , , , , , , , , , , , , , , 
4.4674615, 0.0518654, , , , , , , 4.4674615, 0.0023499, , , , , , , 4.4674615, -0.0619364, , , , , , , 4.4674615, 0.0186313, , , , , , , , , , , , , , , , , , , , , , , , , , , , 
4.4679808, 0.0473335, , , , , , , 4.4679808, -0.0140993, , , , , , , 4.4679808, -0.0773785, , , , , , , 4.4679808, 0.0209812, , , , , , , , , , , , , , , , , , , , , , , , , , , , 
4.4685, 0.0384375, , , , , , , 4.4685, -0.0082246, , , , , , , 4.4685, -0.0976883, , , , , , , 4.4685, 0.0260166, , , , , , , , , , , , , , , , , , , , , , , , , , , , 
4.4690192, 0.0198062, , , , , , , 4.4690192, 0.012253, , , , , , , 4.4690192, -0.1201801, , , , , , , 4.4690192, 0.0325628, , , , , , , , , , , , , , , , , , , , , , , , , , , , 
4.4695385, -0.0015106, , , , , , , 4.4695385, 0.0347448, , , , , , , 4.4695385, -0.1378042, , , , , , , 4.4695385, 0.0374304, , , , , , , , , , , , , , , , , , , , , , , , , , , , 
4.4700577, -0.01561, , , , , , , 4.4700577, 0.0515297, , , , , , , 4.4700577, -0.1465324, , , , , , , 4.4700577, 0.0382696, , , , , , , , , , , , , , , , , , , , , , , , , , , , 
4.4705769, -0.0263523, , , , , , , 4.4705769, 0.0488441, , , , , , , 4.4705769, -0.1542535, , , , , , , 4.4705769, 0.0375982, , , , , , , , , , , , , , , , , , , , , , , , , , , , 
4.4710962, -0.0350805, , , , , , , 4.4710962, 0.0347448, , , , , , , 4.4710962, -0.1663386, , , , , , , 4.4710962, 0.040116, , , , , , , , , , , , , , , , , , , , , , , , , , , , 
4.4716154, -0.0397803, , , , , , , 4.4716154, 0.0330663, , , , , , , 4.4716154, -0.1787594, , , , , , , 4.4716154, 0.0421302, , , , , , , , , , , , , , , , , , , , , , , , , , , , 
4.4721346, -0.0433051, , , , , , , 4.4721346, 0.0468299, , , , , , , 4.4721346, -0.1822843, , , , , , , 4.4721346, 0.0417945, , , , , , , , , , , , , , , , , , , , , , , , , , , , 
4.4726538, -0.0370947, , , , , , , 4.4726538, 0.0522011, , , , , , , 4.4726538, -0.1660029, , , , , , , 4.4726538, 0.0407874, , , , , , , , , , , , , , , , , , , , , , , , , , , , 
4.4731731, -0.0236667, , , , , , , 4.4731731, 0.0357519, , , , , , , 4.4731731, -0.1310903, , , , , , , 4.4731731, 0.0374304, , , , , , , , , , , , , , , , , , , , , , , , , , , , 
4.4736923, -0.0112459, , , , , , , 4.4736923, 0.0057069, , , , , , , 4.4736923, -0.0881209, , , , , , , 4.4736923, 0.033402, , , , , , , , , , , , , , , , , , , , , , , , , , , , 
4.4742115, -0.0028534, , , , , , , 4.4742115, -0.0219883, , , , , , , 4.4742115, -0.0458228, , , , , , , 4.4742115, 0.0283665, , , , , , , , , , , , , , , , , , , , , , , , , , , , 
4.4747308, 0.0008392, , , , , , , 4.4747308, -0.036759, , , , , , , 4.4747308, -0.0102388, , , , , , , 4.4747308, 0.0206455, , , , , , , , , , , , , , , , , , , , , , , , , , , , 
4.47525, 0.0018463, , , , , , , 4.47525, -0.0340734, , , , , , , 4.47525, 0.0129244, , , , , , , 4.47525, 0.0115816, , , , , , , , , , , , , , , , , , , , , , , , , , , , 
4.4757692, 0.0045319, , , , , , , 4.4757692, -0.0263523, , , , , , , 4.4757692, 0.0297093, , , , , , , 4.4757692, 0.0065461, , , , , , , , , , , , , , , , , , , , , , , , , , , , 
4.4762885, 0.0104067, , , , , , , 4.4762885, -0.0193027, , , , , , , 4.4762885, 0.0454871, , , , , , , 4.4762885, 0.0045319, , , , , , , , , , , , , , , , , , , , , , , , , , , , 
4.4768077, 0.0072175, , , , , , , 4.4768077, -0.0105745, , , , , , , 4.4768077, 0.0599222, , , , , , , 4.4768077, 0.0011749, , , , , , , , , , , , , , , , , , , , , , , , , , , , 
4.4773269, 0.0035248, , , , , , , 4.4773269, -0.0045319, , , , , , , 4.4773269, 0.0710002, , , , , , , 4.4773269, -0.002182, , , , , , , , , , , , , , , , , , , , , , , , , , , , 
4.4778462, 0.0078889, , , , , , , 4.4778462, -0.0041962, , , , , , , 4.4778462, 0.0802319, , , , , , , 4.4778462, -0.005539, , , , , , , , , , , , , , , , , , , , , , , , , , , , 
4.4783654, 0.0142672, , , , , , , 4.4783654, -0.0028534, , , , , , , 4.4783654, 0.0877852, , , , , , , 4.4783654, -0.0058747, , , , , , , , , , , , , , , , , , , , , , , , , , , , 
4.4788846, 0.0184634, , , , , , , 4.4788846, -0.0031891, , , , , , , 4.4788846, 0.0921492, , , , , , , 4.4788846, -0.0043641, , , , , , , , , , , , , , , , , , , , , , , , , , , , 
4.4794038, 0.0186313, , , , , , , 4.4794038, -0.0031891, , , , , , , 4.4794038, 0.0931563, , , , , , , 4.4794038, -0.0026856, , , , , , , , , , , , , , , , , , , , , , , , , , , , 
4.4799231, 0.0179599, , , , , , , 4.4799231, 0.0028534, , , , , , , 4.4799231, 0.0911421, , , , , , , 4.4799231, -0.0038605, , , , , , , , , , , , , , , , , , , , , , , , , , , , 
4.4804423, 0.0193027, , , , , , , 4.4804423, 0.0105745, , , , , , , 4.4804423, 0.0850996, , , , , , , 4.4804423, -0.005539, , , , , , , , , , , , , , , , , , , , , , , , , , , , 
4.4809615, 0.0216526, , , , , , , 4.4809615, 0.0132601, , , , , , , 4.4809615, 0.0777142, , , , , , , 4.4809615, -0.0031891, , , , , , , , , , , , , , , , , , , , , , , , , , , , 
4.4814808, 0.023331, , , , , , , 4.4814808, 0.0092317, , , , , , , 4.4814808, 0.0679789, , , , , , , 4.4814808, 0.0030213, , , , , , , , , , , , , , , , , , , , , , , , , , , , 
4.482, 0.0260166, , , , , , , 4.482, 0.005539, , , , , , , 4.482, 0.0569009, , , , , , , 4.482, 0.0085603, , , , , , , , , , , , , , , , , , , , , , , , , , , , 
4.4825192, 0.0330663, , , , , , , 4.4825192, 0.0005035, , , , , , , 4.4825192, 0.0461585, , , , , , , 4.4825192, 0.0092317, , , , , , , , , , , , , , , , , , , , , , , , , , , , 
4.4830385, 0.0495155, , , , , , , 4.4830385, -0.0001678, , , , , , , 4.4830385, 0.0360876, , , , , , , 4.4830385, 0.0043641, , , , , , , , , , , , , , , , , , , , , , , , , , , , 
4.4835577, 0.0626078, , , , , , , 4.4835577, 0.0109102, , , , , , , 4.4835577, 0.0280308, , , , , , , 4.4835577, -0.0011749, , , , , , , , , , , , , , , , , , , , , , , , , , , , 
4.4840769, 0.0661326, , , , , , , 4.4840769, 0.0199741, , , , , , , 4.4840769, 0.0216526, , , , , , , 4.4840769, -0.002182, , , , , , , , , , , , , , , , , , , , , , , , , , , , 
4.4845962, 0.0726787, , , , , , , 4.4845962, 0.0260166, , , , , , , 4.4845962, 0.0125887, , , , , , , 4.4845962, 0.0010071, , , , , , , , , , , , , , , , , , , , , , , , , , , , 
4.4851154, 0.0783856, , , , , , , 4.4851154, 0.0411231, , , , , , , 4.4851154, -0.0003357, , , , , , , 4.4851154, 0.0057069, , , , , , , , , , , , , , , , , , , , , , , , , , , , 
4.4856346, 0.0775463, , , , , , , 4.4856346, 0.0636149, , , , , , , 4.4856346, -0.0075532, , , , , , , 4.4856346, 0.0092317, , , , , , , , , , , , , , , , , , , , , , , , , , , , 
4.4861538, 0.0703288, , , , , , , 4.4861538, 0.0753643, , , , , , , 4.4861538, -0.0082246, , , , , , , 4.4861538, 0.0099031, , , , , , , , , , , , , , , , , , , , , , , , , , , , 
4.4866731, 0.0538796, , , , , , , 4.4866731, 0.0691539, , , , , , , 4.4866731, -0.0085603, , , , , , , 4.4866731, 0.008896, , , , , , , , , , , , , , , , , , , , , , , , , , , , 
4.4871923, 0.0323949, , , , , , , 4.4871923, 0.0411231, , , , , , , 4.4871923, -0.0132601, , , , , , , 4.4871923, 0.0070497, , , , , , , , , , , , , , , , , , , , , , , , , , , , 
4.4877115, 0.0169528, , , , , , , 4.4877115, 0.0045319, , , , , , , 4.4877115, -0.018967, , , , , , , 4.4877115, 0.0038605, , , , , , , , , , , , , , , , , , , , , , , , , , , , 
4.4882308, 0.0085603, , , , , , , 4.4882308, -0.0238346, , , , , , , 4.4882308, -0.0260166, , , , , , , 4.4882308, -0.0001678, , , , , , , , , , , , , , , , , , , , , , , , , , , , 
4.48875, 0.0008392, , , , , , , 4.48875, -0.0438087, , , , , , , 4.48875, -0.0332341, , , , , , , 4.48875, 0.0011749, , , , , , , , , , , , , , , , , , , , , , , , , , , , 
4.4892692, -0.0095674, , , , , , , 4.4892692, -0.0476692, , , , , , , 4.4892692, -0.0310521, , , , , , , 4.4892692, 0.0063783, , , , , , , , , , , , , , , , , , , , , , , , , , , , 
4.4897885, -0.018967, , , , , , , 4.4897885, -0.0409552, , , , , , , 4.4897885, -0.0198062, , , , , , , 4.4897885, 0.008896, , , , , , , , , , , , , , , , , , , , , , , , , , , , 
4.4903077, -0.0310521, , , , , , , 4.4903077, -0.0464942, , , , , , , 4.4903077, -0.0052033, , , , , , , 4.4903077, 0.0102388, , , , , , , , , , , , , , , , , , , , , , , , , , , , 
4.4908269, -0.0438087, , , , , , , 4.4908269, -0.0699931, , , , , , , 4.4908269, 0.0048676, , , , , , , 4.4908269, 0.0151064, , , , , , , , , , , , , , , , , , , , , , , , , , , , 
4.4913462, -0.0518654, , , , , , , 4.4913462, -0.1022202, , , , , , , 4.4913462, 0.008896, , , , , , , 4.4913462, 0.0191348, , , , , , , , , , , , , , , , , , , , , , , , , , , , 
4.4918654, -0.0565652, , , , , , , 4.4918654, -0.1300832, , , , , , , 4.4918654, 0.011078, , , , , , , 4.4918654, 0.0206455, , , , , , , , , , , , , , , , , , , , , , , , , , , , 
4.4923846, -0.056733, , , , , , , 4.4923846, -0.1473716, , , , , , , 4.4923846, 0.0147707, , , , , , , 4.4923846, 0.021149, , , , , , , , , , , , , , , , , , , , , , , , , , , , 
4.4929038, -0.0525368, , , , , , , 4.4929038, -0.145861, , , , , , , 4.4929038, 0.0179599, , , , , , , 4.4929038, 0.0203098, , , , , , , , , , , , , , , , , , , , , , , , , , , , 
4.4934231, -0.0414588, , , , , , , 4.4934231, -0.1230335, , , , , , , 4.4934231, 0.0182956, , , , , , , 4.4934231, 0.0172885, , , , , , , , , , , , , , , , , , , , , , , , , , , , 
4.4939423, -0.0263523, , , , , , , 4.4939423, -0.1055772, , , , , , , 4.4939423, 0.0199741, , , , , , , 4.4939423, 0.0166171, , , , , , , , , , , , , , , , , , , , , , , , , , , , 
4.4944615, -0.0159457, , , , , , , 4.4944615, -0.0998703, , , , , , , 4.4944615, 0.026688, , , , , , , 4.4944615, 0.0154421, , , , , , , , , , , , , , , , , , , , , , , , , , , , 
4.4949808, -0.0102388, , , , , , , 4.4949808, -0.0933242, , , , , , , 4.4949808, 0.0339055, , , , , , , 4.4949808, 0.0139315, , , , , , , , , , , , , , , , , , , , , , , , , , , , 
4.4955, -0.0018463, , , , , , , 4.4955, -0.0807355, , , , , , , 4.4955, 0.0374304, , , , , , , 4.4955, 0.0152743, , , , , , , , , , , , , , , , , , , , , , , , , , , , 
4.4960192, 0.0062104, , , , , , , 4.4960192, -0.0602579, , , , , , , 4.4960192, 0.0345769, , , , , , , 4.4960192, 0.0152743, , , , , , , , , , , , , , , , , , , , , , , , , , , , 
4.4965385, 0.0115816, , , , , , , 4.4965385, -0.0313878, , , , , , , 4.4965385, 0.0290379, , , , , , , 4.4965385, 0.0179599, , , , , , , , , , , , , , , , , , , , , , , , , , , , 
4.4970577, 0.0146029, , , , , , , 4.4970577, 0.0172885, , , , , , , 4.4970577, 0.023331, , , , , , , 4.4970577, 0.0223239, , , , , , , , , , , , , , , , , , , , , , , , , , , , 
4.4975769, 0.0139315, , , , , , , 4.4975769, 0.0736858, , , , , , , 4.4975769, 0.0209812, , , , , , , 4.4975769, 0.0243381, , , , , , , , , , , , , , , , , , , , , , , , , , , , 
4.4980962, 0.0085603, , , , , , , 4.4980962, 0.110277, , , , , , , 4.4980962, 0.0199741, , , , , , , 4.4980962, 0.0270237, , , , , , , , , , , , , , , , , , , , , , , , , , , , 
4.4986154, 0.0078889, , , , , , , 4.4986154, 0.1163195, , , , , , , 4.4986154, 0.0199741, , , , , , , 4.4986154, 0.0273594, , , , , , , , , , , , , , , , , , , , , , , , , , , , 
4.4991346, 0.0119173, , , , , , , 4.4991346, 0.0998703, , , , , , , 4.4991346, 0.0164492, , , , , , , 4.4991346, 0.0240024, , , , , , , , , , , , , , , , , , , , , , , , , , , , 
4.4996538, 0.0146029, , , , , , , 4.4996538, 0.0809033, , , , , , , 4.4996538, 0.008896, , , , , , , 4.4996538, 0.0186313, , , , , , , , , , , , , , , , , , , , , , , , , , , , 
4.5001731, 0.0172885, , , , , , , 4.5001731, 0.0656291, , , , , , , 4.5001731, -0.0015106, , , , , , , 4.5001731, 0.0092317, , , , , , , , , , , , , , , , , , , , , , , , , , , , 
4.5006923, 0.0209812, , , , , , , 4.5006923, 0.0466621, , , , , , , 4.5006923, -0.0115816, , , , , , , 4.5006923, 0.0028534, , , , , , , , , , , , , , , , , , , , , , , , , , , , 
4.5012115, 0.0238346, , , , , , , 4.5012115, 0.0265202, , , , , , , 4.5012115, -0.0203098, , , , , , , 4.5012115, 0.002182, , , , , , , , , , , , , , , , , , , , , , , , , , , , 
4.5017308, 0.0250095, , , , , , , 4.5017308, 0.0166171, , , , , , , 4.5017308, -0.0248417, , , , , , , 4.5017308, 0.0025177, , , , , , , , , , , , , , , , , , , , , , , , , , , , 
4.50225, 0.030045, , , , , , , 4.50225, 0.0169528, , , , , , , 4.50225, -0.0263523, , , , , , , 4.50225, 0.0028534, , , , , , , , , , , , , , , , , , , , , , , , , , , , 
4.5027692, 0.0414588, , , , , , , 4.5027692, 0.0104067, , , , , , , 4.5027692, -0.0246738, , , , , , , 4.5027692, 0.0038605, , , , , , , , , , , , , , , , , , , , , , , , , , , , 
4.5032885, 0.0585794, , , , , , , 4.5032885, -0.0179599, , , , , , , 4.5032885, -0.0219883, , , , , , , 4.5032885, 0.0043641, , , , , , , , , , , , , , , , , , , , , , , , , , , , 
4.5038077, 0.0639506, , , , , , , 4.5038077, -0.0605936, , , , , , , 4.5038077, -0.0196384, , , , , , , 4.5038077, 0.0035248, , , , , , , , , , , , , , , , , , , , , , , , , , , , 
4.5043269, 0.06009, , , , , , , 4.5043269, -0.0961776, , , , , , , 4.5043269, -0.0196384, , , , , , , 4.5043269, 0.0011749, , , , , , , , , , , , , , , , , , , , , , , , , , , , 
4.5048462, 0.0584115, , , , , , , 4.5048462, -0.0958419, , , , , , , 4.5048462, -0.0243381, , , , , , , 4.5048462, -0.002182, , , , , , , , , , , , , , , , , , , , , , , , , , , , 
4.5053654, 0.0602579, , , , , , , 4.5053654, -0.0686503, , , , , , , 4.5053654, -0.0293736, , , , , , , 4.5053654, -0.0035248, , , , , , , , , , , , , , , , , , , , , , , , , , , , 
4.5058846, 0.0595865, , , , , , , 4.5058846, -0.0377661, , , , , , , 4.5058846, -0.0290379, , , , , , , 4.5058846, -0.0020142, , , , , , , , , , , , , , , , , , , , , , , , , , , , 
4.5064038, 0.0515297, , , , , , , 4.5064038, -0.0142672, , , , , , , 4.5064038, -0.0276951, , , , , , , 4.5064038, -0.0003357, , , , , , , , , , , , , , , , , , , , , , , , , , , , 
4.5069231, 0.0397803, , , , , , , 4.5069231, -0.0028534, , , , , , , 4.5069231, -0.0209812, , , , , , , 4.5069231, -0.0003357, , , , , , , , , , , , , , , , , , , , , , , , , , , , 
4.5074423, 0.0281987, , , , , , , 4.5074423, 0.0045319, , , , , , , 4.5074423, 0.0005035, , , , , , , 4.5074423, -0.0005035, , , , , , , , , , , , , , , , , , , , , , , , , , , , 
4.5079615, 0.0186313, , , , , , , 4.5079615, 0.0115816, , , , , , , 4.5079615, 0.0229953, , , , , , , 4.5079615, 0.0001678, , , , , , , , , , , , , , , , , , , , , , , , , , , , 
4.5084808, 0.0097353, , , , , , , 4.5084808, 0.0102388, , , , , , , 4.5084808, 0.0273594, , , , , , , 4.5084808, -0.002182, , , , , , , , , , , , , , , , , , , , , , , , , , , , 
4.509, -0.0018463, , , , , , , 4.509, 0.0132601, , , , , , , 4.509, 0.0186313, , , , , , , 4.509, -0.0015106, , , , , , , , , , , , , , , , , , , , , , , , , , , , 
4.5095192, -0.0142672, , , , , , , 4.5095192, 0.0208133, , , , , , , 4.5095192, 0.0146029, , , , , , , 4.5095192, 0.0048676, , , , , , , , , , , , , , , , , , , , , , , , , , , , 
4.5100385, -0.0271916, , , , , , , 4.5100385, 0.0199741, , , , , , , 4.5100385, 0.0226596, , , , , , , 4.5100385, 0.0125887, , , , , , , , , , , , , , , , , , , , , , , , , , , , 
4.5105577, -0.0377661, , , , , , , 4.5105577, 0.0159457, , , , , , , 4.5105577, 0.0318914, , , , , , , 4.5105577, 0.0199741, , , , , , , , , , , , , , , , , , , , , , , , , , , , 
4.5110769, -0.0397803, , , , , , , 4.5110769, 0.0186313, , , , , , , 4.5110769, 0.0287022, , , , , , , 4.5110769, 0.0298772, , , , , , , , , , , , , , , , , , , , , , , , , , , , 
4.5115962, -0.0365911, , , , , , , 4.5115962, 0.0374304, , , , , , , 4.5115962, 0.0062104, , , , , , , 4.5115962, 0.0370947, , , , , , , , , , , , , , , , , , , , , , , , , , , , 
4.5121154, -0.0344091, , , , , , , 4.5121154, 0.0609293, , , , , , , 4.5121154, -0.0360876, , , , , , , 4.5121154, 0.036759, , , , , , , , , , , , , , , , , , , , , , , , , , , , 
4.5126346, -0.0310521, , , , , , , 4.5126346, 0.0569009, , , , , , , 4.5126346, -0.0882887, , , , , , , 4.5126346, 0.0307164, , , , , , , , , , , , , , , , , , , , , , , , , , , , 
4.5131538, -0.0229953, , , , , , , 4.5131538, 0.0330663, , , , , , , 4.5131538, -0.1378042, , , , , , , 4.5131538, 0.0236667, , , , , , , , , , , , , , , , , , , , , , , , , , , , 
4.5136731, -0.0119173, , , , , , , 4.5136731, 0.036759, , , , , , , 4.5136731, -0.1757382, , , , , , , 4.5136731, 0.0182956, , , , , , , , , , , , , , , , , , , , , , , , , , , , 
4.5141923, -0.0028534, , , , , , , 4.5141923, 0.0720073, , , , , , , 4.5141923, -0.2039368, , , , , , , 4.5141923, 0.0152743, , , , , , , , , , , , , , , , , , , , , , , , , , , , 
4.5147115, 0.0072175, , , , , , , 4.5147115, 0.0847639, , , , , , , 4.5147115, -0.2183719, , , , , , , 4.5147115, 0.0115816, , , , , , , , , , , , , , , , , , , , , , , , , , , , 
4.5152308, 0.0129244, , , , , , , 4.5152308, 0.0562295, , , , , , , 4.5152308, -0.2099794, , , , , , , 4.5152308, 0.0072175, , , , , , , , , , , , , , , , , , , , , , , , , , , , 
4.51575, 0.0137636, , , , , , , 4.51575, 0.0073854, , , , , , , 4.51575, -0.1858091, , , , , , , 4.51575, 0.0041962, , , , , , , , , , , , , , , , , , , , , , , , , , , , 
4.5162692, 0.0139315, , , , , , , 4.5162692, -0.040116, , , , , , , 4.5162692, -0.156939, , , , , , , 4.5162692, 0.0041962, , , , , , , , , , , , , , , , , , , , , , , , , , , , 
4.5167885, 0.0186313, , , , , , , 4.5167885, -0.0679789, , , , , , , 4.5167885, -0.1344472, , , , , , , 4.5167885, 0.0031891, , , , , , , , , , , , , , , , , , , , , , , , , , , , 
4.5173077, 0.0203098, , , , , , , 4.5173077, -0.0814069, , , , , , , 4.5173077, -0.1144732, , , , , , , 4.5173077, 0.0011749, , , , , , , , , , , , , , , , , , , , , , , , , , , , 
4.5178269, 0.0203098, , , , , , , 4.5178269, -0.1005417, , , , , , , 4.5178269, -0.085771, , , , , , , 4.5178269, -0.0008392, , , , , , , , , , , , , , , , , , , , , , , , , , , , 
4.5183462, 0.0169528, , , , , , , 4.5183462, -0.111284, , , , , , , 4.5183462, -0.0485084, , , , , , , 4.5183462, -0.0015106, , , , , , , , , , , , , , , , , , , , , , , , , , , , 
4.5188654, 0.0125887, , , , , , , 4.5188654, -0.0914778, , , , , , , 4.5188654, -0.0102388, , , , , , , 4.5188654, 0.0005035, , , , , , , , , , , , , , , , , , , , , , , , , , , , 
4.5193846, 0.0152743, , , , , , , 4.5193846, -0.0592508, , , , , , , 4.5193846, 0.0246738, , , , , , , 4.5193846, 0.0052033, , , , , , , , , , , , , , , , , , , , , , , , , , , , 
4.5199038, 0.023331, , , , , , , 4.5199038, -0.0394446, , , , , , , 4.5199038, 0.0532082, , , , , , , 4.5199038, 0.0078889, , , , , , , , , , , , , , , , , , , , , , , , , , , , 
4.5204231, 0.0290379, , , , , , , 4.5204231, -0.0298772, , , , , , , 4.5204231, 0.0748608, , , , , , , 4.5204231, 0.0112459, , , , , , , , , , , , , , , , , , , , , , , , , , , , 
4.5209423, 0.0307164, , , , , , , 4.5209423, -0.0216526, , , , , , , 4.5209423, 0.0924849, , , , , , , 4.5209423, 0.0142672, , , , , , , , , , , , , , , , , , , , , , , , , , , , 
4.5214615, 0.0298772, , , , , , , 4.5214615, -0.0135958, , , , , , , 4.5214615, 0.1052415, , , , , , , 4.5214615, 0.0164492, , , , , , , , , , , , , , , , , , , , , , , , , , , , 
4.5219808, 0.0280308, , , , , , , 4.5219808, -0.0083925, , , , , , , 4.5219808, 0.1126268, , , , , , , 4.5219808, 0.0169528, , , , , , , , , , , , , , , , , , , , , , , , , , , , 
4.5225, 0.0323949, , , , , , , 4.5225, -0.005539, , , , , , , 4.5225, 0.114641, , , , , , , 4.5225, 0.0130922, , , , , , , , , , , , , , , , , , , , , , , , , , , , 
4.5230192, 0.0461585, , , , , , , 4.5230192, -0.0085603, , , , , , , 4.5230192, 0.1085985, , , , , , , 4.5230192, 0.0072175, , , , , , , , , , , , , , , , , , , , , , , , , , , , 
4.5235385, 0.0605936, , , , , , , 4.5235385, -0.012253, , , , , , , 4.5235385, 0.0981918, , , , , , , 4.5235385, 0.0062104, , , , , , , , , , , , , , , , , , , , , , , , , , , , 
4.5240577, 0.0676432, , , , , , , 4.5240577, -0.008896, , , , , , , 4.5240577, 0.0850996, , , , , , , 4.5240577, 0.0092317, , , , , , , , , , , , , , , , , , , , , , , , , , , , 
4.5245769, 0.0683146, , , , , , , 4.5245769, 0.0025177, , , , , , , 4.5245769, 0.0669718, , , , , , , 4.5245769, 0.012253, , , , , , , , , , , , , , , , , , , , , , , , , , , , 
4.5250962, 0.0647898, , , , , , , 4.5250962, 0.0191348, , , , , , , 4.5250962, 0.0421302, , , , , , , 4.5250962, 0.0125887, , , , , , , , , , , , , , , , , , , , , , , , , , , , 
4.5256154, 0.0562295, , , , , , , 4.5256154, 0.0265202, , , , , , , 4.5256154, 0.0129244, , , , , , , 4.5256154, 0.0152743, , , , , , , , , , , , , , , , , , , , , , , , , , , , 
4.5261346, 0.0441444, , , , , , , 4.5261346, 0.0203098, , , , , , , 4.5261346, -0.0142672, , , , , , , 4.5261346, 0.0196384, , , , , , , , , , , , , , , , , , , , , , , , , , , , 
4.5266538, 0.0307164, , , , , , , 4.5266538, 0.0152743, , , , , , , 4.5266538, -0.0313878, , , , , , , 4.5266538, 0.018967, , , , , , , , , , , , , , , , , , , , , , , , , , , , 
4.5271731, 0.0182956, , , , , , , 4.5271731, 0.0221561, , , , , , , 4.5271731, -0.0377661, , , , , , , 4.5271731, 0.0149386, , , , , , , , , , , , , , , , , , , , , , , , , , , , 
4.5276923, 0.0105745, , , , , , , 4.5276923, 0.0501869, , , , , , , 4.5276923, -0.0365911, , , , , , , 4.5276923, 0.0112459, , , , , , , , , , , , , , , , , , , , , , , , , , , , 
4.5282115, 0.0082246, , , , , , , 4.5282115, 0.1045701, , , , , , , 4.5282115, -0.0323949, , , , , , , 4.5282115, 0.0102388, , , , , , , , , , , , , , , , , , , , , , , , , , , , 
4.5287308, 0.005539, , , , , , , 4.5287308, 0.1433433, , , , , , , 4.5287308, -0.0317235, , , , , , , 4.5287308, 0.0104067, , , , , , , , , , , , , , , , , , , , , , , , , , , , 
4.52925, -0.0045319, , , , , , , 4.52925, 0.1435111, , , , , , , 4.52925, -0.0330663, , , , , , , 4.52925, 0.0124208, , , , , , , , , , , , , , , , , , , , , , , , , , , , 
4.5297692, -0.01561, , , , , , , 4.5297692, 0.1312581, , , , , , , 4.5297692, -0.0364233, , , , , , , 4.5297692, 0.012253, , , , , , , , , , , , , , , , , , , , , , , , , , , , 
4.5302885, -0.0216526, , , , , , , 4.5302885, 0.1159838, , , , , , , 4.5302885, -0.0414588, , , , , , , 4.5302885, 0.0105745, , , , , , , , , , , , , , , , , , , , , , , , , , , , 
4.5308077, -0.0302129, , , , , , , 4.5308077, 0.0864424, , , , , , , 4.5308077, -0.0461585, , , , , , , 4.5308077, 0.0095674, , , , , , , , , , , , , , , , , , , , , , , , , , , , 
4.5313269, -0.0387732, , , , , , , 4.5313269, 0.0397803, , , , , , , 4.5313269, -0.0505226, , , , , , , 4.5313269, 0.0099031, , , , , , , , , , , , , , , , , , , , , , , , , , , , 
4.5318462, -0.043473, , , , , , , 4.5318462, -0.018967, , , , , , , 4.5318462, -0.054551, , , , , , , 4.5318462, 0.0127565, , , , , , , , , , , , , , , , , , , , , , , , , , , , 
4.5323654, -0.0384375, , , , , , , 4.5323654, -0.0475013, , , , , , , 4.5323654, -0.0532082, , , , , , , 4.5323654, 0.0164492, , , , , , , , , , , , , , , , , , , , , , , , , , , , 
4.5328846, -0.0256809, , , , , , , 4.5328846, -0.0454871, , , , , , , 4.5328846, -0.0421302, , , , , , , 4.5328846, 0.0196384, , , , , , , , , , , , , , , , , , , , , , , , , , , , 
4.5334038, -0.0117494, , , , , , , 4.5334038, -0.0810712, , , , , , , 4.5334038, -0.0305486, , , , , , , 4.5334038, 0.0240024, , , , , , , , , , , , , , , , , , , , , , , , , , , , 
4.5339231, -0.0052033, , , , , , , 4.5339231, -0.148043, , , , , , , 4.5339231, -0.0229953, , , , , , , 4.5339231, 0.0303807, , , , , , , , , , , , , , , , , , , , , , , , , , , , 
4.5344423, -0.002182, , , , , , , 4.5344423, -0.1754025, , , , , , , 4.5344423, -0.0119173, , , , , , , 4.5344423, 0.033402, , , , , , , , , , , , , , , , , , , , , , , , , , , , 
4.5349615, -0.0015106, , , , , , , 4.5349615, -0.1579461, , , , , , , 4.5349615, 0.002182, , , , , , , 4.5349615, 0.0339055, , , , , , , , , , , , , , , , , , , , , , , , , , , , 
4.5354808, -0.0008392, , , , , , , 4.5354808, -0.1364614, , , , , , , 4.5354808, 0.008896, , , , , , , 4.5354808, 0.0345769, , , , , , , , , , , , , , , , , , , , , , , , , , , , 
4.536, 0.0038605, , , , , , , 4.536, -0.1240406, , , , , , , 4.536, 0.0082246, , , , , , , 4.536, 0.0345769, , , , , , , , , , , , , , , , , , , , , , , , , , , , 
4.5365192, 0.0112459, , , , , , , 4.5365192, -0.1072557, , , , , , , 4.5365192, 0.01561, , , , , , , 4.5365192, 0.0330663, , , , , , , , , , , , , , , , , , , , , , , , , , , , 
4.5370385, 0.0149386, , , , , , , 4.5370385, -0.0802319, , , , , , , 4.5370385, 0.033402, , , , , , , 4.5370385, 0.0303807, , , , , , , , , , , , , , , , , , , , , , , , , , , , 
4.5375577, 0.0132601, , , , , , , 4.5375577, -0.0589151, , , , , , , 4.5375577, 0.0458228, , , , , , , 4.5375577, 0.0261845, , , , , , , , , , , , , , , , , , , , , , , , , , , , 
4.5380769, 0.0149386, , , , , , , 4.5380769, -0.0485084, , , , , , , 4.5380769, 0.0461585, , , , , , , 4.5380769, 0.0213169, , , , , , , , , , , , , , , , , , , , , , , , , , , , 
4.5385962, 0.0176242, , , , , , , 4.5385962, -0.047837, , , , , , , 4.5385962, 0.04448, , , , , , , 4.5385962, 0.0182956, , , , , , , , , , , , , , , , , , , , , , , , , , , , 
4.5391154, 0.0198062, , , , , , , 4.5391154, -0.0451514, , , , , , , 4.5391154, 0.0475013, , , , , , , 4.5391154, 0.0159457, , , , , , , , , , , , , , , , , , , , , , , , , , , , 
4.5396346, 0.0196384, , , , , , , 4.5396346, -0.0424659, , , , , , , 4.5396346, 0.0525368, , , , , , , 4.5396346, 0.0176242, , , , , , , , , , , , , , , , , , , , , , , , , , , , 
4.5401538, 0.0149386, , , , , , , 4.5401538, -0.0464942, , , , , , , 4.5401538, 0.0548867, , , , , , , 4.5401538, 0.0219883, , , , , , , , , , , , , , , , , , , , , , , , , , , , 
4.5406731, 0.0099031, , , , , , , 4.5406731, -0.0468299, , , , , , , 4.5406731, 0.0555581, , , , , , , 4.5406731, 0.0243381, , , , , , , , , , , , , , , , , , , , , , , , , , , , 
4.5411923, 0.0058747, , , , , , , 4.5411923, -0.035584, , , , , , , 4.5411923, 0.0537118, , , , , , , 4.5411923, 0.0219883, , , , , , , , , , , , , , , , , , , , , , , , , , , , 
4.5417115, 0.005539, , , , , , , 4.5417115, -0.0159457, , , , , , , 4.5417115, 0.0495155, , , , , , , 4.5417115, 0.0182956, , , , , , , , , , , , , , , , , , , , , , , , , , , , 
4.5422308, 0.0125887, , , , , , , 4.5422308, -0.0045319, , , , , , , 4.5422308, 0.0407874, , , , , , , 4.5422308, 0.0112459, , , , , , , , , , , , , , , , , , , , , , , , , , , , 
4.54275, 0.0253452, , , , , , , 4.54275, -0.0115816, , , , , , , 4.54275, 0.033402, , , , , , , 4.54275, 0.0025177, , , , , , , , , , , , , , , , , , , , , , , , , , , , 
4.5432692, 0.0461585, , , , , , , 4.5432692, -0.0182956, , , , , , , 4.5432692, 0.0323949, , , , , , , 4.5432692, -0.0041962, , , , , , , , , , , , , , , , , , , , , , , , , , , , 
4.5437885, 0.0609293, , , , , , , 4.5437885, -0.0109102, , , , , , , 4.5437885, 0.0307164, , , , , , , 4.5437885, -0.008896, , , , , , , , , , , , , , , , , , , , , , , , , , , , 
4.5443077, 0.0649577, , , , , , , 4.5443077, 0.0023499, , , , , , , 4.5443077, 0.0256809, , , , , , , 4.5443077, -0.012253, , , , , , , , , , , , , , , , , , , , , , , , , , , , 
4.5448269, 0.0706645, , , , , , , 4.5448269, 0.0129244, , , , , , , 4.5448269, 0.0198062, , , , , , , 4.5448269, -0.0137636, , , , , , , , , , , , , , , , , , , , , , , , , , , , 
4.5453462, 0.0733501, , , , , , , 4.5453462, 0.0218204, , , , , , , 4.5453462, 0.0164492, , , , , , , 4.5453462, -0.0135958, , , , , , , , , , , , , , , , , , , , , , , , , , , , 
4.5458654, 0.0663005, , , , , , , 4.5458654, 0.0345769, , , , , , , 4.5458654, 0.0172885, , , , , , , 4.5458654, -0.0109102, , , , , , , , , , , , , , , , , , , , , , , , , , , , 
4.5463846, 0.0589151, , , , , , , 4.5463846, 0.0533761, , , , , , , 4.5463846, 0.017792, , , , , , , 4.5463846, -0.0072175, , , , , , , , , , , , , , , , , , , , , , , , , , , , 
4.5469038, 0.0515297, , , , , , , 4.5469038, 0.0663005, , , , , , , 4.5469038, 0.0139315, , , , , , , 4.5469038, -0.005539, , , , , , , , , , , , , , , , , , , , , , , , , , , , 
4.5474231, 0.0431373, , , , , , , 4.5474231, 0.0649577, , , , , , , 4.5474231, 0.0065461, , , , , , , 4.5474231, -0.0016785, , , , , , , , , , , , , , , , , , , , , , , , , , , , 
4.5479423, 0.0340734, , , , , , , 4.5479423, 0.0636149, , , , , , , 4.5479423, -0.0008392, , , , , , , 4.5479423, 0.0031891, , , , , , , , , , , , , , , , , , , , , , , , , , , , 
4.5484615, 0.023331, , , , , , , 4.5484615, 0.0710002, , , , , , , 4.5484615, -0.0038605, , , , , , , 4.5484615, 0.0104067, , , , , , , , , , , , , , , , , , , , , , , , , , , , 
4.5489808, 0.0105745, , , , , , , 4.5489808, 0.0669718, , , , , , , 4.5489808, -0.0011749, , , , , , , 4.5489808, 0.0186313, , , , , , , , , , , , , , , , , , , , , , , , , , , , 
4.5495, -0.0028534, , , , , , , 4.5495, 0.0508583, , , , , , , 4.5495, 0.0058747, , , , , , , 4.5495, 0.0276951, , , , , , , , , , , , , , , , , , , , , , , , , , , , 
4.5500192, -0.0196384, , , , , , , 4.5500192, 0.0357519, , , , , , , 4.5500192, 0.0139315, , , , , , , 4.5500192, 0.0347448, , , , , , , , , , , , , , , , , , , , , , , , , , , , 
4.5505385, -0.0357519, , , , , , , 4.5505385, 0.026688, , , , , , , 4.5505385, 0.0196384, , , , , , , 4.5505385, 0.0381018, , , , , , , , , , , , , , , , , , , , , , , , , , , , 
4.5510577, -0.0446479, , , , , , , 4.5510577, 0.0171206, , , , , , , 4.5510577, 0.0223239, , , , , , , 4.5510577, 0.0391089, , , , , , , , , , , , , , , , , , , , , , , , , , , , 
4.5515769, -0.0503548, , , , , , , 4.5515769, 0.0115816, , , , , , , 4.5515769, 0.018967, , , , , , , 4.5515769, 0.0381018, , , , , , , , , , , , , , , , , , , , , , , , , , , , 
4.5520962, -0.0582437, , , , , , , 4.5520962, -0.0008392, , , , , , , 4.5520962, 0.008896, , , , , , , 4.5520962, 0.0347448, , , , , , , , , , , , , , , , , , , , , , , , , , , , 
4.5526154, -0.0595865, , , , , , , 4.5526154, -0.0223239, , , , , , , 4.5526154, -0.0018463, , , , , , , 4.5526154, 0.0307164, , , , , , , , , , , , , , , , , , , , , , , , , , , , 
4.5531346, -0.0449836, , , , , , , 4.5531346, -0.0359197, , , , , , , 4.5531346, -0.0099031, , , , , , , 4.5531346, 0.026688, , , , , , , , , , , , , , , , , , , , , , , , , , , , 
4.5536538, -0.0276951, , , , , , , 4.5536538, -0.0303807, , , , , , , 4.5536538, -0.0117494, , , , , , , 4.5536538, 0.0226596, , , , , , , , , , , , , , , , , , , , , , , , , , , , 
4.5541731, -0.0162814, , , , , , , 4.5541731, -0.0152743, , , , , , , 4.5541731, -0.0062104, , , , , , , 4.5541731, 0.0223239, , , , , , , , , , , , , , , , , , , , , , , , , , , , 
4.5546923, -0.0082246, , , , , , , 4.5546923, 0.0031891, , , , , , , 4.5546923, -0.0010071, , , , , , , 4.5546923, 0.023331, , , , , , , , , , , , , , , , , , , , , , , , , , , , 
4.5552115, 0.0011749, , , , , , , 4.5552115, 0.0095674, , , , , , , 4.5552115, -0.0075532, , , , , , , 4.5552115, 0.0208133, , , , , , , , , , , , , , , , , , , , , , , , , , , , 
4.5557308, 0.0090639, , , , , , , 4.5557308, -0.0062104, , , , , , , 4.5557308, -0.0283665, , , , , , , 4.5557308, 0.0172885, , , , , , , , , , , , , , , , , , , , , , , , , , , , 
4.55625, 0.0142672, , , , , , , 4.55625, -0.0364233, , , , , , , 4.55625, -0.0572366, , , , , , , 4.55625, 0.0179599, , , , , , , , , , , , , , , , , , , , , , , , , , , , 
4.5567692, 0.018967, , , , , , , 4.5567692, -0.057908, , , , , , , 4.5567692, -0.082414, , , , , , , 4.5567692, 0.0191348, , , , , , , , , , , , , , , , , , , , , , , , , , , , 
4.5572885, 0.0258488, , , , , , , 4.5572885, -0.0641184, , , , , , , 4.5572885, -0.0941634, , , , , , , 4.5572885, 0.0193027, , , , , , , , , , , , , , , , , , , , , , , , , , , , 
4.5578077, 0.0253452, , , , , , , 4.5578077, -0.0730144, , , , , , , 4.5578077, -0.0961776, , , , , , , 4.5578077, 0.023331, , , , , , , , , , , , , , , , , , , , , , , , , , , , 
4.5583269, 0.0196384, , , , , , , 4.5583269, -0.0894636, , , , , , , 4.5583269, -0.0944991, , , , , , , 4.5583269, 0.0276951, , , , , , , , , , , , , , , , , , , , , , , , , , , , 
4.5588462, 0.0179599, , , , , , , 4.5588462, -0.1015488, , , , , , , 4.5588462, -0.0908064, , , , , , , 4.5588462, 0.0271916, , , , , , , , , , , , , , , , , , , , , , , , , , , , 
4.5593654, 0.0263523, , , , , , , 4.5593654, -0.0914778, , , , , , , 4.5593654, -0.0830854, , , , , , , 4.5593654, 0.0209812, , , , , , , , , , , , , , , , , , , , , , , , , , , , 
4.5598846, 0.0337377, , , , , , , 4.5598846, -0.064622, , , , , , , 4.5598846, -0.0797284, , , , , , , 4.5598846, 0.0162814, , , , , , , , , , , , , , , , , , , , , , , , , , , , 
4.5604038, 0.0320592, , , , , , , 4.5604038, -0.04448, , , , , , , 4.5604038, -0.0817426, , , , , , , 4.5604038, 0.012253, , , , , , , , , , , , , , , , , , , , , , , , , , , , 
4.5609231, 0.0253452, , , , , , , 4.5609231, -0.0387732, , , , , , , 4.5609231, -0.0802319, , , , , , , 4.5609231, 0.0105745, , , , , , , , , , , , , , , , , , , , , , , , , , , , 
4.5614423, 0.0204776, , , , , , , 4.5614423, -0.0377661, , , , , , , 4.5614423, -0.0733501, , , , , , , 4.5614423, 0.0092317, , , , , , , , , , , , , , , , , , , , , , , , , , , , 
4.5619615, 0.0213169, , , , , , , 4.5619615, -0.0303807, , , , , , , 4.5619615, -0.0637827, , , , , , , 4.5619615, 0.0052033, , , , , , , , , , , , , , , , , , , , , , , , , , , , 
4.5624808, 0.0295415, , , , , , , 4.5624808, -0.0162814, , , , , , , 4.5624808, -0.0528725, , , , , , , 4.5624808, -0.0008392, , , , , , , , , , , , , , , , , , , , , , , , , , , , 
4.563, 0.043473, , , , , , , 4.563, -0.0031891, , , , , , , 4.563, -0.0404517, , , , , , , 4.563, -0.0102388, , , , , , , , , , , , , , , , , , , , , , , , , , , , 
4.5635192, 0.0580758, , , , , , , 4.5635192, 0.0057069, , , , , , , 4.5635192, -0.0223239, , , , , , , 4.5635192, -0.0135958, , , , , , , , , , , , , , , , , , , , , , , , , , , , 
4.5640385, 0.0656291, , , , , , , 4.5640385, 0.017792, , , , , , , 4.5640385, -0.0035248, , , , , , , 4.5640385, -0.0072175, , , , , , , , , , , , , , , , , , , , , , , , , , , , 
4.5645577, 0.0663005, , , , , , , 4.5645577, 0.0250095, , , , , , , 4.5645577, 0.0102388, , , , , , , 4.5645577, -0.0008392, , , , , , , , , , , , , , , , , , , , , , , , , , , , 
4.5650769, 0.0656291, , , , , , , 4.5650769, 0.0236667, , , , , , , 4.5650769, 0.0169528, , , , , , , 4.5650769, 0.0005035, , , , , , , , , , , , , , , , , , , , , , , , , , , , 
4.5655962, 0.0656291, , , , , , , 4.5655962, 0.0280308, , , , , , , 4.5655962, 0.0193027, , , , , , , 4.5655962, -0.0005035, , , , , , , , , , , , , , , , , , , , , , , , , , , , 
4.5661154, 0.0622721, , , , , , , 4.5661154, 0.051194, , , , , , , 4.5661154, 0.0199741, , , , , , , 4.5661154, -0.0015106, , , , , , , , , , , , , , , , , , , , , , , , , , , , 
4.5666346, 0.0572366, , , , , , , 4.5666346, 0.0864424, , , , , , , 4.5666346, 0.0246738, , , , , , , 4.5666346, -0.002182, , , , , , , , , , , , , , , , , , , , , , , , , , , , 
4.5671538, 0.0488441, , , , , , , 4.5671538, 0.0931563, , , , , , , 4.5671538, 0.026688, , , , , , , 4.5671538, -0.0028534, , , , , , , , , , , , , , , , , , , , , , , , , , , , 
4.5676731, 0.0381018, , , , , , , 4.5676731, 0.0602579, , , , , , , 4.5676731, 0.0219883, , , , , , , 4.5676731, 0.0015106, , , , , , , , , , , , , , , , , , , , , , , , , , , , 
4.5681923, 0.0273594, , , , , , , 4.5681923, 0.0293736, , , , , , , 4.5681923, 0.0151064, , , , , , , 4.5681923, 0.0075532, , , , , , , , , , , , , , , , , , , , , , , , , , , , 
4.5687115, 0.0166171, , , , , , , 4.5687115, 0.026688, , , , , , , 4.5687115, 0.0065461, , , , , , , 4.5687115, 0.0129244, , , , , , , , , , , , , , , , , , , , , , , , , , , , 
4.5692308, 0.0038605, , , , , , , 4.5692308, 0.0382696, , , , , , , 4.5692308, 0.0018463, , , , , , , 4.5692308, 0.0135958, , , , , , , , , , , , , , , , , , , , , , , , , , , , 
4.56975, -0.0041962, , , , , , , 4.56975, 0.0468299, , , , , , , 4.56975, 0.0041962, , , , , , , 4.56975, 0.0119173, , , , , , , , , , , , , , , , , , , , , , , , , , , , 
4.5702692, -0.0115816, , , , , , , 4.5702692, 0.0481727, , , , , , , 4.5702692, 0.0102388, , , , , , , 4.5702692, 0.0117494, , , , , , , , , , , , , , , , , , , , , , , , , , , , 
4.5707885, -0.0172885, , , , , , , 4.5707885, 0.04448, , , , , , , 4.5707885, 0.0166171, , , , , , , 4.5707885, 0.0132601, , , , , , , , , , , , , , , , , , , , , , , , , , , , 
4.5713077, -0.026688, , , , , , , 4.5713077, 0.0374304, , , , , , , 4.5713077, 0.0193027, , , , , , , 4.5713077, 0.0146029, , , , , , , , , , , , , , , , , , , , , , , , , , , , 
4.5718269, -0.0384375, , , , , , , 4.5718269, 0.0226596, , , , , , , 4.5718269, 0.0179599, , , , , , , 4.5718269, 0.014435, , , , , , , , , , , , , , , , , , , , , , , , , , , , 
4.5723462, -0.0404517, , , , , , , 4.5723462, -0.0035248, , , , , , , 4.5723462, 0.0179599, , , , , , , 4.5723462, 0.0130922, , , , , , , , , , , , , , , , , , , , , , , , , , , , 
4.5728654, -0.0290379, , , , , , , 4.5728654, -0.0287022, , , , , , , 4.5728654, 0.0199741, , , , , , , 4.5728654, 0.0105745, , , , , , , , , , , , , , , , , , , , , , , , , , , , 
4.5733846, -0.0114137, , , , , , , 4.5733846, -0.0377661, , , , , , , 4.5733846, 0.0184634, , , , , , , 4.5733846, 0.0085603, , , , , , , , , , , , , , , , , , , , , , , , , , , , 
4.5739038, 0.0018463, , , , , , , 4.5739038, -0.0335698, , , , , , , 4.5739038, 0.0065461, , , , , , , 4.5739038, 0.0075532, , , , , , , , , , , , , , , , , , , , , , , , , , , , 
4.5744231, 0.0072175, , , , , , , 4.5744231, -0.0370947, , , , , , , 4.5744231, -0.0109102, , , , , , , 4.5744231, 0.0090639, , , , , , , , , , , , , , , , , , , , , , , , , , , , 
4.5749423, 0.0109102, , , , , , , 4.5749423, -0.0466621, , , , , , , 4.5749423, -0.0263523, , , , , , , 4.5749423, 0.0105745, , , , , , , , , , , , , , , , , , , , , , , , , , , , 
4.5754615, 0.0129244, , , , , , , 4.5754615, -0.0498512, , , , , , , 4.5754615, -0.0417945, , , , , , , 4.5754615, 0.0085603, , , , , , , , , , , , , , , , , , , , , , , , , , , , 
4.5759808, 0.0112459, , , , , , , 4.5759808, -0.0453193, , , , , , , 4.5759808, -0.0585794, , , , , , , 4.5759808, 0.0065461, , , , , , , , , , , , , , , , , , , , , , , , , , , , 
4.5765, 0.0125887, , , , , , , 4.5765, -0.0391089, , , , , , , 4.5765, -0.0673075, , , , , , , 4.5765, 0.0099031, , , , , , , , , , , , , , , , , , , , , , , , , , , , 
4.5770192, 0.0132601, , , , , , , 4.5770192, -0.0359197, , , , , , , 4.5770192, -0.064622, , , , , , , 4.5770192, 0.01561, , , , , , , , , , , , , , , , , , , , , , , , , , , , 
4.5775385, 0.0082246, , , , , , , 4.5775385, -0.0384375, , , , , , , 4.5775385, -0.0565652, , , , , , , 4.5775385, 0.0240024, , , , , , , , , , , , , , , , , , , , , , , , , , , , 
4.5780577, 0.0008392, , , , , , , 4.5780577, -0.0391089, , , , , , , 4.5780577, -0.0468299, , , , , , , 4.5780577, 0.033402, , , , , , , , , , , , , , , , , , , , , , , , , , , , 
4.5785769, 0.0018463, , , , , , , 4.5785769, -0.0381018, , , , , , , 4.5785769, -0.0391089, , , , , , , 4.5785769, 0.0417945, , , , , , , , , , , , , , , , , , , , , , , , , , , , 
4.5790962, 0.0062104, , , , , , , 4.5790962, -0.0394446, , , , , , , 4.5790962, -0.0323949, , , , , , , 4.5790962, 0.0461585, , , , , , , , , , , , , , , , , , , , , , , , , , , , 
4.5796154, 0.0057069, , , , , , , 4.5796154, -0.0404517, , , , , , , 4.5796154, -0.0221561, , , , , , , 4.5796154, 0.0436408, , , , , , , , , , , , , , , , , , , , , , , , , , , , 
4.5801346, 0.0010071, , , , , , , 4.5801346, -0.0433051, , , , , , , 4.5801346, -0.0075532, , , , , , , 4.5801346, 0.0360876, , , , , , , , , , , , , , , , , , , , , , , , , , , , 
4.5806538, -0.0028534, , , , , , , 4.5806538, -0.04448, , , , , , , 4.5806538, 0.0099031, , , , , , , 4.5806538, 0.0276951, , , , , , , , , , , , , , , , , , , , , , , , , , , , 
4.5811731, -0.002182, , , , , , , 4.5811731, -0.0370947, , , , , , , 4.5811731, 0.0273594, , , , , , , 4.5811731, 0.0196384, , , , , , , , , , , , , , , , , , , , , , , , , , , , 
4.5816923, 0.0008392, , , , , , , 4.5816923, -0.0231632, , , , , , , 4.5816923, 0.0397803, , , , , , , 4.5816923, 0.0115816, , , , , , , , , , , , , , , , , , , , , , , , , , , , 
4.5822115, 0.0048676, , , , , , , 4.5822115, -0.0085603, , , , , , , 4.5822115, 0.0438087, , , , , , , 4.5822115, 0.0045319, , , , , , , , , , , , , , , , , , , , , , , , , , , , 
4.5827308, 0.0139315, , , , , , , 4.5827308, 0.0025177, , , , , , , 4.5827308, 0.0459907, , , , , , , 4.5827308, -0.0041962, , , , , , , , , , , , , , , , , , , , , , , , , , , , 
4.58325, 0.0293736, , , , , , , 4.58325, 0.0102388, , , , , , , 4.58325, 0.0552224, , , , , , , 4.58325, -0.012253, , , , , , , , , , , , , , , , , , , , , , , , , , , , 
4.5837692, 0.0453193, , , , , , , 4.5837692, 0.0219883, , , , , , , 4.5837692, 0.0688182, , , , , , , 4.5837692, -0.0169528, , , , , , , , , , , , , , , , , , , , , , , , , , , , 
4.5842885, 0.0548867, , , , , , , 4.5842885, 0.033402, , , , , , , 4.5842885, 0.0720073, , , , , , , 4.5842885, -0.0193027, , , , , , , , , , , , , , , , , , , , , , , , , , , , 
4.5848077, 0.0538796, , , , , , , 4.5848077, 0.0332341, , , , , , , 4.5848077, 0.0589151, , , , , , , 4.5848077, -0.0206455, , , , , , , , , , , , , , , , , , , , , , , , , , , , 
4.5853269, 0.0508583, , , , , , , 4.5853269, 0.0253452, , , , , , , 4.5853269, 0.0325628, , , , , , , 4.5853269, -0.0216526, , , , , , , , , , , , , , , , , , , , , , , , , , , , 
4.5858462, 0.0503548, , , , , , , 4.5858462, 0.0199741, , , , , , , 4.5858462, 0.0005035, , , , , , , 4.5858462, -0.0186313, , , , , , , , , , , , , , , , , , , , , , , , , , , , 
4.5863654, 0.0485084, , , , , , , 4.5863654, 0.0234989, , , , , , , 4.5863654, -0.0283665, , , , , , , 4.5863654, -0.0139315, , , , , , , , , , , , , , , , , , , , , , , , , , , , 
4.5868846, 0.0404517, , , , , , , 4.5868846, 0.0307164, , , , , , , 4.5868846, -0.0518654, , , , , , , 4.5868846, -0.0095674, , , , , , , , , , , , , , , , , , , , , , , , , , , , 
4.5874038, 0.033402, , , , , , , 4.5874038, 0.0273594, , , , , , , 4.5874038, -0.0721752, , , , , , , 4.5874038, -0.0045319, , , , , , , , , , , , , , , , , , , , , , , , , , , , 
4.5879231, 0.0298772, , , , , , , 4.5879231, 0.0092317, , , , , , , 4.5879231, -0.0861067, , , , , , , 4.5879231, 0.0035248, , , , , , , , , , , , , , , , , , , , , , , , , , , , 
4.5884423, 0.0263523, , , , , , , 4.5884423, -0.0075532, , , , , , , 4.5884423, -0.0941634, , , , , , , 4.5884423, 0.0146029, , , , , , , , , , , , , , , , , , , , , , , , , , , , 
4.5889615, 0.0196384, , , , , , , 4.5889615, -0.01561, , , , , , , 4.5889615, -0.0991989, , , , , , , 4.5889615, 0.0256809, , , , , , , , , , , , , , , , , , , , , , , , , , , , 
4.5894808, 0.0058747, , , , , , , 4.5894808, -0.0162814, , , , , , , 4.5894808, -0.1025559, , , , , , , 4.5894808, 0.0360876, , , , , , , , , , , , , , , , , , , , , , , , , , , , 
4.59, -0.0105745, , , , , , , 4.59, -0.0209812, , , , , , , 4.59, -0.0970169, , , , , , , 4.59, 0.0439765, , , , , , , , , , , , , , , , , , , , , , , , , , , , 
4.5905192, -0.0231632, , , , , , , 4.5905192, -0.0337377, , , , , , , 4.5905192, -0.0770428, , , , , , , 4.5905192, 0.0466621, , , , , , , , , , , , , , , , , , , , , , , , , , , , 
4.5910385, -0.0325628, , , , , , , 4.5910385, -0.0364233, , , , , , , 4.5910385, -0.0525368, , , , , , , 4.5910385, 0.0451514, , , , , , , , , , , , , , , , , , , , , , , , , , , , 
4.5915577, -0.0414588, , , , , , , 4.5915577, -0.0203098, , , , , , , 4.5915577, -0.0364233, , , , , , , 4.5915577, 0.0421302, , , , , , , , , , , , , , , , , , , , , , , , , , , , 
4.5920769, -0.043473, , , , , , , 4.5920769, 0.0052033, , , , , , , 4.5920769, -0.024506, , , , , , , 4.5920769, 0.0406195, , , , , , , , , , , , , , , , , , , , , , , , , , , , 
4.5925962, -0.0384375, , , , , , , 4.5925962, 0.0196384, , , , , , , 4.5925962, -0.008896, , , , , , , 4.5925962, 0.0377661, , , , , , , , , , , , , , , , , , , , , , , , , , , , 
4.5931154, -0.0290379, , , , , , , 4.5931154, 0.0075532, , , , , , , 4.5931154, 0.010071, , , , , , , 4.5931154, 0.033402, , , , , , , , , , , , , , , , , , , , , , , , , , , , 
4.5936346, -0.0154421, , , , , , , 4.5936346, -0.0127565, , , , , , , 4.5936346, 0.0216526, , , , , , , 4.5936346, 0.0293736, , , , , , , , , , , , , , , , , , , , , , , , , , , , 
4.5941538, -0.0043641, , , , , , , 4.5941538, -0.0176242, , , , , , , 4.5941538, 0.0253452, , , , , , , 4.5941538, 0.0236667, , , , , , , , , , , , , , , , , , , , , , , , , , , , 
4.5946731, 0.0008392, , , , , , , 4.5946731, -0.0077211, , , , , , , 4.5946731, 0.0226596, , , , , , , 4.5946731, 0.0169528, , , , , , , , , , , , , , , , , , , , , , , , , , , , 
4.5951923, 0.005539, , , , , , , 4.5951923, 0.0031891, , , , , , , 4.5951923, 0.0216526, , , , , , , 4.5951923, 0.0112459, , , , , , , , , , , , , , , , , , , , , , , , , , , , 
4.5957115, 0.0092317, , , , , , , 4.5957115, 0.0139315, , , , , , , 4.5957115, 0.0261845, , , , , , , 4.5957115, 0.0078889, , , , , , , , , , , , , , , , , , , , , , , , , , , , 
4.5962308, 0.0132601, , , , , , , 4.5962308, 0.0221561, , , , , , , 4.5962308, 0.0354162, , , , , , , 4.5962308, 0.0050355, , , , , , , , , , , , , , , , , , , , , , , , , , , , 
4.59675, 0.0176242, , , , , , , 4.59675, 0.0152743, , , , , , , 4.59675, 0.0454871, , , , , , , 4.59675, 0.0028534, , , , , , , , , , , , , , , , , , , , , , , , , , , , 
4.5972692, 0.0226596, , , , , , , 4.5972692, -0.0045319, , , , , , , 4.5972692, 0.0488441, , , , , , , 4.5972692, 0.002182, , , , , , , , , , , , , , , , , , , , , , , , , , , , 
4.5977885, 0.0307164, , , , , , , 4.5977885, -0.0243381, , , , , , , 4.5977885, 0.0464942, , , , , , , 4.5977885, 0.003357, , , , , , , , , , , , , , , , , , , , , , , , , , , , 
4.5983077, 0.0320592, , , , , , , 4.5983077, -0.0327306, , , , , , , 4.5983077, 0.0428016, , , , , , , 4.5983077, 0.0038605, , , , , , , , , , , , , , , , , , , , , , , , , , , , 
4.5988269, 0.0297093, , , , , , , 4.5988269, -0.033402, , , , , , , 4.5988269, 0.0344091, , , , , , , 4.5988269, 0.0038605, , , , , , , , , , , , , , , , , , , , , , , , , , , , 
4.5993462, 0.0292058, , , , , , , 4.5993462, -0.0280308, , , , , , , 4.5993462, 0.018967, , , , , , , 4.5993462, 0.0041962, , , , , , , , , , , , , , , , , , , , , , , , , , , , 
4.5998654, 0.026688, , , , , , , 4.5998654, -0.0256809, , , , , , , 4.5998654, 0.0050355, , , , , , , 4.5998654, 0.0041962, , , , , , , , , , , , , , , , , , , , , , , , , , , , 
4.6003846, 0.0226596, , , , , , , 4.6003846, -0.0287022, , , , , , , 4.6003846, 0.0005035, , , , , , , 4.6003846, 0.002182, , , , , , , , , , , , , , , , , , , , , , , , , , , , 
4.6009038, 0.0199741, , , , , , , 4.6009038, -0.0276951, , , , , , , 4.6009038, 0.002182, , , , , , , 4.6009038, 0.0005035, , , , , , , , , , , , , , , , , , , , , , , , , , , , 
4.6014231, 0.0199741, , , , , , , 4.6014231, -0.0203098, , , , , , , 4.6014231, 0.0052033, , , , , , , 4.6014231, 0.0005035, , , , , , , , , , , , , , , , , , , , , , , , , , , , 
4.6019423, 0.0240024, , , , , , , 4.6019423, -0.0117494, , , , , , , 4.6019423, 0.0072175, , , , , , , 4.6019423, 0.0018463, , , , , , , , , , , , , , , , , , , , , , , , , , , , 
4.6024615, 0.0357519, , , , , , , 4.6024615, -0.0052033, , , , , , , 4.6024615, 0.0104067, , , , , , , 4.6024615, 0.0085603, , , , , , , , , , , , , , , , , , , , , , , , , , , , 
4.6029808, 0.0505226, , , , , , , 4.6029808, -0.0041962, , , , , , , 4.6029808, 0.0083925, , , , , , , 4.6029808, 0.0166171, , , , , , , , , , , , , , , , , , , , , , , , , , , , 
4.6035, 0.0616007, , , , , , , 4.6035, 0.0045319, , , , , , , 4.6035, 0.0048676, , , , , , , 4.6035, 0.0186313, , , , , , , , , , , , , , , , , , , , , , , , , , , , 
4.6040192, 0.0636149, , , , , , , 4.6040192, 0.0159457, , , , , , , 4.6040192, 0.0065461, , , , , , , 4.6040192, 0.0159457, , , , , , , , , , , , , , , , , , , , , , , , , , , , 
4.6045385, 0.0622721, , , , , , , 4.6045385, 0.008896, , , , , , , 4.6045385, 0.0125887, , , , , , , 4.6045385, 0.0159457, , , , , , , , , , , , , , , , , , , , , , , , , , , , 
4.6050577, 0.0627756, , , , , , , 4.6050577, 0.0077211, , , , , , , 4.6050577, 0.0135958, , , , , , , 4.6050577, 0.0151064, , , , , , , , , , , , , , , , , , , , , , , , , , , , 
4.6055769, 0.0639506, , , , , , , 4.6055769, 0.026688, , , , , , , 4.6055769, 0.0092317, , , , , , , 4.6055769, 0.0112459, , , , , , , , , , , , , , , , , , , , , , , , , , , , 
4.6060962, 0.0589151, , , , , , , 4.6060962, 0.043473, , , , , , , 4.6060962, 0.0025177, , , , , , , 4.6060962, 0.0073854, , , , , , , , , , , , , , , , , , , , , , , , , , , , 
4.6066154, 0.043473, , , , , , , 4.6066154, 0.0459907, , , , , , , 4.6066154, 0.0058747, , , , , , , 4.6066154, 0.0078889, , , , , , , , , , , , , , , , , , , , , , , , , , , , 
4.6071346, 0.024506, , , , , , , 4.6071346, 0.0505226, , , , , , , 4.6071346, 0.0172885, , , , , , , 4.6071346, 0.0135958, , , , , , , , , , , , , , , , , , , , , , , , , , , , 
4.6076538, 0.012253, , , , , , , 4.6076538, 0.079057, , , , , , , 4.6076538, 0.023331, , , , , , , 4.6076538, 0.0199741, , , , , , , , , , , , , , , , , , , , , , , , , , , , 
4.6081731, 0.0052033, , , , , , , 4.6081731, 0.0911421, , , , , , , 4.6081731, 0.0166171, , , , , , , 4.6081731, 0.0240024, , , , , , , , , , , , , , , , , , , , , , , , , , , , 
4.6086923, -0.0036927, , , , , , , 4.6086923, 0.0525368, , , , , , , 4.6086923, 0.0001678, , , , , , , 4.6086923, 0.0256809, , , , , , , , , , , , , , , , , , , , , , , , , , , , 
4.6092115, -0.0186313, , , , , , , 4.6092115, 0.008896, , , , , , , 4.6092115, -0.0229953, , , , , , , 4.6092115, 0.0285344, , , , , , , , , , , , , , , , , , , , , , , , , , , , 
4.6097308, -0.0317235, , , , , , , 4.6097308, 0.0036927, , , , , , , 4.6097308, -0.0461585, , , , , , , 4.6097308, 0.0352483, , , , , , , , , , , , , , , , , , , , , , , , , , , , 
4.61025, -0.0424659, , , , , , , 4.61025, 0.0045319, , , , , , , 4.61025, -0.0575723, , , , , , , 4.61025, 0.0441444, , , , , , , , , , , , , , , , , , , , , , , , , , , , 
4.6107692, -0.0471656, , , , , , , 4.6107692, -0.018967, , , , , , , 4.6107692, -0.0585794, , , , , , , 4.6107692, 0.0485084, , , , , , , , , , , , , , , , , , , , , , , , , , , , 
4.6112885, -0.051194, , , , , , , 4.6112885, -0.0354162, , , , , , , 4.6112885, -0.0572366, , , , , , , 4.6112885, 0.0438087, , , , , , , , , , , , , , , , , , , , , , , , , , , , 
4.6118077, -0.0632792, , , , , , , 4.6118077, -0.0347448, , , , , , , 4.6118077, -0.0538796, , , , , , , 4.6118077, 0.036759, , , , , , , , , , , , , , , , , , , , , , , , , , , , 
4.6123269, -0.0688182, , , , , , , 4.6123269, -0.0552224, , , , , , , 4.6123269, -0.0464942, , , , , , , 4.6123269, 0.0320592, , , , , , , , , , , , , , , , , , , , , , , , , , , , 
4.6128462, -0.0605936, , , , , , , 4.6128462, -0.1129625, , , , , , , 4.6128462, -0.0424659, , , , , , , 4.6128462, 0.0287022, , , , , , , , , , , , , , , , , , , , , , , , , , , , 
4.6133654, -0.047837, , , , , , , 4.6133654, -0.1639887, , , , , , , 4.6133654, -0.0446479, , , , , , , 4.6133654, 0.0226596, , , , , , , , , , , , , , , , , , , , , , , , , , , , 
4.6138846, -0.0354162, , , , , , , 4.6138846, -0.1683528, , , , , , , 4.6138846, -0.0471656, , , , , , , 4.6138846, 0.0167849, , , , , , , , , , , , , , , , , , , , , , , , , , , , 
4.6144038, -0.0263523, , , , , , , 4.6144038, -0.1445182, , , , , , , 4.6144038, -0.0438087, , , , , , , 4.6144038, 0.0146029, , , , , , , , , , , , , , , , , , , , , , , , , , , , 
4.6149231, -0.0208133, , , , , , , 4.6149231, -0.128069, , , , , , , 4.6149231, -0.0344091, , , , , , , 4.6149231, 0.0179599, , , , , , , , , , , , , , , , , , , , , , , , , , , , 
4.6154423, -0.0146029, , , , , , , 4.6154423, -0.1176623, , , , , , , 4.6154423, -0.0223239, , , , , , , 4.6154423, 0.0186313, , , , , , , , , , , , , , , , , , , , , , , , , , , , 
4.6159615, -0.0028534, , , , , , , 4.6159615, -0.0951705, , , , , , , 4.6159615, -0.0068818, , , , , , , 4.6159615, 0.0146029, , , , , , , , , , , , , , , , , , , , , , , , , , , , 
4.6164808, 0.0083925, , , , , , , 4.6164808, -0.0720073, , , , , , , 4.6164808, 0.008896, , , , , , , 4.6164808, 0.0072175, , , , , , , , , , , , , , , , , , , , , , , , , , , , 
4.617, 0.0127565, , , , , , , 4.617, -0.0619364, , , , , , , 4.617, 0.0213169, , , , , , , 4.617, 0.0005035, , , , , , , , , , , , , , , , , , , , , , , , , , , , 
4.6175192, 0.0152743, , , , , , , 4.6175192, -0.054551, , , , , , , 4.6175192, 0.0320592, , , , , , , 4.6175192, -0.0008392, , , , , , , , , , , , , , , , , , , , , , , , , , , , 
4.6180385, 0.0213169, , , , , , , 4.6180385, -0.0364233, , , , , , , 4.6180385, 0.0461585, , , , , , , 4.6180385, -0.0005035, , , , , , , , , , , , , , , , , , , , , , , , , , , , 
4.6185577, 0.0285344, , , , , , , 4.6185577, -0.0008392, , , , , , , 4.6185577, 0.0609293, , , , , , , 4.6185577, -0.0030213, , , , , , , , , , , , , , , , , , , , , , , , , , , , 
4.6190769, 0.0340734, , , , , , , 4.6190769, 0.0263523, , , , , , , 4.6190769, 0.0762036, , , , , , , 4.6190769, -0.0105745, , , , , , , , , , , , , , , , , , , , , , , , , , , , 
4.6195962, 0.0407874, , , , , , , 4.6195962, 0.0240024, , , , , , , 4.6195962, 0.0884565, , , , , , , 4.6195962, -0.0139315, , , , , , , , , , , , , , , , , , , , , , , , , , , , 
4.6201154, 0.0468299, , , , , , , 4.6201154, 0.0072175, , , , , , , 4.6201154, 0.0924849, , , , , , , 4.6201154, -0.0162814, , , , , , , , , , , , , , , , , , , , , , , , , , , , 
4.6206346, 0.0518654, , , , , , , 4.6206346, -0.0050355, , , , , , , 4.6206346, 0.085771, , , , , , , 4.6206346, -0.0176242, , , , , , , , , , , , , , , , , , , , , , , , , , , , 
4.6211538, 0.0589151, , , , , , , 4.6211538, -0.0010071, , , , , , , 4.6211538, 0.070161, , , , , , , 4.6211538, -0.017792, , , , , , , , , , , , , , , , , , , , , , , , , , , , 
4.6216731, 0.0629435, , , , , , , 4.6216731, 0.0129244, , , , , , , 4.6216731, 0.0508583, , , , , , , 4.6216731, -0.0191348, , , , , , , , , , , , , , , , , , , , , , , , , , , , 
4.6221923, 0.064622, , , , , , , 4.6221923, 0.0317235, , , , , , , 4.6221923, 0.0350805, , , , , , , 4.6221923, -0.0199741, , , , , , , , , , , , , , , , , , , , , , , , , , , , 
4.6227115, 0.068986, , , , , , , 4.6227115, 0.0547189, , , , , , , 4.6227115, 0.0250095, , , , , , , 4.6227115, -0.0203098, , , , , , , , , , , , , , , , , , , , , , , , , , , , 
4.6232308, 0.0777142, , , , , , , 4.6232308, 0.0673075, , , , , , , 4.6232308, 0.0137636, , , , , , , 4.6232308, -0.0204776, , , , , , , , , , , , , , , , , , , , , , , , , , , , 
4.62375, 0.0862745, , , , , , , 4.62375, 0.0616007, , , , , , , 4.62375, -0.0005035, , , , , , , 4.62375, -0.0219883, , , , , , , , , , , , , , , , , , , , , , , , , , , , 
4.6242692, 0.0916457, , , , , , , 4.6242692, 0.043473, , , , , , , 4.6242692, -0.0099031, , , , , , , 4.6242692, -0.0231632, , , , , , , , , , , , , , , , , , , , , , , , , , , , 
4.6247885, 0.0931563, , , , , , , 4.6247885, 0.0273594, , , , , , , 4.6247885, -0.0229953, , , , , , , 4.6247885, -0.021149, , , , , , , , , , , , , , , , , , , , , , , , , , , , 
4.6253077, 0.0861067, , , , , , , 4.6253077, 0.0213169, , , , , , , 4.6253077, -0.0475013, , , , , , , 4.6253077, -0.0149386, , , , , , , , , , , , , , , , , , , , , , , , , , , , 
4.6258269, 0.0743572, , , , , , , 4.6258269, 0.0229953, , , , , , , 4.6258269, -0.079057, , , , , , , 4.6258269, -0.0078889, , , , , , , , , , , , , , , , , , , , , , , , , , , , 
4.6263462, 0.0616007, , , , , , , 4.6263462, 0.0226596, , , , , , , 4.6263462, -0.1037308, , , , , , , 4.6263462, 0.0005035, , , , , , , , , , , , , , , , , , , , , , , , , , , , 
4.6268654, 0.0481727, , , , , , , 4.6268654, 0.0068818, , , , , , , 4.6268654, -0.1136339, , , , , , , 4.6268654, 0.0112459, , , , , , , , , , , , , , , , , , , , , , , , , , , , 
4.6273846, 0.0292058, , , , , , , 4.6273846, -0.0216526, , , , , , , 4.6273846, -0.1139696, , , , , , , 4.6273846, 0.0236667, , , , , , , , , , , , , , , , , , , , , , , , , , , , 
4.6279038, 0.0052033, , , , , , , 4.6279038, -0.0448157, , , , , , , 4.6279038, -0.1122911, , , , , , , 4.6279038, 0.0357519, , , , , , , , , , , , , , , , , , , , , , , , , , , , 
4.6284231, -0.0115816, , , , , , , 4.6284231, -0.0464942, , , , , , , 4.6284231, -0.1116197, , , , , , , 4.6284231, 0.0501869, , , , , , , , , , , , , , , , , , , , , , , , , , , , 
4.6289423, -0.0223239, , , , , , , 4.6289423, -0.0276951, , , , , , , 4.6289423, -0.1136339, , , , , , , 4.6289423, 0.0622721, , , , , , , , , , , , , , , , , , , , , , , , , , , , 
4.6294615, -0.0323949, , , , , , , 4.6294615, 0.0018463, , , , , , , 4.6294615, -0.1136339, , , , , , , 4.6294615, 0.0686503, , , , , , , , , , , , , , , , , , , , , , , , , , , , 
4.6299808, -0.0374304, , , , , , , 4.6299808, 0.030045, , , , , , , 4.6299808, -0.1084306, , , , , , , 4.6299808, 0.0696574, , , , , , , , , , , , , , , , , , , , , , , , , , , , 
4.6305, -0.0419623, , , , , , , 4.6305, 0.0481727, , , , , , , 4.6305, -0.1015488, , , , , , , 4.6305, 0.0656291, , , , , , , , , , , , , , , , , , , , , , , , , , , , 
4.6310192, -0.0522011, , , , , , , 4.6310192, 0.0458228, , , , , , , 4.6310192, -0.090135, , , , , , , 4.6310192, 0.057908, , , , , , , , , , , , , , , , , , , , , , , , , , , , 
4.6315385, -0.0629435, , , , , , , 4.6315385, 0.0186313, , , , , , , 4.6315385, -0.0720073, , , , , , , 4.6315385, 0.0520333, , , , , , , , , , , , , , , , , , , , , , , , , , , , 
4.6320577, -0.0699931, , , , , , , 4.6320577, -0.018967, , , , , , , 4.6320577, -0.054551, , , , , , , 4.6320577, 0.0459907, , , , , , , , , , , , , , , , , , , , , , , , , , , , 
4.6325769, -0.0694896, , , , , , , 4.6325769, -0.0411231, , , , , , , 4.6325769, -0.04448, , , , , , , 4.6325769, 0.0377661, , , , , , , , , , , , , , , , , , , , , , , , , , , , 
4.6330962, -0.0619364, , , , , , , 4.6330962, -0.0532082, , , , , , , 4.6330962, -0.0424659, , , , , , , 4.6330962, 0.0273594, , , , , , , , , , , , , , , , , , , , , , , , , , , , 
4.6336154, -0.0548867, , , , , , , 4.6336154, -0.0622721, , , , , , , 4.6336154, -0.0404517, , , , , , , 4.6336154, 0.0151064, , , , , , , , , , , , , , , , , , , , , , , , , , , , 
4.6341346, -0.0453193, , , , , , , 4.6341346, -0.0582437, , , , , , , 4.6341346, -0.0229953, , , , , , , 4.6341346, 0.0050355, , , , , , , , , , , , , , , , , , , , , , , , , , , , 
4.6346538, -0.0293736, , , , , , , 4.6346538, -0.043473, , , , , , , 4.6346538, 0.0102388, , , , , , , 4.6346538, -0.0008392, , , , , , , , , , , , , , , , , , , , , , , , , , , , 
4.6351731, -0.0162814, , , , , , , 4.6351731, -0.0229953, , , , , , , 4.6351731, 0.0407874, , , , , , , 4.6351731, -0.0048676, , , , , , , , , , , , , , , , , , , , , , , , , , , , 
4.6356923, -0.0115816, , , , , , , 4.6356923, -0.0016785, , , , , , , 4.6356923, 0.0636149, , , , , , , 4.6356923, -0.0082246, , , , , , , , , , , , , , , , , , , , , , , , , , , , 
4.6362115, -0.0062104, , , , , , , 4.6362115, 0.0097353, , , , , , , 4.6362115, 0.0797284, , , , , , , 4.6362115, -0.008896, , , , , , , , , , , , , , , , , , , , , , , , , , , , 
4.6367308, 0.002182, , , , , , , 4.6367308, 0.0127565, , , , , , , 4.6367308, 0.085771, , , , , , , 4.6367308, -0.0105745, , , , , , , , , , , , , , , , , , , , , , , , , , , , 
4.63725, 0.0104067, , , , , , , 4.63725, 0.008896, , , , , , , 4.63725, 0.0803998, , , , , , , 4.63725, -0.012253, , , , , , , , , , , , , , , , , , , , , , , , , , , , 
4.6377692, 0.0216526, , , , , , , 4.6377692, 0.0031891, , , , , , , 4.6377692, 0.0686503, , , , , , , 4.6377692, -0.0109102, , , , , , , , , , , , , , , , , , , , , , , , , , , , 
4.6382885, 0.0350805, , , , , , , 4.6382885, 0.0105745, , , , , , , 4.6382885, 0.0538796, , , , , , , 4.6382885, -0.012253, , , , , , , , , , , , , , , , , , , , , , , , , , , , 
4.6388077, 0.0399481, , , , , , , 4.6388077, 0.0317235, , , , , , , 4.6388077, 0.0377661, , , , , , , 4.6388077, -0.0135958, , , , , , , , , , , , , , , , , , , , , , , , , , , , 
4.6393269, 0.0431373, , , , , , , 4.6393269, 0.0451514, , , , , , , 4.6393269, 0.0216526, , , , , , , 4.6393269, -0.0099031, , , , , , , , , , , , , , , , , , , , , , , , , , , , 
4.6398462, 0.0458228, , , , , , , 4.6398462, 0.0414588, , , , , , , 4.6398462, 0.0052033, , , , , , , 4.6398462, -0.0058747, , , , , , , , , , , , , , , , , , , , , , , , , , , , 
4.6403654, 0.0454871, , , , , , , 4.6403654, 0.0253452, , , , , , , 4.6403654, -0.012253, , , , , , , 4.6403654, -0.0050355, , , , , , , , , , , , , , , , , , , , , , , , , , , , 
4.6408846, 0.0458228, , , , , , , 4.6408846, 0.0085603, , , , , , , 4.6408846, -0.0317235, , , , , , , 4.6408846, -0.0050355, , , , , , , , , , , , , , , , , , , , , , , , , , , , 
4.6414038, 0.0466621, , , , , , , 4.6414038, -0.0052033, , , , , , , 4.6414038, -0.051194, , , , , , , 4.6414038, -0.0048676, , , , , , , , , , , , , , , , , , , , , , , , , , , , 
4.6419231, 0.0448157, , , , , , , 4.6419231, -0.0109102, , , , , , , 4.6419231, -0.068986, , , , , , , 4.6419231, -0.0035248, , , , , , , , , , , , , , , , , , , , , , , , , , , , 
4.6424423, 0.0464942, , , , , , , 4.6424423, -0.0139315, , , , , , , 4.6424423, -0.0815747, , , , , , , 4.6424423, -0.0015106, , , , , , , , , , , , , , , , , , , , , , , , , , , , 
4.6429615, 0.0582437, , , , , , , 4.6429615, -0.0135958, , , , , , , 4.6429615, -0.0837568, , , , , , , 4.6429615, 0.0008392, , , , , , , , , , , , , , , , , , , , , , , , , , , , 
4.6434808, 0.0703288, , , , , , , 4.6434808, -0.0018463, , , , , , , 4.6434808, -0.0762036, , , , , , , 4.6434808, 0.0052033, , , , , , , , , , , , , , , , , , , , , , , , , , , , 
4.644, 0.0736858, , , , , , , 4.644, 0.0181277, , , , , , , 4.644, -0.0656291, , , , , , , 4.644, 0.0092317, , , , , , , , , , , , , , , , , , , , , , , , , , , , 
4.6445192, 0.0703288, , , , , , , 4.6445192, 0.0344091, , , , , , , 4.6445192, -0.0582437, , , , , , , 4.6445192, 0.0105745, , , , , , , , , , , , , , , , , , , , , , , , , , , , 
4.6450385, 0.0666361, , , , , , , 4.6450385, 0.0365911, , , , , , , 4.6450385, -0.0527047, , , , , , , 4.6450385, 0.0099031, , , , , , , , , , , , , , , , , , , , , , , , , , , , 
4.6455577, 0.0629435, , , , , , , 4.6455577, 0.0203098, , , , , , , 4.6455577, -0.04448, , , , , , , 4.6455577, 0.0060426, , , , , , , , , , , , , , , , , , , , , , , , , , , , 
4.6460769, 0.0592508, , , , , , , 4.6460769, -0.005539, , , , , , , 4.6460769, -0.0290379, , , , , , , 4.6460769, 0.0052033, , , , , , , , , , , , , , , , , , , , , , , , , , , , 
4.6465962, 0.0495155, , , , , , , 4.6465962, -0.023331, , , , , , , 4.6465962, -0.0045319, , , , , , , 4.6465962, 0.0090639, , , , , , , , , , , , , , , , , , , , , , , , , , , , 
4.6471154, 0.0384375, , , , , , , 4.6471154, -0.0223239, , , , , , , 4.6471154, 0.0206455, , , , , , , 4.6471154, 0.0125887, , , , , , , , , , , , , , , , , , , , , , , , , , , , 
4.6476346, 0.0317235, , , , , , , 4.6476346, -0.0015106, , , , , , , 4.6476346, 0.0391089, , , , , , , 4.6476346, 0.0129244, , , , , , , , , , , , , , , , , , , , , , , , , , , , 
4.6481538, 0.0253452, , , , , , , 4.6481538, 0.023331, , , , , , , 4.6481538, 0.0535439, , , , , , , 4.6481538, 0.0105745, , , , , , , , , , , , , , , , , , , , , , , , , , , , 
4.6486731, 0.0132601, , , , , , , 4.6486731, 0.0273594, , , , , , , 4.6486731, 0.0663005, , , , , , , 4.6486731, 0.008896, , , , , , , , , , , , , , , , , , , , , , , , , , , , 
4.6491923, 0.0015106, , , , , , , 4.6491923, 0.0105745, , , , , , , 4.6491923, 0.0777142, , , , , , , 4.6491923, 0.0092317, , , , , , , , , , , , , , , , , , , , , , , , , , , , 
4.6497115, -0.0058747, , , , , , , 4.6497115, -0.0109102, , , , , , , 4.6497115, 0.085771, , , , , , , 4.6497115, 0.0119173, , , , , , , , , , , , , , , , , , , , , , , , , , , , 
4.6502308, -0.01561, , , , , , , 4.6502308, -0.0310521, , , , , , , 4.6502308, 0.093492, , , , , , , 4.6502308, 0.017792, , , , , , , , , , , , , , , , , , , , , , , , , , , , 
4.65075, -0.0263523, , , , , , , 4.65075, -0.0426337, , , , , , , 4.65075, 0.1032273, , , , , , , 4.65075, 0.0209812, , , , , , , , , , , , , , , , , , , , , , , , , , , , 
4.6512692, -0.0310521, , , , , , , 4.6512692, -0.0454871, , , , , , , 4.6512692, 0.1149767, , , , , , , 4.6512692, 0.0219883, , , , , , , , , , , , , , , , , , , , , , , , , , , , 
4.6517885, -0.0273594, , , , , , , 4.6517885, -0.049012, , , , , , , 4.6517885, 0.1228656, , , , , , , 4.6517885, 0.0260166, , , , , , , , , , , , , , , , , , , , , , , , , , , , 
4.6523077, -0.0250095, , , , , , , 4.6523077, -0.0493477, , , , , , , 4.6523077, 0.1233692, , , , , , , 4.6523077, 0.0344091, , , , , , , , , , , , , , , , , , , , , , , , , , , , 
4.6528269, -0.0157778, , , , , , , 4.6528269, -0.0391089, , , , , , , 4.6528269, 0.1196765, , , , , , , 4.6528269, 0.0414588, , , , , , , , , , , , , , , , , , , , , , , , , , , , 
4.6533462, -0.0065461, , , , , , , 4.6533462, -0.0229953, , , , , , , 4.6533462, 0.1079271, , , , , , , 4.6533462, 0.0414588, , , , , , , , , , , , , , , , , , , , , , , , , , , , 
4.6538654, 0.0003357, , , , , , , 4.6538654, -0.0095674, , , , , , , 4.6538654, 0.0844282, , , , , , , 4.6538654, 0.033402, , , , , , , , , , , , , , , , , , , , , , , , , , , , 
4.6543846, 0.0092317, , , , , , , 4.6543846, -0.0011749, , , , , , , 4.6543846, 0.0562295, , , , , , , 4.6543846, 0.0276951, , , , , , , , , , , , , , , , , , , , , , , , , , , , 
4.6549038, 0.0166171, , , , , , , 4.6549038, -0.0001678, , , , , , , 4.6549038, 0.0250095, , , , , , , 4.6549038, 0.0270237, , , , , , , , , , , , , , , , , , , , , , , , , , , , 
4.6554231, 0.0159457, , , , , , , 4.6554231, -0.0008392, , , , , , , 4.6554231, -0.011078, , , , , , , 4.6554231, 0.0293736, , , , , , , , , , , , , , , , , , , , , , , , , , , , 
4.6559423, 0.0105745, , , , , , , 4.6559423, 0.0003357, , , , , , , 4.6559423, -0.0458228, , , , , , , 4.6559423, 0.0308843, , , , , , , , , , , , , , , , , , , , , , , , , , , , 
4.6564615, 0.0072175, , , , , , , 4.6564615, 0.0115816, , , , , , , 4.6564615, -0.0703288, , , , , , , 4.6564615, 0.033402, , , , , , , , , , , , , , , , , , , , , , , , , , , , 
4.6569808, 0.0052033, , , , , , , 4.6569808, 0.0325628, , , , , , , 4.6569808, -0.0788891, , , , , , , 4.6569808, 0.0404517, , , , , , , , , , , , , , , , , , , , , , , , , , , , 
4.6575, 0.0018463, , , , , , , 4.6575, 0.0414588, , , , , , , 4.6575, -0.0800641, , , , , , , 4.6575, 0.0454871, , , , , , , , , , , , , , , , , , , , , , , , , , , , 
4.6580192, -0.002182, , , , , , , 4.6580192, 0.0357519, , , , , , , 4.6580192, -0.0820783, , , , , , , 4.6580192, 0.0431373, , , , , , , , , , , , , , , , , , , , , , , , , , , , 
4.6585385, -0.005539, , , , , , , 4.6585385, 0.0320592, , , , , , , 4.6585385, -0.0867781, , , , , , , 4.6585385, 0.0384375, , , , , , , , , , , , , , , , , , , , , , , , , , , , 
4.6590577, -0.0068818, , , , , , , 4.6590577, 0.0317235, , , , , , , 4.6590577, -0.0908064, , , , , , , 4.6590577, 0.0327306, , , , , , , , , , , , , , , , , , , , , , , , , , , , 
4.6595769, -0.0063783, , , , , , , 4.6595769, 0.0303807, , , , , , , 4.6595769, -0.0988632, , , , , , , 4.6595769, 0.0226596, , , , , , , , , , , , , , , , , , , , , , , , , , , , 
4.6600962, -0.0048676, , , , , , , 4.6600962, 0.0323949, , , , , , , 4.6600962, -0.1092699, , , , , , , 4.6600962, 0.0151064, , , , , , , , , , , , , , , , , , , , , , , , , , , , 
4.6606154, -0.0045319, , , , , , , 4.6606154, 0.0263523, , , , , , , 4.6606154, -0.1106126, , , , , , , 4.6606154, 0.0139315, , , , , , , , , , , , , , , , , , , , , , , , , , , , 
4.6611346, -0.0036927, , , , , , , 4.6611346, 0.0199741, , , , , , , 4.6611346, -0.0955062, , , , , , , 4.6611346, 0.0112459, , , , , , , , , , , , , , , , , , , , , , , , , , , , 
4.6616538, -0.0018463, , , , , , , 4.6616538, 0.0240024, , , , , , , 4.6616538, -0.0740215, , , , , , , 4.6616538, 0.0072175, , , , , , , , , , , , , , , , , , , , , , , , , , , , 
4.6621731, 0.002182, , , , , , , 4.6621731, 0.0407874, , , , , , , 4.6621731, -0.0522011, , , , , , , 4.6621731, 0.0031891, , , , , , , , , , , , , , , , , , , , , , , , , , , , 
4.6626923, 0.0125887, , , , , , , 4.6626923, 0.0384375, , , , , , , 4.6626923, -0.0265202, , , , , , , 4.6626923, -0.0028534, , , , , , , , , , , , , , , , , , , , , , , , , , , , 
4.6632115, 0.026688, , , , , , , 4.6632115, 0.0036927, , , , , , , 4.6632115, -0.0011749, , , , , , , 4.6632115, -0.0095674, , , , , , , , , , , , , , , , , , , , , , , , , , , , 
4.6637308, 0.0370947, , , , , , , 4.6637308, -0.0256809, , , , , , , 4.6637308, 0.0146029, , , , , , , 4.6637308, -0.0127565, , , , , , , , , , , , , , , , , , , , , , , , , , , , 
4.66425, 0.0428016, , , , , , , 4.66425, -0.0330663, , , , , , , 4.66425, 0.0186313, , , , , , , 4.66425, -0.014435, , , , , , , , , , , , , , , , , , , , , , , , , , , , 
4.6647692, 0.0501869, , , , , , , 4.6647692, -0.0459907, , , , , , , 4.6647692, 0.0142672, , , , , , , 4.6647692, -0.0157778, , , , , , , , , , , , , , , , , , , , , , , , , , , , 
4.6652885, 0.0552224, , , , , , , 4.6652885, -0.0745251, , , , , , , 4.6652885, 0.0038605, , , , , , , 4.6652885, -0.01561, , , , , , , , , , , , , , , , , , , , , , , , , , , , 
4.6658077, 0.0522011, , , , , , , 4.6658077, -0.10692, , , , , , , 4.6658077, -0.0083925, , , , , , , 4.6658077, -0.0135958, , , , , , , , , , , , , , , , , , , , , , , , , , , , 
4.6663269, 0.0488441, , , , , , , 4.6663269, -0.1210193, , , , , , , 4.6663269, -0.01561, , , , , , , 4.6663269, -0.0085603, , , , , , , , , , , , , , , , , , , , , , , , , , , , 
4.6668462, 0.0471656, , , , , , , 4.6668462, -0.1122911, , , , , , , 4.6668462, -0.014435, , , , , , , 4.6668462, -0.0052033, , , , , , , , , , , , , , , , , , , , , , , , , , , , 
4.6673654, 0.0394446, , , , , , , 4.6673654, -0.1028916, , , , , , , 4.6673654, -0.0102388, , , , , , , 4.6673654, -0.0043641, , , , , , , , , , , , , , , , , , , , , , , , , , , , 
4.6678846, 0.0320592, , , , , , , 4.6678846, -0.1022202, , , , , , , 4.6678846, -0.005539, , , , , , , 4.6678846, -0.0018463, , , , , , , , , , , , , , , , , , , , , , , , , , , , 
4.6684038, 0.0216526, , , , , , , 4.6684038, -0.1089342, , , , , , , 4.6684038, -0.0045319, , , , , , , 4.6684038, 0.0005035, , , , , , , , , , , , , , , , , , , , , , , , , , , , 
4.6689231, 0.0052033, , , , , , , 4.6689231, -0.1082628, , , , , , , 4.6689231, 0.0001678, , , , , , , 4.6689231, 0.0038605, , , , , , , , , , , , , , , , , , , , , , , , , , , , 
4.6694423, -0.0092317, , , , , , , 4.6694423, -0.0862745, , , , , , , 4.6694423, 0.0112459, , , , , , , 4.6694423, 0.0092317, , , , , , , , , , , , , , , , , , , , , , , , , , , , 
4.6699615, -0.0179599, , , , , , , 4.6699615, -0.056733, , , , , , , 4.6699615, 0.0186313, , , , , , , 4.6699615, 0.0135958, , , , , , , , , , , , , , , , , , , , , , , , , , , , 
4.6704808, -0.0236667, , , , , , , 4.6704808, -0.0276951, , , , , , , 4.6704808, 0.0193027, , , , , , , 4.6704808, 0.0159457, , , , , , , , , , , , , , , , , , , , , , , , , , , , 
4.671, -0.0270237, , , , , , , 4.671, -0.0035248, , , , , , , 4.671, 0.0199741, , , , , , , 4.671, 0.0206455, , , , , , , , , , , , , , , , , , , , , , , , , , , , 
4.6715192, -0.0285344, , , , , , , 4.6715192, 0.0072175, , , , , , , 4.6715192, 0.0199741, , , , , , , 4.6715192, 0.0240024, , , , , , , , , , , , , , , , , , , , , , , , , , , , 
4.6720385, -0.0285344, , , , , , , 4.6720385, 0.0072175, , , , , , , 4.6720385, 0.0125887, , , , , , , 4.6720385, 0.0246738, , , , , , , , , , , , , , , , , , , , , , , , , , , , 
4.6725577, -0.0273594, , , , , , , 4.6725577, 0.0142672, , , , , , , 4.6725577, 0.0015106, , , , , , , 4.6725577, 0.0238346, , , , , , , , , , , , , , , , , , , , , , , , , , , , 
4.6730769, -0.0193027, , , , , , , 4.6730769, 0.0236667, , , , , , , 4.6730769, -0.0068818, , , , , , , 4.6730769, 0.0240024, , , , , , , , , , , , , , , , , , , , , , , , , , , , 
4.6735962, -0.0102388, , , , , , , 4.6735962, 0.026688, , , , , , , 4.6735962, -0.0164492, , , , , , , 4.6735962, 0.0240024, , , , , , , , , , , , , , , , , , , , , , , , , , , , 
4.6741154, -0.0036927, , , , , , , 4.6741154, 0.023331, , , , , , , 4.6741154, -0.0303807, , , , , , , 4.6741154, 0.0213169, , , , , , , , , , , , , , , , , , , , , , , , , , , , 
4.6746346, 0.0025177, , , , , , , 4.6746346, 0.0179599, , , , , , , 4.6746346, -0.0411231, , , , , , , 4.6746346, 0.0196384, , , , , , , , , , , , , , , , , , , , , , , , , , , , 
4.6751538, 0.0085603, , , , , , , 4.6751538, 0.0229953, , , , , , , 4.6751538, -0.0459907, , , , , , , 4.6751538, 0.0240024, , , , , , , , , , , , , , , , , , , , , , , , , , , , 
4.6756731, 0.0125887, , , , , , , 4.6756731, 0.0236667, , , , , , , 4.6756731, -0.0500191, , , , , , , 4.6756731, 0.0270237, , , , , , , , , , , , , , , , , , , , , , , , , , , , 
4.6761923, 0.0132601, , , , , , , 4.6761923, 0.0176242, , , , , , , 4.6761923, -0.0525368, , , , , , , 4.6761923, 0.0250095, , , , , , , , , , , , , , , , , , , , , , , , , , , , 
4.6767115, 0.0149386, , , , , , , 4.6767115, 0.0287022, , , , , , , 4.6767115, -0.0476692, , , , , , , 4.6767115, 0.0224918, , , , , , , , , , , , , , , , , , , , , , , , , , , , 
4.6772308, 0.01561, , , , , , , 4.6772308, 0.0495155, , , , , , , 4.6772308, -0.0377661, , , , , , , 4.6772308, 0.0231632, , , , , , , , , , , , , , , , , , , , , , , , , , , , 
4.67775, 0.0109102, , , , , , , 4.67775, 0.0542153, , , , , , , 4.67775, -0.026688, , , , , , , 4.67775, 0.0258488, , , , , , , , , , , , , , , , , , , , , , , , , , , , 
4.6782692, 0.0095674, , , , , , , 4.6782692, 0.0471656, , , , , , , 4.6782692, -0.0169528, , , , , , , 4.6782692, 0.0297093, , , , , , , , , , , , , , , , , , , , , , , , , , , , 
4.6787885, 0.0146029, , , , , , , 4.6787885, 0.0411231, , , , , , , 4.6787885, -0.0082246, , , , , , , 4.6787885, 0.0287022, , , , , , , , , , , , , , , , , , , , , , , , , , , , 
4.6793077, 0.0146029, , , , , , , 4.6793077, 0.0364233, , , , , , , 4.6793077, 0.0005035, , , , , , , 4.6793077, 0.0240024, , , , , , , , , , , , , , , , , , , , , , , , , , , , 
4.6798269, 0.0139315, , , , , , , 4.6798269, 0.0182956, , , , , , , 4.6798269, 0.0119173, , , , , , , 4.6798269, 0.0206455, , , , , , , , , , , , , , , , , , , , , , , , , , , , 
4.6803462, 0.0162814, , , , , , , 4.6803462, -0.0115816, , , , , , , 4.6803462, 0.023331, , , , , , , 4.6803462, 0.0186313, , , , , , , , , , , , , , , , , , , , , , , , , , , , 
4.6808654, 0.0226596, , , , , , , 4.6808654, -0.024506, , , , , , , 4.6808654, 0.0276951, , , , , , , 4.6808654, 0.0142672, , , , , , , , , , , , , , , , , , , , , , , , , , , , 
4.6813846, 0.026688, , , , , , , 4.6813846, -0.0187991, , , , , , , 4.6813846, 0.0276951, , , , , , , 4.6813846, 0.0095674, , , , , , , , , , , , , , , , , , , , , , , , , , , , 
4.6819038, 0.0250095, , , , , , , 4.6819038, -0.0243381, , , , , , , 4.6819038, 0.0260166, , , , , , , 4.6819038, 0.0062104, , , , , , , , , , , , , , , , , , , , , , , , , , , , 
4.6824231, 0.0297093, , , , , , , 4.6824231, -0.0485084, , , , , , , 4.6824231, 0.0193027, , , , , , , 4.6824231, 0.0016785, , , , , , , , , , , , , , , , , , , , , , , , , , , , 
4.6829423, 0.0453193, , , , , , , 4.6829423, -0.0639506, , , , , , , 4.6829423, 0.0070497, , , , , , , 4.6829423, -0.0038605, , , , , , , , , , , , , , , , , , , , , , , , , , , , 
4.6834615, 0.0574044, , , , , , , 4.6834615, -0.0619364, , , , , , , 4.6834615, -0.0025177, , , , , , , 4.6834615, -0.0057069, , , , , , , , , , , , , , , , , , , , , , , , , , , , 
4.6839808, 0.0609293, , , , , , , 4.6839808, -0.0558938, , , , , , , 4.6839808, -0.0075532, , , , , , , 4.6839808, -0.0048676, , , , , , , , , , , , , , , , , , , , , , , , , , , , 
4.6845, 0.0632792, , , , , , , 4.6845, -0.0553902, , , , , , , 4.6845, -0.0095674, , , , , , , 4.6845, -0.0041962, , , , , , , , , , , , , , , , , , , , , , , , , , , , 
4.6850192, 0.0669718, , , , , , , 4.6850192, -0.0505226, , , , , , , 4.6850192, -0.0072175, , , , , , , 4.6850192, -0.0028534, , , , , , , , , , , , , , , , , , , , , , , , , , , , 
4.6855385, 0.0683146, , , , , , , 4.6855385, -0.0372625, , , , , , , 4.6855385, 0.0025177, , , , , , , 4.6855385, -0.0020142, , , , , , , , , , , , , , , , , , , , , , , , , , , , 
4.6860577, 0.0609293, , , , , , , 4.6860577, -0.0179599, , , , , , , 4.6860577, 0.0119173, , , , , , , 4.6860577, -0.0035248, , , , , , , , , , , , , , , , , , , , , , , , , , , , 
4.6865769, 0.0505226, , , , , , , 4.6865769, -0.0008392, , , , , , , 4.6865769, 0.0146029, , , , , , , 4.6865769, -0.0015106, , , , , , , , , , , , , , , , , , , , , , , , , , , , 
4.6870962, 0.0421302, , , , , , , 4.6870962, 0.0008392, , , , , , , 4.6870962, 0.01561, , , , , , , 4.6870962, 0.0031891, , , , , , , , , , , , , , , , , , , , , , , , , , , , 
4.6876154, 0.0387732, , , , , , , 4.6876154, -0.0112459, , , , , , , 4.6876154, 0.0169528, , , , , , , 4.6876154, 0.0082246, , , , , , , , , , , , , , , , , , , , , , , , , , , , 
4.6881346, 0.0357519, , , , , , , 4.6881346, -0.0162814, , , , , , , 4.6881346, 0.0193027, , , , , , , 4.6881346, 0.012253, , , , , , , , , , , , , , , , , , , , , , , , , , , , 
4.6886538, 0.0260166, , , , , , , 4.6886538, -0.0018463, , , , , , , 4.6886538, 0.0181277, , , , , , , 4.6886538, 0.0146029, , , , , , , , , , , , , , , , , , , , , , , , , , , , 
4.6891731, 0.0112459, , , , , , , 4.6891731, 0.0250095, , , , , , , 4.6891731, 0.0119173, , , , , , , 4.6891731, 0.0142672, , , , , , , , , , , , , , , , , , , , , , , , , , , , 
4.6896923, -0.0028534, , , , , , , 4.6896923, 0.0439765, , , , , , , 4.6896923, 0.0043641, , , , , , , 4.6896923, 0.0139315, , , , , , , , , , , , , , , , , , , , , , , , , , , , 
4.6902115, -0.0149386, , , , , , , 4.6902115, 0.047837, , , , , , , 4.6902115, -0.0005035, , , , , , , 4.6902115, 0.0182956, , , , , , , , , , , , , , , , , , , , , , , , , , , , 
4.6907308, -0.0226596, , , , , , , 4.6907308, 0.0374304, , , , , , , 4.6907308, -0.0048676, , , , , , , 4.6907308, 0.0238346, , , , , , , , , , , , , , , , , , , , , , , , , , , , 
4.69125, -0.026688, , , , , , , 4.69125, 0.0166171, , , , , , , 4.69125, -0.0087282, , , , , , , 4.69125, 0.0307164, , , , , , , , , , , , , , , , , , , , , , , , , , , , 
4.6917692, -0.0310521, , , , , , , 4.6917692, -0.0025177, , , , , , , 4.6917692, -0.0125887, , , , , , , 4.6917692, 0.0370947, , , , , , , , , , , , , , , , , , , , , , , , , , , , 
4.6922885, -0.0354162, , , , , , , 4.6922885, -0.0065461, , , , , , , 4.6922885, -0.0193027, , , , , , , 4.6922885, 0.0381018, , , , , , , , , , , , , , , , , , , , , , , , , , , , 
4.6928077, -0.0381018, , , , , , , 4.6928077, 0.0043641, , , , , , , 4.6928077, -0.0323949, , , , , , , 4.6928077, 0.0347448, , , , , , , , , , , , , , , , , , , , , , , , , , , , 
4.6933269, -0.0323949, , , , , , , 4.6933269, 0.026688, , , , , , , 4.6933269, -0.0464942, , , , , , , 4.6933269, 0.0256809, , , , , , , , , , , , , , , , , , , , , , , , , , , , 
4.6938462, -0.0229953, , , , , , , 4.6938462, 0.0387732, , , , , , , 4.6938462, -0.0558938, , , , , , , 4.6938462, 0.0169528, , , , , , , , , , , , , , , , , , , , , , , , , , , , 
4.6943654, -0.0137636, , , , , , , 4.6943654, 0.0347448, , , , , , , 4.6943654, -0.0619364, , , , , , , 4.6943654, 0.011078, , , , , , , , , , , , , , , , , , , , , , , , , , , , 
4.6948846, -0.0104067, , , , , , , 4.6948846, 0.0320592, , , , , , , 4.6948846, -0.0686503, , , , , , , 4.6948846, 0.0046998, , , , , , , , , , , , , , , , , , , , , , , , , , , , 
4.6954038, -0.0109102, , , , , , , 4.6954038, 0.0243381, , , , , , , 4.6954038, -0.0746929, , , , , , , 4.6954038, -0.0028534, , , , , , , , , , , , , , , , , , , , , , , , , , , , 
4.6959231, -0.005539, , , , , , , 4.6959231, 0.0078889, , , , , , , 4.6959231, -0.0733501, , , , , , , 4.6959231, -0.0072175, , , , , , , , , , , , , , , , , , , , , , , , , , , , 
4.6964423, 0.0005035, , , , , , , 4.6964423, -0.0068818, , , , , , , 4.6964423, -0.0632792, , , , , , , 4.6964423, -0.0085603, , , , , , , , , , , , , , , , , , , , , , , , , , , , 
4.6969615, 0.0025177, , , , , , , 4.6969615, -0.0028534, , , , , , , 4.6969615, -0.0533761, , , , , , , 4.6969615, -0.0025177, , , , , , , , , , , , , , , , , , , , , , , , , , , , 
4.6974808, 0.0048676, , , , , , , 4.6974808, 0.0099031, , , , , , , 4.6974808, -0.0471656, , , , , , , 4.6974808, 0.0048676, , , , , , , , , , , , , , , , , , , , , , , , , , , , 
4.698, 0.0099031, , , , , , , 4.698, 0.0052033, , , , , , , 4.698, -0.0417945, , , , , , , 4.698, 0.0095674, , , , , , , , , , , , , , , , , , , , , , , , , , , , 
4.6985192, 0.012253, , , , , , , 4.6985192, -0.0203098, , , , , , , 4.6985192, -0.0270237, , , , , , , 4.6985192, 0.0105745, , , , , , , , , , , , , , , , , , , , , , , , , , , , 
4.6990385, 0.0102388, , , , , , , 4.6990385, -0.0491798, , , , , , , 4.6990385, -0.0041962, , , , , , , 4.6990385, 0.012253, , , , , , , , , , , , , , , , , , , , , , , , , , , , 
4.6995577, 0.008896, , , , , , , 4.6995577, -0.0676432, , , , , , , 4.6995577, 0.01561, , , , , , , 4.6995577, 0.0159457, , , , , , , , , , , , , , , , , , , , , , , , , , , , 
4.7000769, 0.0129244, , , , , , , 4.7000769, -0.0743572, , , , , , , 4.7000769, 0.0273594, , , , , , , 4.7000769, 0.0196384, , , , , , , , , , , , , , , , , , , , , , , , , , , , 
4.7005962, 0.017792, , , , , , , 4.7005962, -0.0767071, , , , , , , 4.7005962, 0.0347448, , , , , , , 4.7005962, 0.0229953, , , , , , , , , , , , , , , , , , , , , , , , , , , , 
4.7011154, 0.0226596, , , , , , , 4.7011154, -0.0770428, , , , , , , 4.7011154, 0.0411231, , , , , , , 4.7011154, 0.0219883, , , , , , , , , , , , , , , , , , , , , , , , , , , , 
4.7016346, 0.0251774, , , , , , , 4.7016346, -0.0693217, , , , , , , 4.7016346, 0.0424659, , , , , , , 4.7016346, 0.0159457, , , , , , , , , , , , , , , , , , , , , , , , , , , , 
4.7021538, 0.0287022, , , , , , , 4.7021538, -0.0525368, , , , , , , 4.7021538, 0.0384375, , , , , , , 4.7021538, 0.0099031, , , , , , , , , , , , , , , , , , , , , , , , , , , , 
4.7026731, 0.0407874, , , , , , , 4.7026731, -0.0381018, , , , , , , 4.7026731, 0.0340734, , , , , , , 4.7026731, 0.0031891, , , , , , , , , , , , , , , , , , , , , , , , , , , , 
4.7031923, 0.0592508, , , , , , , 4.7031923, -0.0310521, , , , , , , 4.7031923, 0.0308843, , , , , , , 4.7031923, -0.0015106, , , , , , , , , , , , , , , , , , , , , , , , , , , , 
4.7037115, 0.0728466, , , , , , , 4.7037115, -0.0270237, , , , , , , 4.7037115, 0.0307164, , , , , , , 4.7037115, 0.0025177, , , , , , , , , , , , , , , , , , , , , , , , , , , , 
4.7042308, 0.0757, , , , , , , 4.7042308, -0.0112459, , , , , , , 4.7042308, 0.033402, , , , , , , 4.7042308, 0.0078889, , , , , , , , , , , , , , , , , , , , , , , , , , , , 
4.70475, 0.0730144, , , , , , , 4.70475, 0.0357519, , , , , , , 4.70475, 0.0406195, , , , , , , 4.70475, 0.0085603, , , , , , , , , , , , , , , , , , , , , , , , , , , , 
4.7052692, 0.0693217, , , , , , , 4.7052692, 0.0777142, , , , , , , 4.7052692, 0.0481727, , , , , , , 4.7052692, 0.0062104, , , , , , , , , , , , , , , , , , , , , , , , , , , , 
4.7057885, 0.0676432, , , , , , , 4.7057885, 0.0861067, , , , , , , 4.7057885, 0.0518654, , , , , , , 4.7057885, 0.0011749, , , , , , , , , , , , , , , , , , , , , , , , , , , , 
4.7063077, 0.0562295, , , , , , , 4.7063077, 0.0730144, , , , , , , 4.7063077, 0.0454871, , , , , , , 4.7063077, -0.0008392, , , , , , , , , , , , , , , , , , , , , , , , , , , , 
4.7068269, 0.040116, , , , , , , 4.7068269, 0.0548867, , , , , , , 4.7068269, 0.0337377, , , , , , , 4.7068269, -0.0008392, , , , , , , , , , , , , , , , , , , , , , , , , , , , 
4.7073462, 0.0260166, , , , , , , 4.7073462, 0.0374304, , , , , , , 4.7073462, 0.033402, , , , , , , 4.7073462, 0.0005035, , , , , , , , , , , , , , , , , , , , , , , , , , , , 
4.7078654, 0.0176242, , , , , , , 4.7078654, 0.0198062, , , , , , , 4.7078654, 0.0421302, , , , , , , 4.7078654, 0.0015106, , , , , , , , , , , , , , , , , , , , , , , , , , , , 
4.7083846, 0.0129244, , , , , , , 4.7083846, -0.0035248, , , , , , , 4.7083846, 0.0438087, , , , , , , 4.7083846, 0.0015106, , , , , , , , , , , , , , , , , , , , , , , , , , , , 
4.7089038, 0.0045319, , , , , , , 4.7089038, -0.0292058, , , , , , , 4.7089038, 0.0340734, , , , , , , 4.7089038, 0.0035248, , , , , , , , , , , , , , , , , , , , , , , , , , , , 
4.7094231, -0.0095674, , , , , , , 4.7094231, -0.0505226, , , , , , , 4.7094231, 0.0256809, , , , , , , 4.7094231, 0.0109102, , , , , , , , , , , , , , , , , , , , , , , , , , , , 
4.7099423, -0.0216526, , , , , , , 4.7099423, -0.0659648, , , , , , , 4.7099423, 0.0219883, , , , , , , 4.7099423, 0.0179599, , , , , , , , , , , , , , , , , , , , , , , , , , , , 
4.7104615, -0.0330663, , , , , , , 4.7104615, -0.0850996, , , , , , , 4.7104615, 0.0125887, , , , , , , 4.7104615, 0.0246738, , , , , , , , , , , , , , , , , , , , , , , , , , , , 
4.7109808, -0.0424659, , , , , , , 4.7109808, -0.0981918, , , , , , , 4.7109808, 0.0005035, , , , , , , 4.7109808, 0.0297093, , , , , , , , , , , , , , , , , , , , , , , , , , , , 
4.7115, -0.0491798, , , , , , , 4.7115, -0.0842603, , , , , , , 4.7115, -0.0090639, , , , , , , 4.7115, 0.0325628, , , , , , , , , , , , , , , , , , , , , , , , , , , , 
4.7120192, -0.0505226, , , , , , , 4.7120192, -0.0525368, , , , , , , 4.7120192, -0.0209812, , , , , , , 4.7120192, 0.0320592, , , , , , , , , , , , , , , , , , , , , , , , , , , , 
4.7125385, -0.0475013, , , , , , , 4.7125385, -0.0229953, , , , , , , 4.7125385, -0.0375982, , , , , , , 4.7125385, 0.0285344, , , , , , , , , , , , , , , , , , , , , , , , , , , , 
4.7130577, -0.040116, , , , , , , 4.7130577, -0.0018463, , , , , , , 4.7130577, -0.0464942, , , , , , , 4.7130577, 0.0238346, , , , , , , , , , , , , , , , , , , , , , , , , , , , 
4.7135769, -0.0287022, , , , , , , 4.7135769, 0.01561, , , , , , , 4.7135769, -0.043473, , , , , , , 4.7135769, 0.0206455, , , , , , , , , , , , , , , , , , , , , , , , , , , , 
4.7140962, -0.0216526, , , , , , , 4.7140962, 0.0283665, , , , , , , 4.7140962, -0.0417945, , , , , , , 4.7140962, 0.018967, , , , , , , , , , , , , , , , , , , , , , , , , , , , 
4.7146154, -0.0182956, , , , , , , 4.7146154, 0.0318914, , , , , , , 4.7146154, -0.051194, , , , , , , 4.7146154, 0.0196384, , , , , , , , , , , , , , , , , , , , , , , , , , , , 
4.7151346, -0.014435, , , , , , , 4.7151346, 0.0307164, , , , , , , 4.7151346, -0.068986, , , , , , , 4.7151346, 0.0182956, , , , , , , , , , , , , , , , , , , , , , , , , , , , 
4.7156538, -0.0068818, , , , , , , 4.7156538, 0.0285344, , , , , , , 4.7156538, -0.0793927, , , , , , , 4.7156538, 0.0172885, , , , , , , , , , , , , , , , , , , , , , , , , , , , 
4.7161731, 0.0048676, , , , , , , 4.7161731, 0.0162814, , , , , , , 4.7161731, -0.0746929, , , , , , , 4.7161731, 0.0176242, , , , , , , , , , , , , , , , , , , , , , , , , , , , 
4.7166923, 0.0176242, , , , , , , 4.7166923, -0.0075532, , , , , , , 4.7166923, -0.0599222, , , , , , , 4.7166923, 0.01561, , , , , , , , , , , , , , , , , , , , , , , , , , , , 
4.7172115, 0.0270237, , , , , , , 4.7172115, -0.0297093, , , , , , , 4.7172115, -0.0414588, , , , , , , 4.7172115, 0.0139315, , , , , , , , , , , , , , , , , , , , , , , , , , , , 
4.7177308, 0.0310521, , , , , , , 4.7177308, -0.0370947, , , , , , , 4.7177308, -0.0236667, , , , , , , 4.7177308, 0.0135958, , , , , , , , , , , , , , , , , , , , , , , , , , , , 
4.71825, 0.0374304, , , , , , , 4.71825, -0.0293736, , , , , , , 4.71825, -0.008896, , , , , , , 4.71825, 0.0149386, , , , , , , , , , , , , , , , , , , , , , , , , , , , 
4.7187692, 0.0438087, , , , , , , 4.7187692, -0.0203098, , , , , , , 4.7187692, 0.0025177, , , , , , , 4.7187692, 0.0159457, , , , , , , , , , , , , , , , , , , , , , , , , , , , 
4.7192885, 0.0471656, , , , , , , 4.7192885, -0.002182, , , , , , , 4.7192885, 0.0082246, , , , , , , 4.7192885, 0.0151064, , , , , , , , , , , , , , , , , , , , , , , , , , , , 
4.7198077, 0.0446479, , , , , , , 4.7198077, 0.0317235, , , , , , , 4.7198077, 0.011078, , , , , , , 4.7198077, 0.0140993, , , , , , , , , , , , , , , , , , , , , , , , , , , , 
4.7203269, 0.0374304, , , , , , , 4.7203269, 0.0565652, , , , , , , 4.7203269, 0.0085603, , , , , , , 4.7203269, 0.0119173, , , , , , , , , , , , , , , , , , , , , , , , , , , , 
4.7208462, 0.0317235, , , , , , , 4.7208462, 0.057908, , , , , , , 4.7208462, -0.0062104, , , , , , , 4.7208462, 0.0072175, , , , , , , , , , , , , , , , , , , , , , , , , , , , 
4.7213654, 0.0293736, , , , , , , 4.7213654, 0.0475013, , , , , , , 4.7213654, -0.0350805, , , , , , , 4.7213654, 0.0016785, , , , , , , , , , , , , , , , , , , , , , , , , , , , 
4.7218846, 0.0276951, , , , , , , 4.7218846, 0.040116, , , , , , , 4.7218846, -0.0679789, , , , , , , 4.7218846, -0.0015106, , , , , , , , , , , , , , , , , , , , , , , , , , , , 
4.7224038, 0.0320592, , , , , , , 4.7224038, 0.0387732, , , , , , , 4.7224038, -0.0938277, , , , , , , 4.7224038, -0.0068818, , , , , , , , , , , , , , , , , , , , , , , , , , , , 
4.7229231, 0.040116, , , , , , , 4.7229231, 0.0352483, , , , , , , 4.7229231, -0.10692, , , , , , , 4.7229231, -0.0099031, , , , , , , , , , , , , , , , , , , , , , , , , , , , 
4.7234423, 0.0495155, , , , , , , 4.7234423, 0.0186313, , , , , , , 4.7234423, -0.1089342, , , , , , , 4.7234423, -0.012253, , , , , , , , , , , , , , , , , , , , , , , , , , , , 
4.7239615, 0.0602579, , , , , , , 4.7239615, -0.0077211, , , , , , , 4.7239615, -0.1042344, , , , , , , 4.7239615, -0.0129244, , , , , , , , , , , , , , , , , , , , , , , , , , , , 
4.7244808, 0.0629435, , , , , , , 4.7244808, -0.0340734, , , , , , , 4.7244808, -0.0965133, , , , , , , 4.7244808, -0.012253, , , , , , , , , , , , , , , , , , , , , , , , , , , , 
4.725, 0.0562295, , , , , , , 4.725, -0.0528725, , , , , , , 4.725, -0.0854353, , , , , , , 4.725, -0.008896, , , , , , , , , , , , , , , , , , , , , , , , , , , , 
4.7255192, 0.0475013, , , , , , , 4.7255192, -0.0575723, , , , , , , 4.7255192, -0.0676432, , , , , , , 4.7255192, -0.0003357, , , , , , , , , , , , , , , , , , , , , , , , , , , , 
4.7260385, 0.0364233, , , , , , , 4.7260385, -0.0513619, , , , , , , 4.7260385, -0.0488441, , , , , , , 4.7260385, 0.0119173, , , , , , , , , , , , , , , , , , , , , , , , , , , , 
4.7265577, 0.023331, , , , , , , 4.7265577, -0.0414588, , , , , , , 4.7265577, -0.0364233, , , , , , , 4.7265577, 0.0226596, , , , , , , , , , , , , , , , , , , , , , , , , , , , 
4.7270769, 0.0146029, , , , , , , 4.7270769, -0.0283665, , , , , , , 4.7270769, -0.0203098, , , , , , , 4.7270769, 0.0293736, , , , , , , , , , , , , , , , , , , , , , , , , , , , 
4.7275962, 0.0052033, , , , , , , 4.7275962, -0.0112459, , , , , , , 4.7275962, 0.0041962, , , , , , , 4.7275962, 0.030045, , , , , , , , , , , , , , , , , , , , , , , , , , , , 
4.7281154, -0.0052033, , , , , , , 4.7281154, 0.0031891, , , , , , , 4.7281154, 0.0263523, , , , , , , 4.7281154, 0.0280308, , , , , , , , , , , , , , , , , , , , , , , , , , , , 
4.7286346, -0.0162814, , , , , , , 4.7286346, 0.0041962, , , , , , , 4.7286346, 0.0386053, , , , , , , 4.7286346, 0.0271916, , , , , , , , , , , , , , , , , , , , , , , , , , , , 
4.7291538, -0.0310521, , , , , , , 4.7291538, -0.0117494, , , , , , , 4.7291538, 0.0414588, , , , , , , 4.7291538, 0.0253452, , , , , , , , , , , , , , , , , , , , , , , , , , , , 
4.7296731, -0.0431373, , , , , , , 4.7296731, -0.0270237, , , , , , , 4.7296731, 0.0394446, , , , , , , 4.7296731, 0.0240024, , , , , , , , , , , , , , , , , , , , , , , , , , , , 
4.7301923, -0.0491798, , , , , , , 4.7301923, -0.0253452, , , , , , , 4.7301923, 0.0414588, , , , , , , 4.7301923, 0.0229953, , , , , , , , , , , , , , , , , , , , , , , , , , , , 
4.7307115, -0.0505226, , , , , , , 4.7307115, -0.0219883, , , , , , , 4.7307115, 0.0475013, , , , , , , 4.7307115, 0.0224918, , , , , , , , , , , , , , , , , , , , , , , , , , , , 
4.7312308, -0.051194, , , , , , , 4.7312308, -0.0216526, , , , , , , 4.7312308, 0.0542153, , , , , , , 4.7312308, 0.0226596, , , , , , , , , , , , , , , , , , , , , , , , , , , , 
4.73175, -0.0560616, , , , , , , 4.73175, -0.01561, , , , , , , 4.73175, 0.0666361, , , , , , , 4.73175, 0.0216526, , , , , , , , , , , , , , , , , , , , , , , , , , , , 
4.7322692, -0.0532082, , , , , , , 4.7322692, -0.0092317, , , , , , , 4.7322692, 0.0807355, , , , , , , 4.7322692, 0.0184634, , , , , , , , , , , , , , , , , , , , , , , , , , , , 
4.7327885, -0.0377661, , , , , , , 4.7327885, 0.0082246, , , , , , , 4.7327885, 0.0896315, , , , , , , 4.7327885, 0.0125887, , , , , , , , , , , , , , , , , , , , , , , , , , , , 
4.7333077, -0.0223239, , , , , , , 4.7333077, 0.0374304, , , , , , , 4.7333077, 0.0965133, , , , , , , 4.7333077, 0.0058747, , , , , , , , , , , , , , , , , , , , , , , , , , , , 
4.7338269, -0.0102388, , , , , , , 4.7338269, 0.0501869, , , , , , , 4.7338269, 0.1005417, , , , , , , 4.7338269, 0.0015106, , , , , , , , , , , , , , , , , , , , , , , , , , , , 
4.7343462, -0.0025177, , , , , , , 4.7343462, 0.0584115, , , , , , , 4.7343462, 0.0988632, , , , , , , 4.7343462, -0.0011749, , , , , , , , , , , , , , , , , , , , , , , , , , , , 
4.7348654, 0.0052033, , , , , , , 4.7348654, 0.0775463, , , , , , , 4.7348654, 0.0904707, , , , , , , 4.7348654, -0.0025177, , , , , , , , , , , , , , , , , , , , , , , , , , , , 
4.7353846, 0.0132601, , , , , , , 4.7353846, 0.0783856, , , , , , , 4.7353846, 0.0793927, , , , , , , 4.7353846, -0.0020142, , , , , , , , , , , , , , , , , , , , , , , , , , , , 
4.7359038, 0.0213169, , , , , , , 4.7359038, 0.0505226, , , , , , , 4.7359038, 0.0629435, , , , , , , 4.7359038, -0.0016785, , , , , , , , , , , , , , , , , , , , , , , , , , , , 
4.7364231, 0.0273594, , , , , , , 4.7364231, 0.0132601, , , , , , , 4.7364231, 0.0414588, , , , , , , 4.7364231, -0.0018463, , , , , , , , , , , , , , , , , , , , , , , , , , , , 
4.7369423, 0.0320592, , , , , , , 4.7369423, -0.0075532, , , , , , , 4.7369423, 0.0186313, , , , , , , 4.7369423, -0.0011749, , , , , , , , , , , , , , , , , , , , , , , , , , , , 
4.7374615, 0.0313878, , , , , , , 4.7374615, -0.0125887, , , , , , , 4.7374615, -0.0109102, , , , , , , 4.7374615, 0.0043641, , , , , , , , , , , , , , , , , , , , , , , , , , , , 
4.7379808, 0.0293736, , , , , , , 4.7379808, -0.0307164, , , , , , , 4.7379808, -0.0485084, , , , , , , 4.7379808, 0.0119173, , , , , , , , , , , , , , , , , , , , , , , , , , , , 
4.7385, 0.0305486, , , , , , , 4.7385, -0.0602579, , , , , , , 4.7385, -0.0869459, , , , , , , 4.7385, 0.0199741, , , , , , , , , , , , , , , , , , , , , , , , , , , , 
4.7390192, 0.0354162, , , , , , , 4.7390192, -0.0746929, , , , , , , 4.7390192, -0.1190051, , , , , , , 4.7390192, 0.0287022, , , , , , , , , , , , , , , , , , , , , , , , , , , , 
4.7395385, 0.036759, , , , , , , 4.7395385, -0.0780499, , , , , , , 4.7395385, -0.1473716, , , , , , , 4.7395385, 0.0337377, , , , , , , , , , , , , , , , , , , , , , , , , , , , 
4.7400577, 0.0276951, , , , , , , 4.7400577, -0.1008774, , , , , , , 4.7400577, -0.1727169, , , , , , , 4.7400577, 0.0305486, , , , , , , , , , , , , , , , , , , , , , , , , , , , 
4.7405769, 0.0169528, , , , , , , 4.7405769, -0.1426719, , , , , , , 4.7405769, -0.1869841, , , , , , , 4.7405769, 0.026688, , , , , , , , , , , , , , , , , , , , , , , , , , , , 
4.7410962, 0.012253, , , , , , , 4.7410962, -0.1673457, , , , , , , 4.7410962, -0.1858091, , , , , , , 4.7410962, 0.0276951, , , , , , , , , , , , , , , , , , , , , , , , , , , , 
4.7416154, 0.0125887, , , , , , , 4.7416154, -0.1502251, , , , , , , 4.7416154, -0.1685206, , , , , , , 4.7416154, 0.0327306, , , , , , , , , , , , , , , , , , , , , , , , , , , , 
4.7421346, 0.0206455, , , , , , , 4.7421346, -0.1052415, , , , , , , 4.7421346, -0.1431754, , , , , , , 4.7421346, 0.0359197, , , , , , , , , , , , , , , , , , , , , , , , , , , , 
4.7426538, 0.0330663, , , , , , , 4.7426538, -0.0652934, , , , , , , 4.7426538, -0.1129625, , , , , , , 4.7426538, 0.033402, , , , , , , , , , , , , , , , , , , , , , , , , , , , 
4.7431731, 0.0488441, , , , , , , 4.7431731, -0.0433051, , , , , , , 4.7431731, -0.0782177, , , , , , , 4.7431731, 0.0283665, , , , , , , , , , , , , , , , , , , , , , , , , , , , 
4.7436923, 0.0627756, , , , , , , 4.7436923, -0.0302129, , , , , , , 4.7436923, -0.0414588, , , , , , , 4.7436923, 0.0236667, , , , , , , , , , , , , , , , , , , , , , , , , , , , 
4.7442115, 0.070161, , , , , , , 4.7442115, -0.0149386, , , , , , , 4.7442115, -0.0068818, , , , , , , 4.7442115, 0.0179599, , , , , , , , , , , , , , , , , , , , , , , , , , , , 
4.7447308, 0.0750286, , , , , , , 4.7447308, 0.0011749, , , , , , , 4.7447308, 0.0213169, , , , , , , 4.7447308, 0.0114137, , , , , , , , , , , , , , , , , , , , , , , , , , , , 
4.74525, 0.0770428, , , , , , , 4.74525, 0.0109102, , , , , , , 4.74525, 0.0399481, , , , , , , 4.74525, 0.0062104, , , , , , , , , , , , , , , , , , , , , , , , , , , , 
4.7457692, 0.0733501, , , , , , , 4.7457692, 0.014435, , , , , , , 4.7457692, 0.0527047, , , , , , , 4.7457692, 0.0031891, , , , , , , , , , , , , , , , , , , , , , , , , , , , 
4.7462885, 0.0649577, , , , , , , 4.7462885, 0.0132601, , , , , , , 4.7462885, 0.0616007, , , , , , , 4.7462885, 0.0036927, , , , , , , , , , , , , , , , , , , , , , , , , , , , 
4.7468077, 0.0491798, , , , , , , 4.7468077, 0.0065461, , , , , , , 4.7468077, 0.0649577, , , , , , , 4.7468077, 0.0065461, , , , , , , , , , , , , , , , , , , , , , , , , , , , 
4.7473269, 0.0360876, , , , , , , 4.7473269, 0.0057069, , , , , , , 4.7473269, 0.0642863, , , , , , , 4.7473269, 0.0078889, , , , , , , , , , , , , , , , , , , , , , , , , , , , 
4.7478462, 0.0253452, , , , , , , 4.7478462, 0.0112459, , , , , , , 4.7478462, 0.0602579, , , , , , , 4.7478462, 0.0092317, , , , , , , , , , , , , , , , , , , , , , , , , , , , 
4.7483654, 0.0171206, , , , , , , 4.7483654, 0.0172885, , , , , , , 4.7483654, 0.0552224, , , , , , , 4.7483654, 0.0102388, , , , , , , , , , , , , , , , , , , , , , , , , , , , 
4.7488846, 0.0038605, , , , , , , 4.7488846, 0.0174563, , , , , , , 4.7488846, 0.0486763, , , , , , , 4.7488846, 0.0117494, , , , , , , , , , , , , , , , , , , , , , , , , , , , 
4.7494038, -0.008896, , , , , , , 4.7494038, 0.0139315, , , , , , , 4.7494038, 0.0417945, , , , , , , 4.7494038, 0.0129244, , , , , , , , , , , , , , , , , , , , , , , , , , , , 
4.7499231, -0.0135958, , , , , , , 4.7499231, 0.0162814, , , , , , , 4.7499231, 0.0337377, , , , , , , 4.7499231, 0.0142672, , , , , , , , , , , , , , , , , , , , , , , , , , , , 
4.7504423, -0.018967, , , , , , , 4.7504423, 0.0196384, , , , , , , 4.7504423, 0.0263523, , , , , , , 4.7504423, 0.0161135, , , , , , , , , , , , , , , , , , , , , , , , , , , , 
4.7509615, -0.030045, , , , , , , 4.7509615, 0.0169528, , , , , , , 4.7509615, 0.0243381, , , , , , , 4.7509615, 0.0209812, , , , , , , , , , , , , , , , , , , , , , , , , , , , 
4.7514808, -0.0377661, , , , , , , 4.7514808, 0.0132601, , , , , , , 4.7514808, 0.0223239, , , , , , , 4.7514808, 0.0260166, , , , , , , , , , , , , , , , , , , , , , , , , , , , 
4.752, -0.0377661, , , , , , , 4.752, 0.026688, , , , , , , 4.752, 0.0179599, , , , , , , 4.752, 0.0260166, , , , , , , , , , , , , , , , , , , , , , , , , , , , 
4.7525192, -0.0337377, , , , , , , 4.7525192, 0.0485084, , , , , , , 4.7525192, 0.0137636, , , , , , , 4.7525192, 0.0182956, , , , , , , , , , , , , , , , , , , , , , , , , , , , 
4.7530385, -0.0270237, , , , , , , 4.7530385, 0.0621042, , , , , , , 4.7530385, 0.0087282, , , , , , , 4.7530385, 0.0092317, , , , , , , , , , , , , , , , , , , , , , , , , , , , 
4.7535577, -0.018967, , , , , , , 4.7535577, 0.0763714, , , , , , , 4.7535577, 0.0025177, , , , , , , 4.7535577, 0.0031891, , , , , , , , , , , , , , , , , , , , , , , , , , , , 
4.7540769, -0.0097353, , , , , , , 4.7540769, 0.082414, , , , , , , 4.7540769, 0.0008392, , , , , , , 4.7540769, 0.0011749, , , , , , , , , , , , , , , , , , , , , , , , , , , , 
4.7545962, 0.0018463, , , , , , , 4.7545962, 0.0656291, , , , , , , 4.7545962, -0.0003357, , , , , , , 4.7545962, 0.0025177, , , , , , , , , , , , , , , , , , , , , , , , , , , , 
4.7551154, 0.0117494, , , , , , , 4.7551154, 0.0298772, , , , , , , 4.7551154, -0.0015106, , , , , , , 4.7551154, 0.0065461, , , , , , , , , , , , , , , , , , , , , , , , , , , , 
4.7556346, 0.0166171, , , , , , , 4.7556346, 0.0028534, , , , , , , 4.7556346, 0.0005035, , , , , , , 4.7556346, 0.0092317, , , , , , , , , , , , , , , , , , , , , , , , , , , , 
4.7561538, 0.0193027, , , , , , , 4.7561538, -0.0135958, , , , , , , 4.7561538, 0.0038605, , , , , , , 4.7561538, 0.008896, , , , , , , , , , , , , , , , , , , , , , , , , , , , 
4.7566731, 0.0193027, , , , , , , 4.7566731, -0.0303807, , , , , , , 4.7566731, 0.0045319, , , , , , , 4.7566731, 0.0092317, , , , , , , , , , , , , , , , , , , , , , , , , , , , 
4.7571923, 0.0196384, , , , , , , 4.7571923, -0.0491798, , , , , , , 4.7571923, 0.0058747, , , , , , , 4.7571923, 0.0125887, , , , , , , , , , , , , , , , , , , , , , , , , , , , 
4.7577115, 0.0209812, , , , , , , 4.7577115, -0.0649577, , , , , , , 4.7577115, 0.0186313, , , , , , , 4.7577115, 0.0166171, , , , , , , , , , , , , , , , , , , , , , , , , , , , 
4.7582308, 0.0250095, , , , , , , 4.7582308, -0.0639506, , , , , , , 4.7582308, 0.0374304, , , , , , , 4.7582308, 0.0191348, , , , , , , , , , , , , , , , , , , , , , , , , , , , 
4.75875, 0.030045, , , , , , , 4.75875, -0.040116, , , , , , , 4.75875, 0.0528725, , , , , , , 4.75875, 0.0206455, , , , , , , , , , , , , , , , , , , , , , , , , , , , 
4.7592692, 0.0335698, , , , , , , 4.7592692, -0.005539, , , , , , , 4.7592692, 0.0636149, , , , , , , 4.7592692, 0.0203098, , , , , , , , , , , , , , , , , , , , , , , , , , , , 
4.7597885, 0.0407874, , , , , , , 4.7597885, 0.0115816, , , , , , , 4.7597885, 0.0710002, , , , , , , 4.7597885, 0.0193027, , , , , , , , , , , , , , , , , , , , , , , , , , , , 
4.7603077, 0.0392767, , , , , , , 4.7603077, 0.0045319, , , , , , , 4.7603077, 0.0757, , , , , , , 4.7603077, 0.0176242, , , , , , , , , , , , , , , , , , , , , , , , , , , , 
4.7608269, 0.0323949, , , , , , , 4.7608269, -0.005539, , , , , , , 4.7608269, 0.0716716, , , , , , , 4.7608269, 0.0199741, , , , , , , , , , , , , , , , , , , , , , , , , , , , 
4.7613462, 0.0273594, , , , , , , 4.7613462, -0.0048676, , , , , , , 4.7613462, 0.0589151, , , , , , , 4.7613462, 0.0236667, , , , , , , , , , , , , , , , , , , , , , , , , , , , 
4.7618654, 0.0263523, , , , , , , 4.7618654, 0.0058747, , , , , , , 4.7618654, 0.0370947, , , , , , , 4.7618654, 0.0246738, , , , , , , , , , , , , , , , , , , , , , , , , , , , 
4.7623846, 0.0320592, , , , , , , 4.7623846, 0.0152743, , , , , , , 4.7623846, 0.0065461, , , , , , , 4.7623846, 0.0219883, , , , , , , , , , , , , , , , , , , , , , , , , , , , 
4.7629038, 0.0441444, , , , , , , 4.7629038, 0.021149, , , , , , , 4.7629038, -0.0263523, , , , , , , 4.7629038, 0.0159457, , , , , , , , , , , , , , , , , , , , , , , , , , , , 
4.7634231, 0.0542153, , , , , , , 4.7634231, 0.0320592, , , , , , , 4.7634231, -0.051194, , , , , , , 4.7634231, 0.0104067, , , , , , , , , , , , , , , , , , , , , , , , , , , , 
4.7639423, 0.0562295, , , , , , , 4.7639423, 0.0508583, , , , , , , 4.7639423, -0.0619364, , , , , , , 4.7639423, 0.0082246, , , , , , , , , , , , , , , , , , , , , , , , , , , , 
4.7644615, 0.0522011, , , , , , , 4.7644615, 0.0501869, , , , , , , 4.7644615, -0.0614328, , , , , , , 4.7644615, 0.0072175, , , , , , , , , , , , , , , , , , , , , , , , , , , , 
4.7649808, 0.0485084, , , , , , , 4.7649808, 0.0276951, , , , , , , 4.7649808, -0.0609293, , , , , , , 4.7649808, 0.0078889, , , , , , , , , , , , , , , , , , , , , , , , , , , , 
4.7655, 0.0438087, , , , , , , 4.7655, 0.0078889, , , , , , , 4.7655, -0.0686503, , , , , , , 4.7655, 0.0085603, , , , , , , , , , , , , , , , , , , , , , , , , , , , 
4.7660192, 0.0354162, , , , , , , 4.7660192, 0.0003357, , , , , , , 4.7660192, -0.0807355, , , , , , , 4.7660192, 0.0075532, , , , , , , , , , , , , , , , , , , , , , , , , , , , 
4.7665385, 0.024506, , , , , , , 4.7665385, -0.0082246, , , , , , , 4.7665385, -0.0884565, , , , , , , 4.7665385, 0.0058747, , , , , , , , , , , , , , , , , , , , , , , , , , , , 
4.7670577, 0.0135958, , , , , , , 4.7670577, -0.0260166, , , , , , , 4.7670577, -0.0921492, , , , , , , 4.7670577, 0.0052033, , , , , , , , , , , , , , , , , , , , , , , , , , , , 
4.7675769, 0.0048676, , , , , , , 4.7675769, -0.0399481, , , , , , , 4.7675769, -0.0960098, , , , , , , 4.7675769, 0.0048676, , , , , , , , , , , , , , , , , , , , , , , , , , , , 
4.7680962, -0.0028534, , , , , , , 4.7680962, -0.0453193, , , , , , , 4.7680962, -0.096849, , , , , , , 4.7680962, 0.0065461, , , , , , , , , , , , , , , , , , , , , , , , , , , , 
4.7686154, -0.0135958, , , , , , , 4.7686154, -0.0666361, , , , , , , 4.7686154, -0.0882887, , , , , , , 4.7686154, 0.0085603, , , , , , , , , , , , , , , , , , , , , , , , , , , , 
4.7691346, -0.0250095, , , , , , , 4.7691346, -0.1022202, , , , , , , 4.7691346, -0.068986, , , , , , , 4.7691346, 0.0105745, , , , , , , , , , , , , , , , , , , , , , , , , , , , 
4.7696538, -0.0357519, , , , , , , 4.7696538, -0.1163195, , , , , , , 4.7696538, -0.0488441, , , , , , , 4.7696538, 0.012253, , , , , , , , , , , , , , , , , , , , , , , , , , , , 
4.7701731, -0.0438087, , , , , , , 4.7701731, -0.096849, , , , , , , 4.7701731, -0.0317235, , , , , , , 4.7701731, 0.0105745, , , , , , , , , , , , , , , , , , , , , , , , , , , , 
4.7706923, -0.0491798, , , , , , , 4.7706923, -0.057908, , , , , , , 4.7706923, -0.0172885, , , , , , , 4.7706923, 0.0099031, , , , , , , , , , , , , , , , , , , , , , , , , , , , 
4.7712115, -0.0565652, , , , , , , 4.7712115, -0.0223239, , , , , , , 4.7712115, -0.0099031, , , , , , , 4.7712115, 0.0105745, , , , , , , , , , , , , , , , , , , , , , , , , , , , 
4.7717308, -0.0626078, , , , , , , 4.7717308, -0.0082246, , , , , , , 4.7717308, -0.0085603, , , , , , , 4.7717308, 0.0134279, , , , , , , , , , , , , , , , , , , , , , , , , , , , 
4.77225, -0.0636149, , , , , , , 4.77225, -0.0093996, , , , , , , 4.77225, -0.0068818, , , , , , , 4.77225, 0.0151064, , , , , , , , , , , , , , , , , , , , , , , , , , , , 
4.7727692, -0.0592508, , , , , , , 4.7727692, -0.0152743, , , , , , , 4.7727692, -0.005539, , , , , , , 4.7727692, 0.0140993, , , , , , , , , , , , , , , , , , , , , , , , , , , , 
4.7732885, -0.0446479, , , , , , , 4.7732885, -0.0263523, , , , , , , 4.7732885, -0.0062104, , , , , , , 4.7732885, 0.0112459, , , , , , , , , , , , , , , , , , , , , , , , , , , , 
4.7738077, -0.0340734, , , , , , , 4.7738077, -0.0377661, , , , , , , 4.7738077, -0.0028534, , , , , , , 4.7738077, 0.0095674, , , , , , , , , , , , , , , , , , , , , , , , , , , , 
4.7743269, -0.0290379, , , , , , , 4.7743269, -0.0370947, , , , , , , 4.7743269, 0.0031891, , , , , , , 4.7743269, 0.0068818, , , , , , , , , , , , , , , , , , , , , , , , , , , , 
4.7748462, -0.0246738, , , , , , , 4.7748462, -0.0199741, , , , , , , 4.7748462, 0.0115816, , , , , , , 4.7748462, 0.0030213, , , , , , , , , , , , , , , , , , , , , , , , , , , , 
4.7753654, -0.0159457, , , , , , , 4.7753654, 0.0077211, , , , , , , 4.7753654, 0.0209812, , , , , , , 4.7753654, 0.0011749, , , , , , , , , , , , , , , , , , , , , , , , , , , , 
4.7758846, -0.0008392, , , , , , , 4.7758846, 0.0317235, , , , , , , 4.7758846, 0.0307164, , , , , , , 4.7758846, 0.0018463, , , , , , , , , , , , , , , , , , , , , , , , , , , , 
4.7764038, 0.0162814, , , , , , , 4.7764038, 0.0522011, , , , , , , 4.7764038, 0.0394446, , , , , , , 4.7764038, 0.0005035, , , , , , , , , , , , , , , , , , , , , , , , , , , , 
4.7769231, 0.023331, , , , , , , 4.7769231, 0.0582437, , , , , , , 4.7769231, 0.0407874, , , , , , , 4.7769231, -0.0010071, , , , , , , , , , , , , , , , , , , , , , , , , , , , 
4.7774423, 0.0238346, , , , , , , 4.7774423, 0.0688182, , , , , , , 4.7774423, 0.033402, , , , , , , 4.7774423, -0.0015106, , , , , , , , , , , , , , , , , , , , , , , , , , , , 
4.7779615, 0.027863, , , , , , , 4.7779615, 0.0988632, , , , , , , 4.7779615, 0.0204776, , , , , , , 4.7779615, 0.0006714, , , , , , , , , , , , , , , , , , , , , , , , , , , , 
4.7784808, 0.0360876, , , , , , , 4.7784808, 0.1156481, , , , , , , 4.7784808, 0.0119173, , , , , , , 4.7784808, 0.0048676, , , , , , , , , , , , , , , , , , , , , , , , , , , , 
4.779, 0.0438087, , , , , , , 4.779, 0.1059129, , , , , , , 4.779, 0.0085603, , , , , , , 4.779, 0.0058747, , , , , , , , , , , , , , , , , , , , , , , , , , , , 
4.7795192, 0.0454871, , , , , , , 4.7795192, 0.0777142, , , , , , , 4.7795192, 0.0030213, , , , , , , 4.7795192, 0.0011749, , , , , , , , , , , , , , , , , , , , , , , , , , , , 
4.7800385, 0.0458228, , , , , , , 4.7800385, 0.0464942, , , , , , , 4.7800385, -0.0028534, , , , , , , 4.7800385, -0.0018463, , , , , , , , , , , , , , , , , , , , , , , , , , , , 
4.7805577, 0.0498512, , , , , , , 4.7805577, 0.0109102, , , , , , , 4.7805577, -0.0078889, , , , , , , 4.7805577, -0.0011749, , , , , , , , , , , , , , , , , , , , , , , , , , , , 
4.7810769, 0.0527047, , , , , , , 4.7810769, -0.0357519, , , , , , , 4.7810769, -0.0193027, , , , , , , 4.7810769, 0.0028534, , , , , , , , , , , , , , , , , , , , , , , , , , , , 
4.7815962, 0.0548867, , , , , , , 4.7815962, -0.0676432, , , , , , , 4.7815962, -0.0307164, , , , , , , 4.7815962, 0.0082246, , , , , , , , , , , , , , , , , , , , , , , , , , , , 
4.7821154, 0.0574044, , , , , , , 4.7821154, -0.0785534, , , , , , , 4.7821154, -0.0350805, , , , , , , 4.7821154, 0.0112459, , , , , , , , , , , , , , , , , , , , , , , , , , , , 
4.7826346, 0.0592508, , , , , , , 4.7826346, -0.0956741, , , , , , , 4.7826346, -0.0330663, , , , , , , 4.7826346, 0.0125887, , , , , , , , , , , , , , , , , , , , , , , , , , , , 
4.7831538, 0.0656291, , , , , , , 4.7831538, -0.1220264, , , , , , , 4.7831538, -0.0283665, , , , , , , 4.7831538, 0.0132601, , , , , , , , , , , , , , , , , , , , , , , , , , , , 
4.7836731, 0.0753643, , , , , , , 4.7836731, -0.1404898, , , , , , , 4.7836731, -0.0253452, , , , , , , 4.7836731, 0.0090639, , , , , , , , , , , , , , , , , , , , , , , , , , , , 
4.7841923, 0.0787213, , , , , , , 4.7841923, -0.1294118, , , , , , , 4.7841923, -0.0260166, , , , , , , 4.7841923, 0.0015106, , , , , , , , , , , , , , , , , , , , , , , , , , , , 
4.7847115, 0.0763714, , , , , , , 4.7847115, -0.0903029, , , , , , , 4.7847115, -0.0236667, , , , , , , 4.7847115, 0.0001678, , , , , , , , , , , , , , , , , , , , , , , , , , , , 
4.7852308, 0.0740215, , , , , , , 4.7852308, -0.0486763, , , , , , , 4.7852308, -0.01561, , , , , , , 4.7852308, 0.0016785, , , , , , , , , , , , , , , , , , , , , , , , , , , , 
4.78575, 0.0696574, , , , , , , 4.78575, -0.0243381, , , , , , , 4.78575, -0.005539, , , , , , , 4.78575, 0.0070497, , , , , , , , , , , , , , , , , , , , , , , , , , , , 
4.7862692, 0.0629435, , , , , , , 4.7862692, -0.0119173, , , , , , , 4.7862692, -0.0001678, , , , , , , 4.7862692, 0.01561, , , , , , , , , , , , , , , , , , , , , , , , , , , , 
4.7867885, 0.0580758, , , , , , , 4.7867885, -0.0065461, , , , , , , 4.7867885, -0.0001678, , , , , , , 4.7867885, 0.0204776, , , , , , , , , , , , , , , , , , , , , , , , , , , , 
4.7873077, 0.0446479, , , , , , , 4.7873077, -0.0068818, , , , , , , 4.7873077, -0.0018463, , , , , , , 4.7873077, 0.023331, , , , , , , , , , , , , , , , , , , , , , , , , , , , 
4.7878269, 0.0276951, , , , , , , 4.7878269, -0.0041962, , , , , , , 4.7878269, 0.0008392, , , , , , , 4.7878269, 0.030045, , , , , , , , , , , , , , , , , , , , , , , , , , , , 
4.7883462, 0.0146029, , , , , , , 4.7883462, -0.0015106, , , , , , , 4.7883462, 0.0072175, , , , , , , 4.7883462, 0.0406195, , , , , , , , , , , , , , , , , , , , , , , , , , , , 
4.7888654, 0.0011749, , , , , , , 4.7888654, -0.0041962, , , , , , , 4.7888654, 0.0119173, , , , , , , 4.7888654, 0.0481727, , , , , , , , , , , , , , , , , , , , , , , , , , , , 
4.7893846, -0.01561, , , , , , , 4.7893846, -0.0139315, , , , , , , 4.7893846, 0.014435, , , , , , , 4.7893846, 0.0500191, , , , , , , , , , , , , , , , , , , , , , , , , , , , 
4.7899038, -0.0317235, , , , , , , 4.7899038, -0.0216526, , , , , , , 4.7899038, 0.0125887, , , , , , , 4.7899038, 0.0481727, , , , , , , , , , , , , , , , , , , , , , , , , , , , 
4.7904231, -0.0424659, , , , , , , 4.7904231, -0.0162814, , , , , , , 4.7904231, 0.0038605, , , , , , , 4.7904231, 0.0461585, , , , , , , , , , , , , , , , , , , , , , , , , , , , 
4.7909423, -0.0501869, , , , , , , 4.7909423, 0.0031891, , , , , , , 4.7909423, -0.0048676, , , , , , , 4.7909423, 0.0426337, , , , , , , , , , , , , , , , , , , , , , , , , , , , 
4.7914615, -0.0532082, , , , , , , 4.7914615, 0.0206455, , , , , , , 4.7914615, -0.002182, , , , , , , 4.7914615, 0.0350805, , , , , , , , , , , , , , , , , , , , , , , , , , , , 
4.7919808, -0.0565652, , , , , , , 4.7919808, 0.0193027, , , , , , , 4.7919808, 0.0132601, , , , , , , 4.7919808, 0.0297093, , , , , , , , , , , , , , , , , , , , , , , , , , , , 
4.7925, -0.0538796, , , , , , , 4.7925, 0.0102388, , , , , , , 4.7925, 0.030045, , , , , , , 4.7925, 0.0270237, , , , , , , , , , , , , , , , , , , , , , , , , , , , 
4.7930192, -0.0391089, , , , , , , 4.7930192, 0.008896, , , , , , , 4.7930192, 0.0461585, , , , , , , 4.7930192, 0.0201419, , , , , , , , , , , , , , , , , , , , , , , , , , , , 
4.7935385, -0.0223239, , , , , , , 4.7935385, 0.0125887, , , , , , , 4.7935385, 0.0663005, , , , , , , 4.7935385, 0.0099031, , , , , , , , , , , , , , , , , , , , , , , , , , , , 
4.7940577, -0.0142672, , , , , , , 4.7940577, 0.0179599, , , , , , , 4.7940577, 0.0877852, , , , , , , 4.7940577, -0.0008392, , , , , , , , , , , , , , , , , , , , , , , , , , , , 
4.7945769, -0.0082246, , , , , , , 4.7945769, 0.0234989, , , , , , , 4.7945769, 0.1005417, , , , , , , 4.7945769, -0.0038605, , , , , , , , , , , , , , , , , , , , , , , , , , , , 
4.7950962, 0.0001678, , , , , , , 4.7950962, 0.0265202, , , , , , , 4.7950962, 0.0991989, , , , , , , 4.7950962, -0.0035248, , , , , , , , , , , , , , , , , , , , , , , , , , , , 
4.7956154, 0.0063783, , , , , , , 4.7956154, 0.026688, , , , , , , 4.7956154, 0.0896315, , , , , , , 4.7956154, -0.0057069, , , , , , , , , , , , , , , , , , , , , , , , , , , , 
4.7961346, 0.0127565, , , , , , , 4.7961346, 0.0261845, , , , , , , 4.7961346, 0.0743572, , , , , , , 4.7961346, -0.0048676, , , , , , , , , , , , , , , , , , , , , , , , , , , , 
4.7966538, 0.0186313, , , , , , , 4.7966538, 0.0226596, , , , , , , 4.7966538, 0.0476692, , , , , , , 4.7966538, -0.0028534, , , , , , , , , , , , , , , , , , , , , , , , , , , , 
4.7971731, 0.0219883, , , , , , , 4.7971731, 0.0186313, , , , , , , 4.7971731, 0.0137636, , , , , , , 4.7971731, -0.005539, , , , , , , , , , , , , , , , , , , , , , , , , , , , 
4.7976923, 0.023331, , , , , , , 4.7976923, 0.0184634, , , , , , , 4.7976923, -0.0149386, , , , , , , 4.7976923, -0.010071, , , , , , , , , , , , , , , , , , , , , , , , , , , , 
4.7982115, 0.0246738, , , , , , , 4.7982115, 0.0209812, , , , , , , 4.7982115, -0.0421302, , , , , , , 4.7982115, -0.0109102, , , , , , , , , , , , , , , , , , , , , , , , , , , , 
4.7987308, 0.0253452, , , , , , , 4.7987308, 0.0387732, , , , , , , 4.7987308, -0.0733501, , , , , , , 4.7987308, -0.0095674, , , , , , , , , , , , , , , , , , , , , , , , , , , , 
4.79925, 0.0250095, , , , , , , 4.79925, 0.0592508, , , , , , , 4.79925, -0.1038987, , , , , , , 4.79925, -0.0072175, , , , , , , , , , , , , , , , , , , , , , , , , , , , 
4.7997692, 0.0283665, , , , , , , 4.7997692, 0.0454871, , , , , , , 4.7997692, -0.1320974, , , , , , , 4.7997692, -0.002182, , , , , , , , , , , , , , , , , , , , , , , , , , , , 
4.8002885, 0.03122, , , , , , , 4.8002885, 0.0031891, , , , , , , 4.8002885, -0.1545892, , , , , , , 4.8002885, 0.0025177, , , , , , , , , , , , , , , , , , , , , , , , , , , , 
4.8008077, 0.024506, , , , , , , 4.8008077, -0.0256809, , , , , , , 4.8008077, -0.1688563, , , , , , , 4.8008077, 0.0045319, , , , , , , , , , , , , , , , , , , , , , , , , , , , 
4.8013269, 0.017792, , , , , , , 4.8013269, -0.0283665, , , , , , , 4.8013269, -0.1784237, , , , , , , 4.8013269, 0.0065461, , , , , , , , , , , , , , , , , , , , , , , , , , , , 
4.8018462, 0.0193027, , , , , , , 4.8018462, -0.0236667, , , , , , , 4.8018462, -0.1868162, , , , , , , 4.8018462, 0.0095674, , , , , , , , , , , , , , , , , , , , , , , , , , , , 
4.8023654, 0.0303807, , , , , , , 4.8023654, -0.0240024, , , , , , , 4.8023654, -0.1908446, , , , , , , 4.8023654, 0.0095674, , , , , , , , , , , , , , , , , , , , , , , , , , , , 
4.8028846, 0.043473, , , , , , , 4.8028846, -0.0218204, , , , , , , 4.8028846, -0.1861448, , , , , , , 4.8028846, 0.0125887, , , , , , , , , , , , , , , , , , , , , , , , , , , , 
4.8034038, 0.054551, , , , , , , 4.8034038, -0.0095674, , , , , , , 4.8034038, -0.1707027, , , , , , , 4.8034038, 0.0137636, , , , , , , , , , , , , , , , , , , , , , , , , , , , 
4.8039231, 0.0629435, , , , , , , 4.8039231, 0.0062104, , , , , , , 4.8039231, -0.1515679, , , , , , , 4.8039231, 0.012253, , , , , , , , , , , , , , , , , , , , , , , , , , , , 
4.8044423, 0.0706645, , , , , , , 4.8044423, 0.0135958, , , , , , , 4.8044423, -0.1290761, , , , , , , 4.8044423, 0.0114137, , , , , , , , , , , , , , , , , , , , , , , , , , , , 
4.8049615, 0.0743572, , , , , , , 4.8049615, 0.0065461, , , , , , , 4.8049615, -0.1005417, , , , , , , 4.8049615, 0.0125887, , , , , , , , , , , , , , , , , , , , , , , , , , , , 
4.8054808, 0.068986, , , , , , , 4.8054808, -0.0035248, , , , , , , 4.8054808, -0.0642863, , , , , , , 4.8054808, 0.0132601, , , , , , , , , , , , , , , , , , , , , , , , , , , , 
4.806, 0.0585794, , , , , , , 4.806, 0.0005035, , , , , , , 4.806, -0.0290379, , , , , , , 4.806, 0.0139315, , , , , , , , , , , , , , , , , , , , , , , , , , , , 
4.8065192, 0.0480049, , , , , , , 4.8065192, 0.0109102, , , , , , , 4.8065192, -0.0008392, , , , , , , 4.8065192, 0.0182956, , , , , , , , , , , , , , , , , , , , , , , , , , , , 
4.8070385, 0.0397803, , , , , , , 4.8070385, 0.0073854, , , , , , , 4.8070385, 0.0199741, , , , , , , 4.8070385, 0.0246738, , , , , , , , , , , , , , , , , , , , , , , , , , , , 
4.8075577, 0.0350805, , , , , , , 4.8075577, -0.008896, , , , , , , 4.8075577, 0.0364233, , , , , , , 4.8075577, 0.0276951, , , , , , , , , , , , , , , , , , , , , , , , , , , , 
4.8080769, 0.0280308, , , , , , , 4.8080769, -0.0209812, , , , , , , 4.8080769, 0.047837, , , , , , , 4.8080769, 0.0280308, , , , , , , , , , , , , , , , , , , , , , , , , , , , 
4.8085962, 0.0159457, , , , , , , 4.8085962, -0.0240024, , , , , , , 4.8085962, 0.0532082, , , , , , , 4.8085962, 0.0276951, , , , , , , , , , , , , , , , , , , , , , , , , , , , 
4.8091154, 0.0025177, , , , , , , 4.8091154, -0.0273594, , , , , , , 4.8091154, 0.0542153, , , , , , , 4.8091154, 0.0260166, , , , , , , , , , , , , , , , , , , , , , , , , , , , 
4.8096346, -0.0109102, , , , , , , 4.8096346, -0.0431373, , , , , , , 4.8096346, 0.0558938, , , , , , , 4.8096346, 0.0243381, , , , , , , , , , , , , , , , , , , , , , , , , , , , 
4.8101538, -0.0243381, , , , , , , 4.8101538, -0.0627756, , , , , , , 4.8101538, 0.0569009, , , , , , , 4.8101538, 0.0260166, , , , , , , , , , , , , , , , , , , , , , , , , , , , 
4.8106731, -0.0344091, , , , , , , 4.8106731, -0.0716716, , , , , , , 4.8106731, 0.0582437, , , , , , , 4.8106731, 0.0320592, , , , , , , , , , , , , , , , , , , , , , , , , , , , 
4.8111923, -0.0431373, , , , , , , 4.8111923, -0.0688182, , , , , , , 4.8111923, 0.0602579, , , , , , , 4.8111923, 0.0397803, , , , , , , , , , , , , , , , , , , , , , , , , , , , 
4.8117115, -0.0525368, , , , , , , 4.8117115, -0.0525368, , , , , , , 4.8117115, 0.0636149, , , , , , , 4.8117115, 0.0441444, , , , , , , , , , , , , , , , , , , , , , , , , , , , 
4.8122308, -0.056733, , , , , , , 4.8122308, -0.0273594, , , , , , , 4.8122308, 0.0656291, , , , , , , 4.8122308, 0.0438087, , , , , , , , , , , , , , , , , , , , , , , , , , , , 
4.81275, -0.0498512, , , , , , , 4.81275, -0.0052033, , , , , , , 4.81275, 0.064622, , , , , , , 4.81275, 0.0381018, , , , , , , , , , , , , , , , , , , , , , , , , , , , 
4.8132692, -0.0354162, , , , , , , 4.8132692, 0.0052033, , , , , , , 4.8132692, 0.0589151, , , , , , , 4.8132692, 0.0292058, , , , , , , , , , , , , , , , , , , , , , , , , , , , 
4.8137885, -0.0176242, , , , , , , 4.8137885, 0.012253, , , , , , , 4.8137885, 0.0481727, , , , , , , 4.8137885, 0.01561, , , , , , , , , , , , , , , , , , , , , , , , , , , , 
4.8143077, -0.0099031, , , , , , , 4.8143077, 0.0152743, , , , , , , 4.8143077, 0.0370947, , , , , , , 4.8143077, 0.0025177, , , , , , , , , , , , , , , , , , , , , , , , , , , , 
4.8148269, -0.0058747, , , , , , , 4.8148269, 0.0050355, , , , , , , 4.8148269, 0.0290379, , , , , , , 4.8148269, -0.0063783, , , , , , , , , , , , , , , , , , , , , , , , , , , , 
4.8153462, 0.0035248, , , , , , , 4.8153462, -0.005539, , , , , , , 4.8153462, 0.0253452, , , , , , , 4.8153462, -0.0102388, , , , , , , , , , , , , , , , , , , , , , , , , , , , 
4.8158654, 0.0125887, , , , , , , 4.8158654, -0.0125887, , , , , , , 4.8158654, 0.0236667, , , , , , , 4.8158654, -0.0112459, , , , , , , , , , , , , , , , , , , , , , , , , , , , 
4.8163846, 0.0159457, , , , , , , 4.8163846, -0.0357519, , , , , , , 4.8163846, 0.0223239, , , , , , , 4.8163846, -0.012253, , , , , , , , , , , , , , , , , , , , , , , , , , , , 
4.8169038, 0.0137636, , , , , , , 4.8169038, -0.0674754, , , , , , , 4.8169038, 0.0186313, , , , , , , 4.8169038, -0.0149386, , , , , , , , , , , , , , , , , , , , , , , , , , , , 
4.8174231, 0.0085603, , , , , , , 4.8174231, -0.0810712, , , , , , , 4.8174231, 0.0166171, , , , , , , 4.8174231, -0.014435, , , , , , , , , , , , , , , , , , , , , , , , , , , , 
4.8179423, 0.0058747, , , , , , , 4.8179423, -0.0641184, , , , , , , 4.8179423, 0.0166171, , , , , , , 4.8179423, -0.0119173, , , , , , , , , , , , , , , , , , , , , , , , , , , , 
4.8184615, 0.0065461, , , , , , , 4.8184615, -0.0391089, , , , , , , 4.8184615, 0.0172885, , , , , , , 4.8184615, -0.010071, , , , , , , , , , , , , , , , , , , , , , , , , , , , 
4.8189808, 0.0102388, , , , , , , 4.8189808, -0.0193027, , , , , , , 4.8189808, 0.0199741, , , , , , , 4.8189808, -0.0082246, , , , , , , , , , , , , , , , , , , , , , , , , , , , 
4.8195, 0.0146029, , , , , , , 4.8195, 0.0172885, , , , , , , 4.8195, 0.0246738, , , , , , , 4.8195, -0.0062104, , , , , , , , , , , , , , , , , , , , , , , , , , , , 
4.8200192, 0.0159457, , , , , , , 4.8200192, 0.061265, , , , , , , 4.8200192, 0.0337377, , , , , , , 4.8200192, -0.0052033, , , , , , , , , , , , , , , , , , , , , , , , , , , , 
4.8205385, 0.0172885, , , , , , , 4.8205385, 0.0726787, , , , , , , 4.8205385, 0.0421302, , , , , , , 4.8205385, 0.0001678, , , , , , , , , , , , , , , , , , , , , , , , , , , , 
4.8210577, 0.0206455, , , , , , , 4.8210577, 0.0488441, , , , , , , 4.8210577, 0.0463264, , , , , , , 4.8210577, 0.0078889, , , , , , , , , , , , , , , , , , , , , , , , , , , , 
4.8215769, 0.0226596, , , , , , , 4.8215769, 0.0191348, , , , , , , 4.8215769, 0.0485084, , , , , , , 4.8215769, 0.0166171, , , , , , , , , , , , , , , , , , , , , , , , , , , , 
4.8220962, 0.0253452, , , , , , , 4.8220962, -0.0005035, , , , , , , 4.8220962, 0.0533761, , , , , , , 4.8220962, 0.0280308, , , , , , , , , , , , , , , , , , , , , , , , , , , , 
4.8226154, 0.0345769, , , , , , , 4.8226154, -0.01561, , , , , , , 4.8226154, 0.0575723, , , , , , , 4.8226154, 0.0384375, , , , , , , , , , , , , , , , , , , , , , , , , , , , 
4.8231346, 0.0419623, , , , , , , 4.8231346, -0.0307164, , , , , , , 4.8231346, 0.0572366, , , , , , , 4.8231346, 0.0453193, , , , , , , , , , , , , , , , , , , , , , , , , , , , 
4.8236538, 0.0406195, , , , , , , 4.8236538, -0.0488441, , , , , , , 4.8236538, 0.0528725, , , , , , , 4.8236538, 0.0438087, , , , , , , , , , , , , , , , , , , , , , , , , , , , 
4.8241731, 0.040116, , , , , , , 4.8241731, -0.0710002, , , , , , , 4.8241731, 0.0488441, , , , , , , 4.8241731, 0.0377661, , , , , , , , , , , , , , , , , , , , , , , , , , , , 
4.8246923, 0.043473, , , , , , , 4.8246923, -0.0881209, , , , , , , 4.8246923, 0.0495155, , , , , , , 4.8246923, 0.0339055, , , , , , , , , , , , , , , , , , , , , , , , , , , , 
4.8252115, 0.0441444, , , , , , , 4.8252115, -0.0891279, , , , , , , 4.8252115, 0.0538796, , , , , , , 4.8252115, 0.0320592, , , , , , , , , , , , , , , , , , , , , , , , , , , , 
4.8257308, 0.040116, , , , , , , 4.8257308, -0.0721752, , , , , , , 4.8257308, 0.0587472, , , , , , , 4.8257308, 0.0287022, , , , , , , , , , , , , , , , , , , , , , , , , , , , 
4.82625, 0.0320592, , , , , , , 4.82625, -0.0364233, , , , , , , 4.82625, 0.0605936, , , , , , , 4.82625, 0.0246738, , , , , , , , , , , , , , , , , , , , , , , , , , , , 
4.8267692, 0.0243381, , , , , , , 4.8267692, 0.0129244, , , , , , , 4.8267692, 0.057908, , , , , , , 4.8267692, 0.0199741, , , , , , , , , , , , , , , , , , , , , , , , , , , , 
4.8272885, 0.0186313, , , , , , , 4.8272885, 0.0605936, , , , , , , 4.8272885, 0.0486763, , , , , , , 4.8272885, 0.0132601, , , , , , , , , , , , , , , , , , , , , , , , , , , , 
4.8278077, 0.0078889, , , , , , , 4.8278077, 0.0837568, , , , , , , 4.8278077, 0.0391089, , , , , , , 4.8278077, 0.0045319, , , , , , , , , , , , , , , , , , , , , , , , , , , , 
4.8283269, -0.002182, , , , , , , 4.8283269, 0.085771, , , , , , , 4.8283269, 0.0370947, , , , , , , 4.8283269, -0.0005035, , , , , , , , , , , , , , , , , , , , , , , , , , , , 
4.8288462, -0.0115816, , , , , , , 4.8288462, 0.0916457, , , , , , , 4.8288462, 0.0392767, , , , , , , 4.8288462, 0.0008392, , , , , , , , , , , , , , , , , , , , , , , , , , , , 
4.8293654, -0.0219883, , , , , , , 4.8293654, 0.0971847, , , , , , , 4.8293654, 0.0377661, , , , , , , 4.8293654, 0.0025177, , , , , , , , , , , , , , , , , , , , , , , , , , , , 
4.8298846, -0.0330663, , , , , , , 4.8298846, 0.0755322, , , , , , , 4.8298846, 0.0240024, , , , , , , 4.8298846, 0.0045319, , , , , , , , , , , , , , , , , , , , , , , , , , , , 
4.8304038, -0.0417945, , , , , , , 4.8304038, 0.0325628, , , , , , , 4.8304038, -0.0035248, , , , , , , 4.8304038, 0.0058747, , , , , , , , , , , , , , , , , , , , , , , , , , , , 
4.8309231, -0.04448, , , , , , , 4.8309231, 0.0038605, , , , , , , 4.8309231, -0.040116, , , , , , , 4.8309231, 0.0072175, , , , , , , , , , , , , , , , , , , , , , , , , , , , 
4.8314423, -0.0448157, , , , , , , 4.8314423, 0.0016785, , , , , , , 4.8314423, -0.0793927, , , , , , , 4.8314423, 0.0085603, , , , , , , , , , , , , , , , , , , , , , , , , , , , 
4.8319615, -0.0411231, , , , , , , 4.8319615, 0.0065461, , , , , , , 4.8319615, -0.1151446, , , , , , , 4.8319615, 0.0095674, , , , , , , , , , , , , , , , , , , , , , , , , , , , 
4.8324808, -0.0323949, , , , , , , 4.8324808, -0.0149386, , , , , , , 4.8324808, -0.1435111, , , , , , , 4.8324808, 0.0090639, , , , , , , , , , , , , , , , , , , , , , , , , , , , 
4.833, -0.0199741, , , , , , , 4.833, -0.0663005, , , , , , , 4.833, -0.1576104, , , , , , , 4.833, 0.0046998, , , , , , , , , , , , , , , , , , , , , , , , , , , , 
4.8335192, -0.0104067, , , , , , , 4.8335192, -0.1096056, , , , , , , 4.8335192, -0.160296, , , , , , , 4.8335192, 0.0005035, , , , , , , , , , , , , , , , , , , , , , , , , , , , 
4.8340385, -0.005539, , , , , , , 4.8340385, -0.1230335, , , , , , , 4.8340385, -0.1587854, , , , , , , 4.8340385, 0.0005035, , , , , , , , , , , , , , , , , , , , , , , , , , , , 
4.8345577, 0.0038605, , , , , , , 4.8345577, -0.1183337, , , , , , , 4.8345577, -0.1555962, , , , , , , 4.8345577, -0.0003357, , , , , , , , , , , , , , , , , , , , , , , , , , , , 
4.8350769, 0.0172885, , , , , , , 4.8350769, -0.1080949, , , , , , , 4.8350769, -0.1549248, , , , , , , 4.8350769, 0.0008392, , , , , , , , , , , , , , , , , , , , , , , , , , , , 
4.8355962, 0.0219883, , , , , , , 4.8355962, -0.0938277, , , , , , , 4.8355962, -0.1539178, , , , , , , 4.8355962, 0.0038605, , , , , , , , , , , , , , , , , , , , , , , , , , , , 
4.8361154, 0.0246738, , , , , , , 4.8361154, -0.0713359, , , , , , , 4.8361154, -0.1461967, , , , , , , 4.8361154, 0.0075532, , , , , , , , , , , , , , , , , , , , , , , , , , , , 
4.8366346, 0.0271916, , , , , , , 4.8366346, -0.0485084, , , , , , , 4.8366346, -0.1305867, , , , , , , 4.8366346, 0.0082246, , , , , , , , , , , , , , , , , , , , , , , , , , , , 
4.8371538, 0.0270237, , , , , , , 4.8371538, -0.0263523, , , , , , , 4.8371538, -0.1111162, , , , , , , 4.8371538, 0.0078889, , , , , , , , , , , , , , , , , , , , , , , , , , , , 
4.8376731, 0.0273594, , , , , , , 4.8376731, -0.0023499, , , , , , , 4.8376731, -0.0840925, , , , , , , 4.8376731, 0.0097353, , , , , , , , , , , , , , , , , , , , , , , , , , , , 
4.8381923, 0.0342412, , , , , , , 4.8381923, 0.0199741, , , , , , , 4.8381923, -0.0532082, , , , , , , 4.8381923, 0.0129244, , , , , , , , , , , , , , , , , , , , , , , , , , , , 
4.8387115, 0.0407874, , , , , , , 4.8387115, 0.0310521, , , , , , , 4.8387115, -0.0276951, , , , , , , 4.8387115, 0.0142672, , , , , , , , , , , , , , , , , , , , , , , , , , , , 
4.8392308, 0.0394446, , , , , , , 4.8392308, 0.0246738, , , , , , , 4.8392308, -0.0125887, , , , , , , 4.8392308, 0.0129244, , , , , , , , , , , , , , , , , , , , , , , , , , , , 
4.83975, 0.0354162, , , , , , , 4.83975, 0.0152743, , , , , , , 4.83975, -0.0065461, , , , , , , 4.83975, 0.0119173, , , , , , , , , , , , , , , , , , , , , , , , , , , , 
4.8402692, 0.036759, , , , , , , 4.8402692, 0.0199741, , , , , , , 4.8402692, -0.0025177, , , , , , , 4.8402692, 0.0083925, , , , , , , , , , , , , , , , , , , , , , , , , , , , 
4.8407885, 0.0417945, , , , , , , 4.8407885, 0.0320592, , , , , , , 4.8407885, -0.002182, , , , , , , 4.8407885, 0.0050355, , , , , , , , , , , , , , , , , , , , , , , , , , , , 
4.8413077, 0.0364233, , , , , , , 4.8413077, 0.0347448, , , , , , , 4.8413077, -0.0062104, , , , , , , 4.8413077, 0.0062104, , , , , , , , , , , , , , , , , , , , , , , , , , , , 
4.8418269, 0.0310521, , , , , , , 4.8418269, 0.0273594, , , , , , , 4.8418269, -0.0142672, , , , , , , 4.8418269, 0.0078889, , , , , , , , , , , , , , , , , , , , , , , , , , , , 
4.8423462, 0.0318914, , , , , , , 4.8423462, 0.0135958, , , , , , , 4.8423462, -0.0243381, , , , , , , 4.8423462, 0.0092317, , , , , , , , , , , , , , , , , , , , , , , , , , , , 
4.8428654, 0.0438087, , , , , , , 4.8428654, -0.0015106, , , , , , , 4.8428654, -0.0317235, , , , , , , 4.8428654, 0.0075532, , , , , , , , , , , , , , , , , , , , , , , , , , , , 
4.8433846, 0.0602579, , , , , , , 4.8433846, -0.0172885, , , , , , , 4.8433846, -0.0307164, , , , , , , 4.8433846, 0.0058747, , , , , , , , , , , , , , , , , , , , , , , , , , , , 
4.8439038, 0.0741894, , , , , , , 4.8439038, -0.0236667, , , , , , , 4.8439038, -0.0223239, , , , , , , 4.8439038, 0.0062104, , , , , , , , , , , , , , , , , , , , , , , , , , , , 
4.8444231, 0.0788891, , , , , , , 4.8444231, -0.0085603, , , , , , , 4.8444231, -0.0129244, , , , , , , 4.8444231, 0.0097353, , , , , , , , , , , , , , , , , , , , , , , , , , , , 
4.8449423, 0.0787213, , , , , , , 4.8449423, 0.0196384, , , , , , , 4.8449423, -0.0072175, , , , , , , 4.8449423, 0.0159457, , , , , , , , , , , , , , , , , , , , , , , , , , , , 
4.8454615, 0.079057, , , , , , , 4.8454615, 0.0428016, , , , , , , 4.8454615, -0.0001678, , , , , , , 4.8454615, 0.0198062, , , , , , , , , , , , , , , , , , , , , , , , , , , , 
4.8459808, 0.076875, , , , , , , 4.8459808, 0.0522011, , , , , , , 4.8459808, 0.0077211, , , , , , , 4.8459808, 0.0199741, , , , , , , , , , , , , , , , , , , , , , , , , , , , 
4.8465, 0.0676432, , , , , , , 4.8465, 0.0501869, , , , , , , 4.8465, 0.0146029, , , , , , , 4.8465, 0.0162814, , , , , , , , , , , , , , , , , , , , , , , , , , , , 
4.8470192, 0.0532082, , , , , , , 4.8470192, 0.0340734, , , , , , , 4.8470192, 0.0223239, , , , , , , 4.8470192, 0.0119173, , , , , , , , , , , , , , , , , , , , , , , , , , , , 
4.8475385, 0.0381018, , , , , , , 4.8475385, 0.0115816, , , , , , , 4.8475385, 0.0325628, , , , , , , 4.8475385, 0.0092317, , , , , , , , , , , , , , , , , , , , , , , , , , , , 
4.8480577, 0.0246738, , , , , , , 4.8480577, 0.0025177, , , , , , , 4.8480577, 0.0451514, , , , , , , 4.8480577, 0.0085603, , , , , , , , , , , , , , , , , , , , , , , , , , , , 
4.8485769, 0.0139315, , , , , , , 4.8485769, 0.0102388, , , , , , , 4.8485769, 0.0616007, , , , , , , 4.8485769, 0.0112459, , , , , , , , , , , , , , , , , , , , , , , , , , , , 
4.8490962, -0.0001678, , , , , , , 4.8490962, 0.0219883, , , , , , , 4.8490962, 0.0787213, , , , , , , 4.8490962, 0.0193027, , , , , , , , , , , , , , , , , , , , , , , , , , , , 
4.8496154, -0.0139315, , , , , , , 4.8496154, 0.0365911, , , , , , , 4.8496154, 0.0904707, , , , , , , 4.8496154, 0.0246738, , , , , , , , , , , , , , , , , , , , , , , , , , , , 
4.8501346, -0.0307164, , , , , , , 4.8501346, 0.0399481, , , , , , , 4.8501346, 0.0950027, , , , , , , 4.8501346, 0.0276951, , , , , , , , , , , , , , , , , , , , , , , , , , , , 
4.8506538, -0.0501869, , , , , , , 4.8506538, 0.017792, , , , , , , 4.8506538, 0.0918135, , , , , , , 4.8506538, 0.0293736, , , , , , , , , , , , , , , , , , , , , , , , , , , , 
4.8511731, -0.0616007, , , , , , , 4.8511731, -0.0085603, , , , , , , 4.8511731, 0.0807355, , , , , , , 4.8511731, 0.03122, , , , , , , , , , , , , , , , , , , , , , , , , , , , 
4.8516923, -0.0659648, , , , , , , 4.8516923, -0.0176242, , , , , , , 4.8516923, 0.0642863, , , , , , , 4.8516923, 0.036759, , , , , , , , , , , , , , , , , , , , , , , , , , , , 
4.8522115, -0.0686503, , , , , , , 4.8522115, -0.0184634, , , , , , , 4.8522115, 0.043473, , , , , , , 4.8522115, 0.0438087, , , , , , , , , , , , , , , , , , , , , , , , , , , , 
4.8527308, -0.064622, , , , , , , 4.8527308, -0.0209812, , , , , , , 4.8527308, 0.0226596, , , , , , , 4.8527308, 0.0481727, , , , , , , , , , , , , , , , , , , , , , , , , , , , 
4.85325, -0.0527047, , , , , , , 4.85325, -0.030045, , , , , , , 4.85325, 0.0078889, , , , , , , 4.85325, 0.0459907, , , , , , , , , , , , , , , , , , , , , , , , , , , , 
4.8537692, -0.0406195, , , , , , , 4.8537692, -0.0424659, , , , , , , 4.8537692, -0.0015106, , , , , , , 4.8537692, 0.0407874, , , , , , , , , , , , , , , , , , , , , , , , , , , , 
4.8542885, -0.0303807, , , , , , , 4.8542885, -0.0518654, , , , , , , 4.8542885, -0.0139315, , , , , , , 4.8542885, 0.0347448, , , , , , , , , , , , , , , , , , , , , , , , , , , , 
4.8548077, -0.0246738, , , , , , , 4.8548077, -0.0582437, , , , , , , 4.8548077, -0.0290379, , , , , , , 4.8548077, 0.0287022, , , , , , , , , , , , , , , , , , , , , , , , , , , , 
4.8553269, -0.0172885, , , , , , , 4.8553269, -0.0616007, , , , , , , 4.8553269, -0.0397803, , , , , , , 4.8553269, 0.0250095, , , , , , , , , , , , , , , , , , , , , , , , , , , , 
4.8558462, -0.008896, , , , , , , 4.8558462, -0.0542153, , , , , , , 4.8558462, -0.0451514, , , , , , , 4.8558462, 0.018967, , , , , , , , , , , , , , , , , , , , , , , , , , , , 
4.8563654, -0.0041962, , , , , , , 4.8563654, -0.0431373, , , , , , , 4.8563654, -0.0481727, , , , , , , 4.8563654, 0.0125887, , , , , , , , , , , , , , , , , , , , , , , , , , , , 
4.8568846, 0.0005035, , , , , , , 4.8568846, -0.0290379, , , , , , , 4.8568846, -0.0461585, , , , , , , 4.8568846, 0.0085603, , , , , , , , , , , , , , , , , , , , , , , , , , , , 
4.8574038, 0.0065461, , , , , , , 4.8574038, -0.0162814, , , , , , , 4.8574038, -0.0426337, , , , , , , 4.8574038, 0.0031891, , , , , , , , , , , , , , , , , , , , , , , , , , , , 
4.8579231, 0.0105745, , , , , , , 4.8579231, -0.0140993, , , , , , , 4.8579231, -0.0347448, , , , , , , 4.8579231, -0.0048676, , , , , , , , , , , , , , , , , , , , , , , , , , , , 
4.8584423, 0.0184634, , , , , , , 4.8584423, -0.018967, , , , , , , 4.8584423, -0.0193027, , , , , , , 4.8584423, -0.0099031, , , , , , , , , , , , , , , , , , , , , , , , , , , , 
4.8589615, 0.0260166, , , , , , , 4.8589615, -0.0203098, , , , , , , 4.8589615, -0.0011749, , , , , , , 4.8589615, -0.0109102, , , , , , , , , , , , , , , , , , , , , , , , , , , , 
4.8594808, 0.0293736, , , , , , , 4.8594808, -0.0206455, , , , , , , 4.8594808, 0.0142672, , , , , , , 4.8594808, -0.0115816, , , , , , , , , , , , , , , , , , , , , , , , , , , , 
4.86, 0.033402, , , , , , , 4.86, -0.0182956, , , , , , , 4.86, 0.0320592, , , , , , , 4.86, -0.0115816, , , , , , , , , , , , , , , , , , , , , , , , , , , , 
4.8605192, 0.0384375, , , , , , , 4.8605192, -0.0179599, , , , , , , 4.8605192, 0.0515297, , , , , , , 4.8605192, -0.0112459, , , , , , , , , , , , , , , , , , , , , , , , , , , , 
4.8610385, 0.0407874, , , , , , , 4.8610385, -0.0250095, , , , , , , 4.8610385, 0.0716716, , , , , , , 4.8610385, -0.0085603, , , , , , , , , , , , , , , , , , , , , , , , , , , , 
4.8615577, 0.0404517, , , , , , , 4.8615577, -0.0307164, , , , , , , 4.8615577, 0.0903029, , , , , , , 4.8615577, -0.0090639, , , , , , , , , , , , , , , , , , , , , , , , , , , , 
4.8620769, 0.0428016, , , , , , , 4.8620769, -0.0243381, , , , , , , 4.8620769, 0.0995346, , , , , , , 4.8620769, -0.0129244, , , , , , , , , , , , , , , , , , , , , , , , , , , , 
4.8625962, 0.0532082, , , , , , , 4.8625962, -0.008896, , , , , , , 4.8625962, 0.0990311, , , , , , , 4.8625962, -0.0149386, , , , , , , , , , , , , , , , , , , , , , , , , , , , 
4.8631154, 0.0642863, , , , , , , 4.8631154, 0.0078889, , , , , , , 4.8631154, 0.0894636, , , , , , , 4.8631154, -0.0152743, , , , , , , , , , , , , , , , , , , , , , , , , , , , 
4.8636346, 0.0743572, , , , , , , 4.8636346, 0.0243381, , , , , , , 4.8636346, 0.0716716, , , , , , , 4.8636346, -0.0142672, , , , , , , , , , , , , , , , , , , , , , , , , , , , 
4.8641538, 0.0807355, , , , , , , 4.8641538, 0.0347448, , , , , , , 4.8641538, 0.0451514, , , , , , , 4.8641538, -0.0142672, , , , , , , , , , , , , , , , , , , , , , , , , , , , 
4.8646731, 0.0820783, , , , , , , 4.8646731, 0.0293736, , , , , , , 4.8646731, 0.0099031, , , , , , , 4.8646731, -0.0109102, , , , , , , , , , , , , , , , , , , , , , , , , , , , 
4.8651923, 0.079057, , , , , , , 4.8651923, 0.0132601, , , , , , , 4.8651923, -0.0270237, , , , , , , 4.8651923, -0.0035248, , , , , , , , , , , , , , , , , , , , , , , , , , , , 
4.8657115, 0.0733501, , , , , , , 4.8657115, -0.0041962, , , , , , , 4.8657115, -0.0575723, , , , , , , 4.8657115, 0.0031891, , , , , , , , , , , , , , , , , , , , , , , , , , , , 
4.8662308, 0.061265, , , , , , , 4.8662308, -0.0229953, , , , , , , 4.8662308, -0.0746929, , , , , , , 4.8662308, 0.0092317, , , , , , , , , , , , , , , , , , , , , , , , , , , , 
4.86675, 0.0414588, , , , , , , 4.86675, -0.0347448, , , , , , , 4.86675, -0.0850996, , , , , , , 4.86675, 0.0199741, , , , , , , , , , , , , , , , , , , , , , , , , , , , 
4.8672692, 0.0236667, , , , , , , 4.8672692, -0.0325628, , , , , , , 4.8672692, -0.1028916, , , , , , , 4.8672692, 0.0327306, , , , , , , , , , , , , , , , , , , , , , , , , , , , 
4.8677885, 0.0169528, , , , , , , 4.8677885, -0.0169528, , , , , , , 4.8677885, -0.1324331, , , , , , , 4.8677885, 0.0387732, , , , , , , , , , , , , , , , , , , , , , , , , , , , 
4.8683077, 0.0099031, , , , , , , 4.8683077, 0.002182, , , , , , , 4.8683077, -0.1549248, , , , , , , 4.8683077, 0.0387732, , , , , , , , , , , , , , , , , , , , , , , , , , , , 
4.8688269, -0.0041962, , , , , , , 4.8688269, 0.011078, , , , , , , 4.8688269, -0.1572747, , , , , , , 4.8688269, 0.0419623, , , , , , , , , , , , , , , , , , , , , , , , , , , , 
4.8693462, -0.018967, , , , , , , 4.8693462, 0.0246738, , , , , , , 4.8693462, -0.149218, , , , , , , 4.8693462, 0.0458228, , , , , , , , , , , , , , , , , , , , , , , , , , , , 
4.8698654, -0.0292058, , , , , , , 4.8698654, 0.0500191, , , , , , , 4.8698654, -0.1398184, , , , , , , 4.8698654, 0.0453193, , , , , , , , , , , , , , , , , , , , , , , , , , , , 
4.8703846, -0.036759, , , , , , , 4.8703846, 0.068986, , , , , , , 4.8703846, -0.1284047, , , , , , , 4.8703846, 0.0394446, , , , , , , , , , , , , , , , , , , , , , , , , , , , 
4.8709038, -0.0439765, , , , , , , 4.8709038, 0.0703288, , , , , , , 4.8709038, -0.1116197, , , , , , , 4.8709038, 0.0307164, , , , , , , , , , , , , , , , , , , , , , , , , , , , 
4.8714231, -0.0495155, , , , , , , 4.8714231, 0.0609293, , , , , , , 4.8714231, -0.1005417, , , , , , , 4.8714231, 0.0240024, , , , , , , , , , , , , , , , , , , , , , , , , , , , 
4.8719423, -0.0527047, , , , , , , 4.8719423, 0.0520333, , , , , , , 4.8719423, -0.0965133, , , , , , , 4.8719423, 0.0219883, , , , , , , , , , , , , , , , , , , , , , , , , , , , 
4.8724615, -0.0468299, , , , , , , 4.8724615, 0.0307164, , , , , , , 4.8724615, -0.0884565, , , , , , , 4.8724615, 0.0196384, , , , , , , , , , , , , , , , , , , , , , , , , , , , 
4.8729808, -0.0298772, , , , , , , 4.8729808, -0.0062104, , , , , , , 4.8729808, -0.0681468, , , , , , , 4.8729808, 0.0146029, , , , , , , , , , , , , , , , , , , , , , , , , , , , 
4.8735, -0.0135958, , , , , , , 4.8735, -0.0364233, , , , , , , 4.8735, -0.043473, , , , , , , 4.8735, 0.0115816, , , , , , , , , , , , , , , , , , , , , , , , , , , , 
4.8740192, -0.0082246, , , , , , , 4.8740192, -0.0518654, , , , , , , 4.8740192, -0.0213169, , , , , , , 4.8740192, 0.012253, , , , , , , , , , , , , , , , , , , , , , , , , , , , 
4.8745385, -0.0099031, , , , , , , 4.8745385, -0.0619364, , , , , , , 4.8745385, -0.0011749, , , , , , , 4.8745385, 0.012253, , , , , , , , , , , , , , , , , , , , , , , , , , , , 
4.8750577, -0.0085603, , , , , , , 4.8750577, -0.0696574, , , , , , , 4.8750577, 0.0172885, , , , , , , 4.8750577, 0.0075532, , , , , , , , , , , , , , , , , , , , , , , , , , , , 
4.8755769, -0.0011749, , , , , , , 4.8755769, -0.0619364, , , , , , , 4.8755769, 0.0313878, , , , , , , 4.8755769, 0.0023499, , , , , , , , , , , , , , , , , , , , , , , , , , , , 
4.8760962, 0.0038605, , , , , , , 4.8760962, -0.0426337, , , , , , , 4.8760962, 0.043473, , , , , , , 4.8760962, 0.0003357, , , , , , , , , , , , , , , , , , , , , , , , , , , , 
4.8766154, 0.0075532, , , , , , , 4.8766154, -0.0344091, , , , , , , 4.8766154, 0.0542153, , , , , , , 4.8766154, -0.0008392, , , , , , , , , , , , , , , , , , , , , , , , , , , , 
4.8771346, 0.0105745, , , , , , , 4.8771346, -0.0384375, , , , , , , 4.8771346, 0.0642863, , , , , , , 4.8771346, 0.0008392, , , , , , , , , , , , , , , , , , , , , , , , , , , , 
4.8776538, 0.0102388, , , , , , , 4.8776538, -0.0392767, , , , , , , 4.8776538, 0.0760357, , , , , , , 4.8776538, 0.0035248, , , , , , , , , , , , , , , , , , , , , , , , , , , , 
4.8781731, 0.0132601, , , , , , , 4.8781731, -0.0387732, , , , , , , 4.8781731, 0.0829175, , , , , , , 4.8781731, 0.0073854, , , , , , , , , , , , , , , , , , , , , , , , , , , , 
4.8786923, 0.021149, , , , , , , 4.8786923, -0.043473, , , , , , , 4.8786923, 0.0884565, , , , , , , 4.8786923, 0.0105745, , , , , , , , , , , , , , , , , , , , , , , , , , , , 
4.8792115, 0.0276951, , , , , , , 4.8792115, -0.0387732, , , , , , , 4.8792115, 0.0944991, , , , , , , 4.8792115, 0.0119173, , , , , , , , , , , , , , , , , , , , , , , , , , , , 
4.8797308, 0.0293736, , , , , , , 4.8797308, -0.0169528, , , , , , , 4.8797308, 0.0965133, , , , , , , 4.8797308, 0.011078, , , , , , , , , , , , , , , , , , , , , , , , , , , , 
4.88025, 0.0320592, , , , , , , 4.88025, 0.0270237, , , , , , , 4.88025, 0.0975204, , , , , , , 4.88025, 0.0115816, , , , , , , , , , , , , , , , , , , , , , , , , , , , 
4.8807692, 0.0370947, , , , , , , 4.8807692, 0.079057, , , , , , , 4.8807692, 0.0924849, , , , , , , 4.8807692, 0.0137636, , , , , , , , , , , , , , , , , , , , , , , , , , , , 
4.8812885, 0.0387732, , , , , , , 4.8812885, 0.0909743, , , , , , , 4.8812885, 0.0770428, , , , , , , 4.8812885, 0.0152743, , , , , , , , , , , , , , , , , , , , , , , , , , , , 
4.8818077, 0.0354162, , , , , , , 4.8818077, 0.061265, , , , , , , 4.8818077, 0.0589151, , , , , , , 4.8818077, 0.017792, , , , , , , , , , , , , , , , , , , , , , , , , , , , 
4.8823269, 0.0392767, , , , , , , 4.8823269, 0.023331, , , , , , , 4.8823269, 0.0377661, , , , , , , 4.8823269, 0.0182956, , , , , , , , , , , , , , , , , , , , , , , , , , , , 
4.8828462, 0.0493477, , , , , , , 4.8828462, 0.0025177, , , , , , , 4.8828462, 0.0151064, , , , , , , 4.8828462, 0.0166171, , , , , , , , , , , , , , , , , , , , , , , , , , , , 
4.8833654, 0.0569009, , , , , , , 4.8833654, 0.0036927, , , , , , , 4.8833654, -0.0065461, , , , , , , 4.8833654, 0.0172885, , , , , , , , , , , , , , , , , , , , , , , , , , , , 
4.8838846, 0.0649577, , , , , , , 4.8838846, 0.0038605, , , , , , , 4.8838846, -0.0209812, , , , , , , 4.8838846, 0.0209812, , , , , , , , , , , , , , , , , , , , , , , , , , , , 
4.8844038, 0.0736858, , , , , , , 4.8844038, -0.0038605, , , , , , , 4.8844038, -0.0280308, , , , , , , 4.8844038, 0.0246738, , , , , , , , , , , , , , , , , , , , , , , , , , , , 
4.8849231, 0.0736858, , , , , , , 4.8849231, -0.0092317, , , , , , , 4.8849231, -0.0310521, , , , , , , 4.8849231, 0.0223239, , , , , , , , , , , , , , , , , , , , , , , , , , , , 
4.8854423, 0.0669718, , , , , , , 4.8854423, -0.023331, , , , , , , 4.8854423, -0.033402, , , , , , , 4.8854423, 0.0151064, , , , , , , , , , , , , , , , , , , , , , , , , , , , 
4.8859615, 0.0622721, , , , , , , 4.8859615, -0.0459907, , , , , , , 4.8859615, -0.0364233, , , , , , , 4.8859615, 0.0077211, , , , , , , , , , , , , , , , , , , , , , , , , , , , 
4.8864808, 0.0542153, , , , , , , 4.8864808, -0.0602579, , , , , , , 4.8864808, -0.0359197, , , , , , , 4.8864808, 0.0043641, , , , , , , , , , , , , , , , , , , , , , , , , , , , 
4.887, 0.0397803, , , , , , , 4.887, -0.0585794, , , , , , , 4.887, -0.0323949, , , , , , , 4.887, 0.0052033, , , , , , , , , , , , , , , , , , , , , , , , , , , , 
4.8875192, 0.026688, , , , , , , 4.8875192, -0.0446479, , , , , , , 4.8875192, -0.0229953, , , , , , , 4.8875192, 0.0063783, , , , , , , , , , , , , , , , , , , , , , , , , , , , 
4.8880385, 0.017792, , , , , , , 4.8880385, -0.018967, , , , , , , 4.8880385, -0.0099031, , , , , , , 4.8880385, 0.0057069, , , , , , , , , , , , , , , , , , , , , , , , , , , , 
4.8885577, 0.0095674, , , , , , , 4.8885577, 0.0011749, , , , , , , 4.8885577, 0.0015106, , , , , , , 4.8885577, 0.0043641, , , , , , , , , , , , , , , , , , , , , , , , , , , , 
4.8890769, -0.0028534, , , , , , , 4.8890769, -0.0035248, , , , , , , 4.8890769, 0.0083925, , , , , , , 4.8890769, 0.0052033, , , , , , , , , , , , , , , , , , , , , , , , , , , , 
4.8895962, -0.0137636, , , , , , , 4.8895962, -0.03122, , , , , , , 4.8895962, 0.0078889, , , , , , , 4.8895962, 0.0078889, , , , , , , , , , , , , , , , , , , , , , , , , , , , 
4.8901154, -0.0209812, , , , , , , 4.8901154, -0.0572366, , , , , , , 4.8901154, 0.0038605, , , , , , , 4.8901154, 0.0092317, , , , , , , , , , , , , , , , , , , , , , , , , , , , 
4.8906346, -0.0283665, , , , , , , 4.8906346, -0.0632792, , , , , , , 4.8906346, -0.0043641, , , , , , , 4.8906346, 0.0102388, , , , , , , , , , , , , , , , , , , , , , , , , , , , 
4.8911538, -0.0350805, , , , , , , 4.8911538, -0.0464942, , , , , , , 4.8911538, -0.0176242, , , , , , , 4.8911538, 0.0105745, , , , , , , , , , , , , , , , , , , , , , , , , , , , 
4.8916731, -0.0417945, , , , , , , 4.8916731, -0.030045, , , , , , , 4.8916731, -0.0283665, , , , , , , 4.8916731, 0.0109102, , , , , , , , , , , , , , , , , , , , , , , , , , , , 
4.8921923, -0.0471656, , , , , , , 4.8921923, -0.0236667, , , , , , , 4.8921923, -0.0320592, , , , , , , 4.8921923, 0.0109102, , , , , , , , , , , , , , , , , , , , , , , , , , , , 
4.8927115, -0.0441444, , , , , , , 4.8927115, -0.0169528, , , , , , , 4.8927115, -0.0303807, , , , , , , 4.8927115, 0.0097353, , , , , , , , , , , , , , , , , , , , , , , , , , , , 
4.8932308, -0.0310521, , , , , , , 4.8932308, -0.008896, , , , , , , 4.8932308, -0.0258488, , , , , , , 4.8932308, 0.0095674, , , , , , , , , , , , , , , , , , , , , , , , , , , , 
4.89375, -0.0169528, , , , , , , 4.89375, 0.0018463, , , , , , , 4.89375, -0.0209812, , , , , , , 4.89375, 0.0119173, , , , , , , , , , , , , , , , , , , , , , , , , , , , 
4.8942692, -0.0068818, , , , , , , 4.8942692, 0.0176242, , , , , , , 4.8942692, -0.0179599, , , , , , , 4.8942692, 0.0169528, , , , , , , , , , , , , , , , , , , , , , , , , , , , 
4.8947885, 0.0003357, , , , , , , 4.8947885, 0.0360876, , , , , , , 4.8947885, -0.0193027, , , , , , , 4.8947885, 0.0199741, , , , , , , , , , , , , , , , , , , , , , , , , , , , 
4.8953077, 0.0038605, , , , , , , 4.8953077, 0.0464942, , , , , , , 4.8953077, -0.0256809, , , , , , , 4.8953077, 0.0250095, , , , , , , , , , , , , , , , , , , , , , , , , , , , 
4.8958269, 0.0078889, , , , , , , 4.8958269, 0.0406195, , , , , , , 4.8958269, -0.0250095, , , , , , , 4.8958269, 0.0320592, , , , , , , , , , , , , , , , , , , , , , , , , , , , 
4.8963462, 0.0127565, , , , , , , 4.8963462, 0.0280308, , , , , , , 4.8963462, -0.012253, , , , , , , 4.8963462, 0.0381018, , , , , , , , , , , , , , , , , , , , , , , , , , , , 
4.8968654, 0.014435, , , , , , , 4.8968654, 0.0285344, , , , , , , 4.8968654, -0.002182, , , , , , , 4.8968654, 0.0384375, , , , , , , , , , , , , , , , , , , , , , , , , , , , 
4.8973846, 0.012253, , , , , , , 4.8973846, 0.0585794, , , , , , , 4.8973846, -0.0008392, , , , , , , 4.8973846, 0.0347448, , , , , , , , , , , , , , , , , , , , , , , , , , , , 
4.8979038, 0.0099031, , , , , , , 4.8979038, 0.0814069, , , , , , , 4.8979038, -0.0005035, , , , , , , 4.8979038, 0.0293736, , , , , , , , , , , , , , , , , , , , , , , , , , , , 
4.8984231, 0.0063783, , , , , , , 4.8984231, 0.0696574, , , , , , , 4.8984231, -0.0018463, , , , , , , 4.8984231, 0.0283665, , , , , , , , , , , , , , , , , , , , , , , , , , , , 
4.8989423, 0.0035248, , , , , , , 4.8989423, 0.0438087, , , , , , , 4.8989423, -0.008896, , , , , , , 4.8989423, 0.0344091, , , , , , , , , , , , , , , , , , , , , , , , , , , , 
4.8994615, 0.0028534, , , , , , , 4.8994615, 0.0184634, , , , , , , 4.8994615, -0.01561, , , , , , , 4.8994615, 0.040116, , , , , , , , , , , , , , , , , , , , , , , , , , , , 
4.8999808, 0.0008392, , , , , , , 4.8999808, -0.0119173, , , , , , , 4.8999808, -0.01561, , , , , , , 4.8999808, 0.040116, , , , , , , , , , , , , , , , , , , , , , , , , , , , 
4.9005, -0.0008392, , , , , , , 4.9005, -0.04448, , , , , , , 4.9005, -0.0109102, , , , , , , 4.9005, 0.0350805, , , , , , , , , , , , , , , , , , , , , , , , , , , , 
4.9010192, 0.0038605, , , , , , , 4.9010192, -0.0730144, , , , , , , 4.9010192, -0.0068818, , , , , , , 4.9010192, 0.0290379, , , , , , , , , , , , , , , , , , , , , , , , , , , , 
4.9015385, 0.0095674, , , , , , , 4.9015385, -0.0861067, , , , , , , 4.9015385, -0.0065461, , , , , , , 4.9015385, 0.0265202, , , , , , , , , , , , , , , , , , , , , , , , , , , , 
4.9020577, 0.0129244, , , , , , , 4.9020577, -0.0777142, , , , , , , 4.9020577, -0.0104067, , , , , , , 4.9020577, 0.0218204, , , , , , , , , , , , , , , , , , , , , , , , , , , , 
4.9025769, 0.0213169, , , , , , , 4.9025769, -0.0565652, , , , , , , 4.9025769, -0.0124208, , , , , , , 4.9025769, 0.0112459, , , , , , , , , , , , , , , , , , , , , , , , , , , , 
4.9030962, 0.0394446, , , , , , , 4.9030962, -0.0454871, , , , , , , 4.9030962, -0.012253, , , , , , , 4.9030962, -0.0005035, , , , , , , , , , , , , , , , , , , , , , , , , , , , 
4.9036154, 0.0515297, , , , , , , 4.9036154, -0.0505226, , , , , , , 4.9036154, -0.0102388, , , , , , , 4.9036154, -0.0105745, , , , , , , , , , , , , , , , , , , , , , , , , , , , 
4.9041346, 0.0548867, , , , , , , 4.9041346, -0.061265, , , , , , , 4.9041346, -0.0016785, , , , , , , 4.9041346, -0.0142672, , , , , , , , , , , , , , , , , , , , , , , , , , , , 
4.9046538, 0.0569009, , , , , , , 4.9046538, -0.0666361, , , , , , , 4.9046538, 0.012253, , , , , , , 4.9046538, -0.0149386, , , , , , , , , , , , , , , , , , , , , , , , , , , , 
4.9051731, 0.0575723, , , , , , , 4.9051731, -0.0533761, , , , , , , 4.9051731, 0.0236667, , , , , , , 4.9051731, -0.0179599, , , , , , , , , , , , , , , , , , , , , , , , , , , , 
4.9056923, 0.0530404, , , , , , , 4.9056923, -0.0391089, , , , , , , 4.9056923, 0.030045, , , , , , , 4.9056923, -0.0223239, , , , , , , , , , , , , , , , , , , , , , , , , , , , 
4.9062115, 0.043473, , , , , , , 4.9062115, -0.0485084, , , , , , , 4.9062115, 0.0340734, , , , , , , 4.9062115, -0.024506, , , , , , , , , , , , , , , , , , , , , , , , , , , , 
4.9067308, 0.0344091, , , , , , , 4.9067308, -0.0609293, , , , , , , 4.9067308, 0.0394446, , , , , , , 4.9067308, -0.0229953, , , , , , , , , , , , , , , , , , , , , , , , , , , , 
4.90725, 0.026688, , , , , , , 4.90725, -0.0370947, , , , , , , 4.90725, 0.0458228, , , , , , , 4.90725, -0.0203098, , , , , , , , , , , , , , , , , , , , , , , , , , , , 
4.9077692, 0.0186313, , , , , , , 4.9077692, 0.008896, , , , , , , 4.9077692, 0.0498512, , , , , , , 4.9077692, -0.0176242, , , , , , , , , , , , , , , , , , , , , , , , , , , , 
4.9082885, 0.0105745, , , , , , , 4.9082885, 0.0229953, , , , , , , 4.9082885, 0.0491798, , , , , , , 4.9082885, -0.0152743, , , , , , , , , , , , , , , , , , , , , , , , , , , , 
4.9088077, -0.0018463, , , , , , , 4.9088077, 0.0015106, , , , , , , 4.9088077, 0.0411231, , , , , , , 4.9088077, -0.0102388, , , , , , , , , , , , , , , , , , , , , , , , , , , , 
4.9093269, -0.0115816, , , , , , , 4.9093269, -0.0196384, , , , , , , 4.9093269, 0.0263523, , , , , , , 4.9093269, -0.0048676, , , , , , , , , , , , , , , , , , , , , , , , , , , , 
4.9098462, -0.0186313, , , , , , , 4.9098462, -0.0263523, , , , , , , 4.9098462, 0.0057069, , , , , , , 4.9098462, -0.0025177, , , , , , , , , , , , , , , , , , , , , , , , , , , , 
4.9103654, -0.0250095, , , , , , , 4.9103654, -0.0238346, , , , , , , 4.9103654, -0.0169528, , , , , , , 4.9103654, -0.0001678, , , , , , , , , , , , , , , , , , , , , , , , , , , , 
4.9108846, -0.0287022, , , , , , , 4.9108846, -0.0166171, , , , , , , 4.9108846, -0.0411231, , , , , , , 4.9108846, 0.0065461, , , , , , , , , , , , , , , , , , , , , , , , , , , , 
4.9114038, -0.0302129, , , , , , , 4.9114038, -0.0048676, , , , , , , 4.9114038, -0.0616007, , , , , , , 4.9114038, 0.0159457, , , , , , , , , , , , , , , , , , , , , , , , , , , , 
4.9119231, -0.0307164, , , , , , , 4.9119231, 0.0099031, , , , , , , 4.9119231, -0.0736858, , , , , , , 4.9119231, 0.0263523, , , , , , , , , , , , , , , , , , , , , , , , , , , , 
4.9124423, -0.0273594, , , , , , , 4.9124423, 0.0209812, , , , , , , 4.9124423, -0.0805676, , , , , , , 4.9124423, 0.0307164, , , , , , , , , , , , , , , , , , , , , , , , , , , , 
4.9129615, -0.018967, , , , , , , 4.9129615, 0.0216526, , , , , , , 4.9129615, -0.0856031, , , , , , , 4.9129615, 0.0290379, , , , , , , , , , , , , , , , , , , , , , , , , , , , 
4.9134808, -0.0078889, , , , , , , 4.9134808, 0.0112459, , , , , , , 4.9134808, -0.096849, , , , , , , 4.9134808, 0.027863, , , , , , , , , , , , , , , , , , , , , , , , , , , , 
4.914, 0.0018463, , , , , , , 4.914, 0.0005035, , , , , , , 4.914, -0.1136339, , , , , , , 4.914, 0.0283665, , , , , , , , , , , , , , , , , , , , , , , , , , , , 
4.9145192, 0.0092317, , , , , , , 4.9145192, 0.0035248, , , , , , , 4.9145192, -0.1176623, , , , , , , 4.9145192, 0.0297093, , , , , , , , , , , , , , , , , , , , , , , , , , , , 
4.9150385, 0.01561, , , , , , , 4.9150385, 0.0240024, , , , , , , 4.9150385, -0.0995346, , , , , , , 4.9150385, 0.033402, , , , , , , , , , , , , , , , , , , , , , , , , , , , 
4.9155577, 0.0206455, , , , , , , 4.9155577, 0.0522011, , , , , , , 4.9155577, -0.0713359, , , , , , , 4.9155577, 0.0381018, , , , , , , , , , , , , , , , , , , , , , , , , , , , 
4.9160769, 0.023331, , , , , , , 4.9160769, 0.0782177, , , , , , , 4.9160769, -0.0486763, , , , , , , 4.9160769, 0.0426337, , , , , , , , , , , , , , , , , , , , , , , , , , , , 
4.9165962, 0.0240024, , , , , , , 4.9165962, 0.0894636, , , , , , , 4.9165962, -0.0310521, , , , , , , 4.9165962, 0.0436408, , , , , , , , , , , , , , , , , , , , , , , , , , , , 
4.9171154, 0.0240024, , , , , , , 4.9171154, 0.0837568, , , , , , , 4.9171154, -0.018967, , , , , , , 4.9171154, 0.0421302, , , , , , , , , , , , , , , , , , , , , , , , , , , , 
4.9176346, 0.0240024, , , , , , , 4.9176346, 0.0710002, , , , , , , 4.9176346, -0.0115816, , , , , , , 4.9176346, 0.0394446, , , , , , , , , , , , , , , , , , , , , , , , , , , , 
4.9181538, 0.0240024, , , , , , , 4.9181538, 0.0817426, , , , , , , 4.9181538, -0.0095674, , , , , , , 4.9181538, 0.0332341, , , , , , , , , , , , , , , , , , , , , , , , , , , , 
4.9186731, 0.0260166, , , , , , , 4.9186731, 0.1220264, , , , , , , 4.9186731, -0.0119173, , , , , , , 4.9186731, 0.0246738, , , , , , , , , , , , , , , , , , , , , , , , , , , , 
4.9191923, 0.0320592, , , , , , , 4.9191923, 0.1461967, , , , , , , 4.9191923, -0.0102388, , , , , , , 4.9191923, 0.0172885, , , , , , , , , , , , , , , , , , , , , , , , , , , , 
4.9197115, 0.033402, , , , , , , 4.9197115, 0.131426, , , , , , , 4.9197115, 0.0018463, , , , , , , 4.9197115, 0.0162814, , , , , , , , , , , , , , , , , , , , , , , , , , , , 
4.9202308, 0.0273594, , , , , , , 4.9202308, 0.085771, , , , , , , 4.9202308, 0.0146029, , , , , , , 4.9202308, 0.0159457, , , , , , , , , , , , , , , , , , , , , , , , , , , , 
4.92075, 0.0213169, , , , , , , 4.92075, 0.0293736, , , , , , , 4.92075, 0.0206455, , , , , , , 4.92075, 0.011078, , , , , , , , , , , , , , , , , , , , , , , , , , , , 
4.9212692, 0.0213169, , , , , , , 4.9212692, -0.040116, , , , , , , 4.9212692, 0.0246738, , , , , , , 4.9212692, 0.005539, , , , , , , , , , , , , , , , , , , , , , , , , , , , 
4.9217885, 0.0226596, , , , , , , 4.9217885, -0.1136339, , , , , , , 4.9217885, 0.0258488, , , , , , , 4.9217885, 0.0011749, , , , , , , , , , , , , , , , , , , , , , , , , , , , 
4.9223077, 0.0243381, , , , , , , 4.9223077, -0.1623102, , , , , , , 4.9223077, 0.0209812, , , , , , , 4.9223077, -0.0031891, , , , , , , , , , , , , , , , , , , , , , , , , , , , 
4.9228269, 0.033402, , , , , , , 4.9228269, -0.1720455, , , , , , , 4.9228269, 0.0146029, , , , , , , 4.9228269, -0.0090639, , , , , , , , , , , , , , , , , , , , , , , , , , , , 
4.9233462, 0.04448, , , , , , , 4.9233462, -0.1555962, , , , , , , 4.9233462, 0.0125887, , , , , , , 4.9233462, -0.0119173, , , , , , , , , , , , , , , , , , , , , , , , , , , , 
4.9238654, 0.0506905, , , , , , , 4.9238654, -0.1502251, , , , , , , 4.9238654, 0.018967, , , , , , , 4.9238654, -0.0105745, , , , , , , , , , , , , , , , , , , , , , , , , , , , 
4.9243846, 0.0500191, , , , , , , 4.9243846, -0.1700313, , , , , , , 4.9243846, 0.0288701, , , , , , , 4.9243846, -0.0099031, , , , , , , , , , , , , , , , , , , , , , , , , , , , 
4.9249038, 0.0451514, , , , , , , 4.9249038, -0.1817807, , , , , , , 4.9249038, 0.0381018, , , , , , , 4.9249038, -0.0109102, , , , , , , , , , , , , , , , , , , , , , , , , , , , 
4.9254231, 0.0428016, , , , , , , 4.9254231, -0.1579461, , , , , , , 4.9254231, 0.0505226, , , , , , , 4.9254231, -0.0072175, , , , , , , , , , , , , , , , , , , , , , , , , , , , 
4.9259423, 0.0448157, , , , , , , 4.9259423, -0.1132982, , , , , , , 4.9259423, 0.0629435, , , , , , , 4.9259423, -0.0015106, , , , , , , , , , , , , , , , , , , , , , , , , , , , 
4.9264615, 0.043473, , , , , , , 4.9264615, -0.0770428, , , , , , , 4.9264615, 0.0713359, , , , , , , 4.9264615, 0.0018463, , , , , , , , , , , , , , , , , , , , , , , , , , , , 
4.9269808, 0.0340734, , , , , , , 4.9269808, -0.0558938, , , , , , , 4.9269808, 0.0746929, , , , , , , 4.9269808, 0.0038605, , , , , , , , , , , , , , , , , , , , , , , , , , , , 
4.9275, 0.0253452, , , , , , , 4.9275, -0.0397803, , , , , , , 4.9275, 0.0770428, , , , , , , 4.9275, 0.0038605, , , , , , , , , , , , , , , , , , , , , , , , , , , , 
4.9280192, 0.0166171, , , , , , , 4.9280192, -0.0176242, , , , , , , 4.9280192, 0.079057, , , , , , , 4.9280192, 0.0065461, , , , , , , , , , , , , , , , , , , , , , , , , , , , 
4.9285385, 0.0078889, , , , , , , 4.9285385, 0.0062104, , , , , , , 4.9285385, 0.0760357, , , , , , , 4.9285385, 0.0125887, , , , , , , , , , , , , , , , , , , , , , , , , , , , 
4.9290577, -0.0036927, , , , , , , 4.9290577, 0.0213169, , , , , , , 4.9290577, 0.0649577, , , , , , , 4.9290577, 0.0209812, , , , , , , , , , , , , , , , , , , , , , , , , , , , 
4.9295769, -0.01561, , , , , , , 4.9295769, 0.0258488, , , , , , , 4.9295769, 0.0480049, , , , , , , 4.9295769, 0.0293736, , , , , , , , , , , , , , , , , , , , , , , , , , , , 
4.9300962, -0.0250095, , , , , , , 4.9300962, 0.0236667, , , , , , , 4.9300962, 0.0196384, , , , , , , 4.9300962, 0.0387732, , , , , , , , , , , , , , , , , , , , , , , , , , , , 
4.9306154, -0.0352483, , , , , , , 4.9306154, 0.0223239, , , , , , , 4.9306154, -0.0176242, , , , , , , 4.9306154, 0.0451514, , , , , , , , , , , , , , , , , , , , , , , , , , , , 
4.9311346, -0.04448, , , , , , , 4.9311346, 0.0179599, , , , , , , 4.9311346, -0.0518654, , , , , , , 4.9311346, 0.0451514, , , , , , , , , , , , , , , , , , , , , , , , , , , , 
4.9316538, -0.0485084, , , , , , , 4.9316538, 0.0146029, , , , , , , 4.9316538, -0.0743572, , , , , , , 4.9316538, 0.0424659, , , , , , , , , , , , , , , , , , , , , , , , , , , , 
4.9321731, -0.0454871, , , , , , , 4.9321731, 0.0313878, , , , , , , 4.9321731, -0.093492, , , , , , , 4.9321731, 0.0384375, , , , , , , , , , , , , , , , , , , , , , , , , , , , 
4.9326923, -0.0350805, , , , , , , 4.9326923, 0.0595865, , , , , , , 4.9326923, -0.1119554, , , , , , , 4.9326923, 0.0305486, , , , , , , , , , , , , , , , , , , , , , , , , , , , 
4.9332115, -0.0199741, , , , , , , 4.9332115, 0.0787213, , , , , , , 4.9332115, -0.1164874, , , , , , , 4.9332115, 0.0224918, , , , , , , , , , , , , , , , , , , , , , , , , , , , 
4.9337308, -0.0052033, , , , , , , 4.9337308, 0.0840925, , , , , , , 4.9337308, -0.103563, , , , , , , 4.9337308, 0.0172885, , , , , , , , , , , , , , , , , , , , , , , , , , , , 
4.93425, 0.0062104, , , , , , , 4.93425, 0.0750286, , , , , , , 4.93425, -0.0837568, , , , , , , 4.93425, 0.0129244, , , , , , , , , , , , , , , , , , , , , , , , , , , , 
4.9347692, 0.0105745, , , , , , , 4.9347692, 0.0569009, , , , , , , 4.9347692, -0.061265, , , , , , , 4.9347692, 0.0075532, , , , , , , , , , , , , , , , , , , , , , , , , , , , 
4.9352885, 0.0179599, , , , , , , 4.9352885, 0.0414588, , , , , , , 4.9352885, -0.0377661, , , , , , , 4.9352885, 0.0031891, , , , , , , , , , , , , , , , , , , , , , , , , , , , 
4.9358077, 0.0203098, , , , , , , 4.9358077, 0.0317235, , , , , , , 4.9358077, -0.0182956, , , , , , , 4.9358077, 0.0001678, , , , , , , , , , , , , , , , , , , , , , , , , , , , 
4.9363269, 0.0171206, , , , , , , 4.9363269, 0.0132601, , , , , , , 4.9363269, -0.0005035, , , , , , , 4.9363269, -0.0015106, , , , , , , , , , , , , , , , , , , , , , , , , , , , 
4.9368462, 0.0166171, , , , , , , 4.9368462, -0.0243381, , , , , , , 4.9368462, 0.0176242, , , , , , , 4.9368462, -0.0075532, , , , , , , , , , , , , , , , , , , , , , , , , , , , 
4.9373654, 0.0191348, , , , , , , 4.9373654, -0.0585794, , , , , , , 4.9373654, 0.0330663, , , , , , , 4.9373654, -0.0115816, , , , , , , , , , , , , , , , , , , , , , , , , , , , 
4.9378846, 0.0236667, , , , , , , 4.9378846, -0.0622721, , , , , , , 4.9378846, 0.0421302, , , , , , , 4.9378846, -0.0125887, , , , , , , , , , , , , , , , , , , , , , , , , , , , 
4.9384038, 0.0250095, , , , , , , 4.9384038, -0.0485084, , , , , , , 4.9384038, 0.0417945, , , , , , , 4.9384038, -0.0130922, , , , , , , , , , , , , , , , , , , , , , , , , , , , 
4.9389231, 0.0273594, , , , , , , 4.9389231, -0.036759, , , , , , , 4.9389231, 0.0347448, , , , , , , 4.9389231, -0.0104067, , , , , , , , , , , , , , , , , , , , , , , , , , , , 
4.9394423, 0.0303807, , , , , , , 4.9394423, -0.0313878, , , , , , , 4.9394423, 0.0238346, , , , , , , 4.9394423, -0.0068818, , , , , , , , , , , , , , , , , , , , , , , , , , , , 
4.9399615, 0.0340734, , , , , , , 4.9399615, -0.0276951, , , , , , , 4.9399615, 0.0109102, , , , , , , 4.9399615, -0.0045319, , , , , , , , , , , , , , , , , , , , , , , , , , , , 
4.9404808, 0.0350805, , , , , , , 4.9404808, -0.0234989, , , , , , , 4.9404808, 0.0011749, , , , , , , 4.9404808, -0.0008392, , , , , , , , , , , , , , , , , , , , , , , , , , , , 
4.941, 0.0307164, , , , , , , 4.941, -0.0218204, , , , , , , 4.941, -0.0078889, , , , , , , 4.941, 0.0025177, , , , , , , , , , , , , , , , , , , , , , , , , , , , 
4.9415192, 0.030045, , , , , , , 4.9415192, -0.0182956, , , , , , , 4.9415192, -0.0216526, , , , , , , 4.9415192, 0.0038605, , , , , , , , , , , , , , , , , , , , , , , , , , , , 
4.9420385, 0.0307164, , , , , , , 4.9420385, -0.0065461, , , , , , , 4.9420385, -0.0357519, , , , , , , 4.9420385, 0.0038605, , , , , , , , , , , , , , , , , , , , , , , , , , , , 
4.9425577, 0.0357519, , , , , , , 4.9425577, 0.0058747, , , , , , , 4.9425577, -0.047837, , , , , , , 4.9425577, 0.0045319, , , , , , , , , , , , , , , , , , , , , , , , , , , , 
4.9430769, 0.04448, , , , , , , 4.9430769, 0.0109102, , , , , , , 4.9430769, -0.0592508, , , , , , , 4.9430769, 0.0068818, , , , , , , , , , , , , , , , , , , , , , , , , , , , 
4.9435962, 0.0464942, , , , , , , 4.9435962, 0.0139315, , , , , , , 4.9435962, -0.070161, , , , , , , 4.9435962, 0.0124208, , , , , , , , , , , , , , , , , , , , , , , , , , , , 
4.9441154, 0.0417945, , , , , , , 4.9441154, 0.0198062, , , , , , , 4.9441154, -0.0773785, , , , , , , 4.9441154, 0.0164492, , , , , , , , , , , , , , , , , , , , , , , , , , , , 
4.9446346, 0.0407874, , , , , , , 4.9446346, 0.0213169, , , , , , , 4.9446346, -0.0753643, , , , , , , 4.9446346, 0.0172885, , , , , , , , , , , , , , , , , , , , , , , , , , , , 
4.9451538, 0.0428016, , , , , , , 4.9451538, 0.0203098, , , , , , , 4.9451538, -0.0694896, , , , , , , 4.9451538, 0.0149386, , , , , , , , , , , , , , , , , , , , , , , , , , , , 
4.9456731, 0.0394446, , , , , , , 4.9456731, 0.0179599, , , , , , , 4.9456731, -0.0661326, , , , , , , 4.9456731, 0.0119173, , , , , , , , , , , , , , , , , , , , , , , , , , , , 
4.9461923, 0.0303807, , , , , , , 4.9461923, 0.0092317, , , , , , , 4.9461923, -0.0592508, , , , , , , 4.9461923, 0.0140993, , , , , , , , , , , , , , , , , , , , , , , , , , , , 
4.9467115, 0.0236667, , , , , , , 4.9467115, -0.0025177, , , , , , , 4.9467115, -0.0451514, , , , , , , 4.9467115, 0.0206455, , , , , , , , , , , , , , , , , , , , , , , , , , , , 
4.9472308, 0.0193027, , , , , , , 4.9472308, -0.0157778, , , , , , , 4.9472308, -0.0263523, , , , , , , 4.9472308, 0.0246738, , , , , , , , , , , , , , , , , , , , , , , , , , , , 
4.94775, 0.0157778, , , , , , , 4.94775, -0.0297093, , , , , , , 4.94775, -0.0085603, , , , , , , 4.94775, 0.0223239, , , , , , , , , , , , , , , , , , , , , , , , , , , , 
4.9482692, 0.0099031, , , , , , , 4.9482692, -0.0417945, , , , , , , 4.9482692, -0.0001678, , , , , , , 4.9482692, 0.0193027, , , , , , , , , , , , , , , , , , , , , , , , , , , , 
4.9487885, -0.0003357, , , , , , , 4.9487885, -0.0431373, , , , , , , 4.9487885, 0.005539, , , , , , , 4.9487885, 0.0164492, , , , , , , , , , , , , , , , , , , , , , , , , , , , 
4.9493077, -0.0162814, , , , , , , 4.9493077, -0.0320592, , , , , , , 4.9493077, 0.0132601, , , , , , , 4.9493077, 0.0162814, , , , , , , , , , , , , , , , , , , , , , , , , , , , 
4.9498269, -0.0256809, , , , , , , 4.9498269, -0.0162814, , , , , , , 4.9498269, 0.0223239, , , , , , , 4.9498269, 0.0164492, , , , , , , , , , , , , , , , , , , , , , , , , , , , 
4.9503462, -0.0283665, , , , , , , 4.9503462, -0.0062104, , , , , , , 4.9503462, 0.0323949, , , , , , , 4.9503462, 0.0166171, , , , , , , , , , , , , , , , , , , , , , , , , , , , 
4.9508654, -0.0330663, , , , , , , 4.9508654, 0.0035248, , , , , , , 4.9508654, 0.0441444, , , , , , , 4.9508654, 0.0171206, , , , , , , , , , , , , , , , , , , , , , , , , , , , 
4.9513846, -0.0417945, , , , , , , 4.9513846, 0.0186313, , , , , , , 4.9513846, 0.0528725, , , , , , , 4.9513846, 0.0159457, , , , , , , , , , , , , , , , , , , , , , , , , , , , 
4.9519038, -0.0458228, , , , , , , 4.9519038, 0.0302129, , , , , , , 4.9519038, 0.0562295, , , , , , , 4.9519038, 0.0125887, , , , , , , , , , , , , , , , , , , , , , , , , , , , 
4.9524231, -0.0350805, , , , , , , 4.9524231, 0.0528725, , , , , , , 4.9524231, 0.0550546, , , , , , , 4.9524231, 0.0112459, , , , , , , , , , , , , , , , , , , , , , , , , , , , 
4.9529423, -0.0169528, , , , , , , 4.9529423, 0.0770428, , , , , , , 4.9529423, 0.0481727, , , , , , , 4.9529423, 0.0102388, , , , , , , , , , , , , , , , , , , , , , , , , , , , 
4.9534615, -0.0058747, , , , , , , 4.9534615, 0.079057, , , , , , , 4.9534615, 0.0347448, , , , , , , 4.9534615, 0.0078889, , , , , , , , , , , , , , , , , , , , , , , , , , , , 
4.9539808, 0.0011749, , , , , , , 4.9539808, 0.0585794, , , , , , , 4.9539808, 0.0196384, , , , , , , 4.9539808, 0.0038605, , , , , , , , , , , , , , , , , , , , , , , , , , , , 
4.9545, 0.0078889, , , , , , , 4.9545, 0.0287022, , , , , , , 4.9545, 0.0045319, , , , , , , 4.9545, 0.0005035, , , , , , , , , , , , , , , , , , , , , , , , , , , , 
4.9550192, 0.0152743, , , , , , , 4.9550192, 0.0008392, , , , , , , 4.9550192, -0.012253, , , , , , , 4.9550192, -0.0003357, , , , , , , , , , , , , , , , , , , , , , , , , , , , 
4.9555385, 0.0236667, , , , , , , 4.9555385, -0.023331, , , , , , , 4.9555385, -0.0283665, , , , , , , 4.9555385, 0.0005035, , , , , , , , , , , , , , , , , , , , , , , , , , , , 
4.9560577, 0.03122, , , , , , , 4.9560577, -0.0407874, , , , , , , 4.9560577, -0.040116, , , , , , , 4.9560577, 0.0011749, , , , , , , , , , , , , , , , , , , , , , , , , , , , 
4.9565769, 0.0369268, , , , , , , 4.9565769, -0.0407874, , , , , , , 4.9565769, -0.0438087, , , , , , , 4.9565769, -0.0001678, , , , , , , , , , , , , , , , , , , , , , , , , , , , 
4.9570962, 0.0354162, , , , , , , 4.9570962, -0.0223239, , , , , , , 4.9570962, -0.0391089, , , , , , , 4.9570962, -0.0028534, , , , , , , , , , , , , , , , , , , , , , , , , , , , 
4.9576154, 0.0357519, , , , , , , 4.9576154, 0.0028534, , , , , , , 4.9576154, -0.0327306, , , , , , , 4.9576154, -0.0041962, , , , , , , , , , , , , , , , , , , , , , , , , , , , 
4.9581346, 0.0357519, , , , , , , 4.9581346, -0.0008392, , , , , , , 4.9581346, -0.0283665, , , , , , , 4.9581346, -0.0015106, , , , , , , , , , , , , , , , , , , , , , , , , , , , 
4.9586538, 0.0320592, , , , , , , 4.9586538, -0.0354162, , , , , , , 4.9586538, -0.0256809, , , , , , , 4.9586538, 0.0011749, , , , , , , , , , , , , , , , , , , , , , , , , , , , 
4.9591731, 0.0276951, , , , , , , 4.9591731, -0.0530404, , , , , , , 4.9591731, -0.0243381, , , , , , , 4.9591731, 0.0018463, , , , , , , , , , , , , , , , , , , , , , , , , , , , 
4.9596923, 0.0236667, , , , , , , 4.9596923, -0.030045, , , , , , , 4.9596923, -0.0229953, , , , , , , 4.9596923, 0.0005035, , , , , , , , , , , , , , , , , , , , , , , , , , , , 
4.9602115, 0.023331, , , , , , , 4.9602115, 0.0028534, , , , , , , 4.9602115, -0.0213169, , , , , , , 4.9602115, 0.0018463, , , , , , , , , , , , , , , , , , , , , , , , , , , , 
4.9607308, 0.0258488, , , , , , , 4.9607308, 0.0159457, , , , , , , 4.9607308, -0.0146029, , , , , , , 4.9607308, 0.0095674, , , , , , , , , , , , , , , , , , , , , , , , , , , , 
4.96125, 0.0265202, , , , , , , 4.96125, 0.0186313, , , , , , , 4.96125, -0.0015106, , , , , , , 4.96125, 0.0203098, , , , , , , , , , , , , , , , , , , , , , , , , , , , 
4.9617692, 0.0283665, , , , , , , 4.9617692, 0.0263523, , , , , , , 4.9617692, 0.0125887, , , , , , , 4.9617692, 0.0260166, , , , , , , , , , , , , , , , , , , , , , , , , , , , 
4.9622885, 0.0407874, , , , , , , 4.9622885, 0.0347448, , , , , , , 4.9622885, 0.0226596, , , , , , , 4.9622885, 0.0240024, , , , , , , , , , , , , , , , , , , , , , , , , , , , 
4.9628077, 0.0501869, , , , , , , 4.9628077, 0.0323949, , , , , , , 4.9628077, 0.033402, , , , , , , 4.9628077, 0.0216526, , , , , , , , , , , , , , , , , , , , , , , , , , , , 
4.9633269, 0.0540475, , , , , , , 4.9633269, 0.0166171, , , , , , , 4.9633269, 0.0468299, , , , , , , 4.9633269, 0.0213169, , , , , , , , , , , , , , , , , , , , , , , , , , , , 
4.9638462, 0.0572366, , , , , , , 4.9638462, -0.0068818, , , , , , , 4.9638462, 0.0619364, , , , , , , 4.9638462, 0.0179599, , , , , , , , , , , , , , , , , , , , , , , , , , , , 
4.9643654, 0.0569009, , , , , , , 4.9643654, -0.0303807, , , , , , , 4.9643654, 0.0706645, , , , , , , 4.9643654, 0.0139315, , , , , , , , , , , , , , , , , , , , , , , , , , , , 
4.9648846, 0.0592508, , , , , , , 4.9648846, -0.0542153, , , , , , , 4.9648846, 0.0710002, , , , , , , 4.9648846, 0.0142672, , , , , , , , , , , , , , , , , , , , , , , , , , , , 
4.9654038, 0.0575723, , , , , , , 4.9654038, -0.0800641, , , , , , , 4.9654038, 0.0693217, , , , , , , 4.9654038, 0.0166171, , , , , , , , , , , , , , , , , , , , , , , , , , , , 
4.9659231, 0.0475013, , , , , , , 4.9659231, -0.093492, , , , , , , 4.9659231, 0.0639506, , , , , , , 4.9659231, 0.0204776, , , , , , , , , , , , , , , , , , , , , , , , , , , , 
4.9664423, 0.0364233, , , , , , , 4.9664423, -0.0955062, , , , , , , 4.9664423, 0.0485084, , , , , , , 4.9664423, 0.0307164, , , , , , , , , , , , , , , , , , , , , , , , , , , , 
4.9669615, 0.023331, , , , , , , 4.9669615, -0.0961776, , , , , , , 4.9669615, 0.026688, , , , , , , 4.9669615, 0.0381018, , , , , , , , , , , , , , , , , , , , , , , , , , , , 
4.9674808, 0.0119173, , , , , , , 4.9674808, -0.0854353, , , , , , , 4.9674808, 0.0031891, , , , , , , 4.9674808, 0.0394446, , , , , , , , , , , , , , , , , , , , , , , , , , , , 
4.968, 0.0048676, , , , , , , 4.968, -0.0585794, , , , , , , 4.968, -0.0250095, , , , , , , 4.968, 0.0374304, , , , , , , , , , , , , , , , , , , , , , , , , , , , 
4.9685192, -0.0045319, , , , , , , 4.9685192, -0.0360876, , , , , , , 4.9685192, -0.057908, , , , , , , 4.9685192, 0.0352483, , , , , , , , , , , , , , , , , , , , , , , , , , , , 
4.9690385, -0.0206455, , , , , , , 4.9690385, -0.0372625, , , , , , , 4.9690385, -0.0847639, , , , , , , 4.9690385, 0.0327306, , , , , , , , , , , , , , , , , , , , , , , , , , , , 
4.9695577, -0.0374304, , , , , , , 4.9695577, -0.04448, , , , , , , 4.9695577, -0.1064164, , , , , , , 4.9695577, 0.0293736, , , , , , , , , , , , , , , , , , , , , , , , , , , , 
4.9700769, -0.0461585, , , , , , , 4.9700769, -0.0323949, , , , , , , 4.9700769, -0.1232013, , , , , , , 4.9700769, 0.0290379, , , , , , , , , , , , , , , , , , , , , , , , , , , , 
4.9705962, -0.0527047, , , , , , , 4.9705962, -0.0115816, , , , , , , 4.9705962, -0.1319295, , , , , , , 4.9705962, 0.030045, , , , , , , , , , , , , , , , , , , , , , , , , , , , 
4.9711154, -0.0636149, , , , , , , 4.9711154, -0.0041962, , , , , , , 4.9711154, -0.1290761, , , , , , , 4.9711154, 0.0281987, , , , , , , , , , , , , , , , , , , , , , , , , , , , 
4.9716346, -0.0720073, , , , , , , 4.9716346, -0.0065461, , , , , , , 4.9716346, -0.1185016, , , , , , , 4.9716346, 0.0250095, , , , , , , , , , , , , , , , , , , , , , , , , , , , 
4.9721538, -0.0693217, , , , , , , 4.9721538, 0.0038605, , , , , , , 4.9721538, -0.1028916, , , , , , , 4.9721538, 0.0209812, , , , , , , , , , , , , , , , , , , , , , , , , , , , 
4.9726731, -0.0555581, , , , , , , 4.9726731, 0.0253452, , , , , , , 4.9726731, -0.0854353, , , , , , , 4.9726731, 0.0132601, , , , , , , , , , , , , , , , , , , , , , , , , , , , 
4.9731923, -0.04448, , , , , , , 4.9731923, 0.0354162, , , , , , , 4.9731923, -0.0708324, , , , , , , 4.9731923, 0.0062104, , , , , , , , , , , , , , , , , , , , , , , , , , , , 
4.9737115, -0.0370947, , , , , , , 4.9737115, 0.0287022, , , , , , , 4.9737115, -0.0552224, , , , , , , 4.9737115, 0.0018463, , , , , , , , , , , , , , , , , , , , , , , , , , , , 
4.9742308, -0.0263523, , , , , , , 4.9742308, 0.0199741, , , , , , , 4.9742308, -0.0323949, , , , , , , 4.9742308, -0.002182, , , , , , , , , , , , , , , , , , , , , , , , , , , , 
4.97475, -0.0162814, , , , , , , 4.97475, 0.0186313, , , , , , , 4.97475, -0.0062104, , , , , , , 4.97475, -0.0075532, , , , , , , , , , , , , , , , , , , , , , , , , , , , 
4.9752692, -0.0005035, , , , , , , 4.9752692, 0.0253452, , , , , , , 4.9752692, 0.0166171, , , , , , , 4.9752692, -0.0125887, , , , , , , , , , , , , , , , , , , , , , , , , , , , 
4.9757885, 0.0164492, , , , , , , 4.9757885, 0.036759, , , , , , , 4.9757885, 0.0344091, , , , , , , 4.9757885, -0.0169528, , , , , , , , , , , , , , , , , , , , , , , , , , , , 
4.9763077, 0.0231632, , , , , , , 4.9763077, 0.0471656, , , , , , , 4.9763077, 0.0481727, , , , , , , 4.9763077, -0.0213169, , , , , , , , , , , , , , , , , , , , , , , , , , , , 
4.9768269, 0.0339055, , , , , , , 4.9768269, 0.0602579, , , , , , , 4.9768269, 0.0602579, , , , , , , 4.9768269, -0.0236667, , , , , , , , , , , , , , , , , , , , , , , , , , , , 
4.9773462, 0.0475013, , , , , , , 4.9773462, 0.0763714, , , , , , , 4.9773462, 0.0704967, , , , , , , 4.9773462, -0.0223239, , , , , , , , , , , , , , , , , , , , , , , , , , , , 
4.9778654, 0.0548867, , , , , , , 4.9778654, 0.0787213, , , , , , , 4.9778654, 0.0743572, , , , , , , 4.9778654, -0.0179599, , , , , , , , , , , , , , , , , , , , , , , , , , , , 
4.9783846, 0.061265, , , , , , , 4.9783846, 0.054551, , , , , , , 4.9783846, 0.0673075, , , , , , , 4.9783846, -0.0112459, , , , , , , , , , , , , , , , , , , , , , , , , , , , 
4.9789038, 0.0673075, , , , , , , 4.9789038, 0.0135958, , , , , , , 4.9789038, 0.0466621, , , , , , , 4.9789038, -0.0062104, , , , , , , , , , , , , , , , , , , , , , , , , , , , 
4.9794231, 0.0716716, , , , , , , 4.9794231, -0.0176242, , , , , , , 4.9794231, 0.0226596, , , , , , , 4.9794231, -0.0018463, , , , , , , , , , , , , , , , , , , , , , , , , , , , 
4.9799423, 0.0679789, , , , , , , 4.9799423, -0.0344091, , , , , , , 4.9799423, 0.0030213, , , , , , , 4.9799423, 0.0015106, , , , , , , , , , , , , , , , , , , , , , , , , , , , 
4.9804615, 0.061265, , , , , , , 4.9804615, -0.0565652, , , , , , , 4.9804615, -0.01561, , , , , , , 4.9804615, 0.0058747, , , , , , , , , , , , , , , , , , , , , , , , , , , , 
4.9809808, 0.0569009, , , , , , , 4.9809808, -0.079057, , , , , , , 4.9809808, -0.0310521, , , , , , , 4.9809808, 0.0119173, , , , , , , , , , , , , , , , , , , , , , , , , , , , 
4.9815, 0.0555581, , , , , , , 4.9815, -0.0891279, , , , , , , 4.9815, -0.0404517, , , , , , , 4.9815, 0.0176242, , , , , , , , , , , , , , , , , , , , , , , , , , , , 
4.9820192, 0.0562295, , , , , , , 4.9820192, -0.0780499, , , , , , , 4.9820192, -0.0428016, , , , , , , 4.9820192, 0.0260166, , , , , , , , , , , , , , , , , , , , , , , , , , , , 
4.9825385, 0.0595865, , , , , , , 4.9825385, -0.0458228, , , , , , , 4.9825385, -0.0352483, , , , , , , 4.9825385, 0.0359197, , , , , , , , , , , , , , , , , , , , , , , , , , , , 
4.9830577, 0.0629435, , , , , , , 4.9830577, -0.0193027, , , , , , , 4.9830577, -0.0203098, , , , , , , 4.9830577, 0.0407874, , , , , , , , , , , , , , , , , , , , , , , , , , , , 
4.9835769, 0.0589151, , , , , , , 4.9835769, -0.0186313, , , , , , , 4.9835769, -0.0035248, , , , , , , 4.9835769, 0.0399481, , , , , , , , , , , , , , , , , , , , , , , , , , , , 
4.9840962, 0.049012, , , , , , , 4.9840962, -0.0340734, , , , , , , 4.9840962, 0.0159457, , , , , , , 4.9840962, 0.0428016, , , , , , , , , , , , , , , , , , , , , , , , , , , , 
4.9846154, 0.0428016, , , , , , , 4.9846154, -0.0317235, , , , , , , 4.9846154, 0.033402, , , , , , , 4.9846154, 0.0542153, , , , , , , , , , , , , , , , , , , , , , , , , , , , 
4.9851346, 0.0374304, , , , , , , 4.9851346, -0.0048676, , , , , , , 4.9851346, 0.0454871, , , , , , , 4.9851346, 0.0663005, , , , , , , , , , , , , , , , , , , , , , , , , , , , 
4.9856538, 0.0263523, , , , , , , 4.9856538, 0.0206455, , , , , , , 4.9856538, 0.0555581, , , , , , , 4.9856538, 0.0713359, , , , , , , , , , , , , , , , , , , , , , , , , , , , 
4.9861731, 0.0139315, , , , , , , 4.9861731, 0.030045, , , , , , , 4.9861731, 0.0663005, , , , , , , 4.9861731, 0.0676432, , , , , , , , , , , , , , , , , , , , , , , , , , , , 
4.9866923, 0.0048676, , , , , , , 4.9866923, 0.0323949, , , , , , , 4.9866923, 0.0683146, , , , , , , 4.9866923, 0.0569009, , , , , , , , , , , , , , , , , , , , , , , , , , , , 
4.9872115, -0.002182, , , , , , , 4.9872115, 0.0384375, , , , , , , 4.9872115, 0.057908, , , , , , , 4.9872115, 0.0439765, , , , , , , , , , , , , , , , , , , , , , , , , , , , 
4.9877308, -0.0099031, , , , , , , 4.9877308, 0.0417945, , , , , , , 4.9877308, 0.0414588, , , , , , , 4.9877308, 0.0305486, , , , , , , , , , , , , , , , , , , , , , , , , , , , 
4.98825, -0.018967, , , , , , , 4.98825, 0.0198062, , , , , , , 4.98825, 0.023331, , , , , , , 4.98825, 0.0213169, , , , , , , , , , , , , , , , , , , , , , , , , , , , 
4.9887692, -0.0318914, , , , , , , 4.9887692, -0.0372625, , , , , , , 4.9887692, 0.0062104, , , , , , , 4.9887692, 0.0159457, , , , , , , , , , , , , , , , , , , , , , , , , , , , 
4.9892885, -0.0475013, , , , , , , 4.9892885, -0.093492, , , , , , , 4.9892885, -0.012253, , , , , , , 4.9892885, 0.0125887, , , , , , , , , , , , , , , , , , , , , , , , , , , , 
4.9898077, -0.0624399, , , , , , , 4.9898077, -0.1144732, , , , , , , 4.9898077, -0.030045, , , , , , , 4.9898077, 0.0119173, , , , , , , , , , , , , , , , , , , , , , , , , , , , 
4.9903269, -0.0652934, , , , , , , 4.9903269, -0.1092699, , , , , , , 4.9903269, -0.0451514, , , , , , , 4.9903269, 0.0132601, , , , , , , , , , , , , , , , , , , , , , , , , , , , 
4.9908462, -0.0656291, , , , , , , 4.9908462, -0.100206, , , , , , , 4.9908462, -0.0522011, , , , , , , 4.9908462, 0.0129244, , , , , , , , , , , , , , , , , , , , , , , , , , , , 
4.9913654, -0.0661326, , , , , , , 4.9913654, -0.0908064, , , , , , , 4.9913654, -0.0540475, , , , , , , 4.9913654, 0.0137636, , , , , , , , , , , , , , , , , , , , , , , , , , , , 
4.9918846, -0.0652934, , , , , , , 4.9918846, -0.0720073, , , , , , , 4.9918846, -0.0555581, , , , , , , 4.9918846, 0.0166171, , , , , , , , , , , , , , , , , , , , , , , , , , , , 
4.9924038, -0.0575723, , , , , , , 4.9924038, -0.0471656, , , , , , , 4.9924038, -0.0555581, , , , , , , 4.9924038, 0.0166171, , , , , , , , , , , , , , , , , , , , , , , , , , , , 
4.9929231, -0.0391089, , , , , , , 4.9929231, -0.0256809, , , , , , , 4.9929231, -0.0505226, , , , , , , 4.9929231, 0.0149386, , , , , , , , , , , , , , , , , , , , , , , , , , , , 
4.9934423, -0.018967, , , , , , , 4.9934423, -0.0119173, , , , , , , 4.9934423, -0.0364233, , , , , , , 4.9934423, 0.0132601, , , , , , , , , , , , , , , , , , , , , , , , , , , , 
4.9939615, -0.005539, , , , , , , 4.9939615, -0.0062104, , , , , , , 4.9939615, -0.0166171, , , , , , , 4.9939615, 0.0105745, , , , , , , , , , , , , , , , , , , , , , , , , , , , 
4.9944808, 0.0018463, , , , , , , 4.9944808, -0.0045319, , , , , , , 4.9944808, -0.0028534, , , , , , , 4.9944808, 0.0083925, , , , , , , , , , , , , , , , , , , , , , , , , , , , 
4.995, 0.0077211, , , , , , , 4.995, -0.0011749, , , , , , , 4.995, 0.0045319, , , , , , , 4.995, 0.0058747, , , , , , , , , , , , , , , , , , , , , , , , , , , , 
4.9955192, 0.0135958, , , , , , , 4.9955192, 0.0038605, , , , , , , 4.9955192, 0.0102388, , , , , , , 4.9955192, 0.0030213, , , , , , , , , , , , , , , , , , , , , , , , , , , , 
4.9960385, 0.0216526, , , , , , , 4.9960385, 0.0102388, , , , , , , 4.9960385, 0.0157778, , , , , , , 4.9960385, 0.0005035, , , , , , , , , , , , , , , , , , , , , , , , , , , , 
4.9965577, 0.0285344, , , , , , , 4.9965577, 0.0139315, , , , , , , 4.9965577, 0.0135958, , , , , , , 4.9965577, -0.0008392, , , , , , , , , , , , , , , , , , , , , , , , , , , , 
4.9970769, 0.0313878, , , , , , , 4.9970769, 0.0139315, , , , , , , 4.9970769, 0.0072175, , , , , , , 4.9970769, -0.0015106, , , , , , , , , , , , , , , , , , , , , , , , , , , , 
4.9975962, 0.0310521, , , , , , , 4.9975962, 0.0179599, , , , , , , 4.9975962, 0.0065461, , , , , , , 4.9975962, -0.0015106, , , , , , , , , , , , , , , , , , , , , , , , , , , , 
4.9981154, 0.0293736, , , , , , , 4.9981154, 0.0297093, , , , , , , 4.9981154, 0.012253, , , , , , , 4.9981154, -0.0013428, , , , , , , , , , , , , , , , , , , , , , , , , , , , 
4.9986346, 0.0283665, , , , , , , 4.9986346, 0.0384375, , , , , , , 4.9986346, 0.0162814, , , , , , , 4.9986346, -0.0015106, , , , , , , , , , , , , , , , , , , , , , , , , , , , 
4.9991538, 0.030045, , , , , , , 4.9991538, 0.0411231, , , , , , , 4.9991538, 0.0169528, , , , , , , 4.9991538, -0.0028534, , , , , , , , , , , , , , , , , , , , , , , , , , , , 
4.9996731, 0.0313878, , , , , , , 4.9996731, 0.0459907, , , , , , , 4.9996731, 0.0164492, , , , , , , 4.9996731, -0.0048676, , , , , , , , , , , , , , , , , , , , , , , , , , , , 
5.0001923, 0.0310521, , , , , , , 5.0001923, 0.0580758, , , , , , , 5.0001923, 0.0159457, , , , , , , 5.0001923, -0.0072175, , , , , , , , , , , , , , , , , , , , , , , , , , , , 
5.0007115, 0.0337377, , , , , , , 5.0007115, 0.0830854, , , , , , , 5.0007115, 0.0152743, , , , , , , 5.0007115, -0.0082246, , , , , , , , , , , , , , , , , , , , , , , , , , , , 
5.0012308, 0.0394446, , , , , , , 5.0012308, 0.1012131, , , , , , , 5.0012308, 0.0125887, , , , , , , 5.0012308, -0.0082246, , , , , , , , , , , , , , , , , , , , , , , , , , , , 
5.00175, 0.0468299, , , , , , , 5.00175, 0.0971847, , , , , , , 5.00175, 0.0072175, , , , , , , 5.00175, -0.0085603, , , , , , , , , , , , , , , , , , , , , , , , , , , , 
5.0022692, 0.0562295, , , , , , , 5.0022692, 0.0820783, , , , , , , 5.0022692, -0.002182, , , , , , , 5.0022692, -0.0104067, , , , , , , , , , , , , , , , , , , , , , , , , , , , 
5.0027885, 0.0686503, , , , , , , 5.0027885, 0.0642863, , , , , , , 5.0027885, -0.0109102, , , , , , , 5.0027885, -0.01561, , , , , , , , , , , , , , , , , , , , , , , , , , , , 
5.0033077, 0.0730144, , , , , , , 5.0033077, 0.0454871, , , , , , , 5.0033077, -0.0135958, , , , , , , 5.0033077, -0.0171206, , , , , , , , , , , , , , , , , , , , , , , , , , , , 
5.0038269, 0.0782177, , , , , , , 5.0038269, 0.0213169, , , , , , , 5.0038269, -0.0082246, , , , , , , 5.0038269, -0.0132601, , , , , , , , , , , , , , , , , , , , , , , , , , , , 
5.0043462, 0.0842603, , , , , , , 5.0043462, -0.0035248, , , , , , , 5.0043462, 0.0011749, , , , , , , 5.0043462, -0.011078, , , , , , , , , , , , , , , , , , , , , , , , , , , , 
5.0048654, 0.0861067, , , , , , , 5.0048654, -0.0256809, , , , , , , 5.0048654, 0.0075532, , , , , , , 5.0048654, -0.0112459, , , , , , , , , , , , , , , , , , , , , , , , , , , , 
5.0053846, 0.0809033, , , , , , , 5.0053846, -0.0431373, , , , , , , 5.0053846, 0.0052033, , , , , , , 5.0053846, -0.0109102, , , , , , , , , , , , , , , , , , , , , , , , , , , , 
5.0059038, 0.0708324, , , , , , , 5.0059038, -0.0575723, , , , , , , 5.0059038, -0.0048676, , , , , , , 5.0059038, -0.0083925, , , , , , , , , , , , , , , , , , , , , , , , , , , , 
5.0064231, 0.0560616, , , , , , , 5.0064231, -0.0741894, , , , , , , 5.0064231, -0.021149, , , , , , , 5.0064231, -0.0063783, , , , , , , , , , , , , , , , , , , , , , , , , , , , 
5.0069423, 0.0414588, , , , , , , 5.0069423, -0.0918135, , , , , , , 5.0069423, -0.0397803, , , , , , , 5.0069423, -0.0038605, , , , , , , , , , , , , , , , , , , , , , , , , , , , 
5.0074615, 0.0298772, , , , , , , 5.0074615, -0.1070878, , , , , , , 5.0074615, -0.0540475, , , , , , , 5.0074615, -0.0010071, , , , , , , , , , , , , , , , , , , , , , , , , , , , 
5.0079808, 0.018967, , , , , , , 5.0079808, -0.1072557, , , , , , , 5.0079808, -0.0599222, , , , , , , 5.0079808, 0.0028534, , , , , , , , , , , , , , , , , , , , , , , , , , , , 
5.0085, 0.0078889, , , , , , , 5.0085, -0.0921492, , , , , , , 5.0085, -0.0595865, , , , , , , 5.0085, 0.0092317, , , , , , , , , , , , , , , , , , , , , , , , , , , , 
5.0090192, -0.0070497, , , , , , , 5.0090192, -0.0763714, , , , , , , 5.0090192, -0.06009, , , , , , , 5.0090192, 0.0159457, , , , , , , , , , , , , , , , , , , , , , , , , , , , 
5.0095385, -0.0206455, , , , , , , 5.0095385, -0.054551, , , , , , , 5.0095385, -0.0609293, , , , , , , 5.0095385, 0.0224918, , , , , , , , , , , , , , , , , , , , , , , , , , , , 
5.0100577, -0.0297093, , , , , , , 5.0100577, -0.0139315, , , , , , , 5.0100577, -0.0609293, , , , , , , 5.0100577, 0.0303807, , , , , , , , , , , , , , , , , , , , , , , , , , , , 
5.0105769, -0.0386053, , , , , , , 5.0105769, 0.0263523, , , , , , , 5.0105769, -0.0582437, , , , , , , 5.0105769, 0.0360876, , , , , , , , , , , , , , , , , , , , , , , , , , , , 
5.0110962, -0.0491798, , , , , , , 5.0110962, 0.0404517, , , , , , , 5.0110962, -0.0505226, , , , , , , 5.0110962, 0.0394446, , , , , , , , , , , , , , , , , , , , , , , , , , , , 
5.0116154, -0.0572366, , , , , , , 5.0116154, 0.0337377, , , , , , , 5.0116154, -0.0438087, , , , , , , 5.0116154, 0.043473, , , , , , , , , , , , , , , , , , , , , , , , , , , , 
5.0121346, -0.0575723, , , , , , , 5.0121346, 0.0172885, , , , , , , 5.0121346, -0.0404517, , , , , , , 5.0121346, 0.04448, , , , , , , , , , , , , , , , , , , , , , , , , , , , 
5.0126538, -0.0491798, , , , , , , 5.0126538, -0.0075532, , , , , , , 5.0126538, -0.0374304, , , , , , , 5.0126538, 0.0397803, , , , , , , , , , , , , , , , , , , , , , , , , , , , 
5.0131731, -0.0370947, , , , , , , 5.0131731, -0.0270237, , , , , , , 5.0131731, -0.0313878, , , , , , , 5.0131731, 0.0297093, , , , , , , , , , , , , , , , , , , , , , , , , , , , 
5.0136923, -0.0270237, , , , , , , 5.0136923, -0.0290379, , , , , , , 5.0136923, -0.0256809, , , , , , , 5.0136923, 0.0229953, , , , , , , , , , , , , , , , , , , , , , , , , , , , 
5.0142115, -0.0171206, , , , , , , 5.0142115, -0.023331, , , , , , , 5.0142115, -0.0236667, , , , , , , 5.0142115, 0.0253452, , , , , , , , , , , , , , , , , , , , , , , , , , , , 
5.0147308, -0.0075532, , , , , , , 5.0147308, -0.0151064, , , , , , , 5.0147308, -0.0218204, , , , , , , 5.0147308, 0.027863, , , , , , , , , , , , , , , , , , , , , , , , , , , , 
5.01525, 0.0005035, , , , , , , 5.01525, 0.0041962, , , , , , , 5.01525, -0.0142672, , , , , , , 5.01525, 0.0246738, , , , , , , , , , , , , , , , , , , , , , , , , , , , 
5.0157692, 0.0092317, , , , , , , 5.0157692, 0.0293736, , , , , , , 5.0157692, -0.0001678, , , , , , , 5.0157692, 0.0206455, , , , , , , , , , , , , , , , , , , , , , , , , , , , 
5.0162885, 0.0209812, , , , , , , 5.0162885, 0.0397803, , , , , , , 5.0162885, 0.0142672, , , , , , , 5.0162885, 0.0204776, , , , , , , , , , , , , , , , , , , , , , , , , , , , 
5.0168077, 0.0236667, , , , , , , 5.0168077, 0.0273594, , , , , , , 5.0168077, 0.0226596, , , , , , , 5.0168077, 0.0191348, , , , , , , , , , , , , , , , , , , , , , , , , , , , 
5.0173269, 0.0206455, , , , , , , 5.0173269, 0.0117494, , , , , , , 5.0173269, 0.0263523, , , , , , , 5.0173269, 0.0162814, , , , , , , , , , , , , , , , , , , , , , , , , , , , 
5.0178462, 0.0176242, , , , , , , 5.0178462, 0.0105745, , , , , , , 5.0178462, 0.0307164, , , , , , , 5.0178462, 0.012253, , , , , , , , , , , , , , , , , , , , , , , , , , , , 
5.0183654, 0.0203098, , , , , , , 5.0183654, 0.0018463, , , , , , , 5.0183654, 0.0374304, , , , , , , 5.0183654, 0.008896, , , , , , , , , , , , , , , , , , , , , , , , , , , , 
5.0188846, 0.0253452, , , , , , , 5.0188846, -0.023331, , , , , , , 5.0188846, 0.0448157, , , , , , , 5.0188846, 0.0077211, , , , , , , , , , , , , , , , , , , , , , , , , , , , 
5.0194038, 0.0270237, , , , , , , 5.0194038, -0.0364233, , , , , , , 5.0194038, 0.0501869, , , , , , , 5.0194038, 0.0078889, , , , , , , , , , , , , , , , , , , , , , , , , , , , 
5.0199231, 0.0293736, , , , , , , 5.0199231, -0.0243381, , , , , , , 5.0199231, 0.057908, , , , , , , 5.0199231, 0.0072175, , , , , , , , , , , , , , , , , , , , , , , , , , , , 
5.0204423, 0.033402, , , , , , , 5.0204423, -0.0085603, , , , , , , 5.0204423, 0.0720073, , , , , , , 5.0204423, 0.0052033, , , , , , , , , , , , , , , , , , , , , , , , , , , , 
5.0209615, 0.0320592, , , , , , , 5.0209615, -0.005539, , , , , , , 5.0209615, 0.0871138, , , , , , , 5.0209615, 0.0035248, , , , , , , , , , , , , , , , , , , , , , , , , , , , 
5.0214808, 0.0280308, , , , , , , 5.0214808, -0.0078889, , , , , , , 5.0214808, 0.096849, , , , , , , 5.0214808, 0.0031891, , , , , , , , , , , , , , , , , , , , , , , , , , , , 
5.022, 0.0290379, , , , , , , 5.022, 0.0031891, , , , , , , 5.022, 0.0991989, , , , , , , 5.022, 0.0005035, , , , , , , , , , , , , , , , , , , , , , , , , , , , 
5.0225192, 0.0411231, , , , , , , 5.0225192, 0.0293736, , , , , , , 5.0225192, 0.0951705, , , , , , , 5.0225192, -0.005539, , , , , , , , , , , , , , , , , , , , , , , , , , , , 
5.0230385, 0.0548867, , , , , , , 5.0230385, 0.0320592, , , , , , , 5.0230385, 0.0891279, , , , , , , 5.0230385, -0.0097353, , , , , , , , , , , , , , , , , , , , , , , , , , , , 
5.0235577, 0.0595865, , , , , , , 5.0235577, 0.0005035, , , , , , , 5.0235577, 0.0780499, , , , , , , 5.0235577, -0.0099031, , , , , , , , , , , , , , , , , , , , , , , , , , , , 
5.0240769, 0.0595865, , , , , , , 5.0240769, -0.0179599, , , , , , , 5.0240769, 0.0639506, , , , , , , 5.0240769, -0.0083925, , , , , , , , , , , , , , , , , , , , , , , , , , , , 
5.0245962, 0.0683146, , , , , , , 5.0245962, -0.0112459, , , , , , , 5.0245962, 0.0426337, , , , , , , 5.0245962, -0.0095674, , , , , , , , , , , , , , , , , , , , , , , , , , , , 
5.0251154, 0.0763714, , , , , , , 5.0251154, 0.0005035, , , , , , , 5.0251154, 0.0125887, , , , , , , 5.0251154, -0.0124208, , , , , , , , , , , , , , , , , , , , , , , , , , , , 
5.0256346, 0.0763714, , , , , , , 5.0256346, 0.0070497, , , , , , , 5.0256346, -0.0219883, , , , , , , 5.0256346, -0.012253, , , , , , , , , , , , , , , , , , , , , , , , , , , , 
5.0261538, 0.0681468, , , , , , , 5.0261538, 0.0078889, , , , , , , 5.0261538, -0.0626078, , , , , , , 5.0261538, -0.0090639, , , , , , , , , , , , , , , , , , , , , , , , , , , , 
5.0266731, 0.054551, , , , , , , 5.0266731, 0.0078889, , , , , , , 5.0266731, -0.1099413, , , , , , , 5.0266731, -0.0031891, , , , , , , , , , , , , , , , , , , , , , , , , , , , 
5.0271923, 0.0406195, , , , , , , 5.0271923, 0.0072175, , , , , , , 5.0271923, -0.1579461, , , , , , , 5.0271923, 0.0050355, , , , , , , , , , , , , , , , , , , , , , , , , , , , 
5.0277115, 0.0280308, , , , , , , 5.0277115, 0.0035248, , , , , , , 5.0277115, -0.1905089, , , , , , , 5.0277115, 0.0151064, , , , , , , , , , , , , , , , , , , , , , , , , , , , 
5.0282308, 0.0166171, , , , , , , 5.0282308, -0.0041962, , , , , , , 5.0282308, -0.2022583, , , , , , , 5.0282308, 0.0260166, , , , , , , , , , , , , , , , , , , , , , , , , , , , 
5.02875, 0.0041962, , , , , , , 5.02875, -0.0109102, , , , , , , 5.02875, -0.1977264, , , , , , , 5.02875, 0.0357519, , , , , , , , , , , , , , , , , , , , , , , , , , , , 
5.0292692, -0.0082246, , , , , , , 5.0292692, -0.017792, , , , , , , 5.0292692, -0.1861448, , , , , , , 5.0292692, 0.0439765, , , , , , , , , , , , , , , , , , , , , , , , , , , , 
5.0297885, -0.0216526, , , , , , , 5.0297885, -0.0315557, , , , , , , 5.0297885, -0.1802701, , , , , , , 5.0297885, 0.052369, , , , , , , , , , , , , , , , , , , , , , , , , , , , 
5.0303077, -0.0384375, , , , , , , 5.0303077, -0.0448157, , , , , , , 5.0303077, -0.1831235, , , , , , , 5.0303077, 0.0592508, , , , , , , , , , , , , , , , , , , , , , , , , , , , 
5.0308269, -0.054551, , , , , , , 5.0308269, -0.04448, , , , , , , 5.0308269, -0.1790951, , , , , , , 5.0308269, 0.0619364, , , , , , , , , , , , , , , , , , , , , , , , , , , , 
5.0313462, -0.0616007, , , , , , , 5.0313462, -0.0323949, , , , , , , 5.0313462, -0.1512322, , , , , , , 5.0313462, 0.0629435, , , , , , , , , , , , , , , , , , , , , , , , , , , , 
5.0318654, -0.0592508, , , , , , , 5.0318654, -0.0243381, , , , , , , 5.0318654, -0.110277, , , , , , , 5.0318654, 0.0639506, , , , , , , , , , , , , , , , , , , , , , , , , , , , 
5.0323846, -0.0538796, , , , , , , 5.0323846, -0.0260166, , , , , , , 5.0323846, -0.0726787, , , , , , , 5.0323846, 0.061265, , , , , , , , , , , , , , , , , , , , , , , , , , , , 
5.0329038, -0.0417945, , , , , , , 5.0329038, -0.0391089, , , , , , , 5.0329038, -0.0391089, , , , , , , 5.0329038, 0.0535439, , , , , , , , , , , , , , , , , , , , , , , , , , , , 
5.0334231, -0.0285344, , , , , , , 5.0334231, -0.0495155, , , , , , , 5.0334231, -0.0068818, , , , , , , 5.0334231, 0.0458228, , , , , , , , , , , , , , , , , , , , , , , , , , , , 
5.0339423, -0.0179599, , , , , , , 5.0339423, -0.0391089, , , , , , , 5.0339423, 0.0186313, , , , , , , 5.0339423, 0.0364233, , , , , , , , , , , , , , , , , , , , , , , , , , , , 
5.0344615, -0.0095674, , , , , , , 5.0344615, -0.0109102, , , , , , , 5.0344615, 0.0381018, , , , , , , 5.0344615, 0.0250095, , , , , , , , , , , , , , , , , , , , , , , , , , , , 
5.0349808, -0.0048676, , , , , , , 5.0349808, 0.0065461, , , , , , , 5.0349808, 0.0555581, , , , , , , 5.0349808, 0.0167849, , , , , , , , , , , , , , , , , , , , , , , , , , , , 
5.0355, -0.0015106, , , , , , , 5.0355, 0.0003357, , , , , , , 5.0355, 0.0710002, , , , , , , 5.0355, 0.0125887, , , , , , , , , , , , , , , , , , , , , , , , , , , , 
5.0360192, 0.003357, , , , , , , 5.0360192, -0.0129244, , , , , , , 5.0360192, 0.0840925, , , , , , , 5.0360192, 0.0090639, , , , , , , , , , , , , , , , , , , , , , , , , , , , 
5.0365385, 0.0072175, , , , , , , 5.0365385, -0.0169528, , , , , , , 5.0365385, 0.0998703, , , , , , , 5.0365385, 0.0030213, , , , , , , , , , , , , , , , , , , , , , , , , , , , 
5.0370577, 0.0124208, , , , , , , 5.0370577, -0.0184634, , , , , , , 5.0370577, 0.1156481, , , , , , , 5.0370577, -0.002182, , , , , , , , , , , , , , , , , , , , , , , , , , , , 
5.0375769, 0.0213169, , , , , , , 5.0375769, -0.0154421, , , , , , , 5.0375769, 0.124712, , , , , , , 5.0375769, -0.0048676, , , , , , , , , , , , , , , , , , , , , , , , , , , , 
5.0380962, 0.026688, , , , , , , 5.0380962, -0.0036927, , , , , , , 5.0380962, 0.1294118, , , , , , , 5.0380962, -0.0043641, , , , , , , , , , , , , , , , , , , , , , , , , , , , 
5.0386154, 0.0273594, , , , , , , 5.0386154, 0.0112459, , , , , , , 5.0386154, 0.1351186, , , , , , , 5.0386154, -0.0028534, , , , , , , , , , , , , , , , , , , , , , , , , , , , 
5.0391346, 0.0273594, , , , , , , 5.0391346, 0.0213169, , , , , , , 5.0391346, 0.1327687, , , , , , , 5.0391346, -0.0015106, , , , , , , , , , , , , , , , , , , , , , , , , , , , 
5.0396538, 0.0280308, , , , , , , 5.0396538, 0.0176242, , , , , , , 5.0396538, 0.1166552, , , , , , , 5.0396538, -0.0001678, , , , , , , , , , , , , , , , , , , , , , , , , , , , 
5.0401731, 0.0256809, , , , , , , 5.0401731, 0.0031891, , , , , , , 5.0401731, 0.0849317, , , , , , , 5.0401731, 0.0016785, , , , , , , , , , , , , , , , , , , , , , , , , , , , 
5.0406923, 0.023331, , , , , , , 5.0406923, -0.0068818, , , , , , , 5.0406923, 0.0412909, , , , , , , 5.0406923, 0.0038605, , , , , , , , , , , , , , , , , , , , , , , , , , , , 
5.0412115, 0.018967, , , , , , , 5.0412115, -0.0129244, , , , , , , 5.0412115, -0.0068818, , , , , , , 5.0412115, 0.0057069, , , , , , , , , , , , , , , , , , , , , , , , , , , , 
5.0417308, 0.0152743, , , , , , , 5.0417308, -0.0238346, , , , , , , 5.0417308, -0.0461585, , , , , , , 5.0417308, 0.0045319, , , , , , , , , , , , , , , , , , , , , , , , , , , , 
5.04225, 0.0213169, , , , , , , 5.04225, -0.0344091, , , , , , , 5.04225, -0.0673075, , , , , , , 5.04225, 0.0036927, , , , , , , , , , , , , , , , , , , , , , , , , , , , 
5.0427692, 0.0407874, , , , , , , 5.0427692, -0.0297093, , , , , , , 5.0427692, -0.0763714, , , , , , , 5.0427692, 0.0026856, , , , , , , , , , , , , , , , , , , , , , , , , , , , 
5.0432885, 0.0610971, , , , , , , 5.0432885, -0.0186313, , , , , , , 5.0432885, -0.0783856, , , , , , , 5.0432885, 0.0025177, , , , , , , , , , , , , , , , , , , , , , , , , , , , 
5.0438077, 0.0710002, , , , , , , 5.0438077, -0.0102388, , , , , , , 5.0438077, -0.0740215, , , , , , , 5.0438077, 0.0065461, , , , , , , , , , , , , , , , , , , , , , , , , , , , 
5.0443269, 0.0710002, , , , , , , 5.0443269, -0.002182, , , , , , , 5.0443269, -0.064622, , , , , , , 5.0443269, 0.0119173, , , , , , , , , , , , , , , , , , , , , , , , , , , , 
5.0448462, 0.0656291, , , , , , , 5.0448462, 0.002182, , , , , , , 5.0448462, -0.051194, , , , , , , 5.0448462, 0.0132601, , , , , , , , , , , , , , , , , , , , , , , , , , , , 
5.0453654, 0.0552224, , , , , , , 5.0453654, -0.0038605, , , , , , , 5.0453654, -0.0379339, , , , , , , 5.0453654, 0.011078, , , , , , , , , , , , , , , , , , , , , , , , , , , , 
5.0458846, 0.04448, , , , , , , 5.0458846, -0.0102388, , , , , , , 5.0458846, -0.0305486, , , , , , , 5.0458846, 0.0109102, , , , , , , , , , , , , , , , , , , , , , , , , , , , 
5.0464038, 0.0347448, , , , , , , 5.0464038, -0.0075532, , , , , , , 5.0464038, -0.0276951, , , , , , , 5.0464038, 0.012253, , , , , , , , , , , , , , , , , , , , , , , , , , , , 
5.0469231, 0.0253452, , , , , , , 5.0469231, 0.0045319, , , , , , , 5.0469231, -0.0297093, , , , , , , 5.0469231, 0.0135958, , , , , , , , , , , , , , , , , , , , , , , , , , , , 
5.0474423, 0.01561, , , , , , , 5.0474423, 0.0139315, , , , , , , 5.0474423, -0.0293736, , , , , , , 5.0474423, 0.0166171, , , , , , , , , , , , , , , , , , , , , , , , , , , , 
5.0479615, 0.0010071, , , , , , , 5.0479615, 0.0119173, , , , , , , 5.0479615, -0.0229953, , , , , , , 5.0479615, 0.0206455, , , , , , , , , , , , , , , , , , , , , , , , , , , , 
5.0484808, -0.0124208, , , , , , , 5.0484808, 0.0035248, , , , , , , 5.0484808, -0.0125887, , , , , , , 5.0484808, 0.0234989, , , , , , , , , , , , , , , , , , , , , , , , , , , , 
5.049, -0.0273594, , , , , , , 5.049, 0.0041962, , , , , , , 5.049, 0.0015106, , , , , , , 5.049, 0.0216526, , , , , , , , , , , , , , , , , , , , , , , , , , , , 
5.0495192, -0.0446479, , , , , , , 5.0495192, 0.0052033, , , , , , , 5.0495192, 0.0199741, , , , , , , 5.0495192, 0.0193027, , , , , , , , , , , , , , , , , , , , , , , , , , , , 
5.0500385, -0.0540475, , , , , , , 5.0500385, 0.0001678, , , , , , , 5.0500385, 0.0374304, , , , , , , 5.0500385, 0.0199741, , , , , , , , , , , , , , , , , , , , , , , , , , , , 
5.0505577, -0.0555581, , , , , , , 5.0505577, -0.0041962, , , , , , , 5.0505577, 0.0476692, , , , , , , 5.0505577, 0.0219883, , , , , , , , , , , , , , , , , , , , , , , , , , , , 
5.0510769, -0.0589151, , , , , , , 5.0510769, -0.0035248, , , , , , , 5.0510769, 0.0495155, , , , , , , 5.0510769, 0.0223239, , , , , , , , , , , , , , , , , , , , , , , , , , , , 
5.0515962, -0.0599222, , , , , , , 5.0515962, -0.0048676, , , , , , , 5.0515962, 0.0481727, , , , , , , 5.0515962, 0.0198062, , , , , , , , , , , , , , , , , , , , , , , , , , , , 
5.0521154, -0.054551, , , , , , , 5.0521154, -0.0115816, , , , , , , 5.0521154, 0.0466621, , , , , , , 5.0521154, 0.0152743, , , , , , , , , , , , , , , , , , , , , , , , , , , , 
5.0526346, -0.0438087, , , , , , , 5.0526346, -0.0139315, , , , , , , 5.0526346, 0.0446479, , , , , , , 5.0526346, 0.0119173, , , , , , , , , , , , , , , , , , , , , , , , , , , , 
5.0531538, -0.024506, , , , , , , 5.0531538, 0.0006714, , , , , , , 5.0531538, 0.0424659, , , , , , , 5.0531538, 0.0095674, , , , , , , , , , , , , , , , , , , , , , , , , , , , 
5.0536731, -0.0117494, , , , , , , 5.0536731, 0.0307164, , , , , , , 5.0536731, 0.036759, , , , , , , 5.0536731, 0.0058747, , , , , , , , , , , , , , , , , , , , , , , , , , , , 
5.0541923, -0.0058747, , , , , , , 5.0541923, 0.0619364, , , , , , , 5.0541923, 0.0273594, , , , , , , 5.0541923, 0.0006714, , , , , , , , , , , , , , , , , , , , , , , , , , , , 
5.0547115, 0.0028534, , , , , , , 5.0547115, 0.0641184, , , , , , , 5.0547115, 0.0166171, , , , , , , 5.0547115, -0.0028534, , , , , , , , , , , , , , , , , , , , , , , , , , , , 
5.0552308, 0.0105745, , , , , , , 5.0552308, 0.0406195, , , , , , , 5.0552308, 0.0065461, , , , , , , 5.0552308, -0.0028534, , , , , , , , , , , , , , , , , , , , , , , , , , , , 
5.05575, 0.0146029, , , , , , , 5.05575, 0.0135958, , , , , , , 5.05575, -0.0001678, , , , , , , 5.05575, -0.0005035, , , , , , , , , , , , , , , , , , , , , , , , , , , , 
5.0562692, 0.0226596, , , , , , , 5.0562692, -0.0130922, , , , , , , 5.0562692, -0.0041962, , , , , , , 5.0562692, 0.0010071, , , , , , , , , , , , , , , , , , , , , , , , , , , , 
5.0567885, 0.033402, , , , , , , 5.0567885, -0.0459907, , , , , , , 5.0567885, -0.0068818, , , , , , , 5.0567885, 0.0028534, , , , , , , , , , , , , , , , , , , , , , , , , , , , 
5.0573077, 0.0374304, , , , , , , 5.0573077, -0.0679789, , , , , , , 5.0573077, -0.011078, , , , , , , 5.0573077, 0.0043641, , , , , , , , , , , , , , , , , , , , , , , , , , , , 
5.0578269, 0.0391089, , , , , , , 5.0578269, -0.0616007, , , , , , , 5.0578269, -0.0140993, , , , , , , 5.0578269, 0.0031891, , , , , , , , , , , , , , , , , , , , , , , , , , , , 
5.0583462, 0.0411231, , , , , , , 5.0583462, -0.0391089, , , , , , , 5.0583462, -0.0139315, , , , , , , 5.0583462, 0.0041962, , , , , , , , , , , , , , , , , , , , , , , , , , , , 
5.0588654, 0.0441444, , , , , , , 5.0588654, -0.0265202, , , , , , , 5.0588654, -0.0142672, , , , , , , 5.0588654, 0.0048676, , , , , , , , , , , , , , , , , , , , , , , , , , , , 
5.0593846, 0.0473335, , , , , , , 5.0593846, -0.0287022, , , , , , , 5.0593846, -0.0162814, , , , , , , 5.0593846, 0.0048676, , , , , , , , , , , , , , , , , , , , , , , , , , , , 
5.0599038, 0.0475013, , , , , , , 5.0599038, -0.0238346, , , , , , , 5.0599038, -0.0206455, , , , , , , 5.0599038, 0.0045319, , , , , , , , , , , , , , , , , , , , , , , , , , , , 
5.0604231, 0.0475013, , , , , , , 5.0604231, -0.0105745, , , , , , , 5.0604231, -0.0226596, , , , , , , 5.0604231, 0.0085603, , , , , , , , , , , , , , , , , , , , , , , , , , , , 
5.0609423, 0.0468299, , , , , , , 5.0609423, 0.0072175, , , , , , , 5.0609423, -0.0198062, , , , , , , 5.0609423, 0.0119173, , , , , , , , , , , , , , , , , , , , , , , , , , , , 
5.0614615, 0.0453193, , , , , , , 5.0614615, 0.0226596, , , , , , , 5.0614615, -0.0162814, , , , , , , 5.0614615, 0.0132601, , , , , , , , , , , , , , , , , , , , , , , , , , , , 
5.0619808, 0.0468299, , , , , , , 5.0619808, 0.0159457, , , , , , , 5.0619808, -0.0159457, , , , , , , 5.0619808, 0.0152743, , , , , , , , , , , , , , , , , , , , , , , , , , , , 
5.0625, 0.0582437, , , , , , , 5.0625, -0.0095674, , , , , , , 5.0625, -0.0219883, , , , , , , 5.0625, 0.0191348, , , , , , , , , , , , , , , , , , , , , , , , , , , , 
5.0630192, 0.0703288, , , , , , , 5.0630192, -0.0354162, , , , , , , 5.0630192, -0.0310521, , , , , , , 5.0630192, 0.0213169, , , , , , , , , , , , , , , , , , , , , , , , , , , , 
5.0635385, 0.0757, , , , , , , 5.0635385, -0.0491798, , , , , , , 5.0635385, -0.0391089, , , , , , , 5.0635385, 0.0213169, , , , , , , , , , , , , , , , , , , , , , , , , , , , 
5.0640577, 0.0782177, , , , , , , 5.0640577, -0.0458228, , , , , , , 5.0640577, -0.0458228, , , , , , , 5.0640577, 0.0204776, , , , , , , , , , , , , , , , , , , , , , , , , , , , 
5.0645769, 0.0783856, , , , , , , 5.0645769, -0.0340734, , , , , , , 5.0645769, -0.047837, , , , , , , 5.0645769, 0.0176242, , , , , , , , , , , , , , , , , , , , , , , , , , , , 
5.0650962, 0.0743572, , , , , , , 5.0650962, -0.0229953, , , , , , , 5.0650962, -0.0454871, , , , , , , 5.0650962, 0.0139315, , , , , , , , , , , , , , , , , , , , , , , , , , , , 
5.0656154, 0.0713359, , , , , , , 5.0656154, -0.0129244, , , , , , , 5.0656154, -0.0411231, , , , , , , 5.0656154, 0.0102388, , , , , , , , , , , , , , , , , , , , , , , , , , , , 
5.0661346, 0.0642863, , , , , , , 5.0661346, 0.0008392, , , , , , , 5.0661346, -0.036759, , , , , , , 5.0661346, 0.0072175, , , , , , , , , , , , , , , , , , , , , , , , , , , , 
5.0666538, 0.0481727, , , , , , , 5.0666538, 0.0132601, , , , , , , 5.0666538, -0.027863, , , , , , , 5.0666538, 0.0077211, , , , , , , , , , , , , , , , , , , , , , , , , , , , 
5.0671731, 0.0310521, , , , , , , 5.0671731, 0.0129244, , , , , , , 5.0671731, -0.0179599, , , , , , , 5.0671731, 0.0082246, , , , , , , , , , , , , , , , , , , , , , , , , , , , 
5.0676923, 0.0179599, , , , , , , 5.0676923, -0.0041962, , , , , , , 5.0676923, -0.0115816, , , , , , , 5.0676923, 0.008896, , , , , , , , , , , , , , , , , , , , , , , , , , , , 
5.0682115, 0.0043641, , , , , , , 5.0682115, -0.012253, , , , , , , 5.0682115, -0.0077211, , , , , , , 5.0682115, 0.0135958, , , , , , , , , , , , , , , , , , , , , , , , , , , , 
5.0687308, -0.0139315, , , , , , , 5.0687308, -0.0072175, , , , , , , 5.0687308, -0.0038605, , , , , , , 5.0687308, 0.0196384, , , , , , , , , , , , , , , , , , , , , , , , , , , , 
5.06925, -0.0330663, , , , , , , 5.06925, -0.0115816, , , , , , , 5.06925, -0.0001678, , , , , , , 5.06925, 0.023331, , , , , , , , , , , , , , , , , , , , , , , , , , , , 
5.0697692, -0.0451514, , , , , , , 5.0697692, -0.0124208, , , , , , , 5.0697692, 0.0025177, , , , , , , 5.0697692, 0.0273594, , , , , , , , , , , , , , , , , , , , , , , , , , , , 
5.0702885, -0.047837, , , , , , , 5.0702885, 0.0203098, , , , , , , 5.0702885, 0.0015106, , , , , , , 5.0702885, 0.0287022, , , , , , , , , , , , , , , , , , , , , , , , , , , , 
5.0708077, -0.054551, , , , , , , 5.0708077, 0.0686503, , , , , , , 5.0708077, -0.0011749, , , , , , , 5.0708077, 0.0280308, , , , , , , , , , , , , , , , , , , , , , , , , , , , 
5.0713269, -0.0607614, , , , , , , 5.0713269, 0.0944991, , , , , , , 5.0713269, -0.0005035, , , , , , , 5.0713269, 0.0280308, , , , , , , , , , , , , , , , , , , , , , , , , , , , 
5.0718462, -0.0632792, , , , , , , 5.0718462, 0.0767071, , , , , , , 5.0718462, 0.0003357, , , , , , , 5.0718462, 0.0305486, , , , , , , , , , , , , , , , , , , , , , , , , , , , 
5.0723654, -0.06009, , , , , , , 5.0723654, 0.024506, , , , , , , 5.0723654, 0.0025177, , , , , , , 5.0723654, 0.0313878, , , , , , , , , , , , , , , , , , , , , , , , , , , , 
5.0728846, -0.051194, , , , , , , 5.0728846, -0.0191348, , , , , , , 5.0728846, 0.0058747, , , , , , , 5.0728846, 0.0273594, , , , , , , , , , , , , , , , , , , , , , , , , , , , 
5.0734038, -0.0370947, , , , , , , 5.0734038, -0.0394446, , , , , , , 5.0734038, 0.0065461, , , , , , , 5.0734038, 0.0186313, , , , , , , , , , , , , , , , , , , , , , , , , , , , 
5.0739231, -0.023331, , , , , , , 5.0739231, -0.0466621, , , , , , , 5.0739231, 0.008896, , , , , , , 5.0739231, 0.0129244, , , , , , , , , , , , , , , , , , , , , , , , , , , , 
5.0744423, -0.0142672, , , , , , , 5.0744423, -0.0518654, , , , , , , 5.0744423, 0.0092317, , , , , , , 5.0744423, 0.0092317, , , , , , , , , , , , , , , , , , , , , , , , , , , , 
5.0749615, -0.0092317, , , , , , , 5.0749615, -0.0466621, , , , , , , 5.0749615, 0.0077211, , , , , , , 5.0749615, 0.0075532, , , , , , , , , , , , , , , , , , , , , , , , , , , , 
5.0754808, -0.0036927, , , , , , , 5.0754808, -0.0352483, , , , , , , 5.0754808, 0.0052033, , , , , , , 5.0754808, 0.0078889, , , , , , , , , , , , , , , , , , , , , , , , , , , , 
5.076, -0.0011749, , , , , , , 5.076, -0.0404517, , , , , , , 5.076, 0.0005035, , , , , , , 5.076, 0.0078889, , , , , , , , , , , , , , , , , , , , , , , , , , , , 
5.0765192, -0.0001678, , , , , , , 5.0765192, -0.0424659, , , , , , , 5.0765192, -0.0028534, , , , , , , 5.0765192, 0.0075532, , , , , , , , , , , , , , , , , , , , , , , , , , , , 
5.0770385, 0.0070497, , , , , , , 5.0770385, -0.023331, , , , , , , 5.0770385, 0.0005035, , , , , , , 5.0770385, 0.0063783, , , , , , , , , , , , , , , , , , , , , , , , , , , , 
5.0775577, 0.0171206, , , , , , , 5.0775577, -0.008896, , , , , , , 5.0775577, 0.0052033, , , , , , , 5.0775577, 0.0036927, , , , , , , , , , , , , , , , , , , , , , , , , , , , 
5.0780769, 0.0246738, , , , , , , 5.0780769, -0.0330663, , , , , , , 5.0780769, 0.0099031, , , , , , , 5.0780769, 0.0005035, , , , , , , , , , , , , , , , , , , , , , , , , , , , 
5.0785962, 0.0243381, , , , , , , 5.0785962, -0.0820783, , , , , , , 5.0785962, 0.0139315, , , , , , , 5.0785962, -0.0001678, , , , , , , , , , , , , , , , , , , , , , , , , , , , 
5.0791154, 0.0240024, , , , , , , 5.0791154, -0.1077592, , , , , , , 5.0791154, 0.0182956, , , , , , , 5.0791154, 0.0015106, , , , , , , , , , , , , , , , , , , , , , , , , , , , 
5.0796346, 0.0260166, , , , , , , 5.0796346, -0.0965133, , , , , , , 5.0796346, 0.0213169, , , , , , , 5.0796346, 0.0005035, , , , , , , , , , , , , , , , , , , , , , , , , , , , 
5.0801538, 0.0307164, , , , , , , 5.0801538, -0.0716716, , , , , , , 5.0801538, 0.024506, , , , , , , 5.0801538, -0.0001678, , , , , , , , , , , , , , , , , , , , , , , , , , , , 
5.0806731, 0.0354162, , , , , , , 5.0806731, -0.0552224, , , , , , , 5.0806731, 0.0276951, , , , , , , 5.0806731, 0.0008392, , , , , , , , , , , , , , , , , , , , , , , , , , , , 
5.0811923, 0.0340734, , , , , , , 5.0811923, -0.0451514, , , , , , , 5.0811923, 0.0287022, , , , , , , 5.0811923, 0.0005035, , , , , , , , , , , , , , , , , , , , , , , , , , , , 
5.0817115, 0.0320592, , , , , , , 5.0817115, -0.0325628, , , , , , , 5.0817115, 0.0253452, , , , , , , 5.0817115, -0.002182, , , , , , , , , , , , , , , , , , , , , , , , , , , , 
5.0822308, 0.0394446, , , , , , , 5.0822308, -0.0226596, , , , , , , 5.0822308, 0.0193027, , , , , , , 5.0822308, -0.0035248, , , , , , , , , , , , , , , , , , , , , , , , , , , , 
5.08275, 0.0525368, , , , , , , 5.08275, -0.0149386, , , , , , , 5.08275, 0.0166171, , , , , , , 5.08275, -0.005539, , , , , , , , , , , , , , , , , , , , , , , , , , , , 
5.0832692, 0.0632792, , , , , , , 5.0832692, 0.0031891, , , , , , , 5.0832692, 0.0186313, , , , , , , 5.0832692, -0.0095674, , , , , , , , , , , , , , , , , , , , , , , , , , , , 
5.0837885, 0.0713359, , , , , , , 5.0837885, 0.0248417, , , , , , , 5.0837885, 0.0162814, , , , , , , 5.0837885, -0.0149386, , , , , , , , , , , , , , , , , , , , , , , , , , , , 
5.0843077, 0.0710002, , , , , , , 5.0843077, 0.0365911, , , , , , , 5.0843077, 0.0068818, , , , , , , 5.0843077, -0.017792, , , , , , , , , , , , , , , , , , , , , , , , , , , , 
5.0848269, 0.0720073, , , , , , , 5.0848269, 0.0431373, , , , , , , 5.0848269, -0.0043641, , , , , , , 5.0848269, -0.0176242, , , , , , , , , , , , , , , , , , , , , , , , , , , , 
5.0853462, 0.0696574, , , , , , , 5.0853462, 0.0528725, , , , , , , 5.0853462, -0.0152743, , , , , , , 5.0853462, -0.01561, , , , , , , , , , , , , , , , , , , , , , , , , , , , 
5.0858654, 0.0624399, , , , , , , 5.0858654, 0.0582437, , , , , , , 5.0858654, -0.0283665, , , , , , , 5.0858654, -0.0152743, , , , , , , , , , , , , , , , , , , , , , , , , , , , 
5.0863846, 0.0535439, , , , , , , 5.0863846, 0.0508583, , , , , , , 5.0863846, -0.0391089, , , , , , , 5.0863846, -0.0142672, , , , , , , , , , , , , , , , , , , , , , , , , , , , 
5.0869038, 0.0454871, , , , , , , 5.0869038, 0.0354162, , , , , , , 5.0869038, -0.04448, , , , , , , 5.0869038, -0.0105745, , , , , , , , , , , , , , , , , , , , , , , , , , , , 
5.0874231, 0.0377661, , , , , , , 5.0874231, 0.0253452, , , , , , , 5.0874231, -0.0451514, , , , , , , 5.0874231, -0.0048676, , , , , , , , , , , , , , , , , , , , , , , , , , , , 
5.0879423, 0.027863, , , , , , , 5.0879423, 0.0276951, , , , , , , 5.0879423, -0.0486763, , , , , , , 5.0879423, 0.0025177, , , , , , , , , , , , , , , , , , , , , , , , , , , , 
5.0884615, 0.0167849, , , , , , , 5.0884615, 0.030045, , , , , , , 5.0884615, -0.0535439, , , , , , , 5.0884615, 0.0124208, , , , , , , , , , , , , , , , , , , , , , , , , , , , 
5.0889808, 0.0025177, , , , , , , 5.0889808, 0.024506, , , , , , , 5.0889808, -0.0599222, , , , , , , 5.0889808, 0.018967, , , , , , , , , , , , , , , , , , , , , , , , , , , , 
5.0895, -0.008896, , , , , , , 5.0895, 0.0226596, , , , , , , 5.0895, -0.0676432, , , , , , , 5.0895, 0.0226596, , , , , , , , , , , , , , , , , , , , , , , , , , , , 
5.0900192, -0.0142672, , , , , , , 5.0900192, 0.0303807, , , , , , , 5.0900192, -0.0733501, , , , , , , 5.0900192, 0.024506, , , , , , , , , , , , , , , , , , , , , , , , , , , , 
5.0905385, -0.0223239, , , , , , , 5.0905385, 0.0370947, , , , , , , 5.0905385, -0.0710002, , , , , , , 5.0905385, 0.0236667, , , , , , , , , , , , , , , , , , , , , , , , , , , , 
5.0910577, -0.0337377, , , , , , , 5.0910577, 0.03122, , , , , , , 5.0910577, -0.0683146, , , , , , , 5.0910577, 0.0253452, , , , , , , , , , , , , , , , , , , , , , , , , , , , 
5.0915769, -0.0431373, , , , , , , 5.0915769, 0.0129244, , , , , , , 5.0915769, -0.0720073, , , , , , , 5.0915769, 0.0313878, , , , , , , , , , , , , , , , , , , , , , , , , , , , 
5.0920962, -0.04448, , , , , , , 5.0920962, -0.002182, , , , , , , 5.0920962, -0.0753643, , , , , , , 5.0920962, 0.0384375, , , , , , , , , , , , , , , , , , , , , , , , , , , , 
5.0926154, -0.0357519, , , , , , , 5.0926154, -0.0149386, , , , , , , 5.0926154, -0.0699931, , , , , , , 5.0926154, 0.0414588, , , , , , , , , , , , , , , , , , , , , , , , , , , , 
5.0931346, -0.0226596, , , , , , , 5.0931346, -0.0276951, , , , , , , 5.0931346, -0.0575723, , , , , , , 5.0931346, 0.0394446, , , , , , , , , , , , , , , , , , , , , , , , , , , , 
5.0936538, -0.0179599, , , , , , , 5.0936538, -0.0391089, , , , , , , 5.0936538, -0.047837, , , , , , , 5.0936538, 0.0370947, , , , , , , , , , , , , , , , , , , , , , , , , , , , 
5.0941731, -0.0171206, , , , , , , 5.0941731, -0.043473, , , , , , , 5.0941731, -0.0458228, , , , , , , 5.0941731, 0.0381018, , , , , , , , , , , , , , , , , , , , , , , , , , , , 
5.0946923, -0.012253, , , , , , , 5.0946923, -0.0360876, , , , , , , 5.0946923, -0.0448157, , , , , , , 5.0946923, 0.0407874, , , , , , , , , , , , , , , , , , , , , , , , , , , , 
5.0952115, -0.0092317, , , , , , , 5.0952115, -0.0290379, , , , , , , 5.0952115, -0.0417945, , , , , , , 5.0952115, 0.0414588, , , , , , , , , , , , , , , , , , , , , , , , , , , , 
5.0957308, -0.0065461, , , , , , , 5.0957308, -0.0270237, , , , , , , 5.0957308, -0.0381018, , , , , , , 5.0957308, 0.040116, , , , , , , , , , , , , , , , , , , , , , , , , , , , 
5.09625, -0.0018463, , , , , , , 5.09625, -0.0250095, , , , , , , 5.09625, -0.0379339, , , , , , , 5.09625, 0.0417945, , , , , , , , , , , , , , , , , , , , , , , , , , , , 
5.0967692, 0.0036927, , , , , , , 5.0967692, -0.0203098, , , , , , , 5.0967692, -0.0411231, , , , , , , 5.0967692, 0.043473, , , , , , , , , , , , , , , , , , , , , , , , , , , , 
5.0972885, 0.0063783, , , , , , , 5.0972885, -0.0193027, , , , , , , 5.0972885, -0.0421302, , , , , , , 5.0972885, 0.0448157, , , , , , , , , , , , , , , , , , , , , , , , , , , , 
5.0978077, 0.0008392, , , , , , , 5.0978077, -0.0243381, , , , , , , 5.0978077, -0.0397803, , , , , , , 5.0978077, 0.0471656, , , , , , , , , , , , , , , , , , , , , , , , , , , , 
5.0983269, -0.002182, , , , , , , 5.0983269, -0.0283665, , , , , , , 5.0983269, -0.0360876, , , , , , , 5.0983269, 0.0454871, , , , , , , , , , , , , , , , , , , , , , , , , , , , 
5.0988462, -0.0015106, , , , , , , 5.0988462, -0.0260166, , , , , , , 5.0988462, -0.0305486, , , , , , , 5.0988462, 0.0392767, , , , , , , , , , , , , , , , , , , , , , , , , , , , 
5.0993654, -0.0016785, , , , , , , 5.0993654, -0.0137636, , , , , , , 5.0993654, -0.0276951, , , , , , , 5.0993654, 0.0340734, , , , , , , , , , , , , , , , , , , , , , , , , , , , 
5.0998846, 0.0011749, , , , , , , 5.0998846, 0.0016785, , , , , , , 5.0998846, -0.0287022, , , , , , , 5.0998846, 0.0307164, , , , , , , , , , , , , , , , , , , , , , , , , , , , 
5.1004038, 0.0092317, , , , , , , 5.1004038, 0.0092317, , , , , , , 5.1004038, -0.0285344, , , , , , , 5.1004038, 0.0253452, , , , , , , , , , , , , , , , , , , , , , , , , , , , 
5.1009231, 0.0132601, , , , , , , 5.1009231, 0.0075532, , , , , , , 5.1009231, -0.0213169, , , , , , , 5.1009231, 0.0186313, , , , , , , , , , , , , , , , , , , , , , , , , , , , 
5.1014423, 0.0169528, , , , , , , 5.1014423, 0.0001678, , , , , , , 5.1014423, -0.0075532, , , , , , , 5.1014423, 0.011078, , , , , , , , , , , , , , , , , , , , , , , , , , , , 
5.1019615, 0.0236667, , , , , , , 5.1019615, -0.0109102, , , , , , , 5.1019615, 0.0095674, , , , , , , 5.1019615, 0.0028534, , , , , , , , , , , , , , , , , , , , , , , , , , , , 
5.1024808, 0.0364233, , , , , , , 5.1024808, -0.0169528, , , , , , , 5.1024808, 0.026688, , , , , , , 5.1024808, -0.0062104, , , , , , , , , , , , , , , , , , , , , , , , , , , , 
5.103, 0.0505226, , , , , , , 5.103, -0.0184634, , , , , , , 5.103, 0.043473, , , , , , , 5.103, -0.0135958, , , , , , , , , , , , , , , , , , , , , , , , , , , , 
5.1035192, 0.0518654, , , , , , , 5.1035192, -0.0169528, , , , , , , 5.1035192, 0.0569009, , , , , , , 5.1035192, -0.0179599, , , , , , , , , , , , , , , , , , , , , , , , , , , , 
5.1040385, 0.0515297, , , , , , , 5.1040385, -0.0125887, , , , , , , 5.1040385, 0.066804, , , , , , , 5.1040385, -0.0193027, , , , , , , , , , , , , , , , , , , , , , , , , , , , 
5.1045577, 0.0560616, , , , , , , 5.1045577, 0.0001678, , , , , , , 5.1045577, 0.0763714, , , , , , , 5.1045577, -0.0196384, , , , , , , , , , , , , , , , , , , , , , , , , , , , 
5.1050769, 0.057908, , , , , , , 5.1050769, 0.0216526, , , , , , , 5.1050769, 0.085771, , , , , , , 5.1050769, -0.0176242, , , , , , , , , , , , , , , , , , , , , , , , , , , , 
5.1055962, 0.0542153, , , , , , , 5.1055962, 0.0360876, , , , , , , 5.1055962, 0.0908064, , , , , , , 5.1055962, -0.0152743, , , , , , , , , , , , , , , , , , , , , , , , , , , , 
5.1061154, 0.0471656, , , , , , , 5.1061154, 0.0414588, , , , , , , 5.1061154, 0.0871138, , , , , , , 5.1061154, -0.0146029, , , , , , , , , , , , , , , , , , , , , , , , , , , , 
5.1066346, 0.0392767, , , , , , , 5.1066346, 0.0461585, , , , , , , 5.1066346, 0.0787213, , , , , , , 5.1066346, -0.0125887, , , , , , , , , , , , , , , , , , , , , , , , , , , , 
5.1071538, 0.0293736, , , , , , , 5.1071538, 0.0501869, , , , , , , 5.1071538, 0.0703288, , , , , , , 5.1071538, -0.0099031, , , , , , , , , , , , , , , , , , , , , , , , , , , , 
5.1076731, 0.0149386, , , , , , , 5.1076731, 0.0468299, , , , , , , 5.1076731, 0.0632792, , , , , , , 5.1076731, -0.0062104, , , , , , , , , , , , , , , , , , , , , , , , , , , , 
5.1081923, 0.0058747, , , , , , , 5.1081923, 0.035584, , , , , , , 5.1081923, 0.0506905, , , , , , , 5.1081923, -0.0008392, , , , , , , , , , , , , , , , , , , , , , , , , , , , 
5.1087115, -0.0028534, , , , , , , 5.1087115, 0.0119173, , , , , , , 5.1087115, 0.0332341, , , , , , , 5.1087115, 0.0035248, , , , , , , , , , , , , , , , , , , , , , , , , , , , 
5.1092308, -0.0125887, , , , , , , 5.1092308, -0.0176242, , , , , , , 5.1092308, 0.0115816, , , , , , , 5.1092308, 0.0068818, , , , , , , , , , , , , , , , , , , , , , , , , , , , 
5.10975, -0.0199741, , , , , , , 5.10975, -0.0384375, , , , , , , 5.10975, -0.0099031, , , , , , , 5.10975, 0.0112459, , , , , , , , , , , , , , , , , , , , , , , , , , , , 
5.1102692, -0.0271916, , , , , , , 5.1102692, -0.0374304, , , , , , , 5.1102692, -0.0223239, , , , , , , 5.1102692, 0.0152743, , , , , , , , , , , , , , , , , , , , , , , , , , , , 
5.1107885, -0.0350805, , , , , , , 5.1107885, -0.0364233, , , , , , , 5.1107885, -0.0290379, , , , , , , 5.1107885, 0.0186313, , , , , , , , , , , , , , , , , , , , , , , , , , , , 
5.1113077, -0.0464942, , , , , , , 5.1113077, -0.057908, , , , , , , 5.1113077, -0.0320592, , , , , , , 5.1113077, 0.0213169, , , , , , , , , , , , , , , , , , , , , , , , , , , , 
5.1118269, -0.0498512, , , , , , , 5.1118269, -0.0807355, , , , , , , 5.1118269, -0.0364233, , , , , , , 5.1118269, 0.0229953, , , , , , , , , , , , , , , , , , , , , , , , , , , , 
5.1123462, -0.0417945, , , , , , , 5.1123462, -0.0856031, , , , , , , 5.1123462, -0.0438087, , , , , , , 5.1123462, 0.0236667, , , , , , , , , , , , , , , , , , , , , , , , , , , , 
5.1128654, -0.0250095, , , , , , , 5.1128654, -0.0800641, , , , , , , 5.1128654, -0.0485084, , , , , , , 5.1128654, 0.023331, , , , , , , , , , , , , , , , , , , , , , , , , , , , 
5.1133846, -0.0082246, , , , , , , 5.1133846, -0.0679789, , , , , , , 5.1133846, -0.0471656, , , , , , , 5.1133846, 0.0213169, , , , , , , , , , , , , , , , , , , , , , , , , , , , 
5.1139038, 0.0065461, , , , , , , 5.1139038, -0.0446479, , , , , , , 5.1139038, -0.0421302, , , , , , , 5.1139038, 0.0196384, , , , , , , , , , , , , , , , , , , , , , , , , , , , 
5.1144231, 0.0159457, , , , , , , 5.1144231, -0.0226596, , , , , , , 5.1144231, -0.0330663, , , , , , , 5.1144231, 0.0206455, , , , , , , , , , , , , , , , , , , , , , , , , , , , 
5.1149423, 0.0213169, , , , , , , 5.1149423, -0.0164492, , , , , , , 5.1149423, -0.0209812, , , , , , , 5.1149423, 0.023331, , , , , , , , , , , , , , , , , , , , , , , , , , , , 
5.1154615, 0.0275273, , , , , , , 5.1154615, -0.0209812, , , , , , , 5.1154615, -0.0041962, , , , , , , 5.1154615, 0.0240024, , , , , , , , , , , , , , , , , , , , , , , , , , , , 
5.1159808, 0.0320592, , , , , , , 5.1159808, -0.0303807, , , , , , , 5.1159808, 0.0147707, , , , , , , 5.1159808, 0.0229953, , , , , , , , , , , , , , , , , , , , , , , , , , , , 
5.1165, 0.0347448, , , , , , , 5.1165, -0.036759, , , , , , , 5.1165, 0.0327306, , , , , , , 5.1165, 0.0219883, , , , , , , , , , , , , , , , , , , , , , , , , , , , 
5.1170192, 0.0394446, , , , , , , 5.1170192, -0.0352483, , , , , , , 5.1170192, 0.0448157, , , , , , , 5.1170192, 0.023331, , , , , , , , , , , , , , , , , , , , , , , , , , , , 
5.1175385, 0.0387732, , , , , , , 5.1175385, -0.0241703, , , , , , , 5.1175385, 0.0491798, , , , , , , 5.1175385, 0.0240024, , , , , , , , , , , , , , , , , , , , , , , , , , , , 
5.1180577, 0.033402, , , , , , , 5.1180577, 0.0028534, , , , , , , 5.1180577, 0.0481727, , , , , , , 5.1180577, 0.0203098, , , , , , , , , , , , , , , , , , , , , , , , , , , , 
5.1185769, 0.0253452, , , , , , , 5.1185769, 0.0320592, , , , , , , 5.1185769, 0.0464942, , , , , , , 5.1185769, 0.0142672, , , , , , , , , , , , , , , , , , , , , , , , , , , , 
5.1190962, 0.0223239, , , , , , , 5.1190962, 0.0501869, , , , , , , 5.1190962, 0.0451514, , , , , , , 5.1190962, 0.0105745, , , , , , , , , , , , , , , , , , , , , , , , , , , , 
5.1196154, 0.0199741, , , , , , , 5.1196154, 0.0575723, , , , , , , 5.1196154, 0.0417945, , , , , , , 5.1196154, 0.0068818, , , , , , , , , , , , , , , , , , , , , , , , , , , , 
5.1201346, 0.0186313, , , , , , , 5.1201346, 0.0599222, , , , , , , 5.1201346, 0.0320592, , , , , , , 5.1201346, 0.0018463, , , , , , , , , , , , , , , , , , , , , , , , , , , , 
5.1206538, 0.0199741, , , , , , , 5.1206538, 0.0595865, , , , , , , 5.1206538, 0.01561, , , , , , , 5.1206538, -0.0035248, , , , , , , , , , , , , , , , , , , , , , , , , , , , 
5.1211731, 0.0253452, , , , , , , 5.1211731, 0.0538796, , , , , , , 5.1211731, -0.0016785, , , , , , , 5.1211731, -0.0065461, , , , , , , , , , , , , , , , , , , , , , , , , , , , 
5.1216923, 0.0320592, , , , , , , 5.1216923, 0.0475013, , , , , , , 5.1216923, -0.0186313, , , , , , , 5.1216923, -0.0077211, , , , , , , , , , , , , , , , , , , , , , , , , , , , 
5.1222115, 0.0419623, , , , , , , 5.1222115, 0.0446479, , , , , , , 5.1222115, -0.033402, , , , , , , 5.1222115, -0.0095674, , , , , , , , , , , , , , , , , , , , , , , , , , , , 
5.1227308, 0.0515297, , , , , , , 5.1227308, 0.0327306, , , , , , , 5.1227308, -0.0421302, , , , , , , 5.1227308, -0.0140993, , , , , , , , , , , , , , , , , , , , , , , , , , , , 
5.12325, 0.0592508, , , , , , , 5.12325, 0.0078889, , , , , , , 5.12325, -0.0468299, , , , , , , 5.12325, -0.0169528, , , , , , , , , , , , , , , , , , , , , , , , , , , , 
5.1237692, 0.0676432, , , , , , , 5.1237692, -0.0203098, , , , , , , 5.1237692, -0.054551, , , , , , , 5.1237692, -0.0132601, , , , , , , , , , , , , , , , , , , , , , , , , , , , 
5.1242885, 0.0770428, , , , , , , 5.1242885, -0.0421302, , , , , , , 5.1242885, -0.0659648, , , , , , , 5.1242885, -0.0117494, , , , , , , , , , , , , , , , , , , , , , , , , , , , 
5.1248077, 0.0770428, , , , , , , 5.1248077, -0.0569009, , , , , , , 5.1248077, -0.0793927, , , , , , , 5.1248077, -0.0154421, , , , , , , , , , , , , , , , , , , , , , , , , , , , 
5.1253269, 0.072343, , , , , , , 5.1253269, -0.0652934, , , , , , , 5.1253269, -0.0887922, , , , , , , 5.1253269, -0.0162814, , , , , , , , , , , , , , , , , , , , , , , , , , , , 
5.1258462, 0.0652934, , , , , , , 5.1258462, -0.0666361, , , , , , , 5.1258462, -0.0867781, , , , , , , 5.1258462, -0.0105745, , , , , , , , , , , , , , , , , , , , , , , , , , , , 
5.1263654, 0.0562295, , , , , , , 5.1263654, -0.0572366, , , , , , , 5.1263654, -0.0763714, , , , , , , 5.1263654, 0.0003357, , , , , , , , , , , , , , , , , , , , , , , , , , , , 
5.1268846, 0.0451514, , , , , , , 5.1268846, -0.0323949, , , , , , , 5.1268846, -0.057908, , , , , , , 5.1268846, 0.0132601, , , , , , , , , , , , , , , , , , , , , , , , , , , , 
5.1274038, 0.0340734, , , , , , , 5.1274038, -0.0016785, , , , , , , 5.1274038, -0.0350805, , , , , , , 5.1274038, 0.0226596, , , , , , , , , , , , , , , , , , , , , , , , , , , , 
5.1279231, 0.0240024, , , , , , , 5.1279231, 0.0070497, , , , , , , 5.1279231, -0.0135958, , , , , , , 5.1279231, 0.0276951, , , , , , , , , , , , , , , , , , , , , , , , , , , , 
5.1284423, 0.0124208, , , , , , , 5.1284423, -0.01561, , , , , , , 5.1284423, 0.0038605, , , , , , , 5.1284423, 0.0313878, , , , , , , , , , , , , , , , , , , , , , , , , , , , 
5.1289615, -0.005539, , , , , , , 5.1289615, -0.0486763, , , , , , , 5.1289615, 0.01561, , , , , , , 5.1289615, 0.0339055, , , , , , , , , , , , , , , , , , , , , , , , , , , , 
5.1294808, -0.0229953, , , , , , , 5.1294808, -0.0627756, , , , , , , 5.1294808, 0.0240024, , , , , , , 5.1294808, 0.036759, , , , , , , , , , , , , , , , , , , , , , , , , , , , 
5.13, -0.033402, , , , , , , 5.13, -0.0485084, , , , , , , 5.13, 0.0337377, , , , , , , 5.13, 0.040116, , , , , , , , , , , , , , , , , , , , , , , , , , , , 
5.1305192, -0.0428016, , , , , , , 5.1305192, -0.0263523, , , , , , , 5.1305192, 0.0414588, , , , , , , 5.1305192, 0.0448157, , , , , , , , , , , , , , , , , , , , , , , , , , , , 
5.1310385, -0.0535439, , , , , , , 5.1310385, -0.0216526, , , , , , , 5.1310385, 0.0421302, , , , , , , 5.1310385, 0.0491798, , , , , , , , , , , , , , , , , , , , , , , , , , , , 
5.1315577, -0.0619364, , , , , , , 5.1315577, -0.0310521, , , , , , , 5.1315577, 0.0379339, , , , , , , 5.1315577, 0.0505226, , , , , , , , , , , , , , , , , , , , , , , , , , , , 
5.1320769, -0.063447, , , , , , , 5.1320769, -0.0391089, , , , , , , 5.1320769, 0.0337377, , , , , , , 5.1320769, 0.0464942, , , , , , , , , , , , , , , , , , , , , , , , , , , , 
5.1325962, -0.054551, , , , , , , 5.1325962, -0.0347448, , , , , , , 5.1325962, 0.0310521, , , , , , , 5.1325962, 0.0414588, , , , , , , , , , , , , , , , , , , , , , , , , , , , 
5.1331154, -0.0421302, , , , , , , 5.1331154, -0.0251774, , , , , , , 5.1331154, 0.0290379, , , , , , , 5.1331154, 0.0377661, , , , , , , , , , , , , , , , , , , , , , , , , , , , 
5.1336346, -0.0325628, , , , , , , 5.1336346, -0.018967, , , , , , , 5.1336346, 0.023331, , , , , , , 5.1336346, 0.0350805, , , , , , , , , , , , , , , , , , , , , , , , , , , , 
5.1341538, -0.0236667, , , , , , , 5.1341538, -0.0082246, , , , , , , 5.1341538, 0.0119173, , , , , , , 5.1341538, 0.030045, , , , , , , , , , , , , , , , , , , , , , , , , , , , 
5.1346731, -0.0162814, , , , , , , 5.1346731, 0.0078889, , , , , , , 5.1346731, -0.0015106, , , , , , , 5.1346731, 0.0240024, , , , , , , , , , , , , , , , , , , , , , , , , , , , 
5.1351923, -0.0058747, , , , , , , 5.1351923, 0.0293736, , , , , , , 5.1351923, -0.0125887, , , , , , , 5.1351923, 0.0186313, , , , , , , , , , , , , , , , , , , , , , , , , , , , 
5.1357115, 0.0035248, , , , , , , 5.1357115, 0.0495155, , , , , , , 5.1357115, -0.0229953, , , , , , , 5.1357115, 0.0149386, , , , , , , , , , , , , , , , , , , , , , , , , , , , 
5.1362308, 0.0092317, , , , , , , 5.1362308, 0.0548867, , , , , , , 5.1362308, -0.0293736, , , , , , , 5.1362308, 0.012253, , , , , , , , , , , , , , , , , , , , , , , , , , , , 
5.13675, 0.011078, , , , , , , 5.13675, 0.0421302, , , , , , , 5.13675, -0.0276951, , , , , , , 5.13675, 0.012253, , , , , , , , , , , , , , , , , , , , , , , , , , , , 
5.1372692, 0.0139315, , , , , , , 5.1372692, 0.0273594, , , , , , , 5.1372692, -0.0270237, , , , , , , 5.1372692, 0.0125887, , , , , , , , , , , , , , , , , , , , , , , , , , , , 
5.1377885, 0.0213169, , , , , , , 5.1377885, 0.0164492, , , , , , , 5.1377885, -0.0330663, , , , , , , 5.1377885, 0.0105745, , , , , , , , , , , , , , , , , , , , , , , , , , , , 
5.1383077, 0.0240024, , , , , , , 5.1383077, 0.0028534, , , , , , , 5.1383077, -0.043473, , , , , , , 5.1383077, 0.0092317, , , , , , , , , , , , , , , , , , , , , , , , , , , , 
5.1388269, 0.0260166, , , , , , , 5.1388269, -0.0045319, , , , , , , 5.1388269, -0.0498512, , , , , , , 5.1388269, 0.0115816, , , , , , , , , , , , , , , , , , , , , , , , , , , , 
5.1393462, 0.0270237, , , , , , , 5.1393462, 0.0025177, , , , , , , 5.1393462, -0.0525368, , , , , , , 5.1393462, 0.0137636, , , , , , , , , , , , , , , , , , , , , , , , , , , , 
5.1398654, 0.0265202, , , , , , , 5.1398654, 0.0146029, , , , , , , 5.1398654, -0.0538796, , , , , , , 5.1398654, 0.0114137, , , , , , , , , , , , , , , , , , , , , , , , , , , , 
5.1403846, 0.0275273, , , , , , , 5.1403846, 0.0226596, , , , , , , 5.1403846, -0.051194, , , , , , , 5.1403846, 0.0085603, , , , , , , , , , , , , , , , , , , , , , , , , , , , 
5.1409038, 0.0280308, , , , , , , 5.1409038, 0.0172885, , , , , , , 5.1409038, -0.051194, , , , , , , 5.1409038, 0.0078889, , , , , , , , , , , , , , , , , , , , , , , , , , , , 
5.1414231, 0.0246738, , , , , , , 5.1414231, -0.0041962, , , , , , , 5.1414231, -0.0543832, , , , , , , 5.1414231, 0.0065461, , , , , , , , , , , , , , , , , , , , , , , , , , , , 
5.1419423, 0.0251774, , , , , , , 5.1419423, -0.0193027, , , , , , , 5.1419423, -0.0558938, , , , , , , 5.1419423, 0.0038605, , , , , , , , , , , , , , , , , , , , , , , , , , , , 
5.1424615, 0.0344091, , , , , , , 5.1424615, -0.012253, , , , , , , 5.1424615, -0.054551, , , , , , , 5.1424615, -0.0018463, , , , , , , , , , , , , , , , , , , , , , , , , , , , 
5.1429808, 0.0508583, , , , , , , 5.1429808, -0.0018463, , , , , , , 5.1429808, -0.047837, , , , , , , 5.1429808, -0.0068818, , , , , , , , , , , , , , , , , , , , , , , , , , , , 
5.1435, 0.0619364, , , , , , , 5.1435, -0.005539, , , , , , , 5.1435, -0.0374304, , , , , , , 5.1435, -0.0102388, , , , , , , , , , , , , , , , , , , , , , , , , , , , 
5.1440192, 0.0629435, , , , , , , 5.1440192, -0.0112459, , , , , , , 5.1440192, -0.0323949, , , , , , , 5.1440192, -0.0102388, , , , , , , , , , , , , , , , , , , , , , , , , , , , 
5.1445385, 0.0619364, , , , , , , 5.1445385, -0.0169528, , , , , , , 5.1445385, -0.0307164, , , , , , , 5.1445385, -0.0087282, , , , , , , , , , , , , , , , , , , , , , , , , , , , 
5.1450577, 0.0629435, , , , , , , 5.1450577, -0.0344091, , , , , , , 5.1450577, -0.0236667, , , , , , , 5.1450577, -0.0082246, , , , , , , , , , , , , , , , , , , , , , , , , , , , 
5.1455769, 0.0607614, , , , , , , 5.1455769, -0.0491798, , , , , , , 5.1455769, -0.0124208, , , , , , , 5.1455769, -0.0085603, , , , , , , , , , , , , , , , , , , , , , , , , , , , 
5.1460962, 0.054551, , , , , , , 5.1460962, -0.0461585, , , , , , , 5.1460962, -0.0015106, , , , , , , 5.1460962, -0.0095674, , , , , , , , , , , , , , , , , , , , , , , , , , , , 
5.1466154, 0.04448, , , , , , , 5.1466154, -0.0323949, , , , , , , 5.1466154, 0.0075532, , , , , , , 5.1466154, -0.0099031, , , , , , , , , , , , , , , , , , , , , , , , , , , , 
5.1471346, 0.0327306, , , , , , , 5.1471346, -0.0223239, , , , , , , 5.1471346, 0.0112459, , , , , , , 5.1471346, -0.011078, , , , , , , , , , , , , , , , , , , , , , , , , , , , 
5.1476538, 0.0253452, , , , , , , 5.1476538, -0.0152743, , , , , , , 5.1476538, 0.0105745, , , , , , , 5.1476538, -0.0099031, , , , , , , , , , , , , , , , , , , , , , , , , , , , 
5.1481731, 0.0193027, , , , , , , 5.1481731, -0.0097353, , , , , , , 5.1481731, 0.0112459, , , , , , , 5.1481731, -0.0052033, , , , , , , , , , , , , , , , , , , , , , , , , , , , 
5.1486923, 0.0078889, , , , , , , 5.1486923, -0.0129244, , , , , , , 5.1486923, 0.0130922, , , , , , , 5.1486923, 0.0018463, , , , , , , , , , , , , , , , , , , , , , , , , , , , 
5.1492115, -0.0052033, , , , , , , 5.1492115, -0.0224918, , , , , , , 5.1492115, 0.0146029, , , , , , , 5.1492115, 0.0099031, , , , , , , , , , , , , , , , , , , , , , , , , , , , 
5.1497308, -0.0149386, , , , , , , 5.1497308, -0.021149, , , , , , , 5.1497308, 0.0166171, , , , , , , 5.1497308, 0.0179599, , , , , , , , , , , , , , , , , , , , , , , , , , , , 
5.15025, -0.0231632, , , , , , , 5.15025, 0.0048676, , , , , , , 5.15025, 0.0179599, , , , , , , 5.15025, 0.0219883, , , , , , , , , , , , , , , , , , , , , , , , , , , , 
5.1507692, -0.0340734, , , , , , , 5.1507692, 0.0548867, , , , , , , 5.1507692, 0.017792, , , , , , , 5.1507692, 0.0229953, , , , , , , , , , , , , , , , , , , , , , , , , , , , 
5.1512885, -0.0411231, , , , , , , 5.1512885, 0.0931563, , , , , , , 5.1512885, 0.0176242, , , , , , , 5.1512885, 0.0213169, , , , , , , , , , , , , , , , , , , , , , , , , , , , 
5.1518077, -0.0464942, , , , , , , 5.1518077, 0.0965133, , , , , , , 5.1518077, 0.0179599, , , , , , , 5.1518077, 0.018967, , , , , , , , , , , , , , , , , , , , , , , , , , , , 
5.1523269, -0.0453193, , , , , , , 5.1523269, 0.0686503, , , , , , , 5.1523269, 0.0179599, , , , , , , 5.1523269, 0.0149386, , , , , , , , , , , , , , , , , , , , , , , , , , , , 
5.1528462, -0.0350805, , , , , , , 5.1528462, 0.0303807, , , , , , , 5.1528462, 0.0146029, , , , , , , 5.1528462, 0.0125887, , , , , , , , , , , , , , , , , , , , , , , , , , , , 
5.1533654, -0.0240024, , , , , , , 5.1533654, 0.0031891, , , , , , , 5.1533654, 0.0129244, , , , , , , 5.1533654, 0.0105745, , , , , , , , , , , , , , , , , , , , , , , , , , , , 
5.1538846, -0.0169528, , , , , , , 5.1538846, -0.0090639, , , , , , , 5.1538846, 0.0179599, , , , , , , 5.1538846, 0.012253, , , , , , , , , , , , , , , , , , , , , , , , , , , , 
5.1544038, -0.0105745, , , , , , , 5.1544038, -0.0125887, , , , , , , 5.1544038, 0.0271916, , , , , , , 5.1544038, 0.0152743, , , , , , , , , , , , , , , , , , , , , , , , , , , , 
5.1549231, -0.0015106, , , , , , , 5.1549231, -0.0142672, , , , , , , 5.1549231, 0.0428016, , , , , , , 5.1549231, 0.0216526, , , , , , , , , , , , , , , , , , , , , , , , , , , , 
5.1554423, 0.0031891, , , , , , , 5.1554423, -0.0243381, , , , , , , 5.1554423, 0.0619364, , , , , , , 5.1554423, 0.0298772, , , , , , , , , , , , , , , , , , , , , , , , , , , , 
5.1559615, 0.0045319, , , , , , , 5.1559615, -0.0458228, , , , , , , 5.1559615, 0.0736858, , , , , , , 5.1559615, 0.0354162, , , , , , , , , , , , , , , , , , , , , , , , , , , , 
5.1564808, 0.0045319, , , , , , , 5.1564808, -0.0629435, , , , , , , 5.1564808, 0.0758679, , , , , , , 5.1564808, 0.036759, , , , , , , , , , , , , , , , , , , , , , , , , , , , 
5.157, 0.0072175, , , , , , , 5.157, -0.0699931, , , , , , , 5.157, 0.0715038, , , , , , , 5.157, 0.036759, , , , , , , , , , , , , , , , , , , , , , , , , , , , 
5.1575192, 0.0139315, , , , , , , 5.1575192, -0.0609293, , , , , , , 5.1575192, 0.0642863, , , , , , , 5.1575192, 0.0347448, , , , , , , , , , , , , , , , , , , , , , , , , , , , 
5.1580385, 0.0166171, , , , , , , 5.1580385, -0.0391089, , , , , , , 5.1580385, 0.0569009, , , , , , , 5.1580385, 0.030045, , , , , , , , , , , , , , , , , , , , , , , , , , , , 
5.1585577, 0.0172885, , , , , , , 5.1585577, -0.0102388, , , , , , , 5.1585577, 0.0451514, , , , , , , 5.1585577, 0.0250095, , , , , , , , , , , , , , , , , , , , , , , , , , , , 
5.1590769, 0.0181277, , , , , , , 5.1590769, -0.0006714, , , , , , , 5.1590769, 0.0298772, , , , , , , 5.1590769, 0.0219883, , , , , , , , , , , , , , , , , , , , , , , , , , , , 
5.1595962, 0.018967, , , , , , , 5.1595962, -0.012253, , , , , , , 5.1595962, 0.0152743, , , , , , , 5.1595962, 0.0186313, , , , , , , , , , , , , , , , , , , , , , , , , , , , 
5.1601154, 0.0184634, , , , , , , 5.1601154, -0.0229953, , , , , , , 5.1601154, -0.0008392, , , , , , , 5.1601154, 0.0193027, , , , , , , , , , , , , , , , , , , , , , , , , , , , 
5.1606346, 0.0157778, , , , , , , 5.1606346, -0.0243381, , , , , , , 5.1606346, -0.0176242, , , , , , , 5.1606346, 0.0265202, , , , , , , , , , , , , , , , , , , , , , , , , , , , 
5.1611538, 0.0139315, , , , , , , 5.1611538, -0.0270237, , , , , , , 5.1611538, -0.0287022, , , , , , , 5.1611538, 0.0394446, , , , , , , , , , , , , , , , , , , , , , , , , , , , 
5.1616731, 0.0186313, , , , , , , 5.1616731, -0.0350805, , , , , , , 5.1616731, -0.0359197, , , , , , , 5.1616731, 0.0488441, , , , , , , , , , , , , , , , , , , , , , , , , , , , 
5.1621923, 0.0310521, , , , , , , 5.1621923, -0.0330663, , , , , , , 5.1621923, -0.043473, , , , , , , 5.1621923, 0.0461585, , , , , , , , , , , , , , , , , , , , , , , , , , , , 
5.1627115, 0.0495155, , , , , , , 5.1627115, -0.0149386, , , , , , , 5.1627115, -0.0480049, , , , , , , 5.1627115, 0.0344091, , , , , , , , , , , , , , , , , , , , , , , , , , , , 
5.1632308, 0.0629435, , , , , , , 5.1632308, 0.0078889, , , , , , , 5.1632308, -0.0471656, , , , , , , 5.1632308, 0.0213169, , , , , , , , , , , , , , , , , , , , , , , , , , , , 
5.16375, 0.0706645, , , , , , , 5.16375, 0.0253452, , , , , , , 5.16375, -0.0485084, , , , , , , 5.16375, 0.008896, , , , , , , , , , , , , , , , , , , , , , , , , , , , 
5.1642692, 0.0783856, , , , , , , 5.1642692, 0.0308843, , , , , , , 5.1642692, -0.0533761, , , , , , , 5.1642692, -0.0001678, , , , , , , , , , , , , , , , , , , , , , , , , , , , 
5.1647885, 0.0850996, , , , , , , 5.1647885, 0.0229953, , , , , , , 5.1647885, -0.0589151, , , , , , , 5.1647885, -0.0060426, , , , , , , , , , , , , , , , , , , , , , , , , , , , 
5.1653077, 0.0777142, , , , , , , 5.1653077, 0.0253452, , , , , , , 5.1653077, -0.0626078, , , , , , , 5.1653077, -0.008896, , , , , , , , , , , , , , , , , , , , , , , , , , , , 
5.1658269, 0.0661326, , , , , , , 5.1658269, 0.0446479, , , , , , , 5.1658269, -0.0592508, , , , , , , 5.1658269, -0.0082246, , , , , , , , , , , , , , , , , , , , , , , , , , , , 
5.1663462, 0.0569009, , , , , , , 5.1663462, 0.0553902, , , , , , , 5.1663462, -0.0522011, , , , , , , 5.1663462, -0.0048676, , , , , , , , , , , , , , , , , , , , , , , , , , , , 
5.1668654, 0.0441444, , , , , , , 5.1668654, 0.0407874, , , , , , , 5.1668654, -0.0495155, , , , , , , 5.1668654, -0.0041962, , , , , , , , , , , , , , , , , , , , , , , , , , , , 
5.1673846, 0.0292058, , , , , , , 5.1673846, 0.0112459, , , , , , , 5.1673846, -0.0525368, , , , , , , 5.1673846, -0.0035248, , , , , , , , , , , , , , , , , , , , , , , , , , , , 
5.1679038, 0.0206455, , , , , , , 5.1679038, -0.018967, , , , , , , 5.1679038, -0.0599222, , , , , , , 5.1679038, -0.0028534, , , , , , , , , , , , , , , , , , , , , , , , , , , , 
5.1684231, 0.0129244, , , , , , , 5.1684231, -0.0498512, , , , , , , 5.1684231, -0.0679789, , , , , , , 5.1684231, 0.0005035, , , , , , , , , , , , , , , , , , , , , , , , , , , , 
5.1689423, -0.0008392, , , , , , , 5.1689423, -0.0800641, , , , , , , 5.1689423, -0.0693217, , , , , , , 5.1689423, 0.0045319, , , , , , , , , , , , , , , , , , , , , , , , , , , , 
5.1694615, -0.0162814, , , , , , , 5.1694615, -0.0955062, , , , , , , 5.1694615, -0.0673075, , , , , , , 5.1694615, 0.0078889, , , , , , , , , , , , , , , , , , , , , , , , , , , , 
5.1699808, -0.0283665, , , , , , , 5.1699808, -0.0955062, , , , , , , 5.1699808, -0.0666361, , , , , , , 5.1699808, 0.0092317, , , , , , , , , , , , , , , , , , , , , , , , , , , , 
5.1705, -0.0397803, , , , , , , 5.1705, -0.0807355, , , , , , , 5.1705, -0.0605936, , , , , , , 5.1705, 0.0105745, , , , , , , , , , , , , , , , , , , , , , , , , , , , 
5.1710192, -0.051194, , , , , , , 5.1710192, -0.0552224, , , , , , , 5.1710192, -0.047837, , , , , , , 5.1710192, 0.0132601, , , , , , , , , , , , , , , , , , , , , , , , , , , , 
5.1715385, -0.0562295, , , , , , , 5.1715385, -0.0313878, , , , , , , 5.1715385, -0.0323949, , , , , , , 5.1715385, 0.01561, , , , , , , , , , , , , , , , , , , , , , , , , , , , 
5.1720577, -0.0553902, , , , , , , 5.1720577, -0.0149386, , , , , , , 5.1720577, -0.0196384, , , , , , , 5.1720577, 0.0152743, , , , , , , , , , , , , , , , , , , , , , , , , , , , 
5.1725769, -0.0495155, , , , , , , 5.1725769, 0.0052033, , , , , , , 5.1725769, -0.0119173, , , , , , , 5.1725769, 0.0129244, , , , , , , , , , , , , , , , , , , , , , , , , , , , 
5.1730962, -0.0421302, , , , , , , 5.1730962, 0.0263523, , , , , , , 5.1730962, -0.0095674, , , , , , , 5.1730962, 0.0085603, , , , , , , , , , , , , , , , , , , , , , , , , , , , 
5.1736154, -0.033402, , , , , , , 5.1736154, 0.0357519, , , , , , , 5.1736154, -0.0072175, , , , , , , 5.1736154, 0.0038605, , , , , , , , , , , , , , , , , , , , , , , , , , , , 
5.1741346, -0.0276951, , , , , , , 5.1741346, 0.0285344, , , , , , , 5.1741346, -0.0035248, , , , , , , 5.1741346, 0.0025177, , , , , , , , , , , , , , , , , , , , , , , , , , , , 
5.1746538, -0.0221561, , , , , , , 5.1746538, 0.0172885, , , , , , , 5.1746538, 0.0041962, , , , , , , 5.1746538, 0.0036927, , , , , , , , , , , , , , , , , , , , , , , , , , , , 
5.1751731, -0.0115816, , , , , , , 5.1751731, 0.0095674, , , , , , , 5.1751731, 0.0146029, , , , , , , 5.1751731, 0.008896, , , , , , , , , , , , , , , , , , , , , , , , , , , , 
5.1756923, -0.002182, , , , , , , 5.1756923, 0.0035248, , , , , , , 5.1756923, 0.023331, , , , , , , 5.1756923, 0.0125887, , , , , , , , , , , , , , , , , , , , , , , , , , , , 
5.1762115, 0.0052033, , , , , , , 5.1762115, -0.0011749, , , , , , , 5.1762115, 0.0273594, , , , , , , 5.1762115, 0.0112459, , , , , , , , , , , , , , , , , , , , , , , , , , , , 
5.1767308, 0.0142672, , , , , , , 5.1767308, -0.0102388, , , , , , , 5.1767308, 0.0290379, , , , , , , 5.1767308, 0.0065461, , , , , , , , , , , , , , , , , , , , , , , , , , , , 
5.17725, 0.0196384, , , , , , , 5.17725, -0.0310521, , , , , , , 5.17725, 0.0287022, , , , , , , 5.17725, 0.0038605, , , , , , , , , , , , , , , , , , , , , , , , , , , , 
5.1777692, 0.0209812, , , , , , , 5.1777692, -0.0632792, , , , , , , 5.1777692, 0.0275273, , , , , , , 5.1777692, 0.0057069, , , , , , , , , , , , , , , , , , , , , , , , , , , , 
5.1782885, 0.0226596, , , , , , , 5.1782885, -0.0842603, , , , , , , 5.1782885, 0.0253452, , , , , , , 5.1782885, 0.0065461, , , , , , , , , , , , , , , , , , , , , , , , , , , , 
5.1788077, 0.0246738, , , , , , , 5.1788077, -0.0827497, , , , , , , 5.1788077, 0.0209812, , , , , , , 5.1788077, 0.005539, , , , , , , , , , , , , , , , , , , , , , , , , , , , 
5.1793269, 0.026688, , , , , , , 5.1793269, -0.0730144, , , , , , , 5.1793269, 0.0119173, , , , , , , 5.1793269, 0.0052033, , , , , , , , , , , , , , , , , , , , , , , , , , , , 
5.1798462, 0.0330663, , , , , , , 5.1798462, -0.0574044, , , , , , , 5.1798462, 0.0011749, , , , , , , 5.1798462, 0.0072175, , , , , , , , , , , , , , , , , , , , , , , , , , , , 
5.1803654, 0.0374304, , , , , , , 5.1803654, -0.0342412, , , , , , , 5.1803654, -0.0072175, , , , , , , 5.1803654, 0.0075532, , , , , , , , , , , , , , , , , , , , , , , , , , , , 
5.1808846, 0.0411231, , , , , , , 5.1808846, -0.0092317, , , , , , , 5.1808846, -0.0102388, , , , , , , 5.1808846, 0.0065461, , , , , , , , , , , , , , , , , , , , , , , , , , , , 
5.1814038, 0.0481727, , , , , , , 5.1814038, 0.0065461, , , , , , , 5.1814038, -0.0085603, , , , , , , 5.1814038, 0.0062104, , , , , , , , , , , , , , , , , , , , , , , , , , , , 
5.1819231, 0.0560616, , , , , , , 5.1819231, 0.0112459, , , , , , , 5.1819231, -0.0109102, , , , , , , 5.1819231, 0.0065461, , , , , , , , , , , , , , , , , , , , , , , , , , , , 
5.1824423, 0.0602579, , , , , , , 5.1824423, 0.0112459, , , , , , , 5.1824423, -0.0206455, , , , , , , 5.1824423, 0.0052033, , , , , , , , , , , , , , , , , , , , , , , , , , , , 
5.1829615, 0.0651255, , , , , , , 5.1829615, 0.0078889, , , , , , , 5.1829615, -0.0320592, , , , , , , 5.1829615, 0.0011749, , , , , , , , , , , , , , , , , , , , , , , , , , , , 
5.1834808, 0.0696574, , , , , , , 5.1834808, 0.0050355, , , , , , , 5.1834808, -0.0381018, , , , , , , 5.1834808, -0.0025177, , , , , , , , , , , , , , , , , , , , , , , , , , , , 
5.184, 0.0710002, , , , , , , 5.184, 0.0062104, , , , , , , 5.184, -0.0379339, , , , , , , 5.184, -0.0035248, , , , , , , , , , , , , , , , , , , , , , , , , , , , 
5.1845192, 0.0669718, , , , , , , 5.1845192, 0.0092317, , , , , , , 5.1845192, -0.0404517, , , , , , , 5.1845192, -0.0043641, , , , , , , , , , , , , , , , , , , , , , , , , , , , 
5.1850385, 0.0609293, , , , , , , 5.1850385, 0.0115816, , , , , , , 5.1850385, -0.0458228, , , , , , , 5.1850385, -0.0045319, , , , , , , , , , , , , , , , , , , , , , , , , , , , 
5.1855577, 0.056733, , , , , , , 5.1855577, 0.0142672, , , , , , , 5.1855577, -0.0475013, , , , , , , 5.1855577, -0.0015106, , , , , , , , , , , , , , , , , , , , , , , , , , , , 
5.1860769, 0.0495155, , , , , , , 5.1860769, 0.0179599, , , , , , , 5.1860769, -0.0397803, , , , , , , 5.1860769, 0.0050355, , , , , , , , , , , , , , , , , , , , , , , , , , , , 
5.1865962, 0.0391089, , , , , , , 5.1865962, 0.0236667, , , , , , , 5.1865962, -0.0260166, , , , , , , 5.1865962, 0.0130922, , , , , , , , , , , , , , , , , , , , , , , , , , , , 
5.1871154, 0.0290379, , , , , , , 5.1871154, 0.0391089, , , , , , , 5.1871154, -0.0164492, , , , , , , 5.1871154, 0.0199741, , , , , , , , , , , , , , , , , , , , , , , , , , , , 
5.1876346, 0.0191348, , , , , , , 5.1876346, 0.0595865, , , , , , , 5.1876346, -0.012253, , , , , , , 5.1876346, 0.0209812, , , , , , , , , , , , , , , , , , , , , , , , , , , , 
5.1881538, 0.0105745, , , , , , , 5.1881538, 0.0669718, , , , , , , 5.1881538, -0.0077211, , , , , , , 5.1881538, 0.0206455, , , , , , , , , , , , , , , , , , , , , , , , , , , , 
5.1886731, 0.0048676, , , , , , , 5.1886731, 0.0562295, , , , , , , 5.1886731, -0.0008392, , , , , , , 5.1886731, 0.0234989, , , , , , , , , , , , , , , , , , , , , , , , , , , , 
5.1891923, -0.0038605, , , , , , , 5.1891923, 0.0411231, , , , , , , 5.1891923, 0.0095674, , , , , , , 5.1891923, 0.030045, , , , , , , , , , , , , , , , , , , , , , , , , , , , 
5.1897115, -0.0186313, , , , , , , 5.1897115, 0.0253452, , , , , , , 5.1897115, 0.0223239, , , , , , , 5.1897115, 0.0379339, , , , , , , , , , , , , , , , , , , , , , , , , , , , 
5.1902308, -0.0283665, , , , , , , 5.1902308, 0.0112459, , , , , , , 5.1902308, 0.0340734, , , , , , , 5.1902308, 0.0438087, , , , , , , , , , , , , , , , , , , , , , , , , , , , 
5.19075, -0.0337377, , , , , , , 5.19075, 0.0038605, , , , , , , 5.19075, 0.0448157, , , , , , , 5.19075, 0.0491798, , , , , , , , , , , , , , , , , , , , , , , , , , , , 
5.1912692, -0.0382696, , , , , , , 5.1912692, 0.0078889, , , , , , , 5.1912692, 0.0565652, , , , , , , 5.1912692, 0.0525368, , , , , , , , , , , , , , , , , , , , , , , , , , , , 
5.1917885, -0.0392767, , , , , , , 5.1917885, 0.0276951, , , , , , , 5.1917885, 0.0683146, , , , , , , 5.1917885, 0.0542153, , , , , , , , , , , , , , , , , , , , , , , , , , , , 
5.1923077, -0.0391089, , , , , , , 5.1923077, 0.0495155, , , , , , , 5.1923077, 0.0733501, , , , , , , 5.1923077, 0.0515297, , , , , , , , , , , , , , , , , , , , , , , , , , , , 
5.1928269, -0.0332341, , , , , , , 5.1928269, 0.0387732, , , , , , , 5.1928269, 0.0718395, , , , , , , 5.1928269, 0.0428016, , , , , , , , , , , , , , , , , , , , , , , , , , , , 
5.1933462, -0.0243381, , , , , , , 5.1933462, -0.0011749, , , , , , , 5.1933462, 0.0669718, , , , , , , 5.1933462, 0.0313878, , , , , , , , , , , , , , , , , , , , , , , , , , , , 
5.1938654, -0.0179599, , , , , , , 5.1938654, -0.0480049, , , , , , , 5.1938654, 0.0582437, , , , , , , 5.1938654, 0.0238346, , , , , , , , , , , , , , , , , , , , , , , , , , , , 
5.1943846, -0.0184634, , , , , , , 5.1943846, -0.0800641, , , , , , , 5.1943846, 0.0518654, , , , , , , 5.1943846, 0.021149, , , , , , , , , , , , , , , , , , , , , , , , , , , , 
5.1949038, -0.0226596, , , , , , , 5.1949038, -0.082414, , , , , , , 5.1949038, 0.0473335, , , , , , , 5.1949038, 0.0186313, , , , , , , , , , , , , , , , , , , , , , , , , , , , 
5.1954231, -0.0238346, , , , , , , 5.1954231, -0.0642863, , , , , , , 5.1954231, 0.0407874, , , , , , , 5.1954231, 0.0149386, , , , , , , , , , , , , , , , , , , , , , , , , , , , 
5.1959423, -0.0223239, , , , , , , 5.1959423, -0.0493477, , , , , , , 5.1959423, 0.0293736, , , , , , , 5.1959423, 0.0119173, , , , , , , , , , , , , , , , , , , , , , , , , , , , 
5.1964615, -0.0172885, , , , , , , 5.1964615, -0.043473, , , , , , , 5.1964615, 0.0139315, , , , , , , 5.1964615, 0.0058747, , , , , , , , , , , , , , , , , , , , , , , , , , , , 
5.1969808, -0.0109102, , , , , , , 5.1969808, -0.0337377, , , , , , , 5.1969808, -0.0038605, , , , , , , 5.1969808, 0.0035248, , , , , , , , , , , , , , , , , , , , , , , , , , , , 
5.1975, -0.0065461, , , , , , , 5.1975, -0.0209812, , , , , , , 5.1975, -0.0209812, , , , , , , 5.1975, 0.0025177, , , , , , , , , , , , , , , , , , , , , , , , , , , , 
5.1980192, -0.0035248, , , , , , , 5.1980192, -0.0182956, , , , , , , 5.1980192, -0.0364233, , , , , , , 5.1980192, -0.0001678, , , , , , , , , , , , , , , , , , , , , , , , , , , , 
5.1985385, -0.0003357, , , , , , , 5.1985385, -0.0276951, , , , , , , 5.1985385, -0.0501869, , , , , , , 5.1985385, 0.0003357, , , , , , , , , , , , , , , , , , , , , , , , , , , , 
5.1990577, 0.0035248, , , , , , , 5.1990577, -0.0411231, , , , , , , 5.1990577, -0.0605936, , , , , , , 5.1990577, 0.002182, , , , , , , , , , , , , , , , , , , , , , , , , , , , 
5.1995769, 0.0105745, , , , , , , 5.1995769, -0.0417945, , , , , , , 5.1995769, -0.0669718, , , , , , , 5.1995769, 0.0038605, , , , , , , , , , , , , , , , , , , , , , , , , , , , 
5.2000962, 0.0172885, , , , , , , 5.2000962, -0.0293736, , , , , , , 5.2000962, -0.0745251, , , , , , , 5.2000962, 0.0075532, , , , , , , , , , , , , , , , , , , , , , , , , , , , 
5.2006154, 0.0206455, , , , , , , 5.2006154, -0.0166171, , , , , , , 5.2006154, -0.0829175, , , , , , , 5.2006154, 0.0097353, , , , , , , , , , , , , , , , , , , , , , , , , , , , 
5.2011346, 0.018967, , , , , , , 5.2011346, -0.0083925, , , , , , , 5.2011346, -0.0891279, , , , , , , 5.2011346, 0.008896, , , , , , , , , , , , , , , , , , , , , , , , , , , , 
5.2016538, 0.0223239, , , , , , , 5.2016538, -0.0052033, , , , , , , 5.2016538, -0.0884565, , , , , , , 5.2016538, 0.0068818, , , , , , , , , , , , , , , , , , , , , , , , , , , , 
5.2021731, 0.0342412, , , , , , , 5.2021731, -0.0043641, , , , , , , 5.2021731, -0.0793927, , , , , , , 5.2021731, 0.0018463, , , , , , , , , , , , , , , , , , , , , , , , , , , , 
5.2026923, 0.047837, , , , , , , 5.2026923, -0.002182, , , , , , , 5.2026923, -0.061265, , , , , , , 5.2026923, -0.0048676, , , , , , , , , , , , , , , , , , , , , , , , , , , , 
5.2032115, 0.0575723, , , , , , , 5.2032115, 0.0008392, , , , , , , 5.2032115, -0.0394446, , , , , , , 5.2032115, -0.0083925, , , , , , , , , , , , , , , , , , , , , , , , , , , , 
5.2037308, 0.0639506, , , , , , , 5.2037308, -0.0048676, , , , , , , 5.2037308, -0.0231632, , , , , , , 5.2037308, -0.0082246, , , , , , , , , , , , , , , , , , , , , , , , , , , , 
5.20425, 0.0696574, , , , , , , 5.20425, -0.01561, , , , , , , 5.20425, -0.0162814, , , , , , , 5.20425, -0.0070497, , , , , , , , , , , , , , , , , , , , , , , , , , , , 
5.2047692, 0.0753643, , , , , , , 5.2047692, -0.0169528, , , , , , , 5.2047692, -0.0125887, , , , , , , 5.2047692, -0.0075532, , , , , , , , , , , , , , , , , , , , , , , , , , , , 
5.2052885, 0.076875, , , , , , , 5.2052885, -0.0082246, , , , , , , 5.2052885, -0.0078889, , , , , , , 5.2052885, -0.008896, , , , , , , , , , , , , , , , , , , , , , , , , , , , 
5.2058077, 0.0656291, , , , , , , 5.2058077, 0.0038605, , , , , , , 5.2058077, -0.0045319, , , , , , , 5.2058077, -0.0078889, , , , , , , , , , , , , , , , , , , , , , , , , , , , 
5.2063269, 0.0535439, , , , , , , 5.2063269, 0.0105745, , , , , , , 5.2063269, -0.002182, , , , , , , 5.2063269, -0.0028534, , , , , , , , , , , , , , , , , , , , , , , , , , , , 
5.2068462, 0.0464942, , , , , , , 5.2068462, 0.014435, , , , , , , 5.2068462, 0.0008392, , , , , , , 5.2068462, 0.0018463, , , , , , , , , , , , , , , , , , , , , , , , , , , , 
5.2073654, 0.0394446, , , , , , , 5.2073654, 0.0199741, , , , , , , 5.2073654, 0.0057069, , , , , , , 5.2073654, 0.0035248, , , , , , , , , , , , , , , , , , , , , , , , , , , , 
5.2078846, 0.0317235, , , , , , , 5.2078846, 0.017792, , , , , , , 5.2078846, 0.0115816, , , , , , , 5.2078846, 0.0058747, , , , , , , , , , , , , , , , , , , , , , , , , , , , 
5.2084038, 0.0213169, , , , , , , 5.2084038, 0.0137636, , , , , , , 5.2084038, 0.0172885, , , , , , , 5.2084038, 0.0095674, , , , , , , , , , , , , , , , , , , , , , , , , , , , 
5.2089231, 0.0078889, , , , , , , 5.2089231, 0.0199741, , , , , , , 5.2089231, 0.0206455, , , , , , , 5.2089231, 0.0137636, , , , , , , , , , , , , , , , , , , , , , , , , , , , 
5.2094423, -0.0005035, , , , , , , 5.2094423, 0.0206455, , , , , , , 5.2094423, 0.021149, , , , , , , 5.2094423, 0.0193027, , , , , , , , , , , , , , , , , , , , , , , , , , , , 
5.2099615, -0.0018463, , , , , , , 5.2099615, 0.0135958, , , , , , , 5.2099615, 0.0216526, , , , , , , 5.2099615, 0.0229953, , , , , , , , , , , , , , , , , , , , , , , , , , , , 
5.2104808, -0.0082246, , , , , , , 5.2104808, 0.0125887, , , , , , , 5.2104808, 0.0236667, , , , , , , 5.2104808, 0.0246738, , , , , , , , , , , , , , , , , , , , , , , , , , , , 
5.211, -0.0159457, , , , , , , 5.211, 0.0193027, , , , , , , 5.211, 0.0263523, , , , , , , 5.211, 0.0246738, , , , , , , , , , , , , , , , , , , , , , , , , , , , 
5.2115192, -0.018967, , , , , , , 5.2115192, 0.026688, , , , , , , 5.2115192, 0.026688, , , , , , , 5.2115192, 0.0236667, , , , , , , , , , , , , , , , , , , , , , , , , , , , 
5.2120385, -0.0179599, , , , , , , 5.2120385, 0.0365911, , , , , , , 5.2120385, 0.0243381, , , , , , , 5.2120385, 0.0238346, , , , , , , , , , , , , , , , , , , , , , , , , , , , 
5.2125577, -0.0109102, , , , , , , 5.2125577, 0.0589151, , , , , , , 5.2125577, 0.0182956, , , , , , , 5.2125577, 0.0213169, , , , , , , , , , , , , , , , , , , , , , , , , , , , 
5.2130769, 0.0005035, , , , , , , 5.2130769, 0.0800641, , , , , , , 5.2130769, 0.0109102, , , , , , , 5.2130769, 0.0184634, , , , , , , , , , , , , , , , , , , , , , , , , , , , 
5.2135962, 0.0115816, , , , , , , 5.2135962, 0.0694896, , , , , , , 5.2135962, 0.0048676, , , , , , , 5.2135962, 0.0164492, , , , , , , , , , , , , , , , , , , , , , , , , , , , 
5.2141154, 0.0149386, , , , , , , 5.2141154, 0.0317235, , , , , , , 5.2141154, 0.0011749, , , , , , , 5.2141154, 0.0146029, , , , , , , , , , , , , , , , , , , , , , , , , , , , 
5.2146346, 0.0146029, , , , , , , 5.2146346, -0.0058747, , , , , , , 5.2146346, -0.0005035, , , , , , , 5.2146346, 0.014435, , , , , , , , , , , , , , , , , , , , , , , , , , , , 
5.2151538, 0.0159457, , , , , , , 5.2151538, -0.0307164, , , , , , , 5.2151538, 0.0036927, , , , , , , 5.2151538, 0.0132601, , , , , , , , , , , , , , , , , , , , , , , , , , , , 
5.2156731, 0.0186313, , , , , , , 5.2156731, -0.0402838, , , , , , , 5.2156731, 0.0139315, , , , , , , 5.2156731, 0.0119173, , , , , , , , , , , , , , , , , , , , , , , , , , , , 
5.2161923, 0.0169528, , , , , , , 5.2161923, -0.0391089, , , , , , , 5.2161923, 0.0260166, , , , , , , 5.2161923, 0.0115816, , , , , , , , , , , , , , , , , , , , , , , , , , , , 
5.2167115, 0.0172885, , , , , , , 5.2167115, -0.0464942, , , , , , , 5.2167115, 0.033402, , , , , , , 5.2167115, 0.0125887, , , , , , , , , , , , , , , , , , , , , , , , , , , , 
5.2172308, 0.0219883, , , , , , , 5.2172308, -0.0431373, , , , , , , 5.2172308, 0.0330663, , , , , , , 5.2172308, 0.0142672, , , , , , , , , , , , , , , , , , , , , , , , , , , , 
5.21775, 0.0206455, , , , , , , 5.21775, -0.018967, , , , , , , 5.21775, 0.0260166, , , , , , , 5.21775, 0.014435, , , , , , , , , , , , , , , , , , , , , , , , , , , , 
5.2182692, 0.0179599, , , , , , , 5.2182692, -0.0057069, , , , , , , 5.2182692, 0.0152743, , , , , , , 5.2182692, 0.0152743, , , , , , , , , , , , , , , , , , , , , , , , , , , , 
5.2187885, 0.0139315, , , , , , , 5.2187885, -0.0203098, , , , , , , 5.2187885, 0.0045319, , , , , , , 5.2187885, 0.018967, , , , , , , , , , , , , , , , , , , , , , , , , , , , 
5.2193077, 0.0052033, , , , , , , 5.2193077, -0.0377661, , , , , , , 5.2193077, -0.0090639, , , , , , , 5.2193077, 0.0219883, , , , , , , , , , , , , , , , , , , , , , , , , , , , 
5.2198269, -0.0001678, , , , , , , 5.2198269, -0.0438087, , , , , , , 5.2198269, -0.026688, , , , , , , 5.2198269, 0.0223239, , , , , , , , , , , , , , , , , , , , , , , , , , , , 
5.2203462, 0.0008392, , , , , , , 5.2203462, -0.0485084, , , , , , , 5.2203462, -0.043473, , , , , , , 5.2203462, 0.0206455, , , , , , , , , , , , , , , , , , , , , , , , , , , , 
5.2208654, 0.0031891, , , , , , , 5.2208654, -0.061265, , , , , , , 5.2208654, -0.0532082, , , , , , , 5.2208654, 0.0169528, , , , , , , , , , , , , , , , , , , , , , , , , , , , 
5.2213846, 0.0077211, , , , , , , 5.2213846, -0.0699931, , , , , , , 5.2213846, -0.0535439, , , , , , , 5.2213846, 0.0132601, , , , , , , , , , , , , , , , , , , , , , , , , , , , 
5.2219038, 0.0172885, , , , , , , 5.2219038, -0.0639506, , , , , , , 5.2219038, -0.0555581, , , , , , , 5.2219038, 0.0097353, , , , , , , , , , , , , , , , , , , , , , , , , , , , 
5.2224231, 0.0332341, , , , , , , 5.2224231, -0.057908, , , , , , , 5.2224231, -0.0626078, , , , , , , 5.2224231, 0.0065461, , , , , , , , , , , , , , , , , , , , , , , , , , , , 
5.2229423, 0.0461585, , , , , , , 5.2229423, -0.0587472, , , , , , , 5.2229423, -0.0696574, , , , , , , 5.2229423, 0.0062104, , , , , , , , , , , , , , , , , , , , , , , , , , , , 
5.2234615, 0.0493477, , , , , , , 5.2234615, -0.0595865, , , , , , , 5.2234615, -0.0730144, , , , , , , 5.2234615, 0.0068818, , , , , , , , , , , , , , , , , , , , , , , , , , , , 
5.2239808, 0.0475013, , , , , , , 5.2239808, -0.0540475, , , , , , , 5.2239808, -0.0699931, , , , , , , 5.2239808, 0.0085603, , , , , , , , , , , , , , , , , , , , , , , , , , , , 
5.2245, 0.0525368, , , , , , , 5.2245, -0.0438087, , , , , , , 5.2245, -0.0666361, , , , , , , 5.2245, 0.0090639, , , , , , , , , , , , , , , , , , , , , , , , , , , , 
5.2250192, 0.0572366, , , , , , , 5.2250192, -0.0424659, , , , , , , 5.2250192, -0.0629435, , , , , , , 5.2250192, 0.0072175, , , , , , , , , , , , , , , , , , , , , , , , , , , , 
5.2255385, 0.0522011, , , , , , , 5.2255385, -0.0582437, , , , , , , 5.2255385, -0.0569009, , , , , , , 5.2255385, 0.0052033, , , , , , , , , , , , , , , , , , , , , , , , , , , , 
5.2260577, 0.0411231, , , , , , , 5.2260577, -0.0733501, , , , , , , 5.2260577, -0.0473335, , , , , , , 5.2260577, 0.0052033, , , , , , , , , , , , , , , , , , , , , , , , , , , , 
5.2265769, 0.0310521, , , , , , , 5.2265769, -0.0609293, , , , , , , 5.2265769, -0.0344091, , , , , , , 5.2265769, 0.0072175, , , , , , , , , , , , , , , , , , , , , , , , , , , , 
5.2270962, 0.0199741, , , , , , , 5.2270962, -0.0337377, , , , , , , 5.2270962, -0.0231632, , , , , , , 5.2270962, 0.0105745, , , , , , , , , , , , , , , , , , , , , , , , , , , , 
5.2276154, 0.0077211, , , , , , , 5.2276154, -0.0149386, , , , , , , 5.2276154, -0.0135958, , , , , , , 5.2276154, 0.0127565, , , , , , , , , , , , , , , , , , , , , , , , , , , , 
5.2281346, -0.0038605, , , , , , , 5.2281346, 0.0078889, , , , , , , 5.2281346, -0.0045319, , , , , , , 5.2281346, 0.0157778, , , , , , , , , , , , , , , , , , , , , , , , , , , , 
5.2286538, -0.0124208, , , , , , , 5.2286538, 0.0313878, , , , , , , 5.2286538, 0.0057069, , , , , , , 5.2286538, 0.0196384, , , , , , , , , , , , , , , , , , , , , , , , , , , , 
5.2291731, -0.0193027, , , , , , , 5.2291731, 0.0384375, , , , , , , 5.2291731, 0.0182956, , , , , , , 5.2291731, 0.0209812, , , , , , , , , , , , , , , , , , , , , , , , , , , , 
5.2296923, -0.0246738, , , , , , , 5.2296923, 0.0287022, , , , , , , 5.2296923, 0.0307164, , , , , , , 5.2296923, 0.0199741, , , , , , , , , , , , , , , , , , , , , , , , , , , , 
5.2302115, -0.030045, , , , , , , 5.2302115, 0.0104067, , , , , , , 5.2302115, 0.0414588, , , , , , , 5.2302115, 0.0191348, , , , , , , , , , , , , , , , , , , , , , , , , , , , 
5.2307308, -0.0374304, , , , , , , 5.2307308, -0.0005035, , , , , , , 5.2307308, 0.0505226, , , , , , , 5.2307308, 0.017792, , , , , , , , , , , , , , , , , , , , , , , , , , , , 
5.23125, -0.043473, , , , , , , 5.23125, 0.0035248, , , , , , , 5.23125, 0.0522011, , , , , , , 5.23125, 0.0159457, , , , , , , , , , , , , , , , , , , , , , , , , , , , 
5.2317692, -0.0433051, , , , , , , 5.2317692, 0.0112459, , , , , , , 5.2317692, 0.0458228, , , , , , , 5.2317692, 0.0146029, , , , , , , , , , , , , , , , , , , , , , , , , , , , 
5.2322885, -0.0317235, , , , , , , 5.2322885, 0.0172885, , , , , , , 5.2322885, 0.0392767, , , , , , , 5.2322885, 0.0119173, , , , , , , , , , , , , , , , , , , , , , , , , , , , 
5.2328077, -0.0191348, , , , , , , 5.2328077, 0.0219883, , , , , , , 5.2328077, 0.0273594, , , , , , , 5.2328077, 0.0075532, , , , , , , , , , , , , , , , , , , , , , , , , , , , 
5.2333269, -0.0062104, , , , , , , 5.2333269, 0.026688, , , , , , , 5.2333269, 0.0077211, , , , , , , 5.2333269, 0.0052033, , , , , , , , , , , , , , , , , , , , , , , , , , , , 
5.2338462, -0.0001678, , , , , , , 5.2338462, 0.0293736, , , , , , , 5.2338462, -0.0129244, , , , , , , 5.2338462, 0.0052033, , , , , , , , , , , , , , , , , , , , , , , , , , , , 
5.2343654, 0.0018463, , , , , , , 5.2343654, 0.0347448, , , , , , , 5.2343654, -0.0280308, , , , , , , 5.2343654, 0.0058747, , , , , , , , , , , , , , , , , , , , , , , , , , , , 
5.2348846, 0.0065461, , , , , , , 5.2348846, 0.0453193, , , , , , , 5.2348846, -0.0406195, , , , , , , 5.2348846, 0.0062104, , , , , , , , , , , , , , , , , , , , , , , , , , , , 
5.2354038, 0.010071, , , , , , , 5.2354038, 0.0508583, , , , , , , 5.2354038, -0.0538796, , , , , , , 5.2354038, 0.0031891, , , , , , , , , , , , , , , , , , , , , , , , , , , , 
5.2359231, 0.0105745, , , , , , , 5.2359231, 0.0424659, , , , , , , 5.2359231, -0.0663005, , , , , , , 5.2359231, 0.0048676, , , , , , , , , , , , , , , , , , , , , , , , , , , , 
5.2364423, 0.0092317, , , , , , , 5.2364423, 0.0287022, , , , , , , 5.2364423, -0.0715038, , , , , , , 5.2364423, 0.0125887, , , , , , , , , , , , , , , , , , , , , , , , , , , , 
5.2369615, 0.0072175, , , , , , , 5.2369615, 0.0166171, , , , , , , 5.2369615, -0.0679789, , , , , , , 5.2369615, 0.0196384, , , , , , , , , , , , , , , , , , , , , , , , , , , , 
5.2374808, 0.0078889, , , , , , , 5.2374808, 0.0092317, , , , , , , 5.2374808, -0.0619364, , , , , , , 5.2374808, 0.0229953, , , , , , , , , , , , , , , , , , , , , , , , , , , , 
5.238, 0.0105745, , , , , , , 5.238, 0.0028534, , , , , , , 5.238, -0.0547189, , , , , , , 5.238, 0.0256809, , , , , , , , , , , , , , , , , , , , , , , , , , , , 
5.2385192, 0.0142672, , , , , , , 5.2385192, -0.0078889, , , , , , , 5.2385192, -0.0451514, , , , , , , 5.2385192, 0.0280308, , , , , , , , , , , , , , , , , , , , , , , , , , , , 
5.2390385, 0.0172885, , , , , , , 5.2390385, -0.0135958, , , , , , , 5.2390385, -0.0323949, , , , , , , 5.2390385, 0.0307164, , , , , , , , , , , , , , , , , , , , , , , , , , , , 
5.2395577, 0.0172885, , , , , , , 5.2395577, -0.0023499, , , , , , , 5.2395577, -0.0219883, , , , , , , 5.2395577, 0.0340734, , , , , , , , , , , , , , , , , , , , , , , , , , , , 
5.2400769, 0.0152743, , , , , , , 5.2400769, 0.0045319, , , , , , , 5.2400769, -0.0176242, , , , , , , 5.2400769, 0.0360876, , , , , , , , , , , , , , , , , , , , , , , , , , , , 
5.2405962, 0.0146029, , , , , , , 5.2405962, -0.0082246, , , , , , , 5.2405962, -0.0115816, , , , , , , 5.2405962, 0.0354162, , , , , , , , , , , , , , , , , , , , , , , , , , , , 
5.2411154, 0.01561, , , , , , , 5.2411154, -0.0285344, , , , , , , 5.2411154, -0.0015106, , , , , , , 5.2411154, 0.033402, , , , , , , , , , , , , , , , , , , , , , , , , , , , 
5.2416346, 0.0199741, , , , , , , 5.2416346, -0.04448, , , , , , , 5.2416346, 0.0077211, , , , , , , 5.2416346, 0.027863, , , , , , , , , , , , , , , , , , , , , , , , , , , , 
5.2421538, 0.0305486, , , , , , , 5.2421538, -0.0525368, , , , , , , 5.2421538, 0.0149386, , , , , , , 5.2421538, 0.0198062, , , , , , , , , , , , , , , , , , , , , , , , , , , , 
5.2426731, 0.043473, , , , , , , 5.2426731, -0.0475013, , , , , , , 5.2426731, 0.0216526, , , , , , , 5.2426731, 0.0117494, , , , , , , , , , , , , , , , , , , , , , , , , , , , 
5.2431923, 0.0528725, , , , , , , 5.2431923, -0.0270237, , , , , , , 5.2431923, 0.023331, , , , , , , 5.2431923, 0.0052033, , , , , , , , , , , , , , , , , , , , , , , , , , , , 
5.2437115, 0.0589151, , , , , , , 5.2437115, 0.0018463, , , , , , , 5.2437115, 0.0229953, , , , , , , 5.2437115, 0.0025177, , , , , , , , , , , , , , , , , , , , , , , , , , , , 
5.2442308, 0.0656291, , , , , , , 5.2442308, 0.0320592, , , , , , , 5.2442308, 0.0229953, , , , , , , 5.2442308, 0.0005035, , , , , , , , , , , , , , , , , , , , , , , , , , , , 
5.24475, 0.0666361, , , , , , , 5.24475, 0.0491798, , , , , , , 5.24475, 0.018967, , , , , , , 5.24475, -0.0031891, , , , , , , , , , , , , , , , , , , , , , , , , , , , 
5.2452692, 0.0632792, , , , , , , 5.2452692, 0.0431373, , , , , , , 5.2452692, 0.012253, , , , , , , 5.2452692, -0.0062104, , , , , , , , , , , , , , , , , , , , , , , , , , , , 
5.2457885, 0.0616007, , , , , , , 5.2457885, 0.0179599, , , , , , , 5.2457885, 0.0085603, , , , , , , 5.2457885, -0.0082246, , , , , , , , , , , , , , , , , , , , , , , , , , , , 
5.2463077, 0.0515297, , , , , , , 5.2463077, 0.0011749, , , , , , , 5.2463077, 0.0092317, , , , , , , 5.2463077, -0.0082246, , , , , , , , , , , , , , , , , , , , , , , , , , , , 
5.2468269, 0.0387732, , , , , , , 5.2468269, 0.0052033, , , , , , , 5.2468269, 0.0115816, , , , , , , 5.2468269, -0.0058747, , , , , , , , , , , , , , , , , , , , , , , , , , , , 
5.2473462, 0.026688, , , , , , , 5.2473462, 0.0137636, , , , , , , 5.2473462, 0.0166171, , , , , , , 5.2473462, -0.0052033, , , , , , , , , , , , , , , , , , , , , , , , , , , , 
5.2478654, 0.0176242, , , , , , , 5.2478654, 0.0135958, , , , , , , 5.2478654, 0.0203098, , , , , , , 5.2478654, -0.0041962, , , , , , , , , , , , , , , , , , , , , , , , , , , , 
5.2483846, 0.0052033, , , , , , , 5.2483846, -0.0001678, , , , , , , 5.2483846, 0.0182956, , , , , , , 5.2483846, -0.0008392, , , , , , , , , , , , , , , , , , , , , , , , , , , , 
5.2489038, -0.0068818, , , , , , , 5.2489038, -0.0256809, , , , , , , 5.2489038, 0.0146029, , , , , , , 5.2489038, 0.0031891, , , , , , , , , , , , , , , , , , , , , , , , , , , , 
5.2494231, -0.0127565, , , , , , , 5.2494231, -0.0448157, , , , , , , 5.2494231, 0.0130922, , , , , , , 5.2494231, 0.0078889, , , , , , , , , , , , , , , , , , , , , , , , , , , , 
5.2499423, -0.01561, , , , , , , 5.2499423, -0.0391089, , , , , , , 5.2499423, 0.012253, , , , , , , 5.2499423, 0.0132601, , , , , , , , , , , , , , , , , , , , , , , , , , , , 
5.2504615, -0.0236667, , , , , , , 5.2504615, -0.024506, , , , , , , 5.2504615, 0.0078889, , , , , , , 5.2504615, 0.017792, , , , , , , , , , , , , , , , , , , , , , , , , , , , 
5.2509808, -0.0337377, , , , , , , 5.2509808, -0.0179599, , , , , , , 5.2509808, 0.0048676, , , , , , , 5.2509808, 0.0216526, , , , , , , , , , , , , , , , , , , , , , , , , , , , 
5.2515, -0.0357519, , , , , , , 5.2515, -0.0109102, , , , , , , 5.2515, 0.0072175, , , , , , , 5.2515, 0.0236667, , , , , , , , , , , , , , , , , , , , , , , , , , , , 
5.2520192, -0.0310521, , , , , , , 5.2520192, -0.0159457, , , , , , , 5.2520192, 0.0135958, , , , , , , 5.2520192, 0.0229953, , , , , , , , , , , , , , , , , , , , , , , , , , , , 
5.2525385, -0.0246738, , , , , , , 5.2525385, -0.0421302, , , , , , , 5.2525385, 0.017792, , , , , , , 5.2525385, 0.0199741, , , , , , , , , , , , , , , , , , , , , , , , , , , , 
5.2530577, -0.0149386, , , , , , , 5.2530577, -0.0621042, , , , , , , 5.2530577, 0.0169528, , , , , , , 5.2530577, 0.0172885, , , , , , , , , , , , , , , , , , , , , , , , , , , , 
5.2535769, -0.0075532, , , , , , , 5.2535769, -0.0575723, , , , , , , 5.2535769, 0.0139315, , , , , , , 5.2535769, 0.0196384, , , , , , , , , , , , , , , , , , , , , , , , , , , , 
5.2540962, -0.0035248, , , , , , , 5.2540962, -0.0404517, , , , , , , 5.2540962, 0.0125887, , , , , , , 5.2540962, 0.0241703, , , , , , , , , , , , , , , , , , , , , , , , , , , , 
5.2546154, 0.0011749, , , , , , , 5.2546154, -0.0250095, , , , , , , 5.2546154, 0.0112459, , , , , , , 5.2546154, 0.0253452, , , , , , , , , , , , , , , , , , , , , , , , , , , , 
5.2551346, 0.0065461, , , , , , , 5.2551346, -0.0196384, , , , , , , 5.2551346, 0.0099031, , , , , , , 5.2551346, 0.0273594, , , , , , , , , , , , , , , , , , , , , , , , , , , , 
5.2556538, 0.0099031, , , , , , , 5.2556538, -0.0253452, , , , , , , 5.2556538, 0.0048676, , , , , , , 5.2556538, 0.0307164, , , , , , , , , , , , , , , , , , , , , , , , , , , , 
5.2561731, 0.0092317, , , , , , , 5.2561731, -0.0357519, , , , , , , 5.2561731, 0.0005035, , , , , , , 5.2561731, 0.0327306, , , , , , , , , , , , , , , , , , , , , , , , , , , , 
5.2566923, 0.0038605, , , , , , , 5.2566923, -0.040116, , , , , , , 5.2566923, -0.0030213, , , , , , , 5.2566923, 0.0330663, , , , , , , , , , , , , , , , , , , , , , , , , , , , 
5.2572115, 0.0018463, , , , , , , 5.2572115, -0.0345769, , , , , , , 5.2572115, -0.0085603, , , , , , , 5.2572115, 0.0330663, , , , , , , , , , , , , , , , , , , , , , , , , , , , 
5.2577308, 0.0062104, , , , , , , 5.2577308, -0.0240024, , , , , , , 5.2577308, -0.0166171, , , , , , , 5.2577308, 0.0305486, , , , , , , , , , , , , , , , , , , , , , , , , , , , 
5.25825, 0.0105745, , , , , , , 5.25825, -0.0146029, , , , , , , 5.25825, -0.0276951, , , , , , , 5.25825, 0.0273594, , , , , , , , , , , , , , , , , , , , , , , , , , , , 
5.2587692, 0.0125887, , , , , , , 5.2587692, -0.0099031, , , , , , , 5.2587692, -0.0384375, , , , , , , 5.2587692, 0.0219883, , , , , , , , , , , , , , , , , , , , , , , , , , , , 
5.2592885, 0.0125887, , , , , , , 5.2592885, -0.0125887, , , , , , , 5.2592885, -0.0464942, , , , , , , 5.2592885, 0.0152743, , , , , , , , , , , , , , , , , , , , , , , , , , , , 
5.2598077, 0.0078889, , , , , , , 5.2598077, -0.0167849, , , , , , , 5.2598077, -0.0522011, , , , , , , 5.2598077, 0.0119173, , , , , , , , , , , , , , , , , , , , , , , , , , , , 
5.2603269, 0.0052033, , , , , , , 5.2603269, -0.0112459, , , , , , , 5.2603269, -0.0547189, , , , , , , 5.2603269, 0.012253, , , , , , , , , , , , , , , , , , , , , , , , , , , , 
5.2608462, 0.0045319, , , , , , , 5.2608462, 0.0058747, , , , , , , 5.2608462, -0.0525368, , , , , , , 5.2608462, 0.0095674, , , , , , , , , , , , , , , , , , , , , , , , , , , , 
5.2613654, 0.0082246, , , , , , , 5.2613654, 0.0238346, , , , , , , 5.2613654, -0.047837, , , , , , , 5.2613654, 0.0065461, , , , , , , , , , , , , , , , , , , , , , , , , , , , 
5.2618846, 0.0166171, , , , , , , 5.2618846, 0.0327306, , , , , , , 5.2618846, -0.0412909, , , , , , , 5.2618846, 0.0035248, , , , , , , , , , , , , , , , , , , , , , , , , , , , 
5.2624038, 0.0293736, , , , , , , 5.2624038, 0.0273594, , , , , , , 5.2624038, -0.0381018, , , , , , , 5.2624038, -0.0018463, , , , , , , , , , , , , , , , , , , , , , , , , , , , 
5.2629231, 0.0424659, , , , , , , 5.2629231, 0.0182956, , , , , , , 5.2629231, -0.0347448, , , , , , , 5.2629231, -0.0075532, , , , , , , , , , , , , , , , , , , , , , , , , , , , 
5.2634423, 0.0481727, , , , , , , 5.2634423, 0.0078889, , , , , , , 5.2634423, -0.0263523, , , , , , , 5.2634423, -0.0119173, , , , , , , , , , , , , , , , , , , , , , , , , , , , 
5.2639615, 0.0508583, , , , , , , 5.2639615, -0.0008392, , , , , , , 5.2639615, -0.0135958, , , , , , , 5.2639615, -0.0162814, , , , , , , , , , , , , , , , , , , , , , , , , , , , 
5.2644808, 0.0552224, , , , , , , 5.2644808, -0.0045319, , , , , , , 5.2644808, -0.0005035, , , , , , , 5.2644808, -0.0182956, , , , , , , , , , , , , , , , , , , , , , , , , , , , 
5.265, 0.0569009, , , , , , , 5.265, -0.0083925, , , , , , , 5.265, 0.0119173, , , , , , , 5.265, -0.0182956, , , , , , , , , , , , , , , , , , , , , , , , , , , , 
5.2655192, 0.0533761, , , , , , , 5.2655192, -0.0149386, , , , , , , 5.2655192, 0.0203098, , , , , , , 5.2655192, -0.0162814, , , , , , , , , , , , , , , , , , , , , , , , , , , , 
5.2660385, 0.0481727, , , , , , , 5.2660385, -0.0199741, , , , , , , 5.2660385, 0.0253452, , , , , , , 5.2660385, -0.014435, , , , , , , , , , , , , , , , , , , , , , , , , , , , 
5.2665577, 0.0391089, , , , , , , 5.2665577, -0.0256809, , , , , , , 5.2665577, 0.026688, , , , , , , 5.2665577, -0.0159457, , , , , , , , , , , , , , , , , , , , , , , , , , , , 
5.2670769, 0.0377661, , , , , , , 5.2670769, -0.030045, , , , , , , 5.2670769, 0.0280308, , , , , , , 5.2670769, -0.0169528, , , , , , , , , , , , , , , , , , , , , , , , , , , , 
5.2675962, 0.0387732, , , , , , , 5.2675962, -0.023331, , , , , , , 5.2675962, 0.0273594, , , , , , , 5.2675962, -0.0135958, , , , , , , , , , , , , , , , , , , , , , , , , , , , 
5.2681154, 0.0317235, , , , , , , 5.2681154, -0.005539, , , , , , , 5.2681154, 0.0226596, , , , , , , 5.2681154, -0.0082246, , , , , , , , , , , , , , , , , , , , , , , , , , , , 
5.2686346, 0.0184634, , , , , , , 5.2686346, 0.0078889, , , , , , , 5.2686346, 0.0146029, , , , , , , 5.2686346, -0.0035248, , , , , , , , , , , , , , , , , , , , , , , , , , , , 
5.2691538, 0.0072175, , , , , , , 5.2691538, 0.0119173, , , , , , , 5.2691538, 0.0062104, , , , , , , 5.2691538, -0.0003357, , , , , , , , , , , , , , , , , , , , , , , , , , , , 
5.2696731, -0.0001678, , , , , , , 5.2696731, 0.0204776, , , , , , , 5.2696731, -0.002182, , , , , , , 5.2696731, 0.0028534, , , , , , , , , , , , , , , , , , , , , , , , , , , , 
5.2701923, -0.0075532, , , , , , , 5.2701923, 0.0354162, , , , , , , 5.2701923, -0.012253, , , , , , , 5.2701923, 0.0065461, , , , , , , , , , , , , , , , , , , , , , , , , , , , 
5.2707115, -0.0171206, , , , , , , 5.2707115, 0.0481727, , , , , , , 5.2707115, -0.0231632, , , , , , , 5.2707115, 0.0132601, , , , , , , , , , , , , , , , , , , , , , , , , , , , 
5.2712308, -0.023331, , , , , , , 5.2712308, 0.0562295, , , , , , , 5.2712308, -0.0313878, , , , , , , 5.2712308, 0.021149, , , , , , , , , , , , , , , , , , , , , , , , , , , , 
5.27175, -0.0243381, , , , , , , 5.27175, 0.0594186, , , , , , , 5.27175, -0.0364233, , , , , , , 5.27175, 0.0263523, , , , , , , , , , , , , , , , , , , , , , , , , , , , 
5.2722692, -0.0159457, , , , , , , 5.2722692, 0.057908, , , , , , , 5.2722692, -0.0407874, , , , , , , 5.2722692, 0.0280308, , , , , , , , , , , , , , , , , , , , , , , , , , , , 
5.2727885, 0.0008392, , , , , , , 5.2727885, 0.0758679, , , , , , , 5.2727885, -0.0464942, , , , , , , 5.2727885, 0.0256809, , , , , , , , , , , , , , , , , , , , , , , , , , , , 
5.2733077, 0.010071, , , , , , , 5.2733077, 0.1166552, , , , , , , 5.2733077, -0.0498512, , , , , , , 5.2733077, 0.0256809, , , , , , , , , , , , , , , , , , , , , , , , , , , , 
5.2738269, 0.0119173, , , , , , , 5.2738269, 0.1388113, , , , , , , 5.2738269, -0.0488441, , , , , , , 5.2738269, 0.0297093, , , , , , , , , , , , , , , , , , , , , , , , , , , , 
5.2743462, 0.0164492, , , , , , , 5.2743462, 0.110277, , , , , , , 5.2743462, -0.0387732, , , , , , , 5.2743462, 0.0347448, , , , , , , , , , , , , , , , , , , , , , , , , , , , 
5.2748654, 0.0196384, , , , , , , 5.2748654, 0.0513619, , , , , , , 5.2748654, -0.0213169, , , , , , , 5.2748654, 0.0414588, , , , , , , , , , , , , , , , , , , , , , , , , , , , 
5.2753846, 0.01561, , , , , , , 5.2753846, -0.0068818, , , , , , , 5.2753846, -0.0048676, , , , , , , 5.2753846, 0.0515297, , , , , , , , , , , , , , , , , , , , , , , , , , , , 
5.2759038, 0.0119173, , , , , , , 5.2759038, -0.051194, , , , , , , 5.2759038, 0.0077211, , , , , , , 5.2759038, 0.0609293, , , , , , , , , , , , , , , , , , , , , , , , , , , , 
5.2764231, 0.0102388, , , , , , , 5.2764231, -0.0760357, , , , , , , 5.2764231, 0.0125887, , , , , , , 5.2764231, 0.0641184, , , , , , , , , , , , , , , , , , , , , , , , , , , , 
5.2769423, 0.0099031, , , , , , , 5.2769423, -0.0948348, , , , , , , 5.2769423, 0.0115816, , , , , , , 5.2769423, 0.0614328, , , , , , , , , , , , , , , , , , , , , , , , , , , , 
5.2774615, 0.0102388, , , , , , , 5.2774615, -0.1089342, , , , , , , 5.2774615, 0.0112459, , , , , , , 5.2774615, 0.0528725, , , , , , , , , , , , , , , , , , , , , , , , , , , , 
5.2779808, 0.0112459, , , , , , , 5.2779808, -0.1240406, , , , , , , 5.2779808, 0.0119173, , , , , , , 5.2779808, 0.0421302, , , , , , , , , , , , , , , , , , , , , , , , , , , , 
5.2785, 0.0115816, , , , , , , 5.2785, -0.1324331, , , , , , , 5.2785, 0.0109102, , , , , , , 5.2785, 0.0320592, , , , , , , , , , , , , , , , , , , , , , , , , , , , 
5.2790192, 0.0105745, , , , , , , 5.2790192, -0.121355, , , , , , , 5.2790192, 0.0092317, , , , , , , 5.2790192, 0.0236667, , , , , , , , , , , , , , , , , , , , , , , , , , , , 
5.2795385, 0.0062104, , , , , , , 5.2795385, -0.0965133, , , , , , , 5.2795385, 0.0083925, , , , , , , 5.2795385, 0.0193027, , , , , , , , , , , , , , , , , , , , , , , , , , , , 
5.2800577, 0.0041962, , , , , , , 5.2800577, -0.0773785, , , , , , , 5.2800577, 0.0082246, , , , , , , 5.2800577, 0.0166171, , , , , , , , , , , , , , , , , , , , , , , , , , , , 
5.2805769, 0.0048676, , , , , , , 5.2805769, -0.0669718, , , , , , , 5.2805769, 0.010071, , , , , , , 5.2805769, 0.0129244, , , , , , , , , , , , , , , , , , , , , , , , , , , , 
5.2810962, 0.0062104, , , , , , , 5.2810962, -0.054551, , , , , , , 5.2810962, 0.0112459, , , , , , , 5.2810962, 0.0092317, , , , , , , , , , , , , , , , , , , , , , , , , , , , 
5.2816154, 0.0115816, , , , , , , 5.2816154, -0.0270237, , , , , , , 5.2816154, 0.0109102, , , , , , , 5.2816154, 0.0052033, , , , , , , , , , , , , , , , , , , , , , , , , , , , 
5.2821346, 0.0253452, , , , , , , 5.2821346, 0.0025177, , , , , , , 5.2821346, 0.0092317, , , , , , , 5.2821346, 0.0005035, , , , , , , , , , , , , , , , , , , , , , , , , , , , 
5.2826538, 0.040116, , , , , , , 5.2826538, -0.0031891, , , , , , , 5.2826538, 0.0068818, , , , , , , 5.2826538, -0.0043641, , , , , , , , , , , , , , , , , , , , , , , , , , , , 
5.2831731, 0.0493477, , , , , , , 5.2831731, -0.0317235, , , , , , , 5.2831731, 0.0062104, , , , , , , 5.2831731, -0.0085603, , , , , , , , , , , , , , , , , , , , , , , , , , , , 
5.2836923, 0.0565652, , , , , , , 5.2836923, -0.0364233, , , , , , , 5.2836923, 0.0085603, , , , , , , 5.2836923, -0.0102388, , , , , , , , , , , , , , , , , , , , , , , , , , , , 
5.2842115, 0.0651255, , , , , , , 5.2842115, -0.0182956, , , , , , , 5.2842115, 0.0112459, , , , , , , 5.2842115, -0.008896, , , , , , , , , , , , , , , , , , , , , , , , , , , , 
5.2847308, 0.0706645, , , , , , , 5.2847308, -0.0248417, , , , , , , 5.2847308, 0.0119173, , , , , , , 5.2847308, -0.0095674, , , , , , , , , , , , , , , , , , , , , , , , , , , , 
5.28525, 0.0710002, , , , , , , 5.28525, -0.0743572, , , , , , , 5.28525, 0.0112459, , , , , , , 5.28525, -0.0095674, , , , , , , , , , , , , , , , , , , , , , , , , , , , 
5.2857692, 0.0639506, , , , , , , 5.2857692, -0.1169909, , , , , , , 5.2857692, 0.0102388, , , , , , , 5.2857692, -0.0075532, , , , , , , , , , , , , , , , , , , , , , , , , , , , 
5.2862885, 0.0587472, , , , , , , 5.2862885, -0.1008774, , , , , , , 5.2862885, 0.0114137, , , , , , , 5.2862885, -0.0058747, , , , , , , , , , , , , , , , , , , , , , , , , , , , 
5.2868077, 0.0505226, , , , , , , 5.2868077, -0.0459907, , , , , , , 5.2868077, 0.0135958, , , , , , , 5.2868077, -0.0048676, , , , , , , , , , , , , , , , , , , , , , , , , , , , 
5.2873269, 0.036759, , , , , , , 5.2873269, -0.0085603, , , , , , , 5.2873269, 0.0109102, , , , , , , 5.2873269, -0.0016785, , , , , , , , , , , , , , , , , , , , , , , , , , , , 
5.2878462, 0.0213169, , , , , , , 5.2878462, -0.0038605, , , , , , , 5.2878462, 0.0078889, , , , , , , 5.2878462, 0.0025177, , , , , , , , , , , , , , , , , , , , , , , , , , , , 
5.2883654, 0.0099031, , , , , , , 5.2883654, -0.008896, , , , , , , 5.2883654, 0.0083925, , , , , , , 5.2883654, 0.0058747, , , , , , , , , , , , , , , , , , , , , , , , , , , , 
5.2888846, -0.0005035, , , , , , , 5.2888846, -0.0085603, , , , , , , 5.2888846, 0.0072175, , , , , , , 5.2888846, 0.0070497, , , , , , , , , , , , , , , , , , , , , , , , , , , , 
5.2894038, -0.0129244, , , , , , , 5.2894038, -0.0025177, , , , , , , 5.2894038, -0.0005035, , , , , , , 5.2894038, 0.0095674, , , , , , , , , , , , , , , , , , , , , , , , , , , , 
5.2899231, -0.0297093, , , , , , , 5.2899231, 0.0065461, , , , , , , 5.2899231, -0.012253, , , , , , , 5.2899231, 0.0125887, , , , , , , , , , , , , , , , , , , , , , , , , , , , 
5.2904423, -0.0451514, , , , , , , 5.2904423, 0.0146029, , , , , , , 5.2904423, -0.0198062, , , , , , , 5.2904423, 0.0142672, , , , , , , , , , , , , , , , , , , , , , , , , , , , 
5.2909615, -0.0528725, , , , , , , 5.2909615, 0.0243381, , , , , , , 5.2909615, -0.0196384, , , , , , , 5.2909615, 0.0159457, , , , , , , , , , , , , , , , , , , , , , , , , , , , 
5.2914808, -0.0589151, , , , , , , 5.2914808, 0.0317235, , , , , , , 5.2914808, -0.0152743, , , , , , , 5.2914808, 0.0184634, , , , , , , , , , , , , , , , , , , , , , , , , , , , 
5.292, -0.0585794, , , , , , , 5.292, 0.0305486, , , , , , , 5.292, -0.0117494, , , , , , , 5.292, 0.0213169, , , , , , , , , , , , , , , , , , , , , , , , , , , , 
5.2925192, -0.0513619, , , , , , , 5.2925192, 0.0320592, , , , , , , 5.2925192, -0.0099031, , , , , , , 5.2925192, 0.0223239, , , , , , , , , , , , , , , , , , , , , , , , , , , , 
5.2930385, -0.0387732, , , , , , , 5.2930385, 0.0446479, , , , , , , 5.2930385, -0.0109102, , , , , , , 5.2930385, 0.0209812, , , , , , , , , , , , , , , , , , , , , , , , , , , , 
5.2935577, -0.0238346, , , , , , , 5.2935577, 0.0555581, , , , , , , 5.2935577, -0.0203098, , , , , , , 5.2935577, 0.0196384, , , , , , , , , , , , , , , , , , , , , , , , , , , , 
5.2940769, -0.0112459, , , , , , , 5.2940769, 0.0535439, , , , , , , 5.2940769, -0.033402, , , , , , , 5.2940769, 0.0172885, , , , , , , , , , , , , , , , , , , , , , , , , , , , 
5.2945962, -0.0023499, , , , , , , 5.2945962, 0.0424659, , , , , , , 5.2945962, -0.0464942, , , , , , , 5.2945962, 0.0159457, , , , , , , , , , , , , , , , , , , , , , , , , , , , 
5.2951154, 0.0043641, , , , , , , 5.2951154, 0.0226596, , , , , , , 5.2951154, -0.0575723, , , , , , , 5.2951154, 0.0176242, , , , , , , , , , , , , , , , , , , , , , , , , , , , 
5.2956346, 0.0085603, , , , , , , 5.2956346, -0.0043641, , , , , , , 5.2956346, -0.0686503, , , , , , , 5.2956346, 0.0196384, , , , , , , , , , , , , , , , , , , , , , , , , , , , 
5.2961538, 0.0105745, , , , , , , 5.2961538, -0.0218204, , , , , , , 5.2961538, -0.0750286, , , , , , , 5.2961538, 0.0179599, , , , , , , , , , , , , , , , , , , , , , , , , , , , 
5.2966731, 0.0095674, , , , , , , 5.2966731, -0.0297093, , , , , , , 5.2966731, -0.0753643, , , , , , , 5.2966731, 0.0171206, , , , , , , , , , , , , , , , , , , , , , , , , , , , 
5.2971923, 0.0078889, , , , , , , 5.2971923, -0.0417945, , , , , , , 5.2971923, -0.0708324, , , , , , , 5.2971923, 0.0179599, , , , , , , , , , , , , , , , , , , , , , , , , , , , 
5.2977115, 0.0062104, , , , , , , 5.2977115, -0.054551, , , , , , , 5.2977115, -0.0673075, , , , , , , 5.2977115, 0.0206455, , , , , , , , , , , , , , , , , , , , , , , , , , , , 
5.2982308, 0.0058747, , , , , , , 5.2982308, -0.0533761, , , , , , , 5.2982308, -0.0656291, , , , , , , 5.2982308, 0.0206455, , , , , , , , , , , , , , , , , , , , , , , , , , , , 
5.29875, 0.0109102, , , , , , , 5.29875, -0.0342412, , , , , , , 5.29875, -0.0639506, , , , , , , 5.29875, 0.0198062, , , , , , , , , , , , , , , , , , , , , , , , , , , , 
5.2992692, 0.0186313, , , , , , , 5.2992692, -0.0041962, , , , , , , 5.2992692, -0.0552224, , , , , , , 5.2992692, 0.0159457, , , , , , , , , , , , , , , , , , , , , , , , , , , , 
5.2997885, 0.0240024, , , , , , , 5.2997885, 0.0198062, , , , , , , 5.2997885, -0.0381018, , , , , , , 5.2997885, 0.0119173, , , , , , , , , , , , , , , , , , , , , , , , , , , , 
5.3003077, 0.0209812, , , , , , , 5.3003077, 0.0320592, , , , , , , 5.3003077, -0.0203098, , , , , , , 5.3003077, 0.0085603, , , , , , , , , , , , , , , , , , , , , , , , , , , , 
5.3008269, 0.0206455, , , , , , , 5.3008269, 0.036759, , , , , , , 5.3008269, -0.0036927, , , , , , , 5.3008269, 0.0068818, , , , , , , , , , , , , , , , , , , , , , , , , , , , 
5.3013462, 0.0253452, , , , , , , 5.3013462, 0.033402, , , , , , , 5.3013462, 0.008896, , , , , , , 5.3013462, 0.0062104, , , , , , , , , , , , , , , , , , , , , , , , , , , , 
5.3018654, 0.0307164, , , , , , , 5.3018654, 0.0236667, , , , , , , 5.3018654, 0.018967, , , , , , , 5.3018654, 0.005539, , , , , , , , , , , , , , , , , , , , , , , , , , , , 
5.3023846, 0.0424659, , , , , , , 5.3023846, 0.0166171, , , , , , , 5.3023846, 0.0260166, , , , , , , 5.3023846, 0.0030213, , , , , , , , , , , , , , , , , , , , , , , , , , , , 
5.3029038, 0.0548867, , , , , , , 5.3029038, 0.0162814, , , , , , , 5.3029038, 0.030045, , , , , , , 5.3029038, -0.0031891, , , , , , , , , , , , , , , , , , , , , , , , , , , , 
5.3034231, 0.0629435, , , , , , , 5.3034231, 0.0179599, , , , , , , 5.3034231, 0.0327306, , , , , , , 5.3034231, -0.0085603, , , , , , , , , , , , , , , , , , , , , , , , , , , , 
5.3039423, 0.0703288, , , , , , , 5.3039423, 0.0206455, , , , , , , 5.3039423, 0.0317235, , , , , , , 5.3039423, -0.0078889, , , , , , , , , , , , , , , , , , , , , , , , , , , , 
5.3044615, 0.0750286, , , , , , , 5.3044615, 0.0273594, , , , , , , 5.3044615, 0.0270237, , , , , , , 5.3044615, -0.0048676, , , , , , , , , , , , , , , , , , , , , , , , , , , , 
5.3049808, 0.0706645, , , , , , , 5.3049808, 0.0323949, , , , , , , 5.3049808, 0.0172885, , , , , , , 5.3049808, -0.0038605, , , , , , , , , , , , , , , , , , , , , , , , , , , , 
5.3055, 0.0664683, , , , , , , 5.3055, 0.0305486, , , , , , , 5.3055, 0.008896, , , , , , , 5.3055, -0.002182, , , , , , , , , , , , , , , , , , , , , , , , , , , , 
5.3060192, 0.0626078, , , , , , , 5.3060192, 0.026688, , , , , , , 5.3060192, 0.0011749, , , , , , , 5.3060192, 0.0001678, , , , , , , , , , , , , , , , , , , , , , , , , , , , 
5.3065385, 0.0501869, , , , , , , 5.3065385, 0.0240024, , , , , , , 5.3065385, -0.005539, , , , , , , 5.3065385, 0.0011749, , , , , , , , , , , , , , , , , , , , , , , , , , , , 
5.3070577, 0.0340734, , , , , , , 5.3070577, 0.0182956, , , , , , , 5.3070577, -0.0072175, , , , , , , 5.3070577, 0.0031891, , , , , , , , , , , , , , , , , , , , , , , , , , , , 
5.3075769, 0.0246738, , , , , , , 5.3075769, 0.0132601, , , , , , , 5.3075769, 0.0001678, , , , , , , 5.3075769, 0.0092317, , , , , , , , , , , , , , , , , , , , , , , , , , , , 
5.3080962, 0.0181277, , , , , , , 5.3080962, 0.0114137, , , , , , , 5.3080962, 0.0105745, , , , , , , 5.3080962, 0.0139315, , , , , , , , , , , , , , , , , , , , , , , , , , , , 
5.3086154, 0.0078889, , , , , , , 5.3086154, 0.0041962, , , , , , , 5.3086154, 0.0112459, , , , , , , 5.3086154, 0.0159457, , , , , , , , , , , , , , , , , , , , , , , , , , , , 
5.3091346, -0.008896, , , , , , , 5.3091346, -0.0075532, , , , , , , 5.3091346, 0.0099031, , , , , , , 5.3091346, 0.018967, , , , , , , , , , , , , , , , , , , , , , , , , , , , 
5.3096538, -0.0240024, , , , , , , 5.3096538, -0.0162814, , , , , , , 5.3096538, 0.0159457, , , , , , , 5.3096538, 0.0206455, , , , , , , , , , , , , , , , , , , , , , , , , , , , 
5.3101731, -0.0320592, , , , , , , 5.3101731, -0.0162814, , , , , , , 5.3101731, 0.0229953, , , , , , , 5.3101731, 0.0216526, , , , , , , , , , , , , , , , , , , , , , , , , , , , 
5.3106923, -0.0377661, , , , , , , 5.3106923, -0.0129244, , , , , , , 5.3106923, 0.0236667, , , , , , , 5.3106923, 0.0240024, , , , , , , , , , , , , , , , , , , , , , , , , , , , 
5.3112115, -0.0411231, , , , , , , 5.3112115, -0.0149386, , , , , , , 5.3112115, 0.0162814, , , , , , , 5.3112115, 0.0253452, , , , , , , , , , , , , , , , , , , , , , , , , , , , 
5.3117308, -0.0464942, , , , , , , 5.3117308, -0.0280308, , , , , , , 5.3117308, 0.0018463, , , , , , , 5.3117308, 0.0251774, , , , , , , , , , , , , , , , , , , , , , , , , , , , 
5.31225, -0.0438087, , , , , , , 5.31225, -0.0370947, , , , , , , 5.31225, -0.0149386, , , , , , , 5.31225, 0.0229953, , , , , , , , , , , , , , , , , , , , , , , , , , , , 
5.3127692, -0.030045, , , , , , , 5.3127692, -0.0162814, , , , , , , 5.3127692, -0.0263523, , , , , , , 5.3127692, 0.0203098, , , , , , , , , , , , , , , , , , , , , , , , , , , , 
5.3132885, -0.0139315, , , , , , , 5.3132885, 0.0226596, , , , , , , 5.3132885, -0.0370947, , , , , , , 5.3132885, 0.0186313, , , , , , , , , , , , , , , , , , , , , , , , , , , , 
5.3138077, -0.005539, , , , , , , 5.3138077, 0.0555581, , , , , , , 5.3138077, -0.0498512, , , , , , , 5.3138077, 0.0184634, , , , , , , , , , , , , , , , , , , , , , , , , , , , 
5.3143269, 0.0005035, , , , , , , 5.3143269, 0.0703288, , , , , , , 5.3143269, -0.0595865, , , , , , , 5.3143269, 0.0179599, , , , , , , , , , , , , , , , , , , , , , , , , , , , 
5.3148462, 0.0052033, , , , , , , 5.3148462, 0.0656291, , , , , , , 5.3148462, -0.0607614, , , , , , , 5.3148462, 0.0137636, , , , , , , , , , , , , , , , , , , , , , , , , , , , 
5.3153654, 0.0099031, , , , , , , 5.3153654, 0.0485084, , , , , , , 5.3153654, -0.0569009, , , , , , , 5.3153654, 0.0083925, , , , , , , , , , , , , , , , , , , , , , , , , , , , 
5.3158846, 0.0142672, , , , , , , 5.3158846, 0.0219883, , , , , , , 5.3158846, -0.054551, , , , , , , 5.3158846, 0.0065461, , , , , , , , , , , , , , , , , , , , , , , , , , , , 
5.3164038, 0.0204776, , , , , , , 5.3164038, -0.010071, , , , , , , 5.3164038, -0.051194, , , , , , , 5.3164038, 0.0062104, , , , , , , , , , , , , , , , , , , , , , , , , , , , 
5.3169231, 0.0280308, , , , , , , 5.3169231, -0.0381018, , , , , , , 5.3169231, -0.0458228, , , , , , , 5.3169231, 0.0082246, , , , , , , , , , , , , , , , , , , , , , , , , , , , 
5.3174423, 0.0297093, , , , , , , 5.3174423, -0.0558938, , , , , , , 5.3174423, -0.0379339, , , , , , , 5.3174423, 0.0146029, , , , , , , , , , , , , , , , , , , , , , , , , , , , 
5.3179615, 0.0280308, , , , , , , 5.3179615, -0.0673075, , , , , , , 5.3179615, -0.0283665, , , , , , , 5.3179615, 0.0226596, , , , , , , , , , , , , , , , , , , , , , , , , , , , 
5.3184808, 0.0290379, , , , , , , 5.3184808, -0.0703288, , , , , , , 5.3184808, -0.0204776, , , , , , , 5.3184808, 0.0280308, , , , , , , , , , , , , , , , , , , , , , , , , , , , 
5.319, 0.0330663, , , , , , , 5.319, -0.0652934, , , , , , , 5.319, -0.012253, , , , , , , 5.319, 0.0293736, , , , , , , , , , , , , , , , , , , , , , , , , , , , 
5.3195192, 0.0327306, , , , , , , 5.3195192, -0.0626078, , , , , , , 5.3195192, -0.005539, , , , , , , 5.3195192, 0.0293736, , , , , , , , , , , , , , , , , , , , , , , , , , , , 
5.3200385, 0.0270237, , , , , , , 5.3200385, -0.0636149, , , , , , , 5.3200385, -0.0041962, , , , , , , 5.3200385, 0.0330663, , , , , , , , , , , , , , , , , , , , , , , , , , , , 
5.3205577, 0.0206455, , , , , , , 5.3205577, -0.0609293, , , , , , , 5.3205577, -0.0018463, , , , , , , 5.3205577, 0.0374304, , , , , , , , , , , , , , , , , , , , , , , , , , , , 
5.3210769, 0.0152743, , , , , , , 5.3210769, -0.0538796, , , , , , , 5.3210769, 0.0072175, , , , , , , 5.3210769, 0.0397803, , , , , , , , , , , , , , , , , , , , , , , , , , , , 
5.3215962, 0.0159457, , , , , , , 5.3215962, -0.0357519, , , , , , , 5.3215962, 0.0146029, , , , , , , 5.3215962, 0.0414588, , , , , , , , , , , , , , , , , , , , , , , , , , , , 
5.3221154, 0.0273594, , , , , , , 5.3221154, -0.0095674, , , , , , , 5.3221154, 0.0152743, , , , , , , 5.3221154, 0.0364233, , , , , , , , , , , , , , , , , , , , , , , , , , , , 
5.3226346, 0.0394446, , , , , , , 5.3226346, 0.008896, , , , , , , 5.3226346, 0.0140993, , , , , , , 5.3226346, 0.0246738, , , , , , , , , , , , , , , , , , , , , , , , , , , , 
5.3231538, 0.0428016, , , , , , , 5.3231538, 0.0159457, , , , , , , 5.3231538, 0.01561, , , , , , , 5.3231538, 0.0159457, , , , , , , , , , , , , , , , , , , , , , , , , , , , 
5.3236731, 0.0441444, , , , , , , 5.3236731, 0.0132601, , , , , , , 5.3236731, 0.0179599, , , , , , , 5.3236731, 0.011078, , , , , , , , , , , , , , , , , , , , , , , , , , , , 
5.3241923, 0.0464942, , , , , , , 5.3241923, 0.0046998, , , , , , , 5.3241923, 0.0186313, , , , , , , 5.3241923, 0.0062104, , , , , , , , , , , , , , , , , , , , , , , , , , , , 
5.3247115, 0.0498512, , , , , , , 5.3247115, -0.0041962, , , , , , , 5.3247115, 0.0172885, , , , , , , 5.3247115, 0.0018463, , , , , , , , , , , , , , , , , , , , , , , , , , , , 
5.3252308, 0.0518654, , , , , , , 5.3252308, -0.0082246, , , , , , , 5.3252308, 0.0146029, , , , , , , 5.3252308, 0.0005035, , , , , , , , , , , , , , , , , , , , , , , , , , , , 
5.32575, 0.0454871, , , , , , , 5.32575, -0.0062104, , , , , , , 5.32575, 0.0112459, , , , , , , 5.32575, 0.0031891, , , , , , , , , , , , , , , , , , , , , , , , , , , , 
5.3262692, 0.036759, , , , , , , 5.3262692, 0.0072175, , , , , , , 5.3262692, 0.0099031, , , , , , , 5.3262692, 0.0075532, , , , , , , , , , , , , , , , , , , , , , , , , , , , 
5.3267885, 0.030045, , , , , , , 5.3267885, 0.0374304, , , , , , , 5.3267885, 0.011078, , , , , , , 5.3267885, 0.0090639, , , , , , , , , , , , , , , , , , , , , , , , , , , , 
5.3273077, 0.0186313, , , , , , , 5.3273077, 0.0642863, , , , , , , 5.3273077, 0.0159457, , , , , , , 5.3273077, 0.0085603, , , , , , , , , , , , , , , , , , , , , , , , , , , , 
5.3278269, -0.0001678, , , , , , , 5.3278269, 0.0397803, , , , , , , 5.3278269, 0.0206455, , , , , , , 5.3278269, 0.0092317, , , , , , , , , , , , , , , , , , , , , , , , , , , , 
5.3283462, -0.0166171, , , , , , , 5.3283462, -0.0162814, , , , , , , 5.3283462, 0.0219883, , , , , , , 5.3283462, 0.0112459, , , , , , , , , , , , , , , , , , , , , , , , , , , , 
5.3288654, -0.0290379, , , , , , , 5.3288654, -0.0518654, , , , , , , 5.3288654, 0.024506, , , , , , , 5.3288654, 0.012253, , , , , , , , , , , , , , , , , , , , , , , , , , , , 
5.3293846, -0.0407874, , , , , , , 5.3293846, -0.0538796, , , , , , , 5.3293846, 0.0280308, , , , , , , 5.3293846, 0.0124208, , , , , , , , , , , , , , , , , , , , , , , , , , , , 
5.3299038, -0.0522011, , , , , , , 5.3299038, -0.0421302, , , , , , , 5.3299038, 0.0287022, , , , , , , 5.3299038, 0.0109102, , , , , , , , , , , , , , , , , , , , , , , , , , , , 
5.3304231, -0.0585794, , , , , , , 5.3304231, -0.0360876, , , , , , , 5.3304231, 0.0260166, , , , , , , 5.3304231, 0.0105745, , , , , , , , , , , , , , , , , , , , , , , , , , , , 
5.3309423, -0.0605936, , , , , , , 5.3309423, -0.0421302, , , , , , , 5.3309423, 0.0250095, , , , , , , 5.3309423, 0.0119173, , , , , , , , , , , , , , , , , , , , , , , , , , , , 
5.3314615, -0.056733, , , , , , , 5.3314615, -0.0485084, , , , , , , 5.3314615, 0.0256809, , , , , , , 5.3314615, 0.0132601, , , , , , , , , , , , , , , , , , , , , , , , , , , , 
5.3319808, -0.0466621, , , , , , , 5.3319808, -0.0421302, , , , , , , 5.3319808, 0.0240024, , , , , , , 5.3319808, 0.0102388, , , , , , , , , , , , , , , , , , , , , , , , , , , , 
5.3325, -0.0323949, , , , , , , 5.3325, -0.0448157, , , , , , , 5.3325, 0.0193027, , , , , , , 5.3325, 0.0050355, , , , , , , , , , , , , , , , , , , , , , , , , , , , 
5.3330192, -0.018967, , , , , , , 5.3330192, -0.0760357, , , , , , , 5.3330192, 0.0142672, , , , , , , 5.3330192, 0.0015106, , , , , , , , , , , , , , , , , , , , , , , , , , , , 
5.3335385, -0.0082246, , , , , , , 5.3335385, -0.1136339, , , , , , , 5.3335385, 0.0104067, , , , , , , 5.3335385, 0.0008392, , , , , , , , , , , , , , , , , , , , , , , , , , , , 
5.3340577, 0.0043641, , , , , , , 5.3340577, -0.128069, , , , , , , 5.3340577, 0.0068818, , , , , , , 5.3340577, -0.0005035, , , , , , , , , , , , , , , , , , , , , , , , , , , , 
5.3345769, 0.0115816, , , , , , , 5.3345769, -0.1176623, , , , , , , 5.3345769, 0.0031891, , , , , , , 5.3345769, -0.002182, , , , , , , , , , , , , , , , , , , , , , , , , , , , 
5.3350962, 0.0104067, , , , , , , 5.3350962, -0.0928206, , , , , , , 5.3350962, 0.0005035, , , , , , , 5.3350962, -0.0041962, , , , , , , , , , , , , , , , , , , , , , , , , , , , 
5.3356154, 0.0109102, , , , , , , 5.3356154, -0.064622, , , , , , , 5.3356154, -0.0015106, , , , , , , 5.3356154, -0.0038605, , , , , , , , , , , , , , , , , , , , , , , , , , , , 
5.3361346, 0.0159457, , , , , , , 5.3361346, -0.0344091, , , , , , , 5.3361346, -0.0045319, , , , , , , 5.3361346, -0.0028534, , , , , , , , , , , , , , , , , , , , , , , , , , , , 
5.3366538, 0.0219883, , , , , , , 5.3366538, 0.0045319, , , , , , , 5.3366538, -0.0095674, , , , , , , 5.3366538, -0.0016785, , , , , , , , , , , , , , , , , , , , , , , , , , , , 
5.3371731, 0.0298772, , , , , , , 5.3371731, 0.036759, , , , , , , 5.3371731, -0.0169528, , , , , , , 5.3371731, -0.0011749, , , , , , , , , , , , , , , , , , , , , , , , , , , , 
5.3376923, 0.0313878, , , , , , , 5.3376923, 0.0419623, , , , , , , 5.3376923, -0.0229953, , , , , , , 5.3376923, -0.0015106, , , , , , , , , , , , , , , , , , , , , , , , , , , , 
5.3382115, 0.03122, , , , , , , 5.3382115, 0.0330663, , , , , , , 5.3382115, -0.0240024, , , , , , , 5.3382115, 0.0003357, , , , , , , , , , , , , , , , , , , , , , , , , , , , 
5.3387308, 0.0339055, , , , , , , 5.3387308, 0.026688, , , , , , , 5.3387308, -0.0223239, , , , , , , 5.3387308, 0.0035248, , , , , , , , , , , , , , , , , , , , , , , , , , , , 
5.33925, 0.0344091, , , , , , , 5.33925, 0.0263523, , , , , , , 5.33925, -0.0223239, , , , , , , 5.33925, 0.0063783, , , , , , , , , , , , , , , , , , , , , , , , , , , , 
5.3397692, 0.0382696, , , , , , , 5.3397692, 0.0256809, , , , , , , 5.3397692, -0.0216526, , , , , , , 5.3397692, 0.0095674, , , , , , , , , , , , , , , , , , , , , , , , , , , , 
5.3402885, 0.04448, , , , , , , 5.3402885, 0.0196384, , , , , , , 5.3402885, -0.0166171, , , , , , , 5.3402885, 0.0125887, , , , , , , , , , , , , , , , , , , , , , , , , , , , 
5.3408077, 0.0394446, , , , , , , 5.3408077, 0.0154421, , , , , , , 5.3408077, -0.0085603, , , , , , , 5.3408077, 0.0152743, , , , , , , , , , , , , , , , , , , , , , , , , , , , 
5.3413269, 0.0342412, , , , , , , 5.3413269, 0.0169528, , , , , , , 5.3413269, -0.005539, , , , , , , 5.3413269, 0.0196384, , , , , , , , , , , , , , , , , , , , , , , , , , , , 
5.3418462, 0.0414588, , , , , , , 5.3418462, 0.0159457, , , , , , , 5.3418462, -0.0095674, , , , , , , 5.3418462, 0.0226596, , , , , , , , , , , , , , , , , , , , , , , , , , , , 
5.3423654, 0.0548867, , , , , , , 5.3423654, 0.011078, , , , , , , 5.3423654, -0.0135958, , , , , , , 5.3423654, 0.023331, , , , , , , , , , , , , , , , , , , , , , , , , , , , 
5.3428846, 0.0652934, , , , , , , 5.3428846, 0.0028534, , , , , , , 5.3428846, -0.014435, , , , , , , 5.3428846, 0.0240024, , , , , , , , , , , , , , , , , , , , , , , , , , , , 
5.3434038, 0.072343, , , , , , , 5.3434038, -0.0015106, , , , , , , 5.3434038, -0.0176242, , , , , , , 5.3434038, 0.0243381, , , , , , , , , , , , , , , , , , , , , , , , , , , , 
5.3439231, 0.0757, , , , , , , 5.3439231, -0.0023499, , , , , , , 5.3439231, -0.0216526, , , , , , , 5.3439231, 0.018967, , , , , , , , , , , , , , , , , , , , , , , , , , , , 
5.3444423, 0.0736858, , , , , , , 5.3444423, -0.0083925, , , , , , , 5.3444423, -0.0280308, , , , , , , 5.3444423, 0.0099031, , , , , , , , , , , , , , , , , , , , , , , , , , , , 
5.3449615, 0.0696574, , , , , , , 5.3449615, -0.0193027, , , , , , , 5.3449615, -0.0340734, , , , , , , 5.3449615, 0.0035248, , , , , , , , , , , , , , , , , , , , , , , , , , , , 
5.3454808, 0.0619364, , , , , , , 5.3454808, -0.0159457, , , , , , , 5.3454808, -0.0318914, , , , , , , 5.3454808, 0.0041962, , , , , , , , , , , , , , , , , , , , , , , , , , , , 
5.346, 0.0547189, , , , , , , 5.346, 0.0028534, , , , , , , 5.346, -0.0256809, , , , , , , 5.346, 0.0075532, , , , , , , , , , , , , , , , , , , , , , , , , , , , 
5.3465192, 0.0475013, , , , , , , 5.3465192, 0.0159457, , , , , , , 5.3465192, -0.0219883, , , , , , , 5.3465192, 0.0105745, , , , , , , , , , , , , , , , , , , , , , , , , , , , 
5.3470385, 0.0421302, , , , , , , 5.3470385, 0.0146029, , , , , , , 5.3470385, -0.0229953, , , , , , , 5.3470385, 0.0109102, , , , , , , , , , , , , , , , , , , , , , , , , , , , 
5.3475577, 0.0347448, , , , , , , 5.3475577, 0.0142672, , , , , , , 5.3475577, -0.0256809, , , , , , , 5.3475577, 0.0105745, , , , , , , , , , , , , , , , , , , , , , , , , , , , 
5.3480769, 0.0251774, , , , , , , 5.3480769, 0.0199741, , , , , , , 5.3480769, -0.0263523, , , , , , , 5.3480769, 0.0105745, , , , , , , , , , , , , , , , , , , , , , , , , , , , 
5.3485962, 0.0087282, , , , , , , 5.3485962, 0.0226596, , , , , , , 5.3485962, -0.0270237, , , , , , , 5.3485962, 0.0125887, , , , , , , , , , , , , , , , , , , , , , , , , , , , 
5.3491154, -0.0109102, , , , , , , 5.3491154, 0.0229953, , , , , , , 5.3491154, -0.0260166, , , , , , , 5.3491154, 0.0135958, , , , , , , , , , , , , , , , , , , , , , , , , , , , 
5.3496346, -0.0236667, , , , , , , 5.3496346, 0.0273594, , , , , , , 5.3496346, -0.026688, , , , , , , 5.3496346, 0.01561, , , , , , , , , , , , , , , , , , , , , , , , , , , , 
5.3501538, -0.0337377, , , , , , , 5.3501538, 0.0374304, , , , , , , 5.3501538, -0.0243381, , , , , , , 5.3501538, 0.0179599, , , , , , , , , , , , , , , , , , , , , , , , , , , , 
5.3506731, -0.0397803, , , , , , , 5.3506731, 0.0448157, , , , , , , 5.3506731, -0.0171206, , , , , , , 5.3506731, 0.0196384, , , , , , , , , , , , , , , , , , , , , , , , , , , , 
5.3511923, -0.0471656, , , , , , , 5.3511923, 0.0417945, , , , , , , 5.3511923, -0.0097353, , , , , , , 5.3511923, 0.0186313, , , , , , , , , , , , , , , , , , , , , , , , , , , , 
5.3517115, -0.0532082, , , , , , , 5.3517115, 0.0340734, , , , , , , 5.3517115, -0.0041962, , , , , , , 5.3517115, 0.0169528, , , , , , , , , , , , , , , , , , , , , , , , , , , , 
5.3522308, -0.0528725, , , , , , , 5.3522308, 0.026688, , , , , , , 5.3522308, -0.0003357, , , , , , , 5.3522308, 0.0132601, , , , , , , , , , , , , , , , , , , , , , , , , , , , 
5.35275, -0.0451514, , , , , , , 5.35275, 0.0206455, , , , , , , 5.35275, 0.0031891, , , , , , , 5.35275, 0.0092317, , , , , , , , , , , , , , , , , , , , , , , , , , , , 
5.3532692, -0.0347448, , , , , , , 5.3532692, 0.01561, , , , , , , 5.3532692, 0.0018463, , , , , , , 5.3532692, 0.0072175, , , , , , , , , , , , , , , , , , , , , , , , , , , , 
5.3537885, -0.0256809, , , , , , , 5.3537885, 0.0125887, , , , , , , 5.3537885, -0.0035248, , , , , , , 5.3537885, 0.0058747, , , , , , , , , , , , , , , , , , , , , , , , , , , , 
5.3543077, -0.023331, , , , , , , 5.3543077, 0.0179599, , , , , , , 5.3543077, -0.0035248, , , , , , , 5.3543077, 0.0052033, , , , , , , , , , , , , , , , , , , , , , , , , , , , 
5.3548269, -0.0182956, , , , , , , 5.3548269, 0.0166171, , , , , , , 5.3548269, 0.0052033, , , , , , , 5.3548269, 0.0060426, , , , , , , , , , , , , , , , , , , , , , , , , , , , 
5.3553462, -0.012253, , , , , , , 5.3553462, 0.0001678, , , , , , , 5.3553462, 0.0085603, , , , , , , 5.3553462, 0.0104067, , , , , , , , , , , , , , , , , , , , , , , , , , , , 
5.3558654, -0.0097353, , , , , , , 5.3558654, -0.0142672, , , , , , , 5.3558654, 0.0008392, , , , , , , 5.3558654, 0.0109102, , , , , , , , , , , , , , , , , , , , , , , , , , , , 
5.3563846, -0.0057069, , , , , , , 5.3563846, -0.0142672, , , , , , , 5.3563846, -0.0132601, , , , , , , 5.3563846, 0.008896, , , , , , , , , , , , , , , , , , , , , , , , , , , , 
5.3569038, 0.0025177, , , , , , , 5.3569038, -0.0052033, , , , , , , 5.3569038, -0.0273594, , , , , , , 5.3569038, 0.0092317, , , , , , , , , , , , , , , , , , , , , , , , , , , , 
5.3574231, 0.0085603, , , , , , , 5.3574231, -0.002182, , , , , , , 5.3574231, -0.0375982, , , , , , , 5.3574231, 0.0132601, , , , , , , , , , , , , , , , , , , , , , , , , , , , 
5.3579423, 0.0112459, , , , , , , 5.3579423, -0.0030213, , , , , , , 5.3579423, -0.0459907, , , , , , , 5.3579423, 0.0166171, , , , , , , , , , , , , , , , , , , , , , , , , , , , 
5.3584615, 0.0119173, , , , , , , 5.3584615, 0.0159457, , , , , , , 5.3584615, -0.0569009, , , , , , , 5.3584615, 0.0162814, , , , , , , , , , , , , , , , , , , , , , , , , , , , 
5.3589808, 0.0159457, , , , , , , 5.3589808, 0.0391089, , , , , , , 5.3589808, -0.0666361, , , , , , , 5.3589808, 0.0194705, , , , , , , , , , , , , , , , , , , , , , , , , , , , 
5.3595, 0.0182956, , , , , , , 5.3595, 0.0320592, , , , , , , 5.3595, -0.0694896, , , , , , , 5.3595, 0.024506, , , , , , , , , , , , , , , , , , , , , , , , , , , , 
5.3600192, 0.0132601, , , , , , , 5.3600192, -0.0082246, , , , , , , 5.3600192, -0.0652934, , , , , , , 5.3600192, 0.0270237, , , , , , , , , , , , , , , , , , , , , , , , , , , , 
5.3605385, 0.0095674, , , , , , , 5.3605385, -0.0485084, , , , , , , 5.3605385, -0.0594186, , , , , , , 5.3605385, 0.0276951, , , , , , , , , , , , , , , , , , , , , , , , , , , , 
5.3610577, 0.0159457, , , , , , , 5.3610577, -0.063447, , , , , , , 5.3610577, -0.051194, , , , , , , 5.3610577, 0.0270237, , , , , , , , , , , , , , , , , , , , , , , , , , , , 
5.3615769, 0.0256809, , , , , , , 5.3615769, -0.0636149, , , , , , , 5.3615769, -0.0391089, , , , , , , 5.3615769, 0.0246738, , , , , , , , , , , , , , , , , , , , , , , , , , , , 
5.3620962, 0.036759, , , , , , , 5.3620962, -0.0560616, , , , , , , 5.3620962, -0.0256809, , , , , , , 5.3620962, 0.0204776, , , , , , , , , , , , , , , , , , , , , , , , , , , , 
5.3626154, 0.0522011, , , , , , , 5.3626154, -0.0506905, , , , , , , 5.3626154, -0.0146029, , , , , , , 5.3626154, 0.011078, , , , , , , , , , , , , , , , , , , , , , , , , , , , 
5.3631346, 0.0683146, , , , , , , 5.3631346, -0.0666361, , , , , , , 5.3631346, -0.008896, , , , , , , 5.3631346, 0.0025177, , , , , , , , , , , , , , , , , , , , , , , , , , , , 
5.3636538, 0.0767071, , , , , , , 5.3636538, -0.0929885, , , , , , , 5.3636538, -0.0045319, , , , , , , 5.3636538, 0.0001678, , , , , , , , , , , , , , , , , , , , , , , , , , , , 
5.3641731, 0.0793927, , , , , , , 5.3641731, -0.1038987, , , , , , , 5.3641731, 0.0025177, , , , , , , 5.3641731, -0.0001678, , , , , , , , , , , , , , , , , , , , , , , , , , , , 
5.3646923, 0.0793927, , , , , , , 5.3646923, -0.0951705, , , , , , , 5.3646923, 0.0092317, , , , , , , 5.3646923, 0.0018463, , , , , , , , , , , , , , , , , , , , , , , , , , , , 
5.3652115, 0.0788891, , , , , , , 5.3652115, -0.0706645, , , , , , , 5.3652115, 0.0139315, , , , , , , 5.3652115, 0.0036927, , , , , , , , , , , , , , , , , , , , , , , , , , , , 
5.3657308, 0.0750286, , , , , , , 5.3657308, -0.0298772, , , , , , , 5.3657308, 0.0149386, , , , , , , 5.3657308, 0.0023499, , , , , , , , , , , , , , , , , , , , , , , , , , , , 
5.36625, 0.0652934, , , , , , , 5.36625, 0.0090639, , , , , , , 5.36625, 0.0129244, , , , , , , 5.36625, 0.0008392, , , , , , , , , , , , , , , , , , , , , , , , , , , , 
5.3667692, 0.054551, , , , , , , 5.3667692, 0.0218204, , , , , , , 5.3667692, 0.0125887, , , , , , , 5.3667692, 0.0030213, , , , , , , , , , , , , , , , , , , , , , , , , , , , 
5.3672885, 0.0458228, , , , , , , 5.3672885, 0.0152743, , , , , , , 5.3672885, 0.0119173, , , , , , , 5.3672885, 0.0062104, , , , , , , , , , , , , , , , , , , , , , , , , , , , 
5.3678077, 0.0330663, , , , , , , 5.3678077, 0.0052033, , , , , , , 5.3678077, 0.008896, , , , , , , 5.3678077, 0.0090639, , , , , , , , , , , , , , , , , , , , , , , , , , , , 
5.3683269, 0.0203098, , , , , , , 5.3683269, -0.0025177, , , , , , , 5.3683269, 0.0082246, , , , , , , 5.3683269, 0.0139315, , , , , , , , , , , , , , , , , , , , , , , , , , , , 
5.3688462, 0.0058747, , , , , , , 5.3688462, -0.0078889, , , , , , , 5.3688462, 0.0072175, , , , , , , 5.3688462, 0.0172885, , , , , , , , , , , , , , , , , , , , , , , , , , , , 
5.3693654, -0.0102388, , , , , , , 5.3693654, -0.0112459, , , , , , , 5.3693654, 0.0058747, , , , , , , 5.3693654, 0.0182956, , , , , , , , , , , , , , , , , , , , , , , , , , , , 
5.3698846, -0.0260166, , , , , , , 5.3698846, -0.008896, , , , , , , 5.3698846, 0.005539, , , , , , , 5.3698846, 0.0224918, , , , , , , , , , , , , , , , , , , , , , , , , , , , 
5.3704038, -0.0391089, , , , , , , 5.3704038, 0.0035248, , , , , , , 5.3704038, 0.0062104, , , , , , , 5.3704038, 0.026688, , , , , , , , , , , , , , , , , , , , , , , , , , , , 
5.3709231, -0.0451514, , , , , , , 5.3709231, 0.0223239, , , , , , , 5.3709231, 0.0068818, , , , , , , 5.3709231, 0.0287022, , , , , , , , , , , , , , , , , , , , , , , , , , , , 
5.3714423, -0.0491798, , , , , , , 5.3714423, 0.0372625, , , , , , , 5.3714423, 0.0078889, , , , , , , 5.3714423, 0.0298772, , , , , , , , , , , , , , , , , , , , , , , , , , , , 
5.3719615, -0.0495155, , , , , , , 5.3719615, 0.0377661, , , , , , , 5.3719615, 0.0104067, , , , , , , 5.3719615, 0.0287022, , , , , , , , , , , , , , , , , , , , , , , , , , , , 
5.3724808, -0.0354162, , , , , , , 5.3724808, 0.0199741, , , , , , , 5.3724808, 0.012253, , , , , , , 5.3724808, 0.0260166, , , , , , , , , , , , , , , , , , , , , , , , , , , , 
5.373, -0.0196384, , , , , , , 5.373, 0.0052033, , , , , , , 5.373, 0.0167849, , , , , , , 5.373, 0.023331, , , , , , , , , , , , , , , , , , , , , , , , , , , , 
5.3735192, -0.0124208, , , , , , , 5.3735192, 0.0018463, , , , , , , 5.3735192, 0.0219883, , , , , , , 5.3735192, 0.0226596, , , , , , , , , , , , , , , , , , , , , , , , , , , , 
5.3740385, -0.0115816, , , , , , , 5.3740385, 0.0015106, , , , , , , 5.3740385, 0.0280308, , , , , , , 5.3740385, 0.0240024, , , , , , , , , , , , , , , , , , , , , , , , , , , , 
5.3745577, -0.008896, , , , , , , 5.3745577, 0.0092317, , , , , , , 5.3745577, 0.0339055, , , , , , , 5.3745577, 0.0251774, , , , , , , , , , , , , , , , , , , , , , , , , , , , 
5.3750769, -0.0038605, , , , , , , 5.3750769, 0.030045, , , , , , , 5.3750769, 0.0396124, , , , , , , 5.3750769, 0.0260166, , , , , , , , , , , , , , , , , , , , , , , , , , , , 
5.3755962, 0.0018463, , , , , , , 5.3755962, 0.0495155, , , , , , , 5.3755962, 0.0424659, , , , , , , 5.3755962, 0.0253452, , , , , , , , , , , , , , , , , , , , , , , , , , , , 
5.3761154, 0.0048676, , , , , , , 5.3761154, 0.0763714, , , , , , , 5.3761154, 0.0449836, , , , , , , 5.3761154, 0.0216526, , , , , , , , , , , , , , , , , , , , , , , , , , , , 
5.3766346, 0.0072175, , , , , , , 5.3766346, 0.0965133, , , , , , , 5.3766346, 0.0461585, , , , , , , 5.3766346, 0.0159457, , , , , , , , , , , , , , , , , , , , , , , , , , , , 
5.3771538, 0.0085603, , , , , , , 5.3771538, 0.0844282, , , , , , , 5.3771538, 0.0414588, , , , , , , 5.3771538, 0.0115816, , , , , , , , , , , , , , , , , , , , , , , , , , , , 
5.3776731, 0.0095674, , , , , , , 5.3776731, 0.0421302, , , , , , , 5.3776731, 0.0320592, , , , , , , 5.3776731, 0.008896, , , , , , , , , , , , , , , , , , , , , , , , , , , , 
5.3781923, 0.0119173, , , , , , , 5.3781923, -0.008896, , , , , , , 5.3781923, 0.0231632, , , , , , , 5.3781923, 0.0075532, , , , , , , , , , , , , , , , , , , , , , , , , , , , 
5.3787115, 0.0169528, , , , , , , 5.3787115, -0.0424659, , , , , , , 5.3787115, 0.01561, , , , , , , 5.3787115, 0.0063783, , , , , , , , , , , , , , , , , , , , , , , , , , , , 
5.3792308, 0.0260166, , , , , , , 5.3792308, -0.0488441, , , , , , , 5.3792308, 0.0092317, , , , , , , 5.3792308, 0.0058747, , , , , , , , , , , , , , , , , , , , , , , , , , , , 
5.37975, 0.0332341, , , , , , , 5.37975, -0.051194, , , , , , , 5.37975, -0.0018463, , , , , , , 5.37975, 0.0072175, , , , , , , , , , , , , , , , , , , , , , , , , , , , 
5.3802692, 0.0344091, , , , , , , 5.3802692, -0.0770428, , , , , , , 5.3802692, -0.0182956, , , , , , , 5.3802692, 0.0102388, , , , , , , , , , , , , , , , , , , , , , , , , , , , 
5.3807885, 0.0387732, , , , , , , 5.3807885, -0.1129625, , , , , , , 5.3807885, -0.0350805, , , , , , , 5.3807885, 0.0104067, , , , , , , , , , , , , , , , , , , , , , , , , , , , 
5.3813077, 0.0387732, , , , , , , 5.3813077, -0.1305867, , , , , , , 5.3813077, -0.047837, , , , , , , 5.3813077, 0.0095674, , , , , , , , , , , , , , , , , , , , , , , , , , , , 
5.3818269, 0.0406195, , , , , , , 5.3818269, -0.1237049, , , , , , , 5.3818269, -0.0538796, , , , , , , 5.3818269, 0.0065461, , , , , , , , , , , , , , , , , , , , , , , , , , , , 
5.3823462, 0.0495155, , , , , , , 5.3823462, -0.1038987, , , , , , , 5.3823462, -0.0558938, , , , , , , 5.3823462, 0.0025177, , , , , , , , , , , , , , , , , , , , , , , , , , , , 
5.3828654, 0.0582437, , , , , , , 5.3828654, -0.0849317, , , , , , , 5.3828654, -0.0532082, , , , , , , 5.3828654, 0.0015106, , , , , , , , , , , , , , , , , , , , , , , , , , , , 
5.3833846, 0.0632792, , , , , , , 5.3833846, -0.070161, , , , , , , 5.3833846, -0.0438087, , , , , , , 5.3833846, 0.0015106, , , , , , , , , , , , , , , , , , , , , , , , , , , , 
5.3839038, 0.064622, , , , , , , 5.3839038, -0.0530404, , , , , , , 5.3839038, -0.033402, , , , , , , 5.3839038, -0.0025177, , , , , , , , , , , , , , , , , , , , , , , , , , , , 
5.3844231, 0.064622, , , , , , , 5.3844231, -0.0386053, , , , , , , 5.3844231, -0.0250095, , , , , , , 5.3844231, -0.0046998, , , , , , , , , , , , , , , , , , , , , , , , , , , , 
5.3849423, 0.0602579, , , , , , , 5.3849423, -0.030045, , , , , , , 5.3849423, -0.0169528, , , , , , , 5.3849423, -0.0011749, , , , , , , , , , , , , , , , , , , , , , , , , , , , 
5.3854615, 0.0508583, , , , , , , 5.3854615, -0.0263523, , , , , , , 5.3854615, -0.0041962, , , , , , , 5.3854615, 0.0057069, , , , , , , , , , , , , , , , , , , , , , , , , , , , 
5.3859808, 0.0411231, , , , , , , 5.3859808, -0.0219883, , , , , , , 5.3859808, 0.0092317, , , , , , , 5.3859808, 0.0132601, , , , , , , , , , , , , , , , , , , , , , , , , , , , 
5.3865, 0.0307164, , , , , , , 5.3865, -0.012253, , , , , , , 5.3865, 0.0169528, , , , , , , 5.3865, 0.0176242, , , , , , , , , , , , , , , , , , , , , , , , , , , , 
5.3870192, 0.0199741, , , , , , , 5.3870192, -0.0010071, , , , , , , 5.3870192, 0.0146029, , , , , , , 5.3870192, 0.0181277, , , , , , , , , , , , , , , , , , , , , , , , , , , , 
5.3875385, 0.0099031, , , , , , , 5.3875385, 0.0092317, , , , , , , 5.3875385, 0.0038605, , , , , , , 5.3875385, 0.0159457, , , , , , , , , , , , , , , , , , , , , , , , , , , , 
5.3880577, 0.002182, , , , , , , 5.3880577, 0.0287022, , , , , , , 5.3880577, -0.0129244, , , , , , , 5.3880577, 0.0139315, , , , , , , , , , , , , , , , , , , , , , , , , , , , 
5.3885769, -0.0063783, , , , , , , 5.3885769, 0.0552224, , , , , , , 5.3885769, -0.027863, , , , , , , 5.3885769, 0.0166171, , , , , , , , , , , , , , , , , , , , , , , , , , , , 
5.3890962, -0.0209812, , , , , , , 5.3890962, 0.0720073, , , , , , , 5.3890962, -0.0375982, , , , , , , 5.3890962, 0.023331, , , , , , , , , , , , , , , , , , , , , , , , , , , , 
5.3896154, -0.0365911, , , , , , , 5.3896154, 0.0726787, , , , , , , 5.3896154, -0.0397803, , , , , , , 5.3896154, 0.026688, , , , , , , , , , , , , , , , , , , , , , , , , , , , 
5.3901346, -0.0500191, , , , , , , 5.3901346, 0.0595865, , , , , , , 5.3901346, -0.0391089, , , , , , , 5.3901346, 0.0253452, , , , , , , , , , , , , , , , , , , , , , , , , , , , 
5.3906538, -0.0589151, , , , , , , 5.3906538, 0.0382696, , , , , , , 5.3906538, -0.0412909, , , , , , , 5.3906538, 0.0243381, , , , , , , , , , , , , , , , , , , , , , , , , , , , 
5.3911731, -0.0649577, , , , , , , 5.3911731, 0.0112459, , , , , , , 5.3911731, -0.0458228, , , , , , , 5.3911731, 0.0253452, , , , , , , , , , , , , , , , , , , , , , , , , , , , 
5.3916923, -0.064622, , , , , , , 5.3916923, -0.0142672, , , , , , , 5.3916923, -0.0458228, , , , , , , 5.3916923, 0.0280308, , , , , , , , , , , , , , , , , , , , , , , , , , , , 
5.3922115, -0.054551, , , , , , , 5.3922115, -0.0236667, , , , , , , 5.3922115, -0.0417945, , , , , , , 5.3922115, 0.0293736, , , , , , , , , , , , , , , , , , , , , , , , , , , , 
5.3927308, -0.0365911, , , , , , , 5.3927308, -0.0243381, , , , , , , 5.3927308, -0.0411231, , , , , , , 5.3927308, 0.0251774, , , , , , , , , , , , , , , , , , , , , , , , , , , , 
5.39325, -0.0238346, , , , , , , 5.39325, -0.0313878, , , , , , , 5.39325, -0.04448, , , , , , , 5.39325, 0.0172885, , , , , , , , , , , , , , , , , , , , , , , , , , , , 
5.3937692, -0.0193027, , , , , , , 5.3937692, -0.0350805, , , , , , , 5.3937692, -0.0446479, , , , , , , 5.3937692, 0.0117494, , , , , , , , , , , , , , , , , , , , , , , , , , , , 
5.3942885, -0.0109102, , , , , , , 5.3942885, -0.0216526, , , , , , , 5.3942885, -0.0412909, , , , , , , 5.3942885, 0.0092317, , , , , , , , , , , , , , , , , , , , , , , , , , , , 
5.3948077, -0.0041962, , , , , , , 5.3948077, -0.0062104, , , , , , , 5.3948077, -0.0344091, , , , , , , 5.3948077, 0.0062104, , , , , , , , , , , , , , , , , , , , , , , , , , , , 
5.3953269, -0.0015106, , , , , , , 5.3953269, -0.0030213, , , , , , , 5.3953269, -0.0250095, , , , , , , 5.3953269, 0.0025177, , , , , , , , , , , , , , , , , , , , , , , , , , , , 
5.3958462, 0.0016785, , , , , , , 5.3958462, -0.005539, , , , , , , 5.3958462, -0.0169528, , , , , , , 5.3958462, 0.0016785, , , , , , , , , , , , , , , , , , , , , , , , , , , , 
5.3963654, 0.005539, , , , , , , 5.3963654, -0.0062104, , , , , , , 5.3963654, -0.0105745, , , , , , , 5.3963654, 0.0008392, , , , , , , , , , , , , , , , , , , , , , , , , , , , 
5.3968846, 0.0112459, , , , , , , 5.3968846, -0.0125887, , , , , , , 5.3968846, -0.0031891, , , , , , , 5.3968846, -0.0005035, , , , , , , , , , , , , , , , , , , , , , , , , , , , 
5.3974038, 0.0162814, , , , , , , 5.3974038, -0.0307164, , , , , , , 5.3974038, 0.0068818, , , , , , , 5.3974038, -0.0035248, , , , , , , , , , , , , , , , , , , , , , , , , , , , 
5.3979231, 0.0219883, , , , , , , 5.3979231, -0.0485084, , , , , , , 5.3979231, 0.0198062, , , , , , , 5.3979231, -0.0062104, , , , , , , , , , , , , , , , , , , , , , , , , , , , 
5.3984423, 0.0305486, , , , , , , 5.3984423, -0.0518654, , , , , , , 5.3984423, 0.0288701, , , , , , , 5.3984423, -0.0082246, , , , , , , , , , , , , , , , , , , , , , , , , , , , 
5.3989615, 0.0374304, , , , , , , 5.3989615, -0.0417945, , , , , , , 5.3989615, 0.0339055, , , , , , , 5.3989615, -0.0092317, , , , , , , , , , , , , , , , , , , , , , , , , , , , 
5.3994808, 0.0404517, , , , , , , 5.3994808, -0.0271916, , , , , , , 5.3994808, 0.0354162, , , , , , , 5.3994808, -0.0083925, , , , , , , , , , , , , , , , , , , , , , , , , , , , 
5.4, 0.0411231, , , , , , , 5.4, -0.0135958, , , , , , , 5.4, 0.0340734, , , , , , , 5.4, -0.0068818, , , , , , , , , , , , , , , , , , , , , , , , , , , , 
5.4005192, 0.0417945, , , , , , , 5.4005192, -0.0041962, , , , , , , 5.4005192, 0.0318914, , , , , , , 5.4005192, -0.0045319, , , , , , , , , , , , , , , , , , , , , , , , , , , , 
5.4010385, 0.0424659, , , , , , , 5.4010385, 0.0005035, , , , , , , 5.4010385, 0.0253452, , , , , , , 5.4010385, -0.002182, , , , , , , , , , , , , , , , , , , , , , , , , , , , 
5.4015577, 0.0411231, , , , , , , 5.4015577, 0.0035248, , , , , , , 5.4015577, 0.0166171, , , , , , , 5.4015577, -0.0018463, , , , , , , , , , , , , , , , , , , , , , , , , , , , 
5.4020769, 0.0464942, , , , , , , 5.4020769, 0.0065461, , , , , , , 5.4020769, 0.0109102, , , , , , , 5.4020769, -0.005539, , , , , , , , , , , , , , , , , , , , , , , , , , , , 
5.4025962, 0.0589151, , , , , , , 5.4025962, 0.0082246, , , , , , , 5.4025962, 0.0077211, , , , , , , 5.4025962, -0.0083925, , , , , , , , , , , , , , , , , , , , , , , , , , , , 
5.4031154, 0.0663005, , , , , , , 5.4031154, 0.0125887, , , , , , , 5.4031154, 0.0031891, , , , , , , 5.4031154, -0.0080568, , , , , , , , , , , , , , , , , , , , , , , , , , , , 
5.4036346, 0.0669718, , , , , , , 5.4036346, 0.0260166, , , , , , , 5.4036346, -0.0030213, , , , , , , 5.4036346, -0.0072175, , , , , , , , , , , , , , , , , , , , , , , , , , , , 
5.4041538, 0.0683146, , , , , , , 5.4041538, 0.0407874, , , , , , , 5.4041538, -0.0085603, , , , , , , 5.4041538, -0.0065461, , , , , , , , , , , , , , , , , , , , , , , , , , , , 
5.4046731, 0.0688182, , , , , , , 5.4046731, 0.0503548, , , , , , , 5.4046731, -0.0083925, , , , , , , 5.4046731, -0.0001678, , , , , , , , , , , , , , , , , , , , , , , , , , , , 
5.4051923, 0.0676432, , , , , , , 5.4051923, 0.0481727, , , , , , , 5.4051923, -0.0030213, , , , , , , 5.4051923, 0.0112459, , , , , , , , , , , , , , , , , , , , , , , , , , , , 
5.4057115, 0.061265, , , , , , , 5.4057115, 0.0293736, , , , , , , 5.4057115, 0.0065461, , , , , , , 5.4057115, 0.0226596, , , , , , , , , , , , , , , , , , , , , , , , , , , , 
5.4062308, 0.0481727, , , , , , , 5.4062308, 0.0052033, , , , , , , 5.4062308, 0.0193027, , , , , , , 5.4062308, 0.033402, , , , , , , , , , , , , , , , , , , , , , , , , , , , 
5.40675, 0.0327306, , , , , , , 5.40675, -0.0070497, , , , , , , 5.40675, 0.0313878, , , , , , , 5.40675, 0.0414588, , , , , , , , , , , , , , , , , , , , , , , , , , , , 
5.4072692, 0.0216526, , , , , , , 5.4072692, -0.0028534, , , , , , , 5.4072692, 0.0374304, , , , , , , 5.4072692, 0.0468299, , , , , , , , , , , , , , , , , , , , , , , , , , , , 
5.4077885, 0.0179599, , , , , , , 5.4077885, 0.0099031, , , , , , , 5.4077885, 0.0421302, , , , , , , 5.4077885, 0.0491798, , , , , , , , , , , , , , , , , , , , , , , , , , , , 
5.4083077, 0.0072175, , , , , , , 5.4083077, 0.0129244, , , , , , , 5.4083077, 0.04448, , , , , , , 5.4083077, 0.047837, , , , , , , , , , , , , , , , , , , , , , , , , , , , 
5.4088269, -0.011078, , , , , , , 5.4088269, 0.0171206, , , , , , , 5.4088269, 0.0438087, , , , , , , 5.4088269, 0.0426337, , , , , , , , , , , , , , , , , , , , , , , , , , , , 
5.4093462, -0.0276951, , , , , , , 5.4093462, 0.0464942, , , , , , , 5.4093462, 0.040116, , , , , , , 5.4093462, 0.036759, , , , , , , , , , , , , , , , , , , , , , , , , , , , 
5.4098654, -0.0417945, , , , , , , 5.4098654, 0.0736858, , , , , , , 5.4098654, 0.0347448, , , , , , , 5.4098654, 0.0339055, , , , , , , , , , , , , , , , , , , , , , , , , , , , 
5.4103846, -0.0522011, , , , , , , 5.4103846, 0.0663005, , , , , , , 5.4103846, 0.0290379, , , , , , , 5.4103846, 0.0339055, , , , , , , , , , , , , , , , , , , , , , , , , , , , 
5.4109038, -0.0585794, , , , , , , 5.4109038, 0.0379339, , , , , , , 5.4109038, 0.0182956, , , , , , , 5.4109038, 0.0330663, , , , , , , , , , , , , , , , , , , , , , , , , , , , 
5.4114231, -0.0609293, , , , , , , 5.4114231, 0.0099031, , , , , , , 5.4114231, 0.0038605, , , , , , , 5.4114231, 0.0280308, , , , , , , , , , , , , , , , , , , , , , , , , , , , 
5.4119423, -0.0585794, , , , , , , 5.4119423, -0.0229953, , , , , , , 5.4119423, -0.0124208, , , , , , , 5.4119423, 0.0223239, , , , , , , , , , , , , , , , , , , , , , , , , , , , 
5.4124615, -0.0464942, , , , , , , 5.4124615, -0.0520333, , , , , , , 5.4124615, -0.030045, , , , , , , 5.4124615, 0.0166171, , , , , , , , , , , , , , , , , , , , , , , , , , , , 
5.4129808, -0.0283665, , , , , , , 5.4129808, -0.0515297, , , , , , , 5.4129808, -0.0481727, , , , , , , 5.4129808, 0.0119173, , , , , , , , , , , , , , , , , , , , , , , , , , , , 
5.4135, -0.0164492, , , , , , , 5.4135, -0.036759, , , , , , , 5.4135, -0.0599222, , , , , , , 5.4135, 0.0085603, , , , , , , , , , , , , , , , , , , , , , , , , , , , 
5.4140192, -0.0062104, , , , , , , 5.4140192, -0.0253452, , , , , , , 5.4140192, -0.0647898, , , , , , , 5.4140192, 0.0078889, , , , , , , , , , , , , , , , , , , , , , , , , , , , 
5.4145385, 0.003357, , , , , , , 5.4145385, -0.0105745, , , , , , , 5.4145385, -0.0683146, , , , , , , 5.4145385, 0.008896, , , , , , , , , , , , , , , , , , , , , , , , , , , , 
5.4150577, 0.008896, , , , , , , 5.4150577, 0.0010071, , , , , , , 5.4150577, -0.0706645, , , , , , , 5.4150577, 0.0105745, , , , , , , , , , , , , , , , , , , , , , , , , , , , 
5.4155769, 0.0119173, , , , , , , 5.4155769, -0.0001678, , , , , , , 5.4155769, -0.0720073, , , , , , , 5.4155769, 0.0085603, , , , , , , , , , , , , , , , , , , , , , , , , , , , 
5.4160962, 0.0139315, , , , , , , 5.4160962, -0.0119173, , , , , , , 5.4160962, -0.0708324, , , , , , , 5.4160962, 0.0041962, , , , , , , , , , , , , , , , , , , , , , , , , , , , 
5.4166154, 0.0179599, , , , , , , 5.4166154, -0.0340734, , , , , , , 5.4166154, -0.0642863, , , , , , , 5.4166154, 0.0031891, , , , , , , , , , , , , , , , , , , , , , , , , , , , 
5.4171346, 0.023331, , , , , , , 5.4171346, -0.04448, , , , , , , 5.4171346, -0.0542153, , , , , , , 5.4171346, 0.0072175, , , , , , , , , , , , , , , , , , , , , , , , , , , , 
5.4176538, 0.0261845, , , , , , , 5.4176538, -0.0293736, , , , , , , 5.4176538, -0.04448, , , , , , , 5.4176538, 0.0129244, , , , , , , , , , , , , , , , , , , , , , , , , , , , 
5.4181731, 0.0280308, , , , , , , 5.4181731, 0.0045319, , , , , , , 5.4181731, -0.0325628, , , , , , , 5.4181731, 0.0142672, , , , , , , , , , , , , , , , , , , , , , , , , , , , 
5.4186923, 0.0307164, , , , , , , 5.4186923, 0.0360876, , , , , , , 5.4186923, -0.0182956, , , , , , , 5.4186923, 0.0140993, , , , , , , , , , , , , , , , , , , , , , , , , , , , 
5.4192115, 0.0335698, , , , , , , 5.4192115, 0.0438087, , , , , , , 5.4192115, -0.0068818, , , , , , , 5.4192115, 0.01561, , , , , , , , , , , , , , , , , , , , , , , , , , , , 
5.4197308, 0.0365911, , , , , , , 5.4197308, 0.0186313, , , , , , , 5.4197308, -0.002182, , , , , , , 5.4197308, 0.0179599, , , , , , , , , , , , , , , , , , , , , , , , , , , , 
5.42025, 0.0387732, , , , , , , 5.42025, -0.0293736, , , , , , , 5.42025, -0.0035248, , , , , , , 5.42025, 0.0203098, , , , , , , , , , , , , , , , , , , , , , , , , , , , 
5.4207692, 0.0406195, , , , , , , 5.4207692, -0.0780499, , , , , , , 5.4207692, -0.005539, , , , , , , 5.4207692, 0.0219883, , , , , , , , , , , , , , , , , , , , , , , , , , , , 
5.4212885, 0.0438087, , , , , , , 5.4212885, -0.10692, , , , , , , 5.4212885, -0.0058747, , , , , , , 5.4212885, 0.0214847, , , , , , , , , , , , , , , , , , , , , , , , , , , , 
5.4218077, 0.0491798, , , , , , , 5.4218077, -0.103563, , , , , , , 5.4218077, -0.0082246, , , , , , , 5.4218077, 0.0176242, , , , , , , , , , , , , , , , , , , , , , , , , , , , 
5.4223269, 0.0575723, , , , , , , 5.4223269, -0.0730144, , , , , , , 5.4223269, -0.0135958, , , , , , , 5.4223269, 0.0114137, , , , , , , , , , , , , , , , , , , , , , , , , , , , 
5.4228462, 0.0639506, , , , , , , 5.4228462, -0.0391089, , , , , , , 5.4228462, -0.0226596, , , , , , , 5.4228462, 0.0058747, , , , , , , , , , , , , , , , , , , , , , , , , , , , 
5.4233654, 0.0693217, , , , , , , 5.4233654, -0.0203098, , , , , , , 5.4233654, -0.0323949, , , , , , , 5.4233654, 0.0023499, , , , , , , , , , , , , , , , , , , , , , , , , , , , 
5.4238846, 0.0720073, , , , , , , 5.4238846, -0.0151064, , , , , , , 5.4238846, -0.0404517, , , , , , , 5.4238846, -0.0008392, , , , , , , , , , , , , , , , , , , , , , , , , , , , 
5.4244038, 0.0706645, , , , , , , 5.4244038, -0.0109102, , , , , , , 5.4244038, -0.047837, , , , , , , 5.4244038, -0.0058747, , , , , , , , , , , , , , , , , , , , , , , , , , , , 
5.4249231, 0.0669718, , , , , , , 5.4249231, -0.002182, , , , , , , 5.4249231, -0.0538796, , , , , , , 5.4249231, -0.008896, , , , , , , , , , , , , , , , , , , , , , , , , , , , 
5.4254423, 0.0641184, , , , , , , 5.4254423, 0.0102388, , , , , , , 5.4254423, -0.0569009, , , , , , , 5.4254423, -0.0062104, , , , , , , , , , , , , , , , , , , , , , , , , , , , 
5.4259615, 0.0569009, , , , , , , 5.4259615, 0.0350805, , , , , , , 5.4259615, -0.051194, , , , , , , 5.4259615, -0.0005035, , , , , , , , , , , , , , , , , , , , , , , , , , , , 
5.4264808, 0.043473, , , , , , , 5.4264808, 0.0574044, , , , , , , 5.4264808, -0.0404517, , , , , , , 5.4264808, 0.0062104, , , , , , , , , , , , , , , , , , , , , , , , , , , , 
5.427, 0.0260166, , , , , , , 5.427, 0.0599222, , , , , , , 5.427, -0.0320592, , , , , , , 5.427, 0.0132601, , , , , , , , , , , , , , , , , , , , , , , , , , , , 
5.4275192, 0.0092317, , , , , , , 5.4275192, 0.0360876, , , , , , , 5.4275192, -0.0260166, , , , , , , 5.4275192, 0.0172885, , , , , , , , , , , , , , , , , , , , , , , , , , , , 
5.4280385, -0.005539, , , , , , , 5.4280385, -0.0028534, , , , , , , 5.4280385, -0.0184634, , , , , , , 5.4280385, 0.0196384, , , , , , , , , , , , , , , , , , , , , , , , , , , , 
5.4285577, -0.0171206, , , , , , , 5.4285577, -0.033402, , , , , , , 5.4285577, -0.0119173, , , , , , , 5.4285577, 0.0213169, , , , , , , , , , , , , , , , , , , , , , , , , , , , 
5.4290769, -0.0276951, , , , , , , 5.4290769, -0.043473, , , , , , , 5.4290769, -0.0078889, , , , , , , 5.4290769, 0.0199741, , , , , , , , , , , , , , , , , , , , , , , , , , , , 
5.4295962, -0.0347448, , , , , , , 5.4295962, -0.0370947, , , , , , , 5.4295962, -0.0048676, , , , , , , 5.4295962, 0.0213169, , , , , , , , , , , , , , , , , , , , , , , , , , , , 
5.4301154, -0.0417945, , , , , , , 5.4301154, -0.0238346, , , , , , , 5.4301154, -0.0011749, , , , , , , 5.4301154, 0.0253452, , , , , , , , , , , , , , , , , , , , , , , , , , , , 
5.4306346, -0.0466621, , , , , , , 5.4306346, -0.0179599, , , , , , , 5.4306346, 0.0052033, , , , , , , 5.4306346, 0.0293736, , , , , , , , , , , , , , , , , , , , , , , , , , , , 
5.4311538, -0.0508583, , , , , , , 5.4311538, -0.0332341, , , , , , , 5.4311538, 0.0119173, , , , , , , 5.4311538, 0.0313878, , , , , , , , , , , , , , , , , , , , , , , , , , , , 
5.4316731, -0.0522011, , , , , , , 5.4316731, -0.0753643, , , , , , , 5.4316731, 0.0172885, , , , , , , 5.4316731, 0.0303807, , , , , , , , , , , , , , , , , , , , , , , , , , , , 
5.4321923, -0.047837, , , , , , , 5.4321923, -0.0988632, , , , , , , 5.4321923, 0.0223239, , , , , , , 5.4321923, 0.0276951, , , , , , , , , , , , , , , , , , , , , , , , , , , , 
5.4327115, -0.0397803, , , , , , , 5.4327115, -0.0767071, , , , , , , 5.4327115, 0.0258488, , , , , , , 5.4327115, 0.0271916, , , , , , , , , , , , , , , , , , , , , , , , , , , , 
5.4332308, -0.0276951, , , , , , , 5.4332308, -0.0381018, , , , , , , 5.4332308, 0.0271916, , , , , , , 5.4332308, 0.0273594, , , , , , , , , , , , , , , , , , , , , , , , , , , , 
5.43375, -0.0132601, , , , , , , 5.43375, -0.01561, , , , , , , 5.43375, 0.0287022, , , , , , , 5.43375, 0.0260166, , , , , , , , , , , , , , , , , , , , , , , , , , , , 
5.4342692, -0.0005035, , , , , , , 5.4342692, -0.0109102, , , , , , , 5.4342692, 0.0287022, , , , , , , 5.4342692, 0.0206455, , , , , , , , , , , , , , , , , , , , , , , , , , , , 
5.4347885, 0.0125887, , , , , , , 5.4347885, -0.008896, , , , , , , 5.4347885, 0.0280308, , , , , , , 5.4347885, 0.0129244, , , , , , , , , , , , , , , , , , , , , , , , , , , , 
5.4353077, 0.0186313, , , , , , , 5.4353077, -0.0068818, , , , , , , 5.4353077, 0.0273594, , , , , , , 5.4353077, 0.0060426, , , , , , , , , , , , , , , , , , , , , , , , , , , , 
5.4358269, 0.0226596, , , , , , , 5.4358269, -0.005539, , , , , , , 5.4358269, 0.0250095, , , , , , , 5.4358269, 0.0036927, , , , , , , , , , , , , , , , , , , , , , , , , , , , 
5.4363462, 0.0293736, , , , , , , 5.4363462, -0.002182, , , , , , , 5.4363462, 0.0219883, , , , , , , 5.4363462, 0.0048676, , , , , , , , , , , , , , , , , , , , , , , , , , , , 
5.4368654, 0.033402, , , , , , , 5.4368654, -0.0001678, , , , , , , 5.4368654, 0.0206455, , , , , , , 5.4368654, 0.0038605, , , , , , , , , , , , , , , , , , , , , , , , , , , , 
5.4373846, 0.0305486, , , , , , , 5.4373846, -0.0015106, , , , , , , 5.4373846, 0.0206455, , , , , , , 5.4373846, 0.0025177, , , , , , , , , , , , , , , , , , , , , , , , , , , , 
5.4379038, 0.026688, , , , , , , 5.4379038, -0.0048676, , , , , , , 5.4379038, 0.0213169, , , , , , , 5.4379038, 0.0018463, , , , , , , , , , , , , , , , , , , , , , , , , , , , 
5.4384231, 0.0292058, , , , , , , 5.4384231, -0.0082246, , , , , , , 5.4384231, 0.0229953, , , , , , , 5.4384231, 0.0052033, , , , , , , , , , , , , , , , , , , , , , , , , , , , 
5.4389423, 0.0327306, , , , , , , 5.4389423, -0.0068818, , , , , , , 5.4389423, 0.0260166, , , , , , , 5.4389423, 0.0115816, , , , , , , , , , , , , , , , , , , , , , , , , , , , 
5.4394615, 0.0293736, , , , , , , 5.4394615, 0.0031891, , , , , , , 5.4394615, 0.0293736, , , , , , , 5.4394615, 0.0152743, , , , , , , , , , , , , , , , , , , , , , , , , , , , 
5.4399808, 0.0224918, , , , , , , 5.4399808, 0.0172885, , , , , , , 5.4399808, 0.0276951, , , , , , , 5.4399808, 0.0142672, , , , , , , , , , , , , , , , , , , , , , , , , , , , 
5.4405, 0.0176242, , , , , , , 5.4405, 0.026688, , , , , , , 5.4405, 0.0226596, , , , , , , 5.4405, 0.0083925, , , , , , , , , , , , , , , , , , , , , , , , , , , , 
5.4410192, 0.0176242, , , , , , , 5.4410192, 0.0350805, , , , , , , 5.4410192, 0.0196384, , , , , , , 5.4410192, 0.0028534, , , , , , , , , , , , , , , , , , , , , , , , , , , , 
5.4415385, 0.0186313, , , , , , , 5.4415385, 0.0374304, , , , , , , 5.4415385, 0.0208133, , , , , , , 5.4415385, 0.0005035, , , , , , , , , , , , , , , , , , , , , , , , , , , , 
5.4420577, 0.026688, , , , , , , 5.4420577, 0.0381018, , , , , , , 5.4420577, 0.0206455, , , , , , , 5.4420577, -0.0035248, , , , , , , , , , , , , , , , , , , , , , , , , , , , 
5.4425769, 0.0417945, , , , , , , 5.4425769, 0.0381018, , , , , , , 5.4425769, 0.0171206, , , , , , , 5.4425769, -0.0078889, , , , , , , , , , , , , , , , , , , , , , , , , , , , 
5.4430962, 0.0565652, , , , , , , 5.4430962, 0.0263523, , , , , , , 5.4430962, 0.0105745, , , , , , , 5.4430962, -0.0078889, , , , , , , , , , , , , , , , , , , , , , , , , , , , 
5.4436154, 0.0642863, , , , , , , 5.4436154, 0.0031891, , , , , , , 5.4436154, 0.0062104, , , , , , , 5.4436154, -0.0077211, , , , , , , , , , , , , , , , , , , , , , , , , , , , 
5.4441346, 0.0673075, , , , , , , 5.4441346, -0.0162814, , , , , , , 5.4441346, 0.0058747, , , , , , , 5.4441346, -0.0090639, , , , , , , , , , , , , , , , , , , , , , , , , , , , 
5.4446538, 0.0676432, , , , , , , 5.4446538, -0.0149386, , , , , , , 5.4446538, 0.0052033, , , , , , , 5.4446538, -0.0092317, , , , , , , , , , , , , , , , , , , , , , , , , , , , 
5.4451731, 0.0619364, , , , , , , 5.4451731, 0.0008392, , , , , , , 5.4451731, 0.0010071, , , , , , , 5.4451731, -0.0090639, , , , , , , , , , , , , , , , , , , , , , , , , , , , 
5.4456923, 0.0495155, , , , , , , 5.4456923, 0.0045319, , , , , , , 5.4456923, -0.0082246, , , , , , , 5.4456923, -0.0082246, , , , , , , , , , , , , , , , , , , , , , , , , , , , 
5.4462115, 0.0387732, , , , , , , 5.4462115, -0.0112459, , , , , , , 5.4462115, -0.0186313, , , , , , , 5.4462115, -0.0035248, , , , , , , , , , , , , , , , , , , , , , , , , , , , 
5.4467308, 0.0283665, , , , , , , 5.4467308, -0.0325628, , , , , , , 5.4467308, -0.0253452, , , , , , , 5.4467308, 0.0031891, , , , , , , , , , , , , , , , , , , , , , , , , , , , 
5.44725, 0.0209812, , , , , , , 5.44725, -0.0475013, , , , , , , 5.44725, -0.0251774, , , , , , , 5.44725, 0.0075532, , , , , , , , , , , , , , , , , , , , , , , , , , , , 
5.4477692, 0.014435, , , , , , , 5.4477692, -0.0520333, , , , , , , 5.4477692, -0.0216526, , , , , , , 5.4477692, 0.0092317, , , , , , , , , , , , , , , , , , , , , , , , , , , , 
5.4482885, 0.0011749, , , , , , , 5.4482885, -0.0471656, , , , , , , 5.4482885, -0.0213169, , , , , , , 5.4482885, 0.0115816, , , , , , , , , , , , , , , , , , , , , , , , , , , , 
5.4488077, -0.0182956, , , , , , , 5.4488077, -0.0317235, , , , , , , 5.4488077, -0.0243381, , , , , , , 5.4488077, 0.0172885, , , , , , , , , , , , , , , , , , , , , , , , , , , , 
5.4493269, -0.0337377, , , , , , , 5.4493269, -0.0090639, , , , , , , 5.4493269, -0.027863, , , , , , , 5.4493269, 0.0270237, , , , , , , , , , , , , , , , , , , , , , , , , , , , 
5.4498462, -0.0417945, , , , , , , 5.4498462, 0.0070497, , , , , , , 5.4498462, -0.0283665, , , , , , , 5.4498462, 0.0364233, , , , , , , , , , , , , , , , , , , , , , , , , , , , 
5.4503654, -0.0485084, , , , , , , 5.4503654, 0.0085603, , , , , , , 5.4503654, -0.0260166, , , , , , , 5.4503654, 0.043473, , , , , , , , , , , , , , , , , , , , , , , , , , , , 
5.4508846, -0.054551, , , , , , , 5.4508846, -0.0001678, , , , , , , 5.4508846, -0.0253452, , , , , , , 5.4508846, 0.0454871, , , , , , , , , , , , , , , , , , , , , , , , , , , , 
5.4514038, -0.0572366, , , , , , , 5.4514038, -0.0172885, , , , , , , 5.4514038, -0.0271916, , , , , , , 5.4514038, 0.0428016, , , , , , , , , , , , , , , , , , , , , , , , , , , , 
5.4519231, -0.0553902, , , , , , , 5.4519231, -0.0317235, , , , , , , 5.4519231, -0.0263523, , , , , , , 5.4519231, 0.0357519, , , , , , , , , , , , , , , , , , , , , , , , , , , , 
5.4524423, -0.043473, , , , , , , 5.4524423, -0.0297093, , , , , , , 5.4524423, -0.0229953, , , , , , , 5.4524423, 0.0271916, , , , , , , , , , , , , , , , , , , , , , , , , , , , 
5.4529615, -0.0253452, , , , , , , 5.4529615, -0.012253, , , , , , , 5.4529615, -0.0209812, , , , , , , 5.4529615, 0.0206455, , , , , , , , , , , , , , , , , , , , , , , , , , , , 
5.4534808, -0.0129244, , , , , , , 5.4534808, 0.0139315, , , , , , , 5.4534808, -0.0213169, , , , , , , 5.4534808, 0.0172885, , , , , , , , , , , , , , , , , , , , , , , , , , , , 
5.454, -0.0068818, , , , , , , 5.454, 0.036759, , , , , , , 5.454, -0.0229953, , , , , , , 5.454, 0.0171206, , , , , , , , , , , , , , , , , , , , , , , , , , , , 
5.4545192, -0.003357, , , , , , , 5.4545192, 0.0372625, , , , , , , 5.4545192, -0.0226596, , , , , , , 5.4545192, 0.0157778, , , , , , , , , , , , , , , , , , , , , , , , , , , , 
5.4550385, 0.0003357, , , , , , , 5.4550385, 0.0184634, , , , , , , 5.4550385, -0.0219883, , , , , , , 5.4550385, 0.0112459, , , , , , , , , , , , , , , , , , , , , , , , , , , , 
5.4555577, 0.0052033, , , , , , , 5.4555577, 0.014435, , , , , , , 5.4555577, -0.0208133, , , , , , , 5.4555577, 0.0092317, , , , , , , , , , , , , , , , , , , , , , , , , , , , 
5.4560769, 0.0062104, , , , , , , 5.4560769, 0.03122, , , , , , , 5.4560769, -0.0182956, , , , , , , 5.4560769, 0.0078889, , , , , , , , , , , , , , , , , , , , , , , , , , , , 
5.4565962, 0.0058747, , , , , , , 5.4565962, 0.043473, , , , , , , 5.4565962, -0.0146029, , , , , , , 5.4565962, 0.0058747, , , , , , , , , , , , , , , , , , , , , , , , , , , , 
5.4571154, 0.012253, , , , , , , 5.4571154, 0.0454871, , , , , , , 5.4571154, -0.0085603, , , , , , , 5.4571154, 0.0031891, , , , , , , , , , , , , , , , , , , , , , , , , , , , 
5.4576346, 0.0213169, , , , , , , 5.4576346, 0.0488441, , , , , , , 5.4576346, -0.0041962, , , , , , , 5.4576346, 0.002182, , , , , , , , , , , , , , , , , , , , , , , , , , , , 
5.4581538, 0.0256809, , , , , , , 5.4581538, 0.0481727, , , , , , , 5.4581538, -0.005539, , , , , , , 5.4581538, 0.0008392, , , , , , , , , , , , , , , , , , , , , , , , , , , , 
5.4586731, 0.0229953, , , , , , , 5.4586731, 0.0313878, , , , , , , 5.4586731, -0.0083925, , , , , , , 5.4586731, 0.0018463, , , , , , , , , , , , , , , , , , , , , , , , , , , , 
5.4591923, 0.0243381, , , , , , , 5.4591923, 0.0011749, , , , , , , 5.4591923, -0.0095674, , , , , , , 5.4591923, 0.0038605, , , , , , , , , , , , , , , , , , , , , , , , , , , , 
5.4597115, 0.0273594, , , , , , , 5.4597115, -0.0303807, , , , , , , 5.4597115, -0.008896, , , , , , , 5.4597115, 0.0048676, , , , , , , , , , , , , , , , , , , , , , , , , , , , 
5.4602308, 0.0273594, , , , , , , 5.4602308, -0.0528725, , , , , , , 5.4602308, -0.0082246, , , , , , , 5.4602308, 0.0062104, , , , , , , , , , , , , , , , , , , , , , , , , , , , 
5.46075, 0.0293736, , , , , , , 5.46075, -0.0649577, , , , , , , 5.46075, -0.0112459, , , , , , , 5.46075, 0.0075532, , , , , , , , , , , , , , , , , , , , , , , , , , , , 
5.4612692, 0.0307164, , , , , , , 5.4612692, -0.0659648, , , , , , , 5.4612692, -0.0176242, , , , , , , 5.4612692, 0.0075532, , , , , , , , , , , , , , , , , , , , , , , , , , , , 
5.4617885, 0.036759, , , , , , , 5.4617885, -0.0607614, , , , , , , 5.4617885, -0.026688, , , , , , , 5.4617885, 0.0031891, , , , , , , , , , , , , , , , , , , , , , , , , , , , 
5.4623077, 0.0458228, , , , , , , 5.4623077, -0.0553902, , , , , , , 5.4623077, -0.0352483, , , , , , , 5.4623077, -0.0028534, , , , , , , , , , , , , , , , , , , , , , , , , , , , 
5.4628269, 0.0558938, , , , , , , 5.4628269, -0.0330663, , , , , , , 5.4628269, -0.0438087, , , , , , , 5.4628269, -0.005539, , , , , , , , , , , , , , , , , , , , , , , , , , , , 
5.4633462, 0.0656291, , , , , , , 5.4633462, 0.0058747, , , , , , , 5.4633462, -0.0505226, , , , , , , 5.4633462, -0.005539, , , , , , , , , , , , , , , , , , , , , , , , , , , , 
5.4638654, 0.0777142, , , , , , , 5.4638654, 0.026688, , , , , , , 5.4638654, -0.051194, , , , , , , 5.4638654, -0.0063783, , , , , , , , , , , , , , , , , , , , , , , , , , , , 
5.4643846, 0.0835889, , , , , , , 5.4643846, 0.018967, , , , , , , 5.4643846, -0.0454871, , , , , , , 5.4643846, -0.0057069, , , , , , , , , , , , , , , , , , , , , , , , , , , , 
5.4649038, 0.0807355, , , , , , , 5.4649038, 0.0146029, , , , , , , 5.4649038, -0.036759, , , , , , , 5.4649038, -0.002182, , , , , , , , , , , , , , , , , , , , , , , , , , , , 
5.4654231, 0.0750286, , , , , , , 5.4654231, 0.0464942, , , , , , , 5.4654231, -0.0303807, , , , , , , 5.4654231, 0.0030213, , , , , , , , , , , , , , , , , , , , , , , , , , , , 
5.4659423, 0.0676432, , , , , , , 5.4659423, 0.1032273, , , , , , , 5.4659423, -0.0263523, , , , , , , 5.4659423, 0.0105745, , , , , , , , , , , , , , , , , , , , , , , , , , , , 
5.4664615, 0.0562295, , , , , , , 5.4664615, 0.1401541, , , , , , , 5.4664615, -0.0193027, , , , , , , 5.4664615, 0.0186313, , , , , , , , , , , , , , , , , , , , , , , , , , , , 
5.4669808, 0.0438087, , , , , , , 5.4669808, 0.1230335, , , , , , , 5.4669808, -0.0135958, , , , , , , 5.4669808, 0.0263523, , , , , , , , , , , , , , , , , , , , , , , , , , , , 
5.4675, 0.0364233, , , , , , , 5.4675, 0.0582437, , , , , , , 5.4675, -0.0129244, , , , , , , 5.4675, 0.033402, , , , , , , , , , , , , , , , , , , , , , , , , , , , 
5.4680192, 0.0226596, , , , , , , 5.4680192, -0.0115816, , , , , , , 5.4680192, -0.012253, , , , , , , 5.4680192, 0.040116, , , , , , , , , , , , , , , , , , , , , , , , , , , , 
5.4685385, 0.0031891, , , , , , , 5.4685385, -0.0558938, , , , , , , 5.4685385, -0.0068818, , , , , , , 5.4685385, 0.0454871, , , , , , , , , , , , , , , , , , , , , , , , , , , , 
5.4690577, -0.0119173, , , , , , , 5.4690577, -0.0908064, , , , , , , 5.4690577, 0.0008392, , , , , , , 5.4690577, 0.0505226, , , , , , , , , , , , , , , , , , , , , , , , , , , , 
5.4695769, -0.0276951, , , , , , , 5.4695769, -0.1347829, , , , , , , 5.4695769, 0.0068818, , , , , , , 5.4695769, 0.0555581, , , , , , , , , , , , , , , , , , , , , , , , , , , , 
5.4700962, -0.0438087, , , , , , , 5.4700962, -0.1660029, , , , , , , 5.4700962, 0.0149386, , , , , , , 5.4700962, 0.0572366, , , , , , , , , , , , , , , , , , , , , , , , , , , , 
5.4706154, -0.0565652, , , , , , , 5.4706154, -0.1646601, , , , , , , 5.4706154, 0.0260166, , , , , , , 5.4706154, 0.0542153, , , , , , , , , , , , , , , , , , , , , , , , , , , , 
5.4711346, -0.0661326, , , , , , , 5.4711346, -0.1364614, , , , , , , 5.4711346, 0.0323949, , , , , , , 5.4711346, 0.0508583, , , , , , , , , , , , , , , , , , , , , , , , , , , , 
5.4716538, -0.0736858, , , , , , , 5.4716538, -0.105745, , , , , , , 5.4716538, 0.0340734, , , , , , , 5.4716538, 0.0488441, , , , , , , , , , , , , , , , , , , , , , , , , , , , 
5.4721731, -0.0726787, , , , , , , 5.4721731, -0.0948348, , , , , , , 5.4721731, 0.035584, , , , , , , 5.4721731, 0.0441444, , , , , , , , , , , , , , , , , , , , , , , , , , , , 
5.4726923, -0.0632792, , , , , , , 5.4726923, -0.1022202, , , , , , , 5.4726923, 0.0364233, , , , , , , 5.4726923, 0.0349126, , , , , , , , , , , , , , , , , , , , , , , , , , , , 
5.4732115, -0.047837, , , , , , , 5.4732115, -0.1027237, , , , , , , 5.4732115, 0.0337377, , , , , , , 5.4732115, 0.0288701, , , , , , , , , , , , , , , , , , , , , , , , , , , , 
5.4737308, -0.0370947, , , , , , , 5.4737308, -0.0854353, , , , , , , 5.4737308, 0.0293736, , , , , , , 5.4737308, 0.023331, , , , , , , , , , , , , , , , , , , , , , , , , , , , 
5.47425, -0.0263523, , , , , , , 5.47425, -0.0592508, , , , , , , 5.47425, 0.0193027, , , , , , , 5.47425, 0.0115816, , , , , , , , , , , , , , , , , , , , , , , , , , , , 
5.4747692, -0.0142672, , , , , , , 5.4747692, -0.0374304, , , , , , , 5.4747692, 0.0048676, , , , , , , 5.4747692, -0.0028534, , , , , , , , , , , , , , , , , , , , , , , , , , , , 
5.4752885, -0.0048676, , , , , , , 5.4752885, -0.0223239, , , , , , , 5.4752885, -0.0075532, , , , , , , 5.4752885, -0.012253, , , , , , , , , , , , , , , , , , , , , , , , , , , , 
5.4758077, -0.0025177, , , , , , , 5.4758077, -0.0077211, , , , , , , 5.4758077, -0.0176242, , , , , , , 5.4758077, -0.0152743, , , , , , , , , , , , , , , , , , , , , , , , , , , , 
5.4763269, 0.0010071, , , , , , , 5.4763269, 0.0072175, , , , , , , 5.4763269, -0.0273594, , , , , , , 5.4763269, -0.0152743, , , , , , , , , , , , , , , , , , , , , , , , , , , , 
5.4768462, 0.0078889, , , , , , , 5.4768462, 0.0172885, , , , , , , 5.4768462, -0.0330663, , , , , , , 5.4768462, -0.0171206, , , , , , , , , , , , , , , , , , , , , , , , , , , , 
5.4773654, 0.0149386, , , , , , , 5.4773654, 0.027863, , , , , , , 5.4773654, -0.0303807, , , , , , , 5.4773654, -0.0176242, , , , , , , , , , , , , , , , , , , , , , , , , , , , 
5.4778846, 0.0206455, , , , , , , 5.4778846, 0.0381018, , , , , , , 5.4778846, -0.0251774, , , , , , , 5.4778846, -0.0162814, , , , , , , , , , , , , , , , , , , , , , , , , , , , 
5.4784038, 0.0260166, , , , , , , 5.4784038, 0.0407874, , , , , , , 5.4784038, -0.0213169, , , , , , , 5.4784038, -0.0149386, , , , , , , , , , , , , , , , , , , , , , , , , , , , 
5.4789231, 0.0313878, , , , , , , 5.4789231, 0.0391089, , , , , , , 5.4789231, -0.0191348, , , , , , , 5.4789231, -0.0125887, , , , , , , , , , , , , , , , , , , , , , , , , , , , 
5.4794423, 0.0318914, , , , , , , 5.4794423, 0.0424659, , , , , , , 5.4794423, -0.0176242, , , , , , , 5.4794423, -0.0119173, , , , , , , , , , , , , , , , , , , , , , , , , , , , 
5.4799615, 0.0292058, , , , , , , 5.4799615, 0.0522011, , , , , , , 5.4799615, -0.014435, , , , , , , 5.4799615, -0.0105745, , , , , , , , , , , , , , , , , , , , , , , , , , , , 
5.4804808, 0.030045, , , , , , , 5.4804808, 0.0703288, , , , , , , 5.4804808, -0.0092317, , , , , , , 5.4804808, -0.0057069, , , , , , , , , , , , , , , , , , , , , , , , , , , , 
5.481, 0.030045, , , , , , , 5.481, 0.0958419, , , , , , , 5.481, -0.0016785, , , , , , , 5.481, -0.0001678, , , , , , , , , , , , , , , , , , , , , , , , , , , , 
5.4815192, 0.0320592, , , , , , , 5.4815192, 0.0985275, , , , , , , 5.4815192, 0.0065461, , , , , , , 5.4815192, 0.0008392, , , , , , , , , , , , , , , , , , , , , , , , , , , , 
5.4820385, 0.04448, , , , , , , 5.4820385, 0.0678111, , , , , , , 5.4820385, 0.0166171, , , , , , , 5.4820385, -0.002182, , , , , , , , , , , , , , , , , , , , , , , , , , , , 
5.4825577, 0.0622721, , , , , , , 5.4825577, 0.0360876, , , , , , , 5.4825577, 0.0271916, , , , , , , 5.4825577, -0.0008392, , , , , , , , , , , , , , , , , , , , , , , , , , , , 
5.4830769, 0.073518, , , , , , , 5.4830769, 0.0238346, , , , , , , 5.4830769, 0.0381018, , , , , , , 5.4830769, 0.0065461, , , , , , , , , , , , , , , , , , , , , , , , , , , , 
5.4835962, 0.0803998, , , , , , , 5.4835962, 0.017792, , , , , , , 5.4835962, 0.0488441, , , , , , , 5.4835962, 0.0157778, , , , , , , , , , , , , , , , , , , , , , , , , , , , 
5.4841154, 0.0850996, , , , , , , 5.4841154, 0.0112459, , , , , , , 5.4841154, 0.0548867, , , , , , , 5.4841154, 0.0229953, , , , , , , , , , , , , , , , , , , , , , , , , , , , 
5.4846346, 0.0840925, , , , , , , 5.4846346, 0.0224918, , , , , , , 5.4846346, 0.054551, , , , , , , 5.4846346, 0.0260166, , , , , , , , , , , , , , , , , , , , , , , , , , , , 
5.4851538, 0.0788891, , , , , , , 5.4851538, 0.0381018, , , , , , , 5.4851538, 0.0468299, , , , , , , 5.4851538, 0.0253452, , , , , , , , , , , , , , , , , , , , , , , , , , , , 
5.4856731, 0.0710002, , , , , , , 5.4856731, 0.0360876, , , , , , , 5.4856731, 0.0313878, , , , , , , 5.4856731, 0.0287022, , , , , , , , , , , , , , , , , , , , , , , , , , , , 
5.4861923, 0.0589151, , , , , , , 5.4861923, 0.0152743, , , , , , , 5.4861923, 0.0172885, , , , , , , 5.4861923, 0.0344091, , , , , , , , , , , , , , , , , , , , , , , , , , , , 
5.4867115, 0.0464942, , , , , , , 5.4867115, -0.0184634, , , , , , , 5.4867115, 0.0095674, , , , , , , 5.4867115, 0.0352483, , , , , , , , , , , , , , , , , , , , , , , , , , , , 
5.4872308, 0.033402, , , , , , , 5.4872308, -0.0458228, , , , , , , 5.4872308, 0.0028534, , , , , , , 5.4872308, 0.0298772, , , , , , , , , , , , , , , , , , , , , , , , , , , , 
5.48775, 0.0213169, , , , , , , 5.48775, -0.0532082, , , , , , , 5.48775, -0.0070497, , , , , , , 5.48775, 0.0229953, , , , , , , , , , , , , , , , , , , , , , , , , , , , 
5.4882692, 0.0104067, , , , , , , 5.4882692, -0.0626078, , , , , , , 5.4882692, -0.01561, , , , , , , 5.4882692, 0.0216526, , , , , , , , , , , , , , , , , , , , , , , , , , , , 
5.4887885, -0.0031891, , , , , , , 5.4887885, -0.0743572, , , , , , , 5.4887885, -0.0240024, , , , , , , 5.4887885, 0.026688, , , , , , , , , , , , , , , , , , , , , , , , , , , , 
5.4893077, -0.0236667, , , , , , , 5.4893077, -0.0673075, , , , , , , 5.4893077, -0.0330663, , , , , , , 5.4893077, 0.0320592, , , , , , , , , , , , , , , , , , , , , , , , , , , , 
5.4898269, -0.0446479, , , , , , , 5.4898269, -0.0404517, , , , , , , 5.4898269, -0.0424659, , , , , , , 5.4898269, 0.0325628, , , , , , , , , , , , , , , , , , , , , , , , , , , , 
5.4903462, -0.0605936, , , , , , , 5.4903462, -0.0176242, , , , , , , 5.4903462, -0.0476692, , , , , , , 5.4903462, 0.0303807, , , , , , , , , , , , , , , , , , , , , , , , , , , , 
5.4908654, -0.0683146, , , , , , , 5.4908654, -0.014435, , , , , , , 5.4908654, -0.0471656, , , , , , , 5.4908654, 0.0287022, , , , , , , , , , , , , , , , , , , , , , , , , , , , 
5.4913846, -0.0720073, , , , , , , 5.4913846, -0.0166171, , , , , , , 5.4913846, -0.0433051, , , , , , , 5.4913846, 0.0273594, , , , , , , , , , , , , , , , , , , , , , , , , , , , 
5.4919038, -0.0693217, , , , , , , 5.4919038, -0.0139315, , , , , , , 5.4919038, -0.0387732, , , , , , , 5.4919038, 0.0240024, , , , , , , , , , , , , , , , , , , , , , , , , , , , 
5.4924231, -0.0565652, , , , , , , 5.4924231, -0.0149386, , , , , , , 5.4924231, -0.0370947, , , , , , , 5.4924231, 0.0186313, , , , , , , , , , , , , , , , , , , , , , , , , , , , 
5.4929423, -0.0397803, , , , , , , 5.4929423, -0.0209812, , , , , , , 5.4929423, -0.0391089, , , , , , , 5.4929423, 0.0114137, , , , , , , , , , , , , , , , , , , , , , , , , , , , 
5.4934615, -0.0263523, , , , , , , 5.4934615, -0.0216526, , , , , , , 5.4934615, -0.0446479, , , , , , , 5.4934615, 0.0065461, , , , , , , , , , , , , , , , , , , , , , , , , , , , 
5.4939808, -0.0162814, , , , , , , 5.4939808, -0.0186313, , , , , , , 5.4939808, -0.0498512, , , , , , , 5.4939808, 0.0031891, , , , , , , , , , , , , , , , , , , , , , , , , , , , 
5.4945, -0.0082246, , , , , , , 5.4945, -0.018967, , , , , , , 5.4945, -0.051194, , , , , , , 5.4945, 0.0023499, , , , , , , , , , , , , , , , , , , , , , , , , , , , 
5.4950192, -0.0001678, , , , , , , 5.4950192, -0.0206455, , , , , , , 5.4950192, -0.051194, , , , , , , 5.4950192, 0.0010071, , , , , , , , , , , , , , , , , , , , , , , , , , , , 
5.4955385, 0.0072175, , , , , , , 5.4955385, -0.0216526, , , , , , , 5.4955385, -0.0486763, , , , , , , 5.4955385, -0.0001678, , , , , , , , , , , , , , , , , , , , , , , , , , , , 
5.4960577, 0.011078, , , , , , , 5.4960577, -0.026688, , , , , , , 5.4960577, -0.0399481, , , , , , , 5.4960577, -0.0001678, , , , , , , , , , , , , , , , , , , , , , , , , , , , 
5.4965769, 0.0159457, , , , , , , 5.4965769, -0.0315557, , , , , , , 5.4965769, -0.0310521, , , , , , , 5.4965769, -0.0028534, , , , , , , , , , , , , , , , , , , , , , , , , , , , 
5.4970962, 0.0216526, , , , , , , 5.4970962, -0.0229953, , , , , , , 5.4970962, -0.0253452, , , , , , , 5.4970962, -0.0052033, , , , , , , , , , , , , , , , , , , , , , , , , , , , 
5.4976154, 0.0276951, , , , , , , 5.4976154, -0.0095674, , , , , , , 5.4976154, -0.0221561, , , , , , , 5.4976154, -0.0068818, , , , , , , , , , , , , , , , , , , , , , , , , , , , 
5.4981346, 0.0347448, , , , , , , 5.4981346, -0.0115816, , , , , , , 5.4981346, -0.0213169, , , , , , , 5.4981346, -0.0085603, , , , , , , , , , , , , , , , , , , , , , , , , , , , 
5.4986538, 0.0372625, , , , , , , 5.4986538, -0.0196384, , , , , , , 5.4986538, -0.0243381, , , , , , , 5.4986538, -0.0082246, , , , , , , , , , , , , , , , , , , , , , , , , , , , 
5.4991731, 0.0377661, , , , , , , 5.4991731, -0.0109102, , , , , , , 5.4991731, -0.0270237, , , , , , , 5.4991731, -0.0072175, , , , , , , , , , , , , , , , , , , , , , , , , , , , 
5.4996923, 0.0394446, , , , , , , 5.4996923, 0.0075532, , , , , , , 5.4996923, -0.0270237, , , , , , , 5.4996923, -0.0083925, , , , , , , , , , , , , , , , , , , , , , , , , , , , 
5.5002115, 0.0407874, , , , , , , 5.5002115, 0.0105745, , , , , , , 5.5002115, -0.0256809, , , , , , , 5.5002115, -0.0092317, , , , , , , , , , , , , , , , , , , , , , , , , , , , 
5.5007308, 0.0407874, , , , , , , 5.5007308, 0.010071, , , , , , , 5.5007308, -0.0223239, , , , , , , 5.5007308, -0.0062104, , , , , , , , , , , , , , , , , , , , , , , , , , , , 
5.50125, 0.0397803, , , , , , , 5.50125, 0.0162814, , , , , , , 5.50125, -0.0172885, , , , , , , 5.50125, -0.0045319, , , , , , , , , , , , , , , , , , , , , , , , , , , , 
5.5017692, 0.0475013, , , , , , , 5.5017692, 0.0273594, , , , , , , 5.5017692, -0.0095674, , , , , , , 5.5017692, -0.0063783, , , , , , , , , , , , , , , , , , , , , , , , , , , , 
5.5022885, 0.0629435, , , , , , , 5.5022885, 0.0468299, , , , , , , 5.5022885, -0.0015106, , , , , , , 5.5022885, -0.0095674, , , , , , , , , , , , , , , , , , , , , , , , , , , , 
5.5028077, 0.0710002, , , , , , , 5.5028077, 0.0688182, , , , , , , 5.5028077, 0.0038605, , , , , , , 5.5028077, -0.0099031, , , , , , , , , , , , , , , , , , , , , , , , , , , , 
5.5033269, 0.0726787, , , , , , , 5.5033269, 0.0850996, , , , , , , 5.5033269, 0.0045319, , , , , , , 5.5033269, -0.0090639, , , , , , , , , , , , , , , , , , , , , , , , , , , , 
5.5038462, 0.0715038, , , , , , , 5.5038462, 0.0817426, , , , , , , 5.5038462, 0.0005035, , , , , , , 5.5038462, -0.0083925, , , , , , , , , , , , , , , , , , , , , , , , , , , , 
5.5043654, 0.0703288, , , , , , , 5.5043654, 0.0558938, , , , , , , 5.5043654, -0.0036927, , , , , , , 5.5043654, -0.0072175, , , , , , , , , , , , , , , , , , , , , , , , , , , , 
5.5048846, 0.072343, , , , , , , 5.5048846, 0.0337377, , , , , , , 5.5048846, -0.0048676, , , , , , , 5.5048846, -0.0048676, , , , , , , , , , , , , , , , , , , , , , , , , , , , 
5.5054038, 0.0716716, , , , , , , 5.5054038, 0.0293736, , , , , , , 5.5054038, -0.0065461, , , , , , , 5.5054038, -0.0035248, , , , , , , , , , , , , , , , , , , , , , , , , , , , 
5.5059231, 0.0636149, , , , , , , 5.5059231, 0.0360876, , , , , , , 5.5059231, -0.0102388, , , , , , , 5.5059231, 0.0001678, , , , , , , , , , , , , , , , , , , , , , , , , , , , 
5.5064423, 0.051194, , , , , , , 5.5064423, 0.0528725, , , , , , , 5.5064423, -0.01561, , , , , , , 5.5064423, 0.0063783, , , , , , , , , , , , , , , , , , , , , , , , , , , , 
5.5069615, 0.0364233, , , , , , , 5.5069615, 0.0743572, , , , , , , 5.5069615, -0.0176242, , , , , , , 5.5069615, 0.0099031, , , , , , , , , , , , , , , , , , , , , , , , , , , , 
5.5074808, 0.0213169, , , , , , , 5.5074808, 0.082414, , , , , , , 5.5074808, -0.0157778, , , , , , , 5.5074808, 0.0129244, , , , , , , , , , , , , , , , , , , , , , , , , , , , 
5.508, 0.0085603, , , , , , , 5.508, 0.0602579, , , , , , , 5.508, -0.0092317, , , , , , , 5.508, 0.0213169, , , , , , , , , , , , , , , , , , , , , , , , , , , , 
5.5085192, -0.0043641, , , , , , , 5.5085192, 0.023331, , , , , , , 5.5085192, -0.0015106, , , , , , , 5.5085192, 0.0307164, , , , , , , , , , , , , , , , , , , , , , , , , , , , 
5.5090385, -0.0152743, , , , , , , 5.5090385, -0.0075532, , , , , , , 5.5090385, 0.0057069, , , , , , , 5.5090385, 0.0381018, , , , , , , , , , , , , , , , , , , , , , , , , , , , 
5.5095577, -0.0236667, , , , , , , 5.5095577, -0.0297093, , , , , , , 5.5095577, 0.0082246, , , , , , , 5.5095577, 0.0424659, , , , , , , , , , , , , , , , , , , , , , , , , , , , 
5.5100769, -0.0370947, , , , , , , 5.5100769, -0.057908, , , , , , , 5.5100769, 0.0052033, , , , , , , 5.5100769, 0.0454871, , , , , , , , , , , , , , , , , , , , , , , , , , , , 
5.5105962, -0.0518654, , , , , , , 5.5105962, -0.0965133, , , , , , , 5.5105962, 0.0025177, , , , , , , 5.5105962, 0.0461585, , , , , , , , , , , , , , , , , , , , , , , , , , , , 
5.5111154, -0.0652934, , , , , , , 5.5111154, -0.1352865, , , , , , , 5.5111154, 0.0048676, , , , , , , 5.5111154, 0.0461585, , , , , , , , , , , , , , , , , , , , , , , , , , , , 
5.5116346, -0.0740215, , , , , , , 5.5116346, -0.1740597, , , , , , , 5.5116346, 0.0125887, , , , , , , 5.5116346, 0.0441444, , , , , , , , , , , , , , , , , , , , , , , , , , , , 
5.5121538, -0.0696574, , , , , , , 5.5121538, -0.1995727, , , , , , , 5.5121538, 0.0206455, , , , , , , 5.5121538, 0.0417945, , , , , , , , , , , , , , , , , , , , , , , , , , , , 
5.5126731, -0.0533761, , , , , , , 5.5126731, -0.1854734, , , , , , , 5.5126731, 0.0240024, , , , , , , 5.5126731, 0.0414588, , , , , , , , , , , , , , , , , , , , , , , , , , , , 
5.5131923, -0.0384375, , , , , , , 5.5131923, -0.1438468, , , , , , , 5.5131923, 0.0209812, , , , , , , 5.5131923, 0.0379339, , , , , , , , , , , , , , , , , , , , , , , , , , , , 
5.5137115, -0.0263523, , , , , , , 5.5137115, -0.0955062, , , , , , , 5.5137115, 0.0172885, , , , , , , 5.5137115, 0.0357519, , , , , , , , , , , , , , , , , , , , , , , , , , , , 
5.5142308, -0.0149386, , , , , , , 5.5142308, -0.0548867, , , , , , , 5.5142308, 0.0166171, , , , , , , 5.5142308, 0.0327306, , , , , , , , , , , , , , , , , , , , , , , , , , , , 
5.51475, -0.0082246, , , , , , , 5.51475, -0.0271916, , , , , , , 5.51475, 0.012253, , , , , , , 5.51475, 0.0263523, , , , , , , , , , , , , , , , , , , , , , , , , , , , 
5.5152692, 0.0011749, , , , , , , 5.5152692, -0.0135958, , , , , , , 5.5152692, 0.0070497, , , , , , , 5.5152692, 0.0213169, , , , , , , , , , , , , , , , , , , , , , , , , , , , 
5.5157885, 0.0129244, , , , , , , 5.5157885, -0.011078, , , , , , , 5.5157885, 0.0011749, , , , , , , 5.5157885, 0.0182956, , , , , , , , , , , , , , , , , , , , , , , , , , , , 
5.5163077, 0.0193027, , , , , , , 5.5163077, -0.0142672, , , , , , , 5.5163077, -0.0068818, , , , , , , 5.5163077, 0.0179599, , , , , , , , , , , , , , , , , , , , , , , , , , , , 
5.5168269, 0.0224918, , , , , , , 5.5168269, -0.0206455, , , , , , , 5.5168269, -0.012253, , , , , , , 5.5168269, 0.0193027, , , , , , , , , , , , , , , , , , , , , , , , , , , , 
5.5173462, 0.0270237, , , , , , , 5.5173462, -0.0270237, , , , , , , 5.5173462, -0.0112459, , , , , , , 5.5173462, 0.0213169, , , , , , , , , , , , , , , , , , , , , , , , , , , , 
5.5178654, 0.0317235, , , , , , , 5.5178654, -0.0240024, , , , , , , 5.5178654, -0.0058747, , , , , , , 5.5178654, 0.0223239, , , , , , , , , , , , , , , , , , , , , , , , , , , , 
5.5183846, 0.0360876, , , , , , , 5.5183846, -0.0112459, , , , , , , 5.5183846, -0.002182, , , , , , , 5.5183846, 0.0206455, , , , , , , , , , , , , , , , , , , , , , , , , , , , 
5.5189038, 0.0394446, , , , , , , 5.5189038, 0.0120851, , , , , , , 5.5189038, -0.002182, , , , , , , 5.5189038, 0.01561, , , , , , , , , , , , , , , , , , , , , , , , , , , , 
5.5194231, 0.0397803, , , , , , , 5.5194231, 0.0548867, , , , , , , 5.5194231, -0.0030213, , , , , , , 5.5194231, 0.0104067, , , , , , , , , , , , , , , , , , , , , , , , , , , , 
5.5199423, 0.0396124, , , , , , , 5.5199423, 0.0951705, , , , , , , 5.5199423, -0.0038605, , , , , , , 5.5199423, 0.0063783, , , , , , , , , , , , , , , , , , , , , , , , , , , , 
5.5204615, 0.0411231, , , , , , , 5.5204615, 0.1094377, , , , , , , 5.5204615, -0.0041962, , , , , , , 5.5204615, 0.0031891, , , , , , , , , , , , , , , , , , , , , , , , , , , , 
5.5209808, 0.0411231, , , , , , , 5.5209808, 0.1038987, , , , , , , 5.5209808, -0.005539, , , , , , , 5.5209808, -0.0005035, , , , , , , , , , , , , , , , , , , , , , , , , , , , 
5.5215, 0.0387732, , , , , , , 5.5215, 0.0760357, , , , , , , 5.5215, -0.0068818, , , , , , , 5.5215, -0.0041962, , , , , , , , , , , , , , , , , , , , , , , , , , , , 
5.5220192, 0.0407874, , , , , , , 5.5220192, 0.0411231, , , , , , , 5.5220192, -0.0058747, , , , , , , 5.5220192, -0.0095674, , , , , , , , , , , , , , , , , , , , , , , , , , , , 
5.5225385, 0.0505226, , , , , , , 5.5225385, 0.0149386, , , , , , , 5.5225385, -0.0035248, , , , , , , 5.5225385, -0.0152743, , , , , , , , , , , , , , , , , , , , , , , , , , , , 
5.5230577, 0.0585794, , , , , , , 5.5230577, -0.0062104, , , , , , , 5.5230577, -0.0041962, , , , , , , 5.5230577, -0.0179599, , , , , , , , , , , , , , , , , , , , , , , , , , , , 
5.5235769, 0.063447, , , , , , , 5.5235769, -0.0196384, , , , , , , 5.5235769, -0.0072175, , , , , , , 5.5235769, -0.0179599, , , , , , , , , , , , , , , , , , , , , , , , , , , , 
5.5240962, 0.0659648, , , , , , , 5.5240962, -0.0283665, , , , , , , 5.5240962, -0.0092317, , , , , , , 5.5240962, -0.0162814, , , , , , , , , , , , , , , , , , , , , , , , , , , , 
5.5246154, 0.061265, , , , , , , 5.5246154, -0.0438087, , , , , , , 5.5246154, -0.0082246, , , , , , , 5.5246154, -0.0157778, , , , , , , , , , , , , , , , , , , , , , , , , , , , 
5.5251346, 0.0569009, , , , , , , 5.5251346, -0.0800641, , , , , , , 5.5251346, -0.0072175, , , , , , , 5.5251346, -0.0176242, , , , , , , , , , , , , , , , , , , , , , , , , , , , 
5.5256538, 0.0548867, , , , , , , 5.5256538, -0.1169909, , , , , , , 5.5256538, -0.0072175, , , , , , , 5.5256538, -0.0162814, , , , , , , , , , , , , , , , , , , , , , , , , , , , 
5.5261731, 0.0454871, , , , , , , 5.5261731, -0.1253834, , , , , , , 5.5261731, -0.0085603, , , , , , , 5.5261731, -0.0105745, , , , , , , , , , , , , , , , , , , , , , , , , , , , 
5.5266923, 0.0332341, , , , , , , 5.5266923, -0.1028916, , , , , , , 5.5266923, -0.0062104, , , , , , , 5.5266923, -0.0041962, , , , , , , , , , , , , , , , , , , , , , , , , , , , 
5.5272115, 0.024506, , , , , , , 5.5272115, -0.0777142, , , , , , , 5.5272115, -0.0001678, , , , , , , 5.5272115, 0.0015106, , , , , , , , , , , , , , , , , , , , , , , , , , , , 
5.5277308, 0.0135958, , , , , , , 5.5277308, -0.0654612, , , , , , , 5.5277308, 0.0048676, , , , , , , 5.5277308, 0.0082246, , , , , , , , , , , , , , , , , , , , , , , , , , , , 
5.52825, -0.0005035, , , , , , , 5.52825, -0.0552224, , , , , , , 5.52825, 0.0068818, , , , , , , 5.52825, 0.0142672, , , , , , , , , , , , , , , , , , , , , , , , , , , , 
5.5287692, -0.0132601, , , , , , , 5.5287692, -0.0357519, , , , , , , 5.5287692, 0.0072175, , , , , , , 5.5287692, 0.0199741, , , , , , , , , , , , , , , , , , , , , , , , , , , , 
5.5292885, -0.0219883, , , , , , , 5.5292885, -0.0095674, , , , , , , 5.5292885, 0.0065461, , , , , , , 5.5292885, 0.0260166, , , , , , , , , , , , , , , , , , , , , , , , , , , , 
5.5298077, -0.0374304, , , , , , , 5.5298077, 0.0179599, , , , , , , 5.5298077, 0.0025177, , , , , , , 5.5298077, 0.0297093, , , , , , , , , , , , , , , , , , , , , , , , , , , , 
5.5303269, -0.057908, , , , , , , 5.5303269, 0.0535439, , , , , , , 5.5303269, -0.002182, , , , , , , 5.5303269, 0.0292058, , , , , , , , , , , , , , , , , , , , , , , , , , , , 
5.5308462, -0.0743572, , , , , , , 5.5308462, 0.0827497, , , , , , , 5.5308462, -0.0063783, , , , , , , 5.5308462, 0.0323949, , , , , , , , , , , , , , , , , , , , , , , , , , , , 
5.5313654, -0.0773785, , , , , , , 5.5313654, 0.0834211, , , , , , , 5.5313654, -0.0125887, , , , , , , 5.5313654, 0.0379339, , , , , , , , , , , , , , , , , , , , , , , , , , , , 
5.5318846, -0.0673075, , , , , , , 5.5318846, 0.0553902, , , , , , , 5.5318846, -0.0193027, , , , , , , 5.5318846, 0.0414588, , , , , , , , , , , , , , , , , , , , , , , , , , , , 
5.5324038, -0.0515297, , , , , , , 5.5324038, 0.0203098, , , , , , , 5.5324038, -0.0176242, , , , , , , 5.5324038, 0.0428016, , , , , , , , , , , , , , , , , , , , , , , , , , , , 
5.5329231, -0.0397803, , , , , , , 5.5329231, 0.0001678, , , , , , , 5.5329231, -0.0075532, , , , , , , 5.5329231, 0.0451514, , , , , , , , , , , , , , , , , , , , , , , , , , , , 
5.5334423, -0.0323949, , , , , , , 5.5334423, -0.0045319, , , , , , , 5.5334423, -0.0001678, , , , , , , 5.5334423, 0.0481727, , , , , , , , , , , , , , , , , , , , , , , , , , , , 
5.5339615, -0.0209812, , , , , , , 5.5339615, 0.0036927, , , , , , , 5.5339615, 0.0035248, , , , , , , 5.5339615, 0.0508583, , , , , , , , , , , , , , , , , , , , , , , , , , , , 
5.5344808, -0.0075532, , , , , , , 5.5344808, 0.023331, , , , , , , 5.5344808, 0.0048676, , , , , , , 5.5344808, 0.0538796, , , , , , , , , , , , , , , , , , , , , , , , , , , , 
5.535, 0.0025177, , , , , , , 5.535, 0.0448157, , , , , , , 5.535, 0.0082246, , , , , , , 5.535, 0.0582437, , , , , , , , , , , , , , , , , , , , , , , , , , , , 
5.5355192, 0.0038605, , , , , , , 5.5355192, 0.0522011, , , , , , , 5.5355192, 0.0139315, , , , , , , 5.5355192, 0.0616007, , , , , , , , , , , , , , , , , , , , , , , , , , , , 
5.5360385, 0.0075532, , , , , , , 5.5360385, 0.0352483, , , , , , , 5.5360385, 0.0179599, , , , , , , 5.5360385, 0.0599222, , , , , , , , , , , , , , , , , , , , , , , , , , , , 
5.5365577, 0.0119173, , , , , , , 5.5365577, -0.0005035, , , , , , , 5.5365577, 0.0169528, , , , , , , 5.5365577, 0.0522011, , , , , , , , , , , , , , , , , , , , , , , , , , , , 
5.5370769, 0.0199741, , , , , , , 5.5370769, -0.0315557, , , , , , , 5.5370769, 0.0152743, , , , , , , 5.5370769, 0.0433051, , , , , , , , , , , , , , , , , , , , , , , , , , , , 
5.5375962, 0.030045, , , , , , , 5.5375962, -0.0441444, , , , , , , 5.5375962, 0.0151064, , , , , , , 5.5375962, 0.033402, , , , , , , , , , , , , , , , , , , , , , , , , , , , 
5.5381154, 0.0387732, , , , , , , 5.5381154, -0.0491798, , , , , , , 5.5381154, 0.0129244, , , , , , , 5.5381154, 0.0226596, , , , , , , , , , , , , , , , , , , , , , , , , , , , 
5.5386346, 0.0414588, , , , , , , 5.5386346, -0.0381018, , , , , , , 5.5386346, 0.0109102, , , , , , , 5.5386346, 0.0159457, , , , , , , , , , , , , , , , , , , , , , , , , , , , 
5.5391538, 0.0374304, , , , , , , 5.5391538, -0.0028534, , , , , , , 5.5391538, 0.0092317, , , , , , , 5.5391538, 0.0085603, , , , , , , , , , , , , , , , , , , , , , , , , , , , 
5.5396731, 0.0307164, , , , , , , 5.5396731, 0.0276951, , , , , , , 5.5396731, 0.0052033, , , , , , , 5.5396731, -0.0005035, , , , , , , , , , , , , , , , , , , , , , , , , , , , 
5.5401923, 0.0243381, , , , , , , 5.5401923, 0.0347448, , , , , , , 5.5401923, -0.0008392, , , , , , , 5.5401923, -0.0068818, , , , , , , , , , , , , , , , , , , , , , , , , , , , 
5.5407115, 0.0209812, , , , , , , 5.5407115, 0.0298772, , , , , , , 5.5407115, -0.0102388, , , , , , , 5.5407115, -0.0085603, , , , , , , , , , , , , , , , , , , , , , , , , , , , 
5.5412308, 0.0240024, , , , , , , 5.5412308, 0.0166171, , , , , , , 5.5412308, -0.0223239, , , , , , , 5.5412308, -0.0102388, , , , , , , , , , , , , , , , , , , , , , , , , , , , 
5.54175, 0.033402, , , , , , , 5.54175, 0.0035248, , , , , , , 5.54175, -0.0344091, , , , , , , 5.54175, -0.0151064, , , , , , , , , , , , , , , , , , , , , , , , , , , , 
5.5422692, 0.0493477, , , , , , , 5.5422692, -0.002182, , , , , , , 5.5422692, -0.0438087, , , , , , , 5.5422692, -0.0213169, , , , , , , , , , , , , , , , , , , , , , , , , , , , 
5.5427885, 0.0652934, , , , , , , 5.5427885, 0.0001678, , , , , , , 5.5427885, -0.0464942, , , , , , , 5.5427885, -0.0260166, , , , , , , , , , , , , , , , , , , , , , , , , , , , 
5.5433077, 0.0704967, , , , , , , 5.5433077, 0.0058747, , , , , , , 5.5433077, -0.0448157, , , , , , , 5.5433077, -0.0297093, , , , , , , , , , , , , , , , , , , , , , , , , , , , 
5.5438269, 0.072343, , , , , , , 5.5438269, 0.0070497, , , , , , , 5.5438269, -0.0407874, , , , , , , 5.5438269, -0.0337377, , , , , , , , , , , , , , , , , , , , , , , , , , , , 
5.5443462, 0.0713359, , , , , , , 5.5443462, -0.0005035, , , , , , , 5.5443462, -0.0320592, , , , , , , 5.5443462, -0.0347448, , , , , , , , , , , , , , , , , , , , , , , , , , , , 
5.5448654, 0.0703288, , , , , , , 5.5448654, -0.012253, , , , , , , 5.5448654, -0.0203098, , , , , , , 5.5448654, -0.0317235, , , , , , , , , , , , , , , , , , , , , , , , , , , , 
5.5453846, 0.0683146, , , , , , , 5.5453846, -0.018967, , , , , , , 5.5453846, -0.012253, , , , , , , 5.5453846, -0.0283665, , , , , , , , , , , , , , , , , , , , , , , , , , , , 
5.5459038, 0.061265, , , , , , , 5.5459038, -0.018967, , , , , , , 5.5459038, -0.0105745, , , , , , , 5.5459038, -0.0261845, , , , , , , , , , , , , , , , , , , , , , , , , , , , 
5.5464231, 0.0485084, , , , , , , 5.5464231, -0.0045319, , , , , , , 5.5464231, -0.0115816, , , , , , , 5.5464231, -0.0193027, , , , , , , , , , , , , , , , , , , , , , , , , , , , 
5.5469423, 0.0364233, , , , , , , 5.5469423, 0.0068818, , , , , , , 5.5469423, -0.0119173, , , , , , , 5.5469423, -0.0062104, , , , , , , , , , , , , , , , , , , , , , , , , , , , 
5.5474615, 0.030045, , , , , , , 5.5474615, -0.0015106, , , , , , , 5.5474615, -0.0109102, , , , , , , 5.5474615, 0.005539, , , , , , , , , , , , , , , , , , , , , , , , , , , , 
5.5479808, 0.0193027, , , , , , , 5.5479808, -0.0258488, , , , , , , 5.5479808, -0.0082246, , , , , , , 5.5479808, 0.0125887, , , , , , , , , , , , , , , , , , , , , , , , , , , , 
5.5485, -0.002182, , , , , , , 5.5485, -0.051194, , , , , , , 5.5485, -0.0048676, , , , , , , 5.5485, 0.0166171, , , , , , , , , , , , , , , , , , , , , , , , , , , , 
5.5490192, -0.0263523, , , , , , , 5.5490192, -0.0639506, , , , , , , 5.5490192, -0.0015106, , , , , , , 5.5490192, 0.0240024, , , , , , , , , , , , , , , , , , , , , , , , , , , , 
5.5495385, -0.0446479, , , , , , , 5.5495385, -0.0607614, , , , , , , 5.5495385, -0.0015106, , , , , , , 5.5495385, 0.0357519, , , , , , , , , , , , , , , , , , , , , , , , , , , , 
5.5500577, -0.0548867, , , , , , , 5.5500577, -0.0528725, , , , , , , 5.5500577, -0.0031891, , , , , , , 5.5500577, 0.0475013, , , , , , , , , , , , , , , , , , , , , , , , , , , , 
5.5505769, -0.0619364, , , , , , , 5.5505769, -0.0466621, , , , , , , 5.5505769, 0.0008392, , , , , , , 5.5505769, 0.0535439, , , , , , , , , , , , , , , , , , , , , , , , , , , , 
5.5510962, -0.064622, , , , , , , 5.5510962, -0.0337377, , , , , , , 5.5510962, 0.0132601, , , , , , , 5.5510962, 0.0527047, , , , , , , , , , , , , , , , , , , , , , , , , , , , 
5.5516154, -0.063447, , , , , , , 5.5516154, -0.0041962, , , , , , , 5.5516154, 0.0340734, , , , , , , 5.5516154, 0.0464942, , , , , , , , , , , , , , , , , , , , , , , , , , , , 
5.5521346, -0.0538796, , , , , , , 5.5521346, 0.0475013, , , , , , , 5.5521346, 0.0602579, , , , , , , 5.5521346, 0.0374304, , , , , , , , , , , , , , , , , , , , , , , , , , , , 
5.5526538, -0.0340734, , , , , , , 5.5526538, 0.0850996, , , , , , , 5.5526538, 0.0800641, , , , , , , 5.5526538, 0.0270237, , , , , , , , , , , , , , , , , , , , , , , , , , , , 
5.5531731, -0.0124208, , , , , , , 5.5531731, 0.0820783, , , , , , , 5.5531731, 0.0884565, , , , , , , 5.5531731, 0.0184634, , , , , , , , , , , , , , , , , , , , , , , , , , , , 
5.5536923, -0.0005035, , , , , , , 5.5536923, 0.0592508, , , , , , , 5.5536923, 0.0896315, , , , , , , 5.5536923, 0.0142672, , , , , , , , , , , , , , , , , , , , , , , , , , , , 
5.5542115, 0.0010071, , , , , , , 5.5542115, 0.0384375, , , , , , , 5.5542115, 0.0777142, , , , , , , 5.5542115, 0.0135958, , , , , , , , , , , , , , , , , , , , , , , , , , , , 
5.5547308, 0.0052033, , , , , , , 5.5547308, 0.0193027, , , , , , , 5.5547308, 0.0488441, , , , , , , 5.5547308, 0.0130922, , , , , , , , , , , , , , , , , , , , , , , , , , , , 
5.55525, 0.018967, , , , , , , 5.55525, -0.0041962, , , , , , , 5.55525, 0.0095674, , , , , , , 5.55525, 0.0115816, , , , , , , , , , , , , , , , , , , , , , , , , , , , 
5.5557692, 0.0320592, , , , , , , 5.5557692, -0.0151064, , , , , , , 5.5557692, -0.0354162, , , , , , , 5.5557692, 0.0092317, , , , , , , , , , , , , , , , , , , , , , , , , , , , 
5.5562885, 0.0414588, , , , , , , 5.5562885, -0.0015106, , , , , , , 5.5562885, -0.0852674, , , , , , , 5.5562885, 0.0068818, , , , , , , , , , , , , , , , , , , , , , , , , , , , 
5.5568077, 0.043473, , , , , , , 5.5568077, 0.0092317, , , , , , , 5.5568077, -0.1312581, , , , , , , 5.5568077, 0.0052033, , , , , , , , , , , , , , , , , , , , , , , , , , , , 
5.5573269, 0.0414588, , , , , , , 5.5573269, -0.0077211, , , , , , , 5.5573269, -0.1619745, , , , , , , 5.5573269, 0.0036927, , , , , , , , , , , , , , , , , , , , , , , , , , , , 
5.5578462, 0.0428016, , , , , , , 5.5578462, -0.0330663, , , , , , , 5.5578462, -0.1760739, , , , , , , 5.5578462, 0.0005035, , , , , , , , , , , , , , , , , , , , , , , , , , , , 
5.5583654, 0.0441444, , , , , , , 5.5583654, -0.0448157, , , , , , , 5.5583654, -0.1747311, , , , , , , 5.5583654, -0.002182, , , , , , , , , , , , , , , , , , , , , , , , , , , , 
5.5588846, 0.0459907, , , , , , , 5.5588846, -0.036759, , , , , , , 5.5588846, -0.1618067, , , , , , , 5.5588846, 0.0001678, , , , , , , , , , , , , , , , , , , , , , , , , , , , 
5.5594038, 0.0475013, , , , , , , 5.5594038, -0.0179599, , , , , , , 5.5594038, -0.1445182, , , , , , , 5.5594038, 0.0028534, , , , , , , , , , , , , , , , , , , , , , , , , , , , 
5.5599231, 0.0488441, , , , , , , 5.5599231, -0.0011749, , , , , , , 5.5599231, -0.1272297, , , , , , , 5.5599231, 0.0052033, , , , , , , , , , , , , , , , , , , , , , , , , , , , 
5.5604423, 0.0481727, , , , , , , 5.5604423, 0.0070497, , , , , , , 5.5604423, -0.111284, , , , , , , 5.5604423, 0.0097353, , , , , , , , , , , , , , , , , , , , , , , , , , , , 
5.5609615, 0.0461585, , , , , , , 5.5609615, 0.0159457, , , , , , , 5.5609615, -0.0931563, , , , , , , 5.5609615, 0.0115816, , , , , , , , , , , , , , , , , , , , , , , , , , , , 
5.5614808, 0.0454871, , , , , , , 5.5614808, 0.0213169, , , , , , , 5.5614808, -0.0762036, , , , , , , 5.5614808, 0.0092317, , , , , , , , , , , , , , , , , , , , , , , , , , , , 
5.562, 0.0543832, , , , , , , 5.562, 0.0082246, , , , , , , 5.562, -0.0622721, , , , , , , 5.562, 0.0041962, , , , , , , , , , , , , , , , , , , , , , , , , , , , 
5.5625192, 0.0664683, , , , , , , 5.5625192, -0.0099031, , , , , , , 5.5625192, -0.0530404, , , , , , , 5.5625192, -0.0011749, , , , , , , , , , , , , , , , , , , , , , , , , , , , 
5.5630385, 0.0710002, , , , , , , 5.5630385, -0.0166171, , , , , , , 5.5630385, -0.0438087, , , , , , , 5.5630385, -0.002182, , , , , , , , , , , , , , , , , , , , , , , , , , , , 
5.5635577, 0.0696574, , , , , , , 5.5635577, -0.018967, , , , , , , 5.5635577, -0.0307164, , , , , , , 5.5635577, 0.0001678, , , , , , , , , , , , , , , , , , , , , , , , , , , , 
5.5640769, 0.0669718, , , , , , , 5.5640769, -0.01561, , , , , , , 5.5640769, -0.0169528, , , , , , , 5.5640769, 0.0052033, , , , , , , , , , , , , , , , , , , , , , , , , , , , 
5.5645962, 0.061265, , , , , , , 5.5645962, -0.0083925, , , , , , , 5.5645962, -0.0041962, , , , , , , 5.5645962, 0.0092317, , , , , , , , , , , , , , , , , , , , , , , , , , , , 
5.5651154, 0.0520333, , , , , , , 5.5651154, -0.0109102, , , , , , , 5.5651154, 0.0085603, , , , , , , 5.5651154, 0.0102388, , , , , , , , , , , , , , , , , , , , , , , , , , , , 
5.5656346, 0.0411231, , , , , , , 5.5656346, -0.036759, , , , , , , 5.5656346, 0.023331, , , , , , , 5.5656346, 0.0085603, , , , , , , , , , , , , , , , , , , , , , , , , , , , 
5.5661538, 0.0285344, , , , , , , 5.5661538, -0.0738537, , , , , , , 5.5661538, 0.0354162, , , , , , , 5.5661538, 0.0078889, , , , , , , , , , , , , , , , , , , , , , , , , , , , 
5.5666731, 0.0132601, , , , , , , 5.5666731, -0.0998703, , , , , , , 5.5666731, 0.0431373, , , , , , , 5.5666731, 0.0078889, , , , , , , , , , , , , , , , , , , , , , , , , , , , 
5.5671923, -0.0035248, , , , , , , 5.5671923, -0.1037308, , , , , , , 5.5671923, 0.0481727, , , , , , , 5.5671923, 0.0078889, , , , , , , , , , , , , , , , , , , , , , , , , , , , 
5.5677115, -0.0142672, , , , , , , 5.5677115, -0.0958419, , , , , , , 5.5677115, 0.0500191, , , , , , , 5.5677115, 0.0099031, , , , , , , , , , , , , , , , , , , , , , , , , , , , 
5.5682308, -0.0223239, , , , , , , 5.5682308, -0.0827497, , , , , , , 5.5682308, 0.0518654, , , , , , , 5.5682308, 0.0152743, , , , , , , , , , , , , , , , , , , , , , , , , , , , 
5.56875, -0.033402, , , , , , , 5.56875, -0.0652934, , , , , , , 5.56875, 0.0548867, , , , , , , 5.56875, 0.0203098, , , , , , , , , , , , , , , , , , , , , , , , , , , , 
5.5692692, -0.0454871, , , , , , , 5.5692692, -0.0485084, , , , , , , 5.5692692, 0.057908, , , , , , , 5.5692692, 0.0240024, , , , , , , , , , , , , , , , , , , , , , , , , , , , 
5.5697885, -0.0518654, , , , , , , 5.5697885, -0.0411231, , , , , , , 5.5697885, 0.06009, , , , , , , 5.5697885, 0.023331, , , , , , , , , , , , , , , , , , , , , , , , , , , , 
5.5703077, -0.0592508, , , , , , , 5.5703077, -0.0364233, , , , , , , 5.5703077, 0.0582437, , , , , , , 5.5703077, 0.0208133, , , , , , , , , , , , , , , , , , , , , , , , , , , , 
5.5708269, -0.0649577, , , , , , , 5.5708269, -0.0176242, , , , , , , 5.5708269, 0.0555581, , , , , , , 5.5708269, 0.0199741, , , , , , , , , , , , , , , , , , , , , , , , , , , , 
5.5713462, -0.0663005, , , , , , , 5.5713462, 0.0031891, , , , , , , 5.5713462, 0.0532082, , , , , , , 5.5713462, 0.0226596, , , , , , , , , , , , , , , , , , , , , , , , , , , , 
5.5718654, -0.0595865, , , , , , , 5.5718654, 0.01561, , , , , , , 5.5718654, 0.0501869, , , , , , , 5.5718654, 0.0218204, , , , , , , , , , , , , , , , , , , , , , , , , , , , 
5.5723846, -0.040116, , , , , , , 5.5723846, 0.0203098, , , , , , , 5.5723846, 0.0473335, , , , , , , 5.5723846, 0.0137636, , , , , , , , , , , , , , , , , , , , , , , , , , , , 
5.5729038, -0.0216526, , , , , , , 5.5729038, 0.023331, , , , , , , 5.5729038, 0.0438087, , , , , , , 5.5729038, 0.0072175, , , , , , , , , , , , , , , , , , , , , , , , , , , , 
5.5734231, -0.0082246, , , , , , , 5.5734231, 0.0206455, , , , , , , 5.5734231, 0.0386053, , , , , , , 5.5734231, 0.0041962, , , , , , , , , , , , , , , , , , , , , , , , , , , , 
5.5739423, 0.0038605, , , , , , , 5.5739423, 0.0132601, , , , , , , 5.5739423, 0.0327306, , , , , , , 5.5739423, 0.0001678, , , , , , , , , , , , , , , , , , , , , , , , , , , , 
5.5744615, 0.0132601, , , , , , , 5.5744615, 0.0038605, , , , , , , 5.5744615, 0.0248417, , , , , , , 5.5744615, -0.0023499, , , , , , , , , , , , , , , , , , , , , , , , , , , , 
5.5749808, 0.0196384, , , , , , , 5.5749808, -0.0104067, , , , , , , 5.5749808, 0.0159457, , , , , , , 5.5749808, -0.0001678, , , , , , , , , , , , , , , , , , , , , , , , , , , , 
5.5755, 0.0260166, , , , , , , 5.5755, -0.0162814, , , , , , , 5.5755, 0.0065461, , , , , , , 5.5755, 0.0045319, , , , , , , , , , , , , , , , , , , , , , , , , , , , 
5.5760192, 0.0339055, , , , , , , 5.5760192, -0.0070497, , , , , , , 5.5760192, -0.0043641, , , , , , , 5.5760192, 0.005539, , , , , , , , , , , , , , , , , , , , , , , , , , , , 
5.5765385, 0.0417945, , , , , , , 5.5765385, -0.0008392, , , , , , , 5.5765385, -0.0129244, , , , , , , 5.5765385, 0.0065461, , , , , , , , , , , , , , , , , , , , , , , , , , , , 
5.5770577, 0.0374304, , , , , , , 5.5770577, 0.0003357, , , , , , , 5.5770577, -0.0172885, , , , , , , 5.5770577, 0.0105745, , , , , , , , , , , , , , , , , , , , , , , , , , , , 
5.5775769, 0.0258488, , , , , , , 5.5775769, 0.0152743, , , , , , , 5.5775769, -0.018967, , , , , , , 5.5775769, 0.014435, , , , , , , , , , , , , , , , , , , , , , , , , , , , 
5.5780962, 0.017792, , , , , , , 5.5780962, 0.0342412, , , , , , , 5.5780962, -0.0203098, , , , , , , 5.5780962, 0.0182956, , , , , , , , , , , , , , , , , , , , , , , , , , , , 
5.5786154, 0.0139315, , , , , , , 5.5786154, 0.0263523, , , , , , , 5.5786154, -0.0213169, , , , , , , 5.5786154, 0.0226596, , , , , , , , , , , , , , , , , , , , , , , , , , , , 
5.5791346, 0.0078889, , , , , , , 5.5791346, 0.0001678, , , , , , , 5.5791346, -0.018967, , , , , , , 5.5791346, 0.0265202, , , , , , , , , , , , , , , , , , , , , , , , , , , , 
5.5796538, 0.0005035, , , , , , , 5.5796538, -0.0063783, , , , , , , 5.5796538, -0.0125887, , , , , , , 5.5796538, 0.0293736, , , , , , , , , , , , , , , , , , , , , , , , , , , , 
5.5801731, -0.0048676, , , , , , , 5.5801731, 0.002182, , , , , , , 5.5801731, -0.008896, , , , , , , 5.5801731, 0.0354162, , , , , , , , , , , , , , , , , , , , , , , , , , , , 
5.5806923, -0.0052033, , , , , , , 5.5806923, 0.0011749, , , , , , , 5.5806923, -0.0058747, , , , , , , 5.5806923, 0.040116, , , , , , , , , , , , , , , , , , , , , , , , , , , , 
5.5812115, 0.0018463, , , , , , , 5.5812115, -0.0048676, , , , , , , 5.5812115, 0.0008392, , , , , , , 5.5812115, 0.0428016, , , , , , , , , , , , , , , , , , , , , , , , , , , , 
5.5817308, 0.0129244, , , , , , , 5.5817308, -0.0041962, , , , , , , 5.5817308, 0.0068818, , , , , , , 5.5817308, 0.0381018, , , , , , , , , , , , , , , , , , , , , , , , , , , , 
5.58225, 0.0307164, , , , , , , 5.58225, 0.0052033, , , , , , , 5.58225, 0.0075532, , , , , , , 5.58225, 0.0253452, , , , , , , , , , , , , , , , , , , , , , , , , , , , 
5.5827692, 0.0535439, , , , , , , 5.5827692, 0.0216526, , , , , , , 5.5827692, 0.0050355, , , , , , , 5.5827692, 0.01561, , , , , , , , , , , , , , , , , , , , , , , , , , , , 
5.5832885, 0.0710002, , , , , , , 5.5832885, 0.0475013, , , , , , , 5.5832885, 0.0011749, , , , , , , 5.5832885, 0.0112459, , , , , , , , , , , , , , , , , , , , , , , , , , , , 
5.5838077, 0.0757, , , , , , , 5.5838077, 0.0740215, , , , , , , 5.5838077, -0.0001678, , , , , , , 5.5838077, 0.0105745, , , , , , , , , , , , , , , , , , , , , , , , , , , , 
5.5843269, 0.073518, , , , , , , 5.5843269, 0.0795605, , , , , , , 5.5843269, 0.0003357, , , , , , , 5.5843269, 0.0092317, , , , , , , , , , , , , , , , , , , , , , , , , , , , 
5.5848462, 0.0703288, , , , , , , 5.5848462, 0.0676432, , , , , , , 5.5848462, 0.0003357, , , , , , , 5.5848462, 0.0031891, , , , , , , , , , , , , , , , , , , , , , , , , , , , 
5.5853654, 0.0696574, , , , , , , 5.5853654, 0.0562295, , , , , , , 5.5853654, -0.0015106, , , , , , , 5.5853654, -0.0008392, , , , , , , , , , , , , , , , , , , , , , , , , , , , 
5.5858846, 0.0652934, , , , , , , 5.5858846, 0.0616007, , , , , , , 5.5858846, -0.0028534, , , , , , , 5.5858846, -0.0003357, , , , , , , , , , , , , , , , , , , , , , , , , , , , 
5.5864038, 0.0522011, , , , , , , 5.5864038, 0.0767071, , , , , , , 5.5864038, -0.0028534, , , , , , , 5.5864038, 0.0008392, , , , , , , , , , , , , , , , , , , , , , , , , , , , 
5.5869231, 0.0384375, , , , , , , 5.5869231, 0.0763714, , , , , , , 5.5869231, -0.0025177, , , , , , , 5.5869231, -0.0001678, , , , , , , , , , , , , , , , , , , , , , , , , , , , 
5.5874423, 0.0280308, , , , , , , 5.5874423, 0.0522011, , , , , , , 5.5874423, -0.0001678, , , , , , , 5.5874423, 0.0006714, , , , , , , , , , , , , , , , , , , , , , , , , , , , 
5.5879615, 0.0146029, , , , , , , 5.5879615, 0.0213169, , , , , , , 5.5879615, -0.0008392, , , , , , , 5.5879615, 0.0058747, , , , , , , , , , , , , , , , , , , , , , , , , , , , 
5.5884808, -0.0048676, , , , , , , 5.5884808, 0.0078889, , , , , , , 5.5884808, -0.0028534, , , , , , , 5.5884808, 0.0146029, , , , , , , , , , , , , , , , , , , , , , , , , , , , 
5.589, -0.0243381, , , , , , , 5.589, 0.0124208, , , , , , , 5.589, -0.0011749, , , , , , , 5.589, 0.023331, , , , , , , , , , , , , , , , , , , , , , , , , , , , 
5.5895192, -0.0360876, , , , , , , 5.5895192, 0.0048676, , , , , , , 5.5895192, -0.0015106, , , , , , , 5.5895192, 0.0273594, , , , , , , , , , , , , , , , , , , , , , , , , , , , 
5.5900385, -0.04448, , , , , , , 5.5900385, -0.0095674, , , , , , , 5.5900385, -0.0092317, , , , , , , 5.5900385, 0.0303807, , , , , , , , , , , , , , , , , , , , , , , , , , , , 
5.5905577, -0.054551, , , , , , , 5.5905577, -0.0078889, , , , , , , 5.5905577, -0.0216526, , , , , , , 5.5905577, 0.0317235, , , , , , , , , , , , , , , , , , , , , , , , , , , , 
5.5910769, -0.0632792, , , , , , , 5.5910769, -0.0005035, , , , , , , 5.5910769, -0.0325628, , , , , , , 5.5910769, 0.0320592, , , , , , , , , , , , , , , , , , , , , , , , , , , , 
5.5915962, -0.0659648, , , , , , , 5.5915962, 0.0025177, , , , , , , 5.5915962, -0.0392767, , , , , , , 5.5915962, 0.0317235, , , , , , , , , , , , , , , , , , , , , , , , , , , , 
5.5921154, -0.0595865, , , , , , , 5.5921154, -0.0203098, , , , , , , 5.5921154, -0.0421302, , , , , , , 5.5921154, 0.0273594, , , , , , , , , , , , , , , , , , , , , , , , , , , , 
5.5926346, -0.0458228, , , , , , , 5.5926346, -0.0592508, , , , , , , 5.5926346, -0.0453193, , , , , , , 5.5926346, 0.0179599, , , , , , , , , , , , , , , , , , , , , , , , , , , , 
5.5931538, -0.0327306, , , , , , , 5.5931538, -0.0746929, , , , , , , 5.5931538, -0.0464942, , , , , , , 5.5931538, 0.0078889, , , , , , , , , , , , , , , , , , , , , , , , , , , , 
5.5936731, -0.0219883, , , , , , , 5.5936731, -0.0753643, , , , , , , 5.5936731, -0.0453193, , , , , , , 5.5936731, 0.0005035, , , , , , , , , , , , , , , , , , , , , , , , , , , , 
5.5941923, -0.0169528, , , , , , , 5.5941923, -0.1082628, , , , , , , 5.5941923, -0.0411231, , , , , , , 5.5941923, -0.0015106, , , , , , , , , , , , , , , , , , , , , , , , , , , , 
5.5947115, -0.0095674, , , , , , , 5.5947115, -0.1619745, , , , , , , 5.5947115, -0.0357519, , , , , , , 5.5947115, -0.0008392, , , , , , , , , , , , , , , , , , , , , , , , , , , , 
5.5952308, 0.0030213, , , , , , , 5.5952308, -0.1868162, , , , , , , 5.5952308, -0.0318914, , , , , , , 5.5952308, -0.0035248, , , , , , , , , , , , , , , , , , , , , , , , , , , , 
5.59575, 0.0078889, , , , , , , 5.59575, -0.1858091, , , , , , , 5.59575, -0.0276951, , , , , , , 5.59575, -0.0046998, , , , , , , , , , , , , , , , , , , , , , , , , , , , 
5.5962692, 0.0092317, , , , , , , 5.5962692, -0.1646601, , , , , , , 5.5962692, -0.0236667, , , , , , , 5.5962692, -0.0011749, , , , , , , , , , , , , , , , , , , , , , , , , , , , 
5.5967885, 0.0151064, , , , , , , 5.5967885, -0.1273976, , , , , , , 5.5967885, -0.0206455, , , , , , , 5.5967885, -0.0008392, , , , , , , , , , , , , , , , , , , , , , , , , , , , 
5.5973077, 0.0166171, , , , , , , 5.5973077, -0.0944991, , , , , , , 5.5973077, -0.01561, , , , , , , 5.5973077, 0.0011749, , , , , , , , , , , , , , , , , , , , , , , , , , , , 
5.5978269, 0.0182956, , , , , , , 5.5978269, -0.0639506, , , , , , , 5.5978269, -0.0082246, , , , , , , 5.5978269, 0.0068818, , , , , , , , , , , , , , , , , , , , , , , , , , , , 
5.5983462, 0.0193027, , , , , , , 5.5983462, -0.021149, , , , , , , 5.5983462, -0.0035248, , , , , , , 5.5983462, 0.0117494, , , , , , , , , , , , , , , , , , , , , , , , , , , , 
5.5988654, 0.0206455, , , , , , , 5.5988654, 0.0305486, , , , , , , 5.5988654, -0.0015106, , , , , , , 5.5988654, 0.0132601, , , , , , , , , , , , , , , , , , , , , , , , , , , , 
5.5993846, 0.0213169, , , , , , , 5.5993846, 0.0609293, , , , , , , 5.5993846, -0.0008392, , , , , , , 5.5993846, 0.0132601, , , , , , , , , , , , , , , , , , , , , , , , , , , , 
5.5999038, 0.023331, , , , , , , 5.5999038, 0.0542153, , , , , , , 5.5999038, -0.0011749, , , , , , , 5.5999038, 0.0119173, , , , , , , , , , , , , , , , , , , , , , , , , , , , 
5.6004231, 0.0213169, , , , , , , 5.6004231, 0.0115816, , , , , , , 5.6004231, -0.0016785, , , , , , , 5.6004231, 0.0117494, , , , , , , , , , , , , , , , , , , , , , , , , , , , 
5.6009423, 0.0199741, , , , , , , 5.6009423, -0.0461585, , , , , , , 5.6009423, 0.0005035, , , , , , , 5.6009423, 0.0125887, , , , , , , , , , , , , , , , , , , , , , , , , , , , 
5.6014615, 0.026688, , , , , , , 5.6014615, -0.0773785, , , , , , , 5.6014615, 0.0052033, , , , , , , 5.6014615, 0.012253, , , , , , , , , , , , , , , , , , , , , , , , , , , , 
5.6019808, 0.0464942, , , , , , , 5.6019808, -0.0632792, , , , , , , 5.6019808, 0.008896, , , , , , , 5.6019808, 0.0082246, , , , , , , , , , , , , , , , , , , , , , , , , , , , 
5.6025, 0.0654612, , , , , , , 5.6025, -0.0451514, , , , , , , 5.6025, 0.0090639, , , , , , , 5.6025, 0.005539, , , , , , , , , , , , , , , , , , , , , , , , , , , , 
5.6030192, 0.0748608, , , , , , , 5.6030192, -0.0659648, , , , , , , 5.6030192, 0.0075532, , , , , , , 5.6030192, 0.0065461, , , , , , , , , , , , , , , , , , , , , , , , , , , , 
5.6035385, 0.0763714, , , , , , , 5.6035385, -0.0975204, , , , , , , 5.6035385, 0.0063783, , , , , , , 5.6035385, 0.0085603, , , , , , , , , , , , , , , , , , , , , , , , , , , , 
5.6040577, 0.0773785, , , , , , , 5.6040577, -0.0950027, , , , , , , 5.6040577, 0.0038605, , , , , , , 5.6040577, 0.0082246, , , , , , , , , , , , , , , , , , , , , , , , , , , , 
5.6045769, 0.0763714, , , , , , , 5.6045769, -0.0552224, , , , , , , 5.6045769, 0.0018463, , , , , , , 5.6045769, 0.0058747, , , , , , , , , , , , , , , , , , , , , , , , , , , , 
5.6050962, 0.0730144, , , , , , , 5.6050962, -0.0068818, , , , , , , 5.6050962, 0.0025177, , , , , , , 5.6050962, 0.002182, , , , , , , , , , , , , , , , , , , , , , , , , , , , 
5.6056154, 0.0629435, , , , , , , 5.6056154, 0.0307164, , , , , , , 5.6056154, 0.0043641, , , , , , , 5.6056154, 0.0011749, , , , , , , , , , , , , , , , , , , , , , , , , , , , 
5.6061346, 0.047837, , , , , , , 5.6061346, 0.0585794, , , , , , , 5.6061346, 0.0038605, , , , , , , 5.6061346, 0.0035248, , , , , , , , , , , , , , , , , , , , , , , , , , , , 
5.6066538, 0.0381018, , , , , , , 5.6066538, 0.0770428, , , , , , , 5.6066538, 0.002182, , , , , , , 5.6066538, 0.0031891, , , , , , , , , , , , , , , , , , , , , , , , , , , , 
5.6071731, 0.0287022, , , , , , , 5.6071731, 0.0720073, , , , , , , 5.6071731, 0.0018463, , , , , , , 5.6071731, 0.0011749, , , , , , , , , , , , , , , , , , , , , , , , , , , , 
5.6076923, 0.0169528, , , , , , , 5.6076923, 0.0431373, , , , , , , 5.6076923, 0.0011749, , , , , , , 5.6076923, 0.0018463, , , , , , , , , , , , , , , , , , , , , , , , , , , , 
5.6082115, 0.0003357, , , , , , , 5.6082115, 0.0179599, , , , , , , 5.6082115, 0.0025177, , , , , , , 5.6082115, 0.0102388, , , , , , , , , , , , , , , , , , , , , , , , , , , , 
5.6087308, -0.0196384, , , , , , , 5.6087308, 0.0082246, , , , , , , 5.6087308, 0.005539, , , , , , , 5.6087308, 0.0246738, , , , , , , , , , , , , , , , , , , , , , , , , , , , 
5.60925, -0.0365911, , , , , , , 5.60925, 0.0078889, , , , , , , 5.60925, 0.0065461, , , , , , , 5.60925, 0.0374304, , , , , , , , , , , , , , , , , , , , , , , , , , , , 
5.6097692, -0.0459907, , , , , , , 5.6097692, 0.01561, , , , , , , 5.6097692, 0.0050355, , , , , , , 5.6097692, 0.0416266, , , , , , , , , , , , , , , , , , , , , , , , , , , , 
5.6102885, -0.0505226, , , , , , , 5.6102885, 0.0243381, , , , , , , 5.6102885, 0.002182, , , , , , , 5.6102885, 0.0377661, , , , , , , , , , , , , , , , , , , , , , , , , , , , 
5.6108077, -0.061265, , , , , , , 5.6108077, 0.0298772, , , , , , , 5.6108077, -0.0031891, , , , , , , 5.6108077, 0.0344091, , , , , , , , , , , , , , , , , , , , , , , , , , , , 
5.6113269, -0.0713359, , , , , , , 5.6113269, 0.03122, , , , , , , 5.6113269, -0.0099031, , , , , , , 5.6113269, 0.0360876, , , , , , , , , , , , , , , , , , , , , , , , , , , , 
5.6118462, -0.0681468, , , , , , , 5.6118462, 0.0307164, , , , , , , 5.6118462, -0.0117494, , , , , , , 5.6118462, 0.0344091, , , , , , , , , , , , , , , , , , , , , , , , , , , , 
5.6123654, -0.0532082, , , , , , , 5.6123654, 0.0313878, , , , , , , 5.6123654, -0.011078, , , , , , , 5.6123654, 0.0285344, , , , , , , , , , , , , , , , , , , , , , , , , , , , 
5.6128846, -0.036759, , , , , , , 5.6128846, 0.0347448, , , , , , , 5.6128846, -0.0095674, , , , , , , 5.6128846, 0.0219883, , , , , , , , , , , , , , , , , , , , , , , , , , , , 
5.6134038, -0.0209812, , , , , , , 5.6134038, 0.0357519, , , , , , , 5.6134038, -0.0095674, , , , , , , 5.6134038, 0.0159457, , , , , , , , , , , , , , , , , , , , , , , , , , , , 
5.6139231, -0.0052033, , , , , , , 5.6139231, 0.0399481, , , , , , , 5.6139231, -0.0109102, , , , , , , 5.6139231, 0.0142672, , , , , , , , , , , , , , , , , , , , , , , , , , , , 
5.6144423, 0.0048676, , , , , , , 5.6144423, 0.0481727, , , , , , , 5.6144423, -0.0109102, , , , , , , 5.6144423, 0.0152743, , , , , , , , , , , , , , , , , , , , , , , , , , , , 
5.6149615, 0.0129244, , , , , , , 5.6149615, 0.0508583, , , , , , , 5.6149615, -0.0102388, , , , , , , 5.6149615, 0.0149386, , , , , , , , , , , , , , , , , , , , , , , , , , , , 
5.6154808, 0.0219883, , , , , , , 5.6154808, 0.0481727, , , , , , , 5.6154808, -0.0082246, , , , , , , 5.6154808, 0.01561, , , , , , , , , , , , , , , , , , , , , , , , , , , , 
5.616, 0.026688, , , , , , , 5.616, 0.0572366, , , , , , , 5.616, -0.0072175, , , , , , , 5.616, 0.0179599, , , , , , , , , , , , , , , , , , , , , , , , , , , , 
5.6165192, 0.0270237, , , , , , , 5.6165192, 0.0696574, , , , , , , 5.6165192, -0.0099031, , , , , , , 5.6165192, 0.0184634, , , , , , , , , , , , , , , , , , , , , , , , , , , , 
5.6170385, 0.0273594, , , , , , , 5.6170385, 0.0696574, , , , , , , 5.6170385, -0.0130922, , , , , , , 5.6170385, 0.0152743, , , , , , , , , , , , , , , , , , , , , , , , , , , , 
5.6175577, 0.030045, , , , , , , 5.6175577, 0.0636149, , , , , , , 5.6175577, -0.0149386, , , , , , , 5.6175577, 0.0124208, , , , , , , , , , , , , , , , , , , , , , , , , , , , 
5.6180769, 0.0310521, , , , , , , 5.6180769, 0.061265, , , , , , , 5.6180769, -0.0146029, , , , , , , 5.6180769, 0.0115816, , , , , , , , , , , , , , , , , , , , , , , , , , , , 
5.6185962, 0.0280308, , , , , , , 5.6185962, 0.0569009, , , , , , , 5.6185962, -0.0132601, , , , , , , 5.6185962, 0.0105745, , , , , , , , , , , , , , , , , , , , , , , , , , , , 
5.6191154, 0.0240024, , , , , , , 5.6191154, 0.0454871, , , , , , , 5.6191154, -0.0132601, , , , , , , 5.6191154, 0.0095674, , , , , , , , , , , , , , , , , , , , , , , , , , , , 
5.6196346, 0.0251774, , , , , , , 5.6196346, 0.036759, , , , , , , 5.6196346, -0.0125887, , , , , , , 5.6196346, 0.0099031, , , , , , , , , , , , , , , , , , , , , , , , , , , , 
5.6201538, 0.0297093, , , , , , , 5.6201538, 0.0139315, , , , , , , 5.6201538, -0.0112459, , , , , , , 5.6201538, 0.0099031, , , , , , , , , , , , , , , , , , , , , , , , , , , , 
5.6206731, 0.0320592, , , , , , , 5.6206731, -0.0231632, , , , , , , 5.6206731, -0.0149386, , , , , , , 5.6206731, 0.0085603, , , , , , , , , , , , , , , , , , , , , , , , , , , , 
5.6211923, 0.0354162, , , , , , , 5.6211923, -0.0535439, , , , , , , 5.6211923, -0.0216526, , , , , , , 5.6211923, 0.0058747, , , , , , , , , , , , , , , , , , , , , , , , , , , , 
5.6217115, 0.0438087, , , , , , , 5.6217115, -0.0750286, , , , , , , 5.6217115, -0.0229953, , , , , , , 5.6217115, 0.0003357, , , , , , , , , , , , , , , , , , , , , , , , , , , , 
5.6222308, 0.0609293, , , , , , , 5.6222308, -0.0914778, , , , , , , 5.6222308, -0.0203098, , , , , , , 5.6222308, -0.0082246, , , , , , , , , , , , , , , , , , , , , , , , , , , , 
5.62275, 0.0760357, , , , , , , 5.62275, -0.100206, , , , , , , 5.62275, -0.0166171, , , , , , , 5.62275, -0.0152743, , , , , , , , , , , , , , , , , , , , , , , , , , , , 
5.6232692, 0.0904707, , , , , , , 5.6232692, -0.0861067, , , , , , , 5.6232692, -0.012253, , , , , , , 5.6232692, -0.0182956, , , , , , , , , , , , , , , , , , , , , , , , , , , , 
5.6237885, 0.1052415, , , , , , , 5.6237885, -0.0461585, , , , , , , 5.6237885, -0.0058747, , , , , , , 5.6237885, -0.0206455, , , , , , , , , , , , , , , , , , , , , , , , , , , , 
5.6243077, 0.1072557, , , , , , , 5.6243077, -0.0072175, , , , , , , 5.6243077, 0.0006714, , , , , , , 5.6243077, -0.0216526, , , , , , , , , , , , , , , , , , , , , , , , , , , , 
5.6248269, 0.0988632, , , , , , , 5.6248269, 0.0008392, , , , , , , 5.6248269, 0.0046998, , , , , , , 5.6248269, -0.0184634, , , , , , , , , , , , , , , , , , , , , , , , , , , , 
5.6253462, 0.085771, , , , , , , 5.6253462, -0.0135958, , , , , , , 5.6253462, 0.0125887, , , , , , , 5.6253462, -0.0125887, , , , , , , , , , , , , , , , , , , , , , , , , , , , 
5.6258654, 0.0693217, , , , , , , 5.6258654, -0.0196384, , , , , , , 5.6258654, 0.0253452, , , , , , , 5.6258654, -0.0062104, , , , , , , , , , , , , , , , , , , , , , , , , , , , 
5.6263846, 0.0508583, , , , , , , 5.6263846, -0.0057069, , , , , , , 5.6263846, 0.0344091, , , , , , , 5.6263846, -0.0008392, , , , , , , , , , , , , , , , , , , , , , , , , , , , 
5.6269038, 0.0330663, , , , , , , 5.6269038, 0.0135958, , , , , , , 5.6269038, 0.0327306, , , , , , , 5.6269038, 0.0018463, , , , , , , , , , , , , , , , , , , , , , , , , , , , 
5.6274231, 0.0199741, , , , , , , 5.6274231, 0.0263523, , , , , , , 5.6274231, 0.0263523, , , , , , , 5.6274231, 0.0068818, , , , , , , , , , , , , , , , , , , , , , , , , , , , 
5.6279423, 0.0077211, , , , , , , 5.6279423, 0.0310521, , , , , , , 5.6279423, 0.0186313, , , , , , , 5.6279423, 0.0132601, , , , , , , , , , , , , , , , , , , , , , , , , , , , 
5.6284615, -0.0129244, , , , , , , 5.6284615, 0.0327306, , , , , , , 5.6284615, 0.0104067, , , , , , , 5.6284615, 0.0216526, , , , , , , , , , , , , , , , , , , , , , , , , , , , 
5.6289808, -0.0364233, , , , , , , 5.6289808, 0.0253452, , , , , , , 5.6289808, -0.0010071, , , , , , , 5.6289808, 0.0303807, , , , , , , , , , , , , , , , , , , , , , , , , , , , 
5.6295, -0.054551, , , , , , , 5.6295, -0.0090639, , , , , , , 5.6295, -0.01561, , , , , , , 5.6295, 0.0370947, , , , , , , , , , , , , , , , , , , , , , , , , , , , 
5.6300192, -0.0669718, , , , , , , 5.6300192, -0.0498512, , , , , , , 5.6300192, -0.0310521, , , , , , , 5.6300192, 0.0438087, , , , , , , , , , , , , , , , , , , , , , , , , , , , 
5.6305385, -0.0762036, , , , , , , 5.6305385, -0.0542153, , , , , , , 5.6305385, -0.0421302, , , , , , , 5.6305385, 0.0488441, , , , , , , , , , , , , , , , , , , , , , , , , , , , 
5.6310577, -0.0814069, , , , , , , 5.6310577, -0.0142672, , , , , , , 5.6310577, -0.0518654, , , , , , , 5.6310577, 0.0505226, , , , , , , , , , , , , , , , , , , , , , , , , , , , 
5.6315769, -0.0780499, , , , , , , 5.6315769, 0.0186313, , , , , , , 5.6315769, -0.0592508, , , , , , , 5.6315769, 0.0501869, , , , , , , , , , , , , , , , , , , , , , , , , , , , 
5.6320962, -0.0663005, , , , , , , 5.6320962, 0.0129244, , , , , , , 5.6320962, -0.0621042, , , , , , , 5.6320962, 0.0468299, , , , , , , , , , , , , , , , , , , , , , , , , , , , 
5.6326154, -0.0491798, , , , , , , 5.6326154, -0.0092317, , , , , , , 5.6326154, -0.061265, , , , , , , 5.6326154, 0.0407874, , , , , , , , , , , , , , , , , , , , , , , , , , , , 
5.6331346, -0.0273594, , , , , , , 5.6331346, -0.0224918, , , , , , , 5.6331346, -0.0515297, , , , , , , 5.6331346, 0.0357519, , , , , , , , , , , , , , , , , , , , , , , , , , , , 
5.6336538, -0.0078889, , , , , , , 5.6336538, -0.0357519, , , , , , , 5.6336538, -0.0323949, , , , , , , 5.6336538, 0.0320592, , , , , , , , , , , , , , , , , , , , , , , , , , , , 
5.6341731, 0.0045319, , , , , , , 5.6341731, -0.0582437, , , , , , , 5.6341731, -0.0129244, , , , , , , 5.6341731, 0.027863, , , , , , , , , , , , , , , , , , , , , , , , , , , , 
5.6346923, 0.0125887, , , , , , , 5.6346923, -0.0713359, , , , , , , 5.6346923, -0.0001678, , , , , , , 5.6346923, 0.0199741, , , , , , , , , , , , , , , , , , , , , , , , , , , , 
5.6352115, 0.01561, , , , , , , 5.6352115, -0.0758679, , , , , , , 5.6352115, 0.0117494, , , , , , , 5.6352115, 0.0139315, , , , , , , , , , , , , , , , , , , , , , , , , , , , 
5.6357308, 0.0152743, , , , , , , 5.6357308, -0.0871138, , , , , , , 5.6357308, 0.0253452, , , , , , , 5.6357308, 0.0104067, , , , , , , , , , , , , , , , , , , , , , , , , , , , 
5.63625, 0.0139315, , , , , , , 5.63625, -0.0887922, , , , , , , 5.63625, 0.0350805, , , , , , , 5.63625, 0.0085603, , , , , , , , , , , , , , , , , , , , , , , , , , , , 
5.6367692, 0.0162814, , , , , , , 5.6367692, -0.0532082, , , , , , , 5.6367692, 0.0340734, , , , , , , 5.6367692, 0.0062104, , , , , , , , , , , , , , , , , , , , , , , , , , , , 
5.6372885, 0.023331, , , , , , , 5.6372885, -0.0008392, , , , , , , 5.6372885, 0.0238346, , , , , , , 5.6372885, 0.0035248, , , , , , , , , , , , , , , , , , , , , , , , , , , , 
5.6378077, 0.0243381, , , , , , , 5.6378077, 0.0297093, , , , , , , 5.6378077, 0.0045319, , , , , , , 5.6378077, 0.0025177, , , , , , , , , , , , , , , , , , , , , , , , , , , , 
5.6383269, 0.0196384, , , , , , , 5.6383269, 0.0280308, , , , , , , 5.6383269, -0.0219883, , , , , , , 5.6383269, 0.0005035, , , , , , , , , , , , , , , , , , , , , , , , , , , , 
5.6388462, 0.0179599, , , , , , , 5.6388462, 0.008896, , , , , , , 5.6388462, -0.0493477, , , , , , , 5.6388462, -0.0035248, , , , , , , , , , , , , , , , , , , , , , , , , , , , 
5.6393654, 0.0209812, , , , , , , 5.6393654, -0.01561, , , , , , , 5.6393654, -0.0726787, , , , , , , 5.6393654, -0.0058747, , , , , , , , , , , , , , , , , , , , , , , , , , , , 
5.6398846, 0.0263523, , , , , , , 5.6398846, -0.0381018, , , , , , , 5.6398846, -0.0864424, , , , , , , 5.6398846, -0.0052033, , , , , , , , , , , , , , , , , , , , , , , , , , , , 
5.6404038, 0.0276951, , , , , , , 5.6404038, -0.0558938, , , , , , , 5.6404038, -0.0894636, , , , , , , 5.6404038, -0.0036927, , , , , , , , , , , , , , , , , , , , , , , , , , , , 
5.6409231, 0.0280308, , , , , , , 5.6409231, -0.0666361, , , , , , , 5.6409231, -0.0827497, , , , , , , 5.6409231, -0.0048676, , , , , , , , , , , , , , , , , , , , , , , , , , , , 
5.6414423, 0.0347448, , , , , , , 5.6414423, -0.0464942, , , , , , , 5.6414423, -0.0659648, , , , , , , 5.6414423, -0.0085603, , , , , , , , , , , , , , , , , , , , , , , , , , , , 
5.6419615, 0.047837, , , , , , , 5.6419615, 0.0016785, , , , , , , 5.6419615, -0.0485084, , , , , , , 5.6419615, -0.0129244, , , , , , , , , , , , , , , , , , , , , , , , , , , , 
5.6424808, 0.064622, , , , , , , 5.6424808, 0.0421302, , , , , , , 5.6424808, -0.0365911, , , , , , , 5.6424808, -0.0164492, , , , , , , , , , , , , , , , , , , , , , , , , , , , 
5.643, 0.0763714, , , , , , , 5.643, 0.0652934, , , , , , , 5.643, -0.0265202, , , , , , , 5.643, -0.018967, , , , , , , , , , , , , , , , , , , , , , , , , , , , 
5.6435192, 0.0827497, , , , , , , 5.6435192, 0.0809033, , , , , , , 5.6435192, -0.018967, , , , , , , 5.6435192, -0.0216526, , , , , , , , , , , , , , , , , , , , , , , , , , , , 
5.6440385, 0.0874495, , , , , , , 5.6440385, 0.0750286, , , , , , , 5.6440385, -0.0142672, , , , , , , 5.6440385, -0.0236667, , , , , , , , , , , , , , , , , , , , , , , , , , , , 
5.6445577, 0.0874495, , , , , , , 5.6445577, 0.0454871, , , , , , , 5.6445577, -0.014435, , , , , , , 5.6445577, -0.0216526, , , , , , , , , , , , , , , , , , , , , , , , , , , , 
5.6450769, 0.0797284, , , , , , , 5.6450769, 0.0075532, , , , , , , 5.6450769, -0.0142672, , , , , , , 5.6450769, -0.0176242, , , , , , , , , , , , , , , , , , , , , , , , , , , , 
5.6455962, 0.0715038, , , , , , , 5.6455962, -0.0317235, , , , , , , 5.6455962, -0.0085603, , , , , , , 5.6455962, -0.012253, , , , , , , , , , , , , , , , , , , , , , , , , , , , 
5.6461154, 0.0614328, , , , , , , 5.6461154, -0.0585794, , , , , , , 5.6461154, -0.0028534, , , , , , , 5.6461154, -0.0045319, , , , , , , , , , , , , , , , , , , , , , , , , , , , 
5.6466346, 0.0421302, , , , , , , 5.6466346, -0.0619364, , , , , , , 5.6466346, 0.0011749, , , , , , , 5.6466346, 0.0036927, , , , , , , , , , , , , , , , , , , , , , , , , , , , 
5.6471538, 0.023331, , , , , , , 5.6471538, -0.0555581, , , , , , , 5.6471538, 0.0102388, , , , , , , 5.6471538, 0.0119173, , , , , , , , , , , , , , , , , , , , , , , , , , , , 
5.6476731, 0.0082246, , , , , , , 5.6476731, -0.0538796, , , , , , , 5.6476731, 0.0199741, , , , , , , 5.6476731, 0.0206455, , , , , , , , , , , , , , , , , , , , , , , , , , , , 
5.6481923, -0.0129244, , , , , , , 5.6481923, -0.0501869, , , , , , , 5.6481923, 0.0280308, , , , , , , 5.6481923, 0.030045, , , , , , , , , , , , , , , , , , , , , , , , , , , , 
5.6487115, -0.0354162, , , , , , , 5.6487115, -0.0458228, , , , , , , 5.6487115, 0.0330663, , , , , , , 5.6487115, 0.0397803, , , , , , , , , , , , , , , , , , , , , , , , , , , , 
5.6492308, -0.0503548, , , , , , , 5.6492308, -0.0404517, , , , , , , 5.6492308, 0.0374304, , , , , , , 5.6492308, 0.0475013, , , , , , , , , , , , , , , , , , , , , , , , , , , , 
5.64975, -0.061265, , , , , , , 5.64975, -0.0182956, , , , , , , 5.64975, 0.0421302, , , , , , , 5.64975, 0.0538796, , , , , , , , , , , , , , , , , , , , , , , , , , , , 
5.6502692, -0.0678111, , , , , , , 5.6502692, 0.017792, , , , , , , 5.6502692, 0.0471656, , , , , , , 5.6502692, 0.0589151, , , , , , , , , , , , , , , , , , , , , , , , , , , , 
5.6507885, -0.0699931, , , , , , , 5.6507885, 0.0505226, , , , , , , 5.6507885, 0.0518654, , , , , , , 5.6507885, 0.0629435, , , , , , , , , , , , , , , , , , , , , , , , , , , , 
5.6513077, -0.0750286, , , , , , , 5.6513077, 0.0708324, , , , , , , 5.6513077, 0.0506905, , , , , , , 5.6513077, 0.0622721, , , , , , , , , , , , , , , , , , , , , , , , , , , , 
5.6518269, -0.0716716, , , , , , , 5.6518269, 0.0800641, , , , , , , 5.6518269, 0.0428016, , , , , , , 5.6518269, 0.0535439, , , , , , , , , , , , , , , , , , , , , , , , , , , , 
5.6523462, -0.0547189, , , , , , , 5.6523462, 0.0699931, , , , , , , 5.6523462, 0.0280308, , , , , , , 5.6523462, 0.0414588, , , , , , , , , , , , , , , , , , , , , , , , , , , , 
5.6528654, -0.0370947, , , , , , , 5.6528654, 0.0365911, , , , , , , 5.6528654, 0.0129244, , , , , , , 5.6528654, 0.0344091, , , , , , , , , , , , , , , , , , , , , , , , , , , , 
5.6533846, -0.0250095, , , , , , , 5.6533846, -0.0018463, , , , , , , 5.6533846, 0.0028534, , , , , , , 5.6533846, 0.033402, , , , , , , , , , , , , , , , , , , , , , , , , , , , 
5.6539038, -0.0129244, , , , , , , 5.6539038, -0.0216526, , , , , , , 5.6539038, 0.0005035, , , , , , , 5.6539038, 0.0317235, , , , , , , , , , , , , , , , , , , , , , , , , , , , 
5.6544231, 0.0010071, , , , , , , 5.6544231, -0.0149386, , , , , , , 5.6544231, 0.0065461, , , , , , , 5.6544231, 0.0240024, , , , , , , , , , , , , , , , , , , , , , , , , , , , 
5.6549423, 0.0119173, , , , , , , 5.6549423, 0.0045319, , , , , , , 5.6549423, 0.0146029, , , , , , , 5.6549423, 0.0182956, , , , , , , , , , , , , , , , , , , , , , , , , , , , 
5.6554615, 0.0179599, , , , , , , 5.6554615, 0.0340734, , , , , , , 5.6554615, 0.0172885, , , , , , , 5.6554615, 0.0157778, , , , , , , , , , , , , , , , , , , , , , , , , , , , 
5.6559808, 0.0226596, , , , , , , 5.6559808, 0.0629435, , , , , , , 5.6559808, 0.0146029, , , , , , , 5.6559808, 0.0132601, , , , , , , , , , , , , , , , , , , , , , , , , , , , 
5.6565, 0.0270237, , , , , , , 5.6565, 0.0585794, , , , , , , 5.6565, 0.0085603, , , , , , , 5.6565, 0.0102388, , , , , , , , , , , , , , , , , , , , , , , , , , , , 
5.6570192, 0.0283665, , , , , , , 5.6570192, 0.0204776, , , , , , , 5.6570192, 0.0031891, , , , , , , 5.6570192, 0.0078889, , , , , , , , , , , , , , , , , , , , , , , , , , , , 
5.6575385, 0.0303807, , , , , , , 5.6575385, -0.0171206, , , , , , , 5.6575385, -0.0018463, , , , , , , 5.6575385, 0.0085603, , , , , , , , , , , , , , , , , , , , , , , , , , , , 
5.6580577, 0.033402, , , , , , , 5.6580577, -0.0372625, , , , , , , 5.6580577, -0.0097353, , , , , , , 5.6580577, 0.0078889, , , , , , , , , , , , , , , , , , , , , , , , , , , , 
5.6585769, 0.0337377, , , , , , , 5.6585769, -0.0501869, , , , , , , 5.6585769, -0.0172885, , , , , , , 5.6585769, 0.0050355, , , , , , , , , , , , , , , , , , , , , , , , , , , , 
5.6590962, 0.033402, , , , , , , 5.6590962, -0.0592508, , , , , , , 5.6590962, -0.0216526, , , , , , , 5.6590962, 0.0052033, , , , , , , , , , , , , , , , , , , , , , , , , , , , 
5.6596154, 0.0327306, , , , , , , 5.6596154, -0.0522011, , , , , , , 5.6596154, -0.0250095, , , , , , , 5.6596154, 0.0057069, , , , , , , , , , , , , , , , , , , , , , , , , , , , 
5.6601346, 0.033402, , , , , , , 5.6601346, -0.0391089, , , , , , , 5.6601346, -0.0236667, , , , , , , 5.6601346, 0.0045319, , , , , , , , , , , , , , , , , , , , , , , , , , , , 
5.6606538, 0.0360876, , , , , , , 5.6606538, -0.0332341, , , , , , , 5.6606538, -0.0157778, , , , , , , 5.6606538, 0.0058747, , , , , , , , , , , , , , , , , , , , , , , , , , , , 
5.6611731, 0.0377661, , , , , , , 5.6611731, -0.0129244, , , , , , , 5.6611731, -0.0072175, , , , , , , 5.6611731, 0.0097353, , , , , , , , , , , , , , , , , , , , , , , , , , , , 
5.6616923, 0.0473335, , , , , , , 5.6616923, 0.0186313, , , , , , , 5.6616923, -0.0010071, , , , , , , 5.6616923, 0.0078889, , , , , , , , , , , , , , , , , , , , , , , , , , , , 
5.6622115, 0.0669718, , , , , , , 5.6622115, 0.0234989, , , , , , , 5.6622115, 0.0030213, , , , , , , 5.6622115, 0.0031891, , , , , , , , , , , , , , , , , , , , , , , , , , , , 
5.6627308, 0.0850996, , , , , , , 5.6627308, -0.0062104, , , , , , , 5.6627308, 0.0058747, , , , , , , 5.6627308, 0.0050355, , , , , , , , , , , , , , , , , , , , , , , , , , , , 
5.66325, 0.0931563, , , , , , , 5.66325, -0.047837, , , , , , , 5.66325, 0.0093996, , , , , , , 5.66325, 0.0087282, , , , , , , , , , , , , , , , , , , , , , , , , , , , 
5.6637692, 0.0965133, , , , , , , 5.6637692, -0.0798962, , , , , , , 5.6637692, 0.0135958, , , , , , , 5.6637692, 0.0102388, , , , , , , , , , , , , , , , , , , , , , , , , , , , 
5.6642885, 0.1008774, , , , , , , 5.6642885, -0.0866102, , , , , , , 5.6642885, 0.0179599, , , , , , , 5.6642885, 0.0099031, , , , , , , , , , , , , , , , , , , , , , , , , , , , 
5.6648077, 0.0948348, , , , , , , 5.6648077, -0.0777142, , , , , , , 5.6648077, 0.01561, , , , , , , 5.6648077, 0.0052033, , , , , , , , , , , , , , , , , , , , , , , , , , , , 
5.6653269, 0.0842603, , , , , , , 5.6653269, -0.0814069, , , , , , , 5.6653269, 0.0083925, , , , , , , 5.6653269, 0.0025177, , , , , , , , , , , , , , , , , , , , , , , , , , , , 
5.6658462, 0.0743572, , , , , , , 5.6658462, -0.090135, , , , , , , 5.6658462, -0.0001678, , , , , , , 5.6658462, 0.0077211, , , , , , , , , , , , , , , , , , , , , , , , , , , , 
5.6663654, 0.0602579, , , , , , , 5.6663654, -0.0795605, , , , , , , 5.6663654, -0.008896, , , , , , , 5.6663654, 0.0137636, , , , , , , , , , , , , , , , , , , , , , , , , , , , 
5.6668846, 0.0438087, , , , , , , 5.6668846, -0.0619364, , , , , , , 5.6668846, -0.0152743, , , , , , , 5.6668846, 0.0139315, , , , , , , , , , , , , , , , , , , , , , , , , , , , 
5.6674038, 0.026688, , , , , , , 5.6674038, -0.0506905, , , , , , , 5.6674038, -0.0203098, , , , , , , 5.6674038, 0.0125887, , , , , , , , , , , , , , , , , , , , , , , , , , , , 
5.6679231, 0.0065461, , , , , , , 5.6679231, -0.0475013, , , , , , , 5.6679231, -0.0236667, , , , , , , 5.6679231, 0.0159457, , , , , , , , , , , , , , , , , , , , , , , , , , , , 
5.6684423, -0.0157778, , , , , , , 5.6684423, -0.0516976, , , , , , , 5.6684423, -0.0292058, , , , , , , 5.6684423, 0.0226596, , , , , , , , , , , , , , , , , , , , , , , , , , , , 
5.6689615, -0.0370947, , , , , , , 5.6689615, -0.0501869, , , , , , , 5.6689615, -0.0374304, , , , , , , 5.6689615, 0.0276951, , , , , , , , , , , , , , , , , , , , , , , , , , , , 
5.6694808, -0.054551, , , , , , , 5.6694808, -0.0332341, , , , , , , 5.6694808, -0.04448, , , , , , , 5.6694808, 0.0303807, , , , , , , , , , , , , , , , , , , , , , , , , , , , 
5.67, -0.0699931, , , , , , , 5.67, -0.0072175, , , , , , , 5.67, -0.0488441, , , , , , , 5.67, 0.0310521, , , , , , , , , , , , , , , , , , , , , , , , , , , , 
5.6705192, -0.0807355, , , , , , , 5.6705192, 0.0146029, , , , , , , 5.6705192, -0.0522011, , , , , , , 5.6705192, 0.0330663, , , , , , , , , , , , , , , , , , , , , , , , , , , , 
5.6710385, -0.0847639, , , , , , , 5.6710385, 0.0273594, , , , , , , 5.6710385, -0.0535439, , , , , , , 5.6710385, 0.0347448, , , , , , , , , , , , , , , , , , , , , , , , , , , , 
5.6715577, -0.0807355, , , , , , , 5.6715577, 0.0344091, , , , , , , 5.6715577, -0.0498512, , , , , , , 5.6715577, 0.0303807, , , , , , , , , , , , , , , , , , , , , , , , , , , , 
5.6720769, -0.0699931, , , , , , , 5.6720769, 0.0414588, , , , , , , 5.6720769, -0.0448157, , , , , , , 5.6720769, 0.0209812, , , , , , , , , , , , , , , , , , , , , , , , , , , , 
5.6725962, -0.0535439, , , , , , , 5.6725962, 0.0538796, , , , , , , 5.6725962, -0.0421302, , , , , , , 5.6725962, 0.0099031, , , , , , , , , , , , , , , , , , , , , , , , , , , , 
5.6731154, -0.0372625, , , , , , , 5.6731154, 0.0652934, , , , , , , 5.6731154, -0.0381018, , , , , , , 5.6731154, 0.0011749, , , , , , , , , , , , , , , , , , , , , , , , , , , , 
5.6736346, -0.0243381, , , , , , , 5.6736346, 0.0676432, , , , , , , 5.6736346, -0.0327306, , , , , , , 5.6736346, -0.0048676, , , , , , , , , , , , , , , , , , , , , , , , , , , , 
5.6741538, -0.011078, , , , , , , 5.6741538, 0.0619364, , , , , , , 5.6741538, -0.0270237, , , , , , , 5.6741538, -0.0082246, , , , , , , , , , , , , , , , , , , , , , , , , , , , 
5.6746731, 0.005539, , , , , , , 5.6746731, 0.0548867, , , , , , , 5.6746731, -0.0240024, , , , , , , 5.6746731, -0.008896, , , , , , , , , , , , , , , , , , , , , , , , , , , , 
5.6751923, 0.0193027, , , , , , , 5.6751923, 0.0495155, , , , , , , 5.6751923, -0.0236667, , , , , , , 5.6751923, -0.0083925, , , , , , , , , , , , , , , , , , , , , , , , , , , , 
5.6757115, 0.0280308, , , , , , , 5.6757115, 0.0428016, , , , , , , 5.6757115, -0.0260166, , , , , , , 5.6757115, -0.0082246, , , , , , , , , , , , , , , , , , , , , , , , , , , , 
5.6762308, 0.0345769, , , , , , , 5.6762308, 0.0414588, , , , , , , 5.6762308, -0.0276951, , , , , , , 5.6762308, -0.0065461, , , , , , , , , , , , , , , , , , , , , , , , , , , , 
5.67675, 0.0406195, , , , , , , 5.67675, 0.0441444, , , , , , , 5.67675, -0.0270237, , , , , , , 5.67675, -0.0036927, , , , , , , , , , , , , , , , , , , , , , , , , , , , 
5.6772692, 0.0433051, , , , , , , 5.6772692, 0.0394446, , , , , , , 5.6772692, -0.023331, , , , , , , 5.6772692, -0.0010071, , , , , , , , , , , , , , , , , , , , , , , , , , , , 
5.6777885, 0.0453193, , , , , , , 5.6777885, 0.0280308, , , , , , , 5.6777885, -0.0181277, , , , , , , 5.6777885, 0.0028534, , , , , , , , , , , , , , , , , , , , , , , , , , , , 
5.6783077, 0.0387732, , , , , , , 5.6783077, 0.0199741, , , , , , , 5.6783077, -0.0135958, , , , , , , 5.6783077, 0.0082246, , , , , , , , , , , , , , , , , , , , , , , , , , , , 
5.6788269, 0.0305486, , , , , , , 5.6788269, 0.0191348, , , , , , , 5.6788269, -0.0119173, , , , , , , 5.6788269, 0.0132601, , , , , , , , , , , , , , , , , , , , , , , , , , , , 
5.6793462, 0.0298772, , , , , , , 5.6793462, 0.0152743, , , , , , , 5.6793462, -0.0109102, , , , , , , 5.6793462, 0.0152743, , , , , , , , , , , , , , , , , , , , , , , , , , , , 
5.6798654, 0.0360876, , , , , , , 5.6798654, -0.0052033, , , , , , , 5.6798654, -0.0075532, , , , , , , 5.6798654, 0.0184634, , , , , , , , , , , , , , , , , , , , , , , , , , , , 
5.6803846, 0.0374304, , , , , , , 5.6803846, -0.0248417, , , , , , , 5.6803846, -0.0035248, , , , , , , 5.6803846, 0.0238346, , , , , , , , , , , , , , , , , , , , , , , , , , , , 
5.6809038, 0.0287022, , , , , , , 5.6809038, -0.018967, , , , , , , 5.6809038, 0.002182, , , , , , , 5.6809038, 0.0290379, , , , , , , , , , , , , , , , , , , , , , , , , , , , 
5.6814231, 0.0196384, , , , , , , 5.6814231, -0.0041962, , , , , , , 5.6814231, 0.0099031, , , , , , , 5.6814231, 0.0315557, , , , , , , , , , , , , , , , , , , , , , , , , , , , 
5.6819423, 0.0218204, , , , , , , 5.6819423, -0.0115816, , , , , , , 5.6819423, 0.0199741, , , , , , , 5.6819423, 0.0307164, , , , , , , , , , , , , , , , , , , , , , , , , , , , 
5.6824615, 0.0359197, , , , , , , 5.6824615, -0.0357519, , , , , , , 5.6824615, 0.0253452, , , , , , , 5.6824615, 0.0260166, , , , , , , , , , , , , , , , , , , , , , , , , , , , 
5.6829808, 0.0495155, , , , , , , 5.6829808, -0.0602579, , , , , , , 5.6829808, 0.0256809, , , , , , , 5.6829808, 0.01561, , , , , , , , , , , , , , , , , , , , , , , , , , , , 
5.6835, 0.0599222, , , , , , , 5.6835, -0.082414, , , , , , , 5.6835, 0.026688, , , , , , , 5.6835, 0.0050355, , , , , , , , , , , , , , , , , , , , , , , , , , , , 
5.6840192, 0.0666361, , , , , , , 5.6840192, -0.0916457, , , , , , , 5.6840192, 0.0293736, , , , , , , 5.6840192, -0.0045319, , , , , , , , , , , , , , , , , , , , , , , , , , , , 
5.6845385, 0.0741894, , , , , , , 5.6845385, -0.0746929, , , , , , , 5.6845385, 0.0307164, , , , , , , 5.6845385, -0.0099031, , , , , , , , , , , , , , , , , , , , , , , , , , , , 
5.6850577, 0.0760357, , , , , , , 5.6850577, -0.04448, , , , , , , 5.6850577, 0.0287022, , , , , , , 5.6850577, -0.0099031, , , , , , , , , , , , , , , , , , , , , , , , , , , , 
5.6855769, 0.0676432, , , , , , , 5.6855769, -0.0216526, , , , , , , 5.6855769, 0.0240024, , , , , , , 5.6855769, -0.0068818, , , , , , , , , , , , , , , , , , , , , , , , , , , , 
5.6860962, 0.0522011, , , , , , , 5.6860962, 0.0008392, , , , , , , 5.6860962, 0.0146029, , , , , , , 5.6860962, -0.0045319, , , , , , , , , , , , , , , , , , , , , , , , , , , , 
5.6866154, 0.0347448, , , , , , , 5.6866154, 0.0199741, , , , , , , 5.6866154, 0.0030213, , , , , , , 5.6866154, -0.0041962, , , , , , , , , , , , , , , , , , , , , , , , , , , , 
5.6871346, 0.0224918, , , , , , , 5.6871346, 0.0142672, , , , , , , 5.6871346, -0.0075532, , , , , , , 5.6871346, -0.0036927, , , , , , , , , , , , , , , , , , , , , , , , , , , , 
5.6876538, 0.0092317, , , , , , , 5.6876538, -0.0135958, , , , , , , 5.6876538, -0.0166171, , , , , , , 5.6876538, -0.0008392, , , , , , , , , , , , , , , , , , , , , , , , , , , , 
5.6881731, -0.0115816, , , , , , , 5.6881731, -0.0407874, , , , , , , 5.6881731, -0.0240024, , , , , , , 5.6881731, 0.0057069, , , , , , , , , , , , , , , , , , , , , , , , , , , , 
5.6886923, -0.0344091, , , , , , , 5.6886923, -0.0548867, , , , , , , 5.6886923, -0.026688, , , , , , , 5.6886923, 0.0132601, , , , , , , , , , , , , , , , , , , , , , , , , , , , 
5.6892115, -0.054551, , , , , , , 5.6892115, -0.0592508, , , , , , , 5.6892115, -0.0250095, , , , , , , 5.6892115, 0.0209812, , , , , , , , , , , , , , , , , , , , , , , , , , , , 
5.6897308, -0.0666361, , , , , , , 5.6897308, -0.0515297, , , , , , , 5.6897308, -0.0218204, , , , , , , 5.6897308, 0.0290379, , , , , , , , , , , , , , , , , , , , , , , , , , , , 
5.69025, -0.0730144, , , , , , , 5.69025, -0.0310521, , , , , , , 5.69025, -0.0157778, , , , , , , 5.69025, 0.0394446, , , , , , , , , , , , , , , , , , , , , , , , , , , , 
5.6907692, -0.0797284, , , , , , , 5.6907692, -0.0112459, , , , , , , 5.6907692, -0.0045319, , , , , , , 5.6907692, 0.0525368, , , , , , , , , , , , , , , , , , , , , , , , , , , , 
5.6912885, -0.0854353, , , , , , , 5.6912885, -0.0010071, , , , , , , 5.6912885, 0.0078889, , , , , , , 5.6912885, 0.0609293, , , , , , , , , , , , , , , , , , , , , , , , , , , , 
5.6918077, -0.0850996, , , , , , , 5.6918077, -0.0005035, , , , , , , 5.6918077, 0.0130922, , , , , , , 5.6918077, 0.0619364, , , , , , , , , , , , , , , , , , , , , , , , , , , , 
5.6923269, -0.0699931, , , , , , , 5.6923269, 0.0011749, , , , , , , 5.6923269, 0.0146029, , , , , , , 5.6923269, 0.054551, , , , , , , , , , , , , , , , , , , , , , , , , , , , 
5.6928462, -0.0485084, , , , , , , 5.6928462, 0.0224918, , , , , , , 5.6928462, 0.0182956, , , , , , , 5.6928462, 0.0441444, , , , , , , , , , , , , , , , , , , , , , , , , , , , 
5.6933654, -0.0310521, , , , , , , 5.6933654, 0.0621042, , , , , , , 5.6933654, 0.0219883, , , , , , , 5.6933654, 0.0377661, , , , , , , , , , , , , , , , , , , , , , , , , , , , 
5.6938846, -0.0191348, , , , , , , 5.6938846, 0.0904707, , , , , , , 5.6938846, 0.0213169, , , , , , , 5.6938846, 0.0340734, , , , , , , , , , , , , , , , , , , , , , , , , , , , 
5.6944038, -0.0117494, , , , , , , 5.6944038, 0.0975204, , , , , , , 5.6944038, 0.0151064, , , , , , , 5.6944038, 0.0276951, , , , , , , , , , , , , , , , , , , , , , , , , , , , 
5.6949231, -0.0041962, , , , , , , 5.6949231, 0.0998703, , , , , , , 5.6949231, 0.0078889, , , , , , , 5.6949231, 0.0209812, , , , , , , , , , , , , , , , , , , , , , , , , , , , 
5.6954423, 0.0072175, , , , , , , 5.6954423, 0.0971847, , , , , , , 5.6954423, 0.0045319, , , , , , , 5.6954423, 0.0130922, , , , , , , , , , , , , , , , , , , , , , , , , , , , 
5.6959615, 0.0142672, , , , , , , 5.6959615, 0.0763714, , , , , , , 5.6959615, 0.0030213, , , , , , , 5.6959615, 0.0062104, , , , , , , , , , , , , , , , , , , , , , , , , , , , 
5.6964808, 0.0172885, , , , , , , 5.6964808, 0.0374304, , , , , , , 5.6964808, 0.0043641, , , , , , , 5.6964808, 0.0011749, , , , , , , , , , , , , , , , , , , , , , , , , , , , 
5.697, 0.0219883, , , , , , , 5.697, -0.0119173, , , , , , , 5.697, 0.0065461, , , , , , , 5.697, -0.0010071, , , , , , , , , , , , , , , , , , , , , , , , , , , , 
5.6975192, 0.0253452, , , , , , , 5.6975192, -0.0639506, , , , , , , 5.6975192, 0.0065461, , , , , , , 5.6975192, -0.0028534, , , , , , , , , , , , , , , , , , , , , , , , , , , , 
5.6980385, 0.0293736, , , , , , , 5.6980385, -0.0995346, , , , , , , 5.6980385, 0.0038605, , , , , , , 5.6980385, -0.0045319, , , , , , , , , , , , , , , , , , , , , , , , , , , , 
5.6985577, 0.0391089, , , , , , , 5.6985577, -0.1075914, , , , , , , 5.6985577, 0.0005035, , , , , , , 5.6985577, -0.0068818, , , , , , , , , , , , , , , , , , , , , , , , , , , , 
5.6990769, 0.047837, , , , , , , 5.6990769, -0.0928206, , , , , , , 5.6990769, 0.0010071, , , , , , , 5.6990769, -0.0082246, , , , , , , , , , , , , , , , , , , , , , , , , , , , 
5.6995962, 0.0505226, , , , , , , 5.6995962, -0.064622, , , , , , , 5.6995962, 0.0025177, , , , , , , 5.6995962, -0.0072175, , , , , , , , , , , , , , , , , , , , , , , , , , , , 
5.7001154, 0.0532082, , , , , , , 5.7001154, -0.0332341, , , , , , , 5.7001154, -0.0001678, , , , , , , 5.7001154, -0.0062104, , , , , , , , , , , , , , , , , , , , , , , , , , , , 
5.7006346, 0.0574044, , , , , , , 5.7006346, -0.0263523, , , , , , , 5.7006346, -0.0062104, , , , , , , 5.7006346, -0.0052033, , , , , , , , , , , , , , , , , , , , , , , , , , , , 
5.7011538, 0.0597543, , , , , , , 5.7011538, -0.0276951, , , , , , , 5.7011538, -0.0119173, , , , , , , 5.7011538, -0.0068818, , , , , , , , , , , , , , , , , , , , , , , , , , , , 
5.7016731, 0.0693217, , , , , , , 5.7016731, -0.0031891, , , , , , , 5.7016731, -0.0176242, , , , , , , 5.7016731, -0.0092317, , , , , , , , , , , , , , , , , , , , , , , , , , , , 
5.7021923, 0.0871138, , , , , , , 5.7021923, 0.0251774, , , , , , , 5.7021923, -0.0258488, , , , , , , 5.7021923, -0.0162814, , , , , , , , , , , , , , , , , , , , , , , , , , , , 
5.7027115, 0.1015488, , , , , , , 5.7027115, 0.0193027, , , , , , , 5.7027115, -0.0382696, , , , , , , 5.7027115, -0.0213169, , , , , , , , , , , , , , , , , , , , , , , , , , , , 
5.7032308, 0.1059129, , , , , , , 5.7032308, -0.0015106, , , , , , , 5.7032308, -0.0505226, , , , , , , 5.7032308, -0.0203098, , , , , , , , , , , , , , , , , , , , , , , , , , , , 
5.70375, 0.1052415, , , , , , , 5.70375, -0.0085603, , , , , , , 5.70375, -0.0595865, , , , , , , 5.70375, -0.0167849, , , , , , , , , , , , , , , , , , , , , , , , , , , , 
5.7042692, 0.1025559, , , , , , , 5.7042692, -0.0030213, , , , , , , 5.7042692, -0.0639506, , , , , , , 5.7042692, -0.0104067, , , , , , , , , , , , , , , , , , , , , , , , , , , , 
5.7047885, 0.0924849, , , , , , , 5.7047885, 0.0203098, , , , , , , 5.7047885, -0.0669718, , , , , , , 5.7047885, -0.0043641, , , , , , , , , , , , , , , , , , , , , , , , , , , , 
5.7053077, 0.0743572, , , , , , , 5.7053077, 0.0508583, , , , , , , 5.7053077, -0.0666361, , , , , , , 5.7053077, 0.0025177, , , , , , , , , , , , , , , , , , , , , , , , , , , , 
5.7058269, 0.0552224, , , , , , , 5.7058269, 0.0616007, , , , , , , 5.7058269, -0.0636149, , , , , , , 5.7058269, 0.0085603, , , , , , , , , , , , , , , , , , , , , , , , , , , , 
5.7063462, 0.0350805, , , , , , , 5.7063462, 0.0542153, , , , , , , 5.7063462, -0.0585794, , , , , , , 5.7063462, 0.0125887, , , , , , , , , , , , , , , , , , , , , , , , , , , , 
5.7068654, 0.0149386, , , , , , , 5.7068654, 0.0480049, , , , , , , 5.7068654, -0.0491798, , , , , , , 5.7068654, 0.0166171, , , , , , , , , , , , , , , , , , , , , , , , , , , , 
5.7073846, -0.0001678, , , , , , , 5.7073846, 0.0542153, , , , , , , 5.7073846, -0.0411231, , , , , , , 5.7073846, 0.0196384, , , , , , , , , , , , , , , , , , , , , , , , , , , , 
5.7079038, -0.0149386, , , , , , , 5.7079038, 0.068986, , , , , , , 5.7079038, -0.0357519, , , , , , , 5.7079038, 0.0221561, , , , , , , , , , , , , , , , , , , , , , , , , , , , 
5.7084231, -0.0350805, , , , , , , 5.7084231, 0.079057, , , , , , , 5.7084231, -0.0283665, , , , , , , 5.7084231, 0.0293736, , , , , , , , , , , , , , , , , , , , , , , , , , , , 
5.7089423, -0.0565652, , , , , , , 5.7089423, 0.0770428, , , , , , , 5.7089423, -0.0191348, , , , , , , 5.7089423, 0.0379339, , , , , , , , , , , , , , , , , , , , , , , , , , , , 
5.7094615, -0.0780499, , , , , , , 5.7094615, 0.0599222, , , , , , , 5.7094615, -0.0104067, , , , , , , 5.7094615, 0.0486763, , , , , , , , , , , , , , , , , , , , , , , , , , , , 
5.7099808, -0.0948348, , , , , , , 5.7099808, 0.027863, , , , , , , 5.7099808, -0.0035248, , , , , , , 5.7099808, 0.0599222, , , , , , , , , , , , , , , , , , , , , , , , , , , , 
5.7105, -0.1072557, , , , , , , 5.7105, -0.01561, , , , , , , 5.7105, 0.0038605, , , , , , , 5.7105, 0.0669718, , , , , , , , , , , , , , , , , , , , , , , , , , , , 
5.7110192, -0.1166552, , , , , , , 5.7110192, -0.0713359, , , , , , , 5.7110192, 0.0105745, , , , , , , 5.7110192, 0.0663005, , , , , , , , , , , , , , , , , , , , , , , , , , , , 
5.7115385, -0.1210193, , , , , , , 5.7115385, -0.1351186, , , , , , , 5.7115385, 0.0181277, , , , , , , 5.7115385, 0.0636149, , , , , , , , , , , , , , , , , , , , , , , , , , , , 
5.7120577, -0.1183337, , , , , , , 5.7120577, -0.199237, , , , , , , 5.7120577, 0.0226596, , , , , , , 5.7120577, 0.0582437, , , , , , , , , , , , , , , , , , , , , , , , , , , , 
5.7125769, -0.1055772, , , , , , , 5.7125769, -0.2458991, , , , , , , 5.7125769, 0.0253452, , , , , , , 5.7125769, 0.0473335, , , , , , , , , , , , , , , , , , , , , , , , , , , , 
5.7130962, -0.0803998, , , , , , , 5.7130962, -0.2680552, , , , , , , 5.7130962, 0.0251774, , , , , , , 5.7130962, 0.0340734, , , , , , , , , , , , , , , , , , , , , , , , , , , , 
5.7136154, -0.0540475, , , , , , , 5.7136154, -0.2730907, , , , , , , 5.7136154, 0.0231632, , , , , , , 5.7136154, 0.023331, , , , , , , , , , , , , , , , , , , , , , , , , , , , 
5.7141346, -0.0340734, , , , , , , 5.7141346, -0.2358282, , , , , , , 5.7141346, 0.0206455, , , , , , , 5.7141346, 0.0152743, , , , , , , , , , , , , , , , , , , , , , , , , , , , 
5.7146538, -0.0203098, , , , , , , 5.7146538, -0.1404898, , , , , , , 5.7146538, 0.01561, , , , , , , 5.7146538, 0.0083925, , , , , , , , , , , , , , , , , , , , , , , , , , , , 
5.7151731, -0.005539, , , , , , , 5.7151731, -0.0283665, , , , , , , 5.7151731, 0.0077211, , , , , , , 5.7151731, 0.0011749, , , , , , , , , , , , , , , , , , , , , , , , , , , , 
5.7156923, 0.0078889, , , , , , , 5.7156923, 0.0454871, , , , , , , 5.7156923, 0, , , , , , , 5.7156923, -0.0038605, , , , , , , , , , , , , , , , , , , , , , , , , , , , 
5.7162115, 0.0162814, , , , , , , 5.7162115, 0.0782177, , , , , , , 5.7162115, -0.0043641, , , , , , , 5.7162115, -0.0075532, , , , , , , , , , , , , , , , , , , , , , , , , , , , 
5.7167308, 0.026688, , , , , , , 5.7167308, 0.0743572, , , , , , , 5.7167308, -0.0063783, , , , , , , 5.7167308, -0.0129244, , , , , , , , , , , , , , , , , , , , , , , , , , , , 
5.71725, 0.0364233, , , , , , , 5.71725, 0.0505226, , , , , , , 5.71725, -0.0083925, , , , , , , 5.71725, -0.0162814, , , , , , , , , , , , , , , , , , , , , , , , , , , , 
5.7177692, 0.0454871, , , , , , , 5.7177692, 0.0313878, , , , , , , 5.7177692, -0.0085603, , , , , , , 5.7177692, -0.0176242, , , , , , , , , , , , , , , , , , , , , , , , , , , , 
5.7182885, 0.0515297, , , , , , , 5.7182885, 0.0132601, , , , , , , 5.7182885, -0.0078889, , , , , , , 5.7182885, -0.0196384, , , , , , , , , , , , , , , , , , , , , , , , , , , , 
5.7188077, 0.0475013, , , , , , , 5.7188077, -0.0182956, , , , , , , 5.7188077, -0.0057069, , , , , , , 5.7188077, -0.0203098, , , , , , , , , , , , , , , , , , , , , , , , , , , , 
5.7193269, 0.0471656, , , , , , , 5.7193269, -0.0538796, , , , , , , 5.7193269, -0.0023499, , , , , , , 5.7193269, -0.0194705, , , , , , , , , , , , , , , , , , , , , , , , , , , , 
5.7198462, 0.0528725, , , , , , , 5.7198462, -0.0663005, , , , , , , 5.7198462, -0.002182, , , , , , , 5.7198462, -0.0166171, , , , , , , , , , , , , , , , , , , , , , , , , , , , 
5.7203654, 0.0548867, , , , , , , 5.7203654, -0.0417945, , , , , , , 5.7203654, -0.002182, , , , , , , 5.7203654, -0.0146029, , , , , , , , , , , , , , , , , , , , , , , , , , , , 
5.7208846, 0.0572366, , , , , , , 5.7208846, 0.0038605, , , , , , , 5.7208846, 0.0005035, , , , , , , 5.7208846, -0.0129244, , , , , , , , , , , , , , , , , , , , , , , , , , , , 
5.7214038, 0.0649577, , , , , , , 5.7214038, 0.0468299, , , , , , , 5.7214038, 0.0031891, , , , , , , 5.7214038, -0.0115816, , , , , , , , , , , , , , , , , , , , , , , , , , , , 
5.7219231, 0.085771, , , , , , , 5.7219231, 0.0731823, , , , , , , 5.7219231, 0.0072175, , , , , , , 5.7219231, -0.0119173, , , , , , , , , , , , , , , , , , , , , , , , , , , , 
5.7224423, 0.1122911, , , , , , , 5.7224423, 0.0757, , , , , , , 5.7224423, 0.0137636, , , , , , , 5.7224423, -0.0142672, , , , , , , , , , , , , , , , , , , , , , , , , , , , 
5.7229615, 0.1285725, , , , , , , 5.7229615, 0.0548867, , , , , , , 5.7229615, 0.0182956, , , , , , , 5.7229615, -0.0129244, , , , , , , , , , , , , , , , , , , , , , , , , , , , 
5.7234808, 0.1347829, , , , , , , 5.7234808, 0.0320592, , , , , , , 5.7234808, 0.0209812, , , , , , , 5.7234808, -0.0063783, , , , , , , , , , , , , , , , , , , , , , , , , , , , 
5.724, 0.1371328, , , , , , , 5.724, 0.023331, , , , , , , 5.724, 0.0223239, , , , , , , 5.724, -0.0015106, , , , , , , , , , , , , , , , , , , , , , , , , , , , 
5.7245192, 0.1361257, , , , , , , 5.7245192, 0.0219883, , , , , , , 5.7245192, 0.0219883, , , , , , , 5.7245192, -0.0001678, , , , , , , , , , , , , , , , , , , , , , , , , , , , 
5.7250385, 0.1304189, , , , , , , 5.7250385, 0.0236667, , , , , , , 5.7250385, 0.023331, , , , , , , 5.7250385, 0.002182, , , , , , , , , , , , , , , , , , , , , , , , , , , , 
5.7255577, 0.1166552, , , , , , , 5.7255577, 0.0253452, , , , , , , 5.7255577, 0.033402, , , , , , , 5.7255577, 0.0072175, , , , , , , , , , , , , , , , , , , , , , , , , , , , 
5.7260769, 0.0938277, , , , , , , 5.7260769, 0.0186313, , , , , , , 5.7260769, 0.0639506, , , , , , , 5.7260769, 0.0135958, , , , , , , , , , , , , , , , , , , , , , , , , , , , 
5.7265962, 0.0713359, , , , , , , 5.7265962, 0.0025177, , , , , , , 5.7265962, 0.1052415, , , , , , , 5.7265962, 0.0186313, , , , , , , , , , , , , , , , , , , , , , , , , , , , 
5.7271154, 0.0518654, , , , , , , 5.7271154, -0.0181277, , , , , , , 5.7271154, 0.1304189, , , , , , , 5.7271154, 0.0263523, , , , , , , , , , , , , , , , , , , , , , , , , , , , 
5.7276346, 0.030045, , , , , , , 5.7276346, -0.0404517, , , , , , , 5.7276346, 0.1327687, , , , , , , 5.7276346, 0.0360876, , , , , , , , , , , , , , , , , , , , , , , , , , , , 
5.7281538, -0.0008392, , , , , , , 5.7281538, -0.054551, , , , , , , 5.7281538, 0.1163195, , , , , , , 5.7281538, 0.0421302, , , , , , , , , , , , , , , , , , , , , , , , , , , , 
5.7286731, -0.0293736, , , , , , , 5.7286731, -0.04448, , , , , , , 5.7286731, 0.0835889, , , , , , , 5.7286731, 0.0458228, , , , , , , , , , , , , , , , , , , , , , , , , , , , 
5.7291923, -0.047837, , , , , , , 5.7291923, -0.018967, , , , , , , 5.7291923, 0.036759, , , , , , , 5.7291923, 0.0495155, , , , , , , , , , , , , , , , , , , , , , , , , , , , 
5.7297115, -0.0642863, , , , , , , 5.7297115, 0.0005035, , , , , , , 5.7297115, -0.018967, , , , , , , 5.7297115, 0.0515297, , , , , , , , , , , , , , , , , , , , , , , , , , , , 
5.7302308, -0.0822461, , , , , , , 5.7302308, 0.0152743, , , , , , , 5.7302308, -0.0699931, , , , , , , 5.7302308, 0.0488441, , , , , , , , , , , , , , , , , , , , , , , , , , , , 
5.73075, -0.0933242, , , , , , , 5.73075, 0.0271916, , , , , , , 5.73075, -0.1082628, , , , , , , 5.73075, 0.0439765, , , , , , , , , , , , , , , , , , , , , , , , , , , , 
5.7312692, -0.0985275, , , , , , , 5.7312692, 0.0347448, , , , , , , 5.7312692, -0.1334401, , , , , , , 5.7312692, 0.0407874, , , , , , , , , , , , , , , , , , , , , , , , , , , , 
5.7317885, -0.0955062, , , , , , , 5.7317885, 0.036759, , , , , , , 5.7317885, -0.1475395, , , , , , , 5.7317885, 0.0354162, , , , , , , , , , , , , , , , , , , , , , , , , , , , 
5.7323077, -0.0877852, , , , , , , 5.7323077, 0.0458228, , , , , , , 5.7323077, -0.1505608, , , , , , , 5.7323077, 0.0276951, , , , , , , , , , , , , , , , , , , , , , , , , , , , 
5.7328269, -0.0767071, , , , , , , 5.7328269, 0.049012, , , , , , , 5.7328269, -0.145861, , , , , , , 5.7328269, 0.017792, , , , , , , , , , , , , , , , , , , , , , , , , , , , 
5.7333462, -0.0631113, , , , , , , 5.7333462, 0.0364233, , , , , , , 5.7333462, -0.1384756, , , , , , , 5.7333462, 0.0105745, , , , , , , , , , , , , , , , , , , , , , , , , , , , 
5.7338654, -0.0464942, , , , , , , 5.7338654, 0.0119173, , , , , , , 5.7338654, -0.1297475, , , , , , , 5.7338654, 0.0058747, , , , , , , , , , , , , , , , , , , , , , , , , , , , 
5.7343846, -0.0337377, , , , , , , 5.7343846, -0.0231632, , , , , , , 5.7343846, -0.1203479, , , , , , , 5.7343846, 0.0031891, , , , , , , , , , , , , , , , , , , , , , , , , , , , 
5.7349038, -0.0253452, , , , , , , 5.7349038, -0.0565652, , , , , , , 5.7349038, -0.1099413, , , , , , , 5.7349038, 0.0018463, , , , , , , , , , , , , , , , , , , , , , , , , , , , 
5.7354231, -0.0169528, , , , , , , 5.7354231, -0.0703288, , , , , , , 5.7354231, -0.1008774, , , , , , , 5.7354231, -0.0031891, , , , , , , , , , , , , , , , , , , , , , , , , , , , 
5.7359423, -0.0115816, , , , , , , 5.7359423, -0.0661326, , , , , , , 5.7359423, -0.0924849, , , , , , , 5.7359423, -0.0075532, , , , , , , , , , , , , , , , , , , , , , , , , , , , 
5.7364615, -0.0082246, , , , , , , 5.7364615, -0.0404517, , , , , , , 5.7364615, -0.0807355, , , , , , , 5.7364615, -0.0082246, , , , , , , , , , , , , , , , , , , , , , , , , , , , 
5.7369808, 0.0015106, , , , , , , 5.7369808, 0.0236667, , , , , , , 5.7369808, -0.0652934, , , , , , , 5.7369808, -0.0063783, , , , , , , , , , , , , , , , , , , , , , , , , , , , 
5.7375, 0.01561, , , , , , , 5.7375, 0.0891279, , , , , , , 5.7375, -0.0505226, , , , , , , 5.7375, -0.0008392, , , , , , , , , , , , , , , , , , , , , , , , , , , , 
5.7380192, 0.0246738, , , , , , , 5.7380192, 0.0918135, , , , , , , 5.7380192, -0.0421302, , , , , , , 5.7380192, 0.0057069, , , , , , , , , , , , , , , , , , , , , , , , , , , , 
5.7385385, 0.0297093, , , , , , , 5.7385385, 0.0303807, , , , , , , 5.7385385, -0.0360876, , , , , , , 5.7385385, 0.008896, , , , , , , , , , , , , , , , , , , , , , , , , , , , 
5.7390577, 0.0344091, , , , , , , 5.7390577, -0.0263523, , , , , , , 5.7390577, -0.0219883, , , , , , , 5.7390577, 0.0095674, , , , , , , , , , , , , , , , , , , , , , , , , , , , 
5.7395769, 0.0374304, , , , , , , 5.7395769, -0.0370947, , , , , , , 5.7395769, -0.0001678, , , , , , , 5.7395769, 0.0104067, , , , , , , , , , , , , , , , , , , , , , , , , , , , 
5.7400962, 0.0392767, , , , , , , 5.7400962, -0.0162814, , , , , , , 5.7400962, 0.023331, , , , , , , 5.7400962, 0.0115816, , , , , , , , , , , , , , , , , , , , , , , , , , , , 
5.7406154, 0.0404517, , , , , , , 5.7406154, 0.0038605, , , , , , , 5.7406154, 0.0381018, , , , , , , 5.7406154, 0.0125887, , , , , , , , , , , , , , , , , , , , , , , , , , , , 
5.7411346, 0.0446479, , , , , , , 5.7411346, 0.0092317, , , , , , , 5.7411346, 0.0458228, , , , , , , 5.7411346, 0.0142672, , , , , , , , , , , , , , , , , , , , , , , , , , , , 
5.7416538, 0.0518654, , , , , , , 5.7416538, 0.021149, , , , , , , 5.7416538, 0.0505226, , , , , , , 5.7416538, 0.010071, , , , , , , , , , , , , , , , , , , , , , , , , , , , 
5.7421731, 0.0666361, , , , , , , 5.7421731, 0.0318914, , , , , , , 5.7421731, 0.0522011, , , , , , , 5.7421731, -0.0008392, , , , , , , , , , , , , , , , , , , , , , , , , , , , 
5.7426923, 0.0830854, , , , , , , 5.7426923, 0.024506, , , , , , , 5.7426923, 0.0542153, , , , , , , 5.7426923, -0.008896, , , , , , , , , , , , , , , , , , , , , , , , , , , , 
5.7432115, 0.0938277, , , , , , , 5.7432115, 0.0112459, , , , , , , 5.7432115, 0.0553902, , , , , , , 5.7432115, -0.0078889, , , , , , , , , , , , , , , , , , , , , , , , , , , , 
5.7437308, 0.0998703, , , , , , , 5.7437308, 0.0005035, , , , , , , 5.7437308, 0.0528725, , , , , , , 5.7437308, -0.0041962, , , , , , , , , , , , , , , , , , , , , , , , , , , , 
5.74425, 0.1032273, , , , , , , 5.74425, 0.0035248, , , , , , , 5.74425, 0.047837, , , , , , , 5.74425, -0.003357, , , , , , , , , , , , , , , , , , , , , , , , , , , , 
5.7447692, 0.1055772, , , , , , , 5.7447692, 0.0204776, , , , , , , 5.7447692, 0.0424659, , , , , , , 5.7447692, -0.0001678, , , , , , , , , , , , , , , , , , , , , , , , , , , , 
5.7452885, 0.1045701, , , , , , , 5.7452885, 0.0303807, , , , , , , 5.7452885, 0.036759, , , , , , , 5.7452885, 0.008896, , , , , , , , , , , , , , , , , , , , , , , , , , , , 
5.7458077, 0.0938277, , , , , , , 5.7458077, 0.0240024, , , , , , , 5.7458077, 0.0275273, , , , , , , 5.7458077, 0.0203098, , , , , , , , , , , , , , , , , , , , , , , , , , , , 
5.7463269, 0.0730144, , , , , , , 5.7463269, 0.0203098, , , , , , , 5.7463269, 0.0151064, , , , , , , 5.7463269, 0.0276951, , , , , , , , , , , , , , , , , , , , , , , , , , , , 
5.7468462, 0.0525368, , , , , , , 5.7468462, 0.0428016, , , , , , , 5.7468462, -0.0018463, , , , , , , 5.7468462, 0.0307164, , , , , , , , , , , , , , , , , , , , , , , , , , , , 
5.7473654, 0.0387732, , , , , , , 5.7473654, 0.0488441, , , , , , , 5.7473654, -0.01561, , , , , , , 5.7473654, 0.0317235, , , , , , , , , , , , , , , , , , , , , , , , , , , , 
5.7478846, 0.0253452, , , , , , , 5.7478846, 0.0169528, , , , , , , 5.7478846, -0.0203098, , , , , , , 5.7478846, 0.0347448, , , , , , , , , , , , , , , , , , , , , , , , , , , , 
5.7484038, 0.005539, , , , , , , 5.7484038, -0.0203098, , , , , , , 5.7484038, -0.0191348, , , , , , , 5.7484038, 0.0404517, , , , , , , , , , , , , , , , , , , , , , , , , , , , 
5.7489231, -0.0149386, , , , , , , 5.7489231, -0.0399481, , , , , , , 5.7489231, -0.0139315, , , , , , , 5.7489231, 0.0498512, , , , , , , , , , , , , , , , , , , , , , , , , , , , 
5.7494423, -0.0357519, , , , , , , 5.7494423, -0.0394446, , , , , , , 5.7494423, -0.0087282, , , , , , , 5.7494423, 0.0552224, , , , , , , , , , , , , , , , , , , , , , , , , , , , 
5.7499615, -0.0547189, , , , , , , 5.7499615, -0.0485084, , , , , , , 5.7499615, -0.0058747, , , , , , , 5.7499615, 0.0540475, , , , , , , , , , , , , , , , , , , , , , , , , , , , 
5.7504808, -0.0708324, , , , , , , 5.7504808, -0.0931563, , , , , , , 5.7504808, -0.0025177, , , , , , , 5.7504808, 0.0508583, , , , , , , , , , , , , , , , , , , , , , , , , , , , 
5.751, -0.0803998, , , , , , , 5.751, -0.1284047, , , , , , , 5.751, 0.0025177, , , , , , , 5.751, 0.0468299, , , , , , , , , , , , , , , , , , , , , , , , , , , , 
5.7515192, -0.0861067, , , , , , , 5.7515192, -0.1169909, , , , , , , 5.7515192, 0.008896, , , , , , , 5.7515192, 0.0414588, , , , , , , , , , , , , , , , , , , , , , , , , , , , 
5.7520385, -0.0850996, , , , , , , 5.7520385, -0.0820783, , , , , , , 5.7520385, 0.0193027, , , , , , , 5.7520385, 0.0320592, , , , , , , , , , , , , , , , , , , , , , , , , , , , 
5.7525577, -0.0676432, , , , , , , 5.7525577, -0.0592508, , , , , , , 5.7525577, 0.0307164, , , , , , , 5.7525577, 0.0186313, , , , , , , , , , , , , , , , , , , , , , , , , , , , 
5.7530769, -0.0471656, , , , , , , 5.7530769, -0.0303807, , , , , , , 5.7530769, 0.0354162, , , , , , , 5.7530769, 0.0082246, , , , , , , , , , , , , , , , , , , , , , , , , , , , 
5.7535962, -0.0372625, , , , , , , 5.7535962, 0.0146029, , , , , , , 5.7535962, 0.0323949, , , , , , , 5.7535962, 0.0030213, , , , , , , , , , , , , , , , , , , , , , , , , , , , 
5.7541154, -0.0293736, , , , , , , 5.7541154, 0.0280308, , , , , , , 5.7541154, 0.0246738, , , , , , , 5.7541154, 0.0001678, , , , , , , , , , , , , , , , , , , , , , , , , , , , 
5.7546346, -0.0186313, , , , , , , 5.7546346, -0.0229953, , , , , , , 5.7546346, 0.0146029, , , , , , , 5.7546346, -0.0011749, , , , , , , , , , , , , , , , , , , , , , , , , , , , 
5.7551538, -0.0119173, , , , , , , 5.7551538, -0.100206, , , , , , , 5.7551538, 0.0043641, , , , , , , 5.7551538, -0.0045319, , , , , , , , , , , , , , , , , , , , , , , , , , , , 
5.7556731, -0.0078889, , , , , , , 5.7556731, -0.1388113, , , , , , , 5.7556731, -0.0035248, , , , , , , 5.7556731, -0.0102388, , , , , , , , , , , , , , , , , , , , , , , , , , , , 
5.7561923, -0.0045319, , , , , , , 5.7561923, -0.1065843, , , , , , , 5.7561923, -0.0045319, , , , , , , 5.7561923, -0.0152743, , , , , , , , , , , , , , , , , , , , , , , , , , , , 
5.7567115, 0.0031891, , , , , , , 5.7567115, -0.0414588, , , , , , , 5.7567115, 0.0018463, , , , , , , 5.7567115, -0.0169528, , , , , , , , , , , , , , , , , , , , , , , , , , , , 
5.7572308, 0.0099031, , , , , , , 5.7572308, 0.0050355, , , , , , , 5.7572308, 0.0082246, , , , , , , 5.7572308, -0.0169528, , , , , , , , , , , , , , , , , , , , , , , , , , , , 
5.75775, 0.0139315, , , , , , , 5.75775, 0.0199741, , , , , , , 5.75775, 0.0078889, , , , , , , 5.75775, -0.0159457, , , , , , , , , , , , , , , , , , , , , , , , , , , , 
5.7582692, 0.0236667, , , , , , , 5.7582692, 0.0287022, , , , , , , 5.7582692, 0.0068818, , , , , , , 5.7582692, -0.0152743, , , , , , , , , , , , , , , , , , , , , , , , , , , , 
5.7587885, 0.0327306, , , , , , , 5.7587885, 0.0387732, , , , , , , 5.7587885, 0.0109102, , , , , , , 5.7587885, -0.0172885, , , , , , , , , , , , , , , , , , , , , , , , , , , , 
5.7593077, 0.0370947, , , , , , , 5.7593077, 0.0360876, , , , , , , 5.7593077, 0.01561, , , , , , , 5.7593077, -0.018967, , , , , , , , , , , , , , , , , , , , , , , , , , , , 
5.7598269, 0.0414588, , , , , , , 5.7598269, 0.0303807, , , , , , , 5.7598269, 0.0137636, , , , , , , 5.7598269, -0.0152743, , , , , , , , , , , , , , , , , , , , , , , , , , , , 
5.7603462, 0.04448, , , , , , , 5.7603462, 0.0428016, , , , , , , 5.7603462, 0.0025177, , , , , , , 5.7603462, -0.0095674, , , , , , , , , , , , , , , , , , , , , , , , , , , , 
5.7608654, 0.0461585, , , , , , , 5.7608654, 0.070161, , , , , , , 5.7608654, -0.0146029, , , , , , , 5.7608654, -0.0068818, , , , , , , , , , , , , , , , , , , , , , , , , , , , 
5.7613846, 0.0506905, , , , , , , 5.7613846, 0.082414, , , , , , , 5.7613846, -0.0323949, , , , , , , 5.7613846, -0.0082246, , , , , , , , , , , , , , , , , , , , , , , , , , , , 
5.7619038, 0.066804, , , , , , , 5.7619038, 0.0589151, , , , , , , 5.7619038, -0.0480049, , , , , , , 5.7619038, -0.0135958, , , , , , , , , , , , , , , , , , , , , , , , , , , , 
5.7624231, 0.0884565, , , , , , , 5.7624231, 0.0236667, , , , , , , 5.7624231, -0.0619364, , , , , , , 5.7624231, -0.018967, , , , , , , , , , , , , , , , , , , , , , , , , , , , 
5.7629423, 0.1044022, , , , , , , 5.7629423, 0.0030213, , , , , , , 5.7629423, -0.0699931, , , , , , , 5.7629423, -0.018967, , , , , , , , , , , , , , , , , , , , , , , , , , , , 
5.7634615, 0.1149767, , , , , , , 5.7634615, -0.0109102, , , , , , , 5.7634615, -0.0696574, , , , , , , 5.7634615, -0.0159457, , , , , , , , , , , , , , , , , , , , , , , , , , , , 
5.7639808, 0.1176623, , , , , , , 5.7639808, -0.0344091, , , , , , , 5.7639808, -0.0636149, , , , , , , 5.7639808, -0.012253, , , , , , , , , , , , , , , , , , , , , , , , , , , , 
5.7645, 0.114641, , , , , , , 5.7645, -0.0760357, , , , , , , 5.7645, -0.0538796, , , , , , , 5.7645, -0.0057069, , , , , , , , , , , , , , , , , , , , , , , , , , , , 
5.7650192, 0.1042344, , , , , , , 5.7650192, -0.1139696, , , , , , , 5.7650192, -0.0448157, , , , , , , 5.7650192, 0.0031891, , , , , , , , , , , , , , , , , , , , , , , , , , , , 
5.7655385, 0.0877852, , , , , , , 5.7655385, -0.1149767, , , , , , , 5.7655385, -0.0397803, , , , , , , 5.7655385, 0.0146029, , , , , , , , , , , , , , , , , , , , , , , , , , , , 
5.7660577, 0.0629435, , , , , , , 5.7660577, -0.0955062, , , , , , , 5.7660577, -0.0350805, , , , , , , 5.7660577, 0.0275273, , , , , , , , , , , , , , , , , , , , , , , , , , , , 
5.7665769, 0.0370947, , , , , , , 5.7665769, -0.0699931, , , , , , , 5.7665769, -0.0285344, , , , , , , 5.7665769, 0.0394446, , , , , , , , , , , , , , , , , , , , , , , , , , , , 
5.7670962, 0.0179599, , , , , , , 5.7670962, -0.0323949, , , , , , , 5.7670962, -0.0199741, , , , , , , 5.7670962, 0.0485084, , , , , , , , , , , , , , , , , , , , , , , , , , , , 
5.7676154, 0.0008392, , , , , , , 5.7676154, 0.0085603, , , , , , , 5.7676154, -0.008896, , , , , , , 5.7676154, 0.0535439, , , , , , , , , , , , , , , , , , , , , , , , , , , , 
5.7681346, -0.0204776, , , , , , , 5.7681346, 0.0365911, , , , , , , 5.7681346, -0.0016785, , , , , , , 5.7681346, 0.0572366, , , , , , , , , , , , , , , , , , , , , , , , , , , , 
5.7686538, -0.0397803, , , , , , , 5.7686538, 0.040116, , , , , , , 5.7686538, -0.0023499, , , , , , , 5.7686538, 0.0629435, , , , , , , , , , , , , , , , , , , , , , , , , , , , 
5.7691731, -0.0552224, , , , , , , 5.7691731, 0.0206455, , , , , , , 5.7691731, -0.0048676, , , , , , , 5.7691731, 0.0659648, , , , , , , , , , , , , , , , , , , , , , , , , , , , 
5.7696923, -0.0710002, , , , , , , 5.7696923, 0.0045319, , , , , , , 5.7696923, -0.0015106, , , , , , , 5.7696923, 0.0636149, , , , , , , , , , , , , , , , , , , , , , , , , , , , 
5.7702115, -0.0854353, , , , , , , 5.7702115, 0.0092317, , , , , , , 5.7702115, 0.0031891, , , , , , , 5.7702115, 0.0582437, , , , , , , , , , , , , , , , , , , , , , , , , , , , 
5.7707308, -0.0983597, , , , , , , 5.7707308, 0.018967, , , , , , , 5.7707308, 0.0046998, , , , , , , 5.7707308, 0.0538796, , , , , , , , , , , , , , , , , , , , , , , , , , , , 
5.77125, -0.1038987, , , , , , , 5.77125, 0.0105745, , , , , , , 5.77125, 0.0052033, , , , , , , 5.77125, 0.0481727, , , , , , , , , , , , , , , , , , , , , , , , , , , , 
5.7717692, -0.0988632, , , , , , , 5.7717692, 0.0031891, , , , , , , 5.7717692, 0.0052033, , , , , , , 5.7717692, 0.0382696, , , , , , , , , , , , , , , , , , , , , , , , , , , , 
5.7722885, -0.0743572, , , , , , , 5.7722885, 0.0099031, , , , , , , 5.7722885, 0.0018463, , , , , , , 5.7722885, 0.0251774, , , , , , , , , , , , , , , , , , , , , , , , , , , , 
5.7728077, -0.051194, , , , , , , 5.7728077, -0.0015106, , , , , , , 5.7728077, -0.005539, , , , , , , 5.7728077, 0.0152743, , , , , , , , , , , , , , , , , , , , , , , , , , , , 
5.7733269, -0.0364233, , , , , , , 5.7733269, -0.0229953, , , , , , , 5.7733269, -0.0119173, , , , , , , 5.7733269, 0.0085603, , , , , , , , , , , , , , , , , , , , , , , , , , , , 
5.7738462, -0.0206455, , , , , , , 5.7738462, -0.0152743, , , , , , , 5.7738462, -0.0149386, , , , , , , 5.7738462, 0.0028534, , , , , , , , , , , , , , , , , , , , , , , , , , , , 
5.7743654, -0.008896, , , , , , , 5.7743654, 0.0412909, , , , , , , 5.7743654, -0.0166171, , , , , , , 5.7743654, -0.0005035, , , , , , , , , , , , , , , , , , , , , , , , , , , , 
5.7748846, -0.0011749, , , , , , , 5.7748846, 0.1164874, , , , , , , 5.7748846, -0.0157778, , , , , , , 5.7748846, -0.0005035, , , , , , , , , , , , , , , , , , , , , , , , , , , , 
5.7754038, 0.0082246, , , , , , , 5.7754038, 0.1643244, , , , , , , 5.7754038, -0.0162814, , , , , , , 5.7754038, -0.0018463, , , , , , , , , , , , , , , , , , , , , , , , , , , , 
5.7759231, 0.0172885, , , , , , , 5.7759231, 0.1589532, , , , , , , 5.7759231, -0.0199741, , , , , , , 5.7759231, -0.0025177, , , , , , , , , , , , , , , , , , , , , , , , , , , , 
5.7764423, 0.0250095, , , , , , , 5.7764423, 0.1164874, , , , , , , 5.7764423, -0.0243381, , , , , , , 5.7764423, -0.0036927, , , , , , , , , , , , , , , , , , , , , , , , , , , , 
5.7769615, 0.0345769, , , , , , , 5.7769615, 0.0582437, , , , , , , 5.7769615, -0.0273594, , , , , , , 5.7769615, -0.0041962, , , , , , , , , , , , , , , , , , , , , , , , , , , , 
5.7774808, 0.0394446, , , , , , , 5.7774808, -0.0109102, , , , , , , 5.7774808, -0.0250095, , , , , , , 5.7774808, -0.0018463, , , , , , , , , , , , , , , , , , , , , , , , , , , , 
5.778, 0.0397803, , , , , , , 5.778, -0.076875, , , , , , , 5.778, -0.0176242, , , , , , , 5.778, 0.0035248, , , , , , , , , , , , , , , , , , , , , , , , , , , , 
5.7785192, 0.0396124, , , , , , , 5.7785192, -0.1253834, , , , , , , 5.7785192, -0.0099031, , , , , , , 5.7785192, 0.008896, , , , , , , , , , , , , , , , , , , , , , , , , , , , 
5.7790385, 0.036759, , , , , , , 5.7790385, -0.1371328, , , , , , , 5.7790385, -0.0028534, , , , , , , 5.7790385, 0.0115816, , , , , , , , , , , , , , , , , , , , , , , , , , , , 
5.7795577, 0.0347448, , , , , , , 5.7795577, -0.0928206, , , , , , , 5.7795577, 0.0018463, , , , , , , 5.7795577, 0.01561, , , , , , , , , , , , , , , , , , , , , , , , , , , , 
5.7800769, 0.0290379, , , , , , , 5.7800769, -0.0125887, , , , , , , 5.7800769, 0.0065461, , , , , , , 5.7800769, 0.0219883, , , , , , , , , , , , , , , , , , , , , , , , , , , , 
5.7805962, 0.021149, , , , , , , 5.7805962, 0.0421302, , , , , , , 5.7805962, 0.0119173, , , , , , , 5.7805962, 0.0307164, , , , , , , , , , , , , , , , , , , , , , , , , , , , 
5.7811154, 0.0149386, , , , , , , 5.7811154, 0.0575723, , , , , , , 5.7811154, 0.0196384, , , , , , , 5.7811154, 0.0370947, , , , , , , , , , , , , , , , , , , , , , , , , , , , 
5.7816346, 0.0186313, , , , , , , 5.7816346, 0.047837, , , , , , , 5.7816346, 0.0273594, , , , , , , 5.7816346, 0.0369268, , , , , , , , , , , , , , , , , , , , , , , , , , , , 
5.7821538, 0.0357519, , , , , , , 5.7821538, 0.0146029, , , , , , , 5.7821538, 0.030045, , , , , , , 5.7821538, 0.0292058, , , , , , , , , , , , , , , , , , , , , , , , , , , , 
5.7826731, 0.0582437, , , , , , , 5.7826731, -0.0276951, , , , , , , 5.7826731, 0.0253452, , , , , , , 5.7826731, 0.0199741, , , , , , , , , , , , , , , , , , , , , , , , , , , , 
5.7831923, 0.0767071, , , , , , , 5.7831923, -0.0560616, , , , , , , 5.7831923, 0.0203098, , , , , , , 5.7831923, 0.0112459, , , , , , , , , , , , , , , , , , , , , , , , , , , , 
5.7837115, 0.090135, , , , , , , 5.7837115, -0.0642863, , , , , , , 5.7837115, 0.0151064, , , , , , , 5.7837115, 0.0025177, , , , , , , , , , , , , , , , , , , , , , , , , , , , 
5.7842308, 0.0955062, , , , , , , 5.7842308, -0.0733501, , , , , , , 5.7842308, 0.0112459, , , , , , , 5.7842308, -0.0068818, , , , , , , , , , , , , , , , , , , , , , , , , , , , 
5.78475, 0.0924849, , , , , , , 5.78475, -0.0867781, , , , , , , 5.78475, 0.0048676, , , , , , , 5.78475, -0.0129244, , , , , , , , , , , , , , , , , , , , , , , , , , , , 
5.7852692, 0.0864424, , , , , , , 5.7852692, -0.0887922, , , , , , , 5.7852692, -0.0003357, , , , , , , 5.7852692, -0.0142672, , , , , , , , , , , , , , , , , , , , , , , , , , , , 
5.7857885, 0.0817426, , , , , , , 5.7857885, -0.0847639, , , , , , , 5.7857885, -0.002182, , , , , , , 5.7857885, -0.0132601, , , , , , , , , , , , , , , , , , , , , , , , , , , , 
5.7863077, 0.070161, , , , , , , 5.7863077, -0.0780499, , , , , , , 5.7863077, -0.0048676, , , , , , , 5.7863077, -0.0083925, , , , , , , , , , , , , , , , , , , , , , , , , , , , 
5.7868269, 0.0532082, , , , , , , 5.7868269, -0.0736858, , , , , , , 5.7868269, -0.0072175, , , , , , , 5.7868269, -0.0011749, , , , , , , , , , , , , , , , , , , , , , , , , , , , 
5.7873462, 0.0354162, , , , , , , 5.7873462, -0.064622, , , , , , , 5.7873462, -0.008896, , , , , , , 5.7873462, 0.0045319, , , , , , , , , , , , , , , , , , , , , , , , , , , , 
5.7878654, 0.0204776, , , , , , , 5.7878654, -0.0464942, , , , , , , 5.7878654, -0.0119173, , , , , , , 5.7878654, 0.0119173, , , , , , , , , , , , , , , , , , , , , , , , , , , , 
5.7883846, 0.0018463, , , , , , , 5.7883846, -0.0377661, , , , , , , 5.7883846, -0.0135958, , , , , , , 5.7883846, 0.0223239, , , , , , , , , , , , , , , , , , , , , , , , , , , , 
5.7889038, -0.0229953, , , , , , , 5.7889038, -0.0508583, , , , , , , 5.7889038, -0.0115816, , , , , , , 5.7889038, 0.0318914, , , , , , , , , , , , , , , , , , , , , , , , , , , , 
5.7894231, -0.0464942, , , , , , , 5.7894231, -0.0686503, , , , , , , 5.7894231, -0.0063783, , , , , , , 5.7894231, 0.0407874, , , , , , , , , , , , , , , , , , , , , , , , , , , , 
5.7899423, -0.0666361, , , , , , , 5.7899423, -0.0683146, , , , , , , 5.7899423, -0.0035248, , , , , , , 5.7899423, 0.047837, , , , , , , , , , , , , , , , , , , , , , , , , , , , 
5.7904615, -0.0820783, , , , , , , 5.7904615, -0.0454871, , , , , , , 5.7904615, -0.0035248, , , , , , , 5.7904615, 0.0525368, , , , , , , , , , , , , , , , , , , , , , , , , , , , 
5.7909808, -0.0985275, , , , , , , 5.7909808, -0.0176242, , , , , , , 5.7909808, -0.0028534, , , , , , , 5.7909808, 0.0542153, , , , , , , , , , , , , , , , , , , , , , , , , , , , 
5.7915, -0.1044022, , , , , , , 5.7915, -0.0057069, , , , , , , 5.7915, 0.0003357, , , , , , , 5.7915, 0.0505226, , , , , , , , , , , , , , , , , , , , , , , , , , , , 
5.7920192, -0.093492, , , , , , , 5.7920192, -0.0048676, , , , , , , 5.7920192, 0.0129244, , , , , , , 5.7920192, 0.0424659, , , , , , , , , , , , , , , , , , , , , , , , , , , , 
5.7925385, -0.0736858, , , , , , , 5.7925385, 0.0139315, , , , , , , 5.7925385, 0.0360876, , , , , , , 5.7925385, 0.0347448, , , , , , , , , , , , , , , , , , , , , , , , , , , , 
5.7930577, -0.0525368, , , , , , , 5.7930577, 0.0542153, , , , , , , 5.7930577, 0.0589151, , , , , , , 5.7930577, 0.0303807, , , , , , , , , , , , , , , , , , , , , , , , , , , , 
5.7935769, -0.0340734, , , , , , , 5.7935769, 0.0760357, , , , , , , 5.7935769, 0.0716716, , , , , , , 5.7935769, 0.0280308, , , , , , , , , , , , , , , , , , , , , , , , , , , , 
5.7940962, -0.0176242, , , , , , , 5.7940962, 0.0669718, , , , , , , 5.7940962, 0.072343, , , , , , , 5.7940962, 0.026688, , , , , , , , , , , , , , , , , , , , , , , , , , , , 
5.7946154, -0.0041962, , , , , , , 5.7946154, 0.0560616, , , , , , , 5.7946154, 0.0664683, , , , , , , 5.7946154, 0.0263523, , , , , , , , , , , , , , , , , , , , , , , , , , , , 
5.7951346, 0.0063783, , , , , , , 5.7951346, 0.0518654, , , , , , , 5.7951346, 0.0558938, , , , , , , 5.7951346, 0.0250095, , , , , , , , , , , , , , , , , , , , , , , , , , , , 
5.7956538, 0.0132601, , , , , , , 5.7956538, 0.0461585, , , , , , , 5.7956538, 0.0407874, , , , , , , 5.7956538, 0.0223239, , , , , , , , , , , , , , , , , , , , , , , , , , , , 
5.7961731, 0.0193027, , , , , , , 5.7961731, 0.0475013, , , , , , , 5.7961731, 0.0209812, , , , , , , 5.7961731, 0.0159457, , , , , , , , , , , , , , , , , , , , , , , , , , , , 
5.7966923, 0.0246738, , , , , , , 5.7966923, 0.0602579, , , , , , , 5.7966923, -0.0015106, , , , , , , 5.7966923, 0.0078889, , , , , , , , , , , , , , , , , , , , , , , , , , , , 
5.7972115, 0.0290379, , , , , , , 5.7972115, 0.0894636, , , , , , , 5.7972115, -0.0243381, , , , , , , 5.7972115, 0.0001678, , , , , , , , , , , , , , , , , , , , , , , , , , , , 
5.7977308, 0.0310521, , , , , , , 5.7977308, 0.1136339, , , , , , , 5.7977308, -0.0431373, , , , , , , 5.7977308, -0.0082246, , , , , , , , , , , , , , , , , , , , , , , , , , , , 
5.79825, 0.0320592, , , , , , , 5.79825, 0.0938277, , , , , , , 5.79825, -0.0558938, , , , , , , 5.79825, -0.0135958, , , , , , , , , , , , , , , , , , , , , , , , , , , , 
5.7987692, 0.0337377, , , , , , , 5.7987692, 0.0243381, , , , , , , 5.7987692, -0.0642863, , , , , , , 5.7987692, -0.0151064, , , , , , , , , , , , , , , , , , , , , , , , , , , , 
5.7992885, 0.0374304, , , , , , , 5.7992885, -0.040116, , , , , , , 5.7992885, -0.0676432, , , , , , , 5.7992885, -0.0179599, , , , , , , , , , , , , , , , , , , , , , , , , , , , 
5.7998077, 0.0372625, , , , , , , 5.7998077, -0.0626078, , , , , , , 5.7998077, -0.0730144, , , , , , , 5.7998077, -0.0209812, , , , , , , , , , , , , , , , , , , , , , , , , , , , 
5.8003269, 0.0394446, , , , , , , 5.8003269, -0.0770428, , , , , , , 5.8003269, -0.0793927, , , , , , , 5.8003269, -0.0209812, , , , , , , , , , , , , , , , , , , , , , , , , , , , 
5.8008462, 0.0387732, , , , , , , 5.8008462, -0.10692, , , , , , , 5.8008462, -0.0788891, , , , , , , 5.8008462, -0.018967, , , , , , , , , , , , , , , , , , , , , , , , , , , , 
5.8013654, 0.036759, , , , , , , 5.8013654, -0.1312581, , , , , , , 5.8013654, -0.0733501, , , , , , , 5.8013654, -0.018967, , , , , , , , , , , , , , , , , , , , , , , , , , , , 
5.8018846, 0.0508583, , , , , , , 5.8018846, -0.1519036, , , , , , , 5.8018846, -0.0703288, , , , , , , 5.8018846, -0.0223239, , , , , , , , , , , , , , , , , , , , , , , , , , , , 
5.8024038, 0.0750286, , , , , , , 5.8024038, -0.160296, , , , , , , 5.8024038, -0.0699931, , , , , , , 5.8024038, -0.0283665, , , , , , , , , , , , , , , , , , , , , , , , , , , , 
5.8029231, 0.0896315, , , , , , , 5.8029231, -0.1230335, , , , , , , 5.8029231, -0.0649577, , , , , , , 5.8029231, -0.0325628, , , , , , , , , , , , , , , , , , , , , , , , , , , , 
5.8034423, 0.0958419, , , , , , , 5.8034423, -0.0572366, , , , , , , 5.8034423, -0.0599222, , , , , , , 5.8034423, -0.0337377, , , , , , , , , , , , , , , , , , , , , , , , , , , , 
5.8039615, 0.1018845, , , , , , , 5.8039615, -0.0129244, , , , , , , 5.8039615, -0.0558938, , , , , , , 5.8039615, -0.0298772, , , , , , , , , , , , , , , , , , , , , , , , , , , , 
5.8044808, 0.1049058, , , , , , , 5.8044808, 0.0036927, , , , , , , 5.8044808, -0.0532082, , , , , , , 5.8044808, -0.0206455, , , , , , , , , , , , , , , , , , , , , , , , , , , , 
5.805, 0.0991989, , , , , , , 5.805, 0.0031891, , , , , , , 5.805, -0.0501869, , , , , , , 5.805, -0.012253, , , , , , , , , , , , , , , , , , , , , , , , , , , , 
5.8055192, 0.0827497, , , , , , , 5.8055192, -0.0062104, , , , , , , 5.8055192, -0.0441444, , , , , , , 5.8055192, -0.0031891, , , , , , , , , , , , , , , , , , , , , , , , , , , , 
5.8060385, 0.0609293, , , , , , , 5.8060385, -0.0020142, , , , , , , 5.8060385, -0.0354162, , , , , , , 5.8060385, 0.0045319, , , , , , , , , , , , , , , , , , , , , , , , , , , , 
5.8065577, 0.0441444, , , , , , , 5.8065577, 0.0229953, , , , , , , 5.8065577, -0.0260166, , , , , , , 5.8065577, 0.0102388, , , , , , , , , , , , , , , , , , , , , , , , , , , , 
5.8070769, 0.0320592, , , , , , , 5.8070769, 0.0485084, , , , , , , 5.8070769, -0.0162814, , , , , , , 5.8070769, 0.01561, , , , , , , , , , , , , , , , , , , , , , , , , , , , 
5.8075962, 0.0149386, , , , , , , 5.8075962, 0.0454871, , , , , , , 5.8075962, -0.0075532, , , , , , , 5.8075962, 0.0196384, , , , , , , , , , , , , , , , , , , , , , , , , , , , 
5.8081154, -0.0070497, , , , , , , 5.8081154, 0.0226596, , , , , , , 5.8081154, 0.0011749, , , , , , , 5.8081154, 0.0226596, , , , , , , , , , , , , , , , , , , , , , , , , , , , 
5.8086346, -0.0280308, , , , , , , 5.8086346, 0.01561, , , , , , , 5.8086346, 0.0072175, , , , , , , 5.8086346, 0.0263523, , , , , , , , , , , , , , , , , , , , , , , , , , , , 
5.8091538, -0.0464942, , , , , , , 5.8091538, 0.023331, , , , , , , 5.8091538, 0.0115816, , , , , , , 5.8091538, 0.0305486, , , , , , , , , , , , , , , , , , , , , , , , , , , , 
5.8096731, -0.0632792, , , , , , , 5.8096731, 0.023331, , , , , , , 5.8096731, 0.0213169, , , , , , , 5.8096731, 0.0360876, , , , , , , , , , , , , , , , , , , , , , , , , , , , 
5.8101923, -0.0793927, , , , , , , 5.8101923, 0.0109102, , , , , , , 5.8101923, 0.0307164, , , , , , , 5.8101923, 0.0438087, , , , , , , , , , , , , , , , , , , , , , , , , , , , 
5.8107115, -0.0928206, , , , , , , 5.8107115, -0.0035248, , , , , , , 5.8107115, 0.0340734, , , , , , , 5.8107115, 0.0516976, , , , , , , , , , , , , , , , , , , , , , , , , , , , 
5.8112308, -0.0995346, , , , , , , 5.8112308, 0.0005035, , , , , , , 5.8112308, 0.0317235, , , , , , , 5.8112308, 0.0548867, , , , , , , , , , , , , , , , , , , , , , , , , , , , 
5.81175, -0.0904707, , , , , , , 5.81175, 0.0273594, , , , , , , 5.81175, 0.0226596, , , , , , , 5.81175, 0.0508583, , , , , , , , , , , , , , , , , , , , , , , , , , , , 
5.8122692, -0.0659648, , , , , , , 5.8122692, 0.0404517, , , , , , , 5.8122692, 0.0092317, , , , , , , 5.8122692, 0.0433051, , , , , , , , , , , , , , , , , , , , , , , , , , , , 
5.8127885, -0.0431373, , , , , , , 5.8127885, 0.030045, , , , , , , 5.8127885, -0.005539, , , , , , , 5.8127885, 0.0365911, , , , , , , , , , , , , , , , , , , , , , , , , , , , 
5.8133077, -0.0332341, , , , , , , 5.8133077, 0.0193027, , , , , , , 5.8133077, -0.0193027, , , , , , , 5.8133077, 0.0330663, , , , , , , , , , , , , , , , , , , , , , , , , , , , 
5.8138269, 0.0327306, , , , , , , 5.8138269, 0.0193027, , , , , , , 5.8138269, -0.0283665, , , , , , , 5.8138269, 0.0297093, , , , , , , , , , , , , , , , , , , , , , , , , , , , 
5.8143462, 0.2133364, , , , , , , 5.8143462, 0.0209812, , , , , , , 5.8143462, -0.0231632, , , , , , , 5.8143462, 0.0265202, , , , , , , , , , , , , , , , , , , , , , , , , , , , 
5.8148654, 0.2670481, , , , , , , 5.8148654, 0.0226596, , , , , , , 5.8148654, -0.005539, , , , , , , 5.8148654, 0.0246738, , , , , , , , , , , , , , , , , , , , , , , , , , , , 
5.8153846, 0.1999084, , , , , , , 5.8153846, 0.0337377, , , , , , , 5.8153846, 0.0117494, , , , , , , 5.8153846, 0.0226596, , , , , , , , , , , , , , , , , , , , , , , , , , , , 
5.8159038, 0.163653, , , , , , , 5.8159038, 0.0481727, , , , , , , 5.8159038, 0.0231632, , , , , , , 5.8159038, 0.0199741, , , , , , , , , , , , , , , , , , , , , , , , , , , , 
5.8164231, 0.1582818, , , , , , , 5.8164231, 0.0354162, , , , , , , 5.8164231, 0.0313878, , , , , , , 5.8164231, 0.0196384, , , , , , , , , , , , , , , , , , , , , , , , , , , , 
5.8169423, 0.1245441, , , , , , , 5.8169423, -0.0206455, , , , , , , 5.8169423, 0.0407874, , , , , , , 5.8169423, 0.023331, , , , , , , , , , , , , , , , , , , , , , , , , , , , 
5.8174615, 0.0748608, , , , , , , 5.8174615, -0.079057, , , , , , , 5.8174615, 0.0491798, , , , , , , 5.8174615, 0.0285344, , , , , , , , , , , , , , , , , , , , , , , , , , , , 
5.8179808, 0.0538796, , , , , , , 5.8179808, -0.0874495, , , , , , , 5.8179808, 0.0510262, , , , , , , 5.8179808, 0.0317235, , , , , , , , , , , , , , , , , , , , , , , , , , , , 
5.8185, 0.0575723, , , , , , , 5.8185, -0.0572366, , , , , , , 5.8185, 0.0448157, , , , , , , 5.8185, 0.0344091, , , , , , , , , , , , , , , , , , , , , , , , , , , , 
5.8190192, 0.0515297, , , , , , , 5.8190192, -0.0273594, , , , , , , 5.8190192, 0.0320592, , , , , , , 5.8190192, 0.0340734, , , , , , , , , , , , , , , , , , , , , , , , , , , , 
5.8195385, 0.0256809, , , , , , , 5.8195385, -0.0078889, , , , , , , 5.8195385, 0.0172885, , , , , , , 5.8195385, 0.0287022, , , , , , , , , , , , , , , , , , , , , , , , , , , , 
5.8200577, -0.0011749, , , , , , , 5.8200577, 0.005539, , , , , , , 5.8200577, 0.0025177, , , , , , , 5.8200577, 0.0223239, , , , , , , , , , , , , , , , , , , , , , , , , , , , 
5.8205769, -0.0085603, , , , , , , 5.8205769, 0.0206455, , , , , , , 5.8205769, -0.0124208, , , , , , , 5.8205769, 0.0166171, , , , , , , , , , , , , , , , , , , , , , , , , , , , 
5.8210962, -0.0011749, , , , , , , 5.8210962, 0.0387732, , , , , , , 5.8210962, -0.0270237, , , , , , , 5.8210962, 0.0109102, , , , , , , , , , , , , , , , , , , , , , , , , , , , 
5.8216154, 0.0078889, , , , , , , 5.8216154, 0.0481727, , , , , , , 5.8216154, -0.0404517, , , , , , , 5.8216154, 0.0008392, , , , , , , , , , , , , , , , , , , , , , , , , , , , 
5.8221346, 0.0179599, , , , , , , 5.8221346, 0.0463264, , , , , , , 5.8221346, -0.0538796, , , , , , , 5.8221346, -0.01561, , , , , , , , , , , , , , , , , , , , , , , , , , , , 
5.8226538, 0.0330663, , , , , , , 5.8226538, 0.0357519, , , , , , , 5.8226538, -0.0642863, , , , , , , 5.8226538, -0.0270237, , , , , , , , , , , , , , , , , , , , , , , , , , , , 
5.8231731, 0.0515297, , , , , , , 5.8231731, 0.0142672, , , , , , , 5.8231731, -0.0666361, , , , , , , 5.8231731, -0.0337377, , , , , , , , , , , , , , , , , , , , , , , , , , , , 
5.8236923, 0.0661326, , , , , , , 5.8236923, -0.0130922, , , , , , , 5.8236923, -0.0636149, , , , , , , 5.8236923, -0.036759, , , , , , , , , , , , , , , , , , , , , , , , , , , , 
5.8242115, 0.0669718, , , , , , , 5.8242115, -0.0354162, , , , , , , 5.8242115, -0.0582437, , , , , , , 5.8242115, -0.0381018, , , , , , , , , , , , , , , , , , , , , , , , , , , , 
5.8247308, 0.0532082, , , , , , , 5.8247308, -0.0404517, , , , , , , 5.8247308, -0.0515297, , , , , , , 5.8247308, -0.0365911, , , , , , , , , , , , , , , , , , , , , , , , , , , , 
5.82525, 0.0387732, , , , , , , 5.82525, -0.0224918, , , , , , , 5.82525, -0.0439765, , , , , , , 5.82525, -0.0327306, , , , , , , , , , , , , , , , , , , , , , , , , , , , 
5.8257692, 0.0287022, , , , , , , 5.8257692, 0.0243381, , , , , , , 5.8257692, -0.0339055, , , , , , , 5.8257692, -0.0287022, , , , , , , , , , , , , , , , , , , , , , , , , , , , 
5.8262885, 0.0172885, , , , , , , 5.8262885, 0.0753643, , , , , , , 5.8262885, -0.0167849, , , , , , , 5.8262885, -0.0234989, , , , , , , , , , , , , , , , , , , , , , , , , , , , 
5.8268077, -0.0035248, , , , , , , 5.8268077, 0.0963455, , , , , , , 5.8268077, 0.0025177, , , , , , , 5.8268077, -0.0176242, , , , , , , , , , , , , , , , , , , , , , , , , , , , 
5.8273269, -0.0243381, , , , , , , 5.8273269, 0.0951705, , , , , , , 5.8273269, 0.0159457, , , , , , , 5.8273269, -0.012253, , , , , , , , , , , , , , , , , , , , , , , , , , , , 
5.8278462, -0.0451514, , , , , , , 5.8278462, 0.0897993, , , , , , , 5.8278462, 0.0226596, , , , , , , 5.8278462, -0.0057069, , , , , , , , , , , , , , , , , , , , , , , , , , , , 
5.8283654, -0.0676432, , , , , , , 5.8283654, 0.0773785, , , , , , , 5.8283654, 0.0229953, , , , , , , 5.8283654, 0.0036927, , , , , , , , , , , , , , , , , , , , , , , , , , , , 
5.8288846, -0.0874495, , , , , , , 5.8288846, 0.0602579, , , , , , , 5.8288846, 0.0216526, , , , , , , 5.8288846, 0.0139315, , , , , , , , , , , , , , , , , , , , , , , , , , , , 
5.8294038, -0.1052415, , , , , , , 5.8294038, 0.0198062, , , , , , , 5.8294038, 0.0199741, , , , , , , 5.8294038, 0.0226596, , , , , , , , , , , , , , , , , , , , , , , , , , , , 
5.8299231, -0.1210193, , , , , , , 5.8299231, -0.0315557, , , , , , , 5.8299231, 0.0186313, , , , , , , 5.8299231, 0.0307164, , , , , , , , , , , , , , , , , , , , , , , , , , , , 
5.8304423, -0.1354543, , , , , , , 5.8304423, -0.0659648, , , , , , , 5.8304423, 0.0186313, , , , , , , 5.8304423, 0.0370947, , , , , , , , , , , , , , , , , , , , , , , , , , , , 
5.8309615, -0.1465324, , , , , , , 5.8309615, -0.0988632, , , , , , , 5.8309615, 0.0159457, , , , , , , 5.8309615, 0.0419623, , , , , , , , , , , , , , , , , , , , , , , , , , , , 
5.8314808, -0.1478752, , , , , , , 5.8314808, -0.1414969, , , , , , , 5.8314808, 0.0097353, , , , , , , 5.8314808, 0.0414588, , , , , , , , , , , , , , , , , , , , , , , , , , , , 
5.832, -0.1331044, , , , , , , 5.832, -0.1633173, , , , , , , 5.832, 0.0052033, , , , , , , 5.832, 0.0354162, , , , , , , , , , , , , , , , , , , , , , , , , , , , 
5.8325192, -0.10692, , , , , , , 5.8325192, -0.1522393, , , , , , , 5.8325192, 0.0025177, , , , , , , 5.8325192, 0.0273594, , , , , , , , , , , , , , , , , , , , , , , , , , , , 
5.8330385, -0.0874495, , , , , , , 5.8330385, -0.1257191, , , , , , , 5.8330385, -0.0001678, , , , , , , 5.8330385, 0.0240024, , , , , , , , , , , , , , , , , , , , , , , , , , , , 
5.8335577, -0.079057, , , , , , , 5.8335577, -0.0958419, , , , , , , 5.8335577, -0.0041962, , , , , , , 5.8335577, 0.0219883, , , , , , , , , , , , , , , , , , , , , , , , , , , , 
5.8340769, -0.0716716, , , , , , , 5.8340769, -0.0594186, , , , , , , 5.8340769, -0.0048676, , , , , , , 5.8340769, 0.024506, , , , , , , , , , , , , , , , , , , , , , , , , , , , 
5.8345962, -0.0639506, , , , , , , 5.8345962, -0.0236667, , , , , , , 5.8345962, -0.005539, , , , , , , 5.8345962, 0.0297093, , , , , , , , , , , , , , , , , , , , , , , , , , , , 
5.8351154, -0.0592508, , , , , , , 5.8351154, -0.0216526, , , , , , , 5.8351154, -0.0102388, , , , , , , 5.8351154, 0.0320592, , , , , , , , , , , , , , , , , , , , , , , , , , , , 
5.8356346, -0.0525368, , , , , , , 5.8356346, -0.0555581, , , , , , , 5.8356346, -0.017792, , , , , , , 5.8356346, 0.0276951, , , , , , , , , , , , , , , , , , , , , , , , , , , , 
5.8361538, -0.0464942, , , , , , , 5.8361538, -0.0908064, , , , , , , 5.8361538, -0.0236667, , , , , , , 5.8361538, 0.0224918, , , , , , , , , , , , , , , , , , , , , , , , , , , , 
5.8366731, -0.0404517, , , , , , , 5.8366731, -0.0892958, , , , , , , 5.8366731, -0.0313878, , , , , , , 5.8366731, 0.0199741, , , , , , , , , , , , , , , , , , , , , , , , , , , , 
5.8371923, -0.0310521, , , , , , , 5.8371923, -0.051194, , , , , , , 5.8371923, -0.0394446, , , , , , , 5.8371923, 0.0218204, , , , , , , , , , , , , , , , , , , , , , , , , , , , 
5.8377115, -0.0208133, , , , , , , 5.8377115, -0.014435, , , , , , , 5.8377115, -0.0411231, , , , , , , 5.8377115, 0.0273594, , , , , , , , , , , , , , , , , , , , , , , , , , , , 
5.8382308, -0.017792, , , , , , , 5.8382308, -0.0001678, , , , , , , 5.8382308, -0.0337377, , , , , , , 5.8382308, 0.0320592, , , , , , , , , , , , , , , , , , , , , , , , , , , , 
5.83875, -0.014435, , , , , , , 5.83875, 0.0045319, , , , , , , 5.83875, -0.0184634, , , , , , , 5.83875, 0.0320592, , , , , , , , , , , , , , , , , , , , , , , , , , , , 
5.8392692, -0.0062104, , , , , , , 5.8392692, 0.0162814, , , , , , , 5.8392692, -0.0006714, , , , , , , 5.8392692, 0.0258488, , , , , , , , , , , , , , , , , , , , , , , , , , , , 
5.8397885, 0.0025177, , , , , , , 5.8397885, 0.0370947, , , , , , , 5.8397885, 0.0105745, , , , , , , 5.8397885, 0.0159457, , , , , , , , , , , , , , , , , , , , , , , , , , , , 
5.8403077, 0.0038605, , , , , , , 5.8403077, 0.0746929, , , , , , , 5.8403077, 0.0119173, , , , , , , 5.8403077, 0.0092317, , , , , , , , , , , , , , , , , , , , , , , , , , , , 
5.8408269, 0.0011749, , , , , , , 5.8408269, 0.1049058, , , , , , , 5.8408269, 0.0092317, , , , , , , 5.8408269, 0.0048676, , , , , , , , , , , , , , , , , , , , , , , , , , , , 
5.8413462, 0.0097353, , , , , , , 5.8413462, 0.1038987, , , , , , , 5.8413462, 0.0052033, , , , , , , 5.8413462, -0.0028534, , , , , , , , , , , , , , , , , , , , , , , , , , , , 
5.8418654, 0.0364233, , , , , , , 5.8418654, 0.0817426, , , , , , , 5.8418654, -0.0015106, , , , , , , 5.8418654, -0.0176242, , , , , , , , , , , , , , , , , , , , , , , , , , , , 
5.8423846, 0.0652934, , , , , , , 5.8423846, 0.0506905, , , , , , , 5.8423846, -0.0075532, , , , , , , 5.8423846, -0.0320592, , , , , , , , , , , , , , , , , , , , , , , , , , , , 
5.8429038, 0.0840925, , , , , , , 5.8429038, 0.0102388, , , , , , , 5.8429038, -0.0124208, , , , , , , 5.8429038, -0.0421302, , , , , , , , , , , , , , , , , , , , , , , , , , , , 
5.8434231, 0.1012131, , , , , , , 5.8434231, -0.0298772, , , , , , , 5.8434231, -0.0139315, , , , , , , 5.8434231, -0.0459907, , , , , , , , , , , , , , , , , , , , , , , , , , , , 
5.8439423, 0.1132982, , , , , , , 5.8439423, -0.0565652, , , , , , , 5.8439423, -0.0149386, , , , , , , 5.8439423, -0.0471656, , , , , , , , , , , , , , , , , , , , , , , , , , , , 
5.8444615, 0.1153124, , , , , , , 5.8444615, -0.0515297, , , , , , , 5.8444615, -0.0203098, , , , , , , 5.8444615, -0.0454871, , , , , , , , , , , , , , , , , , , , , , , , , , , , 
5.8449808, 0.1092699, , , , , , , 5.8449808, -0.0176242, , , , , , , 5.8449808, -0.0276951, , , , , , , 5.8449808, -0.0404517, , , , , , , , , , , , , , , , , , , , , , , , , , , , 
5.8455, 0.0958419, , , , , , , 5.8455, 0.0041962, , , , , , , 5.8455, -0.0325628, , , , , , , 5.8455, -0.0307164, , , , , , , , , , , , , , , , , , , , , , , , , , , , 
5.8460192, 0.0763714, , , , , , , 5.8460192, -0.0062104, , , , , , , 5.8460192, -0.0330663, , , , , , , 5.8460192, -0.0203098, , , , , , , , , , , , , , , , , , , , , , , , , , , , 
5.8465385, 0.057908, , , , , , , 5.8465385, -0.0182956, , , , , , , 5.8465385, -0.0290379, , , , , , , 5.8465385, -0.0102388, , , , , , , , , , , , , , , , , , , , , , , , , , , , 
5.8470577, 0.0475013, , , , , , , 5.8470577, -0.0072175, , , , , , , 5.8470577, -0.023331, , , , , , , 5.8470577, -0.0015106, , , , , , , , , , , , , , , , , , , , , , , , , , , , 
5.8475769, 0.0381018, , , , , , , 5.8475769, -0.0065461, , , , , , , 5.8475769, -0.0172885, , , , , , , 5.8475769, 0.0052033, , , , , , , , , , , , , , , , , , , , , , , , , , , , 
5.8480962, 0.0238346, , , , , , , 5.8480962, -0.0246738, , , , , , , 5.8480962, -0.0119173, , , , , , , 5.8480962, 0.0151064, , , , , , , , , , , , , , , , , , , , , , , , , , , , 
5.8486154, 0.0038605, , , , , , , 5.8486154, -0.0475013, , , , , , , 5.8486154, -0.0085603, , , , , , , 5.8486154, 0.0276951, , , , , , , , , , , , , , , , , , , , , , , , , , , , 
5.8491346, -0.023331, , , , , , , 5.8491346, -0.0854353, , , , , , , 5.8491346, -0.0046998, , , , , , , 5.8491346, 0.0384375, , , , , , , , , , , , , , , , , , , , , , , , , , , , 
5.8496538, -0.0471656, , , , , , , 5.8496538, -0.1049058, , , , , , , 5.8496538, 0.0001678, , , , , , , 5.8496538, 0.0468299, , , , , , , , , , , , , , , , , , , , , , , , , , , , 
5.8501731, -0.0619364, , , , , , , 5.8501731, -0.064622, , , , , , , 5.8501731, 0.0052033, , , , , , , 5.8501731, 0.0553902, , , , , , , , , , , , , , , , , , , , , , , , , , , , 
5.8506923, -0.0693217, , , , , , , 5.8506923, 0.0005035, , , , , , , 5.8506923, 0.0099031, , , , , , , 5.8506923, 0.0663005, , , , , , , , , , , , , , , , , , , , , , , , , , , , 
5.8512115, -0.0703288, , , , , , , 5.8512115, 0.0441444, , , , , , , 5.8512115, 0.0146029, , , , , , , 5.8512115, 0.0783856, , , , , , , , , , , , , , , , , , , , , , , , , , , , 
5.8517308, -0.0652934, , , , , , , 5.8517308, 0.0515297, , , , , , , 5.8517308, 0.0292058, , , , , , , 5.8517308, 0.0849317, , , , , , , , , , , , , , , , , , , , , , , , , , , , 
5.85225, -0.0501869, , , , , , , 5.85225, 0.0317235, , , , , , , 5.85225, 0.0538796, , , , , , , 5.85225, 0.0844282, , , , , , , , , , , , , , , , , , , , , , , , , , , , 
5.8527692, -0.0297093, , , , , , , 5.8527692, -0.0077211, , , , , , , 5.8527692, 0.0693217, , , , , , , 5.8527692, 0.0783856, , , , , , , , , , , , , , , , , , , , , , , , , , , , 
5.8532885, -0.0124208, , , , , , , 5.8532885, -0.0592508, , , , , , , 5.8532885, 0.0703288, , , , , , , 5.8532885, 0.0706645, , , , , , , , , , , , , , , , , , , , , , , , , , , , 
5.8538077, -0.0058747, , , , , , , 5.8538077, -0.1032273, , , , , , , 5.8538077, 0.0632792, , , , , , , 5.8538077, 0.0642863, , , , , , , , , , , , , , , , , , , , , , , , , , , , 
5.8543269, 0.0008392, , , , , , , 5.8543269, -0.1310903, , , , , , , 5.8543269, 0.0574044, , , , , , , 5.8543269, 0.0602579, , , , , , , , , , , , , , , , , , , , , , , , , , , , 
5.8548462, 0.0139315, , , , , , , 5.8548462, -0.1312581, , , , , , , 5.8548462, 0.0481727, , , , , , , 5.8548462, 0.0550546, , , , , , , , , , , , , , , , , , , , , , , , , , , , 
5.8553654, 0.023331, , , , , , , 5.8553654, -0.0904707, , , , , , , 5.8553654, 0.033402, , , , , , , 5.8553654, 0.0488441, , , , , , , , , , , , , , , , , , , , , , , , , , , , 
5.8558846, 0.026688, , , , , , , 5.8558846, -0.0216526, , , , , , , 5.8558846, 0.0164492, , , , , , , 5.8558846, 0.0421302, , , , , , , , , , , , , , , , , , , , , , , , , , , , 
5.8564038, 0.0305486, , , , , , , 5.8564038, 0.0428016, , , , , , , 5.8564038, 0.0028534, , , , , , , 5.8564038, 0.0347448, , , , , , , , , , , , , , , , , , , , , , , , , , , , 
5.8569231, 0.0360876, , , , , , , 5.8569231, 0.0817426, , , , , , , 5.8569231, -0.005539, , , , , , , 5.8569231, 0.0290379, , , , , , , , , , , , , , , , , , , , , , , , , , , , 
5.8574423, 0.0441444, , , , , , , 5.8574423, 0.0981918, , , , , , , 5.8574423, -0.0142672, , , , , , , 5.8574423, 0.0243381, , , , , , , , , , , , , , , , , , , , , , , , , , , , 
5.8579615, 0.0491798, , , , , , , 5.8579615, 0.1132982, , , , , , , 5.8579615, -0.023331, , , , , , , 5.8579615, 0.0186313, , , , , , , , , , , , , , , , , , , , , , , , , , , , 
5.8584808, 0.0495155, , , , , , , 5.8584808, 0.1294118, , , , , , , 5.8584808, -0.033402, , , , , , , 5.8584808, 0.0119173, , , , , , , , , , , , , , , , , , , , , , , , , , , , 
5.859, 0.0481727, , , , , , , 5.859, 0.1210193, , , , , , , 5.859, -0.0454871, , , , , , , 5.859, 0.0036927, , , , , , , , , , , , , , , , , , , , , , , , , , , , 
5.8595192, 0.0441444, , , , , , , 5.8595192, 0.0864424, , , , , , , 5.8595192, -0.0548867, , , , , , , 5.8595192, -0.0041962, , , , , , , , , , , , , , , , , , , , , , , , , , , , 
5.8600385, 0.0424659, , , , , , , 5.8600385, 0.054551, , , , , , , 5.8600385, -0.0599222, , , , , , , 5.8600385, -0.0082246, , , , , , , , , , , , , , , , , , , , , , , , , , , , 
5.8605577, 0.0480049, , , , , , , 5.8605577, 0.023331, , , , , , , 5.8605577, -0.0584115, , , , , , , 5.8605577, -0.0119173, , , , , , , , , , , , , , , , , , , , , , , , , , , , 
5.8610769, 0.0575723, , , , , , , 5.8610769, -0.0209812, , , , , , , 5.8610769, -0.0508583, , , , , , , 5.8610769, -0.0176242, , , , , , , , , , , , , , , , , , , , , , , , , , , , 
5.8615962, 0.0716716, , , , , , , 5.8615962, -0.0726787, , , , , , , 5.8615962, -0.0397803, , , , , , , 5.8615962, -0.0276951, , , , , , , , , , , , , , , , , , , , , , , , , , , , 
5.8621154, 0.0897993, , , , , , , 5.8621154, -0.1022202, , , , , , , 5.8621154, -0.0330663, , , , , , , 5.8621154, -0.0414588, , , , , , , , , , , , , , , , , , , , , , , , , , , , 
5.8626346, 0.1072557, , , , , , , 5.8626346, -0.0869459, , , , , , , 5.8626346, -0.0327306, , , , , , , 5.8626346, -0.0527047, , , , , , , , , , , , , , , , , , , , , , , , , , , , 
5.8631538, 0.121355, , , , , , , 5.8631538, -0.0726787, , , , , , , 5.8631538, -0.0330663, , , , , , , 5.8631538, -0.0609293, , , , , , , , , , , , , , , , , , , , , , , , , , , , 
5.8636731, 0.1294118, , , , , , , 5.8636731, -0.0713359, , , , , , , 5.8636731, -0.0236667, , , , , , , 5.8636731, -0.0639506, , , , , , , , , , , , , , , , , , , , , , , , , , , , 
5.8641923, 0.1287404, , , , , , , 5.8641923, -0.026688, , , , , , , 5.8641923, -0.0149386, , , , , , , 5.8641923, -0.061265, , , , , , , , , , , , , , , , , , , , , , , , , , , , 
5.8647115, 0.1203479, , , , , , , 5.8647115, 0.0313878, , , , , , , 5.8647115, -0.0172885, , , , , , , 5.8647115, -0.0542153, , , , , , , , , , , , , , , , , , , , , , , , , , , , 
5.8652308, 0.1045701, , , , , , , 5.8652308, 0.0501869, , , , , , , 5.8652308, -0.026688, , , , , , , 5.8652308, -0.0451514, , , , , , , , , , , , , , , , , , , , , , , , , , , , 
5.86575, 0.0876173, , , , , , , 5.86575, 0.0560616, , , , , , , 5.86575, -0.0370947, , , , , , , 5.86575, -0.0350805, , , , , , , , , , , , , , , , , , , , , , , , , , , , 
5.8662692, 0.0703288, , , , , , , 5.8662692, 0.0817426, , , , , , , 5.8662692, -0.0491798, , , , , , , 5.8662692, -0.023331, , , , , , , , , , , , , , , , , , , , , , , , , , , , 
5.8667885, 0.0538796, , , , , , , 5.8667885, 0.1092699, , , , , , , 5.8667885, -0.0585794, , , , , , , 5.8667885, -0.0146029, , , , , , , , , , , , , , , , , , , , , , , , , , , , 
5.8673077, 0.030045, , , , , , , 5.8673077, 0.0997024, , , , , , , 5.8673077, -0.0642863, , , , , , , 5.8673077, -0.0075532, , , , , , , , , , , , , , , , , , , , , , , , , , , , 
5.8678269, 0.0045319, , , , , , , 5.8678269, 0.0587472, , , , , , , 5.8678269, -0.0696574, , , , , , , 5.8678269, 0.0025177, , , , , , , , , , , , , , , , , , , , , , , , , , , , 
5.8683462, -0.0162814, , , , , , , 5.8683462, 0.0172885, , , , , , , 5.8683462, -0.0728466, , , , , , , 5.8683462, 0.018967, , , , , , , , , , , , , , , , , , , , , , , , , , , , 
5.8688654, -0.0345769, , , , , , , 5.8688654, -0.0129244, , , , , , , 5.8688654, -0.0673075, , , , , , , 5.8688654, 0.0369268, , , , , , , , , , , , , , , , , , , , , , , , , , , , 
5.8693846, -0.0495155, , , , , , , 5.8693846, -0.0360876, , , , , , , 5.8693846, -0.0555581, , , , , , , 5.8693846, 0.0501869, , , , , , , , , , , , , , , , , , , , , , , , , , , , 
5.8699038, -0.0619364, , , , , , , 5.8699038, -0.06009, , , , , , , 5.8699038, -0.0419623, , , , , , , 5.8699038, 0.0602579, , , , , , , , , , , , , , , , , , , , , , , , , , , , 
5.8704231, -0.0773785, , , , , , , 5.8704231, -0.0985275, , , , , , , 5.8704231, -0.0287022, , , , , , , 5.8704231, 0.0733501, , , , , , , , , , , , , , , , , , , , , , , , , , , , 
5.8709423, -0.090135, , , , , , , 5.8709423, -0.1277333, , , , , , , 5.8709423, -0.0179599, , , , , , , 5.8709423, 0.0867781, , , , , , , , , , , , , , , , , , , , , , , , , , , , 
5.8714615, -0.0923171, , , , , , , 5.8714615, -0.128069, , , , , , , 5.8714615, -0.0085603, , , , , , , 5.8714615, 0.0897993, , , , , , , , , , , , , , , , , , , , , , , , , , , , 
5.8719808, -0.0847639, , , , , , , 5.8719808, -0.1106126, , , , , , , 5.8719808, 0.0005035, , , , , , , 5.8719808, 0.0830854, , , , , , , , , , , , , , , , , , , , , , , , , , , , 
5.8725, -0.0706645, , , , , , , 5.8725, -0.0621042, , , , , , , 5.8725, 0.0099031, , , , , , , 5.8725, 0.0715038, , , , , , , , , , , , , , , , , , , , , , , , , , , , 
5.8730192, -0.0538796, , , , , , , 5.8730192, -0.0142672, , , , , , , 5.8730192, 0.0162814, , , , , , , 5.8730192, 0.0595865, , , , , , , , , , , , , , , , , , , , , , , , , , , , 
5.8735385, -0.0344091, , , , , , , 5.8735385, -0.012253, , , , , , , 5.8735385, 0.0206455, , , , , , , 5.8735385, 0.0518654, , , , , , , , , , , , , , , , , , , , , , , , , , , , 
5.8740577, -0.0186313, , , , , , , 5.8740577, -0.0404517, , , , , , , 5.8740577, 0.0229953, , , , , , , 5.8740577, 0.0441444, , , , , , , , , , , , , , , , , , , , , , , , , , , , 
5.8745769, -0.0083925, , , , , , , 5.8745769, -0.0560616, , , , , , , 5.8745769, 0.0226596, , , , , , , 5.8745769, 0.0359197, , , , , , , , , , , , , , , , , , , , , , , , , , , , 
5.8750962, -0.0015106, , , , , , , 5.8750962, -0.0609293, , , , , , , 5.8750962, 0.0240024, , , , , , , 5.8750962, 0.0280308, , , , , , , , , , , , , , , , , , , , , , , , , , , , 
5.8756154, -0.0015106, , , , , , , 5.8756154, -0.0746929, , , , , , , 5.8756154, 0.0265202, , , , , , , 5.8756154, 0.0243381, , , , , , , , , , , , , , , , , , , , , , , , , , , , 
5.8761346, 0.0011749, , , , , , , 5.8761346, -0.0708324, , , , , , , 5.8761346, 0.0270237, , , , , , , 5.8761346, 0.023331, , , , , , , , , , , , , , , , , , , , , , , , , , , , 
5.8766538, 0.0092317, , , , , , , 5.8766538, -0.033402, , , , , , , 5.8766538, 0.0248417, , , , , , , 5.8766538, 0.0206455, , , , , , , , , , , , , , , , , , , , , , , , , , , , 
5.8771731, 0.0193027, , , , , , , 5.8771731, 0.0250095, , , , , , , 5.8771731, 0.0236667, , , , , , , 5.8771731, 0.0199741, , , , , , , , , , , , , , , , , , , , , , , , , , , , 
5.8776923, 0.0243381, , , , , , , 5.8776923, 0.0706645, , , , , , , 5.8776923, 0.0240024, , , , , , , 5.8776923, 0.0213169, , , , , , , , , , , , , , , , , , , , , , , , , , , , 
5.8782115, 0.024506, , , , , , , 5.8782115, 0.0688182, , , , , , , 5.8782115, 0.0226596, , , , , , , 5.8782115, 0.0219883, , , , , , , , , , , , , , , , , , , , , , , , , , , , 
5.8787308, 0.0250095, , , , , , , 5.8787308, 0.0377661, , , , , , , 5.8787308, 0.0226596, , , , , , , 5.8787308, 0.0186313, , , , , , , , , , , , , , , , , , , , , , , , , , , , 
5.87925, 0.0240024, , , , , , , 5.87925, 0.0052033, , , , , , , 5.87925, 0.0231632, , , , , , , 5.87925, 0.0120851, , , , , , , , , , , , , , , , , , , , , , , , , , , , 
5.8797692, 0.0206455, , , , , , , 5.8797692, -0.0265202, , , , , , , 5.8797692, 0.0226596, , , , , , , 5.8797692, 0.0057069, , , , , , , , , , , , , , , , , , , , , , , , , , , , 
5.8802885, 0.0193027, , , , , , , 5.8802885, -0.0565652, , , , , , , 5.8802885, 0.0216526, , , , , , , 5.8802885, 0.0011749, , , , , , , , , , , , , , , , , , , , , , , , , , , , 
5.8808077, 0.0151064, , , , , , , 5.8808077, -0.0699931, , , , , , , 5.8808077, 0.0179599, , , , , , , 5.8808077, -0.0011749, , , , , , , , , , , , , , , , , , , , , , , , , , , , 
5.8813269, 0.0179599, , , , , , , 5.8813269, -0.0605936, , , , , , , 5.8813269, 0.0137636, , , , , , , 5.8813269, -0.0058747, , , , , , , , , , , , , , , , , , , , , , , , , , , , 
5.8818462, 0.0419623, , , , , , , 5.8818462, -0.0538796, , , , , , , 5.8818462, 0.0095674, , , , , , , 5.8818462, -0.0171206, , , , , , , , , , , , , , , , , , , , , , , , , , , , 
5.8823654, 0.068986, , , , , , , 5.8823654, -0.0528725, , , , , , , 5.8823654, 0.0052033, , , , , , , 5.8823654, -0.0293736, , , , , , , , , , , , , , , , , , , , , , , , , , , , 
5.8828846, 0.0827497, , , , , , , 5.8828846, -0.0471656, , , , , , , 5.8828846, -0.0001678, , , , , , , 5.8828846, -0.0344091, , , , , , , , , , , , , , , , , , , , , , , , , , , , 
5.8834038, 0.0897993, , , , , , , 5.8834038, -0.0386053, , , , , , , 5.8834038, -0.0028534, , , , , , , 5.8834038, -0.0381018, , , , , , , , , , , , , , , , , , , , , , , , , , , , 
5.8839231, 0.0951705, , , , , , , 5.8839231, -0.0223239, , , , , , , 5.8839231, -0.0035248, , , , , , , 5.8839231, -0.0404517, , , , , , , , , , , , , , , , , , , , , , , , , , , , 
5.8844423, 0.0938277, , , , , , , 5.8844423, 0.0172885, , , , , , , 5.8844423, -0.0025177, , , , , , , 5.8844423, -0.0411231, , , , , , , , , , , , , , , , , , , , , , , , , , , , 
5.8849615, 0.0864424, , , , , , , 5.8849615, 0.0582437, , , , , , , 5.8849615, -0.0031891, , , , , , , 5.8849615, -0.0372625, , , , , , , , , , , , , , , , , , , , , , , , , , , , 
5.8854808, 0.0773785, , , , , , , 5.8854808, 0.0703288, , , , , , , 5.8854808, -0.0048676, , , , , , , 5.8854808, -0.030045, , , , , , , , , , , , , , , , , , , , , , , , , , , , 
5.886, 0.061265, , , , , , , 5.886, 0.0621042, , , , , , , 5.886, -0.0070497, , , , , , , 5.886, -0.0243381, , , , , , , , , , , , , , , , , , , , , , , , , , , , 
5.8865192, 0.040116, , , , , , , 5.8865192, 0.0552224, , , , , , , 5.8865192, -0.0099031, , , , , , , 5.8865192, -0.0193027, , , , , , , , , , , , , , , , , , , , , , , , , , , , 
5.8870385, 0.0226596, , , , , , , 5.8870385, 0.0562295, , , , , , , 5.8870385, -0.0130922, , , , , , , 5.8870385, -0.0129244, , , , , , , , , , , , , , , , , , , , , , , , , , , , 
5.8875577, 0.0092317, , , , , , , 5.8875577, 0.0569009, , , , , , , 5.8875577, -0.01561, , , , , , , 5.8875577, -0.0045319, , , , , , , , , , , , , , , , , , , , , , , , , , , , 
5.8880769, -0.0068818, , , , , , , 5.8880769, 0.04448, , , , , , , 5.8880769, -0.0142672, , , , , , , 5.8880769, 0.0052033, , , , , , , , , , , , , , , , , , , , , , , , , , , , 
5.8885962, -0.0270237, , , , , , , 5.8885962, 0.0270237, , , , , , , 5.8885962, -0.0142672, , , , , , , 5.8885962, 0.0179599, , , , , , , , , , , , , , , , , , , , , , , , , , , , 
5.8891154, -0.0433051, , , , , , , 5.8891154, 0.0112459, , , , , , , 5.8891154, -0.0146029, , , , , , , 5.8891154, 0.030045, , , , , , , , , , , , , , , , , , , , , , , , , , , , 
5.8896346, -0.0327306, , , , , , , 5.8896346, 0.0018463, , , , , , , 5.8896346, -0.0139315, , , , , , , 5.8896346, 0.0374304, , , , , , , , , , , , , , , , , , , , , , , , , , , , 
5.8901538, 0.0569009, , , , , , , 5.8901538, -0.0036927, , , , , , , 5.8901538, -0.0129244, , , , , , , 5.8901538, 0.0448157, , , , , , , , , , , , , , , , , , , , , , , , , , , , 
5.8906731, 0.1190051, , , , , , , 5.8906731, -0.0068818, , , , , , , 5.8906731, -0.0105745, , , , , , , 5.8906731, 0.0500191, , , , , , , , , , , , , , , , , , , , , , , , , , , , 
5.8911923, 0.1094377, , , , , , , 5.8911923, -0.0011749, , , , , , , 5.8911923, -0.0095674, , , , , , , 5.8911923, 0.0505226, , , , , , , , , , , , , , , , , , , , , , , , , , , , 
5.8917115, 0.0877852, , , , , , , 5.8917115, 0.0010071, , , , , , , 5.8917115, -0.0085603, , , , , , , 5.8917115, 0.0438087, , , , , , , , , , , , , , , , , , , , , , , , , , , , 
5.8922308, 0.0837568, , , , , , , 5.8922308, -0.0082246, , , , , , , 5.8922308, -0.0062104, , , , , , , 5.8922308, 0.0340734, , , , , , , , , , , , , , , , , , , , , , , , , , , , 
5.89275, 0.0783856, , , , , , , 5.89275, -0.008896, , , , , , , 5.89275, -0.0062104, , , , , , , 5.89275, 0.0285344, , , , , , , , , , , , , , , , , , , , , , , , , , , , 
5.8932692, 0.0639506, , , , , , , 5.8932692, 0.0063783, , , , , , , 5.8932692, -0.0062104, , , , , , , 5.8932692, 0.0243381, , , , , , , , , , , , , , , , , , , , , , , , , , , , 
5.8937885, 0.0498512, , , , , , , 5.8937885, 0.0231632, , , , , , , 5.8937885, -0.0038605, , , , , , , 5.8937885, 0.0179599, , , , , , , , , , , , , , , , , , , , , , , , , , , , 
5.8943077, 0.0441444, , , , , , , 5.8943077, 0.0256809, , , , , , , 5.8943077, -0.0015106, , , , , , , 5.8943077, 0.01561, , , , , , , , , , , , , , , , , , , , , , , , , , , , 
5.8948269, 0.0424659, , , , , , , 5.8948269, 0.0240024, , , , , , , 5.8948269, -0.0005035, , , , , , , 5.8948269, 0.0151064, , , , , , , , , , , , , , , , , , , , , , , , , , , , 
5.8953462, 0.0347448, , , , , , , 5.8953462, 0.0374304, , , , , , , 5.8953462, -0.0025177, , , , , , , 5.8953462, 0.0152743, , , , , , , , , , , , , , , , , , , , , , , , , , , , 
5.8958654, 0.0204776, , , , , , , 5.8958654, 0.0525368, , , , , , , 5.8958654, -0.005539, , , , , , , 5.8958654, 0.0152743, , , , , , , , , , , , , , , , , , , , , , , , , , , , 
5.8963846, 0.0139315, , , , , , , 5.8963846, 0.0481727, , , , , , , 5.8963846, -0.0070497, , , , , , , 5.8963846, 0.0119173, , , , , , , , , , , , , , , , , , , , , , , , , , , , 
5.8969038, 0.0135958, , , , , , , 5.8969038, 0.0287022, , , , , , , 5.8969038, -0.0109102, , , , , , , 5.8969038, 0.0072175, , , , , , , , , , , , , , , , , , , , , , , , , , , , 
5.8974231, 0.0132601, , , , , , , 5.8974231, 0.0085603, , , , , , , 5.8974231, -0.017792, , , , , , , 5.8974231, 0.0031891, , , , , , , , , , , , , , , , , , , , , , , , , , , , 
5.8979423, 0.0070497, , , , , , , 5.8979423, -0.0001678, , , , , , , 5.8979423, -0.0229953, , , , , , , 5.8979423, 0.0048676, , , , , , , , , , , , , , , , , , , , , , , , , , , , 
5.8984615, -0.0065461, , , , , , , 5.8984615, 0.0028534, , , , , , , 5.8984615, -0.0253452, , , , , , , 5.8984615, 0.0102388, , , , , , , , , , , , , , , , , , , , , , , , , , , , 
5.8989808, -0.0203098, , , , , , , 5.8989808, 0.008896, , , , , , , 5.8989808, -0.0263523, , , , , , , 5.8989808, 0.0129244, , , , , , , , , , , , , , , , , , , , , , , , , , , , 
5.8995, -0.0250095, , , , , , , 5.8995, 0.0166171, , , , , , , 5.8995, -0.0283665, , , , , , , 5.8995, 0.010071, , , , , , , , , , , , , , , , , , , , , , , , , , , , 
5.9000192, -0.0246738, , , , , , , 5.9000192, 0.0224918, , , , , , , 5.9000192, -0.0317235, , , , , , , 5.9000192, 0.0065461, , , , , , , , , , , , , , , , , , , , , , , , , , , , 
5.9005385, -0.0240024, , , , , , , 5.9005385, 0.0253452, , , , , , , 5.9005385, -0.0330663, , , , , , , 5.9005385, 0.0045319, , , , , , , , , , , , , , , , , , , , , , , , , , , , 
5.9010577, -0.0258488, , , , , , , 5.9010577, 0.0191348, , , , , , , 5.9010577, -0.0317235, , , , , , , 5.9010577, 0.0018463, , , , , , , , , , , , , , , , , , , , , , , , , , , , 
5.9015769, -0.0216526, , , , , , , 5.9015769, -0.0030213, , , , , , , 5.9015769, -0.0273594, , , , , , , 5.9015769, -0.0041962, , , , , , , , , , , , , , , , , , , , , , , , , , , , 
5.9020962, -0.0031891, , , , , , , 5.9020962, -0.0218204, , , , , , , 5.9020962, -0.0221561, , , , , , , 5.9020962, -0.0135958, , , , , , , , , , , , , , , , , , , , , , , , , , , , 
5.9026154, 0.0193027, , , , , , , 5.9026154, -0.0203098, , , , , , , 5.9026154, -0.0152743, , , , , , , 5.9026154, -0.0191348, , , , , , , , , , , , , , , , , , , , , , , , , , , , 
5.9031346, 0.0350805, , , , , , , 5.9031346, -0.0196384, , , , , , , 5.9031346, -0.0112459, , , , , , , 5.9031346, -0.0219883, , , , , , , , , , , , , , , , , , , , , , , , , , , , 
5.9036538, 0.0438087, , , , , , , 5.9036538, -0.0208133, , , , , , , 5.9036538, -0.0105745, , , , , , , 5.9036538, -0.0263523, , , , , , , , , , , , , , , , , , , , , , , , , , , , 
5.9041731, 0.0464942, , , , , , , 5.9041731, -0.0176242, , , , , , , 5.9041731, -0.0102388, , , , , , , 5.9041731, -0.0292058, , , , , , , , , , , , , , , , , , , , , , , , , , , , 
5.9046923, 0.0475013, , , , , , , 5.9046923, -0.0186313, , , , , , , 5.9046923, -0.0090639, , , , , , , 5.9046923, -0.0258488, , , , , , , , , , , , , , , , , , , , , , , , , , , , 
5.9052115, 0.0468299, , , , , , , 5.9052115, -0.0330663, , , , , , , 5.9052115, -0.0095674, , , , , , , 5.9052115, -0.0193027, , , , , , , , , , , , , , , , , , , , , , , , , , , , 
5.9057308, 0.0370947, , , , , , , 5.9057308, -0.0683146, , , , , , , 5.9057308, -0.0112459, , , , , , , 5.9057308, -0.0125887, , , , , , , , , , , , , , , , , , , , , , , , , , , , 
5.90625, 0.0209812, , , , , , , 5.90625, -0.111284, , , , , , , 5.90625, -0.0072175, , , , , , , 5.90625, -0.0018463, , , , , , , , , , , , , , , , , , , , , , , , , , , , 
5.9067692, 0.0048676, , , , , , , 5.9067692, -0.1210193, , , , , , , 5.9067692, 0.0072175, , , , , , , 5.9067692, 0.0182956, , , , , , , , , , , , , , , , , , , , , , , , , , , , 
5.9072885, -0.0090639, , , , , , , 5.9072885, -0.0746929, , , , , , , 5.9072885, 0.0293736, , , , , , , 5.9072885, 0.0414588, , , , , , , , , , , , , , , , , , , , , , , , , , , , 
5.9078077, -0.0313878, , , , , , , 5.9078077, -0.0364233, , , , , , , 5.9078077, 0.0515297, , , , , , , 5.9078077, 0.0609293, , , , , , , , , , , , , , , , , , , , , , , , , , , , 
5.9083269, -0.0609293, , , , , , , 5.9083269, -0.0458228, , , , , , , 5.9083269, 0.0676432, , , , , , , 5.9083269, 0.0730144, , , , , , , , , , , , , , , , , , , , , , , , , , , , 
5.9088462, -0.0894636, , , , , , , 5.9088462, -0.0663005, , , , , , , 5.9088462, 0.0710002, , , , , , , 5.9088462, 0.0777142, , , , , , , , , , , , , , , , , , , , , , , , , , , , 
5.9093654, -0.1089342, , , , , , , 5.9093654, -0.0683146, , , , , , , 5.9093654, 0.0622721, , , , , , , 5.9093654, 0.0783856, , , , , , , , , , , , , , , , , , , , , , , , , , , , 
5.9098846, -0.1203479, , , , , , , 5.9098846, -0.0555581, , , , , , , 5.9098846, 0.0426337, , , , , , , 5.9098846, 0.0777142, , , , , , , , , , , , , , , , , , , , , , , , , , , , 
5.9104038, -0.1290761, , , , , , , 5.9104038, -0.0377661, , , , , , , 5.9104038, 0.018967, , , , , , , 5.9104038, 0.0746929, , , , , , , , , , , , , , , , , , , , , , , , , , , , 
5.9109231, -0.1361257, , , , , , , 5.9109231, -0.0270237, , , , , , , 5.9109231, -0.0035248, , , , , , , 5.9109231, 0.0686503, , , , , , , , , , , , , , , , , , , , , , , , , , , , 
5.9114423, -0.1337758, , , , , , , 5.9114423, -0.0276951, , , , , , , 5.9114423, -0.0213169, , , , , , , 5.9114423, 0.0599222, , , , , , , , , , , , , , , , , , , , , , , , , , , , 
5.9119615, -0.1200122, , , , , , , 5.9119615, -0.0270237, , , , , , , 5.9119615, -0.0337377, , , , , , , 5.9119615, 0.0471656, , , , , , , , , , , , , , , , , , , , , , , , , , , , 
5.9124808, -0.0983597, , , , , , , 5.9124808, -0.0204776, , , , , , , 5.9124808, -0.0448157, , , , , , , 5.9124808, 0.0317235, , , , , , , , , , , , , , , , , , , , , , , , , , , , 
5.913, -0.0773785, , , , , , , 5.913, -0.018967, , , , , , , 5.913, -0.0575723, , , , , , , 5.913, 0.0186313, , , , , , , , , , , , , , , , , , , , , , , , , , , , 
5.9135192, -0.0592508, , , , , , , 5.9135192, -0.0216526, , , , , , , 5.9135192, -0.0686503, , , , , , , 5.9135192, 0.0078889, , , , , , , , , , , , , , , , , , , , , , , , , , , , 
5.9140385, -0.0406195, , , , , , , 5.9140385, -0.0135958, , , , , , , 5.9140385, -0.0721752, , , , , , , 5.9140385, 0.0010071, , , , , , , , , , , , , , , , , , , , , , , , , , , , 
5.9145577, -0.0263523, , , , , , , 5.9145577, 0.0216526, , , , , , , 5.9145577, -0.0726787, , , , , , , 5.9145577, -0.0028534, , , , , , , , , , , , , , , , , , , , , , , , , , , , 
5.9150769, -0.0166171, , , , , , , 5.9150769, 0.0850996, , , , , , , 5.9150769, -0.0699931, , , , , , , 5.9150769, -0.0058747, , , , , , , , , , , , , , , , , , , , , , , , , , , , 
5.9155962, -0.010071, , , , , , , 5.9155962, 0.1629816, , , , , , , 5.9155962, -0.0642863, , , , , , , 5.9155962, -0.0060426, , , , , , , , , , , , , , , , , , , , , , , , , , , , 
5.9161154, -0.0065461, , , , , , , 5.9161154, 0.2185397, , , , , , , 5.9161154, -0.0605936, , , , , , , 5.9161154, -0.0005035, , , , , , , , , , , , , , , , , , , , , , , , , , , , 
5.9166346, -0.0038605, , , , , , , 5.9166346, 0.2274357, , , , , , , 5.9166346, -0.056733, , , , , , , 5.9166346, 0.0072175, , , , , , , , , , , , , , , , , , , , , , , , , , , , 
5.9171538, 0.0011749, , , , , , , 5.9171538, 0.2020905, , , , , , , 5.9171538, -0.0480049, , , , , , , 5.9171538, 0.0146029, , , , , , , , , , , , , , , , , , , , , , , , , , , , 
5.9176731, 0.0092317, , , , , , , 5.9176731, 0.1613031, , , , , , , 5.9176731, -0.0359197, , , , , , , 5.9176731, 0.0209812, , , , , , , , , , , , , , , , , , , , , , , , , , , , 
5.9181923, 0.0186313, , , , , , , 5.9181923, 0.0862745, , , , , , , 5.9181923, -0.0199741, , , , , , , 5.9181923, 0.0240024, , , , , , , , , , , , , , , , , , , , , , , , , , , , 
5.9187115, 0.0229953, , , , , , , 5.9187115, -0.0166171, , , , , , , 5.9187115, -0.0072175, , , , , , , 5.9187115, 0.0287022, , , , , , , , , , , , , , , , , , , , , , , , , , , , 
5.9192308, 0.0240024, , , , , , , 5.9192308, -0.1064164, , , , , , , 5.9192308, -0.0008392, , , , , , , 5.9192308, 0.0372625, , , , , , , , , , , , , , , , , , , , , , , , , , , , 
5.91975, 0.0224918, , , , , , , 5.91975, -0.1720455, , , , , , , 5.91975, 0.0045319, , , , , , , 5.91975, 0.0495155, , , , , , , , , , , , , , , , , , , , , , , , , , , , 
5.9202692, 0.0199741, , , , , , , 5.9202692, -0.2156863, , , , , , , 5.9202692, 0.011078, , , , , , , 5.9202692, 0.0575723, , , , , , , , , , , , , , , , , , , , , , , , , , , , 
5.9207885, 0.021149, , , , , , , 5.9207885, -0.2418708, , , , , , , 5.9207885, 0.0182956, , , , , , , 5.9207885, 0.0572366, , , , , , , , , , , , , , , , , , , , , , , , , , , , 
5.9213077, 0.0256809, , , , , , , 5.9213077, -0.2395209, , , , , , , 5.9213077, 0.0236667, , , , , , , 5.9213077, 0.0459907, , , , , , , , , , , , , , , , , , , , , , , , , , , , 
5.9218269, 0.0438087, , , , , , , 5.9218269, -0.1817807, , , , , , , 5.9218269, 0.0253452, , , , , , , 5.9218269, 0.0219883, , , , , , , , , , , , , , , , , , , , , , , , , , , , 
5.9223462, 0.0730144, , , , , , , 5.9223462, -0.0941634, , , , , , , 5.9223462, 0.0226596, , , , , , , 5.9223462, -0.0031891, , , , , , , , , , , , , , , , , , , , , , , , , , , , 
5.9228654, 0.0918135, , , , , , , 5.9228654, -0.0320592, , , , , , , 5.9228654, 0.0182956, , , , , , , 5.9228654, -0.0179599, , , , , , , , , , , , , , , , , , , , , , , , , , , , 
5.9233846, 0.1008774, , , , , , , 5.9233846, -0.0041962, , , , , , , 5.9233846, 0.0149386, , , , , , , 5.9233846, -0.0270237, , , , , , , , , , , , , , , , , , , , , , , , , , , , 
5.9239038, 0.1070878, , , , , , , 5.9239038, 0.0112459, , , , , , , 5.9239038, 0.0137636, , , , , , , 5.9239038, -0.0317235, , , , , , , , , , , , , , , , , , , , , , , , , , , , 
5.9244231, 0.1082628, , , , , , , 5.9244231, 0.0421302, , , , , , , 5.9244231, 0.0132601, , , , , , , 5.9244231, -0.0293736, , , , , , , , , , , , , , , , , , , , , , , , , , , , 
5.9249423, 0.1012131, , , , , , , 5.9249423, 0.0928206, , , , , , , 5.9249423, 0.0142672, , , , , , , 5.9249423, -0.0209812, , , , , , , , , , , , , , , , , , , , , , , , , , , , 
5.9254615, 0.0897993, , , , , , , 5.9254615, 0.0995346, , , , , , , 5.9254615, 0.0146029, , , , , , , 5.9254615, -0.0095674, , , , , , , , , , , , , , , , , , , , , , , , , , , , 
5.9259808, 0.0703288, , , , , , , 5.9259808, 0.033402, , , , , , , 5.9259808, 0.0129244, , , , , , , 5.9259808, -0.0003357, , , , , , , , , , , , , , , , , , , , , , , , , , , , 
5.9265, 0.0473335, , , , , , , 5.9265, -0.0498512, , , , , , , 5.9265, 0.0099031, , , , , , , 5.9265, 0.0031891, , , , , , , , , , , , , , , , , , , , , , , , , , , , 
5.9270192, 0.0290379, , , , , , , 5.9270192, -0.1129625, , , , , , , 5.9270192, 0.0058747, , , , , , , 5.9270192, 0.0035248, , , , , , , , , , , , , , , , , , , , , , , , , , , , 
5.9275385, 0.0112459, , , , , , , 5.9275385, -0.1656672, , , , , , , 5.9275385, 0.0045319, , , , , , , 5.9275385, 0.0065461, , , , , , , , , , , , , , , , , , , , , , , , , , , , 
5.9280577, -0.0109102, , , , , , , 5.9280577, -0.1836271, , , , , , , 5.9280577, 0.0045319, , , , , , , 5.9280577, 0.0112459, , , , , , , , , , , , , , , , , , , , , , , , , , , , 
5.9285769, -0.030045, , , , , , , 5.9285769, -0.1431754, , , , , , , 5.9285769, 0.0065461, , , , , , , 5.9285769, 0.0172885, , , , , , , , , , , , , , , , , , , , , , , , , , , , 
5.9290962, -0.0424659, , , , , , , 5.9290962, -0.0793927, , , , , , , 5.9290962, 0.01561, , , , , , , 5.9290962, 0.0250095, , , , , , , , , , , , , , , , , , , , , , , , , , , , 
5.9296154, -0.0525368, , , , , , , 5.9296154, -0.0451514, , , , , , , 5.9296154, 0.0344091, , , , , , , 5.9296154, 0.0320592, , , , , , , , , , , , , , , , , , , , , , , , , , , , 
5.9301346, -0.064622, , , , , , , 5.9301346, -0.0599222, , , , , , , 5.9301346, 0.0548867, , , , , , , 5.9301346, 0.0387732, , , , , , , , , , , , , , , , , , , , , , , , , , , , 
5.9306538, -0.0780499, , , , , , , 5.9306538, -0.0746929, , , , , , , 5.9306538, 0.0669718, , , , , , , 5.9306538, 0.0421302, , , , , , , , , , , , , , , , , , , , , , , , , , , , 
5.9311731, -0.0881209, , , , , , , 5.9311731, -0.0515297, , , , , , , 5.9311731, 0.0627756, , , , , , , 5.9311731, 0.0404517, , , , , , , , , , , , , , , , , , , , , , , , , , , , 
5.9316923, -0.0850996, , , , , , , 5.9316923, -0.0036927, , , , , , , 5.9316923, 0.043473, , , , , , , 5.9316923, 0.0340734, , , , , , , , , , , , , , , , , , , , , , , , , , , , 
5.9322115, -0.0649577, , , , , , , 5.9322115, 0.0461585, , , , , , , 5.9322115, 0.0219883, , , , , , , 5.9322115, 0.0226596, , , , , , , , , , , , , , , , , , , , , , , , , , , , 
5.9327308, -0.0365911, , , , , , , 5.9327308, 0.0975204, , , , , , , 5.9327308, 0.0057069, , , , , , , 5.9327308, 0.0112459, , , , , , , , , , , , , , , , , , , , , , , , , , , , 
5.93325, -0.0130922, , , , , , , 5.93325, 0.1327687, , , , , , , 5.93325, 0.0001678, , , , , , , 5.93325, 0.0045319, , , , , , , , , , , , , , , , , , , , , , , , , , , , 
5.9337692, -0.002182, , , , , , , 5.9337692, 0.1218585, , , , , , , 5.9337692, 0.002182, , , , , , , 5.9337692, -0.0005035, , , , , , , , , , , , , , , , , , , , , , , , , , , , 
5.9342885, 0.0065461, , , , , , , 5.9342885, 0.0850996, , , , , , , 5.9342885, 0.0015106, , , , , , , 5.9342885, -0.0028534, , , , , , , , , , , , , , , , , , , , , , , , , , , , 
5.9348077, 0.0134279, , , , , , , 5.9348077, 0.0587472, , , , , , , 5.9348077, -0.008896, , , , , , , 5.9348077, -0.0045319, , , , , , , , , , , , , , , , , , , , , , , , , , , , 
5.9353269, 0.0196384, , , , , , , 5.9353269, 0.0535439, , , , , , , 5.9353269, -0.0263523, , , , , , , 5.9353269, -0.0052033, , , , , , , , , , , , , , , , , , , , , , , , , , , , 
5.9358462, 0.0273594, , , , , , , 5.9358462, 0.0589151, , , , , , , 5.9358462, -0.0488441, , , , , , , 5.9358462, -0.002182, , , , , , , , , , , , , , , , , , , , , , , , , , , , 
5.9363654, 0.0360876, , , , , , , 5.9363654, 0.0520333, , , , , , , 5.9363654, -0.0694896, , , , , , , 5.9363654, 0.0015106, , , , , , , , , , , , , , , , , , , , , , , , , , , , 
5.9368846, 0.0412909, , , , , , , 5.9368846, 0.0360876, , , , , , , 5.9368846, -0.0827497, , , , , , , 5.9368846, 0.0031891, , , , , , , , , , , , , , , , , , , , , , , , , , , , 
5.9374038, 0.0451514, , , , , , , 5.9374038, 0.0320592, , , , , , , 5.9374038, -0.0904707, , , , , , , 5.9374038, 0.0031891, , , , , , , , , , , , , , , , , , , , , , , , , , , , 
5.9379231, 0.0495155, , , , , , , 5.9379231, 0.0347448, , , , , , , 5.9379231, -0.0931563, , , , , , , 5.9379231, -0.0001678, , , , , , , , , , , , , , , , , , , , , , , , , , , , 
5.9384423, 0.0532082, , , , , , , 5.9384423, 0.0243381, , , , , , , 5.9384423, -0.0894636, , , , , , , 5.9384423, -0.0041962, , , , , , , , , , , , , , , , , , , , , , , , , , , , 
5.9389615, 0.0508583, , , , , , , 5.9389615, 0.0104067, , , , , , , 5.9389615, -0.0840925, , , , , , , 5.9389615, -0.0082246, , , , , , , , , , , , , , , , , , , , , , , , , , , , 
5.9394808, 0.0506905, , , , , , , 5.9394808, 0.0105745, , , , , , , 5.9394808, -0.0793927, , , , , , , 5.9394808, -0.008896, , , , , , , , , , , , , , , , , , , , , , , , , , , , 
5.94, 0.0555581, , , , , , , 5.94, 0.0213169, , , , , , , 5.94, -0.0736858, , , , , , , 5.94, -0.005539, , , , , , , , , , , , , , , , , , , , , , , , , , , , 
5.9405192, 0.0582437, , , , , , , 5.9405192, 0.0203098, , , , , , , 5.9405192, -0.0669718, , , , , , , 5.9405192, 0.0011749, , , , , , , , , , , , , , , , , , , , , , , , , , , , 
5.9410385, 0.0580758, , , , , , , 5.9410385, 0.0117494, , , , , , , 5.9410385, -0.0595865, , , , , , , 5.9410385, 0.0058747, , , , , , , , , , , , , , , , , , , , , , , , , , , , 
5.9415577, 0.0654612, , , , , , , 5.9415577, 0.0152743, , , , , , , 5.9415577, -0.051194, , , , , , , 5.9415577, 0.0018463, , , , , , , , , , , , , , , , , , , , , , , , , , , , 
5.9420769, 0.0894636, , , , , , , 5.9420769, 0.0146029, , , , , , , 5.9420769, -0.0419623, , , , , , , 5.9420769, -0.0073854, , , , , , , , , , , , , , , , , , , , , , , , , , , , 
5.9425962, 0.1099413, , , , , , , 5.9425962, 0.0052033, , , , , , , 5.9425962, -0.0340734, , , , , , , 5.9425962, -0.0142672, , , , , , , , , , , , , , , , , , , , , , , , , , , , 
5.9431154, 0.1206836, , , , , , , 5.9431154, 0.017792, , , , , , , 5.9431154, -0.0246738, , , , , , , 5.9431154, -0.0216526, , , , , , , , , , , , , , , , , , , , , , , , , , , , 
5.9436346, 0.1267262, , , , , , , 5.9436346, 0.0595865, , , , , , , 5.9436346, -0.0125887, , , , , , , 5.9436346, -0.0263523, , , , , , , , , , , , , , , , , , , , , , , , , , , , 
5.9441538, 0.1351186, , , , , , , 5.9441538, 0.0884565, , , , , , , 5.9441538, -0.0005035, , , , , , , 5.9441538, -0.0263523, , , , , , , , , , , , , , , , , , , , , , , , , , , , 
5.9446731, 0.1341115, , , , , , , 5.9446731, 0.0770428, , , , , , , 5.9446731, 0.0065461, , , , , , , 5.9446731, -0.0243381, , , , , , , , , , , , , , , , , , , , , , , , , , , , 
5.9451923, 0.1205158, , , , , , , 5.9451923, 0.0260166, , , , , , , 5.9451923, 0.0112459, , , , , , , 5.9451923, -0.0216526, , , , , , , , , , , , , , , , , , , , , , , , , , , , 
5.9457115, 0.0990311, , , , , , , 5.9457115, -0.045655, , , , , , , 5.9457115, 0.0139315, , , , , , , 5.9457115, -0.0152743, , , , , , , , , , , , , , , , , , , , , , , , , , , , 
5.9462308, 0.0720073, , , , , , , 5.9462308, -0.0817426, , , , , , , 5.9462308, 0.0159457, , , , , , , 5.9462308, -0.005539, , , , , , , , , , , , , , , , , , , , , , , , , , , , 
5.94675, 0.0471656, , , , , , , 5.94675, -0.0659648, , , , , , , 5.94675, 0.0172885, , , , , , , 5.94675, 0.0065461, , , , , , , , , , , , , , , , , , , , , , , , , , , , 
5.9472692, 0.0280308, , , , , , , 5.9472692, -0.0471656, , , , , , , 5.9472692, 0.0186313, , , , , , , 5.9472692, 0.0199741, , , , , , , , , , , , , , , , , , , , , , , , , , , , 
5.9477885, 0.0092317, , , , , , , 5.9477885, -0.0441444, , , , , , , 5.9477885, 0.0213169, , , , , , , 5.9477885, 0.0357519, , , , , , , , , , , , , , , , , , , , , , , , , , , , 
5.9483077, -0.018967, , , , , , , 5.9483077, -0.0337377, , , , , , , 5.9483077, 0.0243381, , , , , , , 5.9483077, 0.0520333, , , , , , , , , , , , , , , , , , , , , , , , , , , , 
5.9488269, -0.043473, , , , , , , 5.9488269, -0.0209812, , , , , , , 5.9488269, 0.0246738, , , , , , , 5.9488269, 0.0649577, , , , , , , , , , , , , , , , , , , , , , , , , , , , 
5.9493462, -0.0582437, , , , , , , 5.9493462, -0.0238346, , , , , , , 5.9493462, 0.026688, , , , , , , 5.9493462, 0.0733501, , , , , , , , , , , , , , , , , , , , , , , , , , , , 
5.9498654, -0.0693217, , , , , , , 5.9498654, -0.0451514, , , , , , , 5.9498654, 0.0327306, , , , , , , 5.9498654, 0.0797284, , , , , , , , , , , , , , , , , , , , , , , , , , , , 
5.9503846, -0.082414, , , , , , , 5.9503846, -0.0673075, , , , , , , 5.9503846, 0.0379339, , , , , , , 5.9503846, 0.0807355, , , , , , , , , , , , , , , , , , , , , , , , , , , , 
5.9509038, -0.093492, , , , , , , 5.9509038, -0.0767071, , , , , , , 5.9509038, 0.0394446, , , , , , , 5.9509038, 0.0777142, , , , , , , , , , , , , , , , , , , , , , , , , , , , 
5.9514231, -0.0938277, , , , , , , 5.9514231, -0.0775463, , , , , , , 5.9514231, 0.0397803, , , , , , , 5.9514231, 0.0730144, , , , , , , , , , , , , , , , , , , , , , , , , , , , 
5.9519423, -0.0802319, , , , , , , 5.9519423, -0.0632792, , , , , , , 5.9519423, 0.0381018, , , , , , , 5.9519423, 0.0599222, , , , , , , , , , , , , , , , , , , , , , , , , , , , 
5.9524615, -0.0605936, , , , , , , 5.9524615, -0.0243381, , , , , , , 5.9524615, 0.0323949, , , , , , , 5.9524615, 0.0448157, , , , , , , , , , , , , , , , , , , , , , , , , , , , 
5.9529808, -0.0433051, , , , , , , 5.9529808, 0.017792, , , , , , , 5.9529808, 0.0293736, , , , , , , 5.9529808, 0.0339055, , , , , , , , , , , , , , , , , , , , , , , , , , , , 
5.9535, -0.0288701, , , , , , , 5.9535, 0.0386053, , , , , , , 5.9535, 0.0330663, , , , , , , 5.9535, 0.0270237, , , , , , , , , , , , , , , , , , , , , , , , , , , , 
5.9540192, -0.0179599, , , , , , , 5.9540192, 0.033402, , , , , , , 5.9540192, 0.033402, , , , , , , 5.9540192, 0.0196384, , , , , , , , , , , , , , , , , , , , , , , , , , , , 
5.9545385, -0.0105745, , , , , , , 5.9545385, 0.0191348, , , , , , , 5.9545385, 0.0263523, , , , , , , 5.9545385, 0.0105745, , , , , , , , , , , , , , , , , , , , , , , , , , , , 
5.9550577, -0.0005035, , , , , , , 5.9550577, 0.0102388, , , , , , , 5.9550577, 0.017792, , , , , , , 5.9550577, 0.0031891, , , , , , , , , , , , , , , , , , , , , , , , , , , , 
5.9555769, 0.0129244, , , , , , , 5.9555769, 0.005539, , , , , , , 5.9555769, 0.0085603, , , , , , , 5.9555769, -0.0025177, , , , , , , , , , , , , , , , , , , , , , , , , , , , 
5.9560962, 0.0226596, , , , , , , 5.9560962, -0.0028534, , , , , , , 5.9560962, 0.0005035, , , , , , , 5.9560962, -0.0062104, , , , , , , , , , , , , , , , , , , , , , , , , , , , 
5.9566154, 0.0250095, , , , , , , 5.9566154, -0.0072175, , , , , , , 5.9566154, -0.0001678, , , , , , , 5.9566154, -0.008896, , , , , , , , , , , , , , , , , , , , , , , , , , , , 
5.9571346, 0.0253452, , , , , , , 5.9571346, 0.0050355, , , , , , , 5.9571346, 0.0038605, , , , , , , 5.9571346, -0.0125887, , , , , , , , , , , , , , , , , , , , , , , , , , , , 
5.9576538, 0.0229953, , , , , , , 5.9576538, 0.005539, , , , , , , 5.9576538, 0.0092317, , , , , , , 5.9576538, -0.0159457, , , , , , , , , , , , , , , , , , , , , , , , , , , , 
5.9581731, 0.0182956, , , , , , , 5.9581731, -0.018967, , , , , , , 5.9581731, 0.0078889, , , , , , , 5.9581731, -0.0186313, , , , , , , , , , , , , , , , , , , , , , , , , , , , 
5.9586923, 0.0216526, , , , , , , 5.9586923, -0.0327306, , , , , , , 5.9586923, -0.0006714, , , , , , , 5.9586923, -0.0209812, , , , , , , , , , , , , , , , , , , , , , , , , , , , 
5.9592115, 0.033402, , , , , , , 5.9592115, -0.0273594, , , , , , , 5.9592115, -0.0135958, , , , , , , 5.9592115, -0.0216526, , , , , , , , , , , , , , , , , , , , , , , , , , , , 
5.9597308, 0.0424659, , , , , , , 5.9597308, -0.0129244, , , , , , , 5.9597308, -0.0297093, , , , , , , 5.9597308, -0.0234989, , , , , , , , , , , , , , , , , , , , , , , , , , , , 
5.96025, 0.0424659, , , , , , , 5.96025, 0.0146029, , , , , , , 5.96025, -0.0439765, , , , , , , 5.96025, -0.024506, , , , , , , , , , , , , , , , , , , , , , , , , , , , 
5.9607692, 0.040116, , , , , , , 5.9607692, 0.061265, , , , , , , 5.9607692, -0.0548867, , , , , , , 5.9607692, -0.0219883, , , , , , , , , , , , , , , , , , , , , , , , , , , , 
5.9612885, 0.0486763, , , , , , , 5.9612885, 0.0918135, , , , , , , 5.9612885, -0.0595865, , , , , , , 5.9612885, -0.0231632, , , , , , , , , , , , , , , , , , , , , , , , , , , , 
5.9618077, 0.0649577, , , , , , , 5.9618077, 0.0622721, , , , , , , 5.9618077, -0.0619364, , , , , , , 5.9618077, -0.0317235, , , , , , , , , , , , , , , , , , , , , , , , , , , , 
5.9623269, 0.0830854, , , , , , , 5.9623269, -0.0035248, , , , , , , 5.9623269, -0.0632792, , , , , , , 5.9623269, -0.0407874, , , , , , , , , , , , , , , , , , , , , , , , , , , , 
5.9628462, 0.0944991, , , , , , , 5.9628462, -0.0560616, , , , , , , 5.9628462, -0.0629435, , , , , , , 5.9628462, -0.043473, , , , , , , , , , , , , , , , , , , , , , , , , , , , 
5.9633654, 0.1017166, , , , , , , 5.9633654, -0.0887922, , , , , , , 5.9633654, -0.0605936, , , , , , , 5.9633654, -0.0417945, , , , , , , , , , , , , , , , , , , , , , , , , , , , 
5.9638846, 0.1075914, , , , , , , 5.9638846, -0.0971847, , , , , , , 5.9638846, -0.0552224, , , , , , , 5.9638846, -0.0384375, , , , , , , , , , , , , , , , , , , , , , , , , , , , 
5.9644038, 0.1070878, , , , , , , 5.9644038, -0.0580758, , , , , , , 5.9644038, -0.0466621, , , , , , , 5.9644038, -0.0344091, , , , , , , , , , , , , , , , , , , , , , , , , , , , 
5.9649231, 0.0978561, , , , , , , 5.9649231, 0.024506, , , , , , , 5.9649231, -0.0364233, , , , , , , 5.9649231, -0.0263523, , , , , , , , , , , , , , , , , , , , , , , , , , , , 
5.9654423, 0.0787213, , , , , , , 5.9654423, 0.0991989, , , , , , , 5.9654423, -0.0290379, , , , , , , 5.9654423, -0.0129244, , , , , , , , , , , , , , , , , , , , , , , , , , , , 
5.9659615, 0.0558938, , , , , , , 5.9659615, 0.1159838, , , , , , , 5.9659615, -0.0263523, , , , , , , 5.9659615, 0.0011749, , , , , , , , , , , , , , , , , , , , , , , , , , , , 
5.9664808, 0.0370947, , , , , , , 5.9664808, 0.0782177, , , , , , , 5.9664808, -0.0231632, , , , , , , 5.9664808, 0.0129244, , , , , , , , , , , , , , , , , , , , , , , , , , , , 
5.967, 0.0250095, , , , , , , 5.967, 0.0250095, , , , , , , 5.967, -0.0199741, , , , , , , 5.967, 0.0223239, , , , , , , , , , , , , , , , , , , , , , , , , , , , 
5.9675192, 0.0104067, , , , , , , 5.9675192, -0.0169528, , , , , , , 5.9675192, -0.0159457, , , , , , , 5.9675192, 0.030045, , , , , , , , , , , , , , , , , , , , , , , , , , , , 
5.9680385, -0.0132601, , , , , , , 5.9680385, -0.0703288, , , , , , , 5.9680385, -0.0115816, , , , , , , 5.9680385, 0.0387732, , , , , , , , , , , , , , , , , , , , , , , , , , , , 
5.9685577, -0.0370947, , , , , , , 5.9685577, -0.149218, , , , , , , 5.9685577, -0.0062104, , , , , , , 5.9685577, 0.0542153, , , , , , , , , , , , , , , , , , , , , , , , , , , , 
5.9690769, -0.0491798, , , , , , , 5.9690769, -0.191516, , , , , , , 5.9690769, 0.0008392, , , , , , , 5.9690769, 0.0703288, , , , , , , , , , , , , , , , , , , , , , , , , , , , 
5.9695962, -0.0619364, , , , , , , 5.9695962, -0.1364614, , , , , , , 5.9695962, 0.0070497, , , , , , , 5.9695962, 0.0807355, , , , , , , , , , , , , , , , , , , , , , , , , , , , 
5.9701154, -0.0767071, , , , , , , 5.9701154, -0.0676432, , , , , , , 5.9701154, 0.0105745, , , , , , , 5.9701154, 0.0884565, , , , , , , , , , , , , , , , , , , , , , , , , , , , 
5.9706346, -0.090135, , , , , , , 5.9706346, -0.0757, , , , , , , 5.9706346, 0.0115816, , , , , , , 5.9706346, 0.0921492, , , , , , , , , , , , , , , , , , , , , , , , , , , , 
5.9711538, -0.0971847, , , , , , , 5.9711538, -0.1267262, , , , , , , 5.9711538, 0.0130922, , , , , , , 5.9711538, 0.0894636, , , , , , , , , , , , , , , , , , , , , , , , , , , , 
5.9716731, -0.0931563, , , , , , , 5.9716731, -0.1559319, , , , , , , 5.9716731, 0.01561, , , , , , , 5.9716731, 0.0763714, , , , , , , , , , , , , , , , , , , , , , , , , , , , 
5.9721923, -0.076875, , , , , , , 5.9721923, -0.1384756, , , , , , , 5.9721923, 0.0179599, , , , , , , 5.9721923, 0.0589151, , , , , , , , , , , , , , , , , , , , , , , , , , , , 
5.9727115, -0.0558938, , , , , , , 5.9727115, -0.0840925, , , , , , , 5.9727115, 0.0209812, , , , , , , 5.9727115, 0.0424659, , , , , , , , , , , , , , , , , , , , , , , , , , , , 
5.9732308, -0.0370947, , , , , , , 5.9732308, -0.0206455, , , , , , , 5.9732308, 0.0253452, , , , , , , 5.9732308, 0.0287022, , , , , , , , , , , , , , , , , , , , , , , , , , , , 
5.97375, -0.0240024, , , , , , , 5.97375, 0.0186313, , , , , , , 5.97375, 0.0268559, , , , , , , 5.97375, 0.01561, , , , , , , , , , , , , , , , , , , , , , , , , , , , 
5.9742692, -0.0112459, , , , , , , 5.9742692, 0.0119173, , , , , , , 5.9742692, 0.0226596, , , , , , , 5.9742692, 0.0082246, , , , , , , , , , , , , , , , , , , , , , , , , , , , 
5.9747885, 0.0045319, , , , , , , 5.9747885, -0.026688, , , , , , , 5.9747885, 0.0213169, , , , , , , 5.9747885, 0.0072175, , , , , , , , , , , , , , , , , , , , , , , , , , , , 
5.9753077, 0.0132601, , , , , , , 5.9753077, -0.0555581, , , , , , , 5.9753077, 0.0193027, , , , , , , 5.9753077, 0.0072175, , , , , , , , , , , , , , , , , , , , , , , , , , , , 
5.9758269, 0.0152743, , , , , , , 5.9758269, -0.0500191, , , , , , , 5.9758269, 0.0172885, , , , , , , 5.9758269, 0.0058747, , , , , , , , , , , , , , , , , , , , , , , , , , , , 
5.9763462, 0.0171206, , , , , , , 5.9763462, -0.0283665, , , , , , , 5.9763462, 0.0139315, , , , , , , 5.9763462, 0.0031891, , , , , , , , , , , , , , , , , , , , , , , , , , , , 
5.9768654, 0.0246738, , , , , , , 5.9768654, -0.0095674, , , , , , , 5.9768654, 0.0085603, , , , , , , 5.9768654, 0.0030213, , , , , , , , , , , , , , , , , , , , , , , , , , , , 
5.9773846, 0.0327306, , , , , , , 5.9773846, 0.0149386, , , , , , , 5.9773846, 0.0035248, , , , , , , 5.9773846, 0.0050355, , , , , , , , , , , , , , , , , , , , , , , , , , , , 
5.9779038, 0.0354162, , , , , , , 5.9779038, 0.0629435, , , , , , , 5.9779038, -0.0028534, , , , , , , 5.9779038, 0.0036927, , , , , , , , , , , , , , , , , , , , , , , , , , , , 
5.9784231, 0.0370947, , , , , , , 5.9784231, 0.0961776, , , , , , , 5.9784231, -0.0119173, , , , , , , 5.9784231, -0.0006714, , , , , , , , , , , , , , , , , , , , , , , , , , , , 
5.9789423, 0.0374304, , , , , , , 5.9789423, 0.0854353, , , , , , , 5.9789423, -0.0203098, , , , , , , 5.9789423, -0.0041962, , , , , , , , , , , , , , , , , , , , , , , , , , , , 
5.9794615, 0.0381018, , , , , , , 5.9794615, 0.0674754, , , , , , , 5.9794615, -0.0206455, , , , , , , 5.9794615, -0.005539, , , , , , , , , , , , , , , , , , , , , , , , , , , , 
5.9799808, 0.0391089, , , , , , , 5.9799808, 0.0652934, , , , , , , 5.9799808, -0.0203098, , , , , , , 5.9799808, -0.0057069, , , , , , , , , , , , , , , , , , , , , , , , , , , , 
5.9805, 0.0412909, , , , , , , 5.9805, 0.0681468, , , , , , , 5.9805, -0.0209812, , , , , , , 5.9805, -0.0041962, , , , , , , , , , , , , , , , , , , , , , , , , , , , 
5.9810192, 0.0451514, , , , , , , 5.9810192, 0.0656291, , , , , , , 5.9810192, -0.0209812, , , , , , , 5.9810192, -0.002182, , , , , , , , , , , , , , , , , , , , , , , , , , , , 
5.9815385, 0.0595865, , , , , , , 5.9815385, 0.0614328, , , , , , , 5.9815385, -0.0166171, , , , , , , 5.9815385, -0.005539, , , , , , , , , , , , , , , , , , , , , , , , , , , , 
5.9820577, 0.0835889, , , , , , , 5.9820577, 0.0471656, , , , , , , 5.9820577, -0.0135958, , , , , , , 5.9820577, -0.0142672, , , , , , , , , , , , , , , , , , , , , , , , , , , , 
5.9825769, 0.1017166, , , , , , , 5.9825769, 0.0186313, , , , , , , 5.9825769, -0.0142672, , , , , , , 5.9825769, -0.0166171, , , , , , , , , , , , , , , , , , , , , , , , , , , , 
5.9830962, 0.1025559, , , , , , , 5.9830962, 0.0028534, , , , , , , 5.9830962, -0.014435, , , , , , , 5.9830962, -0.0068818, , , , , , , , , , , , , , , , , , , , , , , , , , , , 
5.9836154, 0.0985275, , , , , , , 5.9836154, -0.0036927, , , , , , , 5.9836154, -0.0072175, , , , , , , 5.9836154, 0.0045319, , , , , , , , , , , , , , , , , , , , , , , , , , , , 
5.9841346, 0.0991989, , , , , , , 5.9841346, -0.0169528, , , , , , , 5.9841346, 0.0005035, , , , , , , 5.9841346, 0.0119173, , , , , , , , , , , , , , , , , , , , , , , , , , , , 
5.9846538, 0.1032273, , , , , , , 5.9846538, -0.0109102, , , , , , , 5.9846538, -0.0015106, , , , , , , 5.9846538, 0.018967, , , , , , , , , , , , , , , , , , , , , , , , , , , , 
5.9851731, 0.1012131, , , , , , , 5.9851731, 0.0035248, , , , , , , 5.9851731, -0.0129244, , , , , , , 5.9851731, 0.0218204, , , , , , , , , , , , , , , , , , , , , , , , , , , , 
5.9856923, 0.0887922, , , , , , , 5.9856923, 0.0001678, , , , , , , 5.9856923, -0.0273594, , , , , , , 5.9856923, 0.0231632, , , , , , , , , , , , , , , , , , , , , , , , , , , , 
5.9862115, 0.0679789, , , , , , , 5.9862115, 0.0186313, , , , , , , 5.9862115, -0.0364233, , , , , , , 5.9862115, 0.0283665, , , , , , , , , , , , , , , , , , , , , , , , , , , , 
5.9867308, 0.0471656, , , , , , , 5.9867308, 0.0763714, , , , , , , 5.9867308, -0.0424659, , , , , , , 5.9867308, 0.0307164, , , , , , , , , , , , , , , , , , , , , , , , , , , , 
5.98725, 0.0270237, , , , , , , 5.98725, 0.0897993, , , , , , , 5.98725, -0.0488441, , , , , , , 5.98725, 0.0263523, , , , , , , , , , , , , , , , , , , , , , , , , , , , 
5.9877692, 0.0115816, , , , , , , 5.9877692, 0.043473, , , , , , , 5.9877692, -0.0522011, , , , , , , 5.9877692, 0.0226596, , , , , , , , , , , , , , , , , , , , , , , , , , , , 
5.9882885, -0.0005035, , , , , , , 5.9882885, 0.005539, , , , , , , 5.9882885, -0.0471656, , , , , , , 5.9882885, 0.0253452, , , , , , , , , , , , , , , , , , , , , , , , , , , , 
5.9888077, -0.0224918, , , , , , , 5.9888077, 0.0005035, , , , , , , 5.9888077, -0.0381018, , , , , , , 5.9888077, 0.0323949, , , , , , , , , , , , , , , , , , , , , , , , , , , , 
5.9893269, -0.051194, , , , , , , 5.9893269, 0.0105745, , , , , , , 5.9893269, -0.033402, , , , , , , 5.9893269, 0.0374304, , , , , , , , , , , , , , , , , , , , , , , , , , , , 
5.9898462, -0.0746929, , , , , , , 5.9898462, 0.0117494, , , , , , , 5.9898462, -0.0310521, , , , , , , 5.9898462, 0.0407874, , , , , , , , , , , , , , , , , , , , , , , , , , , , 
5.9903654, -0.0861067, , , , , , , 5.9903654, 0.0028534, , , , , , , 5.9903654, -0.0246738, , , , , , , 5.9903654, 0.043473, , , , , , , , , , , , , , , , , , , , , , , , , , , , 
5.9908846, -0.0908064, , , , , , , 5.9908846, -0.0008392, , , , , , , 5.9908846, -0.0184634, , , , , , , 5.9908846, 0.0468299, , , , , , , , , , , , , , , , , , , , , , , , , , , , 
5.9914038, -0.0938277, , , , , , , 5.9914038, -0.0075532, , , , , , , 5.9914038, -0.0132601, , , , , , , 5.9914038, 0.0481727, , , , , , , , , , , , , , , , , , , , , , , , , , , , 
5.9919231, -0.0834211, , , , , , , 5.9919231, -0.0251774, , , , , , , 5.9919231, -0.0072175, , , , , , , 5.9919231, 0.0481727, , , , , , , , , , , , , , , , , , , , , , , , , , , , 
5.9924423, -0.0641184, , , , , , , 5.9924423, -0.0451514, , , , , , , 5.9924423, -0.0016785, , , , , , , 5.9924423, 0.0485084, , , , , , , , , , , , , , , , , , , , , , , , , , , , 
5.9929615, -0.0453193, , , , , , , 5.9929615, -0.03122, , , , , , , 5.9929615, 0.0038605, , , , , , , 5.9929615, 0.0528725, , , , , , , , , , , , , , , , , , , , , , , , , , , , 
5.9934808, -0.0310521, , , , , , , 5.9934808, 0.0344091, , , , , , , 5.9934808, 0.0077211, , , , , , , 5.9934808, 0.0622721, , , , , , , , , , , , , , , , , , , , , , , , , , , , 
5.994, -0.021149, , , , , , , 5.994, 0.0710002, , , , , , , 5.994, 0.0112459, , , , , , , 5.994, 0.0706645, , , , , , , , , , , , , , , , , , , , , , , , , , , , 
5.9945192, -0.0125887, , , , , , , 5.9945192, 0.0364233, , , , , , , 5.9945192, 0.01561, , , , , , , 5.9945192, 0.0656291, , , , , , , , , , , , , , , , , , , , , , , , , , , , 
5.9950385, -0.0018463, , , , , , , 5.9950385, -0.0216526, , , , , , , 5.9950385, 0.0159457, , , , , , , 5.9950385, 0.0508583, , , , , , , , , , , , , , , , , , , , , , , , , , , , 
5.9955577, 0.005539, , , , , , , 5.9955577, -0.0584115, , , , , , , 5.9955577, 0.0119173, , , , , , , 5.9955577, 0.0387732, , , , , , , , , , , , , , , , , , , , , , , , , , , , 
5.9960769, 0.0125887, , , , , , , 5.9960769, -0.0686503, , , , , , , 5.9960769, 0.008896, , , , , , , 5.9960769, 0.0307164, , , , , , , , , , , , , , , , , , , , , , , , , , , , 
5.9965962, 0.0193027, , , , , , , 5.9965962, -0.073518, , , , , , , 5.9965962, 0.0052033, , , , , , , 5.9965962, 0.0219883, , , , , , , , , , , , , , , , , , , , , , , , , , , , 
5.9971154, 0.0216526, , , , , , , 5.9971154, -0.0847639, , , , , , , 5.9971154, 0.0018463, , , , , , , 5.9971154, 0.0119173, , , , , , , , , , , , , , , , , , , , , , , , , , , , 
5.9976346, 0.0231632, , , , , , , 5.9976346, -0.096849, , , , , , , 5.9976346, 0.0020142, , , , , , , 5.9976346, 0.0031891, , , , , , , , , , , , , , , , , , , , , , , , , , , , 
5.9981538, 0.0260166, , , , , , , 5.9981538, -0.0914778, , , , , , , 5.9981538, 0.0038605, , , , , , , 5.9981538, -0.0057069, , , , , , , , , , , , , , , , , , , , , , , , , , , , 
5.9986731, 0.0283665, , , , , , , 5.9986731, -0.0629435, , , , , , , 5.9986731, 0.0038605, , , , , , , 5.9986731, -0.0142672, , , , , , , , , , , , , , , , , , , , , , , , , , , , 
5.9991923, 0.0263523, , , , , , , 5.9991923, -0.0340734, , , , , , , 5.9991923, 0.0025177, , , , , , , 5.9991923, -0.0231632, , , , , , , , , , , , , , , , , , , , , , , , , , , , 
5.9997115, 0.0223239, , , , , , , 5.9997115, -0.0159457, , , , , , , 5.9997115, 0.0028534, , , , , , , 5.9997115, -0.0290379, , , , , , , , , , , , , , , , , , , , , , , , , , , , 
6.0002308, 0.0199741, , , , , , , 6.0002308, -0.0041962, , , , , , , 6.0002308, 0.0045319, , , , , , , 6.0002308, -0.0310521, , , , , , , , , , , , , , , , , , , , , , , , , , , , 
6.00075, 0.0179599, , , , , , , 6.00075, 0.0085603, , , , , , , 6.00075, 0.0038605, , , , , , , 6.00075, -0.0325628, , , , , , , , , , , , , , , , , , , , , , , , , , , , 
6.0012692, 0.0213169, , , , , , , 6.0012692, 0.0152743, , , , , , , 6.0012692, 0.0025177, , , , , , , 6.0012692, -0.0360876, , , , , , , , , , , , , , , , , , , , , , , , , , , , 
6.0017885, 0.0414588, , , , , , , 6.0017885, 0.0025177, , , , , , , 6.0017885, 0.0038605, , , , , , , 6.0017885, -0.0454871, , , , , , , , , , , , , , , , , , , , , , , , , , , , 
6.0023077, 0.0632792, , , , , , , 6.0023077, -0.0139315, , , , , , , 6.0023077, 0.0038605, , , , , , , 6.0023077, -0.0552224, , , , , , , , , , , , , , , , , , , , , , , , , , , , 
6.0028269, 0.0740215, , , , , , , 6.0028269, -0.0196384, , , , , , , 6.0028269, 0.0003357, , , , , , , 6.0028269, -0.0592508, , , , , , , , , , , , , , , , , , , , , , , , , , , , 
6.0033462, 0.0777142, , , , , , , 6.0033462, -0.0350805, , , , , , , 6.0033462, -0.0038605, , , , , , , 6.0033462, -0.057908, , , , , , , , , , , , , , , , , , , , , , , , , , , , 
6.0038654, 0.0777142, , , , , , , 6.0038654, -0.056733, , , , , , , 6.0038654, -0.0041962, , , , , , , 6.0038654, -0.0565652, , , , , , , , , , , , , , , , , , , , , , , , , , , , 
6.0043846, 0.0770428, , , , , , , 6.0043846, -0.0475013, , , , , , , 6.0043846, -0.0058747, , , , , , , 6.0043846, -0.0569009, , , , , , , , , , , , , , , , , , , , , , , , , , , , 
6.0049038, 0.0763714, , , , , , , 6.0049038, -0.0068818, , , , , , , 6.0049038, -0.0102388, , , , , , , 6.0049038, -0.0540475, , , , , , , , , , , , , , , , , , , , , , , , , , , , 
6.0054231, 0.0663005, , , , , , , 6.0054231, 0.0323949, , , , , , , 6.0054231, -0.0132601, , , , , , , 6.0054231, -0.04448, , , , , , , , , , , , , , , , , , , , , , , , , , , , 
6.0059423, 0.0506905, , , , , , , 6.0059423, 0.0572366, , , , , , , 6.0059423, -0.012253, , , , , , , 6.0059423, -0.030045, , , , , , , , , , , , , , , , , , , , , , , , , , , , 
6.0064615, 0.0365911, , , , , , , 6.0064615, 0.0743572, , , , , , , 6.0064615, -0.0114137, , , , , , , 6.0064615, -0.0169528, , , , , , , , , , , , , , , , , , , , , , , , , , , , 
6.0069808, 0.0270237, , , , , , , 6.0069808, 0.0757, , , , , , , 6.0069808, -0.0115816, , , , , , , 6.0069808, -0.0068818, , , , , , , , , , , , , , , , , , , , , , , , , , , , 
6.0075, 0.01561, , , , , , , 6.0075, 0.0438087, , , , , , , 6.0075, -0.0092317, , , , , , , 6.0075, 0.0030213, , , , , , , , , , , , , , , , , , , , , , , , , , , , 
6.0080192, -0.0025177, , , , , , , 6.0080192, -0.0048676, , , , , , , 6.0080192, -0.0068818, , , , , , , 6.0080192, 0.0171206, , , , , , , , , , , , , , , , , , , , , , , , , , , , 
6.0085385, -0.0240024, , , , , , , 6.0085385, -0.0347448, , , , , , , 6.0085385, -0.0035248, , , , , , , 6.0085385, 0.0327306, , , , , , , , , , , , , , , , , , , , , , , , , , , , 
6.0090577, -0.0404517, , , , , , , 6.0090577, -0.0391089, , , , , , , 6.0090577, 0.0045319, , , , , , , 6.0090577, 0.0454871, , , , , , , , , , , , , , , , , , , , , , , , , , , , 
6.0095769, -0.0542153, , , , , , , 6.0095769, -0.0364233, , , , , , , 6.0095769, 0.0119173, , , , , , , 6.0095769, 0.0542153, , , , , , , , , , , , , , , , , , , , , , , , , , , , 
6.0100962, -0.0636149, , , , , , , 6.0100962, -0.0414588, , , , , , , 6.0100962, 0.0206455, , , , , , , 6.0100962, 0.0609293, , , , , , , , , , , , , , , , , , , , , , , , , , , , 
6.0106154, -0.0750286, , , , , , , 6.0106154, -0.0468299, , , , , , , 6.0106154, 0.0313878, , , , , , , 6.0106154, 0.063447, , , , , , , , , , , , , , , , , , , , , , , , , , , , 
6.0111346, -0.0881209, , , , , , , 6.0111346, -0.0265202, , , , , , , 6.0111346, 0.0320592, , , , , , , 6.0111346, 0.061265, , , , , , , , , , , , , , , , , , , , , , , , , , , , 
6.0116538, -0.0914778, , , , , , , 6.0116538, 0.0082246, , , , , , , 6.0116538, 0.0196384, , , , , , , 6.0116538, 0.0558938, , , , , , , , , , , , , , , , , , , , , , , , , , , , 
6.0121731, -0.0773785, , , , , , , 6.0121731, 0.0186313, , , , , , , 6.0121731, 0.0001678, , , , , , , 6.0121731, 0.0468299, , , , , , , , , , , , , , , , , , , , , , , , , , , , 
6.0126923, -0.057908, , , , , , , 6.0126923, 0.0078889, , , , , , , 6.0126923, -0.0176242, , , , , , , 6.0126923, 0.0374304, , , , , , , , , , , , , , , , , , , , , , , , , , , , 
6.0132115, -0.0428016, , , , , , , 6.0132115, -0.0072175, , , , , , , 6.0132115, -0.0297093, , , , , , , 6.0132115, 0.0327306, , , , , , , , , , , , , , , , , , , , , , , , , , , , 
6.0137308, -0.0330663, , , , , , , 6.0137308, -0.023331, , , , , , , 6.0137308, -0.0364233, , , , , , , 6.0137308, 0.0307164, , , , , , , , , , , , , , , , , , , , , , , , , , , , 
6.01425, -0.0243381, , , , , , , 6.01425, -0.0344091, , , , , , , 6.01425, -0.0357519, , , , , , , 6.01425, 0.0273594, , , , , , , , , , , , , , , , , , , , , , , , , , , , 
6.0147692, -0.0104067, , , , , , , 6.0147692, -0.0318914, , , , , , , 6.0147692, -0.0310521, , , , , , , 6.0147692, 0.0265202, , , , , , , , , , , , , , , , , , , , , , , , , , , , 
6.0152885, -0.002182, , , , , , , 6.0152885, -0.0193027, , , , , , , 6.0152885, -0.0253452, , , , , , , 6.0152885, 0.0246738, , , , , , , , , , , , , , , , , , , , , , , , , , , , 
6.0158077, 0.0015106, , , , , , , 6.0158077, -0.0041962, , , , , , , 6.0158077, -0.0182956, , , , , , , 6.0158077, 0.0203098, , , , , , , , , , , , , , , , , , , , , , , , , , , , 
6.0163269, 0.0137636, , , , , , , 6.0163269, 0.0260166, , , , , , , 6.0163269, -0.0135958, , , , , , , 6.0163269, 0.017792, , , , , , , , , , , , , , , , , , , , , , , , , , , , 
6.0168462, 0.021149, , , , , , , 6.0168462, 0.0522011, , , , , , , 6.0168462, -0.0102388, , , , , , , 6.0168462, 0.0164492, , , , , , , , , , , , , , , , , , , , , , , , , , , , 
6.0173654, 0.0191348, , , , , , , 6.0173654, 0.0399481, , , , , , , 6.0173654, -0.008896, , , , , , , 6.0173654, 0.0159457, , , , , , , , , , , , , , , , , , , , , , , , , , , , 
6.0178846, 0.0186313, , , , , , , 6.0178846, 0.0240024, , , , , , , 6.0178846, -0.0112459, , , , , , , 6.0178846, 0.0132601, , , , , , , , , , , , , , , , , , , , , , , , , , , , 
6.0184038, 0.0199741, , , , , , , 6.0184038, 0.0360876, , , , , , , 6.0184038, -0.0152743, , , , , , , 6.0184038, 0.0070497, , , , , , , , , , , , , , , , , , , , , , , , , , , , 
6.0189231, 0.0253452, , , , , , , 6.0189231, 0.0381018, , , , , , , 6.0189231, -0.0182956, , , , , , , 6.0189231, 0.0043641, , , , , , , , , , , , , , , , , , , , , , , , , , , , 
6.0194423, 0.0276951, , , , , , , 6.0194423, 0.0090639, , , , , , , 6.0194423, -0.0218204, , , , , , , 6.0194423, 0.0052033, , , , , , , , , , , , , , , , , , , , , , , , , , , , 
6.0199615, 0.0290379, , , , , , , 6.0199615, -0.0236667, , , , , , , 6.0199615, -0.0270237, , , , , , , 6.0199615, 0.0050355, , , , , , , , , , , , , , , , , , , , , , , , , , , , 
6.0204808, 0.0313878, , , , , , , 6.0204808, -0.0387732, , , , , , , 6.0204808, -0.0303807, , , , , , , 6.0204808, 0.002182, , , , , , , , , , , , , , , , , , , , , , , , , , , , 
6.021, 0.0347448, , , , , , , 6.021, -0.0471656, , , , , , , 6.021, -0.0283665, , , , , , , 6.021, -0.002182, , , , , , , , , , , , , , , , , , , , , , , , , , , , 
6.0215192, 0.0500191, , , , , , , 6.0215192, -0.0666361, , , , , , , 6.0215192, -0.0223239, , , , , , , 6.0215192, -0.0105745, , , , , , , , , , , , , , , , , , , , , , , , , , , , 
6.0220385, 0.0713359, , , , , , , 6.0220385, -0.0770428, , , , , , , 6.0220385, -0.0164492, , , , , , , 6.0220385, -0.0229953, , , , , , , , , , , , , , , , , , , , , , , , , , , , 
6.0225577, 0.0911421, , , , , , , 6.0225577, -0.0552224, , , , , , , 6.0225577, -0.0058747, , , , , , , 6.0225577, -0.033402, , , , , , , , , , , , , , , , , , , , , , , , , , , , 
6.0230769, 0.1042344, , , , , , , 6.0230769, -0.012253, , , , , , , 6.0230769, 0.0085603, , , , , , , 6.0230769, -0.0381018, , , , , , , , , , , , , , , , , , , , , , , , , , , , 
6.0235962, 0.1132982, , , , , , , 6.0235962, 0.0280308, , , , , , , 6.0235962, 0.0139315, , , , , , , 6.0235962, -0.0391089, , , , , , , , , , , , , , , , , , , , , , , , , , , , 
6.0241154, 0.117998, , , , , , , 6.0241154, 0.04448, , , , , , , 6.0241154, 0.0075532, , , , , , , 6.0241154, -0.0384375, , , , , , , , , , , , , , , , , , , , , , , , , , , , 
6.0246346, 0.1153124, , , , , , , 6.0246346, 0.043473, , , , , , , 6.0246346, -0.0030213, , , , , , , 6.0246346, -0.0344091, , , , , , , , , , , , , , , , , , , , , , , , , , , , 
6.0251538, 0.1065843, , , , , , , 6.0251538, 0.0397803, , , , , , , 6.0251538, -0.0142672, , , , , , , 6.0251538, -0.0243381, , , , , , , , , , , , , , , , , , , , , , , , , , , , 
6.0256731, 0.0914778, , , , , , , 6.0256731, 0.0198062, , , , , , , 6.0256731, -0.0243381, , , , , , , 6.0256731, -0.0082246, , , , , , , , , , , , , , , , , , , , , , , , , , , , 
6.0261923, 0.0730144, , , , , , , 6.0261923, -0.0287022, , , , , , , 6.0261923, -0.0285344, , , , , , , 6.0261923, 0.0052033, , , , , , , , , , , , , , , , , , , , , , , , , , , , 
6.0267115, 0.0574044, , , , , , , 6.0267115, -0.0874495, , , , , , , 6.0267115, -0.0283665, , , , , , , 6.0267115, 0.0176242, , , , , , , , , , , , , , , , , , , , , , , , , , , , 
6.0272308, 0.0404517, , , , , , , 6.0272308, -0.1237049, , , , , , , 6.0272308, -0.0256809, , , , , , , 6.0272308, 0.0276951, , , , , , , , , , , , , , , , , , , , , , , , , , , , 
6.02775, 0.0172885, , , , , , , 6.02775, -0.1290761, , , , , , , 6.02775, -0.023331, , , , , , , 6.02775, 0.0364233, , , , , , , , , , , , , , , , , , , , , , , , , , , , 
6.0282692, -0.0041962, , , , , , , 6.0282692, -0.1052415, , , , , , , 6.0282692, -0.0240024, , , , , , , 6.0282692, 0.0473335, , , , , , , , , , , , , , , , , , , , , , , , , , , , 
6.0287885, -0.0203098, , , , , , , 6.0287885, -0.0607614, , , , , , , 6.0287885, -0.023331, , , , , , , 6.0287885, 0.0570687, , , , , , , , , , , , , , , , , , , , , , , , , , , , 
6.0293077, -0.0386053, , , , , , , 6.0293077, -0.0182956, , , , , , , 6.0293077, -0.0196384, , , , , , , 6.0293077, 0.0629435, , , , , , , , , , , , , , , , , , , , , , , , , , , , 
6.0298269, -0.0558938, , , , , , , 6.0298269, 0.018967, , , , , , , 6.0298269, -0.0159457, , , , , , , 6.0298269, 0.0637827, , , , , , , , , , , , , , , , , , , , , , , , , , , , 
6.0303462, -0.0733501, , , , , , , 6.0303462, 0.063447, , , , , , , 6.0303462, -0.0125887, , , , , , , 6.0303462, 0.063447, , , , , , , , , , , , , , , , , , , , , , , , , , , , 
6.0308654, -0.0871138, , , , , , , 6.0308654, 0.0877852, , , , , , , 6.0308654, -0.0102388, , , , , , , 6.0308654, 0.0626078, , , , , , , , , , , , , , , , , , , , , , , , , , , , 
6.0313846, -0.0887922, , , , , , , 6.0313846, 0.0716716, , , , , , , 6.0313846, -0.0041962, , , , , , , 6.0313846, 0.0589151, , , , , , , , , , , , , , , , , , , , , , , , , , , , 
6.0319038, -0.0783856, , , , , , , 6.0319038, 0.0350805, , , , , , , 6.0319038, 0.0048676, , , , , , , 6.0319038, 0.0527047, , , , , , , , , , , , , , , , , , , , , , , , , , , , 
6.0324231, -0.0589151, , , , , , , 6.0324231, 0.0075532, , , , , , , 6.0324231, 0.0102388, , , , , , , 6.0324231, 0.0475013, , , , , , , , , , , , , , , , , , , , , , , , , , , , 
6.0329423, -0.0397803, , , , , , , 6.0329423, 0.0005035, , , , , , , 6.0329423, 0.0105745, , , , , , , 6.0329423, 0.0428016, , , , , , , , , , , , , , , , , , , , , , , , , , , , 
6.0334615, -0.0276951, , , , , , , 6.0334615, 0.0048676, , , , , , , 6.0334615, 0.0142672, , , , , , , 6.0334615, 0.0381018, , , , , , , , , , , , , , , , , , , , , , , , , , , , 
6.0339808, -0.0182956, , , , , , , 6.0339808, 0.0139315, , , , , , , 6.0339808, 0.023331, , , , , , , 6.0339808, 0.0360876, , , , , , , , , , , , , , , , , , , , , , , , , , , , 
6.0345, -0.0082246, , , , , , , 6.0345, 0.0105745, , , , , , , 6.0345, 0.030045, , , , , , , 6.0345, 0.033402, , , , , , , , , , , , , , , , , , , , , , , , , , , , 
6.0350192, -0.0008392, , , , , , , 6.0350192, -0.0041962, , , , , , , 6.0350192, 0.0297093, , , , , , , 6.0350192, 0.0283665, , , , , , , , , , , , , , , , , , , , , , , , , , , , 
6.0355385, 0.0060426, , , , , , , 6.0355385, 0.0112459, , , , , , , 6.0355385, 0.0273594, , , , , , , 6.0355385, 0.0246738, , , , , , , , , , , , , , , , , , , , , , , , , , , , 
6.0360577, 0.0169528, , , , , , , 6.0360577, 0.0481727, , , , , , , 6.0360577, 0.023331, , , , , , , 6.0360577, 0.0204776, , , , , , , , , , , , , , , , , , , , , , , , , , , , 
6.0365769, 0.0287022, , , , , , , 6.0365769, 0.079057, , , , , , , 6.0365769, 0.0159457, , , , , , , 6.0365769, 0.0152743, , , , , , , , , , , , , , , , , , , , , , , , , , , , 
6.0370962, 0.0354162, , , , , , , 6.0370962, 0.1238727, , , , , , , 6.0370962, 0.0078889, , , , , , , 6.0370962, 0.0130922, , , , , , , , , , , , , , , , , , , , , , , , , , , , 
6.0376154, 0.0412909, , , , , , , 6.0376154, 0.1539178, , , , , , , 6.0376154, 0.0050355, , , , , , , 6.0376154, 0.0092317, , , , , , , , , , , , , , , , , , , , , , , , , , , , 
6.0381346, 0.0468299, , , , , , , 6.0381346, 0.1248798, , , , , , , 6.0381346, 0.0052033, , , , , , , 6.0381346, 0.0025177, , , , , , , , , , , , , , , , , , , , , , , , , , , , 
6.0386538, 0.0515297, , , , , , , 6.0386538, 0.0446479, , , , , , , 6.0386538, 0.0043641, , , , , , , 6.0386538, -0.0010071, , , , , , , , , , , , , , , , , , , , , , , , , , , , 
6.0391731, 0.0505226, , , , , , , 6.0391731, -0.0594186, , , , , , , 6.0391731, -0.0015106, , , , , , , 6.0391731, -0.0036927, , , , , , , , , , , , , , , , , , , , , , , , , , , , 
6.0396923, 0.0475013, , , , , , , 6.0396923, -0.142504, , , , , , , 6.0396923, -0.0095674, , , , , , , 6.0396923, -0.0048676, , , , , , , , , , , , , , , , , , , , , , , , , , , , 
6.0402115, 0.0441444, , , , , , , 6.0402115, -0.1723812, , , , , , , 6.0402115, -0.0166171, , , , , , , 6.0402115, -0.0045319, , , , , , , , , , , , , , , , , , , , , , , , , , , , 
6.0407308, 0.0411231, , , , , , , 6.0407308, -0.1660029, , , , , , , 6.0407308, -0.0221561, , , , , , , 6.0407308, -0.0065461, , , , , , , , , , , , , , , , , , , , , , , , , , , , 
6.04125, 0.0461585, , , , , , , 6.04125, -0.165835, , , , , , , 6.04125, -0.026688, , , , , , , 6.04125, -0.0132601, , , , , , , , , , , , , , , , , , , , , , , , , , , , 
6.0417692, 0.0629435, , , , , , , 6.0417692, -0.1591211, , , , , , , 6.0417692, -0.0303807, , , , , , , 6.0417692, -0.0251774, , , , , , , , , , , , , , , , , , , , , , , , , , , , 
6.0422885, 0.0867781, , , , , , , 6.0422885, -0.1129625, , , , , , , 6.0422885, -0.0330663, , , , , , , 6.0422885, -0.036759, , , , , , , , , , , , , , , , , , , , , , , , , , , , 
6.0428077, 0.1049058, , , , , , , 6.0428077, -0.0652934, , , , , , , 6.0428077, -0.0354162, , , , , , , 6.0428077, -0.0397803, , , , , , , , , , , , , , , , , , , , , , , , , , , , 
6.0433269, 0.1132982, , , , , , , 6.0433269, -0.0552224, , , , , , , 6.0433269, -0.0391089, , , , , , , 6.0433269, -0.0377661, , , , , , , , , , , , , , , , , , , , , , , , , , , , 
6.0438462, 0.1099413, , , , , , , 6.0438462, -0.051194, , , , , , , 6.0438462, -0.0426337, , , , , , , 6.0438462, -0.0354162, , , , , , , , , , , , , , , , , , , , , , , , , , , , 
6.0443654, 0.1025559, , , , , , , 6.0443654, -0.0397803, , , , , , , 6.0443654, -0.0458228, , , , , , , 6.0443654, -0.030045, , , , , , , , , , , , , , , , , , , , , , , , , , , , 
6.0448846, 0.0931563, , , , , , , 6.0448846, -0.0622721, , , , , , , 6.0448846, -0.0480049, , , , , , , 6.0448846, -0.0209812, , , , , , , , , , , , , , , , , , , , , , , , , , , , 
6.0454038, 0.079057, , , , , , , 6.0454038, -0.0970169, , , , , , , 6.0454038, -0.0501869, , , , , , , 6.0454038, -0.0109102, , , , , , , , , , , , , , , , , , , , , , , , , , , , 
6.0459231, 0.0582437, , , , , , , 6.0459231, -0.0941634, , , , , , , 6.0459231, -0.047837, , , , , , , 6.0459231, 0.0005035, , , , , , , , , , , , , , , , , , , , , , , , , , , , 
6.0464423, 0.0381018, , , , , , , 6.0464423, -0.0558938, , , , , , , 6.0464423, -0.0438087, , , , , , , 6.0464423, 0.0146029, , , , , , , , , , , , , , , , , , , , , , , , , , , , 
6.0469615, 0.0186313, , , , , , , 6.0469615, -0.0139315, , , , , , , 6.0469615, -0.0384375, , , , , , , 6.0469615, 0.0290379, , , , , , , , , , , , , , , , , , , , , , , , , , , , 
6.0474808, -0.0030213, , , , , , , 6.0474808, 0.0159457, , , , , , , 6.0474808, -0.0313878, , , , , , , 6.0474808, 0.040116, , , , , , , , , , , , , , , , , , , , , , , , , , , , 
6.048, -0.0250095, , , , , , , 6.048, 0.0491798, , , , , , , 6.048, -0.0253452, , , , , , , 6.048, 0.0508583, , , , , , , , , , , , , , , , , , , , , , , , , , , , 
6.0485192, -0.0488441, , , , , , , 6.0485192, 0.0837568, , , , , , , 6.0485192, -0.0182956, , , , , , , 6.0485192, 0.0592508, , , , , , , , , , , , , , , , , , , , , , , , , , , , 
6.0490385, -0.0703288, , , , , , , 6.0490385, 0.0921492, , , , , , , 6.0490385, -0.008896, , , , , , , 6.0490385, 0.0666361, , , , , , , , , , , , , , , , , , , , , , , , , , , , 
6.0495577, -0.0861067, , , , , , , 6.0495577, 0.0802319, , , , , , , 6.0495577, 0.0092317, , , , , , , 6.0495577, 0.0706645, , , , , , , , , , , , , , , , , , , , , , , , , , , , 
6.0500769, -0.100206, , , , , , , 6.0500769, 0.0741894, , , , , , , 6.0500769, 0.0495155, , , , , , , 6.0500769, 0.0710002, , , , , , , , , , , , , , , , , , , , , , , , , , , , 
6.0505962, -0.1136339, , , , , , , 6.0505962, 0.0575723, , , , , , , 6.0505962, 0.0990311, , , , , , , 6.0505962, 0.0683146, , , , , , , , , , , , , , , , , , , , , , , , , , , , 
6.0511154, -0.121355, , , , , , , 6.0511154, 0.0172885, , , , , , , 6.0511154, 0.1284047, , , , , , , 6.0511154, 0.0636149, , , , , , , , , , , , , , , , , , , , , , , , , , , , 
6.0516346, -0.1185016, , , , , , , 6.0516346, -0.0125887, , , , , , , 6.0516346, 0.1210193, , , , , , , 6.0516346, 0.0527047, , , , , , , , , , , , , , , , , , , , , , , , , , , , 
6.0521538, -0.1030594, , , , , , , 6.0521538, -0.0256809, , , , , , , 6.0521538, 0.0891279, , , , , , , 6.0521538, 0.036759, , , , , , , , , , , , , , , , , , , , , , , , , , , , 
6.0526731, -0.0820783, , , , , , , 6.0526731, -0.0240024, , , , , , , 6.0526731, 0.0589151, , , , , , , 6.0526731, 0.023331, , , , , , , , , , , , , , , , , , , , , , , , , , , , 
6.0531923, -0.0632792, , , , , , , 6.0531923, -0.0062104, , , , , , , 6.0531923, 0.0397803, , , , , , , 6.0531923, 0.0132601, , , , , , , , , , , , , , , , , , , , , , , , , , , , 
6.0537115, -0.0515297, , , , , , , 6.0537115, 0.0038605, , , , , , , 6.0537115, 0.0273594, , , , , , , 6.0537115, 0.0052033, , , , , , , , , , , , , , , , , , , , , , , , , , , , 
6.0542308, -0.0417945, , , , , , , 6.0542308, -0.0092317, , , , , , , 6.0542308, 0.0186313, , , , , , , 6.0542308, -0.0015106, , , , , , , , , , , , , , , , , , , , , , , , , , , , 
6.05475, -0.0302129, , , , , , , 6.05475, -0.0287022, , , , , , , 6.05475, 0.0085603, , , , , , , 6.05475, -0.0063783, , , , , , , , , , , , , , , , , , , , , , , , , , , , 
6.0552692, -0.0166171, , , , , , , 6.0552692, -0.0273594, , , , , , , 6.0552692, -0.0058747, , , , , , , 6.0552692, -0.0095674, , , , , , , , , , , , , , , , , , , , , , , , , , , , 
6.0557885, -0.0052033, , , , , , , 6.0557885, -0.0062104, , , , , , , 6.0557885, -0.0310521, , , , , , , 6.0557885, -0.0125887, , , , , , , , , , , , , , , , , , , , , , , , , , , , 
6.0563077, 0.0008392, , , , , , , 6.0563077, 0.0151064, , , , , , , 6.0563077, -0.0626078, , , , , , , 6.0563077, -0.0149386, , , , , , , , , , , , , , , , , , , , , , , , , , , , 
6.0568269, 0.0099031, , , , , , , 6.0568269, 0.0182956, , , , , , , 6.0568269, -0.0884565, , , , , , , 6.0568269, -0.0135958, , , , , , , , , , , , , , , , , , , , , , , , , , , , 
6.0573462, 0.0216526, , , , , , , 6.0573462, 0.0065461, , , , , , , 6.0573462, -0.10692, , , , , , , 6.0573462, -0.0129244, , , , , , , , , , , , , , , , , , , , , , , , , , , , 
6.0578654, 0.03122, , , , , , , 6.0578654, -0.0050355, , , , , , , 6.0578654, -0.1196765, , , , , , , 6.0578654, -0.0129244, , , , , , , , , , , , , , , , , , , , , , , , , , , , 
6.0583846, 0.0374304, , , , , , , 6.0583846, -0.005539, , , , , , , 6.0583846, -0.1225299, , , , , , , 6.0583846, -0.0124208, , , , , , , , , , , , , , , , , , , , , , , , , , , , 
6.0589038, 0.0424659, , , , , , , 6.0589038, 0.005539, , , , , , , 6.0589038, -0.1129625, , , , , , , 6.0589038, -0.0102388, , , , , , , , , , , , , , , , , , , , , , , , , , , , 
6.0594231, 0.0454871, , , , , , , 6.0594231, 0.0159457, , , , , , , 6.0594231, -0.096849, , , , , , , 6.0594231, -0.0082246, , , , , , , , , , , , , , , , , , , , , , , , , , , , 
6.0599423, 0.0468299, , , , , , , 6.0599423, 0.0240024, , , , , , , 6.0599423, -0.0837568, , , , , , , 6.0599423, -0.0077211, , , , , , , , , , , , , , , , , , , , , , , , , , , , 
6.0604615, 0.0471656, , , , , , , 6.0604615, 0.0339055, , , , , , , 6.0604615, -0.0736858, , , , , , , 6.0604615, -0.0028534, , , , , , , , , , , , , , , , , , , , , , , , , , , , 
6.0609808, 0.0493477, , , , , , , 6.0609808, 0.0466621, , , , , , , 6.0609808, -0.0639506, , , , , , , 6.0609808, 0.0038605, , , , , , , , , , , , , , , , , , , , , , , , , , , , 
6.0615, 0.0575723, , , , , , , 6.0615, 0.0649577, , , , , , , 6.0615, -0.0535439, , , , , , , 6.0615, 0.0078889, , , , , , , , , , , , , , , , , , , , , , , , , , , , 
6.0620192, 0.0730144, , , , , , , 6.0620192, 0.090135, , , , , , , 6.0620192, -0.0424659, , , , , , , 6.0620192, 0.0075532, , , , , , , , , , , , , , , , , , , , , , , , , , , , 
6.0625385, 0.0884565, , , , , , , 6.0625385, 0.1186694, , , , , , , 6.0625385, -0.024506, , , , , , , 6.0625385, 0.0119173, , , , , , , , , , , , , , , , , , , , , , , , , , , , 
6.0630577, 0.0971847, , , , , , , 6.0630577, 0.133608, , , , , , , 6.0630577, 0.0078889, , , , , , , 6.0630577, 0.0203098, , , , , , , , , , , , , , , , , , , , , , , , , , , , 
6.0635769, 0.1025559, , , , , , , 6.0635769, 0.1230335, , , , , , , 6.0635769, 0.0471656, , , , , , , 6.0635769, 0.0250095, , , , , , , , , , , , , , , , , , , , , , , , , , , , 
6.0640962, 0.1028916, , , , , , , 6.0640962, 0.1097734, , , , , , , 6.0640962, 0.072343, , , , , , , 6.0640962, 0.0246738, , , , , , , , , , , , , , , , , , , , , , , , , , , , 
6.0646154, 0.0986954, , , , , , , 6.0646154, 0.0983597, , , , , , , 6.0646154, 0.0748608, , , , , , , 6.0646154, 0.0253452, , , , , , , , , , , , , , , , , , , , , , , , , , , , 
6.0651346, 0.0904707, , , , , , , 6.0651346, 0.0602579, , , , , , , 6.0651346, 0.0641184, , , , , , , 6.0651346, 0.0280308, , , , , , , , , , , , , , , , , , , , , , , , , , , , 
6.0656538, 0.0787213, , , , , , , 6.0656538, 0.0005035, , , , , , , 6.0656538, 0.0481727, , , , , , , 6.0656538, 0.0307164, , , , , , , , , , , , , , , , , , , , , , , , , , , , 
6.0661731, 0.0663005, , , , , , , 6.0661731, -0.0555581, , , , , , , 6.0661731, 0.0381018, , , , , , , 6.0661731, 0.0313878, , , , , , , , , , , , , , , , , , , , , , , , , , , , 
6.0666923, 0.0562295, , , , , , , 6.0666923, -0.110277, , , , , , , 6.0666923, 0.0441444, , , , , , , 6.0666923, 0.0293736, , , , , , , , , , , , , , , , , , , , , , , , , , , , 
6.0672115, 0.04448, , , , , , , 6.0672115, -0.1411612, , , , , , , 6.0672115, 0.0562295, , , , , , , 6.0672115, 0.0256809, , , , , , , , , , , , , , , , , , , , , , , , , , , , 
6.0677308, 0.0287022, , , , , , , 6.0677308, -0.1304189, , , , , , , 6.0677308, 0.0558938, , , , , , , 6.0677308, 0.0253452, , , , , , , , , , , , , , , , , , , , , , , , , , , , 
6.06825, 0.0072175, , , , , , , 6.06825, -0.1052415, , , , , , , 6.06825, 0.0354162, , , , , , , 6.06825, 0.0280308, , , , , , , , , , , , , , , , , , , , , , , , , , , , 
6.0687692, -0.0130922, , , , , , , 6.0687692, -0.0740215, , , , , , , 6.0687692, 0.0011749, , , , , , , 6.0687692, 0.0285344, , , , , , , , , , , , , , , , , , , , , , , , , , , , 
6.0692885, -0.0287022, , , , , , , 6.0692885, -0.0528725, , , , , , , 6.0692885, -0.0320592, , , , , , , 6.0692885, 0.0290379, , , , , , , , , , , , , , , , , , , , , , , , , , , , 
6.0698077, -0.0471656, , , , , , , 6.0698077, -0.0491798, , , , , , , 6.0698077, -0.0560616, , , , , , , 6.0698077, 0.0330663, , , , , , , , , , , , , , , , , , , , , , , , , , , , 
6.0703269, -0.0632792, , , , , , , 6.0703269, -0.0471656, , , , , , , 6.0703269, -0.0679789, , , , , , , 6.0703269, 0.0374304, , , , , , , , , , , , , , , , , , , , , , , , , , , , 
6.0708462, -0.0706645, , , , , , , 6.0708462, -0.043473, , , , , , , 6.0708462, -0.0649577, , , , , , , 6.0708462, 0.0372625, , , , , , , , , , , , , , , , , , , , , , , , , , , , 
6.0713654, -0.0706645, , , , , , , 6.0713654, -0.0297093, , , , , , , 6.0713654, -0.0522011, , , , , , , 6.0713654, 0.0318914, , , , , , , , , , , , , , , , , , , , , , , , , , , , 
6.0718846, -0.0619364, , , , , , , 6.0718846, -0.0028534, , , , , , , 6.0718846, -0.0297093, , , , , , , 6.0718846, 0.0226596, , , , , , , , , , , , , , , , , , , , , , , , , , , , 
6.0724038, -0.04448, , , , , , , 6.0724038, 0.0169528, , , , , , , 6.0724038, 0.0105745, , , , , , , 6.0724038, 0.0112459, , , , , , , , , , , , , , , , , , , , , , , , , , , , 
6.0729231, -0.0236667, , , , , , , 6.0729231, -0.0095674, , , , , , , 6.0729231, 0.0441444, , , , , , , 6.0729231, 0.0043641, , , , , , , , , , , , , , , , , , , , , , , , , , , , 
6.0734423, -0.008896, , , , , , , 6.0734423, -0.0814069, , , , , , , 6.0734423, 0.0475013, , , , , , , 6.0734423, 0.0018463, , , , , , , , , , , , , , , , , , , , , , , , , , , , 
6.0739615, 0.0011749, , , , , , , 6.0739615, -0.1451896, , , , , , , 6.0739615, 0.0238346, , , , , , , 6.0739615, 0.0010071, , , , , , , , , , , , , , , , , , , , , , , , , , , , 
6.0744808, 0.0146029, , , , , , , 6.0744808, -0.1639887, , , , , , , 6.0744808, -0.0038605, , , , , , , 6.0744808, 0.0011749, , , , , , , , , , , , , , , , , , , , , , , , , , , , 
6.075, 0.0219883, , , , , , , 6.075, -0.1455253, , , , , , , 6.075, -0.0229953, , , , , , , 6.075, 0.0025177, , , , , , , , , , , , , , , , , , , , , , , , , , , , 
6.0755192, 0.0240024, , , , , , , 6.0755192, -0.1055772, , , , , , , 6.0755192, -0.0384375, , , , , , , 6.0755192, 0.0038605, , , , , , , , , , , , , , , , , , , , , , , , , , , , 
6.0760385, 0.0260166, , , , , , , 6.0760385, -0.0471656, , , , , , , 6.0760385, -0.0461585, , , , , , , 6.0760385, 0.0075532, , , , , , , , , , , , , , , , , , , , , , , , , , , , 
6.0765577, 0.0280308, , , , , , , 6.0765577, 0.0196384, , , , , , , 6.0765577, -0.047837, , , , , , , 6.0765577, 0.0112459, , , , , , , , , , , , , , , , , , , , , , , , , , , , 
6.0770769, 0.0292058, , , , , , , 6.0770769, 0.0777142, , , , , , , 6.0770769, -0.0458228, , , , , , , 6.0770769, 0.0124208, , , , , , , , , , , , , , , , , , , , , , , , , , , , 
6.0775962, 0.0263523, , , , , , , 6.0775962, 0.1045701, , , , , , , 6.0775962, -0.0421302, , , , , , , 6.0775962, 0.012253, , , , , , , , , , , , , , , , , , , , , , , , , , , , 
6.0781154, 0.0186313, , , , , , , 6.0781154, 0.0887922, , , , , , , 6.0781154, -0.0310521, , , , , , , 6.0781154, 0.0117494, , , , , , , , , , , , , , , , , , , , , , , , , , , , 
6.0786346, 0.0127565, , , , , , , 6.0786346, 0.082414, , , , , , , 6.0786346, -0.005539, , , , , , , 6.0786346, 0.0119173, , , , , , , , , , , , , , , , , , , , , , , , , , , , 
6.0791538, 0.008896, , , , , , , 6.0791538, 0.1260548, , , , , , , 6.0791538, 0.0213169, , , , , , , 6.0791538, 0.0135958, , , , , , , , , , , , , , , , , , , , , , , , , , , , 
6.0796731, 0.008896, , , , , , , 6.0796731, 0.1690242, , , , , , , 6.0796731, 0.0407874, , , , , , , 6.0796731, 0.0112459, , , , , , , , , , , , , , , , , , , , , , , , , , , , 
6.0801923, 0.01561, , , , , , , 6.0801923, 0.1874876, , , , , , , 6.0801923, 0.051194, , , , , , , 6.0801923, 0.0085603, , , , , , , , , , , , , , , , , , , , , , , , , , , , 
6.0807115, 0.0251774, , , , , , , 6.0807115, 0.1555962, , , , , , , 6.0807115, 0.0520333, , , , , , , 6.0807115, 0.0052033, , , , , , , , , , , , , , , , , , , , , , , , , , , , 
6.0812308, 0.0350805, , , , , , , 6.0812308, 0.0897993, , , , , , , 6.0812308, 0.0451514, , , , , , , 6.0812308, -0.0041962, , , , , , , , , , , , , , , , , , , , , , , , , , , , 
6.08175, 0.0548867, , , , , , , 6.08175, 0.0412909, , , , , , , 6.08175, 0.0307164, , , , , , , 6.08175, -0.0182956, , , , , , , , , , , , , , , , , , , , , , , , , , , , 
6.0822692, 0.082414, , , , , , , 6.0822692, 0.01561, , , , , , , 6.0822692, 0.0105745, , , , , , , 6.0822692, -0.0285344, , , , , , , , , , , , , , , , , , , , , , , , , , , , 
6.0827885, 0.0991989, , , , , , , 6.0827885, -0.0068818, , , , , , , 6.0827885, -0.0062104, , , , , , , 6.0827885, -0.0357519, , , , , , , , , , , , , , , , , , , , , , , , , , , , 
6.0833077, 0.1005417, , , , , , , 6.0833077, -0.0330663, , , , , , , 6.0833077, -0.0082246, , , , , , , 6.0833077, -0.0394446, , , , , , , , , , , , , , , , , , , , , , , , , , , , 
6.0838269, 0.1049058, , , , , , , 6.0838269, -0.0547189, , , , , , , 6.0838269, 0.0031891, , , , , , , 6.0838269, -0.0417945, , , , , , , , , , , , , , , , , , , , , , , , , , , , 
6.0843462, 0.1132982, , , , , , , 6.0843462, -0.0715038, , , , , , , 6.0843462, 0.0159457, , , , , , , 6.0843462, -0.0404517, , , , , , , , , , , , , , , , , , , , , , , , , , , , 
6.0848654, 0.110277, , , , , , , 6.0848654, -0.056733, , , , , , , 6.0848654, 0.0243381, , , , , , , 6.0848654, -0.036759, , , , , , , , , , , , , , , , , , , , , , , , , , , , 
6.0853846, 0.096849, , , , , , , 6.0853846, -0.0176242, , , , , , , 6.0853846, 0.023331, , , , , , , 6.0853846, -0.0258488, , , , , , , , , , , , , , , , , , , , , , , , , , , , 
6.0859038, 0.0770428, , , , , , , 6.0859038, 0.0146029, , , , , , , 6.0859038, 0.0119173, , , , , , , 6.0859038, -0.0119173, , , , , , , , , , , , , , , , , , , , , , , , , , , , 
6.0864231, 0.0562295, , , , , , , 6.0864231, 0.0518654, , , , , , , 6.0864231, -0.0095674, , , , , , , 6.0864231, -0.0010071, , , , , , , , , , , , , , , , , , , , , , , , , , , , 
6.0869423, 0.0372625, , , , , , , 6.0869423, 0.0461585, , , , , , , 6.0869423, -0.0328985, , , , , , , 6.0869423, 0.0072175, , , , , , , , , , , , , , , , , , , , , , , , , , , , 
6.0874615, 0.0203098, , , , , , , 6.0874615, -0.0431373, , , , , , , 6.0874615, -0.0495155, , , , , , , 6.0874615, 0.014435, , , , , , , , , , , , , , , , , , , , , , , , , , , , 
6.0879808, 0.0031891, , , , , , , 6.0879808, -0.1431754, , , , , , , 6.0879808, -0.0609293, , , , , , , 6.0879808, 0.0218204, , , , , , , , , , , , , , , , , , , , , , , , , , , , 
6.0885, -0.012253, , , , , , , 6.0885, -0.2123293, , , , , , , 6.0885, -0.0666361, , , , , , , 6.0885, 0.0327306, , , , , , , , , , , , , , , , , , , , , , , , , , , , 
6.0890192, -0.0280308, , , , , , , 6.0890192, -0.266041, , , , , , , 6.0890192, -0.0659648, , , , , , , 6.0890192, 0.0441444, , , , , , , , , , , , , , , , , , , , , , , , , , , , 
6.0895385, -0.0424659, , , , , , , 6.0895385, -0.2401923, , , , , , , 6.0895385, -0.0619364, , , , , , , 6.0895385, 0.0553902, , , , , , , , , , , , , , , , , , , , , , , , , , , , 
6.0900577, -0.0538796, , , , , , , 6.0900577, -0.139147, , , , , , , 6.0900577, -0.0558938, , , , , , , 6.0900577, 0.0622721, , , , , , , , , , , , , , , , , , , , , , , , , , , , 
6.0905769, -0.0661326, , , , , , , 6.0905769, -0.0800641, , , , , , , 6.0905769, -0.0515297, , , , , , , 6.0905769, 0.0656291, , , , , , , , , , , , , , , , , , , , , , , , , , , , 
6.0910962, -0.0753643, , , , , , , 6.0910962, -0.0829175, , , , , , , 6.0910962, -0.0505226, , , , , , , 6.0910962, 0.0656291, , , , , , , , , , , , , , , , , , , , , , , , , , , , 
6.0916154, -0.0740215, , , , , , , 6.0916154, -0.0854353, , , , , , , 6.0916154, -0.0491798, , , , , , , 6.0916154, 0.061265, , , , , , , , , , , , , , , , , , , , , , , , , , , , 
6.0921346, -0.0605936, , , , , , , 6.0921346, -0.0713359, , , , , , , 6.0921346, -0.0384375, , , , , , , 6.0921346, 0.0501869, , , , , , , , , , , , , , , , , , , , , , , , , , , , 
6.0926538, -0.043473, , , , , , , 6.0926538, -0.0454871, , , , , , , 6.0926538, -0.014435, , , , , , , 6.0926538, 0.0428016, , , , , , , , , , , , , , , , , , , , , , , , , , , , 
6.0931731, -0.0293736, , , , , , , 6.0931731, 0.0011749, , , , , , , 6.0931731, 0.0065461, , , , , , , 6.0931731, 0.0411231, , , , , , , , , , , , , , , , , , , , , , , , , , , , 
6.0936923, -0.0191348, , , , , , , 6.0936923, 0.033402, , , , , , , 6.0936923, 0.0186313, , , , , , , 6.0936923, 0.040116, , , , , , , , , , , , , , , , , , , , , , , , , , , , 
6.0942115, -0.0115816, , , , , , , 6.0942115, 0.0542153, , , , , , , 6.0942115, 0.0258488, , , , , , , 6.0942115, 0.0374304, , , , , , , , , , , , , , , , , , , , , , , , , , , , 
6.0947308, -0.0048676, , , , , , , 6.0947308, 0.0991989, , , , , , , 6.0947308, 0.03122, , , , , , , 6.0947308, 0.0313878, , , , , , , , , , , , , , , , , , , , , , , , , , , , 
6.09525, -0.0015106, , , , , , , 6.09525, 0.1465324, , , , , , , 6.09525, 0.0357519, , , , , , , 6.09525, 0.0243381, , , , , , , , , , , , , , , , , , , , , , , , , , , , 
6.0957692, -0.0028534, , , , , , , 6.0957692, 0.1754025, , , , , , , 6.0957692, 0.0357519, , , , , , , 6.0957692, 0.0186313, , , , , , , , , , , , , , , , , , , , , , , , , , , , 
6.0962885, -0.0020142, , , , , , , 6.0962885, 0.1824521, , , , , , , 6.0962885, 0.0283665, , , , , , , 6.0962885, 0.012253, , , , , , , , , , , , , , , , , , , , , , , , , , , , 
6.0968077, -0.0052033, , , , , , , 6.0968077, 0.1507286, , , , , , , 6.0968077, 0.0186313, , , , , , , 6.0968077, 0.0052033, , , , , , , , , , , , , , , , , , , , , , , , , , , , 
6.0973269, -0.0099031, , , , , , , 6.0973269, 0.0903029, , , , , , , 6.0973269, 0.008896, , , , , , , 6.0973269, -0.0005035, , , , , , , , , , , , , , , , , , , , , , , , , , , , 
6.0978462, -0.008896, , , , , , , 6.0978462, 0.0036927, , , , , , , 6.0978462, 0.0016785, , , , , , , 6.0978462, -0.0035248, , , , , , , , , , , , , , , , , , , , , , , , , , , , 
6.0983654, -0.0038605, , , , , , , 6.0983654, -0.0844282, , , , , , , 6.0983654, -0.005539, , , , , , , 6.0983654, -0.0043641, , , , , , , , , , , , , , , , , , , , , , , , , , , , 
6.0988846, -0.0015106, , , , , , , 6.0988846, -0.1331044, , , , , , , 6.0988846, -0.0139315, , , , , , , 6.0988846, -0.0065461, , , , , , , , , , , , , , , , , , , , , , , , , , , , 
6.0994038, 0.0001678, , , , , , , 6.0994038, -0.1320974, , , , , , , 6.0994038, -0.0231632, , , , , , , 6.0994038, -0.0095674, , , , , , , , , , , , , , , , , , , , , , , , , , , , 
6.0999231, 0.0035248, , , , , , , 6.0999231, -0.1070878, , , , , , , 6.0999231, -0.0273594, , , , , , , 6.0999231, -0.0085603, , , , , , , , , , , , , , , , , , , , , , , , , , , , 
6.1004423, 0.0068818, , , , , , , 6.1004423, -0.0928206, , , , , , , 6.1004423, -0.0256809, , , , , , , 6.1004423, -0.0048676, , , , , , , , , , , , , , , , , , , , , , , , , , , , 
6.1009615, 0.0105745, , , , , , , 6.1009615, -0.1149767, , , , , , , 6.1009615, -0.0206455, , , , , , , 6.1009615, -0.0025177, , , , , , , , , , , , , , , , , , , , , , , , , , , , 
6.1014808, 0.0228275, , , , , , , 6.1014808, -0.152575, , , , , , , 6.1014808, -0.0146029, , , , , , , 6.1014808, -0.005539, , , , , , , , , , , , , , , , , , , , , , , , , , , , 
6.102, 0.0441444, , , , , , , 6.102, -0.1629816, , , , , , , 6.102, -0.0115816, , , , , , , 6.102, -0.0109102, , , , , , , , , , , , , , , , , , , , , , , , , , , , 
6.1025192, 0.0639506, , , , , , , 6.1025192, -0.142504, , , , , , , 6.1025192, -0.0105745, , , , , , , 6.1025192, -0.0152743, , , , , , , , , , , , , , , , , , , , , , , , , , , , 
6.1030385, 0.0710002, , , , , , , 6.1030385, -0.1064164, , , , , , , 6.1030385, -0.0083925, , , , , , , 6.1030385, -0.0176242, , , , , , , , , , , , , , , , , , , , , , , , , , , , 
6.1035577, 0.0746929, , , , , , , 6.1035577, -0.0715038, , , , , , , 6.1035577, -0.0068818, , , , , , , 6.1035577, -0.0184634, , , , , , , , , , , , , , , , , , , , , , , , , , , , 
6.1040769, 0.0777142, , , , , , , 6.1040769, -0.0407874, , , , , , , 6.1040769, -0.0085603, , , , , , , 6.1040769, -0.0171206, , , , , , , , , , , , , , , , , , , , , , , , , , , , 
6.1045962, 0.0800641, , , , , , , 6.1045962, 0.0015106, , , , , , , 6.1045962, -0.0105745, , , , , , , 6.1045962, -0.0129244, , , , , , , , , , , , , , , , , , , , , , , , , , , , 
6.1051154, 0.0773785, , , , , , , 6.1051154, 0.0471656, , , , , , , 6.1051154, -0.0105745, , , , , , , 6.1051154, -0.0072175, , , , , , , , , , , , , , , , , , , , , , , , , , , , 
6.1056346, 0.063447, , , , , , , 6.1056346, 0.0676432, , , , , , , 6.1056346, -0.0112459, , , , , , , 6.1056346, -0.0015106, , , , , , , , , , , , , , , , , , , , , , , , , , , , 
6.1061538, 0.0431373, , , , , , , 6.1061538, 0.0520333, , , , , , , 6.1061538, -0.0072175, , , , , , , 6.1061538, 0.0031891, , , , , , , , , , , , , , , , , , , , , , , , , , , , 
6.1066731, 0.0297093, , , , , , , 6.1066731, 0.0236667, , , , , , , 6.1066731, 0.0038605, , , , , , , 6.1066731, 0.0078889, , , , , , , , , , , , , , , , , , , , , , , , , , , , 
6.1071923, 0.0246738, , , , , , , 6.1071923, 0.0166171, , , , , , , 6.1071923, 0.0182956, , , , , , , 6.1071923, 0.0162814, , , , , , , , , , , , , , , , , , , , , , , , , , , , 
6.1077115, 0.0115816, , , , , , , 6.1077115, 0.0243381, , , , , , , 6.1077115, 0.0290379, , , , , , , 6.1077115, 0.0258488, , , , , , , , , , , , , , , , , , , , , , , , , , , , 
6.1082308, -0.0135958, , , , , , , 6.1082308, 0.0226596, , , , , , , 6.1082308, 0.0454871, , , , , , , 6.1082308, 0.0377661, , , , , , , , , , , , , , , , , , , , , , , , , , , , 
6.10875, -0.0411231, , , , , , , 6.10875, 0.0092317, , , , , , , 6.10875, 0.0673075, , , , , , , 6.10875, 0.0495155, , , , , , , , , , , , , , , , , , , , , , , , , , , , 
6.1092692, -0.0594186, , , , , , , 6.1092692, -0.0025177, , , , , , , 6.1092692, 0.0762036, , , , , , , 6.1092692, 0.0575723, , , , , , , , , , , , , , , , , , , , , , , , , , , , 
6.1097885, -0.0632792, , , , , , , 6.1097885, -0.01561, , , , , , , 6.1097885, 0.0659648, , , , , , , 6.1097885, 0.0619364, , , , , , , , , , , , , , , , , , , , , , , , , , , , 
6.1103077, -0.0693217, , , , , , , 6.1103077, -0.0298772, , , , , , , 6.1103077, 0.0481727, , , , , , , 6.1103077, 0.0632792, , , , , , , , , , , , , , , , , , , , , , , , , , , , 
6.1108269, -0.0743572, , , , , , , 6.1108269, -0.0340734, , , , , , , 6.1108269, 0.0364233, , , , , , , 6.1108269, 0.0639506, , , , , , , , , , , , , , , , , , , , , , , , , , , , 
6.1113462, -0.0720073, , , , , , , 6.1113462, -0.0330663, , , , , , , 6.1113462, 0.0360876, , , , , , , 6.1113462, 0.0616007, , , , , , , , , , , , , , , , , , , , , , , , , , , , 
6.1118654, -0.0632792, , , , , , , 6.1118654, -0.0203098, , , , , , , 6.1118654, 0.0404517, , , , , , , 6.1118654, 0.0522011, , , , , , , , , , , , , , , , , , , , , , , , , , , , 
6.1123846, -0.0532082, , , , , , , 6.1123846, 0.0394446, , , , , , , 6.1123846, 0.0424659, , , , , , , 6.1123846, 0.0411231, , , , , , , , , , , , , , , , , , , , , , , , , , , , 
6.1129038, -0.0431373, , , , , , , 6.1129038, 0.1361257, , , , , , , 6.1129038, 0.0448157, , , , , , , 6.1129038, 0.0320592, , , , , , , , , , , , , , , , , , , , , , , , , , , , 
6.1134231, -0.0297093, , , , , , , 6.1134231, 0.1978943, , , , , , , 6.1134231, 0.0639506, , , , , , , 6.1134231, 0.026688, , , , , , , , , , , , , , , , , , , , , , , , , , , , 
6.1139423, -0.0182956, , , , , , , 6.1139423, 0.2052796, , , , , , , 6.1139423, 0.0854353, , , , , , , 6.1139423, 0.0253452, , , , , , , , , , , , , , , , , , , , , , , , , , , , 
6.1144615, -0.0109102, , , , , , , 6.1144615, 0.1811093, , , , , , , 6.1144615, 0.0881209, , , , , , , 6.1144615, 0.023331, , , , , , , , , , , , , , , , , , , , , , , , , , , , 
6.1149808, -0.0031891, , , , , , , 6.1149808, 0.1319295, , , , , , , 6.1149808, 0.0616007, , , , , , , 6.1149808, 0.0182956, , , , , , , , , , , , , , , , , , , , , , , , , , , , 
6.1155, 0.0041962, , , , , , , 6.1155, 0.0656291, , , , , , , 6.1155, 0.0199741, , , , , , , 6.1155, 0.012253, , , , , , , , , , , , , , , , , , , , , , , , , , , , 
6.1160192, 0.0146029, , , , , , , 6.1160192, 0.0038605, , , , , , , 6.1160192, -0.0209812, , , , , , , 6.1160192, 0.0062104, , , , , , , , , , , , , , , , , , , , , , , , , , , , 
6.1165385, 0.0280308, , , , , , , 6.1165385, -0.0297093, , , , , , , 6.1165385, -0.0543832, , , , , , , 6.1165385, 0.0025177, , , , , , , , , , , , , , , , , , , , , , , , , , , , 
6.1170577, 0.040116, , , , , , , 6.1170577, -0.0535439, , , , , , , 6.1170577, -0.090135, , , , , , , 6.1170577, -0.002182, , , , , , , , , , , , , , , , , , , , , , , , , , , , 
6.1175769, 0.0446479, , , , , , , 6.1175769, -0.073518, , , , , , , 6.1175769, -0.1218585, , , , , , , 6.1175769, -0.0048676, , , , , , , , , , , , , , , , , , , , , , , , , , , , 
6.1180962, 0.0419623, , , , , , , 6.1180962, -0.0733501, , , , , , , 6.1180962, -0.1344472, , , , , , , 6.1180962, -0.0062104, , , , , , , , , , , , , , , , , , , , , , , , , , , , 
6.1186154, 0.0394446, , , , , , , 6.1186154, -0.0538796, , , , , , , 6.1186154, -0.1331044, , , , , , , 6.1186154, -0.0085603, , , , , , , , , , , , , , , , , , , , , , , , , , , , 
6.1191346, 0.0369268, , , , , , , 6.1191346, -0.0485084, , , , , , , 6.1191346, -0.1307546, , , , , , , 6.1191346, -0.0124208, , , , , , , , , , , , , , , , , , , , , , , , , , , , 
6.1196538, 0.0318914, , , , , , , 6.1196538, -0.0715038, , , , , , , 6.1196538, -0.1305867, , , , , , , 6.1196538, -0.0149386, , , , , , , , , , , , , , , , , , , , , , , , , , , , 
6.1201731, 0.0256809, , , , , , , 6.1201731, -0.1012131, , , , , , , 6.1201731, -0.1287404, , , , , , , 6.1201731, -0.0166171, , , , , , , , , , , , , , , , , , , , , , , , , , , , 
6.1206923, 0.0213169, , , , , , , 6.1206923, -0.1049058, , , , , , , 6.1206923, -0.1226978, , , , , , , 6.1206923, -0.017792, , , , , , , , , , , , , , , , , , , , , , , , , , , , 
6.1212115, 0.026688, , , , , , , 6.1212115, -0.0647898, , , , , , , 6.1212115, -0.1153124, , , , , , , 6.1212115, -0.017792, , , , , , , , , , , , , , , , , , , , , , , , , , , , 
6.1217308, 0.0441444, , , , , , , 6.1217308, -0.0099031, , , , , , , 6.1217308, -0.1049058, , , , , , , 6.1217308, -0.0240024, , , , , , , , , , , , , , , , , , , , , , , , , , , , 
6.12225, 0.0627756, , , , , , , 6.12225, 0.0382696, , , , , , , 6.12225, -0.0909743, , , , , , , 6.12225, -0.0323949, , , , , , , , , , , , , , , , , , , , , , , , , , , , 
6.1227692, 0.0716716, , , , , , , 6.1227692, 0.0763714, , , , , , , 6.1227692, -0.0793927, , , , , , , 6.1227692, -0.0370947, , , , , , , , , , , , , , , , , , , , , , , , , , , , 
6.1232885, 0.0760357, , , , , , , 6.1232885, 0.0871138, , , , , , , 6.1232885, -0.0753643, , , , , , , 6.1232885, -0.0424659, , , , , , , , , , , , , , , , , , , , , , , , , , , , 
6.1238077, 0.0780499, , , , , , , 6.1238077, 0.0683146, , , , , , , 6.1238077, -0.0733501, , , , , , , 6.1238077, -0.0471656, , , , , , , , , , , , , , , , , , , , , , , , , , , , 
6.1243269, 0.0849317, , , , , , , 6.1243269, 0.0459907, , , , , , , 6.1243269, -0.064622, , , , , , , 6.1243269, -0.04448, , , , , , , , , , , , , , , , , , , , , , , , , , , , 
6.1248462, 0.0911421, , , , , , , 6.1248462, 0.0253452, , , , , , , 6.1248462, -0.0505226, , , , , , , 6.1248462, -0.0352483, , , , , , , , , , , , , , , , , , , , , , , , , , , , 
6.1253654, 0.0877852, , , , , , , 6.1253654, -0.0132601, , , , , , , 6.1253654, -0.0392767, , , , , , , 6.1253654, -0.023331, , , , , , , , , , , , , , , , , , , , , , , , , , , , 
6.1258846, 0.0750286, , , , , , , 6.1258846, -0.0516976, , , , , , , 6.1258846, -0.0313878, , , , , , , 6.1258846, -0.008896, , , , , , , , , , , , , , , , , , , , , , , , , , , , 
6.1264038, 0.0626078, , , , , , , 6.1264038, -0.0515297, , , , , , , 6.1264038, -0.0236667, , , , , , , 6.1264038, 0.0052033, , , , , , , , , , , , , , , , , , , , , , , , , , , , 
6.1269231, 0.0491798, , , , , , , 6.1269231, -0.0297093, , , , , , , 6.1269231, -0.0135958, , , , , , , 6.1269231, 0.0199741, , , , , , , , , , , , , , , , , , , , , , , , , , , , 
6.1274423, 0.033402, , , , , , , 6.1274423, -0.0216526, , , , , , , 6.1274423, -0.0048676, , , , , , , 6.1274423, 0.0339055, , , , , , , , , , , , , , , , , , , , , , , , , , , , 
6.1279615, 0.0209812, , , , , , , 6.1279615, -0.0236667, , , , , , , 6.1279615, 0.0045319, , , , , , , 6.1279615, 0.0461585, , , , , , , , , , , , , , , , , , , , , , , , , , , , 
6.1284808, 0.012253, , , , , , , 6.1284808, -0.0102388, , , , , , , 6.1284808, 0.0287022, , , , , , , 6.1284808, 0.0589151, , , , , , , , , , , , , , , , , , , , , , , , , , , , 
6.129, -0.0015106, , , , , , , 6.129, 0.0149386, , , , , , , 6.129, 0.0569009, , , , , , , 6.129, 0.0733501, , , , , , , , , , , , , , , , , , , , , , , , , , , , 
6.1295192, -0.0209812, , , , , , , 6.1295192, 0.0297093, , , , , , , 6.1295192, 0.0669718, , , , , , , 6.1295192, 0.0874495, , , , , , , , , , , , , , , , , , , , , , , , , , , , 
6.1300385, -0.0417945, , , , , , , 6.1300385, 0.0276951, , , , , , , 6.1300385, 0.0609293, , , , , , , 6.1300385, 0.0988632, , , , , , , , , , , , , , , , , , , , , , , , , , , , 
6.1305577, -0.0595865, , , , , , , 6.1305577, 0.0115816, , , , , , , 6.1305577, 0.0500191, , , , , , , 6.1305577, 0.1017166, , , , , , , , , , , , , , , , , , , , , , , , , , , , 
6.1310769, -0.0699931, , , , , , , 6.1310769, -0.0077211, , , , , , , 6.1310769, 0.0384375, , , , , , , 6.1310769, 0.0986954, , , , , , , , , , , , , , , , , , , , , , , , , , , , 
6.1315962, -0.0693217, , , , , , , 6.1315962, -0.0216526, , , , , , , 6.1315962, 0.027863, , , , , , , 6.1315962, 0.0896315, , , , , , , , , , , , , , , , , , , , , , , , , , , , 
6.1321154, -0.0605936, , , , , , , 6.1321154, -0.0431373, , , , , , , 6.1321154, 0.0240024, , , , , , , 6.1321154, 0.073518, , , , , , , , , , , , , , , , , , , , , , , , , , , , 
6.1326346, -0.0491798, , , , , , , 6.1326346, -0.0782177, , , , , , , 6.1326346, 0.03122, , , , , , , 6.1326346, 0.054551, , , , , , , , , , , , , , , , , , , , , , , , , , , , 
6.1331538, -0.0386053, , , , , , , 6.1331538, -0.100206, , , , , , , 6.1331538, 0.0453193, , , , , , , 6.1331538, 0.0411231, , , , , , , , , , , , , , , , , , , , , , , , , , , , 
6.1336731, -0.0317235, , , , , , , 6.1336731, -0.0891279, , , , , , , 6.1336731, 0.063447, , , , , , , 6.1336731, 0.0313878, , , , , , , , , , , , , , , , , , , , , , , , , , , , 
6.1341923, -0.0260166, , , , , , , 6.1341923, -0.0485084, , , , , , , 6.1341923, 0.0760357, , , , , , , 6.1341923, 0.0213169, , , , , , , , , , , , , , , , , , , , , , , , , , , , 
6.1347115, -0.0186313, , , , , , , 6.1347115, 0.0065461, , , , , , , 6.1347115, 0.0720073, , , , , , , 6.1347115, 0.012253, , , , , , , , , , , , , , , , , , , , , , , , , , , , 
6.1352308, -0.012253, , , , , , , 6.1352308, 0.073518, , , , , , , 6.1352308, 0.0565652, , , , , , , 6.1352308, 0.0050355, , , , , , , , , , , , , , , , , , , , , , , , , , , , 
6.13575, -0.0102388, , , , , , , 6.13575, 0.1408255, , , , , , , 6.13575, 0.0387732, , , , , , , 6.13575, 0.0010071, , , , , , , , , , , , , , , , , , , , , , , , , , , , 
6.1362692, -0.0109102, , , , , , , 6.1362692, 0.1628138, , , , , , , 6.1362692, 0.0206455, , , , , , , 6.1362692, -0.0008392, , , , , , , , , , , , , , , , , , , , , , , , , , , , 
6.1367885, -0.0075532, , , , , , , 6.1367885, 0.1215229, , , , , , , 6.1367885, 0.0052033, , , , , , , 6.1367885, -0.0058747, , , , , , , , , , , , , , , , , , , , , , , , , , , , 
6.1373077, -0.002182, , , , , , , 6.1373077, 0.0726787, , , , , , , 6.1373077, -0.0057069, , , , , , , 6.1373077, -0.0135958, , , , , , , , , , , , , , , , , , , , , , , , , , , , 
6.1378269, 0.0072175, , , , , , , 6.1378269, 0.0394446, , , , , , , 6.1378269, -0.0142672, , , , , , , 6.1378269, -0.0184634, , , , , , , , , , , , , , , , , , , , , , , , , , , , 
6.1383462, 0.0149386, , , , , , , 6.1383462, -0.0068818, , , , , , , 6.1383462, -0.0218204, , , , , , , 6.1383462, -0.0182956, , , , , , , , , , , , , , , , , , , , , , , , , , , , 
6.1388654, 0.0236667, , , , , , , 6.1388654, -0.061265, , , , , , , 6.1388654, -0.0313878, , , , , , , 6.1388654, -0.0179599, , , , , , , , , , , , , , , , , , , , , , , , , , , , 
6.1393846, 0.0344091, , , , , , , 6.1393846, -0.1132982, , , , , , , 6.1393846, -0.0406195, , , , , , , 6.1393846, -0.0203098, , , , , , , , , , , , , , , , , , , , , , , , , , , , 
6.1399038, 0.0391089, , , , , , , 6.1399038, -0.1532464, , , , , , , 6.1399038, -0.0431373, , , , , , , 6.1399038, -0.0229953, , , , , , , , , , , , , , , , , , , , , , , , , , , , 
6.1404231, 0.0340734, , , , , , , 6.1404231, -0.156939, , , , , , , 6.1404231, -0.0377661, , , , , , , 6.1404231, -0.0213169, , , , , , , , , , , , , , , , , , , , , , , , , , , , 
6.1409423, 0.0287022, , , , , , , 6.1409423, -0.1267262, , , , , , , 6.1409423, -0.0318914, , , , , , , 6.1409423, -0.0203098, , , , , , , , , , , , , , , , , , , , , , , , , , , , 
6.1414615, 0.0391089, , , , , , , 6.1414615, -0.102388, , , , , , , 6.1414615, -0.0273594, , , , , , , 6.1414615, -0.0243381, , , , , , , , , , , , , , , , , , , , , , , , , , , , 
6.1419808, 0.0656291, , , , , , , 6.1419808, -0.0921492, , , , , , , 6.1419808, -0.0236667, , , , , , , 6.1419808, -0.0330663, , , , , , , , , , , , , , , , , , , , , , , , , , , , 
6.1425, 0.0944991, , , , , , , 6.1425, -0.0582437, , , , , , , 6.1425, -0.0193027, , , , , , , 6.1425, -0.0344091, , , , , , , , , , , , , , , , , , , , , , , , , , , , 
6.1430192, 0.1072557, , , , , , , 6.1430192, 0.0072175, , , , , , , 6.1430192, -0.0162814, , , , , , , 6.1430192, -0.0293736, , , , , , , , , , , , , , , , , , , , , , , , , , , , 
6.1435385, 0.1067521, , , , , , , 6.1435385, 0.0441444, , , , , , , 6.1435385, -0.01561, , , , , , , 6.1435385, -0.026688, , , , , , , , , , , , , , , , , , , , , , , , , , , , 
6.1440577, 0.1042344, , , , , , , 6.1440577, 0.026688, , , , , , , 6.1440577, -0.0142672, , , , , , , 6.1440577, -0.0273594, , , , , , , , , , , , , , , , , , , , , , , , , , , , 
6.1445769, 0.0971847, , , , , , , 6.1445769, -0.0025177, , , , , , , 6.1445769, -0.0125887, , , , , , , 6.1445769, -0.0253452, , , , , , , , , , , , , , , , , , , , , , , , , , , , 
6.1450962, 0.0803998, , , , , , , 6.1450962, -0.008896, , , , , , , 6.1450962, -0.0135958, , , , , , , 6.1450962, -0.0132601, , , , , , , , , , , , , , , , , , , , , , , , , , , , 
6.1456154, 0.0585794, , , , , , , 6.1456154, -0.0068818, , , , , , , 6.1456154, -0.0182956, , , , , , , 6.1456154, 0.0025177, , , , , , , , , , , , , , , , , , , , , , , , , , , , 
6.1461346, 0.040116, , , , , , , 6.1461346, -0.0109102, , , , , , , 6.1461346, -0.0182956, , , , , , , 6.1461346, 0.0179599, , , , , , , , , , , , , , , , , , , , , , , , , , , , 
6.1466538, 0.0261845, , , , , , , 6.1466538, -0.0159457, , , , , , , 6.1466538, -0.0099031, , , , , , , 6.1466538, 0.0313878, , , , , , , , , , , , , , , , , , , , , , , , , , , , 
6.1471731, 0.0129244, , , , , , , 6.1471731, -0.0142672, , , , , , , 6.1471731, 0.0005035, , , , , , , 6.1471731, 0.0407874, , , , , , , , , , , , , , , , , , , , , , , , , , , , 
6.1476923, -0.0073854, , , , , , , 6.1476923, -0.0095674, , , , , , , 6.1476923, 0.0092317, , , , , , , 6.1476923, 0.0528725, , , , , , , , , , , , , , , , , , , , , , , , , , , , 
6.1482115, -0.0293736, , , , , , , 6.1482115, -0.0112459, , , , , , , 6.1482115, 0.0127565, , , , , , , 6.1482115, 0.0673075, , , , , , , , , , , , , , , , , , , , , , , , , , , , 
6.1487308, -0.0451514, , , , , , , 6.1487308, -0.018967, , , , , , , 6.1487308, 0.01561, , , , , , , 6.1487308, 0.0757, , , , , , , , , , , , , , , , , , , , , , , , , , , , 
6.14925, -0.0599222, , , , , , , 6.14925, -0.0323949, , , , , , , 6.14925, 0.0169528, , , , , , , 6.14925, 0.0783856, , , , , , , , , , , , , , , , , , , , , , , , , , , , 
6.1497692, -0.0713359, , , , , , , 6.1497692, -0.0364233, , , , , , , 6.1497692, 0.0182956, , , , , , , 6.1497692, 0.0797284, , , , , , , , , , , , , , , , , , , , , , , , , , , , 
6.1502885, -0.0780499, , , , , , , 6.1502885, -0.0263523, , , , , , , 6.1502885, 0.0293736, , , , , , , 6.1502885, 0.0803998, , , , , , , , , , , , , , , , , , , , , , , , , , , , 
6.1508077, -0.0874495, , , , , , , 6.1508077, -0.0209812, , , , , , , 6.1508077, 0.0424659, , , , , , , 6.1508077, 0.0817426, , , , , , , , , , , , , , , , , , , , , , , , , , , , 
6.1513269, -0.0894636, , , , , , , 6.1513269, -0.024506, , , , , , , 6.1513269, 0.0441444, , , , , , , 6.1513269, 0.0783856, , , , , , , , , , , , , , , , , , , , , , , , , , , , 
6.1518462, -0.0757, , , , , , , 6.1518462, -0.0273594, , , , , , , 6.1518462, 0.0354162, , , , , , , 6.1518462, 0.0683146, , , , , , , , , , , , , , , , , , , , , , , , , , , , 
6.1523654, -0.0518654, , , , , , , 6.1523654, -0.0213169, , , , , , , 6.1523654, 0.0226596, , , , , , , 6.1523654, 0.0548867, , , , , , , , , , , , , , , , , , , , , , , , , , , , 
6.1528846, -0.0238346, , , , , , , 6.1528846, -0.005539, , , , , , , 6.1528846, 0.0129244, , , , , , , 6.1528846, 0.0436408, , , , , , , , , , , , , , , , , , , , , , , , , , , , 
6.1534038, 0.002182, , , , , , , 6.1534038, 0.0193027, , , , , , , 6.1534038, 0.0078889, , , , , , , 6.1534038, 0.0327306, , , , , , , , , , , , , , , , , , , , , , , , , , , , 
6.1539231, 0.0092317, , , , , , , 6.1539231, 0.056733, , , , , , , 6.1539231, 0.0058747, , , , , , , 6.1539231, 0.023331, , , , , , , , , , , , , , , , , , , , , , , , , , , , 
6.1544423, 0.0048676, , , , , , , 6.1544423, 0.1116197, , , , , , , 6.1544423, 0.0011749, , , , , , , 6.1544423, 0.0159457, , , , , , , , , , , , , , , , , , , , , , , , , , , , 
6.1549615, 0.0041962, , , , , , , 6.1549615, 0.1545892, , , , , , , 6.1549615, -0.0065461, , , , , , , 6.1549615, 0.0082246, , , , , , , , , , , , , , , , , , , , , , , , , , , , 
6.1554808, 0.0045319, , , , , , , 6.1554808, 0.1515679, , , , , , , 6.1554808, -0.0142672, , , , , , , 6.1554808, 0.0018463, , , , , , , , , , , , , , , , , , , , , , , , , , , , 
6.156, 0.0078889, , , , , , , 6.156, 0.1290761, , , , , , , 6.156, -0.0224918, , , , , , , 6.156, -0.0028534, , , , , , , , , , , , , , , , , , , , , , , , , , , , 
6.1565192, 0.0186313, , , , , , , 6.1565192, 0.110277, , , , , , , 6.1565192, -0.0283665, , , , , , , 6.1565192, -0.0078889, , , , , , , , , , , , , , , , , , , , , , , , , , , , 
6.1570385, 0.0298772, , , , , , , 6.1570385, 0.0891279, , , , , , , 6.1570385, -0.0293736, , , , , , , 6.1570385, -0.0124208, , , , , , , , , , , , , , , , , , , , , , , , , , , , 
6.1575577, 0.0399481, , , , , , , 6.1575577, 0.0636149, , , , , , , 6.1575577, -0.0236667, , , , , , , 6.1575577, -0.0159457, , , , , , , , , , , , , , , , , , , , , , , , , , , , 
6.1580769, 0.0501869, , , , , , , 6.1580769, 0.0347448, , , , , , , 6.1580769, -0.0129244, , , , , , , 6.1580769, -0.0176242, , , , , , , , , , , , , , , , , , , , , , , , , , , , 
6.1585962, 0.0542153, , , , , , , 6.1585962, -0.0102388, , , , , , , 6.1585962, -0.0058747, , , , , , , 6.1585962, -0.0176242, , , , , , , , , , , , , , , , , , , , , , , , , , , , 
6.1591154, 0.0555581, , , , , , , 6.1591154, -0.0787213, , , , , , , 6.1591154, -0.0038605, , , , , , , 6.1591154, -0.01561, , , , , , , , , , , , , , , , , , , , , , , , , , , , 
6.1596346, 0.0575723, , , , , , , 6.1596346, -0.1347829, , , , , , , 6.1596346, -0.005539, , , , , , , 6.1596346, -0.0146029, , , , , , , , , , , , , , , , , , , , , , , , , , , , 
6.1601538, 0.0560616, , , , , , , 6.1601538, -0.1401541, , , , , , , 6.1601538, -0.0146029, , , , , , , 6.1601538, -0.0142672, , , , , , , , , , , , , , , , , , , , , , , , , , , , 
6.1606731, 0.0522011, , , , , , , 6.1606731, -0.1116197, , , , , , , 6.1606731, -0.0290379, , , , , , , 6.1606731, -0.0129244, , , , , , , , , , , , , , , , , , , , , , , , , , , , 
6.1611923, 0.0525368, , , , , , , 6.1611923, -0.0669718, , , , , , , 6.1611923, -0.0391089, , , , , , , 6.1611923, -0.0166171, , , , , , , , , , , , , , , , , , , , , , , , , , , , 
6.1617115, 0.0602579, , , , , , , 6.1617115, -0.0243381, , , , , , , 6.1617115, -0.0428016, , , , , , , 6.1617115, -0.0243381, , , , , , , , , , , , , , , , , , , , , , , , , , , , 
6.1622308, 0.073518, , , , , , , 6.1622308, -0.0068818, , , , , , , 6.1622308, -0.0475013, , , , , , , 6.1622308, -0.033402, , , , , , , , , , , , , , , , , , , , , , , , , , , , 
6.16275, 0.0861067, , , , , , , 6.16275, -0.0140993, , , , , , , 6.16275, -0.051194, , , , , , , 6.16275, -0.0404517, , , , , , , , , , , , , , , , , , , , , , , , , , , , 
6.1632692, 0.0985275, , , , , , , 6.1632692, -0.0135958, , , , , , , 6.1632692, -0.0488441, , , , , , , 6.1632692, -0.0431373, , , , , , , , , , , , , , , , , , , , , , , , , , , , 
6.1637885, 0.111284, , , , , , , 6.1637885, 0.0008392, , , , , , , 6.1637885, -0.0433051, , , , , , , 6.1637885, -0.0438087, , , , , , , , , , , , , , , , , , , , , , , , , , , , 
6.1643077, 0.1079271, , , , , , , 6.1643077, 0.0360876, , , , , , , 6.1643077, -0.0411231, , , , , , , 6.1643077, -0.0404517, , , , , , , , , , , , , , , , , , , , , , , , , , , , 
6.1648269, 0.0951705, , , , , , , 6.1648269, 0.0970169, , , , , , , 6.1648269, -0.04448, , , , , , , 6.1648269, -0.0332341, , , , , , , , , , , , , , , , , , , , , , , , , , , , 
6.1653462, 0.0839246, , , , , , , 6.1653462, 0.1292439, , , , , , , 6.1653462, -0.0486763, , , , , , , 6.1653462, -0.0251774, , , , , , , , , , , , , , , , , , , , , , , , , , , , 
6.1658654, 0.0730144, , , , , , , 6.1658654, 0.1059129, , , , , , , 6.1658654, -0.0486763, , , , , , , 6.1658654, -0.0169528, , , , , , , , , , , , , , , , , , , , , , , , , , , , 
6.1663846, 0.0599222, , , , , , , 6.1663846, 0.033402, , , , , , , 6.1663846, -0.0454871, , , , , , , 6.1663846, -0.0082246, , , , , , , , , , , , , , , , , , , , , , , , , , , , 
6.1669038, 0.0459907, , , , , , , 6.1669038, -0.0411231, , , , , , , 6.1669038, -0.0381018, , , , , , , 6.1669038, -0.0001678, , , , , , , , , , , , , , , , , , , , , , , , , , , , 
6.1674231, 0.0357519, , , , , , , 6.1674231, -0.0498512, , , , , , , 6.1674231, -0.0256809, , , , , , , 6.1674231, 0.0099031, , , , , , , , , , , , , , , , , , , , , , , , , , , , 
6.1679423, 0.0193027, , , , , , , 6.1679423, -0.0169528, , , , , , , 6.1679423, -0.0159457, , , , , , , 6.1679423, 0.0198062, , , , , , , , , , , , , , , , , , , , , , , , , , , , 
6.1684615, -0.0010071, , , , , , , 6.1684615, -0.0236667, , , , , , , 6.1684615, -0.0142672, , , , , , , 6.1684615, 0.0293736, , , , , , , , , , , , , , , , , , , , , , , , , , , , 
6.1689808, -0.0223239, , , , , , , 6.1689808, -0.0602579, , , , , , , 6.1689808, -0.0130922, , , , , , , 6.1689808, 0.0387732, , , , , , , , , , , , , , , , , , , , , , , , , , , , 
6.1695, -0.0481727, , , , , , , 6.1695, -0.1032273, , , , , , , 6.1695, -0.0129244, , , , , , , 6.1695, 0.047837, , , , , , , , , , , , , , , , , , , , , , , , , , , , 
6.1700192, -0.0683146, , , , , , , 6.1700192, -0.1428397, , , , , , , 6.1700192, -0.0115816, , , , , , , 6.1700192, 0.0533761, , , , , , , , , , , , , , , , , , , , , , , , , , , , 
6.1705385, -0.0783856, , , , , , , 6.1705385, -0.1545892, , , , , , , 6.1705385, -0.0057069, , , , , , , 6.1705385, 0.0569009, , , , , , , , , , , , , , , , , , , , , , , , , , , , 
6.1710577, -0.0793927, , , , , , , 6.1710577, -0.1498894, , , , , , , 6.1710577, 0.0003357, , , , , , , 6.1710577, 0.0589151, , , , , , , , , , , , , , , , , , , , , , , , , , , , 
6.1715769, -0.0639506, , , , , , , 6.1715769, -0.1250477, , , , , , , 6.1715769, 0.0038605, , , , , , , 6.1715769, 0.0582437, , , , , , , , , , , , , , , , , , , , , , , , , , , , 
6.1720962, -0.0370947, , , , , , , 6.1720962, -0.0929885, , , , , , , 6.1720962, 0.0062104, , , , , , , 6.1720962, 0.0538796, , , , , , , , , , , , , , , , , , , , , , , , , , , , 
6.1726154, -0.0157778, , , , , , , 6.1726154, -0.068986, , , , , , , 6.1726154, 0.0099031, , , , , , , 6.1726154, 0.0485084, , , , , , , , , , , , , , , , , , , , , , , , , , , , 
6.1731346, -0.008896, , , , , , , 6.1731346, -0.0350805, , , , , , , 6.1731346, 0.0125887, , , , , , , 6.1731346, 0.0441444, , , , , , , , , , , , , , , , , , , , , , , , , , , , 
6.1736538, -0.0052033, , , , , , , 6.1736538, 0.0276951, , , , , , , 6.1736538, 0.0152743, , , , , , , 6.1736538, 0.043473, , , , , , , , , , , , , , , , , , , , , , , , , , , , 
6.1741731, -0.0015106, , , , , , , 6.1741731, 0.1054093, , , , , , , 6.1741731, 0.0169528, , , , , , , 6.1741731, 0.0458228, , , , , , , , , , , , , , , , , , , , , , , , , , , , 
6.1746923, 0.0045319, , , , , , , 6.1746923, 0.1770809, , , , , , , 6.1746923, 0.0166171, , , , , , , 6.1746923, 0.0463264, , , , , , , , , , , , , , , , , , , , , , , , , , , , 
6.1752115, 0.0132601, , , , , , , 6.1752115, 0.1975586, , , , , , , 6.1752115, 0.0132601, , , , , , , 6.1752115, 0.0448157, , , , , , , , , , , , , , , , , , , , , , , , , , , , 
6.1757308, 0.0132601, , , , , , , 6.1757308, 0.1468681, , , , , , , 6.1757308, 0.0068818, , , , , , , 6.1757308, 0.0387732, , , , , , , , , , , , , , , , , , , , , , , , , , , , 
6.17625, 0.0035248, , , , , , , 6.17625, 0.0501869, , , , , , , 6.17625, -0.0025177, , , , , , , 6.17625, 0.0307164, , , , , , , , , , , , , , , , , , , , , , , , , , , , 
6.1767692, -0.0072175, , , , , , , 6.1767692, -0.0498512, , , , , , , 6.1767692, -0.0090639, , , , , , , 6.1767692, 0.0276951, , , , , , , , , , , , , , , , , , , , , , , , , , , , 
6.1772885, -0.0149386, , , , , , , 6.1772885, -0.1205158, , , , , , , 6.1772885, -0.0082246, , , , , , , 6.1772885, 0.0270237, , , , , , , , , , , , , , , , , , , , , , , , , , , , 
6.1778077, -0.0167849, , , , , , , 6.1778077, -0.152575, , , , , , , 6.1778077, -0.0018463, , , , , , , 6.1778077, 0.026688, , , , , , , , , , , , , , , , , , , , , , , , , , , , 
6.1783269, -0.018967, , , , , , , 6.1783269, -0.1989014, , , , , , , 6.1783269, 0.0052033, , , , , , , 6.1783269, 0.026688, , , , , , , , , , , , , , , , , , , , , , , , , , , , 
6.1788462, -0.0229953, , , , , , , 6.1788462, -0.2465705, , , , , , , 6.1788462, 0.011078, , , , , , , 6.1788462, 0.026688, , , , , , , , , , , , , , , , , , , , , , , , , , , , 
6.1793654, -0.0236667, , , , , , , 6.1793654, -0.2136721, , , , , , , 6.1793654, 0.0151064, , , , , , , 6.1793654, 0.0236667, , , , , , , , , , , , , , , , , , , , , , , , , , , , 
6.1798846, -0.0204776, , , , , , , 6.1798846, -0.1196765, , , , , , , 6.1798846, 0.0179599, , , , , , , 6.1798846, 0.0209812, , , , , , , , , , , , , , , , , , , , , , , , , , , , 
6.1804038, -0.018967, , , , , , , 6.1804038, -0.0337377, , , , , , , 6.1804038, 0.0142672, , , , , , , 6.1804038, 0.0169528, , , , , , , , , , , , , , , , , , , , , , , , , , , , 
6.1809231, -0.01561, , , , , , , 6.1809231, 0.0298772, , , , , , , 6.1809231, 0.0062104, , , , , , , 6.1809231, 0.0105745, , , , , , , , , , , , , , , , , , , , , , , , , , , , 
6.1814423, 0.0003357, , , , , , , 6.1814423, 0.0673075, , , , , , , 6.1814423, -0.0015106, , , , , , , 6.1814423, 0.0011749, , , , , , , , , , , , , , , , , , , , , , , , , , , , 
6.1819615, 0.0223239, , , , , , , 6.1819615, 0.0679789, , , , , , , 6.1819615, -0.0060426, , , , , , , 6.1819615, -0.0129244, , , , , , , , , , , , , , , , , , , , , , , , , , , , 
6.1824808, 0.040116, , , , , , , 6.1824808, 0.0318914, , , , , , , 6.1824808, -0.0082246, , , , , , , 6.1824808, -0.0229953, , , , , , , , , , , , , , , , , , , , , , , , , , , , 
6.183, 0.057908, , , , , , , 6.183, -0.0216526, , , , , , , 6.183, -0.0058747, , , , , , , 6.183, -0.027863, , , , , , , , , , , , , , , , , , , , , , , , , , , , 
6.1835192, 0.079057, , , , , , , 6.1835192, -0.0592508, , , , , , , 6.1835192, -0.0023499, , , , , , , 6.1835192, -0.0342412, , , , , , , , , , , , , , , , , , , , , , , , , , , , 
6.1840385, 0.0938277, , , , , , , 6.1840385, -0.0659648, , , , , , , 6.1840385, -0.0028534, , , , , , , 6.1840385, -0.0397803, , , , , , , , , , , , , , , , , , , , , , , , , , , , 
6.1845577, 0.0924849, , , , , , , 6.1845577, -0.0473335, , , , , , , 6.1845577, -0.0048676, , , , , , , 6.1845577, -0.0404517, , , , , , , , , , , , , , , , , , , , , , , , , , , , 
6.1850769, 0.0797284, , , , , , , 6.1850769, 0.0038605, , , , , , , 6.1850769, -0.0050355, , , , , , , 6.1850769, -0.0421302, , , , , , , , , , , , , , , , , , , , , , , , , , , , 
6.1855962, 0.0595865, , , , , , , 6.1855962, 0.0525368, , , , , , , 6.1855962, -0.0085603, , , , , , , 6.1855962, -0.0392767, , , , , , , , , , , , , , , , , , , , , , , , , , , , 
6.1861154, 0.0381018, , , , , , , 6.1861154, 0.0421302, , , , , , , 6.1861154, -0.0172885, , , , , , , 6.1861154, -0.0320592, , , , , , , , , , , , , , , , , , , , , , , , , , , , 
6.1866346, 0.0243381, , , , , , , 6.1866346, 0.0015106, , , , , , , 6.1866346, -0.0223239, , , , , , , 6.1866346, -0.0280308, , , , , , , , , , , , , , , , , , , , , , , , , , , , 
6.1871538, 0.0179599, , , , , , , 6.1871538, -0.014435, , , , , , , 6.1871538, -0.0151064, , , , , , , 6.1871538, -0.0260166, , , , , , , , , , , , , , , , , , , , , , , , , , , , 
6.1876731, 0.0099031, , , , , , , 6.1876731, 0.0018463, , , , , , , 6.1876731, -0.0036927, , , , , , , 6.1876731, -0.0208133, , , , , , , , , , , , , , , , , , , , , , , , , , , , 
6.1881923, -0.0031891, , , , , , , 6.1881923, 0.0243381, , , , , , , 6.1881923, 0.0005035, , , , , , , 6.1881923, -0.0109102, , , , , , , , , , , , , , , , , , , , , , , , , , , , 
6.1887115, -0.012253, , , , , , , 6.1887115, 0.0428016, , , , , , , 6.1887115, -0.0038605, , , , , , , 6.1887115, -0.0001678, , , , , , , , , , , , , , , , , , , , , , , , , , , , 
6.1892308, -0.0151064, , , , , , , 6.1892308, 0.0525368, , , , , , , 6.1892308, -0.01561, , , , , , , 6.1892308, 0.0095674, , , , , , , , , , , , , , , , , , , , , , , , , , , , 
6.18975, -0.0218204, , , , , , , 6.18975, 0.0495155, , , , , , , 6.18975, -0.0243381, , , , , , , 6.18975, 0.0186313, , , , , , , , , , , , , , , , , , , , , , , , , , , , 
6.1902692, -0.0270237, , , , , , , 6.1902692, 0.036759, , , , , , , 6.1902692, -0.0238346, , , , , , , 6.1902692, 0.0270237, , , , , , , , , , , , , , , , , , , , , , , , , , , , 
6.1907885, -0.030045, , , , , , , 6.1907885, 0.0132601, , , , , , , 6.1907885, -0.0162814, , , , , , , 6.1907885, 0.0330663, , , , , , , , , , , , , , , , , , , , , , , , , , , , 
6.1913077, -0.0381018, , , , , , , 6.1913077, -0.0172885, , , , , , , 6.1913077, -0.0102388, , , , , , , 6.1913077, 0.0354162, , , , , , , , , , , , , , , , , , , , , , , , , , , , 
6.1918269, -0.0392767, , , , , , , 6.1918269, -0.0292058, , , , , , , 6.1918269, -0.005539, , , , , , , 6.1918269, 0.0320592, , , , , , , , , , , , , , , , , , , , , , , , , , , , 
6.1923462, -0.0347448, , , , , , , 6.1923462, -0.0129244, , , , , , , 6.1923462, -0.0001678, , , , , , , 6.1923462, 0.0229953, , , , , , , , , , , , , , , , , , , , , , , , , , , , 
6.1928654, -0.0283665, , , , , , , 6.1928654, 0.0182956, , , , , , , 6.1928654, 0.0035248, , , , , , , 6.1928654, 0.0172885, , , , , , , , , , , , , , , , , , , , , , , , , , , , 
6.1933846, -0.0250095, , , , , , , 6.1933846, 0.0446479, , , , , , , 6.1933846, 0.0078889, , , , , , , 6.1933846, 0.01561, , , , , , , , , , , , , , , , , , , , , , , , , , , , 
6.1939038, -0.0203098, , , , , , , 6.1939038, 0.0562295, , , , , , , 6.1939038, 0.0253452, , , , , , , 6.1939038, 0.01561, , , , , , , , , , , , , , , , , , , , , , , , , , , , 
6.1944231, -0.0005035, , , , , , , 6.1944231, 0.0624399, , , , , , , 6.1944231, 0.0468299, , , , , , , 6.1944231, 0.0182956, , , , , , , , , , , , , , , , , , , , , , , , , , , , 
6.1949423, 0.0226596, , , , , , , 6.1949423, 0.0666361, , , , , , , 6.1949423, 0.0417945, , , , , , , 6.1949423, 0.0229953, , , , , , , , , , , , , , , , , , , , , , , , , , , , 
6.1954615, 0.0313878, , , , , , , 6.1954615, 0.0602579, , , , , , , 6.1954615, 0.0102388, , , , , , , 6.1954615, 0.0276951, , , , , , , , , , , , , , , , , , , , , , , , , , , , 
6.1959808, 0.0293736, , , , , , , 6.1959808, 0.0491798, , , , , , , 6.1959808, -0.0219883, , , , , , , 6.1959808, 0.0280308, , , , , , , , , , , , , , , , , , , , , , , , , , , , 
6.1965, 0.0303807, , , , , , , 6.1965, 0.0454871, , , , , , , 6.1965, -0.0431373, , , , , , , 6.1965, 0.0260166, , , , , , , , , , , , , , , , , , , , , , , , , , , , 
6.1970192, 0.0360876, , , , , , , 6.1970192, 0.0548867, , , , , , , 6.1970192, -0.0471656, , , , , , , 6.1970192, 0.0280308, , , , , , , , , , , , , , , , , , , , , , , , , , , , 
6.1975385, 0.0414588, , , , , , , 6.1975385, 0.0822461, , , , , , , 6.1975385, -0.0364233, , , , , , , 6.1975385, 0.0354162, , , , , , , , , , , , , , , , , , , , , , , , , , , , 
6.1980577, 0.0446479, , , , , , , 6.1980577, 0.1117876, , , , , , , 6.1980577, -0.0223239, , , , , , , 6.1980577, 0.0394446, , , , , , , , , , , , , , , , , , , , , , , , , , , , 
6.1985769, 0.0428016, , , , , , , 6.1985769, 0.1136339, , , , , , , 6.1985769, -0.0112459, , , , , , , 6.1985769, 0.0391089, , , , , , , , , , , , , , , , , , , , , , , , , , , , 
6.1990962, 0.0407874, , , , , , , 6.1990962, 0.0770428, , , , , , , 6.1990962, -0.0045319, , , , , , , 6.1990962, 0.0431373, , , , , , , , , , , , , , , , , , , , , , , , , , , , 
6.1996154, 0.0414588, , , , , , , 6.1996154, 0.0381018, , , , , , , 6.1996154, -0.0010071, , , , , , , 6.1996154, 0.0501869, , , , , , , , , , , , , , , , , , , , , , , , , , , , 
6.2001346, 0.0414588, , , , , , , 6.2001346, 0.0041962, , , , , , , 6.2001346, 0.0010071, , , , , , , 6.2001346, 0.0527047, , , , , , , , , , , , , , , , , , , , , , , , , , , , 
6.2006538, 0.0414588, , , , , , , 6.2006538, -0.0429694, , , , , , , 6.2006538, 0.0041962, , , , , , , 6.2006538, 0.0498512, , , , , , , , , , , , , , , , , , , , , , , , , , , , 
6.2011731, 0.0448157, , , , , , , 6.2011731, -0.0943313, , , , , , , 6.2011731, 0.01561, , , , , , , 6.2011731, 0.0387732, , , , , , , , , , , , , , , , , , , , , , , , , , , , 
6.2016923, 0.0508583, , , , , , , 6.2016923, -0.1277333, , , , , , , 6.2016923, 0.0290379, , , , , , , 6.2016923, 0.0206455, , , , , , , , , , , , , , , , , , , , , , , , , , , , 
6.2022115, 0.0562295, , , , , , , 6.2022115, -0.1326009, , , , , , , 6.2022115, 0.0293736, , , , , , , 6.2022115, 0.0062104, , , , , , , , , , , , , , , , , , , , , , , , , , , , 
6.2027308, 0.0589151, , , , , , , 6.2027308, -0.1173266, , , , , , , 6.2027308, 0.01561, , , , , , , 6.2027308, -0.0028534, , , , , , , , , , , , , , , , , , , , , , , , , , , , 
6.20325, 0.0614328, , , , , , , 6.20325, -0.1149767, , , , , , , 6.20325, -0.0030213, , , , , , , 6.20325, -0.008896, , , , , , , , , , , , , , , , , , , , , , , , , , , , 
6.2037692, 0.0654612, , , , , , , 6.2037692, -0.124712, , , , , , , 6.2037692, -0.0240024, , , , , , , 6.2037692, -0.0127565, , , , , , , , , , , , , , , , , , , , , , , , , , , , 
6.2042885, 0.0602579, , , , , , , 6.2042885, -0.1190051, , , , , , , 6.2042885, -0.0533761, , , , , , , 6.2042885, -0.0142672, , , , , , , , , , , , , , , , , , , , , , , , , , , , 
6.2048077, 0.043473, , , , , , , 6.2048077, -0.0897993, , , , , , , 6.2048077, -0.0720073, , , , , , , 6.2048077, -0.012253, , , , , , , , , , , , , , , , , , , , , , , , , , , , 
6.2053269, 0.0288701, , , , , , , 6.2053269, -0.0515297, , , , , , , 6.2053269, -0.0607614, , , , , , , 6.2053269, -0.0057069, , , , , , , , , , , , , , , , , , , , , , , , , , , , 
6.2058462, 0.0194705, , , , , , , 6.2058462, -0.0048676, , , , , , , 6.2058462, -0.0364233, , , , , , , 6.2058462, 0.0031891, , , , , , , , , , , , , , , , , , , , , , , , , , , , 
6.2063654, 0.0135958, , , , , , , 6.2063654, 0.0099031, , , , , , , 6.2063654, -0.017792, , , , , , , 6.2063654, 0.0082246, , , , , , , , , , , , , , , , , , , , , , , , , , , , 
6.2068846, 0.0062104, , , , , , , 6.2068846, -0.0075532, , , , , , , 6.2068846, -0.0065461, , , , , , , 6.2068846, 0.0112459, , , , , , , , , , , , , , , , , , , , , , , , , , , , 
6.2074038, -0.0065461, , , , , , , 6.2074038, -0.0135958, , , , , , , 6.2074038, 0.0010071, , , , , , , 6.2074038, 0.0135958, , , , , , , , , , , , , , , , , , , , , , , , , , , , 
6.2079231, -0.0203098, , , , , , , 6.2079231, -0.0015106, , , , , , , 6.2079231, 0.0062104, , , , , , , 6.2079231, 0.0193027, , , , , , , , , , , , , , , , , , , , , , , , , , , , 
6.2084423, -0.0260166, , , , , , , 6.2084423, 0.0179599, , , , , , , 6.2084423, 0.0063783, , , , , , , 6.2084423, 0.0290379, , , , , , , , , , , , , , , , , , , , , , , , , , , , 
6.2089615, -0.0292058, , , , , , , 6.2089615, 0.0223239, , , , , , , 6.2089615, 0.0038605, , , , , , , 6.2089615, 0.0374304, , , , , , , , , , , , , , , , , , , , , , , , , , , , 
6.2094808, -0.0365911, , , , , , , 6.2094808, 0.0132601, , , , , , , 6.2094808, -0.0015106, , , , , , , 6.2094808, 0.0424659, , , , , , , , , , , , , , , , , , , , , , , , , , , , 
6.21, -0.051194, , , , , , , 6.21, 0.0028534, , , , , , , 6.21, -0.0031891, , , , , , , 6.21, 0.0454871, , , , , , , , , , , , , , , , , , , , , , , , , , , , 
6.2105192, -0.0659648, , , , , , , 6.2105192, 0.0023499, , , , , , , 6.2105192, -0.0001678, , , , , , , 6.2105192, 0.0461585, , , , , , , , , , , , , , , , , , , , , , , , , , , , 
6.2110385, -0.0679789, , , , , , , 6.2110385, 0.0132601, , , , , , , 6.2110385, -0.0015106, , , , , , , 6.2110385, 0.0433051, , , , , , , , , , , , , , , , , , , , , , , , , , , , 
6.2115577, -0.0585794, , , , , , , 6.2115577, 0.0119173, , , , , , , 6.2115577, -0.003357, , , , , , , 6.2115577, 0.0381018, , , , , , , , , , , , , , , , , , , , , , , , , , , , 
6.2120769, -0.0485084, , , , , , , 6.2120769, 0.002182, , , , , , , 6.2120769, -0.0028534, , , , , , , 6.2120769, 0.0293736, , , , , , , , , , , , , , , , , , , , , , , , , , , , 
6.2125962, -0.0399481, , , , , , , 6.2125962, 0.010071, , , , , , , 6.2125962, -0.0035248, , , , , , , 6.2125962, 0.0213169, , , , , , , , , , , , , , , , , , , , , , , , , , , , 
6.2131154, -0.0297093, , , , , , , 6.2131154, 0.0193027, , , , , , , 6.2131154, -0.0068818, , , , , , , 6.2131154, 0.0171206, , , , , , , , , , , , , , , , , , , , , , , , , , , , 
6.2136346, -0.0193027, , , , , , , 6.2136346, 0.0166171, , , , , , , 6.2136346, -0.012253, , , , , , , 6.2136346, 0.0142672, , , , , , , , , , , , , , , , , , , , , , , , , , , , 
6.2141538, -0.0132601, , , , , , , 6.2141538, 0.0125887, , , , , , , 6.2141538, -0.01561, , , , , , , 6.2141538, 0.0090639, , , , , , , , , , , , , , , , , , , , , , , , , , , , 
6.2146731, -0.0077211, , , , , , , 6.2146731, 0.0132601, , , , , , , 6.2146731, -0.0095674, , , , , , , 6.2146731, 0.0035248, , , , , , , , , , , , , , , , , , , , , , , , , , , , 
6.2151923, 0.0028534, , , , , , , 6.2151923, 0.0250095, , , , , , , 6.2151923, 0.0036927, , , , , , , 6.2151923, -0.0008392, , , , , , , , , , , , , , , , , , , , , , , , , , , , 
6.2157115, 0.008896, , , , , , , 6.2157115, 0.0609293, , , , , , , 6.2157115, 0.0115816, , , , , , , 6.2157115, -0.0041962, , , , , , , , , , , , , , , , , , , , , , , , , , , , 
6.2162308, 0.0102388, , , , , , , 6.2162308, 0.0981918, , , , , , , 6.2162308, 0.0075532, , , , , , , 6.2162308, -0.0065461, , , , , , , , , , , , , , , , , , , , , , , , , , , , 
6.21675, 0.0159457, , , , , , , 6.21675, 0.1038987, , , , , , , 6.21675, 0.0011749, , , , , , , 6.21675, -0.0075532, , , , , , , , , , , , , , , , , , , , , , , , , , , , 
6.2172692, 0.0243381, , , , , , , 6.2172692, 0.0840925, , , , , , , 6.2172692, -0.0031891, , , , , , , 6.2172692, -0.0099031, , , , , , , , , , , , , , , , , , , , , , , , , , , , 
6.2177885, 0.030045, , , , , , , 6.2177885, 0.0730144, , , , , , , 6.2177885, -0.008896, , , , , , , 6.2177885, -0.0149386, , , , , , , , , , , , , , , , , , , , , , , , , , , , 
6.2183077, 0.0260166, , , , , , , 6.2183077, 0.0580758, , , , , , , 6.2183077, -0.0142672, , , , , , , 6.2183077, -0.0162814, , , , , , , , , , , , , , , , , , , , , , , , , , , , 
6.2188269, 0.0240024, , , , , , , 6.2188269, 0.0151064, , , , , , , 6.2188269, -0.0176242, , , , , , , 6.2188269, -0.0135958, , , , , , , , , , , , , , , , , , , , , , , , , , , , 
6.2193462, 0.0293736, , , , , , , 6.2193462, -0.0058747, , , , , , , 6.2193462, -0.01561, , , , , , , 6.2193462, -0.0102388, , , , , , , , , , , , , , , , , , , , , , , , , , , , 
6.2198654, 0.0357519, , , , , , , 6.2198654, 0.0218204, , , , , , , 6.2198654, -0.0125887, , , , , , , 6.2198654, -0.0052033, , , , , , , , , , , , , , , , , , , , , , , , , , , , 
6.2203846, 0.0414588, , , , , , , 6.2203846, 0.0419623, , , , , , , 6.2203846, -0.012253, , , , , , , 6.2203846, 0.0008392, , , , , , , , , , , , , , , , , , , , , , , , , , , , 
6.2209038, 0.0458228, , , , , , , 6.2209038, -0.005539, , , , , , , 6.2209038, -0.0213169, , , , , , , 6.2209038, 0.0031891, , , , , , , , , , , , , , , , , , , , , , , , , , , , 
6.2214231, 0.0488441, , , , , , , 6.2214231, -0.1085985, , , , , , , 6.2214231, -0.0391089, , , , , , , 6.2214231, -0.0005035, , , , , , , , , , , , , , , , , , , , , , , , , , , , 
6.2219423, 0.0555581, , , , , , , 6.2219423, -0.1868162, , , , , , , 6.2219423, -0.0542153, , , , , , , 6.2219423, -0.0072175, , , , , , , , , , , , , , , , , , , , , , , , , , , , 
6.2224615, 0.0649577, , , , , , , 6.2224615, -0.2029297, , , , , , , 6.2224615, -0.0619364, , , , , , , 6.2224615, -0.0146029, , , , , , , , , , , , , , , , , , , , , , , , , , , , 
6.2229808, 0.0696574, , , , , , , 6.2229808, -0.161471, , , , , , , 6.2229808, -0.0656291, , , , , , , 6.2229808, -0.0199741, , , , , , , , , , , , , , , , , , , , , , , , , , , , 
6.2235, 0.0696574, , , , , , , 6.2235, -0.090135, , , , , , , 6.2235, -0.0664683, , , , , , , 6.2235, -0.0226596, , , , , , , , , , , , , , , , , , , , , , , , , , , , 
6.2240192, 0.0683146, , , , , , , 6.2240192, 0.005539, , , , , , , 6.2240192, -0.0619364, , , , , , , 6.2240192, -0.0219883, , , , , , , , , , , , , , , , , , , , , , , , , , , , 
6.2245385, 0.0676432, , , , , , , 6.2245385, 0.0882887, , , , , , , 6.2245385, -0.0552224, , , , , , , 6.2245385, -0.0204776, , , , , , , , , , , , , , , , , , , , , , , , , , , , 
6.2250577, 0.0595865, , , , , , , 6.2250577, 0.10692, , , , , , , 6.2250577, -0.0453193, , , , , , , 6.2250577, -0.0176242, , , , , , , , , , , , , , , , , , , , , , , , , , , , 
6.2255769, 0.0417945, , , , , , , 6.2255769, 0.0710002, , , , , , , 6.2255769, -0.0340734, , , , , , , 6.2255769, -0.0115816, , , , , , , , , , , , , , , , , , , , , , , , , , , , 
6.2260962, 0.0276951, , , , , , , 6.2260962, 0.012253, , , , , , , 6.2260962, -0.0240024, , , , , , , 6.2260962, -0.0026856, , , , , , , , , , , , , , , , , , , , , , , , , , , , 
6.2266154, 0.0240024, , , , , , , 6.2266154, -0.0552224, , , , , , , 6.2266154, -0.0182956, , , , , , , 6.2266154, 0.0065461, , , , , , , , , , , , , , , , , , , , , , , , , , , , 
6.2271346, 0.0287022, , , , , , , 6.2271346, -0.0807355, , , , , , , 6.2271346, -0.0152743, , , , , , , 6.2271346, 0.0130922, , , , , , , , , , , , , , , , , , , , , , , , , , , , 
6.2276538, 0.0293736, , , , , , , 6.2276538, -0.0840925, , , , , , , 6.2276538, -0.0102388, , , , , , , 6.2276538, 0.0213169, , , , , , , , , , , , , , , , , , , , , , , , , , , , 
6.2281731, 0.0179599, , , , , , , 6.2281731, -0.1451896, , , , , , , 6.2281731, -0.0015106, , , , , , , 6.2281731, 0.0347448, , , , , , , , , , , , , , , , , , , , , , , , , , , , 
6.2286923, 0.0011749, , , , , , , 6.2286923, -0.188159, , , , , , , 6.2286923, 0.0085603, , , , , , , 6.2286923, 0.0527047, , , , , , , , , , , , , , , , , , , , , , , , , , , , 
6.2292115, -0.0119173, , , , , , , 6.2292115, -0.1592889, , , , , , , 6.2292115, 0.0142672, , , , , , , 6.2292115, 0.0683146, , , , , , , , , , , , , , , , , , , , , , , , , , , , 
6.2297308, -0.0182956, , , , , , , 6.2297308, -0.1044022, , , , , , , 6.2297308, 0.0182956, , , , , , , 6.2297308, 0.0750286, , , , , , , , , , , , , , , , , , , , , , , , , , , , 
6.23025, -0.0271916, , , , , , , 6.23025, -0.0607614, , , , , , , 6.23025, 0.0260166, , , , , , , 6.23025, 0.0763714, , , , , , , , , , , , , , , , , , , , , , , , , , , , 
6.2307692, -0.0404517, , , , , , , 6.2307692, -0.0464942, , , , , , , 6.2307692, 0.0394446, , , , , , , 6.2307692, 0.0750286, , , , , , , , , , , , , , , , , , , , , , , , , , , , 
6.2312885, -0.0503548, , , , , , , 6.2312885, -0.0404517, , , , , , , 6.2312885, 0.0495155, , , , , , , 6.2312885, 0.0669718, , , , , , , , , , , , , , , , , , , , , , , , , , , , 
6.2318077, -0.0558938, , , , , , , 6.2318077, -0.0078889, , , , , , , 6.2318077, 0.0488441, , , , , , , 6.2318077, 0.054551, , , , , , , , , , , , , , , , , , , , , , , , , , , , 
6.2323269, -0.0552224, , , , , , , 6.2323269, 0.0458228, , , , , , , 6.2323269, 0.0446479, , , , , , , 6.2323269, 0.0428016, , , , , , , , , , , , , , , , , , , , , , , , , , , , 
6.2328462, -0.0498512, , , , , , , 6.2328462, 0.1183337, , , , , , , 6.2328462, 0.0414588, , , , , , , 6.2328462, 0.0323949, , , , , , , , , , , , , , , , , , , , , , , , , , , , 
6.2333654, -0.0417945, , , , , , , 6.2333654, 0.1649958, , , , , , , 6.2333654, 0.0412909, , , , , , , 6.2333654, 0.0226596, , , , , , , , , , , , , , , , , , , , , , , , , , , , 
6.2338846, -0.0344091, , , , , , , 6.2338846, 0.1562676, , , , , , , 6.2338846, 0.040116, , , , , , , 6.2338846, 0.0176242, , , , , , , , , , , , , , , , , , , , , , , , , , , , 
6.2344038, -0.0290379, , , , , , , 6.2344038, 0.0998703, , , , , , , 6.2344038, 0.0320592, , , , , , , 6.2344038, 0.0135958, , , , , , , , , , , , , , , , , , , , , , , , , , , , 
6.2349231, -0.0273594, , , , , , , 6.2349231, 0.0344091, , , , , , , 6.2349231, 0.0196384, , , , , , , 6.2349231, 0.0092317, , , , , , , , , , , , , , , , , , , , , , , , , , , , 
6.2354423, -0.0250095, , , , , , , 6.2354423, -0.0182956, , , , , , , 6.2354423, 0.0025177, , , , , , , 6.2354423, 0.0062104, , , , , , , , , , , , , , , , , , , , , , , , , , , , 
6.2359615, -0.0179599, , , , , , , 6.2359615, -0.0629435, , , , , , , 6.2359615, -0.017792, , , , , , , 6.2359615, 0.0015106, , , , , , , , , , , , , , , , , , , , , , , , , , , , 
6.2364808, -0.0092317, , , , , , , 6.2364808, -0.0981918, , , , , , , 6.2364808, -0.0297093, , , , , , , 6.2364808, -0.002182, , , , , , , , , , , , , , , , , , , , , , , , , , , , 
6.237, -0.0045319, , , , , , , 6.237, -0.1159838, , , , , , , 6.237, -0.0256809, , , , , , , 6.237, -0.0035248, , , , , , , , , , , , , , , , , , , , , , , , , , , , 
6.2375192, 0.0023499, , , , , , , 6.2375192, -0.1253834, , , , , , , 6.2375192, -0.0132601, , , , , , , 6.2375192, -0.0028534, , , , , , , , , , , , , , , , , , , , , , , , , , , , 
6.2380385, 0.0085603, , , , , , , 6.2380385, -0.1297475, , , , , , , 6.2380385, -0.002182, , , , , , , 6.2380385, -0.0030213, , , , , , , , , , , , , , , , , , , , , , , , , , , , 
6.2385577, 0.0119173, , , , , , , 6.2385577, -0.1156481, , , , , , , 6.2385577, 0.0038605, , , , , , , 6.2385577, -0.0035248, , , , , , , , , , , , , , , , , , , , , , , , , , , , 
6.2390769, 0.0162814, , , , , , , 6.2390769, -0.0793927, , , , , , , 6.2390769, 0.0038605, , , , , , , 6.2390769, -0.0050355, , , , , , , , , , , , , , , , , , , , , , , , , , , , 
6.2395962, 0.0221561, , , , , , , 6.2395962, -0.0374304, , , , , , , 6.2395962, 0.0015106, , , , , , , 6.2395962, -0.0072175, , , , , , , , , , , , , , , , , , , , , , , , , , , , 
6.2401154, 0.0307164, , , , , , , 6.2401154, 0.0005035, , , , , , , 6.2401154, 0.0011749, , , , , , , 6.2401154, -0.0062104, , , , , , , , , , , , , , , , , , , , , , , , , , , , 
6.2406346, 0.042298, , , , , , , 6.2406346, 0.0171206, , , , , , , 6.2406346, 0.0038605, , , , , , , 6.2406346, -0.0075532, , , , , , , , , , , , , , , , , , , , , , , , , , , , 
6.2411538, 0.0520333, , , , , , , 6.2411538, 0.0045319, , , , , , , 6.2411538, 0.0045319, , , , , , , 6.2411538, -0.0169528, , , , , , , , , , , , , , , , , , , , , , , , , , , , 
6.2416731, 0.0616007, , , , , , , 6.2416731, -0.0041962, , , , , , , 6.2416731, -0.0010071, , , , , , , 6.2416731, -0.0290379, , , , , , , , , , , , , , , , , , , , , , , , , , , , 
6.2421923, 0.076875, , , , , , , 6.2421923, 0.0139315, , , , , , , 6.2421923, -0.0090639, , , , , , , 6.2421923, -0.0340734, , , , , , , , , , , , , , , , , , , , , , , , , , , , 
6.2427115, 0.0906386, , , , , , , 6.2427115, 0.0357519, , , , , , , 6.2427115, -0.0166171, , , , , , , 6.2427115, -0.0330663, , , , , , , , , , , , , , , , , , , , , , , , , , , , 
6.2432308, 0.0965133, , , , , , , 6.2432308, 0.0538796, , , , , , , 6.2432308, -0.0276951, , , , , , , 6.2432308, -0.0327306, , , , , , , , , , , , , , , , , , , , , , , , , , , , 
6.24375, 0.100206, , , , , , , 6.24375, 0.085771, , , , , , , 6.24375, -0.0431373, , , , , , , 6.24375, -0.0354162, , , , , , , , , , , , , , , , , , , , , , , , , , , , 
6.2442692, 0.1042344, , , , , , , 6.2442692, 0.1106126, , , , , , , 6.2442692, -0.0552224, , , , , , , 6.2442692, -0.0359197, , , , , , , , , , , , , , , , , , , , , , , , , , , , 
6.2447885, 0.1065843, , , , , , , 6.2447885, 0.1017166, , , , , , , 6.2447885, -0.0607614, , , , , , , 6.2447885, -0.0325628, , , , , , , , , , , , , , , , , , , , , , , , , , , , 
6.2453077, 0.0963455, , , , , , , 6.2453077, 0.0830854, , , , , , , 6.2453077, -0.0585794, , , , , , , 6.2453077, -0.0243381, , , , , , , , , , , , , , , , , , , , , , , , , , , , 
6.2458269, 0.0850996, , , , , , , 6.2458269, 0.0663005, , , , , , , 6.2458269, -0.049012, , , , , , , 6.2458269, -0.0134279, , , , , , , , , , , , , , , , , , , , , , , , , , , , 
6.2463462, 0.0763714, , , , , , , 6.2463462, 0.0522011, , , , , , , 6.2463462, -0.0372625, , , , , , , 6.2463462, -0.005539, , , , , , , , , , , , , , , , , , , , , , , , , , , , 
6.2468654, 0.0637827, , , , , , , 6.2468654, 0.0464942, , , , , , , 6.2468654, -0.0276951, , , , , , , 6.2468654, 0.0025177, , , , , , , , , , , , , , , , , , , , , , , , , , , , 
6.2473846, 0.0441444, , , , , , , 6.2473846, 0.0649577, , , , , , , 6.2473846, -0.0226596, , , , , , , 6.2473846, 0.0132601, , , , , , , , , , , , , , , , , , , , , , , , , , , , 
6.2479038, 0.0270237, , , , , , , 6.2479038, 0.1290761, , , , , , , 6.2479038, -0.0199741, , , , , , , 6.2479038, 0.023331, , , , , , , , , , , , , , , , , , , , , , , , , , , , 
6.2484231, 0.0139315, , , , , , , 6.2484231, 0.1728847, , , , , , , 6.2484231, -0.0159457, , , , , , , 6.2484231, 0.0344091, , , , , , , , , , , , , , , , , , , , , , , , , , , , 
6.2489423, 0.0043641, , , , , , , 6.2489423, 0.1384756, , , , , , , 6.2489423, -0.0105745, , , , , , , 6.2489423, 0.0463264, , , , , , , , , , , , , , , , , , , , , , , , , , , , 
6.2494615, -0.0050355, , , , , , , 6.2494615, 0.0802319, , , , , , , 6.2494615, -0.0028534, , , , , , , 6.2494615, 0.0555581, , , , , , , , , , , , , , , , , , , , , , , , , , , , 
6.2499808, -0.0164492, , , , , , , 6.2499808, 0.0421302, , , , , , , 6.2499808, 0.0045319, , , , , , , 6.2499808, 0.0626078, , , , , , , , , , , , , , , , , , , , , , , , , , , , 
6.2505, -0.0320592, , , , , , , 6.2505, 0.0028534, , , , , , , 6.2505, 0.0048676, , , , , , , 6.2505, 0.068986, , , , , , , , , , , , , , , , , , , , , , , , , , , , 
6.2510192, -0.0495155, , , , , , , 6.2510192, -0.0867781, , , , , , , 6.2510192, -0.0035248, , , , , , , 6.2510192, 0.0703288, , , , , , , , , , , , , , , , , , , , , , , , , , , , 
6.2515385, -0.0595865, , , , , , , 6.2515385, -0.1935302, , , , , , , 6.2515385, -0.0082246, , , , , , , 6.2515385, 0.0681468, , , , , , , , , , , , , , , , , , , , , , , , , , , , 
6.2520577, -0.0582437, , , , , , , 6.2520577, -0.2331426, , , , , , , 6.2520577, -0.0028534, , , , , , , 6.2520577, 0.0622721, , , , , , , , , , , , , , , , , , , , , , , , , , , , 
6.2525769, -0.0525368, , , , , , , 6.2525769, -0.1975586, , , , , , , 6.2525769, 0.0038605, , , , , , , 6.2525769, 0.0555581, , , , , , , , , , , , , , , , , , , , , , , , , , , , 
6.2530962, -0.0495155, , , , , , , 6.2530962, -0.1559319, , , , , , , 6.2530962, 0.0058747, , , , , , , 6.2530962, 0.0518654, , , , , , , , , , , , , , , , , , , , , , , , , , , , 
6.2536154, -0.0485084, , , , , , , 6.2536154, -0.1331044, , , , , , , 6.2536154, 0.0062104, , , , , , , 6.2536154, 0.0475013, , , , , , , , , , , , , , , , , , , , , , , , , , , , 
6.2541346, -0.0397803, , , , , , , 6.2541346, -0.1052415, , , , , , , 6.2541346, 0.0052033, , , , , , , 6.2541346, 0.0411231, , , , , , , , , , , , , , , , , , , , , , , , , , , , 
6.2546538, -0.0219883, , , , , , , 6.2546538, -0.0666361, , , , , , , 6.2546538, 0.0011749, , , , , , , 6.2546538, 0.0350805, , , , , , , , , , , , , , , , , , , , , , , , , , , , 
6.2551731, -0.0102388, , , , , , , 6.2551731, -0.0493477, , , , , , , 6.2551731, -0.0001678, , , , , , , 6.2551731, 0.0287022, , , , , , , , , , , , , , , , , , , , , , , , , , , , 
6.2556923, -0.0119173, , , , , , , 6.2556923, -0.0721752, , , , , , , 6.2556923, 0.0008392, , , , , , , 6.2556923, 0.0219883, , , , , , , , , , , , , , , , , , , , , , , , , , , , 
6.2562115, -0.0169528, , , , , , , 6.2562115, -0.0941634, , , , , , , 6.2562115, 0.0005035, , , , , , , 6.2562115, 0.0166171, , , , , , , , , , , , , , , , , , , , , , , , , , , , 
6.2567308, -0.01561, , , , , , , 6.2567308, -0.0948348, , , , , , , 6.2567308, -0.0008392, , , , , , , 6.2567308, 0.0105745, , , , , , , , , , , , , , , , , , , , , , , , , , , , 
6.25725, -0.0092317, , , , , , , 6.25725, -0.0941634, , , , , , , 6.25725, 0.0075532, , , , , , , 6.25725, 0.0075532, , , , , , , , , , , , , , , , , , , , , , , , , , , , 
6.2577692, 0.0023499, , , , , , , 6.2577692, -0.0861067, , , , , , , 6.2577692, 0.0204776, , , , , , , 6.2577692, 0.0078889, , , , , , , , , , , , , , , , , , , , , , , , , , , , 
6.2582885, 0.0124208, , , , , , , 6.2582885, -0.0683146, , , , , , , 6.2582885, 0.0394446, , , , , , , 6.2582885, 0.0078889, , , , , , , , , , , , , , , , , , , , , , , , , , , , 
6.2588077, 0.0115816, , , , , , , 6.2588077, -0.0310521, , , , , , , 6.2588077, 0.0669718, , , , , , , 6.2588077, 0.005539, , , , , , , , , , , , , , , , , , , , , , , , , , , , 
6.2593269, 0.0129244, , , , , , , 6.2593269, 0.0616007, , , , , , , 6.2593269, 0.0881209, , , , , , , 6.2593269, 0.0031891, , , , , , , , , , , , , , , , , , , , , , , , , , , , 
6.2598462, 0.0196384, , , , , , , 6.2598462, 0.1730526, , , , , , , 6.2598462, 0.0924849, , , , , , , 6.2598462, 0, , , , , , , , , , , , , , , , , , , , , , , , , , , , 
6.2603654, 0.0283665, , , , , , , 6.2603654, 0.2244144, , , , , , , 6.2603654, 0.0928206, , , , , , , 6.2603654, -0.0038605, , , , , , , , , , , , , , , , , , , , , , , , , , , , 
6.2608846, 0.0342412, , , , , , , 6.2608846, 0.2254215, , , , , , , 6.2608846, 0.0881209, , , , , , , 6.2608846, -0.0075532, , , , , , , , , , , , , , , , , , , , , , , , , , , , 
6.2614038, 0.0426337, , , , , , , 6.2614038, 0.1858091, , , , , , , 6.2614038, 0.0607614, , , , , , , 6.2614038, -0.0169528, , , , , , , , , , , , , , , , , , , , , , , , , , , , 
6.2619231, 0.0587472, , , , , , , 6.2619231, 0.1206836, , , , , , , 6.2619231, 0.0139315, , , , , , , 6.2619231, -0.0273594, , , , , , , , , , , , , , , , , , , , , , , , , , , , 
6.2624423, 0.073518, , , , , , , 6.2624423, 0.0837568, , , , , , , 6.2624423, -0.0337377, , , , , , , 6.2624423, -0.0320592, , , , , , , , , , , , , , , , , , , , , , , , , , , , 
6.2629615, 0.0803998, , , , , , , 6.2629615, 0.0246738, , , , , , , 6.2629615, -0.0666361, , , , , , , 6.2629615, -0.0330663, , , , , , , , , , , , , , , , , , , , , , , , , , , , 
6.2634808, 0.0840925, , , , , , , 6.2634808, -0.0881209, , , , , , , 6.2634808, -0.0783856, , , , , , , 6.2634808, -0.033402, , , , , , , , , , , , , , , , , , , , , , , , , , , , 
6.264, 0.0894636, , , , , , , 6.264, -0.144686, , , , , , , 6.264, -0.0755322, , , , , , , 6.264, -0.0325628, , , , , , , , , , , , , , , , , , , , , , , , , , , , 
6.2645192, 0.0918135, , , , , , , 6.2645192, -0.1149767, , , , , , , 6.2645192, -0.0661326, , , , , , , 6.2645192, -0.0320592, , , , , , , , , , , , , , , , , , , , , , , , , , , , 
6.2650385, 0.0850996, , , , , , , 6.2650385, -0.0835889, , , , , , , 6.2650385, -0.0555581, , , , , , , 6.2650385, -0.0290379, , , , , , , , , , , , , , , , , , , , , , , , , , , , 
6.2655577, 0.0726787, , , , , , , 6.2655577, -0.0921492, , , , , , , 6.2655577, -0.0483406, , , , , , , 6.2655577, -0.0219883, , , , , , , , , , , , , , , , , , , , , , , , , , , , 
6.2660769, 0.0569009, , , , , , , 6.2660769, -0.1042344, , , , , , , 6.2660769, -0.0451514, , , , , , , 6.2660769, -0.0157778, , , , , , , , , , , , , , , , , , , , , , , , , , , , 
6.2665962, 0.043473, , , , , , , 6.2665962, -0.1149767, , , , , , , 6.2665962, -0.0466621, , , , , , , 6.2665962, -0.0102388, , , , , , , , , , , , , , , , , , , , , , , , , , , , 
6.2671154, 0.0391089, , , , , , , 6.2671154, -0.1186694, , , , , , , 6.2671154, -0.0538796, , , , , , , 6.2671154, -0.0031891, , , , , , , , , , , , , , , , , , , , , , , , , , , , 
6.2676346, 0.0320592, , , , , , , 6.2676346, -0.0970169, , , , , , , 6.2676346, -0.061265, , , , , , , 6.2676346, 0.0072175, , , , , , , , , , , , , , , , , , , , , , , , , , , , 
6.2681538, 0.0179599, , , , , , , 6.2681538, -0.0540475, , , , , , , 6.2681538, -0.0676432, , , , , , , 6.2681538, 0.0206455, , , , , , , , , , , , , , , , , , , , , , , , , , , , 
6.2686731, -0.0016785, , , , , , , 6.2686731, -0.0129244, , , , , , , 6.2686731, -0.0721752, , , , , , , 6.2686731, 0.0327306, , , , , , , , , , , , , , , , , , , , , , , , , , , , 
6.2691923, -0.0149386, , , , , , , 6.2691923, 0.0102388, , , , , , , 6.2691923, -0.0706645, , , , , , , 6.2691923, 0.0387732, , , , , , , , , , , , , , , , , , , , , , , , , , , , 
6.2697115, -0.0196384, , , , , , , 6.2697115, 0.026688, , , , , , , 6.2697115, -0.0663005, , , , , , , 6.2697115, 0.0464942, , , , , , , , , , , , , , , , , , , , , , , , , , , , 
6.2702308, -0.0270237, , , , , , , 6.2702308, 0.0381018, , , , , , , 6.2702308, -0.0681468, , , , , , , 6.2702308, 0.0595865, , , , , , , , , , , , , , , , , , , , , , , , , , , , 
6.27075, -0.0428016, , , , , , , 6.27075, 0.0431373, , , , , , , 6.27075, -0.0708324, , , , , , , 6.27075, 0.0728466, , , , , , , , , , , , , , , , , , , , , , , , , , , , 
6.2712692, -0.0548867, , , , , , , 6.2712692, 0.0468299, , , , , , , 6.2712692, -0.0666361, , , , , , , 6.2712692, 0.0810712, , , , , , , , , , , , , , , , , , , , , , , , , , , , 
6.2717885, -0.0542153, , , , , , , 6.2717885, 0.0558938, , , , , , , 6.2717885, -0.0587472, , , , , , , 6.2717885, 0.082414, , , , , , , , , , , , , , , , , , , , , , , , , , , , 
6.2723077, -0.0506905, , , , , , , 6.2723077, 0.068986, , , , , , , 6.2723077, -0.0530404, , , , , , , 6.2723077, 0.0809033, , , , , , , , , , , , , , , , , , , , , , , , , , , , 
6.2728269, -0.0459907, , , , , , , 6.2728269, 0.0710002, , , , , , , 6.2728269, -0.0424659, , , , , , , 6.2728269, 0.0770428, , , , , , , , , , , , , , , , , , , , , , , , , , , , 
6.2733462, -0.0431373, , , , , , , 6.2733462, 0.0589151, , , , , , , 6.2733462, -0.0246738, , , , , , , 6.2733462, 0.0710002, , , , , , , , , , , , , , , , , , , , , , , , , , , , 
6.2738654, -0.0438087, , , , , , , 6.2738654, 0.0464942, , , , , , , 6.2738654, -0.0109102, , , , , , , 6.2738654, 0.0616007, , , , , , , , , , , , , , , , , , , , , , , , , , , , 
6.2743846, -0.042298, , , , , , , 6.2743846, 0.0327306, , , , , , , 6.2743846, -0.0001678, , , , , , , 6.2743846, 0.0506905, , , , , , , , , , , , , , , , , , , , , , , , , , , , 
6.2749038, -0.0344091, , , , , , , 6.2749038, 0.0172885, , , , , , , 6.2749038, 0.0078889, , , , , , , 6.2749038, 0.0411231, , , , , , , , , , , , , , , , , , , , , , , , , , , , 
6.2754231, -0.0209812, , , , , , , 6.2754231, 0.0159457, , , , , , , 6.2754231, 0.0129244, , , , , , , 6.2754231, 0.0317235, , , , , , , , , , , , , , , , , , , , , , , , , , , , 
6.2759423, -0.0035248, , , , , , , 6.2759423, 0.0417945, , , , , , , 6.2759423, 0.0159457, , , , , , , 6.2759423, 0.0260166, , , , , , , , , , , , , , , , , , , , , , , , , , , , 
6.2764615, 0.0125887, , , , , , , 6.2764615, 0.0773785, , , , , , , 6.2764615, 0.0206455, , , , , , , 6.2764615, 0.0229953, , , , , , , , , , , , , , , , , , , , , , , , , , , , 
6.2769808, 0.0293736, , , , , , , 6.2769808, 0.0919814, , , , , , , 6.2769808, 0.0253452, , , , , , , 6.2769808, 0.0206455, , , , , , , , , , , , , , , , , , , , , , , , , , , , 
6.2775, 0.0377661, , , , , , , 6.2775, 0.0948348, , , , , , , 6.2775, 0.0273594, , , , , , , 6.2775, 0.0179599, , , , , , , , , , , , , , , , , , , , , , , , , , , , 
6.2780192, 0.0327306, , , , , , , 6.2780192, 0.0867781, , , , , , , 6.2780192, 0.0256809, , , , , , , 6.2780192, 0.0149386, , , , , , , , , , , , , , , , , , , , , , , , , , , , 
6.2785385, 0.023331, , , , , , , 6.2785385, 0.0903029, , , , , , , 6.2785385, 0.023331, , , , , , , 6.2785385, 0.0142672, , , , , , , , , , , , , , , , , , , , , , , , , , , , 
6.2790577, 0.0199741, , , , , , , 6.2790577, 0.1366293, , , , , , , 6.2790577, 0.0253452, , , , , , , 6.2790577, 0.014435, , , , , , , , , , , , , , , , , , , , , , , , , , , , 
6.2795769, 0.0196384, , , , , , , 6.2795769, 0.1690242, , , , , , , 6.2795769, 0.0271916, , , , , , , 6.2795769, 0.0152743, , , , , , , , , , , , , , , , , , , , , , , , , , , , 
6.2800962, 0.0179599, , , , , , , 6.2800962, 0.1418326, , , , , , , 6.2800962, 0.026688, , , , , , , 6.2800962, 0.018967, , , , , , , , , , , , , , , , , , , , , , , , , , , , 
6.2806154, 0.0172885, , , , , , , 6.2806154, 0.0636149, , , , , , , 6.2806154, 0.0260166, , , , , , , 6.2806154, 0.021149, , , , , , , , , , , , , , , , , , , , , , , , , , , , 
6.2811346, 0.0231632, , , , , , , 6.2811346, -0.0307164, , , , , , , 6.2811346, 0.024506, , , , , , , 6.2811346, 0.0162814, , , , , , , , , , , , , , , , , , , , , , , , , , , , 
6.2816538, 0.0365911, , , , , , , 6.2816538, -0.1122911, , , , , , , 6.2816538, 0.0219883, , , , , , , 6.2816538, 0.0072175, , , , , , , , , , , , , , , , , , , , , , , , , , , , 
6.2821731, 0.0495155, , , , , , , 6.2821731, -0.1646601, , , , , , , 6.2821731, 0.0193027, , , , , , , 6.2821731, -0.0015106, , , , , , , , , , , , , , , , , , , , , , , , , , , , 
6.2826923, 0.0582437, , , , , , , 6.2826923, -0.1997406, , , , , , , 6.2826923, 0.0169528, , , , , , , 6.2826923, -0.008896, , , , , , , , , , , , , , , , , , , , , , , , , , , , 
6.2832115, 0.0622721, , , , , , , 6.2832115, -0.2385138, , , , , , , 6.2832115, 0.0152743, , , , , , , 6.2832115, -0.01561, , , , , , , , , , , , , , , , , , , , , , , , , , , , 
6.2837308, 0.0649577, , , , , , , 6.2837308, -0.2579843, , , , , , , 6.2837308, 0.0117494, , , , , , , 6.2837308, -0.0208133, , , , , , , , , , , , , , , , , , , , , , , , , , , , 
6.28425, 0.0726787, , , , , , , 6.28425, -0.2351568, , , , , , , 6.28425, 0.0077211, , , , , , , 6.28425, -0.0256809, , , , , , , , , , , , , , , , , , , , , , , , , , , , 
6.2847692, 0.0965133, , , , , , , 6.2847692, -0.1921874, , , , , , , 6.2847692, 0.0058747, , , , , , , 6.2847692, -0.030045, , , , , , , , , , , , , , , , , , , , , , , , , , , , 
6.2852885, 0.1119554, , , , , , , 6.2852885, -0.1599603, , , , , , , 6.2852885, 0.0028534, , , , , , , 6.2852885, -0.0310521, , , , , , , , , , , , , , , , , , , , , , , , , , , , 
6.2858077, 0.0965133, , , , , , , 6.2858077, -0.1388113, , , , , , , 6.2858077, -0.0011749, , , , , , , 6.2858077, -0.0283665, , , , , , , , , , , , , , , , , , , , , , , , , , , , 
6.2863269, 0.0736858, , , , , , , 6.2863269, -0.1082628, , , , , , , 6.2863269, -0.0018463, , , , , , , 6.2863269, -0.0198062, , , , , , , , , , , , , , , , , , , , , , , , , , , , 
6.2868462, 0.0558938, , , , , , , 6.2868462, -0.0780499, , , , , , , 6.2868462, -0.0008392, , , , , , , 6.2868462, -0.0097353, , , , , , , , , , , , , , , , , , , , , , , , , , , , 
6.2873654, 0.0394446, , , , , , , 6.2873654, -0.0572366, , , , , , , 6.2873654, -0.0008392, , , , , , , 6.2873654, -0.0035248, , , , , , , , , , , , , , , , , , , , , , , , , , , , 
6.2878846, 0.018967, , , , , , , 6.2878846, -0.0317235, , , , , , , 6.2878846, -0.0015106, , , , , , , 6.2878846, 0.0011749, , , , , , , , , , , , , , , , , , , , , , , , , , , , 
6.2884038, -0.0003357, , , , , , , 6.2884038, -0.0016785, , , , , , , 6.2884038, -0.0015106, , , , , , , 6.2884038, 0.0072175, , , , , , , , , , , , , , , , , , , , , , , , , , , , 
6.2889231, -0.0196384, , , , , , , 6.2889231, 0.0186313, , , , , , , 6.2889231, -0.0005035, , , , , , , 6.2889231, 0.0159457, , , , , , , , , , , , , , , , , , , , , , , , , , , , 
6.2894423, -0.0391089, , , , , , , 6.2894423, 0.0387732, , , , , , , 6.2894423, 0.0011749, , , , , , , 6.2894423, 0.0231632, , , , , , , , , , , , , , , , , , , , , , , , , , , , 
6.2899615, -0.0547189, , , , , , , 6.2899615, 0.0616007, , , , , , , 6.2899615, 0.002182, , , , , , , 6.2899615, 0.0287022, , , , , , , , , , , , , , , , , , , , , , , , , , , , 
6.2904808, -0.066804, , , , , , , 6.2904808, 0.0809033, , , , , , , 6.2904808, 0.0015106, , , , , , , 6.2904808, 0.0357519, , , , , , , , , , , , , , , , , , , , , , , , , , , , 
6.291, -0.0703288, , , , , , , 6.291, 0.0881209, , , , , , , 6.291, 0.0018463, , , , , , , 6.291, 0.0397803, , , , , , , , , , , , , , , , , , , , , , , , , , , , 
6.2915192, -0.0656291, , , , , , , 6.2915192, 0.0803998, , , , , , , 6.2915192, 0.0018463, , , , , , , 6.2915192, 0.0345769, , , , , , , , , , , , , , , , , , , , , , , , , , , , 
6.2920385, -0.057908, , , , , , , 6.2920385, 0.0694896, , , , , , , 6.2920385, 0.0025177, , , , , , , 6.2920385, 0.0253452, , , , , , , , , , , , , , , , , , , , , , , , , , , , 
6.2925577, -0.0503548, , , , , , , 6.2925577, 0.0609293, , , , , , , 6.2925577, 0.0031891, , , , , , , 6.2925577, 0.0209812, , , , , , , , , , , , , , , , , , , , , , , , , , , , 
6.2930769, -0.0454871, , , , , , , 6.2930769, 0.0428016, , , , , , , 6.2930769, 0.0035248, , , , , , , 6.2930769, 0.0219883, , , , , , , , , , , , , , , , , , , , , , , , , , , , 
6.2935962, -0.0337377, , , , , , , 6.2935962, 0.0082246, , , , , , , 6.2935962, 0.0038605, , , , , , , 6.2935962, 0.0256809, , , , , , , , , , , , , , , , , , , , , , , , , , , , 
6.2941154, -0.018967, , , , , , , 6.2941154, -0.0169528, , , , , , , 6.2941154, 0.005539, , , , , , , 6.2941154, 0.0303807, , , , , , , , , , , , , , , , , , , , , , , , , , , , 
6.2946346, -0.0149386, , , , , , , 6.2946346, -0.018967, , , , , , , 6.2946346, 0.0068818, , , , , , , 6.2946346, 0.0330663, , , , , , , , , , , , , , , , , , , , , , , , , , , , 
6.2951538, -0.0132601, , , , , , , 6.2951538, -0.0082246, , , , , , , 6.2951538, 0.0038605, , , , , , , 6.2951538, 0.0318914, , , , , , , , , , , , , , , , , , , , , , , , , , , , 
6.2956731, -0.0068818, , , , , , , 6.2956731, -0.0068818, , , , , , , 6.2956731, -0.0015106, , , , , , , 6.2956731, 0.0283665, , , , , , , , , , , , , , , , , , , , , , , , , , , , 
6.2961923, -0.0005035, , , , , , , 6.2961923, -0.0082246, , , , , , , 6.2961923, -0.0075532, , , , , , , 6.2961923, 0.0258488, , , , , , , , , , , , , , , , , , , , , , , , , , , , 
6.2967115, 0.0005035, , , , , , , 6.2967115, 0.0026856, , , , , , , 6.2967115, -0.0114137, , , , , , , 6.2967115, 0.0229953, , , , , , , , , , , , , , , , , , , , , , , , , , , , 
6.2972308, -0.002182, , , , , , , 6.2972308, 0.0186313, , , , , , , 6.2972308, -0.012253, , , , , , , 6.2972308, 0.0206455, , , , , , , , , , , , , , , , , , , , , , , , , , , , 
6.29775, -0.0045319, , , , , , , 6.29775, 0.051194, , , , , , , 6.29775, -0.0125887, , , , , , , 6.29775, 0.0181277, , , , , , , , , , , , , , , , , , , , , , , , , , , , 
6.2982692, -0.0045319, , , , , , , 6.2982692, 0.1136339, , , , , , , 6.2982692, -0.0129244, , , , , , , 6.2982692, 0.0127565, , , , , , , , , , , , , , , , , , , , , , , , , , , , 
6.2987885, -0.0001678, , , , , , , 6.2987885, 0.1596246, , , , , , , 6.2987885, -0.012253, , , , , , , 6.2987885, 0.0065461, , , , , , , , , , , , , , , , , , , , , , , , , , , , 
6.2993077, 0.0015106, , , , , , , 6.2993077, 0.1945373, , , , , , , 6.2993077, -0.0095674, , , , , , , 6.2993077, 0.0018463, , , , , , , , , , , , , , , , , , , , , , , , , , , , 
6.2998269, 0.0043641, , , , , , , 6.2998269, 0.2146792, , , , , , , 6.2998269, -0.0015106, , , , , , , 6.2998269, -0.0011749, , , , , , , , , , , , , , , , , , , , , , , , , , , , 
6.3003462, 0.0099031, , , , , , , 6.3003462, 0.1794308, , , , , , , 6.3003462, 0.0072175, , , , , , , 6.3003462, -0.0023499, , , , , , , , , , , , , , , , , , , , , , , , , , , , 
6.3008654, 0.0199741, , , , , , , 6.3008654, 0.1022202, , , , , , , 6.3008654, 0.0075532, , , , , , , 6.3008654, -0.0036927, , , , , , , , , , , , , , , , , , , , , , , , , , , , 
6.3013846, 0.0381018, , , , , , , 6.3013846, 0.0083925, , , , , , , 6.3013846, 0.0050355, , , , , , , 6.3013846, -0.0075532, , , , , , , , , , , , , , , , , , , , , , , , , , , , 
6.3019038, 0.0641184, , , , , , , 6.3019038, -0.0991989, , , , , , , 6.3019038, 0.0025177, , , , , , , 6.3019038, -0.0139315, , , , , , , , , , , , , , , , , , , , , , , , , , , , 
6.3024231, 0.0881209, , , , , , , 6.3024231, -0.1884947, , , , , , , 6.3024231, -0.0035248, , , , , , , 6.3024231, -0.0179599, , , , , , , , , , , , , , , , , , , , , , , , , , , , 
6.3029423, 0.0961776, , , , , , , 6.3029423, -0.2291142, , , , , , , 6.3029423, -0.0109102, , , , , , , 6.3029423, -0.0193027, , , , , , , , , , , , , , , , , , , , , , , , , , , , 
6.3034615, 0.0894636, , , , , , , 6.3034615, -0.2252537, , , , , , , 6.3034615, -0.0151064, , , , , , , 6.3034615, -0.0193027, , , , , , , , , , , , , , , , , , , , , , , , , , , , 
6.3039808, 0.0830854, , , , , , , 6.3039808, -0.2015869, , , , , , , 6.3039808, -0.0226596, , , , , , , 6.3039808, -0.021149, , , , , , , , , , , , , , , , , , , , , , , , , , , , 
6.3045, 0.0840925, , , , , , , 6.3045, -0.1784237, , , , , , , 6.3045, -0.0325628, , , , , , , 6.3045, -0.0182956, , , , , , , , , , , , , , , , , , , , , , , , , , , , 
6.3050192, 0.0835889, , , , , , , 6.3050192, -0.139147, , , , , , , 6.3050192, -0.0417945, , , , , , , 6.3050192, -0.0112459, , , , , , , , , , , , , , , , , , , , , , , , , , , , 
6.3055385, 0.0696574, , , , , , , 6.3055385, -0.0740215, , , , , , , 6.3055385, -0.0473335, , , , , , , 6.3055385, -0.0078889, , , , , , , , , , , , , , , , , , , , , , , , , , , , 
6.3060577, 0.0493477, , , , , , , 6.3060577, -0.0263523, , , , , , , 6.3060577, -0.0498512, , , , , , , 6.3060577, -0.0035248, , , , , , , , , , , , , , , , , , , , , , , , , , , , 
6.3065769, 0.0397803, , , , , , , 6.3065769, -0.0285344, , , , , , , 6.3065769, -0.0485084, , , , , , , 6.3065769, 0.005539, , , , , , , , , , , , , , , , , , , , , , , , , , , , 
6.3070962, 0.0412909, , , , , , , 6.3070962, -0.0609293, , , , , , , 6.3070962, -0.0424659, , , , , , , 6.3070962, 0.0152743, , , , , , , , , , , , , , , , , , , , , , , , , , , , 
6.3076154, 0.0387732, , , , , , , 6.3076154, -0.0746929, , , , , , , 6.3076154, -0.0317235, , , , , , , 6.3076154, 0.0226596, , , , , , , , , , , , , , , , , , , , , , , , , , , , 
6.3081346, 0.0265202, , , , , , , 6.3081346, -0.047837, , , , , , , 6.3081346, -0.023331, , , , , , , 6.3081346, 0.0293736, , , , , , , , , , , , , , , , , , , , , , , , , , , , 
6.3086538, 0.0112459, , , , , , , 6.3086538, -0.0041962, , , , , , , 6.3086538, -0.0193027, , , , , , , 6.3086538, 0.0370947, , , , , , , , , , , , , , , , , , , , , , , , , , , , 
6.3091731, -0.0008392, , , , , , , 6.3091731, 0.0229953, , , , , , , 6.3091731, -0.0176242, , , , , , , 6.3091731, 0.0449836, , , , , , , , , , , , , , , , , , , , , , , , , , , , 
6.3096923, -0.0129244, , , , , , , 6.3096923, 0.0347448, , , , , , , 6.3096923, -0.0169528, , , , , , , 6.3096923, 0.0495155, , , , , , , , , , , , , , , , , , , , , , , , , , , , 
6.3102115, -0.0263523, , , , , , , 6.3102115, 0.0760357, , , , , , , 6.3102115, -0.0119173, , , , , , , 6.3102115, 0.0528725, , , , , , , , , , , , , , , , , , , , , , , , , , , , 
6.3107308, -0.0374304, , , , , , , 6.3107308, 0.1287404, , , , , , , 6.3107308, -0.0001678, , , , , , , 6.3107308, 0.0515297, , , , , , , , , , , , , , , , , , , , , , , , , , , , 
6.31125, -0.0431373, , , , , , , 6.31125, 0.1052415, , , , , , , 6.31125, 0.0077211, , , , , , , 6.31125, 0.0459907, , , , , , , , , , , , , , , , , , , , , , , , , , , , 
6.3117692, -0.0381018, , , , , , , 6.3117692, 0.0236667, , , , , , , 6.3117692, 0.0102388, , , , , , , 6.3117692, 0.0391089, , , , , , , , , , , , , , , , , , , , , , , , , , , , 
6.3122885, -0.0238346, , , , , , , 6.3122885, 0.0172885, , , , , , , 6.3122885, 0.0186313, , , , , , , 6.3122885, 0.0293736, , , , , , , , , , , , , , , , , , , , , , , , , , , , 
6.3128077, -0.0151064, , , , , , , 6.3128077, 0.0720073, , , , , , , 6.3128077, 0.0290379, , , , , , , 6.3128077, 0.0199741, , , , , , , , , , , , , , , , , , , , , , , , , , , , 
6.3133269, -0.0132601, , , , , , , 6.3133269, 0.0594186, , , , , , , 6.3133269, 0.040116, , , , , , , 6.3133269, 0.0129244, , , , , , , , , , , , , , , , , , , , , , , , , , , , 
6.3138462, -0.012253, , , , , , , 6.3138462, 0.0193027, , , , , , , 6.3138462, 0.0520333, , , , , , , 6.3138462, 0.0083925, , , , , , , , , , , , , , , , , , , , , , , , , , , , 
6.3143654, -0.0132601, , , , , , , 6.3143654, 0.0602579, , , , , , , 6.3143654, 0.0485084, , , , , , , 6.3143654, 0.0052033, , , , , , , , , , , , , , , , , , , , , , , , , , , , 
6.3148846, -0.0149386, , , , , , , 6.3148846, 0.1294118, , , , , , , 6.3148846, 0.03122, , , , , , , 6.3148846, 0.0011749, , , , , , , , , , , , , , , , , , , , , , , , , , , , 
6.3154038, -0.0132601, , , , , , , 6.3154038, 0.1149767, , , , , , , 6.3154038, 0.0213169, , , , , , , 6.3154038, -0.0028534, , , , , , , , , , , , , , , , , , , , , , , , , , , , 
6.3159231, -0.0082246, , , , , , , 6.3159231, 0.0421302, , , , , , , 6.3159231, 0.0246738, , , , , , , 6.3159231, -0.0050355, , , , , , , , , , , , , , , , , , , , , , , , , , , , 
6.3164423, -0.0008392, , , , , , , 6.3164423, 0.0087282, , , , , , , 6.3164423, 0.0139315, , , , , , , 6.3164423, -0.0062104, , , , , , , , , , , , , , , , , , , , , , , , , , , , 
6.3169615, 0.0052033, , , , , , , 6.3169615, 0.0070497, , , , , , , 6.3169615, -0.018967, , , , , , , 6.3169615, -0.0065461, , , , , , , , , , , , , , , , , , , , , , , , , , , , 
6.3174808, 0.0078889, , , , , , , 6.3174808, -0.0152743, , , , , , , 6.3174808, -0.0557259, , , , , , , 6.3174808, -0.0085603, , , , , , , , , , , , , , , , , , , , , , , , , , , , 
6.318, 0.0095674, , , , , , , 6.318, -0.0485084, , , , , , , 6.318, -0.0773785, , , , , , , 6.318, -0.0095674, , , , , , , , , , , , , , , , , , , , , , , , , , , , 
6.3185192, 0.0199741, , , , , , , 6.3185192, -0.0636149, , , , , , , 6.3185192, -0.0861067, , , , , , , 6.3185192, -0.0092317, , , , , , , , , , , , , , , , , , , , , , , , , , , , 
6.3190385, 0.0283665, , , , , , , 6.3190385, -0.1008774, , , , , , , 6.3190385, -0.0884565, , , , , , , 6.3190385, -0.0095674, , , , , , , , , , , , , , , , , , , , , , , , , , , , 
6.3195577, 0.0280308, , , , , , , 6.3195577, -0.1896696, , , , , , , 6.3195577, -0.085771, , , , , , , 6.3195577, -0.0095674, , , , , , , , , , , , , , , , , , , , , , , , , , , , 
6.3200769, 0.0236667, , , , , , , 6.3200769, -0.2663767, , , , , , , 6.3200769, -0.0830854, , , , , , , 6.3200769, -0.0104067, , , , , , , , , , , , , , , , , , , , , , , , , , , , 
6.3205962, 0.0182956, , , , , , , 6.3205962, -0.2606699, , , , , , , 6.3205962, -0.0918135, , , , , , , 6.3205962, -0.0105745, , , , , , , , , , , , , , , , , , , , , , , , , , , , 
6.3211154, 0.0179599, , , , , , , 6.3211154, -0.1921874, , , , , , , 6.3211154, -0.096849, , , , , , , 6.3211154, -0.0102388, , , , , , , , , , , , , , , , , , , , , , , , , , , , 
6.3216346, 0.0285344, , , , , , , 6.3216346, -0.1210193, , , , , , , 6.3216346, -0.0877852, , , , , , , 6.3216346, -0.012253, , , , , , , , , , , , , , , , , , , , , , , , , , , , 
6.3221538, 0.04448, , , , , , , 6.3221538, -0.0364233, , , , , , , 6.3221538, -0.0673075, , , , , , , 6.3221538, -0.01561, , , , , , , , , , , , , , , , , , , , , , , , , , , , 
6.3226731, 0.0616007, , , , , , , 6.3226731, 0.0548867, , , , , , , 6.3226731, -0.0458228, , , , , , , 6.3226731, -0.0176242, , , , , , , , , , , , , , , , , , , , , , , , , , , , 
6.3231923, 0.0787213, , , , , , , 6.3231923, 0.0760357, , , , , , , 6.3231923, -0.0250095, , , , , , , 6.3231923, -0.0196384, , , , , , , , , , , , , , , , , , , , , , , , , , , , 
6.3237115, 0.093492, , , , , , , 6.3237115, 0.0283665, , , , , , , 6.3237115, -0.0050355, , , , , , , 6.3237115, -0.018967, , , , , , , , , , , , , , , , , , , , , , , , , , , , 
6.3242308, 0.0975204, , , , , , , 6.3242308, -0.0270237, , , , , , , 6.3242308, 0.0104067, , , , , , , 6.3242308, -0.0139315, , , , , , , , , , , , , , , , , , , , , , , , , , , , 
6.32475, 0.0871138, , , , , , , 6.32475, -0.082414, , , , , , , 6.32475, 0.0206455, , , , , , , 6.32475, -0.0048676, , , , , , , , , , , , , , , , , , , , , , , , , , , , 
6.3252692, 0.0703288, , , , , , , 6.3252692, -0.1183337, , , , , , , 6.3252692, 0.0251774, , , , , , , 6.3252692, 0.0058747, , , , , , , , , , , , , , , , , , , , , , , , , , , , 
6.3257885, 0.0562295, , , , , , , 6.3257885, -0.0995346, , , , , , , 6.3257885, 0.0203098, , , , , , , 6.3257885, 0.0166171, , , , , , , , , , , , , , , , , , , , , , , , , , , , 
6.3263077, 0.0381018, , , , , , , 6.3263077, -0.0471656, , , , , , , 6.3263077, 0.0115816, , , , , , , 6.3263077, 0.0253452, , , , , , , , , , , , , , , , , , , , , , , , , , , , 
6.3268269, 0.0179599, , , , , , , 6.3268269, -0.0125887, , , , , , , 6.3268269, 0.005539, , , , , , , 6.3268269, 0.030045, , , , , , , , , , , , , , , , , , , , , , , , , , , , 
6.3273462, 0.0038605, , , , , , , 6.3273462, 0.0090639, , , , , , , 6.3273462, 0.0068818, , , , , , , 6.3273462, 0.0347448, , , , , , , , , , , , , , , , , , , , , , , , , , , , 
6.3278654, -0.0092317, , , , , , , 6.3278654, 0.0387732, , , , , , , 6.3278654, 0.0115816, , , , , , , 6.3278654, 0.0412909, , , , , , , , , , , , , , , , , , , , , , , , , , , , 
6.3283846, -0.0246738, , , , , , , 6.3283846, 0.0649577, , , , , , , 6.3283846, 0.0132601, , , , , , , 6.3283846, 0.0508583, , , , , , , , , , , , , , , , , , , , , , , , , , , , 
6.3289038, -0.0417945, , , , , , , 6.3289038, 0.0703288, , , , , , , 6.3289038, 0.0117494, , , , , , , 6.3289038, 0.0582437, , , , , , , , , , , , , , , , , , , , , , , , , , , , 
6.3294231, -0.054551, , , , , , , 6.3294231, 0.0599222, , , , , , , 6.3294231, 0.0092317, , , , , , , 6.3294231, 0.063447, , , , , , , , , , , , , , , , , , , , , , , , , , , , 
6.3299423, -0.0572366, , , , , , , 6.3299423, 0.047837, , , , , , , 6.3299423, 0.008896, , , , , , , 6.3299423, 0.0676432, , , , , , , , , , , , , , , , , , , , , , , , , , , , 
6.3304615, -0.0542153, , , , , , , 6.3304615, 0.0411231, , , , , , , 6.3304615, 0.0135958, , , , , , , 6.3304615, 0.0730144, , , , , , , , , , , , , , , , , , , , , , , , , , , , 
6.3309808, -0.0515297, , , , , , , 6.3309808, 0.0404517, , , , , , , 6.3309808, 0.0184634, , , , , , , 6.3309808, 0.0787213, , , , , , , , , , , , , , , , , , , , , , , , , , , , 
6.3315, -0.0485084, , , , , , , 6.3315, 0.0387732, , , , , , , 6.3315, 0.0203098, , , , , , , 6.3315, 0.0763714, , , , , , , , , , , , , , , , , , , , , , , , , , , , 
6.3320192, -0.0419623, , , , , , , 6.3320192, 0.0330663, , , , , , , 6.3320192, 0.0193027, , , , , , , 6.3320192, 0.0669718, , , , , , , , , , , , , , , , , , , , , , , , , , , , 
6.3325385, -0.0317235, , , , , , , 6.3325385, 0.0226596, , , , , , , 6.3325385, 0.0179599, , , , , , , 6.3325385, 0.0569009, , , , , , , , , , , , , , , , , , , , , , , , , , , , 
6.3330577, -0.0203098, , , , , , , 6.3330577, 0.0193027, , , , , , , 6.3330577, 0.0139315, , , , , , , 6.3330577, 0.0501869, , , , , , , , , , , , , , , , , , , , , , , , , , , , 
6.3335769, -0.0102388, , , , , , , 6.3335769, 0.0488441, , , , , , , 6.3335769, 0.008896, , , , , , , 6.3335769, 0.0428016, , , , , , , , , , , , , , , , , , , , , , , , , , , , 
6.3340962, 0.0005035, , , , , , , 6.3340962, 0.0822461, , , , , , , 6.3340962, 0.0041962, , , , , , , 6.3340962, 0.0347448, , , , , , , , , , , , , , , , , , , , , , , , , , , , 
6.3346154, 0.0092317, , , , , , , 6.3346154, 0.0773785, , , , , , , 6.3346154, 0.002182, , , , , , , 6.3346154, 0.0260166, , , , , , , , , , , , , , , , , , , , , , , , , , , , 
6.3351346, 0.0149386, , , , , , , 6.3351346, 0.0548867, , , , , , , 6.3351346, -0.0001678, , , , , , , 6.3351346, 0.0186313, , , , , , , , , , , , , , , , , , , , , , , , , , , , 
6.3356538, 0.0179599, , , , , , , 6.3356538, 0.0599222, , , , , , , 6.3356538, -0.0028534, , , , , , , 6.3356538, 0.0124208, , , , , , , , , , , , , , , , , , , , , , , , , , , , 
6.3361731, 0.0119173, , , , , , , 6.3361731, 0.0931563, , , , , , , 6.3361731, -0.0048676, , , , , , , 6.3361731, 0.0078889, , , , , , , , , , , , , , , , , , , , , , , , , , , , 
6.3366923, 0.0038605, , , , , , , 6.3366923, 0.1337758, , , , , , , 6.3366923, -0.0072175, , , , , , , 6.3366923, 0.0045319, , , , , , , , , , , , , , , , , , , , , , , , , , , , 
6.3372115, -0.0015106, , , , , , , 6.3372115, 0.1282368, , , , , , , 6.3372115, -0.0092317, , , , , , , 6.3372115, 0.0001678, , , , , , , , , , , , , , , , , , , , , , , , , , , , 
6.3377308, -0.0001678, , , , , , , 6.3377308, 0.0629435, , , , , , , 6.3377308, -0.0085603, , , , , , , 6.3377308, -0.0018463, , , , , , , , , , , , , , , , , , , , , , , , , , , , 
6.33825, 0.0085603, , , , , , , 6.33825, -0.0149386, , , , , , , 6.33825, -0.0052033, , , , , , , 6.33825, -0.0041962, , , , , , , , , , , , , , , , , , , , , , , , , , , , 
6.3387692, 0.0179599, , , , , , , 6.3387692, -0.0609293, , , , , , , 6.3387692, -0.0038605, , , , , , , 6.3387692, -0.0075532, , , , , , , , , , , , , , , , , , , , , , , , , , , , 
6.3392885, 0.0209812, , , , , , , 6.3392885, -0.1067521, , , , , , , 6.3392885, -0.0041962, , , , , , , 6.3392885, -0.0082246, , , , , , , , , , , , , , , , , , , , , , , , , , , , 
6.3398077, 0.0139315, , , , , , , 6.3398077, -0.1555962, , , , , , , 6.3398077, -0.005539, , , , , , , 6.3398077, -0.0075532, , , , , , , , , , , , , , , , , , , , , , , , , , , , 
6.3403269, 0.0092317, , , , , , , 6.3403269, -0.1441825, , , , , , , 6.3403269, -0.0045319, , , , , , , 6.3403269, -0.0095674, , , , , , , , , , , , , , , , , , , , , , , , , , , , 
6.3408462, 0.0146029, , , , , , , 6.3408462, -0.0720073, , , , , , , 6.3408462, -0.0052033, , , , , , , 6.3408462, -0.0109102, , , , , , , , , , , , , , , , , , , , , , , , , , , , 
6.3413654, 0.0317235, , , , , , , 6.3413654, -0.0323949, , , , , , , 6.3413654, -0.0028534, , , , , , , 6.3413654, -0.0125887, , , , , , , , , , , , , , , , , , , , , , , , , , , , 
6.3418846, 0.0513619, , , , , , , 6.3418846, -0.0491798, , , , , , , 6.3418846, 0.0030213, , , , , , , 6.3418846, -0.0199741, , , , , , , , , , , , , , , , , , , , , , , , , , , , 
6.3424038, 0.0622721, , , , , , , 6.3424038, -0.054551, , , , , , , 6.3424038, 0.0058747, , , , , , , 6.3424038, -0.027863, , , , , , , , , , , , , , , , , , , , , , , , , , , , 
6.3429231, 0.0674754, , , , , , , 6.3429231, -0.0263523, , , , , , , 6.3429231, 0.008896, , , , , , , 6.3429231, -0.0323949, , , , , , , , , , , , , , , , , , , , , , , , , , , , 
6.3434423, 0.0757, , , , , , , 6.3434423, 0.0129244, , , , , , , 6.3434423, 0.0119173, , , , , , , 6.3434423, -0.0344091, , , , , , , , , , , , , , , , , , , , , , , , , , , , 
6.3439615, 0.082414, , , , , , , 6.3439615, 0.0359197, , , , , , , 6.3439615, 0.0124208, , , , , , , 6.3439615, -0.0347448, , , , , , , , , , , , , , , , , , , , , , , , , , , , 
6.3444808, 0.0844282, , , , , , , 6.3444808, 0.0307164, , , , , , , 6.3444808, 0.0124208, , , , , , , 6.3444808, -0.0318914, , , , , , , , , , , , , , , , , , , , , , , , , , , , 
6.345, 0.0800641, , , , , , , 6.345, 0.0176242, , , , , , , 6.345, 0.0117494, , , , , , , 6.345, -0.0271916, , , , , , , , , , , , , , , , , , , , , , , , , , , , 
6.3455192, 0.072343, , , , , , , 6.3455192, 0.0078889, , , , , , , 6.3455192, 0.0085603, , , , , , , 6.3455192, -0.0193027, , , , , , , , , , , , , , , , , , , , , , , , , , , , 
6.3460385, 0.0659648, , , , , , , 6.3460385, -0.0129244, , , , , , , 6.3460385, 0.0050355, , , , , , , 6.3460385, -0.012253, , , , , , , , , , , , , , , , , , , , , , , , , , , , 
6.3465577, 0.0609293, , , , , , , 6.3465577, -0.0315557, , , , , , , 6.3465577, 0.0036927, , , , , , , 6.3465577, -0.0052033, , , , , , , , , , , , , , , , , , , , , , , , , , , , 
6.3470769, 0.0532082, , , , , , , 6.3470769, -0.012253, , , , , , , 6.3470769, 0.0052033, , , , , , , 6.3470769, 0.0025177, , , , , , , , , , , , , , , , , , , , , , , , , , , , 
6.3475962, 0.0387732, , , , , , , 6.3475962, 0.026688, , , , , , , 6.3475962, 0.0041962, , , , , , , 6.3475962, 0.0092317, , , , , , , , , , , , , , , , , , , , , , , , , , , , 
6.3481154, 0.0169528, , , , , , , 6.3481154, 0.0414588, , , , , , , 6.3481154, 0.0003357, , , , , , , 6.3481154, 0.0172885, , , , , , , , , , , , , , , , , , , , , , , , , , , , 
6.3486346, -0.0031891, , , , , , , 6.3486346, 0.04448, , , , , , , 6.3486346, -0.0028534, , , , , , , 6.3486346, 0.023331, , , , , , , , , , , , , , , , , , , , , , , , , , , , 
6.3491538, -0.0176242, , , , , , , 6.3491538, 0.0501869, , , , , , , 6.3491538, -0.0048676, , , , , , , 6.3491538, 0.0253452, , , , , , , , , , , , , , , , , , , , , , , , , , , , 
6.3496731, -0.03122, , , , , , , 6.3496731, 0.0555581, , , , , , , 6.3496731, -0.0082246, , , , , , , 6.3496731, 0.0290379, , , , , , , , , , , , , , , , , , , , , , , , , , , , 
6.3501923, -0.0419623, , , , , , , 6.3501923, 0.0686503, , , , , , , 6.3501923, -0.0166171, , , , , , , 6.3501923, 0.0354162, , , , , , , , , , , , , , , , , , , , , , , , , , , , 
6.3507115, -0.0466621, , , , , , , 6.3507115, 0.0998703, , , , , , , 6.3507115, -0.0261845, , , , , , , 6.3507115, 0.0414588, , , , , , , , , , , , , , , , , , , , , , , , , , , , 
6.3512308, -0.0493477, , , , , , , 6.3512308, 0.1366293, , , , , , , 6.3512308, -0.0332341, , , , , , , 6.3512308, 0.0411231, , , , , , , , , , , , , , , , , , , , , , , , , , , , 
6.35175, -0.0540475, , , , , , , 6.35175, 0.181445, , , , , , , 6.35175, -0.0397803, , , , , , , 6.35175, 0.0352483, , , , , , , , , , , , , , , , , , , , , , , , , , , , 
6.3522692, -0.0585794, , , , , , , 6.3522692, 0.1905089, , , , , , , 6.3522692, -0.04448, , , , , , , 6.3522692, 0.030045, , , , , , , , , , , , , , , , , , , , , , , , , , , , 
6.3527885, -0.0597543, , , , , , , 6.3527885, 0.1371328, , , , , , , 6.3527885, -0.0448157, , , , , , , 6.3527885, 0.0263523, , , , , , , , , , , , , , , , , , , , , , , , , , , , 
6.3533077, -0.0562295, , , , , , , 6.3533077, 0.0533761, , , , , , , 6.3533077, -0.0417945, , , , , , , 6.3533077, 0.024506, , , , , , , , , , , , , , , , , , , , , , , , , , , , 
6.3538269, -0.0424659, , , , , , , 6.3538269, -0.051194, , , , , , , 6.3538269, -0.0391089, , , , , , , 6.3538269, 0.0263523, , , , , , , , , , , , , , , , , , , , , , , , , , , , 
6.3543462, -0.0186313, , , , , , , 6.3543462, -0.1451896, , , , , , , 6.3543462, -0.0359197, , , , , , , 6.3543462, 0.026688, , , , , , , , , , , , , , , , , , , , , , , , , , , , 
6.3548654, 0.002182, , , , , , , 6.3548654, -0.2123293, , , , , , , 6.3548654, -0.0310521, , , , , , , 6.3548654, 0.0243381, , , , , , , , , , , , , , , , , , , , , , , , , , , , 
6.3553846, 0.0072175, , , , , , , 6.3553846, -0.2690623, , , , , , , 6.3553846, -0.0243381, , , , , , , 6.3553846, 0.0226596, , , , , , , , , , , , , , , , , , , , , , , , , , , , 
6.3559038, 0.0016785, , , , , , , 6.3559038, -0.315053, , , , , , , 6.3559038, -0.0166171, , , , , , , 6.3559038, 0.0191348, , , , , , , , , , , , , , , , , , , , , , , , , , , , 
6.3564231, -0.0062104, , , , , , , 6.3564231, -0.3120317, , , , , , , 6.3564231, -0.0129244, , , , , , , 6.3564231, 0.0151064, , , , , , , , , , , , , , , , , , , , , , , , , , , , 
6.3569423, -0.0082246, , , , , , , 6.3569423, -0.2472419, , , , , , , 6.3569423, -0.0135958, , , , , , , 6.3569423, 0.0129244, , , , , , , , , , , , , , , , , , , , , , , , , , , , 
6.3574615, -0.0078889, , , , , , , 6.3574615, -0.1488823, , , , , , , 6.3574615, -0.0102388, , , , , , , 6.3574615, 0.0124208, , , , , , , , , , , , , , , , , , , , , , , , , , , , 
6.3579808, -0.0075532, , , , , , , 6.3579808, -0.0451514, , , , , , , 6.3579808, -0.0045319, , , , , , , 6.3579808, 0.0119173, , , , , , , , , , , , , , , , , , , , , , , , , , , , 
6.3585, -0.0052033, , , , , , , 6.3585, 0.0253452, , , , , , , 6.3585, -0.0025177, , , , , , , 6.3585, 0.0105745, , , , , , , , , , , , , , , , , , , , , , , , , , , , 
6.3590192, 0.0031891, , , , , , , 6.3590192, 0.0661326, , , , , , , 6.3590192, -0.0008392, , , , , , , 6.3590192, 0.0078889, , , , , , , , , , , , , , , , , , , , , , , , , , , , 
6.3595385, 0.0083925, , , , , , , 6.3595385, 0.0696574, , , , , , , 6.3595385, 0.0010071, , , , , , , 6.3595385, 0.0070497, , , , , , , , , , , , , , , , , , , , , , , , , , , , 
6.3600577, 0.0078889, , , , , , , 6.3600577, 0.0226596, , , , , , , 6.3600577, 0.0003357, , , , , , , 6.3600577, 0.0058747, , , , , , , , , , , , , , , , , , , , , , , , , , , , 
6.3605769, 0.0102388, , , , , , , 6.3605769, -0.0250095, , , , , , , 6.3605769, -0.0011749, , , , , , , 6.3605769, 0.0058747, , , , , , , , , , , , , , , , , , , , , , , , , , , , 
6.3610962, 0.0186313, , , , , , , 6.3610962, -0.0391089, , , , , , , 6.3610962, -0.0015106, , , , , , , 6.3610962, 0.0038605, , , , , , , , , , , , , , , , , , , , , , , , , , , , 
6.3616154, 0.0310521, , , , , , , 6.3616154, -0.0340734, , , , , , , 6.3616154, 0.0025177, , , , , , , 6.3616154, -0.0048676, , , , , , , , , , , , , , , , , , , , , , , , , , , , 
6.3621346, 0.0428016, , , , , , , 6.3621346, -0.0204776, , , , , , , 6.3621346, 0.0077211, , , , , , , 6.3621346, -0.0137636, , , , , , , , , , , , , , , , , , , , , , , , , , , , 
6.3626538, 0.0493477, , , , , , , 6.3626538, -0.0025177, , , , , , , 6.3626538, 0.0129244, , , , , , , 6.3626538, -0.0206455, , , , , , , , , , , , , , , , , , , , , , , , , , , , 
6.3631731, 0.0498512, , , , , , , 6.3631731, 0.0045319, , , , , , , 6.3631731, 0.0209812, , , , , , , 6.3631731, -0.0223239, , , , , , , , , , , , , , , , , , , , , , , , , , , , 
6.3636923, 0.0458228, , , , , , , 6.3636923, -0.0095674, , , , , , , 6.3636923, 0.026688, , , , , , , 6.3636923, -0.0196384, , , , , , , , , , , , , , , , , , , , , , , , , , , , 
6.3642115, 0.04448, , , , , , , 6.3642115, -0.0243381, , , , , , , 6.3642115, 0.0260166, , , , , , , 6.3642115, -0.0146029, , , , , , , , , , , , , , , , , , , , , , , , , , , , 
6.3647308, 0.047837, , , , , , , 6.3647308, -0.0203098, , , , , , , 6.3647308, 0.018967, , , , , , , 6.3647308, -0.008896, , , , , , , , , , , , , , , , , , , , , , , , , , , , 
6.36525, 0.0522011, , , , , , , 6.36525, -0.0005035, , , , , , , 6.36525, 0.0099031, , , , , , , 6.36525, -0.0011749, , , , , , , , , , , , , , , , , , , , , , , , , , , , 
6.3657692, 0.0463264, , , , , , , 6.3657692, 0.0250095, , , , , , , 6.3657692, -0.0001678, , , , , , , 6.3657692, 0.0070497, , , , , , , , , , , , , , , , , , , , , , , , , , , , 
6.3662885, 0.0387732, , , , , , , 6.3662885, 0.0542153, , , , , , , 6.3662885, -0.0085603, , , , , , , 6.3662885, 0.0112459, , , , , , , , , , , , , , , , , , , , , , , , , , , , 
6.3668077, 0.0364233, , , , , , , 6.3668077, 0.0694896, , , , , , , 6.3668077, -0.0172885, , , , , , , 6.3668077, 0.0115816, , , , , , , , , , , , , , , , , , , , , , , , , , , , 
6.3673269, 0.043473, , , , , , , 6.3673269, 0.0562295, , , , , , , 6.3673269, -0.0318914, , , , , , , 6.3673269, 0.0139315, , , , , , , , , , , , , , , , , , , , , , , , , , , , 
6.3678462, 0.0433051, , , , , , , 6.3678462, 0.0223239, , , , , , , 6.3678462, -0.0458228, , , , , , , 6.3678462, 0.0216526, , , , , , , , , , , , , , , , , , , , , , , , , , , , 
6.3683654, 0.0305486, , , , , , , 6.3683654, -0.0125887, , , , , , , 6.3683654, -0.0493477, , , , , , , 6.3683654, 0.0293736, , , , , , , , , , , , , , , , , , , , , , , , , , , , 
6.3688846, 0.0199741, , , , , , , 6.3688846, -0.0327306, , , , , , , 6.3688846, -0.043473, , , , , , , 6.3688846, 0.0347448, , , , , , , , , , , , , , , , , , , , , , , , , , , , 
6.3694038, 0.0125887, , , , , , , 6.3694038, -0.0236667, , , , , , , 6.3694038, -0.0285344, , , , , , , 6.3694038, 0.0372625, , , , , , , , , , , , , , , , , , , , , , , , , , , , 
6.3699231, 0.0008392, , , , , , , 6.3699231, -0.0001678, , , , , , , 6.3699231, -0.0112459, , , , , , , 6.3699231, 0.0411231, , , , , , , , , , , , , , , , , , , , , , , , , , , , 
6.3704423, -0.0062104, , , , , , , 6.3704423, 0.0206455, , , , , , , 6.3704423, 0.0001678, , , , , , , 6.3704423, 0.0441444, , , , , , , , , , , , , , , , , , , , , , , , , , , , 
6.3709615, -0.0016785, , , , , , , 6.3709615, 0.043473, , , , , , , 6.3709615, 0.0075532, , , , , , , 6.3709615, 0.0464942, , , , , , , , , , , , , , , , , , , , , , , , , , , , 
6.3714808, 0.0068818, , , , , , , 6.3714808, 0.0663005, , , , , , , 6.3714808, 0.0104067, , , , , , , 6.3714808, 0.0441444, , , , , , , , , , , , , , , , , , , , , , , , , , , , 
6.372, 0.0125887, , , , , , , 6.372, 0.100206, , , , , , , 6.372, 0.0092317, , , , , , , 6.372, 0.0394446, , , , , , , , , , , , , , , , , , , , , , , , , , , , 
6.3725192, 0.0196384, , , , , , , 6.3725192, 0.1082628, , , , , , , 6.3725192, 0.0058747, , , , , , , 6.3725192, 0.0327306, , , , , , , , , , , , , , , , , , , , , , , , , , , , 
6.3730385, 0.0216526, , , , , , , 6.3730385, 0.0767071, , , , , , , 6.3730385, 0.0015106, , , , , , , 6.3730385, 0.026688, , , , , , , , , , , , , , , , , , , , , , , , , , , , 
6.3735577, 0.0206455, , , , , , , 6.3735577, 0.0459907, , , , , , , 6.3735577, -0.0001678, , , , , , , 6.3735577, 0.0223239, , , , , , , , , , , , , , , , , , , , , , , , , , , , 
6.3740769, 0.0206455, , , , , , , 6.3740769, 0.072343, , , , , , , 6.3740769, -0.0023499, , , , , , , 6.3740769, 0.0164492, , , , , , , , , , , , , , , , , , , , , , , , , , , , 
6.3745962, 0.0221561, , , , , , , 6.3745962, 0.1592889, , , , , , , 6.3745962, -0.0072175, , , , , , , 6.3745962, 0.0119173, , , , , , , , , , , , , , , , , , , , , , , , , , , , 
6.3751154, 0.0271916, , , , , , , 6.3751154, 0.2250858, , , , , , , 6.3751154, -0.0112459, , , , , , , 6.3751154, 0.0112459, , , , , , , , , , , , , , , , , , , , , , , , , , , , 
6.3756346, 0.0313878, , , , , , , 6.3756346, 0.209308, , , , , , , 6.3756346, -0.0139315, , , , , , , 6.3756346, 0.0119173, , , , , , , , , , , , , , , , , , , , , , , , , , , , 
6.3761538, 0.030045, , , , , , , 6.3761538, 0.1005417, , , , , , , 6.3761538, -0.0182956, , , , , , , 6.3761538, 0.0125887, , , , , , , , , , , , , , , , , , , , , , , , , , , , 
6.3766731, 0.0240024, , , , , , , 6.3766731, -0.093492, , , , , , , 6.3766731, -0.0203098, , , , , , , 6.3766731, 0.0112459, , , , , , , , , , , , , , , , , , , , , , , , , , , , 
6.3771923, 0.0193027, , , , , , , 6.3771923, -0.2747692, , , , , , , 6.3771923, -0.0179599, , , , , , , 6.3771923, 0.0099031, , , , , , , , , , , , , , , , , , , , , , , , , , , , 
6.3777115, 0.0132601, , , , , , , 6.3777115, -0.3687648, , , , , , , 6.3777115, -0.0139315, , , , , , , 6.3777115, 0.0090639, , , , , , , , , , , , , , , , , , , , , , , , , , , , 
6.3782308, 0.0018463, , , , , , , 6.3782308, -0.3939422, , , , , , , 6.3782308, -0.0115816, , , , , , , 6.3782308, 0.0085603, , , , , , , , , , , , , , , , , , , , , , , , , , , , 
6.37875, -0.0045319, , , , , , , 6.37875, -0.3939422, , , , , , , 6.37875, -0.0102388, , , , , , , 6.37875, 0.0065461, , , , , , , , , , , , , , , , , , , , , , , , , , , , 
6.3792692, -0.0025177, , , , , , , 6.3792692, -0.3623865, , , , , , , 6.3792692, -0.0102388, , , , , , , 6.3792692, 0.0078889, , , , , , , , , , , , , , , , , , , , , , , , , , , , 
6.3797885, -0.0041962, , , , , , , 6.3797885, -0.2838331, , , , , , , 6.3797885, -0.0115816, , , , , , , 6.3797885, 0.0092317, , , , , , , , , , , , , , , , , , , , , , , , , , , , 
6.3803077, -0.0179599, , , , , , , 6.3803077, -0.1901732, , , , , , , 6.3803077, -0.0159457, , , , , , , 6.3803077, 0.0078889, , , , , , , , , , , , , , , , , , , , , , , , , , , , 
6.3808269, -0.0332341, , , , , , , 6.3808269, -0.1079271, , , , , , , 6.3808269, -0.0172885, , , , , , , 6.3808269, 0.0057069, , , , , , , , , , , , , , , , , , , , , , , , , , , , 
6.3813462, -0.0350805, , , , , , , 6.3813462, -0.0387732, , , , , , , 6.3813462, -0.0065461, , , , , , , 6.3813462, 0.0001678, , , , , , , , , , , , , , , , , , , , , , , , , , , , 
6.3818654, -0.0226596, , , , , , , 6.3818654, 0.012253, , , , , , , 6.3818654, 0.0149386, , , , , , , 6.3818654, -0.0092317, , , , , , , , , , , , , , , , , , , , , , , , , , , , 
6.3823846, -0.0099031, , , , , , , 6.3823846, 0.0372625, , , , , , , 6.3823846, 0.0354162, , , , , , , 6.3823846, -0.0151064, , , , , , , , , , , , , , , , , , , , , , , , , , , , 
6.3829038, 0.0018463, , , , , , , 6.3829038, 0.0438087, , , , , , , 6.3829038, 0.0453193, , , , , , , 6.3829038, -0.0162814, , , , , , , , , , , , , , , , , , , , , , , , , , , , 
6.3834231, 0.0172885, , , , , , , 6.3834231, 0.043473, , , , , , , 6.3834231, 0.0481727, , , , , , , 6.3834231, -0.0162814, , , , , , , , , , , , , , , , , , , , , , , , , , , , 
6.3839423, 0.0293736, , , , , , , 6.3839423, 0.0374304, , , , , , , 6.3839423, 0.0528725, , , , , , , 6.3839423, -0.0166171, , , , , , , , , , , , , , , , , , , , , , , , , , , , 
6.3844615, 0.0320592, , , , , , , 6.3844615, 0.0337377, , , , , , , 6.3844615, 0.0582437, , , , , , , 6.3844615, -0.0159457, , , , , , , , , , , , , , , , , , , , , , , , , , , , 
6.3849808, 0.0287022, , , , , , , 6.3849808, 0.0357519, , , , , , , 6.3849808, 0.0562295, , , , , , , 6.3849808, -0.0135958, , , , , , , , , , , , , , , , , , , , , , , , , , , , 
6.3855, 0.0253452, , , , , , , 6.3855, 0.0317235, , , , , , , 6.3855, 0.0438087, , , , , , , 6.3855, -0.008896, , , , , , , , , , , , , , , , , , , , , , , , , , , , 
6.3860192, 0.0280308, , , , , , , 6.3860192, 0.0015106, , , , , , , 6.3860192, 0.0313878, , , , , , , 6.3860192, -0.0035248, , , , , , , , , , , , , , , , , , , , , , , , , , , , 
6.3865385, 0.0283665, , , , , , , 6.3865385, -0.0273594, , , , , , , 6.3865385, 0.0199741, , , , , , , 6.3865385, 0.0025177, , , , , , , , , , , , , , , , , , , , , , , , , , , , 
6.3870577, 0.0253452, , , , , , , 6.3870577, -0.0172885, , , , , , , 6.3870577, 0.0028534, , , , , , , 6.3870577, 0.0092317, , , , , , , , , , , , , , , , , , , , , , , , , , , , 
6.3875769, 0.0229953, , , , , , , 6.3875769, 0.0139315, , , , , , , 6.3875769, -0.0166171, , , , , , , 6.3875769, 0.0191348, , , , , , , , , , , , , , , , , , , , , , , , , , , , 
6.3880962, 0.0172885, , , , , , , 6.3880962, 0.0391089, , , , , , , 6.3880962, -0.0307164, , , , , , , 6.3880962, 0.0285344, , , , , , , , , , , , , , , , , , , , , , , , , , , , 
6.3886154, 0.0099031, , , , , , , 6.3886154, 0.0585794, , , , , , , 6.3886154, -0.0439765, , , , , , , 6.3886154, 0.0372625, , , , , , , , , , , , , , , , , , , , , , , , , , , , 
6.3891346, -0.0003357, , , , , , , 6.3891346, 0.0757, , , , , , , 6.3891346, -0.0585794, , , , , , , 6.3891346, 0.043473, , , , , , , , , , , , , , , , , , , , , , , , , , , , 
6.3896538, -0.0082246, , , , , , , 6.3896538, 0.0864424, , , , , , , 6.3896538, -0.0733501, , , , , , , 6.3896538, 0.0471656, , , , , , , , , , , , , , , , , , , , , , , , , , , , 
6.3901731, -0.0102388, , , , , , , 6.3901731, 0.0787213, , , , , , , 6.3901731, -0.0862745, , , , , , , 6.3901731, 0.0493477, , , , , , , , , , , , , , , , , , , , , , , , , , , , 
6.3906923, -0.0135958, , , , , , , 6.3906923, 0.0553902, , , , , , , 6.3906923, -0.0951705, , , , , , , 6.3906923, 0.051194, , , , , , , , , , , , , , , , , , , , , , , , , , , , 
6.3912115, -0.0162814, , , , , , , 6.3912115, 0.0372625, , , , , , , 6.3912115, -0.0958419, , , , , , , 6.3912115, 0.051194, , , , , , , , , , , , , , , , , , , , , , , , , , , , 
6.3917308, -0.01561, , , , , , , 6.3917308, 0.0307164, , , , , , , 6.3917308, -0.0867781, , , , , , , 6.3917308, 0.0438087, , , , , , , , , , , , , , , , , , , , , , , , , , , , 
6.39225, -0.0057069, , , , , , , 6.39225, 0.033402, , , , , , , 6.39225, -0.0787213, , , , , , , 6.39225, 0.0360876, , , , , , , , , , , , , , , , , , , , , , , , , , , , 
6.3927692, 0.012253, , , , , , , 6.3927692, 0.0352483, , , , , , , 6.3927692, -0.0753643, , , , , , , 6.3927692, 0.0323949, , , , , , , , , , , , , , , , , , , , , , , , , , , , 
6.3932885, 0.0298772, , , , , , , 6.3932885, 0.0360876, , , , , , , 6.3932885, -0.0713359, , , , , , , 6.3932885, 0.030045, , , , , , , , , , , , , , , , , , , , , , , , , , , , 
6.3938077, 0.033402, , , , , , , 6.3938077, 0.0431373, , , , , , , 6.3938077, -0.0632792, , , , , , , 6.3938077, 0.0287022, , , , , , , , , , , , , , , , , , , , , , , , , , , , 
6.3943269, 0.0320592, , , , , , , 6.3943269, 0.0522011, , , , , , , 6.3943269, -0.0505226, , , , , , , 6.3943269, 0.030045, , , , , , , , , , , , , , , , , , , , , , , , , , , , 
6.3948462, 0.0359197, , , , , , , 6.3948462, 0.0505226, , , , , , , 6.3948462, -0.0342412, , , , , , , 6.3948462, 0.0344091, , , , , , , , , , , , , , , , , , , , , , , , , , , , 
6.3953654, 0.0414588, , , , , , , 6.3953654, 0.036759, , , , , , , 6.3953654, -0.0209812, , , , , , , 6.3953654, 0.0370947, , , , , , , , , , , , , , , , , , , , , , , , , , , , 
6.3958846, 0.0428016, , , , , , , 6.3958846, 0.0199741, , , , , , , 6.3958846, -0.0159457, , , , , , , 6.3958846, 0.0357519, , , , , , , , , , , , , , , , , , , , , , , , , , , , 
6.3964038, 0.0392767, , , , , , , 6.3964038, 0.0043641, , , , , , , 6.3964038, -0.0216526, , , , , , , 6.3964038, 0.0307164, , , , , , , , , , , , , , , , , , , , , , , , , , , , 
6.3969231, 0.0337377, , , , , , , 6.3969231, -0.0082246, , , , , , , 6.3969231, -0.027863, , , , , , , 6.3969231, 0.0250095, , , , , , , , , , , , , , , , , , , , , , , , , , , , 
6.3974423, 0.0276951, , , , , , , 6.3974423, -0.0142672, , , , , , , 6.3974423, -0.0339055, , , , , , , 6.3974423, 0.0199741, , , , , , , , , , , , , , , , , , , , , , , , , , , , 
6.3979615, 0.021149, , , , , , , 6.3979615, 0.0083925, , , , , , , 6.3979615, -0.0364233, , , , , , , 6.3979615, 0.0142672, , , , , , , , , , , , , , , , , , , , , , , , , , , , 
6.3984808, 0.0172885, , , , , , , 6.3984808, 0.0498512, , , , , , , 6.3984808, -0.0323949, , , , , , , 6.3984808, 0.0099031, , , , , , , , , , , , , , , , , , , , , , , , , , , , 
6.399, 0.0179599, , , , , , , 6.399, 0.0486763, , , , , , , 6.399, -0.018967, , , , , , , 6.399, 0.0102388, , , , , , , , , , , , , , , , , , , , , , , , , , , , 
6.3995192, 0.0219883, , , , , , , 6.3995192, 0.0166171, , , , , , , 6.3995192, 0.0018463, , , , , , , 6.3995192, 0.0099031, , , , , , , , , , , , , , , , , , , , , , , , , , , , 
6.4000385, 0.0260166, , , , , , , 6.4000385, 0.0142672, , , , , , , 6.4000385, 0.0209812, , , , , , , 6.4000385, 0.0065461, , , , , , , , , , , , , , , , , , , , , , , , , , , , 
6.4005577, 0.0275273, , , , , , , 6.4005577, 0.0575723, , , , , , , 6.4005577, 0.0310521, , , , , , , 6.4005577, 0.0025177, , , , , , , , , , , , , , , , , , , , , , , , , , , , 
6.4010769, 0.0352483, , , , , , , 6.4010769, 0.1132982, , , , , , , 6.4010769, 0.0339055, , , , , , , 6.4010769, -0.0011749, , , , , , , , , , , , , , , , , , , , , , , , , , , , 
6.4015962, 0.0528725, , , , , , , 6.4015962, 0.144686, , , , , , , 6.4015962, 0.0354162, , , , , , , 6.4015962, -0.0078889, , , , , , , , , , , , , , , , , , , , , , , , , , , , 
6.4021154, 0.0688182, , , , , , , 6.4021154, 0.1468681, , , , , , , 6.4021154, 0.0359197, , , , , , , 6.4021154, -0.0139315, , , , , , , , , , , , , , , , , , , , , , , , , , , , 
6.4026346, 0.0760357, , , , , , , 6.4026346, 0.1080949, , , , , , , 6.4026346, 0.0354162, , , , , , , 6.4026346, -0.018967, , , , , , , , , , , , , , , , , , , , , , , , , , , , 
6.4031538, 0.0710002, , , , , , , 6.4031538, 0.0360876, , , , , , , 6.4031538, 0.0317235, , , , , , , 6.4031538, -0.0236667, , , , , , , , , , , , , , , , , , , , , , , , , , , , 
6.4036731, 0.0626078, , , , , , , 6.4036731, -0.0310521, , , , , , , 6.4036731, 0.0260166, , , , , , , 6.4036731, -0.0273594, , , , , , , , , , , , , , , , , , , , , , , , , , , , 
6.4041923, 0.0592508, , , , , , , 6.4041923, -0.0753643, , , , , , , 6.4041923, 0.0223239, , , , , , , 6.4041923, -0.0285344, , , , , , , , , , , , , , , , , , , , , , , , , , , , 
6.4047115, 0.0548867, , , , , , , 6.4047115, -0.073518, , , , , , , 6.4047115, 0.0193027, , , , , , , 6.4047115, -0.0270237, , , , , , , , , , , , , , , , , , , , , , , , , , , , 
6.4052308, 0.0461585, , , , , , , 6.4052308, -0.0246738, , , , , , , 6.4052308, 0.0151064, , , , , , , 6.4052308, -0.0246738, , , , , , , , , , , , , , , , , , , , , , , , , , , , 
6.40575, 0.0387732, , , , , , , 6.40575, 0.0072175, , , , , , , 6.40575, 0.0092317, , , , , , , 6.40575, -0.0203098, , , , , , , , , , , , , , , , , , , , , , , , , , , , 
6.4062692, 0.0370947, , , , , , , 6.4062692, -0.0082246, , , , , , , 6.4062692, 0.0057069, , , , , , , 6.4062692, -0.0149386, , , , , , , , , , , , , , , , , , , , , , , , , , , , 
6.4067885, 0.0350805, , , , , , , 6.4067885, -0.0142672, , , , , , , 6.4067885, 0.0018463, , , , , , , 6.4067885, -0.0105745, , , , , , , , , , , , , , , , , , , , , , , , , , , , 
6.4073077, 0.021149, , , , , , , 6.4073077, 0.0078889, , , , , , , 6.4073077, -0.0035248, , , , , , , 6.4073077, -0.0016785, , , , , , , , , , , , , , , , , , , , , , , , , , , , 
6.4078269, 0.0005035, , , , , , , 6.4078269, 0.0052033, , , , , , , 6.4078269, -0.0062104, , , , , , , 6.4078269, 0.0112459, , , , , , , , , , , , , , , , , , , , , , , , , , , , 
6.4083462, -0.0218204, , , , , , , 6.4083462, -0.0417945, , , , , , , 6.4083462, -0.0028534, , , , , , , 6.4083462, 0.0256809, , , , , , , , , , , , , , , , , , , , , , , , , , , , 
6.4088654, -0.0431373, , , , , , , 6.4088654, -0.0921492, , , , , , , 6.4088654, 0.0018463, , , , , , , 6.4088654, 0.0381018, , , , , , , , , , , , , , , , , , , , , , , , , , , , 
6.4093846, -0.0589151, , , , , , , 6.4093846, -0.0713359, , , , , , , 6.4093846, 0.0058747, , , , , , , 6.4093846, 0.0459907, , , , , , , , , , , , , , , , , , , , , , , , , , , , 
6.4099038, -0.0708324, , , , , , , 6.4099038, -0.0152743, , , , , , , 6.4099038, 0.0072175, , , , , , , 6.4099038, 0.049012, , , , , , , , , , , , , , , , , , , , , , , , , , , , 
6.4104231, -0.0803998, , , , , , , 6.4104231, 0.0011749, , , , , , , 6.4104231, 0.0087282, , , , , , , 6.4104231, 0.0498512, , , , , , , , , , , , , , , , , , , , , , , , , , , , 
6.4109423, -0.0834211, , , , , , , 6.4109423, 0.0191348, , , , , , , 6.4109423, 0.012253, , , , , , , 6.4109423, 0.0495155, , , , , , , , , , , , , , , , , , , , , , , , , , , , 
6.4114615, -0.0750286, , , , , , , 6.4114615, 0.0298772, , , , , , , 6.4114615, 0.0162814, , , , , , , 6.4114615, 0.0451514, , , , , , , , , , , , , , , , , , , , , , , , , , , , 
6.4119808, -0.0666361, , , , , , , 6.4119808, -0.0072175, , , , , , , 6.4119808, 0.0157778, , , , , , , 6.4119808, 0.0394446, , , , , , , , , , , , , , , , , , , , , , , , , , , , 
6.4125, -0.0649577, , , , , , , 6.4125, -0.0809033, , , , , , , 6.4125, 0.0130922, , , , , , , 6.4125, 0.0327306, , , , , , , , , , , , , , , , , , , , , , , , , , , , 
6.4130192, -0.0654612, , , , , , , 6.4130192, -0.1532464, , , , , , , 6.4130192, 0.0105745, , , , , , , 6.4130192, 0.0253452, , , , , , , , , , , , , , , , , , , , , , , , , , , , 
6.4135385, -0.0622721, , , , , , , 6.4135385, -0.191516, , , , , , , 6.4135385, 0.0052033, , , , , , , 6.4135385, 0.0213169, , , , , , , , , , , , , , , , , , , , , , , , , , , , 
6.4140577, -0.051194, , , , , , , 6.4140577, -0.1774166, , , , , , , 6.4140577, -0.002182, , , , , , , 6.4140577, 0.0213169, , , , , , , , , , , , , , , , , , , , , , , , , , , , 
6.4145769, -0.0404517, , , , , , , 6.4145769, -0.1300832, , , , , , , 6.4145769, -0.0050355, , , , , , , 6.4145769, 0.0186313, , , , , , , , , , , , , , , , , , , , , , , , , , , , 
6.4150962, -0.0317235, , , , , , , 6.4150962, -0.0740215, , , , , , , 6.4150962, -0.005539, , , , , , , 6.4150962, 0.0149386, , , , , , , , , , , , , , , , , , , , , , , , , , , , 
6.4156154, -0.0243381, , , , , , , 6.4156154, -0.0045319, , , , , , , 6.4156154, -0.0162814, , , , , , , 6.4156154, 0.0125887, , , , , , , , , , , , , , , , , , , , , , , , , , , , 
6.4161346, -0.017792, , , , , , , 6.4161346, 0.0458228, , , , , , , 6.4161346, -0.0417945, , , , , , , 6.4161346, 0.0119173, , , , , , , , , , , , , , , , , , , , , , , , , , , , 
6.4166538, -0.0105745, , , , , , , 6.4166538, 0.0548867, , , , , , , 6.4166538, -0.0592508, , , , , , , 6.4166538, 0.0105745, , , , , , , , , , , , , , , , , , , , , , , , , , , , 
6.4171731, -0.0018463, , , , , , , 6.4171731, 0.0354162, , , , , , , 6.4171731, -0.0592508, , , , , , , 6.4171731, 0.0078889, , , , , , , , , , , , , , , , , , , , , , , , , , , , 
6.4176923, 0.0097353, , , , , , , 6.4176923, 0.0058747, , , , , , , 6.4176923, -0.0485084, , , , , , , 6.4176923, 0.0035248, , , , , , , , , , , , , , , , , , , , , , , , , , , , 
6.4182115, 0.0193027, , , , , , , 6.4182115, -0.0448157, , , , , , , 6.4182115, -0.03122, , , , , , , 6.4182115, -0.0001678, , , , , , , , , , , , , , , , , , , , , , , , , , , , 
6.4187308, 0.026688, , , , , , , 6.4187308, -0.1190051, , , , , , , 6.4187308, -0.0092317, , , , , , , 6.4187308, -0.0035248, , , , , , , , , , , , , , , , , , , , , , , , , , , , 
6.41925, 0.0297093, , , , , , , 6.41925, -0.178088, , , , , , , 6.41925, 0.0146029, , , , , , , 6.41925, -0.0041962, , , , , , , , , , , , , , , , , , , , , , , , , , , , 
6.4197692, 0.0313878, , , , , , , 6.4197692, -0.1858091, , , , , , , 6.4197692, 0.0372625, , , , , , , 6.4197692, -0.0041962, , , , , , , , , , , , , , , , , , , , , , , , , , , , 
6.4202885, 0.0328985, , , , , , , 6.4202885, -0.128069, , , , , , , 6.4202885, 0.0560616, , , , , , , 6.4202885, -0.0043641, , , , , , , , , , , , , , , , , , , , , , , , , , , , 
6.4208077, 0.0325628, , , , , , , 6.4208077, -0.0357519, , , , , , , 6.4208077, 0.0659648, , , , , , , 6.4208077, -0.005539, , , , , , , , , , , , , , , , , , , , , , , , , , , , 
6.4213269, 0.0394446, , , , , , , 6.4213269, 0.0421302, , , , , , , 6.4213269, 0.0599222, , , , , , , 6.4213269, -0.0065461, , , , , , , , , , , , , , , , , , , , , , , , , , , , 
6.4218462, 0.0461585, , , , , , , 6.4218462, 0.0847639, , , , , , , 6.4218462, 0.0431373, , , , , , , 6.4218462, -0.0082246, , , , , , , , , , , , , , , , , , , , , , , , , , , , 
6.4223654, 0.0501869, , , , , , , 6.4223654, 0.103563, , , , , , , 6.4223654, 0.024506, , , , , , , 6.4223654, -0.0099031, , , , , , , , , , , , , , , , , , , , , , , , , , , , 
6.4228846, 0.0585794, , , , , , , 6.4228846, 0.1042344, , , , , , , 6.4228846, 0.0072175, , , , , , , 6.4228846, -0.0104067, , , , , , , , , , , , , , , , , , , , , , , , , , , , 
6.4234038, 0.0708324, , , , , , , 6.4234038, 0.0998703, , , , , , , 6.4234038, -0.0072175, , , , , , , 6.4234038, -0.0095674, , , , , , , , , , , , , , , , , , , , , , , , , , , , 
6.4239231, 0.0807355, , , , , , , 6.4239231, 0.1059129, , , , , , , 6.4239231, -0.0256809, , , , , , , 6.4239231, -0.0068818, , , , , , , , , , , , , , , , , , , , , , , , , , , , 
6.4244423, 0.0834211, , , , , , , 6.4244423, 0.1354543, , , , , , , 6.4244423, -0.0495155, , , , , , , 6.4244423, -0.0015106, , , , , , , , , , , , , , , , , , , , , , , , , , , , 
6.4249615, 0.077882, , , , , , , 6.4249615, 0.1475395, , , , , , , 6.4249615, -0.0656291, , , , , , , 6.4249615, 0.0036927, , , , , , , , , , , , , , , , , , , , , , , , , , , , 
6.4254808, 0.0676432, , , , , , , 6.4254808, 0.1206836, , , , , , , 6.4254808, -0.0656291, , , , , , , 6.4254808, 0.0102388, , , , , , , , , , , , , , , , , , , , , , , , , , , , 
6.426, 0.0560616, , , , , , , 6.426, 0.0760357, , , , , , , 6.426, -0.0552224, , , , , , , 6.426, 0.0152743, , , , , , , , , , , , , , , , , , , , , , , , , , , , 
6.4265192, 0.0475013, , , , , , , 6.4265192, 0.0372625, , , , , , , 6.4265192, -0.0404517, , , , , , , 6.4265192, 0.0209812, , , , , , , , , , , , , , , , , , , , , , , , , , , , 
6.4270385, 0.040116, , , , , , , 6.4270385, 0.0092317, , , , , , , 6.4270385, -0.0251774, , , , , , , 6.4270385, 0.0261845, , , , , , , , , , , , , , , , , , , , , , , , , , , , 
6.4275577, 0.0246738, , , , , , , 6.4275577, -0.0327306, , , , , , , 6.4275577, -0.008896, , , , , , , 6.4275577, 0.0310521, , , , , , , , , , , , , , , , , , , , , , , , , , , , 
6.4280769, 0.0092317, , , , , , , 6.4280769, -0.0716716, , , , , , , 6.4280769, 0.0092317, , , , , , , 6.4280769, 0.0392767, , , , , , , , , , , , , , , , , , , , , , , , , , , , 
6.4285962, 0.0028534, , , , , , , 6.4285962, -0.0767071, , , , , , , 6.4285962, 0.0253452, , , , , , , 6.4285962, 0.0495155, , , , , , , , , , , , , , , , , , , , , , , , , , , , 
6.4291154, 0.0011749, , , , , , , 6.4291154, -0.0740215, , , , , , , 6.4291154, 0.0349126, , , , , , , 6.4291154, 0.0533761, , , , , , , , , , , , , , , , , , , , , , , , , , , , 
6.4296346, -0.0045319, , , , , , , 6.4296346, -0.0874495, , , , , , , 6.4296346, 0.0347448, , , , , , , 6.4296346, 0.0548867, , , , , , , , , , , , , , , , , , , , , , , , , , , , 
6.4301538, -0.011078, , , , , , , 6.4301538, -0.1096056, , , , , , , 6.4301538, 0.0287022, , , , , , , 6.4301538, 0.0609293, , , , , , , , , , , , , , , , , , , , , , , , , , , , 
6.4306731, -0.0179599, , , , , , , 6.4306731, -0.139147, , , , , , , 6.4306731, 0.0226596, , , , , , , 6.4306731, 0.0679789, , , , , , , , , , , , , , , , , , , , , , , , , , , , 
6.4311923, -0.0271916, , , , , , , 6.4311923, -0.142504, , , , , , , 6.4311923, 0.0196384, , , , , , , 6.4311923, 0.0679789, , , , , , , , , , , , , , , , , , , , , , , , , , , , 
6.4317115, -0.0310521, , , , , , , 6.4317115, -0.1159838, , , , , , , 6.4317115, 0.0216526, , , , , , , 6.4317115, 0.0595865, , , , , , , , , , , , , , , , , , , , , , , , , , , , 
6.4322308, -0.0236667, , , , , , , 6.4322308, -0.096849, , , , , , , 6.4322308, 0.0260166, , , , , , , 6.4322308, 0.0495155, , , , , , , , , , , , , , , , , , , , , , , , , , , , 
6.43275, -0.0157778, , , , , , , 6.43275, -0.0948348, , , , , , , 6.43275, 0.0271916, , , , , , , 6.43275, 0.043473, , , , , , , , , , , , , , , , , , , , , , , , , , , , 
6.4332692, -0.0099031, , , , , , , 6.4332692, -0.0777142, , , , , , , 6.4332692, 0.0219883, , , , , , , 6.4332692, 0.0360876, , , , , , , , , , , , , , , , , , , , , , , , , , , , 
6.4337885, -0.0018463, , , , , , , 6.4337885, -0.0357519, , , , , , , 6.4337885, 0.0132601, , , , , , , 6.4337885, 0.0285344, , , , , , , , , , , , , , , , , , , , , , , , , , , , 
6.4343077, -0.0003357, , , , , , , 6.4343077, -0.0104067, , , , , , , 6.4343077, 0.0028534, , , , , , , 6.4343077, 0.0213169, , , , , , , , , , , , , , , , , , , , , , , , , , , , 
6.4348269, -0.002182, , , , , , , 6.4348269, -0.0018463, , , , , , , 6.4348269, -0.0092317, , , , , , , 6.4348269, 0.0149386, , , , , , , , , , , , , , , , , , , , , , , , , , , , 
6.4353462, 0.0115816, , , , , , , 6.4353462, -0.012253, , , , , , , 6.4353462, -0.0204776, , , , , , , 6.4353462, 0.0085603, , , , , , , , , , , , , , , , , , , , , , , , , , , , 
6.4358654, 0.0354162, , , , , , , 6.4358654, -0.0404517, , , , , , , 6.4358654, -0.030045, , , , , , , 6.4358654, 0.0031891, , , , , , , , , , , , , , , , , , , , , , , , , , , , 
6.4363846, 0.0515297, , , , , , , 6.4363846, -0.0656291, , , , , , , 6.4363846, -0.0394446, , , , , , , 6.4363846, 0.0005035, , , , , , , , , , , , , , , , , , , , , , , , , , , , 
6.4369038, 0.0569009, , , , , , , 6.4369038, -0.0854353, , , , , , , 6.4369038, -0.0495155, , , , , , , 6.4369038, -0.0016785, , , , , , , , , , , , , , , , , , , , , , , , , , , , 
6.4374231, 0.0572366, , , , , , , 6.4374231, -0.1049058, , , , , , , 6.4374231, -0.0602579, , , , , , , 6.4374231, -0.005539, , , , , , , , , , , , , , , , , , , , , , , , , , , , 
6.4379423, 0.0565652, , , , , , , 6.4379423, -0.1012131, , , , , , , 6.4379423, -0.068986, , , , , , , 6.4379423, -0.0082246, , , , , , , , , , , , , , , , , , , , , , , , , , , , 
6.4384615, 0.0528725, , , , , , , 6.4384615, -0.0565652, , , , , , , 6.4384615, -0.0713359, , , , , , , 6.4384615, -0.0085603, , , , , , , , , , , , , , , , , , , , , , , , , , , , 
6.4389808, 0.0488441, , , , , , , 6.4389808, -0.0035248, , , , , , , 6.4389808, -0.0659648, , , , , , , 6.4389808, -0.0065461, , , , , , , , , , , , , , , , , , , , , , , , , , , , 
6.4395, 0.0438087, , , , , , , 6.4395, 0.0535439, , , , , , , 6.4395, -0.0587472, , , , , , , 6.4395, -0.0052033, , , , , , , , , , , , , , , , , , , , , , , , , , , , 
6.4400192, 0.0453193, , , , , , , 6.4400192, 0.1096056, , , , , , , 6.4400192, -0.0513619, , , , , , , 6.4400192, -0.0065461, , , , , , , , , , , , , , , , , , , , , , , , , , , , 
6.4405385, 0.0481727, , , , , , , 6.4405385, 0.1258869, , , , , , , 6.4405385, -0.0438087, , , , , , , 6.4405385, -0.0077211, , , , , , , , , , , , , , , , , , , , , , , , , , , , 
6.4410577, 0.043473, , , , , , , 6.4410577, 0.0990311, , , , , , , 6.4410577, -0.0359197, , , , , , , 6.4410577, -0.011078, , , , , , , , , , , , , , , , , , , , , , , , , , , , 
6.4415769, 0.0384375, , , , , , , 6.4415769, 0.0639506, , , , , , , 6.4415769, -0.0253452, , , , , , , 6.4415769, -0.0162814, , , , , , , , , , , , , , , , , , , , , , , , , , , , 
6.4420962, 0.0407874, , , , , , , 6.4420962, 0.0414588, , , , , , , 6.4420962, -0.0159457, , , , , , , 6.4420962, -0.0209812, , , , , , , , , , , , , , , , , , , , , , , , , , , , 
6.4426154, 0.0475013, , , , , , , 6.4426154, 0.0270237, , , , , , , 6.4426154, -0.012253, , , , , , , 6.4426154, -0.0218204, , , , , , , , , , , , , , , , , , , , , , , , , , , , 
6.4431346, 0.0501869, , , , , , , 6.4431346, 0.0226596, , , , , , , 6.4431346, -0.0095674, , , , , , , 6.4431346, -0.018967, , , , , , , , , , , , , , , , , , , , , , , , , , , , 
6.4436538, 0.0548867, , , , , , , 6.4436538, 0.0387732, , , , , , , 6.4436538, -0.0095674, , , , , , , 6.4436538, -0.0162814, , , , , , , , , , , , , , , , , , , , , , , , , , , , 
6.4441731, 0.0616007, , , , , , , 6.4441731, 0.0642863, , , , , , , 6.4441731, -0.0132601, , , , , , , 6.4441731, -0.0137636, , , , , , , , , , , , , , , , , , , , , , , , , , , , 
6.4446923, 0.0636149, , , , , , , 6.4446923, 0.0622721, , , , , , , 6.4446923, -0.01561, , , , , , , 6.4446923, -0.0102388, , , , , , , , , , , , , , , , , , , , , , , , , , , , 
6.4452115, 0.0548867, , , , , , , 6.4452115, 0.0320592, , , , , , , 6.4452115, -0.0149386, , , , , , , 6.4452115, -0.0045319, , , , , , , , , , , , , , , , , , , , , , , , , , , , 
6.4457308, 0.0411231, , , , , , , 6.4457308, 0.0041962, , , , , , , 6.4457308, -0.0129244, , , , , , , 6.4457308, 0.0025177, , , , , , , , , , , , , , , , , , , , , , , , , , , , 
6.44625, 0.0325628, , , , , , , 6.44625, -0.0018463, , , , , , , 6.44625, -0.0075532, , , , , , , 6.44625, 0.0072175, , , , , , , , , , , , , , , , , , , , , , , , , , , , 
6.4467692, 0.0253452, , , , , , , 6.4467692, 0.0038605, , , , , , , 6.4467692, 0.0001678, , , , , , , 6.4467692, 0.0104067, , , , , , , , , , , , , , , , , , , , , , , , , , , , 
6.4472885, 0.0191348, , , , , , , 6.4472885, 0.0099031, , , , , , , 6.4472885, 0.0072175, , , , , , , 6.4472885, 0.01561, , , , , , , , , , , , , , , , , , , , , , , , , , , , 
6.4478077, 0.0132601, , , , , , , 6.4478077, 0.0508583, , , , , , , 6.4478077, 0.0105745, , , , , , , 6.4478077, 0.0256809, , , , , , , , , , , , , , , , , , , , , , , , , , , , 
6.4483269, 0.0102388, , , , , , , 6.4483269, 0.0948348, , , , , , , 6.4483269, 0.0119173, , , , , , , 6.4483269, 0.0323949, , , , , , , , , , , , , , , , , , , , , , , , , , , , 
6.4488462, 0.0031891, , , , , , , 6.4488462, 0.0760357, , , , , , , 6.4488462, 0.0186313, , , , , , , 6.4488462, 0.0357519, , , , , , , , , , , , , , , , , , , , , , , , , , , , 
6.4493654, -0.0095674, , , , , , , 6.4493654, 0.0152743, , , , , , , 6.4493654, 0.026688, , , , , , , 6.4493654, 0.040116, , , , , , , , , , , , , , , , , , , , , , , , , , , , 
6.4498846, -0.0290379, , , , , , , 6.4498846, -0.0323949, , , , , , , 6.4498846, 0.0287022, , , , , , , 6.4498846, 0.0421302, , , , , , , , , , , , , , , , , , , , , , , , , , , , 
6.4504038, -0.0538796, , , , , , , 6.4504038, -0.0533761, , , , , , , 6.4504038, 0.0203098, , , , , , , 6.4504038, 0.0421302, , , , , , , , , , , , , , , , , , , , , , , , , , , , 
6.4509231, -0.0694896, , , , , , , 6.4509231, -0.0673075, , , , , , , 6.4509231, 0.012253, , , , , , , 6.4509231, 0.0394446, , , , , , , , , , , , , , , , , , , , , , , , , , , , 
6.4514423, -0.0669718, , , , , , , 6.4514423, -0.0703288, , , , , , , 6.4514423, 0.0078889, , , , , , , 6.4514423, 0.0347448, , , , , , , , , , , , , , , , , , , , , , , , , , , , 
6.4519615, -0.0535439, , , , , , , 6.4519615, -0.0501869, , , , , , , 6.4519615, 0.0038605, , , , , , , 6.4519615, 0.030045, , , , , , , , , , , , , , , , , , , , , , , , , , , , 
6.4524808, -0.0357519, , , , , , , 6.4524808, -0.0129244, , , , , , , 6.4524808, -0.0036927, , , , , , , 6.4524808, 0.0246738, , , , , , , , , , , , , , , , , , , , , , , , , , , , 
6.453, -0.0166171, , , , , , , 6.453, 0.0236667, , , , , , , 6.453, -0.0146029, , , , , , , 6.453, 0.0196384, , , , , , , , , , , , , , , , , , , , , , , , , , , , 
6.4535192, -0.002182, , , , , , , 6.4535192, 0.0397803, , , , , , , 6.4535192, -0.0250095, , , , , , , 6.4535192, 0.0129244, , , , , , , , , , , , , , , , , , , , , , , , , , , , 
6.4540385, 0.0060426, , , , , , , 6.4540385, 0.0285344, , , , , , , 6.4540385, -0.03122, , , , , , , 6.4540385, 0.0058747, , , , , , , , , , , , , , , , , , , , , , , , , , , , 
6.4545577, 0.012253, , , , , , , 6.4545577, -0.0070497, , , , , , , 6.4545577, -0.0325628, , , , , , , 6.4545577, 0.0015106, , , , , , , , , , , , , , , , , , , , , , , , , , , , 
6.4550769, 0.0172885, , , , , , , 6.4550769, -0.0480049, , , , , , , 6.4550769, -0.030045, , , , , , , 6.4550769, -0.0005035, , , , , , , , , , , , , , , , , , , , , , , , , , , , 
6.4555962, 0.0229953, , , , , , , 6.4555962, -0.0659648, , , , , , , 6.4555962, -0.0276951, , , , , , , 6.4555962, 0.0005035, , , , , , , , , , , , , , , , , , , , , , , , , , , , 
6.4561154, 0.0293736, , , , , , , 6.4561154, -0.0740215, , , , , , , 6.4561154, -0.0290379, , , , , , , 6.4561154, 0.0005035, , , , , , , , , , , , , , , , , , , , , , , , , , , , 
6.4566346, 0.0307164, , , , , , , 6.4566346, -0.0659648, , , , , , , 6.4566346, -0.0328985, , , , , , , 6.4566346, -0.0003357, , , , , , , , , , , , , , , , , , , , , , , , , , , , 
6.4571538, 0.0310521, , , , , , , 6.4571538, -0.0270237, , , , , , , 6.4571538, -0.0313878, , , , , , , 6.4571538, 0.0008392, , , , , , , , , , , , , , , , , , , , , , , , , , , , 
6.4576731, 0.030045, , , , , , , 6.4576731, -0.0050355, , , , , , , 6.4576731, -0.0236667, , , , , , , 6.4576731, 0.0008392, , , , , , , , , , , , , , , , , , , , , , , , , , , , 
6.4581923, 0.026688, , , , , , , 6.4581923, -0.023331, , , , , , , 6.4581923, -0.0152743, , , , , , , 6.4581923, -0.0003357, , , , , , , , , , , , , , , , , , , , , , , , , , , , 
6.4587115, 0.0179599, , , , , , , 6.4587115, -0.0411231, , , , , , , 6.4587115, -0.0048676, , , , , , , 6.4587115, 0.0015106, , , , , , , , , , , , , , , , , , , , , , , , , , , , 
6.4592308, 0.0085603, , , , , , , 6.4592308, -0.0151064, , , , , , , 6.4592308, 0.0078889, , , , , , , 6.4592308, 0.0025177, , , , , , , , , , , , , , , , , , , , , , , , , , , , 
6.45975, 0.0008392, , , , , , , 6.45975, 0.0005035, , , , , , , 6.45975, 0.0139315, , , , , , , 6.45975, 0.0015106, , , , , , , , , , , , , , , , , , , , , , , , , , , , 
6.4602692, -0.0011749, , , , , , , 6.4602692, -0.0152743, , , , , , , 6.4602692, 0.0172885, , , , , , , 6.4602692, 0.0015106, , , , , , , , , , , , , , , , , , , , , , , , , , , , 
6.4607885, 0.0025177, , , , , , , 6.4607885, -0.0219883, , , , , , , 6.4607885, 0.0219883, , , , , , , 6.4607885, 0.0035248, , , , , , , , , , , , , , , , , , , , , , , , , , , , 
6.4613077, 0.0070497, , , , , , , 6.4613077, -0.0068818, , , , , , , 6.4613077, 0.0226596, , , , , , , 6.4613077, 0.0050355, , , , , , , , , , , , , , , , , , , , , , , , , , , , 
6.4618269, 0.0092317, , , , , , , 6.4618269, 0.0226596, , , , , , , 6.4618269, 0.0162814, , , , , , , 6.4618269, 0.0058747, , , , , , , , , , , , , , , , , , , , , , , , , , , , 
6.4623462, 0.0146029, , , , , , , 6.4623462, 0.0555581, , , , , , , 6.4623462, 0.0068818, , , , , , , 6.4623462, 0.0092317, , , , , , , , , , , , , , , , , , , , , , , , , , , , 
6.4628654, 0.0219883, , , , , , , 6.4628654, 0.0740215, , , , , , , 6.4628654, -0.0031891, , , , , , , 6.4628654, 0.0112459, , , , , , , , , , , , , , , , , , , , , , , , , , , , 
6.4633846, 0.030045, , , , , , , 6.4633846, 0.0743572, , , , , , , 6.4633846, -0.0137636, , , , , , , 6.4633846, 0.0107424, , , , , , , , , , , , , , , , , , , , , , , , , , , , 
6.4639038, 0.0396124, , , , , , , 6.4639038, 0.0817426, , , , , , , 6.4639038, -0.0191348, , , , , , , 6.4639038, 0.008896, , , , , , , , , , , , , , , , , , , , , , , , , , , , 
6.4644231, 0.0468299, , , , , , , 6.4644231, 0.1163195, , , , , , , 6.4644231, -0.0186313, , , , , , , 6.4644231, 0.0087282, , , , , , , , , , , , , , , , , , , , , , , , , , , , 
6.4649423, 0.0394446, , , , , , , 6.4649423, 0.139147, , , , , , , 6.4649423, -0.0176242, , , , , , , 6.4649423, 0.0095674, , , , , , , , , , , , , , , , , , , , , , , , , , , , 
6.4654615, 0.0240024, , , , , , , 6.4654615, 0.1200122, , , , , , , 6.4654615, -0.0203098, , , , , , , 6.4654615, 0.012253, , , , , , , , , , , , , , , , , , , , , , , , , , , , 
6.4659808, 0.0132601, , , , , , , 6.4659808, 0.0713359, , , , , , , 6.4659808, -0.0229953, , , , , , , 6.4659808, 0.01561, , , , , , , , , , , , , , , , , , , , , , , , , , , , 
6.4665, 0.011078, , , , , , , 6.4665, 0.0240024, , , , , , , 6.4665, -0.0236667, , , , , , , 6.4665, 0.0166171, , , , , , , , , , , , , , , , , , , , , , , , , , , , 
6.4670192, 0.0115816, , , , , , , 6.4670192, 0.0075532, , , , , , , 6.4670192, -0.0216526, , , , , , , 6.4670192, 0.0184634, , , , , , , , , , , , , , , , , , , , , , , , , , , , 
6.4675385, 0.0036927, , , , , , , 6.4675385, 0.0062104, , , , , , , 6.4675385, -0.0179599, , , , , , , 6.4675385, 0.0196384, , , , , , , , , , , , , , , , , , , , , , , , , , , , 
6.4680577, -0.0171206, , , , , , , 6.4680577, 0.0125887, , , , , , , 6.4680577, -0.012253, , , , , , , 6.4680577, 0.0219883, , , , , , , , , , , , , , , , , , , , , , , , , , , , 
6.4685769, -0.0387732, , , , , , , 6.4685769, 0.0139315, , , , , , , 6.4685769, -0.0078889, , , , , , , 6.4685769, 0.0231632, , , , , , , , , , , , , , , , , , , , , , , , , , , , 
6.4690962, -0.0498512, , , , , , , 6.4690962, -0.0293736, , , , , , , 6.4690962, -0.0075532, , , , , , , 6.4690962, 0.0166171, , , , , , , , , , , , , , , , , , , , , , , , , , , , 
6.4696154, -0.0518654, , , , , , , 6.4696154, -0.1089342, , , , , , , 6.4696154, -0.0068818, , , , , , , 6.4696154, 0.0095674, , , , , , , , , , , , , , , , , , , , , , , , , , , , 
6.4701346, -0.0491798, , , , , , , 6.4701346, -0.1498894, , , , , , , 6.4701346, -0.0048676, , , , , , , 6.4701346, 0.0104067, , , , , , , , , , , , , , , , , , , , , , , , , , , , 
6.4706538, -0.0426337, , , , , , , 6.4706538, -0.1284047, , , , , , , 6.4706538, -0.0038605, , , , , , , 6.4706538, 0.0125887, , , , , , , , , , , , , , , , , , , , , , , , , , , , 
6.4711731, -0.0310521, , , , , , , 6.4711731, -0.0897993, , , , , , , 6.4711731, -0.0052033, , , , , , , 6.4711731, 0.0112459, , , , , , , , , , , , , , , , , , , , , , , , , , , , 
6.4716923, -0.023331, , , , , , , 6.4716923, -0.0461585, , , , , , , 6.4716923, -0.0068818, , , , , , , 6.4716923, 0.0092317, , , , , , , , , , , , , , , , , , , , , , , , , , , , 
6.4722115, -0.018967, , , , , , , 6.4722115, -0.0129244, , , , , , , 6.4722115, -0.012253, , , , , , , 6.4722115, 0.0072175, , , , , , , , , , , , , , , , , , , , , , , , , , , , 
6.4727308, -0.0146029, , , , , , , 6.4727308, -0.0109102, , , , , , , 6.4727308, -0.0206455, , , , , , , 6.4727308, 0.005539, , , , , , , , , , , , , , , , , , , , , , , , , , , , 
6.47325, -0.0102388, , , , , , , 6.47325, -0.0162814, , , , , , , 6.47325, -0.0270237, , , , , , , 6.47325, 0.0092317, , , , , , , , , , , , , , , , , , , , , , , , , , , , 
6.4737692, -0.0063783, , , , , , , 6.4737692, -0.0125887, , , , , , , 6.4737692, -0.0307164, , , , , , , 6.4737692, 0.0149386, , , , , , , , , , , , , , , , , , , , , , , , , , , , 
6.4742885, -0.0018463, , , , , , , 6.4742885, 0.0092317, , , , , , , 6.4742885, -0.030045, , , , , , , 6.4742885, 0.0199741, , , , , , , , , , , , , , , , , , , , , , , , , , , , 
6.4748077, -0.0045319, , , , , , , 6.4748077, 0.0525368, , , , , , , 6.4748077, -0.0253452, , , , , , , 6.4748077, 0.026688, , , , , , , , , , , , , , , , , , , , , , , , , , , , 
6.4753269, -0.0048676, , , , , , , 6.4753269, 0.0787213, , , , , , , 6.4753269, -0.01561, , , , , , , 6.4753269, 0.0313878, , , , , , , , , , , , , , , , , , , , , , , , , , , , 
6.4758462, -0.0018463, , , , , , , 6.4758462, 0.0602579, , , , , , , 6.4758462, -0.0035248, , , , , , , 6.4758462, 0.0320592, , , , , , , , , , , , , , , , , , , , , , , , , , , , 
6.4763654, 0.0008392, , , , , , , 6.4763654, 0.0307164, , , , , , , 6.4763654, 0.0082246, , , , , , , 6.4763654, 0.033402, , , , , , , , , , , , , , , , , , , , , , , , , , , , 
6.4768846, 0.0025177, , , , , , , 6.4768846, 0.0240024, , , , , , , 6.4768846, 0.0172885, , , , , , , 6.4768846, 0.0344091, , , , , , , , , , , , , , , , , , , , , , , , , , , , 
6.4774038, 0.0011749, , , , , , , 6.4774038, 0.014435, , , , , , , 6.4774038, 0.0213169, , , , , , , 6.4774038, 0.0320592, , , , , , , , , , , , , , , , , , , , , , , , , , , , 
6.4779231, -0.0041962, , , , , , , 6.4779231, -0.0340734, , , , , , , 6.4779231, 0.023331, , , , , , , 6.4779231, 0.0303807, , , , , , , , , , , , , , , , , , , , , , , , , , , , 
6.4784423, 0.0001678, , , , , , , 6.4784423, -0.0986954, , , , , , , 6.4784423, 0.0226596, , , , , , , 6.4784423, 0.0285344, , , , , , , , , , , , , , , , , , , , , , , , , , , , 
6.4789615, 0.0078889, , , , , , , 6.4789615, -0.1341115, , , , , , , 6.4789615, 0.0164492, , , , , , , 6.4789615, 0.0240024, , , , , , , , , , , , , , , , , , , , , , , , , , , , 
6.4794808, 0.0078889, , , , , , , 6.4794808, -0.1284047, , , , , , , 6.4794808, 0.0082246, , , , , , , 6.4794808, 0.0162814, , , , , , , , , , , , , , , , , , , , , , , , , , , , 
6.48, 0.0011749, , , , , , , 6.48, -0.1156481, , , , , , , 6.48, 0.0025177, , , , , , , 6.48, 0.0065461, , , , , , , , , , , , , , , , , , , , , , , , , , , , 
6.4805192, -0.0068818, , , , , , , 6.4805192, -0.1079271, , , , , , , 6.4805192, -0.0015106, , , , , , , 6.4805192, 0.0005035, , , , , , , , , , , , , , , , , , , , , , , , , , , , 
6.4810385, -0.0104067, , , , , , , 6.4810385, -0.0931563, , , , , , , 6.4810385, -0.0035248, , , , , , , 6.4810385, -0.002182, , , , , , , , , , , , , , , , , , , , , , , , , , , , 
6.4815577, -0.0090639, , , , , , , 6.4815577, -0.0574044, , , , , , , 6.4815577, -0.0035248, , , , , , , 6.4815577, -0.0075532, , , , , , , , , , , , , , , , , , , , , , , , , , , , 
6.4820769, -0.0115816, , , , , , , 6.4820769, -0.0285344, , , , , , , 6.4820769, -0.0041962, , , , , , , 6.4820769, -0.0135958, , , , , , , , , , , , , , , , , , , , , , , , , , , , 
6.4825962, -0.0142672, , , , , , , 6.4825962, -0.0352483, , , , , , , 6.4825962, -0.0052033, , , , , , , 6.4825962, -0.0172885, , , , , , , , , , , , , , , , , , , , , , , , , , , , 
6.4831154, -0.0057069, , , , , , , 6.4831154, -0.0271916, , , , , , , 6.4831154, -0.005539, , , , , , , 6.4831154, -0.017792, , , , , , , , , , , , , , , , , , , , , , , , , , , , 
6.4836346, 0.0078889, , , , , , , 6.4836346, 0.0236667, , , , , , , 6.4836346, -0.0062104, , , , , , , 6.4836346, -0.0172885, , , , , , , , , , , , , , , , , , , , , , , , , , , , 
6.4841538, 0.0203098, , , , , , , 6.4841538, 0.0599222, , , , , , , 6.4841538, -0.0060426, , , , , , , 6.4841538, -0.0176242, , , , , , , , , , , , , , , , , , , , , , , , , , , , 
6.4846731, 0.0317235, , , , , , , 6.4846731, 0.0468299, , , , , , , 6.4846731, -0.0035248, , , , , , , 6.4846731, -0.0172885, , , , , , , , , , , , , , , , , , , , , , , , , , , , 
6.4851923, 0.0488441, , , , , , , 6.4851923, -0.0018463, , , , , , , 6.4851923, -0.0035248, , , , , , , 6.4851923, -0.0142672, , , , , , , , , , , , , , , , , , , , , , , , , , , , 
6.4857115, 0.0607614, , , , , , , 6.4857115, -0.0345769, , , , , , , 6.4857115, -0.0041962, , , , , , , 6.4857115, -0.0075532, , , , , , , , , , , , , , , , , , , , , , , , , , , , 
6.4862308, 0.0599222, , , , , , , 6.4862308, -0.0384375, , , , , , , 6.4862308, -0.0035248, , , , , , , 6.4862308, -0.0008392, , , , , , , , , , , , , , , , , , , , , , , , , , , , 
6.48675, 0.0569009, , , , , , , 6.48675, -0.0679789, , , , , , , 6.48675, -0.0045319, , , , , , , 6.48675, 0.0025177, , , , , , , , , , , , , , , , , , , , , , , , , , , , 
6.4872692, 0.0569009, , , , , , , 6.4872692, -0.1169909, , , , , , , 6.4872692, -0.0052033, , , , , , , 6.4872692, 0.0058747, , , , , , , , , , , , , , , , , , , , , , , , , , , , 
6.4877885, 0.0572366, , , , , , , 6.4877885, -0.1129625, , , , , , , 6.4877885, -0.0041962, , , , , , , 6.4877885, 0.0063783, , , , , , , , , , , , , , , , , , , , , , , , , , , , 
6.4883077, 0.0555581, , , , , , , 6.4883077, -0.0699931, , , , , , , 6.4883077, -0.0035248, , , , , , , 6.4883077, 0.0036927, , , , , , , , , , , , , , , , , , , , , , , , , , , , 
6.4888269, 0.0480049, , , , , , , 6.4888269, -0.0619364, , , , , , , 6.4888269, -0.002182, , , , , , , 6.4888269, 0.0011749, , , , , , , , , , , , , , , , , , , , , , , , , , , , 
6.4893462, 0.0347448, , , , , , , 6.4893462, -0.0777142, , , , , , , 6.4893462, -0.0025177, , , , , , , 6.4893462, 0.0038605, , , , , , , , , , , , , , , , , , , , , , , , , , , , 
6.4898654, 0.0260166, , , , , , , 6.4898654, -0.0696574, , , , , , , 6.4898654, -0.0025177, , , , , , , 6.4898654, 0.0082246, , , , , , , , , , , , , , , , , , , , , , , , , , , , 
6.4903846, 0.0209812, , , , , , , 6.4903846, -0.0454871, , , , , , , 6.4903846, -0.0030213, , , , , , , 6.4903846, 0.0115816, , , , , , , , , , , , , , , , , , , , , , , , , , , , 
6.4909038, 0.0112459, , , , , , , 6.4909038, -0.0345769, , , , , , , 6.4909038, -0.0057069, , , , , , , 6.4909038, 0.0132601, , , , , , , , , , , , , , , , , , , , , , , , , , , , 
6.4914231, 0.0112459, , , , , , , 6.4914231, -0.0226596, , , , , , , 6.4914231, -0.008896, , , , , , , 6.4914231, 0.0119173, , , , , , , , , , , , , , , , , , , , , , , , , , , , 
6.4919423, 0.0263523, , , , , , , 6.4919423, 0.0018463, , , , , , , 6.4919423, -0.0104067, , , , , , , 6.4919423, 0.0083925, , , , , , , , , , , , , , , , , , , , , , , , , , , , 
6.4924615, 0.0365911, , , , , , , 6.4924615, 0.0412909, , , , , , , 6.4924615, -0.010071, , , , , , , 6.4924615, 0.005539, , , , , , , , , , , , , , , , , , , , , , , , , , , , 
6.4929808, 0.0481727, , , , , , , 6.4929808, 0.0834211, , , , , , , 6.4929808, -0.0082246, , , , , , , 6.4929808, 0.0092317, , , , , , , , , , , , , , , , , , , , , , , , , , , , 
6.4935, 0.0629435, , , , , , , 6.4935, 0.103563, , , , , , , 6.4935, -0.0075532, , , , , , , 6.4935, 0.0146029, , , , , , , , , , , , , , , , , , , , , , , , , , , , 
6.4940192, 0.0743572, , , , , , , 6.4940192, 0.0951705, , , , , , , 6.4940192, -0.0062104, , , , , , , 6.4940192, 0.0213169, , , , , , , , , , , , , , , , , , , , , , , , , , , , 
6.4945385, 0.0904707, , , , , , , 6.4945385, 0.0679789, , , , , , , 6.4945385, -0.0045319, , , , , , , 6.4945385, 0.0305486, , , , , , , , , , , , , , , , , , , , , , , , , , , , 
6.4950577, 0.1119554, , , , , , , 6.4950577, 0.0377661, , , , , , , 6.4950577, -0.0048676, , , , , , , 6.4950577, 0.0384375, , , , , , , , , , , , , , , , , , , , , , , , , , , , 
6.4955769, 0.1294118, , , , , , , 6.4955769, 0.0154421, , , , , , , 6.4955769, -0.0075532, , , , , , , 6.4955769, 0.0412909, , , , , , , , , , , , , , , , , , , , , , , , , , , , 
6.4960962, 0.1361257, , , , , , , 6.4960962, 0.0065461, , , , , , , 6.4960962, -0.0114137, , , , , , , 6.4960962, 0.0421302, , , , , , , , , , , , , , , , , , , , , , , , , , , , 
6.4966154, 0.1487144, , , , , , , 6.4966154, 0.0065461, , , , , , , 6.4966154, -0.0142672, , , , , , , 6.4966154, 0.0463264, , , , , , , , , , , , , , , , , , , , , , , , , , , , 
6.4971346, 0.1794308, , , , , , , 6.4971346, 0.0016785, , , , , , , 6.4971346, -0.0132601, , , , , , , 6.4971346, 0.0508583, , , , , , , , , , , , , , , , , , , , , , , , , , , , 
6.4976538, 0.205951, , , , , , , 6.4976538, -0.0102388, , , , , , , 6.4976538, -0.0125887, , , , , , , 6.4976538, 0.0501869, , , , , , , , , , , , , , , , , , , , , , , , , , , , 
6.4981731, 0.2153506, , , , , , , 6.4981731, 0.0035248, , , , , , , 6.4981731, -0.0142672, , , , , , , 6.4981731, 0.0394446, , , , , , , , , , , , , , , , , , , , , , , , , , , , 
6.4986923, 0.2156863, , , , , , , 6.4986923, 0.043473, , , , , , , 6.4986923, -0.0164492, , , , , , , 6.4986923, 0.0256809, , , , , , , , , , , , , , , , , , , , , , , , , , , , 
6.4992115, 0.2133364, , , , , , , 6.4992115, 0.0830854, , , , , , , 6.4992115, -0.0167849, , , , , , , 6.4992115, 0.0176242, , , , , , , , , , , , , , , , , , , , , , , , , , , , 
6.4997308, 0.2109865, , , , , , , 6.4997308, 0.1030594, , , , , , , 6.4997308, -0.0157778, , , , , , , 6.4997308, 0.014435, , , , , , , , , , , , , , , , , , , , , , , , , , , , 
6.50025, 0.2046082, , , , , , , 6.50025, 0.093492, , , , , , , 6.50025, -0.0142672, , , , , , , 6.50025, 0.0135958, , , , , , , , , , , , , , , , , , , , , , , , , , , , 
6.5007692, 0.1952087, , , , , , , 6.5007692, 0.0535439, , , , , , , 6.5007692, -0.0135958, , , , , , , 6.5007692, 0.0099031, , , , , , , , , , , , , , , , , , , , , , , , , , , , 
6.5012885, 0.1878233, , , , , , , 6.5012885, 0.0005035, , , , , , , 6.5012885, -0.0109102, , , , , , , 6.5012885, -0.0001678, , , , , , , , , , , , , , , , , , , , , , , , , , , , 
6.5018077, 0.1762417, , , , , , , 6.5018077, -0.0344091, , , , , , , 6.5018077, -0.0119173, , , , , , , 6.5018077, -0.0119173, , , , , , , , , , , , , , , , , , , , , , , , , , , , 
6.5023269, 0.1576104, , , , , , , 6.5023269, -0.0513619, , , , , , , 6.5023269, -0.0226596, , , , , , , 6.5023269, -0.0186313, , , , , , , , , , , , , , , , , , , , , , , , , , , , 
6.5028462, 0.1448539, , , , , , , 6.5028462, -0.0253452, , , , , , , 6.5028462, -0.0404517, , , , , , , 6.5028462, -0.0223239, , , , , , , , , , , , , , , , , , , , , , , , , , , , 
6.5033654, 0.1515679, , , , , , , 6.5033654, 0.0703288, , , , , , , 6.5033654, -0.0535439, , , , , , , 6.5033654, -0.0216526, , , , , , , , , , , , , , , , , , , , , , , , , , , , 
6.5038846, 0.1743954, , , , , , , 6.5038846, 0.207126, , , , , , , 6.5038846, -0.0525368, , , , , , , 6.5038846, -0.0179599, , , , , , , , , , , , , , , , , , , , , , , , , , , , 
6.5044038, 0.1921874, , , , , , , 6.5044038, 0.3385519, , , , , , , 6.5044038, -0.0424659, , , , , , , 6.5044038, -0.0146029, , , , , , , , , , , , , , , , , , , , , , , , , , , , 
6.5049231, 0.1908446, , , , , , , 6.5049231, 0.4234836, , , , , , , 6.5049231, -0.0298772, , , , , , , 6.5049231, -0.0102388, , , , , , , , , , , , , , , , , , , , , , , , , , , , 
6.5054423, 0.1831235, , , , , , , 6.5054423, 0.4211337, , , , , , , 6.5054423, -0.0142672, , , , , , , 6.5054423, -0.0028534, , , , , , , , , , , , , , , , , , , , , , , , , , , , 
6.5059615, 0.191516, , , , , , , 6.5059615, 0.3106889, , , , , , , 6.5059615, 0.0031891, , , , , , , 6.5059615, 0.0048676, , , , , , , , , , , , , , , , , , , , , , , , , , , , 
6.5064808, 0.2260929, , , , , , , 6.5064808, 0.1136339, , , , , , , 6.5064808, 0.0179599, , , , , , , 6.5064808, 0.0068818, , , , , , , , , , , , , , , , , , , , , , , , , , , , 
6.507, 0.2697337, , , , , , , 6.507, -0.1096056, , , , , , , 6.507, 0.0323949, , , , , , , 6.507, 0.0045319, , , , , , , , , , , , , , , , , , , , , , , , , , , , 
6.5075192, 0.2937362, , , , , , , 6.5075192, -0.3076677, , , , , , , 6.5075192, 0.0417945, , , , , , , 6.5075192, 0.0058747, , , , , , , , , , , , , , , , , , , , , , , , , , , , 
6.5080385, 0.2881971, , , , , , , 6.5080385, -0.4570535, , , , , , , 6.5080385, 0.0468299, , , , , , , 6.5080385, 0.0146029, , , , , , , , , , , , , , , , , , , , , , , , , , , , 
6.5085577, 0.2596628, , , , , , , 6.5085577, -0.4674601, , , , , , , 6.5085577, 0.0451514, , , , , , , 6.5085577, 0.0240024, , , , , , , , , , , , , , , , , , , , , , , , , , , , 
6.5090769, 0.2254215, , , , , , , 6.5090769, -0.3506371, , , , , , , 6.5090769, 0.0397803, , , , , , , 6.5090769, 0.0297093, , , , , , , , , , , , , , , , , , , , , , , , , , , , 
6.5095962, 0.2032654, , , , , , , 6.5095962, -0.2487526, , , , , , , 6.5095962, 0.033402, , , , , , , 6.5095962, 0.0340734, , , , , , , , , , , , , , , , , , , , , , , , , , , , 
6.5101154, 0.1962158, , , , , , , 6.5101154, -0.2422065, , , , , , , 6.5101154, 0.0229953, , , , , , , 6.5101154, 0.0377661, , , , , , , , , , , , , , , , , , , , , , , , , , , , 
6.5106346, 0.1930266, , , , , , , 6.5106346, -0.2845045, , , , , , , 6.5106346, 0.0124208, , , , , , , 6.5106346, 0.0377661, , , , , , , , , , , , , , , , , , , , , , , , , , , , 
6.5111538, 0.2022583, , , , , , , 6.5111538, -0.2888685, , , , , , , 6.5111538, 0.0038605, , , , , , , 6.5111538, 0.0364233, , , , , , , , , , , , , , , , , , , , , , , , , , , , 
6.5116731, 0.2428779, , , , , , , 6.5116731, -0.2281071, , , , , , , 6.5116731, -0.0028534, , , , , , , 6.5116731, 0.0323949, , , , , , , , , , , , , , , , , , , , , , , , , , , , 
6.5121923, 0.3476158, , , , , , , 6.5121923, -0.1495537, , , , , , , 6.5121923, -0.0087282, , , , , , , 6.5121923, 0.0290379, , , , , , , , , , , , , , , , , , , , , , , , , , , , 
6.5127115, 0.372961, , , , , , , 6.5127115, -0.1044022, , , , , , , 6.5127115, -0.0137636, , , , , , , 6.5127115, 0.0276951, , , , , , , , , , , , , , , , , , , , , , , , , , , , 
6.5132308, 0.2536202, , , , , , , 6.5132308, -0.0817426, , , , , , , 6.5132308, -0.0199741, , , , , , , 6.5132308, 0.0276951, , , , , , , , , , , , , , , , , , , , , , , , , , , , 
6.51375, 0.0965133, , , , , , , 6.51375, -0.0518654, , , , , , , 6.51375, -0.0256809, , , , , , , 6.51375, 0.026688, , , , , , , , , , , , , , , , , , , , , , , , , , , , 
6.5142692, -0.0317235, , , , , , , 6.5142692, -0.0196384, , , , , , , 6.5142692, -0.0263523, , , , , , , 6.5142692, 0.0240024, , , , , , , , , , , , , , , , , , , , , , , , , , , , 
6.5147885, -0.1337758, , , , , , , 6.5147885, 0.0031891, , , , , , , 6.5147885, -0.0243381, , , , , , , 6.5147885, 0.0223239, , , , , , , , , , , , , , , , , , , , , , , , , , , , 
6.5153077, -0.2089723, , , , , , , 6.5153077, 0.0186313, , , , , , , 6.5153077, -0.0240024, , , , , , , 6.5153077, 0.0218204, , , , , , , , , , , , , , , , , , , , , , , , , , , , 
6.5158269, -0.2556344, , , , , , , 6.5158269, 0.0313878, , , , , , , 6.5158269, -0.0236667, , , , , , , 6.5158269, 0.023331, , , , , , , , , , , , , , , , , , , , , , , , , , , , 
6.5163462, -0.2878614, , , , , , , 6.5163462, 0.0392767, , , , , , , 6.5163462, -0.0226596, , , , , , , 6.5163462, 0.0238346, , , , , , , , , , , , , , , , , , , , , , , , , , , , 
6.5168654, -0.3231098, , , , , , , 6.5168654, 0.0399481, , , , , , , 6.5168654, -0.0229953, , , , , , , 6.5168654, 0.0226596, , , , , , , , , , , , , , , , , , , , , , , , , , , , 
6.5173846, -0.3637293, , , , , , , 6.5173846, 0.0386053, , , , , , , 6.5173846, -0.0246738, , , , , , , 6.5173846, 0.0186313, , , , , , , , , , , , , , , , , , , , , , , , , , , , 
6.5179038, -0.4031739, , , , , , , 6.5179038, 0.0391089, , , , , , , 6.5179038, -0.0256809, , , , , , , 6.5179038, 0.0157778, , , , , , , , , , , , , , , , , , , , , , , , , , , , 
6.5184231, -0.434226, , , , , , , 6.5184231, 0.0441444, , , , , , , 6.5184231, -0.0243381, , , , , , , 6.5184231, 0.0149386, , , , , , , , , , , , , , , , , , , , , , , , , , , , 
6.5189423, -0.4525216, , , , , , , 6.5189423, 0.0533761, , , , , , , 6.5189423, -0.0229953, , , , , , , 6.5189423, 0.0132601, , , , , , , , , , , , , , , , , , , , , , , , , , , , 
6.5194615, -0.4641032, , , , , , , 6.5194615, 0.0609293, , , , , , , 6.5194615, -0.0226596, , , , , , , 6.5194615, 0.0146029, , , , , , , , , , , , , , , , , , , , , , , , , , , , 
6.5199808, -0.483238, , , , , , , 6.5199808, 0.0636149, , , , , , , 6.5199808, -0.0209812, , , , , , , 6.5199808, 0.0193027, , , , , , , , , , , , , , , , , , , , , , , , , , , , 
6.5205, -0.5137865, , , , , , , 6.5205, 0.0626078, , , , , , , 6.5205, -0.0169528, , , , , , , 6.5205, 0.0265202, , , , , , , , , , , , , , , , , , , , , , , , , , , , 
6.5210192, -0.5456779, , , , , , , 6.5210192, 0.0580758, , , , , , , 6.5210192, -0.0132601, , , , , , , 6.5210192, 0.0347448, , , , , , , , , , , , , , , , , , , , , , , , , , , , 
6.5215385, -0.5580987, , , , , , , 6.5215385, 0.0540475, , , , , , , 6.5215385, -0.0125887, , , , , , , 6.5215385, 0.0404517, , , , , , , , , , , , , , , , , , , , , , , , , , , , 
6.5220577, -0.5710231, , , , , , , 6.5220577, 0.0532082, , , , , , , 6.5220577, -0.0125887, , , , , , , 6.5220577, 0.0459907, , , , , , , , , , , , , , , , , , , , , , , , , , , , 
6.5225769, -0.5953613, , , , , , , 6.5225769, 0.0515297, , , , , , , 6.5225769, -0.0115816, , , , , , , 6.5225769, 0.0542153, , , , , , , , , , , , , , , , , , , , , , , , , , , , 
6.5230962, -0.6081178, , , , , , , 6.5230962, 0.0468299, , , , , , , 6.5230962, -0.0109102, , , , , , , 6.5230962, 0.0636149, , , , , , , , , , , , , , , , , , , , , , , , , , , , 
6.5236154, -0.6010681, , , , , , , 6.5236154, 0.0439765, , , , , , , 6.5236154, -0.0112459, , , , , , , 6.5236154, 0.072343, , , , , , , , , , , , , , , , , , , , , , , , , , , , 
6.5241346, -0.5721981, , , , , , , 6.5241346, 0.043473, , , , , , , 6.5241346, -0.0095674, , , , , , , 6.5241346, 0.0817426, , , , , , , , , , , , , , , , , , , , , , , , , , , , 
6.5246538, -0.5300679, , , , , , , 6.5246538, 0.0441444, , , , , , , 6.5246538, -0.0072175, , , , , , , 6.5246538, 0.0904707, , , , , , , , , , , , , , , , , , , , , , , , , , , , 
6.5251731, -0.4805524, , , , , , , 6.5251731, 0.043473, , , , , , , 6.5251731, -0.0070497, , , , , , , 6.5251731, 0.1005417, , , , , , , , , , , , , , , , , , , , , , , , , , , , 
6.5256923, -0.4322118, , , , , , , 6.5256923, 0.0387732, , , , , , , 6.5256923, -0.0062104, , , , , , , 6.5256923, 0.1109483, , , , , , , , , , , , , , , , , , , , , , , , , , , , 
6.5262115, -0.395285, , , , , , , 6.5262115, 0.0317235, , , , , , , 6.5262115, -0.0036927, , , , , , , 6.5262115, 0.1200122, , , , , , , , , , , , , , , , , , , , , , , , , , , , 
6.5267308, -0.3670863, , , , , , , 6.5267308, 0.0253452, , , , , , , 6.5267308, -0.0043641, , , , , , , 6.5267308, 0.1237049, , , , , , , , , , , , , , , , , , , , , , , , , , , , 
6.52725, -0.336202, , , , , , , 6.52725, 0.0203098, , , , , , , 6.52725, -0.0082246, , , , , , , 6.52725, 0.121355, , , , , , , , , , , , , , , , , , , , , , , , , , , , 
6.5277692, -0.2955825, , , , , , , 6.5277692, 0.0176242, , , , , , , 6.5277692, -0.0095674, , , , , , , 6.5277692, 0.1221942, , , , , , , , , , , , , , , , , , , , , , , , , , , , 
6.5282885, -0.2573129, , , , , , , 6.5282885, 0.0169528, , , , , , , 6.5282885, -0.0068818, , , , , , , 6.5282885, 0.1226978, , , , , , , , , , , , , , , , , , , , , , , , , , , , 
6.5288077, -0.2334783, , , , , , , 6.5288077, 0.0152743, , , , , , , 6.5288077, -0.0052033, , , , , , , 6.5288077, 0.1193408, , , , , , , , , , , , , , , , , , , , , , , , , , , , 
6.5293269, -0.2109865, , , , , , , 6.5293269, 0.012253, , , , , , , 6.5293269, -0.0048676, , , , , , , 6.5293269, 0.1126268, , , , , , , , , , , , , , , , , , , , , , , , , , , , 
6.5298462, -0.1827878, , , , , , , 6.5298462, 0.0085603, , , , , , , 6.5298462, -0.0065461, , , , , , , 6.5298462, 0.1028916, , , , , , , , , , , , , , , , , , , , , , , , , , , , 
6.5303654, -0.1524071, , , , , , , 6.5303654, 0.0048676, , , , , , , 6.5303654, -0.0075532, , , , , , , 6.5303654, 0.0951705, , , , , , , , , , , , , , , , , , , , , , , , , , , , 
6.5308846, -0.1260548, , , , , , , 6.5308846, 0.0025177, , , , , , , 6.5308846, -0.005539, , , , , , , 6.5308846, 0.0914778, , , , , , , , , , , , , , , , , , , , , , , , , , , , 
6.5314038, -0.0948348, , , , , , , 6.5314038, 0.0023499, , , , , , , 6.5314038, -0.0038605, , , , , , , 6.5314038, 0.0861067, , , , , , , , , , , , , , , , , , , , , , , , , , , , 
6.5319231, -0.0538796, , , , , , , 6.5319231, 0.0011749, , , , , , , 6.5319231, -0.0045319, , , , , , , 6.5319231, 0.0728466, , , , , , , , , , , , , , , , , , , , , , , , , , , , 
6.5324423, -0.0162814, , , , , , , 6.5324423, 0.0011749, , , , , , , 6.5324423, -0.0045319, , , , , , , 6.5324423, 0.054551, , , , , , , , , , , , , , , , , , , , , , , , , , , , 
6.5329615, 0.0146029, , , , , , , 6.5329615, 0.0015106, , , , , , , 6.5329615, -0.0035248, , , , , , , 6.5329615, 0.0381018, , , , , , , , , , , , , , , , , , , , , , , , , , , , 
6.5334808, 0.0407874, , , , , , , 6.5334808, 0.0005035, , , , , , , 6.5334808, -0.0041962, , , , , , , 6.5334808, 0.023331, , , , , , , , , , , , , , , , , , , , , , , , , , , , 
6.534, 0.0642863, , , , , , , 6.534, -0.0011749, , , , , , , 6.534, -0.005539, , , , , , , 6.534, 0.0052033, , , , , , , , , , , , , , , , , , , , , , , , , , , , 
6.5345192, 0.0837568, , , , , , , 6.5345192, -0.0031891, , , , , , , 6.5345192, -0.0058747, , , , , , , 6.5345192, -0.0102388, , , , , , , , , , , , , , , , , , , , , , , , , , , , 
6.5350385, 0.1018845, , , , , , , 6.5350385, -0.0068818, , , , , , , 6.5350385, -0.0048676, , , , , , , 6.5350385, -0.0209812, , , , , , , , , , , , , , , , , , , , , , , , , , , , 
6.5355577, 0.1233692, , , , , , , 6.5355577, -0.0095674, , , , , , , 6.5355577, -0.0035248, , , , , , , 6.5355577, -0.0330663, , , , , , , , , , , , , , , , , , , , , , , , , , , , 
6.5360769, 0.1495537, , , , , , , 6.5360769, -0.0099031, , , , , , , 6.5360769, -0.0028534, , , , , , , 6.5360769, -0.0464942, , , , , , , , , , , , , , , , , , , , , , , , , , , , 
6.5365962, 0.1681849, , , , , , , 6.5365962, -0.008896, , , , , , , 6.5365962, -0.0031891, , , , , , , 6.5365962, -0.0592508, , , , , , , , , , , , , , , , , , , , , , , , , , , , 
6.5371154, 0.1797665, , , , , , , 6.5371154, -0.0082246, , , , , , , 6.5371154, -0.0035248, , , , , , , 6.5371154, -0.0710002, , , , , , , , , , , , , , , , , , , , , , , , , , , , 
6.5376346, 0.188159, , , , , , , 6.5376346, -0.0068818, , , , , , , 6.5376346, -0.0038605, , , , , , , 6.5376346, -0.0800641, , , , , , , , , , , , , , , , , , , , , , , , , , , , 
6.5381538, 0.1957122, , , , , , , 6.5381538, -0.0036927, , , , , , , 6.5381538, -0.0035248, , , , , , , 6.5381538, -0.0892958, , , , , , , , , , , , , , , , , , , , , , , , , , , , 
6.5386731, 0.1952087, , , , , , , 6.5386731, -0.0015106, , , , , , , 6.5386731, -0.0045319, , , , , , , 6.5386731, -0.0978561, , , , , , , , , , , , , , , , , , , , , , , , , , , , 
6.5391923, 0.1809415, , , , , , , 6.5391923, -0.0023499, , , , , , , 6.5391923, -0.0041962, , , , , , , 6.5391923, -0.1059129, , , , , , , , , , , , , , , , , , , , , , , , , , , , 
6.5397115, 0.1582818, , , , , , , 6.5397115, -0.0045319, , , , , , , 6.5397115, -0.0030213, , , , , , , 6.5397115, -0.1126268, , , , , , , , , , , , , , , , , , , , , , , , , , , , 
6.5402308, 0.1347829, , , , , , , 6.5402308, -0.0072175, , , , , , , 6.5402308, -0.0016785, , , , , , , 6.5402308, -0.1149767, , , , , , , , , , , , , , , , , , , , , , , , , , , , 
6.54075, 0.1153124, , , , , , , 6.54075, -0.0099031, , , , , , , 6.54075, 0.0008392, , , , , , , 6.54075, -0.1173266, , , , , , , , , , , , , , , , , , , , , , , , , , , , 
6.5412692, 0.1028916, , , , , , , 6.5412692, -0.0124208, , , , , , , 6.5412692, 0.0031891, , , , , , , 6.5412692, -0.1260548, , , , , , , , , , , , , , , , , , , , , , , , , , , , 
6.5417885, 0.1030594, , , , , , , 6.5417885, -0.0135958, , , , , , , 6.5417885, 0.002182, , , , , , , 6.5417885, -0.1351186, , , , , , , , , , , , , , , , , , , , , , , , , , , , 
6.5423077, 0.1025559, , , , , , , 6.5423077, -0.0135958, , , , , , , 6.5423077, 0.0018463, , , , , , , 6.5423077, -0.1378042, , , , , , , , , , , , , , , , , , , , , , , , , , , , 
6.5428269, 0.0978561, , , , , , , 6.5428269, -0.0132601, , , , , , , 6.5428269, 0.0046998, , , , , , , 6.5428269, -0.1361257, , , , , , , , , , , , , , , , , , , , , , , , , , , , 
6.5433462, 0.0897993, , , , , , , 6.5433462, -0.0139315, , , , , , , 6.5433462, 0.005539, , , , , , , 6.5433462, -0.1351186, , , , , , , , , , , , , , , , , , , , , , , , , , , , 
6.5438654, 0.0837568, , , , , , , 6.5438654, -0.0169528, , , , , , , 6.5438654, 0.0038605, , , , , , , 6.5438654, -0.1346151, , , , , , , , , , , , , , , , , , , , , , , , , , , , 
6.5443846, 0.0810712, , , , , , , 6.5443846, -0.0204776, , , , , , , 6.5443846, 0.0001678, , , , , , , 6.5443846, -0.1310903, , , , , , , , , , , , , , , , , , , , , , , , , , , , 
6.5449038, 0.0827497, , , , , , , 6.5449038, -0.0216526, , , , , , , 6.5449038, -0.0078889, , , , , , , 6.5449038, -0.1277333, , , , , , , , , , , , , , , , , , , , , , , , , , , , 
6.5454231, 0.0681468, , , , , , , 6.5454231, -0.0213169, , , , , , , 6.5454231, -0.0146029, , , , , , , 6.5454231, -0.1211872, , , , , , , , , , , , , , , , , , , , , , , , , , , , 
6.5459423, 0.0360876, , , , , , , 6.5459423, -0.0191348, , , , , , , 6.5459423, -0.0166171, , , , , , , 6.5459423, -0.1119554, , , , , , , , , , , , , , , , , , , , , , , , , , , , 
6.5464615, 0.0199741, , , , , , , 6.5464615, -0.0162814, , , , , , , 6.5464615, -0.0068818, , , , , , , 6.5464615, -0.1028916, , , , , , , , , , , , , , , , , , , , , , , , , , , , 
6.5469808, 0.030045, , , , , , , 6.5469808, -0.0142672, , , , , , , 6.5469808, 0.0135958, , , , , , , 6.5469808, -0.0944991, , , , , , , , , , , , , , , , , , , , , , , , , , , , 
6.5475, 0.0495155, , , , , , , 6.5475, -0.0129244, , , , , , , 6.5475, 0.0325628, , , , , , , 6.5475, -0.0854353, , , , , , , , , , , , , , , , , , , , , , , , , , , , 
6.5480192, 0.0716716, , , , , , , 6.5480192, -0.0135958, , , , , , , 6.5480192, 0.0421302, , , , , , , 6.5480192, -0.0767071, , , , , , , , , , , , , , , , , , , , , , , , , , , , 
6.5485385, 0.0914778, , , , , , , 6.5485385, -0.0114137, , , , , , , 6.5485385, 0.0431373, , , , , , , 6.5485385, -0.0683146, , , , , , , , , , , , , , , , , , , , , , , , , , , , 
6.5490577, 0.1119554, , , , , , , 6.5490577, -0.0023499, , , , , , , 6.5490577, 0.0374304, , , , , , , 6.5490577, -0.0599222, , , , , , , , , , , , , , , , , , , , , , , , , , , , 
6.5495769, 0.1450217, , , , , , , 6.5495769, 0.0072175, , , , , , , 6.5495769, 0.026688, , , , , , , 6.5495769, -0.0513619, , , , , , , , , , , , , , , , , , , , , , , , , , , , 
6.5500962, 0.1817807, , , , , , , 6.5500962, 0.0095674, , , , , , , 6.5500962, 0.0104067, , , , , , , 6.5500962, -0.0417945, , , , , , , , , , , , , , , , , , , , , , , , , , , , 
6.5506154, 0.2076295, , , , , , , 6.5506154, 0.0038605, , , , , , , 6.5506154, -0.0137636, , , , , , , 6.5506154, -0.0354162, , , , , , , , , , , , , , , , , , , , , , , , , , , , 
6.5511346, 0.2254215, , , , , , , 6.5511346, -0.0043641, , , , , , , 6.5511346, -0.0417945, , , , , , , 6.5511346, -0.0350805, , , , , , , , , , , , , , , , , , , , , , , , , , , , 
6.5516538, 0.2495918, , , , , , , 6.5516538, -0.0117494, , , , , , , 6.5516538, -0.066804, , , , , , , 6.5516538, -0.0360876, , , , , , , , , , , , , , , , , , , , , , , , , , , , 
6.5521731, 0.2709087, , , , , , , 6.5521731, -0.0204776, , , , , , , 6.5521731, -0.0782177, , , , , , , 6.5521731, -0.0340734, , , , , , , , , , , , , , , , , , , , , , , , , , , , 
6.5526923, 0.2744335, , , , , , , 6.5526923, -0.0310521, , , , , , , 6.5526923, -0.0770428, , , , , , , 6.5526923, -0.0283665, , , , , , , , , , , , , , , , , , , , , , , , , , , , 
6.5532115, 0.2682231, , , , , , , 6.5532115, -0.033402, , , , , , , 6.5532115, -0.0720073, , , , , , , 6.5532115, -0.0216526, , , , , , , , , , , , , , , , , , , , , , , , , , , , 
6.5537308, 0.2596628, , , , , , , 6.5537308, -0.0253452, , , , , , , 6.5537308, -0.0659648, , , , , , , 6.5537308, -0.0172885, , , , , , , , , , , , , , , , , , , , , , , , , , , , 
6.55425, 0.2536202, , , , , , , 6.55425, -0.0171206, , , , , , , 6.55425, -0.0552224, , , , , , , 6.55425, -0.014435, , , , , , , , , , , , , , , , , , , , , , , , , , , , 
6.5547692, 0.248249, , , , , , , 6.5547692, -0.0159457, , , , , , , 6.5547692, -0.0407874, , , , , , , 6.5547692, -0.0102388, , , , , , , , , , , , , , , , , , , , , , , , , , , , 
6.5552885, 0.2408637, , , , , , , 6.5552885, -0.0179599, , , , , , , 6.5552885, -0.0273594, , , , , , , 6.5552885, -0.0085603, , , , , , , , , , , , , , , , , , , , , , , , , , , , 
6.5558077, 0.2254215, , , , , , , 6.5558077, -0.0167849, , , , , , , 6.5558077, -0.0149386, , , , , , , 6.5558077, -0.0072175, , , , , , , , , , , , , , , , , , , , , , , , , , , , 
6.5563269, 0.2123293, , , , , , , 6.5563269, -0.0199741, , , , , , , 6.5563269, -0.0035248, , , , , , , 6.5563269, -0.0053712, , , , , , , , , , , , , , , , , , , , , , , , , , , , 
6.5568462, 0.2096437, , , , , , , 6.5568462, -0.0276951, , , , , , , 6.5568462, 0.0031891, , , , , , , 6.5568462, -0.0035248, , , , , , , , , , , , , , , , , , , , , , , , , , , , 
6.5573654, 0.2106508, , , , , , , 6.5573654, -0.0344091, , , , , , , 6.5573654, 0.0023499, , , , , , , 6.5573654, 0.0015106, , , , , , , , , , , , , , , , , , , , , , , , , , , , 
6.5578846, 0.2046082, , , , , , , 6.5578846, -0.0339055, , , , , , , 6.5578846, -0.0063783, , , , , , , 6.5578846, 0.0057069, , , , , , , , , , , , , , , , , , , , , , , , , , , , 
6.5584038, 0.19823, , , , , , , 6.5584038, -0.0250095, , , , , , , 6.5584038, -0.0169528, , , , , , , 6.5584038, 0.0092317, , , , , , , , , , , , , , , , , , , , , , , , , , , , 
6.5589231, 0.1931945, , , , , , , 6.5589231, -0.0146029, , , , , , , 6.5589231, -0.0231632, , , , , , , 6.5589231, 0.0124208, , , , , , , , , , , , , , , , , , , , , , , , , , , , 
6.5594423, 0.1817807, , , , , , , 6.5594423, -0.0092317, , , , , , , 6.5594423, -0.0236667, , , , , , , 6.5594423, 0.018967, , , , , , , , , , , , , , , , , , , , , , , , , , , , 
6.5599615, 0.1641566, , , , , , , 6.5599615, -0.0082246, , , , , , , 6.5599615, -0.0196384, , , , , , , 6.5599615, 0.0260166, , , , , , , , , , , , , , , , , , , , , , , , , , , , 
6.5604808, 0.1470359, , , , , , , 6.5604808, -0.0099031, , , , , , , 6.5604808, -0.0085603, , , , , , , 6.5604808, 0.0307164, , , , , , , , , , , , , , , , , , , , , , , , , , , , 
6.561, 0.1327687, , , , , , , 6.561, -0.0139315, , , , , , , 6.561, 0.0018463, , , , , , , 6.561, 0.0337377, , , , , , , , , , , , , , , , , , , , , , , , , , , , 
6.5615192, 0.1367971, , , , , , , 6.5615192, -0.0323949, , , , , , , 6.5615192, 0.0075532, , , , , , , 6.5615192, 0.033402, , , , , , , , , , , , , , , , , , , , , , , , , , , , 
6.5620385, 0.1522393, , , , , , , 6.5620385, -0.0488441, , , , , , , 6.5620385, 0.0082246, , , , , , , 6.5620385, 0.0340734, , , , , , , , , , , , , , , , , , , , , , , , , , , , 
6.5625577, 0.1549248, , , , , , , 6.5625577, -0.0485084, , , , , , , 6.5625577, 0.0050355, , , , , , , 6.5625577, 0.0374304, , , , , , , , , , , , , , , , , , , , , , , , , , , , 
6.5630769, 0.1482109, , , , , , , 6.5630769, -0.0345769, , , , , , , 6.5630769, -0.0001678, , , , , , , 6.5630769, 0.0399481, , , , , , , , , , , , , , , , , , , , , , , , , , , , 
6.5635962, 0.1381399, , , , , , , 6.5635962, -0.0005035, , , , , , , 6.5635962, -0.0043641, , , , , , , 6.5635962, 0.0431373, , , , , , , , , , , , , , , , , , , , , , , , , , , , 
6.5641154, 0.124712, , , , , , , 6.5641154, 0.0458228, , , , , , , 6.5641154, -0.0112459, , , , , , , 6.5641154, 0.0495155, , , , , , , , , , , , , , , , , , , , , , , , , , , , 
6.5646346, 0.110277, , , , , , , 6.5646346, 0.0710002, , , , , , , 6.5646346, -0.0182956, , , , , , , 6.5646346, 0.057908, , , , , , , , , , , , , , , , , , , , , , , , , , , , 
6.5651538, 0.0891279, , , , , , , 6.5651538, 0.0656291, , , , , , , 6.5651538, -0.0231632, , , , , , , 6.5651538, 0.0647898, , , , , , , , , , , , , , , , , , , , , , , , , , , , 
6.5656731, 0.0636149, , , , , , , 6.5656731, 0.0374304, , , , , , , 6.5656731, -0.0243381, , , , , , , 6.5656731, 0.0686503, , , , , , , , , , , , , , , , , , , , , , , , , , , , 
6.5661923, 0.0397803, , , , , , , 6.5661923, -0.0041962, , , , , , , 6.5661923, -0.0216526, , , , , , , 6.5661923, 0.0743572, , , , , , , , , , , , , , , , , , , , , , , , , , , , 
6.5667115, 0.0209812, , , , , , , 6.5667115, -0.0357519, , , , , , , 6.5667115, -0.018967, , , , , , , 6.5667115, 0.082414, , , , , , , , , , , , , , , , , , , , , , , , , , , , 
6.5672308, 0.0099031, , , , , , , 6.5672308, -0.036759, , , , , , , 6.5672308, -0.01561, , , , , , , 6.5672308, 0.0891279, , , , , , , , , , , , , , , , , , , , , , , , , , , , 
6.56775, -0.0028534, , , , , , , 6.56775, -0.0176242, , , , , , , 6.56775, -0.0142672, , , , , , , 6.56775, 0.096849, , , , , , , , , , , , , , , , , , , , , , , , , , , , 
6.5682692, -0.0169528, , , , , , , 6.5682692, 0.0052033, , , , , , , 6.5682692, -0.0135958, , , , , , , 6.5682692, 0.1025559, , , , , , , , , , , , , , , , , , , , , , , , , , , , 
6.5687885, -0.027863, , , , , , , 6.5687885, 0.0273594, , , , , , , 6.5687885, -0.0125887, , , , , , , 6.5687885, 0.1038987, , , , , , , , , , , , , , , , , , , , , , , , , , , , 
6.5693077, -0.04448, , , , , , , 6.5693077, 0.0475013, , , , , , , 6.5693077, -0.0162814, , , , , , , 6.5693077, 0.1045701, , , , , , , , , , , , , , , , , , , , , , , , , , , , 
6.5698269, -0.0609293, , , , , , , 6.5698269, 0.049012, , , , , , , 6.5698269, -0.0226596, , , , , , , 6.5698269, 0.1065843, , , , , , , , , , , , , , , , , , , , , , , , , , , , 
6.5703462, -0.0664683, , , , , , , 6.5703462, 0.0265202, , , , , , , 6.5703462, -0.0246738, , , , , , , 6.5703462, 0.1106126, , , , , , , , , , , , , , , , , , , , , , , , , , , , 
6.5708654, -0.0676432, , , , , , , 6.5708654, 0.0023499, , , , , , , 6.5708654, -0.0240024, , , , , , , 6.5708654, 0.111284, , , , , , , , , , , , , , , , , , , , , , , , , , , , 
6.5713846, -0.0699931, , , , , , , 6.5713846, -0.0085603, , , , , , , 6.5713846, -0.0246738, , , , , , , 6.5713846, 0.1072557, , , , , , , , , , , , , , , , , , , , , , , , , , , , 
6.5719038, -0.0703288, , , , , , , 6.5719038, -0.0011749, , , , , , , 6.5719038, -0.0236667, , , , , , , 6.5719038, 0.1005417, , , , , , , , , , , , , , , , , , , , , , , , , , , , 
6.5724231, -0.064622, , , , , , , 6.5724231, 0.0320592, , , , , , , 6.5724231, -0.0191348, , , , , , , 6.5724231, 0.093492, , , , , , , , , , , , , , , , , , , , , , , , , , , , 
6.5729423, -0.0594186, , , , , , , 6.5729423, 0.0699931, , , , , , , 6.5729423, -0.0166171, , , , , , , 6.5729423, 0.0867781, , , , , , , , , , , , , , , , , , , , , , , , , , , , 
6.5734615, -0.0626078, , , , , , , 6.5734615, 0.0619364, , , , , , , 6.5734615, -0.01561, , , , , , , 6.5734615, 0.082414, , , , , , , , , , , , , , , , , , , , , , , , , , , , 
6.5739808, -0.0629435, , , , , , , 6.5739808, 0.0078889, , , , , , , 6.5739808, -0.0099031, , , , , , , 6.5739808, 0.079057, , , , , , , , , , , , , , , , , , , , , , , , , , , , 
6.5745, -0.0570687, , , , , , , 6.5745, -0.0263523, , , , , , , 6.5745, -0.0015106, , , , , , , 6.5745, 0.0740215, , , , , , , , , , , , , , , , , , , , , , , , , , , , 
6.5750192, -0.0520333, , , , , , , 6.5750192, -0.005539, , , , , , , 6.5750192, 0.0052033, , , , , , , 6.5750192, 0.0699931, , , , , , , , , , , , , , , , , , , , , , , , , , , , 
6.5755385, -0.0525368, , , , , , , 6.5755385, 0.0407874, , , , , , , 6.5755385, 0.0102388, , , , , , , 6.5755385, 0.0703288, , , , , , , , , , , , , , , , , , , , , , , , , , , , 
6.5760577, -0.0525368, , , , , , , 6.5760577, 0.0827497, , , , , , , 6.5760577, 0.0112459, , , , , , , 6.5760577, 0.0710002, , , , , , , , , , , , , , , , , , , , , , , , , , , , 
6.5765769, -0.049012, , , , , , , 6.5765769, 0.0921492, , , , , , , 6.5765769, 0.0105745, , , , , , , 6.5765769, 0.0699931, , , , , , , , , , , , , , , , , , , , , , , , , , , , 
6.5770962, -0.0498512, , , , , , , 6.5770962, 0.0636149, , , , , , , 6.5770962, 0.0129244, , , , , , , 6.5770962, 0.0683146, , , , , , , , , , , , , , , , , , , , , , , , , , , , 
6.5776154, -0.0547189, , , , , , , 6.5776154, 0.0260166, , , , , , , 6.5776154, 0.0159457, , , , , , , 6.5776154, 0.066804, , , , , , , , , , , , , , , , , , , , , , , , , , , , 
6.5781346, -0.0565652, , , , , , , 6.5781346, -0.0216526, , , , , , , 6.5781346, 0.0179599, , , , , , , 6.5781346, 0.0649577, , , , , , , , , , , , , , , , , , , , , , , , , , , , 
6.5786538, -0.0560616, , , , , , , 6.5786538, -0.0956741, , , , , , , 6.5786538, 0.0193027, , , , , , , 6.5786538, 0.0602579, , , , , , , , , , , , , , , , , , , , , , , , , , , , 
6.5791731, -0.0592508, , , , , , , 6.5791731, -0.1512322, , , , , , , 6.5791731, 0.0216526, , , , , , , 6.5791731, 0.0562295, , , , , , , , , , , , , , , , , , , , , , , , , , , , 
6.5796923, -0.0575723, , , , , , , 6.5796923, -0.1304189, , , , , , , 6.5796923, 0.0209812, , , , , , , 6.5796923, 0.0528725, , , , , , , , , , , , , , , , , , , , , , , , , , , , 
6.5802115, -0.0491798, , , , , , , 6.5802115, -0.0793927, , , , , , , 6.5802115, 0.0157778, , , , , , , 6.5802115, 0.0495155, , , , , , , , , , , , , , , , , , , , , , , , , , , , 
6.5807308, -0.0409552, , , , , , , 6.5807308, -0.0840925, , , , , , , 6.5807308, 0.0125887, , , , , , , 6.5807308, 0.0441444, , , , , , , , , , , , , , , , , , , , , , , , , , , , 
6.58125, -0.0337377, , , , , , , 6.58125, -0.1393149, , , , , , , 6.58125, 0.0119173, , , , , , , 6.58125, 0.0372625, , , , , , , , , , , , , , , , , , , , , , , , , , , , 
6.5817692, -0.0246738, , , , , , , 6.5817692, -0.152575, , , , , , , 6.5817692, 0.0099031, , , , , , , 6.5817692, 0.0293736, , , , , , , , , , , , , , , , , , , , , , , , , , , , 
6.5822885, -0.012253, , , , , , , 6.5822885, -0.0760357, , , , , , , 6.5822885, 0.0072175, , , , , , , 6.5822885, 0.0213169, , , , , , , , , , , , , , , , , , , , , , , , , , , , 
6.5828077, -0.0062104, , , , , , , 6.5828077, 0.0149386, , , , , , , 6.5828077, 0.0052033, , , , , , , 6.5828077, 0.0166171, , , , , , , , , , , , , , , , , , , , , , , , , , , , 
6.5833269, -0.0038605, , , , , , , 6.5833269, 0.0359197, , , , , , , 6.5833269, 0.0058747, , , , , , , 6.5833269, 0.0172885, , , , , , , , , , , , , , , , , , , , , , , , , , , , 
6.5838462, 0.0011749, , , , , , , 6.5838462, -0.0276951, , , , , , , 6.5838462, 0.0050355, , , , , , , 6.5838462, 0.0198062, , , , , , , , , , , , , , , , , , , , , , , , , , , , 
6.5843654, 0.0065461, , , , , , , 6.5843654, -0.1324331, , , , , , , 6.5843654, 0.0053712, , , , , , , 6.5843654, 0.0209812, , , , , , , , , , , , , , , , , , , , , , , , , , , , 
6.5848846, 0.0105745, , , , , , , 6.5848846, -0.2264286, , , , , , , 6.5848846, 0.0052033, , , , , , , 6.5848846, 0.0219883, , , , , , , , , , , , , , , , , , , , , , , , , , , , 
6.5854038, 0.0130922, , , , , , , 6.5854038, -0.2668803, , , , , , , 6.5854038, 0.0043641, , , , , , , 6.5854038, 0.026688, , , , , , , , , , , , , , , , , , , , , , , , , , , , 
6.5859231, 0.0139315, , , , , , , 6.5859231, -0.2489204, , , , , , , 6.5859231, 0.0045319, , , , , , , 6.5859231, 0.0330663, , , , , , , , , , , , , , , , , , , , , , , , , , , , 
6.5864423, 0.0130922, , , , , , , 6.5864423, -0.184802, , , , , , , 6.5864423, 0.0072175, , , , , , , 6.5864423, 0.0374304, , , , , , , , , , , , , , , , , , , , , , , , , , , , 
6.5869615, 0.0115816, , , , , , , 6.5869615, -0.0951705, , , , , , , 6.5869615, 0.0068818, , , , , , , 6.5869615, 0.0421302, , , , , , , , , , , , , , , , , , , , , , , , , , , , 
6.5874808, 0.0070497, , , , , , , 6.5874808, -0.0229953, , , , , , , 6.5874808, 0.0038605, , , , , , , 6.5874808, 0.0475013, , , , , , , , , , , , , , , , , , , , , , , , , , , , 
6.588, 0.0001678, , , , , , , 6.588, 0.0102388, , , , , , , 6.588, 0.0025177, , , , , , , 6.588, 0.0508583, , , , , , , , , , , , , , , , , , , , , , , , , , , , 
6.5885192, -0.0065461, , , , , , , 6.5885192, 0.0251774, , , , , , , 6.5885192, 0.0005035, , , , , , , 6.5885192, 0.0535439, , , , , , , , , , , , , , , , , , , , , , , , , , , , 
6.5890385, -0.0083925, , , , , , , 6.5890385, 0.0414588, , , , , , , 6.5890385, -0.0075532, , , , , , , 6.5890385, 0.0548867, , , , , , , , , , , , , , , , , , , , , , , , , , , , 
6.5895577, -0.0082246, , , , , , , 6.5895577, 0.0693217, , , , , , , 6.5895577, -0.0196384, , , , , , , 6.5895577, 0.0548867, , , , , , , , , , , , , , , , , , , , , , , , , , , , 
6.5900769, -0.0028534, , , , , , , 6.5900769, 0.0817426, , , , , , , 6.5900769, -0.0287022, , , , , , , 6.5900769, 0.0548867, , , , , , , , , , , , , , , , , , , , , , , , , , , , 
6.5905962, 0.0292058, , , , , , , 6.5905962, 0.0703288, , , , , , , 6.5905962, -0.0339055, , , , , , , 6.5905962, 0.051194, , , , , , , , , , , , , , , , , , , , , , , , , , , , 
6.5911154, 0.0911421, , , , , , , 6.5911154, 0.0575723, , , , , , , 6.5911154, -0.0357519, , , , , , , 6.5911154, 0.0414588, , , , , , , , , , , , , , , , , , , , , , , , , , , , 
6.5916346, 0.1156481, , , , , , , 6.5916346, 0.0609293, , , , , , , 6.5916346, -0.0330663, , , , , , , 6.5916346, 0.030045, , , , , , , , , , , , , , , , , , , , , , , , , , , , 
6.5921538, 0.0903029, , , , , , , 6.5921538, 0.0793927, , , , , , , 6.5921538, -0.0263523, , , , , , , 6.5921538, 0.0186313, , , , , , , , , , , , , , , , , , , , , , , , , , , , 
6.5926731, 0.0626078, , , , , , , 6.5926731, 0.0710002, , , , , , , 6.5926731, -0.0162814, , , , , , , 6.5926731, 0.0090639, , , , , , , , , , , , , , , , , , , , , , , , , , , , 
6.5931923, 0.0518654, , , , , , , 6.5931923, 0.0399481, , , , , , , 6.5931923, -0.0045319, , , , , , , 6.5931923, 0.0005035, , , , , , , , , , , , , , , , , , , , , , , , , , , , 
6.5937115, 0.0495155, , , , , , , 6.5937115, 0.0458228, , , , , , , 6.5937115, 0.0052033, , , , , , , 6.5937115, -0.0058747, , , , , , , , , , , , , , , , , , , , , , , , , , , , 
6.5942308, 0.0451514, , , , , , , 6.5942308, 0.0629435, , , , , , , 6.5942308, 0.0139315, , , , , , , 6.5942308, -0.0105745, , , , , , , , , , , , , , , , , , , , , , , , , , , , 
6.59475, 0.033402, , , , , , , 6.59475, 0.0365911, , , , , , , 6.59475, 0.0182956, , , , , , , 6.59475, -0.0139315, , , , , , , , , , , , , , , , , , , , , , , , , , , , 
6.5952692, 0.0199741, , , , , , , 6.5952692, -0.0193027, , , , , , , 6.5952692, 0.0092317, , , , , , , 6.5952692, -0.0182956, , , , , , , , , , , , , , , , , , , , , , , , , , , , 
6.5957885, 0.012253, , , , , , , 6.5957885, -0.054551, , , , , , , 6.5957885, -0.0092317, , , , , , , 6.5957885, -0.0243381, , , , , , , , , , , , , , , , , , , , , , , , , , , , 
6.5963077, 0.0028534, , , , , , , 6.5963077, -0.0109102, , , , , , , 6.5963077, -0.0236667, , , , , , , 6.5963077, -0.0298772, , , , , , , , , , , , , , , , , , , , , , , , , , , , 
6.5968269, -0.005539, , , , , , , 6.5968269, 0.0454871, , , , , , , 6.5968269, -0.027863, , , , , , , 6.5968269, -0.0357519, , , , , , , , , , , , , , , , , , , , , , , , , , , , 
6.5973462, -0.012253, , , , , , , 6.5973462, 0.0421302, , , , , , , 6.5973462, -0.0307164, , , , , , , 6.5973462, -0.0386053, , , , , , , , , , , , , , , , , , , , , , , , , , , , 
6.5978654, -0.0194705, , , , , , , 6.5978654, 0.0350805, , , , , , , 6.5978654, -0.0332341, , , , , , , 6.5978654, -0.0379339, , , , , , , , , , , , , , , , , , , , , , , , , , , , 
6.5983846, -0.0263523, , , , , , , 6.5983846, 0.0599222, , , , , , , 6.5983846, -0.0313878, , , , , , , 6.5983846, -0.0347448, , , , , , , , , , , , , , , , , , , , , , , , , , , , 
6.5989038, -0.0344091, , , , , , , 6.5989038, 0.0669718, , , , , , , 6.5989038, -0.0273594, , , , , , , 6.5989038, -0.0370947, , , , , , , , , , , , , , , , , , , , , , , , , , , , 
6.5994231, -0.0508583, , , , , , , 6.5994231, 0.0206455, , , , , , , 6.5994231, -0.0213169, , , , , , , 6.5994231, -0.0379339, , , , , , , , , , , , , , , , , , , , , , , , , , , , 
6.5999423, -0.0647898, , , , , , , 6.5999423, -0.0352483, , , , , , , 6.5999423, -0.0119173, , , , , , , 6.5999423, -0.0370947, , , , , , , , , , , , , , , , , , , , , , , , , , , , 
6.6004615, -0.0673075, , , , , , , 6.6004615, -0.0532082, , , , , , , 6.6004615, -0.0016785, , , , , , , 6.6004615, -0.036759, , , , , , , , , , , , , , , , , , , , , , , , , , , , 
6.6009808, -0.061265, , , , , , , 6.6009808, -0.0404517, , , , , , , 6.6009808, 0.0031891, , , , , , , 6.6009808, -0.0372625, , , , , , , , , , , , , , , , , , , , , , , , , , , , 
6.6015, -0.0505226, , , , , , , 6.6015, -0.0243381, , , , , , , 6.6015, 0.0065461, , , , , , , 6.6015, -0.0421302, , , , , , , , , , , , , , , , , , , , , , , , , , , , 
6.6020192, -0.0399481, , , , , , , 6.6020192, -0.0090639, , , , , , , 6.6020192, 0.011078, , , , , , , 6.6020192, -0.0485084, , , , , , , , , , , , , , , , , , , , , , , , , , , , 
6.6025385, -0.0332341, , , , , , , 6.6025385, 0.0050355, , , , , , , 6.6025385, 0.0159457, , , , , , , 6.6025385, -0.0525368, , , , , , , , , , , , , , , , , , , , , , , , , , , , 
6.6030577, -0.0357519, , , , , , , 6.6030577, 0.0139315, , , , , , , 6.6030577, 0.0184634, , , , , , , 6.6030577, -0.0528725, , , , , , , , , , , , , , , , , , , , , , , , , , , , 
6.6035769, -0.0399481, , , , , , , 6.6035769, 0.0182956, , , , , , , 6.6035769, 0.0193027, , , , , , , 6.6035769, -0.0528725, , , , , , , , , , , , , , , , , , , , , , , , , , , , 
6.6040962, -0.0411231, , , , , , , 6.6040962, 0.0226596, , , , , , , 6.6040962, 0.0149386, , , , , , , 6.6040962, -0.0518654, , , , , , , , , , , , , , , , , , , , , , , , , , , , 
6.6046154, -0.042298, , , , , , , 6.6046154, 0.0271916, , , , , , , 6.6046154, 0.0062104, , , , , , , 6.6046154, -0.0475013, , , , , , , , , , , , , , , , , , , , , , , , , , , , 
6.6051346, -0.0471656, , , , , , , 6.6051346, 0.0270237, , , , , , , 6.6051346, -0.0035248, , , , , , , 6.6051346, -0.0411231, , , , , , , , , , , , , , , , , , , , , , , , , , , , 
6.6056538, -0.051194, , , , , , , 6.6056538, 0.0219883, , , , , , , 6.6056538, -0.0109102, , , , , , , 6.6056538, -0.0345769, , , , , , , , , , , , , , , , , , , , , , , , , , , , 
6.6061731, -0.0515297, , , , , , , 6.6061731, 0.0162814, , , , , , , 6.6061731, -0.0167849, , , , , , , 6.6061731, -0.0287022, , , , , , , , , , , , , , , , , , , , , , , , , , , , 
6.6066923, -0.0525368, , , , , , , 6.6066923, 0.012253, , , , , , , 6.6066923, -0.0204776, , , , , , , 6.6066923, -0.023331, , , , , , , , , , , , , , , , , , , , , , , , , , , , 
6.6072115, -0.0562295, , , , , , , 6.6072115, 0.008896, , , , , , , 6.6072115, -0.0199741, , , , , , , 6.6072115, -0.0172885, , , , , , , , , , , , , , , , , , , , , , , , , , , , 
6.6077308, -0.0605936, , , , , , , 6.6077308, 0.0085603, , , , , , , 6.6077308, -0.0193027, , , , , , , 6.6077308, -0.0099031, , , , , , , , , , , , , , , , , , , , , , , , , , , , 
6.60825, -0.0673075, , , , , , , 6.60825, 0.010071, , , , , , , 6.60825, -0.0196384, , , , , , , 6.60825, -0.0018463, , , , , , , , , , , , , , , , , , , , , , , , , , , , 
6.6087692, -0.0715038, , , , , , , 6.6087692, 0.0117494, , , , , , , 6.6087692, -0.0176242, , , , , , , 6.6087692, 0.0063783, , , , , , , , , , , , , , , , , , , , , , , , , , , , 
6.6092885, -0.0710002, , , , , , , 6.6092885, 0.0120851, , , , , , , 6.6092885, -0.0164492, , , , , , , 6.6092885, 0.012253, , , , , , , , , , , , , , , , , , , , , , , , , , , , 
6.6098077, -0.0773785, , , , , , , 6.6098077, 0.0119173, , , , , , , 6.6098077, -0.0193027, , , , , , , 6.6098077, 0.0182956, , , , , , , , , , , , , , , , , , , , , , , , , , , , 
6.6103269, -0.0874495, , , , , , , 6.6103269, 0.0129244, , , , , , , 6.6103269, -0.0203098, , , , , , , 6.6103269, 0.0240024, , , , , , , , , , , , , , , , , , , , , , , , , , , , 
6.6108462, -0.0921492, , , , , , , 6.6108462, 0.012253, , , , , , , 6.6108462, -0.0166171, , , , , , , 6.6108462, 0.0253452, , , , , , , , , , , , , , , , , , , , , , , , , , , , 
6.6113654, -0.0887922, , , , , , , 6.6113654, 0.0068818, , , , , , , 6.6113654, -0.0129244, , , , , , , 6.6113654, 0.0219883, , , , , , , , , , , , , , , , , , , , , , , , , , , , 
6.6118846, -0.0820783, , , , , , , 6.6118846, -0.0001678, , , , , , , 6.6118846, -0.0115816, , , , , , , 6.6118846, 0.0176242, , , , , , , , , , , , , , , , , , , , , , , , , , , , 
6.6124038, -0.072343, , , , , , , 6.6124038, -0.0028534, , , , , , , 6.6124038, -0.0102388, , , , , , , 6.6124038, 0.0139315, , , , , , , , , , , , , , , , , , , , , , , , , , , , 
6.6129231, -0.0580758, , , , , , , 6.6129231, -0.0031891, , , , , , , 6.6129231, -0.0075532, , , , , , , 6.6129231, 0.0099031, , , , , , , , , , , , , , , , , , , , , , , , , , , , 
6.6134423, -0.0424659, , , , , , , 6.6134423, -0.0041962, , , , , , , 6.6134423, -0.0062104, , , , , , , 6.6134423, 0.0052033, , , , , , , , , , , , , , , , , , , , , , , , , , , , 
6.6139615, -0.0310521, , , , , , , 6.6139615, -0.0105745, , , , , , , 6.6139615, -0.0075532, , , , , , , 6.6139615, 0.0038605, , , , , , , , , , , , , , , , , , , , , , , , , , , , 
6.6144808, -0.0240024, , , , , , , 6.6144808, -0.0151064, , , , , , , 6.6144808, -0.0078889, , , , , , , 6.6144808, 0.0043641, , , , , , , , , , , , , , , , , , , , , , , , , , , , 
6.615, -0.0172885, , , , , , , 6.615, -0.0130922, , , , , , , 6.615, -0.0072175, , , , , , , 6.615, 0.0063783, , , , , , , , , , , , , , , , , , , , , , , , , , , , 
6.6155192, -0.0105745, , , , , , , 6.6155192, -0.0124208, , , , , , , 6.6155192, -0.0073854, , , , , , , 6.6155192, 0.0078889, , , , , , , , , , , , , , , , , , , , , , , , , , , , 
6.6160385, -0.0068818, , , , , , , 6.6160385, -0.0162814, , , , , , , 6.6160385, -0.0068818, , , , , , , 6.6160385, 0.0082246, , , , , , , , , , , , , , , , , , , , , , , , , , , , 
6.6165577, -0.0062104, , , , , , , 6.6165577, -0.018967, , , , , , , 6.6165577, -0.0015106, , , , , , , 6.6165577, 0.0082246, , , , , , , , , , , , , , , , , , , , , , , , , , , , 
6.6170769, -0.0043641, , , , , , , 6.6170769, -0.0172885, , , , , , , 6.6170769, 0.0132601, , , , , , , 6.6170769, 0.0078889, , , , , , , , , , , , , , , , , , , , , , , , , , , , 
6.6175962, -0.0008392, , , , , , , 6.6175962, -0.01561, , , , , , , 6.6175962, 0.0290379, , , , , , , 6.6175962, 0.0085603, , , , , , , , , , , , , , , , , , , , , , , , , , , , 
6.6181154, 0.0001678, , , , , , , 6.6181154, -0.0149386, , , , , , , 6.6181154, 0.0364233, , , , , , , 6.6181154, 0.0085603, , , , , , , , , , , , , , , , , , , , , , , , , , , , 
6.6186346, -0.0035248, , , , , , , 6.6186346, -0.0142672, , , , , , , 6.6186346, 0.0384375, , , , , , , 6.6186346, 0.0097353, , , , , , , , , , , , , , , , , , , , , , , , , , , , 
6.6191538, -0.0099031, , , , , , , 6.6191538, -0.0137636, , , , , , , 6.6191538, 0.0345769, , , , , , , 6.6191538, 0.0099031, , , , , , , , , , , , , , , , , , , , , , , , , , , , 
6.6196731, -0.0219883, , , , , , , 6.6196731, -0.0152743, , , , , , , 6.6196731, 0.0229953, , , , , , , 6.6196731, 0.0078889, , , , , , , , , , , , , , , , , , , , , , , , , , , , 
6.6201923, -0.0364233, , , , , , , 6.6201923, -0.0166171, , , , , , , 6.6201923, 0.0063783, , , , , , , 6.6201923, 0.0072175, , , , , , , , , , , , , , , , , , , , , , , , , , , , 
6.6207115, -0.0439765, , , , , , , 6.6207115, -0.0157778, , , , , , , 6.6207115, -0.0112459, , , , , , , 6.6207115, 0.0073854, , , , , , , , , , , , , , , , , , , , , , , , , , , , 
6.6212308, -0.0411231, , , , , , , 6.6212308, -0.0135958, , , , , , , 6.6212308, -0.0263523, , , , , , , 6.6212308, 0.0043641, , , , , , , , , , , , , , , , , , , , , , , , , , , , 
6.62175, -0.0263523, , , , , , , 6.62175, -0.0115816, , , , , , , 6.62175, -0.0350805, , , , , , , 6.62175, -0.0016785, , , , , , , , , , , , , , , , , , , , , , , , , , , , 
6.6222692, -0.0085603, , , , , , , 6.6222692, -0.0109102, , , , , , , 6.6222692, -0.0365911, , , , , , , 6.6222692, -0.0062104, , , , , , , , , , , , , , , , , , , , , , , , , , , , 
6.6227885, 0.0048676, , , , , , , 6.6227885, -0.0129244, , , , , , , 6.6227885, -0.0365911, , , , , , , 6.6227885, -0.0068818, , , , , , , , , , , , , , , , , , , , , , , , , , , , 
6.6233077, 0.0129244, , , , , , , 6.6233077, -0.0164492, , , , , , , 6.6233077, -0.0412909, , , , , , , 6.6233077, -0.0063783, , , , , , , , , , , , , , , , , , , , , , , , , , , , 
6.6238269, 0.0226596, , , , , , , 6.6238269, -0.01561, , , , , , , 6.6238269, -0.0498512, , , , , , , 6.6238269, -0.0048676, , , , , , , , , , , , , , , , , , , , , , , , , , , , 
6.6243462, 0.0303807, , , , , , , 6.6243462, -0.0119173, , , , , , , 6.6243462, -0.0555581, , , , , , , 6.6243462, -0.0001678, , , , , , , , , , , , , , , , , , , , , , , , , , , , 
6.6248654, 0.0297093, , , , , , , 6.6248654, -0.0095674, , , , , , , 6.6248654, -0.0532082, , , , , , , 6.6248654, 0.0075532, , , , , , , , , , , , , , , , , , , , , , , , , , , , 
6.6253846, 0.0273594, , , , , , , 6.6253846, -0.0099031, , , , , , , 6.6253846, -0.0461585, , , , , , , 6.6253846, 0.01561, , , , , , , , , , , , , , , , , , , , , , , , , , , , 
6.6259038, 0.0271916, , , , , , , 6.6259038, -0.0117494, , , , , , , 6.6259038, -0.0370947, , , , , , , 6.6259038, 0.0216526, , , , , , , , , , , , , , , , , , , , , , , , , , , , 
6.6264231, 0.0213169, , , , , , , 6.6264231, -0.012253, , , , , , , 6.6264231, -0.0297093, , , , , , , 6.6264231, 0.0280308, , , , , , , , , , , , , , , , , , , , , , , , , , , , 
6.6269423, 0.0166171, , , , , , , 6.6269423, -0.0068818, , , , , , , 6.6269423, -0.0226596, , , , , , , 6.6269423, 0.0345769, , , , , , , , , , , , , , , , , , , , , , , , , , , , 
6.6274615, 0.0193027, , , , , , , 6.6274615, 0.0048676, , , , , , , 6.6274615, -0.0139315, , , , , , , 6.6274615, 0.0424659, , , , , , , , , , , , , , , , , , , , , , , , , , , , 
6.6279808, 0.0236667, , , , , , , 6.6279808, 0.0135958, , , , , , , 6.6279808, -0.0075532, , , , , , , 6.6279808, 0.0510262, , , , , , , , , , , , , , , , , , , , , , , , , , , , 
6.6285, 0.0240024, , , , , , , 6.6285, 0.0193027, , , , , , , 6.6285, -0.0018463, , , , , , , 6.6285, 0.0572366, , , , , , , , , , , , , , , , , , , , , , , , , , , , 
6.6290192, 0.0203098, , , , , , , 6.6290192, 0.0213169, , , , , , , 6.6290192, 0.0011749, , , , , , , 6.6290192, 0.0616007, , , , , , , , , , , , , , , , , , , , , , , , , , , , 
6.6295385, 0.0172885, , , , , , , 6.6295385, 0.0132601, , , , , , , 6.6295385, -0.0005035, , , , , , , 6.6295385, 0.0659648, , , , , , , , , , , , , , , , , , , , , , , , , , , , 
6.6300577, 0.0172885, , , , , , , 6.6300577, -0.0016785, , , , , , , 6.6300577, -0.0068818, , , , , , , 6.6300577, 0.0703288, , , , , , , , , , , , , , , , , , , , , , , , , , , , 
6.6305769, 0.018967, , , , , , , 6.6305769, -0.0176242, , , , , , , 6.6305769, -0.0125887, , , , , , , 6.6305769, 0.072343, , , , , , , , , , , , , , , , , , , , , , , , , , , , 
6.6310962, 0.0253452, , , , , , , 6.6310962, -0.0344091, , , , , , , 6.6310962, -0.0162814, , , , , , , 6.6310962, 0.0681468, , , , , , , , , , , , , , , , , , , , , , , , , , , , 
6.6316154, 0.0411231, , , , , , , 6.6316154, -0.0439765, , , , , , , 6.6316154, -0.0142672, , , , , , , 6.6316154, 0.0555581, , , , , , , , , , , , , , , , , , , , , , , , , , , , 
6.6321346, 0.0589151, , , , , , , 6.6321346, -0.0347448, , , , , , , 6.6321346, -0.0102388, , , , , , , 6.6321346, 0.0391089, , , , , , , , , , , , , , , , , , , , , , , , , , , , 
6.6326538, 0.0703288, , , , , , , 6.6326538, -0.0193027, , , , , , , 6.6326538, -0.005539, , , , , , , 6.6326538, 0.0273594, , , , , , , , , , , , , , , , , , , , , , , , , , , , 
6.6331731, 0.0810712, , , , , , , 6.6331731, -0.0253452, , , , , , , 6.6331731, -0.0031891, , , , , , , 6.6331731, 0.0216526, , , , , , , , , , , , , , , , , , , , , , , , , , , , 
6.6336923, 0.0931563, , , , , , , 6.6336923, -0.0518654, , , , , , , 6.6336923, -0.0058747, , , , , , , 6.6336923, 0.0206455, , , , , , , , , , , , , , , , , , , , , , , , , , , , 
6.6342115, 0.1055772, , , , , , , 6.6342115, -0.0688182, , , , , , , 6.6342115, -0.0102388, , , , , , , 6.6342115, 0.0206455, , , , , , , , , , , , , , , , , , , , , , , , , , , , 
6.6347308, 0.1149767, , , , , , , 6.6347308, -0.0589151, , , , , , , 6.6347308, -0.0117494, , , , , , , 6.6347308, 0.0209812, , , , , , , , , , , , , , , , , , , , , , , , , , , , 
6.63525, 0.1186694, , , , , , , 6.63525, -0.0352483, , , , , , , 6.63525, -0.012253, , , , , , , 6.63525, 0.023331, , , , , , , , , , , , , , , , , , , , , , , , , , , , 
6.6357692, 0.119173, , , , , , , 6.6357692, 0.0062104, , , , , , , 6.6357692, -0.0095674, , , , , , , 6.6357692, 0.030045, , , , , , , , , , , , , , , , , , , , , , , , , , , , 
6.6362885, 0.1186694, , , , , , , 6.6362885, 0.057908, , , , , , , 6.6362885, -0.0036927, , , , , , , 6.6362885, 0.0386053, , , , , , , , , , , , , , , , , , , , , , , , , , , , 
6.6368077, 0.1126268, , , , , , , 6.6368077, 0.1059129, , , , , , , 6.6368077, 0.0005035, , , , , , , 6.6368077, 0.0495155, , , , , , , , , , , , , , , , , , , , , , , , , , , , 
6.6373269, 0.1139696, , , , , , , 6.6373269, 0.1287404, , , , , , , 6.6373269, 0.0005035, , , , , , , 6.6373269, 0.0575723, , , , , , , , , , , , , , , , , , , , , , , , , , , , 
6.6378462, 0.1252155, , , , , , , 6.6378462, 0.1220264, , , , , , , 6.6378462, -0.0005035, , , , , , , 6.6378462, 0.0595865, , , , , , , , , , , , , , , , , , , , , , , , , , , , 
6.6383654, 0.1381399, , , , , , , 6.6383654, 0.1038987, , , , , , , 6.6383654, -0.0001678, , , , , , , 6.6383654, 0.0562295, , , , , , , , , , , , , , , , , , , , , , , , , , , , 
6.6388846, 0.1408255, , , , , , , 6.6388846, 0.0710002, , , , , , , 6.6388846, 0.0008392, , , , , , , 6.6388846, 0.0515297, , , , , , , , , , , , , , , , , , , , , , , , , , , , 
6.6394038, 0.131426, , , , , , , 6.6394038, 0.0025177, , , , , , , 6.6394038, 0.0015106, , , , , , , 6.6394038, 0.047837, , , , , , , , , , , , , , , , , , , , , , , , , , , , 
6.6399231, 0.1216907, , , , , , , 6.6399231, -0.0889601, , , , , , , 6.6399231, 0.0018463, , , , , , , 6.6399231, 0.047837, , , , , , , , , , , , , , , , , , , , , , , , , , , , 
6.6404423, 0.1149767, , , , , , , 6.6404423, -0.1643244, , , , , , , 6.6404423, 0.0018463, , , , , , , 6.6404423, 0.047837, , , , , , , , , , , , , , , , , , , , , , , , , , , , 
6.6409615, 0.1134661, , , , , , , 6.6409615, -0.1895018, , , , , , , 6.6409615, 0.0018463, , , , , , , 6.6409615, 0.040116, , , , , , , , , , , , , , , , , , , , , , , , , , , , 
6.6414808, 0.1260548, , , , , , , 6.6414808, -0.1643244, , , , , , , 6.6414808, 0.002182, , , , , , , 6.6414808, 0.0243381, , , , , , , , , , , , , , , , , , , , , , , , , , , , 
6.642, 0.1562676, , , , , , , 6.642, -0.1237049, , , , , , , 6.642, 0.0028534, , , , , , , 6.642, 0.0129244, , , , , , , , , , , , , , , , , , , , , , , , , , , , 
6.6425192, 0.1945373, , , , , , , 6.6425192, -0.0894636, , , , , , , 6.6425192, 0.0011749, , , , , , , 6.6425192, 0.0075532, , , , , , , , , , , , , , , , , , , , , , , , , , , , 
6.6430385, 0.2103151, , , , , , , 6.6430385, -0.0616007, , , , , , , 6.6430385, -0.0035248, , , , , , , 6.6430385, 0.0011749, , , , , , , , , , , , , , , , , , , , , , , , , , , , 
6.6435577, 0.2012512, , , , , , , 6.6435577, -0.0359197, , , , , , , 6.6435577, -0.0063783, , , , , , , 6.6435577, -0.0048676, , , , , , , , , , , , , , , , , , , , , , , , , , , , 
6.6440769, 0.1787594, , , , , , , 6.6440769, -0.0191348, , , , , , , 6.6440769, -0.005539, , , , , , , 6.6440769, -0.0092317, , , , , , , , , , , , , , , , , , , , , , , , , , , , 
6.6445962, 0.1507286, , , , , , , 6.6445962, -0.0139315, , , , , , , 6.6445962, -0.0048676, , , , , , , 6.6445962, -0.0102388, , , , , , , , , , , , , , , , , , , , , , , , , , , , 
6.6451154, 0.1267262, , , , , , , 6.6451154, -0.0119173, , , , , , , 6.6451154, -0.0052033, , , , , , , 6.6451154, -0.0075532, , , , , , , , , , , , , , , , , , , , , , , , , , , , 
6.6456346, 0.10692, , , , , , , 6.6456346, -0.0105745, , , , , , , 6.6456346, -0.0052033, , , , , , , 6.6456346, -0.0057069, , , , , , , , , , , , , , , , , , , , , , , , , , , , 
6.6461538, 0.085771, , , , , , , 6.6461538, -0.0078889, , , , , , , 6.6461538, -0.0041962, , , , , , , 6.6461538, -0.0010071, , , , , , , , , , , , , , , , , , , , , , , , , , , , 
6.6466731, 0.0659648, , , , , , , 6.6466731, -0.0023499, , , , , , , 6.6466731, -0.0035248, , , , , , , 6.6466731, 0.0070497, , , , , , , , , , , , , , , , , , , , , , , , , , , , 
6.6471923, 0.0533761, , , , , , , 6.6471923, 0.0048676, , , , , , , 6.6471923, -0.0028534, , , , , , , 6.6471923, 0.0114137, , , , , , , , , , , , , , , , , , , , , , , , , , , , 
6.6477115, 0.0485084, , , , , , , 6.6477115, 0.0105745, , , , , , , 6.6477115, -0.002182, , , , , , , 6.6477115, 0.0125887, , , , , , , , , , , , , , , , , , , , , , , , , , , , 
6.6482308, 0.0387732, , , , , , , 6.6482308, 0.012253, , , , , , , 6.6482308, -0.0018463, , , , , , , 6.6482308, 0.0125887, , , , , , , , , , , , , , , , , , , , , , , , , , , , 
6.64875, 0.0083925, , , , , , , 6.64875, 0.0092317, , , , , , , 6.64875, -0.002182, , , , , , , 6.64875, 0.0115816, , , , , , , , , , , , , , , , , , , , , , , , , , , , 
6.6492692, -0.0303807, , , , , , , 6.6492692, 0.0078889, , , , , , , 6.6492692, -0.0010071, , , , , , , 6.6492692, 0.0117494, , , , , , , , , , , , , , , , , , , , , , , , , , , , 
6.6497885, -0.0629435, , , , , , , 6.6497885, 0.0102388, , , , , , , 6.6497885, 0.0011749, , , , , , , 6.6497885, 0.012253, , , , , , , , , , , , , , , , , , , , , , , , , , , , 
6.6503077, -0.090135, , , , , , , 6.6503077, 0.0159457, , , , , , , 6.6503077, 0.0010071, , , , , , , 6.6503077, 0.0132601, , , , , , , , , , , , , , , , , , , , , , , , , , , , 
6.6508269, -0.1028916, , , , , , , 6.6508269, 0.0199741, , , , , , , 6.6508269, -0.0011749, , , , , , , 6.6508269, 0.0152743, , , , , , , , , , , , , , , , , , , , , , , , , , , , 
6.6513462, -0.1037308, , , , , , , 6.6513462, 0.0204776, , , , , , , 6.6513462, -0.0001678, , , , , , , 6.6513462, 0.0159457, , , , , , , , , , , , , , , , , , , , , , , , , , , , 
6.6518654, -0.0941634, , , , , , , 6.6518654, 0.0196384, , , , , , , 6.6518654, 0.0011749, , , , , , , 6.6518654, 0.0095674, , , , , , , , , , , , , , , , , , , , , , , , , , , , 
6.6523846, -0.0807355, , , , , , , 6.6523846, 0.0196384, , , , , , , 6.6523846, 0.0003357, , , , , , , 6.6523846, 0.0005035, , , , , , , , , , , , , , , , , , , , , , , , , , , , 
6.6529038, -0.0730144, , , , , , , 6.6529038, 0.0213169, , , , , , , 6.6529038, -0.0016785, , , , , , , 6.6529038, -0.0065461, , , , , , , , , , , , , , , , , , , , , , , , , , , , 
6.6534231, -0.0763714, , , , , , , 6.6534231, 0.0206455, , , , , , , 6.6534231, -0.0028534, , , , , , , 6.6534231, -0.0090639, , , , , , , , , , , , , , , , , , , , , , , , , , , , 
6.6539423, -0.0830854, , , , , , , 6.6539423, 0.0169528, , , , , , , 6.6539423, -0.0028534, , , , , , , 6.6539423, -0.0093996, , , , , , , , , , , , , , , , , , , , , , , , , , , , 
6.6544615, -0.0827497, , , , , , , 6.6544615, 0.0125887, , , , , , , 6.6544615, -0.0028534, , , , , , , 6.6544615, -0.0125887, , , , , , , , , , , , , , , , , , , , , , , , , , , , 
6.6549808, -0.0743572, , , , , , , 6.6549808, 0.0083925, , , , , , , 6.6549808, -0.0041962, , , , , , , 6.6549808, -0.0171206, , , , , , , , , , , , , , , , , , , , , , , , , , , , 
6.6555, -0.0663005, , , , , , , 6.6555, 0.0075532, , , , , , , 6.6555, -0.0035248, , , , , , , 6.6555, -0.0203098, , , , , , , , , , , , , , , , , , , , , , , , , , , , 
6.6560192, -0.061265, , , , , , , 6.6560192, 0.0060426, , , , , , , 6.6560192, -0.0031891, , , , , , , 6.6560192, -0.0216526, , , , , , , , , , , , , , , , , , , , , , , , , , , , 
6.6565385, -0.0639506, , , , , , , 6.6565385, 0.0005035, , , , , , , 6.6565385, -0.0109102, , , , , , , 6.6565385, -0.023331, , , , , , , , , , , , , , , , , , , , , , , , , , , , 
6.6570577, -0.0720073, , , , , , , 6.6570577, -0.0065461, , , , , , , 6.6570577, -0.0196384, , , , , , , 6.6570577, -0.0250095, , , , , , , , , , , , , , , , , , , , , , , , , , , , 
6.6575769, -0.0713359, , , , , , , 6.6575769, -0.0142672, , , , , , , 6.6575769, -0.0216526, , , , , , , 6.6575769, -0.0253452, , , , , , , , , , , , , , , , , , , , , , , , , , , , 
6.6580962, -0.0599222, , , , , , , 6.6580962, -0.021149, , , , , , , 6.6580962, -0.0196384, , , , , , , 6.6580962, -0.0250095, , , , , , , , , , , , , , , , , , , , , , , , , , , , 
6.6586154, -0.0461585, , , , , , , 6.6586154, -0.0243381, , , , , , , 6.6586154, -0.0182956, , , , , , , 6.6586154, -0.0270237, , , , , , , , , , , , , , , , , , , , , , , , , , , , 
6.6591346, -0.0357519, , , , , , , 6.6591346, -0.0219883, , , , , , , 6.6591346, -0.0182956, , , , , , , 6.6591346, -0.0290379, , , , , , , , , , , , , , , , , , , , , , , , , , , , 
6.6596538, -0.0317235, , , , , , , 6.6596538, -0.0146029, , , , , , , 6.6596538, -0.0139315, , , , , , , 6.6596538, -0.0303807, , , , , , , , , , , , , , , , , , , , , , , , , , , , 
6.6601731, -0.0344091, , , , , , , 6.6601731, -0.008896, , , , , , , 6.6601731, -0.0075532, , , , , , , 6.6601731, -0.03122, , , , , , , , , , , , , , , , , , , , , , , , , , , , 
6.6606923, -0.0352483, , , , , , , 6.6606923, -0.0070497, , , , , , , 6.6606923, -0.0018463, , , , , , , 6.6606923, -0.0325628, , , , , , , , , , , , , , , , , , , , , , , , , , , , 
6.6612115, -0.0258488, , , , , , , 6.6612115, -0.0082246, , , , , , , 6.6612115, 0.0025177, , , , , , , 6.6612115, -0.0352483, , , , , , , , , , , , , , , , , , , , , , , , , , , , 
6.6617308, -0.0065461, , , , , , , 6.6617308, -0.0070497, , , , , , , 6.6617308, 0.0062104, , , , , , , 6.6617308, -0.0391089, , , , , , , , , , , , , , , , , , , , , , , , , , , , 
6.66225, 0.0109102, , , , , , , 6.66225, 0.0025177, , , , , , , 6.66225, 0.0072175, , , , , , , 6.66225, -0.0407874, , , , , , , , , , , , , , , , , , , , , , , , , , , , 
6.6627692, 0.0159457, , , , , , , 6.6627692, 0.0115816, , , , , , , 6.6627692, 0.0062104, , , , , , , 6.6627692, -0.0387732, , , , , , , , , , , , , , , , , , , , , , , , , , , , 
6.6632885, 0.0125887, , , , , , , 6.6632885, 0.0109102, , , , , , , 6.6632885, 0.0038605, , , , , , , 6.6632885, -0.0384375, , , , , , , , , , , , , , , , , , , , , , , , , , , , 
6.6638077, 0.0078889, , , , , , , 6.6638077, 0.0102388, , , , , , , 6.6638077, 0.0011749, , , , , , , 6.6638077, -0.0350805, , , , , , , , , , , , , , , , , , , , , , , , , , , , 
6.6643269, 0.0023499, , , , , , , 6.6643269, 0.0132601, , , , , , , 6.6643269, -0.0015106, , , , , , , 6.6643269, -0.0292058, , , , , , , , , , , , , , , , , , , , , , , , , , , , 
6.6648462, -0.0041962, , , , , , , 6.6648462, 0.0099031, , , , , , , 6.6648462, -0.0045319, , , , , , , 6.6648462, -0.0216526, , , , , , , , , , , , , , , , , , , , , , , , , , , , 
6.6653654, -0.0073854, , , , , , , 6.6653654, -0.0001678, , , , , , , 6.6653654, -0.0062104, , , , , , , 6.6653654, -0.0117494, , , , , , , , , , , , , , , , , , , , , , , , , , , , 
6.6658846, -0.0135958, , , , , , , 6.6658846, -0.0065461, , , , , , , 6.6658846, -0.0083925, , , , , , , 6.6658846, -0.0011749, , , , , , , , , , , , , , , , , , , , , , , , , , , , 
6.6664038, -0.0203098, , , , , , , 6.6664038, -0.0041962, , , , , , , 6.6664038, -0.0135958, , , , , , , 6.6664038, 0.0052033, , , , , , , , , , , , , , , , , , , , , , , , , , , , 
6.6669231, -0.01561, , , , , , , 6.6669231, 0.0068818, , , , , , , 6.6669231, -0.0182956, , , , , , , 6.6669231, 0.0114137, , , , , , , , , , , , , , , , , , , , , , , , , , , , 
6.6674423, -0.0006714, , , , , , , 6.6674423, 0.0206455, , , , , , , 6.6674423, -0.0204776, , , , , , , 6.6674423, 0.0226596, , , , , , , , , , , , , , , , , , , , , , , , , , , , 
6.6679615, 0.0139315, , , , , , , 6.6679615, 0.0199741, , , , , , , 6.6679615, -0.0159457, , , , , , , 6.6679615, 0.0360876, , , , , , , , , , , , , , , , , , , , , , , , , , , , 
6.6684808, 0.0224918, , , , , , , 6.6684808, 0.0031891, , , , , , , 6.6684808, -0.0028534, , , , , , , 6.6684808, 0.0441444, , , , , , , , , , , , , , , , , , , , , , , , , , , , 
6.669, 0.0246738, , , , , , , 6.669, -0.0172885, , , , , , , 6.669, 0.0112459, , , , , , , 6.669, 0.0493477, , , , , , , , , , , , , , , , , , , , , , , , , , , , 
6.6695192, 0.0199741, , , , , , , 6.6695192, -0.0270237, , , , , , , 6.6695192, 0.0206455, , , , , , , 6.6695192, 0.0542153, , , , , , , , , , , , , , , , , , , , , , , , , , , , 
6.6700385, 0.0097353, , , , , , , 6.6700385, -0.0236667, , , , , , , 6.6700385, 0.0260166, , , , , , , 6.6700385, 0.057908, , , , , , , , , , , , , , , , , , , , , , , , , , , , 
6.6705577, 0.0003357, , , , , , , 6.6705577, -0.0135958, , , , , , , 6.6705577, 0.0318914, , , , , , , 6.6705577, 0.0585794, , , , , , , , , , , , , , , , , , , , , , , , , , , , 
6.6710769, -0.0045319, , , , , , , 6.6710769, -0.0075532, , , , , , , 6.6710769, 0.0364233, , , , , , , 6.6710769, 0.0553902, , , , , , , , , , , , , , , , , , , , , , , , , , , , 
6.6715962, -0.0008392, , , , , , , 6.6715962, -0.0041962, , , , , , , 6.6715962, 0.0320592, , , , , , , 6.6715962, 0.0495155, , , , , , , , , , , , , , , , , , , , , , , , , , , , 
6.6721154, 0.0097353, , , , , , , 6.6721154, 0.010071, , , , , , , 6.6721154, 0.0193027, , , , , , , 6.6721154, 0.0412909, , , , , , , , , , , , , , , , , , , , , , , , , , , , 
6.6726346, 0.0256809, , , , , , , 6.6726346, 0.0186313, , , , , , , 6.6726346, 0.0016785, , , , , , , 6.6726346, 0.0317235, , , , , , , , , , , , , , , , , , , , , , , , , , , , 
6.6731538, 0.0357519, , , , , , , 6.6731538, 0.0058747, , , , , , , 6.6731538, -0.012253, , , , , , , 6.6731538, 0.0236667, , , , , , , , , , , , , , , , , , , , , , , , , , , , 
6.6736731, 0.0290379, , , , , , , 6.6736731, -0.0129244, , , , , , , 6.6736731, -0.0198062, , , , , , , 6.6736731, 0.0193027, , , , , , , , , , , , , , , , , , , , , , , , , , , , 
6.6741923, 0.0209812, , , , , , , 6.6741923, -0.0236667, , , , , , , 6.6741923, -0.0298772, , , , , , , 6.6741923, 0.0162814, , , , , , , , , , , , , , , , , , , , , , , , , , , , 
6.6747115, 0.0263523, , , , , , , 6.6747115, -0.0310521, , , , , , , 6.6747115, -0.0394446, , , , , , , 6.6747115, 0.0135958, , , , , , , , , , , , , , , , , , , , , , , , , , , , 
6.6752308, 0.0374304, , , , , , , 6.6752308, -0.0481727, , , , , , , 6.6752308, -0.0438087, , , , , , , 6.6752308, 0.0102388, , , , , , , , , , , , , , , , , , , , , , , , , , , , 
6.67575, 0.0488441, , , , , , , 6.67575, -0.0676432, , , , , , , 6.67575, -0.0446479, , , , , , , 6.67575, 0.0065461, , , , , , , , , , , , , , , , , , , , , , , , , , , , 
6.6762692, 0.0595865, , , , , , , 6.6762692, -0.0699931, , , , , , , 6.6762692, -0.047837, , , , , , , 6.6762692, 0.0068818, , , , , , , , , , , , , , , , , , , , , , , , , , , , 
6.6767885, 0.0629435, , , , , , , 6.6767885, -0.0565652, , , , , , , 6.6767885, -0.0505226, , , , , , , 6.6767885, 0.0078889, , , , , , , , , , , , , , , , , , , , , , , , , , , , 
6.6773077, 0.0552224, , , , , , , 6.6773077, -0.0438087, , , , , , , 6.6773077, -0.0481727, , , , , , , 6.6773077, 0.008896, , , , , , , , , , , , , , , , , , , , , , , , , , , , 
6.6778269, 0.0501869, , , , , , , 6.6778269, -0.0344091, , , , , , , 6.6778269, -0.040116, , , , , , , 6.6778269, 0.012253, , , , , , , , , , , , , , , , , , , , , , , , , , , , 
6.6783462, 0.0498512, , , , , , , 6.6783462, -0.0169528, , , , , , , 6.6783462, -0.0290379, , , , , , , 6.6783462, 0.0151064, , , , , , , , , , , , , , , , , , , , , , , , , , , , 
6.6788654, 0.0473335, , , , , , , 6.6788654, 0.0078889, , , , , , , 6.6788654, -0.0182956, , , , , , , 6.6788654, 0.0166171, , , , , , , , , , , , , , , , , , , , , , , , , , , , 
6.6793846, 0.0461585, , , , , , , 6.6793846, 0.0263523, , , , , , , 6.6793846, -0.0105745, , , , , , , 6.6793846, 0.0184634, , , , , , , , , , , , , , , , , , , , , , , , , , , , 
6.6799038, 0.0451514, , , , , , , 6.6799038, 0.0302129, , , , , , , 6.6799038, -0.0105745, , , , , , , 6.6799038, 0.0186313, , , , , , , , , , , , , , , , , , , , , , , , , , , , 
6.6804231, 0.0424659, , , , , , , 6.6804231, 0.0280308, , , , , , , 6.6804231, -0.0172885, , , , , , , 6.6804231, 0.0191348, , , , , , , , , , , , , , , , , , , , , , , , , , , , 
6.6809423, 0.0414588, , , , , , , 6.6809423, 0.008896, , , , , , , 6.6809423, -0.030045, , , , , , , 6.6809423, 0.0157778, , , , , , , , , , , , , , , , , , , , , , , , , , , , 
6.6814615, 0.04448, , , , , , , 6.6814615, -0.0243381, , , , , , , 6.6814615, -0.0424659, , , , , , , 6.6814615, 0.0115816, , , , , , , , , , , , , , , , , , , , , , , , , , , , 
6.6819808, 0.0468299, , , , , , , 6.6819808, -0.0491798, , , , , , , 6.6819808, -0.051194, , , , , , , 6.6819808, 0.0112459, , , , , , , , , , , , , , , , , , , , , , , , , , , , 
6.6825, 0.0461585, , , , , , , 6.6825, -0.0565652, , , , , , , 6.6825, -0.056733, , , , , , , 6.6825, 0.0112459, , , , , , , , , , , , , , , , , , , , , , , , , , , , 
6.6830192, 0.0468299, , , , , , , 6.6830192, -0.0486763, , , , , , , 6.6830192, -0.061265, , , , , , , 6.6830192, 0.0102388, , , , , , , , , , , , , , , , , , , , , , , , , , , , 
6.6835385, 0.0461585, , , , , , , 6.6835385, -0.0337377, , , , , , , 6.6835385, -0.0656291, , , , , , , 6.6835385, 0.0099031, , , , , , , , , , , , , , , , , , , , , , , , , , , , 
6.6840577, 0.0421302, , , , , , , 6.6840577, -0.008896, , , , , , , 6.6840577, -0.0679789, , , , , , , 6.6840577, 0.0125887, , , , , , , , , , , , , , , , , , , , , , , , , , , , 
6.6845769, 0.0387732, , , , , , , 6.6845769, 0.0125887, , , , , , , 6.6845769, -0.0669718, , , , , , , 6.6845769, 0.0166171, , , , , , , , , , , , , , , , , , , , , , , , , , , , 
6.6850962, 0.036759, , , , , , , 6.6850962, 0.0146029, , , , , , , 6.6850962, -0.0622721, , , , , , , 6.6850962, 0.0209812, , , , , , , , , , , , , , , , , , , , , , , , , , , , 
6.6856154, 0.0285344, , , , , , , 6.6856154, 0.0011749, , , , , , , 6.6856154, -0.0565652, , , , , , , 6.6856154, 0.0263523, , , , , , , , , , , , , , , , , , , , , , , , , , , , 
6.6861346, 0.0139315, , , , , , , 6.6861346, -0.0193027, , , , , , , 6.6861346, -0.0522011, , , , , , , 6.6861346, 0.0352483, , , , , , , , , , , , , , , , , , , , , , , , , , , , 
6.6866538, -0.0015106, , , , , , , 6.6866538, -0.0320592, , , , , , , 6.6866538, -0.043473, , , , , , , 6.6866538, 0.0431373, , , , , , , , , , , , , , , , , , , , , , , , , , , , 
6.6871731, -0.0109102, , , , , , , 6.6871731, -0.0313878, , , , , , , 6.6871731, -0.0310521, , , , , , , 6.6871731, 0.0475013, , , , , , , , , , , , , , , , , , , , , , , , , , , , 
6.6876923, -0.0137636, , , , , , , 6.6876923, -0.0243381, , , , , , , 6.6876923, -0.0157778, , , , , , , 6.6876923, 0.0501869, , , , , , , , , , , , , , , , , , , , , , , , , , , , 
6.6882115, -0.01561, , , , , , , 6.6882115, -0.0169528, , , , , , , 6.6882115, -0.0045319, , , , , , , 6.6882115, 0.0547189, , , , , , , , , , , , , , , , , , , , , , , , , , , , 
6.6887308, -0.0256809, , , , , , , 6.6887308, -0.0105745, , , , , , , 6.6887308, 0.002182, , , , , , , 6.6887308, 0.0609293, , , , , , , , , , , , , , , , , , , , , , , , , , , , 
6.68925, -0.0438087, , , , , , , 6.68925, -0.005539, , , , , , , 6.68925, 0.0078889, , , , , , , 6.68925, 0.0647898, , , , , , , , , , , , , , , , , , , , , , , , , , , , 
6.6897692, -0.0565652, , , , , , , 6.6897692, -0.0001678, , , , , , , 6.6897692, 0.0139315, , , , , , , 6.6897692, 0.0673075, , , , , , , , , , , , , , , , , , , , , , , , , , , , 
6.6902885, -0.0605936, , , , , , , 6.6902885, 0.0031891, , , , , , , 6.6902885, 0.018967, , , , , , , 6.6902885, 0.0659648, , , , , , , , , , , , , , , , , , , , , , , , , , , , 
6.6908077, -0.0649577, , , , , , , 6.6908077, 0.002182, , , , , , , 6.6908077, 0.0213169, , , , , , , 6.6908077, 0.0609293, , , , , , , , , , , , , , , , , , , , , , , , , , , , 
6.6913269, -0.0649577, , , , , , , 6.6913269, 0.0025177, , , , , , , 6.6913269, 0.0240024, , , , , , , 6.6913269, 0.0532082, , , , , , , , , , , , , , , , , , , , , , , , , , , , 
6.6918462, -0.0560616, , , , , , , 6.6918462, 0.0035248, , , , , , , 6.6918462, 0.0240024, , , , , , , 6.6918462, 0.043473, , , , , , , , , , , , , , , , , , , , , , , , , , , , 
6.6923654, -0.04448, , , , , , , 6.6923654, 0.0010071, , , , , , , 6.6923654, 0.0224918, , , , , , , 6.6923654, 0.0352483, , , , , , , , , , , , , , , , , , , , , , , , , , , , 
6.6928846, -0.0396124, , , , , , , 6.6928846, -0.0041962, , , , , , , 6.6928846, 0.0240024, , , , , , , 6.6928846, 0.0307164, , , , , , , , , , , , , , , , , , , , , , , , , , , , 
6.6934038, -0.0323949, , , , , , , 6.6934038, -0.0062104, , , , , , , 6.6934038, 0.0260166, , , , , , , 6.6934038, 0.0240024, , , , , , , , , , , , , , , , , , , , , , , , , , , , 
6.6939231, -0.018967, , , , , , , 6.6939231, -0.005539, , , , , , , 6.6939231, 0.0240024, , , , , , , 6.6939231, 0.0176242, , , , , , , , , , , , , , , , , , , , , , , , , , , , 
6.6944423, -0.0041962, , , , , , , 6.6944423, -0.0035248, , , , , , , 6.6944423, 0.0216526, , , , , , , 6.6944423, 0.0147707, , , , , , , , , , , , , , , , , , , , , , , , , , , , 
6.6949615, 0.0085603, , , , , , , 6.6949615, -0.0018463, , , , , , , 6.6949615, 0.0223239, , , , , , , 6.6949615, 0.0146029, , , , , , , , , , , , , , , , , , , , , , , , , , , , 
6.6954808, 0.0159457, , , , , , , 6.6954808, -0.0015106, , , , , , , 6.6954808, 0.0253452, , , , , , , 6.6954808, 0.0112459, , , , , , , , , , , , , , , , , , , , , , , , , , , , 
6.696, 0.0199741, , , , , , , 6.696, -0.002182, , , , , , , 6.696, 0.0260166, , , , , , , 6.696, 0.008896, , , , , , , , , , , , , , , , , , , , , , , , , , , , 
6.6965192, 0.024506, , , , , , , 6.6965192, -0.0052033, , , , , , , 6.6965192, 0.0236667, , , , , , , 6.6965192, 0.0097353, , , , , , , , , , , , , , , , , , , , , , , , , , , , 
6.6970385, 0.0287022, , , , , , , 6.6970385, -0.0045319, , , , , , , 6.6970385, 0.023331, , , , , , , 6.6970385, 0.0085603, , , , , , , , , , , , , , , , , , , , , , , , , , , , 
6.6975577, 0.0313878, , , , , , , 6.6975577, -0.0008392, , , , , , , 6.6975577, 0.023331, , , , , , , 6.6975577, 0.0025177, , , , , , , , , , , , , , , , , , , , , , , , , , , , 
6.6980769, 0.0307164, , , , , , , 6.6980769, -0.0001678, , , , , , , 6.6980769, 0.021149, , , , , , , 6.6980769, -0.0018463, , , , , , , , , , , , , , , , , , , , , , , , , , , , 
6.6985962, 0.0344091, , , , , , , 6.6985962, -0.0016785, , , , , , , 6.6985962, 0.0172885, , , , , , , 6.6985962, -0.0030213, , , , , , , , , , , , , , , , , , , , , , , , , , , , 
6.6991154, 0.0428016, , , , , , , 6.6991154, -0.0031891, , , , , , , 6.6991154, 0.0132601, , , , , , , 6.6991154, -0.002182, , , , , , , , , , , , , , , , , , , , , , , , , , , , 
6.6996346, 0.0453193, , , , , , , 6.6996346, -0.0035248, , , , , , , 6.6996346, 0.0112459, , , , , , , 6.6996346, -0.0018463, , , , , , , , , , , , , , , , , , , , , , , , , , , , 
6.7001538, 0.0407874, , , , , , , 6.7001538, -0.0031891, , , , , , , 6.7001538, 0.0092317, , , , , , , 6.7001538, -0.0050355, , , , , , , , , , , , , , , , , , , , , , , , , , , , 
6.7006731, 0.0374304, , , , , , , 6.7006731, -0.0046998, , , , , , , 6.7006731, 0.0078889, , , , , , , 6.7006731, -0.0082246, , , , , , , , , , , , , , , , , , , , , , , , , , , , 
6.7011923, 0.0391089, , , , , , , 6.7011923, -0.0048676, , , , , , , 6.7011923, 0.0072175, , , , , , , 6.7011923, -0.0142672, , , , , , , , , , , , , , , , , , , , , , , , , , , , 
6.7017115, 0.0441444, , , , , , , 6.7017115, -0.0035248, , , , , , , 6.7017115, 0.0075532, , , , , , , 6.7017115, -0.0213169, , , , , , , , , , , , , , , , , , , , , , , , , , , , 
6.7022308, 0.047837, , , , , , , 6.7022308, -0.0008392, , , , , , , 6.7022308, 0.0082246, , , , , , , 6.7022308, -0.0260166, , , , , , , , , , , , , , , , , , , , , , , , , , , , 
6.70275, 0.0501869, , , , , , , 6.70275, 0.0018463, , , , , , , 6.70275, 0.010071, , , , , , , 6.70275, -0.0270237, , , , , , , , , , , , , , , , , , , , , , , , , , , , 
6.7032692, 0.0563973, , , , , , , 6.7032692, 0.0018463, , , , , , , 6.7032692, 0.0132601, , , , , , , 6.7032692, -0.026688, , , , , , , , , , , , , , , , , , , , , , , , , , , , 
6.7037885, 0.0621042, , , , , , , 6.7037885, 0.0011749, , , , , , , 6.7037885, 0.0134279, , , , , , , 6.7037885, -0.0265202, , , , , , , , , , , , , , , , , , , , , , , , , , , , 
6.7043077, 0.0582437, , , , , , , 6.7043077, 0.0011749, , , , , , , 6.7043077, 0.0092317, , , , , , , 6.7043077, -0.0256809, , , , , , , , , , , , , , , , , , , , , , , , , , , , 
6.7048269, 0.0542153, , , , , , , 6.7048269, 0.0008392, , , , , , , 6.7048269, 0.0045319, , , , , , , 6.7048269, -0.0196384, , , , , , , , , , , , , , , , , , , , , , , , , , , , 
6.7053462, 0.0522011, , , , , , , 6.7053462, 0.0003357, , , , , , , 6.7053462, 0.0011749, , , , , , , 6.7053462, -0.0109102, , , , , , , , , , , , , , , , , , , , , , , , , , , , 
6.7058654, 0.0525368, , , , , , , 6.7058654, -0.0008392, , , , , , , 6.7058654, -0.0006714, , , , , , , 6.7058654, -0.0035248, , , , , , , , , , , , , , , , , , , , , , , , , , , , 
6.7063846, 0.057908, , , , , , , 6.7063846, -0.0008392, , , , , , , 6.7063846, -0.0015106, , , , , , , 6.7063846, 0.0038605, , , , , , , , , , , , , , , , , , , , , , , , , , , , 
6.7069038, 0.0649577, , , , , , , 6.7069038, -0.002182, , , , , , , 6.7069038, -0.0031891, , , , , , , 6.7069038, 0.0115816, , , , , , , , , , , , , , , , , , , , , , , , , , , , 
6.7074231, 0.0666361, , , , , , , 6.7074231, -0.0023499, , , , , , , 6.7074231, -0.0068818, , , , , , , 6.7074231, 0.0199741, , , , , , , , , , , , , , , , , , , , , , , , , , , , 
6.7079423, 0.0575723, , , , , , , 6.7079423, -0.0031891, , , , , , , 6.7079423, -0.0115816, , , , , , , 6.7079423, 0.0260166, , , , , , , , , , , , , , , , , , , , , , , , , , , , 
6.7084615, 0.0360876, , , , , , , 6.7084615, -0.0041962, , , , , , , 6.7084615, -0.0135958, , , , , , , 6.7084615, 0.0283665, , , , , , , , , , , , , , , , , , , , , , , , , , , , 
6.7089808, 0.0129244, , , , , , , 6.7089808, -0.0058747, , , , , , , 6.7089808, -0.0149386, , , , , , , 6.7089808, 0.0327306, , , , , , , , , , , , , , , , , , , , , , , , , , , , 
6.7095, -0.0038605, , , , , , , 6.7095, -0.0068818, , , , , , , 6.7095, -0.0152743, , , , , , , 6.7095, 0.0387732, , , , , , , , , , , , , , , , , , , , , , , , , , , , 
6.7100192, -0.0140993, , , , , , , 6.7100192, -0.0075532, , , , , , , 6.7100192, -0.0142672, , , , , , , 6.7100192, 0.0428016, , , , , , , , , , , , , , , , , , , , , , , , , , , , 
6.7105385, -0.0186313, , , , , , , 6.7105385, -0.0070497, , , , , , , 6.7105385, -0.0125887, , , , , , , 6.7105385, 0.04448, , , , , , , , , , , , , , , , , , , , , , , , , , , , 
6.7110577, -0.0216526, , , , , , , 6.7110577, -0.0065461, , , , , , , 6.7110577, -0.0130922, , , , , , , 6.7110577, 0.0414588, , , , , , , , , , , , , , , , , , , , , , , , , , , , 
6.7115769, -0.018967, , , , , , , 6.7115769, -0.005539, , , , , , , 6.7115769, -0.0151064, , , , , , , 6.7115769, 0.033402, , , , , , , , , , , , , , , , , , , , , , , , , , , , 
6.7120962, -0.0112459, , , , , , , 6.7120962, -0.005539, , , , , , , 6.7120962, -0.0193027, , , , , , , 6.7120962, 0.0250095, , , , , , , , , , , , , , , , , , , , , , , , , , , , 
6.7126154, -0.0015106, , , , , , , 6.7126154, -0.0075532, , , , , , , 6.7126154, -0.0216526, , , , , , , 6.7126154, 0.0182956, , , , , , , , , , , , , , , , , , , , , , , , , , , , 
6.7131346, 0.0035248, , , , , , , 6.7131346, -0.0102388, , , , , , , 6.7131346, -0.0213169, , , , , , , 6.7131346, 0.0124208, , , , , , , , , , , , , , , , , , , , , , , , , , , , 
6.7136538, 0.0036927, , , , , , , 6.7136538, -0.0102388, , , , , , , 6.7136538, -0.0196384, , , , , , , 6.7136538, 0.0077211, , , , , , , , , , , , , , , , , , , , , , , , , , , , 
6.7141731, 0.0018463, , , , , , , 6.7141731, -0.0109102, , , , , , , 6.7141731, -0.0176242, , , , , , , 6.7141731, 0.0025177, , , , , , , , , , , , , , , , , , , , , , , , , , , , 
6.7146923, -0.0003357, , , , , , , 6.7146923, -0.0102388, , , , , , , 6.7146923, -0.0149386, , , , , , , 6.7146923, -0.0005035, , , , , , , , , , , , , , , , , , , , , , , , , , , , 
6.7152115, 0.0025177, , , , , , , 6.7152115, -0.0115816, , , , , , , 6.7152115, -0.0135958, , , , , , , 6.7152115, -0.0015106, , , , , , , , , , , , , , , , , , , , , , , , , , , , 
6.7157308, 0.0068818, , , , , , , 6.7157308, -0.0117494, , , , , , , 6.7157308, -0.0149386, , , , , , , 6.7157308, -0.0018463, , , , , , , , , , , , , , , , , , , , , , , , , , , , 
6.71625, 0.0083925, , , , , , , 6.71625, -0.0109102, , , , , , , 6.71625, -0.014435, , , , , , , 6.71625, -0.0011749, , , , , , , , , , , , , , , , , , , , , , , , , , , , 
6.7167692, 0.0082246, , , , , , , 6.7167692, -0.0095674, , , , , , , 6.7167692, -0.0149386, , , , , , , 6.7167692, 0.0011749, , , , , , , , , , , , , , , , , , , , , , , , , , , , 
6.7172885, 0.0085603, , , , , , , 6.7172885, -0.0105745, , , , , , , 6.7172885, -0.0146029, , , , , , , 6.7172885, 0.0025177, , , , , , , , , , , , , , , , , , , , , , , , , , , , 
6.7178077, 0.0062104, , , , , , , 6.7178077, -0.0112459, , , , , , , 6.7178077, -0.0135958, , , , , , , 6.7178077, 0.0011749, , , , , , , , , , , , , , , , , , , , , , , , , , , , 
6.7183269, 0.0065461, , , , , , , 6.7183269, -0.0109102, , , , , , , 6.7183269, -0.0095674, , , , , , , 6.7183269, 0.0020142, , , , , , , , , , , , , , , , , , , , , , , , , , , , 
6.7188462, 0.0070497, , , , , , , 6.7188462, -0.0095674, , , , , , , 6.7188462, -0.0060426, , , , , , , 6.7188462, -0.0008392, , , , , , , , , , , , , , , , , , , , , , , , , , , , 
6.7193654, -0.0001678, , , , , , , 6.7193654, -0.008896, , , , , , , 6.7193654, -0.0065461, , , , , , , 6.7193654, -0.0082246, , , , , , , , , , , , , , , , , , , , , , , , , , , , 
6.7198846, -0.0050355, , , , , , , 6.7198846, -0.0077211, , , , , , , 6.7198846, -0.0083925, , , , , , , 6.7198846, -0.0125887, , , , , , , , , , , , , , , , , , , , , , , , , , , , 
6.7204038, 0.0010071, , , , , , , 6.7204038, -0.0078889, , , , , , , 6.7204038, -0.0078889, , , , , , , 6.7204038, -0.0135958, , , , , , , , , , , , , , , , , , , , , , , , , , , , 
6.7209231, 0.0169528, , , , , , , 6.7209231, -0.0090639, , , , , , , 6.7209231, -0.0075532, , , , , , , 6.7209231, -0.0132601, , , , , , , , , , , , , , , , , , , , , , , , , , , , 
6.7214423, 0.0379339, , , , , , , 6.7214423, -0.0099031, , , , , , , 6.7214423, -0.0112459, , , , , , , 6.7214423, -0.01561, , , , , , , , , , , , , , , , , , , , , , , , , , , , 
6.7219615, 0.0589151, , , , , , , 6.7219615, -0.0095674, , , , , , , 6.7219615, -0.0139315, , , , , , , 6.7219615, -0.0169528, , , , , , , , , , , , , , , , , , , , , , , , , , , , 
6.7224808, 0.0706645, , , , , , , 6.7224808, -0.0102388, , , , , , , 6.7224808, -0.0135958, , , , , , , 6.7224808, -0.0162814, , , , , , , , , , , , , , , , , , , , , , , , , , , , 
6.723, 0.0726787, , , , , , , 6.723, -0.0112459, , , , , , , 6.723, -0.0132601, , , , , , , 6.723, -0.0119173, , , , , , , , , , , , , , , , , , , , , , , , , , , , 
6.7235192, 0.0716716, , , , , , , 6.7235192, -0.012253, , , , , , , 6.7235192, -0.0137636, , , , , , , 6.7235192, -0.0048676, , , , , , , , , , , , , , , , , , , , , , , , , , , , 
6.7240385, 0.0696574, , , , , , , 6.7240385, -0.0135958, , , , , , , 6.7240385, -0.0129244, , , , , , , 6.7240385, 0.0025177, , , , , , , , , , , , , , , , , , , , , , , , , , , , 
6.7245577, 0.0642863, , , , , , , 6.7245577, -0.0137636, , , , , , , 6.7245577, -0.0102388, , , , , , , 6.7245577, 0.0085603, , , , , , , , , , , , , , , , , , , , , , , , , , , , 
6.7250769, 0.0560616, , , , , , , 6.7250769, -0.0124208, , , , , , , 6.7250769, -0.0095674, , , , , , , 6.7250769, 0.0166171, , , , , , , , , , , , , , , , , , , , , , , , , , , , 
6.7255962, 0.0473335, , , , , , , 6.7255962, -0.012253, , , , , , , 6.7255962, -0.0102388, , , , , , , 6.7255962, 0.0238346, , , , , , , , , , , , , , , , , , , , , , , , , , , , 
6.7261154, 0.0340734, , , , , , , 6.7261154, -0.0119173, , , , , , , 6.7261154, -0.008896, , , , , , , 6.7261154, 0.0270237, , , , , , , , , , , , , , , , , , , , , , , , , , , , 
6.7266346, 0.0132601, , , , , , , 6.7266346, -0.0109102, , , , , , , 6.7266346, -0.0058747, , , , , , , 6.7266346, 0.0307164, , , , , , , , , , , , , , , , , , , , , , , , , , , , 
6.7271538, -0.0058747, , , , , , , 6.7271538, -0.0097353, , , , , , , 6.7271538, -0.0043641, , , , , , , 6.7271538, 0.0370947, , , , , , , , , , , , , , , , , , , , , , , , , , , , 
6.7276731, -0.0196384, , , , , , , 6.7276731, -0.0095674, , , , , , , 6.7276731, -0.005539, , , , , , , 6.7276731, 0.0419623, , , , , , , , , , , , , , , , , , , , , , , , , , , , 
6.7281923, -0.0256809, , , , , , , 6.7281923, -0.0092317, , , , , , , 6.7281923, -0.0073854, , , , , , , 6.7281923, 0.0428016, , , , , , , , , , , , , , , , , , , , , , , , , , , , 
6.7287115, -0.0246738, , , , , , , 6.7287115, -0.0082246, , , , , , , 6.7287115, -0.0092317, , , , , , , 6.7287115, 0.0421302, , , , , , , , , , , , , , , , , , , , , , , , , , , , 
6.7292308, -0.03122, , , , , , , 6.7292308, -0.005539, , , , , , , 6.7292308, -0.0092317, , , , , , , 6.7292308, 0.0439765, , , , , , , , , , , , , , , , , , , , , , , , , , , , 
6.72975, -0.0451514, , , , , , , 6.72975, -0.005539, , , , , , , 6.72975, -0.0063783, , , , , , , 6.72975, 0.0463264, , , , , , , , , , , , , , , , , , , , , , , , , , , , 
6.7302692, -0.0515297, , , , , , , 6.7302692, -0.0083925, , , , , , , 6.7302692, -0.0050355, , , , , , , 6.7302692, 0.0475013, , , , , , , , , , , , , , , , , , , , , , , , , , , , 
6.7307885, -0.0372625, , , , , , , 6.7307885, -0.0109102, , , , , , , 6.7307885, -0.0068818, , , , , , , 6.7307885, 0.0485084, , , , , , , , , , , , , , , , , , , , , , , , , , , , 
6.7313077, -0.0139315, , , , , , , 6.7313077, -0.0097353, , , , , , , 6.7313077, -0.0082246, , , , , , , 6.7313077, 0.0451514, , , , , , , , , , , , , , , , , , , , , , , , , , , , 
6.7318269, 0.005539, , , , , , , 6.7318269, -0.0082246, , , , , , , 6.7318269, -0.008896, , , , , , , 6.7318269, 0.0369268, , , , , , , , , , , , , , , , , , , , , , , , , , , , 
6.7323462, 0.014435, , , , , , , 6.7323462, -0.0060426, , , , , , , 6.7323462, -0.0109102, , , , , , , 6.7323462, 0.027863, , , , , , , , , , , , , , , , , , , , , , , , , , , , 
6.7328654, 0.0112459, , , , , , , 6.7328654, -0.0043641, , , , , , , 6.7328654, -0.0112459, , , , , , , 6.7328654, 0.0203098, , , , , , , , , , , , , , , , , , , , , , , , , , , , 
6.7333846, 0.0038605, , , , , , , 6.7333846, -0.0035248, , , , , , , 6.7333846, -0.0097353, , , , , , , 6.7333846, 0.0142672, , , , , , , , , , , , , , , , , , , , , , , , , , , , 
6.7339038, 0.0008392, , , , , , , 6.7339038, -0.0038605, , , , , , , 6.7339038, -0.0083925, , , , , , , 6.7339038, 0.008896, , , , , , , , , , , , , , , , , , , , , , , , , , , , 
6.7344231, 0.003357, , , , , , , 6.7344231, -0.0052033, , , , , , , 6.7344231, -0.0065461, , , , , , , 6.7344231, 0.0065461, , , , , , , , , , , , , , , , , , , , , , , , , , , , 
6.7349423, 0.0083925, , , , , , , 6.7349423, -0.0063783, , , , , , , 6.7349423, -0.0058747, , , , , , , 6.7349423, 0.0060426, , , , , , , , , , , , , , , , , , , , , , , , , , , , 
6.7354615, 0.0132601, , , , , , , 6.7354615, -0.0068818, , , , , , , 6.7354615, -0.0052033, , , , , , , 6.7354615, 0.0025177, , , , , , , , , , , , , , , , , , , , , , , , , , , , 
6.7359808, 0.0169528, , , , , , , 6.7359808, -0.0057069, , , , , , , 6.7359808, -0.0058747, , , , , , , 6.7359808, -0.0008392, , , , , , , , , , , , , , , , , , , , , , , , , , , , 
6.7365, 0.0176242, , , , , , , 6.7365, -0.0043641, , , , , , , 6.7365, -0.0065461, , , , , , , 6.7365, -0.0005035, , , , , , , , , , , , , , , , , , , , , , , , , , , , 
6.7370192, 0.0182956, , , , , , , 6.7370192, -0.0041962, , , , , , , 6.7370192, -0.0085603, , , , , , , 6.7370192, 0.0018463, , , , , , , , , , , , , , , , , , , , , , , , , , , , 
6.7375385, 0.018967, , , , , , , 6.7375385, -0.0068818, , , , , , , 6.7375385, -0.0109102, , , , , , , 6.7375385, 0.0045319, , , , , , , , , , , , , , , , , , , , , , , , , , , , 
6.7380577, 0.0216526, , , , , , , 6.7380577, -0.0082246, , , , , , , 6.7380577, -0.0114137, , , , , , , 6.7380577, 0.0058747, , , , , , , , , , , , , , , , , , , , , , , , , , , , 
6.7385769, 0.0206455, , , , , , , 6.7385769, -0.0072175, , , , , , , 6.7385769, -0.0109102, , , , , , , 6.7385769, 0.0068818, , , , , , , , , , , , , , , , , , , , , , , , , , , , 
6.7390962, 0.0132601, , , , , , , 6.7390962, -0.005539, , , , , , , 6.7390962, -0.0090639, , , , , , , 6.7390962, 0.0078889, , , , , , , , , , , , , , , , , , , , , , , , , , , , 
6.7396154, 0.0085603, , , , , , , 6.7396154, -0.0048676, , , , , , , 6.7396154, -0.0085603, , , , , , , 6.7396154, 0.0063783, , , , , , , , , , , , , , , , , , , , , , , , , , , , 
6.7401346, 0.0065461, , , , , , , 6.7401346, -0.0045319, , , , , , , 6.7401346, -0.0095674, , , , , , , 6.7401346, 0.0041962, , , , , , , , , , , , , , , , , , , , , , , , , , , , 
6.7406538, 0.005539, , , , , , , 6.7406538, -0.0045319, , , , , , , 6.7406538, -0.0112459, , , , , , , 6.7406538, 0.0052033, , , , , , , , , , , , , , , , , , , , , , , , , , , , 
6.7411731, 0.0045319, , , , , , , 6.7411731, -0.0050355, , , , , , , 6.7411731, -0.0115816, , , , , , , 6.7411731, 0.0025177, , , , , , , , , , , , , , , , , , , , , , , , , , , , 
6.7416923, 0.0065461, , , , , , , 6.7416923, -0.0062104, , , , , , , 6.7416923, -0.0117494, , , , , , , 6.7416923, -0.0070497, , , , , , , , , , , , , , , , , , , , , , , , , , , , 
6.7422115, 0.0099031, , , , , , , 6.7422115, -0.0048676, , , , , , , 6.7422115, -0.0135958, , , , , , , 6.7422115, -0.0142672, , , , , , , , , , , , , , , , , , , , , , , , , , , , 
6.7427308, 0.0142672, , , , , , , 6.7427308, -0.002182, , , , , , , 6.7427308, -0.014435, , , , , , , 6.7427308, -0.0162814, , , , , , , , , , , , , , , , , , , , , , , , , , , , 
6.74325, 0.0226596, , , , , , , 6.74325, -0.0023499, , , , , , , 6.74325, -0.0130922, , , , , , , 6.74325, -0.018967, , , , , , , , , , , , , , , , , , , , , , , , , , , , 
6.7437692, 0.0327306, , , , , , , 6.7437692, -0.0045319, , , , , , , 6.7437692, -0.0109102, , , , , , , 6.7437692, -0.0213169, , , , , , , , , , , , , , , , , , , , , , , , , , , , 
6.7442885, 0.036759, , , , , , , 6.7442885, -0.0072175, , , , , , , 6.7442885, -0.0082246, , , , , , , 6.7442885, -0.0182956, , , , , , , , , , , , , , , , , , , , , , , , , , , , 
6.7448077, 0.0303807, , , , , , , 6.7448077, -0.0075532, , , , , , , 6.7448077, -0.0092317, , , , , , , 6.7448077, -0.0109102, , , , , , , , , , , , , , , , , , , , , , , , , , , , 
6.7453269, 0.0231632, , , , , , , 6.7453269, -0.0077211, , , , , , , 6.7453269, -0.012253, , , , , , , 6.7453269, -0.0041962, , , , , , , , , , , , , , , , , , , , , , , , , , , , 
6.7458462, 0.0191348, , , , , , , 6.7458462, -0.008896, , , , , , , 6.7458462, -0.0149386, , , , , , , 6.7458462, 0.002182, , , , , , , , , , , , , , , , , , , , , , , , , , , , 
6.7463654, 0.0095674, , , , , , , 6.7463654, -0.0125887, , , , , , , 6.7463654, -0.01561, , , , , , , 6.7463654, 0.0068818, , , , , , , , , , , , , , , , , , , , , , , , , , , , 
6.7468846, -0.0065461, , , , , , , 6.7468846, -0.0176242, , , , , , , 6.7468846, -0.0135958, , , , , , , 6.7468846, 0.0105745, , , , , , , , , , , , , , , , , , , , , , , , , , , , 
6.7474038, -0.0199741, , , , , , , 6.7474038, -0.0176242, , , , , , , 6.7474038, -0.012253, , , , , , , 6.7474038, 0.01561, , , , , , , , , , , , , , , , , , , , , , , , , , , , 
6.7479231, -0.0276951, , , , , , , 6.7479231, -0.0142672, , , , , , , 6.7479231, -0.0119173, , , , , , , 6.7479231, 0.0243381, , , , , , , , , , , , , , , , , , , , , , , , , , , , 
6.7484423, -0.0318914, , , , , , , 6.7484423, -0.0132601, , , , , , , 6.7484423, -0.0095674, , , , , , , 6.7484423, 0.0320592, , , , , , , , , , , , , , , , , , , , , , , , , , , , 
6.7489615, -0.0391089, , , , , , , 6.7489615, -0.0135958, , , , , , , 6.7489615, -0.0075532, , , , , , , 6.7489615, 0.0354162, , , , , , , , , , , , , , , , , , , , , , , , , , , , 
6.7494808, -0.0417945, , , , , , , 6.7494808, -0.0085603, , , , , , , 6.7494808, -0.0082246, , , , , , , 6.7494808, 0.0396124, , , , , , , , , , , , , , , , , , , , , , , , , , , , 
6.75, -0.0417945, , , , , , , 6.75, 0.0011749, , , , , , , 6.75, -0.008896, , , , , , , 6.75, 0.0451514, , , , , , , , , , , , , , , , , , , , , , , , , , , , 
6.7505192, -0.0421302, , , , , , , 6.7505192, 0.0105745, , , , , , , 6.7505192, -0.0078889, , , , , , , 6.7505192, 0.0475013, , , , , , , , , , , , , , , , , , , , , , , , , , , , 
6.7510385, -0.0372625, , , , , , , 6.7510385, 0.0119173, , , , , , , 6.7510385, -0.005539, , , , , , , 6.7510385, 0.0458228, , , , , , , , , , , , , , , , , , , , , , , , , , , , 
6.7515577, -0.0283665, , , , , , , 6.7515577, 0.0083925, , , , , , , 6.7515577, -0.0028534, , , , , , , 6.7515577, 0.0394446, , , , , , , , , , , , , , , , , , , , , , , , , , , , 
6.7520769, -0.0179599, , , , , , , 6.7520769, 0.0025177, , , , , , , 6.7520769, -0.002182, , , , , , , 6.7520769, 0.0307164, , , , , , , , , , , , , , , , , , , , , , , , , , , , 
6.7525962, -0.0072175, , , , , , , 6.7525962, -0.008896, , , , , , , 6.7525962, -0.0023499, , , , , , , 6.7525962, 0.0260166, , , , , , , , , , , , , , , , , , , , , , , , , , , , 
6.7531154, 0.0031891, , , , , , , 6.7531154, -0.0219883, , , , , , , 6.7531154, -0.0025177, , , , , , , 6.7531154, 0.0246738, , , , , , , , , , , , , , , , , , , , , , , , , , , , 
6.7536346, 0.0099031, , , , , , , 6.7536346, -0.0340734, , , , , , , 6.7536346, -0.0025177, , , , , , , 6.7536346, 0.0219883, , , , , , , , , , , , , , , , , , , , , , , , , , , , 
6.7541538, 0.0078889, , , , , , , 6.7541538, -0.0404517, , , , , , , 6.7541538, -0.0025177, , , , , , , 6.7541538, 0.0186313, , , , , , , , , , , , , , , , , , , , , , , , , , , , 
6.7546731, 0.0025177, , , , , , , 6.7546731, -0.0340734, , , , , , , 6.7546731, -0.002182, , , , , , , 6.7546731, 0.0176242, , , , , , , , , , , , , , , , , , , , , , , , , , , , 
6.7551923, 0.0025177, , , , , , , 6.7551923, -0.0208133, , , , , , , 6.7551923, -0.002182, , , , , , , 6.7551923, 0.0182956, , , , , , , , , , , , , , , , , , , , , , , , , , , , 
6.7557115, 0.0052033, , , , , , , 6.7557115, -0.0137636, , , , , , , 6.7557115, -0.0028534, , , , , , , 6.7557115, 0.0176242, , , , , , , , , , , , , , , , , , , , , , , , , , , , 
6.7562308, 0.0112459, , , , , , , 6.7562308, -0.0159457, , , , , , , 6.7562308, -0.0035248, , , , , , , 6.7562308, 0.0166171, , , , , , , , , , , , , , , , , , , , , , , , , , , , 
6.75675, 0.018967, , , , , , , 6.75675, -0.0193027, , , , , , , 6.75675, -0.0008392, , , , , , , 6.75675, 0.0182956, , , , , , , , , , , , , , , , , , , , , , , , , , , , 
6.7572692, 0.0246738, , , , , , , 6.7572692, -0.0166171, , , , , , , 6.7572692, 0.002182, , , , , , , 6.7572692, 0.0213169, , , , , , , , , , , , , , , , , , , , , , , , , , , , 
6.7577885, 0.0292058, , , , , , , 6.7577885, -0.0038605, , , , , , , 6.7577885, 0.0035248, , , , , , , 6.7577885, 0.0224918, , , , , , , , , , , , , , , , , , , , , , , , , , , , 
6.7583077, 0.0313878, , , , , , , 6.7583077, 0.0127565, , , , , , , 6.7583077, 0.0011749, , , , , , , 6.7583077, 0.0229953, , , , , , , , , , , , , , , , , , , , , , , , , , , , 
6.7588269, 0.033402, , , , , , , 6.7588269, 0.0206455, , , , , , , 6.7588269, -0.0015106, , , , , , , 6.7588269, 0.0223239, , , , , , , , , , , , , , , , , , , , , , , , , , , , 
6.7593462, 0.0360876, , , , , , , 6.7593462, 0.0164492, , , , , , , 6.7593462, -0.002182, , , , , , , 6.7593462, 0.0238346, , , , , , , , , , , , , , , , , , , , , , , , , , , , 
6.7598654, 0.0387732, , , , , , , 6.7598654, 0.0083925, , , , , , , 6.7598654, -0.002182, , , , , , , 6.7598654, 0.0260166, , , , , , , , , , , , , , , , , , , , , , , , , , , , 
6.7603846, 0.0411231, , , , , , , 6.7603846, 0.0028534, , , , , , , 6.7603846, -0.0031891, , , , , , , 6.7603846, 0.0240024, , , , , , , , , , , , , , , , , , , , , , , , , , , , 
6.7609038, 0.0441444, , , , , , , 6.7609038, 0.0010071, , , , , , , 6.7609038, -0.0041962, , , , , , , 6.7609038, 0.01561, , , , , , , , , , , , , , , , , , , , , , , , , , , , 
6.7614231, 0.0508583, , , , , , , 6.7614231, -0.0001678, , , , , , , 6.7614231, -0.0052033, , , , , , , 6.7614231, 0.0031891, , , , , , , , , , , , , , , , , , , , , , , , , , , , 
6.7619423, 0.0582437, , , , , , , 6.7619423, -0.003357, , , , , , , 6.7619423, -0.0082246, , , , , , , 6.7619423, -0.0058747, , , , , , , , , , , , , , , , , , , , , , , , , , , , 
6.7624615, 0.0649577, , , , , , , 6.7624615, -0.01561, , , , , , , 6.7624615, -0.0109102, , , , , , , 6.7624615, -0.0129244, , , , , , , , , , , , , , , , , , , , , , , , , , , , 
6.7629808, 0.0710002, , , , , , , 6.7629808, -0.030045, , , , , , , 6.7629808, -0.0109102, , , , , , , 6.7629808, -0.0206455, , , , , , , , , , , , , , , , , , , , , , , , , , , , 
6.7635, 0.0757, , , , , , , 6.7635, -0.0337377, , , , , , , 6.7635, -0.0102388, , , , , , , 6.7635, -0.0240024, , , , , , , , , , , , , , , , , , , , , , , , , , , , 
6.7640192, 0.0770428, , , , , , , 6.7640192, -0.0236667, , , , , , , 6.7640192, -0.0109102, , , , , , , 6.7640192, -0.0209812, , , , , , , , , , , , , , , , , , , , , , , , , , , , 
6.7645385, 0.0728466, , , , , , , 6.7645385, -0.0031891, , , , , , , 6.7645385, -0.0130922, , , , , , , 6.7645385, -0.018967, , , , , , , , , , , , , , , , , , , , , , , , , , , , 
6.7650577, 0.0656291, , , , , , , 6.7650577, 0.0151064, , , , , , , 6.7650577, -0.0149386, , , , , , , 6.7650577, -0.0171206, , , , , , , , , , , , , , , , , , , , , , , , , , , , 
6.7655769, 0.0592508, , , , , , , 6.7655769, 0.023331, , , , , , , 6.7655769, -0.0137636, , , , , , , 6.7655769, -0.0115816, , , , , , , , , , , , , , , , , , , , , , , , , , , , 
6.7660962, 0.0525368, , , , , , , 6.7660962, 0.0226596, , , , , , , 6.7660962, -0.0129244, , , , , , , 6.7660962, -0.0038605, , , , , , , , , , , , , , , , , , , , , , , , , , , , 
6.7666154, 0.0466621, , , , , , , 6.7666154, 0.0229953, , , , , , , 6.7666154, -0.012253, , , , , , , 6.7666154, 0.0018463, , , , , , , , , , , , , , , , , , , , , , , , , , , , 
6.7671346, 0.0397803, , , , , , , 6.7671346, 0.0256809, , , , , , , 6.7671346, -0.0115816, , , , , , , 6.7671346, 0.0072175, , , , , , , , , , , , , , , , , , , , , , , , , , , , 
6.7676538, 0.0303807, , , , , , , 6.7676538, 0.0260166, , , , , , , 6.7676538, -0.012253, , , , , , , 6.7676538, 0.0152743, , , , , , , , , , , , , , , , , , , , , , , , , , , , 
6.7681731, 0.0226596, , , , , , , 6.7681731, 0.0172885, , , , , , , 6.7681731, -0.0139315, , , , , , , 6.7681731, 0.0216526, , , , , , , , , , , , , , , , , , , , , , , , , , , , 
6.7686923, 0.01561, , , , , , , 6.7686923, -0.0041962, , , , , , , 6.7686923, -0.0135958, , , , , , , 6.7686923, 0.0253452, , , , , , , , , , , , , , , , , , , , , , , , , , , , 
6.7692115, 0.0045319, , , , , , , 6.7692115, -0.0313878, , , , , , , 6.7692115, -0.0119173, , , , , , , 6.7692115, 0.0307164, , , , , , , , , , , , , , , , , , , , , , , , , , , , 
6.7697308, -0.0063783, , , , , , , 6.7697308, -0.0520333, , , , , , , 6.7697308, -0.0109102, , , , , , , 6.7697308, 0.0359197, , , , , , , , , , , , , , , , , , , , , , , , , , , , 
6.77025, -0.0182956, , , , , , , 6.77025, -0.0555581, , , , , , , 6.77025, -0.0105745, , , , , , , 6.77025, 0.0384375, , , , , , , , , , , , , , , , , , , , , , , , , , , , 
6.7707692, -0.0270237, , , , , , , 6.7707692, -0.0495155, , , , , , , 6.7707692, -0.0095674, , , , , , , 6.7707692, 0.0421302, , , , , , , , , , , , , , , , , , , , , , , , , , , , 
6.7712885, -0.0243381, , , , , , , 6.7712885, -0.0391089, , , , , , , 6.7712885, -0.0073854, , , , , , , 6.7712885, 0.0404517, , , , , , , , , , , , , , , , , , , , , , , , , , , , 
6.7718077, -0.018967, , , , , , , 6.7718077, -0.0290379, , , , , , , 6.7718077, -0.0070497, , , , , , , 6.7718077, 0.0327306, , , , , , , , , , , , , , , , , , , , , , , , , , , , 
6.7723269, -0.0099031, , , , , , , 6.7723269, -0.0298772, , , , , , , 6.7723269, -0.0075532, , , , , , , 6.7723269, 0.0287022, , , , , , , , , , , , , , , , , , , , , , , , , , , , 
6.7728462, -0.0068818, , , , , , , 6.7728462, -0.0416266, , , , , , , 6.7728462, -0.0072175, , , , , , , 6.7728462, 0.0263523, , , , , , , , , , , , , , , , , , , , , , , , , , , , 
6.7733654, -0.0102388, , , , , , , 6.7733654, -0.0542153, , , , , , , 6.7733654, -0.0072175, , , , , , , 6.7733654, 0.0191348, , , , , , , , , , , , , , , , , , , , , , , , , , , , 
6.7738846, -0.008896, , , , , , , 6.7738846, -0.0558938, , , , , , , 6.7738846, -0.0082246, , , , , , , 6.7738846, 0.0129244, , , , , , , , , , , , , , , , , , , , , , , , , , , , 
6.7744038, -0.0045319, , , , , , , 6.7744038, -0.0518654, , , , , , , 6.7744038, -0.0068818, , , , , , , 6.7744038, 0.0099031, , , , , , , , , , , , , , , , , , , , , , , , , , , , 
6.7749231, 0.0003357, , , , , , , 6.7749231, -0.0485084, , , , , , , 6.7749231, -0.0068818, , , , , , , 6.7749231, 0.0092317, , , , , , , , , , , , , , , , , , , , , , , , , , , , 
6.7754423, 0.0090639, , , , , , , 6.7754423, -0.0354162, , , , , , , 6.7754423, -0.0082246, , , , , , , 6.7754423, 0.0097353, , , , , , , , , , , , , , , , , , , , , , , , , , , , 
6.7759615, 0.0199741, , , , , , , 6.7759615, -0.0146029, , , , , , , 6.7759615, -0.0078889, , , , , , , 6.7759615, 0.0083925, , , , , , , , , , , , , , , , , , , , , , , , , , , , 
6.7764808, 0.0293736, , , , , , , 6.7764808, 0.0025177, , , , , , , 6.7764808, -0.0058747, , , , , , , 6.7764808, 0.0078889, , , , , , , , , , , , , , , , , , , , , , , , , , , , 
6.777, 0.0360876, , , , , , , 6.777, 0.0085603, , , , , , , 6.777, -0.005539, , , , , , , 6.777, 0.0095674, , , , , , , , , , , , , , , , , , , , , , , , , , , , 
6.7775192, 0.0394446, , , , , , , 6.7775192, 0.008896, , , , , , , 6.7775192, -0.0062104, , , , , , , 6.7775192, 0.0119173, , , , , , , , , , , , , , , , , , , , , , , , , , , , 
6.7780385, 0.0451514, , , , , , , 6.7780385, 0.008896, , , , , , , 6.7780385, -0.0048676, , , , , , , 6.7780385, 0.0119173, , , , , , , , , , , , , , , , , , , , , , , , , , , , 
6.7785577, 0.0448157, , , , , , , 6.7785577, 0.0048676, , , , , , , 6.7785577, -0.002182, , , , , , , 6.7785577, 0.010071, , , , , , , , , , , , , , , , , , , , , , , , , , , , 
6.7790769, 0.0414588, , , , , , , 6.7790769, 0.0045319, , , , , , , 6.7790769, -0.0015106, , , , , , , 6.7790769, 0.0107424, , , , , , , , , , , , , , , , , , , , , , , , , , , , 
6.7795962, 0.0424659, , , , , , , 6.7795962, 0.0082246, , , , , , , 6.7795962, -0.0041962, , , , , , , 6.7795962, 0.0092317, , , , , , , , , , , , , , , , , , , , , , , , , , , , 
6.7801154, 0.0454871, , , , , , , 6.7801154, 0.0139315, , , , , , , 6.7801154, -0.0058747, , , , , , , 6.7801154, 0.0058747, , , , , , , , , , , , , , , , , , , , , , , , , , , , 
6.7806346, 0.0428016, , , , , , , 6.7806346, 0.0229953, , , , , , , 6.7806346, -0.005539, , , , , , , 6.7806346, 0.0025177, , , , , , , , , , , , , , , , , , , , , , , , , , , , 
6.7811538, 0.0394446, , , , , , , 6.7811538, 0.0260166, , , , , , , 6.7811538, -0.0052033, , , , , , , 6.7811538, -0.0008392, , , , , , , , , , , , , , , , , , , , , , , , , , , , 
6.7816731, 0.0441444, , , , , , , 6.7816731, 0.023331, , , , , , , 6.7816731, -0.005539, , , , , , , 6.7816731, -0.0075532, , , , , , , , , , , , , , , , , , , , , , , , , , , , 
6.7821923, 0.0642863, , , , , , , 6.7821923, 0.0186313, , , , , , , 6.7821923, -0.0041962, , , , , , , 6.7821923, -0.0149386, , , , , , , , , , , , , , , , , , , , , , , , , , , , 
6.7827115, 0.0820783, , , , , , , 6.7827115, 0.0095674, , , , , , , 6.7827115, -0.0041962, , , , , , , 6.7827115, -0.0179599, , , , , , , , , , , , , , , , , , , , , , , , , , , , 
6.7832308, 0.0810712, , , , , , , 6.7832308, -0.0015106, , , , , , , 6.7832308, -0.0038605, , , , , , , 6.7832308, -0.0159457, , , , , , , , , , , , , , , , , , , , , , , , , , , , 
6.78375, 0.0649577, , , , , , , 6.78375, -0.0142672, , , , , , , 6.78375, -0.005539, , , , , , , 6.78375, -0.0137636, , , , , , , , , , , , , , , , , , , , , , , , , , , , 
6.7842692, 0.0542153, , , , , , , 6.7842692, -0.0250095, , , , , , , 6.7842692, -0.0090639, , , , , , , 6.7842692, -0.011078, , , , , , , , , , , , , , , , , , , , , , , , , , , , 
6.7847885, 0.0515297, , , , , , , 6.7847885, -0.0256809, , , , , , , 6.7847885, -0.0125887, , , , , , , 6.7847885, -0.005539, , , , , , , , , , , , , , , , , , , , , , , , , , , , 
6.7853077, 0.0428016, , , , , , , 6.7853077, -0.0149386, , , , , , , 6.7853077, -0.012253, , , , , , , 6.7853077, 0.0011749, , , , , , , , , , , , , , , , , , , , , , , , , , , , 
6.7858269, 0.027863, , , , , , , 6.7858269, 0.0052033, , , , , , , 6.7858269, -0.0102388, , , , , , , 6.7858269, 0.0078889, , , , , , , , , , , , , , , , , , , , , , , , , , , , 
6.7863462, 0.0132601, , , , , , , 6.7863462, 0.0240024, , , , , , , 6.7863462, -0.0099031, , , , , , , 6.7863462, 0.0129244, , , , , , , , , , , , , , , , , , , , , , , , , , , , 
6.7868654, -0.0011749, , , , , , , 6.7868654, 0.03122, , , , , , , 6.7868654, -0.0105745, , , , , , , 6.7868654, 0.0179599, , , , , , , , , , , , , , , , , , , , , , , , , , , , 
6.7873846, -0.0157778, , , , , , , 6.7873846, 0.0317235, , , , , , , 6.7873846, -0.0105745, , , , , , , 6.7873846, 0.0250095, , , , , , , , , , , , , , , , , , , , , , , , , , , , 
6.7879038, -0.0283665, , , , , , , 6.7879038, 0.0246738, , , , , , , 6.7879038, -0.0097353, , , , , , , 6.7879038, 0.0313878, , , , , , , , , , , , , , , , , , , , , , , , , , , , 
6.7884231, -0.0404517, , , , , , , 6.7884231, 0.0105745, , , , , , , 6.7884231, -0.0072175, , , , , , , 6.7884231, 0.0357519, , , , , , , , , , , , , , , , , , , , , , , , , , , , 
6.7889423, -0.0532082, , , , , , , 6.7889423, -0.0058747, , , , , , , 6.7889423, -0.0063783, , , , , , , 6.7889423, 0.0399481, , , , , , , , , , , , , , , , , , , , , , , , , , , , 
6.7894615, -0.0626078, , , , , , , 6.7894615, -0.0270237, , , , , , , 6.7894615, -0.0062104, , , , , , , 6.7894615, 0.0431373, , , , , , , , , , , , , , , , , , , , , , , , , , , , 
6.7899808, -0.0656291, , , , , , , 6.7899808, -0.04448, , , , , , , 6.7899808, -0.0063783, , , , , , , 6.7899808, 0.0453193, , , , , , , , , , , , , , , , , , , , , , , , , , , , 
6.7905, -0.0666361, , , , , , , 6.7905, -0.04448, , , , , , , 6.7905, -0.0068818, , , , , , , 6.7905, 0.0471656, , , , , , , , , , , , , , , , , , , , , , , , , , , , 
6.7910192, -0.0626078, , , , , , , 6.7910192, -0.0340734, , , , , , , 6.7910192, -0.0062104, , , , , , , 6.7910192, 0.0458228, , , , , , , , , , , , , , , , , , , , , , , , , , , , 
6.7915385, -0.0538796, , , , , , , 6.7915385, -0.0357519, , , , , , , 6.7915385, -0.0035248, , , , , , , 6.7915385, 0.0404517, , , , , , , , , , , , , , , , , , , , , , , , , , , , 
6.7920577, -0.0438087, , , , , , , 6.7920577, -0.047837, , , , , , , 6.7920577, -0.0028534, , , , , , , 6.7920577, 0.033402, , , , , , , , , , , , , , , , , , , , , , , , , , , , 
6.7925769, -0.0392767, , , , , , , 6.7925769, -0.0538796, , , , , , , 6.7925769, -0.0048676, , , , , , , 6.7925769, 0.0285344, , , , , , , , , , , , , , , , , , , , , , , , , , , , 
6.7930962, -0.0399481, , , , , , , 6.7930962, -0.0501869, , , , , , , 6.7930962, -0.0082246, , , , , , , 6.7930962, 0.0256809, , , , , , , , , , , , , , , , , , , , , , , , , , , , 
6.7936154, -0.0419623, , , , , , , 6.7936154, -0.0417945, , , , , , , 6.7936154, -0.0085603, , , , , , , 6.7936154, 0.0213169, , , , , , , , , , , , , , , , , , , , , , , , , , , , 
6.7941346, -0.0370947, , , , , , , 6.7941346, -0.0287022, , , , , , , 6.7941346, -0.0077211, , , , , , , 6.7941346, 0.018967, , , , , , , , , , , , , , , , , , , , , , , , , , , , 
6.7946538, -0.0236667, , , , , , , 6.7946538, -0.0135958, , , , , , , 6.7946538, -0.0065461, , , , , , , 6.7946538, 0.0164492, , , , , , , , , , , , , , , , , , , , , , , , , , , , 
6.7951731, -0.0140993, , , , , , , 6.7951731, -0.0008392, , , , , , , 6.7951731, -0.0072175, , , , , , , 6.7951731, 0.012253, , , , , , , , , , , , , , , , , , , , , , , , , , , , 
6.7956923, -0.0176242, , , , , , , 6.7956923, 0.0063783, , , , , , , 6.7956923, -0.0097353, , , , , , , 6.7956923, 0.0097353, , , , , , , , , , , , , , , , , , , , , , , , , , , , 
6.7962115, -0.023331, , , , , , , 6.7962115, 0.0068818, , , , , , , 6.7962115, -0.0109102, , , , , , , 6.7962115, 0.0102388, , , , , , , , , , , , , , , , , , , , , , , , , , , , 
6.7967308, -0.01561, , , , , , , 6.7967308, 0.0048676, , , , , , , 6.7967308, -0.008896, , , , , , , 6.7967308, 0.0104067, , , , , , , , , , , , , , , , , , , , , , , , , , , , 
6.79725, -0.0077211, , , , , , , 6.79725, 0.0031891, , , , , , , 6.79725, -0.0062104, , , , , , , 6.79725, 0.0068818, , , , , , , , , , , , , , , , , , , , , , , , , , , , 
6.7977692, -0.0048676, , , , , , , 6.7977692, 0.0031891, , , , , , , 6.7977692, -0.0052033, , , , , , , 6.7977692, 0.0052033, , , , , , , , , , , , , , , , , , , , , , , , , , , , 
6.7982885, -0.0041962, , , , , , , 6.7982885, 0.0052033, , , , , , , 6.7982885, -0.0065461, , , , , , , 6.7982885, 0.0052033, , , , , , , , , , , , , , , , , , , , , , , , , , , , 
6.7988077, -0.0085603, , , , , , , 6.7988077, 0.0063783, , , , , , , 6.7988077, -0.0085603, , , , , , , 6.7988077, 0.0065461, , , , , , , , , , , , , , , , , , , , , , , , , , , , 
6.7993269, -0.0115816, , , , , , , 6.7993269, 0.0052033, , , , , , , 6.7993269, -0.0082246, , , , , , , 6.7993269, 0.0062104, , , , , , , , , , , , , , , , , , , , , , , , , , , , 
6.7998462, -0.0095674, , , , , , , 6.7998462, 0.0025177, , , , , , , 6.7998462, -0.0065461, , , , , , , 6.7998462, 0.005539, , , , , , , , , , , , , , , , , , , , , , , , , , , , 
6.8003654, -0.0041962, , , , , , , 6.8003654, 0.0031891, , , , , , , 6.8003654, -0.0068818, , , , , , , 6.8003654, 0.003357, , , , , , , , , , , , , , , , , , , , , , , , , , , , 
6.8008846, 0.0031891, , , , , , , 6.8008846, 0.0068818, , , , , , , 6.8008846, -0.0060426, , , , , , , 6.8008846, -0.0005035, , , , , , , , , , , , , , , , , , , , , , , , , , , , 
6.8014038, 0.0092317, , , , , , , 6.8014038, 0.0092317, , , , , , , 6.8014038, -0.0025177, , , , , , , 6.8014038, -0.0105745, , , , , , , , , , , , , , , , , , , , , , , , , , , , 
6.8019231, 0.0179599, , , , , , , 6.8019231, 0.0085603, , , , , , , 6.8019231, 0.0018463, , , , , , , 6.8019231, -0.0169528, , , , , , , , , , , , , , , , , , , , , , , , , , , , 
6.8024423, 0.027863, , , , , , , 6.8024423, 0.0045319, , , , , , , 6.8024423, 0.0045319, , , , , , , 6.8024423, -0.0169528, , , , , , , , , , , , , , , , , , , , , , , , , , , , 
6.8029615, 0.0384375, , , , , , , 6.8029615, 0.0008392, , , , , , , 6.8029615, 0.0025177, , , , , , , 6.8029615, -0.0193027, , , , , , , , , , , , , , , , , , , , , , , , , , , , 
6.8034808, 0.0535439, , , , , , , 6.8034808, -0.0015106, , , , , , , 6.8034808, 0.0005035, , , , , , , 6.8034808, -0.0236667, , , , , , , , , , , , , , , , , , , , , , , , , , , , 
6.804, 0.0666361, , , , , , , 6.804, -0.002182, , , , , , , 6.804, -0.002182, , , , , , , 6.804, -0.0243381, , , , , , , , , , , , , , , , , , , , , , , , , , , , 
6.8045192, 0.0710002, , , , , , , 6.8045192, 0.0005035, , , , , , , 6.8045192, -0.0115816, , , , , , , 6.8045192, -0.021149, , , , , , , , , , , , , , , , , , , , , , , , , , , , 
6.8050385, 0.0636149, , , , , , , 6.8050385, 0.0041962, , , , , , , 6.8050385, -0.0243381, , , , , , , 6.8050385, -0.0146029, , , , , , , , , , , , , , , , , , , , , , , , , , , , 
6.8055577, 0.0466621, , , , , , , 6.8055577, 0.0043641, , , , , , , 6.8055577, -0.0337377, , , , , , , 6.8055577, -0.0052033, , , , , , , , , , , , , , , , , , , , , , , , , , , , 
6.8060769, 0.0293736, , , , , , , 6.8060769, 0.0028534, , , , , , , 6.8060769, -0.0399481, , , , , , , 6.8060769, 0.0028534, , , , , , , , , , , , , , , , , , , , , , , , , , , , 
6.8065962, 0.0236667, , , , , , , 6.8065962, 0.0031891, , , , , , , 6.8065962, -0.0414588, , , , , , , 6.8065962, 0.0115816, , , , , , , , , , , , , , , , , , , , , , , , , , , , 
6.8071154, 0.0250095, , , , , , , 6.8071154, 0.0035248, , , , , , , 6.8071154, -0.0386053, , , , , , , 6.8071154, 0.023331, , , , , , , , , , , , , , , , , , , , , , , , , , , , 
6.8076346, 0.0193027, , , , , , , 6.8076346, 0.0031891, , , , , , , 6.8076346, -0.0317235, , , , , , , 6.8076346, 0.0313878, , , , , , , , , , , , , , , , , , , , , , , , , , , , 
6.8081538, 0.0104067, , , , , , , 6.8081538, 0.002182, , , , , , , 6.8081538, -0.0243381, , , , , , , 6.8081538, 0.0364233, , , , , , , , , , , , , , , , , , , , , , , , , , , , 
6.8086731, 0.0018463, , , , , , , 6.8086731, 0.0008392, , , , , , , 6.8086731, -0.0169528, , , , , , , 6.8086731, 0.0411231, , , , , , , , , , , , , , , , , , , , , , , , , , , , 
6.8091923, -0.0115816, , , , , , , 6.8091923, 0.0001678, , , , , , , 6.8091923, -0.008896, , , , , , , 6.8091923, 0.0451514, , , , , , , , , , , , , , , , , , , , , , , , , , , , 
6.8097115, -0.0246738, , , , , , , 6.8097115, -0.0010071, , , , , , , 6.8097115, -0.0008392, , , , , , , 6.8097115, 0.0481727, , , , , , , , , , , , , , , , , , , , , , , , , , , , 
6.8102308, -0.0303807, , , , , , , 6.8102308, -0.0011749, , , , , , , 6.8102308, 0.0048676, , , , , , , 6.8102308, 0.0518654, , , , , , , , , , , , , , , , , , , , , , , , , , , , 
6.81075, -0.0317235, , , , , , , 6.81075, 0.0001678, , , , , , , 6.81075, 0.0063783, , , , , , , 6.81075, 0.0525368, , , , , , , , , , , , , , , , , , , , , , , , , , , , 
6.8112692, -0.0287022, , , , , , , 6.8112692, -0.0001678, , , , , , , 6.8112692, 0.0072175, , , , , , , 6.8112692, 0.0471656, , , , , , , , , , , , , , , , , , , , , , , , , , , , 
6.8117885, -0.0203098, , , , , , , 6.8117885, -0.0028534, , , , , , , 6.8117885, 0.0065461, , , , , , , 6.8117885, 0.036759, , , , , , , , , , , , , , , , , , , , , , , , , , , , 
6.8123077, -0.0199741, , , , , , , 6.8123077, -0.0023499, , , , , , , 6.8123077, 0.0035248, , , , , , , 6.8123077, 0.0283665, , , , , , , , , , , , , , , , , , , , , , , , , , , , 
6.8128269, -0.0206455, , , , , , , 6.8128269, 0.0038605, , , , , , , 6.8128269, 0.0001678, , , , , , , 6.8128269, 0.0236667, , , , , , , , , , , , , , , , , , , , , , , , , , , , 
6.8133462, -0.0099031, , , , , , , 6.8133462, 0.0095674, , , , , , , 6.8133462, -0.0005035, , , , , , , 6.8133462, 0.0186313, , , , , , , , , , , , , , , , , , , , , , , , , , , , 
6.8138654, 0.0070497, , , , , , , 6.8138654, 0.0095674, , , , , , , 6.8138654, -0.0018463, , , , , , , 6.8138654, 0.0149386, , , , , , , , , , , , , , , , , , , , , , , , , , , , 
6.8143846, 0.01561, , , , , , , 6.8143846, 0.0065461, , , , , , , 6.8143846, -0.0030213, , , , , , , 6.8143846, 0.0132601, , , , , , , , , , , , , , , , , , , , , , , , , , , , 
6.8149038, 0.0152743, , , , , , , 6.8149038, -0.0008392, , , , , , , 6.8149038, -0.0048676, , , , , , , 6.8149038, 0.0105745, , , , , , , , , , , , , , , , , , , , , , , , , , , , 
6.8154231, 0.0159457, , , , , , , 6.8154231, -0.0112459, , , , , , , 6.8154231, -0.0082246, , , , , , , 6.8154231, 0.0072175, , , , , , , , , , , , , , , , , , , , , , , , , , , , 
6.8159423, 0.0152743, , , , , , , 6.8159423, -0.0216526, , , , , , , 6.8159423, -0.0073854, , , , , , , 6.8159423, 0.0048676, , , , , , , , , , , , , , , , , , , , , , , , , , , , 
6.8164615, 0.0092317, , , , , , , 6.8164615, -0.0344091, , , , , , , 6.8164615, -0.0045319, , , , , , , 6.8164615, 0.003357, , , , , , , , , , , , , , , , , , , , , , , , , , , , 
6.8169808, 0.0092317, , , , , , , 6.8169808, -0.0431373, , , , , , , 6.8169808, -0.0031891, , , , , , , 6.8169808, 0.0011749, , , , , , , , , , , , , , , , , , , , , , , , , , , , 
6.8175, 0.0199741, , , , , , , 6.8175, -0.0394446, , , , , , , 6.8175, -0.0023499, , , , , , , 6.8175, 0.0018463, , , , , , , , , , , , , , , , , , , , , , , , , , , , 
6.8180192, 0.0313878, , , , , , , 6.8180192, -0.0276951, , , , , , , 6.8180192, -0.0011749, , , , , , , 6.8180192, 0.0011749, , , , , , , , , , , , , , , , , , , , , , , , , , , , 
6.8185385, 0.0297093, , , , , , , 6.8185385, -0.017792, , , , , , , 6.8185385, -0.002182, , , , , , , 6.8185385, -0.0005035, , , , , , , , , , , , , , , , , , , , , , , , , , , , 
6.8190577, 0.0243381, , , , , , , 6.8190577, -0.0139315, , , , , , , 6.8190577, -0.0035248, , , , , , , 6.8190577, -0.0023499, , , , , , , , , , , , , , , , , , , , , , , , , , , , 
6.8195769, 0.0229953, , , , , , , 6.8195769, -0.0132601, , , , , , , 6.8195769, -0.0048676, , , , , , , 6.8195769, -0.0016785, , , , , , , , , , , , , , , , , , , , , , , , , , , , 
6.8200962, 0.0270237, , , , , , , 6.8200962, -0.0130922, , , , , , , 6.8200962, -0.0065461, , , , , , , 6.8200962, -0.0008392, , , , , , , , , , , , , , , , , , , , , , , , , , , , 
6.8206154, 0.0345769, , , , , , , 6.8206154, -0.0117494, , , , , , , 6.8206154, -0.0095674, , , , , , , 6.8206154, -0.0028534, , , , , , , , , , , , , , , , , , , , , , , , , , , , 
6.8211346, 0.0421302, , , , , , , 6.8211346, -0.0109102, , , , , , , 6.8211346, -0.0102388, , , , , , , 6.8211346, -0.008896, , , , , , , , , , , , , , , , , , , , , , , , , , , , 
6.8216538, 0.0495155, , , , , , , 6.8216538, -0.0115816, , , , , , , 6.8216538, -0.0092317, , , , , , , 6.8216538, -0.0169528, , , , , , , , , , , , , , , , , , , , , , , , , , , , 
6.8221731, 0.0595865, , , , , , , 6.8221731, -0.0129244, , , , , , , 6.8221731, -0.0063783, , , , , , , 6.8221731, -0.0213169, , , , , , , , , , , , , , , , , , , , , , , , , , , , 
6.8226923, 0.0708324, , , , , , , 6.8226923, -0.0129244, , , , , , , 6.8226923, -0.0008392, , , , , , , 6.8226923, -0.0216526, , , , , , , , , , , , , , , , , , , , , , , , , , , , 
6.8232115, 0.072343, , , , , , , 6.8232115, -0.0115816, , , , , , , 6.8232115, 0.0025177, , , , , , , 6.8232115, -0.0209812, , , , , , , , , , , , , , , , , , , , , , , , , , , , 
6.8237308, 0.0629435, , , , , , , 6.8237308, -0.0115816, , , , , , , 6.8237308, 0.0018463, , , , , , , 6.8237308, -0.0209812, , , , , , , , , , , , , , , , , , , , , , , , , , , , 
6.82425, 0.0532082, , , , , , , 6.82425, -0.0135958, , , , , , , 6.82425, -0.0031891, , , , , , , 6.82425, -0.018967, , , , , , , , , , , , , , , , , , , , , , , , , , , , 
6.8247692, 0.0505226, , , , , , , 6.8247692, -0.0135958, , , , , , , 6.8247692, -0.0095674, , , , , , , 6.8247692, -0.0164492, , , , , , , , , , , , , , , , , , , , , , , , , , , , 
6.8252885, 0.0438087, , , , , , , 6.8252885, -0.0129244, , , , , , , 6.8252885, -0.0152743, , , , , , , 6.8252885, -0.011078, , , , , , , , , , , , , , , , , , , , , , , , , , , , 
6.8258077, 0.0270237, , , , , , , 6.8258077, -0.0117494, , , , , , , 6.8258077, -0.0176242, , , , , , , 6.8258077, -0.0028534, , , , , , , , , , , , , , , , , , , , , , , , , , , , 
6.8263269, 0.0125887, , , , , , , 6.8263269, -0.0115816, , , , , , , 6.8263269, -0.0166171, , , , , , , 6.8263269, 0.0048676, , , , , , , , , , , , , , , , , , , , , , , , , , , , 
6.8268462, 0.0025177, , , , , , , 6.8268462, -0.0132601, , , , , , , 6.8268462, -0.0139315, , , , , , , 6.8268462, 0.0115816, , , , , , , , , , , , , , , , , , , , , , , , , , , , 
6.8273654, -0.0062104, , , , , , , 6.8273654, -0.0135958, , , , , , , 6.8273654, -0.0132601, , , , , , , 6.8273654, 0.0186313, , , , , , , , , , , , , , , , , , , , , , , , , , , , 
6.8278846, -0.0102388, , , , , , , 6.8278846, -0.0135958, , , , , , , 6.8278846, -0.0149386, , , , , , , 6.8278846, 0.0260166, , , , , , , , , , , , , , , , , , , , , , , , , , , , 
6.8284038, -0.0082246, , , , , , , 6.8284038, -0.0112459, , , , , , , 6.8284038, -0.0169528, , , , , , , 6.8284038, 0.0317235, , , , , , , , , , , , , , , , , , , , , , , , , , , , 
6.8289231, -0.0073854, , , , , , , 6.8289231, -0.0114137, , , , , , , 6.8289231, -0.0169528, , , , , , , 6.8289231, 0.0381018, , , , , , , , , , , , , , , , , , , , , , , , , , , , 
6.8294423, -0.0095674, , , , , , , 6.8294423, -0.0130922, , , , , , , 6.8294423, -0.0164492, , , , , , , 6.8294423, 0.0454871, , , , , , , , , , , , , , , , , , , , , , , , , , , , 
6.8299615, -0.0172885, , , , , , , 6.8299615, -0.0132601, , , , , , , 6.8299615, -0.0149386, , , , , , , 6.8299615, 0.0495155, , , , , , , , , , , , , , , , , , , , , , , , , , , , 
6.8304808, -0.0287022, , , , , , , 6.8304808, -0.012253, , , , , , , 6.8304808, -0.01561, , , , , , , 6.8304808, 0.0515297, , , , , , , , , , , , , , , , , , , , , , , , , , , , 
6.831, -0.0283665, , , , , , , 6.831, -0.0109102, , , , , , , 6.831, -0.0162814, , , , , , , 6.831, 0.0505226, , , , , , , , , , , , , , , , , , , , , , , , , , , , 
6.8315192, -0.0137636, , , , , , , 6.8315192, -0.008896, , , , , , , 6.8315192, -0.0142672, , , , , , , 6.8315192, 0.043473, , , , , , , , , , , , , , , , , , , , , , , , , , , , 
6.8320385, 0.0011749, , , , , , , 6.8320385, -0.0068818, , , , , , , 6.8320385, -0.0109102, , , , , , , 6.8320385, 0.033402, , , , , , , , , , , , , , , , , , , , , , , , , , , , 
6.8325577, 0.0102388, , , , , , , 6.8325577, -0.0052033, , , , , , , 6.8325577, -0.0082246, , , , , , , 6.8325577, 0.0273594, , , , , , , , , , , , , , , , , , , , , , , , , , , , 
6.8330769, 0.0139315, , , , , , , 6.8330769, -0.0062104, , , , , , , 6.8330769, -0.0070497, , , , , , , 6.8330769, 0.0240024, , , , , , , , , , , , , , , , , , , , , , , , , , , , 
6.8335962, 0.0196384, , , , , , , 6.8335962, -0.005539, , , , , , , 6.8335962, -0.008896, , , , , , , 6.8335962, 0.0193027, , , , , , , , , , , , , , , , , , , , , , , , , , , , 
6.8341154, 0.026688, , , , , , , 6.8341154, -0.0025177, , , , , , , 6.8341154, -0.0102388, , , , , , , 6.8341154, 0.0151064, , , , , , , , , , , , , , , , , , , , , , , , , , , , 
6.8346346, 0.0352483, , , , , , , 6.8346346, -0.0005035, , , , , , , 6.8346346, -0.0112459, , , , , , , 6.8346346, 0.0140993, , , , , , , , , , , , , , , , , , , , , , , , , , , , 
6.8351538, 0.0428016, , , , , , , 6.8351538, -0.0045319, , , , , , , 6.8351538, -0.0115816, , , , , , , 6.8351538, 0.0139315, , , , , , , , , , , , , , , , , , , , , , , , , , , , 
6.8356731, 0.0421302, , , , , , , 6.8356731, -0.0115816, , , , , , , 6.8356731, -0.0109102, , , , , , , 6.8356731, 0.0129244, , , , , , , , , , , , , , , , , , , , , , , , , , , , 
6.8361923, 0.0360876, , , , , , , 6.8361923, -0.0127565, , , , , , , 6.8361923, -0.0102388, , , , , , , 6.8361923, 0.0119173, , , , , , , , , , , , , , , , , , , , , , , , , , , , 
6.8367115, 0.0352483, , , , , , , 6.8367115, -0.0082246, , , , , , , 6.8367115, -0.0082246, , , , , , , 6.8367115, 0.0112459, , , , , , , , , , , , , , , , , , , , , , , , , , , , 
6.8372308, 0.0340734, , , , , , , 6.8372308, -0.0052033, , , , , , , 6.8372308, -0.0058747, , , , , , , 6.8372308, 0.0119173, , , , , , , , , , , , , , , , , , , , , , , , , , , , 
6.83775, 0.026688, , , , , , , 6.83775, -0.0048676, , , , , , , 6.83775, -0.0041962, , , , , , , 6.83775, 0.0119173, , , , , , , , , , , , , , , , , , , , , , , , , , , , 
6.8382692, 0.0209812, , , , , , , 6.8382692, -0.0028534, , , , , , , 6.8382692, -0.0041962, , , , , , , 6.8382692, 0.0112459, , , , , , , , , , , , , , , , , , , , , , , , , , , , 
6.8387885, 0.0283665, , , , , , , 6.8387885, 0.0018463, , , , , , , 6.8387885, -0.0045319, , , , , , , 6.8387885, 0.0112459, , , , , , , , , , , , , , , , , , , , , , , , , , , , 
6.8393077, 0.0325628, , , , , , , 6.8393077, 0.0057069, , , , , , , 6.8393077, -0.0041962, , , , , , , 6.8393077, 0.0109102, , , , , , , , , , , , , , , , , , , , , , , , , , , , 
6.8398269, 0.0270237, , , , , , , 6.8398269, 0.0020142, , , , , , , 6.8398269, -0.0018463, , , , , , , 6.8398269, 0.0099031, , , , , , , , , , , , , , , , , , , , , , , , , , , , 
6.8403462, 0.0213169, , , , , , , 6.8403462, -0.0075532, , , , , , , 6.8403462, 0.0005035, , , , , , , 6.8403462, 0.0090639, , , , , , , , , , , , , , , , , , , , , , , , , , , , 
6.8408654, 0.0246738, , , , , , , 6.8408654, -0.0135958, , , , , , , 6.8408654, -0.0001678, , , , , , , 6.8408654, 0.0045319, , , , , , , , , , , , , , , , , , , , , , , , , , , , 
6.8413846, 0.0347448, , , , , , , 6.8413846, -0.0129244, , , , , , , 6.8413846, -0.0018463, , , , , , , 6.8413846, -0.002182, , , , , , , , , , , , , , , , , , , , , , , , , , , , 
6.8419038, 0.0475013, , , , , , , 6.8419038, -0.0095674, , , , , , , 6.8419038, -0.0045319, , , , , , , 6.8419038, -0.0102388, , , , , , , , , , , , , , , , , , , , , , , , , , , , 
6.8424231, 0.054551, , , , , , , 6.8424231, -0.0102388, , , , , , , 6.8424231, -0.0050355, , , , , , , 6.8424231, -0.0135958, , , , , , , , , , , , , , , , , , , , , , , , , , , , 
6.8429423, 0.0575723, , , , , , , 6.8429423, -0.012253, , , , , , , 6.8429423, -0.0028534, , , , , , , 6.8429423, -0.0146029, , , , , , , , , , , , , , , , , , , , , , , , , , , , 
6.8434615, 0.0572366, , , , , , , 6.8434615, -0.012253, , , , , , , 6.8434615, -0.002182, , , , , , , 6.8434615, -0.0176242, , , , , , , , , , , , , , , , , , , , , , , , , , , , 
6.8439808, 0.0528725, , , , , , , 6.8439808, -0.0117494, , , , , , , 6.8439808, -0.0041962, , , , , , , 6.8439808, -0.018967, , , , , , , , , , , , , , , , , , , , , , , , , , , , 
6.8445, 0.0481727, , , , , , , 6.8445, -0.0139315, , , , , , , 6.8445, -0.0062104, , , , , , , 6.8445, -0.0162814, , , , , , , , , , , , , , , , , , , , , , , , , , , , 
6.8450192, 0.0441444, , , , , , , 6.8450192, -0.0135958, , , , , , , 6.8450192, -0.0048676, , , , , , , 6.8450192, -0.0105745, , , , , , , , , , , , , , , , , , , , , , , , , , , , 
6.8455385, 0.0394446, , , , , , , 6.8455385, -0.0115816, , , , , , , 6.8455385, -0.0031891, , , , , , , 6.8455385, -0.0038605, , , , , , , , , , , , , , , , , , , , , , , , , , , , 
6.8460577, 0.0287022, , , , , , , 6.8460577, -0.0109102, , , , , , , 6.8460577, -0.0036927, , , , , , , 6.8460577, 0.002182, , , , , , , , , , , , , , , , , , , , , , , , , , , , 
6.8465769, 0.01561, , , , , , , 6.8465769, -0.0104067, , , , , , , 6.8465769, -0.0028534, , , , , , , 6.8465769, 0.008896, , , , , , , , , , , , , , , , , , , , , , , , , , , , 
6.8470962, 0.005539, , , , , , , 6.8470962, -0.0025177, , , , , , , 6.8470962, -0.002182, , , , , , , 6.8470962, 0.0166171, , , , , , , , , , , , , , , , , , , , , , , , , , , , 
6.8476154, -0.0041962, , , , , , , 6.8476154, 0.0146029, , , , , , , 6.8476154, -0.0028534, , , , , , , 6.8476154, 0.0253452, , , , , , , , , , , , , , , , , , , , , , , , , , , , 
6.8481346, -0.0179599, , , , , , , 6.8481346, 0.0307164, , , , , , , 6.8481346, -0.0035248, , , , , , , 6.8481346, 0.033402, , , , , , , , , , , , , , , , , , , , , , , , , , , , 
6.8486538, -0.0327306, , , , , , , 6.8486538, 0.0320592, , , , , , , 6.8486538, -0.0048676, , , , , , , 6.8486538, 0.0384375, , , , , , , , , , , , , , , , , , , , , , , , , , , , 
6.8491731, -0.0391089, , , , , , , 6.8491731, 0.0176242, , , , , , , 6.8491731, -0.0078889, , , , , , , 6.8491731, 0.0417945, , , , , , , , , , , , , , , , , , , , , , , , , , , , 
6.8496923, -0.0438087, , , , , , , 6.8496923, -0.0075532, , , , , , , 6.8496923, -0.0099031, , , , , , , 6.8496923, 0.0481727, , , , , , , , , , , , , , , , , , , , , , , , , , , , 
6.8502115, -0.0486763, , , , , , , 6.8502115, -0.0330663, , , , , , , 6.8502115, -0.0119173, , , , , , , 6.8502115, 0.0535439, , , , , , , , , , , , , , , , , , , , , , , , , , , , 
6.8507308, -0.0485084, , , , , , , 6.8507308, -0.0513619, , , , , , , 6.8507308, -0.0137636, , , , , , , 6.8507308, 0.054551, , , , , , , , , , , , , , , , , , , , , , , , , , , , 
6.85125, -0.0417945, , , , , , , 6.85125, -0.0666361, , , , , , , 6.85125, -0.0149386, , , , , , , 6.85125, 0.0483406, , , , , , , , , , , , , , , , , , , , , , , , , , , , 
6.8517692, -0.0287022, , , , , , , 6.8517692, -0.0703288, , , , , , , 6.8517692, -0.014435, , , , , , , 6.8517692, 0.0397803, , , , , , , , , , , , , , , , , , , , , , , , , , , , 
6.8522885, -0.0142672, , , , , , , 6.8522885, -0.0500191, , , , , , , 6.8522885, -0.0139315, , , , , , , 6.8522885, 0.033402, , , , , , , , , , , , , , , , , , , , , , , , , , , , 
6.8528077, -0.0132601, , , , , , , 6.8528077, -0.0196384, , , , , , , 6.8528077, -0.0125887, , , , , , , 6.8528077, 0.0295415, , , , , , , , , , , , , , , , , , , , , , , , , , , , 
6.8533269, -0.0176242, , , , , , , 6.8533269, -0.0025177, , , , , , , 6.8533269, -0.0072175, , , , , , , 6.8533269, 0.0275273, , , , , , , , , , , , , , , , , , , , , , , , , , , , 
6.8538462, -0.0142672, , , , , , , 6.8538462, 0.0018463, , , , , , , 6.8538462, 0.0018463, , , , , , , 6.8538462, 0.0246738, , , , , , , , , , , , , , , , , , , , , , , , , , , , 
6.8543654, -0.0063783, , , , , , , 6.8543654, 0.0129244, , , , , , , 6.8543654, 0.0078889, , , , , , , 6.8543654, 0.0206455, , , , , , , , , , , , , , , , , , , , , , , , , , , , 
6.8548846, 0.0035248, , , , , , , 6.8548846, 0.0313878, , , , , , , 6.8548846, 0.0085603, , , , , , , 6.8548846, 0.0176242, , , , , , , , , , , , , , , , , , , , , , , , , , , , 
6.8554038, 0.0162814, , , , , , , 6.8554038, 0.0421302, , , , , , , 6.8554038, 0.0058747, , , , , , , 6.8554038, 0.0132601, , , , , , , , , , , , , , , , , , , , , , , , , , , , 
6.8559231, 0.030045, , , , , , , 6.8559231, 0.0364233, , , , , , , 6.8559231, 0.005539, , , , , , , 6.8559231, 0.0099031, , , , , , , , , , , , , , , , , , , , , , , , , , , , 
6.8564423, 0.036759, , , , , , , 6.8564423, 0.0186313, , , , , , , 6.8564423, 0.0065461, , , , , , , 6.8564423, 0.0082246, , , , , , , , , , , , , , , , , , , , , , , , , , , , 
6.8569615, 0.0347448, , , , , , , 6.8569615, -0.0015106, , , , , , , 6.8569615, 0.0057069, , , , , , , 6.8569615, 0.0070497, , , , , , , , , , , , , , , , , , , , , , , , , , , , 
6.8574808, 0.0357519, , , , , , , 6.8574808, -0.0149386, , , , , , , 6.8574808, 0.0045319, , , , , , , 6.8574808, 0.0072175, , , , , , , , , , , , , , , , , , , , , , , , , , , , 
6.858, 0.0399481, , , , , , , 6.858, -0.0243381, , , , , , , 6.858, 0.0052033, , , , , , , 6.858, 0.0090639, , , , , , , , , , , , , , , , , , , , , , , , , , , , 
6.8585192, 0.0404517, , , , , , , 6.8585192, -0.0340734, , , , , , , 6.8585192, 0.0038605, , , , , , , 6.8585192, 0.0092317, , , , , , , , , , , , , , , , , , , , , , , , , , , , 
6.8590385, 0.0381018, , , , , , , 6.8590385, -0.0417945, , , , , , , 6.8590385, 0.0011749, , , , , , , 6.8590385, 0.0070497, , , , , , , , , , , , , , , , , , , , , , , , , , , , 
6.8595577, 0.0360876, , , , , , , 6.8595577, -0.0344091, , , , , , , 6.8595577, -0.0008392, , , , , , , 6.8595577, 0.0052033, , , , , , , , , , , , , , , , , , , , , , , , , , , , 
6.8600769, 0.0357519, , , , , , , 6.8600769, -0.018967, , , , , , , 6.8600769, -0.0041962, , , , , , , 6.8600769, 0.0058747, , , , , , , , , , , , , , , , , , , , , , , , , , , , 
6.8605962, 0.0381018, , , , , , , 6.8605962, -0.0083925, , , , , , , 6.8605962, -0.0104067, , , , , , , 6.8605962, 0.0062104, , , , , , , , , , , , , , , , , , , , , , , , , , , , 
6.8611154, 0.040116, , , , , , , 6.8611154, -0.0038605, , , , , , , 6.8611154, -0.0176242, , , , , , , 6.8611154, 0.0008392, , , , , , , , , , , , , , , , , , , , , , , , , , , , 
6.8616346, 0.04448, , , , , , , 6.8616346, -0.0015106, , , , , , , 6.8616346, -0.0223239, , , , , , , 6.8616346, -0.0070497, , , , , , , , , , , , , , , , , , , , , , , , , , , , 
6.8621538, 0.0518654, , , , , , , 6.8621538, 0.0003357, , , , , , , 6.8621538, -0.0243381, , , , , , , 6.8621538, -0.0115816, , , , , , , , , , , , , , , , , , , , , , , , , , , , 
6.8626731, 0.0597543, , , , , , , 6.8626731, 0.0018463, , , , , , , 6.8626731, -0.0248417, , , , , , , 6.8626731, -0.0135958, , , , , , , , , , , , , , , , , , , , , , , , , , , , 
6.8631923, 0.0632792, , , , , , , 6.8631923, 0.0035248, , , , , , , 6.8631923, -0.0240024, , , , , , , 6.8631923, -0.0142672, , , , , , , , , , , , , , , , , , , , , , , , , , , , 
6.8637115, 0.0649577, , , , , , , 6.8637115, 0.0038605, , , , , , , 6.8637115, -0.023331, , , , , , , 6.8637115, -0.0142672, , , , , , , , , , , , , , , , , , , , , , , , , , , , 
6.8642308, 0.0659648, , , , , , , 6.8642308, -0.0035248, , , , , , , 6.8642308, -0.0240024, , , , , , , 6.8642308, -0.0127565, , , , , , , , , , , , , , , , , , , , , , , , , , , , 
6.86475, 0.0592508, , , , , , , 6.86475, -0.012253, , , , , , , 6.86475, -0.0251774, , , , , , , 6.86475, -0.0082246, , , , , , , , , , , , , , , , , , , , , , , , , , , , 
6.8652692, 0.0488441, , , , , , , 6.8652692, -0.0176242, , , , , , , 6.8652692, -0.0280308, , , , , , , 6.8652692, -0.0001678, , , , , , , , , , , , , , , , , , , , , , , , , , , , 
6.8657885, 0.0454871, , , , , , , 6.8657885, -0.0176242, , , , , , , 6.8657885, -0.0297093, , , , , , , 6.8657885, 0.005539, , , , , , , , , , , , , , , , , , , , , , , , , , , , 
6.8663077, 0.0412909, , , , , , , 6.8663077, -0.0130922, , , , , , , 6.8663077, -0.0270237, , , , , , , 6.8663077, 0.008896, , , , , , , , , , , , , , , , , , , , , , , , , , , , 
6.8668269, 0.0281987, , , , , , , 6.8668269, -0.0097353, , , , , , , 6.8668269, -0.0224918, , , , , , , 6.8668269, 0.0137636, , , , , , , , , , , , , , , , , , , , , , , , , , , , 
6.8673462, 0.008896, , , , , , , 6.8673462, -0.0035248, , , , , , , 6.8673462, -0.0172885, , , , , , , 6.8673462, 0.0208133, , , , , , , , , , , , , , , , , , , , , , , , , , , , 
6.8678654, -0.0082246, , , , , , , 6.8678654, 0.0063783, , , , , , , 6.8678654, -0.0139315, , , , , , , 6.8678654, 0.0293736, , , , , , , , , , , , , , , , , , , , , , , , , , , , 
6.8683846, -0.0182956, , , , , , , 6.8683846, 0.0119173, , , , , , , 6.8683846, -0.0095674, , , , , , , 6.8683846, 0.0384375, , , , , , , , , , , , , , , , , , , , , , , , , , , , 
6.8689038, -0.0236667, , , , , , , 6.8689038, 0.008896, , , , , , , 6.8689038, -0.0045319, , , , , , , 6.8689038, 0.0446479, , , , , , , , , , , , , , , , , , , , , , , , , , , , 
6.8694231, -0.0332341, , , , , , , 6.8694231, 0.0041962, , , , , , , 6.8694231, -0.0008392, , , , , , , 6.8694231, 0.0459907, , , , , , , , , , , , , , , , , , , , , , , , , , , , 
6.8699423, -0.0453193, , , , , , , 6.8699423, 0.0011749, , , , , , , 6.8699423, 0.0018463, , , , , , , 6.8699423, 0.0473335, , , , , , , , , , , , , , , , , , , , , , , , , , , , 
6.8704615, -0.0515297, , , , , , , 6.8704615, 0.0003357, , , , , , , 6.8704615, 0.0036927, , , , , , , 6.8704615, 0.047837, , , , , , , , , , , , , , , , , , , , , , , , , , , , 
6.8709808, -0.0498512, , , , , , , 6.8709808, -0.0005035, , , , , , , 6.8709808, 0.0018463, , , , , , , 6.8709808, 0.04448, , , , , , , , , , , , , , , , , , , , , , , , , , , , 
6.8715, -0.0384375, , , , , , , 6.8715, -0.0016785, , , , , , , 6.8715, 0.0015106, , , , , , , 6.8715, 0.0360876, , , , , , , , , , , , , , , , , , , , , , , , , , , , 
6.8720192, -0.026688, , , , , , , 6.8720192, -0.0031891, , , , , , , 6.8720192, 0.0015106, , , , , , , 6.8720192, 0.0270237, , , , , , , , , , , , , , , , , , , , , , , , , , , , 
6.8725385, -0.0135958, , , , , , , 6.8725385, -0.0082246, , , , , , , 6.8725385, -0.0001678, , , , , , , 6.8725385, 0.0223239, , , , , , , , , , , , , , , , , , , , , , , , , , , , 
6.8730577, 0.0011749, , , , , , , 6.8730577, -0.0083925, , , , , , , 6.8730577, -0.0016785, , , , , , , 6.8730577, 0.0236667, , , , , , , , , , , , , , , , , , , , , , , , , , , , 
6.8735769, 0.0075532, , , , , , , 6.8735769, -0.0062104, , , , , , , 6.8735769, -0.002182, , , , , , , 6.8735769, 0.0246738, , , , , , , , , , , , , , , , , , , , , , , , , , , , 
6.8740962, 0.0068818, , , , , , , 6.8740962, -0.0058747, , , , , , , 6.8740962, -0.0041962, , , , , , , 6.8740962, 0.0236667, , , , , , , , , , , , , , , , , , , , , , , , , , , , 
6.8746154, 0.0082246, , , , , , , 6.8746154, -0.0011749, , , , , , , 6.8746154, -0.0052033, , , , , , , 6.8746154, 0.021149, , , , , , , , , , , , , , , , , , , , , , , , , , , , 
6.8751346, 0.0130922, , , , , , , 6.8751346, 0.0062104, , , , , , , 6.8751346, -0.0052033, , , , , , , 6.8751346, 0.0209812, , , , , , , , , , , , , , , , , , , , , , , , , , , , 
6.8756538, 0.0166171, , , , , , , 6.8756538, 0.0105745, , , , , , , 6.8756538, -0.0048676, , , , , , , 6.8756538, 0.0199741, , , , , , , , , , , , , , , , , , , , , , , , , , , , 
6.8761731, 0.0162814, , , , , , , 6.8761731, 0.0132601, , , , , , , 6.8761731, -0.0048676, , , , , , , 6.8761731, 0.0135958, , , , , , , , , , , , , , , , , , , , , , , , , , , , 
6.8766923, 0.0146029, , , , , , , 6.8766923, 0.0152743, , , , , , , 6.8766923, -0.0031891, , , , , , , 6.8766923, 0.0072175, , , , , , , , , , , , , , , , , , , , , , , , , , , , 
6.8772115, 0.0146029, , , , , , , 6.8772115, 0.008896, , , , , , , 6.8772115, -0.0025177, , , , , , , 6.8772115, 0.0052033, , , , , , , , , , , , , , , , , , , , , , , , , , , , 
6.8777308, 0.0159457, , , , , , , 6.8777308, -0.0102388, , , , , , , 6.8777308, -0.0045319, , , , , , , 6.8777308, 0.0057069, , , , , , , , , , , , , , , , , , , , , , , , , , , , 
6.87825, 0.0152743, , , , , , , 6.87825, -0.0359197, , , , , , , 6.87825, -0.0068818, , , , , , , 6.87825, 0.0052033, , , , , , , , , , , , , , , , , , , , , , , , , , , , 
6.8787692, 0.0119173, , , , , , , 6.8787692, -0.054551, , , , , , , 6.8787692, -0.008896, , , , , , , 6.8787692, 0.0062104, , , , , , , , , , , , , , , , , , , , , , , , , , , , 
6.8792885, 0.0135958, , , , , , , 6.8792885, -0.0548867, , , , , , , 6.8792885, -0.0104067, , , , , , , 6.8792885, 0.0070497, , , , , , , , , , , , , , , , , , , , , , , , , , , , 
6.8798077, 0.012253, , , , , , , 6.8798077, -0.0433051, , , , , , , 6.8798077, -0.0115816, , , , , , , 6.8798077, 0.0031891, , , , , , , , , , , , , , , , , , , , , , , , , , , , 
6.8803269, 0.0085603, , , , , , , 6.8803269, -0.0350805, , , , , , , 6.8803269, -0.012253, , , , , , , 6.8803269, -0.002182, , , , , , , , , , , , , , , , , , , , , , , , , , , , 
6.8808462, 0.0102388, , , , , , , 6.8808462, -0.0344091, , , , , , , 6.8808462, -0.0125887, , , , , , , 6.8808462, -0.0075532, , , , , , , , , , , , , , , , , , , , , , , , , , , , 
6.8813654, 0.0229953, , , , , , , 6.8813654, -0.0347448, , , , , , , 6.8813654, -0.0125887, , , , , , , 6.8813654, -0.0169528, , , , , , , , , , , , , , , , , , , , , , , , , , , , 
6.8818846, 0.0364233, , , , , , , 6.8818846, -0.0337377, , , , , , , 6.8818846, -0.0112459, , , , , , , 6.8818846, -0.0250095, , , , , , , , , , , , , , , , , , , , , , , , , , , , 
6.8824038, 0.0424659, , , , , , , 6.8824038, -0.0340734, , , , , , , 6.8824038, -0.012253, , , , , , , 6.8824038, -0.030045, , , , , , , , , , , , , , , , , , , , , , , , , , , , 
6.8829231, 0.0426337, , , , , , , 6.8829231, -0.0332341, , , , , , , 6.8829231, -0.0139315, , , , , , , 6.8829231, -0.0340734, , , , , , , , , , , , , , , , , , , , , , , , , , , , 
6.8834423, 0.0414588, , , , , , , 6.8834423, -0.0283665, , , , , , , 6.8834423, -0.0142672, , , , , , , 6.8834423, -0.0364233, , , , , , , , , , , , , , , , , , , , , , , , , , , , 
6.8839615, 0.0409552, , , , , , , 6.8839615, -0.0198062, , , , , , , 6.8839615, -0.0135958, , , , , , , 6.8839615, -0.0330663, , , , , , , , , , , , , , , , , , , , , , , , , , , , 
6.8844808, 0.0374304, , , , , , , 6.8844808, -0.0102388, , , , , , , 6.8844808, -0.0109102, , , , , , , 6.8844808, -0.0271916, , , , , , , , , , , , , , , , , , , , , , , , , , , , 
6.885, 0.0340734, , , , , , , 6.885, -0.0035248, , , , , , , 6.885, -0.008896, , , , , , , 6.885, -0.0198062, , , , , , , , , , , , , , , , , , , , , , , , , , , , 
6.8855192, 0.0290379, , , , , , , 6.8855192, -0.0015106, , , , , , , 6.8855192, -0.0087282, , , , , , , 6.8855192, -0.0125887, , , , , , , , , , , , , , , , , , , , , , , , , , , , 
6.8860385, 0.0219883, , , , , , , 6.8860385, -0.002182, , , , , , , 6.8860385, -0.008896, , , , , , , 6.8860385, -0.0065461, , , , , , , , , , , , , , , , , , , , , , , , , , , , 
6.8865577, 0.0152743, , , , , , , 6.8865577, -0.0008392, , , , , , , 6.8865577, -0.011078, , , , , , , 6.8865577, 0.0005035, , , , , , , , , , , , , , , , , , , , , , , , , , , , 
6.8870769, 0.0038605, , , , , , , 6.8870769, 0.0005035, , , , , , , 6.8870769, -0.0115816, , , , , , , 6.8870769, 0.0092317, , , , , , , , , , , , , , , , , , , , , , , , , , , , 
6.8875962, -0.0028534, , , , , , , 6.8875962, 0.0011749, , , , , , , 6.8875962, -0.0092317, , , , , , , 6.8875962, 0.0196384, , , , , , , , , , , , , , , , , , , , , , , , , , , , 
6.8881154, -0.0062104, , , , , , , 6.8881154, 0.0028534, , , , , , , 6.8881154, -0.0065461, , , , , , , 6.8881154, 0.0287022, , , , , , , , , , , , , , , , , , , , , , , , , , , , 
6.8886346, -0.0162814, , , , , , , 6.8886346, 0.0031891, , , , , , , 6.8886346, -0.005539, , , , , , , 6.8886346, 0.0370947, , , , , , , , , , , , , , , , , , , , , , , , , , , , 
6.8891538, -0.0263523, , , , , , , 6.8891538, 0.0041962, , , , , , , 6.8891538, -0.0052033, , , , , , , 6.8891538, 0.0428016, , , , , , , , , , , , , , , , , , , , , , , , , , , , 
6.8896731, -0.0293736, , , , , , , 6.8896731, 0.0078889, , , , , , , 6.8896731, -0.0041962, , , , , , , 6.8896731, 0.0480049, , , , , , , , , , , , , , , , , , , , , , , , , , , , 
6.8901923, -0.0298772, , , , , , , 6.8901923, 0.0146029, , , , , , , 6.8901923, -0.0048676, , , , , , , 6.8901923, 0.051194, , , , , , , , , , , , , , , , , , , , , , , , , , , , 
6.8907115, -0.0297093, , , , , , , 6.8907115, 0.0203098, , , , , , , 6.8907115, -0.0058747, , , , , , , 6.8907115, 0.0493477, , , , , , , , , , , , , , , , , , , , , , , , , , , , 
6.8912308, -0.0256809, , , , , , , 6.8912308, 0.0206455, , , , , , , 6.8912308, -0.0057069, , , , , , , 6.8912308, 0.0438087, , , , , , , , , , , , , , , , , , , , , , , , , , , , 
6.89175, -0.0179599, , , , , , , 6.89175, 0.0184634, , , , , , , 6.89175, -0.0031891, , , , , , , 6.89175, 0.0370947, , , , , , , , , , , , , , , , , , , , , , , , , , , , 
6.8922692, -0.0082246, , , , , , , 6.8922692, 0.0124208, , , , , , , 6.8922692, 0.0015106, , , , , , , 6.8922692, 0.0327306, , , , , , , , , , , , , , , , , , , , , , , , , , , , 
6.8927885, 0.0018463, , , , , , , 6.8927885, -0.0015106, , , , , , , 6.8927885, 0.0045319, , , , , , , 6.8927885, 0.0320592, , , , , , , , , , , , , , , , , , , , , , , , , , , , 
6.8933077, 0.0038605, , , , , , , 6.8933077, -0.0167849, , , , , , , 6.8933077, 0.0045319, , , , , , , 6.8933077, 0.0313878, , , , , , , , , , , , , , , , , , , , , , , , , , , , 
6.8938269, 0.0052033, , , , , , , 6.8938269, -0.0283665, , , , , , , 6.8938269, 0.0041962, , , , , , , 6.8938269, 0.0323949, , , , , , , , , , , , , , , , , , , , , , , , , , , , 
6.8943462, 0.0105745, , , , , , , 6.8943462, -0.0357519, , , , , , , 6.8943462, 0.0035248, , , , , , , 6.8943462, 0.0322271, , , , , , , , , , , , , , , , , , , , , , , , , , , , 
6.8948654, 0.0129244, , , , , , , 6.8948654, -0.0344091, , , , , , , 6.8948654, 0.0008392, , , , , , , 6.8948654, 0.0293736, , , , , , , , , , , , , , , , , , , , , , , , , , , , 
6.8953846, 0.0127565, , , , , , , 6.8953846, -0.0216526, , , , , , , 6.8953846, -0.0028534, , , , , , , 6.8953846, 0.0260166, , , , , , , , , , , , , , , , , , , , , , , , , , , , 
6.8959038, 0.0139315, , , , , , , 6.8959038, -0.0097353, , , , , , , 6.8959038, -0.005539, , , , , , , 6.8959038, 0.0226596, , , , , , , , , , , , , , , , , , , , , , , , , , , , 
6.8964231, 0.0139315, , , , , , , 6.8964231, -0.0045319, , , , , , , 6.8964231, -0.0036927, , , , , , , 6.8964231, 0.0216526, , , , , , , , , , , , , , , , , , , , , , , , , , , , 
6.8969423, 0.0132601, , , , , , , 6.8969423, -0.002182, , , , , , , 6.8969423, -0.0023499, , , , , , , 6.8969423, 0.0206455, , , , , , , , , , , , , , , , , , , , , , , , , , , , 
6.8974615, 0.0125887, , , , , , , 6.8974615, -0.0001678, , , , , , , 6.8974615, -0.0035248, , , , , , , 6.8974615, 0.0167849, , , , , , , , , , , , , , , , , , , , , , , , , , , , 
6.8979808, 0.0129244, , , , , , , 6.8979808, 0.0008392, , , , , , , 6.8979808, -0.0062104, , , , , , , 6.8979808, 0.0135958, , , , , , , , , , , , , , , , , , , , , , , , , , , , 
6.8985, 0.0149386, , , , , , , 6.8985, -0.0015106, , , , , , , 6.8985, -0.0095674, , , , , , , 6.8985, 0.0112459, , , , , , , , , , , , , , , , , , , , , , , , , , , , 
6.8990192, 0.0198062, , , , , , , 6.8990192, -0.0041962, , , , , , , 6.8990192, -0.0115816, , , , , , , 6.8990192, 0.0095674, , , , , , , , , , , , , , , , , , , , , , , , , , , , 
6.8995385, 0.023331, , , , , , , 6.8995385, -0.005539, , , , , , , 6.8995385, -0.0109102, , , , , , , 6.8995385, 0.0092317, , , , , , , , , , , , , , , , , , , , , , , , , , , , 
6.9000577, 0.0234989, , , , , , , 6.9000577, -0.0031891, , , , , , , 6.9000577, -0.0102388, , , , , , , 6.9000577, 0.0078889, , , , , , , , , , , , , , , , , , , , , , , , , , , , 
6.9005769, 0.0246738, , , , , , , 6.9005769, -0.0015106, , , , , , , 6.9005769, -0.0109102, , , , , , , 6.9005769, 0.0045319, , , , , , , , , , , , , , , , , , , , , , , , , , , , 
6.9010962, 0.0352483, , , , , , , 6.9010962, -0.0035248, , , , , , , 6.9010962, -0.012253, , , , , , , 6.9010962, -0.0035248, , , , , , , , , , , , , , , , , , , , , , , , , , , , 
6.9016154, 0.0495155, , , , , , , 6.9016154, -0.0041962, , , , , , , 6.9016154, -0.0082246, , , , , , , 6.9016154, -0.0109102, , , , , , , , , , , , , , , , , , , , , , , , , , , , 
6.9021346, 0.0575723, , , , , , , 6.9021346, -0.0036927, , , , , , , 6.9021346, 0.0008392, , , , , , , 6.9021346, -0.0179599, , , , , , , , , , , , , , , , , , , , , , , , , , , , 
6.9026538, 0.0626078, , , , , , , 6.9026538, -0.0041962, , , , , , , 6.9026538, 0.0052033, , , , , , , 6.9026538, -0.0229953, , , , , , , , , , , , , , , , , , , , , , , , , , , , 
6.9031731, 0.0605936, , , , , , , 6.9031731, -0.0038605, , , , , , , 6.9031731, 0.002182, , , , , , , 6.9031731, -0.0263523, , , , , , , , , , , , , , , , , , , , , , , , , , , , 
6.9036923, 0.0528725, , , , , , , 6.9036923, -0.002182, , , , , , , 6.9036923, -0.0023499, , , , , , , 6.9036923, -0.0290379, , , , , , , , , , , , , , , , , , , , , , , , , , , , 
6.9042115, 0.0431373, , , , , , , 6.9042115, -0.0025177, , , , , , , 6.9042115, -0.005539, , , , , , , 6.9042115, -0.0250095, , , , , , , , , , , , , , , , , , , , , , , , , , , , 
6.9047308, 0.0310521, , , , , , , 6.9047308, -0.0028534, , , , , , , 6.9047308, -0.0085603, , , , , , , 6.9047308, -0.0169528, , , , , , , , , , , , , , , , , , , , , , , , , , , , 
6.90525, 0.0206455, , , , , , , 6.90525, -0.0018463, , , , , , , 6.90525, -0.012253, , , , , , , 6.90525, -0.0102388, , , , , , , , , , , , , , , , , , , , , , , , , , , , 
6.9057692, 0.0186313, , , , , , , 6.9057692, -0.0028534, , , , , , , 6.9057692, -0.0176242, , , , , , , 6.9057692, -0.005539, , , , , , , , , , , , , , , , , , , , , , , , , , , , 
6.9062885, 0.0199741, , , , , , , 6.9062885, -0.0043641, , , , , , , 6.9062885, -0.0226596, , , , , , , 6.9062885, -0.0001678, , , , , , , , , , , , , , , , , , , , , , , , , , , , 
6.9068077, 0.0112459, , , , , , , 6.9068077, -0.0068818, , , , , , , 6.9068077, -0.0287022, , , , , , , 6.9068077, 0.0078889, , , , , , , , , , , , , , , , , , , , , , , , , , , , 
6.9073269, 0.0030213, , , , , , , 6.9073269, -0.0082246, , , , , , , 6.9073269, -0.0340734, , , , , , , 6.9073269, 0.0186313, , , , , , , , , , , , , , , , , , , , , , , , , , , , 
6.9078462, 0.0030213, , , , , , , 6.9078462, -0.0068818, , , , , , , 6.9078462, -0.0344091, , , , , , , 6.9078462, 0.0271916, , , , , , , , , , , , , , , , , , , , , , , , , , , , 
6.9083654, 0.0035248, , , , , , , 6.9083654, -0.0072175, , , , , , , 6.9083654, -0.0318914, , , , , , , 6.9083654, 0.03122, , , , , , , , , , , , , , , , , , , , , , , , , , , , 
6.9088846, -0.002182, , , , , , , 6.9088846, -0.0085603, , , , , , , 6.9088846, -0.030045, , , , , , , 6.9088846, 0.0372625, , , , , , , , , , , , , , , , , , , , , , , , , , , , 
6.9094038, -0.0115816, , , , , , , 6.9094038, -0.0095674, , , , , , , 6.9094038, -0.0276951, , , , , , , 6.9094038, 0.0433051, , , , , , , , , , , , , , , , , , , , , , , , , , , , 
6.9099231, -0.0182956, , , , , , , 6.9099231, -0.0062104, , , , , , , 6.9099231, -0.0238346, , , , , , , 6.9099231, 0.0446479, , , , , , , , , , , , , , , , , , , , , , , , , , , , 
6.9104423, -0.026688, , , , , , , 6.9104423, -0.0038605, , , , , , , 6.9104423, -0.0203098, , , , , , , 6.9104423, 0.0458228, , , , , , , , , , , , , , , , , , , , , , , , , , , , 
6.9109615, -0.0374304, , , , , , , 6.9109615, -0.0025177, , , , , , , 6.9109615, -0.0176242, , , , , , , 6.9109615, 0.0454871, , , , , , , , , , , , , , , , , , , , , , , , , , , , 
6.9114808, -0.0374304, , , , , , , 6.9114808, -0.0001678, , , , , , , 6.9114808, -0.0146029, , , , , , , 6.9114808, 0.0397803, , , , , , , , , , , , , , , , , , , , , , , , , , , , 
6.912, -0.0273594, , , , , , , 6.912, -0.0001678, , , , , , , 6.912, -0.012253, , , , , , , 6.912, 0.0345769, , , , , , , , , , , , , , , , , , , , , , , , , , , , 
6.9125192, -0.0206455, , , , , , , 6.9125192, -0.0015106, , , , , , , 6.9125192, -0.0109102, , , , , , , 6.9125192, 0.0293736, , , , , , , , , , , , , , , , , , , , , , , , , , , , 
6.9130385, -0.01561, , , , , , , 6.9130385, -0.0031891, , , , , , , 6.9130385, -0.0085603, , , , , , , 6.9130385, 0.0246738, , , , , , , , , , , , , , , , , , , , , , , , , , , , 
6.9135577, -0.0068818, , , , , , , 6.9135577, -0.0045319, , , , , , , 6.9135577, -0.0052033, , , , , , , 6.9135577, 0.0213169, , , , , , , , , , , , , , , , , , , , , , , , , , , , 
6.9140769, -0.0005035, , , , , , , 6.9140769, -0.005539, , , , , , , 6.9140769, -0.0001678, , , , , , , 6.9140769, 0.0172885, , , , , , , , , , , , , , , , , , , , , , , , , , , , 
6.9145962, -0.0018463, , , , , , , 6.9145962, -0.0068818, , , , , , , 6.9145962, 0.0078889, , , , , , , 6.9145962, 0.0146029, , , , , , , , , , , , , , , , , , , , , , , , , , , , 
6.9151154, -0.0001678, , , , , , , 6.9151154, -0.0078889, , , , , , , 6.9151154, 0.0132601, , , , , , , 6.9151154, 0.0142672, , , , , , , , , , , , , , , , , , , , , , , , , , , , 
6.9156346, 0.0085603, , , , , , , 6.9156346, -0.0085603, , , , , , , 6.9156346, 0.0132601, , , , , , , 6.9156346, 0.0139315, , , , , , , , , , , , , , , , , , , , , , , , , , , , 
6.9161538, 0.0179599, , , , , , , 6.9161538, -0.0112459, , , , , , , 6.9161538, 0.0137636, , , , , , , 6.9161538, 0.012253, , , , , , , , , , , , , , , , , , , , , , , , , , , , 
6.9166731, 0.0216526, , , , , , , 6.9166731, -0.0115816, , , , , , , 6.9166731, 0.0162814, , , , , , , 6.9166731, 0.0112459, , , , , , , , , , , , , , , , , , , , , , , , , , , , 
6.9171923, 0.0193027, , , , , , , 6.9171923, -0.0095674, , , , , , , 6.9171923, 0.0171206, , , , , , , 6.9171923, 0.0102388, , , , , , , , , , , , , , , , , , , , , , , , , , , , 
6.9177115, 0.0196384, , , , , , , 6.9177115, -0.008896, , , , , , , 6.9177115, 0.0146029, , , , , , , 6.9177115, 0.0115816, , , , , , , , , , , , , , , , , , , , , , , , , , , , 
6.9182308, 0.0193027, , , , , , , 6.9182308, -0.0109102, , , , , , , 6.9182308, 0.0105745, , , , , , , 6.9182308, 0.0129244, , , , , , , , , , , , , , , , , , , , , , , , , , , , 
6.91875, 0.0176242, , , , , , , 6.91875, -0.0125887, , , , , , , 6.91875, 0.0073854, , , , , , , 6.91875, 0.0129244, , , , , , , , , , , , , , , , , , , , , , , , , , , , 
6.9192692, 0.0172885, , , , , , , 6.9192692, -0.0154421, , , , , , , 6.9192692, 0.0060426, , , , , , , 6.9192692, 0.012253, , , , , , , , , , , , , , , , , , , , , , , , , , , , 
6.9197885, 0.024506, , , , , , , 6.9197885, -0.0182956, , , , , , , 6.9197885, 0.003357, , , , , , , 6.9197885, 0.0105745, , , , , , , , , , , , , , , , , , , , , , , , , , , , 
6.9203077, 0.0280308, , , , , , , 6.9203077, -0.0182956, , , , , , , 6.9203077, -0.0025177, , , , , , , 6.9203077, 0.0105745, , , , , , , , , , , , , , , , , , , , , , , , , , , , 
6.9208269, 0.0347448, , , , , , , 6.9208269, -0.0149386, , , , , , , 6.9208269, -0.0083925, , , , , , , 6.9208269, 0.0065461, , , , , , , , , , , , , , , , , , , , , , , , , , , , 
6.9213462, 0.0508583, , , , , , , 6.9213462, -0.0125887, , , , , , , 6.9213462, -0.0129244, , , , , , , 6.9213462, -0.0028534, , , , , , , , , , , , , , , , , , , , , , , , , , , , 
6.9218654, 0.0683146, , , , , , , 6.9218654, -0.0140993, , , , , , , 6.9218654, -0.01561, , , , , , , 6.9218654, -0.0102388, , , , , , , , , , , , , , , , , , , , , , , , , , , , 
6.9223846, 0.0800641, , , , , , , 6.9223846, -0.0154421, , , , , , , 6.9223846, -0.0176242, , , , , , , 6.9223846, -0.0137636, , , , , , , , , , , , , , , , , , , , , , , , , , , , 
6.9229038, 0.0847639, , , , , , , 6.9229038, -0.0135958, , , , , , , 6.9229038, -0.0206455, , , , , , , 6.9229038, -0.017792, , , , , , , , , , , , , , , , , , , , , , , , , , , , 
6.9234231, 0.082414, , , , , , , 6.9234231, -0.0119173, , , , , , , 6.9234231, -0.0223239, , , , , , , 6.9234231, -0.0191348, , , , , , , , , , , , , , , , , , , , , , , , , , , , 
6.9239423, 0.0740215, , , , , , , 6.9239423, -0.0119173, , , , , , , 6.9239423, -0.0216526, , , , , , , 6.9239423, -0.018967, , , , , , , , , , , , , , , , , , , , , , , , , , , , 
6.9244615, 0.0636149, , , , , , , 6.9244615, -0.0112459, , , , , , , 6.9244615, -0.0226596, , , , , , , 6.9244615, -0.0162814, , , , , , , , , , , , , , , , , , , , , , , , , , , , 
6.9249808, 0.0547189, , , , , , , 6.9249808, -0.0072175, , , , , , , 6.9249808, -0.0238346, , , , , , , 6.9249808, -0.0109102, , , , , , , , , , , , , , , , , , , , , , , , , , , , 
6.9255, 0.0475013, , , , , , , 6.9255, -0.0011749, , , , , , , 6.9255, -0.0221561, , , , , , , 6.9255, -0.002182, , , , , , , , , , , , , , , , , , , , , , , , , , , , 
6.9260192, 0.0374304, , , , , , , 6.9260192, 0.0025177, , , , , , , 6.9260192, -0.0186313, , , , , , , 6.9260192, 0.0048676, , , , , , , , , , , , , , , , , , , , , , , , , , , , 
6.9265385, 0.0253452, , , , , , , 6.9265385, 0.0038605, , , , , , , 6.9265385, -0.0162814, , , , , , , 6.9265385, 0.0105745, , , , , , , , , , , , , , , , , , , , , , , , , , , , 
6.9270577, 0.0142672, , , , , , , 6.9270577, 0.0018463, , , , , , , 6.9270577, -0.0149386, , , , , , , 6.9270577, 0.0162814, , , , , , , , , , , , , , , , , , , , , , , , , , , , 
6.9275769, 0.0043641, , , , , , , 6.9275769, -0.002182, , , , , , , 6.9275769, -0.0142672, , , , , , , 6.9275769, 0.0231632, , , , , , , , , , , , , , , , , , , , , , , , , , , , 
6.9280962, -0.0036927, , , , , , , 6.9280962, -0.005539, , , , , , , 6.9280962, -0.0135958, , , , , , , 6.9280962, 0.0320592, , , , , , , , , , , , , , , , , , , , , , , , , , , , 
6.9286154, -0.0072175, , , , , , , 6.9286154, -0.0082246, , , , , , , 6.9286154, -0.0090639, , , , , , , 6.9286154, 0.0417945, , , , , , , , , , , , , , , , , , , , , , , , , , , , 
6.9291346, -0.0112459, , , , , , , 6.9291346, -0.012253, , , , , , , 6.9291346, -0.0062104, , , , , , , 6.9291346, 0.0458228, , , , , , , , , , , , , , , , , , , , , , , , , , , , 
6.9296538, -0.018967, , , , , , , 6.9296538, -0.0135958, , , , , , , 6.9296538, -0.0070497, , , , , , , 6.9296538, 0.0466621, , , , , , , , , , , , , , , , , , , , , , , , , , , , 
6.9301731, -0.0290379, , , , , , , 6.9301731, -0.0139315, , , , , , , 6.9301731, -0.0068818, , , , , , , 6.9301731, 0.0500191, , , , , , , , , , , , , , , , , , , , , , , , , , , , 
6.9306923, -0.0384375, , , , , , , 6.9306923, -0.0127565, , , , , , , 6.9306923, -0.0031891, , , , , , , 6.9306923, 0.0525368, , , , , , , , , , , , , , , , , , , , , , , , , , , , 
6.9312115, -0.0365911, , , , , , , 6.9312115, -0.0124208, , , , , , , 6.9312115, 0.0005035, , , , , , , 6.9312115, 0.0491798, , , , , , , , , , , , , , , , , , , , , , , , , , , , 
6.9317308, -0.026688, , , , , , , 6.9317308, -0.0147707, , , , , , , 6.9317308, 0.0011749, , , , , , , 6.9317308, 0.0394446, , , , , , , , , , , , , , , , , , , , , , , , , , , , 
6.93225, -0.0193027, , , , , , , 6.93225, -0.0162814, , , , , , , 6.93225, -0.0008392, , , , , , , 6.93225, 0.0303807, , , , , , , , , , , , , , , , , , , , , , , , , , , , 
6.9327692, -0.0105745, , , , , , , 6.9327692, -0.0149386, , , , , , , 6.9327692, -0.002182, , , , , , , 6.9327692, 0.0240024, , , , , , , , , , , , , , , , , , , , , , , , , , , , 
6.9332885, 0.0025177, , , , , , , 6.9332885, -0.0135958, , , , , , , 6.9332885, -0.0015106, , , , , , , 6.9332885, 0.0172885, , , , , , , , , , , , , , , , , , , , , , , , , , , , 
6.9338077, 0.008896, , , , , , , 6.9338077, -0.0119173, , , , , , , 6.9338077, -0.0008392, , , , , , , 6.9338077, 0.0152743, , , , , , , , , , , , , , , , , , , , , , , , , , , , 
6.9343269, 0.0112459, , , , , , , 6.9343269, -0.0119173, , , , , , , 6.9343269, -0.0038605, , , , , , , 6.9343269, 0.014435, , , , , , , , , , , , , , , , , , , , , , , , , , , , 
6.9348462, 0.0134279, , , , , , , 6.9348462, -0.0109102, , , , , , , 6.9348462, -0.0063783, , , , , , , 6.9348462, 0.0105745, , , , , , , , , , , , , , , , , , , , , , , , , , , , 
6.9353654, 0.0112459, , , , , , , 6.9353654, -0.0072175, , , , , , , 6.9353654, -0.005539, , , , , , , 6.9353654, 0.0075532, , , , , , , , , , , , , , , , , , , , , , , , , , , , 
6.9358846, 0.0092317, , , , , , , 6.9358846, 0.0018463, , , , , , , 6.9358846, -0.0068818, , , , , , , 6.9358846, 0.0078889, , , , , , , , , , , , , , , , , , , , , , , , , , , , 
6.9364038, 0.0105745, , , , , , , 6.9364038, 0.0045319, , , , , , , 6.9364038, -0.0139315, , , , , , , 6.9364038, 0.0072175, , , , , , , , , , , , , , , , , , , , , , , , , , , , 
6.9369231, 0.0115816, , , , , , , 6.9369231, -0.0015106, , , , , , , 6.9369231, -0.018967, , , , , , , 6.9369231, 0.0063783, , , , , , , , , , , , , , , , , , , , , , , , , , , , 
6.9374423, 0.0102388, , , , , , , 6.9374423, -0.0065461, , , , , , , 6.9374423, -0.0203098, , , , , , , 6.9374423, 0.0052033, , , , , , , , , , , , , , , , , , , , , , , , , , , , 
6.9379615, 0.0109102, , , , , , , 6.9379615, -0.005539, , , , , , , 6.9379615, -0.0199741, , , , , , , 6.9379615, 0.0041962, , , , , , , , , , , , , , , , , , , , , , , , , , , , 
6.9384808, 0.0105745, , , , , , , 6.9384808, -0.0028534, , , , , , , 6.9384808, -0.0172885, , , , , , , 6.9384808, 0.0011749, , , , , , , , , , , , , , , , , , , , , , , , , , , , 
6.939, 0.0085603, , , , , , , 6.939, -0.0028534, , , , , , , 6.939, -0.0130922, , , , , , , 6.939, -0.0005035, , , , , , , , , , , , , , , , , , , , , , , , , , , , 
6.9395192, 0.0102388, , , , , , , 6.9395192, -0.0035248, , , , , , , 6.9395192, -0.0083925, , , , , , , 6.9395192, 0.0035248, , , , , , , , , , , , , , , , , , , , , , , , , , , , 
6.9400385, 0.0149386, , , , , , , 6.9400385, -0.0041962, , , , , , , 6.9400385, -0.0028534, , , , , , , 6.9400385, 0.0072175, , , , , , , , , , , , , , , , , , , , , , , , , , , , 
6.9405577, 0.023331, , , , , , , 6.9405577, -0.0041962, , , , , , , 6.9405577, 0.0005035, , , , , , , 6.9405577, 0.0025177, , , , , , , , , , , , , , , , , , , , , , , , , , , , 
6.9410769, 0.0340734, , , , , , , 6.9410769, -0.005539, , , , , , , 6.9410769, 0.0025177, , , , , , , 6.9410769, -0.0070497, , , , , , , , , , , , , , , , , , , , , , , , , , , , 
6.9415962, 0.0441444, , , , , , , 6.9415962, -0.0077211, , , , , , , 6.9415962, 0.0030213, , , , , , , 6.9415962, -0.01561, , , , , , , , , , , , , , , , , , , , , , , , , , , , 
6.9421154, 0.0522011, , , , , , , 6.9421154, -0.0078889, , , , , , , 6.9421154, 0.0023499, , , , , , , 6.9421154, -0.0223239, , , , , , , , , , , , , , , , , , , , , , , , , , , , 
6.9426346, 0.0616007, , , , , , , 6.9426346, -0.0050355, , , , , , , 6.9426346, 0.0011749, , , , , , , 6.9426346, -0.0280308, , , , , , , , , , , , , , , , , , , , , , , , , , , , 
6.9431538, 0.0691539, , , , , , , 6.9431538, -0.0045319, , , , , , , 6.9431538, 0.0011749, , , , , , , 6.9431538, -0.0317235, , , , , , , , , , , , , , , , , , , , , , , , , , , , 
6.9436731, 0.0713359, , , , , , , 6.9436731, -0.0070497, , , , , , , 6.9436731, 0.0001678, , , , , , , 6.9436731, -0.03122, , , , , , , , , , , , , , , , , , , , , , , , , , , , 
6.9441923, 0.0691539, , , , , , , 6.9441923, -0.0062104, , , , , , , 6.9441923, -0.0015106, , , , , , , 6.9441923, -0.0260166, , , , , , , , , , , , , , , , , , , , , , , , , , , , 
6.9447115, 0.0649577, , , , , , , 6.9447115, -0.003357, , , , , , , 6.9447115, -0.0011749, , , , , , , 6.9447115, -0.0176242, , , , , , , , , , , , , , , , , , , , , , , , , , , , 
6.9452308, 0.0562295, , , , , , , 6.9452308, -0.0028534, , , , , , , 6.9452308, 0.0011749, , , , , , , 6.9452308, -0.0095674, , , , , , , , , , , , , , , , , , , , , , , , , , , , 
6.94575, 0.0433051, , , , , , , 6.94575, -0.0045319, , , , , , , 6.94575, 0.0011749, , , , , , , 6.94575, -0.0031891, , , , , , , , , , , , , , , , , , , , , , , , , , , , 
6.9462692, 0.0273594, , , , , , , 6.9462692, -0.0060426, , , , , , , 6.9462692, -0.0008392, , , , , , , 6.9462692, 0.0025177, , , , , , , , , , , , , , , , , , , , , , , , , , , , 
6.9467885, 0.0129244, , , , , , , 6.9467885, -0.0072175, , , , , , , 6.9467885, -0.0018463, , , , , , , 6.9467885, 0.0099031, , , , , , , , , , , , , , , , , , , , , , , , , , , , 
6.9473077, -0.0068818, , , , , , , 6.9473077, -0.0068818, , , , , , , 6.9473077, -0.0035248, , , , , , , 6.9473077, 0.0199741, , , , , , , , , , , , , , , , , , , , , , , , , , , , 
6.9478269, -0.023331, , , , , , , 6.9478269, -0.008896, , , , , , , 6.9478269, -0.0041962, , , , , , , 6.9478269, 0.03122, , , , , , , , , , , , , , , , , , , , , , , , , , , , 
6.9483462, -0.0347448, , , , , , , 6.9483462, -0.0119173, , , , , , , 6.9483462, -0.0031891, , , , , , , 6.9483462, 0.040116, , , , , , , , , , , , , , , , , , , , , , , , , , , , 
6.9488654, -0.0438087, , , , , , , 6.9488654, -0.0119173, , , , , , , 6.9488654, -0.0023499, , , , , , , 6.9488654, 0.0458228, , , , , , , , , , , , , , , , , , , , , , , , , , , , 
6.9493846, -0.0528725, , , , , , , 6.9493846, -0.0102388, , , , , , , 6.9493846, -0.0015106, , , , , , , 6.9493846, 0.0500191, , , , , , , , , , , , , , , , , , , , , , , , , , , , 
6.9499038, -0.0560616, , , , , , , 6.9499038, -0.0095674, , , , , , , 6.9499038, -0.0025177, , , , , , , 6.9499038, 0.0540475, , , , , , , , , , , , , , , , , , , , , , , , , , , , 
6.9504231, -0.0543832, , , , , , , 6.9504231, -0.008896, , , , , , , 6.9504231, -0.0045319, , , , , , , 6.9504231, 0.0562295, , , , , , , , , , , , , , , , , , , , , , , , , , , , 
6.9509423, -0.0525368, , , , , , , 6.9509423, -0.0085603, , , , , , , 6.9509423, -0.0058747, , , , , , , 6.9509423, 0.0528725, , , , , , , , , , , , , , , , , , , , , , , , , , , , 
6.9514615, -0.0480049, , , , , , , 6.9514615, -0.0102388, , , , , , , 6.9514615, -0.0053712, , , , , , , 6.9514615, 0.0459907, , , , , , , , , , , , , , , , , , , , , , , , , , , , 
6.9519808, -0.0386053, , , , , , , 6.9519808, -0.0109102, , , , , , , 6.9519808, -0.0065461, , , , , , , 6.9519808, 0.0394446, , , , , , , , , , , , , , , , , , , , , , , , , , , , 
6.9525, -0.0263523, , , , , , , 6.9525, -0.0062104, , , , , , , 6.9525, -0.0092317, , , , , , , 6.9525, 0.033402, , , , , , , , , , , , , , , , , , , , , , , , , , , , 
6.9530192, -0.0115816, , , , , , , 6.9530192, 0.0095674, , , , , , , 6.9530192, -0.0129244, , , , , , , 6.9530192, 0.026688, , , , , , , , , , , , , , , , , , , , , , , , , , , , 
6.9535385, 0.0018463, , , , , , , 6.9535385, 0.0417945, , , , , , , 6.9535385, -0.0157778, , , , , , , 6.9535385, 0.0226596, , , , , , , , , , , , , , , , , , , , , , , , , , , , 
6.9540577, 0.0095674, , , , , , , 6.9540577, 0.0770428, , , , , , , 6.9540577, -0.0176242, , , , , , , 6.9540577, 0.0172885, , , , , , , , , , , , , , , , , , , , , , , , , , , , 
6.9545769, 0.0166171, , , , , , , 6.9545769, 0.0998703, , , , , , , 6.9545769, -0.0172885, , , , , , , 6.9545769, 0.0135958, , , , , , , , , , , , , , , , , , , , , , , , , , , , 
6.9550962, 0.0199741, , , , , , , 6.9550962, 0.0976883, , , , , , , 6.9550962, -0.0149386, , , , , , , 6.9550962, 0.0132601, , , , , , , , , , , , , , , , , , , , , , , , , , , , 
6.9556154, 0.0206455, , , , , , , 6.9556154, 0.0669718, , , , , , , 6.9556154, -0.0119173, , , , , , , 6.9556154, 0.0125887, , , , , , , , , , , , , , , , , , , , , , , , , , , , 
6.9561346, 0.0213169, , , , , , , 6.9561346, 0.0184634, , , , , , , 6.9561346, -0.0104067, , , , , , , 6.9561346, 0.0109102, , , , , , , , , , , , , , , , , , , , , , , , , , , , 
6.9566538, 0.0226596, , , , , , , 6.9566538, -0.033402, , , , , , , 6.9566538, -0.0102388, , , , , , , 6.9566538, 0.0082246, , , , , , , , , , , , , , , , , , , , , , , , , , , , 
6.9571731, 0.026688, , , , , , , 6.9571731, -0.0814069, , , , , , , 6.9571731, -0.0124208, , , , , , , 6.9571731, 0.0062104, , , , , , , , , , , , , , , , , , , , , , , , , , , , 
6.9576923, 0.026688, , , , , , , 6.9576923, -0.1183337, , , , , , , 6.9576923, -0.0132601, , , , , , , 6.9576923, 0.0045319, , , , , , , , , , , , , , , , , , , , , , , , , , , , 
6.9582115, 0.0218204, , , , , , , 6.9582115, -0.1237049, , , , , , , 6.9582115, -0.0135958, , , , , , , 6.9582115, 0.0041962, , , , , , , , , , , , , , , , , , , , , , , , , , , , 
6.9587308, 0.0179599, , , , , , , 6.9587308, -0.1028916, , , , , , , 6.9587308, -0.0142672, , , , , , , 6.9587308, 0.0025177, , , , , , , , , , , , , , , , , , , , , , , , , , , , 
6.95925, 0.0186313, , , , , , , 6.95925, -0.0798962, , , , , , , 6.95925, -0.0149386, , , , , , , 6.95925, 0.0008392, , , , , , , , , , , , , , , , , , , , , , , , , , , , 
6.9597692, 0.0240024, , , , , , , 6.9597692, -0.0605936, , , , , , , 6.9597692, -0.0129244, , , , , , , 6.9597692, -0.0015106, , , , , , , , , , , , , , , , , , , , , , , , , , , , 
6.9602885, 0.0347448, , , , , , , 6.9602885, -0.0486763, , , , , , , 6.9602885, -0.0115816, , , , , , , 6.9602885, -0.0016785, , , , , , , , , , , , , , , , , , , , , , , , , , , , 
6.9608077, 0.0411231, , , , , , , 6.9608077, -0.0475013, , , , , , , 6.9608077, -0.012253, , , , , , , 6.9608077, -0.0041962, , , , , , , , , , , , , , , , , , , , , , , , , , , , 
6.9613269, 0.0501869, , , , , , , 6.9613269, -0.0532082, , , , , , , 6.9613269, -0.0104067, , , , , , , 6.9613269, -0.0132601, , , , , , , , , , , , , , , , , , , , , , , , , , , , 
6.9618462, 0.0609293, , , , , , , 6.9618462, -0.0605936, , , , , , , 6.9618462, -0.008896, , , , , , , 6.9618462, -0.0203098, , , , , , , , , , , , , , , , , , , , , , , , , , , , 
6.9623654, 0.0666361, , , , , , , 6.9623654, -0.054551, , , , , , , 6.9623654, -0.0102388, , , , , , , 6.9623654, -0.0223239, , , , , , , , , , , , , , , , , , , , , , , , , , , , 
6.9628846, 0.068986, , , , , , , 6.9628846, -0.0322271, , , , , , , 6.9628846, -0.011078, , , , , , , 6.9628846, -0.024506, , , , , , , , , , , , , , , , , , , , , , , , , , , , 
6.9634038, 0.0703288, , , , , , , 6.9634038, -0.0102388, , , , , , , 6.9634038, -0.0115816, , , , , , , 6.9634038, -0.0243381, , , , , , , , , , , , , , , , , , , , , , , , , , , , 
6.9639231, 0.068986, , , , , , , 6.9639231, -0.0011749, , , , , , , 6.9639231, -0.012253, , , , , , , 6.9639231, -0.0213169, , , , , , , , , , , , , , , , , , , , , , , , , , , , 
6.9644423, 0.0651255, , , , , , , 6.9644423, -0.0011749, , , , , , , 6.9644423, -0.0119173, , , , , , , 6.9644423, -0.0152743, , , , , , , , , , , , , , , , , , , , , , , , , , , , 
6.9649615, 0.0553902, , , , , , , 6.9649615, -0.0028534, , , , , , , 6.9649615, -0.0095674, , , , , , , 6.9649615, -0.0043641, , , , , , , , , , , , , , , , , , , , , , , , , , , , 
6.9654808, 0.0431373, , , , , , , 6.9654808, -0.0028534, , , , , , , 6.9654808, -0.0058747, , , , , , , 6.9654808, 0.0063783, , , , , , , , , , , , , , , , , , , , , , , , , , , , 
6.966, 0.0337377, , , , , , , 6.966, 0.002182, , , , , , , 6.966, -0.0041962, , , , , , , 6.966, 0.0142672, , , , , , , , , , , , , , , , , , , , , , , , , , , , 
6.9665192, 0.0246738, , , , , , , 6.9665192, 0.0065461, , , , , , , 6.9665192, -0.0050355, , , , , , , 6.9665192, 0.0196384, , , , , , , , , , , , , , , , , , , , , , , , , , , , 
6.9670385, 0.0129244, , , , , , , 6.9670385, 0.0085603, , , , , , , 6.9670385, -0.0065461, , , , , , , 6.9670385, 0.0263523, , , , , , , , , , , , , , , , , , , , , , , , , , , , 
6.9675577, -0.0048676, , , , , , , 6.9675577, 0.0092317, , , , , , , 6.9675577, -0.0058747, , , , , , , 6.9675577, 0.0332341, , , , , , , , , , , , , , , , , , , , , , , , , , , , 
6.9680769, -0.0209812, , , , , , , 6.9680769, 0.0078889, , , , , , , 6.9680769, -0.0028534, , , , , , , 6.9680769, 0.0404517, , , , , , , , , , , , , , , , , , , , , , , , , , , , 
6.9685962, -0.0330663, , , , , , , 6.9685962, 0.0058747, , , , , , , 6.9685962, -0.0011749, , , , , , , 6.9685962, 0.0481727, , , , , , , , , , , , , , , , , , , , , , , , , , , , 
6.9691154, -0.0414588, , , , , , , 6.9691154, 0.0031891, , , , , , , 6.9691154, -0.0011749, , , , , , , 6.9691154, 0.0518654, , , , , , , , , , , , , , , , , , , , , , , , , , , , 
6.9696346, -0.0466621, , , , , , , 6.9696346, 0.0015106, , , , , , , 6.9696346, -0.0011749, , , , , , , 6.9696346, 0.0548867, , , , , , , , , , , , , , , , , , , , , , , , , , , , 
6.9701538, -0.0540475, , , , , , , 6.9701538, 0.0025177, , , , , , , 6.9701538, -0.0052033, , , , , , , 6.9701538, 0.0592508, , , , , , , , , , , , , , , , , , , , , , , , , , , , 
6.9706731, -0.0538796, , , , , , , 6.9706731, 0.0048676, , , , , , , 6.9706731, -0.0085603, , , , , , , 6.9706731, 0.0575723, , , , , , , , , , , , , , , , , , , , , , , , , , , , 
6.9711923, -0.043473, , , , , , , 6.9711923, 0.0057069, , , , , , , 6.9711923, -0.0080568, , , , , , , 6.9711923, 0.0488441, , , , , , , , , , , , , , , , , , , , , , , , , , , , 
6.9717115, -0.0263523, , , , , , , 6.9717115, 0.0038605, , , , , , , 6.9717115, -0.0078889, , , , , , , 6.9717115, 0.0396124, , , , , , , , , , , , , , , , , , , , , , , , , , , , 
6.9722308, -0.012253, , , , , , , 6.9722308, 0.0025177, , , , , , , 6.9722308, -0.0068818, , , , , , , 6.9722308, 0.0320592, , , , , , , , , , , , , , , , , , , , , , , , , , , , 
6.97275, -0.0095674, , , , , , , 6.97275, 0.0018463, , , , , , , 6.97275, -0.0062104, , , , , , , 6.97275, 0.0263523, , , , , , , , , , , , , , , , , , , , , , , , , , , , 
6.9732692, -0.008896, , , , , , , 6.9732692, 0.0010071, , , , , , , 6.9732692, -0.0041962, , , , , , , 6.9732692, 0.0216526, , , , , , , , , , , , , , , , , , , , , , , , , , , , 
6.9737885, -0.0062104, , , , , , , 6.9737885, 0.0008392, , , , , , , 6.9737885, -0.0005035, , , , , , , 6.9737885, 0.0149386, , , , , , , , , , , , , , , , , , , , , , , , , , , , 
6.9743077, -0.0097353, , , , , , , 6.9743077, 0.0011749, , , , , , , 6.9743077, -0.0001678, , , , , , , 6.9743077, 0.0099031, , , , , , , , , , , , , , , , , , , , , , , , , , , , 
6.9748269, -0.0082246, , , , , , , 6.9748269, 0.0011749, , , , , , , 6.9748269, -0.0011749, , , , , , , 6.9748269, 0.0083925, , , , , , , , , , , , , , , , , , , , , , , , , , , , 
6.9753462, 0.0011749, , , , , , , 6.9753462, 0.0011749, , , , , , , 6.9753462, -0.0015106, , , , , , , 6.9753462, 0.0092317, , , , , , , , , , , , , , , , , , , , , , , , , , , , 
6.9758654, 0.0095674, , , , , , , 6.9758654, 0.0011749, , , , , , , 6.9758654, -0.0005035, , , , , , , 6.9758654, 0.0082246, , , , , , , , , , , , , , , , , , , , , , , , , , , , 
6.9763846, 0.0146029, , , , , , , 6.9763846, 0.0005035, , , , , , , 6.9763846, -0.0001678, , , , , , , 6.9763846, 0.0058747, , , , , , , , , , , , , , , , , , , , , , , , , , , , 
6.9769038, 0.0198062, , , , , , , 6.9769038, -0.0001678, , , , , , , 6.9769038, 0.0015106, , , , , , , 6.9769038, 0.0023499, , , , , , , , , , , , , , , , , , , , , , , , , , , , 
6.9774231, 0.0263523, , , , , , , 6.9774231, -0.0008392, , , , , , , 6.9774231, 0.0030213, , , , , , , 6.9774231, 0.0011749, , , , , , , , , , , , , , , , , , , , , , , , , , , , 
6.9779423, 0.0283665, , , , , , , 6.9779423, -0.0023499, , , , , , , 6.9779423, 0, , , , , , , 6.9779423, 0.0018463, , , , , , , , , , , , , , , , , , , , , , , , , , , , 
6.9784615, 0.027863, , , , , , , 6.9784615, -0.0041962, , , , , , , 6.9784615, -0.005539, , , , , , , 6.9784615, 0.0030213, , , , , , , , , , , , , , , , , , , , , , , , , , , , 
6.9789808, 0.0293736, , , , , , , 6.9789808, -0.003357, , , , , , , 6.9789808, -0.008896, , , , , , , 6.9789808, 0.0028534, , , , , , , , , , , , , , , , , , , , , , , , , , , , 
6.9795, 0.0317235, , , , , , , 6.9795, -0.0015106, , , , , , , 6.9795, -0.0082246, , , , , , , 6.9795, 0.0038605, , , , , , , , , , , , , , , , , , , , , , , , , , , , 
6.9800192, 0.0391089, , , , , , , 6.9800192, -0.0003357, , , , , , , 6.9800192, -0.0085603, , , , , , , 6.9800192, 0.0052033, , , , , , , , , , , , , , , , , , , , , , , , , , , , 
6.9805385, 0.0480049, , , , , , , 6.9805385, 0.0001678, , , , , , , 6.9805385, -0.0095674, , , , , , , 6.9805385, 0.0038605, , , , , , , , , , , , , , , , , , , , , , , , , , , , 
6.9810577, 0.0540475, , , , , , , 6.9810577, -0.0008392, , , , , , , 6.9810577, -0.0115816, , , , , , , 6.9810577, -0.005539, , , , , , , , , , , , , , , , , , , , , , , , , , , , 
6.9815769, 0.06009, , , , , , , 6.9815769, -0.0010071, , , , , , , 6.9815769, -0.0134279, , , , , , , 6.9815769, -0.0162814, , , , , , , , , , , , , , , , , , , , , , , , , , , , 
6.9820962, 0.0639506, , , , , , , 6.9820962, -0.0011749, , , , , , , 6.9820962, -0.0149386, , , , , , , 6.9820962, -0.0204776, , , , , , , , , , , , , , , , , , , , , , , , , , , , 
6.9826154, 0.0669718, , , , , , , 6.9826154, -0.0025177, , , , , , , 6.9826154, -0.0169528, , , , , , , 6.9826154, -0.0196384, , , , , , , , , , , , , , , , , , , , , , , , , , , , 
6.9831346, 0.0666361, , , , , , , 6.9831346, -0.0028534, , , , , , , 6.9831346, -0.017792, , , , , , , 6.9831346, -0.0206455, , , , , , , , , , , , , , , , , , , , , , , , , , , , 
6.9836538, 0.0642863, , , , , , , 6.9836538, -0.0031891, , , , , , , 6.9836538, -0.0176242, , , , , , , 6.9836538, -0.0216526, , , , , , , , , , , , , , , , , , , , , , , , , , , , 
6.9841731, 0.0609293, , , , , , , 6.9841731, -0.0030213, , , , , , , 6.9841731, -0.0196384, , , , , , , 6.9841731, -0.0176242, , , , , , , , , , , , , , , , , , , , , , , , , , , , 
6.9846923, 0.0518654, , , , , , , 6.9846923, -0.0041962, , , , , , , 6.9846923, -0.0204776, , , , , , , 6.9846923, -0.0099031, , , , , , , , , , , , , , , , , , , , , , , , , , , , 
6.9852115, 0.0320592, , , , , , , 6.9852115, -0.0062104, , , , , , , 6.9852115, -0.0193027, , , , , , , 6.9852115, -0.0015106, , , , , , , , , , , , , , , , , , , , , , , , , , , , 
6.9857308, 0.0109102, , , , , , , 6.9857308, -0.0082246, , , , , , , 6.9857308, -0.0172885, , , , , , , 6.9857308, 0.0052033, , , , , , , , , , , , , , , , , , , , , , , , , , , , 
6.98625, 0.0011749, , , , , , , 6.98625, -0.0075532, , , , , , , 6.98625, -0.0169528, , , , , , , 6.98625, 0.0112459, , , , , , , , , , , , , , , , , , , , , , , , , , , , 
6.9867692, 0.0018463, , , , , , , 6.9867692, -0.005539, , , , , , , 6.9867692, -0.0152743, , , , , , , 6.9867692, 0.0199741, , , , , , , , , , , , , , , , , , , , , , , , , , , , 
6.9872885, 0.0038605, , , , , , , 6.9872885, -0.0041962, , , , , , , 6.9872885, -0.0132601, , , , , , , 6.9872885, 0.0307164, , , , , , , , , , , , , , , , , , , , , , , , , , , , 
6.9878077, -0.0001678, , , , , , , 6.9878077, -0.0038605, , , , , , , 6.9878077, -0.012253, , , , , , , 6.9878077, 0.0397803, , , , , , , , , , , , , , , , , , , , , , , , , , , , 
6.9883269, -0.002182, , , , , , , 6.9883269, -0.003357, , , , , , , 6.9883269, -0.0112459, , , , , , , 6.9883269, 0.0466621, , , , , , , , , , , , , , , , , , , , , , , , , , , , 
6.9888462, -0.0035248, , , , , , , 6.9888462, 0.0001678, , , , , , , 6.9888462, -0.0102388, , , , , , , 6.9888462, 0.0515297, , , , , , , , , , , , , , , , , , , , , , , , , , , , 
6.9893654, -0.0119173, , , , , , , 6.9893654, 0.0070497, , , , , , , 6.9893654, -0.0095674, , , , , , , 6.9893654, 0.0562295, , , , , , , , , , , , , , , , , , , , , , , , , , , , 
6.9898846, -0.0250095, , , , , , , 6.9898846, 0.0125887, , , , , , , 6.9898846, -0.0085603, , , , , , , 6.9898846, 0.0609293, , , , , , , , , , , , , , , , , , , , , , , , , , , , 
6.9904038, -0.0394446, , , , , , , 6.9904038, 0.0139315, , , , , , , 6.9904038, -0.0082246, , , , , , , 6.9904038, 0.061265, , , , , , , , , , , , , , , , , , , , , , , , , , , , 
6.9909231, -0.0448157, , , , , , , 6.9909231, 0.012253, , , , , , , 6.9909231, -0.0109102, , , , , , , 6.9909231, 0.0569009, , , , , , , , , , , , , , , , , , , , , , , , , , , , 
6.9914423, -0.0399481, , , , , , , 6.9914423, 0.0102388, , , , , , , 6.9914423, -0.0127565, , , , , , , 6.9914423, 0.0475013, , , , , , , , , , , , , , , , , , , , , , , , , , , , 
6.9919615, -0.0307164, , , , , , , 6.9919615, 0.0115816, , , , , , , 6.9919615, -0.0109102, , , , , , , 6.9919615, 0.036759, , , , , , , , , , , , , , , , , , , , , , , , , , , , 
6.9924808, -0.0209812, , , , , , , 6.9924808, 0.0085603, , , , , , , 6.9924808, -0.0097353, , , , , , , 6.9924808, 0.0287022, , , , , , , , , , , , , , , , , , , , , , , , , , , , 
6.993, -0.0109102, , , , , , , 6.993, -0.0028534, , , , , , , 6.993, -0.0092317, , , , , , , 6.993, 0.0229953, , , , , , , , , , , , , , , , , , , , , , , , , , , , 
6.9935192, -0.0028534, , , , , , , 6.9935192, -0.0140993, , , , , , , 6.9935192, -0.0075532, , , , , , , 6.9935192, 0.0179599, , , , , , , , , , , , , , , , , , , , , , , , , , , , 
6.9940385, 0.0025177, , , , , , , 6.9940385, -0.023331, , , , , , , 6.9940385, -0.005539, , , , , , , 6.9940385, 0.0119173, , , , , , , , , , , , , , , , , , , , , , , , , , , , 
6.9945577, 0.0078889, , , , , , , 6.9945577, -0.0297093, , , , , , , 6.9945577, -0.0028534, , , , , , , 6.9945577, 0.0075532, , , , , , , , , , , , , , , , , , , , , , , , , , , , 
6.9950769, 0.011078, , , , , , , 6.9950769, -0.0332341, , , , , , , 6.9950769, 0.0008392, , , , , , , 6.9950769, 0.005539, , , , , , , , , , , , , , , , , , , , , , , , , , , , 
6.9955962, 0.0132601, , , , , , , 6.9955962, -0.0350805, , , , , , , 6.9955962, 0.0015106, , , , , , , 6.9955962, 0.0050355, , , , , , , , , , , , , , , , , , , , , , , , , , , , 
6.9961154, 0.0176242, , , , , , , 6.9961154, -0.033402, , , , , , , 6.9961154, -0.0008392, , , , , , , 6.9961154, 0.0052033, , , , , , , , , , , , , , , , , , , , , , , , , , , , 
6.9966346, 0.0209812, , , , , , , 6.9966346, -0.027863, , , , , , , 6.9966346, -0.0035248, , , , , , , 6.9966346, 0.0045319, , , , , , , , , , , , , , , , , , , , , , , , , , , , 
6.9971538, 0.0206455, , , , , , , 6.9971538, -0.0250095, , , , , , , 6.9971538, -0.0046998, , , , , , , 6.9971538, 0.0030213, , , , , , , , , , , , , , , , , , , , , , , , , , , , 
6.9976731, 0.0206455, , , , , , , 6.9976731, -0.0263523, , , , , , , 6.9976731, -0.0058747, , , , , , , 6.9976731, -0.0001678, , , , , , , , , , , , , , , , , , , , , , , , , , , , 
6.9981923, 0.0246738, , , , , , , 6.9981923, -0.0288701, , , , , , , 6.9981923, -0.0062104, , , , , , , 6.9981923, -0.0041962, , , , , , , , , , , , , , , , , , , , , , , , , , , , 
6.9987115, 0.0270237, , , , , , , 6.9987115, -0.0297093, , , , , , , 6.9987115, -0.0068818, , , , , , , 6.9987115, -0.0068818, , , , , , , , , , , , , , , , , , , , , , , , , , , , 
6.9992308, 0.0253452, , , , , , , 6.9992308, -0.0270237, , , , , , , 6.9992308, -0.0065461, , , , , , , 6.9992308, -0.005539, , , , , , , , , , , , , , , , , , , , , , , , , , , , 
6.99975, 0.0240024, , , , , , , 6.99975, -0.0248417, , , , , , , 6.99975, -0.0062104, , , , , , , 6.99975, -0.0030213, , , , , , , , , , , , , , , , , , , , , , , , , , , , 
7.0002692, 0.0231632, , , , , , , 7.0002692, -0.0243381, , , , , , , 7.0002692, -0.0068818, , , , , , , 7.0002692, -0.0015106, , , , , , , , , , , , , , , , , , , , , , , , , , , , 
7.0007885, 0.026688, , , , , , , 7.0007885, -0.0231632, , , , , , , 7.0007885, -0.0063783, , , , , , , 7.0007885, -0.0062104, , , , , , , , , , , , , , , , , , , , , , , , , , , , 
7.0013077, 0.0347448, , , , , , , 7.0013077, -0.0203098, , , , , , , 7.0013077, -0.0065461, , , , , , , 7.0013077, -0.0162814, , , , , , , , , , , , , , , , , , , , , , , , , , , , 
7.0018269, 0.0448157, , , , , , , 7.0018269, -0.0162814, , , , , , , 7.0018269, -0.0075532, , , , , , , 7.0018269, -0.0238346, , , , , , , , , , , , , , , , , , , , , , , , , , , , 
7.0023462, 0.0542153, , , , , , , 7.0023462, -0.0146029, , , , , , , 7.0023462, -0.008896, , , , , , , 7.0023462, -0.0276951, , , , , , , , , , , , , , , , , , , , , , , , , , , , 
7.0028654, 0.0569009, , , , , , , 7.0028654, -0.0142672, , , , , , , 7.0028654, -0.0102388, , , , , , , 7.0028654, -0.0270237, , , , , , , , , , , , , , , , , , , , , , , , , , , , 
7.0033846, 0.0582437, , , , , , , 7.0033846, -0.0130922, , , , , , , 7.0033846, -0.0117494, , , , , , , 7.0033846, -0.0265202, , , , , , , , , , , , , , , , , , , , , , , , , , , , 
7.0039038, 0.0602579, , , , , , , 7.0039038, -0.0125887, , , , , , , 7.0039038, -0.0129244, , , , , , , 7.0039038, -0.0263523, , , , , , , , , , , , , , , , , , , , , , , , , , , , 
7.0044231, 0.0574044, , , , , , , 7.0044231, -0.0132601, , , , , , , 7.0044231, -0.012253, , , , , , , 7.0044231, -0.0229953, , , , , , , , , , , , , , , , , , , , , , , , , , , , 
7.0049423, 0.0475013, , , , , , , 7.0049423, -0.0105745, , , , , , , 7.0049423, -0.012253, , , , , , , 7.0049423, -0.0171206, , , , , , , , , , , , , , , , , , , , , , , , , , , , 
7.0054615, 0.0360876, , , , , , , 7.0054615, -0.0048676, , , , , , , 7.0054615, -0.0129244, , , , , , , 7.0054615, -0.0095674, , , , , , , , , , , , , , , , , , , , , , , , , , , , 
7.0059808, 0.0273594, , , , , , , 7.0059808, -0.0015106, , , , , , , 7.0059808, -0.0129244, , , , , , , 7.0059808, -0.0008392, , , , , , , , , , , , , , , , , , , , , , , , , , , , 
7.0065, 0.0196384, , , , , , , 7.0065, -0.0035248, , , , , , , 7.0065, -0.0115816, , , , , , , 7.0065, 0.0085603, , , , , , , , , , , , , , , , , , , , , , , , , , , , 
7.0070192, 0.0092317, , , , , , , 7.0070192, -0.0052033, , , , , , , 7.0070192, -0.0109102, , , , , , , 7.0070192, 0.0186313, , , , , , , , , , , , , , , , , , , , , , , , , , , , 
7.0075385, -0.0062104, , , , , , , 7.0075385, -0.0025177, , , , , , , 7.0075385, -0.0097353, , , , , , , 7.0075385, 0.0260166, , , , , , , , , , , , , , , , , , , , , , , , , , , , 
7.0080577, -0.0218204, , , , , , , 7.0080577, -0.0001678, , , , , , , 7.0080577, -0.0087282, , , , , , , 7.0080577, 0.0313878, , , , , , , , , , , , , , , , , , , , , , , , , , , , 
7.0085769, -0.0350805, , , , , , , 7.0085769, 0.0001678, , , , , , , 7.0085769, -0.0095674, , , , , , , 7.0085769, 0.0391089, , , , , , , , , , , , , , , , , , , , , , , , , , , , 
7.0090962, -0.0449836, , , , , , , 7.0090962, -0.0011749, , , , , , , 7.0090962, -0.0082246, , , , , , , 7.0090962, 0.047837, , , , , , , , , , , , , , , , , , , , , , , , , , , , 
7.0096154, -0.0515297, , , , , , , 7.0096154, -0.0018463, , , , , , , 7.0096154, -0.0068818, , , , , , , 7.0096154, 0.054551, , , , , , , , , , , , , , , , , , , , , , , , , , , , 
7.0101346, -0.0548867, , , , , , , 7.0101346, -0.002182, , , , , , , 7.0101346, -0.0062104, , , , , , , 7.0101346, 0.0605936, , , , , , , , , , , , , , , , , , , , , , , , , , , , 
7.0106538, -0.0520333, , , , , , , 7.0106538, -0.0035248, , , , , , , 7.0106538, -0.0068818, , , , , , , 7.0106538, 0.0572366, , , , , , , , , , , , , , , , , , , , , , , , , , , , 
7.0111731, -0.0414588, , , , , , , 7.0111731, -0.0045319, , , , , , , 7.0111731, -0.0043641, , , , , , , 7.0111731, 0.0475013, , , , , , , , , , , , , , , , , , , , , , , , , , , , 
7.0116923, -0.0320592, , , , , , , 7.0116923, -0.0045319, , , , , , , 7.0116923, -0.0023499, , , , , , , 7.0116923, 0.0374304, , , , , , , , , , , , , , , , , , , , , , , , , , , , 
7.0122115, -0.0246738, , , , , , , 7.0122115, -0.0041962, , , , , , , 7.0122115, -0.0035248, , , , , , , 7.0122115, 0.0310521, , , , , , , , , , , , , , , , , , , , , , , , , , , , 
7.0127308, -0.0159457, , , , , , , 7.0127308, -0.0038605, , , , , , , 7.0127308, -0.0041962, , , , , , , 7.0127308, 0.026688, , , , , , , , , , , , , , , , , , , , , , , , , , , , 
7.01325, -0.0035248, , , , , , , 7.01325, -0.0035248, , , , , , , 7.01325, -0.0045319, , , , , , , 7.01325, 0.0236667, , , , , , , , , , , , , , , , , , , , , , , , , , , , 
7.0137692, 0.0083925, , , , , , , 7.0137692, -0.0011749, , , , , , , 7.0137692, -0.0035248, , , , , , , 7.0137692, 0.0223239, , , , , , , , , , , , , , , , , , , , , , , , , , , , 
7.0142885, 0.0182956, , , , , , , 7.0142885, 0.0003357, , , , , , , 7.0142885, -0.0038605, , , , , , , 7.0142885, 0.0199741, , , , , , , , , , , , , , , , , , , , , , , , , , , , 
7.0148077, 0.0169528, , , , , , , 7.0148077, -0.0003357, , , , , , , 7.0148077, -0.0068818, , , , , , , 7.0148077, 0.0179599, , , , , , , , , , , , , , , , , , , , , , , , , , , , 
7.0153269, 0.0124208, , , , , , , 7.0153269, -0.0011749, , , , , , , 7.0153269, -0.0087282, , , , , , , 7.0153269, 0.0139315, , , , , , , , , , , , , , , , , , , , , , , , , , , , 
7.0158462, 0.0146029, , , , , , , 7.0158462, -0.0010071, , , , , , , 7.0158462, -0.0075532, , , , , , , 7.0158462, 0.0097353, , , , , , , , , , , , , , , , , , , , , , , , , , , , 
7.0163654, 0.0186313, , , , , , , 7.0163654, -0.0015106, , , , , , , 7.0163654, -0.0063783, , , , , , , 7.0163654, 0.0093996, , , , , , , , , , , , , , , , , , , , , , , , , , , , 
7.0168846, 0.018967, , , , , , , 7.0168846, -0.0025177, , , , , , , 7.0168846, -0.005539, , , , , , , 7.0168846, 0.0099031, , , , , , , , , , , , , , , , , , , , , , , , , , , , 
7.0174038, 0.0209812, , , , , , , 7.0174038, -0.0041962, , , , , , , 7.0174038, -0.0065461, , , , , , , 7.0174038, 0.011078, , , , , , , , , , , , , , , , , , , , , , , , , , , , 
7.0179231, 0.0229953, , , , , , , 7.0179231, -0.0048676, , , , , , , 7.0179231, -0.0080568, , , , , , , 7.0179231, 0.0117494, , , , , , , , , , , , , , , , , , , , , , , , , , , , 
7.0184423, 0.0246738, , , , , , , 7.0184423, -0.0041962, , , , , , , 7.0184423, -0.0068818, , , , , , , 7.0184423, 0.0119173, , , , , , , , , , , , , , , , , , , , , , , , , , , , 
7.0189615, 0.0253452, , , , , , , 7.0189615, -0.0045319, , , , , , , 7.0189615, -0.0038605, , , , , , , 7.0189615, 0.0105745, , , , , , , , , , , , , , , , , , , , , , , , , , , , 
7.0194808, 0.0229953, , , , , , , 7.0194808, -0.0058747, , , , , , , 7.0194808, -0.0028534, , , , , , , 7.0194808, 0.0095674, , , , , , , , , , , , , , , , , , , , , , , , , , , , 
7.02, 0.0219883, , , , , , , 7.02, -0.0062104, , , , , , , 7.02, -0.0048676, , , , , , , 7.02, 0.0104067, , , , , , , , , , , , , , , , , , , , , , , , , , , , 
7.0205192, 0.0270237, , , , , , , 7.0205192, -0.0058747, , , , , , , 7.0205192, -0.0048676, , , , , , , 7.0205192, 0.0077211, , , , , , , , , , , , , , , , , , , , , , , , , , , , 
7.0210385, 0.0419623, , , , , , , 7.0210385, -0.0041962, , , , , , , 7.0210385, -0.0045319, , , , , , , 7.0210385, -0.0035248, , , , , , , , , , , , , , , , , , , , , , , , , , , , 
7.0215577, 0.0616007, , , , , , , 7.0215577, -0.0036927, , , , , , , 7.0215577, -0.0068818, , , , , , , 7.0215577, -0.0130922, , , , , , , , , , , , , , , , , , , , , , , , , , , , 
7.0220769, 0.0726787, , , , , , , 7.0220769, -0.0031891, , , , , , , 7.0220769, -0.0099031, , , , , , , 7.0220769, -0.0171206, , , , , , , , , , , , , , , , , , , , , , , , , , , , 
7.0225962, 0.0703288, , , , , , , 7.0225962, -0.0016785, , , , , , , 7.0225962, -0.0109102, , , , , , , 7.0225962, -0.0196384, , , , , , , , , , , , , , , , , , , , , , , , , , , , 
7.0231154, 0.0663005, , , , , , , 7.0231154, -0.0016785, , , , , , , 7.0231154, -0.0104067, , , , , , , 7.0231154, -0.0219883, , , , , , , , , , , , , , , , , , , , , , , , , , , , 
7.0236346, 0.0659648, , , , , , , 7.0236346, -0.0035248, , , , , , , 7.0236346, -0.0104067, , , , , , , 7.0236346, -0.023331, , , , , , , , , , , , , , , , , , , , , , , , , , , , 
7.0241538, 0.0686503, , , , , , , 7.0241538, -0.0048676, , , , , , , 7.0241538, -0.0115816, , , , , , , 7.0241538, -0.0216526, , , , , , , , , , , , , , , , , , , , , , , , , , , , 
7.0246731, 0.0642863, , , , , , , 7.0246731, -0.0045319, , , , , , , 7.0246731, -0.0142672, , , , , , , 7.0246731, -0.0152743, , , , , , , , , , , , , , , , , , , , , , , , , , , , 
7.0251923, 0.0522011, , , , , , , 7.0251923, -0.0048676, , , , , , , 7.0251923, -0.0162814, , , , , , , 7.0251923, -0.0082246, , , , , , , , , , , , , , , , , , , , , , , , , , , , 
7.0257115, 0.0387732, , , , , , , 7.0257115, -0.005539, , , , , , , 7.0257115, -0.01561, , , , , , , 7.0257115, 0.0011749, , , , , , , , , , , , , , , , , , , , , , , , , , , , 
7.0262308, 0.0280308, , , , , , , 7.0262308, -0.0078889, , , , , , , 7.0262308, -0.0130922, , , , , , , 7.0262308, 0.0115816, , , , , , , , , , , , , , , , , , , , , , , , , , , , 
7.02675, 0.0182956, , , , , , , 7.02675, -0.008896, , , , , , , 7.02675, -0.0097353, , , , , , , 7.02675, 0.0193027, , , , , , , , , , , , , , , , , , , , , , , , , , , , 
7.0272692, 0.0097353, , , , , , , 7.0272692, -0.0083925, , , , , , , 7.0272692, -0.0068818, , , , , , , 7.0272692, 0.0280308, , , , , , , , , , , , , , , , , , , , , , , , , , , , 
7.0277885, 0.0008392, , , , , , , 7.0277885, -0.0082246, , , , , , , 7.0277885, -0.0068818, , , , , , , 7.0277885, 0.0372625, , , , , , , , , , , , , , , , , , , , , , , , , , , , 
7.0283077, -0.0164492, , , , , , , 7.0283077, -0.0085603, , , , , , , 7.0283077, -0.0082246, , , , , , , 7.0283077, 0.0446479, , , , , , , , , , , , , , , , , , , , , , , , , , , , 
7.0288269, -0.0320592, , , , , , , 7.0288269, -0.0102388, , , , , , , 7.0288269, -0.0085603, , , , , , , 7.0288269, 0.0522011, , , , , , , , , , , , , , , , , , , , , , , , , , , , 
7.0293462, -0.0411231, , , , , , , 7.0293462, -0.0115816, , , , , , , 7.0293462, -0.0070497, , , , , , , 7.0293462, 0.0585794, , , , , , , , , , , , , , , , , , , , , , , , , , , , 
7.0298654, -0.0481727, , , , , , , 7.0298654, -0.0115816, , , , , , , 7.0298654, -0.0041962, , , , , , , 7.0298654, 0.0599222, , , , , , , , , , , , , , , , , , , , , , , , , , , , 
7.0303846, -0.051194, , , , , , , 7.0303846, -0.0109102, , , , , , , 7.0303846, -0.0035248, , , , , , , 7.0303846, 0.0582437, , , , , , , , , , , , , , , , , , , , , , , , , , , , 
7.0309038, -0.0495155, , , , , , , 7.0309038, -0.0092317, , , , , , , 7.0309038, -0.0038605, , , , , , , 7.0309038, 0.0542153, , , , , , , , , , , , , , , , , , , , , , , , , , , , 
7.0314231, -0.0407874, , , , , , , 7.0314231, -0.0068818, , , , , , , 7.0314231, -0.0046998, , , , , , , 7.0314231, 0.0458228, , , , , , , , , , , , , , , , , , , , , , , , , , , , 
7.0319423, -0.0263523, , , , , , , 7.0319423, -0.0072175, , , , , , , 7.0319423, -0.002182, , , , , , , 7.0319423, 0.0354162, , , , , , , , , , , , , , , , , , , , , , , , , , , , 
7.0324615, -0.014435, , , , , , , 7.0324615, -0.0085603, , , , , , , 7.0324615, -0.0015106, , , , , , , 7.0324615, 0.030045, , , , , , , , , , , , , , , , , , , , , , , , , , , , 
7.0329808, -0.008896, , , , , , , 7.0329808, -0.0078889, , , , , , , 7.0329808, -0.0036927, , , , , , , 7.0329808, 0.0263523, , , , , , , , , , , , , , , , , , , , , , , , , , , , 
7.0335, -0.0057069, , , , , , , 7.0335, -0.0073854, , , , , , , 7.0335, -0.0062104, , , , , , , 7.0335, 0.0224918, , , , , , , , , , , , , , , , , , , , , , , , , , , , 
7.0340192, -0.0035248, , , , , , , 7.0340192, -0.0082246, , , , , , , 7.0340192, -0.0052033, , , , , , , 7.0340192, 0.0193027, , , , , , , , , , , , , , , , , , , , , , , , , , , , 
7.0345385, -0.0048676, , , , , , , 7.0345385, -0.0102388, , , , , , , 7.0345385, -0.0036927, , , , , , , 7.0345385, 0.0132601, , , , , , , , , , , , , , , , , , , , , , , , , , , , 
7.0350577, -0.0077211, , , , , , , 7.0350577, -0.0124208, , , , , , , 7.0350577, -0.005539, , , , , , , 7.0350577, 0.0075532, , , , , , , , , , , , , , , , , , , , , , , , , , , , 
7.0355769, -0.005539, , , , , , , 7.0355769, -0.0135958, , , , , , , 7.0355769, -0.0048676, , , , , , , 7.0355769, 0.0060426, , , , , , , , , , , , , , , , , , , , , , , , , , , , 
7.0360962, -0.0008392, , , , , , , 7.0360962, -0.0117494, , , , , , , 7.0360962, -0.0026856, , , , , , , 7.0360962, 0.0052033, , , , , , , , , , , , , , , , , , , , , , , , , , , , 
7.0366154, 0.0038605, , , , , , , 7.0366154, -0.0082246, , , , , , , 7.0366154, -0.0048676, , , , , , , 7.0366154, 0.0050355, , , , , , , , , , , , , , , , , , , , , , , , , , , , 
7.0371346, 0.0099031, , , , , , , 7.0371346, -0.0050355, , , , , , , 7.0371346, -0.0085603, , , , , , , 7.0371346, 0.0028534, , , , , , , , , , , , , , , , , , , , , , , , , , , , 
7.0376538, 0.0102388, , , , , , , 7.0376538, -0.005539, , , , , , , 7.0376538, -0.0102388, , , , , , , 7.0376538, -0.0005035, , , , , , , , , , , , , , , , , , , , , , , , , , , , 
7.0381731, 0.0078889, , , , , , , 7.0381731, -0.0083925, , , , , , , 7.0381731, -0.0102388, , , , , , , 7.0381731, -0.0041962, , , , , , , , , , , , , , , , , , , , , , , , , , , , 
7.0386923, 0.0087282, , , , , , , 7.0386923, -0.0119173, , , , , , , 7.0386923, -0.0099031, , , , , , , 7.0386923, -0.0028534, , , , , , , , , , , , , , , , , , , , , , , , , , , , 
7.0392115, 0.0172885, , , , , , , 7.0392115, -0.0135958, , , , , , , 7.0392115, -0.008896, , , , , , , 7.0392115, 0.0006714, , , , , , , , , , , , , , , , , , , , , , , , , , , , 
7.0397308, 0.0374304, , , , , , , 7.0397308, -0.0092317, , , , , , , 7.0397308, -0.008896, , , , , , , 7.0397308, 0.0018463, , , , , , , , , , , , , , , , , , , , , , , , , , , , 
7.04025, 0.056733, , , , , , , 7.04025, 0.0048676, , , , , , , 7.04025, -0.0085603, , , , , , , 7.04025, -0.0008392, , , , , , , , , , , , , , , , , , , , , , , , , , , , 
7.0407692, 0.068986, , , , , , , 7.0407692, 0.0224918, , , , , , , 7.0407692, -0.0068818, , , , , , , 7.0407692, -0.0082246, , , , , , , , , , , , , , , , , , , , , , , , , , , , 
7.0412885, 0.079057, , , , , , , 7.0412885, 0.033402, , , , , , , 7.0412885, -0.0063783, , , , , , , 7.0412885, -0.0194705, , , , , , , , , , , , , , , , , , , , , , , , , , , , 
7.0418077, 0.0867781, , , , , , , 7.0418077, 0.0313878, , , , , , , 7.0418077, -0.0065461, , , , , , , 7.0418077, -0.0273594, , , , , , , , , , , , , , , , , , , , , , , , , , , , 
7.0423269, 0.0911421, , , , , , , 7.0423269, 0.0176242, , , , , , , 7.0423269, -0.0075532, , , , , , , 7.0423269, -0.0283665, , , , , , , , , , , , , , , , , , , , , , , , , , , , 
7.0428462, 0.0914778, , , , , , , 7.0428462, -0.0075532, , , , , , , 7.0428462, -0.0092317, , , , , , , 7.0428462, -0.0280308, , , , , , , , , , , , , , , , , , , , , , , , , , , , 
7.0433654, 0.0903029, , , , , , , 7.0433654, -0.0347448, , , , , , , 7.0433654, -0.0087282, , , , , , , 7.0433654, -0.0276951, , , , , , , , , , , , , , , , , , , , , , , , , , , , 
7.0438846, 0.0896315, , , , , , , 7.0438846, -0.0522011, , , , , , , 7.0438846, -0.0082246, , , , , , , 7.0438846, -0.0250095, , , , , , , , , , , , , , , , , , , , , , , , , , , , 
7.0444038, 0.085771, , , , , , , 7.0444038, -0.0626078, , , , , , , 7.0444038, -0.0095674, , , , , , , 7.0444038, -0.0193027, , , , , , , , , , , , , , , , , , , , , , , , , , , , 
7.0449231, 0.073518, , , , , , , 7.0449231, -0.0595865, , , , , , , 7.0449231, -0.0102388, , , , , , , 7.0449231, -0.012253, , , , , , , , , , , , , , , , , , , , , , , , , , , , 
7.0454423, 0.0552224, , , , , , , 7.0454423, -0.0399481, , , , , , , 7.0454423, -0.0105745, , , , , , , 7.0454423, -0.0031891, , , , , , , , , , , , , , , , , , , , , , , , , , , , 
7.0459615, 0.0428016, , , , , , , 7.0459615, -0.0219883, , , , , , , 7.0459615, -0.0109102, , , , , , , 7.0459615, 0.0036927, , , , , , , , , , , , , , , , , , , , , , , , , , , , 
7.0464808, 0.0293736, , , , , , , 7.0464808, -0.0146029, , , , , , , 7.0464808, -0.0082246, , , , , , , 7.0464808, 0.0105745, , , , , , , , , , , , , , , , , , , , , , , , , , , , 
7.047, 0.0151064, , , , , , , 7.047, -0.0109102, , , , , , , 7.047, -0.0068818, , , , , , , 7.047, 0.0199741, , , , , , , , , , , , , , , , , , , , , , , , , , , , 
7.0475192, 0.0001678, , , , , , , 7.0475192, -0.008896, , , , , , , 7.0475192, -0.0082246, , , , , , , 7.0475192, 0.0310521, , , , , , , , , , , , , , , , , , , , , , , , , , , , 
7.0480385, -0.0159457, , , , , , , 7.0480385, -0.0072175, , , , , , , 7.0480385, -0.0068818, , , , , , , 7.0480385, 0.0407874, , , , , , , , , , , , , , , , , , , , , , , , , , , , 
7.0485577, -0.0327306, , , , , , , 7.0485577, -0.0008392, , , , , , , 7.0485577, -0.0052033, , , , , , , 7.0485577, 0.0471656, , , , , , , , , , , , , , , , , , , , , , , , , , , , 
7.0490769, -0.0424659, , , , , , , 7.0490769, 0.0078889, , , , , , , 7.0490769, -0.0063783, , , , , , , 7.0490769, 0.0525368, , , , , , , , , , , , , , , , , , , , , , , , , , , , 
7.0495962, -0.0471656, , , , , , , 7.0495962, 0.0105745, , , , , , , 7.0495962, -0.0070497, , , , , , , 7.0495962, 0.06009, , , , , , , , , , , , , , , , , , , , , , , , , , , , 
7.0501154, -0.0522011, , , , , , , 7.0501154, 0.0109102, , , , , , , 7.0501154, -0.005539, , , , , , , 7.0501154, 0.0642863, , , , , , , , , , , , , , , , , , , , , , , , , , , , 
7.0506346, -0.0542153, , , , , , , 7.0506346, 0.0129244, , , , , , , 7.0506346, -0.0031891, , , , , , , 7.0506346, 0.0626078, , , , , , , , , , , , , , , , , , , , , , , , , , , , 
7.0511538, -0.0498512, , , , , , , 7.0511538, 0.0072175, , , , , , , 7.0511538, -0.0018463, , , , , , , 7.0511538, 0.0552224, , , , , , , , , , , , , , , , , , , , , , , , , , , , 
7.0516731, -0.0397803, , , , , , , 7.0516731, -0.0082246, , , , , , , 7.0516731, -0.0015106, , , , , , , 7.0516731, 0.0448157, , , , , , , , , , , , , , , , , , , , , , , , , , , , 
7.0521923, -0.0313878, , , , , , , 7.0521923, -0.0216526, , , , , , , 7.0521923, -0.0030213, , , , , , , 7.0521923, 0.0337377, , , , , , , , , , , , , , , , , , , , , , , , , , , , 
7.0527115, -0.0263523, , , , , , , 7.0527115, -0.0317235, , , , , , , 7.0527115, -0.0045319, , , , , , , 7.0527115, 0.0246738, , , , , , , , , , , , , , , , , , , , , , , , , , , , 
7.0532308, -0.0203098, , , , , , , 7.0532308, -0.0391089, , , , , , , 7.0532308, -0.0068818, , , , , , , 7.0532308, 0.0172885, , , , , , , , , , , , , , , , , , , , , , , , , , , , 
7.05375, -0.0135958, , , , , , , 7.05375, -0.0344091, , , , , , , 7.05375, -0.0065461, , , , , , , 7.05375, 0.0119173, , , , , , , , , , , , , , , , , , , , , , , , , , , , 
7.0542692, -0.0065461, , , , , , , 7.0542692, -0.0193027, , , , , , , 7.0542692, -0.005539, , , , , , , 7.0542692, 0.0099031, , , , , , , , , , , , , , , , , , , , , , , , , , , , 
7.0547885, 0.002182, , , , , , , 7.0547885, -0.0075532, , , , , , , 7.0547885, -0.005539, , , , , , , 7.0547885, 0.0083925, , , , , , , , , , , , , , , , , , , , , , , , , , , , 
7.0553077, 0.0072175, , , , , , , 7.0553077, -0.0038605, , , , , , , 7.0553077, -0.0060426, , , , , , , 7.0553077, 0.0058747, , , , , , , , , , , , , , , , , , , , , , , , , , , , 
7.0558269, 0.0099031, , , , , , , 7.0558269, -0.005539, , , , , , , 7.0558269, -0.0072175, , , , , , , 7.0558269, 0.0052033, , , , , , , , , , , , , , , , , , , , , , , , , , , , 
7.0563462, 0.0099031, , , , , , , 7.0563462, -0.0063783, , , , , , , 7.0563462, -0.0068818, , , , , , , 7.0563462, 0.0045319, , , , , , , , , , , , , , , , , , , , , , , , , , , , 
7.0568654, 0.0075532, , , , , , , 7.0568654, -0.0052033, , , , , , , 7.0568654, -0.0082246, , , , , , , 7.0568654, 0.0031891, , , , , , , , , , , , , , , , , , , , , , , , , , , , 
7.0573846, 0.0078889, , , , , , , 7.0573846, -0.0046998, , , , , , , 7.0573846, -0.0095674, , , , , , , 7.0573846, 0.0001678, , , , , , , , , , , , , , , , , , , , , , , , , , , , 
7.0579038, 0.0125887, , , , , , , 7.0579038, -0.0045319, , , , , , , 7.0579038, -0.008896, , , , , , , 7.0579038, -0.0028534, , , , , , , , , , , , , , , , , , , , , , , , , , , , 
7.0584231, 0.0159457, , , , , , , 7.0584231, -0.0031891, , , , , , , 7.0584231, -0.0085603, , , , , , , 7.0584231, -0.0028534, , , , , , , , , , , , , , , , , , , , , , , , , , , , 
7.0589423, 0.0159457, , , , , , , 7.0589423, -0.0025177, , , , , , , 7.0589423, -0.0095674, , , , , , , 7.0589423, -0.0023499, , , , , , , , , , , , , , , , , , , , , , , , , , , , 
7.0594615, 0.0172885, , , , , , , 7.0594615, -0.0041962, , , , , , , 7.0594615, -0.0097353, , , , , , , 7.0594615, -0.0008392, , , , , , , , , , , , , , , , , , , , , , , , , , , , 
7.0599808, 0.0213169, , , , , , , 7.0599808, -0.0048676, , , , , , , 7.0599808, -0.0099031, , , , , , , 7.0599808, -0.0001678, , , , , , , , , , , , , , , , , , , , , , , , , , , , 
7.0605, 0.0290379, , , , , , , 7.0605, -0.002182, , , , , , , 7.0605, -0.0095674, , , , , , , 7.0605, -0.0028534, , , , , , , , , , , , , , , , , , , , , , , , , , , , 
7.0610192, 0.0364233, , , , , , , 7.0610192, -0.0005035, , , , , , , 7.0610192, -0.0102388, , , , , , , 7.0610192, -0.0119173, , , , , , , , , , , , , , , , , , , , , , , , , , , , 
7.0615385, 0.0464942, , , , , , , 7.0615385, -0.0011749, , , , , , , 7.0615385, -0.0112459, , , , , , , 7.0615385, -0.0224918, , , , , , , , , , , , , , , , , , , , , , , , , , , , 
7.0620577, 0.0569009, , , , , , , 7.0620577, -0.0028534, , , , , , , 7.0620577, -0.0105745, , , , , , , 7.0620577, -0.0280308, , , , , , , , , , , , , , , , , , , , , , , , , , , , 
7.0625769, 0.0652934, , , , , , , 7.0625769, -0.0035248, , , , , , , 7.0625769, -0.0109102, , , , , , , 7.0625769, -0.0283665, , , , , , , , , , , , , , , , , , , , , , , , , , , , 
7.0630962, 0.0659648, , , , , , , 7.0630962, -0.0041962, , , , , , , 7.0630962, -0.0132601, , , , , , , 7.0630962, -0.0273594, , , , , , , , , , , , , , , , , , , , , , , , , , , , 
7.0636154, 0.0632792, , , , , , , 7.0636154, -0.005539, , , , , , , 7.0636154, -0.0149386, , , , , , , 7.0636154, -0.0253452, , , , , , , , , , , , , , , , , , , , , , , , , , , , 
7.0641346, 0.0649577, , , , , , , 7.0641346, -0.0053712, , , , , , , 7.0641346, -0.0159457, , , , , , , 7.0641346, -0.018967, , , , , , , , , , , , , , , , , , , , , , , , , , , , 
7.0646538, 0.0629435, , , , , , , 7.0646538, -0.0028534, , , , , , , 7.0646538, -0.0152743, , , , , , , 7.0646538, -0.0102388, , , , , , , , , , , , , , , , , , , , , , , , , , , , 
7.0651731, 0.0525368, , , , , , , 7.0651731, -0.0031891, , , , , , , 7.0651731, -0.0115816, , , , , , , 7.0651731, -0.0036927, , , , , , , , , , , , , , , , , , , , , , , , , , , , 
7.0656923, 0.0381018, , , , , , , 7.0656923, -0.0041962, , , , , , , 7.0656923, -0.0097353, , , , , , , 7.0656923, 0.0028534, , , , , , , , , , , , , , , , , , , , , , , , , , , , 
7.0662115, 0.0236667, , , , , , , 7.0662115, -0.0041962, , , , , , , 7.0662115, -0.0102388, , , , , , , 7.0662115, 0.0095674, , , , , , , , , , , , , , , , , , , , , , , , , , , , 
7.0667308, 0.0085603, , , , , , , 7.0667308, -0.0031891, , , , , , , 7.0667308, -0.0105745, , , , , , , 7.0667308, 0.0176242, , , , , , , , , , , , , , , , , , , , , , , , , , , , 
7.06725, -0.0038605, , , , , , , 7.06725, -0.0041962, , , , , , , 7.06725, -0.0109102, , , , , , , 7.06725, 0.0307164, , , , , , , , , , , , , , , , , , , , , , , , , , , , 
7.0677692, -0.0142672, , , , , , , 7.0677692, -0.005539, , , , , , , 7.0677692, -0.0090639, , , , , , , 7.0677692, 0.0421302, , , , , , , , , , , , , , , , , , , , , , , , , , , , 
7.0682885, -0.0273594, , , , , , , 7.0682885, -0.0052033, , , , , , , 7.0682885, -0.0077211, , , , , , , 7.0682885, 0.0475013, , , , , , , , , , , , , , , , , , , , , , , , , , , , 
7.0688077, -0.0424659, , , , , , , 7.0688077, -0.0035248, , , , , , , 7.0688077, -0.0082246, , , , , , , 7.0688077, 0.0535439, , , , , , , , , , , , , , , , , , , , , , , , , , , , 
7.0693269, -0.0518654, , , , , , , 7.0693269, -0.005539, , , , , , , 7.0693269, -0.0068818, , , , , , , 7.0693269, 0.06009, , , , , , , , , , , , , , , , , , , , , , , , , , , , 
7.0698462, -0.057908, , , , , , , 7.0698462, -0.0085603, , , , , , , 7.0698462, -0.005539, , , , , , , 7.0698462, 0.0621042, , , , , , , , , , , , , , , , , , , , , , , , , , , , 
7.0703654, -0.0619364, , , , , , , 7.0703654, -0.0095674, , , , , , , 7.0703654, -0.005539, , , , , , , 7.0703654, 0.0609293, , , , , , , , , , , , , , , , , , , , , , , , , , , , 
7.0708846, -0.0599222, , , , , , , 7.0708846, -0.0085603, , , , , , , 7.0708846, -0.0050355, , , , , , , 7.0708846, 0.0562295, , , , , , , , , , , , , , , , , , , , , , , , , , , , 
7.0714038, -0.0471656, , , , , , , 7.0714038, -0.0068818, , , , , , , 7.0714038, -0.0035248, , , , , , , 7.0714038, 0.0464942, , , , , , , , , , , , , , , , , , , , , , , , , , , , 
7.0719231, -0.0283665, , , , , , , 7.0719231, -0.0083925, , , , , , , 7.0719231, -0.0016785, , , , , , , 7.0719231, 0.0359197, , , , , , , , , , , , , , , , , , , , , , , , , , , , 
7.0724423, -0.0176242, , , , , , , 7.0724423, -0.0102388, , , , , , , 7.0724423, -0.002182, , , , , , , 7.0724423, 0.0293736, , , , , , , , , , , , , , , , , , , , , , , , , , , , 
7.0729615, -0.0129244, , , , , , , 7.0729615, -0.0104067, , , , , , , 7.0729615, -0.0028534, , , , , , , 7.0729615, 0.0276951, , , , , , , , , , , , , , , , , , , , , , , , , , , , 
7.0734808, -0.0090639, , , , , , , 7.0734808, -0.0109102, , , , , , , 7.0734808, -0.0010071, , , , , , , 7.0734808, 0.0251774, , , , , , , , , , , , , , , , , , , , , , , , , , , , 
7.074, -0.0006714, , , , , , , 7.074, -0.0115816, , , , , , , 7.074, 0.0001678, , , , , , , 7.074, 0.0209812, , , , , , , , , , , , , , , , , , , , , , , , , , , , 
7.0745192, 0.0062104, , , , , , , 7.0745192, -0.0102388, , , , , , , 7.0745192, -0.0038605, , , , , , , 7.0745192, 0.0172885, , , , , , , , , , , , , , , , , , , , , , , , , , , , 
7.0750385, 0.0105745, , , , , , , 7.0750385, -0.0073854, , , , , , , 7.0750385, -0.0058747, , , , , , , 7.0750385, 0.0132601, , , , , , , , , , , , , , , , , , , , , , , , , , , , 
7.0755577, 0.0139315, , , , , , , 7.0755577, -0.0045319, , , , , , , 7.0755577, -0.005539, , , , , , , 7.0755577, 0.0099031, , , , , , , , , , , , , , , , , , , , , , , , , , , , 
7.0760769, 0.0146029, , , , , , , 7.0760769, -0.0041962, , , , , , , 7.0760769, -0.005539, , , , , , , 7.0760769, 0.0085603, , , , , , , , , , , , , , , , , , , , , , , , , , , , 
7.0765962, 0.0172885, , , , , , , 7.0765962, -0.0078889, , , , , , , 7.0765962, -0.0062104, , , , , , , 7.0765962, 0.0072175, , , , , , , , , , , , , , , , , , , , , , , , , , , , 
7.0771154, 0.0199741, , , , , , , 7.0771154, -0.0102388, , , , , , , 7.0771154, -0.0068818, , , , , , , 7.0771154, 0.0075532, , , , , , , , , , , , , , , , , , , , , , , , , , , , 
7.0776346, 0.0182956, , , , , , , 7.0776346, -0.0085603, , , , , , , 7.0776346, -0.0078889, , , , , , , 7.0776346, 0.0105745, , , , , , , , , , , , , , , , , , , , , , , , , , , , 
7.0781538, 0.0171206, , , , , , , 7.0781538, -0.0068818, , , , , , , 7.0781538, -0.0082246, , , , , , , 7.0781538, 0.0105745, , , , , , , , , , , , , , , , , , , , , , , , , , , , 
7.0786731, 0.0206455, , , , , , , 7.0786731, -0.0062104, , , , , , , 7.0786731, -0.008896, , , , , , , 7.0786731, 0.0104067, , , , , , , , , , , , , , , , , , , , , , , , , , , , 
7.0791923, 0.0250095, , , , , , , 7.0791923, -0.0068818, , , , , , , 7.0791923, -0.0115816, , , , , , , 7.0791923, 0.0119173, , , , , , , , , , , , , , , , , , , , , , , , , , , , 
7.0797115, 0.0243381, , , , , , , 7.0797115, -0.0099031, , , , , , , 7.0797115, -0.0142672, , , , , , , 7.0797115, 0.0104067, , , , , , , , , , , , , , , , , , , , , , , , , , , , 
7.0802308, 0.0243381, , , , , , , 7.0802308, -0.0105745, , , , , , , 7.0802308, -0.0149386, , , , , , , 7.0802308, 0.0068818, , , , , , , , , , , , , , , , , , , , , , , , , , , , 
7.08075, 0.0370947, , , , , , , 7.08075, -0.011078, , , , , , , 7.08075, -0.0139315, , , , , , , 7.08075, 0.0005035, , , , , , , , , , , , , , , , , , , , , , , , , , , , 
7.0812692, 0.0592508, , , , , , , 7.0812692, -0.0109102, , , , , , , 7.0812692, -0.0125887, , , , , , , 7.0812692, -0.0102388, , , , , , , , , , , , , , , , , , , , , , , , , , , , 
7.0817885, 0.0777142, , , , , , , 7.0817885, -0.0102388, , , , , , , 7.0817885, -0.0112459, , , , , , , 7.0817885, -0.0204776, , , , , , , , , , , , , , , , , , , , , , , , , , , , 
7.0823077, 0.0830854, , , , , , , 7.0823077, -0.0099031, , , , , , , 7.0823077, -0.0105745, , , , , , , 7.0823077, -0.0256809, , , , , , , , , , , , , , , , , , , , , , , , , , , , 
7.0828269, 0.0800641, , , , , , , 7.0828269, -0.0099031, , , , , , , 7.0828269, -0.0109102, , , , , , , 7.0828269, -0.0287022, , , , , , , , , , , , , , , , , , , , , , , , , , , , 
7.0833462, 0.079057, , , , , , , 7.0833462, -0.0090639, , , , , , , 7.0833462, -0.012253, , , , , , , 7.0833462, -0.0273594, , , , , , , , , , , , , , , , , , , , , , , , , , , , 
7.0838654, 0.0800641, , , , , , , 7.0838654, -0.0082246, , , , , , , 7.0838654, -0.0115816, , , , , , , 7.0838654, -0.0224918, , , , , , , , , , , , , , , , , , , , , , , , , , , , 
7.0843846, 0.0763714, , , , , , , 7.0843846, -0.008896, , , , , , , 7.0843846, -0.008896, , , , , , , 7.0843846, -0.01561, , , , , , , , , , , , , , , , , , , , , , , , , , , , 
7.0849038, 0.0647898, , , , , , , 7.0849038, -0.0092317, , , , , , , 7.0849038, -0.0107424, , , , , , , 7.0849038, -0.0092317, , , , , , , , , , , , , , , , , , , , , , , , , , , , 
7.0854231, 0.0498512, , , , , , , 7.0854231, -0.0075532, , , , , , , 7.0854231, -0.0125887, , , , , , , 7.0854231, 0.0005035, , , , , , , , , , , , , , , , , , , , , , , , , , , , 
7.0859423, 0.0382696, , , , , , , 7.0859423, -0.0082246, , , , , , , 7.0859423, -0.0114137, , , , , , , 7.0859423, 0.0092317, , , , , , , , , , , , , , , , , , , , , , , , , , , , 
7.0864615, 0.0253452, , , , , , , 7.0864615, -0.0095674, , , , , , , 7.0864615, -0.0082246, , , , , , , 7.0864615, 0.0157778, , , , , , , , , , , , , , , , , , , , , , , , , , , , 
7.0869808, 0.0099031, , , , , , , 7.0869808, -0.0082246, , , , , , , 7.0869808, -0.0058747, , , , , , , 7.0869808, 0.0256809, , , , , , , , , , , , , , , , , , , , , , , , , , , , 
7.0875, -0.0058747, , , , , , , 7.0875, -0.0068818, , , , , , , 7.0875, -0.0041962, , , , , , , 7.0875, 0.0365911, , , , , , , , , , , , , , , , , , , , , , , , , , , , 
7.0880192, -0.0182956, , , , , , , 7.0880192, -0.0082246, , , , , , , 7.0880192, -0.0036927, , , , , , , 7.0880192, 0.0461585, , , , , , , , , , , , , , , , , , , , , , , , , , , , 
7.0885385, -0.0303807, , , , , , , 7.0885385, -0.0082246, , , , , , , 7.0885385, -0.005539, , , , , , , 7.0885385, 0.0552224, , , , , , , , , , , , , , , , , , , , , , , , , , , , 
7.0890577, -0.0412909, , , , , , , 7.0890577, -0.0065461, , , , , , , 7.0890577, -0.0062104, , , , , , , 7.0890577, 0.0599222, , , , , , , , , , , , , , , , , , , , , , , , , , , , 
7.0895769, -0.0498512, , , , , , , 7.0895769, -0.0058747, , , , , , , 7.0895769, -0.0052033, , , , , , , 7.0895769, 0.0572366, , , , , , , , , , , , , , , , , , , , , , , , , , , , 
7.0900962, -0.0535439, , , , , , , 7.0900962, -0.0075532, , , , , , , 7.0900962, -0.0045319, , , , , , , 7.0900962, 0.0548867, , , , , , , , , , , , , , , , , , , , , , , , , , , , 
7.0906154, -0.0525368, , , , , , , 7.0906154, -0.0085603, , , , , , , 7.0906154, -0.0041962, , , , , , , 7.0906154, 0.0533761, , , , , , , , , , , , , , , , , , , , , , , , , , , , 
7.0911346, -0.0508583, , , , , , , 7.0911346, -0.0090639, , , , , , , 7.0911346, -0.0028534, , , , , , , 7.0911346, 0.0471656, , , , , , , , , , , , , , , , , , , , , , , , , , , , 
7.0916538, -0.0431373, , , , , , , 7.0916538, -0.0082246, , , , , , , 7.0916538, -0.0025177, , , , , , , 7.0916538, 0.0374304, , , , , , , , , , , , , , , , , , , , , , , , , , , , 
7.0921731, -0.0310521, , , , , , , 7.0921731, -0.0075532, , , , , , , 7.0921731, -0.0028534, , , , , , , 7.0921731, 0.0293736, , , , , , , , , , , , , , , , , , , , , , , , , , , , 
7.0926923, -0.0223239, , , , , , , 7.0926923, -0.0075532, , , , , , , 7.0926923, -0.0025177, , , , , , , 7.0926923, 0.0253452, , , , , , , , , , , , , , , , , , , , , , , , , , , , 
7.0932115, -0.0179599, , , , , , , 7.0932115, -0.0075532, , , , , , , 7.0932115, -0.0035248, , , , , , , 7.0932115, 0.0223239, , , , , , , , , , , , , , , , , , , , , , , , , , , , 
7.0937308, -0.0166171, , , , , , , 7.0937308, -0.0095674, , , , , , , 7.0937308, -0.0058747, , , , , , , 7.0937308, 0.0184634, , , , , , , , , , , , , , , , , , , , , , , , , , , , 
7.09425, -0.0129244, , , , , , , 7.09425, -0.0102388, , , , , , , 7.09425, -0.0052033, , , , , , , 7.09425, 0.0157778, , , , , , , , , , , , , , , , , , , , , , , , , , , , 
7.0947692, -0.0062104, , , , , , , 7.0947692, -0.0082246, , , , , , , 7.0947692, -0.0046998, , , , , , , 7.0947692, 0.0132601, , , , , , , , , , , , , , , , , , , , , , , , , , , , 
7.0952885, 0.0045319, , , , , , , 7.0952885, -0.0068818, , , , , , , 7.0952885, -0.0052033, , , , , , , 7.0952885, 0.0092317, , , , , , , , , , , , , , , , , , , , , , , , , , , , 
7.0958077, 0.0119173, , , , , , , 7.0958077, -0.0078889, , , , , , , 7.0958077, -0.0048676, , , , , , , 7.0958077, 0.0072175, , , , , , , , , , , , , , , , , , , , , , , , , , , , 
7.0963269, 0.0132601, , , , , , , 7.0963269, -0.0102388, , , , , , , 7.0963269, -0.0058747, , , , , , , 7.0963269, 0.0078889, , , , , , , , , , , , , , , , , , , , , , , , , , , , 
7.0968462, 0.0125887, , , , , , , 7.0968462, -0.0115816, , , , , , , 7.0968462, -0.0072175, , , , , , , 7.0968462, 0.0072175, , , , , , , , , , , , , , , , , , , , , , , , , , , , 
7.0973654, 0.0171206, , , , , , , 7.0973654, -0.0125887, , , , , , , 7.0973654, -0.0058747, , , , , , , 7.0973654, 0.0048676, , , , , , , , , , , , , , , , , , , , , , , , , , , , 
7.0978846, 0.0287022, , , , , , , 7.0978846, -0.0132601, , , , , , , 7.0978846, -0.0057069, , , , , , , 7.0978846, 0.0023499, , , , , , , , , , , , , , , , , , , , , , , , , , , , 
7.0984038, 0.040116, , , , , , , 7.0984038, -0.0125887, , , , , , , 7.0984038, -0.008896, , , , , , , 7.0984038, 0.0008392, , , , , , , , , , , , , , , , , , , , , , , , , , , , 
7.0989231, 0.0431373, , , , , , , 7.0989231, -0.0109102, , , , , , , 7.0989231, -0.0109102, , , , , , , 7.0989231, 0.0011749, , , , , , , , , , , , , , , , , , , , , , , , , , , , 
7.0994423, 0.0431373, , , , , , , 7.0994423, -0.0092317, , , , , , , 7.0994423, -0.0095674, , , , , , , 7.0994423, -0.0015106, , , , , , , , , , , , , , , , , , , , , , , , , , , , 
7.0999615, 0.0419623, , , , , , , 7.0999615, -0.0082246, , , , , , , 7.0999615, -0.0075532, , , , , , , 7.0999615, -0.0035248, , , , , , , , , , , , , , , , , , , , , , , , , , , , 
7.1004808, 0.0406195, , , , , , , 7.1004808, -0.0078889, , , , , , , 7.1004808, -0.0062104, , , , , , , 7.1004808, -0.0038605, , , , , , , , , , , , , , , , , , , , , , , , , , , , 
7.101, 0.0475013, , , , , , , 7.101, -0.0072175, , , , , , , 7.101, -0.0063783, , , , , , , 7.101, -0.0095674, , , , , , , , , , , , , , , , , , , , , , , , , , , , 
7.1015192, 0.0642863, , , , , , , 7.1015192, -0.0082246, , , , , , , 7.1015192, -0.0070497, , , , , , , 7.1015192, -0.0206455, , , , , , , , , , , , , , , , , , , , , , , , , , , , 
7.1020385, 0.082414, , , , , , , 7.1020385, -0.0095674, , , , , , , 7.1020385, -0.0072175, , , , , , , 7.1020385, -0.0276951, , , , , , , , , , , , , , , , , , , , , , , , , , , , 
7.1025577, 0.0931563, , , , , , , 7.1025577, -0.0095674, , , , , , , 7.1025577, -0.0077211, , , , , , , 7.1025577, -0.0317235, , , , , , , , , , , , , , , , , , , , , , , , , , , , 
7.1030769, 0.0951705, , , , , , , 7.1030769, -0.0085603, , , , , , , 7.1030769, -0.0095674, , , , , , , 7.1030769, -0.0340734, , , , , , , , , , , , , , , , , , , , , , , , , , , , 
7.1035962, 0.0921492, , , , , , , 7.1035962, -0.0078889, , , , , , , 7.1035962, -0.0119173, , , , , , , 7.1035962, -0.0313878, , , , , , , , , , , , , , , , , , , , , , , , , , , , 
7.1041154, 0.079057, , , , , , , 7.1041154, -0.0082246, , , , , , , 7.1041154, -0.0137636, , , , , , , 7.1041154, -0.0265202, , , , , , , , , , , , , , , , , , , , , , , , , , , , 
7.1046346, 0.057908, , , , , , , 7.1046346, -0.0083925, , , , , , , 7.1046346, -0.0139315, , , , , , , 7.1046346, -0.018967, , , , , , , , , , , , , , , , , , , , , , , , , , , , 
7.1051538, 0.0397803, , , , , , , 7.1051538, -0.0072175, , , , , , , 7.1051538, -0.0129244, , , , , , , 7.1051538, -0.0095674, , , , , , , , , , , , , , , , , , , , , , , , , , , , 
7.1056731, 0.0243381, , , , , , , 7.1056731, -0.0028534, , , , , , , 7.1056731, -0.0112459, , , , , , , 7.1056731, -0.002182, , , , , , , , , , , , , , , , , , , , , , , , , , , , 
7.1061923, 0.0119173, , , , , , , 7.1061923, 0.0018463, , , , , , , 7.1061923, -0.0082246, , , , , , , 7.1061923, 0.0058747, , , , , , , , , , , , , , , , , , , , , , , , , , , , 
7.1067115, 0.0025177, , , , , , , 7.1067115, 0.0018463, , , , , , , 7.1067115, -0.0075532, , , , , , , 7.1067115, 0.0146029, , , , , , , , , , , , , , , , , , , , , , , , , , , , 
7.1072308, -0.008896, , , , , , , 7.1072308, 0.0001678, , , , , , , 7.1072308, -0.0092317, , , , , , , 7.1072308, 0.0229953, , , , , , , , , , , , , , , , , , , , , , , , , , , , 
7.10775, -0.0149386, , , , , , , 7.10775, 0.0001678, , , , , , , 7.10775, -0.008896, , , , , , , 7.10775, 0.0339055, , , , , , , , , , , , , , , , , , , , , , , , , , , , 
7.1082692, -0.0174563, , , , , , , 7.1082692, -0.0010071, , , , , , , 7.1082692, -0.0072175, , , , , , , 7.1082692, 0.0466621, , , , , , , , , , , , , , , , , , , , , , , , , , , , 
7.1087885, -0.0186313, , , , , , , 7.1087885, -0.0015106, , , , , , , 7.1087885, -0.0062104, , , , , , , 7.1087885, 0.0555581, , , , , , , , , , , , , , , , , , , , , , , , , , , , 
7.1093077, -0.0229953, , , , , , , 7.1093077, -0.002182, , , , , , , 7.1093077, -0.0072175, , , , , , , 7.1093077, 0.0592508, , , , , , , , , , , , , , , , , , , , , , , , , , , , 
7.1098269, -0.0310521, , , , , , , 7.1098269, -0.0028534, , , , , , , 7.1098269, -0.0068818, , , , , , , 7.1098269, 0.0605936, , , , , , , , , , , , , , , , , , , , , , , , , , , , 
7.1103462, -0.0394446, , , , , , , 7.1103462, -0.0041962, , , , , , , 7.1103462, -0.0041962, , , , , , , 7.1103462, 0.061265, , , , , , , , , , , , , , , , , , , , , , , , , , , , 
7.1108654, -0.0409552, , , , , , , 7.1108654, -0.0058747, , , , , , , 7.1108654, -0.0031891, , , , , , , 7.1108654, 0.0582437, , , , , , , , , , , , , , , , , , , , , , , , , , , , 
7.1113846, -0.0337377, , , , , , , 7.1113846, -0.0062104, , , , , , , 7.1113846, -0.0050355, , , , , , , 7.1113846, 0.0488441, , , , , , , , , , , , , , , , , , , , , , , , , , , , 
7.1119038, -0.0256809, , , , , , , 7.1119038, -0.0072175, , , , , , , 7.1119038, -0.0072175, , , , , , , 7.1119038, 0.0387732, , , , , , , , , , , , , , , , , , , , , , , , , , , , 
7.1124231, -0.0206455, , , , , , , 7.1124231, -0.0082246, , , , , , , 7.1124231, -0.0082246, , , , , , , 7.1124231, 0.0307164, , , , , , , , , , , , , , , , , , , , , , , , , , , , 
7.1129423, -0.0146029, , , , , , , 7.1129423, -0.008896, , , , , , , 7.1129423, -0.0082246, , , , , , , 7.1129423, 0.0213169, , , , , , , , , , , , , , , , , , , , , , , , , , , , 
7.1134615, -0.0083925, , , , , , , 7.1134615, -0.0063783, , , , , , , 7.1134615, -0.0072175, , , , , , , 7.1134615, 0.0161135, , , , , , , , , , , , , , , , , , , , , , , , , , , , 
7.1139808, 0.0011749, , , , , , , 7.1139808, -0.0036927, , , , , , , 7.1139808, -0.0105745, , , , , , , 7.1139808, 0.0162814, , , , , , , , , , , , , , , , , , , , , , , , , , , , 
7.1145, 0.0130922, , , , , , , 7.1145, -0.0028534, , , , , , , 7.1145, -0.012253, , , , , , , 7.1145, 0.0159457, , , , , , , , , , , , , , , , , , , , , , , , , , , , 
7.1150192, 0.0179599, , , , , , , 7.1150192, -0.0041962, , , , , , , 7.1150192, -0.008896, , , , , , , 7.1150192, 0.0105745, , , , , , , , , , , , , , , , , , , , , , , , , , , , 
7.1155385, 0.0152743, , , , , , , 7.1155385, -0.0052033, , , , , , , 7.1155385, -0.005539, , , , , , , 7.1155385, 0.0048676, , , , , , , , , , , , , , , , , , , , , , , , , , , , 
7.1160577, 0.0127565, , , , , , , 7.1160577, -0.0068818, , , , , , , 7.1160577, -0.005539, , , , , , , 7.1160577, 0.0011749, , , , , , , , , , , , , , , , , , , , , , , , , , , , 
7.1165769, 0.0157778, , , , , , , 7.1165769, -0.0109102, , , , , , , 7.1165769, -0.005539, , , , , , , 7.1165769, 0.0005035, , , , , , , , , , , , , , , , , , , , , , , , , , , , 
7.1170962, 0.0172885, , , , , , , 7.1170962, -0.0132601, , , , , , , 7.1170962, -0.0031891, , , , , , , 7.1170962, 0.0035248, , , , , , , , , , , , , , , , , , , , , , , , , , , , 
7.1176154, 0.0152743, , , , , , , 7.1176154, -0.0115816, , , , , , , 7.1176154, -0.0011749, , , , , , , 7.1176154, 0.0045319, , , , , , , , , , , , , , , , , , , , , , , , , , , , 
7.1181346, 0.0139315, , , , , , , 7.1181346, -0.0104067, , , , , , , 7.1181346, -0.0005035, , , , , , , 7.1181346, 0.0031891, , , , , , , , , , , , , , , , , , , , , , , , , , , , 
7.1186538, 0.0125887, , , , , , , 7.1186538, -0.0112459, , , , , , , 7.1186538, -0.0003357, , , , , , , 7.1186538, 0.0015106, , , , , , , , , , , , , , , , , , , , , , , , , , , , 
7.1191731, 0.0115816, , , , , , , 7.1191731, -0.0119173, , , , , , , 7.1191731, -0.0008392, , , , , , , 7.1191731, 0.0018463, , , , , , , , , , , , , , , , , , , , , , , , , , , , 
7.1196923, 0.0125887, , , , , , , 7.1196923, -0.0135958, , , , , , , 7.1196923, -0.0025177, , , , , , , 7.1196923, 0.0045319, , , , , , , , , , , , , , , , , , , , , , , , , , , , 
7.1202115, 0.0186313, , , , , , , 7.1202115, -0.0135958, , , , , , , 7.1202115, -0.0028534, , , , , , , 7.1202115, 0.0075532, , , , , , , , , , , , , , , , , , , , , , , , , , , , 
7.1207308, 0.0325628, , , , , , , 7.1207308, -0.0119173, , , , , , , 7.1207308, -0.0045319, , , , , , , 7.1207308, 0.0025177, , , , , , , , , , , , , , , , , , , , , , , , , , , , 
7.12125, 0.0500191, , , , , , , 7.12125, -0.008896, , , , , , , 7.12125, -0.0072175, , , , , , , 7.12125, -0.0117494, , , , , , , , , , , , , , , , , , , , , , , , , , , , 
7.1217692, 0.0696574, , , , , , , 7.1217692, -0.0068818, , , , , , , 7.1217692, -0.008896, , , , , , , 7.1217692, -0.0223239, , , , , , , , , , , , , , , , , , , , , , , , , , , , 
7.1222885, 0.0862745, , , , , , , 7.1222885, -0.0008392, , , , , , , 7.1222885, -0.0112459, , , , , , , 7.1222885, -0.0263523, , , , , , , , , , , , , , , , , , , , , , , , , , , , 
7.1228077, 0.0866102, , , , , , , 7.1228077, 0.0092317, , , , , , , 7.1228077, -0.0149386, , , , , , , 7.1228077, -0.026688, , , , , , , , , , , , , , , , , , , , , , , , , , , , 
7.1233269, 0.0807355, , , , , , , 7.1233269, 0.0159457, , , , , , , 7.1233269, -0.0159457, , , , , , , 7.1233269, -0.0260166, , , , , , , , , , , , , , , , , , , , , , , , , , , , 
7.1238462, 0.0741894, , , , , , , 7.1238462, 0.0172885, , , , , , , 7.1238462, -0.0142672, , , , , , , 7.1238462, -0.0243381, , , , , , , , , , , , , , , , , , , , , , , , , , , , 
7.1243654, 0.0609293, , , , , , , 7.1243654, 0.0129244, , , , , , , 7.1243654, -0.0129244, , , , , , , 7.1243654, -0.0171206, , , , , , , , , , , , , , , , , , , , , , , , , , , , 
7.1248846, 0.0417945, , , , , , , 7.1248846, 0.0030213, , , , , , , 7.1248846, -0.012253, , , , , , , 7.1248846, -0.0082246, , , , , , , , , , , , , , , , , , , , , , , , , , , , 
7.1254038, 0.0253452, , , , , , , 7.1254038, -0.012253, , , , , , , 7.1254038, -0.0112459, , , , , , , 7.1254038, 0.0011749, , , , , , , , , , , , , , , , , , , , , , , , , , , , 
7.1259231, 0.0135958, , , , , , , 7.1259231, -0.0276951, , , , , , , 7.1259231, -0.0119173, , , , , , , 7.1259231, 0.0105745, , , , , , , , , , , , , , , , , , , , , , , , , , , , 
7.1264423, 0.0035248, , , , , , , 7.1264423, -0.0417945, , , , , , , 7.1264423, -0.0105745, , , , , , , 7.1264423, 0.0182956, , , , , , , , , , , , , , , , , , , , , , , , , , , , 
7.1269615, -0.008896, , , , , , , 7.1269615, -0.0515297, , , , , , , 7.1269615, -0.0075532, , , , , , , 7.1269615, 0.0287022, , , , , , , , , , , , , , , , , , , , , , , , , , , , 
7.1274808, -0.0253452, , , , , , , 7.1274808, -0.0488441, , , , , , , 7.1274808, -0.005539, , , , , , , 7.1274808, 0.0424659, , , , , , , , , , , , , , , , , , , , , , , , , , , , 
7.128, -0.0414588, , , , , , , 7.128, -0.036759, , , , , , , 7.128, -0.005539, , , , , , , 7.128, 0.0542153, , , , , , , , , , , , , , , , , , , , , , , , , , , , 
7.1285192, -0.0528725, , , , , , , 7.1285192, -0.0256809, , , , , , , 7.1285192, -0.0045319, , , , , , , 7.1285192, 0.0605936, , , , , , , , , , , , , , , , , , , , , , , , , , , , 
7.1290385, -0.0585794, , , , , , , 7.1290385, -0.0176242, , , , , , , 7.1290385, -0.0041962, , , , , , , 7.1290385, 0.0631113, , , , , , , , , , , , , , , , , , , , , , , , , , , , 
7.1295577, -0.0595865, , , , , , , 7.1295577, -0.0125887, , , , , , , 7.1295577, -0.005539, , , , , , , 7.1295577, 0.0666361, , , , , , , , , , , , , , , , , , , , , , , , , , , , 
7.1300769, -0.0575723, , , , , , , 7.1300769, -0.0125887, , , , , , , 7.1300769, -0.005539, , , , , , , 7.1300769, 0.068986, , , , , , , , , , , , , , , , , , , , , , , , , , , , 
7.1305962, -0.0532082, , , , , , , 7.1305962, -0.0135958, , , , , , , 7.1305962, -0.0041962, , , , , , , 7.1305962, 0.0666361, , , , , , , , , , , , , , , , , , , , , , , , , , , , 
7.1311154, -0.0438087, , , , , , , 7.1311154, -0.0125887, , , , , , , 7.1311154, -0.0035248, , , , , , , 7.1311154, 0.0562295, , , , , , , , , , , , , , , , , , , , , , , , , , , , 
7.1316346, -0.0320592, , , , , , , 7.1316346, -0.0109102, , , , , , , 7.1316346, -0.0043641, , , , , , , 7.1316346, 0.0441444, , , , , , , , , , , , , , , , , , , , , , , , , , , , 
7.1321538, -0.0229953, , , , , , , 7.1321538, -0.0083925, , , , , , , 7.1321538, -0.0068818, , , , , , , 7.1321538, 0.0354162, , , , , , , , , , , , , , , , , , , , , , , , , , , , 
7.1326731, -0.018967, , , , , , , 7.1326731, -0.0072175, , , , , , , 7.1326731, -0.0083925, , , , , , , 7.1326731, 0.0283665, , , , , , , , , , , , , , , , , , , , , , , , , , , , 
7.1331923, -0.0129244, , , , , , , 7.1331923, -0.005539, , , , , , , 7.1331923, -0.0095674, , , , , , , 7.1331923, 0.0229953, , , , , , , , , , , , , , , , , , , , , , , , , , , , 
7.1337115, -0.0060426, , , , , , , 7.1337115, -0.0031891, , , , , , , 7.1337115, -0.0095674, , , , , , , 7.1337115, 0.0186313, , , , , , , , , , , , , , , , , , , , , , , , , , , , 
7.1342308, 0.0005035, , , , , , , 7.1342308, -0.0028534, , , , , , , 7.1342308, -0.0105745, , , , , , , 7.1342308, 0.0149386, , , , , , , , , , , , , , , , , , , , , , , , , , , , 
7.13475, 0.0078889, , , , , , , 7.13475, -0.0043641, , , , , , , 7.13475, -0.0109102, , , , , , , 7.13475, 0.0112459, , , , , , , , , , , , , , , , , , , , , , , , , , , , 
7.1352692, 0.0142672, , , , , , , 7.1352692, -0.0016785, , , , , , , 7.1352692, -0.0114137, , , , , , , 7.1352692, 0.0075532, , , , , , , , , , , , , , , , , , , , , , , , , , , , 
7.1357885, 0.0193027, , , , , , , 7.1357885, 0.0119173, , , , , , , 7.1357885, -0.0114137, , , , , , , 7.1357885, 0.0035248, , , , , , , , , , , , , , , , , , , , , , , , , , , , 
7.1363077, 0.024506, , , , , , , 7.1363077, 0.0288701, , , , , , , 7.1363077, -0.0112459, , , , , , , 7.1363077, 0.0008392, , , , , , , , , , , , , , , , , , , , , , , , , , , , 
7.1368269, 0.0287022, , , , , , , 7.1368269, 0.0365911, , , , , , , 7.1368269, -0.0109102, , , , , , , 7.1368269, -0.0008392, , , , , , , , , , , , , , , , , , , , , , , , , , , , 
7.1373462, 0.0317235, , , , , , , 7.1373462, 0.0307164, , , , , , , 7.1373462, -0.0109102, , , , , , , 7.1373462, -0.002182, , , , , , , , , , , , , , , , , , , , , , , , , , , , 
7.1378654, 0.0354162, , , , , , , 7.1378654, 0.014435, , , , , , , 7.1378654, -0.0095674, , , , , , , 7.1378654, -0.002182, , , , , , , , , , , , , , , , , , , , , , , , , , , , 
7.1383846, 0.0387732, , , , , , , 7.1383846, -0.0052033, , , , , , , 7.1383846, -0.0092317, , , , , , , 7.1383846, -0.0015106, , , , , , , , , , , , , , , , , , , , , , , , , , , , 
7.1389038, 0.0397803, , , , , , , 7.1389038, -0.023331, , , , , , , 7.1389038, -0.0082246, , , , , , , 7.1389038, -0.0035248, , , , , , , , , , , , , , , , , , , , , , , , , , , , 
7.1394231, 0.0340734, , , , , , , 7.1394231, -0.0318914, , , , , , , 7.1394231, -0.0078889, , , , , , , 7.1394231, -0.0035248, , , , , , , , , , , , , , , , , , , , , , , , , , , , 
7.1399423, 0.0287022, , , , , , , 7.1399423, -0.0273594, , , , , , , 7.1399423, -0.011078, , , , , , , 7.1399423, -0.0030213, , , , , , , , , , , , , , , , , , , , , , , , , , , , 
7.1404615, 0.0327306, , , , , , , 7.1404615, -0.0104067, , , , , , , 7.1404615, -0.0129244, , , , , , , 7.1404615, -0.0075532, , , , , , , , , , , , , , , , , , , , , , , , , , , , 
7.1409808, 0.0475013, , , , , , , 7.1409808, 0.0075532, , , , , , , 7.1409808, -0.0112459, , , , , , , 7.1409808, -0.0203098, , , , , , , , , , , , , , , , , , , , , , , , , , , , 
7.1415, 0.0629435, , , , , , , 7.1415, 0.0129244, , , , , , , 7.1415, -0.0109102, , , , , , , 7.1415, -0.033402, , , , , , , , , , , , , , , , , , , , , , , , , , , , 
7.1420192, 0.0733501, , , , , , , 7.1420192, 0.0005035, , , , , , , 7.1420192, -0.0119173, , , , , , , 7.1420192, -0.0394446, , , , , , , , , , , , , , , , , , , , , , , , , , , , 
7.1425385, 0.0775463, , , , , , , 7.1425385, -0.0216526, , , , , , , 7.1425385, -0.0115816, , , , , , , 7.1425385, -0.0412909, , , , , , , , , , , , , , , , , , , , , , , , , , , , 
7.1430577, 0.0797284, , , , , , , 7.1430577, -0.0382696, , , , , , , 7.1430577, -0.0095674, , , , , , , 7.1430577, -0.0417945, , , , , , , , , , , , , , , , , , , , , , , , , , , , 
7.1435769, 0.0760357, , , , , , , 7.1435769, -0.0461585, , , , , , , 7.1435769, -0.0095674, , , , , , , 7.1435769, -0.0381018, , , , , , , , , , , , , , , , , , , , , , , , , , , , 
7.1440962, 0.0716716, , , , , , , 7.1440962, -0.0501869, , , , , , , 7.1440962, -0.0105745, , , , , , , 7.1440962, -0.0313878, , , , , , , , , , , , , , , , , , , , , , , , , , , , 
7.1446154, 0.0647898, , , , , , , 7.1446154, -0.0471656, , , , , , , 7.1446154, -0.0102388, , , , , , , 7.1446154, -0.0238346, , , , , , , , , , , , , , , , , , , , , , , , , , , , 
7.1451346, 0.0498512, , , , , , , 7.1451346, -0.0327306, , , , , , , 7.1451346, -0.0095674, , , , , , , 7.1451346, -0.0135958, , , , , , , , , , , , , , , , , , , , , , , , , , , , 
7.1456538, 0.0340734, , , , , , , 7.1456538, -0.014435, , , , , , , 7.1456538, -0.0102388, , , , , , , 7.1456538, -0.0035248, , , , , , , , , , , , , , , , , , , , , , , , , , , , 
7.1461731, 0.0193027, , , , , , , 7.1461731, -0.0041962, , , , , , , 7.1461731, -0.0115816, , , , , , , 7.1461731, 0.0038605, , , , , , , , , , , , , , , , , , , , , , , , , , , , 
7.1466923, 0.0065461, , , , , , , 7.1466923, -0.0016785, , , , , , , 7.1466923, -0.012253, , , , , , , 7.1466923, 0.0119173, , , , , , , , , , , , , , , , , , , , , , , , , , , , 
7.1472115, -0.0082246, , , , , , , 7.1472115, -0.0025177, , , , , , , 7.1472115, -0.0105745, , , , , , , 7.1472115, 0.0250095, , , , , , , , , , , , , , , , , , , , , , , , , , , , 
7.1477308, -0.0209812, , , , , , , 7.1477308, -0.0035248, , , , , , , 7.1477308, -0.0099031, , , , , , , 7.1477308, 0.0369268, , , , , , , , , , , , , , , , , , , , , , , , , , , , 
7.14825, -0.0270237, , , , , , , 7.14825, -0.0025177, , , , , , , 7.14825, -0.0087282, , , , , , , 7.14825, 0.0464942, , , , , , , , , , , , , , , , , , , , , , , , , , , , 
7.1487692, -0.0293736, , , , , , , 7.1487692, -0.0001678, , , , , , , 7.1487692, -0.005539, , , , , , , 7.1487692, 0.0535439, , , , , , , , , , , , , , , , , , , , , , , , , , , , 
7.1492885, -0.0320592, , , , , , , 7.1492885, 0.0036927, , , , , , , 7.1492885, -0.0052033, , , , , , , 7.1492885, 0.0585794, , , , , , , , , , , , , , , , , , , , , , , , , , , , 
7.1498077, -0.0417945, , , , , , , 7.1498077, 0.0057069, , , , , , , 7.1498077, -0.0075532, , , , , , , 7.1498077, 0.0616007, , , , , , , , , , , , , , , , , , , , , , , , , , , , 
7.1503269, -0.0515297, , , , , , , 7.1503269, 0.0030213, , , , , , , 7.1503269, -0.0090639, , , , , , , 7.1503269, 0.0622721, , , , , , , , , , , , , , , , , , , , , , , , , , , , 
7.1508462, -0.0520333, , , , , , , 7.1508462, 0.0008392, , , , , , , 7.1508462, -0.0082246, , , , , , , 7.1508462, 0.0562295, , , , , , , , , , , , , , , , , , , , , , , , , , , , 
7.1513654, -0.0439765, , , , , , , 7.1513654, 0.0008392, , , , , , , 7.1513654, -0.0068818, , , , , , , 7.1513654, 0.0428016, , , , , , , , , , , , , , , , , , , , , , , , , , , , 
7.1518846, -0.0327306, , , , , , , 7.1518846, 0.0010071, , , , , , , 7.1518846, -0.0065461, , , , , , , 7.1518846, 0.0310521, , , , , , , , , , , , , , , , , , , , , , , , , , , , 
7.1524038, -0.0216526, , , , , , , 7.1524038, 0.0008392, , , , , , , 7.1524038, -0.0072175, , , , , , , 7.1524038, 0.0229953, , , , , , , , , , , , , , , , , , , , , , , , , , , , 
7.1529231, -0.0095674, , , , , , , 7.1529231, 0.0008392, , , , , , , 7.1529231, -0.0065461, , , , , , , 7.1529231, 0.0193027, , , , , , , , , , , , , , , , , , , , , , , , , , , , 
7.1534423, 0.0035248, , , , , , , 7.1534423, -0.0001678, , , , , , , 7.1534423, -0.0052033, , , , , , , 7.1534423, 0.0172885, , , , , , , , , , , , , , , , , , , , , , , , , , , , 
7.1539615, 0.0105745, , , , , , , 7.1539615, -0.0018463, , , , , , , 7.1539615, -0.0035248, , , , , , , 7.1539615, 0.0172885, , , , , , , , , , , , , , , , , , , , , , , , , , , , 
7.1544808, 0.011078, , , , , , , 7.1544808, -0.0031891, , , , , , , 7.1544808, -0.0035248, , , , , , , 7.1544808, 0.0152743, , , , , , , , , , , , , , , , , , , , , , , , , , , , 
7.155, 0.0102388, , , , , , , 7.155, -0.0018463, , , , , , , 7.155, -0.0041962, , , , , , , 7.155, 0.0115816, , , , , , , , , , , , , , , , , , , , , , , , , , , , 
7.1555192, 0.0125887, , , , , , , 7.1555192, -0.0015106, , , , , , , 7.1555192, -0.0062104, , , , , , , 7.1555192, 0.0052033, , , , , , , , , , , , , , , , , , , , , , , , , , , , 
7.1560385, 0.0162814, , , , , , , 7.1560385, -0.0035248, , , , , , , 7.1560385, -0.0062104, , , , , , , 7.1560385, 0.0018463, , , , , , , , , , , , , , , , , , , , , , , , , , , , 
7.1565577, 0.0193027, , , , , , , 7.1565577, -0.0048676, , , , , , , 7.1565577, -0.0038605, , , , , , , 7.1565577, 0.0038605, , , , , , , , , , , , , , , , , , , , , , , , , , , , 
7.1570769, 0.0226596, , , , , , , 7.1570769, -0.0052033, , , , , , , 7.1570769, -0.0041962, , , , , , , 7.1570769, 0.0058747, , , , , , , , , , , , , , , , , , , , , , , , , , , , 
7.1575962, 0.030045, , , , , , , 7.1575962, -0.0041962, , , , , , , 7.1575962, -0.0068818, , , , , , , 7.1575962, 0.0097353, , , , , , , , , , , , , , , , , , , , , , , , , , , , 
7.1581154, 0.0320592, , , , , , , 7.1581154, -0.0041962, , , , , , , 7.1581154, -0.0065461, , , , , , , 7.1581154, 0.0129244, , , , , , , , , , , , , , , , , , , , , , , , , , , , 
7.1586346, 0.026688, , , , , , , 7.1586346, -0.0065461, , , , , , , 7.1586346, -0.0062104, , , , , , , 7.1586346, 0.0125887, , , , , , , , , , , , , , , , , , , , , , , , , , , , 
7.1591538, 0.021149, , , , , , , 7.1591538, -0.0099031, , , , , , , 7.1591538, -0.0082246, , , , , , , 7.1591538, 0.0119173, , , , , , , , , , , , , , , , , , , , , , , , , , , , 
7.1596731, 0.0166171, , , , , , , 7.1596731, -0.0109102, , , , , , , 7.1596731, -0.0085603, , , , , , , 7.1596731, 0.0117494, , , , , , , , , , , , , , , , , , , , , , , , , , , , 
7.1601923, 0.0164492, , , , , , , 7.1601923, -0.0095674, , , , , , , 7.1601923, -0.0077211, , , , , , , 7.1601923, 0.0099031, , , , , , , , , , , , , , , , , , , , , , , , , , , , 
7.1607115, 0.0260166, , , , , , , 7.1607115, -0.0082246, , , , , , , 7.1607115, -0.0095674, , , , , , , 7.1607115, 0.0031891, , , , , , , , , , , , , , , , , , , , , , , , , , , , 
7.1612308, 0.0454871, , , , , , , 7.1612308, -0.0077211, , , , , , , 7.1612308, -0.0137636, , , , , , , 7.1612308, -0.0115816, , , , , , , , , , , , , , , , , , , , , , , , , , , , 
7.16175, 0.0636149, , , , , , , 7.16175, -0.0078889, , , , , , , 7.16175, -0.0146029, , , , , , , 7.16175, -0.0260166, , , , , , , , , , , , , , , , , , , , , , , , , , , , 
7.1622692, 0.0780499, , , , , , , 7.1622692, -0.0068818, , , , , , , 7.1622692, -0.0130922, , , , , , , 7.1622692, -0.0340734, , , , , , , , , , , , , , , , , , , , , , , , , , , , 
7.1627885, 0.0918135, , , , , , , 7.1627885, -0.0025177, , , , , , , 7.1627885, -0.0109102, , , , , , , 7.1627885, -0.036759, , , , , , , , , , , , , , , , , , , , , , , , , , , , 
7.1633077, 0.0978561, , , , , , , 7.1633077, 0.0011749, , , , , , , 7.1633077, -0.0102388, , , , , , , 7.1633077, -0.0360876, , , , , , , , , , , , , , , , , , , , , , , , , , , , 
7.1638269, 0.0938277, , , , , , , 7.1638269, 0.0011749, , , , , , , 7.1638269, -0.0102388, , , , , , , 7.1638269, -0.033402, , , , , , , , , , , , , , , , , , , , , , , , , , , , 
7.1643462, 0.0840925, , , , , , , 7.1643462, -0.0035248, , , , , , , 7.1643462, -0.0119173, , , , , , , 7.1643462, -0.0276951, , , , , , , , , , , , , , , , , , , , , , , , , , , , 
7.1648654, 0.0746929, , , , , , , 7.1648654, -0.0068818, , , , , , , 7.1648654, -0.012253, , , , , , , 7.1648654, -0.017792, , , , , , , , , , , , , , , , , , , , , , , , , , , , 
7.1653846, 0.0636149, , , , , , , 7.1653846, -0.0058747, , , , , , , 7.1653846, -0.0105745, , , , , , , 7.1653846, -0.0052033, , , , , , , , , , , , , , , , , , , , , , , , , , , , 
7.1659038, 0.0498512, , , , , , , 7.1659038, 0.0048676, , , , , , , 7.1659038, -0.0097353, , , , , , , 7.1659038, 0.0072175, , , , , , , , , , , , , , , , , , , , , , , , , , , , 
7.1664231, 0.0350805, , , , , , , 7.1664231, 0.0354162, , , , , , , 7.1664231, -0.0090639, , , , , , , 7.1664231, 0.0166171, , , , , , , , , , , , , , , , , , , , , , , , , , , , 
7.1669423, 0.0186313, , , , , , , 7.1669423, 0.0715038, , , , , , , 7.1669423, -0.0082246, , , , , , , 7.1669423, 0.0265202, , , , , , , , , , , , , , , , , , , , , , , , , , , , 
7.1674615, -0.0028534, , , , , , , 7.1674615, 0.0864424, , , , , , , 7.1674615, -0.0082246, , , , , , , 7.1674615, 0.0394446, , , , , , , , , , , , , , , , , , , , , , , , , , , , 
7.1679808, -0.0204776, , , , , , , 7.1679808, 0.0710002, , , , , , , 7.1679808, -0.0072175, , , , , , , 7.1679808, 0.0505226, , , , , , , , , , , , , , , , , , , , , , , , , , , , 
7.1685, -0.0327306, , , , , , , 7.1685, 0.0381018, , , , , , , 7.1685, -0.0035248, , , , , , , 7.1685, 0.0595865, , , , , , , , , , , , , , , , , , , , , , , , , , , , 
7.1690192, -0.0448157, , , , , , , 7.1690192, 0.0011749, , , , , , , 7.1690192, -0.0008392, , , , , , , 7.1690192, 0.0666361, , , , , , , , , , , , , , , , , , , , , , , , , , , , 
7.1695385, -0.0585794, , , , , , , 7.1695385, -0.0340734, , , , , , , 7.1695385, -0.0011749, , , , , , , 7.1695385, 0.070161, , , , , , , , , , , , , , , , , , , , , , , , , , , , 
7.1700577, -0.0688182, , , , , , , 7.1700577, -0.0654612, , , , , , , 7.1700577, -0.0028534, , , , , , , 7.1700577, 0.0713359, , , , , , , , , , , , , , , , , , , , , , , , , , , , 
7.1705769, -0.0699931, , , , , , , 7.1705769, -0.0971847, , , , , , , 7.1705769, -0.0018463, , , , , , , 7.1705769, 0.068986, , , , , , , , , , , , , , , , , , , , , , , , , , , , 
7.1710962, -0.0599222, , , , , , , 7.1710962, -0.1176623, , , , , , , 7.1710962, -0.0001678, , , , , , , 7.1710962, 0.0609293, , , , , , , , , , , , , , , , , , , , , , , , , , , , 
7.1716154, -0.0453193, , , , , , , 7.1716154, -0.1008774, , , , , , , 7.1716154, 0.0005035, , , , , , , 7.1716154, 0.0493477, , , , , , , , , , , , , , , , , , , , , , , , , , , , 
7.1721346, -0.0317235, , , , , , , 7.1721346, -0.0592508, , , , , , , 7.1721346, 0.0001678, , , , , , , 7.1721346, 0.0394446, , , , , , , , , , , , , , , , , , , , , , , , , , , , 
7.1726538, -0.0229953, , , , , , , 7.1726538, -0.030045, , , , , , , 7.1726538, -0.0001678, , , , , , , 7.1726538, 0.0325628, , , , , , , , , , , , , , , , , , , , , , , , , , , , 
7.1731731, -0.01561, , , , , , , 7.1731731, -0.0243381, , , , , , , 7.1731731, -0.0003357, , , , , , , 7.1731731, 0.0256809, , , , , , , , , , , , , , , , , , , , , , , , , , , , 
7.1736923, -0.0041962, , , , , , , 7.1736923, -0.0253452, , , , , , , 7.1736923, -0.002182, , , , , , , 7.1736923, 0.0176242, , , , , , , , , , , , , , , , , , , , , , , , , , , , 
7.1742115, 0.0045319, , , , , , , 7.1742115, -0.018967, , , , , , , 7.1742115, -0.0043641, , , , , , , 7.1742115, 0.0132601, , , , , , , , , , , , , , , , , , , , , , , , , , , , 
7.1747308, 0.008896, , , , , , , 7.1747308, -0.0135958, , , , , , , 7.1747308, -0.0041962, , , , , , , 7.1747308, 0.0132601, , , , , , , , , , , , , , , , , , , , , , , , , , , , 
7.17525, 0.0125887, , , , , , , 7.17525, -0.0157778, , , , , , , 7.17525, -0.0035248, , , , , , , 7.17525, 0.0129244, , , , , , , , , , , , , , , , , , , , , , , , , , , , 
7.1757692, 0.0198062, , , , , , , 7.1757692, -0.0216526, , , , , , , 7.1757692, -0.0041962, , , , , , , 7.1757692, 0.0092317, , , , , , , , , , , , , , , , , , , , , , , , , , , , 
7.1762885, 0.0263523, , , , , , , 7.1762885, -0.0297093, , , , , , , 7.1762885, -0.0048676, , , , , , , 7.1762885, 0.0035248, , , , , , , , , , , , , , , , , , , , , , , , , , , , 
7.1768077, 0.024506, , , , , , , 7.1768077, -0.0394446, , , , , , , 7.1768077, -0.0041962, , , , , , , 7.1768077, 0.0005035, , , , , , , , , , , , , , , , , , , , , , , , , , , , 
7.1773269, 0.0223239, , , , , , , 7.1773269, -0.0391089, , , , , , , 7.1773269, -0.0028534, , , , , , , 7.1773269, 0.0005035, , , , , , , , , , , , , , , , , , , , , , , , , , , , 
7.1778462, 0.0209812, , , , , , , 7.1778462, -0.0250095, , , , , , , 7.1778462, -0.0041962, , , , , , , 7.1778462, 0.0010071, , , , , , , , , , , , , , , , , , , , , , , , , , , , 
7.1783654, 0.0172885, , , , , , , 7.1783654, -0.0057069, , , , , , , 7.1783654, -0.0065461, , , , , , , 7.1783654, 0.0015106, , , , , , , , , , , , , , , , , , , , , , , , , , , , 
7.1788846, 0.0154421, , , , , , , 7.1788846, 0.0166171, , , , , , , 7.1788846, -0.0075532, , , , , , , 7.1788846, 0.0016785, , , , , , , , , , , , , , , , , , , , , , , , , , , , 
7.1794038, 0.0171206, , , , , , , 7.1794038, 0.0407874, , , , , , , 7.1794038, -0.008896, , , , , , , 7.1794038, 0.0003357, , , , , , , , , , , , , , , , , , , , , , , , , , , , 
7.1799231, 0.0199741, , , , , , , 7.1799231, 0.0679789, , , , , , , 7.1799231, -0.0102388, , , , , , , 7.1799231, 0.0008392, , , , , , , , , , , , , , , , , , , , , , , , , , , , 
7.1804423, 0.0199741, , , , , , , 7.1804423, 0.0938277, , , , , , , 7.1804423, -0.0105745, , , , , , , 7.1804423, -0.0003357, , , , , , , , , , , , , , , , , , , , , , , , , , , , 
7.1809615, 0.0273594, , , , , , , 7.1809615, 0.1005417, , , , , , , 7.1809615, -0.0104067, , , , , , , 7.1809615, -0.0075532, , , , , , , , , , , , , , , , , , , , , , , , , , , , 
7.1814808, 0.0475013, , , , , , , 7.1814808, 0.0777142, , , , , , , 7.1814808, -0.0102388, , , , , , , 7.1814808, -0.01561, , , , , , , , , , , , , , , , , , , , , , , , , , , , 
7.182, 0.0720073, , , , , , , 7.182, 0.0313878, , , , , , , 7.182, -0.0109102, , , , , , , 7.182, -0.018967, , , , , , , , , , , , , , , , , , , , , , , , , , , , 
7.1825192, 0.0914778, , , , , , , 7.1825192, -0.0271916, , , , , , , 7.1825192, -0.0109102, , , , , , , 7.1825192, -0.0219883, , , , , , , , , , , , , , , , , , , , , , , , , , , , 
7.1830385, 0.0986954, , , , , , , 7.1830385, -0.0807355, , , , , , , 7.1830385, -0.0105745, , , , , , , 7.1830385, -0.0240024, , , , , , , , , , , , , , , , , , , , , , , , , , , , 
7.1835577, 0.093492, , , , , , , 7.1835577, -0.105745, , , , , , , 7.1835577, -0.0109102, , , , , , , 7.1835577, -0.0256809, , , , , , , , , , , , , , , , , , , , , , , , , , , , 
7.1840769, 0.0827497, , , , , , , 7.1840769, -0.1099413, , , , , , , 7.1840769, -0.0109102, , , , , , , 7.1840769, -0.0236667, , , , , , , , , , , , , , , , , , , , , , , , , , , , 
7.1845962, 0.0703288, , , , , , , 7.1845962, -0.1099413, , , , , , , 7.1845962, -0.0104067, , , , , , , 7.1845962, -0.0159457, , , , , , , , , , , , , , , , , , , , , , , , , , , , 
7.1851154, 0.0589151, , , , , , , 7.1851154, -0.0928206, , , , , , , 7.1851154, -0.0097353, , , , , , , 7.1851154, -0.0068818, , , , , , , , , , , , , , , , , , , , , , , , , , , , 
7.1856346, 0.0471656, , , , , , , 7.1856346, -0.0538796, , , , , , , 7.1856346, -0.0099031, , , , , , , 7.1856346, 0.0011749, , , , , , , , , , , , , , , , , , , , , , , , , , , , 
7.1861538, 0.0377661, , , , , , , 7.1861538, -0.018967, , , , , , , 7.1861538, -0.008896, , , , , , , 7.1861538, 0.0092317, , , , , , , , , , , , , , , , , , , , , , , , , , , , 
7.1866731, 0.0292058, , , , , , , 7.1866731, -0.0035248, , , , , , , 7.1866731, -0.0085603, , , , , , , 7.1866731, 0.018967, , , , , , , , , , , , , , , , , , , , , , , , , , , , 
7.1871923, 0.0157778, , , , , , , 7.1871923, -0.0011749, , , , , , , 7.1871923, -0.008896, , , , , , , 7.1871923, 0.0317235, , , , , , , , , , , , , , , , , , , , , , , , , , , , 
7.1877115, 0.0001678, , , , , , , 7.1877115, 0.0075532, , , , , , , 7.1877115, -0.0082246, , , , , , , 7.1877115, 0.0441444, , , , , , , , , , , , , , , , , , , , , , , , , , , , 
7.1882308, -0.0146029, , , , , , , 7.1882308, 0.047837, , , , , , , 7.1882308, -0.0073854, , , , , , , 7.1882308, 0.0548867, , , , , , , , , , , , , , , , , , , , , , , , , , , , 
7.18875, -0.033402, , , , , , , 7.18875, 0.0955062, , , , , , , 7.18875, -0.0068818, , , , , , , 7.18875, 0.0636149, , , , , , , , , , , , , , , , , , , , , , , , , , , , 
7.1892692, -0.0458228, , , , , , , 7.1892692, 0.1143053, , , , , , , 7.1892692, -0.0058747, , , , , , , 7.1892692, 0.0674754, , , , , , , , , , , , , , , , , , , , , , , , , , , , 
7.1897885, -0.0498512, , , , , , , 7.1897885, 0.0985275, , , , , , , 7.1897885, -0.0031891, , , , , , , 7.1897885, 0.0676432, , , , , , , , , , , , , , , , , , , , , , , , , , , , 
7.1903077, -0.0585794, , , , , , , 7.1903077, 0.0676432, , , , , , , 7.1903077, -0.0018463, , , , , , , 7.1903077, 0.0656291, , , , , , , , , , , , , , , , , , , , , , , , , , , , 
7.1908269, -0.0619364, , , , , , , 7.1908269, 0.0387732, , , , , , , 7.1908269, -0.002182, , , , , , , 7.1908269, 0.0592508, , , , , , , , , , , , , , , , , , , , , , , , , , , , 
7.1913462, -0.0542153, , , , , , , 7.1913462, 0.0117494, , , , , , , 7.1913462, -0.0031891, , , , , , , 7.1913462, 0.0464942, , , , , , , , , , , , , , , , , , , , , , , , , , , , 
7.1918654, -0.0411231, , , , , , , 7.1918654, -0.0203098, , , , , , , 7.1918654, -0.0041962, , , , , , , 7.1918654, 0.0344091, , , , , , , , , , , , , , , , , , , , , , , , , , , , 
7.1923846, -0.0317235, , , , , , , 7.1923846, -0.0740215, , , , , , , 7.1923846, -0.0058747, , , , , , , 7.1923846, 0.0271916, , , , , , , , , , , , , , , , , , , , , , , , , , , , 
7.1929038, -0.0276951, , , , , , , 7.1929038, -0.1326009, , , , , , , 7.1929038, -0.0075532, , , , , , , 7.1929038, 0.0199741, , , , , , , , , , , , , , , , , , , , , , , , , , , , 
7.1934231, -0.021149, , , , , , , 7.1934231, -0.145861, , , , , , , 7.1934231, -0.0063783, , , , , , , 7.1934231, 0.0140993, , , , , , , , , , , , , , , , , , , , , , , , , , , , 
7.1939423, -0.012253, , , , , , , 7.1939423, -0.1082628, , , , , , , 7.1939423, -0.0082246, , , , , , , 7.1939423, 0.0105745, , , , , , , , , , , , , , , , , , , , , , , , , , , , 
7.1944615, -0.0068818, , , , , , , 7.1944615, -0.0686503, , , , , , , 7.1944615, -0.0112459, , , , , , , 7.1944615, 0.0085603, , , , , , , , , , , , , , , , , , , , , , , , , , , , 
7.1949808, -0.0035248, , , , , , , 7.1949808, -0.0558938, , , , , , , 7.1949808, -0.0135958, , , , , , , 7.1949808, 0.0068818, , , , , , , , , , , , , , , , , , , , , , , , , , , , 
7.1955, 0.0011749, , , , , , , 7.1955, -0.0513619, , , , , , , 7.1955, -0.0125887, , , , , , , 7.1955, 0.0058747, , , , , , , , , , , , , , , , , , , , , , , , , , , , 
7.1960192, 0.0045319, , , , , , , 7.1960192, -0.0340734, , , , , , , 7.1960192, -0.0102388, , , , , , , 7.1960192, 0.0031891, , , , , , , , , , , , , , , , , , , , , , , , , , , , 
7.1965385, 0.0078889, , , , , , , 7.1965385, -0.0068818, , , , , , , 7.1965385, -0.0092317, , , , , , , 7.1965385, 0.0018463, , , , , , , , , , , , , , , , , , , , , , , , , , , , 
7.1970577, 0.0152743, , , , , , , 7.1970577, 0.0198062, , , , , , , 7.1970577, -0.0075532, , , , , , , 7.1970577, 0.0011749, , , , , , , , , , , , , , , , , , , , , , , , , , , , 
7.1975769, 0.0196384, , , , , , , 7.1975769, 0.0374304, , , , , , , 7.1975769, -0.0085603, , , , , , , 7.1975769, -0.0008392, , , , , , , , , , , , , , , , , , , , , , , , , , , , 
7.1980962, 0.017792, , , , , , , 7.1980962, 0.043473, , , , , , , 7.1980962, -0.0105745, , , , , , , 7.1980962, 0.0001678, , , , , , , , , , , , , , , , , , , , , , , , , , , , 
7.1986154, 0.0119173, , , , , , , 7.1986154, 0.0365911, , , , , , , 7.1986154, -0.0115816, , , , , , , 7.1986154, 0.0003357, , , , , , , , , , , , , , , , , , , , , , , , , , , , 
7.1991346, 0.0114137, , , , , , , 7.1991346, 0.0224918, , , , , , , 7.1991346, -0.0102388, , , , , , , 7.1991346, 0.0003357, , , , , , , , , , , , , , , , , , , , , , , , , , , , 
7.1996538, 0.0166171, , , , , , , 7.1996538, 0.0102388, , , , , , , 7.1996538, -0.0095674, , , , , , , 7.1996538, -0.0001678, , , , , , , , , , , , , , , , , , , , , , , , , , , , 
7.2001731, 0.0236667, , , , , , , 7.2001731, 0.0018463, , , , , , , 7.2001731, -0.011078, , , , , , , 7.2001731, -0.0018463, , , , , , , , , , , , , , , , , , , , , , , , , , , , 
7.2006923, 0.0327306, , , , , , , 7.2006923, -0.0028534, , , , , , , 7.2006923, -0.0109102, , , , , , , 7.2006923, -0.0109102, , , , , , , , , , , , , , , , , , , , , , , , , , , , 
7.2012115, 0.0488441, , , , , , , 7.2012115, -0.0112459, , , , , , , 7.2012115, -0.0102388, , , , , , , 7.2012115, -0.023331, , , , , , , , , , , , , , , , , , , , , , , , , , , , 
7.2017308, 0.0614328, , , , , , , 7.2017308, -0.021149, , , , , , , 7.2017308, -0.0112459, , , , , , , 7.2017308, -0.0323949, , , , , , , , , , , , , , , , , , , , , , , , , , , , 
7.20225, 0.0669718, , , , , , , 7.20225, -0.0203098, , , , , , , 7.20225, -0.0109102, , , , , , , 7.20225, -0.0354162, , , , , , , , , , , , , , , , , , , , , , , , , , , , 
7.2027692, 0.0753643, , , , , , , 7.2027692, -0.0075532, , , , , , , 7.2027692, -0.0112459, , , , , , , 7.2027692, -0.0350805, , , , , , , , , , , , , , , , , , , , , , , , , , , , 
7.2032885, 0.0877852, , , , , , , 7.2032885, 0.0028534, , , , , , , 7.2032885, -0.0119173, , , , , , , 7.2032885, -0.0297093, , , , , , , , , , , , , , , , , , , , , , , , , , , , 
7.2038077, 0.0854353, , , , , , , 7.2038077, 0.0062104, , , , , , , 7.2038077, -0.012253, , , , , , , 7.2038077, -0.0268559, , , , , , , , , , , , , , , , , , , , , , , , , , , , 
7.2043269, 0.0713359, , , , , , , 7.2043269, 0.0057069, , , , , , , 7.2043269, -0.012253, , , , , , , 7.2043269, -0.0250095, , , , , , , , , , , , , , , , , , , , , , , , , , , , 
7.2048462, 0.0626078, , , , , , , 7.2048462, 0.0052033, , , , , , , 7.2048462, -0.0115816, , , , , , , 7.2048462, -0.0176242, , , , , , , , , , , , , , , , , , , , , , , , , , , , 
7.2053654, 0.0555581, , , , , , , 7.2053654, 0.0050355, , , , , , , 7.2053654, -0.0104067, , , , , , , 7.2053654, -0.0075532, , , , , , , , , , , , , , , , , , , , , , , , , , , , 
7.2058846, 0.0421302, , , , , , , 7.2058846, 0.0062104, , , , , , , 7.2058846, -0.0109102, , , , , , , 7.2058846, 0.0001678, , , , , , , , , , , , , , , , , , , , , , , , , , , , 
7.2064038, 0.0229953, , , , , , , 7.2064038, 0.0099031, , , , , , , 7.2064038, -0.0115816, , , , , , , 7.2064038, 0.0078889, , , , , , , , , , , , , , , , , , , , , , , , , , , , 
7.2069231, 0.0031891, , , , , , , 7.2069231, 0.0105745, , , , , , , 7.2069231, -0.0109102, , , , , , , 7.2069231, 0.0196384, , , , , , , , , , , , , , , , , , , , , , , , , , , , 
7.2074423, -0.0182956, , , , , , , 7.2074423, 0.0072175, , , , , , , 7.2074423, -0.0085603, , , , , , , 7.2074423, 0.0307164, , , , , , , , , , , , , , , , , , , , , , , , , , , , 
7.2079615, -0.0377661, , , , , , , 7.2079615, 0.0052033, , , , , , , 7.2079615, -0.0082246, , , , , , , 7.2079615, 0.040116, , , , , , , , , , , , , , , , , , , , , , , , , , , , 
7.2084808, -0.0498512, , , , , , , 7.2084808, 0.0025177, , , , , , , 7.2084808, -0.0068818, , , , , , , 7.2084808, 0.0485084, , , , , , , , , , , , , , , , , , , , , , , , , , , , 
7.209, -0.0585794, , , , , , , 7.209, -0.0001678, , , , , , , 7.209, -0.0043641, , , , , , , 7.209, 0.0569009, , , , , , , , , , , , , , , , , , , , , , , , , , , , 
7.2095192, -0.0706645, , , , , , , 7.2095192, -0.0016785, , , , , , , 7.2095192, -0.0035248, , , , , , , 7.2095192, 0.0661326, , , , , , , , , , , , , , , , , , , , , , , , , , , , 
7.2100385, -0.0820783, , , , , , , 7.2100385, -0.0011749, , , , , , , 7.2100385, -0.0038605, , , , , , , 7.2100385, 0.0716716, , , , , , , , , , , , , , , , , , , , , , , , , , , , 
7.2105577, -0.0820783, , , , , , , 7.2105577, 0.0025177, , , , , , , 7.2105577, -0.0035248, , , , , , , 7.2105577, 0.0720073, , , , , , , , , , , , , , , , , , , , , , , , , , , , 
7.2110769, -0.0656291, , , , , , , 7.2110769, 0.0117494, , , , , , , 7.2110769, -0.0018463, , , , , , , 7.2110769, 0.0656291, , , , , , , , , , , , , , , , , , , , , , , , , , , , 
7.2115962, -0.0419623, , , , , , , 7.2115962, 0.0196384, , , , , , , 7.2115962, -0.002182, , , , , , , 7.2115962, 0.0553902, , , , , , , , , , , , , , , , , , , , , , , , , , , , 
7.2121154, -0.0184634, , , , , , , 7.2121154, 0.0206455, , , , , , , 7.2121154, -0.0038605, , , , , , , 7.2121154, 0.0433051, , , , , , , , , , , , , , , , , , , , , , , , , , , , 
7.2126346, -0.0028534, , , , , , , 7.2126346, 0.0172885, , , , , , , 7.2126346, -0.0038605, , , , , , , 7.2126346, 0.0320592, , , , , , , , , , , , , , , , , , , , , , , , , , , , 
7.2131538, 0.0052033, , , , , , , 7.2131538, 0.0075532, , , , , , , 7.2131538, -0.0041962, , , , , , , 7.2131538, 0.0243381, , , , , , , , , , , , , , , , , , , , , , , , , , , , 
7.2136731, 0.0119173, , , , , , , 7.2136731, -0.0072175, , , , , , , 7.2136731, -0.0062104, , , , , , , 7.2136731, 0.0191348, , , , , , , , , , , , , , , , , , , , , , , , , , , , 
7.2141923, 0.017792, , , , , , , 7.2141923, -0.0209812, , , , , , , 7.2141923, -0.0082246, , , , , , , 7.2141923, 0.0179599, , , , , , , , , , , , , , , , , , , , , , , , , , , , 
7.2147115, 0.0203098, , , , , , , 7.2147115, -0.0297093, , , , , , , 7.2147115, -0.0090639, , , , , , , 7.2147115, 0.0184634, , , , , , , , , , , , , , , , , , , , , , , , , , , , 
7.2152308, 0.0206455, , , , , , , 7.2152308, -0.036759, , , , , , , 7.2152308, -0.0085603, , , , , , , 7.2152308, 0.0129244, , , , , , , , , , , , , , , , , , , , , , , , , , , , 
7.21575, 0.021149, , , , , , , 7.21575, -0.0377661, , , , , , , 7.21575, -0.0085603, , , , , , , 7.21575, 0.0038605, , , , , , , , , , , , , , , , , , , , , , , , , , , , 
7.2162692, 0.0226596, , , , , , , 7.2162692, -0.0305486, , , , , , , 7.2162692, -0.008896, , , , , , , 7.2162692, -0.0015106, , , , , , , , , , , , , , , , , , , , , , , , , , , , 
7.2167885, 0.0253452, , , , , , , 7.2167885, -0.0196384, , , , , , , 7.2167885, -0.008896, , , , , , , 7.2167885, -0.0041962, , , , , , , , , , , , , , , , , , , , , , , , , , , , 
7.2173077, 0.023331, , , , , , , 7.2173077, -0.0117494, , , , , , , 7.2173077, -0.0078889, , , , , , , 7.2173077, -0.0038605, , , , , , , , , , , , , , , , , , , , , , , , , , , , 
7.2178269, 0.0240024, , , , , , , 7.2178269, -0.0095674, , , , , , , 7.2178269, -0.0065461, , , , , , , 7.2178269, -0.0028534, , , , , , , , , , , , , , , , , , , , , , , , , , , , 
7.2183462, 0.0236667, , , , , , , 7.2183462, -0.008896, , , , , , , 7.2183462, -0.0083925, , , , , , , 7.2183462, -0.0018463, , , , , , , , , , , , , , , , , , , , , , , , , , , , 
7.2188654, 0.023331, , , , , , , 7.2188654, -0.0068818, , , , , , , 7.2188654, -0.0109102, , , , , , , 7.2188654, -0.0018463, , , , , , , , , , , , , , , , , , , , , , , , , , , , 
7.2193846, 0.023331, , , , , , , 7.2193846, -0.0045319, , , , , , , 7.2193846, -0.0109102, , , , , , , 7.2193846, -0.0028534, , , , , , , , , , , , , , , , , , , , , , , , , , , , 
7.2199038, 0.0260166, , , , , , , 7.2199038, -0.0018463, , , , , , , 7.2199038, -0.0112459, , , , , , , 7.2199038, -0.0028534, , , , , , , , , , , , , , , , , , , , , , , , , , , , 
7.2204231, 0.0347448, , , , , , , 7.2204231, 0, , , , , , , 7.2204231, -0.0135958, , , , , , , 7.2204231, -0.0031891, , , , , , , , , , , , , , , , , , , , , , , , , , , , 
7.2209423, 0.0500191, , , , , , , 7.2209423, 0.0005035, , , , , , , 7.2209423, -0.0142672, , , , , , , 7.2209423, -0.0112459, , , , , , , , , , , , , , , , , , , , , , , , , , , , 
7.2214615, 0.0663005, , , , , , , 7.2214615, -0.0018463, , , , , , , 7.2214615, -0.0132601, , , , , , , 7.2214615, -0.0209812, , , , , , , , , , , , , , , , , , , , , , , , , , , , 
7.2219808, 0.072343, , , , , , , 7.2219808, -0.0041962, , , , , , , 7.2219808, -0.0124208, , , , , , , 7.2219808, -0.0265202, , , , , , , , , , , , , , , , , , , , , , , , , , , , 
7.2225, 0.0730144, , , , , , , 7.2225, -0.0030213, , , , , , , 7.2225, -0.0102388, , , , , , , 7.2225, -0.0283665, , , , , , , , , , , , , , , , , , , , , , , , , , , , 
7.2230192, 0.0730144, , , , , , , 7.2230192, -0.002182, , , , , , , 7.2230192, -0.0095674, , , , , , , 7.2230192, -0.0276951, , , , , , , , , , , , , , , , , , , , , , , , , , , , 
7.2235385, 0.0696574, , , , , , , 7.2235385, -0.0031891, , , , , , , 7.2235385, -0.0112459, , , , , , , 7.2235385, -0.0261845, , , , , , , , , , , , , , , , , , , , , , , , , , , , 
7.2240577, 0.0659648, , , , , , , 7.2240577, -0.005539, , , , , , , 7.2240577, -0.012253, , , , , , , 7.2240577, -0.0240024, , , , , , , , , , , , , , , , , , , , , , , , , , , , 
7.2245769, 0.0595865, , , , , , , 7.2245769, -0.0057069, , , , , , , 7.2245769, -0.0124208, , , , , , , 7.2245769, -0.0172885, , , , , , , , , , , , , , , , , , , , , , , , , , , , 
7.2250962, 0.0501869, , , , , , , 7.2250962, -0.0065461, , , , , , , 7.2250962, -0.012253, , , , , , , 7.2250962, -0.0075532, , , , , , , , , , , , , , , , , , , , , , , , , , , , 
7.2256154, 0.0406195, , , , , , , 7.2256154, -0.0082246, , , , , , , 7.2256154, -0.0105745, , , , , , , 7.2256154, 0.0018463, , , , , , , , , , , , , , , , , , , , , , , , , , , , 
7.2261346, 0.0307164, , , , , , , 7.2261346, -0.0095674, , , , , , , 7.2261346, -0.0097353, , , , , , , 7.2261346, 0.0099031, , , , , , , , , , , , , , , , , , , , , , , , , , , , 
7.2266538, 0.0219883, , , , , , , 7.2266538, -0.0095674, , , , , , , 7.2266538, -0.0104067, , , , , , , 7.2266538, 0.0179599, , , , , , , , , , , , , , , , , , , , , , , , , , , , 
7.2271731, 0.011078, , , , , , , 7.2271731, -0.0085603, , , , , , , 7.2271731, -0.0095674, , , , , , , 7.2271731, 0.0263523, , , , , , , , , , , , , , , , , , , , , , , , , , , , 
7.2276923, -0.0038605, , , , , , , 7.2276923, -0.0085603, , , , , , , 7.2276923, -0.0072175, , , , , , , 7.2276923, 0.0344091, , , , , , , , , , , , , , , , , , , , , , , , , , , , 
7.2282115, -0.0135958, , , , , , , 7.2282115, -0.0072175, , , , , , , 7.2282115, -0.0045319, , , , , , , 7.2282115, 0.0424659, , , , , , , , , , , , , , , , , , , , , , , , , , , , 
7.2287308, -0.0193027, , , , , , , 7.2287308, -0.0062104, , , , , , , 7.2287308, -0.0028534, , , , , , , 7.2287308, 0.0503548, , , , , , , , , , , , , , , , , , , , , , , , , , , , 
7.22925, -0.030045, , , , , , , 7.22925, -0.005539, , , , , , , 7.22925, -0.0016785, , , , , , , 7.22925, 0.0572366, , , , , , , , , , , , , , , , , , , , , , , , , , , , 
7.2297692, -0.0436408, , , , , , , 7.2297692, -0.0050355, , , , , , , 7.2297692, 0.0011749, , , , , , , 7.2297692, 0.063447, , , , , , , , , , , , , , , , , , , , , , , , , , , , 
7.2302885, -0.0481727, , , , , , , 7.2302885, -0.0057069, , , , , , , 7.2302885, 0.0058747, , , , , , , 7.2302885, 0.0674754, , , , , , , , , , , , , , , , , , , , , , , , , , , , 
7.2308077, -0.0498512, , , , , , , 7.2308077, -0.0075532, , , , , , , 7.2308077, 0.0082246, , , , , , , 7.2308077, 0.0656291, , , , , , , , , , , , , , , , , , , , , , , , , , , , 
7.2313269, -0.0421302, , , , , , , 7.2313269, -0.0115816, , , , , , , 7.2313269, 0.0063783, , , , , , , 7.2313269, 0.0592508, , , , , , , , , , , , , , , , , , , , , , , , , , , , 
7.2318462, -0.0271916, , , , , , , 7.2318462, -0.0139315, , , , , , , 7.2318462, 0.0031891, , , , , , , 7.2318462, 0.0508583, , , , , , , , , , , , , , , , , , , , , , , , , , , , 
7.2323654, -0.0125887, , , , , , , 7.2323654, -0.0154421, , , , , , , 7.2323654, 0.0005035, , , , , , , 7.2323654, 0.0441444, , , , , , , , , , , , , , , , , , , , , , , , , , , , 
7.2328846, -0.002182, , , , , , , 7.2328846, -0.01561, , , , , , , 7.2328846, -0.0028534, , , , , , , 7.2328846, 0.0381018, , , , , , , , , , , , , , , , , , , , , , , , , , , , 
7.2334038, 0.0001678, , , , , , , 7.2334038, -0.0152743, , , , , , , 7.2334038, -0.005539, , , , , , , 7.2334038, 0.033402, , , , , , , , , , , , , , , , , , , , , , , , , , , , 
7.2339231, -0.0008392, , , , , , , 7.2339231, -0.0135958, , , , , , , 7.2339231, -0.0075532, , , , , , , 7.2339231, 0.0313878, , , , , , , , , , , , , , , , , , , , , , , , , , , , 
7.2344423, -0.0015106, , , , , , , 7.2344423, -0.0115816, , , , , , , 7.2344423, -0.0095674, , , , , , , 7.2344423, 0.0303807, , , , , , , , , , , , , , , , , , , , , , , , , , , , 
7.2349615, 0.0015106, , , , , , , 7.2349615, -0.0102388, , , , , , , 7.2349615, -0.0095674, , , , , , , 7.2349615, 0.0273594, , , , , , , , , , , , , , , , , , , , , , , , , , , , 
7.2354808, 0.0139315, , , , , , , 7.2354808, -0.0095674, , , , , , , 7.2354808, -0.0099031, , , , , , , 7.2354808, 0.0236667, , , , , , , , , , , , , , , , , , , , , , , , , , , , 
7.236, 0.030045, , , , , , , 7.236, -0.0082246, , , , , , , 7.236, -0.0109102, , , , , , , 7.236, 0.0199741, , , , , , , , , , , , , , , , , , , , , , , , , , , , 
7.2365192, 0.0441444, , , , , , , 7.2365192, -0.008896, , , , , , , 7.2365192, -0.0090639, , , , , , , 7.2365192, 0.0146029, , , , , , , , , , , , , , , , , , , , , , , , , , , , 
7.2370385, 0.0528725, , , , , , , 7.2370385, -0.008896, , , , , , , 7.2370385, -0.0062104, , , , , , , 7.2370385, 0.0099031, , , , , , , , , , , , , , , , , , , , , , , , , , , , 
7.2375577, 0.0535439, , , , , , , 7.2375577, -0.0092317, , , , , , , 7.2375577, -0.0083925, , , , , , , 7.2375577, 0.0045319, , , , , , , , , , , , , , , , , , , , , , , , , , , , 
7.2380769, 0.0468299, , , , , , , 7.2380769, -0.008896, , , , , , , 7.2380769, -0.0112459, , , , , , , 7.2380769, 0.0005035, , , , , , , , , , , , , , , , , , , , , , , , , , , , 
7.2385962, 0.0397803, , , , , , , 7.2385962, -0.0082246, , , , , , , 7.2385962, -0.011078, , , , , , , 7.2385962, -0.0028534, , , , , , , , , , , , , , , , , , , , , , , , , , , , 
7.2391154, 0.0354162, , , , , , , 7.2391154, -0.0068818, , , , , , , 7.2391154, -0.0102388, , , , , , , 7.2391154, -0.0062104, , , , , , , , , , , , , , , , , , , , , , , , , , , , 
7.2396346, 0.0310521, , , , , , , 7.2396346, -0.0078889, , , , , , , 7.2396346, -0.012253, , , , , , , 7.2396346, -0.0077211, , , , , , , , , , , , , , , , , , , , , , , , , , , , 
7.2401538, 0.03122, , , , , , , 7.2401538, -0.0105745, , , , , , , 7.2401538, -0.0125887, , , , , , , 7.2401538, -0.0085603, , , , , , , , , , , , , , , , , , , , , , , , , , , , 
7.2406731, 0.0396124, , , , , , , 7.2406731, -0.0129244, , , , , , , 7.2406731, -0.0109102, , , , , , , 7.2406731, -0.0152743, , , , , , , , , , , , , , , , , , , , , , , , , , , , 
7.2411923, 0.0535439, , , , , , , 7.2411923, -0.0115816, , , , , , , 7.2411923, -0.011078, , , , , , , 7.2411923, -0.0273594, , , , , , , , , , , , , , , , , , , , , , , , , , , , 
7.2417115, 0.0649577, , , , , , , 7.2417115, -0.0078889, , , , , , , 7.2417115, -0.0127565, , , , , , , 7.2417115, -0.0345769, , , , , , , , , , , , , , , , , , , , , , , , , , , , 
7.2422308, 0.0706645, , , , , , , 7.2422308, -0.0068818, , , , , , , 7.2422308, -0.0129244, , , , , , , 7.2422308, -0.0354162, , , , , , , , , , , , , , , , , , , , , , , , , , , , 
7.24275, 0.0696574, , , , , , , 7.24275, -0.0095674, , , , , , , 7.24275, -0.0135958, , , , , , , 7.24275, -0.0350805, , , , , , , , , , , , , , , , , , , , , , , , , , , , 
7.2432692, 0.068986, , , , , , , 7.2432692, -0.0127565, , , , , , , 7.2432692, -0.0129244, , , , , , , 7.2432692, -0.0337377, , , , , , , , , , , , , , , , , , , , , , , , , , , , 
7.2437885, 0.0716716, , , , , , , 7.2437885, -0.0125887, , , , , , , 7.2437885, -0.0117494, , , , , , , 7.2437885, -0.0317235, , , , , , , , , , , , , , , , , , , , , , , , , , , , 
7.2443077, 0.0676432, , , , , , , 7.2443077, -0.012253, , , , , , , 7.2443077, -0.0124208, , , , , , , 7.2443077, -0.0280308, , , , , , , , , , , , , , , , , , , , , , , , , , , , 
7.2448269, 0.0594186, , , , , , , 7.2448269, -0.0125887, , , , , , , 7.2448269, -0.0124208, , , , , , , 7.2448269, -0.0204776, , , , , , , , , , , , , , , , , , , , , , , , , , , , 
7.2453462, 0.0481727, , , , , , , 7.2453462, -0.0139315, , , , , , , 7.2453462, -0.0112459, , , , , , , 7.2453462, -0.0105745, , , , , , , , , , , , , , , , , , , , , , , , , , , , 
7.2458654, 0.0340734, , , , , , , 7.2458654, -0.0146029, , , , , , , 7.2458654, -0.0097353, , , , , , , 7.2458654, -0.0011749, , , , , , , , , , , , , , , , , , , , , , , , , , , , 
7.2463846, 0.0182956, , , , , , , 7.2463846, -0.0127565, , , , , , , 7.2463846, -0.0112459, , , , , , , 7.2463846, 0.0072175, , , , , , , , , , , , , , , , , , , , , , , , , , , , 
7.2469038, 0.0030213, , , , , , , 7.2469038, -0.0115816, , , , , , , 7.2469038, -0.0132601, , , , , , , 7.2469038, 0.0172885, , , , , , , , , , , , , , , , , , , , , , , , , , , , 
7.2474231, -0.01561, , , , , , , 7.2474231, -0.0112459, , , , , , , 7.2474231, -0.0139315, , , , , , , 7.2474231, 0.0287022, , , , , , , , , , , , , , , , , , , , , , , , , , , , 
7.2479423, -0.0354162, , , , , , , 7.2479423, -0.0102388, , , , , , , 7.2479423, -0.0109102, , , , , , , 7.2479423, 0.036759, , , , , , , , , , , , , , , , , , , , , , , , , , , , 
7.2484615, -0.0498512, , , , , , , 7.2484615, -0.0082246, , , , , , , 7.2484615, -0.0085603, , , , , , , 7.2484615, 0.0426337, , , , , , , , , , , , , , , , , , , , , , , , , , , , 
7.2489808, -0.0627756, , , , , , , 7.2489808, -0.0068818, , , , , , , 7.2489808, -0.0095674, , , , , , , 7.2489808, 0.0469978, , , , , , , , , , , , , , , , , , , , , , , , , , , , 
7.2495, -0.0746929, , , , , , , 7.2495, -0.0075532, , , , , , , 7.2495, -0.0102388, , , , , , , 7.2495, 0.0528725, , , , , , , , , , , , , , , , , , , , , , , , , , , , 
7.2500192, -0.0840925, , , , , , , 7.2500192, -0.0082246, , , , , , , 7.2500192, -0.0083925, , , , , , , 7.2500192, 0.0580758, , , , , , , , , , , , , , , , , , , , , , , , , , , , 
7.2505385, -0.0852674, , , , , , , 7.2505385, -0.0082246, , , , , , , 7.2505385, -0.0048676, , , , , , , 7.2505385, 0.0575723, , , , , , , , , , , , , , , , , , , , , , , , , , , , 
7.2510577, -0.0748608, , , , , , , 7.2510577, -0.008896, , , , , , , 7.2510577, -0.0023499, , , , , , , 7.2510577, 0.0491798, , , , , , , , , , , , , , , , , , , , , , , , , , , , 
7.2515769, -0.0565652, , , , , , , 7.2515769, -0.0082246, , , , , , , 7.2515769, -0.0025177, , , , , , , 7.2515769, 0.0374304, , , , , , , , , , , , , , , , , , , , , , , , , , , , 
7.2520962, -0.0379339, , , , , , , 7.2520962, -0.005539, , , , , , , 7.2520962, -0.0028534, , , , , , , 7.2520962, 0.0290379, , , , , , , , , , , , , , , , , , , , , , , , , , , , 
7.2526154, -0.0260166, , , , , , , 7.2526154, -0.0043641, , , , , , , 7.2526154, -0.0011749, , , , , , , 7.2526154, 0.0236667, , , , , , , , , , , , , , , , , , , , , , , , , , , , 
7.2531346, -0.0209812, , , , , , , 7.2531346, -0.0052033, , , , , , , 7.2531346, -0.0003357, , , , , , , 7.2531346, 0.0199741, , , , , , , , , , , , , , , , , , , , , , , , , , , , 
7.2536538, -0.0164492, , , , , , , 7.2536538, -0.0048676, , , , , , , 7.2536538, -0.0016785, , , , , , , 7.2536538, 0.0146029, , , , , , , , , , , , , , , , , , , , , , , , , , , , 
7.2541731, -0.008896, , , , , , , 7.2541731, -0.0048676, , , , , , , 7.2541731, -0.002182, , , , , , , 7.2541731, 0.0099031, , , , , , , , , , , , , , , , , , , , , , , , , , , , 
7.2546923, -0.0028534, , , , , , , 7.2546923, -0.0072175, , , , , , , 7.2546923, -0.0025177, , , , , , , 7.2546923, 0.0099031, , , , , , , , , , , , , , , , , , , , , , , , , , , , 
7.2552115, -0.0018463, , , , , , , 7.2552115, -0.008896, , , , , , , 7.2552115, -0.0035248, , , , , , , 7.2552115, 0.0102388, , , , , , , , , , , , , , , , , , , , , , , , , , , , 
7.2557308, 0.0001678, , , , , , , 7.2557308, -0.0095674, , , , , , , 7.2557308, -0.0028534, , , , , , , 7.2557308, 0.0065461, , , , , , , , , , , , , , , , , , , , , , , , , , , , 
7.25625, 0.0035248, , , , , , , 7.25625, -0.0082246, , , , , , , 7.25625, -0.0018463, , , , , , , 7.25625, 0.0038605, , , , , , , , , , , , , , , , , , , , , , , , , , , , 
7.2567692, 0.0097353, , , , , , , 7.2567692, -0.0082246, , , , , , , 7.2567692, -0.002182, , , , , , , 7.2567692, 0.0052033, , , , , , , , , , , , , , , , , , , , , , , , , , , , 
7.2572885, 0.0179599, , , , , , , 7.2572885, -0.008896, , , , , , , 7.2572885, -0.0023499, , , , , , , 7.2572885, 0.0058747, , , , , , , , , , , , , , , , , , , , , , , , , , , , 
7.2578077, 0.0186313, , , , , , , 7.2578077, -0.0092317, , , , , , , 7.2578077, -0.0045319, , , , , , , 7.2578077, 0.0043641, , , , , , , , , , , , , , , , , , , , , , , , , , , , 
7.2583269, 0.0213169, , , , , , , 7.2583269, -0.0085603, , , , , , , 7.2583269, -0.0075532, , , , , , , 7.2583269, 0.0031891, , , , , , , , , , , , , , , , , , , , , , , , , , , , 
7.2588462, 0.0250095, , , , , , , 7.2588462, -0.0072175, , , , , , , 7.2588462, -0.0082246, , , , , , , 7.2588462, 0.003357, , , , , , , , , , , , , , , , , , , , , , , , , , , , 
7.2593654, 0.0246738, , , , , , , 7.2593654, 0.0011749, , , , , , , 7.2593654, -0.0075532, , , , , , , 7.2593654, 0.0028534, , , , , , , , , , , , , , , , , , , , , , , , , , , , 
7.2598846, 0.0229953, , , , , , , 7.2598846, 0.0179599, , , , , , , 7.2598846, -0.0082246, , , , , , , 7.2598846, 0.002182, , , , , , , , , , , , , , , , , , , , , , , , , , , , 
7.2604038, 0.0276951, , , , , , , 7.2604038, 0.030045, , , , , , , 7.2604038, -0.008896, , , , , , , 7.2604038, -0.002182, , , , , , , , , , , , , , , , , , , , , , , , , , , , 
7.2609231, 0.0424659, , , , , , , 7.2609231, 0.026688, , , , , , , 7.2609231, -0.0102388, , , , , , , 7.2609231, -0.012253, , , , , , , , , , , , , , , , , , , , , , , , , , , , 
7.2614423, 0.0592508, , , , , , , 7.2614423, 0.0112459, , , , , , , 7.2614423, -0.0119173, , , , , , , 7.2614423, -0.0219883, , , , , , , , , , , , , , , , , , , , , , , , , , , , 
7.2619615, 0.0740215, , , , , , , 7.2619615, -0.0099031, , , , , , , 7.2619615, -0.0129244, , , , , , , 7.2619615, -0.023331, , , , , , , , , , , , , , , , , , , , , , , , , , , , 
7.2624808, 0.0844282, , , , , , , 7.2624808, -0.0287022, , , , , , , 7.2624808, -0.0124208, , , , , , , 7.2624808, -0.0243381, , , , , , , , , , , , , , , , , , , , , , , , , , , , 
7.263, 0.0871138, , , , , , , 7.263, -0.0406195, , , , , , , 7.263, -0.0119173, , , , , , , 7.263, -0.0263523, , , , , , , , , , , , , , , , , , , , , , , , , , , , 
7.2635192, 0.0850996, , , , , , , 7.2635192, -0.0471656, , , , , , , 7.2635192, -0.0135958, , , , , , , 7.2635192, -0.0256809, , , , , , , , , , , , , , , , , , , , , , , , , , , , 
7.2640385, 0.0773785, , , , , , , 7.2640385, -0.0431373, , , , , , , 7.2640385, -0.0146029, , , , , , , 7.2640385, -0.0216526, , , , , , , , , , , , , , , , , , , , , , , , , , , , 
7.2645577, 0.0636149, , , , , , , 7.2645577, -0.0198062, , , , , , , 7.2645577, -0.0129244, , , , , , , 7.2645577, -0.0182956, , , , , , , , , , , , , , , , , , , , , , , , , , , , 
7.2650769, 0.0464942, , , , , , , 7.2650769, 0.0095674, , , , , , , 7.2650769, -0.0130922, , , , , , , 7.2650769, -0.0135958, , , , , , , , , , , , , , , , , , , , , , , , , , , , 
7.2655962, 0.0340734, , , , , , , 7.2655962, 0.023331, , , , , , , 7.2655962, -0.0139315, , , , , , , 7.2655962, -0.0041962, , , , , , , , , , , , , , , , , , , , , , , , , , , , 
7.2661154, 0.0243381, , , , , , , 7.2661154, 0.0179599, , , , , , , 7.2661154, -0.0129244, , , , , , , 7.2661154, 0.0045319, , , , , , , , , , , , , , , , , , , , , , , , , , , , 
7.2666346, 0.0125887, , , , , , , 7.2666346, 0.0072175, , , , , , , 7.2666346, -0.0129244, , , , , , , 7.2666346, 0.0129244, , , , , , , , , , , , , , , , , , , , , , , , , , , , 
7.2671538, -0.0028534, , , , , , , 7.2671538, 0.0018463, , , , , , , 7.2671538, -0.0125887, , , , , , , 7.2671538, 0.0246738, , , , , , , , , , , , , , , , , , , , , , , , , , , , 
7.2676731, -0.0193027, , , , , , , 7.2676731, 0.0035248, , , , , , , 7.2676731, -0.0095674, , , , , , , 7.2676731, 0.0352483, , , , , , , , , , , , , , , , , , , , , , , , , , , , 
7.2681923, -0.0350805, , , , , , , 7.2681923, 0.0050355, , , , , , , 7.2681923, -0.0065461, , , , , , , 7.2681923, 0.0451514, , , , , , , , , , , , , , , , , , , , , , , , , , , , 
7.2687115, -0.0501869, , , , , , , 7.2687115, -0.0028534, , , , , , , 7.2687115, -0.005539, , , , , , , 7.2687115, 0.0555581, , , , , , , , , , , , , , , , , , , , , , , , , , , , 
7.2692308, -0.0619364, , , , , , , 7.2692308, -0.0112459, , , , , , , 7.2692308, -0.0050355, , , , , , , 7.2692308, 0.064622, , , , , , , , , , , , , , , , , , , , , , , , , , , , 
7.26975, -0.0713359, , , , , , , 7.26975, -0.018967, , , , , , , 7.26975, -0.0048676, , , , , , , 7.26975, 0.0694896, , , , , , , , , , , , , , , , , , , , , , , , , , , , 
7.2702692, -0.0753643, , , , , , , 7.2702692, -0.0327306, , , , , , , 7.2702692, -0.005539, , , , , , , 7.2702692, 0.0716716, , , , , , , , , , , , , , , , , , , , , , , , , , , , 
7.2707885, -0.0679789, , , , , , , 7.2707885, -0.0528725, , , , , , , 7.2707885, -0.0048676, , , , , , , 7.2707885, 0.0663005, , , , , , , , , , , , , , , , , , , , , , , , , , , , 
7.2713077, -0.0547189, , , , , , , 7.2713077, -0.0699931, , , , , , , 7.2713077, -0.0028534, , , , , , , 7.2713077, 0.0535439, , , , , , , , , , , , , , , , , , , , , , , , , , , , 
7.2718269, -0.040116, , , , , , , 7.2718269, -0.0696574, , , , , , , 7.2718269, -0.0041962, , , , , , , 7.2718269, 0.0431373, , , , , , , , , , , , , , , , , , , , , , , , , , , , 
7.2723462, -0.0290379, , , , , , , 7.2723462, -0.0575723, , , , , , , 7.2723462, -0.005539, , , , , , , 7.2723462, 0.0387732, , , , , , , , , , , , , , , , , , , , , , , , , , , , 
7.2728654, -0.017792, , , , , , , 7.2728654, -0.0431373, , , , , , , 7.2728654, -0.005539, , , , , , , 7.2728654, 0.0354162, , , , , , , , , , , , , , , , , , , , , , , , , , , , 
7.2733846, -0.0078889, , , , , , , 7.2733846, -0.0256809, , , , , , , 7.2733846, -0.0041962, , , , , , , 7.2733846, 0.0293736, , , , , , , , , , , , , , , , , , , , , , , , , , , , 
7.2739038, -0.002182, , , , , , , 7.2739038, -0.008896, , , , , , , 7.2739038, -0.0041962, , , , , , , 7.2739038, 0.0224918, , , , , , , , , , , , , , , , , , , , , , , , , , , , 
7.2744231, -0.0015106, , , , , , , 7.2744231, -0.0008392, , , , , , , 7.2744231, -0.0041962, , , , , , , 7.2744231, 0.0184634, , , , , , , , , , , , , , , , , , , , , , , , , , , , 
7.2749423, -0.005539, , , , , , , 7.2749423, 0.0008392, , , , , , , 7.2749423, -0.0063783, , , , , , , 7.2749423, 0.017792, , , , , , , , , , , , , , , , , , , , , , , , , , , , 
7.2754615, -0.0078889, , , , , , , 7.2754615, 0.0005035, , , , , , , 7.2754615, -0.0099031, , , , , , , 7.2754615, 0.0172885, , , , , , , , , , , , , , , , , , , , , , , , , , , , 
7.2759808, -0.0043641, , , , , , , 7.2759808, 0.0018463, , , , , , , 7.2759808, -0.0109102, , , , , , , 7.2759808, 0.0139315, , , , , , , , , , , , , , , , , , , , , , , , , , , , 
7.2765, -0.0038605, , , , , , , 7.2765, 0.0028534, , , , , , , 7.2765, -0.0105745, , , , , , , 7.2765, 0.010071, , , , , , , , , , , , , , , , , , , , , , , , , , , , 
7.2770192, -0.0010071, , , , , , , 7.2770192, 0.0023499, , , , , , , 7.2770192, -0.0097353, , , , , , , 7.2770192, 0.0072175, , , , , , , , , , , , , , , , , , , , , , , , , , , , 
7.2775385, 0.0062104, , , , , , , 7.2775385, 0.0023499, , , , , , , 7.2775385, -0.0083925, , , , , , , 7.2775385, 0.0065461, , , , , , , , , , , , , , , , , , , , , , , , , , , , 
7.2780577, 0.0119173, , , , , , , 7.2780577, 0.0038605, , , , , , , 7.2780577, -0.0082246, , , , , , , 7.2780577, 0.0085603, , , , , , , , , , , , , , , , , , , , , , , , , , , , 
7.2785769, 0.0112459, , , , , , , 7.2785769, 0.0045319, , , , , , , 7.2785769, -0.0092317, , , , , , , 7.2785769, 0.0063783, , , , , , , , , , , , , , , , , , , , , , , , , , , , 
7.2790962, 0.011078, , , , , , , 7.2790962, 0.0028534, , , , , , , 7.2790962, -0.0109102, , , , , , , 7.2790962, 0.0025177, , , , , , , , , , , , , , , , , , , , , , , , , , , , 
7.2796154, 0.0152743, , , , , , , 7.2796154, 0.0028534, , , , , , , 7.2796154, -0.012253, , , , , , , 7.2796154, -0.0008392, , , , , , , , , , , , , , , , , , , , , , , , , , , , 
7.2801346, 0.0238346, , , , , , , 7.2801346, 0.0025177, , , , , , , 7.2801346, -0.0124208, , , , , , , 7.2801346, -0.0015106, , , , , , , , , , , , , , , , , , , , , , , , , , , , 
7.2806538, 0.0414588, , , , , , , 7.2806538, 0.0016785, , , , , , , 7.2806538, -0.0105745, , , , , , , 7.2806538, -0.0062104, , , , , , , , , , , , , , , , , , , , , , , , , , , , 
7.2811731, 0.068986, , , , , , , 7.2811731, 0.0010071, , , , , , , 7.2811731, -0.0082246, , , , , , , 7.2811731, -0.0152743, , , , , , , , , , , , , , , , , , , , , , , , , , , , 
7.2816923, 0.0892958, , , , , , , 7.2816923, 0.0011749, , , , , , , 7.2816923, -0.0082246, , , , , , , 7.2816923, -0.021149, , , , , , , , , , , , , , , , , , , , , , , , , , , , 
7.2822115, 0.0951705, , , , , , , 7.2822115, 0.0023499, , , , , , , 7.2822115, -0.0095674, , , , , , , 7.2822115, -0.0223239, , , , , , , , , , , , , , , , , , , , , , , , , , , , 
7.2827308, 0.0981918, , , , , , , 7.2827308, 0.0031891, , , , , , , 7.2827308, -0.0083925, , , , , , , 7.2827308, -0.0236667, , , , , , , , , , , , , , , , , , , , , , , , , , , , 
7.28325, 0.1028916, , , , , , , 7.28325, 0.0018463, , , , , , , 7.28325, -0.0063783, , , , , , , 7.28325, -0.0240024, , , , , , , , , , , , , , , , , , , , , , , , , , , , 
7.2837692, 0.1045701, , , , , , , 7.2837692, 0.0001678, , , , , , , 7.2837692, -0.0068818, , , , , , , 7.2837692, -0.0229953, , , , , , , , , , , , , , , , , , , , , , , , , , , , 
7.2842885, 0.0991989, , , , , , , 7.2842885, 0.0010071, , , , , , , 7.2842885, -0.0092317, , , , , , , 7.2842885, -0.0193027, , , , , , , , , , , , , , , , , , , , , , , , , , , , 
7.2848077, 0.0803998, , , , , , , 7.2848077, -0.0001678, , , , , , , 7.2848077, -0.0109102, , , , , , , 7.2848077, -0.011078, , , , , , , , , , , , , , , , , , , , , , , , , , , , 
7.2853269, 0.0582437, , , , , , , 7.2853269, -0.0015106, , , , , , , 7.2853269, -0.0095674, , , , , , , 7.2853269, 0.0011749, , , , , , , , , , , , , , , , , , , , , , , , , , , , 
7.2858462, 0.0407874, , , , , , , 7.2858462, -0.0025177, , , , , , , 7.2858462, -0.0078889, , , , , , , 7.2858462, 0.0124208, , , , , , , , , , , , , , , , , , , , , , , , , , , , 
7.2863654, 0.0263523, , , , , , , 7.2863654, -0.0015106, , , , , , , 7.2863654, -0.0082246, , , , , , , 7.2863654, 0.0204776, , , , , , , , , , , , , , , , , , , , , , , , , , , , 
7.2868846, 0.0078889, , , , , , , 7.2868846, 0.0008392, , , , , , , 7.2868846, -0.0063783, , , , , , , 7.2868846, 0.0292058, , , , , , , , , , , , , , , , , , , , , , , , , , , , 
7.2874038, -0.0104067, , , , , , , 7.2874038, 0.0010071, , , , , , , 7.2874038, -0.0050355, , , , , , , 7.2874038, 0.0377661, , , , , , , , , , , , , , , , , , , , , , , , , , , , 
7.2879231, -0.0238346, , , , , , , 7.2879231, -0.0025177, , , , , , , 7.2879231, -0.0045319, , , , , , , 7.2879231, 0.0454871, , , , , , , , , , , , , , , , , , , , , , , , , , , , 
7.2884423, -0.0350805, , , , , , , 7.2884423, -0.0045319, , , , , , , 7.2884423, -0.0050355, , , , , , , 7.2884423, 0.0528725, , , , , , , , , , , , , , , , , , , , , , , , , , , , 
7.2889615, -0.0428016, , , , , , , 7.2889615, -0.0068818, , , , , , , 7.2889615, -0.0038605, , , , , , , 7.2889615, 0.0602579, , , , , , , , , , , , , , , , , , , , , , , , , , , , 
7.2894808, -0.0488441, , , , , , , 7.2894808, -0.0092317, , , , , , , 7.2894808, -0.0025177, , , , , , , 7.2894808, 0.0663005, , , , , , , , , , , , , , , , , , , , , , , , , , , , 
7.29, -0.0538796, , , , , , , 7.29, -0.0132601, , , , , , , 7.29, -0.0003357, , , , , , , 7.29, 0.0699931, , , , , , , , , , , , , , , , , , , , , , , , , , , , 
7.2905192, -0.0543832, , , , , , , 7.2905192, -0.0152743, , , , , , , 7.2905192, 0.0016785, , , , , , , 7.2905192, 0.0679789, , , , , , , , , , , , , , , , , , , , , , , , , , , , 
7.2910385, -0.04448, , , , , , , 7.2910385, -0.0124208, , , , , , , 7.2910385, 0.0005035, , , , , , , 7.2910385, 0.0589151, , , , , , , , , , , , , , , , , , , , , , , , , , , , 
7.2915577, -0.0273594, , , , , , , 7.2915577, -0.0063783, , , , , , , 7.2915577, -0.0008392, , , , , , , 7.2915577, 0.0481727, , , , , , , , , , , , , , , , , , , , , , , , , , , , 
7.2920769, -0.0159457, , , , , , , 7.2920769, -0.0036927, , , , , , , 7.2920769, 0.0003357, , , , , , , 7.2920769, 0.0414588, , , , , , , , , , , , , , , , , , , , , , , , , , , , 
7.2925962, -0.012253, , , , , , , 7.2925962, -0.005539, , , , , , , 7.2925962, 0.0018463, , , , , , , 7.2925962, 0.0350805, , , , , , , , , , , , , , , , , , , , , , , , , , , , 
7.2931154, -0.008896, , , , , , , 7.2931154, -0.0095674, , , , , , , 7.2931154, 0.0011749, , , , , , , 7.2931154, 0.0273594, , , , , , , , , , , , , , , , , , , , , , , , , , , , 
7.2936346, -0.0041962, , , , , , , 7.2936346, -0.0109102, , , , , , , 7.2936346, -0.0008392, , , , , , , 7.2936346, 0.0206455, , , , , , , , , , , , , , , , , , , , , , , , , , , , 
7.2941538, -0.0011749, , , , , , , 7.2941538, -0.0072175, , , , , , , 7.2941538, -0.0031891, , , , , , , 7.2941538, 0.012253, , , , , , , , , , , , , , , , , , , , , , , , , , , , 
7.2946731, -0.0015106, , , , , , , 7.2946731, -0.005539, , , , , , , 7.2946731, -0.005539, , , , , , , 7.2946731, 0.003357, , , , , , , , , , , , , , , , , , , , , , , , , , , , 
7.2951923, -0.002182, , , , , , , 7.2951923, -0.0068818, , , , , , , 7.2951923, -0.0068818, , , , , , , 7.2951923, 0.0005035, , , , , , , , , , , , , , , , , , , , , , , , , , , , 
7.2957115, -0.0045319, , , , , , , 7.2957115, -0.005539, , , , , , , 7.2957115, -0.0072175, , , , , , , 7.2957115, 0.0031891, , , , , , , , , , , , , , , , , , , , , , , , , , , , 
7.2962308, -0.0062104, , , , , , , 7.2962308, -0.0041962, , , , , , , 7.2962308, -0.0085603, , , , , , , 7.2962308, 0.0041962, , , , , , , , , , , , , , , , , , , , , , , , , , , , 
7.29675, -0.0015106, , , , , , , 7.29675, -0.0048676, , , , , , , 7.29675, -0.0105745, , , , , , , 7.29675, 0.0031891, , , , , , , , , , , , , , , , , , , , , , , , , , , , 
7.2972692, 0.0082246, , , , , , , 7.2972692, -0.0052033, , , , , , , 7.2972692, -0.0105745, , , , , , , 7.2972692, 0.0043641, , , , , , , , , , , , , , , , , , , , , , , , , , , , 
7.2977885, 0.0216526, , , , , , , 7.2977885, -0.005539, , , , , , , 7.2977885, -0.0099031, , , , , , , 7.2977885, 0.0068818, , , , , , , , , , , , , , , , , , , , , , , , , , , , 
7.2983077, 0.0265202, , , , , , , 7.2983077, -0.005539, , , , , , , 7.2983077, -0.0085603, , , , , , , 7.2983077, 0.0062104, , , , , , , , , , , , , , , , , , , , , , , , , , , , 
7.2988269, 0.0263523, , , , , , , 7.2988269, -0.0052033, , , , , , , 7.2988269, -0.0102388, , , , , , , 7.2988269, 0.0052033, , , , , , , , , , , , , , , , , , , , , , , , , , , , 
7.2993462, 0.0293736, , , , , , , 7.2993462, -0.0050355, , , , , , , 7.2993462, -0.012253, , , , , , , 7.2993462, 0.0038605, , , , , , , , , , , , , , , , , , , , , , , , , , , , 
7.2998654, 0.0374304, , , , , , , 7.2998654, -0.0075532, , , , , , , 7.2998654, -0.0115816, , , , , , , 7.2998654, 0.0035248, , , , , , , , , , , , , , , , , , , , , , , , , , , , 
7.3003846, 0.0466621, , , , , , , 7.3003846, -0.0115816, , , , , , , 7.3003846, -0.0102388, , , , , , , 7.3003846, 0.0015106, , , , , , , , , , , , , , , , , , , , , , , , , , , , 
7.3009038, 0.0663005, , , , , , , 7.3009038, -0.0129244, , , , , , , 7.3009038, -0.0092317, , , , , , , 7.3009038, -0.0065461, , , , , , , , , , , , , , , , , , , , , , , , , , , , 
7.3014231, 0.0884565, , , , , , , 7.3014231, -0.0109102, , , , , , , 7.3014231, -0.0129244, , , , , , , 7.3014231, -0.0176242, , , , , , , , , , , , , , , , , , , , , , , , , , , , 
7.3019423, 0.0986954, , , , , , , 7.3019423, -0.0092317, , , , , , , 7.3019423, -0.0169528, , , , , , , 7.3019423, -0.0236667, , , , , , , , , , , , , , , , , , , , , , , , , , , , 
7.3024615, 0.1012131, , , , , , , 7.3024615, -0.008896, , , , , , , 7.3024615, -0.0179599, , , , , , , 7.3024615, -0.0263523, , , , , , , , , , , , , , , , , , , , , , , , , , , , 
7.3029808, 0.1042344, , , , , , , 7.3029808, -0.008896, , , , , , , 7.3029808, -0.0166171, , , , , , , 7.3029808, -0.0287022, , , , , , , , , , , , , , , , , , , , , , , , , , , , 
7.3035, 0.1055772, , , , , , , 7.3035, -0.0085603, , , , , , , 7.3035, -0.0159457, , , , , , , 7.3035, -0.0305486, , , , , , , , , , , , , , , , , , , , , , , , , , , , 
7.3040192, 0.1052415, , , , , , , 7.3040192, -0.0085603, , , , , , , 7.3040192, -0.0162814, , , , , , , 7.3040192, -0.0280308, , , , , , , , , , , , , , , , , , , , , , , , , , , , 
7.3045385, 0.0990311, , , , , , , 7.3045385, -0.0082246, , , , , , , 7.3045385, -0.0162814, , , , , , , 7.3045385, -0.0216526, , , , , , , , , , , , , , , , , , , , , , , , , , , , 
7.3050577, 0.0861067, , , , , , , 7.3050577, -0.008896, , , , , , , 7.3050577, -0.0169528, , , , , , , 7.3050577, -0.0129244, , , , , , , , , , , , , , , , , , , , , , , , , , , , 
7.3055769, 0.0736858, , , , , , , 7.3055769, -0.0085603, , , , , , , 7.3055769, -0.0169528, , , , , , , 7.3055769, -0.0058747, , , , , , , , , , , , , , , , , , , , , , , , , , , , 
7.3060962, 0.0629435, , , , , , , 7.3060962, -0.0095674, , , , , , , 7.3060962, -0.0135958, , , , , , , 7.3060962, 0.0011749, , , , , , , , , , , , , , , , , , , , , , , , , , , , 
7.3066154, 0.0515297, , , , , , , 7.3066154, -0.0119173, , , , , , , 7.3066154, -0.0105745, , , , , , , 7.3066154, 0.0092317, , , , , , , , , , , , , , , , , , , , , , , , , , , , 
7.3071346, 0.0365911, , , , , , , 7.3071346, -0.0112459, , , , , , , 7.3071346, -0.0087282, , , , , , , 7.3071346, 0.0179599, , , , , , , , , , , , , , , , , , , , , , , , , , , , 
7.3076538, 0.0193027, , , , , , , 7.3076538, -0.0082246, , , , , , , 7.3076538, -0.0082246, , , , , , , 7.3076538, 0.0263523, , , , , , , , , , , , , , , , , , , , , , , , , , , , 
7.3081731, 0.0025177, , , , , , , 7.3081731, -0.0078889, , , , , , , 7.3081731, -0.005539, , , , , , , 7.3081731, 0.0330663, , , , , , , , , , , , , , , , , , , , , , , , , , , , 
7.3086923, -0.0139315, , , , , , , 7.3086923, -0.0102388, , , , , , , 7.3086923, -0.0031891, , , , , , , 7.3086923, 0.0417945, , , , , , , , , , , , , , , , , , , , , , , , , , , , 
7.3092115, -0.0287022, , , , , , , 7.3092115, -0.0119173, , , , , , , 7.3092115, -0.0028534, , , , , , , 7.3092115, 0.0505226, , , , , , , , , , , , , , , , , , , , , , , , , , , , 
7.3097308, -0.0357519, , , , , , , 7.3097308, -0.012253, , , , , , , 7.3097308, -0.0028534, , , , , , , 7.3097308, 0.0528725, , , , , , , , , , , , , , , , , , , , , , , , , , , , 
7.31025, -0.0357519, , , , , , , 7.31025, -0.0129244, , , , , , , 7.31025, -0.0008392, , , , , , , 7.31025, 0.0498512, , , , , , , , , , , , , , , , , , , , , , , , , , , , 
7.3107692, -0.0305486, , , , , , , 7.3107692, -0.0115816, , , , , , , 7.3107692, 0.002182, , , , , , , 7.3107692, 0.0448157, , , , , , , , , , , , , , , , , , , , , , , , , , , , 
7.3112885, -0.0182956, , , , , , , 7.3112885, -0.008896, , , , , , , 7.3112885, 0.0008392, , , , , , , 7.3112885, 0.0365911, , , , , , , , , , , , , , , , , , , , , , , , , , , , 
7.3118077, -0.0075532, , , , , , , 7.3118077, -0.0085603, , , , , , , 7.3118077, -0.0005035, , , , , , , 7.3118077, 0.0246738, , , , , , , , , , , , , , , , , , , , , , , , , , , , 
7.3123269, -0.0008392, , , , , , , 7.3123269, -0.0102388, , , , , , , 7.3123269, 0.0001678, , , , , , , 7.3123269, 0.01561, , , , , , , , , , , , , , , , , , , , , , , , , , , , 
7.3128462, 0.0036927, , , , , , , 7.3128462, -0.0112459, , , , , , , 7.3128462, 0.0003357, , , , , , , 7.3128462, 0.0105745, , , , , , , , , , , , , , , , , , , , , , , , , , , , 
7.3133654, 0.0078889, , , , , , , 7.3133654, -0.0109102, , , , , , , 7.3133654, 0.0008392, , , , , , , 7.3133654, 0.0065461, , , , , , , , , , , , , , , , , , , , , , , , , , , , 
7.3138846, 0.0142672, , , , , , , 7.3138846, -0.0072175, , , , , , , 7.3138846, 0.0020142, , , , , , , 7.3138846, 0.0038605, , , , , , , , , , , , , , , , , , , , , , , , , , , , 
7.3144038, 0.0223239, , , , , , , 7.3144038, -0.005539, , , , , , , 7.3144038, 0.0018463, , , , , , , 7.3144038, 0.0001678, , , , , , , , , , , , , , , , , , , , , , , , , , , , 
7.3149231, 0.0280308, , , , , , , 7.3149231, -0.0075532, , , , , , , 7.3149231, 0.0005035, , , , , , , 7.3149231, -0.0025177, , , , , , , , , , , , , , , , , , , , , , , , , , , , 
7.3154423, 0.0280308, , , , , , , 7.3154423, -0.008896, , , , , , , 7.3154423, -0.0025177, , , , , , , 7.3154423, -0.0035248, , , , , , , , , , , , , , , , , , , , , , , , , , , , 
7.3159615, 0.0287022, , , , , , , 7.3159615, -0.0082246, , , , , , , 7.3159615, -0.0050355, , , , , , , 7.3159615, -0.002182, , , , , , , , , , , , , , , , , , , , , , , , , , , , 
7.3164808, 0.0310521, , , , , , , 7.3164808, -0.0068818, , , , , , , 7.3164808, -0.0052033, , , , , , , 7.3164808, 0.0003357, , , , , , , , , , , , , , , , , , , , , , , , , , , , 
7.317, 0.0370947, , , , , , , 7.317, -0.0068818, , , , , , , 7.317, -0.0065461, , , , , , , 7.317, 0.0011749, , , , , , , , , , , , , , , , , , , , , , , , , , , , 
7.3175192, 0.0414588, , , , , , , 7.3175192, -0.0062104, , , , , , , 7.3175192, -0.0085603, , , , , , , 7.3175192, 0.0005035, , , , , , , , , , , , , , , , , , , , , , , , , , , , 
7.3180385, 0.0409552, , , , , , , 7.3180385, -0.005539, , , , , , , 7.3180385, -0.008896, , , , , , , 7.3180385, 0.0031891, , , , , , , , , , , , , , , , , , , , , , , , , , , , 
7.3185577, 0.0381018, , , , , , , 7.3185577, -0.0035248, , , , , , , 7.3185577, -0.008896, , , , , , , 7.3185577, 0.0048676, , , , , , , , , , , , , , , , , , , , , , , , , , , , 
7.3190769, 0.036759, , , , , , , 7.3190769, -0.0023499, , , , , , , 7.3190769, -0.0102388, , , , , , , 7.3190769, 0.005539, , , , , , , , , , , , , , , , , , , , , , , , , , , , 
7.3195962, 0.040116, , , , , , , 7.3195962, -0.0015106, , , , , , , 7.3195962, -0.0105745, , , , , , , 7.3195962, 0.0078889, , , , , , , , , , , , , , , , , , , , , , , , , , , , 
7.3201154, 0.0449836, , , , , , , 7.3201154, 0.0001678, , , , , , , 7.3201154, -0.0102388, , , , , , , 7.3201154, 0.0112459, , , , , , , , , , , , , , , , , , , , , , , , , , , , 
7.3206346, 0.0532082, , , , , , , 7.3206346, 0.0104067, , , , , , , 7.3206346, -0.0117494, , , , , , , 7.3206346, 0.0083925, , , , , , , , , , , , , , , , , , , , , , , , , , , , 
7.3211538, 0.0679789, , , , , , , 7.3211538, 0.0263523, , , , , , , 7.3211538, -0.0142672, , , , , , , 7.3211538, -0.0048676, , , , , , , , , , , , , , , , , , , , , , , , , , , , 
7.3216731, 0.0803998, , , , , , , 7.3216731, 0.0342412, , , , , , , 7.3216731, -0.0135958, , , , , , , 7.3216731, -0.0179599, , , , , , , , , , , , , , , , , , , , , , , , , , , , 
7.3221923, 0.0866102, , , , , , , 7.3221923, 0.0303807, , , , , , , 7.3221923, -0.0142672, , , , , , , 7.3221923, -0.0250095, , , , , , , , , , , , , , , , , , , , , , , , , , , , 
7.3227115, 0.0874495, , , , , , , 7.3227115, 0.0162814, , , , , , , 7.3227115, -0.0162814, , , , , , , 7.3227115, -0.0270237, , , , , , , , , , , , , , , , , , , , , , , , , , , , 
7.3232308, 0.0877852, , , , , , , 7.3232308, -0.0031891, , , , , , , 7.3232308, -0.0182956, , , , , , , 7.3232308, -0.0287022, , , , , , , , , , , , , , , , , , , , , , , , , , , , 
7.32375, 0.0871138, , , , , , , 7.32375, -0.0219883, , , , , , , 7.32375, -0.0159457, , , , , , , 7.32375, -0.0250095, , , , , , , , , , , , , , , , , , , , , , , , , , , , 
7.3242692, 0.0763714, , , , , , , 7.3242692, -0.0357519, , , , , , , 7.3242692, -0.0124208, , , , , , , 7.3242692, -0.0159457, , , , , , , , , , , , , , , , , , , , , , , , , , , , 
7.3247885, 0.0575723, , , , , , , 7.3247885, -0.0464942, , , , , , , 7.3247885, -0.0115816, , , , , , , 7.3247885, -0.005539, , , , , , , , , , , , , , , , , , , , , , , , , , , , 
7.3253077, 0.0360876, , , , , , , 7.3253077, -0.0518654, , , , , , , 7.3253077, -0.0115816, , , , , , , 7.3253077, 0.0031891, , , , , , , , , , , , , , , , , , , , , , , , , , , , 
7.3258269, 0.0162814, , , , , , , 7.3258269, -0.0433051, , , , , , , 7.3258269, -0.0112459, , , , , , , 7.3258269, 0.0095674, , , , , , , , , , , , , , , , , , , , , , , , , , , , 
7.3263462, 0.0028534, , , , , , , 7.3263462, -0.0287022, , , , , , , 7.3263462, -0.0090639, , , , , , , 7.3263462, 0.0152743, , , , , , , , , , , , , , , , , , , , , , , , , , , , 
7.3268654, -0.0082246, , , , , , , 7.3268654, -0.0193027, , , , , , , 7.3268654, -0.0070497, , , , , , , 7.3268654, 0.0223239, , , , , , , , , , , , , , , , , , , , , , , , , , , , 
7.3273846, -0.0213169, , , , , , , 7.3273846, -0.0129244, , , , , , , 7.3273846, -0.0063783, , , , , , , 7.3273846, 0.0318914, , , , , , , , , , , , , , , , , , , , , , , , , , , , 
7.3279038, -0.0364233, , , , , , , 7.3279038, -0.0083925, , , , , , , 7.3279038, -0.0065461, , , , , , , 7.3279038, 0.0421302, , , , , , , , , , , , , , , , , , , , , , , , , , , , 
7.3284231, -0.0498512, , , , , , , 7.3284231, -0.0085603, , , , , , , 7.3284231, -0.0045319, , , , , , , 7.3284231, 0.0501869, , , , , , , , , , , , , , , , , , , , , , , , , , , , 
7.3289423, -0.0565652, , , , , , , 7.3289423, -0.008896, , , , , , , 7.3289423, -0.0035248, , , , , , , 7.3289423, 0.0572366, , , , , , , , , , , , , , , , , , , , , , , , , , , , 
7.3294615, -0.0599222, , , , , , , 7.3294615, -0.0075532, , , , , , , 7.3294615, -0.0023499, , , , , , , 7.3294615, 0.0616007, , , , , , , , , , , , , , , , , , , , , , , , , , , , 
7.3299808, -0.0663005, , , , , , , 7.3299808, -0.0068818, , , , , , , 7.3299808, -0.0010071, , , , , , , 7.3299808, 0.0610971, , , , , , , , , , , , , , , , , , , , , , , , , , , , 
7.3305, -0.0716716, , , , , , , 7.3305, -0.0068818, , , , , , , 7.3305, -0.0011749, , , , , , , 7.3305, 0.0569009, , , , , , , , , , , , , , , , , , , , , , , , , , , , 
7.3310192, -0.0652934, , , , , , , 7.3310192, -0.0077211, , , , , , , 7.3310192, -0.0035248, , , , , , , 7.3310192, 0.0468299, , , , , , , , , , , , , , , , , , , , , , , , , , , , 
7.3315385, -0.0498512, , , , , , , 7.3315385, -0.0090639, , , , , , , 7.3315385, -0.005539, , , , , , , 7.3315385, 0.0347448, , , , , , , , , , , , , , , , , , , , , , , , , , , , 
7.3320577, -0.0337377, , , , , , , 7.3320577, -0.0099031, , , , , , , 7.3320577, -0.0048676, , , , , , , 7.3320577, 0.024506, , , , , , , , , , , , , , , , , , , , , , , , , , , , 
7.3325769, -0.0243381, , , , , , , 7.3325769, -0.0095674, , , , , , , 7.3325769, -0.0041962, , , , , , , 7.3325769, 0.0196384, , , , , , , , , , , , , , , , , , , , , , , , , , , , 
7.3330962, -0.0219883, , , , , , , 7.3330962, -0.0104067, , , , , , , 7.3330962, -0.0057069, , , , , , , 7.3330962, 0.0182956, , , , , , , , , , , , , , , , , , , , , , , , , , , , 
7.3336154, -0.0159457, , , , , , , 7.3336154, -0.0095674, , , , , , , 7.3336154, -0.005539, , , , , , , 7.3336154, 0.0152743, , , , , , , , , , , , , , , , , , , , , , , , , , , , 
7.3341346, -0.0058747, , , , , , , 7.3341346, -0.005539, , , , , , , 7.3341346, -0.0058747, , , , , , , 7.3341346, 0.0119173, , , , , , , , , , , , , , , , , , , , , , , , , , , , 
7.3346538, 0.0018463, , , , , , , 7.3346538, -0.0043641, , , , , , , 7.3346538, -0.0087282, , , , , , , 7.3346538, 0.0112459, , , , , , , , , , , , , , , , , , , , , , , , , , , , 
7.3351731, 0.0035248, , , , , , , 7.3351731, -0.0070497, , , , , , , 7.3351731, -0.011078, , , , , , , 7.3351731, 0.0082246, , , , , , , , , , , , , , , , , , , , , , , , , , , , 
7.3356923, 0.0025177, , , , , , , 7.3356923, -0.0082246, , , , , , , 7.3356923, -0.0109102, , , , , , , 7.3356923, 0.0003357, , , , , , , , , , , , , , , , , , , , , , , , , , , , 
7.3362115, 0.005539, , , , , , , 7.3362115, -0.0080568, , , , , , , 7.3362115, -0.0095674, , , , , , , 7.3362115, -0.0008392, , , , , , , , , , , , , , , , , , , , , , , , , , , , 
7.3367308, 0.0130922, , , , , , , 7.3367308, -0.0095674, , , , , , , 7.3367308, -0.0092317, , , , , , , 7.3367308, 0.002182, , , , , , , , , , , , , , , , , , , , , , , , , , , , 
7.33725, 0.018967, , , , , , , 7.33725, -0.0095674, , , , , , , 7.33725, -0.0092317, , , , , , , 7.33725, 0.0028534, , , , , , , , , , , , , , , , , , , , , , , , , , , , 
7.3377692, 0.0219883, , , , , , , 7.3377692, -0.0082246, , , , , , , 7.3377692, -0.0095674, , , , , , , 7.3377692, 0.0023499, , , , , , , , , , , , , , , , , , , , , , , , , , , , 
7.3382885, 0.0206455, , , , , , , 7.3382885, -0.0077211, , , , , , , 7.3382885, -0.0092317, , , , , , , 7.3382885, -0.0001678, , , , , , , , , , , , , , , , , , , , , , , , , , , , 
7.3388077, 0.0146029, , , , , , , 7.3388077, -0.0092317, , , , , , , 7.3388077, -0.0082246, , , , , , , 7.3388077, -0.0013428, , , , , , , , , , , , , , , , , , , , , , , , , , , , 
7.3393269, 0.0125887, , , , , , , 7.3393269, -0.0095674, , , , , , , 7.3393269, -0.0072175, , , , , , , 7.3393269, -0.0005035, , , , , , , , , , , , , , , , , , , , , , , , , , , , 
7.3398462, 0.0162814, , , , , , , 7.3398462, -0.0065461, , , , , , , 7.3398462, -0.0078889, , , , , , , 7.3398462, 0.0001678, , , , , , , , , , , , , , , , , , , , , , , , , , , , 
7.3403654, 0.0246738, , , , , , , 7.3403654, -0.0041962, , , , , , , 7.3403654, -0.0092317, , , , , , , 7.3403654, -0.0028534, , , , , , , , , , , , , , , , , , , , , , , , , , , , 
7.3408846, 0.0387732, , , , , , , 7.3408846, -0.0028534, , , , , , , 7.3408846, -0.0102388, , , , , , , 7.3408846, -0.0109102, , , , , , , , , , , , , , , , , , , , , , , , , , , , 
7.3414038, 0.0520333, , , , , , , 7.3414038, -0.002182, , , , , , , 7.3414038, -0.0097353, , , , , , , 7.3414038, -0.0209812, , , , , , , , , , , , , , , , , , , , , , , , , , , , 
7.3419231, 0.0589151, , , , , , , 7.3419231, -0.0015106, , , , , , , 7.3419231, -0.0102388, , , , , , , 7.3419231, -0.0256809, , , , , , , , , , , , , , , , , , , , , , , , , , , , 
7.3424423, 0.0616007, , , , , , , 7.3424423, -0.002182, , , , , , , 7.3424423, -0.0115816, , , , , , , 7.3424423, -0.0255131, , , , , , , , , , , , , , , , , , , , , , , , , , , , 
7.3429615, 0.0619364, , , , , , , 7.3429615, -0.0015106, , , , , , , 7.3429615, -0.0140993, , , , , , , 7.3429615, -0.0270237, , , , , , , , , , , , , , , , , , , , , , , , , , , , 
7.3434808, 0.0585794, , , , , , , 7.3434808, -0.0011749, , , , , , , 7.3434808, -0.0169528, , , , , , , 7.3434808, -0.0283665, , , , , , , , , , , , , , , , , , , , , , , , , , , , 
7.344, 0.0505226, , , , , , , 7.344, -0.0015106, , , , , , , 7.344, -0.0166171, , , , , , , 7.344, -0.0273594, , , , , , , , , , , , , , , , , , , , , , , , , , , , 
7.3445192, 0.0374304, , , , , , , 7.3445192, -0.0045319, , , , , , , 7.3445192, -0.0149386, , , , , , , 7.3445192, -0.0216526, , , , , , , , , , , , , , , , , , , , , , , , , , , , 
7.3450385, 0.0240024, , , , , , , 7.3450385, -0.0075532, , , , , , , 7.3450385, -0.0129244, , , , , , , 7.3450385, -0.0105745, , , , , , , , , , , , , , , , , , , , , , , , , , , , 
7.3455577, 0.0092317, , , , , , , 7.3455577, -0.0072175, , , , , , , 7.3455577, -0.0095674, , , , , , , 7.3455577, -0.0008392, , , , , , , , , , , , , , , , , , , , , , , , , , , , 
7.3460769, -0.0082246, , , , , , , 7.3460769, -0.0028534, , , , , , , 7.3460769, -0.0085603, , , , , , , 7.3460769, 0.0062104, , , , , , , , , , , , , , , , , , , , , , , , , , , , 
7.3465962, -0.0270237, , , , , , , 7.3465962, 0.008896, , , , , , , 7.3465962, -0.008896, , , , , , , 7.3465962, 0.01561, , , , , , , , , , , , , , , , , , , , , , , , , , , , 
7.3471154, -0.047837, , , , , , , 7.3471154, 0.0240024, , , , , , , 7.3471154, -0.008896, , , , , , , 7.3471154, 0.0290379, , , , , , , , , , , , , , , , , , , , , , , , , , , , 
7.3476346, -0.0666361, , , , , , , 7.3476346, 0.0347448, , , , , , , 7.3476346, -0.0102388, , , , , , , 7.3476346, 0.0411231, , , , , , , , , , , , , , , , , , , , , , , , , , , , 
7.3481538, -0.0763714, , , , , , , 7.3481538, 0.0332341, , , , , , , 7.3481538, -0.0109102, , , , , , , 7.3481538, 0.0473335, , , , , , , , , , , , , , , , , , , , , , , , , , , , 
7.3486731, -0.0780499, , , , , , , 7.3486731, 0.0159457, , , , , , , 7.3486731, -0.0072175, , , , , , , 7.3486731, 0.0522011, , , , , , , , , , , , , , , , , , , , , , , , , , , , 
7.3491923, -0.0787213, , , , , , , 7.3491923, -0.0068818, , , , , , , 7.3491923, -0.0048676, , , , , , , 7.3491923, 0.0565652, , , , , , , , , , , , , , , , , , , , , , , , , , , , 
7.3497115, -0.0810712, , , , , , , 7.3497115, -0.0287022, , , , , , , 7.3497115, -0.0057069, , , , , , , 7.3497115, 0.0595865, , , , , , , , , , , , , , , , , , , , , , , , , , , , 
7.3502308, -0.0810712, , , , , , , 7.3502308, -0.0466621, , , , , , , 7.3502308, -0.0058747, , , , , , , 7.3502308, 0.0592508, , , , , , , , , , , , , , , , , , , , , , , , , , , , 
7.35075, -0.0673075, , , , , , , 7.35075, -0.0609293, , , , , , , 7.35075, -0.0052033, , , , , , , 7.35075, 0.0569009, , , , , , , , , , , , , , , , , , , , , , , , , , , , 
7.3512692, -0.0458228, , , , , , , 7.3512692, -0.0619364, , , , , , , 7.3512692, -0.0035248, , , , , , , 7.3512692, 0.0501869, , , , , , , , , , , , , , , , , , , , , , , , , , , , 
7.3517885, -0.0273594, , , , , , , 7.3517885, -0.04448, , , , , , , 7.3517885, -0.0041962, , , , , , , 7.3517885, 0.040116, , , , , , , , , , , , , , , , , , , , , , , , , , , , 
7.3523077, -0.0182956, , , , , , , 7.3523077, -0.0250095, , , , , , , 7.3523077, -0.005539, , , , , , , 7.3523077, 0.0317235, , , , , , , , , , , , , , , , , , , , , , , , , , , , 
7.3528269, -0.0125887, , , , , , , 7.3528269, -0.0142672, , , , , , , 7.3528269, -0.0046998, , , , , , , 7.3528269, 0.026688, , , , , , , , , , , , , , , , , , , , , , , , , , , , 
7.3533462, -0.0102388, , , , , , , 7.3533462, -0.008896, , , , , , , 7.3533462, -0.0035248, , , , , , , 7.3533462, 0.0221561, , , , , , , , , , , , , , , , , , , , , , , , , , , , 
7.3538654, -0.0099031, , , , , , , 7.3538654, -0.0008392, , , , , , , 7.3538654, -0.0045319, , , , , , , 7.3538654, 0.0184634, , , , , , , , , , , , , , , , , , , , , , , , , , , , 
7.3543846, -0.0077211, , , , , , , 7.3543846, 0.0092317, , , , , , , 7.3543846, -0.0062104, , , , , , , 7.3543846, 0.0159457, , , , , , , , , , , , , , , , , , , , , , , , , , , , 
7.3549038, -0.008896, , , , , , , 7.3549038, 0.014435, , , , , , , 7.3549038, -0.0082246, , , , , , , 7.3549038, 0.0142672, , , , , , , , , , , , , , , , , , , , , , , , , , , , 
7.3554231, -0.0102388, , , , , , , 7.3554231, 0.0132601, , , , , , , 7.3554231, -0.0068818, , , , , , , 7.3554231, 0.0139315, , , , , , , , , , , , , , , , , , , , , , , , , , , , 
7.3559423, -0.0082246, , , , , , , 7.3559423, 0.0072175, , , , , , , 7.3559423, -0.0058747, , , , , , , 7.3559423, 0.0125887, , , , , , , , , , , , , , , , , , , , , , , , , , , , 
7.3564615, -0.0065461, , , , , , , 7.3564615, -0.0018463, , , , , , , 7.3564615, -0.008896, , , , , , , 7.3564615, 0.0082246, , , , , , , , , , , , , , , , , , , , , , , , , , , , 
7.3569808, -0.005539, , , , , , , 7.3569808, -0.014435, , , , , , , 7.3569808, -0.0099031, , , , , , , 7.3569808, 0.0058747, , , , , , , , , , , , , , , , , , , , , , , , , , , , 
7.3575, -0.0011749, , , , , , , 7.3575, -0.024506, , , , , , , 7.3575, -0.0092317, , , , , , , 7.3575, 0.0052033, , , , , , , , , , , , , , , , , , , , , , , , , , , , 
7.3580192, 0.003357, , , , , , , 7.3580192, -0.0345769, , , , , , , 7.3580192, -0.0095674, , , , , , , 7.3580192, 0.0045319, , , , , , , , , , , , , , , , , , , , , , , , , , , , 
7.3585385, 0.0082246, , , , , , , 7.3585385, -0.0377661, , , , , , , 7.3585385, -0.008896, , , , , , , 7.3585385, 0.0057069, , , , , , , , , , , , , , , , , , , , , , , , , , , , 
7.3590577, 0.011078, , , , , , , 7.3590577, -0.0285344, , , , , , , 7.3590577, -0.008896, , , , , , , 7.3590577, 0.0070497, , , , , , , , , , , , , , , , , , , , , , , , , , , , 
7.3595769, 0.0112459, , , , , , , 7.3595769, -0.0149386, , , , , , , 7.3595769, -0.0095674, , , , , , , 7.3595769, 0.0068818, , , , , , , , , , , , , , , , , , , , , , , , , , , , 
7.3600962, 0.0058747, , , , , , , 7.3600962, -0.0075532, , , , , , , 7.3600962, -0.0115816, , , , , , , 7.3600962, 0.0036927, , , , , , , , , , , , , , , , , , , , , , , , , , , , 
7.3606154, 0.0052033, , , , , , , 7.3606154, -0.0072175, , , , , , , 7.3606154, -0.0109102, , , , , , , 7.3606154, -0.0043641, , , , , , , , , , , , , , , , , , , , , , , , , , , , 
7.3611346, 0.0176242, , , , , , , 7.3611346, -0.0102388, , , , , , , 7.3611346, -0.0109102, , , , , , , 7.3611346, -0.0166171, , , , , , , , , , , , , , , , , , , , , , , , , , , , 
7.3616538, 0.0280308, , , , , , , 7.3616538, -0.0090639, , , , , , , 7.3616538, -0.0105745, , , , , , , 7.3616538, -0.0236667, , , , , , , , , , , , , , , , , , , , , , , , , , , , 
7.3621731, 0.0320592, , , , , , , 7.3621731, -0.0058747, , , , , , , 7.3621731, -0.0099031, , , , , , , 7.3621731, -0.0270237, , , , , , , , , , , , , , , , , , , , , , , , , , , , 
7.3626923, 0.0340734, , , , , , , 7.3626923, -0.0048676, , , , , , , 7.3626923, -0.0104067, , , , , , , 7.3626923, -0.0258488, , , , , , , , , , , , , , , , , , , , , , , , , , , , 
7.3632115, 0.0340734, , , , , , , 7.3632115, -0.0057069, , , , , , , 7.3632115, -0.0115816, , , , , , , 7.3632115, -0.0229953, , , , , , , , , , , , , , , , , , , , , , , , , , , , 
7.3637308, 0.0305486, , , , , , , 7.3637308, -0.005539, , , , , , , 7.3637308, -0.0112459, , , , , , , 7.3637308, -0.0206455, , , , , , , , , , , , , , , , , , , , , , , , , , , , 
7.36425, 0.0203098, , , , , , , 7.36425, -0.0041962, , , , , , , 7.36425, -0.0109102, , , , , , , 7.36425, -0.0132601, , , , , , , , , , , , , , , , , , , , , , , , , , , , 
7.3647692, 0.0085603, , , , , , , 7.3647692, -0.0031891, , , , , , , 7.3647692, -0.012253, , , , , , , 7.3647692, -0.0005035, , , , , , , , , , , , , , , , , , , , , , , , , , , , 
7.3652885, 0.0005035, , , , , , , 7.3652885, -0.0028534, , , , , , , 7.3652885, -0.0132601, , , , , , , 7.3652885, 0.0082246, , , , , , , , , , , , , , , , , , , , , , , , , , , , 
7.3658077, -0.0082246, , , , , , , 7.3658077, -0.0028534, , , , , , , 7.3658077, -0.0104067, , , , , , , 7.3658077, 0.0162814, , , , , , , , , , , , , , , , , , , , , , , , , , , , 
7.3663269, -0.0159457, , , , , , , 7.3663269, -0.0035248, , , , , , , 7.3663269, -0.005539, , , , , , , 7.3663269, 0.0240024, , , , , , , , , , , , , , , , , , , , , , , , , , , , 
7.3668462, -0.0256809, , , , , , , 7.3668462, -0.0035248, , , , , , , 7.3668462, -0.0031891, , , , , , , 7.3668462, 0.0317235, , , , , , , , , , , , , , , , , , , , , , , , , , , , 
7.3673654, -0.036759, , , , , , , 7.3673654, -0.0031891, , , , , , , 7.3673654, -0.0041962, , , , , , , 7.3673654, 0.0396124, , , , , , , , , , , , , , , , , , , , , , , , , , , , 
7.3678846, -0.0468299, , , , , , , 7.3678846, -0.0041962, , , , , , , 7.3678846, -0.0031891, , , , , , , 7.3678846, 0.0491798, , , , , , , , , , , , , , , , , , , , , , , , , , , , 
7.3684038, -0.0572366, , , , , , , 7.3684038, -0.0048676, , , , , , , 7.3684038, -0.0015106, , , , , , , 7.3684038, 0.0574044, , , , , , , , , , , , , , , , , , , , , , , , , , , , 
7.3689231, -0.0661326, , , , , , , 7.3689231, -0.0065461, , , , , , , 7.3689231, -0.0018463, , , , , , , 7.3689231, 0.0602579, , , , , , , , , , , , , , , , , , , , , , , , , , , , 
7.3694423, -0.0659648, , , , , , , 7.3694423, -0.0082246, , , , , , , 7.3694423, -0.0023499, , , , , , , 7.3694423, 0.0607614, , , , , , , , , , , , , , , , , , , , , , , , , , , , 
7.3699615, -0.0659648, , , , , , , 7.3699615, -0.0075532, , , , , , , 7.3699615, -0.0011749, , , , , , , 7.3699615, 0.0627756, , , , , , , , , , , , , , , , , , , , , , , , , , , , 
7.3704808, -0.0629435, , , , , , , 7.3704808, -0.0048676, , , , , , , 7.3704808, -0.0028534, , , , , , , 7.3704808, 0.0602579, , , , , , , , , , , , , , , , , , , , , , , , , , , , 
7.371, -0.0493477, , , , , , , 7.371, -0.0043641, , , , , , , 7.371, -0.0028534, , , , , , , 7.371, 0.0498512, , , , , , , , , , , , , , , , , , , , , , , , , , , , 
7.3715192, -0.0293736, , , , , , , 7.3715192, -0.005539, , , , , , , 7.3715192, -0.0028534, , , , , , , 7.3715192, 0.0386053, , , , , , , , , , , , , , , , , , , , , , , , , , , , 
7.3720385, -0.0179599, , , , , , , 7.3720385, -0.005539, , , , , , , 7.3720385, -0.002182, , , , , , , 7.3720385, 0.0327306, , , , , , , , , , , , , , , , , , , , , , , , , , , , 
7.3725577, -0.0062104, , , , , , , 7.3725577, -0.0043641, , , , , , , 7.3725577, 0.0005035, , , , , , , 7.3725577, 0.0293736, , , , , , , , , , , , , , , , , , , , , , , , , , , , 
7.3730769, 0.0075532, , , , , , , 7.3730769, -0.0060426, , , , , , , 7.3730769, 0.0011749, , , , , , , 7.3730769, 0.0260166, , , , , , , , , , , , , , , , , , , , , , , , , , , , 
7.3735962, 0.0152743, , , , , , , 7.3735962, -0.0082246, , , , , , , 7.3735962, -0.0003357, , , , , , , 7.3735962, 0.0206455, , , , , , , , , , , , , , , , , , , , , , , , , , , , 
7.3741154, 0.0193027, , , , , , , 7.3741154, -0.0058747, , , , , , , 7.3741154, -0.0035248, , , , , , , 7.3741154, 0.0142672, , , , , , , , , , , , , , , , , , , , , , , , , , , , 
7.3746346, 0.023331, , , , , , , 7.3746346, -0.0036927, , , , , , , 7.3746346, -0.005539, , , , , , , 7.3746346, 0.0112459, , , , , , , , , , , , , , , , , , , , , , , , , , , , 
7.3751538, 0.0292058, , , , , , , 7.3751538, -0.0048676, , , , , , , 7.3751538, -0.005539, , , , , , , 7.3751538, 0.0092317, , , , , , , , , , , , , , , , , , , , , , , , , , , , 
7.3756731, 0.0360876, , , , , , , 7.3756731, -0.0072175, , , , , , , 7.3756731, -0.0048676, , , , , , , 7.3756731, 0.0105745, , , , , , , , , , , , , , , , , , , , , , , , , , , , 
7.3761923, 0.0399481, , , , , , , 7.3761923, -0.0092317, , , , , , , 7.3761923, -0.0041962, , , , , , , 7.3761923, 0.0119173, , , , , , , , , , , , , , , , , , , , , , , , , , , , 
7.3767115, 0.0421302, , , , , , , 7.3767115, -0.008896, , , , , , , 7.3767115, -0.005539, , , , , , , 7.3767115, 0.0119173, , , , , , , , , , , , , , , , , , , , , , , , , , , , 
7.3772308, 0.0480049, , , , , , , 7.3772308, -0.0068818, , , , , , , 7.3772308, -0.0078889, , , , , , , 7.3772308, 0.0078889, , , , , , , , , , , , , , , , , , , , , , , , , , , , 
7.37775, 0.0582437, , , , , , , 7.37775, -0.0062104, , , , , , , 7.37775, -0.0072175, , , , , , , 7.37775, 0.0038605, , , , , , , , , , , , , , , , , , , , , , , , , , , , 
7.3782692, 0.0649577, , , , , , , 7.3782692, -0.0068818, , , , , , , 7.3782692, -0.0062104, , , , , , , 7.3782692, 0.0031891, , , , , , , , , , , , , , , , , , , , , , , , , , , , 
7.3787885, 0.068986, , , , , , , 7.3787885, -0.0057069, , , , , , , 7.3787885, -0.0058747, , , , , , , 7.3787885, 0.0035248, , , , , , , , , , , , , , , , , , , , , , , , , , , , 
7.3793077, 0.0663005, , , , , , , 7.3793077, -0.0048676, , , , , , , 7.3793077, -0.0063783, , , , , , , 7.3793077, 0.0041962, , , , , , , , , , , , , , , , , , , , , , , , , , , , 
7.3798269, 0.061265, , , , , , , 7.3798269, -0.0063783, , , , , , , 7.3798269, -0.0063783, , , , , , , 7.3798269, 0.0028534, , , , , , , , , , , , , , , , , , , , , , , , , , , , 
7.3803462, 0.0636149, , , , , , , 7.3803462, -0.008896, , , , , , , 7.3803462, -0.0068818, , , , , , , 7.3803462, -0.0008392, , , , , , , , , , , , , , , , , , , , , , , , , , , , 
7.3808654, 0.0745251, , , , , , , 7.3808654, -0.008896, , , , , , , 7.3808654, -0.0078889, , , , , , , 7.3808654, -0.008896, , , , , , , , , , , , , , , , , , , , , , , , , , , , 
7.3813846, 0.0897993, , , , , , , 7.3813846, -0.0073854, , , , , , , 7.3813846, -0.008896, , , , , , , 7.3813846, -0.01561, , , , , , , , , , , , , , , , , , , , , , , , , , , , 
7.3819038, 0.1089342, , , , , , , 7.3819038, -0.0068818, , , , , , , 7.3819038, -0.0092317, , , , , , , 7.3819038, -0.0198062, , , , , , , , , , , , , , , , , , , , , , , , , , , , 
7.3824231, 0.1273976, , , , , , , 7.3824231, -0.0062104, , , , , , , 7.3824231, -0.0085603, , , , , , , 7.3824231, -0.0206455, , , , , , , , , , , , , , , , , , , , , , , , , , , , 
7.3829423, 0.1331044, , , , , , , 7.3829423, -0.005539, , , , , , , 7.3829423, -0.0082246, , , , , , , 7.3829423, -0.017792, , , , , , , , , , , , , , , , , , , , , , , , , , , , 
7.3834615, 0.1260548, , , , , , , 7.3834615, -0.0062104, , , , , , , 7.3834615, -0.0082246, , , , , , , 7.3834615, -0.0169528, , , , , , , , , , , , , , , , , , , , , , , , , , , , 
7.3839808, 0.1139696, , , , , , , 7.3839808, -0.005539, , , , , , , 7.3839808, -0.008896, , , , , , , 7.3839808, -0.0159457, , , , , , , , , , , , , , , , , , , , , , , , , , , , 
7.3845, 0.1028916, , , , , , , 7.3845, -0.005539, , , , , , , 7.3845, -0.0095674, , , , , , , 7.3845, -0.0114137, , , , , , , , , , , , , , , , , , , , , , , , , , , , 
7.3850192, 0.0904707, , , , , , , 7.3850192, -0.005539, , , , , , , 7.3850192, -0.0102388, , , , , , , 7.3850192, -0.0058747, , , , , , , , , , , , , , , , , , , , , , , , , , , , 
7.3855385, 0.0728466, , , , , , , 7.3855385, -0.0058747, , , , , , , 7.3855385, -0.0109102, , , , , , , 7.3855385, -0.0041962, , , , , , , , , , , , , , , , , , , , , , , , , , , , 
7.3860577, 0.0575723, , , , , , , 7.3860577, -0.0082246, , , , , , , 7.3860577, -0.0090639, , , , , , , 7.3860577, -0.0008392, , , , , , , , , , , , , , , , , , , , , , , , , , , , 
7.3865769, 0.0404517, , , , , , , 7.3865769, -0.0095674, , , , , , , 7.3865769, -0.0073854, , , , , , , 7.3865769, 0.0068818, , , , , , , , , , , , , , , , , , , , , , , , , , , , 
7.3870962, 0.017792, , , , , , , 7.3870962, -0.0102388, , , , , , , 7.3870962, -0.0075532, , , , , , , 7.3870962, 0.0196384, , , , , , , , , , , , , , , , , , , , , , , , , , , , 
7.3876154, 0.0035248, , , , , , , 7.3876154, -0.0125887, , , , , , , 7.3876154, -0.0070497, , , , , , , 7.3876154, 0.0327306, , , , , , , , , , , , , , , , , , , , , , , , , , , , 
7.3881346, -0.0065461, , , , , , , 7.3881346, -0.0135958, , , , , , , 7.3881346, -0.0063783, , , , , , , 7.3881346, 0.0397803, , , , , , , , , , , , , , , , , , , , , , , , , , , , 
7.3886538, -0.0196384, , , , , , , 7.3886538, -0.0132601, , , , , , , 7.3886538, -0.0063783, , , , , , , 7.3886538, 0.0453193, , , , , , , , , , , , , , , , , , , , , , , , , , , , 
7.3891731, -0.0276951, , , , , , , 7.3891731, -0.0135958, , , , , , , 7.3891731, -0.0063783, , , , , , , 7.3891731, 0.0522011, , , , , , , , , , , , , , , , , , , , , , , , , , , , 
7.3896923, -0.0364233, , , , , , , 7.3896923, -0.0119173, , , , , , , 7.3896923, -0.005539, , , , , , , 7.3896923, 0.0595865, , , , , , , , , , , , , , , , , , , , , , , , , , , , 
7.3902115, -0.0397803, , , , , , , 7.3902115, -0.0097353, , , , , , , 7.3902115, -0.005539, , , , , , , 7.3902115, 0.0605936, , , , , , , , , , , , , , , , , , , , , , , , , , , , 
7.3907308, -0.0357519, , , , , , , 7.3907308, -0.0062104, , , , , , , 7.3907308, -0.0045319, , , , , , , 7.3907308, 0.0543832, , , , , , , , , , , , , , , , , , , , , , , , , , , , 
7.39125, -0.0250095, , , , , , , 7.39125, -0.0041962, , , , , , , 7.39125, -0.0045319, , , , , , , 7.39125, 0.0461585, , , , , , , , , , , , , , , , , , , , , , , , , , , , 
7.3917692, -0.012253, , , , , , , 7.3917692, -0.0035248, , , , , , , 7.3917692, -0.0062104, , , , , , , 7.3917692, 0.036759, , , , , , , , , , , , , , , , , , , , , , , , , , , , 
7.3922885, 0.002182, , , , , , , 7.3922885, -0.0050355, , , , , , , 7.3922885, -0.0075532, , , , , , , 7.3922885, 0.0246738, , , , , , , , , , , , , , , , , , , , , , , , , , , , 
7.3928077, 0.0105745, , , , , , , 7.3928077, -0.0077211, , , , , , , 7.3928077, -0.0085603, , , , , , , 7.3928077, 0.0151064, , , , , , , , , , , , , , , , , , , , , , , , , , , , 
7.3933269, 0.01561, , , , , , , 7.3933269, -0.0077211, , , , , , , 7.3933269, -0.0090639, , , , , , , 7.3933269, 0.0129244, , , , , , , , , , , , , , , , , , , , , , , , , , , , 
7.3938462, 0.0198062, , , , , , , 7.3938462, -0.0058747, , , , , , , 7.3938462, -0.0095674, , , , , , , 7.3938462, 0.0140993, , , , , , , , , , , , , , , , , , , , , , , , , , , , 
7.3943654, 0.0226596, , , , , , , 7.3943654, -0.0062104, , , , , , , 7.3943654, -0.0095674, , , , , , , 7.3943654, 0.012253, , , , , , , , , , , , , , , , , , , , , , , , , , , , 
7.3948846, 0.026688, , , , , , , 7.3948846, -0.0082246, , , , , , , 7.3948846, -0.0095674, , , , , , , 7.3948846, 0.0105745, , , , , , , , , , , , , , , , , , , , , , , , , , , , 
7.3954038, 0.0303807, , , , , , , 7.3954038, -0.0085603, , , , , , , 7.3954038, -0.0095674, , , , , , , 7.3954038, 0.0109102, , , , , , , , , , , , , , , , , , , , , , , , , , , , 
7.3959231, 0.0344091, , , , , , , 7.3959231, -0.005539, , , , , , , 7.3959231, -0.0102388, , , , , , , 7.3959231, 0.0115816, , , , , , , , , , , , , , , , , , , , , , , , , , , , 
7.3964423, 0.0391089, , , , , , , 7.3964423, -0.0031891, , , , , , , 7.3964423, -0.0115816, , , , , , , 7.3964423, 0.0105745, , , , , , , , , , , , , , , , , , , , , , , , , , , , 
7.3969615, 0.040116, , , , , , , 7.3969615, -0.0045319, , , , , , , 7.3969615, -0.012253, , , , , , , 7.3969615, 0.0092317, , , , , , , , , , , , , , , , , , , , , , , , , , , , 
7.3974808, 0.0414588, , , , , , , 7.3974808, -0.0062104, , , , , , , 7.3974808, -0.0109102, , , , , , , 7.3974808, 0.0085603, , , , , , , , , , , , , , , , , , , , , , , , , , , , 
7.398, 0.0443122, , , , , , , 7.398, -0.0063783, , , , , , , 7.398, -0.0104067, , , , , , , 7.398, 0.0099031, , , , , , , , , , , , , , , , , , , , , , , , , , , , 
7.3985192, 0.0481727, , , , , , , 7.3985192, -0.0065461, , , , , , , 7.3985192, -0.0109102, , , , , , , 7.3985192, 0.0099031, , , , , , , , , , , , , , , , , , , , , , , , , , , , 
7.3990385, 0.0508583, , , , , , , 7.3990385, -0.0052033, , , , , , , 7.3990385, -0.0112459, , , , , , , 7.3990385, 0.011078, , , , , , , , , , , , , , , , , , , , , , , , , , , , 
7.3995577, 0.0518654, , , , , , , 7.3995577, -0.0015106, , , , , , , 7.3995577, -0.0099031, , , , , , , 7.3995577, 0.0109102, , , , , , , , , , , , , , , , , , , , , , , , , , , , 
7.4000769, 0.0518654, , , , , , , 7.4000769, 0.0105745, , , , , , , 7.4000769, -0.0082246, , , , , , , 7.4000769, 0.0082246, , , , , , , , , , , , , , , , , , , , , , , , , , , , 
7.4005962, 0.056733, , , , , , , 7.4005962, 0.0256809, , , , , , , 7.4005962, -0.0078889, , , , , , , 7.4005962, 0.0025177, , , , , , , , , , , , , , , , , , , , , , , , , , , , 
7.4011154, 0.0669718, , , , , , , 7.4011154, 0.0313878, , , , , , , 7.4011154, -0.0099031, , , , , , , 7.4011154, -0.0082246, , , , , , , , , , , , , , , , , , , , , , , , , , , , 
7.4016346, 0.0767071, , , , , , , 7.4016346, 0.0219883, , , , , , , 7.4016346, -0.0124208, , , , , , , 7.4016346, -0.0176242, , , , , , , , , , , , , , , , , , , , , , , , , , , , 
7.4021538, 0.0844282, , , , , , , 7.4021538, 0.0011749, , , , , , , 7.4021538, -0.012253, , , , , , , 7.4021538, -0.0240024, , , , , , , , , , , , , , , , , , , , , , , , , , , , 
7.4026731, 0.0892958, , , , , , , 7.4026731, -0.0203098, , , , , , , 7.4026731, -0.0125887, , , , , , , 7.4026731, -0.0283665, , , , , , , , , , , , , , , , , , , , , , , , , , , , 
7.4031923, 0.0899672, , , , , , , 7.4031923, -0.0339055, , , , , , , 7.4031923, -0.0135958, , , , , , , 7.4031923, -0.0310521, , , , , , , , , , , , , , , , , , , , , , , , , , , , 
7.4037115, 0.0807355, , , , , , , 7.4037115, -0.0411231, , , , , , , 7.4037115, -0.0146029, , , , , , , 7.4037115, -0.0287022, , , , , , , , , , , , , , , , , , , , , , , , , , , , 
7.4042308, 0.0676432, , , , , , , 7.4042308, -0.0458228, , , , , , , 7.4042308, -0.0142672, , , , , , , 7.4042308, -0.0206455, , , , , , , , , , , , , , , , , , , , , , , , , , , , 
7.40475, 0.0535439, , , , , , , 7.40475, -0.0433051, , , , , , , 7.40475, -0.012253, , , , , , , 7.40475, -0.0104067, , , , , , , , , , , , , , , , , , , , , , , , , , , , 
7.4052692, 0.0386053, , , , , , , 7.4052692, -0.0310521, , , , , , , 7.4052692, -0.0114137, , , , , , , 7.4052692, -0.0011749, , , , , , , , , , , , , , , , , , , , , , , , , , , , 
7.4057885, 0.0320592, , , , , , , 7.4057885, -0.0171206, , , , , , , 7.4057885, -0.012253, , , , , , , 7.4057885, 0.0070497, , , , , , , , , , , , , , , , , , , , , , , , , , , , 
7.4063077, 0.0240024, , , , , , , 7.4063077, -0.0092317, , , , , , , 7.4063077, -0.0117494, , , , , , , 7.4063077, 0.0139315, , , , , , , , , , , , , , , , , , , , , , , , , , , , 
7.4068269, 0.0169528, , , , , , , 7.4068269, -0.0078889, , , , , , , 7.4068269, -0.0109102, , , , , , , 7.4068269, 0.0229953, , , , , , , , , , , , , , , , , , , , , , , , , , , , 
7.4073462, 0.005539, , , , , , , 7.4073462, -0.0085603, , , , , , , 7.4073462, -0.008896, , , , , , , 7.4073462, 0.0313878, , , , , , , , , , , , , , , , , , , , , , , , , , , , 
7.4078654, -0.0125887, , , , , , , 7.4078654, -0.0031891, , , , , , , 7.4078654, -0.0082246, , , , , , , 7.4078654, 0.0354162, , , , , , , , , , , , , , , , , , , , , , , , , , , , 
7.4083846, -0.0303807, , , , , , , 7.4083846, 0.0132601, , , , , , , 7.4083846, -0.0077211, , , , , , , 7.4083846, 0.0372625, , , , , , , , , , , , , , , , , , , , , , , , , , , , 
7.4089038, -0.0394446, , , , , , , 7.4089038, 0.0307164, , , , , , , 7.4089038, -0.005539, , , , , , , 7.4089038, 0.0426337, , , , , , , , , , , , , , , , , , , , , , , , , , , , 
7.4094231, -0.0498512, , , , , , , 7.4094231, 0.033402, , , , , , , 7.4094231, -0.0035248, , , , , , , 7.4094231, 0.0485084, , , , , , , , , , , , , , , , , , , , , , , , , , , , 
7.4099423, -0.0622721, , , , , , , 7.4099423, 0.0209812, , , , , , , 7.4099423, -0.0045319, , , , , , , 7.4099423, 0.0501869, , , , , , , , , , , , , , , , , , , , , , , , , , , , 
7.4104615, -0.0619364, , , , , , , 7.4104615, -0.0003357, , , , , , , 7.4104615, -0.0068818, , , , , , , 7.4104615, 0.0464942, , , , , , , , , , , , , , , , , , , , , , , , , , , , 
7.4109808, -0.0495155, , , , , , , 7.4109808, -0.0229953, , , , , , , 7.4109808, -0.0068818, , , , , , , 7.4109808, 0.0394446, , , , , , , , , , , , , , , , , , , , , , , , , , , , 
7.4115, -0.0344091, , , , , , , 7.4115, -0.0394446, , , , , , , 7.4115, -0.0050355, , , , , , , 7.4115, 0.0310521, , , , , , , , , , , , , , , , , , , , , , , , , , , , 
7.4120192, -0.0236667, , , , , , , 7.4120192, -0.0525368, , , , , , , 7.4120192, -0.0043641, , , , , , , 7.4120192, 0.0218204, , , , , , , , , , , , , , , , , , , , , , , , , , , , 
7.4125385, -0.0169528, , , , , , , 7.4125385, -0.057908, , , , , , , 7.4125385, -0.0043641, , , , , , , 7.4125385, 0.0146029, , , , , , , , , , , , , , , , , , , , , , , , , , , , 
7.4130577, -0.0115816, , , , , , , 7.4130577, -0.0464942, , , , , , , 7.4130577, -0.005539, , , , , , , 7.4130577, 0.0099031, , , , , , , , , , , , , , , , , , , , , , , , , , , , 
7.4135769, -0.0020142, , , , , , , 7.4135769, -0.0270237, , , , , , , 7.4135769, -0.0057069, , , , , , , 7.4135769, 0.0045319, , , , , , , , , , , , , , , , , , , , , , , , , , , , 
7.4140962, 0.0085603, , , , , , , 7.4140962, -0.0151064, , , , , , , 7.4140962, -0.0058747, , , , , , , 7.4140962, -0.0005035, , , , , , , , , , , , , , , , , , , , , , , , , , , , 
7.4146154, 0.0130922, , , , , , , 7.4146154, -0.0129244, , , , , , , 7.4146154, -0.0068818, , , , , , , 7.4146154, -0.0015106, , , , , , , , , , , , , , , , , , , , , , , , , , , , 
7.4151346, 0.0166171, , , , , , , 7.4151346, -0.012253, , , , , , , 7.4151346, -0.0078889, , , , , , , 7.4151346, -0.0005035, , , , , , , , , , , , , , , , , , , , , , , , , , , , 
7.4156538, 0.0191348, , , , , , , 7.4156538, -0.0092317, , , , , , , 7.4156538, -0.008896, , , , , , , 7.4156538, -0.0018463, , , , , , , , , , , , , , , , , , , , , , , , , , , , 
7.4161731, 0.0223239, , , , , , , 7.4161731, -0.0077211, , , , , , , 7.4161731, -0.0083925, , , , , , , 7.4161731, -0.0038605, , , , , , , , , , , , , , , , , , , , , , , , , , , , 
7.4166923, 0.0240024, , , , , , , 7.4166923, -0.0072175, , , , , , , 7.4166923, -0.0077211, , , , , , , 7.4166923, -0.0058747, , , , , , , , , , , , , , , , , , , , , , , , , , , , 
7.4172115, 0.0253452, , , , , , , 7.4172115, -0.005539, , , , , , , 7.4172115, -0.0082246, , , , , , , 7.4172115, -0.005539, , , , , , , , , , , , , , , , , , , , , , , , , , , , 
7.4177308, 0.023331, , , , , , , 7.4177308, -0.0038605, , , , , , , 7.4177308, -0.0090639, , , , , , , 7.4177308, -0.0025177, , , , , , , , , , , , , , , , , , , , , , , , , , , , 
7.41825, 0.0203098, , , , , , , 7.41825, -0.0036927, , , , , , , 7.41825, -0.0085603, , , , , , , 7.41825, 0.0005035, , , , , , , , , , , , , , , , , , , , , , , , , , , , 
7.4187692, 0.0216526, , , , , , , 7.4187692, -0.0030213, , , , , , , 7.4187692, -0.0062104, , , , , , , 7.4187692, 0.0008392, , , , , , , , , , , , , , , , , , , , , , , , , , , , 
7.4192885, 0.0285344, , , , , , , 7.4192885, -0.0015106, , , , , , , 7.4192885, -0.0041962, , , , , , , 7.4192885, -0.0015106, , , , , , , , , , , , , , , , , , , , , , , , , , , , 
7.4198077, 0.0290379, , , , , , , 7.4198077, 0.0008392, , , , , , , 7.4198077, -0.0062104, , , , , , , 7.4198077, -0.0015106, , , , , , , , , , , , , , , , , , , , , , , , , , , , 
7.4203269, 0.0273594, , , , , , , 7.4203269, 0.0005035, , , , , , , 7.4203269, -0.0082246, , , , , , , 7.4203269, -0.0031891, , , , , , , , , , , , , , , , , , , , , , , , , , , , 
7.4208462, 0.0350805, , , , , , , 7.4208462, -0.0003357, , , , , , , 7.4208462, -0.0070497, , , , , , , 7.4208462, -0.0102388, , , , , , , , , , , , , , , , , , , , , , , , , , , , 
7.4213654, 0.0475013, , , , , , , 7.4213654, -0.0018463, , , , , , , 7.4213654, -0.0058747, , , , , , , 7.4213654, -0.0152743, , , , , , , , , , , , , , , , , , , , , , , , , , , , 
7.4218846, 0.0548867, , , , , , , 7.4218846, -0.0025177, , , , , , , 7.4218846, -0.0075532, , , , , , , 7.4218846, -0.0162814, , , , , , , , , , , , , , , , , , , , , , , , , , , , 
7.4224038, 0.056733, , , , , , , 7.4224038, -0.0038605, , , , , , , 7.4224038, -0.0109102, , , , , , , 7.4224038, -0.0162814, , , , , , , , , , , , , , , , , , , , , , , , , , , , 
7.4229231, 0.0575723, , , , , , , 7.4229231, -0.005539, , , , , , , 7.4229231, -0.0135958, , , , , , , 7.4229231, -0.01561, , , , , , , , , , , , , , , , , , , , , , , , , , , , 
7.4234423, 0.0558938, , , , , , , 7.4234423, -0.0041962, , , , , , , 7.4234423, -0.012253, , , , , , , 7.4234423, -0.0135958, , , , , , , , , , , , , , , , , , , , , , , , , , , , 
7.4239615, 0.0501869, , , , , , , 7.4239615, -0.0031891, , , , , , , 7.4239615, -0.0109102, , , , , , , 7.4239615, -0.0075532, , , , , , , , , , , , , , , , , , , , , , , , , , , , 
7.4244808, 0.0394446, , , , , , , 7.4244808, -0.0048676, , , , , , , 7.4244808, -0.008896, , , , , , , 7.4244808, 0.0001678, , , , , , , , , , , , , , , , , , , , , , , , , , , , 
7.425, 0.0246738, , , , , , , 7.425, -0.0052033, , , , , , , 7.425, -0.0075532, , , , , , , 7.425, 0.0072175, , , , , , , , , , , , , , , , , , , , , , , , , , , , 
7.4255192, 0.0127565, , , , , , , 7.4255192, -0.005539, , , , , , , 7.4255192, -0.0095674, , , , , , , 7.4255192, 0.0130922, , , , , , , , , , , , , , , , , , , , , , , , , , , , 
7.4260385, 0.0048676, , , , , , , 7.4260385, -0.0057069, , , , , , , 7.4260385, -0.0095674, , , , , , , 7.4260385, 0.0179599, , , , , , , , , , , , , , , , , , , , , , , , , , , , 
7.4265577, -0.0068818, , , , , , , 7.4265577, -0.0048676, , , , , , , 7.4265577, -0.0068818, , , , , , , 7.4265577, 0.0246738, , , , , , , , , , , , , , , , , , , , , , , , , , , , 
7.4270769, -0.0229953, , , , , , , 7.4270769, -0.005539, , , , , , , 7.4270769, -0.0043641, , , , , , , 7.4270769, 0.0350805, , , , , , , , , , , , , , , , , , , , , , , , , , , , 
7.4275962, -0.0364233, , , , , , , 7.4275962, -0.0048676, , , , , , , 7.4275962, -0.0036927, , , , , , , 7.4275962, 0.0475013, , , , , , , , , , , , , , , , , , , , , , , , , , , , 
7.4281154, -0.0473335, , , , , , , 7.4281154, -0.0035248, , , , , , , 7.4281154, -0.0028534, , , , , , , 7.4281154, 0.0535439, , , , , , , , , , , , , , , , , , , , , , , , , , , , 
7.4286346, -0.0575723, , , , , , , 7.4286346, -0.005539, , , , , , , 7.4286346, -0.0005035, , , , , , , 7.4286346, 0.0542153, , , , , , , , , , , , , , , , , , , , , , , , , , , , 
7.4291538, -0.0632792, , , , , , , 7.4291538, -0.0063783, , , , , , , 7.4291538, 0.0003357, , , , , , , 7.4291538, 0.0547189, , , , , , , , , , , , , , , , , , , , , , , , , , , , 
7.4296731, -0.0686503, , , , , , , 7.4296731, -0.0045319, , , , , , , 7.4296731, -0.0018463, , , , , , , 7.4296731, 0.0565652, , , , , , , , , , , , , , , , , , , , , , , , , , , , 
7.4301923, -0.0715038, , , , , , , 7.4301923, -0.0028534, , , , , , , 7.4301923, -0.0028534, , , , , , , 7.4301923, 0.0595865, , , , , , , , , , , , , , , , , , , , , , , , , , , , 
7.4307115, -0.0669718, , , , , , , 7.4307115, -0.0041962, , , , , , , 7.4307115, -0.0011749, , , , , , , 7.4307115, 0.0585794, , , , , , , , , , , , , , , , , , , , , , , , , , , , 
7.4312308, -0.0542153, , , , , , , 7.4312308, -0.0041962, , , , , , , 7.4312308, 0.0005035, , , , , , , 7.4312308, 0.0513619, , , , , , , , , , , , , , , , , , , , , , , , , , , , 
7.43175, -0.04448, , , , , , , 7.43175, -0.0028534, , , , , , , 7.43175, -0.0008392, , , , , , , 7.43175, 0.0397803, , , , , , , , , , , , , , , , , , , , , , , , , , , , 
7.4322692, -0.03122, , , , , , , 7.4322692, -0.0018463, , , , , , , 7.4322692, -0.0028534, , , , , , , 7.4322692, 0.0325628, , , , , , , , , , , , , , , , , , , , , , , , , , , , 
7.4327885, -0.0125887, , , , , , , 7.4327885, -0.0030213, , , , , , , 7.4327885, -0.002182, , , , , , , 7.4327885, 0.030045, , , , , , , , , , , , , , , , , , , , , , , , , , , , 
7.4333077, -0.008896, , , , , , , 7.4333077, -0.0041962, , , , , , , 7.4333077, -0.0028534, , , , , , , 7.4333077, 0.0253452, , , , , , , , , , , , , , , , , , , , , , , , , , , , 
7.4338269, -0.0129244, , , , , , , 7.4338269, -0.0048676, , , , , , , 7.4338269, -0.0048676, , , , , , , 7.4338269, 0.0196384, , , , , , , , , , , , , , , , , , , , , , , , , , , , 
7.4343462, -0.0109102, , , , , , , 7.4343462, -0.0068818, , , , , , , 7.4343462, -0.0050355, , , , , , , 7.4343462, 0.01561, , , , , , , , , , , , , , , , , , , , , , , , , , , , 
7.4348654, -0.0015106, , , , , , , 7.4348654, -0.0082246, , , , , , , 7.4348654, -0.0065461, , , , , , , 7.4348654, 0.0129244, , , , , , , , , , , , , , , , , , , , , , , , , , , , 
7.4353846, 0.0072175, , , , , , , 7.4353846, -0.0072175, , , , , , , 7.4353846, -0.0090639, , , , , , , 7.4353846, 0.0095674, , , , , , , , , , , , , , , , , , , , , , , , , , , , 
7.4359038, 0.0109102, , , , , , , 7.4359038, -0.0063783, , , , , , , 7.4359038, -0.0115816, , , , , , , 7.4359038, 0.0085603, , , , , , , , , , , , , , , , , , , , , , , , , , , , 
7.4364231, 0.0099031, , , , , , , 7.4364231, -0.008896, , , , , , , 7.4364231, -0.0102388, , , , , , , 7.4364231, 0.0099031, , , , , , , , , , , , , , , , , , , , , , , , , , , , 
7.4369423, 0.005539, , , , , , , 7.4369423, -0.0093996, , , , , , , 7.4369423, -0.0082246, , , , , , , 7.4369423, 0.011078, , , , , , , , , , , , , , , , , , , , , , , , , , , , 
7.4374615, 0.005539, , , , , , , 7.4374615, -0.0082246, , , , , , , 7.4374615, -0.0072175, , , , , , , 7.4374615, 0.0078889, , , , , , , , , , , , , , , , , , , , , , , , , , , , 
7.4379808, 0.0075532, , , , , , , 7.4379808, -0.0078889, , , , , , , 7.4379808, -0.0082246, , , , , , , 7.4379808, 0.0058747, , , , , , , , , , , , , , , , , , , , , , , , , , , , 
7.4385, 0.0068818, , , , , , , 7.4385, -0.0082246, , , , , , , 7.4385, -0.011078, , , , , , , 7.4385, 0.0062104, , , , , , , , , , , , , , , , , , , , , , , , , , , , 
7.4390192, 0.0052033, , , , , , , 7.4390192, -0.0095674, , , , , , , 7.4390192, -0.0117494, , , , , , , 7.4390192, 0.0048676, , , , , , , , , , , , , , , , , , , , , , , , , , , , 
7.4395385, 0.0048676, , , , , , , 7.4395385, -0.0109102, , , , , , , 7.4395385, -0.0109102, , , , , , , 7.4395385, 0.0031891, , , , , , , , , , , , , , , , , , , , , , , , , , , , 
7.4400577, 0.0102388, , , , , , , 7.4400577, -0.0099031, , , , , , , 7.4400577, -0.0115816, , , , , , , 7.4400577, 0.002182, , , , , , , , , , , , , , , , , , , , , , , , , , , , 
7.4405769, 0.0194705, , , , , , , 7.4405769, -0.0109102, , , , , , , 7.4405769, -0.0117494, , , , , , , 7.4405769, -0.0030213, , , , , , , , , , , , , , , , , , , , , , , , , , , , 
7.4410962, 0.0280308, , , , , , , 7.4410962, -0.012253, , , , , , , 7.4410962, -0.0130922, , , , , , , 7.4410962, -0.0109102, , , , , , , , , , , , , , , , , , , , , , , , , , , , 
7.4416154, 0.0387732, , , , , , , 7.4416154, -0.0115816, , , , , , , 7.4416154, -0.01561, , , , , , , 7.4416154, -0.0162814, , , , , , , , , , , , , , , , , , , , , , , , , , , , 
7.4421346, 0.0508583, , , , , , , 7.4421346, -0.0099031, , , , , , , 7.4421346, -0.01561, , , , , , , 7.4421346, -0.0182956, , , , , , , , , , , , , , , , , , , , , , , , , , , , 
7.4426538, 0.0599222, , , , , , , 7.4426538, -0.0109102, , , , , , , 7.4426538, -0.0132601, , , , , , , 7.4426538, -0.018967, , , , , , , , , , , , , , , , , , , , , , , , , , , , 
7.4431731, 0.0652934, , , , , , , 7.4431731, -0.012253, , , , , , , 7.4431731, -0.0114137, , , , , , , 7.4431731, -0.0198062, , , , , , , , , , , , , , , , , , , , , , , , , , , , 
7.4436923, 0.0663005, , , , , , , 7.4436923, -0.0119173, , , , , , , 7.4436923, -0.0129244, , , , , , , 7.4436923, -0.018967, , , , , , , , , , , , , , , , , , , , , , , , , , , , 
7.4442115, 0.0629435, , , , , , , 7.4442115, -0.0109102, , , , , , , 7.4442115, -0.0142672, , , , , , , 7.4442115, -0.0115816, , , , , , , , , , , , , , , , , , , , , , , , , , , , 
7.4447308, 0.0542153, , , , , , , 7.4447308, -0.0097353, , , , , , , 7.4447308, -0.0132601, , , , , , , 7.4447308, -0.0018463, , , , , , , , , , , , , , , , , , , , , , , , , , , , 
7.44525, 0.0407874, , , , , , , 7.44525, -0.0085603, , , , , , , 7.44525, -0.0105745, , , , , , , 7.44525, 0.0050355, , , , , , , , , , , , , , , , , , , , , , , , , , , , 
7.4457692, 0.0307164, , , , , , , 7.4457692, -0.0078889, , , , , , , 7.4457692, -0.008896, , , , , , , 7.4457692, 0.0125887, , , , , , , , , , , , , , , , , , , , , , , , , , , , 
7.4462885, 0.0223239, , , , , , , 7.4462885, -0.0082246, , , , , , , 7.4462885, -0.0095674, , , , , , , 7.4462885, 0.0182956, , , , , , , , , , , , , , , , , , , , , , , , , , , , 
7.4468077, 0.0065461, , , , , , , 7.4468077, -0.0072175, , , , , , , 7.4468077, -0.0095674, , , , , , , 7.4468077, 0.0251774, , , , , , , , , , , , , , , , , , , , , , , , , , , , 
7.4473269, -0.0104067, , , , , , , 7.4473269, -0.0057069, , , , , , , 7.4473269, -0.0075532, , , , , , , 7.4473269, 0.033402, , , , , , , , , , , , , , , , , , , , , , , , , , , , 
7.4478462, -0.0218204, , , , , , , 7.4478462, -0.005539, , , , , , , 7.4478462, -0.0035248, , , , , , , 7.4478462, 0.0406195, , , , , , , , , , , , , , , , , , , , , , , , , , , , 
7.4483654, -0.0310521, , , , , , , 7.4483654, -0.0072175, , , , , , , 7.4483654, -0.0018463, , , , , , , 7.4483654, 0.0475013, , , , , , , , , , , , , , , , , , , , , , , , , , , , 
7.4488846, -0.0414588, , , , , , , 7.4488846, -0.0085603, , , , , , , 7.4488846, -0.0028534, , , , , , , 7.4488846, 0.0525368, , , , , , , , , , , , , , , , , , , , , , , , , , , , 
7.4494038, -0.0491798, , , , , , , 7.4494038, -0.008896, , , , , , , 7.4494038, -0.0031891, , , , , , , 7.4494038, 0.0548867, , , , , , , , , , , , , , , , , , , , , , , , , , , , 
7.4499231, -0.0547189, , , , , , , 7.4499231, -0.0095674, , , , , , , 7.4499231, -0.002182, , , , , , , 7.4499231, 0.0562295, , , , , , , , , , , , , , , , , , , , , , , , , , , , 
7.4504423, -0.0533761, , , , , , , 7.4504423, -0.008896, , , , , , , 7.4504423, -0.0015106, , , , , , , 7.4504423, 0.0535439, , , , , , , , , , , , , , , , , , , , , , , , , , , , 
7.4509615, -0.0424659, , , , , , , 7.4509615, -0.0001678, , , , , , , 7.4509615, -0.0018463, , , , , , , 7.4509615, 0.0439765, , , , , , , , , , , , , , , , , , , , , , , , , , , , 
7.4514808, -0.0290379, , , , , , , 7.4514808, 0.0082246, , , , , , , 7.4514808, -0.0025177, , , , , , , 7.4514808, 0.033402, , , , , , , , , , , , , , , , , , , , , , , , , , , , 
7.452, -0.0146029, , , , , , , 7.452, 0.0109102, , , , , , , 7.452, -0.0028534, , , , , , , 7.452, 0.0280308, , , , , , , , , , , , , , , , , , , , , , , , , , , , 
7.4525192, -0.0023499, , , , , , , 7.4525192, 0.0099031, , , , , , , 7.4525192, -0.0038605, , , , , , , 7.4525192, 0.0238346, , , , , , , , , , , , , , , , , , , , , , , , , , , , 
7.4530385, 0.0072175, , , , , , , 7.4530385, 0.0062104, , , , , , , 7.4530385, -0.0038605, , , , , , , 7.4530385, 0.0196384, , , , , , , , , , , , , , , , , , , , , , , , , , , , 
7.4535577, 0.0119173, , , , , , , 7.4535577, -0.0028534, , , , , , , 7.4535577, -0.0031891, , , , , , , 7.4535577, 0.0166171, , , , , , , , , , , , , , , , , , , , , , , , , , , , 
7.4540769, 0.0154421, , , , , , , 7.4540769, -0.0149386, , , , , , , 7.4540769, -0.0045319, , , , , , , 7.4540769, 0.0129244, , , , , , , , , , , , , , , , , , , , , , , , , , , , 
7.4545962, 0.0203098, , , , , , , 7.4545962, -0.0236667, , , , , , , 7.4545962, -0.005539, , , , , , , 7.4545962, 0.0102388, , , , , , , , , , , , , , , , , , , , , , , , , , , , 
7.4551154, 0.0260166, , , , , , , 7.4551154, -0.0317235, , , , , , , 7.4551154, -0.0058747, , , , , , , 7.4551154, 0.0075532, , , , , , , , , , , , , , , , , , , , , , , , , , , , 
7.4556346, 0.0307164, , , , , , , 7.4556346, -0.0354162, , , , , , , 7.4556346, -0.0092317, , , , , , , 7.4556346, 0.0065461, , , , , , , , , , , , , , , , , , , , , , , , , , , , 
7.4561538, 0.030045, , , , , , , 7.4561538, -0.0283665, , , , , , , 7.4561538, -0.0129244, , , , , , , 7.4561538, 0.0062104, , , , , , , , , , , , , , , , , , , , , , , , , , , , 
7.4566731, 0.030045, , , , , , , 7.4566731, -0.0162814, , , , , , , 7.4566731, -0.011078, , , , , , , 7.4566731, 0.0058747, , , , , , , , , , , , , , , , , , , , , , , , , , , , 
7.4571923, 0.0313878, , , , , , , 7.4571923, -0.0095674, , , , , , , 7.4571923, -0.0095674, , , , , , , 7.4571923, 0.0035248, , , , , , , , , , , , , , , , , , , , , , , , , , , , 
7.4577115, 0.0307164, , , , , , , 7.4577115, -0.0087282, , , , , , , 7.4577115, -0.008896, , , , , , , 7.4577115, 0.0035248, , , , , , , , , , , , , , , , , , , , , , , , , , , , 
7.4582308, 0.0298772, , , , , , , 7.4582308, -0.0095674, , , , , , , 7.4582308, -0.0082246, , , , , , , 7.4582308, 0.0048676, , , , , , , , , , , , , , , , , , , , , , , , , , , , 
7.45875, 0.0303807, , , , , , , 7.45875, -0.008896, , , , , , , 7.45875, -0.0078889, , , , , , , 7.45875, 0.0062104, , , , , , , , , , , , , , , , , , , , , , , , , , , , 
7.4592692, 0.0394446, , , , , , , 7.4592692, -0.0085603, , , , , , , 7.4592692, -0.0068818, , , , , , , 7.4592692, 0.005539, , , , , , , , , , , , , , , , , , , , , , , , , , , , 
7.4597885, 0.0491798, , , , , , , 7.4597885, -0.008896, , , , , , , 7.4597885, -0.0052033, , , , , , , 7.4597885, 0.0058747, , , , , , , , , , , , , , , , , , , , , , , , , , , , 
7.4603077, 0.0535439, , , , , , , 7.4603077, -0.0085603, , , , , , , 7.4603077, -0.0041962, , , , , , , 7.4603077, 0.0045319, , , , , , , , , , , , , , , , , , , , , , , , , , , , 
7.4608269, 0.0609293, , , , , , , 7.4608269, -0.0092317, , , , , , , 7.4608269, -0.0048676, , , , , , , 7.4608269, -0.0038605, , , , , , , , , , , , , , , , , , , , , , , , , , , , 
7.4613462, 0.0664683, , , , , , , 7.4613462, -0.0085603, , , , , , , 7.4613462, -0.0087282, , , , , , , 7.4613462, -0.0146029, , , , , , , , , , , , , , , , , , , , , , , , , , , , 
7.4618654, 0.0718395, , , , , , , 7.4618654, -0.0075532, , , , , , , 7.4618654, -0.012253, , , , , , , 7.4618654, -0.0209812, , , , , , , , , , , , , , , , , , , , , , , , , , , , 
7.4623846, 0.079057, , , , , , , 7.4623846, -0.005539, , , , , , , 7.4623846, -0.0142672, , , , , , , 7.4623846, -0.0238346, , , , , , , , , , , , , , , , , , , , , , , , , , , , 
7.4629038, 0.0827497, , , , , , , 7.4629038, -0.0035248, , , , , , , 7.4629038, -0.0162814, , , , , , , 7.4629038, -0.0253452, , , , , , , , , , , , , , , , , , , , , , , , , , , , 
7.4634231, 0.0797284, , , , , , , 7.4634231, -0.0028534, , , , , , , 7.4634231, -0.0171206, , , , , , , 7.4634231, -0.023331, , , , , , , , , , , , , , , , , , , , , , , , , , , , 
7.4639423, 0.0716716, , , , , , , 7.4639423, -0.0041962, , , , , , , 7.4639423, -0.0154421, , , , , , , 7.4639423, -0.0193027, , , , , , , , , , , , , , , , , , , , , , , , , , , , 
7.4644615, 0.061265, , , , , , , 7.4644615, -0.0041962, , , , , , , 7.4644615, -0.0129244, , , , , , , 7.4644615, -0.0162814, , , , , , , , , , , , , , , , , , , , , , , , , , , , 
7.4649808, 0.0525368, , , , , , , 7.4649808, -0.0028534, , , , , , , 7.4649808, -0.0105745, , , , , , , 7.4649808, -0.0095674, , , , , , , , , , , , , , , , , , , , , , , , , , , , 
7.4655, 0.0475013, , , , , , , 7.4655, -0.0038605, , , , , , , 7.4655, -0.0104067, , , , , , , 7.4655, -0.0008392, , , , , , , , , , , , , , , , , , , , , , , , , , , , 
7.4660192, 0.0424659, , , , , , , 7.4660192, -0.0036927, , , , , , , 7.4660192, -0.0109102, , , , , , , 7.4660192, 0.0045319, , , , , , , , , , , , , , , , , , , , , , , , , , , , 
7.4665385, 0.0307164, , , , , , , 7.4665385, -0.0031891, , , , , , , 7.4665385, -0.0102388, , , , , , , 7.4665385, 0.008896, , , , , , , , , , , , , , , , , , , , , , , , , , , , 
7.4670577, 0.008896, , , , , , , 7.4670577, -0.005539, , , , , , , 7.4670577, -0.0095674, , , , , , , 7.4670577, 0.0149386, , , , , , , , , , , , , , , , , , , , , , , , , , , , 
7.4675769, -0.0151064, , , , , , , 7.4675769, -0.0082246, , , , , , , 7.4675769, -0.0085603, , , , , , , 7.4675769, 0.0240024, , , , , , , , , , , , , , , , , , , , , , , , , , , , 
7.4680962, -0.0330663, , , , , , , 7.4680962, -0.0075532, , , , , , , 7.4680962, -0.0062104, , , , , , , 7.4680962, 0.0320592, , , , , , , , , , , , , , , , , , , , , , , , , , , , 
7.4686154, -0.04448, , , , , , , 7.4686154, -0.0082246, , , , , , , 7.4686154, -0.0026856, , , , , , , 7.4686154, 0.0396124, , , , , , , , , , , , , , , , , , , , , , , , , , , , 
7.4691346, -0.0518654, , , , , , , 7.4691346, -0.0119173, , , , , , , 7.4691346, -0.0001678, , , , , , , 7.4691346, 0.0468299, , , , , , , , , , , , , , , , , , , , , , , , , , , , 
7.4696538, -0.0562295, , , , , , , 7.4696538, -0.0142672, , , , , , , 7.4696538, 0.002182, , , , , , , 7.4696538, 0.0508583, , , , , , , , , , , , , , , , , , , , , , , , , , , , 
7.4701731, -0.0560616, , , , , , , 7.4701731, -0.012253, , , , , , , 7.4701731, 0.0015106, , , , , , , 7.4701731, 0.0515297, , , , , , , , , , , , , , , , , , , , , , , , , , , , 
7.4706923, -0.0518654, , , , , , , 7.4706923, -0.008896, , , , , , , 7.4706923, -0.0030213, , , , , , , 7.4706923, 0.0481727, , , , , , , , , , , , , , , , , , , , , , , , , , , , 
7.4712115, -0.0411231, , , , , , , 7.4712115, -0.0068818, , , , , , , 7.4712115, -0.0073854, , , , , , , 7.4712115, 0.0421302, , , , , , , , , , , , , , , , , , , , , , , , , , , , 
7.4717308, -0.0276951, , , , , , , 7.4717308, -0.0057069, , , , , , , 7.4717308, -0.0082246, , , , , , , 7.4717308, 0.0347448, , , , , , , , , , , , , , , , , , , , , , , , , , , , 
7.47225, -0.0176242, , , , , , , 7.47225, -0.0031891, , , , , , , 7.47225, -0.0075532, , , , , , , 7.47225, 0.0290379, , , , , , , , , , , , , , , , , , , , , , , , , , , , 
7.4727692, -0.0068818, , , , , , , 7.4727692, -0.0035248, , , , , , , 7.4727692, -0.0072175, , , , , , , 7.4727692, 0.0251774, , , , , , , , , , , , , , , , , , , , , , , , , , , , 
7.4732885, 0.0085603, , , , , , , 7.4732885, -0.0043641, , , , , , , 7.4732885, -0.0082246, , , , , , , 7.4732885, 0.0198062, , , , , , , , , , , , , , , , , , , , , , , , , , , , 
7.4738077, 0.0166171, , , , , , , 7.4738077, -0.0050355, , , , , , , 7.4738077, -0.008896, , , , , , , 7.4738077, 0.0182956, , , , , , , , , , , , , , , , , , , , , , , , , , , , 
7.4743269, 0.0199741, , , , , , , 7.4743269, -0.005539, , , , , , , 7.4743269, -0.0082246, , , , , , , 7.4743269, 0.0213169, , , , , , , , , , , , , , , , , , , , , , , , , , , , 
7.4748462, 0.0231632, , , , , , , 7.4748462, -0.0062104, , , , , , , 7.4748462, -0.0068818, , , , , , , 7.4748462, 0.0256809, , , , , , , , , , , , , , , , , , , , , , , , , , , , 
7.4753654, 0.0206455, , , , , , , 7.4753654, -0.0075532, , , , , , , 7.4753654, -0.0062104, , , , , , , 7.4753654, 0.0276951, , , , , , , , , , , , , , , , , , , , , , , , , , , , 
7.4758846, 0.0171206, , , , , , , 7.4758846, -0.0082246, , , , , , , 7.4758846, -0.0068818, , , , , , , 7.4758846, 0.027863, , , , , , , , , , , , , , , , , , , , , , , , , , , , 
7.4764038, 0.0176242, , , , , , , 7.4764038, -0.0075532, , , , , , , 7.4764038, -0.0075532, , , , , , , 7.4764038, 0.027863, , , , , , , , , , , , , , , , , , , , , , , , , , , , 
7.4769231, 0.0199741, , , , , , , 7.4769231, -0.0070497, , , , , , , 7.4769231, -0.0068818, , , , , , , 7.4769231, 0.0263523, , , , , , , , , , , , , , , , , , , , , , , , , , , , 
7.4774423, 0.0179599, , , , , , , 7.4774423, -0.0085603, , , , , , , 7.4774423, -0.0062104, , , , , , , 7.4774423, 0.0243381, , , , , , , , , , , , , , , , , , , , , , , , , , , , 
7.4779615, 0.0125887, , , , , , , 7.4779615, -0.010071, , , , , , , 7.4779615, -0.0062104, , , , , , , 7.4779615, 0.0229953, , , , , , , , , , , , , , , , , , , , , , , , , , , , 
7.4784808, 0.0065461, , , , , , , 7.4784808, -0.011078, , , , , , , 7.4784808, -0.0065461, , , , , , , 7.4784808, 0.0206455, , , , , , , , , , , , , , , , , , , , , , , , , , , , 
7.479, 0.0008392, , , , , , , 7.479, -0.0109102, , , , , , , 7.479, -0.005539, , , , , , , 7.479, 0.01561, , , , , , , , , , , , , , , , , , , , , , , , , , , , 
7.4795192, -0.0015106, , , , , , , 7.4795192, -0.0082246, , , , , , , 7.4795192, -0.0041962, , , , , , , 7.4795192, 0.0092317, , , , , , , , , , , , , , , , , , , , , , , , , , , , 
7.4800385, 0.0058747, , , , , , , 7.4800385, -0.0043641, , , , , , , 7.4800385, -0.0045319, , , , , , , 7.4800385, 0.0011749, , , , , , , , , , , , , , , , , , , , , , , , , , , , 
7.4805577, 0.0206455, , , , , , , 7.4805577, -0.002182, , , , , , , 7.4805577, -0.0075532, , , , , , , 7.4805577, -0.008896, , , , , , , , , , , , , , , , , , , , , , , , , , , , 
7.4810769, 0.0370947, , , , , , , 7.4810769, -0.002182, , , , , , , 7.4810769, -0.0105745, , , , , , , 7.4810769, -0.0196384, , , , , , , , , , , , , , , , , , , , , , , , , , , , 
7.4815962, 0.047837, , , , , , , 7.4815962, -0.0038605, , , , , , , 7.4815962, -0.0112459, , , , , , , 7.4815962, -0.0258488, , , , , , , , , , , , , , , , , , , , , , , , , , , , 
7.4821154, 0.0515297, , , , , , , 7.4821154, -0.0052033, , , , , , , 7.4821154, -0.0119173, , , , , , , 7.4821154, -0.0297093, , , , , , , , , , , , , , , , , , , , , , , , , , , , 
7.4826346, 0.0562295, , , , , , , 7.4826346, -0.0057069, , , , , , , 7.4826346, -0.0115816, , , , , , , 7.4826346, -0.0337377, , , , , , , , , , , , , , , , , , , , , , , , , , , , 
7.4831538, 0.0619364, , , , , , , 7.4831538, -0.0041962, , , , , , , 7.4831538, -0.0102388, , , , , , , 7.4831538, -0.0360876, , , , , , , , , , , , , , , , , , , , , , , , , , , , 
7.4836731, 0.0619364, , , , , , , 7.4836731, -0.005539, , , , , , , 7.4836731, -0.0105745, , , , , , , 7.4836731, -0.0344091, , , , , , , , , , , , , , , , , , , , , , , , , , , , 
7.4841923, 0.0589151, , , , , , , 7.4841923, -0.0082246, , , , , , , 7.4841923, -0.012253, , , , , , , 7.4841923, -0.0292058, , , , , , , , , , , , , , , , , , , , , , , , , , , , 
7.4847115, 0.0540475, , , , , , , 7.4847115, -0.0082246, , , , , , , 7.4847115, -0.0102388, , , , , , , 7.4847115, -0.0199741, , , , , , , , , , , , , , , , , , , , , , , , , , , , 
7.4852308, 0.0416266, , , , , , , 7.4852308, -0.0062104, , , , , , , 7.4852308, -0.0082246, , , , , , , 7.4852308, -0.0109102, , , , , , , , , , , , , , , , , , , , , , , , , , , , 
7.48575, 0.0293736, , , , , , , 7.48575, -0.005539, , , , , , , 7.48575, -0.008896, , , , , , , 7.48575, -0.0043641, , , , , , , , , , , , , , , , , , , , , , , , , , , , 
7.4862692, 0.0172885, , , , , , , 7.4862692, -0.0062104, , , , , , , 7.4862692, -0.0090639, , , , , , , 7.4862692, 0.0008392, , , , , , , , , , , , , , , , , , , , , , , , , , , , 
7.4867885, -0.0003357, , , , , , , 7.4867885, -0.0068818, , , , , , , 7.4867885, -0.0077211, , , , , , , 7.4867885, 0.0058747, , , , , , , , , , , , , , , , , , , , , , , , , , , , 
7.4873077, -0.0206455, , , , , , , 7.4873077, -0.0090639, , , , , , , 7.4873077, -0.0075532, , , , , , , 7.4873077, 0.0129244, , , , , , , , , , , , , , , , , , , , , , , , , , , , 
7.4878269, -0.0308843, , , , , , , 7.4878269, -0.0109102, , , , , , , 7.4878269, -0.0068818, , , , , , , 7.4878269, 0.0198062, , , , , , , , , , , , , , , , , , , , , , , , , , , , 
7.4883462, -0.0381018, , , , , , , 7.4883462, -0.0109102, , , , , , , 7.4883462, -0.0062104, , , , , , , 7.4883462, 0.0270237, , , , , , , , , , , , , , , , , , , , , , , , , , , , 
7.4888654, -0.0468299, , , , , , , 7.4888654, -0.0102388, , , , , , , 7.4888654, -0.0035248, , , , , , , 7.4888654, 0.0340734, , , , , , , , , , , , , , , , , , , , , , , , , , , , 
7.4893846, -0.051194, , , , , , , 7.4893846, -0.0095674, , , , , , , 7.4893846, -0.0028534, , , , , , , 7.4893846, 0.036759, , , , , , , , , , , , , , , , , , , , , , , , , , , , 
7.4899038, -0.0555581, , , , , , , 7.4899038, -0.0083925, , , , , , , 7.4899038, -0.0041962, , , , , , , 7.4899038, 0.0381018, , , , , , , , , , , , , , , , , , , , , , , , , , , , 
7.4904231, -0.057908, , , , , , , 7.4904231, -0.0085603, , , , , , , 7.4904231, -0.0045319, , , , , , , 7.4904231, 0.0370947, , , , , , , , , , , , , , , , , , , , , , , , , , , , 
7.4909423, -0.0500191, , , , , , , 7.4909423, -0.0102388, , , , , , , 7.4909423, -0.0048676, , , , , , , 7.4909423, 0.0330663, , , , , , , , , , , , , , , , , , , , , , , , , , , , 
7.4914615, -0.0354162, , , , , , , 7.4914615, -0.0095674, , , , , , , 7.4914615, -0.005539, , , , , , , 7.4914615, 0.026688, , , , , , , , , , , , , , , , , , , , , , , , , , , , 
7.4919808, -0.0223239, , , , , , , 7.4919808, -0.0085603, , , , , , , 7.4919808, -0.0050355, , , , , , , 7.4919808, 0.0226596, , , , , , , , , , , , , , , , , , , , , , , , , , , , 
7.4925, -0.012253, , , , , , , 7.4925, -0.0102388, , , , , , , 7.4925, -0.0041962, , , , , , , 7.4925, 0.0199741, , , , , , , , , , , , , , , , , , , , , , , , , , , , 
7.4930192, -0.0048676, , , , , , , 7.4930192, -0.0085603, , , , , , , 7.4930192, -0.0028534, , , , , , , 7.4930192, 0.0164492, , , , , , , , , , , , , , , , , , , , , , , , , , , , 
7.4935385, 0.0028534, , , , , , , 7.4935385, -0.0062104, , , , , , , 7.4935385, -0.0041962, , , , , , , 7.4935385, 0.0112459, , , , , , , , , , , , , , , , , , , , , , , , , , , , 
7.4940577, 0.0092317, , , , , , , 7.4940577, -0.0063783, , , , , , , 7.4940577, -0.0057069, , , , , , , 7.4940577, 0.0095674, , , , , , , , , , , , , , , , , , , , , , , , , , , , 
7.4945769, 0.0119173, , , , , , , 7.4945769, -0.0075532, , , , , , , 7.4945769, -0.005539, , , , , , , 7.4945769, 0.0099031, , , , , , , , , , , , , , , , , , , , , , , , , , , , 
7.4950962, 0.0104067, , , , , , , 7.4950962, -0.0092317, , , , , , , 7.4950962, -0.0058747, , , , , , , 7.4950962, 0.0082246, , , , , , , , , , , , , , , , , , , , , , , , , , , , 
7.4956154, 0.0078889, , , , , , , 7.4956154, -0.0112459, , , , , , , 7.4956154, -0.0058747, , , , , , , 7.4956154, 0.0052033, , , , , , , , , , , , , , , , , , , , , , , , , , , , 
7.4961346, 0.0082246, , , , , , , 7.4961346, -0.0104067, , , , , , , 7.4961346, -0.0052033, , , , , , , 7.4961346, 0.0058747, , , , , , , , , , , , , , , , , , , , , , , , , , , , 
7.4966538, 0.0080568, , , , , , , 7.4966538, -0.0075532, , , , , , , 7.4966538, -0.0041962, , , , , , , 7.4966538, 0.0072175, , , , , , , , , , , , , , , , , , , , , , , , , , , , 
7.4971731, 0.0102388, , , , , , , 7.4971731, -0.0062104, , , , , , , 7.4971731, -0.0038605, , , , , , , 7.4971731, 0.0072175, , , , , , , , , , , , , , , , , , , , , , , , , , , , 
7.4976923, 0.0172885, , , , , , , 7.4976923, -0.0062104, , , , , , , 7.4976923, -0.0068818, , , , , , , 7.4976923, 0.0062104, , , , , , , , , , , , , , , , , , , , , , , , , , , , 
7.4982115, 0.0293736, , , , , , , 7.4982115, -0.0068818, , , , , , , 7.4982115, -0.008896, , , , , , , 7.4982115, 0.0085603, , , , , , , , , , , , , , , , , , , , , , , , , , , , 
7.4987308, 0.040116, , , , , , , 7.4987308, -0.0068818, , , , , , , 7.4987308, -0.0082246, , , , , , , 7.4987308, 0.0102388, , , , , , , , , , , , , , , , , , , , , , , , , , , , 
7.49925, 0.0387732, , , , , , , 7.49925, -0.0065461, , , , , , , 7.49925, -0.0062104, , , , , , , 7.49925, 0.0082246, , , , , , , , , , , , , , , , , , , , , , , , , , , , 
7.4997692, 0.030045, , , , , , , 7.4997692, -0.0082246, , , , , , , 7.4997692, -0.0062104, , , , , , , 7.4997692, 0.0058747, , , , , , , , , , , , , , , , , , , , , , , , , , , , 
7.5002885, 0.0323949, , , , , , , 7.5002885, -0.0092317, , , , , , , 7.5002885, -0.0062104, , , , , , , 7.5002885, 0.0008392, , , , , , , , , , , , , , , , , , , , , , , , , , , , 
7.5008077, 0.0448157, , , , , , , 7.5008077, -0.0095674, , , , , , , 7.5008077, -0.0058747, , , , , , , 7.5008077, -0.008896, , , , , , , , , , , , , , , , , , , , , , , , , , , , 
7.5013269, 0.0589151, , , , , , , 7.5013269, -0.0082246, , , , , , , 7.5013269, -0.0075532, , , , , , , 7.5013269, -0.0176242, , , , , , , , , , , , , , , , , , , , , , , , , , , , 
7.5018462, 0.0703288, , , , , , , 7.5018462, -0.0073854, , , , , , , 7.5018462, -0.0105745, , , , , , , 7.5018462, -0.0213169, , , , , , , , , , , , , , , , , , , , , , , , , , , , 
7.5023654, 0.0763714, , , , , , , 7.5023654, -0.0077211, , , , , , , 7.5023654, -0.0119173, , , , , , , 7.5023654, -0.0223239, , , , , , , , , , , , , , , , , , , , , , , , , , , , 
7.5028846, 0.0760357, , , , , , , 7.5028846, -0.0090639, , , , , , , 7.5028846, -0.0109102, , , , , , , 7.5028846, -0.0216526, , , , , , , , , , , , , , , , , , , , , , , , , , , , 
7.5034038, 0.0740215, , , , , , , 7.5034038, -0.0092317, , , , , , , 7.5034038, -0.0104067, , , , , , , 7.5034038, -0.0203098, , , , , , , , , , , , , , , , , , , , , , , , , , , , 
7.5039231, 0.072343, , , , , , , 7.5039231, -0.0095674, , , , , , , 7.5039231, -0.012253, , , , , , , 7.5039231, -0.0167849, , , , , , , , , , , , , , , , , , , , , , , , , , , , 
7.5044423, 0.0679789, , , , , , , 7.5044423, -0.0095674, , , , , , , 7.5044423, -0.0152743, , , , , , , 7.5044423, -0.0099031, , , , , , , , , , , , , , , , , , , , , , , , , , , , 
7.5049615, 0.0569009, , , , , , , 7.5049615, -0.0099031, , , , , , , 7.5049615, -0.01561, , , , , , , 7.5049615, -0.0031891, , , , , , , , , , , , , , , , , , , , , , , , , , , , 
7.5054808, 0.0419623, , , , , , , 7.5054808, -0.0099031, , , , , , , 7.5054808, -0.0129244, , , , , , , 7.5054808, 0.0015106, , , , , , , , , , , , , , , , , , , , , , , , , , , , 
7.506, 0.0283665, , , , , , , 7.506, -0.0105745, , , , , , , 7.506, -0.0092317, , , , , , , 7.506, 0.0087282, , , , , , , , , , , , , , , , , , , , , , , , , , , , 
7.5065192, 0.0171206, , , , , , , 7.5065192, -0.0099031, , , , , , , 7.5065192, -0.0063783, , , , , , , 7.5065192, 0.0179599, , , , , , , , , , , , , , , , , , , , , , , , , , , , 
7.5070385, 0.0011749, , , , , , , 7.5070385, -0.0092317, , , , , , , 7.5070385, -0.0052033, , , , , , , 7.5070385, 0.0263523, , , , , , , , , , , , , , , , , , , , , , , , , , , , 
7.5075577, -0.010071, , , , , , , 7.5075577, -0.0099031, , , , , , , 7.5075577, -0.0028534, , , , , , , 7.5075577, 0.0327306, , , , , , , , , , , , , , , , , , , , , , , , , , , , 
7.5080769, -0.0152743, , , , , , , 7.5080769, -0.0095674, , , , , , , 7.5080769, -0.0018463, , , , , , , 7.5080769, 0.040116, , , , , , , , , , , , , , , , , , , , , , , , , , , , 
7.5085962, -0.0223239, , , , , , , 7.5085962, -0.0078889, , , , , , , 7.5085962, -0.0015106, , , , , , , 7.5085962, 0.0481727, , , , , , , , , , , , , , , , , , , , , , , , , , , , 
7.5091154, -0.0276951, , , , , , , 7.5091154, -0.0068818, , , , , , , 7.5091154, -0.0001678, , , , , , , 7.5091154, 0.0552224, , , , , , , , , , , , , , , , , , , , , , , , , , , , 
7.5096346, -0.0307164, , , , , , , 7.5096346, -0.0052033, , , , , , , 7.5096346, 0.0010071, , , , , , , 7.5096346, 0.0585794, , , , , , , , , , , , , , , , , , , , , , , , , , , , 
7.5101538, -0.0344091, , , , , , , 7.5101538, 0.0011749, , , , , , , 7.5101538, 0.0005035, , , , , , , 7.5101538, 0.0584115, , , , , , , , , , , , , , , , , , , , , , , , , , , , 
7.5106731, -0.0354162, , , , , , , 7.5106731, 0.0186313, , , , , , , 7.5106731, -0.0003357, , , , , , , 7.5106731, 0.0542153, , , , , , , , , , , , , , , , , , , , , , , , , , , , 
7.5111923, -0.0276951, , , , , , , 7.5111923, 0.0344091, , , , , , , 7.5111923, -0.0028534, , , , , , , 7.5111923, 0.0466621, , , , , , , , , , , , , , , , , , , , , , , , , , , , 
7.5117115, -0.0152743, , , , , , , 7.5117115, 0.0345769, , , , , , , 7.5117115, -0.0048676, , , , , , , 7.5117115, 0.0406195, , , , , , , , , , , , , , , , , , , , , , , , , , , , 
7.5122308, -0.0062104, , , , , , , 7.5122308, 0.018967, , , , , , , 7.5122308, -0.005539, , , , , , , 7.5122308, 0.0354162, , , , , , , , , , , , , , , , , , , , , , , , , , , , 
7.51275, -0.0010071, , , , , , , 7.51275, -0.0028534, , , , , , , 7.51275, -0.0062104, , , , , , , 7.51275, 0.0307164, , , , , , , , , , , , , , , , , , , , , , , , , , , , 
7.5132692, 0.0045319, , , , , , , 7.5132692, -0.0229953, , , , , , , 7.5132692, -0.0078889, , , , , , , 7.5132692, 0.026688, , , , , , , , , , , , , , , , , , , , , , , , , , , , 
7.5137885, 0.0097353, , , , , , , 7.5137885, -0.0330663, , , , , , , 7.5137885, -0.0099031, , , , , , , 7.5137885, 0.0229953, , , , , , , , , , , , , , , , , , , , , , , , , , , , 
7.5143077, 0.0078889, , , , , , , 7.5143077, -0.0404517, , , , , , , 7.5143077, -0.0102388, , , , , , , 7.5143077, 0.0218204, , , , , , , , , , , , , , , , , , , , , , , , , , , , 
7.5148269, 0.0102388, , , , , , , 7.5148269, -0.0481727, , , , , , , 7.5148269, -0.011078, , , , , , , 7.5148269, 0.0226596, , , , , , , , , , , , , , , , , , , , , , , , , , , , 
7.5153462, 0.0166171, , , , , , , 7.5153462, -0.0448157, , , , , , , 7.5153462, -0.0112459, , , , , , , 7.5153462, 0.0199741, , , , , , , , , , , , , , , , , , , , , , , , , , , , 
7.5158654, 0.0213169, , , , , , , 7.5158654, -0.0318914, , , , , , , 7.5158654, -0.0099031, , , , , , , 7.5158654, 0.0142672, , , , , , , , , , , , , , , , , , , , , , , , , , , , 
7.5163846, 0.0223239, , , , , , , 7.5163846, -0.0186313, , , , , , , 7.5163846, -0.0082246, , , , , , , 7.5163846, 0.0115816, , , , , , , , , , , , , , , , , , , , , , , , , , , , 
7.5169038, 0.0219883, , , , , , , 7.5169038, -0.0117494, , , , , , , 7.5169038, -0.0077211, , , , , , , 7.5169038, 0.0119173, , , , , , , , , , , , , , , , , , , , , , , , , , , , 
7.5174231, 0.0224918, , , , , , , 7.5174231, -0.0102388, , , , , , , 7.5174231, -0.0109102, , , , , , , 7.5174231, 0.0117494, , , , , , , , , , , , , , , , , , , , , , , , , , , , 
7.5179423, 0.026688, , , , , , , 7.5179423, -0.0077211, , , , , , , 7.5179423, -0.012253, , , , , , , 7.5179423, 0.0092317, , , , , , , , , , , , , , , , , , , , , , , , , , , , 
7.5184615, 0.030045, , , , , , , 7.5184615, -0.0041962, , , , , , , 7.5184615, -0.0119173, , , , , , , 7.5184615, 0.0085603, , , , , , , , , , , , , , , , , , , , , , , , , , , , 
7.5189808, 0.0297093, , , , , , , 7.5189808, -0.0030213, , , , , , , 7.5189808, -0.0129244, , , , , , , 7.5189808, 0.008896, , , , , , , , , , , , , , , , , , , , , , , , , , , , 
7.5195, 0.0287022, , , , , , , 7.5195, -0.0063783, , , , , , , 7.5195, -0.0132601, , , , , , , 7.5195, 0.0082246, , , , , , , , , , , , , , , , , , , , , , , , , , , , 
7.5200192, 0.026688, , , , , , , 7.5200192, -0.0115816, , , , , , , 7.5200192, -0.012253, , , , , , , 7.5200192, 0.0062104, , , , , , , , , , , , , , , , , , , , , , , , , , , , 
7.5205385, 0.0313878, , , , , , , 7.5205385, -0.0125887, , , , , , , 7.5205385, -0.0124208, , , , , , , 7.5205385, -0.0005035, , , , , , , , , , , , , , , , , , , , , , , , , , , , 
7.5210577, 0.0426337, , , , , , , 7.5210577, -0.0095674, , , , , , , 7.5210577, -0.0149386, , , , , , , 7.5210577, -0.0099031, , , , , , , , , , , , , , , , , , , , , , , , , , , , 
7.5215769, 0.0501869, , , , , , , 7.5215769, -0.005539, , , , , , , 7.5215769, -0.0132601, , , , , , , 7.5215769, -0.0181277, , , , , , , , , , , , , , , , , , , , , , , , , , , , 
7.5220962, 0.0532082, , , , , , , 7.5220962, -0.0041962, , , , , , , 7.5220962, -0.0112459, , , , , , , 7.5220962, -0.0216526, , , , , , , , , , , , , , , , , , , , , , , , , , , , 
7.5226154, 0.0535439, , , , , , , 7.5226154, -0.0028534, , , , , , , 7.5226154, -0.0130922, , , , , , , 7.5226154, -0.0193027, , , , , , , , , , , , , , , , , , , , , , , , , , , , 
7.5231346, 0.0548867, , , , , , , 7.5231346, -0.0018463, , , , , , , 7.5231346, -0.0162814, , , , , , , 7.5231346, -0.0176242, , , , , , , , , , , , , , , , , , , , , , , , , , , , 
7.5236538, 0.0555581, , , , , , , 7.5236538, -0.0005035, , , , , , , 7.5236538, -0.0166171, , , , , , , 7.5236538, -0.0176242, , , , , , , , , , , , , , , , , , , , , , , , , , , , 
7.5241731, 0.0518654, , , , , , , 7.5241731, 0.0005035, , , , , , , 7.5241731, -0.0151064, , , , , , , 7.5241731, -0.0135958, , , , , , , , , , , , , , , , , , , , , , , , , , , , 
7.5246923, 0.0448157, , , , , , , 7.5246923, -0.0001678, , , , , , , 7.5246923, -0.0142672, , , , , , , 7.5246923, -0.005539, , , , , , , , , , , , , , , , , , , , , , , , , , , , 
7.5252115, 0.0337377, , , , , , , 7.5252115, -0.0041962, , , , , , , 7.5252115, -0.0162814, , , , , , , 7.5252115, 0.0030213, , , , , , , , , , , , , , , , , , , , , , , , , , , , 
7.5257308, 0.0223239, , , , , , , 7.5257308, -0.0052033, , , , , , , 7.5257308, -0.0166171, , , , , , , 7.5257308, 0.0092317, , , , , , , , , , , , , , , , , , , , , , , , , , , , 
7.52625, 0.0169528, , , , , , , 7.52625, -0.0035248, , , , , , , 7.52625, -0.0149386, , , , , , , 7.52625, 0.0142672, , , , , , , , , , , , , , , , , , , , , , , , , , , , 
7.5267692, 0.0179599, , , , , , , 7.5267692, -0.0025177, , , , , , , 7.5267692, -0.0135958, , , , , , , 7.5267692, 0.0206455, , , , , , , , , , , , , , , , , , , , , , , , , , , , 
7.5272885, 0.0130922, , , , , , , 7.5272885, -0.0028534, , , , , , , 7.5272885, -0.0119173, , , , , , , 7.5272885, 0.0280308, , , , , , , , , , , , , , , , , , , , , , , , , , , , 
7.5278077, -0.0035248, , , , , , , 7.5278077, -0.0045319, , , , , , , 7.5278077, -0.0095674, , , , , , , 7.5278077, 0.0344091, , , , , , , , , , , , , , , , , , , , , , , , , , , , 
7.5283269, -0.0223239, , , , , , , 7.5283269, -0.0052033, , , , , , , 7.5283269, -0.0102388, , , , , , , 7.5283269, 0.0387732, , , , , , , , , , , , , , , , , , , , , , , , , , , , 
7.5288462, -0.0344091, , , , , , , 7.5288462, -0.0062104, , , , , , , 7.5288462, -0.0105745, , , , , , , 7.5288462, 0.043473, , , , , , , , , , , , , , , , , , , , , , , , , , , , 
7.5293654, -0.0404517, , , , , , , 7.5293654, -0.0077211, , , , , , , 7.5293654, -0.0068818, , , , , , , 7.5293654, 0.0464942, , , , , , , , , , , , , , , , , , , , , , , , , , , , 
7.5298846, -0.0414588, , , , , , , 7.5298846, -0.0068818, , , , , , , 7.5298846, -0.0035248, , , , , , , 7.5298846, 0.0471656, , , , , , , , , , , , , , , , , , , , , , , , , , , , 
7.5304038, -0.0350805, , , , , , , 7.5304038, -0.0048676, , , , , , , 7.5304038, -0.0018463, , , , , , , 7.5304038, 0.0468299, , , , , , , , , , , , , , , , , , , , , , , , , , , , 
7.5309231, -0.0236667, , , , , , , 7.5309231, -0.0038605, , , , , , , 7.5309231, -0.0018463, , , , , , , 7.5309231, 0.043473, , , , , , , , , , , , , , , , , , , , , , , , , , , , 
7.5314423, -0.0097353, , , , , , , 7.5314423, -0.0053712, , , , , , , 7.5314423, -0.002182, , , , , , , 7.5314423, 0.0359197, , , , , , , , , , , , , , , , , , , , , , , , , , , , 
7.5319615, -0.0008392, , , , , , , 7.5319615, -0.0072175, , , , , , , 7.5319615, -0.0028534, , , , , , , 7.5319615, 0.0283665, , , , , , , , , , , , , , , , , , , , , , , , , , , , 
7.5324808, 0.0045319, , , , , , , 7.5324808, -0.008896, , , , , , , 7.5324808, -0.0020142, , , , , , , 7.5324808, 0.0223239, , , , , , , , , , , , , , , , , , , , , , , , , , , , 
7.533, 0.0104067, , , , , , , 7.533, -0.0072175, , , , , , , 7.533, -0.0030213, , , , , , , 7.533, 0.0176242, , , , , , , , , , , , , , , , , , , , , , , , , , , , 
7.5335192, 0.0159457, , , , , , , 7.5335192, -0.005539, , , , , , , 7.5335192, -0.0058747, , , , , , , 7.5335192, 0.0132601, , , , , , , , , , , , , , , , , , , , , , , , , , , , 
7.5340385, 0.0193027, , , , , , , 7.5340385, -0.0048676, , , , , , , 7.5340385, -0.005539, , , , , , , 7.5340385, 0.0124208, , , , , , , , , , , , , , , , , , , , , , , , , , , , 
7.5345577, 0.0193027, , , , , , , 7.5345577, -0.005539, , , , , , , 7.5345577, -0.0031891, , , , , , , 7.5345577, 0.0125887, , , , , , , , , , , , , , , , , , , , , , , , , , , , 
7.5350769, 0.0193027, , , , , , , 7.5350769, -0.0062104, , , , , , , 7.5350769, -0.003357, , , , , , , 7.5350769, 0.0119173, , , , , , , , , , , , , , , , , , , , , , , , , , , , 
7.5355962, 0.0193027, , , , , , , 7.5355962, -0.0058747, , , , , , , 7.5355962, -0.0062104, , , , , , , 7.5355962, 0.0095674, , , , , , , , , , , , , , , , , , , , , , , , , , , , 
7.5361154, 0.0203098, , , , , , , 7.5361154, -0.0063783, , , , , , , 7.5361154, -0.0082246, , , , , , , 7.5361154, 0.0065461, , , , , , , , , , , , , , , , , , , , , , , , , , , , 
7.5366346, 0.0213169, , , , , , , 7.5366346, -0.0082246, , , , , , , 7.5366346, -0.0082246, , , , , , , 7.5366346, 0.0038605, , , , , , , , , , , , , , , , , , , , , , , , , , , , 
7.5371538, 0.0199741, , , , , , , 7.5371538, -0.0095674, , , , , , , 7.5371538, -0.0048676, , , , , , , 7.5371538, 0.002182, , , , , , , , , , , , , , , , , , , , , , , , , , , , 
7.5376731, 0.0182956, , , , , , , 7.5376731, -0.0095674, , , , , , , 7.5376731, -0.0035248, , , , , , , 7.5376731, 0.0015106, , , , , , , , , , , , , , , , , , , , , , , , , , , , 
7.5381923, 0.0179599, , , , , , , 7.5381923, -0.0092317, , , , , , , 7.5381923, -0.005539, , , , , , , 7.5381923, 0.002182, , , , , , , , , , , , , , , , , , , , , , , , , , , , 
7.5387115, 0.0167849, , , , , , , 7.5387115, -0.0085603, , , , , , , 7.5387115, -0.0085603, , , , , , , 7.5387115, 0.0043641, , , , , , , , , , , , , , , , , , , , , , , , , , , , 
7.5392308, 0.0130922, , , , , , , 7.5392308, -0.0068818, , , , , , , 7.5392308, -0.0099031, , , , , , , 7.5392308, 0.0058747, , , , , , , , , , , , , , , , , , , , , , , , , , , , 
7.53975, 0.0146029, , , , , , , 7.53975, -0.0065461, , , , , , , 7.53975, -0.0085603, , , , , , , 7.53975, 0.005539, , , , , , , , , , , , , , , , , , , , , , , , , , , , 
7.5402692, 0.0226596, , , , , , , 7.5402692, -0.0075532, , , , , , , 7.5402692, -0.0068818, , , , , , , 7.5402692, 0.0005035, , , , , , , , , , , , , , , , , , , , , , , , , , , , 
7.5407885, 0.033402, , , , , , , 7.5407885, -0.0083925, , , , , , , 7.5407885, -0.0065461, , , , , , , 7.5407885, -0.0083925, , , , , , , , , , , , , , , , , , , , , , , , , , , , 
7.5413077, 0.0391089, , , , , , , 7.5413077, -0.0085603, , , , , , , 7.5413077, -0.0068818, , , , , , , 7.5413077, -0.0151064, , , , , , , , , , , , , , , , , , , , , , , , , , , , 
7.5418269, 0.0404517, , , , , , , 7.5418269, -0.0102388, , , , , , , 7.5418269, -0.0082246, , , , , , , 7.5418269, -0.018967, , , , , , , , , , , , , , , , , , , , , , , , , , , , 
7.5423462, 0.0431373, , , , , , , 7.5423462, -0.0115816, , , , , , , 7.5423462, -0.0085603, , , , , , , 7.5423462, -0.0193027, , , , , , , , , , , , , , , , , , , , , , , , , , , , 
7.5428654, 0.0453193, , , , , , , 7.5428654, -0.0102388, , , , , , , 7.5428654, -0.0087282, , , , , , , 7.5428654, -0.0182956, , , , , , , , , , , , , , , , , , , , , , , , , , , , 
7.5433846, 0.043473, , , , , , , 7.5433846, -0.0072175, , , , , , , 7.5433846, -0.0092317, , , , , , , 7.5433846, -0.0169528, , , , , , , , , , , , , , , , , , , , , , , , , , , , 
7.5439038, 0.0404517, , , , , , , 7.5439038, -0.005539, , , , , , , 7.5439038, -0.008896, , , , , , , 7.5439038, -0.0142672, , , , , , , , , , , , , , , , , , , , , , , , , , , , 
7.5444231, 0.0303807, , , , , , , 7.5444231, -0.0072175, , , , , , , 7.5444231, -0.0095674, , , , , , , 7.5444231, -0.0068818, , , , , , , , , , , , , , , , , , , , , , , , , , , , 
7.5449423, 0.0142672, , , , , , , 7.5449423, -0.0085603, , , , , , , 7.5449423, -0.0102388, , , , , , , 7.5449423, 0.0016785, , , , , , , , , , , , , , , , , , , , , , , , , , , , 
7.5454615, 0.0011749, , , , , , , 7.5454615, -0.0085603, , , , , , , 7.5454615, -0.0083925, , , , , , , 7.5454615, 0.0072175, , , , , , , , , , , , , , , , , , , , , , , , , , , , 
7.5459808, -0.0102388, , , , , , , 7.5459808, -0.0083925, , , , , , , 7.5459808, -0.0082246, , , , , , , 7.5459808, 0.011078, , , , , , , , , , , , , , , , , , , , , , , , , , , , 
7.5465, -0.0216526, , , , , , , 7.5465, -0.0065461, , , , , , , 7.5465, -0.0095674, , , , , , , 7.5465, 0.0159457, , , , , , , , , , , , , , , , , , , , , , , , , , , , 
7.5470192, -0.0317235, , , , , , , 7.5470192, -0.005539, , , , , , , 7.5470192, -0.0095674, , , , , , , 7.5470192, 0.0240024, , , , , , , , , , , , , , , , , , , , , , , , , , , , 
7.5475385, -0.0397803, , , , , , , 7.5475385, -0.0058747, , , , , , , 7.5475385, -0.0062104, , , , , , , 7.5475385, 0.0310521, , , , , , , , , , , , , , , , , , , , , , , , , , , , 
7.5480577, -0.0481727, , , , , , , 7.5480577, -0.0082246, , , , , , , 7.5480577, -0.0045319, , , , , , , 7.5480577, 0.0357519, , , , , , , , , , , , , , , , , , , , , , , , , , , , 
7.5485769, -0.0569009, , , , , , , 7.5485769, -0.0090639, , , , , , , 7.5485769, -0.0035248, , , , , , , 7.5485769, 0.0411231, , , , , , , , , , , , , , , , , , , , , , , , , , , , 
7.5490962, -0.0629435, , , , , , , 7.5490962, -0.0082246, , , , , , , 7.5490962, -0.002182, , , , , , , 7.5490962, 0.0468299, , , , , , , , , , , , , , , , , , , , , , , , , , , , 
7.5496154, -0.0694896, , , , , , , 7.5496154, -0.0082246, , , , , , , 7.5496154, -0.0005035, , , , , , , 7.5496154, 0.051194, , , , , , , , , , , , , , , , , , , , , , , , , , , , 
7.5501346, -0.0736858, , , , , , , 7.5501346, -0.0078889, , , , , , , 7.5501346, 0.0018463, , , , , , , 7.5501346, 0.0518654, , , , , , , , , , , , , , , , , , , , , , , , , , , , 
7.5506538, -0.0669718, , , , , , , 7.5506538, -0.0065461, , , , , , , 7.5506538, 0.0050355, , , , , , , 7.5506538, 0.0471656, , , , , , , , , , , , , , , , , , , , , , , , , , , , 
7.5511731, -0.0518654, , , , , , , 7.5511731, -0.0057069, , , , , , , 7.5511731, 0.0058747, , , , , , , 7.5511731, 0.0414588, , , , , , , , , , , , , , , , , , , , , , , , , , , , 
7.5516923, -0.0364233, , , , , , , 7.5516923, -0.0073854, , , , , , , 7.5516923, 0.0058747, , , , , , , 7.5516923, 0.0340734, , , , , , , , , , , , , , , , , , , , , , , , , , , , 
7.5522115, -0.0243381, , , , , , , 7.5522115, -0.0083925, , , , , , , 7.5522115, 0.0048676, , , , , , , 7.5522115, 0.0280308, , , , , , , , , , , , , , , , , , , , , , , , , , , , 
7.5527308, -0.012253, , , , , , , 7.5527308, -0.0077211, , , , , , , 7.5527308, 0.0018463, , , , , , , 7.5527308, 0.023331, , , , , , , , , , , , , , , , , , , , , , , , , , , , 
7.55325, -0.0005035, , , , , , , 7.55325, -0.0068818, , , , , , , 7.55325, -0.0028534, , , , , , , 7.55325, 0.0203098, , , , , , , , , , , , , , , , , , , , , , , , , , , , 
7.5537692, 0.0099031, , , , , , , 7.5537692, -0.0062104, , , , , , , 7.5537692, -0.0041962, , , , , , , 7.5537692, 0.0171206, , , , , , , , , , , , , , , , , , , , , , , , , , , , 
7.5542885, 0.0198062, , , , , , , 7.5542885, -0.0058747, , , , , , , 7.5542885, -0.0018463, , , , , , , 7.5542885, 0.0125887, , , , , , , , , , , , , , , , , , , , , , , , , , , , 
7.5548077, 0.0253452, , , , , , , 7.5548077, -0.0065461, , , , , , , 7.5548077, -0.0023499, , , , , , , 7.5548077, 0.0104067, , , , , , , , , , , , , , , , , , , , , , , , , , , , 
7.5553269, 0.0280308, , , , , , , 7.5553269, -0.0075532, , , , , , , 7.5553269, -0.0062104, , , , , , , 7.5553269, 0.0082246, , , , , , , , , , , , , , , , , , , , , , , , , , , , 
7.5558462, 0.0317235, , , , , , , 7.5558462, -0.0077211, , , , , , , 7.5558462, -0.0077211, , , , , , , 7.5558462, 0.0048676, , , , , , , , , , , , , , , , , , , , , , , , , , , , 
7.5563654, 0.033402, , , , , , , 7.5563654, -0.0072175, , , , , , , 7.5563654, -0.0065461, , , , , , , 7.5563654, 0.0015106, , , , , , , , , , , , , , , , , , , , , , , , , , , , 
7.5568846, 0.0357519, , , , , , , 7.5568846, -0.0075532, , , , , , , 7.5568846, -0.0062104, , , , , , , 7.5568846, 0.0005035, , , , , , , , , , , , , , , , , , , , , , , , , , , , 
7.5574038, 0.0414588, , , , , , , 7.5574038, -0.0099031, , , , , , , 7.5574038, -0.0062104, , , , , , , 7.5574038, 0.0010071, , , , , , , , , , , , , , , , , , , , , , , , , , , , 
7.5579231, 0.0454871, , , , , , , 7.5579231, -0.0109102, , , , , , , 7.5579231, -0.0077211, , , , , , , 7.5579231, 0.0028534, , , , , , , , , , , , , , , , , , , , , , , , , , , , 
7.5584423, 0.0505226, , , , , , , 7.5584423, -0.0092317, , , , , , , 7.5584423, -0.008896, , , , , , , 7.5584423, 0.0031891, , , , , , , , , , , , , , , , , , , , , , , , , , , , 
7.5589615, 0.0538796, , , , , , , 7.5589615, -0.0083925, , , , , , , 7.5589615, -0.0078889, , , , , , , 7.5589615, 0.0023499, , , , , , , , , , , , , , , , , , , , , , , , , , , , 
7.5594808, 0.0548867, , , , , , , 7.5594808, -0.0075532, , , , , , , 7.5594808, -0.0068818, , , , , , , 7.5594808, 0.0035248, , , , , , , , , , , , , , , , , , , , , , , , , , , , 
7.56, 0.0605936, , , , , , , 7.56, -0.0068818, , , , , , , 7.56, -0.0062104, , , , , , , 7.56, 0.0035248, , , , , , , , , , , , , , , , , , , , , , , , , , , , 
7.5605192, 0.0706645, , , , , , , 7.5605192, -0.0068818, , , , , , , 7.5605192, -0.0095674, , , , , , , 7.5605192, -0.0016785, , , , , , , , , , , , , , , , , , , , , , , , , , , , 
7.5610385, 0.0827497, , , , , , , 7.5610385, -0.0075532, , , , , , , 7.5610385, -0.0119173, , , , , , , 7.5610385, -0.0092317, , , , , , , , , , , , , , , , , , , , , , , , , , , , 
7.5615577, 0.0936599, , , , , , , 7.5615577, -0.0068818, , , , , , , 7.5615577, -0.0129244, , , , , , , 7.5615577, -0.0130922, , , , , , , , , , , , , , , , , , , , , , , , , , , , 
7.5620769, 0.1028916, , , , , , , 7.5620769, -0.0070497, , , , , , , 7.5620769, -0.0135958, , , , , , , 7.5620769, -0.014435, , , , , , , , , , , , , , , , , , , , , , , , , , , , 
7.5625962, 0.1015488, , , , , , , 7.5625962, -0.0082246, , , , , , , 7.5625962, -0.014435, , , , , , , 7.5625962, -0.0162814, , , , , , , , , , , , , , , , , , , , , , , , , , , , 
7.5631154, 0.0938277, , , , , , , 7.5631154, -0.008896, , , , , , , 7.5631154, -0.0157778, , , , , , , 7.5631154, -0.0179599, , , , , , , , , , , , , , , , , , , , , , , , , , , , 
7.5636346, 0.0864424, , , , , , , 7.5636346, -0.008896, , , , , , , 7.5636346, -0.0176242, , , , , , , 7.5636346, -0.0159457, , , , , , , , , , , , , , , , , , , , , , , , , , , , 
7.5641538, 0.0783856, , , , , , , 7.5641538, -0.0109102, , , , , , , 7.5641538, -0.0169528, , , , , , , 7.5641538, -0.0090639, , , , , , , , , , , , , , , , , , , , , , , , , , , , 
7.5646731, 0.0728466, , , , , , , 7.5646731, -0.0115816, , , , , , , 7.5646731, -0.0162814, , , , , , , 7.5646731, -0.0005035, , , , , , , , , , , , , , , , , , , , , , , , , , , , 
7.5651923, 0.0683146, , , , , , , 7.5651923, -0.0119173, , , , , , , 7.5651923, -0.01561, , , , , , , 7.5651923, 0.0050355, , , , , , , , , , , , , , , , , , , , , , , , , , , , 
7.5657115, 0.0599222, , , , , , , 7.5657115, -0.0135958, , , , , , , 7.5657115, -0.0137636, , , , , , , 7.5657115, 0.0102388, , , , , , , , , , , , , , , , , , , , , , , , , , , , 
7.5662308, 0.0488441, , , , , , , 7.5662308, -0.0139315, , , , , , , 7.5662308, -0.0124208, , , , , , , 7.5662308, 0.0179599, , , , , , , , , , , , , , , , , , , , , , , , , , , , 
7.56675, 0.0372625, , , , , , , 7.56675, -0.0117494, , , , , , , 7.56675, -0.011078, , , , , , , 7.56675, 0.0260166, , , , , , , , , , , , , , , , , , , , , , , , , , , , 
7.5672692, 0.0263523, , , , , , , 7.5672692, -0.0095674, , , , , , , 7.5672692, -0.0092317, , , , , , , 7.5672692, 0.0320592, , , , , , , , , , , , , , , , , , , , , , , , , , , , 
7.5677885, 0.0172885, , , , , , , 7.5677885, -0.0082246, , , , , , , 7.5677885, -0.0095674, , , , , , , 7.5677885, 0.0360876, , , , , , , , , , , , , , , , , , , , , , , , , , , , 
7.5683077, 0.0031891, , , , , , , 7.5683077, -0.0075532, , , , , , , 7.5683077, -0.0105745, , , , , , , 7.5683077, 0.0387732, , , , , , , , , , , , , , , , , , , , , , , , , , , , 
7.5688269, -0.008896, , , , , , , 7.5688269, -0.0075532, , , , , , , 7.5688269, -0.0068818, , , , , , , 7.5688269, 0.0424659, , , , , , , , , , , , , , , , , , , , , , , , , , , , 
7.5693462, -0.0142672, , , , , , , 7.5693462, -0.0072175, , , , , , , 7.5693462, -0.002182, , , , , , , 7.5693462, 0.0451514, , , , , , , , , , , , , , , , , , , , , , , , , , , , 
7.5698654, -0.0176242, , , , , , , 7.5698654, -0.0082246, , , , , , , 7.5698654, -0.0005035, , , , , , , 7.5698654, 0.0454871, , , , , , , , , , , , , , , , , , , , , , , , , , , , 
7.5703846, -0.0209812, , , , , , , 7.5703846, -0.0102388, , , , , , , 7.5703846, -0.0008392, , , , , , , 7.5703846, 0.0428016, , , , , , , , , , , , , , , , , , , , , , , , , , , , 
7.5709038, -0.017792, , , , , , , 7.5709038, -0.0104067, , , , , , , 7.5709038, -0.0015106, , , , , , , 7.5709038, 0.0384375, , , , , , , , , , , , , , , , , , , , , , , , , , , , 
7.5714231, -0.0075532, , , , , , , 7.5714231, -0.0095674, , , , , , , 7.5714231, -0.0031891, , , , , , , 7.5714231, 0.0340734, , , , , , , , , , , , , , , , , , , , , , , , , , , , 
7.5719423, -0.0001678, , , , , , , 7.5719423, -0.0097353, , , , , , , 7.5719423, -0.0048676, , , , , , , 7.5719423, 0.0280308, , , , , , , , , , , , , , , , , , , , , , , , , , , , 
7.5724615, 0.0031891, , , , , , , 7.5724615, -0.0105745, , , , , , , 7.5724615, -0.0052033, , , , , , , 7.5724615, 0.0229953, , , , , , , , , , , , , , , , , , , , , , , , , , , , 
7.5729808, 0.0099031, , , , , , , 7.5729808, -0.0092317, , , , , , , 7.5729808, -0.0048676, , , , , , , 7.5729808, 0.0172885, , , , , , , , , , , , , , , , , , , , , , , , , , , , 
7.5735, 0.0119173, , , , , , , 7.5735, -0.0082246, , , , , , , 7.5735, -0.005539, , , , , , , 7.5735, 0.0139315, , , , , , , , , , , , , , , , , , , , , , , , , , , , 
7.5740192, 0.0105745, , , , , , , 7.5740192, -0.0072175, , , , , , , 7.5740192, -0.0065461, , , , , , , 7.5740192, 0.0105745, , , , , , , , , , , , , , , , , , , , , , , , , , , , 
7.5745385, 0.0099031, , , , , , , 7.5745385, -0.0090639, , , , , , , 7.5745385, -0.0058747, , , , , , , 7.5745385, 0.0099031, , , , , , , , , , , , , , , , , , , , , , , , , , , , 
7.5750577, 0.0099031, , , , , , , 7.5750577, -0.0083925, , , , , , , 7.5750577, -0.005539, , , , , , , 7.5750577, 0.0097353, , , , , , , , , , , , , , , , , , , , , , , , , , , , 
7.5755769, 0.0082246, , , , , , , 7.5755769, -0.0058747, , , , , , , 7.5755769, -0.0060426, , , , , , , 7.5755769, 0.0083925, , , , , , , , , , , , , , , , , , , , , , , , , , , , 
7.5760962, 0.0065461, , , , , , , 7.5760962, -0.0048676, , , , , , , 7.5760962, -0.0062104, , , , , , , 7.5760962, 0.0082246, , , , , , , , , , , , , , , , , , , , , , , , , , , , 
7.5766154, 0.0048676, , , , , , , 7.5766154, -0.005539, , , , , , , 7.5766154, -0.005539, , , , , , , 7.5766154, 0.0083925, , , , , , , , , , , , , , , , , , , , , , , , , , , , 
7.5771346, 0.0068818, , , , , , , 7.5771346, -0.0045319, , , , , , , 7.5771346, -0.0068818, , , , , , , 7.5771346, 0.0082246, , , , , , , , , , , , , , , , , , , , , , , , , , , , 
7.5776538, 0.0105745, , , , , , , 7.5776538, -0.005539, , , , , , , 7.5776538, -0.008896, , , , , , , 7.5776538, 0.0075532, , , , , , , , , , , , , , , , , , , , , , , , , , , , 
7.5781731, 0.0169528, , , , , , , 7.5781731, -0.0075532, , , , , , , 7.5781731, -0.0095674, , , , , , , 7.5781731, 0.0078889, , , , , , , , , , , , , , , , , , , , , , , , , , , , 
7.5786923, 0.017792, , , , , , , 7.5786923, -0.005539, , , , , , , 7.5786923, -0.0082246, , , , , , , 7.5786923, 0.008896, , , , , , , , , , , , , , , , , , , , , , , , , , , , 
7.5792115, 0.0112459, , , , , , , 7.5792115, 0.0048676, , , , , , , 7.5792115, -0.0075532, , , , , , , 7.5792115, 0.0092317, , , , , , , , , , , , , , , , , , , , , , , , , , , , 
7.5797308, 0.0077211, , , , , , , 7.5797308, 0.0132601, , , , , , , 7.5797308, -0.0085603, , , , , , , 7.5797308, 0.0085603, , , , , , , , , , , , , , , , , , , , , , , , , , , , 
7.58025, 0.0095674, , , , , , , 7.58025, 0.0119173, , , , , , , 7.58025, -0.0099031, , , , , , , 7.58025, 0.0045319, , , , , , , , , , , , , , , , , , , , , , , , , , , , 
7.5807692, 0.0166171, , , , , , , 7.5807692, 0.0062104, , , , , , , 7.5807692, -0.0099031, , , , , , , 7.5807692, -0.0035248, , , , , , , , , , , , , , , , , , , , , , , , , , , , 
7.5812885, 0.027863, , , , , , , 7.5812885, -0.0001678, , , , , , , 7.5812885, -0.008896, , , , , , , 7.5812885, -0.0099031, , , , , , , , , , , , , , , , , , , , , , , , , , , , 
7.5818077, 0.0357519, , , , , , , 7.5818077, -0.0092317, , , , , , , 7.5818077, -0.0085603, , , , , , , 7.5818077, -0.0149386, , , , , , , , , , , , , , , , , , , , , , , , , , , , 
7.5823269, 0.040116, , , , , , , 7.5823269, -0.0166171, , , , , , , 7.5823269, -0.0115816, , , , , , , 7.5823269, -0.017792, , , , , , , , , , , , , , , , , , , , , , , , , , , , 
7.5828462, 0.0404517, , , , , , , 7.5828462, -0.0204776, , , , , , , 7.5828462, -0.012253, , , , , , , 7.5828462, -0.0164492, , , , , , , , , , , , , , , , , , , , , , , , , , , , 
7.5833654, 0.033402, , , , , , , 7.5833654, -0.0243381, , , , , , , 7.5833654, -0.0115816, , , , , , , 7.5833654, -0.012253, , , , , , , , , , , , , , , , , , , , , , , , , , , , 
7.5838846, 0.0303807, , , , , , , 7.5838846, -0.0303807, , , , , , , 7.5838846, -0.0102388, , , , , , , 7.5838846, -0.0077211, , , , , , , , , , , , , , , , , , , , , , , , , , , , 
7.5844038, 0.0310521, , , , , , , 7.5844038, -0.0327306, , , , , , , 7.5844038, -0.0102388, , , , , , , 7.5844038, -0.005539, , , , , , , , , , , , , , , , , , , , , , , , , , , , 
7.5849231, 0.0293736, , , , , , , 7.5849231, -0.0253452, , , , , , , 7.5849231, -0.0109102, , , , , , , 7.5849231, -0.0001678, , , , , , , , , , , , , , , , , , , , , , , , , , , , 
7.5854423, 0.0246738, , , , , , , 7.5854423, -0.0149386, , , , , , , 7.5854423, -0.0099031, , , , , , , 7.5854423, 0.0077211, , , , , , , , , , , , , , , , , , , , , , , , , , , , 
7.5859615, 0.0137636, , , , , , , 7.5859615, -0.0105745, , , , , , , 7.5859615, -0.008896, , , , , , , 7.5859615, 0.0149386, , , , , , , , , , , , , , , , , , , , , , , , , , , , 
7.5864808, -0.0015106, , , , , , , 7.5864808, -0.0112459, , , , , , , 7.5864808, -0.0092317, , , , , , , 7.5864808, 0.0199741, , , , , , , , , , , , , , , , , , , , , , , , , , , , 
7.587, -0.0142672, , , , , , , 7.587, -0.0095674, , , , , , , 7.587, -0.0092317, , , , , , , 7.587, 0.0258488, , , , , , , , , , , , , , , , , , , , , , , , , , , , 
7.5875192, -0.0223239, , , , , , , 7.5875192, -0.0075532, , , , , , , 7.5875192, -0.0085603, , , , , , , 7.5875192, 0.0320592, , , , , , , , , , , , , , , , , , , , , , , , , , , , 
7.5880385, -0.0285344, , , , , , , 7.5880385, -0.0075532, , , , , , , 7.5880385, -0.0057069, , , , , , , 7.5880385, 0.0384375, , , , , , , , , , , , , , , , , , , , , , , , , , , , 
7.5885577, -0.0364233, , , , , , , 7.5885577, -0.0082246, , , , , , , 7.5885577, -0.0036927, , , , , , , 7.5885577, 0.0439765, , , , , , , , , , , , , , , , , , , , , , , , , , , , 
7.5890769, -0.0458228, , , , , , , 7.5890769, -0.0068818, , , , , , , 7.5890769, -0.0025177, , , , , , , 7.5890769, 0.0441444, , , , , , , , , , , , , , , , , , , , , , , , , , , , 
7.5895962, -0.0558938, , , , , , , 7.5895962, -0.0062104, , , , , , , 7.5895962, -0.0018463, , , , , , , 7.5895962, 0.0448157, , , , , , , , , , , , , , , , , , , , , , , , , , , , 
7.5901154, -0.0587472, , , , , , , 7.5901154, -0.0070497, , , , , , , 7.5901154, -0.0010071, , , , , , , 7.5901154, 0.0438087, , , , , , , , , , , , , , , , , , , , , , , , , , , , 
7.5906346, -0.0515297, , , , , , , 7.5906346, -0.008896, , , , , , , 7.5906346, -0.0001678, , , , , , , 7.5906346, 0.0379339, , , , , , , , , , , , , , , , , , , , , , , , , , , , 
7.5911538, -0.0433051, , , , , , , 7.5911538, -0.008896, , , , , , , 7.5911538, -0.0008392, , , , , , , 7.5911538, 0.0287022, , , , , , , , , , , , , , , , , , , , , , , , , , , , 
7.5916731, -0.0392767, , , , , , , 7.5916731, -0.0075532, , , , , , , 7.5916731, -0.0038605, , , , , , , 7.5916731, 0.0243381, , , , , , , , , , , , , , , , , , , , , , , , , , , , 
7.5921923, -0.0307164, , , , , , , 7.5921923, -0.0068818, , , , , , , 7.5921923, -0.005539, , , , , , , 7.5921923, 0.0209812, , , , , , , , , , , , , , , , , , , , , , , , , , , , 
7.5927115, -0.0169528, , , , , , , 7.5927115, -0.0092317, , , , , , , 7.5927115, -0.0058747, , , , , , , 7.5927115, 0.0199741, , , , , , , , , , , , , , , , , , , , , , , , , , , , 
7.5932308, -0.0068818, , , , , , , 7.5932308, -0.0102388, , , , , , , 7.5932308, -0.0068818, , , , , , , 7.5932308, 0.018967, , , , , , , , , , , , , , , , , , , , , , , , , , , , 
7.59375, -0.0025177, , , , , , , 7.59375, -0.0085603, , , , , , , 7.59375, -0.0078889, , , , , , , 7.59375, 0.0162814, , , , , , , , , , , , , , , , , , , , , , , , , , , , 
7.5942692, 0.0018463, , , , , , , 7.5942692, -0.0057069, , , , , , , 7.5942692, -0.0062104, , , , , , , 7.5942692, 0.0135958, , , , , , , , , , , , , , , , , , , , , , , , , , , , 
7.5947885, 0.0092317, , , , , , , 7.5947885, -0.0041962, , , , , , , 7.5947885, -0.005539, , , , , , , 7.5947885, 0.0130922, , , , , , , , , , , , , , , , , , , , , , , , , , , , 
7.5953077, 0.0119173, , , , , , , 7.5953077, -0.0041962, , , , , , , 7.5953077, -0.0065461, , , , , , , 7.5953077, 0.0132601, , , , , , , , , , , , , , , , , , , , , , , , , , , , 
7.5958269, 0.0130922, , , , , , , 7.5958269, -0.0045319, , , , , , , 7.5958269, -0.0075532, , , , , , , 7.5958269, 0.0112459, , , , , , , , , , , , , , , , , , , , , , , , , , , , 
7.5963462, 0.0152743, , , , , , , 7.5963462, -0.0048676, , , , , , , 7.5963462, -0.0077211, , , , , , , 7.5963462, 0.0085603, , , , , , , , , , , , , , , , , , , , , , , , , , , , 
7.5968654, 0.0199741, , , , , , , 7.5968654, -0.0048676, , , , , , , 7.5968654, -0.0075532, , , , , , , 7.5968654, 0.0072175, , , , , , , , , , , , , , , , , , , , , , , , , , , , 
7.5973846, 0.0219883, , , , , , , 7.5973846, -0.0052033, , , , , , , 7.5973846, -0.0082246, , , , , , , 7.5973846, 0.0092317, , , , , , , , , , , , , , , , , , , , , , , , , , , , 
7.5979038, 0.0199741, , , , , , , 7.5979038, -0.0057069, , , , , , , 7.5979038, -0.0090639, , , , , , , 7.5979038, 0.0095674, , , , , , , , , , , , , , , , , , , , , , , , , , , , 
7.5984231, 0.0229953, , , , , , , 7.5984231, -0.0048676, , , , , , , 7.5984231, -0.008896, , , , , , , 7.5984231, 0.0082246, , , , , , , , , , , , , , , , , , , , , , , , , , , , 
7.5989423, 0.0246738, , , , , , , 7.5989423, -0.0031891, , , , , , , 7.5989423, -0.0078889, , , , , , , 7.5989423, 0.0085603, , , , , , , , , , , , , , , , , , , , , , , , , , , , 
7.5994615, 0.0219883, , , , , , , 7.5994615, -0.0030213, , , , , , , 7.5994615, -0.0072175, , , , , , , 7.5994615, 0.0072175, , , , , , , , , , , , , , , , , , , , , , , , , , , , 
7.5999808, 0.0213169, , , , , , , 7.5999808, -0.0038605, , , , , , , 7.5999808, -0.0068818, , , , , , , 7.5999808, 0.0045319, , , , , , , , , , , , , , , , , , , , , , , , , , , , 
7.6005, 0.0297093, , , , , , , 7.6005, -0.0038605, , , , , , , 7.6005, -0.0068818, , , , , , , 7.6005, -0.0028534, , , , , , , , , , , , , , , , , , , , , , , , , , , , 
7.6010192, 0.0407874, , , , , , , 7.6010192, -0.0041962, , , , , , , 7.6010192, -0.0092317, , , , , , , 7.6010192, -0.0119173, , , , , , , , , , , , , , , , , , , , , , , , , , , , 
7.6015385, 0.0426337, , , , , , , 7.6015385, -0.0036927, , , , , , , 7.6015385, -0.0112459, , , , , , , 7.6015385, -0.018967, , , , , , , , , , , , , , , , , , , , , , , , , , , , 
7.6020577, 0.0426337, , , , , , , 7.6020577, -0.002182, , , , , , , 7.6020577, -0.012253, , , , , , , 7.6020577, -0.0223239, , , , , , , , , , , , , , , , , , , , , , , , , , , , 
7.6025769, 0.0473335, , , , , , , 7.6025769, -0.0010071, , , , , , , 7.6025769, -0.0149386, , , , , , , 7.6025769, -0.0219883, , , , , , , , , , , , , , , , , , , , , , , , , , , , 
7.6030962, 0.0485084, , , , , , , 7.6030962, -0.002182, , , , , , , 7.6030962, -0.0164492, , , , , , , 7.6030962, -0.0219883, , , , , , , , , , , , , , , , , , , , , , , , , , , , 
7.6036154, 0.0428016, , , , , , , 7.6036154, -0.0060426, , , , , , , 7.6036154, -0.0164492, , , , , , , 7.6036154, -0.0203098, , , , , , , , , , , , , , , , , , , , , , , , , , , , 
7.6041346, 0.0340734, , , , , , , 7.6041346, -0.0095674, , , , , , , 7.6041346, -0.0162814, , , , , , , 7.6041346, -0.0135958, , , , , , , , , , , , , , , , , , , , , , , , , , , , 
7.6046538, 0.026688, , , , , , , 7.6046538, -0.0109102, , , , , , , 7.6046538, -0.0149386, , , , , , , 7.6046538, -0.005539, , , , , , , , , , , , , , , , , , , , , , , , , , , , 
7.6051731, 0.023331, , , , , , , 7.6051731, -0.0109102, , , , , , , 7.6051731, -0.0120851, , , , , , , 7.6051731, 0.0018463, , , , , , , , , , , , , , , , , , , , , , , , , , , , 
7.6056923, 0.0146029, , , , , , , 7.6056923, -0.008896, , , , , , , 7.6056923, -0.0090639, , , , , , , 7.6056923, 0.0075532, , , , , , , , , , , , , , , , , , , , , , , , , , , , 
7.6062115, 0.0057069, , , , , , , 7.6062115, -0.0083925, , , , , , , 7.6062115, -0.0075532, , , , , , , 7.6062115, 0.0139315, , , , , , , , , , , , , , , , , , , , , , , , , , , , 
7.6067308, 0.0003357, , , , , , , 7.6067308, -0.0109102, , , , , , , 7.6067308, -0.0058747, , , , , , , 7.6067308, 0.023331, , , , , , , , , , , , , , , , , , , , , , , , , , , , 
7.60725, -0.005539, , , , , , , 7.60725, -0.0119173, , , , , , , 7.60725, -0.0052033, , , , , , , 7.60725, 0.0325628, , , , , , , , , , , , , , , , , , , , , , , , , , , , 
7.6077692, -0.0151064, , , , , , , 7.6077692, -0.0105745, , , , , , , 7.6077692, -0.0058747, , , , , , , 7.6077692, 0.0387732, , , , , , , , , , , , , , , , , , , , , , , , , , , , 
7.6082885, -0.0243381, , , , , , , 7.6082885, -0.0102388, , , , , , , 7.6082885, -0.0065461, , , , , , , 7.6082885, 0.0424659, , , , , , , , , , , , , , , , , , , , , , , , , , , , 
7.6088077, -0.0337377, , , , , , , 7.6088077, -0.0097353, , , , , , , 7.6088077, -0.0068818, , , , , , , 7.6088077, 0.0441444, , , , , , , , , , , , , , , , , , , , , , , , , , , , 
7.6093269, -0.0387732, , , , , , , 7.6093269, -0.0082246, , , , , , , 7.6093269, -0.005539, , , , , , , 7.6093269, 0.0468299, , , , , , , , , , , , , , , , , , , , , , , , , , , , 
7.6098462, -0.0407874, , , , , , , 7.6098462, -0.0097353, , , , , , , 7.6098462, -0.0036927, , , , , , , 7.6098462, 0.0491798, , , , , , , , , , , , , , , , , , , , , , , , , , , , 
7.6103654, -0.0354162, , , , , , , 7.6103654, -0.0119173, , , , , , , 7.6103654, -0.0041962, , , , , , , 7.6103654, 0.0464942, , , , , , , , , , , , , , , , , , , , , , , , , , , , 
7.6108846, -0.0209812, , , , , , , 7.6108846, -0.0112459, , , , , , , 7.6108846, -0.0048676, , , , , , , 7.6108846, 0.0394446, , , , , , , , , , , , , , , , , , , , , , , , , , , , 
7.6114038, -0.0099031, , , , , , , 7.6114038, -0.0109102, , , , , , , 7.6114038, -0.0052033, , , , , , , 7.6114038, 0.0313878, , , , , , , , , , , , , , , , , , , , , , , , , , , , 
7.6119231, -0.0035248, , , , , , , 7.6119231, -0.0095674, , , , , , , 7.6119231, -0.005539, , , , , , , 7.6119231, 0.0253452, , , , , , , , , , , , , , , , , , , , , , , , , , , , 
7.6124423, 0.0045319, , , , , , , 7.6124423, -0.0077211, , , , , , , 7.6124423, -0.0070497, , , , , , , 7.6124423, 0.0223239, , , , , , , , , , , , , , , , , , , , , , , , , , , , 
7.6129615, 0.0132601, , , , , , , 7.6129615, -0.0065461, , , , , , , 7.6129615, -0.0082246, , , , , , , 7.6129615, 0.0199741, , , , , , , , , , , , , , , , , , , , , , , , , , , , 
7.6134808, 0.0213169, , , , , , , 7.6134808, -0.0063783, , , , , , , 7.6134808, -0.0068818, , , , , , , 7.6134808, 0.0176242, , , , , , , , , , , , , , , , , , , , , , , , , , , , 
7.614, 0.0231632, , , , , , , 7.614, -0.0068818, , , , , , , 7.614, -0.0045319, , , , , , , 7.614, 0.0149386, , , , , , , , , , , , , , , , , , , , , , , , , , , , 
7.6145192, 0.0206455, , , , , , , 7.6145192, -0.0062104, , , , , , , 7.6145192, -0.0041962, , , , , , , 7.6145192, 0.0142672, , , , , , , , , , , , , , , , , , , , , , , , , , , , 
7.6150385, 0.0199741, , , , , , , 7.6150385, -0.0025177, , , , , , , 7.6150385, -0.0048676, , , , , , , 7.6150385, 0.0164492, , , , , , , , , , , , , , , , , , , , , , , , , , , , 
7.6155577, 0.0256809, , , , , , , 7.6155577, -0.0015106, , , , , , , 7.6155577, -0.0050355, , , , , , , 7.6155577, 0.0176242, , , , , , , , , , , , , , , , , , , , , , , , , , , , 
7.6160769, 0.0320592, , , , , , , 7.6160769, -0.0035248, , , , , , , 7.6160769, -0.005539, , , , , , , 7.6160769, 0.0139315, , , , , , , , , , , , , , , , , , , , , , , , , , , , 
7.6165962, 0.0344091, , , , , , , 7.6165962, -0.0062104, , , , , , , 7.6165962, -0.0062104, , , , , , , 7.6165962, 0.0078889, , , , , , , , , , , , , , , , , , , , , , , , , , , , 
7.6171154, 0.0318914, , , , , , , 7.6171154, -0.0075532, , , , , , , 7.6171154, -0.008896, , , , , , , 7.6171154, 0.0038605, , , , , , , , , , , , , , , , , , , , , , , , , , , , 
7.6176346, 0.0305486, , , , , , , 7.6176346, -0.0062104, , , , , , , 7.6176346, -0.012253, , , , , , , 7.6176346, 0.0025177, , , , , , , , , , , , , , , , , , , , , , , , , , , , 
7.6181538, 0.0320592, , , , , , , 7.6181538, -0.0041962, , , , , , , 7.6181538, -0.0142672, , , , , , , 7.6181538, 0.0030213, , , , , , , , , , , , , , , , , , , , , , , , , , , , 
7.6186731, 0.0340734, , , , , , , 7.6186731, -0.0058747, , , , , , , 7.6186731, -0.0152743, , , , , , , 7.6186731, 0.0036927, , , , , , , , , , , , , , , , , , , , , , , , , , , , 
7.6191923, 0.0384375, , , , , , , 7.6191923, -0.0090639, , , , , , , 7.6191923, -0.0142672, , , , , , , 7.6191923, 0.0045319, , , , , , , , , , , , , , , , , , , , , , , , , , , , 
7.6197115, 0.0436408, , , , , , , 7.6197115, -0.0115816, , , , , , , 7.6197115, -0.0129244, , , , , , , 7.6197115, 0.0058747, , , , , , , , , , , , , , , , , , , , , , , , , , , , 
7.6202308, 0.0491798, , , , , , , 7.6202308, -0.011078, , , , , , , 7.6202308, -0.0125887, , , , , , , 7.6202308, 0.0031891, , , , , , , , , , , , , , , , , , , , , , , , , , , , 
7.62075, 0.0609293, , , , , , , 7.62075, -0.0075532, , , , , , , 7.62075, -0.0129244, , , , , , , 7.62075, -0.0028534, , , , , , , , , , , , , , , , , , , , , , , , , , , , 
7.6212692, 0.0757, , , , , , , 7.6212692, -0.0038605, , , , , , , 7.6212692, -0.0115816, , , , , , , 7.6212692, -0.0092317, , , , , , , , , , , , , , , , , , , , , , , , , , , , 
7.6217885, 0.0864424, , , , , , , 7.6217885, -0.0028534, , , , , , , 7.6217885, -0.0099031, , , , , , , 7.6217885, -0.0142672, , , , , , , , , , , , , , , , , , , , , , , , , , , , 
7.6223077, 0.0839246, , , , , , , 7.6223077, -0.0035248, , , , , , , 7.6223077, -0.0105745, , , , , , , 7.6223077, -0.0162814, , , , , , , , , , , , , , , , , , , , , , , , , , , , 
7.6228269, 0.0763714, , , , , , , 7.6228269, -0.0043641, , , , , , , 7.6228269, -0.012253, , , , , , , 7.6228269, -0.0162814, , , , , , , , , , , , , , , , , , , , , , , , , , , , 
7.6233462, 0.0718395, , , , , , , 7.6233462, -0.0041962, , , , , , , 7.6233462, -0.0142672, , , , , , , 7.6233462, -0.0162814, , , , , , , , , , , , , , , , , , , , , , , , , , , , 
7.6238654, 0.0652934, , , , , , , 7.6238654, -0.0048676, , , , , , , 7.6238654, -0.01561, , , , , , , 7.6238654, -0.0159457, , , , , , , , , , , , , , , , , , , , , , , , , , , , 
7.6243846, 0.0589151, , , , , , , 7.6243846, -0.0041962, , , , , , , 7.6243846, -0.0140993, , , , , , , 7.6243846, -0.0135958, , , , , , , , , , , , , , , , , , , , , , , , , , , , 
7.6249038, 0.0525368, , , , , , , 7.6249038, -0.0030213, , , , , , , 7.6249038, -0.0129244, , , , , , , 7.6249038, -0.0099031, , , , , , , , , , , , , , , , , , , , , , , , , , , , 
7.6254231, 0.0411231, , , , , , , 7.6254231, -0.0038605, , , , , , , 7.6254231, -0.0119173, , , , , , , 7.6254231, -0.0038605, , , , , , , , , , , , , , , , , , , , , , , , , , , , 
7.6259423, 0.0270237, , , , , , , 7.6259423, -0.0062104, , , , , , , 7.6259423, -0.0112459, , , , , , , 7.6259423, 0.0045319, , , , , , , , , , , , , , , , , , , , , , , , , , , , 
7.6264615, 0.0152743, , , , , , , 7.6264615, -0.0068818, , , , , , , 7.6264615, -0.0109102, , , , , , , 7.6264615, 0.0149386, , , , , , , , , , , , , , , , , , , , , , , , , , , , 
7.6269808, 0.0038605, , , , , , , 7.6269808, -0.0068818, , , , , , , 7.6269808, -0.0085603, , , , , , , 7.6269808, 0.026688, , , , , , , , , , , , , , , , , , , , , , , , , , , , 
7.6275, -0.0045319, , , , , , , 7.6275, -0.0068818, , , , , , , 7.6275, -0.0073854, , , , , , , 7.6275, 0.033402, , , , , , , , , , , , , , , , , , , , , , , , , , , , 
7.6280192, -0.0119173, , , , , , , 7.6280192, -0.0065461, , , , , , , 7.6280192, -0.0082246, , , , , , , 7.6280192, 0.0381018, , , , , , , , , , , , , , , , , , , , , , , , , , , , 
7.6285385, -0.0176242, , , , , , , 7.6285385, -0.0062104, , , , , , , 7.6285385, -0.0082246, , , , , , , 7.6285385, 0.0428016, , , , , , , , , , , , , , , , , , , , , , , , , , , , 
7.6290577, -0.0203098, , , , , , , 7.6290577, -0.0058747, , , , , , , 7.6290577, -0.0062104, , , , , , , 7.6290577, 0.0454871, , , , , , , , , , , , , , , , , , , , , , , , , , , , 
7.6295769, -0.0283665, , , , , , , 7.6295769, -0.0050355, , , , , , , 7.6295769, -0.0048676, , , , , , , 7.6295769, 0.0454871, , , , , , , , , , , , , , , , , , , , , , , , , , , , 
7.6300962, -0.0364233, , , , , , , 7.6300962, -0.0072175, , , , , , , 7.6300962, -0.0031891, , , , , , , 7.6300962, 0.0461585, , , , , , , , , , , , , , , , , , , , , , , , , , , , 
7.6306154, -0.0359197, , , , , , , 7.6306154, -0.010071, , , , , , , 7.6306154, -0.0028534, , , , , , , 7.6306154, 0.0451514, , , , , , , , , , , , , , , , , , , , , , , , , , , , 
7.6311346, -0.0283665, , , , , , , 7.6311346, -0.0092317, , , , , , , 7.6311346, -0.0043641, , , , , , , 7.6311346, 0.0384375, , , , , , , , , , , , , , , , , , , , , , , , , , , , 
7.6316538, -0.0191348, , , , , , , 7.6316538, -0.0068818, , , , , , , 7.6316538, -0.0062104, , , , , , , 7.6316538, 0.0290379, , , , , , , , , , , , , , , , , , , , , , , , , , , , 
7.6321731, -0.0099031, , , , , , , 7.6321731, -0.0075532, , , , , , , 7.6321731, -0.0068818, , , , , , , 7.6321731, 0.0216526, , , , , , , , , , , , , , , , , , , , , , , , , , , , 
7.6326923, -0.0030213, , , , , , , 7.6326923, -0.0082246, , , , , , , 7.6326923, -0.0062104, , , , , , , 7.6326923, 0.0182956, , , , , , , , , , , , , , , , , , , , , , , , , , , , 
7.6332115, -0.0015106, , , , , , , 7.6332115, -0.0058747, , , , , , , 7.6332115, -0.0041962, , , , , , , 7.6332115, 0.0179599, , , , , , , , , , , , , , , , , , , , , , , , , , , , 
7.6337308, -0.0031891, , , , , , , 7.6337308, -0.0048676, , , , , , , 7.6337308, -0.0025177, , , , , , , 7.6337308, 0.0149386, , , , , , , , , , , , , , , , , , , , , , , , , , , , 
7.63425, -0.0048676, , , , , , , 7.63425, -0.0082246, , , , , , , 7.63425, -0.0045319, , , , , , , 7.63425, 0.0112459, , , , , , , , , , , , , , , , , , , , , , , , , , , , 
7.6347692, -0.005539, , , , , , , 7.6347692, -0.0115816, , , , , , , 7.6347692, -0.0070497, , , , , , , 7.6347692, 0.0105745, , , , , , , , , , , , , , , , , , , , , , , , , , , , 
7.6352885, -0.0015106, , , , , , , 7.6352885, -0.0115816, , , , , , , 7.6352885, -0.0062104, , , , , , , 7.6352885, 0.0115816, , , , , , , , , , , , , , , , , , , , , , , , , , , , 
7.6358077, 0.0025177, , , , , , , 7.6358077, -0.0109102, , , , , , , 7.6358077, -0.0038605, , , , , , , 7.6358077, 0.0132601, , , , , , , , , , , , , , , , , , , , , , , , , , , , 
7.6363269, 0.005539, , , , , , , 7.6363269, -0.0109102, , , , , , , 7.6363269, -0.0035248, , , , , , , 7.6363269, 0.0137636, , , , , , , , , , , , , , , , , , , , , , , , , , , , 
7.6368462, 0.012253, , , , , , , 7.6368462, -0.0104067, , , , , , , 7.6368462, -0.0038605, , , , , , , 7.6368462, 0.011078, , , , , , , , , , , , , , , , , , , , , , , , , , , , 
7.6373654, 0.017792, , , , , , , 7.6373654, -0.0099031, , , , , , , 7.6373654, -0.002182, , , , , , , 7.6373654, 0.0078889, , , , , , , , , , , , , , , , , , , , , , , , , , , , 
7.6378846, 0.0226596, , , , , , , 7.6378846, -0.0092317, , , , , , , 7.6378846, -0.0011749, , , , , , , 7.6378846, 0.0065461, , , , , , , , , , , , , , , , , , , , , , , , , , , , 
7.6384038, 0.0229953, , , , , , , 7.6384038, -0.0095674, , , , , , , 7.6384038, -0.0031891, , , , , , , 7.6384038, 0.0048676, , , , , , , , , , , , , , , , , , , , , , , , , , , , 
7.6389231, 0.0159457, , , , , , , 7.6389231, -0.0109102, , , , , , , 7.6389231, -0.005539, , , , , , , 7.6389231, 0.0038605, , , , , , , , , , , , , , , , , , , , , , , , , , , , 
7.6394423, 0.0095674, , , , , , , 7.6394423, -0.012253, , , , , , , 7.6394423, -0.0058747, , , , , , , 7.6394423, 0.0035248, , , , , , , , , , , , , , , , , , , , , , , , , , , , 
7.6399615, 0.0109102, , , , , , , 7.6399615, -0.012253, , , , , , , 7.6399615, -0.0068818, , , , , , , 7.6399615, 0.0018463, , , , , , , , , , , , , , , , , , , , , , , , , , , , 
7.6404808, 0.0115816, , , , , , , 7.6404808, -0.0124208, , , , , , , 7.6404808, -0.0082246, , , , , , , 7.6404808, -0.002182, , , , , , , , , , , , , , , , , , , , , , , , , , , , 
7.641, 0.0142672, , , , , , , 7.641, -0.0119173, , , , , , , 7.641, -0.0092317, , , , , , , 7.641, -0.0077211, , , , , , , , , , , , , , , , , , , , , , , , , , , , 
7.6415192, 0.0213169, , , , , , , 7.6415192, -0.0099031, , , , , , , 7.6415192, -0.0082246, , , , , , , 7.6415192, -0.0109102, , , , , , , , , , , , , , , , , , , , , , , , , , , , 
7.6420385, 0.0276951, , , , , , , 7.6420385, -0.0082246, , , , , , , 7.6420385, -0.0082246, , , , , , , 7.6420385, -0.0119173, , , , , , , , , , , , , , , , , , , , , , , , , , , , 
7.6425577, 0.0283665, , , , , , , 7.6425577, -0.008896, , , , , , , 7.6425577, -0.0099031, , , , , , , 7.6425577, -0.0124208, , , , , , , , , , , , , , , , , , , , , , , , , , , , 
7.6430769, 0.0270237, , , , , , , 7.6430769, -0.0109102, , , , , , , 7.6430769, -0.0117494, , , , , , , 7.6430769, -0.0115816, , , , , , , , , , , , , , , , , , , , , , , , , , , , 
7.6435962, 0.0273594, , , , , , , 7.6435962, -0.0112459, , , , , , , 7.6435962, -0.0119173, , , , , , , 7.6435962, -0.0095674, , , , , , , , , , , , , , , , , , , , , , , , , , , , 
7.6441154, 0.0280308, , , , , , , 7.6441154, -0.0125887, , , , , , , 7.6441154, -0.011078, , , , , , , 7.6441154, -0.0085603, , , , , , , , , , , , , , , , , , , , , , , , , , , , 
7.6446346, 0.0226596, , , , , , , 7.6446346, -0.0127565, , , , , , , 7.6446346, -0.012253, , , , , , , 7.6446346, -0.0062104, , , , , , , , , , , , , , , , , , , , , , , , , , , , 
7.6451538, 0.0171206, , , , , , , 7.6451538, -0.0105745, , , , , , , 7.6451538, -0.0105745, , , , , , , 7.6451538, -0.0023499, , , , , , , , , , , , , , , , , , , , , , , , , , , , 
7.6456731, 0.0152743, , , , , , , 7.6456731, -0.0099031, , , , , , , 7.6456731, -0.0092317, , , , , , , 7.6456731, 0.0025177, , , , , , , , , , , , , , , , , , , , , , , , , , , , 
7.6461923, 0.0119173, , , , , , , 7.6461923, -0.0102388, , , , , , , 7.6461923, -0.0102388, , , , , , , 7.6461923, 0.0092317, , , , , , , , , , , , , , , , , , , , , , , , , , , , 
7.6467115, 0.0045319, , , , , , , 7.6467115, -0.0114137, , , , , , , 7.6467115, -0.0109102, , , , , , , 7.6467115, 0.0172885, , , , , , , , , , , , , , , , , , , , , , , , , , , , 
7.6472308, -0.0025177, , , , , , , 7.6472308, -0.0115816, , , , , , , 7.6472308, -0.0095674, , , , , , , 7.6472308, 0.0243381, , , , , , , , , , , , , , , , , , , , , , , , , , , , 
7.64775, -0.0117494, , , , , , , 7.64775, -0.0109102, , , , , , , 7.64775, -0.0068818, , , , , , , 7.64775, 0.0327306, , , , , , , , , , , , , , , , , , , , , , , , , , , , 
7.6482692, -0.0216526, , , , , , , 7.6482692, -0.0097353, , , , , , , 7.6482692, -0.0058747, , , , , , , 7.6482692, 0.0397803, , , , , , , , , , , , , , , , , , , , , , , , , , , , 
7.6487885, -0.027863, , , , , , , 7.6487885, -0.0072175, , , , , , , 7.6487885, -0.0052033, , , , , , , 7.6487885, 0.0419623, , , , , , , , , , , , , , , , , , , , , , , , , , , , 
7.6493077, -0.0352483, , , , , , , 7.6493077, -0.0062104, , , , , , , 7.6493077, -0.0043641, , , , , , , 7.6493077, 0.043473, , , , , , , , , , , , , , , , , , , , , , , , , , , , 
7.6498269, -0.0404517, , , , , , , 7.6498269, -0.0085603, , , , , , , 7.6498269, -0.002182, , , , , , , 7.6498269, 0.0454871, , , , , , , , , , , , , , , , , , , , , , , , , , , , 
7.6503462, -0.038941, , , , , , , 7.6503462, -0.0097353, , , , , , , 7.6503462, -0.0018463, , , , , , , 7.6503462, 0.0428016, , , , , , , , , , , , , , , , , , , , , , , , , , , , 
7.6508654, -0.0337377, , , , , , , 7.6508654, -0.0109102, , , , , , , 7.6508654, -0.0041962, , , , , , , 7.6508654, 0.0347448, , , , , , , , , , , , , , , , , , , , , , , , , , , , 
7.6513846, -0.0263523, , , , , , , 7.6513846, -0.012253, , , , , , , 7.6513846, -0.0058747, , , , , , , 7.6513846, 0.0273594, , , , , , , , , , , , , , , , , , , , , , , , , , , , 
7.6519038, -0.0179599, , , , , , , 7.6519038, -0.0112459, , , , , , , 7.6519038, -0.0068818, , , , , , , 7.6519038, 0.023331, , , , , , , , , , , , , , , , , , , , , , , , , , , , 
7.6524231, -0.0115816, , , , , , , 7.6524231, -0.0095674, , , , , , , 7.6524231, -0.0078889, , , , , , , 7.6524231, 0.0199741, , , , , , , , , , , , , , , , , , , , , , , , , , , , 
7.6529423, -0.0062104, , , , , , , 7.6529423, -0.0095674, , , , , , , 7.6529423, -0.008896, , , , , , , 7.6529423, 0.0151064, , , , , , , , , , , , , , , , , , , , , , , , , , , , 
7.6534615, -0.0035248, , , , , , , 7.6534615, -0.011078, , , , , , , 7.6534615, -0.0095674, , , , , , , 7.6534615, 0.011078, , , , , , , , , , , , , , , , , , , , , , , , , , , , 
7.6539808, -0.0011749, , , , , , , 7.6539808, -0.0095674, , , , , , , 7.6539808, -0.0095674, , , , , , , 7.6539808, 0.0085603, , , , , , , , , , , , , , , , , , , , , , , , , , , , 
7.6545, 0.0062104, , , , , , , 7.6545, -0.0082246, , , , , , , 7.6545, -0.0077211, , , , , , , 7.6545, 0.0072175, , , , , , , , , , , , , , , , , , , , , , , , , , , , 
7.6550192, 0.0129244, , , , , , , 7.6550192, -0.0082246, , , , , , , 7.6550192, -0.0077211, , , , , , , 7.6550192, 0.0031891, , , , , , , , , , , , , , , , , , , , , , , , , , , , 
7.6555385, 0.014435, , , , , , , 7.6555385, -0.0085603, , , , , , , 7.6555385, -0.008896, , , , , , , 7.6555385, 0.0025177, , , , , , , , , , , , , , , , , , , , , , , , , , , , 
7.6560577, 0.0159457, , , , , , , 7.6560577, -0.008896, , , , , , , 7.6560577, -0.0090639, , , , , , , 7.6560577, 0.0058747, , , , , , , , , , , , , , , , , , , , , , , , , , , , 
7.6565769, 0.018967, , , , , , , 7.6565769, -0.0090639, , , , , , , 7.6565769, -0.0083925, , , , , , , 7.6565769, 0.008896, , , , , , , , , , , , , , , , , , , , , , , , , , , , 
7.6570962, 0.0199741, , , , , , , 7.6570962, -0.0082246, , , , , , , 7.6570962, -0.0099031, , , , , , , 7.6570962, 0.0105745, , , , , , , , , , , , , , , , , , , , , , , , , , , , 
7.6576154, 0.0224918, , , , , , , 7.6576154, -0.0063783, , , , , , , 7.6576154, -0.0095674, , , , , , , 7.6576154, 0.0085603, , , , , , , , , , , , , , , , , , , , , , , , , , , , 
7.6581346, 0.0223239, , , , , , , 7.6581346, -0.0068818, , , , , , , 7.6581346, -0.0072175, , , , , , , 7.6581346, 0.0062104, , , , , , , , , , , , , , , , , , , , , , , , , , , , 
7.6586538, 0.0199741, , , , , , , 7.6586538, -0.0070497, , , , , , , 7.6586538, -0.0072175, , , , , , , 7.6586538, 0.0078889, , , , , , , , , , , , , , , , , , , , , , , , , , , , 
7.6591731, 0.0198062, , , , , , , 7.6591731, -0.0058747, , , , , , , 7.6591731, -0.0075532, , , , , , , 7.6591731, 0.0078889, , , , , , , , , , , , , , , , , , , , , , , , , , , , 
7.6596923, 0.0186313, , , , , , , 7.6596923, -0.0045319, , , , , , , 7.6596923, -0.0075532, , , , , , , 7.6596923, 0.0068818, , , , , , , , , , , , , , , , , , , , , , , , , , , , 
7.6602115, 0.0172885, , , , , , , 7.6602115, -0.0041962, , , , , , , 7.6602115, -0.0077211, , , , , , , 7.6602115, 0.0035248, , , , , , , , , , , , , , , , , , , , , , , , , , , , 
7.6607308, 0.0213169, , , , , , , 7.6607308, -0.0038605, , , , , , , 7.6607308, -0.0077211, , , , , , , 7.6607308, -0.0045319, , , , , , , , , , , , , , , , , , , , , , , , , , , , 
7.66125, 0.0293736, , , , , , , 7.66125, -0.0045319, , , , , , , 7.66125, -0.008896, , , , , , , 7.66125, -0.0119173, , , , , , , , , , , , , , , , , , , , , , , , , , , , 
7.6617692, 0.0384375, , , , , , , 7.6617692, -0.0048676, , , , , , , 7.6617692, -0.0095674, , , , , , , 7.6617692, -0.0157778, , , , , , , , , , , , , , , , , , , , , , , , , , , , 
7.6622885, 0.0451514, , , , , , , 7.6622885, -0.0031891, , , , , , , 7.6622885, -0.0105745, , , , , , , 7.6622885, -0.017792, , , , , , , , , , , , , , , , , , , , , , , , , , , , 
7.6628077, 0.0448157, , , , , , , 7.6628077, -0.0035248, , , , , , , 7.6628077, -0.0119173, , , , , , , 7.6628077, -0.0172885, , , , , , , , , , , , , , , , , , , , , , , , , , , , 
7.6633269, 0.0451514, , , , , , , 7.6633269, -0.005539, , , , , , , 7.6633269, -0.0132601, , , , , , , 7.6633269, -0.0142672, , , , , , , , , , , , , , , , , , , , , , , , , , , , 
7.6638462, 0.0451514, , , , , , , 7.6638462, -0.0077211, , , , , , , 7.6638462, -0.012253, , , , , , , 7.6638462, -0.0099031, , , , , , , , , , , , , , , , , , , , , , , , , , , , 
7.6643654, 0.0406195, , , , , , , 7.6643654, -0.0078889, , , , , , , 7.6643654, -0.0115816, , , , , , , 7.6643654, -0.0058747, , , , , , , , , , , , , , , , , , , , , , , , , , , , 
7.6648846, 0.0303807, , , , , , , 7.6648846, -0.0075532, , , , , , , 7.6648846, -0.0115816, , , , , , , 7.6648846, -0.0001678, , , , , , , , , , , , , , , , , , , , , , , , , , , , 
7.6654038, 0.0203098, , , , , , , 7.6654038, -0.0082246, , , , , , , 7.6654038, -0.0105745, , , , , , , 7.6654038, 0.0038605, , , , , , , , , , , , , , , , , , , , , , , , , , , , 
7.6659231, 0.0172885, , , , , , , 7.6659231, -0.0090639, , , , , , , 7.6659231, -0.0095674, , , , , , , 7.6659231, 0.0095674, , , , , , , , , , , , , , , , , , , , , , , , , , , , 
7.6664423, 0.0142672, , , , , , , 7.6664423, -0.0078889, , , , , , , 7.6664423, -0.0082246, , , , , , , 7.6664423, 0.0193027, , , , , , , , , , , , , , , , , , , , , , , , , , , , 
7.6669615, 0.0041962, , , , , , , 7.6669615, -0.0068818, , , , , , , 7.6669615, -0.0075532, , , , , , , 7.6669615, 0.0293736, , , , , , , , , , , , , , , , , , , , , , , , , , , , 
7.6674808, -0.0085603, , , , , , , 7.6674808, -0.0068818, , , , , , , 7.6674808, -0.0082246, , , , , , , 7.6674808, 0.0377661, , , , , , , , , , , , , , , , , , , , , , , , , , , , 
7.668, -0.0149386, , , , , , , 7.668, -0.0072175, , , , , , , 7.668, -0.0078889, , , , , , , 7.668, 0.043473, , , , , , , , , , , , , , , , , , , , , , , , , , , , 
7.6685192, -0.01561, , , , , , , 7.6685192, -0.008896, , , , , , , 7.6685192, -0.0062104, , , , , , , 7.6685192, 0.0468299, , , , , , , , , , , , , , , , , , , , , , , , , , , , 
7.6690385, -0.0157778, , , , , , , 7.6690385, -0.0095674, , , , , , , 7.6690385, -0.0041962, , , , , , , 7.6690385, 0.0488441, , , , , , , , , , , , , , , , , , , , , , , , , , , , 
7.6695577, -0.0149386, , , , , , , 7.6695577, -0.006714, , , , , , , 7.6695577, -0.0041962, , , , , , , 7.6695577, 0.0488441, , , , , , , , , , , , , , , , , , , , , , , , , , , , 
7.6700769, -0.0164492, , , , , , , 7.6700769, -0.005539, , , , , , , 7.6700769, -0.0052033, , , , , , , 7.6700769, 0.0471656, , , , , , , , , , , , , , , , , , , , , , , , , , , , 
7.6705962, -0.0125887, , , , , , , 7.6705962, -0.0058747, , , , , , , 7.6705962, -0.005539, , , , , , , 7.6705962, 0.040116, , , , , , , , , , , , , , , , , , , , , , , , , , , , 
7.6711154, -0.0023499, , , , , , , 7.6711154, -0.0058747, , , , , , , 7.6711154, -0.0048676, , , , , , , 7.6711154, 0.0317235, , , , , , , , , , , , , , , , , , , , , , , , , , , , 
7.6716346, 0.0085603, , , , , , , 7.6716346, -0.0043641, , , , , , , 7.6716346, -0.0030213, , , , , , , 7.6716346, 0.027863, , , , , , , , , , , , , , , , , , , , , , , , , , , , 
7.6721538, 0.0186313, , , , , , , 7.6721538, -0.0041962, , , , , , , 7.6721538, -0.0025177, , , , , , , 7.6721538, 0.0265202, , , , , , , , , , , , , , , , , , , , , , , , , , , , 
7.6726731, 0.026688, , , , , , , 7.6726731, -0.0048676, , , , , , , 7.6726731, -0.0031891, , , , , , , 7.6726731, 0.023331, , , , , , , , , , , , , , , , , , , , , , , , , , , , 
7.6731923, 0.0292058, , , , , , , 7.6731923, -0.0065461, , , , , , , 7.6731923, -0.0028534, , , , , , , 7.6731923, 0.0176242, , , , , , , , , , , , , , , , , , , , , , , , , , , , 
7.6737115, 0.0283665, , , , , , , 7.6737115, -0.0082246, , , , , , , 7.6737115, -0.0008392, , , , , , , 7.6737115, 0.0146029, , , , , , , , , , , , , , , , , , , , , , , , , , , , 
7.6742308, 0.0283665, , , , , , , 7.6742308, -0.0068818, , , , , , , 7.6742308, 0.0011749, , , , , , , 7.6742308, 0.0139315, , , , , , , , , , , , , , , , , , , , , , , , , , , , 
7.67475, 0.0307164, , , , , , , 7.67475, -0.0045319, , , , , , , 7.67475, -0.0003357, , , , , , , 7.67475, 0.0102388, , , , , , , , , , , , , , , , , , , , , , , , , , , , 
7.6752692, 0.0330663, , , , , , , 7.6752692, -0.0025177, , , , , , , 7.6752692, -0.0028534, , , , , , , 7.6752692, 0.0085603, , , , , , , , , , , , , , , , , , , , , , , , , , , , 
7.6757885, 0.0372625, , , , , , , 7.6757885, -0.0036927, , , , , , , 7.6757885, -0.0038605, , , , , , , 7.6757885, 0.0078889, , , , , , , , , , , , , , , , , , , , , , , , , , , , 
7.6763077, 0.0374304, , , , , , , 7.6763077, -0.0058747, , , , , , , 7.6763077, -0.005539, , , , , , , 7.6763077, 0.0057069, , , , , , , , , , , , , , , , , , , , , , , , , , , , 
7.6768269, 0.0345769, , , , , , , 7.6768269, -0.008896, , , , , , , 7.6768269, -0.0070497, , , , , , , 7.6768269, 0.0045319, , , , , , , , , , , , , , , , , , , , , , , , , , , , 
7.6773462, 0.0350805, , , , , , , 7.6773462, -0.0119173, , , , , , , 7.6773462, -0.0085603, , , , , , , 7.6773462, 0.0041962, , , , , , , , , , , , , , , , , , , , , , , , , , , , 
7.6778654, 0.0370947, , , , , , , 7.6778654, -0.0109102, , , , , , , 7.6778654, -0.0090639, , , , , , , 7.6778654, 0.0038605, , , , , , , , , , , , , , , , , , , , , , , , , , , , 
7.6783846, 0.0359197, , , , , , , 7.6783846, -0.0068818, , , , , , , 7.6783846, -0.0092317, , , , , , , 7.6783846, 0.0038605, , , , , , , , , , , , , , , , , , , , , , , , , , , , 
7.6789038, 0.0337377, , , , , , , 7.6789038, -0.005539, , , , , , , 7.6789038, -0.0097353, , , , , , , 7.6789038, 0.002182, , , , , , , , , , , , , , , , , , , , , , , , , , , , 
7.6794231, 0.0318914, , , , , , , 7.6794231, -0.0078889, , , , , , , 7.6794231, -0.011078, , , , , , , 7.6794231, 0.0028534, , , , , , , , , , , , , , , , , , , , , , , , , , , , 
7.6799423, 0.0350805, , , , , , , 7.6799423, -0.008896, , , , , , , 7.6799423, -0.012253, , , , , , , 7.6799423, 0.0048676, , , , , , , , , , , , , , , , , , , , , , , , , , , , 
7.6804615, 0.0404517, , , , , , , 7.6804615, -0.0082246, , , , , , , 7.6804615, -0.0119173, , , , , , , 7.6804615, 0.0010071, , , , , , , , , , , , , , , , , , , , , , , , , , , , 
7.6809808, 0.0466621, , , , , , , 7.6809808, -0.005539, , , , , , , 7.6809808, -0.0102388, , , , , , , 7.6809808, -0.0077211, , , , , , , , , , , , , , , , , , , , , , , , , , , , 
7.6815, 0.0527047, , , , , , , 7.6815, -0.0041962, , , , , , , 7.6815, -0.0075532, , , , , , , 7.6815, -0.0115816, , , , , , , , , , , , , , , , , , , , , , , , , , , , 
7.6820192, 0.0552224, , , , , , , 7.6820192, -0.005539, , , , , , , 7.6820192, -0.0072175, , , , , , , 7.6820192, -0.012253, , , , , , , , , , , , , , , , , , , , , , , , , , , , 
7.6825385, 0.0569009, , , , , , , 7.6825385, -0.0078889, , , , , , , 7.6825385, -0.0080568, , , , , , , 7.6825385, -0.0130922, , , , , , , , , , , , , , , , , , , , , , , , , , , , 
7.6830577, 0.0569009, , , , , , , 7.6830577, -0.0068818, , , , , , , 7.6830577, -0.008896, , , , , , , 7.6830577, -0.0129244, , , , , , , , , , , , , , , , , , , , , , , , , , , , 
7.6835769, 0.0532082, , , , , , , 7.6835769, -0.005539, , , , , , , 7.6835769, -0.0105745, , , , , , , 7.6835769, -0.0117494, , , , , , , , , , , , , , , , , , , , , , , , , , , , 
7.6840962, 0.0453193, , , , , , , 7.6840962, -0.0028534, , , , , , , 7.6840962, -0.0129244, , , , , , , 7.6840962, -0.008896, , , , , , , , , , , , , , , , , , , , , , , , , , , , 
7.6846154, 0.0374304, , , , , , , 7.6846154, -0.0028534, , , , , , , 7.6846154, -0.0117494, , , , , , , 7.6846154, -0.0048676, , , , , , , , , , , , , , , , , , , , , , , , , , , , 
7.6851346, 0.033402, , , , , , , 7.6851346, -0.0057069, , , , , , , 7.6851346, -0.008896, , , , , , , 7.6851346, 0.0001678, , , , , , , , , , , , , , , , , , , , , , , , , , , , 
7.6856538, 0.0317235, , , , , , , 7.6856538, -0.0058747, , , , , , , 7.6856538, -0.0075532, , , , , , , 7.6856538, 0.0048676, , , , , , , , , , , , , , , , , , , , , , , , , , , , 
7.6861731, 0.0287022, , , , , , , 7.6861731, -0.0048676, , , , , , , 7.6861731, -0.0068818, , , , , , , 7.6861731, 0.0092317, , , , , , , , , , , , , , , , , , , , , , , , , , , , 
7.6866923, 0.0206455, , , , , , , 7.6866923, -0.0031891, , , , , , , 7.6866923, -0.0072175, , , , , , , 7.6866923, 0.0179599, , , , , , , , , , , , , , , , , , , , , , , , , , , , 
7.6872115, 0.0105745, , , , , , , 7.6872115, -0.0035248, , , , , , , 7.6872115, -0.0082246, , , , , , , 7.6872115, 0.0280308, , , , , , , , , , , , , , , , , , , , , , , , , , , , 
7.6877308, 0.0018463, , , , , , , 7.6877308, -0.005539, , , , , , , 7.6877308, -0.0085603, , , , , , , 7.6877308, 0.0337377, , , , , , , , , , , , , , , , , , , , , , , , , , , , 
7.68825, -0.0052033, , , , , , , 7.68825, -0.005539, , , , , , , 7.68825, -0.0083925, , , , , , , 7.68825, 0.0360876, , , , , , , , , , , , , , , , , , , , , , , , , , , , 
7.6887692, -0.011078, , , , , , , 7.6887692, -0.0045319, , , , , , , 7.6887692, -0.0095674, , , , , , , 7.6887692, 0.0411231, , , , , , , , , , , , , , , , , , , , , , , , , , , , 
7.6892885, -0.0142672, , , , , , , 7.6892885, -0.005539, , , , , , , 7.6892885, -0.008896, , , , , , , 7.6892885, 0.0441444, , , , , , , , , , , , , , , , , , , , , , , , , , , , 
7.6898077, -0.018967, , , , , , , 7.6898077, -0.0065461, , , , , , , 7.6898077, -0.008896, , , , , , , 7.6898077, 0.0433051, , , , , , , , , , , , , , , , , , , , , , , , , , , , 
7.6903269, -0.023331, , , , , , , 7.6903269, -0.0075532, , , , , , , 7.6903269, -0.0109102, , , , , , , 7.6903269, 0.0391089, , , , , , , , , , , , , , , , , , , , , , , , , , , , 
7.6908462, -0.0229953, , , , , , , 7.6908462, -0.0078889, , , , , , , 7.6908462, -0.0102388, , , , , , , 7.6908462, 0.0340734, , , , , , , , , , , , , , , , , , , , , , , , , , , , 
7.6913654, -0.0146029, , , , , , , 7.6913654, -0.0058747, , , , , , , 7.6913654, -0.0090639, , , , , , , 7.6913654, 0.0285344, , , , , , , , , , , , , , , , , , , , , , , , , , , , 
7.6918846, -0.0045319, , , , , , , 7.6918846, -0.0060426, , , , , , , 7.6918846, -0.0083925, , , , , , , 7.6918846, 0.0229953, , , , , , , , , , , , , , , , , , , , , , , , , , , , 
7.6924038, 0.0011749, , , , , , , 7.6924038, -0.0077211, , , , , , , 7.6924038, -0.0085603, , , , , , , 7.6924038, 0.0194705, , , , , , , , , , , , , , , , , , , , , , , , , , , , 
7.6929231, 0.0085603, , , , , , , 7.6929231, -0.008896, , , , , , , 7.6929231, -0.0112459, , , , , , , 7.6929231, 0.018967, , , , , , , , , , , , , , , , , , , , , , , , , , , , 
7.6934423, 0.0198062, , , , , , , 7.6934423, -0.0078889, , , , , , , 7.6934423, -0.012253, , , , , , , 7.6934423, 0.0186313, , , , , , , , , , , , , , , , , , , , , , , , , , , , 
7.6939615, 0.0287022, , , , , , , 7.6939615, -0.0082246, , , , , , , 7.6939615, -0.0109102, , , , , , , 7.6939615, 0.01561, , , , , , , , , , , , , , , , , , , , , , , , , , , , 
7.6944808, 0.0293736, , , , , , , 7.6944808, -0.0109102, , , , , , , 7.6944808, -0.0102388, , , , , , , 7.6944808, 0.0129244, , , , , , , , , , , , , , , , , , , , , , , , , , , , 
7.695, 0.0270237, , , , , , , 7.695, -0.0119173, , , , , , , 7.695, -0.0092317, , , , , , , 7.695, 0.0102388, , , , , , , , , , , , , , , , , , , , , , , , , , , , 
7.6955192, 0.0236667, , , , , , , 7.6955192, -0.0105745, , , , , , , 7.6955192, -0.0082246, , , , , , , 7.6955192, 0.0062104, , , , , , , , , , , , , , , , , , , , , , , , , , , , 
7.6960385, 0.0199741, , , , , , , 7.6960385, -0.010071, , , , , , , 7.6960385, -0.0082246, , , , , , , 7.6960385, 0.0038605, , , , , , , , , , , , , , , , , , , , , , , , , , , , 
7.6965577, 0.0162814, , , , , , , 7.6965577, -0.0092317, , , , , , , 7.6965577, -0.0083925, , , , , , , 7.6965577, 0.0048676, , , , , , , , , , , , , , , , , , , , , , , , , , , , 
7.6970769, 0.0139315, , , , , , , 7.6970769, -0.0090639, , , , , , , 7.6970769, -0.0082246, , , , , , , 7.6970769, 0.0048676, , , , , , , , , , , , , , , , , , , , , , , , , , , , 
7.6975962, 0.0105745, , , , , , , 7.6975962, -0.0082246, , , , , , , 7.6975962, -0.008896, , , , , , , 7.6975962, 0.0038605, , , , , , , , , , , , , , , , , , , , , , , , , , , , 
7.6981154, 0.0078889, , , , , , , 7.6981154, -0.0070497, , , , , , , 7.6981154, -0.0104067, , , , , , , 7.6981154, 0.0035248, , , , , , , , , , , , , , , , , , , , , , , , , , , , 
7.6986346, 0.0078889, , , , , , , 7.6986346, -0.0058747, , , , , , , 7.6986346, -0.0102388, , , , , , , 7.6986346, 0.0025177, , , , , , , , , , , , , , , , , , , , , , , , , , , , 
7.6991538, 0.0115816, , , , , , , 7.6991538, -0.0062104, , , , , , , 7.6991538, -0.0077211, , , , , , , 7.6991538, 0.0031891, , , , , , , , , , , , , , , , , , , , , , , , , , , , 
7.6996731, 0.0132601, , , , , , , 7.6996731, -0.0072175, , , , , , , 7.6996731, -0.0068818, , , , , , , 7.6996731, 0.0045319, , , , , , , , , , , , , , , , , , , , , , , , , , , , 
7.7001923, 0.0166171, , , , , , , 7.7001923, -0.0082246, , , , , , , 7.7001923, -0.008896, , , , , , , 7.7001923, 0.0025177, , , , , , , , , , , , , , , , , , , , , , , , , , , , 
7.7007115, 0.0246738, , , , , , , 7.7007115, -0.0078889, , , , , , , 7.7007115, -0.0112459, , , , , , , 7.7007115, -0.0015106, , , , , , , , , , , , , , , , , , , , , , , , , , , , 
7.7012308, 0.0305486, , , , , , , 7.7012308, -0.0082246, , , , , , , 7.7012308, -0.0109102, , , , , , , 7.7012308, -0.008896, , , , , , , , , , , , , , , , , , , , , , , , , , , , 
7.70175, 0.0297093, , , , , , , 7.70175, -0.0082246, , , , , , , 7.70175, -0.0115816, , , , , , , 7.70175, -0.0146029, , , , , , , , , , , , , , , , , , , , , , , , , , , , 
7.7022692, 0.0293736, , , , , , , 7.7022692, -0.0065461, , , , , , , 7.7022692, -0.0119173, , , , , , , 7.7022692, -0.0162814, , , , , , , , , , , , , , , , , , , , , , , , , , , , 
7.7027885, 0.0310521, , , , , , , 7.7027885, -0.0060426, , , , , , , 7.7027885, -0.0104067, , , , , , , 7.7027885, -0.0151064, , , , , , , , , , , , , , , , , , , , , , , , , , , , 
7.7033077, 0.0280308, , , , , , , 7.7033077, -0.0082246, , , , , , , 7.7033077, -0.0095674, , , , , , , 7.7033077, -0.012253, , , , , , , , , , , , , , , , , , , , , , , , , , , , 
7.7038269, 0.0219883, , , , , , , 7.7038269, -0.0099031, , , , , , , 7.7038269, -0.0109102, , , , , , , 7.7038269, -0.0070497, , , , , , , , , , , , , , , , , , , , , , , , , , , , 
7.7043462, 0.0169528, , , , , , , 7.7043462, -0.0105745, , , , , , , 7.7043462, -0.0114137, , , , , , , 7.7043462, 0.0005035, , , , , , , , , , , , , , , , , , , , , , , , , , , , 
7.7048654, 0.0129244, , , , , , , 7.7048654, -0.0092317, , , , , , , 7.7048654, -0.0109102, , , , , , , 7.7048654, 0.0085603, , , , , , , , , , , , , , , , , , , , , , , , , , , , 
7.7053846, 0.0083925, , , , , , , 7.7053846, -0.0078889, , , , , , , 7.7053846, -0.0102388, , , , , , , 7.7053846, 0.0135958, , , , , , , , , , , , , , , , , , , , , , , , , , , , 
7.7059038, 0.0038605, , , , , , , 7.7059038, -0.0075532, , , , , , , 7.7059038, -0.0090639, , , , , , , 7.7059038, 0.0159457, , , , , , , , , , , , , , , , , , , , , , , , , , , , 
7.7064231, -0.0025177, , , , , , , 7.7064231, -0.0082246, , , , , , , 7.7064231, -0.0075532, , , , , , , 7.7064231, 0.0213169, , , , , , , , , , , , , , , , , , , , , , , , , , , , 
7.7069423, -0.0092317, , , , , , , 7.7069423, -0.0085603, , , , , , , 7.7069423, -0.0062104, , , , , , , 7.7069423, 0.0293736, , , , , , , , , , , , , , , , , , , , , , , , , , , , 
7.7074615, -0.0171206, , , , , , , 7.7074615, -0.008896, , , , , , , 7.7074615, -0.0057069, , , , , , , 7.7074615, 0.0345769, , , , , , , , , , , , , , , , , , , , , , , , , , , , 
7.7079808, -0.0256809, , , , , , , 7.7079808, -0.0085603, , , , , , , 7.7079808, -0.0025177, , , , , , , 7.7079808, 0.0387732, , , , , , , , , , , , , , , , , , , , , , , , , , , , 
7.7085, -0.0337377, , , , , , , 7.7085, -0.0082246, , , , , , , 7.7085, 0.0011749, , , , , , , 7.7085, 0.0407874, , , , , , , , , , , , , , , , , , , , , , , , , , , , 
7.7090192, -0.0417945, , , , , , , 7.7090192, -0.0095674, , , , , , , 7.7090192, 0.0018463, , , , , , , 7.7090192, 0.0431373, , , , , , , , , , , , , , , , , , , , , , , , , , , , 
7.7095385, -0.0464942, , , , , , , 7.7095385, -0.0105745, , , , , , , 7.7095385, 0.002182, , , , , , , 7.7095385, 0.0475013, , , , , , , , , , , , , , , , , , , , , , , , , , , , 
7.7100577, -0.0448157, , , , , , , 7.7100577, -0.0132601, , , , , , , 7.7100577, 0.0018463, , , , , , , 7.7100577, 0.0480049, , , , , , , , , , , , , , , , , , , , , , , , , , , , 
7.7105769, -0.0377661, , , , , , , 7.7105769, -0.0159457, , , , , , , 7.7105769, 0.0016785, , , , , , , 7.7105769, 0.0428016, , , , , , , , , , , , , , , , , , , , , , , , , , , , 
7.7110962, -0.0327306, , , , , , , 7.7110962, -0.0149386, , , , , , , 7.7110962, 0.0010071, , , , , , , 7.7110962, 0.0364233, , , , , , , , , , , , , , , , , , , , , , , , , , , , 
7.7116154, -0.0310521, , , , , , , 7.7116154, -0.0129244, , , , , , , 7.7116154, -0.0018463, , , , , , , 7.7116154, 0.0313878, , , , , , , , , , , , , , , , , , , , , , , , , , , , 
7.7121346, -0.0276951, , , , , , , 7.7121346, -0.0119173, , , , , , , 7.7121346, -0.0035248, , , , , , , 7.7121346, 0.0280308, , , , , , , , , , , , , , , , , , , , , , , , , , , , 
7.7126538, -0.0229953, , , , , , , 7.7126538, -0.012253, , , , , , , 7.7126538, -0.0028534, , , , , , , 7.7126538, 0.0258488, , , , , , , , , , , , , , , , , , , , , , , , , , , , 
7.7131731, -0.018967, , , , , , , 7.7131731, -0.012253, , , , , , , 7.7131731, -0.0025177, , , , , , , 7.7131731, 0.0236667, , , , , , , , , , , , , , , , , , , , , , , , , , , , 
7.7136923, -0.0129244, , , , , , , 7.7136923, -0.0125887, , , , , , , 7.7136923, -0.0035248, , , , , , , 7.7136923, 0.0176242, , , , , , , , , , , , , , , , , , , , , , , , , , , , 
7.7142115, -0.0073854, , , , , , , 7.7142115, -0.0129244, , , , , , , 7.7142115, -0.0038605, , , , , , , 7.7142115, 0.0119173, , , , , , , , , , , , , , , , , , , , , , , , , , , , 
7.7147308, -0.0035248, , , , , , , 7.7147308, -0.0115816, , , , , , , 7.7147308, -0.0041962, , , , , , , 7.7147308, 0.0090639, , , , , , , , , , , , , , , , , , , , , , , , , , , , 
7.71525, 0.0010071, , , , , , , 7.71525, -0.0095674, , , , , , , 7.71525, -0.0048676, , , , , , , 7.71525, 0.0075532, , , , , , , , , , , , , , , , , , , , , , , , , , , , 
7.7157692, 0.0058747, , , , , , , 7.7157692, -0.0085603, , , , , , , 7.7157692, -0.0060426, , , , , , , 7.7157692, 0.0057069, , , , , , , , , , , , , , , , , , , , , , , , , , , , 
7.7162885, 0.0078889, , , , , , , 7.7162885, -0.0062104, , , , , , , 7.7162885, -0.0048676, , , , , , , 7.7162885, 0.0038605, , , , , , , , , , , , , , , , , , , , , , , , , , , , 
7.7168077, 0.0028534, , , , , , , 7.7168077, -0.005539, , , , , , , 7.7168077, -0.0045319, , , , , , , 7.7168077, 0.0041962, , , , , , , , , , , , , , , , , , , , , , , , , , , , 
7.7173269, 0.0015106, , , , , , , 7.7173269, -0.005539, , , , , , , 7.7173269, -0.0065461, , , , , , , 7.7173269, 0.0065461, , , , , , , , , , , , , , , , , , , , , , , , , , , , 
7.7178462, 0.0072175, , , , , , , 7.7178462, -0.0052033, , , , , , , 7.7178462, -0.0087282, , , , , , , 7.7178462, 0.0065461, , , , , , , , , , , , , , , , , , , , , , , , , , , , 
7.7183654, 0.0115816, , , , , , , 7.7183654, -0.0058747, , , , , , , 7.7183654, -0.0095674, , , , , , , 7.7183654, 0.0045319, , , , , , , , , , , , , , , , , , , , , , , , , , , , 
7.7188846, 0.0105745, , , , , , , 7.7188846, -0.0070497, , , , , , , 7.7188846, -0.0109102, , , , , , , 7.7188846, 0.0046998, , , , , , , , , , , , , , , , , , , , , , , , , , , , 
7.7194038, 0.0125887, , , , , , , 7.7194038, -0.0068818, , , , , , , 7.7194038, -0.0119173, , , , , , , 7.7194038, 0.0085603, , , , , , , , , , , , , , , , , , , , , , , , , , , , 
7.7199231, 0.018967, , , , , , , 7.7199231, -0.0065461, , , , , , , 7.7199231, -0.0099031, , , , , , , 7.7199231, 0.0075532, , , , , , , , , , , , , , , , , , , , , , , , , , , , 
7.7204423, 0.0260166, , , , , , , 7.7204423, -0.0057069, , , , , , , 7.7204423, -0.0104067, , , , , , , 7.7204423, -0.0011749, , , , , , , , , , , , , , , , , , , , , , , , , , , , 
7.7209615, 0.030045, , , , , , , 7.7209615, -0.0045319, , , , , , , 7.7209615, -0.0125887, , , , , , , 7.7209615, -0.0082246, , , , , , , , , , , , , , , , , , , , , , , , , , , , 
7.7214808, 0.0330663, , , , , , , 7.7214808, -0.0048676, , , , , , , 7.7214808, -0.0135958, , , , , , , 7.7214808, -0.0114137, , , , , , , , , , , , , , , , , , , , , , , , , , , , 
7.722, 0.0340734, , , , , , , 7.722, -0.005539, , , , , , , 7.722, -0.0132601, , , , , , , 7.722, -0.0135958, , , , , , , , , , , , , , , , , , , , , , , , , , , , 
7.7225192, 0.0327306, , , , , , , 7.7225192, -0.0058747, , , , , , , 7.7225192, -0.011078, , , , , , , 7.7225192, -0.0162814, , , , , , , , , , , , , , , , , , , , , , , , , , , , 
7.7230385, 0.0313878, , , , , , , 7.7230385, -0.0050355, , , , , , , 7.7230385, -0.008896, , , , , , , 7.7230385, -0.0186313, , , , , , , , , , , , , , , , , , , , , , , , , , , , 
7.7235577, 0.0344091, , , , , , , 7.7235577, -0.0062104, , , , , , , 7.7235577, -0.008896, , , , , , , 7.7235577, -0.0182956, , , , , , , , , , , , , , , , , , , , , , , , , , , , 
7.7240769, 0.0350805, , , , , , , 7.7240769, -0.0072175, , , , , , , 7.7240769, -0.0082246, , , , , , , 7.7240769, -0.011078, , , , , , , , , , , , , , , , , , , , , , , , , , , , 
7.7245962, 0.0310521, , , , , , , 7.7245962, -0.0078889, , , , , , , 7.7245962, -0.0068818, , , , , , , 7.7245962, -0.0036927, , , , , , , , , , , , , , , , , , , , , , , , , , , , 
7.7251154, 0.0243381, , , , , , , 7.7251154, -0.0058747, , , , , , , 7.7251154, -0.0077211, , , , , , , 7.7251154, 0.0016785, , , , , , , , , , , , , , , , , , , , , , , , , , , , 
7.7256346, 0.0213169, , , , , , , 7.7256346, -0.0041962, , , , , , , 7.7256346, -0.0095674, , , , , , , 7.7256346, 0.0078889, , , , , , , , , , , , , , , , , , , , , , , , , , , , 
7.7261538, 0.0193027, , , , , , , 7.7261538, -0.0060426, , , , , , , 7.7261538, -0.0109102, , , , , , , 7.7261538, 0.0132601, , , , , , , , , , , , , , , , , , , , , , , , , , , , 
7.7266731, 0.0119173, , , , , , , 7.7266731, -0.0082246, , , , , , , 7.7266731, -0.0104067, , , , , , , 7.7266731, 0.0186313, , , , , , , , , , , , , , , , , , , , , , , , , , , , 
7.7271923, -0.0001678, , , , , , , 7.7271923, -0.008896, , , , , , , 7.7271923, -0.0092317, , , , , , , 7.7271923, 0.0236667, , , , , , , , , , , , , , , , , , , , , , , , , , , , 
7.7277115, -0.0115816, , , , , , , 7.7277115, -0.0105745, , , , , , , 7.7277115, -0.0082246, , , , , , , 7.7277115, 0.0297093, , , , , , , , , , , , , , , , , , , , , , , , , , , , 
7.7282308, -0.01561, , , , , , , 7.7282308, -0.0097353, , , , , , , 7.7282308, -0.0078889, , , , , , , 7.7282308, 0.0354162, , , , , , , , , , , , , , , , , , , , , , , , , , , , 
7.72875, -0.0169528, , , , , , , 7.72875, -0.0082246, , , , , , , 7.72875, -0.0075532, , , , , , , 7.72875, 0.040116, , , , , , , , , , , , , , , , , , , , , , , , , , , , 
7.7292692, -0.018967, , , , , , , 7.7292692, -0.0062104, , , , , , , 7.7292692, -0.0072175, , , , , , , 7.7292692, 0.0448157, , , , , , , , , , , , , , , , , , , , , , , , , , , , 
7.7297885, -0.0213169, , , , , , , 7.7297885, -0.0058747, , , , , , , 7.7297885, -0.0048676, , , , , , , 7.7297885, 0.0458228, , , , , , , , , , , , , , , , , , , , , , , , , , , , 
7.7303077, -0.0213169, , , , , , , 7.7303077, -0.0072175, , , , , , , 7.7303077, -0.0023499, , , , , , , 7.7303077, 0.0424659, , , , , , , , , , , , , , , , , , , , , , , , , , , , 
7.7308269, -0.0129244, , , , , , , 7.7308269, -0.0092317, , , , , , , 7.7308269, -0.0018463, , , , , , , 7.7308269, 0.0360876, , , , , , , , , , , , , , , , , , , , , , , , , , , , 
7.7313462, -0.0005035, , , , , , , 7.7313462, -0.0102388, , , , , , , 7.7313462, -0.003357, , , , , , , 7.7313462, 0.0290379, , , , , , , , , , , , , , , , , , , , , , , , , , , , 
7.7318654, 0.0105745, , , , , , , 7.7318654, -0.0090639, , , , , , , 7.7318654, -0.0038605, , , , , , , 7.7318654, 0.0224918, , , , , , , , , , , , , , , , , , , , , , , , , , , , 
7.7323846, 0.0191348, , , , , , , 7.7323846, -0.0095674, , , , , , , 7.7323846, -0.0025177, , , , , , , 7.7323846, 0.0179599, , , , , , , , , , , , , , , , , , , , , , , , , , , , 
7.7329038, 0.0206455, , , , , , , 7.7329038, -0.0099031, , , , , , , 7.7329038, -0.0018463, , , , , , , 7.7329038, 0.0159457, , , , , , , , , , , , , , , , , , , , , , , , , , , , 
7.7334231, 0.0199741, , , , , , , 7.7334231, -0.0099031, , , , , , , 7.7334231, -0.0030213, , , , , , , 7.7334231, 0.0149386, , , , , , , , , , , , , , , , , , , , , , , , , , , , 
7.7339423, 0.0186313, , , , , , , 7.7339423, -0.010071, , , , , , , 7.7339423, -0.0062104, , , , , , , 7.7339423, 0.0130922, , , , , , , , , , , , , , , , , , , , , , , , , , , , 
7.7344615, 0.0196384, , , , , , , 7.7344615, -0.0102388, , , , , , , 7.7344615, -0.0092317, , , , , , , 7.7344615, 0.011078, , , , , , , , , , , , , , , , , , , , , , , , , , , , 
7.7349808, 0.0253452, , , , , , , 7.7349808, -0.0095674, , , , , , , 7.7349808, -0.0095674, , , , , , , 7.7349808, 0.0119173, , , , , , , , , , , , , , , , , , , , , , , , , , , , 
7.7355, 0.03122, , , , , , , 7.7355, -0.0078889, , , , , , , 7.7355, -0.0095674, , , , , , , 7.7355, 0.0151064, , , , , , , , , , , , , , , , , , , , , , , , , , , , 
7.7360192, 0.0327306, , , , , , , 7.7360192, -0.0072175, , , , , , , 7.7360192, -0.0102388, , , , , , , 7.7360192, 0.0166171, , , , , , , , , , , , , , , , , , , , , , , , , , , , 
7.7365385, 0.0337377, , , , , , , 7.7365385, -0.0082246, , , , , , , 7.7365385, -0.0115816, , , , , , , 7.7365385, 0.0152743, , , , , , , , , , , , , , , , , , , , , , , , , , , , 
7.7370577, 0.0354162, , , , , , , 7.7370577, -0.0095674, , , , , , , 7.7370577, -0.0109102, , , , , , , 7.7370577, 0.0125887, , , , , , , , , , , , , , , , , , , , , , , , , , , , 
7.7375769, 0.0384375, , , , , , , 7.7375769, -0.0085603, , , , , , , 7.7375769, -0.0109102, , , , , , , 7.7375769, 0.0102388, , , , , , , , , , , , , , , , , , , , , , , , , , , , 
7.7380962, 0.0417945, , , , , , , 7.7380962, -0.0065461, , , , , , , 7.7380962, -0.0115816, , , , , , , 7.7380962, 0.0085603, , , , , , , , , , , , , , , , , , , , , , , , , , , , 
7.7386154, 0.0438087, , , , , , , 7.7386154, -0.005539, , , , , , , 7.7386154, -0.0127565, , , , , , , 7.7386154, 0.008896, , , , , , , , , , , , , , , , , , , , , , , , , , , , 
7.7391346, 0.0475013, , , , , , , 7.7391346, -0.0062104, , , , , , , 7.7391346, -0.0112459, , , , , , , 7.7391346, 0.0099031, , , , , , , , , , , , , , , , , , , , , , , , , , , , 
7.7396538, 0.0528725, , , , , , , 7.7396538, -0.0050355, , , , , , , 7.7396538, -0.0115816, , , , , , , 7.7396538, 0.0095674, , , , , , , , , , , , , , , , , , , , , , , , , , , , 
7.7401731, 0.0605936, , , , , , , 7.7401731, -0.0035248, , , , , , , 7.7401731, -0.0159457, , , , , , , 7.7401731, 0.0052033, , , , , , , , , , , , , , , , , , , , , , , , , , , , 
7.7406923, 0.0720073, , , , , , , 7.7406923, -0.0031891, , , , , , , 7.7406923, -0.0193027, , , , , , , 7.7406923, -0.005539, , , , , , , , , , , , , , , , , , , , , , , , , , , , 
7.7412115, 0.0773785, , , , , , , 7.7412115, -0.0052033, , , , , , , 7.7412115, -0.0179599, , , , , , , 7.7412115, -0.0137636, , , , , , , , , , , , , , , , , , , , , , , , , , , , 
7.7417308, 0.079057, , , , , , , 7.7417308, -0.0062104, , , , , , , 7.7417308, -0.0152743, , , , , , , 7.7417308, -0.0149386, , , , , , , , , , , , , , , , , , , , , , , , , , , , 
7.74225, 0.0777142, , , , , , , 7.74225, -0.0048676, , , , , , , 7.74225, -0.0149386, , , , , , , 7.74225, -0.0149386, , , , , , , , , , , , , , , , , , , , , , , , , , , , 
7.7427692, 0.0763714, , , , , , , 7.7427692, -0.0058747, , , , , , , 7.7427692, -0.01561, , , , , , , 7.7427692, -0.0162814, , , , , , , , , , , , , , , , , , , , , , , , , , , , 
7.7432885, 0.0795605, , , , , , , 7.7432885, -0.0077211, , , , , , , 7.7432885, -0.01561, , , , , , , 7.7432885, -0.01561, , , , , , , , , , , , , , , , , , , , , , , , , , , , 
7.7438077, 0.0783856, , , , , , , 7.7438077, -0.0075532, , , , , , , 7.7438077, -0.0151064, , , , , , , 7.7438077, -0.0132601, , , , , , , , , , , , , , , , , , , , , , , , , , , , 
7.7443269, 0.0710002, , , , , , , 7.7443269, -0.0065461, , , , , , , 7.7443269, -0.0146029, , , , , , , 7.7443269, -0.0082246, , , , , , , , , , , , , , , , , , , , , , , , , , , , 
7.7448462, 0.057908, , , , , , , 7.7448462, -0.005539, , , , , , , 7.7448462, -0.0125887, , , , , , , 7.7448462, -0.0031891, , , , , , , , , , , , , , , , , , , , , , , , , , , , 
7.7453654, 0.0495155, , , , , , , 7.7453654, -0.0041962, , , , , , , 7.7453654, -0.0115816, , , , , , , 7.7453654, 0.0031891, , , , , , , , , , , , , , , , , , , , , , , , , , , , 
7.7458846, 0.0493477, , , , , , , 7.7458846, -0.0041962, , , , , , , 7.7458846, -0.011078, , , , , , , 7.7458846, 0.0102388, , , , , , , , , , , , , , , , , , , , , , , , , , , , 
7.7464038, 0.0421302, , , , , , , 7.7464038, -0.0068818, , , , , , , 7.7464038, -0.0095674, , , , , , , 7.7464038, 0.0172885, , , , , , , , , , , , , , , , , , , , , , , , , , , , 
7.7469231, 0.0280308, , , , , , , 7.7469231, -0.008896, , , , , , , 7.7469231, -0.0052033, , , , , , , 7.7469231, 0.0231632, , , , , , , , , , , , , , , , , , , , , , , , , , , , 
7.7474423, 0.0199741, , , , , , , 7.7474423, -0.008896, , , , , , , 7.7474423, -0.0011749, , , , , , , 7.7474423, 0.0287022, , , , , , , , , , , , , , , , , , , , , , , , , , , , 
7.7479615, 0.0162814, , , , , , , 7.7479615, -0.0075532, , , , , , , 7.7479615, -0.0001678, , , , , , , 7.7479615, 0.0347448, , , , , , , , , , , , , , , , , , , , , , , , , , , , 
7.7484808, 0.0105745, , , , , , , 7.7484808, -0.006714, , , , , , , 7.7484808, -0.0028534, , , , , , , 7.7484808, 0.0391089, , , , , , , , , , , , , , , , , , , , , , , , , , , , 
7.749, 0.0058747, , , , , , , 7.749, -0.0068818, , , , , , , 7.749, -0.0041962, , , , , , , 7.749, 0.0428016, , , , , , , , , , , , , , , , , , , , , , , , , , , , 
7.7495192, 0.0005035, , , , , , , 7.7495192, -0.0082246, , , , , , , 7.7495192, -0.0025177, , , , , , , 7.7495192, 0.0441444, , , , , , , , , , , , , , , , , , , , , , , , , , , , 
7.7500385, -0.002182, , , , , , , 7.7500385, -0.0102388, , , , , , , 7.7500385, -0.0001678, , , , , , , 7.7500385, 0.0441444, , , , , , , , , , , , , , , , , , , , , , , , , , , , 
7.7505577, 0.0028534, , , , , , , 7.7505577, -0.008896, , , , , , , 7.7505577, -0.0008392, , , , , , , 7.7505577, 0.0421302, , , , , , , , , , , , , , , , , , , , , , , , , , , , 
7.7510769, 0.0082246, , , , , , , 7.7510769, -0.0090639, , , , , , , 7.7510769, -0.0011749, , , , , , , 7.7510769, 0.0347448, , , , , , , , , , , , , , , , , , , , , , , , , , , , 
7.7515962, 0.0077211, , , , , , , 7.7515962, -0.0090639, , , , , , , 7.7515962, -0.0005035, , , , , , , 7.7515962, 0.0293736, , , , , , , , , , , , , , , , , , , , , , , , , , , , 
7.7521154, 0.0102388, , , , , , , 7.7521154, -0.0095674, , , , , , , 7.7521154, -0.0005035, , , , , , , 7.7521154, 0.027863, , , , , , , , , , , , , , , , , , , , , , , , , , , , 
7.7526346, 0.0146029, , , , , , , 7.7526346, -0.0082246, , , , , , , 7.7526346, -0.002182, , , , , , , 7.7526346, 0.0260166, , , , , , , , , , , , , , , , , , , , , , , , , , , , 
7.7531538, 0.017792, , , , , , , 7.7531538, -0.0062104, , , , , , , 7.7531538, -0.003357, , , , , , , 7.7531538, 0.0213169, , , , , , , , , , , , , , , , , , , , , , , , , , , , 
7.7536731, 0.0186313, , , , , , , 7.7536731, -0.0068818, , , , , , , 7.7536731, -0.0045319, , , , , , , 7.7536731, 0.0124208, , , , , , , , , , , , , , , , , , , , , , , , , , , , 
7.7541923, 0.0179599, , , , , , , 7.7541923, -0.0075532, , , , , , , 7.7541923, -0.0043641, , , , , , , 7.7541923, 0.0046998, , , , , , , , , , , , , , , , , , , , , , , , , , , , 
7.7547115, 0.0223239, , , , , , , 7.7547115, -0.0082246, , , , , , , 7.7547115, -0.0045319, , , , , , , 7.7547115, 0.0011749, , , , , , , , , , , , , , , , , , , , , , , , , , , , 
7.7552308, 0.0287022, , , , , , , 7.7552308, -0.0082246, , , , , , , 7.7552308, -0.0063783, , , , , , , 7.7552308, -0.002182, , , , , , , , , , , , , , , , , , , , , , , , , , , , 
7.75575, 0.030045, , , , , , , 7.75575, -0.008896, , , , , , , 7.75575, -0.0087282, , , , , , , 7.75575, -0.0065461, , , , , , , , , , , , , , , , , , , , , , , , , , , , 
7.7562692, 0.0287022, , , , , , , 7.7562692, -0.0058747, , , , , , , 7.7562692, -0.0099031, , , , , , , 7.7562692, -0.0070497, , , , , , , , , , , , , , , , , , , , , , , , , , , , 
7.7567885, 0.0293736, , , , , , , 7.7567885, -0.005539, , , , , , , 7.7567885, -0.0092317, , , , , , , 7.7567885, -0.0068818, , , , , , , , , , , , , , , , , , , , , , , , , , , , 
7.7573077, 0.0297093, , , , , , , 7.7573077, -0.0075532, , , , , , , 7.7573077, -0.0078889, , , , , , , 7.7573077, -0.0041962, , , , , , , , , , , , , , , , , , , , , , , , , , , , 
7.7578269, 0.026688, , , , , , , 7.7578269, -0.0068818, , , , , , , 7.7578269, -0.0085603, , , , , , , 7.7578269, 0.0011749, , , , , , , , , , , , , , , , , , , , , , , , , , , , 
7.7583462, 0.0209812, , , , , , , 7.7583462, -0.0072175, , , , , , , 7.7583462, -0.0090639, , , , , , , 7.7583462, 0.0045319, , , , , , , , , , , , , , , , , , , , , , , , , , , , 
7.7588654, 0.0193027, , , , , , , 7.7588654, -0.0099031, , , , , , , 7.7588654, -0.0095674, , , , , , , 7.7588654, 0.0048676, , , , , , , , , , , , , , , , , , , , , , , , , , , , 
7.7593846, 0.0209812, , , , , , , 7.7593846, -0.0099031, , , , , , , 7.7593846, -0.0109102, , , , , , , 7.7593846, 0.005539, , , , , , , , , , , , , , , , , , , , , , , , , , , , 
7.7599038, 0.0199741, , , , , , , 7.7599038, -0.0095674, , , , , , , 7.7599038, -0.0102388, , , , , , , 7.7599038, 0.0048676, , , , , , , , , , , , , , , , , , , , , , , , , , , , 
7.7604231, 0.0203098, , , , , , , 7.7604231, -0.0109102, , , , , , , 7.7604231, -0.0085603, , , , , , , 7.7604231, 0.0018463, , , , , , , , , , , , , , , , , , , , , , , , , , , , 
7.7609423, 0.0253452, , , , , , , 7.7609423, -0.0112459, , , , , , , 7.7609423, -0.0095674, , , , , , , 7.7609423, -0.0035248, , , , , , , , , , , , , , , , , , , , , , , , , , , , 
7.7614615, 0.0280308, , , , , , , 7.7614615, -0.0099031, , , , , , , 7.7614615, -0.0109102, , , , , , , 7.7614615, -0.0068818, , , , , , , , , , , , , , , , , , , , , , , , , , , , 
7.7619808, 0.0327306, , , , , , , 7.7619808, -0.008896, , , , , , , 7.7619808, -0.0099031, , , , , , , 7.7619808, -0.0068818, , , , , , , , , , , , , , , , , , , , , , , , , , , , 
7.7625, 0.0354162, , , , , , , 7.7625, -0.008896, , , , , , , 7.7625, -0.0095674, , , , , , , 7.7625, -0.0068818, , , , , , , , , , , , , , , , , , , , , , , , , , , , 
7.7630192, 0.033402, , , , , , , 7.7630192, -0.0102388, , , , , , , 7.7630192, -0.0109102, , , , , , , 7.7630192, -0.0065461, , , , , , , , , , , , , , , , , , , , , , , , , , , , 
7.7635385, 0.0290379, , , , , , , 7.7635385, -0.011078, , , , , , , 7.7635385, -0.0114137, , , , , , , 7.7635385, -0.0063783, , , , , , , , , , , , , , , , , , , , , , , , , , , , 
7.7640577, 0.0223239, , , , , , , 7.7640577, -0.0095674, , , , , , , 7.7640577, -0.0109102, , , , , , , 7.7640577, -0.0062104, , , , , , , , , , , , , , , , , , , , , , , , , , , , 
7.7645769, 0.0152743, , , , , , , 7.7645769, -0.005539, , , , , , , 7.7645769, -0.0085603, , , , , , , 7.7645769, -0.0031891, , , , , , , , , , , , , , , , , , , , , , , , , , , , 
7.7650962, 0.0072175, , , , , , , 7.7650962, -0.0038605, , , , , , , 7.7650962, -0.008896, , , , , , , 7.7650962, -0.0001678, , , , , , , , , , , , , , , , , , , , , , , , , , , , 
7.7656154, 0.0015106, , , , , , , 7.7656154, -0.0060426, , , , , , , 7.7656154, -0.0102388, , , , , , , 7.7656154, 0.0038605, , , , , , , , , , , , , , , , , , , , , , , , , , , , 
7.7661346, -0.0011749, , , , , , , 7.7661346, -0.0095674, , , , , , , 7.7661346, -0.008896, , , , , , , 7.7661346, 0.0099031, , , , , , , , , , , , , , , , , , , , , , , , , , , , 
7.7666538, -0.0046998, , , , , , , 7.7666538, -0.0119173, , , , , , , 7.7666538, -0.0058747, , , , , , , 7.7666538, 0.0176242, , , , , , , , , , , , , , , , , , , , , , , , , , , , 
7.7671731, -0.0112459, , , , , , , 7.7671731, -0.0109102, , , , , , , 7.7671731, -0.0052033, , , , , , , 7.7671731, 0.0260166, , , , , , , , , , , , , , , , , , , , , , , , , , , , 
7.7676923, -0.0213169, , , , , , , 7.7676923, -0.0102388, , , , , , , 7.7676923, -0.0041962, , , , , , , 7.7676923, 0.033402, , , , , , , , , , , , , , , , , , , , , , , , , , , , 
7.7682115, -0.0290379, , , , , , , 7.7682115, -0.0117494, , , , , , , 7.7682115, -0.0025177, , , , , , , 7.7682115, 0.0387732, , , , , , , , , , , , , , , , , , , , , , , , , , , , 
7.7687308, -0.0303807, , , , , , , 7.7687308, -0.0105745, , , , , , , 7.7687308, -0.0001678, , , , , , , 7.7687308, 0.0421302, , , , , , , , , , , , , , , , , , , , , , , , , , , , 
7.76925, -0.0290379, , , , , , , 7.76925, -0.0102388, , , , , , , 7.76925, 0.0010071, , , , , , , 7.76925, 0.0454871, , , , , , , , , , , , , , , , , , , , , , , , , , , , 
7.7697692, -0.0305486, , , , , , , 7.7697692, -0.0109102, , , , , , , 7.7697692, 0.0011749, , , , , , , 7.7697692, 0.0461585, , , , , , , , , , , , , , , , , , , , , , , , , , , , 
7.7702885, -0.0310521, , , , , , , 7.7702885, -0.0105745, , , , , , , 7.7702885, -0.0001678, , , , , , , 7.7702885, 0.0414588, , , , , , , , , , , , , , , , , , , , , , , , , , , , 
7.7708077, -0.0302129, , , , , , , 7.7708077, -0.0102388, , , , , , , 7.7708077, -0.0031891, , , , , , , 7.7708077, 0.0354162, , , , , , , , , , , , , , , , , , , , , , , , , , , , 
7.7713269, -0.0270237, , , , , , , 7.7713269, -0.0099031, , , , , , , 7.7713269, -0.003357, , , , , , , 7.7713269, 0.0330663, , , , , , , , , , , , , , , , , , , , , , , , , , , , 
7.7718462, -0.0206455, , , , , , , 7.7718462, -0.0095674, , , , , , , 7.7718462, -0.0018463, , , , , , , 7.7718462, 0.030045, , , , , , , , , , , , , , , , , , , , , , , , , , , , 
7.7723654, -0.008896, , , , , , , 7.7723654, -0.0082246, , , , , , , 7.7723654, -0.0015106, , , , , , , 7.7723654, 0.0260166, , , , , , , , , , , , , , , , , , , , , , , , , , , , 
7.7728846, 0.0008392, , , , , , , 7.7728846, -0.0062104, , , , , , , 7.7728846, -0.0018463, , , , , , , 7.7728846, 0.0223239, , , , , , , , , , , , , , , , , , , , , , , , , , , , 
7.7734038, 0.0025177, , , , , , , 7.7734038, -0.0062104, , , , , , , 7.7734038, -0.0035248, , , , , , , 7.7734038, 0.0184634, , , , , , , , , , , , , , , , , , , , , , , , , , , , 
7.7739231, -0.0003357, , , , , , , 7.7739231, -0.0075532, , , , , , , 7.7739231, -0.0041962, , , , , , , 7.7739231, 0.017792, , , , , , , , , , , , , , , , , , , , , , , , , , , , 
7.7744423, 0.0011749, , , , , , , 7.7744423, -0.0087282, , , , , , , 7.7744423, -0.0028534, , , , , , , 7.7744423, 0.0169528, , , , , , , , , , , , , , , , , , , , , , , , , , , , 
7.7749615, 0.0062104, , , , , , , 7.7749615, -0.0092317, , , , , , , 7.7749615, -0.003357, , , , , , , 7.7749615, 0.0157778, , , , , , , , , , , , , , , , , , , , , , , , , , , , 
7.7754808, 0.0082246, , , , , , , 7.7754808, -0.008896, , , , , , , 7.7754808, -0.0045319, , , , , , , 7.7754808, 0.0152743, , , , , , , , , , , , , , , , , , , , , , , , , , , , 
7.776, 0.0053712, , , , , , , 7.776, -0.0072175, , , , , , , 7.776, -0.0065461, , , , , , , 7.776, 0.014435, , , , , , , , , , , , , , , , , , , , , , , , , , , , 
7.7765192, 0.0005035, , , , , , , 7.7765192, -0.0068818, , , , , , , 7.7765192, -0.0087282, , , , , , , 7.7765192, 0.0119173, , , , , , , , , , , , , , , , , , , , , , , , , , , , 
7.7770385, -0.0008392, , , , , , , 7.7770385, -0.0078889, , , , , , , 7.7770385, -0.0082246, , , , , , , 7.7770385, 0.0105745, , , , , , , , , , , , , , , , , , , , , , , , , , , , 
7.7775577, 0.0015106, , , , , , , 7.7775577, -0.0072175, , , , , , , 7.7775577, -0.0078889, , , , , , , 7.7775577, 0.0112459, , , , , , , , , , , , , , , , , , , , , , , , , , , , 
7.7780769, 0.0052033, , , , , , , 7.7780769, -0.0065461, , , , , , , 7.7780769, -0.0065461, , , , , , , 7.7780769, 0.0115816, , , , , , , , , , , , , , , , , , , , , , , , , , , , 
7.7785962, 0.0052033, , , , , , , 7.7785962, -0.0075532, , , , , , , 7.7785962, -0.0058747, , , , , , , 7.7785962, 0.0105745, , , , , , , , , , , , , , , , , , , , , , , , , , , , 
7.7791154, 0.0041962, , , , , , , 7.7791154, -0.0082246, , , , , , , 7.7791154, -0.0082246, , , , , , , 7.7791154, 0.0082246, , , , , , , , , , , , , , , , , , , , , , , , , , , , 
7.7796346, 0.0072175, , , , , , , 7.7796346, -0.0082246, , , , , , , 7.7796346, -0.008896, , , , , , , 7.7796346, 0.005539, , , , , , , , , , , , , , , , , , , , , , , , , , , , 
7.7801538, 0.0152743, , , , , , , 7.7801538, -0.0082246, , , , , , , 7.7801538, -0.0075532, , , , , , , 7.7801538, 0.0038605, , , , , , , , , , , , , , , , , , , , , , , , , , , , 
7.7806731, 0.0273594, , , , , , , 7.7806731, -0.008896, , , , , , , 7.7806731, -0.0072175, , , , , , , 7.7806731, 0.0005035, , , , , , , , , , , , , , , , , , , , , , , , , , , , 
7.7811923, 0.0372625, , , , , , , 7.7811923, -0.0102388, , , , , , , 7.7811923, -0.008896, , , , , , , 7.7811923, -0.0035248, , , , , , , , , , , , , , , , , , , , , , , , , , , , 
7.7817115, 0.0381018, , , , , , , 7.7817115, -0.008896, , , , , , , 7.7817115, -0.0115816, , , , , , , 7.7817115, -0.0065461, , , , , , , , , , , , , , , , , , , , , , , , , , , , 
7.7822308, 0.0374304, , , , , , , 7.7822308, -0.005539, , , , , , , 7.7822308, -0.0129244, , , , , , , 7.7822308, -0.0072175, , , , , , , , , , , , , , , , , , , , , , , , , , , , 
7.78275, 0.0394446, , , , , , , 7.78275, -0.005539, , , , , , , 7.78275, -0.0119173, , , , , , , 7.78275, -0.0075532, , , , , , , , , , , , , , , , , , , , , , , , , , , , 
7.7832692, 0.0381018, , , , , , , 7.7832692, -0.0062104, , , , , , , 7.7832692, -0.0129244, , , , , , , 7.7832692, -0.0062104, , , , , , , , , , , , , , , , , , , , , , , , , , , , 
7.7837885, 0.0327306, , , , , , , 7.7837885, -0.005539, , , , , , , 7.7837885, -0.0142672, , , , , , , 7.7837885, -0.0043641, , , , , , , , , , , , , , , , , , , , , , , , , , , , 
7.7843077, 0.0213169, , , , , , , 7.7843077, -0.002182, , , , , , , 7.7843077, -0.0142672, , , , , , , 7.7843077, -0.0005035, , , , , , , , , , , , , , , , , , , , , , , , , , , , 
7.7848269, 0.0125887, , , , , , , 7.7848269, -0.0011749, , , , , , , 7.7848269, -0.012253, , , , , , , 7.7848269, 0.0038605, , , , , , , , , , , , , , , , , , , , , , , , , , , , 
7.7853462, 0.0083925, , , , , , , 7.7853462, -0.0030213, , , , , , , 7.7853462, -0.0102388, , , , , , , 7.7853462, 0.0065461, , , , , , , , , , , , , , , , , , , , , , , , , , , , 
7.7858654, 0.0065461, , , , , , , 7.7858654, -0.0048676, , , , , , , 7.7858654, -0.0109102, , , , , , , 7.7858654, 0.0092317, , , , , , , , , , , , , , , , , , , , , , , , , , , , 
7.7863846, 0.0031891, , , , , , , 7.7863846, -0.0068818, , , , , , , 7.7863846, -0.0095674, , , , , , , 7.7863846, 0.01561, , , , , , , , , , , , , , , , , , , , , , , , , , , , 
7.7869038, -0.0041962, , , , , , , 7.7869038, -0.0072175, , , , , , , 7.7869038, -0.0075532, , , , , , , 7.7869038, 0.023331, , , , , , , , , , , , , , , , , , , , , , , , , , , , 
7.7874231, -0.0137636, , , , , , , 7.7874231, -0.0075532, , , , , , , 7.7874231, -0.005539, , , , , , , 7.7874231, 0.0298772, , , , , , , , , , , , , , , , , , , , , , , , , , , , 
7.7879423, -0.0229953, , , , , , , 7.7879423, -0.0078889, , , , , , , 7.7879423, -0.0048676, , , , , , , 7.7879423, 0.0360876, , , , , , , , , , , , , , , , , , , , , , , , , , , , 
7.7884615, -0.0276951, , , , , , , 7.7884615, -0.0072175, , , , , , , 7.7884615, -0.0050355, , , , , , , 7.7884615, 0.0386053, , , , , , , , , , , , , , , , , , , , , , , , , , , , 
7.7889808, -0.0283665, , , , , , , 7.7889808, -0.0075532, , , , , , , 7.7889808, -0.0068818, , , , , , , 7.7889808, 0.0374304, , , , , , , , , , , , , , , , , , , , , , , , , , , , 
7.7895, -0.0297093, , , , , , , 7.7895, -0.0065461, , , , , , , 7.7895, -0.0065461, , , , , , , 7.7895, 0.0374304, , , , , , , , , , , , , , , , , , , , , , , , , , , , 
7.7900192, -0.0317235, , , , , , , 7.7900192, -0.0075532, , , , , , , 7.7900192, -0.0046998, , , , , , , 7.7900192, 0.0381018, , , , , , , , , , , , , , , , , , , , , , , , , , , , 
7.7905385, -0.0318914, , , , , , , 7.7905385, -0.008896, , , , , , , 7.7905385, -0.0031891, , , , , , , 7.7905385, 0.0344091, , , , , , , , , , , , , , , , , , , , , , , , , , , , 
7.7910577, -0.0290379, , , , , , , 7.7910577, -0.008896, , , , , , , 7.7910577, -0.0031891, , , , , , , 7.7910577, 0.0276951, , , , , , , , , , , , , , , , , , , , , , , , , , , , 
7.7915769, -0.0229953, , , , , , , 7.7915769, -0.0095674, , , , , , , 7.7915769, -0.0036927, , , , , , , 7.7915769, 0.0209812, , , , , , , , , , , , , , , , , , , , , , , , , , , , 
7.7920962, -0.0137636, , , , , , , 7.7920962, -0.0095674, , , , , , , 7.7920962, -0.005539, , , , , , , 7.7920962, 0.0159457, , , , , , , , , , , , , , , , , , , , , , , , , , , , 
7.7926154, -0.0099031, , , , , , , 7.7926154, -0.0082246, , , , , , , 7.7926154, -0.0068818, , , , , , , 7.7926154, 0.0151064, , , , , , , , , , , , , , , , , , , , , , , , , , , , 
7.7931346, -0.0104067, , , , , , , 7.7931346, -0.0075532, , , , , , , 7.7931346, -0.0068818, , , , , , , 7.7931346, 0.0159457, , , , , , , , , , , , , , , , , , , , , , , , , , , , 
7.7936538, -0.010071, , , , , , , 7.7936538, -0.0063783, , , , , , , 7.7936538, -0.0063783, , , , , , , 7.7936538, 0.0152743, , , , , , , , , , , , , , , , , , , , , , , , , , , , 
7.7941731, -0.0065461, , , , , , , 7.7941731, -0.0050355, , , , , , , 7.7941731, -0.0058747, , , , , , , 7.7941731, 0.0146029, , , , , , , , , , , , , , , , , , , , , , , , , , , , 
7.7946923, -0.0058747, , , , , , , 7.7946923, -0.0048676, , , , , , , 7.7946923, -0.0082246, , , , , , , 7.7946923, 0.0139315, , , , , , , , , , , , , , , , , , , , , , , , , , , , 
7.7952115, -0.0072175, , , , , , , 7.7952115, -0.0062104, , , , , , , 7.7952115, -0.0109102, , , , , , , 7.7952115, 0.0129244, , , , , , , , , , , , , , , , , , , , , , , , , , , , 
7.7957308, -0.005539, , , , , , , 7.7957308, -0.0068818, , , , , , , 7.7957308, -0.0097353, , , , , , , 7.7957308, 0.0095674, , , , , , , , , , , , , , , , , , , , , , , , , , , , 
7.79625, 0.0001678, , , , , , , 7.79625, -0.0062104, , , , , , , 7.79625, -0.0095674, , , , , , , 7.79625, 0.0038605, , , , , , , , , , , , , , , , , , , , , , , , , , , , 
7.7967692, 0.0072175, , , , , , , 7.7967692, -0.008896, , , , , , , 7.7967692, -0.0099031, , , , , , , 7.7967692, 0.0011749, , , , , , , , , , , , , , , , , , , , , , , , , , , , 
7.7972885, 0.0102388, , , , , , , 7.7972885, -0.0102388, , , , , , , 7.7972885, -0.0115816, , , , , , , 7.7972885, 0.002182, , , , , , , , , , , , , , , , , , , , , , , , , , , , 
7.7978077, 0.0065461, , , , , , , 7.7978077, -0.008896, , , , , , , 7.7978077, -0.0135958, , , , , , , 7.7978077, 0.0018463, , , , , , , , , , , , , , , , , , , , , , , , , , , , 
7.7983269, 0.0065461, , , , , , , 7.7983269, -0.0090639, , , , , , , 7.7983269, -0.0130922, , , , , , , 7.7983269, 0.0015106, , , , , , , , , , , , , , , , , , , , , , , , , , , , 
7.7988462, 0.0115816, , , , , , , 7.7988462, -0.0097353, , , , , , , 7.7988462, -0.0127565, , , , , , , 7.7988462, 0.0016785, , , , , , , , , , , , , , , , , , , , , , , , , , , , 
7.7993654, 0.0129244, , , , , , , 7.7993654, -0.0102388, , , , , , , 7.7993654, -0.0119173, , , , , , , 7.7993654, 0.0018463, , , , , , , , , , , , , , , , , , , , , , , , , , , , 
7.7998846, 0.0104067, , , , , , , 7.7998846, -0.008896, , , , , , , 7.7998846, -0.012253, , , , , , , 7.7998846, 0.0008392, , , , , , , , , , , , , , , , , , , , , , , , , , , , 
7.8004038, 0.0112459, , , , , , , 7.8004038, -0.0078889, , , , , , , 7.8004038, -0.0132601, , , , , , , 7.8004038, -0.0041962, , , , , , , , , , , , , , , , , , , , , , , , , , , , 
7.8009231, 0.0157778, , , , , , , 7.8009231, -0.0082246, , , , , , , 7.8009231, -0.0139315, , , , , , , 7.8009231, -0.0085603, , , , , , , , , , , , , , , , , , , , , , , , , , , , 
7.8014423, 0.0231632, , , , , , , 7.8014423, -0.0075532, , , , , , , 7.8014423, -0.0125887, , , , , , , 7.8014423, -0.0112459, , , , , , , , , , , , , , , , , , , , , , , , , , , , 
7.8019615, 0.0243381, , , , , , , 7.8019615, -0.0077211, , , , , , , 7.8019615, -0.012253, , , , , , , 7.8019615, -0.0125887, , , , , , , , , , , , , , , , , , , , , , , , , , , , 
7.8024808, 0.0219883, , , , , , , 7.8024808, -0.0085603, , , , , , , 7.8024808, -0.012253, , , , , , , 7.8024808, -0.0129244, , , , , , , , , , , , , , , , , , , , , , , , , , , , 
7.803, 0.0216526, , , , , , , 7.803, -0.0080568, , , , , , , 7.803, -0.0129244, , , , , , , 7.803, -0.0139315, , , , , , , , , , , , , , , , , , , , , , , , , , , , 
7.8035192, 0.0226596, , , , , , , 7.8035192, -0.0068818, , , , , , , 7.8035192, -0.0129244, , , , , , , 7.8035192, -0.0129244, , , , , , , , , , , , , , , , , , , , , , , , , , , , 
7.8040385, 0.0236667, , , , , , , 7.8040385, -0.0070497, , , , , , , 7.8040385, -0.011078, , , , , , , 7.8040385, -0.0073854, , , , , , , , , , , , , , , , , , , , , , , , , , , , 
7.8045577, 0.0199741, , , , , , , 7.8045577, -0.0070497, , , , , , , 7.8045577, -0.0104067, , , , , , , 7.8045577, 0.0001678, , , , , , , , , , , , , , , , , , , , , , , , , , , , 
7.8050769, 0.0139315, , , , , , , 7.8050769, -0.0063783, , , , , , , 7.8050769, -0.0102388, , , , , , , 7.8050769, 0.0062104, , , , , , , , , , , , , , , , , , , , , , , , , , , , 
7.8055962, 0.0097353, , , , , , , 7.8055962, -0.0052033, , , , , , , 7.8055962, -0.0099031, , , , , , , 7.8055962, 0.0109102, , , , , , , , , , , , , , , , , , , , , , , , , , , , 
7.8061154, 0.0102388, , , , , , , 7.8061154, -0.0041962, , , , , , , 7.8061154, -0.0075532, , , , , , , 7.8061154, 0.0135958, , , , , , , , , , , , , , , , , , , , , , , , , , , , 
7.8066346, 0.008896, , , , , , , 7.8066346, -0.0052033, , , , , , , 7.8066346, -0.0048676, , , , , , , 7.8066346, 0.0184634, , , , , , , , , , , , , , , , , , , , , , , , , , , , 
7.8071538, 0.0018463, , , , , , , 7.8071538, -0.0072175, , , , , , , 7.8071538, -0.0036927, , , , , , , 7.8071538, 0.0246738, , , , , , , , , , , , , , , , , , , , , , , , , , , , 
7.8076731, -0.0041962, , , , , , , 7.8076731, -0.0082246, , , , , , , 7.8076731, -0.0030213, , , , , , , 7.8076731, 0.0285344, , , , , , , , , , , , , , , , , , , , , , , , , , , , 
7.8081923, -0.0068818, , , , , , , 7.8081923, -0.0072175, , , , , , , 7.8081923, -0.0008392, , , , , , , 7.8081923, 0.0339055, , , , , , , , , , , , , , , , , , , , , , , , , , , , 
7.8087115, -0.008896, , , , , , , 7.8087115, -0.0072175, , , , , , , 7.8087115, -0.0015106, , , , , , , 7.8087115, 0.0404517, , , , , , , , , , , , , , , , , , , , , , , , , , , , 
7.8092308, -0.0115816, , , , , , , 7.8092308, -0.0085603, , , , , , , 7.8092308, -0.0031891, , , , , , , 7.8092308, 0.0441444, , , , , , , , , , , , , , , , , , , , , , , , , , , , 
7.80975, -0.0125887, , , , , , , 7.80975, -0.0077211, , , , , , , 7.80975, -0.002182, , , , , , , 7.80975, 0.0454871, , , , , , , , , , , , , , , , , , , , , , , , , , , , 
7.8102692, -0.0099031, , , , , , , 7.8102692, -0.0068818, , , , , , , 7.8102692, -0.0011749, , , , , , , 7.8102692, 0.043473, , , , , , , , , , , , , , , , , , , , , , , , , , , , 
7.8107885, -0.0001678, , , , , , , 7.8107885, -0.0068818, , , , , , , 7.8107885, -0.0011749, , , , , , , 7.8107885, 0.035584, , , , , , , , , , , , , , , , , , , , , , , , , , , , 
7.8113077, 0.0078889, , , , , , , 7.8113077, -0.008896, , , , , , , 7.8113077, -0.0041962, , , , , , , 7.8113077, 0.026688, , , , , , , , , , , , , , , , , , , , , , , , , , , , 
7.8118269, 0.0115816, , , , , , , 7.8118269, -0.0075532, , , , , , , 7.8118269, -0.0052033, , , , , , , 7.8118269, 0.0240024, , , , , , , , , , , , , , , , , , , , , , , , , , , , 
7.8123462, 0.0135958, , , , , , , 7.8123462, -0.005539, , , , , , , 7.8123462, -0.0031891, , , , , , , 7.8123462, 0.0223239, , , , , , , , , , , , , , , , , , , , , , , , , , , , 
7.8128654, 0.017792, , , , , , , 7.8128654, -0.0041962, , , , , , , 7.8128654, -0.0058747, , , , , , , 7.8128654, 0.0199741, , , , , , , , , , , , , , , , , , , , , , , , , , , , 
7.8133846, 0.0223239, , , , , , , 7.8133846, -0.0046998, , , , , , , 7.8133846, -0.008896, , , , , , , 7.8133846, 0.0169528, , , , , , , , , , , , , , , , , , , , , , , , , , , , 
7.8139038, 0.0276951, , , , , , , 7.8139038, -0.0075532, , , , , , , 7.8139038, -0.0075532, , , , , , , 7.8139038, 0.0139315, , , , , , , , , , , , , , , , , , , , , , , , , , , , 
7.8144231, 0.0357519, , , , , , , 7.8144231, -0.0092317, , , , , , , 7.8144231, -0.0048676, , , , , , , 7.8144231, 0.0129244, , , , , , , , , , , , , , , , , , , , , , , , , , , , 
7.8149423, 0.0421302, , , , , , , 7.8149423, -0.0095674, , , , , , , 7.8149423, -0.0031891, , , , , , , 7.8149423, 0.0105745, , , , , , , , , , , , , , , , , , , , , , , , , , , , 
7.8154615, 0.0454871, , , , , , , 7.8154615, -0.0099031, , , , , , , 7.8154615, -0.0031891, , , , , , , 7.8154615, 0.0092317, , , , , , , , , , , , , , , , , , , , , , , , , , , , 
7.8159808, 0.0501869, , , , , , , 7.8159808, -0.0097353, , , , , , , 7.8159808, -0.0041962, , , , , , , 7.8159808, 0.0102388, , , , , , , , , , , , , , , , , , , , , , , , , , , , 
7.8165, 0.0540475, , , , , , , 7.8165, -0.0095674, , , , , , , 7.8165, -0.0038605, , , , , , , 7.8165, 0.0095674, , , , , , , , , , , , , , , , , , , , , , , , , , , , 
7.8170192, 0.0569009, , , , , , , 7.8170192, -0.0090639, , , , , , , 7.8170192, -0.0041962, , , , , , , 7.8170192, 0.0075532, , , , , , , , , , , , , , , , , , , , , , , , , , , , 
7.8175385, 0.0614328, , , , , , , 7.8175385, -0.0082246, , , , , , , 7.8175385, -0.0075532, , , , , , , 7.8175385, 0.0077211, , , , , , , , , , , , , , , , , , , , , , , , , , , , 
7.8180577, 0.0649577, , , , , , , 7.8180577, -0.0075532, , , , , , , 7.8180577, -0.0112459, , , , , , , 7.8180577, 0.0092317, , , , , , , , , , , , , , , , , , , , , , , , , , , , 
7.8185769, 0.0616007, , , , , , , 7.8185769, -0.0090639, , , , , , , 7.8185769, -0.0125887, , , , , , , 7.8185769, 0.0095674, , , , , , , , , , , , , , , , , , , , , , , , , , , , 
7.8190962, 0.0540475, , , , , , , 7.8190962, -0.0099031, , , , , , , 7.8190962, -0.0115816, , , , , , , 7.8190962, 0.0092317, , , , , , , , , , , , , , , , , , , , , , , , , , , , 
7.8196154, 0.0515297, , , , , , , 7.8196154, -0.0092317, , , , , , , 7.8196154, -0.0109102, , , , , , , 7.8196154, 0.0065461, , , , , , , , , , , , , , , , , , , , , , , , , , , , 
7.8201346, 0.0552224, , , , , , , 7.8201346, -0.008896, , , , , , , 7.8201346, -0.0115816, , , , , , , 7.8201346, 0.0010071, , , , , , , , , , , , , , , , , , , , , , , , , , , , 
7.8206538, 0.06009, , , , , , , 7.8206538, -0.008896, , , , , , , 7.8206538, -0.0137636, , , , , , , 7.8206538, -0.0050355, , , , , , , , , , , , , , , , , , , , , , , , , , , , 
7.8211731, 0.0642863, , , , , , , 7.8211731, -0.0092317, , , , , , , 7.8211731, -0.0130922, , , , , , , 7.8211731, -0.0072175, , , , , , , , , , , , , , , , , , , , , , , , , , , , 
7.8216923, 0.0663005, , , , , , , 7.8216923, -0.0085603, , , , , , , 7.8216923, -0.0109102, , , , , , , 7.8216923, -0.0075532, , , , , , , , , , , , , , , , , , , , , , , , , , , , 
7.8222115, 0.0676432, , , , , , , 7.8222115, -0.008896, , , , , , , 7.8222115, -0.0124208, , , , , , , 7.8222115, -0.0095674, , , , , , , , , , , , , , , , , , , , , , , , , , , , 
7.8227308, 0.0632792, , , , , , , 7.8227308, -0.0095674, , , , , , , 7.8227308, -0.0130922, , , , , , , 7.8227308, -0.0119173, , , , , , , , , , , , , , , , , , , , , , , , , , , , 
7.82325, 0.0548867, , , , , , , 7.82325, -0.0109102, , , , , , , 7.82325, -0.0109102, , , , , , , 7.82325, -0.0125887, , , , , , , , , , , , , , , , , , , , , , , , , , , , 
7.8237692, 0.0508583, , , , , , , 7.8237692, -0.0115816, , , , , , , 7.8237692, -0.0092317, , , , , , , 7.8237692, -0.0082246, , , , , , , , , , , , , , , , , , , , , , , , , , , , 
7.8242885, 0.0518654, , , , , , , 7.8242885, -0.0099031, , , , , , , 7.8242885, -0.0092317, , , , , , , 7.8242885, -0.002182, , , , , , , , , , , , , , , , , , , , , , , , , , , , 
7.8248077, 0.0421302, , , , , , , 7.8248077, -0.0078889, , , , , , , 7.8248077, -0.0082246, , , , , , , 7.8248077, 0.0048676, , , , , , , , , , , , , , , , , , , , , , , , , , , , 
7.8253269, 0.0273594, , , , , , , 7.8253269, -0.008896, , , , , , , 7.8253269, -0.0068818, , , , , , , 7.8253269, 0.0112459, , , , , , , , , , , , , , , , , , , , , , , , , , , , 
7.8258462, 0.0159457, , , , , , , 7.8258462, -0.0117494, , , , , , , 7.8258462, -0.0062104, , , , , , , 7.8258462, 0.0159457, , , , , , , , , , , , , , , , , , , , , , , , , , , , 
7.8263654, 0.0092317, , , , , , , 7.8263654, -0.0125887, , , , , , , 7.8263654, -0.0052033, , , , , , , 7.8263654, 0.0199741, , , , , , , , , , , , , , , , , , , , , , , , , , , , 
7.8268846, 0.002182, , , , , , , 7.8268846, -0.0117494, , , , , , , 7.8268846, -0.002182, , , , , , , 7.8268846, 0.0253452, , , , , , , , , , , , , , , , , , , , , , , , , , , , 
7.8274038, -0.0015106, , , , , , , 7.8274038, -0.0102388, , , , , , , 7.8274038, -0.0011749, , , , , , , 7.8274038, 0.03122, , , , , , , , , , , , , , , , , , , , , , , , , , , , 
7.8279231, -0.0008392, , , , , , , 7.8279231, -0.010071, , , , , , , 7.8279231, -0.0035248, , , , , , , 7.8279231, 0.0350805, , , , , , , , , , , , , , , , , , , , , , , , , , , , 
7.8284423, -0.0018463, , , , , , , 7.8284423, -0.0099031, , , , , , , 7.8284423, -0.0048676, , , , , , , 7.8284423, 0.0381018, , , , , , , , , , , , , , , , , , , , , , , , , , , , 
7.8289615, -0.005539, , , , , , , 7.8289615, -0.0102388, , , , , , , 7.8289615, -0.0041962, , , , , , , 7.8289615, 0.0406195, , , , , , , , , , , , , , , , , , , , , , , , , , , , 
7.8294808, -0.011078, , , , , , , 7.8294808, -0.0095674, , , , , , , 7.8294808, -0.0023499, , , , , , , 7.8294808, 0.04448, , , , , , , , , , , , , , , , , , , , , , , , , , , , 
7.83, -0.0135958, , , , , , , 7.83, -0.0083925, , , , , , , 7.83, -0.0006714, , , , , , , 7.83, 0.0454871, , , , , , , , , , , , , , , , , , , , , , , , , , , , 
7.8305192, -0.0112459, , , , , , , 7.8305192, -0.0062104, , , , , , , 7.8305192, -0.0008392, , , , , , , 7.8305192, 0.0411231, , , , , , , , , , , , , , , , , , , , , , , , , , , , 
7.8310385, -0.0065461, , , , , , , 7.8310385, -0.005539, , , , , , , 7.8310385, -0.0020142, , , , , , , 7.8310385, 0.0344091, , , , , , , , , , , , , , , , , , , , , , , , , , , , 
7.8315577, -0.0015106, , , , , , , 7.8315577, -0.0048676, , , , , , , 7.8315577, -0.0030213, , , , , , , 7.8315577, 0.0280308, , , , , , , , , , , , , , , , , , , , , , , , , , , , 
7.8320769, 0.003357, , , , , , , 7.8320769, -0.0062104, , , , , , , 7.8320769, -0.0018463, , , , , , , 7.8320769, 0.0226596, , , , , , , , , , , , , , , , , , , , , , , , , , , , 
7.8325962, 0.0075532, , , , , , , 7.8325962, -0.0082246, , , , , , , 7.8325962, -0.0011749, , , , , , , 7.8325962, 0.0196384, , , , , , , , , , , , , , , , , , , , , , , , , , , , 
7.8331154, 0.0105745, , , , , , , 7.8331154, -0.0090639, , , , , , , 7.8331154, -0.0035248, , , , , , , 7.8331154, 0.0172885, , , , , , , , , , , , , , , , , , , , , , , , , , , , 
7.8336346, 0.0105745, , , , , , , 7.8336346, -0.0072175, , , , , , , 7.8336346, -0.0062104, , , , , , , 7.8336346, 0.0139315, , , , , , , , , , , , , , , , , , , , , , , , , , , , 
7.8341538, 0.0099031, , , , , , , 7.8341538, -0.0057069, , , , , , , 7.8341538, -0.0078889, , , , , , , 7.8341538, 0.0112459, , , , , , , , , , , , , , , , , , , , , , , , , , , , 
7.8346731, 0.008896, , , , , , , 7.8346731, -0.0068818, , , , , , , 7.8346731, -0.0092317, , , , , , , 7.8346731, 0.011078, , , , , , , , , , , , , , , , , , , , , , , , , , , , 
7.8351923, 0.0125887, , , , , , , 7.8351923, -0.0075532, , , , , , , 7.8351923, -0.0082246, , , , , , , 7.8351923, 0.0105745, , , , , , , , , , , , , , , , , , , , , , , , , , , , 
7.8357115, 0.0164492, , , , , , , 7.8357115, -0.0057069, , , , , , , 7.8357115, -0.0041962, , , , , , , 7.8357115, 0.0099031, , , , , , , , , , , , , , , , , , , , , , , , , , , , 
7.8362308, 0.0146029, , , , , , , 7.8362308, -0.0052033, , , , , , , 7.8362308, -0.0035248, , , , , , , 7.8362308, 0.0095674, , , , , , , , , , , , , , , , , , , , , , , , , , , , 
7.83675, 0.0152743, , , , , , , 7.83675, -0.0041962, , , , , , , 7.83675, -0.0062104, , , , , , , 7.83675, 0.0078889, , , , , , , , , , , , , , , , , , , , , , , , , , , , 
7.8372692, 0.021149, , , , , , , 7.8372692, -0.0052033, , , , , , , 7.8372692, -0.0075532, , , , , , , 7.8372692, 0.0072175, , , , , , , , , , , , , , , , , , , , , , , , , , , , 
7.8377885, 0.0273594, , , , , , , 7.8377885, -0.0068818, , , , , , , 7.8377885, -0.0075532, , , , , , , 7.8377885, 0.0075532, , , , , , , , , , , , , , , , , , , , , , , , , , , , 
7.8383077, 0.0238346, , , , , , , 7.8383077, -0.0063783, , , , , , , 7.8383077, -0.0058747, , , , , , , 7.8383077, 0.0085603, , , , , , , , , , , , , , , , , , , , , , , , , , , , 
7.8388269, 0.0182956, , , , , , , 7.8388269, -0.0057069, , , , , , , 7.8388269, -0.0057069, , , , , , , 7.8388269, 0.0095674, , , , , , , , , , , , , , , , , , , , , , , , , , , , 
7.8393462, 0.0146029, , , , , , , 7.8393462, -0.0063783, , , , , , , 7.8393462, -0.0068818, , , , , , , 7.8393462, 0.0082246, , , , , , , , , , , , , , , , , , , , , , , , , , , , 
7.8398654, 0.0140993, , , , , , , 7.8398654, -0.0075532, , , , , , , 7.8398654, -0.0095674, , , , , , , 7.8398654, 0.0052033, , , , , , , , , , , , , , , , , , , , , , , , , , , , 
7.8403846, 0.017792, , , , , , , 7.8403846, -0.0068818, , , , , , , 7.8403846, -0.0097353, , , , , , , 7.8403846, -0.0015106, , , , , , , , , , , , , , , , , , , , , , , , , , , , 
7.8409038, 0.0246738, , , , , , , 7.8409038, -0.0068818, , , , , , , 7.8409038, -0.0095674, , , , , , , 7.8409038, -0.0095674, , , , , , , , , , , , , , , , , , , , , , , , , , , , 
7.8414231, 0.0320592, , , , , , , 7.8414231, -0.0078889, , , , , , , 7.8414231, -0.011078, , , , , , , 7.8414231, -0.0112459, , , , , , , , , , , , , , , , , , , , , , , , , , , , 
7.8419423, 0.0352483, , , , , , , 7.8419423, -0.0075532, , , , , , , 7.8419423, -0.0132601, , , , , , , 7.8419423, -0.0109102, , , , , , , , , , , , , , , , , , , , , , , , , , , , 
7.8424615, 0.0347448, , , , , , , 7.8424615, -0.0075532, , , , , , , 7.8424615, -0.0142672, , , , , , , 7.8424615, -0.0125887, , , , , , , , , , , , , , , , , , , , , , , , , , , , 
7.8429808, 0.0313878, , , , , , , 7.8429808, -0.0090639, , , , , , , 7.8429808, -0.0130922, , , , , , , 7.8429808, -0.0129244, , , , , , , , , , , , , , , , , , , , , , , , , , , , 
7.8435, 0.0287022, , , , , , , 7.8435, -0.0105745, , , , , , , 7.8435, -0.0127565, , , , , , , 7.8435, -0.0104067, , , , , , , , , , , , , , , , , , , , , , , , , , , , 
7.8440192, 0.0213169, , , , , , , 7.8440192, -0.0099031, , , , , , , 7.8440192, -0.0139315, , , , , , , 7.8440192, -0.0068818, , , , , , , , , , , , , , , , , , , , , , , , , , , , 
7.8445385, 0.0124208, , , , , , , 7.8445385, -0.008896, , , , , , , 7.8445385, -0.0139315, , , , , , , 7.8445385, -0.0011749, , , , , , , , , , , , , , , , , , , , , , , , , , , , 
7.8450577, 0.0078889, , , , , , , 7.8450577, -0.008896, , , , , , , 7.8450577, -0.0139315, , , , , , , 7.8450577, 0.0025177, , , , , , , , , , , , , , , , , , , , , , , , , , , , 
7.8455769, 0.0075532, , , , , , , 7.8455769, -0.0095674, , , , , , , 7.8455769, -0.0149386, , , , , , , 7.8455769, 0.0035248, , , , , , , , , , , , , , , , , , , , , , , , , , , , 
7.8460962, 0.0109102, , , , , , , 7.8460962, -0.008896, , , , , , , 7.8460962, -0.0125887, , , , , , , 7.8460962, 0.0078889, , , , , , , , , , , , , , , , , , , , , , , , , , , , 
7.8466154, 0.012253, , , , , , , 7.8466154, -0.0065461, , , , , , , 7.8466154, -0.0085603, , , , , , , 7.8466154, 0.0151064, , , , , , , , , , , , , , , , , , , , , , , , , , , , 
7.8471346, 0.0058747, , , , , , , 7.8471346, -0.0048676, , , , , , , 7.8471346, -0.0072175, , , , , , , 7.8471346, 0.0213169, , , , , , , , , , , , , , , , , , , , , , , , , , , , 
7.8476538, -0.0057069, , , , , , , 7.8476538, -0.0041962, , , , , , , 7.8476538, -0.0077211, , , , , , , 7.8476538, 0.0253452, , , , , , , , , , , , , , , , , , , , , , , , , , , , 
7.8481731, -0.01561, , , , , , , 7.8481731, -0.0043641, , , , , , , 7.8481731, -0.0070497, , , , , , , 7.8481731, 0.0292058, , , , , , , , , , , , , , , , , , , , , , , , , , , , 
7.8486923, -0.0203098, , , , , , , 7.8486923, -0.0052033, , , , , , , 7.8486923, -0.0058747, , , , , , , 7.8486923, 0.0347448, , , , , , , , , , , , , , , , , , , , , , , , , , , , 
7.8492115, -0.0223239, , , , , , , 7.8492115, -0.0028534, , , , , , , 7.8492115, -0.0072175, , , , , , , 7.8492115, 0.0407874, , , , , , , , , , , , , , , , , , , , , , , , , , , , 
7.8497308, -0.023331, , , , , , , 7.8497308, -0.0016785, , , , , , , 7.8497308, -0.0072175, , , , , , , 7.8497308, 0.0428016, , , , , , , , , , , , , , , , , , , , , , , , , , , , 
7.85025, -0.0229953, , , , , , , 7.85025, -0.0062104, , , , , , , 7.85025, -0.0045319, , , , , , , 7.85025, 0.0411231, , , , , , , , , , , , , , , , , , , , , , , , , , , , 
7.8507692, -0.0193027, , , , , , , 7.8507692, -0.008896, , , , , , , 7.8507692, -0.0035248, , , , , , , 7.8507692, 0.0374304, , , , , , , , , , , , , , , , , , , , , , , , , , , , 
7.8512885, -0.0166171, , , , , , , 7.8512885, -0.0082246, , , , , , , 7.8512885, -0.0036927, , , , , , , 7.8512885, 0.03122, , , , , , , , , , , , , , , , , , , , , , , , , , , , 
7.8518077, -0.0203098, , , , , , , 7.8518077, -0.0078889, , , , , , , 7.8518077, -0.0048676, , , , , , , 7.8518077, 0.0255131, , , , , , , , , , , , , , , , , , , , , , , , , , , , 
7.8523269, -0.0218204, , , , , , , 7.8523269, -0.0075532, , , , , , , 7.8523269, -0.0075532, , , , , , , 7.8523269, 0.0256809, , , , , , , , , , , , , , , , , , , , , , , , , , , , 
7.8528462, -0.023331, , , , , , , 7.8528462, -0.0077211, , , , , , , 7.8528462, -0.008896, , , , , , , 7.8528462, 0.024506, , , , , , , , , , , , , , , , , , , , , , , , , , , , 
7.8533654, -0.0240024, , , , , , , 7.8533654, -0.008896, , , , , , , 7.8533654, -0.0070497, , , , , , , 7.8533654, 0.0213169, , , , , , , , , , , , , , , , , , , , , , , , , , , , 
7.8538846, -0.0216526, , , , , , , 7.8538846, -0.0115816, , , , , , , 7.8538846, -0.005539, , , , , , , 7.8538846, 0.0179599, , , , , , , , , , , , , , , , , , , , , , , , , , , , 
7.8544038, -0.0157778, , , , , , , 7.8544038, -0.0115816, , , , , , , 7.8544038, -0.0063783, , , , , , , 7.8544038, 0.01561, , , , , , , , , , , , , , , , , , , , , , , , , , , , 
7.8549231, -0.0068818, , , , , , , 7.8549231, -0.0095674, , , , , , , 7.8549231, -0.0065461, , , , , , , 7.8549231, 0.0139315, , , , , , , , , , , , , , , , , , , , , , , , , , , , 
7.8554423, -0.0001678, , , , , , , 7.8554423, -0.0095674, , , , , , , 7.8554423, -0.0052033, , , , , , , 7.8554423, 0.0129244, , , , , , , , , , , , , , , , , , , , , , , , , , , , 
7.8559615, 0.0018463, , , , , , , 7.8559615, -0.0095674, , , , , , , 7.8559615, -0.0048676, , , , , , , 7.8559615, 0.0119173, , , , , , , , , , , , , , , , , , , , , , , , , , , , 
7.8564808, -0.0001678, , , , , , , 7.8564808, -0.0095674, , , , , , , 7.8564808, -0.0062104, , , , , , , 7.8564808, 0.011078, , , , , , , , , , , , , , , , , , , , , , , , , , , , 
7.857, -0.0001678, , , , , , , 7.857, -0.0095674, , , , , , , 7.857, -0.0065461, , , , , , , 7.857, 0.0105745, , , , , , , , , , , , , , , , , , , , , , , , , , , , 
7.8575192, 0.0001678, , , , , , , 7.8575192, -0.0095674, , , , , , , 7.8575192, -0.0058747, , , , , , , 7.8575192, 0.0092317, , , , , , , , , , , , , , , , , , , , , , , , , , , , 
7.8580385, 0.0005035, , , , , , , 7.8580385, -0.0082246, , , , , , , 7.8580385, -0.0062104, , , , , , , 7.8580385, 0.0085603, , , , , , , , , , , , , , , , , , , , , , , , , , , , 
7.8585577, 0.0045319, , , , , , , 7.8585577, -0.0075532, , , , , , , 7.8585577, -0.0070497, , , , , , , 7.8585577, 0.0085603, , , , , , , , , , , , , , , , , , , , , , , , , , , , 
7.8590769, 0.0102388, , , , , , , 7.8590769, -0.0070497, , , , , , , 7.8590769, -0.0095674, , , , , , , 7.8590769, 0.0078889, , , , , , , , , , , , , , , , , , , , , , , , , , , , 
7.8595962, 0.0125887, , , , , , , 7.8595962, -0.0068818, , , , , , , 7.8595962, -0.0077211, , , , , , , 7.8595962, 0.0058747, , , , , , , , , , , , , , , , , , , , , , , , , , , , 
7.8601154, 0.0162814, , , , , , , 7.8601154, -0.0068818, , , , , , , 7.8601154, -0.0062104, , , , , , , 7.8601154, 0.0018463, , , , , , , , , , , , , , , , , , , , , , , , , , , , 
7.8606346, 0.021149, , , , , , , 7.8606346, -0.0063783, , , , , , , 7.8606346, -0.0075532, , , , , , , 7.8606346, -0.0008392, , , , , , , , , , , , , , , , , , , , , , , , , , , , 
7.8611538, 0.0265202, , , , , , , 7.8611538, -0.0072175, , , , , , , 7.8611538, -0.0090639, , , , , , , 7.8611538, -0.0015106, , , , , , , , , , , , , , , , , , , , , , , , , , , , 
7.8616731, 0.0303807, , , , , , , 7.8616731, -0.0078889, , , , , , , 7.8616731, -0.0082246, , , , , , , 7.8616731, -0.0030213, , , , , , , , , , , , , , , , , , , , , , , , , , , , 
7.8621923, 0.0337377, , , , , , , 7.8621923, -0.0075532, , , , , , , 7.8621923, -0.008896, , , , , , , 7.8621923, -0.0058747, , , , , , , , , , , , , , , , , , , , , , , , , , , , 
7.8627115, 0.0387732, , , , , , , 7.8627115, -0.0072175, , , , , , , 7.8627115, -0.0095674, , , , , , , 7.8627115, -0.0075532, , , , , , , , , , , , , , , , , , , , , , , , , , , , 
7.8632308, 0.0411231, , , , , , , 7.8632308, -0.008896, , , , , , , 7.8632308, -0.0097353, , , , , , , 7.8632308, -0.0041962, , , , , , , , , , , , , , , , , , , , , , , , , , , , 
7.86375, 0.0377661, , , , , , , 7.86375, -0.0095674, , , , , , , 7.86375, -0.0109102, , , , , , , 7.86375, 0.0008392, , , , , , , , , , , , , , , , , , , , , , , , , , , , 
7.8642692, 0.0339055, , , , , , , 7.8642692, -0.0082246, , , , , , , 7.8642692, -0.0105745, , , , , , , 7.8642692, 0.0048676, , , , , , , , , , , , , , , , , , , , , , , , , , , , 
7.8647885, 0.036759, , , , , , , 7.8647885, -0.0082246, , , , , , , 7.8647885, -0.0095674, , , , , , , 7.8647885, 0.010071, , , , , , , , , , , , , , , , , , , , , , , , , , , , 
7.8653077, 0.0320592, , , , , , , 7.8653077, -0.0092317, , , , , , , 7.8653077, -0.012253, , , , , , , 7.8653077, 0.0159457, , , , , , , , , , , , , , , , , , , , , , , , , , , , 
7.8658269, 0.0243381, , , , , , , 7.8658269, -0.0105745, , , , , , , 7.8658269, -0.0159457, , , , , , , 7.8658269, 0.0186313, , , , , , , , , , , , , , , , , , , , , , , , , , , , 
7.8663462, 0.0196384, , , , , , , 7.8663462, -0.0102388, , , , , , , 7.8663462, -0.0162814, , , , , , , 7.8663462, 0.0186313, , , , , , , , , , , , , , , , , , , , , , , , , , , , 
7.8668654, 0.0147707, , , , , , , 7.8668654, -0.0119173, , , , , , , 7.8668654, -0.0119173, , , , , , , 7.8668654, 0.0209812, , , , , , , , , , , , , , , , , , , , , , , , , , , , 
7.8673846, 0.0105745, , , , , , , 7.8673846, -0.012253, , , , , , , 7.8673846, -0.0090639, , , , , , , 7.8673846, 0.0246738, , , , , , , , , , , , , , , , , , , , , , , , , , , , 
7.8679038, 0.0078889, , , , , , , 7.8679038, -0.0102388, , , , , , , 7.8679038, -0.0085603, , , , , , , 7.8679038, 0.0307164, , , , , , , , , , , , , , , , , , , , , , , , , , , , 
7.8684231, 0.002182, , , , , , , 7.8684231, -0.0085603, , , , , , , 7.8684231, -0.0073854, , , , , , , 7.8684231, 0.0357519, , , , , , , , , , , , , , , , , , , , , , , , , , , , 
7.8689423, -0.0048676, , , , , , , 7.8689423, -0.008896, , , , , , , 7.8689423, -0.0063783, , , , , , , 7.8689423, 0.0372625, , , , , , , , , , , , , , , , , , , , , , , , , , , , 
7.8694615, -0.0109102, , , , , , , 7.8694615, -0.0102388, , , , , , , 7.8694615, -0.0077211, , , , , , , 7.8694615, 0.0374304, , , , , , , , , , , , , , , , , , , , , , , , , , , , 
7.8699808, -0.0129244, , , , , , , 7.8699808, -0.008896, , , , , , , 7.8699808, -0.0095674, , , , , , , 7.8699808, 0.0360876, , , , , , , , , , , , , , , , , , , , , , , , , , , , 
7.8705, -0.0095674, , , , , , , 7.8705, -0.0075532, , , , , , , 7.8705, -0.0095674, , , , , , , 7.8705, 0.0320592, , , , , , , , , , , , , , , , , , , , , , , , , , , , 
7.8710192, 0.0005035, , , , , , , 7.8710192, -0.0072175, , , , , , , 7.8710192, -0.0062104, , , , , , , 7.8710192, 0.0260166, , , , , , , , , , , , , , , , , , , , , , , , , , , , 
7.8715385, 0.0092317, , , , , , , 7.8715385, -0.0082246, , , , , , , 7.8715385, -0.0041962, , , , , , , 7.8715385, 0.0199741, , , , , , , , , , , , , , , , , , , , , , , , , , , , 
7.8720577, 0.0129244, , , , , , , 7.8720577, -0.0075532, , , , , , , 7.8720577, -0.0057069, , , , , , , 7.8720577, 0.0146029, , , , , , , , , , , , , , , , , , , , , , , , , , , , 
7.8725769, 0.0159457, , , , , , , 7.8725769, -0.0050355, , , , , , , 7.8725769, -0.0062104, , , , , , , 7.8725769, 0.0119173, , , , , , , , , , , , , , , , , , , , , , , , , , , , 
7.8730962, 0.0226596, , , , , , , 7.8730962, -0.0062104, , , , , , , 7.8730962, -0.0052033, , , , , , , 7.8730962, 0.011078, , , , , , , , , , , , , , , , , , , , , , , , , , , , 
7.8736154, 0.026688, , , , , , , 7.8736154, -0.008896, , , , , , , 7.8736154, -0.0045319, , , , , , , 7.8736154, 0.0092317, , , , , , , , , , , , , , , , , , , , , , , , , , , , 
7.8741346, 0.0273594, , , , , , , 7.8741346, -0.0092317, , , , , , , 7.8741346, -0.0041962, , , , , , , 7.8741346, 0.0062104, , , , , , , , , , , , , , , , , , , , , , , , , , , , 
7.8746538, 0.0292058, , , , , , , 7.8746538, -0.0095674, , , , , , , 7.8746538, -0.0052033, , , , , , , 7.8746538, 0.0023499, , , , , , , , , , , , , , , , , , , , , , , , , , , , 
7.8751731, 0.0325628, , , , , , , 7.8751731, -0.0102388, , , , , , , 7.8751731, -0.0068818, , , , , , , 7.8751731, 0.0015106, , , , , , , , , , , , , , , , , , , , , , , , , , , , 
7.8756923, 0.0307164, , , , , , , 7.8756923, -0.0097353, , , , , , , 7.8756923, -0.0075532, , , , , , , 7.8756923, 0.0031891, , , , , , , , , , , , , , , , , , , , , , , , , , , , 
7.8762115, 0.026688, , , , , , , 7.8762115, -0.0078889, , , , , , , 7.8762115, -0.0083925, , , , , , , 7.8762115, 0.0041962, , , , , , , , , , , , , , , , , , , , , , , , , , , , 
7.8767308, 0.0293736, , , , , , , 7.8767308, -0.0082246, , , , , , , 7.8767308, -0.0068818, , , , , , , 7.8767308, 0.0035248, , , , , , , , , , , , , , , , , , , , , , , , , , , , 
7.87725, 0.0347448, , , , , , , 7.87725, -0.0092317, , , , , , , 7.87725, -0.0045319, , , , , , , 7.87725, 0.0030213, , , , , , , , , , , , , , , , , , , , , , , , , , , , 
7.8777692, 0.0381018, , , , , , , 7.8777692, -0.0083925, , , , , , , 7.8777692, -0.0048676, , , , , , , 7.8777692, 0.0052033, , , , , , , , , , , , , , , , , , , , , , , , , , , , 
7.8782885, 0.0441444, , , , , , , 7.8782885, -0.0082246, , , , , , , 7.8782885, -0.0068818, , , , , , , 7.8782885, 0.0052033, , , , , , , , , , , , , , , , , , , , , , , , , , , , 
7.8788077, 0.043473, , , , , , , 7.8788077, -0.0075532, , , , , , , 7.8788077, -0.0085603, , , , , , , 7.8788077, 0.0018463, , , , , , , , , , , , , , , , , , , , , , , , , , , , 
7.8793269, 0.0407874, , , , , , , 7.8793269, -0.0057069, , , , , , , 7.8793269, -0.0078889, , , , , , , 7.8793269, 0.0011749, , , , , , , , , , , , , , , , , , , , , , , , , , , , 
7.8798462, 0.0421302, , , , , , , 7.8798462, -0.0057069, , , , , , , 7.8798462, -0.0063783, , , , , , , 7.8798462, 0.0005035, , , , , , , , , , , , , , , , , , , , , , , , , , , , 
7.8803654, 0.0475013, , , , , , , 7.8803654, -0.0075532, , , , , , , 7.8803654, -0.0075532, , , , , , , 7.8803654, -0.0030213, , , , , , , , , , , , , , , , , , , , , , , , , , , , 
7.8808846, 0.0542153, , , , , , , 7.8808846, -0.0085603, , , , , , , 7.8808846, -0.0085603, , , , , , , 7.8808846, -0.008896, , , , , , , , , , , , , , , , , , , , , , , , , , , , 
7.8814038, 0.0552224, , , , , , , 7.8814038, -0.0075532, , , , , , , 7.8814038, -0.0104067, , , , , , , 7.8814038, -0.0125887, , , , , , , , , , , , , , , , , , , , , , , , , , , , 
7.8819231, 0.054551, , , , , , , 7.8819231, -0.0072175, , , , , , , 7.8819231, -0.0112459, , , , , , , 7.8819231, -0.0139315, , , , , , , , , , , , , , , , , , , , , , , , , , , , 
7.8824423, 0.0580758, , , , , , , 7.8824423, -0.0082246, , , , , , , 7.8824423, -0.012253, , , , , , , 7.8824423, -0.0135958, , , , , , , , , , , , , , , , , , , , , , , , , , , , 
7.8829615, 0.061265, , , , , , , 7.8829615, -0.0085603, , , , , , , 7.8829615, -0.0135958, , , , , , , 7.8829615, -0.0129244, , , , , , , , , , , , , , , , , , , , , , , , , , , , 
7.8834808, 0.0584115, , , , , , , 7.8834808, -0.0077211, , , , , , , 7.8834808, -0.0142672, , , , , , , 7.8834808, -0.0109102, , , , , , , , , , , , , , , , , , , , , , , , , , , , 
7.884, 0.0525368, , , , , , , 7.884, -0.0075532, , , , , , , 7.884, -0.0132601, , , , , , , 7.884, -0.0075532, , , , , , , , , , , , , , , , , , , , , , , , , , , , 
7.8845192, 0.043473, , , , , , , 7.8845192, -0.0068818, , , , , , , 7.8845192, -0.012253, , , , , , , 7.8845192, -0.0020142, , , , , , , , , , , , , , , , , , , , , , , , , , , , 
7.8850385, 0.0330663, , , , , , , 7.8850385, -0.0068818, , , , , , , 7.8850385, -0.0112459, , , , , , , 7.8850385, 0.0045319, , , , , , , , , , , , , , , , , , , , , , , , , , , , 
7.8855577, 0.023331, , , , , , , 7.8855577, -0.0082246, , , , , , , 7.8855577, -0.0102388, , , , , , , 7.8855577, 0.0112459, , , , , , , , , , , , , , , , , , , , , , , , , , , , 
7.8860769, 0.0146029, , , , , , , 7.8860769, -0.008896, , , , , , , 7.8860769, -0.0109102, , , , , , , 7.8860769, 0.0169528, , , , , , , , , , , , , , , , , , , , , , , , , , , , 
7.8865962, 0.0025177, , , , , , , 7.8865962, -0.0075532, , , , , , , 7.8865962, -0.0109102, , , , , , , 7.8865962, 0.0240024, , , , , , , , , , , , , , , , , , , , , , , , , , , , 
7.8871154, -0.0077211, , , , , , , 7.8871154, -0.0063783, , , , , , , 7.8871154, -0.012253, , , , , , , 7.8871154, 0.0293736, , , , , , , , , , , , , , , , , , , , , , , , , , , , 
7.8876346, -0.0129244, , , , , , , 7.8876346, -0.0062104, , , , , , , 7.8876346, -0.0095674, , , , , , , 7.8876346, 0.03122, , , , , , , , , , , , , , , , , , , , , , , , , , , , 
7.8881538, -0.0146029, , , , , , , 7.8881538, -0.0085603, , , , , , , 7.8881538, -0.005539, , , , , , , 7.8881538, 0.033402, , , , , , , , , , , , , , , , , , , , , , , , , , , , 
7.8886731, -0.0146029, , , , , , , 7.8886731, -0.0105745, , , , , , , 7.8886731, -0.0041962, , , , , , , 7.8886731, 0.0364233, , , , , , , , , , , , , , , , , , , , , , , , , , , , 
7.8891923, -0.0169528, , , , , , , 7.8891923, -0.008896, , , , , , , 7.8891923, -0.0045319, , , , , , , 7.8891923, 0.0391089, , , , , , , , , , , , , , , , , , , , , , , , , , , , 
7.8897115, -0.0179599, , , , , , , 7.8897115, -0.005539, , , , , , , 7.8897115, -0.0028534, , , , , , , 7.8897115, 0.040116, , , , , , , , , , , , , , , , , , , , , , , , , , , , 
7.8902308, -0.0171206, , , , , , , 7.8902308, -0.0041962, , , , , , , 7.8902308, -0.0015106, , , , , , , 7.8902308, 0.0360876, , , , , , , , , , , , , , , , , , , , , , , , , , , , 
7.89075, -0.0095674, , , , , , , 7.89075, -0.0052033, , , , , , , 7.89075, -0.002182, , , , , , , 7.89075, 0.0273594, , , , , , , , , , , , , , , , , , , , , , , , , , , , 
7.8912692, 0.0057069, , , , , , , 7.8912692, -0.0065461, , , , , , , 7.8912692, -0.0015106, , , , , , , 7.8912692, 0.0199741, , , , , , , , , , , , , , , , , , , , , , , , , , , , 
7.8917885, 0.0199741, , , , , , , 7.8917885, -0.0068818, , , , , , , 7.8917885, -0.0003357, , , , , , , 7.8917885, 0.0166171, , , , , , , , , , , , , , , , , , , , , , , , , , , , 
7.8923077, 0.0213169, , , , , , , 7.8923077, -0.0068818, , , , , , , 7.8923077, -0.0015106, , , , , , , 7.8923077, 0.0142672, , , , , , , , , , , , , , , , , , , , , , , , , , , , 
7.8928269, 0.0130922, , , , , , , 7.8928269, -0.0065461, , , , , , , 7.8928269, -0.0041962, , , , , , , 7.8928269, 0.0105745, , , , , , , , , , , , , , , , , , , , , , , , , , , , 
7.8933462, 0.0052033, , , , , , , 7.8933462, -0.0062104, , , , , , , 7.8933462, -0.0070497, , , , , , , 7.8933462, 0.0102388, , , , , , , , , , , , , , , , , , , , , , , , , , , , 
7.8938654, 0.0070497, , , , , , , 7.8938654, -0.005539, , , , , , , 7.8938654, -0.0068818, , , , , , , 7.8938654, 0.0109102, , , , , , , , , , , , , , , , , , , , , , , , , , , , 
7.8943846, 0.0112459, , , , , , , 7.8943846, -0.0058747, , , , , , , 7.8943846, -0.0048676, , , , , , , 7.8943846, 0.0105745, , , , , , , , , , , , , , , , , , , , , , , , , , , , 
7.8949038, 0.0078889, , , , , , , 7.8949038, -0.0068818, , , , , , , 7.8949038, -0.0041962, , , , , , , 7.8949038, 0.0090639, , , , , , , , , , , , , , , , , , , , , , , , , , , , 
7.8954231, -0.0005035, , , , , , , 7.8954231, -0.0068818, , , , , , , 7.8954231, -0.005539, , , , , , , 7.8954231, 0.0092317, , , , , , , , , , , , , , , , , , , , , , , , , , , , 
7.8959423, -0.0075532, , , , , , , 7.8959423, -0.0062104, , , , , , , 7.8959423, -0.005539, , , , , , , 7.8959423, 0.0102388, , , , , , , , , , , , , , , , , , , , , , , , , , , , 
7.8964615, -0.0075532, , , , , , , 7.8964615, -0.0048676, , , , , , , 7.8964615, -0.0052033, , , , , , , 7.8964615, 0.0097353, , , , , , , , , , , , , , , , , , , , , , , , , , , , 
7.8969808, -0.002182, , , , , , , 7.8969808, -0.0035248, , , , , , , 7.8969808, -0.0062104, , , , , , , 7.8969808, 0.008896, , , , , , , , , , , , , , , , , , , , , , , , , , , , 
7.8975, 0.0050355, , , , , , , 7.8975, -0.0030213, , , , , , , 7.8975, -0.0082246, , , , , , , 7.8975, 0.0085603, , , , , , , , , , , , , , , , , , , , , , , , , , , , 
7.8980192, 0.0085603, , , , , , , 7.8980192, -0.0028534, , , , , , , 7.8980192, -0.008896, , , , , , , 7.8980192, 0.008896, , , , , , , , , , , , , , , , , , , , , , , , , , , , 
7.8985385, 0.0075532, , , , , , , 7.8985385, -0.0041962, , , , , , , 7.8985385, -0.0092317, , , , , , , 7.8985385, 0.0090639, , , , , , , , , , , , , , , , , , , , , , , , , , , , 
7.8990577, 0.0052033, , , , , , , 7.8990577, -0.0035248, , , , , , , 7.8990577, -0.0109102, , , , , , , 7.8990577, 0.0070497, , , , , , , , , , , , , , , , , , , , , , , , , , , , 
7.8995769, 0.0062104, , , , , , , 7.8995769, -0.0025177, , , , , , , 7.8995769, -0.0115816, , , , , , , 7.8995769, 0.005539, , , , , , , , , , , , , , , , , , , , , , , , , , , , 
7.9000962, 0.008896, , , , , , , 7.9000962, -0.0035248, , , , , , , 7.9000962, -0.0117494, , , , , , , 7.9000962, 0.0015106, , , , , , , , , , , , , , , , , , , , , , , , , , , , 
7.9006154, 0.0109102, , , , , , , 7.9006154, -0.0068818, , , , , , , 7.9006154, -0.012253, , , , , , , 7.9006154, -0.0048676, , , , , , , , , , , , , , , , , , , , , , , , , , , , 
7.9011346, 0.0166171, , , , , , , 7.9011346, -0.008896, , , , , , , 7.9011346, -0.0149386, , , , , , , 7.9011346, -0.0073854, , , , , , , , , , , , , , , , , , , , , , , , , , , , 
7.9016538, 0.0226596, , , , , , , 7.9016538, -0.0090639, , , , , , , 7.9016538, -0.0162814, , , , , , , 7.9016538, -0.0068818, , , , , , , , , , , , , , , , , , , , , , , , , , , , 
7.9021731, 0.0250095, , , , , , , 7.9021731, -0.0092317, , , , , , , 7.9021731, -0.0162814, , , , , , , 7.9021731, -0.0078889, , , , , , , , , , , , , , , , , , , , , , , , , , , , 
7.9026923, 0.0253452, , , , , , , 7.9026923, -0.0102388, , , , , , , 7.9026923, -0.0172885, , , , , , , 7.9026923, -0.0102388, , , , , , , , , , , , , , , , , , , , , , , , , , , , 
7.9032115, 0.0258488, , , , , , , 7.9032115, -0.0105745, , , , , , , 7.9032115, -0.0179599, , , , , , , 7.9032115, -0.0082246, , , , , , , , , , , , , , , , , , , , , , , , , , , , 
7.9037308, 0.0209812, , , , , , , 7.9037308, -0.0090639, , , , , , , 7.9037308, -0.0169528, , , , , , , 7.9037308, -0.0030213, , , , , , , , , , , , , , , , , , , , , , , , , , , , 
7.90425, 0.0112459, , , , , , , 7.90425, -0.0095674, , , , , , , 7.90425, -0.0146029, , , , , , , 7.90425, 0.0028534, , , , , , , , , , , , , , , , , , , , , , , , , , , , 
7.9047692, 0.0058747, , , , , , , 7.9047692, -0.011078, , , , , , , 7.9047692, -0.0135958, , , , , , , 7.9047692, 0.0085603, , , , , , , , , , , , , , , , , , , , , , , , , , , , 
7.9052885, 0.0078889, , , , , , , 7.9052885, -0.0104067, , , , , , , 7.9052885, -0.012253, , , , , , , 7.9052885, 0.0127565, , , , , , , , , , , , , , , , , , , , , , , , , , , , 
7.9058077, 0.0005035, , , , , , , 7.9058077, -0.0102388, , , , , , , 7.9058077, -0.0102388, , , , , , , 7.9058077, 0.0172885, , , , , , , , , , , , , , , , , , , , , , , , , , , , 
7.9063269, -0.005539, , , , , , , 7.9063269, -0.0099031, , , , , , , 7.9063269, -0.0075532, , , , , , , 7.9063269, 0.0226596, , , , , , , , , , , , , , , , , , , , , , , , , , , , 
7.9068462, -0.0082246, , , , , , , 7.9068462, -0.0085603, , , , , , , 7.9068462, -0.0075532, , , , , , , 7.9068462, 0.0293736, , , , , , , , , , , , , , , , , , , , , , , , , , , , 
7.9073654, -0.0162814, , , , , , , 7.9073654, -0.0070497, , , , , , , 7.9073654, -0.0068818, , , , , , , 7.9073654, 0.0332341, , , , , , , , , , , , , , , , , , , , , , , , , , , , 
7.9078846, -0.0260166, , , , , , , 7.9078846, -0.0052033, , , , , , , 7.9078846, -0.0043641, , , , , , , 7.9078846, 0.0374304, , , , , , , , , , , , , , , , , , , , , , , , , , , , 
7.9084038, -0.033402, , , , , , , 7.9084038, -0.005539, , , , , , , 7.9084038, -0.0031891, , , , , , , 7.9084038, 0.0421302, , , , , , , , , , , , , , , , , , , , , , , , , , , , 
7.9089231, -0.0345769, , , , , , , 7.9089231, -0.0068818, , , , , , , 7.9089231, -0.0036927, , , , , , , 7.9089231, 0.0443122, , , , , , , , , , , , , , , , , , , , , , , , , , , , 
7.9094423, -0.0297093, , , , , , , 7.9094423, -0.0085603, , , , , , , 7.9094423, -0.0045319, , , , , , , 7.9094423, 0.0454871, , , , , , , , , , , , , , , , , , , , , , , , , , , , 
7.9099615, -0.024506, , , , , , , 7.9099615, -0.0090639, , , , , , , 7.9099615, -0.0041962, , , , , , , 7.9099615, 0.0448157, , , , , , , , , , , , , , , , , , , , , , , , , , , , 
7.9104808, -0.0206455, , , , , , , 7.9104808, -0.008896, , , , , , , 7.9104808, -0.0036927, , , , , , , 7.9104808, 0.0428016, , , , , , , , , , , , , , , , , , , , , , , , , , , , 
7.911, -0.0135958, , , , , , , 7.911, -0.008896, , , , , , , 7.911, -0.0048676, , , , , , , 7.911, 0.0374304, , , , , , , , , , , , , , , , , , , , , , , , , , , , 
7.9115192, -0.0062104, , , , , , , 7.9115192, -0.0082246, , , , , , , 7.9115192, -0.0068818, , , , , , , 7.9115192, 0.0310521, , , , , , , , , , , , , , , , , , , , , , , , , , , , 
7.9120385, 0.0001678, , , , , , , 7.9120385, -0.008896, , , , , , , 7.9120385, -0.0058747, , , , , , , 7.9120385, 0.0273594, , , , , , , , , , , , , , , , , , , , , , , , , , , , 
7.9125577, 0.0083925, , , , , , , 7.9125577, -0.0102388, , , , , , , 7.9125577, -0.0035248, , , , , , , 7.9125577, 0.0246738, , , , , , , , , , , , , , , , , , , , , , , , , , , , 
7.9130769, 0.014435, , , , , , , 7.9130769, -0.0105745, , , , , , , 7.9130769, -0.0035248, , , , , , , 7.9130769, 0.0226596, , , , , , , , , , , , , , , , , , , , , , , , , , , , 
7.9135962, 0.0166171, , , , , , , 7.9135962, -0.0090639, , , , , , , 7.9135962, -0.0052033, , , , , , , 7.9135962, 0.0196384, , , , , , , , , , , , , , , , , , , , , , , , , , , , 
7.9141154, 0.0186313, , , , , , , 7.9141154, -0.0068818, , , , , , , 7.9141154, -0.005539, , , , , , , 7.9141154, 0.01561, , , , , , , , , , , , , , , , , , , , , , , , , , , , 
7.9146346, 0.0179599, , , , , , , 7.9146346, -0.0065461, , , , , , , 7.9146346, -0.0068818, , , , , , , 7.9146346, 0.0146029, , , , , , , , , , , , , , , , , , , , , , , , , , , , 
7.9151538, 0.0199741, , , , , , , 7.9151538, -0.0075532, , , , , , , 7.9151538, -0.0087282, , , , , , , 7.9151538, 0.0135958, , , , , , , , , , , , , , , , , , , , , , , , , , , , 
7.9156731, 0.0250095, , , , , , , 7.9156731, -0.0083925, , , , , , , 7.9156731, -0.0092317, , , , , , , 7.9156731, 0.0112459, , , , , , , , , , , , , , , , , , , , , , , , , , , , 
7.9161923, 0.026688, , , , , , , 7.9161923, -0.0093996, , , , , , , 7.9161923, -0.0095674, , , , , , , 7.9161923, 0.0097353, , , , , , , , , , , , , , , , , , , , , , , , , , , , 
7.9167115, 0.0293736, , , , , , , 7.9167115, -0.0109102, , , , , , , 7.9167115, -0.0078889, , , , , , , 7.9167115, 0.0075532, , , , , , , , , , , , , , , , , , , , , , , , , , , , 
7.9172308, 0.0327306, , , , , , , 7.9172308, -0.0112459, , , , , , , 7.9172308, -0.0062104, , , , , , , 7.9172308, 0.0041962, , , , , , , , , , , , , , , , , , , , , , , , , , , , 
7.91775, 0.0342412, , , , , , , 7.91775, -0.0095674, , , , , , , 7.91775, -0.0068818, , , , , , , 7.91775, 0.0005035, , , , , , , , , , , , , , , , , , , , , , , , , , , , 
7.9182692, 0.036759, , , , , , , 7.9182692, -0.0072175, , , , , , , 7.9182692, -0.0062104, , , , , , , 7.9182692, 0.0016785, , , , , , , , , , , , , , , , , , , , , , , , , , , , 
7.9187885, 0.0397803, , , , , , , 7.9187885, -0.0070497, , , , , , , 7.9187885, -0.0072175, , , , , , , 7.9187885, 0.002182, , , , , , , , , , , , , , , , , , , , , , , , , , , , 
7.9193077, 0.0377661, , , , , , , 7.9193077, -0.0077211, , , , , , , 7.9193077, -0.0099031, , , , , , , 7.9193077, 0.0008392, , , , , , , , , , , , , , , , , , , , , , , , , , , , 
7.9198269, 0.0374304, , , , , , , 7.9198269, -0.0072175, , , , , , , 7.9198269, -0.0109102, , , , , , , 7.9198269, -0.0003357, , , , , , , , , , , , , , , , , , , , , , , , , , , , 
7.9203462, 0.043473, , , , , , , 7.9203462, -0.0070497, , , , , , , 7.9203462, -0.0095674, , , , , , , 7.9203462, -0.0025177, , , , , , , , , , , , , , , , , , , , , , , , , , , , 
7.9208654, 0.0506905, , , , , , , 7.9208654, -0.0090639, , , , , , , 7.9208654, -0.0082246, , , , , , , 7.9208654, -0.0077211, , , , , , , , , , , , , , , , , , , , , , , , , , , , 
7.9213846, 0.0501869, , , , , , , 7.9213846, -0.0109102, , , , , , , 7.9213846, -0.0092317, , , , , , , 7.9213846, -0.012253, , , , , , , , , , , , , , , , , , , , , , , , , , , , 
7.9219038, 0.0461585, , , , , , , 7.9219038, -0.0109102, , , , , , , 7.9219038, -0.0105745, , , , , , , 7.9219038, -0.01561, , , , , , , , , , , , , , , , , , , , , , , , , , , , 
7.9224231, 0.0446479, , , , , , , 7.9224231, -0.008896, , , , , , , 7.9224231, -0.0099031, , , , , , , 7.9224231, -0.0152743, , , , , , , , , , , , , , , , , , , , , , , , , , , , 
7.9229423, 0.0414588, , , , , , , 7.9229423, -0.0082246, , , , , , , 7.9229423, -0.0109102, , , , , , , 7.9229423, -0.0112459, , , , , , , , , , , , , , , , , , , , , , , , , , , , 
7.9234615, 0.0370947, , , , , , , 7.9234615, -0.0102388, , , , , , , 7.9234615, -0.0115816, , , , , , , 7.9234615, -0.0052033, , , , , , , , , , , , , , , , , , , , , , , , , , , , 
7.9239808, 0.0352483, , , , , , , 7.9239808, -0.012253, , , , , , , 7.9239808, -0.0109102, , , , , , , 7.9239808, -0.0010071, , , , , , , , , , , , , , , , , , , , , , , , , , , , 
7.9245, 0.0347448, , , , , , , 7.9245, -0.012253, , , , , , , 7.9245, -0.0109102, , , , , , , 7.9245, 0.0018463, , , , , , , , , , , , , , , , , , , , , , , , , , , , 
7.9250192, 0.0339055, , , , , , , 7.9250192, -0.0095674, , , , , , , 7.9250192, -0.0102388, , , , , , , 7.9250192, 0.0045319, , , , , , , , , , , , , , , , , , , , , , , , , , , , 
7.9255385, 0.0330663, , , , , , , 7.9255385, -0.0068818, , , , , , , 7.9255385, -0.0099031, , , , , , , 7.9255385, 0.008896, , , , , , , , , , , , , , , , , , , , , , , , , , , , 
7.9260577, 0.0287022, , , , , , , 7.9260577, -0.0063783, , , , , , , 7.9260577, -0.0082246, , , , , , , 7.9260577, 0.0119173, , , , , , , , , , , , , , , , , , , , , , , , , , , , 
7.9265769, 0.0221561, , , , , , , 7.9265769, -0.0065461, , , , , , , 7.9265769, -0.0068818, , , , , , , 7.9265769, 0.0159457, , , , , , , , , , , , , , , , , , , , , , , , , , , , 
7.9270962, 0.0142672, , , , , , , 7.9270962, -0.0068818, , , , , , , 7.9270962, -0.0058747, , , , , , , 7.9270962, 0.0229953, , , , , , , , , , , , , , , , , , , , , , , , , , , , 
7.9276154, 0.0075532, , , , , , , 7.9276154, -0.0072175, , , , , , , 7.9276154, -0.0058747, , , , , , , 7.9276154, 0.0305486, , , , , , , , , , , , , , , , , , , , , , , , , , , , 
7.9281346, 0.0025177, , , , , , , 7.9281346, -0.0065461, , , , , , , 7.9281346, -0.0045319, , , , , , , 7.9281346, 0.0360876, , , , , , , , , , , , , , , , , , , , , , , , , , , , 
7.9286538, -0.0028534, , , , , , , 7.9286538, -0.0058747, , , , , , , 7.9286538, -0.0023499, , , , , , , 7.9286538, 0.0381018, , , , , , , , , , , , , , , , , , , , , , , , , , , , 
7.9291731, -0.0031891, , , , , , , 7.9291731, -0.005539, , , , , , , 7.9291731, -0.002182, , , , , , , 7.9291731, 0.036759, , , , , , , , , , , , , , , , , , , , , , , , , , , , 
7.9296923, -0.0030213, , , , , , , 7.9296923, -0.0058747, , , , , , , 7.9296923, -0.0028534, , , , , , , 7.9296923, 0.0350805, , , , , , , , , , , , , , , , , , , , , , , , , , , , 
7.9302115, -0.0035248, , , , , , , 7.9302115, -0.0075532, , , , , , , 7.9302115, -0.0030213, , , , , , , 7.9302115, 0.033402, , , , , , , , , , , , , , , , , , , , , , , , , , , , 
7.9307308, -0.0015106, , , , , , , 7.9307308, -0.0085603, , , , , , , 7.9307308, -0.0031891, , , , , , , 7.9307308, 0.0302129, , , , , , , , , , , , , , , , , , , , , , , , , , , , 
7.93125, 0.0052033, , , , , , , 7.93125, -0.0070497, , , , , , , 7.93125, -0.0065461, , , , , , , 7.93125, 0.0253452, , , , , , , , , , , , , , , , , , , , , , , , , , , , 
7.9317692, 0.0132601, , , , , , , 7.9317692, -0.0062104, , , , , , , 7.9317692, -0.0078889, , , , , , , 7.9317692, 0.0206455, , , , , , , , , , , , , , , , , , , , , , , , , , , , 
7.9322885, 0.0179599, , , , , , , 7.9322885, -0.0052033, , , , , , , 7.9322885, -0.0082246, , , , , , , 7.9322885, 0.0166171, , , , , , , , , , , , , , , , , , , , , , , , , , , , 
7.9328077, 0.0129244, , , , , , , 7.9328077, -0.0035248, , , , , , , 7.9328077, -0.0072175, , , , , , , 7.9328077, 0.0152743, , , , , , , , , , , , , , , , , , , , , , , , , , , , 
7.9333269, 0.0109102, , , , , , , 7.9333269, -0.0031891, , , , , , , 7.9333269, -0.0082246, , , , , , , 7.9333269, 0.0162814, , , , , , , , , , , , , , , , , , , , , , , , , , , , 
7.9338462, 0.0135958, , , , , , , 7.9338462, -0.0045319, , , , , , , 7.9338462, -0.0095674, , , , , , , 7.9338462, 0.0162814, , , , , , , , , , , , , , , , , , , , , , , , , , , , 
7.9343654, 0.0159457, , , , , , , 7.9343654, -0.0048676, , , , , , , 7.9343654, -0.0099031, , , , , , , 7.9343654, 0.0142672, , , , , , , , , , , , , , , , , , , , , , , , , , , , 
7.9348846, 0.0164492, , , , , , , 7.9348846, -0.0041962, , , , , , , 7.9348846, -0.0097353, , , , , , , 7.9348846, 0.0135958, , , , , , , , , , , , , , , , , , , , , , , , , , , , 
7.9354038, 0.0171206, , , , , , , 7.9354038, -0.005539, , , , , , , 7.9354038, -0.0099031, , , , , , , 7.9354038, 0.0139315, , , , , , , , , , , , , , , , , , , , , , , , , , , , 
7.9359231, 0.0151064, , , , , , , 7.9359231, -0.0083925, , , , , , , 7.9359231, -0.0085603, , , , , , , 7.9359231, 0.0132601, , , , , , , , , , , , , , , , , , , , , , , , , , , , 
7.9364423, 0.0171206, , , , , , , 7.9364423, -0.0099031, , , , , , , 7.9364423, -0.0058747, , , , , , , 7.9364423, 0.0125887, , , , , , , , , , , , , , , , , , , , , , , , , , , , 
7.9369615, 0.0179599, , , , , , , 7.9369615, -0.0105745, , , , , , , 7.9369615, -0.005539, , , , , , , 7.9369615, 0.0119173, , , , , , , , , , , , , , , , , , , , , , , , , , , , 
7.9374808, 0.0152743, , , , , , , 7.9374808, -0.0097353, , , , , , , 7.9374808, -0.0068818, , , , , , , 7.9374808, 0.0132601, , , , , , , , , , , , , , , , , , , , , , , , , , , , 
7.938, 0.0149386, , , , , , , 7.938, -0.0082246, , , , , , , 7.938, -0.0085603, , , , , , , 7.938, 0.0129244, , , , , , , , , , , , , , , , , , , , , , , , , , , , 
7.9385192, 0.0166171, , , , , , , 7.9385192, -0.0075532, , , , , , , 7.9385192, -0.0099031, , , , , , , 7.9385192, 0.0099031, , , , , , , , , , , , , , , , , , , , , , , , , , , , 
7.9390385, 0.0169528, , , , , , , 7.9390385, -0.0102388, , , , , , , 7.9390385, -0.010071, , , , , , , 7.9390385, 0.0077211, , , , , , , , , , , , , , , , , , , , , , , , , , , , 
7.9395577, 0.0184634, , , , , , , 7.9395577, -0.0102388, , , , , , , 7.9395577, -0.0078889, , , , , , , 7.9395577, 0.0036927, , , , , , , , , , , , , , , , , , , , , , , , , , , , 
7.9400769, 0.0246738, , , , , , , 7.9400769, -0.0082246, , , , , , , 7.9400769, -0.0062104, , , , , , , 7.9400769, -0.0005035, , , , , , , , , , , , , , , , , , , , , , , , , , , , 
7.9405962, 0.0320592, , , , , , , 7.9405962, -0.0083925, , , , , , , 7.9405962, -0.0068818, , , , , , , 7.9405962, -0.0041962, , , , , , , , , , , , , , , , , , , , , , , , , , , , 
7.9411154, 0.0337377, , , , , , , 7.9411154, -0.008896, , , , , , , 7.9411154, -0.0070497, , , , , , , 7.9411154, -0.0065461, , , , , , , , , , , , , , , , , , , , , , , , , , , , 
7.9416346, 0.0313878, , , , , , , 7.9416346, -0.0078889, , , , , , , 7.9416346, -0.0072175, , , , , , , 7.9416346, -0.008896, , , , , , , , , , , , , , , , , , , , , , , , , , , , 
7.9421538, 0.0276951, , , , , , , 7.9421538, -0.008896, , , , , , , 7.9421538, -0.0068818, , , , , , , 7.9421538, -0.0097353, , , , , , , , , , , , , , , , , , , , , , , , , , , , 
7.9426731, 0.026688, , , , , , , 7.9426731, -0.0097353, , , , , , , 7.9426731, -0.0062104, , , , , , , 7.9426731, -0.008896, , , , , , , , , , , , , , , , , , , , , , , , , , , , 
7.9431923, 0.0246738, , , , , , , 7.9431923, -0.0082246, , , , , , , 7.9431923, -0.0063783, , , , , , , 7.9431923, -0.0082246, , , , , , , , , , , , , , , , , , , , , , , , , , , , 
7.9437115, 0.0206455, , , , , , , 7.9437115, -0.0062104, , , , , , , 7.9437115, -0.0085603, , , , , , , 7.9437115, -0.0065461, , , , , , , , , , , , , , , , , , , , , , , , , , , , 
7.9442308, 0.018967, , , , , , , 7.9442308, -0.005539, , , , , , , 7.9442308, -0.0102388, , , , , , , 7.9442308, -0.0030213, , , , , , , , , , , , , , , , , , , , , , , , , , , , 
7.94475, 0.0129244, , , , , , , 7.94475, -0.0062104, , , , , , , 7.94475, -0.008896, , , , , , , 7.94475, 0.0025177, , , , , , , , , , , , , , , , , , , , , , , , , , , , 
7.9452692, 0.0092317, , , , , , , 7.9452692, -0.0082246, , , , , , , 7.9452692, -0.0068818, , , , , , , 7.9452692, 0.0078889, , , , , , , , , , , , , , , , , , , , , , , , , , , , 
7.9457885, 0.0112459, , , , , , , 7.9457885, -0.0085603, , , , , , , 7.9457885, -0.0068818, , , , , , , 7.9457885, 0.0092317, , , , , , , , , , , , , , , , , , , , , , , , , , , , 
7.9463077, 0.0048676, , , , , , , 7.9463077, -0.0078889, , , , , , , 7.9463077, -0.0075532, , , , , , , 7.9463077, 0.0078889, , , , , , , , , , , , , , , , , , , , , , , , , , , , 
7.9468269, -0.0052033, , , , , , , 7.9468269, -0.0075532, , , , , , , 7.9468269, -0.0068818, , , , , , , 7.9468269, 0.0132601, , , , , , , , , , , , , , , , , , , , , , , , , , , , 
7.9473462, -0.0124208, , , , , , , 7.9473462, -0.0092317, , , , , , , 7.9473462, -0.0062104, , , , , , , 7.9473462, 0.0209812, , , , , , , , , , , , , , , , , , , , , , , , , , , , 
7.9478654, -0.0162814, , , , , , , 7.9478654, -0.0119173, , , , , , , 7.9478654, -0.0063783, , , , , , , 7.9478654, 0.0273594, , , , , , , , , , , , , , , , , , , , , , , , , , , , 
7.9483846, -0.0186313, , , , , , , 7.9483846, -0.012253, , , , , , , 7.9483846, -0.0041962, , , , , , , 7.9483846, 0.0307164, , , , , , , , , , , , , , , , , , , , , , , , , , , , 
7.9489038, -0.0216526, , , , , , , 7.9489038, -0.0115816, , , , , , , 7.9489038, -0.0025177, , , , , , , 7.9489038, 0.0325628, , , , , , , , , , , , , , , , , , , , , , , , , , , , 
7.9494231, -0.0226596, , , , , , , 7.9494231, -0.0115816, , , , , , , 7.9494231, -0.0031891, , , , , , , 7.9494231, 0.0377661, , , , , , , , , , , , , , , , , , , , , , , , , , , , 
7.9499423, -0.0224918, , , , , , , 7.9499423, -0.0102388, , , , , , , 7.9499423, -0.0057069, , , , , , , 7.9499423, 0.0414588, , , , , , , , , , , , , , , , , , , , , , , , , , , , 
7.9504615, -0.0179599, , , , , , , 7.9504615, -0.0085603, , , , , , , 7.9504615, -0.0087282, , , , , , , 7.9504615, 0.036759, , , , , , , , , , , , , , , , , , , , , , , , , , , , 
7.9509808, -0.0162814, , , , , , , 7.9509808, -0.0078889, , , , , , , 7.9509808, -0.0095674, , , , , , , 7.9509808, 0.0270237, , , , , , , , , , , , , , , , , , , , , , , , , , , , 
7.9515, -0.0191348, , , , , , , 7.9515, -0.0062104, , , , , , , 7.9515, -0.0095674, , , , , , , 7.9515, 0.0193027, , , , , , , , , , , , , , , , , , , , , , , , , , , , 
7.9520192, -0.0172885, , , , , , , 7.9520192, -0.0031891, , , , , , , 7.9520192, -0.0099031, , , , , , , 7.9520192, 0.01561, , , , , , , , , , , , , , , , , , , , , , , , , , , , 
7.9525385, -0.0062104, , , , , , , 7.9525385, -0.0011749, , , , , , , 7.9525385, -0.0087282, , , , , , , 7.9525385, 0.010071, , , , , , , , , , , , , , , , , , , , , , , , , , , , 
7.9530577, 0.0078889, , , , , , , 7.9530577, -0.0008392, , , , , , , 7.9530577, -0.0070497, , , , , , , 7.9530577, 0.0038605, , , , , , , , , , , , , , , , , , , , , , , , , , , , 
7.9535769, 0.0176242, , , , , , , 7.9535769, -0.0020142, , , , , , , 7.9535769, -0.0068818, , , , , , , 7.9535769, 0.0018463, , , , , , , , , , , , , , , , , , , , , , , , , , , , 
7.9540962, 0.0193027, , , , , , , 7.9540962, -0.0046998, , , , , , , 7.9540962, -0.0087282, , , , , , , 7.9540962, 0.0011749, , , , , , , , , , , , , , , , , , , , , , , , , , , , 
7.9546154, 0.0157778, , , , , , , 7.9546154, -0.0073854, , , , , , , 7.9546154, -0.0095674, , , , , , , 7.9546154, -0.0001678, , , , , , , , , , , , , , , , , , , , , , , , , , , , 
7.9551346, 0.0152743, , , , , , , 7.9551346, -0.0092317, , , , , , , 7.9551346, -0.0077211, , , , , , , 7.9551346, -0.0011749, , , , , , , , , , , , , , , , , , , , , , , , , , , , 
7.9556538, 0.0151064, , , , , , , 7.9556538, -0.008896, , , , , , , 7.9556538, -0.005539, , , , , , , 7.9556538, -0.0011749, , , , , , , , , , , , , , , , , , , , , , , , , , , , 
7.9561731, 0.012253, , , , , , , 7.9561731, -0.0083925, , , , , , , 7.9561731, -0.0052033, , , , , , , 7.9561731, 0.0025177, , , , , , , , , , , , , , , , , , , , , , , , , , , , 
7.9566923, 0.0082246, , , , , , , 7.9566923, -0.0083925, , , , , , , 7.9566923, -0.005539, , , , , , , 7.9566923, 0.008896, , , , , , , , , , , , , , , , , , , , , , , , , , , , 
7.9572115, 0.0068818, , , , , , , 7.9572115, -0.0095674, , , , , , , 7.9572115, -0.0070497, , , , , , , 7.9572115, 0.0135958, , , , , , , , , , , , , , , , , , , , , , , , , , , , 
7.9577308, 0.0070497, , , , , , , 7.9577308, -0.0097353, , , , , , , 7.9577308, -0.0077211, , , , , , , 7.9577308, 0.0130922, , , , , , , , , , , , , , , , , , , , , , , , , , , , 
7.95825, 0.0050355, , , , , , , 7.95825, -0.0097353, , , , , , , 7.95825, -0.0078889, , , , , , , 7.95825, 0.0119173, , , , , , , , , , , , , , , , , , , , , , , , , , , , 
7.9587692, 0.0041962, , , , , , , 7.9587692, -0.0104067, , , , , , , 7.9587692, -0.008896, , , , , , , 7.9587692, 0.0140993, , , , , , , , , , , , , , , , , , , , , , , , , , , , 
7.9592885, 0.0065461, , , , , , , 7.9592885, -0.0095674, , , , , , , 7.9592885, -0.0095674, , , , , , , 7.9592885, 0.0157778, , , , , , , , , , , , , , , , , , , , , , , , , , , , 
7.9598077, 0.0087282, , , , , , , 7.9598077, -0.0068818, , , , , , , 7.9598077, -0.008896, , , , , , , 7.9598077, 0.0119173, , , , , , , , , , , , , , , , , , , , , , , , , , , , 
7.9603269, 0.012253, , , , , , , 7.9603269, -0.0082246, , , , , , , 7.9603269, -0.0090639, , , , , , , 7.9603269, 0.0035248, , , , , , , , , , , , , , , , , , , , , , , , , , , , 
7.9608462, 0.0176242, , , , , , , 7.9608462, -0.0095674, , , , , , , 7.9608462, -0.0099031, , , , , , , 7.9608462, -0.0025177, , , , , , , , , , , , , , , , , , , , , , , , , , , , 
7.9613654, 0.0263523, , , , , , , 7.9613654, -0.0085603, , , , , , , 7.9613654, -0.0109102, , , , , , , 7.9613654, -0.005539, , , , , , , , , , , , , , , , , , , , , , , , , , , , 
7.9618846, 0.0280308, , , , , , , 7.9618846, -0.005539, , , , , , , 7.9618846, -0.0104067, , , , , , , 7.9618846, -0.0078889, , , , , , , , , , , , , , , , , , , , , , , , , , , , 
7.9624038, 0.0271916, , , , , , , 7.9624038, -0.0038605, , , , , , , 7.9624038, -0.0099031, , , , , , , 7.9624038, -0.0099031, , , , , , , , , , , , , , , , , , , , , , , , , , , , 
7.9629231, 0.0297093, , , , , , , 7.9629231, -0.0050355, , , , , , , 7.9629231, -0.0115816, , , , , , , 7.9629231, -0.0078889, , , , , , , , , , , , , , , , , , , , , , , , , , , , 
7.9634423, 0.0307164, , , , , , , 7.9634423, -0.0045319, , , , , , , 7.9634423, -0.012253, , , , , , , 7.9634423, -0.0036927, , , , , , , , , , , , , , , , , , , , , , , , , , , , 
7.9639615, 0.0307164, , , , , , , 7.9639615, -0.0038605, , , , , , , 7.9639615, -0.0105745, , , , , , , 7.9639615, 0.0025177, , , , , , , , , , , , , , , , , , , , , , , , , , , , 
7.9644808, 0.0302129, , , , , , , 7.9644808, -0.0046998, , , , , , , 7.9644808, -0.0099031, , , , , , , 7.9644808, 0.0075532, , , , , , , , , , , , , , , , , , , , , , , , , , , , 
7.965, 0.0263523, , , , , , , 7.965, -0.0062104, , , , , , , 7.965, -0.0112459, , , , , , , 7.965, 0.0099031, , , , , , , , , , , , , , , , , , , , , , , , , , , , 
7.9655192, 0.0196384, , , , , , , 7.9655192, -0.0068818, , , , , , , 7.9655192, -0.0105745, , , , , , , 7.9655192, 0.0112459, , , , , , , , , , , , , , , , , , , , , , , , , , , , 
7.9660385, 0.0109102, , , , , , , 7.9660385, -0.0065461, , , , , , , 7.9660385, -0.0085603, , , , , , , 7.9660385, 0.0142672, , , , , , , , , , , , , , , , , , , , , , , , , , , , 
7.9665577, 0.0018463, , , , , , , 7.9665577, -0.005539, , , , , , , 7.9665577, -0.0072175, , , , , , , 7.9665577, 0.0218204, , , , , , , , , , , , , , , , , , , , , , , , , , , , 
7.9670769, -0.0060426, , , , , , , 7.9670769, -0.0050355, , , , , , , 7.9670769, -0.0065461, , , , , , , 7.9670769, 0.0297093, , , , , , , , , , , , , , , , , , , , , , , , , , , , 
7.9675962, -0.0117494, , , , , , , 7.9675962, -0.005539, , , , , , , 7.9675962, -0.0045319, , , , , , , 7.9675962, 0.0340734, , , , , , , , , , , , , , , , , , , , , , , , , , , , 
7.9681154, -0.0146029, , , , , , , 7.9681154, -0.0045319, , , , , , , 7.9681154, -0.0028534, , , , , , , 7.9681154, 0.036759, , , , , , , , , , , , , , , , , , , , , , , , , , , , 
7.9686346, -0.0176242, , , , , , , 7.9686346, -0.0052033, , , , , , , 7.9686346, -0.0028534, , , , , , , 7.9686346, 0.0404517, , , , , , , , , , , , , , , , , , , , , , , , , , , , 
7.9691538, -0.0198062, , , , , , , 7.9691538, -0.0068818, , , , , , , 7.9691538, -0.0015106, , , , , , , 7.9691538, 0.043473, , , , , , , , , , , , , , , , , , , , , , , , , , , , 
7.9696731, -0.0224918, , , , , , , 7.9696731, -0.0082246, , , , , , , 7.9696731, -0.0020142, , , , , , , 7.9696731, 0.043473, , , , , , , , , , , , , , , , , , , , , , , , , , , , 
7.9701923, -0.0198062, , , , , , , 7.9701923, -0.0097353, , , , , , , 7.9701923, -0.0031891, , , , , , , 7.9701923, 0.0404517, , , , , , , , , , , , , , , , , , , , , , , , , , , , 
7.9707115, -0.012253, , , , , , , 7.9707115, -0.0124208, , , , , , , 7.9707115, -0.0052033, , , , , , , 7.9707115, 0.0359197, , , , , , , , , , , , , , , , , , , , , , , , , , , , 
7.9712308, -0.0041962, , , , , , , 7.9712308, -0.0142672, , , , , , , 7.9712308, -0.0058747, , , , , , , 7.9712308, 0.0293736, , , , , , , , , , , , , , , , , , , , , , , , , , , , 
7.97175, 0.0030213, , , , , , , 7.97175, -0.0125887, , , , , , , 7.97175, -0.0068818, , , , , , , 7.97175, 0.0253452, , , , , , , , , , , , , , , , , , , , , , , , , , , , 
7.9722692, 0.011078, , , , , , , 7.9722692, -0.011078, , , , , , , 7.9722692, -0.0062104, , , , , , , 7.9722692, 0.0226596, , , , , , , , , , , , , , , , , , , , , , , , , , , , 
7.9727885, 0.0186313, , , , , , , 7.9727885, -0.0117494, , , , , , , 7.9727885, -0.0045319, , , , , , , 7.9727885, 0.0182956, , , , , , , , , , , , , , , , , , , , , , , , , , , , 
7.9733077, 0.0213169, , , , , , , 7.9733077, -0.0129244, , , , , , , 7.9733077, -0.0058747, , , , , , , 7.9733077, 0.0149386, , , , , , , , , , , , , , , , , , , , , , , , , , , , 
7.9738269, 0.0236667, , , , , , , 7.9738269, -0.0132601, , , , , , , 7.9738269, -0.0072175, , , , , , , 7.9738269, 0.0154421, , , , , , , , , , , , , , , , , , , , , , , , , , , , 
7.9743462, 0.0240024, , , , , , , 7.9743462, -0.012253, , , , , , , 7.9743462, -0.0068818, , , , , , , 7.9743462, 0.0167849, , , , , , , , , , , , , , , , , , , , , , , , , , , , 
7.9748654, 0.0226596, , , , , , , 7.9748654, -0.0109102, , , , , , , 7.9748654, -0.0048676, , , , , , , 7.9748654, 0.0142672, , , , , , , , , , , , , , , , , , , , , , , , , , , , 
7.9753846, 0.0179599, , , , , , , 7.9753846, -0.008896, , , , , , , 7.9753846, -0.0058747, , , , , , , 7.9753846, 0.0124208, , , , , , , , , , , , , , , , , , , , , , , , , , , , 
7.9759038, 0.0169528, , , , , , , 7.9759038, -0.0078889, , , , , , , 7.9759038, -0.0077211, , , , , , , 7.9759038, 0.0099031, , , , , , , , , , , , , , , , , , , , , , , , , , , , 
7.9764231, 0.0186313, , , , , , , 7.9764231, -0.0078889, , , , , , , 7.9764231, -0.0062104, , , , , , , 7.9764231, 0.008896, , , , , , , , , , , , , , , , , , , , , , , , , , , , 
7.9769423, 0.0199741, , , , , , , 7.9769423, -0.0068818, , , , , , , 7.9769423, -0.0041962, , , , , , , 7.9769423, 0.0075532, , , , , , , , , , , , , , , , , , , , , , , , , , , , 
7.9774615, 0.0221561, , , , , , , 7.9774615, -0.0058747, , , , , , , 7.9774615, -0.0048676, , , , , , , 7.9774615, 0.0038605, , , , , , , , , , , , , , , , , , , , , , , , , , , , 
7.9779808, 0.023331, , , , , , , 7.9779808, -0.0065461, , , , , , , 7.9779808, -0.0075532, , , , , , , 7.9779808, 0.0008392, , , , , , , , , , , , , , , , , , , , , , , , , , , , 
7.9785, 0.0236667, , , , , , , 7.9785, -0.0058747, , , , , , , 7.9785, -0.0082246, , , , , , , 7.9785, -0.0010071, , , , , , , , , , , , , , , , , , , , , , , , , , , , 
7.9790192, 0.0213169, , , , , , , 7.9790192, -0.0062104, , , , , , , 7.9790192, -0.0085603, , , , , , , 7.9790192, -0.0018463, , , , , , , , , , , , , , , , , , , , , , , , , , , , 
7.9795385, 0.0219883, , , , , , , 7.9795385, -0.0070497, , , , , , , 7.9795385, -0.0099031, , , , , , , 7.9795385, -0.0031891, , , , , , , , , , , , , , , , , , , , , , , , , , , , 
7.9800577, 0.0240024, , , , , , , 7.9800577, -0.0082246, , , , , , , 7.9800577, -0.0102388, , , , , , , 7.9800577, -0.0052033, , , , , , , , , , , , , , , , , , , , , , , , , , , , 
7.9805769, 0.0290379, , , , , , , 7.9805769, -0.0075532, , , , , , , 7.9805769, -0.0099031, , , , , , , 7.9805769, -0.0112459, , , , , , , , , , , , , , , , , , , , , , , , , , , , 
7.9810962, 0.0320592, , , , , , , 7.9810962, -0.0072175, , , , , , , 7.9810962, -0.0125887, , , , , , , 7.9810962, -0.0179599, , , , , , , , , , , , , , , , , , , , , , , , , , , , 
7.9816154, 0.03122, , , , , , , 7.9816154, -0.0078889, , , , , , , 7.9816154, -0.01561, , , , , , , 7.9816154, -0.0176242, , , , , , , , , , , , , , , , , , , , , , , , , , , , 
7.9821346, 0.0305486, , , , , , , 7.9821346, -0.008896, , , , , , , 7.9821346, -0.0132601, , , , , , , 7.9821346, -0.014435, , , , , , , , , , , , , , , , , , , , , , , , , , , , 
7.9826538, 0.0280308, , , , , , , 7.9826538, -0.008896, , , , , , , 7.9826538, -0.0109102, , , , , , , 7.9826538, -0.0117494, , , , , , , , , , , , , , , , , , , , , , , , , , , , 
7.9831731, 0.023331, , , , , , , 7.9831731, -0.0095674, , , , , , , 7.9831731, -0.0129244, , , , , , , 7.9831731, -0.0085603, , , , , , , , , , , , , , , , , , , , , , , , , , , , 
7.9836923, 0.0203098, , , , , , , 7.9836923, -0.0092317, , , , , , , 7.9836923, -0.014435, , , , , , , 7.9836923, -0.0041962, , , , , , , , , , , , , , , , , , , , , , , , , , , , 
7.9842115, 0.0182956, , , , , , , 7.9842115, -0.0072175, , , , , , , 7.9842115, -0.0139315, , , , , , , 7.9842115, 0.0005035, , , , , , , , , , , , , , , , , , , , , , , , , , , , 
7.9847308, 0.0159457, , , , , , , 7.9847308, -0.0052033, , , , , , , 7.9847308, -0.0140993, , , , , , , 7.9847308, 0.0045319, , , , , , , , , , , , , , , , , , , , , , , , , , , , 
7.98525, 0.0139315, , , , , , , 7.98525, -0.0065461, , , , , , , 7.98525, -0.0137636, , , , , , , 7.98525, 0.0092317, , , , , , , , , , , , , , , , , , , , , , , , , , , , 
7.9857692, 0.0124208, , , , , , , 7.9857692, -0.008896, , , , , , , 7.9857692, -0.0115816, , , , , , , 7.9857692, 0.0162814, , , , , , , , , , , , , , , , , , , , , , , , , , , , 
7.9862885, 0.0132601, , , , , , , 7.9862885, -0.0082246, , , , , , , 7.9862885, -0.0105745, , , , , , , 7.9862885, 0.0236667, , , , , , , , , , , , , , , , , , , , , , , , , , , , 
7.9868077, 0.0075532, , , , , , , 7.9868077, -0.0062104, , , , , , , 7.9868077, -0.0099031, , , , , , , 7.9868077, 0.0313878, , , , , , , , , , , , , , , , , , , , , , , , , , , , 
7.9873269, -0.0015106, , , , , , , 7.9873269, -0.0052033, , , , , , , 7.9873269, -0.0085603, , , , , , , 7.9873269, 0.0365911, , , , , , , , , , , , , , , , , , , , , , , , , , , , 
7.9878462, -0.0057069, , , , , , , 7.9878462, -0.0075532, , , , , , , 7.9878462, -0.0063783, , , , , , , 7.9878462, 0.0394446, , , , , , , , , , , , , , , , , , , , , , , , , , , , 
7.9883654, -0.0109102, , , , , , , 7.9883654, -0.0072175, , , , , , , 7.9883654, -0.0028534, , , , , , , 7.9883654, 0.0414588, , , , , , , , , , , , , , , , , , , , , , , , , , , , 
7.9888846, -0.0172885, , , , , , , 7.9888846, -0.0048676, , , , , , , 7.9888846, 0.0003357, , , , , , , 7.9888846, 0.043473, , , , , , , , , , , , , , , , , , , , , , , , , , , , 
7.9894038, -0.023331, , , , , , , 7.9894038, -0.005539, , , , , , , 7.9894038, 0.0005035, , , , , , , 7.9894038, 0.0439765, , , , , , , , , , , , , , , , , , , , , , , , , , , , 
7.9899231, -0.0224918, , , , , , , 7.9899231, -0.0075532, , , , , , , 7.9899231, -0.0005035, , , , , , , 7.9899231, 0.0428016, , , , , , , , , , , , , , , , , , , , , , , , , , , , 
7.9904423, -0.012253, , , , , , , 7.9904423, -0.0085603, , , , , , , 7.9904423, -0.003357, , , , , , , 7.9904423, 0.0374304, , , , , , , , , , , , , , , , , , , , , , , , , , , , 
7.9909615, 0.0011749, , , , , , , 7.9909615, -0.008896, , , , , , , 7.9909615, -0.0063783, , , , , , , 7.9909615, 0.0317235, , , , , , , , , , , , , , , , , , , , , , , , , , , , 
7.9914808, 0.0109102, , , , , , , 7.9914808, -0.0095674, , , , , , , 7.9914808, -0.0063783, , , , , , , 7.9914808, 0.0236667, , , , , , , , , , , , , , , , , , , , , , , , , , , , 
7.992, 0.0172885, , , , , , , 7.992, -0.0099031, , , , , , , 7.992, -0.0052033, , , , , , , 7.992, 0.0146029, , , , , , , , , , , , , , , , , , , , , , , , , , , , 
7.9925192, 0.0243381, , , , , , , 7.9925192, -0.0082246, , , , , , , 7.9925192, -0.0070497, , , , , , , 7.9925192, 0.0085603, , , , , , , , , , , , , , , , , , , , , , , , , , , , 
7.9930385, 0.027863, , , , , , , 7.9930385, -0.0075532, , , , , , , 7.9930385, -0.0082246, , , , , , , 7.9930385, 0.0031891, , , , , , , , , , , , , , , , , , , , , , , , , , , , 
7.9935577, 0.0265202, , , , , , , 7.9935577, -0.0077211, , , , , , , 7.9935577, -0.0082246, , , , , , , 7.9935577, 0.0023499, , , , , , , , , , , , , , , , , , , , , , , , , , , , 
7.9940769, 0.0260166, , , , , , , 7.9940769, -0.0070497, , , , , , , 7.9940769, -0.008896, , , , , , , 7.9940769, 0.0035248, , , , , , , , , , , , , , , , , , , , , , , , , , , , 
7.9945962, 0.030045, , , , , , , 7.9945962, -0.0062104, , , , , , , 7.9945962, -0.0099031, , , , , , , 7.9945962, 0.0035248, , , , , , , , , , , , , , , , , , , , , , , , , , , , 
7.9951154, 0.0307164, , , , , , , 7.9951154, -0.0075532, , , , , , , 7.9951154, -0.0085603, , , , , , , 7.9951154, 0.0048676, , , , , , , , , , , , , , , , , , , , , , , , , , , , 
7.9956346, 0.0270237, , , , , , , 7.9956346, -0.0092317, , , , , , , 7.9956346, -0.0075532, , , , , , , 7.9956346, 0.0058747, , , , , , , , , , , , , , , , , , , , , , , , , , , , 
7.9961538, 0.0261845, , , , , , , 7.9961538, -0.0078889, , , , , , , 7.9961538, -0.0095674, , , , , , , 7.9961538, 0.005539, , , , , , , , , , , , , , , , , , , , , , , , , , , , 
7.9966731, 0.0273594, , , , , , , 7.9966731, -0.0073854, , , , , , , 7.9966731, -0.0095674, , , , , , , 7.9966731, 0.0048676, , , , , , , , , , , , , , , , , , , , , , , , , , , , 
7.9971923, 0.0246738, , , , , , , 7.9971923, -0.0078889, , , , , , , 7.9971923, -0.008896, , , , , , , 7.9971923, 0.0065461, , , , , , , , , , , , , , , , , , , , , , , , , , , , 
7.9977115, 0.023331, , , , , , , 7.9977115, -0.008896, , , , , , , 7.9977115, -0.0083925, , , , , , , 7.9977115, 0.008896, , , , , , , , , , , , , , , , , , , , , , , , , , , , 
7.9982308, 0.0206455, , , , , , , 7.9982308, -0.0072175, , , , , , , 7.9982308, -0.0060426, , , , , , , 7.9982308, 0.0090639, , , , , , , , , , , , , , , , , , , , , , , , , , , , 
7.99875, 0.0162814, , , , , , , 7.99875, -0.0075532, , , , , , , 7.99875, -0.0046998, , , , , , , 7.99875, 0.0085603, , , , , , , , , , , , , , , , , , , , , , , , , , , , 
7.9992692, 0.0181277, , , , , , , 7.9992692, -0.0075532, , , , , , , 7.9992692, -0.0068818, , , , , , , 7.9992692, 0.0095674, , , , , , , , , , , , , , , , , , , , , , , , , , , , 
7.9997885, 0.023331, , , , , , , 7.9997885, -0.0073854, , , , , , , 7.9997885, -0.0070497, , , , , , , 7.9997885, 0.0068818, , , , , , , , , , , , , , , , , , , , , , , , , , , , 
8.0003077, 0.018967, , , , , , , 8.0003077, -0.0082246, , , , , , , 8.0003077, -0.0045319, , , , , , , 8.0003077, 0.0015106, , , , , , , , , , , , , , , , , , , , , , , , , , , , 
8.0008269, 0.0199741, , , , , , , 8.0008269, -0.0082246, , , , , , , 8.0008269, -0.0062104, , , , , , , 8.0008269, -0.0018463, , , , , , , , , , , , , , , , , , , , , , , , , , , , 
8.0013462, 0.0313878, , , , , , , 8.0013462, -0.0068818, , , , , , , 8.0013462, -0.010071, , , , , , , 8.0013462, -0.0035248, , , , , , , , , , , , , , , , , , , , , , , , , , , , 
8.0018654, 0.0381018, , , , , , , 8.0018654, -0.0068818, , , , , , , 8.0018654, -0.0125887, , , , , , , 8.0018654, -0.0068818, , , , , , , , , , , , , , , , , , , , , , , , , , , , 
8.0023846, 0.0347448, , , , , , , 8.0023846, -0.0062104, , , , , , , 8.0023846, -0.0129244, , , , , , , 8.0023846, -0.008896, , , , , , , , , , , , , , , , , , , , , , , , , , , , 
8.0029038, 0.0313878, , , , , , , 8.0029038, -0.0041962, , , , , , , 8.0029038, -0.0124208, , , , , , , 8.0029038, -0.0085603, , , , , , , , , , , , , , , , , , , , , , , , , , , , 
8.0034231, 0.0323949, , , , , , , 8.0034231, -0.0045319, , , , , , , 8.0034231, -0.0129244, , , , , , , 8.0034231, -0.0068818, , , , , , , , , , , , , , , , , , , , , , , , , , , , 
8.0039423, 0.0307164, , , , , , , 8.0039423, -0.0068818, , , , , , , 8.0039423, -0.012253, , , , , , , 8.0039423, -0.0038605, , , , , , , , , , , , , , , , , , , , , , , , , , , , 
8.0044615, 0.0240024, , , , , , , 8.0044615, -0.0072175, , , , , , , 8.0044615, -0.0115816, , , , , , , 8.0044615, 0.0020142, , , , , , , , , , , , , , , , , , , , , , , , , , , , 
8.0049808, 0.0193027, , , , , , , 8.0049808, -0.0062104, , , , , , , 8.0049808, -0.0102388, , , , , , , 8.0049808, 0.0072175, , , , , , , , , , , , , , , , , , , , , , , , , , , , 
8.0055, 0.0142672, , , , , , , 8.0055, -0.0068818, , , , , , , 8.0055, -0.0082246, , , , , , , 8.0055, 0.0095674, , , , , , , , , , , , , , , , , , , , , , , , , , , , 
8.0060192, 0.0092317, , , , , , , 8.0060192, -0.0082246, , , , , , , 8.0060192, -0.0075532, , , , , , , 8.0060192, 0.0132601, , , , , , , , , , , , , , , , , , , , , , , , , , , , 
8.0065385, 0.0075532, , , , , , , 8.0065385, -0.0085603, , , , , , , 8.0065385, -0.0068818, , , , , , , 8.0065385, 0.0196384, , , , , , , , , , , , , , , , , , , , , , , , , , , , 
8.0070577, 0.0045319, , , , , , , 8.0070577, -0.0085603, , , , , , , 8.0070577, -0.0082246, , , , , , , 8.0070577, 0.0260166, , , , , , , , , , , , , , , , , , , , , , , , , , , , 
8.0075769, -0.0005035, , , , , , , 8.0075769, -0.0082246, , , , , , , 8.0075769, -0.0075532, , , , , , , 8.0075769, 0.0318914, , , , , , , , , , , , , , , , , , , , , , , , , , , , 
8.0080962, -0.0041962, , , , , , , 8.0080962, -0.0068818, , , , , , , 8.0080962, -0.0068818, , , , , , , 8.0080962, 0.0350805, , , , , , , , , , , , , , , , , , , , , , , , , , , , 
8.0086154, -0.005539, , , , , , , 8.0086154, -0.0075532, , , , , , , 8.0086154, -0.005539, , , , , , , 8.0086154, 0.0374304, , , , , , , , , , , , , , , , , , , , , , , , , , , , 
8.0091346, -0.0070497, , , , , , , 8.0091346, -0.008896, , , , , , , 8.0091346, -0.0050355, , , , , , , 8.0091346, 0.0381018, , , , , , , , , , , , , , , , , , , , , , , , , , , , 
8.0096538, -0.008896, , , , , , , 8.0096538, -0.0099031, , , , , , , 8.0096538, -0.0038605, , , , , , , 8.0096538, 0.0404517, , , , , , , , , , , , , , , , , , , , , , , , , , , , 
8.0101731, -0.0109102, , , , , , , 8.0101731, -0.008896, , , , , , , 8.0101731, -0.0025177, , , , , , , 8.0101731, 0.0391089, , , , , , , , , , , , , , , , , , , , , , , , , , , , 
8.0106923, -0.0063783, , , , , , , 8.0106923, -0.0075532, , , , , , , 8.0106923, -0.0028534, , , , , , , 8.0106923, 0.0347448, , , , , , , , , , , , , , , , , , , , , , , , , , , , 
8.0112115, -0.0001678, , , , , , , 8.0112115, -0.0092317, , , , , , , 8.0112115, -0.005539, , , , , , , 8.0112115, 0.0330663, , , , , , , , , , , , , , , , , , , , , , , , , , , , 
8.0117308, 0.0028534, , , , , , , 8.0117308, -0.0102388, , , , , , , 8.0117308, -0.0082246, , , , , , , 8.0117308, 0.0293736, , , , , , , , , , , , , , , , , , , , , , , , , , , , 
8.01225, 0.002182, , , , , , , 8.01225, -0.0109102, , , , , , , 8.01225, -0.0082246, , , , , , , 8.01225, 0.0229953, , , , , , , , , , , , , , , , , , , , , , , , , , , , 
8.0127692, 0.0075532, , , , , , , 8.0127692, -0.0109102, , , , , , , 8.0127692, -0.0073854, , , , , , , 8.0127692, 0.0196384, , , , , , , , , , , , , , , , , , , , , , , , , , , , 
8.0132885, 0.0132601, , , , , , , 8.0132885, -0.0095674, , , , , , , 8.0132885, -0.0068818, , , , , , , 8.0132885, 0.0176242, , , , , , , , , , , , , , , , , , , , , , , , , , , , 
8.0138077, 0.008896, , , , , , , 8.0138077, -0.0078889, , , , , , , 8.0138077, -0.0063783, , , , , , , 8.0138077, 0.0159457, , , , , , , , , , , , , , , , , , , , , , , , , , , , 
8.0143269, 0.0045319, , , , , , , 8.0143269, -0.0068818, , , , , , , 8.0143269, -0.0062104, , , , , , , 8.0143269, 0.0149386, , , , , , , , , , , , , , , , , , , , , , , , , , , , 
8.0148462, 0.0077211, , , , , , , 8.0148462, -0.005539, , , , , , , 8.0148462, -0.0045319, , , , , , , 8.0148462, 0.0115816, , , , , , , , , , , , , , , , , , , , , , , , , , , , 
8.0153654, 0.0102388, , , , , , , 8.0153654, -0.0045319, , , , , , , 8.0153654, -0.0045319, , , , , , , 8.0153654, 0.0072175, , , , , , , , , , , , , , , , , , , , , , , , , , , , 
8.0158846, 0.0115816, , , , , , , 8.0158846, -0.005539, , , , , , , 8.0158846, -0.0092317, , , , , , , 8.0158846, 0.0058747, , , , , , , , , , , , , , , , , , , , , , , , , , , , 
8.0164038, 0.0142672, , , , , , , 8.0164038, -0.0058747, , , , , , , 8.0164038, -0.012253, , , , , , , 8.0164038, 0.0052033, , , , , , , , , , , , , , , , , , , , , , , , , , , , 
8.0169231, 0.01561, , , , , , , 8.0169231, -0.0072175, , , , , , , 8.0169231, -0.012253, , , , , , , 8.0169231, 0.0028534, , , , , , , , , , , , , , , , , , , , , , , , , , , , 
8.0174423, 0.0159457, , , , , , , 8.0174423, -0.0075532, , , , , , , 8.0174423, -0.0092317, , , , , , , 8.0174423, 0.002182, , , , , , , , , , , , , , , , , , , , , , , , , , , , 
8.0179615, 0.0172885, , , , , , , 8.0179615, -0.0068818, , , , , , , 8.0179615, -0.0075532, , , , , , , 8.0179615, 0.0058747, , , , , , , , , , , , , , , , , , , , , , , , , , , , 
8.0184808, 0.0198062, , , , , , , 8.0184808, -0.0075532, , , , , , , 8.0184808, -0.0085603, , , , , , , 8.0184808, 0.0083925, , , , , , , , , , , , , , , , , , , , , , , , , , , , 
8.019, 0.0226596, , , , , , , 8.019, -0.0065461, , , , , , , 8.019, -0.0082246, , , , , , , 8.019, 0.0078889, , , , , , , , , , , , , , , , , , , , , , , , , , , , 
8.0195192, 0.023331, , , , , , , 8.0195192, -0.0057069, , , , , , , 8.0195192, -0.0075532, , , , , , , 8.0195192, 0.0072175, , , , , , , , , , , , , , , , , , , , , , , , , , , , 
8.0200385, 0.0246738, , , , , , , 8.0200385, -0.0062104, , , , , , , 8.0200385, -0.0068818, , , , , , , 8.0200385, 0.0045319, , , , , , , , , , , , , , , , , , , , , , , , , , , , 
8.0205577, 0.0263523, , , , , , , 8.0205577, -0.0082246, , , , , , , 8.0205577, -0.0070497, , , , , , , 8.0205577, 0.0005035, , , , , , , , , , , , , , , , , , , , , , , , , , , , 
8.0210769, 0.0293736, , , , , , , 8.0210769, -0.0095674, , , , , , , 8.0210769, -0.0082246, , , , , , , 8.0210769, -0.002182, , , , , , , , , , , , , , , , , , , , , , , , , , , , 
8.0215962, 0.0290379, , , , , , , 8.0215962, -0.008896, , , , , , , 8.0215962, -0.0104067, , , , , , , 8.0215962, -0.0025177, , , , , , , , , , , , , , , , , , , , , , , , , , , , 
8.0221154, 0.0283665, , , , , , , 8.0221154, -0.0075532, , , , , , , 8.0221154, -0.0115816, , , , , , , 8.0221154, -0.0035248, , , , , , , , , , , , , , , , , , , , , , , , , , , , 
8.0226346, 0.033402, , , , , , , 8.0226346, -0.0068818, , , , , , , 8.0226346, -0.012253, , , , , , , 8.0226346, -0.0041962, , , , , , , , , , , , , , , , , , , , , , , , , , , , 
8.0231538, 0.0370947, , , , , , , 8.0231538, -0.008896, , , , , , , 8.0231538, -0.0109102, , , , , , , 8.0231538, -0.0028534, , , , , , , , , , , , , , , , , , , , , , , , , , , , 
8.0236731, 0.0340734, , , , , , , 8.0236731, -0.0104067, , , , , , , 8.0236731, -0.0095674, , , , , , , 8.0236731, 0.0010071, , , , , , , , , , , , , , , , , , , , , , , , , , , , 
8.0241923, 0.0253452, , , , , , , 8.0241923, -0.0085603, , , , , , , 8.0241923, -0.0095674, , , , , , , 8.0241923, 0.0028534, , , , , , , , , , , , , , , , , , , , , , , , , , , , 
8.0247115, 0.0179599, , , , , , , 8.0247115, -0.005539, , , , , , , 8.0247115, -0.0092317, , , , , , , 8.0247115, 0.0078889, , , , , , , , , , , , , , , , , , , , , , , , , , , , 
8.0252308, 0.011078, , , , , , , 8.0252308, -0.0035248, , , , , , , 8.0252308, -0.0075532, , , , , , , 8.0252308, 0.0132601, , , , , , , , , , , , , , , , , , , , , , , , , , , , 
8.02575, 0.0045319, , , , , , , 8.02575, -0.0052033, , , , , , , 8.02575, -0.0082246, , , , , , , 8.02575, 0.0172885, , , , , , , , , , , , , , , , , , , , , , , , , , , , 
8.0262692, -0.0005035, , , , , , , 8.0262692, -0.0062104, , , , , , , 8.0262692, -0.0102388, , , , , , , 8.0262692, 0.0240024, , , , , , , , , , , , , , , , , , , , , , , , , , , , 
8.0267885, -0.0005035, , , , , , , 8.0267885, -0.0072175, , , , , , , 8.0267885, -0.0102388, , , , , , , 8.0267885, 0.030045, , , , , , , , , , , , , , , , , , , , , , , , , , , , 
8.0273077, -0.0048676, , , , , , , 8.0273077, -0.0090639, , , , , , , 8.0273077, -0.0082246, , , , , , , 8.0273077, 0.0350805, , , , , , , , , , , , , , , , , , , , , , , , , , , , 
8.0278269, -0.0085603, , , , , , , 8.0278269, -0.008896, , , , , , , 8.0278269, -0.0075532, , , , , , , 8.0278269, 0.040116, , , , , , , , , , , , , , , , , , , , , , , , , , , , 
8.0283462, -0.0119173, , , , , , , 8.0283462, -0.0085603, , , , , , , 8.0283462, -0.0068818, , , , , , , 8.0283462, 0.0438087, , , , , , , , , , , , , , , , , , , , , , , , , , , , 
8.0288654, -0.0152743, , , , , , , 8.0288654, -0.0102388, , , , , , , 8.0288654, -0.0038605, , , , , , , 8.0288654, 0.0451514, , , , , , , , , , , , , , , , , , , , , , , , , , , , 
8.0293846, -0.0159457, , , , , , , 8.0293846, -0.0105745, , , , , , , 8.0293846, -0.0028534, , , , , , , 8.0293846, 0.0424659, , , , , , , , , , , , , , , , , , , , , , , , , , , , 
8.0299038, -0.0085603, , , , , , , 8.0299038, -0.0092317, , , , , , , 8.0299038, -0.0038605, , , , , , , 8.0299038, 0.0384375, , , , , , , , , , , , , , , , , , , , , , , , , , , , 
8.0304231, 0.0005035, , , , , , , 8.0304231, -0.0072175, , , , , , , 8.0304231, -0.005539, , , , , , , 8.0304231, 0.0327306, , , , , , , , , , , , , , , , , , , , , , , , , , , , 
8.0309423, 0.0078889, , , , , , , 8.0309423, -0.0068818, , , , , , , 8.0309423, -0.0062104, , , , , , , 8.0309423, 0.026688, , , , , , , , , , , , , , , , , , , , , , , , , , , , 
8.0314615, 0.0146029, , , , , , , 8.0314615, -0.0095674, , , , , , , 8.0314615, -0.0062104, , , , , , , 8.0314615, 0.0226596, , , , , , , , , , , , , , , , , , , , , , , , , , , , 
8.0319808, 0.0179599, , , , , , , 8.0319808, -0.0112459, , , , , , , 8.0319808, -0.0082246, , , , , , , 8.0319808, 0.0206455, , , , , , , , , , , , , , , , , , , , , , , , , , , , 
8.0325, 0.0196384, , , , , , , 8.0325, -0.0109102, , , , , , , 8.0325, -0.008896, , , , , , , 8.0325, 0.0172885, , , , , , , , , , , , , , , , , , , , , , , , , , , , 
8.0330192, 0.0208133, , , , , , , 8.0330192, -0.0104067, , , , , , , 8.0330192, -0.0082246, , , , , , , 8.0330192, 0.0129244, , , , , , , , , , , , , , , , , , , , , , , , , , , , 
8.0335385, 0.0206455, , , , , , , 8.0335385, -0.0097353, , , , , , , 8.0335385, -0.0072175, , , , , , , 8.0335385, 0.0090639, , , , , , , , , , , , , , , , , , , , , , , , , , , , 
8.0340577, 0.0199741, , , , , , , 8.0340577, -0.0095674, , , , , , , 8.0340577, -0.0072175, , , , , , , 8.0340577, 0.0092317, , , , , , , , , , , , , , , , , , , , , , , , , , , , 
8.0345769, 0.0216526, , , , , , , 8.0345769, -0.0105745, , , , , , , 8.0345769, -0.0058747, , , , , , , 8.0345769, 0.0095674, , , , , , , , , , , , , , , , , , , , , , , , , , , , 
8.0350962, 0.0204776, , , , , , , 8.0350962, -0.0109102, , , , , , , 8.0350962, -0.0041962, , , , , , , 8.0350962, 0.008896, , , , , , , , , , , , , , , , , , , , , , , , , , , , 
8.0356154, 0.0176242, , , , , , , 8.0356154, -0.0112459, , , , , , , 8.0356154, -0.0050355, , , , , , , 8.0356154, 0.0085603, , , , , , , , , , , , , , , , , , , , , , , , , , , , 
8.0361346, 0.0166171, , , , , , , 8.0361346, -0.0109102, , , , , , , 8.0361346, -0.0063783, , , , , , , 8.0361346, 0.0075532, , , , , , , , , , , , , , , , , , , , , , , , , , , , 
8.0366538, 0.0166171, , , , , , , 8.0366538, -0.0104067, , , , , , , 8.0366538, -0.0072175, , , , , , , 8.0366538, 0.0072175, , , , , , , , , , , , , , , , , , , , , , , , , , , , 
8.0371731, 0.0186313, , , , , , , 8.0371731, -0.0105745, , , , , , , 8.0371731, -0.005539, , , , , , , 8.0371731, 0.0065461, , , , , , , , , , , , , , , , , , , , , , , , , , , , 
8.0376923, 0.0250095, , , , , , , 8.0376923, -0.0082246, , , , , , , 8.0376923, -0.0045319, , , , , , , 8.0376923, 0.0050355, , , , , , , , , , , , , , , , , , , , , , , , , , , , 
8.0382115, 0.0280308, , , , , , , 8.0382115, -0.0062104, , , , , , , 8.0382115, -0.0062104, , , , , , , 8.0382115, 0.0045319, , , , , , , , , , , , , , , , , , , , , , , , , , , , 
8.0387308, 0.0256809, , , , , , , 8.0387308, -0.0065461, , , , , , , 8.0387308, -0.0075532, , , , , , , 8.0387308, 0.0031891, , , , , , , , , , , , , , , , , , , , , , , , , , , , 
8.03925, 0.0253452, , , , , , , 8.03925, -0.0083925, , , , , , , 8.03925, -0.0068818, , , , , , , 8.03925, 0.0011749, , , , , , , , , , , , , , , , , , , , , , , , , , , , 
8.0397692, 0.026688, , , , , , , 8.0397692, -0.0092317, , , , , , , 8.0397692, -0.0078889, , , , , , , 8.0397692, 0.0010071, , , , , , , , , , , , , , , , , , , , , , , , , , , , 
8.0402885, 0.0320592, , , , , , , 8.0402885, -0.0065461, , , , , , , 8.0402885, -0.0082246, , , , , , , 8.0402885, -0.0005035, , , , , , , , , , , , , , , , , , , , , , , , , , , , 
8.0408077, 0.0352483, , , , , , , 8.0408077, -0.0058747, , , , , , , 8.0408077, -0.0078889, , , , , , , 8.0408077, -0.0050355, , , , , , , , , , , , , , , , , , , , , , , , , , , , 
8.0413269, 0.0327306, , , , , , , 8.0413269, -0.0075532, , , , , , , 8.0413269, -0.0082246, , , , , , , 8.0413269, -0.0095674, , , , , , , , , , , , , , , , , , , , , , , , , , , , 
8.0418462, 0.0318914, , , , , , , 8.0418462, -0.0068818, , , , , , , 8.0418462, -0.011078, , , , , , , 8.0418462, -0.0102388, , , , , , , , , , , , , , , , , , , , , , , , , , , , 
8.0423654, 0.0347448, , , , , , , 8.0423654, -0.0052033, , , , , , , 8.0423654, -0.0115816, , , , , , , 8.0423654, -0.0099031, , , , , , , , , , , , , , , , , , , , , , , , , , , , 
8.0428846, 0.0354162, , , , , , , 8.0428846, -0.0048676, , , , , , , 8.0428846, -0.0115816, , , , , , , 8.0428846, -0.0092317, , , , , , , , , , , , , , , , , , , , , , , , , , , , 
8.0434038, 0.0317235, , , , , , , 8.0434038, -0.0048676, , , , , , , 8.0434038, -0.012253, , , , , , , 8.0434038, -0.0072175, , , , , , , , , , , , , , , , , , , , , , , , , , , , 
8.0439231, 0.0276951, , , , , , , 8.0439231, -0.0068818, , , , , , , 8.0439231, -0.0129244, , , , , , , 8.0439231, -0.0031891, , , , , , , , , , , , , , , , , , , , , , , , , , , , 
8.0444423, 0.0229953, , , , , , , 8.0444423, -0.0082246, , , , , , , 8.0444423, -0.0102388, , , , , , , 8.0444423, 0.0001678, , , , , , , , , , , , , , , , , , , , , , , , , , , , 
8.0449615, 0.0176242, , , , , , , 8.0449615, -0.0073854, , , , , , , 8.0449615, -0.0082246, , , , , , , 8.0449615, 0.0018463, , , , , , , , , , , , , , , , , , , , , , , , , , , , 
8.0454808, 0.0124208, , , , , , , 8.0454808, -0.0058747, , , , , , , 8.0454808, -0.0065461, , , , , , , 8.0454808, 0.0052033, , , , , , , , , , , , , , , , , , , , , , , , , , , , 
8.046, 0.0090639, , , , , , , 8.046, -0.0048676, , , , , , , 8.046, -0.0062104, , , , , , , 8.046, 0.0105745, , , , , , , , , , , , , , , , , , , , , , , , , , , , 
8.0465192, 0.0035248, , , , , , , 8.0465192, -0.005539, , , , , , , 8.0465192, -0.0058747, , , , , , , 8.0465192, 0.0166171, , , , , , , , , , , , , , , , , , , , , , , , , , , , 
8.0470385, -0.0045319, , , , , , , 8.0470385, -0.0052033, , , , , , , 8.0470385, -0.0058747, , , , , , , 8.0470385, 0.0213169, , , , , , , , , , , , , , , , , , , , , , , , , , , , 
8.0475577, -0.0099031, , , , , , , 8.0475577, -0.0048676, , , , , , , 8.0475577, -0.0068818, , , , , , , 8.0475577, 0.0265202, , , , , , , , , , , , , , , , , , , , , , , , , , , , 
8.0480769, -0.0162814, , , , , , , 8.0480769, -0.0048676, , , , , , , 8.0480769, -0.0068818, , , , , , , 8.0480769, 0.0302129, , , , , , , , , , , , , , , , , , , , , , , , , , , , 
8.0485962, -0.0223239, , , , , , , 8.0485962, -0.0036927, , , , , , , 8.0485962, -0.0082246, , , , , , , 8.0485962, 0.0303807, , , , , , , , , , , , , , , , , , , , , , , , , , , , 
8.0491154, -0.024506, , , , , , , 8.0491154, -0.0045319, , , , , , , 8.0491154, -0.0102388, , , , , , , 8.0491154, 0.0280308, , , , , , , , , , , , , , , , , , , , , , , , , , , , 
8.0496346, -0.0265202, , , , , , , 8.0496346, -0.0062104, , , , , , , 8.0496346, -0.0083925, , , , , , , 8.0496346, 0.0270237, , , , , , , , , , , , , , , , , , , , , , , , , , , , 
8.0501538, -0.0310521, , , , , , , 8.0501538, -0.0058747, , , , , , , 8.0501538, -0.0060426, , , , , , , 8.0501538, 0.0256809, , , , , , , , , , , , , , , , , , , , , , , , , , , , 
8.0506731, -0.0297093, , , , , , , 8.0506731, -0.0058747, , , , , , , 8.0506731, -0.0065461, , , , , , , 8.0506731, 0.0240024, , , , , , , , , , , , , , , , , , , , , , , , , , , , 
8.0511923, -0.0243381, , , , , , , 8.0511923, -0.0075532, , , , , , , 8.0511923, -0.005539, , , , , , , 8.0511923, 0.0209812, , , , , , , , , , , , , , , , , , , , , , , , , , , , 
8.0517115, -0.0196384, , , , , , , 8.0517115, -0.0092317, , , , , , , 8.0517115, -0.0035248, , , , , , , 8.0517115, 0.0193027, , , , , , , , , , , , , , , , , , , , , , , , , , , , 
8.0522308, -0.0166171, , , , , , , 8.0522308, -0.0102388, , , , , , , 8.0522308, -0.0035248, , , , , , , 8.0522308, 0.0186313, , , , , , , , , , , , , , , , , , , , , , , , , , , , 
8.05275, -0.0125887, , , , , , , 8.05275, -0.0097353, , , , , , , 8.05275, -0.0045319, , , , , , , 8.05275, 0.0186313, , , , , , , , , , , , , , , , , , , , , , , , , , , , 
8.0532692, -0.0082246, , , , , , , 8.0532692, -0.0092317, , , , , , , 8.0532692, -0.0062104, , , , , , , 8.0532692, 0.0186313, , , , , , , , , , , , , , , , , , , , , , , , , , , , 
8.0537885, -0.0048676, , , , , , , 8.0537885, -0.0102388, , , , , , , 8.0537885, -0.0068818, , , , , , , 8.0537885, 0.0151064, , , , , , , , , , , , , , , , , , , , , , , , , , , , 
8.0543077, -0.0065461, , , , , , , 8.0543077, -0.0117494, , , , , , , 8.0543077, -0.008896, , , , , , , 8.0543077, 0.0085603, , , , , , , , , , , , , , , , , , , , , , , , , , , , 
8.0548269, -0.002182, , , , , , , 8.0548269, -0.0109102, , , , , , , 8.0548269, -0.0112459, , , , , , , 8.0548269, 0.0031891, , , , , , , , , , , , , , , , , , , , , , , , , , , , 
8.0553462, 0.0036927, , , , , , , 8.0553462, -0.0095674, , , , , , , 8.0553462, -0.011078, , , , , , , 8.0553462, 0.0043641, , , , , , , , , , , , , , , , , , , , , , , , , , , , 
8.0558654, 0.0058747, , , , , , , 8.0558654, -0.0082246, , , , , , , 8.0558654, -0.012253, , , , , , , 8.0558654, 0.0058747, , , , , , , , , , , , , , , , , , , , , , , , , , , , 
8.0563846, 0.0062104, , , , , , , 8.0563846, -0.0102388, , , , , , , 8.0563846, -0.011078, , , , , , , 8.0563846, 0.0058747, , , , , , , , , , , , , , , , , , , , , , , , , , , , 
8.0569038, 0.0085603, , , , , , , 8.0569038, -0.012253, , , , , , , 8.0569038, -0.0095674, , , , , , , 8.0569038, 0.0052033, , , , , , , , , , , , , , , , , , , , , , , , , , , , 
8.0574231, 0.0127565, , , , , , , 8.0574231, -0.0102388, , , , , , , 8.0574231, -0.0095674, , , , , , , 8.0574231, 0.0068818, , , , , , , , , , , , , , , , , , , , , , , , , , , , 
8.0579423, 0.0172885, , , , , , , 8.0579423, -0.0085603, , , , , , , 8.0579423, -0.0109102, , , , , , , 8.0579423, 0.011078, , , , , , , , , , , , , , , , , , , , , , , , , , , , 
8.0584615, 0.0196384, , , , , , , 8.0584615, -0.0082246, , , , , , , 8.0584615, -0.0104067, , , , , , , 8.0584615, 0.0146029, , , , , , , , , , , , , , , , , , , , , , , , , , , , 
8.0589808, 0.0196384, , , , , , , 8.0589808, -0.0075532, , , , , , , 8.0589808, -0.0095674, , , , , , , 8.0589808, 0.0166171, , , , , , , , , , , , , , , , , , , , , , , , , , , , 
8.0595, 0.0199741, , , , , , , 8.0595, -0.0048676, , , , , , , 8.0595, -0.0095674, , , , , , , 8.0595, 0.0176242, , , , , , , , , , , , , , , , , , , , , , , , , , , , 
8.0600192, 0.0209812, , , , , , , 8.0600192, -0.0038605, , , , , , , 8.0600192, -0.0083925, , , , , , , 8.0600192, 0.01561, , , , , , , , , , , , , , , , , , , , , , , , , , , , 
8.0605385, 0.0253452, , , , , , , 8.0605385, -0.0048676, , , , , , , 8.0605385, -0.0068818, , , , , , , 8.0605385, 0.0075532, , , , , , , , , , , , , , , , , , , , , , , , , , , , 
8.0610577, 0.0280308, , , , , , , 8.0610577, -0.0062104, , , , , , , 8.0610577, -0.0062104, , , , , , , 8.0610577, 0.0001678, , , , , , , , , , , , , , , , , , , , , , , , , , , , 
8.0615769, 0.0280308, , , , , , , 8.0615769, -0.0068818, , , , , , , 8.0615769, -0.0092317, , , , , , , 8.0615769, -0.0005035, , , , , , , , , , , , , , , , , , , , , , , , , , , , 
8.0620962, 0.0293736, , , , , , , 8.0620962, -0.0068818, , , , , , , 8.0620962, -0.012253, , , , , , , 8.0620962, 0.0011749, , , , , , , , , , , , , , , , , , , , , , , , , , , , 
8.0626154, 0.0347448, , , , , , , 8.0626154, -0.0065461, , , , , , , 8.0626154, -0.012253, , , , , , , 8.0626154, 0.0001678, , , , , , , , , , , , , , , , , , , , , , , , , , , , 
8.0631346, 0.036759, , , , , , , 8.0631346, -0.006714, , , , , , , 8.0631346, -0.0109102, , , , , , , 8.0631346, 0.0005035, , , , , , , , , , , , , , , , , , , , , , , , , , , , 
8.0636538, 0.0354162, , , , , , , 8.0636538, -0.0082246, , , , , , , 8.0636538, -0.0102388, , , , , , , 8.0636538, 0.0025177, , , , , , , , , , , , , , , , , , , , , , , , , , , , 
8.0641731, 0.0340734, , , , , , , 8.0641731, -0.0082246, , , , , , , 8.0641731, -0.0095674, , , , , , , 8.0641731, 0.0075532, , , , , , , , , , , , , , , , , , , , , , , , , , , , 
8.0646923, 0.0290379, , , , , , , 8.0646923, -0.0068818, , , , , , , 8.0646923, -0.0097353, , , , , , , 8.0646923, 0.0132601, , , , , , , , , , , , , , , , , , , , , , , , , , , , 
8.0652115, 0.0213169, , , , , , , 8.0652115, -0.0038605, , , , , , , 8.0652115, -0.0102388, , , , , , , 8.0652115, 0.0172885, , , , , , , , , , , , , , , , , , , , , , , , , , , , 
8.0657308, 0.0166171, , , , , , , 8.0657308, -0.0036927, , , , , , , 8.0657308, -0.008896, , , , , , , 8.0657308, 0.0206455, , , , , , , , , , , , , , , , , , , , , , , , , , , , 
8.06625, 0.0159457, , , , , , , 8.06625, -0.0062104, , , , , , , 8.06625, -0.0072175, , , , , , , 8.06625, 0.024506, , , , , , , , , , , , , , , , , , , , , , , , , , , , 
8.0667692, 0.0152743, , , , , , , 8.0667692, -0.0062104, , , , , , , 8.0667692, -0.0058747, , , , , , , 8.0667692, 0.0285344, , , , , , , , , , , , , , , , , , , , , , , , , , , , 
8.0672885, 0.0149386, , , , , , , 8.0672885, -0.0062104, , , , , , , 8.0672885, -0.0057069, , , , , , , 8.0672885, 0.0293736, , , , , , , , , , , , , , , , , , , , , , , , , , , , 
8.0678077, 0.010071, , , , , , , 8.0678077, -0.0062104, , , , , , , 8.0678077, -0.0078889, , , , , , , 8.0678077, 0.0313878, , , , , , , , , , , , , , , , , , , , , , , , , , , , 
8.0683269, 0.0035248, , , , , , , 8.0683269, -0.0058747, , , , , , , 8.0683269, -0.0065461, , , , , , , 8.0683269, 0.0365911, , , , , , , , , , , , , , , , , , , , , , , , , , , , 
8.0688462, -0.0001678, , , , , , , 8.0688462, -0.0082246, , , , , , , 8.0688462, -0.0038605, , , , , , , 8.0688462, 0.0414588, , , , , , , , , , , , , , , , , , , , , , , , , , , , 
8.0693654, 0.0015106, , , , , , , 8.0693654, -0.0105745, , , , , , , 8.0693654, -0.0031891, , , , , , , 8.0693654, 0.0421302, , , , , , , , , , , , , , , , , , , , , , , , , , , , 
8.0698846, 0.0031891, , , , , , , 8.0698846, -0.0095674, , , , , , , 8.0698846, -0.0018463, , , , , , , 8.0698846, 0.0412909, , , , , , , , , , , , , , , , , , , , , , , , , , , , 
8.0704038, 0.0072175, , , , , , , 8.0704038, -0.0075532, , , , , , , 8.0704038, -0.0020142, , , , , , , 8.0704038, 0.0354162, , , , , , , , , , , , , , , , , , , , , , , , , , , , 
8.0709231, 0.0139315, , , , , , , 8.0709231, -0.0068818, , , , , , , 8.0709231, -0.003357, , , , , , , 8.0709231, 0.026688, , , , , , , , , , , , , , , , , , , , , , , , , , , , 
8.0714423, 0.0209812, , , , , , , 8.0714423, -0.0083925, , , , , , , 8.0714423, -0.0045319, , , , , , , 8.0714423, 0.0199741, , , , , , , , , , , , , , , , , , , , , , , , , , , , 
8.0719615, 0.0273594, , , , , , , 8.0719615, -0.0104067, , , , , , , 8.0719615, -0.0062104, , , , , , , 8.0719615, 0.0167849, , , , , , , , , , , , , , , , , , , , , , , , , , , , 
8.0724808, 0.0345769, , , , , , , 8.0724808, -0.010071, , , , , , , 8.0724808, -0.0070497, , , , , , , 8.0724808, 0.0167849, , , , , , , , , , , , , , , , , , , , , , , , , , , , 
8.073, 0.0407874, , , , , , , 8.073, -0.0095674, , , , , , , 8.073, -0.0063783, , , , , , , 8.073, 0.0171206, , , , , , , , , , , , , , , , , , , , , , , , , , , , 
8.0735192, 0.0438087, , , , , , , 8.0735192, -0.0085603, , , , , , , 8.0735192, -0.0041962, , , , , , , 8.0735192, 0.0146029, , , , , , , , , , , , , , , , , , , , , , , , , , , , 
8.0740385, 0.0466621, , , , , , , 8.0740385, -0.0092317, , , , , , , 8.0740385, -0.0015106, , , , , , , 8.0740385, 0.0119173, , , , , , , , , , , , , , , , , , , , , , , , , , , , 
8.0745577, 0.0500191, , , , , , , 8.0745577, -0.0095674, , , , , , , 8.0745577, -0.0031891, , , , , , , 8.0745577, 0.0092317, , , , , , , , , , , , , , , , , , , , , , , , , , , , 
8.0750769, 0.0508583, , , , , , , 8.0750769, -0.0092317, , , , , , , 8.0750769, -0.0065461, , , , , , , 8.0750769, 0.0072175, , , , , , , , , , , , , , , , , , , , , , , , , , , , 
8.0755962, 0.0500191, , , , , , , 8.0755962, -0.0092317, , , , , , , 8.0755962, -0.0085603, , , , , , , 8.0755962, 0.0085603, , , , , , , , , , , , , , , , , , , , , , , , , , , , 
8.0761154, 0.051194, , , , , , , 8.0761154, -0.0095674, , , , , , , 8.0761154, -0.0092317, , , , , , , 8.0761154, 0.0102388, , , , , , , , , , , , , , , , , , , , , , , , , , , , 
8.0766346, 0.0508583, , , , , , , 8.0766346, -0.008896, , , , , , , 8.0766346, -0.010071, , , , , , , 8.0766346, 0.008896, , , , , , , , , , , , , , , , , , , , , , , , , , , , 
8.0771538, 0.0475013, , , , , , , 8.0771538, -0.0082246, , , , , , , 8.0771538, -0.0095674, , , , , , , 8.0771538, 0.0068818, , , , , , , , , , , , , , , , , , , , , , , , , , , , 
8.0776731, 0.0454871, , , , , , , 8.0776731, -0.0073854, , , , , , , 8.0776731, -0.0085603, , , , , , , 8.0776731, 0.0041962, , , , , , , , , , , , , , , , , , , , , , , , , , , , 
8.0781923, 0.0459907, , , , , , , 8.0781923, -0.0072175, , , , , , , 8.0781923, -0.0075532, , , , , , , 8.0781923, 0.0038605, , , , , , , , , , , , , , , , , , , , , , , , , , , , 
8.0787115, 0.0471656, , , , , , , 8.0787115, -0.0075532, , , , , , , 8.0787115, -0.0068818, , , , , , , 8.0787115, 0.0052033, , , , , , , , , , , , , , , , , , , , , , , , , , , , 
8.0792308, 0.0468299, , , , , , , 8.0792308, -0.0075532, , , , , , , 8.0792308, -0.0082246, , , , , , , 8.0792308, 0.0070497, , , , , , , , , , , , , , , , , , , , , , , , , , , , 
8.07975, 0.0451514, , , , , , , 8.07975, -0.0068818, , , , , , , 8.07975, -0.0109102, , , , , , , 8.07975, 0.0065461, , , , , , , , , , , , , , , , , , , , , , , , , , , , 
8.0802692, 0.0485084, , , , , , , 8.0802692, -0.0068818, , , , , , , 8.0802692, -0.012253, , , , , , , 8.0802692, 0.0018463, , , , , , , , , , , , , , , , , , , , , , , , , , , , 
8.0807885, 0.0542153, , , , , , , 8.0807885, -0.0075532, , , , , , , 8.0807885, -0.0119173, , , , , , , 8.0807885, -0.0043641, , , , , , , , , , , , , , , , , , , , , , , , , , , , 
8.0813077, 0.0535439, , , , , , , 8.0813077, -0.0082246, , , , , , , 8.0813077, -0.0115816, , , , , , , 8.0813077, -0.0065461, , , , , , , , , , , , , , , , , , , , , , , , , , , , 
8.0818269, 0.0501869, , , , , , , 8.0818269, -0.008896, , , , , , , 8.0818269, -0.0109102, , , , , , , 8.0818269, -0.0082246, , , , , , , , , , , , , , , , , , , , , , , , , , , , 
8.0823462, 0.0495155, , , , , , , 8.0823462, -0.0082246, , , , , , , 8.0823462, -0.0102388, , , , , , , 8.0823462, -0.0109102, , , , , , , , , , , , , , , , , , , , , , , , , , , , 
8.0828654, 0.047837, , , , , , , 8.0828654, -0.0075532, , , , , , , 8.0828654, -0.0102388, , , , , , , 8.0828654, -0.0102388, , , , , , , , , , , , , , , , , , , , , , , , , , , , 
8.0833846, 0.0433051, , , , , , , 8.0833846, -0.0095674, , , , , , , 8.0833846, -0.0115816, , , , , , , 8.0833846, -0.0083925, , , , , , , , , , , , , , , , , , , , , , , , , , , , 
8.0839038, 0.0354162, , , , , , , 8.0839038, -0.0099031, , , , , , , 8.0839038, -0.012253, , , , , , , 8.0839038, -0.0046998, , , , , , , , , , , , , , , , , , , , , , , , , , , , 
8.0844231, 0.0265202, , , , , , , 8.0844231, -0.0099031, , , , , , , 8.0844231, -0.0109102, , , , , , , 8.0844231, 0.0008392, , , , , , , , , , , , , , , , , , , , , , , , , , , , 
8.0849423, 0.0204776, , , , , , , 8.0849423, -0.0095674, , , , , , , 8.0849423, -0.008896, , , , , , , 8.0849423, 0.0058747, , , , , , , , , , , , , , , , , , , , , , , , , , , , 
8.0854615, 0.0186313, , , , , , , 8.0854615, -0.0102388, , , , , , , 8.0854615, -0.0075532, , , , , , , 8.0854615, 0.0083925, , , , , , , , , , , , , , , , , , , , , , , , , , , , 
8.0859808, 0.0182956, , , , , , , 8.0859808, -0.0095674, , , , , , , 8.0859808, -0.0068818, , , , , , , 8.0859808, 0.0117494, , , , , , , , , , , , , , , , , , , , , , , , , , , , 
8.0865, 0.0119173, , , , , , , 8.0865, -0.0092317, , , , , , , 8.0865, -0.005539, , , , , , , 8.0865, 0.0172885, , , , , , , , , , , , , , , , , , , , , , , , , , , , 
8.0870192, 0.0030213, , , , , , , 8.0870192, -0.0090639, , , , , , , 8.0870192, -0.0068818, , , , , , , 8.0870192, 0.0219883, , , , , , , , , , , , , , , , , , , , , , , , , , , , 
8.0875385, -0.0008392, , , , , , , 8.0875385, -0.008896, , , , , , , 8.0875385, -0.0072175, , , , , , , 8.0875385, 0.0256809, , , , , , , , , , , , , , , , , , , , , , , , , , , , 
8.0880577, -0.0025177, , , , , , , 8.0880577, -0.0072175, , , , , , , 8.0880577, -0.0050355, , , , , , , 8.0880577, 0.0263523, , , , , , , , , , , , , , , , , , , , , , , , , , , , 
8.0885769, -0.005539, , , , , , , 8.0885769, -0.0070497, , , , , , , 8.0885769, -0.0031891, , , , , , , 8.0885769, 0.0280308, , , , , , , , , , , , , , , , , , , , , , , , , , , , 
8.0890962, -0.0109102, , , , , , , 8.0890962, -0.0075532, , , , , , , 8.0890962, -0.0046998, , , , , , , 8.0890962, 0.0313878, , , , , , , , , , , , , , , , , , , , , , , , , , , , 
8.0896154, -0.0176242, , , , , , , 8.0896154, -0.0078889, , , , , , , 8.0896154, -0.0062104, , , , , , , 8.0896154, 0.0327306, , , , , , , , , , , , , , , , , , , , , , , , , , , , 
8.0901346, -0.0204776, , , , , , , 8.0901346, -0.0095674, , , , , , , 8.0901346, -0.0062104, , , , , , , 8.0901346, 0.0313878, , , , , , , , , , , , , , , , , , , , , , , , , , , , 
8.0906538, -0.0135958, , , , , , , 8.0906538, -0.0082246, , , , , , , 8.0906538, -0.0052033, , , , , , , 8.0906538, 0.0263523, , , , , , , , , , , , , , , , , , , , , , , , , , , , 
8.0911731, -0.0015106, , , , , , , 8.0911731, -0.0062104, , , , , , , 8.0911731, -0.0057069, , , , , , , 8.0911731, 0.0199741, , , , , , , , , , , , , , , , , , , , , , , , , , , , 
8.0916923, 0.0077211, , , , , , , 8.0916923, -0.0062104, , , , , , , 8.0916923, -0.0052033, , , , , , , 8.0916923, 0.0166171, , , , , , , , , , , , , , , , , , , , , , , , , , , , 
8.0922115, 0.0115816, , , , , , , 8.0922115, -0.0072175, , , , , , , 8.0922115, -0.0043641, , , , , , , 8.0922115, 0.0146029, , , , , , , , , , , , , , , , , , , , , , , , , , , , 
8.0927308, 0.012253, , , , , , , 8.0927308, -0.0068818, , , , , , , 8.0927308, -0.0045319, , , , , , , 8.0927308, 0.0112459, , , , , , , , , , , , , , , , , , , , , , , , , , , , 
8.09325, 0.0102388, , , , , , , 8.09325, -0.0068818, , , , , , , 8.09325, -0.0058747, , , , , , , 8.09325, 0.0078889, , , , , , , , , , , , , , , , , , , , , , , , , , , , 
8.0937692, 0.0132601, , , , , , , 8.0937692, -0.0062104, , , , , , , 8.0937692, -0.0068818, , , , , , , 8.0937692, 0.0078889, , , , , , , , , , , , , , , , , , , , , , , , , , , , 
8.0942885, 0.0196384, , , , , , , 8.0942885, -0.0065461, , , , , , , 8.0942885, -0.005539, , , , , , , 8.0942885, 0.0105745, , , , , , , , , , , , , , , , , , , , , , , , , , , , 
8.0948077, 0.0172885, , , , , , , 8.0948077, -0.0082246, , , , , , , 8.0948077, -0.0062104, , , , , , , 8.0948077, 0.0109102, , , , , , , , , , , , , , , , , , , , , , , , , , , , 
8.0953269, 0.0146029, , , , , , , 8.0953269, -0.0082246, , , , , , , 8.0953269, -0.0075532, , , , , , , 8.0953269, 0.0097353, , , , , , , , , , , , , , , , , , , , , , , , , , , , 
8.0958462, 0.0137636, , , , , , , 8.0958462, -0.0082246, , , , , , , 8.0958462, -0.0078889, , , , , , , 8.0958462, 0.0104067, , , , , , , , , , , , , , , , , , , , , , , , , , , , 
8.0963654, 0.0154421, , , , , , , 8.0963654, -0.008896, , , , , , , 8.0963654, -0.0063783, , , , , , , 8.0963654, 0.0115816, , , , , , , , , , , , , , , , , , , , , , , , , , , , 
8.0968846, 0.014435, , , , , , , 8.0968846, -0.008896, , , , , , , 8.0968846, -0.0060426, , , , , , , 8.0968846, 0.0115816, , , , , , , , , , , , , , , , , , , , , , , , , , , , 
8.0974038, 0.0072175, , , , , , , 8.0974038, -0.008896, , , , , , , 8.0974038, -0.0082246, , , , , , , 8.0974038, 0.0109102, , , , , , , , , , , , , , , , , , , , , , , , , , , , 
8.0979231, 0.0058747, , , , , , , 8.0979231, -0.0082246, , , , , , , 8.0979231, -0.008896, , , , , , , 8.0979231, 0.0099031, , , , , , , , , , , , , , , , , , , , , , , , , , , , 
8.0984423, 0.0104067, , , , , , , 8.0984423, -0.008896, , , , , , , 8.0984423, -0.008896, , , , , , , 8.0984423, 0.0112459, , , , , , , , , , , , , , , , , , , , , , , , , , , , 
8.0989615, 0.0132601, , , , , , , 8.0989615, -0.0097353, , , , , , , 8.0989615, -0.0104067, , , , , , , 8.0989615, 0.011078, , , , , , , , , , , , , , , , , , , , , , , , , , , , 
8.0994808, 0.0152743, , , , , , , 8.0994808, -0.0077211, , , , , , , 8.0994808, -0.0119173, , , , , , , 8.0994808, 0.0078889, , , , , , , , , , , , , , , , , , , , , , , , , , , , 
8.1, 0.0206455, , , , , , , 8.1, -0.0045319, , , , , , , 8.1, -0.0119173, , , , , , , 8.1, 0.0036927, , , , , , , , , , , , , , , , , , , , , , , , , , , , 
8.1005192, 0.0238346, , , , , , , 8.1005192, -0.0031891, , , , , , , 8.1005192, -0.0125887, , , , , , , 8.1005192, -0.0011749, , , , , , , , , , , , , , , , , , , , , , , , , , , , 
8.1010385, 0.0253452, , , , , , , 8.1010385, -0.005539, , , , , , , 8.1010385, -0.0149386, , , , , , , 8.1010385, -0.0072175, , , , , , , , , , , , , , , , , , , , , , , , , , , , 
8.1015577, 0.0240024, , , , , , , 8.1015577, -0.0082246, , , , , , , 8.1015577, -0.0159457, , , , , , , 8.1015577, -0.0109102, , , , , , , , , , , , , , , , , , , , , , , , , , , , 
8.1020769, 0.0226596, , , , , , , 8.1020769, -0.0082246, , , , , , , 8.1020769, -0.0154421, , , , , , , 8.1020769, -0.0115816, , , , , , , , , , , , , , , , , , , , , , , , , , , , 
8.1025962, 0.0219883, , , , , , , 8.1025962, -0.0072175, , , , , , , 8.1025962, -0.01561, , , , , , , 8.1025962, -0.0109102, , , , , , , , , , , , , , , , , , , , , , , , , , , , 
8.1031154, 0.0196384, , , , , , , 8.1031154, -0.0075532, , , , , , , 8.1031154, -0.0157778, , , , , , , 8.1031154, -0.0085603, , , , , , , , , , , , , , , , , , , , , , , , , , , , 
8.1036346, 0.0152743, , , , , , , 8.1036346, -0.0082246, , , , , , , 8.1036346, -0.0146029, , , , , , , 8.1036346, -0.0025177, , , , , , , , , , , , , , , , , , , , , , , , , , , , 
8.1041538, 0.012253, , , , , , , 8.1041538, -0.0075532, , , , , , , 8.1041538, -0.0104067, , , , , , , 8.1041538, 0.0052033, , , , , , , , , , , , , , , , , , , , , , , , , , , , 
8.1046731, 0.0105745, , , , , , , 8.1046731, -0.0048676, , , , , , , 8.1046731, -0.0085603, , , , , , , 8.1046731, 0.0105745, , , , , , , , , , , , , , , , , , , , , , , , , , , , 
8.1051923, 0.0112459, , , , , , , 8.1051923, -0.0031891, , , , , , , 8.1051923, -0.0095674, , , , , , , 8.1051923, 0.0129244, , , , , , , , , , , , , , , , , , , , , , , , , , , , 
8.1057115, 0.0109102, , , , , , , 8.1057115, -0.0036927, , , , , , , 8.1057115, -0.010071, , , , , , , 8.1057115, 0.0135958, , , , , , , , , , , , , , , , , , , , , , , , , , , , 
8.1062308, 0.0053712, , , , , , , 8.1062308, -0.005539, , , , , , , 8.1062308, -0.0085603, , , , , , , 8.1062308, 0.0172885, , , , , , , , , , , , , , , , , , , , , , , , , , , , 
8.10675, -0.0050355, , , , , , , 8.10675, -0.0065461, , , , , , , 8.10675, -0.0045319, , , , , , , 8.10675, 0.0251774, , , , , , , , , , , , , , , , , , , , , , , , , , , , 
8.1072692, -0.0135958, , , , , , , 8.1072692, -0.0062104, , , , , , , 8.1072692, -0.0031891, , , , , , , 8.1072692, 0.0307164, , , , , , , , , , , , , , , , , , , , , , , , , , , , 
8.1077885, -0.0176242, , , , , , , 8.1077885, -0.0063783, , , , , , , 8.1077885, -0.0045319, , , , , , , 8.1077885, 0.0330663, , , , , , , , , , , , , , , , , , , , , , , , , , , , 
8.1083077, -0.0253452, , , , , , , 8.1083077, -0.0083925, , , , , , , 8.1083077, -0.0062104, , , , , , , 8.1083077, 0.036759, , , , , , , , , , , , , , , , , , , , , , , , , , , , 
8.1088269, -0.0292058, , , , , , , 8.1088269, -0.0092317, , , , , , , 8.1088269, -0.0048676, , , , , , , 8.1088269, 0.0411231, , , , , , , , , , , , , , , , , , , , , , , , , , , , 
8.1093462, -0.0246738, , , , , , , 8.1093462, -0.0095674, , , , , , , 8.1093462, -0.0036927, , , , , , , 8.1093462, 0.0421302, , , , , , , , , , , , , , , , , , , , , , , , , , , , 
8.1098654, -0.0191348, , , , , , , 8.1098654, -0.0092317, , , , , , , 8.1098654, -0.0030213, , , , , , , 8.1098654, 0.0404517, , , , , , , , , , , , , , , , , , , , , , , , , , , , 
8.1103846, -0.012253, , , , , , , 8.1103846, -0.0095674, , , , , , , 8.1103846, -0.0023499, , , , , , , 8.1103846, 0.0344091, , , , , , , , , , , , , , , , , , , , , , , , , , , , 
8.1109038, -0.0025177, , , , , , , 8.1109038, -0.0085603, , , , , , , 8.1109038, -0.0008392, , , , , , , 8.1109038, 0.0276951, , , , , , , , , , , , , , , , , , , , , , , , , , , , 
8.1114231, 0.005539, , , , , , , 8.1114231, -0.0068818, , , , , , , 8.1114231, -0.0008392, , , , , , , 8.1114231, 0.0246738, , , , , , , , , , , , , , , , , , , , , , , , , , , , 
8.1119423, 0.012253, , , , , , , 8.1119423, -0.005539, , , , , , , 8.1119423, -0.0038605, , , , , , , 8.1119423, 0.0226596, , , , , , , , , , , , , , , , , , , , , , , , , , , , 
8.1124615, 0.0162814, , , , , , , 8.1124615, -0.0068818, , , , , , , 8.1124615, -0.0058747, , , , , , , 8.1124615, 0.0186313, , , , , , , , , , , , , , , , , , , , , , , , , , , , 
8.1129808, 0.0166171, , , , , , , 8.1129808, -0.0082246, , , , , , , 8.1129808, -0.005539, , , , , , , 8.1129808, 0.0179599, , , , , , , , , , , , , , , , , , , , , , , , , , , , 
8.1135, 0.0132601, , , , , , , 8.1135, -0.0083925, , , , , , , 8.1135, -0.0052033, , , , , , , 8.1135, 0.0184634, , , , , , , , , , , , , , , , , , , , , , , , , , , , 
8.1140192, 0.0085603, , , , , , , 8.1140192, -0.008896, , , , , , , 8.1140192, -0.0068818, , , , , , , 8.1140192, 0.0146029, , , , , , , , , , , , , , , , , , , , , , , , , , , , 
8.1145385, 0.0062104, , , , , , , 8.1145385, -0.0102388, , , , , , , 8.1145385, -0.0082246, , , , , , , 8.1145385, 0.008896, , , , , , , , , , , , , , , , , , , , , , , , , , , , 
8.1150577, 0.0099031, , , , , , , 8.1150577, -0.0112459, , , , , , , 8.1150577, -0.0062104, , , , , , , 8.1150577, 0.0065461, , , , , , , , , , , , , , , , , , , , , , , , , , , , 
8.1155769, 0.0154421, , , , , , , 8.1155769, -0.011078, , , , , , , 8.1155769, -0.0031891, , , , , , , 8.1155769, 0.0065461, , , , , , , , , , , , , , , , , , , , , , , , , , , , 
8.1160962, 0.0176242, , , , , , , 8.1160962, -0.0099031, , , , , , , 8.1160962, -0.0028534, , , , , , , 8.1160962, 0.0078889, , , , , , , , , , , , , , , , , , , , , , , , , , , , 
8.1166154, 0.0166171, , , , , , , 8.1166154, -0.0097353, , , , , , , 8.1166154, -0.0052033, , , , , , , 8.1166154, 0.0065461, , , , , , , , , , , , , , , , , , , , , , , , , , , , 
8.1171346, 0.0157778, , , , , , , 8.1171346, -0.0102388, , , , , , , 8.1171346, -0.005539, , , , , , , 8.1171346, 0.0050355, , , , , , , , , , , , , , , , , , , , , , , , , , , , 
8.1176538, 0.0171206, , , , , , , 8.1176538, -0.0097353, , , , , , , 8.1176538, -0.0052033, , , , , , , 8.1176538, 0.0052033, , , , , , , , , , , , , , , , , , , , , , , , , , , , 
8.1181731, 0.0223239, , , , , , , 8.1181731, -0.0090639, , , , , , , 8.1181731, -0.005539, , , , , , , 8.1181731, 0.0052033, , , , , , , , , , , , , , , , , , , , , , , , , , , , 
8.1186923, 0.0250095, , , , , , , 8.1186923, -0.0082246, , , , , , , 8.1186923, -0.0073854, , , , , , , 8.1186923, 0.0038605, , , , , , , , , , , , , , , , , , , , , , , , , , , , 
8.1192115, 0.0206455, , , , , , , 8.1192115, -0.0072175, , , , , , , 8.1192115, -0.008896, , , , , , , 8.1192115, 0.0018463, , , , , , , , , , , , , , , , , , , , , , , , , , , , 
8.1197308, 0.0149386, , , , , , , 8.1197308, -0.0072175, , , , , , , 8.1197308, -0.0092317, , , , , , , 8.1197308, -0.0010071, , , , , , , , , , , , , , , , , , , , , , , , , , , , 
8.12025, 0.0159457, , , , , , , 8.12025, -0.008896, , , , , , , 8.12025, -0.0099031, , , , , , , 8.12025, -0.0070497, , , , , , , , , , , , , , , , , , , , , , , , , , , , 
8.1207692, 0.0236667, , , , , , , 8.1207692, -0.0095674, , , , , , , 8.1207692, -0.012253, , , , , , , 8.1207692, -0.0102388, , , , , , , , , , , , , , , , , , , , , , , , , , , , 
8.1212885, 0.027863, , , , , , , 8.1212885, -0.0099031, , , , , , , 8.1212885, -0.0149386, , , , , , , 8.1212885, -0.0124208, , , , , , , , , , , , , , , , , , , , , , , , , , , , 
8.1218077, 0.0246738, , , , , , , 8.1218077, -0.0119173, , , , , , , 8.1218077, -0.0152743, , , , , , , 8.1218077, -0.0135958, , , , , , , , , , , , , , , , , , , , , , , , , , , , 
8.1223269, 0.0226596, , , , , , , 8.1223269, -0.0112459, , , , , , , 8.1223269, -0.01561, , , , , , , 8.1223269, -0.0115816, , , , , , , , , , , , , , , , , , , , , , , , , , , , 
8.1228462, 0.0223239, , , , , , , 8.1228462, -0.0105745, , , , , , , 8.1228462, -0.0162814, , , , , , , 8.1228462, -0.0085603, , , , , , , , , , , , , , , , , , , , , , , , , , , , 
8.1233654, 0.0223239, , , , , , , 8.1233654, -0.0109102, , , , , , , 8.1233654, -0.0142672, , , , , , , 8.1233654, -0.0072175, , , , , , , , , , , , , , , , , , , , , , , , , , , , 
8.1238846, 0.0206455, , , , , , , 8.1238846, -0.0095674, , , , , , , 8.1238846, -0.0105745, , , , , , , 8.1238846, -0.0028534, , , , , , , , , , , , , , , , , , , , , , , , , , , , 
8.1244038, 0.0186313, , , , , , , 8.1244038, -0.0048676, , , , , , , 8.1244038, -0.0109102, , , , , , , 8.1244038, 0.0048676, , , , , , , , , , , , , , , , , , , , , , , , , , , , 
8.1249231, 0.0146029, , , , , , , 8.1249231, -0.0025177, , , , , , , 8.1249231, -0.0102388, , , , , , , 8.1249231, 0.0109102, , , , , , , , , , , , , , , , , , , , , , , , , , , , 
8.1254423, 0.0072175, , , , , , , 8.1254423, -0.0035248, , , , , , , 8.1254423, -0.0077211, , , , , , , 8.1254423, 0.0135958, , , , , , , , , , , , , , , , , , , , , , , , , , , , 
8.1259615, 0.0011749, , , , , , , 8.1259615, -0.0060426, , , , , , , 8.1259615, -0.0062104, , , , , , , 8.1259615, 0.0162814, , , , , , , , , , , , , , , , , , , , , , , , , , , , 
8.1264808, -0.0038605, , , , , , , 8.1264808, -0.0072175, , , , , , , 8.1264808, -0.0062104, , , , , , , 8.1264808, 0.0223239, , , , , , , , , , , , , , , , , , , , , , , , , , , , 
8.127, -0.0075532, , , , , , , 8.127, -0.0062104, , , , , , , 8.127, -0.0058747, , , , , , , 8.127, 0.0290379, , , , , , , , , , , , , , , , , , , , , , , , , , , , 
8.1275192, -0.0129244, , , , , , , 8.1275192, -0.0045319, , , , , , , 8.1275192, -0.0057069, , , , , , , 8.1275192, 0.0340734, , , , , , , , , , , , , , , , , , , , , , , , , , , , 
8.1280385, -0.0186313, , , , , , , 8.1280385, -0.0043641, , , , , , , 8.1280385, -0.0058747, , , , , , , 8.1280385, 0.0369268, , , , , , , , , , , , , , , , , , , , , , , , , , , , 
8.1285577, -0.0219883, , , , , , , 8.1285577, -0.0035248, , , , , , , 8.1285577, -0.0041962, , , , , , , 8.1285577, 0.0397803, , , , , , , , , , , , , , , , , , , , , , , , , , , , 
8.1290769, -0.0216526, , , , , , , 8.1290769, -0.0031891, , , , , , , 8.1290769, -0.0041962, , , , , , , 8.1290769, 0.0407874, , , , , , , , , , , , , , , , , , , , , , , , , , , , 
8.1295962, -0.0196384, , , , , , , 8.1295962, -0.005539, , , , , , , 8.1295962, -0.0050355, , , , , , , 8.1295962, 0.0399481, , , , , , , , , , , , , , , , , , , , , , , , , , , , 
8.1301154, -0.018967, , , , , , , 8.1301154, -0.0082246, , , , , , , 8.1301154, -0.0052033, , , , , , , 8.1301154, 0.0370947, , , , , , , , , , , , , , , , , , , , , , , , , , , , 
8.1306346, -0.0169528, , , , , , , 8.1306346, -0.0082246, , , , , , , 8.1306346, -0.0048676, , , , , , , 8.1306346, 0.0310521, , , , , , , , , , , , , , , , , , , , , , , , , , , , 
8.1311538, -0.0135958, , , , , , , 8.1311538, -0.0075532, , , , , , , 8.1311538, -0.0041962, , , , , , , 8.1311538, 0.0240024, , , , , , , , , , , , , , , , , , , , , , , , , , , , 
8.1316731, -0.0072175, , , , , , , 8.1316731, -0.0068818, , , , , , , 8.1316731, -0.0045319, , , , , , , 8.1316731, 0.0184634, , , , , , , , , , , , , , , , , , , , , , , , , , , , 
8.1321923, -0.0011749, , , , , , , 8.1321923, -0.0062104, , , , , , , 8.1321923, -0.0043641, , , , , , , 8.1321923, 0.0132601, , , , , , , , , , , , , , , , , , , , , , , , , , , , 
8.1327115, 0.0025177, , , , , , , 8.1327115, -0.0072175, , , , , , , 8.1327115, -0.0041962, , , , , , , 8.1327115, 0.0099031, , , , , , , , , , , , , , , , , , , , , , , , , , , , 
8.1332308, 0.0072175, , , , , , , 8.1332308, -0.0072175, , , , , , , 8.1332308, -0.0041962, , , , , , , 8.1332308, 0.0073854, , , , , , , , , , , , , , , , , , , , , , , , , , , , 
8.13375, 0.0105745, , , , , , , 8.13375, -0.0058747, , , , , , , 8.13375, -0.0048676, , , , , , , 8.13375, 0.0065461, , , , , , , , , , , , , , , , , , , , , , , , , , , , 
8.1342692, 0.0132601, , , , , , , 8.1342692, -0.0058747, , , , , , , 8.1342692, -0.0028534, , , , , , , 8.1342692, 0.0087282, , , , , , , , , , , , , , , , , , , , , , , , , , , , 
8.1347885, 0.0182956, , , , , , , 8.1347885, -0.0072175, , , , , , , 8.1347885, -0.0023499, , , , , , , 8.1347885, 0.0062104, , , , , , , , , , , , , , , , , , , , , , , , , , , , 
8.1353077, 0.0169528, , , , , , , 8.1353077, -0.0077211, , , , , , , 8.1353077, -0.0038605, , , , , , , 8.1353077, 0.0031891, , , , , , , , , , , , , , , , , , , , , , , , , , , , 
8.1358269, 0.0149386, , , , , , , 8.1358269, -0.0070497, , , , , , , 8.1358269, -0.0058747, , , , , , , 8.1358269, 0.0035248, , , , , , , , , , , , , , , , , , , , , , , , , , , , 
8.1363462, 0.0169528, , , , , , , 8.1363462, -0.0068818, , , , , , , 8.1363462, -0.0075532, , , , , , , 8.1363462, 0.0048676, , , , , , , , , , , , , , , , , , , , , , , , , , , , 
8.1368654, 0.0159457, , , , , , , 8.1368654, -0.0075532, , , , , , , 8.1368654, -0.0062104, , , , , , , 8.1368654, 0.0065461, , , , , , , , , , , , , , , , , , , , , , , , , , , , 
8.1373846, 0.0146029, , , , , , , 8.1373846, -0.0082246, , , , , , , 8.1373846, -0.0043641, , , , , , , 8.1373846, 0.0082246, , , , , , , , , , , , , , , , , , , , , , , , , , , , 
8.1379038, 0.0159457, , , , , , , 8.1379038, -0.0070497, , , , , , , 8.1379038, -0.0045319, , , , , , , 8.1379038, 0.0070497, , , , , , , , , , , , , , , , , , , , , , , , , , , , 
8.1384231, 0.0166171, , , , , , , 8.1384231, -0.0068818, , , , , , , 8.1384231, -0.0058747, , , , , , , 8.1384231, 0.0038605, , , , , , , , , , , , , , , , , , , , , , , , , , , , 
8.1389423, 0.0152743, , , , , , , 8.1389423, -0.0083925, , , , , , , 8.1389423, -0.0070497, , , , , , , 8.1389423, 0.0031891, , , , , , , , , , , , , , , , , , , , , , , , , , , , 
8.1394615, 0.0157778, , , , , , , 8.1394615, -0.0099031, , , , , , , 8.1394615, -0.0090639, , , , , , , 8.1394615, 0.0048676, , , , , , , , , , , , , , , , , , , , , , , , , , , , 
8.1399808, 0.0213169, , , , , , , 8.1399808, -0.0095674, , , , , , , 8.1399808, -0.011078, , , , , , , 8.1399808, 0.0018463, , , , , , , , , , , , , , , , , , , , , , , , , , , , 
8.1405, 0.0280308, , , , , , , 8.1405, -0.0102388, , , , , , , 8.1405, -0.0102388, , , , , , , 8.1405, -0.0031891, , , , , , , , , , , , , , , , , , , , , , , , , , , , 
8.1410192, 0.0339055, , , , , , , 8.1410192, -0.0109102, , , , , , , 8.1410192, -0.0068818, , , , , , , 8.1410192, -0.0068818, , , , , , , , , , , , , , , , , , , , , , , , , , , , 
8.1415385, 0.0374304, , , , , , , 8.1415385, -0.0105745, , , , , , , 8.1415385, -0.0062104, , , , , , , 8.1415385, -0.0082246, , , , , , , , , , , , , , , , , , , , , , , , , , , , 
8.1420577, 0.0374304, , , , , , , 8.1420577, -0.008896, , , , , , , 8.1420577, -0.008896, , , , , , , 8.1420577, -0.008896, , , , , , , , , , , , , , , , , , , , , , , , , , , , 
8.1425769, 0.0354162, , , , , , , 8.1425769, -0.0063783, , , , , , , 8.1425769, -0.0099031, , , , , , , 8.1425769, -0.0082246, , , , , , , , , , , , , , , , , , , , , , , , , , , , 
8.1430962, 0.0330663, , , , , , , 8.1430962, -0.0085603, , , , , , , 8.1430962, -0.0125887, , , , , , , 8.1430962, -0.0072175, , , , , , , , , , , , , , , , , , , , , , , , , , , , 
8.1436154, 0.0280308, , , , , , , 8.1436154, -0.0109102, , , , , , , 8.1436154, -0.0142672, , , , , , , 8.1436154, -0.0035248, , , , , , , , , , , , , , , , , , , , , , , , , , , , 
8.1441346, 0.0246738, , , , , , , 8.1441346, -0.0097353, , , , , , , 8.1441346, -0.0137636, , , , , , , 8.1441346, 0.002182, , , , , , , , , , , , , , , , , , , , , , , , , , , , 
8.1446538, 0.0186313, , , , , , , 8.1446538, -0.0104067, , , , , , , 8.1446538, -0.0125887, , , , , , , 8.1446538, 0.0085603, , , , , , , , , , , , , , , , , , , , , , , , , , , , 
8.1451731, 0.0124208, , , , , , , 8.1451731, -0.0129244, , , , , , , 8.1451731, -0.0109102, , , , , , , 8.1451731, 0.0124208, , , , , , , , , , , , , , , , , , , , , , , , , , , , 
8.1456923, 0.0077211, , , , , , , 8.1456923, -0.0132601, , , , , , , 8.1456923, -0.0092317, , , , , , , 8.1456923, 0.0159457, , , , , , , , , , , , , , , , , , , , , , , , , , , , 
8.1462115, 0.0038605, , , , , , , 8.1462115, -0.012253, , , , , , , 8.1462115, -0.0078889, , , , , , , 8.1462115, 0.0236667, , , , , , , , , , , , , , , , , , , , , , , , , , , , 
8.1467308, 0.0005035, , , , , , , 8.1467308, -0.0109102, , , , , , , 8.1467308, -0.0078889, , , , , , , 8.1467308, 0.0317235, , , , , , , , , , , , , , , , , , , , , , , , , , , , 
8.14725, -0.0058747, , , , , , , 8.14725, -0.0095674, , , , , , , 8.14725, -0.0068818, , , , , , , 8.14725, 0.0350805, , , , , , , , , , , , , , , , , , , , , , , , , , , , 
8.1477692, -0.008896, , , , , , , 8.1477692, -0.008896, , , , , , , 8.1477692, -0.0060426, , , , , , , 8.1477692, 0.0365911, , , , , , , , , , , , , , , , , , , , , , , , , , , , 
8.1482885, -0.0095674, , , , , , , 8.1482885, -0.0077211, , , , , , , 8.1482885, -0.0045319, , , , , , , 8.1482885, 0.0392767, , , , , , , , , , , , , , , , , , , , , , , , , , , , 
8.1488077, -0.0109102, , , , , , , 8.1488077, -0.0062104, , , , , , , 8.1488077, -0.0025177, , , , , , , 8.1488077, 0.0407874, , , , , , , , , , , , , , , , , , , , , , , , , , , , 
8.1493269, -0.0119173, , , , , , , 8.1493269, -0.0068818, , , , , , , 8.1493269, -0.0030213, , , , , , , 8.1493269, 0.0407874, , , , , , , , , , , , , , , , , , , , , , , , , , , , 
8.1498462, -0.0125887, , , , , , , 8.1498462, -0.0065461, , , , , , , 8.1498462, -0.0058747, , , , , , , 8.1498462, 0.0397803, , , , , , , , , , , , , , , , , , , , , , , , , , , , 
8.1503654, -0.008896, , , , , , , 8.1503654, -0.0063783, , , , , , , 8.1503654, -0.0075532, , , , , , , 8.1503654, 0.0384375, , , , , , , , , , , , , , , , , , , , , , , , , , , , 
8.1508846, -0.0001678, , , , , , , 8.1508846, -0.0072175, , , , , , , 8.1508846, -0.0052033, , , , , , , 8.1508846, 0.0337377, , , , , , , , , , , , , , , , , , , , , , , , , , , , 
8.1514038, 0.0062104, , , , , , , 8.1514038, -0.0078889, , , , , , , 8.1514038, -0.0016785, , , , , , , 8.1514038, 0.0260166, , , , , , , , , , , , , , , , , , , , , , , , , , , , 
8.1519231, 0.0097353, , , , , , , 8.1519231, -0.0077211, , , , , , , 8.1519231, -0.0028534, , , , , , , 8.1519231, 0.0193027, , , , , , , , , , , , , , , , , , , , , , , , , , , , 
8.1524423, 0.0129244, , , , , , , 8.1524423, -0.0063783, , , , , , , 8.1524423, -0.0095674, , , , , , , 8.1524423, 0.0146029, , , , , , , , , , , , , , , , , , , , , , , , , , , , 
8.1529615, 0.0182956, , , , , , , 8.1529615, -0.005539, , , , , , , 8.1529615, -0.0149386, , , , , , , 8.1529615, 0.0146029, , , , , , , , , , , , , , , , , , , , , , , , , , , , 
8.1534808, 0.0204776, , , , , , , 8.1534808, -0.005539, , , , , , , 8.1534808, -0.0139315, , , , , , , 8.1534808, 0.0152743, , , , , , , , , , , , , , , , , , , , , , , , , , , , 
8.154, 0.0193027, , , , , , , 8.154, -0.0045319, , , , , , , 8.154, -0.0119173, , , , , , , 8.154, 0.0169528, , , , , , , , , , , , , , , , , , , , , , , , , , , , 
8.1545192, 0.0209812, , , , , , , 8.1545192, -0.0028534, , , , , , , 8.1545192, -0.0109102, , , , , , , 8.1545192, 0.0166171, , , , , , , , , , , , , , , , , , , , , , , , , , , , 
8.1550385, 0.0209812, , , , , , , 8.1550385, -0.0050355, , , , , , , 8.1550385, -0.0099031, , , , , , , 8.1550385, 0.0152743, , , , , , , , , , , , , , , , , , , , , , , , , , , , 
8.1555577, 0.0209812, , , , , , , 8.1555577, -0.0082246, , , , , , , 8.1555577, -0.0104067, , , , , , , 8.1555577, 0.0135958, , , , , , , , , , , , , , , , , , , , , , , , , , , , 
8.1560769, 0.0226596, , , , , , , 8.1560769, -0.008896, , , , , , , 8.1560769, -0.0102388, , , , , , , 8.1560769, 0.0115816, , , , , , , , , , , , , , , , , , , , , , , , , , , , 
8.1565962, 0.0219883, , , , , , , 8.1565962, -0.0102388, , , , , , , 8.1565962, -0.0090639, , , , , , , 8.1565962, 0.0105745, , , , , , , , , , , , , , , , , , , , , , , , , , , , 
8.1571154, 0.0176242, , , , , , , 8.1571154, -0.0105745, , , , , , , 8.1571154, -0.0072175, , , , , , , 8.1571154, 0.010071, , , , , , , , , , , , , , , , , , , , , , , , , , , , 
8.1576346, 0.0159457, , , , , , , 8.1576346, -0.0078889, , , , , , , 8.1576346, -0.0057069, , , , , , , 8.1576346, 0.0072175, , , , , , , , , , , , , , , , , , , , , , , , , , , , 
8.1581538, 0.0152743, , , , , , , 8.1581538, -0.0065461, , , , , , , 8.1581538, -0.0068818, , , , , , , 8.1581538, 0.0046998, , , , , , , , , , , , , , , , , , , , , , , , , , , , 
8.1586731, 0.0130922, , , , , , , 8.1586731, -0.0083925, , , , , , , 8.1586731, -0.0095674, , , , , , , 8.1586731, 0.0036927, , , , , , , , , , , , , , , , , , , , , , , , , , , , 
8.1591923, 0.0119173, , , , , , , 8.1591923, -0.0095674, , , , , , , 8.1591923, -0.0109102, , , , , , , 8.1591923, 0.002182, , , , , , , , , , , , , , , , , , , , , , , , , , , , 
8.1597115, 0.0142672, , , , , , , 8.1597115, -0.0078889, , , , , , , 8.1597115, -0.0109102, , , , , , , 8.1597115, -0.0005035, , , , , , , , , , , , , , , , , , , , , , , , , , , , 
8.1602308, 0.0172885, , , , , , , 8.1602308, -0.005539, , , , , , , 8.1602308, -0.0119173, , , , , , , 8.1602308, -0.0062104, , , , , , , , , , , , , , , , , , , , , , , , , , , , 
8.16075, 0.0206455, , , , , , , 8.16075, -0.005539, , , , , , , 8.16075, -0.0115816, , , , , , , 8.16075, -0.0082246, , , , , , , , , , , , , , , , , , , , , , , , , , , , 
8.1612692, 0.0246738, , , , , , , 8.1612692, -0.0058747, , , , , , , 8.1612692, -0.0083925, , , , , , , 8.1612692, -0.0082246, , , , , , , , , , , , , , , , , , , , , , , , , , , , 
8.1617885, 0.03122, , , , , , , 8.1617885, -0.0062104, , , , , , , 8.1617885, -0.0058747, , , , , , , 8.1617885, -0.0119173, , , , , , , , , , , , , , , , , , , , , , , , , , , , 
8.1623077, 0.0328985, , , , , , , 8.1623077, -0.0072175, , , , , , , 8.1623077, -0.0068818, , , , , , , 8.1623077, -0.0142672, , , , , , , , , , , , , , , , , , , , , , , , , , , , 
8.1628269, 0.0310521, , , , , , , 8.1628269, -0.0090639, , , , , , , 8.1628269, -0.0085603, , , , , , , 8.1628269, -0.0102388, , , , , , , , , , , , , , , , , , , , , , , , , , , , 
8.1633462, 0.0305486, , , , , , , 8.1633462, -0.0095674, , , , , , , 8.1633462, -0.0087282, , , , , , , 8.1633462, -0.0036927, , , , , , , , , , , , , , , , , , , , , , , , , , , , 
8.1638654, 0.0303807, , , , , , , 8.1638654, -0.008896, , , , , , , 8.1638654, -0.0072175, , , , , , , 8.1638654, 0.0015106, , , , , , , , , , , , , , , , , , , , , , , , , , , , 
8.1643846, 0.0226596, , , , , , , 8.1643846, -0.0075532, , , , , , , 8.1643846, -0.0068818, , , , , , , 8.1643846, 0.0052033, , , , , , , , , , , , , , , , , , , , , , , , , , , , 
8.1649038, 0.0129244, , , , , , , 8.1649038, -0.0075532, , , , , , , 8.1649038, -0.0077211, , , , , , , 8.1649038, 0.0058747, , , , , , , , , , , , , , , , , , , , , , , , , , , , 
8.1654231, 0.008896, , , , , , , 8.1654231, -0.0077211, , , , , , , 8.1654231, -0.0072175, , , , , , , 8.1654231, 0.008896, , , , , , , , , , , , , , , , , , , , , , , , , , , , 
8.1659423, 0.0109102, , , , , , , 8.1659423, -0.0072175, , , , , , , 8.1659423, -0.0065461, , , , , , , 8.1659423, 0.0149386, , , , , , , , , , , , , , , , , , , , , , , , , , , , 
8.1664615, 0.0097353, , , , , , , 8.1664615, -0.0072175, , , , , , , 8.1664615, -0.0068818, , , , , , , 8.1664615, 0.0216526, , , , , , , , , , , , , , , , , , , , , , , , , , , , 
8.1669808, 0.0072175, , , , , , , 8.1669808, -0.0068818, , , , , , , 8.1669808, -0.0062104, , , , , , , 8.1669808, 0.0260166, , , , , , , , , , , , , , , , , , , , , , , , , , , , 
8.1675, 0.0065461, , , , , , , 8.1675, -0.0052033, , , , , , , 8.1675, -0.0041962, , , , , , , 8.1675, 0.0323949, , , , , , , , , , , , , , , , , , , , , , , , , , , , 
8.1680192, 0.0063783, , , , , , , 8.1680192, -0.0062104, , , , , , , 8.1680192, -0.0045319, , , , , , , 8.1680192, 0.0391089, , , , , , , , , , , , , , , , , , , , , , , , , , , , 
8.1685385, 0.0018463, , , , , , , 8.1685385, -0.0082246, , , , , , , 8.1685385, -0.0035248, , , , , , , 8.1685385, 0.0421302, , , , , , , , , , , , , , , , , , , , , , , , , , , , 
8.1690577, -0.0015106, , , , , , , 8.1690577, -0.0085603, , , , , , , 8.1690577, -0.0028534, , , , , , , 8.1690577, 0.043473, , , , , , , , , , , , , , , , , , , , , , , , , , , , 
8.1695769, -0.0041962, , , , , , , 8.1695769, -0.0083925, , , , , , , 8.1695769, -0.0028534, , , , , , , 8.1695769, 0.0414588, , , , , , , , , , , , , , , , , , , , , , , , , , , , 
8.1700962, -0.0058747, , , , , , , 8.1700962, -0.0095674, , , , , , , 8.1700962, -0.0028534, , , , , , , 8.1700962, 0.0394446, , , , , , , , , , , , , , , , , , , , , , , , , , , , 
8.1706154, -0.0052033, , , , , , , 8.1706154, -0.0115816, , , , , , , 8.1706154, -0.005539, , , , , , , 8.1706154, 0.0352483, , , , , , , , , , , , , , , , , , , , , , , , , , , , 
8.1711346, -0.0048676, , , , , , , 8.1711346, -0.012253, , , , , , , 8.1711346, -0.0082246, , , , , , , 8.1711346, 0.0285344, , , , , , , , , , , , , , , , , , , , , , , , , , , , 
8.1716538, -0.0015106, , , , , , , 8.1716538, -0.0109102, , , , , , , 8.1716538, -0.0083925, , , , , , , 8.1716538, 0.0219883, , , , , , , , , , , , , , , , , , , , , , , , , , , , 
8.1721731, 0.005539, , , , , , , 8.1721731, -0.0082246, , , , , , , 8.1721731, -0.0075532, , , , , , , 8.1721731, 0.0193027, , , , , , , , , , , , , , , , , , , , , , , , , , , , 
8.1726923, 0.0119173, , , , , , , 8.1726923, -0.0072175, , , , , , , 8.1726923, -0.0072175, , , , , , , 8.1726923, 0.0182956, , , , , , , , , , , , , , , , , , , , , , , , , , , , 
8.1732115, 0.0146029, , , , , , , 8.1732115, -0.0082246, , , , , , , 8.1732115, -0.008896, , , , , , , 8.1732115, 0.017792, , , , , , , , , , , , , , , , , , , , , , , , , , , , 
8.1737308, 0.0139315, , , , , , , 8.1737308, -0.0082246, , , , , , , 8.1737308, -0.0095674, , , , , , , 8.1737308, 0.0142672, , , , , , , , , , , , , , , , , , , , , , , , , , , , 
8.17425, 0.0179599, , , , , , , 8.17425, -0.0062104, , , , , , , 8.17425, -0.0102388, , , , , , , 8.17425, 0.0102388, , , , , , , , , , , , , , , , , , , , , , , , , , , , 
8.1747692, 0.0265202, , , , , , , 8.1747692, -0.0048676, , , , , , , 8.1747692, -0.0112459, , , , , , , 8.1747692, 0.0062104, , , , , , , , , , , , , , , , , , , , , , , , , , , , 
8.1752885, 0.0313878, , , , , , , 8.1752885, -0.0045319, , , , , , , 8.1752885, -0.0109102, , , , , , , 8.1752885, 0.0025177, , , , , , , , , , , , , , , , , , , , , , , , , , , , 
8.1758077, 0.0231632, , , , , , , 8.1758077, -0.0045319, , , , , , , 8.1758077, -0.0112459, , , , , , , 8.1758077, -0.0018463, , , , , , , , , , , , , , , , , , , , , , , , , , , , 
8.1763269, 0.0166171, , , , , , , 8.1763269, -0.0041962, , , , , , , 8.1763269, -0.0135958, , , , , , , 8.1763269, -0.0046998, , , , , , , , , , , , , , , , , , , , , , , , , , , , 
8.1768462, 0.0193027, , , , , , , 8.1768462, -0.0048676, , , , , , , 8.1768462, -0.0125887, , , , , , , 8.1768462, -0.0030213, , , , , , , , , , , , , , , , , , , , , , , , , , , , 
8.1773654, 0.0236667, , , , , , , 8.1773654, -0.0062104, , , , , , , 8.1773654, -0.0119173, , , , , , , 8.1773654, -0.0008392, , , , , , , , , , , , , , , , , , , , , , , , , , , , 
8.1778846, 0.026688, , , , , , , 8.1778846, -0.0052033, , , , , , , 8.1778846, -0.011078, , , , , , , 8.1778846, 0.0008392, , , , , , , , , , , , , , , , , , , , , , , , , , , , 
8.1784038, 0.0280308, , , , , , , 8.1784038, -0.005539, , , , , , , 8.1784038, -0.0095674, , , , , , , 8.1784038, -0.0001678, , , , , , , , , , , , , , , , , , , , , , , , , , , , 
8.1789231, 0.0280308, , , , , , , 8.1789231, -0.0063783, , , , , , , 8.1789231, -0.0090639, , , , , , , 8.1789231, -0.0008392, , , , , , , , , , , , , , , , , , , , , , , , , , , , 
8.1794423, 0.0276951, , , , , , , 8.1794423, -0.005539, , , , , , , 8.1794423, -0.0109102, , , , , , , 8.1794423, 0.0015106, , , , , , , , , , , , , , , , , , , , , , , , , , , , 
8.1799615, 0.0287022, , , , , , , 8.1799615, -0.0062104, , , , , , , 8.1799615, -0.0102388, , , , , , , 8.1799615, 0.0008392, , , , , , , , , , , , , , , , , , , , , , , , , , , , 
8.1804808, 0.0297093, , , , , , , 8.1804808, -0.0082246, , , , , , , 8.1804808, -0.0068818, , , , , , , 8.1804808, -0.002182, , , , , , , , , , , , , , , , , , , , , , , , , , , , 
8.181, 0.0303807, , , , , , , 8.181, -0.0097353, , , , , , , 8.181, -0.0048676, , , , , , , 8.181, -0.0031891, , , , , , , , , , , , , , , , , , , , , , , , , , , , 
8.1815192, 0.0330663, , , , , , , 8.1815192, -0.0102388, , , , , , , 8.1815192, -0.0041962, , , , , , , 8.1815192, -0.0025177, , , , , , , , , , , , , , , , , , , , , , , , , , , , 
8.1820385, 0.0360876, , , , , , , 8.1820385, -0.0095674, , , , , , , 8.1820385, -0.0036927, , , , , , , 8.1820385, -0.0015106, , , , , , , , , , , , , , , , , , , , , , , , , , , , 
8.1825577, 0.0372625, , , , , , , 8.1825577, -0.0092317, , , , , , , 8.1825577, -0.0043641, , , , , , , 8.1825577, -0.002182, , , , , , , , , , , , , , , , , , , , , , , , , , , , 
8.1830769, 0.036759, , , , , , , 8.1830769, -0.0090639, , , , , , , 8.1830769, -0.0072175, , , , , , , 8.1830769, -0.0015106, , , , , , , , , , , , , , , , , , , , , , , , , , , , 
8.1835962, 0.0307164, , , , , , , 8.1835962, -0.0075532, , , , , , , 8.1835962, -0.0095674, , , , , , , 8.1835962, 0.0025177, , , , , , , , , , , , , , , , , , , , , , , , , , , , 
8.1841154, 0.0199741, , , , , , , 8.1841154, -0.0065461, , , , , , , 8.1841154, -0.0083925, , , , , , , 8.1841154, 0.0052033, , , , , , , , , , , , , , , , , , , , , , , , , , , , 
8.1846346, 0.0090639, , , , , , , 8.1846346, -0.0068818, , , , , , , 8.1846346, -0.0078889, , , , , , , 8.1846346, 0.0065461, , , , , , , , , , , , , , , , , , , , , , , , , , , , 
8.1851538, 0.0008392, , , , , , , 8.1851538, -0.0082246, , , , , , , 8.1851538, -0.0082246, , , , , , , 8.1851538, 0.0080568, , , , , , , , , , , , , , , , , , , , , , , , , , , , 
8.1856731, -0.002182, , , , , , , 8.1856731, -0.0075532, , , , , , , 8.1856731, -0.0068818, , , , , , , 8.1856731, 0.0085603, , , , , , , , , , , , , , , , , , , , , , , , , , , , 
8.1861923, -0.0038605, , , , , , , 8.1861923, -0.0068818, , , , , , , 8.1861923, -0.005539, , , , , , , 8.1861923, 0.0105745, , , , , , , , , , , , , , , , , , , , , , , , , , , , 
8.1867115, -0.0068818, , , , , , , 8.1867115, -0.0085603, , , , , , , 8.1867115, -0.0072175, , , , , , , 8.1867115, 0.0151064, , , , , , , , , , , , , , , , , , , , , , , , , , , , 
8.1872308, -0.0099031, , , , , , , 8.1872308, -0.0083925, , , , , , , 8.1872308, -0.0092317, , , , , , , 8.1872308, 0.0213169, , , , , , , , , , , , , , , , , , , , , , , , , , , , 
8.18775, -0.012253, , , , , , , 8.18775, -0.0087282, , , , , , , 8.18775, -0.0073854, , , , , , , 8.18775, 0.0288701, , , , , , , , , , , , , , , , , , , , , , , , , , , , 
8.1882692, -0.0115816, , , , , , , 8.1882692, -0.0095674, , , , , , , 8.1882692, -0.0041962, , , , , , , 8.1882692, 0.0337377, , , , , , , , , , , , , , , , , , , , , , , , , , , , 
8.1887885, -0.008896, , , , , , , 8.1887885, -0.0095674, , , , , , , 8.1887885, -0.0045319, , , , , , , 8.1887885, 0.0360876, , , , , , , , , , , , , , , , , , , , , , , , , , , , 
8.1893077, -0.0129244, , , , , , , 8.1893077, -0.008896, , , , , , , 8.1893077, -0.005539, , , , , , , 8.1893077, 0.0377661, , , , , , , , , , , , , , , , , , , , , , , , , , , , 
8.1898269, -0.0162814, , , , , , , 8.1898269, -0.0077211, , , , , , , 8.1898269, -0.0041962, , , , , , , 8.1898269, 0.0364233, , , , , , , , , , , , , , , , , , , , , , , , , , , , 
8.1903462, -0.0129244, , , , , , , 8.1903462, -0.0082246, , , , , , , 8.1903462, -0.0025177, , , , , , , 8.1903462, 0.0305486, , , , , , , , , , , , , , , , , , , , , , , , , , , , 
8.1908654, -0.0075532, , , , , , , 8.1908654, -0.0092317, , , , , , , 8.1908654, -0.0016785, , , , , , , 8.1908654, 0.0253452, , , , , , , , , , , , , , , , , , , , , , , , , , , , 
8.1913846, -0.0046998, , , , , , , 8.1913846, -0.0095674, , , , , , , 8.1913846, -0.0016785, , , , , , , 8.1913846, 0.0240024, , , , , , , , , , , , , , , , , , , , , , , , , , , , 
8.1919038, -0.0031891, , , , , , , 8.1919038, -0.0082246, , , , , , , 8.1919038, -0.0036927, , , , , , , 8.1919038, 0.0223239, , , , , , , , , , , , , , , , , , , , , , , , , , , , 
8.1924231, 0.0001678, , , , , , , 8.1924231, -0.0075532, , , , , , , 8.1924231, -0.005539, , , , , , , 8.1924231, 0.0193027, , , , , , , , , , , , , , , , , , , , , , , , , , , , 
8.1929423, 0.0083925, , , , , , , 8.1929423, -0.0095674, , , , , , , 8.1929423, -0.005539, , , , , , , 8.1929423, 0.0184634, , , , , , , , , , , , , , , , , , , , , , , , , , , , 
8.1934615, 0.0135958, , , , , , , 8.1934615, -0.0115816, , , , , , , 8.1934615, -0.0050355, , , , , , , 8.1934615, 0.0179599, , , , , , , , , , , , , , , , , , , , , , , , , , , , 
8.1939808, 0.0157778, , , , , , , 8.1939808, -0.0099031, , , , , , , 8.1939808, -0.0041962, , , , , , , 8.1939808, 0.0151064, , , , , , , , , , , , , , , , , , , , , , , , , , , , 
8.1945, 0.0179599, , , , , , , 8.1945, -0.0082246, , , , , , , 8.1945, -0.005539, , , , , , , 8.1945, 0.0109102, , , , , , , , , , , , , , , , , , , , , , , , , , , , 
8.1950192, 0.0186313, , , , , , , 8.1950192, -0.0097353, , , , , , , 8.1950192, -0.0068818, , , , , , , 8.1950192, 0.0099031, , , , , , , , , , , , , , , , , , , , , , , , , , , , 
8.1955385, 0.0198062, , , , , , , 8.1955385, -0.0104067, , , , , , , 8.1955385, -0.0053712, , , , , , , 8.1955385, 0.0099031, , , , , , , , , , , , , , , , , , , , , , , , , , , , 
8.1960577, 0.0219883, , , , , , , 8.1960577, -0.008896, , , , , , , 8.1960577, -0.0062104, , , , , , , 8.1960577, 0.0092317, , , , , , , , , , , , , , , , , , , , , , , , , , , , 
8.1965769, 0.0246738, , , , , , , 8.1965769, -0.0078889, , , , , , , 8.1965769, -0.0083925, , , , , , , 8.1965769, 0.0068818, , , , , , , , , , , , , , , , , , , , , , , , , , , , 
8.1970962, 0.0229953, , , , , , , 8.1970962, -0.0083925, , , , , , , 8.1970962, -0.0082246, , , , , , , 8.1970962, 0.0045319, , , , , , , , , , , , , , , , , , , , , , , , , , , , 
8.1976154, 0.0206455, , , , , , , 8.1976154, -0.0102388, , , , , , , 8.1976154, -0.0063783, , , , , , , 8.1976154, 0.0048676, , , , , , , , , , , , , , , , , , , , , , , , , , , , 
8.1981346, 0.0198062, , , , , , , 8.1981346, -0.0099031, , , , , , , 8.1981346, -0.0045319, , , , , , , 8.1981346, 0.0062104, , , , , , , , , , , , , , , , , , , , , , , , , , , , 
8.1986538, 0.021149, , , , , , , 8.1986538, -0.0082246, , , , , , , 8.1986538, -0.0038605, , , , , , , 8.1986538, 0.0070497, , , , , , , , , , , , , , , , , , , , , , , , , , , , 
8.1991731, 0.024506, , , , , , , 8.1991731, -0.0082246, , , , , , , 8.1991731, -0.0041962, , , , , , , 8.1991731, 0.0078889, , , , , , , , , , , , , , , , , , , , , , , , , , , , 
8.1996923, 0.0236667, , , , , , , 8.1996923, -0.008896, , , , , , , 8.1996923, -0.005539, , , , , , , 8.1996923, 0.0078889, , , , , , , , , , , , , , , , , , , , , , , , , , , , 
8.2002115, 0.0226596, , , , , , , 8.2002115, -0.0109102, , , , , , , 8.2002115, -0.0070497, , , , , , , 8.2002115, 0.0048676, , , , , , , , , , , , , , , , , , , , , , , , , , , , 
8.2007308, 0.030045, , , , , , , 8.2007308, -0.012253, , , , , , , 8.2007308, -0.0073854, , , , , , , 8.2007308, 0.0003357, , , , , , , , , , , , , , , , , , , , , , , , , , , , 
8.20125, 0.0387732, , , , , , , 8.20125, -0.0129244, , , , , , , 8.20125, -0.0085603, , , , , , , 8.20125, -0.0031891, , , , , , , , , , , , , , , , , , , , , , , , , , , , 
8.2017692, 0.0406195, , , , , , , 8.2017692, -0.0115816, , , , , , , 8.2017692, -0.0102388, , , , , , , 8.2017692, -0.0046998, , , , , , , , , , , , , , , , , , , , , , , , , , , , 
8.2022885, 0.0446479, , , , , , , 8.2022885, -0.008896, , , , , , , 8.2022885, -0.0102388, , , , , , , 8.2022885, -0.0063783, , , , , , , , , , , , , , , , , , , , , , , , , , , , 
8.2028077, 0.0433051, , , , , , , 8.2028077, -0.0063783, , , , , , , 8.2028077, -0.0125887, , , , , , , 8.2028077, -0.0041962, , , , , , , , , , , , , , , , , , , , , , , , , , , , 
8.2033269, 0.0391089, , , , , , , 8.2033269, -0.0058747, , , , , , , 8.2033269, -0.0142672, , , , , , , 8.2033269, 0.0003357, , , , , , , , , , , , , , , , , , , , , , , , , , , , 
8.2038462, 0.0374304, , , , , , , 8.2038462, -0.0075532, , , , , , , 8.2038462, -0.0139315, , , , , , , 8.2038462, 0.0031891, , , , , , , , , , , , , , , , , , , , , , , , , , , , 
8.2043654, 0.0347448, , , , , , , 8.2043654, -0.008896, , , , , , , 8.2043654, -0.0142672, , , , , , , 8.2043654, 0.0065461, , , , , , , , , , , , , , , , , , , , , , , , , , , , 
8.2048846, 0.0293736, , , , , , , 8.2048846, -0.0082246, , , , , , , 8.2048846, -0.0142672, , , , , , , 8.2048846, 0.0115816, , , , , , , , , , , , , , , , , , , , , , , , , , , , 
8.2054038, 0.0206455, , , , , , , 8.2054038, -0.005539, , , , , , , 8.2054038, -0.0125887, , , , , , , 8.2054038, 0.0152743, , , , , , , , , , , , , , , , , , , , , , , , , , , , 
8.2059231, 0.0125887, , , , , , , 8.2059231, -0.0035248, , , , , , , 8.2059231, -0.0115816, , , , , , , 8.2059231, 0.0186313, , , , , , , , , , , , , , , , , , , , , , , , , , , , 
8.2064423, 0.0102388, , , , , , , 8.2064423, -0.0035248, , , , , , , 8.2064423, -0.0105745, , , , , , , 8.2064423, 0.0203098, , , , , , , , , , , , , , , , , , , , , , , , , , , , 
8.2069615, 0.0065461, , , , , , , 8.2069615, -0.0048676, , , , , , , 8.2069615, -0.0092317, , , , , , , 8.2069615, 0.0216526, , , , , , , , , , , , , , , , , , , , , , , , , , , , 
8.2074808, -0.0016785, , , , , , , 8.2074808, -0.0045319, , , , , , , 8.2074808, -0.0082246, , , , , , , 8.2074808, 0.0236667, , , , , , , , , , , , , , , , , , , , , , , , , , , , 
8.208, -0.0063783, , , , , , , 8.208, -0.0035248, , , , , , , 8.208, -0.0080568, , , , , , , 8.208, 0.0290379, , , , , , , , , , , , , , , , , , , , , , , , , , , , 
8.2085192, -0.0068818, , , , , , , 8.2085192, -0.0038605, , , , , , , 8.2085192, -0.0075532, , , , , , , 8.2085192, 0.0357519, , , , , , , , , , , , , , , , , , , , , , , , , , , , 
8.2090385, -0.0105745, , , , , , , 8.2090385, -0.0065461, , , , , , , 8.2090385, -0.0062104, , , , , , , 8.2090385, 0.0387732, , , , , , , , , , , , , , , , , , , , , , , , , , , , 
8.2095577, -0.0137636, , , , , , , 8.2095577, -0.0082246, , , , , , , 8.2095577, -0.0052033, , , , , , , 8.2095577, 0.0384375, , , , , , , , , , , , , , , , , , , , , , , , , , , , 
8.2100769, -0.0130922, , , , , , , 8.2100769, -0.0078889, , , , , , , 8.2100769, -0.0041962, , , , , , , 8.2100769, 0.0360876, , , , , , , , , , , , , , , , , , , , , , , , , , , , 
8.2105962, -0.0087282, , , , , , , 8.2105962, -0.0072175, , , , , , , 8.2105962, -0.003357, , , , , , , 8.2105962, 0.0340734, , , , , , , , , , , , , , , , , , , , , , , , , , , , 
8.2111154, -0.0035248, , , , , , , 8.2111154, -0.0070497, , , , , , , 8.2111154, -0.0035248, , , , , , , 8.2111154, 0.030045, , , , , , , , , , , , , , , , , , , , , , , , , , , , 
8.2116346, -0.0015106, , , , , , , 8.2116346, -0.0075532, , , , , , , 8.2116346, -0.0052033, , , , , , , 8.2116346, 0.0246738, , , , , , , , , , , , , , , , , , , , , , , , , , , , 
8.2121538, 0.0008392, , , , , , , 8.2121538, -0.0083925, , , , , , , 8.2121538, -0.005539, , , , , , , 8.2121538, 0.0203098, , , , , , , , , , , , , , , , , , , , , , , , , , , , 
8.2126731, 0.0028534, , , , , , , 8.2126731, -0.0102388, , , , , , , 8.2126731, -0.0050355, , , , , , , 8.2126731, 0.0159457, , , , , , , , , , , , , , , , , , , , , , , , , , , , 
8.2131923, 0.0036927, , , , , , , 8.2131923, -0.0092317, , , , , , , 8.2131923, -0.005539, , , , , , , 8.2131923, 0.0130922, , , , , , , , , , , , , , , , , , , , , , , , , , , , 
8.2137115, 0.0052033, , , , , , , 8.2137115, -0.0078889, , , , , , , 8.2137115, -0.005539, , , , , , , 8.2137115, 0.0135958, , , , , , , , , , , , , , , , , , , , , , , , , , , , 
8.2142308, 0.0119173, , , , , , , 8.2142308, -0.0082246, , , , , , , 8.2142308, -0.0063783, , , , , , , 8.2142308, 0.0159457, , , , , , , , , , , , , , , , , , , , , , , , , , , , 
8.21475, 0.0218204, , , , , , , 8.21475, -0.008896, , , , , , , 8.21475, -0.0082246, , , , , , , 8.21475, 0.0146029, , , , , , , , , , , , , , , , , , , , , , , , , , , , 
8.2152692, 0.0290379, , , , , , , 8.2152692, -0.0078889, , , , , , , 8.2152692, -0.0082246, , , , , , , 8.2152692, 0.0146029, , , , , , , , , , , , , , , , , , , , , , , , , , , , 
8.2157885, 0.0330663, , , , , , , 8.2157885, -0.0041962, , , , , , , 8.2157885, -0.0077211, , , , , , , 8.2157885, 0.0132601, , , , , , , , , , , , , , , , , , , , , , , , , , , , 
8.2163077, 0.0280308, , , , , , , 8.2163077, -0.0028534, , , , , , , 8.2163077, -0.0068818, , , , , , , 8.2163077, 0.0105745, , , , , , , , , , , , , , , , , , , , , , , , , , , , 
8.2168269, 0.0216526, , , , , , , 8.2168269, -0.0038605, , , , , , , 8.2168269, -0.0072175, , , , , , , 8.2168269, 0.0099031, , , , , , , , , , , , , , , , , , , , , , , , , , , , 
8.2173462, 0.0179599, , , , , , , 8.2173462, -0.0058747, , , , , , , 8.2173462, -0.0095674, , , , , , , 8.2173462, 0.0095674, , , , , , , , , , , , , , , , , , , , , , , , , , , , 
8.2178654, 0.0159457, , , , , , , 8.2178654, -0.0062104, , , , , , , 8.2178654, -0.012253, , , , , , , 8.2178654, 0.0070497, , , , , , , , , , , , , , , , , , , , , , , , , , , , 
8.2183846, 0.0166171, , , , , , , 8.2183846, -0.005539, , , , , , , 8.2183846, -0.012253, , , , , , , 8.2183846, 0.0052033, , , , , , , , , , , , , , , , , , , , , , , , , , , , 
8.2189038, 0.0199741, , , , , , , 8.2189038, -0.0045319, , , , , , , 8.2189038, -0.0102388, , , , , , , 8.2189038, 0.0068818, , , , , , , , , , , , , , , , , , , , , , , , , , , , 
8.2194231, 0.0243381, , , , , , , 8.2194231, -0.0058747, , , , , , , 8.2194231, -0.0090639, , , , , , , 8.2194231, 0.0065461, , , , , , , , , , , , , , , , , , , , , , , , , , , , 
8.2199423, 0.0318914, , , , , , , 8.2199423, -0.0083925, , , , , , , 8.2199423, -0.0105745, , , , , , , 8.2199423, 0.0003357, , , , , , , , , , , , , , , , , , , , , , , , , , , , 
8.2204615, 0.0397803, , , , , , , 8.2204615, -0.0078889, , , , , , , 8.2204615, -0.012253, , , , , , , 8.2204615, -0.0078889, , , , , , , , , , , , , , , , , , , , , , , , , , , , 
8.2209808, 0.0407874, , , , , , , 8.2209808, -0.0075532, , , , , , , 8.2209808, -0.0132601, , , , , , , 8.2209808, -0.0135958, , , , , , , , , , , , , , , , , , , , , , , , , , , , 
8.2215, 0.0374304, , , , , , , 8.2215, -0.0072175, , , , , , , 8.2215, -0.0139315, , , , , , , 8.2215, -0.0151064, , , , , , , , , , , , , , , , , , , , , , , , , , , , 
8.2220192, 0.0364233, , , , , , , 8.2220192, -0.0062104, , , , , , , 8.2220192, -0.01561, , , , , , , 8.2220192, -0.01561, , , , , , , , , , , , , , , , , , , , , , , , , , , , 
8.2225385, 0.0381018, , , , , , , 8.2225385, -0.0041962, , , , , , , 8.2225385, -0.0130922, , , , , , , 8.2225385, -0.0149386, , , , , , , , , , , , , , , , , , , , , , , , , , , , 
8.2230577, 0.0387732, , , , , , , 8.2230577, -0.0035248, , , , , , , 8.2230577, -0.0095674, , , , , , , 8.2230577, -0.0112459, , , , , , , , , , , , , , , , , , , , , , , , , , , , 
8.2235769, 0.0370947, , , , , , , 8.2235769, -0.0068818, , , , , , , 8.2235769, -0.0095674, , , , , , , 8.2235769, -0.0065461, , , , , , , , , , , , , , , , , , , , , , , , , , , , 
8.2240962, 0.0357519, , , , , , , 8.2240962, -0.0082246, , , , , , , 8.2240962, -0.0109102, , , , , , , 8.2240962, -0.0006714, , , , , , , , , , , , , , , , , , , , , , , , , , , , 
8.2246154, 0.0347448, , , , , , , 8.2246154, -0.0065461, , , , , , , 8.2246154, -0.0115816, , , , , , , 8.2246154, 0.0048676, , , , , , , , , , , , , , , , , , , , , , , , , , , , 
8.2251346, 0.0303807, , , , , , , 8.2251346, -0.0057069, , , , , , , 8.2251346, -0.0105745, , , , , , , 8.2251346, 0.008896, , , , , , , , , , , , , , , , , , , , , , , , , , , , 
8.2256538, 0.0199741, , , , , , , 8.2256538, -0.0062104, , , , , , , 8.2256538, -0.0085603, , , , , , , 8.2256538, 0.0132601, , , , , , , , , , , , , , , , , , , , , , , , , , , , 
8.2261731, 0.008896, , , , , , , 8.2261731, -0.0062104, , , , , , , 8.2261731, -0.0068818, , , , , , , 8.2261731, 0.0193027, , , , , , , , , , , , , , , , , , , , , , , , , , , , 
8.2266923, 0.0011749, , , , , , , 8.2266923, -0.0048676, , , , , , , 8.2266923, -0.0028534, , , , , , , 8.2266923, 0.0271916, , , , , , , , , , , , , , , , , , , , , , , , , , , , 
8.2272115, -0.002182, , , , , , , 8.2272115, -0.0060426, , , , , , , 8.2272115, -0.0005035, , , , , , , 8.2272115, 0.0337377, , , , , , , , , , , , , , , , , , , , , , , , , , , , 
8.2277308, -0.0075532, , , , , , , 8.2277308, -0.0072175, , , , , , , 8.2277308, -0.0005035, , , , , , , 8.2277308, 0.0359197, , , , , , , , , , , , , , , , , , , , , , , , , , , , 
8.22825, -0.0149386, , , , , , , 8.22825, -0.0075532, , , , , , , 8.22825, -0.0011749, , , , , , , 8.22825, 0.0357519, , , , , , , , , , , , , , , , , , , , , , , , , , , , 
8.2287692, -0.018967, , , , , , , 8.2287692, -0.0075532, , , , , , , 8.2287692, -0.002182, , , , , , , 8.2287692, 0.035584, , , , , , , , , , , , , , , , , , , , , , , , , , , , 
8.2292885, -0.0194705, , , , , , , 8.2292885, -0.0082246, , , , , , , 8.2292885, -0.0018463, , , , , , , 8.2292885, 0.0354162, , , , , , , , , , , , , , , , , , , , , , , , , , , , 
8.2298077, -0.0203098, , , , , , , 8.2298077, -0.0109102, , , , , , , 8.2298077, -0.0015106, , , , , , , 8.2298077, 0.0339055, , , , , , , , , , , , , , , , , , , , , , , , , , , , 
8.2303269, -0.0199741, , , , , , , 8.2303269, -0.0129244, , , , , , , 8.2303269, -0.0028534, , , , , , , 8.2303269, 0.027863, , , , , , , , , , , , , , , , , , , , , , , , , , , , 
8.2308462, -0.0162814, , , , , , , 8.2308462, -0.012253, , , , , , , 8.2308462, -0.0038605, , , , , , , 8.2308462, 0.0231632, , , , , , , , , , , , , , , , , , , , , , , , , , , , 
8.2313654, -0.0104067, , , , , , , 8.2313654, -0.0109102, , , , , , , 8.2313654, -0.0038605, , , , , , , 8.2313654, 0.0209812, , , , , , , , , , , , , , , , , , , , , , , , , , , , 
8.2318846, -0.0043641, , , , , , , 8.2318846, -0.0109102, , , , , , , 8.2318846, -0.0028534, , , , , , , 8.2318846, 0.0199741, , , , , , , , , , , , , , , , , , , , , , , , , , , , 
8.2324038, -0.0005035, , , , , , , 8.2324038, -0.0102388, , , , , , , 8.2324038, -0.003357, , , , , , , 8.2324038, 0.0182956, , , , , , , , , , , , , , , , , , , , , , , , , , , , 
8.2329231, 0.0058747, , , , , , , 8.2329231, -0.0115816, , , , , , , 8.2329231, -0.0052033, , , , , , , 8.2329231, 0.0164492, , , , , , , , , , , , , , , , , , , , , , , , , , , , 
8.2334423, 0.0104067, , , , , , , 8.2334423, -0.0132601, , , , , , , 8.2334423, -0.0065461, , , , , , , 8.2334423, 0.0162814, , , , , , , , , , , , , , , , , , , , , , , , , , , , 
8.2339615, 0.0124208, , , , , , , 8.2339615, -0.012253, , , , , , , 8.2339615, -0.0082246, , , , , , , 8.2339615, 0.0139315, , , , , , , , , , , , , , , , , , , , , , , , , , , , 
8.2344808, 0.0146029, , , , , , , 8.2344808, -0.0115816, , , , , , , 8.2344808, -0.0109102, , , , , , , 8.2344808, 0.0099031, , , , , , , , , , , , , , , , , , , , , , , , , , , , 
8.235, 0.0199741, , , , , , , 8.235, -0.0115816, , , , , , , 8.235, -0.0095674, , , , , , , 8.235, 0.0065461, , , , , , , , , , , , , , , , , , , , , , , , , , , , 
8.2355192, 0.0231632, , , , , , , 8.2355192, -0.0102388, , , , , , , 8.2355192, -0.0068818, , , , , , , 8.2355192, 0.0052033, , , , , , , , , , , , , , , , , , , , , , , , , , , , 
8.2360385, 0.0206455, , , , , , , 8.2360385, -0.0109102, , , , , , , 8.2360385, -0.0062104, , , , , , , 8.2360385, 0.0057069, , , , , , , , , , , , , , , , , , , , , , , , , , , , 
8.2365577, 0.0176242, , , , , , , 8.2365577, -0.0135958, , , , , , , 8.2365577, -0.0065461, , , , , , , 8.2365577, 0.0085603, , , , , , , , , , , , , , , , , , , , , , , , , , , , 
8.2370769, 0.0159457, , , , , , , 8.2370769, -0.0129244, , , , , , , 8.2370769, -0.0068818, , , , , , , 8.2370769, 0.011078, , , , , , , , , , , , , , , , , , , , , , , , , , , , 
8.2375962, 0.0142672, , , , , , , 8.2375962, -0.0104067, , , , , , , 8.2375962, -0.0058747, , , , , , , 8.2375962, 0.0105745, , , , , , , , , , , , , , , , , , , , , , , , , , , , 
8.2381154, 0.0132601, , , , , , , 8.2381154, -0.0097353, , , , , , , 8.2381154, -0.0052033, , , , , , , 8.2381154, 0.012253, , , , , , , , , , , , , , , , , , , , , , , , , , , , 
8.2386346, 0.0152743, , , , , , , 8.2386346, -0.0099031, , , , , , , 8.2386346, -0.0041962, , , , , , , 8.2386346, 0.0159457, , , , , , , , , , , , , , , , , , , , , , , , , , , , 
8.2391538, 0.0179599, , , , , , , 8.2391538, -0.0105745, , , , , , , 8.2391538, -0.0045319, , , , , , , 8.2391538, 0.0166171, , , , , , , , , , , , , , , , , , , , , , , , , , , , 
8.2396731, 0.0204776, , , , , , , 8.2396731, -0.0099031, , , , , , , 8.2396731, -0.005539, , , , , , , 8.2396731, 0.0132601, , , , , , , , , , , , , , , , , , , , , , , , , , , , 
8.2401923, 0.0221561, , , , , , , 8.2401923, -0.0092317, , , , , , , 8.2401923, -0.0085603, , , , , , , 8.2401923, 0.0065461, , , , , , , , , , , , , , , , , , , , , , , , , , , , 
8.2407115, 0.0224918, , , , , , , 8.2407115, -0.0095674, , , , , , , 8.2407115, -0.0105745, , , , , , , 8.2407115, 0.0001678, , , , , , , , , , , , , , , , , , , , , , , , , , , , 
8.2412308, 0.0263523, , , , , , , 8.2412308, -0.0099031, , , , , , , 8.2412308, -0.010071, , , , , , , 8.2412308, -0.0035248, , , , , , , , , , , , , , , , , , , , , , , , , , , , 
8.24175, 0.0320592, , , , , , , 8.24175, -0.0095674, , , , , , , 8.24175, -0.008896, , , , , , , 8.24175, -0.0050355, , , , , , , , , , , , , , , , , , , , , , , , , , , , 
8.2422692, 0.0375982, , , , , , , 8.2422692, -0.0075532, , , , , , , 8.2422692, -0.0085603, , , , , , , 8.2422692, -0.0031891, , , , , , , , , , , , , , , , , , , , , , , , , , , , 
8.2427885, 0.0407874, , , , , , , 8.2427885, -0.0070497, , , , , , , 8.2427885, -0.0082246, , , , , , , 8.2427885, -0.0035248, , , , , , , , , , , , , , , , , , , , , , , , , , , , 
8.2433077, 0.0327306, , , , , , , 8.2433077, -0.0063783, , , , , , , 8.2433077, -0.008896, , , , , , , 8.2433077, -0.0038605, , , , , , , , , , , , , , , , , , , , , , , , , , , , 
8.2438269, 0.0243381, , , , , , , 8.2438269, -0.005539, , , , , , , 8.2438269, -0.0097353, , , , , , , 8.2438269, 0.0005035, , , , , , , , , , , , , , , , , , , , , , , , , , , , 
8.2443462, 0.017792, , , , , , , 8.2443462, -0.005539, , , , , , , 8.2443462, -0.0095674, , , , , , , 8.2443462, 0.005539, , , , , , , , , , , , , , , , , , , , , , , , , , , , 
8.2448654, 0.014435, , , , , , , 8.2448654, -0.0068818, , , , , , , 8.2448654, -0.0095674, , , , , , , 8.2448654, 0.0050355, , , , , , , , , , , , , , , , , , , , , , , , , , , , 
8.2453846, 0.0166171, , , , , , , 8.2453846, -0.0070497, , , , , , , 8.2453846, -0.0099031, , , , , , , 8.2453846, 0.0052033, , , , , , , , , , , , , , , , , , , , , , , , , , , , 
8.2459038, 0.0142672, , , , , , , 8.2459038, -0.0070497, , , , , , , 8.2459038, -0.010071, , , , , , , 8.2459038, 0.008896, , , , , , , , , , , , , , , , , , , , , , , , , , , , 
8.2464231, 0.0052033, , , , , , , 8.2464231, -0.0068818, , , , , , , 8.2464231, -0.008896, , , , , , , 8.2464231, 0.0159457, , , , , , , , , , , , , , , , , , , , , , , , , , , , 
8.2469423, -0.0008392, , , , , , , 8.2469423, -0.005539, , , , , , , 8.2469423, -0.005539, , , , , , , 8.2469423, 0.0229953, , , , , , , , , , , , , , , , , , , , , , , , , , , , 
8.2474615, -0.0045319, , , , , , , 8.2474615, -0.0062104, , , , , , , 8.2474615, -0.0035248, , , , , , , 8.2474615, 0.0273594, , , , , , , , , , , , , , , , , , , , , , , , , , , , 
8.2479808, -0.008896, , , , , , , 8.2479808, -0.0068818, , , , , , , 8.2479808, -0.0023499, , , , , , , 8.2479808, 0.03122, , , , , , , , , , , , , , , , , , , , , , , , , , , , 
8.2485, -0.0102388, , , , , , , 8.2485, -0.0058747, , , , , , , 8.2485, -0.0046998, , , , , , , 8.2485, 0.0364233, , , , , , , , , , , , , , , , , , , , , , , , , , , , 
8.2490192, -0.0102388, , , , , , , 8.2490192, -0.0048676, , , , , , , 8.2490192, -0.0062104, , , , , , , 8.2490192, 0.0414588, , , , , , , , , , , , , , , , , , , , , , , , , , , , 
8.2495385, -0.0102388, , , , , , , 8.2495385, -0.005539, , , , , , , 8.2495385, -0.0038605, , , , , , , 8.2495385, 0.0414588, , , , , , , , , , , , , , , , , , , , , , , , , , , , 
8.2500577, -0.0097353, , , , , , , 8.2500577, -0.0062104, , , , , , , 8.2500577, -0.0015106, , , , , , , 8.2500577, 0.0379339, , , , , , , , , , , , , , , , , , , , , , , , , , , , 
8.2505769, -0.0070497, , , , , , , 8.2505769, -0.0068818, , , , , , , 8.2505769, -0.002182, , , , , , , 8.2505769, 0.0339055, , , , , , , , , , , , , , , , , , , , , , , , , , , , 
8.2510962, -0.002182, , , , , , , 8.2510962, -0.0083925, , , , , , , 8.2510962, -0.0043641, , , , , , , 8.2510962, 0.0287022, , , , , , , , , , , , , , , , , , , , , , , , , , , , 
8.2516154, 0.0057069, , , , , , , 8.2516154, -0.0085603, , , , , , , 8.2516154, -0.005539, , , , , , , 8.2516154, 0.021149, , , , , , , , , , , , , , , , , , , , , , , , , , , , 
8.2521346, 0.012253, , , , , , , 8.2521346, -0.0075532, , , , , , , 8.2521346, -0.0058747, , , , , , , 8.2521346, 0.0159457, , , , , , , , , , , , , , , , , , , , , , , , , , , , 
8.2526538, 0.0142672, , , , , , , 8.2526538, -0.0068818, , , , , , , 8.2526538, -0.0062104, , , , , , , 8.2526538, 0.0159457, , , , , , , , , , , , , , , , , , , , , , , , , , , , 
8.2531731, 0.01561, , , , , , , 8.2531731, -0.0075532, , , , , , , 8.2531731, -0.0075532, , , , , , , 8.2531731, 0.0176242, , , , , , , , , , , , , , , , , , , , , , , , , , , , 
8.2536923, 0.0179599, , , , , , , 8.2536923, -0.0073854, , , , , , , 8.2536923, -0.0068818, , , , , , , 8.2536923, 0.0162814, , , , , , , , , , , , , , , , , , , , , , , , , , , , 
8.2542115, 0.0182956, , , , , , , 8.2542115, -0.0068818, , , , , , , 8.2542115, -0.008896, , , , , , , 8.2542115, 0.0132601, , , , , , , , , , , , , , , , , , , , , , , , , , , , 
8.2547308, 0.0171206, , , , , , , 8.2547308, -0.0073854, , , , , , , 8.2547308, -0.0109102, , , , , , , 8.2547308, 0.0105745, , , , , , , , , , , , , , , , , , , , , , , , , , , , 
8.25525, 0.0172885, , , , , , , 8.25525, -0.0077211, , , , , , , 8.25525, -0.0109102, , , , , , , 8.25525, 0.010071, , , , , , , , , , , , , , , , , , , , , , , , , , , , 
8.2557692, 0.0226596, , , , , , , 8.2557692, -0.0082246, , , , , , , 8.2557692, -0.0099031, , , , , , , 8.2557692, 0.0095674, , , , , , , , , , , , , , , , , , , , , , , , , , , , 
8.2562885, 0.0280308, , , , , , , 8.2562885, -0.0083925, , , , , , , 8.2562885, -0.0102388, , , , , , , 8.2562885, 0.0085603, , , , , , , , , , , , , , , , , , , , , , , , , , , , 
8.2568077, 0.0246738, , , , , , , 8.2568077, -0.0082246, , , , , , , 8.2568077, -0.0083925, , , , , , , 8.2568077, 0.0092317, , , , , , , , , , , , , , , , , , , , , , , , , , , , 
8.2573269, 0.023331, , , , , , , 8.2573269, -0.0072175, , , , , , , 8.2573269, -0.0075532, , , , , , , 8.2573269, 0.0092317, , , , , , , , , , , , , , , , , , , , , , , , , , , , 
8.2578462, 0.0236667, , , , , , , 8.2578462, -0.0075532, , , , , , , 8.2578462, -0.0095674, , , , , , , 8.2578462, 0.0068818, , , , , , , , , , , , , , , , , , , , , , , , , , , , 
8.2583654, 0.0186313, , , , , , , 8.2583654, -0.0073854, , , , , , , 8.2583654, -0.0104067, , , , , , , 8.2583654, 0.0062104, , , , , , , , , , , , , , , , , , , , , , , , , , , , 
8.2588846, 0.0166171, , , , , , , 8.2588846, -0.0068818, , , , , , , 8.2588846, -0.0095674, , , , , , , 8.2588846, 0.0060426, , , , , , , , , , , , , , , , , , , , , , , , , , , , 
8.2594038, 0.0179599, , , , , , , 8.2594038, -0.0052033, , , , , , , 8.2594038, -0.008896, , , , , , , 8.2594038, 0.0038605, , , , , , , , , , , , , , , , , , , , , , , , , , , , 
8.2599231, 0.0199741, , , , , , , 8.2599231, -0.0038605, , , , , , , 8.2599231, -0.0109102, , , , , , , 8.2599231, 0.0005035, , , , , , , , , , , , , , , , , , , , , , , , , , , , 
8.2604423, 0.0251774, , , , , , , 8.2604423, -0.0041962, , , , , , , 8.2604423, -0.012253, , , , , , , 8.2604423, -0.0035248, , , , , , , , , , , , , , , , , , , , , , , , , , , , 
8.2609615, 0.0330663, , , , , , , 8.2609615, -0.005539, , , , , , , 8.2609615, -0.0115816, , , , , , , 8.2609615, -0.0068818, , , , , , , , , , , , , , , , , , , , , , , , , , , , 
8.2614808, 0.0370947, , , , , , , 8.2614808, -0.0062104, , , , , , , 8.2614808, -0.0119173, , , , , , , 8.2614808, -0.008896, , , , , , , , , , , , , , , , , , , , , , , , , , , , 
8.262, 0.0339055, , , , , , , 8.262, -0.0041962, , , , , , , 8.262, -0.012253, , , , , , , 8.262, -0.0102388, , , , , , , , , , , , , , , , , , , , , , , , , , , , 
8.2625192, 0.0330663, , , , , , , 8.2625192, -0.0028534, , , , , , , 8.2625192, -0.0135958, , , , , , , 8.2625192, -0.0102388, , , , , , , , , , , , , , , , , , , , , , , , , , , , 
8.2630385, 0.0340734, , , , , , , 8.2630385, -0.0035248, , , , , , , 8.2630385, -0.01561, , , , , , , 8.2630385, -0.0099031, , , , , , , , , , , , , , , , , , , , , , , , , , , , 
8.2635577, 0.0337377, , , , , , , 8.2635577, -0.0048676, , , , , , , 8.2635577, -0.0142672, , , , , , , 8.2635577, -0.0068818, , , , , , , , , , , , , , , , , , , , , , , , , , , , 
8.2640769, 0.0293736, , , , , , , 8.2640769, -0.0072175, , , , , , , 8.2640769, -0.0112459, , , , , , , 8.2640769, 0.0008392, , , , , , , , , , , , , , , , , , , , , , , , , , , , 
8.2645962, 0.0253452, , , , , , , 8.2645962, -0.0077211, , , , , , , 8.2645962, -0.0099031, , , , , , , 8.2645962, 0.008896, , , , , , , , , , , , , , , , , , , , , , , , , , , , 
8.2651154, 0.0240024, , , , , , , 8.2651154, -0.0070497, , , , , , , 8.2651154, -0.0099031, , , , , , , 8.2651154, 0.0132601, , , , , , , , , , , , , , , , , , , , , , , , , , , , 
8.2656346, 0.0193027, , , , , , , 8.2656346, -0.0083925, , , , , , , 8.2656346, -0.0102388, , , , , , , 8.2656346, 0.014435, , , , , , , , , , , , , , , , , , , , , , , , , , , , 
8.2661538, 0.0130922, , , , , , , 8.2661538, -0.0102388, , , , , , , 8.2661538, -0.0095674, , , , , , , 8.2661538, 0.0171206, , , , , , , , , , , , , , , , , , , , , , , , , , , , 
8.2666731, 0.012253, , , , , , , 8.2666731, -0.0099031, , , , , , , 8.2666731, -0.0082246, , , , , , , 8.2666731, 0.0216526, , , , , , , , , , , , , , , , , , , , , , , , , , , , 
8.2671923, 0.0130922, , , , , , , 8.2671923, -0.0078889, , , , , , , 8.2671923, -0.0082246, , , , , , , 8.2671923, 0.0260166, , , , , , , , , , , , , , , , , , , , , , , , , , , , 
8.2677115, 0.0078889, , , , , , , 8.2677115, -0.0062104, , , , , , , 8.2677115, -0.005539, , , , , , , 8.2677115, 0.0297093, , , , , , , , , , , , , , , , , , , , , , , , , , , , 
8.2682308, 0.0011749, , , , , , , 8.2682308, -0.0068818, , , , , , , 8.2682308, -0.0041962, , , , , , , 8.2682308, 0.0327306, , , , , , , , , , , , , , , , , , , , , , , , , , , , 
8.26875, -0.0038605, , , , , , , 8.26875, -0.0082246, , , , , , , 8.26875, -0.0043641, , , , , , , 8.26875, 0.0374304, , , , , , , , , , , , , , , , , , , , , , , , , , , , 
8.2692692, -0.0058747, , , , , , , 8.2692692, -0.0085603, , , , , , , 8.2692692, -0.0038605, , , , , , , 8.2692692, 0.0404517, , , , , , , , , , , , , , , , , , , , , , , , , , , , 
8.2697885, -0.0035248, , , , , , , 8.2697885, -0.0082246, , , , , , , 8.2697885, -0.0010071, , , , , , , 8.2697885, 0.0364233, , , , , , , , , , , , , , , , , , , , , , , , , , , , 
8.2703077, -0.0031891, , , , , , , 8.2703077, -0.0083925, , , , , , , 8.2703077, -0.0015106, , , , , , , 8.2703077, 0.027863, , , , , , , , , , , , , , , , , , , , , , , , , , , , 
8.2708269, -0.0001678, , , , , , , 8.2708269, -0.0082246, , , , , , , 8.2708269, -0.005539, , , , , , , 8.2708269, 0.0206455, , , , , , , , , , , , , , , , , , , , , , , , , , , , 
8.2713462, 0.0038605, , , , , , , 8.2713462, -0.0065461, , , , , , , 8.2713462, -0.0068818, , , , , , , 8.2713462, 0.018967, , , , , , , , , , , , , , , , , , , , , , , , , , , , 
8.2718654, 0.0041962, , , , , , , 8.2718654, -0.0058747, , , , , , , 8.2718654, -0.0062104, , , , , , , 8.2718654, 0.0152743, , , , , , , , , , , , , , , , , , , , , , , , , , , , 
8.2723846, 0.0028534, , , , , , , 8.2723846, -0.005539, , , , , , , 8.2723846, -0.0058747, , , , , , , 8.2723846, 0.0105745, , , , , , , , , , , , , , , , , , , , , , , , , , , , 
8.2729038, 0.0016785, , , , , , , 8.2729038, -0.005539, , , , , , , 8.2729038, -0.005539, , , , , , , 8.2729038, 0.0092317, , , , , , , , , , , , , , , , , , , , , , , , , , , , 
8.2734231, 0.0018463, , , , , , , 8.2734231, -0.0068818, , , , , , , 8.2734231, -0.0052033, , , , , , , 8.2734231, 0.0102388, , , , , , , , , , , , , , , , , , , , , , , , , , , , 
8.2739423, 0.0075532, , , , , , , 8.2739423, -0.0095674, , , , , , , 8.2739423, -0.0041962, , , , , , , 8.2739423, 0.0102388, , , , , , , , , , , , , , , , , , , , , , , , , , , , 
8.2744615, 0.0140993, , , , , , , 8.2744615, -0.0105745, , , , , , , 8.2744615, -0.0038605, , , , , , , 8.2744615, 0.0095674, , , , , , , , , , , , , , , , , , , , , , , , , , , , 
8.2749808, 0.0176242, , , , , , , 8.2749808, -0.0112459, , , , , , , 8.2749808, -0.005539, , , , , , , 8.2749808, 0.0097353, , , , , , , , , , , , , , , , , , , , , , , , , , , , 
8.2755, 0.0186313, , , , , , , 8.2755, -0.0109102, , , , , , , 8.2755, -0.0062104, , , , , , , 8.2755, 0.008896, , , , , , , , , , , , , , , , , , , , , , , , , , , , 
8.2760192, 0.0196384, , , , , , , 8.2760192, -0.0102388, , , , , , , 8.2760192, -0.0041962, , , , , , , 8.2760192, 0.0082246, , , , , , , , , , , , , , , , , , , , , , , , , , , , 
8.2765385, 0.0218204, , , , , , , 8.2765385, -0.0090639, , , , , , , 8.2765385, -0.0031891, , , , , , , 8.2765385, 0.0065461, , , , , , , , , , , , , , , , , , , , , , , , , , , , 
8.2770577, 0.0213169, , , , , , , 8.2770577, -0.0082246, , , , , , , 8.2770577, -0.0041962, , , , , , , 8.2770577, 0.0052033, , , , , , , , , , , , , , , , , , , , , , , , , , , , 
8.2775769, 0.0166171, , , , , , , 8.2775769, -0.0082246, , , , , , , 8.2775769, -0.0062104, , , , , , , 8.2775769, 0.0060426, , , , , , , , , , , , , , , , , , , , , , , , , , , , 
8.2780962, 0.0162814, , , , , , , 8.2780962, -0.0082246, , , , , , , 8.2780962, -0.0078889, , , , , , , 8.2780962, 0.0078889, , , , , , , , , , , , , , , , , , , , , , , , , , , , 
8.2786154, 0.0206455, , , , , , , 8.2786154, -0.0082246, , , , , , , 8.2786154, -0.008896, , , , , , , 8.2786154, 0.0078889, , , , , , , , , , , , , , , , , , , , , , , , , , , , 
8.2791346, 0.0226596, , , , , , , 8.2791346, -0.0075532, , , , , , , 8.2791346, -0.0102388, , , , , , , 8.2791346, 0.0085603, , , , , , , , , , , , , , , , , , , , , , , , , , , , 
8.2796538, 0.0226596, , , , , , , 8.2796538, -0.0075532, , , , , , , 8.2796538, -0.0092317, , , , , , , 8.2796538, 0.0075532, , , , , , , , , , , , , , , , , , , , , , , , , , , , 
8.2801731, 0.0253452, , , , , , , 8.2801731, -0.0068818, , , , , , , 8.2801731, -0.0077211, , , , , , , 8.2801731, 0.0028534, , , , , , , , , , , , , , , , , , , , , , , , , , , , 
8.2806923, 0.030045, , , , , , , 8.2806923, -0.0078889, , , , , , , 8.2806923, -0.0082246, , , , , , , 8.2806923, -0.0015106, , , , , , , , , , , , , , , , , , , , , , , , , , , , 
8.2812115, 0.0313878, , , , , , , 8.2812115, -0.0099031, , , , , , , 8.2812115, -0.008896, , , , , , , 8.2812115, -0.0001678, , , , , , , , , , , , , , , , , , , , , , , , , , , , 
8.2817308, 0.0330663, , , , , , , 8.2817308, -0.0095674, , , , , , , 8.2817308, -0.0092317, , , , , , , 8.2817308, 0.0010071, , , , , , , , , , , , , , , , , , , , , , , , , , , , 
8.28225, 0.0330663, , , , , , , 8.28225, -0.0082246, , , , , , , 8.28225, -0.0072175, , , , , , , 8.28225, 0.002182, , , , , , , , , , , , , , , , , , , , , , , , , , , , 
8.2827692, 0.0293736, , , , , , , 8.2827692, -0.0075532, , , , , , , 8.2827692, -0.0062104, , , , , , , 8.2827692, 0.0020142, , , , , , , , , , , , , , , , , , , , , , , , , , , , 
8.2832885, 0.0246738, , , , , , , 8.2832885, -0.008896, , , , , , , 8.2832885, -0.0070497, , , , , , , 8.2832885, 0.0018463, , , , , , , , , , , , , , , , , , , , , , , , , , , , 
8.2838077, 0.0139315, , , , , , , 8.2838077, -0.0095674, , , , , , , 8.2838077, -0.0109102, , , , , , , 8.2838077, 0.0043641, , , , , , , , , , , , , , , , , , , , , , , , , , , , 
8.2843269, 0.0078889, , , , , , , 8.2843269, -0.0070497, , , , , , , 8.2843269, -0.0135958, , , , , , , 8.2843269, 0.0072175, , , , , , , , , , , , , , , , , , , , , , , , , , , , 
8.2848462, 0.0102388, , , , , , , 8.2848462, -0.0072175, , , , , , , 8.2848462, -0.0135958, , , , , , , 8.2848462, 0.0102388, , , , , , , , , , , , , , , , , , , , , , , , , , , , 
8.2853654, 0.008896, , , , , , , 8.2853654, -0.0083925, , , , , , , 8.2853654, -0.0112459, , , , , , , 8.2853654, 0.0115816, , , , , , , , , , , , , , , , , , , , , , , , , , , , 
8.2858846, 0.0035248, , , , , , , 8.2858846, -0.0085603, , , , , , , 8.2858846, -0.0075532, , , , , , , 8.2858846, 0.0135958, , , , , , , , , , , , , , , , , , , , , , , , , , , , 
8.2864038, -0.0008392, , , , , , , 8.2864038, -0.008896, , , , , , , 8.2864038, -0.0058747, , , , , , , 8.2864038, 0.0176242, , , , , , , , , , , , , , , , , , , , , , , , , , , , 
8.2869231, -0.0048676, , , , , , , 8.2869231, -0.0082246, , , , , , , 8.2869231, -0.0062104, , , , , , , 8.2869231, 0.0243381, , , , , , , , , , , , , , , , , , , , , , , , , , , , 
8.2874423, -0.0085603, , , , , , , 8.2874423, -0.0070497, , , , , , , 8.2874423, -0.0043641, , , , , , , 8.2874423, 0.0292058, , , , , , , , , , , , , , , , , , , , , , , , , , , , 
8.2879615, -0.0097353, , , , , , , 8.2879615, -0.0063783, , , , , , , 8.2879615, -0.0028534, , , , , , , 8.2879615, 0.0313878, , , , , , , , , , , , , , , , , , , , , , , , , , , , 
8.2884808, -0.0115816, , , , , , , 8.2884808, -0.0068818, , , , , , , 8.2884808, -0.0028534, , , , , , , 8.2884808, 0.033402, , , , , , , , , , , , , , , , , , , , , , , , , , , , 
8.289, -0.0119173, , , , , , , 8.289, -0.0082246, , , , , , , 8.289, -0.0035248, , , , , , , 8.289, 0.0344091, , , , , , , , , , , , , , , , , , , , , , , , , , , , 
8.2895192, -0.0125887, , , , , , , 8.2895192, -0.0092317, , , , , , , 8.2895192, -0.0045319, , , , , , , 8.2895192, 0.0340734, , , , , , , , , , , , , , , , , , , , , , , , , , , , 
8.2900385, -0.0135958, , , , , , , 8.2900385, -0.0092317, , , , , , , 8.2900385, -0.0028534, , , , , , , 8.2900385, 0.03122, , , , , , , , , , , , , , , , , , , , , , , , , , , , 
8.2905577, -0.0149386, , , , , , , 8.2905577, -0.0095674, , , , , , , 8.2905577, -0.0018463, , , , , , , 8.2905577, 0.0276951, , , , , , , , , , , , , , , , , , , , , , , , , , , , 
8.2910769, -0.008896, , , , , , , 8.2910769, -0.0095674, , , , , , , 8.2910769, -0.002182, , , , , , , 8.2910769, 0.0246738, , , , , , , , , , , , , , , , , , , , , , , , , , , , 
8.2915962, -0.0031891, , , , , , , 8.2915962, -0.0078889, , , , , , , 8.2915962, -0.0030213, , , , , , , 8.2915962, 0.0199741, , , , , , , , , , , , , , , , , , , , , , , , , , , , 
8.2921154, -0.0005035, , , , , , , 8.2921154, -0.0068818, , , , , , , 8.2921154, -0.005539, , , , , , , 8.2921154, 0.0159457, , , , , , , , , , , , , , , , , , , , , , , , , , , , 
8.2926346, 0.0025177, , , , , , , 8.2926346, -0.0058747, , , , , , , 8.2926346, -0.0082246, , , , , , , 8.2926346, 0.0146029, , , , , , , , , , , , , , , , , , , , , , , , , , , , 
8.2931538, 0.0072175, , , , , , , 8.2931538, -0.005539, , , , , , , 8.2931538, -0.0105745, , , , , , , 8.2931538, 0.0132601, , , , , , , , , , , , , , , , , , , , , , , , , , , , 
8.2936731, 0.0125887, , , , , , , 8.2936731, -0.0082246, , , , , , , 8.2936731, -0.010071, , , , , , , 8.2936731, 0.0112459, , , , , , , , , , , , , , , , , , , , , , , , , , , , 
8.2941923, 0.0179599, , , , , , , 8.2941923, -0.0095674, , , , , , , 8.2941923, -0.0065461, , , , , , , 8.2941923, 0.0097353, , , , , , , , , , , , , , , , , , , , , , , , , , , , 
8.2947115, 0.0231632, , , , , , , 8.2947115, -0.0099031, , , , , , , 8.2947115, -0.0045319, , , , , , , 8.2947115, 0.0112459, , , , , , , , , , , , , , , , , , , , , , , , , , , , 
8.2952308, 0.026688, , , , , , , 8.2952308, -0.0109102, , , , , , , 8.2952308, -0.0053712, , , , , , , 8.2952308, 0.0125887, , , , , , , , , , , , , , , , , , , , , , , , , , , , 
8.29575, 0.0253452, , , , , , , 8.29575, -0.0115816, , , , , , , 8.29575, -0.0058747, , , , , , , 8.29575, 0.0109102, , , , , , , , , , , , , , , , , , , , , , , , , , , , 
8.2962692, 0.0199741, , , , , , , 8.2962692, -0.0097353, , , , , , , 8.2962692, -0.0068818, , , , , , , 8.2962692, 0.0099031, , , , , , , , , , , , , , , , , , , , , , , , , , , , 
8.2967885, 0.0199741, , , , , , , 8.2967885, -0.0078889, , , , , , , 8.2967885, -0.0085603, , , , , , , 8.2967885, 0.0099031, , , , , , , , , , , , , , , , , , , , , , , , , , , , 
8.2973077, 0.0226596, , , , , , , 8.2973077, -0.0068818, , , , , , , 8.2973077, -0.0095674, , , , , , , 8.2973077, 0.008896, , , , , , , , , , , , , , , , , , , , , , , , , , , , 
8.2978269, 0.0240024, , , , , , , 8.2978269, -0.0068818, , , , , , , 8.2978269, -0.008896, , , , , , , 8.2978269, 0.0070497, , , , , , , , , , , , , , , , , , , , , , , , , , , , 
8.2983462, 0.0226596, , , , , , , 8.2983462, -0.0072175, , , , , , , 8.2983462, -0.0083925, , , , , , , 8.2983462, 0.0045319, , , , , , , , , , , , , , , , , , , , , , , , , , , , 
8.2988654, 0.0213169, , , , , , , 8.2988654, -0.0072175, , , , , , , 8.2988654, -0.0082246, , , , , , , 8.2988654, 0.0018463, , , , , , , , , , , , , , , , , , , , , , , , , , , , 
8.2993846, 0.0223239, , , , , , , 8.2993846, -0.0060426, , , , , , , 8.2993846, -0.0075532, , , , , , , 8.2993846, -0.0003357, , , , , , , , , , , , , , , , , , , , , , , , , , , , 
8.2999038, 0.0270237, , , , , , , 8.2999038, -0.0068818, , , , , , , 8.2999038, -0.008896, , , , , , , 8.2999038, -0.0018463, , , , , , , , , , , , , , , , , , , , , , , , , , , , 
8.3004231, 0.0340734, , , , , , , 8.3004231, -0.0090639, , , , , , , 8.3004231, -0.0104067, , , , , , , 8.3004231, -0.0031891, , , , , , , , , , , , , , , , , , , , , , , , , , , , 
8.3009423, 0.0374304, , , , , , , 8.3009423, -0.0099031, , , , , , , 8.3009423, -0.0109102, , , , , , , 8.3009423, -0.0068818, , , , , , , , , , , , , , , , , , , , , , , , , , , , 
8.3014615, 0.040116, , , , , , , 8.3014615, -0.0102388, , , , , , , 8.3014615, -0.0117494, , , , , , , 8.3014615, -0.0095674, , , , , , , , , , , , , , , , , , , , , , , , , , , , 
8.3019808, 0.040116, , , , , , , 8.3019808, -0.0092317, , , , , , , 8.3019808, -0.0132601, , , , , , , 8.3019808, -0.0105745, , , , , , , , , , , , , , , , , , , , , , , , , , , , 
8.3025, 0.036759, , , , , , , 8.3025, -0.0095674, , , , , , , 8.3025, -0.0129244, , , , , , , 8.3025, -0.0085603, , , , , , , , , , , , , , , , , , , , , , , , , , , , 
8.3030192, 0.0344091, , , , , , , 8.3030192, -0.0117494, , , , , , , 8.3030192, -0.0109102, , , , , , , 8.3030192, -0.0048676, , , , , , , , , , , , , , , , , , , , , , , , , , , , 
8.3035385, 0.0320592, , , , , , , 8.3035385, -0.0115816, , , , , , , 8.3035385, -0.0085603, , , , , , , 8.3035385, -0.0011749, , , , , , , , , , , , , , , , , , , , , , , , , , , , 
8.3040577, 0.0276951, , , , , , , 8.3040577, -0.0072175, , , , , , , 8.3040577, -0.0078889, , , , , , , 8.3040577, 0.0018463, , , , , , , , , , , , , , , , , , , , , , , , , , , , 
8.3045769, 0.0206455, , , , , , , 8.3045769, -0.0035248, , , , , , , 8.3045769, -0.0078889, , , , , , , 8.3045769, 0.0072175, , , , , , , , , , , , , , , , , , , , , , , , , , , , 
8.3050962, 0.0135958, , , , , , , 8.3050962, -0.005539, , , , , , , 8.3050962, -0.0095674, , , , , , , 8.3050962, 0.0135958, , , , , , , , , , , , , , , , , , , , , , , , , , , , 
8.3056154, 0.012253, , , , , , , 8.3056154, -0.0075532, , , , , , , 8.3056154, -0.0119173, , , , , , , 8.3056154, 0.0182956, , , , , , , , , , , , , , , , , , , , , , , , , , , , 
8.3061346, 0.0065461, , , , , , , 8.3061346, -0.0068818, , , , , , , 8.3061346, -0.0135958, , , , , , , 8.3061346, 0.0203098, , , , , , , , , , , , , , , , , , , , , , , , , , , , 
8.3066538, -0.0028534, , , , , , , 8.3066538, -0.0070497, , , , , , , 8.3066538, -0.0135958, , , , , , , 8.3066538, 0.0243381, , , , , , , , , , , , , , , , , , , , , , , , , , , , 
8.3071731, -0.0109102, , , , , , , 8.3071731, -0.0075532, , , , , , , 8.3071731, -0.012253, , , , , , , 8.3071731, 0.0287022, , , , , , , , , , , , , , , , , , , , , , , , , , , , 
8.3076923, -0.0130922, , , , , , , 8.3076923, -0.0075532, , , , , , , 8.3076923, -0.0092317, , , , , , , 8.3076923, 0.0293736, , , , , , , , , , , , , , , , , , , , , , , , , , , , 
8.3082115, -0.0139315, , , , , , , 8.3082115, -0.0062104, , , , , , , 8.3082115, -0.0075532, , , , , , , 8.3082115, 0.0303807, , , , , , , , , , , , , , , , , , , , , , , , , , , , 
8.3087308, -0.014435, , , , , , , 8.3087308, -0.0063783, , , , , , , 8.3087308, -0.0072175, , , , , , , 8.3087308, 0.0317235, , , , , , , , , , , , , , , , , , , , , , , , , , , , 
8.30925, -0.0119173, , , , , , , 8.30925, -0.0072175, , , , , , , 8.30925, -0.0058747, , , , , , , 8.30925, 0.030045, , , , , , , , , , , , , , , , , , , , , , , , , , , , 
8.3097692, -0.0095674, , , , , , , 8.3097692, -0.0080568, , , , , , , 8.3097692, -0.002182, , , , , , , 8.3097692, 0.0287022, , , , , , , , , , , , , , , , , , , , , , , , , , , , 
8.3102885, -0.0057069, , , , , , , 8.3102885, -0.0077211, , , , , , , 8.3102885, 0.0011749, , , , , , , 8.3102885, 0.027863, , , , , , , , , , , , , , , , , , , , , , , , , , , , 
8.3108077, -0.0063783, , , , , , , 8.3108077, -0.0082246, , , , , , , 8.3108077, -0.0011749, , , , , , , 8.3108077, 0.0246738, , , , , , , , , , , , , , , , , , , , , , , , , , , , 
8.3113269, -0.0048676, , , , , , , 8.3113269, -0.0082246, , , , , , , 8.3113269, -0.0038605, , , , , , , 8.3113269, 0.0199741, , , , , , , , , , , , , , , , , , , , , , , , , , , , 
8.3118462, 0.0045319, , , , , , , 8.3118462, -0.0068818, , , , , , , 8.3118462, -0.0052033, , , , , , , 8.3118462, 0.0191348, , , , , , , , , , , , , , , , , , , , , , , , , , , , 
8.3123654, 0.0119173, , , , , , , 8.3123654, -0.008896, , , , , , , 8.3123654, -0.0062104, , , , , , , 8.3123654, 0.0186313, , , , , , , , , , , , , , , , , , , , , , , , , , , , 
8.3128846, 0.0119173, , , , , , , 8.3128846, -0.0095674, , , , , , , 8.3128846, -0.0072175, , , , , , , 8.3128846, 0.0182956, , , , , , , , , , , , , , , , , , , , , , , , , , , , 
8.3134038, 0.0112459, , , , , , , 8.3134038, -0.0075532, , , , , , , 8.3134038, -0.0058747, , , , , , , 8.3134038, 0.0159457, , , , , , , , , , , , , , , , , , , , , , , , , , , , 
8.3139231, 0.0149386, , , , , , , 8.3139231, -0.0070497, , , , , , , 8.3139231, -0.0048676, , , , , , , 8.3139231, 0.0132601, , , , , , , , , , , , , , , , , , , , , , , , , , , , 
8.3144423, 0.0179599, , , , , , , 8.3144423, -0.0082246, , , , , , , 8.3144423, -0.0070497, , , , , , , 8.3144423, 0.012253, , , , , , , , , , , , , , , , , , , , , , , , , , , , 
8.3149615, 0.018967, , , , , , , 8.3149615, -0.0072175, , , , , , , 8.3149615, -0.0095674, , , , , , , 8.3149615, 0.0119173, , , , , , , , , , , , , , , , , , , , , , , , , , , , 
8.3154808, 0.0206455, , , , , , , 8.3154808, -0.0068818, , , , , , , 8.3154808, -0.0099031, , , , , , , 8.3154808, 0.0109102, , , , , , , , , , , , , , , , , , , , , , , , , , , , 
8.316, 0.0263523, , , , , , , 8.316, -0.0075532, , , , , , , 8.316, -0.008896, , , , , , , 8.316, 0.0090639, , , , , , , , , , , , , , , , , , , , , , , , , , , , 
8.3165192, 0.0320592, , , , , , , 8.3165192, -0.0075532, , , , , , , 8.3165192, -0.0090639, , , , , , , 8.3165192, 0.0078889, , , , , , , , , , , , , , , , , , , , , , , , , , , , 
8.3170385, 0.0317235, , , , , , , 8.3170385, -0.0070497, , , , , , , 8.3170385, -0.0102388, , , , , , , 8.3170385, 0.0092317, , , , , , , , , , , , , , , , , , , , , , , , , , , , 
8.3175577, 0.0293736, , , , , , , 8.3175577, -0.0082246, , , , , , , 8.3175577, -0.0099031, , , , , , , 8.3175577, 0.0115816, , , , , , , , , , , , , , , , , , , , , , , , , , , , 
8.3180769, 0.0263523, , , , , , , 8.3180769, -0.0097353, , , , , , , 8.3180769, -0.0082246, , , , , , , 8.3180769, 0.0119173, , , , , , , , , , , , , , , , , , , , , , , , , , , , 
8.3185962, 0.0229953, , , , , , , 8.3185962, -0.0105745, , , , , , , 8.3185962, -0.0058747, , , , , , , 8.3185962, 0.0132601, , , , , , , , , , , , , , , , , , , , , , , , , , , , 
8.3191154, 0.023331, , , , , , , 8.3191154, -0.0099031, , , , , , , 8.3191154, -0.0058747, , , , , , , 8.3191154, 0.012253, , , , , , , , , , , , , , , , , , , , , , , , , , , , 
8.3196346, 0.0253452, , , , , , , 8.3196346, -0.008896, , , , , , , 8.3196346, -0.0072175, , , , , , , 8.3196346, 0.0078889, , , , , , , , , , , , , , , , , , , , , , , , , , , , 
8.3201538, 0.0303807, , , , , , , 8.3201538, -0.0072175, , , , , , , 8.3201538, -0.0095674, , , , , , , 8.3201538, 0.0025177, , , , , , , , , , , , , , , , , , , , , , , , , , , , 
8.3206731, 0.0340734, , , , , , , 8.3206731, -0.0070497, , , , , , , 8.3206731, -0.0109102, , , , , , , 8.3206731, -0.002182, , , , , , , , , , , , , , , , , , , , , , , , , , , , 
8.3211923, 0.0357519, , , , , , , 8.3211923, -0.0082246, , , , , , , 8.3211923, -0.0109102, , , , , , , 8.3211923, -0.0043641, , , , , , , , , , , , , , , , , , , , , , , , , , , , 
8.3217115, 0.0357519, , , , , , , 8.3217115, -0.0082246, , , , , , , 8.3217115, -0.0105745, , , , , , , 8.3217115, -0.0041962, , , , , , , , , , , , , , , , , , , , , , , , , , , , 
8.3222308, 0.0347448, , , , , , , 8.3222308, -0.0075532, , , , , , , 8.3222308, -0.0109102, , , , , , , 8.3222308, -0.0041962, , , , , , , , , , , , , , , , , , , , , , , , , , , , 
8.32275, 0.0317235, , , , , , , 8.32275, -0.0072175, , , , , , , 8.32275, -0.0109102, , , , , , , 8.32275, -0.005539, , , , , , , , , , , , , , , , , , , , , , , , , , , , 
8.3232692, 0.0276951, , , , , , , 8.3232692, -0.0048676, , , , , , , 8.3232692, -0.0109102, , , , , , , 8.3232692, -0.0062104, , , , , , , , , , , , , , , , , , , , , , , , , , , , 
8.3237885, 0.0253452, , , , , , , 8.3237885, -0.005539, , , , , , , 8.3237885, -0.0102388, , , , , , , 8.3237885, -0.0041962, , , , , , , , , , , , , , , , , , , , , , , , , , , , 
8.3243077, 0.0206455, , , , , , , 8.3243077, -0.0072175, , , , , , , 8.3243077, -0.0104067, , , , , , , 8.3243077, -0.0018463, , , , , , , , , , , , , , , , , , , , , , , , , , , , 
8.3248269, 0.0146029, , , , , , , 8.3248269, -0.0068818, , , , , , , 8.3248269, -0.012253, , , , , , , 8.3248269, 0.0005035, , , , , , , , , , , , , , , , , , , , , , , , , , , , 
8.3253462, 0.0105745, , , , , , , 8.3253462, -0.0065461, , , , , , , 8.3253462, -0.012253, , , , , , , 8.3253462, 0.0035248, , , , , , , , , , , , , , , , , , , , , , , , , , , , 
8.3258654, 0.0092317, , , , , , , 8.3258654, -0.0072175, , , , , , , 8.3258654, -0.0092317, , , , , , , 8.3258654, 0.0078889, , , , , , , , , , , , , , , , , , , , , , , , , , , , 
8.3263846, 0.0090639, , , , , , , 8.3263846, -0.0078889, , , , , , , 8.3263846, -0.0070497, , , , , , , 8.3263846, 0.0129244, , , , , , , , , , , , , , , , , , , , , , , , , , , , 
8.3269038, 0.0052033, , , , , , , 8.3269038, -0.0075532, , , , , , , 8.3269038, -0.0045319, , , , , , , 8.3269038, 0.017792, , , , , , , , , , , , , , , , , , , , , , , , , , , , 
8.3274231, -0.0016785, , , , , , , 8.3274231, -0.0085603, , , , , , , 8.3274231, -0.002182, , , , , , , 8.3274231, 0.0226596, , , , , , , , , , , , , , , , , , , , , , , , , , , , 
8.3279423, -0.0068818, , , , , , , 8.3279423, -0.0102388, , , , , , , 8.3279423, -0.002182, , , , , , , 8.3279423, 0.0287022, , , , , , , , , , , , , , , , , , , , , , , , , , , , 
8.3284615, -0.0109102, , , , , , , 8.3284615, -0.0099031, , , , , , , 8.3284615, -0.0048676, , , , , , , 8.3284615, 0.0332341, , , , , , , , , , , , , , , , , , , , , , , , , , , , 
8.3289808, -0.0152743, , , , , , , 8.3289808, -0.008896, , , , , , , 8.3289808, -0.0075532, , , , , , , 8.3289808, 0.036759, , , , , , , , , , , , , , , , , , , , , , , , , , , , 
8.3295, -0.018967, , , , , , , 8.3295, -0.008896, , , , , , , 8.3295, -0.0060426, , , , , , , 8.3295, 0.0394446, , , , , , , , , , , , , , , , , , , , , , , , , , , , 
8.3300192, -0.0146029, , , , , , , 8.3300192, -0.0092317, , , , , , , 8.3300192, -0.0043641, , , , , , , 8.3300192, 0.0374304, , , , , , , , , , , , , , , , , , , , , , , , , , , , 
8.3305385, -0.0068818, , , , , , , 8.3305385, -0.0085603, , , , , , , 8.3305385, -0.0038605, , , , , , , 8.3305385, 0.0317235, , , , , , , , , , , , , , , , , , , , , , , , , , , , 
8.3310577, -0.0001678, , , , , , , 8.3310577, -0.0068818, , , , , , , 8.3310577, -0.0036927, , , , , , , 8.3310577, 0.0246738, , , , , , , , , , , , , , , , , , , , , , , , , , , , 
8.3315769, 0.002182, , , , , , , 8.3315769, -0.0062104, , , , , , , 8.3315769, -0.002182, , , , , , , 8.3315769, 0.023331, , , , , , , , , , , , , , , , , , , , , , , , , , , , 
8.3320962, 0.0035248, , , , , , , 8.3320962, -0.0090639, , , , , , , 8.3320962, -0.0015106, , , , , , , 8.3320962, 0.0240024, , , , , , , , , , , , , , , , , , , , , , , , , , , , 
8.3326154, 0.0092317, , , , , , , 8.3326154, -0.0109102, , , , , , , 8.3326154, -0.0030213, , , , , , , 8.3326154, 0.0219883, , , , , , , , , , , , , , , , , , , , , , , , , , , , 
8.3331346, 0.0135958, , , , , , , 8.3331346, -0.0092317, , , , , , , 8.3331346, -0.0041962, , , , , , , 8.3331346, 0.0186313, , , , , , , , , , , , , , , , , , , , , , , , , , , , 
8.3336538, 0.0132601, , , , , , , 8.3336538, -0.0075532, , , , , , , 8.3336538, -0.0045319, , , , , , , 8.3336538, 0.01561, , , , , , , , , , , , , , , , , , , , , , , , , , , , 
8.3341731, 0.0105745, , , , , , , 8.3341731, -0.0078889, , , , , , , 8.3341731, -0.0058747, , , , , , , 8.3341731, 0.0146029, , , , , , , , , , , , , , , , , , , , , , , , , , , , 
8.3346923, 0.0112459, , , , , , , 8.3346923, -0.0102388, , , , , , , 8.3346923, -0.0065461, , , , , , , 8.3346923, 0.0125887, , , , , , , , , , , , , , , , , , , , , , , , , , , , 
8.3352115, 0.0146029, , , , , , , 8.3352115, -0.0085603, , , , , , , 8.3352115, -0.0070497, , , , , , , 8.3352115, 0.0109102, , , , , , , , , , , , , , , , , , , , , , , , , , , , 
8.3357308, 0.0182956, , , , , , , 8.3357308, -0.005539, , , , , , , 8.3357308, -0.0082246, , , , , , , 8.3357308, 0.0105745, , , , , , , , , , , , , , , , , , , , , , , , , , , , 
8.33625, 0.0219883, , , , , , , 8.33625, -0.005539, , , , , , , 8.33625, -0.0090639, , , , , , , 8.33625, 0.0099031, , , , , , , , , , , , , , , , , , , , , , , , , , , , 
8.3367692, 0.0260166, , , , , , , 8.3367692, -0.0052033, , , , , , , 8.3367692, -0.0095674, , , , , , , 8.3367692, 0.0085603, , , , , , , , , , , , , , , , , , , , , , , , , , , , 
8.3372885, 0.0276951, , , , , , , 8.3372885, -0.005539, , , , , , , 8.3372885, -0.0115816, , , , , , , 8.3372885, 0.0058747, , , , , , , , , , , , , , , , , , , , , , , , , , , , 
8.3378077, 0.0243381, , , , , , , 8.3378077, -0.0062104, , , , , , , 8.3378077, -0.0139315, , , , , , , 8.3378077, 0.0058747, , , , , , , , , , , , , , , , , , , , , , , , , , , , 
8.3383269, 0.0196384, , , , , , , 8.3383269, -0.0062104, , , , , , , 8.3383269, -0.0115816, , , , , , , 8.3383269, 0.0070497, , , , , , , , , , , , , , , , , , , , , , , , , , , , 
8.3388462, 0.0184634, , , , , , , 8.3388462, -0.005539, , , , , , , 8.3388462, -0.0082246, , , , , , , 8.3388462, 0.0085603, , , , , , , , , , , , , , , , , , , , , , , , , , , , 
8.3393654, 0.0199741, , , , , , , 8.3393654, -0.005539, , , , , , , 8.3393654, -0.0092317, , , , , , , 8.3393654, 0.0073854, , , , , , , , , , , , , , , , , , , , , , , , , , , , 
8.3398846, 0.0206455, , , , , , , 8.3398846, -0.0062104, , , , , , , 8.3398846, -0.0109102, , , , , , , 8.3398846, 0.0043641, , , , , , , , , , , , , , , , , , , , , , , , , , , , 
8.3404038, 0.0224918, , , , , , , 8.3404038, -0.0070497, , , , , , , 8.3404038, -0.0112459, , , , , , , 8.3404038, -0.002182, , , , , , , , , , , , , , , , , , , , , , , , , , , , 
8.3409231, 0.0250095, , , , , , , 8.3409231, -0.0077211, , , , , , , 8.3409231, -0.0117494, , , , , , , 8.3409231, -0.0058747, , , , , , , , , , , , , , , , , , , , , , , , , , , , 
8.3414423, 0.0276951, , , , , , , 8.3414423, -0.0065461, , , , , , , 8.3414423, -0.0125887, , , , , , , 8.3414423, -0.0057069, , , , , , , , , , , , , , , , , , , , , , , , , , , , 
8.3419615, 0.0320592, , , , , , , 8.3419615, -0.005539, , , , , , , 8.3419615, -0.0115816, , , , , , , 8.3419615, -0.0058747, , , , , , , , , , , , , , , , , , , , , , , , , , , , 
8.3424808, 0.0347448, , , , , , , 8.3424808, -0.0062104, , , , , , , 8.3424808, -0.0104067, , , , , , , 8.3424808, -0.0073854, , , , , , , , , , , , , , , , , , , , , , , , , , , , 
8.343, 0.0340734, , , , , , , 8.343, -0.0082246, , , , , , , 8.343, -0.0109102, , , , , , , 8.343, -0.005539, , , , , , , , , , , , , , , , , , , , , , , , , , , , 
8.3435192, 0.0327306, , , , , , , 8.3435192, -0.0068818, , , , , , , 8.3435192, -0.0109102, , , , , , , 8.3435192, -0.0011749, , , , , , , , , , , , , , , , , , , , , , , , , , , , 
8.3440385, 0.0293736, , , , , , , 8.3440385, -0.0068818, , , , , , , 8.3440385, -0.0082246, , , , , , , 8.3440385, 0.0048676, , , , , , , , , , , , , , , , , , , , , , , , , , , , 
8.3445577, 0.0238346, , , , , , , 8.3445577, -0.0070497, , , , , , , 8.3445577, -0.0078889, , , , , , , 8.3445577, 0.0105745, , , , , , , , , , , , , , , , , , , , , , , , , , , , 
8.3450769, 0.0166171, , , , , , , 8.3450769, -0.0062104, , , , , , , 8.3450769, -0.0082246, , , , , , , 8.3450769, 0.0139315, , , , , , , , , , , , , , , , , , , , , , , , , , , , 
8.3455962, 0.0072175, , , , , , , 8.3455962, -0.0058747, , , , , , , 8.3455962, -0.0078889, , , , , , , 8.3455962, 0.0164492, , , , , , , , , , , , , , , , , , , , , , , , , , , , 
8.3461154, 0.0031891, , , , , , , 8.3461154, -0.0062104, , , , , , , 8.3461154, -0.0070497, , , , , , , 8.3461154, 0.0199741, , , , , , , , , , , , , , , , , , , , , , , , , , , , 
8.3466346, -0.002182, , , , , , , 8.3466346, -0.0062104, , , , , , , 8.3466346, -0.0062104, , , , , , , 8.3466346, 0.0236667, , , , , , , , , , , , , , , , , , , , , , , , , , , , 
8.3471538, -0.0093996, , , , , , , 8.3471538, -0.0058747, , , , , , , 8.3471538, -0.0048676, , , , , , , 8.3471538, 0.0263523, , , , , , , , , , , , , , , , , , , , , , , , , , , , 
8.3476731, -0.0142672, , , , , , , 8.3476731, -0.006714, , , , , , , 8.3476731, -0.0041962, , , , , , , 8.3476731, 0.027863, , , , , , , , , , , , , , , , , , , , , , , , , , , , 
8.3481923, -0.0159457, , , , , , , 8.3481923, -0.0075532, , , , , , , 8.3481923, -0.005539, , , , , , , 8.3481923, 0.0307164, , , , , , , , , , , , , , , , , , , , , , , , , , , , 
8.3487115, -0.0135958, , , , , , , 8.3487115, -0.0063783, , , , , , , 8.3487115, -0.0058747, , , , , , , 8.3487115, 0.0359197, , , , , , , , , , , , , , , , , , , , , , , , , , , , 
8.3492308, -0.0129244, , , , , , , 8.3492308, -0.0060426, , , , , , , 8.3492308, -0.005539, , , , , , , 8.3492308, 0.0399481, , , , , , , , , , , , , , , , , , , , , , , , , , , , 
8.34975, -0.0132601, , , , , , , 8.34975, -0.0068818, , , , , , , 8.34975, -0.0052033, , , , , , , 8.34975, 0.0374304, , , , , , , , , , , , , , , , , , , , , , , , , , , , 
8.3502692, -0.0035248, , , , , , , 8.3502692, -0.0080568, , , , , , , 8.3502692, -0.0062104, , , , , , , 8.3502692, 0.0297093, , , , , , , , , , , , , , , , , , , , , , , , , , , , 
8.3507885, 0.0070497, , , , , , , 8.3507885, -0.0095674, , , , , , , 8.3507885, -0.0062104, , , , , , , 8.3507885, 0.0213169, , , , , , , , , , , , , , , , , , , , , , , , , , , , 
8.3513077, 0.0102388, , , , , , , 8.3513077, -0.0090639, , , , , , , 8.3513077, -0.0075532, , , , , , , 8.3513077, 0.0179599, , , , , , , , , , , , , , , , , , , , , , , , , , , , 
8.3518269, 0.0112459, , , , , , , 8.3518269, -0.0075532, , , , , , , 8.3518269, -0.0095674, , , , , , , 8.3518269, 0.0169528, , , , , , , , , , , , , , , , , , , , , , , , , , , , 
8.3523462, 0.0132601, , , , , , , 8.3523462, -0.0082246, , , , , , , 8.3523462, -0.0099031, , , , , , , 8.3523462, 0.0166171, , , , , , , , , , , , , , , , , , , , , , , , , , , , 
8.3528654, 0.0164492, , , , , , , 8.3528654, -0.0082246, , , , , , , 8.3528654, -0.0092317, , , , , , , 8.3528654, 0.0139315, , , , , , , , , , , , , , , , , , , , , , , , , , , , 
8.3533846, 0.017792, , , , , , , 8.3533846, -0.0062104, , , , , , , 8.3533846, -0.0070497, , , , , , , 8.3533846, 0.011078, , , , , , , , , , , , , , , , , , , , , , , , , , , , 
8.3539038, 0.0193027, , , , , , , 8.3539038, -0.0070497, , , , , , , 8.3539038, -0.0078889, , , , , , , 8.3539038, 0.0087282, , , , , , , , , , , , , , , , , , , , , , , , , , , , 
8.3544231, 0.018967, , , , , , , 8.3544231, -0.0099031, , , , , , , 8.3544231, -0.0078889, , , , , , , 8.3544231, 0.0058747, , , , , , , , , , , , , , , , , , , , , , , , , , , , 
8.3549423, 0.0169528, , , , , , , 8.3549423, -0.0105745, , , , , , , 8.3549423, -0.0078889, , , , , , , 8.3549423, 0.0038605, , , , , , , , , , , , , , , , , , , , , , , , , , , , 
8.3554615, 0.0137636, , , , , , , 8.3554615, -0.0082246, , , , , , , 8.3554615, -0.0078889, , , , , , , 8.3554615, 0.0045319, , , , , , , , , , , , , , , , , , , , , , , , , , , , 
8.3559808, 0.011078, , , , , , , 8.3559808, -0.0057069, , , , , , , 8.3559808, -0.0068818, , , , , , , 8.3559808, 0.0085603, , , , , , , , , , , , , , , , , , , , , , , , , , , , 
8.3565, 0.0095674, , , , , , , 8.3565, -0.0050355, , , , , , , 8.3565, -0.0045319, , , , , , , 8.3565, 0.0115816, , , , , , , , , , , , , , , , , , , , , , , , , , , , 
8.3570192, 0.0127565, , , , , , , 8.3570192, -0.0058747, , , , , , , 8.3570192, -0.0038605, , , , , , , 8.3570192, 0.0125887, , , , , , , , , , , , , , , , , , , , , , , , , , , , 
8.3575385, 0.0199741, , , , , , , 8.3575385, -0.0052033, , , , , , , 8.3575385, -0.0041962, , , , , , , 8.3575385, 0.0135958, , , , , , , , , , , , , , , , , , , , , , , , , , , , 
8.3580577, 0.023331, , , , , , , 8.3580577, -0.0036927, , , , , , , 8.3580577, -0.0041962, , , , , , , 8.3580577, 0.0125887, , , , , , , , , , , , , , , , , , , , , , , , , , , , 
8.3585769, 0.0213169, , , , , , , 8.3585769, -0.0035248, , , , , , , 8.3585769, -0.0028534, , , , , , , 8.3585769, 0.0112459, , , , , , , , , , , , , , , , , , , , , , , , , , , , 
8.3590962, 0.0206455, , , , , , , 8.3590962, -0.005539, , , , , , , 8.3590962, -0.0038605, , , , , , , 8.3590962, 0.0105745, , , , , , , , , , , , , , , , , , , , , , , , , , , , 
8.3596154, 0.0240024, , , , , , , 8.3596154, -0.0095674, , , , , , , 8.3596154, -0.0065461, , , , , , , 8.3596154, 0.0077211, , , , , , , , , , , , , , , , , , , , , , , , , , , , 
8.3601346, 0.0270237, , , , , , , 8.3601346, -0.0115816, , , , , , , 8.3601346, -0.0085603, , , , , , , 8.3601346, 0.002182, , , , , , , , , , , , , , , , , , , , , , , , , , , , 
8.3606538, 0.0307164, , , , , , , 8.3606538, -0.0097353, , , , , , , 8.3606538, -0.0095674, , , , , , , 8.3606538, -0.0028534, , , , , , , , , , , , , , , , , , , , , , , , , , , , 
8.3611731, 0.0327306, , , , , , , 8.3611731, -0.0075532, , , , , , , 8.3611731, -0.0109102, , , , , , , 8.3611731, -0.0050355, , , , , , , , , , , , , , , , , , , , , , , , , , , , 
8.3616923, 0.0340734, , , , , , , 8.3616923, -0.0072175, , , , , , , 8.3616923, -0.0129244, , , , , , , 8.3616923, -0.005539, , , , , , , , , , , , , , , , , , , , , , , , , , , , 
8.3622115, 0.0357519, , , , , , , 8.3622115, -0.0082246, , , , , , , 8.3622115, -0.0125887, , , , , , , 8.3622115, -0.0041962, , , , , , , , , , , , , , , , , , , , , , , , , , , , 
8.3627308, 0.0320592, , , , , , , 8.3627308, -0.0075532, , , , , , , 8.3627308, -0.0090639, , , , , , , 8.3627308, -0.002182, , , , , , , , , , , , , , , , , , , , , , , , , , , , 
8.36325, 0.0287022, , , , , , , 8.36325, -0.0090639, , , , , , , 8.36325, -0.0072175, , , , , , , 8.36325, -0.0008392, , , , , , , , , , , , , , , , , , , , , , , , , , , , 
8.3637692, 0.0280308, , , , , , , 8.3637692, -0.0075532, , , , , , , 8.3637692, -0.0075532, , , , , , , 8.3637692, 0.0001678, , , , , , , , , , , , , , , , , , , , , , , , , , , , 
8.3642885, 0.0273594, , , , , , , 8.3642885, -0.0045319, , , , , , , 8.3642885, -0.0092317, , , , , , , 8.3642885, -0.0005035, , , , , , , , , , , , , , , , , , , , , , , , , , , , 
8.3648077, 0.0260166, , , , , , , 8.3648077, -0.0036927, , , , , , , 8.3648077, -0.0109102, , , , , , , 8.3648077, -0.0005035, , , , , , , , , , , , , , , , , , , , , , , , , , , , 
8.3653269, 0.0236667, , , , , , , 8.3653269, -0.0068818, , , , , , , 8.3653269, -0.0115816, , , , , , , 8.3653269, 0.0005035, , , , , , , , , , , , , , , , , , , , , , , , , , , , 
8.3658462, 0.0186313, , , , , , , 8.3658462, -0.0095674, , , , , , , 8.3658462, -0.0095674, , , , , , , 8.3658462, 0.0031891, , , , , , , , , , , , , , , , , , , , , , , , , , , , 
8.3663654, 0.0112459, , , , , , , 8.3663654, -0.0092317, , , , , , , 8.3663654, -0.0068818, , , , , , , 8.3663654, 0.008896, , , , , , , , , , , , , , , , , , , , , , , , , , , , 
8.3668846, 0.0001678, , , , , , , 8.3668846, -0.0082246, , , , , , , 8.3668846, -0.0062104, , , , , , , 8.3668846, 0.0176242, , , , , , , , , , , , , , , , , , , , , , , , , , , , 
8.3674038, -0.0139315, , , , , , , 8.3674038, -0.0082246, , , , , , , 8.3674038, -0.0065461, , , , , , , 8.3674038, 0.0253452, , , , , , , , , , , , , , , , , , , , , , , , , , , , 
8.3679231, -0.0223239, , , , , , , 8.3679231, -0.0095674, , , , , , , 8.3679231, -0.0062104, , , , , , , 8.3679231, 0.0297093, , , , , , , , , , , , , , , , , , , , , , , , , , , , 
8.3684423, -0.0246738, , , , , , , 8.3684423, -0.0109102, , , , , , , 8.3684423, -0.0062104, , , , , , , 8.3684423, 0.0340734, , , , , , , , , , , , , , , , , , , , , , , , , , , , 
8.3689615, -0.0216526, , , , , , , 8.3689615, -0.0117494, , , , , , , 8.3689615, -0.0068818, , , , , , , 8.3689615, 0.0381018, , , , , , , , , , , , , , , , , , , , , , , , , , , , 
8.3694808, -0.014435, , , , , , , 8.3694808, -0.0109102, , , , , , , 8.3694808, -0.0082246, , , , , , , 8.3694808, 0.0391089, , , , , , , , , , , , , , , , , , , , , , , , , , , , 
8.37, -0.0043641, , , , , , , 8.37, -0.0099031, , , , , , , 8.37, -0.0077211, , , , , , , 8.37, 0.0354162, , , , , , , , , , , , , , , , , , , , , , , , , , , , 
8.3705192, 0.0035248, , , , , , , 8.3705192, -0.0090639, , , , , , , 8.3705192, -0.005539, , , , , , , 8.3705192, 0.0293736, , , , , , , , , , , , , , , , , , , , , , , , , , , , 
8.3710385, 0.0038605, , , , , , , 8.3710385, -0.0068818, , , , , , , 8.3710385, -0.0045319, , , , , , , 8.3710385, 0.024506, , , , , , , , , , , , , , , , , , , , , , , , , , , , 
8.3715577, 0.0011749, , , , , , , 8.3715577, -0.0063783, , , , , , , 8.3715577, -0.005539, , , , , , , 8.3715577, 0.0206455, , , , , , , , , , , , , , , , , , , , , , , , , , , , 
8.3720769, 0.0011749, , , , , , , 8.3720769, -0.0068818, , , , , , , 8.3720769, -0.0068818, , , , , , , 8.3720769, 0.0179599, , , , , , , , , , , , , , , , , , , , , , , , , , , , 
8.3725962, 0.0036927, , , , , , , 8.3725962, -0.0073854, , , , , , , 8.3725962, -0.0072175, , , , , , , 8.3725962, 0.0139315, , , , , , , , , , , , , , , , , , , , , , , , , , , , 
8.3731154, 0.0085603, , , , , , , 8.3731154, -0.0065461, , , , , , , 8.3731154, -0.0075532, , , , , , , 8.3731154, 0.0097353, , , , , , , , , , , , , , , , , , , , , , , , , , , , 
8.3736346, 0.0132601, , , , , , , 8.3736346, -0.0045319, , , , , , , 8.3736346, -0.008896, , , , , , , 8.3736346, 0.0095674, , , , , , , , , , , , , , , , , , , , , , , , , , , , 
8.3741538, 0.0166171, , , , , , , 8.3741538, -0.0036927, , , , , , , 8.3741538, -0.0092317, , , , , , , 8.3741538, 0.0119173, , , , , , , , , , , , , , , , , , , , , , , , , , , , 
8.3746731, 0.0166171, , , , , , , 8.3746731, -0.0048676, , , , , , , 8.3746731, -0.0082246, , , , , , , 8.3746731, 0.0115816, , , , , , , , , , , , , , , , , , , , , , , , , , , , 
8.3751923, 0.0135958, , , , , , , 8.3751923, -0.0062104, , , , , , , 8.3751923, -0.0095674, , , , , , , 8.3751923, 0.0092317, , , , , , , , , , , , , , , , , , , , , , , , , , , , 
8.3757115, 0.0132601, , , , , , , 8.3757115, -0.0065461, , , , , , , 8.3757115, -0.0115816, , , , , , , 8.3757115, 0.0078889, , , , , , , , , , , , , , , , , , , , , , , , , , , , 
8.3762308, 0.0206455, , , , , , , 8.3762308, -0.0058747, , , , , , , 8.3762308, -0.0102388, , , , , , , 8.3762308, 0.0099031, , , , , , , , , , , , , , , , , , , , , , , , , , , , 
8.37675, 0.0236667, , , , , , , 8.37675, -0.0058747, , , , , , , 8.37675, -0.0082246, , , , , , , 8.37675, 0.0139315, , , , , , , , , , , , , , , , , , , , , , , , , , , , 
8.3772692, 0.0203098, , , , , , , 8.3772692, -0.0058747, , , , , , , 8.3772692, -0.0062104, , , , , , , 8.3772692, 0.0146029, , , , , , , , , , , , , , , , , , , , , , , , , , , , 
8.3777885, 0.0206455, , , , , , , 8.3777885, -0.0068818, , , , , , , 8.3777885, -0.0052033, , , , , , , 8.3777885, 0.0129244, , , , , , , , , , , , , , , , , , , , , , , , , , , , 
8.3783077, 0.0213169, , , , , , , 8.3783077, -0.0082246, , , , , , , 8.3783077, -0.0073854, , , , , , , 8.3783077, 0.0112459, , , , , , , , , , , , , , , , , , , , , , , , , , , , 
8.3788269, 0.0229953, , , , , , , 8.3788269, -0.0092317, , , , , , , 8.3788269, -0.008896, , , , , , , 8.3788269, 0.010071, , , , , , , , , , , , , , , , , , , , , , , , , , , , 
8.3793462, 0.0253452, , , , , , , 8.3793462, -0.0099031, , , , , , , 8.3793462, -0.0087282, , , , , , , 8.3793462, 0.0102388, , , , , , , , , , , , , , , , , , , , , , , , , , , , 
8.3798654, 0.026688, , , , , , , 8.3798654, -0.0095674, , , , , , , 8.3798654, -0.0078889, , , , , , , 8.3798654, 0.0068818, , , , , , , , , , , , , , , , , , , , , , , , , , , , 
8.3803846, 0.0310521, , , , , , , 8.3803846, -0.008896, , , , , , , 8.3803846, -0.0078889, , , , , , , 8.3803846, -0.0018463, , , , , , , , , , , , , , , , , , , , , , , , , , , , 
8.3809038, 0.0364233, , , , , , , 8.3809038, -0.0095674, , , , , , , 8.3809038, -0.0082246, , , , , , , 8.3809038, -0.0082246, , , , , , , , , , , , , , , , , , , , , , , , , , , , 
8.3814231, 0.0381018, , , , , , , 8.3814231, -0.0102388, , , , , , , 8.3814231, -0.0102388, , , , , , , 8.3814231, -0.0095674, , , , , , , , , , , , , , , , , , , , , , , , , , , , 
8.3819423, 0.0350805, , , , , , , 8.3819423, -0.0109102, , , , , , , 8.3819423, -0.0115816, , , , , , , 8.3819423, -0.0092317, , , , , , , , , , , , , , , , , , , , , , , , , , , , 
8.3824615, 0.0342412, , , , , , , 8.3824615, -0.011078, , , , , , , 8.3824615, -0.0102388, , , , , , , 8.3824615, -0.0109102, , , , , , , , , , , , , , , , , , , , , , , , , , , , 
8.3829808, 0.0377661, , , , , , , 8.3829808, -0.0109102, , , , , , , 8.3829808, -0.0102388, , , , , , , 8.3829808, -0.0109102, , , , , , , , , , , , , , , , , , , , , , , , , , , , 
8.3835, 0.035584, , , , , , , 8.3835, -0.0104067, , , , , , , 8.3835, -0.0124208, , , , , , , 8.3835, -0.0065461, , , , , , , , , , , , , , , , , , , , , , , , , , , , 
8.3840192, 0.0250095, , , , , , , 8.3840192, -0.0115816, , , , , , , 8.3840192, -0.0149386, , , , , , , 8.3840192, -0.002182, , , , , , , , , , , , , , , , , , , , , , , , , , , , 
8.3845385, 0.0198062, , , , , , , 8.3845385, -0.0135958, , , , , , , 8.3845385, -0.0124208, , , , , , , 8.3845385, 0.0025177, , , , , , , , , , , , , , , , , , , , , , , , , , , , 
8.3850577, 0.0199741, , , , , , , 8.3850577, -0.0129244, , , , , , , 8.3850577, -0.0082246, , , , , , , 8.3850577, 0.0082246, , , , , , , , , , , , , , , , , , , , , , , , , , , , 
8.3855769, 0.017792, , , , , , , 8.3855769, -0.0114137, , , , , , , 8.3855769, -0.0068818, , , , , , , 8.3855769, 0.0152743, , , , , , , , , , , , , , , , , , , , , , , , , , , , 
8.3860962, 0.0115816, , , , , , , 8.3860962, -0.0109102, , , , , , , 8.3860962, -0.0075532, , , , , , , 8.3860962, 0.0206455, , , , , , , , , , , , , , , , , , , , , , , , , , , , 
8.3866154, 0.005539, , , , , , , 8.3866154, -0.0115816, , , , , , , 8.3866154, -0.0083925, , , , , , , 8.3866154, 0.0253452, , , , , , , , , , , , , , , , , , , , , , , , , , , , 
8.3871346, -0.0003357, , , , , , , 8.3871346, -0.012253, , , , , , , 8.3871346, -0.0075532, , , , , , , 8.3871346, 0.0297093, , , , , , , , , , , , , , , , , , , , , , , , , , , , 
8.3876538, -0.0045319, , , , , , , 8.3876538, -0.0109102, , , , , , , 8.3876538, -0.0045319, , , , , , , 8.3876538, 0.0344091, , , , , , , , , , , , , , , , , , , , , , , , , , , , 
8.3881731, -0.0082246, , , , , , , 8.3881731, -0.008896, , , , , , , 8.3881731, -0.0018463, , , , , , , 8.3881731, 0.0391089, , , , , , , , , , , , , , , , , , , , , , , , , , , , 
8.3886923, -0.0115816, , , , , , , 8.3886923, -0.0062104, , , , , , , 8.3886923, -0.0011749, , , , , , , 8.3886923, 0.0411231, , , , , , , , , , , , , , , , , , , , , , , , , , , , 
8.3892115, -0.0102388, , , , , , , 8.3892115, -0.0048676, , , , , , , 8.3892115, -0.0018463, , , , , , , 8.3892115, 0.0406195, , , , , , , , , , , , , , , , , , , , , , , , , , , , 
8.3897308, -0.0075532, , , , , , , 8.3897308, -0.0052033, , , , , , , 8.3897308, -0.0035248, , , , , , , 8.3897308, 0.0387732, , , , , , , , , , , , , , , , , , , , , , , , , , , , 
8.39025, -0.0048676, , , , , , , 8.39025, -0.0045319, , , , , , , 8.39025, -0.0041962, , , , , , , 8.39025, 0.0344091, , , , , , , , , , , , , , , , , , , , , , , , , , , , 
8.3907692, -0.0025177, , , , , , , 8.3907692, -0.0028534, , , , , , , 8.3907692, -0.0038605, , , , , , , 8.3907692, 0.0297093, , , , , , , , , , , , , , , , , , , , , , , , , , , , 
8.3912885, -0.0005035, , , , , , , 8.3912885, -0.0031891, , , , , , , 8.3912885, -0.0043641, , , , , , , 8.3912885, 0.0231632, , , , , , , , , , , , , , , , , , , , , , , , , , , , 
8.3918077, -0.0035248, , , , , , , 8.3918077, -0.005539, , , , , , , 8.3918077, -0.005539, , , , , , , 8.3918077, 0.0193027, , , , , , , , , , , , , , , , , , , , , , , , , , , , 
8.3923269, -0.005539, , , , , , , 8.3923269, -0.0090639, , , , , , , 8.3923269, -0.0058747, , , , , , , 8.3923269, 0.0193027, , , , , , , , , , , , , , , , , , , , , , , , , , , , 
8.3928462, -0.0011749, , , , , , , 8.3928462, -0.0112459, , , , , , , 8.3928462, -0.0062104, , , , , , , 8.3928462, 0.017792, , , , , , , , , , , , , , , , , , , , , , , , , , , , 
8.3933654, 0.0090639, , , , , , , 8.3933654, -0.0092317, , , , , , , 8.3933654, -0.0075532, , , , , , , 8.3933654, 0.0164492, , , , , , , , , , , , , , , , , , , , , , , , , , , , 
8.3938846, 0.0135958, , , , , , , 8.3938846, -0.005539, , , , , , , 8.3938846, -0.0068818, , , , , , , 8.3938846, 0.0146029, , , , , , , , , , , , , , , , , , , , , , , , , , , , 
8.3944038, 0.0125887, , , , , , , 8.3944038, -0.0041962, , , , , , , 8.3944038, -0.0068818, , , , , , , 8.3944038, 0.0125887, , , , , , , , , , , , , , , , , , , , , , , , , , , , 
8.3949231, 0.010071, , , , , , , 8.3949231, -0.0058747, , , , , , , 8.3949231, -0.0063783, , , , , , , 8.3949231, 0.012253, , , , , , , , , , , , , , , , , , , , , , , , , , , , 
8.3954423, 0.0105745, , , , , , , 8.3954423, -0.0068818, , , , , , , 8.3954423, -0.0068818, , , , , , , 8.3954423, 0.0125887, , , , , , , , , , , , , , , , , , , , , , , , , , , , 
8.3959615, 0.0166171, , , , , , , 8.3959615, -0.0068818, , , , , , , 8.3959615, -0.008896, , , , , , , 8.3959615, 0.0109102, , , , , , , , , , , , , , , , , , , , , , , , , , , , 
8.3964808, 0.0206455, , , , , , , 8.3964808, -0.0068818, , , , , , , 8.3964808, -0.0102388, , , , , , , 8.3964808, 0.0085603, , , , , , , , , , , , , , , , , , , , , , , , , , , , 
8.397, 0.0226596, , , , , , , 8.397, -0.0095674, , , , , , , 8.397, -0.012253, , , , , , , 8.397, 0.0065461, , , , , , , , , , , , , , , , , , , , , , , , , , , , 
8.3975192, 0.0246738, , , , , , , 8.3975192, -0.0109102, , , , , , , 8.3975192, -0.0142672, , , , , , , 8.3975192, 0.0031891, , , , , , , , , , , , , , , , , , , , , , , , , , , , 
8.3980385, 0.0253452, , , , , , , 8.3980385, -0.0102388, , , , , , , 8.3980385, -0.0139315, , , , , , , 8.3980385, 0.002182, , , , , , , , , , , , , , , , , , , , , , , , , , , , 
8.3985577, 0.0253452, , , , , , , 8.3985577, -0.0102388, , , , , , , 8.3985577, -0.0115816, , , , , , , 8.3985577, 0.0038605, , , , , , , , , , , , , , , , , , , , , , , , , , , , 
8.3990769, 0.0219883, , , , , , , 8.3990769, -0.0102388, , , , , , , 8.3990769, -0.0095674, , , , , , , 8.3990769, 0.0062104, , , , , , , , , , , , , , , , , , , , , , , , , , , , 
8.3995962, 0.0182956, , , , , , , 8.3995962, -0.0082246, , , , , , , 8.3995962, -0.0097353, , , , , , , 8.3995962, 0.0058747, , , , , , , , , , , , , , , , , , , , , , , , , , , , 
8.4001154, 0.023331, , , , , , , 8.4001154, -0.0070497, , , , , , , 8.4001154, -0.0095674, , , , , , , 8.4001154, 0.0005035, , , , , , , , , , , , , , , , , , , , , , , , , , , , 
8.4006346, 0.0327306, , , , , , , 8.4006346, -0.008896, , , , , , , 8.4006346, -0.008896, , , , , , , 8.4006346, -0.0068818, , , , , , , , , , , , , , , , , , , , , , , , , , , , 
8.4011538, 0.0364233, , , , , , , 8.4011538, -0.0097353, , , , , , , 8.4011538, -0.0102388, , , , , , , 8.4011538, -0.0115816, , , , , , , , , , , , , , , , , , , , , , , , , , , , 
8.4016731, 0.036759, , , , , , , 8.4016731, -0.0102388, , , , , , , 8.4016731, -0.0112459, , , , , , , 8.4016731, -0.0142672, , , , , , , , , , , , , , , , , , , , , , , , , , , , 
8.4021923, 0.0354162, , , , , , , 8.4021923, -0.0102388, , , , , , , 8.4021923, -0.0085603, , , , , , , 8.4021923, -0.0162814, , , , , , , , , , , , , , , , , , , , , , , , , , , , 
8.4027115, 0.0337377, , , , , , , 8.4027115, -0.0095674, , , , , , , 8.4027115, -0.0052033, , , , , , , 8.4027115, -0.0135958, , , , , , , , , , , , , , , , , , , , , , , , , , , , 
8.4032308, 0.0305486, , , , , , , 8.4032308, -0.0092317, , , , , , , 8.4032308, -0.0052033, , , , , , , 8.4032308, -0.0075532, , , , , , , , , , , , , , , , , , , , , , , , , , , , 
8.40375, 0.026688, , , , , , , 8.40375, -0.0075532, , , , , , , 8.40375, -0.0068818, , , , , , , 8.40375, 0.0010071, , , , , , , , , , , , , , , , , , , , , , , , , , , , 
8.4042692, 0.0223239, , , , , , , 8.4042692, -0.005539, , , , , , , 8.4042692, -0.0082246, , , , , , , 8.4042692, 0.0077211, , , , , , , , , , , , , , , , , , , , , , , , , , , , 
8.4047885, 0.0159457, , , , , , , 8.4047885, -0.0045319, , , , , , , 8.4047885, -0.0073854, , , , , , , 8.4047885, 0.0105745, , , , , , , , , , , , , , , , , , , , , , , , , , , , 
8.4053077, 0.0072175, , , , , , , 8.4053077, -0.008896, , , , , , , 8.4053077, -0.006714, , , , , , , 8.4053077, 0.0139315, , , , , , , , , , , , , , , , , , , , , , , , , , , , 
8.4058269, 0.0048676, , , , , , , 8.4058269, -0.0109102, , , , , , , 8.4058269, -0.0063783, , , , , , , 8.4058269, 0.0191348, , , , , , , , , , , , , , , , , , , , , , , , , , , , 
8.4063462, 0.0045319, , , , , , , 8.4063462, -0.0082246, , , , , , , 8.4063462, -0.0057069, , , , , , , 8.4063462, 0.0253452, , , , , , , , , , , , , , , , , , , , , , , , , , , , 
8.4068654, -0.0018463, , , , , , , 8.4068654, -0.0068818, , , , , , , 8.4068654, -0.0058747, , , , , , , 8.4068654, 0.0313878, , , , , , , , , , , , , , , , , , , , , , , , , , , , 
8.4073846, -0.0109102, , , , , , , 8.4073846, -0.0082246, , , , , , , 8.4073846, -0.0082246, , , , , , , 8.4073846, 0.0374304, , , , , , , , , , , , , , , , , , , , , , , , , , , , 
8.4079038, -0.0115816, , , , , , , 8.4079038, -0.0083925, , , , , , , 8.4079038, -0.0092317, , , , , , , 8.4079038, 0.0406195, , , , , , , , , , , , , , , , , , , , , , , , , , , , 
8.4084231, -0.0099031, , , , , , , 8.4084231, -0.0082246, , , , , , , 8.4084231, -0.0072175, , , , , , , 8.4084231, 0.0407874, , , , , , , , , , , , , , , , , , , , , , , , , , , , 
8.4089423, -0.0124208, , , , , , , 8.4089423, -0.0082246, , , , , , , 8.4089423, -0.0045319, , , , , , , 8.4089423, 0.040116, , , , , , , , , , , , , , , , , , , , , , , , , , , , 
8.4094615, -0.0157778, , , , , , , 8.4094615, -0.0078889, , , , , , , 8.4094615, -0.0060426, , , , , , , 8.4094615, 0.036759, , , , , , , , , , , , , , , , , , , , , , , , , , , , 
8.4099808, -0.0142672, , , , , , , 8.4099808, -0.0062104, , , , , , , 8.4099808, -0.008896, , , , , , , 8.4099808, 0.0303807, , , , , , , , , , , , , , , , , , , , , , , , , , , , 
8.4105, -0.0045319, , , , , , , 8.4105, -0.0045319, , , , , , , 8.4105, -0.0068818, , , , , , , 8.4105, 0.0260166, , , , , , , , , , , , , , , , , , , , , , , , , , , , 
8.4110192, 0.0052033, , , , , , , 8.4110192, -0.0038605, , , , , , , 8.4110192, -0.005539, , , , , , , 8.4110192, 0.0243381, , , , , , , , , , , , , , , , , , , , , , , , , , , , 
8.4115385, 0.0105745, , , , , , , 8.4115385, -0.0041962, , , , , , , 8.4115385, -0.0075532, , , , , , , 8.4115385, 0.0213169, , , , , , , , , , , , , , , , , , , , , , , , , , , , 
8.4120577, 0.0152743, , , , , , , 8.4120577, -0.0058747, , , , , , , 8.4120577, -0.0105745, , , , , , , 8.4120577, 0.0172885, , , , , , , , , , , , , , , , , , , , , , , , , , , , 
8.4125769, 0.0206455, , , , , , , 8.4125769, -0.005539, , , , , , , 8.4125769, -0.012253, , , , , , , 8.4125769, 0.0157778, , , , , , , , , , , , , , , , , , , , , , , , , , , , 
8.4130962, 0.0199741, , , , , , , 8.4130962, -0.0050355, , , , , , , 8.4130962, -0.0095674, , , , , , , 8.4130962, 0.0146029, , , , , , , , , , , , , , , , , , , , , , , , , , , , 
8.4136154, 0.0216526, , , , , , , 8.4136154, -0.0062104, , , , , , , 8.4136154, -0.0077211, , , , , , , 8.4136154, 0.0139315, , , , , , , , , , , , , , , , , , , , , , , , , , , , 
8.4141346, 0.0240024, , , , , , , 8.4141346, -0.005539, , , , , , , 8.4141346, -0.0095674, , , , , , , 8.4141346, 0.0117494, , , , , , , , , , , , , , , , , , , , , , , , , , , , 
8.4146538, 0.0246738, , , , , , , 8.4146538, -0.0041962, , , , , , , 8.4146538, -0.0125887, , , , , , , 8.4146538, 0.0082246, , , , , , , , , , , , , , , , , , , , , , , , , , , , 
8.4151731, 0.0243381, , , , , , , 8.4151731, -0.0035248, , , , , , , 8.4151731, -0.0129244, , , , , , , 8.4151731, 0.0052033, , , , , , , , , , , , , , , , , , , , , , , , , , , , 
8.4156923, 0.0268559, , , , , , , 8.4156923, -0.0045319, , , , , , , 8.4156923, -0.011078, , , , , , , 8.4156923, 0.0043641, , , , , , , , , , , , , , , , , , , , , , , , , , , , 
8.4162115, 0.026688, , , , , , , 8.4162115, -0.0041962, , , , , , , 8.4162115, -0.0102388, , , , , , , 8.4162115, 0.0052033, , , , , , , , , , , , , , , , , , , , , , , , , , , , 
8.4167308, 0.0243381, , , , , , , 8.4167308, -0.005539, , , , , , , 8.4167308, -0.008896, , , , , , , 8.4167308, 0.0052033, , , , , , , , , , , , , , , , , , , , , , , , , , , , 
8.41725, 0.0184634, , , , , , , 8.41725, -0.0070497, , , , , , , 8.41725, -0.005539, , , , , , , 8.41725, 0.005539, , , , , , , , , , , , , , , , , , , , , , , , , , , , 
8.4177692, 0.0171206, , , , , , , 8.4177692, -0.0072175, , , , , , , 8.4177692, -0.0025177, , , , , , , 8.4177692, 0.0072175, , , , , , , , , , , , , , , , , , , , , , , , , , , , 
8.4182885, 0.0196384, , , , , , , 8.4182885, -0.0068818, , , , , , , 8.4182885, -0.0028534, , , , , , , 8.4182885, 0.008896, , , , , , , , , , , , , , , , , , , , , , , , , , , , 
8.4188077, 0.0172885, , , , , , , 8.4188077, -0.0068818, , , , , , , 8.4188077, -0.005539, , , , , , , 8.4188077, 0.0119173, , , , , , , , , , , , , , , , , , , , , , , , , , , , 
8.4193269, 0.0162814, , , , , , , 8.4193269, -0.0065461, , , , , , , 8.4193269, -0.0060426, , , , , , , 8.4193269, 0.0129244, , , , , , , , , , , , , , , , , , , , , , , , , , , , 
8.4198462, 0.0193027, , , , , , , 8.4198462, -0.0068818, , , , , , , 8.4198462, -0.0041962, , , , , , , 8.4198462, 0.0078889, , , , , , , , , , , , , , , , , , , , , , , , , , , , 
8.4203654, 0.0193027, , , , , , , 8.4203654, -0.0065461, , , , , , , 8.4203654, -0.0041962, , , , , , , 8.4203654, -0.0005035, , , , , , , , , , , , , , , , , , , , , , , , , , , , 
8.4208846, 0.0166171, , , , , , , 8.4208846, -0.0075532, , , , , , , 8.4208846, -0.0052033, , , , , , , 8.4208846, -0.0052033, , , , , , , , , , , , , , , , , , , , , , , , , , , , 
8.4214038, 0.0166171, , , , , , , 8.4214038, -0.008896, , , , , , , 8.4214038, -0.0063783, , , , , , , 8.4214038, -0.0082246, , , , , , , , , , , , , , , , , , , , , , , , , , , , 
8.4219231, 0.0196384, , , , , , , 8.4219231, -0.0095674, , , , , , , 8.4219231, -0.0072175, , , , , , , 8.4219231, -0.0095674, , , , , , , , , , , , , , , , , , , , , , , , , , , , 
8.4224423, 0.0243381, , , , , , , 8.4224423, -0.0112459, , , , , , , 8.4224423, -0.0095674, , , , , , , 8.4224423, -0.0082246, , , , , , , , , , , , , , , , , , , , , , , , , , , , 
8.4229615, 0.0253452, , , , , , , 8.4229615, -0.0115816, , , , , , , 8.4229615, -0.0112459, , , , , , , 8.4229615, -0.0075532, , , , , , , , , , , , , , , , , , , , , , , , , , , , 
8.4234808, 0.0240024, , , , , , , 8.4234808, -0.0099031, , , , , , , 8.4234808, -0.0102388, , , , , , , 8.4234808, -0.0045319, , , , , , , , , , , , , , , , , , , , , , , , , , , , 
8.424, 0.0196384, , , , , , , 8.424, -0.0082246, , , , , , , 8.424, -0.0075532, , , , , , , 8.424, 0.002182, , , , , , , , , , , , , , , , , , , , , , , , , , , , 
8.4245192, 0.0135958, , , , , , , 8.4245192, -0.0077211, , , , , , , 8.4245192, -0.0068818, , , , , , , 8.4245192, 0.0092317, , , , , , , , , , , , , , , , , , , , , , , , , , , , 
8.4250385, 0.0119173, , , , , , , 8.4250385, -0.0092317, , , , , , , 8.4250385, -0.0057069, , , , , , , 8.4250385, 0.0134279, , , , , , , , , , , , , , , , , , , , , , , , , , , , 
8.4255577, 0.0125887, , , , , , , 8.4255577, -0.0085603, , , , , , , 8.4255577, -0.0065461, , , , , , , 8.4255577, 0.0149386, , , , , , , , , , , , , , , , , , , , , , , , , , , , 
8.4260769, 0.0099031, , , , , , , 8.4260769, -0.0078889, , , , , , , 8.4260769, -0.0072175, , , , , , , 8.4260769, 0.0179599, , , , , , , , , , , , , , , , , , , , , , , , , , , , 
8.4265962, 0.0031891, , , , , , , 8.4265962, -0.0068818, , , , , , , 8.4265962, -0.0063783, , , , , , , 8.4265962, 0.0223239, , , , , , , , , , , , , , , , , , , , , , , , , , , , 
8.4271154, 0.0001678, , , , , , , 8.4271154, -0.0068818, , , , , , , 8.4271154, -0.005539, , , , , , , 8.4271154, 0.0240024, , , , , , , , , , , , , , , , , , , , , , , , , , , , 
8.4276346, -0.0028534, , , , , , , 8.4276346, -0.0068818, , , , , , , 8.4276346, -0.0031891, , , , , , , 8.4276346, 0.024506, , , , , , , , , , , , , , , , , , , , , , , , , , , , 
8.4281538, -0.0085603, , , , , , , 8.4281538, -0.0082246, , , , , , , 8.4281538, -0.002182, , , , , , , 8.4281538, 0.0265202, , , , , , , , , , , , , , , , , , , , , , , , , , , , 
8.4286731, -0.008896, , , , , , , 8.4286731, -0.0075532, , , , , , , 8.4286731, -0.0035248, , , , , , , 8.4286731, 0.0307164, , , , , , , , , , , , , , , , , , , , , , , , , , , , 
8.4291923, -0.0082246, , , , , , , 8.4291923, -0.005539, , , , , , , 8.4291923, -0.0041962, , , , , , , 8.4291923, 0.0313878, , , , , , , , , , , , , , , , , , , , , , , , , , , , 
8.4297115, -0.0068818, , , , , , , 8.4297115, -0.005539, , , , , , , 8.4297115, -0.0062104, , , , , , , 8.4297115, 0.0280308, , , , , , , , , , , , , , , , , , , , , , , , , , , , 
8.4302308, -0.0001678, , , , , , , 8.4302308, -0.0077211, , , , , , , 8.4302308, -0.0065461, , , , , , , 8.4302308, 0.0226596, , , , , , , , , , , , , , , , , , , , , , , , , , , , 
8.43075, 0.0065461, , , , , , , 8.43075, -0.0095674, , , , , , , 8.43075, -0.0062104, , , , , , , 8.43075, 0.0176242, , , , , , , , , , , , , , , , , , , , , , , , , , , , 
8.4312692, 0.0102388, , , , , , , 8.4312692, -0.0097353, , , , , , , 8.4312692, -0.0062104, , , , , , , 8.4312692, 0.0146029, , , , , , , , , , , , , , , , , , , , , , , , , , , , 
8.4317885, 0.0152743, , , , , , , 8.4317885, -0.0092317, , , , , , , 8.4317885, -0.0060426, , , , , , , 8.4317885, 0.0135958, , , , , , , , , , , , , , , , , , , , , , , , , , , , 
8.4323077, 0.0135958, , , , , , , 8.4323077, -0.0083925, , , , , , , 8.4323077, -0.0057069, , , , , , , 8.4323077, 0.0149386, , , , , , , , , , , , , , , , , , , , , , , , , , , , 
8.4328269, 0.0082246, , , , , , , 8.4328269, -0.008896, , , , , , , 8.4328269, -0.0068818, , , , , , , 8.4328269, 0.0149386, , , , , , , , , , , , , , , , , , , , , , , , , , , , 
8.4333462, 0.0062104, , , , , , , 8.4333462, -0.0095674, , , , , , , 8.4333462, -0.0078889, , , , , , , 8.4333462, 0.0125887, , , , , , , , , , , , , , , , , , , , , , , , , , , , 
8.4338654, 0.0078889, , , , , , , 8.4338654, -0.0082246, , , , , , , 8.4338654, -0.0082246, , , , , , , 8.4338654, 0.0102388, , , , , , , , , , , , , , , , , , , , , , , , , , , , 
8.4343846, 0.0099031, , , , , , , 8.4343846, -0.0060426, , , , , , , 8.4343846, -0.008896, , , , , , , 8.4343846, 0.008896, , , , , , , , , , , , , , , , , , , , , , , , , , , , 
8.4349038, 0.0146029, , , , , , , 8.4349038, -0.0041962, , , , , , , 8.4349038, -0.0102388, , , , , , , 8.4349038, 0.0075532, , , , , , , , , , , , , , , , , , , , , , , , , , , , 
8.4354231, 0.0172885, , , , , , , 8.4354231, -0.0048676, , , , , , , 8.4354231, -0.0109102, , , , , , , 8.4354231, 0.0085603, , , , , , , , , , , , , , , , , , , , , , , , , , , , 
8.4359423, 0.017792, , , , , , , 8.4359423, -0.008896, , , , , , , 8.4359423, -0.012253, , , , , , , 8.4359423, 0.0092317, , , , , , , , , , , , , , , , , , , , , , , , , , , , 
8.4364615, 0.0213169, , , , , , , 8.4364615, -0.012253, , , , , , , 8.4364615, -0.0125887, , , , , , , 8.4364615, 0.0078889, , , , , , , , , , , , , , , , , , , , , , , , , , , , 
8.4369808, 0.0270237, , , , , , , 8.4369808, -0.0125887, , , , , , , 8.4369808, -0.012253, , , , , , , 8.4369808, 0.0072175, , , , , , , , , , , , , , , , , , , , , , , , , , , , 
8.4375, 0.0290379, , , , , , , 8.4375, -0.0109102, , , , , , , 8.4375, -0.0130922, , , , , , , 8.4375, 0.0099031, , , , , , , , , , , , , , , , , , , , , , , , , , , , 
8.4380192, 0.0253452, , , , , , , 8.4380192, -0.0095674, , , , , , , 8.4380192, -0.0135958, , , , , , , 8.4380192, 0.0119173, , , , , , , , , , , , , , , , , , , , , , , , , , , , 
8.4385385, 0.0206455, , , , , , , 8.4385385, -0.0095674, , , , , , , 8.4385385, -0.0135958, , , , , , , 8.4385385, 0.0112459, , , , , , , , , , , , , , , , , , , , , , , , , , , , 
8.4390577, 0.0206455, , , , , , , 8.4390577, -0.008896, , , , , , , 8.4390577, -0.0135958, , , , , , , 8.4390577, 0.0105745, , , , , , , , , , , , , , , , , , , , , , , , , , , , 
8.4395769, 0.021149, , , , , , , 8.4395769, -0.0085603, , , , , , , 8.4395769, -0.0112459, , , , , , , 8.4395769, 0.011078, , , , , , , , , , , , , , , , , , , , , , , , , , , , 
8.4400962, 0.0226596, , , , , , , 8.4400962, -0.0090639, , , , , , , 8.4400962, -0.0099031, , , , , , , 8.4400962, 0.0072175, , , , , , , , , , , , , , , , , , , , , , , , , , , , 
8.4406154, 0.0273594, , , , , , , 8.4406154, -0.008896, , , , , , , 8.4406154, -0.0109102, , , , , , , 8.4406154, 0.0018463, , , , , , , , , , , , , , , , , , , , , , , , , , , , 
8.4411346, 0.0293736, , , , , , , 8.4411346, -0.0078889, , , , , , , 8.4411346, -0.0135958, , , , , , , 8.4411346, -0.0015106, , , , , , , , , , , , , , , , , , , , , , , , , , , , 
8.4416538, 0.0246738, , , , , , , 8.4416538, -0.0068818, , , , , , , 8.4416538, -0.0139315, , , , , , , 8.4416538, -0.002182, , , , , , , , , , , , , , , , , , , , , , , , , , , , 
8.4421731, 0.0236667, , , , , , , 8.4421731, -0.0068818, , , , , , , 8.4421731, -0.0135958, , , , , , , 8.4421731, -0.0028534, , , , , , , , , , , , , , , , , , , , , , , , , , , , 
8.4426923, 0.0297093, , , , , , , 8.4426923, -0.0075532, , , , , , , 8.4426923, -0.0135958, , , , , , , 8.4426923, -0.0025177, , , , , , , , , , , , , , , , , , , , , , , , , , , , 
8.4432115, 0.0347448, , , , , , , 8.4432115, -0.0092317, , , , , , , 8.4432115, -0.012253, , , , , , , 8.4432115, -0.0005035, , , , , , , , , , , , , , , , , , , , , , , , , , , , 
8.4437308, 0.0313878, , , , , , , 8.4437308, -0.0102388, , , , , , , 8.4437308, -0.0115816, , , , , , , 8.4437308, 0.0035248, , , , , , , , , , , , , , , , , , , , , , , , , , , , 
8.44425, 0.0246738, , , , , , , 8.44425, -0.010071, , , , , , , 8.44425, -0.0092317, , , , , , , 8.44425, 0.0075532, , , , , , , , , , , , , , , , , , , , , , , , , , , , 
8.4447692, 0.0184634, , , , , , , 8.4447692, -0.0075532, , , , , , , 8.4447692, -0.0072175, , , , , , , 8.4447692, 0.0115816, , , , , , , , , , , , , , , , , , , , , , , , , , , , 
8.4452885, 0.0186313, , , , , , , 8.4452885, -0.0058747, , , , , , , 8.4452885, -0.0082246, , , , , , , 8.4452885, 0.0152743, , , , , , , , , , , , , , , , , , , , , , , , , , , , 
8.4458077, 0.0166171, , , , , , , 8.4458077, -0.0063783, , , , , , , 8.4458077, -0.0099031, , , , , , , 8.4458077, 0.0206455, , , , , , , , , , , , , , , , , , , , , , , , , , , , 
8.4463269, 0.0085603, , , , , , , 8.4463269, -0.0083925, , , , , , , 8.4463269, -0.0092317, , , , , , , 8.4463269, 0.0280308, , , , , , , , , , , , , , , , , , , , , , , , , , , , 
8.4468462, -0.0001678, , , , , , , 8.4468462, -0.0095674, , , , , , , 8.4468462, -0.0068818, , , , , , , 8.4468462, 0.0340734, , , , , , , , , , , , , , , , , , , , , , , , , , , , 
8.4473654, -0.0068818, , , , , , , 8.4473654, -0.0097353, , , , , , , 8.4473654, -0.0041962, , , , , , , 8.4473654, 0.0360876, , , , , , , , , , , , , , , , , , , , , , , , , , , , 
8.4478846, -0.0099031, , , , , , , 8.4478846, -0.0083925, , , , , , , 8.4478846, -0.0035248, , , , , , , 8.4478846, 0.0359197, , , , , , , , , , , , , , , , , , , , , , , , , , , , 
8.4484038, -0.0135958, , , , , , , 8.4484038, -0.0070497, , , , , , , 8.4484038, -0.0028534, , , , , , , 8.4484038, 0.0364233, , , , , , , , , , , , , , , , , , , , , , , , , , , , 
8.4489231, -0.017792, , , , , , , 8.4489231, -0.0077211, , , , , , , 8.4489231, -0.0001678, , , , , , , 8.4489231, 0.0387732, , , , , , , , , , , , , , , , , , , , , , , , , , , , 
8.4494423, -0.018967, , , , , , , 8.4494423, -0.008896, , , , , , , 8.4494423, 0.0001678, , , , , , , 8.4494423, 0.0387732, , , , , , , , , , , , , , , , , , , , , , , , , , , , 
8.4499615, -0.0112459, , , , , , , 8.4499615, -0.0105745, , , , , , , 8.4499615, -0.0008392, , , , , , , 8.4499615, 0.0350805, , , , , , , , , , , , , , , , , , , , , , , , , , , , 
8.4504808, -0.0006714, , , , , , , 8.4504808, -0.0109102, , , , , , , 8.4504808, -0.0018463, , , , , , , 8.4504808, 0.0298772, , , , , , , , , , , , , , , , , , , , , , , , , , , , 
8.451, 0.0030213, , , , , , , 8.451, -0.0095674, , , , , , , 8.451, -0.0025177, , , , , , , 8.451, 0.0253452, , , , , , , , , , , , , , , , , , , , , , , , , , , , 
8.4515192, 0.0052033, , , , , , , 8.4515192, -0.0095674, , , , , , , 8.4515192, -0.0030213, , , , , , , 8.4515192, 0.0206455, , , , , , , , , , , , , , , , , , , , , , , , , , , , 
8.4520385, 0.0112459, , , , , , , 8.4520385, -0.0092317, , , , , , , 8.4520385, -0.0041962, , , , , , , 8.4520385, 0.0169528, , , , , , , , , , , , , , , , , , , , , , , , , , , , 
8.4525577, 0.0151064, , , , , , , 8.4525577, -0.0075532, , , , , , , 8.4525577, -0.005539, , , , , , , 8.4525577, 0.0146029, , , , , , , , , , , , , , , , , , , , , , , , , , , , 
8.4530769, 0.0182956, , , , , , , 8.4530769, -0.0057069, , , , , , , 8.4530769, -0.0072175, , , , , , , 8.4530769, 0.0119173, , , , , , , , , , , , , , , , , , , , , , , , , , , , 
8.4535962, 0.0199741, , , , , , , 8.4535962, -0.0058747, , , , , , , 8.4535962, -0.0075532, , , , , , , 8.4535962, 0.0105745, , , , , , , , , , , , , , , , , , , , , , , , , , , , 
8.4541154, 0.0193027, , , , , , , 8.4541154, -0.0075532, , , , , , , 8.4541154, -0.0068818, , , , , , , 8.4541154, 0.0065461, , , , , , , , , , , , , , , , , , , , , , , , , , , , 
8.4546346, 0.0193027, , , , , , , 8.4546346, -0.0077211, , , , , , , 8.4546346, -0.0063783, , , , , , , 8.4546346, 0.0045319, , , , , , , , , , , , , , , , , , , , , , , , , , , , 
8.4551538, 0.0226596, , , , , , , 8.4551538, -0.0092317, , , , , , , 8.4551538, -0.0062104, , , , , , , 8.4551538, 0.0062104, , , , , , , , , , , , , , , , , , , , , , , , , , , , 
8.4556731, 0.0226596, , , , , , , 8.4556731, -0.0102388, , , , , , , 8.4556731, -0.0062104, , , , , , , 8.4556731, 0.0065461, , , , , , , , , , , , , , , , , , , , , , , , , , , , 
8.4561923, 0.018967, , , , , , , 8.4561923, -0.008896, , , , , , , 8.4561923, -0.005539, , , , , , , 8.4561923, 0.0075532, , , , , , , , , , , , , , , , , , , , , , , , , , , , 
8.4567115, 0.0179599, , , , , , , 8.4567115, -0.0072175, , , , , , , 8.4567115, -0.0078889, , , , , , , 8.4567115, 0.0112459, , , , , , , , , , , , , , , , , , , , , , , , , , , , 
8.4572308, 0.0199741, , , , , , , 8.4572308, -0.0072175, , , , , , , 8.4572308, -0.0095674, , , , , , , 8.4572308, 0.0112459, , , , , , , , , , , , , , , , , , , , , , , , , , , , 
8.45775, 0.0193027, , , , , , , 8.45775, -0.0072175, , , , , , , 8.45775, -0.0099031, , , , , , , 8.45775, 0.0082246, , , , , , , , , , , , , , , , , , , , , , , , , , , , 
8.4582692, 0.0169528, , , , , , , 8.4582692, -0.0082246, , , , , , , 8.4582692, -0.0102388, , , , , , , 8.4582692, 0.0087282, , , , , , , , , , , , , , , , , , , , , , , , , , , , 
8.4587885, 0.0169528, , , , , , , 8.4587885, -0.0082246, , , , , , , 8.4587885, -0.0095674, , , , , , , 8.4587885, 0.0075532, , , , , , , , , , , , , , , , , , , , , , , , , , , , 
8.4593077, 0.0119173, , , , , , , 8.4593077, -0.0082246, , , , , , , 8.4593077, -0.0090639, , , , , , , 8.4593077, 0.0038605, , , , , , , , , , , , , , , , , , , , , , , , , , , , 
8.4598269, 0.0078889, , , , , , , 8.4598269, -0.0092317, , , , , , , 8.4598269, -0.0095674, , , , , , , 8.4598269, 0.0008392, , , , , , , , , , , , , , , , , , , , , , , , , , , , 
8.4603462, 0.0119173, , , , , , , 8.4603462, -0.0099031, , , , , , , 8.4603462, -0.0102388, , , , , , , 8.4603462, -0.0015106, , , , , , , , , , , , , , , , , , , , , , , , , , , , 
8.4608654, 0.0193027, , , , , , , 8.4608654, -0.0102388, , , , , , , 8.4608654, -0.0104067, , , , , , , 8.4608654, -0.0041962, , , , , , , , , , , , , , , , , , , , , , , , , , , , 
8.4613846, 0.0253452, , , , , , , 8.4613846, -0.0099031, , , , , , , 8.4613846, -0.0112459, , , , , , , 8.4613846, -0.0068818, , , , , , , , , , , , , , , , , , , , , , , , , , , , 
8.4619038, 0.0292058, , , , , , , 8.4619038, -0.0097353, , , , , , , 8.4619038, -0.0105745, , , , , , , 8.4619038, -0.0082246, , , , , , , , , , , , , , , , , , , , , , , , , , , , 
8.4624231, 0.0290379, , , , , , , 8.4624231, -0.0097353, , , , , , , 8.4624231, -0.0092317, , , , , , , 8.4624231, -0.0082246, , , , , , , , , , , , , , , , , , , , , , , , , , , , 
8.4629423, 0.0313878, , , , , , , 8.4629423, -0.0109102, , , , , , , 8.4629423, -0.0078889, , , , , , , 8.4629423, -0.0058747, , , , , , , , , , , , , , , , , , , , , , , , , , , , 
8.4634615, 0.033402, , , , , , , 8.4634615, -0.0115816, , , , , , , 8.4634615, -0.0082246, , , , , , , 8.4634615, -0.0008392, , , , , , , , , , , , , , , , , , , , , , , , , , , , 
8.4639808, 0.0287022, , , , , , , 8.4639808, -0.0109102, , , , , , , 8.4639808, -0.0095674, , , , , , , 8.4639808, 0.0031891, , , , , , , , , , , , , , , , , , , , , , , , , , , , 
8.4645, 0.0219883, , , , , , , 8.4645, -0.0082246, , , , , , , 8.4645, -0.0102388, , , , , , , 8.4645, 0.0058747, , , , , , , , , , , , , , , , , , , , , , , , , , , , 
8.4650192, 0.0172885, , , , , , , 8.4650192, -0.0075532, , , , , , , 8.4650192, -0.0095674, , , , , , , 8.4650192, 0.0085603, , , , , , , , , , , , , , , , , , , , , , , , , , , , 
8.4655385, 0.0139315, , , , , , , 8.4655385, -0.0083925, , , , , , , 8.4655385, -0.0085603, , , , , , , 8.4655385, 0.0146029, , , , , , , , , , , , , , , , , , , , , , , , , , , , 
8.4660577, 0.0105745, , , , , , , 8.4660577, -0.0075532, , , , , , , 8.4660577, -0.0078889, , , , , , , 8.4660577, 0.0196384, , , , , , , , , , , , , , , , , , , , , , , , , , , , 
8.4665769, 0.0077211, , , , , , , 8.4665769, -0.0072175, , , , , , , 8.4665769, -0.0082246, , , , , , , 8.4665769, 0.0226596, , , , , , , , , , , , , , , , , , , , , , , , , , , , 
8.4670962, 0.0041962, , , , , , , 8.4670962, -0.0058747, , , , , , , 8.4670962, -0.0058747, , , , , , , 8.4670962, 0.0271916, , , , , , , , , , , , , , , , , , , , , , , , , , , , 
8.4676154, -0.0015106, , , , , , , 8.4676154, -0.0057069, , , , , , , 8.4676154, -0.0035248, , , , , , , 8.4676154, 0.0310521, , , , , , , , , , , , , , , , , , , , , , , , , , , , 
8.4681346, -0.0011749, , , , , , , 8.4681346, -0.0078889, , , , , , , 8.4681346, -0.0030213, , , , , , , 8.4681346, 0.0320592, , , , , , , , , , , , , , , , , , , , , , , , , , , , 
8.4686538, 0.0005035, , , , , , , 8.4686538, -0.0095674, , , , , , , 8.4686538, -0.0035248, , , , , , , 8.4686538, 0.033402, , , , , , , , , , , , , , , , , , , , , , , , , , , , 
8.4691731, -0.0028534, , , , , , , 8.4691731, -0.0095674, , , , , , , 8.4691731, -0.0041962, , , , , , , 8.4691731, 0.033402, , , , , , , , , , , , , , , , , , , , , , , , , , , , 
8.4696923, -0.0068818, , , , , , , 8.4696923, -0.0092317, , , , , , , 8.4696923, -0.0028534, , , , , , , 8.4696923, 0.0307164, , , , , , , , , , , , , , , , , , , , , , , , , , , , 
8.4702115, -0.0048676, , , , , , , 8.4702115, -0.0078889, , , , , , , 8.4702115, -0.002182, , , , , , , 8.4702115, 0.0273594, , , , , , , , , , , , , , , , , , , , , , , , , , , , 
8.4707308, -0.0001678, , , , , , , 8.4707308, -0.0058747, , , , , , , 8.4707308, -0.0041962, , , , , , , 8.4707308, 0.0236667, , , , , , , , , , , , , , , , , , , , , , , , , , , , 
8.47125, 0.002182, , , , , , , 8.47125, -0.0048676, , , , , , , 8.47125, -0.005539, , , , , , , 8.47125, 0.0196384, , , , , , , , , , , , , , , , , , , , , , , , , , , , 
8.4717692, 0.0083925, , , , , , , 8.4717692, -0.0048676, , , , , , , 8.4717692, -0.0045319, , , , , , , 8.4717692, 0.0176242, , , , , , , , , , , , , , , , , , , , , , , , , , , , 
8.4722885, 0.0208133, , , , , , , 8.4722885, -0.0050355, , , , , , , 8.4722885, -0.0036927, , , , , , , 8.4722885, 0.01561, , , , , , , , , , , , , , , , , , , , , , , , , , , , 
8.4728077, 0.0243381, , , , , , , 8.4728077, -0.0035248, , , , , , , 8.4728077, -0.0048676, , , , , , , 8.4728077, 0.0142672, , , , , , , , , , , , , , , , , , , , , , , , , , , , 
8.4733269, 0.0182956, , , , , , , 8.4733269, -0.0008392, , , , , , , 8.4733269, -0.0063783, , , , , , , 8.4733269, 0.0139315, , , , , , , , , , , , , , , , , , , , , , , , , , , , 
8.4738462, 0.012253, , , , , , , 8.4738462, -0.0008392, , , , , , , 8.4738462, -0.008896, , , , , , , 8.4738462, 0.0129244, , , , , , , , , , , , , , , , , , , , , , , , , , , , 
8.4743654, 0.0115816, , , , , , , 8.4743654, -0.0031891, , , , , , , 8.4743654, -0.0090639, , , , , , , 8.4743654, 0.0092317, , , , , , , , , , , , , , , , , , , , , , , , , , , , 
8.4748846, 0.0166171, , , , , , , 8.4748846, -0.005539, , , , , , , 8.4748846, -0.0075532, , , , , , , 8.4748846, 0.0085603, , , , , , , , , , , , , , , , , , , , , , , , , , , , 
8.4754038, 0.0203098, , , , , , , 8.4754038, -0.0077211, , , , , , , 8.4754038, -0.0065461, , , , , , , 8.4754038, 0.0099031, , , , , , , , , , , , , , , , , , , , , , , , , , , , 
8.4759231, 0.0179599, , , , , , , 8.4759231, -0.0075532, , , , , , , 8.4759231, -0.0035248, , , , , , , 8.4759231, 0.008896, , , , , , , , , , , , , , , , , , , , , , , , , , , , 
8.4764423, 0.0186313, , , , , , , 8.4764423, -0.0068818, , , , , , , 8.4764423, -0.0018463, , , , , , , 8.4764423, 0.0068818, , , , , , , , , , , , , , , , , , , , , , , , , , , , 
8.4769615, 0.0191348, , , , , , , 8.4769615, -0.0065461, , , , , , , 8.4769615, -0.0062104, , , , , , , 8.4769615, 0.0038605, , , , , , , , , , , , , , , , , , , , , , , , , , , , 
8.4774808, 0.0179599, , , , , , , 8.4774808, -0.0068818, , , , , , , 8.4774808, -0.0115816, , , , , , , 8.4774808, 0.0031891, , , , , , , , , , , , , , , , , , , , , , , , , , , , 
8.478, 0.0179599, , , , , , , 8.478, -0.0075532, , , , , , , 8.478, -0.0115816, , , , , , , 8.478, 0.0048676, , , , , , , , , , , , , , , , , , , , , , , , , , , , 
8.4785192, 0.0219883, , , , , , , 8.4785192, -0.0082246, , , , , , , 8.4785192, -0.0085603, , , , , , , 8.4785192, 0.0072175, , , , , , , , , , , , , , , , , , , , , , , , , , , , 
8.4790385, 0.0240024, , , , , , , 8.4790385, -0.0090639, , , , , , , 8.4790385, -0.0075532, , , , , , , 8.4790385, 0.0085603, , , , , , , , , , , , , , , , , , , , , , , , , , , , 
8.4795577, 0.0253452, , , , , , , 8.4795577, -0.0105745, , , , , , , 8.4795577, -0.0085603, , , , , , , 8.4795577, 0.0048676, , , , , , , , , , , , , , , , , , , , , , , , , , , , 
8.4800769, 0.0297093, , , , , , , 8.4800769, -0.0092317, , , , , , , 8.4800769, -0.0095674, , , , , , , 8.4800769, -0.0028534, , , , , , , , , , , , , , , , , , , , , , , , , , , , 
8.4805962, 0.0359197, , , , , , , 8.4805962, -0.0062104, , , , , , , 8.4805962, -0.0099031, , , , , , , 8.4805962, -0.0072175, , , , , , , , , , , , , , , , , , , , , , , , , , , , 
8.4811154, 0.0387732, , , , , , , 8.4811154, -0.0068818, , , , , , , 8.4811154, -0.0095674, , , , , , , 8.4811154, -0.0062104, , , , , , , , , , , , , , , , , , , , , , , , , , , , 
8.4816346, 0.0381018, , , , , , , 8.4816346, -0.0073854, , , , , , , 8.4816346, -0.0099031, , , , , , , 8.4816346, -0.0058747, , , , , , , , , , , , , , , , , , , , , , , , , , , , 
8.4821538, 0.0317235, , , , , , , 8.4821538, -0.0068818, , , , , , , 8.4821538, -0.0125887, , , , , , , 8.4821538, -0.0031891, , , , , , , , , , , , , , , , , , , , , , , , , , , , 
8.4826731, 0.0265202, , , , , , , 8.4826731, -0.0068818, , , , , , , 8.4826731, -0.0135958, , , , , , , 8.4826731, -0.0005035, , , , , , , , , , , , , , , , , , , , , , , , , , , , 
8.4831923, 0.0263523, , , , , , , 8.4831923, -0.0068818, , , , , , , 8.4831923, -0.0135958, , , , , , , 8.4831923, 0.0008392, , , , , , , , , , , , , , , , , , , , , , , , , , , , 
8.4837115, 0.0256809, , , , , , , 8.4837115, -0.0070497, , , , , , , 8.4837115, -0.012253, , , , , , , 8.4837115, 0.0038605, , , , , , , , , , , , , , , , , , , , , , , , , , , , 
8.4842308, 0.0204776, , , , , , , 8.4842308, -0.0065461, , , , , , , 8.4842308, -0.011078, , , , , , , 8.4842308, 0.0078889, , , , , , , , , , , , , , , , , , , , , , , , , , , , 
8.48475, 0.012253, , , , , , , 8.48475, -0.005539, , , , , , , 8.48475, -0.0112459, , , , , , , 8.48475, 0.012253, , , , , , , , , , , , , , , , , , , , , , , , , , , , 
8.4852692, 0.0130922, , , , , , , 8.4852692, -0.0036927, , , , , , , 8.4852692, -0.0119173, , , , , , , 8.4852692, 0.0159457, , , , , , , , , , , , , , , , , , , , , , , , , , , , 
8.4857885, 0.01561, , , , , , , 8.4857885, -0.0036927, , , , , , , 8.4857885, -0.0109102, , , , , , , 8.4857885, 0.0196384, , , , , , , , , , , , , , , , , , , , , , , , , , , , 
8.4863077, 0.0072175, , , , , , , 8.4863077, -0.0057069, , , , , , , 8.4863077, -0.0075532, , , , , , , 8.4863077, 0.0256809, , , , , , , , , , , , , , , , , , , , , , , , , , , , 
8.4868269, -0.0011749, , , , , , , 8.4868269, -0.0072175, , , , , , , 8.4868269, -0.005539, , , , , , , 8.4868269, 0.0323949, , , , , , , , , , , , , , , , , , , , , , , , , , , , 
8.4873462, -0.0041962, , , , , , , 8.4873462, -0.0068818, , , , , , , 8.4873462, -0.0043641, , , , , , , 8.4873462, 0.0347448, , , , , , , , , , , , , , , , , , , , , , , , , , , , 
8.4878654, -0.008896, , , , , , , 8.4878654, -0.0060426, , , , , , , 8.4878654, -0.0041962, , , , , , , 8.4878654, 0.0359197, , , , , , , , , , , , , , , , , , , , , , , , , , , , 
8.4883846, -0.0149386, , , , , , , 8.4883846, -0.0065461, , , , , , , 8.4883846, -0.0036927, , , , , , , 8.4883846, 0.0381018, , , , , , , , , , , , , , , , , , , , , , , , , , , , 
8.4889038, -0.0196384, , , , , , , 8.4889038, -0.0068818, , , , , , , 8.4889038, -0.0048676, , , , , , , 8.4889038, 0.0394446, , , , , , , , , , , , , , , , , , , , , , , , , , , , 
8.4894231, -0.0231632, , , , , , , 8.4894231, -0.0062104, , , , , , , 8.4894231, -0.0043641, , , , , , , 8.4894231, 0.0387732, , , , , , , , , , , , , , , , , , , , , , , , , , , , 
8.4899423, -0.0203098, , , , , , , 8.4899423, -0.0062104, , , , , , , 8.4899423, -0.0041962, , , , , , , 8.4899423, 0.033402, , , , , , , , , , , , , , , , , , , , , , , , , , , , 
8.4904615, -0.0105745, , , , , , , 8.4904615, -0.0072175, , , , , , , 8.4904615, -0.0058747, , , , , , , 8.4904615, 0.0251774, , , , , , , , , , , , , , , , , , , , , , , , , , , , 
8.4909808, -0.0001678, , , , , , , 8.4909808, -0.0082246, , , , , , , 8.4909808, -0.0072175, , , , , , , 8.4909808, 0.0199741, , , , , , , , , , , , , , , , , , , , , , , , , , , , 
8.4915, 0.0099031, , , , , , , 8.4915, -0.0085603, , , , , , , 8.4915, -0.0065461, , , , , , , 8.4915, 0.0169528, , , , , , , , , , , , , , , , , , , , , , , , , , , , 
8.4920192, 0.0146029, , , , , , , 8.4920192, -0.0078889, , , , , , , 8.4920192, -0.0041962, , , , , , , 8.4920192, 0.0162814, , , , , , , , , , , , , , , , , , , , , , , , , , , , 
8.4925385, 0.0119173, , , , , , , 8.4925385, -0.0082246, , , , , , , 8.4925385, -0.0028534, , , , , , , 8.4925385, 0.0162814, , , , , , , , , , , , , , , , , , , , , , , , , , , , 
8.4930577, 0.0082246, , , , , , , 8.4930577, -0.0078889, , , , , , , 8.4930577, -0.005539, , , , , , , 8.4930577, 0.0132601, , , , , , , , , , , , , , , , , , , , , , , , , , , , 
8.4935769, 0.0092317, , , , , , , 8.4935769, -0.0077211, , , , , , , 8.4935769, -0.0062104, , , , , , , 8.4935769, 0.0104067, , , , , , , , , , , , , , , , , , , , , , , , , , , , 
8.4940962, 0.0099031, , , , , , , 8.4940962, -0.0085603, , , , , , , 8.4940962, -0.0075532, , , , , , , 8.4940962, 0.0072175, , , , , , , , , , , , , , , , , , , , , , , , , , , , 
8.4946154, 0.0105745, , , , , , , 8.4946154, -0.0097353, , , , , , , 8.4946154, -0.0109102, , , , , , , 8.4946154, 0.0045319, , , , , , , , , , , , , , , , , , , , , , , , , , , , 
8.4951346, 0.0139315, , , , , , , 8.4951346, -0.0105745, , , , , , , 8.4951346, -0.0115816, , , , , , , 8.4951346, 0.0031891, , , , , , , , , , , , , , , , , , , , , , , , , , , , 
8.4956538, 0.0172885, , , , , , , 8.4956538, -0.0099031, , , , , , , 8.4956538, -0.008896, , , , , , , 8.4956538, 0.003357, , , , , , , , , , , , , , , , , , , , , , , , , , , , 
8.4961731, 0.0223239, , , , , , , 8.4961731, -0.0099031, , , , , , , 8.4961731, -0.0085603, , , , , , , 8.4961731, 0.0028534, , , , , , , , , , , , , , , , , , , , , , , , , , , , 
8.4966923, 0.026688, , , , , , , 8.4966923, -0.0077211, , , , , , , 8.4966923, -0.0104067, , , , , , , 8.4966923, -0.0006714, , , , , , , , , , , , , , , , , , , , , , , , , , , , 
8.4972115, 0.0293736, , , , , , , 8.4972115, -0.0068818, , , , , , , 8.4972115, -0.0109102, , , , , , , 8.4972115, -0.0031891, , , , , , , , , , , , , , , , , , , , , , , , , , , , 
8.4977308, 0.0260166, , , , , , , 8.4977308, -0.0082246, , , , , , , 8.4977308, -0.0102388, , , , , , , 8.4977308, -0.0028534, , , , , , , , , , , , , , , , , , , , , , , , , , , , 
8.49825, 0.0198062, , , , , , , 8.49825, -0.0099031, , , , , , , 8.49825, -0.0104067, , , , , , , 8.49825, -0.0008392, , , , , , , , , , , , , , , , , , , , , , , , , , , , 
8.4987692, 0.0193027, , , , , , , 8.4987692, -0.0090639, , , , , , , 8.4987692, -0.0095674, , , , , , , 8.4987692, 0.0010071, , , , , , , , , , , , , , , , , , , , , , , , , , , , 
8.4992885, 0.0265202, , , , , , , 8.4992885, -0.0072175, , , , , , , 8.4992885, -0.0095674, , , , , , , 8.4992885, 0.0001678, , , , , , , , , , , , , , , , , , , , , , , , , , , , 
8.4998077, 0.027863, , , , , , , 8.4998077, -0.0078889, , , , , , , 8.4998077, -0.011078, , , , , , , 8.4998077, -0.0035248, , , , , , , , , , , , , , , , , , , , , , , , , , , , 
8.5003269, 0.024506, , , , , , , 8.5003269, -0.0085603, , , , , , , 8.5003269, -0.012253, , , , , , , 8.5003269, -0.0092317, , , , , , , , , , , , , , , , , , , , , , , , , , , , 
8.5008462, 0.026688, , , , , , , 8.5008462, -0.0072175, , , , , , , 8.5008462, -0.0109102, , , , , , , 8.5008462, -0.0139315, , , , , , , , , , , , , , , , , , , , , , , , , , , , 
8.5013654, 0.0307164, , , , , , , 8.5013654, -0.005539, , , , , , , 8.5013654, -0.0095674, , , , , , , 8.5013654, -0.0182956, , , , , , , , , , , , , , , , , , , , , , , , , , , , 
8.5018846, 0.0313878, , , , , , , 8.5018846, -0.0065461, , , , , , , 8.5018846, -0.0104067, , , , , , , 8.5018846, -0.0182956, , , , , , , , , , , , , , , , , , , , , , , , , , , , 
8.5024038, 0.030045, , , , , , , 8.5024038, -0.0058747, , , , , , , 8.5024038, -0.0115816, , , , , , , 8.5024038, -0.0162814, , , , , , , , , , , , , , , , , , , , , , , , , , , , 
8.5029231, 0.0240024, , , , , , , 8.5029231, -0.005539, , , , , , , 8.5029231, -0.0132601, , , , , , , 8.5029231, -0.0119173, , , , , , , , , , , , , , , , , , , , , , , , , , , , 
8.5034423, 0.0142672, , , , , , , 8.5034423, -0.0068818, , , , , , , 8.5034423, -0.0129244, , , , , , , 8.5034423, -0.0045319, , , , , , , , , , , , , , , , , , , , , , , , , , , , 
8.5039615, 0.0078889, , , , , , , 8.5039615, -0.0085603, , , , , , , 8.5039615, -0.0112459, , , , , , , 8.5039615, 0.0005035, , , , , , , , , , , , , , , , , , , , , , , , , , , , 
8.5044808, 0.0035248, , , , , , , 8.5044808, -0.0082246, , , , , , , 8.5044808, -0.012253, , , , , , , 8.5044808, 0.002182, , , , , , , , , , , , , , , , , , , , , , , , , , , , 
8.505, 0.0011749, , , , , , , 8.505, -0.0082246, , , , , , , 8.505, -0.0135958, , , , , , , 8.505, 0.0028534, , , , , , , , , , , , , , , , , , , , , , , , , , , , 
8.5055192, 0.0015106, , , , , , , 8.5055192, -0.0082246, , , , , , , 8.5055192, -0.0112459, , , , , , , 8.5055192, 0.0068818, , , , , , , , , , , , , , , , , , , , , , , , , , , , 
8.5060385, 0.0018463, , , , , , , 8.5060385, -0.0070497, , , , , , , 8.5060385, -0.0062104, , , , , , , 8.5060385, 0.0130922, , , , , , , , , , , , , , , , , , , , , , , , , , , , 
8.5065577, 0.0052033, , , , , , , 8.5065577, -0.0062104, , , , , , , 8.5065577, -0.0050355, , , , , , , 8.5065577, 0.0199741, , , , , , , , , , , , , , , , , , , , , , , , , , , , 
8.5070769, 0.0082246, , , , , , , 8.5070769, -0.0058747, , , , , , , 8.5070769, -0.0041962, , , , , , , 8.5070769, 0.0263523, , , , , , , , , , , , , , , , , , , , , , , , , , , , 
8.5075962, 0.0065461, , , , , , , 8.5075962, -0.0068818, , , , , , , 8.5075962, -0.0011749, , , , , , , 8.5075962, 0.0327306, , , , , , , , , , , , , , , , , , , , , , , , , , , , 
8.5081154, -0.0010071, , , , , , , 8.5081154, -0.0092317, , , , , , , 8.5081154, -0.0015106, , , , , , , 8.5081154, 0.0374304, , , , , , , , , , , , , , , , , , , , , , , , , , , , 
8.5086346, -0.0095674, , , , , , , 8.5086346, -0.0102388, , , , , , , 8.5086346, -0.0028534, , , , , , , 8.5086346, 0.0421302, , , , , , , , , , , , , , , , , , , , , , , , , , , , 
8.5091538, -0.0095674, , , , , , , 8.5091538, -0.0082246, , , , , , , 8.5091538, -0.0011749, , , , , , , 8.5091538, 0.0454871, , , , , , , , , , , , , , , , , , , , , , , , , , , , 
8.5096731, -0.005539, , , , , , , 8.5096731, -0.0068818, , , , , , , 8.5096731, -0.0005035, , , , , , , 8.5096731, 0.0428016, , , , , , , , , , , , , , , , , , , , , , , , , , , , 
8.5101923, -0.0016785, , , , , , , 8.5101923, -0.0082246, , , , , , , 8.5101923, -0.0005035, , , , , , , 8.5101923, 0.0357519, , , , , , , , , , , , , , , , , , , , , , , , , , , , 
8.5107115, -0.0005035, , , , , , , 8.5107115, -0.008896, , , , , , , 8.5107115, -0.0008392, , , , , , , 8.5107115, 0.0327306, , , , , , , , , , , , , , , , , , , , , , , , , , , , 
8.5112308, -0.0008392, , , , , , , 8.5112308, -0.0082246, , , , , , , 8.5112308, -0.002182, , , , , , , 8.5112308, 0.0337377, , , , , , , , , , , , , , , , , , , , , , , , , , , , 
8.51175, 0.0075532, , , , , , , 8.51175, -0.0075532, , , , , , , 8.51175, -0.0035248, , , , , , , 8.51175, 0.0317235, , , , , , , , , , , , , , , , , , , , , , , , , , , , 
8.5122692, 0.0186313, , , , , , , 8.5122692, -0.0072175, , , , , , , 8.5122692, -0.0035248, , , , , , , 8.5122692, 0.0273594, , , , , , , , , , , , , , , , , , , , , , , , , , , , 
8.5127885, 0.0250095, , , , , , , 8.5127885, -0.0057069, , , , , , , 8.5127885, -0.0048676, , , , , , , 8.5127885, 0.023331, , , , , , , , , , , , , , , , , , , , , , , , , , , , 
8.5133077, 0.021149, , , , , , , 8.5133077, -0.0035248, , , , , , , 8.5133077, -0.0070497, , , , , , , 8.5133077, 0.0226596, , , , , , , , , , , , , , , , , , , , , , , , , , , , 
8.5138269, 0.0159457, , , , , , , 8.5138269, -0.0025177, , , , , , , 8.5138269, -0.0077211, , , , , , , 8.5138269, 0.0213169, , , , , , , , , , , , , , , , , , , , , , , , , , , , 
8.5143462, 0.0162814, , , , , , , 8.5143462, -0.0020142, , , , , , , 8.5143462, -0.0072175, , , , , , , 8.5143462, 0.0186313, , , , , , , , , , , , , , , , , , , , , , , , , , , , 
8.5148654, 0.0186313, , , , , , , 8.5148654, -0.0030213, , , , , , , 8.5148654, -0.0063783, , , , , , , 8.5148654, 0.0146029, , , , , , , , , , , , , , , , , , , , , , , , , , , , 
8.5153846, 0.0193027, , , , , , , 8.5153846, -0.0052033, , , , , , , 8.5153846, -0.0058747, , , , , , , 8.5153846, 0.0104067, , , , , , , , , , , , , , , , , , , , , , , , , , , , 
8.5159038, 0.0142672, , , , , , , 8.5159038, -0.0075532, , , , , , , 8.5159038, -0.0072175, , , , , , , 8.5159038, 0.0097353, , , , , , , , , , , , , , , , , , , , , , , , , , , , 
8.5164231, 0.0115816, , , , , , , 8.5164231, -0.008896, , , , , , , 8.5164231, -0.0073854, , , , , , , 8.5164231, 0.0105745, , , , , , , , , , , , , , , , , , , , , , , , , , , , 
8.5169423, 0.0129244, , , , , , , 8.5169423, -0.0082246, , , , , , , 8.5169423, -0.0065461, , , , , , , 8.5169423, 0.0099031, , , , , , , , , , , , , , , , , , , , , , , , , , , , 
8.5174615, 0.0179599, , , , , , , 8.5174615, -0.0082246, , , , , , , 8.5174615, -0.0072175, , , , , , , 8.5174615, 0.0062104, , , , , , , , , , , , , , , , , , , , , , , , , , , , 
8.5179808, 0.0236667, , , , , , , 8.5179808, -0.0072175, , , , , , , 8.5179808, -0.0095674, , , , , , , 8.5179808, 0.0045319, , , , , , , , , , , , , , , , , , , , , , , , , , , , 
8.5185, 0.0253452, , , , , , , 8.5185, -0.0068818, , , , , , , 8.5185, -0.0115816, , , , , , , 8.5185, 0.0068818, , , , , , , , , , , , , , , , , , , , , , , , , , , , 
8.5190192, 0.0223239, , , , , , , 8.5190192, -0.0083925, , , , , , , 8.5190192, -0.0115816, , , , , , , 8.5190192, 0.0092317, , , , , , , , , , , , , , , , , , , , , , , , , , , , 
8.5195385, 0.0193027, , , , , , , 8.5195385, -0.0102388, , , , , , , 8.5195385, -0.008896, , , , , , , 8.5195385, 0.0072175, , , , , , , , , , , , , , , , , , , , , , , , , , , , 
8.5200577, 0.021149, , , , , , , 8.5200577, -0.012253, , , , , , , 8.5200577, -0.0077211, , , , , , , 8.5200577, 0.002182, , , , , , , , , , , , , , , , , , , , , , , , , , , , 
8.5205769, 0.0246738, , , , , , , 8.5205769, -0.0115816, , , , , , , 8.5205769, -0.0102388, , , , , , , 8.5205769, -0.0031891, , , , , , , , , , , , , , , , , , , , , , , , , , , , 
8.5210962, 0.0240024, , , , , , , 8.5210962, -0.0105745, , , , , , , 8.5210962, -0.0112459, , , , , , , 8.5210962, -0.0062104, , , , , , , , , , , , , , , , , , , , , , , , , , , , 
8.5216154, 0.0219883, , , , , , , 8.5216154, -0.0085603, , , , , , , 8.5216154, -0.0102388, , , , , , , 8.5216154, -0.0075532, , , , , , , , , , , , , , , , , , , , , , , , , , , , 
8.5221346, 0.0243381, , , , , , , 8.5221346, -0.0075532, , , , , , , 8.5221346, -0.011078, , , , , , , 8.5221346, -0.0077211, , , , , , , , , , , , , , , , , , , , , , , , , , , , 
8.5226538, 0.0271916, , , , , , , 8.5226538, -0.0065461, , , , , , , 8.5226538, -0.0125887, , , , , , , 8.5226538, -0.0065461, , , , , , , , , , , , , , , , , , , , , , , , , , , , 
8.5231731, 0.0273594, , , , , , , 8.5231731, -0.0065461, , , , , , , 8.5231731, -0.0130922, , , , , , , 8.5231731, -0.0038605, , , , , , , , , , , , , , , , , , , , , , , , , , , , 
8.5236923, 0.026688, , , , , , , 8.5236923, -0.0072175, , , , , , , 8.5236923, -0.0135958, , , , , , , 8.5236923, 0.0010071, , , , , , , , , , , , , , , , , , , , , , , , , , , , 
8.5242115, 0.0229953, , , , , , , 8.5242115, -0.0068818, , , , , , , 8.5242115, -0.0125887, , , , , , , 8.5242115, 0.0065461, , , , , , , , , , , , , , , , , , , , , , , , , , , , 
8.5247308, 0.0199741, , , , , , , 8.5247308, -0.0068818, , , , , , , 8.5247308, -0.0095674, , , , , , , 8.5247308, 0.0129244, , , , , , , , , , , , , , , , , , , , , , , , , , , , 
8.52525, 0.0159457, , , , , , , 8.52525, -0.0068818, , , , , , , 8.52525, -0.0075532, , , , , , , 8.52525, 0.0166171, , , , , , , , , , , , , , , , , , , , , , , , , , , , 
8.5257692, 0.0159457, , , , , , , 8.5257692, -0.0068818, , , , , , , 8.5257692, -0.0045319, , , , , , , 8.5257692, 0.0203098, , , , , , , , , , , , , , , , , , , , , , , , , , , , 
8.5262885, 0.0167849, , , , , , , 8.5262885, -0.0082246, , , , , , , 8.5262885, -0.0035248, , , , , , , 8.5262885, 0.0253452, , , , , , , , , , , , , , , , , , , , , , , , , , , , 
8.5268077, 0.0092317, , , , , , , 8.5268077, -0.0102388, , , , , , , 8.5268077, -0.0041962, , , , , , , 8.5268077, 0.0323949, , , , , , , , , , , , , , , , , , , , , , , , , , , , 
8.5273269, 0.0045319, , , , , , , 8.5273269, -0.012253, , , , , , , 8.5273269, -0.0065461, , , , , , , 8.5273269, 0.040116, , , , , , , , , , , , , , , , , , , , , , , , , , , , 
8.5278462, 0.0053712, , , , , , , 8.5278462, -0.0115816, , , , , , , 8.5278462, -0.0075532, , , , , , , 8.5278462, 0.0451514, , , , , , , , , , , , , , , , , , , , , , , , , , , , 
8.5283654, 0.0048676, , , , , , , 8.5283654, -0.0097353, , , , , , , 8.5283654, -0.0048676, , , , , , , 8.5283654, 0.0468299, , , , , , , , , , , , , , , , , , , , , , , , , , , , 
8.5288846, -0.0006714, , , , , , , 8.5288846, -0.0104067, , , , , , , 8.5288846, -0.0035248, , , , , , , 8.5288846, 0.0454871, , , , , , , , , , , , , , , , , , , , , , , , , , , , 
8.5294038, -0.0068818, , , , , , , 8.5294038, -0.0117494, , , , , , , 8.5294038, -0.002182, , , , , , , 8.5294038, 0.0417945, , , , , , , , , , , , , , , , , , , , , , , , , , , , 
8.5299231, -0.0083925, , , , , , , 8.5299231, -0.012253, , , , , , , 8.5299231, -0.0031891, , , , , , , 8.5299231, 0.0360876, , , , , , , , , , , , , , , , , , , , , , , , , , , , 
8.5304423, -0.005539, , , , , , , 8.5304423, -0.0129244, , , , , , , 8.5304423, -0.0058747, , , , , , , 8.5304423, 0.0303807, , , , , , , , , , , , , , , , , , , , , , , , , , , , 
8.5309615, -0.0005035, , , , , , , 8.5309615, -0.0102388, , , , , , , 8.5309615, -0.0048676, , , , , , , 8.5309615, 0.026688, , , , , , , , , , , , , , , , , , , , , , , , , , , , 
8.5314808, 0.0052033, , , , , , , 8.5314808, -0.0095674, , , , , , , 8.5314808, -0.0046998, , , , , , , 8.5314808, 0.0224918, , , , , , , , , , , , , , , , , , , , , , , , , , , , 
8.532, 0.008896, , , , , , , 8.532, -0.0095674, , , , , , , 8.532, -0.005539, , , , , , , 8.532, 0.0179599, , , , , , , , , , , , , , , , , , , , , , , , , , , , 
8.5325192, 0.0092317, , , , , , , 8.5325192, -0.0095674, , , , , , , 8.5325192, -0.0057069, , , , , , , 8.5325192, 0.0142672, , , , , , , , , , , , , , , , , , , , , , , , , , , , 
8.5330385, 0.0104067, , , , , , , 8.5330385, -0.0083925, , , , , , , 8.5330385, -0.0048676, , , , , , , 8.5330385, 0.0105745, , , , , , , , , , , , , , , , , , , , , , , , , , , , 
8.5335577, 0.0132601, , , , , , , 8.5335577, -0.0082246, , , , , , , 8.5335577, -0.0057069, , , , , , , 8.5335577, 0.0072175, , , , , , , , , , , , , , , , , , , , , , , , , , , , 
8.5340769, 0.0146029, , , , , , , 8.5340769, -0.008896, , , , , , , 8.5340769, -0.0082246, , , , , , , 8.5340769, 0.0052033, , , , , , , , , , , , , , , , , , , , , , , , , , , , 
8.5345962, 0.0130922, , , , , , , 8.5345962, -0.0102388, , , , , , , 8.5345962, -0.0104067, , , , , , , 8.5345962, 0.0058747, , , , , , , , , , , , , , , , , , , , , , , , , , , , 
8.5351154, 0.0129244, , , , , , , 8.5351154, -0.0109102, , , , , , , 8.5351154, -0.0109102, , , , , , , 8.5351154, 0.0070497, , , , , , , , , , , , , , , , , , , , , , , , , , , , 
8.5356346, 0.0132601, , , , , , , 8.5356346, -0.0104067, , , , , , , 8.5356346, -0.0102388, , , , , , , 8.5356346, 0.0068818, , , , , , , , , , , , , , , , , , , , , , , , , , , , 
8.5361538, 0.0139315, , , , , , , 8.5361538, -0.0075532, , , , , , , 8.5361538, -0.0095674, , , , , , , 8.5361538, 0.0057069, , , , , , , , , , , , , , , , , , , , , , , , , , , , 
8.5366731, 0.0169528, , , , , , , 8.5366731, -0.0068818, , , , , , , 8.5366731, -0.0095674, , , , , , , 8.5366731, 0.0052033, , , , , , , , , , , , , , , , , , , , , , , , , , , , 
8.5371923, 0.0191348, , , , , , , 8.5371923, -0.0075532, , , , , , , 8.5371923, -0.0102388, , , , , , , 8.5371923, 0.0063783, , , , , , , , , , , , , , , , , , , , , , , , , , , , 
8.5377115, 0.0199741, , , , , , , 8.5377115, -0.0078889, , , , , , , 8.5377115, -0.008896, , , , , , , 8.5377115, 0.0075532, , , , , , , , , , , , , , , , , , , , , , , , , , , , 
8.5382308, 0.0219883, , , , , , , 8.5382308, -0.0068818, , , , , , , 8.5382308, -0.0082246, , , , , , , 8.5382308, 0.0099031, , , , , , , , , , , , , , , , , , , , , , , , , , , , 
8.53875, 0.0199741, , , , , , , 8.53875, -0.0065461, , , , , , , 8.53875, -0.0083925, , , , , , , 8.53875, 0.0117494, , , , , , , , , , , , , , , , , , , , , , , , , , , , 
8.5392692, 0.0199741, , , , , , , 8.5392692, -0.0073854, , , , , , , 8.5392692, -0.0085603, , , , , , , 8.5392692, 0.0105745, , , , , , , , , , , , , , , , , , , , , , , , , , , , 
8.5397885, 0.0240024, , , , , , , 8.5397885, -0.0070497, , , , , , , 8.5397885, -0.0102388, , , , , , , 8.5397885, 0.0038605, , , , , , , , , , , , , , , , , , , , , , , , , , , , 
8.5403077, 0.0213169, , , , , , , 8.5403077, -0.0068818, , , , , , , 8.5403077, -0.0109102, , , , , , , 8.5403077, -0.0043641, , , , , , , , , , , , , , , , , , , , , , , , , , , , 
8.5408269, 0.0169528, , , , , , , 8.5408269, -0.005539, , , , , , , 8.5408269, -0.0112459, , , , , , , 8.5408269, -0.0062104, , , , , , , , , , , , , , , , , , , , , , , , , , , , 
8.5413462, 0.0182956, , , , , , , 8.5413462, -0.0043641, , , , , , , 8.5413462, -0.0109102, , , , , , , 8.5413462, -0.0058747, , , , , , , , , , , , , , , , , , , , , , , , , , , , 
8.5418654, 0.0216526, , , , , , , 8.5418654, -0.0058747, , , , , , , 8.5418654, -0.0109102, , , , , , , 8.5418654, -0.0072175, , , , , , , , , , , , , , , , , , , , , , , , , , , , 
8.5423846, 0.0253452, , , , , , , 8.5423846, -0.0073854, , , , , , , 8.5423846, -0.0109102, , , , , , , 8.5423846, -0.0075532, , , , , , , , , , , , , , , , , , , , , , , , , , , , 
8.5429038, 0.0276951, , , , , , , 8.5429038, -0.0068818, , , , , , , 8.5429038, -0.0124208, , , , , , , 8.5429038, -0.0068818, , , , , , , , , , , , , , , , , , , , , , , , , , , , 
8.5434231, 0.024506, , , , , , , 8.5434231, -0.0060426, , , , , , , 8.5434231, -0.0139315, , , , , , , 8.5434231, -0.0038605, , , , , , , , , , , , , , , , , , , , , , , , , , , , 
8.5439423, 0.0203098, , , , , , , 8.5439423, -0.0062104, , , , , , , 8.5439423, -0.0125887, , , , , , , 8.5439423, 0.0011749, , , , , , , , , , , , , , , , , , , , , , , , , , , , 
8.5444615, 0.0142672, , , , , , , 8.5444615, -0.0068818, , , , , , , 8.5444615, -0.0109102, , , , , , , 8.5444615, 0.0072175, , , , , , , , , , , , , , , , , , , , , , , , , , , , 
8.5449808, 0.0058747, , , , , , , 8.5449808, -0.0085603, , , , , , , 8.5449808, -0.0095674, , , , , , , 8.5449808, 0.0139315, , , , , , , , , , , , , , , , , , , , , , , , , , , , 
8.5455, 0.0015106, , , , , , , 8.5455, -0.0109102, , , , , , , 8.5455, -0.0082246, , , , , , , 8.5455, 0.0191348, , , , , , , , , , , , , , , , , , , , , , , , , , , , 
8.5460192, 0.0010071, , , , , , , 8.5460192, -0.0109102, , , , , , , 8.5460192, -0.0078889, , , , , , , 8.5460192, 0.023331, , , , , , , , , , , , , , , , , , , , , , , , , , , , 
8.5465385, -0.002182, , , , , , , 8.5465385, -0.0104067, , , , , , , 8.5465385, -0.0077211, , , , , , , 8.5465385, 0.0280308, , , , , , , , , , , , , , , , , , , , , , , , , , , , 
8.5470577, -0.005539, , , , , , , 8.5470577, -0.0109102, , , , , , , 8.5470577, -0.0058747, , , , , , , 8.5470577, 0.0307164, , , , , , , , , , , , , , , , , , , , , , , , , , , , 
8.5475769, -0.0075532, , , , , , , 8.5475769, -0.0102388, , , , , , , 8.5475769, -0.0041962, , , , , , , 8.5475769, 0.0350805, , , , , , , , , , , , , , , , , , , , , , , , , , , , 
8.5480962, -0.0058747, , , , , , , 8.5480962, -0.008896, , , , , , , 8.5480962, -0.0023499, , , , , , , 8.5480962, 0.0411231, , , , , , , , , , , , , , , , , , , , , , , , , , , , 
8.5486154, -0.0023499, , , , , , , 8.5486154, -0.0078889, , , , , , , 8.5486154, -0.0015106, , , , , , , 8.5486154, 0.0441444, , , , , , , , , , , , , , , , , , , , , , , , , , , , 
8.5491346, -0.0035248, , , , , , , 8.5491346, -0.008896, , , , , , , 8.5491346, -0.0018463, , , , , , , 8.5491346, 0.043473, , , , , , , , , , , , , , , , , , , , , , , , , , , , 
8.5496538, -0.0010071, , , , , , , 8.5496538, -0.0095674, , , , , , , 8.5496538, -0.0025177, , , , , , , 8.5496538, 0.0374304, , , , , , , , , , , , , , , , , , , , , , , , , , , , 
8.5501731, 0.0036927, , , , , , , 8.5501731, -0.008896, , , , , , , 8.5501731, -0.0020142, , , , , , , 8.5501731, 0.0290379, , , , , , , , , , , , , , , , , , , , , , , , , , , , 
8.5506923, 0.0068818, , , , , , , 8.5506923, -0.0095674, , , , , , , 8.5506923, -0.0028534, , , , , , , 8.5506923, 0.0216526, , , , , , , , , , , , , , , , , , , , , , , , , , , , 
8.5512115, 0.0102388, , , , , , , 8.5512115, -0.0109102, , , , , , , 8.5512115, -0.0030213, , , , , , , 8.5512115, 0.0206455, , , , , , , , , , , , , , , , , , , , , , , , , , , , 
8.5517308, 0.0169528, , , , , , , 8.5517308, -0.008896, , , , , , , 8.5517308, -0.0035248, , , , , , , 8.5517308, 0.0199741, , , , , , , , , , , , , , , , , , , , , , , , , , , , 
8.55225, 0.0250095, , , , , , , 8.55225, -0.0090639, , , , , , , 8.55225, -0.0043641, , , , , , , 8.55225, 0.0159457, , , , , , , , , , , , , , , , , , , , , , , , , , , , 
8.5527692, 0.0276951, , , , , , , 8.5527692, -0.0104067, , , , , , , 8.5527692, -0.0058747, , , , , , , 8.5527692, 0.0105745, , , , , , , , , , , , , , , , , , , , , , , , , , , , 
8.5532885, 0.030045, , , , , , , 8.5532885, -0.0082246, , , , , , , 8.5532885, -0.0068818, , , , , , , 8.5532885, 0.0070497, , , , , , , , , , , , , , , , , , , , , , , , , , , , 
8.5538077, 0.0287022, , , , , , , 8.5538077, -0.005539, , , , , , , 8.5538077, -0.0068818, , , , , , , 8.5538077, 0.0058747, , , , , , , , , , , , , , , , , , , , , , , , , , , , 
8.5543269, 0.0250095, , , , , , , 8.5543269, -0.0058747, , , , , , , 8.5543269, -0.0065461, , , , , , , 8.5543269, 0.0052033, , , , , , , , , , , , , , , , , , , , , , , , , , , , 
8.5548462, 0.0209812, , , , , , , 8.5548462, -0.0077211, , , , , , , 8.5548462, -0.0075532, , , , , , , 8.5548462, 0.0038605, , , , , , , , , , , , , , , , , , , , , , , , , , , , 
8.5553654, 0.0182956, , , , , , , 8.5553654, -0.0090639, , , , , , , 8.5553654, -0.0082246, , , , , , , 8.5553654, 0.0038605, , , , , , , , , , , , , , , , , , , , , , , , , , , , 
8.5558846, 0.0172885, , , , , , , 8.5558846, -0.0092317, , , , , , , 8.5558846, -0.0075532, , , , , , , 8.5558846, 0.0052033, , , , , , , , , , , , , , , , , , , , , , , , , , , , 
8.5564038, 0.0146029, , , , , , , 8.5564038, -0.0082246, , , , , , , 8.5564038, -0.0068818, , , , , , , 8.5564038, 0.0062104, , , , , , , , , , , , , , , , , , , , , , , , , , , , 
8.5569231, 0.0139315, , , , , , , 8.5569231, -0.0068818, , , , , , , 8.5569231, -0.0068818, , , , , , , 8.5569231, 0.0050355, , , , , , , , , , , , , , , , , , , , , , , , , , , , 
8.5574423, 0.0166171, , , , , , , 8.5574423, -0.0065461, , , , , , , 8.5574423, -0.0075532, , , , , , , 8.5574423, 0.0011749, , , , , , , , , , , , , , , , , , , , , , , , , , , , 
8.5579615, 0.0223239, , , , , , , 8.5579615, -0.0065461, , , , , , , 8.5579615, -0.0095674, , , , , , , 8.5579615, 0.0001678, , , , , , , , , , , , , , , , , , , , , , , , , , , , 
8.5584808, 0.0256809, , , , , , , 8.5584808, -0.0060426, , , , , , , 8.5584808, -0.0109102, , , , , , , 8.5584808, 0.0008392, , , , , , , , , , , , , , , , , , , , , , , , , , , , 
8.559, 0.0224918, , , , , , , 8.559, -0.0072175, , , , , , , 8.559, -0.0112459, , , , , , , 8.559, 0.0018463, , , , , , , , , , , , , , , , , , , , , , , , , , , , 
8.5595192, 0.0204776, , , , , , , 8.5595192, -0.008896, , , , , , , 8.5595192, -0.0115816, , , , , , , 8.5595192, 0.0005035, , , , , , , , , , , , , , , , , , , , , , , , , , , , 
8.5600385, 0.0240024, , , , , , , 8.5600385, -0.0102388, , , , , , , 8.5600385, -0.0102388, , , , , , , 8.5600385, -0.0015106, , , , , , , , , , , , , , , , , , , , , , , , , , , , 
8.5605577, 0.0271916, , , , , , , 8.5605577, -0.0109102, , , , , , , 8.5605577, -0.0083925, , , , , , , 8.5605577, -0.0035248, , , , , , , , , , , , , , , , , , , , , , , , , , , , 
8.5610769, 0.0280308, , , , , , , 8.5610769, -0.008896, , , , , , , 8.5610769, -0.008896, , , , , , , 8.5610769, -0.0048676, , , , , , , , , , , , , , , , , , , , , , , , , , , , 
8.5615962, 0.0273594, , , , , , , 8.5615962, -0.0082246, , , , , , , 8.5615962, -0.0119173, , , , , , , 8.5615962, -0.005539, , , , , , , , , , , , , , , , , , , , , , , , , , , , 
8.5621154, 0.0250095, , , , , , , 8.5621154, -0.0082246, , , , , , , 8.5621154, -0.0139315, , , , , , , 8.5621154, -0.0058747, , , , , , , , , , , , , , , , , , , , , , , , , , , , 
8.5626346, 0.0213169, , , , , , , 8.5626346, -0.0082246, , , , , , , 8.5626346, -0.0135958, , , , , , , 8.5626346, -0.0058747, , , , , , , , , , , , , , , , , , , , , , , , , , , , 
8.5631538, 0.0223239, , , , , , , 8.5631538, -0.0082246, , , , , , , 8.5631538, -0.012253, , , , , , , 8.5631538, -0.0035248, , , , , , , , , , , , , , , , , , , , , , , , , , , , 
8.5636731, 0.0236667, , , , , , , 8.5636731, -0.0075532, , , , , , , 8.5636731, -0.012253, , , , , , , 8.5636731, -0.0008392, , , , , , , , , , , , , , , , , , , , , , , , , , , , 
8.5641923, 0.0240024, , , , , , , 8.5641923, -0.0065461, , , , , , , 8.5641923, -0.0115816, , , , , , , 8.5641923, 0.0011749, , , , , , , , , , , , , , , , , , , , , , , , , , , , 
8.5647115, 0.0209812, , , , , , , 8.5647115, -0.0057069, , , , , , , 8.5647115, -0.0105745, , , , , , , 8.5647115, 0.0065461, , , , , , , , , , , , , , , , , , , , , , , , , , , , 
8.5652308, 0.012253, , , , , , , 8.5652308, -0.0062104, , , , , , , 8.5652308, -0.0109102, , , , , , , 8.5652308, 0.0105745, , , , , , , , , , , , , , , , , , , , , , , , , , , , 
8.56575, 0.0025177, , , , , , , 8.56575, -0.0060426, , , , , , , 8.56575, -0.0105745, , , , , , , 8.56575, 0.01561, , , , , , , , , , , , , , , , , , , , , , , , , , , , 
8.5662692, -0.0070497, , , , , , , 8.5662692, -0.005539, , , , , , , 8.5662692, -0.0078889, , , , , , , 8.5662692, 0.0216526, , , , , , , , , , , , , , , , , , , , , , , , , , , , 
8.5667885, -0.0109102, , , , , , , 8.5667885, -0.0036927, , , , , , , 8.5667885, -0.005539, , , , , , , 8.5667885, 0.026688, , , , , , , , , , , , , , , , , , , , , , , , , , , , 
8.5673077, -0.0176242, , , , , , , 8.5673077, -0.0045319, , , , , , , 8.5673077, -0.005539, , , , , , , 8.5673077, 0.0307164, , , , , , , , , , , , , , , , , , , , , , , , , , , , 
8.5678269, -0.0251774, , , , , , , 8.5678269, -0.0062104, , , , , , , 8.5678269, -0.0057069, , , , , , , 8.5678269, 0.0313878, , , , , , , , , , , , , , , , , , , , , , , , , , , , 
8.5683462, -0.0270237, , , , , , , 8.5683462, -0.0082246, , , , , , , 8.5683462, -0.005539, , , , , , , 8.5683462, 0.0317235, , , , , , , , , , , , , , , , , , , , , , , , , , , , 
8.5688654, -0.024506, , , , , , , 8.5688654, -0.0099031, , , , , , , 8.5688654, -0.005539, , , , , , , 8.5688654, 0.0344091, , , , , , , , , , , , , , , , , , , , , , , , , , , , 
8.5693846, -0.023331, , , , , , , 8.5693846, -0.0105745, , , , , , , 8.5693846, -0.0065461, , , , , , , 8.5693846, 0.0340734, , , , , , , , , , , , , , , , , , , , , , , , , , , , 
8.5699038, -0.0166171, , , , , , , 8.5699038, -0.0095674, , , , , , , 8.5699038, -0.0072175, , , , , , , 8.5699038, 0.030045, , , , , , , , , , , , , , , , , , , , , , , , , , , , 
8.5704231, -0.002182, , , , , , , 8.5704231, -0.0068818, , , , , , , 8.5704231, -0.0045319, , , , , , , 8.5704231, 0.0253452, , , , , , , , , , , , , , , , , , , , , , , , , , , , 
8.5709423, 0.011078, , , , , , , 8.5709423, -0.0041962, , , , , , , 8.5709423, -0.002182, , , , , , , 8.5709423, 0.0213169, , , , , , , , , , , , , , , , , , , , , , , , , , , , 
8.5714615, 0.0213169, , , , , , , 8.5714615, -0.0045319, , , , , , , 8.5714615, -0.0041962, , , , , , , 8.5714615, 0.0182956, , , , , , , , , , , , , , , , , , , , , , , , , , , , 
8.5719808, 0.0246738, , , , , , , 8.5719808, -0.0065461, , , , , , , 8.5719808, -0.0078889, , , , , , , 8.5719808, 0.0166171, , , , , , , , , , , , , , , , , , , , , , , , , , , , 
8.5725, 0.0229953, , , , , , , 8.5725, -0.0082246, , , , , , , 8.5725, -0.0068818, , , , , , , 8.5725, 0.0172885, , , , , , , , , , , , , , , , , , , , , , , , , , , , 
8.5730192, 0.0226596, , , , , , , 8.5730192, -0.0082246, , , , , , , 8.5730192, -0.0057069, , , , , , , 8.5730192, 0.0172885, , , , , , , , , , , , , , , , , , , , , , , , , , , , 
8.5735385, 0.027863, , , , , , , 8.5735385, -0.008896, , , , , , , 8.5735385, -0.0070497, , , , , , , 8.5735385, 0.0152743, , , , , , , , , , , , , , , , , , , , , , , , , , , , 
8.5740577, 0.0305486, , , , , , , 8.5740577, -0.0095674, , , , , , , 8.5740577, -0.0095674, , , , , , , 8.5740577, 0.012253, , , , , , , , , , , , , , , , , , , , , , , , , , , , 
8.5745769, 0.0290379, , , , , , , 8.5745769, -0.008896, , , , , , , 8.5745769, -0.0119173, , , , , , , 8.5745769, 0.0124208, , , , , , , , , , , , , , , , , , , , , , , , , , , , 
8.5750962, 0.0283665, , , , , , , 8.5750962, -0.0068818, , , , , , , 8.5750962, -0.0124208, , , , , , , 8.5750962, 0.0112459, , , , , , , , , , , , , , , , , , , , , , , , , , , , 
8.5756154, 0.0270237, , , , , , , 8.5756154, -0.0058747, , , , , , , 8.5756154, -0.0125887, , , , , , , 8.5756154, 0.0078889, , , , , , , , , , , , , , , , , , , , , , , , , , , , 
8.5761346, 0.0256809, , , , , , , 8.5761346, -0.0062104, , , , , , , 8.5761346, -0.0129244, , , , , , , 8.5761346, 0.0068818, , , , , , , , , , , , , , , , , , , , , , , , , , , , 
8.5766538, 0.0263523, , , , , , , 8.5766538, -0.0060426, , , , , , , 8.5766538, -0.0142672, , , , , , , 8.5766538, 0.0065461, , , , , , , , , , , , , , , , , , , , , , , , , , , , 
8.5771731, 0.0276951, , , , , , , 8.5771731, -0.0038605, , , , , , , 8.5771731, -0.0149386, , , , , , , 8.5771731, 0.0078889, , , , , , , , , , , , , , , , , , , , , , , , , , , , 
8.5776923, 0.0260166, , , , , , , 8.5776923, -0.002182, , , , , , , 8.5776923, -0.0125887, , , , , , , 8.5776923, 0.0092317, , , , , , , , , , , , , , , , , , , , , , , , , , , , 
8.5782115, 0.0238346, , , , , , , 8.5782115, -0.0048676, , , , , , , 8.5782115, -0.0105745, , , , , , , 8.5782115, 0.0092317, , , , , , , , , , , , , , , , , , , , , , , , , , , , 
8.5787308, 0.0208133, , , , , , , 8.5787308, -0.0082246, , , , , , , 8.5787308, -0.008896, , , , , , , 8.5787308, 0.0090639, , , , , , , , , , , , , , , , , , , , , , , , , , , , 
8.57925, 0.0186313, , , , , , , 8.57925, -0.0095674, , , , , , , 8.57925, -0.0068818, , , , , , , 8.57925, 0.0102388, , , , , , , , , , , , , , , , , , , , , , , , , , , , 
8.5797692, 0.0199741, , , , , , , 8.5797692, -0.0095674, , , , , , , 8.5797692, -0.0068818, , , , , , , 8.5797692, 0.0078889, , , , , , , , , , , , , , , , , , , , , , , , , , , , 
8.5802885, 0.026688, , , , , , , 8.5802885, -0.0102388, , , , , , , 8.5802885, -0.0082246, , , , , , , 8.5802885, 0.0008392, , , , , , , , , , , , , , , , , , , , , , , , , , , , 
8.5808077, 0.0320592, , , , , , , 8.5808077, -0.0109102, , , , , , , 8.5808077, -0.0095674, , , , , , , 8.5808077, -0.0048676, , , , , , , , , , , , , , , , , , , , , , , , , , , , 
8.5813269, 0.0344091, , , , , , , 8.5813269, -0.0109102, , , , , , , 8.5813269, -0.0109102, , , , , , , 8.5813269, -0.0082246, , , , , , , , , , , , , , , , , , , , , , , , , , , , 
8.5818462, 0.0337377, , , , , , , 8.5818462, -0.0104067, , , , , , , 8.5818462, -0.0104067, , , , , , , 8.5818462, -0.0065461, , , , , , , , , , , , , , , , , , , , , , , , , , , , 
8.5823654, 0.0317235, , , , , , , 8.5823654, -0.008896, , , , , , , 8.5823654, -0.008896, , , , , , , 8.5823654, -0.0025177, , , , , , , , , , , , , , , , , , , , , , , , , , , , 
8.5828846, 0.0303807, , , , , , , 8.5828846, -0.0082246, , , , , , , 8.5828846, -0.0102388, , , , , , , 8.5828846, -0.0028534, , , , , , , , , , , , , , , , , , , , , , , , , , , , 
8.5834038, 0.0287022, , , , , , , 8.5834038, -0.0075532, , , , , , , 8.5834038, -0.012253, , , , , , , 8.5834038, -0.0041962, , , , , , , , , , , , , , , , , , , , , , , , , , , , 
8.5839231, 0.0240024, , , , , , , 8.5839231, -0.0082246, , , , , , , 8.5839231, -0.0119173, , , , , , , 8.5839231, -0.0008392, , , , , , , , , , , , , , , , , , , , , , , , , , , , 
8.5844423, 0.017792, , , , , , , 8.5844423, -0.008896, , , , , , , 8.5844423, -0.0099031, , , , , , , 8.5844423, 0.0058747, , , , , , , , , , , , , , , , , , , , , , , , , , , , 
8.5849615, 0.0112459, , , , , , , 8.5849615, -0.0099031, , , , , , , 8.5849615, -0.0068818, , , , , , , 8.5849615, 0.0104067, , , , , , , , , , , , , , , , , , , , , , , , , , , , 
8.5854808, 0.0092317, , , , , , , 8.5854808, -0.0095674, , , , , , , 8.5854808, -0.005539, , , , , , , 8.5854808, 0.012253, , , , , , , , , , , , , , , , , , , , , , , , , , , , 
8.586, 0.008896, , , , , , , 8.586, -0.0090639, , , , , , , 8.586, -0.0041962, , , , , , , 8.586, 0.0159457, , , , , , , , , , , , , , , , , , , , , , , , , , , , 
8.5865192, 0.0025177, , , , , , , 8.5865192, -0.0077211, , , , , , , 8.5865192, -0.002182, , , , , , , 8.5865192, 0.0206455, , , , , , , , , , , , , , , , , , , , , , , , , , , , 
8.5870385, -0.0038605, , , , , , , 8.5870385, -0.0060426, , , , , , , 8.5870385, -0.0015106, , , , , , , 8.5870385, 0.0246738, , , , , , , , , , , , , , , , , , , , , , , , , , , , 
8.5875577, -0.0045319, , , , , , , 8.5875577, -0.005539, , , , , , , 8.5875577, -0.0028534, , , , , , , 8.5875577, 0.0273594, , , , , , , , , , , , , , , , , , , , , , , , , , , , 
8.5880769, -0.0048676, , , , , , , 8.5880769, -0.0041962, , , , , , , 8.5880769, -0.002182, , , , , , , 8.5880769, 0.0303807, , , , , , , , , , , , , , , , , , , , , , , , , , , , 
8.5885962, -0.0043641, , , , , , , 8.5885962, -0.0041962, , , , , , , 8.5885962, -0.0001678, , , , , , , 8.5885962, 0.033402, , , , , , , , , , , , , , , , , , , , , , , , , , , , 
8.5891154, -0.0018463, , , , , , , 8.5891154, -0.0065461, , , , , , , 8.5891154, -0.0005035, , , , , , , 8.5891154, 0.0344091, , , , , , , , , , , , , , , , , , , , , , , , , , , , 
8.5896346, -0.002182, , , , , , , 8.5896346, -0.0062104, , , , , , , 8.5896346, -0.0011749, , , , , , , 8.5896346, 0.0315557, , , , , , , , , , , , , , , , , , , , , , , , , , , , 
8.5901538, -0.0015106, , , , , , , 8.5901538, -0.0038605, , , , , , , 8.5901538, -0.0041962, , , , , , , 8.5901538, 0.0243381, , , , , , , , , , , , , , , , , , , , , , , , , , , , 
8.5906731, 0.0008392, , , , , , , 8.5906731, -0.0028534, , , , , , , 8.5906731, -0.0075532, , , , , , , 8.5906731, 0.0172885, , , , , , , , , , , , , , , , , , , , , , , , , , , , 
8.5911923, 0.0018463, , , , , , , 8.5911923, -0.0031891, , , , , , , 8.5911923, -0.008896, , , , , , , 8.5911923, 0.0139315, , , , , , , , , , , , , , , , , , , , , , , , , , , , 
8.5917115, 0.0038605, , , , , , , 8.5917115, -0.0043641, , , , , , , 8.5917115, -0.0078889, , , , , , , 8.5917115, 0.0146029, , , , , , , , , , , , , , , , , , , , , , , , , , , , 
8.5922308, 0.0105745, , , , , , , 8.5922308, -0.0052033, , , , , , , 8.5922308, -0.005539, , , , , , , 8.5922308, 0.0146029, , , , , , , , , , , , , , , , , , , , , , , , , , , , 
8.59275, 0.0149386, , , , , , , 8.59275, -0.0058747, , , , , , , 8.59275, -0.0058747, , , , , , , 8.59275, 0.0117494, , , , , , , , , , , , , , , , , , , , , , , , , , , , 
8.5932692, 0.0166171, , , , , , , 8.5932692, -0.0062104, , , , , , , 8.5932692, -0.0062104, , , , , , , 8.5932692, 0.0105745, , , , , , , , , , , , , , , , , , , , , , , , , , , , 
8.5937885, 0.0219883, , , , , , , 8.5937885, -0.005539, , , , , , , 8.5937885, -0.005539, , , , , , , 8.5937885, 0.0102388, , , , , , , , , , , , , , , , , , , , , , , , , , , , 
8.5943077, 0.0191348, , , , , , , 8.5943077, -0.0072175, , , , , , , 8.5943077, -0.0048676, , , , , , , 8.5943077, 0.0092317, , , , , , , , , , , , , , , , , , , , , , , , , , , , 
8.5948269, 0.0135958, , , , , , , 8.5948269, -0.008896, , , , , , , 8.5948269, -0.0050355, , , , , , , 8.5948269, 0.0092317, , , , , , , , , , , , , , , , , , , , , , , , , , , , 
8.5953462, 0.0132601, , , , , , , 8.5953462, -0.0072175, , , , , , , 8.5953462, -0.0035248, , , , , , , 8.5953462, 0.0097353, , , , , , , , , , , , , , , , , , , , , , , , , , , , 
8.5958654, 0.0142672, , , , , , , 8.5958654, -0.0052033, , , , , , , 8.5958654, -0.0035248, , , , , , , 8.5958654, 0.0095674, , , , , , , , , , , , , , , , , , , , , , , , , , , , 
8.5963846, 0.0157778, , , , , , , 8.5963846, -0.0062104, , , , , , , 8.5963846, -0.005539, , , , , , , 8.5963846, 0.008896, , , , , , , , , , , , , , , , , , , , , , , , , , , , 
8.5969038, 0.0129244, , , , , , , 8.5969038, -0.0082246, , , , , , , 8.5969038, -0.0068818, , , , , , , 8.5969038, 0.005539, , , , , , , , , , , , , , , , , , , , , , , , , , , , 
8.5974231, 0.0085603, , , , , , , 8.5974231, -0.0075532, , , , , , , 8.5974231, -0.0063783, , , , , , , 8.5974231, 0.0035248, , , , , , , , , , , , , , , , , , , , , , , , , , , , 
8.5979423, 0.0082246, , , , , , , 8.5979423, -0.0082246, , , , , , , 8.5979423, -0.0062104, , , , , , , 8.5979423, 0.0072175, , , , , , , , , , , , , , , , , , , , , , , , , , , , 
8.5984615, 0.0102388, , , , , , , 8.5984615, -0.0090639, , , , , , , 8.5984615, -0.0065461, , , , , , , 8.5984615, 0.0115816, , , , , , , , , , , , , , , , , , , , , , , , , , , , 
8.5989808, 0.0105745, , , , , , , 8.5989808, -0.0097353, , , , , , , 8.5989808, -0.005539, , , , , , , 8.5989808, 0.0115816, , , , , , , , , , , , , , , , , , , , , , , , , , , , 
8.5995, 0.0112459, , , , , , , 8.5995, -0.0095674, , , , , , , 8.5995, -0.0070497, , , , , , , 8.5995, 0.005539, , , , , , , , , , , , , , , , , , , , , , , , , , , , 
8.6000192, 0.0172885, , , , , , , 8.6000192, -0.0078889, , , , , , , 8.6000192, -0.0109102, , , , , , , 8.6000192, -0.0015106, , , , , , , , , , , , , , , , , , , , , , , , , , , , 
8.6005385, 0.0253452, , , , , , , 8.6005385, -0.0082246, , , , , , , 8.6005385, -0.0135958, , , , , , , 8.6005385, -0.0048676, , , , , , , , , , , , , , , , , , , , , , , , , , , , 
8.6010577, 0.0303807, , , , , , , 8.6010577, -0.0085603, , , , , , , 8.6010577, -0.0149386, , , , , , , 8.6010577, -0.0072175, , , , , , , , , , , , , , , , , , , , , , , , , , , , 
8.6015769, 0.0354162, , , , , , , 8.6015769, -0.0082246, , , , , , , 8.6015769, -0.014435, , , , , , , 8.6015769, -0.008896, , , , , , , , , , , , , , , , , , , , , , , , , , , , 
8.6020962, 0.0357519, , , , , , , 8.6020962, -0.0082246, , , , , , , 8.6020962, -0.0152743, , , , , , , 8.6020962, -0.0077211, , , , , , , , , , , , , , , , , , , , , , , , , , , , 
8.6026154, 0.0320592, , , , , , , 8.6026154, -0.0083925, , , , , , , 8.6026154, -0.01561, , , , , , , 8.6026154, -0.0048676, , , , , , , , , , , , , , , , , , , , , , , , , , , , 
8.6031346, 0.030045, , , , , , , 8.6031346, -0.0078889, , , , , , , 8.6031346, -0.0135958, , , , , , , 8.6031346, -0.0013428, , , , , , , , , , , , , , , , , , , , , , , , , , , , 
8.6036538, 0.0246738, , , , , , , 8.6036538, -0.0075532, , , , , , , 8.6036538, -0.0109102, , , , , , , 8.6036538, 0.0038605, , , , , , , , , , , , , , , , , , , , , , , , , , , , 
8.6041731, 0.0184634, , , , , , , 8.6041731, -0.0085603, , , , , , , 8.6041731, -0.0090639, , , , , , , 8.6041731, 0.0092317, , , , , , , , , , , , , , , , , , , , , , , , , , , , 
8.6046923, 0.0149386, , , , , , , 8.6046923, -0.0085603, , , , , , , 8.6046923, -0.0099031, , , , , , , 8.6046923, 0.0146029, , , , , , , , , , , , , , , , , , , , , , , , , , , , 
8.6052115, 0.0142672, , , , , , , 8.6052115, -0.0082246, , , , , , , 8.6052115, -0.0092317, , , , , , , 8.6052115, 0.0219883, , , , , , , , , , , , , , , , , , , , , , , , , , , , 
8.6057308, 0.0092317, , , , , , , 8.6057308, -0.0090639, , , , , , , 8.6057308, -0.0082246, , , , , , , 8.6057308, 0.0293736, , , , , , , , , , , , , , , , , , , , , , , , , , , , 
8.60625, 0.0001678, , , , , , , 8.60625, -0.0090639, , , , , , , 8.60625, -0.0050355, , , , , , , 8.60625, 0.0327306, , , , , , , , , , , , , , , , , , , , , , , , , , , , 
8.6067692, -0.0028534, , , , , , , 8.6067692, -0.0062104, , , , , , , 8.6067692, -0.0031891, , , , , , , 8.6067692, 0.0337377, , , , , , , , , , , , , , , , , , , , , , , , , , , , 
8.6072885, 0.0018463, , , , , , , 8.6072885, -0.0048676, , , , , , , 8.6072885, -0.0048676, , , , , , , 8.6072885, 0.033402, , , , , , , , , , , , , , , , , , , , , , , , , , , , 
8.6078077, -0.0025177, , , , , , , 8.6078077, -0.0075532, , , , , , , 8.6078077, -0.0062104, , , , , , , 8.6078077, 0.0350805, , , , , , , , , , , , , , , , , , , , , , , , , , , , 
8.6083269, -0.0115816, , , , , , , 8.6083269, -0.010071, , , , , , , 8.6083269, -0.0052033, , , , , , , 8.6083269, 0.0391089, , , , , , , , , , , , , , , , , , , , , , , , , , , , 
8.6088462, -0.0139315, , , , , , , 8.6088462, -0.008896, , , , , , , 8.6088462, -0.0036927, , , , , , , 8.6088462, 0.0414588, , , , , , , , , , , , , , , , , , , , , , , , , , , , 
8.6093654, -0.0095674, , , , , , , 8.6093654, -0.0078889, , , , , , , 8.6093654, -0.0041962, , , , , , , 8.6093654, 0.0397803, , , , , , , , , , , , , , , , , , , , , , , , , , , , 
8.6098846, -0.0063783, , , , , , , 8.6098846, -0.0078889, , , , , , , 8.6098846, -0.0048676, , , , , , , 8.6098846, 0.033402, , , , , , , , , , , , , , , , , , , , , , , , , , , , 
8.6104038, -0.0045319, , , , , , , 8.6104038, -0.0082246, , , , , , , 8.6104038, -0.0041962, , , , , , , 8.6104038, 0.0250095, , , , , , , , , , , , , , , , , , , , , , , , , , , , 
8.6109231, -0.0001678, , , , , , , 8.6109231, -0.008896, , , , , , , 8.6109231, -0.003357, , , , , , , 8.6109231, 0.0206455, , , , , , , , , , , , , , , , , , , , , , , , , , , , 
8.6114423, 0.002182, , , , , , , 8.6114423, -0.0083925, , , , , , , 8.6114423, -0.0045319, , , , , , , 8.6114423, 0.0196384, , , , , , , , , , , , , , , , , , , , , , , , , , , , 
8.6119615, 0.0035248, , , , , , , 8.6119615, -0.0068818, , , , , , , 8.6119615, -0.0063783, , , , , , , 8.6119615, 0.0196384, , , , , , , , , , , , , , , , , , , , , , , , , , , , 
8.6124808, 0.0085603, , , , , , , 8.6124808, -0.0068818, , , , , , , 8.6124808, -0.0072175, , , , , , , 8.6124808, 0.018967, , , , , , , , , , , , , , , , , , , , , , , , , , , , 
8.613, 0.01561, , , , , , , 8.613, -0.0058747, , , , , , , 8.613, -0.008896, , , , , , , 8.613, 0.0186313, , , , , , , , , , , , , , , , , , , , , , , , , , , , 
8.6135192, 0.0193027, , , , , , , 8.6135192, -0.0048676, , , , , , , 8.6135192, -0.008896, , , , , , , 8.6135192, 0.0179599, , , , , , , , , , , , , , , , , , , , , , , , , , , , 
8.6140385, 0.0182956, , , , , , , 8.6140385, -0.0063783, , , , , , , 8.6140385, -0.0082246, , , , , , , 8.6140385, 0.0159457, , , , , , , , , , , , , , , , , , , , , , , , , , , , 
8.6145577, 0.0182956, , , , , , , 8.6145577, -0.0104067, , , , , , , 8.6145577, -0.0092317, , , , , , , 8.6145577, 0.0139315, , , , , , , , , , , , , , , , , , , , , , , , , , , , 
8.6150769, 0.0243381, , , , , , , 8.6150769, -0.0119173, , , , , , , 8.6150769, -0.0109102, , , , , , , 8.6150769, 0.0112459, , , , , , , , , , , , , , , , , , , , , , , , , , , , 
8.6155962, 0.0305486, , , , , , , 8.6155962, -0.0115816, , , , , , , 8.6155962, -0.012253, , , , , , , 8.6155962, 0.0078889, , , , , , , , , , , , , , , , , , , , , , , , , , , , 
8.6161154, 0.0303807, , , , , , , 8.6161154, -0.0102388, , , , , , , 8.6161154, -0.0127565, , , , , , , 8.6161154, 0.0068818, , , , , , , , , , , , , , , , , , , , , , , , , , , , 
8.6166346, 0.0263523, , , , , , , 8.6166346, -0.0095674, , , , , , , 8.6166346, -0.0119173, , , , , , , 8.6166346, 0.0082246, , , , , , , , , , , , , , , , , , , , , , , , , , , , 
8.6171538, 0.0251774, , , , , , , 8.6171538, -0.0115816, , , , , , , 8.6171538, -0.0102388, , , , , , , 8.6171538, 0.0078889, , , , , , , , , , , , , , , , , , , , , , , , , , , , 
8.6176731, 0.0287022, , , , , , , 8.6176731, -0.0109102, , , , , , , 8.6176731, -0.0097353, , , , , , , 8.6176731, 0.0043641, , , , , , , , , , , , , , , , , , , , , , , , , , , , 
8.6181923, 0.0297093, , , , , , , 8.6181923, -0.0099031, , , , , , , 8.6181923, -0.0109102, , , , , , , 8.6181923, 0.0005035, , , , , , , , , , , , , , , , , , , , , , , , , , , , 
8.6187115, 0.0253452, , , , , , , 8.6187115, -0.0109102, , , , , , , 8.6187115, -0.0117494, , , , , , , 8.6187115, -0.0001678, , , , , , , , , , , , , , , , , , , , , , , , , , , , 
8.6192308, 0.0213169, , , , , , , 8.6192308, -0.0109102, , , , , , , 8.6192308, -0.0129244, , , , , , , 8.6192308, -0.0005035, , , , , , , , , , , , , , , , , , , , , , , , , , , , 
8.61975, 0.0199741, , , , , , , 8.61975, -0.0102388, , , , , , , 8.61975, -0.0132601, , , , , , , 8.61975, -0.0035248, , , , , , , , , , , , , , , , , , , , , , , , , , , , 
8.6202692, 0.0219883, , , , , , , 8.6202692, -0.008896, , , , , , , 8.6202692, -0.0135958, , , , , , , 8.6202692, -0.0082246, , , , , , , , , , , , , , , , , , , , , , , , , , , , 
8.6207885, 0.0240024, , , , , , , 8.6207885, -0.0078889, , , , , , , 8.6207885, -0.0119173, , , , , , , 8.6207885, -0.0109102, , , , , , , , , , , , , , , , , , , , , , , , , , , , 
8.6213077, 0.0226596, , , , , , , 8.6213077, -0.0070497, , , , , , , 8.6213077, -0.0097353, , , , , , , 8.6213077, -0.0125887, , , , , , , , , , , , , , , , , , , , , , , , , , , , 
8.6218269, 0.0216526, , , , , , , 8.6218269, -0.0058747, , , , , , , 8.6218269, -0.0090639, , , , , , , 8.6218269, -0.012253, , , , , , , , , , , , , , , , , , , , , , , , , , , , 
8.6223462, 0.0209812, , , , , , , 8.6223462, -0.005539, , , , , , , 8.6223462, -0.0105745, , , , , , , 8.6223462, -0.0102388, , , , , , , , , , , , , , , , , , , , , , , , , , , , 
8.6228654, 0.0191348, , , , , , , 8.6228654, -0.0068818, , , , , , , 8.6228654, -0.012253, , , , , , , 8.6228654, -0.0063783, , , , , , , , , , , , , , , , , , , , , , , , , , , , 
8.6233846, 0.0139315, , , , , , , 8.6233846, -0.0082246, , , , , , , 8.6233846, -0.0132601, , , , , , , 8.6233846, -0.0001678, , , , , , , , , , , , , , , , , , , , , , , , , , , , 
8.6239038, 0.0092317, , , , , , , 8.6239038, -0.0095674, , , , , , , 8.6239038, -0.0112459, , , , , , , 8.6239038, 0.0046998, , , , , , , , , , , , , , , , , , , , , , , , , , , , 
8.6244231, 0.0082246, , , , , , , 8.6244231, -0.0093996, , , , , , , 8.6244231, -0.0082246, , , , , , , 8.6244231, 0.0085603, , , , , , , , , , , , , , , , , , , , , , , , , , , , 
8.6249423, 0.011078, , , , , , , 8.6249423, -0.0082246, , , , , , , 8.6249423, -0.0050355, , , , , , , 8.6249423, 0.0115816, , , , , , , , , , , , , , , , , , , , , , , , , , , , 
8.6254615, 0.0119173, , , , , , , 8.6254615, -0.0082246, , , , , , , 8.6254615, -0.0025177, , , , , , , 8.6254615, 0.0171206, , , , , , , , , , , , , , , , , , , , , , , , , , , , 
8.6259808, 0.0125887, , , , , , , 8.6259808, -0.0082246, , , , , , , 8.6259808, -0.002182, , , , , , , 8.6259808, 0.0226596, , , , , , , , , , , , , , , , , , , , , , , , , , , , 
8.6265, 0.0159457, , , , , , , 8.6265, -0.0068818, , , , , , , 8.6265, -0.0035248, , , , , , , 8.6265, 0.026688, , , , , , , , , , , , , , , , , , , , , , , , , , , , 
8.6270192, 0.0223239, , , , , , , 8.6270192, -0.0062104, , , , , , , 8.6270192, -0.0038605, , , , , , , 8.6270192, 0.0318914, , , , , , , , , , , , , , , , , , , , , , , , , , , , 
8.6275385, 0.0234989, , , , , , , 8.6275385, -0.0052033, , , , , , , 8.6275385, -0.0030213, , , , , , , 8.6275385, 0.0364233, , , , , , , , , , , , , , , , , , , , , , , , , , , , 
8.6280577, 0.0196384, , , , , , , 8.6280577, -0.0048676, , , , , , , 8.6280577, -0.0023499, , , , , , , 8.6280577, 0.0384375, , , , , , , , , , , , , , , , , , , , , , , , , , , , 
8.6285769, 0.0146029, , , , , , , 8.6285769, -0.005539, , , , , , , 8.6285769, -0.002182, , , , , , , 8.6285769, 0.0381018, , , , , , , , , , , , , , , , , , , , , , , , , , , , 
8.6290962, 0.0065461, , , , , , , 8.6290962, -0.0058747, , , , , , , 8.6290962, -0.0028534, , , , , , , 8.6290962, 0.0381018, , , , , , , , , , , , , , , , , , , , , , , , , , , , 
8.6296154, 0.0020142, , , , , , , 8.6296154, -0.005539, , , , , , , 8.6296154, -0.0038605, , , , , , , 8.6296154, 0.0377661, , , , , , , , , , , , , , , , , , , , , , , , , , , , 
8.6301346, 0.0010071, , , , , , , 8.6301346, -0.0062104, , , , , , , 8.6301346, -0.0036927, , , , , , , 8.6301346, 0.0339055, , , , , , , , , , , , , , , , , , , , , , , , , , , , 
8.6306538, 0.0023499, , , , , , , 8.6306538, -0.0068818, , , , , , , 8.6306538, -0.0048676, , , , , , , 8.6306538, 0.0285344, , , , , , , , , , , , , , , , , , , , , , , , , , , , 
8.6311731, 0.0038605, , , , , , , 8.6311731, -0.0058747, , , , , , , 8.6311731, -0.0062104, , , , , , , 8.6311731, 0.0213169, , , , , , , , , , , , , , , , , , , , , , , , , , , , 
8.6316923, 0.0052033, , , , , , , 8.6316923, -0.0052033, , , , , , , 8.6316923, -0.0075532, , , , , , , 8.6316923, 0.0162814, , , , , , , , , , , , , , , , , , , , , , , , , , , , 
8.6322115, 0.0082246, , , , , , , 8.6322115, -0.0058747, , , , , , , 8.6322115, -0.008896, , , , , , , 8.6322115, 0.0146029, , , , , , , , , , , , , , , , , , , , , , , , , , , , 
8.6327308, 0.0112459, , , , , , , 8.6327308, -0.0085603, , , , , , , 8.6327308, -0.0085603, , , , , , , 8.6327308, 0.0117494, , , , , , , , , , , , , , , , , , , , , , , , , , , , 
8.63325, 0.0104067, , , , , , , 8.63325, -0.0117494, , , , , , , 8.63325, -0.0082246, , , , , , , 8.63325, 0.008896, , , , , , , , , , , , , , , , , , , , , , , , , , , , 
8.6337692, 0.0077211, , , , , , , 8.6337692, -0.0112459, , , , , , , 8.6337692, -0.0073854, , , , , , , 8.6337692, 0.0085603, , , , , , , , , , , , , , , , , , , , , , , , , , , , 
8.6342885, 0.0075532, , , , , , , 8.6342885, -0.0109102, , , , , , , 8.6342885, -0.0065461, , , , , , , 8.6342885, 0.0072175, , , , , , , , , , , , , , , , , , , , , , , , , , , , 
8.6348077, 0.0045319, , , , , , , 8.6348077, -0.0102388, , , , , , , 8.6348077, -0.008896, , , , , , , 8.6348077, 0.0062104, , , , , , , , , , , , , , , , , , , , , , , , , , , , 
8.6353269, 0.0031891, , , , , , , 8.6353269, -0.008896, , , , , , , 8.6353269, -0.0112459, , , , , , , 8.6353269, 0.0062104, , , , , , , , , , , , , , , , , , , , , , , , , , , , 
8.6358462, 0.0035248, , , , , , , 8.6358462, -0.0095674, , , , , , , 8.6358462, -0.0102388, , , , , , , 8.6358462, 0.005539, , , , , , , , , , , , , , , , , , , , , , , , , , , , 
8.6363654, 0.0052033, , , , , , , 8.6363654, -0.0105745, , , , , , , 8.6363654, -0.0082246, , , , , , , 8.6363654, 0.0031891, , , , , , , , , , , , , , , , , , , , , , , , , , , , 
8.6368846, 0.0050355, , , , , , , 8.6368846, -0.0102388, , , , , , , 8.6368846, -0.0075532, , , , , , , 8.6368846, 0.002182, , , , , , , , , , , , , , , , , , , , , , , , , , , , 
8.6374038, 0.0025177, , , , , , , 8.6374038, -0.0092317, , , , , , , 8.6374038, -0.0092317, , , , , , , 8.6374038, 0.0025177, , , , , , , , , , , , , , , , , , , , , , , , , , , , 
8.6379231, -0.0001678, , , , , , , 8.6379231, -0.008896, , , , , , , 8.6379231, -0.0102388, , , , , , , 8.6379231, 0.0028534, , , , , , , , , , , , , , , , , , , , , , , , , , , , 
8.6384423, -0.0025177, , , , , , , 8.6384423, -0.0092317, , , , , , , 8.6384423, -0.0102388, , , , , , , 8.6384423, 0.0031891, , , , , , , , , , , , , , , , , , , , , , , , , , , , 
8.6389615, -0.0041962, , , , , , , 8.6389615, -0.0082246, , , , , , , 8.6389615, -0.0102388, , , , , , , 8.6389615, 0.0025177, , , , , , , , , , , , , , , , , , , , , , , , , , , , 
8.6394808, -0.0006714, , , , , , , 8.6394808, -0.0072175, , , , , , , 8.6394808, -0.0085603, , , , , , , 8.6394808, 0.0011749, , , , , , , , , , , , , , , , , , , , , , , , , , , , 
8.64, 0.0052033, , , , , , , 8.64, -0.0070497, , , , , , , 8.64, -0.0068818, , , , , , , 8.64, -0.0016785, , , , , , , , , , , , , , , , , , , , , , , , , , , , 
8.6405192, 0.0139315, , , , , , , 8.6405192, -0.0072175, , , , , , , 8.6405192, -0.0068818, , , , , , , 8.6405192, -0.0065461, , , , , , , , , , , , , , , , , , , , , , , , , , , , 
8.6410385, 0.0229953, , , , , , , 8.6410385, -0.0068818, , , , , , , 8.6410385, -0.0087282, , , , , , , 8.6410385, -0.0109102, , , , , , , , , , , , , , , , , , , , , , , , , , , , 
8.6415577, 0.0287022, , , , , , , 8.6415577, -0.0075532, , , , , , , 8.6415577, -0.011078, , , , , , , 8.6415577, -0.012253, , , , , , , , , , , , , , , , , , , , , , , , , , , , 
8.6420769, 0.0293736, , , , , , , 8.6420769, -0.0078889, , , , , , , 8.6420769, -0.0125887, , , , , , , 8.6420769, -0.0097353, , , , , , , , , , , , , , , , , , , , , , , , , , , , 
8.6425962, 0.0263523, , , , , , , 8.6425962, -0.0075532, , , , , , , 8.6425962, -0.0102388, , , , , , , 8.6425962, -0.0068818, , , , , , , , , , , , , , , , , , , , , , , , , , , , 
8.6431154, 0.0238346, , , , , , , 8.6431154, -0.0072175, , , , , , , 8.6431154, -0.0078889, , , , , , , 8.6431154, -0.0041962, , , , , , , , , , , , , , , , , , , , , , , , , , , , 
8.6436346, 0.0209812, , , , , , , 8.6436346, -0.0063783, , , , , , , 8.6436346, -0.0068818, , , , , , , 8.6436346, 0.0005035, , , , , , , , , , , , , , , , , , , , , , , , , , , , 
8.6441538, 0.0159457, , , , , , , 8.6441538, -0.0062104, , , , , , , 8.6441538, -0.0072175, , , , , , , 8.6441538, 0.0062104, , , , , , , , , , , , , , , , , , , , , , , , , , , , 
8.6446731, 0.0142672, , , , , , , 8.6446731, -0.0052033, , , , , , , 8.6446731, -0.008896, , , , , , , 8.6446731, 0.010071, , , , , , , , , , , , , , , , , , , , , , , , , , , , 
8.6451923, 0.0132601, , , , , , , 8.6451923, -0.0058747, , , , , , , 8.6451923, -0.0104067, , , , , , , 8.6451923, 0.0130922, , , , , , , , , , , , , , , , , , , , , , , , , , , , 
8.6457115, 0.0119173, , , , , , , 8.6457115, -0.0085603, , , , , , , 8.6457115, -0.0102388, , , , , , , 8.6457115, 0.0166171, , , , , , , , , , , , , , , , , , , , , , , , , , , , 
8.6462308, 0.0045319, , , , , , , 8.6462308, -0.0095674, , , , , , , 8.6462308, -0.0085603, , , , , , , 8.6462308, 0.0216526, , , , , , , , , , , , , , , , , , , , , , , , , , , , 
8.64675, -0.0025177, , , , , , , 8.64675, -0.0078889, , , , , , , 8.64675, -0.0058747, , , , , , , 8.64675, 0.0263523, , , , , , , , , , , , , , , , , , , , , , , , , , , , 
8.6472692, -0.0028534, , , , , , , 8.6472692, -0.0075532, , , , , , , 8.6472692, -0.0048676, , , , , , , 8.6472692, 0.0297093, , , , , , , , , , , , , , , , , , , , , , , , , , , , 
8.6477885, 0.002182, , , , , , , 8.6477885, -0.0068818, , , , , , , 8.6477885, -0.0041962, , , , , , , 8.6477885, 0.03122, , , , , , , , , , , , , , , , , , , , , , , , , , , , 
8.6483077, 0.0005035, , , , , , , 8.6483077, -0.0052033, , , , , , , 8.6483077, -0.0041962, , , , , , , 8.6483077, 0.0327306, , , , , , , , , , , , , , , , , , , , , , , , , , , , 
8.6488269, -0.0016785, , , , , , , 8.6488269, -0.0038605, , , , , , , 8.6488269, -0.0035248, , , , , , , 8.6488269, 0.0354162, , , , , , , , , , , , , , , , , , , , , , , , , , , , 
8.6493462, -0.0018463, , , , , , , 8.6493462, -0.0041962, , , , , , , 8.6493462, -0.0041962, , , , , , , 8.6493462, 0.0344091, , , , , , , , , , , , , , , , , , , , , , , , , , , , 
8.6498654, 0.0008392, , , , , , , 8.6498654, -0.005539, , , , , , , 8.6498654, -0.0057069, , , , , , , 8.6498654, 0.0280308, , , , , , , , , , , , , , , , , , , , , , , , , , , , 
8.6503846, 0.0025177, , , , , , , 8.6503846, -0.0068818, , , , , , , 8.6503846, -0.0031891, , , , , , , 8.6503846, 0.0213169, , , , , , , , , , , , , , , , , , , , , , , , , , , , 
8.6509038, 0.0041962, , , , , , , 8.6509038, -0.0062104, , , , , , , 8.6509038, -0.0028534, , , , , , , 8.6509038, 0.0151064, , , , , , , , , , , , , , , , , , , , , , , , , , , , 
8.6514231, 0.0062104, , , , , , , 8.6514231, -0.0041962, , , , , , , 8.6514231, -0.0048676, , , , , , , 8.6514231, 0.0115816, , , , , , , , , , , , , , , , , , , , , , , , , , , , 
8.6519423, 0.0112459, , , , , , , 8.6519423, -0.0031891, , , , , , , 8.6519423, -0.0058747, , , , , , , 8.6519423, 0.0125887, , , , , , , , , , , , , , , , , , , , , , , , , , , , 
8.6524615, 0.0176242, , , , , , , 8.6524615, -0.0046998, , , , , , , 8.6524615, -0.0052033, , , , , , , 8.6524615, 0.0142672, , , , , , , , , , , , , , , , , , , , , , , , , , , , 
8.6529808, 0.0229953, , , , , , , 8.6529808, -0.0068818, , , , , , , 8.6529808, -0.0048676, , , , , , , 8.6529808, 0.0132601, , , , , , , , , , , , , , , , , , , , , , , , , , , , 
8.6535, 0.0253452, , , , , , , 8.6535, -0.0075532, , , , , , , 8.6535, -0.0035248, , , , , , , 8.6535, 0.0132601, , , , , , , , , , , , , , , , , , , , , , , , , , , , 
8.6540192, 0.0250095, , , , , , , 8.6540192, -0.0065461, , , , , , , 8.6540192, -0.0028534, , , , , , , 8.6540192, 0.0146029, , , , , , , , , , , , , , , , , , , , , , , , , , , , 
8.6545385, 0.0263523, , , , , , , 8.6545385, -0.008896, , , , , , , 8.6545385, -0.0038605, , , , , , , 8.6545385, 0.0162814, , , , , , , , , , , , , , , , , , , , , , , , , , , , 
8.6550577, 0.0263523, , , , , , , 8.6550577, -0.0102388, , , , , , , 8.6550577, -0.0062104, , , , , , , 8.6550577, 0.0171206, , , , , , , , , , , , , , , , , , , , , , , , , , , , 
8.6555769, 0.0213169, , , , , , , 8.6555769, -0.0090639, , , , , , , 8.6555769, -0.0068818, , , , , , , 8.6555769, 0.0169528, , , , , , , , , , , , , , , , , , , , , , , , , , , , 
8.6560962, 0.0196384, , , , , , , 8.6560962, -0.0072175, , , , , , , 8.6560962, -0.0095674, , , , , , , 8.6560962, 0.0154421, , , , , , , , , , , , , , , , , , , , , , , , , , , , 
8.6566154, 0.0218204, , , , , , , 8.6566154, -0.0065461, , , , , , , 8.6566154, -0.0109102, , , , , , , 8.6566154, 0.011078, , , , , , , , , , , , , , , , , , , , , , , , , , , , 
8.6571346, 0.0216526, , , , , , , 8.6571346, -0.0075532, , , , , , , 8.6571346, -0.0095674, , , , , , , 8.6571346, 0.0085603, , , , , , , , , , , , , , , , , , , , , , , , , , , , 
8.6576538, 0.0206455, , , , , , , 8.6576538, -0.0082246, , , , , , , 8.6576538, -0.0082246, , , , , , , 8.6576538, 0.0092317, , , , , , , , , , , , , , , , , , , , , , , , , , , , 
8.6581731, 0.0226596, , , , , , , 8.6581731, -0.0085603, , , , , , , 8.6581731, -0.008896, , , , , , , 8.6581731, 0.0099031, , , , , , , , , , , , , , , , , , , , , , , , , , , , 
8.6586923, 0.0216526, , , , , , , 8.6586923, -0.008896, , , , , , , 8.6586923, -0.0085603, , , , , , , 8.6586923, 0.006714, , , , , , , , , , , , , , , , , , , , , , , , , , , , 
8.6592115, 0.0206455, , , , , , , 8.6592115, -0.0099031, , , , , , , 8.6592115, -0.0095674, , , , , , , 8.6592115, 0.0018463, , , , , , , , , , , , , , , , , , , , , , , , , , , , 
8.6597308, 0.0253452, , , , , , , 8.6597308, -0.0082246, , , , , , , 8.6597308, -0.0112459, , , , , , , 8.6597308, -0.0036927, , , , , , , , , , , , , , , , , , , , , , , , , , , , 
8.66025, 0.0320592, , , , , , , 8.66025, -0.0063783, , , , , , , 8.66025, -0.0109102, , , , , , , 8.66025, -0.0075532, , , , , , , , , , , , , , , , , , , , , , , , , , , , 
8.6607692, 0.0360876, , , , , , , 8.6607692, -0.0063783, , , , , , , 8.6607692, -0.0099031, , , , , , , 8.6607692, -0.0078889, , , , , , , , , , , , , , , , , , , , , , , , , , , , 
8.6612885, 0.0347448, , , , , , , 8.6612885, -0.0075532, , , , , , , 8.6612885, -0.0082246, , , , , , , 8.6612885, -0.0062104, , , , , , , , , , , , , , , , , , , , , , , , , , , , 
8.6618077, 0.0307164, , , , , , , 8.6618077, -0.0095674, , , , , , , 8.6618077, -0.008896, , , , , , , 8.6618077, -0.0058747, , , , , , , , , , , , , , , , , , , , , , , , , , , , 
8.6623269, 0.030045, , , , , , , 8.6623269, -0.0102388, , , , , , , 8.6623269, -0.0099031, , , , , , , 8.6623269, -0.0062104, , , , , , , , , , , , , , , , , , , , , , , , , , , , 
8.6628462, 0.0317235, , , , , , , 8.6628462, -0.0105745, , , , , , , 8.6628462, -0.0090639, , , , , , , 8.6628462, -0.0035248, , , , , , , , , , , , , , , , , , , , , , , , , , , , 
8.6633654, 0.0292058, , , , , , , 8.6633654, -0.0095674, , , , , , , 8.6633654, -0.008896, , , , , , , 8.6633654, -0.0001678, , , , , , , , , , , , , , , , , , , , , , , , , , , , 
8.6638846, 0.0246738, , , , , , , 8.6638846, -0.008896, , , , , , , 8.6638846, -0.0090639, , , , , , , 8.6638846, 0.0045319, , , , , , , , , , , , , , , , , , , , , , , , , , , , 
8.6644038, 0.0243381, , , , , , , 8.6644038, -0.0099031, , , , , , , 8.6644038, -0.0085603, , , , , , , 8.6644038, 0.0105745, , , , , , , , , , , , , , , , , , , , , , , , , , , , 
8.6649231, 0.0223239, , , , , , , 8.6649231, -0.0109102, , , , , , , 8.6649231, -0.0092317, , , , , , , 8.6649231, 0.0152743, , , , , , , , , , , , , , , , , , , , , , , , , , , , 
8.6654423, 0.0159457, , , , , , , 8.6654423, -0.0095674, , , , , , , 8.6654423, -0.0095674, , , , , , , 8.6654423, 0.0186313, , , , , , , , , , , , , , , , , , , , , , , , , , , , 
8.6659615, 0.0090639, , , , , , , 8.6659615, -0.0072175, , , , , , , 8.6659615, -0.0070497, , , , , , , 8.6659615, 0.0229953, , , , , , , , , , , , , , , , , , , , , , , , , , , , 
8.6664808, 0.003357, , , , , , , 8.6664808, -0.0068818, , , , , , , 8.6664808, -0.005539, , , , , , , 8.6664808, 0.0293736, , , , , , , , , , , , , , , , , , , , , , , , , , , , 
8.667, -0.0018463, , , , , , , 8.667, -0.0075532, , , , , , , 8.667, -0.0068818, , , , , , , 8.667, 0.0340734, , , , , , , , , , , , , , , , , , , , , , , , , , , , 
8.6675192, -0.0078889, , , , , , , 8.6675192, -0.0085603, , , , , , , 8.6675192, -0.0063783, , , , , , , 8.6675192, 0.0365911, , , , , , , , , , , , , , , , , , , , , , , , , , , , 
8.6680385, -0.0112459, , , , , , , 8.6680385, -0.008896, , , , , , , 8.6680385, -0.0062104, , , , , , , 8.6680385, 0.0370947, , , , , , , , , , , , , , , , , , , , , , , , , , , , 
8.6685577, -0.0109102, , , , , , , 8.6685577, -0.0075532, , , , , , , 8.6685577, -0.0062104, , , , , , , 8.6685577, 0.0377661, , , , , , , , , , , , , , , , , , , , , , , , , , , , 
8.6690769, -0.0099031, , , , , , , 8.6690769, -0.0057069, , , , , , , 8.6690769, -0.0038605, , , , , , , 8.6690769, 0.0387732, , , , , , , , , , , , , , , , , , , , , , , , , , , , 
8.6695962, -0.0082246, , , , , , , 8.6695962, -0.0078889, , , , , , , 8.6695962, -0.002182, , , , , , , 8.6695962, 0.0374304, , , , , , , , , , , , , , , , , , , , , , , , , , , , 
8.6701154, -0.0048676, , , , , , , 8.6701154, -0.0097353, , , , , , , 8.6701154, -0.002182, , , , , , , 8.6701154, 0.0323949, , , , , , , , , , , , , , , , , , , , , , , , , , , , 
8.6706346, -0.002182, , , , , , , 8.6706346, -0.0075532, , , , , , , 8.6706346, -0.0031891, , , , , , , 8.6706346, 0.0280308, , , , , , , , , , , , , , , , , , , , , , , , , , , , 
8.6711538, 0.0011749, , , , , , , 8.6711538, -0.0057069, , , , , , , 8.6711538, -0.0045319, , , , , , , 8.6711538, 0.0238346, , , , , , , , , , , , , , , , , , , , , , , , , , , , 
8.6716731, 0.0063783, , , , , , , 8.6716731, -0.0068818, , , , , , , 8.6716731, -0.0063783, , , , , , , 8.6716731, 0.0186313, , , , , , , , , , , , , , , , , , , , , , , , , , , , 
8.6721923, 0.0085603, , , , , , , 8.6721923, -0.0072175, , , , , , , 8.6721923, -0.0075532, , , , , , , 8.6721923, 0.0152743, , , , , , , , , , , , , , , , , , , , , , , , , , , , 
8.6727115, 0.0129244, , , , , , , 8.6727115, -0.0058747, , , , , , , 8.6727115, -0.0092317, , , , , , , 8.6727115, 0.0139315, , , , , , , , , , , , , , , , , , , , , , , , , , , , 
8.6732308, 0.0203098, , , , , , , 8.6732308, -0.005539, , , , , , , 8.6732308, -0.0095674, , , , , , , 8.6732308, 0.0149386, , , , , , , , , , , , , , , , , , , , , , , , , , , , 
8.67375, 0.0270237, , , , , , , 8.67375, -0.0062104, , , , , , , 8.67375, -0.0082246, , , , , , , 8.67375, 0.0142672, , , , , , , , , , , , , , , , , , , , , , , , , , , , 
8.6742692, 0.0273594, , , , , , , 8.6742692, -0.0075532, , , , , , , 8.6742692, -0.0082246, , , , , , , 8.6742692, 0.012253, , , , , , , , , , , , , , , , , , , , , , , , , , , , 
8.6747885, 0.0260166, , , , , , , 8.6747885, -0.0072175, , , , , , , 8.6747885, -0.0082246, , , , , , , 8.6747885, 0.0092317, , , , , , , , , , , , , , , , , , , , , , , , , , , , 
8.6753077, 0.0191348, , , , , , , 8.6753077, -0.0075532, , , , , , , 8.6753077, -0.008896, , , , , , , 8.6753077, 0.0082246, , , , , , , , , , , , , , , , , , , , , , , , , , , , 
8.6758269, 0.012253, , , , , , , 8.6758269, -0.0062104, , , , , , , 8.6758269, -0.0105745, , , , , , , 8.6758269, 0.0115816, , , , , , , , , , , , , , , , , , , , , , , , , , , , 
8.6763462, 0.0119173, , , , , , , 8.6763462, -0.0048676, , , , , , , 8.6763462, -0.0102388, , , , , , , 8.6763462, 0.0142672, , , , , , , , , , , , , , , , , , , , , , , , , , , , 
8.6768654, 0.01561, , , , , , , 8.6768654, -0.0068818, , , , , , , 8.6768654, -0.0095674, , , , , , , 8.6768654, 0.0130922, , , , , , , , , , , , , , , , , , , , , , , , , , , , 
8.6773846, 0.0172885, , , , , , , 8.6773846, -0.0095674, , , , , , , 8.6773846, -0.0104067, , , , , , , 8.6773846, 0.0119173, , , , , , , , , , , , , , , , , , , , , , , , , , , , 
8.6779038, 0.0129244, , , , , , , 8.6779038, -0.0092317, , , , , , , 8.6779038, -0.0099031, , , , , , , 8.6779038, 0.0115816, , , , , , , , , , , , , , , , , , , , , , , , , , , , 
8.6784231, 0.0092317, , , , , , , 8.6784231, -0.0090639, , , , , , , 8.6784231, -0.0062104, , , , , , , 8.6784231, 0.012253, , , , , , , , , , , , , , , , , , , , , , , , , , , , 
8.6789423, 0.0105745, , , , , , , 8.6789423, -0.008896, , , , , , , 8.6789423, -0.005539, , , , , , , 8.6789423, 0.0109102, , , , , , , , , , , , , , , , , , , , , , , , , , , , 
8.6794615, 0.0142672, , , , , , , 8.6794615, -0.008896, , , , , , , 8.6794615, -0.0087282, , , , , , , 8.6794615, 0.0068818, , , , , , , , , , , , , , , , , , , , , , , , , , , , 
8.6799808, 0.0223239, , , , , , , 8.6799808, -0.0112459, , , , , , , 8.6799808, -0.0119173, , , , , , , 8.6799808, 0.0011749, , , , , , , , , , , , , , , , , , , , , , , , , , , , 
8.6805, 0.0297093, , , , , , , 8.6805, -0.0105745, , , , , , , 8.6805, -0.0117494, , , , , , , 8.6805, -0.0038605, , , , , , , , , , , , , , , , , , , , , , , , , , , , 
8.6810192, 0.0302129, , , , , , , 8.6810192, -0.0078889, , , , , , , 8.6810192, -0.0109102, , , , , , , 8.6810192, -0.005539, , , , , , , , , , , , , , , , , , , , , , , , , , , , 
8.6815385, 0.0303807, , , , , , , 8.6815385, -0.0075532, , , , , , , 8.6815385, -0.0114137, , , , , , , 8.6815385, -0.0043641, , , , , , , , , , , , , , , , , , , , , , , , , , , , 
8.6820577, 0.0372625, , , , , , , 8.6820577, -0.0085603, , , , , , , 8.6820577, -0.012253, , , , , , , 8.6820577, -0.0030213, , , , , , , , , , , , , , , , , , , , , , , , , , , , 
8.6825769, 0.040116, , , , , , , 8.6825769, -0.0095674, , , , , , , 8.6825769, -0.0109102, , , , , , , 8.6825769, -0.0040284, , , , , , , , , , , , , , , , , , , , , , , , , , , , 
8.6830962, 0.0330663, , , , , , , 8.6830962, -0.0075532, , , , , , , 8.6830962, -0.0097353, , , , , , , 8.6830962, -0.0015106, , , , , , , , , , , , , , , , , , , , , , , , , , , , 
8.6836154, 0.0253452, , , , , , , 8.6836154, -0.0072175, , , , , , , 8.6836154, -0.012253, , , , , , , 8.6836154, 0.0052033, , , , , , , , , , , , , , , , , , , , , , , , , , , , 
8.6841346, 0.0186313, , , , , , , 8.6841346, -0.0102388, , , , , , , 8.6841346, -0.0129244, , , , , , , 8.6841346, 0.0104067, , , , , , , , , , , , , , , , , , , , , , , , , , , , 
8.6846538, 0.0132601, , , , , , , 8.6846538, -0.012253, , , , , , , 8.6846538, -0.0102388, , , , , , , 8.6846538, 0.0125887, , , , , , , , , , , , , , , , , , , , , , , , , , , , 
8.6851731, 0.0082246, , , , , , , 8.6851731, -0.012253, , , , , , , 8.6851731, -0.0072175, , , , , , , 8.6851731, 0.0132601, , , , , , , , , , , , , , , , , , , , , , , , , , , , 
8.6856923, 0.0008392, , , , , , , 8.6856923, -0.0104067, , , , , , , 8.6856923, -0.0057069, , , , , , , 8.6856923, 0.0171206, , , , , , , , , , , , , , , , , , , , , , , , , , , , 
8.6862115, -0.0058747, , , , , , , 8.6862115, -0.008896, , , , , , , 8.6862115, -0.0048676, , , , , , , 8.6862115, 0.0253452, , , , , , , , , , , , , , , , , , , , , , , , , , , , 
8.6867308, -0.0062104, , , , , , , 8.6867308, -0.0075532, , , , , , , 8.6867308, -0.0035248, , , , , , , 8.6867308, 0.033402, , , , , , , , , , , , , , , , , , , , , , , , , , , , 
8.68725, -0.0015106, , , , , , , 8.68725, -0.0072175, , , , , , , 8.68725, -0.0043641, , , , , , , 8.68725, 0.0379339, , , , , , , , , , , , , , , , , , , , , , , , , , , , 
8.6877692, 0.0011749, , , , , , , 8.6877692, -0.0057069, , , , , , , 8.6877692, -0.0045319, , , , , , , 8.6877692, 0.0374304, , , , , , , , , , , , , , , , , , , , , , , , , , , , 
8.6882885, 0.0025177, , , , , , , 8.6882885, -0.0048676, , , , , , , 8.6882885, -0.0045319, , , , , , , 8.6882885, 0.0374304, , , , , , , , , , , , , , , , , , , , , , , , , , , , 
8.6888077, 0.0018463, , , , , , , 8.6888077, -0.0057069, , , , , , , 8.6888077, -0.0058747, , , , , , , 8.6888077, 0.0364233, , , , , , , , , , , , , , , , , , , , , , , , , , , , 
8.6893269, 0.0062104, , , , , , , 8.6893269, -0.0072175, , , , , , , 8.6893269, -0.0078889, , , , , , , 8.6893269, 0.0320592, , , , , , , , , , , , , , , , , , , , , , , , , , , , 
8.6898462, 0.0139315, , , , , , , 8.6898462, -0.0082246, , , , , , , 8.6898462, -0.0095674, , , , , , , 8.6898462, 0.0260166, , , , , , , , , , , , , , , , , , , , , , , , , , , , 
8.6903654, 0.0186313, , , , , , , 8.6903654, -0.0082246, , , , , , , 8.6903654, -0.008896, , , , , , , 8.6903654, 0.0199741, , , , , , , , , , , , , , , , , , , , , , , , , , , , 
8.6908846, 0.0146029, , , , , , , 8.6908846, -0.0085603, , , , , , , 8.6908846, -0.005539, , , , , , , 8.6908846, 0.0172885, , , , , , , , , , , , , , , , , , , , , , , , , , , , 
8.6914038, 0.0075532, , , , , , , 8.6914038, -0.0082246, , , , , , , 8.6914038, -0.0041962, , , , , , , 8.6914038, 0.0152743, , , , , , , , , , , , , , , , , , , , , , , , , , , , 
8.6919231, 0.0065461, , , , , , , 8.6919231, -0.0070497, , , , , , , 8.6919231, -0.0052033, , , , , , , 8.6919231, 0.0130922, , , , , , , , , , , , , , , , , , , , , , , , , , , , 
8.6924423, 0.011078, , , , , , , 8.6924423, -0.0075532, , , , , , , 8.6924423, -0.0065461, , , , , , , 8.6924423, 0.0099031, , , , , , , , , , , , , , , , , , , , , , , , , , , , 
8.6929615, 0.0182956, , , , , , , 8.6929615, -0.0068818, , , , , , , 8.6929615, -0.0057069, , , , , , , 8.6929615, 0.0078889, , , , , , , , , , , , , , , , , , , , , , , , , , , , 
8.6934808, 0.0253452, , , , , , , 8.6934808, -0.0068818, , , , , , , 8.6934808, -0.0048676, , , , , , , 8.6934808, 0.0085603, , , , , , , , , , , , , , , , , , , , , , , , , , , , 
8.694, 0.0253452, , , , , , , 8.694, -0.0068818, , , , , , , 8.694, -0.0048676, , , , , , , 8.694, 0.0082246, , , , , , , , , , , , , , , , , , , , , , , , , , , , 
8.6945192, 0.0240024, , , , , , , 8.6945192, -0.0075532, , , , , , , 8.6945192, -0.0077211, , , , , , , 8.6945192, 0.0045319, , , , , , , , , , , , , , , , , , , , , , , , , , , , 
8.6950385, 0.0253452, , , , , , , 8.6950385, -0.0082246, , , , , , , 8.6950385, -0.0092317, , , , , , , 8.6950385, 0.0015106, , , , , , , , , , , , , , , , , , , , , , , , , , , , 
8.6955577, 0.0260166, , , , , , , 8.6955577, -0.0082246, , , , , , , 8.6955577, -0.0075532, , , , , , , 8.6955577, -0.0001678, , , , , , , , , , , , , , , , , , , , , , , , , , , , 
8.6960769, 0.0229953, , , , , , , 8.6960769, -0.008896, , , , , , , 8.6960769, -0.0068818, , , , , , , 8.6960769, -0.0001678, , , , , , , , , , , , , , , , , , , , , , , , , , , , 
8.6965962, 0.0226596, , , , , , , 8.6965962, -0.0092317, , , , , , , 8.6965962, -0.0068818, , , , , , , 8.6965962, -0.0001678, , , , , , , , , , , , , , , , , , , , , , , , , , , , 
8.6971154, 0.023331, , , , , , , 8.6971154, -0.008896, , , , , , , 8.6971154, -0.0070497, , , , , , , 8.6971154, -0.0015106, , , , , , , , , , , , , , , , , , , , , , , , , , , , 
8.6976346, 0.0184634, , , , , , , 8.6976346, -0.0102388, , , , , , , 8.6976346, -0.0075532, , , , , , , 8.6976346, -0.0028534, , , , , , , , , , , , , , , , , , , , , , , , , , , , 
8.6981538, 0.0132601, , , , , , , 8.6981538, -0.0105745, , , , , , , 8.6981538, -0.0095674, , , , , , , 8.6981538, -0.0035248, , , , , , , , , , , , , , , , , , , , , , , , , , , , 
8.6986731, 0.0115816, , , , , , , 8.6986731, -0.0095674, , , , , , , 8.6986731, -0.0109102, , , , , , , 8.6986731, -0.0001678, , , , , , , , , , , , , , , , , , , , , , , , , , , , 
8.6991923, 0.0105745, , , , , , , 8.6991923, -0.0102388, , , , , , , 8.6991923, -0.0078889, , , , , , , 8.6991923, 0.0028534, , , , , , , , , , , , , , , , , , , , , , , , , , , , 
8.6997115, 0.0090639, , , , , , , 8.6997115, -0.0115816, , , , , , , 8.6997115, -0.0041962, , , , , , , 8.6997115, 0.0031891, , , , , , , , , , , , , , , , , , , , , , , , , , , , 
8.7002308, 0.012253, , , , , , , 8.7002308, -0.0102388, , , , , , , 8.7002308, -0.003357, , , , , , , 8.7002308, 0.0011749, , , , , , , , , , , , , , , , , , , , , , , , , , , , 
8.70075, 0.0169528, , , , , , , 8.70075, -0.0082246, , , , , , , 8.70075, -0.005539, , , , , , , 8.70075, 0.0008392, , , , , , , , , , , , , , , , , , , , , , , , , , , , 
8.7012692, 0.0218204, , , , , , , 8.7012692, -0.0075532, , , , , , , 8.7012692, -0.0065461, , , , , , , 8.7012692, -0.0001678, , , , , , , , , , , , , , , , , , , , , , , , , , , , 
8.7017885, 0.0293736, , , , , , , 8.7017885, -0.0065461, , , , , , , 8.7017885, -0.0082246, , , , , , , 8.7017885, -0.0028534, , , , , , , , , , , , , , , , , , , , , , , , , , , , 
8.7023077, 0.0292058, , , , , , , 8.7023077, -0.0068818, , , , , , , 8.7023077, -0.0102388, , , , , , , 8.7023077, -0.0048676, , , , , , , , , , , , , , , , , , , , , , , , , , , , 
8.7028269, 0.0236667, , , , , , , 8.7028269, -0.0090639, , , , , , , 8.7028269, -0.0109102, , , , , , , 8.7028269, -0.0018463, , , , , , , , , , , , , , , , , , , , , , , , , , , , 
8.7033462, 0.0182956, , , , , , , 8.7033462, -0.0115816, , , , , , , 8.7033462, -0.0109102, , , , , , , 8.7033462, 0.0045319, , , , , , , , , , , , , , , , , , , , , , , , , , , , 
8.7038654, 0.0151064, , , , , , , 8.7038654, -0.0125887, , , , , , , 8.7038654, -0.0119173, , , , , , , 8.7038654, 0.0095674, , , , , , , , , , , , , , , , , , , , , , , , , , , , 
8.7043846, 0.0139315, , , , , , , 8.7043846, -0.0124208, , , , , , , 8.7043846, -0.0130922, , , , , , , 8.7043846, 0.0119173, , , , , , , , , , , , , , , , , , , , , , , , , , , , 
8.7049038, 0.0099031, , , , , , , 8.7049038, -0.0095674, , , , , , , 8.7049038, -0.0142672, , , , , , , 8.7049038, 0.0119173, , , , , , , , , , , , , , , , , , , , , , , , , , , , 
8.7054231, 0.0038605, , , , , , , 8.7054231, -0.0075532, , , , , , , 8.7054231, -0.0139315, , , , , , , 8.7054231, 0.0137636, , , , , , , , , , , , , , , , , , , , , , , , , , , , 
8.7059423, 0.0041962, , , , , , , 8.7059423, -0.0075532, , , , , , , 8.7059423, -0.0109102, , , , , , , 8.7059423, 0.0179599, , , , , , , , , , , , , , , , , , , , , , , , , , , , 
8.7064615, 0.0058747, , , , , , , 8.7064615, -0.0075532, , , , , , , 8.7064615, -0.0078889, , , , , , , 8.7064615, 0.0234989, , , , , , , , , , , , , , , , , , , , , , , , , , , , 
8.7069808, -0.0001678, , , , , , , 8.7069808, -0.0072175, , , , , , , 8.7069808, -0.0058747, , , , , , , 8.7069808, 0.0283665, , , , , , , , , , , , , , , , , , , , , , , , , , , , 
8.7075, -0.0072175, , , , , , , 8.7075, -0.0078889, , , , , , , 8.7075, -0.0045319, , , , , , , 8.7075, 0.0317235, , , , , , , , , , , , , , , , , , , , , , , , , , , , 
8.7080192, -0.0109102, , , , , , , 8.7080192, -0.0070497, , , , , , , 8.7080192, -0.003357, , , , , , , 8.7080192, 0.0347448, , , , , , , , , , , , , , , , , , , , , , , , , , , , 
8.7085385, -0.0142672, , , , , , , 8.7085385, -0.0045319, , , , , , , 8.7085385, -0.0025177, , , , , , , 8.7085385, 0.0365911, , , , , , , , , , , , , , , , , , , , , , , , , , , , 
8.7090577, -0.0135958, , , , , , , 8.7090577, -0.0041962, , , , , , , 8.7090577, -0.0028534, , , , , , , 8.7090577, 0.0374304, , , , , , , , , , , , , , , , , , , , , , , , , , , , 
8.7095769, -0.0099031, , , , , , , 8.7095769, -0.0057069, , , , , , , 8.7095769, -0.0028534, , , , , , , 8.7095769, 0.0354162, , , , , , , , , , , , , , , , , , , , , , , , , , , , 
8.7100962, -0.0068818, , , , , , , 8.7100962, -0.0070497, , , , , , , 8.7100962, -0.0050355, , , , , , , 8.7100962, 0.0320592, , , , , , , , , , , , , , , , , , , , , , , , , , , , 
8.7106154, -0.0031891, , , , , , , 8.7106154, -0.0072175, , , , , , , 8.7106154, -0.0085603, , , , , , , 8.7106154, 0.0273594, , , , , , , , , , , , , , , , , , , , , , , , , , , , 
8.7111346, -0.0001678, , , , , , , 8.7111346, -0.0068818, , , , , , , 8.7111346, -0.0102388, , , , , , , 8.7111346, 0.0226596, , , , , , , , , , , , , , , , , , , , , , , , , , , , 
8.7116538, -0.0003357, , , , , , , 8.7116538, -0.005539, , , , , , , 8.7116538, -0.0099031, , , , , , , 8.7116538, 0.0182956, , , , , , , , , , , , , , , , , , , , , , , , , , , , 
8.7121731, 0.0008392, , , , , , , 8.7121731, -0.0062104, , , , , , , 8.7121731, -0.0095674, , , , , , , 8.7121731, 0.0146029, , , , , , , , , , , , , , , , , , , , , , , , , , , , 
8.7126923, 0.0052033, , , , , , , 8.7126923, -0.0065461, , , , , , , 8.7126923, -0.0095674, , , , , , , 8.7126923, 0.0119173, , , , , , , , , , , , , , , , , , , , , , , , , , , , 
8.7132115, 0.0085603, , , , , , , 8.7132115, -0.0057069, , , , , , , 8.7132115, -0.0109102, , , , , , , 8.7132115, 0.0092317, , , , , , , , , , , , , , , , , , , , , , , , , , , , 
8.7137308, 0.0099031, , , , , , , 8.7137308, -0.0045319, , , , , , , 8.7137308, -0.0112459, , , , , , , 8.7137308, 0.0065461, , , , , , , , , , , , , , , , , , , , , , , , , , , , 
8.71425, 0.0112459, , , , , , , 8.71425, -0.005539, , , , , , , 8.71425, -0.0104067, , , , , , , 8.71425, 0.0058747, , , , , , , , , , , , , , , , , , , , , , , , , , , , 
8.7147692, 0.0146029, , , , , , , 8.7147692, -0.005539, , , , , , , 8.7147692, -0.008896, , , , , , , 8.7147692, 0.0050355, , , , , , , , , , , , , , , , , , , , , , , , , , , , 
8.7152885, 0.0182956, , , , , , , 8.7152885, -0.005539, , , , , , , 8.7152885, -0.0092317, , , , , , , 8.7152885, 0.0031891, , , , , , , , , , , , , , , , , , , , , , , , , , , , 
8.7158077, 0.0179599, , , , , , , 8.7158077, -0.0058747, , , , , , , 8.7158077, -0.0112459, , , , , , , 8.7158077, 0.0038605, , , , , , , , , , , , , , , , , , , , , , , , , , , , 
8.7163269, 0.018967, , , , , , , 8.7163269, -0.0062104, , , , , , , 8.7163269, -0.0109102, , , , , , , 8.7163269, 0.0072175, , , , , , , , , , , , , , , , , , , , , , , , , , , , 
8.7168462, 0.023331, , , , , , , 8.7168462, -0.0048676, , , , , , , 8.7168462, -0.0085603, , , , , , , 8.7168462, 0.0085603, , , , , , , , , , , , , , , , , , , , , , , , , , , , 
8.7173654, 0.0276951, , , , , , , 8.7173654, -0.0050355, , , , , , , 8.7173654, -0.0075532, , , , , , , 8.7173654, 0.0075532, , , , , , , , , , , , , , , , , , , , , , , , , , , , 
8.7178846, 0.0287022, , , , , , , 8.7178846, -0.0052033, , , , , , , 8.7178846, -0.0058747, , , , , , , 8.7178846, 0.0072175, , , , , , , , , , , , , , , , , , , , , , , , , , , , 
8.7184038, 0.0280308, , , , , , , 8.7184038, -0.0065461, , , , , , , 8.7184038, -0.0068818, , , , , , , 8.7184038, 0.0062104, , , , , , , , , , , , , , , , , , , , , , , , , , , , 
8.7189231, 0.0276951, , , , , , , 8.7189231, -0.0065461, , , , , , , 8.7189231, -0.0072175, , , , , , , 8.7189231, 0.0043641, , , , , , , , , , , , , , , , , , , , , , , , , , , , 
8.7194423, 0.0236667, , , , , , , 8.7194423, -0.0058747, , , , , , , 8.7194423, -0.0075532, , , , , , , 8.7194423, 0.0018463, , , , , , , , , , , , , , , , , , , , , , , , , , , , 
8.7199615, 0.0213169, , , , , , , 8.7199615, -0.0072175, , , , , , , 8.7199615, -0.0078889, , , , , , , 8.7199615, -0.0038605, , , , , , , , , , , , , , , , , , , , , , , , , , , , 
8.7204808, 0.0256809, , , , , , , 8.7204808, -0.008896, , , , , , , 8.7204808, -0.0083925, , , , , , , 8.7204808, -0.0082246, , , , , , , , , , , , , , , , , , , , , , , , , , , , 
8.721, 0.0275273, , , , , , , 8.721, -0.008896, , , , , , , 8.721, -0.0095674, , , , , , , 8.721, -0.0085603, , , , , , , , , , , , , , , , , , , , , , , , , , , , 
8.7215192, 0.0246738, , , , , , , 8.7215192, -0.0090639, , , , , , , 8.7215192, -0.0102388, , , , , , , 8.7215192, -0.008896, , , , , , , , , , , , , , , , , , , , , , , , , , , , 
8.7220385, 0.023331, , , , , , , 8.7220385, -0.0095674, , , , , , , 8.7220385, -0.008896, , , , , , , 8.7220385, -0.0085603, , , , , , , , , , , , , , , , , , , , , , , , , , , , 
8.7225577, 0.0256809, , , , , , , 8.7225577, -0.0102388, , , , , , , 8.7225577, -0.0102388, , , , , , , 8.7225577, -0.0065461, , , , , , , , , , , , , , , , , , , , , , , , , , , , 
8.7230769, 0.0270237, , , , , , , 8.7230769, -0.0105745, , , , , , , 8.7230769, -0.0112459, , , , , , , 8.7230769, -0.0025177, , , , , , , , , , , , , , , , , , , , , , , , , , , , 
8.7235962, 0.0226596, , , , , , , 8.7235962, -0.008896, , , , , , , 8.7235962, -0.0090639, , , , , , , 8.7235962, 0.0045319, , , , , , , , , , , , , , , , , , , , , , , , , , , , 
8.7241154, 0.0172885, , , , , , , 8.7241154, -0.0082246, , , , , , , 8.7241154, -0.0063783, , , , , , , 8.7241154, 0.0085603, , , , , , , , , , , , , , , , , , , , , , , , , , , , 
8.7246346, 0.0132601, , , , , , , 8.7246346, -0.0102388, , , , , , , 8.7246346, -0.0058747, , , , , , , 8.7246346, 0.0099031, , , , , , , , , , , , , , , , , , , , , , , , , , , , 
8.7251538, 0.0087282, , , , , , , 8.7251538, -0.012253, , , , , , , 8.7251538, -0.0068818, , , , , , , 8.7251538, 0.0139315, , , , , , , , , , , , , , , , , , , , , , , , , , , , 
8.7256731, 0.0058747, , , , , , , 8.7256731, -0.0125887, , , , , , , 8.7256731, -0.0062104, , , , , , , 8.7256731, 0.0198062, , , , , , , , , , , , , , , , , , , , , , , , , , , , 
8.7261923, 0.0008392, , , , , , , 8.7261923, -0.0112459, , , , , , , 8.7261923, -0.0078889, , , , , , , 8.7261923, 0.0240024, , , , , , , , , , , , , , , , , , , , , , , , , , , , 
8.7267115, -0.0028534, , , , , , , 8.7267115, -0.011078, , , , , , , 8.7267115, -0.008896, , , , , , , 8.7267115, 0.0280308, , , , , , , , , , , , , , , , , , , , , , , , , , , , 
8.7272308, -0.0048676, , , , , , , 8.7272308, -0.0099031, , , , , , , 8.7272308, -0.0075532, , , , , , , 8.7272308, 0.0313878, , , , , , , , , , , , , , , , , , , , , , , , , , , , 
8.72775, -0.0082246, , , , , , , 8.72775, -0.0083925, , , , , , , 8.72775, -0.0062104, , , , , , , 8.72775, 0.0337377, , , , , , , , , , , , , , , , , , , , , , , , , , , , 
8.7282692, -0.0099031, , , , , , , 8.7282692, -0.0070497, , , , , , , 8.7282692, -0.0052033, , , , , , , 8.7282692, 0.0359197, , , , , , , , , , , , , , , , , , , , , , , , , , , , 
8.7287885, -0.0082246, , , , , , , 8.7287885, -0.0068818, , , , , , , 8.7287885, -0.0038605, , , , , , , 8.7287885, 0.0397803, , , , , , , , , , , , , , , , , , , , , , , , , , , , 
8.7293077, -0.0095674, , , , , , , 8.7293077, -0.0082246, , , , , , , 8.7293077, -0.0041962, , , , , , , 8.7293077, 0.040116, , , , , , , , , , , , , , , , , , , , , , , , , , , , 
8.7298269, -0.005539, , , , , , , 8.7298269, -0.0085603, , , , , , , 8.7298269, -0.005539, , , , , , , 8.7298269, 0.0364233, , , , , , , , , , , , , , , , , , , , , , , , , , , , 
8.7303462, 0.0052033, , , , , , , 8.7303462, -0.0075532, , , , , , , 8.7303462, -0.0068818, , , , , , , 8.7303462, 0.0307164, , , , , , , , , , , , , , , , , , , , , , , , , , , , 
8.7308654, 0.0152743, , , , , , , 8.7308654, -0.0060426, , , , , , , 8.7308654, -0.0072175, , , , , , , 8.7308654, 0.0250095, , , , , , , , , , , , , , , , , , , , , , , , , , , , 
8.7313846, 0.0179599, , , , , , , 8.7313846, -0.0065461, , , , , , , 8.7313846, -0.0062104, , , , , , , 8.7313846, 0.0219883, , , , , , , , , , , , , , , , , , , , , , , , , , , , 
8.7319038, 0.0172885, , , , , , , 8.7319038, -0.0068818, , , , , , , 8.7319038, -0.0045319, , , , , , , 8.7319038, 0.0203098, , , , , , , , , , , , , , , , , , , , , , , , , , , , 
8.7324231, 0.018967, , , , , , , 8.7324231, -0.0058747, , , , , , , 8.7324231, -0.0036927, , , , , , , 8.7324231, 0.0186313, , , , , , , , , , , , , , , , , , , , , , , , , , , , 
8.7329423, 0.0171206, , , , , , , 8.7329423, -0.0035248, , , , , , , 8.7329423, -0.0028534, , , , , , , 8.7329423, 0.017792, , , , , , , , , , , , , , , , , , , , , , , , , , , , 
8.7334615, 0.0159457, , , , , , , 8.7334615, -0.0031891, , , , , , , 8.7334615, -0.0043641, , , , , , , 8.7334615, 0.01561, , , , , , , , , , , , , , , , , , , , , , , , , , , , 
8.7339808, 0.0186313, , , , , , , 8.7339808, -0.0045319, , , , , , , 8.7339808, -0.0068818, , , , , , , 8.7339808, 0.0125887, , , , , , , , , , , , , , , , , , , , , , , , , , , , 
8.7345, 0.0199741, , , , , , , 8.7345, -0.0068818, , , , , , , 8.7345, -0.008896, , , , , , , 8.7345, 0.0112459, , , , , , , , , , , , , , , , , , , , , , , , , , , , 
8.7350192, 0.018967, , , , , , , 8.7350192, -0.0072175, , , , , , , 8.7350192, -0.0083925, , , , , , , 8.7350192, 0.0109102, , , , , , , , , , , , , , , , , , , , , , , , , , , , 
8.7355385, 0.0199741, , , , , , , 8.7355385, -0.0058747, , , , , , , 8.7355385, -0.0068818, , , , , , , 8.7355385, 0.0105745, , , , , , , , , , , , , , , , , , , , , , , , , , , , 
8.7360577, 0.0216526, , , , , , , 8.7360577, -0.0052033, , , , , , , 8.7360577, -0.0077211, , , , , , , 8.7360577, 0.0104067, , , , , , , , , , , , , , , , , , , , , , , , , , , , 
8.7365769, 0.0182956, , , , , , , 8.7365769, -0.0072175, , , , , , , 8.7365769, -0.0102388, , , , , , , 8.7365769, 0.0105745, , , , , , , , , , , , , , , , , , , , , , , , , , , , 
8.7370962, 0.0125887, , , , , , , 8.7370962, -0.0102388, , , , , , , 8.7370962, -0.0102388, , , , , , , 8.7370962, 0.011078, , , , , , , , , , , , , , , , , , , , , , , , , , , , 
8.7376154, 0.0125887, , , , , , , 8.7376154, -0.0112459, , , , , , , 8.7376154, -0.0095674, , , , , , , 8.7376154, 0.0129244, , , , , , , , , , , , , , , , , , , , , , , , , , , , 
8.7381346, 0.01561, , , , , , , 8.7381346, -0.0109102, , , , , , , 8.7381346, -0.0083925, , , , , , , 8.7381346, 0.0149386, , , , , , , , , , , , , , , , , , , , , , , , , , , , 
8.7386538, 0.0172885, , , , , , , 8.7386538, -0.011078, , , , , , , 8.7386538, -0.008896, , , , , , , 8.7386538, 0.0151064, , , , , , , , , , , , , , , , , , , , , , , , , , , , 
8.7391731, 0.0196384, , , , , , , 8.7391731, -0.0099031, , , , , , , 8.7391731, -0.0105745, , , , , , , 8.7391731, 0.0129244, , , , , , , , , , , , , , , , , , , , , , , , , , , , 
8.7396923, 0.0283665, , , , , , , 8.7396923, -0.0078889, , , , , , , 8.7396923, -0.0114137, , , , , , , 8.7396923, 0.0075532, , , , , , , , , , , , , , , , , , , , , , , , , , , , 
8.7402115, 0.0359197, , , , , , , 8.7402115, -0.0065461, , , , , , , 8.7402115, -0.0095674, , , , , , , 8.7402115, 0.0028534, , , , , , , , , , , , , , , , , , , , , , , , , , , , 
8.7407308, 0.0350805, , , , , , , 8.7407308, -0.0062104, , , , , , , 8.7407308, -0.0075532, , , , , , , 8.7407308, -0.0005035, , , , , , , , , , , , , , , , , , , , , , , , , , , , 
8.74125, 0.033402, , , , , , , 8.74125, -0.0070497, , , , , , , 8.74125, -0.008896, , , , , , , 8.74125, -0.0038605, , , , , , , , , , , , , , , , , , , , , , , , , , , , 
8.7417692, 0.0370947, , , , , , , 8.7417692, -0.0078889, , , , , , , 8.7417692, -0.0119173, , , , , , , 8.7417692, -0.005539, , , , , , , , , , , , , , , , , , , , , , , , , , , , 
8.7422885, 0.040116, , , , , , , 8.7422885, -0.0082246, , , , , , , 8.7422885, -0.0129244, , , , , , , 8.7422885, -0.0078889, , , , , , , , , , , , , , , , , , , , , , , , , , , , 
8.7428077, 0.0359197, , , , , , , 8.7428077, -0.0085603, , , , , , , 8.7428077, -0.0124208, , , , , , , 8.7428077, -0.0082246, , , , , , , , , , , , , , , , , , , , , , , , , , , , 
8.7433269, 0.0303807, , , , , , , 8.7433269, -0.0065461, , , , , , , 8.7433269, -0.0137636, , , , , , , 8.7433269, -0.0043641, , , , , , , , , , , , , , , , , , , , , , , , , , , , 
8.7438462, 0.0283665, , , , , , , 8.7438462, -0.0036927, , , , , , , 8.7438462, -0.0132601, , , , , , , 8.7438462, 0.0025177, , , , , , , , , , , , , , , , , , , , , , , , , , , , 
8.7443654, 0.0270237, , , , , , , 8.7443654, -0.0031891, , , , , , , 8.7443654, -0.0109102, , , , , , , 8.7443654, 0.0078889, , , , , , , , , , , , , , , , , , , , , , , , , , , , 
8.7448846, 0.0206455, , , , , , , 8.7448846, -0.0052033, , , , , , , 8.7448846, -0.0075532, , , , , , , 8.7448846, 0.0112459, , , , , , , , , , , , , , , , , , , , , , , , , , , , 
8.7454038, 0.0119173, , , , , , , 8.7454038, -0.0068818, , , , , , , 8.7454038, -0.005539, , , , , , , 8.7454038, 0.0162814, , , , , , , , , , , , , , , , , , , , , , , , , , , , 
8.7459231, 0.0065461, , , , , , , 8.7459231, -0.0060426, , , , , , , 8.7459231, -0.0058747, , , , , , , 8.7459231, 0.0226596, , , , , , , , , , , , , , , , , , , , , , , , , , , , 
8.7464423, 0.0052033, , , , , , , 8.7464423, -0.0062104, , , , , , , 8.7464423, -0.0070497, , , , , , , 8.7464423, 0.0293736, , , , , , , , , , , , , , , , , , , , , , , , , , , , 
8.7469615, 0.0031891, , , , , , , 8.7469615, -0.0082246, , , , , , , 8.7469615, -0.0075532, , , , , , , 8.7469615, 0.0347448, , , , , , , , , , , , , , , , , , , , , , , , , , , , 
8.7474808, 0.0015106, , , , , , , 8.7474808, -0.008896, , , , , , , 8.7474808, -0.0062104, , , , , , , 8.7474808, 0.0392767, , , , , , , , , , , , , , , , , , , , , , , , , , , , 
8.748, 0.0006714, , , , , , , 8.748, -0.0072175, , , , , , , 8.748, -0.0072175, , , , , , , 8.748, 0.0406195, , , , , , , , , , , , , , , , , , , , , , , , , , , , 
8.7485192, -0.002182, , , , , , , 8.7485192, -0.0065461, , , , , , , 8.7485192, -0.0075532, , , , , , , 8.7485192, 0.0387732, , , , , , , , , , , , , , , , , , , , , , , , , , , , 
8.7490385, -0.0078889, , , , , , , 8.7490385, -0.0068818, , , , , , , 8.7490385, -0.0052033, , , , , , , 8.7490385, 0.0372625, , , , , , , , , , , , , , , , , , , , , , , , , , , , 
8.7495577, -0.0095674, , , , , , , 8.7495577, -0.0062104, , , , , , , 8.7495577, -0.0041962, , , , , , , 8.7495577, 0.0357519, , , , , , , , , , , , , , , , , , , , , , , , , , , , 
8.7500769, -0.0058747, , , , , , , 8.7500769, -0.0057069, , , , , , , 8.7500769, -0.0041962, , , , , , , 8.7500769, 0.0287022, , , , , , , , , , , , , , , , , , , , , , , , , , , , 
8.7505962, -0.0011749, , , , , , , 8.7505962, -0.0075532, , , , , , , 8.7505962, -0.0035248, , , , , , , 8.7505962, 0.0216526, , , , , , , , , , , , , , , , , , , , , , , , , , , , 
8.7511154, 0.002182, , , , , , , 8.7511154, -0.0085603, , , , , , , 8.7511154, -0.0048676, , , , , , , 8.7511154, 0.0179599, , , , , , , , , , , , , , , , , , , , , , , , , , , , 
8.7516346, 0.0023499, , , , , , , 8.7516346, -0.0070497, , , , , , , 8.7516346, -0.0065461, , , , , , , 8.7516346, 0.0159457, , , , , , , , , , , , , , , , , , , , , , , , , , , , 
8.7521538, 0.0011749, , , , , , , 8.7521538, -0.0045319, , , , , , , 8.7521538, -0.0062104, , , , , , , 8.7521538, 0.011078, , , , , , , , , , , , , , , , , , , , , , , , , , , , 
8.7526731, 0.0030213, , , , , , , 8.7526731, -0.0035248, , , , , , , 8.7526731, -0.0058747, , , , , , , 8.7526731, 0.0031891, , , , , , , , , , , , , , , , , , , , , , , , , , , , 
8.7531923, 0.0078889, , , , , , , 8.7531923, -0.0050355, , , , , , , 8.7531923, -0.0058747, , , , , , , 8.7531923, -0.0008392, , , , , , , , , , , , , , , , , , , , , , , , , , , , 
8.7537115, 0.0119173, , , , , , , 8.7537115, -0.0075532, , , , , , , 8.7537115, -0.0048676, , , , , , , 8.7537115, 0.0016785, , , , , , , , , , , , , , , , , , , , , , , , , , , , 
8.7542308, 0.0112459, , , , , , , 8.7542308, -0.0082246, , , , , , , 8.7542308, -0.0062104, , , , , , , 8.7542308, 0.0057069, , , , , , , , , , , , , , , , , , , , , , , , , , , , 
8.75475, 0.0097353, , , , , , , 8.75475, -0.0075532, , , , , , , 8.75475, -0.0070497, , , , , , , 8.75475, 0.0058747, , , , , , , , , , , , , , , , , , , , , , , , , , , , 
8.7552692, 0.0125887, , , , , , , 8.7552692, -0.0072175, , , , , , , 8.7552692, -0.0058747, , , , , , , 8.7552692, 0.0058747, , , , , , , , , , , , , , , , , , , , , , , , , , , , 
8.7557885, 0.0182956, , , , , , , 8.7557885, -0.0068818, , , , , , , 8.7557885, -0.0052033, , , , , , , 8.7557885, 0.0058747, , , , , , , , , , , , , , , , , , , , , , , , , , , , 
8.7563077, 0.0132601, , , , , , , 8.7563077, -0.0057069, , , , , , , 8.7563077, -0.0072175, , , , , , , 8.7563077, 0.0043641, , , , , , , , , , , , , , , , , , , , , , , , , , , , 
8.7568269, 0.0062104, , , , , , , 8.7568269, -0.0058747, , , , , , , 8.7568269, -0.008896, , , , , , , 8.7568269, 0.0038605, , , , , , , , , , , , , , , , , , , , , , , , , , , , 
8.7573462, 0.0050355, , , , , , , 8.7573462, -0.0068818, , , , , , , 8.7573462, -0.0072175, , , , , , , 8.7573462, 0.0063783, , , , , , , , , , , , , , , , , , , , , , , , , , , , 
8.7578654, 0.0105745, , , , , , , 8.7578654, -0.008896, , , , , , , 8.7578654, -0.0062104, , , , , , , 8.7578654, 0.0097353, , , , , , , , , , , , , , , , , , , , , , , , , , , , 
8.7583846, 0.0171206, , , , , , , 8.7583846, -0.0099031, , , , , , , 8.7583846, -0.0058747, , , , , , , 8.7583846, 0.0092317, , , , , , , , , , , , , , , , , , , , , , , , , , , , 
8.7589038, 0.018967, , , , , , , 8.7589038, -0.0095674, , , , , , , 8.7589038, -0.0048676, , , , , , , 8.7589038, 0.0062104, , , , , , , , , , , , , , , , , , , , , , , , , , , , 
8.7594231, 0.0182956, , , , , , , 8.7594231, -0.0095674, , , , , , , 8.7594231, -0.005539, , , , , , , 8.7594231, 0.0035248, , , , , , , , , , , , , , , , , , , , , , , , , , , , 
8.7599423, 0.0179599, , , , , , , 8.7599423, -0.011078, , , , , , , 8.7599423, -0.0068818, , , , , , , 8.7599423, -0.0015106, , , , , , , , , , , , , , , , , , , , , , , , , , , , 
8.7604615, 0.0196384, , , , , , , 8.7604615, -0.0112459, , , , , , , 8.7604615, -0.0075532, , , , , , , 8.7604615, -0.0063783, , , , , , , , , , , , , , , , , , , , , , , , , , , , 
8.7609808, 0.0216526, , , , , , , 8.7609808, -0.0092317, , , , , , , 8.7609808, -0.0099031, , , , , , , 8.7609808, -0.0075532, , , , , , , , , , , , , , , , , , , , , , , , , , , , 
8.7615, 0.0253452, , , , , , , 8.7615, -0.0072175, , , , , , , 8.7615, -0.0099031, , , , , , , 8.7615, -0.0072175, , , , , , , , , , , , , , , , , , , , , , , , , , , , 
8.7620192, 0.0297093, , , , , , , 8.7620192, -0.0058747, , , , , , , 8.7620192, -0.008896, , , , , , , 8.7620192, -0.0082246, , , , , , , , , , , , , , , , , , , , , , , , , , , , 
8.7625385, 0.0354162, , , , , , , 8.7625385, -0.0041962, , , , , , , 8.7625385, -0.0109102, , , , , , , 8.7625385, -0.0085603, , , , , , , , , , , , , , , , , , , , , , , , , , , , 
8.7630577, 0.0354162, , , , , , , 8.7630577, -0.0041962, , , , , , , 8.7630577, -0.0125887, , , , , , , 8.7630577, -0.0072175, , , , , , , , , , , , , , , , , , , , , , , , , , , , 
8.7635769, 0.0307164, , , , , , , 8.7635769, -0.005539, , , , , , , 8.7635769, -0.0127565, , , , , , , 8.7635769, -0.0038605, , , , , , , , , , , , , , , , , , , , , , , , , , , , 
8.7640962, 0.0260166, , , , , , , 8.7640962, -0.0075532, , , , , , , 8.7640962, -0.0109102, , , , , , , 8.7640962, 0.0005035, , , , , , , , , , , , , , , , , , , , , , , , , , , , 
8.7646154, 0.0219883, , , , , , , 8.7646154, -0.0083925, , , , , , , 8.7646154, -0.0095674, , , , , , , 8.7646154, 0.0052033, , , , , , , , , , , , , , , , , , , , , , , , , , , , 
8.7651346, 0.0169528, , , , , , , 8.7651346, -0.0082246, , , , , , , 8.7651346, -0.0085603, , , , , , , 8.7651346, 0.0099031, , , , , , , , , , , , , , , , , , , , , , , , , , , , 
8.7656538, 0.008896, , , , , , , 8.7656538, -0.0075532, , , , , , , 8.7656538, -0.0072175, , , , , , , 8.7656538, 0.0152743, , , , , , , , , , , , , , , , , , , , , , , , , , , , 
8.7661731, 0.0018463, , , , , , , 8.7661731, -0.0065461, , , , , , , 8.7661731, -0.0065461, , , , , , , 8.7661731, 0.0216526, , , , , , , , , , , , , , , , , , , , , , , , , , , , 
8.7666923, 0.0011749, , , , , , , 8.7666923, -0.0082246, , , , , , , 8.7666923, -0.0058747, , , , , , , 8.7666923, 0.0260166, , , , , , , , , , , , , , , , , , , , , , , , , , , , 
8.7672115, 0.0008392, , , , , , , 8.7672115, -0.0102388, , , , , , , 8.7672115, -0.0058747, , , , , , , 8.7672115, 0.0297093, , , , , , , , , , , , , , , , , , , , , , , , , , , , 
8.7677308, -0.0045319, , , , , , , 8.7677308, -0.0109102, , , , , , , 8.7677308, -0.005539, , , , , , , 8.7677308, 0.0310521, , , , , , , , , , , , , , , , , , , , , , , , , , , , 
8.76825, -0.0095674, , , , , , , 8.76825, -0.0115816, , , , , , , 8.76825, -0.0058747, , , , , , , 8.76825, 0.0332341, , , , , , , , , , , , , , , , , , , , , , , , , , , , 
8.7687692, -0.0099031, , , , , , , 8.7687692, -0.012253, , , , , , , 8.7687692, -0.0062104, , , , , , , 8.7687692, 0.0354162, , , , , , , , , , , , , , , , , , , , , , , , , , , , 
8.7692885, -0.0041962, , , , , , , 8.7692885, -0.0139315, , , , , , , 8.7692885, -0.0041962, , , , , , , 8.7692885, 0.0344091, , , , , , , , , , , , , , , , , , , , , , , , , , , , 
8.7698077, -0.0016785, , , , , , , 8.7698077, -0.0146029, , , , , , , 8.7698077, -0.0016785, , , , , , , 8.7698077, 0.0313878, , , , , , , , , , , , , , , , , , , , , , , , , , , , 
8.7703269, 0.0001678, , , , , , , 8.7703269, -0.0135958, , , , , , , 8.7703269, -0.002182, , , , , , , 8.7703269, 0.0280308, , , , , , , , , , , , , , , , , , , , , , , , , , , , 
8.7708462, 0.0041962, , , , , , , 8.7708462, -0.0102388, , , , , , , 8.7708462, -0.0035248, , , , , , , 8.7708462, 0.0253452, , , , , , , , , , , , , , , , , , , , , , , , , , , , 
8.7713654, 0.0102388, , , , , , , 8.7713654, -0.0082246, , , , , , , 8.7713654, -0.0046998, , , , , , , 8.7713654, 0.024506, , , , , , , , , , , , , , , , , , , , , , , , , , , , 
8.7718846, 0.0142672, , , , , , , 8.7718846, -0.0068818, , , , , , , 8.7718846, -0.0045319, , , , , , , 8.7718846, 0.0229953, , , , , , , , , , , , , , , , , , , , , , , , , , , , 
8.7724038, 0.0135958, , , , , , , 8.7724038, -0.005539, , , , , , , 8.7724038, -0.0050355, , , , , , , 8.7724038, 0.0186313, , , , , , , , , , , , , , , , , , , , , , , , , , , , 
8.7729231, 0.0132601, , , , , , , 8.7729231, -0.0057069, , , , , , , 8.7729231, -0.0077211, , , , , , , 8.7729231, 0.0164492, , , , , , , , , , , , , , , , , , , , , , , , , , , , 
8.7734423, 0.0179599, , , , , , , 8.7734423, -0.0075532, , , , , , , 8.7734423, -0.0078889, , , , , , , 8.7734423, 0.0172885, , , , , , , , , , , , , , , , , , , , , , , , , , , , 
8.7739615, 0.0221561, , , , , , , 8.7739615, -0.0090639, , , , , , , 8.7739615, -0.0070497, , , , , , , 8.7739615, 0.017792, , , , , , , , , , , , , , , , , , , , , , , , , , , , 
8.7744808, 0.0218204, , , , , , , 8.7744808, -0.0102388, , , , , , , 8.7744808, -0.0068818, , , , , , , 8.7744808, 0.0142672, , , , , , , , , , , , , , , , , , , , , , , , , , , , 
8.775, 0.0206455, , , , , , , 8.775, -0.0082246, , , , , , , 8.775, -0.0075532, , , , , , , 8.775, 0.0095674, , , , , , , , , , , , , , , , , , , , , , , , , , , , 
8.7755192, 0.0213169, , , , , , , 8.7755192, -0.0068818, , , , , , , 8.7755192, -0.0090639, , , , , , , 8.7755192, 0.0038605, , , , , , , , , , , , , , , , , , , , , , , , , , , , 
8.7760385, 0.0229953, , , , , , , 8.7760385, -0.0095674, , , , , , , 8.7760385, -0.0085603, , , , , , , 8.7760385, 0.0018463, , , , , , , , , , , , , , , , , , , , , , , , , , , , 
8.7765577, 0.0243381, , , , , , , 8.7765577, -0.0119173, , , , , , , 8.7765577, -0.0085603, , , , , , , 8.7765577, 0.0031891, , , , , , , , , , , , , , , , , , , , , , , , , , , , 
8.7770769, 0.0219883, , , , , , , 8.7770769, -0.0112459, , , , , , , 8.7770769, -0.0105745, , , , , , , 8.7770769, 0.005539, , , , , , , , , , , , , , , , , , , , , , , , , , , , 
8.7775962, 0.0176242, , , , , , , 8.7775962, -0.0102388, , , , , , , 8.7775962, -0.0102388, , , , , , , 8.7775962, 0.0075532, , , , , , , , , , , , , , , , , , , , , , , , , , , , 
8.7781154, 0.0152743, , , , , , , 8.7781154, -0.0099031, , , , , , , 8.7781154, -0.008896, , , , , , , 8.7781154, 0.0065461, , , , , , , , , , , , , , , , , , , , , , , , , , , , 
8.7786346, 0.018967, , , , , , , 8.7786346, -0.0085603, , , , , , , 8.7786346, -0.0082246, , , , , , , 8.7786346, 0.0065461, , , , , , , , , , , , , , , , , , , , , , , , , , , , 
8.7791538, 0.0206455, , , , , , , 8.7791538, -0.0077211, , , , , , , 8.7791538, -0.0072175, , , , , , , 8.7791538, 0.0068818, , , , , , , , , , , , , , , , , , , , , , , , , , , , 
8.7796731, 0.0219883, , , , , , , 8.7796731, -0.008896, , , , , , , 8.7796731, -0.0078889, , , , , , , 8.7796731, 0.0045319, , , , , , , , , , , , , , , , , , , , , , , , , , , , 
8.7801923, 0.0297093, , , , , , , 8.7801923, -0.0082246, , , , , , , 8.7801923, -0.0102388, , , , , , , 8.7801923, 0.0006714, , , , , , , , , , , , , , , , , , , , , , , , , , , , 
8.7807115, 0.0352483, , , , , , , 8.7807115, -0.0082246, , , , , , , 8.7807115, -0.0112459, , , , , , , 8.7807115, -0.0018463, , , , , , , , , , , , , , , , , , , , , , , , , , , , 
8.7812308, 0.0370947, , , , , , , 8.7812308, -0.0082246, , , , , , , 8.7812308, -0.012253, , , , , , , 8.7812308, -0.002182, , , , , , , , , , , , , , , , , , , , , , , , , , , , 
8.78175, 0.0392767, , , , , , , 8.78175, -0.0092317, , , , , , , 8.78175, -0.0135958, , , , , , , 8.78175, -0.0028534, , , , , , , , , , , , , , , , , , , , , , , , , , , , 
8.7822692, 0.040116, , , , , , , 8.7822692, -0.0109102, , , , , , , 8.7822692, -0.0146029, , , , , , , 8.7822692, -0.0035248, , , , , , , , , , , , , , , , , , , , , , , , , , , , 
8.7827885, 0.0381018, , , , , , , 8.7827885, -0.0104067, , , , , , , 8.7827885, -0.0149386, , , , , , , 8.7827885, -0.0035248, , , , , , , , , , , , , , , , , , , , , , , , , , , , 
8.7833077, 0.0313878, , , , , , , 8.7833077, -0.0082246, , , , , , , 8.7833077, -0.0142672, , , , , , , 8.7833077, 0.0005035, , , , , , , , , , , , , , , , , , , , , , , , , , , , 
8.7838269, 0.026688, , , , , , , 8.7838269, -0.0072175, , , , , , , 8.7838269, -0.0130922, , , , , , , 8.7838269, 0.0060426, , , , , , , , , , , , , , , , , , , , , , , , , , , , 
8.7843462, 0.0213169, , , , , , , 8.7843462, -0.0082246, , , , , , , 8.7843462, -0.0115816, , , , , , , 8.7843462, 0.0092317, , , , , , , , , , , , , , , , , , , , , , , , , , , , 
8.7848654, 0.0146029, , , , , , , 8.7848654, -0.0072175, , , , , , , 8.7848654, -0.0070497, , , , , , , 8.7848654, 0.0119173, , , , , , , , , , , , , , , , , , , , , , , , , , , , 
8.7853846, 0.0105745, , , , , , , 8.7853846, -0.005539, , , , , , , 8.7853846, -0.0046998, , , , , , , 8.7853846, 0.0171206, , , , , , , , , , , , , , , , , , , , , , , , , , , , 
8.7859038, 0.0065461, , , , , , , 8.7859038, -0.0075532, , , , , , , 8.7859038, -0.0068818, , , , , , , 8.7859038, 0.023331, , , , , , , , , , , , , , , , , , , , , , , , , , , , 
8.7864231, -0.0001678, , , , , , , 8.7864231, -0.0085603, , , , , , , 8.7864231, -0.0082246, , , , , , , 8.7864231, 0.0280308, , , , , , , , , , , , , , , , , , , , , , , , , , , , 
8.7869423, -0.0057069, , , , , , , 8.7869423, -0.0082246, , , , , , , 8.7869423, -0.0082246, , , , , , , 8.7869423, 0.0320592, , , , , , , , , , , , , , , , , , , , , , , , , , , , 
8.7874615, -0.0075532, , , , , , , 8.7874615, -0.0072175, , , , , , , 8.7874615, -0.0068818, , , , , , , 8.7874615, 0.036759, , , , , , , , , , , , , , , , , , , , , , , , , , , , 
8.7879808, -0.0082246, , , , , , , 8.7879808, -0.0062104, , , , , , , 8.7879808, -0.0072175, , , , , , , 8.7879808, 0.0377661, , , , , , , , , , , , , , , , , , , , , , , , , , , , 
8.7885, -0.0092317, , , , , , , 8.7885, -0.0052033, , , , , , , 8.7885, -0.0062104, , , , , , , 8.7885, 0.0360876, , , , , , , , , , , , , , , , , , , , , , , , , , , , 
8.7890192, -0.0095674, , , , , , , 8.7890192, -0.0041962, , , , , , , 8.7890192, -0.0052033, , , , , , , 8.7890192, 0.0344091, , , , , , , , , , , , , , , , , , , , , , , , , , , , 
8.7895385, -0.008896, , , , , , , 8.7895385, -0.0045319, , , , , , , 8.7895385, -0.0065461, , , , , , , 8.7895385, 0.0303807, , , , , , , , , , , , , , , , , , , , , , , , , , , , 
8.7900577, -0.0046998, , , , , , , 8.7900577, -0.0068818, , , , , , , 8.7900577, -0.0082246, , , , , , , 8.7900577, 0.0246738, , , , , , , , , , , , , , , , , , , , , , , , , , , , 
8.7905769, 0.0018463, , , , , , , 8.7905769, -0.008896, , , , , , , 8.7905769, -0.0095674, , , , , , , 8.7905769, 0.0179599, , , , , , , , , , , , , , , , , , , , , , , , , , , , 
8.7910962, 0.0075532, , , , , , , 8.7910962, -0.0078889, , , , , , , 8.7910962, -0.0085603, , , , , , , 8.7910962, 0.0119173, , , , , , , , , , , , , , , , , , , , , , , , , , , , 
8.7916154, 0.011078, , , , , , , 8.7916154, -0.0075532, , , , , , , 8.7916154, -0.0065461, , , , , , , 8.7916154, 0.0112459, , , , , , , , , , , , , , , , , , , , , , , , , , , , 
8.7921346, 0.0068818, , , , , , , 8.7921346, -0.0082246, , , , , , , 8.7921346, -0.0077211, , , , , , , 8.7921346, 0.0115816, , , , , , , , , , , , , , , , , , , , , , , , , , , , 
8.7926538, 0.0015106, , , , , , , 8.7926538, -0.0085603, , , , , , , 8.7926538, -0.008896, , , , , , , 8.7926538, 0.0092317, , , , , , , , , , , , , , , , , , , , , , , , , , , , 
8.7931731, 0.0031891, , , , , , , 8.7931731, -0.0085603, , , , , , , 8.7931731, -0.0085603, , , , , , , 8.7931731, 0.0065461, , , , , , , , , , , , , , , , , , , , , , , , , , , , 
8.7936923, 0.0048676, , , , , , , 8.7936923, -0.0082246, , , , , , , 8.7936923, -0.0092317, , , , , , , 8.7936923, 0.0045319, , , , , , , , , , , , , , , , , , , , , , , , , , , , 
8.7942115, 0.0062104, , , , , , , 8.7942115, -0.0085603, , , , , , , 8.7942115, -0.0095674, , , , , , , 8.7942115, 0.0035248, , , , , , , , , , , , , , , , , , , , , , , , , , , , 
8.7947308, 0.0077211, , , , , , , 8.7947308, -0.0090639, , , , , , , 8.7947308, -0.008896, , , , , , , 8.7947308, 0.0043641, , , , , , , , , , , , , , , , , , , , , , , , , , , , 
8.79525, 0.0072175, , , , , , , 8.79525, -0.0095674, , , , , , , 8.79525, -0.010071, , , , , , , 8.79525, 0.0058747, , , , , , , , , , , , , , , , , , , , , , , , , , , , 
8.7957692, 0.0078889, , , , , , , 8.7957692, -0.0102388, , , , , , , 8.7957692, -0.0095674, , , , , , , 8.7957692, 0.0085603, , , , , , , , , , , , , , , , , , , , , , , , , , , , 
8.7962885, 0.0125887, , , , , , , 8.7962885, -0.0109102, , , , , , , 8.7962885, -0.0087282, , , , , , , 8.7962885, 0.0102388, , , , , , , , , , , , , , , , , , , , , , , , , , , , 
8.7968077, 0.0129244, , , , , , , 8.7968077, -0.0117494, , , , , , , 8.7968077, -0.0097353, , , , , , , 8.7968077, 0.011078, , , , , , , , , , , , , , , , , , , , , , , , , , , , 
8.7973269, 0.0105745, , , , , , , 8.7973269, -0.011078, , , , , , , 8.7973269, -0.0099031, , , , , , , 8.7973269, 0.0119173, , , , , , , , , , , , , , , , , , , , , , , , , , , , 
8.7978462, 0.0139315, , , , , , , 8.7978462, -0.0105745, , , , , , , 8.7978462, -0.0095674, , , , , , , 8.7978462, 0.0095674, , , , , , , , , , , , , , , , , , , , , , , , , , , , 
8.7983654, 0.0199741, , , , , , , 8.7983654, -0.0095674, , , , , , , 8.7983654, -0.0090639, , , , , , , 8.7983654, 0.0062104, , , , , , , , , , , , , , , , , , , , , , , , , , , , 
8.7988846, 0.0226596, , , , , , , 8.7988846, -0.0085603, , , , , , , 8.7988846, -0.0082246, , , , , , , 8.7988846, 0.0068818, , , , , , , , , , , , , , , , , , , , , , , , , , , , 
8.7994038, 0.0236667, , , , , , , 8.7994038, -0.0082246, , , , , , , 8.7994038, -0.0068818, , , , , , , 8.7994038, 0.0045319, , , , , , , , , , , , , , , , , , , , , , , , , , , , 
8.7999231, 0.027863, , , , , , , 8.7999231, -0.0063783, , , , , , , 8.7999231, -0.0083925, , , , , , , 8.7999231, -0.0031891, , , , , , , , , , , , , , , , , , , , , , , , , , , , 
8.8004423, 0.0313878, , , , , , , 8.8004423, -0.0052033, , , , , , , 8.8004423, -0.0109102, , , , , , , 8.8004423, -0.0085603, , , , , , , , , , , , , , , , , , , , , , , , , , , , 
8.8009615, 0.0310521, , , , , , , 8.8009615, -0.0052033, , , , , , , 8.8009615, -0.0125887, , , , , , , 8.8009615, -0.0109102, , , , , , , , , , , , , , , , , , , , , , , , , , , , 
8.8014808, 0.0327306, , , , , , , 8.8014808, -0.0041962, , , , , , , 8.8014808, -0.0124208, , , , , , , 8.8014808, -0.0099031, , , , , , , , , , , , , , , , , , , , , , , , , , , , 
8.802, 0.0365911, , , , , , , 8.802, -0.0041962, , , , , , , 8.802, -0.0104067, , , , , , , 8.802, -0.0068818, , , , , , , , , , , , , , , , , , , , , , , , , , , , 
8.8025192, 0.0381018, , , , , , , 8.8025192, -0.0052033, , , , , , , 8.8025192, -0.008896, , , , , , , 8.8025192, -0.0041962, , , , , , , , , , , , , , , , , , , , , , , , , , , , 
8.8030385, 0.0320592, , , , , , , 8.8030385, -0.0048676, , , , , , , 8.8030385, -0.0075532, , , , , , , 8.8030385, -0.0023499, , , , , , , , , , , , , , , , , , , , , , , , , , , , 
8.8035577, 0.0226596, , , , , , , 8.8035577, -0.0050355, , , , , , , 8.8035577, -0.0065461, , , , , , , 8.8035577, 0.0038605, , , , , , , , , , , , , , , , , , , , , , , , , , , , 
8.8040769, 0.0182956, , , , , , , 8.8040769, -0.0068818, , , , , , , 8.8040769, -0.0048676, , , , , , , 8.8040769, 0.0129244, , , , , , , , , , , , , , , , , , , , , , , , , , , , 
8.8045962, 0.0184634, , , , , , , 8.8045962, -0.0068818, , , , , , , 8.8045962, -0.0048676, , , , , , , 8.8045962, 0.0166171, , , , , , , , , , , , , , , , , , , , , , , , , , , , 
8.8051154, 0.0140993, , , , , , , 8.8051154, -0.0068818, , , , , , , 8.8051154, -0.0062104, , , , , , , 8.8051154, 0.0193027, , , , , , , , , , , , , , , , , , , , , , , , , , , , 
8.8056346, 0.0078889, , , , , , , 8.8056346, -0.0082246, , , , , , , 8.8056346, -0.0075532, , , , , , , 8.8056346, 0.0256809, , , , , , , , , , , , , , , , , , , , , , , , , , , , 
8.8061538, -0.0001678, , , , , , , 8.8061538, -0.0099031, , , , , , , 8.8061538, -0.0072175, , , , , , , 8.8061538, 0.030045, , , , , , , , , , , , , , , , , , , , , , , , , , , , 
8.8066731, -0.0063783, , , , , , , 8.8066731, -0.0099031, , , , , , , 8.8066731, -0.0058747, , , , , , , 8.8066731, 0.0323949, , , , , , , , , , , , , , , , , , , , , , , , , , , , 
8.8071923, -0.0058747, , , , , , , 8.8071923, -0.0082246, , , , , , , 8.8071923, -0.0048676, , , , , , , 8.8071923, 0.0347448, , , , , , , , , , , , , , , , , , , , , , , , , , , , 
8.8077115, -0.0018463, , , , , , , 8.8077115, -0.0072175, , , , , , , 8.8077115, -0.0050355, , , , , , , 8.8077115, 0.0386053, , , , , , , , , , , , , , , , , , , , , , , , , , , , 
8.8082308, -0.0015106, , , , , , , 8.8082308, -0.0043641, , , , , , , 8.8082308, -0.0045319, , , , , , , 8.8082308, 0.0431373, , , , , , , , , , , , , , , , , , , , , , , , , , , , 
8.80875, -0.0025177, , , , , , , 8.80875, -0.0035248, , , , , , , 8.80875, -0.005539, , , , , , , 8.80875, 0.0454871, , , , , , , , , , , , , , , , , , , , , , , , , , , , 
8.8092692, -0.0015106, , , , , , , 8.8092692, -0.0041962, , , , , , , 8.8092692, -0.0075532, , , , , , , 8.8092692, 0.0454871, , , , , , , , , , , , , , , , , , , , , , , , , , , , 
8.8097885, 0.0038605, , , , , , , 8.8097885, -0.0052033, , , , , , , 8.8097885, -0.0070497, , , , , , , 8.8097885, 0.0407874, , , , , , , , , , , , , , , , , , , , , , , , , , , , 
8.8103077, 0.0065461, , , , , , , 8.8103077, -0.0072175, , , , , , , 8.8103077, -0.0048676, , , , , , , 8.8103077, 0.0318914, , , , , , , , , , , , , , , , , , , , , , , , , , , , 
8.8108269, 0.0085603, , , , , , , 8.8108269, -0.008896, , , , , , , 8.8108269, -0.0043641, , , , , , , 8.8108269, 0.0263523, , , , , , , , , , , , , , , , , , , , , , , , , , , , 
8.8113462, 0.010071, , , , , , , 8.8113462, -0.008896, , , , , , , 8.8113462, -0.0048676, , , , , , , 8.8113462, 0.0258488, , , , , , , , , , , , , , , , , , , , , , , , , , , , 
8.8118654, 0.0182956, , , , , , , 8.8118654, -0.0112459, , , , , , , 8.8118654, -0.005539, , , , , , , 8.8118654, 0.0213169, , , , , , , , , , , , , , , , , , , , , , , , , , , , 
8.8123846, 0.0250095, , , , , , , 8.8123846, -0.0137636, , , , , , , 8.8123846, -0.005539, , , , , , , 8.8123846, 0.0142672, , , , , , , , , , , , , , , , , , , , , , , , , , , , 
8.8129038, 0.0243381, , , , , , , 8.8129038, -0.0130922, , , , , , , 8.8129038, -0.0048676, , , , , , , 8.8129038, 0.0095674, , , , , , , , , , , , , , , , , , , , , , , , , , , , 
8.8134231, 0.0191348, , , , , , , 8.8134231, -0.0097353, , , , , , , 8.8134231, -0.0052033, , , , , , , 8.8134231, 0.0078889, , , , , , , , , , , , , , , , , , , , , , , , , , , , 
8.8139423, 0.0166171, , , , , , , 8.8139423, -0.0078889, , , , , , , 8.8139423, -0.0068818, , , , , , , 8.8139423, 0.0062104, , , , , , , , , , , , , , , , , , , , , , , , , , , , 
8.8144615, 0.0184634, , , , , , , 8.8144615, -0.0075532, , , , , , , 8.8144615, -0.0083925, , , , , , , 8.8144615, 0.0075532, , , , , , , , , , , , , , , , , , , , , , , , , , , , 
8.8149808, 0.0226596, , , , , , , 8.8149808, -0.0070497, , , , , , , 8.8149808, -0.0090639, , , , , , , 8.8149808, 0.0095674, , , , , , , , , , , , , , , , , , , , , , , , , , , , 
8.8155, 0.0263523, , , , , , , 8.8155, -0.0058747, , , , , , , 8.8155, -0.0095674, , , , , , , 8.8155, 0.0105745, , , , , , , , , , , , , , , , , , , , , , , , , , , , 
8.8160192, 0.0243381, , , , , , , 8.8160192, -0.0048676, , , , , , , 8.8160192, -0.0109102, , , , , , , 8.8160192, 0.0085603, , , , , , , , , , , , , , , , , , , , , , , , , , , , 
8.8165385, 0.0206455, , , , , , , 8.8165385, -0.0048676, , , , , , , 8.8165385, -0.0119173, , , , , , , 8.8165385, 0.0058747, , , , , , , , , , , , , , , , , , , , , , , , , , , , 
8.8170577, 0.0166171, , , , , , , 8.8170577, -0.005539, , , , , , , 8.8170577, -0.0105745, , , , , , , 8.8170577, 0.0045319, , , , , , , , , , , , , , , , , , , , , , , , , , , , 
8.8175769, 0.0146029, , , , , , , 8.8175769, -0.0065461, , , , , , , 8.8175769, -0.0082246, , , , , , , 8.8175769, 0.0038605, , , , , , , , , , , , , , , , , , , , , , , , , , , , 
8.8180962, 0.0135958, , , , , , , 8.8180962, -0.0062104, , , , , , , 8.8180962, -0.0082246, , , , , , , 8.8180962, 0.0028534, , , , , , , , , , , , , , , , , , , , , , , , , , , , 
8.8186154, 0.0135958, , , , , , , 8.8186154, -0.0048676, , , , , , , 8.8186154, -0.0082246, , , , , , , 8.8186154, 0.0041962, , , , , , , , , , , , , , , , , , , , , , , , , , , , 
8.8191346, 0.0142672, , , , , , , 8.8191346, -0.0038605, , , , , , , 8.8191346, -0.0078889, , , , , , , 8.8191346, 0.0041962, , , , , , , , , , , , , , , , , , , , , , , , , , , , 
8.8196538, 0.0203098, , , , , , , 8.8196538, -0.0043641, , , , , , , 8.8196538, -0.0075532, , , , , , , 8.8196538, -0.0015106, , , , , , , , , , , , , , , , , , , , , , , , , , , , 
8.8201731, 0.0260166, , , , , , , 8.8201731, -0.005539, , , , , , , 8.8201731, -0.0068818, , , , , , , 8.8201731, -0.0085603, , , , , , , , , , , , , , , , , , , , , , , , , , , , 
8.8206923, 0.0219883, , , , , , , 8.8206923, -0.0062104, , , , , , , 8.8206923, -0.0095674, , , , , , , 8.8206923, -0.0099031, , , , , , , , , , , , , , , , , , , , , , , , , , , , 
8.8212115, 0.0172885, , , , , , , 8.8212115, -0.005539, , , , , , , 8.8212115, -0.0115816, , , , , , , 8.8212115, -0.0087282, , , , , , , , , , , , , , , , , , , , , , , , , , , , 
8.8217308, 0.0199741, , , , , , , 8.8217308, -0.0035248, , , , , , , 8.8217308, -0.0115816, , , , , , , 8.8217308, -0.0077211, , , , , , , , , , , , , , , , , , , , , , , , , , , , 
8.82225, 0.0216526, , , , , , , 8.82225, -0.0041962, , , , , , , 8.82225, -0.0102388, , , , , , , 8.82225, -0.0068818, , , , , , , , , , , , , , , , , , , , , , , , , , , , 
8.8227692, 0.0229953, , , , , , , 8.8227692, -0.0048676, , , , , , , 8.8227692, -0.0085603, , , , , , , 8.8227692, -0.0025177, , , , , , , , , , , , , , , , , , , , , , , , , , , , 
8.8232885, 0.023331, , , , , , , 8.8232885, -0.0038605, , , , , , , 8.8232885, -0.005539, , , , , , , 8.8232885, 0.0025177, , , , , , , , , , , , , , , , , , , , , , , , , , , , 
8.8238077, 0.0179599, , , , , , , 8.8238077, -0.0028534, , , , , , , 8.8238077, -0.005539, , , , , , , 8.8238077, 0.0063783, , , , , , , , , , , , , , , , , , , , , , , , , , , , 
8.8243269, 0.0109102, , , , , , , 8.8243269, -0.005539, , , , , , , 8.8243269, -0.0090639, , , , , , , 8.8243269, 0.0072175, , , , , , , , , , , , , , , , , , , , , , , , , , , , 
8.8248462, 0.0048676, , , , , , , 8.8248462, -0.0082246, , , , , , , 8.8248462, -0.0104067, , , , , , , 8.8248462, 0.0078889, , , , , , , , , , , , , , , , , , , , , , , , , , , , 
8.8253654, 0.0031891, , , , , , , 8.8253654, -0.008896, , , , , , , 8.8253654, -0.0099031, , , , , , , 8.8253654, 0.0112459, , , , , , , , , , , , , , , , , , , , , , , , , , , , 
8.8258846, 0.0025177, , , , , , , 8.8258846, -0.0082246, , , , , , , 8.8258846, -0.0082246, , , , , , , 8.8258846, 0.0159457, , , , , , , , , , , , , , , , , , , , , , , , , , , , 
8.8264038, -0.0008392, , , , , , , 8.8264038, -0.008896, , , , , , , 8.8264038, -0.0053712, , , , , , , 8.8264038, 0.0226596, , , , , , , , , , , , , , , , , , , , , , , , , , , , 
8.8269231, -0.0048676, , , , , , , 8.8269231, -0.0092317, , , , , , , 8.8269231, -0.0028534, , , , , , , 8.8269231, 0.0302129, , , , , , , , , , , , , , , , , , , , , , , , , , , , 
8.8274423, -0.0062104, , , , , , , 8.8274423, -0.0095674, , , , , , , 8.8274423, -0.0048676, , , , , , , 8.8274423, 0.0354162, , , , , , , , , , , , , , , , , , , , , , , , , , , , 
8.8279615, -0.005539, , , , , , , 8.8279615, -0.008896, , , , , , , 8.8279615, -0.0057069, , , , , , , 8.8279615, 0.0381018, , , , , , , , , , , , , , , , , , , , , , , , , , , , 
8.8284808, -0.0052033, , , , , , , 8.8284808, -0.0095674, , , , , , , 8.8284808, -0.0025177, , , , , , , 8.8284808, 0.0397803, , , , , , , , , , , , , , , , , , , , , , , , , , , , 
8.829, -0.0068818, , , , , , , 8.829, -0.008896, , , , , , , 8.829, -0.0008392, , , , , , , 8.829, 0.0387732, , , , , , , , , , , , , , , , , , , , , , , , , , , , 
8.8295192, -0.0057069, , , , , , , 8.8295192, -0.0082246, , , , , , , 8.8295192, -0.0031891, , , , , , , 8.8295192, 0.0345769, , , , , , , , , , , , , , , , , , , , , , , , , , , , 
8.8300385, -0.0035248, , , , , , , 8.8300385, -0.008896, , , , , , , 8.8300385, -0.0048676, , , , , , , 8.8300385, 0.0297093, , , , , , , , , , , , , , , , , , , , , , , , , , , , 
8.8305577, -0.0005035, , , , , , , 8.8305577, -0.0083925, , , , , , , 8.8305577, -0.0045319, , , , , , , 8.8305577, 0.0253452, , , , , , , , , , , , , , , , , , , , , , , , , , , , 
8.8310769, 0.0028534, , , , , , , 8.8310769, -0.0062104, , , , , , , 8.8310769, -0.0038605, , , , , , , 8.8310769, 0.0221561, , , , , , , , , , , , , , , , , , , , , , , , , , , , 
8.8315962, 0.0068818, , , , , , , 8.8315962, -0.0045319, , , , , , , 8.8315962, -0.0036927, , , , , , , 8.8315962, 0.0203098, , , , , , , , , , , , , , , , , , , , , , , , , , , , 
8.8321154, 0.0142672, , , , , , , 8.8321154, -0.0057069, , , , , , , 8.8321154, -0.0041962, , , , , , , 8.8321154, 0.0206455, , , , , , , , , , , , , , , , , , , , , , , , , , , , 
8.8326346, 0.018967, , , , , , , 8.8326346, -0.0068818, , , , , , , 8.8326346, -0.0058747, , , , , , , 8.8326346, 0.0203098, , , , , , , , , , , , , , , , , , , , , , , , , , , , 
8.8331538, 0.0199741, , , , , , , 8.8331538, -0.0077211, , , , , , , 8.8331538, -0.0075532, , , , , , , 8.8331538, 0.0179599, , , , , , , , , , , , , , , , , , , , , , , , , , , , 
8.8336731, 0.0206455, , , , , , , 8.8336731, -0.0083925, , , , , , , 8.8336731, -0.008896, , , , , , , 8.8336731, 0.01561, , , , , , , , , , , , , , , , , , , , , , , , , , , , 
8.8341923, 0.0157778, , , , , , , 8.8341923, -0.0095674, , , , , , , 8.8341923, -0.0083925, , , , , , , 8.8341923, 0.0125887, , , , , , , , , , , , , , , , , , , , , , , , , , , , 
8.8347115, 0.0140993, , , , , , , 8.8347115, -0.008896, , , , , , , 8.8347115, -0.0082246, , , , , , , 8.8347115, 0.0092317, , , , , , , , , , , , , , , , , , , , , , , , , , , , 
8.8352308, 0.0186313, , , , , , , 8.8352308, -0.0068818, , , , , , , 8.8352308, -0.008896, , , , , , , 8.8352308, 0.0085603, , , , , , , , , , , , , , , , , , , , , , , , , , , , 
8.83575, 0.0243381, , , , , , , 8.83575, -0.0062104, , , , , , , 8.83575, -0.0058747, , , , , , , 8.83575, 0.0085603, , , , , , , , , , , , , , , , , , , , , , , , , , , , 
8.8362692, 0.0270237, , , , , , , 8.8362692, -0.0082246, , , , , , , 8.8362692, -0.0038605, , , , , , , 8.8362692, 0.0095674, , , , , , , , , , , , , , , , , , , , , , , , , , , , 
8.8367885, 0.0273594, , , , , , , 8.8367885, -0.008896, , , , , , , 8.8367885, -0.0052033, , , , , , , 8.8367885, 0.0092317, , , , , , , , , , , , , , , , , , , , , , , , , , , , 
8.8373077, 0.0204776, , , , , , , 8.8373077, -0.0078889, , , , , , , 8.8373077, -0.0063783, , , , , , , 8.8373077, 0.0073854, , , , , , , , , , , , , , , , , , , , , , , , , , , , 
8.8378269, 0.0159457, , , , , , , 8.8378269, -0.0075532, , , , , , , 8.8378269, -0.0082246, , , , , , , 8.8378269, 0.0052033, , , , , , , , , , , , , , , , , , , , , , , , , , , , 
8.8383462, 0.0146029, , , , , , , 8.8383462, -0.008896, , , , , , , 8.8383462, -0.0109102, , , , , , , 8.8383462, 0.003357, , , , , , , , , , , , , , , , , , , , , , , , , , , , 
8.8388654, 0.0152743, , , , , , , 8.8388654, -0.0109102, , , , , , , 8.8388654, -0.011078, , , , , , , 8.8388654, 0.0008392, , , , , , , , , , , , , , , , , , , , , , , , , , , , 
8.8393846, 0.0171206, , , , , , , 8.8393846, -0.0099031, , , , , , , 8.8393846, -0.0082246, , , , , , , 8.8393846, -0.0018463, , , , , , , , , , , , , , , , , , , , , , , , , , , , 
8.8399038, 0.0209812, , , , , , , 8.8399038, -0.008896, , , , , , , 8.8399038, -0.0082246, , , , , , , 8.8399038, -0.0068818, , , , , , , , , , , , , , , , , , , , , , , , , , , , 
8.8404231, 0.0243381, , , , , , , 8.8404231, -0.0078889, , , , , , , 8.8404231, -0.012253, , , , , , , 8.8404231, -0.0099031, , , , , , , , , , , , , , , , , , , , , , , , , , , , 
8.8409423, 0.0270237, , , , , , , 8.8409423, -0.0085603, , , , , , , 8.8409423, -0.0115816, , , , , , , 8.8409423, -0.0115816, , , , , , , , , , , , , , , , , , , , , , , , , , , , 
8.8414615, 0.0313878, , , , , , , 8.8414615, -0.0095674, , , , , , , 8.8414615, -0.0109102, , , , , , , 8.8414615, -0.012253, , , , , , , , , , , , , , , , , , , , , , , , , , , , 
8.8419808, 0.033402, , , , , , , 8.8419808, -0.0092317, , , , , , , 8.8419808, -0.0112459, , , , , , , 8.8419808, -0.012253, , , , , , , , , , , , , , , , , , , , , , , , , , , , 
8.8425, 0.030045, , , , , , , 8.8425, -0.0095674, , , , , , , 8.8425, -0.0102388, , , , , , , 8.8425, -0.0119173, , , , , , , , , , , , , , , , , , , , , , , , , , , , 
8.8430192, 0.023331, , , , , , , 8.8430192, -0.0097353, , , , , , , 8.8430192, -0.008896, , , , , , , 8.8430192, -0.0085603, , , , , , , , , , , , , , , , , , , , , , , , , , , , 
8.8435385, 0.0172885, , , , , , , 8.8435385, -0.0095674, , , , , , , 8.8435385, -0.008896, , , , , , , 8.8435385, -0.0030213, , , , , , , , , , , , , , , , , , , , , , , , , , , , 
8.8440577, 0.0124208, , , , , , , 8.8440577, -0.0075532, , , , , , , 8.8440577, -0.0092317, , , , , , , 8.8440577, 0.0018463, , , , , , , , , , , , , , , , , , , , , , , , , , , , 
8.8445769, 0.0065461, , , , , , , 8.8445769, -0.0058747, , , , , , , 8.8445769, -0.008896, , , , , , , 8.8445769, 0.0038605, , , , , , , , , , , , , , , , , , , , , , , , , , , , 
8.8450962, -0.0016785, , , , , , , 8.8450962, -0.0075532, , , , , , , 8.8450962, -0.0072175, , , , , , , 8.8450962, 0.0041962, , , , , , , , , , , , , , , , , , , , , , , , , , , , 
8.8456154, -0.0070497, , , , , , , 8.8456154, -0.0105745, , , , , , , 8.8456154, -0.0068818, , , , , , , 8.8456154, 0.008896, , , , , , , , , , , , , , , , , , , , , , , , , , , , 
8.8461346, -0.0068818, , , , , , , 8.8461346, -0.0112459, , , , , , , 8.8461346, -0.0058747, , , , , , , 8.8461346, 0.0162814, , , , , , , , , , , , , , , , , , , , , , , , , , , , 
8.8466538, -0.0045319, , , , , , , 8.8466538, -0.0105745, , , , , , , 8.8466538, -0.0041962, , , , , , , 8.8466538, 0.0229953, , , , , , , , , , , , , , , , , , , , , , , , , , , , 
8.8471731, -0.0082246, , , , , , , 8.8471731, -0.0085603, , , , , , , 8.8471731, -0.0031891, , , , , , , 8.8471731, 0.0280308, , , , , , , , , , , , , , , , , , , , , , , , , , , , 
8.8476923, -0.0095674, , , , , , , 8.8476923, -0.0068818, , , , , , , 8.8476923, -0.0035248, , , , , , , 8.8476923, 0.0303807, , , , , , , , , , , , , , , , , , , , , , , , , , , , 
8.8482115, -0.0048676, , , , , , , 8.8482115, -0.0090639, , , , , , , 8.8482115, -0.0045319, , , , , , , 8.8482115, 0.0337377, , , , , , , , , , , , , , , , , , , , , , , , , , , , 
8.8487308, -0.0008392, , , , , , , 8.8487308, -0.0097353, , , , , , , 8.8487308, -0.0062104, , , , , , , 8.8487308, 0.0364233, , , , , , , , , , , , , , , , , , , , , , , , , , , , 
8.84925, -0.0008392, , , , , , , 8.84925, -0.008896, , , , , , , 8.84925, -0.0070497, , , , , , , 8.84925, 0.0347448, , , , , , , , , , , , , , , , , , , , , , , , , , , , 
8.8497692, 0.0008392, , , , , , , 8.8497692, -0.0075532, , , , , , , 8.8497692, -0.0063783, , , , , , , 8.8497692, 0.0297093, , , , , , , , , , , , , , , , , , , , , , , , , , , , 
8.8502885, 0.008896, , , , , , , 8.8502885, -0.005539, , , , , , , 8.8502885, -0.0041962, , , , , , , 8.8502885, 0.0236667, , , , , , , , , , , , , , , , , , , , , , , , , , , , 
8.8508077, 0.0099031, , , , , , , 8.8508077, -0.0063783, , , , , , , 8.8508077, -0.0025177, , , , , , , 8.8508077, 0.0186313, , , , , , , , , , , , , , , , , , , , , , , , , , , , 
8.8513269, 0.0085603, , , , , , , 8.8513269, -0.0075532, , , , , , , 8.8513269, -0.002182, , , , , , , 8.8513269, 0.0166171, , , , , , , , , , , , , , , , , , , , , , , , , , , , 
8.8518462, 0.0097353, , , , , , , 8.8518462, -0.0078889, , , , , , , 8.8518462, -0.0043641, , , , , , , 8.8518462, 0.0182956, , , , , , , , , , , , , , , , , , , , , , , , , , , , 
8.8523654, 0.0137636, , , , , , , 8.8523654, -0.0082246, , , , , , , 8.8523654, -0.0048676, , , , , , , 8.8523654, 0.0169528, , , , , , , , , , , , , , , , , , , , , , , , , , , , 
8.8528846, 0.0171206, , , , , , , 8.8528846, -0.0082246, , , , , , , 8.8528846, -0.0041962, , , , , , , 8.8528846, 0.0119173, , , , , , , , , , , , , , , , , , , , , , , , , , , , 
8.8534038, 0.0186313, , , , , , , 8.8534038, -0.0092317, , , , , , , 8.8534038, -0.0062104, , , , , , , 8.8534038, 0.0077211, , , , , , , , , , , , , , , , , , , , , , , , , , , , 
8.8539231, 0.0203098, , , , , , , 8.8539231, -0.0095674, , , , , , , 8.8539231, -0.0062104, , , , , , , 8.8539231, 0.0070497, , , , , , , , , , , , , , , , , , , , , , , , , , , , 
8.8544423, 0.0236667, , , , , , , 8.8544423, -0.0102388, , , , , , , 8.8544423, -0.005539, , , , , , , 8.8544423, 0.0097353, , , , , , , , , , , , , , , , , , , , , , , , , , , , 
8.8549615, 0.0273594, , , , , , , 8.8549615, -0.011078, , , , , , , 8.8549615, -0.0052033, , , , , , , 8.8549615, 0.0112459, , , , , , , , , , , , , , , , , , , , , , , , , , , , 
8.8554808, 0.0265202, , , , , , , 8.8554808, -0.0102388, , , , , , , 8.8554808, -0.0078889, , , , , , , 8.8554808, 0.0125887, , , , , , , , , , , , , , , , , , , , , , , , , , , , 
8.856, 0.0219883, , , , , , , 8.856, -0.0095674, , , , , , , 8.856, -0.0099031, , , , , , , 8.856, 0.0152743, , , , , , , , , , , , , , , , , , , , , , , , , , , , 
8.8565192, 0.0199741, , , , , , , 8.8565192, -0.0095674, , , , , , , 8.8565192, -0.0102388, , , , , , , 8.8565192, 0.0159457, , , , , , , , , , , , , , , , , , , , , , , , , , , , 
8.8570385, 0.021149, , , , , , , 8.8570385, -0.008896, , , , , , , 8.8570385, -0.0105745, , , , , , , 8.8570385, 0.0132601, , , , , , , , , , , , , , , , , , , , , , , , , , , , 
8.8575577, 0.0206455, , , , , , , 8.8575577, -0.0070497, , , , , , , 8.8575577, -0.0135958, , , , , , , 8.8575577, 0.0124208, , , , , , , , , , , , , , , , , , , , , , , , , , , , 
8.8580769, 0.021149, , , , , , , 8.8580769, -0.0062104, , , , , , , 8.8580769, -0.0135958, , , , , , , 8.8580769, 0.0125887, , , , , , , , , , , , , , , , , , , , , , , , , , , , 
8.8585962, 0.0219883, , , , , , , 8.8585962, -0.005539, , , , , , , 8.8585962, -0.0109102, , , , , , , 8.8585962, 0.0132601, , , , , , , , , , , , , , , , , , , , , , , , , , , , 
8.8591154, 0.0218204, , , , , , , 8.8591154, -0.0050355, , , , , , , 8.8591154, -0.0109102, , , , , , , 8.8591154, 0.012253, , , , , , , , , , , , , , , , , , , , , , , , , , , , 
8.8596346, 0.0243381, , , , , , , 8.8596346, -0.0057069, , , , , , , 8.8596346, -0.0135958, , , , , , , 8.8596346, 0.0078889, , , , , , , , , , , , , , , , , , , , , , , , , , , , 
8.8601538, 0.0307164, , , , , , , 8.8601538, -0.0057069, , , , , , , 8.8601538, -0.0142672, , , , , , , 8.8601538, 0.0036927, , , , , , , , , , , , , , , , , , , , , , , , , , , , 
8.8606731, 0.0315557, , , , , , , 8.8606731, -0.0062104, , , , , , , 8.8606731, -0.0132601, , , , , , , 8.8606731, -0.0001678, , , , , , , , , , , , , , , , , , , , , , , , , , , , 
8.8611923, 0.0297093, , , , , , , 8.8611923, -0.0075532, , , , , , , 8.8611923, -0.0114137, , , , , , , 8.8611923, -0.0045319, , , , , , , , , , , , , , , , , , , , , , , , , , , , 
8.8617115, 0.0310521, , , , , , , 8.8617115, -0.0078889, , , , , , , 8.8617115, -0.0112459, , , , , , , 8.8617115, -0.0085603, , , , , , , , , , , , , , , , , , , , , , , , , , , , 
8.8622308, 0.030045, , , , , , , 8.8622308, -0.0063783, , , , , , , 8.8622308, -0.0129244, , , , , , , 8.8622308, -0.0099031, , , , , , , , , , , , , , , , , , , , , , , , , , , , 
8.86275, 0.0203098, , , , , , , 8.86275, -0.0062104, , , , , , , 8.86275, -0.0119173, , , , , , , 8.86275, -0.0082246, , , , , , , , , , , , , , , , , , , , , , , , , , , , 
8.8632692, 0.0132601, , , , , , , 8.8632692, -0.0068818, , , , , , , 8.8632692, -0.0099031, , , , , , , 8.8632692, -0.0038605, , , , , , , , , , , , , , , , , , , , , , , , , , , , 
8.8637885, 0.01561, , , , , , , 8.8637885, -0.0065461, , , , , , , 8.8637885, -0.0095674, , , , , , , 8.8637885, 0.0010071, , , , , , , , , , , , , , , , , , , , , , , , , , , , 
8.8643077, 0.0164492, , , , , , , 8.8643077, -0.0065461, , , , , , , 8.8643077, -0.0090639, , , , , , , 8.8643077, 0.0072175, , , , , , , , , , , , , , , , , , , , , , , , , , , , 
8.8648269, 0.0112459, , , , , , , 8.8648269, -0.0082246, , , , , , , 8.8648269, -0.008896, , , , , , , 8.8648269, 0.0146029, , , , , , , , , , , , , , , , , , , , , , , , , , , , 
8.8653462, 0.0057069, , , , , , , 8.8653462, -0.0082246, , , , , , , 8.8653462, -0.0109102, , , , , , , 8.8653462, 0.0176242, , , , , , , , , , , , , , , , , , , , , , , , , , , , 
8.8658654, -0.0011749, , , , , , , 8.8658654, -0.0072175, , , , , , , 8.8658654, -0.0112459, , , , , , , 8.8658654, 0.0182956, , , , , , , , , , , , , , , , , , , , , , , , , , , , 
8.8663846, -0.0092317, , , , , , , 8.8663846, -0.0075532, , , , , , , 8.8663846, -0.0102388, , , , , , , 8.8663846, 0.0199741, , , , , , , , , , , , , , , , , , , , , , , , , , , , 
8.8669038, -0.0149386, , , , , , , 8.8669038, -0.0085603, , , , , , , 8.8669038, -0.0112459, , , , , , , 8.8669038, 0.021149, , , , , , , , , , , , , , , , , , , , , , , , , , , , 
8.8674231, -0.0152743, , , , , , , 8.8674231, -0.0102388, , , , , , , 8.8674231, -0.0097353, , , , , , , 8.8674231, 0.0219883, , , , , , , , , , , , , , , , , , , , , , , , , , , , 
8.8679423, -0.01561, , , , , , , 8.8679423, -0.0102388, , , , , , , 8.8679423, -0.0090639, , , , , , , 8.8679423, 0.0240024, , , , , , , , , , , , , , , , , , , , , , , , , , , , 
8.8684615, -0.0172885, , , , , , , 8.8684615, -0.0102388, , , , , , , 8.8684615, -0.0090639, , , , , , , 8.8684615, 0.030045, , , , , , , , , , , , , , , , , , , , , , , , , , , , 
8.8689808, -0.01561, , , , , , , 8.8689808, -0.0099031, , , , , , , 8.8689808, -0.0077211, , , , , , , 8.8689808, 0.0364233, , , , , , , , , , , , , , , , , , , , , , , , , , , , 
8.8695, -0.0090639, , , , , , , 8.8695, -0.008896, , , , , , , 8.8695, -0.0052033, , , , , , , 8.8695, 0.0384375, , , , , , , , , , , , , , , , , , , , , , , , , , , , 
8.8700192, -0.0010071, , , , , , , 8.8700192, -0.0095674, , , , , , , 8.8700192, -0.0052033, , , , , , , 8.8700192, 0.035584, , , , , , , , , , , , , , , , , , , , , , , , , , , , 
8.8705385, 0.0008392, , , , , , , 8.8705385, -0.008896, , , , , , , 8.8705385, -0.0068818, , , , , , , 8.8705385, 0.0320592, , , , , , , , , , , , , , , , , , , , , , , , , , , , 
8.8710577, 0.0025177, , , , , , , 8.8710577, -0.0082246, , , , , , , 8.8710577, -0.0082246, , , , , , , 8.8710577, 0.0290379, , , , , , , , , , , , , , , , , , , , , , , , , , , , 
8.8715769, 0.0048676, , , , , , , 8.8715769, -0.008896, , , , , , , 8.8715769, -0.008896, , , , , , , 8.8715769, 0.0276951, , , , , , , , , , , , , , , , , , , , , , , , , , , , 
8.8720962, 0.0075532, , , , , , , 8.8720962, -0.0102388, , , , , , , 8.8720962, -0.0068818, , , , , , , 8.8720962, 0.0253452, , , , , , , , , , , , , , , , , , , , , , , , , , , , 
8.8726154, 0.0105745, , , , , , , 8.8726154, -0.0115816, , , , , , , 8.8726154, -0.0068818, , , , , , , 8.8726154, 0.0240024, , , , , , , , , , , , , , , , , , , , , , , , , , , , 
8.8731346, 0.0124208, , , , , , , 8.8731346, -0.0102388, , , , , , , 8.8731346, -0.0072175, , , , , , , 8.8731346, 0.0218204, , , , , , , , , , , , , , , , , , , , , , , , , , , , 
8.8736538, 0.0146029, , , , , , , 8.8736538, -0.0072175, , , , , , , 8.8736538, -0.0068818, , , , , , , 8.8736538, 0.0193027, , , , , , , , , , , , , , , , , , , , , , , , , , , , 
8.8741731, 0.0209812, , , , , , , 8.8741731, -0.0062104, , , , , , , 8.8741731, -0.0062104, , , , , , , 8.8741731, 0.0152743, , , , , , , , , , , , , , , , , , , , , , , , , , , , 
8.8746923, 0.0290379, , , , , , , 8.8746923, -0.0031891, , , , , , , 8.8746923, -0.0058747, , , , , , , 8.8746923, 0.0117494, , , , , , , , , , , , , , , , , , , , , , , , , , , , 
8.8752115, 0.036759, , , , , , , 8.8752115, -0.003357, , , , , , , 8.8752115, -0.005539, , , , , , , 8.8752115, 0.0112459, , , , , , , , , , , , , , , , , , , , , , , , , , , , 
8.8757308, 0.0424659, , , , , , , 8.8757308, -0.005539, , , , , , , 8.8757308, -0.0068818, , , , , , , 8.8757308, 0.0119173, , , , , , , , , , , , , , , , , , , , , , , , , , , , 
8.87625, 0.0446479, , , , , , , 8.87625, -0.0072175, , , , , , , 8.87625, -0.0092317, , , , , , , 8.87625, 0.0146029, , , , , , , , , , , , , , , , , , , , , , , , , , , , 
8.8767692, 0.0448157, , , , , , , 8.8767692, -0.0082246, , , , , , , 8.8767692, -0.0115816, , , , , , , 8.8767692, 0.0139315, , , , , , , , , , , , , , , , , , , , , , , , , , , , 
8.8772885, 0.043473, , , , , , , 8.8772885, -0.008896, , , , , , , 8.8772885, -0.0109102, , , , , , , 8.8772885, 0.0109102, , , , , , , , , , , , , , , , , , , , , , , , , , , , 
8.8778077, 0.0374304, , , , , , , 8.8778077, -0.0095674, , , , , , , 8.8778077, -0.008896, , , , , , , 8.8778077, 0.0102388, , , , , , , , , , , , , , , , , , , , , , , , , , , , 
8.8783269, 0.0313878, , , , , , , 8.8783269, -0.0119173, , , , , , , 8.8783269, -0.0082246, , , , , , , 8.8783269, 0.012253, , , , , , , , , , , , , , , , , , , , , , , , , , , , 
8.8788462, 0.030045, , , , , , , 8.8788462, -0.012253, , , , , , , 8.8788462, -0.0082246, , , , , , , 8.8788462, 0.0119173, , , , , , , , , , , , , , , , , , , , , , , , , , , , 
8.8793654, 0.0265202, , , , , , , 8.8793654, -0.0129244, , , , , , , 8.8793654, -0.0082246, , , , , , , 8.8793654, 0.0083925, , , , , , , , , , , , , , , , , , , , , , , , , , , , 
8.8798846, 0.0206455, , , , , , , 8.8798846, -0.0105745, , , , , , , 8.8798846, -0.0082246, , , , , , , 8.8798846, 0.0015106, , , , , , , , , , , , , , , , , , , , , , , , , , , , 
8.8804038, 0.0182956, , , , , , , 8.8804038, -0.0078889, , , , , , , 8.8804038, -0.008896, , , , , , , 8.8804038, -0.0062104, , , , , , , , , , , , , , , , , , , , , , , , , , , , 
8.8809231, 0.0196384, , , , , , , 8.8809231, -0.0083925, , , , , , , 8.8809231, -0.0099031, , , , , , , 8.8809231, -0.008896, , , , , , , , , , , , , , , , , , , , , , , , , , , , 
8.8814423, 0.0219883, , , , , , , 8.8814423, -0.0085603, , , , , , , 8.8814423, -0.0129244, , , , , , , 8.8814423, -0.0082246, , , , , , , , , , , , , , , , , , , , , , , , , , , , 
8.8819615, 0.023331, , , , , , , 8.8819615, -0.0085603, , , , , , , 8.8819615, -0.0130922, , , , , , , 8.8819615, -0.0072175, , , , , , , , , , , , , , , , , , , , , , , , , , , , 
8.8824808, 0.0240024, , , , , , , 8.8824808, -0.0105745, , , , , , , 8.8824808, -0.0112459, , , , , , , 8.8824808, -0.0063783, , , , , , , , , , , , , , , , , , , , , , , , , , , , 
8.883, 0.0287022, , , , , , , 8.883, -0.012253, , , , , , , 8.883, -0.0109102, , , , , , , 8.883, -0.0062104, , , , , , , , , , , , , , , , , , , , , , , , , , , , 
8.8835192, 0.026688, , , , , , , 8.8835192, -0.0117494, , , , , , , 8.8835192, -0.012253, , , , , , , 8.8835192, -0.0031891, , , , , , , , , , , , , , , , , , , , , , , , , , , , 
8.8840385, 0.0203098, , , , , , , 8.8840385, -0.0095674, , , , , , , 8.8840385, -0.012253, , , , , , , 8.8840385, -0.0001678, , , , , , , , , , , , , , , , , , , , , , , , , , , , 
8.8845577, 0.014435, , , , , , , 8.8845577, -0.0075532, , , , , , , 8.8845577, -0.0109102, , , , , , , 8.8845577, 0.0031891, , , , , , , , , , , , , , , , , , , , , , , , , , , , 
8.8850769, 0.0132601, , , , , , , 8.8850769, -0.0078889, , , , , , , 8.8850769, -0.0078889, , , , , , , 8.8850769, 0.0075532, , , , , , , , , , , , , , , , , , , , , , , , , , , , 
8.8855962, 0.011078, , , , , , , 8.8855962, -0.0092317, , , , , , , 8.8855962, -0.0050355, , , , , , , 8.8855962, 0.0132601, , , , , , , , , , , , , , , , , , , , , , , , , , , , 
8.8861154, 0.005539, , , , , , , 8.8861154, -0.0092317, , , , , , , 8.8861154, -0.0041962, , , , , , , 8.8861154, 0.0196384, , , , , , , , , , , , , , , , , , , , , , , , , , , , 
8.8866346, -0.002182, , , , , , , 8.8866346, -0.008896, , , , , , , 8.8866346, -0.0048676, , , , , , , 8.8866346, 0.023331, , , , , , , , , , , , , , , , , , , , , , , , , , , , 
8.8871538, -0.005539, , , , , , , 8.8871538, -0.008896, , , , , , , 8.8871538, -0.0050355, , , , , , , 8.8871538, 0.0256809, , , , , , , , , , , , , , , , , , , , , , , , , , , , 
8.8876731, -0.0058747, , , , , , , 8.8876731, -0.0077211, , , , , , , 8.8876731, -0.0041962, , , , , , , 8.8876731, 0.0287022, , , , , , , , , , , , , , , , , , , , , , , , , , , , 
8.8881923, -0.0082246, , , , , , , 8.8881923, -0.0068818, , , , , , , 8.8881923, -0.003357, , , , , , , 8.8881923, 0.0337377, , , , , , , , , , , , , , , , , , , , , , , , , , , , 
8.8887115, -0.0112459, , , , , , , 8.8887115, -0.0068818, , , , , , , 8.8887115, -0.0030213, , , , , , , 8.8887115, 0.0354162, , , , , , , , , , , , , , , , , , , , , , , , , , , , 
8.8892308, -0.0090639, , , , , , , 8.8892308, -0.0068818, , , , , , , 8.8892308, -0.0035248, , , , , , , 8.8892308, 0.033402, , , , , , , , , , , , , , , , , , , , , , , , , , , , 
8.88975, -0.0016785, , , , , , , 8.88975, -0.0062104, , , , , , , 8.88975, -0.0015106, , , , , , , 8.88975, 0.0298772, , , , , , , , , , , , , , , , , , , , , , , , , , , , 
8.8902692, 0.0092317, , , , , , , 8.8902692, -0.0050355, , , , , , , 8.8902692, -0.0001678, , , , , , , 8.8902692, 0.0243381, , , , , , , , , , , , , , , , , , , , , , , , , , , , 
8.8907885, 0.0146029, , , , , , , 8.8907885, -0.0041962, , , , , , , 8.8907885, -0.0011749, , , , , , , 8.8907885, 0.0193027, , , , , , , , , , , , , , , , , , , , , , , , , , , , 
8.8913077, 0.0105745, , , , , , , 8.8913077, -0.0043641, , , , , , , 8.8913077, -0.0028534, , , , , , , 8.8913077, 0.0132601, , , , , , , , , , , , , , , , , , , , , , , , , , , , 
8.8918269, 0.0085603, , , , , , , 8.8918269, -0.0070497, , , , , , , 8.8918269, -0.0035248, , , , , , , 8.8918269, 0.0104067, , , , , , , , , , , , , , , , , , , , , , , , , , , , 
8.8923462, 0.0112459, , , , , , , 8.8923462, -0.008896, , , , , , , 8.8923462, -0.0041962, , , , , , , 8.8923462, 0.0082246, , , , , , , , , , , , , , , , , , , , , , , , , , , , 
8.8928654, 0.0119173, , , , , , , 8.8928654, -0.0082246, , , , , , , 8.8928654, -0.0065461, , , , , , , 8.8928654, 0.0068818, , , , , , , , , , , , , , , , , , , , , , , , , , , , 
8.8933846, 0.0109102, , , , , , , 8.8933846, -0.0077211, , , , , , , 8.8933846, -0.0075532, , , , , , , 8.8933846, 0.0075532, , , , , , , , , , , , , , , , , , , , , , , , , , , , 
8.8939038, 0.0105745, , , , , , , 8.8939038, -0.0099031, , , , , , , 8.8939038, -0.0075532, , , , , , , 8.8939038, 0.0085603, , , , , , , , , , , , , , , , , , , , , , , , , , , , 
8.8944231, 0.0112459, , , , , , , 8.8944231, -0.0090639, , , , , , , 8.8944231, -0.0068818, , , , , , , 8.8944231, 0.0078889, , , , , , , , , , , , , , , , , , , , , , , , , , , , 
8.8949423, 0.0119173, , , , , , , 8.8949423, -0.0062104, , , , , , , 8.8949423, -0.0075532, , , , , , , 8.8949423, 0.0062104, , , , , , , , , , , , , , , , , , , , , , , , , , , , 
8.8954615, 0.0125887, , , , , , , 8.8954615, -0.005539, , , , , , , 8.8954615, -0.0095674, , , , , , , 8.8954615, 0.0078889, , , , , , , , , , , , , , , , , , , , , , , , , , , , 
8.8959808, 0.0152743, , , , , , , 8.8959808, -0.0062104, , , , , , , 8.8959808, -0.0109102, , , , , , , 8.8959808, 0.0095674, , , , , , , , , , , , , , , , , , , , , , , , , , , , 
8.8965, 0.0159457, , , , , , , 8.8965, -0.0062104, , , , , , , 8.8965, -0.0090639, , , , , , , 8.8965, 0.0077211, , , , , , , , , , , , , , , , , , , , , , , , , , , , 
8.8970192, 0.0159457, , , , , , , 8.8970192, -0.0058747, , , , , , , 8.8970192, -0.0082246, , , , , , , 8.8970192, 0.0052033, , , , , , , , , , , , , , , , , , , , , , , , , , , , 
8.8975385, 0.0169528, , , , , , , 8.8975385, -0.005539, , , , , , , 8.8975385, -0.0099031, , , , , , , 8.8975385, 0.003357, , , , , , , , , , , , , , , , , , , , , , , , , , , , 
8.8980577, 0.0172885, , , , , , , 8.8980577, -0.0043641, , , , , , , 8.8980577, -0.0115816, , , , , , , 8.8980577, 0.0031891, , , , , , , , , , , , , , , , , , , , , , , , , , , , 
8.8985769, 0.0196384, , , , , , , 8.8985769, -0.0058747, , , , , , , 8.8985769, -0.0112459, , , , , , , 8.8985769, 0.0045319, , , , , , , , , , , , , , , , , , , , , , , , , , , , 
8.8990962, 0.0209812, , , , , , , 8.8990962, -0.0078889, , , , , , , 8.8990962, -0.0115816, , , , , , , 8.8990962, 0.0075532, , , , , , , , , , , , , , , , , , , , , , , , , , , , 
8.8996154, 0.0238346, , , , , , , 8.8996154, -0.0068818, , , , , , , 8.8996154, -0.012253, , , , , , , 8.8996154, 0.0048676, , , , , , , , , , , , , , , , , , , , , , , , , , , , 
8.9001346, 0.0263523, , , , , , , 8.9001346, -0.0050355, , , , , , , 8.9001346, -0.0117494, , , , , , , 8.9001346, -0.0011749, , , , , , , , , , , , , , , , , , , , , , , , , , , , 
8.9006538, 0.0287022, , , , , , , 8.9006538, -0.0028534, , , , , , , 8.9006538, -0.0124208, , , , , , , 8.9006538, -0.0025177, , , , , , , , , , , , , , , , , , , , , , , , , , , , 
8.9011731, 0.0287022, , , , , , , 8.9011731, -0.0015106, , , , , , , 8.9011731, -0.012253, , , , , , , 8.9011731, -0.0008392, , , , , , , , , , , , , , , , , , , , , , , , , , , , 
8.9016923, 0.0303807, , , , , , , 8.9016923, -0.0028534, , , , , , , 8.9016923, -0.0105745, , , , , , , 8.9016923, -0.0015106, , , , , , , , , , , , , , , , , , , , , , , , , , , , 
8.9022115, 0.0350805, , , , , , , 8.9022115, -0.0048676, , , , , , , 8.9022115, -0.0115816, , , , , , , 8.9022115, -0.0023499, , , , , , , , , , , , , , , , , , , , , , , , , , , , 
8.9027308, 0.0320592, , , , , , , 8.9027308, -0.005539, , , , , , , 8.9027308, -0.012253, , , , , , , 8.9027308, -0.0001678, , , , , , , , , , , , , , , , , , , , , , , , , , , , 
8.90325, 0.0240024, , , , , , , 8.90325, -0.0057069, , , , , , , 8.90325, -0.0112459, , , , , , , 8.90325, 0.0038605, , , , , , , , , , , , , , , , , , , , , , , , , , , , 
8.9037692, 0.0219883, , , , , , , 8.9037692, -0.0068818, , , , , , , 8.9037692, -0.0102388, , , , , , , 8.9037692, 0.0065461, , , , , , , , , , , , , , , , , , , , , , , , , , , , 
8.9042885, 0.0218204, , , , , , , 8.9042885, -0.0078889, , , , , , , 8.9042885, -0.0109102, , , , , , , 8.9042885, 0.0075532, , , , , , , , , , , , , , , , , , , , , , , , , , , , 
8.9048077, 0.0169528, , , , , , , 8.9048077, -0.0085603, , , , , , , 8.9048077, -0.0109102, , , , , , , 8.9048077, 0.0105745, , , , , , , , , , , , , , , , , , , , , , , , , , , , 
8.9053269, 0.0099031, , , , , , , 8.9053269, -0.0083925, , , , , , , 8.9053269, -0.0075532, , , , , , , 8.9053269, 0.0172885, , , , , , , , , , , , , , , , , , , , , , , , , , , , 
8.9058462, 0.0018463, , , , , , , 8.9058462, -0.0065461, , , , , , , 8.9058462, -0.0045319, , , , , , , 8.9058462, 0.0236667, , , , , , , , , , , , , , , , , , , , , , , , , , , , 
8.9063654, -0.0068818, , , , , , , 8.9063654, -0.0062104, , , , , , , 8.9063654, -0.0031891, , , , , , , 8.9063654, 0.0280308, , , , , , , , , , , , , , , , , , , , , , , , , , , , 
8.9068846, -0.0102388, , , , , , , 8.9068846, -0.0082246, , , , , , , 8.9068846, -0.0031891, , , , , , , 8.9068846, 0.0310521, , , , , , , , , , , , , , , , , , , , , , , , , , , , 
8.9074038, -0.0115816, , , , , , , 8.9074038, -0.0090639, , , , , , , 8.9074038, -0.0050355, , , , , , , 8.9074038, 0.0325628, , , , , , , , , , , , , , , , , , , , , , , , , , , , 
8.9079231, -0.0132601, , , , , , , 8.9079231, -0.0092317, , , , , , , 8.9079231, -0.008896, , , , , , , 8.9079231, 0.0337377, , , , , , , , , , , , , , , , , , , , , , , , , , , , 
8.9084423, -0.0176242, , , , , , , 8.9084423, -0.0107424, , , , , , , 8.9084423, -0.0109102, , , , , , , 8.9084423, 0.0350805, , , , , , , , , , , , , , , , , , , , , , , , , , , , 
8.9089615, -0.0199741, , , , , , , 8.9089615, -0.0115816, , , , , , , 8.9089615, -0.0090639, , , , , , , 8.9089615, 0.035584, , , , , , , , , , , , , , , , , , , , , , , , , , , , 
8.9094808, -0.0142672, , , , , , , 8.9094808, -0.0115816, , , , , , , 8.9094808, -0.0065461, , , , , , , 8.9094808, 0.0327306, , , , , , , , , , , , , , , , , , , , , , , , , , , , 
8.91, -0.0050355, , , , , , , 8.91, -0.0112459, , , , , , , 8.91, -0.005539, , , , , , , 8.91, 0.0273594, , , , , , , , , , , , , , , , , , , , , , , , , , , , 
8.9105192, 0.002182, , , , , , , 8.9105192, -0.0115816, , , , , , , 8.9105192, -0.0057069, , , , , , , 8.9105192, 0.0219883, , , , , , , , , , , , , , , , , , , , , , , , , , , , 
8.9110385, 0.0092317, , , , , , , 8.9110385, -0.0117494, , , , , , , 8.9110385, -0.0050355, , , , , , , 8.9110385, 0.0176242, , , , , , , , , , , , , , , , , , , , , , , , , , , , 
8.9115577, 0.0164492, , , , , , , 8.9115577, -0.0109102, , , , , , , 8.9115577, -0.0036927, , , , , , , 8.9115577, 0.01561, , , , , , , , , , , , , , , , , , , , , , , , , , , , 
8.9120769, 0.0209812, , , , , , , 8.9120769, -0.0085603, , , , , , , 8.9120769, -0.0035248, , , , , , , 8.9120769, 0.0149386, , , , , , , , , , , , , , , , , , , , , , , , , , , , 
8.9125962, 0.0209812, , , , , , , 8.9125962, -0.0068818, , , , , , , 8.9125962, -0.0041962, , , , , , , 8.9125962, 0.0169528, , , , , , , , , , , , , , , , , , , , , , , , , , , , 
8.9131154, 0.0198062, , , , , , , 8.9131154, -0.0068818, , , , , , , 8.9131154, -0.0038605, , , , , , , 8.9131154, 0.0171206, , , , , , , , , , , , , , , , , , , , , , , , , , , , 
8.9136346, 0.0214847, , , , , , , 8.9136346, -0.0068818, , , , , , , 8.9136346, -0.0025177, , , , , , , 8.9136346, 0.014435, , , , , , , , , , , , , , , , , , , , , , , , , , , , 
8.9141538, 0.0260166, , , , , , , 8.9141538, -0.0068818, , , , , , , 8.9141538, -0.003357, , , , , , , 8.9141538, 0.0132601, , , , , , , , , , , , , , , , , , , , , , , , , , , , 
8.9146731, 0.0307164, , , , , , , 8.9146731, -0.0048676, , , , , , , 8.9146731, -0.0045319, , , , , , , 8.9146731, 0.0104067, , , , , , , , , , , , , , , , , , , , , , , , , , , , 
8.9151923, 0.0317235, , , , , , , 8.9151923, -0.0038605, , , , , , , 8.9151923, -0.0035248, , , , , , , 8.9151923, 0.0058747, , , , , , , , , , , , , , , , , , , , , , , , , , , , 
8.9157115, 0.0280308, , , , , , , 8.9157115, -0.0057069, , , , , , , 8.9157115, -0.0020142, , , , , , , 8.9157115, 0.0025177, , , , , , , , , , , , , , , , , , , , , , , , , , , , 
8.9162308, 0.0280308, , , , , , , 8.9162308, -0.0082246, , , , , , , 8.9162308, -0.0028534, , , , , , , 8.9162308, 0.0028534, , , , , , , , , , , , , , , , , , , , , , , , , , , , 
8.91675, 0.0271916, , , , , , , 8.91675, -0.0082246, , , , , , , 8.91675, -0.0050355, , , , , , , 8.91675, 0.0043641, , , , , , , , , , , , , , , , , , , , , , , , , , , , 
8.9172692, 0.0240024, , , , , , , 8.9172692, -0.0068818, , , , , , , 8.9172692, -0.0070497, , , , , , , 8.9172692, 0.0062104, , , , , , , , , , , , , , , , , , , , , , , , , , , , 
8.9177885, 0.0240024, , , , , , , 8.9177885, -0.0068818, , , , , , , 8.9177885, -0.0075532, , , , , , , 8.9177885, 0.0078889, , , , , , , , , , , , , , , , , , , , , , , , , , , , 
8.9183077, 0.0172885, , , , , , , 8.9183077, -0.0075532, , , , , , , 8.9183077, -0.0068818, , , , , , , 8.9183077, 0.0105745, , , , , , , , , , , , , , , , , , , , , , , , , , , , 
8.9188269, 0.0105745, , , , , , , 8.9188269, -0.0099031, , , , , , , 8.9188269, -0.0075532, , , , , , , 8.9188269, 0.0078889, , , , , , , , , , , , , , , , , , , , , , , , , , , , 
8.9193462, 0.0137636, , , , , , , 8.9193462, -0.0109102, , , , , , , 8.9193462, -0.0099031, , , , , , , 8.9193462, 0.0025177, , , , , , , , , , , , , , , , , , , , , , , , , , , , 
8.9198654, 0.0206455, , , , , , , 8.9198654, -0.0085603, , , , , , , 8.9198654, -0.012253, , , , , , , 8.9198654, -0.0015106, , , , , , , , , , , , , , , , , , , , , , , , , , , , 
8.9203846, 0.026688, , , , , , , 8.9203846, -0.0058747, , , , , , , 8.9203846, -0.012253, , , , , , , 8.9203846, -0.0041962, , , , , , , , , , , , , , , , , , , , , , , , , , , , 
8.9209038, 0.0280308, , , , , , , 8.9209038, -0.005539, , , , , , , 8.9209038, -0.0099031, , , , , , , 8.9209038, -0.0058747, , , , , , , , , , , , , , , , , , , , , , , , , , , , 
8.9214231, 0.0236667, , , , , , , 8.9214231, -0.0085603, , , , , , , 8.9214231, -0.0075532, , , , , , , 8.9214231, -0.0068818, , , , , , , , , , , , , , , , , , , , , , , , , , , , 
8.9219423, 0.0186313, , , , , , , 8.9219423, -0.0112459, , , , , , , 8.9219423, -0.0075532, , , , , , , 8.9219423, -0.0082246, , , , , , , , , , , , , , , , , , , , , , , , , , , , 
8.9224615, 0.0186313, , , , , , , 8.9224615, -0.0115816, , , , , , , 8.9224615, -0.008896, , , , , , , 8.9224615, -0.0082246, , , , , , , , , , , , , , , , , , , , , , , , , , , , 
8.9229808, 0.0186313, , , , , , , 8.9229808, -0.0109102, , , , , , , 8.9229808, -0.0090639, , , , , , , 8.9229808, -0.0038605, , , , , , , , , , , , , , , , , , , , , , , , , , , , 
8.9235, 0.0171206, , , , , , , 8.9235, -0.0102388, , , , , , , 8.9235, -0.0083925, , , , , , , 8.9235, 0.0045319, , , , , , , , , , , , , , , , , , , , , , , , , , , , 
8.9240192, 0.0129244, , , , , , , 8.9240192, -0.0090639, , , , , , , 8.9240192, -0.0072175, , , , , , , 8.9240192, 0.0105745, , , , , , , , , , , , , , , , , , , , , , , , , , , , 
8.9245385, 0.0068818, , , , , , , 8.9245385, -0.0099031, , , , , , , 8.9245385, -0.0068818, , , , , , , 8.9245385, 0.0105745, , , , , , , , , , , , , , , , , , , , , , , , , , , , 
8.9250577, 0.0025177, , , , , , , 8.9250577, -0.0102388, , , , , , , 8.9250577, -0.0062104, , , , , , , 8.9250577, 0.0085603, , , , , , , , , , , , , , , , , , , , , , , , , , , , 
8.9255769, -0.002182, , , , , , , 8.9255769, -0.0075532, , , , , , , 8.9255769, -0.0058747, , , , , , , 8.9255769, 0.0112459, , , , , , , , , , , , , , , , , , , , , , , , , , , , 
8.9260962, -0.0078889, , , , , , , 8.9260962, -0.0052033, , , , , , , 8.9260962, -0.0048676, , , , , , , 8.9260962, 0.0169528, , , , , , , , , , , , , , , , , , , , , , , , , , , , 
8.9266154, -0.0102388, , , , , , , 8.9266154, -0.0062104, , , , , , , 8.9266154, -0.005539, , , , , , , 8.9266154, 0.0213169, , , , , , , , , , , , , , , , , , , , , , , , , , , , 
8.9271346, -0.0041962, , , , , , , 8.9271346, -0.0082246, , , , , , , 8.9271346, -0.0060426, , , , , , , 8.9271346, 0.0240024, , , , , , , , , , , , , , , , , , , , , , , , , , , , 
8.9276538, 0.0041962, , , , , , , 8.9276538, -0.0078889, , , , , , , 8.9276538, -0.005539, , , , , , , 8.9276538, 0.0260166, , , , , , , , , , , , , , , , , , , , , , , , , , , , 
8.9281731, 0.0005035, , , , , , , 8.9281731, -0.0075532, , , , , , , 8.9281731, -0.0045319, , , , , , , 8.9281731, 0.0307164, , , , , , , , , , , , , , , , , , , , , , , , , , , , 
8.9286923, -0.0095674, , , , , , , 8.9286923, -0.0070497, , , , , , , 8.9286923, -0.0038605, , , , , , , 8.9286923, 0.0342412, , , , , , , , , , , , , , , , , , , , , , , , , , , , 
8.9292115, -0.0139315, , , , , , , 8.9292115, -0.006714, , , , , , , 8.9292115, -0.0031891, , , , , , , 8.9292115, 0.0364233, , , , , , , , , , , , , , , , , , , , , , , , , , , , 
8.9297308, -0.0104067, , , , , , , 8.9297308, -0.0063783, , , , , , , 8.9297308, -0.0031891, , , , , , , 8.9297308, 0.0344091, , , , , , , , , , , , , , , , , , , , , , , , , , , , 
8.93025, -0.0005035, , , , , , , 8.93025, -0.0062104, , , , , , , 8.93025, -0.0035248, , , , , , , 8.93025, 0.0293736, , , , , , , , , , , , , , , , , , , , , , , , , , , , 
8.9307692, 0.012253, , , , , , , 8.9307692, -0.0041962, , , , , , , 8.9307692, -0.0041962, , , , , , , 8.9307692, 0.0240024, , , , , , , , , , , , , , , , , , , , , , , , , , , , 
8.9312885, 0.0219883, , , , , , , 8.9312885, -0.0031891, , , , , , , 8.9312885, -0.0041962, , , , , , , 8.9312885, 0.0199741, , , , , , , , , , , , , , , , , , , , , , , , , , , , 
8.9318077, 0.0213169, , , , , , , 8.9318077, -0.0031891, , , , , , , 8.9318077, -0.005539, , , , , , , 8.9318077, 0.0176242, , , , , , , , , , , , , , , , , , , , , , , , , , , , 
8.9323269, 0.0231632, , , , , , , 8.9323269, -0.0058747, , , , , , , 8.9323269, -0.0082246, , , , , , , 8.9323269, 0.0166171, , , , , , , , , , , , , , , , , , , , , , , , , , , , 
8.9328462, 0.0253452, , , , , , , 8.9328462, -0.0073854, , , , , , , 8.9328462, -0.008896, , , , , , , 8.9328462, 0.0166171, , , , , , , , , , , , , , , , , , , , , , , , , , , , 
8.9333654, 0.0218204, , , , , , , 8.9333654, -0.0065461, , , , , , , 8.9333654, -0.0097353, , , , , , , 8.9333654, 0.01561, , , , , , , , , , , , , , , , , , , , , , , , , , , , 
8.9338846, 0.0166171, , , , , , , 8.9338846, -0.0068818, , , , , , , 8.9338846, -0.008896, , , , , , , 8.9338846, 0.0127565, , , , , , , , , , , , , , , , , , , , , , , , , , , , 
8.9344038, 0.0146029, , , , , , , 8.9344038, -0.0085603, , , , , , , 8.9344038, -0.0072175, , , , , , , 8.9344038, 0.0095674, , , , , , , , , , , , , , , , , , , , , , , , , , , , 
8.9349231, 0.0132601, , , , , , , 8.9349231, -0.0092317, , , , , , , 8.9349231, -0.0068818, , , , , , , 8.9349231, 0.0090639, , , , , , , , , , , , , , , , , , , , , , , , , , , , 
8.9354423, 0.0125887, , , , , , , 8.9354423, -0.0085603, , , , , , , 8.9354423, -0.0082246, , , , , , , 8.9354423, 0.0112459, , , , , , , , , , , , , , , , , , , , , , , , , , , , 
8.9359615, 0.0146029, , , , , , , 8.9359615, -0.008896, , , , , , , 8.9359615, -0.010071, , , , , , , 8.9359615, 0.0125887, , , , , , , , , , , , , , , , , , , , , , , , , , , , 
8.9364808, 0.0182956, , , , , , , 8.9364808, -0.0095674, , , , , , , 8.9364808, -0.0105745, , , , , , , 8.9364808, 0.0119173, , , , , , , , , , , , , , , , , , , , , , , , , , , , 
8.937, 0.0186313, , , , , , , 8.937, -0.0095674, , , , , , , 8.937, -0.0109102, , , , , , , 8.937, 0.0097353, , , , , , , , , , , , , , , , , , , , , , , , , , , , 
8.9375192, 0.0199741, , , , , , , 8.9375192, -0.0105745, , , , , , , 8.9375192, -0.0124208, , , , , , , 8.9375192, 0.0095674, , , , , , , , , , , , , , , , , , , , , , , , , , , , 
8.9380385, 0.0229953, , , , , , , 8.9380385, -0.0095674, , , , , , , 8.9380385, -0.0134279, , , , , , , 8.9380385, 0.0115816, , , , , , , , , , , , , , , , , , , , , , , , , , , , 
8.9385577, 0.0256809, , , , , , , 8.9385577, -0.008896, , , , , , , 8.9385577, -0.012253, , , , , , , 8.9385577, 0.0105745, , , , , , , , , , , , , , , , , , , , , , , , , , , , 
8.9390769, 0.030045, , , , , , , 8.9390769, -0.0095674, , , , , , , 8.9390769, -0.0102388, , , , , , , 8.9390769, 0.0082246, , , , , , , , , , , , , , , , , , , , , , , , , , , , 
8.9395962, 0.0320592, , , , , , , 8.9395962, -0.0124208, , , , , , , 8.9395962, -0.0115816, , , , , , , 8.9395962, 0.0028534, , , , , , , , , , , , , , , , , , , , , , , , , , , , 
8.9401154, 0.0313878, , , , , , , 8.9401154, -0.0115816, , , , , , , 8.9401154, -0.0135958, , , , , , , 8.9401154, -0.002182, , , , , , , , , , , , , , , , , , , , , , , , , , , , 
8.9406346, 0.0330663, , , , , , , 8.9406346, -0.0077211, , , , , , , 8.9406346, -0.0135958, , , , , , , 8.9406346, -0.0031891, , , , , , , , , , , , , , , , , , , , , , , , , , , , 
8.9411538, 0.0350805, , , , , , , 8.9411538, -0.005539, , , , , , , 8.9411538, -0.0146029, , , , , , , 8.9411538, -0.0038605, , , , , , , , , , , , , , , , , , , , , , , , , , , , 
8.9416731, 0.0340734, , , , , , , 8.9416731, -0.0057069, , , , , , , 8.9416731, -0.0142672, , , , , , , 8.9416731, -0.0041962, , , , , , , , , , , , , , , , , , , , , , , , , , , , 
8.9421923, 0.0313878, , , , , , , 8.9421923, -0.0063783, , , , , , , 8.9421923, -0.0117494, , , , , , , 8.9421923, -0.005539, , , , , , , , , , , , , , , , , , , , , , , , , , , , 
8.9427115, 0.0250095, , , , , , , 8.9427115, -0.0072175, , , , , , , 8.9427115, -0.0102388, , , , , , , 8.9427115, -0.0048676, , , , , , , , , , , , , , , , , , , , , , , , , , , , 
8.9432308, 0.0199741, , , , , , , 8.9432308, -0.0070497, , , , , , , 8.9432308, -0.0109102, , , , , , , 8.9432308, -0.0008392, , , , , , , , , , , , , , , , , , , , , , , , , , , , 
8.94375, 0.0176242, , , , , , , 8.94375, -0.0072175, , , , , , , 8.94375, -0.0105745, , , , , , , 8.94375, 0.0048676, , , , , , , , , , , , , , , , , , , , , , , , , , , , 
8.9442692, 0.0129244, , , , , , , 8.9442692, -0.008896, , , , , , , 8.9442692, -0.0087282, , , , , , , 8.9442692, 0.0083925, , , , , , , , , , , , , , , , , , , , , , , , , , , , 
8.9447885, 0.0139315, , , , , , , 8.9447885, -0.0085603, , , , , , , 8.9447885, -0.0077211, , , , , , , 8.9447885, 0.0112459, , , , , , , , , , , , , , , , , , , , , , , , , , , , 
8.9453077, 0.0166171, , , , , , , 8.9453077, -0.0065461, , , , , , , 8.9453077, -0.008896, , , , , , , 8.9453077, 0.0125887, , , , , , , , , , , , , , , , , , , , , , , , , , , , 
8.9458269, 0.0125887, , , , , , , 8.9458269, -0.0072175, , , , , , , 8.9458269, -0.0082246, , , , , , , 8.9458269, 0.0162814, , , , , , , , , , , , , , , , , , , , , , , , , , , , 
8.9463462, 0.0070497, , , , , , , 8.9463462, -0.0102388, , , , , , , 8.9463462, -0.0058747, , , , , , , 8.9463462, 0.023331, , , , , , , , , , , , , , , , , , , , , , , , , , , , 
8.9468654, 0.0011749, , , , , , , 8.9468654, -0.010071, , , , , , , 8.9468654, -0.0043641, , , , , , , 8.9468654, 0.0307164, , , , , , , , , , , , , , , , , , , , , , , , , , , , 
8.9473846, -0.0060426, , , , , , , 8.9473846, -0.0075532, , , , , , , 8.9473846, -0.0038605, , , , , , , 8.9473846, 0.0347448, , , , , , , , , , , , , , , , , , , , , , , , , , , , 
8.9479038, -0.0112459, , , , , , , 8.9479038, -0.0082246, , , , , , , 8.9479038, -0.0038605, , , , , , , 8.9479038, 0.0357519, , , , , , , , , , , , , , , , , , , , , , , , , , , , 
8.9484231, -0.0152743, , , , , , , 8.9484231, -0.0105745, , , , , , , 8.9484231, -0.0041962, , , , , , , 8.9484231, 0.036759, , , , , , , , , , , , , , , , , , , , , , , , , , , , 
8.9489423, -0.0135958, , , , , , , 8.9489423, -0.0104067, , , , , , , 8.9489423, -0.0048676, , , , , , , 8.9489423, 0.0370947, , , , , , , , , , , , , , , , , , , , , , , , , , , , 
8.9494615, -0.005539, , , , , , , 8.9494615, -0.0104067, , , , , , , 8.9494615, -0.0048676, , , , , , , 8.9494615, 0.0340734, , , , , , , , , , , , , , , , , , , , , , , , , , , , 
8.9499808, 0.0011749, , , , , , , 8.9499808, -0.0099031, , , , , , , 8.9499808, -0.0031891, , , , , , , 8.9499808, 0.0287022, , , , , , , , , , , , , , , , , , , , , , , , , , , , 
8.9505, 0.0018463, , , , , , , 8.9505, -0.0082246, , , , , , , 8.9505, -0.0035248, , , , , , , 8.9505, 0.0240024, , , , , , , , , , , , , , , , , , , , , , , , , , , , 
8.9510192, -0.002182, , , , , , , 8.9510192, -0.0087282, , , , , , , 8.9510192, -0.0063783, , , , , , , 8.9510192, 0.0216526, , , , , , , , , , , , , , , , , , , , , , , , , , , , 
8.9515385, -0.0015106, , , , , , , 8.9515385, -0.008896, , , , , , , 8.9515385, -0.0057069, , , , , , , 8.9515385, 0.0209812, , , , , , , , , , , , , , , , , , , , , , , , , , , , 
8.9520577, 0.0058747, , , , , , , 8.9520577, -0.0078889, , , , , , , 8.9520577, -0.0048676, , , , , , , 8.9520577, 0.0203098, , , , , , , , , , , , , , , , , , , , , , , , , , , , 
8.9525769, 0.0119173, , , , , , , 8.9525769, -0.0085603, , , , , , , 8.9525769, -0.0062104, , , , , , , 8.9525769, 0.0186313, , , , , , , , , , , , , , , , , , , , , , , , , , , , 
8.9530962, 0.0115816, , , , , , , 8.9530962, -0.0104067, , , , , , , 8.9530962, -0.0077211, , , , , , , 8.9530962, 0.0172885, , , , , , , , , , , , , , , , , , , , , , , , , , , , 
8.9536154, 0.0095674, , , , , , , 8.9536154, -0.0099031, , , , , , , 8.9536154, -0.0082246, , , , , , , 8.9536154, 0.0169528, , , , , , , , , , , , , , , , , , , , , , , , , , , , 
8.9541346, 0.0112459, , , , , , , 8.9541346, -0.008896, , , , , , , 8.9541346, -0.0082246, , , , , , , 8.9541346, 0.0179599, , , , , , , , , , , , , , , , , , , , , , , , , , , , 
8.9546538, 0.0229953, , , , , , , 8.9546538, -0.0082246, , , , , , , 8.9546538, -0.0082246, , , , , , , 8.9546538, 0.0182956, , , , , , , , , , , , , , , , , , , , , , , , , , , , 
8.9551731, 0.0370947, , , , , , , 8.9551731, -0.0075532, , , , , , , 8.9551731, -0.0077211, , , , , , , 8.9551731, 0.0159457, , , , , , , , , , , , , , , , , , , , , , , , , , , , 
8.9556923, 0.042298, , , , , , , 8.9556923, -0.0073854, , , , , , , 8.9556923, -0.0082246, , , , , , , 8.9556923, 0.0139315, , , , , , , , , , , , , , , , , , , , , , , , , , , , 
8.9562115, 0.0426337, , , , , , , 8.9562115, -0.005539, , , , , , , 8.9562115, -0.0082246, , , , , , , 8.9562115, 0.0146029, , , , , , , , , , , , , , , , , , , , , , , , , , , , 
8.9567308, 0.0424659, , , , , , , 8.9567308, -0.0041962, , , , , , , 8.9567308, -0.0057069, , , , , , , 8.9567308, 0.0152743, , , , , , , , , , , , , , , , , , , , , , , , , , , , 
8.95725, 0.0397803, , , , , , , 8.95725, -0.005539, , , , , , , 8.95725, -0.0035248, , , , , , , 8.95725, 0.0149386, , , , , , , , , , , , , , , , , , , , , , , , , , , , 
8.9577692, 0.0350805, , , , , , , 8.9577692, -0.0065461, , , , , , , 8.9577692, -0.0045319, , , , , , , 8.9577692, 0.01561, , , , , , , , , , , , , , , , , , , , , , , , , , , , 
8.9582885, 0.033402, , , , , , , 8.9582885, -0.0068818, , , , , , , 8.9582885, -0.0048676, , , , , , , 8.9582885, 0.0149386, , , , , , , , , , , , , , , , , , , , , , , , , , , , 
8.9588077, 0.0320592, , , , , , , 8.9588077, -0.0068818, , , , , , , 8.9588077, -0.0058747, , , , , , , 8.9588077, 0.0125887, , , , , , , , , , , , , , , , , , , , , , , , , , , , 
8.9593269, 0.0298772, , , , , , , 8.9593269, -0.0083925, , , , , , , 8.9593269, -0.008896, , , , , , , 8.9593269, 0.0105745, , , , , , , , , , , , , , , , , , , , , , , , , , , , 
8.9598462, 0.0287022, , , , , , , 8.9598462, -0.0095674, , , , , , , 8.9598462, -0.0119173, , , , , , , 8.9598462, 0.0045319, , , , , , , , , , , , , , , , , , , , , , , , , , , , 
8.9603654, 0.0315557, , , , , , , 8.9603654, -0.0099031, , , , , , , 8.9603654, -0.0129244, , , , , , , 8.9603654, -0.0041962, , , , , , , , , , , , , , , , , , , , , , , , , , , , 
8.9608846, 0.0325628, , , , , , , 8.9608846, -0.0065461, , , , , , , 8.9608846, -0.0102388, , , , , , , 8.9608846, -0.0090639, , , , , , , , , , , , , , , , , , , , , , , , , , , , 
8.9614038, 0.0297093, , , , , , , 8.9614038, -0.0031891, , , , , , , 8.9614038, -0.0075532, , , , , , , 8.9614038, -0.0099031, , , , , , , , , , , , , , , , , , , , , , , , , , , , 
8.9619231, 0.0253452, , , , , , , 8.9619231, -0.0026856, , , , , , , 8.9619231, -0.0075532, , , , , , , 8.9619231, -0.0082246, , , , , , , , , , , , , , , , , , , , , , , , , , , , 
8.9624423, 0.0219883, , , , , , , 8.9624423, -0.0041962, , , , , , , 8.9624423, -0.0092317, , , , , , , 8.9624423, -0.0068818, , , , , , , , , , , , , , , , , , , , , , , , , , , , 
8.9629615, 0.0203098, , , , , , , 8.9629615, -0.0065461, , , , , , , 8.9629615, -0.012253, , , , , , , 8.9629615, -0.0072175, , , , , , , , , , , , , , , , , , , , , , , , , , , , 
8.9634808, 0.0172885, , , , , , , 8.9634808, -0.0072175, , , , , , , 8.9634808, -0.0115816, , , , , , , 8.9634808, -0.0068818, , , , , , , , , , , , , , , , , , , , , , , , , , , , 
8.964, 0.0129244, , , , , , , 8.964, -0.0062104, , , , , , , 8.964, -0.0102388, , , , , , , 8.964, -0.0052033, , , , , , , , , , , , , , , , , , , , , , , , , , , , 
8.9645192, 0.0065461, , , , , , , 8.9645192, -0.0058747, , , , , , , 8.9645192, -0.011078, , , , , , , 8.9645192, -0.0041962, , , , , , , , , , , , , , , , , , , , , , , , , , , , 
8.9650385, 0.0031891, , , , , , , 8.9650385, -0.0072175, , , , , , , 8.9650385, -0.0115816, , , , , , , 8.9650385, -0.0005035, , , , , , , , , , , , , , , , , , , , , , , , , , , , 
8.9655577, 0.0005035, , , , , , , 8.9655577, -0.0075532, , , , , , , 8.9655577, -0.0109102, , , , , , , 8.9655577, 0.0052033, , , , , , , , , , , , , , , , , , , , , , , , , , , , 
8.9660769, -0.0062104, , , , , , , 8.9660769, -0.0057069, , , , , , , 8.9660769, -0.0082246, , , , , , , 8.9660769, 0.0129244, , , , , , , , , , , , , , , , , , , , , , , , , , , , 
8.9665962, -0.0095674, , , , , , , 8.9665962, -0.0045319, , , , , , , 8.9665962, -0.0062104, , , , , , , 8.9665962, 0.0213169, , , , , , , , , , , , , , , , , , , , , , , , , , , , 
8.9671154, -0.0082246, , , , , , , 8.9671154, -0.0062104, , , , , , , 8.9671154, -0.0072175, , , , , , , 8.9671154, 0.0263523, , , , , , , , , , , , , , , , , , , , , , , , , , , , 
8.9676346, -0.0058747, , , , , , , 8.9676346, -0.0085603, , , , , , , 8.9676346, -0.0070497, , , , , , , 8.9676346, 0.0307164, , , , , , , , , , , , , , , , , , , , , , , , , , , , 
8.9681538, -0.0062104, , , , , , , 8.9681538, -0.0102388, , , , , , , 8.9681538, -0.0048676, , , , , , , 8.9681538, 0.0320592, , , , , , , , , , , , , , , , , , , , , , , , , , , , 
8.9686731, -0.0104067, , , , , , , 8.9686731, -0.0105745, , , , , , , 8.9686731, -0.0041962, , , , , , , 8.9686731, 0.0320592, , , , , , , , , , , , , , , , , , , , , , , , , , , , 
8.9691923, -0.0105745, , , , , , , 8.9691923, -0.0095674, , , , , , , 8.9691923, -0.0052033, , , , , , , 8.9691923, 0.0307164, , , , , , , , , , , , , , , , , , , , , , , , , , , , 
8.9697115, -0.008896, , , , , , , 8.9697115, -0.008896, , , , , , , 8.9697115, -0.0048676, , , , , , , 8.9697115, 0.0307164, , , , , , , , , , , , , , , , , , , , , , , , , , , , 
8.9702308, -0.0068818, , , , , , , 8.9702308, -0.0062104, , , , , , , 8.9702308, -0.0048676, , , , , , , 8.9702308, 0.0307164, , , , , , , , , , , , , , , , , , , , , , , , , , , , 
8.97075, -0.0052033, , , , , , , 8.97075, -0.0048676, , , , , , , 8.97075, -0.0058747, , , , , , , 8.97075, 0.0271916, , , , , , , , , , , , , , , , , , , , , , , , , , , , 
8.9712692, -0.0041962, , , , , , , 8.9712692, -0.0062104, , , , , , , 8.9712692, -0.0065461, , , , , , , 8.9712692, 0.0240024, , , , , , , , , , , , , , , , , , , , , , , , , , , , 
8.9717885, 0.002182, , , , , , , 8.9717885, -0.0068818, , , , , , , 8.9717885, -0.0062104, , , , , , , 8.9717885, 0.0206455, , , , , , , , , , , , , , , , , , , , , , , , , , , , 
8.9723077, 0.0038605, , , , , , , 8.9723077, -0.0070497, , , , , , , 8.9723077, -0.0065461, , , , , , , 8.9723077, 0.0142672, , , , , , , , , , , , , , , , , , , , , , , , , , , , 
8.9728269, 0.0011749, , , , , , , 8.9728269, -0.0083925, , , , , , , 8.9728269, -0.0068818, , , , , , , 8.9728269, 0.0095674, , , , , , , , , , , , , , , , , , , , , , , , , , , , 
8.9733462, 0.0008392, , , , , , , 8.9733462, -0.0092317, , , , , , , 8.9733462, -0.0068818, , , , , , , 8.9733462, 0.0112459, , , , , , , , , , , , , , , , , , , , , , , , , , , , 
8.9738654, 0.0045319, , , , , , , 8.9738654, -0.0095674, , , , , , , 8.9738654, -0.005539, , , , , , , 8.9738654, 0.0139315, , , , , , , , , , , , , , , , , , , , , , , , , , , , 
8.9743846, 0.0097353, , , , , , , 8.9743846, -0.0082246, , , , , , , 8.9743846, -0.005539, , , , , , , 8.9743846, 0.0132601, , , , , , , , , , , , , , , , , , , , , , , , , , , , 
8.9749038, 0.0119173, , , , , , , 8.9749038, -0.0058747, , , , , , , 8.9749038, -0.0062104, , , , , , , 8.9749038, 0.0137636, , , , , , , , , , , , , , , , , , , , , , , , , , , , 
8.9754231, 0.0095674, , , , , , , 8.9754231, -0.0057069, , , , , , , 8.9754231, -0.0062104, , , , , , , 8.9754231, 0.0132601, , , , , , , , , , , , , , , , , , , , , , , , , , , , 
8.9759423, 0.0092317, , , , , , , 8.9759423, -0.0078889, , , , , , , 8.9759423, -0.0068818, , , , , , , 8.9759423, 0.0099031, , , , , , , , , , , , , , , , , , , , , , , , , , , , 
8.9764615, 0.0119173, , , , , , , 8.9764615, -0.0083925, , , , , , , 8.9764615, -0.0077211, , , , , , , 8.9764615, 0.0078889, , , , , , , , , , , , , , , , , , , , , , , , , , , , 
8.9769808, 0.01561, , , , , , , 8.9769808, -0.0082246, , , , , , , 8.9769808, -0.0068818, , , , , , , 8.9769808, 0.0082246, , , , , , , , , , , , , , , , , , , , , , , , , , , , 
8.9775, 0.0162814, , , , , , , 8.9775, -0.0082246, , , , , , , 8.9775, -0.0075532, , , , , , , 8.9775, 0.0085603, , , , , , , , , , , , , , , , , , , , , , , , , , , , 
8.9780192, 0.0132601, , , , , , , 8.9780192, -0.0078889, , , , , , , 8.9780192, -0.0092317, , , , , , , 8.9780192, 0.0065461, , , , , , , , , , , , , , , , , , , , , , , , , , , , 
8.9785385, 0.0132601, , , , , , , 8.9785385, -0.0078889, , , , , , , 8.9785385, -0.0102388, , , , , , , 8.9785385, 0.0065461, , , , , , , , , , , , , , , , , , , , , , , , , , , , 
8.9790577, 0.0139315, , , , , , , 8.9790577, -0.0072175, , , , , , , 8.9790577, -0.012253, , , , , , , 8.9790577, 0.0070497, , , , , , , , , , , , , , , , , , , , , , , , , , , , 
8.9795769, 0.0162814, , , , , , , 8.9795769, -0.0072175, , , , , , , 8.9795769, -0.012253, , , , , , , 8.9795769, 0.0025177, , , , , , , , , , , , , , , , , , , , , , , , , , , , 
8.9800962, 0.0216526, , , , , , , 8.9800962, -0.0072175, , , , , , , 8.9800962, -0.0129244, , , , , , , 8.9800962, -0.0045319, , , , , , , , , , , , , , , , , , , , , , , , , , , , 
8.9806154, 0.0271916, , , , , , , 8.9806154, -0.0075532, , , , , , , 8.9806154, -0.0137636, , , , , , , 8.9806154, -0.0092317, , , , , , , , , , , , , , , , , , , , , , , , , , , , 
8.9811346, 0.0260166, , , , , , , 8.9811346, -0.0095674, , , , , , , 8.9811346, -0.0135958, , , , , , , 8.9811346, -0.0102388, , , , , , , , , , , , , , , , , , , , , , , , , , , , 
8.9816538, 0.0226596, , , , , , , 8.9816538, -0.0095674, , , , , , , 8.9816538, -0.0115816, , , , , , , 8.9816538, -0.0082246, , , , , , , , , , , , , , , , , , , , , , , , , , , , 
8.9821731, 0.0213169, , , , , , , 8.9821731, -0.005539, , , , , , , 8.9821731, -0.0114137, , , , , , , 8.9821731, -0.0058747, , , , , , , , , , , , , , , , , , , , , , , , , , , , 
8.9826923, 0.0162814, , , , , , , 8.9826923, -0.0045319, , , , , , , 8.9826923, -0.0105745, , , , , , , 8.9826923, -0.0035248, , , , , , , , , , , , , , , , , , , , , , , , , , , , 
8.9832115, 0.0140993, , , , , , , 8.9832115, -0.0058747, , , , , , , 8.9832115, -0.0104067, , , , , , , 8.9832115, 0.0015106, , , , , , , , , , , , , , , , , , , , , , , , , , , , 
8.9837308, 0.0146029, , , , , , , 8.9837308, -0.0058747, , , , , , , 8.9837308, -0.0112459, , , , , , , 8.9837308, 0.0085603, , , , , , , , , , , , , , , , , , , , , , , , , , , , 
8.98425, 0.0105745, , , , , , , 8.98425, -0.005539, , , , , , , 8.98425, -0.0102388, , , , , , , 8.98425, 0.0132601, , , , , , , , , , , , , , , , , , , , , , , , , , , , 
8.9847692, 0.0073854, , , , , , , 8.9847692, -0.0065461, , , , , , , 8.9847692, -0.0082246, , , , , , , 8.9847692, 0.0157778, , , , , , , , , , , , , , , , , , , , , , , , , , , , 
8.9852885, 0.0102388, , , , , , , 8.9852885, -0.008896, , , , , , , 8.9852885, -0.0075532, , , , , , , 8.9852885, 0.0179599, , , , , , , , , , , , , , , , , , , , , , , , , , , , 
8.9858077, 0.0062104, , , , , , , 8.9858077, -0.0082246, , , , , , , 8.9858077, -0.0078889, , , , , , , 8.9858077, 0.021149, , , , , , , , , , , , , , , , , , , , , , , , , , , , 
8.9863269, 0.0008392, , , , , , , 8.9863269, -0.0060426, , , , , , , 8.9863269, -0.0068818, , , , , , , 8.9863269, 0.0243381, , , , , , , , , , , , , , , , , , , , , , , , , , , , 
8.9868462, -0.0003357, , , , , , , 8.9868462, -0.0068818, , , , , , , 8.9868462, -0.005539, , , , , , , 8.9868462, 0.0263523, , , , , , , , , , , , , , , , , , , , , , , , , , , , 
8.9873654, -0.0015106, , , , , , , 8.9873654, -0.0090639, , , , , , , 8.9873654, -0.0048676, , , , , , , 8.9873654, 0.0287022, , , , , , , , , , , , , , , , , , , , , , , , , , , , 
8.9878846, -0.002182, , , , , , , 8.9878846, -0.012253, , , , , , , 8.9878846, -0.0045319, , , , , , , 8.9878846, 0.0320592, , , , , , , , , , , , , , , , , , , , , , , , , , , , 
8.9884038, -0.0011749, , , , , , , 8.9884038, -0.0129244, , , , , , , 8.9884038, -0.0041962, , , , , , , 8.9884038, 0.0327306, , , , , , , , , , , , , , , , , , , , , , , , , , , , 
8.9889231, 0.0011749, , , , , , , 8.9889231, -0.0129244, , , , , , , 8.9889231, -0.002182, , , , , , , 8.9889231, 0.0337377, , , , , , , , , , , , , , , , , , , , , , , , , , , , 
8.9894423, 0.0025177, , , , , , , 8.9894423, -0.012253, , , , , , , 8.9894423, -0.0010071, , , , , , , 8.9894423, 0.0337377, , , , , , , , , , , , , , , , , , , , , , , , , , , , 
8.9899615, 0.0078889, , , , , , , 8.9899615, -0.0119173, , , , , , , 8.9899615, -0.0025177, , , , , , , 8.9899615, 0.0310521, , , , , , , , , , , , , , , , , , , , , , , , , , , , 
8.9904808, 0.0119173, , , , , , , 8.9904808, -0.0109102, , , , , , , 8.9904808, -0.0062104, , , , , , , 8.9904808, 0.0251774, , , , , , , , , , , , , , , , , , , , , , , , , , , , 
8.991, 0.0137636, , , , , , , 8.991, -0.0109102, , , , , , , 8.991, -0.0075532, , , , , , , 8.991, 0.0196384, , , , , , , , , , , , , , , , , , , , , , , , , , , , 
8.9915192, 0.0102388, , , , , , , 8.9915192, -0.0095674, , , , , , , 8.9915192, -0.0057069, , , , , , , 8.9915192, 0.0172885, , , , , , , , , , , , , , , , , , , , , , , , , , , , 
8.9920385, 0.0072175, , , , , , , 8.9920385, -0.008896, , , , , , , 8.9920385, -0.0062104, , , , , , , 8.9920385, 0.0159457, , , , , , , , , , , , , , , , , , , , , , , , , , , , 
8.9925577, 0.0099031, , , , , , , 8.9925577, -0.0075532, , , , , , , 8.9925577, -0.0057069, , , , , , , 8.9925577, 0.0139315, , , , , , , , , , , , , , , , , , , , , , , , , , , , 
8.9930769, 0.0152743, , , , , , , 8.9930769, -0.0068818, , , , , , , 8.9930769, -0.0043641, , , , , , , 8.9930769, 0.0109102, , , , , , , , , , , , , , , , , , , , , , , , , , , , 
8.9935962, 0.0199741, , , , , , , 8.9935962, -0.0075532, , , , , , , 8.9935962, -0.0052033, , , , , , , 8.9935962, 0.0092317, , , , , , , , , , , , , , , , , , , , , , , , , , , , 
8.9941154, 0.0213169, , , , , , , 8.9941154, -0.0082246, , , , , , , 8.9941154, -0.0068818, , , , , , , 8.9941154, 0.0099031, , , , , , , , , , , , , , , , , , , , , , , , , , , , 
8.9946346, 0.0229953, , , , , , , 8.9946346, -0.0092317, , , , , , , 8.9946346, -0.0085603, , , , , , , 8.9946346, 0.0085603, , , , , , , , , , , , , , , , , , , , , , , , , , , , 
8.9951538, 0.0275273, , , , , , , 8.9951538, -0.008896, , , , , , , 8.9951538, -0.0115816, , , , , , , 8.9951538, 0.0058747, , , , , , , , , , , , , , , , , , , , , , , , , , , , 
8.9956731, 0.0303807, , , , , , , 8.9956731, -0.0102388, , , , , , , 8.9956731, -0.0146029, , , , , , , 8.9956731, 0.0052033, , , , , , , , , , , , , , , , , , , , , , , , , , , , 
8.9961923, 0.0280308, , , , , , , 8.9961923, -0.0115816, , , , , , , 8.9961923, -0.0142672, , , , , , , 8.9961923, 0.0057069, , , , , , , , , , , , , , , , , , , , , , , , , , , , 
8.9967115, 0.0223239, , , , , , , 8.9967115, -0.0102388, , , , , , , 8.9967115, -0.0125887, , , , , , , 8.9967115, 0.0045319, , , , , , , , , , , , , , , , , , , , , , , , , , , , 
8.9972308, 0.0199741, , , , , , , 8.9972308, -0.0070497, , , , , , , 8.9972308, -0.0115816, , , , , , , 8.9972308, 0.0011749, , , , , , , , , , , , , , , , , , , , , , , , , , , , 
8.99775, 0.0236667, , , , , , , 8.99775, -0.005539, , , , , , , 8.99775, -0.011078, , , , , , , 8.99775, 0.0015106, , , , , , , , , , , , , , , , , , , , , , , , , , , , 
8.9982692, 0.0297093, , , , , , , 8.9982692, -0.005539, , , , , , , 8.9982692, -0.0119173, , , , , , , 8.9982692, 0.0035248, , , , , , , , , , , , , , , , , , , , , , , , , , , , 
8.9987885, 0.0327306, , , , , , , 8.9987885, -0.0060426, , , , , , , 8.9987885, -0.0124208, , , , , , , 8.9987885, 0.0036927, , , , , , , , , , , , , , , , , , , , , , , , , , , , 
8.9993077, 0.0276951, , , , , , , 8.9993077, -0.0058747, , , , , , , 8.9993077, -0.0115816, , , , , , , 8.9993077, 0.0023499, , , , , , , , , , , , , , , , , , , , , , , , , , , , 
8.9998269, 0.0250095, , , , , , , 8.9998269, -0.0062104, , , , , , , 8.9998269, -0.0082246, , , , , , , 8.9998269, -0.0018463, , , , , , , , , , , , , , , , , , , , , , , , , , , , 
9.0003462, 0.0229953, , , , , , , 9.0003462, -0.0048676, , , , , , , 9.0003462, -0.0070497, , , , , , , 9.0003462, -0.005539, , , , , , , , , , , , , , , , , , , , , , , , , , , , 
9.0008654, 0.0199741, , , , , , , 9.0008654, -0.0036927, , , , , , , 9.0008654, -0.0095674, , , , , , , 9.0008654, -0.0082246, , , , , , , , , , , , , , , , , , , , , , , , , , , , 
9.0013846, 0.0236667, , , , , , , 9.0013846, -0.0048676, , , , , , , 9.0013846, -0.0112459, , , , , , , 9.0013846, -0.008896, , , , , , , , , , , , , , , , , , , , , , , , , , , , 
9.0019038, 0.0330663, , , , , , , 9.0019038, -0.005539, , , , , , , 9.0019038, -0.0119173, , , , , , , 9.0019038, -0.0068818, , , , , , , , , , , , , , , , , , , , , , , , , , , , 
9.0024231, 0.0354162, , , , , , , 9.0024231, -0.0025177, , , , , , , 9.0024231, -0.0109102, , , , , , , 9.0024231, -0.0031891, , , , , , , , , , , , , , , , , , , , , , , , , , , , 
9.0029423, 0.0293736, , , , , , , 9.0029423, -0.0011749, , , , , , , 9.0029423, -0.0115816, , , , , , , 9.0029423, -0.0001678, , , , , , , , , , , , , , , , , , , , , , , , , , , , 
9.0034615, 0.0246738, , , , , , , 9.0034615, -0.0031891, , , , , , , 9.0034615, -0.0119173, , , , , , , 9.0034615, 0.005539, , , , , , , , , , , , , , , , , , , , , , , , , , , , 
9.0039808, 0.0219883, , , , , , , 9.0039808, -0.0045319, , , , , , , 9.0039808, -0.0095674, , , , , , , 9.0039808, 0.0115816, , , , , , , , , , , , , , , , , , , , , , , , , , , , 
9.0045, 0.0203098, , , , , , , 9.0045, -0.0045319, , , , , , , 9.0045, -0.0075532, , , , , , , 9.0045, 0.0139315, , , , , , , , , , , , , , , , , , , , , , , , , , , , 
9.0050192, 0.0171206, , , , , , , 9.0050192, -0.0031891, , , , , , , 9.0050192, -0.0082246, , , , , , , 9.0050192, 0.0157778, , , , , , , , , , , , , , , , , , , , , , , , , , , , 
9.0055385, 0.0112459, , , , , , , 9.0055385, -0.0018463, , , , , , , 9.0055385, -0.0085603, , , , , , , 9.0055385, 0.0186313, , , , , , , , , , , , , , , , , , , , , , , , , , , , 
9.0060577, 0.0038605, , , , , , , 9.0060577, -0.002182, , , , , , , 9.0060577, -0.0082246, , , , , , , 9.0060577, 0.0208133, , , , , , , , , , , , , , , , , , , , , , , , , , , , 
9.0065769, -0.0028534, , , , , , , 9.0065769, -0.0045319, , , , , , , 9.0065769, -0.0075532, , , , , , , 9.0065769, 0.0229953, , , , , , , , , , , , , , , , , , , , , , , , , , , , 
9.0070962, -0.0035248, , , , , , , 9.0070962, -0.0062104, , , , , , , 9.0070962, -0.0068818, , , , , , , 9.0070962, 0.0250095, , , , , , , , , , , , , , , , , , , , , , , , , , , , 
9.0076154, -0.0058747, , , , , , , 9.0076154, -0.0068818, , , , , , , 9.0076154, -0.0048676, , , , , , , 9.0076154, 0.0287022, , , , , , , , , , , , , , , , , , , , , , , , , , , , 
9.0081346, -0.0102388, , , , , , , 9.0081346, -0.008896, , , , , , , 9.0081346, -0.0035248, , , , , , , 9.0081346, 0.0360876, , , , , , , , , , , , , , , , , , , , , , , , , , , , 
9.0086538, -0.0115816, , , , , , , 9.0086538, -0.0109102, , , , , , , 9.0086538, -0.0035248, , , , , , , 9.0086538, 0.0419623, , , , , , , , , , , , , , , , , , , , , , , , , , , , 
9.0091731, -0.0104067, , , , , , , 9.0091731, -0.0115816, , , , , , , 9.0091731, -0.0036927, , , , , , , 9.0091731, 0.0428016, , , , , , , , , , , , , , , , , , , , , , , , , , , , 
9.0096923, -0.0099031, , , , , , , 9.0096923, -0.0129244, , , , , , , 9.0096923, -0.0036927, , , , , , , 9.0096923, 0.0364233, , , , , , , , , , , , , , , , , , , , , , , , , , , , 
9.0102115, -0.0082246, , , , , , , 9.0102115, -0.0115816, , , , , , , 9.0102115, -0.0031891, , , , , , , 9.0102115, 0.0293736, , , , , , , , , , , , , , , , , , , , , , , , , , , , 
9.0107308, -0.0036927, , , , , , , 9.0107308, -0.008896, , , , , , , 9.0107308, -0.0041962, , , , , , , 9.0107308, 0.0246738, , , , , , , , , , , , , , , , , , , , , , , , , , , , 
9.01125, -0.0005035, , , , , , , 9.01125, -0.0095674, , , , , , , 9.01125, -0.0068818, , , , , , , 9.01125, 0.0219883, , , , , , , , , , , , , , , , , , , , , , , , , , , , 
9.0117692, 0.0041962, , , , , , , 9.0117692, -0.0095674, , , , , , , 9.0117692, -0.0070497, , , , , , , 9.0117692, 0.0206455, , , , , , , , , , , , , , , , , , , , , , , , , , , , 
9.0122885, 0.012253, , , , , , , 9.0122885, -0.0075532, , , , , , , 9.0122885, -0.0052033, , , , , , , 9.0122885, 0.0179599, , , , , , , , , , , , , , , , , , , , , , , , , , , , 
9.0128077, 0.0119173, , , , , , , 9.0128077, -0.0062104, , , , , , , 9.0128077, -0.0036927, , , , , , , 9.0128077, 0.012253, , , , , , , , , , , , , , , , , , , , , , , , , , , , 
9.0133269, 0.0099031, , , , , , , 9.0133269, -0.0068818, , , , , , , 9.0133269, -0.0031891, , , , , , , 9.0133269, 0.0068818, , , , , , , , , , , , , , , , , , , , , , , , , , , , 
9.0138462, 0.012253, , , , , , , 9.0138462, -0.0068818, , , , , , , 9.0138462, -0.0035248, , , , , , , 9.0138462, 0.0058747, , , , , , , , , , , , , , , , , , , , , , , , , , , , 
9.0143654, 0.01561, , , , , , , 9.0143654, -0.0062104, , , , , , , 9.0143654, -0.0038605, , , , , , , 9.0143654, 0.0052033, , , , , , , , , , , , , , , , , , , , , , , , , , , , 
9.0148846, 0.0164492, , , , , , , 9.0148846, -0.0078889, , , , , , , 9.0148846, -0.0028534, , , , , , , 9.0148846, 0.0031891, , , , , , , , , , , , , , , , , , , , , , , , , , , , 
9.0154038, 0.0152743, , , , , , , 9.0154038, -0.0105745, , , , , , , 9.0154038, -0.002182, , , , , , , 9.0154038, 0.002182, , , , , , , , , , , , , , , , , , , , , , , , , , , , 
9.0159231, 0.0164492, , , , , , , 9.0159231, -0.0125887, , , , , , , 9.0159231, -0.0028534, , , , , , , 9.0159231, -0.0001678, , , , , , , , , , , , , , , , , , , , , , , , , , , , 
9.0164423, 0.0186313, , , , , , , 9.0164423, -0.0135958, , , , , , , 9.0164423, -0.0028534, , , , , , , 9.0164423, 0.0005035, , , , , , , , , , , , , , , , , , , , , , , , , , , , 
9.0169615, 0.0166171, , , , , , , 9.0169615, -0.0142672, , , , , , , 9.0169615, -0.0052033, , , , , , , 9.0169615, 0.0038605, , , , , , , , , , , , , , , , , , , , , , , , , , , , 
9.0174808, 0.012253, , , , , , , 9.0174808, -0.0142672, , , , , , , 9.0174808, -0.0097353, , , , , , , 9.0174808, 0.0048676, , , , , , , , , , , , , , , , , , , , , , , , , , , , 
9.018, 0.012253, , , , , , , 9.018, -0.012253, , , , , , , 9.018, -0.0109102, , , , , , , 9.018, 0.0045319, , , , , , , , , , , , , , , , , , , , , , , , , , , , 
9.0185192, 0.0146029, , , , , , , 9.0185192, -0.0105745, , , , , , , 9.0185192, -0.0082246, , , , , , , 9.0185192, 0.0052033, , , , , , , , , , , , , , , , , , , , , , , , , , , , 
9.0190385, 0.018967, , , , , , , 9.0190385, -0.0109102, , , , , , , 9.0190385, -0.0082246, , , , , , , 9.0190385, 0.0065461, , , , , , , , , , , , , , , , , , , , , , , , , , , , 
9.0195577, 0.0229953, , , , , , , 9.0195577, -0.0102388, , , , , , , 9.0195577, -0.0087282, , , , , , , 9.0195577, 0.0052033, , , , , , , , , , , , , , , , , , , , , , , , , , , , 
9.0200769, 0.0240024, , , , , , , 9.0200769, -0.0082246, , , , , , , 9.0200769, -0.0078889, , , , , , , 9.0200769, -0.0005035, , , , , , , , , , , , , , , , , , , , , , , , , , , , 
9.0205962, 0.0273594, , , , , , , 9.0205962, -0.0072175, , , , , , , 9.0205962, -0.0082246, , , , , , , 9.0205962, -0.002182, , , , , , , , , , , , , , , , , , , , , , , , , , , , 
9.0211154, 0.0339055, , , , , , , 9.0211154, -0.0095674, , , , , , , 9.0211154, -0.0109102, , , , , , , 9.0211154, -0.0025177, , , , , , , , , , , , , , , , , , , , , , , , , , , , 
9.0216346, 0.0352483, , , , , , , 9.0216346, -0.0097353, , , , , , , 9.0216346, -0.0125887, , , , , , , 9.0216346, -0.0015106, , , , , , , , , , , , , , , , , , , , , , , , , , , , 
9.0221538, 0.0310521, , , , , , , 9.0221538, -0.008896, , , , , , , 9.0221538, -0.0129244, , , , , , , 9.0221538, -0.0020142, , , , , , , , , , , , , , , , , , , , , , , , , , , , 
9.0226731, 0.027863, , , , , , , 9.0226731, -0.0075532, , , , , , , 9.0226731, -0.0109102, , , , , , , 9.0226731, -0.0020142, , , , , , , , , , , , , , , , , , , , , , , , , , , , 
9.0231923, 0.0293736, , , , , , , 9.0231923, -0.0070497, , , , , , , 9.0231923, -0.0090639, , , , , , , 9.0231923, -0.0001678, , , , , , , , , , , , , , , , , , , , , , , , , , , , 
9.0237115, 0.0327306, , , , , , , 9.0237115, -0.0075532, , , , , , , 9.0237115, -0.0085603, , , , , , , 9.0237115, 0.0028534, , , , , , , , , , , , , , , , , , , , , , , , , , , , 
9.0242308, 0.0303807, , , , , , , 9.0242308, -0.0075532, , , , , , , 9.0242308, -0.0095674, , , , , , , 9.0242308, 0.0065461, , , , , , , , , , , , , , , , , , , , , , , , , , , , 
9.02475, 0.023331, , , , , , , 9.02475, -0.0083925, , , , , , , 9.02475, -0.008896, , , , , , , 9.02475, 0.0119173, , , , , , , , , , , , , , , , , , , , , , , , , , , , 
9.0252692, 0.018967, , , , , , , 9.0252692, -0.0097353, , , , , , , 9.0252692, -0.0068818, , , , , , , 9.0252692, 0.018967, , , , , , , , , , , , , , , , , , , , , , , , , , , , 
9.0257885, 0.0169528, , , , , , , 9.0257885, -0.0095674, , , , , , , 9.0257885, -0.0063783, , , , , , , 9.0257885, 0.0253452, , , , , , , , , , , , , , , , , , , , , , , , , , , , 
9.0263077, 0.0102388, , , , , , , 9.0263077, -0.0085603, , , , , , , 9.0263077, -0.0072175, , , , , , , 9.0263077, 0.0317235, , , , , , , , , , , , , , , , , , , , , , , , , , , , 
9.0268269, 0.0038605, , , , , , , 9.0268269, -0.0068818, , , , , , , 9.0268269, -0.0085603, , , , , , , 9.0268269, 0.0357519, , , , , , , , , , , , , , , , , , , , , , , , , , , , 
9.0273462, -0.0011749, , , , , , , 9.0273462, -0.005539, , , , , , , 9.0273462, -0.0072175, , , , , , , 9.0273462, 0.0381018, , , , , , , , , , , , , , , , , , , , , , , , , , , , 
9.0278654, -0.0052033, , , , , , , 9.0278654, -0.0068818, , , , , , , 9.0278654, -0.0038605, , , , , , , 9.0278654, 0.040116, , , , , , , , , , , , , , , , , , , , , , , , , , , , 
9.0283846, -0.0085603, , , , , , , 9.0283846, -0.008896, , , , , , , 9.0283846, -0.0015106, , , , , , , 9.0283846, 0.0426337, , , , , , , , , , , , , , , , , , , , , , , , , , , , 
9.0289038, -0.0095674, , , , , , , 9.0289038, -0.0105745, , , , , , , 9.0289038, -0.002182, , , , , , , 9.0289038, 0.0424659, , , , , , , , , , , , , , , , , , , , , , , , , , , , 
9.0294231, -0.0052033, , , , , , , 9.0294231, -0.0095674, , , , , , , 9.0294231, -0.0030213, , , , , , , 9.0294231, 0.0397803, , , , , , , , , , , , , , , , , , , , , , , , , , , , 
9.0299423, -0.0005035, , , , , , , 9.0299423, -0.0077211, , , , , , , 9.0299423, -0.0025177, , , , , , , 9.0299423, 0.0360876, , , , , , , , , , , , , , , , , , , , , , , , , , , , 
9.0304615, 0.0011749, , , , , , , 9.0304615, -0.0082246, , , , , , , 9.0304615, -0.0045319, , , , , , , 9.0304615, 0.0320592, , , , , , , , , , , , , , , , , , , , , , , , , , , , 
9.0309808, 0.0052033, , , , , , , 9.0309808, -0.0085603, , , , , , , 9.0309808, -0.0075532, , , , , , , 9.0309808, 0.0283665, , , , , , , , , , , , , , , , , , , , , , , , , , , , 
9.0315, 0.011078, , , , , , , 9.0315, -0.0070497, , , , , , , 9.0315, -0.0078889, , , , , , , 9.0315, 0.0246738, , , , , , , , , , , , , , , , , , , , , , , , , , , , 
9.0320192, 0.0166171, , , , , , , 9.0320192, -0.0065461, , , , , , , 9.0320192, -0.0082246, , , , , , , 9.0320192, 0.0213169, , , , , , , , , , , , , , , , , , , , , , , , , , , , 
9.0325385, 0.018967, , , , , , , 9.0325385, -0.005539, , , , , , , 9.0325385, -0.0075532, , , , , , , 9.0325385, 0.0162814, , , , , , , , , , , , , , , , , , , , , , , , , , , , 
9.0330577, 0.0186313, , , , , , , 9.0330577, -0.0050355, , , , , , , 9.0330577, -0.0070497, , , , , , , 9.0330577, 0.0129244, , , , , , , , , , , , , , , , , , , , , , , , , , , , 
9.0335769, 0.0203098, , , , , , , 9.0335769, -0.0062104, , , , , , , 9.0335769, -0.0070497, , , , , , , 9.0335769, 0.0112459, , , , , , , , , , , , , , , , , , , , , , , , , , , , 
9.0340962, 0.0199741, , , , , , , 9.0340962, -0.0057069, , , , , , , 9.0340962, -0.0095674, , , , , , , 9.0340962, 0.0097353, , , , , , , , , , , , , , , , , , , , , , , , , , , , 
9.0346154, 0.0172885, , , , , , , 9.0346154, -0.0058747, , , , , , , 9.0346154, -0.0132601, , , , , , , 9.0346154, 0.008896, , , , , , , , , , , , , , , , , , , , , , , , , , , , 
9.0351346, 0.0166171, , , , , , , 9.0351346, -0.0068818, , , , , , , 9.0351346, -0.0139315, , , , , , , 9.0351346, 0.0097353, , , , , , , , , , , , , , , , , , , , , , , , , , , , 
9.0356538, 0.0135958, , , , , , , 9.0356538, -0.0058747, , , , , , , 9.0356538, -0.0109102, , , , , , , 9.0356538, 0.0092317, , , , , , , , , , , , , , , , , , , , , , , , , , , , 
9.0361731, 0.0132601, , , , , , , 9.0361731, -0.005539, , , , , , , 9.0361731, -0.0095674, , , , , , , 9.0361731, 0.0065461, , , , , , , , , , , , , , , , , , , , , , , , , , , , 
9.0366923, 0.0172885, , , , , , , 9.0366923, -0.0068818, , , , , , , 9.0366923, -0.0082246, , , , , , , 9.0366923, 0.0058747, , , , , , , , , , , , , , , , , , , , , , , , , , , , 
9.0372115, 0.0206455, , , , , , , 9.0372115, -0.0078889, , , , , , , 9.0372115, -0.0077211, , , , , , , 9.0372115, 0.0075532, , , , , , , , , , , , , , , , , , , , , , , , , , , , 
9.0377308, 0.0196384, , , , , , , 9.0377308, -0.0063783, , , , , , , 9.0377308, -0.008896, , , , , , , 9.0377308, 0.0075532, , , , , , , , , , , , , , , , , , , , , , , , , , , , 
9.03825, 0.0129244, , , , , , , 9.03825, -0.005539, , , , , , , 9.03825, -0.0095674, , , , , , , 9.03825, 0.0065461, , , , , , , , , , , , , , , , , , , , , , , , , , , , 
9.0387692, 0.0117494, , , , , , , 9.0387692, -0.0065461, , , , , , , 9.0387692, -0.008896, , , , , , , 9.0387692, 0.0052033, , , , , , , , , , , , , , , , , , , , , , , , , , , , 
9.0392885, 0.0198062, , , , , , , 9.0392885, -0.0075532, , , , , , , 9.0392885, -0.0095674, , , , , , , 9.0392885, 0.0011749, , , , , , , , , , , , , , , , , , , , , , , , , , , , 
9.0398077, 0.023331, , , , , , , 9.0398077, -0.0075532, , , , , , , 9.0398077, -0.0102388, , , , , , , 9.0398077, -0.0041962, , , , , , , , , , , , , , , , , , , , , , , , , , , , 
9.0403269, 0.0307164, , , , , , , 9.0403269, -0.0073854, , , , , , , 9.0403269, -0.0085603, , , , , , , 9.0403269, -0.0075532, , , , , , , , , , , , , , , , , , , , , , , , , , , , 
9.0408462, 0.0394446, , , , , , , 9.0408462, -0.0068818, , , , , , , 9.0408462, -0.0105745, , , , , , , 9.0408462, -0.0062104, , , , , , , , , , , , , , , , , , , , , , , , , , , , 
9.0413654, 0.0424659, , , , , , , 9.0413654, -0.0072175, , , , , , , 9.0413654, -0.0135958, , , , , , , 9.0413654, -0.0068818, , , , , , , , , , , , , , , , , , , , , , , , , , , , 
9.0418846, 0.0391089, , , , , , , 9.0418846, -0.0068818, , , , , , , 9.0418846, -0.0139315, , , , , , , 9.0418846, -0.0102388, , , , , , , , , , , , , , , , , , , , , , , , , , , , 
9.0424038, 0.0327306, , , , , , , 9.0424038, -0.0068818, , , , , , , 9.0424038, -0.0135958, , , , , , , 9.0424038, -0.0129244, , , , , , , , , , , , , , , , , , , , , , , , , , , , 
9.0429231, 0.0250095, , , , , , , 9.0429231, -0.0062104, , , , , , , 9.0429231, -0.0129244, , , , , , , 9.0429231, -0.0095674, , , , , , , , , , , , , , , , , , , , , , , , , , , , 
9.0434423, 0.0179599, , , , , , , 9.0434423, -0.0052033, , , , , , , 9.0434423, -0.0129244, , , , , , , 9.0434423, -0.0031891, , , , , , , , , , , , , , , , , , , , , , , , , , , , 
9.0439615, 0.0139315, , , , , , , 9.0439615, -0.0068818, , , , , , , 9.0439615, -0.0129244, , , , , , , 9.0439615, 0.0015106, , , , , , , , , , , , , , , , , , , , , , , , , , , , 
9.0444808, 0.0135958, , , , , , , 9.0444808, -0.0077211, , , , , , , 9.0444808, -0.0105745, , , , , , , 9.0444808, 0.0038605, , , , , , , , , , , , , , , , , , , , , , , , , , , , 
9.045, 0.0105745, , , , , , , 9.045, -0.0092317, , , , , , , 9.045, -0.0077211, , , , , , , 9.045, 0.0085603, , , , , , , , , , , , , , , , , , , , , , , , , , , , 
9.0455192, 0.0041962, , , , , , , 9.0455192, -0.0102388, , , , , , , 9.0455192, -0.0068818, , , , , , , 9.0455192, 0.0146029, , , , , , , , , , , , , , , , , , , , , , , , , , , , 
9.0460385, -0.0005035, , , , , , , 9.0460385, -0.0097353, , , , , , , 9.0460385, -0.0060426, , , , , , , 9.0460385, 0.0204776, , , , , , , , , , , , , , , , , , , , , , , , , , , , 
9.0465577, -0.0041962, , , , , , , 9.0465577, -0.0092317, , , , , , , 9.0465577, -0.005539, , , , , , , 9.0465577, 0.0253452, , , , , , , , , , , , , , , , , , , , , , , , , , , , 
9.0470769, -0.0082246, , , , , , , 9.0470769, -0.0092317, , , , , , , 9.0470769, -0.0068818, , , , , , , 9.0470769, 0.0287022, , , , , , , , , , , , , , , , , , , , , , , , , , , , 
9.0475962, -0.0083925, , , , , , , 9.0475962, -0.0099031, , , , , , , 9.0475962, -0.005539, , , , , , , 9.0475962, 0.033402, , , , , , , , , , , , , , , , , , , , , , , , , , , , 
9.0481154, -0.0043641, , , , , , , 9.0481154, -0.0092317, , , , , , , 9.0481154, -0.0035248, , , , , , , 9.0481154, 0.036759, , , , , , , , , , , , , , , , , , , , , , , , , , , , 
9.0486346, -0.0031891, , , , , , , 9.0486346, -0.008896, , , , , , , 9.0486346, -0.002182, , , , , , , 9.0486346, 0.0377661, , , , , , , , , , , , , , , , , , , , , , , , , , , , 
9.0491538, -0.0048676, , , , , , , 9.0491538, -0.0092317, , , , , , , 9.0491538, -0.0025177, , , , , , , 9.0491538, 0.0354162, , , , , , , , , , , , , , , , , , , , , , , , , , , , 
9.0496731, -0.002182, , , , , , , 9.0496731, -0.0095674, , , , , , , 9.0496731, -0.0015106, , , , , , , 9.0496731, 0.0297093, , , , , , , , , , , , , , , , , , , , , , , , , , , , 
9.0501923, 0.0031891, , , , , , , 9.0501923, -0.0075532, , , , , , , 9.0501923, -0.0005035, , , , , , , 9.0501923, 0.0246738, , , , , , , , , , , , , , , , , , , , , , , , , , , , 
9.0507115, 0.005539, , , , , , , 9.0507115, -0.0048676, , , , , , , 9.0507115, -0.0011749, , , , , , , 9.0507115, 0.0203098, , , , , , , , , , , , , , , , , , , , , , , , , , , , 
9.0512308, 0.0043641, , , , , , , 9.0512308, -0.0050355, , , , , , , 9.0512308, -0.0018463, , , , , , , 9.0512308, 0.01561, , , , , , , , , , , , , , , , , , , , , , , , , , , , 
9.05175, 0.0053712, , , , , , , 9.05175, -0.0065461, , , , , , , 9.05175, -0.0041962, , , , , , , 9.05175, 0.0125887, , , , , , , , , , , , , , , , , , , , , , , , , , , , 
9.0522692, 0.0105745, , , , , , , 9.0522692, -0.0065461, , , , , , , 9.0522692, -0.0062104, , , , , , , 9.0522692, 0.0102388, , , , , , , , , , , , , , , , , , , , , , , , , , , , 
9.0527885, 0.0166171, , , , , , , 9.0527885, -0.0057069, , , , , , , 9.0527885, -0.0058747, , , , , , , 9.0527885, 0.0072175, , , , , , , , , , , , , , , , , , , , , , , , , , , , 
9.0533077, 0.0130922, , , , , , , 9.0533077, -0.0068818, , , , , , , 9.0533077, -0.0045319, , , , , , , 9.0533077, 0.0083925, , , , , , , , , , , , , , , , , , , , , , , , , , , , 
9.0538269, 0.0075532, , , , , , , 9.0538269, -0.0082246, , , , , , , 9.0538269, -0.0052033, , , , , , , 9.0538269, 0.0104067, , , , , , , , , , , , , , , , , , , , , , , , , , , , 
9.0543462, 0.0119173, , , , , , , 9.0543462, -0.0095674, , , , , , , 9.0543462, -0.0048676, , , , , , , 9.0543462, 0.0092317, , , , , , , , , , , , , , , , , , , , , , , , , , , , 
9.0548654, 0.0216526, , , , , , , 9.0548654, -0.0095674, , , , , , , 9.0548654, -0.0041962, , , , , , , 9.0548654, 0.0058747, , , , , , , , , , , , , , , , , , , , , , , , , , , , 
9.0553846, 0.024506, , , , , , , 9.0553846, -0.0082246, , , , , , , 9.0553846, -0.0062104, , , , , , , 9.0553846, 0.0045319, , , , , , , , , , , , , , , , , , , , , , , , , , , , 
9.0559038, 0.0226596, , , , , , , 9.0559038, -0.0097353, , , , , , , 9.0559038, -0.0075532, , , , , , , 9.0559038, 0.0031891, , , , , , , , , , , , , , , , , , , , , , , , , , , , 
9.0564231, 0.0213169, , , , , , , 9.0564231, -0.0105745, , , , , , , 9.0564231, -0.0077211, , , , , , , 9.0564231, 0.0035248, , , , , , , , , , , , , , , , , , , , , , , , , , , , 
9.0569423, 0.0219883, , , , , , , 9.0569423, -0.008896, , , , , , , 9.0569423, -0.0087282, , , , , , , 9.0569423, 0.0052033, , , , , , , , , , , , , , , , , , , , , , , , , , , , 
9.0574615, 0.0240024, , , , , , , 9.0574615, -0.0082246, , , , , , , 9.0574615, -0.0105745, , , , , , , 9.0574615, 0.0048676, , , , , , , , , , , , , , , , , , , , , , , , , , , , 
9.0579808, 0.0223239, , , , , , , 9.0579808, -0.0065461, , , , , , , 9.0579808, -0.0109102, , , , , , , 9.0579808, 0.0015106, , , , , , , , , , , , , , , , , , , , , , , , , , , , 
9.0585, 0.0193027, , , , , , , 9.0585, -0.005539, , , , , , , 9.0585, -0.0090639, , , , , , , 9.0585, 0.0011749, , , , , , , , , , , , , , , , , , , , , , , , , , , , 
9.0590192, 0.0164492, , , , , , , 9.0590192, -0.0062104, , , , , , , 9.0590192, -0.0095674, , , , , , , 9.0590192, 0.0025177, , , , , , , , , , , , , , , , , , , , , , , , , , , , 
9.0595385, 0.0169528, , , , , , , 9.0595385, -0.0052033, , , , , , , 9.0595385, -0.0125887, , , , , , , 9.0595385, 0.0023499, , , , , , , , , , , , , , , , , , , , , , , , , , , , 
9.0600577, 0.0193027, , , , , , , 9.0600577, -0.0036927, , , , , , , 9.0600577, -0.0135958, , , , , , , 9.0600577, -0.0001678, , , , , , , , , , , , , , , , , , , , , , , , , , , , 
9.0605769, 0.0223239, , , , , , , 9.0605769, -0.0035248, , , , , , , 9.0605769, -0.012253, , , , , , , 9.0605769, -0.0008392, , , , , , , , , , , , , , , , , , , , , , , , , , , , 
9.0610962, 0.026688, , , , , , , 9.0610962, -0.0043641, , , , , , , 9.0610962, -0.0112459, , , , , , , 9.0610962, 0.0015106, , , , , , , , , , , , , , , , , , , , , , , , , , , , 
9.0616154, 0.0280308, , , , , , , 9.0616154, -0.0035248, , , , , , , 9.0616154, -0.0105745, , , , , , , 9.0616154, 0.0015106, , , , , , , , , , , , , , , , , , , , , , , , , , , , 
9.0621346, 0.0253452, , , , , , , 9.0621346, -0.0031891, , , , , , , 9.0621346, -0.011078, , , , , , , 9.0621346, 0.0003357, , , , , , , , , , , , , , , , , , , , , , , , , , , , 
9.0626538, 0.0243381, , , , , , , 9.0626538, -0.0046998, , , , , , , 9.0626538, -0.0099031, , , , , , , 9.0626538, 0.0011749, , , , , , , , , , , , , , , , , , , , , , , , , , , , 
9.0631731, 0.0209812, , , , , , , 9.0631731, -0.0065461, , , , , , , 9.0631731, -0.0085603, , , , , , , 9.0631731, 0.0052033, , , , , , , , , , , , , , , , , , , , , , , , , , , , 
9.0636923, 0.0132601, , , , , , , 9.0636923, -0.0095674, , , , , , , 9.0636923, -0.0092317, , , , , , , 9.0636923, 0.0112459, , , , , , , , , , , , , , , , , , , , , , , , , , , , 
9.0642115, 0.0112459, , , , , , , 9.0642115, -0.0092317, , , , , , , 9.0642115, -0.0102388, , , , , , , 9.0642115, 0.0146029, , , , , , , , , , , , , , , , , , , , , , , , , , , , 
9.0647308, 0.0151064, , , , , , , 9.0647308, -0.0062104, , , , , , , 9.0647308, -0.012253, , , , , , , 9.0647308, 0.0174563, , , , , , , , , , , , , , , , , , , , , , , , , , , , 
9.06525, 0.0166171, , , , , , , 9.06525, -0.0045319, , , , , , , 9.06525, -0.0119173, , , , , , , 9.06525, 0.0198062, , , , , , , , , , , , , , , , , , , , , , , , , , , , 
9.0657692, 0.0129244, , , , , , , 9.0657692, -0.005539, , , , , , , 9.0657692, -0.0092317, , , , , , , 9.0657692, 0.0223239, , , , , , , , , , , , , , , , , , , , , , , , , , , , 
9.0662885, 0.0072175, , , , , , , 9.0662885, -0.0068818, , , , , , , 9.0662885, -0.0075532, , , , , , , 9.0662885, 0.0270237, , , , , , , , , , , , , , , , , , , , , , , , , , , , 
9.0668077, -0.0008392, , , , , , , 9.0668077, -0.0072175, , , , , , , 9.0668077, -0.0073854, , , , , , , 9.0668077, 0.0342412, , , , , , , , , , , , , , , , , , , , , , , , , , , , 
9.0673269, -0.0058747, , , , , , , 9.0673269, -0.0082246, , , , , , , 9.0673269, -0.0048676, , , , , , , 9.0673269, 0.0384375, , , , , , , , , , , , , , , , , , , , , , , , , , , , 
9.0678462, -0.0102388, , , , , , , 9.0678462, -0.0082246, , , , , , , 9.0678462, -0.0015106, , , , , , , 9.0678462, 0.0394446, , , , , , , , , , , , , , , , , , , , , , , , , , , , 
9.0683654, -0.0130922, , , , , , , 9.0683654, -0.0072175, , , , , , , 9.0683654, -0.002182, , , , , , , 9.0683654, 0.0397803, , , , , , , , , , , , , , , , , , , , , , , , , , , , 
9.0688846, -0.0109102, , , , , , , 9.0688846, -0.0058747, , , , , , , 9.0688846, -0.0041962, , , , , , , 9.0688846, 0.0387732, , , , , , , , , , , , , , , , , , , , , , , , , , , , 
9.0694038, -0.005539, , , , , , , 9.0694038, -0.005539, , , , , , , 9.0694038, -0.0035248, , , , , , , 9.0694038, 0.0360876, , , , , , , , , , , , , , , , , , , , , , , , , , , , 
9.0699231, 0.0003357, , , , , , , 9.0699231, -0.0058747, , , , , , , 9.0699231, -0.0035248, , , , , , , 9.0699231, 0.0307164, , , , , , , , , , , , , , , , , , , , , , , , , , , , 
9.0704423, 0.0011749, , , , , , , 9.0704423, -0.0065461, , , , , , , 9.0704423, -0.005539, , , , , , , 9.0704423, 0.0246738, , , , , , , , , , , , , , , , , , , , , , , , , , , , 
9.0709615, 0.0028534, , , , , , , 9.0709615, -0.0075532, , , , , , , 9.0709615, -0.0063783, , , , , , , 9.0709615, 0.0204776, , , , , , , , , , , , , , , , , , , , , , , , , , , , 
9.0714808, 0.0048676, , , , , , , 9.0714808, -0.0102388, , , , , , , 9.0714808, -0.0078889, , , , , , , 9.0714808, 0.0162814, , , , , , , , , , , , , , , , , , , , , , , , , , , , 
9.072, 0.005539, , , , , , , 9.072, -0.012253, , , , , , , 9.072, -0.0082246, , , , , , , 9.072, 0.0130922, , , , , , , , , , , , , , , , , , , , , , , , , , , , 
9.0725192, 0.0072175, , , , , , , 9.0725192, -0.0129244, , , , , , , 9.0725192, -0.0058747, , , , , , , 9.0725192, 0.0117494, , , , , , , , , , , , , , , , , , , , , , , , , , , , 
9.0730385, 0.0099031, , , , , , , 9.0730385, -0.012253, , , , , , , 9.0730385, -0.0041962, , , , , , , 9.0730385, 0.0105745, , , , , , , , , , , , , , , , , , , , , , , , , , , , 
9.0735577, 0.0124208, , , , , , , 9.0735577, -0.0112459, , , , , , , 9.0735577, -0.0058747, , , , , , , 9.0735577, 0.0099031, , , , , , , , , , , , , , , , , , , , , , , , , , , , 
9.0740769, 0.0179599, , , , , , , 9.0740769, -0.0095674, , , , , , , 9.0740769, -0.0078889, , , , , , , 9.0740769, 0.0099031, , , , , , , , , , , , , , , , , , , , , , , , , , , , 
9.0745962, 0.0229953, , , , , , , 9.0745962, -0.0082246, , , , , , , 9.0745962, -0.0102388, , , , , , , 9.0745962, 0.0102388, , , , , , , , , , , , , , , , , , , , , , , , , , , , 
9.0751154, 0.0236667, , , , , , , 9.0751154, -0.0082246, , , , , , , 9.0751154, -0.0119173, , , , , , , 9.0751154, 0.0112459, , , , , , , , , , , , , , , , , , , , , , , , , , , , 
9.0756346, 0.018967, , , , , , , 9.0756346, -0.0078889, , , , , , , 9.0756346, -0.0129244, , , , , , , 9.0756346, 0.0102388, , , , , , , , , , , , , , , , , , , , , , , , , , , , 
9.0761538, 0.0162814, , , , , , , 9.0761538, -0.0078889, , , , , , , 9.0761538, -0.0115816, , , , , , , 9.0761538, 0.0072175, , , , , , , , , , , , , , , , , , , , , , , , , , , , 
9.0766731, 0.0159457, , , , , , , 9.0766731, -0.0078889, , , , , , , 9.0766731, -0.0115816, , , , , , , 9.0766731, 0.0045319, , , , , , , , , , , , , , , , , , , , , , , , , , , , 
9.0771923, 0.0135958, , , , , , , 9.0771923, -0.008896, , , , , , , 9.0771923, -0.0130922, , , , , , , 9.0771923, 0.0052033, , , , , , , , , , , , , , , , , , , , , , , , , , , , 
9.0777115, 0.0127565, , , , , , , 9.0777115, -0.0117494, , , , , , , 9.0777115, -0.0132601, , , , , , , 9.0777115, 0.0075532, , , , , , , , , , , , , , , , , , , , , , , , , , , , 
9.0782308, 0.014435, , , , , , , 9.0782308, -0.0129244, , , , , , , 9.0782308, -0.0109102, , , , , , , 9.0782308, 0.0072175, , , , , , , , , , , , , , , , , , , , , , , , , , , , 
9.07875, 0.0139315, , , , , , , 9.07875, -0.011078, , , , , , , 9.07875, -0.0095674, , , , , , , 9.07875, 0.0062104, , , , , , , , , , , , , , , , , , , , , , , , , , , , 
9.0792692, 0.0169528, , , , , , , 9.0792692, -0.008896, , , , , , , 9.0792692, -0.0095674, , , , , , , 9.0792692, 0.0028534, , , , , , , , , , , , , , , , , , , , , , , , , , , , 
9.0797885, 0.026688, , , , , , , 9.0797885, -0.0070497, , , , , , , 9.0797885, -0.0095674, , , , , , , 9.0797885, -0.0031891, , , , , , , , , , , , , , , , , , , , , , , , , , , , 
9.0803077, 0.030045, , , , , , , 9.0803077, -0.0063783, , , , , , , 9.0803077, -0.0099031, , , , , , , 9.0803077, -0.0105745, , , , , , , , , , , , , , , , , , , , , , , , , , , , 
9.0808269, 0.0307164, , , , , , , 9.0808269, -0.008896, , , , , , , 9.0808269, -0.0112459, , , , , , , 9.0808269, -0.0135958, , , , , , , , , , , , , , , , , , , , , , , , , , , , 
9.0813462, 0.0344091, , , , , , , 9.0813462, -0.0125887, , , , , , , 9.0813462, -0.0112459, , , , , , , 9.0813462, -0.0124208, , , , , , , , , , , , , , , , , , , , , , , , , , , , 
9.0818654, 0.0337377, , , , , , , 9.0818654, -0.0124208, , , , , , , 9.0818654, -0.0119173, , , , , , , 9.0818654, -0.0112459, , , , , , , , , , , , , , , , , , , , , , , , , , , , 
9.0823846, 0.033402, , , , , , , 9.0823846, -0.0102388, , , , , , , 9.0823846, -0.0117494, , , , , , , 9.0823846, -0.0090639, , , , , , , , , , , , , , , , , , , , , , , , , , , , 
9.0829038, 0.0347448, , , , , , , 9.0829038, -0.0095674, , , , , , , 9.0829038, -0.0095674, , , , , , , 9.0829038, -0.0050355, , , , , , , , , , , , , , , , , , , , , , , , , , , , 
9.0834231, 0.0320592, , , , , , , 9.0834231, -0.0109102, , , , , , , 9.0834231, -0.0085603, , , , , , , 9.0834231, 0.002182, , , , , , , , , , , , , , , , , , , , , , , , , , , , 
9.0839423, 0.030045, , , , , , , 9.0839423, -0.0109102, , , , , , , 9.0839423, -0.0090639, , , , , , , 9.0839423, 0.0068818, , , , , , , , , , , , , , , , , , , , , , , , , , , , 
9.0844615, 0.0265202, , , , , , , 9.0844615, -0.0082246, , , , , , , 9.0844615, -0.0083925, , , , , , , 9.0844615, 0.0109102, , , , , , , , , , , , , , , , , , , , , , , , , , , , 
9.0849808, 0.0199741, , , , , , , 9.0849808, -0.005539, , , , , , , 9.0849808, -0.0072175, , , , , , , 9.0849808, 0.0146029, , , , , , , , , , , , , , , , , , , , , , , , , , , , 
9.0855, 0.0149386, , , , , , , 9.0855, -0.0058747, , , , , , , 9.0855, -0.0062104, , , , , , , 9.0855, 0.018967, , , , , , , , , , , , , , , , , , , , , , , , , , , , 
9.0860192, 0.0085603, , , , , , , 9.0860192, -0.0078889, , , , , , , 9.0860192, -0.0068818, , , , , , , 9.0860192, 0.024506, , , , , , , , , , , , , , , , , , , , , , , , , , , , 
9.0865385, 0.0025177, , , , , , , 9.0865385, -0.0078889, , , , , , , 9.0865385, -0.0062104, , , , , , , 9.0865385, 0.0287022, , , , , , , , , , , , , , , , , , , , , , , , , , , , 
9.0870577, -0.002182, , , , , , , 9.0870577, -0.0068818, , , , , , , 9.0870577, -0.0041962, , , , , , , 9.0870577, 0.0320592, , , , , , , , , , , , , , , , , , , , , , , , , , , , 
9.0875769, -0.0052033, , , , , , , 9.0875769, -0.0082246, , , , , , , 9.0875769, -0.0038605, , , , , , , 9.0875769, 0.033402, , , , , , , , , , , , , , , , , , , , , , , , , , , , 
9.0880962, -0.0090639, , , , , , , 9.0880962, -0.0102388, , , , , , , 9.0880962, -0.0041962, , , , , , , 9.0880962, 0.0342412, , , , , , , , , , , , , , , , , , , , , , , , , , , , 
9.0886154, -0.0102388, , , , , , , 9.0886154, -0.0104067, , , , , , , 9.0886154, -0.0028534, , , , , , , 9.0886154, 0.0381018, , , , , , , , , , , , , , , , , , , , , , , , , , , , 
9.0891346, -0.0077211, , , , , , , 9.0891346, -0.008896, , , , , , , 9.0891346, -0.0028534, , , , , , , 9.0891346, 0.0384375, , , , , , , , , , , , , , , , , , , , , , , , , , , , 
9.0896538, -0.0038605, , , , , , , 9.0896538, -0.0075532, , , , , , , 9.0896538, -0.0048676, , , , , , , 9.0896538, 0.0318914, , , , , , , , , , , , , , , , , , , , , , , , , , , , 
9.0901731, -0.0001678, , , , , , , 9.0901731, -0.0062104, , , , , , , 9.0901731, -0.0075532, , , , , , , 9.0901731, 0.0260166, , , , , , , , , , , , , , , , , , , , , , , , , , , , 
9.0906923, 0.0025177, , , , , , , 9.0906923, -0.0072175, , , , , , , 9.0906923, -0.0082246, , , , , , , 9.0906923, 0.023331, , , , , , , , , , , , , , , , , , , , , , , , , , , , 
9.0912115, 0.0031891, , , , , , , 9.0912115, -0.0092317, , , , , , , 9.0912115, -0.0075532, , , , , , , 9.0912115, 0.0213169, , , , , , , , , , , , , , , , , , , , , , , , , , , , 
9.0917308, 0.0043641, , , , , , , 9.0917308, -0.0099031, , , , , , , 9.0917308, -0.0062104, , , , , , , 9.0917308, 0.0196384, , , , , , , , , , , , , , , , , , , , , , , , , , , , 
9.09225, 0.0046998, , , , , , , 9.09225, -0.0078889, , , , , , , 9.09225, -0.005539, , , , , , , 9.09225, 0.0193027, , , , , , , , , , , , , , , , , , , , , , , , , , , , 
9.0927692, 0.0065461, , , , , , , 9.0927692, -0.005539, , , , , , , 9.0927692, -0.0072175, , , , , , , 9.0927692, 0.0169528, , , , , , , , , , , , , , , , , , , , , , , , , , , , 
9.0932885, 0.0078889, , , , , , , 9.0932885, -0.0045319, , , , , , , 9.0932885, -0.0078889, , , , , , , 9.0932885, 0.0132601, , , , , , , , , , , , , , , , , , , , , , , , , , , , 
9.0938077, 0.0065461, , , , , , , 9.0938077, -0.005539, , , , , , , 9.0938077, -0.0065461, , , , , , , 9.0938077, 0.0097353, , , , , , , , , , , , , , , , , , , , , , , , , , , , 
9.0943269, 0.0072175, , , , , , , 9.0943269, -0.0068818, , , , , , , 9.0943269, -0.0062104, , , , , , , 9.0943269, 0.0078889, , , , , , , , , , , , , , , , , , , , , , , , , , , , 
9.0948462, 0.0105745, , , , , , , 9.0948462, -0.0072175, , , , , , , 9.0948462, -0.0043641, , , , , , , 9.0948462, 0.0078889, , , , , , , , , , , , , , , , , , , , , , , , , , , , 
9.0953654, 0.0129244, , , , , , , 9.0953654, -0.0082246, , , , , , , 9.0953654, -0.0023499, , , , , , , 9.0953654, 0.008896, , , , , , , , , , , , , , , , , , , , , , , , , , , , 
9.0958846, 0.0119173, , , , , , , 9.0958846, -0.0078889, , , , , , , 9.0958846, -0.002182, , , , , , , 9.0958846, 0.011078, , , , , , , , , , , , , , , , , , , , , , , , , , , , 
9.0964038, 0.0132601, , , , , , , 9.0964038, -0.005539, , , , , , , 9.0964038, -0.0041962, , , , , , , 9.0964038, 0.0097353, , , , , , , , , , , , , , , , , , , , , , , , , , , , 
9.0969231, 0.0229953, , , , , , , 9.0969231, -0.0041962, , , , , , , 9.0969231, -0.0048676, , , , , , , 9.0969231, 0.0085603, , , , , , , , , , , , , , , , , , , , , , , , , , , , 
9.0974423, 0.0337377, , , , , , , 9.0974423, -0.005539, , , , , , , 9.0974423, -0.0058747, , , , , , , 9.0974423, 0.0102388, , , , , , , , , , , , , , , , , , , , , , , , , , , , 
9.0979615, 0.0374304, , , , , , , 9.0979615, -0.005539, , , , , , , 9.0979615, -0.0078889, , , , , , , 9.0979615, 0.0112459, , , , , , , , , , , , , , , , , , , , , , , , , , , , 
9.0984808, 0.0359197, , , , , , , 9.0984808, -0.0035248, , , , , , , 9.0984808, -0.0104067, , , , , , , 9.0984808, 0.0112459, , , , , , , , , , , , , , , , , , , , , , , , , , , , 
9.099, 0.0327306, , , , , , , 9.099, -0.0041962, , , , , , , 9.099, -0.0102388, , , , , , , 9.099, 0.0104067, , , , , , , , , , , , , , , , , , , , , , , , , , , , 
9.0995192, 0.0310521, , , , , , , 9.0995192, -0.0060426, , , , , , , 9.0995192, -0.0105745, , , , , , , 9.0995192, 0.0062104, , , , , , , , , , , , , , , , , , , , , , , , , , , , 
9.1000385, 0.0313878, , , , , , , 9.1000385, -0.005539, , , , , , , 9.1000385, -0.0117494, , , , , , , 9.1000385, 0.0005035, , , , , , , , , , , , , , , , , , , , , , , , , , , , 
9.1005577, 0.0318914, , , , , , , 9.1005577, -0.0048676, , , , , , , 9.1005577, -0.0105745, , , , , , , 9.1005577, -0.0058747, , , , , , , , , , , , , , , , , , , , , , , , , , , , 
9.1010769, 0.0330663, , , , , , , 9.1010769, -0.0078889, , , , , , , 9.1010769, -0.0095674, , , , , , , 9.1010769, -0.0095674, , , , , , , , , , , , , , , , , , , , , , , , , , , , 
9.1015962, 0.0317235, , , , , , , 9.1015962, -0.0109102, , , , , , , 9.1015962, -0.0090639, , , , , , , 9.1015962, -0.0109102, , , , , , , , , , , , , , , , , , , , , , , , , , , , 
9.1021154, 0.0290379, , , , , , , 9.1021154, -0.0105745, , , , , , , 9.1021154, -0.008896, , , , , , , 9.1021154, -0.0092317, , , , , , , , , , , , , , , , , , , , , , , , , , , , 
9.1026346, 0.0258488, , , , , , , 9.1026346, -0.0082246, , , , , , , 9.1026346, -0.0092317, , , , , , , 9.1026346, -0.0048676, , , , , , , , , , , , , , , , , , , , , , , , , , , , 
9.1031538, 0.0206455, , , , , , , 9.1031538, -0.0068818, , , , , , , 9.1031538, -0.0095674, , , , , , , 9.1031538, -0.0010071, , , , , , , , , , , , , , , , , , , , , , , , , , , , 
9.1036731, 0.0172885, , , , , , , 9.1036731, -0.0082246, , , , , , , 9.1036731, -0.0092317, , , , , , , 9.1036731, 0.0035248, , , , , , , , , , , , , , , , , , , , , , , , , , , , 
9.1041923, 0.0146029, , , , , , , 9.1041923, -0.0070497, , , , , , , 9.1041923, -0.0085603, , , , , , , 9.1041923, 0.008896, , , , , , , , , , , , , , , , , , , , , , , , , , , , 
9.1047115, 0.0099031, , , , , , , 9.1047115, -0.0068818, , , , , , , 9.1047115, -0.0075532, , , , , , , 9.1047115, 0.0125887, , , , , , , , , , , , , , , , , , , , , , , , , , , , 
9.1052308, 0.0072175, , , , , , , 9.1052308, -0.0087282, , , , , , , 9.1052308, -0.0075532, , , , , , , 9.1052308, 0.0159457, , , , , , , , , , , , , , , , , , , , , , , , , , , , 
9.10575, 0.0077211, , , , , , , 9.10575, -0.0095674, , , , , , , 9.10575, -0.0070497, , , , , , , 9.10575, 0.0204776, , , , , , , , , , , , , , , , , , , , , , , , , , , , 
9.1062692, 0.0078889, , , , , , , 9.1062692, -0.0092317, , , , , , , 9.1062692, -0.0082246, , , , , , , 9.1062692, 0.0261845, , , , , , , , , , , , , , , , , , , , , , , , , , , , 
9.1067885, 0.0038605, , , , , , , 9.1067885, -0.0075532, , , , , , , 9.1067885, -0.0095674, , , , , , , 9.1067885, 0.0310521, , , , , , , , , , , , , , , , , , , , , , , , , , , , 
9.1073077, -0.0065461, , , , , , , 9.1073077, -0.0068818, , , , , , , 9.1073077, -0.0075532, , , , , , , 9.1073077, 0.0350805, , , , , , , , , , , , , , , , , , , , , , , , , , , , 
9.1078269, -0.0112459, , , , , , , 9.1078269, -0.0102388, , , , , , , 9.1078269, -0.0048676, , , , , , , 9.1078269, 0.0354162, , , , , , , , , , , , , , , , , , , , , , , , , , , , 
9.1083462, -0.0124208, , , , , , , 9.1083462, -0.0135958, , , , , , , 9.1083462, -0.0041962, , , , , , , 9.1083462, 0.0357519, , , , , , , , , , , , , , , , , , , , , , , , , , , , 
9.1088654, -0.0149386, , , , , , , 9.1088654, -0.0146029, , , , , , , 9.1088654, -0.005539, , , , , , , 9.1088654, 0.0370947, , , , , , , , , , , , , , , , , , , , , , , , , , , , 
9.1093846, -0.01561, , , , , , , 9.1093846, -0.0124208, , , , , , , 9.1093846, -0.0068818, , , , , , , 9.1093846, 0.0330663, , , , , , , , , , , , , , , , , , , , , , , , , , , , 
9.1099038, -0.0125887, , , , , , , 9.1099038, -0.0082246, , , , , , , 9.1099038, -0.0057069, , , , , , , 9.1099038, 0.0263523, , , , , , , , , , , , , , , , , , , , , , , , , , , , 
9.1104231, -0.0048676, , , , , , , 9.1104231, -0.005539, , , , , , , 9.1104231, -0.0062104, , , , , , , 9.1104231, 0.0216526, , , , , , , , , , , , , , , , , , , , , , , , , , , , 
9.1109423, 0.0057069, , , , , , , 9.1109423, -0.0065461, , , , , , , 9.1109423, -0.0062104, , , , , , , 9.1109423, 0.0196384, , , , , , , , , , , , , , , , , , , , , , , , , , , , 
9.1114615, 0.0105745, , , , , , , 9.1114615, -0.0085603, , , , , , , 9.1114615, -0.0041962, , , , , , , 9.1114615, 0.0193027, , , , , , , , , , , , , , , , , , , , , , , , , , , , 
9.1119808, 0.0115816, , , , , , , 9.1119808, -0.0090639, , , , , , , 9.1119808, -0.002182, , , , , , , 9.1119808, 0.0169528, , , , , , , , , , , , , , , , , , , , , , , , , , , , 
9.1125, 0.0135958, , , , , , , 9.1125, -0.0095674, , , , , , , 9.1125, -0.0015106, , , , , , , 9.1125, 0.0171206, , , , , , , , , , , , , , , , , , , , , , , , , , , , 
9.1130192, 0.0137636, , , , , , , 9.1130192, -0.0095674, , , , , , , 9.1130192, -0.002182, , , , , , , 9.1130192, 0.0179599, , , , , , , , , , , , , , , , , , , , , , , , , , , , 
9.1135385, 0.0119173, , , , , , , 9.1135385, -0.0090639, , , , , , , 9.1135385, -0.0041962, , , , , , , 9.1135385, 0.0159457, , , , , , , , , , , , , , , , , , , , , , , , , , , , 
9.1140577, 0.0132601, , , , , , , 9.1140577, -0.0075532, , , , , , , 9.1140577, -0.0050355, , , , , , , 9.1140577, 0.0130922, , , , , , , , , , , , , , , , , , , , , , , , , , , , 
9.1145769, 0.0157778, , , , , , , 9.1145769, -0.0062104, , , , , , , 9.1145769, -0.0057069, , , , , , , 9.1145769, 0.0125887, , , , , , , , , , , , , , , , , , , , , , , , , , , , 
9.1150962, 0.01561, , , , , , , 9.1150962, -0.0053712, , , , , , , 9.1150962, -0.008896, , , , , , , 9.1150962, 0.0146029, , , , , , , , , , , , , , , , , , , , , , , , , , , , 
9.1156154, 0.0139315, , , , , , , 9.1156154, -0.005539, , , , , , , 9.1156154, -0.0099031, , , , , , , 9.1156154, 0.0142672, , , , , , , , , , , , , , , , , , , , , , , , , , , , 
9.1161346, 0.0125887, , , , , , , 9.1161346, -0.0065461, , , , , , , 9.1161346, -0.0083925, , , , , , , 9.1161346, 0.0130922, , , , , , , , , , , , , , , , , , , , , , , , , , , , 
9.1166538, 0.0186313, , , , , , , 9.1166538, -0.0085603, , , , , , , 9.1166538, -0.0078889, , , , , , , 9.1166538, 0.0105745, , , , , , , , , , , , , , , , , , , , , , , , , , , , 
9.1171731, 0.0265202, , , , , , , 9.1171731, -0.0092317, , , , , , , 9.1171731, -0.0109102, , , , , , , 9.1171731, 0.0068818, , , , , , , , , , , , , , , , , , , , , , , , , , , , 
9.1176923, 0.0280308, , , , , , , 9.1176923, -0.0085603, , , , , , , 9.1176923, -0.0112459, , , , , , , 9.1176923, 0.0065461, , , , , , , , , , , , , , , , , , , , , , , , , , , , 
9.1182115, 0.023331, , , , , , , 9.1182115, -0.0077211, , , , , , , 9.1182115, -0.0105745, , , , , , , 9.1182115, 0.0073854, , , , , , , , , , , , , , , , , , , , , , , , , , , , 
9.1187308, 0.0193027, , , , , , , 9.1187308, -0.0105745, , , , , , , 9.1187308, -0.0115816, , , , , , , 9.1187308, 0.0048676, , , , , , , , , , , , , , , , , , , , , , , , , , , , 
9.11925, 0.0223239, , , , , , , 9.11925, -0.012253, , , , , , , 9.11925, -0.0115816, , , , , , , 9.11925, -0.0011749, , , , , , , , , , , , , , , , , , , , , , , , , , , , 
9.1197692, 0.027863, , , , , , , 9.1197692, -0.0105745, , , , , , , 9.1197692, -0.0109102, , , , , , , 9.1197692, -0.0082246, , , , , , , , , , , , , , , , , , , , , , , , , , , , 
9.1202885, 0.0327306, , , , , , , 9.1202885, -0.0099031, , , , , , , 9.1202885, -0.0105745, , , , , , , 9.1202885, -0.0142672, , , , , , , , , , , , , , , , , , , , , , , , , , , , 
9.1208077, 0.0317235, , , , , , , 9.1208077, -0.0095674, , , , , , , 9.1208077, -0.0099031, , , , , , , 9.1208077, -0.01561, , , , , , , , , , , , , , , , , , , , , , , , , , , , 
9.1213269, 0.0297093, , , , , , , 9.1213269, -0.0102388, , , , , , , 9.1213269, -0.0095674, , , , , , , 9.1213269, -0.0149386, , , , , , , , , , , , , , , , , , , , , , , , , , , , 
9.1218462, 0.0307164, , , , , , , 9.1218462, -0.0112459, , , , , , , 9.1218462, -0.0082246, , , , , , , 9.1218462, -0.0152743, , , , , , , , , , , , , , , , , , , , , , , , , , , , 
9.1223654, 0.0307164, , , , , , , 9.1223654, -0.0115816, , , , , , , 9.1223654, -0.0078889, , , , , , , 9.1223654, -0.0142672, , , , , , , , , , , , , , , , , , , , , , , , , , , , 
9.1228846, 0.0268559, , , , , , , 9.1228846, -0.0102388, , , , , , , 9.1228846, -0.0095674, , , , , , , 9.1228846, -0.008896, , , , , , , , , , , , , , , , , , , , , , , , , , , , 
9.1234038, 0.0260166, , , , , , , 9.1234038, -0.0097353, , , , , , , 9.1234038, -0.0090639, , , , , , , 9.1234038, -0.0041962, , , , , , , , , , , , , , , , , , , , , , , , , , , , 
9.1239231, 0.0246738, , , , , , , 9.1239231, -0.0090639, , , , , , , 9.1239231, -0.0083925, , , , , , , 9.1239231, 0.0005035, , , , , , , , , , , , , , , , , , , , , , , , , , , , 
9.1244423, 0.0198062, , , , , , , 9.1244423, -0.0082246, , , , , , , 9.1244423, -0.0082246, , , , , , , 9.1244423, 0.0048676, , , , , , , , , , , , , , , , , , , , , , , , , , , , 
9.1249615, 0.0169528, , , , , , , 9.1249615, -0.0062104, , , , , , , 9.1249615, -0.0078889, , , , , , , 9.1249615, 0.0099031, , , , , , , , , , , , , , , , , , , , , , , , , , , , 
9.1254808, 0.0179599, , , , , , , 9.1254808, -0.0031891, , , , , , , 9.1254808, -0.0063783, , , , , , , 9.1254808, 0.0162814, , , , , , , , , , , , , , , , , , , , , , , , , , , , 
9.126, 0.0146029, , , , , , , 9.126, -0.0041962, , , , , , , 9.126, -0.0041962, , , , , , , 9.126, 0.0246738, , , , , , , , , , , , , , , , , , , , , , , , , , , , 
9.1265192, 0.0077211, , , , , , , 9.1265192, -0.0065461, , , , , , , 9.1265192, -0.0045319, , , , , , , 9.1265192, 0.0302129, , , , , , , , , , , , , , , , , , , , , , , , , , , , 
9.1270385, -0.0015106, , , , , , , 9.1270385, -0.0065461, , , , , , , 9.1270385, -0.0048676, , , , , , , 9.1270385, 0.0323949, , , , , , , , , , , , , , , , , , , , , , , , , , , , 
9.1275577, -0.0095674, , , , , , , 9.1275577, -0.005539, , , , , , , 9.1275577, -0.0063783, , , , , , , 9.1275577, 0.0325628, , , , , , , , , , , , , , , , , , , , , , , , , , , , 
9.1280769, -0.0139315, , , , , , , 9.1280769, -0.0068818, , , , , , , 9.1280769, -0.0068818, , , , , , , 9.1280769, 0.0340734, , , , , , , , , , , , , , , , , , , , , , , , , , , , 
9.1285962, -0.0196384, , , , , , , 9.1285962, -0.0082246, , , , , , , 9.1285962, -0.0048676, , , , , , , 9.1285962, 0.0369268, , , , , , , , , , , , , , , , , , , , , , , , , , , , 
9.1291154, -0.0226596, , , , , , , 9.1291154, -0.0095674, , , , , , , 9.1291154, -0.0005035, , , , , , , 9.1291154, 0.0377661, , , , , , , , , , , , , , , , , , , , , , , , , , , , 
9.1296346, -0.0191348, , , , , , , 9.1296346, -0.0109102, , , , , , , 9.1296346, -0.0005035, , , , , , , 9.1296346, 0.0360876, , , , , , , , , , , , , , , , , , , , , , , , , , , , 
9.1301538, -0.0082246, , , , , , , 9.1301538, -0.0095674, , , , , , , 9.1301538, -0.0041962, , , , , , , 9.1301538, 0.0313878, , , , , , , , , , , , , , , , , , , , , , , , , , , , 
9.1306731, 0.0031891, , , , , , , 9.1306731, -0.0068818, , , , , , , 9.1306731, -0.0058747, , , , , , , 9.1306731, 0.0226596, , , , , , , , , , , , , , , , , , , , , , , , , , , , 
9.1311923, 0.0090639, , , , , , , 9.1311923, -0.0065461, , , , , , , 9.1311923, -0.005539, , , , , , , 9.1311923, 0.0172885, , , , , , , , , , , , , , , , , , , , , , , , , , , , 
9.1317115, 0.0135958, , , , , , , 9.1317115, -0.0077211, , , , , , , 9.1317115, -0.0048676, , , , , , , 9.1317115, 0.0139315, , , , , , , , , , , , , , , , , , , , , , , , , , , , 
9.1322308, 0.0203098, , , , , , , 9.1322308, -0.0068818, , , , , , , 9.1322308, -0.0057069, , , , , , , 9.1322308, 0.0115816, , , , , , , , , , , , , , , , , , , , , , , , , , , , 
9.13275, 0.0226596, , , , , , , 9.13275, -0.0065461, , , , , , , 9.13275, -0.0062104, , , , , , , 9.13275, 0.011078, , , , , , , , , , , , , , , , , , , , , , , , , , , , 
9.1332692, 0.0224918, , , , , , , 9.1332692, -0.0068818, , , , , , , 9.1332692, -0.0075532, , , , , , , 9.1332692, 0.0095674, , , , , , , , , , , , , , , , , , , , , , , , , , , , 
9.1337885, 0.0287022, , , , , , , 9.1337885, -0.0065461, , , , , , , 9.1337885, -0.0085603, , , , , , , 9.1337885, 0.0078889, , , , , , , , , , , , , , , , , , , , , , , , , , , , 
9.1343077, 0.0313878, , , , , , , 9.1343077, -0.005539, , , , , , , 9.1343077, -0.0092317, , , , , , , 9.1343077, 0.0058747, , , , , , , , , , , , , , , , , , , , , , , , , , , , 
9.1348269, 0.0270237, , , , , , , 9.1348269, -0.0048676, , , , , , , 9.1348269, -0.0095674, , , , , , , 9.1348269, 0.0052033, , , , , , , , , , , , , , , , , , , , , , , , , , , , 
9.1353462, 0.0246738, , , , , , , 9.1353462, -0.0038605, , , , , , , 9.1353462, -0.0099031, , , , , , , 9.1353462, 0.0083925, , , , , , , , , , , , , , , , , , , , , , , , , , , , 
9.1358654, 0.0270237, , , , , , , 9.1358654, -0.0048676, , , , , , , 9.1358654, -0.0083925, , , , , , , 9.1358654, 0.0105745, , , , , , , , , , , , , , , , , , , , , , , , , , , , 
9.1363846, 0.0273594, , , , , , , 9.1363846, -0.0075532, , , , , , , 9.1363846, -0.0065461, , , , , , , 9.1363846, 0.0105745, , , , , , , , , , , , , , , , , , , , , , , , , , , , 
9.1369038, 0.0251774, , , , , , , 9.1369038, -0.0082246, , , , , , , 9.1369038, -0.0058747, , , , , , , 9.1369038, 0.0112459, , , , , , , , , , , , , , , , , , , , , , , , , , , , 
9.1374231, 0.0223239, , , , , , , 9.1374231, -0.0075532, , , , , , , 9.1374231, -0.0068818, , , , , , , 9.1374231, 0.0134279, , , , , , , , , , , , , , , , , , , , , , , , , , , , 
9.1379423, 0.0206455, , , , , , , 9.1379423, -0.0072175, , , , , , , 9.1379423, -0.0083925, , , , , , , 9.1379423, 0.0124208, , , , , , , , , , , , , , , , , , , , , , , , , , , , 
9.1384615, 0.0166171, , , , , , , 9.1384615, -0.0078889, , , , , , , 9.1384615, -0.0102388, , , , , , , 9.1384615, 0.0097353, , , , , , , , , , , , , , , , , , , , , , , , , , , , 
9.1389808, 0.0146029, , , , , , , 9.1389808, -0.0075532, , , , , , , 9.1389808, -0.0135958, , , , , , , 9.1389808, 0.0070497, , , , , , , , , , , , , , , , , , , , , , , , , , , , 
9.1395, 0.0184634, , , , , , , 9.1395, -0.0075532, , , , , , , 9.1395, -0.0149386, , , , , , , 9.1395, -0.0001678, , , , , , , , , , , , , , , , , , , , , , , , , , , , 
9.1400192, 0.0250095, , , , , , , 9.1400192, -0.0070497, , , , , , , 9.1400192, -0.0129244, , , , , , , 9.1400192, -0.0085603, , , , , , , , , , , , , , , , , , , , , , , , , , , , 
9.1405385, 0.026688, , , , , , , 9.1405385, -0.0058747, , , , , , , 9.1405385, -0.0112459, , , , , , , 9.1405385, -0.0102388, , , , , , , , , , , , , , , , , , , , , , , , , , , , 
9.1410577, 0.0246738, , , , , , , 9.1410577, -0.005539, , , , , , , 9.1410577, -0.012253, , , , , , , 9.1410577, -0.0082246, , , , , , , , , , , , , , , , , , , , , , , , , , , , 
9.1415769, 0.0213169, , , , , , , 9.1415769, -0.0058747, , , , , , , 9.1415769, -0.0125887, , , , , , , 9.1415769, -0.0075532, , , , , , , , , , , , , , , , , , , , , , , , , , , , 
9.1420962, 0.0226596, , , , , , , 9.1420962, -0.0075532, , , , , , , 9.1420962, -0.0129244, , , , , , , 9.1420962, -0.0085603, , , , , , , , , , , , , , , , , , , , , , , , , , , , 
9.1426154, 0.0253452, , , , , , , 9.1426154, -0.0077211, , , , , , , 9.1426154, -0.014435, , , , , , , 9.1426154, -0.0095674, , , , , , , , , , , , , , , , , , , , , , , , , , , , 
9.1431346, 0.023331, , , , , , , 9.1431346, -0.0078889, , , , , , , 9.1431346, -0.0149386, , , , , , , 9.1431346, -0.0072175, , , , , , , , , , , , , , , , , , , , , , , , , , , , 
9.1436538, 0.0179599, , , , , , , 9.1436538, -0.0078889, , , , , , , 9.1436538, -0.0119173, , , , , , , 9.1436538, 0.0003357, , , , , , , , , , , , , , , , , , , , , , , , , , , , 
9.1441731, 0.0109102, , , , , , , 9.1441731, -0.0082246, , , , , , , 9.1441731, -0.0092317, , , , , , , 9.1441731, 0.0082246, , , , , , , , , , , , , , , , , , , , , , , , , , , , 
9.1446923, 0.0046998, , , , , , , 9.1446923, -0.0075532, , , , , , , 9.1446923, -0.0082246, , , , , , , 9.1446923, 0.0135958, , , , , , , , , , , , , , , , , , , , , , , , , , , , 
9.1452115, 0.0035248, , , , , , , 9.1452115, -0.0078889, , , , , , , 9.1452115, -0.0087282, , , , , , , 9.1452115, 0.0172885, , , , , , , , , , , , , , , , , , , , , , , , , , , , 
9.1457308, 0.0025177, , , , , , , 9.1457308, -0.008896, , , , , , , 9.1457308, -0.0082246, , , , , , , 9.1457308, 0.023331, , , , , , , , , , , , , , , , , , , , , , , , , , , , 
9.14625, -0.0005035, , , , , , , 9.14625, -0.0085603, , , , , , , 9.14625, -0.0065461, , , , , , , 9.14625, 0.0310521, , , , , , , , , , , , , , , , , , , , , , , , , , , , 
9.1467692, -0.0018463, , , , , , , 9.1467692, -0.0075532, , , , , , , 9.1467692, -0.0070497, , , , , , , 9.1467692, 0.036759, , , , , , , , , , , , , , , , , , , , , , , , , , , , 
9.1472885, 0.0018463, , , , , , , 9.1472885, -0.0068818, , , , , , , 9.1472885, -0.0068818, , , , , , , 9.1472885, 0.0379339, , , , , , , , , , , , , , , , , , , , , , , , , , , , 
9.1478077, -0.0005035, , , , , , , 9.1478077, -0.0058747, , , , , , , 9.1478077, -0.0075532, , , , , , , 9.1478077, 0.0387732, , , , , , , , , , , , , , , , , , , , , , , , , , , , 
9.1483269, -0.0048676, , , , , , , 9.1483269, -0.0058747, , , , , , , 9.1483269, -0.0092317, , , , , , , 9.1483269, 0.040116, , , , , , , , , , , , , , , , , , , , , , , , , , , , 
9.1488462, -0.0040284, , , , , , , 9.1488462, -0.0075532, , , , , , , 9.1488462, -0.0082246, , , , , , , 9.1488462, 0.0424659, , , , , , , , , , , , , , , , , , , , , , , , , , , , 
9.1493654, -0.0018463, , , , , , , 9.1493654, -0.0082246, , , , , , , 9.1493654, -0.0062104, , , , , , , 9.1493654, 0.040116, , , , , , , , , , , , , , , , , , , , , , , , , , , , 
9.1498846, -0.0035248, , , , , , , 9.1498846, -0.0082246, , , , , , , 9.1498846, -0.0041962, , , , , , , 9.1498846, 0.0345769, , , , , , , , , , , , , , , , , , , , , , , , , , , , 
9.1504038, -0.0068818, , , , , , , 9.1504038, -0.0070497, , , , , , , 9.1504038, -0.0030213, , , , , , , 9.1504038, 0.0273594, , , , , , , , , , , , , , , , , , , , , , , , , , , , 
9.1509231, -0.0035248, , , , , , , 9.1509231, -0.0075532, , , , , , , 9.1509231, -0.0031891, , , , , , , 9.1509231, 0.0186313, , , , , , , , , , , , , , , , , , , , , , , , , , , , 
9.1514423, 0.0052033, , , , , , , 9.1514423, -0.008896, , , , , , , 9.1514423, -0.0045319, , , , , , , 9.1514423, 0.0132601, , , , , , , , , , , , , , , , , , , , , , , , , , , , 
9.1519615, 0.0112459, , , , , , , 9.1519615, -0.0095674, , , , , , , 9.1519615, -0.0050355, , , , , , , 9.1519615, 0.012253, , , , , , , , , , , , , , , , , , , , , , , , , , , , 
9.1524808, 0.011078, , , , , , , 9.1524808, -0.0075532, , , , , , , 9.1524808, -0.0045319, , , , , , , 9.1524808, 0.0115816, , , , , , , , , , , , , , , , , , , , , , , , , , , , 
9.153, 0.0095674, , , , , , , 9.153, -0.0062104, , , , , , , 9.153, -0.0041962, , , , , , , 9.153, 0.011078, , , , , , , , , , , , , , , , , , , , , , , , , , , , 
9.1535192, 0.0109102, , , , , , , 9.1535192, -0.0075532, , , , , , , 9.1535192, -0.0057069, , , , , , , 9.1535192, 0.0092317, , , , , , , , , , , , , , , , , , , , , , , , , , , , 
9.1540385, 0.0152743, , , , , , , 9.1540385, -0.0083925, , , , , , , 9.1540385, -0.0078889, , , , , , , 9.1540385, 0.0092317, , , , , , , , , , , , , , , , , , , , , , , , , , , , 
9.1545577, 0.0182956, , , , , , , 9.1545577, -0.0075532, , , , , , , 9.1545577, -0.0090639, , , , , , , 9.1545577, 0.0072175, , , , , , , , , , , , , , , , , , , , , , , , , , , , 
9.1550769, 0.0203098, , , , , , , 9.1550769, -0.0082246, , , , , , , 9.1550769, -0.0085603, , , , , , , 9.1550769, 0.0052033, , , , , , , , , , , , , , , , , , , , , , , , , , , , 
9.1555962, 0.0206455, , , , , , , 9.1555962, -0.0085603, , , , , , , 9.1555962, -0.0099031, , , , , , , 9.1555962, 0.005539, , , , , , , , , , , , , , , , , , , , , , , , , , , , 
9.1561154, 0.0206455, , , , , , , 9.1561154, -0.0078889, , , , , , , 9.1561154, -0.0112459, , , , , , , 9.1561154, 0.0063783, , , , , , , , , , , , , , , , , , , , , , , , , , , , 
9.1566346, 0.0213169, , , , , , , 9.1566346, -0.0082246, , , , , , , 9.1566346, -0.0082246, , , , , , , 9.1566346, 0.0078889, , , , , , , , , , , , , , , , , , , , , , , , , , , , 
9.1571538, 0.0236667, , , , , , , 9.1571538, -0.0092317, , , , , , , 9.1571538, -0.0052033, , , , , , , 9.1571538, 0.0078889, , , , , , , , , , , , , , , , , , , , , , , , , , , , 
9.1576731, 0.0253452, , , , , , , 9.1576731, -0.008896, , , , , , , 9.1576731, -0.005539, , , , , , , 9.1576731, 0.0052033, , , , , , , , , , , , , , , , , , , , , , , , , , , , 
9.1581923, 0.0253452, , , , , , , 9.1581923, -0.0090639, , , , , , , 9.1581923, -0.006714, , , , , , , 9.1581923, 0.0052033, , , , , , , , , , , , , , , , , , , , , , , , , , , , 
9.1587115, 0.0229953, , , , , , , 9.1587115, -0.0080568, , , , , , , 9.1587115, -0.0078889, , , , , , , 9.1587115, 0.0050355, , , , , , , , , , , , , , , , , , , , , , , , , , , , 
9.1592308, 0.0199741, , , , , , , 9.1592308, -0.0068818, , , , , , , 9.1592308, -0.0087282, , , , , , , 9.1592308, 0.0011749, , , , , , , , , , , , , , , , , , , , , , , , , , , , 
9.15975, 0.023331, , , , , , , 9.15975, -0.0048676, , , , , , , 9.15975, -0.008896, , , , , , , 9.15975, -0.0043641, , , , , , , , , , , , , , , , , , , , , , , , , , , , 
9.1602692, 0.0330663, , , , , , , 9.1602692, -0.0041962, , , , , , , 9.1602692, -0.008896, , , , , , , 9.1602692, -0.0077211, , , , , , , , , , , , , , , , , , , , , , , , , , , , 
9.1607885, 0.0407874, , , , , , , 9.1607885, -0.0035248, , , , , , , 9.1607885, -0.008896, , , , , , , 9.1607885, -0.0095674, , , , , , , , , , , , , , , , , , , , , , , , , , , , 
9.1613077, 0.0364233, , , , , , , 9.1613077, -0.0031891, , , , , , , 9.1613077, -0.0092317, , , , , , , 9.1613077, -0.0085603, , , , , , , , , , , , , , , , , , , , , , , , , , , , 
9.1618269, 0.0320592, , , , , , , 9.1618269, -0.0035248, , , , , , , 9.1618269, -0.0105745, , , , , , , 9.1618269, -0.0072175, , , , , , , , , , , , , , , , , , , , , , , , , , , , 
9.1623462, 0.0320592, , , , , , , 9.1623462, -0.0052033, , , , , , , 9.1623462, -0.0135958, , , , , , , 9.1623462, -0.0073854, , , , , , , , , , , , , , , , , , , , , , , , , , , , 
9.1628654, 0.0307164, , , , , , , 9.1628654, -0.0062104, , , , , , , 9.1628654, -0.0146029, , , , , , , 9.1628654, -0.0038605, , , , , , , , , , , , , , , , , , , , , , , , , , , , 
9.1633846, 0.0226596, , , , , , , 9.1633846, -0.0057069, , , , , , , 9.1633846, -0.0115816, , , , , , , 9.1633846, 0.0045319, , , , , , , , , , , , , , , , , , , , , , , , , , , , 
9.1639038, 0.0125887, , , , , , , 9.1639038, -0.0062104, , , , , , , 9.1639038, -0.0105745, , , , , , , 9.1639038, 0.0105745, , , , , , , , , , , , , , , , , , , , , , , , , , , , 
9.1644231, 0.0062104, , , , , , , 9.1644231, -0.0075532, , , , , , , 9.1644231, -0.0129244, , , , , , , 9.1644231, 0.0159457, , , , , , , , , , , , , , , , , , , , , , , , , , , , 
9.1649423, 0.0035248, , , , , , , 9.1649423, -0.0090639, , , , , , , 9.1649423, -0.0124208, , , , , , , 9.1649423, 0.0213169, , , , , , , , , , , , , , , , , , , , , , , , , , , , 
9.1654615, 0.0005035, , , , , , , 9.1654615, -0.0092317, , , , , , , 9.1654615, -0.0095674, , , , , , , 9.1654615, 0.0246738, , , , , , , , , , , , , , , , , , , , , , , , , , , , 
9.1659808, -0.0020142, , , , , , , 9.1659808, -0.0082246, , , , , , , 9.1659808, -0.0068818, , , , , , , 9.1659808, 0.0287022, , , , , , , , , , , , , , , , , , , , , , , , , , , , 
9.1665, -0.0052033, , , , , , , 9.1665, -0.0095674, , , , , , , 9.1665, -0.0048676, , , , , , , 9.1665, 0.033402, , , , , , , , , , , , , , , , , , , , , , , , , , , , 
9.1670192, -0.008896, , , , , , , 9.1670192, -0.0124208, , , , , , , 9.1670192, -0.005539, , , , , , , 9.1670192, 0.0364233, , , , , , , , , , , , , , , , , , , , , , , , , , , , 
9.1675385, -0.0102388, , , , , , , 9.1675385, -0.0140993, , , , , , , 9.1675385, -0.0048676, , , , , , , 9.1675385, 0.0374304, , , , , , , , , , , , , , , , , , , , , , , , , , , , 
9.1680577, -0.0095674, , , , , , , 9.1680577, -0.0139315, , , , , , , 9.1680577, -0.0038605, , , , , , , 9.1680577, 0.0374304, , , , , , , , , , , , , , , , , , , , , , , , , , , , 
9.1685769, -0.0095674, , , , , , , 9.1685769, -0.0149386, , , , , , , 9.1685769, -0.0030213, , , , , , , 9.1685769, 0.0404517, , , , , , , , , , , , , , , , , , , , , , , , , , , , 
9.1690962, -0.0072175, , , , , , , 9.1690962, -0.0142672, , , , , , , 9.1690962, -0.0048676, , , , , , , 9.1690962, 0.0387732, , , , , , , , , , , , , , , , , , , , , , , , , , , , 
9.1696154, 0.0025177, , , , , , , 9.1696154, -0.0102388, , , , , , , 9.1696154, -0.0078889, , , , , , , 9.1696154, 0.0313878, , , , , , , , , , , , , , , , , , , , , , , , , , , , 
9.1701346, 0.0072175, , , , , , , 9.1701346, -0.0082246, , , , , , , 9.1701346, -0.0102388, , , , , , , 9.1701346, 0.0256809, , , , , , , , , , , , , , , , , , , , , , , , , , , , 
9.1706538, 0.0070497, , , , , , , 9.1706538, -0.0068818, , , , , , , 9.1706538, -0.0099031, , , , , , , 9.1706538, 0.0223239, , , , , , , , , , , , , , , , , , , , , , , , , , , , 
9.1711731, 0.005539, , , , , , , 9.1711731, -0.0068818, , , , , , , 9.1711731, -0.0085603, , , , , , , 9.1711731, 0.0193027, , , , , , , , , , , , , , , , , , , , , , , , , , , , 
9.1716923, 0.0070497, , , , , , , 9.1716923, -0.008896, , , , , , , 9.1716923, -0.008896, , , , , , , 9.1716923, 0.0166171, , , , , , , , , , , , , , , , , , , , , , , , , , , , 
9.1722115, 0.0135958, , , , , , , 9.1722115, -0.0109102, , , , , , , 9.1722115, -0.0095674, , , , , , , 9.1722115, 0.0139315, , , , , , , , , , , , , , , , , , , , , , , , , , , , 
9.1727308, 0.0182956, , , , , , , 9.1727308, -0.012253, , , , , , , 9.1727308, -0.0082246, , , , , , , 9.1727308, 0.0119173, , , , , , , , , , , , , , , , , , , , , , , , , , , , 
9.17325, 0.0146029, , , , , , , 9.17325, -0.0109102, , , , , , , 9.17325, -0.0068818, , , , , , , 9.17325, 0.0109102, , , , , , , , , , , , , , , , , , , , , , , , , , , , 
9.1737692, 0.0132601, , , , , , , 9.1737692, -0.0097353, , , , , , , 9.1737692, -0.0068818, , , , , , , 9.1737692, 0.0112459, , , , , , , , , , , , , , , , , , , , , , , , , , , , 
9.1742885, 0.0199741, , , , , , , 9.1742885, -0.0090639, , , , , , , 9.1742885, -0.0068818, , , , , , , 9.1742885, 0.0125887, , , , , , , , , , , , , , , , , , , , , , , , , , , , 
9.1748077, 0.0216526, , , , , , , 9.1748077, -0.0095674, , , , , , , 9.1748077, -0.0068818, , , , , , , 9.1748077, 0.0132601, , , , , , , , , , , , , , , , , , , , , , , , , , , , 
9.1753269, 0.0198062, , , , , , , 9.1753269, -0.0099031, , , , , , , 9.1753269, -0.0065461, , , , , , , 9.1753269, 0.0135958, , , , , , , , , , , , , , , , , , , , , , , , , , , , 
9.1758462, 0.0193027, , , , , , , 9.1758462, -0.0095674, , , , , , , 9.1758462, -0.0057069, , , , , , , 9.1758462, 0.0130922, , , , , , , , , , , , , , , , , , , , , , , , , , , , 
9.1763654, 0.0203098, , , , , , , 9.1763654, -0.008896, , , , , , , 9.1763654, -0.0075532, , , , , , , 9.1763654, 0.0117494, , , , , , , , , , , , , , , , , , , , , , , , , , , , 
9.1768846, 0.0229953, , , , , , , 9.1768846, -0.0085603, , , , , , , 9.1768846, -0.0090639, , , , , , , 9.1768846, 0.0119173, , , , , , , , , , , , , , , , , , , , , , , , , , , , 
9.1774038, 0.026688, , , , , , , 9.1774038, -0.008896, , , , , , , 9.1774038, -0.0072175, , , , , , , 9.1774038, 0.0102388, , , , , , , , , , , , , , , , , , , , , , , , , , , , 
9.1779231, 0.026688, , , , , , , 9.1779231, -0.0075532, , , , , , , 9.1779231, -0.0060426, , , , , , , 9.1779231, 0.0085603, , , , , , , , , , , , , , , , , , , , , , , , , , , , 
9.1784423, 0.0236667, , , , , , , 9.1784423, -0.0070497, , , , , , , 9.1784423, -0.0068818, , , , , , , 9.1784423, 0.008896, , , , , , , , , , , , , , , , , , , , , , , , , , , , 
9.1789615, 0.0184634, , , , , , , 9.1789615, -0.0075532, , , , , , , 9.1789615, -0.0090639, , , , , , , 9.1789615, 0.0065461, , , , , , , , , , , , , , , , , , , , , , , , , , , , 
9.1794808, 0.0166171, , , , , , , 9.1794808, -0.0072175, , , , , , , 9.1794808, -0.0109102, , , , , , , 9.1794808, -0.0001678, , , , , , , , , , , , , , , , , , , , , , , , , , , , 
9.18, 0.0224918, , , , , , , 9.18, -0.0058747, , , , , , , 9.18, -0.0109102, , , , , , , 9.18, -0.0052033, , , , , , , , , , , , , , , , , , , , , , , , , , , , 
9.1805192, 0.030045, , , , , , , 9.1805192, -0.0062104, , , , , , , 9.1805192, -0.0109102, , , , , , , 9.1805192, -0.0065461, , , , , , , , , , , , , , , , , , , , , , , , , , , , 
9.1810385, 0.033402, , , , , , , 9.1810385, -0.0072175, , , , , , , 9.1810385, -0.0095674, , , , , , , 9.1810385, -0.0062104, , , , , , , , , , , , , , , , , , , , , , , , , , , , 
9.1815577, 0.0307164, , , , , , , 9.1815577, -0.0083925, , , , , , , 9.1815577, -0.0077211, , , , , , , 9.1815577, -0.0070497, , , , , , , , , , , , , , , , , , , , , , , , , , , , 
9.1820769, 0.026688, , , , , , , 9.1820769, -0.0085603, , , , , , , 9.1820769, -0.0063783, , , , , , , 9.1820769, -0.0082246, , , , , , , , , , , , , , , , , , , , , , , , , , , , 
9.1825962, 0.0236667, , , , , , , 9.1825962, -0.0072175, , , , , , , 9.1825962, -0.0062104, , , , , , , 9.1825962, -0.0082246, , , , , , , , , , , , , , , , , , , , , , , , , , , , 
9.1831154, 0.0213169, , , , , , , 9.1831154, -0.0068818, , , , , , , 9.1831154, -0.0068818, , , , , , , 9.1831154, -0.0052033, , , , , , , , , , , , , , , , , , , , , , , , , , , , 
9.1836346, 0.018967, , , , , , , 9.1836346, -0.0083925, , , , , , , 9.1836346, -0.008896, , , , , , , 9.1836346, -0.002182, , , , , , , , , , , , , , , , , , , , , , , , , , , , 
9.1841538, 0.01561, , , , , , , 9.1841538, -0.0090639, , , , , , , 9.1841538, -0.0082246, , , , , , , 9.1841538, -0.0001678, , , , , , , , , , , , , , , , , , , , , , , , , , , , 
9.1846731, 0.008896, , , , , , , 9.1846731, -0.0075532, , , , , , , 9.1846731, -0.0046998, , , , , , , 9.1846731, 0.0048676, , , , , , , , , , , , , , , , , , , , , , , , , , , , 
9.1851923, 0.0011749, , , , , , , 9.1851923, -0.0062104, , , , , , , 9.1851923, -0.0041962, , , , , , , 9.1851923, 0.0112459, , , , , , , , , , , , , , , , , , , , , , , , , , , , 
9.1857115, -0.0008392, , , , , , , 9.1857115, -0.0058747, , , , , , , 9.1857115, -0.0041962, , , , , , , 9.1857115, 0.0169528, , , , , , , , , , , , , , , , , , , , , , , , , , , , 
9.1862308, 0.0008392, , , , , , , 9.1862308, -0.0062104, , , , , , , 9.1862308, -0.0041962, , , , , , , 9.1862308, 0.0240024, , , , , , , , , , , , , , , , , , , , , , , , , , , , 
9.18675, 0.0001678, , , , , , , 9.18675, -0.005539, , , , , , , 9.18675, -0.0038605, , , , , , , 9.18675, 0.0307164, , , , , , , , , , , , , , , , , , , , , , , , , , , , 
9.1872692, -0.0031891, , , , , , , 9.1872692, -0.0048676, , , , , , , 9.1872692, -0.0030213, , , , , , , 9.1872692, 0.0372625, , , , , , , , , , , , , , , , , , , , , , , , , , , , 
9.1877885, -0.0070497, , , , , , , 9.1877885, -0.005539, , , , , , , 9.1877885, -0.002182, , , , , , , 9.1877885, 0.0394446, , , , , , , , , , , , , , , , , , , , , , , , , , , , 
9.1883077, -0.0124208, , , , , , , 9.1883077, -0.0068818, , , , , , , 9.1883077, -0.0005035, , , , , , , 9.1883077, 0.0396124, , , , , , , , , , , , , , , , , , , , , , , , , , , , 
9.1888269, -0.0146029, , , , , , , 9.1888269, -0.0075532, , , , , , , 9.1888269, -0.0015106, , , , , , , 9.1888269, 0.040116, , , , , , , , , , , , , , , , , , , , , , , , , , , , 
9.1893462, -0.0137636, , , , , , , 9.1893462, -0.0065461, , , , , , , 9.1893462, -0.0036927, , , , , , , 9.1893462, 0.0384375, , , , , , , , , , , , , , , , , , , , , , , , , , , , 
9.1898654, -0.0109102, , , , , , , 9.1898654, -0.0065461, , , , , , , 9.1898654, -0.0057069, , , , , , , 9.1898654, 0.0307164, , , , , , , , , , , , , , , , , , , , , , , , , , , , 
9.1903846, -0.0082246, , , , , , , 9.1903846, -0.0082246, , , , , , , 9.1903846, -0.0068818, , , , , , , 9.1903846, 0.0226596, , , , , , , , , , , , , , , , , , , , , , , , , , , , 
9.1909038, -0.0045319, , , , , , , 9.1909038, -0.0095674, , , , , , , 9.1909038, -0.0075532, , , , , , , 9.1909038, 0.0181277, , , , , , , , , , , , , , , , , , , , , , , , , , , , 
9.1914231, -0.0018463, , , , , , , 9.1914231, -0.008896, , , , , , , 9.1914231, -0.008896, , , , , , , 9.1914231, 0.0132601, , , , , , , , , , , , , , , , , , , , , , , , , , , , 
9.1919423, -0.0018463, , , , , , , 9.1919423, -0.0068818, , , , , , , 9.1919423, -0.008896, , , , , , , 9.1919423, 0.0099031, , , , , , , , , , , , , , , , , , , , , , , , , , , , 
9.1924615, 0.0005035, , , , , , , 9.1924615, -0.0065461, , , , , , , 9.1924615, -0.0077211, , , , , , , 9.1924615, 0.0070497, , , , , , , , , , , , , , , , , , , , , , , , , , , , 
9.1929808, 0.0052033, , , , , , , 9.1929808, -0.0072175, , , , , , , 9.1929808, -0.0078889, , , , , , , 9.1929808, 0.0030213, , , , , , , , , , , , , , , , , , , , , , , , , , , , 
9.1935, 0.0062104, , , , , , , 9.1935, -0.0070497, , , , , , , 9.1935, -0.0082246, , , , , , , 9.1935, -0.0001678, , , , , , , , , , , , , , , , , , , , , , , , , , , , 
9.1940192, 0.0035248, , , , , , , 9.1940192, -0.0058747, , , , , , , 9.1940192, -0.0102388, , , , , , , 9.1940192, -0.0008392, , , , , , , , , , , , , , , , , , , , , , , , , , , , 
9.1945385, 0.0062104, , , , , , , 9.1945385, -0.0065461, , , , , , , 9.1945385, -0.0095674, , , , , , , 9.1945385, -0.0011749, , , , , , , , , , , , , , , , , , , , , , , , , , , , 
9.1950577, 0.0139315, , , , , , , 9.1950577, -0.0062104, , , , , , , 9.1950577, -0.0062104, , , , , , , 9.1950577, -0.002182, , , , , , , , , , , , , , , , , , , , , , , , , , , , 
9.1955769, 0.0186313, , , , , , , 9.1955769, -0.0062104, , , , , , , 9.1955769, -0.0045319, , , , , , , 9.1955769, -0.0008392, , , , , , , , , , , , , , , , , , , , , , , , , , , , 
9.1960962, 0.0213169, , , , , , , 9.1960962, -0.0058747, , , , , , , 9.1960962, -0.0068818, , , , , , , 9.1960962, 0.0036927, , , , , , , , , , , , , , , , , , , , , , , , , , , , 
9.1966154, 0.0253452, , , , , , , 9.1966154, -0.0058747, , , , , , , 9.1966154, -0.0072175, , , , , , , 9.1966154, 0.0062104, , , , , , , , , , , , , , , , , , , , , , , , , , , , 
9.1971346, 0.0261845, , , , , , , 9.1971346, -0.0068818, , , , , , , 9.1971346, -0.0062104, , , , , , , 9.1971346, 0.0065461, , , , , , , , , , , , , , , , , , , , , , , , , , , , 
9.1976538, 0.0193027, , , , , , , 9.1976538, -0.0068818, , , , , , , 9.1976538, -0.0068818, , , , , , , 9.1976538, 0.0072175, , , , , , , , , , , , , , , , , , , , , , , , , , , , 
9.1981731, 0.0166171, , , , , , , 9.1981731, -0.0070497, , , , , , , 9.1981731, -0.0092317, , , , , , , 9.1981731, 0.0058747, , , , , , , , , , , , , , , , , , , , , , , , , , , , 
9.1986923, 0.0196384, , , , , , , 9.1986923, -0.0075532, , , , , , , 9.1986923, -0.0102388, , , , , , , 9.1986923, 0.0031891, , , , , , , , , , , , , , , , , , , , , , , , , , , , 
9.1992115, 0.0213169, , , , , , , 9.1992115, -0.0082246, , , , , , , 9.1992115, -0.0095674, , , , , , , 9.1992115, 0.0005035, , , , , , , , , , , , , , , , , , , , , , , , , , , , 
9.1997308, 0.0246738, , , , , , , 9.1997308, -0.0075532, , , , , , , 9.1997308, -0.005539, , , , , , , 9.1997308, -0.0018463, , , , , , , , , , , , , , , , , , , , , , , , , , , , 
9.20025, 0.0270237, , , , , , , 9.20025, -0.0062104, , , , , , , 9.20025, -0.0058747, , , , , , , 9.20025, -0.0045319, , , , , , , , , , , , , , , , , , , , , , , , , , , , 
9.2007692, 0.0280308, , , , , , , 9.2007692, -0.005539, , , , , , , 9.2007692, -0.0104067, , , , , , , 9.2007692, -0.0082246, , , , , , , , , , , , , , , , , , , , , , , , , , , , 
9.2012885, 0.0347448, , , , , , , 9.2012885, -0.0062104, , , , , , , 9.2012885, -0.0115816, , , , , , , 9.2012885, -0.008896, , , , , , , , , , , , , , , , , , , , , , , , , , , , 
9.2018077, 0.0384375, , , , , , , 9.2018077, -0.0082246, , , , , , , 9.2018077, -0.0109102, , , , , , , 9.2018077, -0.005539, , , , , , , , , , , , , , , , , , , , , , , , , , , , 
9.2023269, 0.036759, , , , , , , 9.2023269, -0.0083925, , , , , , , 9.2023269, -0.0109102, , , , , , , 9.2023269, -0.0010071, , , , , , , , , , , , , , , , , , , , , , , , , , , , 
9.2028462, 0.0337377, , , , , , , 9.2028462, -0.0078889, , , , , , , 9.2028462, -0.0095674, , , , , , , 9.2028462, 0.0023499, , , , , , , , , , , , , , , , , , , , , , , , , , , , 
9.2033654, 0.0293736, , , , , , , 9.2033654, -0.0083925, , , , , , , 9.2033654, -0.0082246, , , , , , , 9.2033654, 0.005539, , , , , , , , , , , , , , , , , , , , , , , , , , , , 
9.2038846, 0.0246738, , , , , , , 9.2038846, -0.0092317, , , , , , , 9.2038846, -0.0082246, , , , , , , 9.2038846, 0.0085603, , , , , , , , , , , , , , , , , , , , , , , , , , , , 
9.2044038, 0.0203098, , , , , , , 9.2044038, -0.0099031, , , , , , , 9.2044038, -0.0092317, , , , , , , 9.2044038, 0.0102388, , , , , , , , , , , , , , , , , , , , , , , , , , , , 
9.2049231, 0.018967, , , , , , , 9.2049231, -0.008896, , , , , , , 9.2049231, -0.0109102, , , , , , , 9.2049231, 0.0129244, , , , , , , , , , , , , , , , , , , , , , , , , , , , 
9.2054423, 0.0135958, , , , , , , 9.2054423, -0.0078889, , , , , , , 9.2054423, -0.010071, , , , , , , 9.2054423, 0.0186313, , , , , , , , , , , , , , , , , , , , , , , , , , , , 
9.2059615, 0.0058747, , , , , , , 9.2059615, -0.0062104, , , , , , , 9.2059615, -0.0072175, , , , , , , 9.2059615, 0.0253452, , , , , , , , , , , , , , , , , , , , , , , , , , , , 
9.2064808, -0.0015106, , , , , , , 9.2064808, -0.0048676, , , , , , , 9.2064808, -0.0052033, , , , , , , 9.2064808, 0.03122, , , , , , , , , , , , , , , , , , , , , , , , , , , , 
9.207, -0.0095674, , , , , , , 9.207, -0.0062104, , , , , , , 9.207, -0.0041962, , , , , , , 9.207, 0.0386053, , , , , , , , , , , , , , , , , , , , , , , , , , , , 
9.2075192, -0.0154421, , , , , , , 9.2075192, -0.0082246, , , , , , , 9.2075192, -0.0028534, , , , , , , 9.2075192, 0.0426337, , , , , , , , , , , , , , , , , , , , , , , , , , , , 
9.2080385, -0.0162814, , , , , , , 9.2080385, -0.0095674, , , , , , , 9.2080385, -0.0041962, , , , , , , 9.2080385, 0.0439765, , , , , , , , , , , , , , , , , , , , , , , , , , , , 
9.2085577, -0.0109102, , , , , , , 9.2085577, -0.012253, , , , , , , 9.2085577, -0.0045319, , , , , , , 9.2085577, 0.0431373, , , , , , , , , , , , , , , , , , , , , , , , , , , , 
9.2090769, -0.0068818, , , , , , , 9.2090769, -0.0142672, , , , , , , 9.2090769, -0.0031891, , , , , , , 9.2090769, 0.040116, , , , , , , , , , , , , , , , , , , , , , , , , , , , 
9.2095962, -0.0075532, , , , , , , 9.2095962, -0.0142672, , , , , , , 9.2095962, -0.0035248, , , , , , , 9.2095962, 0.0360876, , , , , , , , , , , , , , , , , , , , , , , , , , , , 
9.2101154, -0.005539, , , , , , , 9.2101154, -0.012253, , , , , , , 9.2101154, -0.0052033, , , , , , , 9.2101154, 0.0320592, , , , , , , , , , , , , , , , , , , , , , , , , , , , 
9.2106346, 0.0045319, , , , , , , 9.2106346, -0.0095674, , , , , , , 9.2106346, -0.0068818, , , , , , , 9.2106346, 0.026688, , , , , , , , , , , , , , , , , , , , , , , , , , , , 
9.2111538, 0.0105745, , , , , , , 9.2111538, -0.0085603, , , , , , , 9.2111538, -0.0075532, , , , , , , 9.2111538, 0.0213169, , , , , , , , , , , , , , , , , , , , , , , , , , , , 
9.2116731, 0.01561, , , , , , , 9.2116731, -0.0095674, , , , , , , 9.2116731, -0.0073854, , , , , , , 9.2116731, 0.0157778, , , , , , , , , , , , , , , , , , , , , , , , , , , , 
9.2121923, 0.0196384, , , , , , , 9.2121923, -0.0092317, , , , , , , 9.2121923, -0.0078889, , , , , , , 9.2121923, 0.0132601, , , , , , , , , , , , , , , , , , , , , , , , , , , , 
9.2127115, 0.0226596, , , , , , , 9.2127115, -0.0095674, , , , , , , 9.2127115, -0.0082246, , , , , , , 9.2127115, 0.0146029, , , , , , , , , , , , , , , , , , , , , , , , , , , , 
9.2132308, 0.0293736, , , , , , , 9.2132308, -0.0092317, , , , , , , 9.2132308, -0.0112459, , , , , , , 9.2132308, 0.0154421, , , , , , , , , , , , , , , , , , , , , , , , , , , , 
9.21375, 0.0350805, , , , , , , 9.21375, -0.0085603, , , , , , , 9.21375, -0.0124208, , , , , , , 9.21375, 0.0139315, , , , , , , , , , , , , , , , , , , , , , , , , , , , 
9.2142692, 0.0357519, , , , , , , 9.2142692, -0.0075532, , , , , , , 9.2142692, -0.0109102, , , , , , , 9.2142692, 0.0112459, , , , , , , , , , , , , , , , , , , , , , , , , , , , 
9.2147885, 0.0370947, , , , , , , 9.2147885, -0.005539, , , , , , , 9.2147885, -0.0095674, , , , , , , 9.2147885, 0.0102388, , , , , , , , , , , , , , , , , , , , , , , , , , , , 
9.2153077, 0.0370947, , , , , , , 9.2153077, -0.0031891, , , , , , , 9.2153077, -0.0099031, , , , , , , 9.2153077, 0.0119173, , , , , , , , , , , , , , , , , , , , , , , , , , , , 
9.2158269, 0.0360876, , , , , , , 9.2158269, -0.0031891, , , , , , , 9.2158269, -0.0102388, , , , , , , 9.2158269, 0.0146029, , , , , , , , , , , , , , , , , , , , , , , , , , , , 
9.2163462, 0.0379339, , , , , , , 9.2163462, -0.0048676, , , , , , , 9.2163462, -0.0087282, , , , , , , 9.2163462, 0.0154421, , , , , , , , , , , , , , , , , , , , , , , , , , , , 
9.2168654, 0.036759, , , , , , , 9.2168654, -0.0072175, , , , , , , 9.2168654, -0.0083925, , , , , , , 9.2168654, 0.0132601, , , , , , , , , , , , , , , , , , , , , , , , , , , , 
9.2173846, 0.0330663, , , , , , , 9.2173846, -0.0085603, , , , , , , 9.2173846, -0.0077211, , , , , , , 9.2173846, 0.0135958, , , , , , , , , , , , , , , , , , , , , , , , , , , , 
9.2179038, 0.0273594, , , , , , , 9.2179038, -0.0085603, , , , , , , 9.2179038, -0.0070497, , , , , , , 9.2179038, 0.0132601, , , , , , , , , , , , , , , , , , , , , , , , , , , , 
9.2184231, 0.0226596, , , , , , , 9.2184231, -0.0072175, , , , , , , 9.2184231, -0.0068818, , , , , , , 9.2184231, 0.0114137, , , , , , , , , , , , , , , , , , , , , , , , , , , , 
9.2189423, 0.0226596, , , , , , , 9.2189423, -0.0072175, , , , , , , 9.2189423, -0.0082246, , , , , , , 9.2189423, 0.0048676, , , , , , , , , , , , , , , , , , , , , , , , , , , , 
9.2194615, 0.0253452, , , , , , , 9.2194615, -0.0078889, , , , , , , 9.2194615, -0.0072175, , , , , , , 9.2194615, -0.0015106, , , , , , , , , , , , , , , , , , , , , , , , , , , , 
9.2199808, 0.0310521, , , , , , , 9.2199808, -0.0083925, , , , , , , 9.2199808, -0.0063783, , , , , , , 9.2199808, -0.0035248, , , , , , , , , , , , , , , , , , , , , , , , , , , , 
9.2205, 0.0359197, , , , , , , 9.2205, -0.0078889, , , , , , , 9.2205, -0.0075532, , , , , , , 9.2205, -0.0041962, , , , , , , , , , , , , , , , , , , , , , , , , , , , 
9.2210192, 0.0374304, , , , , , , 9.2210192, -0.0085603, , , , , , , 9.2210192, -0.0092317, , , , , , , 9.2210192, -0.0075532, , , , , , , , , , , , , , , , , , , , , , , , , , , , 
9.2215385, 0.0330663, , , , , , , 9.2215385, -0.0085603, , , , , , , 9.2215385, -0.010071, , , , , , , 9.2215385, -0.0105745, , , , , , , , , , , , , , , , , , , , , , , , , , , , 
9.2220577, 0.0263523, , , , , , , 9.2220577, -0.005539, , , , , , , 9.2220577, -0.0099031, , , , , , , 9.2220577, -0.0082246, , , , , , , , , , , , , , , , , , , , , , , , , , , , 
9.2225769, 0.0193027, , , , , , , 9.2225769, -0.0035248, , , , , , , 9.2225769, -0.0099031, , , , , , , 9.2225769, -0.0062104, , , , , , , , , , , , , , , , , , , , , , , , , , , , 
9.2230962, 0.0092317, , , , , , , 9.2230962, -0.0048676, , , , , , , 9.2230962, -0.0092317, , , , , , , 9.2230962, -0.0028534, , , , , , , , , , , , , , , , , , , , , , , , , , , , 
9.2236154, 0.0008392, , , , , , , 9.2236154, -0.0075532, , , , , , , 9.2236154, -0.0095674, , , , , , , 9.2236154, 0.0011749, , , , , , , , , , , , , , , , , , , , , , , , , , , , 
9.2241346, -0.0008392, , , , , , , 9.2241346, -0.0078889, , , , , , , 9.2241346, -0.0109102, , , , , , , 9.2241346, 0.0041962, , , , , , , , , , , , , , , , , , , , , , , , , , , , 
9.2246538, -0.002182, , , , , , , 9.2246538, -0.0058747, , , , , , , 9.2246538, -0.0087282, , , , , , , 9.2246538, 0.0065461, , , , , , , , , , , , , , , , , , , , , , , , , , , , 
9.2251731, -0.0057069, , , , , , , 9.2251731, -0.0060426, , , , , , , 9.2251731, -0.0075532, , , , , , , 9.2251731, 0.0099031, , , , , , , , , , , , , , , , , , , , , , , , , , , , 
9.2256923, -0.0075532, , , , , , , 9.2256923, -0.0063783, , , , , , , 9.2256923, -0.0092317, , , , , , , 9.2256923, 0.0171206, , , , , , , , , , , , , , , , , , , , , , , , , , , , 
9.2262115, -0.0082246, , , , , , , 9.2262115, -0.0062104, , , , , , , 9.2262115, -0.0095674, , , , , , , 9.2262115, 0.0246738, , , , , , , , , , , , , , , , , , , , , , , , , , , , 
9.2267308, -0.0112459, , , , , , , 9.2267308, -0.0068818, , , , , , , 9.2267308, -0.0082246, , , , , , , 9.2267308, 0.0297093, , , , , , , , , , , , , , , , , , , , , , , , , , , , 
9.22725, -0.0129244, , , , , , , 9.22725, -0.0058747, , , , , , , 9.22725, -0.0052033, , , , , , , 9.22725, 0.0332341, , , , , , , , , , , , , , , , , , , , , , , , , , , , 
9.2277692, -0.0112459, , , , , , , 9.2277692, -0.0048676, , , , , , , 9.2277692, -0.0041962, , , , , , , 9.2277692, 0.0374304, , , , , , , , , , , , , , , , , , , , , , , , , , , , 
9.2282885, -0.0075532, , , , , , , 9.2282885, -0.0048676, , , , , , , 9.2282885, -0.0048676, , , , , , , 9.2282885, 0.0407874, , , , , , , , , , , , , , , , , , , , , , , , , , , , 
9.2288077, -0.008896, , , , , , , 9.2288077, -0.0043641, , , , , , , 9.2288077, -0.0068818, , , , , , , 9.2288077, 0.0381018, , , , , , , , , , , , , , , , , , , , , , , , , , , , 
9.2293269, -0.0125887, , , , , , , 9.2293269, -0.0031891, , , , , , , 9.2293269, -0.0075532, , , , , , , 9.2293269, 0.0340734, , , , , , , , , , , , , , , , , , , , , , , , , , , , 
9.2298462, -0.0095674, , , , , , , 9.2298462, -0.0045319, , , , , , , 9.2298462, -0.0068818, , , , , , , 9.2298462, 0.030045, , , , , , , , , , , , , , , , , , , , , , , , , , , , 
9.2303654, -0.0041962, , , , , , , 9.2303654, -0.0077211, , , , , , , 9.2303654, -0.0075532, , , , , , , 9.2303654, 0.026688, , , , , , , , , , , , , , , , , , , , , , , , , , , , 
9.2308846, -0.0031891, , , , , , , 9.2308846, -0.0065461, , , , , , , 9.2308846, -0.0099031, , , , , , , 9.2308846, 0.023331, , , , , , , , , , , , , , , , , , , , , , , , , , , , 
9.2314038, -0.0028534, , , , , , , 9.2314038, -0.0041962, , , , , , , 9.2314038, -0.0102388, , , , , , , 9.2314038, 0.0193027, , , , , , , , , , , , , , , , , , , , , , , , , , , , 
9.2319231, 0.0025177, , , , , , , 9.2319231, -0.0035248, , , , , , , 9.2319231, -0.0095674, , , , , , , 9.2319231, 0.0159457, , , , , , , , , , , , , , , , , , , , , , , , , , , , 
9.2324423, 0.0099031, , , , , , , 9.2324423, -0.0025177, , , , , , , 9.2324423, -0.0099031, , , , , , , 9.2324423, 0.0132601, , , , , , , , , , , , , , , , , , , , , , , , , , , , 
9.2329615, 0.0146029, , , , , , , 9.2329615, -0.0035248, , , , , , , 9.2329615, -0.0115816, , , , , , , 9.2329615, 0.0142672, , , , , , , , , , , , , , , , , , , , , , , , , , , , 
9.2334808, 0.0146029, , , , , , , 9.2334808, -0.0062104, , , , , , , 9.2334808, -0.0112459, , , , , , , 9.2334808, 0.0132601, , , , , , , , , , , , , , , , , , , , , , , , , , , , 
9.234, 0.0162814, , , , , , , 9.234, -0.0082246, , , , , , , 9.234, -0.008896, , , , , , , 9.234, 0.0125887, , , , , , , , , , , , , , , , , , , , , , , , , , , , 
9.2345192, 0.0208133, , , , , , , 9.2345192, -0.0092317, , , , , , , 9.2345192, -0.0068818, , , , , , , 9.2345192, 0.012253, , , , , , , , , , , , , , , , , , , , , , , , , , , , 
9.2350385, 0.0213169, , , , , , , 9.2350385, -0.0085603, , , , , , , 9.2350385, -0.0072175, , , , , , , 9.2350385, 0.0112459, , , , , , , , , , , , , , , , , , , , , , , , , , , , 
9.2355577, 0.021149, , , , , , , 9.2355577, -0.0068818, , , , , , , 9.2355577, -0.0068818, , , , , , , 9.2355577, 0.0099031, , , , , , , , , , , , , , , , , , , , , , , , , , , , 
9.2360769, 0.0223239, , , , , , , 9.2360769, -0.0068818, , , , , , , 9.2360769, -0.0058747, , , , , , , 9.2360769, 0.0092317, , , , , , , , , , , , , , , , , , , , , , , , , , , , 
9.2365962, 0.0246738, , , , , , , 9.2365962, -0.008896, , , , , , , 9.2365962, -0.0068818, , , , , , , 9.2365962, 0.0075532, , , , , , , , , , , , , , , , , , , , , , , , , , , , 
9.2371154, 0.0280308, , , , , , , 9.2371154, -0.0109102, , , , , , , 9.2371154, -0.0099031, , , , , , , 9.2371154, 0.0057069, , , , , , , , , , , , , , , , , , , , , , , , , , , , 
9.2376346, 0.026688, , , , , , , 9.2376346, -0.0102388, , , , , , , 9.2376346, -0.0115816, , , , , , , 9.2376346, 0.0048676, , , , , , , , , , , , , , , , , , , , , , , , , , , , 
9.2381538, 0.0209812, , , , , , , 9.2381538, -0.0078889, , , , , , , 9.2381538, -0.0115816, , , , , , , 9.2381538, 0.0031891, , , , , , , , , , , , , , , , , , , , , , , , , , , , 
9.2386731, 0.0142672, , , , , , , 9.2386731, -0.008896, , , , , , , 9.2386731, -0.011078, , , , , , , 9.2386731, 0.0001678, , , , , , , , , , , , , , , , , , , , , , , , , , , , 
9.2391923, 0.0152743, , , , , , , 9.2391923, -0.0112459, , , , , , , 9.2391923, -0.0109102, , , , , , , 9.2391923, -0.0038605, , , , , , , , , , , , , , , , , , , , , , , , , , , , 
9.2397115, 0.0209812, , , , , , , 9.2397115, -0.0125887, , , , , , , 9.2397115, -0.0112459, , , , , , , 9.2397115, -0.005539, , , , , , , , , , , , , , , , , , , , , , , , , , , , 
9.2402308, 0.0229953, , , , , , , 9.2402308, -0.0132601, , , , , , , 9.2402308, -0.0112459, , , , , , , 9.2402308, -0.0062104, , , , , , , , , , , , , , , , , , , , , , , , , , , , 
9.24075, 0.0243381, , , , , , , 9.24075, -0.0125887, , , , , , , 9.24075, -0.0102388, , , , , , , 9.24075, -0.0065461, , , , , , , , , , , , , , , , , , , , , , , , , , , , 
9.2412692, 0.0280308, , , , , , , 9.2412692, -0.0115816, , , , , , , 9.2412692, -0.0105745, , , , , , , 9.2412692, -0.0082246, , , , , , , , , , , , , , , , , , , , , , , , , , , , 
9.2417885, 0.0313878, , , , , , , 9.2417885, -0.0112459, , , , , , , 9.2417885, -0.0115816, , , , , , , 9.2417885, -0.0095674, , , , , , , , , , , , , , , , , , , , , , , , , , , , 
9.2423077, 0.0290379, , , , , , , 9.2423077, -0.0112459, , , , , , , 9.2423077, -0.012253, , , , , , , 9.2423077, -0.0085603, , , , , , , , , , , , , , , , , , , , , , , , , , , , 
9.2428269, 0.0246738, , , , , , , 9.2428269, -0.0109102, , , , , , , 9.2428269, -0.0125887, , , , , , , 9.2428269, -0.0045319, , , , , , , , , , , , , , , , , , , , , , , , , , , , 
9.2433462, 0.0206455, , , , , , , 9.2433462, -0.0097353, , , , , , , 9.2433462, -0.0115816, , , , , , , 9.2433462, 0.0015106, , , , , , , , , , , , , , , , , , , , , , , , , , , , 
9.2438654, 0.0157778, , , , , , , 9.2438654, -0.0099031, , , , , , , 9.2438654, -0.008896, , , , , , , 9.2438654, 0.0062104, , , , , , , , , , , , , , , , , , , , , , , , , , , , 
9.2443846, 0.0105745, , , , , , , 9.2443846, -0.0109102, , , , , , , 9.2443846, -0.005539, , , , , , , 9.2443846, 0.0078889, , , , , , , , , , , , , , , , , , , , , , , , , , , , 
9.2449038, 0.0072175, , , , , , , 9.2449038, -0.0104067, , , , , , , 9.2449038, -0.0048676, , , , , , , 9.2449038, 0.0099031, , , , , , , , , , , , , , , , , , , , , , , , , , , , 
9.2454231, 0.0035248, , , , , , , 9.2454231, -0.0095674, , , , , , , 9.2454231, -0.0045319, , , , , , , 9.2454231, 0.0149386, , , , , , , , , , , , , , , , , , , , , , , , , , , , 
9.2459423, 0.0035248, , , , , , , 9.2459423, -0.008896, , , , , , , 9.2459423, -0.0048676, , , , , , , 9.2459423, 0.0213169, , , , , , , , , , , , , , , , , , , , , , , , , , , , 
9.2464615, 0.0018463, , , , , , , 9.2464615, -0.0085603, , , , , , , 9.2464615, -0.0050355, , , , , , , 9.2464615, 0.0280308, , , , , , , , , , , , , , , , , , , , , , , , , , , , 
9.2469808, -0.0041962, , , , , , , 9.2469808, -0.0095674, , , , , , , 9.2469808, -0.0035248, , , , , , , 9.2469808, 0.0347448, , , , , , , , , , , , , , , , , , , , , , , , , , , , 
9.2475, -0.0095674, , , , , , , 9.2475, -0.0095674, , , , , , , 9.2475, -0.0028534, , , , , , , 9.2475, 0.0391089, , , , , , , , , , , , , , , , , , , , , , , , , , , , 
9.2480192, -0.0142672, , , , , , , 9.2480192, -0.008896, , , , , , , 9.2480192, -0.0035248, , , , , , , 9.2480192, 0.0407874, , , , , , , , , , , , , , , , , , , , , , , , , , , , 
9.2485385, -0.008896, , , , , , , 9.2485385, -0.0092317, , , , , , , 9.2485385, -0.0031891, , , , , , , 9.2485385, 0.0397803, , , , , , , , , , , , , , , , , , , , , , , , , , , , 
9.2490577, -0.0008392, , , , , , , 9.2490577, -0.0109102, , , , , , , 9.2490577, -0.0028534, , , , , , , 9.2490577, 0.0360876, , , , , , , , , , , , , , , , , , , , , , , , , , , , 
9.2495769, 0.0015106, , , , , , , 9.2495769, -0.0115816, , , , , , , 9.2495769, -0.0045319, , , , , , , 9.2495769, 0.0307164, , , , , , , , , , , , , , , , , , , , , , , , , , , , 
9.2500962, 0.0015106, , , , , , , 9.2500962, -0.0112459, , , , , , , 9.2500962, -0.0063783, , , , , , , 9.2500962, 0.0265202, , , , , , , , , , , , , , , , , , , , , , , , , , , , 
9.2506154, 0.0085603, , , , , , , 9.2506154, -0.011078, , , , , , , 9.2506154, -0.0062104, , , , , , , 9.2506154, 0.0226596, , , , , , , , , , , , , , , , , , , , , , , , , , , , 
9.2511346, 0.0172885, , , , , , , 9.2511346, -0.012253, , , , , , , 9.2511346, -0.0068818, , , , , , , 9.2511346, 0.0176242, , , , , , , , , , , , , , , , , , , , , , , , , , , , 
9.2516538, 0.0199741, , , , , , , 9.2516538, -0.0119173, , , , , , , 9.2516538, -0.0085603, , , , , , , 9.2516538, 0.0142672, , , , , , , , , , , , , , , , , , , , , , , , , , , , 
9.2521731, 0.0186313, , , , , , , 9.2521731, -0.0105745, , , , , , , 9.2521731, -0.0090639, , , , , , , 9.2521731, 0.0142672, , , , , , , , , , , , , , , , , , , , , , , , , , , , 
9.2526923, 0.0152743, , , , , , , 9.2526923, -0.0095674, , , , , , , 9.2526923, -0.0072175, , , , , , , 9.2526923, 0.0146029, , , , , , , , , , , , , , , , , , , , , , , , , , , , 
9.2532115, 0.0137636, , , , , , , 9.2532115, -0.0117494, , , , , , , 9.2532115, -0.005539, , , , , , , 9.2532115, 0.0146029, , , , , , , , , , , , , , , , , , , , , , , , , , , , 
9.2537308, 0.0176242, , , , , , , 9.2537308, -0.012253, , , , , , , 9.2537308, -0.0045319, , , , , , , 9.2537308, 0.0151064, , , , , , , , , , , , , , , , , , , , , , , , , , , , 
9.25425, 0.0223239, , , , , , , 9.25425, -0.0104067, , , , , , , 9.25425, -0.0038605, , , , , , , 9.25425, 0.0132601, , , , , , , , , , , , , , , , , , , , , , , , , , , , 
9.2547692, 0.026688, , , , , , , 9.2547692, -0.0087282, , , , , , , 9.2547692, -0.0035248, , , , , , , 9.2547692, 0.0112459, , , , , , , , , , , , , , , , , , , , , , , , , , , , 
9.2552885, 0.0313878, , , , , , , 9.2552885, -0.0068818, , , , , , , 9.2552885, -0.0035248, , , , , , , 9.2552885, 0.0099031, , , , , , , , , , , , , , , , , , , , , , , , , , , , 
9.2558077, 0.0251774, , , , , , , 9.2558077, -0.0060426, , , , , , , 9.2558077, -0.0058747, , , , , , , 9.2558077, 0.0105745, , , , , , , , , , , , , , , , , , , , , , , , , , , , 
9.2563269, 0.0166171, , , , , , , 9.2563269, -0.0072175, , , , , , , 9.2563269, -0.0075532, , , , , , , 9.2563269, 0.0109102, , , , , , , , , , , , , , , , , , , , , , , , , , , , 
9.2568462, 0.0112459, , , , , , , 9.2568462, -0.0078889, , , , , , , 9.2568462, -0.0090639, , , , , , , 9.2568462, 0.0095674, , , , , , , , , , , , , , , , , , , , , , , , , , , , 
9.2573654, 0.0146029, , , , , , , 9.2573654, -0.0092317, , , , , , , 9.2573654, -0.0112459, , , , , , , 9.2573654, 0.0092317, , , , , , , , , , , , , , , , , , , , , , , , , , , , 
9.2578846, 0.0209812, , , , , , , 9.2578846, -0.0068818, , , , , , , 9.2578846, -0.0109102, , , , , , , 9.2578846, 0.0095674, , , , , , , , , , , , , , , , , , , , , , , , , , , , 
9.2584038, 0.0223239, , , , , , , 9.2584038, -0.0041962, , , , , , , 9.2584038, -0.0082246, , , , , , , 9.2584038, 0.0078889, , , , , , , , , , , , , , , , , , , , , , , , , , , , 
9.2589231, 0.0146029, , , , , , , 9.2589231, -0.0057069, , , , , , , 9.2589231, -0.0075532, , , , , , , 9.2589231, 0.0052033, , , , , , , , , , , , , , , , , , , , , , , , , , , , 
9.2594423, 0.0119173, , , , , , , 9.2594423, -0.0072175, , , , , , , 9.2594423, -0.0092317, , , , , , , 9.2594423, 0.0005035, , , , , , , , , , , , , , , , , , , , , , , , , , , , 
9.2599615, 0.0203098, , , , , , , 9.2599615, -0.0058747, , , , , , , 9.2599615, -0.0095674, , , , , , , 9.2599615, -0.0025177, , , , , , , , , , , , , , , , , , , , , , , , , , , , 
9.2604808, 0.0263523, , , , , , , 9.2604808, -0.0041962, , , , , , , 9.2604808, -0.0090639, , , , , , , 9.2604808, -0.0038605, , , , , , , , , , , , , , , , , , , , , , , , , , , , 
9.261, 0.026688, , , , , , , 9.261, -0.005539, , , , , , , 9.261, -0.0095674, , , , , , , 9.261, -0.005539, , , , , , , , , , , , , , , , , , , , , , , , , , , , 
9.2615192, 0.023331, , , , , , , 9.2615192, -0.0065461, , , , , , , 9.2615192, -0.0109102, , , , , , , 9.2615192, -0.0075532, , , , , , , , , , , , , , , , , , , , , , , , , , , , 
9.2620385, 0.0193027, , , , , , , 9.2620385, -0.0063783, , , , , , , 9.2620385, -0.0102388, , , , , , , 9.2620385, -0.0078889, , , , , , , , , , , , , , , , , , , , , , , , , , , , 
9.2625577, 0.0169528, , , , , , , 9.2625577, -0.0068818, , , , , , , 9.2625577, -0.0085603, , , , , , , 9.2625577, -0.0075532, , , , , , , , , , , , , , , , , , , , , , , , , , , , 
9.2630769, 0.0162814, , , , , , , 9.2630769, -0.0075532, , , , , , , 9.2630769, -0.0068818, , , , , , , 9.2630769, -0.005539, , , , , , , , , , , , , , , , , , , , , , , , , , , , 
9.2635962, 0.0140993, , , , , , , 9.2635962, -0.0075532, , , , , , , 9.2635962, -0.0048676, , , , , , , 9.2635962, -0.0018463, , , , , , , , , , , , , , , , , , , , , , , , , , , , 
9.2641154, 0.0142672, , , , , , , 9.2641154, -0.0075532, , , , , , , 9.2641154, -0.0045319, , , , , , , 9.2641154, 0.0005035, , , , , , , , , , , , , , , , , , , , , , , , , , , , 
9.2646346, 0.0157778, , , , , , , 9.2646346, -0.0078889, , , , , , , 9.2646346, -0.0062104, , , , , , , 9.2646346, 0.0023499, , , , , , , , , , , , , , , , , , , , , , , , , , , , 
9.2651538, 0.0159457, , , , , , , 9.2651538, -0.0092317, , , , , , , 9.2651538, -0.0082246, , , , , , , 9.2651538, 0.0057069, , , , , , , , , , , , , , , , , , , , , , , , , , , , 
9.2656731, 0.0112459, , , , , , , 9.2656731, -0.0105745, , , , , , , 9.2656731, -0.0082246, , , , , , , 9.2656731, 0.0105745, , , , , , , , , , , , , , , , , , , , , , , , , , , , 
9.2661923, 0.0052033, , , , , , , 9.2661923, -0.0095674, , , , , , , 9.2661923, -0.0035248, , , , , , , 9.2661923, 0.0164492, , , , , , , , , , , , , , , , , , , , , , , , , , , , 
9.2667115, 0.0016785, , , , , , , 9.2667115, -0.0082246, , , , , , , 9.2667115, -0.0008392, , , , , , , 9.2667115, 0.0219883, , , , , , , , , , , , , , , , , , , , , , , , , , , , 
9.2672308, -0.0001678, , , , , , , 9.2672308, -0.0097353, , , , , , , 9.2672308, -0.0001678, , , , , , , 9.2672308, 0.0276951, , , , , , , , , , , , , , , , , , , , , , , , , , , , 
9.26775, -0.0038605, , , , , , , 9.26775, -0.0117494, , , , , , , 9.26775, 0.0001678, , , , , , , 9.26775, 0.0293736, , , , , , , , , , , , , , , , , , , , , , , , , , , , 
9.2682692, -0.005539, , , , , , , 9.2682692, -0.0109102, , , , , , , 9.2682692, 0.0008392, , , , , , , 9.2682692, 0.0307164, , , , , , , , , , , , , , , , , , , , , , , , , , , , 
9.2687885, -0.0041962, , , , , , , 9.2687885, -0.008896, , , , , , , 9.2687885, 0.0006714, , , , , , , 9.2687885, 0.0320592, , , , , , , , , , , , , , , , , , , , , , , , , , , , 
9.2693077, -0.0035248, , , , , , , 9.2693077, -0.0085603, , , , , , , 9.2693077, 0.0005035, , , , , , , 9.2693077, 0.0303807, , , , , , , , , , , , , , , , , , , , , , , , , , , , 
9.2698269, -0.0005035, , , , , , , 9.2698269, -0.0075532, , , , , , , 9.2698269, -0.0008392, , , , , , , 9.2698269, 0.0260166, , , , , , , , , , , , , , , , , , , , , , , , , , , , 
9.2703462, 0.0058747, , , , , , , 9.2703462, -0.0048676, , , , , , , 9.2703462, -0.0031891, , , , , , , 9.2703462, 0.0226596, , , , , , , , , , , , , , , , , , , , , , , , , , , , 
9.2708654, 0.0104067, , , , , , , 9.2708654, -0.0045319, , , , , , , 9.2708654, -0.005539, , , , , , , 9.2708654, 0.0193027, , , , , , , , , , , , , , , , , , , , , , , , , , , , 
9.2713846, 0.0119173, , , , , , , 9.2713846, -0.0070497, , , , , , , 9.2713846, -0.0048676, , , , , , , 9.2713846, 0.0159457, , , , , , , , , , , , , , , , , , , , , , , , , , , , 
9.2719038, 0.0125887, , , , , , , 9.2719038, -0.0095674, , , , , , , 9.2719038, -0.005539, , , , , , , 9.2719038, 0.0146029, , , , , , , , , , , , , , , , , , , , , , , , , , , , 
9.2724231, 0.0159457, , , , , , , 9.2724231, -0.0090639, , , , , , , 9.2724231, -0.0082246, , , , , , , 9.2724231, 0.0142672, , , , , , , , , , , , , , , , , , , , , , , , , , , , 
9.2729423, 0.0218204, , , , , , , 9.2729423, -0.0068818, , , , , , , 9.2729423, -0.0095674, , , , , , , 9.2729423, 0.0139315, , , , , , , , , , , , , , , , , , , , , , , , , , , , 
9.2734615, 0.0219883, , , , , , , 9.2734615, -0.0062104, , , , , , , 9.2734615, -0.0099031, , , , , , , 9.2734615, 0.0139315, , , , , , , , , , , , , , , , , , , , , , , , , , , , 
9.2739808, 0.0193027, , , , , , , 9.2739808, -0.0068818, , , , , , , 9.2739808, -0.0105745, , , , , , , 9.2739808, 0.0119173, , , , , , , , , , , , , , , , , , , , , , , , , , , , 
9.2745, 0.0223239, , , , , , , 9.2745, -0.0052033, , , , , , , 9.2745, -0.0087282, , , , , , , 9.2745, 0.0099031, , , , , , , , , , , , , , , , , , , , , , , , , , , , 
9.2750192, 0.0287022, , , , , , , 9.2750192, -0.0035248, , , , , , , 9.2750192, -0.0082246, , , , , , , 9.2750192, 0.0090639, , , , , , , , , , , , , , , , , , , , , , , , , , , , 
9.2755385, 0.0344091, , , , , , , 9.2755385, -0.0023499, , , , , , , 9.2755385, -0.008896, , , , , , , 9.2755385, 0.0092317, , , , , , , , , , , , , , , , , , , , , , , , , , , , 
9.2760577, 0.0360876, , , , , , , 9.2760577, -0.0016785, , , , , , , 9.2760577, -0.0083925, , , , , , , 9.2760577, 0.0105745, , , , , , , , , , , , , , , , , , , , , , , , , , , , 
9.2765769, 0.0302129, , , , , , , 9.2765769, -0.0023499, , , , , , , 9.2765769, -0.008896, , , , , , , 9.2765769, 0.0092317, , , , , , , , , , , , , , , , , , , , , , , , , , , , 
9.2770962, 0.0219883, , , , , , , 9.2770962, -0.0035248, , , , , , , 9.2770962, -0.0102388, , , , , , , 9.2770962, 0.008896, , , , , , , , , , , , , , , , , , , , , , , , , , , , 
9.2776154, 0.0182956, , , , , , , 9.2776154, -0.0031891, , , , , , , 9.2776154, -0.0099031, , , , , , , 9.2776154, 0.0105745, , , , , , , , , , , , , , , , , , , , , , , , , , , , 
9.2781346, 0.017792, , , , , , , 9.2781346, -0.0028534, , , , , , , 9.2781346, -0.0097353, , , , , , , 9.2781346, 0.0142672, , , , , , , , , , , , , , , , , , , , , , , , , , , , 
9.2786538, 0.0224918, , , , , , , 9.2786538, -0.0023499, , , , , , , 9.2786538, -0.0102388, , , , , , , 9.2786538, 0.0149386, , , , , , , , , , , , , , , , , , , , , , , , , , , , 
9.2791731, 0.0307164, , , , , , , 9.2791731, -0.002182, , , , , , , 9.2791731, -0.0109102, , , , , , , 9.2791731, 0.0099031, , , , , , , , , , , , , , , , , , , , , , , , , , , , 
9.2796923, 0.0374304, , , , , , , 9.2796923, -0.0035248, , , , , , , 9.2796923, -0.0117494, , , , , , , 9.2796923, 0.0023499, , , , , , , , , , , , , , , , , , , , , , , , , , , , 
9.2802115, 0.0359197, , , , , , , 9.2802115, -0.0052033, , , , , , , 9.2802115, -0.0132601, , , , , , , 9.2802115, 0.0005035, , , , , , , , , , , , , , , , , , , , , , , , , , , , 
9.2807308, 0.0307164, , , , , , , 9.2807308, -0.0045319, , , , , , , 9.2807308, -0.0152743, , , , , , , 9.2807308, 0.0011749, , , , , , , , , , , , , , , , , , , , , , , , , , , , 
9.28125, 0.0253452, , , , , , , 9.28125, -0.0041962, , , , , , , 9.28125, -0.0152743, , , , , , , 9.28125, 0.0011749, , , , , , , , , , , , , , , , , , , , , , , , , , , , 
9.2817692, 0.0251774, , , , , , , 9.2817692, -0.0050355, , , , , , , 9.2817692, -0.0146029, , , , , , , 9.2817692, 0.0028534, , , , , , , , , , , , , , , , , , , , , , , , , , , , 
9.2822885, 0.030045, , , , , , , 9.2822885, -0.0052033, , , , , , , 9.2822885, -0.0132601, , , , , , , 9.2822885, 0.0038605, , , , , , , , , , , , , , , , , , , , , , , , , , , , 
9.2828077, 0.0263523, , , , , , , 9.2828077, -0.0058747, , , , , , , 9.2828077, -0.0115816, , , , , , , 9.2828077, 0.0065461, , , , , , , , , , , , , , , , , , , , , , , , , , , , 
9.2833269, 0.0172885, , , , , , , 9.2833269, -0.0082246, , , , , , , 9.2833269, -0.0117494, , , , , , , 9.2833269, 0.0125887, , , , , , , , , , , , , , , , , , , , , , , , , , , , 
9.2838462, 0.0119173, , , , , , , 9.2838462, -0.0095674, , , , , , , 9.2838462, -0.0115816, , , , , , , 9.2838462, 0.0184634, , , , , , , , , , , , , , , , , , , , , , , , , , , , 
9.2843654, 0.0075532, , , , , , , 9.2843654, -0.0095674, , , , , , , 9.2843654, -0.0102388, , , , , , , 9.2843654, 0.0219883, , , , , , , , , , , , , , , , , , , , , , , , , , , , 
9.2848846, 0.0052033, , , , , , , 9.2848846, -0.0092317, , , , , , , 9.2848846, -0.0109102, , , , , , , 9.2848846, 0.0229953, , , , , , , , , , , , , , , , , , , , , , , , , , , , 
9.2854038, 0.002182, , , , , , , 9.2854038, -0.0085603, , , , , , , 9.2854038, -0.0129244, , , , , , , 9.2854038, 0.0236667, , , , , , , , , , , , , , , , , , , , , , , , , , , , 
9.2859231, 0.0005035, , , , , , , 9.2859231, -0.0078889, , , , , , , 9.2859231, -0.014435, , , , , , , 9.2859231, 0.0251774, , , , , , , , , , , , , , , , , , , , , , , , , , , , 
9.2864423, -0.0023499, , , , , , , 9.2864423, -0.0082246, , , , , , , 9.2864423, -0.0109102, , , , , , , 9.2864423, 0.030045, , , , , , , , , , , , , , , , , , , , , , , , , , , , 
9.2869615, -0.0099031, , , , , , , 9.2869615, -0.008896, , , , , , , 9.2869615, -0.0058747, , , , , , , 9.2869615, 0.0357519, , , , , , , , , , , , , , , , , , , , , , , , , , , , 
9.2874808, -0.0115816, , , , , , , 9.2874808, -0.0082246, , , , , , , 9.2874808, -0.005539, , , , , , , 9.2874808, 0.0381018, , , , , , , , , , , , , , , , , , , , , , , , , , , , 
9.288, -0.0085603, , , , , , , 9.288, -0.0065461, , , , , , , 9.288, -0.0072175, , , , , , , 9.288, 0.0391089, , , , , , , , , , , , , , , , , , , , , , , , , , , , 
9.2885192, -0.0087282, , , , , , , 9.2885192, -0.0065461, , , , , , , 9.2885192, -0.0083925, , , , , , , 9.2885192, 0.0372625, , , , , , , , , , , , , , , , , , , , , , , , , , , , 
9.2890385, -0.008896, , , , , , , 9.2890385, -0.0095674, , , , , , , 9.2890385, -0.0082246, , , , , , , 9.2890385, 0.030045, , , , , , , , , , , , , , , , , , , , , , , , , , , , 
9.2895577, -0.0041962, , , , , , , 9.2895577, -0.0109102, , , , , , , 9.2895577, -0.0085603, , , , , , , 9.2895577, 0.0226596, , , , , , , , , , , , , , , , , , , , , , , , , , , , 
9.2900769, 0.0068818, , , , , , , 9.2900769, -0.008896, , , , , , , 9.2900769, -0.0085603, , , , , , , 9.2900769, 0.0186313, , , , , , , , , , , , , , , , , , , , , , , , , , , , 
9.2905962, 0.0146029, , , , , , , 9.2905962, -0.0082246, , , , , , , 9.2905962, -0.0062104, , , , , , , 9.2905962, 0.0152743, , , , , , , , , , , , , , , , , , , , , , , , , , , , 
9.2911154, 0.0159457, , , , , , , 9.2911154, -0.0095674, , , , , , , 9.2911154, -0.0058747, , , , , , , 9.2911154, 0.0125887, , , , , , , , , , , , , , , , , , , , , , , , , , , , 
9.2916346, 0.0140993, , , , , , , 9.2916346, -0.0102388, , , , , , , 9.2916346, -0.0082246, , , , , , , 9.2916346, 0.0114137, , , , , , , , , , , , , , , , , , , , , , , , , , , , 
9.2921538, 0.0149386, , , , , , , 9.2921538, -0.0090639, , , , , , , 9.2921538, -0.008896, , , , , , , 9.2921538, 0.0119173, , , , , , , , , , , , , , , , , , , , , , , , , , , , 
9.2926731, 0.0199741, , , , , , , 9.2926731, -0.0082246, , , , , , , 9.2926731, -0.0078889, , , , , , , 9.2926731, 0.0119173, , , , , , , , , , , , , , , , , , , , , , , , , , , , 
9.2931923, 0.0199741, , , , , , , 9.2931923, -0.0082246, , , , , , , 9.2931923, -0.0070497, , , , , , , 9.2931923, 0.0119173, , , , , , , , , , , , , , , , , , , , , , , , , , , , 
9.2937115, 0.0164492, , , , , , , 9.2937115, -0.0082246, , , , , , , 9.2937115, -0.0072175, , , , , , , 9.2937115, 0.0125887, , , , , , , , , , , , , , , , , , , , , , , , , , , , 
9.2942308, 0.0146029, , , , , , , 9.2942308, -0.0097353, , , , , , , 9.2942308, -0.0068818, , , , , , , 9.2942308, 0.0132601, , , , , , , , , , , , , , , , , , , , , , , , , , , , 
9.29475, 0.0135958, , , , , , , 9.29475, -0.0115816, , , , , , , 9.29475, -0.0062104, , , , , , , 9.29475, 0.0125887, , , , , , , , , , , , , , , , , , , , , , , , , , , , 
9.2952692, 0.012253, , , , , , , 9.2952692, -0.0105745, , , , , , , 9.2952692, -0.0075532, , , , , , , 9.2952692, 0.0105745, , , , , , , , , , , , , , , , , , , , , , , , , , , , 
9.2957885, 0.0172885, , , , , , , 9.2957885, -0.0095674, , , , , , , 9.2957885, -0.0072175, , , , , , , 9.2957885, 0.0102388, , , , , , , , , , , , , , , , , , , , , , , , , , , , 
9.2963077, 0.0186313, , , , , , , 9.2963077, -0.0092317, , , , , , , 9.2963077, -0.005539, , , , , , , 9.2963077, 0.0112459, , , , , , , , , , , , , , , , , , , , , , , , , , , , 
9.2968269, 0.0166171, , , , , , , 9.2968269, -0.0095674, , , , , , , 9.2968269, -0.005539, , , , , , , 9.2968269, 0.0102388, , , , , , , , , , , , , , , , , , , , , , , , , , , , 
9.2973462, 0.0125887, , , , , , , 9.2973462, -0.0102388, , , , , , , 9.2973462, -0.0068818, , , , , , , 9.2973462, 0.0060426, , , , , , , , , , , , , , , , , , , , , , , , , , , , 
9.2978654, 0.0092317, , , , , , , 9.2978654, -0.0102388, , , , , , , 9.2978654, -0.0075532, , , , , , , 9.2978654, 0.0052033, , , , , , , , , , , , , , , , , , , , , , , , , , , , 
9.2983846, 0.011078, , , , , , , 9.2983846, -0.0095674, , , , , , , 9.2983846, -0.0075532, , , , , , , 9.2983846, 0.0075532, , , , , , , , , , , , , , , , , , , , , , , , , , , , 
9.2989038, 0.0149386, , , , , , , 9.2989038, -0.0085603, , , , , , , 9.2989038, -0.0065461, , , , , , , 9.2989038, 0.0038605, , , , , , , , , , , , , , , , , , , , , , , , , , , , 
9.2994231, 0.0193027, , , , , , , 9.2994231, -0.0082246, , , , , , , 9.2994231, -0.0075532, , , , , , , 9.2994231, -0.0035248, , , , , , , , , , , , , , , , , , , , , , , , , , , , 
9.2999423, 0.0221561, , , , , , , 9.2999423, -0.0078889, , , , , , , 9.2999423, -0.008896, , , , , , , 9.2999423, -0.0070497, , , , , , , , , , , , , , , , , , , , , , , , , , , , 
9.3004615, 0.0256809, , , , , , , 9.3004615, -0.0062104, , , , , , , 9.3004615, -0.0075532, , , , , , , 9.3004615, -0.0078889, , , , , , , , , , , , , , , , , , , , , , , , , , , , 
9.3009808, 0.0298772, , , , , , , 9.3009808, -0.0062104, , , , , , , 9.3009808, -0.005539, , , , , , , 9.3009808, -0.0092317, , , , , , , , , , , , , , , , , , , , , , , , , , , , 
9.3015, 0.0307164, , , , , , , 9.3015, -0.0085603, , , , , , , 9.3015, -0.0063783, , , , , , , 9.3015, -0.0090639, , , , , , , , , , , , , , , , , , , , , , , , , , , , 
9.3020192, 0.0293736, , , , , , , 9.3020192, -0.0102388, , , , , , , 9.3020192, -0.0078889, , , , , , , 9.3020192, -0.0082246, , , , , , , , , , , , , , , , , , , , , , , , , , , , 
9.3025385, 0.0273594, , , , , , , 9.3025385, -0.0109102, , , , , , , 9.3025385, -0.0052033, , , , , , , 9.3025385, -0.0075532, , , , , , , , , , , , , , , , , , , , , , , , , , , , 
9.3030577, 0.0243381, , , , , , , 9.3030577, -0.0105745, , , , , , , 9.3030577, -0.003357, , , , , , , 9.3030577, -0.0053712, , , , , , , , , , , , , , , , , , , , , , , , , , , , 
9.3035769, 0.0216526, , , , , , , 9.3035769, -0.0099031, , , , , , , 9.3035769, -0.0041962, , , , , , , 9.3035769, 0.0001678, , , , , , , , , , , , , , , , , , , , , , , , , , , , 
9.3040962, 0.0142672, , , , , , , 9.3040962, -0.0099031, , , , , , , 9.3040962, -0.0057069, , , , , , , 9.3040962, 0.0058747, , , , , , , , , , , , , , , , , , , , , , , , , , , , 
9.3046154, 0.0092317, , , , , , , 9.3046154, -0.0102388, , , , , , , 9.3046154, -0.0077211, , , , , , , 9.3046154, 0.0095674, , , , , , , , , , , , , , , , , , , , , , , , , , , , 
9.3051346, 0.0078889, , , , , , , 9.3051346, -0.0097353, , , , , , , 9.3051346, -0.008896, , , , , , , 9.3051346, 0.0135958, , , , , , , , , , , , , , , , , , , , , , , , , , , , 
9.3056538, 0.0052033, , , , , , , 9.3056538, -0.0078889, , , , , , , 9.3056538, -0.0075532, , , , , , , 9.3056538, 0.0162814, , , , , , , , , , , , , , , , , , , , , , , , , , , , 
9.3061731, 0.0011749, , , , , , , 9.3061731, -0.0077211, , , , , , , 9.3061731, -0.0035248, , , , , , , 9.3061731, 0.0182956, , , , , , , , , , , , , , , , , , , , , , , , , , , , 
9.3066923, -0.0052033, , , , , , , 9.3066923, -0.0078889, , , , , , , 9.3066923, -0.0008392, , , , , , , 9.3066923, 0.0219883, , , , , , , , , , , , , , , , , , , , , , , , , , , , 
9.3072115, -0.0077211, , , , , , , 9.3072115, -0.0075532, , , , , , , 9.3072115, -0.0028534, , , , , , , 9.3072115, 0.0273594, , , , , , , , , , , , , , , , , , , , , , , , , , , , 
9.3077308, -0.0063783, , , , , , , 9.3077308, -0.0075532, , , , , , , 9.3077308, -0.0038605, , , , , , , 9.3077308, 0.0303807, , , , , , , , , , , , , , , , , , , , , , , , , , , , 
9.30825, -0.0041962, , , , , , , 9.30825, -0.0075532, , , , , , , 9.30825, -0.0035248, , , , , , , 9.30825, 0.0310521, , , , , , , , , , , , , , , , , , , , , , , , , , , , 
9.3087692, -0.0008392, , , , , , , 9.3087692, -0.0072175, , , , , , , 9.3087692, -0.0028534, , , , , , , 9.3087692, 0.0317235, , , , , , , , , , , , , , , , , , , , , , , , , , , , 
9.3092885, 0.0025177, , , , , , , 9.3092885, -0.0065461, , , , , , , 9.3092885, -0.0038605, , , , , , , 9.3092885, 0.0323949, , , , , , , , , , , , , , , , , , , , , , , , , , , , 
9.3098077, -0.0008392, , , , , , , 9.3098077, -0.0065461, , , , , , , 9.3098077, -0.0058747, , , , , , , 9.3098077, 0.0270237, , , , , , , , , , , , , , , , , , , , , , , , , , , , 
9.3103269, -0.0048676, , , , , , , 9.3103269, -0.0068818, , , , , , , 9.3103269, -0.0082246, , , , , , , 9.3103269, 0.0209812, , , , , , , , , , , , , , , , , , , , , , , , , , , , 
9.3108462, -0.0058747, , , , , , , 9.3108462, -0.0065461, , , , , , , 9.3108462, -0.0085603, , , , , , , 9.3108462, 0.0186313, , , , , , , , , , , , , , , , , , , , , , , , , , , , 
9.3113654, -0.0001678, , , , , , , 9.3113654, -0.0083925, , , , , , , 9.3113654, -0.008896, , , , , , , 9.3113654, 0.0186313, , , , , , , , , , , , , , , , , , , , , , , , , , , , 
9.3118846, 0.0058747, , , , , , , 9.3118846, -0.0092317, , , , , , , 9.3118846, -0.0104067, , , , , , , 9.3118846, 0.0172885, , , , , , , , , , , , , , , , , , , , , , , , , , , , 
9.3124038, 0.0070497, , , , , , , 9.3124038, -0.0082246, , , , , , , 9.3124038, -0.0105745, , , , , , , 9.3124038, 0.014435, , , , , , , , , , , , , , , , , , , , , , , , , , , , 
9.3129231, 0.0068818, , , , , , , 9.3129231, -0.0058747, , , , , , , 9.3129231, -0.0109102, , , , , , , 9.3129231, 0.0125887, , , , , , , , , , , , , , , , , , , , , , , , , , , , 
9.3134423, 0.0085603, , , , , , , 9.3134423, -0.0045319, , , , , , , 9.3134423, -0.0095674, , , , , , , 9.3134423, 0.0119173, , , , , , , , , , , , , , , , , , , , , , , , , , , , 
9.3139615, 0.0125887, , , , , , , 9.3139615, -0.0050355, , , , , , , 9.3139615, -0.0078889, , , , , , , 9.3139615, 0.0117494, , , , , , , , , , , , , , , , , , , , , , , , , , , , 
9.3144808, 0.0172885, , , , , , , 9.3144808, -0.0058747, , , , , , , 9.3144808, -0.0077211, , , , , , , 9.3144808, 0.0119173, , , , , , , , , , , , , , , , , , , , , , , , , , , , 
9.315, 0.0198062, , , , , , , 9.315, -0.0068818, , , , , , , 9.315, -0.008896, , , , , , , 9.315, 0.012253, , , , , , , , , , , , , , , , , , , , , , , , , , , , 
9.3155192, 0.0226596, , , , , , , 9.3155192, -0.0072175, , , , , , , 9.3155192, -0.008896, , , , , , , 9.3155192, 0.0102388, , , , , , , , , , , , , , , , , , , , , , , , , , , , 
9.3160385, 0.0250095, , , , , , , 9.3160385, -0.0068818, , , , , , , 9.3160385, -0.0072175, , , , , , , 9.3160385, 0.0077211, , , , , , , , , , , , , , , , , , , , , , , , , , , , 
9.3165577, 0.0283665, , , , , , , 9.3165577, -0.005539, , , , , , , 9.3165577, -0.0068818, , , , , , , 9.3165577, 0.0065461, , , , , , , , , , , , , , , , , , , , , , , , , , , , 
9.3170769, 0.0313878, , , , , , , 9.3170769, -0.0043641, , , , , , , 9.3170769, -0.0068818, , , , , , , 9.3170769, 0.0078889, , , , , , , , , , , , , , , , , , , , , , , , , , , , 
9.3175962, 0.026688, , , , , , , 9.3175962, -0.0045319, , , , , , , 9.3175962, -0.0072175, , , , , , , 9.3175962, 0.0104067, , , , , , , , , , , , , , , , , , , , , , , , , , , , 
9.3181154, 0.0221561, , , , , , , 9.3181154, -0.005539, , , , , , , 9.3181154, -0.0082246, , , , , , , 9.3181154, 0.0105745, , , , , , , , , , , , , , , , , , , , , , , , , , , , 
9.3186346, 0.021149, , , , , , , 9.3186346, -0.0062104, , , , , , , 9.3186346, -0.0082246, , , , , , , 9.3186346, 0.0077211, , , , , , , , , , , , , , , , , , , , , , , , , , , , 
9.3191538, 0.0213169, , , , , , , 9.3191538, -0.0058747, , , , , , , 9.3191538, -0.0062104, , , , , , , 9.3191538, 0.0043641, , , , , , , , , , , , , , , , , , , , , , , , , , , , 
9.3196731, 0.0229953, , , , , , , 9.3196731, -0.0041962, , , , , , , 9.3196731, -0.0062104, , , , , , , 9.3196731, -0.0003357, , , , , , , , , , , , , , , , , , , , , , , , , , , , 
9.3201923, 0.0246738, , , , , , , 9.3201923, -0.0028534, , , , , , , 9.3201923, -0.0090639, , , , , , , 9.3201923, -0.0048676, , , , , , , , , , , , , , , , , , , , , , , , , , , , 
9.3207115, 0.0251774, , , , , , , 9.3207115, -0.0041962, , , , , , , 9.3207115, -0.0125887, , , , , , , 9.3207115, -0.0075532, , , , , , , , , , , , , , , , , , , , , , , , , , , , 
9.3212308, 0.0285344, , , , , , , 9.3212308, -0.0062104, , , , , , , 9.3212308, -0.0149386, , , , , , , 9.3212308, -0.0058747, , , , , , , , , , , , , , , , , , , , , , , , , , , , 
9.32175, 0.0330663, , , , , , , 9.32175, -0.0072175, , , , , , , 9.32175, -0.01561, , , , , , , 9.32175, -0.0035248, , , , , , , , , , , , , , , , , , , , , , , , , , , , 
9.3222692, 0.0347448, , , , , , , 9.3222692, -0.0082246, , , , , , , 9.3222692, -0.01561, , , , , , , 9.3222692, -0.0001678, , , , , , , , , , , , , , , , , , , , , , , , , , , , 
9.3227885, 0.0320592, , , , , , , 9.3227885, -0.008896, , , , , , , 9.3227885, -0.0135958, , , , , , , 9.3227885, 0.0025177, , , , , , , , , , , , , , , , , , , , , , , , , , , , 
9.3233077, 0.0216526, , , , , , , 9.3233077, -0.0095674, , , , , , , 9.3233077, -0.0112459, , , , , , , 9.3233077, 0.0057069, , , , , , , , , , , , , , , , , , , , , , , , , , , , 
9.3238269, 0.014435, , , , , , , 9.3238269, -0.0109102, , , , , , , 9.3238269, -0.0102388, , , , , , , 9.3238269, 0.0092317, , , , , , , , , , , , , , , , , , , , , , , , , , , , 
9.3243462, 0.0132601, , , , , , , 9.3243462, -0.0092317, , , , , , , 9.3243462, -0.0077211, , , , , , , 9.3243462, 0.0105745, , , , , , , , , , , , , , , , , , , , , , , , , , , , 
9.3248654, 0.0102388, , , , , , , 9.3248654, -0.0075532, , , , , , , 9.3248654, -0.0068818, , , , , , , 9.3248654, 0.0142672, , , , , , , , , , , , , , , , , , , , , , , , , , , , 
9.3253846, 0.0045319, , , , , , , 9.3253846, -0.0082246, , , , , , , 9.3253846, -0.0058747, , , , , , , 9.3253846, 0.0203098, , , , , , , , , , , , , , , , , , , , , , , , , , , , 
9.3259038, 0.0003357, , , , , , , 9.3259038, -0.0092317, , , , , , , 9.3259038, -0.0041962, , , , , , , 9.3259038, 0.0243381, , , , , , , , , , , , , , , , , , , , , , , , , , , , 
9.3264231, -0.0050355, , , , , , , 9.3264231, -0.0104067, , , , , , , 9.3264231, -0.0028534, , , , , , , 9.3264231, 0.0280308, , , , , , , , , , , , , , , , , , , , , , , , , , , , 
9.3269423, -0.0109102, , , , , , , 9.3269423, -0.0112459, , , , , , , 9.3269423, -0.0031891, , , , , , , 9.3269423, 0.030045, , , , , , , , , , , , , , , , , , , , , , , , , , , , 
9.3274615, -0.0119173, , , , , , , 9.3274615, -0.0109102, , , , , , , 9.3274615, -0.0043641, , , , , , , 9.3274615, 0.0320592, , , , , , , , , , , , , , , , , , , , , , , , , , , , 
9.3279808, -0.0090639, , , , , , , 9.3279808, -0.0095674, , , , , , , 9.3279808, -0.005539, , , , , , , 9.3279808, 0.0340734, , , , , , , , , , , , , , , , , , , , , , , , , , , , 
9.3285, -0.0045319, , , , , , , 9.3285, -0.0078889, , , , , , , 9.3285, -0.005539, , , , , , , 9.3285, 0.0360876, , , , , , , , , , , , , , , , , , , , , , , , , , , , 
9.3290192, 0.0018463, , , , , , , 9.3290192, -0.0072175, , , , , , , 9.3290192, -0.0050355, , , , , , , 9.3290192, 0.0354162, , , , , , , , , , , , , , , , , , , , , , , , , , , , 
9.3295385, 0.010071, , , , , , , 9.3295385, -0.0078889, , , , , , , 9.3295385, -0.0036927, , , , , , , 9.3295385, 0.0290379, , , , , , , , , , , , , , , , , , , , , , , , , , , , 
9.3300577, 0.0119173, , , , , , , 9.3300577, -0.0078889, , , , , , , 9.3300577, -0.0031891, , , , , , , 9.3300577, 0.0226596, , , , , , , , , , , , , , , , , , , , , , , , , , , , 
9.3305769, 0.0109102, , , , , , , 9.3305769, -0.0068818, , , , , , , 9.3305769, -0.0028534, , , , , , , 9.3305769, 0.0199741, , , , , , , , , , , , , , , , , , , , , , , , , , , , 
9.3310962, 0.0127565, , , , , , , 9.3310962, -0.0075532, , , , , , , 9.3310962, -0.0031891, , , , , , , 9.3310962, 0.0193027, , , , , , , , , , , , , , , , , , , , , , , , , , , , 
9.3316154, 0.0172885, , , , , , , 9.3316154, -0.0072175, , , , , , , 9.3316154, -0.0031891, , , , , , , 9.3316154, 0.0193027, , , , , , , , , , , , , , , , , , , , , , , , , , , , 
9.3321346, 0.0179599, , , , , , , 9.3321346, -0.0070497, , , , , , , 9.3321346, -0.0048676, , , , , , , 9.3321346, 0.0186313, , , , , , , , , , , , , , , , , , , , , , , , , , , , 
9.3326538, 0.0193027, , , , , , , 9.3326538, -0.0070497, , , , , , , 9.3326538, -0.0070497, , , , , , , 9.3326538, 0.0166171, , , , , , , , , , , , , , , , , , , , , , , , , , , , 
9.3331731, 0.023331, , , , , , , 9.3331731, -0.0070497, , , , , , , 9.3331731, -0.0072175, , , , , , , 9.3331731, 0.0135958, , , , , , , , , , , , , , , , , , , , , , , , , , , , 
9.3336923, 0.0285344, , , , , , , 9.3336923, -0.0078889, , , , , , , 9.3336923, -0.0070497, , , , , , , 9.3336923, 0.0092317, , , , , , , , , , , , , , , , , , , , , , , , , , , , 
9.3342115, 0.0307164, , , , , , , 9.3342115, -0.0085603, , , , , , , 9.3342115, -0.0062104, , , , , , , 9.3342115, 0.0073854, , , , , , , , , , , , , , , , , , , , , , , , , , , , 
9.3347308, 0.0280308, , , , , , , 9.3347308, -0.0085603, , , , , , , 9.3347308, -0.005539, , , , , , , 9.3347308, 0.0095674, , , , , , , , , , , , , , , , , , , , , , , , , , , , 
9.33525, 0.0256809, , , , , , , 9.33525, -0.0068818, , , , , , , 9.33525, -0.0070497, , , , , , , 9.33525, 0.0078889, , , , , , , , , , , , , , , , , , , , , , , , , , , , 
9.3357692, 0.023331, , , , , , , 9.3357692, -0.0068818, , , , , , , 9.3357692, -0.0070497, , , , , , , 9.3357692, 0.0031891, , , , , , , , , , , , , , , , , , , , , , , , , , , , 
9.3362885, 0.0253452, , , , , , , 9.3362885, -0.0092317, , , , , , , 9.3362885, -0.005539, , , , , , , 9.3362885, 0.0031891, , , , , , , , , , , , , , , , , , , , , , , , , , , , 
9.3368077, 0.0221561, , , , , , , 9.3368077, -0.0092317, , , , , , , 9.3368077, -0.0062104, , , , , , , 9.3368077, 0.0068818, , , , , , , , , , , , , , , , , , , , , , , , , , , , 
9.3373269, 0.0162814, , , , , , , 9.3373269, -0.0075532, , , , , , , 9.3373269, -0.008896, , , , , , , 9.3373269, 0.0072175, , , , , , , , , , , , , , , , , , , , , , , , , , , , 
9.3378462, 0.0102388, , , , , , , 9.3378462, -0.0065461, , , , , , , 9.3378462, -0.0095674, , , , , , , 9.3378462, 0.0063783, , , , , , , , , , , , , , , , , , , , , , , , , , , , 
9.3383654, 0.0078889, , , , , , , 9.3383654, -0.0078889, , , , , , , 9.3383654, -0.0095674, , , , , , , 9.3383654, 0.0060426, , , , , , , , , , , , , , , , , , , , , , , , , , , , 
9.3388846, 0.0085603, , , , , , , 9.3388846, -0.008896, , , , , , , 9.3388846, -0.0085603, , , , , , , 9.3388846, 0.0015106, , , , , , , , , , , , , , , , , , , , , , , , , , , , 
9.3394038, 0.0105745, , , , , , , 9.3394038, -0.0072175, , , , , , , 9.3394038, -0.0102388, , , , , , , 9.3394038, -0.0062104, , , , , , , , , , , , , , , , , , , , , , , , , , , , 
9.3399231, 0.0132601, , , , , , , 9.3399231, -0.0052033, , , , , , , 9.3399231, -0.0119173, , , , , , , 9.3399231, -0.0102388, , , , , , , , , , , , , , , , , , , , , , , , , , , , 
9.3404423, 0.0149386, , , , , , , 9.3404423, -0.0052033, , , , , , , 9.3404423, -0.0129244, , , , , , , 9.3404423, -0.0109102, , , , , , , , , , , , , , , , , , , , , , , , , , , , 
9.3409615, 0.0140993, , , , , , , 9.3409615, -0.0068818, , , , , , , 9.3409615, -0.0125887, , , , , , , 9.3409615, -0.0095674, , , , , , , , , , , , , , , , , , , , , , , , , , , , 
9.3414808, 0.0112459, , , , , , , 9.3414808, -0.0082246, , , , , , , 9.3414808, -0.0146029, , , , , , , 9.3414808, -0.0075532, , , , , , , , , , , , , , , , , , , , , , , , , , , , 
9.342, 0.0119173, , , , , , , 9.342, -0.0073854, , , , , , , 9.342, -0.0157778, , , , , , , 9.342, -0.0062104, , , , , , , , , , , , , , , , , , , , , , , , , , , , 
9.3425192, 0.0139315, , , , , , , 9.3425192, -0.0068818, , , , , , , 9.3425192, -0.0152743, , , , , , , 9.3425192, -0.0045319, , , , , , , , , , , , , , , , , , , , , , , , , , , , 
9.3430385, 0.01561, , , , , , , 9.3430385, -0.0062104, , , , , , , 9.3430385, -0.014435, , , , , , , 9.3430385, -0.0001678, , , , , , , , , , , , , , , , , , , , , , , , , , , , 
9.3435577, 0.0115816, , , , , , , 9.3435577, -0.0068818, , , , , , , 9.3435577, -0.01561, , , , , , , 9.3435577, 0.0048676, , , , , , , , , , , , , , , , , , , , , , , , , , , , 
9.3440769, 0.0050355, , , , , , , 9.3440769, -0.0109102, , , , , , , 9.3440769, -0.0142672, , , , , , , 9.3440769, 0.0112459, , , , , , , , , , , , , , , , , , , , , , , , , , , , 
9.3445962, 0.0011749, , , , , , , 9.3445962, -0.0115816, , , , , , , 9.3445962, -0.0119173, , , , , , , 9.3445962, 0.0159457, , , , , , , , , , , , , , , , , , , , , , , , , , , , 
9.3451154, 0.0005035, , , , , , , 9.3451154, -0.0085603, , , , , , , 9.3451154, -0.0105745, , , , , , , 9.3451154, 0.0196384, , , , , , , , , , , , , , , , , , , , , , , , , , , , 
9.3456346, 0.0005035, , , , , , , 9.3456346, -0.0075532, , , , , , , 9.3456346, -0.008896, , , , , , , 9.3456346, 0.0219883, , , , , , , , , , , , , , , , , , , , , , , , , , , , 
9.3461538, -0.0001678, , , , , , , 9.3461538, -0.0077211, , , , , , , 9.3461538, -0.0082246, , , , , , , 9.3461538, 0.0238346, , , , , , , , , , , , , , , , , , , , , , , , , , , , 
9.3466731, -0.0015106, , , , , , , 9.3466731, -0.0072175, , , , , , , 9.3466731, -0.0072175, , , , , , , 9.3466731, 0.0270237, , , , , , , , , , , , , , , , , , , , , , , , , , , , 
9.3471923, -0.0068818, , , , , , , 9.3471923, -0.0068818, , , , , , , 9.3471923, -0.005539, , , , , , , 9.3471923, 0.0323949, , , , , , , , , , , , , , , , , , , , , , , , , , , , 
9.3477115, -0.0078889, , , , , , , 9.3477115, -0.0082246, , , , , , , 9.3477115, -0.003357, , , , , , , 9.3477115, 0.0374304, , , , , , , , , , , , , , , , , , , , , , , , , , , , 
9.3482308, -0.0028534, , , , , , , 9.3482308, -0.0078889, , , , , , , 9.3482308, -0.0031891, , , , , , , 9.3482308, 0.0394446, , , , , , , , , , , , , , , , , , , , , , , , , , , , 
9.34875, 0.0018463, , , , , , , 9.34875, -0.0068818, , , , , , , 9.34875, -0.0041962, , , , , , , 9.34875, 0.0391089, , , , , , , , , , , , , , , , , , , , , , , , , , , , 
9.3492692, 0.0030213, , , , , , , 9.3492692, -0.0082246, , , , , , , 9.3492692, -0.0038605, , , , , , , 9.3492692, 0.0354162, , , , , , , , , , , , , , , , , , , , , , , , , , , , 
9.3497885, 0.0062104, , , , , , , 9.3497885, -0.0090639, , , , , , , 9.3497885, -0.0028534, , , , , , , 9.3497885, 0.0280308, , , , , , , , , , , , , , , , , , , , , , , , , , , , 
9.3503077, 0.008896, , , , , , , 9.3503077, -0.0082246, , , , , , , 9.3503077, -0.005539, , , , , , , 9.3503077, 0.0226596, , , , , , , , , , , , , , , , , , , , , , , , , , , , 
9.3508269, 0.0102388, , , , , , , 9.3508269, -0.0083925, , , , , , , 9.3508269, -0.0082246, , , , , , , 9.3508269, 0.0199741, , , , , , , , , , , , , , , , , , , , , , , , , , , , 
9.3513462, 0.0119173, , , , , , , 9.3513462, -0.0092317, , , , , , , 9.3513462, -0.0085603, , , , , , , 9.3513462, 0.0216526, , , , , , , , , , , , , , , , , , , , , , , , , , , , 
9.3518654, 0.0179599, , , , , , , 9.3518654, -0.011078, , , , , , , 9.3518654, -0.0072175, , , , , , , 9.3518654, 0.0203098, , , , , , , , , , , , , , , , , , , , , , , , , , , , 
9.3523846, 0.0224918, , , , , , , 9.3523846, -0.012253, , , , , , , 9.3523846, -0.0070497, , , , , , , 9.3523846, 0.0172885, , , , , , , , , , , , , , , , , , , , , , , , , , , , 
9.3529038, 0.0218204, , , , , , , 9.3529038, -0.0099031, , , , , , , 9.3529038, -0.0085603, , , , , , , 9.3529038, 0.0152743, , , , , , , , , , , , , , , , , , , , , , , , , , , , 
9.3534231, 0.0199741, , , , , , , 9.3534231, -0.0082246, , , , , , , 9.3534231, -0.0099031, , , , , , , 9.3534231, 0.0137636, , , , , , , , , , , , , , , , , , , , , , , , , , , , 
9.3539423, 0.0162814, , , , , , , 9.3539423, -0.0095674, , , , , , , 9.3539423, -0.0102388, , , , , , , 9.3539423, 0.0125887, , , , , , , , , , , , , , , , , , , , , , , , , , , , 
9.3544615, 0.0142672, , , , , , , 9.3544615, -0.0109102, , , , , , , 9.3544615, -0.0109102, , , , , , , 9.3544615, 0.0115816, , , , , , , , , , , , , , , , , , , , , , , , , , , , 
9.3549808, 0.0139315, , , , , , , 9.3549808, -0.0090639, , , , , , , 9.3549808, -0.0112459, , , , , , , 9.3549808, 0.0109102, , , , , , , , , , , , , , , , , , , , , , , , , , , , 
9.3555, 0.0159457, , , , , , , 9.3555, -0.0062104, , , , , , , 9.3555, -0.0085603, , , , , , , 9.3555, 0.0119173, , , , , , , , , , , , , , , , , , , , , , , , , , , , 
9.3560192, 0.0176242, , , , , , , 9.3560192, -0.0048676, , , , , , , 9.3560192, -0.0072175, , , , , , , 9.3560192, 0.0132601, , , , , , , , , , , , , , , , , , , , , , , , , , , , 
9.3565385, 0.0199741, , , , , , , 9.3565385, -0.0041962, , , , , , , 9.3565385, -0.0090639, , , , , , , 9.3565385, 0.0152743, , , , , , , , , , , , , , , , , , , , , , , , , , , , 
9.3570577, 0.0213169, , , , , , , 9.3570577, -0.0058747, , , , , , , 9.3570577, -0.0095674, , , , , , , 9.3570577, 0.0159457, , , , , , , , , , , , , , , , , , , , , , , , , , , , 
9.3575769, 0.0209812, , , , , , , 9.3575769, -0.0075532, , , , , , , 9.3575769, -0.0078889, , , , , , , 9.3575769, 0.0146029, , , , , , , , , , , , , , , , , , , , , , , , , , , , 
9.3580962, 0.0186313, , , , , , , 9.3580962, -0.0090639, , , , , , , 9.3580962, -0.0062104, , , , , , , 9.3580962, 0.0109102, , , , , , , , , , , , , , , , , , , , , , , , , , , , 
9.3586154, 0.0186313, , , , , , , 9.3586154, -0.0082246, , , , , , , 9.3586154, -0.0045319, , , , , , , 9.3586154, 0.0048676, , , , , , , , , , , , , , , , , , , , , , , , , , , , 
9.3591346, 0.0246738, , , , , , , 9.3591346, -0.0065461, , , , , , , 9.3591346, -0.0035248, , , , , , , 9.3591346, -0.0028534, , , , , , , , , , , , , , , , , , , , , , , , , , , , 
9.3596538, 0.0317235, , , , , , , 9.3596538, -0.0062104, , , , , , , 9.3596538, -0.005539, , , , , , , 9.3596538, -0.008896, , , , , , , , , , , , , , , , , , , , , , , , , , , , 
9.3601731, 0.0347448, , , , , , , 9.3601731, -0.0068818, , , , , , , 9.3601731, -0.0072175, , , , , , , 9.3601731, -0.0117494, , , , , , , , , , , , , , , , , , , , , , , , , , , , 
9.3606923, 0.0330663, , , , , , , 9.3606923, -0.0075532, , , , , , , 9.3606923, -0.0075532, , , , , , , 9.3606923, -0.0120851, , , , , , , , , , , , , , , , , , , , , , , , , , , , 
9.3612115, 0.0292058, , , , , , , 9.3612115, -0.0063783, , , , , , , 9.3612115, -0.0078889, , , , , , , 9.3612115, -0.0129244, , , , , , , , , , , , , , , , , , , , , , , , , , , , 
9.3617308, 0.0260166, , , , , , , 9.3617308, -0.0068818, , , , , , , 9.3617308, -0.0102388, , , , , , , 9.3617308, -0.0130922, , , , , , , , , , , , , , , , , , , , , , , , , , , , 
9.36225, 0.0236667, , , , , , , 9.36225, -0.0068818, , , , , , , 9.36225, -0.0125887, , , , , , , 9.36225, -0.0112459, , , , , , , , , , , , , , , , , , , , , , , , , , , , 
9.3627692, 0.0236667, , , , , , , 9.3627692, -0.0068818, , , , , , , 9.3627692, -0.0125887, , , , , , , 9.3627692, -0.0068818, , , , , , , , , , , , , , , , , , , , , , , , , , , , 
9.3632885, 0.0250095, , , , , , , 9.3632885, -0.0068818, , , , , , , 9.3632885, -0.008896, , , , , , , 9.3632885, -0.0025177, , , , , , , , , , , , , , , , , , , , , , , , , , , , 
9.3638077, 0.0209812, , , , , , , 9.3638077, -0.0063783, , , , , , , 9.3638077, -0.0058747, , , , , , , 9.3638077, 0.002182, , , , , , , , , , , , , , , , , , , , , , , , , , , , 
9.3643269, 0.0159457, , , , , , , 9.3643269, -0.0062104, , , , , , , 9.3643269, -0.0068818, , , , , , , 9.3643269, 0.008896, , , , , , , , , , , , , , , , , , , , , , , , , , , , 
9.3648462, 0.0139315, , , , , , , 9.3648462, -0.0062104, , , , , , , 9.3648462, -0.0065461, , , , , , , 9.3648462, 0.0146029, , , , , , , , , , , , , , , , , , , , , , , , , , , , 
9.3653654, 0.0119173, , , , , , , 9.3653654, -0.0062104, , , , , , , 9.3653654, -0.0060426, , , , , , , 9.3653654, 0.0194705, , , , , , , , , , , , , , , , , , , , , , , , , , , , 
9.3658846, 0.0050355, , , , , , , 9.3658846, -0.0065461, , , , , , , 9.3658846, -0.0052033, , , , , , , 9.3658846, 0.0240024, , , , , , , , , , , , , , , , , , , , , , , , , , , , 
9.3664038, -0.002182, , , , , , , 9.3664038, -0.0092317, , , , , , , 9.3664038, -0.0035248, , , , , , , 9.3664038, 0.0273594, , , , , , , , , , , , , , , , , , , , , , , , , , , , 
9.3669231, -0.0058747, , , , , , , 9.3669231, -0.0104067, , , , , , , 9.3669231, -0.0015106, , , , , , , 9.3669231, 0.0293736, , , , , , , , , , , , , , , , , , , , , , , , , , , , 
9.3674423, -0.0078889, , , , , , , 9.3674423, -0.0085603, , , , , , , 9.3674423, -0.0015106, , , , , , , 9.3674423, 0.0307164, , , , , , , , , , , , , , , , , , , , , , , , , , , , 
9.3679615, -0.0085603, , , , , , , 9.3679615, -0.0075532, , , , , , , 9.3679615, -0.0025177, , , , , , , 9.3679615, 0.0317235, , , , , , , , , , , , , , , , , , , , , , , , , , , , 
9.3684808, -0.0082246, , , , , , , 9.3684808, -0.0070497, , , , , , , 9.3684808, -0.0018463, , , , , , , 9.3684808, 0.0327306, , , , , , , , , , , , , , , , , , , , , , , , , , , , 
9.369, -0.0045319, , , , , , , 9.369, -0.0065461, , , , , , , 9.369, 0.0001678, , , , , , , 9.369, 0.0293736, , , , , , , , , , , , , , , , , , , , , , , , , , , , 
9.3695192, -0.0003357, , , , , , , 9.3695192, -0.0082246, , , , , , , 9.3695192, -0.0001678, , , , , , , 9.3695192, 0.0221561, , , , , , , , , , , , , , , , , , , , , , , , , , , , 
9.3700385, 0.0043641, , , , , , , 9.3700385, -0.0114137, , , , , , , 9.3700385, -0.0001678, , , , , , , 9.3700385, 0.018967, , , , , , , , , , , , , , , , , , , , , , , , , , , , 
9.3705577, 0.0065461, , , , , , , 9.3705577, -0.0119173, , , , , , , 9.3705577, 0.0005035, , , , , , , 9.3705577, 0.0206455, , , , , , , , , , , , , , , , , , , , , , , , , , , , 
9.3710769, 0.0124208, , , , , , , 9.3710769, -0.0095674, , , , , , , 9.3710769, -0.0011749, , , , , , , 9.3710769, 0.0226596, , , , , , , , , , , , , , , , , , , , , , , , , , , , 
9.3715962, 0.0172885, , , , , , , 9.3715962, -0.0062104, , , , , , , 9.3715962, -0.0028534, , , , , , , 9.3715962, 0.0206455, , , , , , , , , , , , , , , , , , , , , , , , , , , , 
9.3721154, 0.0169528, , , , , , , 9.3721154, -0.0052033, , , , , , , 9.3721154, -0.0030213, , , , , , , 9.3721154, 0.0182956, , , , , , , , , , , , , , , , , , , , , , , , , , , , 
9.3726346, 0.0125887, , , , , , , 9.3726346, -0.0075532, , , , , , , 9.3726346, -0.0048676, , , , , , , 9.3726346, 0.01561, , , , , , , , , , , , , , , , , , , , , , , , , , , , 
9.3731538, 0.0102388, , , , , , , 9.3731538, -0.0095674, , , , , , , 9.3731538, -0.005539, , , , , , , 9.3731538, 0.0125887, , , , , , , , , , , , , , , , , , , , , , , , , , , , 
9.3736731, 0.0132601, , , , , , , 9.3736731, -0.0095674, , , , , , , 9.3736731, -0.0062104, , , , , , , 9.3736731, 0.0075532, , , , , , , , , , , , , , , , , , , , , , , , , , , , 
9.3741923, 0.0172885, , , , , , , 9.3741923, -0.008896, , , , , , , 9.3741923, -0.0065461, , , , , , , 9.3741923, 0.0023499, , , , , , , , , , , , , , , , , , , , , , , , , , , , 
9.3747115, 0.0146029, , , , , , , 9.3747115, -0.0092317, , , , , , , 9.3747115, -0.0072175, , , , , , , 9.3747115, 0.0038605, , , , , , , , , , , , , , , , , , , , , , , , , , , , 
9.3752308, 0.0109102, , , , , , , 9.3752308, -0.0102388, , , , , , , 9.3752308, -0.0077211, , , , , , , 9.3752308, 0.0073854, , , , , , , , , , , , , , , , , , , , , , , , , , , , 
9.37575, 0.0130922, , , , , , , 9.37575, -0.0102388, , , , , , , 9.37575, -0.0075532, , , , , , , 9.37575, 0.0073854, , , , , , , , , , , , , , , , , , , , , , , , , , , , 
9.3762692, 0.0199741, , , , , , , 9.3762692, -0.0095674, , , , , , , 9.3762692, -0.0068818, , , , , , , 9.3762692, 0.0082246, , , , , , , , , , , , , , , , , , , , , , , , , , , , 
9.3767885, 0.0273594, , , , , , , 9.3767885, -0.0082246, , , , , , , 9.3767885, -0.0075532, , , , , , , 9.3767885, 0.0109102, , , , , , , , , , , , , , , , , , , , , , , , , , , , 
9.3773077, 0.0280308, , , , , , , 9.3773077, -0.0080568, , , , , , , 9.3773077, -0.012253, , , , , , , 9.3773077, 0.0135958, , , , , , , , , , , , , , , , , , , , , , , , , , , , 
9.3778269, 0.0270237, , , , , , , 9.3778269, -0.008896, , , , , , , 9.3778269, -0.0139315, , , , , , , 9.3778269, 0.0152743, , , , , , , , , , , , , , , , , , , , , , , , , , , , 
9.3783462, 0.0236667, , , , , , , 9.3783462, -0.0097353, , , , , , , 9.3783462, -0.0115816, , , , , , , 9.3783462, 0.0135958, , , , , , , , , , , , , , , , , , , , , , , , , , , , 
9.3788654, 0.0196384, , , , , , , 9.3788654, -0.0115816, , , , , , , 9.3788654, -0.0112459, , , , , , , 9.3788654, 0.0078889, , , , , , , , , , , , , , , , , , , , , , , , , , , , 
9.3793846, 0.0191348, , , , , , , 9.3793846, -0.0132601, , , , , , , 9.3793846, -0.0105745, , , , , , , 9.3793846, 0.0005035, , , , , , , , , , , , , , , , , , , , , , , , , , , , 
9.3799038, 0.0229953, , , , , , , 9.3799038, -0.0119173, , , , , , , 9.3799038, -0.0109102, , , , , , , 9.3799038, -0.0028534, , , , , , , , , , , , , , , , , , , , , , , , , , , , 
9.3804231, 0.0273594, , , , , , , 9.3804231, -0.0105745, , , , , , , 9.3804231, -0.0124208, , , , , , , 9.3804231, -0.0028534, , , , , , , , , , , , , , , , , , , , , , , , , , , , 
9.3809423, 0.0293736, , , , , , , 9.3809423, -0.0102388, , , , , , , 9.3809423, -0.0135958, , , , , , , 9.3809423, -0.0008392, , , , , , , , , , , , , , , , , , , , , , , , , , , , 
9.3814615, 0.03122, , , , , , , 9.3814615, -0.008896, , , , , , , 9.3814615, -0.0152743, , , , , , , 9.3814615, 0.0008392, , , , , , , , , , , , , , , , , , , , , , , , , , , , 
9.3819808, 0.0330663, , , , , , , 9.3819808, -0.0075532, , , , , , , 9.3819808, -0.0162814, , , , , , , 9.3819808, 0.0011749, , , , , , , , , , , , , , , , , , , , , , , , , , , , 
9.3825, 0.033402, , , , , , , 9.3825, -0.0075532, , , , , , , 9.3825, -0.0166171, , , , , , , 9.3825, 0.0038605, , , , , , , , , , , , , , , , , , , , , , , , , , , , 
9.3830192, 0.0280308, , , , , , , 9.3830192, -0.0082246, , , , , , , 9.3830192, -0.0169528, , , , , , , 9.3830192, 0.0078889, , , , , , , , , , , , , , , , , , , , , , , , , , , , 
9.3835385, 0.0203098, , , , , , , 9.3835385, -0.0082246, , , , , , , 9.3835385, -0.0142672, , , , , , , 9.3835385, 0.0125887, , , , , , , , , , , , , , , , , , , , , , , , , , , , 
9.3840577, 0.0135958, , , , , , , 9.3840577, -0.0082246, , , , , , , 9.3840577, -0.0115816, , , , , , , 9.3840577, 0.0159457, , , , , , , , , , , , , , , , , , , , , , , , , , , , 
9.3845769, 0.0107424, , , , , , , 9.3845769, -0.0078889, , , , , , , 9.3845769, -0.0109102, , , , , , , 9.3845769, 0.0179599, , , , , , , , , , , , , , , , , , , , , , , , , , , , 
9.3850962, 0.0083925, , , , , , , 9.3850962, -0.0082246, , , , , , , 9.3850962, -0.0104067, , , , , , , 9.3850962, 0.0209812, , , , , , , , , , , , , , , , , , , , , , , , , , , , 
9.3856154, 0.0018463, , , , , , , 9.3856154, -0.0082246, , , , , , , 9.3856154, -0.008896, , , , , , , 9.3856154, 0.0270237, , , , , , , , , , , , , , , , , , , , , , , , , , , , 
9.3861346, -0.0035248, , , , , , , 9.3861346, -0.0070497, , , , , , , 9.3861346, -0.0073854, , , , , , , 9.3861346, 0.033402, , , , , , , , , , , , , , , , , , , , , , , , , , , , 
9.3866538, -0.005539, , , , , , , 9.3866538, -0.0052033, , , , , , , 9.3866538, -0.0062104, , , , , , , 9.3866538, 0.0364233, , , , , , , , , , , , , , , , , , , , , , , , , , , , 
9.3871731, -0.0112459, , , , , , , 9.3871731, -0.0048676, , , , , , , 9.3871731, -0.0048676, , , , , , , 9.3871731, 0.036759, , , , , , , , , , , , , , , , , , , , , , , , , , , , 
9.3876923, -0.0169528, , , , , , , 9.3876923, -0.0048676, , , , , , , 9.3876923, -0.0038605, , , , , , , 9.3876923, 0.0372625, , , , , , , , , , , , , , , , , , , , , , , , , , , , 
9.3882115, -0.0191348, , , , , , , 9.3882115, -0.0062104, , , , , , , 9.3882115, -0.0041962, , , , , , , 9.3882115, 0.0381018, , , , , , , , , , , , , , , , , , , , , , , , , , , , 
9.3887308, -0.0198062, , , , , , , 9.3887308, -0.0078889, , , , , , , 9.3887308, -0.0065461, , , , , , , 9.3887308, 0.0379339, , , , , , , , , , , , , , , , , , , , , , , , , , , , 
9.38925, -0.0162814, , , , , , , 9.38925, -0.0078889, , , , , , , 9.38925, -0.0109102, , , , , , , 9.38925, 0.0320592, , , , , , , , , , , , , , , , , , , , , , , , , , , , 
9.3897692, -0.0085603, , , , , , , 9.3897692, -0.0082246, , , , , , , 9.3897692, -0.012253, , , , , , , 9.3897692, 0.0238346, , , , , , , , , , , , , , , , , , , , , , , , , , , , 
9.3902885, 0.0011749, , , , , , , 9.3902885, -0.0065461, , , , , , , 9.3902885, -0.0102388, , , , , , , 9.3902885, 0.018967, , , , , , , , , , , , , , , , , , , , , , , , , , , , 
9.3908077, 0.0031891, , , , , , , 9.3908077, -0.0048676, , , , , , , 9.3908077, -0.0082246, , , , , , , 9.3908077, 0.0172885, , , , , , , , , , , , , , , , , , , , , , , , , , , , 
9.3913269, 0.0045319, , , , , , , 9.3913269, -0.0048676, , , , , , , 9.3913269, -0.0085603, , , , , , , 9.3913269, 0.0172885, , , , , , , , , , , , , , , , , , , , , , , , , , , , 
9.3918462, 0.008896, , , , , , , 9.3918462, -0.0058747, , , , , , , 9.3918462, -0.0083925, , , , , , , 9.3918462, 0.0157778, , , , , , , , , , , , , , , , , , , , , , , , , , , , 
9.3923654, 0.0157778, , , , , , , 9.3923654, -0.0057069, , , , , , , 9.3923654, -0.0082246, , , , , , , 9.3923654, 0.0152743, , , , , , , , , , , , , , , , , , , , , , , , , , , , 
9.3928846, 0.026688, , , , , , , 9.3928846, -0.0041962, , , , , , , 9.3928846, -0.0082246, , , , , , , 9.3928846, 0.0159457, , , , , , , , , , , , , , , , , , , , , , , , , , , , 
9.3934038, 0.0318914, , , , , , , 9.3934038, -0.0041962, , , , , , , 9.3934038, -0.0082246, , , , , , , 9.3934038, 0.0149386, , , , , , , , , , , , , , , , , , , , , , , , , , , , 
9.3939231, 0.0287022, , , , , , , 9.3939231, -0.0048676, , , , , , , 9.3939231, -0.0102388, , , , , , , 9.3939231, 0.0097353, , , , , , , , , , , , , , , , , , , , , , , , , , , , 
9.3944423, 0.023331, , , , , , , 9.3944423, -0.0062104, , , , , , , 9.3944423, -0.0119173, , , , , , , 9.3944423, 0.0045319, , , , , , , , , , , , , , , , , , , , , , , , , , , , 
9.3949615, 0.0213169, , , , , , , 9.3949615, -0.0062104, , , , , , , 9.3949615, -0.0104067, , , , , , , 9.3949615, 0.0035248, , , , , , , , , , , , , , , , , , , , , , , , , , , , 
9.3954808, 0.018967, , , , , , , 9.3954808, -0.0062104, , , , , , , 9.3954808, -0.0070497, , , , , , , 9.3954808, 0.0045319, , , , , , , , , , , , , , , , , , , , , , , , , , , , 
9.396, 0.0179599, , , , , , , 9.396, -0.0075532, , , , , , , 9.396, -0.0070497, , , , , , , 9.396, 0.0057069, , , , , , , , , , , , , , , , , , , , , , , , , , , , 
9.3965192, 0.018967, , , , , , , 9.3965192, -0.0077211, , , , , , , 9.3965192, -0.0092317, , , , , , , 9.3965192, 0.0052033, , , , , , , , , , , , , , , , , , , , , , , , , , , , 
9.3970385, 0.018967, , , , , , , 9.3970385, -0.0072175, , , , , , , 9.3970385, -0.0092317, , , , , , , 9.3970385, 0.0045319, , , , , , , , , , , , , , , , , , , , , , , , , , , , 
9.3975577, 0.0112459, , , , , , , 9.3975577, -0.0085603, , , , , , , 9.3975577, -0.0077211, , , , , , , 9.3975577, 0.0043641, , , , , , , , , , , , , , , , , , , , , , , , , , , , 
9.3980769, 0.0038605, , , , , , , 9.3980769, -0.008896, , , , , , , 9.3980769, -0.0065461, , , , , , , 9.3980769, 0.0041962, , , , , , , , , , , , , , , , , , , , , , , , , , , , 
9.3985962, 0.0092317, , , , , , , 9.3985962, -0.0065461, , , , , , , 9.3985962, -0.0058747, , , , , , , 9.3985962, 0.0035248, , , , , , , , , , , , , , , , , , , , , , , , , , , , 
9.3991154, 0.0191348, , , , , , , 9.3991154, -0.0065461, , , , , , , 9.3991154, -0.0068818, , , , , , , 9.3991154, 0.0008392, , , , , , , , , , , , , , , , , , , , , , , , , , , , 
9.3996346, 0.0240024, , , , , , , 9.3996346, -0.0072175, , , , , , , 9.3996346, -0.0075532, , , , , , , 9.3996346, -0.0031891, , , , , , , , , , , , , , , , , , , , , , , , , , , , 
9.4001538, 0.0226596, , , , , , , 9.4001538, -0.0068818, , , , , , , 9.4001538, -0.0087282, , , , , , , 9.4001538, -0.0072175, , , , , , , , , , , , , , , , , , , , , , , , , , , , 
9.4006731, 0.0216526, , , , , , , 9.4006731, -0.0057069, , , , , , , 9.4006731, -0.0085603, , , , , , , 9.4006731, -0.0099031, , , , , , , , , , , , , , , , , , , , , , , , , , , , 
9.4011923, 0.0226596, , , , , , , 9.4011923, -0.0065461, , , , , , , 9.4011923, -0.0070497, , , , , , , 9.4011923, -0.0137636, , , , , , , , , , , , , , , , , , , , , , , , , , , , 
9.4017115, 0.0256809, , , , , , , 9.4017115, -0.0090639, , , , , , , 9.4017115, -0.0077211, , , , , , , 9.4017115, -0.0152743, , , , , , , , , , , , , , , , , , , , , , , , , , , , 
9.4022308, 0.026688, , , , , , , 9.4022308, -0.0105745, , , , , , , 9.4022308, -0.0095674, , , , , , , 9.4022308, -0.0119173, , , , , , , , , , , , , , , , , , , , , , , , , , , , 
9.40275, 0.0263523, , , , , , , 9.40275, -0.0102388, , , , , , , 9.40275, -0.0109102, , , , , , , 9.40275, -0.0065461, , , , , , , , , , , , , , , , , , , , , , , , , , , , 
9.4032692, 0.0253452, , , , , , , 9.4032692, -0.008896, , , , , , , 9.4032692, -0.0102388, , , , , , , 9.4032692, -0.0008392, , , , , , , , , , , , , , , , , , , , , , , , , , , , 
9.4037885, 0.0246738, , , , , , , 9.4037885, -0.008896, , , , , , , 9.4037885, -0.0095674, , , , , , , 9.4037885, 0.0031891, , , , , , , , , , , , , , , , , , , , , , , , , , , , 
9.4043077, 0.0159457, , , , , , , 9.4043077, -0.0083925, , , , , , , 9.4043077, -0.0092317, , , , , , , 9.4043077, 0.0070497, , , , , , , , , , , , , , , , , , , , , , , , , , , , 
9.4048269, 0.0105745, , , , , , , 9.4048269, -0.0085603, , , , , , , 9.4048269, -0.0095674, , , , , , , 9.4048269, 0.0105745, , , , , , , , , , , , , , , , , , , , , , , , , , , , 
9.4053462, 0.0085603, , , , , , , 9.4053462, -0.0090639, , , , , , , 9.4053462, -0.0075532, , , , , , , 9.4053462, 0.0166171, , , , , , , , , , , , , , , , , , , , , , , , , , , , 
9.4058654, 0.0058747, , , , , , , 9.4058654, -0.008896, , , , , , , 9.4058654, -0.0075532, , , , , , , 9.4058654, 0.0218204, , , , , , , , , , , , , , , , , , , , , , , , , , , , 
9.4063846, 0.0041962, , , , , , , 9.4063846, -0.0085603, , , , , , , 9.4063846, -0.0072175, , , , , , , 9.4063846, 0.0256809, , , , , , , , , , , , , , , , , , , , , , , , , , , , 
9.4069038, 0.0011749, , , , , , , 9.4069038, -0.008896, , , , , , , 9.4069038, -0.0082246, , , , , , , 9.4069038, 0.0293736, , , , , , , , , , , , , , , , , , , , , , , , , , , , 
9.4074231, -0.0025177, , , , , , , 9.4074231, -0.0077211, , , , , , , 9.4074231, -0.0068818, , , , , , , 9.4074231, 0.0317235, , , , , , , , , , , , , , , , , , , , , , , , , , , , 
9.4079423, -0.0041962, , , , , , , 9.4079423, -0.005539, , , , , , , 9.4079423, -0.0041962, , , , , , , 9.4079423, 0.0339055, , , , , , , , , , , , , , , , , , , , , , , , , , , , 
9.4084615, -0.0008392, , , , , , , 9.4084615, -0.0043641, , , , , , , 9.4084615, -0.0025177, , , , , , , 9.4084615, 0.0340734, , , , , , , , , , , , , , , , , , , , , , , , , , , , 
9.4089808, 0.0005035, , , , , , , 9.4089808, -0.0035248, , , , , , , 9.4089808, -0.0031891, , , , , , , 9.4089808, 0.0327306, , , , , , , , , , , , , , , , , , , , , , , , , , , , 
9.4095, 0.0005035, , , , , , , 9.4095, -0.0050355, , , , , , , 9.4095, -0.0050355, , , , , , , 9.4095, 0.03122, , , , , , , , , , , , , , , , , , , , , , , , , , , , 
9.4100192, 0.002182, , , , , , , 9.4100192, -0.0082246, , , , , , , 9.4100192, -0.0068818, , , , , , , 9.4100192, 0.0283665, , , , , , , , , , , , , , , , , , , , , , , , , , , , 
9.4105385, 0.0048676, , , , , , , 9.4105385, -0.0085603, , , , , , , 9.4105385, -0.0062104, , , , , , , 9.4105385, 0.0240024, , , , , , , , , , , , , , , , , , , , , , , , , , , , 
9.4110577, 0.0102388, , , , , , , 9.4110577, -0.0068818, , , , , , , 9.4110577, -0.0052033, , , , , , , 9.4110577, 0.0206455, , , , , , , , , , , , , , , , , , , , , , , , , , , , 
9.4115769, 0.0179599, , , , , , , 9.4115769, -0.0075532, , , , , , , 9.4115769, -0.0038605, , , , , , , 9.4115769, 0.0172885, , , , , , , , , , , , , , , , , , , , , , , , , , , , 
9.4120962, 0.0186313, , , , , , , 9.4120962, -0.0095674, , , , , , , 9.4120962, -0.0016785, , , , , , , 9.4120962, 0.0152743, , , , , , , , , , , , , , , , , , , , , , , , , , , , 
9.4126154, 0.0151064, , , , , , , 9.4126154, -0.0085603, , , , , , , 9.4126154, -0.0023499, , , , , , , 9.4126154, 0.0146029, , , , , , , , , , , , , , , , , , , , , , , , , , , , 
9.4131346, 0.0157778, , , , , , , 9.4131346, -0.005539, , , , , , , 9.4131346, -0.0035248, , , , , , , 9.4131346, 0.0132601, , , , , , , , , , , , , , , , , , , , , , , , , , , , 
9.4136538, 0.0182956, , , , , , , 9.4136538, -0.0045319, , , , , , , 9.4136538, -0.0035248, , , , , , , 9.4136538, 0.0125887, , , , , , , , , , , , , , , , , , , , , , , , , , , , 
9.4141731, 0.0191348, , , , , , , 9.4141731, -0.0058747, , , , , , , 9.4141731, -0.0028534, , , , , , , 9.4141731, 0.0117494, , , , , , , , , , , , , , , , , , , , , , , , , , , , 
9.4146923, 0.0196384, , , , , , , 9.4146923, -0.0072175, , , , , , , 9.4146923, -0.0038605, , , , , , , 9.4146923, 0.0105745, , , , , , , , , , , , , , , , , , , , , , , , , , , , 
9.4152115, 0.0218204, , , , , , , 9.4152115, -0.0075532, , , , , , , 9.4152115, -0.0082246, , , , , , , 9.4152115, 0.0099031, , , , , , , , , , , , , , , , , , , , , , , , , , , , 
9.4157308, 0.0240024, , , , , , , 9.4157308, -0.0068818, , , , , , , 9.4157308, -0.0095674, , , , , , , 9.4157308, 0.0082246, , , , , , , , , , , , , , , , , , , , , , , , , , , , 
9.41625, 0.0224918, , , , , , , 9.41625, -0.0068818, , , , , , , 9.41625, -0.0082246, , , , , , , 9.41625, 0.0070497, , , , , , , , , , , , , , , , , , , , , , , , , , , , 
9.4167692, 0.0199741, , , , , , , 9.4167692, -0.0078889, , , , , , , 9.4167692, -0.0058747, , , , , , , 9.4167692, 0.0078889, , , , , , , , , , , , , , , , , , , , , , , , , , , , 
9.4172885, 0.0193027, , , , , , , 9.4172885, -0.0085603, , , , , , , 9.4172885, -0.0063783, , , , , , , 9.4172885, 0.0075532, , , , , , , , , , , , , , , , , , , , , , , , , , , , 
9.4178077, 0.0162814, , , , , , , 9.4178077, -0.0085603, , , , , , , 9.4178077, -0.0075532, , , , , , , 9.4178077, 0.0070497, , , , , , , , , , , , , , , , , , , , , , , , , , , , 
9.4183269, 0.0186313, , , , , , , 9.4183269, -0.0075532, , , , , , , 9.4183269, -0.0075532, , , , , , , 9.4183269, 0.0057069, , , , , , , , , , , , , , , , , , , , , , , , , , , , 
9.4188462, 0.0226596, , , , , , , 9.4188462, -0.0075532, , , , , , , 9.4188462, -0.0077211, , , , , , , 9.4188462, 0.002182, , , , , , , , , , , , , , , , , , , , , , , , , , , , 
9.4193654, 0.0265202, , , , , , , 9.4193654, -0.0068818, , , , , , , 9.4193654, -0.0085603, , , , , , , 9.4193654, -0.0041962, , , , , , , , , , , , , , , , , , , , , , , , , , , , 
9.4198846, 0.0293736, , , , , , , 9.4198846, -0.0048676, , , , , , , 9.4198846, -0.0112459, , , , , , , 9.4198846, -0.0068818, , , , , , , , , , , , , , , , , , , , , , , , , , , , 
9.4204038, 0.0307164, , , , , , , 9.4204038, -0.0041962, , , , , , , 9.4204038, -0.0124208, , , , , , , 9.4204038, -0.0077211, , , , , , , , , , , , , , , , , , , , , , , , , , , , 
9.4209231, 0.0310521, , , , , , , 9.4209231, -0.0062104, , , , , , , 9.4209231, -0.011078, , , , , , , 9.4209231, -0.0082246, , , , , , , , , , , , , , , , , , , , , , , , , , , , 
9.4214423, 0.033402, , , , , , , 9.4214423, -0.008896, , , , , , , 9.4214423, -0.0112459, , , , , , , 9.4214423, -0.0099031, , , , , , , , , , , , , , , , , , , , , , , , , , , , 
9.4219615, 0.0350805, , , , , , , 9.4219615, -0.0097353, , , , , , , 9.4219615, -0.011078, , , , , , , 9.4219615, -0.0095674, , , , , , , , , , , , , , , , , , , , , , , , , , , , 
9.4224808, 0.0325628, , , , , , , 9.4224808, -0.0090639, , , , , , , 9.4224808, -0.0095674, , , , , , , 9.4224808, -0.0028534, , , , , , , , , , , , , , , , , , , , , , , , , , , , 
9.423, 0.0253452, , , , , , , 9.423, -0.0093996, , , , , , , 9.423, -0.0085603, , , , , , , 9.423, 0.0035248, , , , , , , , , , , , , , , , , , , , , , , , , , , , 
9.4235192, 0.0203098, , , , , , , 9.4235192, -0.0109102, , , , , , , 9.4235192, -0.0095674, , , , , , , 9.4235192, 0.0062104, , , , , , , , , , , , , , , , , , , , , , , , , , , , 
9.4240385, 0.0146029, , , , , , , 9.4240385, -0.0102388, , , , , , , 9.4240385, -0.0092317, , , , , , , 9.4240385, 0.008896, , , , , , , , , , , , , , , , , , , , , , , , , , , , 
9.4245577, 0.0065461, , , , , , , 9.4245577, -0.0102388, , , , , , , 9.4245577, -0.0070497, , , , , , , 9.4245577, 0.0132601, , , , , , , , , , , , , , , , , , , , , , , , , , , , 
9.4250769, 0.0048676, , , , , , , 9.4250769, -0.0104067, , , , , , , 9.4250769, -0.0046998, , , , , , , 9.4250769, 0.0184634, , , , , , , , , , , , , , , , , , , , , , , , , , , , 
9.4255962, 0.0063783, , , , , , , 9.4255962, -0.0099031, , , , , , , 9.4255962, -0.0043641, , , , , , , 9.4255962, 0.0224918, , , , , , , , , , , , , , , , , , , , , , , , , , , , 
9.4261154, 0.0025177, , , , , , , 9.4261154, -0.0105745, , , , , , , 9.4261154, -0.0036927, , , , , , , 9.4261154, 0.0292058, , , , , , , , , , , , , , , , , , , , , , , , , , , , 
9.4266346, -0.0008392, , , , , , , 9.4266346, -0.0102388, , , , , , , 9.4266346, -0.0038605, , , , , , , 9.4266346, 0.035584, , , , , , , , , , , , , , , , , , , , , , , , , , , , 
9.4271538, -0.0030213, , , , , , , 9.4271538, -0.0078889, , , , , , , 9.4271538, -0.0041962, , , , , , , 9.4271538, 0.0370947, , , , , , , , , , , , , , , , , , , , , , , , , , , , 
9.4276731, -0.0068818, , , , , , , 9.4276731, -0.0062104, , , , , , , 9.4276731, -0.0045319, , , , , , , 9.4276731, 0.038941, , , , , , , , , , , , , , , , , , , , , , , , , , , , 
9.4281923, -0.0115816, , , , , , , 9.4281923, -0.0065461, , , , , , , 9.4281923, -0.005539, , , , , , , 9.4281923, 0.0431373, , , , , , , , , , , , , , , , , , , , , , , , , , , , 
9.4287115, -0.0132601, , , , , , , 9.4287115, -0.0082246, , , , , , , 9.4287115, -0.0031891, , , , , , , 9.4287115, 0.0438087, , , , , , , , , , , , , , , , , , , , , , , , , , , , 
9.4292308, -0.0097353, , , , , , , 9.4292308, -0.0099031, , , , , , , 9.4292308, -0.0015106, , , , , , , 9.4292308, 0.0392767, , , , , , , , , , , , , , , , , , , , , , , , , , , , 
9.42975, -0.0018463, , , , , , , 9.42975, -0.0082246, , , , , , , 9.42975, -0.0028534, , , , , , , 9.42975, 0.0327306, , , , , , , , , , , , , , , , , , , , , , , , , , , , 
9.4302692, 0.0031891, , , , , , , 9.4302692, -0.0045319, , , , , , , 9.4302692, -0.005539, , , , , , , 9.4302692, 0.0276951, , , , , , , , , , , , , , , , , , , , , , , , , , , , 
9.4307885, 0.0075532, , , , , , , 9.4307885, -0.0036927, , , , , , , 9.4307885, -0.0045319, , , , , , , 9.4307885, 0.0224918, , , , , , , , , , , , , , , , , , , , , , , , , , , , 
9.4313077, 0.0119173, , , , , , , 9.4313077, -0.0063783, , , , , , , 9.4313077, -0.005539, , , , , , , 9.4313077, 0.0172885, , , , , , , , , , , , , , , , , , , , , , , , , , , , 
9.4318269, 0.0139315, , , , , , , 9.4318269, -0.0068818, , , , , , , 9.4318269, -0.0102388, , , , , , , 9.4318269, 0.0132601, , , , , , , , , , , , , , , , , , , , , , , , , , , , 
9.4323462, 0.0142672, , , , , , , 9.4323462, -0.0041962, , , , , , , 9.4323462, -0.0119173, , , , , , , 9.4323462, 0.0099031, , , , , , , , , , , , , , , , , , , , , , , , , , , , 
9.4328654, 0.0146029, , , , , , , 9.4328654, -0.0043641, , , , , , , 9.4328654, -0.0109102, , , , , , , 9.4328654, 0.0085603, , , , , , , , , , , , , , , , , , , , , , , , , , , , 
9.4333846, 0.0119173, , , , , , , 9.4333846, -0.0060426, , , , , , , 9.4333846, -0.008896, , , , , , , 9.4333846, 0.0092317, , , , , , , , , , , , , , , , , , , , , , , , , , , , 
9.4339038, 0.0119173, , , , , , , 9.4339038, -0.0082246, , , , , , , 9.4339038, -0.0072175, , , , , , , 9.4339038, 0.0099031, , , , , , , , , , , , , , , , , , , , , , , , , , , , 
9.4344231, 0.0159457, , , , , , , 9.4344231, -0.0095674, , , , , , , 9.4344231, -0.0083925, , , , , , , 9.4344231, 0.0109102, , , , , , , , , , , , , , , , , , , , , , , , , , , , 
9.4349423, 0.0172885, , , , , , , 9.4349423, -0.0102388, , , , , , , 9.4349423, -0.0093996, , , , , , , 9.4349423, 0.0099031, , , , , , , , , , , , , , , , , , , , , , , , , , , , 
9.4354615, 0.0179599, , , , , , , 9.4354615, -0.010071, , , , , , , 9.4354615, -0.0092317, , , , , , , 9.4354615, 0.0075532, , , , , , , , , , , , , , , , , , , , , , , , , , , , 
9.4359808, 0.0196384, , , , , , , 9.4359808, -0.0102388, , , , , , , 9.4359808, -0.0095674, , , , , , , 9.4359808, 0.0090639, , , , , , , , , , , , , , , , , , , , , , , , , , , , 
9.4365, 0.0236667, , , , , , , 9.4365, -0.008896, , , , , , , 9.4365, -0.0102388, , , , , , , 9.4365, 0.0117494, , , , , , , , , , , , , , , , , , , , , , , , , , , , 
9.4370192, 0.0250095, , , , , , , 9.4370192, -0.0082246, , , , , , , 9.4370192, -0.008896, , , , , , , 9.4370192, 0.0132601, , , , , , , , , , , , , , , , , , , , , , , , , , , , 
9.4375385, 0.0206455, , , , , , , 9.4375385, -0.0075532, , , , , , , 9.4375385, -0.0075532, , , , , , , 9.4375385, 0.0115816, , , , , , , , , , , , , , , , , , , , , , , , , , , , 
9.4380577, 0.0159457, , , , , , , 9.4380577, -0.0082246, , , , , , , 9.4380577, -0.0070497, , , , , , , 9.4380577, 0.0112459, , , , , , , , , , , , , , , , , , , , , , , , , , , , 
9.4385769, 0.0139315, , , , , , , 9.4385769, -0.0099031, , , , , , , 9.4385769, -0.0063783, , , , , , , 9.4385769, 0.0124208, , , , , , , , , , , , , , , , , , , , , , , , , , , , 
9.4390962, 0.0169528, , , , , , , 9.4390962, -0.0112459, , , , , , , 9.4390962, -0.0072175, , , , , , , 9.4390962, 0.0072175, , , , , , , , , , , , , , , , , , , , , , , , , , , , 
9.4396154, 0.0206455, , , , , , , 9.4396154, -0.0109102, , , , , , , 9.4396154, -0.008896, , , , , , , 9.4396154, -0.0008392, , , , , , , , , , , , , , , , , , , , , , , , , , , , 
9.4401346, 0.0240024, , , , , , , 9.4401346, -0.0099031, , , , , , , 9.4401346, -0.0095674, , , , , , , 9.4401346, -0.0041962, , , , , , , , , , , , , , , , , , , , , , , , , , , , 
9.4406538, 0.023331, , , , , , , 9.4406538, -0.0092317, , , , , , , 9.4406538, -0.0083925, , , , , , , 9.4406538, -0.0035248, , , , , , , , , , , , , , , , , , , , , , , , , , , , 
9.4411731, 0.0246738, , , , , , , 9.4411731, -0.0099031, , , , , , , 9.4411731, -0.0104067, , , , , , , 9.4411731, -0.0041962, , , , , , , , , , , , , , , , , , , , , , , , , , , , 
9.4416923, 0.0270237, , , , , , , 9.4416923, -0.0095674, , , , , , , 9.4416923, -0.0142672, , , , , , , 9.4416923, -0.0068818, , , , , , , , , , , , , , , , , , , , , , , , , , , , 
9.4422115, 0.0273594, , , , , , , 9.4422115, -0.0083925, , , , , , , 9.4422115, -0.0162814, , , , , , , 9.4422115, -0.0048676, , , , , , , , , , , , , , , , , , , , , , , , , , , , 
9.4427308, 0.0240024, , , , , , , 9.4427308, -0.008896, , , , , , , 9.4427308, -0.014435, , , , , , , 9.4427308, 0.0023499, , , , , , , , , , , , , , , , , , , , , , , , , , , , 
9.44325, 0.0206455, , , , , , , 9.44325, -0.008896, , , , , , , 9.44325, -0.0102388, , , , , , , 9.44325, 0.0092317, , , , , , , , , , , , , , , , , , , , , , , , , , , , 
9.4437692, 0.0184634, , , , , , , 9.4437692, -0.0082246, , , , , , , 9.4437692, -0.0075532, , , , , , , 9.4437692, 0.0142672, , , , , , , , , , , , , , , , , , , , , , , , , , , , 
9.4442885, 0.0159457, , , , , , , 9.4442885, -0.0085603, , , , , , , 9.4442885, -0.0068818, , , , , , , 9.4442885, 0.01561, , , , , , , , , , , , , , , , , , , , , , , , , , , , 
9.4448077, 0.0082246, , , , , , , 9.4448077, -0.0099031, , , , , , , 9.4448077, -0.0068818, , , , , , , 9.4448077, 0.0154421, , , , , , , , , , , , , , , , , , , , , , , , , , , , 
9.4453269, -0.0015106, , , , , , , 9.4453269, -0.0112459, , , , , , , 9.4453269, -0.0063783, , , , , , , 9.4453269, 0.0209812, , , , , , , , , , , , , , , , , , , , , , , , , , , , 
9.4458462, -0.0073854, , , , , , , 9.4458462, -0.0109102, , , , , , , 9.4458462, -0.0048676, , , , , , , 9.4458462, 0.0287022, , , , , , , , , , , , , , , , , , , , , , , , , , , , 
9.4463654, -0.005539, , , , , , , 9.4463654, -0.0090639, , , , , , , 9.4463654, -0.0041962, , , , , , , 9.4463654, 0.0340734, , , , , , , , , , , , , , , , , , , , , , , , , , , , 
9.4468846, -0.0072175, , , , , , , 9.4468846, -0.0063783, , , , , , , 9.4468846, -0.0036927, , , , , , , 9.4468846, 0.0347448, , , , , , , , , , , , , , , , , , , , , , , , , , , , 
9.4474038, -0.0132601, , , , , , , 9.4474038, -0.0052033, , , , , , , 9.4474038, -0.0041962, , , , , , , 9.4474038, 0.036759, , , , , , , , , , , , , , , , , , , , , , , , , , , , 
9.4479231, -0.0159457, , , , , , , 9.4479231, -0.0058747, , , , , , , 9.4479231, -0.0035248, , , , , , , 9.4479231, 0.0387732, , , , , , , , , , , , , , , , , , , , , , , , , , , , 
9.4484423, -0.0152743, , , , , , , 9.4484423, -0.0082246, , , , , , , 9.4484423, -0.0035248, , , , , , , 9.4484423, 0.0397803, , , , , , , , , , , , , , , , , , , , , , , , , , , , 
9.4489615, -0.0137636, , , , , , , 9.4489615, -0.0085603, , , , , , , 9.4489615, -0.0035248, , , , , , , 9.4489615, 0.0360876, , , , , , , , , , , , , , , , , , , , , , , , , , , , 
9.4494808, -0.0109102, , , , , , , 9.4494808, -0.0062104, , , , , , , 9.4494808, -0.0041962, , , , , , , 9.4494808, 0.0293736, , , , , , , , , , , , , , , , , , , , , , , , , , , , 
9.45, -0.0048676, , , , , , , 9.45, -0.005539, , , , , , , 9.45, -0.0057069, , , , , , , 9.45, 0.0223239, , , , , , , , , , , , , , , , , , , , , , , , , , , , 
9.4505192, 0.0011749, , , , , , , 9.4505192, -0.0075532, , , , , , , 9.4505192, -0.005539, , , , , , , 9.4505192, 0.0196384, , , , , , , , , , , , , , , , , , , , , , , , , , , , 
9.4510385, 0.0050355, , , , , , , 9.4510385, -0.0075532, , , , , , , 9.4510385, -0.0035248, , , , , , , 9.4510385, 0.0209812, , , , , , , , , , , , , , , , , , , , , , , , , , , , 
9.4515577, 0.0078889, , , , , , , 9.4515577, -0.0062104, , , , , , , 9.4515577, -0.005539, , , , , , , 9.4515577, 0.0203098, , , , , , , , , , , , , , , , , , , , , , , , , , , , 
9.4520769, 0.0099031, , , , , , , 9.4520769, -0.0048676, , , , , , , 9.4520769, -0.0085603, , , , , , , 9.4520769, 0.0171206, , , , , , , , , , , , , , , , , , , , , , , , , , , , 
9.4525962, 0.0115816, , , , , , , 9.4525962, -0.0035248, , , , , , , 9.4525962, -0.0095674, , , , , , , 9.4525962, 0.0142672, , , , , , , , , , , , , , , , , , , , , , , , , , , , 
9.4531154, 0.0112459, , , , , , , 9.4531154, -0.005539, , , , , , , 9.4531154, -0.0097353, , , , , , , 9.4531154, 0.0132601, , , , , , , , , , , , , , , , , , , , , , , , , , , , 
9.4536346, 0.0146029, , , , , , , 9.4536346, -0.0075532, , , , , , , 9.4536346, -0.0082246, , , , , , , 9.4536346, 0.011078, , , , , , , , , , , , , , , , , , , , , , , , , , , , 
9.4541538, 0.023331, , , , , , , 9.4541538, -0.0078889, , , , , , , 9.4541538, -0.008896, , , , , , , 9.4541538, 0.0072175, , , , , , , , , , , , , , , , , , , , , , , , , , , , 
9.4546731, 0.0347448, , , , , , , 9.4546731, -0.0072175, , , , , , , 9.4546731, -0.0105745, , , , , , , 9.4546731, 0.0062104, , , , , , , , , , , , , , , , , , , , , , , , , , , , 
9.4551923, 0.0374304, , , , , , , 9.4551923, -0.0072175, , , , , , , 9.4551923, -0.0115816, , , , , , , 9.4551923, 0.0078889, , , , , , , , , , , , , , , , , , , , , , , , , , , , 
9.4557115, 0.0327306, , , , , , , 9.4557115, -0.0075532, , , , , , , 9.4557115, -0.0109102, , , , , , , 9.4557115, 0.0112459, , , , , , , , , , , , , , , , , , , , , , , , , , , , 
9.4562308, 0.0260166, , , , , , , 9.4562308, -0.0082246, , , , , , , 9.4562308, -0.0109102, , , , , , , 9.4562308, 0.0104067, , , , , , , , , , , , , , , , , , , , , , , , , , , , 
9.45675, 0.0208133, , , , , , , 9.45675, -0.0102388, , , , , , , 9.45675, -0.012253, , , , , , , 9.45675, 0.0058747, , , , , , , , , , , , , , , , , , , , , , , , , , , , 
9.4572692, 0.0209812, , , , , , , 9.4572692, -0.0115816, , , , , , , 9.4572692, -0.012253, , , , , , , 9.4572692, 0.0028534, , , , , , , , , , , , , , , , , , , , , , , , , , , , 
9.4577885, 0.0236667, , , , , , , 9.4577885, -0.0115816, , , , , , , 9.4577885, -0.0112459, , , , , , , 9.4577885, 0.0008392, , , , , , , , , , , , , , , , , , , , , , , , , , , , 
9.4583077, 0.0219883, , , , , , , 9.4583077, -0.0112459, , , , , , , 9.4583077, -0.0095674, , , , , , , 9.4583077, 0.0011749, , , , , , , , , , , , , , , , , , , , , , , , , , , , 
9.4588269, 0.0209812, , , , , , , 9.4588269, -0.0105745, , , , , , , 9.4588269, -0.0085603, , , , , , , 9.4588269, -0.0005035, , , , , , , , , , , , , , , , , , , , , , , , , , , , 
9.4593462, 0.0213169, , , , , , , 9.4593462, -0.0102388, , , , , , , 9.4593462, -0.0078889, , , , , , , 9.4593462, -0.005539, , , , , , , , , , , , , , , , , , , , , , , , , , , , 
9.4598654, 0.0253452, , , , , , , 9.4598654, -0.0109102, , , , , , , 9.4598654, -0.0095674, , , , , , , 9.4598654, -0.0075532, , , , , , , , , , , , , , , , , , , , , , , , , , , , 
9.4603846, 0.0357519, , , , , , , 9.4603846, -0.0115816, , , , , , , 9.4603846, -0.0119173, , , , , , , 9.4603846, -0.0090639, , , , , , , , , , , , , , , , , , , , , , , , , , , , 
9.4609038, 0.0381018, , , , , , , 9.4609038, -0.0099031, , , , , , , 9.4609038, -0.0115816, , , , , , , 9.4609038, -0.0135958, , , , , , , , , , , , , , , , , , , , , , , , , , , , 
9.4614231, 0.0325628, , , , , , , 9.4614231, -0.0092317, , , , , , , 9.4614231, -0.0097353, , , , , , , 9.4614231, -0.0162814, , , , , , , , , , , , , , , , , , , , , , , , , , , , 
9.4619423, 0.027863, , , , , , , 9.4619423, -0.008896, , , , , , , 9.4619423, -0.0085603, , , , , , , 9.4619423, -0.0151064, , , , , , , , , , , , , , , , , , , , , , , , , , , , 
9.4624615, 0.0234989, , , , , , , 9.4624615, -0.0072175, , , , , , , 9.4624615, -0.0099031, , , , , , , 9.4624615, -0.0129244, , , , , , , , , , , , , , , , , , , , , , , , , , , , 
9.4629808, 0.0196384, , , , , , , 9.4629808, -0.0072175, , , , , , , 9.4629808, -0.0112459, , , , , , , 9.4629808, -0.0062104, , , , , , , , , , , , , , , , , , , , , , , , , , , , 
9.4635, 0.0193027, , , , , , , 9.4635, -0.008896, , , , , , , 9.4635, -0.012253, , , , , , , 9.4635, 0.0008392, , , , , , , , , , , , , , , , , , , , , , , , , , , , 
9.4640192, 0.0193027, , , , , , , 9.4640192, -0.0115816, , , , , , , 9.4640192, -0.0115816, , , , , , , 9.4640192, 0.0052033, , , , , , , , , , , , , , , , , , , , , , , , , , , , 
9.4645385, 0.0164492, , , , , , , 9.4645385, -0.0109102, , , , , , , 9.4645385, -0.0099031, , , , , , , 9.4645385, 0.0072175, , , , , , , , , , , , , , , , , , , , , , , , , , , , 
9.4650577, 0.0105745, , , , , , , 9.4650577, -0.0082246, , , , , , , 9.4650577, -0.0112459, , , , , , , 9.4650577, 0.0072175, , , , , , , , , , , , , , , , , , , , , , , , , , , , 
9.4655769, 0.0011749, , , , , , , 9.4655769, -0.0075532, , , , , , , 9.4655769, -0.011078, , , , , , , 9.4655769, 0.0095674, , , , , , , , , , , , , , , , , , , , , , , , , , , , 
9.4660962, -0.0058747, , , , , , , 9.4660962, -0.0075532, , , , , , , 9.4660962, -0.0085603, , , , , , , 9.4660962, 0.0157778, , , , , , , , , , , , , , , , , , , , , , , , , , , , 
9.4666154, -0.0072175, , , , , , , 9.4666154, -0.0068818, , , , , , , 9.4666154, -0.005539, , , , , , , 9.4666154, 0.0213169, , , , , , , , , , , , , , , , , , , , , , , , , , , , 
9.4671346, -0.0072175, , , , , , , 9.4671346, -0.0060426, , , , , , , 9.4671346, -0.0058747, , , , , , , 9.4671346, 0.026688, , , , , , , , , , , , , , , , , , , , , , , , , , , , 
9.4676538, -0.0073854, , , , , , , 9.4676538, -0.0058747, , , , , , , 9.4676538, -0.0057069, , , , , , , 9.4676538, 0.0327306, , , , , , , , , , , , , , , , , , , , , , , , , , , , 
9.4681731, -0.008896, , , , , , , 9.4681731, -0.0073854, , , , , , , 9.4681731, -0.0035248, , , , , , , 9.4681731, 0.0370947, , , , , , , , , , , , , , , , , , , , , , , , , , , , 
9.4686923, -0.0068818, , , , , , , 9.4686923, -0.0085603, , , , , , , 9.4686923, -0.0025177, , , , , , , 9.4686923, 0.0369268, , , , , , , , , , , , , , , , , , , , , , , , , , , , 
9.4692115, -0.002182, , , , , , , 9.4692115, -0.0082246, , , , , , , 9.4692115, -0.0036927, , , , , , , 9.4692115, 0.0344091, , , , , , , , , , , , , , , , , , , , , , , , , , , , 
9.4697308, 0.0041962, , , , , , , 9.4697308, -0.0082246, , , , , , , 9.4697308, -0.0038605, , , , , , , 9.4697308, 0.0303807, , , , , , , , , , , , , , , , , , , , , , , , , , , , 
9.47025, 0.0112459, , , , , , , 9.47025, -0.0082246, , , , , , , 9.47025, -0.0028534, , , , , , , 9.47025, 0.026688, , , , , , , , , , , , , , , , , , , , , , , , , , , , 
9.4707692, 0.0166171, , , , , , , 9.4707692, -0.0075532, , , , , , , 9.4707692, -0.002182, , , , , , , 9.4707692, 0.0250095, , , , , , , , , , , , , , , , , , , , , , , , , , , , 
9.4712885, 0.0203098, , , , , , , 9.4712885, -0.0068818, , , , , , , 9.4712885, -0.0028534, , , , , , , 9.4712885, 0.0219883, , , , , , , , , , , , , , , , , , , , , , , , , , , , 
9.4718077, 0.0199741, , , , , , , 9.4718077, -0.0062104, , , , , , , 9.4718077, -0.0035248, , , , , , , 9.4718077, 0.0182956, , , , , , , , , , , , , , , , , , , , , , , , , , , , 
9.4723269, 0.0206455, , , , , , , 9.4723269, -0.0060426, , , , , , , 9.4723269, -0.0035248, , , , , , , 9.4723269, 0.0146029, , , , , , , , , , , , , , , , , , , , , , , , , , , , 
9.4728462, 0.0209812, , , , , , , 9.4728462, -0.005539, , , , , , , 9.4728462, -0.0031891, , , , , , , 9.4728462, 0.0135958, , , , , , , , , , , , , , , , , , , , , , , , , , , , 
9.4733654, 0.0191348, , , , , , , 9.4733654, -0.0063783, , , , , , , 9.4733654, -0.0028534, , , , , , , 9.4733654, 0.0132601, , , , , , , , , , , , , , , , , , , , , , , , , , , , 
9.4738846, 0.0176242, , , , , , , 9.4738846, -0.0065461, , , , , , , 9.4738846, -0.002182, , , , , , , 9.4738846, 0.0112459, , , , , , , , , , , , , , , , , , , , , , , , , , , , 
9.4744038, 0.0193027, , , , , , , 9.4744038, -0.005539, , , , , , , 9.4744038, -0.0041962, , , , , , , 9.4744038, 0.0073854, , , , , , , , , , , , , , , , , , , , , , , , , , , , 
9.4749231, 0.0219883, , , , , , , 9.4749231, -0.0065461, , , , , , , 9.4749231, -0.0068818, , , , , , , 9.4749231, 0.005539, , , , , , , , , , , , , , , , , , , , , , , , , , , , 
9.4754423, 0.023331, , , , , , , 9.4754423, -0.0075532, , , , , , , 9.4754423, -0.0070497, , , , , , , 9.4754423, 0.0060426, , , , , , , , , , , , , , , , , , , , , , , , , , , , 
9.4759615, 0.0223239, , , , , , , 9.4759615, -0.0070497, , , , , , , 9.4759615, -0.0068818, , , , , , , 9.4759615, 0.0058747, , , , , , , , , , , , , , , , , , , , , , , , , , , , 
9.4764808, 0.0182956, , , , , , , 9.4764808, -0.005539, , , , , , , 9.4764808, -0.0085603, , , , , , , 9.4764808, 0.005539, , , , , , , , , , , , , , , , , , , , , , , , , , , , 
9.477, 0.0139315, , , , , , , 9.477, -0.0041962, , , , , , , 9.477, -0.008896, , , , , , , 9.477, 0.0058747, , , , , , , , , , , , , , , , , , , , , , , , , , , , 
9.4775192, 0.0124208, , , , , , , 9.4775192, -0.0038605, , , , , , , 9.4775192, -0.0082246, , , , , , , 9.4775192, 0.0072175, , , , , , , , , , , , , , , , , , , , , , , , , , , , 
9.4780385, 0.0132601, , , , , , , 9.4780385, -0.0041962, , , , , , , 9.4780385, -0.0068818, , , , , , , 9.4780385, 0.0082246, , , , , , , , , , , , , , , , , , , , , , , , , , , , 
9.4785577, 0.0132601, , , , , , , 9.4785577, -0.005539, , , , , , , 9.4785577, -0.0048676, , , , , , , 9.4785577, 0.0065461, , , , , , , , , , , , , , , , , , , , , , , , , , , , 
9.4790769, 0.0135958, , , , , , , 9.4790769, -0.005539, , , , , , , 9.4790769, -0.0048676, , , , , , , 9.4790769, 0.002182, , , , , , , , , , , , , , , , , , , , , , , , , , , , 
9.4795962, 0.0186313, , , , , , , 9.4795962, -0.0048676, , , , , , , 9.4795962, -0.0085603, , , , , , , 9.4795962, 0.0001678, , , , , , , , , , , , , , , , , , , , , , , , , , , , 
9.4801154, 0.0240024, , , , , , , 9.4801154, -0.0058747, , , , , , , 9.4801154, -0.0109102, , , , , , , 9.4801154, -0.0023499, , , , , , , , , , , , , , , , , , , , , , , , , , , , 
9.4806346, 0.0283665, , , , , , , 9.4806346, -0.0068818, , , , , , , 9.4806346, -0.0115816, , , , , , , 9.4806346, -0.0058747, , , , , , , , , , , , , , , , , , , , , , , , , , , , 
9.4811538, 0.0307164, , , , , , , 9.4811538, -0.0073854, , , , , , , 9.4811538, -0.012253, , , , , , , 9.4811538, -0.0082246, , , , , , , , , , , , , , , , , , , , , , , , , , , , 
9.4816731, 0.026688, , , , , , , 9.4816731, -0.0068818, , , , , , , 9.4816731, -0.0146029, , , , , , , 9.4816731, -0.0083925, , , , , , , , , , , , , , , , , , , , , , , , , , , , 
9.4821923, 0.0240024, , , , , , , 9.4821923, -0.0068818, , , , , , , 9.4821923, -0.0164492, , , , , , , 9.4821923, -0.0068818, , , , , , , , , , , , , , , , , , , , , , , , , , , , 
9.4827115, 0.0240024, , , , , , , 9.4827115, -0.0082246, , , , , , , 9.4827115, -0.0162814, , , , , , , 9.4827115, -0.0025177, , , , , , , , , , , , , , , , , , , , , , , , , , , , 
9.4832308, 0.0219883, , , , , , , 9.4832308, -0.0072175, , , , , , , 9.4832308, -0.0149386, , , , , , , 9.4832308, 0.0031891, , , , , , , , , , , , , , , , , , , , , , , , , , , , 
9.48375, 0.0171206, , , , , , , 9.48375, -0.0062104, , , , , , , 9.48375, -0.0142672, , , , , , , 9.48375, 0.0078889, , , , , , , , , , , , , , , , , , , , , , , , , , , , 
9.4842692, 0.0139315, , , , , , , 9.4842692, -0.0041962, , , , , , , 9.4842692, -0.0137636, , , , , , , 9.4842692, 0.0130922, , , , , , , , , , , , , , , , , , , , , , , , , , , , 
9.4847885, 0.0151064, , , , , , , 9.4847885, -0.0045319, , , , , , , 9.4847885, -0.0130922, , , , , , , 9.4847885, 0.0162814, , , , , , , , , , , , , , , , , , , , , , , , , , , , 
9.4853077, 0.0125887, , , , , , , 9.4853077, -0.0068818, , , , , , , 9.4853077, -0.0102388, , , , , , , 9.4853077, 0.0213169, , , , , , , , , , , , , , , , , , , , , , , , , , , , 
9.4858269, 0.0048676, , , , , , , 9.4858269, -0.0083925, , , , , , , 9.4858269, -0.0058747, , , , , , , 9.4858269, 0.0273594, , , , , , , , , , , , , , , , , , , , , , , , , , , , 
9.4863462, -0.0025177, , , , , , , 9.4863462, -0.008896, , , , , , , 9.4863462, -0.0048676, , , , , , , 9.4863462, 0.030045, , , , , , , , , , , , , , , , , , , , , , , , , , , , 
9.4868654, -0.0043641, , , , , , , 9.4868654, -0.0077211, , , , , , , 9.4868654, -0.0043641, , , , , , , 9.4868654, 0.0310521, , , , , , , , , , , , , , , , , , , , , , , , , , , , 
9.4873846, -0.0041962, , , , , , , 9.4873846, -0.0075532, , , , , , , 9.4873846, -0.003357, , , , , , , 9.4873846, 0.0323949, , , , , , , , , , , , , , , , , , , , , , , , , , , , 
9.4879038, -0.0041962, , , , , , , 9.4879038, -0.0063783, , , , , , , 9.4879038, -0.0036927, , , , , , , 9.4879038, 0.0344091, , , , , , , , , , , , , , , , , , , , , , , , , , , , 
9.4884231, -0.0048676, , , , , , , 9.4884231, -0.0050355, , , , , , , 9.4884231, -0.0048676, , , , , , , 9.4884231, 0.0347448, , , , , , , , , , , , , , , , , , , , , , , , , , , , 
9.4889423, -0.0062104, , , , , , , 9.4889423, -0.0062104, , , , , , , 9.4889423, -0.0045319, , , , , , , 9.4889423, 0.0313878, , , , , , , , , , , , , , , , , , , , , , , , , , , , 
9.4894615, -0.0057069, , , , , , , 9.4894615, -0.0082246, , , , , , , 9.4894615, -0.0045319, , , , , , , 9.4894615, 0.0273594, , , , , , , , , , , , , , , , , , , , , , , , , , , , 
9.4899808, -0.0045319, , , , , , , 9.4899808, -0.008896, , , , , , , 9.4899808, -0.0045319, , , , , , , 9.4899808, 0.0229953, , , , , , , , , , , , , , , , , , , , , , , , , , , , 
9.4905, -0.0048676, , , , , , , 9.4905, -0.0082246, , , , , , , 9.4905, -0.0048676, , , , , , , 9.4905, 0.018967, , , , , , , , , , , , , , , , , , , , , , , , , , , , 
9.4910192, -0.0035248, , , , , , , 9.4910192, -0.0070497, , , , , , , 9.4910192, -0.0041962, , , , , , , 9.4910192, 0.01561, , , , , , , , , , , , , , , , , , , , , , , , , , , , 
9.4915385, 0.0018463, , , , , , , 9.4915385, -0.0082246, , , , , , , 9.4915385, -0.0041962, , , , , , , 9.4915385, 0.014435, , , , , , , , , , , , , , , , , , , , , , , , , , , , 
9.4920577, 0.0072175, , , , , , , 9.4920577, -0.0082246, , , , , , , 9.4920577, -0.0062104, , , , , , , 9.4920577, 0.0139315, , , , , , , , , , , , , , , , , , , , , , , , , , , , 
9.4925769, 0.0092317, , , , , , , 9.4925769, -0.0072175, , , , , , , 9.4925769, -0.0083925, , , , , , , 9.4925769, 0.0129244, , , , , , , , , , , , , , , , , , , , , , , , , , , , 
9.4930962, 0.0099031, , , , , , , 9.4930962, -0.0068818, , , , , , , 9.4930962, -0.008896, , , , , , , 9.4930962, 0.0115816, , , , , , , , , , , , , , , , , , , , , , , , , , , , 
9.4936154, 0.0072175, , , , , , , 9.4936154, -0.0068818, , , , , , , 9.4936154, -0.0092317, , , , , , , 9.4936154, 0.0117494, , , , , , , , , , , , , , , , , , , , , , , , , , , , 
9.4941346, 0.0062104, , , , , , , 9.4941346, -0.0082246, , , , , , , 9.4941346, -0.0095674, , , , , , , 9.4941346, 0.0129244, , , , , , , , , , , , , , , , , , , , , , , , , , , , 
9.4946538, 0.0092317, , , , , , , 9.4946538, -0.0075532, , , , , , , 9.4946538, -0.0095674, , , , , , , 9.4946538, 0.0146029, , , , , , , , , , , , , , , , , , , , , , , , , , , , 
9.4951731, 0.0146029, , , , , , , 9.4951731, -0.0068818, , , , , , , 9.4951731, -0.0082246, , , , , , , 9.4951731, 0.0140993, , , , , , , , , , , , , , , , , , , , , , , , , , , , 
9.4956923, 0.017792, , , , , , , 9.4956923, -0.0072175, , , , , , , 9.4956923, -0.0078889, , , , , , , 9.4956923, 0.014435, , , , , , , , , , , , , , , , , , , , , , , , , , , , 
9.4962115, 0.0184634, , , , , , , 9.4962115, -0.0075532, , , , , , , 9.4962115, -0.0083925, , , , , , , 9.4962115, 0.0149386, , , , , , , , , , , , , , , , , , , , , , , , , , , , 
9.4967308, 0.0191348, , , , , , , 9.4967308, -0.0068818, , , , , , , 9.4967308, -0.0095674, , , , , , , 9.4967308, 0.0112459, , , , , , , , , , , , , , , , , , , , , , , , , , , , 
9.49725, 0.0226596, , , , , , , 9.49725, -0.0075532, , , , , , , 9.49725, -0.0095674, , , , , , , 9.49725, 0.0092317, , , , , , , , , , , , , , , , , , , , , , , , , , , , 
9.4977692, 0.0275273, , , , , , , 9.4977692, -0.0077211, , , , , , , 9.4977692, -0.0083925, , , , , , , 9.4977692, 0.0119173, , , , , , , , , , , , , , , , , , , , , , , , , , , , 
9.4982885, 0.0307164, , , , , , , 9.4982885, -0.0068818, , , , , , , 9.4982885, -0.0082246, , , , , , , 9.4982885, 0.0112459, , , , , , , , , , , , , , , , , , , , , , , , , , , , 
9.4988077, 0.0273594, , , , , , , 9.4988077, -0.0072175, , , , , , , 9.4988077, -0.0095674, , , , , , , 9.4988077, 0.0092317, , , , , , , , , , , , , , , , , , , , , , , , , , , , 
9.4993269, 0.0240024, , , , , , , 9.4993269, -0.0062104, , , , , , , 9.4993269, -0.0099031, , , , , , , 9.4993269, 0.0058747, , , , , , , , , , , , , , , , , , , , , , , , , , , , 
9.4998462, 0.0256809, , , , , , , 9.4998462, -0.005539, , , , , , , 9.4998462, -0.0090639, , , , , , , 9.4998462, -0.0001678, , , , , , , , , , , , , , , , , , , , , , , , , , , , 
9.5003654, 0.0320592, , , , , , , 9.5003654, -0.0068818, , , , , , , 9.5003654, -0.0082246, , , , , , , 9.5003654, -0.0038605, , , , , , , , , , , , , , , , , , , , , , , , , , , , 
9.5008846, 0.0337377, , , , , , , 9.5008846, -0.0099031, , , , , , , 9.5008846, -0.0077211, , , , , , , 9.5008846, -0.0045319, , , , , , , , , , , , , , , , , , , , , , , , , , , , 
9.5014038, 0.0307164, , , , , , , 9.5014038, -0.0115816, , , , , , , 9.5014038, -0.0085603, , , , , , , 9.5014038, -0.0050355, , , , , , , , , , , , , , , , , , , , , , , , , , , , 
9.5019231, 0.0307164, , , , , , , 9.5019231, -0.0109102, , , , , , , 9.5019231, -0.0085603, , , , , , , 9.5019231, -0.0052033, , , , , , , , , , , , , , , , , , , , , , , , , , , , 
9.5024423, 0.0320592, , , , , , , 9.5024423, -0.0115816, , , , , , , 9.5024423, -0.0102388, , , , , , , 9.5024423, -0.0028534, , , , , , , , , , , , , , , , , , , , , , , , , , , , 
9.5029615, 0.0287022, , , , , , , 9.5029615, -0.012253, , , , , , , 9.5029615, -0.0119173, , , , , , , 9.5029615, 0.0038605, , , , , , , , , , , , , , , , , , , , , , , , , , , , 
9.5034808, 0.0213169, , , , , , , 9.5034808, -0.0125887, , , , , , , 9.5034808, -0.0112459, , , , , , , 9.5034808, 0.0085603, , , , , , , , , , , , , , , , , , , , , , , , , , , , 
9.504, 0.0172885, , , , , , , 9.504, -0.0105745, , , , , , , 9.504, -0.0109102, , , , , , , 9.504, 0.0112459, , , , , , , , , , , , , , , , , , , , , , , , , , , , 
9.5045192, 0.0125887, , , , , , , 9.5045192, -0.0097353, , , , , , , 9.5045192, -0.0087282, , , , , , , 9.5045192, 0.0146029, , , , , , , , , , , , , , , , , , , , , , , , , , , , 
9.5050385, 0.0052033, , , , , , , 9.5050385, -0.0109102, , , , , , , 9.5050385, -0.0077211, , , , , , , 9.5050385, 0.0199741, , , , , , , , , , , , , , , , , , , , , , , , , , , , 
9.5055577, -0.002182, , , , , , , 9.5055577, -0.0104067, , , , , , , 9.5055577, -0.008896, , , , , , , 9.5055577, 0.0253452, , , , , , , , , , , , , , , , , , , , , , , , , , , , 
9.5060769, -0.002182, , , , , , , 9.5060769, -0.0092317, , , , , , , 9.5060769, -0.0090639, , , , , , , 9.5060769, 0.0293736, , , , , , , , , , , , , , , , , , , , , , , , , , , , 
9.5065962, -0.0003357, , , , , , , 9.5065962, -0.0095674, , , , , , , 9.5065962, -0.0077211, , , , , , , 9.5065962, 0.0323949, , , , , , , , , , , , , , , , , , , , , , , , , , , , 
9.5071154, -0.0005035, , , , , , , 9.5071154, -0.0102388, , , , , , , 9.5071154, -0.0065461, , , , , , , 9.5071154, 0.0345769, , , , , , , , , , , , , , , , , , , , , , , , , , , , 
9.5076346, -0.0008392, , , , , , , 9.5076346, -0.0109102, , , , , , , 9.5076346, -0.0045319, , , , , , , 9.5076346, 0.036759, , , , , , , , , , , , , , , , , , , , , , , , , , , , 
9.5081538, -0.0041962, , , , , , , 9.5081538, -0.012253, , , , , , , 9.5081538, -0.0028534, , , , , , , 9.5081538, 0.0404517, , , , , , , , , , , , , , , , , , , , , , , , , , , , 
9.5086731, -0.005539, , , , , , , 9.5086731, -0.0115816, , , , , , , 9.5086731, -0.0023499, , , , , , , 9.5086731, 0.040116, , , , , , , , , , , , , , , , , , , , , , , , , , , , 
9.5091923, -0.0011749, , , , , , , 9.5091923, -0.0104067, , , , , , , 9.5091923, -0.0035248, , , , , , , 9.5091923, 0.0347448, , , , , , , , , , , , , , , , , , , , , , , , , , , , 
9.5097115, 0.0038605, , , , , , , 9.5097115, -0.0102388, , , , , , , 9.5097115, -0.005539, , , , , , , 9.5097115, 0.0285344, , , , , , , , , , , , , , , , , , , , , , , , , , , , 
9.5102308, 0.008896, , , , , , , 9.5102308, -0.0112459, , , , , , , 9.5102308, -0.005539, , , , , , , 9.5102308, 0.0238346, , , , , , , , , , , , , , , , , , , , , , , , , , , , 
9.51075, 0.0112459, , , , , , , 9.51075, -0.0129244, , , , , , , 9.51075, -0.005539, , , , , , , 9.51075, 0.0213169, , , , , , , , , , , , , , , , , , , , , , , , , , , , 
9.5112692, 0.0119173, , , , , , , 9.5112692, -0.0115816, , , , , , , 9.5112692, -0.0050355, , , , , , , 9.5112692, 0.0203098, , , , , , , , , , , , , , , , , , , , , , , , , , , , 
9.5117885, 0.0159457, , , , , , , 9.5117885, -0.0082246, , , , , , , 9.5117885, -0.0045319, , , , , , , 9.5117885, 0.0172885, , , , , , , , , , , , , , , , , , , , , , , , , , , , 
9.5123077, 0.0162814, , , , , , , 9.5123077, -0.0058747, , , , , , , 9.5123077, -0.005539, , , , , , , 9.5123077, 0.0132601, , , , , , , , , , , , , , , , , , , , , , , , , , , , 
9.5128269, 0.0132601, , , , , , , 9.5128269, -0.0075532, , , , , , , 9.5128269, -0.0062104, , , , , , , 9.5128269, 0.011078, , , , , , , , , , , , , , , , , , , , , , , , , , , , 
9.5133462, 0.0139315, , , , , , , 9.5133462, -0.008896, , , , , , , 9.5133462, -0.0065461, , , , , , , 9.5133462, 0.0072175, , , , , , , , , , , , , , , , , , , , , , , , , , , , 
9.5138654, 0.0206455, , , , , , , 9.5138654, -0.0095674, , , , , , , 9.5138654, -0.0087282, , , , , , , 9.5138654, 0.0031891, , , , , , , , , , , , , , , , , , , , , , , , , , , , 
9.5143846, 0.0287022, , , , , , , 9.5143846, -0.008896, , , , , , , 9.5143846, -0.0109102, , , , , , , 9.5143846, 0.0038605, , , , , , , , , , , , , , , , , , , , , , , , , , , , 
9.5149038, 0.0280308, , , , , , , 9.5149038, -0.0082246, , , , , , , 9.5149038, -0.0112459, , , , , , , 9.5149038, 0.0048676, , , , , , , , , , , , , , , , , , , , , , , , , , , , 
9.5154231, 0.0206455, , , , , , , 9.5154231, -0.0075532, , , , , , , 9.5154231, -0.0102388, , , , , , , 9.5154231, 0.0038605, , , , , , , , , , , , , , , , , , , , , , , , , , , , 
9.5159423, 0.0179599, , , , , , , 9.5159423, -0.0082246, , , , , , , 9.5159423, -0.0102388, , , , , , , 9.5159423, 0.002182, , , , , , , , , , , , , , , , , , , , , , , , , , , , 
9.5164615, 0.01561, , , , , , , 9.5164615, -0.0082246, , , , , , , 9.5164615, -0.0099031, , , , , , , 9.5164615, 0.0025177, , , , , , , , , , , , , , , , , , , , , , , , , , , , 
9.5169808, 0.0117494, , , , , , , 9.5169808, -0.0058747, , , , , , , 9.5169808, -0.0082246, , , , , , , 9.5169808, 0.0036927, , , , , , , , , , , , , , , , , , , , , , , , , , , , 
9.5175, 0.0130922, , , , , , , 9.5175, -0.005539, , , , , , , 9.5175, -0.0075532, , , , , , , 9.5175, 0.0045319, , , , , , , , , , , , , , , , , , , , , , , , , , , , 
9.5180192, 0.0159457, , , , , , , 9.5180192, -0.0068818, , , , , , , 9.5180192, -0.0090639, , , , , , , 9.5180192, 0.0031891, , , , , , , , , , , , , , , , , , , , , , , , , , , , 
9.5185385, 0.0159457, , , , , , , 9.5185385, -0.0072175, , , , , , , 9.5185385, -0.0105745, , , , , , , 9.5185385, -0.0005035, , , , , , , , , , , , , , , , , , , , , , , , , , , , 
9.5190577, 0.0186313, , , , , , , 9.5190577, -0.0058747, , , , , , , 9.5190577, -0.0115816, , , , , , , 9.5190577, -0.0028534, , , , , , , , , , , , , , , , , , , , , , , , , , , , 
9.5195769, 0.0273594, , , , , , , 9.5195769, -0.0062104, , , , , , , 9.5195769, -0.012253, , , , , , , 9.5195769, -0.005539, , , , , , , , , , , , , , , , , , , , , , , , , , , , 
9.5200962, 0.0330663, , , , , , , 9.5200962, -0.005539, , , , , , , 9.5200962, -0.0125887, , , , , , , 9.5200962, -0.0068818, , , , , , , , , , , , , , , , , , , , , , , , , , , , 
9.5206154, 0.0297093, , , , , , , 9.5206154, -0.0038605, , , , , , , 9.5206154, -0.0132601, , , , , , , 9.5206154, -0.0109102, , , , , , , , , , , , , , , , , , , , , , , , , , , , 
9.5211346, 0.0250095, , , , , , , 9.5211346, -0.0041962, , , , , , , 9.5211346, -0.0125887, , , , , , , 9.5211346, -0.0135958, , , , , , , , , , , , , , , , , , , , , , , , , , , , 
9.5216538, 0.0283665, , , , , , , 9.5216538, -0.0062104, , , , , , , 9.5216538, -0.0102388, , , , , , , 9.5216538, -0.0139315, , , , , , , , , , , , , , , , , , , , , , , , , , , , 
9.5221731, 0.0305486, , , , , , , 9.5221731, -0.0068818, , , , , , , 9.5221731, -0.008896, , , , , , , 9.5221731, -0.0119173, , , , , , , , , , , , , , , , , , , , , , , , , , , , 
9.5226923, 0.0261845, , , , , , , 9.5226923, -0.0065461, , , , , , , 9.5226923, -0.0085603, , , , , , , 9.5226923, -0.0082246, , , , , , , , , , , , , , , , , , , , , , , , , , , , 
9.5232115, 0.0193027, , , , , , , 9.5232115, -0.0075532, , , , , , , 9.5232115, -0.0087282, , , , , , , 9.5232115, -0.0003357, , , , , , , , , , , , , , , , , , , , , , , , , , , , 
9.5237308, 0.0171206, , , , , , , 9.5237308, -0.0095674, , , , , , , 9.5237308, -0.0085603, , , , , , , 9.5237308, 0.0058747, , , , , , , , , , , , , , , , , , , , , , , , , , , , 
9.52425, 0.0146029, , , , , , , 9.52425, -0.0095674, , , , , , , 9.52425, -0.0075532, , , , , , , 9.52425, 0.008896, , , , , , , , , , , , , , , , , , , , , , , , , , , , 
9.5247692, 0.0097353, , , , , , , 9.5247692, -0.008896, , , , , , , 9.5247692, -0.0063783, , , , , , , 9.5247692, 0.0125887, , , , , , , , , , , , , , , , , , , , , , , , , , , , 
9.5252885, 0.0078889, , , , , , , 9.5252885, -0.0075532, , , , , , , 9.5252885, -0.0045319, , , , , , , 9.5252885, 0.0171206, , , , , , , , , , , , , , , , , , , , , , , , , , , , 
9.5258077, 0.0030213, , , , , , , 9.5258077, -0.0075532, , , , , , , 9.5258077, -0.002182, , , , , , , 9.5258077, 0.0209812, , , , , , , , , , , , , , , , , , , , , , , , , , , , 
9.5263269, -0.0008392, , , , , , , 9.5263269, -0.008896, , , , , , , 9.5263269, 0.0003357, , , , , , , 9.5263269, 0.0260166, , , , , , , , , , , , , , , , , , , , , , , , , , , , 
9.5268462, -0.0028534, , , , , , , 9.5268462, -0.0102388, , , , , , , 9.5268462, -0.0003357, , , , , , , 9.5268462, 0.0318914, , , , , , , , , , , , , , , , , , , , , , , , , , , , 
9.5273654, -0.0072175, , , , , , , 9.5273654, -0.0127565, , , , , , , 9.5273654, -0.0010071, , , , , , , 9.5273654, 0.0347448, , , , , , , , , , , , , , , , , , , , , , , , , , , , 
9.5278846, -0.0112459, , , , , , , 9.5278846, -0.0135958, , , , , , , 9.5278846, -0.0008392, , , , , , , 9.5278846, 0.0384375, , , , , , , , , , , , , , , , , , , , , , , , , , , , 
9.5284038, -0.0082246, , , , , , , 9.5284038, -0.0129244, , , , , , , 9.5284038, -0.0008392, , , , , , , 9.5284038, 0.0387732, , , , , , , , , , , , , , , , , , , , , , , , , , , , 
9.5289231, -0.0011749, , , , , , , 9.5289231, -0.0117494, , , , , , , 9.5289231, -0.0018463, , , , , , , 9.5289231, 0.0339055, , , , , , , , , , , , , , , , , , , , , , , , , , , , 
9.5294423, 0.0011749, , , , , , , 9.5294423, -0.0109102, , , , , , , 9.5294423, -0.005539, , , , , , , 9.5294423, 0.0292058, , , , , , , , , , , , , , , , , , , , , , , , , , , , 
9.5299615, 0.0038605, , , , , , , 9.5299615, -0.0092317, , , , , , , 9.5299615, -0.0097353, , , , , , , 9.5299615, 0.0240024, , , , , , , , , , , , , , , , , , , , , , , , , , , , 
9.5304808, 0.0112459, , , , , , , 9.5304808, -0.0057069, , , , , , , 9.5304808, -0.0104067, , , , , , , 9.5304808, 0.0182956, , , , , , , , , , , , , , , , , , , , , , , , , , , , 
9.531, 0.0132601, , , , , , , 9.531, -0.0023499, , , , , , , 9.531, -0.0112459, , , , , , , 9.531, 0.0169528, , , , , , , , , , , , , , , , , , , , , , , , , , , , 
9.5315192, 0.0127565, , , , , , , 9.5315192, -0.0023499, , , , , , , 9.5315192, -0.0109102, , , , , , , 9.5315192, 0.0172885, , , , , , , , , , , , , , , , , , , , , , , , , , , , 
9.5320385, 0.0129244, , , , , , , 9.5320385, -0.0038605, , , , , , , 9.5320385, -0.0070497, , , , , , , 9.5320385, 0.0169528, , , , , , , , , , , , , , , , , , , , , , , , , , , , 
9.5325577, 0.0172885, , , , , , , 9.5325577, -0.0048676, , , , , , , 9.5325577, -0.0052033, , , , , , , 9.5325577, 0.0146029, , , , , , , , , , , , , , , , , , , , , , , , , , , , 
9.5330769, 0.0193027, , , , , , , 9.5330769, -0.0052033, , , , , , , 9.5330769, -0.0062104, , , , , , , 9.5330769, 0.0119173, , , , , , , , , , , , , , , , , , , , , , , , , , , , 
9.5335962, 0.0186313, , , , , , , 9.5335962, -0.0058747, , , , , , , 9.5335962, -0.0082246, , , , , , , 9.5335962, 0.0105745, , , , , , , , , , , , , , , , , , , , , , , , , , , , 
9.5341154, 0.0169528, , , , , , , 9.5341154, -0.0082246, , , , , , , 9.5341154, -0.0102388, , , , , , , 9.5341154, 0.008896, , , , , , , , , , , , , , , , , , , , , , , , , , , , 
9.5346346, 0.0166171, , , , , , , 9.5346346, -0.0097353, , , , , , , 9.5346346, -0.0117494, , , , , , , 9.5346346, 0.0068818, , , , , , , , , , , , , , , , , , , , , , , , , , , , 
9.5351538, 0.0172885, , , , , , , 9.5351538, -0.0090639, , , , , , , 9.5351538, -0.0102388, , , , , , , 9.5351538, 0.0073854, , , , , , , , , , , , , , , , , , , , , , , , , , , , 
9.5356731, 0.0172885, , , , , , , 9.5356731, -0.0078889, , , , , , , 9.5356731, -0.0058747, , , , , , , 9.5356731, 0.0072175, , , , , , , , , , , , , , , , , , , , , , , , , , , , 
9.5361923, 0.0146029, , , , , , , 9.5361923, -0.0082246, , , , , , , 9.5361923, -0.0045319, , , , , , , 9.5361923, 0.0078889, , , , , , , , , , , , , , , , , , , , , , , , , , , , 
9.5367115, 0.0109102, , , , , , , 9.5367115, -0.008896, , , , , , , 9.5367115, -0.0060426, , , , , , , 9.5367115, 0.0092317, , , , , , , , , , , , , , , , , , , , , , , , , , , , 
9.5372308, 0.0109102, , , , , , , 9.5372308, -0.0093996, , , , , , , 9.5372308, -0.005539, , , , , , , 9.5372308, 0.0105745, , , , , , , , , , , , , , , , , , , , , , , , , , , , 
9.53775, 0.0146029, , , , , , , 9.53775, -0.0087282, , , , , , , 9.53775, -0.0048676, , , , , , , 9.53775, 0.0132601, , , , , , , , , , , , , , , , , , , , , , , , , , , , 
9.5382692, 0.0172885, , , , , , , 9.5382692, -0.0068818, , , , , , , 9.5382692, -0.0062104, , , , , , , 9.5382692, 0.0159457, , , , , , , , , , , , , , , , , , , , , , , , , , , , 
9.5387885, 0.0172885, , , , , , , 9.5387885, -0.0057069, , , , , , , 9.5387885, -0.0075532, , , , , , , 9.5387885, 0.0166171, , , , , , , , , , , , , , , , , , , , , , , , , , , , 
9.5393077, 0.0166171, , , , , , , 9.5393077, -0.0068818, , , , , , , 9.5393077, -0.0058747, , , , , , , 9.5393077, 0.0115816, , , , , , , , , , , , , , , , , , , , , , , , , , , , 
9.5398269, 0.0203098, , , , , , , 9.5398269, -0.0072175, , , , , , , 9.5398269, -0.0048676, , , , , , , 9.5398269, 0.005539, , , , , , , , , , , , , , , , , , , , , , , , , , , , 
9.5403462, 0.024506, , , , , , , 9.5403462, -0.0075532, , , , , , , 9.5403462, -0.0052033, , , , , , , 9.5403462, 0.0036927, , , , , , , , , , , , , , , , , , , , , , , , , , , , 
9.5408654, 0.0260166, , , , , , , 9.5408654, -0.0075532, , , , , , , 9.5408654, -0.0062104, , , , , , , 9.5408654, 0.0010071, , , , , , , , , , , , , , , , , , , , , , , , , , , , 
9.5413846, 0.0273594, , , , , , , 9.5413846, -0.0062104, , , , , , , 9.5413846, -0.010071, , , , , , , 9.5413846, -0.0030213, , , , , , , , , , , , , , , , , , , , , , , , , , , , 
9.5419038, 0.0283665, , , , , , , 9.5419038, -0.0045319, , , , , , , 9.5419038, -0.0139315, , , , , , , 9.5419038, -0.0041962, , , , , , , , , , , , , , , , , , , , , , , , , , , , 
9.5424231, 0.030045, , , , , , , 9.5424231, -0.0057069, , , , , , , 9.5424231, -0.0146029, , , , , , , 9.5424231, -0.0035248, , , , , , , , , , , , , , , , , , , , , , , , , , , , 
9.5429423, 0.0270237, , , , , , , 9.5429423, -0.0075532, , , , , , , 9.5429423, -0.0149386, , , , , , , 9.5429423, -0.0028534, , , , , , , , , , , , , , , , , , , , , , , , , , , , 
9.5434615, 0.0206455, , , , , , , 9.5434615, -0.0068818, , , , , , , 9.5434615, -0.0142672, , , , , , , 9.5434615, -0.0008392, , , , , , , , , , , , , , , , , , , , , , , , , , , , 
9.5439808, 0.0176242, , , , , , , 9.5439808, -0.0050355, , , , , , , 9.5439808, -0.0132601, , , , , , , 9.5439808, 0.0038605, , , , , , , , , , , , , , , , , , , , , , , , , , , , 
9.5445, 0.0169528, , , , , , , 9.5445, -0.0041962, , , , , , , 9.5445, -0.0115816, , , , , , , 9.5445, 0.0099031, , , , , , , , , , , , , , , , , , , , , , , , , , , , 
9.5450192, 0.0129244, , , , , , , 9.5450192, -0.005539, , , , , , , 9.5450192, -0.012253, , , , , , , 9.5450192, 0.0130922, , , , , , , , , , , , , , , , , , , , , , , , , , , , 
9.5455385, 0.0099031, , , , , , , 9.5455385, -0.0075532, , , , , , , 9.5455385, -0.0135958, , , , , , , 9.5455385, 0.0152743, , , , , , , , , , , , , , , , , , , , , , , , , , , , 
9.5460577, 0.0068818, , , , , , , 9.5460577, -0.0092317, , , , , , , 9.5460577, -0.0119173, , , , , , , 9.5460577, 0.018967, , , , , , , , , , , , , , , , , , , , , , , , , , , , 
9.5465769, 0.0028534, , , , , , , 9.5465769, -0.0102388, , , , , , , 9.5465769, -0.0085603, , , , , , , 9.5465769, 0.0231632, , , , , , , , , , , , , , , , , , , , , , , , , , , , 
9.5470962, -0.0010071, , , , , , , 9.5470962, -0.0095674, , , , , , , 9.5470962, -0.0065461, , , , , , , 9.5470962, 0.0297093, , , , , , , , , , , , , , , , , , , , , , , , , , , , 
9.5476154, -0.0082246, , , , , , , 9.5476154, -0.0068818, , , , , , , 9.5476154, -0.0041962, , , , , , , 9.5476154, 0.0350805, , , , , , , , , , , , , , , , , , , , , , , , , , , , 
9.5481346, -0.0129244, , , , , , , 9.5481346, -0.0072175, , , , , , , 9.5481346, -0.0025177, , , , , , , 9.5481346, 0.0357519, , , , , , , , , , , , , , , , , , , , , , , , , , , , 
9.5486538, -0.0115816, , , , , , , 9.5486538, -0.0075532, , , , , , , 9.5486538, -0.0028534, , , , , , , 9.5486538, 0.0340734, , , , , , , , , , , , , , , , , , , , , , , , , , , , 
9.5491731, -0.008896, , , , , , , 9.5491731, -0.0063783, , , , , , , 9.5491731, -0.0031891, , , , , , , 9.5491731, 0.0310521, , , , , , , , , , , , , , , , , , , , , , , , , , , , 
9.5496923, -0.0057069, , , , , , , 9.5496923, -0.0062104, , , , , , , 9.5496923, -0.002182, , , , , , , 9.5496923, 0.026688, , , , , , , , , , , , , , , , , , , , , , , , , , , , 
9.5502115, -0.0011749, , , , , , , 9.5502115, -0.0058747, , , , , , , 9.5502115, -0.0035248, , , , , , , 9.5502115, 0.0253452, , , , , , , , , , , , , , , , , , , , , , , , , , , , 
9.5507308, 0.0038605, , , , , , , 9.5507308, -0.0048676, , , , , , , 9.5507308, -0.005539, , , , , , , 9.5507308, 0.0263523, , , , , , , , , , , , , , , , , , , , , , , , , , , , 
9.55125, 0.008896, , , , , , , 9.55125, -0.005539, , , , , , , 9.55125, -0.0048676, , , , , , , 9.55125, 0.0250095, , , , , , , , , , , , , , , , , , , , , , , , , , , , 
9.5517692, 0.0130922, , , , , , , 9.5517692, -0.0063783, , , , , , , 9.5517692, -0.0052033, , , , , , , 9.5517692, 0.0206455, , , , , , , , , , , , , , , , , , , , , , , , , , , , 
9.5522885, 0.0146029, , , , , , , 9.5522885, -0.0072175, , , , , , , 9.5522885, -0.0057069, , , , , , , 9.5522885, 0.017792, , , , , , , , , , , , , , , , , , , , , , , , , , , , 
9.5528077, 0.0082246, , , , , , , 9.5528077, -0.008896, , , , , , , 9.5528077, -0.0062104, , , , , , , 9.5528077, 0.0169528, , , , , , , , , , , , , , , , , , , , , , , , , , , , 
9.5533269, 0.005539, , , , , , , 9.5533269, -0.0105745, , , , , , , 9.5533269, -0.0078889, , , , , , , 9.5533269, 0.0152743, , , , , , , , , , , , , , , , , , , , , , , , , , , , 
9.5538462, 0.0132601, , , , , , , 9.5538462, -0.0087282, , , , , , , 9.5538462, -0.008896, , , , , , , 9.5538462, 0.0119173, , , , , , , , , , , , , , , , , , , , , , , , , , , , 
9.5543654, 0.0196384, , , , , , , 9.5543654, -0.0077211, , , , , , , 9.5543654, -0.010071, , , , , , , 9.5543654, 0.0105745, , , , , , , , , , , , , , , , , , , , , , , , , , , , 
9.5548846, 0.0216526, , , , , , , 9.5548846, -0.0092317, , , , , , , 9.5548846, -0.0115816, , , , , , , 9.5548846, 0.0112459, , , , , , , , , , , , , , , , , , , , , , , , , , , , 
9.5554038, 0.0226596, , , , , , , 9.5554038, -0.0097353, , , , , , , 9.5554038, -0.0115816, , , , , , , 9.5554038, 0.0115816, , , , , , , , , , , , , , , , , , , , , , , , , , , , 
9.5559231, 0.0229953, , , , , , , 9.5559231, -0.0078889, , , , , , , 9.5559231, -0.0085603, , , , , , , 9.5559231, 0.0117494, , , , , , , , , , , , , , , , , , , , , , , , , , , , 
9.5564423, 0.0226596, , , , , , , 9.5564423, -0.0058747, , , , , , , 9.5564423, -0.0075532, , , , , , , 9.5564423, 0.0072175, , , , , , , , , , , , , , , , , , , , , , , , , , , , 
9.5569615, 0.0236667, , , , , , , 9.5569615, -0.0058747, , , , , , , 9.5569615, -0.0092317, , , , , , , 9.5569615, 0.0043641, , , , , , , , , , , , , , , , , , , , , , , , , , , , 
9.5574808, 0.023331, , , , , , , 9.5574808, -0.0062104, , , , , , , 9.5574808, -0.0105745, , , , , , , 9.5574808, 0.0052033, , , , , , , , , , , , , , , , , , , , , , , , , , , , 
9.558, 0.0213169, , , , , , , 9.558, -0.0065461, , , , , , , 9.558, -0.0115816, , , , , , , 9.558, 0.0052033, , , , , , , , , , , , , , , , , , , , , , , , , , , , 
9.5585192, 0.0203098, , , , , , , 9.5585192, -0.0068818, , , , , , , 9.5585192, -0.0115816, , , , , , , 9.5585192, 0.0041962, , , , , , , , , , , , , , , , , , , , , , , , , , , , 
9.5590385, 0.0234989, , , , , , , 9.5590385, -0.0068818, , , , , , , 9.5590385, -0.0109102, , , , , , , 9.5590385, -0.0001678, , , , , , , , , , , , , , , , , , , , , , , , , , , , 
9.5595577, 0.0280308, , , , , , , 9.5595577, -0.0068818, , , , , , , 9.5595577, -0.0105745, , , , , , , 9.5595577, -0.005539, , , , , , , , , , , , , , , , , , , , , , , , , , , , 
9.5600769, 0.030045, , , , , , , 9.5600769, -0.005539, , , , , , , 9.5600769, -0.0095674, , , , , , , 9.5600769, -0.0082246, , , , , , , , , , , , , , , , , , , , , , , , , , , , 
9.5605962, 0.0287022, , , , , , , 9.5605962, -0.0063783, , , , , , , 9.5605962, -0.0105745, , , , , , , 9.5605962, -0.0097353, , , , , , , , , , , , , , , , , , , , , , , , , , , , 
9.5611154, 0.0273594, , , , , , , 9.5611154, -0.0072175, , , , , , , 9.5611154, -0.0102388, , , , , , , 9.5611154, -0.0105745, , , , , , , , , , , , , , , , , , , , , , , , , , , , 
9.5616346, 0.0263523, , , , , , , 9.5616346, -0.0078889, , , , , , , 9.5616346, -0.0090639, , , , , , , 9.5616346, -0.0085603, , , , , , , , , , , , , , , , , , , , , , , , , , , , 
9.5621538, 0.0263523, , , , , , , 9.5621538, -0.0083925, , , , , , , 9.5621538, -0.008896, , , , , , , 9.5621538, -0.0065461, , , , , , , , , , , , , , , , , , , , , , , , , , , , 
9.5626731, 0.0246738, , , , , , , 9.5626731, -0.0072175, , , , , , , 9.5626731, -0.008896, , , , , , , 9.5626731, -0.0041962, , , , , , , , , , , , , , , , , , , , , , , , , , , , 
9.5631923, 0.0240024, , , , , , , 9.5631923, -0.0048676, , , , , , , 9.5631923, -0.0083925, , , , , , , 9.5631923, 0.0008392, , , , , , , , , , , , , , , , , , , , , , , , , , , , 
9.5637115, 0.0250095, , , , , , , 9.5637115, -0.0045319, , , , , , , 9.5637115, -0.0083925, , , , , , , 9.5637115, 0.0082246, , , , , , , , , , , , , , , , , , , , , , , , , , , , 
9.5642308, 0.0203098, , , , , , , 9.5642308, -0.0046998, , , , , , , 9.5642308, -0.0075532, , , , , , , 9.5642308, 0.0140993, , , , , , , , , , , , , , , , , , , , , , , , , , , , 
9.56475, 0.0130922, , , , , , , 9.56475, -0.0043641, , , , , , , 9.56475, -0.0045319, , , , , , , 9.56475, 0.0184634, , , , , , , , , , , , , , , , , , , , , , , , , , , , 
9.5652692, 0.0092317, , , , , , , 9.5652692, -0.0048676, , , , , , , 9.5652692, -0.0035248, , , , , , , 9.5652692, 0.0223239, , , , , , , , , , , , , , , , , , , , , , , , , , , , 
9.5657885, 0.0075532, , , , , , , 9.5657885, -0.0065461, , , , , , , 9.5657885, -0.0035248, , , , , , , 9.5657885, 0.0273594, , , , , , , , , , , , , , , , , , , , , , , , , , , , 
9.5663077, 0.0001678, , , , , , , 9.5663077, -0.0068818, , , , , , , 9.5663077, -0.0038605, , , , , , , 9.5663077, 0.0323949, , , , , , , , , , , , , , , , , , , , , , , , , , , , 
9.5668269, -0.0104067, , , , , , , 9.5668269, -0.0062104, , , , , , , 9.5668269, -0.0038605, , , , , , , 9.5668269, 0.0340734, , , , , , , , , , , , , , , , , , , , , , , , , , , , 
9.5673462, -0.0176242, , , , , , , 9.5673462, -0.0082246, , , , , , , 9.5673462, -0.0028534, , , , , , , 9.5673462, 0.0372625, , , , , , , , , , , , , , , , , , , , , , , , , , , , 
9.5678654, -0.018967, , , , , , , 9.5678654, -0.0095674, , , , , , , 9.5678654, -0.0015106, , , , , , , 9.5678654, 0.0381018, , , , , , , , , , , , , , , , , , , , , , , , , , , , 
9.5683846, -0.0196384, , , , , , , 9.5683846, -0.008896, , , , , , , 9.5683846, -0.0001678, , , , , , , 9.5683846, 0.0374304, , , , , , , , , , , , , , , , , , , , , , , , , , , , 
9.5689038, -0.0172885, , , , , , , 9.5689038, -0.0082246, , , , , , , 9.5689038, -0.0001678, , , , , , , 9.5689038, 0.0357519, , , , , , , , , , , , , , , , , , , , , , , , , , , , 
9.5694231, -0.0139315, , , , , , , 9.5694231, -0.0083925, , , , , , , 9.5694231, -0.0028534, , , , , , , 9.5694231, 0.0327306, , , , , , , , , , , , , , , , , , , , , , , , , , , , 
9.5699423, -0.0090639, , , , , , , 9.5699423, -0.0095674, , , , , , , 9.5699423, -0.0028534, , , , , , , 9.5699423, 0.026688, , , , , , , , , , , , , , , , , , , , , , , , , , , , 
9.5704615, -0.0031891, , , , , , , 9.5704615, -0.0109102, , , , , , , 9.5704615, -0.0028534, , , , , , , 9.5704615, 0.0226596, , , , , , , , , , , , , , , , , , , , , , , , , , , , 
9.5709808, -0.0018463, , , , , , , 9.5709808, -0.0105745, , , , , , , 9.5709808, -0.003357, , , , , , , 9.5709808, 0.0199741, , , , , , , , , , , , , , , , , , , , , , , , , , , , 
9.5715, -0.0015106, , , , , , , 9.5715, -0.0095674, , , , , , , 9.5715, -0.0045319, , , , , , , 9.5715, 0.0157778, , , , , , , , , , , , , , , , , , , , , , , , , , , , 
9.5720192, 0.0052033, , , , , , , 9.5720192, -0.0082246, , , , , , , 9.5720192, -0.005539, , , , , , , 9.5720192, 0.0119173, , , , , , , , , , , , , , , , , , , , , , , , , , , , 
9.5725385, 0.0166171, , , , , , , 9.5725385, -0.0090639, , , , , , , 9.5725385, -0.0048676, , , , , , , 9.5725385, 0.0115816, , , , , , , , , , , , , , , , , , , , , , , , , , , , 
9.5730577, 0.023331, , , , , , , 9.5730577, -0.0105745, , , , , , , 9.5730577, -0.0046998, , , , , , , 9.5730577, 0.0109102, , , , , , , , , , , , , , , , , , , , , , , , , , , , 
9.5735769, 0.0270237, , , , , , , 9.5735769, -0.0083925, , , , , , , 9.5735769, -0.0070497, , , , , , , 9.5735769, 0.0085603, , , , , , , , , , , , , , , , , , , , , , , , , , , , 
9.5740962, 0.0240024, , , , , , , 9.5740962, -0.0063783, , , , , , , 9.5740962, -0.0092317, , , , , , , 9.5740962, 0.0072175, , , , , , , , , , , , , , , , , , , , , , , , , , , , 
9.5746154, 0.0172885, , , , , , , 9.5746154, -0.0065461, , , , , , , 9.5746154, -0.0109102, , , , , , , 9.5746154, 0.0072175, , , , , , , , , , , , , , , , , , , , , , , , , , , , 
9.5751346, 0.0169528, , , , , , , 9.5751346, -0.0075532, , , , , , , 9.5751346, -0.0125887, , , , , , , 9.5751346, 0.0063783, , , , , , , , , , , , , , , , , , , , , , , , , , , , 
9.5756538, 0.0199741, , , , , , , 9.5756538, -0.0082246, , , , , , , 9.5756538, -0.0115816, , , , , , , 9.5756538, 0.0041962, , , , , , , , , , , , , , , , , , , , , , , , , , , , 
9.5761731, 0.0265202, , , , , , , 9.5761731, -0.0082246, , , , , , , 9.5761731, -0.008896, , , , , , , 9.5761731, 0.0025177, , , , , , , , , , , , , , , , , , , , , , , , , , , , 
9.5766923, 0.0273594, , , , , , , 9.5766923, -0.005539, , , , , , , 9.5766923, -0.0092317, , , , , , , 9.5766923, 0.0038605, , , , , , , , , , , , , , , , , , , , , , , , , , , , 
9.5772115, 0.0226596, , , , , , , 9.5772115, -0.0062104, , , , , , , 9.5772115, -0.0109102, , , , , , , 9.5772115, 0.0075532, , , , , , , , , , , , , , , , , , , , , , , , , , , , 
9.5777308, 0.0206455, , , , , , , 9.5777308, -0.010071, , , , , , , 9.5777308, -0.0115816, , , , , , , 9.5777308, 0.0078889, , , , , , , , , , , , , , , , , , , , , , , , , , , , 
9.57825, 0.0199741, , , , , , , 9.57825, -0.011078, , , , , , , 9.57825, -0.0115816, , , , , , , 9.57825, 0.0058747, , , , , , , , , , , , , , , , , , , , , , , , , , , , 
9.5787692, 0.0213169, , , , , , , 9.5787692, -0.0102388, , , , , , , 9.5787692, -0.012253, , , , , , , 9.5787692, 0.0018463, , , , , , , , , , , , , , , , , , , , , , , , , , , , 
9.5792885, 0.0303807, , , , , , , 9.5792885, -0.0102388, , , , , , , 9.5792885, -0.0115816, , , , , , , 9.5792885, -0.0035248, , , , , , , , , , , , , , , , , , , , , , , , , , , , 
9.5798077, 0.0360876, , , , , , , 9.5798077, -0.0102388, , , , , , , 9.5798077, -0.0092317, , , , , , , 9.5798077, -0.0072175, , , , , , , , , , , , , , , , , , , , , , , , , , , , 
9.5803269, 0.0370947, , , , , , , 9.5803269, -0.0105745, , , , , , , 9.5803269, -0.0077211, , , , , , , 9.5803269, -0.0092317, , , , , , , , , , , , , , , , , , , , , , , , , , , , 
9.5808462, 0.0377661, , , , , , , 9.5808462, -0.012253, , , , , , , 9.5808462, -0.0095674, , , , , , , 9.5808462, -0.0078889, , , , , , , , , , , , , , , , , , , , , , , , , , , , 
9.5813654, 0.0387732, , , , , , , 9.5813654, -0.012253, , , , , , , 9.5813654, -0.0129244, , , , , , , 9.5813654, -0.0058747, , , , , , , , , , , , , , , , , , , , , , , , , , , , 
9.5818846, 0.0394446, , , , , , , 9.5818846, -0.0099031, , , , , , , 9.5818846, -0.0129244, , , , , , , 9.5818846, -0.0045319, , , , , , , , , , , , , , , , , , , , , , , , , , , , 
9.5824038, 0.0357519, , , , , , , 9.5824038, -0.0090639, , , , , , , 9.5824038, -0.0109102, , , , , , , 9.5824038, -0.0035248, , , , , , , , , , , , , , , , , , , , , , , , , , , , 
9.5829231, 0.0287022, , , , , , , 9.5829231, -0.0082246, , , , , , , 9.5829231, -0.0102388, , , , , , , 9.5829231, -0.0005035, , , , , , , , , , , , , , , , , , , , , , , , , , , , 
9.5834423, 0.0208133, , , , , , , 9.5834423, -0.008896, , , , , , , 9.5834423, -0.0115816, , , , , , , 9.5834423, 0.0062104, , , , , , , , , , , , , , , , , , , , , , , , , , , , 
9.5839615, 0.0139315, , , , , , , 9.5839615, -0.0102388, , , , , , , 9.5839615, -0.0115816, , , , , , , 9.5839615, 0.0132601, , , , , , , , , , , , , , , , , , , , , , , , , , , , 
9.5844808, 0.0104067, , , , , , , 9.5844808, -0.0095674, , , , , , , 9.5844808, -0.0104067, , , , , , , 9.5844808, 0.0193027, , , , , , , , , , , , , , , , , , , , , , , , , , , , 
9.585, 0.0078889, , , , , , , 9.585, -0.0082246, , , , , , , 9.585, -0.0078889, , , , , , , 9.585, 0.023331, , , , , , , , , , , , , , , , , , , , , , , , , , , , 
9.5855192, 0.0038605, , , , , , , 9.5855192, -0.0068818, , , , , , , 9.5855192, -0.005539, , , , , , , 9.5855192, 0.0256809, , , , , , , , , , , , , , , , , , , , , , , , , , , , 
9.5860385, -0.0015106, , , , , , , 9.5860385, -0.0057069, , , , , , , 9.5860385, -0.0050355, , , , , , , 9.5860385, 0.030045, , , , , , , , , , , , , , , , , , , , , , , , , , , , 
9.5865577, -0.0062104, , , , , , , 9.5865577, -0.005539, , , , , , , 9.5865577, -0.0048676, , , , , , , 9.5865577, 0.0345769, , , , , , , , , , , , , , , , , , , , , , , , , , , , 
9.5870769, -0.0129244, , , , , , , 9.5870769, -0.0052033, , , , , , , 9.5870769, -0.0025177, , , , , , , 9.5870769, 0.0381018, , , , , , , , , , , , , , , , , , , , , , , , , , , , 
9.5875962, -0.0166171, , , , , , , 9.5875962, -0.0070497, , , , , , , 9.5875962, -0.0016785, , , , , , , 9.5875962, 0.0411231, , , , , , , , , , , , , , , , , , , , , , , , , , , , 
9.5881154, -0.0146029, , , , , , , 9.5881154, -0.0077211, , , , , , , 9.5881154, -0.0028534, , , , , , , 9.5881154, 0.0414588, , , , , , , , , , , , , , , , , , , , , , , , , , , , 
9.5886346, -0.0115816, , , , , , , 9.5886346, -0.0058747, , , , , , , 9.5886346, -0.0026856, , , , , , , 9.5886346, 0.0387732, , , , , , , , , , , , , , , , , , , , , , , , , , , , 
9.5891538, -0.0045319, , , , , , , 9.5891538, -0.0062104, , , , , , , 9.5891538, -0.0028534, , , , , , , 9.5891538, 0.0327306, , , , , , , , , , , , , , , , , , , , , , , , , , , , 
9.5896731, 0.002182, , , , , , , 9.5896731, -0.008896, , , , , , , 9.5896731, -0.0018463, , , , , , , 9.5896731, 0.0256809, , , , , , , , , , , , , , , , , , , , , , , , , , , , 
9.5901923, 0.0031891, , , , , , , 9.5901923, -0.0095674, , , , , , , 9.5901923, -0.0008392, , , , , , , 9.5901923, 0.0199741, , , , , , , , , , , , , , , , , , , , , , , , , , , , 
9.5907115, 0.0035248, , , , , , , 9.5907115, -0.0082246, , , , , , , 9.5907115, -0.002182, , , , , , , 9.5907115, 0.0179599, , , , , , , , , , , , , , , , , , , , , , , , , , , , 
9.5912308, 0.0065461, , , , , , , 9.5912308, -0.0068818, , , , , , , 9.5912308, -0.0045319, , , , , , , 9.5912308, 0.0159457, , , , , , , , , , , , , , , , , , , , , , , , , , , , 
9.59175, 0.0092317, , , , , , , 9.59175, -0.0068818, , , , , , , 9.59175, -0.0072175, , , , , , , 9.59175, 0.0139315, , , , , , , , , , , , , , , , , , , , , , , , , , , , 
9.5922692, 0.0105745, , , , , , , 9.5922692, -0.0072175, , , , , , , 9.5922692, -0.0068818, , , , , , , 9.5922692, 0.0119173, , , , , , , , , , , , , , , , , , , , , , , , , , , , 
9.5927885, 0.0135958, , , , , , , 9.5927885, -0.0077211, , , , , , , 9.5927885, -0.0065461, , , , , , , 9.5927885, 0.0095674, , , , , , , , , , , , , , , , , , , , , , , , , , , , 
9.5933077, 0.0129244, , , , , , , 9.5933077, -0.0063783, , , , , , , 9.5933077, -0.0065461, , , , , , , 9.5933077, 0.0078889, , , , , , , , , , , , , , , , , , , , , , , , , , , , 
9.5938269, 0.0115816, , , , , , , 9.5938269, -0.0048676, , , , , , , 9.5938269, -0.0082246, , , , , , , 9.5938269, 0.0092317, , , , , , , , , , , , , , , , , , , , , , , , , , , , 
9.5943462, 0.0132601, , , , , , , 9.5943462, -0.0052033, , , , , , , 9.5943462, -0.011078, , , , , , , 9.5943462, 0.0085603, , , , , , , , , , , , , , , , , , , , , , , , , , , , 
9.5948654, 0.0196384, , , , , , , 9.5948654, -0.0075532, , , , , , , 9.5948654, -0.0109102, , , , , , , 9.5948654, 0.0078889, , , , , , , , , , , , , , , , , , , , , , , , , , , , 
9.5953846, 0.0182956, , , , , , , 9.5953846, -0.0092317, , , , , , , 9.5953846, -0.008896, , , , , , , 9.5953846, 0.0085603, , , , , , , , , , , , , , , , , , , , , , , , , , , , 
9.5959038, 0.0132601, , , , , , , 9.5959038, -0.0095674, , , , , , , 9.5959038, -0.008896, , , , , , , 9.5959038, 0.005539, , , , , , , , , , , , , , , , , , , , , , , , , , , , 
9.5964231, 0.0117494, , , , , , , 9.5964231, -0.0099031, , , , , , , 9.5964231, -0.0102388, , , , , , , 9.5964231, 0.0036927, , , , , , , , , , , , , , , , , , , , , , , , , , , , 
9.5969423, 0.0132601, , , , , , , 9.5969423, -0.0104067, , , , , , , 9.5969423, -0.0095674, , , , , , , 9.5969423, 0.0052033, , , , , , , , , , , , , , , , , , , , , , , , , , , , 
9.5974615, 0.0159457, , , , , , , 9.5974615, -0.0099031, , , , , , , 9.5974615, -0.008896, , , , , , , 9.5974615, 0.0052033, , , , , , , , , , , , , , , , , , , , , , , , , , , , 
9.5979808, 0.017792, , , , , , , 9.5979808, -0.008896, , , , , , , 9.5979808, -0.008896, , , , , , , 9.5979808, 0.0050355, , , , , , , , , , , , , , , , , , , , , , , , , , , , 
9.5985, 0.0169528, , , , , , , 9.5985, -0.0075532, , , , , , , 9.5985, -0.0095674, , , , , , , 9.5985, 0.0043641, , , , , , , , , , , , , , , , , , , , , , , , , , , , 
9.5990192, 0.0172885, , , , , , , 9.5990192, -0.008896, , , , , , , 9.5990192, -0.0124208, , , , , , , 9.5990192, 0.0016785, , , , , , , , , , , , , , , , , , , , , , , , , , , , 
9.5995385, 0.0253452, , , , , , , 9.5995385, -0.0105745, , , , , , , 9.5995385, -0.0149386, , , , , , , 9.5995385, -0.0010071, , , , , , , , , , , , , , , , , , , , , , , , , , , , 
9.6000577, 0.0290379, , , , , , , 9.6000577, -0.0104067, , , , , , , 9.6000577, -0.0129244, , , , , , , 9.6000577, -0.0045319, , , , , , , , , , , , , , , , , , , , , , , , , , , , 
9.6005769, 0.026688, , , , , , , 9.6005769, -0.0105745, , , , , , , 9.6005769, -0.0112459, , , , , , , 9.6005769, -0.0095674, , , , , , , , , , , , , , , , , , , , , , , , , , , , 
9.6010962, 0.0240024, , , , , , , 9.6010962, -0.0109102, , , , , , , 9.6010962, -0.0105745, , , , , , , 9.6010962, -0.012253, , , , , , , , , , , , , , , , , , , , , , , , , , , , 
9.6016154, 0.0240024, , , , , , , 9.6016154, -0.0102388, , , , , , , 9.6016154, -0.0095674, , , , , , , 9.6016154, -0.0109102, , , , , , , , , , , , , , , , , , , , , , , , , , , , 
9.6021346, 0.0234989, , , , , , , 9.6021346, -0.0092317, , , , , , , 9.6021346, -0.0082246, , , , , , , 9.6021346, -0.0048676, , , , , , , , , , , , , , , , , , , , , , , , , , , , 
9.6026538, 0.0213169, , , , , , , 9.6026538, -0.008896, , , , , , , 9.6026538, -0.0075532, , , , , , , 9.6026538, 0.0016785, , , , , , , , , , , , , , , , , , , , , , , , , , , , 
9.6031731, 0.0171206, , , , , , , 9.6031731, -0.0078889, , , , , , , 9.6031731, -0.0092317, , , , , , , 9.6031731, 0.0050355, , , , , , , , , , , , , , , , , , , , , , , , , , , , 
9.6036923, 0.0115816, , , , , , , 9.6036923, -0.0087282, , , , , , , 9.6036923, -0.0109102, , , , , , , 9.6036923, 0.0065461, , , , , , , , , , , , , , , , , , , , , , , , , , , , 
9.6042115, 0.0099031, , , , , , , 9.6042115, -0.0078889, , , , , , , 9.6042115, -0.0109102, , , , , , , 9.6042115, 0.0097353, , , , , , , , , , , , , , , , , , , , , , , , , , , , 
9.6047308, 0.0129244, , , , , , , 9.6047308, -0.005539, , , , , , , 9.6047308, -0.0078889, , , , , , , 9.6047308, 0.0152743, , , , , , , , , , , , , , , , , , , , , , , , , , , , 
9.60525, 0.0125887, , , , , , , 9.60525, -0.0057069, , , , , , , 9.60525, -0.005539, , , , , , , 9.60525, 0.0216526, , , , , , , , , , , , , , , , , , , , , , , , , , , , 
9.6057692, 0.012253, , , , , , , 9.6057692, -0.0082246, , , , , , , 9.6057692, -0.005539, , , , , , , 9.6057692, 0.0276951, , , , , , , , , , , , , , , , , , , , , , , , , , , , 
9.6062885, 0.0142672, , , , , , , 9.6062885, -0.0073854, , , , , , , 9.6062885, -0.005539, , , , , , , 9.6062885, 0.0310521, , , , , , , , , , , , , , , , , , , , , , , , , , , , 
9.6068077, 0.0119173, , , , , , , 9.6068077, -0.0060426, , , , , , , 9.6068077, -0.0050355, , , , , , , 9.6068077, 0.0330663, , , , , , , , , , , , , , , , , , , , , , , , , , , , 
9.6073269, 0.0075532, , , , , , , 9.6073269, -0.0082246, , , , , , , 9.6073269, -0.005539, , , , , , , 9.6073269, 0.0344091, , , , , , , , , , , , , , , , , , , , , , , , , , , , 
9.6078462, 0.0036927, , , , , , , 9.6078462, -0.0097353, , , , , , , 9.6078462, -0.0035248, , , , , , , 9.6078462, 0.0357519, , , , , , , , , , , , , , , , , , , , , , , , , , , , 
9.6083654, -0.0015106, , , , , , , 9.6083654, -0.0090639, , , , , , , 9.6083654, -0.0041962, , , , , , , 9.6083654, 0.0342412, , , , , , , , , , , , , , , , , , , , , , , , , , , , 
9.6088846, -0.005539, , , , , , , 9.6088846, -0.0083925, , , , , , , 9.6088846, -0.0068818, , , , , , , 9.6088846, 0.0307164, , , , , , , , , , , , , , , , , , , , , , , , , , , , 
9.6094038, -0.0045319, , , , , , , 9.6094038, -0.0078889, , , , , , , 9.6094038, -0.0072175, , , , , , , 9.6094038, 0.0256809, , , , , , , , , , , , , , , , , , , , , , , , , , , , 
9.6099231, -0.0005035, , , , , , , 9.6099231, -0.0062104, , , , , , , 9.6099231, -0.005539, , , , , , , 9.6099231, 0.0193027, , , , , , , , , , , , , , , , , , , , , , , , , , , , 
9.6104423, 0.0052033, , , , , , , 9.6104423, -0.0062104, , , , , , , 9.6104423, -0.0052033, , , , , , , 9.6104423, 0.0159457, , , , , , , , , , , , , , , , , , , , , , , , , , , , 
9.6109615, 0.0095674, , , , , , , 9.6109615, -0.0075532, , , , , , , 9.6109615, -0.0035248, , , , , , , 9.6109615, 0.01561, , , , , , , , , , , , , , , , , , , , , , , , , , , , 
9.6114808, 0.0119173, , , , , , , 9.6114808, -0.0078889, , , , , , , 9.6114808, -0.005539, , , , , , , 9.6114808, 0.0162814, , , , , , , , , , , , , , , , , , , , , , , , , , , , 
9.612, 0.0137636, , , , , , , 9.612, -0.0062104, , , , , , , 9.612, -0.0082246, , , , , , , 9.612, 0.0142672, , , , , , , , , , , , , , , , , , , , , , , , , , , , 
9.6125192, 0.0146029, , , , , , , 9.6125192, -0.0058747, , , , , , , 9.6125192, -0.0078889, , , , , , , 9.6125192, 0.0125887, , , , , , , , , , , , , , , , , , , , , , , , , , , , 
9.6130385, 0.0142672, , , , , , , 9.6130385, -0.0070497, , , , , , , 9.6130385, -0.0097353, , , , , , , 9.6130385, 0.0125887, , , , , , , , , , , , , , , , , , , , , , , , , , , , 
9.6135577, 0.0142672, , , , , , , 9.6135577, -0.008896, , , , , , , 9.6135577, -0.0105745, , , , , , , 9.6135577, 0.0125887, , , , , , , , , , , , , , , , , , , , , , , , , , , , 
9.6140769, 0.0171206, , , , , , , 9.6140769, -0.0092317, , , , , , , 9.6140769, -0.0090639, , , , , , , 9.6140769, 0.0119173, , , , , , , , , , , , , , , , , , , , , , , , , , , , 
9.6145962, 0.0206455, , , , , , , 9.6145962, -0.0092317, , , , , , , 9.6145962, -0.008896, , , , , , , 9.6145962, 0.0132601, , , , , , , , , , , , , , , , , , , , , , , , , , , , 
9.6151154, 0.0219883, , , , , , , 9.6151154, -0.0078889, , , , , , , 9.6151154, -0.0095674, , , , , , , 9.6151154, 0.0112459, , , , , , , , , , , , , , , , , , , , , , , , , , , , 
9.6156346, 0.0186313, , , , , , , 9.6156346, -0.0077211, , , , , , , 9.6156346, -0.0109102, , , , , , , 9.6156346, 0.0090639, , , , , , , , , , , , , , , , , , , , , , , , , , , , 
9.6161538, 0.01561, , , , , , , 9.6161538, -0.0077211, , , , , , , 9.6161538, -0.0102388, , , , , , , 9.6161538, 0.0075532, , , , , , , , , , , , , , , , , , , , , , , , , , , , 
9.6166731, 0.0132601, , , , , , , 9.6166731, -0.0065461, , , , , , , 9.6166731, -0.0082246, , , , , , , 9.6166731, 0.0075532, , , , , , , , , , , , , , , , , , , , , , , , , , , , 
9.6171923, 0.012253, , , , , , , 9.6171923, -0.0045319, , , , , , , 9.6171923, -0.0048676, , , , , , , 9.6171923, 0.0092317, , , , , , , , , , , , , , , , , , , , , , , , , , , , 
9.6177115, 0.0164492, , , , , , , 9.6177115, -0.0045319, , , , , , , 9.6177115, -0.005539, , , , , , , 9.6177115, 0.0127565, , , , , , , , , , , , , , , , , , , , , , , , , , , , 
9.6182308, 0.0199741, , , , , , , 9.6182308, -0.0058747, , , , , , , 9.6182308, -0.0119173, , , , , , , 9.6182308, 0.0102388, , , , , , , , , , , , , , , , , , , , , , , , , , , , 
9.61875, 0.0186313, , , , , , , 9.61875, -0.0075532, , , , , , , 9.61875, -0.0149386, , , , , , , 9.61875, 0.0035248, , , , , , , , , , , , , , , , , , , , , , , , , , , , 
9.6192692, 0.0203098, , , , , , , 9.6192692, -0.0090639, , , , , , , 9.6192692, -0.0135958, , , , , , , 9.6192692, -0.0038605, , , , , , , , , , , , , , , , , , , , , , , , , , , , 
9.6197885, 0.027863, , , , , , , 9.6197885, -0.0092317, , , , , , , 9.6197885, -0.0129244, , , , , , , 9.6197885, -0.0130922, , , , , , , , , , , , , , , , , , , , , , , , , , , , 
9.6203077, 0.0297093, , , , , , , 9.6203077, -0.0083925, , , , , , , 9.6203077, -0.0137636, , , , , , , 9.6203077, -0.0176242, , , , , , , , , , , , , , , , , , , , , , , , , , , , 
9.6208269, 0.026688, , , , , , , 9.6208269, -0.0099031, , , , , , , 9.6208269, -0.0142672, , , , , , , 9.6208269, -0.0139315, , , , , , , , , , , , , , , , , , , , , , , , , , , , 
9.6213462, 0.0256809, , , , , , , 9.6213462, -0.0119173, , , , , , , 9.6213462, -0.0135958, , , , , , , 9.6213462, -0.0099031, , , , , , , , , , , , , , , , , , , , , , , , , , , , 
9.6218654, 0.0280308, , , , , , , 9.6218654, -0.011078, , , , , , , 9.6218654, -0.0132601, , , , , , , 9.6218654, -0.0077211, , , , , , , , , , , , , , , , , , , , , , , , , , , , 
9.6223846, 0.0287022, , , , , , , 9.6223846, -0.0087282, , , , , , , 9.6223846, -0.0124208, , , , , , , 9.6223846, -0.0015106, , , , , , , , , , , , , , , , , , , , , , , , , , , , 
9.6229038, 0.0240024, , , , , , , 9.6229038, -0.0082246, , , , , , , 9.6229038, -0.0129244, , , , , , , 9.6229038, 0.0050355, , , , , , , , , , , , , , , , , , , , , , , , , , , , 
9.6234231, 0.021149, , , , , , , 9.6234231, -0.0078889, , , , , , , 9.6234231, -0.0137636, , , , , , , 9.6234231, 0.0068818, , , , , , , , , , , , , , , , , , , , , , , , , , , , 
9.6239423, 0.0209812, , , , , , , 9.6239423, -0.0078889, , , , , , , 9.6239423, -0.0127565, , , , , , , 9.6239423, 0.0077211, , , , , , , , , , , , , , , , , , , , , , , , , , , , 
9.6244615, 0.0184634, , , , , , , 9.6244615, -0.0068818, , , , , , , 9.6244615, -0.0099031, , , , , , , 9.6244615, 0.0105745, , , , , , , , , , , , , , , , , , , , , , , , , , , , 
9.6249808, 0.0154421, , , , , , , 9.6249808, -0.0085603, , , , , , , 9.6249808, -0.0070497, , , , , , , 9.6249808, 0.0154421, , , , , , , , , , , , , , , , , , , , , , , , , , , , 
9.6255, 0.0125887, , , , , , , 9.6255, -0.0099031, , , , , , , 9.6255, -0.0065461, , , , , , , 9.6255, 0.0199741, , , , , , , , , , , , , , , , , , , , , , , , , , , , 
9.6260192, 0.0099031, , , , , , , 9.6260192, -0.0085603, , , , , , , 9.6260192, -0.0065461, , , , , , , 9.6260192, 0.023331, , , , , , , , , , , , , , , , , , , , , , , , , , , , 
9.6265385, 0.0045319, , , , , , , 9.6265385, -0.0082246, , , , , , , 9.6265385, -0.0057069, , , , , , , 9.6265385, 0.026688, , , , , , , , , , , , , , , , , , , , , , , , , , , , 
9.6270577, -0.0016785, , , , , , , 9.6270577, -0.0085603, , , , , , , 9.6270577, -0.0063783, , , , , , , 9.6270577, 0.0287022, , , , , , , , , , , , , , , , , , , , , , , , , , , , 
9.6275769, -0.0063783, , , , , , , 9.6275769, -0.0083925, , , , , , , 9.6275769, -0.0072175, , , , , , , 9.6275769, 0.0293736, , , , , , , , , , , , , , , , , , , , , , , , , , , , 
9.6280962, -0.0097353, , , , , , , 9.6280962, -0.0075532, , , , , , , 9.6280962, -0.0068818, , , , , , , 9.6280962, 0.030045, , , , , , , , , , , , , , , , , , , , , , , , , , , , 
9.6286154, -0.008896, , , , , , , 9.6286154, -0.0078889, , , , , , , 9.6286154, -0.0053712, , , , , , , 9.6286154, 0.0313878, , , , , , , , , , , , , , , , , , , , , , , , , , , , 
9.6291346, -0.0072175, , , , , , , 9.6291346, -0.0082246, , , , , , , 9.6291346, -0.0062104, , , , , , , 9.6291346, 0.0283665, , , , , , , , , , , , , , , , , , , , , , , , , , , , 
9.6296538, -0.0025177, , , , , , , 9.6296538, -0.0062104, , , , , , , 9.6296538, -0.0062104, , , , , , , 9.6296538, 0.023331, , , , , , , , , , , , , , , , , , , , , , , , , , , , 
9.6301731, 0.0048676, , , , , , , 9.6301731, -0.0035248, , , , , , , 9.6301731, -0.005539, , , , , , , 9.6301731, 0.0179599, , , , , , , , , , , , , , , , , , , , , , , , , , , , 
9.6306923, 0.0105745, , , , , , , 9.6306923, -0.0018463, , , , , , , 9.6306923, -0.0030213, , , , , , , 9.6306923, 0.0157778, , , , , , , , , , , , , , , , , , , , , , , , , , , , 
9.6312115, 0.017792, , , , , , , 9.6312115, -0.0018463, , , , , , , 9.6312115, -0.0015106, , , , , , , 9.6312115, 0.0162814, , , , , , , , , , , , , , , , , , , , , , , , , , , , 
9.6317308, 0.0198062, , , , , , , 9.6317308, -0.0048676, , , , , , , 9.6317308, -0.0041962, , , , , , , 9.6317308, 0.0164492, , , , , , , , , , , , , , , , , , , , , , , , , , , , 
9.63225, 0.0164492, , , , , , , 9.63225, -0.005539, , , , , , , 9.63225, -0.0068818, , , , , , , 9.63225, 0.0159457, , , , , , , , , , , , , , , , , , , , , , , , , , , , 
9.6327692, 0.0159457, , , , , , , 9.6327692, -0.0041962, , , , , , , 9.6327692, -0.0068818, , , , , , , 9.6327692, 0.0157778, , , , , , , , , , , , , , , , , , , , , , , , , , , , 
9.6332885, 0.0193027, , , , , , , 9.6332885, -0.0035248, , , , , , , 9.6332885, -0.0065461, , , , , , , 9.6332885, 0.0151064, , , , , , , , , , , , , , , , , , , , , , , , , , , , 
9.6338077, 0.0169528, , , , , , , 9.6338077, -0.0038605, , , , , , , 9.6338077, -0.008896, , , , , , , 9.6338077, 0.0152743, , , , , , , , , , , , , , , , , , , , , , , , , , , , 
9.6343269, 0.01561, , , , , , , 9.6343269, -0.0048676, , , , , , , 9.6343269, -0.0102388, , , , , , , 9.6343269, 0.0139315, , , , , , , , , , , , , , , , , , , , , , , , , , , , 
9.6348462, 0.0206455, , , , , , , 9.6348462, -0.0058747, , , , , , , 9.6348462, -0.0114137, , , , , , , 9.6348462, 0.0104067, , , , , , , , , , , , , , , , , , , , , , , , , , , , 
9.6353654, 0.0213169, , , , , , , 9.6353654, -0.0062104, , , , , , , 9.6353654, -0.0109102, , , , , , , 9.6353654, 0.0072175, , , , , , , , , , , , , , , , , , , , , , , , , , , , 
9.6358846, 0.0152743, , , , , , , 9.6358846, -0.0062104, , , , , , , 9.6358846, -0.0092317, , , , , , , 9.6358846, 0.005539, , , , , , , , , , , , , , , , , , , , , , , , , , , , 
9.6364038, 0.0077211, , , , , , , 9.6364038, -0.0068818, , , , , , , 9.6364038, -0.008896, , , , , , , 9.6364038, 0.005539, , , , , , , , , , , , , , , , , , , , , , , , , , , , 
9.6369231, 0.0058747, , , , , , , 9.6369231, -0.0072175, , , , , , , 9.6369231, -0.0099031, , , , , , , 9.6369231, 0.0065461, , , , , , , , , , , , , , , , , , , , , , , , , , , , 
9.6374423, 0.0075532, , , , , , , 9.6374423, -0.0075532, , , , , , , 9.6374423, -0.0105745, , , , , , , 9.6374423, 0.0077211, , , , , , , , , , , , , , , , , , , , , , , , , , , , 
9.6379615, 0.0095674, , , , , , , 9.6379615, -0.0078889, , , , , , , 9.6379615, -0.0082246, , , , , , , 9.6379615, 0.0105745, , , , , , , , , , , , , , , , , , , , , , , , , , , , 
9.6384808, 0.0125887, , , , , , , 9.6384808, -0.0068818, , , , , , , 9.6384808, -0.005539, , , , , , , 9.6384808, 0.0119173, , , , , , , , , , , , , , , , , , , , , , , , , , , , 
9.639, 0.0152743, , , , , , , 9.639, -0.0058747, , , , , , , 9.639, -0.0058747, , , , , , , 9.639, 0.0075532, , , , , , , , , , , , , , , , , , , , , , , , , , , , 
9.6395192, 0.0196384, , , , , , , 9.6395192, -0.0072175, , , , , , , 9.6395192, -0.0070497, , , , , , , 9.6395192, 0.0018463, , , , , , , , , , , , , , , , , , , , , , , , , , , , 
9.6400385, 0.0263523, , , , , , , 9.6400385, -0.0090639, , , , , , , 9.6400385, -0.0087282, , , , , , , 9.6400385, -0.0015106, , , , , , , , , , , , , , , , , , , , , , , , , , , , 
9.6405577, 0.0307164, , , , , , , 9.6405577, -0.0099031, , , , , , , 9.6405577, -0.0092317, , , , , , , 9.6405577, -0.0035248, , , , , , , , , , , , , , , , , , , , , , , , , , , , 
9.6410769, 0.0307164, , , , , , , 9.6410769, -0.0095674, , , , , , , 9.6410769, -0.0085603, , , , , , , 9.6410769, -0.0035248, , , , , , , , , , , , , , , , , , , , , , , , , , , , 
9.6415962, 0.0287022, , , , , , , 9.6415962, -0.0095674, , , , , , , 9.6415962, -0.0082246, , , , , , , 9.6415962, -0.002182, , , , , , , , , , , , , , , , , , , , , , , , , , , , 
9.6421154, 0.0270237, , , , , , , 9.6421154, -0.0102388, , , , , , , 9.6421154, -0.0068818, , , , , , , 9.6421154, 0.0005035, , , , , , , , , , , , , , , , , , , , , , , , , , , , 
9.6426346, 0.0246738, , , , , , , 9.6426346, -0.0114137, , , , , , , 9.6426346, -0.0035248, , , , , , , 9.6426346, 0.0036927, , , , , , , , , , , , , , , , , , , , , , , , , , , , 
9.6431538, 0.0172885, , , , , , , 9.6431538, -0.0095674, , , , , , , 9.6431538, -0.0030213, , , , , , , 9.6431538, 0.0050355, , , , , , , , , , , , , , , , , , , , , , , , , , , , 
9.6436731, 0.0105745, , , , , , , 9.6436731, -0.0092317, , , , , , , 9.6436731, -0.0045319, , , , , , , 9.6436731, 0.0072175, , , , , , , , , , , , , , , , , , , , , , , , , , , , 
9.6441923, 0.0082246, , , , , , , 9.6441923, -0.0112459, , , , , , , 9.6441923, -0.0045319, , , , , , , 9.6441923, 0.0112459, , , , , , , , , , , , , , , , , , , , , , , , , , , , 
9.6447115, 0.005539, , , , , , , 9.6447115, -0.011078, , , , , , , 9.6447115, -0.0045319, , , , , , , 9.6447115, 0.0172885, , , , , , , , , , , , , , , , , , , , , , , , , , , , 
9.6452308, 0.0045319, , , , , , , 9.6452308, -0.0104067, , , , , , , 9.6452308, -0.0045319, , , , , , , 9.6452308, 0.0238346, , , , , , , , , , , , , , , , , , , , , , , , , , , , 
9.64575, 0.0015106, , , , , , , 9.64575, -0.0095674, , , , , , , 9.64575, -0.0041962, , , , , , , 9.64575, 0.0317235, , , , , , , , , , , , , , , , , , , , , , , , , , , , 
9.6462692, -0.0041962, , , , , , , 9.6462692, -0.008896, , , , , , , 9.6462692, -0.005539, , , , , , , 9.6462692, 0.0360876, , , , , , , , , , , , , , , , , , , , , , , , , , , , 
9.6467885, -0.0045319, , , , , , , 9.6467885, -0.0082246, , , , , , , 9.6467885, -0.0062104, , , , , , , 9.6467885, 0.0381018, , , , , , , , , , , , , , , , , , , , , , , , , , , , 
9.6473077, -0.0102388, , , , , , , 9.6473077, -0.0075532, , , , , , , 9.6473077, -0.0058747, , , , , , , 9.6473077, 0.0387732, , , , , , , , , , , , , , , , , , , , , , , , , , , , 
9.6478269, -0.0179599, , , , , , , 9.6478269, -0.0082246, , , , , , , 9.6478269, -0.0058747, , , , , , , 9.6478269, 0.0387732, , , , , , , , , , , , , , , , , , , , , , , , , , , , 
9.6483462, -0.0198062, , , , , , , 9.6483462, -0.0095674, , , , , , , 9.6483462, -0.0043641, , , , , , , 9.6483462, 0.0374304, , , , , , , , , , , , , , , , , , , , , , , , , , , , 
9.6488654, -0.0139315, , , , , , , 9.6488654, -0.0095674, , , , , , , 9.6488654, -0.0041962, , , , , , , 9.6488654, 0.0320592, , , , , , , , , , , , , , , , , , , , , , , , , , , , 
9.6493846, -0.0052033, , , , , , , 9.6493846, -0.0087282, , , , , , , 9.6493846, -0.0018463, , , , , , , 9.6493846, 0.0270237, , , , , , , , , , , , , , , , , , , , , , , , , , , , 
9.6499038, 0.0025177, , , , , , , 9.6499038, -0.008896, , , , , , , 9.6499038, -0.0018463, , , , , , , 9.6499038, 0.0214847, , , , , , , , , , , , , , , , , , , , , , , , , , , , 
9.6504231, 0.0090639, , , , , , , 9.6504231, -0.0102388, , , , , , , 9.6504231, -0.0028534, , , , , , , 9.6504231, 0.0166171, , , , , , , , , , , , , , , , , , , , , , , , , , , , 
9.6509423, 0.0125887, , , , , , , 9.6509423, -0.0119173, , , , , , , 9.6509423, -0.005539, , , , , , , 9.6509423, 0.01561, , , , , , , , , , , , , , , , , , , , , , , , , , , , 
9.6514615, 0.0186313, , , , , , , 9.6514615, -0.0115816, , , , , , , 9.6514615, -0.0072175, , , , , , , 9.6514615, 0.0132601, , , , , , , , , , , , , , , , , , , , , , , , , , , , 
9.6519808, 0.0214847, , , , , , , 9.6519808, -0.0109102, , , , , , , 9.6519808, -0.0078889, , , , , , , 9.6519808, 0.0102388, , , , , , , , , , , , , , , , , , , , , , , , , , , , 
9.6525, 0.0219883, , , , , , , 9.6525, -0.0099031, , , , , , , 9.6525, -0.0072175, , , , , , , 9.6525, 0.0112459, , , , , , , , , , , , , , , , , , , , , , , , , , , , 
9.6530192, 0.0179599, , , , , , , 9.6530192, -0.0095674, , , , , , , 9.6530192, -0.0053712, , , , , , , 9.6530192, 0.0132601, , , , , , , , , , , , , , , , , , , , , , , , , , , , 
9.6535385, 0.014435, , , , , , , 9.6535385, -0.0090639, , , , , , , 9.6535385, -0.0035248, , , , , , , 9.6535385, 0.0124208, , , , , , , , , , , , , , , , , , , , , , , , , , , , 
9.6540577, 0.0149386, , , , , , , 9.6540577, -0.0085603, , , , , , , 9.6540577, -0.005539, , , , , , , 9.6540577, 0.0105745, , , , , , , , , , , , , , , , , , , , , , , , , , , , 
9.6545769, 0.0159457, , , , , , , 9.6545769, -0.0072175, , , , , , , 9.6545769, -0.0065461, , , , , , , 9.6545769, 0.0085603, , , , , , , , , , , , , , , , , , , , , , , , , , , , 
9.6550962, 0.0169528, , , , , , , 9.6550962, -0.0062104, , , , , , , 9.6550962, -0.0057069, , , , , , , 9.6550962, 0.0072175, , , , , , , , , , , , , , , , , , , , , , , , , , , , 
9.6556154, 0.0186313, , , , , , , 9.6556154, -0.0058747, , , , , , , 9.6556154, -0.0041962, , , , , , , 9.6556154, 0.008896, , , , , , , , , , , , , , , , , , , , , , , , , , , , 
9.6561346, 0.0219883, , , , , , , 9.6561346, -0.0075532, , , , , , , 9.6561346, -0.0045319, , , , , , , 9.6561346, 0.0105745, , , , , , , , , , , , , , , , , , , , , , , , , , , , 
9.6566538, 0.0271916, , , , , , , 9.6566538, -0.0097353, , , , , , , 9.6566538, -0.0072175, , , , , , , 9.6566538, 0.0115816, , , , , , , , , , , , , , , , , , , , , , , , , , , , 
9.6571731, 0.0317235, , , , , , , 9.6571731, -0.008896, , , , , , , 9.6571731, -0.0078889, , , , , , , 9.6571731, 0.0115816, , , , , , , , , , , , , , , , , , , , , , , , , , , , 
9.6576923, 0.0327306, , , , , , , 9.6576923, -0.0077211, , , , , , , 9.6576923, -0.0082246, , , , , , , 9.6576923, 0.0092317, , , , , , , , , , , , , , , , , , , , , , , , , , , , 
9.6582115, 0.0313878, , , , , , , 9.6582115, -0.0099031, , , , , , , 9.6582115, -0.0095674, , , , , , , 9.6582115, 0.0065461, , , , , , , , , , , , , , , , , , , , , , , , , , , , 
9.6587308, 0.0350805, , , , , , , 9.6587308, -0.012253, , , , , , , 9.6587308, -0.0119173, , , , , , , 9.6587308, 0.0030213, , , , , , , , , , , , , , , , , , , , , , , , , , , , 
9.65925, 0.0433051, , , , , , , 9.65925, -0.0104067, , , , , , , 9.65925, -0.0137636, , , , , , , 9.65925, -0.002182, , , , , , , , , , , , , , , , , , , , , , , , , , , , 
9.6597692, 0.0461585, , , , , , , 9.6597692, -0.0082246, , , , , , , 9.6597692, -0.0129244, , , , , , , 9.6597692, -0.0063783, , , , , , , , , , , , , , , , , , , , , , , , , , , , 
9.6602885, 0.0428016, , , , , , , 9.6602885, -0.0062104, , , , , , , 9.6602885, -0.0102388, , , , , , , 9.6602885, -0.0119173, , , , , , , , , , , , , , , , , , , , , , , , , , , , 
9.6608077, 0.0323949, , , , , , , 9.6608077, -0.0052033, , , , , , , 9.6608077, -0.0095674, , , , , , , 9.6608077, -0.014435, , , , , , , , , , , , , , , , , , , , , , , , , , , , 
9.6613269, 0.0263523, , , , , , , 9.6613269, -0.0063783, , , , , , , 9.6613269, -0.0095674, , , , , , , 9.6613269, -0.0125887, , , , , , , , , , , , , , , , , , , , , , , , , , , , 
9.6618462, 0.0265202, , , , , , , 9.6618462, -0.0082246, , , , , , , 9.6618462, -0.0104067, , , , , , , 9.6618462, -0.0102388, , , , , , , , , , , , , , , , , , , , , , , , , , , , 
9.6623654, 0.0253452, , , , , , , 9.6623654, -0.0085603, , , , , , , 9.6623654, -0.0114137, , , , , , , 9.6623654, -0.0062104, , , , , , , , , , , , , , , , , , , , , , , , , , , , 
9.6628846, 0.0213169, , , , , , , 9.6628846, -0.0075532, , , , , , , 9.6628846, -0.0085603, , , , , , , 9.6628846, -0.0008392, , , , , , , , , , , , , , , , , , , , , , , , , , , , 
9.6634038, 0.0182956, , , , , , , 9.6634038, -0.0063783, , , , , , , 9.6634038, -0.0046998, , , , , , , 9.6634038, 0.0025177, , , , , , , , , , , , , , , , , , , , , , , , , , , , 
9.6639231, 0.0198062, , , , , , , 9.6639231, -0.0068818, , , , , , , 9.6639231, -0.0038605, , , , , , , 9.6639231, 0.0041962, , , , , , , , , , , , , , , , , , , , , , , , , , , , 
9.6644423, 0.0186313, , , , , , , 9.6644423, -0.0068818, , , , , , , 9.6644423, -0.0062104, , , , , , , 9.6644423, 0.0072175, , , , , , , , , , , , , , , , , , , , , , , , , , , , 
9.6649615, 0.0109102, , , , , , , 9.6649615, -0.0063783, , , , , , , 9.6649615, -0.0075532, , , , , , , 9.6649615, 0.0095674, , , , , , , , , , , , , , , , , , , , , , , , , , , , 
9.6654808, 0.0045319, , , , , , , 9.6654808, -0.0050355, , , , , , , 9.6654808, -0.0065461, , , , , , , 9.6654808, 0.0146029, , , , , , , , , , , , , , , , , , , , , , , , , , , , 
9.666, 0.0015106, , , , , , , 9.666, -0.0038605, , , , , , , 9.666, -0.0058747, , , , , , , 9.666, 0.0209812, , , , , , , , , , , , , , , , , , , , , , , , , , , , 
9.6665192, -0.0041962, , , , , , , 9.6665192, -0.0041962, , , , , , , 9.6665192, -0.0068818, , , , , , , 9.6665192, 0.0273594, , , , , , , , , , , , , , , , , , , , , , , , , , , , 
9.6670385, -0.0083925, , , , , , , 9.6670385, -0.005539, , , , , , , 9.6670385, -0.0073854, , , , , , , 9.6670385, 0.033402, , , , , , , , , , , , , , , , , , , , , , , , , , , , 
9.6675577, -0.0129244, , , , , , , 9.6675577, -0.0062104, , , , , , , 9.6675577, -0.0058747, , , , , , , 9.6675577, 0.0374304, , , , , , , , , , , , , , , , , , , , , , , , , , , , 
9.6680769, -0.014435, , , , , , , 9.6680769, -0.0062104, , , , , , , 9.6680769, -0.0035248, , , , , , , 9.6680769, 0.0406195, , , , , , , , , , , , , , , , , , , , , , , , , , , , 
9.6685962, -0.012253, , , , , , , 9.6685962, -0.0063783, , , , , , , 9.6685962, -0.0048676, , , , , , , 9.6685962, 0.0381018, , , , , , , , , , , , , , , , , , , , , , , , , , , , 
9.6691154, -0.0092317, , , , , , , 9.6691154, -0.0065461, , , , , , , 9.6691154, -0.0058747, , , , , , , 9.6691154, 0.0325628, , , , , , , , , , , , , , , , , , , , , , , , , , , , 
9.6696346, -0.005539, , , , , , , 9.6696346, -0.0062104, , , , , , , 9.6696346, -0.0045319, , , , , , , 9.6696346, 0.0290379, , , , , , , , , , , , , , , , , , , , , , , , , , , , 
9.6701538, -0.0008392, , , , , , , 9.6701538, -0.005539, , , , , , , 9.6701538, -0.0048676, , , , , , , 9.6701538, 0.0263523, , , , , , , , , , , , , , , , , , , , , , , , , , , , 
9.6706731, 0.0052033, , , , , , , 9.6706731, -0.0062104, , , , , , , 9.6706731, -0.0070497, , , , , , , 9.6706731, 0.023331, , , , , , , , , , , , , , , , , , , , , , , , , , , , 
9.6711923, 0.0129244, , , , , , , 9.6711923, -0.0058747, , , , , , , 9.6711923, -0.0097353, , , , , , , 9.6711923, 0.0224918, , , , , , , , , , , , , , , , , , , , , , , , , , , , 
9.6717115, 0.0196384, , , , , , , 9.6717115, -0.0052033, , , , , , , 9.6717115, -0.0102388, , , , , , , 9.6717115, 0.0213169, , , , , , , , , , , , , , , , , , , , , , , , , , , , 
9.6722308, 0.0199741, , , , , , , 9.6722308, -0.0041962, , , , , , , 9.6722308, -0.0099031, , , , , , , 9.6722308, 0.0159457, , , , , , , , , , , , , , , , , , , , , , , , , , , , 
9.67275, 0.0176242, , , , , , , 9.67275, -0.0043641, , , , , , , 9.67275, -0.0104067, , , , , , , 9.67275, 0.0142672, , , , , , , , , , , , , , , , , , , , , , , , , , , , 
9.6732692, 0.0157778, , , , , , , 9.6732692, -0.0045319, , , , , , , 9.6732692, -0.012253, , , , , , , 9.6732692, 0.0152743, , , , , , , , , , , , , , , , , , , , , , , , , , , , 
9.6737885, 0.0142672, , , , , , , 9.6737885, -0.0048676, , , , , , , 9.6737885, -0.012253, , , , , , , 9.6737885, 0.0132601, , , , , , , , , , , , , , , , , , , , , , , , , , , , 
9.6743077, 0.0092317, , , , , , , 9.6743077, -0.0062104, , , , , , , 9.6743077, -0.0102388, , , , , , , 9.6743077, 0.0105745, , , , , , , , , , , , , , , , , , , , , , , , , , , , 
9.6748269, 0.0072175, , , , , , , 9.6748269, -0.0075532, , , , , , , 9.6748269, -0.0102388, , , , , , , 9.6748269, 0.0105745, , , , , , , , , , , , , , , , , , , , , , , , , , , , 
9.6753462, 0.0083925, , , , , , , 9.6753462, -0.0085603, , , , , , , 9.6753462, -0.010071, , , , , , , 9.6753462, 0.0104067, , , , , , , , , , , , , , , , , , , , , , , , , , , , 
9.6758654, 0.0129244, , , , , , , 9.6758654, -0.0082246, , , , , , , 9.6758654, -0.0083925, , , , , , , 9.6758654, 0.0105745, , , , , , , , , , , , , , , , , , , , , , , , , , , , 
9.6763846, 0.0149386, , , , , , , 9.6763846, -0.0078889, , , , , , , 9.6763846, -0.0082246, , , , , , , 9.6763846, 0.0115816, , , , , , , , , , , , , , , , , , , , , , , , , , , , 
9.6769038, 0.0139315, , , , , , , 9.6769038, -0.0062104, , , , , , , 9.6769038, -0.008896, , , , , , , 9.6769038, 0.0112459, , , , , , , , , , , , , , , , , , , , , , , , , , , , 
9.6774231, 0.0132601, , , , , , , 9.6774231, -0.0052033, , , , , , , 9.6774231, -0.0099031, , , , , , , 9.6774231, 0.0119173, , , , , , , , , , , , , , , , , , , , , , , , , , , , 
9.6779423, 0.0181277, , , , , , , 9.6779423, -0.0082246, , , , , , , 9.6779423, -0.0109102, , , , , , , 9.6779423, 0.0115816, , , , , , , , , , , , , , , , , , , , , , , , , , , , 
9.6784615, 0.0240024, , , , , , , 9.6784615, -0.0112459, , , , , , , 9.6784615, -0.0109102, , , , , , , 9.6784615, 0.0072175, , , , , , , , , , , , , , , , , , , , , , , , , , , , 
9.6789808, 0.0236667, , , , , , , 9.6789808, -0.0102388, , , , , , , 9.6789808, -0.0104067, , , , , , , 9.6789808, 0.0005035, , , , , , , , , , , , , , , , , , , , , , , , , , , , 
9.6795, 0.0231632, , , , , , , 9.6795, -0.0075532, , , , , , , 9.6795, -0.008896, , , , , , , 9.6795, -0.0048676, , , , , , , , , , , , , , , , , , , , , , , , , , , , 
9.6800192, 0.0271916, , , , , , , 9.6800192, -0.0072175, , , , , , , 9.6800192, -0.0095674, , , , , , , 9.6800192, -0.0068818, , , , , , , , , , , , , , , , , , , , , , , , , , , , 
9.6805385, 0.0327306, , , , , , , 9.6805385, -0.0082246, , , , , , , 9.6805385, -0.0125887, , , , , , , 9.6805385, -0.0075532, , , , , , , , , , , , , , , , , , , , , , , , , , , , 
9.6810577, 0.0345769, , , , , , , 9.6810577, -0.0095674, , , , , , , 9.6810577, -0.0140993, , , , , , , 9.6810577, -0.0095674, , , , , , , , , , , , , , , , , , , , , , , , , , , , 
9.6815769, 0.0303807, , , , , , , 9.6815769, -0.0095674, , , , , , , 9.6815769, -0.0130922, , , , , , , 9.6815769, -0.0075532, , , , , , , , , , , , , , , , , , , , , , , , , , , , 
9.6820962, 0.0213169, , , , , , , 9.6820962, -0.0095674, , , , , , , 9.6820962, -0.0132601, , , , , , , 9.6820962, -0.0028534, , , , , , , , , , , , , , , , , , , , , , , , , , , , 
9.6826154, 0.0172885, , , , , , , 9.6826154, -0.0095674, , , , , , , 9.6826154, -0.0142672, , , , , , , 9.6826154, 0.0010071, , , , , , , , , , , , , , , , , , , , , , , , , , , , 
9.6831346, 0.0172885, , , , , , , 9.6831346, -0.0105745, , , , , , , 9.6831346, -0.0129244, , , , , , , 9.6831346, 0.0068818, , , , , , , , , , , , , , , , , , , , , , , , , , , , 
9.6836538, 0.0159457, , , , , , , 9.6836538, -0.0115816, , , , , , , 9.6836538, -0.0112459, , , , , , , 9.6836538, 0.0117494, , , , , , , , , , , , , , , , , , , , , , , , , , , , 
9.6841731, 0.0159457, , , , , , , 9.6841731, -0.0119173, , , , , , , 9.6841731, -0.0102388, , , , , , , 9.6841731, 0.0139315, , , , , , , , , , , , , , , , , , , , , , , , , , , , 
9.6846923, 0.0162814, , , , , , , 9.6846923, -0.0115816, , , , , , , 9.6846923, -0.0102388, , , , , , , 9.6846923, 0.0179599, , , , , , , , , , , , , , , , , , , , , , , , , , , , 
9.6852115, 0.0124208, , , , , , , 9.6852115, -0.0115816, , , , , , , 9.6852115, -0.0105745, , , , , , , 9.6852115, 0.0248417, , , , , , , , , , , , , , , , , , , , , , , , , , , , 
9.6857308, 0.008896, , , , , , , 9.6857308, -0.0109102, , , , , , , 9.6857308, -0.0102388, , , , , , , 9.6857308, 0.0320592, , , , , , , , , , , , , , , , , , , , , , , , , , , , 
9.68625, 0.0025177, , , , , , , 9.68625, -0.0109102, , , , , , , 9.68625, -0.0078889, , , , , , , 9.68625, 0.0374304, , , , , , , , , , , , , , , , , , , , , , , , , , , , 
9.6867692, -0.0008392, , , , , , , 9.6867692, -0.0095674, , , , , , , 9.6867692, -0.0068818, , , , , , , 9.6867692, 0.0387732, , , , , , , , , , , , , , , , , , , , , , , , , , , , 
9.6872885, 0.0001678, , , , , , , 9.6872885, -0.008896, , , , , , , 9.6872885, -0.005539, , , , , , , 9.6872885, 0.0381018, , , , , , , , , , , , , , , , , , , , , , , , , , , , 
9.6878077, 0.0001678, , , , , , , 9.6878077, -0.0082246, , , , , , , 9.6878077, -0.0035248, , , , , , , 9.6878077, 0.0391089, , , , , , , , , , , , , , , , , , , , , , , , , , , , 
9.6883269, 0.0023499, , , , , , , 9.6883269, -0.0085603, , , , , , , 9.6883269, -0.0015106, , , , , , , 9.6883269, 0.0387732, , , , , , , , , , , , , , , , , , , , , , , , , , , , 
9.6888462, 0.0025177, , , , , , , 9.6888462, -0.0090639, , , , , , , 9.6888462, -0.0011749, , , , , , , 9.6888462, 0.0354162, , , , , , , , , , , , , , , , , , , , , , , , , , , , 
9.6893654, 0.002182, , , , , , , 9.6893654, -0.0090639, , , , , , , 9.6893654, -0.0011749, , , , , , , 9.6893654, 0.03122, , , , , , , , , , , , , , , , , , , , , , , , , , , , 
9.6898846, 0.0052033, , , , , , , 9.6898846, -0.008896, , , , , , , 9.6898846, -0.0008392, , , , , , , 9.6898846, 0.0280308, , , , , , , , , , , , , , , , , , , , , , , , , , , , 
9.6904038, 0.0065461, , , , , , , 9.6904038, -0.0095674, , , , , , , 9.6904038, -0.0028534, , , , , , , 9.6904038, 0.0251774, , , , , , , , , , , , , , , , , , , , , , , , , , , , 
9.6909231, 0.0062104, , , , , , , 9.6909231, -0.0092317, , , , , , , 9.6909231, -0.0048676, , , , , , , 9.6909231, 0.0253452, , , , , , , , , , , , , , , , , , , , , , , , , , , , 
9.6914423, 0.0078889, , , , , , , 9.6914423, -0.0062104, , , , , , , 9.6914423, -0.0070497, , , , , , , 9.6914423, 0.0253452, , , , , , , , , , , , , , , , , , , , , , , , , , , , 
9.6919615, 0.0112459, , , , , , , 9.6919615, -0.0062104, , , , , , , 9.6919615, -0.0082246, , , , , , , 9.6919615, 0.0204776, , , , , , , , , , , , , , , , , , , , , , , , , , , , 
9.6924808, 0.0142672, , , , , , , 9.6924808, -0.0082246, , , , , , , 9.6924808, -0.0062104, , , , , , , 9.6924808, 0.0159457, , , , , , , , , , , , , , , , , , , , , , , , , , , , 
9.693, 0.0171206, , , , , , , 9.693, -0.0072175, , , , , , , 9.693, -0.0048676, , , , , , , 9.693, 0.0162814, , , , , , , , , , , , , , , , , , , , , , , , , , , , 
9.6935192, 0.0193027, , , , , , , 9.6935192, -0.0062104, , , , , , , 9.6935192, -0.0062104, , , , , , , 9.6935192, 0.01561, , , , , , , , , , , , , , , , , , , , , , , , , , , , 
9.6940385, 0.0182956, , , , , , , 9.6940385, -0.0082246, , , , , , , 9.6940385, -0.0075532, , , , , , , 9.6940385, 0.0129244, , , , , , , , , , , , , , , , , , , , , , , , , , , , 
9.6945577, 0.0199741, , , , , , , 9.6945577, -0.0095674, , , , , , , 9.6945577, -0.0092317, , , , , , , 9.6945577, 0.0105745, , , , , , , , , , , , , , , , , , , , , , , , , , , , 
9.6950769, 0.0226596, , , , , , , 9.6950769, -0.0090639, , , , , , , 9.6950769, -0.0090639, , , , , , , 9.6950769, 0.0075532, , , , , , , , , , , , , , , , , , , , , , , , , , , , 
9.6955962, 0.0226596, , , , , , , 9.6955962, -0.0078889, , , , , , , 9.6955962, -0.0085603, , , , , , , 9.6955962, 0.0038605, , , , , , , , , , , , , , , , , , , , , , , , , , , , 
9.6961154, 0.0240024, , , , , , , 9.6961154, -0.0068818, , , , , , , 9.6961154, -0.0085603, , , , , , , 9.6961154, 0.0052033, , , , , , , , , , , , , , , , , , , , , , , , , , , , 
9.6966346, 0.0240024, , , , , , , 9.6966346, -0.0065461, , , , , , , 9.6966346, -0.0085603, , , , , , , 9.6966346, 0.0065461, , , , , , , , , , , , , , , , , , , , , , , , , , , , 
9.6971538, 0.0221561, , , , , , , 9.6971538, -0.0070497, , , , , , , 9.6971538, -0.0109102, , , , , , , 9.6971538, 0.0048676, , , , , , , , , , , , , , , , , , , , , , , , , , , , 
9.6976731, 0.0209812, , , , , , , 9.6976731, -0.0082246, , , , , , , 9.6976731, -0.0119173, , , , , , , 9.6976731, 0.0025177, , , , , , , , , , , , , , , , , , , , , , , , , , , , 
9.6981923, 0.0172885, , , , , , , 9.6981923, -0.0095674, , , , , , , 9.6981923, -0.0102388, , , , , , , 9.6981923, 0.0003357, , , , , , , , , , , , , , , , , , , , , , , , , , , , 
9.6987115, 0.0135958, , , , , , , 9.6987115, -0.0112459, , , , , , , 9.6987115, -0.0092317, , , , , , , 9.6987115, -0.0035248, , , , , , , , , , , , , , , , , , , , , , , , , , , , 
9.6992308, 0.012253, , , , , , , 9.6992308, -0.0119173, , , , , , , 9.6992308, -0.0085603, , , , , , , 9.6992308, -0.0095674, , , , , , , , , , , , , , , , , , , , , , , , , , , , 
9.69975, 0.0132601, , , , , , , 9.69975, -0.0109102, , , , , , , 9.69975, -0.0082246, , , , , , , 9.69975, -0.0109102, , , , , , , , , , , , , , , , , , , , , , , , , , , , 
9.7002692, 0.0179599, , , , , , , 9.7002692, -0.0109102, , , , , , , 9.7002692, -0.0078889, , , , , , , 9.7002692, -0.0117494, , , , , , , , , , , , , , , , , , , , , , , , , , , , 
9.7007885, 0.0256809, , , , , , , 9.7007885, -0.0109102, , , , , , , 9.7007885, -0.0090639, , , , , , , 9.7007885, -0.01561, , , , , , , , , , , , , , , , , , , , , , , , , , , , 
9.7013077, 0.0260166, , , , , , , 9.7013077, -0.0109102, , , , , , , 9.7013077, -0.0099031, , , , , , , 9.7013077, -0.0169528, , , , , , , , , , , , , , , , , , , , , , , , , , , , 
9.7018269, 0.0253452, , , , , , , 9.7018269, -0.0109102, , , , , , , 9.7018269, -0.008896, , , , , , , 9.7018269, -0.0139315, , , , , , , , , , , , , , , , , , , , , , , , , , , , 
9.7023462, 0.026688, , , , , , , 9.7023462, -0.0095674, , , , , , , 9.7023462, -0.0082246, , , , , , , 9.7023462, -0.0097353, , , , , , , , , , , , , , , , , , , , , , , , , , , , 
9.7028654, 0.0260166, , , , , , , 9.7028654, -0.0087282, , , , , , , 9.7028654, -0.0102388, , , , , , , 9.7028654, -0.0075532, , , , , , , , , , , , , , , , , , , , , , , , , , , , 
9.7033846, 0.0216526, , , , , , , 9.7033846, -0.0078889, , , , , , , 9.7033846, -0.0125887, , , , , , , 9.7033846, -0.0041962, , , , , , , , , , , , , , , , , , , , , , , , , , , , 
9.7039038, 0.01561, , , , , , , 9.7039038, -0.0082246, , , , , , , 9.7039038, -0.0124208, , , , , , , 9.7039038, 0.0006714, , , , , , , , , , , , , , , , , , , , , , , , , , , , 
9.7044231, 0.0095674, , , , , , , 9.7044231, -0.0075532, , , , , , , 9.7044231, -0.0114137, , , , , , , 9.7044231, 0.0070497, , , , , , , , , , , , , , , , , , , , , , , , , , , , 
9.7049423, 0.0038605, , , , , , , 9.7049423, -0.0068818, , , , , , , 9.7049423, -0.0102388, , , , , , , 9.7049423, 0.014435, , , , , , , , , , , , , , , , , , , , , , , , , , , , 
9.7054615, -0.0035248, , , , , , , 9.7054615, -0.0065461, , , , , , , 9.7054615, -0.0085603, , , , , , , 9.7054615, 0.0203098, , , , , , , , , , , , , , , , , , , , , , , , , , , , 
9.7059808, -0.0104067, , , , , , , 9.7059808, -0.0068818, , , , , , , 9.7059808, -0.0085603, , , , , , , 9.7059808, 0.0236667, , , , , , , , , , , , , , , , , , , , , , , , , , , , 
9.7065, -0.0172885, , , , , , , 9.7065, -0.0072175, , , , , , , 9.7065, -0.0082246, , , , , , , 9.7065, 0.0287022, , , , , , , , , , , , , , , , , , , , , , , , , , , , 
9.7070192, -0.0182956, , , , , , , 9.7070192, -0.0048676, , , , , , , 9.7070192, -0.0068818, , , , , , , 9.7070192, 0.0330663, , , , , , , , , , , , , , , , , , , , , , , , , , , , 
9.7075385, -0.018967, , , , , , , 9.7075385, -0.0018463, , , , , , , 9.7075385, -0.005539, , , , , , , 9.7075385, 0.0360876, , , , , , , , , , , , , , , , , , , , , , , , , , , , 
9.7080577, -0.0216526, , , , , , , 9.7080577, -0.0015106, , , , , , , 9.7080577, -0.0041962, , , , , , , 9.7080577, 0.0352483, , , , , , , , , , , , , , , , , , , , , , , , , , , , 
9.7085769, -0.0229953, , , , , , , 9.7085769, -0.0031891, , , , , , , 9.7085769, -0.0028534, , , , , , , 9.7085769, 0.0330663, , , , , , , , , , , , , , , , , , , , , , , , , , , , 
9.7090962, -0.0164492, , , , , , , 9.7090962, -0.0052033, , , , , , , 9.7090962, -0.0035248, , , , , , , 9.7090962, 0.0317235, , , , , , , , , , , , , , , , , , , , , , , , , , , , 
9.7096154, -0.0035248, , , , , , , 9.7096154, -0.0043641, , , , , , , 9.7096154, -0.005539, , , , , , , 9.7096154, 0.0290379, , , , , , , , , , , , , , , , , , , , , , , , , , , , 
9.7101346, 0.0092317, , , , , , , 9.7101346, -0.0015106, , , , , , , 9.7101346, -0.0065461, , , , , , , 9.7101346, 0.0231632, , , , , , , , , , , , , , , , , , , , , , , , , , , , 
9.7106538, 0.0171206, , , , , , , 9.7106538, -0.0001678, , , , , , , 9.7106538, -0.0048676, , , , , , , 9.7106538, 0.0182956, , , , , , , , , , , , , , , , , , , , , , , , , , , , 
9.7111731, 0.0213169, , , , , , , 9.7111731, -0.0015106, , , , , , , 9.7111731, -0.0045319, , , , , , , 9.7111731, 0.0146029, , , , , , , , , , , , , , , , , , , , , , , , , , , , 
9.7116923, 0.0236667, , , , , , , 9.7116923, -0.0018463, , , , , , , 9.7116923, -0.0036927, , , , , , , 9.7116923, 0.0132601, , , , , , , , , , , , , , , , , , , , , , , , , , , , 
9.7122115, 0.0261845, , , , , , , 9.7122115, -0.0025177, , , , , , , 9.7122115, -0.0058747, , , , , , , 9.7122115, 0.0124208, , , , , , , , , , , , , , , , , , , , , , , , , , , , 
9.7127308, 0.0303807, , , , , , , 9.7127308, -0.0025177, , , , , , , 9.7127308, -0.0083925, , , , , , , 9.7127308, 0.0105745, , , , , , , , , , , , , , , , , , , , , , , , , , , , 
9.71325, 0.0310521, , , , , , , 9.71325, -0.0041962, , , , , , , 9.71325, -0.0068818, , , , , , , 9.71325, 0.0115816, , , , , , , , , , , , , , , , , , , , , , , , , , , , 
9.7137692, 0.0310521, , , , , , , 9.7137692, -0.0078889, , , , , , , 9.7137692, -0.0048676, , , , , , , 9.7137692, 0.014435, , , , , , , , , , , , , , , , , , , , , , , , , , , , 
9.7142885, 0.0347448, , , , , , , 9.7142885, -0.0083925, , , , , , , 9.7142885, -0.003357, , , , , , , 9.7142885, 0.0162814, , , , , , , , , , , , , , , , , , , , , , , , , , , , 
9.7148077, 0.0307164, , , , , , , 9.7148077, -0.0082246, , , , , , , 9.7148077, -0.0048676, , , , , , , 9.7148077, 0.0166171, , , , , , , , , , , , , , , , , , , , , , , , , , , , 
9.7153269, 0.026688, , , , , , , 9.7153269, -0.0099031, , , , , , , 9.7153269, -0.005539, , , , , , , 9.7153269, 0.0162814, , , , , , , , , , , , , , , , , , , , , , , , , , , , 
9.7158462, 0.0256809, , , , , , , 9.7158462, -0.0109102, , , , , , , 9.7158462, -0.005539, , , , , , , 9.7158462, 0.0142672, , , , , , , , , , , , , , , , , , , , , , , , , , , , 
9.7163654, 0.0256809, , , , , , , 9.7163654, -0.0082246, , , , , , , 9.7163654, -0.0052033, , , , , , , 9.7163654, 0.0117494, , , , , , , , , , , , , , , , , , , , , , , , , , , , 
9.7168846, 0.0246738, , , , , , , 9.7168846, -0.0065461, , , , , , , 9.7168846, -0.0041962, , , , , , , 9.7168846, 0.0112459, , , , , , , , , , , , , , , , , , , , , , , , , , , , 
9.7174038, 0.0236667, , , , , , , 9.7174038, -0.0068818, , , , , , , 9.7174038, -0.0031891, , , , , , , 9.7174038, 0.0112459, , , , , , , , , , , , , , , , , , , , , , , , , , , , 
9.7179231, 0.0218204, , , , , , , 9.7179231, -0.0082246, , , , , , , 9.7179231, -0.0048676, , , , , , , 9.7179231, 0.0119173, , , , , , , , , , , , , , , , , , , , , , , , , , , , 
9.7184423, 0.0186313, , , , , , , 9.7184423, -0.0085603, , , , , , , 9.7184423, -0.0068818, , , , , , , 9.7184423, 0.0129244, , , , , , , , , , , , , , , , , , , , , , , , , , , , 
9.7189615, 0.0154421, , , , , , , 9.7189615, -0.0095674, , , , , , , 9.7189615, -0.0090639, , , , , , , 9.7189615, 0.0078889, , , , , , , , , , , , , , , , , , , , , , , , , , , , 
9.7194808, 0.0157778, , , , , , , 9.7194808, -0.0119173, , , , , , , 9.7194808, -0.0092317, , , , , , , 9.7194808, 0.0025177, , , , , , , , , , , , , , , , , , , , , , , , , , , , 
9.72, 0.0179599, , , , , , , 9.72, -0.0119173, , , , , , , 9.72, -0.0095674, , , , , , , 9.72, 0.0010071, , , , , , , , , , , , , , , , , , , , , , , , , , , , 
9.7205192, 0.0204776, , , , , , , 9.7205192, -0.0097353, , , , , , , 9.7205192, -0.0105745, , , , , , , 9.7205192, -0.0008392, , , , , , , , , , , , , , , , , , , , , , , , , , , , 
9.7210385, 0.0199741, , , , , , , 9.7210385, -0.0082246, , , , , , , 9.7210385, -0.0112459, , , , , , , 9.7210385, -0.0018463, , , , , , , , , , , , , , , , , , , , , , , , , , , , 
9.7215577, 0.0201419, , , , , , , 9.7215577, -0.0075532, , , , , , , 9.7215577, -0.0129244, , , , , , , 9.7215577, -0.0028534, , , , , , , , , , , , , , , , , , , , , , , , , , , , 
9.7220769, 0.0203098, , , , , , , 9.7220769, -0.0082246, , , , , , , 9.7220769, -0.0132601, , , , , , , 9.7220769, -0.0025177, , , , , , , , , , , , , , , , , , , , , , , , , , , , 
9.7225962, 0.0176242, , , , , , , 9.7225962, -0.0082246, , , , , , , 9.7225962, -0.0112459, , , , , , , 9.7225962, -0.0015106, , , , , , , , , , , , , , , , , , , , , , , , , , , , 
9.7231154, 0.0139315, , , , , , , 9.7231154, -0.008896, , , , , , , 9.7231154, -0.0095674, , , , , , , 9.7231154, 0.0018463, , , , , , , , , , , , , , , , , , , , , , , , , , , , 
9.7236346, 0.0119173, , , , , , , 9.7236346, -0.0102388, , , , , , , 9.7236346, -0.0075532, , , , , , , 9.7236346, 0.0058747, , , , , , , , , , , , , , , , , , , , , , , , , , , , 
9.7241538, 0.012253, , , , , , , 9.7241538, -0.0099031, , , , , , , 9.7241538, -0.0068818, , , , , , , 9.7241538, 0.0095674, , , , , , , , , , , , , , , , , , , , , , , , , , , , 
9.7246731, 0.0082246, , , , , , , 9.7246731, -0.008896, , , , , , , 9.7246731, -0.0068818, , , , , , , 9.7246731, 0.0119173, , , , , , , , , , , , , , , , , , , , , , , , , , , , 
9.7251923, 0.0045319, , , , , , , 9.7251923, -0.0078889, , , , , , , 9.7251923, -0.0058747, , , , , , , 9.7251923, 0.0166171, , , , , , , , , , , , , , , , , , , , , , , , , , , , 
9.7257115, 0.0041962, , , , , , , 9.7257115, -0.0083925, , , , , , , 9.7257115, -0.0035248, , , , , , , 9.7257115, 0.0234989, , , , , , , , , , , , , , , , , , , , , , , , , , , , 
9.7262308, 0.0003357, , , , , , , 9.7262308, -0.0099031, , , , , , , 9.7262308, -0.0030213, , , , , , , 9.7262308, 0.0293736, , , , , , , , , , , , , , , , , , , , , , , , , , , , 
9.72675, -0.0045319, , , , , , , 9.72675, -0.0095674, , , , , , , 9.72675, -0.0050355, , , , , , , 9.72675, 0.033402, , , , , , , , , , , , , , , , , , , , , , , , , , , , 
9.7272692, -0.0075532, , , , , , , 9.7272692, -0.0095674, , , , , , , 9.7272692, -0.0058747, , , , , , , 9.7272692, 0.0357519, , , , , , , , , , , , , , , , , , , , , , , , , , , , 
9.7277885, -0.0068818, , , , , , , 9.7277885, -0.0095674, , , , , , , 9.7277885, -0.0041962, , , , , , , 9.7277885, 0.0370947, , , , , , , , , , , , , , , , , , , , , , , , , , , , 
9.7283077, -0.0077211, , , , , , , 9.7283077, -0.0077211, , , , , , , 9.7283077, -0.0031891, , , , , , , 9.7283077, 0.0360876, , , , , , , , , , , , , , , , , , , , , , , , , , , , 
9.7288269, -0.0099031, , , , , , , 9.7288269, -0.0085603, , , , , , , 9.7288269, -0.0045319, , , , , , , 9.7288269, 0.0313878, , , , , , , , , , , , , , , , , , , , , , , , , , , , 
9.7293462, -0.0057069, , , , , , , 9.7293462, -0.0112459, , , , , , , 9.7293462, -0.0058747, , , , , , , 9.7293462, 0.0260166, , , , , , , , , , , , , , , , , , , , , , , , , , , , 
9.7298654, 0.0011749, , , , , , , 9.7298654, -0.0105745, , , , , , , 9.7298654, -0.0058747, , , , , , , 9.7298654, 0.0219883, , , , , , , , , , , , , , , , , , , , , , , , , , , , 
9.7303846, 0.0058747, , , , , , , 9.7303846, -0.0093996, , , , , , , 9.7303846, -0.0035248, , , , , , , 9.7303846, 0.0186313, , , , , , , , , , , , , , , , , , , , , , , , , , , , 
9.7309038, 0.0097353, , , , , , , 9.7309038, -0.0095674, , , , , , , 9.7309038, -0.002182, , , , , , , 9.7309038, 0.0166171, , , , , , , , , , , , , , , , , , , , , , , , , , , , 
9.7314231, 0.012253, , , , , , , 9.7314231, -0.0095674, , , , , , , 9.7314231, -0.0035248, , , , , , , 9.7314231, 0.0167849, , , , , , , , , , , , , , , , , , , , , , , , , , , , 
9.7319423, 0.0129244, , , , , , , 9.7319423, -0.0078889, , , , , , , 9.7319423, -0.0038605, , , , , , , 9.7319423, 0.01561, , , , , , , , , , , , , , , , , , , , , , , , , , , , 
9.7324615, 0.0146029, , , , , , , 9.7324615, -0.0082246, , , , , , , 9.7324615, -0.0041962, , , , , , , 9.7324615, 0.012253, , , , , , , , , , , , , , , , , , , , , , , , , , , , 
9.7329808, 0.0169528, , , , , , , 9.7329808, -0.008896, , , , , , , 9.7329808, -0.0082246, , , , , , , 9.7329808, 0.0092317, , , , , , , , , , , , , , , , , , , , , , , , , , , , 
9.7335, 0.0199741, , , , , , , 9.7335, -0.0082246, , , , , , , 9.7335, -0.0109102, , , , , , , 9.7335, 0.0092317, , , , , , , , , , , , , , , , , , , , , , , , , , , , 
9.7340192, 0.0209812, , , , , , , 9.7340192, -0.0065461, , , , , , , 9.7340192, -0.0119173, , , , , , , 9.7340192, 0.0092317, , , , , , , , , , , , , , , , , , , , , , , , , , , , 
9.7345385, 0.0209812, , , , , , , 9.7345385, -0.005539, , , , , , , 9.7345385, -0.0115816, , , , , , , 9.7345385, 0.0058747, , , , , , , , , , , , , , , , , , , , , , , , , , , , 
9.7350577, 0.0218204, , , , , , , 9.7350577, -0.0045319, , , , , , , 9.7350577, -0.0139315, , , , , , , 9.7350577, 0.0030213, , , , , , , , , , , , , , , , , , , , , , , , , , , , 
9.7355769, 0.0203098, , , , , , , 9.7355769, -0.0058747, , , , , , , 9.7355769, -0.0149386, , , , , , , 9.7355769, 0.0011749, , , , , , , , , , , , , , , , , , , , , , , , , , , , 
9.7360962, 0.0203098, , , , , , , 9.7360962, -0.0062104, , , , , , , 9.7360962, -0.0125887, , , , , , , 9.7360962, 0.0015106, , , , , , , , , , , , , , , , , , , , , , , , , , , , 
9.7366154, 0.021149, , , , , , , 9.7366154, -0.0063783, , , , , , , 9.7366154, -0.0092317, , , , , , , 9.7366154, 0.0015106, , , , , , , , , , , , , , , , , , , , , , , , , , , , 
9.7371346, 0.0213169, , , , , , , 9.7371346, -0.0065461, , , , , , , 9.7371346, -0.0092317, , , , , , , 9.7371346, 0.002182, , , , , , , , , , , , , , , , , , , , , , , , , , , , 
9.7376538, 0.021149, , , , , , , 9.7376538, -0.0052033, , , , , , , 9.7376538, -0.0109102, , , , , , , 9.7376538, 0.0025177, , , , , , , , , , , , , , , , , , , , , , , , , , , , 
9.7381731, 0.018967, , , , , , , 9.7381731, -0.0048676, , , , , , , 9.7381731, -0.012253, , , , , , , 9.7381731, 0.002182, , , , , , , , , , , , , , , , , , , , , , , , , , , , 
9.7386923, 0.0186313, , , , , , , 9.7386923, -0.0036927, , , , , , , 9.7386923, -0.0125887, , , , , , , 9.7386923, -0.0008392, , , , , , , , , , , , , , , , , , , , , , , , , , , , 
9.7392115, 0.0240024, , , , , , , 9.7392115, -0.0041962, , , , , , , 9.7392115, -0.012253, , , , , , , 9.7392115, -0.0052033, , , , , , , , , , , , , , , , , , , , , , , , , , , , 
9.7397308, 0.0297093, , , , , , , 9.7397308, -0.0038605, , , , , , , 9.7397308, -0.0125887, , , , , , , 9.7397308, -0.0063783, , , , , , , , , , , , , , , , , , , , , , , , , , , , 
9.74025, 0.0330663, , , , , , , 9.74025, -0.0038605, , , , , , , 9.74025, -0.0130922, , , , , , , 9.74025, -0.0045319, , , , , , , , , , , , , , , , , , , , , , , , , , , , 
9.7407692, 0.0330663, , , , , , , 9.7407692, -0.005539, , , , , , , 9.7407692, -0.0135958, , , , , , , 9.7407692, -0.0035248, , , , , , , , , , , , , , , , , , , , , , , , , , , , 
9.7412885, 0.036759, , , , , , , 9.7412885, -0.005539, , , , , , , 9.7412885, -0.0139315, , , , , , , 9.7412885, -0.0058747, , , , , , , , , , , , , , , , , , , , , , , , , , , , 
9.7418077, 0.036759, , , , , , , 9.7418077, -0.0058747, , , , , , , 9.7418077, -0.0132601, , , , , , , 9.7418077, -0.0065461, , , , , , , , , , , , , , , , , , , , , , , , , , , , 
9.7423269, 0.0263523, , , , , , , 9.7423269, -0.0087282, , , , , , , 9.7423269, -0.0125887, , , , , , , 9.7423269, -0.0015106, , , , , , , , , , , , , , , , , , , , , , , , , , , , 
9.7428462, 0.0157778, , , , , , , 9.7428462, -0.012253, , , , , , , 9.7428462, -0.0117494, , , , , , , 9.7428462, 0.0031891, , , , , , , , , , , , , , , , , , , , , , , , , , , , 
9.7433654, 0.0119173, , , , , , , 9.7433654, -0.0125887, , , , , , , 9.7433654, -0.0087282, , , , , , , 9.7433654, 0.0065461, , , , , , , , , , , , , , , , , , , , , , , , , , , , 
9.7438846, 0.0119173, , , , , , , 9.7438846, -0.011078, , , , , , , 9.7438846, -0.0070497, , , , , , , 9.7438846, 0.0112459, , , , , , , , , , , , , , , , , , , , , , , , , , , , 
9.7444038, 0.0097353, , , , , , , 9.7444038, -0.0095674, , , , , , , 9.7444038, -0.0070497, , , , , , , 9.7444038, 0.0146029, , , , , , , , , , , , , , , , , , , , , , , , , , , , 
9.7449231, 0.0048676, , , , , , , 9.7449231, -0.0082246, , , , , , , 9.7449231, -0.0077211, , , , , , , 9.7449231, 0.0193027, , , , , , , , , , , , , , , , , , , , , , , , , , , , 
9.7454423, 0.0030213, , , , , , , 9.7454423, -0.0075532, , , , , , , 9.7454423, -0.0082246, , , , , , , 9.7454423, 0.0248417, , , , , , , , , , , , , , , , , , , , , , , , , , , , 
9.7459615, 0.0035248, , , , , , , 9.7459615, -0.0068818, , , , , , , 9.7459615, -0.0065461, , , , , , , 9.7459615, 0.0293736, , , , , , , , , , , , , , , , , , , , , , , , , , , , 
9.7464808, 0.0011749, , , , , , , 9.7464808, -0.0068818, , , , , , , 9.7464808, -0.0045319, , , , , , , 9.7464808, 0.0310521, , , , , , , , , , , , , , , , , , , , , , , , , , , , 
9.747, -0.0018463, , , , , , , 9.747, -0.0068818, , , , , , , 9.747, -0.0015106, , , , , , , 9.747, 0.033402, , , , , , , , , , , , , , , , , , , , , , , , , , , , 
9.7475192, -0.0023499, , , , , , , 9.7475192, -0.0068818, , , , , , , 9.7475192, 0.0005035, , , , , , , 9.7475192, 0.0379339, , , , , , , , , , , , , , , , , , , , , , , , , , , , 
9.7480385, -0.0048676, , , , , , , 9.7480385, -0.0070497, , , , , , , 9.7480385, -0.002182, , , , , , , 9.7480385, 0.0391089, , , , , , , , , , , , , , , , , , , , , , , , , , , , 
9.7485577, -0.0065461, , , , , , , 9.7485577, -0.0065461, , , , , , , 9.7485577, -0.0058747, , , , , , , 9.7485577, 0.0347448, , , , , , , , , , , , , , , , , , , , , , , , , , , , 
9.7490769, -0.0031891, , , , , , , 9.7490769, -0.0050355, , , , , , , 9.7490769, -0.0052033, , , , , , , 9.7490769, 0.0307164, , , , , , , , , , , , , , , , , , , , , , , , , , , , 
9.7495962, 0.0015106, , , , , , , 9.7495962, -0.0058747, , , , , , , 9.7495962, -0.0045319, , , , , , , 9.7495962, 0.0303807, , , , , , , , , , , , , , , , , , , , , , , , , , , , 
9.7501154, 0.0058747, , , , , , , 9.7501154, -0.0070497, , , , , , , 9.7501154, -0.0045319, , , , , , , 9.7501154, 0.0273594, , , , , , , , , , , , , , , , , , , , , , , , , , , , 
9.7506346, 0.005539, , , , , , , 9.7506346, -0.0072175, , , , , , , 9.7506346, -0.0036927, , , , , , , 9.7506346, 0.0223239, , , , , , , , , , , , , , , , , , , , , , , , , , , , 
9.7511538, 0.0045319, , , , , , , 9.7511538, -0.0077211, , , , , , , 9.7511538, -0.0015106, , , , , , , 9.7511538, 0.0213169, , , , , , , , , , , , , , , , , , , , , , , , , , , , 
9.7516731, 0.0025177, , , , , , , 9.7516731, -0.0099031, , , , , , , 9.7516731, -0.0005035, , , , , , , 9.7516731, 0.0193027, , , , , , , , , , , , , , , , , , , , , , , , , , , , 
9.7521923, 0.0023499, , , , , , , 9.7521923, -0.0102388, , , , , , , 9.7521923, -0.0015106, , , , , , , 9.7521923, 0.0154421, , , , , , , , , , , , , , , , , , , , , , , , , , , , 
9.7527115, 0.0045319, , , , , , , 9.7527115, -0.0095674, , , , , , , 9.7527115, -0.0057069, , , , , , , 9.7527115, 0.0125887, , , , , , , , , , , , , , , , , , , , , , , , , , , , 
9.7532308, 0.0075532, , , , , , , 9.7532308, -0.0083925, , , , , , , 9.7532308, -0.0087282, , , , , , , 9.7532308, 0.0130922, , , , , , , , , , , , , , , , , , , , , , , , , , , , 
9.75375, 0.0105745, , , , , , , 9.75375, -0.008896, , , , , , , 9.75375, -0.0093996, , , , , , , 9.75375, 0.014435, , , , , , , , , , , , , , , , , , , , , , , , , , , , 
9.7542692, 0.0196384, , , , , , , 9.7542692, -0.008896, , , , , , , 9.7542692, -0.0102388, , , , , , , 9.7542692, 0.0152743, , , , , , , , , , , , , , , , , , , , , , , , , , , , 
9.7547885, 0.0303807, , , , , , , 9.7547885, -0.0075532, , , , , , , 9.7547885, -0.0102388, , , , , , , 9.7547885, 0.0159457, , , , , , , , , , , , , , , , , , , , , , , , , , , , 
9.7553077, 0.0352483, , , , , , , 9.7553077, -0.0058747, , , , , , , 9.7553077, -0.0082246, , , , , , , 9.7553077, 0.0146029, , , , , , , , , , , , , , , , , , , , , , , , , , , , 
9.7558269, 0.0391089, , , , , , , 9.7558269, -0.005539, , , , , , , 9.7558269, -0.0062104, , , , , , , 9.7558269, 0.0132601, , , , , , , , , , , , , , , , , , , , , , , , , , , , 
9.7563462, 0.0372625, , , , , , , 9.7563462, -0.005539, , , , , , , 9.7563462, -0.0068818, , , , , , , 9.7563462, 0.0142672, , , , , , , , , , , , , , , , , , , , , , , , , , , , 
9.7568654, 0.0250095, , , , , , , 9.7568654, -0.0072175, , , , , , , 9.7568654, -0.0075532, , , , , , , 9.7568654, 0.0151064, , , , , , , , , , , , , , , , , , , , , , , , , , , , 
9.7573846, 0.0132601, , , , , , , 9.7573846, -0.0078889, , , , , , , 9.7573846, -0.0075532, , , , , , , 9.7573846, 0.01561, , , , , , , , , , , , , , , , , , , , , , , , , , , , 
9.7579038, 0.0172885, , , , , , , 9.7579038, -0.0082246, , , , , , , 9.7579038, -0.0057069, , , , , , , 9.7579038, 0.0152743, , , , , , , , , , , , , , , , , , , , , , , , , , , , 
9.7584231, 0.0287022, , , , , , , 9.7584231, -0.0083925, , , , , , , 9.7584231, -0.0057069, , , , , , , 9.7584231, 0.0102388, , , , , , , , , , , , , , , , , , , , , , , , , , , , 
9.7589423, 0.0340734, , , , , , , 9.7589423, -0.0087282, , , , , , , 9.7589423, -0.0077211, , , , , , , 9.7589423, 0.0018463, , , , , , , , , , , , , , , , , , , , , , , , , , , , 
9.7594615, 0.0337377, , , , , , , 9.7594615, -0.0097353, , , , , , , 9.7594615, -0.0080568, , , , , , , 9.7594615, -0.0048676, , , , , , , , , , , , , , , , , , , , , , , , , , , , 
9.7599808, 0.030045, , , , , , , 9.7599808, -0.0109102, , , , , , , 9.7599808, -0.0075532, , , , , , , 9.7599808, -0.0082246, , , , , , , , , , , , , , , , , , , , , , , , , , , , 
9.7605, 0.026688, , , , , , , 9.7605, -0.0099031, , , , , , , 9.7605, -0.0090639, , , , , , , 9.7605, -0.0095674, , , , , , , , , , , , , , , , , , , , , , , , , , , , 
9.7610192, 0.0288701, , , , , , , 9.7610192, -0.0075532, , , , , , , 9.7610192, -0.0099031, , , , , , , 9.7610192, -0.0114137, , , , , , , , , , , , , , , , , , , , , , , , , , , , 
9.7615385, 0.0325628, , , , , , , 9.7615385, -0.0068818, , , , , , , 9.7615385, -0.008896, , , , , , , 9.7615385, -0.0125887, , , , , , , , , , , , , , , , , , , , , , , , , , , , 
9.7620577, 0.033402, , , , , , , 9.7620577, -0.0068818, , , , , , , 9.7620577, -0.0082246, , , , , , , 9.7620577, -0.0115816, , , , , , , , , , , , , , , , , , , , , , , , , , , , 
9.7625769, 0.0317235, , , , , , , 9.7625769, -0.0075532, , , , , , , 9.7625769, -0.0092317, , , , , , , 9.7625769, -0.008896, , , , , , , , , , , , , , , , , , , , , , , , , , , , 
9.7630962, 0.0276951, , , , , , , 9.7630962, -0.0075532, , , , , , , 9.7630962, -0.0112459, , , , , , , 9.7630962, -0.0038605, , , , , , , , , , , , , , , , , , , , , , , , , , , , 
9.7636154, 0.0203098, , , , , , , 9.7636154, -0.0068818, , , , , , , 9.7636154, -0.0102388, , , , , , , 9.7636154, -0.0005035, , , , , , , , , , , , , , , , , , , , , , , , , , , , 
9.7641346, 0.0099031, , , , , , , 9.7641346, -0.0068818, , , , , , , 9.7641346, -0.0095674, , , , , , , 9.7641346, 0.002182, , , , , , , , , , , , , , , , , , , , , , , , , , , , 
9.7646538, 0.0015106, , , , , , , 9.7646538, -0.0083925, , , , , , , 9.7646538, -0.0102388, , , , , , , 9.7646538, 0.0075532, , , , , , , , , , , , , , , , , , , , , , , , , , , , 
9.7651731, -0.0041962, , , , , , , 9.7651731, -0.0105745, , , , , , , 9.7651731, -0.0105745, , , , , , , 9.7651731, 0.0149386, , , , , , , , , , , , , , , , , , , , , , , , , , , , 
9.7656923, -0.0095674, , , , , , , 9.7656923, -0.0104067, , , , , , , 9.7656923, -0.0095674, , , , , , , 9.7656923, 0.0186313, , , , , , , , , , , , , , , , , , , , , , , , , , , , 
9.7662115, -0.0115816, , , , , , , 9.7662115, -0.008896, , , , , , , 9.7662115, -0.0062104, , , , , , , 9.7662115, 0.0213169, , , , , , , , , , , , , , , , , , , , , , , , , , , , 
9.7667308, -0.0109102, , , , , , , 9.7667308, -0.0097353, , , , , , , 9.7667308, -0.0028534, , , , , , , 9.7667308, 0.0250095, , , , , , , , , , , , , , , , , , , , , , , , , , , , 
9.76725, -0.011078, , , , , , , 9.76725, -0.0109102, , , , , , , 9.76725, -0.0028534, , , , , , , 9.76725, 0.0273594, , , , , , , , , , , , , , , , , , , , , , , , , , , , 
9.7677692, -0.0115816, , , , , , , 9.7677692, -0.0095674, , , , , , , 9.7677692, -0.0035248, , , , , , , 9.7677692, 0.0307164, , , , , , , , , , , , , , , , , , , , , , , , , , , , 
9.7682885, -0.0095674, , , , , , , 9.7682885, -0.0085603, , , , , , , 9.7682885, -0.0041962, , , , , , , 9.7682885, 0.0320592, , , , , , , , , , , , , , , , , , , , , , , , , , , , 
9.7688077, -0.0075532, , , , , , , 9.7688077, -0.0095674, , , , , , , 9.7688077, -0.0048676, , , , , , , 9.7688077, 0.0283665, , , , , , , , , , , , , , , , , , , , , , , , , , , , 
9.7693269, -0.0072175, , , , , , , 9.7693269, -0.0102388, , , , , , , 9.7693269, -0.0045319, , , , , , , 9.7693269, 0.0260166, , , , , , , , , , , , , , , , , , , , , , , , , , , , 
9.7698462, -0.0045319, , , , , , , 9.7698462, -0.0102388, , , , , , , 9.7698462, -0.0035248, , , , , , , 9.7698462, 0.0240024, , , , , , , , , , , , , , , , , , , , , , , , , , , , 
9.7703654, 0.0041962, , , , , , , 9.7703654, -0.0092317, , , , , , , 9.7703654, -0.002182, , , , , , , 9.7703654, 0.0203098, , , , , , , , , , , , , , , , , , , , , , , , , , , , 
9.7708846, 0.0115816, , , , , , , 9.7708846, -0.0068818, , , , , , , 9.7708846, -0.0015106, , , , , , , 9.7708846, 0.018967, , , , , , , , , , , , , , , , , , , , , , , , , , , , 
9.7714038, 0.0149386, , , , , , , 9.7714038, -0.0057069, , , , , , , 9.7714038, -0.0028534, , , , , , , 9.7714038, 0.0186313, , , , , , , , , , , , , , , , , , , , , , , , , , , , 
9.7719231, 0.0179599, , , , , , , 9.7719231, -0.005539, , , , , , , 9.7719231, -0.0045319, , , , , , , 9.7719231, 0.0182956, , , , , , , , , , , , , , , , , , , , , , , , , , , , 
9.7724423, 0.0193027, , , , , , , 9.7724423, -0.0063783, , , , , , , 9.7724423, -0.0058747, , , , , , , 9.7724423, 0.0184634, , , , , , , , , , , , , , , , , , , , , , , , , , , , 
9.7729615, 0.0159457, , , , , , , 9.7729615, -0.0077211, , , , , , , 9.7729615, -0.0068818, , , , , , , 9.7729615, 0.0169528, , , , , , , , , , , , , , , , , , , , , , , , , , , , 
9.7734808, 0.0164492, , , , , , , 9.7734808, -0.0095674, , , , , , , 9.7734808, -0.005539, , , , , , , 9.7734808, 0.0125887, , , , , , , , , , , , , , , , , , , , , , , , , , , , 
9.774, 0.0213169, , , , , , , 9.774, -0.008896, , , , , , , 9.774, -0.005539, , , , , , , 9.774, 0.0075532, , , , , , , , , , , , , , , , , , , , , , , , , , , , 
9.7745192, 0.0219883, , , , , , , 9.7745192, -0.0072175, , , , , , , 9.7745192, -0.0092317, , , , , , , 9.7745192, 0.0041962, , , , , , , , , , , , , , , , , , , , , , , , , , , , 
9.7750385, 0.0226596, , , , , , , 9.7750385, -0.005539, , , , , , , 9.7750385, -0.0115816, , , , , , , 9.7750385, 0.0041962, , , , , , , , , , , , , , , , , , , , , , , , , , , , 
9.7755577, 0.0243381, , , , , , , 9.7755577, -0.0038605, , , , , , , 9.7755577, -0.0102388, , , , , , , 9.7755577, 0.0065461, , , , , , , , , , , , , , , , , , , , , , , , , , , , 
9.7760769, 0.0213169, , , , , , , 9.7760769, -0.0045319, , , , , , , 9.7760769, -0.0075532, , , , , , , 9.7760769, 0.0072175, , , , , , , , , , , , , , , , , , , , , , , , , , , , 
9.7765962, 0.0206455, , , , , , , 9.7765962, -0.005539, , , , , , , 9.7765962, -0.0075532, , , , , , , 9.7765962, 0.0065461, , , , , , , , , , , , , , , , , , , , , , , , , , , , 
9.7771154, 0.0216526, , , , , , , 9.7771154, -0.0043641, , , , , , , 9.7771154, -0.0085603, , , , , , , 9.7771154, 0.0062104, , , , , , , , , , , , , , , , , , , , , , , , , , , , 
9.7776346, 0.0226596, , , , , , , 9.7776346, -0.0057069, , , , , , , 9.7776346, -0.0070497, , , , , , , 9.7776346, 0.0078889, , , , , , , , , , , , , , , , , , , , , , , , , , , , 
9.7781538, 0.023331, , , , , , , 9.7781538, -0.0072175, , , , , , , 9.7781538, -0.005539, , , , , , , 9.7781538, 0.0085603, , , , , , , , , , , , , , , , , , , , , , , , , , , , 
9.7786731, 0.0226596, , , , , , , 9.7786731, -0.0062104, , , , , , , 9.7786731, -0.0060426, , , , , , , 9.7786731, 0.0031891, , , , , , , , , , , , , , , , , , , , , , , , , , , , 
9.7791923, 0.0246738, , , , , , , 9.7791923, -0.005539, , , , , , , 9.7791923, -0.0072175, , , , , , , 9.7791923, -0.005539, , , , , , , , , , , , , , , , , , , , , , , , , , , , 
9.7797115, 0.0231632, , , , , , , 9.7797115, -0.0062104, , , , , , , 9.7797115, -0.008896, , , , , , , 9.7797115, -0.0095674, , , , , , , , , , , , , , , , , , , , , , , , , , , , 
9.7802308, 0.0199741, , , , , , , 9.7802308, -0.0068818, , , , , , , 9.7802308, -0.0115816, , , , , , , 9.7802308, -0.0095674, , , , , , , , , , , , , , , , , , , , , , , , , , , , 
9.78075, 0.0213169, , , , , , , 9.78075, -0.0063783, , , , , , , 9.78075, -0.012253, , , , , , , 9.78075, -0.0082246, , , , , , , , , , , , , , , , , , , , , , , , , , , , 
9.7812692, 0.024506, , , , , , , 9.7812692, -0.0068818, , , , , , , 9.7812692, -0.0119173, , , , , , , 9.7812692, -0.0068818, , , , , , , , , , , , , , , , , , , , , , , , , , , , 
9.7817885, 0.0280308, , , , , , , 9.7817885, -0.008896, , , , , , , 9.7817885, -0.012253, , , , , , , 9.7817885, -0.0072175, , , , , , , , , , , , , , , , , , , , , , , , , , , , 
9.7823077, 0.0246738, , , , , , , 9.7823077, -0.0095674, , , , , , , 9.7823077, -0.0124208, , , , , , , 9.7823077, -0.0068818, , , , , , , , , , , , , , , , , , , , , , , , , , , , 
9.7828269, 0.0186313, , , , , , , 9.7828269, -0.0099031, , , , , , , 9.7828269, -0.0105745, , , , , , , 9.7828269, -0.0028534, , , , , , , , , , , , , , , , , , , , , , , , , , , , 
9.7833462, 0.0166171, , , , , , , 9.7833462, -0.0085603, , , , , , , 9.7833462, -0.0085603, , , , , , , 9.7833462, 0.0048676, , , , , , , , , , , , , , , , , , , , , , , , , , , , 
9.7838654, 0.0152743, , , , , , , 9.7838654, -0.0075532, , , , , , , 9.7838654, -0.0092317, , , , , , , 9.7838654, 0.0105745, , , , , , , , , , , , , , , , , , , , , , , , , , , , 
9.7843846, 0.0115816, , , , , , , 9.7843846, -0.0102388, , , , , , , 9.7843846, -0.0109102, , , , , , , 9.7843846, 0.0149386, , , , , , , , , , , , , , , , , , , , , , , , , , , , 
9.7849038, 0.0095674, , , , , , , 9.7849038, -0.0109102, , , , , , , 9.7849038, -0.0124208, , , , , , , 9.7849038, 0.0213169, , , , , , , , , , , , , , , , , , , , , , , , , , , , 
9.7854231, 0.0052033, , , , , , , 9.7854231, -0.0105745, , , , , , , 9.7854231, -0.0105745, , , , , , , 9.7854231, 0.0297093, , , , , , , , , , , , , , , , , , , , , , , , , , , , 
9.7859423, -0.0010071, , , , , , , 9.7859423, -0.0112459, , , , , , , 9.7859423, -0.008896, , , , , , , 9.7859423, 0.0360876, , , , , , , , , , , , , , , , , , , , , , , , , , , , 
9.7864615, -0.0050355, , , , , , , 9.7864615, -0.011078, , , , , , , 9.7864615, -0.0075532, , , , , , , 9.7864615, 0.0394446, , , , , , , , , , , , , , , , , , , , , , , , , , , , 
9.7869808, -0.0068818, , , , , , , 9.7869808, -0.0090639, , , , , , , 9.7869808, -0.0065461, , , , , , , 9.7869808, 0.040116, , , , , , , , , , , , , , , , , , , , , , , , , , , , 
9.7875, -0.0052033, , , , , , , 9.7875, -0.0057069, , , , , , , 9.7875, -0.0068818, , , , , , , 9.7875, 0.040116, , , , , , , , , , , , , , , , , , , , , , , , , , , , 
9.7880192, -0.0038605, , , , , , , 9.7880192, -0.0031891, , , , , , , 9.7880192, -0.0065461, , , , , , , 9.7880192, 0.0431373, , , , , , , , , , , , , , , , , , , , , , , , , , , , 
9.7885385, -0.0018463, , , , , , , 9.7885385, -0.0050355, , , , , , , 9.7885385, -0.0058747, , , , , , , 9.7885385, 0.0441444, , , , , , , , , , , , , , , , , , , , , , , , , , , , 
9.7890577, 0.0018463, , , , , , , 9.7890577, -0.0078889, , , , , , , 9.7890577, -0.0062104, , , , , , , 9.7890577, 0.0384375, , , , , , , , , , , , , , , , , , , , , , , , , , , , 
9.7895769, 0.008896, , , , , , , 9.7895769, -0.0078889, , , , , , , 9.7895769, -0.0078889, , , , , , , 9.7895769, 0.0298772, , , , , , , , , , , , , , , , , , , , , , , , , , , , 
9.7900962, 0.0125887, , , , , , , 9.7900962, -0.0075532, , , , , , , 9.7900962, -0.0102388, , , , , , , 9.7900962, 0.023331, , , , , , , , , , , , , , , , , , , , , , , , , , , , 
9.7906154, 0.0119173, , , , , , , 9.7906154, -0.0068818, , , , , , , 9.7906154, -0.0109102, , , , , , , 9.7906154, 0.0209812, , , , , , , , , , , , , , , , , , , , , , , , , , , , 
9.7911346, 0.0105745, , , , , , , 9.7911346, -0.0072175, , , , , , , 9.7911346, -0.0109102, , , , , , , 9.7911346, 0.0199741, , , , , , , , , , , , , , , , , , , , , , , , , , , , 
9.7916538, 0.0085603, , , , , , , 9.7916538, -0.0068818, , , , , , , 9.7916538, -0.0105745, , , , , , , 9.7916538, 0.018967, , , , , , , , , , , , , , , , , , , , , , , , , , , , 
9.7921731, 0.0109102, , , , , , , 9.7921731, -0.0065461, , , , , , , 9.7921731, -0.0107424, , , , , , , 9.7921731, 0.0164492, , , , , , , , , , , , , , , , , , , , , , , , , , , , 
9.7926923, 0.0132601, , , , , , , 9.7926923, -0.0075532, , , , , , , 9.7926923, -0.0099031, , , , , , , 9.7926923, 0.0146029, , , , , , , , , , , , , , , , , , , , , , , , , , , , 
9.7932115, 0.0132601, , , , , , , 9.7932115, -0.008896, , , , , , , 9.7932115, -0.0109102, , , , , , , 9.7932115, 0.0146029, , , , , , , , , , , , , , , , , , , , , , , , , , , , 
9.7937308, 0.0104067, , , , , , , 9.7937308, -0.0087282, , , , , , , 9.7937308, -0.0109102, , , , , , , 9.7937308, 0.0139315, , , , , , , , , , , , , , , , , , , , , , , , , , , , 
9.79425, 0.0072175, , , , , , , 9.79425, -0.0087282, , , , , , , 9.79425, -0.0105745, , , , , , , 9.79425, 0.0146029, , , , , , , , , , , , , , , , , , , , , , , , , , , , 
9.7947692, 0.0062104, , , , , , , 9.7947692, -0.0092317, , , , , , , 9.7947692, -0.0102388, , , , , , , 9.7947692, 0.0166171, , , , , , , , , , , , , , , , , , , , , , , , , , , , 
9.7952885, 0.0109102, , , , , , , 9.7952885, -0.0104067, , , , , , , 9.7952885, -0.0095674, , , , , , , 9.7952885, 0.0146029, , , , , , , , , , , , , , , , , , , , , , , , , , , , 
9.7958077, 0.0102388, , , , , , , 9.7958077, -0.0112459, , , , , , , 9.7958077, -0.0105745, , , , , , , 9.7958077, 0.0142672, , , , , , , , , , , , , , , , , , , , , , , , , , , , 
9.7963269, 0.0070497, , , , , , , 9.7963269, -0.0129244, , , , , , , 9.7963269, -0.0112459, , , , , , , 9.7963269, 0.0142672, , , , , , , , , , , , , , , , , , , , , , , , , , , , 
9.7968462, 0.0075532, , , , , , , 9.7968462, -0.0135958, , , , , , , 9.7968462, -0.0109102, , , , , , , 9.7968462, 0.0130922, , , , , , , , , , , , , , , , , , , , , , , , , , , , 
9.7973654, 0.011078, , , , , , , 9.7973654, -0.0112459, , , , , , , 9.7973654, -0.0095674, , , , , , , 9.7973654, 0.0092317, , , , , , , , , , , , , , , , , , , , , , , , , , , , 
9.7978846, 0.0132601, , , , , , , 9.7978846, -0.008896, , , , , , , 9.7978846, -0.0082246, , , , , , , 9.7978846, 0.0038605, , , , , , , , , , , , , , , , , , , , , , , , , , , , 
9.7984038, 0.0125887, , , , , , , 9.7984038, -0.008896, , , , , , , 9.7984038, -0.0082246, , , , , , , 9.7984038, -0.003357, , , , , , , , , , , , , , , , , , , , , , , , , , , , 
9.7989231, 0.0135958, , , , , , , 9.7989231, -0.0082246, , , , , , , 9.7989231, -0.0082246, , , , , , , 9.7989231, -0.0075532, , , , , , , , , , , , , , , , , , , , , , , , , , , , 
9.7994423, 0.0172885, , , , , , , 9.7994423, -0.0082246, , , , , , , 9.7994423, -0.0099031, , , , , , , 9.7994423, -0.0115816, , , , , , , , , , , , , , , , , , , , , , , , , , , , 
9.7999615, 0.0206455, , , , , , , 9.7999615, -0.0087282, , , , , , , 9.7999615, -0.0119173, , , , , , , 9.7999615, -0.0130922, , , , , , , , , , , , , , , , , , , , , , , , , , , , 
9.8004808, 0.0219883, , , , , , , 9.8004808, -0.0083925, , , , , , , 9.8004808, -0.0117494, , , , , , , 9.8004808, -0.012253, , , , , , , , , , , , , , , , , , , , , , , , , , , , 
9.801, 0.0206455, , , , , , , 9.801, -0.008896, , , , , , , 9.801, -0.0119173, , , , , , , 9.801, -0.0112459, , , , , , , , , , , , , , , , , , , , , , , , , , , , 
9.8015192, 0.0199741, , , , , , , 9.8015192, -0.0109102, , , , , , , 9.8015192, -0.0112459, , , , , , , 9.8015192, -0.008896, , , , , , , , , , , , , , , , , , , , , , , , , , , , 
9.8020385, 0.0213169, , , , , , , 9.8020385, -0.0109102, , , , , , , 9.8020385, -0.008896, , , , , , , 9.8020385, -0.0057069, , , , , , , , , , , , , , , , , , , , , , , , , , , , 
9.8025577, 0.0196384, , , , , , , 9.8025577, -0.0102388, , , , , , , 9.8025577, -0.0077211, , , , , , , 9.8025577, -0.0028534, , , , , , , , , , , , , , , , , , , , , , , , , , , , 
9.8030769, 0.0146029, , , , , , , 9.8030769, -0.0095674, , , , , , , 9.8030769, -0.0077211, , , , , , , 9.8030769, 0.0005035, , , , , , , , , , , , , , , , , , , , , , , , , , , , 
9.8035962, 0.0075532, , , , , , , 9.8035962, -0.0085603, , , , , , , 9.8035962, -0.0075532, , , , , , , 9.8035962, 0.0057069, , , , , , , , , , , , , , , , , , , , , , , , , , , , 
9.8041154, 0.0011749, , , , , , , 9.8041154, -0.0078889, , , , , , , 9.8041154, -0.0068818, , , , , , , 9.8041154, 0.012253, , , , , , , , , , , , , , , , , , , , , , , , , , , , 
9.8046346, 0.0001678, , , , , , , 9.8046346, -0.0072175, , , , , , , 9.8046346, -0.0062104, , , , , , , 9.8046346, 0.0176242, , , , , , , , , , , , , , , , , , , , , , , , , , , , 
9.8051538, 0.0036927, , , , , , , 9.8051538, -0.0082246, , , , , , , 9.8051538, -0.005539, , , , , , , 9.8051538, 0.0240024, , , , , , , , , , , , , , , , , , , , , , , , , , , , 
9.8056731, -0.0001678, , , , , , , 9.8056731, -0.0070497, , , , , , , 9.8056731, -0.0035248, , , , , , , 9.8056731, 0.0298772, , , , , , , , , , , , , , , , , , , , , , , , , , , , 
9.8061923, -0.0048676, , , , , , , 9.8061923, -0.0058747, , , , , , , 9.8061923, -0.0028534, , , , , , , 9.8061923, 0.03122, , , , , , , , , , , , , , , , , , , , , , , , , , , , 
9.8067115, -0.0072175, , , , , , , 9.8067115, -0.0078889, , , , , , , 9.8067115, -0.0028534, , , , , , , 9.8067115, 0.0307164, , , , , , , , , , , , , , , , , , , , , , , , , , , , 
9.8072308, -0.0070497, , , , , , , 9.8072308, -0.008896, , , , , , , 9.8072308, -0.002182, , , , , , , 9.8072308, 0.0320592, , , , , , , , , , , , , , , , , , , , , , , , , , , , 
9.80775, -0.0062104, , , , , , , 9.80775, -0.0090639, , , , , , , 9.80775, -0.0036927, , , , , , , 9.80775, 0.0345769, , , , , , , , , , , , , , , , , , , , , , , , , , , , 
9.8082692, -0.0008392, , , , , , , 9.8082692, -0.0082246, , , , , , , 9.8082692, -0.0018463, , , , , , , 9.8082692, 0.0339055, , , , , , , , , , , , , , , , , , , , , , , , , , , , 
9.8087885, 0.0083925, , , , , , , 9.8087885, -0.0078889, , , , , , , 9.8087885, -0.0001678, , , , , , , 9.8087885, 0.0287022, , , , , , , , , , , , , , , , , , , , , , , , , , , , 
9.8093077, 0.0129244, , , , , , , 9.8093077, -0.0075532, , , , , , , 9.8093077, -0.0018463, , , , , , , 9.8093077, 0.0219883, , , , , , , , , , , , , , , , , , , , , , , , , , , , 
9.8098269, 0.0186313, , , , , , , 9.8098269, -0.0078889, , , , , , , 9.8098269, -0.0058747, , , , , , , 9.8098269, 0.0182956, , , , , , , , , , , , , , , , , , , , , , , , , , , , 
9.8103462, 0.0243381, , , , , , , 9.8103462, -0.0105745, , , , , , , 9.8103462, -0.0085603, , , , , , , 9.8103462, 0.0149386, , , , , , , , , , , , , , , , , , , , , , , , , , , , 
9.8108654, 0.0240024, , , , , , , 9.8108654, -0.0095674, , , , , , , 9.8108654, -0.0075532, , , , , , , 9.8108654, 0.0112459, , , , , , , , , , , , , , , , , , , , , , , , , , , , 
9.8113846, 0.023331, , , , , , , 9.8113846, -0.0075532, , , , , , , 9.8113846, -0.0065461, , , , , , , 9.8113846, 0.0085603, , , , , , , , , , , , , , , , , , , , , , , , , , , , 
9.8119038, 0.0280308, , , , , , , 9.8119038, -0.0058747, , , , , , , 9.8119038, -0.0062104, , , , , , , 9.8119038, 0.0075532, , , , , , , , , , , , , , , , , , , , , , , , , , , , 
9.8124231, 0.0352483, , , , , , , 9.8124231, -0.0058747, , , , , , , 9.8124231, -0.0072175, , , , , , , 9.8124231, 0.0072175, , , , , , , , , , , , , , , , , , , , , , , , , , , , 
9.8129423, 0.0347448, , , , , , , 9.8129423, -0.0062104, , , , , , , 9.8129423, -0.0072175, , , , , , , 9.8129423, 0.0065461, , , , , , , , , , , , , , , , , , , , , , , , , , , , 
9.8134615, 0.0283665, , , , , , , 9.8134615, -0.0058747, , , , , , , 9.8134615, -0.0063783, , , , , , , 9.8134615, 0.0065461, , , , , , , , , , , , , , , , , , , , , , , , , , , , 
9.8139808, 0.0263523, , , , , , , 9.8139808, -0.005539, , , , , , , 9.8139808, -0.0035248, , , , , , , 9.8139808, 0.0082246, , , , , , , , , , , , , , , , , , , , , , , , , , , , 
9.8145, 0.0307164, , , , , , , 9.8145, -0.005539, , , , , , , 9.8145, -0.0043641, , , , , , , 9.8145, 0.0102388, , , , , , , , , , , , , , , , , , , , , , , , , , , , 
9.8150192, 0.0317235, , , , , , , 9.8150192, -0.0041962, , , , , , , 9.8150192, -0.0082246, , , , , , , 9.8150192, 0.0112459, , , , , , , , , , , , , , , , , , , , , , , , , , , , 
9.8155385, 0.0287022, , , , , , , 9.8155385, -0.0035248, , , , , , , 9.8155385, -0.0099031, , , , , , , 9.8155385, 0.012253, , , , , , , , , , , , , , , , , , , , , , , , , , , , 
9.8160577, 0.0270237, , , , , , , 9.8160577, -0.0036927, , , , , , , 9.8160577, -0.0105745, , , , , , , 9.8160577, 0.0119173, , , , , , , , , , , , , , , , , , , , , , , , , , , , 
9.8165769, 0.026688, , , , , , , 9.8165769, -0.0041962, , , , , , , 9.8165769, -0.008896, , , , , , , 9.8165769, 0.0104067, , , , , , , , , , , , , , , , , , , , , , , , , , , , 
9.8170962, 0.0246738, , , , , , , 9.8170962, -0.0058747, , , , , , , 9.8170962, -0.0078889, , , , , , , 9.8170962, 0.0099031, , , , , , , , , , , , , , , , , , , , , , , , , , , , 
9.8176154, 0.0243381, , , , , , , 9.8176154, -0.008896, , , , , , , 9.8176154, -0.0092317, , , , , , , 9.8176154, 0.0092317, , , , , , , , , , , , , , , , , , , , , , , , , , , , 
9.8181346, 0.026688, , , , , , , 9.8181346, -0.0085603, , , , , , , 9.8181346, -0.010071, , , , , , , 9.8181346, 0.0082246, , , , , , , , , , , , , , , , , , , , , , , , , , , , 
9.8186538, 0.0273594, , , , , , , 9.8186538, -0.0085603, , , , , , , 9.8186538, -0.008896, , , , , , , 9.8186538, 0.0048676, , , , , , , , , , , , , , , , , , , , , , , , , , , , 
9.8191731, 0.0273594, , , , , , , 9.8191731, -0.0085603, , , , , , , 9.8191731, -0.0082246, , , , , , , 9.8191731, 0.0008392, , , , , , , , , , , , , , , , , , , , , , , , , , , , 
9.8196923, 0.0283665, , , , , , , 9.8196923, -0.0075532, , , , , , , 9.8196923, -0.0109102, , , , , , , 9.8196923, -0.0018463, , , , , , , , , , , , , , , , , , , , , , , , , , , , 
9.8202115, 0.0313878, , , , , , , 9.8202115, -0.0052033, , , , , , , 9.8202115, -0.012253, , , , , , , 9.8202115, -0.0025177, , , , , , , , , , , , , , , , , , , , , , , , , , , , 
9.8207308, 0.0327306, , , , , , , 9.8207308, -0.0041962, , , , , , , 9.8207308, -0.011078, , , , , , , 9.8207308, -0.0041962, , , , , , , , , , , , , , , , , , , , , , , , , , , , 
9.82125, 0.027863, , , , , , , 9.82125, -0.0045319, , , , , , , 9.82125, -0.0082246, , , , , , , 9.82125, -0.0043641, , , , , , , , , , , , , , , , , , , , , , , , , , , , 
9.8217692, 0.023331, , , , , , , 9.8217692, -0.0052033, , , , , , , 9.8217692, -0.0068818, , , , , , , 9.8217692, -0.0038605, , , , , , , , , , , , , , , , , , , , , , , , , , , , 
9.8222885, 0.0253452, , , , , , , 9.8222885, -0.0058747, , , , , , , 9.8222885, -0.0065461, , , , , , , 9.8222885, -0.0018463, , , , , , , , , , , , , , , , , , , , , , , , , , , , 
9.8228077, 0.0219883, , , , , , , 9.8228077, -0.0052033, , , , , , , 9.8228077, -0.0082246, , , , , , , 9.8228077, 0.0011749, , , , , , , , , , , , , , , , , , , , , , , , , , , , 
9.8233269, 0.0135958, , , , , , , 9.8233269, -0.0030213, , , , , , , 9.8233269, -0.0082246, , , , , , , 9.8233269, 0.0062104, , , , , , , , , , , , , , , , , , , , , , , , , , , , 
9.8238462, 0.0092317, , , , , , , 9.8238462, -0.0041962, , , , , , , 9.8238462, -0.0072175, , , , , , , 9.8238462, 0.0119173, , , , , , , , , , , , , , , , , , , , , , , , , , , , 
9.8243654, 0.0062104, , , , , , , 9.8243654, -0.0068818, , , , , , , 9.8243654, -0.0065461, , , , , , , 9.8243654, 0.0179599, , , , , , , , , , , , , , , , , , , , , , , , , , , , 
9.8248846, 0.0005035, , , , , , , 9.8248846, -0.0082246, , , , , , , 9.8248846, -0.0052033, , , , , , , 9.8248846, 0.0231632, , , , , , , , , , , , , , , , , , , , , , , , , , , , 
9.8254038, -0.003357, , , , , , , 9.8254038, -0.0085603, , , , , , , 9.8254038, -0.0058747, , , , , , , 9.8254038, 0.0253452, , , , , , , , , , , , , , , , , , , , , , , , , , , , 
9.8259231, -0.0048676, , , , , , , 9.8259231, -0.0085603, , , , , , , 9.8259231, -0.0065461, , , , , , , 9.8259231, 0.030045, , , , , , , , , , , , , , , , , , , , , , , , , , , , 
9.8264423, -0.0041962, , , , , , , 9.8264423, -0.0082246, , , , , , , 9.8264423, -0.0048676, , , , , , , 9.8264423, 0.0360876, , , , , , , , , , , , , , , , , , , , , , , , , , , , 
9.8269615, -0.0035248, , , , , , , 9.8269615, -0.0077211, , , , , , , 9.8269615, -0.0035248, , , , , , , 9.8269615, 0.0399481, , , , , , , , , , , , , , , , , , , , , , , , , , , , 
9.8274808, -0.0075532, , , , , , , 9.8274808, -0.0085603, , , , , , , 9.8274808, -0.0043641, , , , , , , 9.8274808, 0.0387732, , , , , , , , , , , , , , , , , , , , , , , , , , , , 
9.828, -0.0119173, , , , , , , 9.828, -0.0105745, , , , , , , 9.828, -0.0036927, , , , , , , 9.828, 0.0352483, , , , , , , , , , , , , , , , , , , , , , , , , , , , 
9.8285192, -0.0075532, , , , , , , 9.8285192, -0.0095674, , , , , , , 9.8285192, -0.0025177, , , , , , , 9.8285192, 0.0325628, , , , , , , , , , , , , , , , , , , , , , , , , , , , 
9.8290385, -0.0008392, , , , , , , 9.8290385, -0.0090639, , , , , , , 9.8290385, -0.0015106, , , , , , , 9.8290385, 0.030045, , , , , , , , , , , , , , , , , , , , , , , , , , , , 
9.8295577, 0.0015106, , , , , , , 9.8295577, -0.0099031, , , , , , , 9.8295577, -0.0041962, , , , , , , 9.8295577, 0.0290379, , , , , , , , , , , , , , , , , , , , , , , , , , , , 
9.8300769, 0.0011749, , , , , , , 9.8300769, -0.0109102, , , , , , , 9.8300769, -0.0072175, , , , , , , 9.8300769, 0.0263523, , , , , , , , , , , , , , , , , , , , , , , , , , , , 
9.8305962, 0.0045319, , , , , , , 9.8305962, -0.0104067, , , , , , , 9.8305962, -0.0082246, , , , , , , 9.8305962, 0.0236667, , , , , , , , , , , , , , , , , , , , , , , , , , , , 
9.8311154, 0.0065461, , , , , , , 9.8311154, -0.0082246, , , , , , , 9.8311154, -0.0082246, , , , , , , 9.8311154, 0.0219883, , , , , , , , , , , , , , , , , , , , , , , , , , , , 
9.8316346, 0.0062104, , , , , , , 9.8316346, -0.0062104, , , , , , , 9.8316346, -0.0068818, , , , , , , 9.8316346, 0.0219883, , , , , , , , , , , , , , , , , , , , , , , , , , , , 
9.8321538, 0.0082246, , , , , , , 9.8321538, -0.0063783, , , , , , , 9.8321538, -0.0045319, , , , , , , 9.8321538, 0.0186313, , , , , , , , , , , , , , , , , , , , , , , , , , , , 
9.8326731, 0.0117494, , , , , , , 9.8326731, -0.0078889, , , , , , , 9.8326731, -0.0048676, , , , , , , 9.8326731, 0.012253, , , , , , , , , , , , , , , , , , , , , , , , , , , , 
9.8331923, 0.0146029, , , , , , , 9.8331923, -0.0102388, , , , , , , 9.8331923, -0.0041962, , , , , , , 9.8331923, 0.0077211, , , , , , , , , , , , , , , , , , , , , , , , , , , , 
9.8337115, 0.0169528, , , , , , , 9.8337115, -0.0109102, , , , , , , 9.8337115, -0.0035248, , , , , , , 9.8337115, 0.0065461, , , , , , , , , , , , , , , , , , , , , , , , , , , , 
9.8342308, 0.0191348, , , , , , , 9.8342308, -0.0102388, , , , , , , 9.8342308, -0.005539, , , , , , , 9.8342308, 0.0078889, , , , , , , , , , , , , , , , , , , , , , , , , , , , 
9.83475, 0.0179599, , , , , , , 9.83475, -0.0115816, , , , , , , 9.83475, -0.0065461, , , , , , , 9.83475, 0.0082246, , , , , , , , , , , , , , , , , , , , , , , , , , , , 
9.8352692, 0.0162814, , , , , , , 9.8352692, -0.0129244, , , , , , , 9.8352692, -0.0099031, , , , , , , 9.8352692, 0.0052033, , , , , , , , , , , , , , , , , , , , , , , , , , , , 
9.8357885, 0.0193027, , , , , , , 9.8357885, -0.0115816, , , , , , , 9.8357885, -0.012253, , , , , , , 9.8357885, 0.0011749, , , , , , , , , , , , , , , , , , , , , , , , , , , , 
9.8363077, 0.0196384, , , , , , , 9.8363077, -0.008896, , , , , , , 9.8363077, -0.0127565, , , , , , , 9.8363077, -0.0015106, , , , , , , , , , , , , , , , , , , , , , , , , , , , 
9.8368269, 0.0169528, , , , , , , 9.8368269, -0.0082246, , , , , , , 9.8368269, -0.0095674, , , , , , , 9.8368269, -0.0015106, , , , , , , , , , , , , , , , , , , , , , , , , , , , 
9.8373462, 0.014435, , , , , , , 9.8373462, -0.0090639, , , , , , , 9.8373462, -0.0068818, , , , , , , 9.8373462, -0.0001678, , , , , , , , , , , , , , , , , , , , , , , , , , , , 
9.8378654, 0.0112459, , , , , , , 9.8378654, -0.0099031, , , , , , , 9.8378654, -0.0070497, , , , , , , 9.8378654, 0.0010071, , , , , , , , , , , , , , , , , , , , , , , , , , , , 
9.8383846, 0.0115816, , , , , , , 9.8383846, -0.0085603, , , , , , , 9.8383846, -0.0075532, , , , , , , 9.8383846, 0.0001678, , , , , , , , , , , , , , , , , , , , , , , , , , , , 
9.8389038, 0.0159457, , , , , , , 9.8389038, -0.0062104, , , , , , , 9.8389038, -0.0082246, , , , , , , 9.8389038, -0.0035248, , , , , , , , , , , , , , , , , , , , , , , , , , , , 
9.8394231, 0.0213169, , , , , , , 9.8394231, -0.0048676, , , , , , , 9.8394231, -0.008896, , , , , , , 9.8394231, -0.0075532, , , , , , , , , , , , , , , , , , , , , , , , , , , , 
9.8399423, 0.023331, , , , , , , 9.8399423, -0.0052033, , , , , , , 9.8399423, -0.0082246, , , , , , , 9.8399423, -0.0109102, , , , , , , , , , , , , , , , , , , , , , , , , , , , 
9.8404615, 0.023331, , , , , , , 9.8404615, -0.005539, , , , , , , 9.8404615, -0.0078889, , , , , , , 9.8404615, -0.0125887, , , , , , , , , , , , , , , , , , , , , , , , , , , , 
9.8409808, 0.0236667, , , , , , , 9.8409808, -0.0048676, , , , , , , 9.8409808, -0.0109102, , , , , , , 9.8409808, -0.0109102, , , , , , , , , , , , , , , , , , , , , , , , , , , , 
9.8415, 0.023331, , , , , , , 9.8415, -0.0045319, , , , , , , 9.8415, -0.012253, , , , , , , 9.8415, -0.0082246, , , , , , , , , , , , , , , , , , , , , , , , , , , , 
9.8420192, 0.0213169, , , , , , , 9.8420192, -0.005539, , , , , , , 9.8420192, -0.0117494, , , , , , , 9.8420192, -0.0058747, , , , , , , , , , , , , , , , , , , , , , , , , , , , 
9.8425385, 0.0172885, , , , , , , 9.8425385, -0.0072175, , , , , , , 9.8425385, -0.0092317, , , , , , , 9.8425385, -0.0015106, , , , , , , , , , , , , , , , , , , , , , , , , , , , 
9.8430577, 0.0104067, , , , , , , 9.8430577, -0.0070497, , , , , , , 9.8430577, -0.0075532, , , , , , , 9.8430577, 0.0041962, , , , , , , , , , , , , , , , , , , , , , , , , , , , 
9.8435769, 0.0092317, , , , , , , 9.8435769, -0.0062104, , , , , , , 9.8435769, -0.008896, , , , , , , 9.8435769, 0.0092317, , , , , , , , , , , , , , , , , , , , , , , , , , , , 
9.8440962, 0.0085603, , , , , , , 9.8440962, -0.005539, , , , , , , 9.8440962, -0.0112459, , , , , , , 9.8440962, 0.0119173, , , , , , , , , , , , , , , , , , , , , , , , , , , , 
9.8446154, 0.0052033, , , , , , , 9.8446154, -0.0045319, , , , , , , 9.8446154, -0.0102388, , , , , , , 9.8446154, 0.0146029, , , , , , , , , , , , , , , , , , , , , , , , , , , , 
9.8451346, 0.0031891, , , , , , , 9.8451346, -0.0036927, , , , , , , 9.8451346, -0.0070497, , , , , , , 9.8451346, 0.0176242, , , , , , , , , , , , , , , , , , , , , , , , , , , , 
9.8456538, 0.0011749, , , , , , , 9.8456538, -0.0048676, , , , , , , 9.8456538, -0.0072175, , , , , , , 9.8456538, 0.0219883, , , , , , , , , , , , , , , , , , , , , , , , , , , , 
9.8461731, 0.0008392, , , , , , , 9.8461731, -0.0052033, , , , , , , 9.8461731, -0.008896, , , , , , , 9.8461731, 0.024506, , , , , , , , , , , , , , , , , , , , , , , , , , , , 
9.8466923, -0.0001678, , , , , , , 9.8466923, -0.0062104, , , , , , , 9.8466923, -0.0075532, , , , , , , 9.8466923, 0.0246738, , , , , , , , , , , , , , , , , , , , , , , , , , , , 
9.8472115, -0.0035248, , , , , , , 9.8472115, -0.0082246, , , , , , , 9.8472115, -0.0062104, , , , , , , 9.8472115, 0.0290379, , , , , , , , , , , , , , , , , , , , , , , , , , , , 
9.8477308, -0.005539, , , , , , , 9.8477308, -0.0078889, , , , , , , 9.8477308, -0.0052033, , , , , , , 9.8477308, 0.0374304, , , , , , , , , , , , , , , , , , , , , , , , , , , , 
9.84825, -0.0048676, , , , , , , 9.84825, -0.0072175, , , , , , , 9.84825, -0.0063783, , , , , , , 9.84825, 0.0417945, , , , , , , , , , , , , , , , , , , , , , , , , , , , 
9.8487692, 0.0025177, , , , , , , 9.8487692, -0.0075532, , , , , , , 9.8487692, -0.0072175, , , , , , , 9.8487692, 0.040116, , , , , , , , , , , , , , , , , , , , , , , , , , , , 
9.8492885, 0.0130922, , , , , , , 9.8492885, -0.0082246, , , , , , , 9.8492885, -0.005539, , , , , , , 9.8492885, 0.0327306, , , , , , , , , , , , , , , , , , , , , , , , , , , , 
9.8498077, 0.0119173, , , , , , , 9.8498077, -0.008896, , , , , , , 9.8498077, -0.0043641, , , , , , , 9.8498077, 0.0253452, , , , , , , , , , , , , , , , , , , , , , , , , , , , 
9.8503269, 0.0058747, , , , , , , 9.8503269, -0.0078889, , , , , , , 9.8503269, -0.005539, , , , , , , 9.8503269, 0.023331, , , , , , , , , , , , , , , , , , , , , , , , , , , , 
9.8508462, 0.0038605, , , , , , , 9.8508462, -0.0070497, , , , , , , 9.8508462, -0.0068818, , , , , , , 9.8508462, 0.0219883, , , , , , , , , , , , , , , , , , , , , , , , , , , , 
9.8513654, 0.0117494, , , , , , , 9.8513654, -0.0082246, , , , , , , 9.8513654, -0.0068818, , , , , , , 9.8513654, 0.0196384, , , , , , , , , , , , , , , , , , , , , , , , , , , , 
9.8518846, 0.0204776, , , , , , , 9.8518846, -0.0095674, , , , , , , 9.8518846, -0.0065461, , , , , , , 9.8518846, 0.0186313, , , , , , , , , , , , , , , , , , , , , , , , , , , , 
9.8524038, 0.023331, , , , , , , 9.8524038, -0.0102388, , , , , , , 9.8524038, -0.0062104, , , , , , , 9.8524038, 0.0169528, , , , , , , , , , , , , , , , , , , , , , , , , , , , 
9.8529231, 0.0223239, , , , , , , 9.8529231, -0.0109102, , , , , , , 9.8529231, -0.0070497, , , , , , , 9.8529231, 0.0166171, , , , , , , , , , , , , , , , , , , , , , , , , , , , 
9.8534423, 0.0236667, , , , , , , 9.8534423, -0.011078, , , , , , , 9.8534423, -0.0072175, , , , , , , 9.8534423, 0.0164492, , , , , , , , , , , , , , , , , , , , , , , , , , , , 
9.8539615, 0.0250095, , , , , , , 9.8539615, -0.0095674, , , , , , , 9.8539615, -0.0065461, , , , , , , 9.8539615, 0.0146029, , , , , , , , , , , , , , , , , , , , , , , , , , , , 
9.8544808, 0.0240024, , , , , , , 9.8544808, -0.008896, , , , , , , 9.8544808, -0.0057069, , , , , , , 9.8544808, 0.0114137, , , , , , , , , , , , , , , , , , , , , , , , , , , , 
9.855, 0.0240024, , , , , , , 9.855, -0.0105745, , , , , , , 9.855, -0.0068818, , , , , , , 9.855, 0.0092317, , , , , , , , , , , , , , , , , , , , , , , , , , , , 
9.8555192, 0.0240024, , , , , , , 9.8555192, -0.0105745, , , , , , , 9.8555192, -0.0085603, , , , , , , 9.8555192, 0.0102388, , , , , , , , , , , , , , , , , , , , , , , , , , , , 
9.8560385, 0.0236667, , , , , , , 9.8560385, -0.0097353, , , , , , , 9.8560385, -0.0083925, , , , , , , 9.8560385, 0.0117494, , , , , , , , , , , , , , , , , , , , , , , , , , , , 
9.8565577, 0.0236667, , , , , , , 9.8565577, -0.008896, , , , , , , 9.8565577, -0.0095674, , , , , , , 9.8565577, 0.0099031, , , , , , , , , , , , , , , , , , , , , , , , , , , , 
9.8570769, 0.0219883, , , , , , , 9.8570769, -0.0070497, , , , , , , 9.8570769, -0.0115816, , , , , , , 9.8570769, 0.0072175, , , , , , , , , , , , , , , , , , , , , , , , , , , , 
9.8575962, 0.0199741, , , , , , , 9.8575962, -0.005539, , , , , , , 9.8575962, -0.0115816, , , , , , , 9.8575962, 0.0068818, , , , , , , , , , , , , , , , , , , , , , , , , , , , 
9.8581154, 0.0219883, , , , , , , 9.8581154, -0.0070497, , , , , , , 9.8581154, -0.0087282, , , , , , , 9.8581154, 0.0075532, , , , , , , , , , , , , , , , , , , , , , , , , , , , 
9.8586346, 0.0263523, , , , , , , 9.8586346, -0.0095674, , , , , , , 9.8586346, -0.0072175, , , , , , , 9.8586346, 0.0045319, , , , , , , , , , , , , , , , , , , , , , , , , , , , 
9.8591538, 0.0293736, , , , , , , 9.8591538, -0.008896, , , , , , , 9.8591538, -0.010071, , , , , , , 9.8591538, -0.0015106, , , , , , , , , , , , , , , , , , , , , , , , , , , , 
9.8596731, 0.0307164, , , , , , , 9.8596731, -0.0057069, , , , , , , 9.8596731, -0.0142672, , , , , , , 9.8596731, -0.0048676, , , , , , , , , , , , , , , , , , , , , , , , , , , , 
9.8601923, 0.0318914, , , , , , , 9.8601923, -0.0038605, , , , , , , 9.8601923, -0.0159457, , , , , , , 9.8601923, -0.005539, , , , , , , , , , , , , , , , , , , , , , , , , , , , 
9.8607115, 0.0305486, , , , , , , 9.8607115, -0.0045319, , , , , , , 9.8607115, -0.0149386, , , , , , , 9.8607115, -0.0048676, , , , , , , , , , , , , , , , , , , , , , , , , , , , 
9.8612308, 0.0307164, , , , , , , 9.8612308, -0.0073854, , , , , , , 9.8612308, -0.0135958, , , , , , , 9.8612308, -0.0035248, , , , , , , , , , , , , , , , , , , , , , , , , , , , 
9.86175, 0.0317235, , , , , , , 9.86175, -0.0083925, , , , , , , 9.86175, -0.012253, , , , , , , 9.86175, -0.0018463, , , , , , , , , , , , , , , , , , , , , , , , , , , , 
9.8622692, 0.030045, , , , , , , 9.8622692, -0.0072175, , , , , , , 9.8622692, -0.0105745, , , , , , , 9.8622692, 0.0008392, , , , , , , , , , , , , , , , , , , , , , , , , , , , 
9.8627885, 0.0273594, , , , , , , 9.8627885, -0.0048676, , , , , , , 9.8627885, -0.0099031, , , , , , , 9.8627885, 0.0052033, , , , , , , , , , , , , , , , , , , , , , , , , , , , 
9.8633077, 0.0206455, , , , , , , 9.8633077, -0.0035248, , , , , , , 9.8633077, -0.0095674, , , , , , , 9.8633077, 0.0105745, , , , , , , , , , , , , , , , , , , , , , , , , , , , 
9.8638269, 0.0146029, , , , , , , 9.8638269, -0.0031891, , , , , , , 9.8638269, -0.0073854, , , , , , , 9.8638269, 0.0172885, , , , , , , , , , , , , , , , , , , , , , , , , , , , 
9.8643462, 0.0105745, , , , , , , 9.8643462, -0.0028534, , , , , , , 9.8643462, -0.0062104, , , , , , , 9.8643462, 0.0234989, , , , , , , , , , , , , , , , , , , , , , , , , , , , 
9.8648654, 0.0058747, , , , , , , 9.8648654, -0.0048676, , , , , , , 9.8648654, -0.0062104, , , , , , , 9.8648654, 0.0270237, , , , , , , , , , , , , , , , , , , , , , , , , , , , 
9.8653846, 0.002182, , , , , , , 9.8653846, -0.0072175, , , , , , , 9.8653846, -0.0062104, , , , , , , 9.8653846, 0.0280308, , , , , , , , , , , , , , , , , , , , , , , , , , , , 
9.8659038, 0.0031891, , , , , , , 9.8659038, -0.0077211, , , , , , , 9.8659038, -0.0057069, , , , , , , 9.8659038, 0.0310521, , , , , , , , , , , , , , , , , , , , , , , , , , , , 
9.8664231, 0.0031891, , , , , , , 9.8664231, -0.0072175, , , , , , , 9.8664231, -0.005539, , , , , , , 9.8664231, 0.0347448, , , , , , , , , , , , , , , , , , , , , , , , , , , , 
9.8669423, -0.0031891, , , , , , , 9.8669423, -0.0078889, , , , , , , 9.8669423, -0.0050355, , , , , , , 9.8669423, 0.0374304, , , , , , , , , , , , , , , , , , , , , , , , , , , , 
9.8674615, -0.0075532, , , , , , , 9.8674615, -0.0078889, , , , , , , 9.8674615, -0.0050355, , , , , , , 9.8674615, 0.0381018, , , , , , , , , , , , , , , , , , , , , , , , , , , , 
9.8679808, -0.0062104, , , , , , , 9.8679808, -0.0063783, , , , , , , 9.8679808, -0.0041962, , , , , , , 9.8679808, 0.0360876, , , , , , , , , , , , , , , , , , , , , , , , , , , , 
9.8685, -0.0082246, , , , , , , 9.8685, -0.0072175, , , , , , , 9.8685, -0.0045319, , , , , , , 9.8685, 0.0310521, , , , , , , , , , , , , , , , , , , , , , , , , , , , 
9.8690192, -0.0119173, , , , , , , 9.8690192, -0.0082246, , , , , , , 9.8690192, -0.0075532, , , , , , , 9.8690192, 0.0260166, , , , , , , , , , , , , , , , , , , , , , , , , , , , 
9.8695385, -0.0083925, , , , , , , 9.8695385, -0.0077211, , , , , , , 9.8695385, -0.0097353, , , , , , , 9.8695385, 0.0219883, , , , , , , , , , , , , , , , , , , , , , , , , , , , 
9.8700577, 0.0001678, , , , , , , 9.8700577, -0.0078889, , , , , , , 9.8700577, -0.0102388, , , , , , , 9.8700577, 0.0169528, , , , , , , , , , , , , , , , , , , , , , , , , , , , 
9.8705769, 0.0083925, , , , , , , 9.8705769, -0.0078889, , , , , , , 9.8705769, -0.0102388, , , , , , , 9.8705769, 0.0139315, , , , , , , , , , , , , , , , , , , , , , , , , , , , 
9.8710962, 0.0125887, , , , , , , 9.8710962, -0.008896, , , , , , , 9.8710962, -0.011078, , , , , , , 9.8710962, 0.0132601, , , , , , , , , , , , , , , , , , , , , , , , , , , , 
9.8716154, 0.0171206, , , , , , , 9.8716154, -0.0095674, , , , , , , 9.8716154, -0.0109102, , , , , , , 9.8716154, 0.0119173, , , , , , , , , , , , , , , , , , , , , , , , , , , , 
9.8721346, 0.0219883, , , , , , , 9.8721346, -0.0083925, , , , , , , 9.8721346, -0.0109102, , , , , , , 9.8721346, 0.0102388, , , , , , , , , , , , , , , , , , , , , , , , , , , , 
9.8726538, 0.0240024, , , , , , , 9.8726538, -0.005539, , , , , , , 9.8726538, -0.012253, , , , , , , 9.8726538, 0.0083925, , , , , , , , , , , , , , , , , , , , , , , , , , , , 
9.8731731, 0.0203098, , , , , , , 9.8731731, -0.0058747, , , , , , , 9.8731731, -0.0119173, , , , , , , 9.8731731, 0.0070497, , , , , , , , , , , , , , , , , , , , , , , , , , , , 
9.8736923, 0.0162814, , , , , , , 9.8736923, -0.0085603, , , , , , , 9.8736923, -0.0099031, , , , , , , 9.8736923, 0.0052033, , , , , , , , , , , , , , , , , , , , , , , , , , , , 
9.8742115, 0.0164492, , , , , , , 9.8742115, -0.0109102, , , , , , , 9.8742115, -0.008896, , , , , , , 9.8742115, 0.0038605, , , , , , , , , , , , , , , , , , , , , , , , , , , , 
9.8747308, 0.0159457, , , , , , , 9.8747308, -0.0115816, , , , , , , 9.8747308, -0.0083925, , , , , , , 9.8747308, 0.0028534, , , , , , , , , , , , , , , , , , , , , , , , , , , , 
9.87525, 0.0146029, , , , , , , 9.87525, -0.0124208, , , , , , , 9.87525, -0.0052033, , , , , , , 9.87525, 0.0035248, , , , , , , , , , , , , , , , , , , , , , , , , , , , 
9.8757692, 0.0172885, , , , , , , 9.8757692, -0.0132601, , , , , , , 9.8757692, -0.0028534, , , , , , , 9.8757692, 0.0041962, , , , , , , , , , , , , , , , , , , , , , , , , , , , 
9.8762885, 0.0213169, , , , , , , 9.8762885, -0.0115816, , , , , , , 9.8762885, -0.0028534, , , , , , , 9.8762885, 0.0038605, , , , , , , , , , , , , , , , , , , , , , , , , , , , 
9.8768077, 0.0171206, , , , , , , 9.8768077, -0.0095674, , , , , , , 9.8768077, -0.0041962, , , , , , , 9.8768077, 0.0052033, , , , , , , , , , , , , , , , , , , , , , , , , , , , 
9.8773269, 0.0132601, , , , , , , 9.8773269, -0.0095674, , , , , , , 9.8773269, -0.005539, , , , , , , 9.8773269, 0.005539, , , , , , , , , , , , , , , , , , , , , , , , , , , , 
9.8778462, 0.0132601, , , , , , , 9.8778462, -0.0105745, , , , , , , 9.8778462, -0.0065461, , , , , , , 9.8778462, 0.0045319, , , , , , , , , , , , , , , , , , , , , , , , , , , , 
9.8783654, 0.0146029, , , , , , , 9.8783654, -0.0109102, , , , , , , 9.8783654, -0.0085603, , , , , , , 9.8783654, 0.0023499, , , , , , , , , , , , , , , , , , , , , , , , , , , , 
9.8788846, 0.0164492, , , , , , , 9.8788846, -0.0105745, , , , , , , 9.8788846, -0.0090639, , , , , , , 9.8788846, -0.0008392, , , , , , , , , , , , , , , , , , , , , , , , , , , , 
9.8794038, 0.0213169, , , , , , , 9.8794038, -0.0112459, , , , , , , 9.8794038, -0.0075532, , , , , , , 9.8794038, -0.0028534, , , , , , , , , , , , , , , , , , , , , , , , , , , , 
9.8799231, 0.0219883, , , , , , , 9.8799231, -0.012253, , , , , , , 9.8799231, -0.0048676, , , , , , , 9.8799231, -0.0041962, , , , , , , , , , , , , , , , , , , , , , , , , , , , 
9.8804423, 0.0193027, , , , , , , 9.8804423, -0.0135958, , , , , , , 9.8804423, -0.0046998, , , , , , , 9.8804423, -0.0048676, , , , , , , , , , , , , , , , , , , , , , , , , , , , 
9.8809615, 0.0179599, , , , , , , 9.8809615, -0.0125887, , , , , , , 9.8809615, -0.0062104, , , , , , , 9.8809615, -0.0070497, , , , , , , , , , , , , , , , , , , , , , , , , , , , 
9.8814808, 0.0203098, , , , , , , 9.8814808, -0.008896, , , , , , , 9.8814808, -0.0090639, , , , , , , 9.8814808, -0.0078889, , , , , , , , , , , , , , , , , , , , , , , , , , , , 
9.882, 0.0159457, , , , , , , 9.882, -0.0058747, , , , , , , 9.882, -0.0099031, , , , , , , 9.882, -0.0068818, , , , , , , , , , , , , , , , , , , , , , , , , , , , 
9.8825192, 0.0063783, , , , , , , 9.8825192, -0.0052033, , , , , , , 9.8825192, -0.0102388, , , , , , , 9.8825192, -0.0025177, , , , , , , , , , , , , , , , , , , , , , , , , , , , 
9.8830385, 0.0035248, , , , , , , 9.8830385, -0.0063783, , , , , , , 9.8830385, -0.0109102, , , , , , , 9.8830385, 0.0041962, , , , , , , , , , , , , , , , , , , , , , , , , , , , 
9.8835577, 0.0082246, , , , , , , 9.8835577, -0.0078889, , , , , , , 9.8835577, -0.012253, , , , , , , 9.8835577, 0.0099031, , , , , , , , , , , , , , , , , , , , , , , , , , , , 
9.8840769, 0.012253, , , , , , , 9.8840769, -0.0068818, , , , , , , 9.8840769, -0.0102388, , , , , , , 9.8840769, 0.0117494, , , , , , , , , , , , , , , , , , , , , , , , , , , , 
9.8845962, 0.0119173, , , , , , , 9.8845962, -0.0045319, , , , , , , 9.8845962, -0.0065461, , , , , , , 9.8845962, 0.0146029, , , , , , , , , , , , , , , , , , , , , , , , , , , , 
9.8851154, 0.0099031, , , , , , , 9.8851154, -0.0062104, , , , , , , 9.8851154, -0.0035248, , , , , , , 9.8851154, 0.0196384, , , , , , , , , , , , , , , , , , , , , , , , , , , , 
9.8856346, 0.0046998, , , , , , , 9.8856346, -0.0090639, , , , , , , 9.8856346, -0.002182, , , , , , , 9.8856346, 0.0263523, , , , , , , , , , , , , , , , , , , , , , , , , , , , 
9.8861538, 0.0005035, , , , , , , 9.8861538, -0.008896, , , , , , , 9.8861538, -0.0030213, , , , , , , 9.8861538, 0.0320592, , , , , , , , , , , , , , , , , , , , , , , , , , , , 
9.8866731, 0.0005035, , , , , , , 9.8866731, -0.0077211, , , , , , , 9.8866731, -0.0035248, , , , , , , 9.8866731, 0.0340734, , , , , , , , , , , , , , , , , , , , , , , , , , , , 
9.8871923, -0.0018463, , , , , , , 9.8871923, -0.0068818, , , , , , , 9.8871923, -0.0035248, , , , , , , 9.8871923, 0.0354162, , , , , , , , , , , , , , , , , , , , , , , , , , , , 
9.8877115, -0.002182, , , , , , , 9.8877115, -0.0075532, , , , , , , 9.8877115, -0.0045319, , , , , , , 9.8877115, 0.0391089, , , , , , , , , , , , , , , , , , , , , , , , , , , , 
9.8882308, 0.0025177, , , , , , , 9.8882308, -0.0058747, , , , , , , 9.8882308, -0.0058747, , , , , , , 9.8882308, 0.0407874, , , , , , , , , , , , , , , , , , , , , , , , , , , , 
9.88875, 0.0045319, , , , , , , 9.88875, -0.0035248, , , , , , , 9.88875, -0.0058747, , , , , , , 9.88875, 0.0365911, , , , , , , , , , , , , , , , , , , , , , , , , , , , 
9.8892692, 0.0058747, , , , , , , 9.8892692, -0.0045319, , , , , , , 9.8892692, -0.005539, , , , , , , 9.8892692, 0.0313878, , , , , , , , , , , , , , , , , , , , , , , , , , , , 
9.8897885, 0.0119173, , , , , , , 9.8897885, -0.0052033, , , , , , , 9.8897885, -0.0057069, , , , , , , 9.8897885, 0.0273594, , , , , , , , , , , , , , , , , , , , , , , , , , , , 
9.8903077, 0.0102388, , , , , , , 9.8903077, -0.0065461, , , , , , , 9.8903077, -0.0068818, , , , , , , 9.8903077, 0.0246738, , , , , , , , , , , , , , , , , , , , , , , , , , , , 
9.8908269, 0.0031891, , , , , , , 9.8908269, -0.0078889, , , , , , , 9.8908269, -0.0068818, , , , , , , 9.8908269, 0.0223239, , , , , , , , , , , , , , , , , , , , , , , , , , , , 
9.8913462, 0.0031891, , , , , , , 9.8913462, -0.0078889, , , , , , , 9.8913462, -0.0092317, , , , , , , 9.8913462, 0.0206455, , , , , , , , , , , , , , , , , , , , , , , , , , , , 
9.8918654, 0.0102388, , , , , , , 9.8918654, -0.0075532, , , , , , , 9.8918654, -0.0095674, , , , , , , 9.8918654, 0.0199741, , , , , , , , , , , , , , , , , , , , , , , , , , , , 
9.8923846, 0.0139315, , , , , , , 9.8923846, -0.005539, , , , , , , 9.8923846, -0.0075532, , , , , , , 9.8923846, 0.0162814, , , , , , , , , , , , , , , , , , , , , , , , , , , , 
9.8929038, 0.0142672, , , , , , , 9.8929038, -0.0035248, , , , , , , 9.8929038, -0.0077211, , , , , , , 9.8929038, 0.0112459, , , , , , , , , , , , , , , , , , , , , , , , , , , , 
9.8934231, 0.0172885, , , , , , , 9.8934231, -0.0052033, , , , , , , 9.8934231, -0.0095674, , , , , , , 9.8934231, 0.0083925, , , , , , , , , , , , , , , , , , , , , , , , , , , , 
9.8939423, 0.0218204, , , , , , , 9.8939423, -0.0077211, , , , , , , 9.8939423, -0.0109102, , , , , , , 9.8939423, 0.0078889, , , , , , , , , , , , , , , , , , , , , , , , , , , , 
9.8944615, 0.0263523, , , , , , , 9.8944615, -0.0068818, , , , , , , 9.8944615, -0.0115816, , , , , , , 9.8944615, 0.0068818, , , , , , , , , , , , , , , , , , , , , , , , , , , , 
9.8949808, 0.026688, , , , , , , 9.8949808, -0.0058747, , , , , , , 9.8949808, -0.0105745, , , , , , , 9.8949808, 0.0077211, , , , , , , , , , , , , , , , , , , , , , , , , , , , 
9.8955, 0.0213169, , , , , , , 9.8955, -0.0068818, , , , , , , 9.8955, -0.0102388, , , , , , , 9.8955, 0.0099031, , , , , , , , , , , , , , , , , , , , , , , , , , , , 
9.8960192, 0.0172885, , , , , , , 9.8960192, -0.0082246, , , , , , , 9.8960192, -0.0085603, , , , , , , 9.8960192, 0.0119173, , , , , , , , , , , , , , , , , , , , , , , , , , , , 
9.8965385, 0.0172885, , , , , , , 9.8965385, -0.0095674, , , , , , , 9.8965385, -0.0072175, , , , , , , 9.8965385, 0.0115816, , , , , , , , , , , , , , , , , , , , , , , , , , , , 
9.8970577, 0.0181277, , , , , , , 9.8970577, -0.0109102, , , , , , , 9.8970577, -0.0062104, , , , , , , 9.8970577, 0.0099031, , , , , , , , , , , , , , , , , , , , , , , , , , , , 
9.8975769, 0.0182956, , , , , , , 9.8975769, -0.0109102, , , , , , , 9.8975769, -0.0043641, , , , , , , 9.8975769, 0.0092317, , , , , , , , , , , , , , , , , , , , , , , , , , , , 
9.8980962, 0.0172885, , , , , , , 9.8980962, -0.0105745, , , , , , , 9.8980962, -0.005539, , , , , , , 9.8980962, 0.0085603, , , , , , , , , , , , , , , , , , , , , , , , , , , , 
9.8986154, 0.0172885, , , , , , , 9.8986154, -0.0082246, , , , , , , 9.8986154, -0.0082246, , , , , , , 9.8986154, 0.0036927, , , , , , , , , , , , , , , , , , , , , , , , , , , , 
9.8991346, 0.0172885, , , , , , , 9.8991346, -0.0062104, , , , , , , 9.8991346, -0.0109102, , , , , , , 9.8991346, -0.0015106, , , , , , , , , , , , , , , , , , , , , , , , , , , , 
9.8996538, 0.0186313, , , , , , , 9.8996538, -0.0057069, , , , , , , 9.8996538, -0.0115816, , , , , , , 9.8996538, -0.0062104, , , , , , , , , , , , , , , , , , , , , , , , , , , , 
9.9001731, 0.0219883, , , , , , , 9.9001731, -0.0083925, , , , , , , 9.9001731, -0.0112459, , , , , , , 9.9001731, -0.0102388, , , , , , , , , , , , , , , , , , , , , , , , , , , , 
9.9006923, 0.027863, , , , , , , 9.9006923, -0.0095674, , , , , , , 9.9006923, -0.0127565, , , , , , , 9.9006923, -0.0149386, , , , , , , , , , , , , , , , , , , , , , , , , , , , 
9.9012115, 0.0337377, , , , , , , 9.9012115, -0.0085603, , , , , , , 9.9012115, -0.0134279, , , , , , , 9.9012115, -0.0176242, , , , , , , , , , , , , , , , , , , , , , , , , , , , 
9.9017308, 0.0330663, , , , , , , 9.9017308, -0.008896, , , , , , , 9.9017308, -0.0109102, , , , , , , 9.9017308, -0.0169528, , , , , , , , , , , , , , , , , , , , , , , , , , , , 
9.90225, 0.0270237, , , , , , , 9.90225, -0.0105745, , , , , , , 9.90225, -0.0095674, , , , , , , 9.90225, -0.0139315, , , , , , , , , , , , , , , , , , , , , , , , , , , , 
9.9027692, 0.0219883, , , , , , , 9.9027692, -0.0109102, , , , , , , 9.9027692, -0.0085603, , , , , , , 9.9027692, -0.0095674, , , , , , , , , , , , , , , , , , , , , , , , , , , , 
9.9032885, 0.0176242, , , , , , , 9.9032885, -0.0109102, , , , , , , 9.9032885, -0.0073854, , , , , , , 9.9032885, -0.0023499, , , , , , , , , , , , , , , , , , , , , , , , , , , , 
9.9038077, 0.0065461, , , , , , , 9.9038077, -0.0095674, , , , , , , 9.9038077, -0.0078889, , , , , , , 9.9038077, 0.0052033, , , , , , , , , , , , , , , , , , , , , , , , , , , , 
9.9043269, 0.0018463, , , , , , , 9.9043269, -0.0092317, , , , , , , 9.9043269, -0.0075532, , , , , , , 9.9043269, 0.0112459, , , , , , , , , , , , , , , , , , , , , , , , , , , , 
9.9048462, 0.0077211, , , , , , , 9.9048462, -0.0068818, , , , , , , 9.9048462, -0.0072175, , , , , , , 9.9048462, 0.01561, , , , , , , , , , , , , , , , , , , , , , , , , , , , 
9.9053654, 0.0112459, , , , , , , 9.9053654, -0.0045319, , , , , , , 9.9053654, -0.0065461, , , , , , , 9.9053654, 0.0219883, , , , , , , , , , , , , , , , , , , , , , , , , , , , 
9.9058846, 0.0052033, , , , , , , 9.9058846, -0.0041962, , , , , , , 9.9058846, -0.0057069, , , , , , , 9.9058846, 0.0280308, , , , , , , , , , , , , , , , , , , , , , , , , , , , 
9.9064038, -0.0057069, , , , , , , 9.9064038, -0.0050355, , , , , , , 9.9064038, -0.0041962, , , , , , , 9.9064038, 0.0320592, , , , , , , , , , , , , , , , , , , , , , , , , , , , 
9.9069231, -0.0099031, , , , , , , 9.9069231, -0.0063783, , , , , , , 9.9069231, -0.0011749, , , , , , , 9.9069231, 0.0345769, , , , , , , , , , , , , , , , , , , , , , , , , , , , 
9.9074423, -0.0095674, , , , , , , 9.9074423, -0.0085603, , , , , , , 9.9074423, 0.0011749, , , , , , , 9.9074423, 0.0360876, , , , , , , , , , , , , , , , , , , , , , , , , , , , 
9.9079615, -0.0082246, , , , , , , 9.9079615, -0.0075532, , , , , , , 9.9079615, 0.0025177, , , , , , , 9.9079615, 0.0369268, , , , , , , , , , , , , , , , , , , , , , , , , , , , 
9.9084808, -0.005539, , , , , , , 9.9084808, -0.005539, , , , , , , 9.9084808, 0.0025177, , , , , , , 9.9084808, 0.0347448, , , , , , , , , , , , , , , , , , , , , , , , , , , , 
9.909, 0.0016785, , , , , , , 9.909, -0.0038605, , , , , , , 9.909, 0.0011749, , , , , , , 9.909, 0.030045, , , , , , , , , , , , , , , , , , , , , , , , , , , , 
9.9095192, 0.0095674, , , , , , , 9.9095192, -0.0060426, , , , , , , 9.9095192, -0.002182, , , , , , , 9.9095192, 0.0236667, , , , , , , , , , , , , , , , , , , , , , , , , , , , 
9.9100385, 0.0166171, , , , , , , 9.9100385, -0.0095674, , , , , , , 9.9100385, -0.0031891, , , , , , , 9.9100385, 0.0179599, , , , , , , , , , , , , , , , , , , , , , , , , , , , 
9.9105577, 0.0182956, , , , , , , 9.9105577, -0.0102388, , , , , , , 9.9105577, -0.0038605, , , , , , , 9.9105577, 0.0152743, , , , , , , , , , , , , , , , , , , , , , , , , , , , 
9.9110769, 0.0186313, , , , , , , 9.9110769, -0.0082246, , , , , , , 9.9110769, -0.0050355, , , , , , , 9.9110769, 0.0137636, , , , , , , , , , , , , , , , , , , , , , , , , , , , 
9.9115962, 0.0179599, , , , , , , 9.9115962, -0.0058747, , , , , , , 9.9115962, -0.0078889, , , , , , , 9.9115962, 0.0117494, , , , , , , , , , , , , , , , , , , , , , , , , , , , 
9.9121154, 0.0166171, , , , , , , 9.9121154, -0.005539, , , , , , , 9.9121154, -0.0082246, , , , , , , 9.9121154, 0.012253, , , , , , , , , , , , , , , , , , , , , , , , , , , , 
9.9126346, 0.0193027, , , , , , , 9.9126346, -0.0068818, , , , , , , 9.9126346, -0.0072175, , , , , , , 9.9126346, 0.0146029, , , , , , , , , , , , , , , , , , , , , , , , , , , , 
9.9131538, 0.0238346, , , , , , , 9.9131538, -0.0068818, , , , , , , 9.9131538, -0.005539, , , , , , , 9.9131538, 0.0132601, , , , , , , , , , , , , , , , , , , , , , , , , , , , 
9.9136731, 0.0240024, , , , , , , 9.9136731, -0.0058747, , , , , , , 9.9136731, -0.0045319, , , , , , , 9.9136731, 0.0132601, , , , , , , , , , , , , , , , , , , , , , , , , , , , 
9.9141923, 0.0229953, , , , , , , 9.9141923, -0.0062104, , , , , , , 9.9141923, -0.0068818, , , , , , , 9.9141923, 0.0115816, , , , , , , , , , , , , , , , , , , , , , , , , , , , 
9.9147115, 0.0184634, , , , , , , 9.9147115, -0.0072175, , , , , , , 9.9147115, -0.0104067, , , , , , , 9.9147115, 0.0105745, , , , , , , , , , , , , , , , , , , , , , , , , , , , 
9.9152308, 0.0152743, , , , , , , 9.9152308, -0.0082246, , , , , , , 9.9152308, -0.0105745, , , , , , , 9.9152308, 0.0119173, , , , , , , , , , , , , , , , , , , , , , , , , , , , 
9.91575, 0.0169528, , , , , , , 9.91575, -0.0095674, , , , , , , 9.91575, -0.0092317, , , , , , , 9.91575, 0.0139315, , , , , , , , , , , , , , , , , , , , , , , , , , , , 
9.9162692, 0.0219883, , , , , , , 9.9162692, -0.0102388, , , , , , , 9.9162692, -0.0062104, , , , , , , 9.9162692, 0.0142672, , , , , , , , , , , , , , , , , , , , , , , , , , , , 
9.9167885, 0.0251774, , , , , , , 9.9167885, -0.0092317, , , , , , , 9.9167885, -0.0041962, , , , , , , 9.9167885, 0.0124208, , , , , , , , , , , , , , , , , , , , , , , , , , , , 
9.9173077, 0.0204776, , , , , , , 9.9173077, -0.0065461, , , , , , , 9.9173077, -0.0057069, , , , , , , 9.9173077, 0.0105745, , , , , , , , , , , , , , , , , , , , , , , , , , , , 
9.9178269, 0.0142672, , , , , , , 9.9178269, -0.0062104, , , , , , , 9.9178269, -0.0078889, , , , , , , 9.9178269, 0.0092317, , , , , , , , , , , , , , , , , , , , , , , , , , , , 
9.9183462, 0.0105745, , , , , , , 9.9183462, -0.0082246, , , , , , , 9.9183462, -0.0078889, , , , , , , 9.9183462, 0.0062104, , , , , , , , , , , , , , , , , , , , , , , , , , , , 
9.9188654, 0.0119173, , , , , , , 9.9188654, -0.0099031, , , , , , , 9.9188654, -0.008896, , , , , , , 9.9188654, 0.002182, , , , , , , , , , , , , , , , , , , , , , , , , , , , 
9.9193846, 0.0152743, , , , , , , 9.9193846, -0.0104067, , , , , , , 9.9193846, -0.0099031, , , , , , , 9.9193846, -0.0041962, , , , , , , , , , , , , , , , , , , , , , , , , , , , 
9.9199038, 0.0186313, , , , , , , 9.9199038, -0.0105745, , , , , , , 9.9199038, -0.0105745, , , , , , , 9.9199038, -0.0072175, , , , , , , , , , , , , , , , , , , , , , , , , , , , 
9.9204231, 0.0199741, , , , , , , 9.9204231, -0.0104067, , , , , , , 9.9204231, -0.0095674, , , , , , , 9.9204231, -0.0082246, , , , , , , , , , , , , , , , , , , , , , , , , , , , 
9.9209423, 0.0186313, , , , , , , 9.9209423, -0.0109102, , , , , , , 9.9209423, -0.0109102, , , , , , , 9.9209423, -0.0075532, , , , , , , , , , , , , , , , , , , , , , , , , , , , 
9.9214615, 0.0216526, , , , , , , 9.9214615, -0.0109102, , , , , , , 9.9214615, -0.0135958, , , , , , , 9.9214615, -0.0052033, , , , , , , , , , , , , , , , , , , , , , , , , , , , 
9.9219808, 0.0271916, , , , , , , 9.9219808, -0.012253, , , , , , , 9.9219808, -0.0146029, , , , , , , 9.9219808, -0.0015106, , , , , , , , , , , , , , , , , , , , , , , , , , , , 
9.9225, 0.027863, , , , , , , 9.9225, -0.0129244, , , , , , , 9.9225, -0.01561, , , , , , , 9.9225, 0.0035248, , , , , , , , , , , , , , , , , , , , , , , , , , , , 
9.9230192, 0.0199741, , , , , , , 9.9230192, -0.012253, , , , , , , 9.9230192, -0.0157778, , , , , , , 9.9230192, 0.0077211, , , , , , , , , , , , , , , , , , , , , , , , , , , , 
9.9235385, 0.0099031, , , , , , , 9.9235385, -0.012253, , , , , , , 9.9235385, -0.014435, , , , , , , 9.9235385, 0.012253, , , , , , , , , , , , , , , , , , , , , , , , , , , , 
9.9240577, 0.0078889, , , , , , , 9.9240577, -0.0135958, , , , , , , 9.9240577, -0.0119173, , , , , , , 9.9240577, 0.0161135, , , , , , , , , , , , , , , , , , , , , , , , , , , , 
9.9245769, 0.0082246, , , , , , , 9.9245769, -0.0115816, , , , , , , 9.9245769, -0.0095674, , , , , , , 9.9245769, 0.0182956, , , , , , , , , , , , , , , , , , , , , , , , , , , , 
9.9250962, 0.0048676, , , , , , , 9.9250962, -0.0082246, , , , , , , 9.9250962, -0.0085603, , , , , , , 9.9250962, 0.0213169, , , , , , , , , , , , , , , , , , , , , , , , , , , , 
9.9256154, 0.0008392, , , , , , , 9.9256154, -0.0062104, , , , , , , 9.9256154, -0.0082246, , , , , , , 9.9256154, 0.0276951, , , , , , , , , , , , , , , , , , , , , , , , , , , , 
9.9261346, -0.0015106, , , , , , , 9.9261346, -0.0048676, , , , , , , 9.9261346, -0.0078889, , , , , , , 9.9261346, 0.0337377, , , , , , , , , , , , , , , , , , , , , , , , , , , , 
9.9266538, -0.0018463, , , , , , , 9.9266538, -0.0028534, , , , , , , 9.9266538, -0.0075532, , , , , , , 9.9266538, 0.0374304, , , , , , , , , , , , , , , , , , , , , , , , , , , , 
9.9271731, -0.002182, , , , , , , 9.9271731, -0.0028534, , , , , , , 9.9271731, -0.0075532, , , , , , , 9.9271731, 0.0396124, , , , , , , , , , , , , , , , , , , , , , , , , , , , 
9.9276923, -0.002182, , , , , , , 9.9276923, -0.0038605, , , , , , , 9.9276923, -0.0068818, , , , , , , 9.9276923, 0.0409552, , , , , , , , , , , , , , , , , , , , , , , , , , , , 
9.9282115, -0.002182, , , , , , , 9.9282115, -0.0041962, , , , , , , 9.9282115, -0.0043641, , , , , , , 9.9282115, 0.0412909, , , , , , , , , , , , , , , , , , , , , , , , , , , , 
9.9287308, 0.0005035, , , , , , , 9.9287308, -0.0043641, , , , , , , 9.9287308, -0.0023499, , , , , , , 9.9287308, 0.0397803, , , , , , , , , , , , , , , , , , , , , , , , , , , , 
9.92925, 0.0028534, , , , , , , 9.92925, -0.005539, , , , , , , 9.92925, -0.0041962, , , , , , , 9.92925, 0.0320592, , , , , , , , , , , , , , , , , , , , , , , , , , , , 
9.9297692, 0.0052033, , , , , , , 9.9297692, -0.0065461, , , , , , , 9.9297692, -0.0063783, , , , , , , 9.9297692, 0.0240024, , , , , , , , , , , , , , , , , , , , , , , , , , , , 
9.9302885, 0.0099031, , , , , , , 9.9302885, -0.0068818, , , , , , , 9.9302885, -0.0070497, , , , , , , 9.9302885, 0.0199741, , , , , , , , , , , , , , , , , , , , , , , , , , , , 
9.9308077, 0.0112459, , , , , , , 9.9308077, -0.0062104, , , , , , , 9.9308077, -0.0068818, , , , , , , 9.9308077, 0.0166171, , , , , , , , , , , , , , , , , , , , , , , , , , , , 
9.9313269, 0.0151064, , , , , , , 9.9313269, -0.0062104, , , , , , , 9.9313269, -0.0072175, , , , , , , 9.9313269, 0.014435, , , , , , , , , , , , , , , , , , , , , , , , , , , , 
9.9318462, 0.0142672, , , , , , , 9.9318462, -0.0063783, , , , , , , 9.9318462, -0.0052033, , , , , , , 9.9318462, 0.0105745, , , , , , , , , , , , , , , , , , , , , , , , , , , , 
9.9323654, 0.0119173, , , , , , , 9.9323654, -0.0068818, , , , , , , 9.9323654, -0.0028534, , , , , , , 9.9323654, 0.0058747, , , , , , , , , , , , , , , , , , , , , , , , , , , , 
9.9328846, 0.0124208, , , , , , , 9.9328846, -0.0068818, , , , , , , 9.9328846, -0.0043641, , , , , , , 9.9328846, 0.0038605, , , , , , , , , , , , , , , , , , , , , , , , , , , , 
9.9334038, 0.0129244, , , , , , , 9.9334038, -0.0060426, , , , , , , 9.9334038, -0.0068818, , , , , , , 9.9334038, 0.0038605, , , , , , , , , , , , , , , , , , , , , , , , , , , , 
9.9339231, 0.0132601, , , , , , , 9.9339231, -0.005539, , , , , , , 9.9339231, -0.0063783, , , , , , , 9.9339231, 0.0062104, , , , , , , , , , , , , , , , , , , , , , , , , , , , 
9.9344423, 0.0159457, , , , , , , 9.9344423, -0.0070497, , , , , , , 9.9344423, -0.0062104, , , , , , , 9.9344423, 0.0075532, , , , , , , , , , , , , , , , , , , , , , , , , , , , 
9.9349615, 0.0199741, , , , , , , 9.9349615, -0.0082246, , , , , , , 9.9349615, -0.0068818, , , , , , , 9.9349615, 0.0072175, , , , , , , , , , , , , , , , , , , , , , , , , , , , 
9.9354808, 0.0250095, , , , , , , 9.9354808, -0.0070497, , , , , , , 9.9354808, -0.0082246, , , , , , , 9.9354808, 0.005539, , , , , , , , , , , , , , , , , , , , , , , , , , , , 
9.936, 0.0260166, , , , , , , 9.936, -0.0063783, , , , , , , 9.936, -0.0095674, , , , , , , 9.936, 0.0031891, , , , , , , , , , , , , , , , , , , , , , , , , , , , 
9.9365192, 0.0223239, , , , , , , 9.9365192, -0.0075532, , , , , , , 9.9365192, -0.0095674, , , , , , , 9.9365192, 0.0015106, , , , , , , , , , , , , , , , , , , , , , , , , , , , 
9.9370385, 0.0199741, , , , , , , 9.9370385, -0.0078889, , , , , , , 9.9370385, -0.0085603, , , , , , , 9.9370385, 0.0011749, , , , , , , , , , , , , , , , , , , , , , , , , , , , 
9.9375577, 0.0199741, , , , , , , 9.9375577, -0.0068818, , , , , , , 9.9375577, -0.0075532, , , , , , , 9.9375577, 0.0015106, , , , , , , , , , , , , , , , , , , , , , , , , , , , 
9.9380769, 0.0184634, , , , , , , 9.9380769, -0.0075532, , , , , , , 9.9380769, -0.0075532, , , , , , , 9.9380769, 0.0018463, , , , , , , , , , , , , , , , , , , , , , , , , , , , 
9.9385962, 0.0179599, , , , , , , 9.9385962, -0.0102388, , , , , , , 9.9385962, -0.0085603, , , , , , , 9.9385962, 0.0003357, , , , , , , , , , , , , , , , , , , , , , , , , , , , 
9.9391154, 0.0216526, , , , , , , 9.9391154, -0.0109102, , , , , , , 9.9391154, -0.0095674, , , , , , , 9.9391154, -0.0031891, , , , , , , , , , , , , , , , , , , , , , , , , , , , 
9.9396346, 0.0263523, , , , , , , 9.9396346, -0.0085603, , , , , , , 9.9396346, -0.011078, , , , , , , 9.9396346, -0.005539, , , , , , , , , , , , , , , , , , , , , , , , , , , , 
9.9401538, 0.0280308, , , , , , , 9.9401538, -0.005539, , , , , , , 9.9401538, -0.0109102, , , , , , , 9.9401538, -0.0050355, , , , , , , , , , , , , , , , , , , , , , , , , , , , 
9.9406731, 0.0292058, , , , , , , 9.9406731, -0.0052033, , , , , , , 9.9406731, -0.0095674, , , , , , , 9.9406731, -0.0052033, , , , , , , , , , , , , , , , , , , , , , , , , , , , 
9.9411923, 0.0292058, , , , , , , 9.9411923, -0.005539, , , , , , , 9.9411923, -0.0092317, , , , , , , 9.9411923, -0.0070497, , , , , , , , , , , , , , , , , , , , , , , , , , , , 
9.9417115, 0.026688, , , , , , , 9.9417115, -0.0065461, , , , , , , 9.9417115, -0.0082246, , , , , , , 9.9417115, -0.0046998, , , , , , , , , , , , , , , , , , , , , , , , , , , , 
9.9422308, 0.0219883, , , , , , , 9.9422308, -0.0092317, , , , , , , 9.9422308, -0.0072175, , , , , , , 9.9422308, 0.0018463, , , , , , , , , , , , , , , , , , , , , , , , , , , , 
9.94275, 0.0169528, , , , , , , 9.94275, -0.0104067, , , , , , , 9.94275, -0.0077211, , , , , , , 9.94275, 0.0095674, , , , , , , , , , , , , , , , , , , , , , , , , , , , 
9.9432692, 0.0132601, , , , , , , 9.9432692, -0.0078889, , , , , , , 9.9432692, -0.0075532, , , , , , , 9.9432692, 0.0139315, , , , , , , , , , , , , , , , , , , , , , , , , , , , 
9.9437885, 0.0125887, , , , , , , 9.9437885, -0.0068818, , , , , , , 9.9437885, -0.008896, , , , , , , 9.9437885, 0.0135958, , , , , , , , , , , , , , , , , , , , , , , , , , , , 
9.9443077, 0.0090639, , , , , , , 9.9443077, -0.0078889, , , , , , , 9.9443077, -0.0102388, , , , , , , 9.9443077, 0.0159457, , , , , , , , , , , , , , , , , , , , , , , , , , , , 
9.9448269, 0.0036927, , , , , , , 9.9448269, -0.0097353, , , , , , , 9.9448269, -0.0102388, , , , , , , 9.9448269, 0.0219883, , , , , , , , , , , , , , , , , , , , , , , , , , , , 
9.9453462, -0.002182, , , , , , , 9.9453462, -0.0099031, , , , , , , 9.9453462, -0.0075532, , , , , , , 9.9453462, 0.0293736, , , , , , , , , , , , , , , , , , , , , , , , , , , , 
9.9458654, -0.0082246, , , , , , , 9.9458654, -0.0082246, , , , , , , 9.9458654, -0.005539, , , , , , , 9.9458654, 0.0354162, , , , , , , , , , , , , , , , , , , , , , , , , , , , 
9.9463846, -0.0109102, , , , , , , 9.9463846, -0.0082246, , , , , , , 9.9463846, -0.005539, , , , , , , 9.9463846, 0.0397803, , , , , , , , , , , , , , , , , , , , , , , , , , , , 
9.9469038, -0.0109102, , , , , , , 9.9469038, -0.0085603, , , , , , , 9.9469038, -0.005539, , , , , , , 9.9469038, 0.040116, , , , , , , , , , , , , , , , , , , , , , , , , , , , 
9.9474231, -0.0075532, , , , , , , 9.9474231, -0.0077211, , , , , , , 9.9474231, -0.0031891, , , , , , , 9.9474231, 0.0384375, , , , , , , , , , , , , , , , , , , , , , , , , , , , 
9.9479423, -0.0028534, , , , , , , 9.9479423, -0.005539, , , , , , , 9.9479423, -0.0005035, , , , , , , 9.9479423, 0.0347448, , , , , , , , , , , , , , , , , , , , , , , , , , , , 
9.9484615, -0.0005035, , , , , , , 9.9484615, -0.0062104, , , , , , , 9.9484615, 0.0001678, , , , , , , 9.9484615, 0.0293736, , , , , , , , , , , , , , , , , , , , , , , , , , , , 
9.9489808, 0.0018463, , , , , , , 9.9489808, -0.0082246, , , , , , , 9.9489808, -0.0001678, , , , , , , 9.9489808, 0.0260166, , , , , , , , , , , , , , , , , , , , , , , , , , , , 
9.9495, 0.0092317, , , , , , , 9.9495, -0.008896, , , , , , , 9.9495, 0.0008392, , , , , , , 9.9495, 0.0246738, , , , , , , , , , , , , , , , , , , , , , , , , , , , 
9.9500192, 0.0186313, , , , , , , 9.9500192, -0.0090639, , , , , , , 9.9500192, -0.0001678, , , , , , , 9.9500192, 0.0236667, , , , , , , , , , , , , , , , , , , , , , , , , , , , 
9.9505385, 0.0213169, , , , , , , 9.9505385, -0.0082246, , , , , , , 9.9505385, -0.0041962, , , , , , , 9.9505385, 0.0206455, , , , , , , , , , , , , , , , , , , , , , , , , , , , 
9.9510577, 0.0186313, , , , , , , 9.9510577, -0.0073854, , , , , , , 9.9510577, -0.0070497, , , , , , , 9.9510577, 0.0162814, , , , , , , , , , , , , , , , , , , , , , , , , , , , 
9.9515769, 0.0142672, , , , , , , 9.9515769, -0.0070497, , , , , , , 9.9515769, -0.0085603, , , , , , , 9.9515769, 0.0115816, , , , , , , , , , , , , , , , , , , , , , , , , , , , 
9.9520962, 0.0139315, , , , , , , 9.9520962, -0.0095674, , , , , , , 9.9520962, -0.0099031, , , , , , , 9.9520962, 0.0112459, , , , , , , , , , , , , , , , , , , , , , , , , , , , 
9.9526154, 0.0159457, , , , , , , 9.9526154, -0.0129244, , , , , , , 9.9526154, -0.0095674, , , , , , , 9.9526154, 0.0135958, , , , , , , , , , , , , , , , , , , , , , , , , , , , 
9.9531346, 0.0181277, , , , , , , 9.9531346, -0.0102388, , , , , , , 9.9531346, -0.0082246, , , , , , , 9.9531346, 0.0139315, , , , , , , , , , , , , , , , , , , , , , , , , , , , 
9.9536538, 0.0186313, , , , , , , 9.9536538, -0.0068818, , , , , , , 9.9536538, -0.0077211, , , , , , , 9.9536538, 0.0142672, , , , , , , , , , , , , , , , , , , , , , , , , , , , 
9.9541731, 0.0176242, , , , , , , 9.9541731, -0.0058747, , , , , , , 9.9541731, -0.008896, , , , , , , 9.9541731, 0.01561, , , , , , , , , , , , , , , , , , , , , , , , , , , , 
9.9546923, 0.0179599, , , , , , , 9.9546923, -0.0068818, , , , , , , 9.9546923, -0.0099031, , , , , , , 9.9546923, 0.0162814, , , , , , , , , , , , , , , , , , , , , , , , , , , , 
9.9552115, 0.0159457, , , , , , , 9.9552115, -0.0082246, , , , , , , 9.9552115, -0.0115816, , , , , , , 9.9552115, 0.01561, , , , , , , , , , , , , , , , , , , , , , , , , , , , 
9.9557308, 0.017792, , , , , , , 9.9557308, -0.0099031, , , , , , , 9.9557308, -0.0112459, , , , , , , 9.9557308, 0.0129244, , , , , , , , , , , , , , , , , , , , , , , , , , , , 
9.95625, 0.0260166, , , , , , , 9.95625, -0.0102388, , , , , , , 9.95625, -0.0095674, , , , , , , 9.95625, 0.0105745, , , , , , , , , , , , , , , , , , , , , , , , , , , , 
9.9567692, 0.0323949, , , , , , , 9.9567692, -0.0109102, , , , , , , 9.9567692, -0.0095674, , , , , , , 9.9567692, 0.0085603, , , , , , , , , , , , , , , , , , , , , , , , , , , , 
9.9572885, 0.0325628, , , , , , , 9.9572885, -0.0109102, , , , , , , 9.9572885, -0.0105745, , , , , , , 9.9572885, 0.0072175, , , , , , , , , , , , , , , , , , , , , , , , , , , , 
9.9578077, 0.026688, , , , , , , 9.9578077, -0.0109102, , , , , , , 9.9578077, -0.0112459, , , , , , , 9.9578077, 0.008896, , , , , , , , , , , , , , , , , , , , , , , , , , , , 
9.9583269, 0.023331, , , , , , , 9.9583269, -0.0099031, , , , , , , 9.9583269, -0.012253, , , , , , , 9.9583269, 0.0077211, , , , , , , , , , , , , , , , , , , , , , , , , , , , 
9.9588462, 0.0250095, , , , , , , 9.9588462, -0.0082246, , , , , , , 9.9588462, -0.0135958, , , , , , , 9.9588462, 0.0035248, , , , , , , , , , , , , , , , , , , , , , , , , , , , 
9.9593654, 0.0285344, , , , , , , 9.9593654, -0.0062104, , , , , , , 9.9593654, -0.0164492, , , , , , , 9.9593654, -0.0008392, , , , , , , , , , , , , , , , , , , , , , , , , , , , 
9.9598846, 0.0310521, , , , , , , 9.9598846, -0.0052033, , , , , , , 9.9598846, -0.0162814, , , , , , , 9.9598846, -0.0045319, , , , , , , , , , , , , , , , , , , , , , , , , , , , 
9.9604038, 0.0293736, , , , , , , 9.9604038, -0.0050355, , , , , , , 9.9604038, -0.0142672, , , , , , , 9.9604038, -0.0065461, , , , , , , , , , , , , , , , , , , , , , , , , , , , 
9.9609231, 0.0265202, , , , , , , 9.9609231, -0.005539, , , , , , , 9.9609231, -0.01561, , , , , , , 9.9609231, -0.005539, , , , , , , , , , , , , , , , , , , , , , , , , , , , 
9.9614423, 0.0253452, , , , , , , 9.9614423, -0.0057069, , , , , , , 9.9614423, -0.0172885, , , , , , , 9.9614423, -0.0030213, , , , , , , , , , , , , , , , , , , , , , , , , , , , 
9.9619615, 0.0229953, , , , , , , 9.9619615, -0.0068818, , , , , , , 9.9619615, -0.0151064, , , , , , , 9.9619615, -0.002182, , , , , , , , , , , , , , , , , , , , , , , , , , , , 
9.9624808, 0.0199741, , , , , , , 9.9624808, -0.0099031, , , , , , , 9.9624808, -0.0115816, , , , , , , 9.9624808, -0.0030213, , , , , , , , , , , , , , , , , , , , , , , , , , , , 
9.963, 0.0157778, , , , , , , 9.963, -0.0109102, , , , , , , 9.963, -0.0092317, , , , , , , 9.963, -0.0015106, , , , , , , , , , , , , , , , , , , , , , , , , , , , 
9.9635192, 0.0078889, , , , , , , 9.9635192, -0.0085603, , , , , , , 9.9635192, -0.0082246, , , , , , , 9.9635192, 0.0011749, , , , , , , , , , , , , , , , , , , , , , , , , , , , 
9.9640385, 0.0018463, , , , , , , 9.9640385, -0.0062104, , , , , , , 9.9640385, -0.0078889, , , , , , , 9.9640385, 0.0038605, , , , , , , , , , , , , , , , , , , , , , , , , , , , 
9.9645577, 0.002182, , , , , , , 9.9645577, -0.0057069, , , , , , , 9.9645577, -0.0082246, , , , , , , 9.9645577, 0.008896, , , , , , , , , , , , , , , , , , , , , , , , , , , , 
9.9650769, 0.0018463, , , , , , , 9.9650769, -0.0068818, , , , , , , 9.9650769, -0.0075532, , , , , , , 9.9650769, 0.0159457, , , , , , , , , , , , , , , , , , , , , , , , , , , , 
9.9655962, -0.0001678, , , , , , , 9.9655962, -0.0072175, , , , , , , 9.9655962, -0.005539, , , , , , , 9.9655962, 0.0236667, , , , , , , , , , , , , , , , , , , , , , , , , , , , 
9.9661154, -0.0008392, , , , , , , 9.9661154, -0.0068818, , , , , , , 9.9661154, -0.0031891, , , , , , , 9.9661154, 0.0287022, , , , , , , , , , , , , , , , , , , , , , , , , , , , 
9.9666346, -0.0015106, , , , , , , 9.9666346, -0.0068818, , , , , , , 9.9666346, -0.0016785, , , , , , , 9.9666346, 0.0313878, , , , , , , , , , , , , , , , , , , , , , , , , , , , 
9.9671538, -0.0028534, , , , , , , 9.9671538, -0.0082246, , , , , , , 9.9671538, -0.0018463, , , , , , , 9.9671538, 0.0339055, , , , , , , , , , , , , , , , , , , , , , , , , , , , 
9.9676731, -0.0028534, , , , , , , 9.9676731, -0.0102388, , , , , , , 9.9676731, -0.0020142, , , , , , , 9.9676731, 0.0360876, , , , , , , , , , , , , , , , , , , , , , , , , , , , 
9.9681923, -0.002182, , , , , , , 9.9681923, -0.0095674, , , , , , , 9.9681923, -0.0035248, , , , , , , 9.9681923, 0.0350805, , , , , , , , , , , , , , , , , , , , , , , , , , , , 
9.9687115, -0.0025177, , , , , , , 9.9687115, -0.0072175, , , , , , , 9.9687115, -0.0048676, , , , , , , 9.9687115, 0.0285344, , , , , , , , , , , , , , , , , , , , , , , , , , , , 
9.9692308, 0.0011749, , , , , , , 9.9692308, -0.0045319, , , , , , , 9.9692308, -0.005539, , , , , , , 9.9692308, 0.0209812, , , , , , , , , , , , , , , , , , , , , , , , , , , , 
9.96975, 0.0057069, , , , , , , 9.96975, -0.0030213, , , , , , , 9.96975, -0.0058747, , , , , , , 9.96975, 0.0152743, , , , , , , , , , , , , , , , , , , , , , , , , , , , 
9.9702692, 0.0078889, , , , , , , 9.9702692, -0.0031891, , , , , , , 9.9702692, -0.0065461, , , , , , , 9.9702692, 0.0119173, , , , , , , , , , , , , , , , , , , , , , , , , , , , 
9.9707885, 0.008896, , , , , , , 9.9707885, -0.0045319, , , , , , , 9.9707885, -0.0072175, , , , , , , 9.9707885, 0.0092317, , , , , , , , , , , , , , , , , , , , , , , , , , , , 
9.9713077, 0.0052033, , , , , , , 9.9713077, -0.0062104, , , , , , , 9.9713077, -0.0078889, , , , , , , 9.9713077, 0.0068818, , , , , , , , , , , , , , , , , , , , , , , , , , , , 
9.9718269, 0.0025177, , , , , , , 9.9718269, -0.0078889, , , , , , , 9.9718269, -0.0082246, , , , , , , 9.9718269, 0.0050355, , , , , , , , , , , , , , , , , , , , , , , , , , , , 
9.9723462, 0.0035248, , , , , , , 9.9723462, -0.0099031, , , , , , , 9.9723462, -0.0082246, , , , , , , 9.9723462, 0.0048676, , , , , , , , , , , , , , , , , , , , , , , , , , , , 
9.9728654, 0.0065461, , , , , , , 9.9728654, -0.0095674, , , , , , , 9.9728654, -0.0082246, , , , , , , 9.9728654, 0.0052033, , , , , , , , , , , , , , , , , , , , , , , , , , , , 
9.9733846, 0.0090639, , , , , , , 9.9733846, -0.0082246, , , , , , , 9.9733846, -0.0075532, , , , , , , 9.9733846, 0.0052033, , , , , , , , , , , , , , , , , , , , , , , , , , , , 
9.9739038, 0.012253, , , , , , , 9.9739038, -0.0085603, , , , , , , 9.9739038, -0.0070497, , , , , , , 9.9739038, 0.0035248, , , , , , , , , , , , , , , , , , , , , , , , , , , , 
9.9744231, 0.0213169, , , , , , , 9.9744231, -0.0109102, , , , , , , 9.9744231, -0.0082246, , , , , , , 9.9744231, 0.0020142, , , , , , , , , , , , , , , , , , , , , , , , , , , , 
9.9749423, 0.0283665, , , , , , , 9.9749423, -0.012253, , , , , , , 9.9749423, -0.0082246, , , , , , , 9.9749423, 0.0038605, , , , , , , , , , , , , , , , , , , , , , , , , , , , 
9.9754615, 0.026688, , , , , , , 9.9754615, -0.0109102, , , , , , , 9.9754615, -0.0057069, , , , , , , 9.9754615, 0.0058747, , , , , , , , , , , , , , , , , , , , , , , , , , , , 
9.9759808, 0.0223239, , , , , , , 9.9759808, -0.0092317, , , , , , , 9.9759808, -0.0043641, , , , , , , 9.9759808, 0.0075532, , , , , , , , , , , , , , , , , , , , , , , , , , , , 
9.9765, 0.023331, , , , , , , 9.9765, -0.0092317, , , , , , , 9.9765, -0.0045319, , , , , , , 9.9765, 0.0072175, , , , , , , , , , , , , , , , , , , , , , , , , , , , 
9.9770192, 0.0246738, , , , , , , 9.9770192, -0.0097353, , , , , , , 9.9770192, -0.005539, , , , , , , 9.9770192, 0.0065461, , , , , , , , , , , , , , , , , , , , , , , , , , , , 
9.9775385, 0.0253452, , , , , , , 9.9775385, -0.0099031, , , , , , , 9.9775385, -0.0065461, , , , , , , 9.9775385, 0.0075532, , , , , , , , , , , , , , , , , , , , , , , , , , , , 
9.9780577, 0.026688, , , , , , , 9.9780577, -0.0102388, , , , , , , 9.9780577, -0.0082246, , , , , , , 9.9780577, 0.0072175, , , , , , , , , , , , , , , , , , , , , , , , , , , , 
9.9785769, 0.0287022, , , , , , , 9.9785769, -0.0095674, , , , , , , 9.9785769, -0.0090639, , , , , , , 9.9785769, 0.0031891, , , , , , , , , , , , , , , , , , , , , , , , , , , , 
9.9790962, 0.0310521, , , , , , , 9.9790962, -0.0102388, , , , , , , 9.9790962, -0.0095674, , , , , , , 9.9790962, -0.0046998, , , , , , , , , , , , , , , , , , , , , , , , , , , , 
9.9796154, 0.0330663, , , , , , , 9.9796154, -0.0109102, , , , , , , 9.9796154, -0.008896, , , , , , , 9.9796154, -0.0105745, , , , , , , , , , , , , , , , , , , , , , , , , , , , 
9.9801346, 0.0340734, , , , , , , 9.9801346, -0.0099031, , , , , , , 9.9801346, -0.0102388, , , , , , , 9.9801346, -0.0083925, , , , , , , , , , , , , , , , , , , , , , , , , , , , 
9.9806538, 0.0344091, , , , , , , 9.9806538, -0.0102388, , , , , , , 9.9806538, -0.0129244, , , , , , , 9.9806538, -0.0038605, , , , , , , , , , , , , , , , , , , , , , , , , , , , 
9.9811731, 0.0330663, , , , , , , 9.9811731, -0.0109102, , , , , , , 9.9811731, -0.0132601, , , , , , , 9.9811731, -0.0025177, , , , , , , , , , , , , , , , , , , , , , , , , , , , 
9.9816923, 0.0293736, , , , , , , 9.9816923, -0.0095674, , , , , , , 9.9816923, -0.0129244, , , , , , , 9.9816923, -0.0015106, , , , , , , , , , , , , , , , , , , , , , , , , , , , 
9.9822115, 0.0248417, , , , , , , 9.9822115, -0.0075532, , , , , , , 9.9822115, -0.0129244, , , , , , , 9.9822115, 0.0010071, , , , , , , , , , , , , , , , , , , , , , , , , , , , 
9.9827308, 0.0203098, , , , , , , 9.9827308, -0.006714, , , , , , , 9.9827308, -0.0135958, , , , , , , 9.9827308, 0.0045319, , , , , , , , , , , , , , , , , , , , , , , , , , , , 
9.98325, 0.0164492, , , , , , , 9.98325, -0.0082246, , , , , , , 9.98325, -0.0132601, , , , , , , 9.98325, 0.0109102, , , , , , , , , , , , , , , , , , , , , , , , , , , , 
9.9837692, 0.0125887, , , , , , , 9.9837692, -0.0082246, , , , , , , 9.9837692, -0.0105745, , , , , , , 9.9837692, 0.0176242, , , , , , , , , , , , , , , , , , , , , , , , , , , , 
9.9842885, 0.0102388, , , , , , , 9.9842885, -0.008896, , , , , , , 9.9842885, -0.0085603, , , , , , , 9.9842885, 0.0219883, , , , , , , , , , , , , , , , , , , , , , , , , , , , 
9.9848077, 0.0052033, , , , , , , 9.9848077, -0.0109102, , , , , , , 9.9848077, -0.0085603, , , , , , , 9.9848077, 0.0265202, , , , , , , , , , , , , , , , , , , , , , , , , , , , 
9.9853269, 0.0011749, , , , , , , 9.9853269, -0.0112459, , , , , , , 9.9853269, -0.0068818, , , , , , , 9.9853269, 0.0325628, , , , , , , , , , , , , , , , , , , , , , , , , , , , 
9.9858462, -0.002182, , , , , , , 9.9858462, -0.0119173, , , , , , , 9.9858462, -0.0062104, , , , , , , 9.9858462, 0.0374304, , , , , , , , , , , , , , , , , , , , , , , , , , , , 
9.9863654, -0.003357, , , , , , , 9.9863654, -0.0117494, , , , , , , 9.9863654, -0.0072175, , , , , , , 9.9863654, 0.0407874, , , , , , , , , , , , , , , , , , , , , , , , , , , , 
9.9868846, -0.0041962, , , , , , , 9.9868846, -0.0102388, , , , , , , 9.9868846, -0.0068818, , , , , , , 9.9868846, 0.0424659, , , , , , , , , , , , , , , , , , , , , , , , , , , , 
9.9874038, -0.0058747, , , , , , , 9.9874038, -0.0099031, , , , , , , 9.9874038, -0.0048676, , , , , , , 9.9874038, 0.0411231, , , , , , , , , , , , , , , , , , , , , , , , , , , , 
9.9879231, -0.0082246, , , , , , , 9.9879231, -0.008896, , , , , , , 9.9879231, -0.0036927, , , , , , , 9.9879231, 0.040116, , , , , , , , , , , , , , , , , , , , , , , , , , , , 
9.9884423, -0.0095674, , , , , , , 9.9884423, -0.0062104, , , , , , , 9.9884423, -0.0035248, , , , , , , 9.9884423, 0.0374304, , , , , , , , , , , , , , , , , , , , , , , , , , , , 
9.9889615, -0.0083925, , , , , , , 9.9889615, -0.0035248, , , , , , , 9.9889615, -0.0041962, , , , , , , 9.9889615, 0.0323949, , , , , , , , , , , , , , , , , , , , , , , , , , , , 
9.9894808, -0.0052033, , , , , , , 9.9894808, -0.0041962, , , , , , , 9.9894808, -0.0043641, , , , , , , 9.9894808, 0.0256809, , , , , , , , , , , , , , , , , , , , , , , , , , , , 
9.99, -0.0035248, , , , , , , 9.99, -0.0068818, , , , , , , 9.99, -0.0062104, , , , , , , 9.99, 0.0203098, , , , , , , , , , , , , , , , , , , , , , , , , , , , 
9.9905192, -0.0035248, , , , , , , 9.9905192, -0.0085603, , , , , , , 9.9905192, -0.0075532, , , , , , , 9.9905192, 0.0157778, , , , , , , , , , , , , , , , , , , , , , , , , , , , 
9.9910385, 0.0005035, , , , , , , 9.9910385, -0.0085603, , , , , , , 9.9910385, -0.0099031, , , , , , , 9.9910385, 0.0105745, , , , , , , , , , , , , , , , , , , , , , , , , , , , 
9.9915577, 0.0072175, , , , , , , 9.9915577, -0.0082246, , , , , , , 9.9915577, -0.0109102, , , , , , , 9.9915577, 0.0095674, , , , , , , , , , , , , , , , , , , , , , , , , , , , 
9.9920769, 0.0142672, , , , , , , 9.9920769, -0.0062104, , , , , , , 9.9920769, -0.0085603, , , , , , , 9.9920769, 0.0135958, , , , , , , , , , , , , , , , , , , , , , , , , , , , 
9.9925962, 0.0169528, , , , , , , 9.9925962, -0.0048676, , , , , , , 9.9925962, -0.0065461, , , , , , , 9.9925962, 0.0162814, , , , , , , , , , , , , , , , , , , , , , , , , , , , 
9.9931154, 0.0171206, , , , , , , 9.9931154, -0.0052033, , , , , , , 9.9931154, -0.0046998, , , , , , , 9.9931154, 0.0157778, , , , , , , , , , , , , , , , , , , , , , , , , , , , 
9.9936346, 0.0186313, , , , , , , 9.9936346, -0.005539, , , , , , , 9.9936346, -0.0052033, , , , , , , 9.9936346, 0.0142672, , , , , , , , , , , , , , , , , , , , , , , , , , , , 
9.9941538, 0.0226596, , , , , , , 9.9941538, -0.0063783, , , , , , , 9.9941538, -0.0058747, , , , , , , 9.9941538, 0.0124208, , , , , , , , , , , , , , , , , , , , , , , , , , , , 
9.9946731, 0.0204776, , , , , , , 9.9946731, -0.0075532, , , , , , , 9.9946731, -0.0063783, , , , , , , 9.9946731, 0.0105745, , , , , , , , , , , , , , , , , , , , , , , , , , , , 
9.9951923, 0.0139315, , , , , , , 9.9951923, -0.0062104, , , , , , , 9.9951923, -0.0058747, , , , , , , 9.9951923, 0.0097353, , , , , , , , , , , , , , , , , , , , , , , , , , , , 
9.9957115, 0.0125887, , , , , , , 9.9957115, -0.005539, , , , , , , 9.9957115, -0.0058747, , , , , , , 9.9957115, 0.0082246, , , , , , , , , , , , , , , , , , , , , , , , , , , , 
9.9962308, 0.0152743, , , , , , , 9.9962308, -0.0058747, , , , , , , 9.9962308, -0.0057069, , , , , , , 9.9962308, 0.0092317, , , , , , , , , , , , , , , , , , , , , , , , , , , , 
9.99675, 0.0159457, , , , , , , 9.99675, -0.0082246, , , , , , , 9.99675, -0.0045319, , , , , , , 9.99675, 0.0112459, , , , , , , , , , , , , , , , , , , , , , , , , , , , 
9.9972692, 0.0172885, , , , , , , 9.9972692, -0.0099031, , , , , , , 9.9972692, -0.0035248, , , , , , , 9.9972692, 0.012253, , , , , , , , , , , , , , , , , , , , , , , , , , , , 
9.9977885, 0.0199741, , , , , , , 9.9977885, -0.0099031, , , , , , , 9.9977885, -0.005539, , , , , , , 9.9977885, 0.012253, , , , , , , , , , , , , , , , , , , , , , , , , , , , 
9.9983077, 0.0164492, , , , , , , 9.9983077, -0.0078889, , , , , , , 9.9983077, -0.0087282, , , , , , , 9.9983077, 0.008896, , , , , , , , , , , , , , , , , , , , , , , , , , , , 
9.9988269, 0.0146029, , , , , , , 9.9988269, -0.0068818, , , , , , , 9.9988269, -0.0095674, , , , , , , 9.9988269, 0.003357, , , , , , , , , , , , , , , , , , , , , , , , , , , , 
9.9993462, 0.0226596, , , , , , , 9.9993462, -0.005539, , , , , , , 9.9993462, -0.0102388, , , , , , , 9.9993462, -0.0018463, , , , , , , , , , , , , , , , , , , , , , , , , , , , 
9.9998654, 0.0292058, , , , , , , 9.9998654, -0.005539, , , , , , , 9.9998654, -0.0112459, , , , , , , 9.9998654, -0.0062104, , , , , , , , , , , , , , , , , , , , , , , , , , , , 
10.0003846, 0.0313878, , , , , , , 10.0003846, -0.0075532, , , , , , , 10.0003846, -0.0095674, , , , , , , 10.0003846, -0.0078889, , , , , , , , , , , , , , , , , , , , , , , , , , , , 
10.0009038, 0.0320592, , , , , , , 10.0009038, -0.0085603, , , , , , , 10.0009038, -0.0072175, , , , , , , 10.0009038, -0.005539, , , , , , , , , , , , , , , , , , , , , , , , , , , , 
10.0014231, 0.030045, , , , , , , 10.0014231, -0.0075532, , , , , , , 10.0014231, -0.008896, , , , , , , 10.0014231, 0.0005035, , , , , , , , , , , , , , , , , , , , , , , , , , , , 
10.0019423, 0.0258488, , , , , , , 10.0019423, -0.0068818, , , , , , , 10.0019423, -0.0102388, , , , , , , 10.0019423, 0.002182, , , , , , , , , , , , , , , , , , , , , , , , , , , , 
10.0024615, 0.0196384, , , , , , , 10.0024615, -0.0052033, , , , , , , 10.0024615, -0.0107424, , , , , , , 10.0024615, 0.0008392, , , , , , , , , , , , , , , , , , , , , , , , , , , , 
10.0029808, 0.0146029, , , , , , , 10.0029808, -0.0031891, , , , , , , 10.0029808, -0.0095674, , , , , , , 10.0029808, 0.0023499, , , , , , , , , , , , , , , , , , , , , , , , , , , , 
10.0035, 0.0115816, , , , , , , 10.0035, -0.0028534, , , , , , , 10.0035, -0.0068818, , , , , , , 10.0035, 0.0082246, , , , , , , , , , , , , , , , , , , , , , , , , , , , 
10.0040192, 0.008896, , , , , , , 10.0040192, -0.0041962, , , , , , , 10.0040192, -0.0062104, , , , , , , 10.0040192, 0.0125887, , , , , , , , , , , , , , , , , , , , , , , , , , , , 
10.0045385, 0.0068818, , , , , , , 10.0045385, -0.0043641, , , , , , , 10.0045385, -0.0075532, , , , , , , 10.0045385, 0.0146029, , , , , , , , , , , , , , , , , , , , , , , , , , , , 
10.0050577, 0.0052033, , , , , , , 10.0050577, -0.0028534, , , , , , , 10.0050577, -0.0082246, , , , , , , 10.0050577, 0.017792, , , , , , , , , , , , , , , , , , , , , , , , , , , , 
10.0055769, 0.0011749, , , , , , , 10.0055769, -0.0011749, , , , , , , 10.0055769, -0.0082246, , , , , , , 10.0055769, 0.0219883, , , , , , , , , , , , , , , , , , , , , , , , , , , , 
10.0060962, -0.0045319, , , , , , , 10.0060962, -0.0018463, , , , , , , 10.0060962, -0.0068818, , , , , , , 10.0060962, 0.0270237, , , , , , , , , , , , , , , , , , , , , , , , , , , , 
10.0066154, -0.0050355, , , , , , , 10.0066154, -0.0028534, , , , , , , 10.0066154, -0.0058747, , , , , , , 10.0066154, 0.0313878, , , , , , , , , , , , , , , , , , , , , , , , , , , , 
10.0071346, -0.0062104, , , , , , , 10.0071346, -0.0038605, , , , , , , 10.0071346, -0.0072175, , , , , , , 10.0071346, 0.0340734, , , , , , , , , , , , , , , , , , , , , , , , , , , , 
10.0076538, -0.0083925, , , , , , , 10.0076538, -0.0045319, , , , , , , 10.0076538, -0.0068818, , , , , , , 10.0076538, 0.0332341, , , , , , , , , , , , , , , , , , , , , , , , , , , , 
10.0081731, -0.0060426, , , , , , , 10.0081731, -0.0062104, , , , , , , 10.0081731, -0.0053712, , , , , , , 10.0081731, 0.0325628, , , , , , , , , , , , , , , , , , , , , , , , , , , , 
10.0086923, -0.0031891, , , , , , , 10.0086923, -0.0075532, , , , , , , 10.0086923, -0.0038605, , , , , , , 10.0086923, 0.0293736, , , , , , , , , , , , , , , , , , , , , , , , , , , , 
10.0092115, -0.0003357, , , , , , , 10.0092115, -0.0075532, , , , , , , 10.0092115, -0.005539, , , , , , , 10.0092115, 0.0229953, , , , , , , , , , , , , , , , , , , , , , , , , , , , 
10.0097308, 0.0062104, , , , , , , 10.0097308, -0.0078889, , , , , , , 10.0097308, -0.0078889, , , , , , , 10.0097308, 0.0164492, , , , , , , , , , , , , , , , , , , , , , , , , , , , 
10.01025, 0.014435, , , , , , , 10.01025, -0.0082246, , , , , , , 10.01025, -0.0083925, , , , , , , 10.01025, 0.0132601, , , , , , , , , , , , , , , , , , , , , , , , , , , , 
10.0107692, 0.0209812, , , , , , , 10.0107692, -0.0060426, , , , , , , 10.0107692, -0.0075532, , , , , , , 10.0107692, 0.0139315, , , , , , , , , , , , , , , , , , , , , , , , , , , , 
10.0112885, 0.023331, , , , , , , 10.0112885, -0.0048676, , , , , , , 10.0112885, -0.0063783, , , , , , , 10.0112885, 0.012253, , , , , , , , , , , , , , , , , , , , , , , , , , , , 
10.0118077, 0.018967, , , , , , , 10.0118077, -0.0058747, , , , , , , 10.0118077, -0.005539, , , , , , , 10.0118077, 0.0099031, , , , , , , , , , , , , , , , , , , , , , , , , , , , 
10.0123269, 0.0198062, , , , , , , 10.0123269, -0.0072175, , , , , , , 10.0123269, -0.0045319, , , , , , , 10.0123269, 0.008896, , , , , , , , , , , , , , , , , , , , , , , , , , , , 
10.0128462, 0.0213169, , , , , , , 10.0128462, -0.008896, , , , , , , 10.0128462, -0.0045319, , , , , , , 10.0128462, 0.0082246, , , , , , , , , , , , , , , , , , , , , , , , , , , , 
10.0133654, 0.0224918, , , , , , , 10.0133654, -0.0085603, , , , , , , 10.0133654, -0.0082246, , , , , , , 10.0133654, 0.0052033, , , , , , , , , , , , , , , , , , , , , , , , , , , , 
10.0138846, 0.0246738, , , , , , , 10.0138846, -0.0068818, , , , , , , 10.0138846, -0.0095674, , , , , , , 10.0138846, 0.0031891, , , , , , , , , , , , , , , , , , , , , , , , , , , , 
10.0144038, 0.026688, , , , , , , 10.0144038, -0.0075532, , , , , , , 10.0144038, -0.0077211, , , , , , , 10.0144038, 0.0001678, , , , , , , , , , , , , , , , , , , , , , , , , , , , 
10.0149231, 0.0258488, , , , , , , 10.0149231, -0.0092317, , , , , , , 10.0149231, -0.0068818, , , , , , , 10.0149231, 0.0023499, , , , , , , , , , , , , , , , , , , , , , , , , , , , 
10.0154423, 0.0240024, , , , , , , 10.0154423, -0.0102388, , , , , , , 10.0154423, -0.005539, , , , , , , 10.0154423, 0.0092317, , , , , , , , , , , , , , , , , , , , , , , , , , , , 
10.0159615, 0.0246738, , , , , , , 10.0159615, -0.0095674, , , , , , , 10.0159615, -0.005539, , , , , , , 10.0159615, 0.012253, , , , , , , , , , , , , , , , , , , , , , , , , , , , 
10.0164808, 0.026688, , , , , , , 10.0164808, -0.0082246, , , , , , , 10.0164808, -0.0082246, , , , , , , 10.0164808, 0.0115816, , , , , , , , , , , , , , , , , , , , , , , , , , , , 
10.017, 0.0276951, , , , , , , 10.017, -0.0068818, , , , , , , 10.017, -0.0104067, , , , , , , 10.017, 0.0105745, , , , , , , , , , , , , , , , , , , , , , , , , , , , 
10.0175192, 0.026688, , , , , , , 10.0175192, -0.0083925, , , , , , , 10.0175192, -0.0109102, , , , , , , 10.0175192, 0.0099031, , , , , , , , , , , , , , , , , , , , , , , , , , , , 
10.0180385, 0.023331, , , , , , , 10.0180385, -0.0099031, , , , , , , 10.0180385, -0.0115816, , , , , , , 10.0180385, 0.0095674, , , , , , , , , , , , , , , , , , , , , , , , , , , , 
10.0185577, 0.0226596, , , , , , , 10.0185577, -0.0090639, , , , , , , 10.0185577, -0.0109102, , , , , , , 10.0185577, 0.0058747, , , , , , , , , , , , , , , , , , , , , , , , , , , , 
10.0190769, 0.0258488, , , , , , , 10.0190769, -0.0085603, , , , , , , 10.0190769, -0.0115816, , , , , , , 10.0190769, 0.0010071, , , , , , , , , , , , , , , , , , , , , , , , , , , , 
10.0195962, 0.0240024, , , , , , , 10.0195962, -0.0102388, , , , , , , 10.0195962, -0.0135958, , , , , , , 10.0195962, -0.0010071, , , , , , , , , , , , , , , , , , , , , , , , , , , , 
10.0201154, 0.0216526, , , , , , , 10.0201154, -0.0115816, , , , , , , 10.0201154, -0.0129244, , , , , , , 10.0201154, -0.0016785, , , , , , , , , , , , , , , , , , , , , , , , , , , , 
10.0206346, 0.0236667, , , , , , , 10.0206346, -0.0112459, , , , , , , 10.0206346, -0.0119173, , , , , , , 10.0206346, -0.0041962, , , , , , , , , , , , , , , , , , , , , , , , , , , , 
10.0211538, 0.0276951, , , , , , , 10.0211538, -0.0104067, , , , , , , 10.0211538, -0.0115816, , , , , , , 10.0211538, -0.0075532, , , , , , , , , , , , , , , , , , , , , , , , , , , , 
10.0216731, 0.0248417, , , , , , , 10.0216731, -0.0105745, , , , , , , 10.0216731, -0.011078, , , , , , , 10.0216731, -0.0062104, , , , , , , , , , , , , , , , , , , , , , , , , , , , 
10.0221923, 0.0171206, , , , , , , 10.0221923, -0.0112459, , , , , , , 10.0221923, -0.0112459, , , , , , , 10.0221923, -0.0031891, , , , , , , , , , , , , , , , , , , , , , , , , , , , 
10.0227115, 0.0115816, , , , , , , 10.0227115, -0.012253, , , , , , , 10.0227115, -0.0109102, , , , , , , 10.0227115, 0.0011749, , , , , , , , , , , , , , , , , , , , , , , , , , , , 
10.0232308, 0.0119173, , , , , , , 10.0232308, -0.012253, , , , , , , 10.0232308, -0.0109102, , , , , , , 10.0232308, 0.0078889, , , , , , , , , , , , , , , , , , , , , , , , , , , , 
10.02375, 0.0130922, , , , , , , 10.02375, -0.0115816, , , , , , , 10.02375, -0.0102388, , , , , , , 10.02375, 0.0139315, , , , , , , , , , , , , , , , , , , , , , , , , , , , 
10.0242692, 0.0135958, , , , , , , 10.0242692, -0.0112459, , , , , , , 10.0242692, -0.0068818, , , , , , , 10.0242692, 0.0186313, , , , , , , , , , , , , , , , , , , , , , , , , , , , 
10.0247885, 0.0142672, , , , , , , 10.0247885, -0.0102388, , , , , , , 10.0247885, -0.0050355, , , , , , , 10.0247885, 0.0206455, , , , , , , , , , , , , , , , , , , , , , , , , , , , 
10.0253077, 0.0095674, , , , , , , 10.0253077, -0.0105745, , , , , , , 10.0253077, -0.0036927, , , , , , , 10.0253077, 0.0250095, , , , , , , , , , , , , , , , , , , , , , , , , , , , 
10.0258269, 0.0062104, , , , , , , 10.0258269, -0.0109102, , , , , , , 10.0258269, -0.002182, , , , , , , 10.0258269, 0.0310521, , , , , , , , , , , , , , , , , , , , , , , , , , , , 
10.0263462, 0.0031891, , , , , , , 10.0263462, -0.0102388, , , , , , , 10.0263462, -0.0015106, , , , , , , 10.0263462, 0.0340734, , , , , , , , , , , , , , , , , , , , , , , , , , , , 
10.0268654, 0.0010071, , , , , , , 10.0268654, -0.0102388, , , , , , , 10.0268654, -0.0020142, , , , , , , 10.0268654, 0.0340734, , , , , , , , , , , , , , , , , , , , , , , , , , , , 
10.0273846, 0.0003357, , , , , , , 10.0273846, -0.0102388, , , , , , , 10.0273846, -0.0031891, , , , , , , 10.0273846, 0.0327306, , , , , , , , , , , , , , , , , , , , , , , , , , , , 
10.0279038, -0.0062104, , , , , , , 10.0279038, -0.008896, , , , , , , 10.0279038, -0.0038605, , , , , , , 10.0279038, 0.0320592, , , , , , , , , , , , , , , , , , , , , , , , , , , , 
10.0284231, -0.0077211, , , , , , , 10.0284231, -0.0085603, , , , , , , 10.0284231, -0.0025177, , , , , , , 10.0284231, 0.0339055, , , , , , , , , , , , , , , , , , , , , , , , , , , , 
10.0289423, 0.0005035, , , , , , , 10.0289423, -0.0082246, , , , , , , 10.0289423, 0.0005035, , , , , , , 10.0289423, 0.0325628, , , , , , , , , , , , , , , , , , , , , , , , , , , , 
10.0294615, 0.0102388, , , , , , , 10.0294615, -0.0082246, , , , , , , 10.0294615, 0.002182, , , , , , , 10.0294615, 0.0280308, , , , , , , , , , , , , , , , , , , , , , , , , , , , 
10.0299808, 0.0078889, , , , , , , 10.0299808, -0.0095674, , , , , , , 10.0299808, 0.0011749, , , , , , , 10.0299808, 0.0246738, , , , , , , , , , , , , , , , , , , , , , , , , , , , 
10.0305, 0.0043641, , , , , , , 10.0305, -0.010071, , , , , , , 10.0305, -0.0015106, , , , , , , 10.0305, 0.0206455, , , , , , , , , , , , , , , , , , , , , , , , , , , , 
10.0310192, 0.008896, , , , , , , 10.0310192, -0.0090639, , , , , , , 10.0310192, -0.002182, , , , , , , 10.0310192, 0.0166171, , , , , , , , , , , , , , , , , , , , , , , , , , , , 
10.0315385, 0.0164492, , , , , , , 10.0315385, -0.0082246, , , , , , , 10.0315385, -0.0041962, , , , , , , 10.0315385, 0.0152743, , , , , , , , , , , , , , , , , , , , , , , , , , , , 
10.0320577, 0.0159457, , , , , , , 10.0320577, -0.0085603, , , , , , , 10.0320577, -0.0077211, , , , , , , 10.0320577, 0.0151064, , , , , , , , , , , , , , , , , , , , , , , , , , , , 
10.0325769, 0.012253, , , , , , , 10.0325769, -0.0085603, , , , , , , 10.0325769, -0.0077211, , , , , , , 10.0325769, 0.0135958, , , , , , , , , , , , , , , , , , , , , , , , , , , , 
10.0330962, 0.0139315, , , , , , , 10.0330962, -0.0073854, , , , , , , 10.0330962, -0.0068818, , , , , , , 10.0330962, 0.0105745, , , , , , , , , , , , , , , , , , , , , , , , , , , , 
10.0336154, 0.0152743, , , , , , , 10.0336154, -0.0068818, , , , , , , 10.0336154, -0.008896, , , , , , , 10.0336154, 0.0068818, , , , , , , , , , , , , , , , , , , , , , , , , , , , 
10.0341346, 0.0149386, , , , , , , 10.0341346, -0.0070497, , , , , , , 10.0341346, -0.011078, , , , , , , 10.0341346, 0.005539, , , , , , , , , , , , , , , , , , , , , , , , , , , , 
10.0346538, 0.0139315, , , , , , , 10.0346538, -0.0072175, , , , , , , 10.0346538, -0.0102388, , , , , , , 10.0346538, 0.0078889, , , , , , , , , , , , , , , , , , , , , , , , , , , , 
10.0351731, 0.0112459, , , , , , , 10.0351731, -0.0068818, , , , , , , 10.0351731, -0.0090639, , , , , , , 10.0351731, 0.0105745, , , , , , , , , , , , , , , , , , , , , , , , , , , , 
10.0356923, 0.0105745, , , , , , , 10.0356923, -0.0065461, , , , , , , 10.0356923, -0.0083925, , , , , , , 10.0356923, 0.008896, , , , , , , , , , , , , , , , , , , , , , , , , , , , 
10.0362115, 0.0132601, , , , , , , 10.0362115, -0.0041962, , , , , , , 10.0362115, -0.0078889, , , , , , , 10.0362115, 0.0085603, , , , , , , , , , , , , , , , , , , , , , , , , , , , 
10.0367308, 0.0186313, , , , , , , 10.0367308, -0.0028534, , , , , , , 10.0367308, -0.0058747, , , , , , , 10.0367308, 0.0099031, , , , , , , , , , , , , , , , , , , , , , , , , , , , 
10.03725, 0.0240024, , , , , , , 10.03725, -0.0035248, , , , , , , 10.03725, -0.0048676, , , , , , , 10.03725, 0.011078, , , , , , , , , , , , , , , , , , , , , , , , , , , , 
10.0377692, 0.0297093, , , , , , , 10.0377692, -0.0050355, , , , , , , 10.0377692, -0.005539, , , , , , , 10.0377692, 0.0115816, , , , , , , , , , , , , , , , , , , , , , , , , , , , 
10.0382885, 0.0372625, , , , , , , 10.0382885, -0.0062104, , , , , , , 10.0382885, -0.0068818, , , , , , , 10.0382885, 0.0085603, , , , , , , , , , , , , , , , , , , , , , , , , , , , 
10.0388077, 0.0352483, , , , , , , 10.0388077, -0.0062104, , , , , , , 10.0388077, -0.0085603, , , , , , , 10.0388077, 0.0016785, , , , , , , , , , , , , , , , , , , , , , , , , , , , 
10.0393269, 0.0293736, , , , , , , 10.0393269, -0.0063783, , , , , , , 10.0393269, -0.0085603, , , , , , , 10.0393269, -0.0041962, , , , , , , , , , , , , , , , , , , , , , , , , , , , 
10.0398462, 0.0253452, , , , , , , 10.0398462, -0.0062104, , , , , , , 10.0398462, -0.008896, , , , , , , 10.0398462, -0.0058747, , , , , , , , , , , , , , , , , , , , , , , , , , , , 
10.0403654, 0.023331, , , , , , , 10.0403654, -0.005539, , , , , , , 10.0403654, -0.0083925, , , , , , , 10.0403654, -0.005539, , , , , , , , , , , , , , , , , , , , , , , , , , , , 
10.0408846, 0.018967, , , , , , , 10.0408846, -0.0065461, , , , , , , 10.0408846, -0.0095674, , , , , , , 10.0408846, -0.0085603, , , , , , , , , , , , , , , , , , , , , , , , , , , , 
10.0414038, 0.0169528, , , , , , , 10.0414038, -0.0075532, , , , , , , 10.0414038, -0.0109102, , , , , , , 10.0414038, -0.0132601, , , , , , , , , , , , , , , , , , , , , , , , , , , , 
10.0419231, 0.0169528, , , , , , , 10.0419231, -0.0085603, , , , , , , 10.0419231, -0.0102388, , , , , , , 10.0419231, -0.0142672, , , , , , , , , , , , , , , , , , , , , , , , , , , , 
10.0424423, 0.0129244, , , , , , , 10.0424423, -0.0068818, , , , , , , 10.0424423, -0.0097353, , , , , , , 10.0424423, -0.0135958, , , , , , , , , , , , , , , , , , , , , , , , , , , , 
10.0429615, 0.0109102, , , , , , , 10.0429615, -0.0068818, , , , , , , 10.0429615, -0.0102388, , , , , , , 10.0429615, -0.0095674, , , , , , , , , , , , , , , , , , , , , , , , , , , , 
10.0434808, 0.0104067, , , , , , , 10.0434808, -0.0082246, , , , , , , 10.0434808, -0.0095674, , , , , , , 10.0434808, -0.0035248, , , , , , , , , , , , , , , , , , , , , , , , , , , , 
10.044, 0.0048676, , , , , , , 10.044, -0.0073854, , , , , , , 10.044, -0.008896, , , , , , , 10.044, 0.0025177, , , , , , , , , , , , , , , , , , , , , , , , , , , , 
10.0445192, -0.0015106, , , , , , , 10.0445192, -0.0068818, , , , , , , 10.0445192, -0.008896, , , , , , , 10.0445192, 0.0093996, , , , , , , , , , , , , , , , , , , , , , , , , , , , 
10.0450385, -0.005539, , , , , , , 10.0450385, -0.0072175, , , , , , , 10.0450385, -0.0102388, , , , , , , 10.0450385, 0.0159457, , , , , , , , , , , , , , , , , , , , , , , , , , , , 
10.0455577, -0.008896, , , , , , , 10.0455577, -0.0072175, , , , , , , 10.0455577, -0.0102388, , , , , , , 10.0455577, 0.0216526, , , , , , , , , , , , , , , , , , , , , , , , , , , , 
10.0460769, -0.0109102, , , , , , , 10.0460769, -0.0075532, , , , , , , 10.0460769, -0.0087282, , , , , , , 10.0460769, 0.0258488, , , , , , , , , , , , , , , , , , , , , , , , , , , , 
10.0465962, -0.0146029, , , , , , , 10.0465962, -0.0075532, , , , , , , 10.0465962, -0.008896, , , , , , , 10.0465962, 0.0273594, , , , , , , , , , , , , , , , , , , , , , , , , , , , 
10.0471154, -0.0137636, , , , , , , 10.0471154, -0.0095674, , , , , , , 10.0471154, -0.0102388, , , , , , , 10.0471154, 0.0290379, , , , , , , , , , , , , , , , , , , , , , , , , , , , 
10.0476346, -0.0097353, , , , , , , 10.0476346, -0.0090639, , , , , , , 10.0476346, -0.0085603, , , , , , , 10.0476346, 0.0317235, , , , , , , , , , , , , , , , , , , , , , , , , , , , 
10.0481538, -0.0117494, , , , , , , 10.0481538, -0.0077211, , , , , , , 10.0481538, -0.0075532, , , , , , , 10.0481538, 0.0327306, , , , , , , , , , , , , , , , , , , , , , , , , , , , 
10.0486731, -0.0119173, , , , , , , 10.0486731, -0.0065461, , , , , , , 10.0486731, -0.0085603, , , , , , , 10.0486731, 0.0303807, , , , , , , , , , , , , , , , , , , , , , , , , , , , 
10.0491923, -0.0041962, , , , , , , 10.0491923, -0.005539, , , , , , , 10.0491923, -0.008896, , , , , , , 10.0491923, 0.0271916, , , , , , , , , , , , , , , , , , , , , , , , , , , , 
10.0497115, 0.0031891, , , , , , , 10.0497115, -0.0048676, , , , , , , 10.0497115, -0.0078889, , , , , , , 10.0497115, 0.0250095, , , , , , , , , , , , , , , , , , , , , , , , , , , , 
10.0502308, 0.0099031, , , , , , , 10.0502308, -0.0038605, , , , , , , 10.0502308, -0.0078889, , , , , , , 10.0502308, 0.0238346, , , , , , , , , , , , , , , , , , , , , , , , , , , , 
10.05075, 0.0119173, , , , , , , 10.05075, -0.0028534, , , , , , , 10.05075, -0.0082246, , , , , , , 10.05075, 0.0218204, , , , , , , , , , , , , , , , , , , , , , , , , , , , 
10.0512692, 0.0112459, , , , , , , 10.0512692, -0.0025177, , , , , , , 10.0512692, -0.0073854, , , , , , , 10.0512692, 0.0218204, , , , , , , , , , , , , , , , , , , , , , , , , , , , 
10.0517885, 0.0166171, , , , , , , 10.0517885, -0.0035248, , , , , , , 10.0517885, -0.0068818, , , , , , , 10.0517885, 0.0209812, , , , , , , , , , , , , , , , , , , , , , , , , , , , 
10.0523077, 0.0213169, , , , , , , 10.0523077, -0.0068818, , , , , , , 10.0523077, -0.0072175, , , , , , , 10.0523077, 0.017792, , , , , , , , , , , , , , , , , , , , , , , , , , , , 
10.0528269, 0.0203098, , , , , , , 10.0528269, -0.0083925, , , , , , , 10.0528269, -0.0082246, , , , , , , 10.0528269, 0.0172885, , , , , , , , , , , , , , , , , , , , , , , , , , , , 
10.0533462, 0.0166171, , , , , , , 10.0533462, -0.0085603, , , , , , , 10.0533462, -0.0099031, , , , , , , 10.0533462, 0.0196384, , , , , , , , , , , , , , , , , , , , , , , , , , , , 
10.0538654, 0.0152743, , , , , , , 10.0538654, -0.0075532, , , , , , , 10.0538654, -0.0112459, , , , , , , 10.0538654, 0.0172885, , , , , , , , , , , , , , , , , , , , , , , , , , , , 
10.0543846, 0.0151064, , , , , , , 10.0543846, -0.0068818, , , , , , , 10.0543846, -0.0095674, , , , , , , 10.0543846, 0.0124208, , , , , , , , , , , , , , , , , , , , , , , , , , , , 
10.0549038, 0.0157778, , , , , , , 10.0549038, -0.0063783, , , , , , , 10.0549038, -0.008896, , , , , , , 10.0549038, 0.0078889, , , , , , , , , , , , , , , , , , , , , , , , , , , , 
10.0554231, 0.0146029, , , , , , , 10.0554231, -0.005539, , , , , , , 10.0554231, -0.0077211, , , , , , , 10.0554231, 0.0072175, , , , , , , , , , , , , , , , , , , , , , , , , , , , 
10.0559423, 0.0092317, , , , , , , 10.0559423, -0.0048676, , , , , , , 10.0559423, -0.0075532, , , , , , , 10.0559423, 0.0085603, , , , , , , , , , , , , , , , , , , , , , , , , , , , 
10.0564615, 0.0078889, , , , , , , 10.0564615, -0.0048676, , , , , , , 10.0564615, -0.0072175, , , , , , , 10.0564615, 0.0095674, , , , , , , , , , , , , , , , , , , , , , , , , , , , 
10.0569808, 0.0099031, , , , , , , 10.0569808, -0.0048676, , , , , , , 10.0569808, -0.0058747, , , , , , , 10.0569808, 0.0082246, , , , , , , , , , , , , , , , , , , , , , , , , , , , 
10.0575, 0.0151064, , , , , , , 10.0575, -0.0065461, , , , , , , 10.0575, -0.0062104, , , , , , , 10.0575, 0.0072175, , , , , , , , , , , , , , , , , , , , , , , , , , , , 
10.0580192, 0.0196384, , , , , , , 10.0580192, -0.0092317, , , , , , , 10.0580192, -0.0068818, , , , , , , 10.0580192, 0.0041962, , , , , , , , , , , , , , , , , , , , , , , , , , , , 
10.0585385, 0.0238346, , , , , , , 10.0585385, -0.0092317, , , , , , , 10.0585385, -0.0063783, , , , , , , 10.0585385, 0.0005035, , , , , , , , , , , , , , , , , , , , , , , , , , , , 
10.0590577, 0.0283665, , , , , , , 10.0590577, -0.0075532, , , , , , , 10.0590577, -0.0078889, , , , , , , 10.0590577, -0.0035248, , , , , , , , , , , , , , , , , , , , , , , , , , , , 
10.0595769, 0.0337377, , , , , , , 10.0595769, -0.0068818, , , , , , , 10.0595769, -0.008896, , , , , , , 10.0595769, -0.0065461, , , , , , , , , , , , , , , , , , , , , , , , , , , , 
10.0600962, 0.0364233, , , , , , , 10.0600962, -0.006714, , , , , , , 10.0600962, -0.0095674, , , , , , , 10.0600962, -0.0065461, , , , , , , , , , , , , , , , , , , , , , , , , , , , 
10.0606154, 0.0381018, , , , , , , 10.0606154, -0.0072175, , , , , , , 10.0606154, -0.0109102, , , , , , , 10.0606154, -0.005539, , , , , , , , , , , , , , , , , , , , , , , , , , , , 
10.0611346, 0.0407874, , , , , , , 10.0611346, -0.0068818, , , , , , , 10.0611346, -0.0112459, , , , , , , 10.0611346, -0.0045319, , , , , , , , , , , , , , , , , , , , , , , , , , , , 
10.0616538, 0.0391089, , , , , , , 10.0616538, -0.0052033, , , , , , , 10.0616538, -0.0125887, , , , , , , 10.0616538, -0.0018463, , , , , , , , , , , , , , , , , , , , , , , , , , , , 
10.0621731, 0.0330663, , , , , , , 10.0621731, -0.005539, , , , , , , 10.0621731, -0.0129244, , , , , , , 10.0621731, -0.0001678, , , , , , , , , , , , , , , , , , , , , , , , , , , , 
10.0626923, 0.0246738, , , , , , , 10.0626923, -0.0082246, , , , , , , 10.0626923, -0.012253, , , , , , , 10.0626923, 0.0038605, , , , , , , , , , , , , , , , , , , , , , , , , , , , 
10.0632115, 0.0159457, , , , , , , 10.0632115, -0.008896, , , , , , , 10.0632115, -0.0102388, , , , , , , 10.0632115, 0.0104067, , , , , , , , , , , , , , , , , , , , , , , , , , , , 
10.0637308, 0.0115816, , , , , , , 10.0637308, -0.0075532, , , , , , , 10.0637308, -0.0082246, , , , , , , 10.0637308, 0.01561, , , , , , , , , , , , , , , , , , , , , , , , , , , , 
10.06425, 0.0112459, , , , , , , 10.06425, -0.0095674, , , , , , , 10.06425, -0.0075532, , , , , , , 10.06425, 0.0213169, , , , , , , , , , , , , , , , , , , , , , , , , , , , 
10.0647692, 0.0152743, , , , , , , 10.0647692, -0.0099031, , , , , , , 10.0647692, -0.0075532, , , , , , , 10.0647692, 0.0260166, , , , , , , , , , , , , , , , , , , , , , , , , , , , 
10.0652885, 0.0142672, , , , , , , 10.0652885, -0.0072175, , , , , , , 10.0652885, -0.0065461, , , , , , , 10.0652885, 0.0305486, , , , , , , , , , , , , , , , , , , , , , , , , , , , 
10.0658077, 0.0041962, , , , , , , 10.0658077, -0.005539, , , , , , , 10.0658077, -0.0058747, , , , , , , 10.0658077, 0.0347448, , , , , , , , , , , , , , , , , , , , , , , , , , , , 
10.0663269, -0.0063783, , , , , , , 10.0663269, -0.0062104, , , , , , , 10.0663269, -0.0050355, , , , , , , 10.0663269, 0.0372625, , , , , , , , , , , , , , , , , , , , , , , , , , , , 
10.0668462, -0.0097353, , , , , , , 10.0668462, -0.0087282, , , , , , , 10.0668462, -0.005539, , , , , , , 10.0668462, 0.0360876, , , , , , , , , , , , , , , , , , , , , , , , , , , , 
10.0673654, -0.0058747, , , , , , , 10.0673654, -0.008896, , , , , , , 10.0673654, -0.005539, , , , , , , 10.0673654, 0.0360876, , , , , , , , , , , , , , , , , , , , , , , , , , , , 
10.0678846, -0.0015106, , , , , , , 10.0678846, -0.0075532, , , , , , , 10.0678846, -0.0045319, , , , , , , 10.0678846, 0.0384375, , , , , , , , , , , , , , , , , , , , , , , , , , , , 
10.0684038, -0.0011749, , , , , , , 10.0684038, -0.0068818, , , , , , , 10.0684038, -0.0062104, , , , , , , 10.0684038, 0.0360876, , , , , , , , , , , , , , , , , , , , , , , , , , , , 
10.0689231, -0.0035248, , , , , , , 10.0689231, -0.0073854, , , , , , , 10.0689231, -0.0085603, , , , , , , 10.0689231, 0.0303807, , , , , , , , , , , , , , , , , , , , , , , , , , , , 
10.0694423, 0.0001678, , , , , , , 10.0694423, -0.0092317, , , , , , , 10.0694423, -0.008896, , , , , , , 10.0694423, 0.0273594, , , , , , , , , , , , , , , , , , , , , , , , , , , , 
10.0699615, 0.0092317, , , , , , , 10.0699615, -0.0119173, , , , , , , 10.0699615, -0.0082246, , , , , , , 10.0699615, 0.0253452, , , , , , , , , , , , , , , , , , , , , , , , , , , , 
10.0704808, 0.0186313, , , , , , , 10.0704808, -0.012253, , , , , , , 10.0704808, -0.0068818, , , , , , , 10.0704808, 0.0199741, , , , , , , , , , , , , , , , , , , , , , , , , , , , 
10.071, 0.0231632, , , , , , , 10.071, -0.012253, , , , , , , 10.071, -0.0078889, , , , , , , 10.071, 0.0152743, , , , , , , , , , , , , , , , , , , , , , , , , , , , 
10.0715192, 0.0223239, , , , , , , 10.0715192, -0.0139315, , , , , , , 10.0715192, -0.0102388, , , , , , , 10.0715192, 0.0149386, , , , , , , , , , , , , , , , , , , , , , , , , , , , 
10.0720385, 0.0206455, , , , , , , 10.0720385, -0.0142672, , , , , , , 10.0720385, -0.0112459, , , , , , , 10.0720385, 0.0146029, , , , , , , , , , , , , , , , , , , , , , , , , , , , 
10.0725577, 0.0196384, , , , , , , 10.0725577, -0.0132601, , , , , , , 10.0725577, -0.0124208, , , , , , , 10.0725577, 0.0129244, , , , , , , , , , , , , , , , , , , , , , , , , , , , 
10.0730769, 0.0162814, , , , , , , 10.0730769, -0.0105745, , , , , , , 10.0730769, -0.0125887, , , , , , , 10.0730769, 0.0102388, , , , , , , , , , , , , , , , , , , , , , , , , , , , 
10.0735962, 0.0166171, , , , , , , 10.0735962, -0.0082246, , , , , , , 10.0735962, -0.011078, , , , , , , 10.0735962, 0.008896, , , , , , , , , , , , , , , , , , , , , , , , , , , , 
10.0741154, 0.0159457, , , , , , , 10.0741154, -0.0075532, , , , , , , 10.0741154, -0.008896, , , , , , , 10.0741154, 0.0085603, , , , , , , , , , , , , , , , , , , , , , , , , , , , 
10.0746346, 0.0142672, , , , , , , 10.0746346, -0.0104067, , , , , , , 10.0746346, -0.0075532, , , , , , , 10.0746346, 0.008896, , , , , , , , , , , , , , , , , , , , , , , , , , , , 
10.0751538, 0.0146029, , , , , , , 10.0751538, -0.0102388, , , , , , , 10.0751538, -0.0075532, , , , , , , 10.0751538, 0.0085603, , , , , , , , , , , , , , , , , , , , , , , , , , , , 
10.0756731, 0.0149386, , , , , , , 10.0756731, -0.0077211, , , , , , , 10.0756731, -0.0083925, , , , , , , 10.0756731, 0.0077211, , , , , , , , , , , , , , , , , , , , , , , , , , , , 
10.0761923, 0.0135958, , , , , , , 10.0761923, -0.0085603, , , , , , , 10.0761923, -0.0097353, , , , , , , 10.0761923, 0.0082246, , , , , , , , , , , , , , , , , , , , , , , , , , , , 
10.0767115, 0.008896, , , , , , , 10.0767115, -0.0102388, , , , , , , 10.0767115, -0.0129244, , , , , , , 10.0767115, 0.0087282, , , , , , , , , , , , , , , , , , , , , , , , , , , , 
10.0772308, 0.0048676, , , , , , , 10.0772308, -0.0104067, , , , , , , 10.0772308, -0.0149386, , , , , , , 10.0772308, 0.0072175, , , , , , , , , , , , , , , , , , , , , , , , , , , , 
10.07775, 0.0052033, , , , , , , 10.07775, -0.012253, , , , , , , 10.07775, -0.0135958, , , , , , , 10.07775, 0.0036927, , , , , , , , , , , , , , , , , , , , , , , , , , , , 
10.0782692, 0.0099031, , , , , , , 10.0782692, -0.012253, , , , , , , 10.0782692, -0.0099031, , , , , , , 10.0782692, -0.0001678, , , , , , , , , , , , , , , , , , , , , , , , , , , , 
10.0787885, 0.0209812, , , , , , , 10.0787885, -0.0109102, , , , , , , 10.0787885, -0.0075532, , , , , , , 10.0787885, -0.0043641, , , , , , , , , , , , , , , , , , , , , , , , , , , , 
10.0793077, 0.0260166, , , , , , , 10.0793077, -0.0109102, , , , , , , 10.0793077, -0.0082246, , , , , , , 10.0793077, -0.0050355, , , , , , , , , , , , , , , , , , , , , , , , , , , , 
10.0798269, 0.0283665, , , , , , , 10.0798269, -0.0112459, , , , , , , 10.0798269, -0.0090639, , , , , , , 10.0798269, -0.0045319, , , , , , , , , , , , , , , , , , , , , , , , , , , , 
10.0803462, 0.0325628, , , , , , , 10.0803462, -0.0104067, , , , , , , 10.0803462, -0.0095674, , , , , , , 10.0803462, -0.0050355, , , , , , , , , , , , , , , , , , , , , , , , , , , , 
10.0808654, 0.0386053, , , , , , , 10.0808654, -0.008896, , , , , , , 10.0808654, -0.0078889, , , , , , , 10.0808654, -0.0050355, , , , , , , , , , , , , , , , , , , , , , , , , , , , 
10.0813846, 0.0404517, , , , , , , 10.0813846, -0.0085603, , , , , , , 10.0813846, -0.0048676, , , , , , , 10.0813846, -0.0052033, , , , , , , , , , , , , , , , , , , , , , , , , , , , 
10.0819038, 0.036759, , , , , , , 10.0819038, -0.0090639, , , , , , , 10.0819038, -0.0031891, , , , , , , 10.0819038, -0.0041962, , , , , , , , , , , , , , , , , , , , , , , , , , , , 
10.0824231, 0.0297093, , , , , , , 10.0824231, -0.0085603, , , , , , , 10.0824231, -0.0025177, , , , , , , 10.0824231, -0.0011749, , , , , , , , , , , , , , , , , , , , , , , , , , , , 
10.0829423, 0.0258488, , , , , , , 10.0829423, -0.0062104, , , , , , , 10.0829423, -0.0038605, , , , , , , 10.0829423, 0.0035248, , , , , , , , , , , , , , , , , , , , , , , , , , , , 
10.0834615, 0.0246738, , , , , , , 10.0834615, -0.0045319, , , , , , , 10.0834615, -0.0031891, , , , , , , 10.0834615, 0.0078889, , , , , , , , , , , , , , , , , , , , , , , , , , , , 
10.0839808, 0.0199741, , , , , , , 10.0839808, -0.0062104, , , , , , , 10.0839808, -0.0018463, , , , , , , 10.0839808, 0.0092317, , , , , , , , , , , , , , , , , , , , , , , , , , , , 
10.0845, 0.01561, , , , , , , 10.0845, -0.0072175, , , , , , , 10.0845, -0.0013428, , , , , , , 10.0845, 0.0104067, , , , , , , , , , , , , , , , , , , , , , , , , , , , 
10.0850192, 0.0095674, , , , , , , 10.0850192, -0.005539, , , , , , , 10.0850192, -0.0023499, , , , , , , 10.0850192, 0.0157778, , , , , , , , , , , , , , , , , , , , , , , , , , , , 
10.0855385, 0.0008392, , , , , , , 10.0855385, -0.0041962, , , , , , , 10.0855385, -0.0036927, , , , , , , 10.0855385, 0.0240024, , , , , , , , , , , , , , , , , , , , , , , , , , , , 
10.0860577, -0.0068818, , , , , , , 10.0860577, -0.0018463, , , , , , , 10.0860577, -0.0052033, , , , , , , 10.0860577, 0.030045, , , , , , , , , , , , , , , , , , , , , , , , , , , , 
10.0865769, -0.0132601, , , , , , , 10.0865769, -0.0028534, , , , , , , 10.0865769, -0.0045319, , , , , , , 10.0865769, 0.0339055, , , , , , , , , , , , , , , , , , , , , , , , , , , , 
10.0870962, -0.0203098, , , , , , , 10.0870962, -0.0045319, , , , , , , 10.0870962, -0.0028534, , , , , , , 10.0870962, 0.0359197, , , , , , , , , , , , , , , , , , , , , , , , , , , , 
10.0876154, -0.0240024, , , , , , , 10.0876154, -0.0046998, , , , , , , 10.0876154, -0.0023499, , , , , , , 10.0876154, 0.0354162, , , , , , , , , , , , , , , , , , , , , , , , , , , , 
10.0881346, -0.0219883, , , , , , , 10.0881346, -0.0043641, , , , , , , 10.0881346, -0.0023499, , , , , , , 10.0881346, 0.0347448, , , , , , , , , , , , , , , , , , , , , , , , , , , , 
10.0886538, -0.0179599, , , , , , , 10.0886538, -0.0052033, , , , , , , 10.0886538, -0.0031891, , , , , , , 10.0886538, 0.033402, , , , , , , , , , , , , , , , , , , , , , , , , , , , 
10.0891731, -0.0137636, , , , , , , 10.0891731, -0.0058747, , , , , , , 10.0891731, -0.0018463, , , , , , , 10.0891731, 0.0292058, , , , , , , , , , , , , , , , , , , , , , , , , , , , 
10.0896923, -0.0070497, , , , , , , 10.0896923, -0.0058747, , , , , , , 10.0896923, -0.0015106, , , , , , , 10.0896923, 0.0229953, , , , , , , , , , , , , , , , , , , , , , , , , , , , 
10.0902115, 0.0011749, , , , , , , 10.0902115, -0.005539, , , , , , , 10.0902115, -0.0018463, , , , , , , 10.0902115, 0.0182956, , , , , , , , , , , , , , , , , , , , , , , , , , , , 
10.0907308, 0.0075532, , , , , , , 10.0907308, -0.0062104, , , , , , , 10.0907308, -0.0031891, , , , , , , 10.0907308, 0.0159457, , , , , , , , , , , , , , , , , , , , , , , , , , , , 
10.09125, 0.0095674, , , , , , , 10.09125, -0.0078889, , , , , , , 10.09125, -0.0038605, , , , , , , 10.09125, 0.0146029, , , , , , , , , , , , , , , , , , , , , , , , , , , , 
10.0917692, 0.0105745, , , , , , , 10.0917692, -0.0083925, , , , , , , 10.0917692, -0.0057069, , , , , , , 10.0917692, 0.0130922, , , , , , , , , , , , , , , , , , , , , , , , , , , , 
10.0922885, 0.017792, , , , , , , 10.0922885, -0.0082246, , , , , , , 10.0922885, -0.0075532, , , , , , , 10.0922885, 0.0105745, , , , , , , , , , , , , , , , , , , , , , , , , , , , 
10.0928077, 0.0231632, , , , , , , 10.0928077, -0.0068818, , , , , , , 10.0928077, -0.0068818, , , , , , , 10.0928077, 0.0092317, , , , , , , , , , , , , , , , , , , , , , , , , , , , 
10.0933269, 0.0250095, , , , , , , 10.0933269, -0.0062104, , , , , , , 10.0933269, -0.0068818, , , , , , , 10.0933269, 0.0092317, , , , , , , , , , , , , , , , , , , , , , , , , , , , 
10.0938462, 0.023331, , , , , , , 10.0938462, -0.0058747, , , , , , , 10.0938462, -0.0082246, , , , , , , 10.0938462, 0.0102388, , , , , , , , , , , , , , , , , , , , , , , , , , , , 
10.0943654, 0.0218204, , , , , , , 10.0943654, -0.0075532, , , , , , , 10.0943654, -0.0090639, , , , , , , 10.0943654, 0.0124208, , , , , , , , , , , , , , , , , , , , , , , , , , , , 
10.0948846, 0.018967, , , , , , , 10.0948846, -0.0077211, , , , , , , 10.0948846, -0.0082246, , , , , , , 10.0948846, 0.0125887, , , , , , , , , , , , , , , , , , , , , , , , , , , , 
10.0954038, 0.0204776, , , , , , , 10.0954038, -0.0082246, , , , , , , 10.0954038, -0.008896, , , , , , , 10.0954038, 0.0105745, , , , , , , , , , , , , , , , , , , , , , , , , , , , 
10.0959231, 0.0290379, , , , , , , 10.0959231, -0.0072175, , , , , , , 10.0959231, -0.0102388, , , , , , , 10.0959231, 0.0115816, , , , , , , , , , , , , , , , , , , , , , , , , , , , 
10.0964423, 0.0350805, , , , , , , 10.0964423, -0.0058747, , , , , , , 10.0964423, -0.0102388, , , , , , , 10.0964423, 0.0102388, , , , , , , , , , , , , , , , , , , , , , , , , , , , 
10.0969615, 0.0337377, , , , , , , 10.0969615, -0.0082246, , , , , , , 10.0969615, -0.0097353, , , , , , , 10.0969615, 0.008896, , , , , , , , , , , , , , , , , , , , , , , , , , , , 
10.0974808, 0.0325628, , , , , , , 10.0974808, -0.0082246, , , , , , , 10.0974808, -0.0102388, , , , , , , 10.0974808, 0.0075532, , , , , , , , , , , , , , , , , , , , , , , , , , , , 
10.098, 0.0320592, , , , , , , 10.098, -0.0068818, , , , , , , 10.098, -0.0104067, , , , , , , 10.098, 0.0058747, , , , , , , , , , , , , , , , , , , , , , , , , , , , 
10.0985192, 0.0305486, , , , , , , 10.0985192, -0.0082246, , , , , , , 10.0985192, -0.0102388, , , , , , , 10.0985192, 0.0001678, , , , , , , , , , , , , , , , , , , , , , , , , , , , 
10.0990385, 0.0270237, , , , , , , 10.0990385, -0.0097353, , , , , , , 10.0990385, -0.0090639, , , , , , , 10.0990385, -0.0085603, , , , , , , , , , , , , , , , , , , , , , , , , , , , 
10.0995577, 0.0270237, , , , , , , 10.0995577, -0.008896, , , , , , , 10.0995577, -0.0099031, , , , , , , 10.0995577, -0.012253, , , , , , , , , , , , , , , , , , , , , , , , , , , , 
10.1000769, 0.0339055, , , , , , , 10.1000769, -0.0082246, , , , , , , 10.1000769, -0.0112459, , , , , , , 10.1000769, -0.0115816, , , , , , , , , , , , , , , , , , , , , , , , , , , , 
10.1005962, 0.0386053, , , , , , , 10.1005962, -0.0077211, , , , , , , 10.1005962, -0.0112459, , , , , , , 10.1005962, -0.0112459, , , , , , , , , , , , , , , , , , , , , , , , , , , , 
10.1011154, 0.0374304, , , , , , , 10.1011154, -0.0062104, , , , , , , 10.1011154, -0.0105745, , , , , , , 10.1011154, -0.0109102, , , , , , , , , , , , , , , , , , , , , , , , , , , , 
10.1016346, 0.0339055, , , , , , , 10.1016346, -0.0048676, , , , , , , 10.1016346, -0.0097353, , , , , , , 10.1016346, -0.0075532, , , , , , , , , , , , , , , , , , , , , , , , , , , , 
10.1021538, 0.0307164, , , , , , , 10.1021538, -0.0063783, , , , , , , 10.1021538, -0.0095674, , , , , , , 10.1021538, -0.0008392, , , , , , , , , , , , , , , , , , , , , , , , , , , , 
10.1026731, 0.026688, , , , , , , 10.1026731, -0.0075532, , , , , , , 10.1026731, -0.0115816, , , , , , , 10.1026731, 0.0062104, , , , , , , , , , , , , , , , , , , , , , , , , , , , 
10.1031923, 0.0223239, , , , , , , 10.1031923, -0.0063783, , , , , , , 10.1031923, -0.0132601, , , , , , , 10.1031923, 0.0105745, , , , , , , , , , , , , , , , , , , , , , , , , , , , 
10.1037115, 0.0199741, , , , , , , 10.1037115, -0.0065461, , , , , , , 10.1037115, -0.0119173, , , , , , , 10.1037115, 0.0142672, , , , , , , , , , , , , , , , , , , , , , , , , , , , 
10.1042308, 0.0146029, , , , , , , 10.1042308, -0.0082246, , , , , , , 10.1042308, -0.0095674, , , , , , , 10.1042308, 0.0186313, , , , , , , , , , , , , , , , , , , , , , , , , , , , 
10.10475, 0.0045319, , , , , , , 10.10475, -0.0105745, , , , , , , 10.10475, -0.0102388, , , , , , , 10.10475, 0.0226596, , , , , , , , , , , , , , , , , , , , , , , , , , , , 
10.1052692, -0.0045319, , , , , , , 10.1052692, -0.0109102, , , , , , , 10.1052692, -0.0095674, , , , , , , 10.1052692, 0.0273594, , , , , , , , , , , , , , , , , , , , , , , , , , , , 
10.1057885, -0.0068818, , , , , , , 10.1057885, -0.0105745, , , , , , , 10.1057885, -0.0078889, , , , , , , 10.1057885, 0.0293736, , , , , , , , , , , , , , , , , , , , , , , , , , , , 
10.1063077, -0.0058747, , , , , , , 10.1063077, -0.0109102, , , , , , , 10.1063077, -0.0065461, , , , , , , 10.1063077, 0.0307164, , , , , , , , , , , , , , , , , , , , , , , , , , , , 
10.1068269, -0.0031891, , , , , , , 10.1068269, -0.0112459, , , , , , , 10.1068269, -0.0072175, , , , , , , 10.1068269, 0.0332341, , , , , , , , , , , , , , , , , , , , , , , , , , , , 
10.1073462, -0.0028534, , , , , , , 10.1073462, -0.0109102, , , , , , , 10.1073462, -0.008896, , , , , , , 10.1073462, 0.0352483, , , , , , , , , , , , , , , , , , , , , , , , , , , , 
10.1078654, -0.0058747, , , , , , , 10.1078654, -0.0099031, , , , , , , 10.1078654, -0.0082246, , , , , , , 10.1078654, 0.0320592, , , , , , , , , , , , , , , , , , , , , , , , , , , , 
10.1083846, -0.0041962, , , , , , , 10.1083846, -0.0097353, , , , , , , 10.1083846, -0.0068818, , , , , , , 10.1083846, 0.0290379, , , , , , , , , , , , , , , , , , , , , , , , , , , , 
10.1089038, -0.0001678, , , , , , , 10.1089038, -0.0115816, , , , , , , 10.1089038, -0.0052033, , , , , , , 10.1089038, 0.0263523, , , , , , , , , , , , , , , , , , , , , , , , , , , , 
10.1094231, 0.0015106, , , , , , , 10.1094231, -0.0132601, , , , , , , 10.1094231, -0.0052033, , , , , , , 10.1094231, 0.0236667, , , , , , , , , , , , , , , , , , , , , , , , , , , , 
10.1099423, 0.0052033, , , , , , , 10.1099423, -0.0135958, , , , , , , 10.1099423, -0.0058747, , , , , , , 10.1099423, 0.0206455, , , , , , , , , , , , , , , , , , , , , , , , , , , , 
10.1104615, 0.0105745, , , , , , , 10.1104615, -0.0117494, , , , , , , 10.1104615, -0.0063783, , , , , , , 10.1104615, 0.0159457, , , , , , , , , , , , , , , , , , , , , , , , , , , , 
10.1109808, 0.0193027, , , , , , , 10.1109808, -0.0104067, , , , , , , 10.1109808, -0.005539, , , , , , , 10.1109808, 0.0117494, , , , , , , , , , , , , , , , , , , , , , , , , , , , 
10.1115, 0.0260166, , , , , , , 10.1115, -0.0104067, , , , , , , 10.1115, -0.0063783, , , , , , , 10.1115, 0.0095674, , , , , , , , , , , , , , , , , , , , , , , , , , , , 
10.1120192, 0.0236667, , , , , , , 10.1120192, -0.0109102, , , , , , , 10.1120192, -0.0065461, , , , , , , 10.1120192, 0.0095674, , , , , , , , , , , , , , , , , , , , , , , , , , , , 
10.1125385, 0.0169528, , , , , , , 10.1125385, -0.008896, , , , , , , 10.1125385, -0.0048676, , , , , , , 10.1125385, 0.0078889, , , , , , , , , , , , , , , , , , , , , , , , , , , , 
10.1130577, 0.014435, , , , , , , 10.1130577, -0.0072175, , , , , , , 10.1130577, -0.0052033, , , , , , , 10.1130577, 0.0065461, , , , , , , , , , , , , , , , , , , , , , , , , , , , 
10.1135769, 0.0137636, , , , , , , 10.1135769, -0.0058747, , , , , , , 10.1135769, -0.0085603, , , , , , , 10.1135769, 0.0075532, , , , , , , , , , , , , , , , , , , , , , , , , , , , 
10.1140962, 0.0109102, , , , , , , 10.1140962, -0.0062104, , , , , , , 10.1140962, -0.0095674, , , , , , , 10.1140962, 0.0078889, , , , , , , , , , , , , , , , , , , , , , , , , , , , 
10.1146154, 0.0105745, , , , , , , 10.1146154, -0.0072175, , , , , , , 10.1146154, -0.0068818, , , , , , , 10.1146154, 0.0057069, , , , , , , , , , , , , , , , , , , , , , , , , , , , 
10.1151346, 0.0117494, , , , , , , 10.1151346, -0.0072175, , , , , , , 10.1151346, -0.005539, , , , , , , 10.1151346, 0.0036927, , , , , , , , , , , , , , , , , , , , , , , , , , , , 
10.1156538, 0.012253, , , , , , , 10.1156538, -0.0078889, , , , , , , 10.1156538, -0.005539, , , , , , , 10.1156538, 0.0010071, , , , , , , , , , , , , , , , , , , , , , , , , , , , 
10.1161731, 0.0139315, , , , , , , 10.1161731, -0.0082246, , , , , , , 10.1161731, -0.0068818, , , , , , , 10.1161731, -0.0001678, , , , , , , , , , , , , , , , , , , , , , , , , , , , 
10.1166923, 0.0159457, , , , , , , 10.1166923, -0.0072175, , , , , , , 10.1166923, -0.0070497, , , , , , , 10.1166923, 0.002182, , , , , , , , , , , , , , , , , , , , , , , , , , , , 
10.1172115, 0.0129244, , , , , , , 10.1172115, -0.0065461, , , , , , , 10.1172115, -0.0057069, , , , , , , 10.1172115, 0.0052033, , , , , , , , , , , , , , , , , , , , , , , , , , , , 
10.1177308, 0.0105745, , , , , , , 10.1177308, -0.0072175, , , , , , , 10.1177308, -0.0045319, , , , , , , 10.1177308, 0.0058747, , , , , , , , , , , , , , , , , , , , , , , , , , , , 
10.11825, 0.0095674, , , , , , , 10.11825, -0.0075532, , , , , , , 10.11825, -0.0045319, , , , , , , 10.11825, 0.0043641, , , , , , , , , , , , , , , , , , , , , , , , , , , , 
10.1187692, 0.0149386, , , , , , , 10.1187692, -0.0072175, , , , , , , 10.1187692, -0.0062104, , , , , , , 10.1187692, -0.0003357, , , , , , , , , , , , , , , , , , , , , , , , , , , , 
10.1192885, 0.0226596, , , , , , , 10.1192885, -0.0050355, , , , , , , 10.1192885, -0.0082246, , , , , , , 10.1192885, -0.0052033, , , , , , , , , , , , , , , , , , , , , , , , , , , , 
10.1198077, 0.0240024, , , , , , , 10.1198077, -0.0036927, , , , , , , 10.1198077, -0.0075532, , , , , , , 10.1198077, -0.0072175, , , , , , , , , , , , , , , , , , , , , , , , , , , , 
10.1203269, 0.0231632, , , , , , , 10.1203269, -0.0036927, , , , , , , 10.1203269, -0.0058747, , , , , , , 10.1203269, -0.0102388, , , , , , , , , , , , , , , , , , , , , , , , , , , , 
10.1208462, 0.0253452, , , , , , , 10.1208462, -0.0035248, , , , , , , 10.1208462, -0.0068818, , , , , , , 10.1208462, -0.0142672, , , , , , , , , , , , , , , , , , , , , , , , , , , , 
10.1213654, 0.0258488, , , , , , , 10.1213654, -0.0038605, , , , , , , 10.1213654, -0.0095674, , , , , , , 10.1213654, -0.014435, , , , , , , , , , , , , , , , , , , , , , , , , , , , 
10.1218846, 0.0199741, , , , , , , 10.1218846, -0.0045319, , , , , , , 10.1218846, -0.0112459, , , , , , , 10.1218846, -0.008896, , , , , , , , , , , , , , , , , , , , , , , , , , , , 
10.1224038, 0.0109102, , , , , , , 10.1224038, -0.0028534, , , , , , , 10.1224038, -0.0109102, , , , , , , 10.1224038, -0.0011749, , , , , , , , , , , , , , , , , , , , , , , , , , , , 
10.1229231, 0.0072175, , , , , , , 10.1229231, -0.0028534, , , , , , , 10.1229231, -0.0095674, , , , , , , 10.1229231, 0.0072175, , , , , , , , , , , , , , , , , , , , , , , , , , , , 
10.1234423, 0.0078889, , , , , , , 10.1234423, -0.0052033, , , , , , , 10.1234423, -0.0085603, , , , , , , 10.1234423, 0.0119173, , , , , , , , , , , , , , , , , , , , , , , , , , , , 
10.1239615, 0.0085603, , , , , , , 10.1239615, -0.0062104, , , , , , , 10.1239615, -0.0095674, , , , , , , 10.1239615, 0.014435, , , , , , , , , , , , , , , , , , , , , , , , , , , , 
10.1244808, 0.0065461, , , , , , , 10.1244808, -0.0048676, , , , , , , 10.1244808, -0.0102388, , , , , , , 10.1244808, 0.0186313, , , , , , , , , , , , , , , , , , , , , , , , , , , , 
10.125, 0.0011749, , , , , , , 10.125, -0.0058747, , , , , , , 10.125, -0.0090639, , , , , , , 10.125, 0.0240024, , , , , , , , , , , , , , , , , , , , , , , , , , , , 
10.1255192, -0.002182, , , , , , , 10.1255192, -0.0104067, , , , , , , 10.1255192, -0.0072175, , , , , , , 10.1255192, 0.0303807, , , , , , , , , , , , , , , , , , , , , , , , , , , , 
10.1260385, -0.0015106, , , , , , , 10.1260385, -0.0139315, , , , , , , 10.1260385, -0.0050355, , , , , , , 10.1260385, 0.0364233, , , , , , , , , , , , , , , , , , , , , , , , , , , , 
10.1265577, -0.0001678, , , , , , , 10.1265577, -0.0130922, , , , , , , 10.1265577, -0.0028534, , , , , , , 10.1265577, 0.036759, , , , , , , , , , , , , , , , , , , , , , , , , , , , 
10.1270769, -0.002182, , , , , , , 10.1270769, -0.0112459, , , , , , , 10.1270769, -0.0025177, , , , , , , 10.1270769, 0.0381018, , , , , , , , , , , , , , , , , , , , , , , , , , , , 
10.1275962, -0.003357, , , , , , , 10.1275962, -0.0048676, , , , , , , 10.1275962, -0.0031891, , , , , , , 10.1275962, 0.0421302, , , , , , , , , , , , , , , , , , , , , , , , , , , , 
10.1281154, -0.0041962, , , , , , , 10.1281154, 0.0045319, , , , , , , 10.1281154, -0.002182, , , , , , , 10.1281154, 0.043473, , , , , , , , , , , , , , , , , , , , , , , , , , , , 
10.1286346, 0.0008392, , , , , , , 10.1286346, 0.0115816, , , , , , , 10.1286346, -0.0015106, , , , , , , 10.1286346, 0.0374304, , , , , , , , , , , , , , , , , , , , , , , , , , , , 
10.1291538, 0.0045319, , , , , , , 10.1291538, 0.0125887, , , , , , , 10.1291538, -0.002182, , , , , , , 10.1291538, 0.0290379, , , , , , , , , , , , , , , , , , , , , , , , , , , , 
10.1296731, 0.005539, , , , , , , 10.1296731, 0.0062104, , , , , , , 10.1296731, -0.0041962, , , , , , , 10.1296731, 0.0216526, , , , , , , , , , , , , , , , , , , , , , , , , , , , 
10.1301923, 0.0078889, , , , , , , 10.1301923, -0.0028534, , , , , , , 10.1301923, -0.0062104, , , , , , , 10.1301923, 0.0193027, , , , , , , , , , , , , , , , , , , , , , , , , , , , 
10.1307115, 0.0117494, , , , , , , 10.1307115, -0.0112459, , , , , , , 10.1307115, -0.0062104, , , , , , , 10.1307115, 0.0209812, , , , , , , , , , , , , , , , , , , , , , , , , , , , 
10.1312308, 0.0149386, , , , , , , 10.1312308, -0.0162814, , , , , , , 10.1312308, -0.0058747, , , , , , , 10.1312308, 0.0219883, , , , , , , , , , , , , , , , , , , , , , , , , , , , 
10.13175, 0.0119173, , , , , , , 10.13175, -0.018967, , , , , , , 10.13175, -0.0075532, , , , , , , 10.13175, 0.0172885, , , , , , , , , , , , , , , , , , , , , , , , , , , , 
10.1322692, 0.0135958, , , , , , , 10.1322692, -0.0196384, , , , , , , 10.1322692, -0.0092317, , , , , , , 10.1322692, 0.0137636, , , , , , , , , , , , , , , , , , , , , , , , , , , , 
10.1327885, 0.0171206, , , , , , , 10.1327885, -0.0198062, , , , , , , 10.1327885, -0.0099031, , , , , , , 10.1327885, 0.0115816, , , , , , , , , , , , , , , , , , , , , , , , , , , , 
10.1333077, 0.0139315, , , , , , , 10.1333077, -0.0209812, , , , , , , 10.1333077, -0.0102388, , , , , , , 10.1333077, 0.011078, , , , , , , , , , , , , , , , , , , , , , , , , , , , 
10.1338269, 0.0092317, , , , , , , 10.1338269, -0.0219883, , , , , , , 10.1338269, -0.0105745, , , , , , , 10.1338269, 0.0112459, , , , , , , , , , , , , , , , , , , , , , , , , , , , 
10.1343462, 0.0083925, , , , , , , 10.1343462, -0.018967, , , , , , , 10.1343462, -0.0099031, , , , , , , 10.1343462, 0.0119173, , , , , , , , , , , , , , , , , , , , , , , , , , , , 
10.1348654, 0.012253, , , , , , , 10.1348654, -0.0139315, , , , , , , 10.1348654, -0.0095674, , , , , , , 10.1348654, 0.0125887, , , , , , , , , , , , , , , , , , , , , , , , , , , , 
10.1353846, 0.0172885, , , , , , , 10.1353846, -0.0099031, , , , , , , 10.1353846, -0.0095674, , , , , , , 10.1353846, 0.011078, , , , , , , , , , , , , , , , , , , , , , , , , , , , 
10.1359038, 0.0171206, , , , , , , 10.1359038, -0.0072175, , , , , , , 10.1359038, -0.0085603, , , , , , , 10.1359038, 0.0075532, , , , , , , , , , , , , , , , , , , , , , , , , , , , 
10.1364231, 0.0129244, , , , , , , 10.1364231, -0.0068818, , , , , , , 10.1364231, -0.0075532, , , , , , , 10.1364231, 0.0068818, , , , , , , , , , , , , , , , , , , , , , , , , , , , 
10.1369423, 0.0119173, , , , , , , 10.1369423, -0.0087282, , , , , , , 10.1369423, -0.0065461, , , , , , , 10.1369423, 0.0092317, , , , , , , , , , , , , , , , , , , , , , , , , , , , 
10.1374615, 0.0149386, , , , , , , 10.1374615, -0.010071, , , , , , , 10.1374615, -0.0068818, , , , , , , 10.1374615, 0.0139315, , , , , , , , , , , , , , , , , , , , , , , , , , , , 
10.1379808, 0.0169528, , , , , , , 10.1379808, -0.0105745, , , , , , , 10.1379808, -0.0082246, , , , , , , 10.1379808, 0.0157778, , , , , , , , , , , , , , , , , , , , , , , , , , , , 
10.1385, 0.0199741, , , , , , , 10.1385, -0.0102388, , , , , , , 10.1385, -0.0099031, , , , , , , 10.1385, 0.0119173, , , , , , , , , , , , , , , , , , , , , , , , , , , , 
10.1390192, 0.0256809, , , , , , , 10.1390192, -0.0095674, , , , , , , 10.1390192, -0.012253, , , , , , , 10.1390192, 0.0025177, , , , , , , , , , , , , , , , , , , , , , , , , , , , 
10.1395385, 0.0317235, , , , , , , 10.1395385, -0.0082246, , , , , , , 10.1395385, -0.0129244, , , , , , , 10.1395385, -0.0035248, , , , , , , , , , , , , , , , , , , , , , , , , , , , 
10.1400577, 0.0318914, , , , , , , 10.1400577, -0.0068818, , , , , , , 10.1400577, -0.0119173, , , , , , , 10.1400577, -0.0068818, , , , , , , , , , , , , , , , , , , , , , , , , , , , 
10.1405769, 0.0297093, , , , , , , 10.1405769, -0.0058747, , , , , , , 10.1405769, -0.012253, , , , , , , 10.1405769, -0.0093996, , , , , , , , , , , , , , , , , , , , , , , , , , , , 
10.1410962, 0.0287022, , , , , , , 10.1410962, -0.0083925, , , , , , , 10.1410962, -0.0127565, , , , , , , 10.1410962, -0.008896, , , , , , , , , , , , , , , , , , , , , , , , , , , , 
10.1416154, 0.0298772, , , , , , , 10.1416154, -0.0102388, , , , , , , 10.1416154, -0.0135958, , , , , , , 10.1416154, -0.0068818, , , , , , , , , , , , , , , , , , , , , , , , , , , , 
10.1421346, 0.0297093, , , , , , , 10.1421346, -0.0104067, , , , , , , 10.1421346, -0.014435, , , , , , , 10.1421346, -0.002182, , , , , , , , , , , , , , , , , , , , , , , , , , , , 
10.1426538, 0.0271916, , , , , , , 10.1426538, -0.0092317, , , , , , , 10.1426538, -0.0129244, , , , , , , 10.1426538, 0.0052033, , , , , , , , , , , , , , , , , , , , , , , , , , , , 
10.1431731, 0.0236667, , , , , , , 10.1431731, -0.0077211, , , , , , , 10.1431731, -0.0095674, , , , , , , 10.1431731, 0.012253, , , , , , , , , , , , , , , , , , , , , , , , , , , , 
10.1436923, 0.0206455, , , , , , , 10.1436923, -0.0072175, , , , , , , 10.1436923, -0.0082246, , , , , , , 10.1436923, 0.01561, , , , , , , , , , , , , , , , , , , , , , , , , , , , 
10.1442115, 0.0139315, , , , , , , 10.1442115, -0.0083925, , , , , , , 10.1442115, -0.0075532, , , , , , , 10.1442115, 0.0182956, , , , , , , , , , , , , , , , , , , , , , , , , , , , 
10.1447308, 0.0085603, , , , , , , 10.1447308, -0.0087282, , , , , , , 10.1447308, -0.0068818, , , , , , , 10.1447308, 0.0240024, , , , , , , , , , , , , , , , , , , , , , , , , , , , 
10.14525, 0.0083925, , , , , , , 10.14525, -0.0068818, , , , , , , 10.14525, -0.0041962, , , , , , , 10.14525, 0.030045, , , , , , , , , , , , , , , , , , , , , , , , , , , , 
10.1457692, 0.0072175, , , , , , , 10.1457692, -0.0048676, , , , , , , 10.1457692, -0.0015106, , , , , , , 10.1457692, 0.0330663, , , , , , , , , , , , , , , , , , , , , , , , , , , , 
10.1462885, 0.0038605, , , , , , , 10.1462885, -0.005539, , , , , , , 10.1462885, -0.0018463, , , , , , , 10.1462885, 0.033402, , , , , , , , , , , , , , , , , , , , , , , , , , , , 
10.1468077, -0.0062104, , , , , , , 10.1468077, -0.0068818, , , , , , , 10.1468077, -0.0045319, , , , , , , 10.1468077, 0.0330663, , , , , , , , , , , , , , , , , , , , , , , , , , , , 
10.1473269, -0.012253, , , , , , , 10.1473269, -0.0048676, , , , , , , 10.1473269, -0.005539, , , , , , , 10.1473269, 0.0330663, , , , , , , , , , , , , , , , , , , , , , , , , , , , 
10.1478462, -0.0132601, , , , , , , 10.1478462, -0.002182, , , , , , , 10.1478462, -0.005539, , , , , , , 10.1478462, 0.033402, , , , , , , , , , , , , , , , , , , , , , , , , , , , 
10.1483654, -0.0102388, , , , , , , 10.1483654, -0.0041962, , , , , , , 10.1483654, -0.0045319, , , , , , , 10.1483654, 0.0310521, , , , , , , , , , , , , , , , , , , , , , , , , , , , 
10.1488846, -0.0028534, , , , , , , 10.1488846, -0.0058747, , , , , , , 10.1488846, -0.0028534, , , , , , , 10.1488846, 0.0260166, , , , , , , , , , , , , , , , , , , , , , , , , , , , 
10.1494038, 0.0075532, , , , , , , 10.1494038, -0.0057069, , , , , , , 10.1494038, -0.0031891, , , , , , , 10.1494038, 0.0219883, , , , , , , , , , , , , , , , , , , , , , , , , , , , 
10.1499231, 0.0119173, , , , , , , 10.1499231, -0.0035248, , , , , , , 10.1499231, -0.005539, , , , , , , 10.1499231, 0.0199741, , , , , , , , , , , , , , , , , , , , , , , , , , , , 
10.1504423, 0.0152743, , , , , , , 10.1504423, -0.0015106, , , , , , , 10.1504423, -0.0075532, , , , , , , 10.1504423, 0.017792, , , , , , , , , , , , , , , , , , , , , , , , , , , , 
10.1509615, 0.0186313, , , , , , , 10.1509615, -0.0015106, , , , , , , 10.1509615, -0.0058747, , , , , , , 10.1509615, 0.0142672, , , , , , , , , , , , , , , , , , , , , , , , , , , , 
10.1514808, 0.0231632, , , , , , , 10.1514808, -0.0041962, , , , , , , 10.1514808, -0.0035248, , , , , , , 10.1514808, 0.0135958, , , , , , , , , , , , , , , , , , , , , , , , , , , , 
10.152, 0.0263523, , , , , , , 10.152, -0.005539, , , , , , , 10.152, -0.0038605, , , , , , , 10.152, 0.0162814, , , , , , , , , , , , , , , , , , , , , , , , , , , , 
10.1525192, 0.0276951, , , , , , , 10.1525192, -0.0050355, , , , , , , 10.1525192, -0.0058747, , , , , , , 10.1525192, 0.0162814, , , , , , , , , , , , , , , , , , , , , , , , , , , , 
10.1530385, 0.0307164, , , , , , , 10.1530385, -0.0028534, , , , , , , 10.1530385, -0.0075532, , , , , , , 10.1530385, 0.0129244, , , , , , , , , , , , , , , , , , , , , , , , , , , , 
10.1535577, 0.0325628, , , , , , , 10.1535577, -0.0011749, , , , , , , 10.1535577, -0.0097353, , , , , , , 10.1535577, 0.0095674, , , , , , , , , , , , , , , , , , , , , , , , , , , , 
10.1540769, 0.0313878, , , , , , , 10.1540769, -0.0035248, , , , , , , 10.1540769, -0.0099031, , , , , , , 10.1540769, 0.0085603, , , , , , , , , , , , , , , , , , , , , , , , , , , , 
10.1545962, 0.0253452, , , , , , , 10.1545962, -0.005539, , , , , , , 10.1545962, -0.0095674, , , , , , , 10.1545962, 0.0052033, , , , , , , , , , , , , , , , , , , , , , , , , , , , 
10.1551154, 0.0229953, , , , , , , 10.1551154, -0.0041962, , , , , , , 10.1551154, -0.010071, , , , , , , 10.1551154, 0.0036927, , , , , , , , , , , , , , , , , , , , , , , , , , , , 
10.1556346, 0.0224918, , , , , , , 10.1556346, -0.0041962, , , , , , , 10.1556346, -0.0102388, , , , , , , 10.1556346, 0.0038605, , , , , , , , , , , , , , , , , , , , , , , , , , , , 
10.1561538, 0.0179599, , , , , , , 10.1561538, -0.005539, , , , , , , 10.1561538, -0.0102388, , , , , , , 10.1561538, 0.0052033, , , , , , , , , , , , , , , , , , , , , , , , , , , , 
10.1566731, 0.012253, , , , , , , 10.1566731, -0.0062104, , , , , , , 10.1566731, -0.0102388, , , , , , , 10.1566731, 0.0068818, , , , , , , , , , , , , , , , , , , , , , , , , , , , 
10.1571923, 0.0125887, , , , , , , 10.1571923, -0.0057069, , , , , , , 10.1571923, -0.0095674, , , , , , , 10.1571923, 0.0078889, , , , , , , , , , , , , , , , , , , , , , , , , , , , 
10.1577115, 0.0152743, , , , , , , 10.1577115, -0.0062104, , , , , , , 10.1577115, -0.0095674, , , , , , , 10.1577115, 0.0090639, , , , , , , , , , , , , , , , , , , , , , , , , , , , 
10.1582308, 0.0179599, , , , , , , 10.1582308, -0.0077211, , , , , , , 10.1582308, -0.0095674, , , , , , , 10.1582308, 0.0062104, , , , , , , , , , , , , , , , , , , , , , , , , , , , 
10.15875, 0.0181277, , , , , , , 10.15875, -0.011078, , , , , , , 10.15875, -0.0109102, , , , , , , 10.15875, 0.0008392, , , , , , , , , , , , , , , , , , , , , , , , , , , , 
10.1592692, 0.0186313, , , , , , , 10.1592692, -0.0112459, , , , , , , 10.1592692, -0.0129244, , , , , , , 10.1592692, -0.0030213, , , , , , , , , , , , , , , , , , , , , , , , , , , , 
10.1597885, 0.0179599, , , , , , , 10.1597885, -0.0095674, , , , , , , 10.1597885, -0.0124208, , , , , , , 10.1597885, -0.0062104, , , , , , , , , , , , , , , , , , , , , , , , , , , , 
10.1603077, 0.0125887, , , , , , , 10.1603077, -0.0095674, , , , , , , 10.1603077, -0.0139315, , , , , , , 10.1603077, -0.0097353, , , , , , , , , , , , , , , , , , , , , , , , , , , , 
10.1608269, 0.0073854, , , , , , , 10.1608269, -0.0090639, , , , , , , 10.1608269, -0.0149386, , , , , , , 10.1608269, -0.0115816, , , , , , , , , , , , , , , , , , , , , , , , , , , , 
10.1613462, 0.0068818, , , , , , , 10.1613462, -0.0109102, , , , , , , 10.1613462, -0.014435, , , , , , , 10.1613462, -0.008896, , , , , , , , , , , , , , , , , , , , , , , , , , , , 
10.1618654, 0.0078889, , , , , , , 10.1618654, -0.0114137, , , , , , , 10.1618654, -0.0142672, , , , , , , 10.1618654, -0.0043641, , , , , , , , , , , , , , , , , , , , , , , , , , , , 
10.1623846, 0.0062104, , , , , , , 10.1623846, -0.0102388, , , , , , , 10.1623846, -0.014435, , , , , , , 10.1623846, 0.002182, , , , , , , , , , , , , , , , , , , , , , , , , , , , 
10.1629038, 0.0058747, , , , , , , 10.1629038, -0.008896, , , , , , , 10.1629038, -0.0142672, , , , , , , 10.1629038, 0.0090639, , , , , , , , , , , , , , , , , , , , , , , , , , , , 
10.1634231, 0.0077211, , , , , , , 10.1634231, -0.0082246, , , , , , , 10.1634231, -0.0124208, , , , , , , 10.1634231, 0.0149386, , , , , , , , , , , , , , , , , , , , , , , , , , , , 
10.1639423, 0.011078, , , , , , , 10.1639423, -0.0082246, , , , , , , 10.1639423, -0.0129244, , , , , , , 10.1639423, 0.0172885, , , , , , , , , , , , , , , , , , , , , , , , , , , , 
10.1644615, 0.0162814, , , , , , , 10.1644615, -0.0072175, , , , , , , 10.1644615, -0.0129244, , , , , , , 10.1644615, 0.0198062, , , , , , , , , , , , , , , , , , , , , , , , , , , , 
10.1649808, 0.0157778, , , , , , , 10.1649808, -0.0062104, , , , , , , 10.1649808, -0.0095674, , , , , , , 10.1649808, 0.0253452, , , , , , , , , , , , , , , , , , , , , , , , , , , , 
10.1655, 0.0112459, , , , , , , 10.1655, -0.0068818, , , , , , , 10.1655, -0.0075532, , , , , , , 10.1655, 0.0307164, , , , , , , , , , , , , , , , , , , , , , , , , , , , 
10.1660192, 0.0078889, , , , , , , 10.1660192, -0.0082246, , , , , , , 10.1660192, -0.0068818, , , , , , , 10.1660192, 0.033402, , , , , , , , , , , , , , , , , , , , , , , , , , , , 
10.1665385, 0.0045319, , , , , , , 10.1665385, -0.0102388, , , , , , , 10.1665385, -0.0075532, , , , , , , 10.1665385, 0.0344091, , , , , , , , , , , , , , , , , , , , , , , , , , , , 
10.1670577, 0.0011749, , , , , , , 10.1670577, -0.012253, , , , , , , 10.1670577, -0.0068818, , , , , , , 10.1670577, 0.0340734, , , , , , , , , , , , , , , , , , , , , , , , , , , , 
10.1675769, 0.0025177, , , , , , , 10.1675769, -0.0125887, , , , , , , 10.1675769, -0.0035248, , , , , , , 10.1675769, 0.0342412, , , , , , , , , , , , , , , , , , , , , , , , , , , , 
10.1680962, 0.0045319, , , , , , , 10.1680962, -0.012253, , , , , , , 10.1680962, -0.0018463, , , , , , , 10.1680962, 0.0357519, , , , , , , , , , , , , , , , , , , , , , , , , , , , 
10.1686154, 0.002182, , , , , , , 10.1686154, -0.012253, , , , , , , 10.1686154, -0.0038605, , , , , , , 10.1686154, 0.0340734, , , , , , , , , , , , , , , , , , , , , , , , , , , , 
10.1691346, 0.0016785, , , , , , , 10.1691346, -0.0119173, , , , , , , 10.1691346, -0.0048676, , , , , , , 10.1691346, 0.0285344, , , , , , , , , , , , , , , , , , , , , , , , , , , , 
10.1696538, 0.0077211, , , , , , , 10.1696538, -0.011078, , , , , , , 10.1696538, -0.0050355, , , , , , , 10.1696538, 0.023331, , , , , , , , , , , , , , , , , , , , , , , , , , , , 
10.1701731, 0.0135958, , , , , , , 10.1701731, -0.0115816, , , , , , , 10.1701731, -0.0058747, , , , , , , 10.1701731, 0.0186313, , , , , , , , , , , , , , , , , , , , , , , , , , , , 
10.1706923, 0.0159457, , , , , , , 10.1706923, -0.0104067, , , , , , , 10.1706923, -0.0057069, , , , , , , 10.1706923, 0.0152743, , , , , , , , , , , , , , , , , , , , , , , , , , , , 
10.1712115, 0.0139315, , , , , , , 10.1712115, -0.0097353, , , , , , , 10.1712115, -0.0065461, , , , , , , 10.1712115, 0.0159457, , , , , , , , , , , , , , , , , , , , , , , , , , , , 
10.1717308, 0.0146029, , , , , , , 10.1717308, -0.0090639, , , , , , , 10.1717308, -0.0065461, , , , , , , 10.1717308, 0.0169528, , , , , , , , , , , , , , , , , , , , , , , , , , , , 
10.17225, 0.0172885, , , , , , , 10.17225, -0.0078889, , , , , , , 10.17225, -0.0058747, , , , , , , 10.17225, 0.0172885, , , , , , , , , , , , , , , , , , , , , , , , , , , , 
10.1727692, 0.017792, , , , , , , 10.1727692, -0.0048676, , , , , , , 10.1727692, -0.0050355, , , , , , , 10.1727692, 0.0152743, , , , , , , , , , , , , , , , , , , , , , , , , , , , 
10.1732885, 0.0203098, , , , , , , 10.1732885, -0.0031891, , , , , , , 10.1732885, -0.0050355, , , , , , , 10.1732885, 0.0139315, , , , , , , , , , , , , , , , , , , , , , , , , , , , 
10.1738077, 0.0199741, , , , , , , 10.1738077, -0.0041962, , , , , , , 10.1738077, -0.005539, , , , , , , 10.1738077, 0.0139315, , , , , , , , , , , , , , , , , , , , , , , , , , , , 
10.1743269, 0.0216526, , , , , , , 10.1743269, -0.0060426, , , , , , , 10.1743269, -0.0072175, , , , , , , 10.1743269, 0.0146029, , , , , , , , , , , , , , , , , , , , , , , , , , , , 
10.1748462, 0.0265202, , , , , , , 10.1748462, -0.0073854, , , , , , , 10.1748462, -0.0085603, , , , , , , 10.1748462, 0.0159457, , , , , , , , , , , , , , , , , , , , , , , , , , , , 
10.1753654, 0.0293736, , , , , , , 10.1753654, -0.0068818, , , , , , , 10.1753654, -0.0078889, , , , , , , 10.1753654, 0.0171206, , , , , , , , , , , , , , , , , , , , , , , , , , , , 
10.1758846, 0.0246738, , , , , , , 10.1758846, -0.0063783, , , , , , , 10.1758846, -0.0078889, , , , , , , 10.1758846, 0.0184634, , , , , , , , , , , , , , , , , , , , , , , , , , , , 
10.1764038, 0.0199741, , , , , , , 10.1764038, -0.0062104, , , , , , , 10.1764038, -0.008896, , , , , , , 10.1764038, 0.0172885, , , , , , , , , , , , , , , , , , , , , , , , , , , , 
10.1769231, 0.0240024, , , , , , , 10.1769231, -0.0065461, , , , , , , 10.1769231, -0.0078889, , , , , , , 10.1769231, 0.0149386, , , , , , , , , , , , , , , , , , , , , , , , , , , , 
10.1774423, 0.024506, , , , , , , 10.1774423, -0.0068818, , , , , , , 10.1774423, -0.0075532, , , , , , , 10.1774423, 0.0119173, , , , , , , , , , , , , , , , , , , , , , , , , , , , 
10.1779615, 0.0172885, , , , , , , 10.1779615, -0.0063783, , , , , , , 10.1779615, -0.0073854, , , , , , , 10.1779615, 0.0097353, , , , , , , , , , , , , , , , , , , , , , , , , , , , 
10.1784808, 0.014435, , , , , , , 10.1784808, -0.0072175, , , , , , , 10.1784808, -0.0082246, , , , , , , 10.1784808, 0.0057069, , , , , , , , , , , , , , , , , , , , , , , , , , , , 
10.179, 0.0193027, , , , , , , 10.179, -0.0068818, , , , , , , 10.179, -0.0082246, , , , , , , 10.179, -0.0008392, , , , , , , , , , , , , , , , , , , , , , , , , , , , 
10.1795192, 0.0253452, , , , , , , 10.1795192, -0.0065461, , , , , , , 10.1795192, -0.0095674, , , , , , , 10.1795192, -0.0075532, , , , , , , , , , , , , , , , , , , , , , , , , , , , 
10.1800385, 0.0246738, , , , , , , 10.1800385, -0.0068818, , , , , , , 10.1800385, -0.008896, , , , , , , 10.1800385, -0.012253, , , , , , , , , , , , , , , , , , , , , , , , , , , , 
10.1805577, 0.0240024, , , , , , , 10.1805577, -0.0068818, , , , , , , 10.1805577, -0.0082246, , , , , , , 10.1805577, -0.0135958, , , , , , , , , , , , , , , , , , , , , , , , , , , , 
10.1810769, 0.0270237, , , , , , , 10.1810769, -0.0077211, , , , , , , 10.1810769, -0.0099031, , , , , , , 10.1810769, -0.0115816, , , , , , , , , , , , , , , , , , , , , , , , , , , , 
10.1815962, 0.0236667, , , , , , , 10.1815962, -0.0078889, , , , , , , 10.1815962, -0.0125887, , , , , , , 10.1815962, -0.0070497, , , , , , , , , , , , , , , , , , , , , , , , , , , , 
10.1821154, 0.0157778, , , , , , , 10.1821154, -0.0085603, , , , , , , 10.1821154, -0.0149386, , , , , , , 10.1821154, -0.0011749, , , , , , , , , , , , , , , , , , , , , , , , , , , , 
10.1826346, 0.0112459, , , , , , , 10.1826346, -0.0104067, , , , , , , 10.1826346, -0.0139315, , , , , , , 10.1826346, 0.0031891, , , , , , , , , , , , , , , , , , , , , , , , , , , , 
10.1831538, 0.0082246, , , , , , , 10.1831538, -0.0115816, , , , , , , 10.1831538, -0.0105745, , , , , , , 10.1831538, 0.0070497, , , , , , , , , , , , , , , , , , , , , , , , , , , , 
10.1836731, 0.0063783, , , , , , , 10.1836731, -0.0119173, , , , , , , 10.1836731, -0.0102388, , , , , , , 10.1836731, 0.0105745, , , , , , , , , , , , , , , , , , , , , , , , , , , , 
10.1841923, 0.0048676, , , , , , , 10.1841923, -0.0129244, , , , , , , 10.1841923, -0.0092317, , , , , , , 10.1841923, 0.0149386, , , , , , , , , , , , , , , , , , , , , , , , , , , , 
10.1847115, 0.0016785, , , , , , , 10.1847115, -0.0129244, , , , , , , 10.1847115, -0.0068818, , , , , , , 10.1847115, 0.0219883, , , , , , , , , , , , , , , , , , , , , , , , , , , , 
10.1852308, 0.0008392, , , , , , , 10.1852308, -0.0102388, , , , , , , 10.1852308, -0.0048676, , , , , , , 10.1852308, 0.0283665, , , , , , , , , , , , , , , , , , , , , , , , , , , , 
10.18575, -0.0006714, , , , , , , 10.18575, -0.0109102, , , , , , , 10.18575, -0.0048676, , , , , , , 10.18575, 0.0339055, , , , , , , , , , , , , , , , , , , , , , , , , , , , 
10.1862692, -0.0015106, , , , , , , 10.1862692, -0.012253, , , , , , , 10.1862692, -0.0050355, , , , , , , 10.1862692, 0.0394446, , , , , , , , , , , , , , , , , , , , , , , , , , , , 
10.1867885, -0.0018463, , , , , , , 10.1867885, -0.0105745, , , , , , , 10.1867885, -0.0048676, , , , , , , 10.1867885, 0.0406195, , , , , , , , , , , , , , , , , , , , , , , , , , , , 
10.1873077, -0.0109102, , , , , , , 10.1873077, -0.0083925, , , , , , , 10.1873077, -0.0041962, , , , , , , 10.1873077, 0.0412909, , , , , , , , , , , , , , , , , , , , , , , , , , , , 
10.1878269, -0.0164492, , , , , , , 10.1878269, -0.0090639, , , , , , , 10.1878269, -0.0035248, , , , , , , 10.1878269, 0.0424659, , , , , , , , , , , , , , , , , , , , , , , , , , , , 
10.1883462, -0.014435, , , , , , , 10.1883462, -0.0082246, , , , , , , 10.1883462, -0.0015106, , , , , , , 10.1883462, 0.0387732, , , , , , , , , , , , , , , , , , , , , , , , , , , , 
10.1888654, -0.0119173, , , , , , , 10.1888654, -0.0073854, , , , , , , 10.1888654, -0.0001678, , , , , , , 10.1888654, 0.0307164, , , , , , , , , , , , , , , , , , , , , , , , , , , , 
10.1893846, -0.0062104, , , , , , , 10.1893846, -0.0062104, , , , , , , 10.1893846, -0.0018463, , , , , , , 10.1893846, 0.0223239, , , , , , , , , , , , , , , , , , , , , , , , , , , , 
10.1899038, -0.002182, , , , , , , 10.1899038, -0.005539, , , , , , , 10.1899038, -0.0031891, , , , , , , 10.1899038, 0.0166171, , , , , , , , , , , , , , , , , , , , , , , , , , , , 
10.1904231, 0.0005035, , , , , , , 10.1904231, -0.0058747, , , , , , , 10.1904231, -0.0028534, , , , , , , 10.1904231, 0.0146029, , , , , , , , , , , , , , , , , , , , , , , , , , , , 
10.1909423, 0.0025177, , , , , , , 10.1909423, -0.0085603, , , , , , , 10.1909423, -0.0035248, , , , , , , 10.1909423, 0.0129244, , , , , , , , , , , , , , , , , , , , , , , , , , , , 
10.1914615, 0.0068818, , , , , , , 10.1914615, -0.0109102, , , , , , , 10.1914615, -0.0048676, , , , , , , 10.1914615, 0.0099031, , , , , , , , , , , , , , , , , , , , , , , , , , , , 
10.1919808, 0.0099031, , , , , , , 10.1919808, -0.0105745, , , , , , , 10.1919808, -0.0041962, , , , , , , 10.1919808, 0.0092317, , , , , , , , , , , , , , , , , , , , , , , , , , , , 
10.1925, 0.0132601, , , , , , , 10.1925, -0.0077211, , , , , , , 10.1925, -0.0028534, , , , , , , 10.1925, 0.0105745, , , , , , , , , , , , , , , , , , , , , , , , , , , , 
10.1930192, 0.0196384, , , , , , , 10.1930192, -0.0072175, , , , , , , 10.1930192, -0.0028534, , , , , , , 10.1930192, 0.0112459, , , , , , , , , , , , , , , , , , , , , , , , , , , , 
10.1935385, 0.0236667, , , , , , , 10.1935385, -0.0075532, , , , , , , 10.1935385, -0.0041962, , , , , , , 10.1935385, 0.0072175, , , , , , , , , , , , , , , , , , , , , , , , , , , , 
10.1940577, 0.027863, , , , , , , 10.1940577, -0.0068818, , , , , , , 10.1940577, -0.0072175, , , , , , , 10.1940577, 0.0011749, , , , , , , , , , , , , , , , , , , , , , , , , , , , 
10.1945769, 0.0347448, , , , , , , 10.1945769, -0.0068818, , , , , , , 10.1945769, -0.0065461, , , , , , , 10.1945769, -0.0025177, , , , , , , , , , , , , , , , , , , , , , , , , , , , 
10.1950962, 0.0384375, , , , , , , 10.1950962, -0.0068818, , , , , , , 10.1950962, -0.0050355, , , , , , , 10.1950962, -0.0038605, , , , , , , , , , , , , , , , , , , , , , , , , , , , 
10.1956154, 0.0364233, , , , , , , 10.1956154, -0.0082246, , , , , , , 10.1956154, -0.0062104, , , , , , , 10.1956154, -0.0041962, , , , , , , , , , , , , , , , , , , , , , , , , , , , 
10.1961346, 0.0313878, , , , , , , 10.1961346, -0.0097353, , , , , , , 10.1961346, -0.0072175, , , , , , , 10.1961346, -0.0028534, , , , , , , , , , , , , , , , , , , , , , , , , , , , 
10.1966538, 0.0246738, , , , , , , 10.1966538, -0.0112459, , , , , , , 10.1966538, -0.0075532, , , , , , , 10.1966538, -0.0028534, , , , , , , , , , , , , , , , , , , , , , , , , , , , 
10.1971731, 0.0213169, , , , , , , 10.1971731, -0.011078, , , , , , , 10.1971731, -0.0075532, , , , , , , 10.1971731, -0.0035248, , , , , , , , , , , , , , , , , , , , , , , , , , , , 
10.1976923, 0.0206455, , , , , , , 10.1976923, -0.0099031, , , , , , , 10.1976923, -0.0085603, , , , , , , 10.1976923, -0.0048676, , , , , , , , , , , , , , , , , , , , , , , , , , , , 
10.1982115, 0.0182956, , , , , , , 10.1982115, -0.0085603, , , , , , , 10.1982115, -0.0109102, , , , , , , 10.1982115, -0.0095674, , , , , , , , , , , , , , , , , , , , , , , , , , , , 
10.1987308, 0.0199741, , , , , , , 10.1987308, -0.0063783, , , , , , , 10.1987308, -0.0112459, , , , , , , 10.1987308, -0.0169528, , , , , , , , , , , , , , , , , , , , , , , , , , , , 
10.19925, 0.0248417, , , , , , , 10.19925, -0.005539, , , , , , , 10.19925, -0.0102388, , , , , , , 10.19925, -0.0218204, , , , , , , , , , , , , , , , , , , , , , , , , , , , 
10.1997692, 0.0280308, , , , , , , 10.1997692, -0.0048676, , , , , , , 10.1997692, -0.0095674, , , , , , , 10.1997692, -0.0236667, , , , , , , , , , , , , , , , , , , , , , , , , , , , 
10.2002885, 0.0280308, , , , , , , 10.2002885, -0.005539, , , , , , , 10.2002885, -0.0102388, , , , , , , 10.2002885, -0.0236667, , , , , , , , , , , , , , , , , , , , , , , , , , , , 
10.2008077, 0.0209812, , , , , , , 10.2008077, -0.005539, , , , , , , 10.2008077, -0.008896, , , , , , , 10.2008077, -0.0216526, , , , , , , , , , , , , , , , , , , , , , , , , , , , 
10.2013269, 0.0159457, , , , , , , 10.2013269, -0.0058747, , , , , , , 10.2013269, -0.0078889, , , , , , , 10.2013269, -0.017792, , , , , , , , , , , , , , , , , , , , , , , , , , , , 
10.2018462, 0.0193027, , , , , , , 10.2018462, -0.0072175, , , , , , , 10.2018462, -0.008896, , , , , , , 10.2018462, -0.014435, , , , , , , , , , , , , , , , , , , , , , , , , , , , 
10.2023654, 0.0263523, , , , , , , 10.2023654, -0.0063783, , , , , , , 10.2023654, -0.0104067, , , , , , , 10.2023654, -0.0112459, , , , , , , , , , , , , , , , , , , , , , , , , , , , 
10.2028846, 0.030045, , , , , , , 10.2028846, -0.0043641, , , , , , , 10.2028846, -0.0104067, , , , , , , 10.2028846, -0.0050355, , , , , , , , , , , , , , , , , , , , , , , , , , , , 
10.2034038, 0.0270237, , , , , , , 10.2034038, -0.0043641, , , , , , , 10.2034038, -0.0085603, , , , , , , 10.2034038, 0.0011749, , , , , , , , , , , , , , , , , , , , , , , , , , , , 
10.2039231, 0.0171206, , , , , , , 10.2039231, -0.0041962, , , , , , , 10.2039231, -0.0058747, , , , , , , 10.2039231, 0.0075532, , , , , , , , , , , , , , , , , , , , , , , , , , , , 
10.2044423, 0.0043641, , , , , , , 10.2044423, -0.0031891, , , , , , , 10.2044423, -0.0065461, , , , , , , 10.2044423, 0.0137636, , , , , , , , , , , , , , , , , , , , , , , , , , , , 
10.2049615, -0.002182, , , , , , , 10.2049615, -0.0028534, , , , , , , 10.2049615, -0.0075532, , , , , , , 10.2049615, 0.0209812, , , , , , , , , , , , , , , , , , , , , , , , , , , , 
10.2054808, -0.0015106, , , , , , , 10.2054808, -0.0028534, , , , , , , 10.2054808, -0.0072175, , , , , , , 10.2054808, 0.027863, , , , , , , , , , , , , , , , , , , , , , , , , , , , 
10.206, 0.0011749, , , , , , , 10.206, -0.002182, , , , , , , 10.206, -0.0068818, , , , , , , 10.206, 0.0320592, , , , , , , , , , , , , , , , , , , , , , , , , , , , 
10.2065192, -0.0008392, , , , , , , 10.2065192, -0.002182, , , , , , , 10.2065192, -0.0082246, , , , , , , 10.2065192, 0.0354162, , , , , , , , , , , , , , , , , , , , , , , , , , , , 
10.2070385, -0.0023499, , , , , , , 10.2070385, -0.005539, , , , , , , 10.2070385, -0.0097353, , , , , , , 10.2070385, 0.0384375, , , , , , , , , , , , , , , , , , , , , , , , , , , , 
10.2075577, -0.0025177, , , , , , , 10.2075577, -0.0078889, , , , , , , 10.2075577, -0.0099031, , , , , , , 10.2075577, 0.0404517, , , , , , , , , , , , , , , , , , , , , , , , , , , , 
10.2080769, -0.0028534, , , , , , , 10.2080769, -0.008896, , , , , , , 10.2080769, -0.0082246, , , , , , , 10.2080769, 0.0387732, , , , , , , , , , , , , , , , , , , , , , , , , , , , 
10.2085962, -0.0041962, , , , , , , 10.2085962, -0.0095674, , , , , , , 10.2085962, -0.006714, , , , , , , 10.2085962, 0.0340734, , , , , , , , , , , , , , , , , , , , , , , , , , , , 
10.2091154, -0.0023499, , , , , , , 10.2091154, -0.008896, , , , , , , 10.2091154, -0.0072175, , , , , , , 10.2091154, 0.0290379, , , , , , , , , , , , , , , , , , , , , , , , , , , , 
10.2096346, 0.0011749, , , , , , , 10.2096346, -0.008896, , , , , , , 10.2096346, -0.0073854, , , , , , , 10.2096346, 0.0253452, , , , , , , , , , , , , , , , , , , , , , , , , , , , 
10.2101538, 0.0057069, , , , , , , 10.2101538, -0.0102388, , , , , , , 10.2101538, -0.0068818, , , , , , , 10.2101538, 0.0204776, , , , , , , , , , , , , , , , , , , , , , , , , , , , 
10.2106731, 0.0078889, , , , , , , 10.2106731, -0.0109102, , , , , , , 10.2106731, -0.0075532, , , , , , , 10.2106731, 0.0169528, , , , , , , , , , , , , , , , , , , , , , , , , , , , 
10.2111923, 0.0095674, , , , , , , 10.2111923, -0.0109102, , , , , , , 10.2111923, -0.008896, , , , , , , 10.2111923, 0.0139315, , , , , , , , , , , , , , , , , , , , , , , , , , , , 
10.2117115, 0.0129244, , , , , , , 10.2117115, -0.0109102, , , , , , , 10.2117115, -0.0085603, , , , , , , 10.2117115, 0.012253, , , , , , , , , , , , , , , , , , , , , , , , , , , , 
10.2122308, 0.0147707, , , , , , , 10.2122308, -0.0109102, , , , , , , 10.2122308, -0.0068818, , , , , , , 10.2122308, 0.0132601, , , , , , , , , , , , , , , , , , , , , , , , , , , , 
10.21275, 0.0139315, , , , , , , 10.21275, -0.0104067, , , , , , , 10.21275, -0.0062104, , , , , , , 10.21275, 0.0125887, , , , , , , , , , , , , , , , , , , , , , , , , , , , 
10.2132692, 0.0159457, , , , , , , 10.2132692, -0.0090639, , , , , , , 10.2132692, -0.0065461, , , , , , , 10.2132692, 0.0102388, , , , , , , , , , , , , , , , , , , , , , , , , , , , 
10.2137885, 0.0206455, , , , , , , 10.2137885, -0.0083925, , , , , , , 10.2137885, -0.0068818, , , , , , , 10.2137885, 0.0072175, , , , , , , , , , , , , , , , , , , , , , , , , , , , 
10.2143077, 0.0169528, , , , , , , 10.2143077, -0.0092317, , , , , , , 10.2143077, -0.0068818, , , , , , , 10.2143077, 0.0072175, , , , , , , , , , , , , , , , , , , , , , , , , , , , 
10.2148269, 0.0129244, , , , , , , 10.2148269, -0.0085603, , , , , , , 10.2148269, -0.0072175, , , , , , , 10.2148269, 0.0078889, , , , , , , , , , , , , , , , , , , , , , , , , , , , 
10.2153462, 0.0149386, , , , , , , 10.2153462, -0.0070497, , , , , , , 10.2153462, -0.0082246, , , , , , , 10.2153462, 0.0078889, , , , , , , , , , , , , , , , , , , , , , , , , , , , 
10.2158654, 0.0184634, , , , , , , 10.2158654, -0.0075532, , , , , , , 10.2158654, -0.0082246, , , , , , , 10.2158654, 0.0068818, , , , , , , , , , , , , , , , , , , , , , , , , , , , 
10.2163846, 0.0204776, , , , , , , 10.2163846, -0.0078889, , , , , , , 10.2163846, -0.0075532, , , , , , , 10.2163846, 0.0050355, , , , , , , , , , , , , , , , , , , , , , , , , , , , 
10.2169038, 0.0218204, , , , , , , 10.2169038, -0.0063783, , , , , , , 10.2169038, -0.0078889, , , , , , , 10.2169038, 0.0048676, , , , , , , , , , , , , , , , , , , , , , , , , , , , 
10.2174231, 0.0250095, , , , , , , 10.2174231, -0.005539, , , , , , , 10.2174231, -0.0085603, , , , , , , 10.2174231, 0.0090639, , , , , , , , , , , , , , , , , , , , , , , , , , , , 
10.2179423, 0.030045, , , , , , , 10.2179423, -0.005539, , , , , , , 10.2179423, -0.0115816, , , , , , , 10.2179423, 0.0085603, , , , , , , , , , , , , , , , , , , , , , , , , , , , 
10.2184615, 0.0332341, , , , , , , 10.2184615, -0.0062104, , , , , , , 10.2184615, -0.0151064, , , , , , , 10.2184615, 0.0016785, , , , , , , , , , , , , , , , , , , , , , , , , , , , 
10.2189808, 0.0340734, , , , , , , 10.2189808, -0.0072175, , , , , , , 10.2189808, -0.0149386, , , , , , , 10.2189808, -0.0045319, , , , , , , , , , , , , , , , , , , , , , , , , , , , 
10.2195, 0.0344091, , , , , , , 10.2195, -0.0072175, , , , , , , 10.2195, -0.0137636, , , , , , , 10.2195, -0.008896, , , , , , , , , , , , , , , , , , , , , , , , , , , , 
10.2200192, 0.033402, , , , , , , 10.2200192, -0.0072175, , , , , , , 10.2200192, -0.0129244, , , , , , , 10.2200192, -0.0112459, , , , , , , , , , , , , , , , , , , , , , , , , , , , 
10.2205385, 0.0320592, , , , , , , 10.2205385, -0.0062104, , , , , , , 10.2205385, -0.0127565, , , , , , , 10.2205385, -0.0102388, , , , , , , , , , , , , , , , , , , , , , , , , , , , 
10.2210577, 0.0340734, , , , , , , 10.2210577, -0.0028534, , , , , , , 10.2210577, -0.0132601, , , , , , , 10.2210577, -0.008896, , , , , , , , , , , , , , , , , , , , , , , , , , , , 
10.2215769, 0.0330663, , , , , , , 10.2215769, -0.0008392, , , , , , , 10.2215769, -0.0129244, , , , , , , 10.2215769, -0.0083925, , , , , , , , , , , , , , , , , , , , , , , , , , , , 
10.2220962, 0.026688, , , , , , , 10.2220962, -0.0031891, , , , , , , 10.2220962, -0.0115816, , , , , , , 10.2220962, -0.002182, , , , , , , , , , , , , , , , , , , , , , , , , , , , 
10.2226154, 0.023331, , , , , , , 10.2226154, -0.0068818, , , , , , , 10.2226154, -0.0104067, , , , , , , 10.2226154, 0.0052033, , , , , , , , , , , , , , , , , , , , , , , , , , , , 
10.2231346, 0.0176242, , , , , , , 10.2231346, -0.0082246, , , , , , , 10.2231346, -0.0117494, , , , , , , 10.2231346, 0.0095674, , , , , , , , , , , , , , , , , , , , , , , , , , , , 
10.2236538, 0.0102388, , , , , , , 10.2236538, -0.0085603, , , , , , , 10.2236538, -0.0102388, , , , , , , 10.2236538, 0.0105745, , , , , , , , , , , , , , , , , , , , , , , , , , , , 
10.2241731, 0.0052033, , , , , , , 10.2241731, -0.0075532, , , , , , , 10.2241731, -0.0082246, , , , , , , 10.2241731, 0.0159457, , , , , , , , , , , , , , , , , , , , , , , , , , , , 
10.2246923, -0.0015106, , , , , , , 10.2246923, -0.0075532, , , , , , , 10.2246923, -0.0078889, , , , , , , 10.2246923, 0.0273594, , , , , , , , , , , , , , , , , , , , , , , , , , , , 
10.2252115, -0.008896, , , , , , , 10.2252115, -0.0082246, , , , , , , 10.2252115, -0.0075532, , , , , , , 10.2252115, 0.0374304, , , , , , , , , , , , , , , , , , , , , , , , , , , , 
10.2257308, -0.0082246, , , , , , , 10.2257308, -0.0095674, , , , , , , 10.2257308, -0.0065461, , , , , , , 10.2257308, 0.0412909, , , , , , , , , , , , , , , , , , , , , , , , , , , , 
10.22625, -0.0048676, , , , , , , 10.22625, -0.0095674, , , , , , , 10.22625, -0.0068818, , , , , , , 10.22625, 0.0438087, , , , , , , , , , , , , , , , , , , , , , , , , , , , 
10.2267692, -0.0058747, , , , , , , 10.2267692, -0.0078889, , , , , , , 10.2267692, -0.0062104, , , , , , , 10.2267692, 0.0468299, , , , , , , , , , , , , , , , , , , , , , , , , , , , 
10.2272885, -0.0075532, , , , , , , 10.2272885, -0.0090639, , , , , , , 10.2272885, -0.0035248, , , , , , , 10.2272885, 0.0495155, , , , , , , , , , , , , , , , , , , , , , , , , , , , 
10.2278077, -0.0129244, , , , , , , 10.2278077, -0.011078, , , , , , , 10.2278077, -0.0028534, , , , , , , 10.2278077, 0.0498512, , , , , , , , , , , , , , , , , , , , , , , , , , , , 
10.2283269, -0.0146029, , , , , , , 10.2283269, -0.0112459, , , , , , , 10.2283269, -0.0028534, , , , , , , 10.2283269, 0.0468299, , , , , , , , , , , , , , , , , , , , , , , , , , , , 
10.2288462, -0.0075532, , , , , , , 10.2288462, -0.0095674, , , , , , , 10.2288462, -0.0018463, , , , , , , 10.2288462, 0.0407874, , , , , , , , , , , , , , , , , , , , , , , , , , , , 
10.2293654, 0.0016785, , , , , , , 10.2293654, -0.0095674, , , , , , , 10.2293654, -0.0015106, , , , , , , 10.2293654, 0.0344091, , , , , , , , , , , , , , , , , , , , , , , , , , , , 
10.2298846, 0.005539, , , , , , , 10.2298846, -0.0099031, , , , , , , 10.2298846, -0.0041962, , , , , , , 10.2298846, 0.0280308, , , , , , , , , , , , , , , , , , , , , , , , , , , , 
10.2304038, 0.0062104, , , , , , , 10.2304038, -0.008896, , , , , , , 10.2304038, -0.0058747, , , , , , , 10.2304038, 0.0209812, , , , , , , , , , , , , , , , , , , , , , , , , , , , 
10.2309231, 0.0078889, , , , , , , 10.2309231, -0.0075532, , , , , , , 10.2309231, -0.0062104, , , , , , , 10.2309231, 0.0172885, , , , , , , , , , , , , , , , , , , , , , , , , , , , 
10.2314423, 0.0092317, , , , , , , 10.2314423, -0.0090639, , , , , , , 10.2314423, -0.0070497, , , , , , , 10.2314423, 0.0142672, , , , , , , , , , , , , , , , , , , , , , , , , , , , 
10.2319615, 0.012253, , , , , , , 10.2319615, -0.0104067, , , , , , , 10.2319615, -0.0058747, , , , , , , 10.2319615, 0.0124208, , , , , , , , , , , , , , , , , , , , , , , , , , , , 
10.2324808, 0.01561, , , , , , , 10.2324808, -0.0115816, , , , , , , 10.2324808, -0.0045319, , , , , , , 10.2324808, 0.0119173, , , , , , , , , , , , , , , , , , , , , , , , , , , , 
10.233, 0.0162814, , , , , , , 10.233, -0.012253, , , , , , , 10.233, -0.0048676, , , , , , , 10.233, 0.0105745, , , , , , , , , , , , , , , , , , , , , , , , , , , , 
10.2335192, 0.0162814, , , , , , , 10.2335192, -0.0115816, , , , , , , 10.2335192, -0.0058747, , , , , , , 10.2335192, 0.0105745, , , , , , , , , , , , , , , , , , , , , , , , , , , , 
10.2340385, 0.0146029, , , , , , , 10.2340385, -0.011078, , , , , , , 10.2340385, -0.0082246, , , , , , , 10.2340385, 0.0129244, , , , , , , , , , , , , , , , , , , , , , , , , , , , 
10.2345577, 0.0132601, , , , , , , 10.2345577, -0.0109102, , , , , , , 10.2345577, -0.0082246, , , , , , , 10.2345577, 0.0159457, , , , , , , , , , , , , , , , , , , , , , , , , , , , 
10.2350769, 0.012253, , , , , , , 10.2350769, -0.0117494, , , , , , , 10.2350769, -0.0068818, , , , , , , 10.2350769, 0.0186313, , , , , , , , , , , , , , , , , , , , , , , , , , , , 
10.2355962, 0.0092317, , , , , , , 10.2355962, -0.012253, , , , , , , 10.2355962, -0.0075532, , , , , , , 10.2355962, 0.0172885, , , , , , , , , , , , , , , , , , , , , , , , , , , , 
10.2361154, 0.0109102, , , , , , , 10.2361154, -0.0109102, , , , , , , 10.2361154, -0.0082246, , , , , , , 10.2361154, 0.0142672, , , , , , , , , , , , , , , , , , , , , , , , , , , , 
10.2366346, 0.012253, , , , , , , 10.2366346, -0.0095674, , , , , , , 10.2366346, -0.0072175, , , , , , , 10.2366346, 0.012253, , , , , , , , , , , , , , , , , , , , , , , , , , , , 
10.2371538, 0.0142672, , , , , , , 10.2371538, -0.0082246, , , , , , , 10.2371538, -0.0068818, , , , , , , 10.2371538, 0.0119173, , , , , , , , , , , , , , , , , , , , , , , , , , , , 
10.2376731, 0.0172885, , , , , , , 10.2376731, -0.0072175, , , , , , , 10.2376731, -0.0058747, , , , , , , 10.2376731, 0.0129244, , , , , , , , , , , , , , , , , , , , , , , , , , , , 
10.2381923, 0.0213169, , , , , , , 10.2381923, -0.0085603, , , , , , , 10.2381923, -0.0043641, , , , , , , 10.2381923, 0.011078, , , , , , , , , , , , , , , , , , , , , , , , , , , , 
10.2387115, 0.0263523, , , , , , , 10.2387115, -0.0095674, , , , , , , 10.2387115, -0.0058747, , , , , , , 10.2387115, 0.0045319, , , , , , , , , , , , , , , , , , , , , , , , , , , , 
10.2392308, 0.030045, , , , , , , 10.2392308, -0.0085603, , , , , , , 10.2392308, -0.0082246, , , , , , , 10.2392308, -0.0008392, , , , , , , , , , , , , , , , , , , , , , , , , , , , 
10.23975, 0.0347448, , , , , , , 10.23975, -0.0072175, , , , , , , 10.23975, -0.0109102, , , , , , , 10.23975, -0.0028534, , , , , , , , , , , , , , , , , , , , , , , , , , , , 
10.2402692, 0.0392767, , , , , , , 10.2402692, -0.0073854, , , , , , , 10.2402692, -0.0115816, , , , , , , 10.2402692, -0.0058747, , , , , , , , , , , , , , , , , , , , , , , , , , , , 
10.2407885, 0.0431373, , , , , , , 10.2407885, -0.0068818, , , , , , , 10.2407885, -0.0099031, , , , , , , 10.2407885, -0.0082246, , , , , , , , , , , , , , , , , , , , , , , , , , , , 
10.2413077, 0.0384375, , , , , , , 10.2413077, -0.0065461, , , , , , , 10.2413077, -0.0095674, , , , , , , 10.2413077, -0.0082246, , , , , , , , , , , , , , , , , , , , , , , , , , , , 
10.2418269, 0.033402, , , , , , , 10.2418269, -0.0075532, , , , , , , 10.2418269, -0.0104067, , , , , , , 10.2418269, -0.005539, , , , , , , , , , , , , , , , , , , , , , , , , , , , 
10.2423462, 0.0313878, , , , , , , 10.2423462, -0.0082246, , , , , , , 10.2423462, -0.0102388, , , , , , , 10.2423462, -0.0016785, , , , , , , , , , , , , , , , , , , , , , , , , , , , 
10.2428654, 0.026688, , , , , , , 10.2428654, -0.0085603, , , , , , , 10.2428654, -0.0082246, , , , , , , 10.2428654, 0.0018463, , , , , , , , , , , , , , , , , , , , , , , , , , , , 
10.2433846, 0.0191348, , , , , , , 10.2433846, -0.0082246, , , , , , , 10.2433846, -0.0070497, , , , , , , 10.2433846, 0.0058747, , , , , , , , , , , , , , , , , , , , , , , , , , , , 
10.2439038, 0.0115816, , , , , , , 10.2439038, -0.0072175, , , , , , , 10.2439038, -0.008896, , , , , , , 10.2439038, 0.0099031, , , , , , , , , , , , , , , , , , , , , , , , , , , , 
10.2444231, 0.0045319, , , , , , , 10.2444231, -0.0068818, , , , , , , 10.2444231, -0.0099031, , , , , , , 10.2444231, 0.0139315, , , , , , , , , , , , , , , , , , , , , , , , , , , , 
10.2449423, -0.0001678, , , , , , , 10.2449423, -0.0065461, , , , , , , 10.2449423, -0.0099031, , , , , , , 10.2449423, 0.0203098, , , , , , , , , , , , , , , , , , , , , , , , , , , , 
10.2454615, -0.0048676, , , , , , , 10.2454615, -0.0062104, , , , , , , 10.2454615, -0.0099031, , , , , , , 10.2454615, 0.0287022, , , , , , , , , , , , , , , , , , , , , , , , , , , , 
10.2459808, -0.0109102, , , , , , , 10.2459808, -0.005539, , , , , , , 10.2459808, -0.008896, , , , , , , 10.2459808, 0.0347448, , , , , , , , , , , , , , , , , , , , , , , , , , , , 
10.2465, -0.01561, , , , , , , 10.2465, -0.005539, , , , , , , 10.2465, -0.0102388, , , , , , , 10.2465, 0.0370947, , , , , , , , , , , , , , , , , , , , , , , , , , , , 
10.2470192, -0.0186313, , , , , , , 10.2470192, -0.0062104, , , , , , , 10.2470192, -0.0092317, , , , , , , 10.2470192, 0.0386053, , , , , , , , , , , , , , , , , , , , , , , , , , , , 
10.2475385, -0.0198062, , , , , , , 10.2475385, -0.0068818, , , , , , , 10.2475385, -0.005539, , , , , , , 10.2475385, 0.0411231, , , , , , , , , , , , , , , , , , , , , , , , , , , , 
10.2480577, -0.0162814, , , , , , , 10.2480577, -0.0062104, , , , , , , 10.2480577, -0.0023499, , , , , , , 10.2480577, 0.0394446, , , , , , , , , , , , , , , , , , , , , , , , , , , , 
10.2485769, -0.0082246, , , , , , , 10.2485769, -0.0062104, , , , , , , 10.2485769, -0.002182, , , , , , , 10.2485769, 0.0357519, , , , , , , , , , , , , , , , , , , , , , , , , , , , 
10.2490962, 0.0025177, , , , , , , 10.2490962, -0.0052033, , , , , , , 10.2490962, -0.0031891, , , , , , , 10.2490962, 0.0305486, , , , , , , , , , , , , , , , , , , , , , , , , , , , 
10.2496154, 0.0072175, , , , , , , 10.2496154, -0.0048676, , , , , , , 10.2496154, -0.0031891, , , , , , , 10.2496154, 0.0253452, , , , , , , , , , , , , , , , , , , , , , , , , , , , 
10.2501346, 0.0078889, , , , , , , 10.2501346, -0.0052033, , , , , , , 10.2501346, -0.0041962, , , , , , , 10.2501346, 0.0216526, , , , , , , , , , , , , , , , , , , , , , , , , , , , 
10.2506538, 0.0112459, , , , , , , 10.2506538, -0.0052033, , , , , , , 10.2506538, -0.0068818, , , , , , , 10.2506538, 0.018967, , , , , , , , , , , , , , , , , , , , , , , , , , , , 
10.2511731, 0.0196384, , , , , , , 10.2511731, -0.0035248, , , , , , , 10.2511731, -0.0078889, , , , , , , 10.2511731, 0.0166171, , , , , , , , , , , , , , , , , , , , , , , , , , , , 
10.2516923, 0.0293736, , , , , , , 10.2516923, -0.0038605, , , , , , , 10.2516923, -0.0075532, , , , , , , 10.2516923, 0.0176242, , , , , , , , , , , , , , , , , , , , , , , , , , , , 
10.2522115, 0.0313878, , , , , , , 10.2522115, -0.0052033, , , , , , , 10.2522115, -0.0075532, , , , , , , 10.2522115, 0.0203098, , , , , , , , , , , , , , , , , , , , , , , , , , , , 
10.2527308, 0.0293736, , , , , , , 10.2527308, -0.0045319, , , , , , , 10.2527308, -0.0068818, , , , , , , 10.2527308, 0.0199741, , , , , , , , , , , , , , , , , , , , , , , , , , , , 
10.25325, 0.0283665, , , , , , , 10.25325, -0.0035248, , , , , , , 10.25325, -0.0057069, , , , , , , 10.25325, 0.0169528, , , , , , , , , , , , , , , , , , , , , , , , , , , , 
10.2537692, 0.026688, , , , , , , 10.2537692, -0.0035248, , , , , , , 10.2537692, -0.0058747, , , , , , , 10.2537692, 0.0152743, , , , , , , , , , , , , , , , , , , , , , , , , , , , 
10.2542885, 0.0250095, , , , , , , 10.2542885, -0.0030213, , , , , , , 10.2542885, -0.0078889, , , , , , , 10.2542885, 0.0166171, , , , , , , , , , , , , , , , , , , , , , , , , , , , 
10.2548077, 0.0213169, , , , , , , 10.2548077, -0.0041962, , , , , , , 10.2548077, -0.0092317, , , , , , , 10.2548077, 0.0186313, , , , , , , , , , , , , , , , , , , , , , , , , , , , 
10.2553269, 0.0229953, , , , , , , 10.2553269, -0.0050355, , , , , , , 10.2553269, -0.008896, , , , , , , 10.2553269, 0.0182956, , , , , , , , , , , , , , , , , , , , , , , , , , , , 
10.2558462, 0.0280308, , , , , , , 10.2558462, -0.0060426, , , , , , , 10.2558462, -0.008896, , , , , , , 10.2558462, 0.0159457, , , , , , , , , , , , , , , , , , , , , , , , , , , , 
10.2563654, 0.0293736, , , , , , , 10.2563654, -0.0083925, , , , , , , 10.2563654, -0.008896, , , , , , , 10.2563654, 0.0105745, , , , , , , , , , , , , , , , , , , , , , , , , , , , 
10.2568846, 0.0243381, , , , , , , 10.2568846, -0.0112459, , , , , , , 10.2568846, -0.0068818, , , , , , , 10.2568846, 0.0058747, , , , , , , , , , , , , , , , , , , , , , , , , , , , 
10.2574038, 0.0172885, , , , , , , 10.2574038, -0.0117494, , , , , , , 10.2574038, -0.0068818, , , , , , , 10.2574038, 0.0016785, , , , , , , , , , , , , , , , , , , , , , , , , , , , 
10.2579231, 0.01561, , , , , , , 10.2579231, -0.0102388, , , , , , , 10.2579231, -0.0093996, , , , , , , 10.2579231, -0.0035248, , , , , , , , , , , , , , , , , , , , , , , , , , , , 
10.2584423, 0.0186313, , , , , , , 10.2584423, -0.0085603, , , , , , , 10.2584423, -0.0115816, , , , , , , 10.2584423, -0.0125887, , , , , , , , , , , , , , , , , , , , , , , , , , , , 
10.2589615, 0.0246738, , , , , , , 10.2589615, -0.005539, , , , , , , 10.2589615, -0.0129244, , , , , , , 10.2589615, -0.0219883, , , , , , , , , , , , , , , , , , , , , , , , , , , , 
10.2594808, 0.0307164, , , , , , , 10.2594808, -0.0052033, , , , , , , 10.2594808, -0.0146029, , , , , , , 10.2594808, -0.0256809, , , , , , , , , , , , , , , , , , , , , , , , , , , , 
10.26, 0.0317235, , , , , , , 10.26, -0.0062104, , , , , , , 10.26, -0.0146029, , , , , , , 10.26, -0.023331, , , , , , , , , , , , , , , , , , , , , , , , , , , , 
10.2605192, 0.0270237, , , , , , , 10.2605192, -0.0062104, , , , , , , 10.2605192, -0.0125887, , , , , , , 10.2605192, -0.0216526, , , , , , , , , , , , , , , , , , , , , , , , , , , , 
10.2610385, 0.0206455, , , , , , , 10.2610385, -0.0058747, , , , , , , 10.2610385, -0.0117494, , , , , , , 10.2610385, -0.0223239, , , , , , , , , , , , , , , , , , , , , , , , , , , , 
10.2615577, 0.0176242, , , , , , , 10.2615577, -0.0078889, , , , , , , 10.2615577, -0.0112459, , , , , , , 10.2615577, -0.0206455, , , , , , , , , , , , , , , , , , , , , , , , , , , , 
10.2620769, 0.0182956, , , , , , , 10.2620769, -0.008896, , , , , , , 10.2620769, -0.0085603, , , , , , , 10.2620769, -0.0157778, , , , , , , , , , , , , , , , , , , , , , , , , , , , 
10.2625962, 0.0169528, , , , , , , 10.2625962, -0.0109102, , , , , , , 10.2625962, -0.008896, , , , , , , 10.2625962, -0.0102388, , , , , , , , , , , , , , , , , , , , , , , , , , , , 
10.2631154, 0.0119173, , , , , , , 10.2631154, -0.0104067, , , , , , , 10.2631154, -0.0112459, , , , , , , 10.2631154, -0.0048676, , , , , , , , , , , , , , , , , , , , , , , , , , , , 
10.2636346, 0.0109102, , , , , , , 10.2636346, -0.0095674, , , , , , , 10.2636346, -0.0115816, , , , , , , 10.2636346, -0.0001678, , , , , , , , , , , , , , , , , , , , , , , , , , , , 
10.2641538, 0.012253, , , , , , , 10.2641538, -0.008896, , , , , , , 10.2641538, -0.0095674, , , , , , , 10.2641538, 0.0068818, , , , , , , , , , , , , , , , , , , , , , , , , , , , 
10.2646731, 0.0112459, , , , , , , 10.2646731, -0.0075532, , , , , , , 10.2646731, -0.0075532, , , , , , , 10.2646731, 0.0146029, , , , , , , , , , , , , , , , , , , , , , , , , , , , 
10.2651923, 0.0040284, , , , , , , 10.2651923, -0.0062104, , , , , , , 10.2651923, -0.0062104, , , , , , , 10.2651923, 0.023331, , , , , , , , , , , , , , , , , , , , , , , , , , , , 
10.2657115, 0.0008392, , , , , , , 10.2657115, -0.0058747, , , , , , , 10.2657115, -0.0048676, , , , , , , 10.2657115, 0.0303807, , , , , , , , , , , , , , , , , , , , , , , , , , , , 
10.2662308, 0.0035248, , , , , , , 10.2662308, -0.0065461, , , , , , , 10.2662308, -0.0048676, , , , , , , 10.2662308, 0.0354162, , , , , , , , , , , , , , , , , , , , , , , , , , , , 
10.26675, 0.0050355, , , , , , , 10.26675, -0.0075532, , , , , , , 10.26675, -0.0048676, , , , , , , 10.26675, 0.0397803, , , , , , , , , , , , , , , , , , , , , , , , , , , , 
10.2672692, 0.0041962, , , , , , , 10.2672692, -0.0075532, , , , , , , 10.2672692, -0.002182, , , , , , , 10.2672692, 0.0439765, , , , , , , , , , , , , , , , , , , , , , , , , , , , 
10.2677885, 0.0057069, , , , , , , 10.2677885, -0.0062104, , , , , , , 10.2677885, -0.0008392, , , , , , , 10.2677885, 0.0431373, , , , , , , , , , , , , , , , , , , , , , , , , , , , 
10.2683077, 0.0018463, , , , , , , 10.2683077, -0.0075532, , , , , , , 10.2683077, -0.0026856, , , , , , , 10.2683077, 0.0387732, , , , , , , , , , , , , , , , , , , , , , , , , , , , 
10.2688269, -0.002182, , , , , , , 10.2688269, -0.0083925, , , , , , , 10.2688269, -0.005539, , , , , , , 10.2688269, 0.0307164, , , , , , , , , , , , , , , , , , , , , , , , , , , , 
10.2693462, -0.0011749, , , , , , , 10.2693462, -0.0082246, , , , , , , 10.2693462, -0.0062104, , , , , , , 10.2693462, 0.0236667, , , , , , , , , , , , , , , , , , , , , , , , , , , , 
10.2698654, 0.0045319, , , , , , , 10.2698654, -0.0082246, , , , , , , 10.2698654, -0.0062104, , , , , , , 10.2698654, 0.0179599, , , , , , , , , , , , , , , , , , , , , , , , , , , , 
10.2703846, 0.0068818, , , , , , , 10.2703846, -0.0077211, , , , , , , 10.2703846, -0.0063783, , , , , , , 10.2703846, 0.0146029, , , , , , , , , , , , , , , , , , , , , , , , , , , , 
10.2709038, 0.0045319, , , , , , , 10.2709038, -0.0075532, , , , , , , 10.2709038, -0.0077211, , , , , , , 10.2709038, 0.0142672, , , , , , , , , , , , , , , , , , , , , , , , , , , , 
10.2714231, 0.0085603, , , , , , , 10.2714231, -0.0075532, , , , , , , 10.2714231, -0.0085603, , , , , , , 10.2714231, 0.0151064, , , , , , , , , , , , , , , , , , , , , , , , , , , , 
10.2719423, 0.0137636, , , , , , , 10.2719423, -0.0068818, , , , , , , 10.2719423, -0.0107424, , , , , , , 10.2719423, 0.0146029, , , , , , , , , , , , , , , , , , , , , , , , , , , , 
10.2724615, 0.0132601, , , , , , , 10.2724615, -0.0058747, , , , , , , 10.2724615, -0.011078, , , , , , , 10.2724615, 0.0092317, , , , , , , , , , , , , , , , , , , , , , , , , , , , 
10.2729808, 0.010071, , , , , , , 10.2729808, -0.0058747, , , , , , , 10.2729808, -0.010071, , , , , , , 10.2729808, 0.0050355, , , , , , , , , , , , , , , , , , , , , , , , , , , , 
10.2735, 0.0102388, , , , , , , 10.2735, -0.0058747, , , , , , , 10.2735, -0.0109102, , , , , , , 10.2735, 0.0058747, , , , , , , , , , , , , , , , , , , , , , , , , , , , 
10.2740192, 0.0137636, , , , , , , 10.2740192, -0.0043641, , , , , , , 10.2740192, -0.0109102, , , , , , , 10.2740192, 0.0082246, , , , , , , , , , , , , , , , , , , , , , , , , , , , 
10.2745385, 0.0172885, , , , , , , 10.2745385, -0.0060426, , , , , , , 10.2745385, -0.0092317, , , , , , , 10.2745385, 0.0085603, , , , , , , , , , , , , , , , , , , , , , , , , , , , 
10.2750577, 0.0186313, , , , , , , 10.2750577, -0.0065461, , , , , , , 10.2750577, -0.0090639, , , , , , , 10.2750577, 0.008896, , , , , , , , , , , , , , , , , , , , , , , , , , , , 
10.2755769, 0.01561, , , , , , , 10.2755769, -0.0068818, , , , , , , 10.2755769, -0.0102388, , , , , , , 10.2755769, 0.0119173, , , , , , , , , , , , , , , , , , , , , , , , , , , , 
10.2760962, 0.0097353, , , , , , , 10.2760962, -0.0075532, , , , , , , 10.2760962, -0.008896, , , , , , , 10.2760962, 0.0172885, , , , , , , , , , , , , , , , , , , , , , , , , , , , 
10.2766154, 0.0065461, , , , , , , 10.2766154, -0.0068818, , , , , , , 10.2766154, -0.008896, , , , , , , 10.2766154, 0.0196384, , , , , , , , , , , , , , , , , , , , , , , , , , , , 
10.2771346, 0.0048676, , , , , , , 10.2771346, -0.0078889, , , , , , , 10.2771346, -0.008896, , , , , , , 10.2771346, 0.0204776, , , , , , , , , , , , , , , , , , , , , , , , , , , , 
10.2776538, 0.0052033, , , , , , , 10.2776538, -0.0085603, , , , , , , 10.2776538, -0.0083925, , , , , , , 10.2776538, 0.0193027, , , , , , , , , , , , , , , , , , , , , , , , , , , , 
10.2781731, 0.0132601, , , , , , , 10.2781731, -0.008896, , , , , , , 10.2781731, -0.0102388, , , , , , , 10.2781731, 0.0139315, , , , , , , , , , , , , , , , , , , , , , , , , , , , 
10.2786923, 0.0238346, , , , , , , 10.2786923, -0.0068818, , , , , , , 10.2786923, -0.0119173, , , , , , , 10.2786923, 0.005539, , , , , , , , , , , , , , , , , , , , , , , , , , , , 
10.2792115, 0.0273594, , , , , , , 10.2792115, -0.005539, , , , , , , 10.2792115, -0.0115816, , , , , , , 10.2792115, 0.0010071, , , , , , , , , , , , , , , , , , , , , , , , , , , , 
10.2797308, 0.027863, , , , , , , 10.2797308, -0.0072175, , , , , , , 10.2797308, -0.0109102, , , , , , , 10.2797308, -0.0001678, , , , , , , , , , , , , , , , , , , , , , , , , , , , 
10.28025, 0.0246738, , , , , , , 10.28025, -0.0095674, , , , , , , 10.28025, -0.0119173, , , , , , , 10.28025, -0.0025177, , , , , , , , , , , , , , , , , , , , , , , , , , , , 
10.2807692, 0.0199741, , , , , , , 10.2807692, -0.0109102, , , , , , , 10.2807692, -0.0129244, , , , , , , 10.2807692, -0.0028534, , , , , , , , , , , , , , , , , , , , , , , , , , , , 
10.2812885, 0.0223239, , , , , , , 10.2812885, -0.0109102, , , , , , , 10.2812885, -0.0135958, , , , , , , 10.2812885, -0.0015106, , , , , , , , , , , , , , , , , , , , , , , , , , , , 
10.2818077, 0.0213169, , , , , , , 10.2818077, -0.0102388, , , , , , , 10.2818077, -0.012253, , , , , , , 10.2818077, 0.002182, , , , , , , , , , , , , , , , , , , , , , , , , , , , 
10.2823269, 0.0152743, , , , , , , 10.2823269, -0.0119173, , , , , , , 10.2823269, -0.0085603, , , , , , , 10.2823269, 0.0075532, , , , , , , , , , , , , , , , , , , , , , , , , , , , 
10.2828462, 0.0102388, , , , , , , 10.2828462, -0.012253, , , , , , , 10.2828462, -0.0068818, , , , , , , 10.2828462, 0.0119173, , , , , , , , , , , , , , , , , , , , , , , , , , , , 
10.2833654, 0.0085603, , , , , , , 10.2833654, -0.0095674, , , , , , , 10.2833654, -0.0075532, , , , , , , 10.2833654, 0.0162814, , , , , , , , , , , , , , , , , , , , , , , , , , , , 
10.2838846, 0.005539, , , , , , , 10.2838846, -0.0068818, , , , , , , 10.2838846, -0.0058747, , , , , , , 10.2838846, 0.0199741, , , , , , , , , , , , , , , , , , , , , , , , , , , , 
10.2844038, 0.0005035, , , , , , , 10.2844038, -0.008896, , , , , , , 10.2844038, -0.0045319, , , , , , , 10.2844038, 0.0243381, , , , , , , , , , , , , , , , , , , , , , , , , , , , 
10.2849231, -0.0011749, , , , , , , 10.2849231, -0.0109102, , , , , , , 10.2849231, -0.0062104, , , , , , , 10.2849231, 0.0317235, , , , , , , , , , , , , , , , , , , , , , , , , , , , 
10.2854423, -0.0028534, , , , , , , 10.2854423, -0.0117494, , , , , , , 10.2854423, -0.0075532, , , , , , , 10.2854423, 0.0381018, , , , , , , , , , , , , , , , , , , , , , , , , , , , 
10.2859615, -0.0035248, , , , , , , 10.2859615, -0.0112459, , , , , , , 10.2859615, -0.0082246, , , , , , , 10.2859615, 0.0438087, , , , , , , , , , , , , , , , , , , , , , , , , , , , 
10.2864808, -0.0001678, , , , , , , 10.2864808, -0.0102388, , , , , , , 10.2864808, -0.0072175, , , , , , , 10.2864808, 0.04448, , , , , , , , , , , , , , , , , , , , , , , , , , , , 
10.287, -0.0011749, , , , , , , 10.287, -0.0105745, , , , , , , 10.287, -0.0058747, , , , , , , 10.287, 0.0438087, , , , , , , , , , , , , , , , , , , , , , , , , , , , 
10.2875192, -0.005539, , , , , , , 10.2875192, -0.011078, , , , , , , 10.2875192, -0.0045319, , , , , , , 10.2875192, 0.0438087, , , , , , , , , , , , , , , , , , , , , , , , , , , , 
10.2880385, -0.0048676, , , , , , , 10.2880385, -0.0102388, , , , , , , 10.2880385, -0.0031891, , , , , , , 10.2880385, 0.0431373, , , , , , , , , , , , , , , , , , , , , , , , , , , , 
10.2885577, 0.002182, , , , , , , 10.2885577, -0.0078889, , , , , , , 10.2885577, -0.0015106, , , , , , , 10.2885577, 0.0370947, , , , , , , , , , , , , , , , , , , , , , , , , , , , 
10.2890769, 0.0090639, , , , , , , 10.2890769, -0.0068818, , , , , , , 10.2890769, -0.0001678, , , , , , , 10.2890769, 0.0280308, , , , , , , , , , , , , , , , , , , , , , , , , , , , 
10.2895962, 0.0132601, , , , , , , 10.2895962, -0.0068818, , , , , , , 10.2895962, -0.0003357, , , , , , , 10.2895962, 0.0219883, , , , , , , , , , , , , , , , , , , , , , , , , , , , 
10.2901154, 0.0159457, , , , , , , 10.2901154, -0.0062104, , , , , , , 10.2901154, -0.0016785, , , , , , , 10.2901154, 0.0152743, , , , , , , , , , , , , , , , , , , , , , , , , , , , 
10.2906346, 0.0182956, , , , , , , 10.2906346, -0.0068818, , , , , , , 10.2906346, -0.0015106, , , , , , , 10.2906346, 0.0072175, , , , , , , , , , , , , , , , , , , , , , , , , , , , 
10.2911538, 0.0206455, , , , , , , 10.2911538, -0.0072175, , , , , , , 10.2911538, -0.0015106, , , , , , , 10.2911538, 0.0038605, , , , , , , , , , , , , , , , , , , , , , , , , , , , 
10.2916731, 0.0206455, , , , , , , 10.2916731, -0.0058747, , , , , , , 10.2916731, -0.0035248, , , , , , , 10.2916731, 0.0046998, , , , , , , , , , , , , , , , , , , , , , , , , , , , 
10.2921923, 0.0226596, , , , , , , 10.2921923, -0.0041962, , , , , , , 10.2921923, -0.0041962, , , , , , , 10.2921923, 0.0058747, , , , , , , , , , , , , , , , , , , , , , , , , , , , 
10.2927115, 0.0260166, , , , , , , 10.2927115, -0.0048676, , , , , , , 10.2927115, -0.0057069, , , , , , , 10.2927115, 0.005539, , , , , , , , , , , , , , , , , , , , , , , , , , , , 
10.2932308, 0.0260166, , , , , , , 10.2932308, -0.0068818, , , , , , , 10.2932308, -0.0075532, , , , , , , 10.2932308, 0.0041962, , , , , , , , , , , , , , , , , , , , , , , , , , , , 
10.29375, 0.0240024, , , , , , , 10.29375, -0.0062104, , , , , , , 10.29375, -0.0078889, , , , , , , 10.29375, 0.0025177, , , , , , , , , , , , , , , , , , , , , , , , , , , , 
10.2942692, 0.0258488, , , , , , , 10.2942692, -0.0050355, , , , , , , 10.2942692, -0.0082246, , , , , , , 10.2942692, 0.0025177, , , , , , , , , , , , , , , , , , , , , , , , , , , , 
10.2947885, 0.0292058, , , , , , , 10.2947885, -0.0031891, , , , , , , 10.2947885, -0.0070497, , , , , , , 10.2947885, 0.0048676, , , , , , , , , , , , , , , , , , , , , , , , , , , , 
10.2953077, 0.0263523, , , , , , , 10.2953077, -0.0031891, , , , , , , 10.2953077, -0.0072175, , , , , , , 10.2953077, 0.0092317, , , , , , , , , , , , , , , , , , , , , , , , , , , , 
10.2958269, 0.0213169, , , , , , , 10.2958269, -0.0062104, , , , , , , 10.2958269, -0.0062104, , , , , , , 10.2958269, 0.0117494, , , , , , , , , , , , , , , , , , , , , , , , , , , , 
10.2963462, 0.0193027, , , , , , , 10.2963462, -0.0082246, , , , , , , 10.2963462, -0.0068818, , , , , , , 10.2963462, 0.011078, , , , , , , , , , , , , , , , , , , , , , , , , , , , 
10.2968654, 0.0167849, , , , , , , 10.2968654, -0.0082246, , , , , , , 10.2968654, -0.0075532, , , , , , , 10.2968654, 0.0109102, , , , , , , , , , , , , , , , , , , , , , , , , , , , 
10.2973846, 0.0151064, , , , , , , 10.2973846, -0.0078889, , , , , , , 10.2973846, -0.0075532, , , , , , , 10.2973846, 0.0092317, , , , , , , , , , , , , , , , , , , , , , , , , , , , 
10.2979038, 0.0176242, , , , , , , 10.2979038, -0.0095674, , , , , , , 10.2979038, -0.0075532, , , , , , , 10.2979038, 0.0072175, , , , , , , , , , , , , , , , , , , , , , , , , , , , 
10.2984231, 0.0186313, , , , , , , 10.2984231, -0.0109102, , , , , , , 10.2984231, -0.0072175, , , , , , , 10.2984231, 0.0030213, , , , , , , , , , , , , , , , , , , , , , , , , , , , 
10.2989423, 0.0135958, , , , , , , 10.2989423, -0.0102388, , , , , , , 10.2989423, -0.0090639, , , , , , , 10.2989423, -0.0031891, , , , , , , , , , , , , , , , , , , , , , , , , , , , 
10.2994615, 0.0112459, , , , , , , 10.2994615, -0.0112459, , , , , , , 10.2994615, -0.0119173, , , , , , , 10.2994615, -0.0063783, , , , , , , , , , , , , , , , , , , , , , , , , , , , 
10.2999808, 0.0151064, , , , , , , 10.2999808, -0.0109102, , , , , , , 10.2999808, -0.0149386, , , , , , , 10.2999808, -0.0057069, , , , , , , , , , , , , , , , , , , , , , , , , , , , 
10.3005, 0.0199741, , , , , , , 10.3005, -0.0109102, , , , , , , 10.3005, -0.0162814, , , , , , , 10.3005, -0.0068818, , , , , , , , , , , , , , , , , , , , , , , , , , , , 
10.3010192, 0.0240024, , , , , , , 10.3010192, -0.0115816, , , , , , , 10.3010192, -0.0169528, , , , , , , 10.3010192, -0.0099031, , , , , , , , , , , , , , , , , , , , , , , , , , , , 
10.3015385, 0.0293736, , , , , , , 10.3015385, -0.0115816, , , , , , , 10.3015385, -0.0176242, , , , , , , 10.3015385, -0.0109102, , , , , , , , , , , , , , , , , , , , , , , , , , , , 
10.3020577, 0.0340734, , , , , , , 10.3020577, -0.0099031, , , , , , , 10.3020577, -0.0179599, , , , , , , 10.3020577, -0.0082246, , , , , , , , , , , , , , , , , , , , , , , , , , , , 
10.3025769, 0.0327306, , , , , , , 10.3025769, -0.0095674, , , , , , , 10.3025769, -0.0159457, , , , , , , 10.3025769, -0.0041962, , , , , , , , , , , , , , , , , , , , , , , , , , , , 
10.3030962, 0.0297093, , , , , , , 10.3030962, -0.0102388, , , , , , , 10.3030962, -0.0125887, , , , , , , 10.3030962, 0, , , , , , , , , , , , , , , , , , , , , , , , , , , , 
10.3036154, 0.0276951, , , , , , , 10.3036154, -0.0109102, , , , , , , 10.3036154, -0.0082246, , , , , , , 10.3036154, 0.0045319, , , , , , , , , , , , , , , , , , , , , , , , , , , , 
10.3041346, 0.0251774, , , , , , , 10.3041346, -0.0099031, , , , , , , 10.3041346, -0.0063783, , , , , , , 10.3041346, 0.0097353, , , , , , , , , , , , , , , , , , , , , , , , , , , , 
10.3046538, 0.0172885, , , , , , , 10.3046538, -0.008896, , , , , , , 10.3046538, -0.0062104, , , , , , , 10.3046538, 0.0172885, , , , , , , , , , , , , , , , , , , , , , , , , , , , 
10.3051731, 0.012253, , , , , , , 10.3051731, -0.0085603, , , , , , , 10.3051731, -0.0048676, , , , , , , 10.3051731, 0.0250095, , , , , , , , , , , , , , , , , , , , , , , , , , , , 
10.3056923, 0.0105745, , , , , , , 10.3056923, -0.008896, , , , , , , 10.3056923, -0.0048676, , , , , , , 10.3056923, 0.0290379, , , , , , , , , , , , , , , , , , , , , , , , , , , , 
10.3062115, 0.0065461, , , , , , , 10.3062115, -0.0112459, , , , , , , 10.3062115, -0.0057069, , , , , , , 10.3062115, 0.0307164, , , , , , , , , , , , , , , , , , , , , , , , , , , , 
10.3067308, -0.0003357, , , , , , , 10.3067308, -0.0125887, , , , , , , 10.3067308, -0.005539, , , , , , , 10.3067308, 0.0330663, , , , , , , , , , , , , , , , , , , , , , , , , , , , 
10.30725, -0.0045319, , , , , , , 10.30725, -0.0119173, , , , , , , 10.30725, -0.0036927, , , , , , , 10.30725, 0.0374304, , , , , , , , , , , , , , , , , , , , , , , , , , , , 
10.3077692, -0.0041962, , , , , , , 10.3077692, -0.0095674, , , , , , , 10.3077692, -0.002182, , , , , , , 10.3077692, 0.0421302, , , , , , , , , , , , , , , , , , , , , , , , , , , , 
10.3082885, 0.002182, , , , , , , 10.3082885, -0.0085603, , , , , , , 10.3082885, -0.0016785, , , , , , , 10.3082885, 0.0391089, , , , , , , , , , , , , , , , , , , , , , , , , , , , 
10.3088077, 0.0018463, , , , , , , 10.3088077, -0.0085603, , , , , , , 10.3088077, -0.0025177, , , , , , , 10.3088077, 0.0320592, , , , , , , , , , , , , , , , , , , , , , , , , , , , 
10.3093269, -0.0011749, , , , , , , 10.3093269, -0.0104067, , , , , , , 10.3093269, -0.0025177, , , , , , , 10.3093269, 0.0253452, , , , , , , , , , , , , , , , , , , , , , , , , , , , 
10.3098462, 0.0001678, , , , , , , 10.3098462, -0.0112459, , , , , , , 10.3098462, -0.0023499, , , , , , , 10.3098462, 0.0182956, , , , , , , , , , , , , , , , , , , , , , , , , , , , 
10.3103654, 0.0052033, , , , , , , 10.3103654, -0.0085603, , , , , , , 10.3103654, -0.0048676, , , , , , , 10.3103654, 0.0125887, , , , , , , , , , , , , , , , , , , , , , , , , , , , 
10.3108846, 0.0068818, , , , , , , 10.3108846, -0.0062104, , , , , , , 10.3108846, -0.0082246, , , , , , , 10.3108846, 0.0085603, , , , , , , , , , , , , , , , , , , , , , , , , , , , 
10.3114038, 0.0065461, , , , , , , 10.3114038, -0.0068818, , , , , , , 10.3114038, -0.0099031, , , , , , , 10.3114038, 0.0048676, , , , , , , , , , , , , , , , , , , , , , , , , , , , 
10.3119231, 0.0058747, , , , , , , 10.3119231, -0.0082246, , , , , , , 10.3119231, -0.0082246, , , , , , , 10.3119231, 0.0028534, , , , , , , , , , , , , , , , , , , , , , , , , , , , 
10.3124423, 0.0057069, , , , , , , 10.3124423, -0.0083925, , , , , , , 10.3124423, -0.0078889, , , , , , , 10.3124423, 0.0028534, , , , , , , , , , , , , , , , , , , , , , , , , , , , 
10.3129615, 0.0099031, , , , , , , 10.3129615, -0.0072175, , , , , , , 10.3129615, -0.0075532, , , , , , , 10.3129615, 0.002182, , , , , , , , , , , , , , , , , , , , , , , , , , , , 
10.3134808, 0.0149386, , , , , , , 10.3134808, -0.0057069, , , , , , , 10.3134808, -0.0062104, , , , , , , 10.3134808, 0.0005035, , , , , , , , , , , , , , , , , , , , , , , , , , , , 
10.314, 0.0146029, , , , , , , 10.314, -0.005539, , , , , , , 10.314, -0.0065461, , , , , , , 10.314, 0.0008392, , , , , , , , , , , , , , , , , , , , , , , , , , , , 
10.3145192, 0.0137636, , , , , , , 10.3145192, -0.0058747, , , , , , , 10.3145192, -0.0082246, , , , , , , 10.3145192, 0.002182, , , , , , , , , , , , , , , , , , , , , , , , , , , , 
10.3150385, 0.0135958, , , , , , , 10.3150385, -0.0048676, , , , , , , 10.3150385, -0.0078889, , , , , , , 10.3150385, 0.0031891, , , , , , , , , , , , , , , , , , , , , , , , , , , , 
10.3155577, 0.0162814, , , , , , , 10.3155577, -0.0035248, , , , , , , 10.3155577, -0.0068818, , , , , , , 10.3155577, 0.0038605, , , , , , , , , , , , , , , , , , , , , , , , , , , , 
10.3160769, 0.0199741, , , , , , , 10.3160769, -0.0030213, , , , , , , 10.3160769, -0.0075532, , , , , , , 10.3160769, 0.0052033, , , , , , , , , , , , , , , , , , , , , , , , , , , , 
10.3165962, 0.023331, , , , , , , 10.3165962, -0.0043641, , , , , , , 10.3165962, -0.0082246, , , , , , , 10.3165962, 0.0065461, , , , , , , , , , , , , , , , , , , , , , , , , , , , 
10.3171154, 0.0246738, , , , , , , 10.3171154, -0.0068818, , , , , , , 10.3171154, -0.0082246, , , , , , , 10.3171154, 0.005539, , , , , , , , , , , , , , , , , , , , , , , , , , , , 
10.3176346, 0.023331, , , , , , , 10.3176346, -0.0085603, , , , , , , 10.3176346, -0.0068818, , , , , , , 10.3176346, 0.005539, , , , , , , , , , , , , , , , , , , , , , , , , , , , 
10.3181538, 0.0203098, , , , , , , 10.3181538, -0.0099031, , , , , , , 10.3181538, -0.0070497, , , , , , , 10.3181538, 0.002182, , , , , , , , , , , , , , , , , , , , , , , , , , , , 
10.3186731, 0.0199741, , , , , , , 10.3186731, -0.0095674, , , , , , , 10.3186731, -0.0068818, , , , , , , 10.3186731, -0.0058747, , , , , , , , , , , , , , , , , , , , , , , , , , , , 
10.3191923, 0.0223239, , , , , , , 10.3191923, -0.0095674, , , , , , , 10.3191923, -0.0045319, , , , , , , 10.3191923, -0.0130922, , , , , , , , , , , , , , , , , , , , , , , , , , , , 
10.3197115, 0.0273594, , , , , , , 10.3197115, -0.0115816, , , , , , , 10.3197115, -0.0052033, , , , , , , 10.3197115, -0.0162814, , , , , , , , , , , , , , , , , , , , , , , , , , , , 
10.3202308, 0.0280308, , , , , , , 10.3202308, -0.0112459, , , , , , , 10.3202308, -0.0095674, , , , , , , 10.3202308, -0.0151064, , , , , , , , , , , , , , , , , , , , , , , , , , , , 
10.32075, 0.0253452, , , , , , , 10.32075, -0.0097353, , , , , , , 10.32075, -0.012253, , , , , , , 10.32075, -0.0152743, , , , , , , , , , , , , , , , , , , , , , , , , , , , 
10.3212692, 0.0293736, , , , , , , 10.3212692, -0.0082246, , , , , , , 10.3212692, -0.012253, , , , , , , 10.3212692, -0.0149386, , , , , , , , , , , , , , , , , , , , , , , , , , , , 
10.3217885, 0.0340734, , , , , , , 10.3217885, -0.0092317, , , , , , , 10.3217885, -0.0099031, , , , , , , 10.3217885, -0.0109102, , , , , , , , , , , , , , , , , , , , , , , , , , , , 
10.3223077, 0.0280308, , , , , , , 10.3223077, -0.0109102, , , , , , , 10.3223077, -0.0082246, , , , , , , 10.3223077, -0.005539, , , , , , , , , , , , , , , , , , , , , , , , , , , , 
10.3228269, 0.0193027, , , , , , , 10.3228269, -0.0095674, , , , , , , 10.3228269, -0.008896, , , , , , , 10.3228269, 0.0008392, , , , , , , , , , , , , , , , , , , , , , , , , , , , 
10.3233462, 0.0151064, , , , , , , 10.3233462, -0.0068818, , , , , , , 10.3233462, -0.011078, , , , , , , 10.3233462, 0.0062104, , , , , , , , , , , , , , , , , , , , , , , , , , , , 
10.3238654, 0.0139315, , , , , , , 10.3238654, -0.0068818, , , , , , , 10.3238654, -0.011078, , , , , , , 10.3238654, 0.0092317, , , , , , , , , , , , , , , , , , , , , , , , , , , , 
10.3243846, 0.0112459, , , , , , , 10.3243846, -0.0068818, , , , , , , 10.3243846, -0.0095674, , , , , , , 10.3243846, 0.01561, , , , , , , , , , , , , , , , , , , , , , , , , , , , 
10.3249038, 0.0035248, , , , , , , 10.3249038, -0.0068818, , , , , , , 10.3249038, -0.0095674, , , , , , , 10.3249038, 0.0226596, , , , , , , , , , , , , , , , , , , , , , , , , , , , 
10.3254231, -0.0015106, , , , , , , 10.3254231, -0.0068818, , , , , , , 10.3254231, -0.0082246, , , , , , , 10.3254231, 0.030045, , , , , , , , , , , , , , , , , , , , , , , , , , , , 
10.3259423, -0.0073854, , , , , , , 10.3259423, -0.0078889, , , , , , , 10.3259423, -0.0035248, , , , , , , 10.3259423, 0.0377661, , , , , , , , , , , , , , , , , , , , , , , , , , , , 
10.3264615, -0.0129244, , , , , , , 10.3264615, -0.008896, , , , , , , 10.3264615, -0.002182, , , , , , , 10.3264615, 0.0424659, , , , , , , , , , , , , , , , , , , , , , , , , , , , 
10.3269808, -0.0166171, , , , , , , 10.3269808, -0.0082246, , , , , , , 10.3269808, -0.0030213, , , , , , , 10.3269808, 0.0454871, , , , , , , , , , , , , , , , , , , , , , , , , , , , 
10.3275, -0.0203098, , , , , , , 10.3275, -0.0082246, , , , , , , 10.3275, -0.0031891, , , , , , , 10.3275, 0.0454871, , , , , , , , , , , , , , , , , , , , , , , , , , , , 
10.3280192, -0.0223239, , , , , , , 10.3280192, -0.0099031, , , , , , , 10.3280192, -0.0015106, , , , , , , 10.3280192, 0.0454871, , , , , , , , , , , , , , , , , , , , , , , , , , , , 
10.3285385, -0.0149386, , , , , , , 10.3285385, -0.0102388, , , , , , , 10.3285385, 0.0011749, , , , , , , 10.3285385, 0.0426337, , , , , , , , , , , , , , , , , , , , , , , , , , , , 
10.3290577, -0.0028534, , , , , , , 10.3290577, -0.0078889, , , , , , , 10.3290577, -0.0005035, , , , , , , 10.3290577, 0.036759, , , , , , , , , , , , , , , , , , , , , , , , , , , , 
10.3295769, 0.0078889, , , , , , , 10.3295769, -0.0068818, , , , , , , 10.3295769, -0.0028534, , , , , , , 10.3295769, 0.0320592, , , , , , , , , , , , , , , , , , , , , , , , , , , , 
10.3300962, 0.0129244, , , , , , , 10.3300962, -0.0068818, , , , , , , 10.3300962, -0.0023499, , , , , , , 10.3300962, 0.0283665, , , , , , , , , , , , , , , , , , , , , , , , , , , , 
10.3306154, 0.017792, , , , , , , 10.3306154, -0.0072175, , , , , , , 10.3306154, -0.0015106, , , , , , , 10.3306154, 0.0240024, , , , , , , , , , , , , , , , , , , , , , , , , , , , 
10.3311346, 0.0193027, , , , , , , 10.3311346, -0.0072175, , , , , , , 10.3311346, -0.0011749, , , , , , , 10.3311346, 0.0196384, , , , , , , , , , , , , , , , , , , , , , , , , , , , 
10.3316538, 0.0186313, , , , , , , 10.3316538, -0.0068818, , , , , , , 10.3316538, -0.0008392, , , , , , , 10.3316538, 0.0172885, , , , , , , , , , , , , , , , , , , , , , , , , , , , 
10.3321731, 0.0213169, , , , , , , 10.3321731, -0.0072175, , , , , , , 10.3321731, -0.0043641, , , , , , , 10.3321731, 0.0139315, , , , , , , , , , , , , , , , , , , , , , , , , , , , 
10.3326923, 0.0213169, , , , , , , 10.3326923, -0.0075532, , , , , , , 10.3326923, -0.0070497, , , , , , , 10.3326923, 0.0109102, , , , , , , , , , , , , , , , , , , , , , , , , , , , 
10.3332115, 0.0226596, , , , , , , 10.3332115, -0.0090639, , , , , , , 10.3332115, -0.0082246, , , , , , , 10.3332115, 0.0065461, , , , , , , , , , , , , , , , , , , , , , , , , , , , 
10.3337308, 0.026688, , , , , , , 10.3337308, -0.0092317, , , , , , , 10.3337308, -0.0090639, , , , , , , 10.3337308, 0.0025177, , , , , , , , , , , , , , , , , , , , , , , , , , , , 
10.33425, 0.0280308, , , , , , , 10.33425, -0.0082246, , , , , , , 10.33425, -0.0099031, , , , , , , 10.33425, 0.0003357, , , , , , , , , , , , , , , , , , , , , , , , , , , , 
10.3347692, 0.0283665, , , , , , , 10.3347692, -0.0075532, , , , , , , 10.3347692, -0.0095674, , , , , , , 10.3347692, -0.0028534, , , , , , , , , , , , , , , , , , , , , , , , , , , , 
10.3352885, 0.0280308, , , , , , , 10.3352885, -0.0085603, , , , , , , 10.3352885, -0.0109102, , , , , , , 10.3352885, -0.0075532, , , , , , , , , , , , , , , , , , , , , , , , , , , , 
10.3358077, 0.0246738, , , , , , , 10.3358077, -0.0092317, , , , , , , 10.3358077, -0.012253, , , , , , , 10.3358077, -0.0102388, , , , , , , , , , , , , , , , , , , , , , , , , , , , 
10.3363269, 0.0229953, , , , , , , 10.3363269, -0.0075532, , , , , , , 10.3363269, -0.0115816, , , , , , , 10.3363269, -0.0085603, , , , , , , , , , , , , , , , , , , , , , , , , , , , 
10.3368462, 0.0223239, , , , , , , 10.3368462, -0.0075532, , , , , , , 10.3368462, -0.0104067, , , , , , , 10.3368462, -0.0028534, , , , , , , , , , , , , , , , , , , , , , , , , , , , 
10.3373654, 0.0213169, , , , , , , 10.3373654, -0.0095674, , , , , , , 10.3373654, -0.012253, , , , , , , 10.3373654, 0.0030213, , , , , , , , , , , , , , , , , , , , , , , , , , , , 
10.3378846, 0.0209812, , , , , , , 10.3378846, -0.0102388, , , , , , , 10.3378846, -0.0146029, , , , , , , 10.3378846, 0.0050355, , , , , , , , , , , , , , , , , , , , , , , , , , , , 
10.3384038, 0.0198062, , , , , , , 10.3384038, -0.0099031, , , , , , , 10.3384038, -0.0137636, , , , , , , 10.3384038, 0.0001678, , , , , , , , , , , , , , , , , , , , , , , , , , , , 
10.3389231, 0.0184634, , , , , , , 10.3389231, -0.008896, , , , , , , 10.3389231, -0.0117494, , , , , , , 10.3389231, -0.0041962, , , , , , , , , , , , , , , , , , , , , , , , , , , , 
10.3394423, 0.017792, , , , , , , 10.3394423, -0.0075532, , , , , , , 10.3394423, -0.0109102, , , , , , , 10.3394423, -0.0035248, , , , , , , , , , , , , , , , , , , , , , , , , , , , 
10.3399615, 0.0186313, , , , , , , 10.3399615, -0.0062104, , , , , , , 10.3399615, -0.0115816, , , , , , , 10.3399615, -0.0052033, , , , , , , , , , , , , , , , , , , , , , , , , , , , 
10.3404808, 0.0182956, , , , , , , 10.3404808, -0.0048676, , , , , , , 10.3404808, -0.0129244, , , , , , , 10.3404808, -0.0092317, , , , , , , , , , , , , , , , , , , , , , , , , , , , 
10.341, 0.0159457, , , , , , , 10.341, -0.0036927, , , , , , , 10.341, -0.012253, , , , , , , 10.341, -0.0085603, , , , , , , , , , , , , , , , , , , , , , , , , , , , 
10.3415192, 0.012253, , , , , , , 10.3415192, -0.0035248, , , , , , , 10.3415192, -0.0115816, , , , , , , 10.3415192, -0.0063783, , , , , , , , , , , , , , , , , , , , , , , , , , , , 
10.3420385, 0.011078, , , , , , , 10.3420385, -0.0045319, , , , , , , 10.3420385, -0.0112459, , , , , , , 10.3420385, -0.0031891, , , , , , , , , , , , , , , , , , , , , , , , , , , , 
10.3425577, 0.012253, , , , , , , 10.3425577, -0.005539, , , , , , , 10.3425577, -0.0132601, , , , , , , 10.3425577, 0.0023499, , , , , , , , , , , , , , , , , , , , , , , , , , , , 
10.3430769, 0.0149386, , , , , , , 10.3430769, -0.0062104, , , , , , , 10.3430769, -0.0139315, , , , , , , 10.3430769, 0.0085603, , , , , , , , , , , , , , , , , , , , , , , , , , , , 
10.3435962, 0.0135958, , , , , , , 10.3435962, -0.005539, , , , , , , 10.3435962, -0.0102388, , , , , , , 10.3435962, 0.0142672, , , , , , , , , , , , , , , , , , , , , , , , , , , , 
10.3441154, 0.0119173, , , , , , , 10.3441154, -0.0048676, , , , , , , 10.3441154, -0.0078889, , , , , , , 10.3441154, 0.0186313, , , , , , , , , , , , , , , , , , , , , , , , , , , , 
10.3446346, 0.0092317, , , , , , , 10.3446346, -0.0062104, , , , , , , 10.3446346, -0.008896, , , , , , , 10.3446346, 0.0250095, , , , , , , , , , , , , , , , , , , , , , , , , , , , 
10.3451538, 0.0065461, , , , , , , 10.3451538, -0.005539, , , , , , , 10.3451538, -0.0090639, , , , , , , 10.3451538, 0.0320592, , , , , , , , , , , , , , , , , , , , , , , , , , , , 
10.3456731, 0.0023499, , , , , , , 10.3456731, -0.0041962, , , , , , , 10.3456731, -0.0068818, , , , , , , 10.3456731, 0.0386053, , , , , , , , , , , , , , , , , , , , , , , , , , , , 
10.3461923, -0.0041962, , , , , , , 10.3461923, -0.0028534, , , , , , , 10.3461923, -0.0043641, , , , , , , 10.3461923, 0.0431373, , , , , , , , , , , , , , , , , , , , , , , , , , , , 
10.3467115, -0.0082246, , , , , , , 10.3467115, -0.0043641, , , , , , , 10.3467115, -0.0038605, , , , , , , 10.3467115, 0.0458228, , , , , , , , , , , , , , , , , , , , , , , , , , , , 
10.3472308, -0.0073854, , , , , , , 10.3472308, -0.0077211, , , , , , , 10.3472308, -0.0038605, , , , , , , 10.3472308, 0.0481727, , , , , , , , , , , , , , , , , , , , , , , , , , , , 
10.34775, -0.003357, , , , , , , 10.34775, -0.0095674, , , , , , , 10.34775, -0.0028534, , , , , , , 10.34775, 0.0481727, , , , , , , , , , , , , , , , , , , , , , , , , , , , 
10.3482692, 0.0011749, , , , , , , 10.3482692, -0.0092317, , , , , , , 10.3482692, -0.0015106, , , , , , , 10.3482692, 0.0454871, , , , , , , , , , , , , , , , , , , , , , , , , , , , 
10.3487885, 0.0048676, , , , , , , 10.3487885, -0.0058747, , , , , , , 10.3487885, 0.0001678, , , , , , , 10.3487885, 0.0396124, , , , , , , , , , , , , , , , , , , , , , , , , , , , 
10.3493077, 0.0030213, , , , , , , 10.3493077, -0.0052033, , , , , , , 10.3493077, -0.0005035, , , , , , , 10.3493077, 0.033402, , , , , , , , , , , , , , , , , , , , , , , , , , , , 
10.3498269, 0.0035248, , , , , , , 10.3498269, -0.0063783, , , , , , , 10.3498269, -0.0028534, , , , , , , 10.3498269, 0.0303807, , , , , , , , , , , , , , , , , , , , , , , , , , , , 
10.3503462, 0.0082246, , , , , , , 10.3503462, -0.0075532, , , , , , , 10.3503462, -0.0041962, , , , , , , 10.3503462, 0.0285344, , , , , , , , , , , , , , , , , , , , , , , , , , , , 
10.3508654, 0.0083925, , , , , , , 10.3508654, -0.0075532, , , , , , , 10.3508654, -0.005539, , , , , , , 10.3508654, 0.0229953, , , , , , , , , , , , , , , , , , , , , , , , , , , , 
10.3513846, 0.0065461, , , , , , , 10.3513846, -0.0077211, , , , , , , 10.3513846, -0.005539, , , , , , , 10.3513846, 0.0186313, , , , , , , , , , , , , , , , , , , , , , , , , , , , 
10.3519038, 0.0099031, , , , , , , 10.3519038, -0.0083925, , , , , , , 10.3519038, -0.005539, , , , , , , 10.3519038, 0.0179599, , , , , , , , , , , , , , , , , , , , , , , , , , , , 
10.3524231, 0.0137636, , , , , , , 10.3524231, -0.0070497, , , , , , , 10.3524231, -0.0048676, , , , , , , 10.3524231, 0.0154421, , , , , , , , , , , , , , , , , , , , , , , , , , , , 
10.3529423, 0.0125887, , , , , , , 10.3529423, -0.0068818, , , , , , , 10.3529423, -0.0023499, , , , , , , 10.3529423, 0.0125887, , , , , , , , , , , , , , , , , , , , , , , , , , , , 
10.3534615, 0.0119173, , , , , , , 10.3534615, -0.0072175, , , , , , , 10.3534615, -0.0015106, , , , , , , 10.3534615, 0.0109102, , , , , , , , , , , , , , , , , , , , , , , , , , , , 
10.3539808, 0.014435, , , , , , , 10.3539808, -0.0082246, , , , , , , 10.3539808, -0.0023499, , , , , , , 10.3539808, 0.0105745, , , , , , , , , , , , , , , , , , , , , , , , , , , , 
10.3545, 0.0176242, , , , , , , 10.3545, -0.008896, , , , , , , 10.3545, -0.0048676, , , , , , , 10.3545, 0.0078889, , , , , , , , , , , , , , , , , , , , , , , , , , , , 
10.3550192, 0.023331, , , , , , , 10.3550192, -0.0082246, , , , , , , 10.3550192, -0.0072175, , , , , , , 10.3550192, 0.0050355, , , , , , , , , , , , , , , , , , , , , , , , , , , , 
10.3555385, 0.0273594, , , , , , , 10.3555385, -0.0062104, , , , , , , 10.3555385, -0.0095674, , , , , , , 10.3555385, 0.0058747, , , , , , , , , , , , , , , , , , , , , , , , , , , , 
10.3560577, 0.0265202, , , , , , , 10.3560577, -0.0045319, , , , , , , 10.3560577, -0.011078, , , , , , , 10.3560577, 0.0082246, , , , , , , , , , , , , , , , , , , , , , , , , , , , 
10.3565769, 0.0216526, , , , , , , 10.3565769, -0.0072175, , , , , , , 10.3565769, -0.0124208, , , , , , , 10.3565769, 0.008896, , , , , , , , , , , , , , , , , , , , , , , , , , , , 
10.3570962, 0.018967, , , , , , , 10.3570962, -0.0112459, , , , , , , 10.3570962, -0.0132601, , , , , , , 10.3570962, 0.0092317, , , , , , , , , , , , , , , , , , , , , , , , , , , , 
10.3576154, 0.0206455, , , , , , , 10.3576154, -0.0105745, , , , , , , 10.3576154, -0.0139315, , , , , , , 10.3576154, 0.0085603, , , , , , , , , , , , , , , , , , , , , , , , , , , , 
10.3581346, 0.0193027, , , , , , , 10.3581346, -0.008896, , , , , , , 10.3581346, -0.0142672, , , , , , , 10.3581346, 0.0028534, , , , , , , , , , , , , , , , , , , , , , , , , , , , 
10.3586538, 0.0213169, , , , , , , 10.3586538, -0.0078889, , , , , , , 10.3586538, -0.0149386, , , , , , , 10.3586538, -0.0063783, , , , , , , , , , , , , , , , , , , , , , , , , , , , 
10.3591731, 0.0270237, , , , , , , 10.3591731, -0.0068818, , , , , , , 10.3591731, -0.0149386, , , , , , , 10.3591731, -0.0149386, , , , , , , , , , , , , , , , , , , , , , , , , , , , 
10.3596923, 0.0317235, , , , , , , 10.3596923, -0.0072175, , , , , , , 10.3596923, -0.0152743, , , , , , , 10.3596923, -0.018967, , , , , , , , , , , , , , , , , , , , , , , , , , , , 
10.3602115, 0.0313878, , , , , , , 10.3602115, -0.0075532, , , , , , , 10.3602115, -0.0139315, , , , , , , 10.3602115, -0.0169528, , , , , , , , , , , , , , , , , , , , , , , , , , , , 
10.3607308, 0.0276951, , , , , , , 10.3607308, -0.0068818, , , , , , , 10.3607308, -0.0130922, , , , , , , 10.3607308, -0.0146029, , , , , , , , , , , , , , , , , , , , , , , , , , , , 
10.36125, 0.0256809, , , , , , , 10.36125, -0.0072175, , , , , , , 10.36125, -0.0130922, , , , , , , 10.36125, -0.0129244, , , , , , , , , , , , , , , , , , , , , , , , , , , , 
10.3617692, 0.0263523, , , , , , , 10.3617692, -0.0087282, , , , , , , 10.3617692, -0.0132601, , , , , , , 10.3617692, -0.0102388, , , , , , , , , , , , , , , , , , , , , , , , , , , , 
10.3622885, 0.0275273, , , , , , , 10.3622885, -0.008896, , , , , , , 10.3622885, -0.0119173, , , , , , , 10.3622885, -0.005539, , , , , , , , , , , , , , , , , , , , , , , , , , , , 
10.3628077, 0.0221561, , , , , , , 10.3628077, -0.0082246, , , , , , , 10.3628077, -0.0119173, , , , , , , 10.3628077, 0.0011749, , , , , , , , , , , , , , , , , , , , , , , , , , , , 
10.3633269, 0.0172885, , , , , , , 10.3633269, -0.008896, , , , , , , 10.3633269, -0.0129244, , , , , , , 10.3633269, 0.0062104, , , , , , , , , , , , , , , , , , , , , , , , , , , , 
10.3638462, 0.0166171, , , , , , , 10.3638462, -0.0082246, , , , , , , 10.3638462, -0.0132601, , , , , , , 10.3638462, 0.0105745, , , , , , , , , , , , , , , , , , , , , , , , , , , , 
10.3643654, 0.0112459, , , , , , , 10.3643654, -0.0075532, , , , , , , 10.3643654, -0.0132601, , , , , , , 10.3643654, 0.0167849, , , , , , , , , , , , , , , , , , , , , , , , , , , , 
10.3648846, 0.0045319, , , , , , , 10.3648846, -0.0082246, , , , , , , 10.3648846, -0.0105745, , , , , , , 10.3648846, 0.0246738, , , , , , , , , , , , , , , , , , , , , , , , , , , , 
10.3654038, -0.002182, , , , , , , 10.3654038, -0.0095674, , , , , , , 10.3654038, -0.0082246, , , , , , , 10.3654038, 0.0307164, , , , , , , , , , , , , , , , , , , , , , , , , , , , 
10.3659231, -0.0062104, , , , , , , 10.3659231, -0.0095674, , , , , , , 10.3659231, -0.0063783, , , , , , , 10.3659231, 0.0354162, , , , , , , , , , , , , , , , , , , , , , , , , , , , 
10.3664423, -0.0075532, , , , , , , 10.3664423, -0.0077211, , , , , , , 10.3664423, -0.0065461, , , , , , , 10.3664423, 0.0387732, , , , , , , , , , , , , , , , , , , , , , , , , , , , 
10.3669615, -0.0099031, , , , , , , 10.3669615, -0.0072175, , , , , , , 10.3669615, -0.005539, , , , , , , 10.3669615, 0.043473, , , , , , , , , , , , , , , , , , , , , , , , , , , , 
10.3674808, -0.0132601, , , , , , , 10.3674808, -0.0092317, , , , , , , 10.3674808, -0.0036927, , , , , , , 10.3674808, 0.0481727, , , , , , , , , , , , , , , , , , , , , , , , , , , , 
10.368, -0.0104067, , , , , , , 10.368, -0.0092317, , , , , , , 10.368, -0.0041962, , , , , , , 10.368, 0.0471656, , , , , , , , , , , , , , , , , , , , , , , , , , , , 
10.3685192, -0.0008392, , , , , , , 10.3685192, -0.0082246, , , , , , , 10.3685192, -0.0035248, , , , , , , 10.3685192, 0.040116, , , , , , , , , , , , , , , , , , , , , , , , , , , , 
10.3690385, 0.0095674, , , , , , , 10.3690385, -0.0070497, , , , , , , 10.3690385, -0.0038605, , , , , , , 10.3690385, 0.0313878, , , , , , , , , , , , , , , , , , , , , , , , , , , , 
10.3695577, 0.0149386, , , , , , , 10.3695577, -0.0065461, , , , , , , 10.3695577, -0.0062104, , , , , , , 10.3695577, 0.0255131, , , , , , , , , , , , , , , , , , , , , , , , , , , , 
10.3700769, 0.01561, , , , , , , 10.3700769, -0.0075532, , , , , , , 10.3700769, -0.0075532, , , , , , , 10.3700769, 0.0213169, , , , , , , , , , , , , , , , , , , , , , , , , , , , 
10.3705962, 0.0167849, , , , , , , 10.3705962, -0.0082246, , , , , , , 10.3705962, -0.005539, , , , , , , 10.3705962, 0.0176242, , , , , , , , , , , , , , , , , , , , , , , , , , , , 
10.3711154, 0.0182956, , , , , , , 10.3711154, -0.0075532, , , , , , , 10.3711154, -0.0043641, , , , , , , 10.3711154, 0.0162814, , , , , , , , , , , , , , , , , , , , , , , , , , , , 
10.3716346, 0.0196384, , , , , , , 10.3716346, -0.0063783, , , , , , , 10.3716346, -0.0052033, , , , , , , 10.3716346, 0.0164492, , , , , , , , , , , , , , , , , , , , , , , , , , , , 
10.3721538, 0.0196384, , , , , , , 10.3721538, -0.0062104, , , , , , , 10.3721538, -0.0041962, , , , , , , 10.3721538, 0.0166171, , , , , , , , , , , , , , , , , , , , , , , , , , , , 
10.3726731, 0.0213169, , , , , , , 10.3726731, -0.0065461, , , , , , , 10.3726731, -0.0028534, , , , , , , 10.3726731, 0.0139315, , , , , , , , , , , , , , , , , , , , , , , , , , , , 
10.3731923, 0.0250095, , , , , , , 10.3731923, -0.0065461, , , , , , , 10.3731923, -0.0036927, , , , , , , 10.3731923, 0.0102388, , , , , , , , , , , , , , , , , , , , , , , , , , , , 
10.3737115, 0.0260166, , , , , , , 10.3737115, -0.0077211, , , , , , , 10.3737115, -0.0043641, , , , , , , 10.3737115, 0.006714, , , , , , , , , , , , , , , , , , , , , , , , , , , , 
10.3742308, 0.0236667, , , , , , , 10.3742308, -0.0095674, , , , , , , 10.3742308, -0.0038605, , , , , , , 10.3742308, 0.0046998, , , , , , , , , , , , , , , , , , , , , , , , , , , , 
10.37475, 0.0196384, , , , , , , 10.37475, -0.0099031, , , , , , , 10.37475, -0.0048676, , , , , , , 10.37475, 0.0062104, , , , , , , , , , , , , , , , , , , , , , , , , , , , 
10.3752692, 0.0199741, , , , , , , 10.3752692, -0.0092317, , , , , , , 10.3752692, -0.0068818, , , , , , , 10.3752692, 0.0058747, , , , , , , , , , , , , , , , , , , , , , , , , , , , 
10.3757885, 0.0240024, , , , , , , 10.3757885, -0.0072175, , , , , , , 10.3757885, -0.0082246, , , , , , , 10.3757885, 0.0031891, , , , , , , , , , , , , , , , , , , , , , , , , , , , 
10.3763077, 0.0236667, , , , , , , 10.3763077, -0.0068818, , , , , , , 10.3763077, -0.0082246, , , , , , , 10.3763077, 0.003357, , , , , , , , , , , , , , , , , , , , , , , , , , , , 
10.3768269, 0.0203098, , , , , , , 10.3768269, -0.0075532, , , , , , , 10.3768269, -0.0078889, , , , , , , 10.3768269, 0.0052033, , , , , , , , , , , , , , , , , , , , , , , , , , , , 
10.3773462, 0.021149, , , , , , , 10.3773462, -0.0068818, , , , , , , 10.3773462, -0.0095674, , , , , , , 10.3773462, 0.0068818, , , , , , , , , , , , , , , , , , , , , , , , , , , , 
10.3778654, 0.0238346, , , , , , , 10.3778654, -0.0068818, , , , , , , 10.3778654, -0.0109102, , , , , , , 10.3778654, 0.0038605, , , , , , , , , , , , , , , , , , , , , , , , , , , , 
10.3783846, 0.0261845, , , , , , , 10.3783846, -0.0082246, , , , , , , 10.3783846, -0.0102388, , , , , , , 10.3783846, -0.0028534, , , , , , , , , , , , , , , , , , , , , , , , , , , , 
10.3789038, 0.0280308, , , , , , , 10.3789038, -0.0082246, , , , , , , 10.3789038, -0.0095674, , , , , , , 10.3789038, -0.0109102, , , , , , , , , , , , , , , , , , , , , , , , , , , , 
10.3794231, 0.0280308, , , , , , , 10.3794231, -0.0075532, , , , , , , 10.3794231, -0.0115816, , , , , , , 10.3794231, -0.0157778, , , , , , , , , , , , , , , , , , , , , , , , , , , , 
10.3799423, 0.0261845, , , , , , , 10.3799423, -0.0062104, , , , , , , 10.3799423, -0.0152743, , , , , , , 10.3799423, -0.0182956, , , , , , , , , , , , , , , , , , , , , , , , , , , , 
10.3804615, 0.0236667, , , , , , , 10.3804615, -0.0058747, , , , , , , 10.3804615, -0.0159457, , , , , , , 10.3804615, -0.018967, , , , , , , , , , , , , , , , , , , , , , , , , , , , 
10.3809808, 0.0213169, , , , , , , 10.3809808, -0.0073854, , , , , , , 10.3809808, -0.0146029, , , , , , , 10.3809808, -0.0149386, , , , , , , , , , , , , , , , , , , , , , , , , , , , 
10.3815, 0.0216526, , , , , , , 10.3815, -0.0082246, , , , , , , 10.3815, -0.0135958, , , , , , , 10.3815, -0.0078889, , , , , , , , , , , , , , , , , , , , , , , , , , , , 
10.3820192, 0.0219883, , , , , , , 10.3820192, -0.0082246, , , , , , , 10.3820192, -0.012253, , , , , , , 10.3820192, -0.002182, , , , , , , , , , , , , , , , , , , , , , , , , , , , 
10.3825385, 0.0191348, , , , , , , 10.3825385, -0.0065461, , , , , , , 10.3825385, -0.0102388, , , , , , , 10.3825385, 0.0018463, , , , , , , , , , , , , , , , , , , , , , , , , , , , 
10.3830577, 0.0139315, , , , , , , 10.3830577, -0.0062104, , , , , , , 10.3830577, -0.0114137, , , , , , , 10.3830577, 0.0065461, , , , , , , , , , , , , , , , , , , , , , , , , , , , 
10.3835769, 0.0097353, , , , , , , 10.3835769, -0.0078889, , , , , , , 10.3835769, -0.0109102, , , , , , , 10.3835769, 0.0132601, , , , , , , , , , , , , , , , , , , , , , , , , , , , 
10.3840962, 0.0082246, , , , , , , 10.3840962, -0.0082246, , , , , , , 10.3840962, -0.0082246, , , , , , , 10.3840962, 0.0199741, , , , , , , , , , , , , , , , , , , , , , , , , , , , 
10.3846154, 0.0068818, , , , , , , 10.3846154, -0.0105745, , , , , , , 10.3846154, -0.0068818, , , , , , , 10.3846154, 0.0260166, , , , , , , , , , , , , , , , , , , , , , , , , , , , 
10.3851346, 0.0041962, , , , , , , 10.3851346, -0.0112459, , , , , , , 10.3851346, -0.0045319, , , , , , , 10.3851346, 0.030045, , , , , , , , , , , , , , , , , , , , , , , , , , , , 
10.3856538, 0.0011749, , , , , , , 10.3856538, -0.0095674, , , , , , , 10.3856538, -0.002182, , , , , , , 10.3856538, 0.0327306, , , , , , , , , , , , , , , , , , , , , , , , , , , , 
10.3861731, -0.0011749, , , , , , , 10.3861731, -0.0085603, , , , , , , 10.3861731, -0.0015106, , , , , , , 10.3861731, 0.0357519, , , , , , , , , , , , , , , , , , , , , , , , , , , , 
10.3866923, -0.0025177, , , , , , , 10.3866923, -0.0090639, , , , , , , 10.3866923, -0.0018463, , , , , , , 10.3866923, 0.040116, , , , , , , , , , , , , , , , , , , , , , , , , , , , 
10.3872115, -0.0035248, , , , , , , 10.3872115, -0.0092317, , , , , , , 10.3872115, -0.002182, , , , , , , 10.3872115, 0.0468299, , , , , , , , , , , , , , , , , , , , , , , , , , , , 
10.3877308, -0.0028534, , , , , , , 10.3877308, -0.0109102, , , , , , , 10.3877308, -0.0018463, , , , , , , 10.3877308, 0.0500191, , , , , , , , , , , , , , , , , , , , , , , , , , , , 
10.38825, -0.002182, , , , , , , 10.38825, -0.0109102, , , , , , , 10.38825, -0.0018463, , , , , , , 10.38825, 0.0473335, , , , , , , , , , , , , , , , , , , , , , , , , , , , 
10.3887692, -0.0003357, , , , , , , 10.3887692, -0.008896, , , , , , , 10.3887692, -0.0036927, , , , , , , 10.3887692, 0.0414588, , , , , , , , , , , , , , , , , , , , , , , , , , , , 
10.3892885, 0.0020142, , , , , , , 10.3892885, -0.0062104, , , , , , , 10.3892885, -0.0068818, , , , , , , 10.3892885, 0.0342412, , , , , , , , , , , , , , , , , , , , , , , , , , , , 
10.3898077, 0.0038605, , , , , , , 10.3898077, -0.0048676, , , , , , , 10.3898077, -0.008896, , , , , , , 10.3898077, 0.0287022, , , , , , , , , , , , , , , , , , , , , , , , , , , , 
10.3903269, 0.0065461, , , , , , , 10.3903269, -0.0062104, , , , , , , 10.3903269, -0.0063783, , , , , , , 10.3903269, 0.0276951, , , , , , , , , , , , , , , , , , , , , , , , , , , , 
10.3908462, 0.012253, , , , , , , 10.3908462, -0.0070497, , , , , , , 10.3908462, -0.0065461, , , , , , , 10.3908462, 0.0260166, , , , , , , , , , , , , , , , , , , , , , , , , , , , 
10.3913654, 0.0186313, , , , , , , 10.3913654, -0.0082246, , , , , , , 10.3913654, -0.008896, , , , , , , 10.3913654, 0.0213169, , , , , , , , , , , , , , , , , , , , , , , , , , , , 
10.3918846, 0.0219883, , , , , , , 10.3918846, -0.010071, , , , , , , 10.3918846, -0.0092317, , , , , , , 10.3918846, 0.0176242, , , , , , , , , , , , , , , , , , , , , , , , , , , , 
10.3924038, 0.0206455, , , , , , , 10.3924038, -0.0109102, , , , , , , 10.3924038, -0.0068818, , , , , , , 10.3924038, 0.0146029, , , , , , , , , , , , , , , , , , , , , , , , , , , , 
10.3929231, 0.0159457, , , , , , , 10.3929231, -0.0112459, , , , , , , 10.3929231, -0.0041962, , , , , , , 10.3929231, 0.0129244, , , , , , , , , , , , , , , , , , , , , , , , , , , , 
10.3934423, 0.0125887, , , , , , , 10.3934423, -0.0115816, , , , , , , 10.3934423, -0.0028534, , , , , , , 10.3934423, 0.0112459, , , , , , , , , , , , , , , , , , , , , , , , , , , , 
10.3939615, 0.0135958, , , , , , , 10.3939615, -0.0095674, , , , , , , 10.3939615, -0.005539, , , , , , , 10.3939615, 0.0105745, , , , , , , , , , , , , , , , , , , , , , , , , , , , 
10.3944808, 0.0152743, , , , , , , 10.3944808, -0.008896, , , , , , , 10.3944808, -0.0072175, , , , , , , 10.3944808, 0.0112459, , , , , , , , , , , , , , , , , , , , , , , , , , , , 
10.395, 0.0142672, , , , , , , 10.395, -0.0095674, , , , , , , 10.395, -0.0075532, , , , , , , 10.395, 0.0105745, , , , , , , , , , , , , , , , , , , , , , , , , , , , 
10.3955192, 0.0109102, , , , , , , 10.3955192, -0.0112459, , , , , , , 10.3955192, -0.0085603, , , , , , , 10.3955192, 0.0090639, , , , , , , , , , , , , , , , , , , , , , , , , , , , 
10.3960385, 0.0112459, , , , , , , 10.3960385, -0.0102388, , , , , , , 10.3960385, -0.008896, , , , , , , 10.3960385, 0.0072175, , , , , , , , , , , , , , , , , , , , , , , , , , , , 
10.3965577, 0.0124208, , , , , , , 10.3965577, -0.0095674, , , , , , , 10.3965577, -0.0099031, , , , , , , 10.3965577, 0.0065461, , , , , , , , , , , , , , , , , , , , , , , , , , , , 
10.3970769, 0.0135958, , , , , , , 10.3970769, -0.0090639, , , , , , , 10.3970769, -0.0105745, , , , , , , 10.3970769, 0.0075532, , , , , , , , , , , , , , , , , , , , , , , , , , , , 
10.3975962, 0.0159457, , , , , , , 10.3975962, -0.0109102, , , , , , , 10.3975962, -0.0124208, , , , , , , 10.3975962, 0.0065461, , , , , , , , , , , , , , , , , , , , , , , , , , , , 
10.3981154, 0.0193027, , , , , , , 10.3981154, -0.0105745, , , , , , , 10.3981154, -0.0115816, , , , , , , 10.3981154, 0.0025177, , , , , , , , , , , , , , , , , , , , , , , , , , , , 
10.3986346, 0.0216526, , , , , , , 10.3986346, -0.0082246, , , , , , , 10.3986346, -0.0102388, , , , , , , 10.3986346, -0.0045319, , , , , , , , , , , , , , , , , , , , , , , , , , , , 
10.3991538, 0.0213169, , , , , , , 10.3991538, -0.0068818, , , , , , , 10.3991538, -0.0125887, , , , , , , 10.3991538, -0.0082246, , , , , , , , , , , , , , , , , , , , , , , , , , , , 
10.3996731, 0.021149, , , , , , , 10.3996731, -0.0065461, , , , , , , 10.3996731, -0.0149386, , , , , , , 10.3996731, -0.0109102, , , , , , , , , , , , , , , , , , , , , , , , , , , , 
10.4001923, 0.0209812, , , , , , , 10.4001923, -0.005539, , , , , , , 10.4001923, -0.0135958, , , , , , , 10.4001923, -0.0127565, , , , , , , , , , , , , , , , , , , , , , , , , , , , 
10.4007115, 0.0213169, , , , , , , 10.4007115, -0.0048676, , , , , , , 10.4007115, -0.0125887, , , , , , , 10.4007115, -0.0139315, , , , , , , , , , , , , , , , , , , , , , , , , , , , 
10.4012308, 0.0206455, , , , , , , 10.4012308, -0.005539, , , , , , , 10.4012308, -0.0125887, , , , , , , 10.4012308, -0.012253, , , , , , , , , , , , , , , , , , , , , , , , , , , , 
10.40175, 0.0179599, , , , , , , 10.40175, -0.0068818, , , , , , , 10.40175, -0.0109102, , , , , , , 10.40175, -0.0058747, , , , , , , , , , , , , , , , , , , , , , , , , , , , 
10.4022692, 0.0146029, , , , , , , 10.4022692, -0.0050355, , , , , , , 10.4022692, -0.0085603, , , , , , , 10.4022692, 0.0001678, , , , , , , , , , , , , , , , , , , , , , , , , , , , 
10.4027885, 0.0132601, , , , , , , 10.4027885, -0.005539, , , , , , , 10.4027885, -0.0075532, , , , , , , 10.4027885, 0.0035248, , , , , , , , , , , , , , , , , , , , , , , , , , , , 
10.4033077, 0.0072175, , , , , , , 10.4033077, -0.0082246, , , , , , , 10.4033077, -0.0065461, , , , , , , 10.4033077, 0.0082246, , , , , , , , , , , , , , , , , , , , , , , , , , , , 
10.4038269, 0.002182, , , , , , , 10.4038269, -0.0097353, , , , , , , 10.4038269, -0.0062104, , , , , , , 10.4038269, 0.0132601, , , , , , , , , , , , , , , , , , , , , , , , , , , , 
10.4043462, 0.002182, , , , , , , 10.4043462, -0.0095674, , , , , , , 10.4043462, -0.0075532, , , , , , , 10.4043462, 0.0166171, , , , , , , , , , , , , , , , , , , , , , , , , , , , 
10.4048654, 0.0031891, , , , , , , 10.4048654, -0.0085603, , , , , , , 10.4048654, -0.0085603, , , , , , , 10.4048654, 0.0206455, , , , , , , , , , , , , , , , , , , , , , , , , , , , 
10.4053846, 0.0008392, , , , , , , 10.4053846, -0.0082246, , , , , , , 10.4053846, -0.0072175, , , , , , , 10.4053846, 0.0263523, , , , , , , , , , , , , , , , , , , , , , , , , , , , 
10.4059038, -0.0058747, , , , , , , 10.4059038, -0.008896, , , , , , , 10.4059038, -0.0057069, , , , , , , 10.4059038, 0.0310521, , , , , , , , , , , , , , , , , , , , , , , , , , , , 
10.4064231, -0.0097353, , , , , , , 10.4064231, -0.008896, , , , , , , 10.4064231, -0.0050355, , , , , , , 10.4064231, 0.0370947, , , , , , , , , , , , , , , , , , , , , , , , , , , , 
10.4069423, -0.0078889, , , , , , , 10.4069423, -0.0075532, , , , , , , 10.4069423, -0.0048676, , , , , , , 10.4069423, 0.0421302, , , , , , , , , , , , , , , , , , , , , , , , , , , , 
10.4074615, -0.005539, , , , , , , 10.4074615, -0.0058747, , , , , , , 10.4074615, -0.0028534, , , , , , , 10.4074615, 0.0448157, , , , , , , , , , , , , , , , , , , , , , , , , , , , 
10.4079808, -0.0041962, , , , , , , 10.4079808, -0.0058747, , , , , , , 10.4079808, -0.0023499, , , , , , , 10.4079808, 0.0416266, , , , , , , , , , , , , , , , , , , , , , , , , , , , 
10.4085, 0.0005035, , , , , , , 10.4085, -0.0068818, , , , , , , 10.4085, -0.0031891, , , , , , , 10.4085, 0.033402, , , , , , , , , , , , , , , , , , , , , , , , , , , , 
10.4090192, 0.0052033, , , , , , , 10.4090192, -0.0068818, , , , , , , 10.4090192, -0.0031891, , , , , , , 10.4090192, 0.0251774, , , , , , , , , , , , , , , , , , , , , , , , , , , , 
10.4095385, 0.0085603, , , , , , , 10.4095385, -0.0085603, , , , , , , 10.4095385, -0.0035248, , , , , , , 10.4095385, 0.018967, , , , , , , , , , , , , , , , , , , , , , , , , , , , 
10.4100577, 0.0065461, , , , , , , 10.4100577, -0.0112459, , , , , , , 10.4100577, -0.0048676, , , , , , , 10.4100577, 0.0157778, , , , , , , , , , , , , , , , , , , , , , , , , , , , 
10.4105769, 0.0028534, , , , , , , 10.4105769, -0.011078, , , , , , , 10.4105769, -0.005539, , , , , , , 10.4105769, 0.0119173, , , , , , , , , , , , , , , , , , , , , , , , , , , , 
10.4110962, 0.0050355, , , , , , , 10.4110962, -0.0112459, , , , , , , 10.4110962, -0.0070497, , , , , , , 10.4110962, 0.0099031, , , , , , , , , , , , , , , , , , , , , , , , , , , , 
10.4116154, 0.0135958, , , , , , , 10.4116154, -0.0102388, , , , , , , 10.4116154, -0.0097353, , , , , , , 10.4116154, 0.0092317, , , , , , , , , , , , , , , , , , , , , , , , , , , , 
10.4121346, 0.0198062, , , , , , , 10.4121346, -0.0102388, , , , , , , 10.4121346, -0.0112459, , , , , , , 10.4121346, 0.0070497, , , , , , , , , , , , , , , , , , , , , , , , , , , , 
10.4126538, 0.0196384, , , , , , , 10.4126538, -0.0085603, , , , , , , 10.4126538, -0.0105745, , , , , , , 10.4126538, 0.0031891, , , , , , , , , , , , , , , , , , , , , , , , , , , , 
10.4131731, 0.0159457, , , , , , , 10.4131731, -0.0062104, , , , , , , 10.4131731, -0.0082246, , , , , , , 10.4131731, 0.0018463, , , , , , , , , , , , , , , , , , , , , , , , , , , , 
10.4136923, 0.0132601, , , , , , , 10.4136923, -0.0052033, , , , , , , 10.4136923, -0.0068818, , , , , , , 10.4136923, 0.0001678, , , , , , , , , , , , , , , , , , , , , , , , , , , , 
10.4142115, 0.0142672, , , , , , , 10.4142115, -0.0062104, , , , , , , 10.4142115, -0.005539, , , , , , , 10.4142115, 0.0005035, , , , , , , , , , , , , , , , , , , , , , , , , , , , 
10.4147308, 0.01561, , , , , , , 10.4147308, -0.0072175, , , , , , , 10.4147308, -0.0063783, , , , , , , 10.4147308, 0.0018463, , , , , , , , , , , , , , , , , , , , , , , , , , , , 
10.41525, 0.0179599, , , , , , , 10.41525, -0.0062104, , , , , , , 10.41525, -0.0058747, , , , , , , 10.41525, 0.0038605, , , , , , , , , , , , , , , , , , , , , , , , , , , , 
10.4157692, 0.0216526, , , , , , , 10.4157692, -0.0050355, , , , , , , 10.4157692, -0.0048676, , , , , , , 10.4157692, 0.0043641, , , , , , , , , , , , , , , , , , , , , , , , , , , , 
10.4162885, 0.023331, , , , , , , 10.4162885, -0.0025177, , , , , , , 10.4162885, -0.0052033, , , , , , , 10.4162885, 0.0018463, , , , , , , , , , , , , , , , , , , , , , , , , , , , 
10.4168077, 0.0193027, , , , , , , 10.4168077, -0.0015106, , , , , , , 10.4168077, -0.0062104, , , , , , , 10.4168077, 0.0011749, , , , , , , , , , , , , , , , , , , , , , , , , , , , 
10.4173269, 0.0159457, , , , , , , 10.4173269, -0.0036927, , , , , , , 10.4173269, -0.0068818, , , , , , , 10.4173269, 0.0025177, , , , , , , , , , , , , , , , , , , , , , , , , , , , 
10.4178462, 0.0139315, , , , , , , 10.4178462, -0.005539, , , , , , , 10.4178462, -0.0072175, , , , , , , 10.4178462, -0.0015106, , , , , , , , , , , , , , , , , , , , , , , , , , , , 
10.4183654, 0.0193027, , , , , , , 10.4183654, -0.0058747, , , , , , , 10.4183654, -0.0085603, , , , , , , 10.4183654, -0.0092317, , , , , , , , , , , , , , , , , , , , , , , , , , , , 
10.4188846, 0.0287022, , , , , , , 10.4188846, -0.0045319, , , , , , , 10.4188846, -0.0097353, , , , , , , 10.4188846, -0.0137636, , , , , , , , , , , , , , , , , , , , , , , , , , , , 
10.4194038, 0.0364233, , , , , , , 10.4194038, -0.0041962, , , , , , , 10.4194038, -0.008896, , , , , , , 10.4194038, -0.014435, , , , , , , , , , , , , , , , , , , , , , , , , , , , 
10.4199231, 0.0379339, , , , , , , 10.4199231, -0.0068818, , , , , , , 10.4199231, -0.0099031, , , , , , , 10.4199231, -0.0142672, , , , , , , , , , , , , , , , , , , , , , , , , , , , 
10.4204423, 0.0337377, , , , , , , 10.4204423, -0.0090639, , , , , , , 10.4204423, -0.0115816, , , , , , , 10.4204423, -0.0162814, , , , , , , , , , , , , , , , , , , , , , , , , , , , 
10.4209615, 0.030045, , , , , , , 10.4209615, -0.0075532, , , , , , , 10.4209615, -0.0109102, , , , , , , 10.4209615, -0.0164492, , , , , , , , , , , , , , , , , , , , , , , , , , , , 
10.4214808, 0.0293736, , , , , , , 10.4214808, -0.0065461, , , , , , , 10.4214808, -0.0102388, , , , , , , 10.4214808, -0.012253, , , , , , , , , , , , , , , , , , , , , , , , , , , , 
10.422, 0.0263523, , , , , , , 10.422, -0.0072175, , , , , , , 10.422, -0.0119173, , , , , , , 10.422, -0.0062104, , , , , , , , , , , , , , , , , , , , , , , , , , , , 
10.4225192, 0.0219883, , , , , , , 10.4225192, -0.0068818, , , , , , , 10.4225192, -0.0124208, , , , , , , 10.4225192, -0.0005035, , , , , , , , , , , , , , , , , , , , , , , , , , , , 
10.4230385, 0.0169528, , , , , , , 10.4230385, -0.0060426, , , , , , , 10.4230385, -0.0135958, , , , , , , 10.4230385, 0.0025177, , , , , , , , , , , , , , , , , , , , , , , , , , , , 
10.4235577, 0.0105745, , , , , , , 10.4235577, -0.005539, , , , , , , 10.4235577, -0.0139315, , , , , , , 10.4235577, 0.0052033, , , , , , , , , , , , , , , , , , , , , , , , , , , , 
10.4240769, 0.0048676, , , , , , , 10.4240769, -0.0068818, , , , , , , 10.4240769, -0.0125887, , , , , , , 10.4240769, 0.0115816, , , , , , , , , , , , , , , , , , , , , , , , , , , , 
10.4245962, 0.0031891, , , , , , , 10.4245962, -0.0095674, , , , , , , 10.4245962, -0.0109102, , , , , , , 10.4245962, 0.0206455, , , , , , , , , , , , , , , , , , , , , , , , , , , , 
10.4251154, 0.0025177, , , , , , , 10.4251154, -0.008896, , , , , , , 10.4251154, -0.008896, , , , , , , 10.4251154, 0.030045, , , , , , , , , , , , , , , , , , , , , , , , , , , , 
10.4256346, 0.0011749, , , , , , , 10.4256346, -0.0075532, , , , , , , 10.4256346, -0.0063783, , , , , , , 10.4256346, 0.0384375, , , , , , , , , , , , , , , , , , , , , , , , , , , , 
10.4261538, 0.0025177, , , , , , , 10.4261538, -0.005539, , , , , , , 10.4261538, -0.0041962, , , , , , , 10.4261538, 0.04448, , , , , , , , , , , , , , , , , , , , , , , , , , , , 
10.4266731, 0.0065461, , , , , , , 10.4266731, -0.0045319, , , , , , , 10.4266731, -0.0031891, , , , , , , 10.4266731, 0.0485084, , , , , , , , , , , , , , , , , , , , , , , , , , , , 
10.4271923, 0.0025177, , , , , , , 10.4271923, -0.0030213, , , , , , , 10.4271923, -0.0015106, , , , , , , 10.4271923, 0.0528725, , , , , , , , , , , , , , , , , , , , , , , , , , , , 
10.4277115, -0.0038605, , , , , , , 10.4277115, -0.0025177, , , , , , , 10.4277115, -0.0001678, , , , , , , 10.4277115, 0.0555581, , , , , , , , , , , , , , , , , , , , , , , , , , , , 
10.4282308, -0.002182, , , , , , , 10.4282308, -0.0050355, , , , , , , 10.4282308, 0.0001678, , , , , , , 10.4282308, 0.0515297, , , , , , , , , , , , , , , , , , , , , , , , , , , , 
10.42875, 0.0015106, , , , , , , 10.42875, -0.0082246, , , , , , , 10.42875, -0.0003357, , , , , , , 10.42875, 0.0438087, , , , , , , , , , , , , , , , , , , , , , , , , , , , 
10.4292692, 0.005539, , , , , , , 10.4292692, -0.0083925, , , , , , , 10.4292692, -0.0011749, , , , , , , 10.4292692, 0.0360876, , , , , , , , , , , , , , , , , , , , , , , , , , , , 
10.4297885, 0.0102388, , , , , , , 10.4297885, -0.0072175, , , , , , , 10.4297885, -0.0028534, , , , , , , 10.4297885, 0.0297093, , , , , , , , , , , , , , , , , , , , , , , , , , , , 
10.4303077, 0.0085603, , , , , , , 10.4303077, -0.0082246, , , , , , , 10.4303077, -0.0045319, , , , , , , 10.4303077, 0.0260166, , , , , , , , , , , , , , , , , , , , , , , , , , , , 
10.4308269, 0.0077211, , , , , , , 10.4308269, -0.0095674, , , , , , , 10.4308269, -0.0062104, , , , , , , 10.4308269, 0.0253452, , , , , , , , , , , , , , , , , , , , , , , , , , , , 
10.4313462, 0.0129244, , , , , , , 10.4313462, -0.0090639, , , , , , , 10.4313462, -0.0068818, , , , , , , 10.4313462, 0.0218204, , , , , , , , , , , , , , , , , , , , , , , , , , , , 
10.4318654, 0.0159457, , , , , , , 10.4318654, -0.0092317, , , , , , , 10.4318654, -0.0062104, , , , , , , 10.4318654, 0.0176242, , , , , , , , , , , , , , , , , , , , , , , , , , , , 
10.4323846, 0.0159457, , , , , , , 10.4323846, -0.0102388, , , , , , , 10.4323846, -0.0068818, , , , , , , 10.4323846, 0.0159457, , , , , , , , , , , , , , , , , , , , , , , , , , , , 
10.4329038, 0.0171206, , , , , , , 10.4329038, -0.0099031, , , , , , , 10.4329038, -0.0075532, , , , , , , 10.4329038, 0.0135958, , , , , , , , , , , , , , , , , , , , , , , , , , , , 
10.4334231, 0.0169528, , , , , , , 10.4334231, -0.0102388, , , , , , , 10.4334231, -0.0082246, , , , , , , 10.4334231, 0.0095674, , , , , , , , , , , , , , , , , , , , , , , , , , , , 
10.4339423, 0.017792, , , , , , , 10.4339423, -0.0097353, , , , , , , 10.4339423, -0.0095674, , , , , , , 10.4339423, 0.0041962, , , , , , , , , , , , , , , , , , , , , , , , , , , , 
10.4344615, 0.0196384, , , , , , , 10.4344615, -0.0078889, , , , , , , 10.4344615, -0.0082246, , , , , , , 10.4344615, 0.0005035, , , , , , , , , , , , , , , , , , , , , , , , , , , , 
10.4349808, 0.0182956, , , , , , , 10.4349808, -0.0075532, , , , , , , 10.4349808, -0.0068818, , , , , , , 10.4349808, -0.0035248, , , , , , , , , , , , , , , , , , , , , , , , , , , , 
10.4355, 0.0169528, , , , , , , 10.4355, -0.0077211, , , , , , , 10.4355, -0.0095674, , , , , , , 10.4355, -0.0052033, , , , , , , , , , , , , , , , , , , , , , , , , , , , 
10.4360192, 0.0169528, , , , , , , 10.4360192, -0.0083925, , , , , , , 10.4360192, -0.0104067, , , , , , , 10.4360192, -0.0038605, , , , , , , , , , , , , , , , , , , , , , , , , , , , 
10.4365385, 0.018967, , , , , , , 10.4365385, -0.008896, , , , , , , 10.4365385, -0.0085603, , , , , , , 10.4365385, -0.0028534, , , , , , , , , , , , , , , , , , , , , , , , , , , , 
10.4370577, 0.0179599, , , , , , , 10.4370577, -0.0099031, , , , , , , 10.4370577, -0.0082246, , , , , , , 10.4370577, -0.0018463, , , , , , , , , , , , , , , , , , , , , , , , , , , , 
10.4375769, 0.0157778, , , , , , , 10.4375769, -0.0105745, , , , , , , 10.4375769, -0.0093996, , , , , , , 10.4375769, -0.002182, , , , , , , , , , , , , , , , , , , , , , , , , , , , 
10.4380962, 0.0199741, , , , , , , 10.4380962, -0.0109102, , , , , , , 10.4380962, -0.0112459, , , , , , , 10.4380962, -0.0052033, , , , , , , , , , , , , , , , , , , , , , , , , , , , 
10.4386154, 0.0283665, , , , , , , 10.4386154, -0.0109102, , , , , , , 10.4386154, -0.0139315, , , , , , , 10.4386154, -0.0132601, , , , , , , , , , , , , , , , , , , , , , , , , , , , 
10.4391346, 0.0381018, , , , , , , 10.4391346, -0.0099031, , , , , , , 10.4391346, -0.0151064, , , , , , , 10.4391346, -0.0203098, , , , , , , , , , , , , , , , , , , , , , , , , , , , 
10.4396538, 0.0448157, , , , , , , 10.4396538, -0.0095674, , , , , , , 10.4396538, -0.0151064, , , , , , , 10.4396538, -0.0219883, , , , , , , , , , , , , , , , , , , , , , , , , , , , 
10.4401731, 0.043473, , , , , , , 10.4401731, -0.0092317, , , , , , , 10.4401731, -0.0152743, , , , , , , 10.4401731, -0.0229953, , , , , , , , , , , , , , , , , , , , , , , , , , , , 
10.4406923, 0.0421302, , , , , , , 10.4406923, -0.0070497, , , , , , , 10.4406923, -0.0137636, , , , , , , 10.4406923, -0.0219883, , , , , , , , , , , , , , , , , , , , , , , , , , , , 
10.4412115, 0.0454871, , , , , , , 10.4412115, -0.0045319, , , , , , , 10.4412115, -0.0115816, , , , , , , 10.4412115, -0.0159457, , , , , , , , , , , , , , , , , , , , , , , , , , , , 
10.4417308, 0.0468299, , , , , , , 10.4417308, -0.0038605, , , , , , , 10.4417308, -0.0104067, , , , , , , 10.4417308, -0.008896, , , , , , , , , , , , , , , , , , , , , , , , , , , , 
10.44225, 0.0387732, , , , , , , 10.44225, -0.005539, , , , , , , 10.44225, -0.0095674, , , , , , , 10.44225, -0.0028534, , , , , , , , , , , , , , , , , , , , , , , , , , , , 
10.4427692, 0.0273594, , , , , , , 10.4427692, -0.0058747, , , , , , , 10.4427692, -0.0097353, , , , , , , 10.4427692, 0.0038605, , , , , , , , , , , , , , , , , , , , , , , , , , , , 
10.4432885, 0.0213169, , , , , , , 10.4432885, -0.0075532, , , , , , , 10.4432885, -0.0095674, , , , , , , 10.4432885, 0.0072175, , , , , , , , , , , , , , , , , , , , , , , , , , , , 
10.4438077, 0.0157778, , , , , , , 10.4438077, -0.0085603, , , , , , , 10.4438077, -0.0092317, , , , , , , 10.4438077, 0.0099031, , , , , , , , , , , , , , , , , , , , , , , , , , , , 
10.4443269, 0.0062104, , , , , , , 10.4443269, -0.0070497, , , , , , , 10.4443269, -0.008896, , , , , , , 10.4443269, 0.0172885, , , , , , , , , , , , , , , , , , , , , , , , , , , , 
10.4448462, -0.0057069, , , , , , , 10.4448462, -0.0068818, , , , , , , 10.4448462, -0.0077211, , , , , , , 10.4448462, 0.0287022, , , , , , , , , , , , , , , , , , , , , , , , , , , , 
10.4453654, -0.0132601, , , , , , , 10.4453654, -0.0072175, , , , , , , 10.4453654, -0.0062104, , , , , , , 10.4453654, 0.0394446, , , , , , , , , , , , , , , , , , , , , , , , , , , , 
10.4458846, -0.0169528, , , , , , , 10.4458846, -0.0095674, , , , , , , 10.4458846, -0.0031891, , , , , , , 10.4458846, 0.0486763, , , , , , , , , , , , , , , , , , , , , , , , , , , , 
10.4464038, -0.0204776, , , , , , , 10.4464038, -0.0115816, , , , , , , 10.4464038, -0.0001678, , , , , , , 10.4464038, 0.054551, , , , , , , , , , , , , , , , , , , , , , , , , , , , 
10.4469231, -0.0191348, , , , , , , 10.4469231, -0.0125887, , , , , , , 10.4469231, 0.0016785, , , , , , , 10.4469231, 0.057908, , , , , , , , , , , , , , , , , , , , , , , , , , , , 
10.4474423, -0.0152743, , , , , , , 10.4474423, -0.012253, , , , , , , 10.4474423, 0.0025177, , , , , , , 10.4474423, 0.0624399, , , , , , , , , , , , , , , , , , , , , , , , , , , , 
10.4479615, -0.0125887, , , , , , , 10.4479615, -0.0130922, , , , , , , 10.4479615, 0.0031891, , , , , , , 10.4479615, 0.0609293, , , , , , , , , , , , , , , , , , , , , , , , , , , , 
10.4484808, -0.0095674, , , , , , , 10.4484808, -0.0129244, , , , , , , 10.4484808, 0.0030213, , , , , , , 10.4484808, 0.054551, , , , , , , , , , , , , , , , , , , , , , , , , , , , 
10.449, -0.0068818, , , , , , , 10.449, -0.0115816, , , , , , , 10.449, 0.0028534, , , , , , , 10.449, 0.0439765, , , , , , , , , , , , , , , , , , , , , , , , , , , , 
10.4495192, -0.0052033, , , , , , , 10.4495192, -0.0105745, , , , , , , 10.4495192, 0.002182, , , , , , , 10.4495192, 0.0347448, , , , , , , , , , , , , , , , , , , , , , , , , , , , 
10.4500385, -0.0008392, , , , , , , 10.4500385, -0.010071, , , , , , , 10.4500385, 0.0008392, , , , , , , 10.4500385, 0.0303807, , , , , , , , , , , , , , , , , , , , , , , , , , , , 
10.4505577, 0.0075532, , , , , , , 10.4505577, -0.0078889, , , , , , , 10.4505577, -0.0011749, , , , , , , 10.4505577, 0.0270237, , , , , , , , , , , , , , , , , , , , , , , , , , , , 
10.4510769, 0.0152743, , , , , , , 10.4510769, -0.005539, , , , , , , 10.4510769, -0.0038605, , , , , , , 10.4510769, 0.0236667, , , , , , , , , , , , , , , , , , , , , , , , , , , , 
10.4515962, 0.0206455, , , , , , , 10.4515962, -0.0058747, , , , , , , 10.4515962, -0.0052033, , , , , , , 10.4515962, 0.0213169, , , , , , , , , , , , , , , , , , , , , , , , , , , , 
10.4521154, 0.0258488, , , , , , , 10.4521154, -0.0050355, , , , , , , 10.4521154, -0.0068818, , , , , , , 10.4521154, 0.0186313, , , , , , , , , , , , , , , , , , , , , , , , , , , , 
10.4526346, 0.027863, , , , , , , 10.4526346, -0.0031891, , , , , , , 10.4526346, -0.0083925, , , , , , , 10.4526346, 0.0146029, , , , , , , , , , , , , , , , , , , , , , , , , , , , 
10.4531538, 0.0256809, , , , , , , 10.4531538, -0.0031891, , , , , , , 10.4531538, -0.0095674, , , , , , , 10.4531538, 0.0119173, , , , , , , , , , , , , , , , , , , , , , , , , , , , 
10.4536731, 0.0179599, , , , , , , 10.4536731, -0.0063783, , , , , , , 10.4536731, -0.0085603, , , , , , , 10.4536731, 0.0119173, , , , , , , , , , , , , , , , , , , , , , , , , , , , 
10.4541923, 0.0119173, , , , , , , 10.4541923, -0.0099031, , , , , , , 10.4541923, -0.0090639, , , , , , , 10.4541923, 0.0112459, , , , , , , , , , , , , , , , , , , , , , , , , , , , 
10.4547115, 0.0119173, , , , , , , 10.4547115, -0.0112459, , , , , , , 10.4547115, -0.0095674, , , , , , , 10.4547115, 0.0109102, , , , , , , , , , , , , , , , , , , , , , , , , , , , 
10.4552308, 0.0146029, , , , , , , 10.4552308, -0.0095674, , , , , , , 10.4552308, -0.0102388, , , , , , , 10.4552308, 0.0095674, , , , , , , , , , , , , , , , , , , , , , , , , , , , 
10.45575, 0.014435, , , , , , , 10.45575, -0.0082246, , , , , , , 10.45575, -0.0095674, , , , , , , 10.45575, 0.0060426, , , , , , , , , , , , , , , , , , , , , , , , , , , , 
10.4562692, 0.0152743, , , , , , , 10.4562692, -0.0072175, , , , , , , 10.4562692, -0.008896, , , , , , , 10.4562692, 0.0045319, , , , , , , , , , , , , , , , , , , , , , , , , , , , 
10.4567885, 0.0199741, , , , , , , 10.4567885, -0.0062104, , , , , , , 10.4567885, -0.0109102, , , , , , , 10.4567885, 0.0041962, , , , , , , , , , , , , , , , , , , , , , , , , , , , 
10.4573077, 0.0199741, , , , , , , 10.4573077, -0.0062104, , , , , , , 10.4573077, -0.0130922, , , , , , , 10.4573077, 0.0050355, , , , , , , , , , , , , , , , , , , , , , , , , , , , 
10.4578269, 0.0213169, , , , , , , 10.4578269, -0.0072175, , , , , , , 10.4578269, -0.0129244, , , , , , , 10.4578269, 0.0041962, , , , , , , , , , , , , , , , , , , , , , , , , , , , 
10.4583462, 0.0253452, , , , , , , 10.4583462, -0.008896, , , , , , , 10.4583462, -0.0146029, , , , , , , 10.4583462, -0.0025177, , , , , , , , , , , , , , , , , , , , , , , , , , , , 
10.4588654, 0.0263523, , , , , , , 10.4588654, -0.0102388, , , , , , , 10.4588654, -0.01561, , , , , , , 10.4588654, -0.0109102, , , , , , , , , , , , , , , , , , , , , , , , , , , , 
10.4593846, 0.0260166, , , , , , , 10.4593846, -0.0095674, , , , , , , 10.4593846, -0.01561, , , , , , , 10.4593846, -0.0149386, , , , , , , , , , , , , , , , , , , , , , , , , , , , 
10.4599038, 0.0280308, , , , , , , 10.4599038, -0.0078889, , , , , , , 10.4599038, -0.0137636, , , , , , , 10.4599038, -0.0166171, , , , , , , , , , , , , , , , , , , , , , , , , , , , 
10.4604231, 0.0285344, , , , , , , 10.4604231, -0.0062104, , , , , , , 10.4604231, -0.012253, , , , , , , 10.4604231, -0.017792, , , , , , , , , , , , , , , , , , , , , , , , , , , , 
10.4609423, 0.0265202, , , , , , , 10.4609423, -0.0041962, , , , , , , 10.4609423, -0.0125887, , , , , , , 10.4609423, -0.0179599, , , , , , , , , , , , , , , , , , , , , , , , , , , , 
10.4614615, 0.0223239, , , , , , , 10.4614615, -0.0068818, , , , , , , 10.4614615, -0.0142672, , , , , , , 10.4614615, -0.0162814, , , , , , , , , , , , , , , , , , , , , , , , , , , , 
10.4619808, 0.0166171, , , , , , , 10.4619808, -0.008896, , , , , , , 10.4619808, -0.0149386, , , , , , , 10.4619808, -0.0135958, , , , , , , , , , , , , , , , , , , , , , , , , , , , 
10.4625, 0.012253, , , , , , , 10.4625, -0.010071, , , , , , , 10.4625, -0.0149386, , , , , , , 10.4625, -0.0099031, , , , , , , , , , , , , , , , , , , , , , , , , , , , 
10.4630192, 0.0075532, , , , , , , 10.4630192, -0.0117494, , , , , , , 10.4630192, -0.0137636, , , , , , , 10.4630192, -0.0038605, , , , , , , , , , , , , , , , , , , , , , , , , , , , 
10.4635385, 0.0058747, , , , , , , 10.4635385, -0.0135958, , , , , , , 10.4635385, -0.0115816, , , , , , , 10.4635385, 0.0025177, , , , , , , , , , , , , , , , , , , , , , , , , , , , 
10.4640577, 0.0092317, , , , , , , 10.4640577, -0.0129244, , , , , , , 10.4640577, -0.0099031, , , , , , , 10.4640577, 0.0085603, , , , , , , , , , , , , , , , , , , , , , , , , , , , 
10.4645769, 0.0099031, , , , , , , 10.4645769, -0.0119173, , , , , , , 10.4645769, -0.0075532, , , , , , , 10.4645769, 0.0169528, , , , , , , , , , , , , , , , , , , , , , , , , , , , 
10.4650962, 0.0062104, , , , , , , 10.4650962, -0.0125887, , , , , , , 10.4650962, -0.005539, , , , , , , 10.4650962, 0.0280308, , , , , , , , , , , , , , , , , , , , , , , , , , , , 
10.4656154, 0.0035248, , , , , , , 10.4656154, -0.0135958, , , , , , , 10.4656154, -0.0045319, , , , , , , 10.4656154, 0.0374304, , , , , , , , , , , , , , , , , , , , , , , , , , , , 
10.4661346, 0.0028534, , , , , , , 10.4661346, -0.0124208, , , , , , , 10.4661346, -0.0050355, , , , , , , 10.4661346, 0.0407874, , , , , , , , , , , , , , , , , , , , , , , , , , , , 
10.4666538, 0.0043641, , , , , , , 10.4666538, -0.0099031, , , , , , , 10.4666538, -0.005539, , , , , , , 10.4666538, 0.0433051, , , , , , , , , , , , , , , , , , , , , , , , , , , , 
10.4671731, 0.0048676, , , , , , , 10.4671731, -0.0082246, , , , , , , 10.4671731, -0.005539, , , , , , , 10.4671731, 0.0454871, , , , , , , , , , , , , , , , , , , , , , , , , , , , 
10.4676923, 0.002182, , , , , , , 10.4676923, -0.0068818, , , , , , , 10.4676923, -0.0043641, , , , , , , 10.4676923, 0.0454871, , , , , , , , , , , , , , , , , , , , , , , , , , , , 
10.4682115, -0.002182, , , , , , , 10.4682115, -0.0090639, , , , , , , 10.4682115, -0.0008392, , , , , , , 10.4682115, 0.043473, , , , , , , , , , , , , , , , , , , , , , , , , , , , 
10.4687308, -0.0062104, , , , , , , 10.4687308, -0.0117494, , , , , , , 10.4687308, 0.0015106, , , , , , , 10.4687308, 0.0384375, , , , , , , , , , , , , , , , , , , , , , , , , , , , 
10.46925, -0.0062104, , , , , , , 10.46925, -0.0109102, , , , , , , 10.46925, -0.0015106, , , , , , , 10.46925, 0.0313878, , , , , , , , , , , , , , , , , , , , , , , , , , , , 
10.4697692, -0.0015106, , , , , , , 10.4697692, -0.008896, , , , , , , 10.4697692, -0.0052033, , , , , , , 10.4697692, 0.0248417, , , , , , , , , , , , , , , , , , , , , , , , , , , , 
10.4702885, 0.0065461, , , , , , , 10.4702885, -0.0075532, , , , , , , 10.4702885, -0.0052033, , , , , , , 10.4702885, 0.0199741, , , , , , , , , , , , , , , , , , , , , , , , , , , , 
10.4708077, 0.0097353, , , , , , , 10.4708077, -0.0065461, , , , , , , 10.4708077, -0.0048676, , , , , , , 10.4708077, 0.0159457, , , , , , , , , , , , , , , , , , , , , , , , , , , , 
10.4713269, 0.0132601, , , , , , , 10.4713269, -0.0065461, , , , , , , 10.4713269, -0.0058747, , , , , , , 10.4713269, 0.012253, , , , , , , , , , , , , , , , , , , , , , , , , , , , 
10.4718462, 0.0169528, , , , , , , 10.4718462, -0.0052033, , , , , , , 10.4718462, -0.0070497, , , , , , , 10.4718462, 0.0099031, , , , , , , , , , , , , , , , , , , , , , , , , , , , 
10.4723654, 0.0146029, , , , , , , 10.4723654, -0.0045319, , , , , , , 10.4723654, -0.0068818, , , , , , , 10.4723654, 0.0075532, , , , , , , , , , , , , , , , , , , , , , , , , , , , 
10.4728846, 0.0105745, , , , , , , 10.4728846, -0.0045319, , , , , , , 10.4728846, -0.0041962, , , , , , , 10.4728846, 0.0038605, , , , , , , , , , , , , , , , , , , , , , , , , , , , 
10.4734038, 0.0105745, , , , , , , 10.4734038, -0.0041962, , , , , , , 10.4734038, -0.0035248, , , , , , , 10.4734038, 0.0028534, , , , , , , , , , , , , , , , , , , , , , , , , , , , 
10.4739231, 0.0119173, , , , , , , 10.4739231, -0.0031891, , , , , , , 10.4739231, -0.0052033, , , , , , , 10.4739231, 0.002182, , , , , , , , , , , , , , , , , , , , , , , , , , , , 
10.4744423, 0.0119173, , , , , , , 10.4744423, -0.0041962, , , , , , , 10.4744423, -0.0083925, , , , , , , 10.4744423, -0.0001678, , , , , , , , , , , , , , , , , , , , , , , , , , , , 
10.4749615, 0.0146029, , , , , , , 10.4749615, -0.0065461, , , , , , , 10.4749615, -0.0099031, , , , , , , 10.4749615, -0.0036927, , , , , , , , , , , , , , , , , , , , , , , , , , , , 
10.4754808, 0.0179599, , , , , , , 10.4754808, -0.0068818, , , , , , , 10.4754808, -0.012253, , , , , , , 10.4754808, -0.005539, , , , , , , , , , , , , , , , , , , , , , , , , , , , 
10.476, 0.0216526, , , , , , , 10.476, -0.0072175, , , , , , , 10.476, -0.0142672, , , , , , , 10.476, -0.0041962, , , , , , , , , , , , , , , , , , , , , , , , , , , , 
10.4765192, 0.026688, , , , , , , 10.4765192, -0.0070497, , , , , , , 10.4765192, -0.0152743, , , , , , , 10.4765192, -0.0015106, , , , , , , , , , , , , , , , , , , , , , , , , , , , 
10.4770385, 0.0320592, , , , , , , 10.4770385, -0.0062104, , , , , , , 10.4770385, -0.0135958, , , , , , , 10.4770385, -0.0011749, , , , , , , , , , , , , , , , , , , , , , , , , , , , 
10.4775577, 0.0377661, , , , , , , 10.4775577, -0.0057069, , , , , , , 10.4775577, -0.0127565, , , , , , , 10.4775577, -0.0035248, , , , , , , , , , , , , , , , , , , , , , , , , , , , 
10.4780769, 0.0414588, , , , , , , 10.4780769, -0.0058747, , , , , , , 10.4780769, -0.0146029, , , , , , , 10.4780769, -0.008896, , , , , , , , , , , , , , , , , , , , , , , , , , , , 
10.4785962, 0.0384375, , , , , , , 10.4785962, -0.0068818, , , , , , , 10.4785962, -0.0179599, , , , , , , 10.4785962, -0.0162814, , , , , , , , , , , , , , , , , , , , , , , , , , , , 
10.4791154, 0.0313878, , , , , , , 10.4791154, -0.0068818, , , , , , , 10.4791154, -0.0191348, , , , , , , 10.4791154, -0.0229953, , , , , , , , , , , , , , , , , , , , , , , , , , , , 
10.4796346, 0.0293736, , , , , , , 10.4796346, -0.0065461, , , , , , , 10.4796346, -0.01561, , , , , , , 10.4796346, -0.0250095, , , , , , , , , , , , , , , , , , , , , , , , , , , , 
10.4801538, 0.0344091, , , , , , , 10.4801538, -0.0068818, , , , , , , 10.4801538, -0.0139315, , , , , , , 10.4801538, -0.0226596, , , , , , , , , , , , , , , , , , , , , , , , , , , , 
10.4806731, 0.0394446, , , , , , , 10.4806731, -0.0063783, , , , , , , 10.4806731, -0.0149386, , , , , , , 10.4806731, -0.0187991, , , , , , , , , , , , , , , , , , , , , , , , , , , , 
10.4811923, 0.0379339, , , , , , , 10.4811923, -0.0062104, , , , , , , 10.4811923, -0.0149386, , , , , , , 10.4811923, -0.01561, , , , , , , , , , , , , , , , , , , , , , , , , , , , 
10.4817115, 0.0317235, , , , , , , 10.4817115, -0.0062104, , , , , , , 10.4817115, -0.014435, , , , , , , 10.4817115, -0.0109102, , , , , , , , , , , , , , , , , , , , , , , , , , , , 
10.4822308, 0.0253452, , , , , , , 10.4822308, -0.0072175, , , , , , , 10.4822308, -0.0130922, , , , , , , 10.4822308, -0.0035248, , , , , , , , , , , , , , , , , , , , , , , , , , , , 
10.48275, 0.0213169, , , , , , , 10.48275, -0.0078889, , , , , , , 10.48275, -0.0117494, , , , , , , 10.48275, 0.0048676, , , , , , , , , , , , , , , , , , , , , , , , , , , , 
10.4832692, 0.0166171, , , , , , , 10.4832692, -0.0082246, , , , , , , 10.4832692, -0.0115816, , , , , , , 10.4832692, 0.0149386, , , , , , , , , , , , , , , , , , , , , , , , , , , , 
10.4837885, 0.0112459, , , , , , , 10.4837885, -0.0085603, , , , , , , 10.4837885, -0.0102388, , , , , , , 10.4837885, 0.0223239, , , , , , , , , , , , , , , , , , , , , , , , , , , , 
10.4843077, 0.0038605, , , , , , , 10.4843077, -0.0082246, , , , , , , 10.4843077, -0.0082246, , , , , , , 10.4843077, 0.0293736, , , , , , , , , , , , , , , , , , , , , , , , , , , , 
10.4848269, 0.0003357, , , , , , , 10.4848269, -0.008896, , , , , , , 10.4848269, -0.0082246, , , , , , , 10.4848269, 0.0381018, , , , , , , , , , , , , , , , , , , , , , , , , , , , 
10.4853462, 0.0015106, , , , , , , 10.4853462, -0.0124208, , , , , , , 10.4853462, -0.005539, , , , , , , 10.4853462, 0.0451514, , , , , , , , , , , , , , , , , , , , , , , , , , , , 
10.4858654, 0.0065461, , , , , , , 10.4858654, -0.0112459, , , , , , , 10.4858654, -0.0015106, , , , , , , 10.4858654, 0.0503548, , , , , , , , , , , , , , , , , , , , , , , , , , , , 
10.4863846, 0.0166171, , , , , , , 10.4863846, -0.0077211, , , , , , , 10.4863846, 0.0003357, , , , , , , 10.4863846, 0.0558938, , , , , , , , , , , , , , , , , , , , , , , , , , , , 
10.4869038, 0.0251774, , , , , , , 10.4869038, -0.0078889, , , , , , , 10.4869038, -0.0001678, , , , , , , 10.4869038, 0.0582437, , , , , , , , , , , , , , , , , , , , , , , , , , , , 
10.4874231, 0.03122, , , , , , , 10.4874231, -0.0095674, , , , , , , 10.4874231, -0.0008392, , , , , , , 10.4874231, 0.0582437, , , , , , , , , , , , , , , , , , , , , , , , , , , , 
10.4879423, 0.0360876, , , , , , , 10.4879423, -0.0105745, , , , , , , 10.4879423, -0.0016785, , , , , , , 10.4879423, 0.0527047, , , , , , , , , , , , , , , , , , , , , , , , , , , , 
10.4884615, 0.0392767, , , , , , , 10.4884615, -0.0109102, , , , , , , 10.4884615, -0.002182, , , , , , , 10.4884615, 0.0441444, , , , , , , , , , , , , , , , , , , , , , , , , , , , 
10.4889808, 0.0411231, , , , , , , 10.4889808, -0.0109102, , , , , , , 10.4889808, -0.0023499, , , , , , , 10.4889808, 0.036759, , , , , , , , , , , , , , , , , , , , , , , , , , , , 
10.4895, 0.0431373, , , , , , , 10.4895, -0.0112459, , , , , , , 10.4895, -0.0016785, , , , , , , 10.4895, 0.030045, , , , , , , , , , , , , , , , , , , , , , , , , , , , 
10.4900192, 0.0421302, , , , , , , 10.4900192, -0.0124208, , , , , , , 10.4900192, -0.0015106, , , , , , , 10.4900192, 0.0253452, , , , , , , , , , , , , , , , , , , , , , , , , , , , 
10.4905385, 0.0411231, , , , , , , 10.4905385, -0.0112459, , , , , , , 10.4905385, -0.0028534, , , , , , , 10.4905385, 0.0219883, , , , , , , , , , , , , , , , , , , , , , , , , , , , 
10.4910577, 0.0386053, , , , , , , 10.4910577, -0.0104067, , , , , , , 10.4910577, -0.0062104, , , , , , , 10.4910577, 0.0179599, , , , , , , , , , , , , , , , , , , , , , , , , , , , 
10.4915769, 0.0327306, , , , , , , 10.4915769, -0.0095674, , , , , , , 10.4915769, -0.0082246, , , , , , , 10.4915769, 0.0139315, , , , , , , , , , , , , , , , , , , , , , , , , , , , 
10.4920962, 0.0240024, , , , , , , 10.4920962, -0.0092317, , , , , , , 10.4920962, -0.0072175, , , , , , , 10.4920962, 0.0119173, , , , , , , , , , , , , , , , , , , , , , , , , , , , 
10.4926154, 0.0219883, , , , , , , 10.4926154, -0.0102388, , , , , , , 10.4926154, -0.005539, , , , , , , 10.4926154, 0.012253, , , , , , , , , , , , , , , , , , , , , , , , , , , , 
10.4931346, 0.0258488, , , , , , , 10.4931346, -0.0095674, , , , , , , 10.4931346, -0.005539, , , , , , , 10.4931346, 0.0125887, , , , , , , , , , , , , , , , , , , , , , , , , , , , 
10.4936538, 0.0287022, , , , , , , 10.4936538, -0.0087282, , , , , , , 10.4936538, -0.005539, , , , , , , 10.4936538, 0.0083925, , , , , , , , , , , , , , , , , , , , , , , , , , , , 
10.4941731, 0.0258488, , , , , , , 10.4941731, -0.0092317, , , , , , , 10.4941731, -0.0073854, , , , , , , 10.4941731, 0.0043641, , , , , , , , , , , , , , , , , , , , , , , , , , , , 
10.4946923, 0.0246738, , , , , , , 10.4946923, -0.0085603, , , , , , , 10.4946923, -0.008896, , , , , , , 10.4946923, 0.0038605, , , , , , , , , , , , , , , , , , , , , , , , , , , , 
10.4952115, 0.0243381, , , , , , , 10.4952115, -0.0058747, , , , , , , 10.4952115, -0.0075532, , , , , , , 10.4952115, 0.0052033, , , , , , , , , , , , , , , , , , , , , , , , , , , , 
10.4957308, 0.0229953, , , , , , , 10.4957308, -0.0030213, , , , , , , 10.4957308, -0.0070497, , , , , , , 10.4957308, 0.0063783, , , , , , , , , , , , , , , , , , , , , , , , , , , , 
10.49625, 0.0154421, , , , , , , 10.49625, -0.0008392, , , , , , , 10.49625, -0.0082246, , , , , , , 10.49625, 0.0072175, , , , , , , , , , , , , , , , , , , , , , , , , , , , 
10.4967692, 0.0065461, , , , , , , 10.4967692, -0.0015106, , , , , , , 10.4967692, -0.0095674, , , , , , , 10.4967692, 0.0065461, , , , , , , , , , , , , , , , , , , , , , , , , , , , 
10.4972885, 0.0072175, , , , , , , 10.4972885, -0.0043641, , , , , , , 10.4972885, -0.0105745, , , , , , , 10.4972885, 0.0045319, , , , , , , , , , , , , , , , , , , , , , , , , , , , 
10.4978077, 0.0028534, , , , , , , 10.4978077, -0.005539, , , , , , , 10.4978077, -0.012253, , , , , , , 10.4978077, 0.0008392, , , , , , , , , , , , , , , , , , , , , , , , , , , , 
10.4983269, -0.0011749, , , , , , , 10.4983269, -0.0041962, , , , , , , 10.4983269, -0.0127565, , , , , , , 10.4983269, -0.0065461, , , , , , , , , , , , , , , , , , , , , , , , , , , , 
10.4988462, 0.0020142, , , , , , , 10.4988462, -0.0045319, , , , , , , 10.4988462, -0.0112459, , , , , , , 10.4988462, -0.0146029, , , , , , , , , , , , , , , , , , , , , , , , , , , , 
10.4993654, 0.0058747, , , , , , , 10.4993654, -0.0052033, , , , , , , 10.4993654, -0.0090639, , , , , , , 10.4993654, -0.0213169, , , , , , , , , , , , , , , , , , , , , , , , , , , , 
10.4998846, 0.0078889, , , , , , , 10.4998846, -0.0075532, , , , , , , 10.4998846, -0.0090639, , , , , , , 10.4998846, -0.0248417, , , , , , , , , , , , , , , , , , , , , , , , , , , , 
10.5004038, 0.0062104, , , , , , , 10.5004038, -0.008896, , , , , , , 10.5004038, -0.0097353, , , , , , , 10.5004038, -0.0250095, , , , , , , , , , , , , , , , , , , , , , , , , , , , 
10.5009231, 0.0018463, , , , , , , 10.5009231, -0.0068818, , , , , , , 10.5009231, -0.0132601, , , , , , , 10.5009231, -0.0229953, , , , , , , , , , , , , , , , , , , , , , , , , , , , 
10.5014423, -0.0048676, , , , , , , 10.5014423, -0.0068818, , , , , , , 10.5014423, -0.0149386, , , , , , , 10.5014423, -0.0199741, , , , , , , , , , , , , , , , , , , , , , , , , , , , 
10.5019615, -0.0097353, , , , , , , 10.5019615, -0.0083925, , , , , , , 10.5019615, -0.0119173, , , , , , , 10.5019615, -0.0146029, , , , , , , , , , , , , , , , , , , , , , , , , , , , 
10.5024808, -0.0135958, , , , , , , 10.5024808, -0.0109102, , , , , , , 10.5024808, -0.0080568, , , , , , , 10.5024808, -0.005539, , , , , , , , , , , , , , , , , , , , , , , , , , , , 
10.503, -0.0157778, , , , , , , 10.503, -0.0107424, , , , , , , 10.503, -0.0062104, , , , , , , 10.503, 0.0031891, , , , , , , , , , , , , , , , , , , , , , , , , , , , 
10.5035192, -0.0223239, , , , , , , 10.5035192, -0.0085603, , , , , , , 10.5035192, -0.0068818, , , , , , , 10.5035192, 0.0082246, , , , , , , , , , , , , , , , , , , , , , , , , , , , 
10.5040385, -0.0298772, , , , , , , 10.5040385, -0.0077211, , , , , , , 10.5040385, -0.0065461, , , , , , , 10.5040385, 0.01561, , , , , , , , , , , , , , , , , , , , , , , , , , , , 
10.5045577, -0.0357519, , , , , , , 10.5045577, -0.0075532, , , , , , , 10.5045577, -0.0062104, , , , , , , 10.5045577, 0.026688, , , , , , , , , , , , , , , , , , , , , , , , , , , , 
10.5050769, -0.0394446, , , , , , , 10.5050769, -0.0068818, , , , , , , 10.5050769, -0.0068818, , , , , , , 10.5050769, 0.0364233, , , , , , , , , , , , , , , , , , , , , , , , , , , , 
10.5055962, -0.042298, , , , , , , 10.5055962, -0.0075532, , , , , , , 10.5055962, -0.0065461, , , , , , , 10.5055962, 0.0453193, , , , , , , , , , , , , , , , , , , , , , , , , , , , 
10.5061154, -0.0426337, , , , , , , 10.5061154, -0.0090639, , , , , , , 10.5061154, -0.0062104, , , , , , , 10.5061154, 0.0538796, , , , , , , , , , , , , , , , , , , , , , , , , , , , 
10.5066346, -0.0391089, , , , , , , 10.5066346, -0.0085603, , , , , , , 10.5066346, -0.0060426, , , , , , , 10.5066346, 0.0589151, , , , , , , , , , , , , , , , , , , , , , , , , , , , 
10.5071538, -0.0359197, , , , , , , 10.5071538, -0.0058747, , , , , , , 10.5071538, -0.0045319, , , , , , , 10.5071538, 0.0629435, , , , , , , , , , , , , , , , , , , , , , , , , , , , 
10.5076731, -0.0357519, , , , , , , 10.5076731, -0.0041962, , , , , , , 10.5076731, -0.002182, , , , , , , 10.5076731, 0.0642863, , , , , , , , , , , , , , , , , , , , , , , , , , , , 
10.5081923, -0.0357519, , , , , , , 10.5081923, -0.0041962, , , , , , , 10.5081923, -0.0015106, , , , , , , 10.5081923, 0.0609293, , , , , , , , , , , , , , , , , , , , , , , , , , , , 
10.5087115, -0.030045, , , , , , , 10.5087115, -0.0070497, , , , , , , 10.5087115, -0.0025177, , , , , , , 10.5087115, 0.0505226, , , , , , , , , , , , , , , , , , , , , , , , , , , , 
10.5092308, -0.023331, , , , , , , 10.5092308, -0.0083925, , , , , , , 10.5092308, -0.0048676, , , , , , , 10.5092308, 0.0379339, , , , , , , , , , , , , , , , , , , , , , , , , , , , 
10.50975, -0.0176242, , , , , , , 10.50975, -0.0082246, , , , , , , 10.50975, -0.0048676, , , , , , , 10.50975, 0.0287022, , , , , , , , , , , , , , , , , , , , , , , , , , , , 
10.5102692, -0.012253, , , , , , , 10.5102692, -0.0068818, , , , , , , 10.5102692, -0.0041962, , , , , , , 10.5102692, 0.0240024, , , , , , , , , , , , , , , , , , , , , , , , , , , , 
10.5107885, -0.0063783, , , , , , , 10.5107885, -0.0062104, , , , , , , 10.5107885, -0.0045319, , , , , , , 10.5107885, 0.0182956, , , , , , , , , , , , , , , , , , , , , , , , , , , , 
10.5113077, -0.0035248, , , , , , , 10.5113077, -0.0068818, , , , , , , 10.5113077, -0.0065461, , , , , , , 10.5113077, 0.0135958, , , , , , , , , , , , , , , , , , , , , , , , , , , , 
10.5118269, -0.0036927, , , , , , , 10.5118269, -0.0072175, , , , , , , 10.5118269, -0.008896, , , , , , , 10.5118269, 0.012253, , , , , , , , , , , , , , , , , , , , , , , , , , , , 
10.5123462, -0.0065461, , , , , , , 10.5123462, -0.0075532, , , , , , , 10.5123462, -0.0105745, , , , , , , 10.5123462, 0.0125887, , , , , , , , , , , , , , , , , , , , , , , , , , , , 
10.5128654, -0.0041962, , , , , , , 10.5128654, -0.0072175, , , , , , , 10.5128654, -0.0095674, , , , , , , 10.5128654, 0.0119173, , , , , , , , , , , , , , , , , , , , , , , , , , , , 
10.5133846, 0.0001678, , , , , , , 10.5133846, -0.0065461, , , , , , , 10.5133846, -0.0072175, , , , , , , 10.5133846, 0.0132601, , , , , , , , , , , , , , , , , , , , , , , , , , , , 
10.5139038, 0.0031891, , , , , , , 10.5139038, -0.0070497, , , , , , , 10.5139038, -0.0075532, , , , , , , 10.5139038, 0.012253, , , , , , , , , , , , , , , , , , , , , , , , , , , , 
10.5144231, 0.0075532, , , , , , , 10.5144231, -0.0078889, , , , , , , 10.5144231, -0.0082246, , , , , , , 10.5144231, 0.0075532, , , , , , , , , , , , , , , , , , , , , , , , , , , , 
10.5149423, 0.0092317, , , , , , , 10.5149423, -0.0062104, , , , , , , 10.5149423, -0.0072175, , , , , , , 10.5149423, 0.0025177, , , , , , , , , , , , , , , , , , , , , , , , , , , , 
10.5154615, 0.0058747, , , , , , , 10.5154615, -0.0052033, , , , , , , 10.5154615, -0.0052033, , , , , , , 10.5154615, 0.0011749, , , , , , , , , , , , , , , , , , , , , , , , , , , , 
10.5159808, 0.005539, , , , , , , 10.5159808, -0.005539, , , , , , , 10.5159808, -0.0036927, , , , , , , 10.5159808, 0.003357, , , , , , , , , , , , , , , , , , , , , , , , , , , , 
10.5165, 0.012253, , , , , , , 10.5165, -0.0065461, , , , , , , 10.5165, -0.0041962, , , , , , , 10.5165, 0.0031891, , , , , , , , , , , , , , , , , , , , , , , , , , , , 
10.5170192, 0.0193027, , , , , , , 10.5170192, -0.0048676, , , , , , , 10.5170192, -0.0062104, , , , , , , 10.5170192, 0.0011749, , , , , , , , , , , , , , , , , , , , , , , , , , , , 
10.5175385, 0.0213169, , , , , , , 10.5175385, -0.0015106, , , , , , , 10.5175385, -0.0070497, , , , , , , 10.5175385, -0.0015106, , , , , , , , , , , , , , , , , , , , , , , , , , , , 
10.5180577, 0.0226596, , , , , , , 10.5180577, -0.002182, , , , , , , 10.5180577, -0.0082246, , , , , , , 10.5180577, -0.0058747, , , , , , , , , , , , , , , , , , , , , , , , , , , , 
10.5185769, 0.0287022, , , , , , , 10.5185769, -0.0058747, , , , , , , 10.5185769, -0.0095674, , , , , , , 10.5185769, -0.0115816, , , , , , , , , , , , , , , , , , , , , , , , , , , , 
10.5190962, 0.0327306, , , , , , , 10.5190962, -0.0078889, , , , , , , 10.5190962, -0.0105745, , , , , , , 10.5190962, -0.0157778, , , , , , , , , , , , , , , , , , , , , , , , , , , , 
10.5196154, 0.0354162, , , , , , , 10.5196154, -0.0085603, , , , , , , 10.5196154, -0.0105745, , , , , , , 10.5196154, -0.0193027, , , , , , , , , , , , , , , , , , , , , , , , , , , , 
10.5201346, 0.0387732, , , , , , , 10.5201346, -0.0068818, , , , , , , 10.5201346, -0.0119173, , , , , , , 10.5201346, -0.0223239, , , , , , , , , , , , , , , , , , , , , , , , , , , , 
10.5206538, 0.0411231, , , , , , , 10.5206538, -0.0050355, , , , , , , 10.5206538, -0.0125887, , , , , , , 10.5206538, -0.0246738, , , , , , , , , , , , , , , , , , , , , , , , , , , , 
10.5211731, 0.0377661, , , , , , , 10.5211731, -0.0045319, , , , , , , 10.5211731, -0.0109102, , , , , , , 10.5211731, -0.0236667, , , , , , , , , , , , , , , , , , , , , , , , , , , , 
10.5216923, 0.0293736, , , , , , , 10.5216923, -0.0065461, , , , , , , 10.5216923, -0.0083925, , , , , , , 10.5216923, -0.018967, , , , , , , , , , , , , , , , , , , , , , , , , , , , 
10.5222115, 0.023331, , , , , , , 10.5222115, -0.0070497, , , , , , , 10.5222115, -0.0095674, , , , , , , 10.5222115, -0.0075532, , , , , , , , , , , , , , , , , , , , , , , , , , , , 
10.5227308, 0.0204776, , , , , , , 10.5227308, -0.0077211, , , , , , , 10.5227308, -0.0115816, , , , , , , 10.5227308, 0.0011749, , , , , , , , , , , , , , , , , , , , , , , , , , , , 
10.52325, 0.0179599, , , , , , , 10.52325, -0.0082246, , , , , , , 10.52325, -0.0114137, , , , , , , 10.52325, 0.0048676, , , , , , , , , , , , , , , , , , , , , , , , , , , , 
10.5237692, 0.0139315, , , , , , , 10.5237692, -0.0078889, , , , , , , 10.5237692, -0.0109102, , , , , , , 10.5237692, 0.0085603, , , , , , , , , , , , , , , , , , , , , , , , , , , , 
10.5242885, 0.0146029, , , , , , , 10.5242885, -0.0083925, , , , , , , 10.5242885, -0.0095674, , , , , , , 10.5242885, 0.0172885, , , , , , , , , , , , , , , , , , , , , , , , , , , , 
10.5248077, 0.0115816, , , , , , , 10.5248077, -0.0082246, , , , , , , 10.5248077, -0.0082246, , , , , , , 10.5248077, 0.0313878, , , , , , , , , , , , , , , , , , , , , , , , , , , , 
10.5253269, 0.0072175, , , , , , , 10.5253269, -0.0083925, , , , , , , 10.5253269, -0.0072175, , , , , , , 10.5253269, 0.0431373, , , , , , , , , , , , , , , , , , , , , , , , , , , , 
10.5258462, 0.0048676, , , , , , , 10.5258462, -0.0085603, , , , , , , 10.5258462, -0.0043641, , , , , , , 10.5258462, 0.0501869, , , , , , , , , , , , , , , , , , , , , , , , , , , , 
10.5263654, 0.005539, , , , , , , 10.5263654, -0.0092317, , , , , , , 10.5263654, -0.0001678, , , , , , , 10.5263654, 0.0535439, , , , , , , , , , , , , , , , , , , , , , , , , , , , 
10.5268846, 0.0085603, , , , , , , 10.5268846, -0.0082246, , , , , , , 10.5268846, 0.0030213, , , , , , , 10.5268846, 0.0602579, , , , , , , , , , , , , , , , , , , , , , , , , , , , 
10.5274038, 0.0112459, , , , , , , 10.5274038, -0.0085603, , , , , , , 10.5274038, 0.0038605, , , , , , , 10.5274038, 0.064622, , , , , , , , , , , , , , , , , , , , , , , , , , , , 
10.5279231, 0.0099031, , , , , , , 10.5279231, -0.0095674, , , , , , , 10.5279231, 0.0028534, , , , , , , 10.5279231, 0.0626078, , , , , , , , , , , , , , , , , , , , , , , , , , , , 
10.5284423, 0.0099031, , , , , , , 10.5284423, -0.0105745, , , , , , , 10.5284423, 0.0001678, , , , , , , 10.5284423, 0.0555581, , , , , , , , , , , , , , , , , , , , , , , , , , , , 
10.5289615, 0.0129244, , , , , , , 10.5289615, -0.0129244, , , , , , , 10.5289615, -0.0011749, , , , , , , 10.5289615, 0.0461585, , , , , , , , , , , , , , , , , , , , , , , , , , , , 
10.5294808, 0.0186313, , , , , , , 10.5294808, -0.012253, , , , , , , 10.5294808, -0.0008392, , , , , , , 10.5294808, 0.0357519, , , , , , , , , , , , , , , , , , , , , , , , , , , , 
10.53, 0.0265202, , , , , , , 10.53, -0.0087282, , , , , , , 10.53, -0.0028534, , , , , , , 10.53, 0.0271916, , , , , , , , , , , , , , , , , , , , , , , , , , , , 
10.5305192, 0.0297093, , , , , , , 10.5305192, -0.0068818, , , , , , , 10.5305192, -0.0060426, , , , , , , 10.5305192, 0.0223239, , , , , , , , , , , , , , , , , , , , , , , , , , , , 
10.5310385, 0.0280308, , , , , , , 10.5310385, -0.0075532, , , , , , , 10.5310385, -0.0078889, , , , , , , 10.5310385, 0.0184634, , , , , , , , , , , , , , , , , , , , , , , , , , , , 
10.5315577, 0.0263523, , , , , , , 10.5315577, -0.0075532, , , , , , , 10.5315577, -0.0078889, , , , , , , 10.5315577, 0.0125887, , , , , , , , , , , , , , , , , , , , , , , , , , , , 
10.5320769, 0.0240024, , , , , , , 10.5320769, -0.0085603, , , , , , , 10.5320769, -0.0078889, , , , , , , 10.5320769, 0.0065461, , , , , , , , , , , , , , , , , , , , , , , , , , , , 
10.5325962, 0.0179599, , , , , , , 10.5325962, -0.0109102, , , , , , , 10.5325962, -0.0077211, , , , , , , 10.5325962, 0.0045319, , , , , , , , , , , , , , , , , , , , , , , , , , , , 
10.5331154, 0.0172885, , , , , , , 10.5331154, -0.0119173, , , , , , , 10.5331154, -0.0082246, , , , , , , 10.5331154, 0.0031891, , , , , , , , , , , , , , , , , , , , , , , , , , , , 
10.5336346, 0.023331, , , , , , , 10.5336346, -0.011078, , , , , , , 10.5336346, -0.0082246, , , , , , , 10.5336346, 0.0035248, , , , , , , , , , , , , , , , , , , , , , , , , , , , 
10.5341538, 0.0276951, , , , , , , 10.5341538, -0.0109102, , , , , , , 10.5341538, -0.008896, , , , , , , 10.5341538, 0.0048676, , , , , , , , , , , , , , , , , , , , , , , , , , , , 
10.5346731, 0.0263523, , , , , , , 10.5346731, -0.0109102, , , , , , , 10.5346731, -0.008896, , , , , , , 10.5346731, 0.0058747, , , , , , , , , , , , , , , , , , , , , , , , , , , , 
10.5351923, 0.0226596, , , , , , , 10.5351923, -0.0102388, , , , , , , 10.5351923, -0.0068818, , , , , , , 10.5351923, 0.0025177, , , , , , , , , , , , , , , , , , , , , , , , , , , , 
10.5357115, 0.0216526, , , , , , , 10.5357115, -0.0090639, , , , , , , 10.5357115, -0.0068818, , , , , , , 10.5357115, -0.0028534, , , , , , , , , , , , , , , , , , , , , , , , , , , , 
10.5362308, 0.0243381, , , , , , , 10.5362308, -0.0082246, , , , , , , 10.5362308, -0.0095674, , , , , , , 10.5362308, -0.0048676, , , , , , , , , , , , , , , , , , , , , , , , , , , , 
10.53675, 0.030045, , , , , , , 10.53675, -0.0075532, , , , , , , 10.53675, -0.0109102, , , , , , , 10.53675, -0.0018463, , , , , , , , , , , , , , , , , , , , , , , , , , , , 
10.5372692, 0.0328985, , , , , , , 10.5372692, -0.0063783, , , , , , , 10.5372692, -0.0082246, , , , , , , 10.5372692, 0.0025177, , , , , , , , , , , , , , , , , , , , , , , , , , , , 
10.5377885, 0.0347448, , , , , , , 10.5377885, -0.0062104, , , , , , , 10.5377885, -0.0058747, , , , , , , 10.5377885, 0.0011749, , , , , , , , , , , , , , , , , , , , , , , , , , , , 
10.5383077, 0.033402, , , , , , , 10.5383077, -0.0072175, , , , , , , 10.5383077, -0.008896, , , , , , , 10.5383077, -0.0082246, , , , , , , , , , , , , , , , , , , , , , , , , , , , 
10.5388269, 0.0344091, , , , , , , 10.5388269, -0.0095674, , , , , , , 10.5388269, -0.0117494, , , , , , , 10.5388269, -0.0176242, , , , , , , , , , , , , , , , , , , , , , , , , , , , 
10.5393462, 0.0344091, , , , , , , 10.5393462, -0.0105745, , , , , , , 10.5393462, -0.012253, , , , , , , 10.5393462, -0.0196384, , , , , , , , , , , , , , , , , , , , , , , , , , , , 
10.5398654, 0.0303807, , , , , , , 10.5398654, -0.0095674, , , , , , , 10.5398654, -0.012253, , , , , , , 10.5398654, -0.017792, , , , , , , , , , , , , , , , , , , , , , , , , , , , 
10.5403846, 0.0271916, , , , , , , 10.5403846, -0.0068818, , , , , , , 10.5403846, -0.0115816, , , , , , , 10.5403846, -0.0166171, , , , , , , , , , , , , , , , , , , , , , , , , , , , 
10.5409038, 0.0307164, , , , , , , 10.5409038, -0.0065461, , , , , , , 10.5409038, -0.0102388, , , , , , , 10.5409038, -0.0135958, , , , , , , , , , , , , , , , , , , , , , , , , , , , 
10.5414231, 0.0303807, , , , , , , 10.5414231, -0.0082246, , , , , , , 10.5414231, -0.0102388, , , , , , , 10.5414231, -0.0070497, , , , , , , , , , , , , , , , , , , , , , , , , , , , 
10.5419423, 0.0209812, , , , , , , 10.5419423, -0.0085603, , , , , , , 10.5419423, -0.0102388, , , , , , , 10.5419423, 0.0001678, , , , , , , , , , , , , , , , , , , , , , , , , , , , 
10.5424615, 0.0159457, , , , , , , 10.5424615, -0.0052033, , , , , , , 10.5424615, -0.0102388, , , , , , , 10.5424615, 0.0058747, , , , , , , , , , , , , , , , , , , , , , , , , , , , 
10.5429808, 0.0172885, , , , , , , 10.5429808, -0.0045319, , , , , , , 10.5429808, -0.0090639, , , , , , , 10.5429808, 0.0105745, , , , , , , , , , , , , , , , , , , , , , , , , , , , 
10.5435, 0.0157778, , , , , , , 10.5435, -0.0062104, , , , , , , 10.5435, -0.008896, , , , , , , 10.5435, 0.0154421, , , , , , , , , , , , , , , , , , , , , , , , , , , , 
10.5440192, 0.0127565, , , , , , , 10.5440192, -0.0085603, , , , , , , 10.5440192, -0.0099031, , , , , , , 10.5440192, 0.0203098, , , , , , , , , , , , , , , , , , , , , , , , , , , , 
10.5445385, 0.008896, , , , , , , 10.5445385, -0.0087282, , , , , , , 10.5445385, -0.0082246, , , , , , , 10.5445385, 0.026688, , , , , , , , , , , , , , , , , , , , , , , , , , , , 
10.5450577, 0.0052033, , , , , , , 10.5450577, -0.0083925, , , , , , , 10.5450577, -0.0068818, , , , , , , 10.5450577, 0.0340734, , , , , , , , , , , , , , , , , , , , , , , , , , , , 
10.5455769, 0.0035248, , , , , , , 10.5455769, -0.0068818, , , , , , , 10.5455769, -0.0043641, , , , , , , 10.5455769, 0.0397803, , , , , , , , , , , , , , , , , , , , , , , , , , , , 
10.5460962, -0.0008392, , , , , , , 10.5460962, -0.0062104, , , , , , , 10.5460962, -0.0025177, , , , , , , 10.5460962, 0.04448, , , , , , , , , , , , , , , , , , , , , , , , , , , , 
10.5466154, -0.0018463, , , , , , , 10.5466154, -0.0063783, , , , , , , 10.5466154, -0.0015106, , , , , , , 10.5466154, 0.0488441, , , , , , , , , , , , , , , , , , , , , , , , , , , , 
10.5471346, 0.0005035, , , , , , , 10.5471346, -0.005539, , , , , , , 10.5471346, -0.002182, , , , , , , 10.5471346, 0.0532082, , , , , , , , , , , , , , , , , , , , , , , , , , , , 
10.5476538, 0.0031891, , , , , , , 10.5476538, -0.005539, , , , , , , 10.5476538, -0.002182, , , , , , , 10.5476538, 0.0555581, , , , , , , , , , , , , , , , , , , , , , , , , , , , 
10.5481731, 0.0072175, , , , , , , 10.5481731, -0.0062104, , , , , , , 10.5481731, -0.0018463, , , , , , , 10.5481731, 0.0495155, , , , , , , , , , , , , , , , , , , , , , , , , , , , 
10.5486923, 0.0092317, , , , , , , 10.5486923, -0.0078889, , , , , , , 10.5486923, -0.0028534, , , , , , , 10.5486923, 0.0411231, , , , , , , , , , , , , , , , , , , , , , , , , , , , 
10.5492115, 0.0132601, , , , , , , 10.5492115, -0.0102388, , , , , , , 10.5492115, -0.0038605, , , , , , , 10.5492115, 0.0340734, , , , , , , , , , , , , , , , , , , , , , , , , , , , 
10.5497308, 0.0146029, , , , , , , 10.5497308, -0.0095674, , , , , , , 10.5497308, -0.0048676, , , , , , , 10.5497308, 0.0280308, , , , , , , , , , , , , , , , , , , , , , , , , , , , 
10.55025, 0.0164492, , , , , , , 10.55025, -0.0072175, , , , , , , 10.55025, -0.0070497, , , , , , , 10.55025, 0.0253452, , , , , , , , , , , , , , , , , , , , , , , , , , , , 
10.5507692, 0.0213169, , , , , , , 10.5507692, -0.0065461, , , , , , , 10.5507692, -0.0092317, , , , , , , 10.5507692, 0.023331, , , , , , , , , , , , , , , , , , , , , , , , , , , , 
10.5512885, 0.021149, , , , , , , 10.5512885, -0.0078889, , , , , , , 10.5512885, -0.0095674, , , , , , , 10.5512885, 0.0186313, , , , , , , , , , , , , , , , , , , , , , , , , , , , 
10.5518077, 0.0127565, , , , , , , 10.5518077, -0.0085603, , , , , , , 10.5518077, -0.0099031, , , , , , , 10.5518077, 0.0130922, , , , , , , , , , , , , , , , , , , , , , , , , , , , 
10.5523269, 0.0092317, , , , , , , 10.5523269, -0.0085603, , , , , , , 10.5523269, -0.0109102, , , , , , , 10.5523269, 0.008896, , , , , , , , , , , , , , , , , , , , , , , , , , , , 
10.5528462, 0.0115816, , , , , , , 10.5528462, -0.0112459, , , , , , , 10.5528462, -0.0112459, , , , , , , 10.5528462, 0.0070497, , , , , , , , , , , , , , , , , , , , , , , , , , , , 
10.5533654, 0.0139315, , , , , , , 10.5533654, -0.0132601, , , , , , , 10.5533654, -0.0115816, , , , , , , 10.5533654, 0.0052033, , , , , , , , , , , , , , , , , , , , , , , , , , , , 
10.5538846, 0.0125887, , , , , , , 10.5538846, -0.0129244, , , , , , , 10.5538846, -0.012253, , , , , , , 10.5538846, 0.002182, , , , , , , , , , , , , , , , , , , , , , , , , , , , 
10.5544038, 0.0099031, , , , , , , 10.5544038, -0.0115816, , , , , , , 10.5544038, -0.0119173, , , , , , , 10.5544038, -0.002182, , , , , , , , , , , , , , , , , , , , , , , , , , , , 
10.5549231, 0.0112459, , , , , , , 10.5549231, -0.0105745, , , , , , , 10.5549231, -0.0115816, , , , , , , 10.5549231, -0.0062104, , , , , , , , , , , , , , , , , , , , , , , , , , , , 
10.5554423, 0.0193027, , , , , , , 10.5554423, -0.0092317, , , , , , , 10.5554423, -0.0135958, , , , , , , 10.5554423, -0.0082246, , , , , , , , , , , , , , , , , , , , , , , , , , , , 
10.5559615, 0.026688, , , , , , , 10.5559615, -0.0082246, , , , , , , 10.5559615, -0.0139315, , , , , , , 10.5559615, -0.0082246, , , , , , , , , , , , , , , , , , , , , , , , , , , , 
10.5564808, 0.026688, , , , , , , 10.5564808, -0.0073854, , , , , , , 10.5564808, -0.0129244, , , , , , , 10.5564808, -0.0078889, , , , , , , , , , , , , , , , , , , , , , , , , , , , 
10.557, 0.0270237, , , , , , , 10.557, -0.0075532, , , , , , , 10.557, -0.0117494, , , , , , , 10.557, -0.0065461, , , , , , , , , , , , , , , , , , , , , , , , , , , , 
10.5575192, 0.0307164, , , , , , , 10.5575192, -0.0083925, , , , , , , 10.5575192, -0.0125887, , , , , , , 10.5575192, -0.0075532, , , , , , , , , , , , , , , , , , , , , , , , , , , , 
10.5580385, 0.0347448, , , , , , , 10.5580385, -0.0095674, , , , , , , 10.5580385, -0.014435, , , , , , , 10.5580385, -0.0137636, , , , , , , , , , , , , , , , , , , , , , , , , , , , 
10.5585577, 0.0414588, , , , , , , 10.5585577, -0.0092317, , , , , , , 10.5585577, -0.014435, , , , , , , 10.5585577, -0.0250095, , , , , , , , , , , , , , , , , , , , , , , , , , , , 
10.5590769, 0.0468299, , , , , , , 10.5590769, -0.0083925, , , , , , , 10.5590769, -0.0129244, , , , , , , 10.5590769, -0.0320592, , , , , , , , , , , , , , , , , , , , , , , , , , , , 
10.5595962, 0.0498512, , , , , , , 10.5595962, -0.0058747, , , , , , , 10.5595962, -0.0130922, , , , , , , 10.5595962, -0.0337377, , , , , , , , , , , , , , , , , , , , , , , , , , , , 
10.5601154, 0.0520333, , , , , , , 10.5601154, -0.0041962, , , , , , , 10.5601154, -0.0140993, , , , , , , 10.5601154, -0.0340734, , , , , , , , , , , , , , , , , , , , , , , , , , , , 
10.5606346, 0.0513619, , , , , , , 10.5606346, -0.0045319, , , , , , , 10.5606346, -0.0159457, , , , , , , 10.5606346, -0.0339055, , , , , , , , , , , , , , , , , , , , , , , , , , , , 
10.5611538, 0.0461585, , , , , , , 10.5611538, -0.005539, , , , , , , 10.5611538, -0.0182956, , , , , , , 10.5611538, -0.0298772, , , , , , , , , , , , , , , , , , , , , , , , , , , , 
10.5616731, 0.0370947, , , , , , , 10.5616731, -0.0062104, , , , , , , 10.5616731, -0.0176242, , , , , , , 10.5616731, -0.0199741, , , , , , , , , , , , , , , , , , , , , , , , , , , , 
10.5621923, 0.0297093, , , , , , , 10.5621923, -0.0072175, , , , , , , 10.5621923, -0.0142672, , , , , , , 10.5621923, -0.0090639, , , , , , , , , , , , , , , , , , , , , , , , , , , , 
10.5627115, 0.0199741, , , , , , , 10.5627115, -0.0075532, , , , , , , 10.5627115, -0.0115816, , , , , , , 10.5627115, -0.0001678, , , , , , , , , , , , , , , , , , , , , , , , , , , , 
10.5632308, 0.0077211, , , , , , , 10.5632308, -0.0095674, , , , , , , 10.5632308, -0.0095674, , , , , , , 10.5632308, 0.0085603, , , , , , , , , , , , , , , , , , , , , , , , , , , , 
10.56375, 0.0011749, , , , , , , 10.56375, -0.0109102, , , , , , , 10.56375, -0.0102388, , , , , , , 10.56375, 0.0146029, , , , , , , , , , , , , , , , , , , , , , , , , , , , 
10.5642692, 0.0018463, , , , , , , 10.5642692, -0.010071, , , , , , , 10.5642692, -0.0112459, , , , , , , 10.5642692, 0.0238346, , , , , , , , , , , , , , , , , , , , , , , , , , , , 
10.5647885, -0.0005035, , , , , , , 10.5647885, -0.0102388, , , , , , , 10.5647885, -0.0095674, , , , , , , 10.5647885, 0.0345769, , , , , , , , , , , , , , , , , , , , , , , , , , , , 
10.5653077, -0.0112459, , , , , , , 10.5653077, -0.0099031, , , , , , , 10.5653077, -0.0063783, , , , , , , 10.5653077, 0.04448, , , , , , , , , , , , , , , , , , , , , , , , , , , , 
10.5658269, -0.0209812, , , , , , , 10.5658269, -0.0109102, , , , , , , 10.5658269, -0.0050355, , , , , , , 10.5658269, 0.0515297, , , , , , , , , , , , , , , , , , , , , , , , , , , , 
10.5663462, -0.0238346, , , , , , , 10.5663462, -0.0125887, , , , , , , 10.5663462, -0.0052033, , , , , , , 10.5663462, 0.0569009, , , , , , , , , , , , , , , , , , , , , , , , , , , , 
10.5668654, -0.0223239, , , , , , , 10.5668654, -0.0129244, , , , , , , 10.5668654, -0.0030213, , , , , , , 10.5668654, 0.0639506, , , , , , , , , , , , , , , , , , , , , , , , , , , , 
10.5673846, -0.0203098, , , , , , , 10.5673846, -0.012253, , , , , , , 10.5673846, 0.0003357, , , , , , , 10.5673846, 0.0696574, , , , , , , , , , , , , , , , , , , , , , , , , , , , 
10.5679038, -0.0213169, , , , , , , 10.5679038, -0.0125887, , , , , , , 10.5679038, 0.0015106, , , , , , , 10.5679038, 0.0656291, , , , , , , , , , , , , , , , , , , , , , , , , , , , 
10.5684231, -0.0226596, , , , , , , 10.5684231, -0.0129244, , , , , , , 10.5684231, 0.0008392, , , , , , , 10.5684231, 0.0540475, , , , , , , , , , , , , , , , , , , , , , , , , , , , 
10.5689423, -0.0209812, , , , , , , 10.5689423, -0.012253, , , , , , , 10.5689423, -0.0030213, , , , , , , 10.5689423, 0.0414588, , , , , , , , , , , , , , , , , , , , , , , , , , , , 
10.5694615, -0.014435, , , , , , , 10.5694615, -0.008896, , , , , , , 10.5694615, -0.005539, , , , , , , 10.5694615, 0.033402, , , , , , , , , , , , , , , , , , , , , , , , , , , , 
10.5699808, -0.0062104, , , , , , , 10.5699808, -0.0068818, , , , , , , 10.5699808, -0.0041962, , , , , , , 10.5699808, 0.0297093, , , , , , , , , , , , , , , , , , , , , , , , , , , , 
10.5705, -0.0011749, , , , , , , 10.5705, -0.0065461, , , , , , , 10.5705, -0.0028534, , , , , , , 10.5705, 0.0280308, , , , , , , , , , , , , , , , , , , , , , , , , , , , 
10.5710192, -0.002182, , , , , , , 10.5710192, -0.0057069, , , , , , , 10.5710192, -0.0020142, , , , , , , 10.5710192, 0.0240024, , , , , , , , , , , , , , , , , , , , , , , , , , , , 
10.5715385, -0.0028534, , , , , , , 10.5715385, -0.0035248, , , , , , , 10.5715385, -0.0038605, , , , , , , 10.5715385, 0.0199741, , , , , , , , , , , , , , , , , , , , , , , , , , , , 
10.5720577, -0.0001678, , , , , , , 10.5720577, -0.0006714, , , , , , , 10.5720577, -0.0077211, , , , , , , 10.5720577, 0.0182956, , , , , , , , , , , , , , , , , , , , , , , , , , , , 
10.5725769, 0.0048676, , , , , , , 10.5725769, 0.0003357, , , , , , , 10.5725769, -0.0104067, , , , , , , 10.5725769, 0.0152743, , , , , , , , , , , , , , , , , , , , , , , , , , , , 
10.5730962, 0.012253, , , , , , , 10.5730962, -0.0005035, , , , , , , 10.5730962, -0.0102388, , , , , , , 10.5730962, 0.0119173, , , , , , , , , , , , , , , , , , , , , , , , , , , , 
10.5736154, 0.0191348, , , , , , , 10.5736154, -0.0041962, , , , , , , 10.5736154, -0.0075532, , , , , , , 10.5736154, 0.0072175, , , , , , , , , , , , , , , , , , , , , , , , , , , , 
10.5741346, 0.0196384, , , , , , , 10.5741346, -0.0090639, , , , , , , 10.5741346, -0.0058747, , , , , , , 10.5741346, 0.0031891, , , , , , , , , , , , , , , , , , , , , , , , , , , , 
10.5746538, 0.021149, , , , , , , 10.5746538, -0.0102388, , , , , , , 10.5746538, -0.0041962, , , , , , , 10.5746538, 0.0001678, , , , , , , , , , , , , , , , , , , , , , , , , , , , 
10.5751731, 0.0263523, , , , , , , 10.5751731, -0.0092317, , , , , , , 10.5751731, -0.0058747, , , , , , , 10.5751731, -0.0008392, , , , , , , , , , , , , , , , , , , , , , , , , , , , 
10.5756923, 0.0320592, , , , , , , 10.5756923, -0.0082246, , , , , , , 10.5756923, -0.0075532, , , , , , , 10.5756923, -0.0011749, , , , , , , , , , , , , , , , , , , , , , , , , , , , 
10.5762115, 0.0337377, , , , , , , 10.5762115, -0.0092317, , , , , , , 10.5762115, -0.0078889, , , , , , , 10.5762115, -0.0011749, , , , , , , , , , , , , , , , , , , , , , , , , , , , 
10.5767308, 0.033402, , , , , , , 10.5767308, -0.0109102, , , , , , , 10.5767308, -0.0078889, , , , , , , 10.5767308, -0.0025177, , , , , , , , , , , , , , , , , , , , , , , , , , , , 
10.57725, 0.0313878, , , , , , , 10.57725, -0.0112459, , , , , , , 10.57725, -0.0083925, , , , , , , 10.57725, -0.0052033, , , , , , , , , , , , , , , , , , , , , , , , , , , , 
10.5777692, 0.0307164, , , , , , , 10.5777692, -0.0109102, , , , , , , 10.5777692, -0.0092317, , , , , , , 10.5777692, -0.008896, , , , , , , , , , , , , , , , , , , , , , , , , , , , 
10.5782885, 0.0359197, , , , , , , 10.5782885, -0.0102388, , , , , , , 10.5782885, -0.0085603, , , , , , , 10.5782885, -0.0149386, , , , , , , , , , , , , , , , , , , , , , , , , , , , 
10.5788077, 0.0354162, , , , , , , 10.5788077, -0.0109102, , , , , , , 10.5788077, -0.0092317, , , , , , , 10.5788077, -0.0223239, , , , , , , , , , , , , , , , , , , , , , , , , , , , 
10.5793269, 0.030045, , , , , , , 10.5793269, -0.0083925, , , , , , , 10.5793269, -0.0095674, , , , , , , 10.5793269, -0.0270237, , , , , , , , , , , , , , , , , , , , , , , , , , , , 
10.5798462, 0.0263523, , , , , , , 10.5798462, -0.0050355, , , , , , , 10.5798462, -0.0090639, , , , , , , 10.5798462, -0.0287022, , , , , , , , , , , , , , , , , , , , , , , , , , , , 
10.5803654, 0.0256809, , , , , , , 10.5803654, -0.0045319, , , , , , , 10.5803654, -0.0075532, , , , , , , 10.5803654, -0.0273594, , , , , , , , , , , , , , , , , , , , , , , , , , , , 
10.5808846, 0.0256809, , , , , , , 10.5808846, -0.0068818, , , , , , , 10.5808846, -0.0072175, , , , , , , 10.5808846, -0.0246738, , , , , , , , , , , , , , , , , , , , , , , , , , , , 
10.5814038, 0.023331, , , , , , , 10.5814038, -0.0072175, , , , , , , 10.5814038, -0.0109102, , , , , , , 10.5814038, -0.0213169, , , , , , , , , , , , , , , , , , , , , , , , , , , , 
10.5819231, 0.021149, , , , , , , 10.5819231, -0.0065461, , , , , , , 10.5819231, -0.0129244, , , , , , , 10.5819231, -0.0137636, , , , , , , , , , , , , , , , , , , , , , , , , , , , 
10.5824423, 0.0206455, , , , , , , 10.5824423, -0.005539, , , , , , , 10.5824423, -0.0109102, , , , , , , 10.5824423, -0.0041962, , , , , , , , , , , , , , , , , , , , , , , , , , , , 
10.5829615, 0.0172885, , , , , , , 10.5829615, -0.0058747, , , , , , , 10.5829615, -0.0102388, , , , , , , 10.5829615, 0.0025177, , , , , , , , , , , , , , , , , , , , , , , , , , , , 
10.5834808, 0.0129244, , , , , , , 10.5834808, -0.0045319, , , , , , , 10.5834808, -0.0105745, , , , , , , 10.5834808, 0.0078889, , , , , , , , , , , , , , , , , , , , , , , , , , , , 
10.584, 0.006714, , , , , , , 10.584, -0.0015106, , , , , , , 10.584, -0.0097353, , , , , , , 10.584, 0.0169528, , , , , , , , , , , , , , , , , , , , , , , , , , , , 
10.5845192, 0.0031891, , , , , , , 10.5845192, -0.0030213, , , , , , , 10.5845192, -0.0102388, , , , , , , 10.5845192, 0.0297093, , , , , , , , , , , , , , , , , , , , , , , , , , , , 
10.5850385, 0.0018463, , , , , , , 10.5850385, -0.0062104, , , , , , , 10.5850385, -0.0102388, , , , , , , 10.5850385, 0.0407874, , , , , , , , , , , , , , , , , , , , , , , , , , , , 
10.5855577, 0.0018463, , , , , , , 10.5855577, -0.0078889, , , , , , , 10.5855577, -0.0068818, , , , , , , 10.5855577, 0.0471656, , , , , , , , , , , , , , , , , , , , , , , , , , , , 
10.5860769, 0.0016785, , , , , , , 10.5860769, -0.0068818, , , , , , , 10.5860769, -0.0028534, , , , , , , 10.5860769, 0.0532082, , , , , , , , , , , , , , , , , , , , , , , , , , , , 
10.5865962, 0.0018463, , , , , , , 10.5865962, -0.0038605, , , , , , , 10.5865962, -0.0018463, , , , , , , 10.5865962, 0.0594186, , , , , , , , , , , , , , , , , , , , , , , , , , , , 
10.5871154, 0.002182, , , , , , , 10.5871154, -0.0041962, , , , , , , 10.5871154, -0.002182, , , , , , , 10.5871154, 0.0616007, , , , , , , , , , , , , , , , , , , , , , , , , , , , 
10.5876346, 0.0011749, , , , , , , 10.5876346, -0.0046998, , , , , , , 10.5876346, -0.0035248, , , , , , , 10.5876346, 0.0610971, , , , , , , , , , , , , , , , , , , , , , , , , , , , 
10.5881538, 0.0001678, , , , , , , 10.5881538, -0.0072175, , , , , , , 10.5881538, -0.0028534, , , , , , , 10.5881538, 0.0575723, , , , , , , , , , , , , , , , , , , , , , , , , , , , 
10.5886731, 0.0011749, , , , , , , 10.5886731, -0.0112459, , , , , , , 10.5886731, -0.0015106, , , , , , , 10.5886731, 0.0495155, , , , , , , , , , , , , , , , , , , , , , , , , , , , 
10.5891923, 0.0045319, , , , , , , 10.5891923, -0.0115816, , , , , , , 10.5891923, -0.0015106, , , , , , , 10.5891923, 0.0394446, , , , , , , , , , , , , , , , , , , , , , , , , , , , 
10.5897115, 0.0065461, , , , , , , 10.5897115, -0.0095674, , , , , , , 10.5897115, -0.002182, , , , , , , 10.5897115, 0.0320592, , , , , , , , , , , , , , , , , , , , , , , , , , , , 
10.5902308, 0.0085603, , , , , , , 10.5902308, -0.0082246, , , , , , , 10.5902308, -0.0038605, , , , , , , 10.5902308, 0.0290379, , , , , , , , , , , , , , , , , , , , , , , , , , , , 
10.59075, 0.0135958, , , , , , , 10.59075, -0.0070497, , , , , , , 10.59075, -0.0048676, , , , , , , 10.59075, 0.0275273, , , , , , , , , , , , , , , , , , , , , , , , , , , , 
10.5912692, 0.0209812, , , , , , , 10.5912692, -0.0058747, , , , , , , 10.5912692, -0.0048676, , , , , , , 10.5912692, 0.0258488, , , , , , , , , , , , , , , , , , , , , , , , , , , , 
10.5917885, 0.0271916, , , , , , , 10.5917885, -0.005539, , , , , , , 10.5917885, -0.005539, , , , , , , 10.5917885, 0.0226596, , , , , , , , , , , , , , , , , , , , , , , , , , , , 
10.5923077, 0.0250095, , , , , , , 10.5923077, -0.0052033, , , , , , , 10.5923077, -0.0063783, , , , , , , 10.5923077, 0.0201419, , , , , , , , , , , , , , , , , , , , , , , , , , , , 
10.5928269, 0.0206455, , , , , , , 10.5928269, -0.005539, , , , , , , 10.5928269, -0.0058747, , , , , , , 10.5928269, 0.0186313, , , , , , , , , , , , , , , , , , , , , , , , , , , , 
10.5933462, 0.0226596, , , , , , , 10.5933462, -0.0052033, , , , , , , 10.5933462, -0.005539, , , , , , , 10.5933462, 0.0169528, , , , , , , , , , , , , , , , , , , , , , , , , , , , 
10.5938654, 0.023331, , , , , , , 10.5938654, -0.0062104, , , , , , , 10.5938654, -0.0072175, , , , , , , 10.5938654, 0.0132601, , , , , , , , , , , , , , , , , , , , , , , , , , , , 
10.5943846, 0.0229953, , , , , , , 10.5943846, -0.0077211, , , , , , , 10.5943846, -0.0102388, , , , , , , 10.5943846, 0.0099031, , , , , , , , , , , , , , , , , , , , , , , , , , , , 
10.5949038, 0.0223239, , , , , , , 10.5949038, -0.0082246, , , , , , , 10.5949038, -0.0109102, , , , , , , 10.5949038, 0.0078889, , , , , , , , , , , , , , , , , , , , , , , , , , , , 
10.5954231, 0.0213169, , , , , , , 10.5954231, -0.0095674, , , , , , , 10.5954231, -0.0112459, , , , , , , 10.5954231, 0.0058747, , , , , , , , , , , , , , , , , , , , , , , , , , , , 
10.5959423, 0.0240024, , , , , , , 10.5959423, -0.0099031, , , , , , , 10.5959423, -0.0109102, , , , , , , 10.5959423, 0.0038605, , , , , , , , , , , , , , , , , , , , , , , , , , , , 
10.5964615, 0.0303807, , , , , , , 10.5964615, -0.0078889, , , , , , , 10.5964615, -0.0099031, , , , , , , 10.5964615, 0.0025177, , , , , , , , , , , , , , , , , , , , , , , , , , , , 
10.5969808, 0.0327306, , , , , , , 10.5969808, -0.0068818, , , , , , , 10.5969808, -0.0095674, , , , , , , 10.5969808, 0.0038605, , , , , , , , , , , , , , , , , , , , , , , , , , , , 
10.5975, 0.030045, , , , , , , 10.5975, -0.0063783, , , , , , , 10.5975, -0.0099031, , , , , , , 10.5975, 0.002182, , , , , , , , , , , , , , , , , , , , , , , , , , , , 
10.5980192, 0.0251774, , , , , , , 10.5980192, -0.005539, , , , , , , 10.5980192, -0.011078, , , , , , , 10.5980192, -0.008896, , , , , , , , , , , , , , , , , , , , , , , , , , , , 
10.5985385, 0.0240024, , , , , , , 10.5985385, -0.0048676, , , , , , , 10.5985385, -0.0129244, , , , , , , 10.5985385, -0.0229953, , , , , , , , , , , , , , , , , , , , , , , , , , , , 
10.5990577, 0.0260166, , , , , , , 10.5990577, -0.0068818, , , , , , , 10.5990577, -0.0152743, , , , , , , 10.5990577, -0.0327306, , , , , , , , , , , , , , , , , , , , , , , , , , , , 
10.5995769, 0.0303807, , , , , , , 10.5995769, -0.0085603, , , , , , , 10.5995769, -0.01561, , , , , , , 10.5995769, -0.0360876, , , , , , , , , , , , , , , , , , , , , , , , , , , , 
10.6000962, 0.0317235, , , , , , , 10.6000962, -0.0078889, , , , , , , 10.6000962, -0.0146029, , , , , , , 10.6000962, -0.0352483, , , , , , , , , , , , , , , , , , , , , , , , , , , , 
10.6006154, 0.0285344, , , , , , , 10.6006154, -0.0068818, , , , , , , 10.6006154, -0.0142672, , , , , , , 10.6006154, -0.0330663, , , , , , , , , , , , , , , , , , , , , , , , , , , , 
10.6011346, 0.0253452, , , , , , , 10.6011346, -0.0075532, , , , , , , 10.6011346, -0.012253, , , , , , , 10.6011346, -0.0287022, , , , , , , , , , , , , , , , , , , , , , , , , , , , 
10.6016538, 0.0223239, , , , , , , 10.6016538, -0.0068818, , , , , , , 10.6016538, -0.0112459, , , , , , , 10.6016538, -0.0219883, , , , , , , , , , , , , , , , , , , , , , , , , , , , 
10.6021731, 0.0182956, , , , , , , 10.6021731, -0.0045319, , , , , , , 10.6021731, -0.0119173, , , , , , , 10.6021731, -0.0125887, , , , , , , , , , , , , , , , , , , , , , , , , , , , 
10.6026923, 0.0139315, , , , , , , 10.6026923, -0.0048676, , , , , , , 10.6026923, -0.0087282, , , , , , , 10.6026923, -0.0036927, , , , , , , , , , , , , , , , , , , , , , , , , , , , 
10.6032115, 0.0102388, , , , , , , 10.6032115, -0.0075532, , , , , , , 10.6032115, -0.0046998, , , , , , , 10.6032115, 0.0043641, , , , , , , , , , , , , , , , , , , , , , , , , , , , 
10.6037308, 0.0085603, , , , , , , 10.6037308, -0.0082246, , , , , , , 10.6037308, -0.0015106, , , , , , , 10.6037308, 0.0135958, , , , , , , , , , , , , , , , , , , , , , , , , , , , 
10.60425, 0.0065461, , , , , , , 10.60425, -0.0105745, , , , , , , 10.60425, 0.0011749, , , , , , , 10.60425, 0.0253452, , , , , , , , , , , , , , , , , , , , , , , , , , , , 
10.6047692, -0.0005035, , , , , , , 10.6047692, -0.0109102, , , , , , , 10.6047692, 0.0006714, , , , , , , 10.6047692, 0.0357519, , , , , , , , , , , , , , , , , , , , , , , , , , , , 
10.6052885, -0.0062104, , , , , , , 10.6052885, -0.0095674, , , , , , , 10.6052885, -0.0008392, , , , , , , 10.6052885, 0.0414588, , , , , , , , , , , , , , , , , , , , , , , , , , , , 
10.6058077, -0.012253, , , , , , , 10.6058077, -0.0078889, , , , , , , 10.6058077, 0.0011749, , , , , , , 10.6058077, 0.0461585, , , , , , , , , , , , , , , , , , , , , , , , , , , , 
10.6063269, -0.01561, , , , , , , 10.6063269, -0.0082246, , , , , , , 10.6063269, 0.0085603, , , , , , , 10.6063269, 0.051194, , , , , , , , , , , , , , , , , , , , , , , , , , , , 
10.6068462, -0.0151064, , , , , , , 10.6068462, -0.0082246, , , , , , , 10.6068462, 0.0146029, , , , , , , 10.6068462, 0.0582437, , , , , , , , , , , , , , , , , , , , , , , , , , , , 
10.6073654, -0.01561, , , , , , , 10.6073654, -0.0095674, , , , , , , 10.6073654, 0.0152743, , , , , , , 10.6073654, 0.0619364, , , , , , , , , , , , , , , , , , , , , , , , , , , , 
10.6078846, -0.0176242, , , , , , , 10.6078846, -0.0104067, , , , , , , 10.6078846, 0.012253, , , , , , , 10.6078846, 0.0609293, , , , , , , , , , , , , , , , , , , , , , , , , , , , 
10.6084038, -0.0109102, , , , , , , 10.6084038, -0.0090639, , , , , , , 10.6084038, 0.0072175, , , , , , , 10.6084038, 0.0520333, , , , , , , , , , , , , , , , , , , , , , , , , , , , 
10.6089231, -0.0016785, , , , , , , 10.6089231, -0.0072175, , , , , , , 10.6089231, 0.002182, , , , , , , 10.6089231, 0.0391089, , , , , , , , , , , , , , , , , , , , , , , , , , , , 
10.6094423, -0.0011749, , , , , , , 10.6094423, -0.0058747, , , , , , , 10.6094423, -0.0031891, , , , , , , 10.6094423, 0.027863, , , , , , , , , , , , , , , , , , , , , , , , , , , , 
10.6099615, 0.0023499, , , , , , , 10.6099615, -0.0062104, , , , , , , 10.6099615, -0.0077211, , , , , , , 10.6099615, 0.0224918, , , , , , , , , , , , , , , , , , , , , , , , , , , , 
10.6104808, 0.0085603, , , , , , , 10.6104808, -0.0062104, , , , , , , 10.6104808, -0.0109102, , , , , , , 10.6104808, 0.0193027, , , , , , , , , , , , , , , , , , , , , , , , , , , , 
10.611, 0.0119173, , , , , , , 10.611, -0.0041962, , , , , , , 10.611, -0.0142672, , , , , , , 10.611, 0.0159457, , , , , , , , , , , , , , , , , , , , , , , , , , , , 
10.6115192, 0.0119173, , , , , , , 10.6115192, -0.0031891, , , , , , , 10.6115192, -0.0193027, , , , , , , 10.6115192, 0.0119173, , , , , , , , , , , , , , , , , , , , , , , , , , , , 
10.6120385, 0.0099031, , , , , , , 10.6120385, -0.003357, , , , , , , 10.6120385, -0.0236667, , , , , , , 10.6120385, 0.0078889, , , , , , , , , , , , , , , , , , , , , , , , , , , , 
10.6125577, 0.0105745, , , , , , , 10.6125577, -0.0048676, , , , , , , 10.6125577, -0.0250095, , , , , , , 10.6125577, 0.0052033, , , , , , , , , , , , , , , , , , , , , , , , , , , , 
10.6130769, 0.0102388, , , , , , , 10.6130769, -0.0082246, , , , , , , 10.6130769, -0.0243381, , , , , , , 10.6130769, 0.002182, , , , , , , , , , , , , , , , , , , , , , , , , , , , 
10.6135962, 0.0102388, , , , , , , 10.6135962, -0.0102388, , , , , , , 10.6135962, -0.0209812, , , , , , , 10.6135962, 0.0008392, , , , , , , , , , , , , , , , , , , , , , , , , , , , 
10.6141154, 0.0125887, , , , , , , 10.6141154, -0.0099031, , , , , , , 10.6141154, -0.0204776, , , , , , , 10.6141154, 0.0011749, , , , , , , , , , , , , , , , , , , , , , , , , , , , 
10.6146346, 0.0137636, , , , , , , 10.6146346, -0.0102388, , , , , , , 10.6146346, -0.0218204, , , , , , , 10.6146346, 0.0008392, , , , , , , , , , , , , , , , , , , , , , , , , , , , 
10.6151538, 0.0151064, , , , , , , 10.6151538, -0.0117494, , , , , , , 10.6151538, -0.0224918, , , , , , , 10.6151538, -0.002182, , , , , , , , , , , , , , , , , , , , , , , , , , , , 
10.6156731, 0.0179599, , , , , , , 10.6156731, -0.0125887, , , , , , , 10.6156731, -0.0236667, , , , , , , 10.6156731, -0.0057069, , , , , , , , , , , , , , , , , , , , , , , , , , , , 
10.6161923, 0.0191348, , , , , , , 10.6161923, -0.012253, , , , , , , 10.6161923, -0.0229953, , , , , , , 10.6161923, -0.0085603, , , , , , , , , , , , , , , , , , , , , , , , , , , , 
10.6167115, 0.0199741, , , , , , , 10.6167115, -0.0130922, , , , , , , 10.6167115, -0.018967, , , , , , , 10.6167115, -0.0102388, , , , , , , , , , , , , , , , , , , , , , , , , , , , 
10.6172308, 0.0229953, , , , , , , 10.6172308, -0.0125887, , , , , , , 10.6172308, -0.0152743, , , , , , , 10.6172308, -0.0115816, , , , , , , , , , , , , , , , , , , , , , , , , , , , 
10.61775, 0.0231632, , , , , , , 10.61775, -0.012253, , , , , , , 10.61775, -0.014435, , , , , , , 10.61775, -0.01561, , , , , , , , , , , , , , , , , , , , , , , , , , , , 
10.6182692, 0.0260166, , , , , , , 10.6182692, -0.0124208, , , , , , , 10.6182692, -0.0166171, , , , , , , 10.6182692, -0.0243381, , , , , , , , , , , , , , , , , , , , , , , , , , , , 
10.6187885, 0.0332341, , , , , , , 10.6187885, -0.0125887, , , , , , , 10.6187885, -0.0182956, , , , , , , 10.6187885, -0.0340734, , , , , , , , , , , , , , , , , , , , , , , , , , , , 
10.6193077, 0.0339055, , , , , , , 10.6193077, -0.0129244, , , , , , , 10.6193077, -0.0184634, , , , , , , 10.6193077, -0.0404517, , , , , , , , , , , , , , , , , , , , , , , , , , , , 
10.6198269, 0.0318914, , , , , , , 10.6198269, -0.0115816, , , , , , , 10.6198269, -0.01561, , , , , , , 10.6198269, -0.0414588, , , , , , , , , , , , , , , , , , , , , , , , , , , , 
10.6203462, 0.0303807, , , , , , , 10.6203462, -0.0075532, , , , , , , 10.6203462, -0.0135958, , , , , , , 10.6203462, -0.0391089, , , , , , , , , , , , , , , , , , , , , , , , , , , , 
10.6208654, 0.0317235, , , , , , , 10.6208654, -0.0043641, , , , , , , 10.6208654, -0.0132601, , , , , , , 10.6208654, -0.0337377, , , , , , , , , , , , , , , , , , , , , , , , , , , , 
10.6213846, 0.0345769, , , , , , , 10.6213846, -0.0048676, , , , , , , 10.6213846, -0.0112459, , , , , , , 10.6213846, -0.0263523, , , , , , , , , , , , , , , , , , , , , , , , , , , , 
10.6219038, 0.033402, , , , , , , 10.6219038, -0.0070497, , , , , , , 10.6219038, -0.0109102, , , , , , , 10.6219038, -0.0176242, , , , , , , , , , , , , , , , , , , , , , , , , , , , 
10.6224231, 0.0287022, , , , , , , 10.6224231, -0.008896, , , , , , , 10.6224231, -0.0115816, , , , , , , 10.6224231, -0.0050355, , , , , , , , , , , , , , , , , , , , , , , , , , , , 
10.6229423, 0.0226596, , , , , , , 10.6229423, -0.0077211, , , , , , , 10.6229423, -0.011078, , , , , , , 10.6229423, 0.0078889, , , , , , , , , , , , , , , , , , , , , , , , , , , , 
10.6234615, 0.0152743, , , , , , , 10.6234615, -0.0083925, , , , , , , 10.6234615, -0.0095674, , , , , , , 10.6234615, 0.0204776, , , , , , , , , , , , , , , , , , , , , , , , , , , , 
10.6239808, 0.0070497, , , , , , , 10.6239808, -0.0105745, , , , , , , 10.6239808, -0.0062104, , , , , , , 10.6239808, 0.0303807, , , , , , , , , , , , , , , , , , , , , , , , , , , , 
10.6245, 0.0005035, , , , , , , 10.6245, -0.0109102, , , , , , , 10.6245, -0.0045319, , , , , , , 10.6245, 0.040116, , , , , , , , , , , , , , , , , , , , , , , , , , , , 
10.6250192, -0.002182, , , , , , , 10.6250192, -0.0099031, , , , , , , 10.6250192, -0.0030213, , , , , , , 10.6250192, 0.051194, , , , , , , , , , , , , , , , , , , , , , , , , , , , 
10.6255385, -0.0050355, , , , , , , 10.6255385, -0.0102388, , , , , , , 10.6255385, -0.0008392, , , , , , , 10.6255385, 0.0629435, , , , , , , , , , , , , , , , , , , , , , , , , , , , 
10.6260577, -0.008896, , , , , , , 10.6260577, -0.0102388, , , , , , , 10.6260577, 0.0018463, , , , , , , 10.6260577, 0.0703288, , , , , , , , , , , , , , , , , , , , , , , , , , , , 
10.6265769, -0.0083925, , , , , , , 10.6265769, -0.0102388, , , , , , , 10.6265769, 0.0028534, , , , , , , 10.6265769, 0.0736858, , , , , , , , , , , , , , , , , , , , , , , , , , , , 
10.6270962, -0.0099031, , , , , , , 10.6270962, -0.0109102, , , , , , , 10.6270962, 0.0025177, , , , , , , 10.6270962, 0.0760357, , , , , , , , , , , , , , , , , , , , , , , , , , , , 
10.6276154, -0.012253, , , , , , , 10.6276154, -0.011078, , , , , , , 10.6276154, 0.0015106, , , , , , , 10.6276154, 0.0740215, , , , , , , , , , , , , , , , , , , , , , , , , , , , 
10.6281346, -0.0102388, , , , , , , 10.6281346, -0.0099031, , , , , , , 10.6281346, 0.0025177, , , , , , , 10.6281346, 0.064622, , , , , , , , , , , , , , , , , , , , , , , , , , , , 
10.6286538, -0.0031891, , , , , , , 10.6286538, -0.0063783, , , , , , , 10.6286538, 0.0057069, , , , , , , 10.6286538, 0.0498512, , , , , , , , , , , , , , , , , , , , , , , , , , , , 
10.6291731, -0.0003357, , , , , , , 10.6291731, -0.0048676, , , , , , , 10.6291731, 0.0065461, , , , , , , 10.6291731, 0.0357519, , , , , , , , , , , , , , , , , , , , , , , , , , , , 
10.6296923, 0.0005035, , , , , , , 10.6296923, -0.005539, , , , , , , 10.6296923, 0.0052033, , , , , , , 10.6296923, 0.0276951, , , , , , , , , , , , , , , , , , , , , , , , , , , , 
10.6302115, 0.0052033, , , , , , , 10.6302115, -0.0068818, , , , , , , 10.6302115, 0.0025177, , , , , , , 10.6302115, 0.0246738, , , , , , , , , , , , , , , , , , , , , , , , , , , , 
10.6307308, 0.0119173, , , , , , , 10.6307308, -0.0008392, , , , , , , 10.6307308, 0.0001678, , , , , , , 10.6307308, 0.0209812, , , , , , , , , , , , , , , , , , , , , , , , , , , , 
10.63125, 0.0151064, , , , , , , 10.63125, 0.0085603, , , , , , , 10.63125, -0.0010071, , , , , , , 10.63125, 0.0159457, , , , , , , , , , , , , , , , , , , , , , , , , , , , 
10.6317692, 0.0159457, , , , , , , 10.6317692, 0.0119173, , , , , , , 10.6317692, -0.0015106, , , , , , , 10.6317692, 0.0139315, , , , , , , , , , , , , , , , , , , , , , , , , , , , 
10.6322885, 0.0198062, , , , , , , 10.6322885, 0.0058747, , , , , , , 10.6322885, -0.0011749, , , , , , , 10.6322885, 0.0114137, , , , , , , , , , , , , , , , , , , , , , , , , , , , 
10.6328077, 0.0172885, , , , , , , 10.6328077, -0.0030213, , , , , , , 10.6328077, -0.0015106, , , , , , , 10.6328077, 0.0078889, , , , , , , , , , , , , , , , , , , , , , , , , , , , 
10.6333269, 0.0169528, , , , , , , 10.6333269, -0.0104067, , , , , , , 10.6333269, -0.0015106, , , , , , , 10.6333269, 0.0070497, , , , , , , , , , , , , , , , , , , , , , , , , , , , 
10.6338462, 0.0198062, , , , , , , 10.6338462, -0.0132601, , , , , , , 10.6338462, -0.002182, , , , , , , 10.6338462, 0.0065461, , , , , , , , , , , , , , , , , , , , , , , , , , , , 
10.6343654, 0.0193027, , , , , , , 10.6343654, -0.012253, , , , , , , 10.6343654, -0.0041962, , , , , , , 10.6343654, 0.0035248, , , , , , , , , , , , , , , , , , , , , , , , , , , , 
10.6348846, 0.0172885, , , , , , , 10.6348846, -0.0132601, , , , , , , 10.6348846, -0.0046998, , , , , , , 10.6348846, 0.0008392, , , , , , , , , , , , , , , , , , , , , , , , , , , , 
10.6354038, 0.0172885, , , , , , , 10.6354038, -0.012253, , , , , , , 10.6354038, -0.0035248, , , , , , , 10.6354038, -0.0001678, , , , , , , , , , , , , , , , , , , , , , , , , , , , 
10.6359231, 0.0172885, , , , , , , 10.6359231, -0.0082246, , , , , , , 10.6359231, -0.0023499, , , , , , , 10.6359231, 0.0018463, , , , , , , , , , , , , , , , , , , , , , , , , , , , 
10.6364423, 0.0193027, , , , , , , 10.6364423, -0.0065461, , , , , , , 10.6364423, -0.0035248, , , , , , , 10.6364423, 0.0038605, , , , , , , , , , , , , , , , , , , , , , , , , , , , 
10.6369615, 0.0186313, , , , , , , 10.6369615, -0.011078, , , , , , , 10.6369615, -0.0041962, , , , , , , 10.6369615, 0.0041962, , , , , , , , , , , , , , , , , , , , , , , , , , , , 
10.6374808, 0.0184634, , , , , , , 10.6374808, -0.0166171, , , , , , , 10.6374808, -0.0048676, , , , , , , 10.6374808, 0.0025177, , , , , , , , , , , , , , , , , , , , , , , , , , , , 
10.638, 0.0226596, , , , , , , 10.638, -0.0169528, , , , , , , 10.638, -0.0062104, , , , , , , 10.638, -0.005539, , , , , , , , , , , , , , , , , , , , , , , , , , , , 
10.6385192, 0.0280308, , , , , , , 10.6385192, -0.0135958, , , , , , , 10.6385192, -0.0072175, , , , , , , 10.6385192, -0.0169528, , , , , , , , , , , , , , , , , , , , , , , , , , , , 
10.6390385, 0.0339055, , , , , , , 10.6390385, -0.0140993, , , , , , , 10.6390385, -0.008896, , , , , , , 10.6390385, -0.0236667, , , , , , , , , , , , , , , , , , , , , , , , , , , , 
10.6395577, 0.0357519, , , , , , , 10.6395577, -0.0129244, , , , , , , 10.6395577, -0.0124208, , , , , , , 10.6395577, -0.0263523, , , , , , , , , , , , , , , , , , , , , , , , , , , , 
10.6400769, 0.0360876, , , , , , , 10.6400769, -0.0035248, , , , , , , 10.6400769, -0.0142672, , , , , , , 10.6400769, -0.0276951, , , , , , , , , , , , , , , , , , , , , , , , , , , , 
10.6405962, 0.0370947, , , , , , , 10.6405962, 0.0072175, , , , , , , 10.6405962, -0.014435, , , , , , , 10.6405962, -0.0253452, , , , , , , , , , , , , , , , , , , , , , , , , , , , 
10.6411154, 0.0377661, , , , , , , 10.6411154, 0.0092317, , , , , , , 10.6411154, -0.0135958, , , , , , , 10.6411154, -0.0229953, , , , , , , , , , , , , , , , , , , , , , , , , , , , 
10.6416346, 0.0325628, , , , , , , 10.6416346, 0.0025177, , , , , , , 10.6416346, -0.0130922, , , , , , , 10.6416346, -0.0176242, , , , , , , , , , , , , , , , , , , , , , , , , , , , 
10.6421538, 0.0261845, , , , , , , 10.6421538, -0.0062104, , , , , , , 10.6421538, -0.0117494, , , , , , , 10.6421538, -0.0077211, , , , , , , , , , , , , , , , , , , , , , , , , , , , 
10.6426731, 0.0234989, , , , , , , 10.6426731, -0.0137636, , , , , , , 10.6426731, -0.0095674, , , , , , , 10.6426731, 0.0005035, , , , , , , , , , , , , , , , , , , , , , , , , , , , 
10.6431923, 0.0209812, , , , , , , 10.6431923, -0.0162814, , , , , , , 10.6431923, -0.0077211, , , , , , , 10.6431923, 0.0052033, , , , , , , , , , , , , , , , , , , , , , , , , , , , 
10.6437115, 0.0146029, , , , , , , 10.6437115, -0.0137636, , , , , , , 10.6437115, -0.0065461, , , , , , , 10.6437115, 0.0115816, , , , , , , , , , , , , , , , , , , , , , , , , , , , 
10.6442308, 0.0062104, , , , , , , 10.6442308, -0.0124208, , , , , , , 10.6442308, -0.0028534, , , , , , , 10.6442308, 0.023331, , , , , , , , , , , , , , , , , , , , , , , , , , , , 
10.64475, -0.0041962, , , , , , , 10.64475, -0.01561, , , , , , , 10.64475, -0.0001678, , , , , , , 10.64475, 0.0360876, , , , , , , , , , , , , , , , , , , , , , , , , , , , 
10.6452692, -0.0115816, , , , , , , 10.6452692, -0.0206455, , , , , , , 10.6452692, -0.0011749, , , , , , , 10.6452692, 0.0468299, , , , , , , , , , , , , , , , , , , , , , , , , , , , 
10.6457885, -0.01561, , , , , , , 10.6457885, -0.0219883, , , , , , , 10.6457885, -0.0018463, , , , , , , 10.6457885, 0.0560616, , , , , , , , , , , , , , , , , , , , , , , , , , , , 
10.6463077, -0.018967, , , , , , , 10.6463077, -0.0216526, , , , , , , 10.6463077, -0.0025177, , , , , , , 10.6463077, 0.0636149, , , , , , , , , , , , , , , , , , , , , , , , , , , , 
10.6468269, -0.021149, , , , , , , 10.6468269, -0.0196384, , , , , , , 10.6468269, -0.0031891, , , , , , , 10.6468269, 0.0683146, , , , , , , , , , , , , , , , , , , , , , , , , , , , 
10.6473462, -0.023331, , , , , , , 10.6473462, -0.0186313, , , , , , , 10.6473462, -0.0031891, , , , , , , 10.6473462, 0.0706645, , , , , , , , , , , , , , , , , , , , , , , , , , , , 
10.6478654, -0.0213169, , , , , , , 10.6478654, -0.0169528, , , , , , , 10.6478654, -0.0025177, , , , , , , 10.6478654, 0.0669718, , , , , , , , , , , , , , , , , , , , , , , , , , , , 
10.6483846, -0.0112459, , , , , , , 10.6483846, -0.0137636, , , , , , , 10.6483846, -0.0005035, , , , , , , 10.6483846, 0.0562295, , , , , , , , , , , , , , , , , , , , , , , , , , , , 
10.6489038, 0.0011749, , , , , , , 10.6489038, -0.0109102, , , , , , , 10.6489038, 0.0001678, , , , , , , 10.6489038, 0.0424659, , , , , , , , , , , , , , , , , , , , , , , , , , , , 
10.6494231, 0.0099031, , , , , , , 10.6494231, -0.005539, , , , , , , 10.6494231, -0.0023499, , , , , , , 10.6494231, 0.033402, , , , , , , , , , , , , , , , , , , , , , , , , , , , 
10.6499423, 0.0152743, , , , , , , 10.6499423, 0.0003357, , , , , , , 10.6499423, -0.0035248, , , , , , , 10.6499423, 0.0276951, , , , , , , , , , , , , , , , , , , , , , , , , , , , 
10.6504615, 0.0186313, , , , , , , 10.6504615, 0.0050355, , , , , , , 10.6504615, -0.0052033, , , , , , , 10.6504615, 0.0216526, , , , , , , , , , , , , , , , , , , , , , , , , , , , 
10.6509808, 0.0223239, , , , , , , 10.6509808, 0.0038605, , , , , , , 10.6509808, -0.0078889, , , , , , , 10.6509808, 0.0182956, , , , , , , , , , , , , , , , , , , , , , , , , , , , 
10.6515, 0.026688, , , , , , , 10.6515, -0.0005035, , , , , , , 10.6515, -0.0095674, , , , , , , 10.6515, 0.0176242, , , , , , , , , , , , , , , , , , , , , , , , , , , , 
10.6520192, 0.0271916, , , , , , , 10.6520192, -0.0031891, , , , , , , 10.6520192, -0.0082246, , , , , , , 10.6520192, 0.0149386, , , , , , , , , , , , , , , , , , , , , , , , , , , , 
10.6525385, 0.0271916, , , , , , , 10.6525385, -0.0028534, , , , , , , 10.6525385, -0.0063783, , , , , , , 10.6525385, 0.0092317, , , , , , , , , , , , , , , , , , , , , , , , , , , , 
10.6530577, 0.0313878, , , , , , , 10.6530577, -0.0028534, , , , , , , 10.6530577, -0.005539, , , , , , , 10.6530577, 0.0043641, , , , , , , , , , , , , , , , , , , , , , , , , , , , 
10.6535769, 0.033402, , , , , , , 10.6535769, -0.0035248, , , , , , , 10.6535769, -0.0075532, , , , , , , 10.6535769, 0.0018463, , , , , , , , , , , , , , , , , , , , , , , , , , , , 
10.6540962, 0.0310521, , , , , , , 10.6540962, -0.0036927, , , , , , , 10.6540962, -0.0109102, , , , , , , 10.6540962, 0.0025177, , , , , , , , , , , , , , , , , , , , , , , , , , , , 
10.6546154, 0.0280308, , , , , , , 10.6546154, -0.0023499, , , , , , , 10.6546154, -0.0102388, , , , , , , 10.6546154, 0.0045319, , , , , , , , , , , , , , , , , , , , , , , , , , , , 
10.6551346, 0.023331, , , , , , , 10.6551346, -0.0008392, , , , , , , 10.6551346, -0.0095674, , , , , , , 10.6551346, 0.0058747, , , , , , , , , , , , , , , , , , , , , , , , , , , , 
10.6556538, 0.018967, , , , , , , 10.6556538, 0.0001678, , , , , , , 10.6556538, -0.0109102, , , , , , , 10.6556538, 0.0058747, , , , , , , , , , , , , , , , , , , , , , , , , , , , 
10.6561731, 0.0196384, , , , , , , 10.6561731, -0.0020142, , , , , , , 10.6561731, -0.012253, , , , , , , 10.6561731, 0.0062104, , , , , , , , , , , , , , , , , , , , , , , , , , , , 
10.6566923, 0.0238346, , , , , , , 10.6566923, -0.005539, , , , , , , 10.6566923, -0.0115816, , , , , , , 10.6566923, 0.0078889, , , , , , , , , , , , , , , , , , , , , , , , , , , , 
10.6572115, 0.0263523, , , , , , , 10.6572115, -0.0058747, , , , , , , 10.6572115, -0.0097353, , , , , , , 10.6572115, 0.0092317, , , , , , , , , , , , , , , , , , , , , , , , , , , , 
10.6577308, 0.0253452, , , , , , , 10.6577308, -0.0058747, , , , , , , 10.6577308, -0.0082246, , , , , , , 10.6577308, 0.0031891, , , , , , , , , , , , , , , , , , , , , , , , , , , , 
10.65825, 0.026688, , , , , , , 10.65825, -0.0052033, , , , , , , 10.65825, -0.0099031, , , , , , , 10.65825, -0.0097353, , , , , , , , , , , , , , , , , , , , , , , , , , , , 
10.6587692, 0.0350805, , , , , , , 10.6587692, -0.003357, , , , , , , 10.6587692, -0.0139315, , , , , , , 10.6587692, -0.0219883, , , , , , , , , , , , , , , , , , , , , , , , , , , , 
10.6592885, 0.0454871, , , , , , , 10.6592885, -0.0025177, , , , , , , 10.6592885, -0.0176242, , , , , , , 10.6592885, -0.0307164, , , , , , , , , , , , , , , , , , , , , , , , , , , , 
10.6598077, 0.0426337, , , , , , , 10.6598077, -0.0031891, , , , , , , 10.6598077, -0.0198062, , , , , , , 10.6598077, -0.0357519, , , , , , , , , , , , , , , , , , , , , , , , , , , , 
10.6603269, 0.0339055, , , , , , , 10.6603269, -0.0030213, , , , , , , 10.6603269, -0.0213169, , , , , , , 10.6603269, -0.0372625, , , , , , , , , , , , , , , , , , , , , , , , , , , , 
10.6608462, 0.0273594, , , , , , , 10.6608462, -0.0028534, , , , , , , 10.6608462, -0.0229953, , , , , , , 10.6608462, -0.035584, , , , , , , , , , , , , , , , , , , , , , , , , , , , 
10.6613654, 0.023331, , , , , , , 10.6613654, -0.0015106, , , , , , , 10.6613654, -0.023331, , , , , , , 10.6613654, -0.0320592, , , , , , , , , , , , , , , , , , , , , , , , , , , , 
10.6618846, 0.0179599, , , , , , , 10.6618846, -0.0028534, , , , , , , 10.6618846, -0.0236667, , , , , , , 10.6618846, -0.0238346, , , , , , , , , , , , , , , , , , , , , , , , , , , , 
10.6624038, 0.0105745, , , , , , , 10.6624038, -0.0043641, , , , , , , 10.6624038, -0.0219883, , , , , , , 10.6624038, -0.0115816, , , , , , , , , , , , , , , , , , , , , , , , , , , , 
10.6629231, 0.0018463, , , , , , , 10.6629231, -0.0048676, , , , , , , 10.6629231, -0.0182956, , , , , , , 10.6629231, 0.0011749, , , , , , , , , , , , , , , , , , , , , , , , , , , , 
10.6634423, -0.0063783, , , , , , , 10.6634423, -0.005539, , , , , , , 10.6634423, -0.0162814, , , , , , , 10.6634423, 0.0132601, , , , , , , , , , , , , , , , , , , , , , , , , , , , 
10.6639615, -0.011078, , , , , , , 10.6639615, -0.0062104, , , , , , , 10.6639615, -0.0162814, , , , , , , 10.6639615, 0.024506, , , , , , , , , , , , , , , , , , , , , , , , , , , , 
10.6644808, -0.0149386, , , , , , , 10.6644808, -0.0068818, , , , , , , 10.6644808, -0.0152743, , , , , , , 10.6644808, 0.0381018, , , , , , , , , , , , , , , , , , , , , , , , , , , , 
10.665, -0.0166171, , , , , , , 10.665, -0.0068818, , , , , , , 10.665, -0.0095674, , , , , , , 10.665, 0.0506905, , , , , , , , , , , , , , , , , , , , , , , , , , , , 
10.6655192, -0.0172885, , , , , , , 10.6655192, -0.0068818, , , , , , , 10.6655192, -0.0045319, , , , , , , 10.6655192, 0.0594186, , , , , , , , , , , , , , , , , , , , , , , , , , , , 
10.6660385, -0.0203098, , , , , , , 10.6660385, -0.0062104, , , , , , , 10.6660385, -0.0008392, , , , , , , 10.6660385, 0.0666361, , , , , , , , , , , , , , , , , , , , , , , , , , , , 
10.6665577, -0.0209812, , , , , , , 10.6665577, -0.0062104, , , , , , , 10.6665577, 0.0005035, , , , , , , 10.6665577, 0.0730144, , , , , , , , , , , , , , , , , , , , , , , , , , , , 
10.6670769, -0.0164492, , , , , , , 10.6670769, -0.0075532, , , , , , , 10.6670769, 0.0025177, , , , , , , 10.6670769, 0.0770428, , , , , , , , , , , , , , , , , , , , , , , , , , , , 
10.6675962, -0.011078, , , , , , , 10.6675962, -0.0115816, , , , , , , 10.6675962, 0.005539, , , , , , , 10.6675962, 0.0777142, , , , , , , , , , , , , , , , , , , , , , , , , , , , 
10.6681154, -0.0065461, , , , , , , 10.6681154, -0.0135958, , , , , , , 10.6681154, 0.0078889, , , , , , , 10.6681154, 0.0686503, , , , , , , , , , , , , , , , , , , , , , , , , , , , 
10.6686346, 0.0028534, , , , , , , 10.6686346, -0.012253, , , , , , , 10.6686346, 0.0068818, , , , , , , 10.6686346, 0.0528725, , , , , , , , , , , , , , , , , , , , , , , , , , , , 
10.6691538, 0.0132601, , , , , , , 10.6691538, -0.011078, , , , , , , 10.6691538, 0.0048676, , , , , , , 10.6691538, 0.0392767, , , , , , , , , , , , , , , , , , , , , , , , , , , , 
10.6696731, 0.0196384, , , , , , , 10.6696731, -0.0124208, , , , , , , 10.6696731, 0.0008392, , , , , , , 10.6696731, 0.0297093, , , , , , , , , , , , , , , , , , , , , , , , , , , , 
10.6701923, 0.0206455, , , , , , , 10.6701923, -0.0149386, , , , , , , 10.6701923, -0.002182, , , , , , , 10.6701923, 0.0226596, , , , , , , , , , , , , , , , , , , , , , , , , , , , 
10.6707115, 0.0179599, , , , , , , 10.6707115, -0.0166171, , , , , , , 10.6707115, -0.0045319, , , , , , , 10.6707115, 0.018967, , , , , , , , , , , , , , , , , , , , , , , , , , , , 
10.6712308, 0.0169528, , , , , , , 10.6712308, -0.0146029, , , , , , , 10.6712308, -0.0058747, , , , , , , 10.6712308, 0.01561, , , , , , , , , , , , , , , , , , , , , , , , , , , , 
10.67175, 0.0159457, , , , , , , 10.67175, -0.0137636, , , , , , , 10.67175, -0.0075532, , , , , , , 10.67175, 0.0102388, , , , , , , , , , , , , , , , , , , , , , , , , , , , 
10.6722692, 0.01561, , , , , , , 10.6722692, -0.014435, , , , , , , 10.6722692, -0.0083925, , , , , , , 10.6722692, 0.0057069, , , , , , , , , , , , , , , , , , , , , , , , , , , , 
10.6727885, 0.0146029, , , , , , , 10.6727885, -0.0149386, , , , , , , 10.6727885, -0.0102388, , , , , , , 10.6727885, 0.0036927, , , , , , , , , , , , , , , , , , , , , , , , , , , , 
10.6733077, 0.0109102, , , , , , , 10.6733077, -0.0149386, , , , , , , 10.6733077, -0.0109102, , , , , , , 10.6733077, 0.0041962, , , , , , , , , , , , , , , , , , , , , , , , , , , , 
10.6738269, 0.0099031, , , , , , , 10.6738269, -0.0169528, , , , , , , 10.6738269, -0.0095674, , , , , , , 10.6738269, 0.0050355, , , , , , , , , , , , , , , , , , , , , , , , , , , , 
10.6743462, 0.0152743, , , , , , , 10.6743462, -0.0169528, , , , , , , 10.6743462, -0.0090639, , , , , , , 10.6743462, 0.0006714, , , , , , , , , , , , , , , , , , , , , , , , , , , , 
10.6748654, 0.0179599, , , , , , , 10.6748654, -0.0179599, , , , , , , 10.6748654, -0.008896, , , , , , , 10.6748654, -0.0035248, , , , , , , , , , , , , , , , , , , , , , , , , , , , 
10.6753846, 0.0223239, , , , , , , 10.6753846, -0.0164492, , , , , , , 10.6753846, -0.0083925, , , , , , , 10.6753846, -0.0058747, , , , , , , , , , , , , , , , , , , , , , , , , , , , 
10.6759038, 0.0253452, , , , , , , 10.6759038, -0.0142672, , , , , , , 10.6759038, -0.0082246, , , , , , , 10.6759038, -0.008896, , , , , , , , , , , , , , , , , , , , , , , , , , , , 
10.6764231, 0.0273594, , , , , , , 10.6764231, -0.0112459, , , , , , , 10.6764231, -0.0082246, , , , , , , 10.6764231, -0.0102388, , , , , , , , , , , , , , , , , , , , , , , , , , , , 
10.6769423, 0.0263523, , , , , , , 10.6769423, -0.0109102, , , , , , , 10.6769423, -0.0070497, , , , , , , 10.6769423, -0.0102388, , , , , , , , , , , , , , , , , , , , , , , , , , , , 
10.6774615, 0.0240024, , , , , , , 10.6774615, -0.0119173, , , , , , , 10.6774615, -0.0083925, , , , , , , 10.6774615, -0.0132601, , , , , , , , , , , , , , , , , , , , , , , , , , , , 
10.6779808, 0.0229953, , , , , , , 10.6779808, -0.0119173, , , , , , , 10.6779808, -0.0102388, , , , , , , 10.6779808, -0.0229953, , , , , , , , , , , , , , , , , , , , , , , , , , , , 
10.6785, 0.0213169, , , , , , , 10.6785, -0.0109102, , , , , , , 10.6785, -0.010071, , , , , , , 10.6785, -0.0344091, , , , , , , , , , , , , , , , , , , , , , , , , , , , 
10.6790192, 0.0167849, , , , , , , 10.6790192, -0.0083925, , , , , , , 10.6790192, -0.0114137, , , , , , , 10.6790192, -0.0364233, , , , , , , , , , , , , , , , , , , , , , , , , , , , 
10.6795385, 0.0129244, , , , , , , 10.6795385, -0.0068818, , , , , , , 10.6795385, -0.0125887, , , , , , , 10.6795385, -0.0337377, , , , , , , , , , , , , , , , , , , , , , , , , , , , 
10.6800577, 0.0117494, , , , , , , 10.6800577, -0.0063783, , , , , , , 10.6800577, -0.0125887, , , , , , , 10.6800577, -0.033402, , , , , , , , , , , , , , , , , , , , , , , , , , , , 
10.6805769, 0.012253, , , , , , , 10.6805769, -0.0068818, , , , , , , 10.6805769, -0.0117494, , , , , , , 10.6805769, -0.0313878, , , , , , , , , , , , , , , , , , , , , , , , , , , , 
10.6810962, 0.0119173, , , , , , , 10.6810962, -0.0068818, , , , , , , 10.6810962, -0.0112459, , , , , , , 10.6810962, -0.0263523, , , , , , , , , , , , , , , , , , , , , , , , , , , , 
10.6816154, 0.0132601, , , , , , , 10.6816154, -0.0068818, , , , , , , 10.6816154, -0.0135958, , , , , , , 10.6816154, -0.017792, , , , , , , , , , , , , , , , , , , , , , , , , , , , 
10.6821346, 0.0115816, , , , , , , 10.6821346, -0.0072175, , , , , , , 10.6821346, -0.0142672, , , , , , , 10.6821346, -0.0052033, , , , , , , , , , , , , , , , , , , , , , , , , , , , 
10.6826538, 0.0085603, , , , , , , 10.6826538, -0.0068818, , , , , , , 10.6826538, -0.011078, , , , , , , 10.6826538, 0.0058747, , , , , , , , , , , , , , , , , , , , , , , , , , , , 
10.6831731, 0.0109102, , , , , , , 10.6831731, -0.0072175, , , , , , , 10.6831731, -0.0072175, , , , , , , 10.6831731, 0.0169528, , , , , , , , , , , , , , , , , , , , , , , , , , , , 
10.6836923, 0.0142672, , , , , , , 10.6836923, -0.0075532, , , , , , , 10.6836923, -0.0063783, , , , , , , 10.6836923, 0.0280308, , , , , , , , , , , , , , , , , , , , , , , , , , , , 
10.6842115, 0.0119173, , , , , , , 10.6842115, -0.0072175, , , , , , , 10.6842115, -0.0077211, , , , , , , 10.6842115, 0.0379339, , , , , , , , , , , , , , , , , , , , , , , , , , , , 
10.6847308, 0.0068818, , , , , , , 10.6847308, -0.0062104, , , , , , , 10.6847308, -0.008896, , , , , , , 10.6847308, 0.0475013, , , , , , , , , , , , , , , , , , , , , , , , , , , , 
10.68525, 0.0075532, , , , , , , 10.68525, -0.0062104, , , , , , , 10.68525, -0.0092317, , , , , , , 10.68525, 0.0542153, , , , , , , , , , , , , , , , , , , , , , , , , , , , 
10.6857692, 0.0117494, , , , , , , 10.6857692, -0.005539, , , , , , , 10.6857692, -0.0072175, , , , , , , 10.6857692, 0.0602579, , , , , , , , , , , , , , , , , , , , , , , , , , , , 
10.6862885, 0.0129244, , , , , , , 10.6862885, -0.0041962, , , , , , , 10.6862885, -0.0065461, , , , , , , 10.6862885, 0.0673075, , , , , , , , , , , , , , , , , , , , , , , , , , , , 
10.6868077, 0.0018463, , , , , , , 10.6868077, -0.0031891, , , , , , , 10.6868077, -0.0075532, , , , , , , 10.6868077, 0.0736858, , , , , , , , , , , , , , , , , , , , , , , , , , , , 
10.6873269, -0.012253, , , , , , , 10.6873269, -0.0041962, , , , , , , 10.6873269, -0.0063783, , , , , , , 10.6873269, 0.0753643, , , , , , , , , , , , , , , , , , , , , , , , , , , , 
10.6878462, -0.0196384, , , , , , , 10.6878462, -0.0052033, , , , , , , 10.6878462, -0.0050355, , , , , , , 10.6878462, 0.0706645, , , , , , , , , , , , , , , , , , , , , , , , , , , , 
10.6883654, -0.0164492, , , , , , , 10.6883654, -0.0043641, , , , , , , 10.6883654, -0.0041962, , , , , , , 10.6883654, 0.0599222, , , , , , , , , , , , , , , , , , , , , , , , , , , , 
10.6888846, -0.0102388, , , , , , , 10.6888846, -0.0043641, , , , , , , 10.6888846, -0.0031891, , , , , , , 10.6888846, 0.0481727, , , , , , , , , , , , , , , , , , , , , , , , , , , , 
10.6894038, -0.0045319, , , , , , , 10.6894038, -0.0068818, , , , , , , 10.6894038, -0.0035248, , , , , , , 10.6894038, 0.0386053, , , , , , , , , , , , , , , , , , , , , , , , , , , , 
10.6899231, -0.0011749, , , , , , , 10.6899231, -0.0072175, , , , , , , 10.6899231, -0.0048676, , , , , , , 10.6899231, 0.0310521, , , , , , , , , , , , , , , , , , , , , , , , , , , , 
10.6904423, 0.0045319, , , , , , , 10.6904423, -0.0028534, , , , , , , 10.6904423, -0.0038605, , , , , , , 10.6904423, 0.0246738, , , , , , , , , , , , , , , , , , , , , , , , , , , , 
10.6909615, 0.0119173, , , , , , , 10.6909615, 0.0031891, , , , , , , 10.6909615, -0.0031891, , , , , , , 10.6909615, 0.0193027, , , , , , , , , , , , , , , , , , , , , , , , , , , , 
10.6914808, 0.01561, , , , , , , 10.6914808, 0.0052033, , , , , , , 10.6914808, -0.0041962, , , , , , , 10.6914808, 0.0146029, , , , , , , , , , , , , , , , , , , , , , , , , , , , 
10.692, 0.0176242, , , , , , , 10.692, 0.0010071, , , , , , , 10.692, -0.0062104, , , , , , , 10.692, 0.0105745, , , , , , , , , , , , , , , , , , , , , , , , , , , , 
10.6925192, 0.0179599, , , , , , , 10.6925192, -0.0062104, , , , , , , 10.6925192, -0.0068818, , , , , , , 10.6925192, 0.0085603, , , , , , , , , , , , , , , , , , , , , , , , , , , , 
10.6930385, 0.01561, , , , , , , 10.6930385, -0.0109102, , , , , , , 10.6930385, -0.0052033, , , , , , , 10.6930385, 0.0085603, , , , , , , , , , , , , , , , , , , , , , , , , , , , 
10.6935577, 0.0142672, , , , , , , 10.6935577, -0.0097353, , , , , , , 10.6935577, -0.0070497, , , , , , , 10.6935577, 0.0082246, , , , , , , , , , , , , , , , , , , , , , , , , , , , 
10.6940769, 0.0099031, , , , , , , 10.6940769, -0.0068818, , , , , , , 10.6940769, -0.0095674, , , , , , , 10.6940769, 0.0068818, , , , , , , , , , , , , , , , , , , , , , , , , , , , 
10.6945962, 0.002182, , , , , , , 10.6945962, -0.0082246, , , , , , , 10.6945962, -0.0102388, , , , , , , 10.6945962, 0.0068818, , , , , , , , , , , , , , , , , , , , , , , , , , , , 
10.6951154, -0.0041962, , , , , , , 10.6951154, -0.0119173, , , , , , , 10.6951154, -0.0099031, , , , , , , 10.6951154, 0.0068818, , , , , , , , , , , , , , , , , , , , , , , , , , , , 
10.6956346, -0.0102388, , , , , , , 10.6956346, -0.01561, , , , , , , 10.6956346, -0.0102388, , , , , , , 10.6956346, 0.0068818, , , , , , , , , , , , , , , , , , , , , , , , , , , , 
10.6961538, -0.0152743, , , , , , , 10.6961538, -0.0139315, , , , , , , 10.6961538, -0.008896, , , , , , , 10.6961538, 0.0072175, , , , , , , , , , , , , , , , , , , , , , , , , , , , 
10.6966731, -0.0199741, , , , , , , 10.6966731, -0.0095674, , , , , , , 10.6966731, -0.0072175, , , , , , , 10.6966731, 0.0057069, , , , , , , , , , , , , , , , , , , , , , , , , , , , 
10.6971923, -0.0243381, , , , , , , 10.6971923, -0.0077211, , , , , , , 10.6971923, -0.0082246, , , , , , , 10.6971923, 0.0018463, , , , , , , , , , , , , , , , , , , , , , , , , , , , 
10.6977115, -0.0250095, , , , , , , 10.6977115, -0.0072175, , , , , , , 10.6977115, -0.0092317, , , , , , , 10.6977115, -0.0036927, , , , , , , , , , , , , , , , , , , , , , , , , , , , 
10.6982308, -0.0164492, , , , , , , 10.6982308, -0.0041962, , , , , , , 10.6982308, -0.0109102, , , , , , , 10.6982308, -0.01561, , , , , , , , , , , , , , , , , , , , , , , , , , , , 
10.69875, -0.0045319, , , , , , , 10.69875, -0.0015106, , , , , , , 10.69875, -0.012253, , , , , , , 10.69875, -0.0276951, , , , , , , , , , , , , , , , , , , , , , , , , , , , 
10.6992692, 0.0025177, , , , , , , 10.6992692, -0.003357, , , , , , , 10.6992692, -0.0109102, , , , , , , 10.6992692, -0.0345769, , , , , , , , , , , , , , , , , , , , , , , , , , , , 
10.6997885, 0.0078889, , , , , , , 10.6997885, -0.008896, , , , , , , 10.6997885, -0.0112459, , , , , , , 10.6997885, -0.0381018, , , , , , , , , , , , , , , , , , , , , , , , , , , , 
10.7003077, 0.0075532, , , , , , , 10.7003077, -0.0152743, , , , , , , 10.7003077, -0.0135958, , , , , , , 10.7003077, -0.0397803, , , , , , , , , , , , , , , , , , , , , , , , , , , , 
10.7008269, 0.0072175, , , , , , , 10.7008269, -0.0159457, , , , , , , 10.7008269, -0.0149386, , , , , , , 10.7008269, -0.0377661, , , , , , , , , , , , , , , , , , , , , , , , , , , , 
10.7013462, 0.008896, , , , , , , 10.7013462, -0.012253, , , , , , , 10.7013462, -0.0146029, , , , , , , 10.7013462, -0.0330663, , , , , , , , , , , , , , , , , , , , , , , , , , , , 
10.7018654, 0.0099031, , , , , , , 10.7018654, -0.0092317, , , , , , , 10.7018654, -0.0125887, , , , , , , 10.7018654, -0.0236667, , , , , , , , , , , , , , , , , , , , , , , , , , , , 
10.7023846, 0.0045319, , , , , , , 10.7023846, -0.0040284, , , , , , , 10.7023846, -0.0102388, , , , , , , 10.7023846, -0.011078, , , , , , , , , , , , , , , , , , , , , , , , , , , , 
10.7029038, 0.0025177, , , , , , , 10.7029038, 0.0025177, , , , , , , 10.7029038, -0.0105745, , , , , , , 10.7029038, 0.0005035, , , , , , , , , , , , , , , , , , , , , , , , , , , , 
10.7034231, 0.0036927, , , , , , , 10.7034231, 0.0035248, , , , , , , 10.7034231, -0.0115816, , , , , , , 10.7034231, 0.0105745, , , , , , , , , , , , , , , , , , , , , , , , , , , , 
10.7039423, 0.0035248, , , , , , , 10.7039423, -0.0018463, , , , , , , 10.7039423, -0.0095674, , , , , , , 10.7039423, 0.0176242, , , , , , , , , , , , , , , , , , , , , , , , , , , , 
10.7044615, -0.0001678, , , , , , , 10.7044615, -0.0062104, , , , , , , 10.7044615, -0.0068818, , , , , , , 10.7044615, 0.0276951, , , , , , , , , , , , , , , , , , , , , , , , , , , , 
10.7049808, -0.0052033, , , , , , , 10.7049808, -0.0062104, , , , , , , 10.7049808, -0.0075532, , , , , , , 10.7049808, 0.0406195, , , , , , , , , , , , , , , , , , , , , , , , , , , , 
10.7055, -0.0065461, , , , , , , 10.7055, -0.0031891, , , , , , , 10.7055, -0.0075532, , , , , , , 10.7055, 0.0501869, , , , , , , , , , , , , , , , , , , , , , , , , , , , 
10.7060192, -0.0038605, , , , , , , 10.7060192, -0.0028534, , , , , , , 10.7060192, -0.0085603, , , , , , , 10.7060192, 0.0558938, , , , , , , , , , , , , , , , , , , , , , , , , , , , 
10.7065385, -0.0015106, , , , , , , 10.7065385, -0.0038605, , , , , , , 10.7065385, -0.0082246, , , , , , , 10.7065385, 0.0616007, , , , , , , , , , , , , , , , , , , , , , , , , , , , 
10.7070577, 0.0011749, , , , , , , 10.7070577, -0.0031891, , , , , , , 10.7070577, -0.0063783, , , , , , , 10.7070577, 0.0639506, , , , , , , , , , , , , , , , , , , , , , , , , , , , 
10.7075769, 0.0065461, , , , , , , 10.7075769, -0.0045319, , , , , , , 10.7075769, -0.0028534, , , , , , , 10.7075769, 0.0614328, , , , , , , , , , , , , , , , , , , , , , , , , , , , 
10.7080962, 0.0179599, , , , , , , 10.7080962, -0.0063783, , , , , , , 10.7080962, 0.0015106, , , , , , , 10.7080962, 0.0535439, , , , , , , , , , , , , , , , , , , , , , , , , , , , 
10.7086154, 0.0345769, , , , , , , 10.7086154, -0.0078889, , , , , , , 10.7086154, 0.0023499, , , , , , , 10.7086154, 0.040116, , , , , , , , , , , , , , , , , , , , , , , , , , , , 
10.7091346, 0.0480049, , , , , , , 10.7091346, -0.0102388, , , , , , , 10.7091346, 0.0005035, , , , , , , 10.7091346, 0.0288701, , , , , , , , , , , , , , , , , , , , , , , , , , , , 
10.7096538, 0.0552224, , , , , , , 10.7096538, -0.0105745, , , , , , , 10.7096538, -0.0011749, , , , , , , 10.7096538, 0.0206455, , , , , , , , , , , , , , , , , , , , , , , , , , , , 
10.7101731, 0.0575723, , , , , , , 10.7101731, -0.0099031, , , , , , , 10.7101731, -0.0025177, , , , , , , 10.7101731, 0.0142672, , , , , , , , , , , , , , , , , , , , , , , , , , , , 
10.7106923, 0.0547189, , , , , , , 10.7106923, -0.0082246, , , , , , , 10.7106923, -0.0035248, , , , , , , 10.7106923, 0.0115816, , , , , , , , , , , , , , , , , , , , , , , , , , , , 
10.7112115, 0.0528725, , , , , , , 10.7112115, -0.0078889, , , , , , , 10.7112115, -0.0031891, , , , , , , 10.7112115, 0.0092317, , , , , , , , , , , , , , , , , , , , , , , , , , , , 
10.7117308, 0.0548867, , , , , , , 10.7117308, -0.0085603, , , , , , , 10.7117308, -0.0036927, , , , , , , 10.7117308, 0.0057069, , , , , , , , , , , , , , , , , , , , , , , , , , , , 
10.71225, 0.0595865, , , , , , , 10.71225, -0.0095674, , , , , , , 10.71225, -0.0038605, , , , , , , 10.71225, 0.0045319, , , , , , , , , , , , , , , , , , , , , , , , , , , , 
10.7127692, 0.0636149, , , , , , , 10.7127692, -0.0075532, , , , , , , 10.7127692, -0.0036927, , , , , , , 10.7127692, 0.0035248, , , , , , , , , , , , , , , , , , , , , , , , , , , , 
10.7132885, 0.0673075, , , , , , , 10.7132885, -0.0068818, , , , , , , 10.7132885, -0.0052033, , , , , , , 10.7132885, 0.0018463, , , , , , , , , , , , , , , , , , , , , , , , , , , , 
10.7138077, 0.0626078, , , , , , , 10.7138077, -0.0078889, , , , , , , 10.7138077, -0.0077211, , , , , , , 10.7138077, -0.0010071, , , , , , , , , , , , , , , , , , , , , , , , , , , , 
10.7143269, 0.0553902, , , , , , , 10.7143269, -0.0085603, , , , , , , 10.7143269, -0.0092317, , , , , , , 10.7143269, -0.0008392, , , , , , , , , , , , , , , , , , , , , , , , , , , , 
10.7148462, 0.0540475, , , , , , , 10.7148462, -0.0075532, , , , , , , 10.7148462, -0.0095674, , , , , , , 10.7148462, 0.0018463, , , , , , , , , , , , , , , , , , , , , , , , , , , , 
10.7153654, 0.0548867, , , , , , , 10.7153654, -0.0062104, , , , , , , 10.7153654, -0.0099031, , , , , , , 10.7153654, 0.0018463, , , , , , , , , , , , , , , , , , , , , , , , , , , , 
10.7158846, 0.0548867, , , , , , , 10.7158846, -0.0050355, , , , , , , 10.7158846, -0.0102388, , , , , , , 10.7158846, 0.0011749, , , , , , , , , , , , , , , , , , , , , , , , , , , , 
10.7164038, 0.0548867, , , , , , , 10.7164038, -0.0045319, , , , , , , 10.7164038, -0.0082246, , , , , , , 10.7164038, 0.0015106, , , , , , , , , , , , , , , , , , , , , , , , , , , , 
10.7169231, 0.0585794, , , , , , , 10.7169231, -0.0048676, , , , , , , 10.7169231, -0.0058747, , , , , , , 10.7169231, 0.0038605, , , , , , , , , , , , , , , , , , , , , , , , , , , , 
10.7174423, 0.0592508, , , , , , , 10.7174423, -0.0062104, , , , , , , 10.7174423, -0.0062104, , , , , , , 10.7174423, 0.002182, , , , , , , , , , , , , , , , , , , , , , , , , , , , 
10.7179615, 0.0619364, , , , , , , 10.7179615, -0.0075532, , , , , , , 10.7179615, -0.0095674, , , , , , , 10.7179615, -0.0068818, , , , , , , , , , , , , , , , , , , , , , , , , , , , 
10.7184808, 0.0649577, , , , , , , 10.7184808, -0.0090639, , , , , , , 10.7184808, -0.012253, , , , , , , 10.7184808, -0.018967, , , , , , , , , , , , , , , , , , , , , , , , , , , , 
10.719, 0.0624399, , , , , , , 10.719, -0.0078889, , , , , , , 10.719, -0.0119173, , , , , , , 10.719, -0.0297093, , , , , , , , , , , , , , , , , , , , , , , , , , , , 
10.7195192, 0.0575723, , , , , , , 10.7195192, -0.0062104, , , , , , , 10.7195192, -0.0115816, , , , , , , 10.7195192, -0.0370947, , , , , , , , , , , , , , , , , , , , , , , , , , , , 
10.7200385, 0.0562295, , , , , , , 10.7200385, -0.0057069, , , , , , , 10.7200385, -0.0117494, , , , , , , 10.7200385, -0.0417945, , , , , , , , , , , , , , , , , , , , , , , , , , , , 
10.7205577, 0.0558938, , , , , , , 10.7205577, -0.0048676, , , , , , , 10.7205577, -0.0135958, , , , , , , 10.7205577, -0.0424659, , , , , , , , , , , , , , , , , , , , , , , , , , , , 
10.7210769, 0.0528725, , , , , , , 10.7210769, -0.0048676, , , , , , , 10.7210769, -0.0166171, , , , , , , 10.7210769, -0.0391089, , , , , , , , , , , , , , , , , , , , , , , , , , , , 
10.7215962, 0.047837, , , , , , , 10.7215962, -0.0075532, , , , , , , 10.7215962, -0.023331, , , , , , , 10.7215962, -0.0330663, , , , , , , , , , , , , , , , , , , , , , , , , , , , 
10.7221154, 0.0438087, , , , , , , 10.7221154, -0.0082246, , , , , , , 10.7221154, -0.0276951, , , , , , , 10.7221154, -0.0240024, , , , , , , , , , , , , , , , , , , , , , , , , , , , 
10.7226346, 0.0387732, , , , , , , 10.7226346, -0.0075532, , , , , , , 10.7226346, -0.0223239, , , , , , , 10.7226346, -0.0169528, , , , , , , , , , , , , , , , , , , , , , , , , , , , 
10.7231538, 0.0360876, , , , , , , 10.7231538, -0.0104067, , , , , , , 10.7231538, -0.0124208, , , , , , , 10.7231538, -0.012253, , , , , , , , , , , , , , , , , , , , , , , , , , , , 
10.7236731, 0.033402, , , , , , , 10.7236731, -0.0166171, , , , , , , 10.7236731, -0.0036927, , , , , , , 10.7236731, -0.0028534, , , , , , , , , , , , , , , , , , , , , , , , , , , , 
10.7241923, 0.0240024, , , , , , , 10.7241923, -0.0209812, , , , , , , 10.7241923, 0.0005035, , , , , , , 10.7241923, 0.0107424, , , , , , , , , , , , , , , , , , , , , , , , , , , , 
10.7247115, 0.0166171, , , , , , , 10.7247115, -0.0213169, , , , , , , 10.7247115, 0.0005035, , , , , , , 10.7247115, 0.0253452, , , , , , , , , , , , , , , , , , , , , , , , , , , , 
10.7252308, 0.0092317, , , , , , , 10.7252308, -0.0176242, , , , , , , 10.7252308, 0.0011749, , , , , , , 10.7252308, 0.0386053, , , , , , , , , , , , , , , , , , , , , , , , , , , , 
10.72575, -0.002182, , , , , , , 10.72575, -0.010071, , , , , , , 10.72575, 0.0038605, , , , , , , 10.72575, 0.0506905, , , , , , , , , , , , , , , , , , , , , , , , , , , , 
10.7262692, -0.0063783, , , , , , , 10.7262692, -0.0035248, , , , , , , 10.7262692, 0.0048676, , , , , , , 10.7262692, 0.0609293, , , , , , , , , , , , , , , , , , , , , , , , , , , , 
10.7267885, -0.0028534, , , , , , , 10.7267885, -0.0016785, , , , , , , 10.7267885, 0.0046998, , , , , , , 10.7267885, 0.0673075, , , , , , , , , , , , , , , , , , , , , , , , , , , , 
10.7273077, -0.0041962, , , , , , , 10.7273077, -0.0041962, , , , , , , 10.7273077, 0.005539, , , , , , , 10.7273077, 0.0699931, , , , , , , , , , , , , , , , , , , , , , , , , , , , 
10.7278269, -0.0095674, , , , , , , 10.7278269, -0.0085603, , , , , , , 10.7278269, 0.0045319, , , , , , , 10.7278269, 0.0679789, , , , , , , , , , , , , , , , , , , , , , , , , , , , 
10.7283462, -0.0142672, , , , , , , 10.7283462, -0.0112459, , , , , , , 10.7283462, 0.0026856, , , , , , , 10.7283462, 0.0565652, , , , , , , , , , , , , , , , , , , , , , , , , , , , 
10.7288654, -0.0119173, , , , , , , 10.7288654, -0.0142672, , , , , , , 10.7288654, 0.0005035, , , , , , , 10.7288654, 0.0399481, , , , , , , , , , , , , , , , , , , , , , , , , , , , 
10.7293846, -0.0052033, , , , , , , 10.7293846, -0.0182956, , , , , , , 10.7293846, -0.0010071, , , , , , , 10.7293846, 0.0290379, , , , , , , , , , , , , , , , , , , , , , , , , , , , 
10.7299038, 0.0025177, , , , , , , 10.7299038, -0.0246738, , , , , , , 10.7299038, -0.0031891, , , , , , , 10.7299038, 0.0246738, , , , , , , , , , , , , , , , , , , , , , , , , , , , 
10.7304231, 0.0041962, , , , , , , 10.7304231, -0.0297093, , , , , , , 10.7304231, -0.0045319, , , , , , , 10.7304231, 0.0206455, , , , , , , , , , , , , , , , , , , , , , , , , , , , 
10.7309423, 0.0038605, , , , , , , 10.7309423, -0.0280308, , , , , , , 10.7309423, -0.0068818, , , , , , , 10.7309423, 0.0167849, , , , , , , , , , , , , , , , , , , , , , , , , , , , 
10.7314615, 0.0038605, , , , , , , 10.7314615, -0.0179599, , , , , , , 10.7314615, -0.0109102, , , , , , , 10.7314615, 0.0105745, , , , , , , , , , , , , , , , , , , , , , , , , , , , 
10.7319808, 0.0031891, , , , , , , 10.7319808, -0.0075532, , , , , , , 10.7319808, -0.0125887, , , , , , , 10.7319808, 0.0038605, , , , , , , , , , , , , , , , , , , , , , , , , , , , 
10.7325, 0.0058747, , , , , , , 10.7325, -0.0011749, , , , , , , 10.7325, -0.014435, , , , , , , 10.7325, 0.0001678, , , , , , , , , , , , , , , , , , , , , , , , , , , , 
10.7330192, 0.0166171, , , , , , , 10.7330192, 0.0011749, , , , , , , 10.7330192, -0.0169528, , , , , , , 10.7330192, -0.002182, , , , , , , , , , , , , , , , , , , , , , , , , , , , 
10.7335385, 0.0240024, , , , , , , 10.7335385, 0.0025177, , , , , , , 10.7335385, -0.018967, , , , , , , 10.7335385, -0.0028534, , , , , , , , , , , , , , , , , , , , , , , , , , , , 
10.7340577, 0.0213169, , , , , , , 10.7340577, 0.0011749, , , , , , , 10.7340577, -0.0194705, , , , , , , 10.7340577, -0.0028534, , , , , , , , , , , , , , , , , , , , , , , , , , , , 
10.7345769, 0.0166171, , , , , , , 10.7345769, -0.0035248, , , , , , , 10.7345769, -0.0176242, , , , , , , 10.7345769, -0.0016785, , , , , , , , , , , , , , , , , , , , , , , , , , , , 
10.7350962, 0.0135958, , , , , , , 10.7350962, -0.0068818, , , , , , , 10.7350962, -0.0152743, , , , , , , 10.7350962, 0.0015106, , , , , , , , , , , , , , , , , , , , , , , , , , , , 
10.7356154, 0.0146029, , , , , , , 10.7356154, -0.0068818, , , , , , , 10.7356154, -0.0142672, , , , , , , 10.7356154, 0.0018463, , , , , , , , , , , , , , , , , , , , , , , , , , , , 
10.7361346, 0.0164492, , , , , , , 10.7361346, -0.0043641, , , , , , , 10.7361346, -0.0139315, , , , , , , 10.7361346, 0.0008392, , , , , , , , , , , , , , , , , , , , , , , , , , , , 
10.7366538, 0.0151064, , , , , , , 10.7366538, -0.0016785, , , , , , , 10.7366538, -0.0135958, , , , , , , 10.7366538, 0.002182, , , , , , , , , , , , , , , , , , , , , , , , , , , , 
10.7371731, 0.0139315, , , , , , , 10.7371731, -0.0001678, , , , , , , 10.7371731, -0.0132601, , , , , , , 10.7371731, 0.0052033, , , , , , , , , , , , , , , , , , , , , , , , , , , , 
10.7376923, 0.0146029, , , , , , , 10.7376923, 0.0005035, , , , , , , 10.7376923, -0.0139315, , , , , , , 10.7376923, 0.0018463, , , , , , , , , , , , , , , , , , , , , , , , , , , , 
10.7382115, 0.0149386, , , , , , , 10.7382115, -0.0015106, , , , , , , 10.7382115, -0.0130922, , , , , , , 10.7382115, -0.0099031, , , , , , , , , , , , , , , , , , , , , , , , , , , , 
10.7387308, 0.0146029, , , , , , , 10.7387308, -0.0050355, , , , , , , 10.7387308, -0.0130922, , , , , , , 10.7387308, -0.0203098, , , , , , , , , , , , , , , , , , , , , , , , , , , , 
10.73925, 0.0172885, , , , , , , 10.73925, -0.0083925, , , , , , , 10.73925, -0.0130922, , , , , , , 10.73925, -0.0263523, , , , , , , , , , , , , , , , , , , , , , , , , , , , 
10.7397692, 0.0231632, , , , , , , 10.7397692, -0.0099031, , , , , , , 10.7397692, -0.0132601, , , , , , , 10.7397692, -0.0297093, , , , , , , , , , , , , , , , , , , , , , , , , , , , 
10.7402885, 0.0253452, , , , , , , 10.7402885, -0.010071, , , , , , , 10.7402885, -0.0102388, , , , , , , 10.7402885, -0.0307164, , , , , , , , , , , , , , , , , , , , , , , , , , , , 
10.7408077, 0.0219883, , , , , , , 10.7408077, -0.0099031, , , , , , , 10.7408077, -0.0063783, , , , , , , 10.7408077, -0.0263523, , , , , , , , , , , , , , , , , , , , , , , , , , , , 
10.7413269, 0.0199741, , , , , , , 10.7413269, -0.0112459, , , , , , , 10.7413269, -0.005539, , , , , , , 10.7413269, -0.017792, , , , , , , , , , , , , , , , , , , , , , , , , , , , 
10.7418462, 0.0171206, , , , , , , 10.7418462, -0.0112459, , , , , , , 10.7418462, -0.0052033, , , , , , , 10.7418462, -0.0062104, , , , , , , , , , , , , , , , , , , , , , , , , , , , 
10.7423654, 0.0085603, , , , , , , 10.7423654, -0.0075532, , , , , , , 10.7423654, -0.0062104, , , , , , , 10.7423654, 0.0078889, , , , , , , , , , , , , , , , , , , , , , , , , , , , 
10.7428846, -0.0001678, , , , , , , 10.7428846, -0.0068818, , , , , , , 10.7428846, -0.008896, , , , , , , 10.7428846, 0.0204776, , , , , , , , , , , , , , , , , , , , , , , , , , , , 
10.7434038, -0.005539, , , , , , , 10.7434038, -0.0090639, , , , , , , 10.7434038, -0.0104067, , , , , , , 10.7434038, 0.0293736, , , , , , , , , , , , , , , , , , , , , , , , , , , , 
10.7439231, -0.0085603, , , , , , , 10.7439231, -0.0115816, , , , , , , 10.7439231, -0.0112459, , , , , , , 10.7439231, 0.0387732, , , , , , , , , , , , , , , , , , , , , , , , , , , , 
10.7444423, -0.0137636, , , , , , , 10.7444423, -0.012253, , , , , , , 10.7444423, -0.0109102, , , , , , , 10.7444423, 0.0505226, , , , , , , , , , , , , , , , , , , , , , , , , , , , 
10.7449615, -0.0213169, , , , , , , 10.7449615, -0.0105745, , , , , , , 10.7449615, -0.0075532, , , , , , , 10.7449615, 0.0639506, , , , , , , , , , , , , , , , , , , , , , , , , , , , 
10.7454808, -0.0285344, , , , , , , 10.7454808, -0.0102388, , , , , , , 10.7454808, -0.0048676, , , , , , , 10.7454808, 0.0757, , , , , , , , , , , , , , , , , , , , , , , , , , , , 
10.746, -0.0288701, , , , , , , 10.746, -0.0082246, , , , , , , 10.746, -0.0015106, , , , , , , 10.746, 0.0817426, , , , , , , , , , , , , , , , , , , , , , , , , , , , 
10.7465192, -0.0303807, , , , , , , 10.7465192, -0.0048676, , , , , , , 10.7465192, 0.0003357, , , , , , , 10.7465192, 0.0840925, , , , , , , , , , , , , , , , , , , , , , , , , , , , 
10.7470385, -0.0359197, , , , , , , 10.7470385, -0.0005035, , , , , , , 10.7470385, -0.0015106, , , , , , , 10.7470385, 0.0862745, , , , , , , , , , , , , , , , , , , , , , , , , , , , 
10.7475577, -0.0372625, , , , , , , 10.7475577, 0.0011749, , , , , , , 10.7475577, -0.002182, , , , , , , 10.7475577, 0.0852674, , , , , , , , , , , , , , , , , , , , , , , , , , , , 
10.7480769, -0.0283665, , , , , , , 10.7480769, -0.0028534, , , , , , , 10.7480769, -0.0025177, , , , , , , 10.7480769, 0.0753643, , , , , , , , , , , , , , , , , , , , , , , , , , , , 
10.7485962, -0.0179599, , , , , , , 10.7485962, -0.0090639, , , , , , , 10.7485962, -0.0028534, , , , , , , 10.7485962, 0.0607614, , , , , , , , , , , , , , , , , , , , , , , , , , , , 
10.7491154, -0.01561, , , , , , , 10.7491154, -0.0124208, , , , , , , 10.7491154, -0.0028534, , , , , , , 10.7491154, 0.0468299, , , , , , , , , , , , , , , , , , , , , , , , , , , , 
10.7496346, -0.0166171, , , , , , , 10.7496346, -0.0120851, , , , , , , 10.7496346, -0.0028534, , , , , , , 10.7496346, 0.0370947, , , , , , , , , , , , , , , , , , , , , , , , , , , , 
10.7501538, -0.0135958, , , , , , , 10.7501538, -0.0102388, , , , , , , 10.7501538, -0.0038605, , , , , , , 10.7501538, 0.0293736, , , , , , , , , , , , , , , , , , , , , , , , , , , , 
10.7506731, -0.0073854, , , , , , , 10.7506731, -0.0082246, , , , , , , 10.7506731, -0.0048676, , , , , , , 10.7506731, 0.0213169, , , , , , , , , , , , , , , , , , , , , , , , , , , , 
10.7511923, -0.0001678, , , , , , , 10.7511923, -0.0043641, , , , , , , 10.7511923, -0.0072175, , , , , , , 10.7511923, 0.0132601, , , , , , , , , , , , , , , , , , , , , , , , , , , , 
10.7517115, 0.0023499, , , , , , , 10.7517115, -0.0008392, , , , , , , 10.7517115, -0.0102388, , , , , , , 10.7517115, 0.0075532, , , , , , , , , , , , , , , , , , , , , , , , , , , , 
10.7522308, 0.0008392, , , , , , , 10.7522308, 0.002182, , , , , , , 10.7522308, -0.0078889, , , , , , , 10.7522308, 0.0043641, , , , , , , , , , , , , , , , , , , , , , , , , , , , 
10.75275, 0.0020142, , , , , , , 10.75275, 0.0015106, , , , , , , 10.75275, -0.0031891, , , , , , , 10.75275, 0.0030213, , , , , , , , , , , , , , , , , , , , , , , , , , , , 
10.7532692, 0.0139315, , , , , , , 10.7532692, 0.0018463, , , , , , , 10.7532692, -0.0031891, , , , , , , 10.7532692, 0.0001678, , , , , , , , , , , , , , , , , , , , , , , , , , , , 
10.7537885, 0.024506, , , , , , , 10.7537885, 0.0065461, , , , , , , 10.7537885, -0.0058747, , , , , , , 10.7537885, -0.0016785, , , , , , , , , , , , , , , , , , , , , , , , , , , , 
10.7543077, 0.0213169, , , , , , , 10.7543077, 0.0073854, , , , , , , 10.7543077, -0.0062104, , , , , , , 10.7543077, -0.002182, , , , , , , , , , , , , , , , , , , , , , , , , , , , 
10.7548269, 0.0159457, , , , , , , 10.7548269, 0.002182, , , , , , , 10.7548269, -0.0057069, , , , , , , 10.7548269, -0.0035248, , , , , , , , , , , , , , , , , , , , , , , , , , , , 
10.7553462, 0.014435, , , , , , , 10.7553462, -0.0028534, , , , , , , 10.7553462, -0.005539, , , , , , , 10.7553462, -0.0030213, , , , , , , , , , , , , , , , , , , , , , , , , , , , 
10.7558654, 0.0182956, , , , , , , 10.7558654, -0.0023499, , , , , , , 10.7558654, -0.0035248, , , , , , , 10.7558654, -0.0011749, , , , , , , , , , , , , , , , , , , , , , , , , , , , 
10.7563846, 0.0218204, , , , , , , 10.7563846, -0.0015106, , , , , , , 10.7563846, -0.002182, , , , , , , 10.7563846, 0.0005035, , , , , , , , , , , , , , , , , , , , , , , , , , , , 
10.7569038, 0.0253452, , , , , , , 10.7569038, -0.0041962, , , , , , , 10.7569038, -0.0041962, , , , , , , 10.7569038, 0.0011749, , , , , , , , , , , , , , , , , , , , , , , , , , , , 
10.7574231, 0.0250095, , , , , , , 10.7574231, -0.0125887, , , , , , , 10.7574231, -0.0058747, , , , , , , 10.7574231, -0.0018463, , , , , , , , , , , , , , , , , , , , , , , , , , , , 
10.7579423, 0.0229953, , , , , , , 10.7579423, -0.0216526, , , , , , , 10.7579423, -0.0072175, , , , , , , 10.7579423, -0.012253, , , , , , , , , , , , , , , , , , , , , , , , , , , , 
10.7584615, 0.0246738, , , , , , , 10.7584615, -0.0250095, , , , , , , 10.7584615, -0.008896, , , , , , , 10.7584615, -0.0250095, , , , , , , , , , , , , , , , , , , , , , , , , , , , 
10.7589808, 0.0293736, , , , , , , 10.7589808, -0.0283665, , , , , , , 10.7589808, -0.0095674, , , , , , , 10.7589808, -0.0337377, , , , , , , , , , , , , , , , , , , , , , , , , , , , 
10.7595, 0.0320592, , , , , , , 10.7595, -0.0288701, , , , , , , 10.7595, -0.0095674, , , , , , , 10.7595, -0.0377661, , , , , , , , , , , , , , , , , , , , , , , , , , , , 
10.7600192, 0.0293736, , , , , , , 10.7600192, -0.0243381, , , , , , , 10.7600192, -0.0075532, , , , , , , 10.7600192, -0.0397803, , , , , , , , , , , , , , , , , , , , , , , , , , , , 
10.7605385, 0.0290379, , , , , , , 10.7605385, -0.0176242, , , , , , , 10.7605385, -0.0058747, , , , , , , 10.7605385, -0.0392767, , , , , , , , , , , , , , , , , , , , , , , , , , , , 
10.7610577, 0.0293736, , , , , , , 10.7610577, -0.0109102, , , , , , , 10.7610577, -0.0078889, , , , , , , 10.7610577, -0.0344091, , , , , , , , , , , , , , , , , , , , , , , , , , , , 
10.7615769, 0.030045, , , , , , , 10.7615769, -0.005539, , , , , , , 10.7615769, -0.0109102, , , , , , , 10.7615769, -0.024506, , , , , , , , , , , , , , , , , , , , , , , , , , , , 
10.7620962, 0.026688, , , , , , , 10.7620962, -0.0048676, , , , , , , 10.7620962, -0.0135958, , , , , , , 10.7620962, -0.0114137, , , , , , , , , , , , , , , , , , , , , , , , , , , , 
10.7626154, 0.0213169, , , , , , , 10.7626154, -0.0082246, , , , , , , 10.7626154, -0.0142672, , , , , , , 10.7626154, 0.0011749, , , , , , , , , , , , , , , , , , , , , , , , , , , , 
10.7631346, 0.0109102, , , , , , , 10.7631346, -0.012253, , , , , , , 10.7631346, -0.012253, , , , , , , 10.7631346, 0.0105745, , , , , , , , , , , , , , , , , , , , , , , , , , , , 
10.7636538, 0.002182, , , , , , , 10.7636538, -0.0149386, , , , , , , 10.7636538, -0.0109102, , , , , , , 10.7636538, 0.0186313, , , , , , , , , , , , , , , , , , , , , , , , , , , , 
10.7641731, -0.0048676, , , , , , , 10.7641731, -0.0162814, , , , , , , 10.7641731, -0.0109102, , , , , , , 10.7641731, 0.0303807, , , , , , , , , , , , , , , , , , , , , , , , , , , , 
10.7646923, -0.0152743, , , , , , , 10.7646923, -0.0146029, , , , , , , 10.7646923, -0.0095674, , , , , , , 10.7646923, 0.0468299, , , , , , , , , , , , , , , , , , , , , , , , , , , , 
10.7652115, -0.0243381, , , , , , , 10.7652115, -0.0149386, , , , , , , 10.7652115, -0.0068818, , , , , , , 10.7652115, 0.061265, , , , , , , , , , , , , , , , , , , , , , , , , , , , 
10.7657308, -0.0250095, , , , , , , 10.7657308, -0.0162814, , , , , , , 10.7657308, -0.0068818, , , , , , , 10.7657308, 0.0673075, , , , , , , , , , , , , , , , , , , , , , , , , , , , 
10.76625, -0.0196384, , , , , , , 10.76625, -0.0152743, , , , , , , 10.76625, -0.0062104, , , , , , , 10.76625, 0.0681468, , , , , , , , , , , , , , , , , , , , , , , , , , , , 
10.7667692, -0.0182956, , , , , , , 10.7667692, -0.0102388, , , , , , , 10.7667692, -0.0035248, , , , , , , 10.7667692, 0.0703288, , , , , , , , , , , , , , , , , , , , , , , , , , , , 
10.7672885, -0.0149386, , , , , , , 10.7672885, -0.0060426, , , , , , , 10.7672885, -0.0015106, , , , , , , 10.7672885, 0.0710002, , , , , , , , , , , , , , , , , , , , , , , , , , , , 
10.7678077, -0.0119173, , , , , , , 10.7678077, -0.0058747, , , , , , , 10.7678077, 0.0003357, , , , , , , 10.7678077, 0.0663005, , , , , , , , , , , , , , , , , , , , , , , , , , , , 
10.7683269, -0.0068818, , , , , , , 10.7683269, -0.0062104, , , , , , , 10.7683269, 0.0011749, , , , , , , 10.7683269, 0.0538796, , , , , , , , , , , , , , , , , , , , , , , , , , , , 
10.7688462, -0.0030213, , , , , , , 10.7688462, -0.0052033, , , , , , , 10.7688462, 0.0016785, , , , , , , 10.7688462, 0.0407874, , , , , , , , , , , , , , , , , , , , , , , , , , , , 
10.7693654, 0.0005035, , , , , , , 10.7693654, -0.0030213, , , , , , , 10.7693654, 0.0028534, , , , , , , 10.7693654, 0.0320592, , , , , , , , , , , , , , , , , , , , , , , , , , , , 
10.7698846, 0.0018463, , , , , , , 10.7698846, -0.0015106, , , , , , , 10.7698846, 0.0038605, , , , , , , 10.7698846, 0.0246738, , , , , , , , , , , , , , , , , , , , , , , , , , , , 
10.7704038, 0.0052033, , , , , , , 10.7704038, -0.0041962, , , , , , , 10.7704038, 0.0031891, , , , , , , 10.7704038, 0.0159457, , , , , , , , , , , , , , , , , , , , , , , , , , , , 
10.7709231, 0.0105745, , , , , , , 10.7709231, -0.0075532, , , , , , , 10.7709231, 0.0038605, , , , , , , 10.7709231, 0.0097353, , , , , , , , , , , , , , , , , , , , , , , , , , , , 
10.7714423, 0.0142672, , , , , , , 10.7714423, -0.0082246, , , , , , , 10.7714423, 0.0048676, , , , , , , 10.7714423, 0.0065461, , , , , , , , , , , , , , , , , , , , , , , , , , , , 
10.7719615, 0.0179599, , , , , , , 10.7719615, -0.0082246, , , , , , , 10.7719615, 0.0025177, , , , , , , 10.7719615, 0.0038605, , , , , , , , , , , , , , , , , , , , , , , , , , , , 
10.7724808, 0.0240024, , , , , , , 10.7724808, -0.0072175, , , , , , , 10.7724808, -0.0025177, , , , , , , 10.7724808, 0.0015106, , , , , , , , , , , , , , , , , , , , , , , , , , , , 
10.773, 0.0307164, , , , , , , 10.773, -0.0052033, , , , , , , 10.773, -0.0063783, , , , , , , 10.773, 0.0005035, , , , , , , , , , , , , , , , , , , , , , , , , , , , 
10.7735192, 0.0330663, , , , , , , 10.7735192, -0.0028534, , , , , , , 10.7735192, -0.0082246, , , , , , , 10.7735192, 0.0020142, , , , , , , , , , , , , , , , , , , , , , , , , , , , 
10.7740385, 0.0303807, , , , , , , 10.7740385, -0.002182, , , , , , , 10.7740385, -0.0102388, , , , , , , 10.7740385, 0.0045319, , , , , , , , , , , , , , , , , , , , , , , , , , , , 
10.7745577, 0.0273594, , , , , , , 10.7745577, -0.0018463, , , , , , , 10.7745577, -0.0119173, , , , , , , 10.7745577, 0.0028534, , , , , , , , , , , , , , , , , , , , , , , , , , , , 
10.7750769, 0.026688, , , , , , , 10.7750769, -0.0011749, , , , , , , 10.7750769, -0.0135958, , , , , , , 10.7750769, 0.0001678, , , , , , , , , , , , , , , , , , , , , , , , , , , , 
10.7755962, 0.0263523, , , , , , , 10.7755962, -0.0028534, , , , , , , 10.7755962, -0.0129244, , , , , , , 10.7755962, 0.0001678, , , , , , , , , , , , , , , , , , , , , , , , , , , , 
10.7761154, 0.0256809, , , , , , , 10.7761154, -0.0068818, , , , , , , 10.7761154, -0.0127565, , , , , , , 10.7761154, 0.0035248, , , , , , , , , , , , , , , , , , , , , , , , , , , , 
10.7766346, 0.0285344, , , , , , , 10.7766346, -0.0085603, , , , , , , 10.7766346, -0.0146029, , , , , , , 10.7766346, 0.0062104, , , , , , , , , , , , , , , , , , , , , , , , , , , , 
10.7771538, 0.0320592, , , , , , , 10.7771538, -0.0065461, , , , , , , 10.7771538, -0.0162814, , , , , , , 10.7771538, 0.0058747, , , , , , , , , , , , , , , , , , , , , , , , , , , , 
10.7776731, 0.0332341, , , , , , , 10.7776731, -0.0062104, , , , , , , 10.7776731, -0.0169528, , , , , , , 10.7776731, -0.0025177, , , , , , , , , , , , , , , , , , , , , , , , , , , , 
10.7781923, 0.0318914, , , , , , , 10.7781923, -0.0099031, , , , , , , 10.7781923, -0.0176242, , , , , , , 10.7781923, -0.0191348, , , , , , , , , , , , , , , , , , , , , , , , , , , , 
10.7787115, 0.0303807, , , , , , , 10.7787115, -0.0151064, , , , , , , 10.7787115, -0.0193027, , , , , , , 10.7787115, -0.0323949, , , , , , , , , , , , , , , , , , , , , , , , , , , , 
10.7792308, 0.0280308, , , , , , , 10.7792308, -0.0151064, , , , , , , 10.7792308, -0.023331, , , , , , , 10.7792308, -0.0391089, , , , , , , , , , , , , , , , , , , , , , , , , , , , 
10.77975, 0.0260166, , , , , , , 10.77975, -0.0109102, , , , , , , 10.77975, -0.0260166, , , , , , , 10.77975, -0.0419623, , , , , , , , , , , , , , , , , , , , , , , , , , , , 
10.7802692, 0.0292058, , , , , , , 10.7802692, -0.0075532, , , , , , , 10.7802692, -0.0238346, , , , , , , 10.7802692, -0.0417945, , , , , , , , , , , , , , , , , , , , , , , , , , , , 
10.7807885, 0.033402, , , , , , , 10.7807885, -0.0068818, , , , , , , 10.7807885, -0.0196384, , , , , , , 10.7807885, -0.0411231, , , , , , , , , , , , , , , , , , , , , , , , , , , , 
10.7813077, 0.0298772, , , , , , , 10.7813077, -0.0075532, , , , , , , 10.7813077, -0.017792, , , , , , , 10.7813077, -0.0377661, , , , , , , , , , , , , , , , , , , , , , , , , , , , 
10.7818269, 0.0256809, , , , , , , 10.7818269, -0.0075532, , , , , , , 10.7818269, -0.0182956, , , , , , , 10.7818269, -0.0276951, , , , , , , , , , , , , , , , , , , , , , , , , , , , 
10.7823462, 0.0236667, , , , , , , 10.7823462, -0.0090639, , , , , , , 10.7823462, -0.0166171, , , , , , , 10.7823462, -0.0125887, , , , , , , , , , , , , , , , , , , , , , , , , , , , 
10.7828654, 0.0186313, , , , , , , 10.7828654, -0.0102388, , , , , , , 10.7828654, -0.0125887, , , , , , , 10.7828654, 0.0011749, , , , , , , , , , , , , , , , , , , , , , , , , , , , 
10.7833846, 0.0132601, , , , , , , 10.7833846, -0.0109102, , , , , , , 10.7833846, -0.0083925, , , , , , , 10.7833846, 0.0129244, , , , , , , , , , , , , , , , , , , , , , , , , , , , 
10.7839038, 0.0072175, , , , , , , 10.7839038, -0.012253, , , , , , , 10.7839038, -0.0048676, , , , , , , 10.7839038, 0.0253452, , , , , , , , , , , , , , , , , , , , , , , , , , , , 
10.7844231, -0.0041962, , , , , , , 10.7844231, -0.0129244, , , , , , , 10.7844231, -0.0043641, , , , , , , 10.7844231, 0.0419623, , , , , , , , , , , , , , , , , , , , , , , , , , , , 
10.7849423, -0.0154421, , , , , , , 10.7849423, -0.0112459, , , , , , , 10.7849423, -0.005539, , , , , , , 10.7849423, 0.0592508, , , , , , , , , , , , , , , , , , , , , , , , , , , , 
10.7854615, -0.0169528, , , , , , , 10.7854615, -0.0030213, , , , , , , 10.7854615, -0.005539, , , , , , , 10.7854615, 0.0706645, , , , , , , , , , , , , , , , , , , , , , , , , , , , 
10.7859808, -0.0169528, , , , , , , 10.7859808, 0.010071, , , , , , , 10.7859808, -0.0060426, , , , , , , 10.7859808, 0.0760357, , , , , , , , , , , , , , , , , , , , , , , , , , , , 
10.7865, -0.0146029, , , , , , , 10.7865, 0.0186313, , , , , , , 10.7865, -0.0062104, , , , , , , 10.7865, 0.0803998, , , , , , , , , , , , , , , , , , , , , , , , , , , , 
10.7870192, -0.0104067, , , , , , , 10.7870192, 0.0172885, , , , , , , 10.7870192, -0.0050355, , , , , , , 10.7870192, 0.082414, , , , , , , , , , , , , , , , , , , , , , , , , , , , 
10.7875385, -0.0109102, , , , , , , 10.7875385, 0.0058747, , , , , , , 10.7875385, -0.0031891, , , , , , , 10.7875385, 0.0783856, , , , , , , , , , , , , , , , , , , , , , , , , , , , 
10.7880577, -0.014435, , , , , , , 10.7880577, -0.0068818, , , , , , , 10.7880577, -0.002182, , , , , , , 10.7880577, 0.0649577, , , , , , , , , , , , , , , , , , , , , , , , , , , , 
10.7885769, -0.0135958, , , , , , , 10.7885769, -0.01561, , , , , , , 10.7885769, -0.0018463, , , , , , , 10.7885769, 0.0491798, , , , , , , , , , , , , , , , , , , , , , , , , , , , 
10.7890962, -0.0082246, , , , , , , 10.7890962, -0.0182956, , , , , , , 10.7890962, -0.0018463, , , , , , , 10.7890962, 0.0397803, , , , , , , , , , , , , , , , , , , , , , , , , , , , 
10.7896154, -0.0010071, , , , , , , 10.7896154, -0.0166171, , , , , , , 10.7896154, -0.0005035, , , , , , , 10.7896154, 0.0344091, , , , , , , , , , , , , , , , , , , , , , , , , , , , 
10.7901346, 0.0090639, , , , , , , 10.7901346, -0.0162814, , , , , , , 10.7901346, -0.0005035, , , , , , , 10.7901346, 0.0290379, , , , , , , , , , , , , , , , , , , , , , , , , , , , 
10.7906538, 0.0182956, , , , , , , 10.7906538, -0.0164492, , , , , , , 10.7906538, -0.0065461, , , , , , , 10.7906538, 0.0240024, , , , , , , , , , , , , , , , , , , , , , , , , , , , 
10.7911731, 0.0240024, , , , , , , 10.7911731, -0.01561, , , , , , , 10.7911731, -0.0129244, , , , , , , 10.7911731, 0.0206455, , , , , , , , , , , , , , , , , , , , , , , , , , , , 
10.7916923, 0.030045, , , , , , , 10.7916923, -0.012253, , , , , , , 10.7916923, -0.0157778, , , , , , , 10.7916923, 0.018967, , , , , , , , , , , , , , , , , , , , , , , , , , , , 
10.7922115, 0.0317235, , , , , , , 10.7922115, -0.0099031, , , , , , , 10.7922115, -0.0164492, , , , , , , 10.7922115, 0.0169528, , , , , , , , , , , , , , , , , , , , , , , , , , , , 
10.7927308, 0.03122, , , , , , , 10.7927308, -0.0119173, , , , , , , 10.7927308, -0.0193027, , , , , , , 10.7927308, 0.0132601, , , , , , , , , , , , , , , , , , , , , , , , , , , , 
10.79325, 0.0317235, , , , , , , 10.79325, -0.0102388, , , , , , , 10.79325, -0.0196384, , , , , , , 10.79325, 0.0119173, , , , , , , , , , , , , , , , , , , , , , , , , , , , 
10.7937692, 0.0387732, , , , , , , 10.7937692, -0.002182, , , , , , , 10.7937692, -0.0137636, , , , , , , 10.7937692, 0.011078, , , , , , , , , , , , , , , , , , , , , , , , , , , , 
10.7942885, 0.0461585, , , , , , , 10.7942885, 0.0028534, , , , , , , 10.7942885, -0.0035248, , , , , , , 10.7942885, 0.0095674, , , , , , , , , , , , , , , , , , , , , , , , , , , , 
10.7948077, 0.0387732, , , , , , , 10.7948077, 0.0035248, , , , , , , 10.7948077, 0.0052033, , , , , , , 10.7948077, 0.0065461, , , , , , , , , , , , , , , , , , , , , , , , , , , , 
10.7953269, 0.0293736, , , , , , , 10.7953269, 0.0038605, , , , , , , 10.7953269, 0.0099031, , , , , , , 10.7953269, 0.0041962, , , , , , , , , , , , , , , , , , , , , , , , , , , , 
10.7958462, 0.0283665, , , , , , , 10.7958462, 0.0140993, , , , , , , 10.7958462, 0.0124208, , , , , , , 10.7958462, 0.0028534, , , , , , , , , , , , , , , , , , , , , , , , , , , , 
10.7963654, 0.0256809, , , , , , , 10.7963654, 0.0273594, , , , , , , 10.7963654, 0.0129244, , , , , , , 10.7963654, 0.0028534, , , , , , , , , , , , , , , , , , , , , , , , , , , , 
10.7968846, 0.0219883, , , , , , , 10.7968846, 0.0243381, , , , , , , 10.7968846, 0.0112459, , , , , , , 10.7968846, 0.0031891, , , , , , , , , , , , , , , , , , , , , , , , , , , , 
10.7974038, 0.0223239, , , , , , , 10.7974038, 0.0078889, , , , , , , 10.7974038, 0.0104067, , , , , , , 10.7974038, 0, , , , , , , , , , , , , , , , , , , , , , , , , , , , 
10.7979231, 0.0246738, , , , , , , 10.7979231, -0.005539, , , , , , , 10.7979231, 0.0104067, , , , , , , 10.7979231, -0.0109102, , , , , , , , , , , , , , , , , , , , , , , , , , , , 
10.7984423, 0.0327306, , , , , , , 10.7984423, -0.0092317, , , , , , , 10.7984423, 0.0090639, , , , , , , 10.7984423, -0.0236667, , , , , , , , , , , , , , , , , , , , , , , , , , , , 
10.7989615, 0.0424659, , , , , , , 10.7989615, -0.0102388, , , , , , , 10.7989615, 0.0052033, , , , , , , 10.7989615, -0.0332341, , , , , , , , , , , , , , , , , , , , , , , , , , , , 
10.7994808, 0.0458228, , , , , , , 10.7994808, -0.0159457, , , , , , , 10.7994808, 0.0011749, , , , , , , 10.7994808, -0.0404517, , , , , , , , , , , , , , , , , , , , , , , , , , , , 
10.8, 0.0448157, , , , , , , 10.8, -0.0209812, , , , , , , 10.8, 0.0008392, , , , , , , 10.8, -0.0433051, , , , , , , , , , , , , , , , , , , , , , , , , , , , 
10.8005192, 0.0428016, , , , , , , 10.8005192, -0.0194705, , , , , , , 10.8005192, 0.0005035, , , , , , , 10.8005192, -0.0411231, , , , , , , , , , , , , , , , , , , , , , , , , , , , 
10.8010385, 0.0414588, , , , , , , 10.8010385, -0.018967, , , , , , , 10.8010385, 0.0005035, , , , , , , 10.8010385, -0.0337377, , , , , , , , , , , , , , , , , , , , , , , , , , , , 
10.8015577, 0.0374304, , , , , , , 10.8015577, -0.0283665, , , , , , , 10.8015577, -0.0015106, , , , , , , 10.8015577, -0.0203098, , , , , , , , , , , , , , , , , , , , , , , , , , , , 
10.8020769, 0.0307164, , , , , , , 10.8020769, -0.0377661, , , , , , , 10.8020769, -0.0031891, , , , , , , 10.8020769, -0.0090639, , , , , , , , , , , , , , , , , , , , , , , , , , , , 
10.8025962, 0.0206455, , , , , , , 10.8025962, -0.0364233, , , , , , , 10.8025962, -0.005539, , , , , , , 10.8025962, -0.0011749, , , , , , , , , , , , , , , , , , , , , , , , , , , , 
10.8031154, 0.0104067, , , , , , , 10.8031154, -0.0283665, , , , , , , 10.8031154, -0.008896, , , , , , , 10.8031154, 0.0068818, , , , , , , , , , , , , , , , , , , , , , , , , , , , 
10.8036346, 0.0028534, , , , , , , 10.8036346, -0.018967, , , , , , , 10.8036346, -0.0119173, , , , , , , 10.8036346, 0.0164492, , , , , , , , , , , , , , , , , , , , , , , , , , , , 
10.8041538, -0.0050355, , , , , , , 10.8041538, -0.0105745, , , , , , , 10.8041538, -0.0127565, , , , , , , 10.8041538, 0.0273594, , , , , , , , , , , , , , , , , , , , , , , , , , , , 
10.8046731, -0.011078, , , , , , , 10.8046731, -0.005539, , , , , , , 10.8046731, -0.0142672, , , , , , , 10.8046731, 0.0409552, , , , , , , , , , , , , , , , , , , , , , , , , , , , 
10.8051923, -0.017792, , , , , , , 10.8051923, -0.0048676, , , , , , , 10.8051923, -0.0142672, , , , , , , 10.8051923, 0.0535439, , , , , , , , , , , , , , , , , , , , , , , , , , , , 
10.8057115, -0.0250095, , , , , , , 10.8057115, -0.0060426, , , , , , , 10.8057115, -0.0142672, , , , , , , 10.8057115, 0.0639506, , , , , , , , , , , , , , , , , , , , , , , , , , , , 
10.8062308, -0.0344091, , , , , , , 10.8062308, -0.0070497, , , , , , , 10.8062308, -0.0135958, , , , , , , 10.8062308, 0.0713359, , , , , , , , , , , , , , , , , , , , , , , , , , , , 
10.80675, -0.0391089, , , , , , , 10.80675, -0.008896, , , , , , , 10.80675, -0.011078, , , , , , , 10.80675, 0.0740215, , , , , , , , , , , , , , , , , , , , , , , , , , , , 
10.8072692, -0.0323949, , , , , , , 10.8072692, -0.0090639, , , , , , , 10.8072692, -0.0105745, , , , , , , 10.8072692, 0.0703288, , , , , , , , , , , , , , , , , , , , , , , , , , , , 
10.8077885, -0.023331, , , , , , , 10.8077885, -0.0077211, , , , , , , 10.8077885, -0.014435, , , , , , , 10.8077885, 0.0597543, , , , , , , , , , , , , , , , , , , , , , , , , , , , 
10.8083077, -0.0166171, , , , , , , 10.8083077, -0.0068818, , , , , , , 10.8083077, -0.0204776, , , , , , , 10.8083077, 0.0461585, , , , , , , , , , , , , , , , , , , , , , , , , , , , 
10.8088269, -0.0085603, , , , , , , 10.8088269, -0.0078889, , , , , , , 10.8088269, -0.0229953, , , , , , , 10.8088269, 0.033402, , , , , , , , , , , , , , , , , , , , , , , , , , , , 
10.8093462, -0.0048676, , , , , , , 10.8093462, -0.0058747, , , , , , , 10.8093462, -0.0229953, , , , , , , 10.8093462, 0.0226596, , , , , , , , , , , , , , , , , , , , , , , , , , , , 
10.8098654, -0.0028534, , , , , , , 10.8098654, -0.0035248, , , , , , , 10.8098654, -0.0246738, , , , , , , 10.8098654, 0.012253, , , , , , , , , , , , , , , , , , , , , , , , , , , , 
10.8103846, 0.0057069, , , , , , , 10.8103846, -0.002182, , , , , , , 10.8103846, -0.0260166, , , , , , , 10.8103846, 0.0052033, , , , , , , , , , , , , , , , , , , , , , , , , , , , 
10.8109038, 0.0166171, , , , , , , 10.8109038, -0.0028534, , , , , , , 10.8109038, -0.0260166, , , , , , , 10.8109038, -0.0008392, , , , , , , , , , , , , , , , , , , , , , , , , , , , 
10.8114231, 0.0236667, , , , , , , 10.8114231, -0.0041962, , , , , , , 10.8114231, -0.0290379, , , , , , , 10.8114231, -0.0031891, , , , , , , , , , , , , , , , , , , , , , , , , , , , 
10.8119423, 0.0270237, , , , , , , 10.8119423, -0.0062104, , , , , , , 10.8119423, -0.0310521, , , , , , , 10.8119423, -0.0023499, , , , , , , , , , , , , , , , , , , , , , , , , , , , 
10.8124615, 0.0287022, , , , , , , 10.8124615, -0.0058747, , , , , , , 10.8124615, -0.0305486, , , , , , , 10.8124615, -0.0028534, , , , , , , , , , , , , , , , , , , , , , , , , , , , 
10.8129808, 0.0327306, , , , , , , 10.8129808, -0.0003357, , , , , , , 10.8129808, -0.0256809, , , , , , , 10.8129808, -0.005539, , , , , , , , , , , , , , , , , , , , , , , , , , , , 
10.8135, 0.0394446, , , , , , , 10.8135, 0.0045319, , , , , , , 10.8135, -0.0152743, , , , , , , 10.8135, -0.0083925, , , , , , , , , , , , , , , , , , , , , , , , , , , , 
10.8140192, 0.043473, , , , , , , 10.8140192, 0.0052033, , , , , , , 10.8140192, -0.0058747, , , , , , , 10.8140192, -0.0095674, , , , , , , , , , , , , , , , , , , , , , , , , , , , 
10.8145385, 0.0441444, , , , , , , 10.8145385, 0.0043641, , , , , , , 10.8145385, 0.0011749, , , , , , , 10.8145385, -0.008896, , , , , , , , , , , , , , , , , , , , , , , , , , , , 
10.8150577, 0.0407874, , , , , , , 10.8150577, 0.0063783, , , , , , , 10.8150577, 0.0038605, , , , , , , 10.8150577, -0.0102388, , , , , , , , , , , , , , , , , , , , , , , , , , , , 
10.8155769, 0.0337377, , , , , , , 10.8155769, 0.0072175, , , , , , , 10.8155769, 0.0001678, , , , , , , 10.8155769, -0.0104067, , , , , , , , , , , , , , , , , , , , , , , , , , , , 
10.8160962, 0.0260166, , , , , , , 10.8160962, 0.0045319, , , , , , , 10.8160962, -0.0035248, , , , , , , 10.8160962, -0.0077211, , , , , , , , , , , , , , , , , , , , , , , , , , , , 
10.8166154, 0.0193027, , , , , , , 10.8166154, 0.0041962, , , , , , , 10.8166154, -0.0041962, , , , , , , 10.8166154, -0.0062104, , , , , , , , , , , , , , , , , , , , , , , , , , , , 
10.8171346, 0.0186313, , , , , , , 10.8171346, 0.0082246, , , , , , , 10.8171346, -0.0075532, , , , , , , 10.8171346, -0.005539, , , , , , , , , , , , , , , , , , , , , , , , , , , , 
10.8176538, 0.0251774, , , , , , , 10.8176538, 0.0129244, , , , , , , 10.8176538, -0.0104067, , , , , , , 10.8176538, -0.0125887, , , , , , , , , , , , , , , , , , , , , , , , , , , , 
10.8181731, 0.0345769, , , , , , , 10.8181731, 0.0105745, , , , , , , 10.8181731, -0.0095674, , , , , , , 10.8181731, -0.0260166, , , , , , , , , , , , , , , , , , , , , , , , , , , , 
10.8186923, 0.0411231, , , , , , , 10.8186923, 0.0008392, , , , , , , 10.8186923, -0.0095674, , , , , , , 10.8186923, -0.0377661, , , , , , , , , , , , , , , , , , , , , , , , , , , , 
10.8192115, 0.0431373, , , , , , , 10.8192115, -0.0092317, , , , , , , 10.8192115, -0.0129244, , , , , , , 10.8192115, -0.043473, , , , , , , , , , , , , , , , , , , , , , , , , , , , 
10.8197308, 0.0426337, , , , , , , 10.8197308, -0.0166171, , , , , , , 10.8197308, -0.0142672, , , , , , , 10.8197308, -0.0438087, , , , , , , , , , , , , , , , , , , , , , , , , , , , 
10.82025, 0.0397803, , , , , , , 10.82025, -0.0246738, , , , , , , 10.82025, -0.0115816, , , , , , , 10.82025, -0.0419623, , , , , , , , , , , , , , , , , , , , , , , , , , , , 
10.8207692, 0.0370947, , , , , , , 10.8207692, -0.0345769, , , , , , , 10.8207692, -0.0085603, , , , , , , 10.8207692, -0.0347448, , , , , , , , , , , , , , , , , , , , , , , , , , , , 
10.8212885, 0.0339055, , , , , , , 10.8212885, -0.043473, , , , , , , 10.8212885, -0.0095674, , , , , , , 10.8212885, -0.0246738, , , , , , , , , , , , , , , , , , , , , , , , , , , , 
10.8218077, 0.0250095, , , , , , , 10.8218077, -0.0480049, , , , , , , 10.8218077, -0.0124208, , , , , , , 10.8218077, -0.01561, , , , , , , , , , , , , , , , , , , , , , , , , , , , 
10.8223269, 0.0152743, , , , , , , 10.8223269, -0.0448157, , , , , , , 10.8223269, -0.0139315, , , , , , , 10.8223269, -0.0040284, , , , , , , , , , , , , , , , , , , , , , , , , , , , 
10.8228462, 0.0068818, , , , , , , 10.8228462, -0.0364233, , , , , , , 10.8228462, -0.0149386, , , , , , , 10.8228462, 0.0102388, , , , , , , , , , , , , , , , , , , , , , , , , , , , 
10.8233654, 0.0011749, , , , , , , 10.8233654, -0.0253452, , , , , , , 10.8233654, -0.0146029, , , , , , , 10.8233654, 0.0216526, , , , , , , , , , , , , , , , , , , , , , , , , , , , 
10.8238846, -0.0028534, , , , , , , 10.8238846, -0.0162814, , , , , , , 10.8238846, -0.012253, , , , , , , 10.8238846, 0.0307164, , , , , , , , , , , , , , , , , , , , , , , , , , , , 
10.8244038, -0.008896, , , , , , , 10.8244038, -0.0115816, , , , , , , 10.8244038, -0.008896, , , , , , , 10.8244038, 0.0424659, , , , , , , , , , , , , , , , , , , , , , , , , , , , 
10.8249231, -0.018967, , , , , , , 10.8249231, -0.0135958, , , , , , , 10.8249231, -0.0058747, , , , , , , 10.8249231, 0.0580758, , , , , , , , , , , , , , , , , , , , , , , , , , , , 
10.8254423, -0.0250095, , , , , , , 10.8254423, -0.0179599, , , , , , , 10.8254423, -0.002182, , , , , , , 10.8254423, 0.0710002, , , , , , , , , , , , , , , , , , , , , , , , , , , , 
10.8259615, -0.0243381, , , , , , , 10.8259615, -0.0186313, , , , , , , 10.8259615, 0.0016785, , , , , , , 10.8259615, 0.079057, , , , , , , , , , , , , , , , , , , , , , , , , , , , 
10.8264808, -0.0246738, , , , , , , 10.8264808, -0.0152743, , , , , , , 10.8264808, 0.0072175, , , , , , , 10.8264808, 0.0842603, , , , , , , , , , , , , , , , , , , , , , , , , , , , 
10.827, -0.0258488, , , , , , , 10.827, -0.012253, , , , , , , 10.827, 0.0135958, , , , , , , 10.827, 0.0884565, , , , , , , , , , , , , , , , , , , , , , , , , , , , 
10.8275192, -0.0256809, , , , , , , 10.8275192, -0.0090639, , , , , , , 10.8275192, 0.0166171, , , , , , , 10.8275192, 0.0861067, , , , , , , , , , , , , , , , , , , , , , , , , , , , 
10.8280385, -0.0196384, , , , , , , 10.8280385, -0.0046998, , , , , , , 10.8280385, 0.0172885, , , , , , , 10.8280385, 0.0743572, , , , , , , , , , , , , , , , , , , , , , , , , , , , 
10.8285577, -0.011078, , , , , , , 10.8285577, -0.0008392, , , , , , , 10.8285577, 0.01561, , , , , , , 10.8285577, 0.0582437, , , , , , , , , , , , , , , , , , , , , , , , , , , , 
10.8290769, -0.0041962, , , , , , , 10.8290769, 0.0005035, , , , , , , 10.8290769, 0.0125887, , , , , , , 10.8290769, 0.0485084, , , , , , , , , , , , , , , , , , , , , , , , , , , , 
10.8295962, -0.0025177, , , , , , , 10.8295962, -0.0008392, , , , , , , 10.8295962, 0.008896, , , , , , , 10.8295962, 0.0441444, , , , , , , , , , , , , , , , , , , , , , , , , , , , 
10.8301154, -0.002182, , , , , , , 10.8301154, -0.0028534, , , , , , , 10.8301154, 0.0052033, , , , , , , 10.8301154, 0.0387732, , , , , , , , , , , , , , , , , , , , , , , , , , , , 
10.8306346, -0.0015106, , , , , , , 10.8306346, -0.0035248, , , , , , , 10.8306346, 0.0011749, , , , , , , 10.8306346, 0.030045, , , , , , , , , , , , , , , , , , , , , , , , , , , , 
10.8311538, -0.0003357, , , , , , , 10.8311538, -0.0041962, , , , , , , 10.8311538, 0.0005035, , , , , , , 10.8311538, 0.0224918, , , , , , , , , , , , , , , , , , , , , , , , , , , , 
10.8316731, 0.0048676, , , , , , , 10.8316731, -0.0045319, , , , , , , 10.8316731, -0.0001678, , , , , , , 10.8316731, 0.01561, , , , , , , , , , , , , , , , , , , , , , , , , , , , 
10.8321923, 0.0139315, , , , , , , 10.8321923, -0.0058747, , , , , , , 10.8321923, -0.0015106, , , , , , , 10.8321923, 0.0102388, , , , , , , , , , , , , , , , , , , , , , , , , , , , 
10.8327115, 0.0196384, , , , , , , 10.8327115, -0.0063783, , , , , , , 10.8327115, -0.0038605, , , , , , , 10.8327115, 0.0058747, , , , , , , , , , , , , , , , , , , , , , , , , , , , 
10.8332308, 0.023331, , , , , , , 10.8332308, -0.0072175, , , , , , , 10.8332308, -0.0068818, , , , , , , 10.8332308, 0.0023499, , , , , , , , , , , , , , , , , , , , , , , , , , , , 
10.83375, 0.0287022, , , , , , , 10.83375, -0.0075532, , , , , , , 10.83375, -0.008896, , , , , , , 10.83375, 0.0001678, , , , , , , , , , , , , , , , , , , , , , , , , , , , 
10.8342692, 0.0327306, , , , , , , 10.8342692, -0.0062104, , , , , , , 10.8342692, -0.0095674, , , , , , , 10.8342692, -0.0028534, , , , , , , , , , , , , , , , , , , , , , , , , , , , 
10.8347885, 0.0317235, , , , , , , 10.8347885, -0.0041962, , , , , , , 10.8347885, -0.0104067, , , , , , , 10.8347885, -0.0062104, , , , , , , , , , , , , , , , , , , , , , , , , , , , 
10.8353077, 0.0231632, , , , , , , 10.8353077, -0.0036927, , , , , , , 10.8353077, -0.0149386, , , , , , , 10.8353077, -0.0082246, , , , , , , , , , , , , , , , , , , , , , , , , , , , 
10.8358269, 0.0159457, , , , , , , 10.8358269, -0.0038605, , , , , , , 10.8358269, -0.0196384, , , , , , , 10.8358269, -0.0109102, , , , , , , , , , , , , , , , , , , , , , , , , , , , 
10.8363462, 0.0132601, , , , , , , 10.8363462, 0.0008392, , , , , , , 10.8363462, -0.0229953, , , , , , , 10.8363462, -0.0102388, , , , , , , , , , , , , , , , , , , , , , , , , , , , 
10.8368654, 0.0125887, , , , , , , 10.8368654, 0.0078889, , , , , , , 10.8368654, -0.0260166, , , , , , , 10.8368654, -0.0087282, , , , , , , , , , , , , , , , , , , , , , , , , , , , 
10.8373846, 0.0125887, , , , , , , 10.8373846, 0.0127565, , , , , , , 10.8373846, -0.0283665, , , , , , , 10.8373846, -0.0109102, , , , , , , , , , , , , , , , , , , , , , , , , , , , 
10.8379038, 0.0167849, , , , , , , 10.8379038, 0.012253, , , , , , , 10.8379038, -0.0273594, , , , , , , 10.8379038, -0.0219883, , , , , , , , , , , , , , , , , , , , , , , , , , , , 
10.8384231, 0.0246738, , , , , , , 10.8384231, 0.008896, , , , , , , 10.8384231, -0.0250095, , , , , , , 10.8384231, -0.0320592, , , , , , , , , , , , , , , , , , , , , , , , , , , , 
10.8389423, 0.0332341, , , , , , , 10.8389423, 0.0038605, , , , , , , 10.8389423, -0.0236667, , , , , , , 10.8389423, -0.0350805, , , , , , , , , , , , , , , , , , , , , , , , , , , , 
10.8394615, 0.0411231, , , , , , , 10.8394615, 0.0003357, , , , , , , 10.8394615, -0.0226596, , , , , , , 10.8394615, -0.0360876, , , , , , , , , , , , , , , , , , , , , , , , , , , , 
10.8399808, 0.0438087, , , , , , , 10.8399808, 0.0025177, , , , , , , 10.8399808, -0.0231632, , , , , , , 10.8399808, -0.0370947, , , , , , , , , , , , , , , , , , , , , , , , , , , , 
10.8405, 0.0394446, , , , , , , 10.8405, 0.0072175, , , , , , , 10.8405, -0.0223239, , , , , , , 10.8405, -0.0347448, , , , , , , , , , , , , , , , , , , , , , , , , , , , 
10.8410192, 0.0307164, , , , , , , 10.8410192, 0.0052033, , , , , , , 10.8410192, -0.0229953, , , , , , , 10.8410192, -0.0280308, , , , , , , , , , , , , , , , , , , , , , , , , , , , 
10.8415385, 0.023331, , , , , , , 10.8415385, -0.0062104, , , , , , , 10.8415385, -0.0226596, , , , , , , 10.8415385, -0.0181277, , , , , , , , , , , , , , , , , , , , , , , , , , , , 
10.8420577, 0.0179599, , , , , , , 10.8420577, -0.018967, , , , , , , 10.8420577, -0.0176242, , , , , , , 10.8420577, -0.0072175, , , , , , , , , , , , , , , , , , , , , , , , , , , , 
10.8425769, 0.0132601, , , , , , , 10.8425769, -0.0263523, , , , , , , 10.8425769, -0.0115816, , , , , , , 10.8425769, 0.0011749, , , , , , , , , , , , , , , , , , , , , , , , , , , , 
10.8430962, 0.0105745, , , , , , , 10.8430962, -0.0263523, , , , , , , 10.8430962, -0.0095674, , , , , , , 10.8430962, 0.0085603, , , , , , , , , , , , , , , , , , , , , , , , , , , , 
10.8436154, 0.0092317, , , , , , , 10.8436154, -0.0216526, , , , , , , 10.8436154, -0.0095674, , , , , , , 10.8436154, 0.0152743, , , , , , , , , , , , , , , , , , , , , , , , , , , , 
10.8441346, 0.0077211, , , , , , , 10.8441346, -0.0162814, , , , , , , 10.8441346, -0.0068818, , , , , , , 10.8441346, 0.0256809, , , , , , , , , , , , , , , , , , , , , , , , , , , , 
10.8446538, 0.0011749, , , , , , , 10.8446538, -0.0164492, , , , , , , 10.8446538, -0.0008392, , , , , , , 10.8446538, 0.0379339, , , , , , , , , , , , , , , , , , , , , , , , , , , , 
10.8451731, -0.0031891, , , , , , , 10.8451731, -0.0176242, , , , , , , 10.8451731, 0.0023499, , , , , , , 10.8451731, 0.0508583, , , , , , , , , , , , , , , , , , , , , , , , , , , , 
10.8456923, -0.0031891, , , , , , , 10.8456923, -0.01561, , , , , , , 10.8456923, 0.0031891, , , , , , , 10.8456923, 0.0632792, , , , , , , , , , , , , , , , , , , , , , , , , , , , 
10.8462115, -0.0031891, , , , , , , 10.8462115, -0.0119173, , , , , , , 10.8462115, 0.0038605, , , , , , , 10.8462115, 0.0676432, , , , , , , , , , , , , , , , , , , , , , , , , , , , 
10.8467308, -0.0075532, , , , , , , 10.8467308, -0.0115816, , , , , , , 10.8467308, 0.0052033, , , , , , , 10.8467308, 0.0642863, , , , , , , , , , , , , , , , , , , , , , , , , , , , 
10.84725, -0.0139315, , , , , , , 10.84725, -0.0115816, , , , , , , 10.84725, 0.0068818, , , , , , , 10.84725, 0.0616007, , , , , , , , , , , , , , , , , , , , , , , , , , , , 
10.8477692, -0.0181277, , , , , , , 10.8477692, -0.0072175, , , , , , , 10.8477692, 0.0065461, , , , , , , 10.8477692, 0.0605936, , , , , , , , , , , , , , , , , , , , , , , , , , , , 
10.8482885, -0.0149386, , , , , , , 10.8482885, -0.002182, , , , , , , 10.8482885, 0.0015106, , , , , , , 10.8482885, 0.0542153, , , , , , , , , , , , , , , , , , , , , , , , , , , , 
10.8488077, -0.0095674, , , , , , , 10.8488077, -0.0028534, , , , , , , 10.8488077, -0.0031891, , , , , , , 10.8488077, 0.0439765, , , , , , , , , , , , , , , , , , , , , , , , , , , , 
10.8493269, -0.002182, , , , , , , 10.8493269, -0.0095674, , , , , , , 10.8493269, -0.0038605, , , , , , , 10.8493269, 0.0354162, , , , , , , , , , , , , , , , , , , , , , , , , , , , 
10.8498462, 0.0038605, , , , , , , 10.8498462, -0.0152743, , , , , , , 10.8498462, -0.0031891, , , , , , , 10.8498462, 0.0320592, , , , , , , , , , , , , , , , , , , , , , , , , , , , 
10.8503654, 0.0117494, , , , , , , 10.8503654, -0.01561, , , , , , , 10.8503654, -0.0038605, , , , , , , 10.8503654, 0.0303807, , , , , , , , , , , , , , , , , , , , , , , , , , , , 
10.8508846, 0.0132601, , , , , , , 10.8508846, -0.0125887, , , , , , , 10.8508846, -0.0062104, , , , , , , 10.8508846, 0.0253452, , , , , , , , , , , , , , , , , , , , , , , , , , , , 
10.8514038, 0.0072175, , , , , , , 10.8514038, -0.012253, , , , , , , 10.8514038, -0.0078889, , , , , , , 10.8514038, 0.0191348, , , , , , , , , , , , , , , , , , , , , , , , , , , , 
10.8519231, 0.0062104, , , , , , , 10.8519231, -0.0139315, , , , , , , 10.8519231, -0.0085603, , , , , , , 10.8519231, 0.0157778, , , , , , , , , , , , , , , , , , , , , , , , , , , , 
10.8524423, 0.0105745, , , , , , , 10.8524423, -0.0146029, , , , , , , 10.8524423, -0.0097353, , , , , , , 10.8524423, 0.0125887, , , , , , , , , , , , , , , , , , , , , , , , , , , , 
10.8529615, 0.0182956, , , , , , , 10.8529615, -0.0125887, , , , , , , 10.8529615, -0.0109102, , , , , , , 10.8529615, 0.0065461, , , , , , , , , , , , , , , , , , , , , , , , , , , , 
10.8534808, 0.0280308, , , , , , , 10.8534808, -0.0082246, , , , , , , 10.8534808, -0.0124208, , , , , , , 10.8534808, 0.0030213, , , , , , , , , , , , , , , , , , , , , , , , , , , , 
10.854, 0.0414588, , , , , , , 10.854, -0.0031891, , , , , , , 10.854, -0.0129244, , , , , , , 10.854, 0.0015106, , , , , , , , , , , , , , , , , , , , , , , , , , , , 
10.8545192, 0.0501869, , , , , , , 10.8545192, 0.0005035, , , , , , , 10.8545192, -0.012253, , , , , , , 10.8545192, -0.0008392, , , , , , , , , , , , , , , , , , , , , , , , , , , , 
10.8550385, 0.0532082, , , , , , , 10.8550385, 0.0016785, , , , , , , 10.8550385, -0.0109102, , , , , , , 10.8550385, -0.0015106, , , , , , , , , , , , , , , , , , , , , , , , , , , , 
10.8555577, 0.0505226, , , , , , , 10.8555577, -0.0010071, , , , , , , 10.8555577, -0.0099031, , , , , , , 10.8555577, -0.0031891, , , , , , , , , , , , , , , , , , , , , , , , , , , , 
10.8560769, 0.0404517, , , , , , , 10.8560769, -0.0011749, , , , , , , 10.8560769, -0.0095674, , , , , , , 10.8560769, -0.0025177, , , , , , , , , , , , , , , , , , , , , , , , , , , , 
10.8565962, 0.0229953, , , , , , , 10.8565962, 0.0018463, , , , , , , 10.8565962, -0.0082246, , , , , , , 10.8565962, -0.0005035, , , , , , , , , , , , , , , , , , , , , , , , , , , , 
10.8571154, 0.008896, , , , , , , 10.8571154, 0.0038605, , , , , , , 10.8571154, -0.0036927, , , , , , , 10.8571154, -0.002182, , , , , , , , , , , , , , , , , , , , , , , , , , , , 
10.8576346, 0.0045319, , , , , , , 10.8576346, 0.0030213, , , , , , , 10.8576346, 0.0011749, , , , , , , 10.8576346, -0.0109102, , , , , , , , , , , , , , , , , , , , , , , , , , , , 
10.8581538, 0.0065461, , , , , , , 10.8581538, 0.0015106, , , , , , , 10.8581538, 0.0048676, , , , , , , 10.8581538, -0.0229953, , , , , , , , , , , , , , , , , , , , , , , , , , , , 
10.8586731, 0.0092317, , , , , , , 10.8586731, -0.0005035, , , , , , , 10.8586731, 0.0048676, , , , , , , 10.8586731, -0.0318914, , , , , , , , , , , , , , , , , , , , , , , , , , , , 
10.8591923, 0.0095674, , , , , , , 10.8591923, -0.0031891, , , , , , , 10.8591923, 0.0028534, , , , , , , 10.8591923, -0.0370947, , , , , , , , , , , , , , , , , , , , , , , , , , , , 
10.8597115, 0.0102388, , , , , , , 10.8597115, -0.0038605, , , , , , , 10.8597115, 0.0030213, , , , , , , 10.8597115, -0.0381018, , , , , , , , , , , , , , , , , , , , , , , , , , , , 
10.8602308, 0.012253, , , , , , , 10.8602308, -0.002182, , , , , , , 10.8602308, 0.0008392, , , , , , , 10.8602308, -0.0350805, , , , , , , , , , , , , , , , , , , , , , , , , , , , 
10.86075, 0.0159457, , , , , , , 10.86075, -0.0058747, , , , , , , 10.86075, -0.0048676, , , , , , , 10.86075, -0.0310521, , , , , , , , , , , , , , , , , , , , , , , , , , , , 
10.8612692, 0.0172885, , , , , , , 10.8612692, -0.0142672, , , , , , , 10.8612692, -0.0075532, , , , , , , 10.8612692, -0.0256809, , , , , , , , , , , , , , , , , , , , , , , , , , , , 
10.8617885, 0.0105745, , , , , , , 10.8617885, -0.0250095, , , , , , , 10.8617885, -0.0068818, , , , , , , 10.8617885, -0.01561, , , , , , , , , , , , , , , , , , , , , , , , , , , , 
10.8623077, -0.0035248, , , , , , , 10.8623077, -0.0320592, , , , , , , 10.8623077, -0.0028534, , , , , , , 10.8623077, -0.0025177, , , , , , , , , , , , , , , , , , , , , , , , , , , , 
10.8628269, -0.0099031, , , , , , , 10.8628269, -0.0297093, , , , , , , 10.8628269, 0.0030213, , , , , , , 10.8628269, 0.0078889, , , , , , , , , , , , , , , , , , , , , , , , , , , , 
10.8633462, -0.0068818, , , , , , , 10.8633462, -0.0219883, , , , , , , 10.8633462, 0.0048676, , , , , , , 10.8633462, 0.0151064, , , , , , , , , , , , , , , , , , , , , , , , , , , , 
10.8638654, -0.0057069, , , , , , , 10.8638654, -0.01561, , , , , , , 10.8638654, 0.0018463, , , , , , , 10.8638654, 0.0258488, , , , , , , , , , , , , , , , , , , , , , , , , , , , 
10.8643846, -0.0052033, , , , , , , 10.8643846, -0.0119173, , , , , , , 10.8643846, -0.0035248, , , , , , , 10.8643846, 0.0396124, , , , , , , , , , , , , , , , , , , , , , , , , , , , 
10.8649038, -0.0001678, , , , , , , 10.8649038, -0.0092317, , , , , , , 10.8649038, -0.0082246, , , , , , , 10.8649038, 0.0522011, , , , , , , , , , , , , , , , , , , , , , , , , , , , 
10.8654231, 0.0035248, , , , , , , 10.8654231, -0.0041962, , , , , , , 10.8654231, -0.0117494, , , , , , , 10.8654231, 0.0614328, , , , , , , , , , , , , , , , , , , , , , , , , , , , 
10.8659423, 0.0031891, , , , , , , 10.8659423, -0.0031891, , , , , , , 10.8659423, -0.012253, , , , , , , 10.8659423, 0.0669718, , , , , , , , , , , , , , , , , , , , , , , , , , , , 
10.8664615, 0.0011749, , , , , , , 10.8664615, -0.0095674, , , , , , , 10.8664615, -0.0102388, , , , , , , 10.8664615, 0.0708324, , , , , , , , , , , , , , , , , , , , , , , , , , , , 
10.8669808, 0.0036927, , , , , , , 10.8669808, -0.0162814, , , , , , , 10.8669808, -0.0068818, , , , , , , 10.8669808, 0.0736858, , , , , , , , , , , , , , , , , , , , , , , , , , , , 
10.8675, 0.0072175, , , , , , , 10.8675, -0.017792, , , , , , , 10.8675, -0.0041962, , , , , , , 10.8675, 0.0716716, , , , , , , , , , , , , , , , , , , , , , , , , , , , 
10.8680192, 0.0092317, , , , , , , 10.8680192, -0.0125887, , , , , , , 10.8680192, -0.0035248, , , , , , , 10.8680192, 0.0595865, , , , , , , , , , , , , , , , , , , , , , , , , , , , 
10.8685385, 0.0109102, , , , , , , 10.8685385, -0.0041962, , , , , , , 10.8685385, -0.0015106, , , , , , , 10.8685385, 0.0451514, , , , , , , , , , , , , , , , , , , , , , , , , , , , 
10.8690577, 0.0152743, , , , , , , 10.8690577, 0.0001678, , , , , , , 10.8690577, 0.0015106, , , , , , , 10.8690577, 0.0320592, , , , , , , , , , , , , , , , , , , , , , , , , , , , 
10.8695769, 0.0250095, , , , , , , 10.8695769, -0.0018463, , , , , , , 10.8695769, 0.0048676, , , , , , , 10.8695769, 0.0240024, , , , , , , , , , , , , , , , , , , , , , , , , , , , 
10.8700962, 0.03122, , , , , , , 10.8700962, -0.0058747, , , , , , , 10.8700962, 0.002182, , , , , , , 10.8700962, 0.0199741, , , , , , , , , , , , , , , , , , , , , , , , , , , , 
10.8706154, 0.0297093, , , , , , , 10.8706154, -0.0095674, , , , , , , 10.8706154, -0.0035248, , , , , , , 10.8706154, 0.0166171, , , , , , , , , , , , , , , , , , , , , , , , , , , , 
10.8711346, 0.0250095, , , , , , , 10.8711346, -0.012253, , , , , , , 10.8711346, -0.0068818, , , , , , , 10.8711346, 0.011078, , , , , , , , , , , , , , , , , , , , , , , , , , , , 
10.8716538, 0.0206455, , , , , , , 10.8716538, -0.0129244, , , , , , , 10.8716538, -0.0102388, , , , , , , 10.8716538, 0.0063783, , , , , , , , , , , , , , , , , , , , , , , , , , , , 
10.8721731, 0.0179599, , , , , , , 10.8721731, -0.0095674, , , , , , , 10.8721731, -0.0132601, , , , , , , 10.8721731, 0.0052033, , , , , , , , , , , , , , , , , , , , , , , , , , , , 
10.8726923, 0.0142672, , , , , , , 10.8726923, -0.0035248, , , , , , , 10.8726923, -0.01561, , , , , , , 10.8726923, 0.0045319, , , , , , , , , , , , , , , , , , , , , , , , , , , , 
10.8732115, 0.01561, , , , , , , 10.8732115, -0.0011749, , , , , , , 10.8732115, -0.0179599, , , , , , , 10.8732115, 0.0011749, , , , , , , , , , , , , , , , , , , , , , , , , , , , 
10.8737308, 0.0253452, , , , , , , 10.8737308, -0.0028534, , , , , , , 10.8737308, -0.0176242, , , , , , , 10.8737308, -0.0028534, , , , , , , , , , , , , , , , , , , , , , , , , , , , 
10.87425, 0.0364233, , , , , , , 10.87425, -0.0041962, , , , , , , 10.87425, -0.0176242, , , , , , , 10.87425, -0.0050355, , , , , , , , , , , , , , , , , , , , , , , , , , , , 
10.8747692, 0.0448157, , , , , , , 10.8747692, -0.0028534, , , , , , , 10.8747692, -0.0184634, , , , , , , 10.8747692, -0.0038605, , , , , , , , , , , , , , , , , , , , , , , , , , , , 
10.8752885, 0.0525368, , , , , , , 10.8752885, -0.0008392, , , , , , , 10.8752885, -0.0204776, , , , , , , 10.8752885, -0.0011749, , , , , , , , , , , , , , , , , , , , , , , , , , , , 
10.8758077, 0.0548867, , , , , , , 10.8758077, -0.002182, , , , , , , 10.8758077, -0.0196384, , , , , , , 10.8758077, 0.0008392, , , , , , , , , , , , , , , , , , , , , , , , , , , , 
10.8763269, 0.0547189, , , , , , , 10.8763269, -0.005539, , , , , , , 10.8763269, -0.0172885, , , , , , , 10.8763269, 0.002182, , , , , , , , , , , , , , , , , , , , , , , , , , , , 
10.8768462, 0.0542153, , , , , , , 10.8768462, -0.0068818, , , , , , , 10.8768462, -0.0137636, , , , , , , 10.8768462, 0.0005035, , , , , , , , , , , , , , , , , , , , , , , , , , , , 
10.8773654, 0.0485084, , , , , , , 10.8773654, -0.0070497, , , , , , , 10.8773654, -0.0142672, , , , , , , 10.8773654, -0.0041962, , , , , , , , , , , , , , , , , , , , , , , , , , , , 
10.8778846, 0.0347448, , , , , , , 10.8778846, -0.0082246, , , , , , , 10.8778846, -0.0169528, , , , , , , 10.8778846, -0.0125887, , , , , , , , , , , , , , , , , , , , , , , , , , , , 
10.8784038, 0.0226596, , , , , , , 10.8784038, -0.0077211, , , , , , , 10.8784038, -0.0176242, , , , , , , 10.8784038, -0.0223239, , , , , , , , , , , , , , , , , , , , , , , , , , , , 
10.8789231, 0.0166171, , , , , , , 10.8789231, -0.0077211, , , , , , , 10.8789231, -0.0162814, , , , , , , 10.8789231, -0.0263523, , , , , , , , , , , , , , , , , , , , , , , , , , , , 
10.8794423, 0.0109102, , , , , , , 10.8794423, -0.0082246, , , , , , , 10.8794423, -0.0176242, , , , , , , 10.8794423, -0.0285344, , , , , , , , , , , , , , , , , , , , , , , , , , , , 
10.8799615, 0.0065461, , , , , , , 10.8799615, -0.008896, , , , , , , 10.8799615, -0.0182956, , , , , , , 10.8799615, -0.0303807, , , , , , , , , , , , , , , , , , , , , , , , , , , , 
10.8804808, 0.0119173, , , , , , , 10.8804808, -0.0085603, , , , , , , 10.8804808, -0.0193027, , , , , , , 10.8804808, -0.0280308, , , , , , , , , , , , , , , , , , , , , , , , , , , , 
10.881, 0.0226596, , , , , , , 10.881, -0.0082246, , , , , , , 10.881, -0.0209812, , , , , , , 10.881, -0.0243381, , , , , , , , , , , , , , , , , , , , , , , , , , , , 
10.8815192, 0.0276951, , , , , , , 10.8815192, -0.0048676, , , , , , , 10.8815192, -0.0203098, , , , , , , 10.8815192, -0.0179599, , , , , , , , , , , , , , , , , , , , , , , , , , , , 
10.8820385, 0.0231632, , , , , , , 10.8820385, -0.0011749, , , , , , , 10.8820385, -0.0166171, , , , , , , 10.8820385, -0.0073854, , , , , , , , , , , , , , , , , , , , , , , , , , , , 
10.8825577, 0.0176242, , , , , , , 10.8825577, -0.002182, , , , , , , 10.8825577, -0.0142672, , , , , , , 10.8825577, 0.0038605, , , , , , , , , , , , , , , , , , , , , , , , , , , , 
10.8830769, 0.0109102, , , , , , , 10.8830769, -0.0068818, , , , , , , 10.8830769, -0.018967, , , , , , , 10.8830769, 0.0119173, , , , , , , , , , , , , , , , , , , , , , , , , , , , 
10.8835962, -0.0015106, , , , , , , 10.8835962, -0.0095674, , , , , , , 10.8835962, -0.0229953, , , , , , , 10.8835962, 0.0193027, , , , , , , , , , , , , , , , , , , , , , , , , , , , 
10.8841154, -0.0102388, , , , , , , 10.8841154, -0.0068818, , , , , , , 10.8841154, -0.0256809, , , , , , , 10.8841154, 0.030045, , , , , , , , , , , , , , , , , , , , , , , , , , , , 
10.8846346, -0.0164492, , , , , , , 10.8846346, -0.002182, , , , , , , 10.8846346, -0.0370947, , , , , , , 10.8846346, 0.0406195, , , , , , , , , , , , , , , , , , , , , , , , , , , , 
10.8851538, -0.0265202, , , , , , , 10.8851538, -0.0003357, , , , , , , 10.8851538, -0.0505226, , , , , , , 10.8851538, 0.0505226, , , , , , , , , , , , , , , , , , , , , , , , , , , , 
10.8856731, -0.0313878, , , , , , , 10.8856731, -0.0025177, , , , , , , 10.8856731, -0.0528725, , , , , , , 10.8856731, 0.0569009, , , , , , , , , , , , , , , , , , , , , , , , , , , , 
10.8861923, -0.0292058, , , , , , , 10.8861923, -0.0068818, , , , , , , 10.8861923, -0.0451514, , , , , , , 10.8861923, 0.0629435, , , , , , , , , , , , , , , , , , , , , , , , , , , , 
10.8867115, -0.0263523, , , , , , , 10.8867115, -0.0090639, , , , , , , 10.8867115, -0.0317235, , , , , , , 10.8867115, 0.072343, , , , , , , , , , , , , , , , , , , , , , , , , , , , 
10.8872308, -0.0219883, , , , , , , 10.8872308, -0.0068818, , , , , , , 10.8872308, -0.0142672, , , , , , , 10.8872308, 0.0785534, , , , , , , , , , , , , , , , , , , , , , , , , , , , 
10.88775, -0.0182956, , , , , , , 10.88775, -0.005539, , , , , , , 10.88775, 0.0035248, , , , , , , 10.88775, 0.0716716, , , , , , , , , , , , , , , , , , , , , , , , , , , , 
10.8882692, -0.0162814, , , , , , , 10.8882692, -0.0068818, , , , , , , 10.8882692, 0.0167849, , , , , , , 10.8882692, 0.0589151, , , , , , , , , , , , , , , , , , , , , , , , , , , , 
10.8887885, -0.0058747, , , , , , , 10.8887885, -0.008896, , , , , , , 10.8887885, 0.023331, , , , , , , 10.8887885, 0.0485084, , , , , , , , , , , , , , , , , , , , , , , , , , , , 
10.8893077, 0.0072175, , , , , , , 10.8893077, -0.0068818, , , , , , , 10.8893077, 0.0260166, , , , , , , 10.8893077, 0.0404517, , , , , , , , , , , , , , , , , , , , , , , , , , , , 
10.8898269, 0.0135958, , , , , , , 10.8898269, 0.0025177, , , , , , , 10.8898269, 0.0246738, , , , , , , 10.8898269, 0.0344091, , , , , , , , , , , , , , , , , , , , , , , , , , , , 
10.8903462, 0.0129244, , , , , , , 10.8903462, 0.0077211, , , , , , , 10.8903462, 0.0219883, , , , , , , 10.8903462, 0.0285344, , , , , , , , , , , , , , , , , , , , , , , , , , , , 
10.8908654, 0.0104067, , , , , , , 10.8908654, 0.0026856, , , , , , , 10.8908654, 0.0193027, , , , , , , 10.8908654, 0.0240024, , , , , , , , , , , , , , , , , , , , , , , , , , , , 
10.8913846, 0.0072175, , , , , , , 10.8913846, -0.0057069, , , , , , , 10.8913846, 0.0172885, , , , , , , 10.8913846, 0.0226596, , , , , , , , , , , , , , , , , , , , , , , , , , , , 
10.8919038, 0.0050355, , , , , , , 10.8919038, -0.0129244, , , , , , , 10.8919038, 0.0176242, , , , , , , 10.8919038, 0.0191348, , , , , , , , , , , , , , , , , , , , , , , , , , , , 
10.8924231, 0.0063783, , , , , , , 10.8924231, -0.018967, , , , , , , 10.8924231, 0.0171206, , , , , , , 10.8924231, 0.0159457, , , , , , , , , , , , , , , , , , , , , , , , , , , , 
10.8929423, 0.0117494, , , , , , , 10.8929423, -0.0181277, , , , , , , 10.8929423, 0.01561, , , , , , , 10.8929423, 0.0146029, , , , , , , , , , , , , , , , , , , , , , , , , , , , 
10.8934615, 0.0186313, , , , , , , 10.8934615, -0.0097353, , , , , , , 10.8934615, 0.0172885, , , , , , , 10.8934615, 0.0125887, , , , , , , , , , , , , , , , , , , , , , , , , , , , 
10.8939808, 0.0186313, , , , , , , 10.8939808, -0.0041962, , , , , , , 10.8939808, 0.0198062, , , , , , , 10.8939808, 0.0099031, , , , , , , , , , , , , , , , , , , , , , , , , , , , 
10.8945, 0.0159457, , , , , , , 10.8945, -0.0057069, , , , , , , 10.8945, 0.0198062, , , , , , , 10.8945, 0.0085603, , , , , , , , , , , , , , , , , , , , , , , , , , , , 
10.8950192, 0.0146029, , , , , , , 10.8950192, -0.0078889, , , , , , , 10.8950192, 0.0176242, , , , , , , 10.8950192, 0.0099031, , , , , , , , , , , , , , , , , , , , , , , , , , , , 
10.8955385, 0.0105745, , , , , , , 10.8955385, -0.008896, , , , , , , 10.8955385, 0.0181277, , , , , , , 10.8955385, 0.0112459, , , , , , , , , , , , , , , , , , , , , , , , , , , , 
10.8960577, 0.0048676, , , , , , , 10.8960577, -0.0124208, , , , , , , 10.8960577, 0.0186313, , , , , , , 10.8960577, 0.0092317, , , , , , , , , , , , , , , , , , , , , , , , , , , , 
10.8965769, 0.0065461, , , , , , , 10.8965769, -0.0186313, , , , , , , 10.8965769, 0.0139315, , , , , , , 10.8965769, 0.0058747, , , , , , , , , , , , , , , , , , , , , , , , , , , , 
10.8970962, 0.0130922, , , , , , , 10.8970962, -0.0219883, , , , , , , 10.8970962, 0.0065461, , , , , , , 10.8970962, 0.0018463, , , , , , , , , , , , , , , , , , , , , , , , , , , , 
10.8976154, 0.0159457, , , , , , , 10.8976154, -0.021149, , , , , , , 10.8976154, 0.0028534, , , , , , , 10.8976154, -0.0041962, , , , , , , , , , , , , , , , , , , , , , , , , , , , 
10.8981346, 0.017792, , , , , , , 10.8981346, -0.0182956, , , , , , , 10.8981346, -0.002182, , , , , , , 10.8981346, -0.0154421, , , , , , , , , , , , , , , , , , , , , , , , , , , , 
10.8986538, 0.021149, , , , , , , 10.8986538, -0.0142672, , , , , , , 10.8986538, -0.0099031, , , , , , , 10.8986538, -0.0260166, , , , , , , , , , , , , , , , , , , , , , , , , , , , 
10.8991731, 0.0229953, , , , , , , 10.8991731, -0.0109102, , , , , , , 10.8991731, -0.0179599, , , , , , , 10.8991731, -0.0323949, , , , , , , , , , , , , , , , , , , , , , , , , , , , 
10.8996923, 0.0260166, , , , , , , 10.8996923, -0.0075532, , , , , , , 10.8996923, -0.0216526, , , , , , , 10.8996923, -0.0362554, , , , , , , , , , , , , , , , , , , , , , , , , , , , 
10.9002115, 0.0297093, , , , , , , 10.9002115, -0.005539, , , , , , , 10.9002115, -0.0221561, , , , , , , 10.9002115, -0.040116, , , , , , , , , , , , , , , , , , , , , , , , , , , , 
10.9007308, 0.0323949, , , , , , , 10.9007308, -0.0028534, , , , , , , 10.9007308, -0.024506, , , , , , , 10.9007308, -0.0424659, , , , , , , , , , , , , , , , , , , , , , , , , , , , 
10.90125, 0.0384375, , , , , , , 10.90125, -0.0008392, , , , , , , 10.90125, -0.0270237, , , , , , , 10.90125, -0.0404517, , , , , , , , , , , , , , , , , , , , , , , , , , , , 
10.9017692, 0.0488441, , , , , , , 10.9017692, -0.0008392, , , , , , , 10.9017692, -0.0287022, , , , , , , 10.9017692, -0.0297093, , , , , , , , , , , , , , , , , , , , , , , , , , , , 
10.9022885, 0.0558938, , , , , , , 10.9022885, -0.0015106, , , , , , , 10.9022885, -0.0283665, , , , , , , 10.9022885, -0.0176242, , , , , , , , , , , , , , , , , , , , , , , , , , , , 
10.9028077, 0.0466621, , , , , , , 10.9028077, -0.0045319, , , , , , , 10.9028077, -0.0276951, , , , , , , 10.9028077, -0.0077211, , , , , , , , , , , , , , , , , , , , , , , , , , , , 
10.9033269, 0.0305486, , , , , , , 10.9033269, -0.0099031, , , , , , , 10.9033269, -0.0256809, , , , , , , 10.9033269, 0.0025177, , , , , , , , , , , , , , , , , , , , , , , , , , , , 
10.9038462, 0.0146029, , , , , , , 10.9038462, -0.0149386, , , , , , , 10.9038462, -0.0236667, , , , , , , 10.9038462, 0.0130922, , , , , , , , , , , , , , , , , , , , , , , , , , , , 
10.9043654, 0.0057069, , , , , , , 10.9043654, -0.0167849, , , , , , , 10.9043654, -0.0204776, , , , , , , 10.9043654, 0.0229953, , , , , , , , , , , , , , , , , , , , , , , , , , , , 
10.9048846, 0.0001678, , , , , , , 10.9048846, -0.0149386, , , , , , , 10.9048846, -0.0176242, , , , , , , 10.9048846, 0.0325628, , , , , , , , , , , , , , , , , , , , , , , , , , , , 
10.9054038, -0.0048676, , , , , , , 10.9054038, -0.0102388, , , , , , , 10.9054038, -0.0167849, , , , , , , 10.9054038, 0.0424659, , , , , , , , , , , , , , , , , , , , , , , , , , , , 
10.9059231, -0.0078889, , , , , , , 10.9059231, -0.0090639, , , , , , , 10.9059231, -0.0149386, , , , , , , 10.9059231, 0.0505226, , , , , , , , , , , , , , , , , , , , , , , , , , , , 
10.9064423, -0.0095674, , , , , , , 10.9064423, -0.0129244, , , , , , , 10.9064423, -0.0135958, , , , , , , 10.9064423, 0.0562295, , , , , , , , , , , , , , , , , , , , , , , , , , , , 
10.9069615, -0.0068818, , , , , , , 10.9069615, -0.0184634, , , , , , , 10.9069615, -0.0137636, , , , , , , 10.9069615, 0.0595865, , , , , , , , , , , , , , , , , , , , , , , , , , , , 
10.9074808, -0.0001678, , , , , , , 10.9074808, -0.0216526, , , , , , , 10.9074808, -0.0146029, , , , , , , 10.9074808, 0.0582437, , , , , , , , , , , , , , , , , , , , , , , , , , , , 
10.908, 0.0052033, , , , , , , 10.908, -0.0234989, , , , , , , 10.908, -0.0149386, , , , , , , 10.908, 0.0501869, , , , , , , , , , , , , , , , , , , , , , , , , , , , 
10.9085192, 0.0038605, , , , , , , 10.9085192, -0.0260166, , , , , , , 10.9085192, -0.01561, , , , , , , 10.9085192, 0.0407874, , , , , , , , , , , , , , , , , , , , , , , , , , , , 
10.9090385, 0.0040284, , , , , , , 10.9090385, -0.026688, , , , , , , 10.9090385, -0.0151064, , , , , , , 10.9090385, 0.0340734, , , , , , , , , , , , , , , , , , , , , , , , , , , , 
10.9095577, 0.0159457, , , , , , , 10.9095577, -0.0216526, , , , , , , 10.9095577, -0.0146029, , , , , , , 10.9095577, 0.027863, , , , , , , , , , , , , , , , , , , , , , , , , , , , 
10.9100769, 0.0310521, , , , , , , 10.9100769, -0.0125887, , , , , , , 10.9100769, -0.0142672, , , , , , , 10.9100769, 0.0219883, , , , , , , , , , , , , , , , , , , , , , , , , , , , 
10.9105962, 0.0414588, , , , , , , 10.9105962, -0.0052033, , , , , , , 10.9105962, -0.012253, , , , , , , 10.9105962, 0.0186313, , , , , , , , , , , , , , , , , , , , , , , , , , , , 
10.9111154, 0.043473, , , , , , , 10.9111154, -0.0008392, , , , , , , 10.9111154, -0.0102388, , , , , , , 10.9111154, 0.0161135, , , , , , , , , , , , , , , , , , , , , , , , , , , , 
10.9116346, 0.0382696, , , , , , , 10.9116346, -0.0001678, , , , , , , 10.9116346, -0.0095674, , , , , , , 10.9116346, 0.0130922, , , , , , , , , , , , , , , , , , , , , , , , , , , , 
10.9121538, 0.0320592, , , , , , , 10.9121538, 0.0008392, , , , , , , 10.9121538, -0.0078889, , , , , , , 10.9121538, 0.0099031, , , , , , , , , , , , , , , , , , , , , , , , , , , , 
10.9126731, 0.0283665, , , , , , , 10.9126731, 0.0052033, , , , , , , 10.9126731, -0.0072175, , , , , , , 10.9126731, 0.0052033, , , , , , , , , , , , , , , , , , , , , , , , , , , , 
10.9131923, 0.0283665, , , , , , , 10.9131923, 0.008896, , , , , , , 10.9131923, -0.0048676, , , , , , , 10.9131923, 0.0028534, , , , , , , , , , , , , , , , , , , , , , , , , , , , 
10.9137115, 0.0317235, , , , , , , 10.9137115, 0.0082246, , , , , , , 10.9137115, -0.0025177, , , , , , , 10.9137115, 0.0011749, , , , , , , , , , , , , , , , , , , , , , , , , , , , 
10.9142308, 0.0347448, , , , , , , 10.9142308, 0.0050355, , , , , , , 10.9142308, -0.0001678, , , , , , , 10.9142308, 0.0008392, , , , , , , , , , , , , , , , , , , , , , , , , , , , 
10.91475, 0.026688, , , , , , , 10.91475, -0.0005035, , , , , , , 10.91475, -0.0005035, , , , , , , 10.91475, 0.0023499, , , , , , , , , , , , , , , , , , , , , , , , , , , , 
10.9152692, 0.008896, , , , , , , 10.9152692, -0.0058747, , , , , , , 10.9152692, -0.0068818, , , , , , , 10.9152692, 0.0058747, , , , , , , , , , , , , , , , , , , , , , , , , , , , 
10.9157885, -0.0003357, , , , , , , 10.9157885, -0.0082246, , , , , , , 10.9157885, -0.0104067, , , , , , , 10.9157885, 0.0062104, , , , , , , , , , , , , , , , , , , , , , , , , , , , 
10.9163077, 0.0001678, , , , , , , 10.9163077, -0.0052033, , , , , , , 10.9163077, -0.0083925, , , , , , , 10.9163077, 0.0045319, , , , , , , , , , , , , , , , , , , , , , , , , , , , 
10.9168269, 0.0045319, , , , , , , 10.9168269, 0.0008392, , , , , , , 10.9168269, -0.0045319, , , , , , , 10.9168269, 0.0038605, , , , , , , , , , , , , , , , , , , , , , , , , , , , 
10.9173462, 0.0075532, , , , , , , 10.9173462, 0.0095674, , , , , , , 10.9173462, 0.0011749, , , , , , , 10.9173462, 0.0008392, , , , , , , , , , , , , , , , , , , , , , , , , , , , 
10.9178654, 0.0125887, , , , , , , 10.9178654, 0.01561, , , , , , , 10.9178654, 0.008896, , , , , , , 10.9178654, -0.008896, , , , , , , , , , , , , , , , , , , , , , , , , , , , 
10.9183846, 0.0179599, , , , , , , 10.9183846, 0.0135958, , , , , , , 10.9183846, 0.0135958, , , , , , , 10.9183846, -0.0226596, , , , , , , , , , , , , , , , , , , , , , , , , , , , 
10.9189038, 0.0179599, , , , , , , 10.9189038, 0.0038605, , , , , , , 10.9189038, 0.0152743, , , , , , , 10.9189038, -0.0310521, , , , , , , , , , , , , , , , , , , , , , , , , , , , 
10.9194231, 0.0169528, , , , , , , 10.9194231, -0.0058747, , , , , , , 10.9194231, 0.0146029, , , , , , , 10.9194231, -0.0317235, , , , , , , , , , , , , , , , , , , , , , , , , , , , 
10.9199423, 0.0176242, , , , , , , 10.9199423, -0.008896, , , , , , , 10.9199423, 0.0115816, , , , , , , 10.9199423, -0.0307164, , , , , , , , , , , , , , , , , , , , , , , , , , , , 
10.9204615, 0.0206455, , , , , , , 10.9204615, -0.0075532, , , , , , , 10.9204615, 0.005539, , , , , , , 10.9204615, -0.0276951, , , , , , , , , , , , , , , , , , , , , , , , , , , , 
10.9209808, 0.0307164, , , , , , , 10.9209808, -0.0035248, , , , , , , 10.9209808, -0.0068818, , , , , , , 10.9209808, -0.0216526, , , , , , , , , , , , , , , , , , , , , , , , , , , , 
10.9215, 0.0411231, , , , , , , 10.9215, 0.0052033, , , , , , , 10.9215, -0.0166171, , , , , , , 10.9215, -0.011078, , , , , , , , , , , , , , , , , , , , , , , , , , , , 
10.9220192, 0.0412909, , , , , , , 10.9220192, 0.0099031, , , , , , , 10.9220192, -0.0193027, , , , , , , 10.9220192, 0.0011749, , , , , , , , , , , , , , , , , , , , , , , , , , , , 
10.9225385, 0.033402, , , , , , , 10.9225385, 0.0045319, , , , , , , 10.9225385, -0.0162814, , , , , , , 10.9225385, 0.0125887, , , , , , , , , , , , , , , , , , , , , , , , , , , , 
10.9230577, 0.0253452, , , , , , , 10.9230577, -0.0028534, , , , , , , 10.9230577, -0.0129244, , , , , , , 10.9230577, 0.0203098, , , , , , , , , , , , , , , , , , , , , , , , , , , , 
10.9235769, 0.0142672, , , , , , , 10.9235769, -0.0092317, , , , , , , 10.9235769, -0.0109102, , , , , , , 10.9235769, 0.026688, , , , , , , , , , , , , , , , , , , , , , , , , , , , 
10.9240962, 0.0015106, , , , , , , 10.9240962, -0.0135958, , , , , , , 10.9240962, -0.0082246, , , , , , , 10.9240962, 0.0365911, , , , , , , , , , , , , , , , , , , , , , , , , , , , 
10.9246154, -0.0062104, , , , , , , 10.9246154, -0.0182956, , , , , , , 10.9246154, -0.0045319, , , , , , , 10.9246154, 0.0481727, , , , , , , , , , , , , , , , , , , , , , , , , , , , 
10.9251346, -0.012253, , , , , , , 10.9251346, -0.021149, , , , , , , 10.9251346, -0.0048676, , , , , , , 10.9251346, 0.0572366, , , , , , , , , , , , , , , , , , , , , , , , , , , , 
10.9256538, -0.0196384, , , , , , , 10.9256538, -0.0162814, , , , , , , 10.9256538, -0.005539, , , , , , , 10.9256538, 0.0610971, , , , , , , , , , , , , , , , , , , , , , , , , , , , 
10.9261731, -0.0229953, , , , , , , 10.9261731, -0.0038605, , , , , , , 10.9261731, -0.0058747, , , , , , , 10.9261731, 0.0647898, , , , , , , , , , , , , , , , , , , , , , , , , , , , 
10.9266923, -0.0216526, , , , , , , 10.9266923, 0.0048676, , , , , , , 10.9266923, -0.0058747, , , , , , , 10.9266923, 0.0683146, , , , , , , , , , , , , , , , , , , , , , , , , , , , 
10.9272115, -0.0184634, , , , , , , 10.9272115, 0.0018463, , , , , , , 10.9272115, -0.0082246, , , , , , , 10.9272115, 0.0703288, , , , , , , , , , , , , , , , , , , , , , , , , , , , 
10.9277308, -0.0149386, , , , , , , 10.9277308, -0.0018463, , , , , , , 10.9277308, -0.012253, , , , , , , 10.9277308, 0.064622, , , , , , , , , , , , , , , , , , , , , , , , , , , , 
10.92825, -0.0075532, , , , , , , 10.92825, 0.0011749, , , , , , , 10.92825, -0.0162814, , , , , , , 10.92825, 0.051194, , , , , , , , , , , , , , , , , , , , , , , , , , , , 
10.9287692, 0.002182, , , , , , , 10.9287692, 0.0092317, , , , , , , 10.9287692, -0.01561, , , , , , , 10.9287692, 0.0381018, , , , , , , , , , , , , , , , , , , , , , , , , , , , 
10.9292885, 0.0152743, , , , , , , 10.9292885, 0.0193027, , , , , , , 10.9292885, -0.0109102, , , , , , , 10.9292885, 0.0280308, , , , , , , , , , , , , , , , , , , , , , , , , , , , 
10.9298077, 0.0199741, , , , , , , 10.9298077, 0.0226596, , , , , , , 10.9298077, -0.0065461, , , , , , , 10.9298077, 0.0186313, , , , , , , , , , , , , , , , , , , , , , , , , , , , 
10.9303269, 0.0167849, , , , , , , 10.9303269, 0.0179599, , , , , , , 10.9303269, -0.0048676, , , , , , , 10.9303269, 0.0119173, , , , , , , , , , , , , , , , , , , , , , , , , , , , 
10.9308462, 0.0112459, , , , , , , 10.9308462, 0.0078889, , , , , , , 10.9308462, -0.0048676, , , , , , , 10.9308462, 0.0105745, , , , , , , , , , , , , , , , , , , , , , , , , , , , 
10.9313654, 0.0117494, , , , , , , 10.9313654, -0.0062104, , , , , , , 10.9313654, -0.0048676, , , , , , , 10.9313654, 0.0109102, , , , , , , , , , , , , , , , , , , , , , , , , , , , 
10.9318846, 0.0157778, , , , , , , 10.9318846, -0.0203098, , , , , , , 10.9318846, -0.0065461, , , , , , , 10.9318846, 0.0058747, , , , , , , , , , , , , , , , , , , , , , , , , , , , 
10.9324038, 0.017792, , , , , , , 10.9324038, -0.0285344, , , , , , , 10.9324038, -0.0097353, , , , , , , 10.9324038, -0.0016785, , , , , , , , , , , , , , , , , , , , , , , , , , , , 
10.9329231, 0.0149386, , , , , , , 10.9329231, -0.0337377, , , , , , , 10.9329231, -0.0099031, , , , , , , 10.9329231, -0.0041962, , , , , , , , , , , , , , , , , , , , , , , , , , , , 
10.9334423, 0.0149386, , , , , , , 10.9334423, -0.0394446, , , , , , , 10.9334423, -0.0068818, , , , , , , 10.9334423, -0.0011749, , , , , , , , , , , , , , , , , , , , , , , , , , , , 
10.9339615, 0.0146029, , , , , , , 10.9339615, -0.0476692, , , , , , , 10.9339615, -0.0065461, , , , , , , 10.9339615, 0.0028534, , , , , , , , , , , , , , , , , , , , , , , , , , , , 
10.9344808, 0.0132601, , , , , , , 10.9344808, -0.0552224, , , , , , , 10.9344808, -0.0068818, , , , , , , 10.9344808, 0.0048676, , , , , , , , , , , , , , , , , , , , , , , , , , , , 
10.935, 0.0169528, , , , , , , 10.935, -0.0605936, , , , , , , 10.935, -0.005539, , , , , , , 10.935, 0.0052033, , , , , , , , , , , , , , , , , , , , , , , , , , , , 
10.9355192, 0.0213169, , , , , , , 10.9355192, -0.0599222, , , , , , , 10.9355192, -0.0062104, , , , , , , 10.9355192, 0.0025177, , , , , , , , , , , , , , , , , , , , , , , , , , , , 
10.9360385, 0.0213169, , , , , , , 10.9360385, -0.0491798, , , , , , , 10.9360385, -0.0085603, , , , , , , 10.9360385, 0.0005035, , , , , , , , , , , , , , , , , , , , , , , , , , , , 
10.9365577, 0.0229953, , , , , , , 10.9365577, -0.0397803, , , , , , , 10.9365577, -0.008896, , , , , , , 10.9365577, 0.0005035, , , , , , , , , , , , , , , , , , , , , , , , , , , , 
10.9370769, 0.0258488, , , , , , , 10.9370769, -0.0364233, , , , , , , 10.9370769, -0.0099031, , , , , , , 10.9370769, 0.0018463, , , , , , , , , , , , , , , , , , , , , , , , , , , , 
10.9375962, 0.0240024, , , , , , , 10.9375962, -0.0344091, , , , , , , 10.9375962, -0.01561, , , , , , , 10.9375962, -0.002182, , , , , , , , , , , , , , , , , , , , , , , , , , , , 
10.9381154, 0.0219883, , , , , , , 10.9381154, -0.0360876, , , , , , , 10.9381154, -0.0229953, , , , , , , 10.9381154, -0.0135958, , , , , , , , , , , , , , , , , , , , , , , , , , , , 
10.9386346, 0.0253452, , , , , , , 10.9386346, -0.036759, , , , , , , 10.9386346, -0.0276951, , , , , , , 10.9386346, -0.0253452, , , , , , , , , , , , , , , , , , , , , , , , , , , , 
10.9391538, 0.027863, , , , , , , 10.9391538, -0.030045, , , , , , , 10.9391538, -0.0285344, , , , , , , 10.9391538, -0.0310521, , , , , , , , , , , , , , , , , , , , , , , , , , , , 
10.9396731, 0.0253452, , , , , , , 10.9396731, -0.0149386, , , , , , , 10.9396731, -0.0283665, , , , , , , 10.9396731, -0.0360876, , , , , , , , , , , , , , , , , , , , , , , , , , , , 
10.9401923, 0.0203098, , , , , , , 10.9401923, -0.0028534, , , , , , , 10.9401923, -0.0260166, , , , , , , 10.9401923, -0.0399481, , , , , , , , , , , , , , , , , , , , , , , , , , , , 
10.9407115, 0.0152743, , , , , , , 10.9407115, 0.0025177, , , , , , , 10.9407115, -0.0204776, , , , , , , 10.9407115, -0.0384375, , , , , , , , , , , , , , , , , , , , , , , , , , , , 
10.9412308, 0.012253, , , , , , , 10.9412308, 0.0038605, , , , , , , 10.9412308, -0.0137636, , , , , , , 10.9412308, -0.0313878, , , , , , , , , , , , , , , , , , , , , , , , , , , , 
10.94175, 0.0129244, , , , , , , 10.94175, 0.0011749, , , , , , , 10.94175, -0.0073854, , , , , , , 10.94175, -0.0182956, , , , , , , , , , , , , , , , , , , , , , , , , , , , 
10.9422692, 0.0199741, , , , , , , 10.9422692, 0.0005035, , , , , , , 10.9422692, -0.0025177, , , , , , , 10.9422692, -0.002182, , , , , , , , , , , , , , , , , , , , , , , , , , , , 
10.9427885, 0.0223239, , , , , , , 10.9427885, 0.005539, , , , , , , 10.9427885, 0.0011749, , , , , , , 10.9427885, 0.008896, , , , , , , , , , , , , , , , , , , , , , , , , , , , 
10.9433077, 0.0112459, , , , , , , 10.9433077, 0.0115816, , , , , , , 10.9433077, 0.0031891, , , , , , , 10.9433077, 0.0169528, , , , , , , , , , , , , , , , , , , , , , , , , , , , 
10.9438269, 0.0065461, , , , , , , 10.9438269, 0.0142672, , , , , , , 10.9438269, 0.0045319, , , , , , , 10.9438269, 0.0258488, , , , , , , , , , , , , , , , , , , , , , , , , , , , 
10.9443462, 0.008896, , , , , , , 10.9443462, 0.0147707, , , , , , , 10.9443462, 0.0075532, , , , , , , 10.9443462, 0.0360876, , , , , , , , , , , , , , , , , , , , , , , , , , , , 
10.9448654, 0.0105745, , , , , , , 10.9448654, 0.0162814, , , , , , , 10.9448654, 0.011078, , , , , , , 10.9448654, 0.0454871, , , , , , , , , , , , , , , , , , , , , , , , , , , , 
10.9453846, 0.0152743, , , , , , , 10.9453846, 0.0146029, , , , , , , 10.9453846, 0.0149386, , , , , , , 10.9453846, 0.0548867, , , , , , , , , , , , , , , , , , , , , , , , , , , , 
10.9459038, 0.0240024, , , , , , , 10.9459038, 0.0095674, , , , , , , 10.9459038, 0.0162814, , , , , , , 10.9459038, 0.0614328, , , , , , , , , , , , , , , , , , , , , , , , , , , , 
10.9464231, 0.0270237, , , , , , , 10.9464231, 0.0030213, , , , , , , 10.9464231, 0.0102388, , , , , , , 10.9464231, 0.0656291, , , , , , , , , , , , , , , , , , , , , , , , , , , , 
10.9469423, 0.0223239, , , , , , , 10.9469423, -0.002182, , , , , , , 10.9469423, 0.0028534, , , , , , , 10.9469423, 0.0706645, , , , , , , , , , , , , , , , , , , , , , , , , , , , 
10.9474615, 0.0115816, , , , , , , 10.9474615, -0.005539, , , , , , , 10.9474615, -0.002182, , , , , , , 10.9474615, 0.0708324, , , , , , , , , , , , , , , , , , , , , , , , , , , , 
10.9479808, 0.002182, , , , , , , 10.9479808, -0.008896, , , , , , , 10.9479808, -0.0041962, , , , , , , 10.9479808, 0.061265, , , , , , , , , , , , , , , , , , , , , , , , , , , , 
10.9485, -0.0031891, , , , , , , 10.9485, -0.008896, , , , , , , 10.9485, -0.0052033, , , , , , , 10.9485, 0.0505226, , , , , , , , , , , , , , , , , , , , , , , , , , , , 
10.9490192, -0.0057069, , , , , , , 10.9490192, -0.0048676, , , , , , , 10.9490192, -0.0070497, , , , , , , 10.9490192, 0.0397803, , , , , , , , , , , , , , , , , , , , , , , , , , , , 
10.9495385, -0.0077211, , , , , , , 10.9495385, -0.0031891, , , , , , , 10.9495385, -0.0085603, , , , , , , 10.9495385, 0.0323949, , , , , , , , , , , , , , , , , , , , , , , , , , , , 
10.9500577, -0.0072175, , , , , , , 10.9500577, -0.0041962, , , , , , , 10.9500577, -0.0097353, , , , , , , 10.9500577, 0.026688, , , , , , , , , , , , , , , , , , , , , , , , , , , , 
10.9505769, -0.0068818, , , , , , , 10.9505769, -0.0048676, , , , , , , 10.9505769, -0.0083925, , , , , , , 10.9505769, 0.023331, , , , , , , , , , , , , , , , , , , , , , , , , , , , 
10.9510962, -0.0073854, , , , , , , 10.9510962, -0.0035248, , , , , , , 10.9510962, -0.0062104, , , , , , , 10.9510962, 0.0199741, , , , , , , , , , , , , , , , , , , , , , , , , , , , 
10.9516154, -0.0052033, , , , , , , 10.9516154, -0.0035248, , , , , , , 10.9516154, -0.0058747, , , , , , , 10.9516154, 0.0164492, , , , , , , , , , , , , , , , , , , , , , , , , , , , 
10.9521346, -0.0031891, , , , , , , 10.9521346, -0.0048676, , , , , , , 10.9521346, -0.0068818, , , , , , , 10.9521346, 0.0157778, , , , , , , , , , , , , , , , , , , , , , , , , , , , 
10.9526538, -0.0001678, , , , , , , 10.9526538, -0.0057069, , , , , , , 10.9526538, -0.0052033, , , , , , , 10.9526538, 0.0140993, , , , , , , , , , , , , , , , , , , , , , , , , , , , 
10.9531731, 0.0031891, , , , , , , 10.9531731, -0.0065461, , , , , , , 10.9531731, -0.002182, , , , , , , 10.9531731, 0.0090639, , , , , , , , , , , , , , , , , , , , , , , , , , , , 
10.9536923, 0.0099031, , , , , , , 10.9536923, -0.0095674, , , , , , , 10.9536923, -0.0028534, , , , , , , 10.9536923, 0.0046998, , , , , , , , , , , , , , , , , , , , , , , , , , , , 
10.9542115, 0.0243381, , , , , , , 10.9542115, -0.0095674, , , , , , , 10.9542115, -0.0166171, , , , , , , 10.9542115, 0.0031891, , , , , , , , , , , , , , , , , , , , , , , , , , , , 
10.9547308, 0.036759, , , , , , , 10.9547308, -0.0001678, , , , , , , 10.9547308, -0.0379339, , , , , , , 10.9547308, 0.0018463, , , , , , , , , , , , , , , , , , , , , , , , , , , , 
10.95525, 0.040116, , , , , , , 10.95525, 0.0082246, , , , , , , 10.95525, -0.0448157, , , , , , , 10.95525, -0.0003357, , , , , , , , , , , , , , , , , , , , , , , , , , , , 
10.9557692, 0.0387732, , , , , , , 10.9557692, 0.0075532, , , , , , , 10.9557692, -0.0357519, , , , , , , 10.9557692, -0.0036927, , , , , , , , , , , , , , , , , , , , , , , , , , , , 
10.9562885, 0.0354162, , , , , , , 10.9562885, 0.0018463, , , , , , , 10.9562885, -0.0219883, , , , , , , 10.9562885, -0.0075532, , , , , , , , , , , , , , , , , , , , , , , , , , , , 
10.9568077, 0.0253452, , , , , , , 10.9568077, -0.0010071, , , , , , , 10.9568077, -0.0082246, , , , , , , 10.9568077, -0.0082246, , , , , , , , , , , , , , , , , , , , , , , , , , , , 
10.9573269, 0.0182956, , , , , , , 10.9573269, -0.0003357, , , , , , , 10.9573269, 0.0048676, , , , , , , 10.9573269, -0.0109102, , , , , , , , , , , , , , , , , , , , , , , , , , , , 
10.9578462, 0.0132601, , , , , , , 10.9578462, -0.0001678, , , , , , , 10.9578462, 0.0132601, , , , , , , 10.9578462, -0.0223239, , , , , , , , , , , , , , , , , , , , , , , , , , , , 
10.9583654, 0.008896, , , , , , , 10.9583654, -0.0018463, , , , , , , 10.9583654, 0.0176242, , , , , , , 10.9583654, -0.0352483, , , , , , , , , , , , , , , , , , , , , , , , , , , , 
10.9588846, 0.008896, , , , , , , 10.9588846, -0.0045319, , , , , , , 10.9588846, 0.0166171, , , , , , , 10.9588846, -0.0387732, , , , , , , , , , , , , , , , , , , , , , , , , , , , 
10.9594038, 0.0166171, , , , , , , 10.9594038, -0.0057069, , , , , , , 10.9594038, 0.0078889, , , , , , , 10.9594038, -0.0377661, , , , , , , , , , , , , , , , , , , , , , , , , , , , 
10.9599231, 0.0305486, , , , , , , 10.9599231, -0.0041962, , , , , , , 10.9599231, -0.002182, , , , , , , 10.9599231, -0.0370947, , , , , , , , , , , , , , , , , , , , , , , , , , , , 
10.9604423, 0.040116, , , , , , , 10.9604423, -0.0028534, , , , , , , 10.9604423, -0.0078889, , , , , , , 10.9604423, -0.0344091, , , , , , , , , , , , , , , , , , , , , , , , , , , , 
10.9609615, 0.0411231, , , , , , , 10.9609615, -0.0031891, , , , , , , 10.9609615, -0.0097353, , , , , , , 10.9609615, -0.0283665, , , , , , , , , , , , , , , , , , , , , , , , , , , , 
10.9614808, 0.043473, , , , , , , 10.9614808, -0.0058747, , , , , , , 10.9614808, -0.0142672, , , , , , , 10.9614808, -0.0182956, , , , , , , , , , , , , , , , , , , , , , , , , , , , 
10.962, 0.0441444, , , , , , , 10.962, -0.0078889, , , , , , , 10.962, -0.0176242, , , , , , , 10.962, -0.0065461, , , , , , , , , , , , , , , , , , , , , , , , , , , , 
10.9625192, 0.040116, , , , , , , 10.9625192, -0.0082246, , , , , , , 10.9625192, -0.0166171, , , , , , , 10.9625192, 0.0062104, , , , , , , , , , , , , , , , , , , , , , , , , , , , 
10.9630385, 0.0374304, , , , , , , 10.9630385, -0.0078889, , , , , , , 10.9630385, -0.0149386, , , , , , , 10.9630385, 0.0172885, , , , , , , , , , , , , , , , , , , , , , , , , , , , 
10.9635577, 0.0273594, , , , , , , 10.9635577, -0.0077211, , , , , , , 10.9635577, -0.023331, , , , , , , 10.9635577, 0.0276951, , , , , , , , , , , , , , , , , , , , , , , , , , , , 
10.9640769, 0.0130922, , , , , , , 10.9640769, -0.0083925, , , , , , , 10.9640769, -0.040116, , , , , , , 10.9640769, 0.0381018, , , , , , , , , , , , , , , , , , , , , , , , , , , , 
10.9645962, 0.0063783, , , , , , , 10.9645962, -0.0099031, , , , , , , 10.9645962, -0.0473335, , , , , , , 10.9645962, 0.0501869, , , , , , , , , , , , , , , , , , , , , , , , , , , , 
10.9651154, 0.0065461, , , , , , , 10.9651154, -0.0102388, , , , , , , 10.9651154, -0.0404517, , , , , , , 10.9651154, 0.0589151, , , , , , , , , , , , , , , , , , , , , , , , , , , , 
10.9656346, 0.0005035, , , , , , , 10.9656346, -0.0099031, , , , , , , 10.9656346, -0.0344091, , , , , , , 10.9656346, 0.064622, , , , , , , , , , , , , , , , , , , , , , , , , , , , 
10.9661538, -0.0125887, , , , , , , 10.9661538, -0.0102388, , , , , , , 10.9661538, -0.0411231, , , , , , , 10.9661538, 0.0669718, , , , , , , , , , , , , , , , , , , , , , , , , , , , 
10.9666731, -0.0229953, , , , , , , 10.9666731, -0.012253, , , , , , , 10.9666731, -0.0538796, , , , , , , 10.9666731, 0.0676432, , , , , , , , , , , , , , , , , , , , , , , , , , , , 
10.9671923, -0.0298772, , , , , , , 10.9671923, -0.0135958, , , , , , , 10.9671923, -0.0558938, , , , , , , 10.9671923, 0.0699931, , , , , , , , , , , , , , , , , , , , , , , , , , , , 
10.9677115, -0.0256809, , , , , , , 10.9677115, -0.0124208, , , , , , , 10.9677115, -0.0407874, , , , , , , 10.9677115, 0.0699931, , , , , , , , , , , , , , , , , , , , , , , , , , , , 
10.9682308, -0.014435, , , , , , , 10.9682308, -0.0085603, , , , , , , 10.9682308, -0.0171206, , , , , , , 10.9682308, 0.0602579, , , , , , , , , , , , , , , , , , , , , , , , , , , , 
10.96875, -0.0062104, , , , , , , 10.96875, -0.0058747, , , , , , , 10.96875, 0.0075532, , , , , , , 10.96875, 0.0473335, , , , , , , , , , , , , , , , , , , , , , , , , , , , 
10.9692692, 0.0016785, , , , , , , 10.9692692, -0.0072175, , , , , , , 10.9692692, 0.0283665, , , , , , , 10.9692692, 0.0387732, , , , , , , , , , , , , , , , , , , , , , , , , , , , 
10.9697885, 0.0109102, , , , , , , 10.9697885, -0.0102388, , , , , , , 10.9697885, 0.0448157, , , , , , , 10.9697885, 0.030045, , , , , , , , , , , , , , , , , , , , , , , , , , , , 
10.9703077, 0.0119173, , , , , , , 10.9703077, -0.0104067, , , , , , , 10.9703077, 0.054551, , , , , , , 10.9703077, 0.0193027, , , , , , , , , , , , , , , , , , , , , , , , , , , , 
10.9708269, 0.0125887, , , , , , , 10.9708269, -0.0075532, , , , , , , 10.9708269, 0.0522011, , , , , , , 10.9708269, 0.0125887, , , , , , , , , , , , , , , , , , , , , , , , , , , , 
10.9713462, 0.0179599, , , , , , , 10.9713462, -0.005539, , , , , , , 10.9713462, 0.04448, , , , , , , 10.9713462, 0.0119173, , , , , , , , , , , , , , , , , , , , , , , , , , , , 
10.9718654, 0.0206455, , , , , , , 10.9718654, -0.0041962, , , , , , , 10.9718654, 0.0370947, , , , , , , 10.9718654, 0.0117494, , , , , , , , , , , , , , , , , , , , , , , , , , , , 
10.9723846, 0.0182956, , , , , , , 10.9723846, -0.0041962, , , , , , , 10.9723846, 0.033402, , , , , , , 10.9723846, 0.0085603, , , , , , , , , , , , , , , , , , , , , , , , , , , , 
10.9729038, 0.0125887, , , , , , , 10.9729038, -0.0035248, , , , , , , 10.9729038, 0.0317235, , , , , , , 10.9729038, 0.0011749, , , , , , , , , , , , , , , , , , , , , , , , , , , , 
10.9734231, 0.0052033, , , , , , , 10.9734231, -0.0041962, , , , , , , 10.9734231, 0.0293736, , , , , , , 10.9734231, -0.0035248, , , , , , , , , , , , , , , , , , , , , , , , , , , , 
10.9739423, -0.0008392, , , , , , , 10.9739423, -0.0058747, , , , , , , 10.9739423, 0.0273594, , , , , , , 10.9739423, -0.0048676, , , , , , , , , , , , , , , , , , , , , , , , , , , , 
10.9744615, -0.002182, , , , , , , 10.9744615, -0.0062104, , , , , , , 10.9744615, 0.0250095, , , , , , , 10.9744615, -0.0065461, , , , , , , , , , , , , , , , , , , , , , , , , , , , 
10.9749808, -0.0041962, , , , , , , 10.9749808, -0.0041962, , , , , , , 10.9749808, 0.0216526, , , , , , , 10.9749808, -0.0062104, , , , , , , , , , , , , , , , , , , , , , , , , , , , 
10.9755, -0.0028534, , , , , , , 10.9755, -0.0035248, , , , , , , 10.9755, 0.0159457, , , , , , , 10.9755, -0.0041962, , , , , , , , , , , , , , , , , , , , , , , , , , , , 
10.9760192, 0.0025177, , , , , , , 10.9760192, -0.0072175, , , , , , , 10.9760192, 0.0109102, , , , , , , 10.9760192, -0.0041962, , , , , , , , , , , , , , , , , , , , , , , , , , , , 
10.9765385, 0.0045319, , , , , , , 10.9765385, -0.0117494, , , , , , , 10.9765385, 0.0065461, , , , , , , 10.9765385, -0.0048676, , , , , , , , , , , , , , , , , , , , , , , , , , , , 
10.9770577, 0.0036927, , , , , , , 10.9770577, -0.01561, , , , , , , 10.9770577, -0.0018463, , , , , , , 10.9770577, -0.0057069, , , , , , , , , , , , , , , , , , , , , , , , , , , , 
10.9775769, 0.0058747, , , , , , , 10.9775769, -0.017792, , , , , , , 10.9775769, -0.0109102, , , , , , , 10.9775769, -0.0095674, , , , , , , , , , , , , , , , , , , , , , , , , , , , 
10.9780962, 0.0159457, , , , , , , 10.9780962, -0.018967, , , , , , , 10.9780962, -0.0169528, , , , , , , 10.9780962, -0.0166171, , , , , , , , , , , , , , , , , , , , , , , , , , , , 
10.9786154, 0.0285344, , , , , , , 10.9786154, -0.0209812, , , , , , , 10.9786154, -0.0209812, , , , , , , 10.9786154, -0.0260166, , , , , , , , , , , , , , , , , , , , , , , , , , , , 
10.9791346, 0.0379339, , , , , , , 10.9791346, -0.0203098, , , , , , , 10.9791346, -0.0253452, , , , , , , 10.9791346, -0.0303807, , , , , , , , , , , , , , , , , , , , , , , , , , , , 
10.9796538, 0.0454871, , , , , , , 10.9796538, -0.0169528, , , , , , , 10.9796538, -0.0313878, , , , , , , 10.9796538, -0.0308843, , , , , , , , , , , , , , , , , , , , , , , , , , , , 
10.9801731, 0.0543832, , , , , , , 10.9801731, -0.0129244, , , , , , , 10.9801731, -0.0374304, , , , , , , 10.9801731, -0.0317235, , , , , , , , , , , , , , , , , , , , , , , , , , , , 
10.9806923, 0.0602579, , , , , , , 10.9806923, -0.0063783, , , , , , , 10.9806923, -0.0411231, , , , , , , 10.9806923, -0.0283665, , , , , , , , , , , , , , , , , , , , , , , , , , , , 
10.9812115, 0.0595865, , , , , , , 10.9812115, -0.0031891, , , , , , , 10.9812115, -0.0431373, , , , , , , 10.9812115, -0.0191348, , , , , , , , , , , , , , , , , , , , , , , , , , , , 
10.9817308, 0.0555581, , , , , , , 10.9817308, -0.002182, , , , , , , 10.9817308, -0.0448157, , , , , , , 10.9817308, -0.0087282, , , , , , , , , , , , , , , , , , , , , , , , , , , , 
10.98225, 0.0488441, , , , , , , 10.98225, -0.0001678, , , , , , , 10.98225, -0.0438087, , , , , , , 10.98225, 0.0001678, , , , , , , , , , , , , , , , , , , , , , , , , , , , 
10.9827692, 0.0459907, , , , , , , 10.9827692, 0.0015106, , , , , , , 10.9827692, -0.0407874, , , , , , , 10.9827692, 0.0099031, , , , , , , , , , , , , , , , , , , , , , , , , , , , 
10.9832885, 0.0414588, , , , , , , 10.9832885, -0.0028534, , , , , , , 10.9832885, -0.0384375, , , , , , , 10.9832885, 0.021149, , , , , , , , , , , , , , , , , , , , , , , , , , , , 
10.9838077, 0.0219883, , , , , , , 10.9838077, -0.0109102, , , , , , , 10.9838077, -0.0397803, , , , , , , 10.9838077, 0.0344091, , , , , , , , , , , , , , , , , , , , , , , , , , , , 
10.9843269, 0.0038605, , , , , , , 10.9843269, -0.0109102, , , , , , , 10.9843269, -0.0391089, , , , , , , 10.9843269, 0.0461585, , , , , , , , , , , , , , , , , , , , , , , , , , , , 
10.9848462, -0.0068818, , , , , , , 10.9848462, -0.0008392, , , , , , , 10.9848462, -0.0320592, , , , , , , 10.9848462, 0.0560616, , , , , , , , , , , , , , , , , , , , , , , , , , , , 
10.9853654, -0.0125887, , , , , , , 10.9853654, 0.0048676, , , , , , , 10.9853654, -0.0253452, , , , , , , 10.9853654, 0.0641184, , , , , , , , , , , , , , , , , , , , , , , , , , , , 
10.9858846, -0.0166171, , , , , , , 10.9858846, 0.0008392, , , , , , , 10.9858846, -0.0206455, , , , , , , 10.9858846, 0.0699931, , , , , , , , , , , , , , , , , , , , , , , , , , , , 
10.9864038, -0.0209812, , , , , , , 10.9864038, -0.0038605, , , , , , , 10.9864038, -0.0182956, , , , , , , 10.9864038, 0.0757, , , , , , , , , , , , , , , , , , , , , , , , , , , , 
10.9869231, -0.0265202, , , , , , , 10.9869231, -0.008896, , , , , , , 10.9869231, -0.0139315, , , , , , , 10.9869231, 0.0773785, , , , , , , , , , , , , , , , , , , , , , , , , , , , 
10.9874423, -0.0258488, , , , , , , 10.9874423, -0.0164492, , , , , , , 10.9874423, -0.0105745, , , , , , , 10.9874423, 0.0730144, , , , , , , , , , , , , , , , , , , , , , , , , , , , 
10.9879615, -0.0214847, , , , , , , 10.9879615, -0.0203098, , , , , , , 10.9879615, -0.011078, , , , , , , 10.9879615, 0.0629435, , , , , , , , , , , , , , , , , , , , , , , , , , , , 
10.9884808, -0.0119173, , , , , , , 10.9884808, -0.0176242, , , , , , , 10.9884808, -0.0130922, , , , , , , 10.9884808, 0.0522011, , , , , , , , , , , , , , , , , , , , , , , , , , , , 
10.989, -0.0008392, , , , , , , 10.989, -0.0146029, , , , , , , 10.989, -0.01561, , , , , , , 10.989, 0.0414588, , , , , , , , , , , , , , , , , , , , , , , , , , , , 
10.9895192, 0.0085603, , , , , , , 10.9895192, -0.0149386, , , , , , , 10.9895192, -0.0151064, , , , , , , 10.9895192, 0.0318914, , , , , , , , , , , , , , , , , , , , , , , , , , , , 
10.9900385, 0.0132601, , , , , , , 10.9900385, -0.0169528, , , , , , , 10.9900385, -0.0119173, , , , , , , 10.9900385, 0.0253452, , , , , , , , , , , , , , , , , , , , , , , , , , , , 
10.9905577, 0.0209812, , , , , , , 10.9905577, -0.01561, , , , , , , 10.9905577, -0.0099031, , , , , , , 10.9905577, 0.017792, , , , , , , , , , , , , , , , , , , , , , , , , , , , 
10.9910769, 0.0344091, , , , , , , 10.9910769, -0.0139315, , , , , , , 10.9910769, -0.0092317, , , , , , , 10.9910769, 0.0092317, , , , , , , , , , , , , , , , , , , , , , , , , , , , 
10.9915962, 0.0394446, , , , , , , 10.9915962, -0.0127565, , , , , , , 10.9915962, -0.0087282, , , , , , , 10.9915962, 0.0043641, , , , , , , , , , , , , , , , , , , , , , , , , , , , 
10.9921154, 0.0342412, , , , , , , 10.9921154, -0.0102388, , , , , , , 10.9921154, -0.0085603, , , , , , , 10.9921154, 0.0026856, , , , , , , , , , , , , , , , , , , , , , , , , , , , 
10.9926346, 0.0292058, , , , , , , 10.9926346, -0.0082246, , , , , , , 10.9926346, -0.0068818, , , , , , , 10.9926346, 0.0008392, , , , , , , , , , , , , , , , , , , , , , , , , , , , 
10.9931538, 0.0305486, , , , , , , 10.9931538, -0.011078, , , , , , , 10.9931538, -0.0058747, , , , , , , 10.9931538, -0.0028534, , , , , , , , , , , , , , , , , , , , , , , , , , , , 
10.9936731, 0.0337377, , , , , , , 10.9936731, -0.0149386, , , , , , , 10.9936731, -0.0063783, , , , , , , 10.9936731, -0.0062104, , , , , , , , , , , , , , , , , , , , , , , , , , , , 
10.9941923, 0.0320592, , , , , , , 10.9941923, -0.014435, , , , , , , 10.9941923, -0.005539, , , , , , , 10.9941923, -0.0073854, , , , , , , , , , , , , , , , , , , , , , , , , , , , 
10.9947115, 0.0288701, , , , , , , 10.9947115, -0.0129244, , , , , , , 10.9947115, -0.0095674, , , , , , , 10.9947115, -0.0078889, , , , , , , , , , , , , , , , , , , , , , , , , , , , 
10.9952308, 0.0273594, , , , , , , 10.9952308, -0.0135958, , , , , , , 10.9952308, -0.018967, , , , , , , 10.9952308, -0.0099031, , , , , , , , , , , , , , , , , , , , , , , , , , , , 
10.99575, 0.0224918, , , , , , , 10.99575, -0.0115816, , , , , , , 10.99575, -0.0246738, , , , , , , 10.99575, -0.0082246, , , , , , , , , , , , , , , , , , , , , , , , , , , , 
10.9962692, 0.0166171, , , , , , , 10.9962692, -0.008896, , , , , , , 10.9962692, -0.0209812, , , , , , , 10.9962692, -0.0035248, , , , , , , , , , , , , , , , , , , , , , , , , , , , 
10.9967885, 0.0132601, , , , , , , 10.9967885, -0.0072175, , , , , , , 10.9967885, -0.012253, , , , , , , 10.9967885, -0.0035248, , , , , , , , , , , , , , , , , , , , , , , , , , , , 
10.9973077, 0.0052033, , , , , , , 10.9973077, -0.0050355, , , , , , , 10.9973077, -0.003357, , , , , , , 10.9973077, -0.0075532, , , , , , , , , , , , , , , , , , , , , , , , , , , , 
10.9978269, -0.0031891, , , , , , , 10.9978269, -0.0028534, , , , , , , 10.9978269, 0.0062104, , , , , , , 10.9978269, -0.0169528, , , , , , , , , , , , , , , , , , , , , , , , , , , , 
10.9983462, -0.0058747, , , , , , , 10.9983462, -0.0028534, , , , , , , 10.9983462, 0.0171206, , , , , , , 10.9983462, -0.0270237, , , , , , , , , , , , , , , , , , , , , , , , , , , , 
10.9988654, -0.0028534, , , , , , , 10.9988654, -0.0062104, , , , , , , 10.9988654, 0.0251774, , , , , , , 10.9988654, -0.0310521, , , , , , , , , , , , , , , , , , , , , , , , , , , , 
10.9993846, 0.0038605, , , , , , , 10.9993846, -0.0083925, , , , , , , 10.9993846, 0.0297093, , , , , , , 10.9993846, -0.0323949, , , , , , , , , , , , , , , , , , , , , , , , , , , , 
10.9999038, 0.0129244, , , , , , , 10.9999038, -0.0085603, , , , , , , 10.9999038, 0.0290379, , , , , , , 10.9999038, -0.0350805, , , , , , , , , , , , , , , , , , , , , , , , , , , , 
11.0004231, 0.0139315, , , , , , , 11.0004231, -0.0068818, , , , , , , 11.0004231, 0.0240024, , , , , , , 11.0004231, -0.0347448, , , , , , , , , , , , , , , , , , , , , , , , , , , , 
11.0009423, 0.0075532, , , , , , , 11.0009423, -0.0070497, , , , , , , 11.0009423, 0.0179599, , , , , , , 11.0009423, -0.030045, , , , , , , , , , , , , , , , , , , , , , , , , , , , 
11.0014615, 0.0065461, , , , , , , 11.0014615, -0.0041962, , , , , , , 11.0014615, 0.0135958, , , , , , , 11.0014615, -0.0238346, , , , , , , , , , , , , , , , , , , , , , , , , , , , 
11.0019808, 0.0115816, , , , , , , 11.0019808, 0.0052033, , , , , , , 11.0019808, 0.0112459, , , , , , , 11.0019808, -0.0134279, , , , , , , , , , , , , , , , , , , , , , , , , , , , 
11.0025, 0.0179599, , , , , , , 11.0025, 0.0130922, , , , , , , 11.0025, 0.0112459, , , , , , , 11.0025, -0.0035248, , , , , , , , , , , , , , , , , , , , , , , , , , , , 
11.0030192, 0.0206455, , , , , , , 11.0030192, 0.0099031, , , , , , , 11.0030192, 0.0082246, , , , , , , 11.0030192, 0.0041962, , , , , , , , , , , , , , , , , , , , , , , , , , , , 
11.0035385, 0.0191348, , , , , , , 11.0035385, -0.0001678, , , , , , , 11.0035385, 0.0028534, , , , , , , 11.0035385, 0.0092317, , , , , , , , , , , , , , , , , , , , , , , , , , , , 
11.0040577, 0.0184634, , , , , , , 11.0040577, -0.0075532, , , , , , , 11.0040577, -0.0035248, , , , , , , 11.0040577, 0.0149386, , , , , , , , , , , , , , , , , , , , , , , , , , , , 
11.0045769, 0.018967, , , , , , , 11.0045769, -0.012253, , , , , , , 11.0045769, -0.0082246, , , , , , , 11.0045769, 0.0213169, , , , , , , , , , , , , , , , , , , , , , , , , , , , 
11.0050962, 0.0209812, , , , , , , 11.0050962, -0.0115816, , , , , , , 11.0050962, -0.0125887, , , , , , , 11.0050962, 0.026688, , , , , , , , , , , , , , , , , , , , , , , , , , , , 
11.0056154, 0.0129244, , , , , , , 11.0056154, -0.0058747, , , , , , , 11.0056154, -0.0159457, , , , , , , 11.0056154, 0.033402, , , , , , , , , , , , , , , , , , , , , , , , , , , , 
11.0061346, -0.0028534, , , , , , , 11.0061346, -0.0001678, , , , , , , 11.0061346, -0.0193027, , , , , , , 11.0061346, 0.0392767, , , , , , , , , , , , , , , , , , , , , , , , , , , , 
11.0066538, -0.0146029, , , , , , , 11.0066538, 0.0053712, , , , , , , 11.0066538, -0.0305486, , , , , , , 11.0066538, 0.0451514, , , , , , , , , , , , , , , , , , , , , , , , , , , , 
11.0071731, -0.0152743, , , , , , , 11.0071731, 0.0132601, , , , , , , 11.0071731, -0.0485084, , , , , , , 11.0071731, 0.0495155, , , , , , , , , , , , , , , , , , , , , , , , , , , , 
11.0076923, -0.0073854, , , , , , , 11.0076923, 0.0162814, , , , , , , 11.0076923, -0.0538796, , , , , , , 11.0076923, 0.0488441, , , , , , , , , , , , , , , , , , , , , , , , , , , , 
11.0082115, 0.0048676, , , , , , , 11.0082115, 0.0112459, , , , , , , 11.0082115, -0.0419623, , , , , , , 11.0082115, 0.0428016, , , , , , , , , , , , , , , , , , , , , , , , , , , , 
11.0087308, 0.0164492, , , , , , , 11.0087308, 0.012253, , , , , , , 11.0087308, -0.0243381, , , , , , , 11.0087308, 0.0360876, , , , , , , , , , , , , , , , , , , , , , , , , , , , 
11.00925, 0.0253452, , , , , , , 11.00925, 0.0213169, , , , , , , 11.00925, -0.0075532, , , , , , , 11.00925, 0.0303807, , , , , , , , , , , , , , , , , , , , , , , , , , , , 
11.0097692, 0.0293736, , , , , , , 11.0097692, 0.0323949, , , , , , , 11.0097692, 0.0062104, , , , , , , 11.0097692, 0.027863, , , , , , , , , , , , , , , , , , , , , , , , , , , , 
11.0102885, 0.0265202, , , , , , , 11.0102885, 0.0466621, , , , , , , 11.0102885, 0.018967, , , , , , , 11.0102885, 0.0288701, , , , , , , , , , , , , , , , , , , , , , , , , , , , 
11.0108077, 0.0172885, , , , , , , 11.0108077, 0.0669718, , , , , , , 11.0108077, 0.0287022, , , , , , , 11.0108077, 0.0280308, , , , , , , , , , , , , , , , , , , , , , , , , , , , 
11.0113269, 0.0140993, , , , , , , 11.0113269, 0.0710002, , , , , , , 11.0113269, 0.0320592, , , , , , , 11.0113269, 0.0219883, , , , , , , , , , , , , , , , , , , , , , , , , , , , 
11.0118462, 0.0132601, , , , , , , 11.0118462, 0.0532082, , , , , , , 11.0118462, 0.0317235, , , , , , , 11.0118462, 0.0142672, , , , , , , , , , , , , , , , , , , , , , , , , , , , 
11.0123654, 0.0146029, , , , , , , 11.0123654, 0.0340734, , , , , , , 11.0123654, 0.0327306, , , , , , , 11.0123654, 0.0102388, , , , , , , , , , , , , , , , , , , , , , , , , , , , 
11.0128846, 0.0167849, , , , , , , 11.0128846, 0.01561, , , , , , , 11.0128846, 0.0374304, , , , , , , 11.0128846, 0.0085603, , , , , , , , , , , , , , , , , , , , , , , , , , , , 
11.0134038, 0.017792, , , , , , , 11.0134038, -0.0102388, , , , , , , 11.0134038, 0.0350805, , , , , , , 11.0134038, 0.0078889, , , , , , , , , , , , , , , , , , , , , , , , , , , , 
11.0139231, 0.0199741, , , , , , , 11.0139231, -0.0394446, , , , , , , 11.0139231, 0.0219883, , , , , , , 11.0139231, 0.0065461, , , , , , , , , , , , , , , , , , , , , , , , , , , , 
11.0144423, 0.0246738, , , , , , , 11.0144423, -0.0659648, , , , , , , 11.0144423, 0.0085603, , , , , , , 11.0144423, 0.0062104, , , , , , , , , , , , , , , , , , , , , , , , , , , , 
11.0149615, 0.0307164, , , , , , , 11.0149615, -0.0780499, , , , , , , 11.0149615, -0.0030213, , , , , , , 11.0149615, 0.0078889, , , , , , , , , , , , , , , , , , , , , , , , , , , , 
11.0154808, 0.0293736, , , , , , , 11.0154808, -0.0673075, , , , , , , 11.0154808, -0.0135958, , , , , , , 11.0154808, 0.012253, , , , , , , , , , , , , , , , , , , , , , , , , , , , 
11.016, 0.0206455, , , , , , , 11.016, -0.0417945, , , , , , , 11.016, -0.0196384, , , , , , , 11.016, 0.0142672, , , , , , , , , , , , , , , , , , , , , , , , , , , , 
11.0165192, 0.0129244, , , , , , , 11.0165192, -0.0256809, , , , , , , 11.0165192, -0.0223239, , , , , , , 11.0165192, 0.0129244, , , , , , , , , , , , , , , , , , , , , , , , , , , , 
11.0170385, 0.0149386, , , , , , , 11.0170385, -0.0391089, , , , , , , 11.0170385, -0.023331, , , , , , , 11.0170385, 0.0109102, , , , , , , , , , , , , , , , , , , , , , , , , , , , 
11.0175577, 0.0263523, , , , , , , 11.0175577, -0.0767071, , , , , , , 11.0175577, -0.0199741, , , , , , , 11.0175577, 0.0048676, , , , , , , , , , , , , , , , , , , , , , , , , , , , 
11.0180769, 0.0347448, , , , , , , 11.0180769, -0.1070878, , , , , , , 11.0180769, -0.0162814, , , , , , , 11.0180769, -0.0075532, , , , , , , , , , , , , , , , , , , , , , , , , , , , 
11.0185962, 0.033402, , , , , , , 11.0185962, -0.1173266, , , , , , , 11.0185962, -0.01561, , , , , , , 11.0185962, -0.0162814, , , , , , , , , , , , , , , , , , , , , , , , , , , , 
11.0191154, 0.0280308, , , , , , , 11.0191154, -0.117998, , , , , , , 11.0191154, -0.0162814, , , , , , , 11.0191154, -0.0216526, , , , , , , , , , , , , , , , , , , , , , , , , , , , 
11.0196346, 0.026688, , , , , , , 11.0196346, -0.105745, , , , , , , 11.0196346, -0.0176242, , , , , , , 11.0196346, -0.0256809, , , , , , , , , , , , , , , , , , , , , , , , , , , , 
11.0201538, 0.026688, , , , , , , 11.0201538, -0.0760357, , , , , , , 11.0201538, -0.0196384, , , , , , , 11.0201538, -0.0310521, , , , , , , , , , , , , , , , , , , , , , , , , , , , 
11.0206731, 0.0270237, , , , , , , 11.0206731, -0.0391089, , , , , , , 11.0206731, -0.018967, , , , , , , 11.0206731, -0.0337377, , , , , , , , , , , , , , , , , , , , , , , , , , , , 
11.0211923, 0.026688, , , , , , , 11.0211923, -0.0112459, , , , , , , 11.0211923, -0.0162814, , , , , , , 11.0211923, -0.0293736, , , , , , , , , , , , , , , , , , , , , , , , , , , , 
11.0217115, 0.0213169, , , , , , , 11.0217115, 0.002182, , , , , , , 11.0217115, -0.0142672, , , , , , , 11.0217115, -0.017792, , , , , , , , , , , , , , , , , , , , , , , , , , , , 
11.0222308, 0.0149386, , , , , , , 11.0222308, 0.0005035, , , , , , , 11.0222308, -0.0149386, , , , , , , 11.0222308, -0.0065461, , , , , , , , , , , , , , , , , , , , , , , , , , , , 
11.02275, 0.011078, , , , , , , 11.02275, -0.0109102, , , , , , , 11.02275, -0.0157778, , , , , , , 11.02275, 0.0035248, , , , , , , , , , , , , , , , , , , , , , , , , , , , 
11.0232692, 0.0057069, , , , , , , 11.0232692, -0.0243381, , , , , , , 11.0232692, -0.0142672, , , , , , , 11.0232692, 0.0146029, , , , , , , , , , , , , , , , , , , , , , , , , , , , 
11.0237885, -0.0018463, , , , , , , 11.0237885, -0.026688, , , , , , , 11.0237885, -0.0114137, , , , , , , 11.0237885, 0.0263523, , , , , , , , , , , , , , , , , , , , , , , , , , , , 
11.0243077, -0.0142672, , , , , , , 11.0243077, -0.0194705, , , , , , , 11.0243077, -0.0104067, , , , , , , 11.0243077, 0.0384375, , , , , , , , , , , , , , , , , , , , , , , , , , , , 
11.0248269, -0.0243381, , , , , , , 11.0248269, -0.0119173, , , , , , , 11.0248269, -0.0109102, , , , , , , 11.0248269, 0.0475013, , , , , , , , , , , , , , , , , , , , , , , , , , , , 
11.0253462, -0.0260166, , , , , , , 11.0253462, -0.0092317, , , , , , , 11.0253462, -0.0109102, , , , , , , 11.0253462, 0.0522011, , , , , , , , , , , , , , , , , , , , , , , , , , , , 
11.0258654, -0.0231632, , , , , , , 11.0258654, -0.0082246, , , , , , , 11.0258654, -0.012253, , , , , , , 11.0258654, 0.0552224, , , , , , , , , , , , , , , , , , , , , , , , , , , , 
11.0263846, -0.023331, , , , , , , 11.0263846, -0.0072175, , , , , , , 11.0263846, -0.0137636, , , , , , , 11.0263846, 0.0582437, , , , , , , , , , , , , , , , , , , , , , , , , , , , 
11.0269038, -0.0253452, , , , , , , 11.0269038, -0.0041962, , , , , , , 11.0269038, -0.0139315, , , , , , , 11.0269038, 0.063447, , , , , , , , , , , , , , , , , , , , , , , , , , , , 
11.0274231, -0.0224918, , , , , , , 11.0274231, -0.0008392, , , , , , , 11.0274231, -0.0137636, , , , , , , 11.0274231, 0.0652934, , , , , , , , , , , , , , , , , , , , , , , , , , , , 
11.0279423, -0.0132601, , , , , , , 11.0279423, 0.0005035, , , , , , , 11.0279423, -0.018967, , , , , , , 11.0279423, 0.0595865, , , , , , , , , , , , , , , , , , , , , , , , , , , , 
11.0284615, -0.0035248, , , , , , , 11.0284615, 0.002182, , , , , , , 11.0284615, -0.0285344, , , , , , , 11.0284615, 0.0501869, , , , , , , , , , , , , , , , , , , , , , , , , , , , 
11.0289808, 0.0018463, , , , , , , 11.0289808, 0.0062104, , , , , , , 11.0289808, -0.0357519, , , , , , , 11.0289808, 0.0397803, , , , , , , , , , , , , , , , , , , , , , , , , , , , 
11.0295, 0.0018463, , , , , , , 11.0295, 0.0102388, , , , , , , 11.0295, -0.0327306, , , , , , , 11.0295, 0.0323949, , , , , , , , , , , , , , , , , , , , , , , , , , , , 
11.0300192, 0.0018463, , , , , , , 11.0300192, 0.0152743, , , , , , , 11.0300192, -0.0258488, , , , , , , 11.0300192, 0.026688, , , , , , , , , , , , , , , , , , , , , , , , , , , , 
11.0305385, 0.0041962, , , , , , , 11.0305385, 0.0169528, , , , , , , 11.0305385, -0.018967, , , , , , , 11.0305385, 0.0246738, , , , , , , , , , , , , , , , , , , , , , , , , , , , 
11.0310577, 0.0073854, , , , , , , 11.0310577, 0.0159457, , , , , , , 11.0310577, -0.0119173, , , , , , , 11.0310577, 0.0206455, , , , , , , , , , , , , , , , , , , , , , , , , , , , 
11.0315769, 0.0092317, , , , , , , 11.0315769, 0.0159457, , , , , , , 11.0315769, -0.0048676, , , , , , , 11.0315769, 0.0146029, , , , , , , , , , , , , , , , , , , , , , , , , , , , 
11.0320962, 0.0137636, , , , , , , 11.0320962, 0.0142672, , , , , , , 11.0320962, -0.0005035, , , , , , , 11.0320962, 0.0124208, , , , , , , , , , , , , , , , , , , , , , , , , , , , 
11.0326154, 0.0199741, , , , , , , 11.0326154, 0.0119173, , , , , , , 11.0326154, 0.0011749, , , , , , , 11.0326154, 0.0117494, , , , , , , , , , , , , , , , , , , , , , , , , , , , 
11.0331346, 0.0218204, , , , , , , 11.0331346, 0.0104067, , , , , , , 11.0331346, 0.0003357, , , , , , , 11.0331346, 0.0092317, , , , , , , , , , , , , , , , , , , , , , , , , , , , 
11.0336538, 0.0229953, , , , , , , 11.0336538, 0.0085603, , , , , , , 11.0336538, 0.0015106, , , , , , , 11.0336538, 0.0070497, , , , , , , , , , , , , , , , , , , , , , , , , , , , 
11.0341731, 0.0260166, , , , , , , 11.0341731, 0.0119173, , , , , , , 11.0341731, 0.002182, , , , , , , 11.0341731, 0.0058747, , , , , , , , , , , , , , , , , , , , , , , , , , , , 
11.0346923, 0.0287022, , , , , , , 11.0346923, 0.0213169, , , , , , , 11.0346923, -0.0001678, , , , , , , 11.0346923, 0.0045319, , , , , , , , , , , , , , , , , , , , , , , , , , , , 
11.0352115, 0.0283665, , , , , , , 11.0352115, 0.0250095, , , , , , , 11.0352115, -0.002182, , , , , , , 11.0352115, 0.0045319, , , , , , , , , , , , , , , , , , , , , , , , , , , , 
11.0357308, 0.0285344, , , , , , , 11.0357308, 0.021149, , , , , , , 11.0357308, -0.0011749, , , , , , , 11.0357308, 0.0057069, , , , , , , , , , , , , , , , , , , , , , , , , , , , 
11.03625, 0.0256809, , , , , , , 11.03625, 0.0146029, , , , , , , 11.03625, -0.0001678, , , , , , , 11.03625, 0.0072175, , , , , , , , , , , , , , , , , , , , , , , , , , , , 
11.0367692, 0.0224918, , , , , , , 11.0367692, 0.0109102, , , , , , , 11.0367692, -0.0011749, , , , , , , 11.0367692, 0.0068818, , , , , , , , , , , , , , , , , , , , , , , , , , , , 
11.0372885, 0.0265202, , , , , , , 11.0372885, 0.012253, , , , , , , 11.0372885, -0.002182, , , , , , , 11.0372885, 0.0031891, , , , , , , , , , , , , , , , , , , , , , , , , , , , 
11.0378077, 0.0276951, , , , , , , 11.0378077, 0.0140993, , , , , , , 11.0378077, -0.0028534, , , , , , , 11.0378077, -0.0053712, , , , , , , , , , , , , , , , , , , , , , , , , , , , 
11.0383269, 0.0287022, , , , , , , 11.0383269, 0.0105745, , , , , , , 11.0383269, -0.0043641, , , , , , , 11.0383269, -0.0135958, , , , , , , , , , , , , , , , , , , , , , , , , , , , 
11.0388462, 0.0310521, , , , , , , 11.0388462, 0.0031891, , , , , , , 11.0388462, -0.0085603, , , , , , , 11.0388462, -0.0159457, , , , , , , , , , , , , , , , , , , , , , , , , , , , 
11.0393654, 0.033402, , , , , , , 11.0393654, -0.005539, , , , , , , 11.0393654, -0.012253, , , , , , , 11.0393654, -0.0142672, , , , , , , , , , , , , , , , , , , , , , , , , , , , 
11.0398846, 0.0344091, , , , , , , 11.0398846, -0.0095674, , , , , , , 11.0398846, -0.0151064, , , , , , , 11.0398846, -0.01561, , , , , , , , , , , , , , , , , , , , , , , , , , , , 
11.0404038, 0.0323949, , , , , , , 11.0404038, -0.0072175, , , , , , , 11.0404038, -0.0184634, , , , , , , 11.0404038, -0.0186313, , , , , , , , , , , , , , , , , , , , , , , , , , , , 
11.0409231, 0.0280308, , , , , , , 11.0409231, -0.0036927, , , , , , , 11.0409231, -0.0196384, , , , , , , 11.0409231, -0.0176242, , , , , , , , , , , , , , , , , , , , , , , , , , , , 
11.0414423, 0.0182956, , , , , , , 11.0414423, -0.0003357, , , , , , , 11.0414423, -0.0198062, , , , , , , 11.0414423, -0.0102388, , , , , , , , , , , , , , , , , , , , , , , , , , , , 
11.0419615, 0.0078889, , , , , , , 11.0419615, 0.0045319, , , , , , , 11.0419615, -0.0193027, , , , , , , 11.0419615, -0.0001678, , , , , , , , , , , , , , , , , , , , , , , , , , , , 
11.0424808, 0.0031891, , , , , , , 11.0424808, 0.0082246, , , , , , , 11.0424808, -0.0169528, , , , , , , 11.0424808, 0.0085603, , , , , , , , , , , , , , , , , , , , , , , , , , , , 
11.043, 0.0001678, , , , , , , 11.043, 0.0070497, , , , , , , 11.043, -0.0129244, , , , , , , 11.043, 0.0157778, , , , , , , , , , , , , , , , , , , , , , , , , , , , 
11.0435192, -0.0018463, , , , , , , 11.0435192, 0.0016785, , , , , , , 11.0435192, -0.0135958, , , , , , , 11.0435192, 0.0213169, , , , , , , , , , , , , , , , , , , , , , , , , , , , 
11.0440385, -0.0048676, , , , , , , 11.0440385, -0.0045319, , , , , , , 11.0440385, -0.0162814, , , , , , , 11.0440385, 0.0280308, , , , , , , , , , , , , , , , , , , , , , , , , , , , 
11.0445577, -0.0038605, , , , , , , 11.0445577, -0.0078889, , , , , , , 11.0445577, -0.0166171, , , , , , , 11.0445577, 0.0374304, , , , , , , , , , , , , , , , , , , , , , , , , , , , 
11.0450769, 0.0018463, , , , , , , 11.0450769, -0.0078889, , , , , , , 11.0450769, -0.0149386, , , , , , , 11.0450769, 0.0459907, , , , , , , , , , , , , , , , , , , , , , , , , , , , 
11.0455962, 0.0105745, , , , , , , 11.0455962, -0.0078889, , , , , , , 11.0455962, -0.0124208, , , , , , , 11.0455962, 0.0505226, , , , , , , , , , , , , , , , , , , , , , , , , , , , 
11.0461154, 0.0152743, , , , , , , 11.0461154, -0.0095674, , , , , , , 11.0461154, -0.0102388, , , , , , , 11.0461154, 0.0542153, , , , , , , , , , , , , , , , , , , , , , , , , , , , 
11.0466346, 0.0152743, , , , , , , 11.0466346, -0.0095674, , , , , , , 11.0466346, -0.0095674, , , , , , , 11.0466346, 0.0585794, , , , , , , , , , , , , , , , , , , , , , , , , , , , 
11.0471538, 0.0159457, , , , , , , 11.0471538, -0.0078889, , , , , , , 11.0471538, -0.0082246, , , , , , , 11.0471538, 0.0595865, , , , , , , , , , , , , , , , , , , , , , , , , , , , 
11.0476731, 0.0166171, , , , , , , 11.0476731, -0.0065461, , , , , , , 11.0476731, -0.0048676, , , , , , , 11.0476731, 0.0540475, , , , , , , , , , , , , , , , , , , , , , , , , , , , 
11.0481923, 0.0152743, , , , , , , 11.0481923, -0.0092317, , , , , , , 11.0481923, -0.0008392, , , , , , , 11.0481923, 0.0428016, , , , , , , , , , , , , , , , , , , , , , , , , , , , 
11.0487115, 0.0109102, , , , , , , 11.0487115, -0.012253, , , , , , , 11.0487115, 0.0031891, , , , , , , 11.0487115, 0.0320592, , , , , , , , , , , , , , , , , , , , , , , , , , , , 
11.0492308, 0.0075532, , , , , , , 11.0492308, -0.0129244, , , , , , , 11.0492308, 0.0057069, , , , , , , 11.0492308, 0.0226596, , , , , , , , , , , , , , , , , , , , , , , , , , , , 
11.04975, 0.0115816, , , , , , , 11.04975, -0.0115816, , , , , , , 11.04975, -0.0031891, , , , , , , 11.04975, 0.0149386, , , , , , , , , , , , , , , , , , , , , , , , , , , , 
11.0502692, 0.0196384, , , , , , , 11.0502692, -0.0104067, , , , , , , 11.0502692, -0.0276951, , , , , , , 11.0502692, 0.0112459, , , , , , , , , , , , , , , , , , , , , , , , , , , , 
11.0507885, 0.0236667, , , , , , , 11.0507885, -0.0099031, , , , , , , 11.0507885, -0.0458228, , , , , , , 11.0507885, 0.0068818, , , , , , , , , , , , , , , , , , , , , , , , , , , , 
11.0513077, 0.0135958, , , , , , , 11.0513077, -0.0095674, , , , , , , 11.0513077, -0.0451514, , , , , , , 11.0513077, 0.0036927, , , , , , , , , , , , , , , , , , , , , , , , , , , , 
11.0518269, 0.0038605, , , , , , , 11.0518269, -0.0105745, , , , , , , 11.0518269, -0.0293736, , , , , , , 11.0518269, 0.0011749, , , , , , , , , , , , , , , , , , , , , , , , , , , , 
11.0523462, 0.0038605, , , , , , , 11.0523462, -0.012253, , , , , , , 11.0523462, -0.0075532, , , , , , , 11.0523462, 0.0005035, , , , , , , , , , , , , , , , , , , , , , , , , , , , 
11.0528654, 0.0028534, , , , , , , 11.0528654, -0.0112459, , , , , , , 11.0528654, 0.0129244, , , , , , , 11.0528654, -0.0001678, , , , , , , , , , , , , , , , , , , , , , , , , , , , 
11.0533846, -0.0041962, , , , , , , 11.0533846, -0.0095674, , , , , , , 11.0533846, 0.0270237, , , , , , , 11.0533846, -0.0023499, , , , , , , , , , , , , , , , , , , , , , , , , , , , 
11.0539038, -0.0102388, , , , , , , 11.0539038, -0.0077211, , , , , , , 11.0539038, 0.0303807, , , , , , , 11.0539038, -0.0040284, , , , , , , , , , , , , , , , , , , , , , , , , , , , 
11.0544231, -0.0102388, , , , , , , 11.0544231, -0.0065461, , , , , , , 11.0544231, 0.0219883, , , , , , , 11.0544231, -0.0015106, , , , , , , , , , , , , , , , , , , , , , , , , , , , 
11.0549423, -0.0077211, , , , , , , 11.0549423, -0.0082246, , , , , , , 11.0549423, 0.0105745, , , , , , , 11.0549423, -0.0001678, , , , , , , , , , , , , , , , , , , , , , , , , , , , 
11.0554615, -0.0092317, , , , , , , 11.0554615, -0.010071, , , , , , , 11.0554615, 0.0025177, , , , , , , 11.0554615, -0.0015106, , , , , , , , , , , , , , , , , , , , , , , , , , , , 
11.0559808, -0.0075532, , , , , , , 11.0559808, -0.0090639, , , , , , , 11.0559808, 0.0015106, , , , , , , 11.0559808, -0.0038605, , , , , , , , , , , , , , , , , , , , , , , , , , , , 
11.0565, 0.0036927, , , , , , , 11.0565, -0.005539, , , , , , , 11.0565, 0.0052033, , , , , , , 11.0565, -0.0038605, , , , , , , , , , , , , , , , , , , , , , , , , , , , 
11.0570192, 0.0181277, , , , , , , 11.0570192, -0.002182, , , , , , , 11.0570192, 0.0068818, , , , , , , 11.0570192, -0.0045319, , , , , , , , , , , , , , , , , , , , , , , , , , , , 
11.0575385, 0.0253452, , , , , , , 11.0575385, -0.0036927, , , , , , , 11.0575385, 0.0083925, , , , , , , 11.0575385, -0.0095674, , , , , , , , , , , , , , , , , , , , , , , , , , , , 
11.0580577, 0.0271916, , , , , , , 11.0580577, -0.0077211, , , , , , , 11.0580577, 0.008896, , , , , , , 11.0580577, -0.0191348, , , , , , , , , , , , , , , , , , , , , , , , , , , , 
11.0585769, 0.0320592, , , , , , , 11.0585769, -0.0085603, , , , , , , 11.0585769, 0.0072175, , , , , , , 11.0585769, -0.0270237, , , , , , , , , , , , , , , , , , , , , , , , , , , , 
11.0590962, 0.0387732, , , , , , , 11.0590962, -0.008896, , , , , , , 11.0590962, 0.0043641, , , , , , , 11.0590962, -0.030045, , , , , , , , , , , , , , , , , , , , , , , , , , , , 
11.0596154, 0.0458228, , , , , , , 11.0596154, -0.0112459, , , , , , , 11.0596154, 0.0016785, , , , , , , 11.0596154, -0.0303807, , , , , , , , , , , , , , , , , , , , , , , , , , , , 
11.0601346, 0.0476692, , , , , , , 11.0601346, -0.0132601, , , , , , , 11.0601346, -0.0008392, , , , , , , 11.0601346, -0.027863, , , , , , , , , , , , , , , , , , , , , , , , , , , , 
11.0606538, 0.0448157, , , , , , , 11.0606538, -0.0135958, , , , , , , 11.0606538, -0.002182, , , , , , , 11.0606538, -0.023331, , , , , , , , , , , , , , , , , , , , , , , , , , , , 
11.0611731, 0.0394446, , , , , , , 11.0611731, -0.0102388, , , , , , , 11.0611731, -0.0001678, , , , , , , 11.0611731, -0.0162814, , , , , , , , , , , , , , , , , , , , , , , , , , , , 
11.0616923, 0.03122, , , , , , , 11.0616923, -0.0095674, , , , , , , 11.0616923, 0.0065461, , , , , , , 11.0616923, -0.0070497, , , , , , , , , , , , , , , , , , , , , , , , , , , , 
11.0622115, 0.0248417, , , , , , , 11.0622115, -0.0092317, , , , , , , 11.0622115, 0.011078, , , , , , , 11.0622115, 0.0038605, , , , , , , , , , , , , , , , , , , , , , , , , , , , 
11.0627308, 0.0253452, , , , , , , 11.0627308, -0.0099031, , , , , , , 11.0627308, 0.0129244, , , , , , , 11.0627308, 0.0139315, , , , , , , , , , , , , , , , , , , , , , , , , , , , 
11.06325, 0.0251774, , , , , , , 11.06325, -0.0129244, , , , , , , 11.06325, 0.0115816, , , , , , , 11.06325, 0.0213169, , , , , , , , , , , , , , , , , , , , , , , , , , , , 
11.0637692, 0.0224918, , , , , , , 11.0637692, -0.0139315, , , , , , , 11.0637692, 0.0102388, , , , , , , 11.0637692, 0.0280308, , , , , , , , , , , , , , , , , , , , , , , , , , , , 
11.0642885, 0.0179599, , , , , , , 11.0642885, -0.005539, , , , , , , 11.0642885, 0.0072175, , , , , , , 11.0642885, 0.0360876, , , , , , , , , , , , , , , , , , , , , , , , , , , , 
11.0648077, 0.0092317, , , , , , , 11.0648077, 0.002182, , , , , , , 11.0648077, 0.002182, , , , , , , 11.0648077, 0.0451514, , , , , , , , , , , , , , , , , , , , , , , , , , , , 
11.0653269, -0.0001678, , , , , , , 11.0653269, 0.0011749, , , , , , , 11.0653269, -0.0041962, , , , , , , 11.0653269, 0.0552224, , , , , , , , , , , , , , , , , , , , , , , , , , , , 
11.0658462, -0.0112459, , , , , , , 11.0658462, -0.0043641, , , , , , , 11.0658462, -0.011078, , , , , , , 11.0658462, 0.0629435, , , , , , , , , , , , , , , , , , , , , , , , , , , , 
11.0663654, -0.0162814, , , , , , , 11.0663654, -0.0075532, , , , , , , 11.0663654, -0.017792, , , , , , , 11.0663654, 0.0673075, , , , , , , , , , , , , , , , , , , , , , , , , , , , 
11.0668846, -0.012253, , , , , , , 11.0668846, 0.0038605, , , , , , , 11.0668846, -0.0196384, , , , , , , 11.0668846, 0.0698253, , , , , , , , , , , , , , , , , , , , , , , , , , , , 
11.0674038, -0.0015106, , , , , , , 11.0674038, 0.0223239, , , , , , , 11.0674038, -0.0182956, , , , , , , 11.0674038, 0.0663005, , , , , , , , , , , , , , , , , , , , , , , , , , , , 
11.0679231, 0.0092317, , , , , , , 11.0679231, 0.0265202, , , , , , , 11.0679231, -0.0179599, , , , , , , 11.0679231, 0.0532082, , , , , , , , , , , , , , , , , , , , , , , , , , , , 
11.0684423, 0.0176242, , , , , , , 11.0684423, 0.0152743, , , , , , , 11.0684423, -0.023331, , , , , , , 11.0684423, 0.036759, , , , , , , , , , , , , , , , , , , , , , , , , , , , 
11.0689615, 0.0218204, , , , , , , 11.0689615, 0.0001678, , , , , , , 11.0689615, -0.030045, , , , , , , 11.0689615, 0.0260166, , , , , , , , , , , , , , , , , , , , , , , , , , , , 
11.0694808, 0.023331, , , , , , , 11.0694808, -0.008896, , , , , , , 11.0694808, -0.036759, , , , , , , 11.0694808, 0.0199741, , , , , , , , , , , , , , , , , , , , , , , , , , , , 
11.07, 0.0206455, , , , , , , 11.07, -0.014435, , , , , , , 11.07, -0.0505226, , , , , , , 11.07, 0.0166171, , , , , , , , , , , , , , , , , , , , , , , , , , , , 
11.0705192, 0.0206455, , , , , , , 11.0705192, -0.01561, , , , , , , 11.0705192, -0.0699931, , , , , , , 11.0705192, 0.0139315, , , , , , , , , , , , , , , , , , , , , , , , , , , , 
11.0710385, 0.021149, , , , , , , 11.0710385, -0.0105745, , , , , , , 11.0710385, -0.0787213, , , , , , , 11.0710385, 0.0115816, , , , , , , , , , , , , , , , , , , , , , , , , , , , 
11.0715577, 0.0216526, , , , , , , 11.0715577, -0.0016785, , , , , , , 11.0715577, -0.0706645, , , , , , , 11.0715577, 0.0092317, , , , , , , , , , , , , , , , , , , , , , , , , , , , 
11.0720769, 0.0236667, , , , , , , 11.0720769, -0.0045319, , , , , , , 11.0720769, -0.0560616, , , , , , , 11.0720769, 0.0065461, , , , , , , , , , , , , , , , , , , , , , , , , , , , 
11.0725962, 0.0226596, , , , , , , 11.0725962, -0.0223239, , , , , , , 11.0725962, -0.0424659, , , , , , , 11.0725962, 0.002182, , , , , , , , , , , , , , , , , , , , , , , , , , , , 
11.0731154, 0.0213169, , , , , , , 11.0731154, -0.0354162, , , , , , , 11.0731154, -0.0305486, , , , , , , 11.0731154, -0.002182, , , , , , , , , , , , , , , , , , , , , , , , , , , , 
11.0736346, 0.0196384, , , , , , , 11.0736346, -0.026688, , , , , , , 11.0736346, -0.018967, , , , , , , 11.0736346, -0.0036927, , , , , , , , , , , , , , , , , , , , , , , , , , , , 
11.0741538, 0.0182956, , , , , , , 11.0741538, -0.0146029, , , , , , , 11.0741538, -0.0082246, , , , , , , 11.0741538, -0.0028534, , , , , , , , , , , , , , , , , , , , , , , , , , , , 
11.0746731, 0.01561, , , , , , , 11.0746731, -0.0179599, , , , , , , 11.0746731, -0.0015106, , , , , , , 11.0746731, -0.0001678, , , , , , , , , , , , , , , , , , , , , , , , , , , , 
11.0751923, 0.0152743, , , , , , , 11.0751923, -0.0293736, , , , , , , 11.0751923, 0.0041962, , , , , , , 11.0751923, -0.0003357, , , , , , , , , , , , , , , , , , , , , , , , , , , , 
11.0757115, 0.0186313, , , , , , , 11.0757115, -0.0310521, , , , , , , 11.0757115, 0.0097353, , , , , , , 11.0757115, -0.0018463, , , , , , , , , , , , , , , , , , , , , , , , , , , , 
11.0762308, 0.0176242, , , , , , , 11.0762308, -0.0243381, , , , , , , 11.0762308, 0.012253, , , , , , , 11.0762308, -0.0035248, , , , , , , , , , , , , , , , , , , , , , , , , , , , 
11.07675, 0.0112459, , , , , , , 11.07675, -0.0149386, , , , , , , 11.07675, 0.0130922, , , , , , , 11.07675, -0.0028534, , , , , , , , , , , , , , , , , , , , , , , , , , , , 
11.0772692, 0.0105745, , , , , , , 11.0772692, -0.0115816, , , , , , , 11.0772692, 0.0149386, , , , , , , 11.0772692, -0.0065461, , , , , , , , , , , , , , , , , , , , , , , , , , , , 
11.0777885, 0.0176242, , , , , , , 11.0777885, -0.0199741, , , , , , , 11.0777885, 0.0151064, , , , , , , 11.0777885, -0.0149386, , , , , , , , , , , , , , , , , , , , , , , , , , , , 
11.0783077, 0.0223239, , , , , , , 11.0783077, -0.0292058, , , , , , , 11.0783077, 0.0112459, , , , , , , 11.0783077, -0.0229953, , , , , , , , , , , , , , , , , , , , , , , , , , , , 
11.0788269, 0.0265202, , , , , , , 11.0788269, -0.0297093, , , , , , , 11.0788269, 0.0062104, , , , , , , 11.0788269, -0.0253452, , , , , , , , , , , , , , , , , , , , , , , , , , , , 
11.0793462, 0.0253452, , , , , , , 11.0793462, -0.0288701, , , , , , , 11.0793462, 0.0011749, , , , , , , 11.0793462, -0.024506, , , , , , , , , , , , , , , , , , , , , , , , , , , , 
11.0798654, 0.0198062, , , , , , , 11.0798654, -0.0347448, , , , , , , 11.0798654, 0.0011749, , , , , , , 11.0798654, -0.0209812, , , , , , , , , , , , , , , , , , , , , , , , , , , , 
11.0803846, 0.0132601, , , , , , , 11.0803846, -0.0404517, , , , , , , 11.0803846, 0.0035248, , , , , , , 11.0803846, -0.0142672, , , , , , , , , , , , , , , , , , , , , , , , , , , , 
11.0809038, 0.0065461, , , , , , , 11.0809038, -0.0397803, , , , , , , 11.0809038, 0.0045319, , , , , , , 11.0809038, -0.0099031, , , , , , , , , , , , , , , , , , , , , , , , , , , , 
11.0814231, 0.0048676, , , , , , , 11.0814231, -0.0337377, , , , , , , 11.0814231, 0.0023499, , , , , , , 11.0814231, -0.0062104, , , , , , , , , , , , , , , , , , , , , , , , , , , , 
11.0819423, 0.0023499, , , , , , , 11.0819423, -0.024506, , , , , , , 11.0819423, -0.0010071, , , , , , , 11.0819423, 0.0018463, , , , , , , , , , , , , , , , , , , , , , , , , , , , 
11.0824615, 0.0023499, , , , , , , 11.0824615, -0.0152743, , , , , , , 11.0824615, -0.0018463, , , , , , , 11.0824615, 0.0102388, , , , , , , , , , , , , , , , , , , , , , , , , , , , 
11.0829808, 0.0065461, , , , , , , 11.0829808, -0.008896, , , , , , , 11.0829808, -0.0015106, , , , , , , 11.0829808, 0.0146029, , , , , , , , , , , , , , , , , , , , , , , , , , , , 
11.0835, 0.0092317, , , , , , , 11.0835, -0.0025177, , , , , , , 11.0835, -0.0052033, , , , , , , 11.0835, 0.0206455, , , , , , , , , , , , , , , , , , , , , , , , , , , , 
11.0840192, 0.0075532, , , , , , , 11.0840192, 0.0058747, , , , , , , 11.0840192, -0.0115816, , , , , , , 11.0840192, 0.030045, , , , , , , , , , , , , , , , , , , , , , , , , , , , 
11.0845385, 0.0016785, , , , , , , 11.0845385, 0.0119173, , , , , , , 11.0845385, -0.0162814, , , , , , , 11.0845385, 0.0399481, , , , , , , , , , , , , , , , , , , , , , , , , , , , 
11.0850577, -0.0011749, , , , , , , 11.0850577, 0.0132601, , , , , , , 11.0850577, -0.0179599, , , , , , , 11.0850577, 0.0468299, , , , , , , , , , , , , , , , , , , , , , , , , , , , 
11.0855769, -0.0015106, , , , , , , 11.0855769, 0.0115816, , , , , , , 11.0855769, -0.0166171, , , , , , , 11.0855769, 0.0527047, , , , , , , , , , , , , , , , , , , , , , , , , , , , 
11.0860962, -0.0011749, , , , , , , 11.0860962, 0.0105745, , , , , , , 11.0860962, -0.0135958, , , , , , , 11.0860962, 0.0582437, , , , , , , , , , , , , , , , , , , , , , , , , , , , 
11.0866154, 0.0005035, , , , , , , 11.0866154, 0.0152743, , , , , , , 11.0866154, -0.008896, , , , , , , 11.0866154, 0.0616007, , , , , , , , , , , , , , , , , , , , , , , , , , , , 
11.0871346, -0.0025177, , , , , , , 11.0871346, 0.0250095, , , , , , , 11.0871346, -0.0052033, , , , , , , 11.0871346, 0.0605936, , , , , , , , , , , , , , , , , , , , , , , , , , , , 
11.0876538, -0.0075532, , , , , , , 11.0876538, 0.0387732, , , , , , , 11.0876538, -0.0035248, , , , , , , 11.0876538, 0.0555581, , , , , , , , , , , , , , , , , , , , , , , , , , , , 
11.0881731, -0.0035248, , , , , , , 11.0881731, 0.0461585, , , , , , , 11.0881731, -0.0025177, , , , , , , 11.0881731, 0.0468299, , , , , , , , , , , , , , , , , , , , , , , , , , , , 
11.0886923, 0.0075532, , , , , , , 11.0886923, 0.040116, , , , , , , 11.0886923, -0.0018463, , , , , , , 11.0886923, 0.0374304, , , , , , , , , , , , , , , , , , , , , , , , , , , , 
11.0892115, 0.0164492, , , , , , , 11.0892115, 0.0193027, , , , , , , 11.0892115, 0.0018463, , , , , , , 11.0892115, 0.0327306, , , , , , , , , , , , , , , , , , , , , , , , , , , , 
11.0897308, 0.0169528, , , , , , , 11.0897308, -0.0112459, , , , , , , 11.0897308, 0.0038605, , , , , , , 11.0897308, 0.0280308, , , , , , , , , , , , , , , , , , , , , , , , , , , , 
11.09025, 0.0159457, , , , , , , 11.09025, -0.0370947, , , , , , , 11.09025, 0.0018463, , , , , , , 11.09025, 0.0199741, , , , , , , , , , , , , , , , , , , , , , , , , , , , 
11.0907692, 0.01561, , , , , , , 11.0907692, -0.0488441, , , , , , , 11.0907692, 0.002182, , , , , , , 11.0907692, 0.0132601, , , , , , , , , , , , , , , , , , , , , , , , , , , , 
11.0912885, 0.0159457, , , , , , , 11.0912885, -0.0412909, , , , , , , 11.0912885, 0.0045319, , , , , , , 11.0912885, 0.0085603, , , , , , , , , , , , , , , , , , , , , , , , , , , , 
11.0918077, 0.01561, , , , , , , 11.0918077, -0.018967, , , , , , , 11.0918077, 0.0045319, , , , , , , 11.0918077, 0.0038605, , , , , , , , , , , , , , , , , , , , , , , , , , , , 
11.0923269, 0.0119173, , , , , , , 11.0923269, 0.0005035, , , , , , , 11.0923269, 0.0028534, , , , , , , 11.0923269, 0.0011749, , , , , , , , , , , , , , , , , , , , , , , , , , , , 
11.0928462, 0.0092317, , , , , , , 11.0928462, 0.0125887, , , , , , , 11.0928462, -0.0003357, , , , , , , 11.0928462, 0.002182, , , , , , , , , , , , , , , , , , , , , , , , , , , , 
11.0933654, 0.0092317, , , , , , , 11.0933654, 0.0166171, , , , , , , 11.0933654, -0.0045319, , , , , , , 11.0933654, 0.0058747, , , , , , , , , , , , , , , , , , , , , , , , , , , , 
11.0938846, 0.0092317, , , , , , , 11.0938846, 0.0078889, , , , , , , 11.0938846, -0.008896, , , , , , , 11.0938846, 0.0099031, , , , , , , , , , , , , , , , , , , , , , , , , , , , 
11.0944038, 0.0082246, , , , , , , 11.0944038, -0.0095674, , , , , , , 11.0944038, -0.0115816, , , , , , , 11.0944038, 0.0109102, , , , , , , , , , , , , , , , , , , , , , , , , , , , 
11.0949231, 0.0102388, , , , , , , 11.0949231, -0.023331, , , , , , , 11.0949231, -0.0129244, , , , , , , 11.0949231, 0.0078889, , , , , , , , , , , , , , , , , , , , , , , , , , , , 
11.0954423, 0.0119173, , , , , , , 11.0954423, -0.0323949, , , , , , , 11.0954423, -0.0149386, , , , , , , 11.0954423, 0.0058747, , , , , , , , , , , , , , , , , , , , , , , , , , , , 
11.0959615, 0.0105745, , , , , , , 11.0959615, -0.0384375, , , , , , , 11.0959615, -0.0176242, , , , , , , 11.0959615, 0.0031891, , , , , , , , , , , , , , , , , , , , , , , , , , , , 
11.0964808, 0.0164492, , , , , , , 11.0964808, -0.0364233, , , , , , , 11.0964808, -0.0182956, , , , , , , 11.0964808, -0.0015106, , , , , , , , , , , , , , , , , , , , , , , , , , , , 
11.097, 0.0276951, , , , , , , 11.097, -0.0327306, , , , , , , 11.097, -0.0176242, , , , , , , 11.097, -0.0052033, , , , , , , , , , , , , , , , , , , , , , , , , , , , 
11.0975192, 0.0347448, , , , , , , 11.0975192, -0.0317235, , , , , , , 11.0975192, -0.01561, , , , , , , 11.0975192, -0.0109102, , , , , , , , , , , , , , , , , , , , , , , , , , , , 
11.0980385, 0.0406195, , , , , , , 11.0980385, -0.0354162, , , , , , , 11.0980385, -0.0139315, , , , , , , 11.0980385, -0.0171206, , , , , , , , , , , , , , , , , , , , , , , , , , , , 
11.0985577, 0.0488441, , , , , , , 11.0985577, -0.0399481, , , , , , , 11.0985577, -0.0142672, , , , , , , 11.0985577, -0.0198062, , , , , , , , , , , , , , , , , , , , , , , , , , , , 
11.0990769, 0.0515297, , , , , , , 11.0990769, -0.0394446, , , , , , , 11.0990769, -0.0149386, , , , , , , 11.0990769, -0.0203098, , , , , , , , , , , , , , , , , , , , , , , , , , , , 
11.0995962, 0.0433051, , , , , , , 11.0995962, -0.0354162, , , , , , , 11.0995962, -0.0142672, , , , , , , 11.0995962, -0.0216526, , , , , , , , , , , , , , , , , , , , , , , , , , , , 
11.1001154, 0.0330663, , , , , , , 11.1001154, -0.0287022, , , , , , , 11.1001154, -0.0137636, , , , , , , 11.1001154, -0.0219883, , , , , , , , , , , , , , , , , , , , , , , , , , , , 
11.1006346, 0.030045, , , , , , , 11.1006346, -0.0203098, , , , , , , 11.1006346, -0.0140993, , , , , , , 11.1006346, -0.0199741, , , , , , , , , , , , , , , , , , , , , , , , , , , , 
11.1011538, 0.0313878, , , , , , , 11.1011538, -0.0072175, , , , , , , 11.1011538, -0.0112459, , , , , , , 11.1011538, -0.0162814, , , , , , , , , , , , , , , , , , , , , , , , , , , , 
11.1016731, 0.0307164, , , , , , , 11.1016731, 0.0057069, , , , , , , 11.1016731, -0.0085603, , , , , , , 11.1016731, -0.0105745, , , , , , , , , , , , , , , , , , , , , , , , , , , , 
11.1021923, 0.0231632, , , , , , , 11.1021923, 0.0157778, , , , , , , 11.1021923, -0.0075532, , , , , , , 11.1021923, -0.005539, , , , , , , , , , , , , , , , , , , , , , , , , , , , 
11.1027115, 0.0152743, , , , , , , 11.1027115, 0.0146029, , , , , , , 11.1027115, -0.011078, , , , , , , 11.1027115, 0.0011749, , , , , , , , , , , , , , , , , , , , , , , , , , , , 
11.1032308, 0.0102388, , , , , , , 11.1032308, 0.0102388, , , , , , , 11.1032308, -0.0129244, , , , , , , 11.1032308, 0.008896, , , , , , , , , , , , , , , , , , , , , , , , , , , , 
11.10375, 0.0035248, , , , , , , 11.10375, 0.0139315, , , , , , , 11.10375, -0.0115816, , , , , , , 11.10375, 0.0176242, , , , , , , , , , , , , , , , , , , , , , , , , , , , 
11.1042692, -0.0046998, , , , , , , 11.1042692, 0.0176242, , , , , , , 11.1042692, -0.0070497, , , , , , , 11.1042692, 0.0283665, , , , , , , , , , , , , , , , , , , , , , , , , , , , 
11.1047885, -0.0050355, , , , , , , 11.1047885, 0.0193027, , , , , , , 11.1047885, -0.0041962, , , , , , , 11.1047885, 0.0381018, , , , , , , , , , , , , , , , , , , , , , , , , , , , 
11.1053077, -0.0031891, , , , , , , 11.1053077, 0.0199741, , , , , , , 11.1053077, -0.0041962, , , , , , , 11.1053077, 0.0449836, , , , , , , , , , , , , , , , , , , , , , , , , , , , 
11.1058269, 0.0025177, , , , , , , 11.1058269, 0.01561, , , , , , , 11.1058269, -0.0023499, , , , , , , 11.1058269, 0.0501869, , , , , , , , , , , , , , , , , , , , , , , , , , , , 
11.1063462, 0.0065461, , , , , , , 11.1063462, 0.0065461, , , , , , , 11.1063462, 0.0011749, , , , , , , 11.1063462, 0.0557259, , , , , , , , , , , , , , , , , , , , , , , , , , , , 
11.1068654, 0.0045319, , , , , , , 11.1068654, -0.0083925, , , , , , , 11.1068654, 0.0038605, , , , , , , 11.1068654, 0.0589151, , , , , , , , , , , , , , , , , , , , , , , , , , , , 
11.1073846, 0.0005035, , , , , , , 11.1073846, -0.0223239, , , , , , , 11.1073846, 0.0045319, , , , , , , 11.1073846, 0.0552224, , , , , , , , , , , , , , , , , , , , , , , , , , , , 
11.1079038, -0.0011749, , , , , , , 11.1079038, -0.0263523, , , , , , , 11.1079038, 0.0020142, , , , , , , 11.1079038, 0.0448157, , , , , , , , , , , , , , , , , , , , , , , , , , , , 
11.1084231, 0.0031891, , , , , , , 11.1084231, -0.0219883, , , , , , , 11.1084231, 0.0008392, , , , , , , 11.1084231, 0.033402, , , , , , , , , , , , , , , , , , , , , , , , , , , , 
11.1089423, 0.0078889, , , , , , , 11.1089423, -0.018967, , , , , , , 11.1089423, 0.0018463, , , , , , , 11.1089423, 0.026688, , , , , , , , , , , , , , , , , , , , , , , , , , , , 
11.1094615, 0.0092317, , , , , , , 11.1094615, -0.0219883, , , , , , , 11.1094615, 0.0035248, , , , , , , 11.1094615, 0.0226596, , , , , , , , , , , , , , , , , , , , , , , , , , , , 
11.1099808, 0.0102388, , , , , , , 11.1099808, -0.0292058, , , , , , , 11.1099808, 0.0041962, , , , , , , 11.1099808, 0.0199741, , , , , , , , , , , , , , , , , , , , , , , , , , , , 
11.1105, 0.0112459, , , , , , , 11.1105, -0.0320592, , , , , , , 11.1105, 0.0015106, , , , , , , 11.1105, 0.0196384, , , , , , , , , , , , , , , , , , , , , , , , , , , , 
11.1110192, 0.0099031, , , , , , , 11.1110192, -0.0250095, , , , , , , 11.1110192, -0.0036927, , , , , , , 11.1110192, 0.0186313, , , , , , , , , , , , , , , , , , , , , , , , , , , , 
11.1115385, 0.0072175, , , , , , , 11.1115385, -0.0135958, , , , , , , 11.1115385, -0.0068818, , , , , , , 11.1115385, 0.0157778, , , , , , , , , , , , , , , , , , , , , , , , , , , , 
11.1120577, 0.0038605, , , , , , , 11.1120577, -0.0052033, , , , , , , 11.1120577, -0.0062104, , , , , , , 11.1120577, 0.0119173, , , , , , , , , , , , , , , , , , , , , , , , , , , , 
11.1125769, 0.0035248, , , , , , , 11.1125769, 0.0011749, , , , , , , 11.1125769, -0.0038605, , , , , , , 11.1125769, 0.0092317, , , , , , , , , , , , , , , , , , , , , , , , , , , , 
11.1130962, 0.0038605, , , , , , , 11.1130962, 0.0050355, , , , , , , 11.1130962, -0.0028534, , , , , , , 11.1130962, 0.0092317, , , , , , , , , , , , , , , , , , , , , , , , , , , , 
11.1136154, 0.0031891, , , , , , , 11.1136154, 0.0058747, , , , , , , 11.1136154, -0.0050355, , , , , , , 11.1136154, 0.0112459, , , , , , , , , , , , , , , , , , , , , , , , , , , , 
11.1141346, 0.0045319, , , , , , , 11.1141346, 0.0092317, , , , , , , 11.1141346, -0.0102388, , , , , , , 11.1141346, 0.0112459, , , , , , , , , , , , , , , , , , , , , , , , , , , , 
11.1146538, 0.0092317, , , , , , , 11.1146538, 0.0194705, , , , , , , 11.1146538, -0.0270237, , , , , , , 11.1146538, 0.0075532, , , , , , , , , , , , , , , , , , , , , , , , , , , , 
11.1151731, 0.0146029, , , , , , , 11.1151731, 0.026688, , , , , , , 11.1151731, -0.0453193, , , , , , , 11.1151731, 0.0041962, , , , , , , , , , , , , , , , , , , , , , , , , , , , 
11.1156923, 0.0159457, , , , , , , 11.1156923, 0.0229953, , , , , , , 11.1156923, -0.0454871, , , , , , , 11.1156923, 0.0045319, , , , , , , , , , , , , , , , , , , , , , , , , , , , 
11.1162115, 0.0236667, , , , , , , 11.1162115, 0.0139315, , , , , , , 11.1162115, -0.0320592, , , , , , , 11.1162115, 0.0053712, , , , , , , , , , , , , , , , , , , , , , , , , , , , 
11.1167308, 0.0391089, , , , , , , 11.1167308, 0.0085603, , , , , , , 11.1167308, -0.0132601, , , , , , , 11.1167308, 0.0038605, , , , , , , , , , , , , , , , , , , , , , , , , , , , 
11.11725, 0.0493477, , , , , , , 11.11725, 0.0052033, , , , , , , 11.11725, 0.0095674, , , , , , , 11.11725, -0.0010071, , , , , , , , , , , , , , , , , , , , , , , , , , , , 
11.1177692, 0.0498512, , , , , , , 11.1177692, -0.0008392, , , , , , , 11.1177692, 0.0285344, , , , , , , 11.1177692, -0.0062104, , , , , , , , , , , , , , , , , , , , , , , , , , , , 
11.1182885, 0.0414588, , , , , , , 11.1182885, -0.0072175, , , , , , , 11.1182885, 0.0313878, , , , , , , 11.1182885, -0.0115816, , , , , , , , , , , , , , , , , , , , , , , , , , , , 
11.1188077, 0.0280308, , , , , , , 11.1188077, -0.0068818, , , , , , , 11.1188077, 0.0172885, , , , , , , 11.1188077, -0.0139315, , , , , , , , , , , , , , , , , , , , , , , , , , , , 
11.1193269, 0.0213169, , , , , , , 11.1193269, -0.0030213, , , , , , , 11.1193269, 0.0031891, , , , , , , 11.1193269, -0.0146029, , , , , , , , , , , , , , , , , , , , , , , , , , , , 
11.1198462, 0.021149, , , , , , , 11.1198462, -0.0023499, , , , , , , 11.1198462, -0.0062104, , , , , , , 11.1198462, -0.0149386, , , , , , , , , , , , , , , , , , , , , , , , , , , , 
11.1203654, 0.0199741, , , , , , , 11.1203654, -0.0001678, , , , , , , 11.1203654, -0.0125887, , , , , , , 11.1203654, -0.0149386, , , , , , , , , , , , , , , , , , , , , , , , , , , , 
11.1208846, 0.0162814, , , , , , , 11.1208846, 0.0031891, , , , , , , 11.1208846, -0.0132601, , , , , , , 11.1208846, -0.0112459, , , , , , , , , , , , , , , , , , , , , , , , , , , , 
11.1214038, 0.0102388, , , , , , , 11.1214038, 0.0062104, , , , , , , 11.1214038, -0.0117494, , , , , , , 11.1214038, -0.0030213, , , , , , , , , , , , , , , , , , , , , , , , , , , , 
11.1219231, 0.002182, , , , , , , 11.1219231, 0.0140993, , , , , , , 11.1219231, -0.0105745, , , , , , , 11.1219231, 0.0045319, , , , , , , , , , , , , , , , , , , , , , , , , , , , 
11.1224423, -0.0048676, , , , , , , 11.1224423, 0.0206455, , , , , , , 11.1224423, -0.0068818, , , , , , , 11.1224423, 0.0115816, , , , , , , , , , , , , , , , , , , , , , , , , , , , 
11.1229615, -0.0052033, , , , , , , 11.1229615, 0.0125887, , , , , , , 11.1229615, -0.0018463, , , , , , , 11.1229615, 0.017792, , , , , , , , , , , , , , , , , , , , , , , , , , , , 
11.1234808, 0.0023499, , , , , , , 11.1234808, -0.0052033, , , , , , , 11.1234808, -0.002182, , , , , , , 11.1234808, 0.0226596, , , , , , , , , , , , , , , , , , , , , , , , , , , , 
11.124, 0.0114137, , , , , , , 11.124, -0.0125887, , , , , , , 11.124, -0.0085603, , , , , , , 11.124, 0.0307164, , , , , , , , , , , , , , , , , , , , , , , , , , , , 
11.1245192, 0.0164492, , , , , , , 11.1245192, -0.0129244, , , , , , , 11.1245192, -0.0162814, , , , , , , 11.1245192, 0.040116, , , , , , , , , , , , , , , , , , , , , , , , , , , , 
11.1250385, 0.0172885, , , , , , , 11.1250385, -0.0132601, , , , , , , 11.1250385, -0.0196384, , , , , , , 11.1250385, 0.0475013, , , , , , , , , , , , , , , , , , , , , , , , , , , , 
11.1255577, 0.0105745, , , , , , , 11.1255577, -0.008896, , , , , , , 11.1255577, -0.018967, , , , , , , 11.1255577, 0.0533761, , , , , , , , , , , , , , , , , , , , , , , , , , , , 
11.1260769, 0.0048676, , , , , , , 11.1260769, 0.0052033, , , , , , , 11.1260769, -0.0162814, , , , , , , 11.1260769, 0.0555581, , , , , , , , , , , , , , , , , , , , , , , , , , , , 
11.1265962, 0.0018463, , , , , , , 11.1265962, 0.0253452, , , , , , , 11.1265962, -0.0092317, , , , , , , 11.1265962, 0.0575723, , , , , , , , , , , , , , , , , , , , , , , , , , , , 
11.1271154, -0.0028534, , , , , , , 11.1271154, 0.026688, , , , , , , 11.1271154, 0.0008392, , , , , , , 11.1271154, 0.0575723, , , , , , , , , , , , , , , , , , , , , , , , , , , , 
11.1276346, -0.008896, , , , , , , 11.1276346, -0.0005035, , , , , , , 11.1276346, 0.0035248, , , , , , , 11.1276346, 0.0508583, , , , , , , , , , , , , , , , , , , , , , , , , , , , 
11.1281538, -0.0115816, , , , , , , 11.1281538, -0.0303807, , , , , , , 11.1281538, -0.0068818, , , , , , , 11.1281538, 0.0387732, , , , , , , , , , , , , , , , , , , , , , , , , , , , 
11.1286731, -0.008896, , , , , , , 11.1286731, -0.0491798, , , , , , , 11.1286731, -0.0204776, , , , , , , 11.1286731, 0.0287022, , , , , , , , , , , , , , , , , , , , , , , , , , , , 
11.1291923, -0.0036927, , , , , , , 11.1291923, -0.0619364, , , , , , , 11.1291923, -0.0243381, , , , , , , 11.1291923, 0.0226596, , , , , , , , , , , , , , , , , , , , , , , , , , , , 
11.1297115, 0.0025177, , , , , , , 11.1297115, -0.0699931, , , , , , , 11.1297115, -0.0216526, , , , , , , 11.1297115, 0.0218204, , , , , , , , , , , , , , , , , , , , , , , , , , , , 
11.1302308, 0.0058747, , , , , , , 11.1302308, -0.0659648, , , , , , , 11.1302308, -0.0176242, , , , , , , 11.1302308, 0.0213169, , , , , , , , , , , , , , , , , , , , , , , , , , , , 
11.13075, 0.0097353, , , , , , , 11.13075, -0.0498512, , , , , , , 11.13075, -0.0109102, , , , , , , 11.13075, 0.0191348, , , , , , , , , , , , , , , , , , , , , , , , , , , , 
11.1312692, 0.0132601, , , , , , , 11.1312692, -0.0344091, , , , , , , 11.1312692, -0.0001678, , , , , , , 11.1312692, 0.0176242, , , , , , , , , , , , , , , , , , , , , , , , , , , , 
11.1317885, 0.0171206, , , , , , , 11.1317885, -0.0260166, , , , , , , 11.1317885, 0.0085603, , , , , , , 11.1317885, 0.0182956, , , , , , , , , , , , , , , , , , , , , , , , , , , , 
11.1323077, 0.017792, , , , , , , 11.1323077, -0.0243381, , , , , , , 11.1323077, 0.010071, , , , , , , 11.1323077, 0.0179599, , , , , , , , , , , , , , , , , , , , , , , , , , , , 
11.1328269, 0.0186313, , , , , , , 11.1328269, -0.0240024, , , , , , , 11.1328269, 0.0078889, , , , , , , 11.1328269, 0.0176242, , , , , , , , , , , , , , , , , , , , , , , , , , , , 
11.1333462, 0.0224918, , , , , , , 11.1333462, -0.0283665, , , , , , , 11.1333462, 0.0058747, , , , , , , 11.1333462, 0.0179599, , , , , , , , , , , , , , , , , , , , , , , , , , , , 
11.1338654, 0.0251774, , , , , , , 11.1338654, -0.0323949, , , , , , , 11.1338654, 0.0018463, , , , , , , 11.1338654, 0.017792, , , , , , , , , , , , , , , , , , , , , , , , , , , , 
11.1343846, 0.0253452, , , , , , , 11.1343846, -0.0310521, , , , , , , 11.1343846, -0.002182, , , , , , , 11.1343846, 0.014435, , , , , , , , , , , , , , , , , , , , , , , , , , , , 
11.1349038, 0.0276951, , , , , , , 11.1349038, -0.0243381, , , , , , , 11.1349038, -0.005539, , , , , , , 11.1349038, 0.0085603, , , , , , , , , , , , , , , , , , , , , , , , , , , , 
11.1354231, 0.0280308, , , , , , , 11.1354231, -0.0109102, , , , , , , 11.1354231, -0.0099031, , , , , , , 11.1354231, 0.0057069, , , , , , , , , , , , , , , , , , , , , , , , , , , , 
11.1359423, 0.026688, , , , , , , 11.1359423, 0.002182, , , , , , , 11.1359423, -0.0115816, , , , , , , 11.1359423, 0.0052033, , , , , , , , , , , , , , , , , , , , , , , , , , , , 
11.1364615, 0.0243381, , , , , , , 11.1364615, 0.0092317, , , , , , , 11.1364615, -0.0104067, , , , , , , 11.1364615, 0.0008392, , , , , , , , , , , , , , , , , , , , , , , , , , , , 
11.1369808, 0.023331, , , , , , , 11.1369808, 0.0132601, , , , , , , 11.1369808, -0.0097353, , , , , , , 11.1369808, -0.0095674, , , , , , , , , , , , , , , , , , , , , , , , , , , , 
11.1375, 0.0243381, , , , , , , 11.1375, 0.0159457, , , , , , , 11.1375, -0.0105745, , , , , , , 11.1375, -0.0236667, , , , , , , , , , , , , , , , , , , , , , , , , , , , 
11.1380192, 0.0273594, , , , , , , 11.1380192, 0.0151064, , , , , , , 11.1380192, -0.0142672, , , , , , , 11.1380192, -0.0364233, , , , , , , , , , , , , , , , , , , , , , , , , , , , 
11.1385385, 0.0344091, , , , , , , 11.1385385, 0.0125887, , , , , , , 11.1385385, -0.018967, , , , , , , 11.1385385, -0.0424659, , , , , , , , , , , , , , , , , , , , , , , , , , , , 
11.1390577, 0.0364233, , , , , , , 11.1390577, 0.0182956, , , , , , , 11.1390577, -0.0213169, , , , , , , 11.1390577, -0.0419623, , , , , , , , , , , , , , , , , , , , , , , , , , , , 
11.1395769, 0.03122, , , , , , , 11.1395769, 0.0345769, , , , , , , 11.1395769, -0.0226596, , , , , , , 11.1395769, -0.0379339, , , , , , , , , , , , , , , , , , , , , , , , , , , , 
11.1400962, 0.0196384, , , , , , , 11.1400962, 0.040116, , , , , , , 11.1400962, -0.0243381, , , , , , , 11.1400962, -0.0307164, , , , , , , , , , , , , , , , , , , , , , , , , , , , 
11.1406154, 0.0072175, , , , , , , 11.1406154, 0.0339055, , , , , , , 11.1406154, -0.0243381, , , , , , , 11.1406154, -0.0216526, , , , , , , , , , , , , , , , , , , , , , , , , , , , 
11.1411346, 0.0035248, , , , , , , 11.1411346, 0.0213169, , , , , , , 11.1411346, -0.0238346, , , , , , , 11.1411346, -0.0125887, , , , , , , , , , , , , , , , , , , , , , , , , , , , 
11.1416538, 0.0092317, , , , , , , 11.1416538, 0.002182, , , , , , , 11.1416538, -0.0253452, , , , , , , 11.1416538, -0.0035248, , , , , , , , , , , , , , , , , , , , , , , , , , , , 
11.1421731, 0.0182956, , , , , , , 11.1421731, -0.0157778, , , , , , , 11.1421731, -0.0260166, , , , , , , 11.1421731, 0.0062104, , , , , , , , , , , , , , , , , , , , , , , , , , , , 
11.1426923, 0.0276951, , , , , , , 11.1426923, -0.0236667, , , , , , , 11.1426923, -0.0224918, , , , , , , 11.1426923, 0.0146029, , , , , , , , , , , , , , , , , , , , , , , , , , , , 
11.1432115, 0.0281987, , , , , , , 11.1432115, -0.018967, , , , , , , 11.1432115, -0.0166171, , , , , , , 11.1432115, 0.0246738, , , , , , , , , , , , , , , , , , , , , , , , , , , , 
11.1437308, 0.026688, , , , , , , 11.1437308, -0.0102388, , , , , , , 11.1437308, -0.0129244, , , , , , , 11.1437308, 0.0347448, , , , , , , , , , , , , , , , , , , , , , , , , , , , 
11.14425, 0.0285344, , , , , , , 11.14425, -0.0105745, , , , , , , 11.14425, -0.012253, , , , , , , 11.14425, 0.0433051, , , , , , , , , , , , , , , , , , , , , , , , , , , , 
11.1447692, 0.026688, , , , , , , 11.1447692, -0.0152743, , , , , , , 11.1447692, -0.0129244, , , , , , , 11.1447692, 0.049012, , , , , , , , , , , , , , , , , , , , , , , , , , , , 
11.1452885, 0.0208133, , , , , , , 11.1452885, -0.0191348, , , , , , , 11.1452885, -0.0117494, , , , , , , 11.1452885, 0.0547189, , , , , , , , , , , , , , , , , , , , , , , , , , , , 
11.1458077, 0.0092317, , , , , , , 11.1458077, -0.0216526, , , , , , , 11.1458077, -0.0075532, , , , , , , 11.1458077, 0.0602579, , , , , , , , , , , , , , , , , , , , , , , , , , , , 
11.1463269, -0.0043641, , , , , , , 11.1463269, -0.0169528, , , , , , , 11.1463269, -0.0048676, , , , , , , 11.1463269, 0.0649577, , , , , , , , , , , , , , , , , , , , , , , , , , , , 
11.1468462, -0.0218204, , , , , , , 11.1468462, -0.0082246, , , , , , , 11.1468462, -0.0041962, , , , , , , 11.1468462, 0.0642863, , , , , , , , , , , , , , , , , , , , , , , , , , , , 
11.1473654, -0.0357519, , , , , , , 11.1473654, -0.0072175, , , , , , , 11.1473654, -0.0023499, , , , , , , 11.1473654, 0.0599222, , , , , , , , , , , , , , , , , , , , , , , , , , , , 
11.1478846, -0.0384375, , , , , , , 11.1478846, -0.0204776, , , , , , , 11.1478846, -0.0016785, , , , , , , 11.1478846, 0.0501869, , , , , , , , , , , , , , , , , , , , , , , , , , , , 
11.1484038, -0.0323949, , , , , , , 11.1484038, -0.0407874, , , , , , , 11.1484038, -0.0015106, , , , , , , 11.1484038, 0.0357519, , , , , , , , , , , , , , , , , , , , , , , , , , , , 
11.1489231, -0.0223239, , , , , , , 11.1489231, -0.054551, , , , , , , 11.1489231, -0.0001678, , , , , , , 11.1489231, 0.0236667, , , , , , , , , , , , , , , , , , , , , , , , , , , , 
11.1494423, -0.0117494, , , , , , , 11.1494423, -0.0589151, , , , , , , 11.1494423, -0.0001678, , , , , , , 11.1494423, 0.0179599, , , , , , , , , , , , , , , , , , , , , , , , , , , , 
11.1499615, 0.0008392, , , , , , , 11.1499615, -0.054551, , , , , , , 11.1499615, -0.0015106, , , , , , , 11.1499615, 0.0132601, , , , , , , , , , , , , , , , , , , , , , , , , , , , 
11.1504808, 0.0115816, , , , , , , 11.1504808, -0.0431373, , , , , , , 11.1504808, -0.0006714, , , , , , , 11.1504808, 0.0087282, , , , , , , , , , , , , , , , , , , , , , , , , , , , 
11.151, 0.0152743, , , , , , , 11.151, -0.0276951, , , , , , , 11.151, 0.0041962, , , , , , , 11.151, 0.0058747, , , , , , , , , , , , , , , , , , , , , , , , , , , , 
11.1515192, 0.012253, , , , , , , 11.1515192, -0.0109102, , , , , , , 11.1515192, 0.0102388, , , , , , , 11.1515192, 0.0038605, , , , , , , , , , , , , , , , , , , , , , , , , , , , 
11.1520385, 0.008896, , , , , , , 11.1520385, 0.0129244, , , , , , , 11.1520385, 0.0011749, , , , , , , 11.1520385, 0.0008392, , , , , , , , , , , , , , , , , , , , , , , , , , , , 
11.1525577, 0.0072175, , , , , , , 11.1525577, 0.0488441, , , , , , , 11.1525577, -0.0166171, , , , , , , 11.1525577, -0.0062104, , , , , , , , , , , , , , , , , , , , , , , , , , , , 
11.1530769, 0.0129244, , , , , , , 11.1530769, 0.0837568, , , , , , , 11.1530769, -0.026688, , , , , , , 11.1530769, -0.0109102, , , , , , , , , , , , , , , , , , , , , , , , , , , , 
11.1535962, 0.0169528, , , , , , , 11.1535962, 0.0951705, , , , , , , 11.1535962, -0.023331, , , , , , , 11.1535962, -0.0109102, , , , , , , , , , , , , , , , , , , , , , , , , , , , 
11.1541154, 0.0125887, , , , , , , 11.1541154, 0.076875, , , , , , , 11.1541154, -0.0142672, , , , , , , 11.1541154, -0.0102388, , , , , , , , , , , , , , , , , , , , , , , , , , , , 
11.1546346, 0.0065461, , , , , , , 11.1546346, 0.0349126, , , , , , , 11.1546346, -0.0075532, , , , , , , 11.1546346, -0.0102388, , , , , , , , , , , , , , , , , , , , , , , , , , , , 
11.1551538, 0.0075532, , , , , , , 11.1551538, -0.0340734, , , , , , , 11.1551538, -0.0016785, , , , , , , 11.1551538, -0.0095674, , , , , , , , , , , , , , , , , , , , , , , , , , , , 
11.1556731, 0.0125887, , , , , , , 11.1556731, -0.1022202, , , , , , , 11.1556731, 0.0046998, , , , , , , 11.1556731, -0.0095674, , , , , , , , , , , , , , , , , , , , , , , , , , , , 
11.1561923, 0.0203098, , , , , , , 11.1561923, -0.1327687, , , , , , , 11.1561923, 0.0078889, , , , , , , 11.1561923, -0.008896, , , , , , , , , , , , , , , , , , , , , , , , , , , , 
11.1567115, 0.0270237, , , , , , , 11.1567115, -0.1169909, , , , , , , 11.1567115, 0.0072175, , , , , , , 11.1567115, -0.0075532, , , , , , , , , , , , , , , , , , , , , , , , , , , , 
11.1572308, 0.0293736, , , , , , , 11.1572308, -0.0636149, , , , , , , 11.1572308, 0.0011749, , , , , , , 11.1572308, -0.0095674, , , , , , , , , , , , , , , , , , , , , , , , , , , , 
11.15775, 0.0307164, , , , , , , 11.15775, -0.0099031, , , , , , , 11.15775, -0.0041962, , , , , , , 11.15775, -0.0157778, , , , , , , , , , , , , , , , , , , , , , , , , , , , 
11.1582692, 0.0360876, , , , , , , 11.1582692, 0.0125887, , , , , , , 11.1582692, -0.0048676, , , , , , , 11.1582692, -0.0231632, , , , , , , , , , , , , , , , , , , , , , , , , , , , 
11.1587885, 0.0488441, , , , , , , 11.1587885, 0.0270237, , , , , , , 11.1587885, -0.0035248, , , , , , , 11.1587885, -0.0263523, , , , , , , , , , , , , , , , , , , , , , , , , , , , 
11.1593077, 0.057908, , , , , , , 11.1593077, 0.0770428, , , , , , , 11.1593077, -0.0041962, , , , , , , 11.1593077, -0.0271916, , , , , , , , , , , , , , , , , , , , , , , , , , , , 
11.1598269, 0.0626078, , , , , , , 11.1598269, 0.1258869, , , , , , , 11.1598269, -0.005539, , , , , , , 11.1598269, -0.0273594, , , , , , , , , , , , , , , , , , , , , , , , , , , , 
11.1603462, 0.0636149, , , , , , , 11.1603462, 0.1173266, , , , , , , 11.1603462, -0.0068818, , , , , , , 11.1603462, -0.0248417, , , , , , , , , , , , , , , , , , , , , , , , , , , , 
11.1608654, 0.0585794, , , , , , , 11.1608654, 0.0619364, , , , , , , 11.1608654, -0.008896, , , , , , , 11.1608654, -0.0223239, , , , , , , , , , , , , , , , , , , , , , , , , , , , 
11.1613846, 0.0475013, , , , , , , 11.1613846, -0.002182, , , , , , , 11.1613846, -0.0129244, , , , , , , 11.1613846, -0.0176242, , , , , , , , , , , , , , , , , , , , , , , , , , , , 
11.1619038, 0.0365911, , , , , , , 11.1619038, -0.0532082, , , , , , , 11.1619038, -0.0166171, , , , , , , 11.1619038, -0.0109102, , , , , , , , , , , , , , , , , , , , , , , , , , , , 
11.1624231, 0.0280308, , , , , , , 11.1624231, -0.0834211, , , , , , , 11.1624231, -0.0169528, , , , , , , 11.1624231, -0.0025177, , , , , , , , , , , , , , , , , , , , , , , , , , , , 
11.1629423, 0.0193027, , , , , , , 11.1629423, -0.1022202, , , , , , , 11.1629423, -0.0135958, , , , , , , 11.1629423, 0.0058747, , , , , , , , , , , , , , , , , , , , , , , , , , , , 
11.1634615, 0.0152743, , , , , , , 11.1634615, -0.1230335, , , , , , , 11.1634615, -0.0109102, , , , , , , 11.1634615, 0.0132601, , , , , , , , , , , , , , , , , , , , , , , , , , , , 
11.1639808, 0.0090639, , , , , , , 11.1639808, -0.1460288, , , , , , , 11.1639808, -0.0095674, , , , , , , 11.1639808, 0.0199741, , , , , , , , , , , , , , , , , , , , , , , , , , , , 
11.1645, -0.0016785, , , , , , , 11.1645, -0.1475395, , , , , , , 11.1645, -0.0075532, , , , , , , 11.1645, 0.0280308, , , , , , , , , , , , , , , , , , , , , , , , , , , , 
11.1650192, -0.0115816, , , , , , , 11.1650192, -0.1149767, , , , , , , 11.1650192, -0.0070497, , , , , , , 11.1650192, 0.0350805, , , , , , , , , , , , , , , , , , , , , , , , , , , , 
11.1655385, -0.0159457, , , , , , , 11.1655385, -0.0558938, , , , , , , 11.1655385, -0.008896, , , , , , , 11.1655385, 0.0387732, , , , , , , , , , , , , , , , , , , , , , , , , , , , 
11.1660577, -0.0196384, , , , , , , 11.1660577, 0.0025177, , , , , , , 11.1660577, -0.012253, , , , , , , 11.1660577, 0.0424659, , , , , , , , , , , , , , , , , , , , , , , , , , , , 
11.1665769, -0.0229953, , , , , , , 11.1665769, 0.0485084, , , , , , , 11.1665769, -0.01561, , , , , , , 11.1665769, 0.0468299, , , , , , , , , , , , , , , , , , , , , , , , , , , , 
11.1670962, -0.0229953, , , , , , , 11.1670962, 0.0817426, , , , , , , 11.1670962, -0.0162814, , , , , , , 11.1670962, 0.0498512, , , , , , , , , , , , , , , , , , , , , , , , , , , , 
11.1676154, -0.023331, , , , , , , 11.1676154, 0.0822461, , , , , , , 11.1676154, -0.0142672, , , , , , , 11.1676154, 0.0488441, , , , , , , , , , , , , , , , , , , , , , , , , , , , 
11.1681346, -0.026688, , , , , , , 11.1681346, 0.0495155, , , , , , , 11.1681346, -0.0142672, , , , , , , 11.1681346, 0.043473, , , , , , , , , , , , , , , , , , , , , , , , , , , , 
11.1686538, -0.0243381, , , , , , , 11.1686538, 0.0208133, , , , , , , 11.1686538, -0.0132601, , , , , , , 11.1686538, 0.0354162, , , , , , , , , , , , , , , , , , , , , , , , , , , , 
11.1691731, -0.0229953, , , , , , , 11.1691731, 0.0119173, , , , , , , 11.1691731, -0.0109102, , , , , , , 11.1691731, 0.027863, , , , , , , , , , , , , , , , , , , , , , , , , , , , 
11.1696923, -0.0250095, , , , , , , 11.1696923, 0.0115816, , , , , , , 11.1696923, -0.012253, , , , , , , 11.1696923, 0.0199741, , , , , , , , , , , , , , , , , , , , , , , , , , , , 
11.1702115, -0.0229953, , , , , , , 11.1702115, 0.0035248, , , , , , , 11.1702115, -0.014435, , , , , , , 11.1702115, 0.0112459, , , , , , , , , , , , , , , , , , , , , , , , , , , , 
11.1707308, -0.0169528, , , , , , , 11.1707308, -0.0162814, , , , , , , 11.1707308, -0.0149386, , , , , , , 11.1707308, 0.0025177, , , , , , , , , , , , , , , , , , , , , , , , , , , , 
11.17125, -0.0135958, , , , , , , 11.17125, -0.0307164, , , , , , , 11.17125, -0.0162814, , , , , , , 11.17125, -0.0015106, , , , , , , , , , , , , , , , , , , , , , , , , , , , 
11.1717692, -0.0062104, , , , , , , 11.1717692, -0.0337377, , , , , , , 11.1717692, -0.0149386, , , , , , , 11.1717692, 0.0003357, , , , , , , , , , , , , , , , , , , , , , , , , , , , 
11.1722885, 0.0095674, , , , , , , 11.1722885, -0.0332341, , , , , , , 11.1722885, -0.0109102, , , , , , , 11.1722885, 0.0045319, , , , , , , , , , , , , , , , , , , , , , , , , , , , 
11.1728077, 0.0198062, , , , , , , 11.1728077, -0.0169528, , , , , , , 11.1728077, -0.0085603, , , , , , , 11.1728077, 0.0085603, , , , , , , , , , , , , , , , , , , , , , , , , , , , 
11.1733269, 0.0213169, , , , , , , 11.1733269, 0.0035248, , , , , , , 11.1733269, -0.0075532, , , , , , , 11.1733269, 0.0075532, , , , , , , , , , , , , , , , , , , , , , , , , , , , 
11.1738462, 0.0258488, , , , , , , 11.1738462, -0.0001678, , , , , , , 11.1738462, -0.0058747, , , , , , , 11.1738462, 0.0052033, , , , , , , , , , , , , , , , , , , , , , , , , , , , 
11.1743654, 0.0293736, , , , , , , 11.1743654, -0.0124208, , , , , , , 11.1743654, -0.0028534, , , , , , , 11.1743654, 0.0031891, , , , , , , , , , , , , , , , , , , , , , , , , , , , 
11.1748846, 0.0271916, , , , , , , 11.1748846, -0.0135958, , , , , , , 11.1748846, 0.0011749, , , , , , , 11.1748846, 0.0041962, , , , , , , , , , , , , , , , , , , , , , , , , , , , 
11.1754038, 0.0238346, , , , , , , 11.1754038, -0.0062104, , , , , , , 11.1754038, 0.0038605, , , , , , , 11.1754038, 0.0052033, , , , , , , , , , , , , , , , , , , , , , , , , , , , 
11.1759231, 0.0206455, , , , , , , 11.1759231, -0.0001678, , , , , , , 11.1759231, 0.0057069, , , , , , , 11.1759231, 0.005539, , , , , , , , , , , , , , , , , , , , , , , , , , , , 
11.1764423, 0.0151064, , , , , , , 11.1764423, 0.0023499, , , , , , , 11.1764423, 0.0052033, , , , , , , 11.1764423, 0.0045319, , , , , , , , , , , , , , , , , , , , , , , , , , , , 
11.1769615, 0.0117494, , , , , , , 11.1769615, -0.0008392, , , , , , , 11.1769615, 0.0041962, , , , , , , 11.1769615, 0.0011749, , , , , , , , , , , , , , , , , , , , , , , , , , , , 
11.1774808, 0.0159457, , , , , , , 11.1774808, -0.0050355, , , , , , , 11.1774808, 0.0038605, , , , , , , 11.1774808, -0.005539, , , , , , , , , , , , , , , , , , , , , , , , , , , , 
11.178, 0.0218204, , , , , , , 11.178, -0.0035248, , , , , , , 11.178, 0.0016785, , , , , , , 11.178, -0.010071, , , , , , , , , , , , , , , , , , , , , , , , , , , , 
11.1785192, 0.0209812, , , , , , , 11.1785192, 0.0028534, , , , , , , 11.1785192, 0.0008392, , , , , , , 11.1785192, -0.0135958, , , , , , , , , , , , , , , , , , , , , , , , , , , , 
11.1790385, 0.0199741, , , , , , , 11.1790385, 0.0104067, , , , , , , 11.1790385, 0.0003357, , , , , , , 11.1790385, -0.0151064, , , , , , , , , , , , , , , , , , , , , , , , , , , , 
11.1795577, 0.0231632, , , , , , , 11.1795577, 0.0186313, , , , , , , 11.1795577, -0.0025177, , , , , , , 11.1795577, -0.0182956, , , , , , , , , , , , , , , , , , , , , , , , , , , , 
11.1800769, 0.0275273, , , , , , , 11.1800769, 0.0240024, , , , , , , 11.1800769, -0.0072175, , , , , , , 11.1800769, -0.0191348, , , , , , , , , , , , , , , , , , , , , , , , , , , , 
11.1805962, 0.0290379, , , , , , , 11.1805962, 0.0253452, , , , , , , 11.1805962, -0.0117494, , , , , , , 11.1805962, -0.0162814, , , , , , , , , , , , , , , , , , , , , , , , , , , , 
11.1811154, 0.0313878, , , , , , , 11.1811154, 0.0253452, , , , , , , 11.1811154, -0.0149386, , , , , , , 11.1811154, -0.0115816, , , , , , , , , , , , , , , , , , , , , , , , , , , , 
11.1816346, 0.0407874, , , , , , , 11.1816346, 0.0280308, , , , , , , 11.1816346, -0.01561, , , , , , , 11.1816346, -0.0035248, , , , , , , , , , , , , , , , , , , , , , , , , , , , 
11.1821538, 0.0441444, , , , , , , 11.1821538, 0.0270237, , , , , , , 11.1821538, -0.0139315, , , , , , , 11.1821538, 0.0065461, , , , , , , , , , , , , , , , , , , , , , , , , , , , 
11.1826731, 0.040116, , , , , , , 11.1826731, 0.0250095, , , , , , , 11.1826731, -0.012253, , , , , , , 11.1826731, 0.0157778, , , , , , , , , , , , , , , , , , , , , , , , , , , , 
11.1831923, 0.0323949, , , , , , , 11.1831923, 0.018967, , , , , , , 11.1831923, -0.0095674, , , , , , , 11.1831923, 0.0236667, , , , , , , , , , , , , , , , , , , , , , , , , , , , 
11.1837115, 0.017792, , , , , , , 11.1837115, 0.0082246, , , , , , , 11.1837115, -0.0085603, , , , , , , 11.1837115, 0.0347448, , , , , , , , , , , , , , , , , , , , , , , , , , , , 
11.1842308, 0.0041962, , , , , , , 11.1842308, 0.002182, , , , , , , 11.1842308, -0.0075532, , , , , , , 11.1842308, 0.0441444, , , , , , , , , , , , , , , , , , , , , , , , , , , , 
11.18475, -0.0038605, , , , , , , 11.18475, 0.0038605, , , , , , , 11.18475, -0.0063783, , , , , , , 11.18475, 0.0485084, , , , , , , , , , , , , , , , , , , , , , , , , , , , 
11.1852692, -0.0075532, , , , , , , 11.1852692, 0.0041962, , , , , , , 11.1852692, -0.0062104, , , , , , , 11.1852692, 0.0528725, , , , , , , , , , , , , , , , , , , , , , , , , , , , 
11.1857885, -0.0112459, , , , , , , 11.1857885, -0.0045319, , , , , , , 11.1857885, -0.0041962, , , , , , , 11.1857885, 0.0569009, , , , , , , , , , , , , , , , , , , , , , , , , , , , 
11.1863077, -0.0224918, , , , , , , 11.1863077, -0.018967, , , , , , , 11.1863077, -0.0015106, , , , , , , 11.1863077, 0.0589151, , , , , , , , , , , , , , , , , , , , , , , , , , , , 
11.1868269, -0.0307164, , , , , , , 11.1868269, -0.0365911, , , , , , , 11.1868269, -0.0031891, , , , , , , 11.1868269, 0.0595865, , , , , , , , , , , , , , , , , , , , , , , , , , , , 
11.1873462, -0.0256809, , , , , , , 11.1873462, -0.0508583, , , , , , , 11.1873462, -0.0045319, , , , , , , 11.1873462, 0.0569009, , , , , , , , , , , , , , , , , , , , , , , , , , , , 
11.1878654, -0.0050355, , , , , , , 11.1878654, -0.0498512, , , , , , , 11.1878654, -0.0048676, , , , , , , 11.1878654, 0.0498512, , , , , , , , , , , , , , , , , , , , , , , , , , , , 
11.1883846, 0.0206455, , , , , , , 11.1883846, -0.0360876, , , , , , , 11.1883846, -0.0038605, , , , , , , 11.1883846, 0.0406195, , , , , , , , , , , , , , , , , , , , , , , , , , , , 
11.1889038, 0.0339055, , , , , , , 11.1889038, -0.0187991, , , , , , , 11.1889038, -0.0025177, , , , , , , 11.1889038, 0.0345769, , , , , , , , , , , , , , , , , , , , , , , , , , , , 
11.1894231, 0.0337377, , , , , , , 11.1894231, -0.005539, , , , , , , 11.1894231, -0.0030213, , , , , , , 11.1894231, 0.0323949, , , , , , , , , , , , , , , , , , , , , , , , , , , , 
11.1899423, 0.0238346, , , , , , , 11.1899423, 0.0011749, , , , , , , 11.1899423, -0.0048676, , , , , , , 11.1899423, 0.0276951, , , , , , , , , , , , , , , , , , , , , , , , , , , , 
11.1904615, 0.0119173, , , , , , , 11.1904615, 0.0058747, , , , , , , 11.1904615, -0.0070497, , , , , , , 11.1904615, 0.021149, , , , , , , , , , , , , , , , , , , , , , , , , , , , 
11.1909808, 0.0046998, , , , , , , 11.1909808, 0.0119173, , , , , , , 11.1909808, -0.0114137, , , , , , , 11.1909808, 0.0149386, , , , , , , , , , , , , , , , , , , , , , , , , , , , 
11.1915, 0.0062104, , , , , , , 11.1915, 0.0105745, , , , , , , 11.1915, -0.0142672, , , , , , , 11.1915, 0.0092317, , , , , , , , , , , , , , , , , , , , , , , , , , , , 
11.1920192, 0.0125887, , , , , , , 11.1920192, 0.0035248, , , , , , , 11.1920192, -0.0152743, , , , , , , 11.1920192, 0.0065461, , , , , , , , , , , , , , , , , , , , , , , , , , , , 
11.1925385, 0.0115816, , , , , , , 11.1925385, -0.0018463, , , , , , , 11.1925385, -0.01561, , , , , , , 11.1925385, 0.0065461, , , , , , , , , , , , , , , , , , , , , , , , , , , , 
11.1930577, 0.0036927, , , , , , , 11.1930577, -0.0038605, , , , , , , 11.1930577, -0.0162814, , , , , , , 11.1930577, 0.0085603, , , , , , , , , , , , , , , , , , , , , , , , , , , , 
11.1935769, -0.0015106, , , , , , , 11.1935769, 0.0057069, , , , , , , 11.1935769, -0.0196384, , , , , , , 11.1935769, 0.0097353, , , , , , , , , , , , , , , , , , , , , , , , , , , , 
11.1940962, -0.0041962, , , , , , , 11.1940962, 0.024506, , , , , , , 11.1940962, -0.0193027, , , , , , , 11.1940962, 0.0109102, , , , , , , , , , , , , , , , , , , , , , , , , , , , 
11.1946154, -0.008896, , , , , , , 11.1946154, 0.0364233, , , , , , , 11.1946154, -0.0149386, , , , , , , 11.1946154, 0.0119173, , , , , , , , , , , , , , , , , , , , , , , , , , , , 
11.1951346, -0.0135958, , , , , , , 11.1951346, 0.0337377, , , , , , , 11.1951346, -0.0109102, , , , , , , 11.1951346, 0.0139315, , , , , , , , , , , , , , , , , , , , , , , , , , , , 
11.1956538, -0.0085603, , , , , , , 11.1956538, 0.0243381, , , , , , , 11.1956538, -0.0119173, , , , , , , 11.1956538, 0.0176242, , , , , , , , , , , , , , , , , , , , , , , , , , , , 
11.1961731, 0.0018463, , , , , , , 11.1961731, 0.0159457, , , , , , , 11.1961731, -0.0166171, , , , , , , 11.1961731, 0.0213169, , , , , , , , , , , , , , , , , , , , , , , , , , , , 
11.1966923, 0.0072175, , , , , , , 11.1966923, 0.008896, , , , , , , 11.1966923, -0.0172885, , , , , , , 11.1966923, 0.0209812, , , , , , , , , , , , , , , , , , , , , , , , , , , , 
11.1972115, 0.0139315, , , , , , , 11.1972115, -0.005539, , , , , , , 11.1972115, -0.01561, , , , , , , 11.1972115, 0.0159457, , , , , , , , , , , , , , , , , , , , , , , , , , , , 
11.1977308, 0.0226596, , , , , , , 11.1977308, -0.0283665, , , , , , , 11.1977308, -0.0149386, , , , , , , 11.1977308, 0.0085603, , , , , , , , , , , , , , , , , , , , , , , , , , , , 
11.19825, 0.0293736, , , , , , , 11.19825, -0.0464942, , , , , , , 11.19825, -0.0135958, , , , , , , 11.19825, 0.0025177, , , , , , , , , , , , , , , , , , , , , , , , , , , , 
11.1987692, 0.0419623, , , , , , , 11.1987692, -0.0505226, , , , , , , 11.1987692, -0.0124208, , , , , , , 11.1987692, -0.0001678, , , , , , , , , , , , , , , , , , , , , , , , , , , , 
11.1992885, 0.0589151, , , , , , , 11.1992885, -0.0488441, , , , , , , 11.1992885, -0.0083925, , , , , , , 11.1992885, -0.0006714, , , , , , , , , , , , , , , , , , , , , , , , , , , , 
11.1998077, 0.063447, , , , , , , 11.1998077, -0.0421302, , , , , , , 11.1998077, -0.0031891, , , , , , , 11.1998077, -0.0016785, , , , , , , , , , , , , , , , , , , , , , , , , , , , 
11.2003269, 0.06009, , , , , , , 11.2003269, -0.0276951, , , , , , , 11.2003269, -0.0001678, , , , , , , 11.2003269, -0.0031891, , , , , , , , , , , , , , , , , , , , , , , , , , , , 
11.2008462, 0.0565652, , , , , , , 11.2008462, -0.0102388, , , , , , , 11.2008462, 0.0011749, , , , , , , 11.2008462, -0.0031891, , , , , , , , , , , , , , , , , , , , , , , , , , , , 
11.2013654, 0.0565652, , , , , , , 11.2013654, 0.0105745, , , , , , , 11.2013654, 0.0028534, , , , , , , 11.2013654, -0.0003357, , , , , , , , , , , , , , , , , , , , , , , , , , , , 
11.2018846, 0.054551, , , , , , , 11.2018846, 0.0159457, , , , , , , 11.2018846, 0.0048676, , , , , , , 11.2018846, 0.0025177, , , , , , , , , , , , , , , , , , , , , , , , , , , , 
11.2024038, 0.0476692, , , , , , , 11.2024038, -0.0095674, , , , , , , 11.2024038, 0.0038605, , , , , , , 11.2024038, 0.0038605, , , , , , , , , , , , , , , , , , , , , , , , , , , , 
11.2029231, 0.0417945, , , , , , , 11.2029231, -0.0417945, , , , , , , 11.2029231, 0.0023499, , , , , , , 11.2029231, 0.0078889, , , , , , , , , , , , , , , , , , , , , , , , , , , , 
11.2034423, 0.0360876, , , , , , , 11.2034423, -0.0572366, , , , , , , 11.2034423, 0.005539, , , , , , , 11.2034423, 0.0162814, , , , , , , , , , , , , , , , , , , , , , , , , , , , 
11.2039615, 0.0290379, , , , , , , 11.2039615, -0.0532082, , , , , , , 11.2039615, 0.0065461, , , , , , , 11.2039615, 0.0256809, , , , , , , , , , , , , , , , , , , , , , , , , , , , 
11.2044808, 0.0216526, , , , , , , 11.2044808, -0.0369268, , , , , , , 11.2044808, 0.0025177, , , , , , , 11.2044808, 0.0330663, , , , , , , , , , , , , , , , , , , , , , , , , , , , 
11.205, 0.01561, , , , , , , 11.205, -0.0125887, , , , , , , 11.205, -0.0038605, , , , , , , 11.205, 0.0394446, , , , , , , , , , , , , , , , , , , , , , , , , , , , 
11.2055192, 0.0117494, , , , , , , 11.2055192, 0.0140993, , , , , , , 11.2055192, -0.008896, , , , , , , 11.2055192, 0.0433051, , , , , , , , , , , , , , , , , , , , , , , , , , , , 
11.2060385, 0.0109102, , , , , , , 11.2060385, 0.0186313, , , , , , , 11.2060385, -0.012253, , , , , , , 11.2060385, 0.0448157, , , , , , , , , , , , , , , , , , , , , , , , , , , , 
11.2065577, 0.008896, , , , , , , 11.2065577, -0.0082246, , , , , , , 11.2065577, -0.0114137, , , , , , , 11.2065577, 0.0454871, , , , , , , , , , , , , , , , , , , , , , , , , , , , 
11.2070769, 0.0028534, , , , , , , 11.2070769, -0.0310521, , , , , , , 11.2070769, -0.008896, , , , , , , 11.2070769, 0.0448157, , , , , , , , , , , , , , , , , , , , , , , , , , , , 
11.2075962, 0.0001678, , , , , , , 11.2075962, -0.0263523, , , , , , , 11.2075962, -0.005539, , , , , , , 11.2075962, 0.0411231, , , , , , , , , , , , , , , , , , , , , , , , , , , , 
11.2081154, 0.0058747, , , , , , , 11.2081154, 0.0005035, , , , , , , 11.2081154, 0.0011749, , , , , , , 11.2081154, 0.0339055, , , , , , , , , , , , , , , , , , , , , , , , , , , , 
11.2086346, 0.0206455, , , , , , , 11.2086346, 0.0260166, , , , , , , 11.2086346, 0.0087282, , , , , , , 11.2086346, 0.0253452, , , , , , , , , , , , , , , , , , , , , , , , , , , , 
11.2091538, 0.0285344, , , , , , , 11.2091538, 0.0471656, , , , , , , 11.2091538, 0.008896, , , , , , , 11.2091538, 0.0172885, , , , , , , , , , , , , , , , , , , , , , , , , , , , 
11.2096731, 0.026688, , , , , , , 11.2096731, 0.0676432, , , , , , , 11.2096731, 0.0018463, , , , , , , 11.2096731, 0.0129244, , , , , , , , , , , , , , , , , , , , , , , , , , , , 
11.2101923, 0.0226596, , , , , , , 11.2101923, 0.061265, , , , , , , 11.2101923, -0.0038605, , , , , , , 11.2101923, 0.0104067, , , , , , , , , , , , , , , , , , , , , , , , , , , , 
11.2107115, 0.0186313, , , , , , , 11.2107115, 0.021149, , , , , , , 11.2107115, -0.0048676, , , , , , , 11.2107115, 0.0085603, , , , , , , , , , , , , , , , , , , , , , , , , , , , 
11.2112308, 0.0120851, , , , , , , 11.2112308, -0.002182, , , , , , , 11.2112308, -0.0045319, , , , , , , 11.2112308, 0.0078889, , , , , , , , , , , , , , , , , , , , , , , , , , , , 
11.21175, 0.0038605, , , , , , , 11.21175, 0.0062104, , , , , , , 11.21175, -0.0048676, , , , , , , 11.21175, 0.0072175, , , , , , , , , , , , , , , , , , , , , , , , , , , , 
11.2122692, 0.0011749, , , , , , , 11.2122692, 0.0172885, , , , , , , 11.2122692, -0.0041962, , , , , , , 11.2122692, 0.0045319, , , , , , , , , , , , , , , , , , , , , , , , , , , , 
11.2127885, 0.0072175, , , , , , , 11.2127885, 0.0048676, , , , , , , 11.2127885, -0.0031891, , , , , , , 11.2127885, 0.0016785, , , , , , , , , , , , , , , , , , , , , , , , , , , , 
11.2133077, 0.0097353, , , , , , , 11.2133077, -0.0176242, , , , , , , 11.2133077, -0.0048676, , , , , , , 11.2133077, -0.0008392, , , , , , , , , , , , , , , , , , , , , , , , , , , , 
11.2138269, 0.0095674, , , , , , , 11.2138269, -0.0078889, , , , , , , 11.2138269, -0.0058747, , , , , , , 11.2138269, -0.002182, , , , , , , , , , , , , , , , , , , , , , , , , , , , 
11.2143462, 0.0124208, , , , , , , 11.2143462, 0.0216526, , , , , , , 11.2143462, -0.005539, , , , , , , 11.2143462, -0.002182, , , , , , , , , , , , , , , , , , , , , , , , , , , , 
11.2148654, 0.0104067, , , , , , , 11.2148654, 0.0337377, , , , , , , 11.2148654, -0.0092317, , , , , , , 11.2148654, -0.002182, , , , , , , , , , , , , , , , , , , , , , , , , , , , 
11.2153846, 0.0011749, , , , , , , 11.2153846, 0.0283665, , , , , , , 11.2153846, -0.0149386, , , , , , , 11.2153846, -0.0015106, , , , , , , , , , , , , , , , , , , , , , , , , , , , 
11.2159038, -0.0057069, , , , , , , 11.2159038, 0.0159457, , , , , , , 11.2159038, -0.0171206, , , , , , , 11.2159038, 0.0011749, , , , , , , , , , , , , , , , , , , , , , , , , , , , 
11.2164231, -0.0028534, , , , , , , 11.2164231, 0.0078889, , , , , , , 11.2164231, -0.018967, , , , , , , 11.2164231, 0.0043641, , , , , , , , , , , , , , , , , , , , , , , , , , , , 
11.2169423, 0.0038605, , , , , , , 11.2169423, -0.0015106, , , , , , , 11.2169423, -0.0209812, , , , , , , 11.2169423, 0.0052033, , , , , , , , , , , , , , , , , , , , , , , , , , , , 
11.2174615, 0.0090639, , , , , , , 11.2174615, -0.0162814, , , , , , , 11.2174615, -0.0229953, , , , , , , 11.2174615, 0.0005035, , , , , , , , , , , , , , , , , , , , , , , , , , , , 
11.2179808, 0.0109102, , , , , , , 11.2179808, -0.0485084, , , , , , , 11.2179808, -0.024506, , , , , , , 11.2179808, -0.0068818, , , , , , , , , , , , , , , , , , , , , , , , , , , , 
11.2185, 0.0169528, , , , , , , 11.2185, -0.0998703, , , , , , , 11.2185, -0.0223239, , , , , , , 11.2185, -0.0142672, , , , , , , , , , , , , , , , , , , , , , , , , , , , 
11.2190192, 0.0246738, , , , , , , 11.2190192, -0.1426719, , , , , , , 11.2190192, -0.0169528, , , , , , , 11.2190192, -0.0186313, , , , , , , , , , , , , , , , , , , , , , , , , , , , 
11.2195385, 0.0320592, , , , , , , 11.2195385, -0.1545892, , , , , , , 11.2195385, -0.0109102, , , , , , , 11.2195385, -0.0199741, , , , , , , , , , , , , , , , , , , , , , , , , , , , 
11.2200577, 0.0384375, , , , , , , 11.2200577, -0.1329366, , , , , , , 11.2200577, -0.0075532, , , , , , , 11.2200577, -0.0193027, , , , , , , , , , , , , , , , , , , , , , , , , , , , 
11.2205769, 0.0394446, , , , , , , 11.2205769, -0.0995346, , , , , , , 11.2205769, -0.0062104, , , , , , , 11.2205769, -0.0182956, , , , , , , , , , , , , , , , , , , , , , , , , , , , 
11.2210962, 0.0330663, , , , , , , 11.2210962, -0.0887922, , , , , , , 11.2210962, -0.0041962, , , , , , , 11.2210962, -0.0166171, , , , , , , , , , , , , , , , , , , , , , , , , , , , 
11.2216154, 0.027863, , , , , , , 11.2216154, -0.1116197, , , , , , , 11.2216154, 0.0010071, , , , , , , 11.2216154, -0.0135958, , , , , , , , , , , , , , , , , , , , , , , , , , , , 
11.2221346, 0.0258488, , , , , , , 11.2221346, -0.1320974, , , , , , , 11.2221346, 0.0052033, , , , , , , 11.2221346, -0.0073854, , , , , , , , , , , , , , , , , , , , , , , , , , , , 
11.2226538, 0.0236667, , , , , , , 11.2226538, -0.1131304, , , , , , , 11.2226538, 0.0058747, , , , , , , 11.2226538, 0.0018463, , , , , , , , , , , , , , , , , , , , , , , , , , , , 
11.2231731, 0.0199741, , , , , , , 11.2231731, -0.047837, , , , , , , 11.2231731, 0.002182, , , , , , , 11.2231731, 0.012253, , , , , , , , , , , , , , , , , , , , , , , , , , , , 
11.2236923, 0.0159457, , , , , , , 11.2236923, 0.0124208, , , , , , , 11.2236923, -0.0035248, , , , , , , 11.2236923, 0.0229953, , , , , , , , , , , , , , , , , , , , , , , , , , , , 
11.2242115, 0.0135958, , , , , , , 11.2242115, 0.0287022, , , , , , , 11.2242115, -0.0063783, , , , , , , 11.2242115, 0.0337377, , , , , , , , , , , , , , , , , , , , , , , , , , , , 
11.2247308, 0.0109102, , , , , , , 11.2247308, 0.0374304, , , , , , , 11.2247308, -0.0085603, , , , , , , 11.2247308, 0.0428016, , , , , , , , , , , , , , , , , , , , , , , , , , , , 
11.22525, 0.0075532, , , , , , , 11.22525, 0.0703288, , , , , , , 11.22525, -0.0112459, , , , , , , 11.22525, 0.0485084, , , , , , , , , , , , , , , , , , , , , , , , , , , , 
11.2257692, 0.0078889, , , , , , , 11.2257692, 0.124712, , , , , , , 11.2257692, -0.0115816, , , , , , , 11.2257692, 0.0515297, , , , , , , , , , , , , , , , , , , , , , , , , , , , 
11.2262885, 0.0142672, , , , , , , 11.2262885, 0.1623102, , , , , , , 11.2262885, -0.0099031, , , , , , , 11.2262885, 0.0535439, , , , , , , , , , , , , , , , , , , , , , , , , , , , 
11.2268077, 0.0125887, , , , , , , 11.2268077, 0.1579461, , , , , , , 11.2268077, -0.0072175, , , , , , , 11.2268077, 0.0562295, , , , , , , , , , , , , , , , , , , , , , , , , , , , 
11.2273269, 0.005539, , , , , , , 11.2273269, 0.1171588, , , , , , , 11.2273269, -0.0065461, , , , , , , 11.2273269, 0.0585794, , , , , , , , , , , , , , , , , , , , , , , , , , , , 
11.2278462, 0.0005035, , , , , , , 11.2278462, 0.0609293, , , , , , , 11.2278462, -0.0068818, , , , , , , 11.2278462, 0.0555581, , , , , , , , , , , , , , , , , , , , , , , , , , , , 
11.2283654, -0.0005035, , , , , , , 11.2283654, 0.0171206, , , , , , , 11.2283654, -0.0068818, , , , , , , 11.2283654, 0.0481727, , , , , , , , , , , , , , , , , , , , , , , , , , , , 
11.2288846, 0.0018463, , , , , , , 11.2288846, -0.0005035, , , , , , , 11.2288846, -0.0083925, , , , , , , 11.2288846, 0.0421302, , , , , , , , , , , , , , , , , , , , , , , , , , , , 
11.2294038, 0.0045319, , , , , , , 11.2294038, 0.0238346, , , , , , , 11.2294038, -0.0115816, , , , , , , 11.2294038, 0.0360876, , , , , , , , , , , , , , , , , , , , , , , , , , , , 
11.2299231, 0.0078889, , , , , , , 11.2299231, 0.0627756, , , , , , , 11.2299231, -0.0132601, , , , , , , 11.2299231, 0.0317235, , , , , , , , , , , , , , , , , , , , , , , , , , , , 
11.2304423, 0.0139315, , , , , , , 11.2304423, 0.0669718, , , , , , , 11.2304423, -0.0097353, , , , , , , 11.2304423, 0.0293736, , , , , , , , , , , , , , , , , , , , , , , , , , , , 
11.2309615, 0.0166171, , , , , , , 11.2309615, 0.0246738, , , , , , , 11.2309615, -0.0060426, , , , , , , 11.2309615, 0.026688, , , , , , , , , , , , , , , , , , , , , , , , , , , , 
11.2314808, 0.0125887, , , , , , , 11.2314808, -0.0243381, , , , , , , 11.2314808, -0.0068818, , , , , , , 11.2314808, 0.0213169, , , , , , , , , , , , , , , , , , , , , , , , , , , , 
11.232, 0.0058747, , , , , , , 11.232, -0.043473, , , , , , , 11.232, -0.012253, , , , , , , 11.232, 0.0159457, , , , , , , , , , , , , , , , , , , , , , , , , , , , 
11.2325192, -0.0028534, , , , , , , 11.2325192, -0.0293736, , , , , , , 11.2325192, -0.0152743, , , , , , , 11.2325192, 0.0119173, , , , , , , , , , , , , , , , , , , , , , , , , , , , 
11.2330385, -0.012253, , , , , , , 11.2330385, 0.0018463, , , , , , , 11.2330385, -0.0142672, , , , , , , 11.2330385, 0.0119173, , , , , , , , , , , , , , , , , , , , , , , , , , , , 
11.2335577, -0.0172885, , , , , , , 11.2335577, 0.010071, , , , , , , 11.2335577, -0.0125887, , , , , , , 11.2335577, 0.0115816, , , , , , , , , , , , , , , , , , , , , , , , , , , , 
11.2340769, -0.0151064, , , , , , , 11.2340769, -0.0292058, , , , , , , 11.2340769, -0.0112459, , , , , , , 11.2340769, 0.0102388, , , , , , , , , , , , , , , , , , , , , , , , , , , , 
11.2345962, -0.0115816, , , , , , , 11.2345962, -0.0998703, , , , , , , 11.2345962, -0.0105745, , , , , , , 11.2345962, 0.008896, , , , , , , , , , , , , , , , , , , , , , , , , , , , 
11.2351154, -0.0095674, , , , , , , 11.2351154, -0.163653, , , , , , , 11.2351154, -0.0109102, , , , , , , 11.2351154, 0.0095674, , , , , , , , , , , , , , , , , , , , , , , , , , , , 
11.2356346, -0.0016785, , , , , , , 11.2356346, -0.1784237, , , , , , , 11.2356346, -0.0104067, , , , , , , 11.2356346, 0.0132601, , , , , , , , , , , , , , , , , , , , , , , , , , , , 
11.2361538, 0.0045319, , , , , , , 11.2361538, -0.1592889, , , , , , , 11.2361538, -0.0068818, , , , , , , 11.2361538, 0.0135958, , , , , , , , , , , , , , , , , , , , , , , , , , , , 
11.2366731, 0.0038605, , , , , , , 11.2366731, -0.1535821, , , , , , , 11.2366731, -0.002182, , , , , , , 11.2366731, 0.0115816, , , , , , , , , , , , , , , , , , , , , , , , , , , , 
11.2371923, -0.0010071, , , , , , , 11.2371923, -0.1686885, , , , , , , 11.2371923, 0.0015106, , , , , , , 11.2371923, 0.0090639, , , , , , , , , , , , , , , , , , , , , , , , , , , , 
11.2377115, -0.0003357, , , , , , , 11.2377115, -0.1727169, , , , , , , 11.2377115, 0.0048676, , , , , , , 11.2377115, 0.0052033, , , , , , , , , , , , , , , , , , , , , , , , , , , , 
11.2382308, 0.0068818, , , , , , , 11.2382308, -0.1304189, , , , , , , 11.2382308, 0.0045319, , , , , , , 11.2382308, -0.0018463, , , , , , , , , , , , , , , , , , , , , , , , , , , , 
11.23875, 0.0149386, , , , , , , 11.23875, -0.0493477, , , , , , , 11.23875, 0.0008392, , , , , , , 11.23875, -0.0085603, , , , , , , , , , , , , , , , , , , , , , , , , , , , 
11.2392692, 0.0193027, , , , , , , 11.2392692, 0.0216526, , , , , , , 11.2392692, 0.0008392, , , , , , , 11.2392692, -0.0115816, , , , , , , , , , , , , , , , , , , , , , , , , , , , 
11.2397885, 0.0172885, , , , , , , 11.2397885, 0.0475013, , , , , , , 11.2397885, 0.0038605, , , , , , , 11.2397885, -0.0176242, , , , , , , , , , , , , , , , , , , , , , , , , , , , 
11.2403077, 0.0119173, , , , , , , 11.2403077, 0.040116, , , , , , , 11.2403077, 0.0036927, , , , , , , 11.2403077, -0.0240024, , , , , , , , , , , , , , , , , , , , , , , , , , , , 
11.2408269, 0.0129244, , , , , , , 11.2408269, 0.0280308, , , , , , , 11.2408269, -0.0031891, , , , , , , 11.2408269, -0.0240024, , , , , , , , , , , , , , , , , , , , , , , , , , , , 
11.2413462, 0.0166171, , , , , , , 11.2413462, 0.0075532, , , , , , , 11.2413462, -0.0077211, , , , , , , 11.2413462, -0.0182956, , , , , , , , , , , , , , , , , , , , , , , , , , , , 
11.2418654, 0.0182956, , , , , , , 11.2418654, -0.0297093, , , , , , , 11.2418654, -0.005539, , , , , , , 11.2418654, -0.0142672, , , , , , , , , , , , , , , , , , , , , , , , , , , , 
11.2423846, 0.0199741, , , , , , , 11.2423846, -0.0592508, , , , , , , 11.2423846, 0.0005035, , , , , , , 11.2423846, -0.0140993, , , , , , , , , , , , , , , , , , , , , , , , , , , , 
11.2429038, 0.0199741, , , , , , , 11.2429038, -0.0669718, , , , , , , 11.2429038, 0.0052033, , , , , , , 11.2429038, -0.0125887, , , , , , , , , , , , , , , , , , , , , , , , , , , , 
11.2434231, 0.0162814, , , , , , , 11.2434231, -0.0750286, , , , , , , 11.2434231, 0.0057069, , , , , , , 11.2434231, -0.0078889, , , , , , , , , , , , , , , , , , , , , , , , , , , , 
11.2439423, 0.0112459, , , , , , , 11.2439423, -0.0787213, , , , , , , 11.2439423, 0.0011749, , , , , , , 11.2439423, -0.0015106, , , , , , , , , , , , , , , , , , , , , , , , , , , , 
11.2444615, 0.002182, , , , , , , 11.2444615, -0.0518654, , , , , , , 11.2444615, -0.0082246, , , , , , , 11.2444615, 0.0041962, , , , , , , , , , , , , , , , , , , , , , , , , , , , 
11.2449808, -0.0085603, , , , , , , 11.2449808, 0.0001678, , , , , , , 11.2449808, -0.0199741, , , , , , , 11.2449808, 0.0078889, , , , , , , , , , , , , , , , , , , , , , , , , , , , 
11.2455, -0.0176242, , , , , , , 11.2455, 0.0448157, , , , , , , 11.2455, -0.0347448, , , , , , , 11.2455, 0.0132601, , , , , , , , , , , , , , , , , , , , , , , , , , , , 
11.2460192, -0.0193027, , , , , , , 11.2460192, 0.0555581, , , , , , , 11.2460192, -0.0438087, , , , , , , 11.2460192, 0.0172885, , , , , , , , , , , , , , , , , , , , , , , , , , , , 
11.2465385, -0.0186313, , , , , , , 11.2465385, 0.040116, , , , , , , 11.2465385, -0.0438087, , , , , , , 11.2465385, 0.0199741, , , , , , , , , , , , , , , , , , , , , , , , , , , , 
11.2470577, -0.0196384, , , , , , , 11.2470577, 0.0374304, , , , , , , 11.2470577, -0.0381018, , , , , , , 11.2470577, 0.0206455, , , , , , , , , , , , , , , , , , , , , , , , , , , , 
11.2475769, -0.0179599, , , , , , , 11.2475769, 0.0501869, , , , , , , 11.2475769, -0.0303807, , , , , , , 11.2475769, 0.0186313, , , , , , , , , , , , , , , , , , , , , , , , , , , , 
11.2480962, -0.0124208, , , , , , , 11.2480962, 0.0599222, , , , , , , 11.2480962, -0.0229953, , , , , , , 11.2480962, 0.0135958, , , , , , , , , , , , , , , , , , , , , , , , , , , , 
11.2486154, -0.0010071, , , , , , , 11.2486154, 0.0770428, , , , , , , 11.2486154, -0.0164492, , , , , , , 11.2486154, 0.005539, , , , , , , , , , , , , , , , , , , , , , , , , , , , 
11.2491346, 0.0117494, , , , , , , 11.2491346, 0.1094377, , , , , , , 11.2491346, -0.0117494, , , , , , , 11.2491346, 0.0005035, , , , , , , , , , , , , , , , , , , , , , , , , , , , 
11.2496538, 0.0223239, , , , , , , 11.2496538, 0.1260548, , , , , , , 11.2496538, -0.0072175, , , , , , , 11.2496538, 0.0015106, , , , , , , , , , , , , , , , , , , , , , , , , , , , 
11.2501731, 0.033402, , , , , , , 11.2501731, 0.1117876, , , , , , , 11.2501731, -0.0048676, , , , , , , 11.2501731, 0.0036927, , , , , , , , , , , , , , , , , , , , , , , , , , , , 
11.2506923, 0.0421302, , , , , , , 11.2506923, 0.0797284, , , , , , , 11.2506923, -0.0048676, , , , , , , 11.2506923, 0.0028534, , , , , , , , , , , , , , , , , , , , , , , , , , , , 
11.2512115, 0.0441444, , , , , , , 11.2512115, 0.0503548, , , , , , , 11.2512115, -0.0065461, , , , , , , 11.2512115, 0.0030213, , , , , , , , , , , , , , , , , , , , , , , , , , , , 
11.2517308, 0.0411231, , , , , , , 11.2517308, 0.0287022, , , , , , , 11.2517308, -0.005539, , , , , , , 11.2517308, 0.005539, , , , , , , , , , , , , , , , , , , , , , , , , , , , 
11.25225, 0.0392767, , , , , , , 11.25225, 0.0102388, , , , , , , 11.25225, -0.0016785, , , , , , , 11.25225, 0.0070497, , , , , , , , , , , , , , , , , , , , , , , , , , , , 
11.2527692, 0.0394446, , , , , , , 11.2527692, -0.0041962, , , , , , , 11.2527692, 0.0025177, , , , , , , 11.2527692, 0.0068818, , , , , , , , , , , , , , , , , , , , , , , , , , , , 
11.2532885, 0.0428016, , , , , , , 11.2532885, -0.005539, , , , , , , 11.2532885, 0.0018463, , , , , , , 11.2532885, 0.0065461, , , , , , , , , , , , , , , , , , , , , , , , , , , , 
11.2538077, 0.0428016, , , , , , , 11.2538077, 0.0038605, , , , , , , 11.2538077, -0.0041962, , , , , , , 11.2538077, 0.0041962, , , , , , , , , , , , , , , , , , , , , , , , , , , , 
11.2543269, 0.0397803, , , , , , , 11.2543269, 0.0085603, , , , , , , 11.2543269, -0.0129244, , , , , , , 11.2543269, 0.0035248, , , , , , , , , , , , , , , , , , , , , , , , , , , , 
11.2548462, 0.0387732, , , , , , , 11.2548462, 0.0050355, , , , , , , 11.2548462, -0.0213169, , , , , , , 11.2548462, 0.0036927, , , , , , , , , , , , , , , , , , , , , , , , , , , , 
11.2553654, 0.0354162, , , , , , , 11.2553654, -0.0008392, , , , , , , 11.2553654, -0.0250095, , , , , , , 11.2553654, 0.0005035, , , , , , , , , , , , , , , , , , , , , , , , , , , , 
11.2558846, 0.0290379, , , , , , , 11.2558846, -0.002182, , , , , , , 11.2558846, -0.0229953, , , , , , , 11.2558846, 0.0015106, , , , , , , , , , , , , , , , , , , , , , , , , , , , 
11.2564038, 0.0203098, , , , , , , 11.2564038, 0.0015106, , , , , , , 11.2564038, -0.018967, , , , , , , 11.2564038, 0.0065461, , , , , , , , , , , , , , , , , , , , , , , , , , , , 
11.2569231, 0.0127565, , , , , , , 11.2569231, 0.01561, , , , , , , 11.2569231, -0.0142672, , , , , , , 11.2569231, 0.0119173, , , , , , , , , , , , , , , , , , , , , , , , , , , , 
11.2574423, 0.0125887, , , , , , , 11.2574423, 0.0307164, , , , , , , 11.2574423, -0.0082246, , , , , , , 11.2574423, 0.0146029, , , , , , , , , , , , , , , , , , , , , , , , , , , , 
11.2579615, 0.0196384, , , , , , , 11.2579615, 0.0349126, , , , , , , 11.2579615, -0.0028534, , , , , , , 11.2579615, 0.0112459, , , , , , , , , , , , , , , , , , , , , , , , , , , , 
11.2584808, 0.0260166, , , , , , , 11.2584808, 0.023331, , , , , , , 11.2584808, -0.0015106, , , , , , , 11.2584808, 0.0099031, , , , , , , , , , , , , , , , , , , , , , , , , , , , 
11.259, 0.0246738, , , , , , , 11.259, 0.0058747, , , , , , , 11.259, -0.0025177, , , , , , , 11.259, 0.0130922, , , , , , , , , , , , , , , , , , , , , , , , , , , , 
11.2595192, 0.0224918, , , , , , , 11.2595192, -0.0075532, , , , , , , 11.2595192, -0.0041962, , , , , , , 11.2595192, 0.0169528, , , , , , , , , , , , , , , , , , , , , , , , , , , , 
11.2600385, 0.0250095, , , , , , , 11.2600385, -0.0062104, , , , , , , 11.2600385, -0.005539, , , , , , , 11.2600385, 0.0186313, , , , , , , , , , , , , , , , , , , , , , , , , , , , 
11.2605577, 0.0250095, , , , , , , 11.2605577, 0.0031891, , , , , , , 11.2605577, -0.005539, , , , , , , 11.2605577, 0.018967, , , , , , , , , , , , , , , , , , , , , , , , , , , , 
11.2610769, 0.0169528, , , , , , , 11.2610769, 0.0063783, , , , , , , 11.2610769, -0.0048676, , , , , , , 11.2610769, 0.021149, , , , , , , , , , , , , , , , , , , , , , , , , , , , 
11.2615962, 0.0078889, , , , , , , 11.2615962, 0.0035248, , , , , , , 11.2615962, -0.0038605, , , , , , , 11.2615962, 0.0246738, , , , , , , , , , , , , , , , , , , , , , , , , , , , 
11.2621154, 0.008896, , , , , , , 11.2621154, 0.0075532, , , , , , , 11.2621154, -0.0031891, , , , , , , 11.2621154, 0.027863, , , , , , , , , , , , , , , , , , , , , , , , , , , , 
11.2626346, 0.0146029, , , , , , , 11.2626346, 0.0370947, , , , , , , 11.2626346, -0.0038605, , , , , , , 11.2626346, 0.0270237, , , , , , , , , , , , , , , , , , , , , , , , , , , , 
11.2631538, 0.0179599, , , , , , , 11.2631538, 0.0575723, , , , , , , 11.2631538, -0.0046998, , , , , , , 11.2631538, 0.0283665, , , , , , , , , , , , , , , , , , , , , , , , , , , , 
11.2636731, 0.0164492, , , , , , , 11.2636731, 0.0357519, , , , , , , 11.2636731, -0.0050355, , , , , , , 11.2636731, 0.0337377, , , , , , , , , , , , , , , , , , , , , , , , , , , , 
11.2641923, 0.0078889, , , , , , , 11.2641923, 0.0085603, , , , , , , 11.2641923, -0.002182, , , , , , , 11.2641923, 0.0397803, , , , , , , , , , , , , , , , , , , , , , , , , , , , 
11.2647115, -0.003357, , , , , , , 11.2647115, 0.002182, , , , , , , 11.2647115, 0.0041962, , , , , , , 11.2647115, 0.0439765, , , , , , , , , , , , , , , , , , , , , , , , , , , , 
11.2652308, -0.012253, , , , , , , 11.2652308, 0.0139315, , , , , , , 11.2652308, 0.0109102, , , , , , , 11.2652308, 0.0488441, , , , , , , , , , , , , , , , , , , , , , , , , , , , 
11.26575, -0.01561, , , , , , , 11.26575, 0.0374304, , , , , , , 11.26575, 0.0130922, , , , , , , 11.26575, 0.0522011, , , , , , , , , , , , , , , , , , , , , , , , , , , , 
11.2662692, -0.0130922, , , , , , , 11.2662692, 0.0508583, , , , , , , 11.2662692, 0.012253, , , , , , , 11.2662692, 0.0535439, , , , , , , , , , , , , , , , , , , , , , , , , , , , 
11.2667885, -0.0109102, , , , , , , 11.2667885, 0.0441444, , , , , , , 11.2667885, 0.0119173, , , , , , , 11.2667885, 0.054551, , , , , , , , , , , , , , , , , , , , , , , , , , , , 
11.2673077, -0.0139315, , , , , , , 11.2673077, 0.0488441, , , , , , , 11.2673077, 0.0105745, , , , , , , 11.2673077, 0.0528725, , , , , , , , , , , , , , , , , , , , , , , , , , , , 
11.2678269, -0.0129244, , , , , , , 11.2678269, 0.0632792, , , , , , , 11.2678269, 0.0095674, , , , , , , 11.2678269, 0.0451514, , , , , , , , , , , , , , , , , , , , , , , , , , , , 
11.2683462, -0.0095674, , , , , , , 11.2683462, 0.0622721, , , , , , , 11.2683462, 0.0068818, , , , , , , 11.2683462, 0.0364233, , , , , , , , , , , , , , , , , , , , , , , , , , , , 
11.2688654, -0.0075532, , , , , , , 11.2688654, 0.0154421, , , , , , , 11.2688654, 0.0031891, , , , , , , 11.2688654, 0.026688, , , , , , , , , , , , , , , , , , , , , , , , , , , , 
11.2693846, -0.0045319, , , , , , , 11.2693846, -0.0673075, , , , , , , 11.2693846, -0.0018463, , , , , , , 11.2693846, 0.0182956, , , , , , , , , , , , , , , , , , , , , , , , , , , , 
11.2699038, -0.0062104, , , , , , , 11.2699038, -0.1129625, , , , , , , 11.2699038, -0.0038605, , , , , , , 11.2699038, 0.0115816, , , , , , , , , , , , , , , , , , , , , , , , , , , , 
11.2704231, -0.0095674, , , , , , , 11.2704231, -0.096849, , , , , , , 11.2704231, -0.0041962, , , , , , , 11.2704231, 0.0078889, , , , , , , , , , , , , , , , , , , , , , , , , , , , 
11.2709423, -0.0085603, , , , , , , 11.2709423, -0.0710002, , , , , , , 11.2709423, -0.0102388, , , , , , , 11.2709423, 0.0065461, , , , , , , , , , , , , , , , , , , , , , , , , , , , 
11.2714615, -0.0062104, , , , , , , 11.2714615, -0.0669718, , , , , , , 11.2714615, -0.0229953, , , , , , , 11.2714615, 0.0035248, , , , , , , , , , , , , , , , , , , , , , , , , , , , 
11.2719808, -0.0075532, , , , , , , 11.2719808, -0.0889601, , , , , , , 11.2719808, -0.0411231, , , , , , , 11.2719808, 0.0005035, , , , , , , , , , , , , , , , , , , , , , , , , , , , 
11.2725, -0.005539, , , , , , , 11.2725, -0.1018845, , , , , , , 11.2725, -0.0706645, , , , , , , 11.2725, -0.0005035, , , , , , , , , , , , , , , , , , , , , , , , , , , , 
11.2730192, 0.0016785, , , , , , , 11.2730192, -0.0837568, , , , , , , 11.2730192, -0.0998703, , , , , , , 11.2730192, -0.0018463, , , , , , , , , , , , , , , , , , , , , , , , , , , , 
11.2735385, 0.0077211, , , , , , , 11.2735385, -0.0760357, , , , , , , 11.2735385, -0.103563, , , , , , , 11.2735385, -0.0058747, , , , , , , , , , , , , , , , , , , , , , , , , , , , 
11.2740577, 0.0135958, , , , , , , 11.2740577, -0.090135, , , , , , , 11.2740577, -0.0803998, , , , , , , 11.2740577, -0.0097353, , , , , , , , , , , , , , , , , , , , , , , , , , , , 
11.2745769, 0.0193027, , , , , , , 11.2745769, -0.0810712, , , , , , , 11.2745769, -0.04448, , , , , , , 11.2745769, -0.0104067, , , , , , , , , , , , , , , , , , , , , , , , , , , , 
11.2750962, 0.0240024, , , , , , , 11.2750962, -0.0513619, , , , , , , 11.2750962, -0.0102388, , , , , , , 11.2750962, -0.0087282, , , , , , , , , , , , , , , , , , , , , , , , , , , , 
11.2756154, 0.0243381, , , , , , , 11.2756154, -0.0441444, , , , , , , 11.2756154, 0.0152743, , , , , , , 11.2756154, -0.0085603, , , , , , , , , , , , , , , , , , , , , , , , , , , , 
11.2761346, 0.026688, , , , , , , 11.2761346, -0.0582437, , , , , , , 11.2761346, 0.030045, , , , , , , 11.2761346, -0.0092317, , , , , , , , , , , , , , , , , , , , , , , , , , , , 
11.2766538, 0.0263523, , , , , , , 11.2766538, -0.0540475, , , , , , , 11.2766538, 0.0360876, , , , , , , 11.2766538, -0.0117494, , , , , , , , , , , , , , , , , , , , , , , , , , , , 
11.2771731, 0.0224918, , , , , , , 11.2771731, -0.0307164, , , , , , , 11.2771731, 0.0391089, , , , , , , 11.2771731, -0.01561, , , , , , , , , , , , , , , , , , , , , , , , , , , , 
11.2776923, 0.0226596, , , , , , , 11.2776923, -0.0293736, , , , , , , 11.2776923, 0.0428016, , , , , , , 11.2776923, -0.0218204, , , , , , , , , , , , , , , , , , , , , , , , , , , , 
11.2782115, 0.0276951, , , , , , , 11.2782115, -0.0807355, , , , , , , 11.2782115, 0.0475013, , , , , , , 11.2782115, -0.0297093, , , , , , , , , , , , , , , , , , , , , , , , , , , , 
11.2787308, 0.0323949, , , , , , , 11.2787308, -0.1237049, , , , , , , 11.2787308, 0.0464942, , , , , , , 11.2787308, -0.0370947, , , , , , , , , , , , , , , , , , , , , , , , , , , , 
11.27925, 0.0374304, , , , , , , 11.27925, -0.0809033, , , , , , , 11.27925, 0.0426337, , , , , , , 11.27925, -0.0417945, , , , , , , , , , , , , , , , , , , , , , , , , , , , 
11.2797692, 0.0441444, , , , , , , 11.2797692, -0.0062104, , , , , , , 11.2797692, 0.0381018, , , , , , , 11.2797692, -0.0411231, , , , , , , , , , , , , , , , , , , , , , , , , , , , 
11.2802885, 0.0488441, , , , , , , 11.2802885, 0.0105745, , , , , , , 11.2802885, 0.0290379, , , , , , , 11.2802885, -0.0377661, , , , , , , , , , , , , , , , , , , , , , , , , , , , 
11.2808077, 0.043473, , , , , , , 11.2808077, -0.0149386, , , , , , , 11.2808077, 0.0154421, , , , , , , 11.2808077, -0.0310521, , , , , , , , , , , , , , , , , , , , , , , , , , , , 
11.2813269, 0.0340734, , , , , , , 11.2813269, -0.0280308, , , , , , , 11.2813269, 0.0038605, , , , , , , 11.2813269, -0.0218204, , , , , , , , , , , , , , , , , , , , , , , , , , , , 
11.2818462, 0.0276951, , , , , , , 11.2818462, -0.0065461, , , , , , , 11.2818462, -0.0057069, , , , , , , 11.2818462, -0.0109102, , , , , , , , , , , , , , , , , , , , , , , , , , , , 
11.2823654, 0.0219883, , , , , , , 11.2823654, 0.0302129, , , , , , , 11.2823654, -0.0129244, , , , , , , 11.2823654, -0.0008392, , , , , , , , , , , , , , , , , , , , , , , , , , , , 
11.2828846, 0.017792, , , , , , , 11.2828846, 0.0518654, , , , , , , 11.2828846, -0.0169528, , , , , , , 11.2828846, 0.0072175, , , , , , , , , , , , , , , , , , , , , , , , , , , , 
11.2834038, 0.0159457, , , , , , , 11.2834038, 0.0599222, , , , , , , 11.2834038, -0.0196384, , , , , , , 11.2834038, 0.0139315, , , , , , , , , , , , , , , , , , , , , , , , , , , , 
11.2839231, 0.0085603, , , , , , , 11.2839231, 0.0421302, , , , , , , 11.2839231, -0.0243381, , , , , , , 11.2839231, 0.023331, , , , , , , , , , , , , , , , , , , , , , , , , , , , 
11.2844423, -0.0020142, , , , , , , 11.2844423, -0.0102388, , , , , , , 11.2844423, -0.0280308, , , , , , , 11.2844423, 0.0313878, , , , , , , , , , , , , , , , , , , , , , , , , , , , 
11.2849615, -0.0065461, , , , , , , 11.2849615, -0.049012, , , , , , , 11.2849615, -0.0307164, , , , , , , 11.2849615, 0.0347448, , , , , , , , , , , , , , , , , , , , , , , , , , , , 
11.2854808, -0.0028534, , , , , , , 11.2854808, -0.023331, , , , , , , 11.2854808, -0.0310521, , , , , , , 11.2854808, 0.0381018, , , , , , , , , , , , , , , , , , , , , , , , , , , , 
11.286, 0.0003357, , , , , , , 11.286, 0.0166171, , , , , , , 11.286, -0.0320592, , , , , , , 11.286, 0.0458228, , , , , , , , , , , , , , , , , , , , , , , , , , , , 
11.2865192, -0.0062104, , , , , , , 11.2865192, 0.005539, , , , , , , 11.2865192, -0.0344091, , , , , , , 11.2865192, 0.0548867, , , , , , , , , , , , , , , , , , , , , , , , , , , , 
11.2870385, -0.0097353, , , , , , , 11.2870385, -0.0404517, , , , , , , 11.2870385, -0.0350805, , , , , , , 11.2870385, 0.0609293, , , , , , , , , , , , , , , , , , , , , , , , , , , , 
11.2875577, -0.0015106, , , , , , , 11.2875577, -0.0713359, , , , , , , 11.2875577, -0.0337377, , , , , , , 11.2875577, 0.0616007, , , , , , , , , , , , , , , , , , , , , , , , , , , , 
11.2880769, 0.0097353, , , , , , , 11.2880769, -0.0716716, , , , , , , 11.2880769, -0.030045, , , , , , , 11.2880769, 0.0569009, , , , , , , , , , , , , , , , , , , , , , , , , , , , 
11.2885962, 0.0164492, , , , , , , 11.2885962, -0.0542153, , , , , , , 11.2885962, -0.0238346, , , , , , , 11.2885962, 0.0540475, , , , , , , , , , , , , , , , , , , , , , , , , , , , 
11.2891154, 0.0209812, , , , , , , 11.2891154, -0.0070497, , , , , , , 11.2891154, -0.0196384, , , , , , , 11.2891154, 0.0552224, , , , , , , , , , , , , , , , , , , , , , , , , , , , 
11.2896346, 0.0219883, , , , , , , 11.2896346, 0.0783856, , , , , , , 11.2896346, -0.0149386, , , , , , , 11.2896346, 0.0555581, , , , , , , , , , , , , , , , , , , , , , , , , , , , 
11.2901538, 0.0151064, , , , , , , 11.2901538, 0.1576104, , , , , , , 11.2901538, -0.0109102, , , , , , , 11.2901538, 0.0547189, , , , , , , , , , , , , , , , , , , , , , , , , , , , 
11.2906731, 0.0048676, , , , , , , 11.2906731, 0.1978943, , , , , , , 11.2906731, -0.0090639, , , , , , , 11.2906731, 0.0542153, , , , , , , , , , , , , , , , , , , , , , , , , , , , 
11.2911923, 0.0028534, , , , , , , 11.2911923, 0.1529107, , , , , , , 11.2911923, -0.0139315, , , , , , , 11.2911923, 0.0548867, , , , , , , , , , , , , , , , , , , , , , , , , , , , 
11.2917115, 0.0036927, , , , , , , 11.2917115, 0.0750286, , , , , , , 11.2917115, -0.0226596, , , , , , , 11.2917115, 0.054551, , , , , , , , , , , , , , , , , , , , , , , , , , , , 
11.2922308, 0.0048676, , , , , , , 11.2922308, 0.0280308, , , , , , , 11.2922308, -0.0243381, , , , , , , 11.2922308, 0.0508583, , , , , , , , , , , , , , , , , , , , , , , , , , , , 
11.29275, 0.0095674, , , , , , , 11.29275, -0.005539, , , , , , , 11.29275, -0.0129244, , , , , , , 11.29275, 0.0491798, , , , , , , , , , , , , , , , , , , , , , , , , , , , 
11.2932692, 0.0199741, , , , , , , 11.2932692, -0.0464942, , , , , , , 11.2932692, 0.0072175, , , , , , , 11.2932692, 0.0495155, , , , , , , , , , , , , , , , , , , , , , , , , , , , 
11.2937885, 0.026688, , , , , , , 11.2937885, -0.0971847, , , , , , , 11.2937885, 0.0290379, , , , , , , 11.2937885, 0.0459907, , , , , , , , , , , , , , , , , , , , , , , , , , , , 
11.2943077, 0.0246738, , , , , , , 11.2943077, -0.1258869, , , , , , , 11.2943077, 0.0459907, , , , , , , 11.2943077, 0.0397803, , , , , , , , , , , , , , , , , , , , , , , , , , , , 
11.2948269, 0.0206455, , , , , , , 11.2948269, -0.1169909, , , , , , , 11.2948269, 0.0518654, , , , , , , 11.2948269, 0.0340734, , , , , , , , , , , , , , , , , , , , , , , , , , , , 
11.2953462, 0.0199741, , , , , , , 11.2953462, -0.1156481, , , , , , , 11.2953462, 0.0495155, , , , , , , 11.2953462, 0.0263523, , , , , , , , , , , , , , , , , , , , , , , , , , , , 
11.2958654, 0.0213169, , , , , , , 11.2958654, -0.1297475, , , , , , , 11.2958654, 0.0428016, , , , , , , 11.2958654, 0.0152743, , , , , , , , , , , , , , , , , , , , , , , , , , , , 
11.2963846, 0.0199741, , , , , , , 11.2963846, -0.1044022, , , , , , , 11.2963846, 0.0382696, , , , , , , 11.2963846, 0.0050355, , , , , , , , , , , , , , , , , , , , , , , , , , , , 
11.2969038, 0.0179599, , , , , , , 11.2969038, -0.0124208, , , , , , , 11.2969038, 0.0320592, , , , , , , 11.2969038, -0.0025177, , , , , , , , , , , , , , , , , , , , , , , , , , , , 
11.2974231, 0.0224918, , , , , , , 11.2974231, 0.0887922, , , , , , , 11.2974231, 0.0186313, , , , , , , 11.2974231, -0.0142672, , , , , , , , , , , , , , , , , , , , , , , , , , , , 
11.2979423, 0.0332341, , , , , , , 11.2979423, 0.1240406, , , , , , , 11.2979423, 0.0003357, , , , , , , 11.2979423, -0.0283665, , , , , , , , , , , , , , , , , , , , , , , , , , , , 
11.2984615, 0.0428016, , , , , , , 11.2984615, 0.1119554, , , , , , , 11.2984615, -0.0129244, , , , , , , 11.2984615, -0.0384375, , , , , , , , , , , , , , , , , , , , , , , , , , , , 
11.2989808, 0.0481727, , , , , , , 11.2989808, 0.1200122, , , , , , , 11.2989808, -0.0219883, , , , , , , 11.2989808, -0.0438087, , , , , , , , , , , , , , , , , , , , , , , , , , , , 
11.2995, 0.0535439, , , , , , , 11.2995, 0.205951, , , , , , , 11.2995, -0.0310521, , , , , , , 11.2995, -0.0461585, , , , , , , , , , , , , , , , , , , , , , , , , , , , 
11.3000192, 0.0622721, , , , , , , 11.3000192, 0.3153887, , , , , , , 11.3000192, -0.0394446, , , , , , , 11.3000192, -0.047837, , , , , , , , , , , , , , , , , , , , , , , , , , , , 
11.3005385, 0.0683146, , , , , , , 11.3005385, 0.3892424, , , , , , , 11.3005385, -0.0451514, , , , , , , 11.3005385, -0.0480049, , , , , , , , , , , , , , , , , , , , , , , , , , , , 
11.3010577, 0.0619364, , , , , , , 11.3010577, 0.4124056, , , , , , , 11.3010577, -0.0498512, , , , , , , 11.3010577, -0.0448157, , , , , , , , , , , , , , , , , , , , , , , , , , , , 
11.3015769, 0.0500191, , , , , , , 11.3015769, 0.2996109, , , , , , , 11.3015769, -0.0538796, , , , , , , 11.3015769, -0.036759, , , , , , , , , , , , , , , , , , , , , , , , , , , , 
11.3020962, 0.0374304, , , , , , , 11.3020962, 0.0740215, , , , , , , 11.3020962, -0.0589151, , , , , , , 11.3020962, -0.0256809, , , , , , , , , , , , , , , , , , , , , , , , , , , , 
11.3026154, 0.0223239, , , , , , , 11.3026154, -0.1216907, , , , , , , 11.3026154, -0.0574044, , , , , , , 11.3026154, -0.0152743, , , , , , , , , , , , , , , , , , , , , , , , , , , , 
11.3031346, 0.0112459, , , , , , , 11.3031346, -0.2220645, , , , , , , 11.3031346, -0.0453193, , , , , , , 11.3031346, -0.0078889, , , , , , , , , , , , , , , , , , , , , , , , , , , , 
11.3036538, 0.005539, , , , , , , 11.3036538, -0.276112, , , , , , , 11.3036538, -0.0438087, , , , , , , 11.3036538, -0.0011749, , , , , , , , , , , , , , , , , , , , , , , , , , , , 
11.3041731, 0.002182, , , , , , , 11.3041731, -0.3278096, , , , , , , 11.3041731, -0.0575723, , , , , , , 11.3041731, 0.0035248, , , , , , , , , , , , , , , , , , , , , , , , , , , , 
11.3046923, 0.0026856, , , , , , , 11.3046923, -0.3398947, , , , , , , 11.3046923, -0.0674754, , , , , , , 11.3046923, 0.0078889, , , , , , , , , , , , , , , , , , , , , , , , , , , , 
11.3052115, 0.008896, , , , , , , 11.3052115, -0.2707408, , , , , , , 11.3052115, -0.0673075, , , , , , , 11.3052115, 0.0152743, , , , , , , , , , , , , , , , , , , , , , , , , , , , 
11.3057308, 0.0102388, , , , , , , 11.3057308, -0.184802, , , , , , , 11.3057308, -0.0572366, , , , , , , 11.3057308, 0.0231632, , , , , , , , , , , , , , , , , , , , , , , , , , , , 
11.30625, 0.0028534, , , , , , , 11.30625, -0.1589532, , , , , , , 11.30625, -0.0424659, , , , , , , 11.30625, 0.0297093, , , , , , , , , , , , , , , , , , , , , , , , , , , , 
11.3067692, 0.0008392, , , , , , , 11.3067692, -0.1398184, , , , , , , 11.3067692, -0.0216526, , , , , , , 11.3067692, 0.036759, , , , , , , , , , , , , , , , , , , , , , , , , , , , 
11.3072885, 0.0073854, , , , , , , 11.3072885, -0.1334401, , , , , , , 11.3072885, 0.0036927, , , , , , , 11.3072885, 0.0424659, , , , , , , , , , , , , , , , , , , , , , , , , , , , 
11.3078077, 0.0050355, , , , , , , 11.3078077, -0.1456931, , , , , , , 11.3078077, 0.0283665, , , , , , , 11.3078077, 0.0468299, , , , , , , , , , , , , , , , , , , , , , , , , , , , 
11.3083269, -0.0005035, , , , , , , 11.3083269, -0.152575, , , , , , , 11.3083269, 0.0475013, , , , , , , 11.3083269, 0.0513619, , , , , , , , , , , , , , , , , , , , , , , , , , , , 
11.3088462, 0.0011749, , , , , , , 11.3088462, -0.1233692, , , , , , , 11.3088462, 0.0626078, , , , , , , 11.3088462, 0.0538796, , , , , , , , , , , , , , , , , , , , , , , , , , , , 
11.3093654, 0.0045319, , , , , , , 11.3093654, -0.0569009, , , , , , , 11.3093654, 0.0710002, , , , , , , 11.3093654, 0.0528725, , , , , , , , , , , , , , , , , , , , , , , , , , , , 
11.3098846, 0.0025177, , , , , , , 11.3098846, 0.0285344, , , , , , , 11.3098846, 0.0696574, , , , , , , 11.3098846, 0.0486763, , , , , , , , , , , , , , , , , , , , , , , , , , , , 
11.3104038, 0.0008392, , , , , , , 11.3104038, 0.0956741, , , , , , , 11.3104038, 0.0595865, , , , , , , 11.3104038, 0.0441444, , , , , , , , , , , , , , , , , , , , , , , , , , , , 
11.3109231, 0.0046998, , , , , , , 11.3109231, 0.1119554, , , , , , , 11.3109231, 0.043473, , , , , , , 11.3109231, 0.0436408, , , , , , , , , , , , , , , , , , , , , , , , , , , , 
11.3114423, 0.012253, , , , , , , 11.3114423, 0.0676432, , , , , , , 11.3114423, 0.0276951, , , , , , , 11.3114423, 0.0421302, , , , , , , , , , , , , , , , , , , , , , , , , , , , 
11.3119615, 0.0186313, , , , , , , 11.3119615, -0.0258488, , , , , , , 11.3119615, 0.018967, , , , , , , 11.3119615, 0.0384375, , , , , , , , , , , , , , , , , , , , , , , , , , , , 
11.3124808, 0.0206455, , , , , , , 11.3124808, -0.115816, , , , , , , 11.3124808, 0.011078, , , , , , , 11.3124808, 0.0323949, , , , , , , , , , , , , , , , , , , , , , , , , , , , 
11.313, 0.0209812, , , , , , , 11.313, -0.1579461, , , , , , , 11.313, -0.0010071, , , , , , , 11.313, 0.026688, , , , , , , , , , , , , , , , , , , , , , , , , , , , 
11.3135192, 0.0213169, , , , , , , 11.3135192, -0.1856413, , , , , , , 11.3135192, -0.0124208, , , , , , , 11.3135192, 0.021149, , , , , , , , , , , , , , , , , , , , , , , , , , , , 
11.3140385, 0.023331, , , , , , , 11.3140385, -0.2297856, , , , , , , 11.3140385, -0.0229953, , , , , , , 11.3140385, 0.0159457, , , , , , , , , , , , , , , , , , , , , , , , , , , , 
11.3145577, 0.024506, , , , , , , 11.3145577, -0.2240787, , , , , , , 11.3145577, -0.0340734, , , , , , , 11.3145577, 0.0112459, , , , , , , , , , , , , , , , , , , , , , , , , , , , 
11.3150769, 0.0216526, , , , , , , 11.3150769, -0.0891279, , , , , , , 11.3150769, -0.0417945, , , , , , , 11.3150769, 0.0058747, , , , , , , , , , , , , , , , , , , , , , , , , , , , 
11.3155962, 0.0159457, , , , , , , 11.3155962, 0.0802319, , , , , , , 11.3155962, -0.0451514, , , , , , , 11.3155962, 0.0005035, , , , , , , , , , , , , , , , , , , , , , , , , , , , 
11.3161154, 0.0169528, , , , , , , 11.3161154, 0.1515679, , , , , , , 11.3161154, -0.0428016, , , , , , , 11.3161154, -0.0058747, , , , , , , , , , , , , , , , , , , , , , , , , , , , 
11.3166346, 0.018967, , , , , , , 11.3166346, 0.1334401, , , , , , , 11.3166346, -0.0359197, , , , , , , 11.3166346, -0.0099031, , , , , , , , , , , , , , , , , , , , , , , , , , , , 
11.3171538, 0.0213169, , , , , , , 11.3171538, 0.0894636, , , , , , , 11.3171538, -0.0317235, , , , , , , 11.3171538, -0.012253, , , , , , , , , , , , , , , , , , , , , , , , , , , , 
11.3176731, 0.0265202, , , , , , , 11.3176731, 0.0421302, , , , , , , 11.3176731, -0.0283665, , , , , , , 11.3176731, -0.0186313, , , , , , , , , , , , , , , , , , , , , , , , , , , , 
11.3181923, 0.030045, , , , , , , 11.3181923, -0.0068818, , , , , , , 11.3181923, -0.0275273, , , , , , , 11.3181923, -0.0251774, , , , , , , , , , , , , , , , , , , , , , , , , , , , 
11.3187115, 0.0283665, , , , , , , 11.3187115, -0.0317235, , , , , , , 11.3187115, -0.0283665, , , , , , , 11.3187115, -0.0270237, , , , , , , , , , , , , , , , , , , , , , , , , , , , 
11.3192308, 0.024506, , , , , , , 11.3192308, 0.002182, , , , , , , 11.3192308, -0.0246738, , , , , , , 11.3192308, -0.0263523, , , , , , , , , , , , , , , , , , , , , , , , , , , , 
11.31975, 0.0198062, , , , , , , 11.31975, 0.0575723, , , , , , , 11.31975, -0.0167849, , , , , , , 11.31975, -0.0261845, , , , , , , , , , , , , , , , , , , , , , , , , , , , 
11.3202692, 0.011078, , , , , , , 11.3202692, 0.0518654, , , , , , , 11.3202692, -0.0072175, , , , , , , 11.3202692, -0.0246738, , , , , , , , , , , , , , , , , , , , , , , , , , , , 
11.3207885, 0.0008392, , , , , , , 11.3207885, -0.0038605, , , , , , , 11.3207885, 0.0018463, , , , , , , 11.3207885, -0.0226596, , , , , , , , , , , , , , , , , , , , , , , , , , , , 
11.3213077, -0.0041962, , , , , , , 11.3213077, -0.0226596, , , , , , , 11.3213077, 0.0065461, , , , , , , 11.3213077, -0.0182956, , , , , , , , , , , , , , , , , , , , , , , , , , , , 
11.3218269, -0.0016785, , , , , , , 11.3218269, 0.0052033, , , , , , , 11.3218269, 0.0070497, , , , , , , 11.3218269, -0.012253, , , , , , , , , , , , , , , , , , , , , , , , , , , , 
11.3223462, 0.0008392, , , , , , , 11.3223462, 0.0438087, , , , , , , 11.3223462, 0.0038605, , , , , , , 11.3223462, -0.0082246, , , , , , , , , , , , , , , , , , , , , , , , , , , , 
11.3228654, 0.0025177, , , , , , , 11.3228654, 0.0951705, , , , , , , 11.3228654, 0.0011749, , , , , , , 11.3228654, -0.0058747, , , , , , , , , , , , , , , , , , , , , , , , , , , , 
11.3233846, 0.008896, , , , , , , 11.3233846, 0.1394827, , , , , , , 11.3233846, -0.0001678, , , , , , , 11.3233846, -0.0010071, , , , , , , , , , , , , , , , , , , , , , , , , , , , 
11.3239038, 0.0152743, , , , , , , 11.3239038, 0.1428397, , , , , , , 11.3239038, -0.0062104, , , , , , , 11.3239038, 0.0048676, , , , , , , , , , , , , , , , , , , , , , , , , , , , 
11.3244231, 0.0162814, , , , , , , 11.3244231, 0.124712, , , , , , , 11.3244231, -0.0132601, , , , , , , 11.3244231, 0.0092317, , , , , , , , , , , , , , , , , , , , , , , , , , , , 
11.3249423, 0.0135958, , , , , , , 11.3249423, 0.096849, , , , , , , 11.3249423, -0.0166171, , , , , , , 11.3249423, 0.0129244, , , , , , , , , , , , , , , , , , , , , , , , , , , , 
11.3254615, 0.0146029, , , , , , , 11.3254615, 0.0614328, , , , , , , 11.3254615, -0.0182956, , , , , , , 11.3254615, 0.014435, , , , , , , , , , , , , , , , , , , , , , , , , , , , 
11.3259808, 0.0186313, , , , , , , 11.3259808, 0.0273594, , , , , , , 11.3259808, -0.0199741, , , , , , , 11.3259808, 0.0135958, , , , , , , , , , , , , , , , , , , , , , , , , , , , 
11.3265, 0.0224918, , , , , , , 11.3265, 0.0186313, , , , , , , 11.3265, -0.0209812, , , , , , , 11.3265, 0.0119173, , , , , , , , , , , , , , , , , , , , , , , , , , , , 
11.3270192, 0.0209812, , , , , , , 11.3270192, 0.0276951, , , , , , , 11.3270192, -0.0271916, , , , , , , 11.3270192, 0.0078889, , , , , , , , , , , , , , , , , , , , , , , , , , , , 
11.3275385, 0.0124208, , , , , , , 11.3275385, 0.0293736, , , , , , , 11.3275385, -0.0386053, , , , , , , 11.3275385, 0.0005035, , , , , , , , , , , , , , , , , , , , , , , , , , , , 
11.3280577, 0.008896, , , , , , , 11.3280577, 0.01561, , , , , , , 11.3280577, -0.0475013, , , , , , , 11.3280577, -0.0095674, , , , , , , , , , , , , , , , , , , , , , , , , , , , 
11.3285769, 0.0070497, , , , , , , 11.3285769, 0.0065461, , , , , , , 11.3285769, -0.0506905, , , , , , , 11.3285769, -0.0166171, , , , , , , , , , , , , , , , , , , , , , , , , , , , 
11.3290962, 0.0011749, , , , , , , 11.3290962, 0.0250095, , , , , , , 11.3290962, -0.04448, , , , , , , 11.3290962, -0.0198062, , , , , , , , , , , , , , , , , , , , , , , , , , , , 
11.3296154, -0.0008392, , , , , , , 11.3296154, 0.0419623, , , , , , , 11.3296154, -0.0287022, , , , , , , 11.3296154, -0.0209812, , , , , , , , , , , , , , , , , , , , , , , , , , , , 
11.3301346, 0.0038605, , , , , , , 11.3301346, 0.0293736, , , , , , , 11.3301346, -0.0119173, , , , , , , 11.3301346, -0.0206455, , , , , , , , , , , , , , , , , , , , , , , , , , , , 
11.3306538, 0.0105745, , , , , , , 11.3306538, 0.003357, , , , , , , 11.3306538, 0.0011749, , , , , , , 11.3306538, -0.018967, , , , , , , , , , , , , , , , , , , , , , , , , , , , 
11.3311731, 0.0132601, , , , , , , 11.3311731, 0.0216526, , , , , , , 11.3311731, 0.008896, , , , , , , 11.3311731, -0.0182956, , , , , , , , , , , , , , , , , , , , , , , , , , , , 
11.3316923, 0.0099031, , , , , , , 11.3316923, 0.0897993, , , , , , , 11.3316923, 0.0065461, , , , , , , 11.3316923, -0.014435, , , , , , , , , , , , , , , , , , , , , , , , , , , , 
11.3322115, 0.0018463, , , , , , , 11.3322115, 0.1327687, , , , , , , 11.3322115, -0.0031891, , , , , , , 11.3322115, -0.0072175, , , , , , , , , , , , , , , , , , , , , , , , , , , , 
11.3327308, -0.0072175, , , , , , , 11.3327308, 0.0887922, , , , , , , 11.3327308, -0.0095674, , , , , , , 11.3327308, 0.0011749, , , , , , , , , , , , , , , , , , , , , , , , , , , , 
11.33325, -0.008896, , , , , , , 11.33325, -0.0130922, , , , , , , 11.33325, -0.0102388, , , , , , , 11.33325, 0.008896, , , , , , , , , , , , , , , , , , , , , , , , , , , , 
11.3337692, -0.0031891, , , , , , , 11.3337692, -0.0844282, , , , , , , 11.3337692, -0.0015106, , , , , , , 11.3337692, 0.0149386, , , , , , , , , , , , , , , , , , , , , , , , , , , , 
11.3342885, 0.0028534, , , , , , , 11.3342885, -0.0834211, , , , , , , 11.3342885, 0.0092317, , , , , , , 11.3342885, 0.0199741, , , , , , , , , , , , , , , , , , , , , , , , , , , , 
11.3348077, 0.0058747, , , , , , , 11.3348077, -0.0328985, , , , , , , 11.3348077, 0.0162814, , , , , , , 11.3348077, 0.0248417, , , , , , , , , , , , , , , , , , , , , , , , , , , , 
11.3353269, 0.0119173, , , , , , , 11.3353269, -0.0045319, , , , , , , 11.3353269, 0.0209812, , , , , , , 11.3353269, 0.0287022, , , , , , , , , , , , , , , , , , , , , , , , , , , , 
11.3358462, 0.0164492, , , , , , , 11.3358462, -0.0129244, , , , , , , 11.3358462, 0.0246738, , , , , , , 11.3358462, 0.0307164, , , , , , , , , , , , , , , , , , , , , , , , , , , , 
11.3363654, 0.0159457, , , , , , , 11.3363654, -0.0041962, , , , , , , 11.3363654, 0.0263523, , , , , , , 11.3363654, 0.0320592, , , , , , , , , , , , , , , , , , , , , , , , , , , , 
11.3368846, 0.0204776, , , , , , , 11.3368846, 0.0099031, , , , , , , 11.3368846, 0.0313878, , , , , , , 11.3368846, 0.0320592, , , , , , , , , , , , , , , , , , , , , , , , , , , , 
11.3374038, 0.0250095, , , , , , , 11.3374038, -0.0182956, , , , , , , 11.3374038, 0.040116, , , , , , , 11.3374038, 0.0260166, , , , , , , , , , , , , , , , , , , , , , , , , , , , 
11.3379231, 0.0229953, , , , , , , 11.3379231, -0.068986, , , , , , , 11.3379231, 0.0485084, , , , , , , 11.3379231, 0.0146029, , , , , , , , , , , , , , , , , , , , , , , , , , , , 
11.3384423, 0.0226596, , , , , , , 11.3384423, -0.0931563, , , , , , , 11.3384423, 0.0459907, , , , , , , 11.3384423, 0.0092317, , , , , , , , , , , , , , , , , , , , , , , , , , , , 
11.3389615, 0.0327306, , , , , , , 11.3389615, -0.0830854, , , , , , , 11.3389615, 0.030045, , , , , , , 11.3389615, 0.0078889, , , , , , , , , , , , , , , , , , , , , , , , , , , , 
11.3394808, 0.0464942, , , , , , , 11.3394808, -0.0716716, , , , , , , 11.3394808, 0.012253, , , , , , , 11.3394808, 0.0062104, , , , , , , , , , , , , , , , , , , , , , , , , , , , 
11.34, 0.0522011, , , , , , , 11.34, -0.0599222, , , , , , , 11.34, -0.0005035, , , , , , , 11.34, 0.0062104, , , , , , , , , , , , , , , , , , , , , , , , , , , , 
11.3405192, 0.0475013, , , , , , , 11.3405192, -0.0256809, , , , , , , 11.3405192, -0.0104067, , , , , , , 11.3405192, 0.0112459, , , , , , , , , , , , , , , , , , , , , , , , , , , , 
11.3410385, 0.0381018, , , , , , , 11.3410385, 0.0065461, , , , , , , 11.3410385, -0.0194705, , , , , , , 11.3410385, 0.0169528, , , , , , , , , , , , , , , , , , , , , , , , , , , , 
11.3415577, 0.0223239, , , , , , , 11.3415577, 0.0057069, , , , , , , 11.3415577, -0.0243381, , , , , , , 11.3415577, 0.0256809, , , , , , , , , , , , , , , , , , , , , , , , , , , , 
11.3420769, 0.0038605, , , , , , , 11.3420769, -0.0028534, , , , , , , 11.3420769, -0.0219883, , , , , , , 11.3420769, 0.0360876, , , , , , , , , , , , , , , , , , , , , , , , , , , , 
11.3425962, -0.0075532, , , , , , , 11.3425962, 0.0065461, , , , , , , 11.3425962, -0.0172885, , , , , , , 11.3425962, 0.0448157, , , , , , , , , , , , , , , , , , , , , , , , , , , , 
11.3431154, -0.0082246, , , , , , , 11.3431154, 0.0169528, , , , , , , 11.3431154, -0.0073854, , , , , , , 11.3431154, 0.0488441, , , , , , , , , , , , , , , , , , , , , , , , , , , , 
11.3436346, -0.0045319, , , , , , , 11.3436346, 0.0072175, , , , , , , 11.3436346, 0.0062104, , , , , , , 11.3436346, 0.0525368, , , , , , , , , , , , , , , , , , , , , , , , , , , , 
11.3441538, -0.002182, , , , , , , 11.3441538, -0.0109102, , , , , , , 11.3441538, 0.0199741, , , , , , , 11.3441538, 0.0599222, , , , , , , , , , , , , , , , , , , , , , , , , , , , 
11.3446731, -0.0031891, , , , , , , 11.3446731, -0.0035248, , , , , , , 11.3446731, 0.0313878, , , , , , , 11.3446731, 0.0663005, , , , , , , , , , , , , , , , , , , , , , , , , , , , 
11.3451923, -0.0048676, , , , , , , 11.3451923, 0.0632792, , , , , , , 11.3451923, 0.0414588, , , , , , , 11.3451923, 0.0683146, , , , , , , , , , , , , , , , , , , , , , , , , , , , 
11.3457115, -0.0068818, , , , , , , 11.3457115, 0.1220264, , , , , , , 11.3457115, 0.0525368, , , , , , , 11.3457115, 0.0716716, , , , , , , , , , , , , , , , , , , , , , , , , , , , 
11.3462308, -0.0099031, , , , , , , 11.3462308, 0.1008774, , , , , , , 11.3462308, 0.0548867, , , , , , , 11.3462308, 0.0775463, , , , , , , , , , , , , , , , , , , , , , , , , , , , 
11.34675, -0.011078, , , , , , , 11.34675, 0.047837, , , , , , , 11.34675, 0.0464942, , , , , , , 11.34675, 0.0807355, , , , , , , , , , , , , , , , , , , , , , , , , , , , 
11.3472692, -0.0102388, , , , , , , 11.3472692, 0.0392767, , , , , , , 11.3472692, 0.0276951, , , , , , , 11.3472692, 0.0750286, , , , , , , , , , , , , , , , , , , , , , , , , , , , 
11.3477885, -0.0075532, , , , , , , 11.3477885, 0.0522011, , , , , , , 11.3477885, -0.0001678, , , , , , , 11.3477885, 0.0614328, , , , , , , , , , , , , , , , , , , , , , , , , , , , 
11.3483077, -0.0075532, , , , , , , 11.3483077, 0.0560616, , , , , , , 11.3483077, -0.021149, , , , , , , 11.3483077, 0.0441444, , , , , , , , , , , , , , , , , , , , , , , , , , , , 
11.3488269, -0.0036927, , , , , , , 11.3488269, 0.0317235, , , , , , , 11.3488269, -0.0357519, , , , , , , 11.3488269, 0.0320592, , , , , , , , , , , , , , , , , , , , , , , , , , , , 
11.3493462, -0.0016785, , , , , , , 11.3493462, 0.012253, , , , , , , 11.3493462, -0.0508583, , , , , , , 11.3493462, 0.0240024, , , , , , , , , , , , , , , , , , , , , , , , , , , , 
11.3498654, -0.0018463, , , , , , , 11.3498654, 0.0075532, , , , , , , 11.3498654, -0.0686503, , , , , , , 11.3498654, 0.0203098, , , , , , , , , , , , , , , , , , , , , , , , , , , , 
11.3503846, -0.0001678, , , , , , , 11.3503846, 0.0092317, , , , , , , 11.3503846, -0.0877852, , , , , , , 11.3503846, 0.0209812, , , , , , , , , , , , , , , , , , , , , , , , , , , , 
11.3509038, -0.0018463, , , , , , , 11.3509038, -0.0062104, , , , , , , 11.3509038, -0.0981918, , , , , , , 11.3509038, 0.0223239, , , , , , , , , , , , , , , , , , , , , , , , , , , , 
11.3514231, -0.0075532, , , , , , , 11.3514231, -0.0149386, , , , , , , 11.3514231, -0.0914778, , , , , , , 11.3514231, 0.0203098, , , , , , , , , , , , , , , , , , , , , , , , , , , , 
11.3519423, -0.0137636, , , , , , , 11.3519423, 0.0031891, , , , , , , 11.3519423, -0.0746929, , , , , , , 11.3519423, 0.0139315, , , , , , , , , , , , , , , , , , , , , , , , , , , , 
11.3524615, -0.0196384, , , , , , , 11.3524615, -0.0048676, , , , , , , 11.3524615, -0.0496834, , , , , , , 11.3524615, 0.0083925, , , , , , , , , , , , , , , , , , , , , , , , , , , , 
11.3529808, -0.0152743, , , , , , , 11.3529808, -0.0713359, , , , , , , 11.3529808, -0.0229953, , , , , , , 11.3529808, 0.0038605, , , , , , , , , , , , , , , , , , , , , , , , , , , , 
11.3535, -0.0045319, , , , , , , 11.3535, -0.1871519, , , , , , , 11.3535, -0.0102388, , , , , , , 11.3535, 0.0015106, , , , , , , , , , , , , , , , , , , , , , , , , , , , 
11.3540192, 0.0003357, , , , , , , 11.3540192, -0.2709087, , , , , , , 11.3540192, -0.0036927, , , , , , , 11.3540192, -0.0005035, , , , , , , , , , , , , , , , , , , , , , , , , , , , 
11.3545385, 0.0010071, , , , , , , 11.3545385, -0.2002441, , , , , , , 11.3545385, 0.0146029, , , , , , , 11.3545385, -0.0028534, , , , , , , , , , , , , , , , , , , , , , , , , , , , 
11.3550577, -0.0016785, , , , , , , 11.3550577, -0.0464942, , , , , , , 11.3550577, 0.0360876, , , , , , , 11.3550577, -0.0050355, , , , , , , , , , , , , , , , , , , , , , , , , , , , 
11.3555769, 0.0011749, , , , , , , 11.3555769, 0.0018463, , , , , , , 11.3555769, 0.0464942, , , , , , , 11.3555769, -0.0075532, , , , , , , , , , , , , , , , , , , , , , , , , , , , 
11.3560962, 0.0092317, , , , , , , 11.3560962, -0.057908, , , , , , , 11.3560962, 0.0471656, , , , , , , 11.3560962, -0.0072175, , , , , , , , , , , , , , , , , , , , , , , , , , , , 
11.3566154, 0.0146029, , , , , , , 11.3566154, -0.1230335, , , , , , , 11.3566154, 0.0414588, , , , , , , 11.3566154, -0.0063783, , , , , , , , , , , , , , , , , , , , , , , , , , , , 
11.3571346, 0.018967, , , , , , , 11.3571346, -0.1643244, , , , , , , 11.3571346, 0.0347448, , , , , , , 11.3571346, -0.0087282, , , , , , , , , , , , , , , , , , , , , , , , , , , , 
11.3576538, 0.0280308, , , , , , , 11.3576538, -0.2044404, , , , , , , 11.3576538, 0.0243381, , , , , , , 11.3576538, -0.012253, , , , , , , , , , , , , , , , , , , , , , , , , , , , 
11.3581731, 0.0360876, , , , , , , 11.3581731, -0.2361639, , , , , , , 11.3581731, 0.0105745, , , , , , , 11.3581731, -0.0140993, , , , , , , , , , , , , , , , , , , , , , , , , , , , 
11.3586923, 0.0387732, , , , , , , 11.3586923, -0.2210575, , , , , , , 11.3586923, 0.0011749, , , , , , , 11.3586923, -0.0124208, , , , , , , , , , , , , , , , , , , , , , , , , , , , 
11.3592115, 0.0384375, , , , , , , 11.3592115, -0.1304189, , , , , , , 11.3592115, -0.0028534, , , , , , , 11.3592115, -0.0090639, , , , , , , , , , , , , , , , , , , , , , , , , , , , 
11.3597308, 0.0411231, , , , , , , 11.3597308, -0.0246738, , , , , , , 11.3597308, -0.0068818, , , , , , , 11.3597308, -0.0090639, , , , , , , , , , , , , , , , , , , , , , , , , , , , 
11.36025, 0.0475013, , , , , , , 11.36025, -0.0001678, , , , , , , 11.36025, -0.0105745, , , , , , , 11.36025, -0.0060426, , , , , , , , , , , , , , , , , , , , , , , , , , , , 
11.3607692, 0.0548867, , , , , , , 11.3607692, -0.0176242, , , , , , , 11.3607692, -0.0117494, , , , , , , 11.3607692, 0.0031891, , , , , , , , , , , , , , , , , , , , , , , , , , , , 
11.3612885, 0.0569009, , , , , , , 11.3612885, 0.0327306, , , , , , , 11.3612885, -0.014435, , , , , , , 11.3612885, 0.0162814, , , , , , , , , , , , , , , , , , , , , , , , , , , , 
11.3618077, 0.047837, , , , , , , 11.3618077, 0.115816, , , , , , , 11.3618077, -0.018967, , , , , , , 11.3618077, 0.0344091, , , , , , , , , , , , , , , , , , , , , , , , , , , , 
11.3623269, 0.0347448, , , , , , , 11.3623269, 0.1717098, , , , , , , 11.3623269, -0.018967, , , , , , , 11.3623269, 0.0506905, , , , , , , , , , , , , , , , , , , , , , , , , , , , 
11.3628462, 0.0320592, , , , , , , 11.3628462, 0.1831235, , , , , , , 11.3628462, -0.0152743, , , , , , , 11.3628462, 0.0602579, , , , , , , , , , , , , , , , , , , , , , , , , , , , 
11.3633654, 0.0340734, , , , , , , 11.3633654, 0.144686, , , , , , , 11.3633654, -0.0162814, , , , , , , 11.3633654, 0.0681468, , , , , , , , , , , , , , , , , , , , , , , , , , , , 
11.3638846, 0.027863, , , , , , , 11.3638846, 0.0924849, , , , , , , 11.3638846, -0.0243381, , , , , , , 11.3638846, 0.0730144, , , , , , , , , , , , , , , , , , , , , , , , , , , , 
11.3644038, 0.0193027, , , , , , , 11.3644038, 0.0978561, , , , , , , 11.3644038, -0.0391089, , , , , , , 11.3644038, 0.0746929, , , , , , , , , , , , , , , , , , , , , , , , , , , , 
11.3649231, 0.0159457, , , , , , , 11.3649231, 0.1609674, , , , , , , 11.3649231, -0.0525368, , , , , , , 11.3649231, 0.0777142, , , , , , , , , , , , , , , , , , , , , , , , , , , , 
11.3654423, 0.0172885, , , , , , , 11.3654423, 0.1837949, , , , , , , 11.3654423, -0.0585794, , , , , , , 11.3654423, 0.0773785, , , , , , , , , , , , , , , , , , , , , , , , , , , , 
11.3659615, 0.0186313, , , , , , , 11.3659615, 0.1233692, , , , , , , 11.3659615, -0.056733, , , , , , , 11.3659615, 0.0681468, , , , , , , , , , , , , , , , , , , , , , , , , , , , 
11.3664808, 0.0179599, , , , , , , 11.3664808, 0.0525368, , , , , , , 11.3664808, -0.0520333, , , , , , , 11.3664808, 0.0589151, , , , , , , , , , , , , , , , , , , , , , , , , , , , 
11.367, 0.0139315, , , , , , , 11.367, 0.0552224, , , , , , , 11.367, -0.0488441, , , , , , , 11.367, 0.0548867, , , , , , , , , , , , , , , , , , , , , , , , , , , , 
11.3675192, 0.0099031, , , , , , , 11.3675192, 0.2007477, , , , , , , 11.3675192, -0.0451514, , , , , , , 11.3675192, 0.0505226, , , , , , , , , , , , , , , , , , , , , , , , , , , , 
11.3680385, 0.0031891, , , , , , , 11.3680385, 0.4174411, , , , , , , 11.3680385, -0.0417945, , , , , , , 11.3680385, 0.0392767, , , , , , , , , , , , , , , , , , , , , , , , , , , , 
11.3685577, -0.0041962, , , , , , , 11.3685577, 0.476524, , , , , , , 11.3685577, -0.0387732, , , , , , , 11.3685577, 0.0258488, , , , , , , , , , , , , , , , , , , , , , , , , , , , 
11.3690769, -0.0095674, , , , , , , 11.3690769, 0.2962539, , , , , , , 11.3690769, -0.0287022, , , , , , , 11.3690769, 0.014435, , , , , , , , , , , , , , , , , , , , , , , , , , , , 
11.3695962, -0.012253, , , , , , , 11.3695962, -0.0305486, , , , , , , 11.3695962, -0.0099031, , , , , , , 11.3695962, 0.0038605, , , , , , , , , , , , , , , , , , , , , , , , , , , , 
11.3701154, -0.0095674, , , , , , , 11.3701154, -0.3667506, , , , , , , 11.3701154, 0.0078889, , , , , , , 11.3701154, -0.0062104, , , , , , , , , , , , , , , , , , , , , , , , , , , , 
11.3706346, -0.0070497, , , , , , , 11.3706346, -0.6470588, , , , , , , 11.3706346, 0.0169528, , , , , , , 11.3706346, -0.0135958, , , , , , , , , , , , , , , , , , , , , , , , , , , , 
11.3711538, -0.008896, , , , , , , 11.3711538, -0.7776455, , , , , , , 11.3711538, 0.0203098, , , , , , , 11.3711538, -0.0176242, , , , , , , , , , , , , , , , , , , , , , , , , , , , 
11.3716731, -0.0090639, , , , , , , 11.3716731, -0.7242695, , , , , , , 11.3716731, 0.0246738, , , , , , , 11.3716731, -0.0186313, , , , , , , , , , , , , , , , , , , , , , , , , , , , 
11.3721923, -0.0072175, , , , , , , 11.3721923, -0.5980468, , , , , , , 11.3721923, 0.033402, , , , , , , 11.3721923, -0.0164492, , , , , , , , , , , , , , , , , , , , , , , , , , , , 
11.3727115, -0.002182, , , , , , , 11.3727115, -0.4137484, , , , , , , 11.3727115, 0.0374304, , , , , , , 11.3727115, -0.01561, , , , , , , , , , , , , , , , , , , , , , , , , , , , 
11.3732308, 0.0052033, , , , , , , 11.3732308, -0.1901732, , , , , , , 11.3732308, 0.0285344, , , , , , , 11.3732308, -0.0162814, , , , , , , , , , , , , , , , , , , , , , , , , , , , 
11.37375, 0.0090639, , , , , , , 11.37375, -0.0746929, , , , , , , 11.37375, 0.0105745, , , , , , , 11.37375, -0.018967, , , , , , , , , , , , , , , , , , , , , , , , , , , , 
11.3742692, 0.0099031, , , , , , , 11.3742692, -0.1366293, , , , , , , 11.3742692, -0.0030213, , , , , , , 11.3742692, -0.0223239, , , , , , , , , , , , , , , , , , , , , , , , , , , , 
11.3747885, 0.0137636, , , , , , , 11.3747885, -0.2475776, , , , , , , 11.3747885, 0.0018463, , , , , , , 11.3747885, -0.027863, , , , , , , , , , , , , , , , , , , , , , , , , , , , 
11.3753077, 0.0142672, , , , , , , 11.3753077, -0.2559701, , , , , , , 11.3753077, 0.0250095, , , , , , , 11.3753077, -0.0340734, , , , , , , , , , , , , , , , , , , , , , , , , , , , 
11.3758269, 0.0162814, , , , , , , 11.3758269, -0.1925231, , , , , , , 11.3758269, 0.0421302, , , , , , , 11.3758269, -0.036759, , , , , , , , , , , , , , , , , , , , , , , , , , , , 
11.3763462, 0.021149, , , , , , , 11.3763462, -0.121355, , , , , , , 11.3763462, 0.0359197, , , , , , , 11.3763462, -0.0365911, , , , , , , , , , , , , , , , , , , , , , , , , , , , 
11.3768654, 0.0229953, , , , , , , 11.3768654, 0.0078889, , , , , , , 11.3768654, 0.0129244, , , , , , , 11.3768654, -0.0404517, , , , , , , , , , , , , , , , , , , , , , , , , , , , 
11.3773846, 0.0265202, , , , , , , 11.3773846, 0.2064546, , , , , , , 11.3773846, -0.0149386, , , , , , , 11.3773846, -0.0475013, , , , , , , , , , , , , , , , , , , , , , , , , , , , 
11.3779038, 0.0293736, , , , , , , 11.3779038, 0.3774929, , , , , , , 11.3779038, -0.0404517, , , , , , , 11.3779038, -0.0522011, , , , , , , , , , , , , , , , , , , , , , , , , , , , 
11.3784231, 0.0307164, , , , , , , 11.3784231, 0.430869, , , , , , , 11.3784231, -0.0673075, , , , , , , 11.3784231, -0.0535439, , , , , , , , , , , , , , , , , , , , , , , , , , , , 
11.3789423, 0.0303807, , , , , , , 11.3789423, 0.3771572, , , , , , , 11.3789423, -0.0908064, , , , , , , 11.3789423, -0.0515297, , , , , , , , , , , , , , , , , , , , , , , , , , , , 
11.3794615, 0.0240024, , , , , , , 11.3794615, 0.2657053, , , , , , , 11.3794615, -0.090135, , , , , , , 11.3794615, -0.0481727, , , , , , , , , , , , , , , , , , , , , , , , , , , , 
11.3799808, 0.0149386, , , , , , , 11.3799808, 0.1341115, , , , , , , 11.3799808, -0.0676432, , , , , , , 11.3799808, -0.0458228, , , , , , , , , , , , , , , , , , , , , , , , , , , , 
11.3805, 0.008896, , , , , , , 11.3805, 0.0337377, , , , , , , 11.3805, -0.0431373, , , , , , , 11.3805, -0.0448157, , , , , , , , , , , , , , , , , , , , , , , , , , , , 
11.3810192, 0.008896, , , , , , , 11.3810192, 0.0082246, , , , , , , 11.3810192, -0.0256809, , , , , , , 11.3810192, -0.0417945, , , , , , , , , , , , , , , , , , , , , , , , , , , , 
11.3815385, 0.0102388, , , , , , , 11.3815385, 0.030045, , , , , , , 11.3815385, -0.0135958, , , , , , , 11.3815385, -0.0391089, , , , , , , , , , , , , , , , , , , , , , , , , , , , 
11.3820577, 0.0025177, , , , , , , 11.3820577, 0.0280308, , , , , , , 11.3820577, -0.0068818, , , , , , , 11.3820577, -0.0344091, , , , , , , , , , , , , , , , , , , , , , , , , , , , 
11.3825769, -0.0115816, , , , , , , 11.3825769, -0.0184634, , , , , , , 11.3825769, -0.0018463, , , , , , , 11.3825769, -0.0270237, , , , , , , , , , , , , , , , , , , , , , , , , , , , 
11.3830962, -0.0169528, , , , , , , 11.3830962, -0.0592508, , , , , , , 11.3830962, -0.0011749, , , , , , , 11.3830962, -0.0169528, , , , , , , , , , , , , , , , , , , , , , , , , , , , 
11.3836154, -0.0176242, , , , , , , 11.3836154, -0.0095674, , , , , , , 11.3836154, -0.0085603, , , , , , , 11.3836154, -0.005539, , , , , , , , , , , , , , , , , , , , , , , , , , , , 
11.3841346, -0.0253452, , , , , , , 11.3841346, 0.0731823, , , , , , , 11.3841346, -0.0236667, , , , , , , 11.3841346, 0.0078889, , , , , , , , , , , , , , , , , , , , , , , , , , , , 
11.3846538, -0.0354162, , , , , , , 11.3846538, 0.0998703, , , , , , , 11.3846538, -0.0345769, , , , , , , 11.3846538, 0.0213169, , , , , , , , , , , , , , , , , , , , , , , , , , , , 
11.3851731, -0.0365911, , , , , , , 11.3851731, 0.0884565, , , , , , , 11.3851731, -0.0419623, , , , , , , 11.3851731, 0.0287022, , , , , , , , , , , , , , , , , , , , , , , , , , , , 
11.3856923, -0.0297093, , , , , , , 11.3856923, 0.0743572, , , , , , , 11.3856923, -0.0475013, , , , , , , 11.3856923, 0.0265202, , , , , , , , , , , , , , , , , , , , , , , , , , , , 
11.3862115, -0.0137636, , , , , , , 11.3862115, 0.0448157, , , , , , , 11.3862115, -0.043473, , , , , , , 11.3862115, 0.0223239, , , , , , , , , , , , , , , , , , , , , , , , , , , , 
11.3867308, 0.0099031, , , , , , , 11.3867308, 0.0360876, , , , , , , 11.3867308, -0.0369268, , , , , , , 11.3867308, 0.0218204, , , , , , , , , , , , , , , , , , , , , , , , , , , , 
11.38725, 0.0320592, , , , , , , 11.38725, 0.082414, , , , , , , 11.38725, -0.0344091, , , , , , , 11.38725, 0.0209812, , , , , , , , , , , , , , , , , , , , , , , , , , , , 
11.3877692, 0.0501869, , , , , , , 11.3877692, 0.1240406, , , , , , , 11.3877692, -0.0337377, , , , , , , 11.3877692, 0.0186313, , , , , , , , , , , , , , , , , , , , , , , , , , , , 
11.3882885, 0.0632792, , , , , , , 11.3882885, 0.1378042, , , , , , , 11.3882885, -0.0292058, , , , , , , 11.3882885, 0.0152743, , , , , , , , , , , , , , , , , , , , , , , , , , , , 
11.3888077, 0.0616007, , , , , , , 11.3888077, 0.1230335, , , , , , , 11.3888077, -0.0216526, , , , , , , 11.3888077, 0.0124208, , , , , , , , , , , , , , , , , , , , , , , , , , , , 
11.3893269, 0.0589151, , , , , , , 11.3893269, 0.0904707, , , , , , , 11.3893269, -0.0137636, , , , , , , 11.3893269, 0.0095674, , , , , , , , , , , , , , , , , , , , , , , , , , , , 
11.3898462, 0.068986, , , , , , , 11.3898462, 0.0988632, , , , , , , 11.3898462, -0.0083925, , , , , , , 11.3898462, 0.0052033, , , , , , , , , , , , , , , , , , , , , , , , , , , , 
11.3903654, 0.0840925, , , , , , , 11.3903654, 0.1562676, , , , , , , 11.3903654, -0.0062104, , , , , , , 11.3903654, 0.0003357, , , , , , , , , , , , , , , , , , , , , , , , , , , , 
11.3908846, 0.0918135, , , , , , , 11.3908846, 0.2061189, , , , , , , 11.3908846, -0.0025177, , , , , , , 11.3908846, -0.002182, , , , , , , , , , , , , , , , , , , , , , , , , , , , 
11.3914038, 0.0931563, , , , , , , 11.3914038, 0.2207218, , , , , , , 11.3914038, 0.0011749, , , , , , , 11.3914038, -0.0062104, , , , , , , , , , , , , , , , , , , , , , , , , , , , 
11.3919231, 0.0970169, , , , , , , 11.3919231, 0.1475395, , , , , , , 11.3919231, 0.0052033, , , , , , , 11.3919231, -0.0102388, , , , , , , , , , , , , , , , , , , , , , , , , , , , 
11.3924423, 0.1005417, , , , , , , 11.3924423, 0.0226596, , , , , , , 11.3924423, 0.0058747, , , , , , , 11.3924423, -0.0135958, , , , , , , , , , , , , , , , , , , , , , , , , , , , 
11.3929615, 0.0978561, , , , , , , 11.3929615, -0.005539, , , , , , , 11.3929615, 0.0092317, , , , , , , 11.3929615, -0.01561, , , , , , , , , , , , , , , , , , , , , , , , , , , , 
11.3934808, 0.0923171, , , , , , , 11.3934808, 0.0644541, , , , , , , 11.3934808, 0.0172885, , , , , , , 11.3934808, -0.017792, , , , , , , , , , , , , , , , , , , , , , , , , , , , 
11.394, 0.0948348, , , , , , , 11.394, 0.1059129, , , , , , , 11.394, 0.0186313, , , , , , , 11.394, -0.0182956, , , , , , , , , , , , , , , , , , , , , , , , , , , , 
11.3945192, 0.1085985, , , , , , , 11.3945192, 0.0736858, , , , , , , 11.3945192, 0.0115816, , , , , , , 11.3945192, -0.018967, , , , , , , , , , , , , , , , , , , , , , , , , , , , 
11.3950385, 0.1226978, , , , , , , 11.3950385, -0.0125887, , , , , , , 11.3950385, 0.0065461, , , , , , , 11.3950385, -0.0196384, , , , , , , , , , , , , , , , , , , , , , , , , , , , 
11.3955577, 0.1144732, , , , , , , 11.3955577, -0.1431754, , , , , , , 11.3955577, 0.0015106, , , , , , , 11.3955577, -0.0162814, , , , , , , , , , , , , , , , , , , , , , , , , , , , 
11.3960769, 0.0904707, , , , , , , 11.3960769, -0.2633555, , , , , , , 11.3960769, -0.0102388, , , , , , , 11.3960769, -0.0092317, , , , , , , , , , , , , , , , , , , , , , , , , , , , 
11.3965962, 0.0710002, , , , , , , 11.3965962, -0.3210956, , , , , , , 11.3965962, -0.0209812, , , , , , , 11.3965962, 0.0005035, , , , , , , , , , , , , , , , , , , , , , , , , , , , 
11.3971154, 0.063447, , , , , , , 11.3971154, -0.3672541, , , , , , , 11.3971154, -0.0209812, , , , , , , 11.3971154, 0.0114137, , , , , , , , , , , , , , , , , , , , , , , , , , , , 
11.3976346, 0.0575723, , , , , , , 11.3976346, -0.3798428, , , , , , , 11.3976346, -0.0193027, , , , , , , 11.3976346, 0.0206455, , , , , , , , , , , , , , , , , , , , , , , , , , , , 
11.3981538, 0.0475013, , , , , , , 11.3981538, -0.2593271, , , , , , , 11.3981538, -0.0193027, , , , , , , 11.3981538, 0.0290379, , , , , , , , , , , , , , , , , , , , , , , , , , , , 
11.3986731, 0.0303807, , , , , , , 11.3986731, -0.0740215, , , , , , , 11.3986731, -0.0115816, , , , , , , 11.3986731, 0.0377661, , , , , , , , , , , , , , , , , , , , , , , , , , , , 
11.3991923, 0.0132601, , , , , , , 11.3991923, 0.0421302, , , , , , , 11.3991923, 0.0028534, , , , , , , 11.3991923, 0.0441444, , , , , , , , , , , , , , , , , , , , , , , , , , , , 
11.3997115, -0.0015106, , , , , , , 11.3997115, 0.0696574, , , , , , , 11.3997115, 0.0176242, , , , , , , 11.3997115, 0.0528725, , , , , , , , , , , , , , , , , , , , , , , , , , , , 
11.4002308, -0.0149386, , , , , , , 11.4002308, 0.0360876, , , , , , , 11.4002308, 0.0354162, , , , , , , 11.4002308, 0.0656291, , , , , , , , , , , , , , , , , , , , , , , , , , , , 
11.40075, -0.0283665, , , , , , , 11.40075, 0.0124208, , , , , , , 11.40075, 0.0543832, , , , , , , 11.40075, 0.0783856, , , , , , , , , , , , , , , , , , , , , , , , , , , , 
11.4012692, -0.0374304, , , , , , , 11.4012692, 0.0124208, , , , , , , 11.4012692, 0.0746929, , , , , , , 11.4012692, 0.0911421, , , , , , , , , , , , , , , , , , , , , , , , , , , , 
11.4017885, -0.0416266, , , , , , , 11.4017885, -0.0327306, , , , , , , 11.4017885, 0.0976883, , , , , , , 11.4017885, 0.1008774, , , , , , , , , , , , , , , , , , , , , , , , , , , , 
11.4023077, -0.0485084, , , , , , , 11.4023077, -0.0988632, , , , , , , 11.4023077, 0.1139696, , , , , , , 11.4023077, 0.1067521, , , , , , , , , , , , , , , , , , , , , , , , , , , , 
11.4028269, -0.0540475, , , , , , , 11.4028269, -0.1052415, , , , , , , 11.4028269, 0.117998, , , , , , , 11.4028269, 0.1037308, , , , , , , , , , , , , , , , , , , , , , , , , , , , 
11.4033462, -0.056733, , , , , , , 11.4033462, -0.0950027, , , , , , , 11.4033462, 0.1085985, , , , , , , 11.4033462, 0.0921492, , , , , , , , , , , , , , , , , , , , , , , , , , , , 
11.4038654, -0.0589151, , , , , , , 11.4038654, -0.0867781, , , , , , , 11.4038654, 0.0866102, , , , , , , 11.4038654, 0.0814069, , , , , , , , , , , , , , , , , , , , , , , , , , , , 
11.4043846, -0.0659648, , , , , , , 11.4043846, -0.0471656, , , , , , , 11.4043846, 0.0572366, , , , , , , 11.4043846, 0.0736858, , , , , , , , , , , , , , , , , , , , , , , , , , , , 
11.4049038, -0.0686503, , , , , , , 11.4049038, -0.0273594, , , , , , , 11.4049038, 0.0293736, , , , , , , 11.4049038, 0.0649577, , , , , , , , , , , , , , , , , , , , , , , , , , , , 
11.4054231, -0.057908, , , , , , , 11.4054231, -0.057908, , , , , , , 11.4054231, 0.0092317, , , , , , , 11.4054231, 0.0589151, , , , , , , , , , , , , , , , , , , , , , , , , , , , 
11.4059423, -0.0438087, , , , , , , 11.4059423, -0.0639506, , , , , , , 11.4059423, -0.0048676, , , , , , , 11.4059423, 0.0575723, , , , , , , , , , , , , , , , , , , , , , , , , , , , 
11.4064615, -0.0364233, , , , , , , 11.4064615, -0.0135958, , , , , , , 11.4064615, -0.0149386, , , , , , , 11.4064615, 0.0589151, , , , , , , , , , , , , , , , , , , , , , , , , , , , 
11.4069808, -0.0377661, , , , , , , 11.4069808, 0.0622721, , , , , , , 11.4069808, -0.0193027, , , , , , , 11.4069808, 0.0589151, , , , , , , , , , , , , , , , , , , , , , , , , , , , 
11.4075, -0.0397803, , , , , , , 11.4075, 0.1468681, , , , , , , 11.4075, -0.018967, , , , , , , 11.4075, 0.0535439, , , , , , , , , , , , , , , , , , , , , , , , , , , , 
11.4080192, -0.040116, , , , , , , 11.4080192, 0.2069581, , , , , , , 11.4080192, -0.0209812, , , , , , , 11.4080192, 0.0428016, , , , , , , , , , , , , , , , , , , , , , , , , , , , 
11.4085385, -0.0428016, , , , , , , 11.4085385, 0.1827878, , , , , , , 11.4085385, -0.0276951, , , , , , , 11.4085385, 0.0283665, , , , , , , , , , , , , , , , , , , , , , , , , , , , 
11.4090577, -0.0448157, , , , , , , 11.4090577, 0.0820783, , , , , , , 11.4090577, -0.0303807, , , , , , , 11.4090577, 0.01561, , , , , , , , , , , , , , , , , , , , , , , , , , , , 
11.4095769, -0.0431373, , , , , , , 11.4095769, -0.0370947, , , , , , , 11.4095769, -0.0381018, , , , , , , 11.4095769, 0.0045319, , , , , , , , , , , , , , , , , , , , , , , , , , , , 
11.4100962, -0.0414588, , , , , , , 11.4100962, -0.0767071, , , , , , , 11.4100962, -0.061265, , , , , , , 11.4100962, -0.0070497, , , , , , , , , , , , , , , , , , , , , , , , , , , , 
11.4106154, -0.0417945, , , , , , , 11.4106154, -0.0226596, , , , , , , 11.4106154, -0.0844282, , , , , , , 11.4106154, -0.0162814, , , , , , , , , , , , , , , , , , , , , , , , , , , , 
11.4111346, -0.040116, , , , , , , 11.4111346, 0.0441444, , , , , , , 11.4111346, -0.0928206, , , , , , , 11.4111346, -0.0226596, , , , , , , , , , , , , , , , , , , , , , , , , , , , 
11.4116538, -0.0365911, , , , , , , 11.4116538, 0.0847639, , , , , , , 11.4116538, -0.0955062, , , , , , , 11.4116538, -0.0297093, , , , , , , , , , , , , , , , , , , , , , , , , , , , 
11.4121731, -0.0323949, , , , , , , 11.4121731, 0.0817426, , , , , , , 11.4121731, -0.0971847, , , , , , , 11.4121731, -0.0377661, , , , , , , , , , , , , , , , , , , , , , , , , , , , 
11.4126923, -0.0276951, , , , , , , 11.4126923, 0.0347448, , , , , , , 11.4126923, -0.0976883, , , , , , , 11.4126923, -0.0424659, , , , , , , , , , , , , , , , , , , , , , , , , , , , 
11.4132115, -0.0223239, , , , , , , 11.4132115, -0.0243381, , , , , , , 11.4132115, -0.0887922, , , , , , , 11.4132115, -0.0417945, , , , , , , , , , , , , , , , , , , , , , , , , , , , 
11.4137308, -0.0099031, , , , , , , 11.4137308, -0.072343, , , , , , , 11.4137308, -0.0736858, , , , , , , 11.4137308, -0.0384375, , , , , , , , , , , , , , , , , , , , , , , , , , , , 
11.41425, 0.0058747, , , , , , , 11.41425, -0.0944991, , , , , , , 11.41425, -0.0555581, , , , , , , 11.41425, -0.0340734, , , , , , , , , , , , , , , , , , , , , , , , , , , , 
11.4147692, 0.0219883, , , , , , , 11.4147692, -0.0877852, , , , , , , 11.4147692, -0.0339055, , , , , , , 11.4147692, -0.0276951, , , , , , , , , , , , , , , , , , , , , , , , , , , , 
11.4152885, 0.0344091, , , , , , , 11.4152885, -0.093492, , , , , , , 11.4152885, -0.0057069, , , , , , , 11.4152885, -0.0236667, , , , , , , , , , , , , , , , , , , , , , , , , , , , 
11.4158077, 0.0354162, , , , , , , 11.4158077, -0.1104448, , , , , , , 11.4158077, 0.0320592, , , , , , , 11.4158077, -0.0213169, , , , , , , , , , , , , , , , , , , , , , , , , , , , 
11.4163269, 0.0337377, , , , , , , 11.4163269, -0.0948348, , , , , , , 11.4163269, 0.0683146, , , , , , , 11.4163269, -0.0198062, , , , , , , , , , , , , , , , , , , , , , , , , , , , 
11.4168462, 0.0280308, , , , , , , 11.4168462, -0.0522011, , , , , , , 11.4168462, 0.0908064, , , , , , , 11.4168462, -0.0176242, , , , , , , , , , , , , , , , , , , , , , , , , , , , 
11.4173654, 0.023331, , , , , , , 11.4173654, -0.0251774, , , , , , , 11.4173654, 0.0978561, , , , , , , 11.4173654, -0.0162814, , , , , , , , , , , , , , , , , , , , , , , , , , , , 
11.4178846, 0.0238346, , , , , , , 11.4178846, -0.0065461, , , , , , , 11.4178846, 0.0924849, , , , , , , 11.4178846, -0.0135958, , , , , , , , , , , , , , , , , , , , , , , , , , , , 
11.4184038, 0.0265202, , , , , , , 11.4184038, 0.0741894, , , , , , , 11.4184038, 0.0793927, , , , , , , 11.4184038, -0.0063783, , , , , , , , , , , , , , , , , , , , , , , , , , , , 
11.4189231, 0.0317235, , , , , , , 11.4189231, 0.1804379, , , , , , , 11.4189231, 0.0720073, , , , , , , 11.4189231, 0.0025177, , , , , , , , , , , , , , , , , , , , , , , , , , , , 
11.4194423, 0.0344091, , , , , , , 11.4194423, 0.2084688, , , , , , , 11.4194423, 0.0783856, , , , , , , 11.4194423, 0.0082246, , , , , , , , , , , , , , , , , , , , , , , , , , , , 
11.4199615, 0.0350805, , , , , , , 11.4199615, 0.1854734, , , , , , , 11.4199615, 0.0849317, , , , , , , 11.4199615, 0.0119173, , , , , , , , , , , , , , , , , , , , , , , , , , , , 
11.4204808, 0.0411231, , , , , , , 11.4204808, 0.1747311, , , , , , , 11.4204808, 0.0830854, , , , , , , 11.4204808, 0.0193027, , , , , , , , , , , , , , , , , , , , , , , , , , , , 
11.421, 0.051194, , , , , , , 11.421, 0.1777523, , , , , , , 11.421, 0.0649577, , , , , , , 11.421, 0.0323949, , , , , , , , , , , , , , , , , , , , , , , , , , , , 
11.4215192, 0.0501869, , , , , , , 11.4215192, 0.1757382, , , , , , , 11.4215192, 0.017792, , , , , , , 11.4215192, 0.0500191, , , , , , , , , , , , , , , , , , , , , , , , , , , , 
11.4220385, 0.0397803, , , , , , , 11.4220385, 0.1958801, , , , , , , 11.4220385, -0.04448, , , , , , , 11.4220385, 0.0710002, , , , , , , , , , , , , , , , , , , , , , , , , , , , 
11.4225577, 0.0354162, , , , , , , 11.4225577, 0.184802, , , , , , , 11.4225577, -0.093492, , , , , , , 11.4225577, 0.0908064, , , , , , , , , , , , , , , , , , , , , , , , , , , , 
11.4230769, 0.0330663, , , , , , , 11.4230769, 0.1132982, , , , , , , 11.4230769, -0.1200122, , , , , , , 11.4230769, 0.1099413, , , , , , , , , , , , , , , , , , , , , , , , , , , , 
11.4235962, 0.0226596, , , , , , , 11.4235962, 0.0186313, , , , , , , 11.4235962, -0.1277333, , , , , , , 11.4235962, 0.1211872, , , , , , , , , , , , , , , , , , , , , , , , , , , , 
11.4241154, 0.0018463, , , , , , , 11.4241154, -0.0887922, , , , , , , 11.4241154, -0.1216907, , , , , , , 11.4241154, 0.1173266, , , , , , , , , , , , , , , , , , , , , , , , , , , , 
11.4246346, -0.0236667, , , , , , , 11.4246346, -0.1388113, , , , , , , 11.4246346, -0.1136339, , , , , , , 11.4246346, 0.1052415, , , , , , , , , , , , , , , , , , , , , , , , , , , , 
11.4251538, -0.043473, , , , , , , 11.4251538, -0.1203479, , , , , , , 11.4251538, -0.1005417, , , , , , , 11.4251538, 0.0951705, , , , , , , , , , , , , , , , , , , , , , , , , , , , 
11.4256731, -0.0547189, , , , , , , 11.4256731, -0.114641, , , , , , , 11.4256731, -0.0715038, , , , , , , 11.4256731, 0.0904707, , , , , , , , , , , , , , , , , , , , , , , , , , , , 
11.4261923, -0.0649577, , , , , , , 11.4261923, -0.1519036, , , , , , , 11.4261923, -0.0310521, , , , , , , 11.4261923, 0.085771, , , , , , , , , , , , , , , , , , , , , , , , , , , , 
11.4267115, -0.0676432, , , , , , , 11.4267115, -0.2378424, , , , , , , 11.4267115, 0.0010071, , , , , , , 11.4267115, 0.0810712, , , , , , , , , , , , , , , , , , , , , , , , , , , , 
11.4272308, -0.0616007, , , , , , , 11.4272308, -0.3331807, , , , , , , 11.4272308, 0.0146029, , , , , , , 11.4272308, 0.0716716, , , , , , , , , , , , , , , , , , , , , , , , , , , , 
11.42775, -0.0475013, , , , , , , 11.42775, -0.3694362, , , , , , , 11.42775, 0.0184634, , , , , , , 11.42775, 0.0548867, , , , , , , , , , , , , , , , , , , , , , , , , , , , 
11.4282692, -0.0320592, , , , , , , 11.4282692, -0.3633936, , , , , , , 11.4282692, 0.0166171, , , , , , , 11.4282692, 0.0359197, , , , , , , , , , , , , , , , , , , , , , , , , , , , 
11.4287885, -0.0209812, , , , , , , 11.4287885, -0.3751431, , , , , , , 11.4287885, 0.0072175, , , , , , , 11.4287885, 0.0196384, , , , , , , , , , , , , , , , , , , , , , , , , , , , 
11.4293077, -0.0193027, , , , , , , 11.4293077, -0.3580224, , , , , , , 11.4293077, -0.0077211, , , , , , , 11.4293077, 0.0095674, , , , , , , , , , , , , , , , , , , , , , , , , , , , 
11.4298269, -0.0162814, , , , , , , 11.4298269, -0.2670481, , , , , , , 11.4298269, -0.0263523, , , , , , , 11.4298269, 0.0041962, , , , , , , , , , , , , , , , , , , , , , , , , , , , 
11.4303462, -0.0028534, , , , , , , 11.4303462, -0.1680171, , , , , , , 11.4303462, -0.0441444, , , , , , , 11.4303462, -0.0008392, , , , , , , , , , , , , , , , , , , , , , , , , , , , 
11.4308654, 0.0102388, , , , , , , 11.4308654, -0.085771, , , , , , , 11.4308654, -0.0575723, , , , , , , 11.4308654, -0.0031891, , , , , , , , , , , , , , , , , , , , , , , , , , , , 
11.4313846, 0.0199741, , , , , , , 11.4313846, -0.0048676, , , , , , , 11.4313846, -0.0569009, , , , , , , 11.4313846, 0.0005035, , , , , , , , , , , , , , , , , , , , , , , , , , , , 
11.4319038, 0.0206455, , , , , , , 11.4319038, 0.0454871, , , , , , , 11.4319038, -0.0448157, , , , , , , 11.4319038, 0.0045319, , , , , , , , , , , , , , , , , , , , , , , , , , , , 
11.4324231, 0.0169528, , , , , , , 11.4324231, 0.0458228, , , , , , , 11.4324231, -0.0297093, , , , , , , 11.4324231, 0.0062104, , , , , , , , , , , , , , , , , , , , , , , , , , , , 
11.4329423, 0.0179599, , , , , , , 11.4329423, 0.0142672, , , , , , , 11.4329423, -0.0157778, , , , , , , 11.4329423, 0.0052033, , , , , , , , , , , , , , , , , , , , , , , , , , , , 
11.4334615, 0.0184634, , , , , , , 11.4334615, -0.0240024, , , , , , , 11.4334615, -0.0041962, , , , , , , 11.4334615, 0.0028534, , , , , , , , , , , , , , , , , , , , , , , , , , , , 
11.4339808, 0.0182956, , , , , , , 11.4339808, -0.0337377, , , , , , , 11.4339808, 0.0025177, , , , , , , 11.4339808, 0.0005035, , , , , , , , , , , , , , , , , , , , , , , , , , , , 
11.4345, 0.0166171, , , , , , , 11.4345, 0.0162814, , , , , , , 11.4345, 0.0041962, , , , , , , 11.4345, 0.0016785, , , , , , , , , , , , , , , , , , , , , , , , , , , , 
11.4350192, 0.0151064, , , , , , , 11.4350192, 0.1267262, , , , , , , 11.4350192, 0.0097353, , , , , , , 11.4350192, -0.0001678, , , , , , , , , , , , , , , , , , , , , , , , , , , , 
11.4355385, 0.0172885, , , , , , , 11.4355385, 0.2707408, , , , , , , 11.4355385, 0.0166171, , , , , , , 11.4355385, -0.0065461, , , , , , , , , , , , , , , , , , , , , , , , , , , , 
11.4360577, 0.0246738, , , , , , , 11.4360577, 0.3261311, , , , , , , 11.4360577, 0.0105745, , , , , , , 11.4360577, -0.0151064, , , , , , , , , , , , , , , , , , , , , , , , , , , , 
11.4365769, 0.030045, , , , , , , 11.4365769, 0.2559701, , , , , , , 11.4365769, -0.0068818, , , , , , , 11.4365769, -0.0243381, , , , , , , , , , , , , , , , , , , , , , , , , , , , 
11.4370962, 0.0276951, , , , , , , 11.4370962, 0.1623102, , , , , , , 11.4370962, -0.0240024, , , , , , , 11.4370962, -0.0332341, , , , , , , , , , , , , , , , , , , , , , , , , , , , 
11.4376154, 0.0290379, , , , , , , 11.4376154, 0.0978561, , , , , , , 11.4376154, -0.0330663, , , , , , , 11.4376154, -0.0431373, , , , , , , , , , , , , , , , , , , , , , , , , , , , 
11.4381346, 0.0384375, , , , , , , 11.4381346, 0.049012, , , , , , , 11.4381346, -0.0350805, , , , , , , 11.4381346, -0.0532082, , , , , , , , , , , , , , , , , , , , , , , , , , , , 
11.4386538, 0.0488441, , , , , , , 11.4386538, 0.0454871, , , , , , , 11.4386538, -0.0347448, , , , , , , 11.4386538, -0.061265, , , , , , , , , , , , , , , , , , , , , , , , , , , , 
11.4391731, 0.0562295, , , , , , , 11.4391731, 0.0518654, , , , , , , 11.4391731, -0.0283665, , , , , , , 11.4391731, -0.0639506, , , , , , , , , , , , , , , , , , , , , , , , , , , , 
11.4396923, 0.0605936, , , , , , , 11.4396923, 0.0468299, , , , , , , 11.4396923, -0.0139315, , , , , , , 11.4396923, -0.0639506, , , , , , , , , , , , , , , , , , , , , , , , , , , , 
11.4402115, 0.0594186, , , , , , , 11.4402115, 0.0797284, , , , , , , 11.4402115, -0.002182, , , , , , , 11.4402115, -0.061265, , , , , , , , , , , , , , , , , , , , , , , , , , , , 
11.4407308, 0.0515297, , , , , , , 11.4407308, 0.1116197, , , , , , , 11.4407308, -0.0005035, , , , , , , 11.4407308, -0.0582437, , , , , , , , , , , , , , , , , , , , , , , , , , , , 
11.44125, 0.043473, , , , , , , 11.44125, 0.0955062, , , , , , , 11.44125, 0.0005035, , , , , , , 11.44125, -0.0522011, , , , , , , , , , , , , , , , , , , , , , , , , , , , 
11.4417692, 0.0433051, , , , , , , 11.4417692, 0.0129244, , , , , , , 11.4417692, 0.0090639, , , , , , , 11.4417692, -0.0431373, , , , , , , , , , , , , , , , , , , , , , , , , , , , 
11.4422885, 0.0488441, , , , , , , 11.4422885, -0.0834211, , , , , , , 11.4422885, 0.0193027, , , , , , , 11.4422885, -0.0359197, , , , , , , , , , , , , , , , , , , , , , , , , , , , 
11.4428077, 0.0488441, , , , , , , 11.4428077, -0.0787213, , , , , , , 11.4428077, 0.0209812, , , , , , , 11.4428077, -0.0295415, , , , , , , , , , , , , , , , , , , , , , , , , , , , 
11.4433269, 0.0463264, , , , , , , 11.4433269, -0.0041962, , , , , , , 11.4433269, 0.0139315, , , , , , , 11.4433269, -0.0216526, , , , , , , , , , , , , , , , , , , , , , , , , , , , 
11.4438462, 0.0412909, , , , , , , 11.4438462, 0.0263523, , , , , , , 11.4438462, 0.0031891, , , , , , , 11.4438462, -0.0139315, , , , , , , , , , , , , , , , , , , , , , , , , , , , 
11.4443654, 0.0360876, , , , , , , 11.4443654, 0.0119173, , , , , , , 11.4443654, -0.0036927, , , , , , , 11.4443654, -0.005539, , , , , , , , , , , , , , , , , , , , , , , , , , , , 
11.4448846, 0.0270237, , , , , , , 11.4448846, -0.0078889, , , , , , , 11.4448846, -0.0035248, , , , , , , 11.4448846, 0.0078889, , , , , , , , , , , , , , , , , , , , , , , , , , , , 
11.4454038, 0.0172885, , , , , , , 11.4454038, 0.0035248, , , , , , , 11.4454038, 0.0011749, , , , , , , 11.4454038, 0.0229953, , , , , , , , , , , , , , , , , , , , , , , , , , , , 
11.4459231, 0.0112459, , , , , , , 11.4459231, 0.0307164, , , , , , , 11.4459231, 0.0062104, , , , , , , 11.4459231, 0.0387732, , , , , , , , , , , , , , , , , , , , , , , , , , , , 
11.4464423, 0.0095674, , , , , , , 11.4464423, 0.0011749, , , , , , , 11.4464423, 0.0092317, , , , , , , 11.4464423, 0.0515297, , , , , , , , , , , , , , , , , , , , , , , , , , , , 
11.4469615, 0.005539, , , , , , , 11.4469615, -0.0829175, , , , , , , 11.4469615, 0.0075532, , , , , , , 11.4469615, 0.0548867, , , , , , , , , , , , , , , , , , , , , , , , , , , , 
11.4474808, 0.0005035, , , , , , , 11.4474808, -0.142504, , , , , , , 11.4474808, 0.0043641, , , , , , , 11.4474808, 0.0491798, , , , , , , , , , , , , , , , , , , , , , , , , , , , 
11.448, -0.0046998, , , , , , , 11.448, -0.1656672, , , , , , , 11.448, 0.0001678, , , , , , , 11.448, 0.0370947, , , , , , , , , , , , , , , , , , , , , , , , , , , , 
11.4485192, -0.008896, , , , , , , 11.4485192, -0.1680171, , , , , , , 11.4485192, -0.0072175, , , , , , , 11.4485192, 0.0263523, , , , , , , , , , , , , , , , , , , , , , , , , , , , 
11.4490385, -0.0125887, , , , , , , 11.4490385, -0.1493858, , , , , , , 11.4490385, -0.0169528, , , , , , , 11.4490385, 0.021149, , , , , , , , , , , , , , , , , , , , , , , , , , , , 
11.4495577, -0.0083925, , , , , , , 11.4495577, -0.0522011, , , , , , , 11.4495577, -0.0236667, , , , , , , 11.4495577, 0.0179599, , , , , , , , , , , , , , , , , , , , , , , , , , , , 
11.4500769, 0.0057069, , , , , , , 11.4500769, 0.1404898, , , , , , , 11.4500769, -0.0229953, , , , , , , 11.4500769, 0.0184634, , , , , , , , , , , , , , , , , , , , , , , , , , , , 
11.4505962, 0.0186313, , , , , , , 11.4505962, 0.3234455, , , , , , , 11.4505962, -0.0135958, , , , , , , 11.4505962, 0.0240024, , , , , , , , , , , , , , , , , , , , , , , , , , , , 
11.4511154, 0.0213169, , , , , , , 11.4511154, 0.3862211, , , , , , , 11.4511154, 0.0018463, , , , , , , 11.4511154, 0.0256809, , , , , , , , , , , , , , , , , , , , , , , , , , , , 
11.4516346, 0.0226596, , , , , , , 11.4516346, 0.3227741, , , , , , , 11.4516346, 0.0030213, , , , , , , 11.4516346, 0.0213169, , , , , , , , , , , , , , , , , , , , , , , , , , , , 
11.4521538, 0.0236667, , , , , , , 11.4521538, 0.2039368, , , , , , , 11.4521538, -0.0154421, , , , , , , 11.4521538, 0.0152743, , , , , , , , , , , , , , , , , , , , , , , , , , , , 
11.4526731, 0.026688, , , , , , , 11.4526731, 0.0797284, , , , , , , 11.4526731, -0.0352483, , , , , , , 11.4526731, 0.0129244, , , , , , , , , , , , , , , , , , , , , , , , , , , , 
11.4531923, 0.0340734, , , , , , , 11.4531923, -0.0260166, , , , , , , 11.4531923, -0.0485084, , , , , , , 11.4531923, 0.0119173, , , , , , , , , , , , , , , , , , , , , , , , , , , , 
11.4537115, 0.0426337, , , , , , , 11.4537115, -0.1050736, , , , , , , 11.4537115, -0.0518654, , , , , , , 11.4537115, 0.0102388, , , , , , , , , , , , , , , , , , , , , , , , , , , , 
11.4542308, 0.0458228, , , , , , , 11.4542308, -0.1802701, , , , , , , 11.4542308, -0.0498512, , , , , , , 11.4542308, 0.0062104, , , , , , , , , , , , , , , , , , , , , , , , , , , , 
11.45475, 0.0392767, , , , , , , 11.45475, -0.2230716, , , , , , , 11.45475, -0.0459907, , , , , , , 11.45475, 0.0038605, , , , , , , , , , , , , , , , , , , , , , , , , , , , 
11.4552692, 0.0287022, , , , , , , 11.4552692, -0.2462348, , , , , , , 11.4552692, -0.0397803, , , , , , , 11.4552692, 0.0028534, , , , , , , , , , , , , , , , , , , , , , , , , , , , 
11.4557885, 0.0203098, , , , , , , 11.4557885, -0.2908827, , , , , , , 11.4557885, -0.0344091, , , , , , , 11.4557885, -0.0001678, , , , , , , , , , , , , , , , , , , , , , , , , , , , 
11.4563077, 0.0102388, , , , , , , 11.4563077, -0.3120317, , , , , , , 11.4563077, -0.0337377, , , , , , , 11.4563077, -0.0062104, , , , , , , , , , , , , , , , , , , , , , , , , , , , 
11.4568269, 0.0038605, , , , , , , 11.4568269, -0.2834974, , , , , , , 11.4568269, -0.0357519, , , , , , , 11.4568269, -0.0152743, , , , , , , , , , , , , , , , , , , , , , , , , , , , 
11.4573462, 0.0068818, , , , , , , 11.4573462, -0.2329747, , , , , , , 11.4573462, -0.0310521, , , , , , , 11.4573462, -0.0253452, , , , , , , , , , , , , , , , , , , , , , , , , , , , 
11.4578654, 0.0109102, , , , , , , 11.4578654, -0.2034333, , , , , , , 11.4578654, -0.0057069, , , , , , , 11.4578654, -0.0330663, , , , , , , , , , , , , , , , , , , , , , , , , , , , 
11.4583846, 0.0095674, , , , , , , 11.4583846, -0.1707027, , , , , , , 11.4583846, 0.0323949, , , , , , , 11.4583846, -0.0370947, , , , , , , , , , , , , , , , , , , , , , , , , , , , 
11.4589038, 0.0105745, , , , , , , 11.4589038, -0.1027237, , , , , , , 11.4589038, 0.0575723, , , , , , , 11.4589038, -0.0407874, , , , , , , , , , , , , , , , , , , , , , , , , , , , 
11.4594231, 0.0152743, , , , , , , 11.4594231, -0.047837, , , , , , , 11.4594231, 0.0589151, , , , , , , 11.4594231, -0.0421302, , , , , , , , , , , , , , , , , , , , , , , , , , , , 
11.4599423, 0.0240024, , , , , , , 11.4599423, -0.0438087, , , , , , , 11.4599423, 0.0464942, , , , , , , 11.4599423, -0.0428016, , , , , , , , , , , , , , , , , , , , , , , , , , , , 
11.4604615, 0.0381018, , , , , , , 11.4604615, -0.0417945, , , , , , , 11.4604615, 0.0344091, , , , , , , 11.4604615, -0.0414588, , , , , , , , , , , , , , , , , , , , , , , , , , , , 
11.4609808, 0.0454871, , , , , , , 11.4609808, 0.0072175, , , , , , , 11.4609808, 0.026688, , , , , , , 11.4609808, -0.0337377, , , , , , , , , , , , , , , , , , , , , , , , , , , , 
11.4615, 0.0481727, , , , , , , 11.4615, 0.0730144, , , , , , , 11.4615, 0.0146029, , , , , , , 11.4615, -0.0229953, , , , , , , , , , , , , , , , , , , , , , , , , , , , 
11.4620192, 0.0515297, , , , , , , 11.4620192, 0.1388113, , , , , , , 11.4620192, 0.0031891, , , , , , , 11.4620192, -0.0152743, , , , , , , , , , , , , , , , , , , , , , , , , , , , 
11.4625385, 0.0530404, , , , , , , 11.4625385, 0.2066224, , , , , , , 11.4625385, 0.0010071, , , , , , , 11.4625385, -0.0070497, , , , , , , , , , , , , , , , , , , , , , , , , , , , 
11.4630577, 0.0491798, , , , , , , 11.4630577, 0.2683909, , , , , , , 11.4630577, 0.002182, , , , , , , 11.4630577, 0.0008392, , , , , , , , , , , , , , , , , , , , , , , , , , , , 
11.4635769, 0.0399481, , , , , , , 11.4635769, 0.2986038, , , , , , , 11.4635769, -0.0015106, , , , , , , 11.4635769, 0.0109102, , , , , , , , , , , , , , , , , , , , , , , , , , , , 
11.4640962, 0.0340734, , , , , , , 11.4640962, 0.279469, , , , , , , 11.4640962, -0.0146029, , , , , , , 11.4640962, 0.0206455, , , , , , , , , , , , , , , , , , , , , , , , , , , , 
11.4646154, 0.0297093, , , , , , , 11.4646154, 0.2119936, , , , , , , 11.4646154, -0.0310521, , , , , , , 11.4646154, 0.0265202, , , , , , , , , , , , , , , , , , , , , , , , , , , , 
11.4651346, 0.0250095, , , , , , , 11.4651346, 0.1119554, , , , , , , 11.4651346, -0.0387732, , , , , , , 11.4651346, 0.0339055, , , , , , , , , , , , , , , , , , , , , , , , , , , , 
11.4656538, 0.0216526, , , , , , , 11.4656538, 0.023331, , , , , , , 11.4656538, -0.0384375, , , , , , , 11.4656538, 0.0387732, , , , , , , , , , , , , , , , , , , , , , , , , , , , 
11.4661731, 0.018967, , , , , , , 11.4661731, -0.0099031, , , , , , , 11.4661731, -0.0350805, , , , , , , 11.4661731, 0.040116, , , , , , , , , , , , , , , , , , , , , , , , , , , , 
11.4666923, 0.012253, , , , , , , 11.4666923, -0.0065461, , , , , , , 11.4666923, -0.033402, , , , , , , 11.4666923, 0.0406195, , , , , , , , , , , , , , , , , , , , , , , , , , , , 
11.4672115, 0.0072175, , , , , , , 11.4672115, 0.033402, , , , , , , 11.4672115, -0.027863, , , , , , , 11.4672115, 0.0391089, , , , , , , , , , , , , , , , , , , , , , , , , , , , 
11.4677308, 0.011078, , , , , , , 11.4677308, 0.1445182, , , , , , , 11.4677308, -0.0159457, , , , , , , 11.4677308, 0.033402, , , , , , , , , , , , , , , , , , , , , , , , , , , , 
11.46825, 0.0159457, , , , , , , 11.46825, 0.2381781, , , , , , , 11.46825, -0.0018463, , , , , , , 11.46825, 0.0265202, , , , , , , , , , , , , , , , , , , , , , , , , , , , 
11.4687692, 0.0135958, , , , , , , 11.4687692, 0.2022583, , , , , , , 11.4687692, 0.0109102, , , , , , , 11.4687692, 0.0209812, , , , , , , , , , , , , , , , , , , , , , , , , , , , 
11.4692885, 0.0075532, , , , , , , 11.4692885, 0.079057, , , , , , , 11.4692885, 0.0182956, , , , , , , 11.4692885, 0.0169528, , , , , , , , , , , , , , , , , , , , , , , , , , , , 
11.4698077, -0.0025177, , , , , , , 11.4698077, -0.0070497, , , , , , , 11.4698077, 0.026688, , , , , , , 11.4698077, 0.01561, , , , , , , , , , , , , , , , , , , , , , , , , , , , 
11.4703269, -0.0075532, , , , , , , 11.4703269, -0.0391089, , , , , , , 11.4703269, 0.0609293, , , , , , , 11.4703269, 0.0146029, , , , , , , , , , , , , , , , , , , , , , , , , , , , 
11.4708462, -0.0048676, , , , , , , 11.4708462, -0.0592508, , , , , , , 11.4708462, 0.1082628, , , , , , , 11.4708462, 0.0115816, , , , , , , , , , , , , , , , , , , , , , , , , , , , 
11.4713654, -0.0001678, , , , , , , 11.4713654, -0.0132601, , , , , , , 11.4713654, 0.1346151, , , , , , , 11.4713654, 0.0072175, , , , , , , , , , , , , , , , , , , , , , , , , , , , 
11.4718846, 0.0095674, , , , , , , 11.4718846, 0.0720073, , , , , , , 11.4718846, 0.1186694, , , , , , , 11.4718846, 0.0052033, , , , , , , , , , , , , , , , , , , , , , , , , , , , 
11.4724038, 0.01561, , , , , , , 11.4724038, 0.0757, , , , , , , 11.4724038, 0.0710002, , , , , , , 11.4724038, 0.0041962, , , , , , , , , , , , , , , , , , , , , , , , , , , , 
11.4729231, 0.0139315, , , , , , , 11.4729231, -0.0276951, , , , , , , 11.4729231, 0.0172885, , , , , , , 11.4729231, 0.0105745, , , , , , , , , , , , , , , , , , , , , , , , , , , , 
11.4734423, 0.01561, , , , , , , 11.4734423, -0.1764096, , , , , , , 11.4734423, -0.0290379, , , , , , , 11.4734423, 0.0290379, , , , , , , , , , , , , , , , , , , , , , , , , , , , 
11.4739615, 0.0256809, , , , , , , 11.4739615, -0.3024643, , , , , , , 11.4739615, -0.0595865, , , , , , , 11.4739615, 0.0532082, , , , , , , , , , , , , , , , , , , , , , , , , , , , 
11.4744808, 0.0360876, , , , , , , 11.4744808, -0.3603723, , , , , , , 11.4744808, -0.0748608, , , , , , , 11.4744808, 0.0803998, , , , , , , , , , , , , , , , , , , , , , , , , , , , 
11.475, 0.0339055, , , , , , , 11.475, -0.3398947, , , , , , , 11.475, -0.0780499, , , , , , , 11.475, 0.1025559, , , , , , , , , , , , , , , , , , , , , , , , , , , , 
11.4755192, 0.0166171, , , , , , , 11.4755192, -0.3002823, , , , , , , 11.4755192, -0.0706645, , , , , , , 11.4755192, 0.1143053, , , , , , , , , , , , , , , , , , , , , , , , , , , , 
11.4760385, -0.0072175, , , , , , , 11.4760385, -0.2687266, , , , , , , 11.4760385, -0.0659648, , , , , , , 11.4760385, 0.1196765, , , , , , , , , , , , , , , , , , , , , , , , , , , , 
11.4765577, -0.0206455, , , , , , , 11.4765577, -0.2015869, , , , , , , 11.4765577, -0.0659648, , , , , , , 11.4765577, 0.1154803, , , , , , , , , , , , , , , , , , , , , , , , , , , , 
11.4770769, -0.0219883, , , , , , , 11.4770769, -0.0928206, , , , , , , 11.4770769, -0.0553902, , , , , , , 11.4770769, 0.0951705, , , , , , , , , , , , , , , , , , , , , , , , , , , , 
11.4775962, -0.018967, , , , , , , 11.4775962, 0.0043641, , , , , , , 11.4775962, -0.0260166, , , , , , , 11.4775962, 0.066804, , , , , , , , , , , , , , , , , , , , , , , , , , , , 
11.4781154, -0.0105745, , , , , , , 11.4781154, 0.0386053, , , , , , , 11.4781154, 0.0018463, , , , , , , 11.4781154, 0.0428016, , , , , , , , , , , , , , , , , , , , , , , , , , , , 
11.4786346, -0.0048676, , , , , , , 11.4786346, 0.0481727, , , , , , , 11.4786346, 0.0132601, , , , , , , 11.4786346, 0.0250095, , , , , , , , , , , , , , , , , , , , , , , , , , , , 
11.4791538, -0.0082246, , , , , , , 11.4791538, 0.1309224, , , , , , , 11.4791538, 0.0109102, , , , , , , 11.4791538, 0.0065461, , , , , , , , , , , , , , , , , , , , , , , , , , , , 
11.4796731, -0.0092317, , , , , , , 11.4796731, 0.2354925, , , , , , , 11.4796731, 0.0008392, , , , , , , 11.4796731, -0.0105745, , , , , , , , , , , , , , , , , , , , , , , , , , , , 
11.4801923, 0.002182, , , , , , , 11.4801923, 0.2526131, , , , , , , 11.4801923, -0.0097353, , , , , , , 11.4801923, -0.017792, , , , , , , , , , , , , , , , , , , , , , , , , , , , 
11.4807115, 0.0119173, , , , , , , 11.4807115, 0.2284428, , , , , , , 11.4807115, -0.0179599, , , , , , , 11.4807115, -0.0172885, , , , , , , , , , , , , , , , , , , , , , , , , , , , 
11.4812308, 0.0119173, , , , , , , 11.4812308, 0.2203861, , , , , , , 11.4812308, -0.0213169, , , , , , , 11.4812308, -0.0182956, , , , , , , , , , , , , , , , , , , , , , , , , , , , 
11.48175, 0.0099031, , , , , , , 11.48175, 0.2140078, , , , , , , 11.48175, -0.0179599, , , , , , , 11.48175, -0.0196384, , , , , , , , , , , , , , , , , , , , , , , , , , , , 
11.4822692, 0.0099031, , , , , , , 11.4822692, 0.1764096, , , , , , , 11.4822692, -0.0115816, , , , , , , 11.4822692, -0.0146029, , , , , , , , , , , , , , , , , , , , , , , , , , , , 
11.4827885, 0.0092317, , , , , , , 11.4827885, 0.1097734, , , , , , , 11.4827885, -0.0038605, , , , , , , 11.4827885, -0.0043641, , , , , , , , , , , , , , , , , , , , , , , , , , , , 
11.4833077, 0.0018463, , , , , , , 11.4833077, 0.0468299, , , , , , , 11.4833077, -0.0001678, , , , , , , 11.4833077, 0.0112459, , , , , , , , , , , , , , , , , , , , , , , , , , , , 
11.4838269, -0.0028534, , , , , , , 11.4838269, -0.0271916, , , , , , , 11.4838269, -0.0082246, , , , , , , 11.4838269, 0.0404517, , , , , , , , , , , , , , , , , , , , , , , , , , , , 
11.4843462, -0.0011749, , , , , , , 11.4843462, -0.1257191, , , , , , , 11.4843462, -0.0162814, , , , , , , 11.4843462, 0.0830854, , , , , , , , , , , , , , , , , , , , , , , , , , , , 
11.4848654, -0.0075532, , , , , , , 11.4848654, -0.2150149, , , , , , , 11.4848654, -0.0119173, , , , , , , 11.4848654, 0.1200122, , , , , , , , , , , , , , , , , , , , , , , , , , , , 
11.4853846, -0.0223239, , , , , , , 11.4853846, -0.2532845, , , , , , , 11.4853846, -0.0015106, , , , , , , 11.4853846, 0.1367971, , , , , , , , , , , , , , , , , , , , , , , , , , , , 
11.4859038, -0.033402, , , , , , , 11.4859038, -0.2487526, , , , , , , 11.4859038, 0.0083925, , , , , , , 11.4859038, 0.1300832, , , , , , , , , , , , , , , , , , , , , , , , , , , , 
11.4864231, -0.033402, , , , , , , 11.4864231, -0.2222324, , , , , , , 11.4864231, 0.0105745, , , , , , , 11.4864231, 0.1079271, , , , , , , , , , , , , , , , , , , , , , , , , , , , 
11.4869423, -0.0298772, , , , , , , 11.4869423, -0.202594, , , , , , , 11.4869423, 0.0162814, , , , , , , 11.4869423, 0.0864424, , , , , , , , , , , , , , , , , , , , , , , , , , , , 
11.4874615, -0.0218204, , , , , , , 11.4874615, -0.1727169, , , , , , , 11.4874615, 0.0260166, , , , , , , 11.4874615, 0.0686503, , , , , , , , , , , , , , , , , , , , , , , , , , , , 
11.4879808, -0.0038605, , , , , , , 11.4879808, -0.0716716, , , , , , , 11.4879808, 0.0273594, , , , , , , 11.4879808, 0.0498512, , , , , , , , , , , , , , , , , , , , , , , , , , , , 
11.4885, 0.0085603, , , , , , , 11.4885, 0.0770428, , , , , , , 11.4885, 0.0307164, , , , , , , 11.4885, 0.0320592, , , , , , , , , , , , , , , , , , , , , , , , , , , , 
11.4890192, 0.0058747, , , , , , , 11.4890192, 0.2843366, , , , , , , 11.4890192, 0.0518654, , , , , , , 11.4890192, 0.0152743, , , , , , , , , , , , , , , , , , , , , , , , , , , , 
11.4895385, 0.0038605, , , , , , , 11.4895385, 0.4590677, , , , , , , 11.4895385, 0.0740215, , , , , , , 11.4895385, 0.0015106, , , , , , , , , , , , , , , , , , , , , , , , , , , , 
11.4900577, 0.0105745, , , , , , , 11.4900577, 0.4600748, , , , , , , 11.4900577, 0.079057, , , , , , , 11.4900577, -0.0095674, , , , , , , , , , , , , , , , , , , , , , , , , , , , 
11.4905769, 0.0166171, , , , , , , 11.4905769, 0.3194171, , , , , , , 11.4905769, 0.0736858, , , , , , , 11.4905769, -0.0176242, , , , , , , , , , , , , , , , , , , , , , , , , , , , 
11.4910962, 0.0149386, , , , , , , 11.4910962, 0.1643244, , , , , , , 11.4910962, 0.0632792, , , , , , , 11.4910962, -0.0231632, , , , , , , , , , , , , , , , , , , , , , , , , , , , 
11.4916154, 0.0102388, , , , , , , 11.4916154, -0.04448, , , , , , , 11.4916154, 0.0518654, , , , , , , 11.4916154, -0.0283665, , , , , , , , , , , , , , , , , , , , , , , , , , , , 
11.4921346, 0.0072175, , , , , , , 11.4921346, -0.3278096, , , , , , , 11.4921346, 0.0411231, , , , , , , 11.4921346, -0.0323949, , , , , , , , , , , , , , , , , , , , , , , , , , , , 
11.4926538, 0.0060426, , , , , , , 11.4926538, -0.5372854, , , , , , , 11.4926538, 0.0293736, , , , , , , 11.4926538, -0.0374304, , , , , , , , , , , , , , , , , , , , , , , , , , , , 
11.4931731, 0.0005035, , , , , , , 11.4931731, -0.5520562, , , , , , , 11.4931731, 0.0075532, , , , , , , 11.4931731, -0.0453193, , , , , , , , , , , , , , , , , , , , , , , , , , , , 
11.4936923, -0.0058747, , , , , , , 11.4936923, -0.395285, , , , , , , 11.4936923, -0.0318914, , , , , , , 11.4936923, -0.0508583, , , , , , , , , , , , , , , , , , , , , , , , , , , , 
11.4942115, -0.0092317, , , , , , , 11.4942115, -0.2072938, , , , , , , 11.4942115, -0.0699931, , , , , , , 11.4942115, -0.0500191, , , , , , , , , , , , , , , , , , , , , , , , , , , , 
11.4947308, -0.0085603, , , , , , , 11.4947308, -0.0958419, , , , , , , 11.4947308, -0.0827497, , , , , , , 11.4947308, -0.0454871, , , , , , , , , , , , , , , , , , , , , , , , , , , , 
11.49525, -0.0062104, , , , , , , 11.49525, -0.0287022, , , , , , , 11.49525, -0.072343, , , , , , , 11.49525, -0.0438087, , , , , , , , , , , , , , , , , , , , , , , , , , , , 
11.4957692, 0.0001678, , , , , , , 11.4957692, -0.0052033, , , , , , , 11.4957692, -0.0592508, , , , , , , 11.4957692, -0.0453193, , , , , , , , , , , , , , , , , , , , , , , , , , , , 
11.4962885, 0.0092317, , , , , , , 11.4962885, -0.0505226, , , , , , , 11.4962885, -0.0518654, , , , , , , 11.4962885, -0.0464942, , , , , , , , , , , , , , , , , , , , , , , , , , , , 
11.4968077, 0.0085603, , , , , , , 11.4968077, -0.1529107, , , , , , , 11.4968077, -0.0686503, , , , , , , 11.4968077, -0.0505226, , , , , , , , , , , , , , , , , , , , , , , , , , , , 
11.4973269, 0.0132601, , , , , , , 11.4973269, -0.2603342, , , , , , , 11.4973269, -0.1012131, , , , , , , 11.4973269, -0.0595865, , , , , , , , , , , , , , , , , , , , , , , , , , , , 
11.4978462, 0.0290379, , , , , , , 11.4978462, -0.2737621, , , , , , , 11.4978462, -0.1374685, , , , , , , 11.4978462, -0.0706645, , , , , , , , , , , , , , , , , , , , , , , , , , , , 
11.4983654, 0.0453193, , , , , , , 11.4983654, -0.1868162, , , , , , , 11.4983654, -0.1750668, , , , , , , 11.4983654, -0.0762036, , , , , , , , , , , , , , , , , , , , , , , , , , , , 
11.4988846, 0.0639506, , , , , , , 11.4988846, -0.096849, , , , , , , 11.4988846, -0.2049439, , , , , , , 11.4988846, -0.073518, , , , , , , , , , , , , , , , , , , , , , , , , , , , 
11.4994038, 0.0817426, , , , , , , 11.4994038, -0.0404517, , , , , , , 11.4994038, -0.2240787, , , , , , , 11.4994038, -0.0666361, , , , , , , , , , , , , , , , , , , , , , , , , , , , 
11.4999231, 0.0991989, , , , , , , 11.4999231, 0.0307164, , , , , , , 11.4999231, -0.2324712, , , , , , , 11.4999231, -0.06009, , , , , , , , , , , , , , , , , , , , , , , , , , , , 
11.5004423, 0.1149767, , , , , , , 11.5004423, 0.124712, , , , , , , 11.5004423, -0.2234073, , , , , , , 11.5004423, -0.0525368, , , , , , , , , , , , , , , , , , , , , , , , , , , , 
11.5009615, 0.1243763, , , , , , , 11.5009615, 0.1955444, , , , , , , 11.5009615, -0.1928588, , , , , , , 11.5009615, -0.0451514, , , , , , , , , , , , , , , , , , , , , , , , , , , , 
11.5014808, 0.1223621, , , , , , , 11.5014808, 0.2277714, , , , , , , 11.5014808, -0.144686, , , , , , , 11.5014808, -0.040116, , , , , , , , , , , , , , , , , , , , , , , , , , , , 
11.502, 0.114641, , , , , , , 11.502, 0.2358282, , , , , , , 11.502, -0.0884565, , , , , , , 11.502, -0.0357519, , , , , , , , , , , , , , , , , , , , , , , , , , , , 
11.5025192, 0.1082628, , , , , , , 11.5025192, 0.2049439, , , , , , , 11.5025192, -0.030045, , , , , , , 11.5025192, -0.0317235, , , , , , , , , , , , , , , , , , , , , , , , , , , , 
11.5030385, 0.1049058, , , , , , , 11.5030385, 0.1411612, , , , , , , 11.5030385, 0.0293736, , , , , , , 11.5030385, -0.0276951, , , , , , , , , , , , , , , , , , , , , , , , , , , , 
11.5035577, 0.0995346, , , , , , , 11.5035577, 0.0626078, , , , , , , 11.5035577, 0.0852674, , , , , , , 11.5035577, -0.0243381, , , , , , , , , , , , , , , , , , , , , , , , , , , , 
11.5040769, 0.0864424, , , , , , , 11.5040769, -0.0129244, , , , , , , 11.5040769, 0.1257191, , , , , , , 11.5040769, -0.0135958, , , , , , , , , , , , , , , , , , , , , , , , , , , , 
11.5045962, 0.0649577, , , , , , , 11.5045962, -0.0323949, , , , , , , 11.5045962, 0.1473716, , , , , , , 11.5045962, 0.0090639, , , , , , , , , , , , , , , , , , , , , , , , , , , , 
11.5051154, 0.0438087, , , , , , , 11.5051154, -0.0196384, , , , , , , 11.5051154, 0.1515679, , , , , , , 11.5051154, 0.036759, , , , , , , , , , , , , , , , , , , , , , , , , , , , 
11.5056346, 0.030045, , , , , , , 11.5056346, -0.0458228, , , , , , , 11.5056346, 0.1396506, , , , , , , 11.5056346, 0.0666361, , , , , , , , , , , , , , , , , , , , , , , , , , , , 
11.5061538, 0.0258488, , , , , , , 11.5061538, -0.0767071, , , , , , , 11.5061538, 0.1206836, , , , , , , 11.5061538, 0.0961776, , , , , , , , , , , , , , , , , , , , , , , , , , , , 
11.5066731, 0.0218204, , , , , , , 11.5066731, -0.0642863, , , , , , , 11.5066731, 0.1099413, , , , , , , 11.5066731, 0.1153124, , , , , , , , , , , , , , , , , , , , , , , , , , , , 
11.5071923, 0.0065461, , , , , , , 11.5071923, 0.0052033, , , , , , , 11.5071923, 0.10692, , , , , , , 11.5071923, 0.1237049, , , , , , , , , , , , , , , , , , , , , , , , , , , , 
11.5077115, -0.0164492, , , , , , , 11.5077115, 0.0830854, , , , , , , 11.5077115, 0.0975204, , , , , , , 11.5077115, 0.1265583, , , , , , , , , , , , , , , , , , , , , , , , , , , , 
11.5082308, -0.0305486, , , , , , , 11.5082308, 0.0877852, , , , , , , 11.5082308, 0.0777142, , , , , , , 11.5082308, 0.1284047, , , , , , , , , , , , , , , , , , , , , , , , , , , , 
11.50875, -0.0344091, , , , , , , 11.50875, 0.0318914, , , , , , , 11.50875, 0.0589151, , , , , , , 11.50875, 0.1263905, , , , , , , , , , , , , , , , , , , , , , , , , , , , 
11.5092692, -0.0340734, , , , , , , 11.5092692, -0.0035248, , , , , , , 11.5092692, 0.0485084, , , , , , , 11.5092692, 0.1210193, , , , , , , , , , , , , , , , , , , , , , , , , , , , 
11.5097885, -0.0303807, , , , , , , 11.5097885, 0.0229953, , , , , , , 11.5097885, 0.0409552, , , , , , , 11.5097885, 0.1156481, , , , , , , , , , , , , , , , , , , , , , , , , , , , 
11.5103077, -0.0337377, , , , , , , 11.5103077, 0.0666361, , , , , , , 11.5103077, 0.0332341, , , , , , , 11.5103077, 0.1159838, , , , , , , , , , , , , , , , , , , , , , , , , , , , 
11.5108269, -0.0377661, , , , , , , 11.5108269, 0.0713359, , , , , , , 11.5108269, 0.0135958, , , , , , , 11.5108269, 0.1210193, , , , , , , , , , , , , , , , , , , , , , , , , , , , 
11.5113462, -0.0391089, , , , , , , 11.5113462, 0.0406195, , , , , , , 11.5113462, -0.0179599, , , , , , , 11.5113462, 0.121355, , , , , , , , , , , , , , , , , , , , , , , , , , , , 
11.5118654, -0.0417945, , , , , , , 11.5118654, 0.043473, , , , , , , 11.5118654, -0.0411231, , , , , , , 11.5118654, 0.10692, , , , , , , , , , , , , , , , , , , , , , , , , , , , 
11.5123846, -0.0448157, , , , , , , 11.5123846, 0.1065843, , , , , , , 11.5123846, -0.0508583, , , , , , , 11.5123846, 0.0820783, , , , , , , , , , , , , , , , , , , , , , , , , , , , 
11.5129038, -0.0505226, , , , , , , 11.5129038, 0.1811093, , , , , , , 11.5129038, -0.0569009, , , , , , , 11.5129038, 0.0572366, , , , , , , , , , , , , , , , , , , , , , , , , , , , 
11.5134231, -0.0513619, , , , , , , 11.5134231, 0.2086366, , , , , , , 11.5134231, -0.0602579, , , , , , , 11.5134231, 0.0337377, , , , , , , , , , , , , , , , , , , , , , , , , , , , 
11.5139423, -0.0491798, , , , , , , 11.5139423, 0.1549248, , , , , , , 11.5139423, -0.0558938, , , , , , , 11.5139423, 0.0130922, , , , , , , , , , , , , , , , , , , , , , , , , , , , 
11.5144615, -0.04448, , , , , , , 11.5144615, 0.0461585, , , , , , , 11.5144615, -0.0397803, , , , , , , 11.5144615, -0.0035248, , , , , , , , , , , , , , , , , , , , , , , , , , , , 
11.5149808, -0.0404517, , , , , , , 11.5149808, -0.0505226, , , , , , , 11.5149808, -0.0219883, , , , , , , 11.5149808, -0.0179599, , , , , , , , , , , , , , , , , , , , , , , , , , , , 
11.5155, -0.0411231, , , , , , , 11.5155, -0.0981918, , , , , , , 11.5155, -0.0072175, , , , , , , 11.5155, -0.0288701, , , , , , , , , , , , , , , , , , , , , , , , , , , , 
11.5160192, -0.0411231, , , , , , , 11.5160192, -0.1062486, , , , , , , 11.5160192, 0.0142672, , , , , , , 11.5160192, -0.0384375, , , , , , , , , , , , , , , , , , , , , , , , , , , , 
11.5165385, -0.0372625, , , , , , , 11.5165385, -0.0773785, , , , , , , 11.5165385, 0.0414588, , , , , , , 11.5165385, -0.0466621, , , , , , , , , , , , , , , , , , , , , , , , , , , , 
11.5170577, -0.026688, , , , , , , 11.5170577, -0.0216526, , , , , , , 11.5170577, 0.0626078, , , , , , , 11.5170577, -0.0542153, , , , , , , , , , , , , , , , , , , , , , , , , , , , 
11.5175769, -0.012253, , , , , , , 11.5175769, 0.0112459, , , , , , , 11.5175769, 0.0666361, , , , , , , 11.5175769, -0.0631113, , , , , , , , , , , , , , , , , , , , , , , , , , , , 
11.5180962, -0.0041962, , , , , , , 11.5180962, 0.0166171, , , , , , , 11.5180962, 0.0528725, , , , , , , 11.5180962, -0.0693217, , , , , , , , , , , , , , , , , , , , , , , , , , , , 
11.5186154, -0.0001678, , , , , , , 11.5186154, 0.0146029, , , , , , , 11.5186154, 0.0414588, , , , , , , 11.5186154, -0.0721752, , , , , , , , , , , , , , , , , , , , , , , , , , , , 
11.5191346, 0.0018463, , , , , , , 11.5191346, -0.0135958, , , , , , , 11.5191346, 0.0471656, , , , , , , 11.5191346, -0.0745251, , , , , , , , , , , , , , , , , , , , , , , , , , , , 
11.5196538, 0.008896, , , , , , , 11.5196538, -0.04448, , , , , , , 11.5196538, 0.0491798, , , , , , , 11.5196538, -0.0783856, , , , , , , , , , , , , , , , , , , , , , , , , , , , 
11.5201731, 0.0219883, , , , , , , 11.5201731, -0.0392767, , , , , , , 11.5201731, 0.0347448, , , , , , , 11.5201731, -0.0814069, , , , , , , , , , , , , , , , , , , , , , , , , , , , 
11.5206923, 0.0330663, , , , , , , 11.5206923, -0.0196384, , , , , , , 11.5206923, 0.0132601, , , , , , , 11.5206923, -0.0802319, , , , , , , , , , , , , , , , , , , , , , , , , , , , 
11.5212115, 0.0370947, , , , , , , 11.5212115, -0.0256809, , , , , , , 11.5212115, -0.002182, , , , , , , 11.5212115, -0.0743572, , , , , , , , , , , , , , , , , , , , , , , , , , , , 
11.5217308, 0.0364233, , , , , , , 11.5217308, -0.0350805, , , , , , , 11.5217308, -0.0099031, , , , , , , 11.5217308, -0.0636149, , , , , , , , , , , , , , , , , , , , , , , , , , , , 
11.52225, 0.0360876, , , , , , , 11.52225, -0.0015106, , , , , , , 11.52225, -0.0164492, , , , , , , 11.52225, -0.0491798, , , , , , , , , , , , , , , , , , , , , , , , , , , , 
11.5227692, 0.0374304, , , , , , , 11.5227692, 0.0508583, , , , , , , 11.5227692, -0.012253, , , , , , , 11.5227692, -0.0344091, , , , , , , , , , , , , , , , , , , , , , , , , , , , 
11.5232885, 0.0391089, , , , , , , 11.5232885, 0.0758679, , , , , , , 11.5232885, 0.0159457, , , , , , , 11.5232885, -0.0193027, , , , , , , , , , , , , , , , , , , , , , , , , , , , 
11.5238077, 0.0313878, , , , , , , 11.5238077, 0.0639506, , , , , , , 11.5238077, 0.0599222, , , , , , , 11.5238077, -0.0001678, , , , , , , , , , , , , , , , , , , , , , , , , , , , 
11.5243269, 0.0216526, , , , , , , 11.5243269, 0.0394446, , , , , , , 11.5243269, 0.0840925, , , , , , , 11.5243269, 0.021149, , , , , , , , , , , , , , , , , , , , , , , , , , , , 
11.5248462, 0.0172885, , , , , , , 11.5248462, 0.0337377, , , , , , , 11.5248462, 0.0683146, , , , , , , 11.5248462, 0.0347448, , , , , , , , , , , , , , , , , , , , , , , , , , , , 
11.5253654, 0.0194705, , , , , , , 11.5253654, 0.0676432, , , , , , , 11.5253654, 0.0203098, , , , , , , 11.5253654, 0.0387732, , , , , , , , , , , , , , , , , , , , , , , , , , , , 
11.5258846, 0.0270237, , , , , , , 11.5258846, 0.1084306, , , , , , , 11.5258846, -0.0374304, , , , , , , 11.5258846, 0.0381018, , , , , , , , , , , , , , , , , , , , , , , , , , , , 
11.5264038, 0.0339055, , , , , , , 11.5264038, 0.0961776, , , , , , , 11.5264038, -0.0847639, , , , , , , 11.5264038, 0.0384375, , , , , , , , , , , , , , , , , , , , , , , , , , , , 
11.5269231, 0.0414588, , , , , , , 11.5269231, 0.0146029, , , , , , , 11.5269231, -0.1196765, , , , , , , 11.5269231, 0.0377661, , , , , , , , , , , , , , , , , , , , , , , , , , , , 
11.5274423, 0.0475013, , , , , , , 11.5274423, -0.0693217, , , , , , , 11.5274423, -0.1428397, , , , , , , 11.5274423, 0.0325628, , , , , , , , , , , , , , , , , , , , , , , , , , , , 
11.5279615, 0.0505226, , , , , , , 11.5279615, -0.1230335, , , , , , , 11.5279615, -0.1522393, , , , , , , 11.5279615, 0.0236667, , , , , , , , , , , , , , , , , , , , , , , , , , , , 
11.5284808, 0.051194, , , , , , , 11.5284808, -0.1420005, , , , , , , 11.5284808, -0.145861, , , , , , , 11.5284808, 0.0166171, , , , , , , , , , , , , , , , , , , , , , , , , , , , 
11.529, 0.051194, , , , , , , 11.529, -0.1394827, , , , , , , 11.529, -0.1263905, , , , , , , 11.529, 0.012253, , , , , , , , , , , , , , , , , , , , , , , , , , , , 
11.5295192, 0.0475013, , , , , , , 11.5295192, -0.1307546, , , , , , , 11.5295192, -0.0995346, , , , , , , 11.5295192, 0.0078889, , , , , , , , , , , , , , , , , , , , , , , , , , , , 
11.5300385, 0.0360876, , , , , , , 11.5300385, -0.1176623, , , , , , , 11.5300385, -0.0720073, , , , , , , 11.5300385, 0.0062104, , , , , , , , , , , , , , , , , , , , , , , , , , , , 
11.5305577, 0.023331, , , , , , , 11.5305577, -0.1096056, , , , , , , 11.5305577, -0.047837, , , , , , , 11.5305577, 0.0082246, , , , , , , , , , , , , , , , , , , , , , , , , , , , 
11.5310769, 0.0125887, , , , , , , 11.5310769, -0.0891279, , , , , , , 11.5310769, -0.026688, , , , , , , 11.5310769, 0.0125887, , , , , , , , , , , , , , , , , , , , , , , , , , , , 
11.5315962, 0.0070497, , , , , , , 11.5315962, -0.047837, , , , , , , 11.5315962, -0.0083925, , , , , , , 11.5315962, 0.0169528, , , , , , , , , , , , , , , , , , , , , , , , , , , , 
11.5321154, 0.0041962, , , , , , , 11.5321154, -0.0485084, , , , , , , 11.5321154, 0.0099031, , , , , , , 11.5321154, 0.018967, , , , , , , , , , , , , , , , , , , , , , , , , , , , 
11.5326346, 0.0008392, , , , , , , 11.5326346, -0.0931563, , , , , , , 11.5326346, 0.0256809, , , , , , , 11.5326346, 0.0199741, , , , , , , , , , , , , , , , , , , , , , , , , , , , 
11.5331538, -0.0035248, , , , , , , 11.5331538, -0.1075914, , , , , , , 11.5331538, 0.0325628, , , , , , , 11.5331538, 0.0169528, , , , , , , , , , , , , , , , , , , , , , , , , , , , 
11.5336731, -0.0035248, , , , , , , 11.5336731, -0.0793927, , , , , , , 11.5336731, 0.0303807, , , , , , , 11.5336731, 0.0142672, , , , , , , , , , , , , , , , , , , , , , , , , , , , 
11.5341923, 0.0025177, , , , , , , 11.5341923, -0.0636149, , , , , , , 11.5341923, 0.0260166, , , , , , , 11.5341923, 0.0159457, , , , , , , , , , , , , , , , , , , , , , , , , , , , 
11.5347115, 0.0146029, , , , , , , 11.5347115, -0.0656291, , , , , , , 11.5347115, 0.0203098, , , , , , , 11.5347115, 0.0206455, , , , , , , , , , , , , , , , , , , , , , , , , , , , 
11.5352308, 0.0236667, , , , , , , 11.5352308, -0.0522011, , , , , , , 11.5352308, 0.0102388, , , , , , , 11.5352308, 0.0229953, , , , , , , , , , , , , , , , , , , , , , , , , , , , 
11.53575, 0.0240024, , , , , , , 11.53575, -0.0374304, , , , , , , 11.53575, -0.0028534, , , , , , , 11.53575, 0.0213169, , , , , , , , , , , , , , , , , , , , , , , , , , , , 
11.5362692, 0.0223239, , , , , , , 11.5362692, -0.051194, , , , , , , 11.5362692, -0.0166171, , , , , , , 11.5362692, 0.0219883, , , , , , , , , , , , , , , , , , , , , , , , , , , , 
11.5367885, 0.0238346, , , , , , , 11.5367885, -0.0733501, , , , , , , 11.5367885, -0.0317235, , , , , , , 11.5367885, 0.026688, , , , , , , , , , , , , , , , , , , , , , , , , , , , 
11.5373077, 0.026688, , , , , , , 11.5373077, -0.0629435, , , , , , , 11.5373077, -0.0417945, , , , , , , 11.5373077, 0.0330663, , , , , , , , , , , , , , , , , , , , , , , , , , , , 
11.5378269, 0.0313878, , , , , , , 11.5378269, -0.0270237, , , , , , , 11.5378269, -0.0354162, , , , , , , 11.5378269, 0.0417945, , , , , , , , , , , , , , , , , , , , , , , , , , , , 
11.5383462, 0.0347448, , , , , , , 11.5383462, 0.0001678, , , , , , , 11.5383462, -0.0151064, , , , , , , 11.5383462, 0.0522011, , , , , , , , , , , , , , , , , , , , , , , , , , , , 
11.5388654, 0.0342412, , , , , , , 11.5388654, 0.0038605, , , , , , , 11.5388654, 0.0070497, , , , , , , 11.5388654, 0.0602579, , , , , , , , , , , , , , , , , , , , , , , , , , , , 
11.5393846, 0.0280308, , , , , , , 11.5393846, -0.0035248, , , , , , , 11.5393846, 0.0226596, , , , , , , 11.5393846, 0.0587472, , , , , , , , , , , , , , , , , , , , , , , , , , , , 
11.5399038, 0.0229953, , , , , , , 11.5399038, -0.0112459, , , , , , , 11.5399038, 0.0287022, , , , , , , 11.5399038, 0.0535439, , , , , , , , , , , , , , , , , , , , , , , , , , , , 
11.5404231, 0.0166171, , , , , , , 11.5404231, -0.0115816, , , , , , , 11.5404231, 0.0280308, , , , , , , 11.5404231, 0.0505226, , , , , , , , , , , , , , , , , , , , , , , , , , , , 
11.5409423, 0.0052033, , , , , , , 11.5409423, -0.0041962, , , , , , , 11.5409423, 0.0226596, , , , , , , 11.5409423, 0.0493477, , , , , , , , , , , , , , , , , , , , , , , , , , , , 
11.5414615, -0.0046998, , , , , , , 11.5414615, 0.0226596, , , , , , , 11.5414615, 0.0182956, , , , , , , 11.5414615, 0.0466621, , , , , , , , , , , , , , , , , , , , , , , , , , , , 
11.5419808, -0.0099031, , , , , , , 11.5419808, 0.0542153, , , , , , , 11.5419808, 0.0139315, , , , , , , 11.5419808, 0.0407874, , , , , , , , , , , , , , , , , , , , , , , , , , , , 
11.5425, -0.0129244, , , , , , , 11.5425, 0.0663005, , , , , , , 11.5425, 0.0085603, , , , , , , 11.5425, 0.0303807, , , , , , , , , , , , , , , , , , , , , , , , , , , , 
11.5430192, -0.0162814, , , , , , , 11.5430192, 0.0686503, , , , , , , 11.5430192, 0.0018463, , , , , , , 11.5430192, 0.0226596, , , , , , , , , , , , , , , , , , , , , , , , , , , , 
11.5435385, -0.0149386, , , , , , , 11.5435385, 0.1054093, , , , , , , 11.5435385, -0.0015106, , , , , , , 11.5435385, 0.0206455, , , , , , , , , , , , , , , , , , , , , , , , , , , , 
11.5440577, -0.0135958, , , , , , , 11.5440577, 0.1599603, , , , , , , 11.5440577, -0.0038605, , , , , , , 11.5440577, 0.021149, , , , , , , , , , , , , , , , , , , , , , , , , , , , 
11.5445769, -0.0176242, , , , , , , 11.5445769, 0.1587854, , , , , , , 11.5445769, -0.0062104, , , , , , , 11.5445769, 0.0208133, , , , , , , , , , , , , , , , , , , , , , , , , , , , 
11.5450962, -0.0263523, , , , , , , 11.5450962, 0.1052415, , , , , , , 11.5450962, -0.0041962, , , , , , , 11.5450962, 0.0179599, , , , , , , , , , , , , , , , , , , , , , , , , , , , 
11.5456154, -0.0323949, , , , , , , 11.5456154, 0.0669718, , , , , , , 11.5456154, 0.0045319, , , , , , , 11.5456154, 0.0132601, , , , , , , , , , , , , , , , , , , , , , , , , , , , 
11.5461346, -0.0364233, , , , , , , 11.5461346, 0.0703288, , , , , , , 11.5461346, 0.0097353, , , , , , , 11.5461346, 0.0075532, , , , , , , , , , , , , , , , , , , , , , , , , , , , 
11.5466538, -0.0357519, , , , , , , 11.5466538, 0.0740215, , , , , , , 11.5466538, -0.0124208, , , , , , , 11.5466538, 0.0028534, , , , , , , , , , , , , , , , , , , , , , , , , , , , 
11.5471731, -0.030045, , , , , , , 11.5471731, 0.0468299, , , , , , , 11.5471731, -0.0542153, , , , , , , 11.5471731, -0.0028534, , , , , , , , , , , , , , , , , , , , , , , , , , , , 
11.5476923, -0.018967, , , , , , , 11.5476923, 0.0213169, , , , , , , 11.5476923, -0.0956741, , , , , , , 11.5476923, -0.0099031, , , , , , , , , , , , , , , , , , , , , , , , , , , , 
11.5482115, -0.0085603, , , , , , , 11.5482115, -0.0048676, , , , , , , 11.5482115, -0.1334401, , , , , , , 11.5482115, -0.0157778, , , , , , , , , , , , , , , , , , , , , , , , , , , , 
11.5487308, -0.0035248, , , , , , , 11.5487308, -0.0426337, , , , , , , 11.5487308, -0.1733883, , , , , , , 11.5487308, -0.0199741, , , , , , , , , , , , , , , , , , , , , , , , , , , , 
11.54925, 0.0015106, , , , , , , 11.54925, -0.0639506, , , , , , , 11.54925, -0.2138399, , , , , , , 11.54925, -0.0240024, , , , , , , , , , , , , , , , , , , , , , , , , , , , 
11.5497692, 0.0129244, , , , , , , 11.5497692, -0.0767071, , , , , , , 11.5497692, -0.2297856, , , , , , , 11.5497692, -0.0250095, , , , , , , , , , , , , , , , , , , , , , , , , , , , 
11.5502885, 0.03122, , , , , , , 11.5502885, -0.0760357, , , , , , , 11.5502885, -0.2083009, , , , , , , 11.5502885, -0.0231632, , , , , , , , , , , , , , , , , , , , , , , , , , , , 
11.5508077, 0.0406195, , , , , , , 11.5508077, -0.0317235, , , , , , , 11.5508077, -0.1742275, , , , , , , 11.5508077, -0.0199741, , , , , , , , , , , , , , , , , , , , , , , , , , , , 
11.5513269, 0.0414588, , , , , , , 11.5513269, 0.036759, , , , , , , 11.5513269, -0.1420005, , , , , , , 11.5513269, -0.0203098, , , , , , , , , , , , , , , , , , , , , , , , , , , , 
11.5518462, 0.0475013, , , , , , , 11.5518462, 0.0782177, , , , , , , 11.5518462, -0.0746929, , , , , , , 11.5518462, -0.0236667, , , , , , , , , , , , , , , , , , , , , , , , , , , , 
11.5523654, 0.0532082, , , , , , , 11.5523654, 0.0837568, , , , , , , 11.5523654, 0.0303807, , , , , , , 11.5523654, -0.0270237, , , , , , , , , , , , , , , , , , , , , , , , , , , , 
11.5528846, 0.0582437, , , , , , , 11.5528846, 0.0391089, , , , , , , 11.5528846, 0.1310903, , , , , , , 11.5528846, -0.0293736, , , , , , , , , , , , , , , , , , , , , , , , , , , , 
11.5534038, 0.0666361, , , , , , , 11.5534038, -0.061265, , , , , , , 11.5534038, 0.2113222, , , , , , , 11.5534038, -0.0313878, , , , , , , , , , , , , , , , , , , , , , , , , , , , 
11.5539231, 0.0726787, , , , , , , 11.5539231, -0.1378042, , , , , , , 11.5539231, 0.2663767, , , , , , , 11.5539231, -0.0283665, , , , , , , , , , , , , , , , , , , , , , , , , , , , 
11.5544423, 0.0693217, , , , , , , 11.5544423, -0.1097734, , , , , , , 11.5544423, 0.2892042, , , , , , , 11.5544423, -0.0226596, , , , , , , , , , , , , , , , , , , , , , , , , , , , 
11.5549615, 0.061265, , , , , , , 11.5549615, -0.0317235, , , , , , , 11.5549615, 0.2781262, , , , , , , 11.5549615, -0.0172885, , , , , , , , , , , , , , , , , , , , , , , , , , , , 
11.5554808, 0.0585794, , , , , , , 11.5554808, 0.0078889, , , , , , , 11.5554808, 0.2358282, , , , , , , 11.5554808, -0.0115816, , , , , , , , , , , , , , , , , , , , , , , , , , , , 
11.556, 0.0636149, , , , , , , 11.556, 0.0199741, , , , , , , 11.556, 0.1754025, , , , , , , 11.556, -0.0045319, , , , , , , , , , , , , , , , , , , , , , , , , , , , 
11.5565192, 0.0642863, , , , , , , 11.5565192, 0.0273594, , , , , , , 11.5565192, 0.111284, , , , , , , 11.5565192, 0.0025177, , , , , , , , , , , , , , , , , , , , , , , , , , , , 
11.5570385, 0.0602579, , , , , , , 11.5570385, 0.0280308, , , , , , , 11.5570385, 0.0557259, , , , , , , 11.5570385, 0.0050355, , , , , , , , , , , , , , , , , , , , , , , , , , , , 
11.5575577, 0.057908, , , , , , , 11.5575577, 0.0327306, , , , , , , 11.5575577, 0.01561, , , , , , , 11.5575577, 0.0001678, , , , , , , , , , , , , , , , , , , , , , , , , , , , 
11.5580769, 0.0609293, , , , , , , 11.5580769, 0.0320592, , , , , , , 11.5580769, -0.0119173, , , , , , , 11.5580769, -0.0028534, , , , , , , , , , , , , , , , , , , , , , , , , , , , 
11.5585962, 0.0669718, , , , , , , 11.5585962, 0.0441444, , , , , , , 11.5585962, -0.0330663, , , , , , , 11.5585962, 0.0058747, , , , , , , , , , , , , , , , , , , , , , , , , , , , 
11.5591154, 0.0730144, , , , , , , 11.5591154, 0.0683146, , , , , , , 11.5591154, -0.0451514, , , , , , , 11.5591154, 0.0236667, , , , , , , , , , , , , , , , , , , , , , , , , , , , 
11.5596346, 0.072343, , , , , , , 11.5596346, 0.0337377, , , , , , , 11.5596346, -0.0480049, , , , , , , 11.5596346, 0.0417945, , , , , , , , , , , , , , , , , , , , , , , , , , , , 
11.5601538, 0.0656291, , , , , , , 11.5601538, -0.0605936, , , , , , , 11.5601538, -0.0448157, , , , , , , 11.5601538, 0.0548867, , , , , , , , , , , , , , , , , , , , , , , , , , , , 
11.5606731, 0.0595865, , , , , , , 11.5606731, -0.1371328, , , , , , , 11.5606731, -0.0384375, , , , , , , 11.5606731, 0.0626078, , , , , , , , , , , , , , , , , , , , , , , , , , , , 
11.5611923, 0.0495155, , , , , , , 11.5611923, -0.1537499, , , , , , , 11.5611923, -0.0339055, , , , , , , 11.5611923, 0.0703288, , , , , , , , , , , , , , , , , , , , , , , , , , , , 
11.5617115, 0.0360876, , , , , , , 11.5617115, -0.1404898, , , , , , , 11.5617115, -0.0337377, , , , , , , 11.5617115, 0.0736858, , , , , , , , , , , , , , , , , , , , , , , , , , , , 
11.5622308, 0.0223239, , , , , , , 11.5622308, -0.121355, , , , , , , 11.5622308, -0.0417945, , , , , , , 11.5622308, 0.0669718, , , , , , , , , , , , , , , , , , , , , , , , , , , , 
11.56275, 0.0112459, , , , , , , 11.56275, -0.0928206, , , , , , , 11.56275, -0.0532082, , , , , , , 11.56275, 0.0589151, , , , , , , , , , , , , , , , , , , , , , , , , , , , 
11.5632692, 0.0031891, , , , , , , 11.5632692, -0.0552224, , , , , , , 11.5632692, -0.0585794, , , , , , , 11.5632692, 0.0547189, , , , , , , , , , , , , , , , , , , , , , , , , , , , 
11.5637885, -0.0023499, , , , , , , 11.5637885, -0.0152743, , , , , , , 11.5637885, -0.057908, , , , , , , 11.5637885, 0.0538796, , , , , , , , , , , , , , , , , , , , , , , , , , , , 
11.5643077, -0.0109102, , , , , , , 11.5643077, 0.0031891, , , , , , , 11.5643077, -0.0532082, , , , , , , 11.5643077, 0.0575723, , , , , , , , , , , , , , , , , , , , , , , , , , , , 
11.5648269, -0.0223239, , , , , , , 11.5648269, -0.0001678, , , , , , , 11.5648269, -0.0488441, , , , , , , 11.5648269, 0.0642863, , , , , , , , , , , , , , , , , , , , , , , , , , , , 
11.5653462, -0.0374304, , , , , , , 11.5653462, -0.0083925, , , , , , , 11.5653462, -0.040116, , , , , , , 11.5653462, 0.070161, , , , , , , , , , , , , , , , , , , , , , , , , , , , 
11.5658654, -0.0471656, , , , , , , 11.5658654, -0.0102388, , , , , , , 11.5658654, -0.0250095, , , , , , , 11.5658654, 0.0743572, , , , , , , , , , , , , , , , , , , , , , , , , , , , 
11.5663846, -0.0506905, , , , , , , 11.5663846, -0.0070497, , , , , , , 11.5663846, -0.0149386, , , , , , , 11.5663846, 0.0730144, , , , , , , , , , , , , , , , , , , , , , , , , , , , 
11.5669038, -0.0533761, , , , , , , 11.5669038, -0.0005035, , , , , , , 11.5669038, -0.0068818, , , , , , , 11.5669038, 0.0605936, , , , , , , , , , , , , , , , , , , , , , , , , , , , 
11.5674231, -0.0565652, , , , , , , 11.5674231, 0.021149, , , , , , , 11.5674231, -0.0008392, , , , , , , 11.5674231, 0.0439765, , , , , , , , , , , , , , , , , , , , , , , , , , , , 
11.5679423, -0.0572366, , , , , , , 11.5679423, 0.0323949, , , , , , , 11.5679423, 0.0011749, , , , , , , 11.5679423, 0.0273594, , , , , , , , , , , , , , , , , , , , , , , , , , , , 
11.5684615, -0.0602579, , , , , , , 11.5684615, 0.017792, , , , , , , 11.5684615, -0.0041962, , , , , , , 11.5684615, 0.0146029, , , , , , , , , , , , , , , , , , , , , , , , , , , , 
11.5689808, -0.0626078, , , , , , , 11.5689808, 0.0172885, , , , , , , 11.5689808, -0.0105745, , , , , , , 11.5689808, 0.0052033, , , , , , , , , , , , , , , , , , , , , , , , , , , , 
11.5695, -0.0639506, , , , , , , 11.5695, 0.0310521, , , , , , , 11.5695, -0.0135958, , , , , , , 11.5695, -0.0015106, , , , , , , , , , , , , , , , , , , , , , , , , , , , 
11.5700192, -0.0632792, , , , , , , 11.5700192, 0.0226596, , , , , , , 11.5700192, -0.0025177, , , , , , , 11.5700192, -0.0085603, , , , , , , , , , , , , , , , , , , , , , , , , , , , 
11.5705385, -0.0558938, , , , , , , 11.5705385, -0.002182, , , , , , , 11.5705385, 0.0181277, , , , , , , 11.5705385, -0.0151064, , , , , , , , , , , , , , , , , , , , , , , , , , , , 
11.5710577, -0.0446479, , , , , , , 11.5710577, -0.018967, , , , , , , 11.5710577, 0.0391089, , , , , , , 11.5710577, -0.0224918, , , , , , , , , , , , , , , , , , , , , , , , , , , , 
11.5715769, -0.0370947, , , , , , , 11.5715769, -0.023331, , , , , , , 11.5715769, 0.0555581, , , , , , , 11.5715769, -0.0260166, , , , , , , , , , , , , , , , , , , , , , , , , , , , 
11.5720962, -0.0283665, , , , , , , 11.5720962, -0.0038605, , , , , , , 11.5720962, 0.0602579, , , , , , , 11.5720962, -0.0258488, , , , , , , , , , , , , , , , , , , , , , , , , , , , 
11.5726154, -0.012253, , , , , , , 11.5726154, 0.0297093, , , , , , , 11.5726154, 0.057908, , , , , , , 11.5726154, -0.0263523, , , , , , , , , , , , , , , , , , , , , , , , , , , , 
11.5731346, 0.0011749, , , , , , , 11.5731346, 0.0387732, , , , , , , 11.5731346, 0.0553902, , , , , , , 11.5731346, -0.0283665, , , , , , , , , , , , , , , , , , , , , , , , , , , , 
11.5736538, 0.0068818, , , , , , , 11.5736538, 0.0152743, , , , , , , 11.5736538, 0.0468299, , , , , , , 11.5736538, -0.0290379, , , , , , , , , , , , , , , , , , , , , , , , , , , , 
11.5741731, 0.0119173, , , , , , , 11.5741731, -0.0196384, , , , , , , 11.5741731, 0.0297093, , , , , , , 11.5741731, -0.0276951, , , , , , , , , , , , , , , , , , , , , , , , , , , , 
11.5746923, 0.0159457, , , , , , , 11.5746923, -0.043473, , , , , , , 11.5746923, 0.0090639, , , , , , , 11.5746923, -0.0250095, , , , , , , , , , , , , , , , , , , , , , , , , , , , 
11.5752115, 0.0240024, , , , , , , 11.5752115, -0.0486763, , , , , , , 11.5752115, -0.0085603, , , , , , , 11.5752115, -0.0166171, , , , , , , , , , , , , , , , , , , , , , , , , , , , 
11.5757308, 0.0330663, , , , , , , 11.5757308, -0.0379339, , , , , , , 11.5757308, -0.0270237, , , , , , , 11.5757308, -0.0035248, , , , , , , , , , , , , , , , , , , , , , , , , , , , 
11.57625, 0.0384375, , , , , , , 11.57625, -0.0198062, , , , , , , 11.57625, -0.0424659, , , , , , , 11.57625, 0.0139315, , , , , , , , , , , , , , , , , , , , , , , , , , , , 
11.5767692, 0.0431373, , , , , , , 11.5767692, 0.0364233, , , , , , , 11.5767692, -0.0438087, , , , , , , 11.5767692, 0.0303807, , , , , , , , , , , , , , , , , , , , , , , , , , , , 
11.5772885, 0.0498512, , , , , , , 11.5772885, 0.1176623, , , , , , , 11.5772885, -0.0407874, , , , , , , 11.5772885, 0.0377661, , , , , , , , , , , , , , , , , , , , , , , , , , , , 
11.5778077, 0.0547189, , , , , , , 11.5778077, 0.156939, , , , , , , 11.5778077, -0.0468299, , , , , , , 11.5778077, 0.0374304, , , , , , , , , , , , , , , , , , , , , , , , , , , , 
11.5783269, 0.0649577, , , , , , , 11.5783269, 0.139147, , , , , , , 11.5783269, -0.0569009, , , , , , , 11.5783269, 0.0384375, , , , , , , , , , , , , , , , , , , , , , , , , , , , 
11.5788462, 0.072343, , , , , , , 11.5788462, 0.0958419, , , , , , , 11.5788462, -0.0595865, , , , , , , 11.5788462, 0.0379339, , , , , , , , , , , , , , , , , , , , , , , , , , , , 
11.5793654, 0.0743572, , , , , , , 11.5793654, 0.0649577, , , , , , , 11.5793654, -0.0565652, , , , , , , 11.5793654, 0.0344091, , , , , , , , , , , , , , , , , , , , , , , , , , , , 
11.5798846, 0.0746929, , , , , , , 11.5798846, 0.0538796, , , , , , , 11.5798846, -0.0532082, , , , , , , 11.5798846, 0.0320592, , , , , , , , , , , , , , , , , , , , , , , , , , , , 
11.5804038, 0.0777142, , , , , , , 11.5804038, 0.0124208, , , , , , , 11.5804038, -0.0475013, , , , , , , 11.5804038, 0.0293736, , , , , , , , , , , , , , , , , , , , , , , , , , , , 
11.5809231, 0.0753643, , , , , , , 11.5809231, -0.0572366, , , , , , , 11.5809231, -0.0370947, , , , , , , 11.5809231, 0.0270237, , , , , , , , , , , , , , , , , , , , , , , , , , , , 
11.5814423, 0.0642863, , , , , , , 11.5814423, -0.1012131, , , , , , , 11.5814423, -0.0258488, , , , , , , 11.5814423, 0.0246738, , , , , , , , , , , , , , , , , , , , , , , , , , , , 
11.5819615, 0.0505226, , , , , , , 11.5819615, -0.1190051, , , , , , , 11.5819615, -0.0229953, , , , , , , 11.5819615, 0.0209812, , , , , , , , , , , , , , , , , , , , , , , , , , , , 
11.5824808, 0.0387732, , , , , , , 11.5824808, -0.1379721, , , , , , , 11.5824808, -0.0263523, , , , , , , 11.5824808, 0.0134279, , , , , , , , , , , , , , , , , , , , , , , , , , , , 
11.583, 0.0280308, , , , , , , 11.583, -0.1639887, , , , , , , 11.583, -0.0310521, , , , , , , 11.583, 0.0045319, , , , , , , , , , , , , , , , , , , , , , , , , , , , 
11.5835192, 0.0159457, , , , , , , 11.5835192, -0.1631495, , , , , , , 11.5835192, -0.036759, , , , , , , 11.5835192, 0.0016785, , , , , , , , , , , , , , , , , , , , , , , , , , , , 
11.5840385, -0.0018463, , , , , , , 11.5840385, -0.1206836, , , , , , , 11.5840385, -0.0426337, , , , , , , 11.5840385, 0.0030213, , , , , , , , , , , , , , , , , , , , , , , , , , , , 
11.5845577, -0.0253452, , , , , , , 11.5845577, -0.0287022, , , , , , , 11.5845577, -0.0433051, , , , , , , 11.5845577, 0.0072175, , , , , , , , , , , , , , , , , , , , , , , , , , , , 
11.5850769, -0.0471656, , , , , , , 11.5850769, 0.1028916, , , , , , , 11.5850769, -0.0431373, , , , , , , 11.5850769, 0.012253, , , , , , , , , , , , , , , , , , , , , , , , , , , , 
11.5855962, -0.0540475, , , , , , , 11.5855962, 0.1821164, , , , , , , 11.5855962, -0.0421302, , , , , , , 11.5855962, 0.0179599, , , , , , , , , , , , , , , , , , , , , , , , , , , , 
11.5861154, -0.0488441, , , , , , , 11.5861154, 0.1673457, , , , , , , 11.5861154, -0.0377661, , , , , , , 11.5861154, 0.0276951, , , , , , , , , , , , , , , , , , , , , , , , , , , , 
11.5866346, -0.0421302, , , , , , , 11.5866346, 0.1186694, , , , , , , 11.5866346, -0.0313878, , , , , , , 11.5866346, 0.0414588, , , , , , , , , , , , , , , , , , , , , , , , , , , , 
11.5871538, -0.0370947, , , , , , , 11.5871538, 0.0629435, , , , , , , 11.5871538, -0.0226596, , , , , , , 11.5871538, 0.0513619, , , , , , , , , , , , , , , , , , , , , , , , , , , , 
11.5876731, -0.0323949, , , , , , , 11.5876731, -0.033402, , , , , , , 11.5876731, -0.0169528, , , , , , , 11.5876731, 0.0491798, , , , , , , , , , , , , , , , , , , , , , , , , , , , 
11.5881923, -0.0203098, , , , , , , 11.5881923, -0.1572747, , , , , , , 11.5881923, -0.0193027, , , , , , , 11.5881923, 0.0370947, , , , , , , , , , , , , , , , , , , , , , , , , , , , 
11.5887115, 0.0008392, , , , , , , 11.5887115, -0.2224002, , , , , , , 11.5887115, -0.0270237, , , , , , , 11.5887115, 0.0243381, , , , , , , , , , , , , , , , , , , , , , , , , , , , 
11.5892308, 0.0172885, , , , , , , 11.5892308, -0.2116579, , , , , , , 11.5892308, -0.0317235, , , , , , , 11.5892308, 0.0154421, , , , , , , , , , , , , , , , , , , , , , , , , , , , 
11.58975, 0.0240024, , , , , , , 11.58975, -0.1921874, , , , , , , 11.58975, -0.0283665, , , , , , , 11.58975, 0.0124208, , , , , , , , , , , , , , , , , , , , , , , , , , , , 
11.5902692, 0.0240024, , , , , , , 11.5902692, -0.1821164, , , , , , , 11.5902692, -0.0162814, , , , , , , 11.5902692, 0.0115816, , , , , , , , , , , , , , , , , , , , , , , , , , , , 
11.5907885, 0.0209812, , , , , , , 11.5907885, -0.1250477, , , , , , , 11.5907885, 0.0008392, , , , , , , 11.5907885, 0.0065461, , , , , , , , , , , , , , , , , , , , , , , , , , , , 
11.5913077, 0.0115816, , , , , , , 11.5913077, -0.027863, , , , , , , 11.5913077, 0.0193027, , , , , , , 11.5913077, 0.0008392, , , , , , , , , , , , , , , , , , , , , , , , , , , , 
11.5918269, 0.0018463, , , , , , , 11.5918269, -0.0005035, , , , , , , 11.5918269, 0.0310521, , , , , , , 11.5918269, -0.003357, , , , , , , , , , , , , , , , , , , , , , , , , , , , 
11.5923462, -0.0043641, , , , , , , 11.5923462, -0.0256809, , , , , , , 11.5923462, 0.0342412, , , , , , , 11.5923462, -0.0057069, , , , , , , , , , , , , , , , , , , , , , , , , , , , 
11.5928654, -0.0028534, , , , , , , 11.5928654, 0.0125887, , , , , , , 11.5928654, 0.0370947, , , , , , , 11.5928654, -0.0052033, , , , , , , , , , , , , , , , , , , , , , , , , , , , 
11.5933846, 0.0008392, , , , , , , 11.5933846, 0.0716716, , , , , , , 11.5933846, 0.0466621, , , , , , , 11.5933846, -0.003357, , , , , , , , , , , , , , , , , , , , , , , , , , , , 
11.5939038, -0.0016785, , , , , , , 11.5939038, 0.0636149, , , , , , , 11.5939038, 0.0565652, , , , , , , 11.5939038, 0.0008392, , , , , , , , , , , , , , , , , , , , , , , , , , , , 
11.5944231, -0.0038605, , , , , , , 11.5944231, 0.0199741, , , , , , , 11.5944231, 0.0592508, , , , , , , 11.5944231, 0.003357, , , , , , , , , , , , , , , , , , , , , , , , , , , , 
11.5949423, -0.0038605, , , , , , , 11.5949423, -0.0031891, , , , , , , 11.5949423, 0.0542153, , , , , , , 11.5949423, 0.0010071, , , , , , , , , , , , , , , , , , , , , , , , , , , , 
11.5954615, -0.0041962, , , , , , , 11.5954615, -0.0176242, , , , , , , 11.5954615, 0.0448157, , , , , , , 11.5954615, -0.0038605, , , , , , , , , , , , , , , , , , , , , , , , , , , , 
11.5959808, -0.0092317, , , , , , , 11.5959808, -0.0365911, , , , , , , 11.5959808, 0.0357519, , , , , , , 11.5959808, -0.0090639, , , , , , , , , , , , , , , , , , , , , , , , , , , , 
11.5965, -0.0152743, , , , , , , 11.5965, -0.054551, , , , , , , 11.5965, 0.0203098, , , , , , , 11.5965, -0.01561, , , , , , , , , , , , , , , , , , , , , , , , , , , , 
11.5970192, -0.0169528, , , , , , , 11.5970192, -0.0748608, , , , , , , 11.5970192, -0.0015106, , , , , , , 11.5970192, -0.0229953, , , , , , , , , , , , , , , , , , , , , , , , , , , , 
11.5975385, -0.0075532, , , , , , , 11.5975385, -0.0716716, , , , , , , 11.5975385, -0.0194705, , , , , , , 11.5975385, -0.0344091, , , , , , , , , , , , , , , , , , , , , , , , , , , , 
11.5980577, 0.0104067, , , , , , , 11.5980577, -0.0374304, , , , , , , 11.5980577, -0.0287022, , , , , , , 11.5980577, -0.0448157, , , , , , , , , , , , , , , , , , , , , , , , , , , , 
11.5985769, 0.0203098, , , , , , , 11.5985769, -0.0035248, , , , , , , 11.5985769, -0.0310521, , , , , , , 11.5985769, -0.0464942, , , , , , , , , , , , , , , , , , , , , , , , , , , , 
11.5990962, 0.0251774, , , , , , , 11.5990962, -0.0008392, , , , , , , 11.5990962, -0.0313878, , , , , , , 11.5990962, -0.0446479, , , , , , , , , , , , , , , , , , , , , , , , , , , , 
11.5996154, 0.0307164, , , , , , , 11.5996154, -0.01561, , , , , , , 11.5996154, -0.0347448, , , , , , , 11.5996154, -0.0431373, , , , , , , , , , , , , , , , , , , , , , , , , , , , 
11.6001346, 0.0357519, , , , , , , 11.6001346, -0.0193027, , , , , , , 11.6001346, -0.0357519, , , , , , , 11.6001346, -0.0411231, , , , , , , , , , , , , , , , , , , , , , , , , , , , 
11.6006538, 0.0394446, , , , , , , 11.6006538, -0.0250095, , , , , , , 11.6006538, -0.0283665, , , , , , , 11.6006538, -0.0357519, , , , , , , , , , , , , , , , , , , , , , , , , , , , 
11.6011731, 0.0387732, , , , , , , 11.6011731, -0.0303807, , , , , , , 11.6011731, -0.0196384, , , , , , , 11.6011731, -0.0260166, , , , , , , , , , , , , , , , , , , , , , , , , , , , 
11.6016923, 0.0327306, , , , , , , 11.6016923, -0.0283665, , , , , , , 11.6016923, -0.0092317, , , , , , , 11.6016923, -0.0124208, , , , , , , , , , , , , , , , , , , , , , , , , , , , 
11.6022115, 0.0290379, , , , , , , 11.6022115, -0.0285344, , , , , , , 11.6022115, 0.0001678, , , , , , , 11.6022115, 0.0031891, , , , , , , , , , , , , , , , , , , , , , , , , , , , 
11.6027308, 0.0370947, , , , , , , 11.6027308, -0.0270237, , , , , , , 11.6027308, 0.005539, , , , , , , 11.6027308, 0.0169528, , , , , , , , , , , , , , , , , , , , , , , , , , , , 
11.60325, 0.0441444, , , , , , , 11.60325, -0.0015106, , , , , , , 11.60325, 0.003357, , , , , , , 11.60325, 0.0271916, , , , , , , , , , , , , , , , , , , , , , , , , , , , 
11.6037692, 0.0459907, , , , , , , 11.6037692, 0.0439765, , , , , , , 11.6037692, -0.0090639, , , , , , , 11.6037692, 0.0354162, , , , , , , , , , , , , , , , , , , , , , , , , , , , 
11.6042885, 0.04448, , , , , , , 11.6042885, 0.0555581, , , , , , , 11.6042885, -0.0203098, , , , , , , 11.6042885, 0.0384375, , , , , , , , , , , , , , , , , , , , , , , , , , , , 
11.6048077, 0.0365911, , , , , , , 11.6048077, 0.0223239, , , , , , , 11.6048077, -0.023331, , , , , , , 11.6048077, 0.0407874, , , , , , , , , , , , , , , , , , , , , , , , , , , , 
11.6053269, 0.0280308, , , , , , , 11.6053269, 0.0018463, , , , , , , 11.6053269, -0.0226596, , , , , , , 11.6053269, 0.0421302, , , , , , , , , , , , , , , , , , , , , , , , , , , , 
11.6058462, 0.0206455, , , , , , , 11.6058462, 0.0458228, , , , , , , 11.6058462, -0.0236667, , , , , , , 11.6058462, 0.0446479, , , , , , , , , , , , , , , , , , , , , , , , , , , , 
11.6063654, 0.0172885, , , , , , , 11.6063654, 0.1045701, , , , , , , 11.6063654, -0.0253452, , , , , , , 11.6063654, 0.0468299, , , , , , , , , , , , , , , , , , , , , , , , , , , , 
11.6068846, 0.017792, , , , , , , 11.6068846, 0.1139696, , , , , , , 11.6068846, -0.0283665, , , , , , , 11.6068846, 0.0438087, , , , , , , , , , , , , , , , , , , , , , , , , , , , 
11.6074038, 0.0219883, , , , , , , 11.6074038, 0.0944991, , , , , , , 11.6074038, -0.0270237, , , , , , , 11.6074038, 0.0359197, , , , , , , , , , , , , , , , , , , , , , , , , , , , 
11.6079231, 0.0285344, , , , , , , 11.6079231, 0.0652934, , , , , , , 11.6079231, -0.0162814, , , , , , , 11.6079231, 0.0240024, , , , , , , , , , , , , , , , , , , , , , , , , , , , 
11.6084423, 0.036759, , , , , , , 11.6084423, 0.0196384, , , , , , , 11.6084423, -0.0008392, , , , , , , 11.6084423, 0.0119173, , , , , , , , , , , , , , , , , , , , , , , , , , , , 
11.6089615, 0.0399481, , , , , , , 11.6089615, -0.0036927, , , , , , , 11.6089615, 0.0112459, , , , , , , 11.6089615, 0.0038605, , , , , , , , , , , , , , , , , , , , , , , , , , , , 
11.6094808, 0.0428016, , , , , , , 11.6094808, -0.0184634, , , , , , , 11.6094808, 0.0149386, , , , , , , 11.6094808, -0.0025177, , , , , , , , , , , , , , , , , , , , , , , , , , , , 
11.61, 0.0468299, , , , , , , 11.61, -0.0602579, , , , , , , 11.61, 0.0152743, , , , , , , 11.61, -0.0035248, , , , , , , , , , , , , , , , , , , , , , , , , , , , 
11.6105192, 0.0532082, , , , , , , 11.6105192, -0.0861067, , , , , , , 11.6105192, 0.0198062, , , , , , , 11.6105192, -0.0038605, , , , , , , , , , , , , , , , , , , , , , , , , , , , 
11.6110385, 0.0602579, , , , , , , 11.6110385, -0.0703288, , , , , , , 11.6110385, 0.0226596, , , , , , , 11.6110385, -0.0068818, , , , , , , , , , , , , , , , , , , , , , , , , , , , 
11.6115577, 0.0616007, , , , , , , 11.6115577, -0.0391089, , , , , , , 11.6115577, 0.0206455, , , , , , , 11.6115577, -0.008896, , , , , , , , , , , , , , , , , , , , , , , , , , , , 
11.6120769, 0.0595865, , , , , , , 11.6120769, -0.0182956, , , , , , , 11.6120769, 0.0130922, , , , , , , 11.6120769, -0.008896, , , , , , , , , , , , , , , , , , , , , , , , , , , , 
11.6125962, 0.0548867, , , , , , , 11.6125962, -0.005539, , , , , , , 11.6125962, 0.0058747, , , , , , , 11.6125962, -0.008896, , , , , , , , , , , , , , , , , , , , , , , , , , , , 
11.6131154, 0.0508583, , , , , , , 11.6131154, 0.018967, , , , , , , 11.6131154, 0.0005035, , , , , , , 11.6131154, -0.0068818, , , , , , , , , , , , , , , , , , , , , , , , , , , , 
11.6136346, 0.047837, , , , , , , 11.6136346, 0.0384375, , , , , , , 11.6136346, -0.0082246, , , , , , , 11.6136346, -0.0008392, , , , , , , , , , , , , , , , , , , , , , , , , , , , 
11.6141538, 0.0464942, , , , , , , 11.6141538, 0.0359197, , , , , , , 11.6141538, -0.0253452, , , , , , , 11.6141538, 0.0052033, , , , , , , , , , , , , , , , , , , , , , , , , , , , 
11.6146731, 0.04448, , , , , , , 11.6146731, 0.0241703, , , , , , , 11.6146731, -0.0431373, , , , , , , 11.6146731, 0.0115816, , , , , , , , , , , , , , , , , , , , , , , , , , , , 
11.6151923, 0.0428016, , , , , , , 11.6151923, 0.01561, , , , , , , 11.6151923, -0.0528725, , , , , , , 11.6151923, 0.0204776, , , , , , , , , , , , , , , , , , , , , , , , , , , , 
11.6157115, 0.0407874, , , , , , , 11.6157115, 0.0065461, , , , , , , 11.6157115, -0.0533761, , , , , , , 11.6157115, 0.0330663, , , , , , , , , , , , , , , , , , , , , , , , , , , , 
11.6162308, 0.0384375, , , , , , , 11.6162308, 0.0038605, , , , , , , 11.6162308, -0.0619364, , , , , , , 11.6162308, 0.0491798, , , , , , , , , , , , , , , , , , , , , , , , , , , , 
11.61675, 0.0360876, , , , , , , 11.61675, 0.0115816, , , , , , , 11.61675, -0.0713359, , , , , , , 11.61675, 0.061265, , , , , , , , , , , , , , , , , , , , , , , , , , , , 
11.6172692, 0.0347448, , , , , , , 11.6172692, 0.023331, , , , , , , 11.6172692, -0.0602579, , , , , , , 11.6172692, 0.0629435, , , , , , , , , , , , , , , , , , , , , , , , , , , , 
11.6177885, 0.0377661, , , , , , , 11.6177885, 0.0307164, , , , , , , 11.6177885, -0.0327306, , , , , , , 11.6177885, 0.0555581, , , , , , , , , , , , , , , , , , , , , , , , , , , , 
11.6183077, 0.0377661, , , , , , , 11.6183077, 0.0307164, , , , , , , 11.6183077, -0.0065461, , , , , , , 11.6183077, 0.0464942, , , , , , , , , , , , , , , , , , , , , , , , , , , , 
11.6188269, 0.0344091, , , , , , , 11.6188269, 0.0307164, , , , , , , 11.6188269, 0.0142672, , , , , , , 11.6188269, 0.040116, , , , , , , , , , , , , , , , , , , , , , , , , , , , 
11.6193462, 0.0290379, , , , , , , 11.6193462, 0.0330663, , , , , , , 11.6193462, 0.0303807, , , , , , , 11.6193462, 0.0364233, , , , , , , , , , , , , , , , , , , , , , , , , , , , 
11.6198654, 0.0236667, , , , , , , 11.6198654, 0.0394446, , , , , , , 11.6198654, 0.0387732, , , , , , , 11.6198654, 0.0310521, , , , , , , , , , , , , , , , , , , , , , , , , , , , 
11.6203846, 0.0172885, , , , , , , 11.6203846, 0.0500191, , , , , , , 11.6203846, 0.0323949, , , , , , , 11.6203846, 0.0260166, , , , , , , , , , , , , , , , , , , , , , , , , , , , 
11.6209038, 0.0105745, , , , , , , 11.6209038, 0.0616007, , , , , , , 11.6209038, 0.0162814, , , , , , , 11.6209038, 0.0260166, , , , , , , , , , , , , , , , , , , , , , , , , , , , 
11.6214231, -0.0001678, , , , , , , 11.6214231, 0.061265, , , , , , , 11.6214231, 0.0020142, , , , , , , 11.6214231, 0.0327306, , , , , , , , , , , , , , , , , , , , , , , , , , , , 
11.6219423, -0.0105745, , , , , , , 11.6219423, 0.0491798, , , , , , , 11.6219423, -0.0048676, , , , , , , 11.6219423, 0.0387732, , , , , , , , , , , , , , , , , , , , , , , , , , , , 
11.6224615, -0.0199741, , , , , , , 11.6224615, 0.0364233, , , , , , , 11.6224615, -0.0102388, , , , , , , 11.6224615, 0.0404517, , , , , , , , , , , , , , , , , , , , , , , , , , , , 
11.6229808, -0.0303807, , , , , , , 11.6229808, 0.0223239, , , , , , , 11.6229808, -0.0124208, , , , , , , 11.6229808, 0.0391089, , , , , , , , , , , , , , , , , , , , , , , , , , , , 
11.6235, -0.0468299, , , , , , , 11.6235, 0.0052033, , , , , , , 11.6235, -0.012253, , , , , , , 11.6235, 0.040116, , , , , , , , , , , , , , , , , , , , , , , , , , , , 
11.6240192, -0.0767071, , , , , , , 11.6240192, 0.0038605, , , , , , , 11.6240192, -0.0162814, , , , , , , 11.6240192, 0.0411231, , , , , , , , , , , , , , , , , , , , , , , , , , , , 
11.6245385, -0.0951705, , , , , , , 11.6245385, 0.0119173, , , , , , , 11.6245385, -0.0263523, , , , , , , 11.6245385, 0.0374304, , , , , , , , , , , , , , , , , , , , , , , , , , , , 
11.6250577, -0.0921492, , , , , , , 11.6250577, 0.0115816, , , , , , , 11.6250577, -0.0345769, , , , , , , 11.6250577, 0.0297093, , , , , , , , , , , , , , , , , , , , , , , , , , , , 
11.6255769, -0.0911421, , , , , , , 11.6255769, 0.0193027, , , , , , , 11.6255769, -0.0327306, , , , , , , 11.6255769, 0.023331, , , , , , , , , , , , , , , , , , , , , , , , , , , , 
11.6260962, -0.096849, , , , , , , 11.6260962, 0.0505226, , , , , , , 11.6260962, -0.0216526, , , , , , , 11.6260962, 0.023331, , , , , , , , , , , , , , , , , , , , , , , , , , , , 
11.6266154, -0.0955062, , , , , , , 11.6266154, 0.0897993, , , , , , , 11.6266154, -0.0124208, , , , , , , 11.6266154, 0.0256809, , , , , , , , , , , , , , , , , , , , , , , , , , , , 
11.6271346, -0.0874495, , , , , , , 11.6271346, 0.1149767, , , , , , , 11.6271346, -0.0046998, , , , , , , 11.6271346, 0.0240024, , , , , , , , , , , , , , , , , , , , , , , , , , , , 
11.6276538, -0.0706645, , , , , , , 11.6276538, 0.1190051, , , , , , , 11.6276538, 0.0025177, , , , , , , 11.6276538, 0.0176242, , , , , , , , , , , , , , , , , , , , , , , , , , , , 
11.6281731, -0.0476692, , , , , , , 11.6281731, 0.0862745, , , , , , , 11.6281731, 0.0078889, , , , , , , 11.6281731, 0.0102388, , , , , , , , , , , , , , , , , , , , , , , , , , , , 
11.6286923, -0.0246738, , , , , , , 11.6286923, 0.0025177, , , , , , , 11.6286923, 0.0099031, , , , , , , 11.6286923, 0.0031891, , , , , , , , , , , , , , , , , , , , , , , , , , , , 
11.6292115, -0.0105745, , , , , , , 11.6292115, -0.0850996, , , , , , , 11.6292115, 0.0078889, , , , , , , 11.6292115, -0.0028534, , , , , , , , , , , , , , , , , , , , , , , , , , , , 
11.6297308, -0.0028534, , , , , , , 11.6297308, -0.1433433, , , , , , , 11.6297308, 0.0065461, , , , , , , 11.6297308, -0.0041962, , , , , , , , , , , , , , , , , , , , , , , , , , , , 
11.63025, 0.0058747, , , , , , , 11.63025, -0.1807736, , , , , , , 11.63025, 0.0115816, , , , , , , 11.63025, -0.0015106, , , , , , , , , , , , , , , , , , , , , , , , , , , , 
11.6307692, 0.0129244, , , , , , , 11.6307692, -0.1782559, , , , , , , 11.6307692, 0.0273594, , , , , , , 11.6307692, 0.0011749, , , , , , , , , , , , , , , , , , , , , , , , , , , , 
11.6312885, 0.018967, , , , , , , 11.6312885, -0.1062486, , , , , , , 11.6312885, 0.0433051, , , , , , , 11.6312885, -0.0008392, , , , , , , , , , , , , , , , , , , , , , , , , , , , 
11.6318077, 0.0166171, , , , , , , 11.6318077, -0.0236667, , , , , , , 11.6318077, 0.0428016, , , , , , , 11.6318077, -0.0065461, , , , , , , , , , , , , , , , , , , , , , , , , , , , 
11.6323269, 0.0112459, , , , , , , 11.6323269, 0.0209812, , , , , , , 11.6323269, 0.0292058, , , , , , , 11.6323269, -0.0090639, , , , , , , , , , , , , , , , , , , , , , , , , , , , 
11.6328462, 0.0104067, , , , , , , 11.6328462, 0.0219883, , , , , , , 11.6328462, 0.0130922, , , , , , , 11.6328462, -0.0068818, , , , , , , , , , , , , , , , , , , , , , , , , , , , 
11.6333654, 0.0119173, , , , , , , 11.6333654, 0.0099031, , , , , , , 11.6333654, -0.0078889, , , , , , , 11.6333654, -0.0045319, , , , , , , , , , , , , , , , , , , , , , , , , , , , 
11.6338846, 0.0139315, , , , , , , 11.6338846, -0.012253, , , , , , , 11.6338846, -0.0303807, , , , , , , 11.6338846, -0.0043641, , , , , , , , , , , , , , , , , , , , , , , , , , , , 
11.6344038, 0.0208133, , , , , , , 11.6344038, -0.0485084, , , , , , , 11.6344038, -0.0522011, , , , , , , 11.6344038, -0.0028534, , , , , , , , , , , , , , , , , , , , , , , , , , , , 
11.6349231, 0.0313878, , , , , , , 11.6349231, -0.0726787, , , , , , , 11.6349231, -0.0649577, , , , , , , 11.6349231, 0.0025177, , , , , , , , , , , , , , , , , , , , , , , , , , , , 
11.6354423, 0.0394446, , , , , , , 11.6354423, -0.0626078, , , , , , , 11.6354423, -0.0619364, , , , , , , 11.6354423, 0.0041962, , , , , , , , , , , , , , , , , , , , , , , , , , , , 
11.6359615, 0.0391089, , , , , , , 11.6359615, -0.0317235, , , , , , , 11.6359615, -0.0469978, , , , , , , 11.6359615, 0.0018463, , , , , , , , , , , , , , , , , , , , , , , , , , , , 
11.6364808, 0.0374304, , , , , , , 11.6364808, 0.0307164, , , , , , , 11.6364808, -0.0290379, , , , , , , 11.6364808, -0.0015106, , , , , , , , , , , , , , , , , , , , , , , , , , , , 
11.637, 0.0387732, , , , , , , 11.637, 0.0500191, , , , , , , 11.637, -0.0125887, , , , , , , 11.637, -0.0104067, , , , , , , , , , , , , , , , , , , , , , , , , , , , 
11.6375192, 0.0438087, , , , , , , 11.6375192, -0.0216526, , , , , , , 11.6375192, 0.0050355, , , , , , , 11.6375192, -0.023331, , , , , , , , , , , , , , , , , , , , , , , , , , , , 
11.6380385, 0.0501869, , , , , , , 11.6380385, -0.1252155, , , , , , , 11.6380385, 0.0216526, , , , , , , 11.6380385, -0.0323949, , , , , , , , , , , , , , , , , , , , , , , , , , , , 
11.6385577, 0.0553902, , , , , , , 11.6385577, -0.1629816, , , , , , , 11.6385577, 0.0313878, , , , , , , 11.6385577, -0.0387732, , , , , , , , , , , , , , , , , , , , , , , , , , , , 
11.6390769, 0.0552224, , , , , , , 11.6390769, -0.1077592, , , , , , , 11.6390769, 0.030045, , , , , , , 11.6390769, -0.0428016, , , , , , , , , , , , , , , , , , , , , , , , , , , , 
11.6395962, 0.0540475, , , , , , , 11.6395962, -0.0246738, , , , , , , 11.6395962, 0.0226596, , , , , , , 11.6395962, -0.0449836, , , , , , , , , , , , , , , , , , , , , , , , , , , , 
11.6401154, 0.0548867, , , , , , , 11.6401154, 0.0240024, , , , , , , 11.6401154, 0.0159457, , , , , , , 11.6401154, -0.0451514, , , , , , , , , , , , , , , , , , , , , , , , , , , , 
11.6406346, 0.0565652, , , , , , , 11.6406346, 0.0290379, , , , , , , 11.6406346, 0.0092317, , , , , , , 11.6406346, -0.0394446, , , , , , , , , , , , , , , , , , , , , , , , , , , , 
11.6411538, 0.0572366, , , , , , , 11.6411538, 0.0035248, , , , , , , 11.6411538, -0.0028534, , , , , , , 11.6411538, -0.0273594, , , , , , , , , , , , , , , , , , , , , , , , , , , , 
11.6416731, 0.0585794, , , , , , , 11.6416731, -0.064622, , , , , , , 11.6416731, -0.0213169, , , , , , , 11.6416731, -0.0092317, , , , , , , , , , , , , , , , , , , , , , , , , , , , 
11.6421923, 0.0599222, , , , , , , 11.6421923, -0.1512322, , , , , , , 11.6421923, -0.0354162, , , , , , , 11.6421923, 0.0119173, , , , , , , , , , , , , , , , , , , , , , , , , , , , 
11.6427115, 0.0525368, , , , , , , 11.6427115, -0.1795987, , , , , , , 11.6427115, -0.0387732, , , , , , , 11.6427115, 0.030045, , , , , , , , , , , , , , , , , , , , , , , , , , , , 
11.6432308, 0.0350805, , , , , , , 11.6432308, -0.1240406, , , , , , , 11.6432308, -0.036759, , , , , , , 11.6432308, 0.0464942, , , , , , , , , , , , , , , , , , , , , , , , , , , , 
11.64375, 0.0193027, , , , , , , 11.64375, -0.0065461, , , , , , , 11.64375, -0.0313878, , , , , , , 11.64375, 0.0616007, , , , , , , , , , , , , , , , , , , , , , , , , , , , 
11.6442692, 0.0149386, , , , , , , 11.6442692, 0.1418326, , , , , , , 11.6442692, -0.0223239, , , , , , , 11.6442692, 0.0755322, , , , , , , , , , , , , , , , , , , , , , , , , , , , 
11.6447885, 0.0182956, , , , , , , 11.6447885, 0.2247501, , , , , , , 11.6447885, -0.0105745, , , , , , , 11.6447885, 0.0881209, , , , , , , , , , , , , , , , , , , , , , , , , , , , 
11.6453077, 0.0159457, , , , , , , 11.6453077, 0.1468681, , , , , , , 11.6453077, -0.0001678, , , , , , , 11.6453077, 0.1010452, , , , , , , , , , , , , , , , , , , , , , , , , , , , 
11.6458269, 0.0099031, , , , , , , 11.6458269, -0.0323949, , , , , , , 11.6458269, 0.0025177, , , , , , , 11.6458269, 0.1126268, , , , , , , , , , , , , , , , , , , , , , , , , , , , 
11.6463462, 0.0035248, , , , , , , 11.6463462, -0.1243763, , , , , , , 11.6463462, -0.0025177, , , , , , , 11.6463462, 0.1190051, , , , , , , , , , , , , , , , , , , , , , , , , , , , 
11.6468654, 0.0048676, , , , , , , 11.6468654, -0.1072557, , , , , , , 11.6468654, -0.0072175, , , , , , , 11.6468654, 0.1186694, , , , , , , , , , , , , , , , , , , , , , , , , , , , 
11.6473846, 0.0142672, , , , , , , 11.6473846, -0.1015488, , , , , , , 11.6473846, -0.0109102, , , , , , , 11.6473846, 0.110277, , , , , , , , , , , , , , , , , , , , , , , , , , , , 
11.6479038, 0.0243381, , , , , , , 11.6479038, -0.1049058, , , , , , , 11.6479038, -0.012253, , , , , , , 11.6479038, 0.0936599, , , , , , , , , , , , , , , , , , , , , , , , , , , , 
11.6484231, 0.0280308, , , , , , , 11.6484231, -0.0626078, , , , , , , 11.6484231, -0.0082246, , , , , , , 11.6484231, 0.0746929, , , , , , , , , , , , , , , , , , , , , , , , , , , , 
11.6489423, 0.0270237, , , , , , , 11.6489423, -0.0424659, , , , , , , 11.6489423, -0.0062104, , , , , , , 11.6489423, 0.0585794, , , , , , , , , , , , , , , , , , , , , , , , , , , , 
11.6494615, 0.0152743, , , , , , , 11.6494615, -0.0950027, , , , , , , 11.6494615, -0.0109102, , , , , , , 11.6494615, 0.0448157, , , , , , , , , , , , , , , , , , , , , , , , , , , , 
11.6499808, -0.0036927, , , , , , , 11.6499808, -0.1572747, , , , , , , 11.6499808, -0.0159457, , , , , , , 11.6499808, 0.0313878, , , , , , , , , , , , , , , , , , , , , , , , , , , , 
11.6505, -0.0199741, , , , , , , 11.6505, -0.1760739, , , , , , , 11.6505, -0.0115816, , , , , , , 11.6505, 0.0186313, , , , , , , , , , , , , , , , , , , , , , , , , , , , 
11.6510192, -0.0290379, , , , , , , 11.6510192, -0.1433433, , , , , , , 11.6510192, 0.0005035, , , , , , , 11.6510192, 0.0043641, , , , , , , , , , , , , , , , , , , , , , , , , , , , 
11.6515385, -0.0345769, , , , , , , 11.6515385, -0.0787213, , , , , , , 11.6515385, 0.0058747, , , , , , , 11.6515385, -0.008896, , , , , , , , , , , , , , , , , , , , , , , , , , , , 
11.6520577, -0.0350805, , , , , , , 11.6520577, -0.0082246, , , , , , , 11.6520577, -0.0011749, , , , , , , 11.6520577, -0.0206455, , , , , , , , , , , , , , , , , , , , , , , , , , , , 
11.6525769, -0.0313878, , , , , , , 11.6525769, 0.0520333, , , , , , , 11.6525769, -0.0119173, , , , , , , 11.6525769, -0.0293736, , , , , , , , , , , , , , , , , , , , , , , , , , , , 
11.6530962, -0.0276951, , , , , , , 11.6530962, 0.0785534, , , , , , , 11.6530962, -0.0256809, , , , , , , 11.6530962, -0.0337377, , , , , , , , , , , , , , , , , , , , , , , , , , , , 
11.6536154, -0.0226596, , , , , , , 11.6536154, 0.0626078, , , , , , , 11.6536154, -0.0438087, , , , , , , 11.6536154, -0.0377661, , , , , , , , , , , , , , , , , , , , , , , , , , , , 
11.6541346, -0.01561, , , , , , , 11.6541346, 0.0209812, , , , , , , 11.6541346, -0.0602579, , , , , , , 11.6541346, -0.0404517, , , , , , , , , , , , , , , , , , , , , , , , , , , , 
11.6546538, -0.0092317, , , , , , , 11.6546538, -0.0115816, , , , , , , 11.6546538, -0.0686503, , , , , , , 11.6546538, -0.0433051, , , , , , , , , , , , , , , , , , , , , , , , , , , , 
11.6551731, -0.0025177, , , , , , , 11.6551731, -0.0139315, , , , , , , 11.6551731, -0.0679789, , , , , , , 11.6551731, -0.0471656, , , , , , , , , , , , , , , , , , , , , , , , , , , , 
11.6556923, 0.0058747, , , , , , , 11.6556923, 0.0203098, , , , , , , 11.6556923, -0.0527047, , , , , , , 11.6556923, -0.0498512, , , , , , , , , , , , , , , , , , , , , , , , , , , , 
11.6562115, 0.012253, , , , , , , 11.6562115, 0.0683146, , , , , , , 11.6562115, -0.0253452, , , , , , , 11.6562115, -0.0493477, , , , , , , , , , , , , , , , , , , , , , , , , , , , 
11.6567308, 0.0166171, , , , , , , 11.6567308, 0.131426, , , , , , , 11.6567308, 0.0099031, , , , , , , 11.6567308, -0.0505226, , , , , , , , , , , , , , , , , , , , , , , , , , , , 
11.65725, 0.0213169, , , , , , , 11.65725, 0.1957122, , , , , , , 11.65725, 0.04448, , , , , , , 11.65725, -0.0569009, , , , , , , , , , , , , , , , , , , , , , , , , , , , 
11.6577692, 0.026688, , , , , , , 11.6577692, 0.2415351, , , , , , , 11.6577692, 0.0716716, , , , , , , 11.6577692, -0.0585794, , , , , , , , , , , , , , , , , , , , , , , , , , , , 
11.6582885, 0.0320592, , , , , , , 11.6582885, 0.2986038, , , , , , , 11.6582885, 0.0869459, , , , , , , 11.6582885, -0.0525368, , , , , , , , , , , , , , , , , , , , , , , , , , , , 
11.6588077, 0.0313878, , , , , , , 11.6588077, 0.3093462, , , , , , , 11.6588077, 0.0918135, , , , , , , 11.6588077, -0.0454871, , , , , , , , , , , , , , , , , , , , , , , , , , , , 
11.6593269, 0.0332341, , , , , , , 11.6593269, 0.2030976, , , , , , , 11.6593269, 0.0943313, , , , , , , 11.6593269, -0.0391089, , , , , , , , , , , , , , , , , , , , , , , , , , , , 
11.6598462, 0.0374304, , , , , , , 11.6598462, 0.057908, , , , , , , 11.6598462, 0.1015488, , , , , , , 11.6598462, -0.033402, , , , , , , , , , , , , , , , , , , , , , , , , , , , 
11.6603654, 0.042298, , , , , , , 11.6603654, -0.0555581, , , , , , , 11.6603654, 0.1010452, , , , , , , 11.6603654, -0.0243381, , , , , , , , , , , , , , , , , , , , , , , , , , , , 
11.6608846, 0.0459907, , , , , , , 11.6608846, -0.1398184, , , , , , , 11.6608846, 0.0844282, , , , , , , 11.6608846, -0.012253, , , , , , , , , , , , , , , , , , , , , , , , , , , , 
11.6614038, 0.0424659, , , , , , , 11.6614038, -0.2083009, , , , , , , 11.6614038, 0.0595865, , , , , , , 11.6614038, 0.0036927, , , , , , , , , , , , , , , , , , , , , , , , , , , , 
11.6619231, 0.0320592, , , , , , , 11.6619231, -0.2720836, , , , , , , 11.6619231, 0.0384375, , , , , , , 11.6619231, 0.0263523, , , , , , , , , , , , , , , , , , , , , , , , , , , , 
11.6624423, 0.0219883, , , , , , , 11.6624423, -0.3147173, , , , , , , 11.6624423, 0.0146029, , , , , , , 11.6624423, 0.0548867, , , , , , , , , , , , , , , , , , , , , , , , , , , , 
11.6629615, 0.021149, , , , , , , 11.6629615, -0.2321355, , , , , , , 11.6629615, -0.0129244, , , , , , , 11.6629615, 0.0866102, , , , , , , , , , , , , , , , , , , , , , , , , , , , 
11.6634808, 0.0256809, , , , , , , 11.6634808, -0.0757, , , , , , , 11.6634808, -0.0369268, , , , , , , 11.6634808, 0.1109483, , , , , , , , , , , , , , , , , , , , , , , , , , , , 
11.664, 0.0263523, , , , , , , 11.664, -0.0213169, , , , , , , 11.664, -0.0540475, , , , , , , 11.664, 0.1240406, , , , , , , , , , , , , , , , , , , , , , , , , , , , 
11.6645192, 0.0240024, , , , , , , 11.6645192, -0.064622, , , , , , , 11.6645192, -0.0666361, , , , , , , 11.6645192, 0.1253834, , , , , , , , , , , , , , , , , , , , , , , , , , , , 
11.6650385, 0.0216526, , , , , , , 11.6650385, -0.0847639, , , , , , , 11.6650385, -0.0745251, , , , , , , 11.6650385, 0.1200122, , , , , , , , , , , , , , , , , , , , , , , , , , , , 
11.6655577, 0.0213169, , , , , , , 11.6655577, -0.0372625, , , , , , , 11.6655577, -0.0829175, , , , , , , 11.6655577, 0.1109483, , , , , , , , , , , , , , , , , , , , , , , , , , , , 
11.6660769, 0.0172885, , , , , , , 11.6660769, 0.0166171, , , , , , , 11.6660769, -0.0914778, , , , , , , 11.6660769, 0.0985275, , , , , , , , , , , , , , , , , , , , , , , , , , , , 
11.6665962, 0.0132601, , , , , , , 11.6665962, 0.0031891, , , , , , , 11.6665962, -0.0983597, , , , , , , 11.6665962, 0.085771, , , , , , , , , , , , , , , , , , , , , , , , , , , , 
11.6671154, 0.0142672, , , , , , , 11.6671154, -0.0256809, , , , , , , 11.6671154, -0.0965133, , , , , , , 11.6671154, 0.068986, , , , , , , , , , , , , , , , , , , , , , , , , , , , 
11.6676346, 0.0203098, , , , , , , 11.6676346, -0.0132601, , , , , , , 11.6676346, -0.0793927, , , , , , , 11.6676346, 0.0468299, , , , , , , , , , , , , , , , , , , , , , , , , , , , 
11.6681538, 0.0251774, , , , , , , 11.6681538, -0.0031891, , , , , , , 11.6681538, -0.0515297, , , , , , , 11.6681538, 0.0243381, , , , , , , , , , , , , , , , , , , , , , , , , , , , 
11.6686731, 0.0229953, , , , , , , 11.6686731, -0.0265202, , , , , , , 11.6686731, -0.0142672, , , , , , , 11.6686731, 0.0065461, , , , , , , , , , , , , , , , , , , , , , , , , , , , 
11.6691923, 0.0213169, , , , , , , 11.6691923, -0.0522011, , , , , , , 11.6691923, 0.0219883, , , , , , , 11.6691923, -0.0048676, , , , , , , , , , , , , , , , , , , , , , , , , , , , 
11.6697115, 0.0273594, , , , , , , 11.6697115, -0.051194, , , , , , , 11.6697115, 0.04448, , , , , , , 11.6697115, -0.0149386, , , , , , , , , , , , , , , , , , , , , , , , , , , , 
11.6702308, 0.0323949, , , , , , , 11.6702308, -0.0243381, , , , , , , 11.6702308, 0.0542153, , , , , , , 11.6702308, -0.023331, , , , , , , , , , , , , , , , , , , , , , , , , , , , 
11.67075, 0.0298772, , , , , , , 11.67075, 0.0041962, , , , , , , 11.67075, 0.0616007, , , , , , , 11.67075, -0.0290379, , , , , , , , , , , , , , , , , , , , , , , , , , , , 
11.6712692, 0.0285344, , , , , , , 11.6712692, 0.0092317, , , , , , , 11.6712692, 0.0696574, , , , , , , 11.6712692, -0.0310521, , , , , , , , , , , , , , , , , , , , , , , , , , , , 
11.6717885, 0.0293736, , , , , , , 11.6717885, 0.0045319, , , , , , , 11.6717885, 0.0760357, , , , , , , 11.6717885, -0.0325628, , , , , , , , , , , , , , , , , , , , , , , , , , , , 
11.6723077, 0.0213169, , , , , , , 11.6723077, 0.0179599, , , , , , , 11.6723077, 0.0807355, , , , , , , 11.6723077, -0.0320592, , , , , , , , , , , , , , , , , , , , , , , , , , , , 
11.6728269, 0.0085603, , , , , , , 11.6728269, 0.0387732, , , , , , , 11.6728269, 0.0743572, , , , , , , 11.6728269, -0.0290379, , , , , , , , , , , , , , , , , , , , , , , , , , , , 
11.6733462, 0.0048676, , , , , , , 11.6733462, 0.0414588, , , , , , , 11.6733462, 0.0543832, , , , , , , 11.6733462, -0.0265202, , , , , , , , , , , , , , , , , , , , , , , , , , , , 
11.6738654, 0.0105745, , , , , , , 11.6738654, 0.0357519, , , , , , , 11.6738654, 0.0280308, , , , , , , 11.6738654, -0.026688, , , , , , , , , , , , , , , , , , , , , , , , , , , , 
11.6743846, 0.0154421, , , , , , , 11.6743846, 0.0417945, , , , , , , 11.6743846, 0.0003357, , , , , , , 11.6743846, -0.0256809, , , , , , , , , , , , , , , , , , , , , , , , , , , , 
11.6749038, 0.0166171, , , , , , , 11.6749038, 0.0575723, , , , , , , 11.6749038, -0.0404517, , , , , , , 11.6749038, -0.0253452, , , , , , , , , , , , , , , , , , , , , , , , , , , , 
11.6754231, 0.0172885, , , , , , , 11.6754231, 0.0720073, , , , , , , 11.6754231, -0.0847639, , , , , , , 11.6754231, -0.0251774, , , , , , , , , , , , , , , , , , , , , , , , , , , , 
11.6759423, 0.0216526, , , , , , , 11.6759423, 0.0763714, , , , , , , 11.6759423, -0.1143053, , , , , , , 11.6759423, -0.0270237, , , , , , , , , , , , , , , , , , , , , , , , , , , , 
11.6764615, 0.0283665, , , , , , , 11.6764615, 0.0725109, , , , , , , 11.6764615, -0.1253834, , , , , , , 11.6764615, -0.0273594, , , , , , , , , , , , , , , , , , , , , , , , , , , , 
11.6769808, 0.036759, , , , , , , 11.6769808, 0.0652934, , , , , , , 11.6769808, -0.1193408, , , , , , , 11.6769808, -0.0317235, , , , , , , , , , , , , , , , , , , , , , , , , , , , 
11.6775, 0.0417945, , , , , , , 11.6775, 0.0575723, , , , , , , 11.6775, -0.0995346, , , , , , , 11.6775, -0.0391089, , , , , , , , , , , , , , , , , , , , , , , , , , , , 
11.6780192, 0.0448157, , , , , , , 11.6780192, 0.0495155, , , , , , , 11.6780192, -0.0740215, , , , , , , 11.6780192, -0.0411231, , , , , , , , , , , , , , , , , , , , , , , , , , , , 
11.6785385, 0.0495155, , , , , , , 11.6785385, 0.036759, , , , , , , 11.6785385, -0.0547189, , , , , , , 11.6785385, -0.0411231, , , , , , , , , , , , , , , , , , , , , , , , , , , , 
11.6790577, 0.057908, , , , , , , 11.6790577, 0.0219883, , , , , , , 11.6790577, -0.043473, , , , , , , 11.6790577, -0.0431373, , , , , , , , , , , , , , , , , , , , , , , , , , , , 
11.6795769, 0.0609293, , , , , , , 11.6795769, 0.0135958, , , , , , , 11.6795769, -0.0347448, , , , , , , 11.6795769, -0.0407874, , , , , , , , , , , , , , , , , , , , , , , , , , , , 
11.6800962, 0.0569009, , , , , , , 11.6800962, 0.0132601, , , , , , , 11.6800962, -0.0280308, , , , , , , 11.6800962, -0.0357519, , , , , , , , , , , , , , , , , , , , , , , , , , , , 
11.6806154, 0.0515297, , , , , , , 11.6806154, 0.012253, , , , , , , 11.6806154, -0.0276951, , , , , , , 11.6806154, -0.0327306, , , , , , , , , , , , , , , , , , , , , , , , , , , , 
11.6811346, 0.047837, , , , , , , 11.6811346, 0.0102388, , , , , , , 11.6811346, -0.0386053, , , , , , , 11.6811346, -0.0263523, , , , , , , , , , , , , , , , , , , , , , , , , , , , 
11.6816538, 0.0428016, , , , , , , 11.6816538, 0.0112459, , , , , , , 11.6816538, -0.0572366, , , , , , , 11.6816538, -0.0164492, , , , , , , , , , , , , , , , , , , , , , , , , , , , 
11.6821731, 0.0357519, , , , , , , 11.6821731, 0.0164492, , , , , , , 11.6821731, -0.0721752, , , , , , , 11.6821731, -0.0099031, , , , , , , , , , , , , , , , , , , , , , , , , , , , 
11.6826923, 0.0297093, , , , , , , 11.6826923, 0.0199741, , , , , , , 11.6826923, -0.0830854, , , , , , , 11.6826923, -0.0058747, , , , , , , , , , , , , , , , , , , , , , , , , , , , 
11.6832115, 0.0283665, , , , , , , 11.6832115, 0.0206455, , , , , , , 11.6832115, -0.090135, , , , , , , 11.6832115, -0.0005035, , , , , , , , , , , , , , , , , , , , , , , , , , , , 
11.6837308, 0.0315557, , , , , , , 11.6837308, 0.0240024, , , , , , , 11.6837308, -0.090135, , , , , , , 11.6837308, 0.0078889, , , , , , , , , , , , , , , , , , , , , , , , , , , , 
11.68425, 0.033402, , , , , , , 11.68425, 0.0350805, , , , , , , 11.68425, -0.0891279, , , , , , , 11.68425, 0.0199741, , , , , , , , , , , , , , , , , , , , , , , , , , , , 
11.6847692, 0.0258488, , , , , , , 11.6847692, 0.0359197, , , , , , , 11.6847692, -0.0827497, , , , , , , 11.6847692, 0.0330663, , , , , , , , , , , , , , , , , , , , , , , , , , , , 
11.6852885, 0.0181277, , , , , , , 11.6852885, 0.0186313, , , , , , , 11.6852885, -0.0652934, , , , , , , 11.6852885, 0.0421302, , , , , , , , , , , , , , , , , , , , , , , , , , , , 
11.6858077, 0.0068818, , , , , , , 11.6858077, -0.0001678, , , , , , , 11.6858077, -0.0381018, , , , , , , 11.6858077, 0.0506905, , , , , , , , , , , , , , , , , , , , , , , , , , , , 
11.6863269, -0.0008392, , , , , , , 11.6863269, -0.0206455, , , , , , , 11.6863269, -0.0095674, , , , , , , 11.6863269, 0.0602579, , , , , , , , , , , , , , , , , , , , , , , , , , , , 
11.6868462, -0.0041962, , , , , , , 11.6868462, 0.0008392, , , , , , , 11.6868462, 0.0095674, , , , , , , 11.6868462, 0.0666361, , , , , , , , , , , , , , , , , , , , , , , , , , , , 
11.6873654, -0.0062104, , , , , , , 11.6873654, 0.0746929, , , , , , , 11.6873654, 0.0162814, , , , , , , 11.6873654, 0.0669718, , , , , , , , , , , , , , , , , , , , , , , , , , , , 
11.6878846, -0.0041962, , , , , , , 11.6878846, 0.1549248, , , , , , , 11.6878846, 0.021149, , , , , , , 11.6878846, 0.0649577, , , , , , , , , , , , , , , , , , , , , , , , , , , , 
11.6884038, -0.0015106, , , , , , , 11.6884038, 0.1774166, , , , , , , 11.6884038, 0.0280308, , , , , , , 11.6884038, 0.0683146, , , , , , , , , , , , , , , , , , , , , , , , , , , , 
11.6889231, 0.0003357, , , , , , , 11.6889231, 0.1487144, , , , , , , 11.6889231, 0.036759, , , , , , , 11.6889231, 0.0750286, , , , , , , , , , , , , , , , , , , , , , , , , , , , 
11.6894423, -0.0015106, , , , , , , 11.6894423, 0.1042344, , , , , , , 11.6894423, 0.0387732, , , , , , , 11.6894423, 0.0753643, , , , , , , , , , , , , , , , , , , , , , , , , , , , 
11.6899615, -0.0048676, , , , , , , 11.6899615, 0.0340734, , , , , , , 11.6899615, 0.0407874, , , , , , , 11.6899615, 0.0708324, , , , , , , , , , , , , , , , , , , , , , , , , , , , 
11.6904808, -0.0063783, , , , , , , 11.6904808, -0.0585794, , , , , , , 11.6904808, 0.0441444, , , , , , , 11.6904808, 0.0669718, , , , , , , , , , , , , , , , , , , , , , , , , , , , 
11.691, -0.0127565, , , , , , , 11.691, -0.1337758, , , , , , , 11.691, 0.0471656, , , , , , , 11.691, 0.0663005, , , , , , , , , , , , , , , , , , , , , , , , , , , , 
11.6915192, -0.0216526, , , , , , , 11.6915192, -0.1478752, , , , , , , 11.6915192, 0.0501869, , , , , , , 11.6915192, 0.0676432, , , , , , , , , , , , , , , , , , , , , , , , , , , , 
11.6920385, -0.0276951, , , , , , , 11.6920385, -0.1252155, , , , , , , 11.6920385, 0.0518654, , , , , , , 11.6920385, 0.0720073, , , , , , , , , , , , , , , , , , , , , , , , , , , , 
11.6925577, -0.0297093, , , , , , , 11.6925577, -0.1240406, , , , , , , 11.6925577, 0.0520333, , , , , , , 11.6925577, 0.0780499, , , , , , , , , , , , , , , , , , , , , , , , , , , , 
11.6930769, -0.0276951, , , , , , , 11.6930769, -0.1433433, , , , , , , 11.6930769, 0.0503548, , , , , , , 11.6930769, 0.0829175, , , , , , , , , , , , , , , , , , , , , , , , , , , , 
11.6935962, -0.0276951, , , , , , , 11.6935962, -0.1399863, , , , , , , 11.6935962, 0.0491798, , , , , , , 11.6935962, 0.0844282, , , , , , , , , , , , , , , , , , , , , , , , , , , , 
11.6941154, -0.0320592, , , , , , , 11.6941154, -0.1206836, , , , , , , 11.6941154, 0.0501869, , , , , , , 11.6941154, 0.081239, , , , , , , , , , , , , , , , , , , , , , , , , , , , 
11.6946346, -0.033402, , , , , , , 11.6946346, -0.0936599, , , , , , , 11.6946346, 0.0501869, , , , , , , 11.6946346, 0.0710002, , , , , , , , , , , , , , , , , , , , , , , , , , , , 
11.6951538, -0.0297093, , , , , , , 11.6951538, -0.0260166, , , , , , , 11.6951538, 0.0475013, , , , , , , 11.6951538, 0.056733, , , , , , , , , , , , , , , , , , , , , , , , , , , , 
11.6956731, -0.0297093, , , , , , , 11.6956731, 0.0441444, , , , , , , 11.6956731, 0.0428016, , , , , , , 11.6956731, 0.0441444, , , , , , , , , , , , , , , , , , , , , , , , , , , , 
11.6961923, -0.0310521, , , , , , , 11.6961923, 0.0944991, , , , , , , 11.6961923, 0.040116, , , , , , , 11.6961923, 0.0323949, , , , , , , , , , , , , , , , , , , , , , , , , , , , 
11.6967115, -0.0243381, , , , , , , 11.6967115, 0.1884947, , , , , , , 11.6967115, 0.0379339, , , , , , , 11.6967115, 0.0166171, , , , , , , , , , , , , , , , , , , , , , , , , , , , 
11.6972308, -0.0142672, , , , , , , 11.6972308, 0.265034, , , , , , , 11.6972308, 0.0360876, , , , , , , 11.6972308, -0.0068818, , , , , , , , , , , , , , , , , , , , , , , , , , , , 
11.69775, -0.0052033, , , , , , , 11.69775, 0.2596628, , , , , , , 11.69775, 0.0347448, , , , , , , 11.69775, -0.0285344, , , , , , , , , , , , , , , , , , , , , , , , , , , , 
11.6982692, 0.0031891, , , , , , , 11.6982692, 0.2019226, , , , , , , 11.6982692, 0.0276951, , , , , , , 11.6982692, -0.0411231, , , , , , , , , , , , , , , , , , , , , , , , , , , , 
11.6987885, 0.0132601, , , , , , , 11.6987885, 0.1508965, , , , , , , 11.6987885, 0.0135958, , , , , , , 11.6987885, -0.0505226, , , , , , , , , , , , , , , , , , , , , , , , , , , , 
11.6993077, 0.0179599, , , , , , , 11.6993077, 0.0877852, , , , , , , 11.6993077, -0.0015106, , , , , , , 11.6993077, -0.0592508, , , , , , , , , , , , , , , , , , , , , , , , , , , , 
11.6998269, 0.0219883, , , , , , , 11.6998269, -0.0203098, , , , , , , 11.6998269, -0.0119173, , , , , , , 11.6998269, -0.0639506, , , , , , , , , , , , , , , , , , , , , , , , , , , , 
11.7003462, 0.0226596, , , , , , , 11.7003462, -0.1451896, , , , , , , 11.7003462, -0.0109102, , , , , , , 11.7003462, -0.0652934, , , , , , , , , , , , , , , , , , , , , , , , , , , , 
11.7008654, 0.0226596, , , , , , , 11.7008654, -0.2620127, , , , , , , 11.7008654, -0.0025177, , , , , , , 11.7008654, -0.064622, , , , , , , , , , , , , , , , , , , , , , , , , , , , 
11.7013846, 0.0172885, , , , , , , 11.7013846, -0.3748074, , , , , , , 11.7013846, 0.0005035, , , , , , , 11.7013846, -0.0669718, , , , , , , , , , , , , , , , , , , , , , , , , , , , 
11.7019038, 0.008896, , , , , , , 11.7019038, -0.4543679, , , , , , , 11.7019038, -0.0063783, , , , , , , 11.7019038, -0.0699931, , , , , , , , , , , , , , , , , , , , , , , , , , , , 
11.7024231, 0.0065461, , , , , , , 11.7024231, -0.4399329, , , , , , , 11.7024231, -0.01561, , , , , , , 11.7024231, -0.0679789, , , , , , , , , , , , , , , , , , , , , , , , , , , , 
11.7029423, 0.0112459, , , , , , , 11.7029423, -0.3536584, , , , , , , 11.7029423, -0.0270237, , , , , , , 11.7029423, -0.0626078, , , , , , , , , , , , , , , , , , , , , , , , , , , , 
11.7034615, 0.0166171, , , , , , , 11.7034615, -0.2871901, , , , , , , 11.7034615, -0.0357519, , , , , , , 11.7034615, -0.0540475, , , , , , , , , , , , , , , , , , , , , , , , , , , , 
11.7039808, 0.0146029, , , , , , , 11.7039808, -0.233814, , , , , , , 11.7039808, -0.0394446, , , , , , , 11.7039808, -0.0421302, , , , , , , , , , , , , , , , , , , , , , , , , , , , 
11.7045, 0.0095674, , , , , , , 11.7045, -0.1639887, , , , , , , 11.7045, -0.0424659, , , , , , , 11.7045, -0.0303807, , , , , , , , , , , , , , , , , , , , , , , , , , , , 
11.7050192, 0.0124208, , , , , , , 11.7050192, -0.0938277, , , , , , , 11.7050192, -0.0461585, , , , , , , 11.7050192, -0.0226596, , , , , , , , , , , , , , , , , , , , , , , , , , , , 
11.7055385, 0.0251774, , , , , , , 11.7055385, -0.0344091, , , , , , , 11.7055385, -0.0498512, , , , , , , 11.7055385, -0.0166171, , , , , , , , , , , , , , , , , , , , , , , , , , , , 
11.7060577, 0.0340734, , , , , , , 11.7060577, 0.0125887, , , , , , , 11.7060577, -0.0508583, , , , , , , 11.7060577, -0.011078, , , , , , , , , , , , , , , , , , , , , , , , , , , , 
11.7065769, 0.026688, , , , , , , 11.7065769, 0.0454871, , , , , , , 11.7065769, -0.0491798, , , , , , , 11.7065769, -0.005539, , , , , , , , , , , , , , , , , , , , , , , , , , , , 
11.7070962, 0.0125887, , , , , , , 11.7070962, 0.0696574, , , , , , , 11.7070962, -0.0464942, , , , , , , 11.7070962, -0.0031891, , , , , , , , , , , , , , , , , , , , , , , , , , , , 
11.7076154, 0.0052033, , , , , , , 11.7076154, 0.1049058, , , , , , , 11.7076154, -0.0448157, , , , , , , 11.7076154, -0.002182, , , , , , , , , , , , , , , , , , , , , , , , , , , , 
11.7081346, 0.0072175, , , , , , , 11.7081346, 0.1388113, , , , , , , 11.7081346, -0.0396124, , , , , , , 11.7081346, 0.0011749, , , , , , , , , , , , , , , , , , , , , , , , , , , , 
11.7086538, 0.0119173, , , , , , , 11.7086538, 0.1649958, , , , , , , 11.7086538, -0.0270237, , , , , , , 11.7086538, 0.0077211, , , , , , , , , , , , , , , , , , , , , , , , , , , , 
11.7091731, 0.0139315, , , , , , , 11.7091731, 0.1878233, , , , , , , 11.7091731, -0.0162814, , , , , , , 11.7091731, 0.0152743, , , , , , , , , , , , , , , , , , , , , , , , , , , , 
11.7096923, 0.0142672, , , , , , , 11.7096923, 0.163653, , , , , , , 11.7096923, -0.0073854, , , , , , , 11.7096923, 0.0263523, , , , , , , , , , , , , , , , , , , , , , , , , , , , 
11.7102115, 0.0159457, , , , , , , 11.7102115, 0.0844282, , , , , , , 11.7102115, 0.0104067, , , , , , , 11.7102115, 0.0397803, , , , , , , , , , , , , , , , , , , , , , , , , , , , 
11.7107308, 0.0204776, , , , , , , 11.7107308, 0.0297093, , , , , , , 11.7107308, 0.0354162, , , , , , , 11.7107308, 0.0548867, , , , , , , , , , , , , , , , , , , , , , , , , , , , 
11.71125, 0.0290379, , , , , , , 11.71125, 0.0149386, , , , , , , 11.71125, 0.0535439, , , , , , , 11.71125, 0.0733501, , , , , , , , , , , , , , , , , , , , , , , , , , , , 
11.7117692, 0.0307164, , , , , , , 11.7117692, -0.0243381, , , , , , , 11.7117692, 0.0602579, , , , , , , 11.7117692, 0.0891279, , , , , , , , , , , , , , , , , , , , , , , , , , , , 
11.7122885, 0.0238346, , , , , , , 11.7122885, -0.1059129, , , , , , , 11.7122885, 0.0632792, , , , , , , 11.7122885, 0.0991989, , , , , , , , , , , , , , , , , , , , , , , , , , , , 
11.7128077, 0.0075532, , , , , , , 11.7128077, -0.1727169, , , , , , , 11.7128077, 0.0652934, , , , , , , 11.7128077, 0.1092699, , , , , , , , , , , , , , , , , , , , , , , , , , , , 
11.7133269, -0.0139315, , , , , , , 11.7133269, -0.1683528, , , , , , , 11.7133269, 0.0558938, , , , , , , 11.7133269, 0.1153124, , , , , , , , , , , , , , , , , , , , , , , , , , , , 
11.7138462, -0.0280308, , , , , , , 11.7138462, -0.0998703, , , , , , , 11.7138462, 0.036759, , , , , , , 11.7138462, 0.1099413, , , , , , , , , , , , , , , , , , , , , , , , , , , , 
11.7143654, -0.0310521, , , , , , , 11.7143654, -0.030045, , , , , , , 11.7143654, 0.0172885, , , , , , , 11.7143654, 0.0981918, , , , , , , , , , , , , , , , , , , , , , , , , , , , 
11.7148846, -0.0340734, , , , , , , 11.7148846, -0.0038605, , , , , , , 11.7148846, 0.0035248, , , , , , , 11.7148846, 0.0827497, , , , , , , , , , , , , , , , , , , , , , , , , , , , 
11.7154038, -0.0394446, , , , , , , 11.7154038, -0.0176242, , , , , , , 11.7154038, -0.0060426, , , , , , , 11.7154038, 0.0666361, , , , , , , , , , , , , , , , , , , , , , , , , , , , 
11.7159231, -0.0441444, , , , , , , 11.7159231, -0.0350805, , , , , , , 11.7159231, -0.0176242, , , , , , , 11.7159231, 0.0491798, , , , , , , , , , , , , , , , , , , , , , , , , , , , 
11.7164423, -0.0475013, , , , , , , 11.7164423, -0.0330663, , , , , , , 11.7164423, -0.026688, , , , , , , 11.7164423, 0.0293736, , , , , , , , , , , , , , , , , , , , , , , , , , , , 
11.7169615, -0.0471656, , , , , , , 11.7169615, -0.01561, , , , , , , 11.7169615, -0.0297093, , , , , , , 11.7169615, 0.008896, , , , , , , , , , , , , , , , , , , , , , , , , , , , 
11.7174808, -0.0431373, , , , , , , 11.7174808, 0.0236667, , , , , , , 11.7174808, -0.0310521, , , , , , , 11.7174808, -0.0142672, , , , , , , , , , , , , , , , , , , , , , , , , , , , 
11.718, -0.0370947, , , , , , , 11.718, 0.0777142, , , , , , , 11.718, -0.0297093, , , , , , , 11.718, -0.0350805, , , , , , , , , , , , , , , , , , , , , , , , , , , , 
11.7185192, -0.0270237, , , , , , , 11.7185192, 0.1079271, , , , , , , 11.7185192, -0.0226596, , , , , , , 11.7185192, -0.0498512, , , , , , , , , , , , , , , , , , , , , , , , , , , , 
11.7190385, -0.0169528, , , , , , , 11.7190385, 0.1089342, , , , , , , 11.7190385, -0.023331, , , , , , , 11.7190385, -0.057908, , , , , , , , , , , , , , , , , , , , , , , , , , , , 
11.7195577, -0.0072175, , , , , , , 11.7195577, 0.1136339, , , , , , , 11.7195577, -0.0330663, , , , , , , 11.7195577, -0.0629435, , , , , , , , , , , , , , , , , , , , , , , , , , , , 
11.7200769, 0.0068818, , , , , , , 11.7200769, 0.1267262, , , , , , , 11.7200769, -0.0391089, , , , , , , 11.7200769, -0.064622, , , , , , , , , , , , , , , , , , , , , , , , , , , , 
11.7205962, 0.0240024, , , , , , , 11.7205962, 0.1292439, , , , , , , 11.7205962, -0.036759, , , , , , , 11.7205962, -0.0592508, , , , , , , , , , , , , , , , , , , , , , , , , , , , 
11.7211154, 0.0391089, , , , , , , 11.7211154, 0.1545892, , , , , , , 11.7211154, -0.0344091, , , , , , , 11.7211154, -0.0458228, , , , , , , , , , , , , , , , , , , , , , , , , , , , 
11.7216346, 0.0454871, , , , , , , 11.7216346, 0.1606317, , , , , , , 11.7216346, -0.0293736, , , , , , , 11.7216346, -0.0330663, , , , , , , , , , , , , , , , , , , , , , , , , , , , 
11.7221538, 0.040116, , , , , , , 11.7221538, 0.0810712, , , , , , , 11.7221538, -0.0115816, , , , , , , 11.7221538, -0.0260166, , , , , , , , , , , , , , , , , , , , , , , , , , , , 
11.7226731, 0.0313878, , , , , , , 11.7226731, 0.0253452, , , , , , , 11.7226731, 0.01561, , , , , , , 11.7226731, -0.023331, , , , , , , , , , , , , , , , , , , , , , , , , , , , 
11.7231923, 0.0303807, , , , , , , 11.7231923, 0.0773785, , , , , , , 11.7231923, 0.0407874, , , , , , , 11.7231923, -0.018967, , , , , , , , , , , , , , , , , , , , , , , , , , , , 
11.7237115, 0.030045, , , , , , , 11.7237115, 0.1487144, , , , , , , 11.7237115, 0.0616007, , , , , , , 11.7237115, -0.0132601, , , , , , , , , , , , , , , , , , , , , , , , , , , , 
11.7242308, 0.0260166, , , , , , , 11.7242308, 0.1408255, , , , , , , 11.7242308, 0.0619364, , , , , , , 11.7242308, -0.0102388, , , , , , , , , , , , , , , , , , , , , , , , , , , , 
11.72475, 0.0199741, , , , , , , 11.72475, 0.0491798, , , , , , , 11.72475, 0.0310521, , , , , , , 11.72475, -0.0065461, , , , , , , , , , , , , , , , , , , , , , , , , , , , 
11.7252692, 0.0174563, , , , , , , 11.7252692, -0.0814069, , , , , , , 11.7252692, -0.0072175, , , , , , , 11.7252692, -0.0016785, , , , , , , , , , , , , , , , , , , , , , , , , , , , 
11.7257885, 0.0184634, , , , , , , 11.7257885, -0.1733883, , , , , , , 11.7257885, -0.0275273, , , , , , , 11.7257885, 0.0025177, , , , , , , , , , , , , , , , , , , , , , , , , , , , 
11.7263077, 0.0135958, , , , , , , 11.7263077, -0.2203861, , , , , , , 11.7263077, -0.0240024, , , , , , , 11.7263077, 0.0083925, , , , , , , , , , , , , , , , , , , , , , , , , , , , 
11.7268269, 0.0092317, , , , , , , 11.7268269, -0.2829938, , , , , , , 11.7268269, -0.0149386, , , , , , , 11.7268269, 0.0159457, , , , , , , , , , , , , , , , , , , , , , , , , , , , 
11.7273462, 0.0092317, , , , , , , 11.7273462, -0.3519799, , , , , , , 11.7273462, -0.0129244, , , , , , , 11.7273462, 0.0169528, , , , , , , , , , , , , , , , , , , , , , , , , , , , 
11.7278654, 0.0112459, , , , , , , 11.7278654, -0.332845, , , , , , , 11.7278654, -0.0166171, , , , , , , 11.7278654, 0.0112459, , , , , , , , , , , , , , , , , , , , , , , , , , , , 
11.7283846, 0.021149, , , , , , , 11.7283846, -0.2331426, , , , , , , 11.7283846, -0.0206455, , , , , , , 11.7283846, 0.0058747, , , , , , , , , , , , , , , , , , , , , , , , , , , , 
11.7289038, 0.0337377, , , , , , , 11.7289038, -0.1277333, , , , , , , 11.7289038, -0.0246738, , , , , , , 11.7289038, -0.0001678, , , , , , , , , , , , , , , , , , , , , , , , , , , , 
11.7294231, 0.043473, , , , , , , 11.7294231, -0.0360876, , , , , , , 11.7294231, -0.0298772, , , , , , , 11.7294231, -0.002182, , , , , , , , , , , , , , , , , , , , , , , , , , , , 
11.7299423, 0.0522011, , , , , , , 11.7299423, 0.0381018, , , , , , , 11.7299423, -0.0337377, , , , , , , 11.7299423, 0.002182, , , , , , , , , , , , , , , , , , , , , , , , , , , , 
11.7304615, 0.0629435, , , , , , , 11.7304615, 0.0894636, , , , , , , 11.7304615, -0.0357519, , , , , , , 11.7304615, 0.0090639, , , , , , , , , , , , , , , , , , , , , , , , , , , , 
11.7309808, 0.0683146, , , , , , , 11.7309808, 0.1109483, , , , , , , 11.7309808, -0.0428016, , , , , , , 11.7309808, 0.0159457, , , , , , , , , , , , , , , , , , , , , , , , , , , , 
11.7315, 0.0649577, , , , , , , 11.7315, 0.0938277, , , , , , , 11.7315, -0.0542153, , , , , , , 11.7315, 0.0226596, , , , , , , , , , , , , , , , , , , , , , , , , , , , 
11.7320192, 0.0626078, , , , , , , 11.7320192, 0.0320592, , , , , , , 11.7320192, -0.0619364, , , , , , , 11.7320192, 0.0293736, , , , , , , , , , , , , , , , , , , , , , , , , , , , 
11.7325385, 0.066804, , , , , , , 11.7325385, -0.0411231, , , , , , , 11.7325385, -0.0587472, , , , , , , 11.7325385, 0.0394446, , , , , , , , , , , , , , , , , , , , , , , , , , , , 
11.7330577, 0.0730144, , , , , , , 11.7330577, -0.0501869, , , , , , , 11.7330577, -0.047837, , , , , , , 11.7330577, 0.0525368, , , , , , , , , , , , , , , , , , , , , , , , , , , , 
11.7335769, 0.0743572, , , , , , , 11.7335769, -0.0036927, , , , , , , 11.7335769, -0.0441444, , , , , , , 11.7335769, 0.0669718, , , , , , , , , , , , , , , , , , , , , , , , , , , , 
11.7340962, 0.0730144, , , , , , , 11.7340962, 0.0438087, , , , , , , 11.7340962, -0.0572366, , , , , , , 11.7340962, 0.081239, , , , , , , , , , , , , , , , , , , , , , , , , , , , 
11.7346154, 0.0696574, , , , , , , 11.7346154, 0.0629435, , , , , , , 11.7346154, -0.0807355, , , , , , , 11.7346154, 0.0961776, , , , , , , , , , , , , , , , , , , , , , , , , , , , 
11.7351346, 0.0642863, , , , , , , 11.7351346, 0.0589151, , , , , , , 11.7351346, -0.1025559, , , , , , , 11.7351346, 0.1072557, , , , , , , , , , , , , , , , , , , , , , , , , , , , 
11.7356538, 0.0626078, , , , , , , 11.7356538, 0.0323949, , , , , , , 11.7356538, -0.1104448, , , , , , , 11.7356538, 0.1119554, , , , , , , , , , , , , , , , , , , , , , , , , , , , 
11.7361731, 0.0602579, , , , , , , 11.7361731, 0.0229953, , , , , , , 11.7361731, -0.1067521, , , , , , , 11.7361731, 0.1106126, , , , , , , , , , , , , , , , , , , , , , , , , , , , 
11.7366923, 0.0558938, , , , , , , 11.7366923, 0.0481727, , , , , , , 11.7366923, -0.1015488, , , , , , , 11.7366923, 0.1025559, , , , , , , , , , , , , , , , , , , , , , , , , , , , 
11.7372115, 0.0569009, , , , , , , 11.7372115, 0.0681468, , , , , , , 11.7372115, -0.0881209, , , , , , , 11.7372115, 0.0867781, , , , , , , , , , , , , , , , , , , , , , , , , , , , 
11.7377308, 0.0647898, , , , , , , 11.7377308, 0.0850996, , , , , , , 11.7377308, -0.0616007, , , , , , , 11.7377308, 0.0666361, , , , , , , , , , , , , , , , , , , , , , , , , , , , 
11.73825, 0.0649577, , , , , , , 11.73825, 0.1072557, , , , , , , 11.73825, -0.0263523, , , , , , , 11.73825, 0.0480049, , , , , , , , , , , , , , , , , , , , , , , , , , , , 
11.7387692, 0.0585794, , , , , , , 11.7387692, 0.1044022, , , , , , , 11.7387692, 0.0065461, , , , , , , 11.7387692, 0.0268559, , , , , , , , , , , , , , , , , , , , , , , , , , , , 
11.7392885, 0.0532082, , , , , , , 11.7392885, 0.0594186, , , , , , , 11.7392885, 0.033402, , , , , , , 11.7392885, 0.0025177, , , , , , , , , , , , , , , , , , , , , , , , , , , , 
11.7398077, 0.0394446, , , , , , , 11.7398077, 0.0058747, , , , , , , 11.7398077, 0.0547189, , , , , , , 11.7398077, -0.0162814, , , , , , , , , , , , , , , , , , , , , , , , , , , , 
11.7403269, 0.0246738, , , , , , , 11.7403269, -0.012253, , , , , , , 11.7403269, 0.0661326, , , , , , , 11.7403269, -0.0283665, , , , , , , , , , , , , , , , , , , , , , , , , , , , 
11.7408462, 0.0139315, , , , , , , 11.7408462, -0.0250095, , , , , , , 11.7408462, 0.0621042, , , , , , , 11.7408462, -0.0347448, , , , , , , , , , , , , , , , , , , , , , , , , , , , 
11.7413654, -0.0003357, , , , , , , 11.7413654, -0.0532082, , , , , , , 11.7413654, 0.0414588, , , , , , , 11.7413654, -0.0381018, , , , , , , , , , , , , , , , , , , , , , , , , , , , 
11.7418846, -0.0243381, , , , , , , 11.7418846, -0.0720073, , , , , , , 11.7418846, 0.0125887, , , , , , , 11.7418846, -0.0384375, , , , , , , , , , , , , , , , , , , , , , , , , , , , 
11.7424038, -0.0464942, , , , , , , 11.7424038, -0.0726787, , , , , , , 11.7424038, -0.0146029, , , , , , , 11.7424038, -0.036759, , , , , , , , , , , , , , , , , , , , , , , , , , , , 
11.7429231, -0.0572366, , , , , , , 11.7429231, -0.0582437, , , , , , , 11.7429231, -0.0297093, , , , , , , 11.7429231, -0.0307164, , , , , , , , , , , , , , , , , , , , , , , , , , , , 
11.7434423, -0.0599222, , , , , , , 11.7434423, -0.0354162, , , , , , , 11.7434423, -0.0330663, , , , , , , 11.7434423, -0.0179599, , , , , , , , , , , , , , , , , , , , , , , , , , , , 
11.7439615, -0.0582437, , , , , , , 11.7439615, -0.0240024, , , , , , , 11.7439615, -0.0303807, , , , , , , 11.7439615, -0.005539, , , , , , , , , , , , , , , , , , , , , , , , , , , , 
11.7444808, -0.0569009, , , , , , , 11.7444808, -0.0350805, , , , , , , 11.7444808, -0.0219883, , , , , , , 11.7444808, 0.0038605, , , , , , , , , , , , , , , , , , , , , , , , , , , , 
11.745, -0.0518654, , , , , , , 11.745, -0.0446479, , , , , , , 11.745, -0.0092317, , , , , , , 11.745, 0.0125887, , , , , , , , , , , , , , , , , , , , , , , , , , , , 
11.7455192, -0.0428016, , , , , , , 11.7455192, -0.0208133, , , , , , , 11.7455192, 0.0036927, , , , , , , 11.7455192, 0.0213169, , , , , , , , , , , , , , , , , , , , , , , , , , , , 
11.7460385, -0.0347448, , , , , , , 11.7460385, 0.0045319, , , , , , , 11.7460385, 0.0142672, , , , , , , 11.7460385, 0.0307164, , , , , , , , , , , , , , , , , , , , , , , , , , , , 
11.7465577, -0.0307164, , , , , , , 11.7465577, 0.0025177, , , , , , , 11.7465577, 0.0226596, , , , , , , 11.7465577, 0.0381018, , , , , , , , , , , , , , , , , , , , , , , , , , , , 
11.7470769, -0.0240024, , , , , , , 11.7470769, 0.0035248, , , , , , , 11.7470769, 0.0337377, , , , , , , 11.7470769, 0.0360876, , , , , , , , , , , , , , , , , , , , , , , , , , , , 
11.7475962, -0.0135958, , , , , , , 11.7475962, 0.026688, , , , , , , 11.7475962, 0.0508583, , , , , , , 11.7475962, 0.0310521, , , , , , , , , , , , , , , , , , , , , , , , , , , , 
11.7481154, -0.0048676, , , , , , , 11.7481154, 0.0538796, , , , , , , 11.7481154, 0.0663005, , , , , , , 11.7481154, 0.0283665, , , , , , , , , , , , , , , , , , , , , , , , , , , , 
11.7486346, -0.0015106, , , , , , , 11.7486346, 0.0647898, , , , , , , 11.7486346, 0.0743572, , , , , , , 11.7486346, 0.0283665, , , , , , , , , , , , , , , , , , , , , , , , , , , , 
11.7491538, -0.0015106, , , , , , , 11.7491538, 0.0515297, , , , , , , 11.7491538, 0.0877852, , , , , , , 11.7491538, 0.0297093, , , , , , , , , , , , , , , , , , , , , , , , , , , , 
11.7496731, 0.0031891, , , , , , , 11.7496731, 0.0213169, , , , , , , 11.7496731, 0.1111162, , , , , , , 11.7496731, 0.0318914, , , , , , , , , , , , , , , , , , , , , , , , , , , , 
11.7501923, 0.0078889, , , , , , , 11.7501923, -0.0152743, , , , , , , 11.7501923, 0.1193408, , , , , , , 11.7501923, 0.0347448, , , , , , , , , , , , , , , , , , , , , , , , , , , , 
11.7507115, 0.0060426, , , , , , , 11.7507115, -0.0501869, , , , , , , 11.7507115, 0.1082628, , , , , , , 11.7507115, 0.033402, , , , , , , , , , , , , , , , , , , , , , , , , , , , 
11.7512308, 0.002182, , , , , , , 11.7512308, -0.0740215, , , , , , , 11.7512308, 0.0918135, , , , , , , 11.7512308, 0.0283665, , , , , , , , , , , , , , , , , , , , , , , , , , , , 
11.75175, 0.0020142, , , , , , , 11.75175, -0.0644541, , , , , , , 11.75175, 0.0656291, , , , , , , 11.75175, 0.0219883, , , , , , , , , , , , , , , , , , , , , , , , , , , , 
11.7522692, 0.0099031, , , , , , , 11.7522692, -0.01561, , , , , , , 11.7522692, 0.0276951, , , , , , , 11.7522692, 0.0159457, , , , , , , , , , , , , , , , , , , , , , , , , , , , 
11.7527885, 0.0250095, , , , , , , 11.7527885, 0.0337377, , , , , , , 11.7527885, -0.012253, , , , , , , 11.7527885, 0.011078, , , , , , , , , , , , , , , , , , , , , , , , , , , , 
11.7533077, 0.0394446, , , , , , , 11.7533077, 0.0528725, , , , , , , 11.7533077, -0.04448, , , , , , , 11.7533077, 0.0045319, , , , , , , , , , , , , , , , , , , , , , , , , , , , 
11.7538269, 0.0464942, , , , , , , 11.7538269, 0.0538796, , , , , , , 11.7538269, -0.0693217, , , , , , , 11.7538269, -0.0041962, , , , , , , , , , , , , , , , , , , , , , , , , , , , 
11.7543462, 0.0431373, , , , , , , 11.7543462, 0.0594186, , , , , , , 11.7543462, -0.0840925, , , , , , , 11.7543462, -0.0137636, , , , , , , , , , , , , , , , , , , , , , , , , , , , 
11.7548654, 0.0320592, , , , , , , 11.7548654, 0.0777142, , , , , , , 11.7548654, -0.0904707, , , , , , , 11.7548654, -0.0196384, , , , , , , , , , , , , , , , , , , , , , , , , , , , 
11.7553846, 0.0187991, , , , , , , 11.7553846, 0.1008774, , , , , , , 11.7553846, -0.0924849, , , , , , , 11.7553846, -0.021149, , , , , , , , , , , , , , , , , , , , , , , , , , , , 
11.7559038, 0.0102388, , , , , , , 11.7559038, 0.1467002, , , , , , , 11.7559038, -0.0914778, , , , , , , 11.7559038, -0.0253452, , , , , , , , , , , , , , , , , , , , , , , , , , , , 
11.7564231, 0.0052033, , , , , , , 11.7564231, 0.2499275, , , , , , , 11.7564231, -0.0847639, , , , , , , 11.7564231, -0.0317235, , , , , , , , , , , , , , , , , , , , , , , , , , , , 
11.7569423, 0.0018463, , , , , , , 11.7569423, 0.3241169, , , , , , , 11.7569423, -0.0710002, , , , , , , 11.7569423, -0.0387732, , , , , , , , , , , , , , , , , , , , , , , , , , , , 
11.7574615, 0.003357, , , , , , , 11.7574615, 0.297261, , , , , , , 11.7574615, -0.0558938, , , , , , , 11.7574615, -0.0481727, , , , , , , , , , , , , , , , , , , , , , , , , , , , 
11.7579808, 0.0082246, , , , , , , 11.7579808, 0.2180362, , , , , , , 11.7579808, -0.0404517, , , , , , , 11.7579808, -0.054551, , , , , , , , , , , , , , , , , , , , , , , , , , , , 
11.7585, 0.0135958, , , , , , , 11.7585, 0.1307546, , , , , , , 11.7585, -0.0229953, , , , , , , 11.7585, -0.0538796, , , , , , , , , , , , , , , , , , , , , , , , , , , , 
11.7590192, 0.0199741, , , , , , , 11.7590192, 0.0072175, , , , , , , 11.7590192, -0.0068818, , , , , , , 11.7590192, -0.0525368, , , , , , , , , , , , , , , , , , , , , , , , , , , , 
11.7595385, 0.0240024, , , , , , , 11.7595385, -0.1777523, , , , , , , 11.7595385, 0.005539, , , , , , , 11.7595385, -0.0501869, , , , , , , , , , , , , , , , , , , , , , , , , , , , 
11.7600577, 0.0273594, , , , , , , 11.7600577, -0.3372091, , , , , , , 11.7600577, 0.0105745, , , , , , , 11.7600577, -0.0464942, , , , , , , , , , , , , , , , , , , , , , , , , , , , 
11.7605769, 0.0323949, , , , , , , 11.7605769, -0.3694362, , , , , , , 11.7605769, 0.0102388, , , , , , , 11.7605769, -0.0387732, , , , , , , , , , , , , , , , , , , , , , , , , , , , 
11.7610962, 0.0307164, , , , , , , 11.7610962, -0.3137102, , , , , , , 11.7610962, 0.0099031, , , , , , , 11.7610962, -0.0265202, , , , , , , , , , , , , , , , , , , , , , , , , , , , 
11.7616154, 0.0182956, , , , , , , 11.7616154, -0.2670481, , , , , , , 11.7616154, 0.0139315, , , , , , , 11.7616154, -0.0146029, , , , , , , , , , , , , , , , , , , , , , , , , , , , 
11.7621346, 0.005539, , , , , , , 11.7621346, -0.2613413, , , , , , , 11.7621346, 0.0186313, , , , , , , 11.7621346, -0.008896, , , , , , , , , , , , , , , , , , , , , , , , , , , , 
11.7626538, -0.0008392, , , , , , , 11.7626538, -0.2714122, , , , , , , 11.7626538, 0.0226596, , , , , , , 11.7626538, 0.0005035, , , , , , , , , , , , , , , , , , , , , , , , , , , , 
11.7631731, -0.0028534, , , , , , , 11.7631731, -0.2668803, , , , , , , 11.7631731, 0.0251774, , , , , , , 11.7631731, 0.018967, , , , , , , , , , , , , , , , , , , , , , , , , , , , 
11.7636923, -0.0031891, , , , , , , 11.7636923, -0.2252537, , , , , , , 11.7636923, 0.0285344, , , , , , , 11.7636923, 0.0404517, , , , , , , , , , , , , , , , , , , , , , , , , , , , 
11.7642115, -0.005539, , , , , , , 11.7642115, -0.1470359, , , , , , , 11.7642115, 0.0292058, , , , , , , 11.7642115, 0.0580758, , , , , , , , , , , , , , , , , , , , , , , , , , , , 
11.7647308, -0.0083925, , , , , , , 11.7647308, -0.0666361, , , , , , , 11.7647308, 0.0236667, , , , , , , 11.7647308, 0.068986, , , , , , , , , , , , , , , , , , , , , , , , , , , , 
11.76525, -0.012253, , , , , , , 11.76525, -0.0203098, , , , , , , 11.76525, 0.0164492, , , , , , , 11.76525, 0.0753643, , , , , , , , , , , , , , , , , , , , , , , , , , , , 
11.7657692, -0.01561, , , , , , , 11.7657692, 0.0075532, , , , , , , 11.7657692, 0.0112459, , , , , , , 11.7657692, 0.0783856, , , , , , , , , , , , , , , , , , , , , , , , , , , , 
11.7662885, -0.0151064, , , , , , , 11.7662885, 0.0270237, , , , , , , 11.7662885, 0.0085603, , , , , , , 11.7662885, 0.0787213, , , , , , , , , , , , , , , , , , , , , , , , , , , , 
11.7668077, -0.0209812, , , , , , , 11.7668077, 0.0441444, , , , , , , 11.7668077, 0.0075532, , , , , , , 11.7668077, 0.0730144, , , , , , , , , , , , , , , , , , , , , , , , , , , , 
11.7673269, -0.0243381, , , , , , , 11.7673269, 0.0654612, , , , , , , 11.7673269, 0.0065461, , , , , , , 11.7673269, 0.0622721, , , , , , , , , , , , , , , , , , , , , , , , , , , , 
11.7678462, -0.0172885, , , , , , , 11.7678462, 0.0703288, , , , , , , 11.7678462, 0.0070497, , , , , , , 11.7678462, 0.0488441, , , , , , , , , , , , , , , , , , , , , , , , , , , , 
11.7683654, -0.0083925, , , , , , , 11.7683654, 0.0522011, , , , , , , 11.7683654, 0.0036927, , , , , , , 11.7683654, 0.0345769, , , , , , , , , , , , , , , , , , , , , , , , , , , , 
11.7688846, -0.0050355, , , , , , , 11.7688846, 0.0303807, , , , , , , 11.7688846, -0.0048676, , , , , , , 11.7688846, 0.0229953, , , , , , , , , , , , , , , , , , , , , , , , , , , , 
11.7694038, -0.0048676, , , , , , , 11.7694038, 0.0313878, , , , , , , 11.7694038, -0.0139315, , , , , , , 11.7694038, 0.0159457, , , , , , , , , , , , , , , , , , , , , , , , , , , , 
11.7699231, -0.0010071, , , , , , , 11.7699231, 0.0663005, , , , , , , 11.7699231, -0.0209812, , , , , , , 11.7699231, 0.0095674, , , , , , , , , , , , , , , , , , , , , , , , , , , , 
11.7704423, 0.008896, , , , , , , 11.7704423, 0.1059129, , , , , , , 11.7704423, -0.0246738, , , , , , , 11.7704423, 0.0062104, , , , , , , , , , , , , , , , , , , , , , , , , , , , 
11.7709615, 0.0186313, , , , , , , 11.7709615, 0.1085985, , , , , , , 11.7709615, -0.0218204, , , , , , , 11.7709615, 0.0075532, , , , , , , , , , , , , , , , , , , , , , , , , , , , 
11.7714808, 0.0182956, , , , , , , 11.7714808, 0.0871138, , , , , , , 11.7714808, -0.0139315, , , , , , , 11.7714808, 0.0129244, , , , , , , , , , , , , , , , , , , , , , , , , , , , 
11.772, 0.0130922, , , , , , , 11.772, 0.0887922, , , , , , , 11.772, -0.0038605, , , , , , , 11.772, 0.0176242, , , , , , , , , , , , , , , , , , , , , , , , , , , , 
11.7725192, 0.0142672, , , , , , , 11.7725192, 0.1250477, , , , , , , 11.7725192, 0.0031891, , , , , , , 11.7725192, 0.0172885, , , , , , , , , , , , , , , , , , , , , , , , , , , , 
11.7730385, 0.0240024, , , , , , , 11.7730385, 0.117998, , , , , , , 11.7730385, 0.0251774, , , , , , , 11.7730385, 0.0132601, , , , , , , , , , , , , , , , , , , , , , , , , , , , 
11.7735577, 0.03122, , , , , , , 11.7735577, 0.0010071, , , , , , , 11.7735577, 0.0669718, , , , , , , 11.7735577, 0.0058747, , , , , , , , , , , , , , , , , , , , , , , , , , , , 
11.7740769, 0.0270237, , , , , , , 11.7740769, -0.1320974, , , , , , , 11.7740769, 0.0938277, , , , , , , 11.7740769, 0.0030213, , , , , , , , , , , , , , , , , , , , , , , , , , , , 
11.7745962, 0.0199741, , , , , , , 11.7745962, -0.1673457, , , , , , , 11.7745962, 0.0891279, , , , , , , 11.7745962, 0.0068818, , , , , , , , , , , , , , , , , , , , , , , , , , , , 
11.7751154, 0.0196384, , , , , , , 11.7751154, -0.1559319, , , , , , , 11.7751154, 0.0699931, , , , , , , 11.7751154, 0.0085603, , , , , , , , , , , , , , , , , , , , , , , , , , , , 
11.7756346, 0.0253452, , , , , , , 11.7756346, -0.1643244, , , , , , , 11.7756346, 0.0535439, , , , , , , 11.7756346, 0.0072175, , , , , , , , , , , , , , , , , , , , , , , , , , , , 
11.7761538, 0.0337377, , , , , , , 11.7761538, -0.1643244, , , , , , , 11.7761538, 0.0370947, , , , , , , 11.7761538, 0.0036927, , , , , , , , , , , , , , , , , , , , , , , , , , , , 
11.7766731, 0.0417945, , , , , , , 11.7766731, -0.1304189, , , , , , , 11.7766731, 0.012253, , , , , , , 11.7766731, -0.0028534, , , , , , , , , , , , , , , , , , , , , , , , , , , , 
11.7771923, 0.0491798, , , , , , , 11.7771923, -0.0850996, , , , , , , 11.7771923, -0.0250095, , , , , , , 11.7771923, -0.01561, , , , , , , , , , , , , , , , , , , , , , , , , , , , 
11.7777115, 0.0562295, , , , , , , 11.7777115, -0.0528725, , , , , , , 11.7777115, -0.072343, , , , , , , 11.7777115, -0.0283665, , , , , , , , , , , , , , , , , , , , , , , , , , , , 
11.7782308, 0.0602579, , , , , , , 11.7782308, -0.0209812, , , , , , , 11.7782308, -0.1149767, , , , , , , 11.7782308, -0.0357519, , , , , , , , , , , , , , , , , , , , , , , , , , , , 
11.77875, 0.0587472, , , , , , , 11.77875, 0.0179599, , , , , , , 11.77875, -0.1394827, , , , , , , 11.77875, -0.0392767, , , , , , , , , , , , , , , , , , , , , , , , , , , , 
11.7792692, 0.0605936, , , , , , , 11.7792692, 0.0104067, , , , , , , 11.7792692, -0.1408255, , , , , , , 11.7792692, -0.0387732, , , , , , , , , , , , , , , , , , , , , , , , , , , , 
11.7797885, 0.0696574, , , , , , , 11.7797885, -0.0441444, , , , , , , 11.7797885, -0.1230335, , , , , , , 11.7797885, -0.0332341, , , , , , , , , , , , , , , , , , , , , , , , , , , , 
11.7803077, 0.0679789, , , , , , , 11.7803077, -0.0733501, , , , , , , 11.7803077, -0.0983597, , , , , , , 11.7803077, -0.0253452, , , , , , , , , , , , , , , , , , , , , , , , , , , , 
11.7808269, 0.0565652, , , , , , , 11.7808269, -0.0626078, , , , , , , 11.7808269, -0.0730144, , , , , , , 11.7808269, -0.0125887, , , , , , , , , , , , , , , , , , , , , , , , , , , , 
11.7813462, 0.0464942, , , , , , , 11.7813462, -0.0397803, , , , , , , 11.7813462, -0.0508583, , , , , , , 11.7813462, 0.0048676, , , , , , , , , , , , , , , , , , , , , , , , , , , , 
11.7818654, 0.0374304, , , , , , , 11.7818654, 0.002182, , , , , , , 11.7818654, -0.0357519, , , , , , , 11.7818654, 0.0216526, , , , , , , , , , , , , , , , , , , , , , , , , , , , 
11.7823846, 0.0280308, , , , , , , 11.7823846, 0.0760357, , , , , , , 11.7823846, -0.0303807, , , , , , , 11.7823846, 0.0357519, , , , , , , , , , , , , , , , , , , , , , , , , , , , 
11.7829038, 0.0164492, , , , , , , 11.7829038, 0.1555962, , , , , , , 11.7829038, -0.0397803, , , , , , , 11.7829038, 0.0493477, , , , , , , , , , , , , , , , , , , , , , , , , , , , 
11.7834231, 0.0052033, , , , , , , 11.7834231, 0.2442206, , , , , , , 11.7834231, -0.0552224, , , , , , , 11.7834231, 0.068986, , , , , , , , , , , , , , , , , , , , , , , , , , , , 
11.7839423, -0.0048676, , , , , , , 11.7839423, 0.3214313, , , , , , , 11.7839423, -0.0636149, , , , , , , 11.7839423, 0.0884565, , , , , , , , , , , , , , , , , , , , , , , , , , , , 
11.7844615, -0.0159457, , , , , , , 11.7844615, 0.3294881, , , , , , , 11.7844615, -0.0609293, , , , , , , 11.7844615, 0.1005417, , , , , , , , , , , , , , , , , , , , , , , , , , , , 
11.7849808, -0.0250095, , , , , , , 11.7849808, 0.2594949, , , , , , , 11.7849808, -0.0522011, , , , , , , 11.7849808, 0.1059129, , , , , , , , , , , , , , , , , , , , , , , , , , , , 
11.7855, -0.0315557, , , , , , , 11.7855, 0.1572747, , , , , , , 11.7855, -0.0384375, , , , , , , 11.7855, 0.1089342, , , , , , , , , , , , , , , , , , , , , , , , , , , , 
11.7860192, -0.0323949, , , , , , , 11.7860192, 0.0951705, , , , , , , 11.7860192, -0.0226596, , , , , , , 11.7860192, 0.1052415, , , , , , , , , , , , , , , , , , , , , , , , , , , , 
11.7865385, -0.023331, , , , , , , 11.7865385, 0.0958419, , , , , , , 11.7865385, -0.0137636, , , , , , , 11.7865385, 0.0936599, , , , , , , , , , , , , , , , , , , , , , , , , , , , 
11.7870577, -0.0062104, , , , , , , 11.7870577, 0.0713359, , , , , , , 11.7870577, -0.0095674, , , , , , , 11.7870577, 0.0777142, , , , , , , , , , , , , , , , , , , , , , , , , , , , 
11.7875769, 0.0085603, , , , , , , 11.7875769, -0.0129244, , , , , , , 11.7875769, -0.0018463, , , , , , , 11.7875769, 0.0599222, , , , , , , , , , , , , , , , , , , , , , , , , , , , 
11.7880962, 0.0152743, , , , , , , 11.7880962, -0.0903029, , , , , , , 11.7880962, 0.0062104, , , , , , , 11.7880962, 0.0428016, , , , , , , , , , , , , , , , , , , , , , , , , , , , 
11.7886154, 0.0135958, , , , , , , 11.7886154, -0.1263905, , , , , , , 11.7886154, 0.0182956, , , , , , , 11.7886154, 0.0287022, , , , , , , , , , , , , , , , , , , , , , , , , , , , 
11.7891346, 0.0093996, , , , , , , 11.7891346, -0.1606317, , , , , , , 11.7891346, 0.0386053, , , , , , , 11.7891346, 0.0166171, , , , , , , , , , , , , , , , , , , , , , , , , , , , 
11.7896538, 0.0082246, , , , , , , 11.7896538, -0.2109865, , , , , , , 11.7896538, 0.0607614, , , , , , , 11.7896538, 0.0097353, , , , , , , , , , , , , , , , , , , , , , , , , , , , 
11.7901731, 0.010071, , , , , , , 11.7901731, -0.2398566, , , , , , , 11.7901731, 0.0710002, , , , , , , 11.7901731, 0.0048676, , , , , , , , , , , , , , , , , , , , , , , , , , , , 
11.7906923, 0.0146029, , , , , , , 11.7906923, -0.2180362, , , , , , , 11.7906923, 0.0673075, , , , , , , 11.7906923, 0.0011749, , , , , , , , , , , , , , , , , , , , , , , , , , , , 
11.7912115, 0.0209812, , , , , , , 11.7912115, -0.1468681, , , , , , , 11.7912115, 0.0632792, , , , , , , 11.7912115, -0.0015106, , , , , , , , , , , , , , , , , , , , , , , , , , , , 
11.7917308, 0.0256809, , , , , , , 11.7917308, -0.0558938, , , , , , , 11.7917308, 0.0641184, , , , , , , 11.7917308, -0.0038605, , , , , , , , , , , , , , , , , , , , , , , , , , , , 
11.79225, 0.0293736, , , , , , , 11.79225, -0.0196384, , , , , , , 11.79225, 0.0614328, , , , , , , 11.79225, -0.0030213, , , , , , , , , , , , , , , , , , , , , , , , , , , , 
11.7927692, 0.0313878, , , , , , , 11.7927692, -0.0384375, , , , , , , 11.7927692, 0.0542153, , , , , , , 11.7927692, -0.002182, , , , , , , , , , , , , , , , , , , , , , , , , , , , 
11.7932885, 0.030045, , , , , , , 11.7932885, -0.0537118, , , , , , , 11.7932885, 0.0480049, , , , , , , 11.7932885, -0.002182, , , , , , , , , , , , , , , , , , , , , , , , , , , , 
11.7938077, 0.0236667, , , , , , , 11.7938077, -0.0663005, , , , , , , 11.7938077, 0.0394446, , , , , , , 11.7938077, -0.002182, , , , , , , , , , , , , , , , , , , , , , , , , , , , 
11.7943269, 0.0226596, , , , , , , 11.7943269, -0.0827497, , , , , , , 11.7943269, 0.0209812, , , , , , , 11.7943269, -0.0028534, , , , , , , , , , , , , , , , , , , , , , , , , , , , 
11.7948462, 0.0213169, , , , , , , 11.7948462, -0.0767071, , , , , , , 11.7948462, -0.0060426, , , , , , , 11.7948462, -0.0082246, , , , , , , , , , , , , , , , , , , , , , , , , , , , 
11.7953654, 0.0119173, , , , , , , 11.7953654, -0.0565652, , , , , , , 11.7953654, -0.0337377, , , , , , , 11.7953654, -0.0159457, , , , , , , , , , , , , , , , , , , , , , , , , , , , 
11.7958846, 0.0025177, , , , , , , 11.7958846, -0.0381018, , , , , , , 11.7958846, -0.0532082, , , , , , , 11.7958846, -0.0209812, , , , , , , , , , , , , , , , , , , , , , , , , , , , 
11.7964038, -0.0010071, , , , , , , 11.7964038, -0.0102388, , , , , , , 11.7964038, -0.0632792, , , , , , , 11.7964038, -0.0253452, , , , , , , , , , , , , , , , , , , , , , , , , , , , 
11.7969231, 0.0065461, , , , , , , 11.7969231, 0.0283665, , , , , , , 11.7969231, -0.0699931, , , , , , , 11.7969231, -0.0310521, , , , , , , , , , , , , , , , , , , , , , , , , , , , 
11.7974423, 0.0213169, , , , , , , 11.7974423, 0.0421302, , , , , , , 11.7974423, -0.0746929, , , , , , , 11.7974423, -0.0391089, , , , , , , , , , , , , , , , , , , , , , , , , , , , 
11.7979615, 0.0317235, , , , , , , 11.7979615, 0.0320592, , , , , , , 11.7979615, -0.0740215, , , , , , , 11.7979615, -0.0471656, , , , , , , , , , , , , , , , , , , , , , , , , , , , 
11.7984808, 0.0364233, , , , , , , 11.7984808, 0.0253452, , , , , , , 11.7984808, -0.066804, , , , , , , 11.7984808, -0.0513619, , , , , , , , , , , , , , , , , , , , , , , , , , , , 
11.799, 0.0407874, , , , , , , 11.799, 0.0199741, , , , , , , 11.799, -0.0552224, , , , , , , 11.799, -0.0518654, , , , , , , , , , , , , , , , , , , , , , , , , , , , 
11.7995192, 0.0409552, , , , , , , 11.7995192, -0.0005035, , , , , , , 11.7995192, -0.0320592, , , , , , , 11.7995192, -0.0486763, , , , , , , , , , , , , , , , , , , , , , , , , , , , 
11.8000385, 0.0374304, , , , , , , 11.8000385, -0.0287022, , , , , , , 11.8000385, -0.012253, , , , , , , 11.8000385, -0.0458228, , , , , , , , , , , , , , , , , , , , , , , , , , , , 
11.8005577, 0.0307164, , , , , , , 11.8005577, -0.0471656, , , , , , , 11.8005577, -0.0219883, , , , , , , 11.8005577, -0.04448, , , , , , , , , , , , , , , , , , , , , , , , , , , , 
11.8010769, 0.0198062, , , , , , , 11.8010769, -0.0344091, , , , , , , 11.8010769, -0.0397803, , , , , , , 11.8010769, -0.0345769, , , , , , , , , , , , , , , , , , , , , , , , , , , , 
11.8015962, 0.0119173, , , , , , , 11.8015962, 0.0031891, , , , , , , 11.8015962, -0.043473, , , , , , , 11.8015962, -0.0176242, , , , , , , , , , , , , , , , , , , , , , , , , , , , 
11.8021154, 0.0058747, , , , , , , 11.8021154, 0.0011749, , , , , , , 11.8021154, -0.0350805, , , , , , , 11.8021154, 0.0028534, , , , , , , , , , , , , , , , , , , , , , , , , , , , 
11.8026346, -0.0083925, , , , , , , 11.8026346, -0.0391089, , , , , , , 11.8026346, -0.0240024, , , , , , , 11.8026346, 0.0234989, , , , , , , , , , , , , , , , , , , , , , , , , , , , 
11.8031538, -0.0292058, , , , , , , 11.8031538, -0.0656291, , , , , , , 11.8031538, -0.0085603, , , , , , , 11.8031538, 0.0407874, , , , , , , , , , , , , , , , , , , , , , , , , , , , 
11.8036731, -0.0439765, , , , , , , 11.8036731, -0.0458228, , , , , , , 11.8036731, 0.0125887, , , , , , , 11.8036731, 0.0542153, , , , , , , , , , , , , , , , , , , , , , , , , , , , 
11.8041923, -0.0468299, , , , , , , 11.8041923, -0.0058747, , , , , , , 11.8041923, 0.0297093, , , , , , , 11.8041923, 0.0636149, , , , , , , , , , , , , , , , , , , , , , , , , , , , 
11.8047115, -0.0424659, , , , , , , 11.8047115, 0.0035248, , , , , , , 11.8047115, 0.0347448, , , , , , , 11.8047115, 0.0693217, , , , , , , , , , , , , , , , , , , , , , , , , , , , 
11.8052308, -0.0377661, , , , , , , 11.8052308, -0.026688, , , , , , , 11.8052308, 0.0280308, , , , , , , 11.8052308, 0.072343, , , , , , , , , , , , , , , , , , , , , , , , , , , , 
11.80575, -0.0377661, , , , , , , 11.80575, -0.0528725, , , , , , , 11.80575, 0.0152743, , , , , , , 11.80575, 0.0713359, , , , , , , , , , , , , , , , , , , , , , , , , , , , 
11.8062692, -0.0438087, , , , , , , 11.8062692, -0.0394446, , , , , , , 11.8062692, 0.0063783, , , , , , , 11.8062692, 0.0683146, , , , , , , , , , , , , , , , , , , , , , , , , , , , 
11.8067885, -0.0441444, , , , , , , 11.8067885, 0.0048676, , , , , , , 11.8067885, 0.0008392, , , , , , , 11.8067885, 0.057908, , , , , , , , , , , , , , , , , , , , , , , , , , , , 
11.8073077, -0.0344091, , , , , , , 11.8073077, 0.0370947, , , , , , , 11.8073077, -0.0018463, , , , , , , 11.8073077, 0.0384375, , , , , , , , , , , , , , , , , , , , , , , , , , , , 
11.8078269, -0.0179599, , , , , , , 11.8078269, 0.0441444, , , , , , , 11.8078269, -0.0041962, , , , , , , 11.8078269, 0.0166171, , , , , , , , , , , , , , , , , , , , , , , , , , , , 
11.8083462, -0.008896, , , , , , , 11.8083462, 0.0461585, , , , , , , 11.8083462, -0.0062104, , , , , , , 11.8083462, 0.0005035, , , , , , , , , , , , , , , , , , , , , , , , , , , , 
11.8088654, -0.0028534, , , , , , , 11.8088654, 0.0542153, , , , , , , 11.8088654, -0.0075532, , , , , , , 11.8088654, -0.0057069, , , , , , , , , , , , , , , , , , , , , , , , , , , , 
11.8093846, 0.0063783, , , , , , , 11.8093846, 0.056733, , , , , , , 11.8093846, -0.0015106, , , , , , , 11.8093846, -0.005539, , , , , , , , , , , , , , , , , , , , , , , , , , , , 
11.8099038, 0.0159457, , , , , , , 11.8099038, 0.0480049, , , , , , , 11.8099038, 0.0293736, , , , , , , 11.8099038, -0.0043641, , , , , , , , , , , , , , , , , , , , , , , , , , , , 
11.8104231, 0.0260166, , , , , , , 11.8104231, 0.0397803, , , , , , , 11.8104231, 0.0666361, , , , , , , 11.8104231, -0.005539, , , , , , , , , , , , , , , , , , , , , , , , , , , , 
11.8109423, 0.0332341, , , , , , , 11.8109423, 0.0582437, , , , , , , 11.8109423, 0.076875, , , , , , , 11.8109423, -0.0041962, , , , , , , , , , , , , , , , , , , , , , , , , , , , 
11.8114615, 0.0374304, , , , , , , 11.8114615, 0.0950027, , , , , , , 11.8114615, 0.0605936, , , , , , , 11.8114615, 0.0025177, , , , , , , , , , , , , , , , , , , , , , , , , , , , 
11.8119808, 0.040116, , , , , , , 11.8119808, 0.1233692, , , , , , , 11.8119808, 0.0347448, , , , , , , 11.8119808, 0.0109102, , , , , , , , , , , , , , , , , , , , , , , , , , , , 
11.8125, 0.0421302, , , , , , , 11.8125, 0.131426, , , , , , , 11.8125, 0.0057069, , , , , , , 11.8125, 0.0149386, , , , , , , , , , , , , , , , , , , , , , , , , , , , 
11.8130192, 0.0428016, , , , , , , 11.8130192, 0.1230335, , , , , , , 11.8130192, -0.0176242, , , , , , , 11.8130192, 0.0124208, , , , , , , , , , , , , , , , , , , , , , , , , , , , 
11.8135385, 0.0381018, , , , , , , 11.8135385, 0.1085985, , , , , , , 11.8135385, -0.0330663, , , , , , , 11.8135385, 0.0082246, , , , , , , , , , , , , , , , , , , , , , , , , , , , 
11.8140577, 0.0327306, , , , , , , 11.8140577, 0.0797284, , , , , , , 11.8140577, -0.0461585, , , , , , , 11.8140577, 0.0048676, , , , , , , , , , , , , , , , , , , , , , , , , , , , 
11.8145769, 0.0303807, , , , , , , 11.8145769, 0.0525368, , , , , , , 11.8145769, -0.061265, , , , , , , 11.8145769, 0.0025177, , , , , , , , , , , , , , , , , , , , , , , , , , , , 
11.8150962, 0.03122, , , , , , , 11.8150962, 0.0439765, , , , , , , 11.8150962, -0.0730144, , , , , , , 11.8150962, 0.0025177, , , , , , , , , , , , , , , , , , , , , , , , , , , , 
11.8156154, 0.0307164, , , , , , , 11.8156154, 0.030045, , , , , , , 11.8156154, -0.0733501, , , , , , , 11.8156154, 0.0008392, , , , , , , , , , , , , , , , , , , , , , , , , , , , 
11.8161346, 0.0307164, , , , , , , 11.8161346, -0.0109102, , , , , , , 11.8161346, -0.0619364, , , , , , , 11.8161346, -0.0031891, , , , , , , , , , , , , , , , , , , , , , , , , , , , 
11.8166538, 0.0330663, , , , , , , 11.8166538, -0.0849317, , , , , , , 11.8166538, -0.0446479, , , , , , , 11.8166538, -0.0102388, , , , , , , , , , , , , , , , , , , , , , , , , , , , 
11.8171731, 0.0360876, , , , , , , 11.8171731, -0.1320974, , , , , , , 11.8171731, -0.0307164, , , , , , , 11.8171731, -0.0209812, , , , , , , , , , , , , , , , , , , , , , , , , , , , 
11.8176923, 0.0438087, , , , , , , 11.8176923, -0.0955062, , , , , , , 11.8176923, -0.0176242, , , , , , , 11.8176923, -0.0287022, , , , , , , , , , , , , , , , , , , , , , , , , , , , 
11.8182115, 0.0506905, , , , , , , 11.8182115, -0.043473, , , , , , , 11.8182115, -0.0072175, , , , , , , 11.8182115, -0.0240024, , , , , , , , , , , , , , , , , , , , , , , , , , , , 
11.8187308, 0.0518654, , , , , , , 11.8187308, -0.0518654, , , , , , , 11.8187308, -0.0018463, , , , , , , 11.8187308, -0.0135958, , , , , , , , , , , , , , , , , , , , , , , , , , , , 
11.81925, 0.047837, , , , , , , 11.81925, -0.0914778, , , , , , , 11.81925, 0.0065461, , , , , , , 11.81925, -0.0058747, , , , , , , , , , , , , , , , , , , , , , , , , , , , 
11.8197692, 0.0433051, , , , , , , 11.8197692, -0.0951705, , , , , , , 11.8197692, 0.0206455, , , , , , , 11.8197692, -0.0018463, , , , , , , , , , , , , , , , , , , , , , , , , , , , 
11.8202885, 0.0414588, , , , , , , 11.8202885, -0.0605936, , , , , , , 11.8202885, 0.0360876, , , , , , , 11.8202885, 0.0025177, , , , , , , , , , , , , , , , , , , , , , , , , , , , 
11.8208077, 0.0364233, , , , , , , 11.8208077, -0.0365911, , , , , , , 11.8208077, 0.0454871, , , , , , , 11.8208077, 0.0129244, , , , , , , , , , , , , , , , , , , , , , , , , , , , 
11.8213269, 0.0287022, , , , , , , 11.8213269, -0.0270237, , , , , , , 11.8213269, 0.0391089, , , , , , , 11.8213269, 0.023331, , , , , , , , , , , , , , , , , , , , , , , , , , , , 
11.8218462, 0.0253452, , , , , , , 11.8218462, -0.0149386, , , , , , , 11.8218462, 0.0142672, , , , , , , 11.8218462, 0.0260166, , , , , , , , , , , , , , , , , , , , , , , , , , , , 
11.8223654, 0.0243381, , , , , , , 11.8223654, -0.0152743, , , , , , , 11.8223654, -0.0135958, , , , , , , 11.8223654, 0.0260166, , , , , , , , , , , , , , , , , , , , , , , , , , , , 
11.8228846, 0.0179599, , , , , , , 11.8228846, -0.0256809, , , , , , , 11.8228846, -0.0328985, , , , , , , 11.8228846, 0.030045, , , , , , , , , , , , , , , , , , , , , , , , , , , , 
11.8234038, 0.0068818, , , , , , , 11.8234038, -0.0229953, , , , , , , 11.8234038, -0.0352483, , , , , , , 11.8234038, 0.0374304, , , , , , , , , , , , , , , , , , , , , , , , , , , , 
11.8239231, -0.003357, , , , , , , 11.8239231, -0.0129244, , , , , , , 11.8239231, -0.0213169, , , , , , , 11.8239231, 0.0466621, , , , , , , , , , , , , , , , , , , , , , , , , , , , 
11.8244423, -0.0112459, , , , , , , 11.8244423, -0.0229953, , , , , , , 11.8244423, -0.0082246, , , , , , , 11.8244423, 0.0555581, , , , , , , , , , , , , , , , , , , , , , , , , , , , 
11.8249615, -0.0142672, , , , , , , 11.8249615, -0.0454871, , , , , , , 11.8249615, -0.0048676, , , , , , , 11.8249615, 0.0619364, , , , , , , , , , , , , , , , , , , , , , , , , , , , 
11.8254808, -0.0135958, , , , , , , 11.8254808, -0.0642863, , , , , , , 11.8254808, -0.0068818, , , , , , , 11.8254808, 0.0629435, , , , , , , , , , , , , , , , , , , , , , , , , , , , 
11.826, -0.0142672, , , , , , , 11.826, -0.0773785, , , , , , , 11.826, -0.0130922, , , , , , , 11.826, 0.0654612, , , , , , , , , , , , , , , , , , , , , , , , , , , , 
11.8265192, -0.0171206, , , , , , , 11.8265192, -0.0834211, , , , , , , 11.8265192, -0.0287022, , , , , , , 11.8265192, 0.0696574, , , , , , , , , , , , , , , , , , , , , , , , , , , , 
11.8270385, -0.0142672, , , , , , , 11.8270385, -0.0871138, , , , , , , 11.8270385, -0.0397803, , , , , , , 11.8270385, 0.0642863, , , , , , , , , , , , , , , , , , , , , , , , , , , , 
11.8275577, -0.002182, , , , , , , 11.8275577, -0.0948348, , , , , , , 11.8275577, -0.0305486, , , , , , , 11.8275577, 0.043473, , , , , , , , , , , , , , , , , , , , , , , , , , , , 
11.8280769, 0.0097353, , , , , , , 11.8280769, -0.0988632, , , , , , , 11.8280769, -0.0052033, , , , , , , 11.8280769, 0.0206455, , , , , , , , , , , , , , , , , , , , , , , , , , , , 
11.8285962, 0.01561, , , , , , , 11.8285962, -0.064622, , , , , , , 11.8285962, 0.0169528, , , , , , , 11.8285962, 0.0062104, , , , , , , , , , , , , , , , , , , , , , , , , , , , 
11.8291154, 0.0179599, , , , , , , 11.8291154, 0.0038605, , , , , , , 11.8291154, 0.0290379, , , , , , , 11.8291154, -0.0023499, , , , , , , , , , , , , , , , , , , , , , , , , , , , 
11.8296346, 0.0199741, , , , , , , 11.8296346, 0.0340734, , , , , , , 11.8296346, 0.0340734, , , , , , , 11.8296346, -0.0095674, , , , , , , , , , , , , , , , , , , , , , , , , , , , 
11.8301538, 0.0186313, , , , , , , 11.8301538, 0.0078889, , , , , , , 11.8301538, 0.030045, , , , , , , 11.8301538, -0.0146029, , , , , , , , , , , , , , , , , , , , , , , , , , , , 
11.8306731, 0.0142672, , , , , , , 11.8306731, -0.0176242, , , , , , , 11.8306731, 0.0206455, , , , , , , 11.8306731, -0.0181277, , , , , , , , , , , , , , , , , , , , , , , , , , , , 
11.8311923, 0.0112459, , , , , , , 11.8311923, -0.0048676, , , , , , , 11.8311923, 0.0085603, , , , , , , 11.8311923, -0.0193027, , , , , , , , , , , , , , , , , , , , , , , , , , , , 
11.8317115, 0.0092317, , , , , , , 11.8317115, 0.0280308, , , , , , , 11.8317115, -0.0102388, , , , , , , 11.8317115, -0.0176242, , , , , , , , , , , , , , , , , , , , , , , , , , , , 
11.8322308, 0.0099031, , , , , , , 11.8322308, 0.0505226, , , , , , , 11.8322308, -0.0313878, , , , , , , 11.8322308, -0.01561, , , , , , , , , , , , , , , , , , , , , , , , , , , , 
11.83275, 0.0146029, , , , , , , 11.83275, 0.0572366, , , , , , , 11.83275, -0.0458228, , , , , , , 11.83275, -0.0149386, , , , , , , , , , , , , , , , , , , , , , , , , , , , 
11.8332692, 0.0240024, , , , , , , 11.8332692, 0.0542153, , , , , , , 11.8332692, -0.0525368, , , , , , , 11.8332692, -0.012253, , , , , , , , , , , , , , , , , , , , , , , , , , , , 
11.8337885, 0.0374304, , , , , , , 11.8337885, 0.0421302, , , , , , , 11.8337885, -0.0525368, , , , , , , 11.8337885, -0.0068818, , , , , , , , , , , , , , , , , , , , , , , , , , , , 
11.8343077, 0.0421302, , , , , , , 11.8343077, 0.0283665, , , , , , , 11.8343077, -0.047837, , , , , , , 11.8343077, 0.002182, , , , , , , , , , , , , , , , , , , , , , , , , , , , 
11.8348269, 0.0419623, , , , , , , 11.8348269, 0.0236667, , , , , , , 11.8348269, -0.0392767, , , , , , , 11.8348269, 0.0135958, , , , , , , , , , , , , , , , , , , , , , , , , , , , 
11.8353462, 0.0441444, , , , , , , 11.8353462, 0.0171206, , , , , , , 11.8353462, -0.0285344, , , , , , , 11.8353462, 0.0229953, , , , , , , , , , , , , , , , , , , , , , , , , , , , 
11.8358654, 0.0535439, , , , , , , 11.8358654, 0.0102388, , , , , , , 11.8358654, -0.0196384, , , , , , , 11.8358654, 0.0305486, , , , , , , , , , , , , , , , , , , , , , , , , , , , 
11.8363846, 0.0649577, , , , , , , 11.8363846, 0.0132601, , , , , , , 11.8363846, -0.0152743, , , , , , , 11.8363846, 0.0345769, , , , , , , , , , , , , , , , , , , , , , , , , , , , 
11.8369038, 0.0666361, , , , , , , 11.8369038, 0.0164492, , , , , , , 11.8369038, -0.0125887, , , , , , , 11.8369038, 0.0287022, , , , , , , , , , , , , , , , , , , , , , , , , , , , 
11.8374231, 0.0562295, , , , , , , 11.8374231, 0.0169528, , , , , , , 11.8374231, -0.0068818, , , , , , , 11.8374231, 0.0139315, , , , , , , , , , , , , , , , , , , , , , , , , , , , 
11.8379423, 0.0439765, , , , , , , 11.8379423, 0.0292058, , , , , , , 11.8379423, 0.0001678, , , , , , , 11.8379423, 0.0030213, , , , , , , , , , , , , , , , , , , , , , , , , , , , 
11.8384615, 0.0357519, , , , , , , 11.8384615, 0.0397803, , , , , , , 11.8384615, 0.0045319, , , , , , , 11.8384615, 0.0001678, , , , , , , , , , , , , , , , , , , , , , , , , , , , 
11.8389808, 0.0344091, , , , , , , 11.8389808, 0.040116, , , , , , , 11.8389808, 0.0058747, , , , , , , 11.8389808, 0.0008392, , , , , , , , , , , , , , , , , , , , , , , , , , , , 
11.8395, 0.040116, , , , , , , 11.8395, 0.0411231, , , , , , , 11.8395, 0.0028534, , , , , , , 11.8395, 0.0038605, , , , , , , , , , , , , , , , , , , , , , , , , , , , 
11.8400192, 0.0433051, , , , , , , 11.8400192, 0.0493477, , , , , , , 11.8400192, -0.0062104, , , , , , , 11.8400192, 0.0065461, , , , , , , , , , , , , , , , , , , , , , , , , , , , 
11.8405385, 0.0406195, , , , , , , 11.8405385, 0.0652934, , , , , , , 11.8405385, -0.0151064, , , , , , , 11.8405385, 0.0112459, , , , , , , , , , , , , , , , , , , , , , , , , , , , 
11.8410577, 0.0387732, , , , , , , 11.8410577, 0.0810712, , , , , , , 11.8410577, -0.0135958, , , , , , , 11.8410577, 0.0186313, , , , , , , , , , , , , , , , , , , , , , , , , , , , 
11.8415769, 0.0352483, , , , , , , 11.8415769, 0.0844282, , , , , , , 11.8415769, -0.0031891, , , , , , , 11.8415769, 0.0240024, , , , , , , , , , , , , , , , , , , , , , , , , , , , 
11.8420962, 0.0280308, , , , , , , 11.8420962, 0.0683146, , , , , , , 11.8420962, 0.0063783, , , , , , , 11.8420962, 0.0256809, , , , , , , , , , , , , , , , , , , , , , , , , , , , 
11.8426154, 0.0186313, , , , , , , 11.8426154, 0.0310521, , , , , , , 11.8426154, 0.0078889, , , , , , , 11.8426154, 0.0270237, , , , , , , , , , , , , , , , , , , , , , , , , , , , 
11.8431346, 0.0065461, , , , , , , 11.8431346, -0.0078889, , , , , , , 11.8431346, 0.0048676, , , , , , , 11.8431346, 0.03122, , , , , , , , , , , , , , , , , , , , , , , , , , , , 
11.8436538, -0.0070497, , , , , , , 11.8436538, -0.0246738, , , , , , , 11.8436538, 0.0082246, , , , , , , 11.8436538, 0.0357519, , , , , , , , , , , , , , , , , , , , , , , , , , , , 
11.8441731, -0.0193027, , , , , , , 11.8441731, -0.0515297, , , , , , , 11.8441731, 0.0194705, , , , , , , 11.8441731, 0.036759, , , , , , , , , , , , , , , , , , , , , , , , , , , , 
11.8446923, -0.0337377, , , , , , , 11.8446923, -0.0840925, , , , , , , 11.8446923, 0.0293736, , , , , , , 11.8446923, 0.0381018, , , , , , , , , , , , , , , , , , , , , , , , , , , , 
11.8452115, -0.0448157, , , , , , , 11.8452115, -0.0877852, , , , , , , 11.8452115, 0.0340734, , , , , , , 11.8452115, 0.0406195, , , , , , , , , , , , , , , , , , , , , , , , , , , , 
11.8457308, -0.0498512, , , , , , , 11.8457308, -0.0387732, , , , , , , 11.8457308, 0.0360876, , , , , , , 11.8457308, 0.0394446, , , , , , , , , , , , , , , , , , , , , , , , , , , , 
11.84625, -0.047837, , , , , , , 11.84625, 0.0162814, , , , , , , 11.84625, 0.0372625, , , , , , , 11.84625, 0.0340734, , , , , , , , , , , , , , , , , , , , , , , , , , , , 
11.8467692, -0.0431373, , , , , , , 11.8467692, 0.0132601, , , , , , , 11.8467692, 0.0337377, , , , , , , 11.8467692, 0.0270237, , , , , , , , , , , , , , , , , , , , , , , , , , , , 
11.8472885, -0.0337377, , , , , , , 11.8472885, -0.0196384, , , , , , , 11.8472885, 0.0313878, , , , , , , 11.8472885, 0.0139315, , , , , , , , , , , , , , , , , , , , , , , , , , , , 
11.8478077, -0.0243381, , , , , , , 11.8478077, -0.0008392, , , , , , , 11.8478077, 0.0379339, , , , , , , 11.8478077, -0.0018463, , , , , , , , , , , , , , , , , , , , , , , , , , , , 
11.8483269, -0.0130922, , , , , , , 11.8483269, 0.0495155, , , , , , , 11.8483269, 0.0411231, , , , , , , 11.8483269, -0.0137636, , , , , , , , , , , , , , , , , , , , , , , , , , , , 
11.8488462, -0.0001678, , , , , , , 11.8488462, 0.0506905, , , , , , , 11.8488462, 0.0325628, , , , , , , 11.8488462, -0.0216526, , , , , , , , , , , , , , , , , , , , , , , , , , , , 
11.8493654, 0.0077211, , , , , , , 11.8493654, 0.0036927, , , , , , , 11.8493654, 0.0204776, , , , , , , 11.8493654, -0.0250095, , , , , , , , , , , , , , , , , , , , , , , , , , , , 
11.8498846, 0.0172885, , , , , , , 11.8498846, 0.0124208, , , , , , , 11.8498846, 0.023331, , , , , , , 11.8498846, -0.0253452, , , , , , , , , , , , , , , , , , , , , , , , , , , , 
11.8504038, 0.0240024, , , , , , , 11.8504038, 0.0592508, , , , , , , 11.8504038, 0.0347448, , , , , , , 11.8504038, -0.0253452, , , , , , , , , , , , , , , , , , , , , , , , , , , , 
11.8509231, 0.0186313, , , , , , , 11.8509231, 0.04448, , , , , , , 11.8509231, 0.0407874, , , , , , , 11.8509231, -0.0226596, , , , , , , , , , , , , , , , , , , , , , , , , , , , 
11.8514423, 0.0075532, , , , , , , 11.8514423, -0.023331, , , , , , , 11.8514423, 0.0357519, , , , , , , 11.8514423, -0.0182956, , , , , , , , , , , , , , , , , , , , , , , , , , , , 
11.8519615, 0.0005035, , , , , , , 11.8519615, -0.1104448, , , , , , , 11.8519615, 0.0236667, , , , , , , 11.8519615, -0.0139315, , , , , , , , , , , , , , , , , , , , , , , , , , , , 
11.8524808, 0.0005035, , , , , , , 11.8524808, -0.202594, , , , , , , 11.8524808, 0.0038605, , , , , , , 11.8524808, -0.0068818, , , , , , , , , , , , , , , , , , , , , , , , , , , , 
11.853, 0.0015106, , , , , , , 11.853, -0.2574807, , , , , , , 11.853, -0.0256809, , , , , , , 11.853, 0.0018463, , , , , , , , , , , , , , , , , , , , , , , , , , , , 
11.8535192, 0.0025177, , , , , , , 11.8535192, -0.2314641, , , , , , , 11.8535192, -0.0585794, , , , , , , 11.8535192, 0.0104067, , , , , , , , , , , , , , , , , , , , , , , , , , , , 
11.8540385, 0.0058747, , , , , , , 11.8540385, -0.1381399, , , , , , , 11.8540385, -0.0699931, , , , , , , 11.8540385, 0.01561, , , , , , , , , , , , , , , , , , , , , , , , , , , , 
11.8545577, 0.005539, , , , , , , 11.8545577, -0.0632792, , , , , , , 11.8545577, -0.0560616, , , , , , , 11.8545577, 0.0139315, , , , , , , , , , , , , , , , , , , , , , , , , , , , 
11.8550769, 0.0048676, , , , , , , 11.8550769, -0.0532082, , , , , , , 11.8550769, -0.0506905, , , , , , , 11.8550769, 0.0082246, , , , , , , , , , , , , , , , , , , , , , , , , , , , 
11.8555962, 0.0038605, , , , , , , 11.8555962, -0.0995346, , , , , , , 11.8555962, -0.0679789, , , , , , , 11.8555962, 0.0005035, , , , , , , , , , , , , , , , , , , , , , , , , , , , 
11.8561154, 0.0018463, , , , , , , 11.8561154, -0.1631495, , , , , , , 11.8561154, -0.0847639, , , , , , , 11.8561154, -0.0068818, , , , , , , , , , , , , , , , , , , , , , , , , , , , 
11.8566346, 0.0025177, , , , , , , 11.8566346, -0.2022583, , , , , , , 11.8566346, -0.0881209, , , , , , , 11.8566346, -0.0149386, , , , , , , , , , , , , , , , , , , , , , , , , , , , 
11.8571538, 0.0092317, , , , , , , 11.8571538, -0.1774166, , , , , , , 11.8571538, -0.0963455, , , , , , , 11.8571538, -0.0219883, , , , , , , , , , , , , , , , , , , , , , , , , , , , 
11.8576731, 0.0193027, , , , , , , 11.8576731, -0.0820783, , , , , , , 11.8576731, -0.1149767, , , , , , , 11.8576731, -0.0260166, , , , , , , , , , , , , , , , , , , , , , , , , , , , 
11.8581923, 0.0224918, , , , , , , 11.8581923, -0.0045319, , , , , , , 11.8581923, -0.115816, , , , , , , 11.8581923, -0.0263523, , , , , , , , , , , , , , , , , , , , , , , , , , , , 
11.8587115, 0.0219883, , , , , , , 11.8587115, -0.0065461, , , , , , , 11.8587115, -0.0911421, , , , , , , 11.8587115, -0.0256809, , , , , , , , , , , , , , , , , , , , , , , , , , , , 
11.8592308, 0.0206455, , , , , , , 11.8592308, 0.0099031, , , , , , , 11.8592308, -0.0686503, , , , , , , 11.8592308, -0.0218204, , , , , , , , , , , , , , , , , , , , , , , , , , , , 
11.85975, 0.0172885, , , , , , , 11.85975, 0.0921492, , , , , , , 11.85975, -0.0654612, , , , , , , 11.85975, -0.014435, , , , , , , , , , , , , , , , , , , , , , , , , , , , 
11.8602692, 0.0182956, , , , , , , 11.8602692, 0.1789273, , , , , , , 11.8602692, -0.0552224, , , , , , , 11.8602692, -0.0038605, , , , , , , , , , , , , , , , , , , , , , , , , , , , 
11.8607885, 0.0240024, , , , , , , 11.8607885, 0.2146792, , , , , , , 11.8607885, -0.0253452, , , , , , , 11.8607885, 0.0092317, , , , , , , , , , , , , , , , , , , , , , , , , , , , 
11.8613077, 0.0250095, , , , , , , 11.8613077, 0.1522393, , , , , , , 11.8613077, 0.0018463, , , , , , , 11.8613077, 0.0209812, , , , , , , , , , , , , , , , , , , , , , , , , , , , 
11.8618269, 0.0216526, , , , , , , 11.8618269, 0.0381018, , , , , , , 11.8618269, 0.0198062, , , , , , , 11.8618269, 0.0327306, , , , , , , , , , , , , , , , , , , , , , , , , , , , 
11.8623462, 0.0146029, , , , , , , 11.8623462, -0.0018463, , , , , , , 11.8623462, 0.0360876, , , , , , , 11.8623462, 0.0414588, , , , , , , , , , , , , , , , , , , , , , , , , , , , 
11.8628654, 0.0082246, , , , , , , 11.8628654, 0.0327306, , , , , , , 11.8628654, 0.0495155, , , , , , , 11.8628654, 0.0485084, , , , , , , , , , , , , , , , , , , , , , , , , , , , 
11.8633846, -0.0031891, , , , , , , 11.8633846, 0.0602579, , , , , , , 11.8633846, 0.0676432, , , , , , , 11.8633846, 0.0562295, , , , , , , , , , , , , , , , , , , , , , , , , , , , 
11.8639038, -0.0240024, , , , , , , 11.8639038, 0.0280308, , , , , , , 11.8639038, 0.0894636, , , , , , , 11.8639038, 0.0602579, , , , , , , , , , , , , , , , , , , , , , , , , , , , 
11.8644231, -0.0424659, , , , , , , 11.8644231, -0.0360876, , , , , , , 11.8644231, 0.0978561, , , , , , , 11.8644231, 0.0595865, , , , , , , , , , , , , , , , , , , , , , , , , , , , 
11.8649423, -0.0508583, , , , , , , 11.8649423, -0.0809033, , , , , , , 11.8649423, 0.0919814, , , , , , , 11.8649423, 0.0580758, , , , , , , , , , , , , , , , , , , , , , , , , , , , 
11.8654615, -0.0562295, , , , , , , 11.8654615, -0.110277, , , , , , , 11.8654615, 0.0881209, , , , , , , 11.8654615, 0.0587472, , , , , , , , , , , , , , , , , , , , , , , , , , , , 
11.8659808, -0.0619364, , , , , , , 11.8659808, -0.1576104, , , , , , , 11.8659808, 0.0726787, , , , , , , 11.8659808, 0.0609293, , , , , , , , , , , , , , , , , , , , , , , , , , , , 
11.8665, -0.0602579, , , , , , , 11.8665, -0.1858091, , , , , , , 11.8665, 0.0522011, , , , , , , 11.8665, 0.0582437, , , , , , , , , , , , , , , , , , , , , , , , , , , , 
11.8670192, -0.0505226, , , , , , , 11.8670192, -0.152575, , , , , , , 11.8670192, 0.0273594, , , , , , , 11.8670192, 0.0468299, , , , , , , , , , , , , , , , , , , , , , , , , , , , 
11.8675385, -0.0377661, , , , , , , 11.8675385, -0.0941634, , , , , , , 11.8675385, -0.0129244, , , , , , , 11.8675385, 0.0305486, , , , , , , , , , , , , , , , , , , , , , , , , , , , 
11.8680577, -0.0281987, , , , , , , 11.8680577, -0.054551, , , , , , , 11.8680577, -0.0558938, , , , , , , 11.8680577, 0.0159457, , , , , , , , , , , , , , , , , , , , , , , , , , , , 
11.8685769, -0.0146029, , , , , , , 11.8685769, -0.0246738, , , , , , , 11.8685769, -0.0820783, , , , , , , 11.8685769, 0.0078889, , , , , , , , , , , , , , , , , , , , , , , , , , , , 
11.8690962, 0.0048676, , , , , , , 11.8690962, 0.0112459, , , , , , , 11.8690962, -0.0881209, , , , , , , 11.8690962, 0.0052033, , , , , , , , , , , , , , , , , , , , , , , , , , , , 
11.8696154, 0.023331, , , , , , , 11.8696154, 0.0473335, , , , , , , 11.8696154, -0.0847639, , , , , , , 11.8696154, 0.0025177, , , , , , , , , , , , , , , , , , , , , , , , , , , , 
11.8701346, 0.030045, , , , , , , 11.8701346, 0.0652934, , , , , , , 11.8701346, -0.0726787, , , , , , , 11.8701346, -0.0005035, , , , , , , , , , , , , , , , , , , , , , , , , , , , 
11.8706538, 0.0253452, , , , , , , 11.8706538, 0.0696574, , , , , , , 11.8706538, -0.0535439, , , , , , , 11.8706538, -0.0011749, , , , , , , , , , , , , , , , , , , , , , , , , , , , 
11.8711731, 0.0206455, , , , , , , 11.8711731, 0.0710002, , , , , , , 11.8711731, -0.0501869, , , , , , , 11.8711731, 0.0018463, , , , , , , , , , , , , , , , , , , , , , , , , , , , 
11.8716923, 0.0226596, , , , , , , 11.8716923, 0.0703288, , , , , , , 11.8716923, -0.0767071, , , , , , , 11.8716923, 0.0073854, , , , , , , , , , , , , , , , , , , , , , , , , , , , 
11.8722115, 0.026688, , , , , , , 11.8722115, 0.0616007, , , , , , , 11.8722115, -0.1012131, , , , , , , 11.8722115, 0.0139315, , , , , , , , , , , , , , , , , , , , , , , , , , , , 
11.8727308, 0.0332341, , , , , , , 11.8727308, 0.0552224, , , , , , , 11.8727308, -0.0976883, , , , , , , 11.8727308, 0.0199741, , , , , , , , , , , , , , , , , , , , , , , , , , , , 
11.87325, 0.0387732, , , , , , , 11.87325, 0.0592508, , , , , , , 11.87325, -0.0726787, , , , , , , 11.87325, 0.0226596, , , , , , , , , , , , , , , , , , , , , , , , , , , , 
11.8737692, 0.0411231, , , , , , , 11.8737692, 0.0713359, , , , , , , 11.8737692, -0.0458228, , , , , , , 11.8737692, 0.0206455, , , , , , , , , , , , , , , , , , , , , , , , , , , , 
11.8742885, 0.0421302, , , , , , , 11.8742885, 0.0897993, , , , , , , 11.8742885, -0.0216526, , , , , , , 11.8742885, 0.018967, , , , , , , , , , , , , , , , , , , , , , , , , , , , 
11.8748077, 0.0387732, , , , , , , 11.8748077, 0.1164874, , , , , , , 11.8748077, -0.0018463, , , , , , , 11.8748077, 0.0172885, , , , , , , , , , , , , , , , , , , , , , , , , , , , 
11.8753269, 0.0347448, , , , , , , 11.8753269, 0.1448539, , , , , , , 11.8753269, 0.0078889, , , , , , , 11.8753269, 0.0142672, , , , , , , , , , , , , , , , , , , , , , , , , , , , 
11.8758462, 0.0307164, , , , , , , 11.8758462, 0.1540856, , , , , , , 11.8758462, 0.0062104, , , , , , , 11.8758462, 0.0135958, , , , , , , , , , , , , , , , , , , , , , , , , , , , 
11.8763654, 0.033402, , , , , , , 11.8763654, 0.1287404, , , , , , , 11.8763654, -0.0072175, , , , , , , 11.8763654, 0.0129244, , , , , , , , , , , , , , , , , , , , , , , , , , , , 
11.8768846, 0.0448157, , , , , , , 11.8768846, 0.0975204, , , , , , , 11.8768846, -0.0229953, , , , , , , 11.8768846, 0.0072175, , , , , , , , , , , , , , , , , , , , , , , , , , , , 
11.8774038, 0.0569009, , , , , , , 11.8774038, 0.0745251, , , , , , , 11.8774038, -0.0340734, , , , , , , 11.8774038, -0.0036927, , , , , , , , , , , , , , , , , , , , , , , , , , , , 
11.8779231, 0.0632792, , , , , , , 11.8779231, 0.0374304, , , , , , , 11.8779231, -0.0391089, , , , , , , 11.8779231, -0.0129244, , , , , , , , , , , , , , , , , , , , , , , , , , , , 
11.8784423, 0.0703288, , , , , , , 11.8784423, -0.0082246, , , , , , , 11.8784423, -0.0350805, , , , , , , 11.8784423, -0.0179599, , , , , , , , , , , , , , , , , , , , , , , , , , , , 
11.8789615, 0.0797284, , , , , , , 11.8789615, -0.0287022, , , , , , , 11.8789615, -0.0323949, , , , , , , 11.8789615, -0.0224918, , , , , , , , , , , , , , , , , , , , , , , , , , , , 
11.8794808, 0.0887922, , , , , , , 11.8794808, -0.01561, , , , , , , 11.8794808, -0.0377661, , , , , , , 11.8794808, -0.0297093, , , , , , , , , , , , , , , , , , , , , , , , , , , , 
11.88, 0.093492, , , , , , , 11.88, 0.0219883, , , , , , , 11.88, -0.0406195, , , , , , , 11.88, -0.0330663, , , , , , , , , , , , , , , , , , , , , , , , , , , , 
11.8805192, 0.0817426, , , , , , , 11.8805192, 0.0414588, , , , , , , 11.8805192, -0.0340734, , , , , , , 11.8805192, -0.030045, , , , , , , , , , , , , , , , , , , , , , , , , , , , 
11.8810385, 0.0629435, , , , , , , 11.8810385, 0.0199741, , , , , , , 11.8810385, -0.018967, , , , , , , 11.8810385, -0.0236667, , , , , , , , , , , , , , , , , , , , , , , , , , , , 
11.8815577, 0.0548867, , , , , , , 11.8815577, -0.0271916, , , , , , , 11.8815577, -0.0008392, , , , , , , 11.8815577, -0.0169528, , , , , , , , , , , , , , , , , , , , , , , , , , , , 
11.8820769, 0.0542153, , , , , , , 11.8820769, -0.0629435, , , , , , , 11.8820769, 0.0146029, , , , , , , 11.8820769, -0.008896, , , , , , , , , , , , , , , , , , , , , , , , , , , , 
11.8825962, 0.0471656, , , , , , , 11.8825962, -0.0847639, , , , , , , 11.8825962, 0.0298772, , , , , , , 11.8825962, -0.0031891, , , , , , , , , , , , , , , , , , , , , , , , , , , , 
11.8831154, 0.0387732, , , , , , , 11.8831154, -0.0991989, , , , , , , 11.8831154, 0.0459907, , , , , , , 11.8831154, 0.0038605, , , , , , , , , , , , , , , , , , , , , , , , , , , , 
11.8836346, 0.0320592, , , , , , , 11.8836346, -0.0793927, , , , , , , 11.8836346, 0.0454871, , , , , , , 11.8836346, 0.0179599, , , , , , , , , , , , , , , , , , , , , , , , , , , , 
11.8841538, 0.0287022, , , , , , , 11.8841538, -0.012253, , , , , , , 11.8841538, 0.033402, , , , , , , 11.8841538, 0.0347448, , , , , , , , , , , , , , , , , , , , , , , , , , , , 
11.8846731, 0.0213169, , , , , , , 11.8846731, 0.0293736, , , , , , , 11.8846731, 0.026688, , , , , , , 11.8846731, 0.0535439, , , , , , , , , , , , , , , , , , , , , , , , , , , , 
11.8851923, 0.0078889, , , , , , , 11.8851923, -0.01561, , , , , , , 11.8851923, 0.03122, , , , , , , 11.8851923, 0.0720073, , , , , , , , , , , , , , , , , , , , , , , , , , , , 
11.8857115, -0.005539, , , , , , , 11.8857115, -0.0867781, , , , , , , 11.8857115, 0.0417945, , , , , , , 11.8857115, 0.0850996, , , , , , , , , , , , , , , , , , , , , , , , , , , , 
11.8862308, -0.0124208, , , , , , , 11.8862308, -0.1092699, , , , , , , 11.8862308, 0.0491798, , , , , , , 11.8862308, 0.0918135, , , , , , , , , , , , , , , , , , , , , , , , , , , , 
11.88675, -0.0105745, , , , , , , 11.88675, -0.0978561, , , , , , , 11.88675, 0.0488441, , , , , , , 11.88675, 0.0924849, , , , , , , , , , , , , , , , , , , , , , , , , , , , 
11.8872692, -0.0045319, , , , , , , 11.8872692, -0.0867781, , , , , , , 11.8872692, 0.0481727, , , , , , , 11.8872692, 0.0854353, , , , , , , , , , , , , , , , , , , , , , , , , , , , 
11.8877885, 0.0043641, , , , , , , 11.8877885, -0.0763714, , , , , , , 11.8877885, 0.0535439, , , , , , , 11.8877885, 0.0710002, , , , , , , , , , , , , , , , , , , , , , , , , , , , 
11.8883077, 0.0095674, , , , , , , 11.8883077, -0.057908, , , , , , , 11.8883077, 0.0491798, , , , , , , 11.8883077, 0.0575723, , , , , , , , , , , , , , , , , , , , , , , , , , , , 
11.8888269, 0.0109102, , , , , , , 11.8888269, -0.0323949, , , , , , , 11.8888269, 0.0287022, , , , , , , 11.8888269, 0.0481727, , , , , , , , , , , , , , , , , , , , , , , , , , , , 
11.8893462, 0.0112459, , , , , , , 11.8893462, 0.0005035, , , , , , , 11.8893462, 0.018967, , , , , , , 11.8893462, 0.0394446, , , , , , , , , , , , , , , , , , , , , , , , , , , , 
11.8898654, 0.0125887, , , , , , , 11.8898654, 0.0475013, , , , , , , 11.8898654, 0.0332341, , , , , , , 11.8898654, 0.0307164, , , , , , , , , , , , , , , , , , , , , , , , , , , , 
11.8903846, 0.0125887, , , , , , , 11.8903846, 0.0748608, , , , , , , 11.8903846, 0.0654612, , , , , , , 11.8903846, 0.0246738, , , , , , , , , , , , , , , , , , , , , , , , , , , , 
11.8909038, 0.0092317, , , , , , , 11.8909038, 0.0642863, , , , , , , 11.8909038, 0.0941634, , , , , , , 11.8909038, 0.0219883, , , , , , , , , , , , , , , , , , , , , , , , , , , , 
11.8914231, 0.0063783, , , , , , , 11.8914231, 0.0387732, , , , , , , 11.8914231, 0.10692, , , , , , , 11.8914231, 0.018967, , , , , , , , , , , , , , , , , , , , , , , , , , , , 
11.8919423, 0.0038605, , , , , , , 11.8919423, 0.0206455, , , , , , , 11.8919423, 0.1079271, , , , , , , 11.8919423, 0.0115816, , , , , , , , , , , , , , , , , , , , , , , , , , , , 
11.8924615, 0.005539, , , , , , , 11.8924615, 0.0048676, , , , , , , 11.8924615, 0.1025559, , , , , , , 11.8924615, 0.0041962, , , , , , , , , , , , , , , , , , , , , , , , , , , , 
11.8929808, 0.0105745, , , , , , , 11.8929808, -0.014435, , , , , , , 11.8929808, 0.0971847, , , , , , , 11.8929808, -0.0016785, , , , , , , , , , , , , , , , , , , , , , , , , , , , 
11.8935, 0.0112459, , , , , , , 11.8935, -0.0471656, , , , , , , 11.8935, 0.0817426, , , , , , , 11.8935, -0.0048676, , , , , , , , , , , , , , , , , , , , , , , , , , , , 
11.8940192, 0.0075532, , , , , , , 11.8940192, -0.0757, , , , , , , 11.8940192, 0.0485084, , , , , , , 11.8940192, -0.0072175, , , , , , , , , , , , , , , , , , , , , , , , , , , , 
11.8945385, 0.0030213, , , , , , , 11.8945385, -0.0686503, , , , , , , 11.8945385, 0.0082246, , , , , , , 11.8945385, -0.0102388, , , , , , , , , , , , , , , , , , , , , , , , , , , , 
11.8950577, -0.0015106, , , , , , , 11.8950577, -0.0337377, , , , , , , 11.8950577, -0.0310521, , , , , , , 11.8950577, -0.012253, , , , , , , , , , , , , , , , , , , , , , , , , , , , 
11.8955769, -0.0035248, , , , , , , 11.8955769, 0.0005035, , , , , , , 11.8955769, -0.0652934, , , , , , , 11.8955769, -0.0129244, , , , , , , , , , , , , , , , , , , , , , , , , , , , 
11.8960962, 0.0005035, , , , , , , 11.8960962, 0.0099031, , , , , , , 11.8960962, -0.0887922, , , , , , , 11.8960962, -0.0102388, , , , , , , , , , , , , , , , , , , , , , , , , , , , 
11.8966154, 0.0115816, , , , , , , 11.8966154, -0.0082246, , , , , , , 11.8966154, -0.0951705, , , , , , , 11.8966154, -0.0092317, , , , , , , , , , , , , , , , , , , , , , , , , , , , 
11.8971346, 0.026688, , , , , , , 11.8971346, -0.0191348, , , , , , , 11.8971346, -0.0797284, , , , , , , 11.8971346, -0.0149386, , , , , , , , , , , , , , , , , , , , , , , , , , , , 
11.8976538, 0.0394446, , , , , , , 11.8976538, -0.0243381, , , , , , , 11.8976538, -0.0636149, , , , , , , 11.8976538, -0.0238346, , , , , , , , , , , , , , , , , , , , , , , , , , , , 
11.8981731, 0.043473, , , , , , , 11.8981731, -0.0303807, , , , , , , 11.8981731, -0.0632792, , , , , , , 11.8981731, -0.0307164, , , , , , , , , , , , , , , , , , , , , , , , , , , , 
11.8986923, 0.0464942, , , , , , , 11.8986923, -0.0229953, , , , , , , 11.8986923, -0.0758679, , , , , , , 11.8986923, -0.0340734, , , , , , , , , , , , , , , , , , , , , , , , , , , , 
11.8992115, 0.0501869, , , , , , , 11.8992115, -0.0099031, , , , , , , 11.8992115, -0.0820783, , , , , , , 11.8992115, -0.0325628, , , , , , , , , , , , , , , , , , , , , , , , , , , , 
11.8997308, 0.0501869, , , , , , , 11.8997308, -0.0082246, , , , , , , 11.8997308, -0.0844282, , , , , , , 11.8997308, -0.0327306, , , , , , , , , , , , , , , , , , , , , , , , , , , , 
11.90025, 0.0468299, , , , , , , 11.90025, -0.0229953, , , , , , , 11.90025, -0.1049058, , , , , , , 11.90025, -0.0317235, , , , , , , , , , , , , , , , , , , , , , , , , , , , 
11.9007692, 0.040116, , , , , , , 11.9007692, -0.0428016, , , , , , , 11.9007692, -0.1327687, , , , , , , 11.9007692, -0.0229953, , , , , , , , , , , , , , , , , , , , , , , , , , , , 
11.9012885, 0.0350805, , , , , , , 11.9012885, -0.073518, , , , , , , 11.9012885, -0.1465324, , , , , , , 11.9012885, -0.0085603, , , , , , , , , , , , , , , , , , , , , , , , , , , , 
11.9018077, 0.0310521, , , , , , , 11.9018077, -0.1064164, , , , , , , 11.9018077, -0.1371328, , , , , , , 11.9018077, 0.0050355, , , , , , , , , , , , , , , , , , , , , , , , , , , , 
11.9023269, 0.0297093, , , , , , , 11.9023269, -0.1038987, , , , , , , 11.9023269, -0.1094377, , , , , , , 11.9023269, 0.0186313, , , , , , , , , , , , , , , , , , , , , , , , , , , , 
11.9028462, 0.0260166, , , , , , , 11.9028462, -0.0696574, , , , , , , 11.9028462, -0.0807355, , , , , , , 11.9028462, 0.0327306, , , , , , , , , , , , , , , , , , , , , , , , , , , , 
11.9033654, 0.0172885, , , , , , , 11.9033654, -0.0350805, , , , , , , 11.9033654, -0.0629435, , , , , , , 11.9033654, 0.0448157, , , , , , , , , , , , , , , , , , , , , , , , , , , , 
11.9038846, 0.0060426, , , , , , , 11.9038846, 0.0006714, , , , , , , 11.9038846, -0.0464942, , , , , , , 11.9038846, 0.0481727, , , , , , , , , , , , , , , , , , , , , , , , , , , , 
11.9044038, -0.0058747, , , , , , , 11.9044038, 0.0394446, , , , , , , 11.9044038, -0.0146029, , , , , , , 11.9044038, 0.0441444, , , , , , , , , , , , , , , , , , , , , , , , , , , , 
11.9049231, -0.0109102, , , , , , , 11.9049231, 0.0777142, , , , , , , 11.9049231, 0.0196384, , , , , , , 11.9049231, 0.0424659, , , , , , , , , , , , , , , , , , , , , , , , , , , , 
11.9054423, -0.0003357, , , , , , , 11.9054423, 0.1012131, , , , , , , 11.9054423, 0.0339055, , , , , , , 11.9054423, 0.0421302, , , , , , , , , , , , , , , , , , , , , , , , , , , , 
11.9059615, 0.0164492, , , , , , , 11.9059615, 0.1032273, , , , , , , 11.9059615, 0.0253452, , , , , , , 11.9059615, 0.0387732, , , , , , , , , , , , , , , , , , , , , , , , , , , , 
11.9064808, 0.026688, , , , , , , 11.9064808, 0.1173266, , , , , , , 11.9064808, 0.0095674, , , , , , , 11.9064808, 0.0320592, , , , , , , , , , , , , , , , , , , , , , , , , , , , 
11.907, 0.0377661, , , , , , , 11.907, 0.1435111, , , , , , , 11.907, -0.0060426, , , , , , , 11.907, 0.0219883, , , , , , , , , , , , , , , , , , , , , , , , , , , , 
11.9075192, 0.0535439, , , , , , , 11.9075192, 0.1399863, , , , , , , 11.9075192, -0.0182956, , , , , , , 11.9075192, 0.0065461, , , , , , , , , , , , , , , , , , , , , , , , , , , , 
11.9080385, 0.0609293, , , , , , , 11.9080385, 0.0981918, , , , , , , 11.9080385, -0.0280308, , , , , , , 11.9080385, -0.005539, , , , , , , , , , , , , , , , , , , , , , , , , , , , 
11.9085577, 0.0595865, , , , , , , 11.9085577, 0.043473, , , , , , , 11.9085577, -0.0344091, , , , , , , 11.9085577, -0.0125887, , , , , , , , , , , , , , , , , , , , , , , , , , , , 
11.9090769, 0.0602579, , , , , , , 11.9090769, 0.0058747, , , , , , , 11.9090769, -0.0384375, , , , , , , 11.9090769, -0.0152743, , , , , , , , , , , , , , , , , , , , , , , , , , , , 
11.9095962, 0.0626078, , , , , , , 11.9095962, 0.0152743, , , , , , , 11.9095962, -0.0387732, , , , , , , 11.9095962, -0.0135958, , , , , , , , , , , , , , , , , , , , , , , , , , , , 
11.9101154, 0.0594186, , , , , , , 11.9101154, 0.0757, , , , , , , 11.9101154, -0.033402, , , , , , , 11.9101154, -0.0030213, , , , , , , , , , , , , , , , , , , , , , , , , , , , 
11.9106346, 0.0508583, , , , , , , 11.9106346, 0.1341115, , , , , , , 11.9106346, -0.0203098, , , , , , , 11.9106346, 0.0186313, , , , , , , , , , , , , , , , , , , , , , , , , , , , 
11.9111538, 0.0417945, , , , , , , 11.9111538, 0.1354543, , , , , , , 11.9111538, 0.0031891, , , , , , , 11.9111538, 0.047837, , , , , , , , , , , , , , , , , , , , , , , , , , , , 
11.9116731, 0.0330663, , , , , , , 11.9116731, 0.0533761, , , , , , , 11.9116731, 0.0251774, , , , , , , 11.9116731, 0.0726787, , , , , , , , , , , , , , , , , , , , , , , , , , , , 
11.9121923, 0.0203098, , , , , , , 11.9121923, -0.0847639, , , , , , , 11.9121923, 0.0298772, , , , , , , 11.9121923, 0.0919814, , , , , , , , , , , , , , , , , , , , , , , , , , , , 
11.9127115, 0.005539, , , , , , , 11.9127115, -0.205951, , , , , , , 11.9127115, 0.0234989, , , , , , , 11.9127115, 0.1096056, , , , , , , , , , , , , , , , , , , , , , , , , , , , 
11.9132308, -0.005539, , , , , , , 11.9132308, -0.2902113, , , , , , , 11.9132308, 0.024506, , , , , , , 11.9132308, 0.1153124, , , , , , , , , , , , , , , , , , , , , , , , , , , , 
11.91375, -0.0129244, , , , , , , 11.91375, -0.2922255, , , , , , , 11.91375, 0.0360876, , , , , , , 11.91375, 0.105745, , , , , , , , , , , , , , , , , , , , , , , , , , , , 
11.9142692, -0.0169528, , , , , , , 11.9142692, -0.2005798, , , , , , , 11.9142692, 0.0532082, , , , , , , 11.9142692, 0.0884565, , , , , , , , , , , , , , , , , , , , , , , , , , , , 
11.9147885, -0.018967, , , , , , , 11.9147885, -0.0703288, , , , , , , 11.9147885, 0.0708324, , , , , , , 11.9147885, 0.0676432, , , , , , , , , , , , , , , , , , , , , , , , , , , , 
11.9153077, -0.0246738, , , , , , , 11.9153077, 0.0256809, , , , , , , 11.9153077, 0.0807355, , , , , , , 11.9153077, 0.0431373, , , , , , , , , , , , , , , , , , , , , , , , , , , , 
11.9158269, -0.0287022, , , , , , , 11.9158269, 0.0616007, , , , , , , 11.9158269, 0.081239, , , , , , , 11.9158269, 0.0206455, , , , , , , , , , , , , , , , , , , , , , , , , , , , 
11.9163462, -0.0287022, , , , , , , 11.9163462, 0.0565652, , , , , , , 11.9163462, 0.0755322, , , , , , , 11.9163462, -0.0023499, , , , , , , , , , , , , , , , , , , , , , , , , , , , 
11.9168654, -0.0184634, , , , , , , 11.9168654, 0.0206455, , , , , , , 11.9168654, 0.0679789, , , , , , , 11.9168654, -0.0297093, , , , , , , , , , , , , , , , , , , , , , , , , , , , 
11.9173846, -0.0001678, , , , , , , 11.9173846, -0.0270237, , , , , , , 11.9173846, 0.0679789, , , , , , , 11.9173846, -0.0565652, , , , , , , , , , , , , , , , , , , , , , , , , , , , 
11.9179038, 0.0172885, , , , , , , 11.9179038, -0.0538796, , , , , , , 11.9179038, 0.1022202, , , , , , , 11.9179038, -0.0746929, , , , , , , , , , , , , , , , , , , , , , , , , , , , 
11.9184231, 0.0293736, , , , , , , 11.9184231, -0.0666361, , , , , , , 11.9184231, 0.156939, , , , , , , 11.9184231, -0.0834211, , , , , , , , , , , , , , , , , , , , , , , , , , , , 
11.9189423, 0.0454871, , , , , , , 11.9189423, -0.103563, , , , , , , 11.9189423, 0.1748989, , , , , , , 11.9189423, -0.0904707, , , , , , , , , , , , , , , , , , , , , , , , , , , , 
11.9194615, 0.0602579, , , , , , , 11.9194615, -0.158114, , , , , , , 11.9194615, 0.1468681, , , , , , , 11.9194615, -0.096849, , , , , , , , , , , , , , , , , , , , , , , , , , , , 
11.9199808, 0.0558938, , , , , , , 11.9199808, -0.1921874, , , , , , , 11.9199808, 0.1250477, , , , , , , 11.9199808, -0.096849, , , , , , , , , , , , , , , , , , , , , , , , , , , , 
11.9205, 0.0354162, , , , , , , 11.9205, -0.2130007, , , , , , , 11.9205, 0.1257191, , , , , , , 11.9205, -0.0914778, , , , , , , , , , , , , , , , , , , , , , , , , , , , 
11.9210192, 0.0152743, , , , , , , 11.9210192, -0.2163577, , , , , , , 11.9210192, 0.1248798, , , , , , , 11.9210192, -0.0785534, , , , , , , , , , , , , , , , , , , , , , , , , , , , 
11.9215385, 0.0065461, , , , , , , 11.9215385, -0.1727169, , , , , , , 11.9215385, 0.105745, , , , , , , 11.9215385, -0.0575723, , , , , , , , , , , , , , , , , , , , , , , , , , , , 
11.9220577, -0.002182, , , , , , , 11.9220577, -0.1154803, , , , , , , 11.9220577, 0.0642863, , , , , , , 11.9220577, -0.0350805, , , , , , , , , , , , , , , , , , , , , , , , , , , , 
11.9225769, -0.0203098, , , , , , , 11.9225769, -0.0854353, , , , , , , 11.9225769, 0.0105745, , , , , , , 11.9225769, -0.0095674, , , , , , , , , , , , , , , , , , , , , , , , , , , , 
11.9230962, -0.0428016, , , , , , , 11.9230962, -0.0726787, , , , , , , 11.9230962, -0.0464942, , , , , , , 11.9230962, 0.0172885, , , , , , , , , , , , , , , , , , , , , , , , , , , , 
11.9236154, -0.0589151, , , , , , , 11.9236154, -0.0448157, , , , , , , 11.9236154, -0.1062486, , , , , , , 11.9236154, 0.0377661, , , , , , , , , , , , , , , , , , , , , , , , , , , , 
11.9241346, -0.0681468, , , , , , , 11.9241346, 0.0011749, , , , , , , 11.9241346, -0.1596246, , , , , , , 11.9241346, 0.0491798, , , , , , , , , , , , , , , , , , , , , , , , , , , , 
11.9246538, -0.0733501, , , , , , , 11.9246538, 0.057908, , , , , , , 11.9246538, -0.193698, , , , , , , 11.9246538, 0.0558938, , , , , , , , , , , , , , , , , , , , , , , , , , , , 
11.9251731, -0.0782177, , , , , , , 11.9251731, 0.1109483, , , , , , , 11.9251731, -0.2083009, , , , , , , 11.9251731, 0.0562295, , , , , , , , , , , , , , , , , , , , , , , , , , , , 
11.9256923, -0.0847639, , , , , , , 11.9256923, 0.144686, , , , , , , 11.9256923, -0.2022583, , , , , , , 11.9256923, 0.0520333, , , , , , , , , , , , , , , , , , , , , , , , , , , , 
11.9262115, -0.0864424, , , , , , , 11.9262115, 0.1623102, , , , , , , 11.9262115, -0.1817807, , , , , , , 11.9262115, 0.0459907, , , , , , , , , , , , , , , , , , , , , , , , , , , , 
11.9267308, -0.0750286, , , , , , , 11.9267308, 0.1955444, , , , , , , 11.9267308, -0.1579461, , , , , , , 11.9267308, 0.0394446, , , , , , , , , , , , , , , , , , , , , , , , , , , , 
11.92725, -0.0622721, , , , , , , 11.92725, 0.2603342, , , , , , , 11.92725, -0.1404898, , , , , , , 11.92725, 0.0293736, , , , , , , , , , , , , , , , , , , , , , , , , , , , 
11.9277692, -0.0569009, , , , , , , 11.9277692, 0.3113603, , , , , , , 11.9277692, -0.1196765, , , , , , , 11.9277692, 0.0209812, , , , , , , , , , , , , , , , , , , , , , , , , , , , 
11.9282885, -0.0532082, , , , , , , 11.9282885, 0.2952468, , , , , , , 11.9282885, -0.0906386, , , , , , , 11.9282885, 0.0186313, , , , , , , , , , , , , , , , , , , , , , , , , , , , 
11.9288077, -0.0547189, , , , , , , 11.9288077, 0.2286107, , , , , , , 11.9288077, -0.0659648, , , , , , , 11.9288077, 0.0250095, , , , , , , , , , , , , , , , , , , , , , , , , , , , 
11.9293269, -0.0528725, , , , , , , 11.9293269, 0.1649958, , , , , , , 11.9293269, -0.0498512, , , , , , , 11.9293269, 0.0374304, , , , , , , , , , , , , , , , , , , , , , , , , , , , 
11.9298462, -0.0433051, , , , , , , 11.9298462, 0.0797284, , , , , , , 11.9298462, -0.0461585, , , , , , , 11.9298462, 0.0505226, , , , , , , , , , , , , , , , , , , , , , , , , , , , 
11.9303654, -0.0397803, , , , , , , 11.9303654, -0.0619364, , , , , , , 11.9303654, -0.0540475, , , , , , , 11.9303654, 0.0553902, , , , , , , , , , , , , , , , , , , , , , , , , , , , 
11.9308846, -0.0421302, , , , , , , 11.9308846, -0.2051118, , , , , , , 11.9308846, -0.0681468, , , , , , , 11.9308846, 0.0552224, , , , , , , , , , , , , , , , , , , , , , , , , , , , 
11.9314038, -0.0391089, , , , , , , 11.9314038, -0.2814832, , , , , , , 11.9314038, -0.0713359, , , , , , , 11.9314038, 0.0555581, , , , , , , , , , , , , , , , , , , , , , , , , , , , 
11.9319231, -0.0283665, , , , , , , 11.9319231, -0.2699016, , , , , , , 11.9319231, -0.0605936, , , , , , , 11.9319231, 0.0565652, , , , , , , , , , , , , , , , , , , , , , , , , , , , 
11.9324423, -0.0135958, , , , , , , 11.9324423, -0.2017548, , , , , , , 11.9324423, -0.0412909, , , , , , , 11.9324423, 0.0538796, , , , , , , , , , , , , , , , , , , , , , , , , , , , 
11.9329615, -0.0015106, , , , , , , 11.9329615, -0.1401541, , , , , , , 11.9329615, -0.0135958, , , , , , , 11.9329615, 0.047837, , , , , , , , , , , , , , , , , , , , , , , , , , , , 
11.9334808, 0.0068818, , , , , , , 11.9334808, -0.1059129, , , , , , , 11.9334808, 0.0204776, , , , , , , 11.9334808, 0.0364233, , , , , , , , , , , , , , , , , , , , , , , , , , , , 
11.934, 0.011078, , , , , , , 11.934, -0.0807355, , , , , , , 11.934, 0.0518654, , , , , , , 11.934, 0.023331, , , , , , , , , , , , , , , , , , , , , , , , , , , , 
11.9345192, 0.0072175, , , , , , , 11.9345192, -0.0676432, , , , , , , 11.9345192, 0.0746929, , , , , , , 11.9345192, 0.0132601, , , , , , , , , , , , , , , , , , , , , , , , , , , , 
11.9350385, -0.0001678, , , , , , , 11.9350385, -0.0565652, , , , , , , 11.9350385, 0.0882887, , , , , , , 11.9350385, 0.0041962, , , , , , , , , , , , , , , , , , , , , , , , , , , , 
11.9355577, -0.002182, , , , , , , 11.9355577, -0.0386053, , , , , , , 11.9355577, 0.0941634, , , , , , , 11.9355577, -0.0035248, , , , , , , , , , , , , , , , , , , , , , , , , , , , 
11.9360769, 0.0038605, , , , , , , 11.9360769, -0.026688, , , , , , , 11.9360769, 0.0924849, , , , , , , 11.9360769, -0.0102388, , , , , , , , , , , , , , , , , , , , , , , , , , , , 
11.9365962, 0.0172885, , , , , , , 11.9365962, -0.0196384, , , , , , , 11.9365962, 0.0820783, , , , , , , 11.9365962, -0.0199741, , , , , , , , , , , , , , , , , , , , , , , , , , , , 
11.9371154, 0.0387732, , , , , , , 11.9371154, -0.0068818, , , , , , , 11.9371154, 0.0663005, , , , , , , 11.9371154, -0.0330663, , , , , , , , , , , , , , , , , , , , , , , , , , , , 
11.9376346, 0.0609293, , , , , , , 11.9376346, 0.0041962, , , , , , , 11.9376346, 0.0454871, , , , , , , 11.9376346, -0.0441444, , , , , , , , , , , , , , , , , , , , , , , , , , , , 
11.9381538, 0.072343, , , , , , , 11.9381538, 0.0152743, , , , , , , 11.9381538, 0.0193027, , , , , , , 11.9381538, -0.051194, , , , , , , , , , , , , , , , , , , , , , , , , , , , 
11.9386731, 0.0757, , , , , , , 11.9386731, 0.0253452, , , , , , , 11.9386731, -0.014435, , , , , , , 11.9386731, -0.0562295, , , , , , , , , , , , , , , , , , , , , , , , , , , , 
11.9391923, 0.0783856, , , , , , , 11.9391923, 0.018967, , , , , , , 11.9391923, -0.0394446, , , , , , , 11.9391923, -0.0592508, , , , , , , , , , , , , , , , , , , , , , , , , , , , 
11.9397115, 0.0773785, , , , , , , 11.9397115, -0.01561, , , , , , , 11.9397115, -0.0273594, , , , , , , 11.9397115, -0.0605936, , , , , , , , , , , , , , , , , , , , , , , , , , , , 
11.9402308, 0.068986, , , , , , , 11.9402308, -0.018967, , , , , , , 11.9402308, 0.0139315, , , , , , , 11.9402308, -0.0585794, , , , , , , , , , , , , , , , , , , , , , , , , , , , 
11.94075, 0.0592508, , , , , , , 11.94075, 0.0515297, , , , , , , 11.94075, 0.0381018, , , , , , , 11.94075, -0.0555581, , , , , , , , , , , , , , , , , , , , , , , , , , , , 
11.9412692, 0.0538796, , , , , , , 11.9412692, 0.1430076, , , , , , , 11.9412692, 0.0313878, , , , , , , 11.9412692, -0.051194, , , , , , , , , , , , , , , , , , , , , , , , , , , , 
11.9417885, 0.0522011, , , , , , , 11.9417885, 0.2046082, , , , , , , 11.9417885, 0.0099031, , , , , , , 11.9417885, -0.0464942, , , , , , , , , , , , , , , , , , , , , , , , , , , , 
11.9423077, 0.0448157, , , , , , , 11.9423077, 0.2475776, , , , , , , 11.9423077, -0.0218204, , , , , , , 11.9423077, -0.040116, , , , , , , , , , , , , , , , , , , , , , , , , , , , 
11.9428269, 0.0350805, , , , , , , 11.9428269, 0.2668803, , , , , , , 11.9428269, -0.0370947, , , , , , , 11.9428269, -0.0317235, , , , , , , , , , , , , , , , , , , , , , , , , , , , 
11.9433462, 0.023331, , , , , , , 11.9433462, 0.2116579, , , , , , , 11.9433462, -0.0317235, , , , , , , 11.9433462, -0.0209812, , , , , , , , , , , , , , , , , , , , , , , , , , , , 
11.9438654, 0.0099031, , , , , , , 11.9438654, 0.0871138, , , , , , , 11.9438654, -0.008896, , , , , , , 11.9438654, -0.0082246, , , , , , , , , , , , , , , , , , , , , , , , , , , , 
11.9443846, -0.0070497, , , , , , , 11.9443846, -0.0058747, , , , , , , 11.9443846, 0.0172885, , , , , , , 11.9443846, 0.0031891, , , , , , , , , , , , , , , , , , , , , , , , , , , , 
11.9449038, -0.018967, , , , , , , 11.9449038, -0.0330663, , , , , , , 11.9449038, 0.0313878, , , , , , , 11.9449038, 0.0115816, , , , , , , , , , , , , , , , , , , , , , , , , , , , 
11.9454231, -0.0196384, , , , , , , 11.9454231, -0.0453193, , , , , , , 11.9454231, 0.0186313, , , , , , , 11.9454231, 0.018967, , , , , , , , , , , , , , , , , , , , , , , , , , , , 
11.9459423, -0.017792, , , , , , , 11.9459423, -0.0327306, , , , , , , 11.9459423, -0.0260166, , , , , , , 11.9459423, 0.027863, , , , , , , , , , , , , , , , , , , , , , , , , , , , 
11.9464615, -0.0213169, , , , , , , 11.9464615, -0.0062104, , , , , , , 11.9464615, -0.0770428, , , , , , , 11.9464615, 0.0381018, , , , , , , , , , , , , , , , , , , , , , , , , , , , 
11.9469808, -0.0219883, , , , , , , 11.9469808, -0.012253, , , , , , , 11.9469808, -0.1097734, , , , , , , 11.9469808, 0.0421302, , , , , , , , , , , , , , , , , , , , , , , , , , , , 
11.9475, -0.0085603, , , , , , , 11.9475, -0.0515297, , , , , , , 11.9475, -0.1225299, , , , , , , 11.9475, 0.0387732, , , , , , , , , , , , , , , , , , , , , , , , , , , , 
11.9480192, 0.0152743, , , , , , , 11.9480192, -0.0730144, , , , , , , 11.9480192, -0.1270619, , , , , , , 11.9480192, 0.0377661, , , , , , , , , , , , , , , , , , , , , , , , , , , , 
11.9485385, 0.0354162, , , , , , , 11.9485385, -0.0553902, , , , , , , 11.9485385, -0.1287404, , , , , , , 11.9485385, 0.0441444, , , , , , , , , , , , , , , , , , , , , , , , , , , , 
11.9490577, 0.036759, , , , , , , 11.9490577, -0.0414588, , , , , , , 11.9490577, -0.1326009, , , , , , , 11.9490577, 0.0491798, , , , , , , , , , , , , , , , , , , , , , , , , , , , 
11.9495769, 0.0273594, , , , , , , 11.9495769, -0.0337377, , , , , , , 11.9495769, -0.139147, , , , , , , 11.9495769, 0.0498512, , , , , , , , , , , , , , , , , , , , , , , , , , , , 
11.9500962, 0.0226596, , , , , , , 11.9500962, -0.0592508, , , , , , , 11.9500962, -0.1398184, , , , , , , 11.9500962, 0.0491798, , , , , , , , , , , , , , , , , , , , , , , , , , , , 
11.9506154, 0.0280308, , , , , , , 11.9506154, -0.0892958, , , , , , , 11.9506154, -0.1267262, , , , , , , 11.9506154, 0.0500191, , , , , , , , , , , , , , , , , , , , , , , , , , , , 
11.9511346, 0.026688, , , , , , , 11.9511346, -0.0602579, , , , , , , 11.9511346, -0.1000381, , , , , , , 11.9511346, 0.0532082, , , , , , , , , , , , , , , , , , , , , , , , , , , , 
11.9516538, 0.0206455, , , , , , , 11.9516538, 0.0075532, , , , , , , 11.9516538, -0.0710002, , , , , , , 11.9516538, 0.0642863, , , , , , , , , , , , , , , , , , , , , , , , , , , , 
11.9521731, 0.0164492, , , , , , , 11.9521731, 0.0589151, , , , , , , 11.9521731, -0.0424659, , , , , , , 11.9521731, 0.0803998, , , , , , , , , , , , , , , , , , , , , , , , , , , , 
11.9526923, 0.0169528, , , , , , , 11.9526923, 0.1022202, , , , , , , 11.9526923, -0.0023499, , , , , , , 11.9526923, 0.0928206, , , , , , , , , , , , , , , , , , , , , , , , , , , , 
11.9532115, 0.0243381, , , , , , , 11.9532115, 0.1272297, , , , , , , 11.9532115, 0.0522011, , , , , , , 11.9532115, 0.1042344, , , , , , , , , , , , , , , , , , , , , , , , , , , , 
11.9537308, 0.0303807, , , , , , , 11.9537308, 0.1055772, , , , , , , 11.9537308, 0.1099413, , , , , , , 11.9537308, 0.1122911, , , , , , , , , , , , , , , , , , , , , , , , , , , , 
11.95425, 0.0307164, , , , , , , 11.95425, 0.04448, , , , , , , 11.95425, 0.1461967, , , , , , , 11.95425, 0.1111162, , , , , , , , , , , , , , , , , , , , , , , , , , , , 
11.9547692, 0.0310521, , , , , , , 11.9547692, -0.0391089, , , , , , , 11.9547692, 0.1505608, , , , , , , 11.9547692, 0.1052415, , , , , , , , , , , , , , , , , , , , , , , , , , , , 
11.9552885, 0.030045, , , , , , , 11.9552885, -0.0971847, , , , , , , 11.9552885, 0.1344472, , , , , , , 11.9552885, 0.0948348, , , , , , , , , , , , , , , , , , , , , , , , , , , , 
11.9558077, 0.021149, , , , , , , 11.9558077, -0.1169909, , , , , , , 11.9558077, 0.1079271, , , , , , , 11.9558077, 0.0817426, , , , , , , , , , , , , , , , , , , , , , , , , , , , 
11.9563269, 0.017792, , , , , , , 11.9563269, -0.1245441, , , , , , , 11.9563269, 0.0763714, , , , , , , 11.9563269, 0.0614328, , , , , , , , , , , , , , , , , , , , , , , , , , , , 
11.9568462, 0.0260166, , , , , , , 11.9568462, -0.1096056, , , , , , , 11.9568462, 0.0387732, , , , , , , 11.9568462, 0.0327306, , , , , , , , , , , , , , , , , , , , , , , , , , , , 
11.9573654, 0.0381018, , , , , , , 11.9573654, -0.0840925, , , , , , , 11.9573654, -0.0058747, , , , , , , 11.9573654, 0.002182, , , , , , , , , , , , , , , , , , , , , , , , , , , , 
11.9578846, 0.0407874, , , , , , , 11.9578846, -0.0827497, , , , , , , 11.9578846, -0.0339055, , , , , , , 11.9578846, -0.0208133, , , , , , , , , , , , , , , , , , , , , , , , , , , , 
11.9584038, 0.0344091, , , , , , , 11.9584038, -0.1163195, , , , , , , 11.9584038, -0.0377661, , , , , , , 11.9584038, -0.0377661, , , , , , , , , , , , , , , , , , , , , , , , , , , , 
11.9589231, 0.0240024, , , , , , , 11.9589231, -0.1453574, , , , , , , 11.9589231, -0.0246738, , , , , , , 11.9589231, -0.0525368, , , , , , , , , , , , , , , , , , , , , , , , , , , , 
11.9594423, 0.0159457, , , , , , , 11.9594423, -0.1438468, , , , , , , 11.9594423, 0.0057069, , , , , , , 11.9594423, -0.0632792, , , , , , , , , , , , , , , , , , , , , , , , , , , , 
11.9599615, 0.0139315, , , , , , , 11.9599615, -0.1230335, , , , , , , 11.9599615, 0.0464942, , , , , , , 11.9599615, -0.0661326, , , , , , , , , , , , , , , , , , , , , , , , , , , , 
11.9604808, 0.0154421, , , , , , , 11.9604808, -0.1010452, , , , , , , 11.9604808, 0.0676432, , , , , , , 11.9604808, -0.064622, , , , , , , , , , , , , , , , , , , , , , , , , , , , 
11.961, 0.0186313, , , , , , , 11.961, -0.0800641, , , , , , , 11.961, 0.0656291, , , , , , , 11.961, -0.0619364, , , , , , , , , , , , , , , , , , , , , , , , , , , , 
11.9615192, 0.0223239, , , , , , , 11.9615192, -0.0485084, , , , , , , 11.9615192, 0.0663005, , , , , , , 11.9615192, -0.0562295, , , , , , , , , , , , , , , , , , , , , , , , , , , , 
11.9620385, 0.0263523, , , , , , , 11.9620385, -0.0052033, , , , , , , 11.9620385, 0.0792248, , , , , , , 11.9620385, -0.0485084, , , , , , , , , , , , , , , , , , , , , , , , , , , , 
11.9625577, 0.0219883, , , , , , , 11.9625577, 0.0213169, , , , , , , 11.9625577, 0.0904707, , , , , , , 11.9625577, -0.0411231, , , , , , , , , , , , , , , , , , , , , , , , , , , , 
11.9630769, 0.008896, , , , , , , 11.9630769, 0.0258488, , , , , , , 11.9630769, 0.0864424, , , , , , , 11.9630769, -0.0303807, , , , , , , , , , , , , , , , , , , , , , , , , , , , 
11.9635962, -0.0028534, , , , , , , 11.9635962, 0.040116, , , , , , , 11.9635962, 0.0642863, , , , , , , 11.9635962, -0.0166171, , , , , , , , , , , , , , , , , , , , , , , , , , , , 
11.9641154, -0.0062104, , , , , , , 11.9641154, 0.0656291, , , , , , , 11.9641154, 0.0253452, , , , , , , 11.9641154, -0.002182, , , , , , , , , , , , , , , , , , , , , , , , , , , , 
11.9646346, -0.0057069, , , , , , , 11.9646346, 0.0740215, , , , , , , 11.9646346, -0.0193027, , , , , , , 11.9646346, 0.0105745, , , , , , , , , , , , , , , , , , , , , , , , , , , , 
11.9651538, -0.0072175, , , , , , , 11.9651538, 0.0636149, , , , , , , 11.9651538, -0.0599222, , , , , , , 11.9651538, 0.0260166, , , , , , , , , , , , , , , , , , , , , , , , , , , , 
11.9656731, -0.0102388, , , , , , , 11.9656731, 0.0538796, , , , , , , 11.9656731, -0.0903029, , , , , , , 11.9656731, 0.0424659, , , , , , , , , , , , , , , , , , , , , , , , , , , , 
11.9661923, -0.01561, , , , , , , 11.9661923, 0.0528725, , , , , , , 11.9661923, -0.10692, , , , , , , 11.9661923, 0.0525368, , , , , , , , , , , , , , , , , , , , , , , , , , , , 
11.9667115, -0.0216526, , , , , , , 11.9667115, 0.0421302, , , , , , , 11.9667115, -0.1122911, , , , , , , 11.9667115, 0.0548867, , , , , , , , , , , , , , , , , , , , , , , , , , , , 
11.9672308, -0.0176242, , , , , , , 11.9672308, 0.0125887, , , , , , , 11.9672308, -0.1082628, , , , , , , 11.9672308, 0.0466621, , , , , , , , , , , , , , , , , , , , , , , , , , , , 
11.96775, -0.0041962, , , , , , , 11.96775, -0.0203098, , , , , , , 11.96775, -0.0978561, , , , , , , 11.96775, 0.0374304, , , , , , , , , , , , , , , , , , , , , , , , , , , , 
11.9682692, 0.0159457, , , , , , , 11.9682692, -0.0493477, , , , , , , 11.9682692, -0.0887922, , , , , , , 11.9682692, 0.0327306, , , , , , , , , , , , , , , , , , , , , , , , , , , , 
11.9687885, 0.0357519, , , , , , , 11.9687885, -0.0619364, , , , , , , 11.9687885, -0.0864424, , , , , , , 11.9687885, 0.0293736, , , , , , , , , , , , , , , , , , , , , , , , , , , , 
11.9693077, 0.0428016, , , , , , , 11.9693077, -0.04448, , , , , , , 11.9693077, -0.082414, , , , , , , 11.9693077, 0.0253452, , , , , , , , , , , , , , , , , , , , , , , , , , , , 
11.9698269, 0.0428016, , , , , , , 11.9698269, -0.0186313, , , , , , , 11.9698269, -0.0728466, , , , , , , 11.9698269, 0.021149, , , , , , , , , , , , , , , , , , , , , , , , , , , , 
11.9703462, 0.0454871, , , , , , , 11.9703462, -0.0216526, , , , , , , 11.9703462, -0.0616007, , , , , , , 11.9703462, 0.0159457, , , , , , , , , , , , , , , , , , , , , , , , , , , , 
11.9708654, 0.0495155, , , , , , , 11.9708654, -0.0505226, , , , , , , 11.9708654, -0.0498512, , , , , , , 11.9708654, 0.0129244, , , , , , , , , , , , , , , , , , , , , , , , , , , , 
11.9713846, 0.0501869, , , , , , , 11.9713846, -0.0525368, , , , , , , 11.9713846, -0.0386053, , , , , , , 11.9713846, 0.0135958, , , , , , , , , , , , , , , , , , , , , , , , , , , , 
11.9719038, 0.0493477, , , , , , , 11.9719038, -0.0082246, , , , , , , 11.9719038, -0.0303807, , , , , , , 11.9719038, 0.0157778, , , , , , , , , , , , , , , , , , , , , , , , , , , , 
11.9724231, 0.0501869, , , , , , , 11.9724231, 0.0414588, , , , , , , 11.9724231, -0.0236667, , , , , , , 11.9724231, 0.0169528, , , , , , , , , , , , , , , , , , , , , , , , , , , , 
11.9729423, 0.0475013, , , , , , , 11.9729423, 0.0602579, , , , , , , 11.9729423, -0.0149386, , , , , , , 11.9729423, 0.0142672, , , , , , , , , , , , , , , , , , , , , , , , , , , , 
11.9734615, 0.0407874, , , , , , , 11.9734615, 0.0582437, , , , , , , 11.9734615, -0.002182, , , , , , , 11.9734615, 0.008896, , , , , , , , , , , , , , , , , , , , , , , , , , , , 
11.9739808, 0.036759, , , , , , , 11.9739808, 0.0454871, , , , , , , 11.9739808, 0.0092317, , , , , , , 11.9739808, 0.0035248, , , , , , , , , , , , , , , , , , , , , , , , , , , , 
11.9745, 0.0323949, , , , , , , 11.9745, 0.0360876, , , , , , , 11.9745, 0.0176242, , , , , , , 11.9745, -0.0018463, , , , , , , , , , , , , , , , , , , , , , , , , , , , 
11.9750192, 0.0240024, , , , , , , 11.9750192, 0.066804, , , , , , , 11.9750192, 0.0236667, , , , , , , 11.9750192, -0.0050355, , , , , , , , , , , , , , , , , , , , , , , , , , , , 
11.9755385, 0.0172885, , , , , , , 11.9755385, 0.1169909, , , , , , , 11.9755385, 0.0327306, , , , , , , 11.9755385, -0.0058747, , , , , , , , , , , , , , , , , , , , , , , , , , , , 
11.9760577, 0.0125887, , , , , , , 11.9760577, 0.1394827, , , , , , , 11.9760577, 0.0439765, , , , , , , 11.9760577, -0.0078889, , , , , , , , , , , , , , , , , , , , , , , , , , , , 
11.9765769, 0.0186313, , , , , , , 11.9765769, 0.1364614, , , , , , , 11.9765769, 0.0488441, , , , , , , 11.9765769, -0.0135958, , , , , , , , , , , , , , , , , , , , , , , , , , , , 
11.9770962, 0.0359197, , , , , , , 11.9770962, 0.1401541, , , , , , , 11.9770962, 0.0428016, , , , , , , 11.9770962, -0.0236667, , , , , , , , , , , , , , , , , , , , , , , , , , , , 
11.9776154, 0.0520333, , , , , , , 11.9776154, 0.1643244, , , , , , , 11.9776154, 0.0303807, , , , , , , 11.9776154, -0.036759, , , , , , , , , , , , , , , , , , , , , , , , , , , , 
11.9781346, 0.0621042, , , , , , , 11.9781346, 0.1811093, , , , , , , 11.9781346, 0.0218204, , , , , , , 11.9781346, -0.0451514, , , , , , , , , , , , , , , , , , , , , , , , , , , , 
11.9786538, 0.0696574, , , , , , , 11.9786538, 0.1367971, , , , , , , 11.9786538, 0.0223239, , , , , , , 11.9786538, -0.0473335, , , , , , , , , , , , , , , , , , , , , , , , , , , , 
11.9791731, 0.0736858, , , , , , , 11.9791731, 0.0518654, , , , , , , 11.9791731, 0.0293736, , , , , , , 11.9791731, -0.040116, , , , , , , , , , , , , , , , , , , , , , , , , , , , 
11.9796923, 0.0676432, , , , , , , 11.9796923, -0.0152743, , , , , , , 11.9796923, 0.0377661, , , , , , , 11.9796923, -0.0229953, , , , , , , , , , , , , , , , , , , , , , , , , , , , 
11.9802115, 0.0548867, , , , , , , 11.9802115, -0.0673075, , , , , , , 11.9802115, 0.0453193, , , , , , , 11.9802115, -0.0020142, , , , , , , , , , , , , , , , , , , , , , , , , , , , 
11.9807308, 0.0454871, , , , , , , 11.9807308, -0.0881209, , , , , , , 11.9807308, 0.0589151, , , , , , , 11.9807308, 0.0218204, , , , , , , , , , , , , , , , , , , , , , , , , , , , 
11.98125, 0.0354162, , , , , , , 11.98125, -0.0706645, , , , , , , 11.98125, 0.0844282, , , , , , , 11.98125, 0.0448157, , , , , , , , , , , , , , , , , , , , , , , , , , , , 
11.9817692, 0.0240024, , , , , , , 11.9817692, -0.0864424, , , , , , , 11.9817692, 0.1077592, , , , , , , 11.9817692, 0.0584115, , , , , , , , , , , , , , , , , , , , , , , , , , , , 
11.9822885, 0.0115816, , , , , , , 11.9822885, -0.1411612, , , , , , , 11.9822885, 0.1109483, , , , , , , 11.9822885, 0.0607614, , , , , , , , , , , , , , , , , , , , , , , , , , , , 
11.9828077, -0.0058747, , , , , , , 11.9828077, -0.160296, , , , , , , 11.9828077, 0.0929885, , , , , , , 11.9828077, 0.0632792, , , , , , , , , , , , , , , , , , , , , , , , , , , , 
11.9833269, -0.0223239, , , , , , , 11.9833269, -0.1401541, , , , , , , 11.9833269, 0.0632792, , , , , , , 11.9833269, 0.0715038, , , , , , , , , , , , , , , , , , , , , , , , , , , , 
11.9838462, -0.0344091, , , , , , , 11.9838462, -0.1159838, , , , , , , 11.9838462, 0.0320592, , , , , , , 11.9838462, 0.0763714, , , , , , , , , , , , , , , , , , , , , , , , , , , , 
11.9843654, -0.0441444, , , , , , , 11.9843654, -0.0854353, , , , , , , 11.9843654, 0.0038605, , , , , , , 11.9843654, 0.0760357, , , , , , , , , , , , , , , , , , , , , , , , , , , , 
11.9848846, -0.0458228, , , , , , , 11.9848846, -0.0337377, , , , , , , 11.9848846, -0.012253, , , , , , , 11.9848846, 0.0693217, , , , , , , , , , , , , , , , , , , , , , , , , , , , 
11.9854038, -0.04448, , , , , , , 11.9854038, 0.0441444, , , , , , , 11.9854038, -0.0146029, , , , , , , 11.9854038, 0.0582437, , , , , , , , , , , , , , , , , , , , , , , , , , , , 
11.9859231, -0.04448, , , , , , , 11.9859231, 0.0931563, , , , , , , 11.9859231, -0.0109102, , , , , , , 11.9859231, 0.047837, , , , , , , , , , , , , , , , , , , , , , , , , , , , 
11.9864423, -0.04448, , , , , , , 11.9864423, 0.0387732, , , , , , , 11.9864423, -0.0015106, , , , , , , 11.9864423, 0.0428016, , , , , , , , , , , , , , , , , , , , , , , , , , , , 
11.9869615, -0.036759, , , , , , , 11.9869615, -0.0854353, , , , , , , 11.9869615, 0.0213169, , , , , , , 11.9869615, 0.0365911, , , , , , , , , , , , , , , , , , , , , , , , , , , , 
11.9874808, -0.018967, , , , , , , 11.9874808, -0.1905089, , , , , , , 11.9874808, 0.0495155, , , , , , , 11.9874808, 0.0307164, , , , , , , , , , , , , , , , , , , , , , , , , , , , 
11.988, 0.0041962, , , , , , , 11.988, -0.2519417, , , , , , , 11.988, 0.0584115, , , , , , , 11.988, 0.0273594, , , , , , , , , , , , , , , , , , , , , , , , , , , , 
11.9885192, 0.0260166, , , , , , , 11.9885192, -0.265034, , , , , , , 11.9885192, 0.0431373, , , , , , , 11.9885192, 0.0226596, , , , , , , , , , , , , , , , , , , , , , , , , , , , 
11.9890385, 0.040116, , , , , , , 11.9890385, -0.2218967, , , , , , , 11.9890385, 0.0162814, , , , , , , 11.9890385, 0.0157778, , , , , , , , , , , , , , , , , , , , , , , , , , , , 
11.9895577, 0.0500191, , , , , , , 11.9895577, -0.1646601, , , , , , , 11.9895577, -0.0184634, , , , , , , 11.9895577, 0.0072175, , , , , , , , , , , , , , , , , , , , , , , , , , , , 
11.9900769, 0.0602579, , , , , , , 11.9900769, -0.1364614, , , , , , , 11.9900769, -0.0532082, , , , , , , 11.9900769, -0.0036927, , , , , , , , , , , , , , , , , , , , , , , , , , , , 
11.9905962, 0.0637827, , , , , , , 11.9905962, -0.1284047, , , , , , , 11.9905962, -0.0820783, , , , , , , 11.9905962, -0.0149386, , , , , , , , , , , , , , , , , , , , , , , , , , , , 
11.9911154, 0.0673075, , , , , , , 11.9911154, -0.1169909, , , , , , , 11.9911154, -0.1015488, , , , , , , 11.9911154, -0.0223239, , , , , , , , , , , , , , , , , , , , , , , , , , , , 
11.9916346, 0.0755322, , , , , , , 11.9916346, -0.0971847, , , , , , , 11.9916346, -0.1122911, , , , , , , 11.9916346, -0.0256809, , , , , , , , , , , , , , , , , , , , , , , , , , , , 
11.9921538, 0.0844282, , , , , , , 11.9921538, -0.0619364, , , , , , , 11.9921538, -0.1200122, , , , , , , 11.9921538, -0.0297093, , , , , , , , , , , , , , , , , , , , , , , , , , , , 
11.9926731, 0.0881209, , , , , , , 11.9926731, -0.0092317, , , , , , , 11.9926731, -0.1190051, , , , , , , 11.9926731, -0.0317235, , , , , , , , , , , , , , , , , , , , , , , , , , , , 
11.9931923, 0.085771, , , , , , , 11.9931923, 0.0381018, , , , , , , 11.9931923, -0.1062486, , , , , , , 11.9931923, -0.033402, , , , , , , , , , , , , , , , , , , , , , , , , , , , 
11.9937115, 0.0850996, , , , , , , 11.9937115, 0.0736858, , , , , , , 11.9937115, -0.0955062, , , , , , , 11.9937115, -0.0287022, , , , , , , , , , , , , , , , , , , , , , , , , , , , 
11.9942308, 0.0835889, , , , , , , 11.9942308, 0.1238727, , , , , , , 11.9942308, -0.0820783, , , , , , , 11.9942308, -0.0223239, , , , , , , , , , , , , , , , , , , , , , , , , , , , 
11.99475, 0.079057, , , , , , , 11.99475, 0.1639887, , , , , , , 11.99475, -0.0582437, , , , , , , 11.99475, -0.0166171, , , , , , , , , , , , , , , , , , , , , , , , , , , , 
11.9952692, 0.0736858, , , , , , , 11.9952692, 0.1743954, , , , , , , 11.9952692, -0.0297093, , , , , , , 11.9952692, -0.0085603, , , , , , , , , , , , , , , , , , , , , , , , , , , , 
11.9957885, 0.0713359, , , , , , , 11.9957885, 0.1673457, , , , , , , 11.9957885, -0.0102388, , , , , , , 11.9957885, 0.0011749, , , , , , , , , , , , , , , , , , , , , , , , , , , , 
11.9963077, 0.0683146, , , , , , , 11.9963077, 0.1562676, , , , , , , 11.9963077, -0.0068818, , , , , , , 11.9963077, 0.0075532, , , , , , , , , , , , , , , , , , , , , , , , , , , , 
11.9968269, 0.0753643, , , , , , , 11.9968269, 0.1566033, , , , , , , 11.9968269, -0.0072175, , , , , , , 11.9968269, 0.0109102, , , , , , , , , , , , , , , , , , , , , , , , , , , , 
11.9973462, 0.0916457, , , , , , , 11.9973462, 0.1592889, , , , , , , 11.9973462, -0.0050355, , , , , , , 11.9973462, 0.0129244, , , , , , , , , , , , , , , , , , , , , , , , , , , , 
11.9978654, 0.1122911, , , , , , , 11.9978654, 0.1559319, , , , , , , 11.9978654, -0.0149386, , , , , , , 11.9978654, 0.023331, , , , , , , , , , , , , , , , , , , , , , , , , , , , 
11.9983846, 0.1320974, , , , , , , 11.9983846, 0.1562676, , , , , , , 11.9983846, -0.0337377, , , , , , , 11.9983846, 0.0424659, , , , , , , , , , , , , , , , , , , , , , , , , , , , 
11.9989038, 0.1320974, , , , , , , 11.9989038, 0.1378042, , , , , , , 11.9989038, -0.0431373, , , , , , , 11.9989038, 0.0649577, , , , , , , , , , , , , , , , , , , , , , , , , , , , 
11.9994231, 0.1089342, , , , , , , 11.9994231, 0.0716716, , , , , , , 11.9994231, -0.0377661, , , , , , , 11.9994231, 0.0834211, , , , , , , , , , , , , , , , , , , , , , , , , , , , 
11.9999423, 0.0763714, , , , , , , 11.9999423, -0.0270237, , , , , , , 11.9999423, -0.005539, , , , , , , 11.9999423, 0.0884565, , , , , , , , , , , , , , , , , , , , , , , , , , , , 
12.0004615, 0.0438087, , , , , , , 12.0004615, -0.0998703, , , , , , , 12.0004615, 0.0464942, , , , , , , 12.0004615, 0.0844282, , , , , , , , , , , , , , , , , , , , , , , , , , , , 
12.0009808, 0.0092317, , , , , , , 12.0009808, -0.1096056, , , , , , , 12.0009808, 0.0830854, , , , , , , 12.0009808, 0.0741894, , , , , , , , , , , , , , , , , , , , , , , , , , , , 
12.0015, -0.0231632, , , , , , , 12.0015, -0.1028916, , , , , , , 12.0015, 0.085771, , , , , , , 12.0015, 0.0602579, , , , , , , , , , , , , , , , , , , , , , , , , , , , 
12.0020192, -0.0532082, , , , , , , 12.0020192, -0.1193408, , , , , , , 12.0020192, 0.0663005, , , , , , , 12.0020192, 0.0441444, , , , , , , , , , , , , , , , , , , , , , , , , , , , 
12.0025385, -0.0810712, , , , , , , 12.0025385, -0.1243763, , , , , , , 12.0025385, 0.0382696, , , , , , , 12.0025385, 0.0307164, , , , , , , , , , , , , , , , , , , , , , , , , , , , 
12.0030577, -0.1096056, , , , , , , 12.0030577, -0.1099413, , , , , , , 12.0030577, 0.0246738, , , , , , , 12.0030577, 0.0246738, , , , , , , , , , , , , , , , , , , , , , , , , , , , 
12.0035769, -0.1324331, , , , , , , 12.0035769, -0.1015488, , , , , , , 12.0035769, 0.0283665, , , , , , , 12.0035769, 0.0226596, , , , , , , , , , , , , , , , , , , , , , , , , , , , 
12.0040962, -0.1420005, , , , , , , 12.0040962, -0.1143053, , , , , , , 12.0040962, 0.0280308, , , , , , , 12.0040962, 0.0199741, , , , , , , , , , , , , , , , , , , , , , , , , , , , 
12.0046154, -0.1414969, , , , , , , 12.0046154, -0.1245441, , , , , , , 12.0046154, 0.0125887, , , , , , , 12.0046154, 0.0159457, , , , , , , , , , , , , , , , , , , , , , , , , , , , 
12.0051346, -0.1399863, , , , , , , 12.0051346, -0.1012131, , , , , , , 12.0051346, -0.0082246, , , , , , , 12.0051346, 0.0159457, , , , , , , , , , , , , , , , , , , , , , , , , , , , 
12.0056538, -0.1394827, , , , , , , 12.0056538, -0.0642863, , , , , , , 12.0056538, -0.0240024, , , , , , , 12.0056538, 0.0191348, , , , , , , , , , , , , , , , , , , , , , , , , , , , 
12.0061731, -0.1344472, , , , , , , 12.0061731, -0.0439765, , , , , , , 12.0061731, -0.0302129, , , , , , , 12.0061731, 0.0199741, , , , , , , , , , , , , , , , , , , , , , , , , , , , 
12.0066923, -0.1193408, , , , , , , 12.0066923, -0.0426337, , , , , , , 12.0066923, -0.0287022, , , , , , , 12.0066923, 0.0159457, , , , , , , , , , , , , , , , , , , , , , , , , , , , 
12.0072115, -0.093492, , , , , , , 12.0072115, -0.0426337, , , , , , , 12.0072115, -0.0364233, , , , , , , 12.0072115, 0.0052033, , , , , , , , , , , , , , , , , , , , , , , , , , , , 
12.0077308, -0.0652934, , , , , , , 12.0077308, -0.026688, , , , , , , 12.0077308, -0.047837, , , , , , , 12.0077308, -0.0078889, , , , , , , , , , , , , , , , , , , , , , , , , , , , 
12.00825, -0.0344091, , , , , , , 12.00825, 0.0038605, , , , , , , 12.00825, -0.0538796, , , , , , , 12.00825, -0.0171206, , , , , , , , , , , , , , , , , , , , , , , , , , , , 
12.0087692, -0.0048676, , , , , , , 12.0087692, 0.036759, , , , , , , 12.0087692, -0.0641184, , , , , , , 12.0087692, -0.0209812, , , , , , , , , , , , , , , , , , , , , , , , , , , , 
12.0092885, 0.0139315, , , , , , , 12.0092885, 0.0740215, , , , , , , 12.0092885, -0.0820783, , , , , , , 12.0092885, -0.0236667, , , , , , , , , , , , , , , , , , , , , , , , , , , , 
12.0098077, 0.0179599, , , , , , , 12.0098077, 0.1193408, , , , , , , 12.0098077, -0.1025559, , , , , , , 12.0098077, -0.0260166, , , , , , , , , , , , , , , , , , , , , , , , , , , , 
12.0103269, 0.0125887, , , , , , , 12.0103269, 0.1381399, , , , , , , 12.0103269, -0.1196765, , , , , , , 12.0103269, -0.0290379, , , , , , , , , , , , , , , , , , , , , , , , , , , , 
12.0108462, 0.0031891, , , , , , , 12.0108462, 0.1352865, , , , , , , 12.0108462, -0.1263905, , , , , , , 12.0108462, -0.030045, , , , , , , , , , , , , , , , , , , , , , , , , , , , 
12.0113654, -0.0005035, , , , , , , 12.0113654, 0.1468681, , , , , , , 12.0113654, -0.1183337, , , , , , , 12.0113654, -0.0256809, , , , , , , , , , , , , , , , , , , , , , , , , , , , 
12.0118846, -0.0001678, , , , , , , 12.0118846, 0.1619745, , , , , , , 12.0118846, -0.1022202, , , , , , , 12.0118846, -0.0229953, , , , , , , , , , , , , , , , , , , , , , , , , , , , 
12.0124038, -0.0008392, , , , , , , 12.0124038, 0.1534142, , , , , , , 12.0124038, -0.0869459, , , , , , , 12.0124038, -0.0223239, , , , , , , , , , , , , , , , , , , , , , , , , , , , 
12.0129231, -0.002182, , , , , , , 12.0129231, 0.13579, , , , , , , 12.0129231, -0.0753643, , , , , , , 12.0129231, -0.018967, , , , , , , , , , , , , , , , , , , , , , , , , , , , 
12.0134423, -0.0015106, , , , , , , 12.0134423, 0.1109483, , , , , , , 12.0134423, -0.0647898, , , , , , , 12.0134423, -0.0099031, , , , , , , , , , , , , , , , , , , , , , , , , , , , 
12.0139615, -0.0028534, , , , , , , 12.0139615, 0.0864424, , , , , , , 12.0139615, -0.0560616, , , , , , , 12.0139615, 0.0011749, , , , , , , , , , , , , , , , , , , , , , , , , , , , 
12.0144808, -0.0077211, , , , , , , 12.0144808, 0.0387732, , , , , , , 12.0144808, -0.0513619, , , , , , , 12.0144808, 0.0115816, , , , , , , , , , , , , , , , , , , , , , , , , , , , 
12.015, -0.0159457, , , , , , , 12.015, -0.0527047, , , , , , , 12.015, -0.0475013, , , , , , , 12.015, 0.0142672, , , , , , , , , , , , , , , , , , , , , , , , , , , , 
12.0155192, -0.0223239, , , , , , , 12.0155192, -0.149218, , , , , , , 12.0155192, -0.0394446, , , , , , , 12.0155192, 0.0115816, , , , , , , , , , , , , , , , , , , , , , , , , , , , 
12.0160385, -0.0209812, , , , , , , 12.0160385, -0.179263, , , , , , , 12.0160385, -0.0270237, , , , , , , 12.0160385, 0.0099031, , , , , , , , , , , , , , , , , , , , , , , , , , , , 
12.0165577, -0.0135958, , , , , , , 12.0165577, -0.1305867, , , , , , , 12.0165577, -0.012253, , , , , , , 12.0165577, 0.0065461, , , , , , , , , , , , , , , , , , , , , , , , , , , , 
12.0170769, -0.0062104, , , , , , , 12.0170769, -0.0715038, , , , , , , 12.0170769, 0.0036927, , , , , , , 12.0170769, -0.005539, , , , , , , , , , , , , , , , , , , , , , , , , , , , 
12.0175962, 0.0005035, , , , , , , 12.0175962, -0.0498512, , , , , , , 12.0175962, 0.023331, , , , , , , 12.0175962, -0.0159457, , , , , , , , , , , , , , , , , , , , , , , , , , , , 
12.0181154, -0.0003357, , , , , , , 12.0181154, -0.0357519, , , , , , , 12.0181154, 0.0461585, , , , , , , 12.0181154, -0.0206455, , , , , , , , , , , , , , , , , , , , , , , , , , , , 
12.0186346, -0.0018463, , , , , , , 12.0186346, 0.0317235, , , , , , , 12.0186346, 0.0694896, , , , , , , 12.0186346, -0.0219883, , , , , , , , , , , , , , , , , , , , , , , , , , , , 
12.0191538, 0.0025177, , , , , , , 12.0191538, 0.1240406, , , , , , , 12.0191538, 0.0938277, , , , , , , 12.0191538, -0.0229953, , , , , , , , , , , , , , , , , , , , , , , , , , , , 
12.0196731, 0.0052033, , , , , , , 12.0196731, 0.1008774, , , , , , , 12.0196731, 0.1085985, , , , , , , 12.0196731, -0.0250095, , , , , , , , , , , , , , , , , , , , , , , , , , , , 
12.0201923, -0.0008392, , , , , , , 12.0201923, -0.0246738, , , , , , , 12.0201923, 0.111284, , , , , , , 12.0201923, -0.0258488, , , , , , , , , , , , , , , , , , , , , , , , , , , , 
12.0207115, -0.0149386, , , , , , , 12.0207115, -0.1414969, , , , , , , 12.0207115, 0.1198444, , , , , , , 12.0207115, -0.0199741, , , , , , , , , , , , , , , , , , , , , , , , , , , , 
12.0212308, -0.0359197, , , , , , , 12.0212308, -0.2197147, , , , , , , 12.0212308, 0.1495537, , , , , , , 12.0212308, -0.0129244, , , , , , , , , , , , , , , , , , , , , , , , , , , , 
12.02175, -0.051194, , , , , , , 12.02175, -0.2391852, , , , , , , 12.02175, 0.1896696, , , , , , , 12.02175, -0.0102388, , , , , , , , , , , , , , , , , , , , , , , , , , , , 
12.0222692, -0.0501869, , , , , , , 12.0222692, -0.1619745, , , , , , , 12.0222692, 0.2062867, , , , , , , 12.0222692, -0.005539, , , , , , , , , , , , , , , , , , , , , , , , , , , , 
12.0227885, -0.0458228, , , , , , , 12.0227885, -0.0404517, , , , , , , 12.0227885, 0.1923552, , , , , , , 12.0227885, 0.005539, , , , , , , , , , , , , , , , , , , , , , , , , , , , 
12.0233077, -0.0498512, , , , , , , 12.0233077, 0.0011749, , , , , , , 12.0233077, 0.1559319, , , , , , , 12.0233077, 0.0253452, , , , , , , , , , , , , , , , , , , , , , , , , , , , 
12.0238269, -0.051194, , , , , , , 12.0238269, -0.0307164, , , , , , , 12.0238269, 0.1064164, , , , , , , 12.0238269, 0.0471656, , , , , , , , , , , , , , , , , , , , , , , , , , , , 
12.0243462, -0.0493477, , , , , , , 12.0243462, -0.0525368, , , , , , , 12.0243462, 0.0530404, , , , , , , 12.0243462, 0.0609293, , , , , , , , , , , , , , , , , , , , , , , , , , , , 
12.0248654, -0.0548867, , , , , , , 12.0248654, -0.0587472, , , , , , , 12.0248654, 0.005539, , , , , , , 12.0248654, 0.0686503, , , , , , , , , , , , , , , , , , , , , , , , , , , , 
12.0253846, -0.0642863, , , , , , , 12.0253846, -0.0627756, , , , , , , 12.0253846, -0.0347448, , , , , , , 12.0253846, 0.0703288, , , , , , , , , , , , , , , , , , , , , , , , , , , , 
12.0259038, -0.0720073, , , , , , , 12.0259038, -0.0464942, , , , , , , 12.0259038, -0.0673075, , , , , , , 12.0259038, 0.0663005, , , , , , , , , , , , , , , , , , , , , , , , , , , , 
12.0264231, -0.0699931, , , , , , , 12.0264231, -0.0246738, , , , , , , 12.0264231, -0.093492, , , , , , , 12.0264231, 0.0582437, , , , , , , , , , , , , , , , , , , , , , , , , , , , 
12.0269423, -0.054551, , , , , , , 12.0269423, -0.0129244, , , , , , , 12.0269423, -0.1136339, , , , , , , 12.0269423, 0.0421302, , , , , , , , , , , , , , , , , , , , , , , , , , , , 
12.0274615, -0.0297093, , , , , , , 12.0274615, 0.0008392, , , , , , , 12.0274615, -0.1243763, , , , , , , 12.0274615, 0.0219883, , , , , , , , , , , , , , , , , , , , , , , , , , , , 
12.0279808, -0.0109102, , , , , , , 12.0279808, 0.0112459, , , , , , , 12.0279808, -0.1290761, , , , , , , 12.0279808, 0.0062104, , , , , , , , , , , , , , , , , , , , , , , , , , , , 
12.0285, -0.0090639, , , , , , , 12.0285, 0.0179599, , , , , , , 12.0285, -0.131426, , , , , , , 12.0285, -0.0011749, , , , , , , , , , , , , , , , , , , , , , , , , , , , 
12.0290192, -0.0095674, , , , , , , 12.0290192, 0.0307164, , , , , , , 12.0290192, -0.1317617, , , , , , , 12.0290192, -0.0030213, , , , , , , , , , , , , , , , , , , , , , , , , , , , 
12.0295385, 0.0005035, , , , , , , 12.0295385, 0.0710002, , , , , , , 12.0295385, -0.1294118, , , , , , , 12.0295385, -0.0026856, , , , , , , , , , , , , , , , , , , , , , , , , , , , 
12.0300577, 0.0119173, , , , , , , 12.0300577, 0.1263905, , , , , , , 12.0300577, -0.1290761, , , , , , , 12.0300577, 0.0035248, , , , , , , , , , , , , , , , , , , , , , , , , , , , 
12.0305769, 0.0179599, , , , , , , 12.0305769, 0.1381399, , , , , , , 12.0305769, -0.1237049, , , , , , , 12.0305769, 0.0199741, , , , , , , , , , , , , , , , , , , , , , , , , , , , 
12.0310962, 0.0226596, , , , , , , 12.0310962, 0.1139696, , , , , , , 12.0310962, -0.1032273, , , , , , , 12.0310962, 0.040116, , , , , , , , , , , , , , , , , , , , , , , , , , , , 
12.0316154, 0.0290379, , , , , , , 12.0316154, 0.0897993, , , , , , , 12.0316154, -0.0703288, , , , , , , 12.0316154, 0.0602579, , , , , , , , , , , , , , , , , , , , , , , , , , , , 
12.0321346, 0.0325628, , , , , , , 12.0321346, 0.0621042, , , , , , , 12.0321346, -0.0310521, , , , , , , 12.0321346, 0.082414, , , , , , , , , , , , , , , , , , , , , , , , , , , , 
12.0326538, 0.0280308, , , , , , , 12.0326538, 0.0184634, , , , , , , 12.0326538, 0.003357, , , , , , , 12.0326538, 0.1079271, , , , , , , , , , , , , , , , , , , , , , , , , , , , 
12.0331731, 0.0206455, , , , , , , 12.0331731, -0.0276951, , , , , , , 12.0331731, 0.0260166, , , , , , , 12.0331731, 0.1233692, , , , , , , , , , , , , , , , , , , , , , , , , , , , 
12.0336923, 0.0172885, , , , , , , 12.0336923, -0.0528725, , , , , , , 12.0336923, 0.0352483, , , , , , , 12.0336923, 0.121355, , , , , , , , , , , , , , , , , , , , , , , , , , , , 
12.0342115, 0.0139315, , , , , , , 12.0342115, -0.0710002, , , , , , , 12.0342115, 0.0347448, , , , , , , 12.0342115, 0.105745, , , , , , , , , , , , , , , , , , , , , , , , , , , , 
12.0347308, 0.0112459, , , , , , , 12.0347308, -0.1045701, , , , , , , 12.0347308, 0.0330663, , , , , , , 12.0347308, 0.0847639, , , , , , , , , , , , , , , , , , , , , , , , , , , , 
12.03525, 0.0090639, , , , , , , 12.03525, -0.1327687, , , , , , , 12.03525, 0.0354162, , , , , , , 12.03525, 0.0574044, , , , , , , , , , , , , , , , , , , , , , , , , , , , 
12.0357692, 0.0132601, , , , , , , 12.0357692, -0.1257191, , , , , , , 12.0357692, 0.0414588, , , , , , , 12.0357692, 0.0293736, , , , , , , , , , , , , , , , , , , , , , , , , , , , 
12.0362885, 0.0243381, , , , , , , 12.0362885, -0.0861067, , , , , , , 12.0362885, 0.0424659, , , , , , , 12.0362885, 0.0052033, , , , , , , , , , , , , , , , , , , , , , , , , , , , 
12.0368077, 0.0381018, , , , , , , 12.0368077, -0.0417945, , , , , , , 12.0368077, 0.0332341, , , , , , , 12.0368077, -0.0176242, , , , , , , , , , , , , , , , , , , , , , , , , , , , 
12.0373269, 0.0585794, , , , , , , 12.0373269, -0.0140993, , , , , , , 12.0373269, 0.0172885, , , , , , , 12.0373269, -0.0404517, , , , , , , , , , , , , , , , , , , , , , , , , , , , 
12.0378462, 0.0773785, , , , , , , 12.0378462, -0.0035248, , , , , , , 12.0378462, 0.0038605, , , , , , , 12.0378462, -0.0558938, , , , , , , , , , , , , , , , , , , , , , , , , , , , 
12.0383654, 0.0904707, , , , , , , 12.0383654, 0.0001678, , , , , , , 12.0383654, -0.0095674, , , , , , , 12.0383654, -0.0666361, , , , , , , , , , , , , , , , , , , , , , , , , , , , 
12.0388846, 0.100206, , , , , , , 12.0388846, 0.0048676, , , , , , , 12.0388846, -0.0243381, , , , , , , 12.0388846, -0.072343, , , , , , , , , , , , , , , , , , , , , , , , , , , , 
12.0394038, 0.1082628, , , , , , , 12.0394038, 0.0104067, , , , , , , 12.0394038, -0.0357519, , , , , , , 12.0394038, -0.0746929, , , , , , , , , , , , , , , , , , , , , , , , , , , , 
12.0399231, 0.1156481, , , , , , , 12.0399231, 0.018967, , , , , , , 12.0399231, -0.0381018, , , , , , , 12.0399231, -0.0726787, , , , , , , , , , , , , , , , , , , , , , , , , , , , 
12.0404423, 0.1216907, , , , , , , 12.0404423, 0.0327306, , , , , , , 12.0404423, -0.0344091, , , , , , , 12.0404423, -0.0686503, , , , , , , , , , , , , , , , , , , , , , , , , , , , 
12.0409615, 0.1243763, , , , , , , 12.0409615, 0.0468299, , , , , , , 12.0409615, -0.0297093, , , , , , , 12.0409615, -0.0622721, , , , , , , , , , , , , , , , , , , , , , , , , , , , 
12.0414808, 0.124712, , , , , , , 12.0414808, 0.0582437, , , , , , , 12.0414808, -0.0216526, , , , , , , 12.0414808, -0.0569009, , , , , , , , , , , , , , , , , , , , , , , , , , , , 
12.042, 0.1226978, , , , , , , 12.042, 0.0602579, , , , , , , 12.042, -0.0166171, , , , , , , 12.042, -0.0491798, , , , , , , , , , , , , , , , , , , , , , , , , , , , 
12.0425192, 0.1163195, , , , , , , 12.0425192, 0.0642863, , , , , , , 12.0425192, -0.0172885, , , , , , , 12.0425192, -0.0370947, , , , , , , , , , , , , , , , , , , , , , , , , , , , 
12.0430385, 0.1072557, , , , , , , 12.0430385, 0.0802319, , , , , , , 12.0430385, -0.0139315, , , , , , , 12.0430385, -0.024506, , , , , , , , , , , , , , , , , , , , , , , , , , , , 
12.0435577, 0.0924849, , , , , , , 12.0435577, 0.0887922, , , , , , , 12.0435577, 0.0011749, , , , , , , 12.0435577, -0.0130922, , , , , , , , , , , , , , , , , , , , , , , , , , , , 
12.0440769, 0.082414, , , , , , , 12.0440769, 0.0827497, , , , , , , 12.0440769, 0.018967, , , , , , , 12.0440769, -0.0015106, , , , , , , , , , , , , , , , , , , , , , , , , , , , 
12.0445962, 0.0767071, , , , , , , 12.0445962, 0.0850996, , , , , , , 12.0445962, 0.0360876, , , , , , , 12.0445962, 0.0109102, , , , , , , , , , , , , , , , , , , , , , , , , , , , 
12.0451154, 0.0673075, , , , , , , 12.0451154, 0.0894636, , , , , , , 12.0451154, 0.0621042, , , , , , , 12.0451154, 0.0226596, , , , , , , , , , , , , , , , , , , , , , , , , , , , 
12.0456346, 0.0535439, , , , , , , 12.0456346, 0.0757, , , , , , , 12.0456346, 0.0998703, , , , , , , 12.0456346, 0.0310521, , , , , , , , , , , , , , , , , , , , , , , , , , , , 
12.0461538, 0.0417945, , , , , , , 12.0461538, 0.0448157, , , , , , , 12.0461538, 0.1465324, , , , , , , 12.0461538, 0.0381018, , , , , , , , , , , , , , , , , , , , , , , , , , , , 
12.0466731, 0.0360876, , , , , , , 12.0466731, 0.0441444, , , , , , , 12.0466731, 0.1837949, , , , , , , 12.0466731, 0.0411231, , , , , , , , , , , , , , , , , , , , , , , , , , , , 
12.0471923, 0.0428016, , , , , , , 12.0471923, 0.0750286, , , , , , , 12.0471923, 0.1905089, , , , , , , 12.0471923, 0.0387732, , , , , , , , , , , , , , , , , , , , , , , , , , , , 
12.0477115, 0.0557259, , , , , , , 12.0477115, 0.0965133, , , , , , , 12.0477115, 0.16701, , , , , , , 12.0477115, 0.0384375, , , , , , , , , , , , , , , , , , , , , , , , , , , , 
12.0482308, 0.0575723, , , , , , , 12.0482308, 0.1099413, , , , , , , 12.0482308, 0.1126268, , , , , , , 12.0482308, 0.0471656, , , , , , , , , , , , , , , , , , , , , , , , , , , , 
12.04875, 0.0552224, , , , , , , 12.04875, 0.131426, , , , , , , 12.04875, 0.0359197, , , , , , , 12.04875, 0.0587472, , , , , , , , , , , , , , , , , , , , , , , , , , , , 
12.0492692, 0.0548867, , , , , , , 12.0492692, 0.1431754, , , , , , , 12.0492692, -0.0453193, , , , , , , 12.0492692, 0.0642863, , , , , , , , , , , , , , , , , , , , , , , , , , , , 
12.0497885, 0.0592508, , , , , , , 12.0497885, 0.1203479, , , , , , , 12.0497885, -0.1094377, , , , , , , 12.0497885, 0.0599222, , , , , , , , , , , , , , , , , , , , , , , , , , , , 
12.0503077, 0.0629435, , , , , , , 12.0503077, 0.0795605, , , , , , , 12.0503077, -0.1542535, , , , , , , 12.0503077, 0.0485084, , , , , , , , , , , , , , , , , , , , , , , , , , , , 
12.0508269, 0.0616007, , , , , , , 12.0508269, 0.0035248, , , , , , , 12.0508269, -0.1797665, , , , , , , 12.0508269, 0.0384375, , , , , , , , , , , , , , , , , , , , , , , , , , , , 
12.0513462, 0.0589151, , , , , , , 12.0513462, -0.1176623, , , , , , , 12.0513462, -0.188159, , , , , , , 12.0513462, 0.0293736, , , , , , , , , , , , , , , , , , , , , , , , , , , , 
12.0518654, 0.0629435, , , , , , , 12.0518654, -0.2526131, , , , , , , 12.0518654, -0.1844663, , , , , , , 12.0518654, 0.023331, , , , , , , , , , , , , , , , , , , , , , , , , , , , 
12.0523846, 0.0669718, , , , , , , 12.0523846, -0.3274739, , , , , , , 12.0523846, -0.1727169, , , , , , , 12.0523846, 0.0226596, , , , , , , , , , , , , , , , , , , , , , , , , , , , 
12.0529038, 0.0669718, , , , , , , 12.0529038, -0.2915541, , , , , , , 12.0529038, -0.1579461, , , , , , , 12.0529038, 0.0224918, , , , , , , , , , , , , , , , , , , , , , , , , , , , 
12.0534231, 0.0621042, , , , , , , 12.0534231, -0.219379, , , , , , , 12.0534231, -0.1451896, , , , , , , 12.0534231, 0.0172885, , , , , , , , , , , , , , , , , , , , , , , , , , , , 
12.0539423, 0.0562295, , , , , , , 12.0539423, -0.2150149, , , , , , , 12.0539423, -0.1344472, , , , , , , 12.0539423, 0.0099031, , , , , , , , , , , , , , , , , , , , , , , , , , , , 
12.0544615, 0.0560616, , , , , , , 12.0544615, -0.2458991, , , , , , , 12.0544615, -0.1233692, , , , , , , 12.0544615, 0.0070497, , , , , , , , , , , , , , , , , , , , , , , , , , , , 
12.0549808, 0.0562295, , , , , , , 12.0549808, -0.239353, , , , , , , 12.0549808, -0.1156481, , , , , , , 12.0549808, 0.0052033, , , , , , , , , , , , , , , , , , , , , , , , , , , , 
12.0555, 0.0528725, , , , , , , 12.0555, -0.2187076, , , , , , , 12.0555, -0.1144732, , , , , , , 12.0555, 0.0008392, , , , , , , , , , , , , , , , , , , , , , , , , , , , 
12.0560192, 0.0417945, , , , , , , 12.0560192, -0.2079652, , , , , , , 12.0560192, -0.1089342, , , , , , , 12.0560192, -0.0018463, , , , , , , , , , , , , , , , , , , , , , , , , , , , 
12.0565385, 0.0320592, , , , , , , 12.0565385, -0.1589532, , , , , , , 12.0565385, -0.0909743, , , , , , , 12.0565385, -0.0018463, , , , , , , , , , , , , , , , , , , , , , , , , , , , 
12.0570577, 0.0391089, , , , , , , 12.0570577, -0.0864424, , , , , , , 12.0570577, -0.0649577, , , , , , , 12.0570577, -0.0070497, , , , , , , , , , , , , , , , , , , , , , , , , , , , 
12.0575769, 0.054551, , , , , , , 12.0575769, -0.0297093, , , , , , , 12.0575769, -0.0381018, , , , , , , 12.0575769, -0.0127565, , , , , , , , , , , , , , , , , , , , , , , , , , , , 
12.0580962, 0.0632792, , , , , , , 12.0580962, 0.0052033, , , , , , , 12.0580962, -0.0169528, , , , , , , 12.0580962, -0.0130922, , , , , , , , , , , , , , , , , , , , , , , , , , , , 
12.0586154, 0.0641184, , , , , , , 12.0586154, 0.0263523, , , , , , , 12.0586154, 0.0005035, , , , , , , 12.0586154, -0.0125887, , , , , , , , , , , , , , , , , , , , , , , , , , , , 
12.0591346, 0.0642863, , , , , , , 12.0591346, 0.0172885, , , , , , , 12.0591346, 0.0191348, , , , , , , 12.0591346, -0.0171206, , , , , , , , , , , , , , , , , , , , , , , , , , , , 
12.0596538, 0.0696574, , , , , , , 12.0596538, -0.0162814, , , , , , , 12.0596538, 0.0387732, , , , , , , 12.0596538, -0.0229953, , , , , , , , , , , , , , , , , , , , , , , , , , , , 
12.0601731, 0.0720073, , , , , , , 12.0601731, -0.0132601, , , , , , , 12.0601731, 0.0513619, , , , , , , 12.0601731, -0.0260166, , , , , , , , , , , , , , , , , , , , , , , , , , , , 
12.0606923, 0.0649577, , , , , , , 12.0606923, 0.0193027, , , , , , , 12.0606923, 0.0589151, , , , , , , 12.0606923, -0.024506, , , , , , , , , , , , , , , , , , , , , , , , , , , , 
12.0612115, 0.0535439, , , , , , , 12.0612115, 0.036759, , , , , , , 12.0612115, 0.0669718, , , , , , , 12.0612115, -0.0209812, , , , , , , , , , , , , , , , , , , , , , , , , , , , 
12.0617308, 0.0399481, , , , , , , 12.0617308, 0.0354162, , , , , , , 12.0617308, 0.0726787, , , , , , , 12.0617308, -0.0149386, , , , , , , , , , , , , , , , , , , , , , , , , , , , 
12.06225, 0.0253452, , , , , , , 12.06225, 0.0135958, , , , , , , 12.06225, 0.0736858, , , , , , , 12.06225, -0.0077211, , , , , , , , , , , , , , , , , , , , , , , , , , , , 
12.0627692, 0.0112459, , , , , , , 12.0627692, -0.0236667, , , , , , , 12.0627692, 0.0720073, , , , , , , 12.0627692, 0.0005035, , , , , , , , , , , , , , , , , , , , , , , , , , , , 
12.0632885, -0.0018463, , , , , , , 12.0632885, -0.0386053, , , , , , , 12.0632885, 0.0730144, , , , , , , 12.0632885, 0.0109102, , , , , , , , , , , , , , , , , , , , , , , , , , , , 
12.0638077, -0.0196384, , , , , , , 12.0638077, -0.0083925, , , , , , , 12.0638077, 0.0773785, , , , , , , 12.0638077, 0.0240024, , , , , , , , , , , , , , , , , , , , , , , , , , , , 
12.0643269, -0.0359197, , , , , , , 12.0643269, 0.0344091, , , , , , , 12.0643269, 0.0830854, , , , , , , 12.0643269, 0.0441444, , , , , , , , , , , , , , , , , , , , , , , , , , , , 
12.0648462, -0.0464942, , , , , , , 12.0648462, 0.0572366, , , , , , , 12.0648462, 0.0981918, , , , , , , 12.0648462, 0.0663005, , , , , , , , , , , , , , , , , , , , , , , , , , , , 
12.0653654, -0.0528725, , , , , , , 12.0653654, 0.0743572, , , , , , , 12.0653654, 0.1260548, , , , , , , 12.0653654, 0.0810712, , , , , , , , , , , , , , , , , , , , , , , , , , , , 
12.0658846, -0.0575723, , , , , , , 12.0658846, 0.1153124, , , , , , , 12.0658846, 0.1441825, , , , , , , 12.0658846, 0.0876173, , , , , , , , , , , , , , , , , , , , , , , , , , , , 
12.0664038, -0.0580758, , , , , , , 12.0664038, 0.1233692, , , , , , , 12.0664038, 0.1451896, , , , , , , 12.0664038, 0.0897993, , , , , , , , , , , , , , , , , , , , , , , , , , , , 
12.0669231, -0.051194, , , , , , , 12.0669231, 0.0772107, , , , , , , 12.0669231, 0.1331044, , , , , , , 12.0669231, 0.0871138, , , , , , , , , , , , , , , , , , , , , , , , , , , , 
12.0674423, -0.0387732, , , , , , , 12.0674423, 0.0397803, , , , , , , 12.0674423, 0.1153124, , , , , , , 12.0674423, 0.0740215, , , , , , , , , , , , , , , , , , , , , , , , , , , , 
12.0679615, -0.0276951, , , , , , , 12.0679615, 0.0622721, , , , , , , 12.0679615, 0.100206, , , , , , , 12.0679615, 0.0572366, , , , , , , , , , , , , , , , , , , , , , , , , , , , 
12.0684808, -0.0172885, , , , , , , 12.0684808, 0.1054093, , , , , , , 12.0684808, 0.0975204, , , , , , , 12.0684808, 0.0448157, , , , , , , , , , , , , , , , , , , , , , , , , , , , 
12.069, -0.0105745, , , , , , , 12.069, 0.1206836, , , , , , , 12.069, 0.0985275, , , , , , , 12.069, 0.030045, , , , , , , , , , , , , , , , , , , , , , , , , , , , 
12.0695192, -0.005539, , , , , , , 12.0695192, 0.1173266, , , , , , , 12.0695192, 0.0874495, , , , , , , 12.0695192, 0.0073854, , , , , , , , , , , , , , , , , , , , , , , , , , , , 
12.0700385, 0.0005035, , , , , , , 12.0700385, 0.1149767, , , , , , , 12.0700385, 0.0639506, , , , , , , 12.0700385, -0.0151064, , , , , , , , , , , , , , , , , , , , , , , , , , , , 
12.0705577, 0.0035248, , , , , , , 12.0705577, 0.0944991, , , , , , , 12.0705577, 0.0414588, , , , , , , 12.0705577, -0.0303807, , , , , , , , , , , , , , , , , , , , , , , , , , , , 
12.0710769, 0.0035248, , , , , , , 12.0710769, 0.040116, , , , , , , 12.0710769, 0.017792, , , , , , , 12.0710769, -0.0391089, , , , , , , , , , , , , , , , , , , , , , , , , , , , 
12.0715962, 0.0045319, , , , , , , 12.0715962, -0.0151064, , , , , , , 12.0715962, -0.0193027, , , , , , , 12.0715962, -0.0458228, , , , , , , , , , , , , , , , , , , , , , , , , , , , 
12.0721154, 0.0048676, , , , , , , 12.0721154, -0.0518654, , , , , , , 12.0721154, -0.061265, , , , , , , 12.0721154, -0.0485084, , , , , , , , , , , , , , , , , , , , , , , , , , , , 
12.0726346, 0.0045319, , , , , , , 12.0726346, -0.0867781, , , , , , , 12.0726346, -0.0981918, , , , , , , 12.0726346, -0.0501869, , , , , , , , , , , , , , , , , , , , , , , , , , , , 
12.0731538, 0.0028534, , , , , , , 12.0731538, -0.1020523, , , , , , , 12.0731538, -0.1225299, , , , , , , 12.0731538, -0.0515297, , , , , , , , , , , , , , , , , , , , , , , , , , , , 
12.0736731, -0.0008392, , , , , , , 12.0736731, -0.0988632, , , , , , , 12.0736731, -0.1344472, , , , , , , 12.0736731, -0.0528725, , , , , , , , , , , , , , , , , , , , , , , , , , , , 
12.0741923, 0.0001678, , , , , , , 12.0741923, -0.0938277, , , , , , , 12.0741923, -0.1354543, , , , , , , 12.0741923, -0.0513619, , , , , , , , , , , , , , , , , , , , , , , , , , , , 
12.0747115, 0.0031891, , , , , , , 12.0747115, -0.0703288, , , , , , , 12.0747115, -0.1292439, , , , , , , 12.0747115, -0.0458228, , , , , , , , , , , , , , , , , , , , , , , , , , , , 
12.0752308, 0.0090639, , , , , , , 12.0752308, -0.0350805, , , , , , , 12.0752308, -0.1205158, , , , , , , 12.0752308, -0.0357519, , , , , , , , , , , , , , , , , , , , , , , , , , , , 
12.07575, 0.018967, , , , , , , 12.07575, -0.0112459, , , , , , , 12.07575, -0.1183337, , , , , , , 12.07575, -0.0206455, , , , , , , , , , , , , , , , , , , , , , , , , , , , 
12.0762692, 0.030045, , , , , , , 12.0762692, -0.0166171, , , , , , , 12.0762692, -0.1211872, , , , , , , 12.0762692, -0.0050355, , , , , , , , , , , , , , , , , , , , , , , , , , , , 
12.0767885, 0.043473, , , , , , , 12.0767885, -0.0330663, , , , , , , 12.0767885, -0.1169909, , , , , , , 12.0767885, -0.0018463, , , , , , , , , , , , , , , , , , , , , , , , , , , , 
12.0773077, 0.0522011, , , , , , , 12.0773077, -0.0357519, , , , , , , 12.0773077, -0.1042344, , , , , , , 12.0773077, -0.0068818, , , , , , , , , , , , , , , , , , , , , , , , , , , , 
12.0778269, 0.0562295, , , , , , , 12.0778269, -0.018967, , , , , , , 12.0778269, -0.0928206, , , , , , , 12.0778269, -0.0050355, , , , , , , , , , , , , , , , , , , , , , , , , , , , 
12.0783462, 0.0594186, , , , , , , 12.0783462, 0.0105745, , , , , , , 12.0783462, -0.0746929, , , , , , , 12.0783462, 0.0065461, , , , , , , , , , , , , , , , , , , , , , , , , , , , 
12.0788654, 0.0676432, , , , , , , 12.0788654, 0.0387732, , , , , , , 12.0788654, -0.0391089, , , , , , , 12.0788654, 0.0271916, , , , , , , , , , , , , , , , , , , , , , , , , , , , 
12.0793846, 0.0743572, , , , , , , 12.0793846, 0.0392767, , , , , , , 12.0793846, 0.0031891, , , , , , , 12.0793846, 0.0562295, , , , , , , , , , , , , , , , , , , , , , , , , , , , 
12.0799038, 0.072343, , , , , , , 12.0799038, 0.0025177, , , , , , , 12.0799038, 0.0310521, , , , , , , 12.0799038, 0.0834211, , , , , , , , , , , , , , , , , , , , , , , , , , , , 
12.0804231, 0.0605936, , , , , , , 12.0804231, -0.0330663, , , , , , , 12.0804231, 0.0406195, , , , , , , 12.0804231, 0.1012131, , , , , , , , , , , , , , , , , , , , , , , , , , , , 
12.0809423, 0.0421302, , , , , , , 12.0809423, -0.0287022, , , , , , , 12.0809423, 0.0382696, , , , , , , 12.0809423, 0.1072557, , , , , , , , , , , , , , , , , , , , , , , , , , , , 
12.0814615, 0.0206455, , , , , , , 12.0814615, 0.0043641, , , , , , , 12.0814615, 0.0323949, , , , , , , 12.0814615, 0.1018845, , , , , , , , , , , , , , , , , , , , , , , , , , , , 
12.0819808, 0.0011749, , , , , , , 12.0819808, 0.0135958, , , , , , , 12.0819808, 0.0293736, , , , , , , 12.0819808, 0.0897993, , , , , , , , , , , , , , , , , , , , , , , , , , , , 
12.0825, -0.0176242, , , , , , , 12.0825, -0.0041962, , , , , , , 12.0825, 0.0293736, , , , , , , 12.0825, 0.0758679, , , , , , , , , , , , , , , , , , , , , , , , , , , , 
12.0830192, -0.0360876, , , , , , , 12.0830192, -0.0182956, , , , , , , 12.0830192, 0.0297093, , , , , , , 12.0830192, 0.0622721, , , , , , , , , , , , , , , , , , , , , , , , , , , , 
12.0835385, -0.0532082, , , , , , , 12.0835385, -0.0213169, , , , , , , 12.0835385, 0.0273594, , , , , , , 12.0835385, 0.0471656, , , , , , , , , , , , , , , , , , , , , , , , , , , , 
12.0840577, -0.0713359, , , , , , , 12.0840577, -0.0263523, , , , , , , 12.0840577, 0.0219883, , , , , , , 12.0840577, 0.0320592, , , , , , , , , , , , , , , , , , , , , , , , , , , , 
12.0845769, -0.0924849, , , , , , , 12.0845769, -0.0317235, , , , , , , 12.0845769, 0.0236667, , , , , , , 12.0845769, 0.0243381, , , , , , , , , , , , , , , , , , , , , , , , , , , , 
12.0850962, -0.1117876, , , , , , , 12.0850962, -0.0176242, , , , , , , 12.0850962, 0.0495155, , , , , , , 12.0850962, 0.0219883, , , , , , , , , , , , , , , , , , , , , , , , , , , , 
12.0856154, -0.1284047, , , , , , , 12.0856154, 0.0011749, , , , , , , 12.0856154, 0.0971847, , , , , , , 12.0856154, 0.0193027, , , , , , , , , , , , , , , , , , , , , , , , , , , , 
12.0861346, -0.1359579, , , , , , , 12.0861346, -0.0018463, , , , , , , 12.0861346, 0.1515679, , , , , , , 12.0861346, 0.0129244, , , , , , , , , , , , , , , , , , , , , , , , , , , , 
12.0866538, -0.1310903, , , , , , , 12.0866538, -0.0182956, , , , , , , 12.0866538, 0.1831235, , , , , , , 12.0866538, 0.0011749, , , , , , , , , , , , , , , , , , , , , , , , , , , , 
12.0871731, -0.1166552, , , , , , , 12.0871731, -0.0270237, , , , , , , 12.0871731, 0.1817807, , , , , , , 12.0871731, -0.0132601, , , , , , , , , , , , , , , , , , , , , , , , , , , , 
12.0876923, -0.1017166, , , , , , , 12.0876923, -0.0229953, , , , , , , 12.0876923, 0.1549248, , , , , , , 12.0876923, -0.0290379, , , , , , , , , , , , , , , , , , , , , , , , , , , , 
12.0882115, -0.0884565, , , , , , , 12.0882115, -0.0132601, , , , , , , 12.0882115, 0.1109483, , , , , , , 12.0882115, -0.0384375, , , , , , , , , , , , , , , , , , , , , , , , , , , , 
12.0887308, -0.0740215, , , , , , , 12.0887308, -0.006714, , , , , , , 12.0887308, 0.0473335, , , , , , , 12.0887308, -0.0424659, , , , , , , , , , , , , , , , , , , , , , , , , , , , 
12.08925, -0.0627756, , , , , , , 12.08925, -0.0162814, , , , , , , 12.08925, -0.0270237, , , , , , , 12.08925, -0.0458228, , , , , , , , , , , , , , , , , , , , , , , , , , , , 
12.0897692, -0.0498512, , , , , , , 12.0897692, -0.0344091, , , , , , , 12.0897692, -0.0931563, , , , , , , 12.0897692, -0.043473, , , , , , , , , , , , , , , , , , , , , , , , , , , , 
12.0902885, -0.0317235, , , , , , , 12.0902885, -0.0397803, , , , , , , 12.0902885, -0.1414969, , , , , , , 12.0902885, -0.0377661, , , , , , , , , , , , , , , , , , , , , , , , , , , , 
12.0908077, -0.0152743, , , , , , , 12.0908077, -0.023331, , , , , , , 12.0908077, -0.1775845, , , , , , , 12.0908077, -0.0350805, , , , , , , , , , , , , , , , , , , , , , , , , , , , 
12.0913269, 0.0001678, , , , , , , 12.0913269, 0.0050355, , , , , , , 12.0913269, -0.2052796, , , , , , , 12.0913269, -0.0337377, , , , , , , , , , , , , , , , , , , , , , , , , , , , 
12.0918462, 0.0119173, , , , , , , 12.0918462, 0.0374304, , , , , , , 12.0918462, -0.2250858, , , , , , , 12.0918462, -0.0317235, , , , , , , , , , , , , , , , , , , , , , , , , , , , 
12.0923654, 0.0184634, , , , , , , 12.0923654, 0.0703288, , , , , , , 12.0923654, -0.2331426, , , , , , , 12.0923654, -0.0283665, , , , , , , , , , , , , , , , , , , , , , , , , , , , 
12.0928846, 0.0179599, , , , , , , 12.0928846, 0.0928206, , , , , , , 12.0928846, -0.2292821, , , , , , , 12.0928846, -0.0236667, , , , , , , , , , , , , , , , , , , , , , , , , , , , 
12.0934038, 0.0105745, , , , , , , 12.0934038, 0.0928206, , , , , , , 12.0934038, -0.219379, , , , , , , 12.0934038, -0.0209812, , , , , , , , , , , , , , , , , , , , , , , , , , , , 
12.0939231, 0.0052033, , , , , , , 12.0939231, 0.0663005, , , , , , , 12.0939231, -0.2076295, , , , , , , 12.0939231, -0.0213169, , , , , , , , , , , , , , , , , , , , , , , , , , , , 
12.0944423, 0.0041962, , , , , , , 12.0944423, 0.0293736, , , , , , , 12.0944423, -0.1908446, , , , , , , 12.0944423, -0.0209812, , , , , , , , , , , , , , , , , , , , , , , , , , , , 
12.0949615, 0.0008392, , , , , , , 12.0949615, 0.0035248, , , , , , , 12.0949615, -0.1717098, , , , , , , 12.0949615, -0.0162814, , , , , , , , , , , , , , , , , , , , , , , , , , , , 
12.0954808, -0.0058747, , , , , , , 12.0954808, 0.005539, , , , , , , 12.0954808, -0.1485466, , , , , , , 12.0954808, -0.0050355, , , , , , , , , , , , , , , , , , , , , , , , , , , , 
12.096, -0.0095674, , , , , , , 12.096, 0.0182956, , , , , , , 12.096, -0.1166552, , , , , , , 12.096, 0.0119173, , , , , , , , , , , , , , , , , , , , , , , , , , , , 
12.0965192, -0.0119173, , , , , , , 12.0965192, 0.0206455, , , , , , , 12.0965192, -0.0793927, , , , , , , 12.0965192, 0.0327306, , , , , , , , , , , , , , , , , , , , , , , , , , , , 
12.0970385, -0.0068818, , , , , , , 12.0970385, 0.0218204, , , , , , , 12.0970385, -0.0481727, , , , , , , 12.0970385, 0.0530404, , , , , , , , , , , , , , , , , , , , , , , , , , , , 
12.0975577, 0.0011749, , , , , , , 12.0975577, 0.0347448, , , , , , , 12.0975577, -0.0253452, , , , , , , 12.0975577, 0.0683146, , , , , , , , , , , , , , , , , , , , , , , , , , , , 
12.0980769, 0.0038605, , , , , , , 12.0980769, 0.0360876, , , , , , , 12.0980769, -0.0035248, , , , , , , 12.0980769, 0.0741894, , , , , , , , , , , , , , , , , , , , , , , , , , , , 
12.0985962, 0.0023499, , , , , , , 12.0985962, 0.0072175, , , , , , , 12.0985962, 0.018967, , , , , , , 12.0985962, 0.0696574, , , , , , , , , , , , , , , , , , , , , , , , , , , , 
12.0991154, 0.0060426, , , , , , , 12.0991154, -0.0407874, , , , , , , 12.0991154, 0.0439765, , , , , , , 12.0991154, 0.0629435, , , , , , , , , , , , , , , , , , , , , , , , , , , , 
12.0996346, 0.0105745, , , , , , , 12.0996346, -0.0767071, , , , , , , 12.0996346, 0.0736858, , , , , , , 12.0996346, 0.0585794, , , , , , , , , , , , , , , , , , , , , , , , , , , , 
12.1001538, 0.008896, , , , , , , 12.1001538, -0.0679789, , , , , , , 12.1001538, 0.0944991, , , , , , , 12.1001538, 0.0498512, , , , , , , , , , , , , , , , , , , , , , , , , , , , 
12.1006731, 0.0016785, , , , , , , 12.1006731, -0.0231632, , , , , , , 12.1006731, 0.1012131, , , , , , , 12.1006731, 0.0360876, , , , , , , , , , , , , , , , , , , , , , , , , , , , 
12.1011923, -0.005539, , , , , , , 12.1011923, 0.0011749, , , , , , , 12.1011923, 0.1084306, , , , , , , 12.1011923, 0.0250095, , , , , , , , , , , , , , , , , , , , , , , , , , , , 
12.1017115, -0.012253, , , , , , , 12.1017115, -0.018967, , , , , , , 12.1017115, 0.1226978, , , , , , , 12.1017115, 0.0172885, , , , , , , , , , , , , , , , , , , , , , , , , , , , 
12.1022308, -0.0149386, , , , , , , 12.1022308, -0.0459907, , , , , , , 12.1022308, 0.1351186, , , , , , , 12.1022308, 0.0072175, , , , , , , , , , , , , , , , , , , , , , , , , , , , 
12.10275, -0.0216526, , , , , , , 12.10275, -0.0315557, , , , , , , 12.10275, 0.1367971, , , , , , , 12.10275, -0.0018463, , , , , , , , , , , , , , , , , , , , , , , , , , , , 
12.1032692, -0.0377661, , , , , , , 12.1032692, 0.0273594, , , , , , , 12.1032692, 0.1287404, , , , , , , 12.1032692, -0.0068818, , , , , , , , , , , , , , , , , , , , , , , , , , , , 
12.1037885, -0.0528725, , , , , , , 12.1037885, 0.0787213, , , , , , , 12.1037885, 0.121355, , , , , , , 12.1037885, -0.0072175, , , , , , , , , , , , , , , , , , , , , , , , , , , , 
12.1043077, -0.0647898, , , , , , , 12.1043077, 0.0861067, , , , , , , 12.1043077, 0.1159838, , , , , , , 12.1043077, -0.0052033, , , , , , , , , , , , , , , , , , , , , , , , , , , , 
12.1048269, -0.0740215, , , , , , , 12.1048269, 0.0575723, , , , , , , 12.1048269, 0.1096056, , , , , , , 12.1048269, 0.0005035, , , , , , , , , , , , , , , , , , , , , , , , , , , , 
12.1053462, -0.0775463, , , , , , , 12.1053462, -0.0001678, , , , , , , 12.1053462, 0.1052415, , , , , , , 12.1053462, 0.0045319, , , , , , , , , , , , , , , , , , , , , , , , , , , , 
12.1058654, -0.0788891, , , , , , , 12.1058654, -0.0609293, , , , , , , 12.1058654, 0.1097734, , , , , , , 12.1058654, 0.0058747, , , , , , , , , , , , , , , , , , , , , , , , , , , , 
12.1063846, -0.0770428, , , , , , , 12.1063846, -0.0941634, , , , , , , 12.1063846, 0.1176623, , , , , , , 12.1063846, 0.0070497, , , , , , , , , , , , , , , , , , , , , , , , , , , , 
12.1069038, -0.0728466, , , , , , , 12.1069038, -0.1008774, , , , , , , 12.1069038, 0.1238727, , , , , , , 12.1069038, 0.0045319, , , , , , , , , , , , , , , , , , , , , , , , , , , , 
12.1074231, -0.0656291, , , , , , , 12.1074231, -0.0837568, , , , , , , 12.1074231, 0.1109483, , , , , , , 12.1074231, -0.0015106, , , , , , , , , , , , , , , , , , , , , , , , , , , , 
12.1079423, -0.0498512, , , , , , , 12.1079423, -0.0303807, , , , , , , 12.1079423, 0.0696574, , , , , , , 12.1079423, -0.0102388, , , , , , , , , , , , , , , , , , , , , , , , , , , , 
12.1084615, -0.0323949, , , , , , , 12.1084615, 0.0428016, , , , , , , 12.1084615, 0.0146029, , , , , , , 12.1084615, -0.0179599, , , , , , , , , , , , , , , , , , , , , , , , , , , , 
12.1089808, -0.0216526, , , , , , , 12.1089808, 0.0795605, , , , , , , 12.1089808, -0.0370947, , , , , , , 12.1089808, -0.0229953, , , , , , , , , , , , , , , , , , , , , , , , , , , , 
12.1095, -0.0164492, , , , , , , 12.1095, 0.0921492, , , , , , , 12.1095, -0.0861067, , , , , , , 12.1095, -0.0256809, , , , , , , , , , , , , , , , , , , , , , , , , , , , 
12.1100192, -0.008896, , , , , , , 12.1100192, 0.085771, , , , , , , 12.1100192, -0.1332723, , , , , , , 12.1100192, -0.0229953, , , , , , , , , , , , , , , , , , , , , , , , , , , , 
12.1105385, 0.0077211, , , , , , , 12.1105385, 0.072343, , , , , , , 12.1105385, -0.1685206, , , , , , , 12.1105385, -0.0166171, , , , , , , , , , , , , , , , , , , , , , , , , , , , 
12.1110577, 0.0305486, , , , , , , 12.1110577, 0.082414, , , , , , , 12.1110577, -0.1888304, , , , , , , 12.1110577, -0.0090639, , , , , , , , , , , , , , , , , , , , , , , , , , , , 
12.1115769, 0.0488441, , , , , , , 12.1115769, 0.0944991, , , , , , , 12.1115769, -0.1975586, , , , , , , 12.1115769, 0.0011749, , , , , , , , , , , , , , , , , , , , , , , , , , , , 
12.1120962, 0.066804, , , , , , , 12.1120962, 0.0856031, , , , , , , 12.1120962, -0.1962158, , , , , , , 12.1120962, 0.0179599, , , , , , , , , , , , , , , , , , , , , , , , , , , , 
12.1126154, 0.0864424, , , , , , , 12.1126154, 0.036759, , , , , , , 12.1126154, -0.1816129, , , , , , , 12.1126154, 0.0441444, , , , , , , , , , , , , , , , , , , , , , , , , , , , 
12.1131346, 0.0961776, , , , , , , 12.1131346, -0.0473335, , , , , , , 12.1131346, -0.1599603, , , , , , , 12.1131346, 0.0728466, , , , , , , , , , , , , , , , , , , , , , , , , , , , 
12.1136538, 0.0803998, , , , , , , 12.1136538, -0.1337758, , , , , , , 12.1136538, -0.1344472, , , , , , , 12.1136538, 0.0941634, , , , , , , , , , , , , , , , , , , , , , , , , , , , 
12.1141731, 0.054551, , , , , , , 12.1141731, -0.2002441, , , , , , , 12.1141731, -0.1052415, , , , , , , 12.1141731, 0.1032273, , , , , , , , , , , , , , , , , , , , , , , , , , , , 
12.1146923, 0.0365911, , , , , , , 12.1146923, -0.2166934, , , , , , , 12.1146923, -0.0767071, , , , , , , 12.1146923, 0.1032273, , , , , , , , , , , , , , , , , , , , , , , , , , , , 
12.1152115, 0.030045, , , , , , , 12.1152115, -0.1928588, , , , , , , 12.1152115, -0.0454871, , , , , , , 12.1152115, 0.0956741, , , , , , , , , , , , , , , , , , , , , , , , , , , , 
12.1157308, 0.036759, , , , , , , 12.1157308, -0.1797665, , , , , , , 12.1157308, -0.0099031, , , , , , , 12.1157308, 0.0840925, , , , , , , , , , , , , , , , , , , , , , , , , , , , 
12.11625, 0.0542153, , , , , , , 12.11625, -0.1760739, , , , , , , 12.11625, 0.0198062, , , , , , , 12.11625, 0.0708324, , , , , , , , , , , , , , , , , , , , , , , , , , , , 
12.1167692, 0.0787213, , , , , , , 12.1167692, -0.1257191, , , , , , , 12.1167692, 0.0419623, , , , , , , 12.1167692, 0.0532082, , , , , , , , , , , , , , , , , , , , , , , , , , , , 
12.1172885, 0.1055772, , , , , , , 12.1172885, -0.0327306, , , , , , , 12.1172885, 0.0607614, , , , , , , 12.1172885, 0.0313878, , , , , , , , , , , , , , , , , , , , , , , , , , , , 
12.1178077, 0.1253834, , , , , , , 12.1178077, 0.0307164, , , , , , , 12.1178077, 0.0683146, , , , , , , 12.1178077, 0.0139315, , , , , , , , , , , , , , , , , , , , , , , , , , , , 
12.1183269, 0.1404898, , , , , , , 12.1183269, 0.0317235, , , , , , , 12.1183269, 0.0592508, , , , , , , 12.1183269, 0.0018463, , , , , , , , , , , , , , , , , , , , , , , , , , , , 
12.1188462, 0.1576104, , , , , , , 12.1188462, 0.0043641, , , , , , , 12.1188462, 0.0417945, , , , , , , 12.1188462, -0.0112459, , , , , , , , , , , , , , , , , , , , , , , , , , , , 
12.1193654, 0.1730526, , , , , , , 12.1193654, 0.0085603, , , , , , , 12.1193654, 0.0275273, , , , , , , 12.1193654, -0.0226596, , , , , , , , , , , , , , , , , , , , , , , , , , , , 
12.1198846, 0.1752346, , , , , , , 12.1198846, -0.0092317, , , , , , , 12.1198846, 0.0164492, , , , , , , 12.1198846, -0.0290379, , , , , , , , , , , , , , , , , , , , , , , , , , , , 
12.1204038, 0.1619745, , , , , , , 12.1204038, -0.1038987, , , , , , , 12.1204038, 0.0078889, , , , , , , 12.1204038, -0.0313878, , , , , , , , , , , , , , , , , , , , , , , , , , , , 
12.1209231, 0.1414969, , , , , , , 12.1209231, -0.2076295, , , , , , , 12.1209231, 0.0078889, , , , , , , 12.1209231, -0.030045, , , , , , , , , , , , , , , , , , , , , , , , , , , , 
12.1214423, 0.1223621, , , , , , , 12.1214423, -0.240528, , , , , , , 12.1214423, 0.012253, , , , , , , 12.1214423, -0.0206455, , , , , , , , , , , , , , , , , , , , , , , , , , , , 
12.1219615, 0.1065843, , , , , , , 12.1219615, -0.2039368, , , , , , , 12.1219615, 0.012253, , , , , , , 12.1219615, -0.0102388, , , , , , , , , , , , , , , , , , , , , , , , , , , , 
12.1224808, 0.0889601, , , , , , , 12.1224808, -0.1163195, , , , , , , 12.1224808, 0.0087282, , , , , , , 12.1224808, -0.0057069, , , , , , , , , , , , , , , , , , , , , , , , , , , , 
12.123, 0.0696574, , , , , , , 12.123, -0.01561, , , , , , , 12.123, 0.0112459, , , , , , , 12.123, 0.0008392, , , , , , , , , , , , , , , , , , , , , , , , , , , , 
12.1235192, 0.0501869, , , , , , , 12.1235192, 0.0491798, , , , , , , 12.1235192, 0.0152743, , , , , , , 12.1235192, 0.0099031, , , , , , , , , , , , , , , , , , , , , , , , , , , , 
12.1240385, 0.0344091, , , , , , , 12.1240385, 0.0616007, , , , , , , 12.1240385, 0.017792, , , , , , , 12.1240385, 0.018967, , , , , , , , , , , , , , , , , , , , , , , , , , , , 
12.1245577, 0.023331, , , , , , , 12.1245577, 0.0384375, , , , , , , 12.1245577, 0.0181277, , , , , , , 12.1245577, 0.0280308, , , , , , , , , , , , , , , , , , , , , , , , , , , , 
12.1250769, 0.0146029, , , , , , , 12.1250769, -0.0023499, , , , , , , 12.1250769, 0.0204776, , , , , , , 12.1250769, 0.0364233, , , , , , , , , , , , , , , , , , , , , , , , , , , , 
12.1255962, 0.0063783, , , , , , , 12.1255962, -0.0387732, , , , , , , 12.1255962, 0.0253452, , , , , , , 12.1255962, 0.0426337, , , , , , , , , , , , , , , , , , , , , , , , , , , , 
12.1261154, -0.0015106, , , , , , , 12.1261154, -0.0451514, , , , , , , 12.1261154, 0.0273594, , , , , , , 12.1261154, 0.04448, , , , , , , , , , , , , , , , , , , , , , , , , , , , 
12.1266346, -0.0018463, , , , , , , 12.1266346, -0.0250095, , , , , , , 12.1266346, 0.0253452, , , , , , , 12.1266346, 0.0453193, , , , , , , , , , , , , , , , , , , , , , , , , , , , 
12.1271538, 0.0072175, , , , , , , 12.1271538, -0.0018463, , , , , , , 12.1271538, 0.0224918, , , , , , , 12.1271538, 0.0500191, , , , , , , , , , , , , , , , , , , , , , , , , , , , 
12.1276731, 0.0179599, , , , , , , 12.1276731, 0.0172885, , , , , , , 12.1276731, 0.0226596, , , , , , , 12.1276731, 0.0683146, , , , , , , , , , , , , , , , , , , , , , , , , , , , 
12.1281923, 0.0263523, , , , , , , 12.1281923, 0.0350805, , , , , , , 12.1281923, 0.0290379, , , , , , , 12.1281923, 0.0951705, , , , , , , , , , , , , , , , , , , , , , , , , , , , 
12.1287115, 0.0303807, , , , , , , 12.1287115, 0.0428016, , , , , , , 12.1287115, 0.0370947, , , , , , , 12.1287115, 0.1097734, , , , , , , , , , , , , , , , , , , , , , , , , , , , 
12.1292308, 0.0303807, , , , , , , 12.1292308, 0.0438087, , , , , , , 12.1292308, 0.0384375, , , , , , , 12.1292308, 0.1052415, , , , , , , , , , , , , , , , , , , , , , , , , , , , 
12.12975, 0.0290379, , , , , , , 12.12975, 0.0595865, , , , , , , 12.12975, 0.0313878, , , , , , , 12.12975, 0.0904707, , , , , , , , , , , , , , , , , , , , , , , , , , , , 
12.1302692, 0.0293736, , , , , , , 12.1302692, 0.0897993, , , , , , , 12.1302692, 0.0251774, , , , , , , 12.1302692, 0.0720073, , , , , , , , , , , , , , , , , , , , , , , , , , , , 
12.1307885, 0.0387732, , , , , , , 12.1307885, 0.1077592, , , , , , , 12.1307885, 0.0236667, , , , , , , 12.1307885, 0.0515297, , , , , , , , , , , , , , , , , , , , , , , , , , , , 
12.1313077, 0.0498512, , , , , , , 12.1313077, 0.1134661, , , , , , , 12.1313077, 0.0213169, , , , , , , 12.1313077, 0.0293736, , , , , , , , , , , , , , , , , , , , , , , , , , , , 
12.1318269, 0.0622721, , , , , , , 12.1318269, 0.1117876, , , , , , , 12.1318269, 0.0159457, , , , , , , 12.1318269, 0.0099031, , , , , , , , , , , , , , , , , , , , , , , , , , , , 
12.1323462, 0.0716716, , , , , , , 12.1323462, 0.0924849, , , , , , , 12.1323462, 0.0119173, , , , , , , 12.1323462, -0.0046998, , , , , , , , , , , , , , , , , , , , , , , , , , , , 
12.1328654, 0.0696574, , , , , , , 12.1328654, 0.0773785, , , , , , , 12.1328654, 0.0119173, , , , , , , 12.1328654, -0.01561, , , , , , , , , , , , , , , , , , , , , , , , , , , , 
12.1333846, 0.0626078, , , , , , , 12.1333846, 0.0884565, , , , , , , 12.1333846, 0.0137636, , , , , , , 12.1333846, -0.0229953, , , , , , , , , , , , , , , , , , , , , , , , , , , , 
12.1339038, 0.0528725, , , , , , , 12.1339038, 0.0676432, , , , , , , 12.1339038, 0.0193027, , , , , , , 12.1339038, -0.0283665, , , , , , , , , , , , , , , , , , , , , , , , , , , , 
12.1344231, 0.040116, , , , , , , 12.1344231, -0.0157778, , , , , , , 12.1344231, 0.0283665, , , , , , , 12.1344231, -0.0320592, , , , , , , , , , , , , , , , , , , , , , , , , , , , 
12.1349423, 0.0273594, , , , , , , 12.1349423, -0.1025559, , , , , , , 12.1349423, 0.0357519, , , , , , , 12.1349423, -0.0344091, , , , , , , , , , , , , , , , , , , , , , , , , , , , 
12.1354615, 0.0240024, , , , , , , 12.1354615, -0.1279011, , , , , , , 12.1354615, 0.0417945, , , , , , , 12.1354615, -0.0364233, , , , , , , , , , , , , , , , , , , , , , , , , , , , 
12.1359808, 0.0310521, , , , , , , 12.1359808, -0.0787213, , , , , , , 12.1359808, 0.0632792, , , , , , , 12.1359808, -0.0404517, , , , , , , , , , , , , , , , , , , , , , , , , , , , 
12.1365, 0.036759, , , , , , , 12.1365, -0.0082246, , , , , , , 12.1365, 0.0971847, , , , , , , 12.1365, -0.0471656, , , , , , , , , , , , , , , , , , , , , , , , , , , , 
12.1370192, 0.0466621, , , , , , , 12.1370192, 0.0344091, , , , , , , 12.1370192, 0.1190051, , , , , , , 12.1370192, -0.0569009, , , , , , , , , , , , , , , , , , , , , , , , , , , , 
12.1375385, 0.0632792, , , , , , , 12.1375385, 0.0548867, , , , , , , 12.1375385, 0.1206836, , , , , , , 12.1375385, -0.0642863, , , , , , , , , , , , , , , , , , , , , , , , , , , , 
12.1380577, 0.0783856, , , , , , , 12.1380577, 0.0683146, , , , , , , 12.1380577, 0.1085985, , , , , , , 12.1380577, -0.0679789, , , , , , , , , , , , , , , , , , , , , , , , , , , , 
12.1385769, 0.0881209, , , , , , , 12.1385769, 0.0763714, , , , , , , 12.1385769, 0.0757, , , , , , , 12.1385769, -0.0699931, , , , , , , , , , , , , , , , , , , , , , , , , , , , 
12.1390962, 0.0871138, , , , , , , 12.1390962, 0.0884565, , , , , , , 12.1390962, 0.0182956, , , , , , , 12.1390962, -0.0683146, , , , , , , , , , , , , , , , , , , , , , , , , , , , 
12.1396154, 0.0803998, , , , , , , 12.1396154, 0.102388, , , , , , , 12.1396154, -0.0431373, , , , , , , 12.1396154, -0.0639506, , , , , , , , , , , , , , , , , , , , , , , , , , , , 
12.1401346, 0.072343, , , , , , , 12.1401346, 0.1012131, , , , , , , 12.1401346, -0.0904707, , , , , , , 12.1401346, -0.0552224, , , , , , , , , , , , , , , , , , , , , , , , , , , , 
12.1406538, 0.0592508, , , , , , , 12.1406538, 0.0871138, , , , , , , 12.1406538, -0.1186694, , , , , , , 12.1406538, -0.0439765, , , , , , , , , , , , , , , , , , , , , , , , , , , , 
12.1411731, 0.0407874, , , , , , , 12.1411731, 0.0837568, , , , , , , 12.1411731, -0.1277333, , , , , , , 12.1411731, -0.0332341, , , , , , , , , , , , , , , , , , , , , , , , , , , , 
12.1416923, 0.0243381, , , , , , , 12.1416923, 0.0955062, , , , , , , 12.1416923, -0.1226978, , , , , , , 12.1416923, -0.0209812, , , , , , , , , , , , , , , , , , , , , , , , , , , , 
12.1422115, 0.0115816, , , , , , , 12.1422115, 0.0767071, , , , , , , 12.1422115, -0.1243763, , , , , , , 12.1422115, -0.0075532, , , , , , , , , , , , , , , , , , , , , , , , , , , , 
12.1427308, -0.0062104, , , , , , , 12.1427308, 0.0204776, , , , , , , 12.1427308, -0.1351186, , , , , , , 12.1427308, 0.0104067, , , , , , , , , , , , , , , , , , , , , , , , , , , , 
12.14325, -0.0229953, , , , , , , 12.14325, -0.0186313, , , , , , , 12.14325, -0.1431754, , , , , , , 12.14325, 0.0317235, , , , , , , , , , , , , , , , , , , , , , , , , , , , 
12.1437692, -0.0317235, , , , , , , 12.1437692, -0.0198062, , , , , , , 12.1437692, -0.1420005, , , , , , , 12.1437692, 0.0481727, , , , , , , , , , , , , , , , , , , , , , , , , , , , 
12.1442885, -0.0384375, , , , , , , 12.1442885, -0.0142672, , , , , , , 12.1442885, -0.1411612, , , , , , , 12.1442885, 0.0575723, , , , , , , , , , , , , , , , , , , , , , , , , , , , 
12.1448077, -0.0602579, , , , , , , 12.1448077, -0.0330663, , , , , , , 12.1448077, -0.1433433, , , , , , , 12.1448077, 0.0669718, , , , , , , , , , , , , , , , , , , , , , , , , , , , 
12.1453269, -0.0834211, , , , , , , 12.1453269, -0.0975204, , , , , , , 12.1453269, -0.1411612, , , , , , , 12.1453269, 0.0817426, , , , , , , , , , , , , , , , , , , , , , , , , , , , 
12.1458462, -0.0955062, , , , , , , 12.1458462, -0.1534142, , , , , , , 12.1458462, -0.1317617, , , , , , , 12.1458462, 0.0985275, , , , , , , , , , , , , , , , , , , , , , , , , , , , 
12.1463654, -0.103563, , , , , , , 12.1463654, -0.1493858, , , , , , , 12.1463654, -0.1206836, , , , , , , 12.1463654, 0.1085985, , , , , , , , , , , , , , , , , , , , , , , , , , , , 
12.1468846, -0.1050736, , , , , , , 12.1468846, -0.1198444, , , , , , , 12.1468846, -0.1132982, , , , , , , 12.1468846, 0.10692, , , , , , , , , , , , , , , , , , , , , , , , , , , , 
12.1474038, -0.0981918, , , , , , , 12.1474038, -0.1183337, , , , , , , 12.1474038, -0.1070878, , , , , , , 12.1474038, 0.0950027, , , , , , , , , , , , , , , , , , , , , , , , , , , , 
12.1479231, -0.0881209, , , , , , , 12.1479231, -0.1273976, , , , , , , 12.1479231, -0.0941634, , , , , , , 12.1479231, 0.0793927, , , , , , , , , , , , , , , , , , , , , , , , , , , , 
12.1484423, -0.0780499, , , , , , , 12.1484423, -0.1139696, , , , , , , 12.1484423, -0.0688182, , , , , , , 12.1484423, 0.0656291, , , , , , , , , , , , , , , , , , , , , , , , , , , , 
12.1489615, -0.0649577, , , , , , , 12.1489615, -0.0767071, , , , , , , 12.1489615, -0.0250095, , , , , , , 12.1489615, 0.0522011, , , , , , , , , , , , , , , , , , , , , , , , , , , , 
12.1494808, -0.0500191, , , , , , , 12.1494808, -0.0370947, , , , , , , 12.1494808, 0.0394446, , , , , , , 12.1494808, 0.0387732, , , , , , , , , , , , , , , , , , , , , , , , , , , , 
12.15, -0.0417945, , , , , , , 12.15, -0.018967, , , , , , , 12.15, 0.1092699, , , , , , , 12.15, 0.0243381, , , , , , , , , , , , , , , , , , , , , , , , , , , , 
12.1505192, -0.0359197, , , , , , , 12.1505192, -0.0204776, , , , , , , 12.1505192, 0.1633173, , , , , , , 12.1505192, 0.0058747, , , , , , , , , , , , , , , , , , , , , , , , , , , , 
12.1510385, -0.0251774, , , , , , , 12.1510385, -0.0203098, , , , , , , 12.1510385, 0.1952087, , , , , , , 12.1510385, -0.014435, , , , , , , , , , , , , , , , , , , , , , , , , , , , 
12.1515577, -0.0162814, , , , , , , 12.1515577, -0.0104067, , , , , , , 12.1515577, 0.2146792, , , , , , , 12.1515577, -0.0303807, , , , , , , , , , , , , , , , , , , , , , , , , , , , 
12.1520769, -0.0105745, , , , , , , 12.1520769, 0.0041962, , , , , , , 12.1520769, 0.2197147, , , , , , , 12.1520769, -0.0374304, , , , , , , , , , , , , , , , , , , , , , , , , , , , 
12.1525962, -0.0045319, , , , , , , 12.1525962, 0.033402, , , , , , , 12.1525962, 0.1975586, , , , , , , 12.1525962, -0.0404517, , , , , , , , , , , , , , , , , , , , , , , , , , , , 
12.1531154, 0.0025177, , , , , , , 12.1531154, 0.056733, , , , , , , 12.1531154, 0.1502251, , , , , , , 12.1531154, -0.0451514, , , , , , , , , , , , , , , , , , , , , , , , , , , , 
12.1536346, 0.0125887, , , , , , , 12.1536346, 0.0562295, , , , , , , 12.1536346, 0.090135, , , , , , , 12.1536346, -0.0488441, , , , , , , , , , , , , , , , , , , , , , , , , , , , 
12.1541538, 0.0203098, , , , , , , 12.1541538, 0.0468299, , , , , , , 12.1541538, 0.0213169, , , , , , , 12.1541538, -0.0485084, , , , , , , , , , , , , , , , , , , , , , , , , , , , 
12.1546731, 0.0172885, , , , , , , 12.1546731, 0.0377661, , , , , , , 12.1546731, -0.0505226, , , , , , , 12.1546731, -0.0468299, , , , , , , , , , , , , , , , , , , , , , , , , , , , 
12.1551923, 0.0025177, , , , , , , 12.1551923, 0.026688, , , , , , , 12.1551923, -0.1131304, , , , , , , 12.1551923, -0.0451514, , , , , , , , , , , , , , , , , , , , , , , , , , , , 
12.1557115, -0.0119173, , , , , , , 12.1557115, 0.0105745, , , , , , , 12.1557115, -0.1626459, , , , , , , 12.1557115, -0.0421302, , , , , , , , , , , , , , , , , , , , , , , , , , , , 
12.1562308, -0.0065461, , , , , , , 12.1562308, 0.0078889, , , , , , , 12.1562308, -0.1945373, , , , , , , 12.1562308, -0.0407874, , , , , , , , , , , , , , , , , , , , , , , , , , , , 
12.15675, 0.0097353, , , , , , , 12.15675, 0.0058747, , , , , , , 12.15675, -0.2086366, , , , , , , 12.15675, -0.0458228, , , , , , , , , , , , , , , , , , , , , , , , , , , , 
12.1572692, 0.0261845, , , , , , , 12.1572692, -0.0176242, , , , , , , 12.1572692, -0.2056153, , , , , , , 12.1572692, -0.0533761, , , , , , , , , , , , , , , , , , , , , , , , , , , , 
12.1577885, 0.033402, , , , , , , 12.1577885, -0.04448, , , , , , , 12.1577885, -0.1945373, , , , , , , 12.1577885, -0.0548867, , , , , , , , , , , , , , , , , , , , , , , , , , , , 
12.1583077, 0.0290379, , , , , , , 12.1583077, -0.0607614, , , , , , , 12.1583077, -0.1824521, , , , , , , 12.1583077, -0.0505226, , , , , , , , , , , , , , , , , , , , , , , , , , , , 
12.1588269, 0.0287022, , , , , , , 12.1588269, -0.0595865, , , , , , , 12.1588269, -0.1646601, , , , , , , 12.1588269, -0.0399481, , , , , , , , , , , , , , , , , , , , , , , , , , , , 
12.1593462, 0.0302129, , , , , , , 12.1593462, -0.0318914, , , , , , , 12.1593462, -0.1257191, , , , , , , 12.1593462, -0.0203098, , , , , , , , , , , , , , , , , , , , , , , , , , , , 
12.1598654, 0.0223239, , , , , , , 12.1598654, 0.0115816, , , , , , , 12.1598654, -0.0793927, , , , , , , 12.1598654, 0.0068818, , , , , , , , , , , , , , , , , , , , , , , , , , , , 
12.1603846, 0.0099031, , , , , , , 12.1603846, 0.0569009, , , , , , , 12.1603846, -0.0454871, , , , , , , 12.1603846, 0.0428016, , , , , , , , , , , , , , , , , , , , , , , , , , , , 
12.1609038, -0.0018463, , , , , , , 12.1609038, 0.1253834, , , , , , , 12.1609038, -0.0149386, , , , , , , 12.1609038, 0.0814069, , , , , , , , , , , , , , , , , , , , , , , , , , , , 
12.1614231, -0.0082246, , , , , , , 12.1614231, 0.1955444, , , , , , , 12.1614231, 0.0219883, , , , , , , 12.1614231, 0.1106126, , , , , , , , , , , , , , , , , , , , , , , , , , , , 
12.1619423, -0.0115816, , , , , , , 12.1619423, 0.2366674, , , , , , , 12.1619423, 0.0491798, , , , , , , 12.1619423, 0.1305867, , , , , , , , , , , , , , , , , , , , , , , , , , , , 
12.1624615, -0.0109102, , , , , , , 12.1624615, 0.2428779, , , , , , , 12.1624615, 0.0542153, , , , , , , 12.1624615, 0.1482109, , , , , , , , , , , , , , , , , , , , , , , , , , , , 
12.1629808, -0.012253, , , , , , , 12.1629808, 0.2254215, , , , , , , 12.1629808, 0.0468299, , , , , , , 12.1629808, 0.1596246, , , , , , , , , , , , , , , , , , , , , , , , , , , , 
12.1635, -0.0162814, , , , , , , 12.1635, 0.2192111, , , , , , , 12.1635, 0.0381018, , , , , , , 12.1635, 0.1562676, , , , , , , , , , , , , , , , , , , , , , , , , , , , 
12.1640192, -0.0124208, , , , , , , 12.1640192, 0.2217288, , , , , , , 12.1640192, 0.0273594, , , , , , , 12.1640192, 0.1351186, , , , , , , , , , , , , , , , , , , , , , , , , , , , 
12.1645385, -0.0050355, , , , , , , 12.1645385, 0.1663386, , , , , , , 12.1645385, 0.0166171, , , , , , , 12.1645385, 0.1064164, , , , , , , , , , , , , , , , , , , , , , , , , , , , 
12.1650577, -0.0068818, , , , , , , 12.1650577, 0.047837, , , , , , , 12.1650577, 0.0090639, , , , , , , 12.1650577, 0.0803998, , , , , , , , , , , , , , , , , , , , , , , , , , , , 
12.1655769, -0.0182956, , , , , , , 12.1655769, -0.0950027, , , , , , , 12.1655769, 0.0078889, , , , , , , 12.1655769, 0.0609293, , , , , , , , , , , , , , , , , , , , , , , , , , , , 
12.1660962, -0.026688, , , , , , , 12.1660962, -0.2385138, , , , , , , 12.1660962, 0.0169528, , , , , , , 12.1660962, 0.0468299, , , , , , , , , , , , , , , , , , , , , , , , , , , , 
12.1666154, -0.0240024, , , , , , , 12.1666154, -0.3516442, , , , , , , 12.1666154, 0.0307164, , , , , , , 12.1666154, 0.0354162, , , , , , , , , , , , , , , , , , , , , , , , , , , , 
12.1671346, -0.0125887, , , , , , , 12.1671346, -0.3892424, , , , , , , 12.1671346, 0.0421302, , , , , , , 12.1671346, 0.0223239, , , , , , , , , , , , , , , , , , , , , , , , , , , , 
12.1676538, 0.0018463, , , , , , , 12.1676538, -0.3667506, , , , , , , 12.1676538, 0.0582437, , , , , , , 12.1676538, 0.0092317, , , , , , , , , , , , , , , , , , , , , , , , , , , , 
12.1681731, 0.0119173, , , , , , , 12.1681731, -0.3459373, , , , , , , 12.1681731, 0.0803998, , , , , , , 12.1681731, 0.0005035, , , , , , , , , , , , , , , , , , , , , , , , , , , , 
12.1686923, 0.0179599, , , , , , , 12.1686923, -0.3459373, , , , , , , 12.1686923, 0.096849, , , , , , , 12.1686923, -0.0031891, , , , , , , , , , , , , , , , , , , , , , , , , , , , 
12.1692115, 0.023331, , , , , , , 12.1692115, -0.3331807, , , , , , , 12.1692115, 0.1038987, , , , , , , 12.1692115, -0.0057069, , , , , , , , , , , , , , , , , , , , , , , , , , , , 
12.1697308, 0.0285344, , , , , , , 12.1697308, -0.2747692, , , , , , , 12.1697308, 0.1122911, , , , , , , 12.1697308, -0.0127565, , , , , , , , , , , , , , , , , , , , , , , , , , , , 
12.17025, 0.0317235, , , , , , , 12.17025, -0.1901732, , , , , , , 12.17025, 0.1240406, , , , , , , 12.17025, -0.0236667, , , , , , , , , , , , , , , , , , , , , , , , , , , , 
12.1707692, 0.0344091, , , , , , , 12.1707692, -0.1156481, , , , , , , 12.1707692, 0.1388113, , , , , , , 12.1707692, -0.0344091, , , , , , , , , , , , , , , , , , , , , , , , , , , , 
12.1712885, 0.0428016, , , , , , , 12.1712885, -0.0558938, , , , , , , 12.1712885, 0.1461967, , , , , , , 12.1712885, -0.0464942, , , , , , , , , , , , , , , , , , , , , , , , , , , , 
12.1718077, 0.0454871, , , , , , , 12.1718077, 0.0196384, , , , , , , 12.1718077, 0.1344472, , , , , , , 12.1718077, -0.0558938, , , , , , , , , , , , , , , , , , , , , , , , , , , , 
12.1723269, 0.0505226, , , , , , , 12.1723269, 0.0911421, , , , , , , 12.1723269, 0.1072557, , , , , , , 12.1723269, -0.0595865, , , , , , , , , , , , , , , , , , , , , , , , , , , , 
12.1728462, 0.0597543, , , , , , , 12.1728462, 0.1138018, , , , , , , 12.1728462, 0.0730144, , , , , , , 12.1728462, -0.0619364, , , , , , , , , , , , , , , , , , , , , , , , , , , , 
12.1733654, 0.0699931, , , , , , , 12.1733654, 0.0911421, , , , , , , 12.1733654, 0.0359197, , , , , , , 12.1733654, -0.064622, , , , , , , , , , , , , , , , , , , , , , , , , , , , 
12.1738846, 0.0807355, , , , , , , 12.1738846, 0.0639506, , , , , , , 12.1738846, -0.0031891, , , , , , , 12.1738846, -0.0663005, , , , , , , , , , , , , , , , , , , , , , , , , , , , 
12.1744038, 0.0856031, , , , , , , 12.1744038, 0.0592508, , , , , , , 12.1744038, -0.0433051, , , , , , , 12.1744038, -0.0669718, , , , , , , , , , , , , , , , , , , , , , , , , , , , 
12.1749231, 0.0856031, , , , , , , 12.1749231, 0.0486763, , , , , , , 12.1749231, -0.0803998, , , , , , , 12.1749231, -0.0652934, , , , , , , , , , , , , , , , , , , , , , , , , , , , 
12.1754423, 0.0810712, , , , , , , 12.1754423, 0.0159457, , , , , , , 12.1754423, -0.1129625, , , , , , , 12.1754423, -0.0599222, , , , , , , , , , , , , , , , , , , , , , , , , , , , 
12.1759615, 0.0696574, , , , , , , 12.1759615, -0.0030213, , , , , , , 12.1759615, -0.1349508, , , , , , , 12.1759615, -0.0527047, , , , , , , , , , , , , , , , , , , , , , , , , , , , 
12.1764808, 0.064622, , , , , , , 12.1764808, 0.01561, , , , , , , 12.1764808, -0.1485466, , , , , , , 12.1764808, -0.0500191, , , , , , , , , , , , , , , , , , , , , , , , , , , , 
12.177, 0.0743572, , , , , , , 12.177, 0.0508583, , , , , , , 12.177, -0.1566033, , , , , , , 12.177, -0.0528725, , , , , , , , , , , , , , , , , , , , , , , , , , , , 
12.1775192, 0.0897993, , , , , , , 12.1775192, 0.0451514, , , , , , , 12.1775192, -0.1498894, , , , , , , 12.1775192, -0.0532082, , , , , , , , , , , , , , , , , , , , , , , , , , , , 
12.1780385, 0.0951705, , , , , , , 12.1780385, 0.0105745, , , , , , , 12.1780385, -0.1273976, , , , , , , 12.1780385, -0.0426337, , , , , , , , , , , , , , , , , , , , , , , , , , , , 
12.1785577, 0.0837568, , , , , , , 12.1785577, 0.0052033, , , , , , , 12.1785577, -0.1027237, , , , , , , 12.1785577, -0.0176242, , , , , , , , , , , , , , , , , , , , , , , , , , , , 
12.1790769, 0.0649577, , , , , , , 12.1790769, 0.0344091, , , , , , , 12.1790769, -0.0847639, , , , , , , 12.1790769, 0.0172885, , , , , , , , , , , , , , , , , , , , , , , , , , , , 
12.1795962, 0.0412909, , , , , , , 12.1795962, 0.0609293, , , , , , , 12.1795962, -0.0656291, , , , , , , 12.1795962, 0.054551, , , , , , , , , , , , , , , , , , , , , , , , , , , , 
12.1801154, 0.0193027, , , , , , , 12.1801154, 0.0616007, , , , , , , 12.1801154, -0.0424659, , , , , , , 12.1801154, 0.0871138, , , , , , , , , , , , , , , , , , , , , , , , , , , , 
12.1806346, -0.0109102, , , , , , , 12.1806346, 0.0392767, , , , , , , 12.1806346, -0.0263523, , , , , , , 12.1806346, 0.1166552, , , , , , , , , , , , , , , , , , , , , , , , , , , , 
12.1811538, -0.0532082, , , , , , , 12.1811538, 0.0152743, , , , , , , 12.1811538, -0.023331, , , , , , , 12.1811538, 0.1378042, , , , , , , , , , , , , , , , , , , , , , , , , , , , 
12.1816731, -0.0955062, , , , , , , 12.1816731, 0.0092317, , , , , , , 12.1816731, -0.018967, , , , , , , 12.1816731, 0.1448539, , , , , , , , , , , , , , , , , , , , , , , , , , , , 
12.1821923, -0.1257191, , , , , , , 12.1821923, 0.0203098, , , , , , , 12.1821923, -0.0048676, , , , , , , 12.1821923, 0.1388113, , , , , , , , , , , , , , , , , , , , , , , , , , , , 
12.1827115, -0.145861, , , , , , , 12.1827115, 0.026688, , , , , , , 12.1827115, 0.0125887, , , , , , , 12.1827115, 0.1233692, , , , , , , , , , , , , , , , , , , , , , , , , , , , 
12.1832308, -0.1646601, , , , , , , 12.1832308, 0.0206455, , , , , , , 12.1832308, 0.0340734, , , , , , , 12.1832308, 0.1052415, , , , , , , , , , , , , , , , , , , , , , , , , , , , 
12.18375, -0.1801022, , , , , , , 12.18375, 0.0421302, , , , , , , 12.18375, 0.0580758, , , , , , , 12.18375, 0.0844282, , , , , , , , , , , , , , , , , , , , , , , , , , , , 
12.1842692, -0.1854734, , , , , , , 12.1842692, 0.0827497, , , , , , , 12.1842692, 0.0743572, , , , , , , 12.1842692, 0.0582437, , , , , , , , , , , , , , , , , , , , , , , , , , , , 
12.1847885, -0.1854734, , , , , , , 12.1847885, 0.0770428, , , , , , , 12.1847885, 0.0773785, , , , , , , 12.1847885, 0.0344091, , , , , , , , , , , , , , , , , , , , , , , , , , , , 
12.1853077, -0.184802, , , , , , , 12.1853077, 0.0226596, , , , , , , 12.1853077, 0.0736858, , , , , , , 12.1853077, 0.0182956, , , , , , , , , , , , , , , , , , , , , , , , , , , , 
12.1858269, -0.1841306, , , , , , , 12.1858269, -0.0317235, , , , , , , 12.1858269, 0.0683146, , , , , , , 12.1858269, 0.0072175, , , , , , , , , , , , , , , , , , , , , , , , , , , , 
12.1863462, -0.1785916, , , , , , , 12.1863462, -0.0720073, , , , , , , 12.1863462, 0.0666361, , , , , , , 12.1863462, -0.0030213, , , , , , , , , , , , , , , , , , , , , , , , , , , , 
12.1868654, -0.1594568, , , , , , , 12.1868654, -0.10692, , , , , , , 12.1868654, 0.0726787, , , , , , , 12.1868654, -0.0139315, , , , , , , , , , , , , , , , , , , , , , , , , , , , 
12.1873846, -0.1307546, , , , , , , 12.1873846, -0.1159838, , , , , , , 12.1873846, 0.0894636, , , , , , , 12.1873846, -0.0250095, , , , , , , , , , , , , , , , , , , , , , , , , , , , 
12.1879038, -0.1037308, , , , , , , 12.1879038, -0.0881209, , , , , , , 12.1879038, 0.1183337, , , , , , , 12.1879038, -0.0344091, , , , , , , , , , , , , , , , , , , , , , , , , , , , 
12.1884231, -0.0810712, , , , , , , 12.1884231, -0.0532082, , , , , , , 12.1884231, 0.1468681, , , , , , , 12.1884231, -0.0392767, , , , , , , , , , , , , , , , , , , , , , , , , , , , 
12.1889423, -0.0569009, , , , , , , 12.1889423, -0.0318914, , , , , , , 12.1889423, 0.1607996, , , , , , , 12.1889423, -0.0431373, , , , , , , , , , , , , , , , , , , , , , , , , , , , 
12.1894615, -0.0283665, , , , , , , 12.1894615, -0.0236667, , , , , , , 12.1894615, 0.1619745, , , , , , , 12.1894615, -0.0471656, , , , , , , , , , , , , , , , , , , , , , , , , , , , 
12.1899808, 0.0008392, , , , , , , 12.1899808, -0.0149386, , , , , , , 12.1899808, 0.1535821, , , , , , , 12.1899808, -0.0485084, , , , , , , , , , , , , , , , , , , , , , , , , , , , 
12.1905, 0.0238346, , , , , , , 12.1905, -0.0028534, , , , , , , 12.1905, 0.131426, , , , , , , 12.1905, -0.0491798, , , , , , , , , , , , , , , , , , , , , , , , , , , , 
12.1910192, 0.0352483, , , , , , , 12.1910192, 0.0050355, , , , , , , 12.1910192, 0.0931563, , , , , , , 12.1910192, -0.0480049, , , , , , , , , , , , , , , , , , , , , , , , , , , , 
12.1915385, 0.0424659, , , , , , , 12.1915385, 0.0085603, , , , , , , 12.1915385, 0.0387732, , , , , , , 12.1915385, -0.04448, , , , , , , , , , , , , , , , , , , , , , , , , , , , 
12.1920577, 0.0589151, , , , , , , 12.1920577, 0.0151064, , , , , , , 12.1920577, -0.0229953, , , , , , , 12.1920577, -0.0411231, , , , , , , , , , , , , , , , , , , , , , , , , , , , 
12.1925769, 0.0844282, , , , , , , 12.1925769, 0.0256809, , , , , , , 12.1925769, -0.0827497, , , , , , , 12.1925769, -0.0347448, , , , , , , , , , , , , , , , , , , , , , , , , , , , 
12.1930962, 0.10692, , , , , , , 12.1930962, 0.0357519, , , , , , , 12.1930962, -0.1413291, , , , , , , 12.1930962, -0.023331, , , , , , , , , , , , , , , , , , , , , , , , , , , , 
12.1936154, 0.117998, , , , , , , 12.1936154, 0.0411231, , , , , , , 12.1936154, -0.1900053, , , , , , , 12.1936154, -0.0078889, , , , , , , , , , , , , , , , , , , , , , , , , , , , 
12.1941346, 0.1143053, , , , , , , 12.1941346, 0.0354162, , , , , , , 12.1941346, -0.2235752, , , , , , , 12.1941346, 0.0083925, , , , , , , , , , , , , , , , , , , , , , , , , , , , 
12.1946538, 0.105745, , , , , , , 12.1946538, 0.008896, , , , , , , 12.1946538, -0.240528, , , , , , , 12.1946538, 0.0253452, , , , , , , , , , , , , , , , , , , , , , , , , , , , 
12.1951731, 0.1037308, , , , , , , 12.1951731, -0.0260166, , , , , , , 12.1951731, -0.2398566, , , , , , , 12.1951731, 0.0409552, , , , , , , , , , , , , , , , , , , , , , , , , , , , 
12.1956923, 0.1092699, , , , , , , 12.1956923, -0.0327306, , , , , , , 12.1956923, -0.2267643, , , , , , , 12.1956923, 0.0506905, , , , , , , , , , , , , , , , , , , , , , , , , , , , 
12.1962115, 0.1173266, , , , , , , 12.1962115, -0.0065461, , , , , , , 12.1962115, -0.207126, , , , , , , 12.1962115, 0.0522011, , , , , , , , , , , , , , , , , , , , , , , , , , , , 
12.1967308, 0.1299153, , , , , , , 12.1967308, 0.0354162, , , , , , , 12.1967308, -0.1888304, , , , , , , 12.1967308, 0.0454871, , , , , , , , , , , , , , , , , , , , , , , , , , , , 
12.19725, 0.1468681, , , , , , , 12.19725, 0.0850996, , , , , , , 12.19725, -0.1727169, , , , , , , 12.19725, 0.0354162, , , , , , , , , , , , , , , , , , , , , , , , , , , , 
12.1977692, 0.160296, , , , , , , 12.1977692, 0.1230335, , , , , , , 12.1977692, -0.1519036, , , , , , , 12.1977692, 0.0276951, , , , , , , , , , , , , , , , , , , , , , , , , , , , 
12.1982885, 0.1663386, , , , , , , 12.1982885, 0.1421683, , , , , , , 12.1982885, -0.131426, , , , , , , 12.1982885, 0.023331, , , , , , , , , , , , , , , , , , , , , , , , , , , , 
12.1988077, 0.160296, , , , , , , 12.1988077, 0.1359579, , , , , , , 12.1988077, -0.1186694, , , , , , , 12.1988077, 0.0182956, , , , , , , , , , , , , , , , , , , , , , , , , , , , 
12.1993269, 0.1542535, , , , , , , 12.1993269, 0.0975204, , , , , , , 12.1993269, -0.1092699, , , , , , , 12.1993269, 0.0119173, , , , , , , , , , , , , , , , , , , , , , , , , , , , 
12.1998462, 0.1542535, , , , , , , 12.1998462, 0.0830854, , , , , , , 12.1998462, -0.0891279, , , , , , , 12.1998462, 0.0082246, , , , , , , , , , , , , , , , , , , , , , , , , , , , 
12.2003654, 0.1503929, , , , , , , 12.2003654, 0.1359579, , , , , , , 12.2003654, -0.0582437, , , , , , , 12.2003654, 0.0102388, , , , , , , , , , , , , , , , , , , , , , , , , , , , 
12.2008846, 0.1420005, , , , , , , 12.2008846, 0.1824521, , , , , , , 12.2008846, -0.0283665, , , , , , , 12.2008846, 0.01561, , , , , , , , , , , , , , , , , , , , , , , , , , , , 
12.2014038, 0.1367971, , , , , , , 12.2014038, 0.1562676, , , , , , , 12.2014038, -0.0016785, , , , , , , 12.2014038, 0.018967, , , , , , , , , , , , , , , , , , , , , , , , , , , , 
12.2019231, 0.1364614, , , , , , , 12.2019231, 0.1149767, , , , , , , 12.2019231, 0.0271916, , , , , , , 12.2019231, 0.0209812, , , , , , , , , , , , , , , , , , , , , , , , , , , , 
12.2024423, 0.1347829, , , , , , , 12.2024423, 0.1126268, , , , , , , 12.2024423, 0.0575723, , , , , , , 12.2024423, 0.0238346, , , , , , , , , , , , , , , , , , , , , , , , , , , , 
12.2029615, 0.1242084, , , , , , , 12.2029615, 0.0673075, , , , , , , 12.2029615, 0.0797284, , , , , , , 12.2029615, 0.0240024, , , , , , , , , , , , , , , , , , , , , , , , , , , , 
12.2034808, 0.1038987, , , , , , , 12.2034808, -0.0699931, , , , , , , 12.2034808, 0.0889601, , , , , , , 12.2034808, 0.023331, , , , , , , , , , , , , , , , , , , , , , , , , , , , 
12.204, 0.0797284, , , , , , , 12.204, -0.1999084, , , , , , , 12.204, 0.0871138, , , , , , , 12.204, 0.0243381, , , , , , , , , , , , , , , , , , , , , , , , , , , , 
12.2045192, 0.057908, , , , , , , 12.2045192, -0.2203861, , , , , , , 12.2045192, 0.0814069, , , , , , , 12.2045192, 0.0240024, , , , , , , , , , , , , , , , , , , , , , , , , , , , 
12.2050385, 0.0377661, , , , , , , 12.2050385, -0.1743954, , , , , , , 12.2050385, 0.0810712, , , , , , , 12.2050385, 0.0243381, , , , , , , , , , , , , , , , , , , , , , , , , , , , 
12.2055577, 0.0213169, , , , , , , 12.2055577, -0.1641566, , , , , , , 12.2055577, 0.090135, , , , , , , 12.2055577, 0.0246738, , , , , , , , , , , , , , , , , , , , , , , , , , , , 
12.2060769, 0.0102388, , , , , , , 12.2060769, -0.1972229, , , , , , , 12.2060769, 0.0998703, , , , , , , 12.2060769, 0.0224918, , , , , , , , , , , , , , , , , , , , , , , , , , , , 
12.2065962, 0.0065461, , , , , , , 12.2065962, -0.1972229, , , , , , , 12.2065962, 0.1132982, , , , , , , 12.2065962, 0.0162814, , , , , , , , , , , , , , , , , , , , , , , , , , , , 
12.2071154, 0.0112459, , , , , , , 12.2071154, -0.1512322, , , , , , , 12.2071154, 0.1190051, , , , , , , 12.2071154, 0.0065461, , , , , , , , , , , , , , , , , , , , , , , , , , , , 
12.2076346, 0.0196384, , , , , , , 12.2076346, -0.1062486, , , , , , , 12.2076346, 0.1065843, , , , , , , 12.2076346, -0.0011749, , , , , , , , , , , , , , , , , , , , , , , , , , , , 
12.2081538, 0.0268559, , , , , , , 12.2081538, -0.0849317, , , , , , , 12.2081538, 0.085771, , , , , , , 12.2081538, -0.0048676, , , , , , , , , , , , , , , , , , , , , , , , , , , , 
12.2086731, 0.030045, , , , , , , 12.2086731, -0.0793927, , , , , , , 12.2086731, 0.0652934, , , , , , , 12.2086731, -0.0082246, , , , , , , , , , , , , , , , , , , , , , , , , , , , 
12.2091923, 0.0317235, , , , , , , 12.2091923, -0.0834211, , , , , , , 12.2091923, 0.0495155, , , , , , , 12.2091923, -0.0105745, , , , , , , , , , , , , , , , , , , , , , , , , , , , 
12.2097115, 0.0318914, , , , , , , 12.2097115, -0.0975204, , , , , , , 12.2097115, 0.036759, , , , , , , 12.2097115, -0.011078, , , , , , , , , , , , , , , , , , , , , , , , , , , , 
12.2102308, 0.030045, , , , , , , 12.2102308, -0.1084306, , , , , , , 12.2102308, 0.0184634, , , , , , , 12.2102308, -0.0115816, , , , , , , , , , , , , , , , , , , , , , , , , , , , 
12.21075, 0.0273594, , , , , , , 12.21075, -0.112459, , , , , , , 12.21075, -0.0045319, , , , , , , 12.21075, -0.0095674, , , , , , , , , , , , , , , , , , , , , , , , , , , , 
12.2112692, 0.023331, , , , , , , 12.2112692, -0.10692, , , , , , , 12.2112692, -0.0273594, , , , , , , 12.2112692, -0.0028534, , , , , , , , , , , , , , , , , , , , , , , , , , , , 
12.2117885, 0.0206455, , , , , , , 12.2117885, -0.0928206, , , , , , , 12.2117885, -0.0491798, , , , , , , 12.2117885, 0.0048676, , , , , , , , , , , , , , , , , , , , , , , , , , , , 
12.2123077, 0.0112459, , , , , , , 12.2123077, -0.0837568, , , , , , , 12.2123077, -0.0666361, , , , , , , 12.2123077, 0.01561, , , , , , , , , , , , , , , , , , , , , , , , , , , , 
12.2128269, -0.0018463, , , , , , , 12.2128269, -0.0713359, , , , , , , 12.2128269, -0.0740215, , , , , , , 12.2128269, 0.0290379, , , , , , , , , , , , , , , , , , , , , , , , , , , , 
12.2133462, -0.0077211, , , , , , , 12.2133462, -0.0431373, , , , , , , 12.2133462, -0.0767071, , , , , , , 12.2133462, 0.0354162, , , , , , , , , , , , , , , , , , , , , , , , , , , , 
12.2138654, -0.0146029, , , , , , , 12.2138654, -0.012253, , , , , , , 12.2138654, -0.0814069, , , , , , , 12.2138654, 0.0347448, , , , , , , , , , , , , , , , , , , , , , , , , , , , 
12.2143846, -0.0226596, , , , , , , 12.2143846, 0.0097353, , , , , , , 12.2143846, -0.0891279, , , , , , , 12.2143846, 0.0345769, , , , , , , , , , , , , , , , , , , , , , , , , , , , 
12.2149038, -0.0273594, , , , , , , 12.2149038, 0.0216526, , , , , , , 12.2149038, -0.0874495, , , , , , , 12.2149038, 0.0352483, , , , , , , , , , , , , , , , , , , , , , , , , , , , 
12.2154231, -0.0287022, , , , , , , 12.2154231, 0.0276951, , , , , , , 12.2154231, -0.0693217, , , , , , , 12.2154231, 0.0347448, , , , , , , , , , , , , , , , , , , , , , , , , , , , 
12.2159423, -0.0330663, , , , , , , 12.2159423, 0.0327306, , , , , , , 12.2159423, -0.0379339, , , , , , , 12.2159423, 0.0317235, , , , , , , , , , , , , , , , , , , , , , , , , , , , 
12.2164615, -0.0340734, , , , , , , 12.2164615, 0.0448157, , , , , , , 12.2164615, -0.005539, , , , , , , 12.2164615, 0.0253452, , , , , , , , , , , , , , , , , , , , , , , , , , , , 
12.2169808, -0.023331, , , , , , , 12.2169808, 0.0663005, , , , , , , 12.2169808, 0.0223239, , , , , , , 12.2169808, 0.0162814, , , , , , , , , , , , , , , , , , , , , , , , , , , , 
12.2175, -0.0135958, , , , , , , 12.2175, 0.0793927, , , , , , , 12.2175, 0.0486763, , , , , , , 12.2175, 0.0090639, , , , , , , , , , , , , , , , , , , , , , , , , , , , 
12.2180192, -0.0090639, , , , , , , 12.2180192, 0.0777142, , , , , , , 12.2180192, 0.0676432, , , , , , , 12.2180192, 0.0050355, , , , , , , , , , , , , , , , , , , , , , , , , , , , 
12.2185385, -0.0048676, , , , , , , 12.2185385, 0.0659648, , , , , , , 12.2185385, 0.0728466, , , , , , , 12.2185385, 0.0062104, , , , , , , , , , , , , , , , , , , , , , , , , , , , 
12.2190577, -0.0028534, , , , , , , 12.2190577, 0.054551, , , , , , , 12.2190577, 0.0659648, , , , , , , 12.2190577, 0.0085603, , , , , , , , , , , , , , , , , , , , , , , , , , , , 
12.2195769, -0.005539, , , , , , , 12.2195769, 0.0417945, , , , , , , 12.2195769, 0.0532082, , , , , , , 12.2195769, 0.0082246, , , , , , , , , , , , , , , , , , , , , , , , , , , , 
12.2200962, -0.0149386, , , , , , , 12.2200962, 0.0216526, , , , , , , 12.2200962, 0.036759, , , , , , , 12.2200962, 0.0060426, , , , , , , , , , , , , , , , , , , , , , , , , , , , 
12.2206154, -0.0283665, , , , , , , 12.2206154, 0.0025177, , , , , , , 12.2206154, 0.0206455, , , , , , , 12.2206154, 0.002182, , , , , , , , , , , , , , , , , , , , , , , , , , , , 
12.2211346, -0.0421302, , , , , , , 12.2211346, -0.0028534, , , , , , , 12.2211346, 0.0119173, , , , , , , 12.2211346, 0.0011749, , , , , , , , , , , , , , , , , , , , , , , , , , , , 
12.2216538, -0.0525368, , , , , , , 12.2216538, -0.0015106, , , , , , , 12.2216538, 0.0077211, , , , , , , 12.2216538, 0.0050355, , , , , , , , , , , , , , , , , , , , , , , , , , , , 
12.2221731, -0.0592508, , , , , , , 12.2221731, -0.0001678, , , , , , , 12.2221731, 0.0062104, , , , , , , 12.2221731, 0.0125887, , , , , , , , , , , , , , , , , , , , , , , , , , , , 
12.2226923, -0.0743572, , , , , , , 12.2226923, 0.005539, , , , , , , 12.2226923, 0.0182956, , , , , , , 12.2226923, 0.0203098, , , , , , , , , , , , , , , , , , , , , , , , , , , , 
12.2232115, -0.0921492, , , , , , , 12.2232115, 0.0169528, , , , , , , 12.2232115, 0.0441444, , , , , , , 12.2232115, 0.0280308, , , , , , , , , , , , , , , , , , , , , , , , , , , , 
12.2237308, -0.1025559, , , , , , , 12.2237308, 0.0250095, , , , , , , 12.2237308, 0.0728466, , , , , , , 12.2237308, 0.0357519, , , , , , , , , , , , , , , , , , , , , , , , , , , , 
12.22425, -0.1025559, , , , , , , 12.22425, 0.0303807, , , , , , , 12.22425, 0.0830854, , , , , , , 12.22425, 0.0428016, , , , , , , , , , , , , , , , , , , , , , , , , , , , 
12.2247692, -0.0961776, , , , , , , 12.2247692, 0.0339055, , , , , , , 12.2247692, 0.0683146, , , , , , , 12.2247692, 0.0508583, , , , , , , , , , , , , , , , , , , , , , , , , , , , 
12.2252885, -0.0850996, , , , , , , 12.2252885, 0.0273594, , , , , , , 12.2252885, 0.0522011, , , , , , , 12.2252885, 0.0626078, , , , , , , , , , , , , , , , , , , , , , , , , , , , 
12.2258077, -0.0753643, , , , , , , 12.2258077, 0.0112459, , , , , , , 12.2258077, 0.0528725, , , , , , , 12.2258077, 0.0726787, , , , , , , , , , , , , , , , , , , , , , , , , , , , 
12.2263269, -0.0595865, , , , , , , 12.2263269, -0.0001678, , , , , , , 12.2263269, 0.057908, , , , , , , 12.2263269, 0.072343, , , , , , , , , , , , , , , , , , , , , , , , , , , , 
12.2268462, -0.0386053, , , , , , , 12.2268462, 0.0114137, , , , , , , 12.2268462, 0.0575723, , , , , , , 12.2268462, 0.0691539, , , , , , , , , , , , , , , , , , , , , , , , , , , , 
12.2273654, -0.017792, , , , , , , 12.2273654, 0.0459907, , , , , , , 12.2273654, 0.0446479, , , , , , , 12.2273654, 0.0647898, , , , , , , , , , , , , , , , , , , , , , , , , , , , 
12.2278846, -0.0028534, , , , , , , 12.2278846, 0.0743572, , , , , , , 12.2278846, 0.0229953, , , , , , , 12.2278846, 0.0592508, , , , , , , , , , , , , , , , , , , , , , , , , , , , 
12.2284038, 0.0072175, , , , , , , 12.2284038, 0.0958419, , , , , , , 12.2284038, -0.0025177, , , , , , , 12.2284038, 0.0532082, , , , , , , , , , , , , , , , , , , , , , , , , , , , 
12.2289231, 0.0179599, , , , , , , 12.2289231, 0.096849, , , , , , , 12.2289231, -0.033402, , , , , , , 12.2289231, 0.04448, , , , , , , , , , , , , , , , , , , , , , , , , , , , 
12.2294423, 0.0226596, , , , , , , 12.2294423, 0.0592508, , , , , , , 12.2294423, -0.0614328, , , , , , , 12.2294423, 0.0317235, , , , , , , , , , , , , , , , , , , , , , , , , , , , 
12.2299615, 0.0206455, , , , , , , 12.2299615, 0.0159457, , , , , , , 12.2299615, -0.0847639, , , , , , , 12.2299615, 0.0172885, , , , , , , , , , , , , , , , , , , , , , , , , , , , 
12.2304808, 0.0206455, , , , , , , 12.2304808, 0.0015106, , , , , , , 12.2304808, -0.105745, , , , , , , 12.2304808, 0.0065461, , , , , , , , , , , , , , , , , , , , , , , , , , , , 
12.231, 0.03122, , , , , , , 12.231, -0.0011749, , , , , , , 12.231, -0.1270619, , , , , , , 12.231, -0.0028534, , , , , , , , , , , , , , , , , , , , , , , , , , , , 
12.2315192, 0.0438087, , , , , , , 12.2315192, 0.0028534, , , , , , , 12.2315192, -0.144686, , , , , , , 12.2315192, -0.0095674, , , , , , , , , , , , , , , , , , , , , , , , , , , , 
12.2320385, 0.0522011, , , , , , , 12.2320385, 0.0292058, , , , , , , 12.2320385, -0.1646601, , , , , , , 12.2320385, -0.0125887, , , , , , , , , , , , , , , , , , , , , , , , , , , , 
12.2325577, 0.0569009, , , , , , , 12.2325577, 0.0451514, , , , , , , 12.2325577, -0.1891661, , , , , , , 12.2325577, -0.0182956, , , , , , , , , , , , , , , , , , , , , , , , , , , , 
12.2330769, 0.0555581, , , , , , , 12.2330769, 0.023331, , , , , , , 12.2330769, -0.2079652, , , , , , , 12.2330769, -0.0250095, , , , , , , , , , , , , , , , , , , , , , , , , , , , 
12.2335962, 0.0552224, , , , , , , 12.2335962, -0.0283665, , , , , , , 12.2335962, -0.2123293, , , , , , , 12.2335962, -0.0280308, , , , , , , , , , , , , , , , , , , , , , , , , , , , 
12.2341154, 0.0548867, , , , , , , 12.2341154, -0.0688182, , , , , , , 12.2341154, -0.2046082, , , , , , , 12.2341154, -0.0323949, , , , , , , , , , , , , , , , , , , , , , , , , , , , 
12.2346346, 0.054551, , , , , , , 12.2346346, -0.0656291, , , , , , , 12.2346346, -0.1908446, , , , , , , 12.2346346, -0.0357519, , , , , , , , , , , , , , , , , , , , , , , , , , , , 
12.2351538, 0.0555581, , , , , , , 12.2351538, -0.0619364, , , , , , , 12.2351538, -0.1723812, , , , , , , 12.2351538, -0.0357519, , , , , , , , , , , , , , , , , , , , , , , , , , , , 
12.2356731, 0.0515297, , , , , , , 12.2356731, -0.0757, , , , , , , 12.2356731, -0.1485466, , , , , , , 12.2356731, -0.0337377, , , , , , , , , , , , , , , , , , , , , , , , , , , , 
12.2361923, 0.0488441, , , , , , , 12.2361923, -0.0582437, , , , , , , 12.2361923, -0.121355, , , , , , , 12.2361923, -0.0332341, , , , , , , , , , , , , , , , , , , , , , , , , , , , 
12.2367115, 0.0558938, , , , , , , 12.2367115, -0.0109102, , , , , , , 12.2367115, -0.0918135, , , , , , , 12.2367115, -0.0360876, , , , , , , , , , , , , , , , , , , , , , , , , , , , 
12.2372308, 0.0721752, , , , , , , 12.2372308, 0.0260166, , , , , , , 12.2372308, -0.0587472, , , , , , , 12.2372308, -0.0414588, , , , , , , , , , , , , , , , , , , , , , , , , , , , 
12.23775, 0.0897993, , , , , , , 12.23775, 0.0468299, , , , , , , 12.23775, -0.0229953, , , , , , , 12.23775, -0.04448, , , , , , , , , , , , , , , , , , , , , , , , , , , , 
12.2382692, 0.1075914, , , , , , , 12.2382692, 0.054551, , , , , , , 12.2382692, 0.005539, , , , , , , 12.2382692, -0.0404517, , , , , , , , , , , , , , , , , , , , , , , , , , , , 
12.2387885, 0.124712, , , , , , , 12.2387885, 0.0387732, , , , , , , 12.2387885, 0.0290379, , , , , , , 12.2387885, -0.0303807, , , , , , , , , , , , , , , , , , , , , , , , , , , , 
12.2393077, 0.1344472, , , , , , , 12.2393077, -0.0075532, , , , , , , 12.2393077, 0.0558938, , , , , , , 12.2393077, -0.0203098, , , , , , , , , , , , , , , , , , , , , , , , , , , , 
12.2398269, 0.1401541, , , , , , , 12.2398269, -0.0572366, , , , , , , 12.2398269, 0.0871138, , , , , , , 12.2398269, -0.0078889, , , , , , , , , , , , , , , , , , , , , , , , , , , , 
12.2403462, 0.1388113, , , , , , , 12.2403462, -0.0820783, , , , , , , 12.2403462, 0.1136339, , , , , , , 12.2403462, 0.012253, , , , , , , , , , , , , , , , , , , , , , , , , , , , 
12.2408654, 0.124712, , , , , , , 12.2408654, -0.1049058, , , , , , , 12.2408654, 0.1327687, , , , , , , 12.2408654, 0.0384375, , , , , , , , , , , , , , , , , , , , , , , , , , , , 
12.2413846, 0.1062486, , , , , , , 12.2413846, -0.1193408, , , , , , , 12.2413846, 0.1475395, , , , , , , 12.2413846, 0.0676432, , , , , , , , , , , , , , , , , , , , , , , , , , , , 
12.2419038, 0.0840925, , , , , , , 12.2419038, -0.0985275, , , , , , , 12.2419038, 0.1616388, , , , , , , 12.2419038, 0.0928206, , , , , , , , , , , , , , , , , , , , , , , , , , , , 
12.2424231, 0.0602579, , , , , , , 12.2424231, -0.0740215, , , , , , , 12.2424231, 0.1801022, , , , , , , 12.2424231, 0.1025559, , , , , , , , , , , , , , , , , , , , , , , , , , , , 
12.2429423, 0.0370947, , , , , , , 12.2429423, -0.0793927, , , , , , , 12.2429423, 0.2052796, , , , , , , 12.2429423, 0.1064164, , , , , , , , , , , , , , , , , , , , , , , , , , , , 
12.2434615, 0.0130922, , , , , , , 12.2434615, -0.103563, , , , , , , 12.2434615, 0.223743, , , , , , , 12.2434615, 0.1116197, , , , , , , , , , , , , , , , , , , , , , , , , , , , 
12.2439808, -0.0099031, , , , , , , 12.2439808, -0.1008774, , , , , , , 12.2439808, 0.2183719, , , , , , , 12.2439808, 0.1163195, , , , , , , , , , , , , , , , , , , , , , , , , , , , 
12.2445, -0.030045, , , , , , , 12.2445, -0.0663005, , , , , , , 12.2445, 0.1918517, , , , , , , 12.2445, 0.1129625, , , , , , , , , , , , , , , , , , , , , , , , , , , , 
12.2450192, -0.0448157, , , , , , , 12.2450192, -0.0323949, , , , , , , 12.2450192, 0.1535821, , , , , , , 12.2450192, 0.0975204, , , , , , , , , , , , , , , , , , , , , , , , , , , , 
12.2455385, -0.0518654, , , , , , , 12.2455385, -0.005539, , , , , , , 12.2455385, 0.1143053, , , , , , , 12.2455385, 0.0780499, , , , , , , , , , , , , , , , , , , , , , , , , , , , 
12.2460577, -0.0599222, , , , , , , 12.2460577, 0.0159457, , , , , , , 12.2460577, 0.0810712, , , , , , , 12.2460577, 0.0602579, , , , , , , , , , , , , , , , , , , , , , , , , , , , 
12.2465769, -0.064622, , , , , , , 12.2465769, 0.0157778, , , , , , , 12.2465769, 0.0515297, , , , , , , 12.2465769, 0.0431373, , , , , , , , , , , , , , , , , , , , , , , , , , , , 
12.2470962, -0.0565652, , , , , , , 12.2470962, 0.0008392, , , , , , , 12.2470962, 0.0258488, , , , , , , 12.2470962, 0.0256809, , , , , , , , , , , , , , , , , , , , , , , , , , , , 
12.2476154, -0.0438087, , , , , , , 12.2476154, -0.012253, , , , , , , 12.2476154, 0.0011749, , , , , , , 12.2476154, 0.010071, , , , , , , , , , , , , , , , , , , , , , , , , , , , 
12.2481346, -0.0318914, , , , , , , 12.2481346, -0.0290379, , , , , , , 12.2481346, -0.0250095, , , , , , , 12.2481346, -0.0035248, , , , , , , , , , , , , , , , , , , , , , , , , , , , 
12.2486538, -0.0229953, , , , , , , 12.2486538, -0.057908, , , , , , , 12.2486538, -0.0503548, , , , , , , 12.2486538, -0.0152743, , , , , , , , , , , , , , , , , , , , , , , , , , , , 
12.2491731, -0.0182956, , , , , , , 12.2491731, -0.0706645, , , , , , , 12.2491731, -0.0710002, , , , , , , 12.2491731, -0.0256809, , , , , , , , , , , , , , , , , , , , , , , , , , , , 
12.2496923, -0.0132601, , , , , , , 12.2496923, -0.0626078, , , , , , , 12.2496923, -0.0961776, , , , , , , 12.2496923, -0.0320592, , , , , , , , , , , , , , , , , , , , , , , , , , , , 
12.2502115, -0.005539, , , , , , , 12.2502115, -0.0570687, , , , , , , 12.2502115, -0.1250477, , , , , , , 12.2502115, -0.0377661, , , , , , , , , , , , , , , , , , , , , , , , , , , , 
12.2507308, 0.0038605, , , , , , , 12.2507308, -0.0303807, , , , , , , 12.2507308, -0.1443503, , , , , , , 12.2507308, -0.043473, , , , , , , , , , , , , , , , , , , , , , , , , , , , 
12.25125, 0.0152743, , , , , , , 12.25125, 0.0199741, , , , , , , 12.25125, -0.1488823, , , , , , , 12.25125, -0.0491798, , , , , , , , , , , , , , , , , , , , , , , , , , , , 
12.2517692, 0.0290379, , , , , , , 12.2517692, 0.0515297, , , , , , , 12.2517692, -0.1502251, , , , , , , 12.2517692, -0.0532082, , , , , , , , , , , , , , , , , , , , , , , , , , , , 
12.2522885, 0.0433051, , , , , , , 12.2522885, 0.0488441, , , , , , , 12.2522885, -0.1472038, , , , , , , 12.2522885, -0.0558938, , , , , , , , , , , , , , , , , , , , , , , , , , , , 
12.2528077, 0.0471656, , , , , , , 12.2528077, 0.0387732, , , , , , , 12.2528077, -0.1381399, , , , , , , 12.2528077, -0.0548867, , , , , , , , , , , , , , , , , , , , , , , , , , , , 
12.2533269, 0.0468299, , , , , , , 12.2533269, 0.0352483, , , , , , , 12.2533269, -0.1059129, , , , , , , 12.2533269, -0.0533761, , , , , , , , , , , , , , , , , , , , , , , , , , , , 
12.2538462, 0.0428016, , , , , , , 12.2538462, 0.0354162, , , , , , , 12.2538462, -0.0404517, , , , , , , 12.2538462, -0.0538796, , , , , , , , , , , , , , , , , , , , , , , , , , , , 
12.2543654, 0.0370947, , , , , , , 12.2543654, 0.0344091, , , , , , , 12.2543654, 0.0218204, , , , , , , 12.2543654, -0.0535439, , , , , , , , , , , , , , , , , , , , , , , , , , , , 
12.2548846, 0.0384375, , , , , , , 12.2548846, 0.0350805, , , , , , , 12.2548846, 0.0424659, , , , , , , 12.2548846, -0.0485084, , , , , , , , , , , , , , , , , , , , , , , , , , , , 
12.2554038, 0.0433051, , , , , , , 12.2554038, 0.0377661, , , , , , , 12.2554038, 0.0293736, , , , , , , 12.2554038, -0.0439765, , , , , , , , , , , , , , , , , , , , , , , , , , , , 
12.2559231, 0.043473, , , , , , , 12.2559231, 0.0287022, , , , , , , 12.2559231, 0.0072175, , , , , , , 12.2559231, -0.0384375, , , , , , , , , , , , , , , , , , , , , , , , , , , , 
12.2564423, 0.0414588, , , , , , , 12.2564423, 0.0095674, , , , , , , 12.2564423, -0.0149386, , , , , , , 12.2564423, -0.030045, , , , , , , , , , , , , , , , , , , , , , , , , , , , 
12.2569615, 0.0453193, , , , , , , 12.2569615, 0.008896, , , , , , , 12.2569615, -0.0370947, , , , , , , 12.2569615, -0.0162814, , , , , , , , , , , , , , , , , , , , , , , , , , , , 
12.2574808, 0.0488441, , , , , , , 12.2574808, 0.0360876, , , , , , , 12.2574808, -0.0609293, , , , , , , 12.2574808, 0.0035248, , , , , , , , , , , , , , , , , , , , , , , , , , , , 
12.258, 0.0481727, , , , , , , 12.258, 0.0619364, , , , , , , 12.258, -0.0820783, , , , , , , 12.258, 0.0203098, , , , , , , , , , , , , , , , , , , , , , , , , , , , 
12.2585192, 0.0488441, , , , , , , 12.2585192, 0.0585794, , , , , , , 12.2585192, -0.0975204, , , , , , , 12.2585192, 0.0276951, , , , , , , , , , , , , , , , , , , , , , , , , , , , 
12.2590385, 0.0508583, , , , , , , 12.2590385, 0.0298772, , , , , , , 12.2590385, -0.0874495, , , , , , , 12.2590385, 0.0273594, , , , , , , , , , , , , , , , , , , , , , , , , , , , 
12.2595577, 0.0464942, , , , , , , 12.2595577, 0.0038605, , , , , , , 12.2595577, -0.0540475, , , , , , , 12.2595577, 0.0263523, , , , , , , , , , , , , , , , , , , , , , , , , , , , 
12.2600769, 0.0323949, , , , , , , 12.2600769, -0.0025177, , , , , , , 12.2600769, -0.0297093, , , , , , , 12.2600769, 0.0226596, , , , , , , , , , , , , , , , , , , , , , , , , , , , 
12.2605962, 0.0132601, , , , , , , 12.2605962, -0.0117494, , , , , , , 12.2605962, -0.0310521, , , , , , , 12.2605962, 0.0186313, , , , , , , , , , , , , , , , , , , , , , , , , , , , 
12.2611154, -0.0005035, , , , , , , 12.2611154, -0.0377661, , , , , , , 12.2611154, -0.0475013, , , , , , , 12.2611154, 0.0142672, , , , , , , , , , , , , , , , , , , , , , , , , , , , 
12.2616346, -0.0109102, , , , , , , 12.2616346, -0.0560616, , , , , , , 12.2616346, -0.0589151, , , , , , , 12.2616346, 0.0092317, , , , , , , , , , , , , , , , , , , , , , , , , , , , 
12.2621538, -0.0162814, , , , , , , 12.2621538, -0.0458228, , , , , , , 12.2621538, -0.0520333, , , , , , , 12.2621538, 0.0095674, , , , , , , , , , , , , , , , , , , , , , , , , , , , 
12.2626731, -0.0229953, , , , , , , 12.2626731, -0.0206455, , , , , , , 12.2626731, -0.0386053, , , , , , , 12.2626731, 0.0135958, , , , , , , , , , , , , , , , , , , , , , , , , , , , 
12.2631923, -0.0347448, , , , , , , 12.2631923, -0.0058747, , , , , , , 12.2631923, -0.0374304, , , , , , , 12.2631923, 0.0169528, , , , , , , , , , , , , , , , , , , , , , , , , , , , 
12.2637115, -0.0464942, , , , , , , 12.2637115, -0.0082246, , , , , , , 12.2637115, -0.0414588, , , , , , , 12.2637115, 0.0203098, , , , , , , , , , , , , , , , , , , , , , , , , , , , 
12.2642308, -0.0587472, , , , , , , 12.2642308, -0.0135958, , , , , , , 12.2642308, -0.0387732, , , , , , , 12.2642308, 0.0285344, , , , , , , , , , , , , , , , , , , , , , , , , , , , 
12.26475, -0.0713359, , , , , , , 12.26475, -0.0129244, , , , , , , 12.26475, -0.0360876, , , , , , , 12.26475, 0.0344091, , , , , , , , , , , , , , , , , , , , , , , , , , , , 
12.2652692, -0.0795605, , , , , , , 12.2652692, -0.0115816, , , , , , , 12.2652692, -0.0303807, , , , , , , 12.2652692, 0.033402, , , , , , , , , , , , , , , , , , , , , , , , , , , , 
12.2657885, -0.0822461, , , , , , , 12.2657885, -0.0166171, , , , , , , 12.2657885, -0.0028534, , , , , , , 12.2657885, 0.0287022, , , , , , , , , , , , , , , , , , , , , , , , , , , , 
12.2663077, -0.0861067, , , , , , , 12.2663077, -0.0203098, , , , , , , 12.2663077, 0.0448157, , , , , , , 12.2663077, 0.0229953, , , , , , , , , , , , , , , , , , , , , , , , , , , , 
12.2668269, -0.0844282, , , , , , , 12.2668269, -0.01561, , , , , , , 12.2668269, 0.0793927, , , , , , , 12.2668269, 0.0132601, , , , , , , , , , , , , , , , , , , , , , , , , , , , 
12.2673462, -0.0696574, , , , , , , 12.2673462, -0.0072175, , , , , , , 12.2673462, 0.0971847, , , , , , , 12.2673462, 0.0015106, , , , , , , , , , , , , , , , , , , , , , , , , , , , 
12.2678654, -0.0495155, , , , , , , 12.2678654, -0.0028534, , , , , , , 12.2678654, 0.1139696, , , , , , , 12.2678654, -0.0038605, , , , , , , , , , , , , , , , , , , , , , , , , , , , 
12.2683846, -0.0357519, , , , , , , 12.2683846, -0.0008392, , , , , , , 12.2683846, 0.1190051, , , , , , , 12.2683846, -0.0041962, , , , , , , , , , , , , , , , , , , , , , , , , , , , 
12.2689038, -0.0297093, , , , , , , 12.2689038, 0.0005035, , , , , , , 12.2689038, 0.0955062, , , , , , , 12.2689038, 0.0030213, , , , , , , , , , , , , , , , , , , , , , , , , , , , 
12.2694231, -0.0270237, , , , , , , 12.2694231, -0.0001678, , , , , , , 12.2694231, 0.057908, , , , , , , 12.2694231, 0.0226596, , , , , , , , , , , , , , , , , , , , , , , , , , , , 
12.2699423, -0.0209812, , , , , , , 12.2699423, -0.0035248, , , , , , , 12.2699423, 0.0186313, , , , , , , 12.2699423, 0.0471656, , , , , , , , , , , , , , , , , , , , , , , , , , , , 
12.2704615, -0.0182956, , , , , , , 12.2704615, -0.0085603, , , , , , , 12.2704615, -0.0109102, , , , , , , 12.2704615, 0.0669718, , , , , , , , , , , , , , , , , , , , , , , , , , , , 
12.2709808, -0.0236667, , , , , , , 12.2709808, -0.0117494, , , , , , , 12.2709808, -0.0236667, , , , , , , 12.2709808, 0.0750286, , , , , , , , , , , , , , , , , , , , , , , , , , , , 
12.2715, -0.0270237, , , , , , , 12.2715, -0.0127565, , , , , , , 12.2715, -0.0238346, , , , , , , 12.2715, 0.0757, , , , , , , , , , , , , , , , , , , , , , , , , , , , 
12.2720192, -0.0273594, , , , , , , 12.2720192, -0.0119173, , , , , , , 12.2720192, -0.0246738, , , , , , , 12.2720192, 0.0817426, , , , , , , , , , , , , , , , , , , , , , , , , , , , 
12.2725385, -0.0317235, , , , , , , 12.2725385, -0.0119173, , , , , , , 12.2725385, -0.036759, , , , , , , 12.2725385, 0.087953, , , , , , , , , , , , , , , , , , , , , , , , , , , , 
12.2730577, -0.0399481, , , , , , , 12.2730577, -0.0157778, , , , , , , 12.2730577, -0.0547189, , , , , , , 12.2730577, 0.0797284, , , , , , , , , , , , , , , , , , , , , , , , , , , , 
12.2735769, -0.0431373, , , , , , , 12.2735769, -0.0186313, , , , , , , 12.2735769, -0.0652934, , , , , , , 12.2735769, 0.0584115, , , , , , , , , , , , , , , , , , , , , , , , , , , , 
12.2740962, -0.040116, , , , , , , 12.2740962, -0.0172885, , , , , , , 12.2740962, -0.0699931, , , , , , , 12.2740962, 0.0347448, , , , , , , , , , , , , , , , , , , , , , , , , , , , 
12.2746154, -0.0377661, , , , , , , 12.2746154, -0.018967, , , , , , , 12.2746154, -0.0720073, , , , , , , 12.2746154, 0.0125887, , , , , , , , , , , , , , , , , , , , , , , , , , , , 
12.2751346, -0.0399481, , , , , , , 12.2751346, -0.0223239, , , , , , , 12.2751346, -0.0731823, , , , , , , 12.2751346, -0.0082246, , , , , , , , , , , , , , , , , , , , , , , , , , , , 
12.2756538, -0.0411231, , , , , , , 12.2756538, -0.0224918, , , , , , , 12.2756538, -0.0740215, , , , , , , 12.2756538, -0.0250095, , , , , , , , , , , , , , , , , , , , , , , , , , , , 
12.2761731, -0.0327306, , , , , , , 12.2761731, -0.0199741, , , , , , , 12.2761731, -0.0639506, , , , , , , 12.2761731, -0.036759, , , , , , , , , , , , , , , , , , , , , , , , , , , , 
12.2766923, -0.0152743, , , , , , , 12.2766923, -0.0162814, , , , , , , 12.2766923, -0.0438087, , , , , , , 12.2766923, -0.04448, , , , , , , , , , , , , , , , , , , , , , , , , , , , 
12.2772115, 0.0052033, , , , , , , 12.2772115, -0.0164492, , , , , , , 12.2772115, -0.0256809, , , , , , , 12.2772115, -0.0505226, , , , , , , , , , , , , , , , , , , , , , , , , , , , 
12.2777308, 0.0253452, , , , , , , 12.2777308, -0.0209812, , , , , , , 12.2777308, -0.0119173, , , , , , , 12.2777308, -0.0522011, , , , , , , , , , , , , , , , , , , , , , , , , , , , 
12.27825, 0.0439765, , , , , , , 12.27825, -0.0213169, , , , , , , 12.27825, 0.005539, , , , , , , 12.27825, -0.0518654, , , , , , , , , , , , , , , , , , , , , , , , , , , , 
12.2787692, 0.0589151, , , , , , , 12.2787692, -0.018967, , , , , , , 12.2787692, 0.0290379, , , , , , , 12.2787692, -0.0503548, , , , , , , , , , , , , , , , , , , , , , , , , , , , 
12.2792885, 0.0693217, , , , , , , 12.2792885, -0.0166171, , , , , , , 12.2792885, 0.0518654, , , , , , , 12.2792885, -0.0480049, , , , , , , , , , , , , , , , , , , , , , , , , , , , 
12.2798077, 0.0710002, , , , , , , 12.2798077, -0.0129244, , , , , , , 12.2798077, 0.0629435, , , , , , , 12.2798077, -0.0424659, , , , , , , , , , , , , , , , , , , , , , , , , , , , 
12.2803269, 0.0679789, , , , , , , 12.2803269, -0.0095674, , , , , , , 12.2803269, 0.0649577, , , , , , , 12.2803269, -0.0350805, , , , , , , , , , , , , , , , , , , , , , , , , , , , 
12.2808462, 0.0589151, , , , , , , 12.2808462, -0.005539, , , , , , , 12.2808462, 0.0686503, , , , , , , 12.2808462, -0.0280308, , , , , , , , , , , , , , , , , , , , , , , , , , , , 
12.2813654, 0.0454871, , , , , , , 12.2813654, 0.0008392, , , , , , , 12.2813654, 0.0924849, , , , , , , 12.2813654, -0.0193027, , , , , , , , , , , , , , , , , , , , , , , , , , , , 
12.2818846, 0.040116, , , , , , , 12.2818846, 0.0068818, , , , , , , 12.2818846, 0.1287404, , , , , , , 12.2818846, -0.0140993, , , , , , , , , , , , , , , , , , , , , , , , , , , , 
12.2824038, 0.0344091, , , , , , , 12.2824038, 0.0035248, , , , , , , 12.2824038, 0.160296, , , , , , , 12.2824038, -0.0132601, , , , , , , , , , , , , , , , , , , , , , , , , , , , 
12.2829231, 0.021149, , , , , , , 12.2829231, -0.0115816, , , , , , , 12.2829231, 0.1842985, , , , , , , 12.2829231, -0.0095674, , , , , , , , , , , , , , , , , , , , , , , , , , , , 
12.2834423, 0.005539, , , , , , , 12.2834423, -0.0223239, , , , , , , 12.2834423, 0.2083009, , , , , , , 12.2834423, -0.0028534, , , , , , , , , , , , , , , , , , , , , , , , , , , , 
12.2839615, -0.0063783, , , , , , , 12.2839615, -0.0176242, , , , , , , 12.2839615, 0.2254215, , , , , , , 12.2839615, 0.005539, , , , , , , , , , , , , , , , , , , , , , , , , , , , 
12.2844808, -0.0209812, , , , , , , 12.2844808, -0.0028534, , , , , , , 12.2844808, 0.2240787, , , , , , , 12.2844808, 0.0151064, , , , , , , , , , , , , , , , , , , , , , , , , , , , 
12.285, -0.0320592, , , , , , , 12.285, 0.0139315, , , , , , , 12.285, 0.2079652, , , , , , , 12.285, 0.0219883, , , , , , , , , , , , , , , , , , , , , , , , , , , , 
12.2855192, -0.0374304, , , , , , , 12.2855192, 0.0307164, , , , , , , 12.2855192, 0.1829557, , , , , , , 12.2855192, 0.024506, , , , , , , , , , , , , , , , , , , , , , , , , , , , 
12.2860385, -0.0421302, , , , , , , 12.2860385, 0.0327306, , , , , , , 12.2860385, 0.1579461, , , , , , , 12.2860385, 0.0231632, , , , , , , , , , , , , , , , , , , , , , , , , , , , 
12.2865577, -0.0404517, , , , , , , 12.2865577, 0.0213169, , , , , , , 12.2865577, 0.1317617, , , , , , , 12.2865577, 0.0169528, , , , , , , , , , , , , , , , , , , , , , , , , , , , 
12.2870769, -0.0280308, , , , , , , 12.2870769, 0.0157778, , , , , , , 12.2870769, 0.1089342, , , , , , , 12.2870769, 0.0092317, , , , , , , , , , , , , , , , , , , , , , , , , , , , 
12.2875962, -0.0139315, , , , , , , 12.2875962, 0.0186313, , , , , , , 12.2875962, 0.0861067, , , , , , , 12.2875962, 0.0035248, , , , , , , , , , , , , , , , , , , , , , , , , , , , 
12.2881154, -0.0015106, , , , , , , 12.2881154, 0.0206455, , , , , , , 12.2881154, 0.0468299, , , , , , , 12.2881154, -0.0025177, , , , , , , , , , , , , , , , , , , , , , , , , , , , 
12.2886346, 0.0117494, , , , , , , 12.2886346, 0.0169528, , , , , , , 12.2886346, -0.024506, , , , , , , 12.2886346, -0.0062104, , , , , , , , , , , , , , , , , , , , , , , , , , , , 
12.2891538, 0.023331, , , , , , , 12.2891538, 0.008896, , , , , , , 12.2891538, -0.1131304, , , , , , , 12.2891538, -0.008896, , , , , , , , , , , , , , , , , , , , , , , , , , , , 
12.2896731, 0.0320592, , , , , , , 12.2896731, 0.0011749, , , , , , , 12.2896731, -0.1935302, , , , , , , 12.2896731, -0.0087282, , , , , , , , , , , , , , , , , , , , , , , , , , , , 
12.2901923, 0.0387732, , , , , , , 12.2901923, -0.0068818, , , , , , , 12.2901923, -0.2586557, , , , , , , 12.2901923, -0.0078889, , , , , , , , , , , , , , , , , , , , , , , , , , , , 
12.2907115, 0.0428016, , , , , , , 12.2907115, -0.0152743, , , , , , , 12.2907115, -0.3056535, , , , , , , 12.2907115, -0.0058747, , , , , , , , , , , , , , , , , , , , , , , , , , , , 
12.2912308, 0.0441444, , , , , , , 12.2912308, -0.0135958, , , , , , , 12.2912308, -0.3309987, , , , , , , 12.2912308, -0.002182, , , , , , , , , , , , , , , , , , , , , , , , , , , , 
12.29175, 0.0441444, , , , , , , 12.29175, -0.0102388, , , , , , , 12.29175, -0.3335164, , , , , , , 12.29175, 0.0035248, , , , , , , , , , , , , , , , , , , , , , , , , , , , 
12.2922692, 0.047837, , , , , , , 12.2922692, -0.0117494, , , , , , , 12.2922692, -0.3190814, , , , , , , 12.2922692, 0.0132601, , , , , , , , , , , , , , , , , , , , , , , , , , , , 
12.2927885, 0.051194, , , , , , , 12.2927885, -0.0125887, , , , , , , 12.2927885, -0.3009537, , , , , , , 12.2927885, 0.0223239, , , , , , , , , , , , , , , , , , , , , , , , , , , , 
12.2933077, 0.0428016, , , , , , , 12.2933077, -0.01561, , , , , , , 12.2933077, -0.2754406, , , , , , , 12.2933077, 0.0292058, , , , , , , , , , , , , , , , , , , , , , , , , , , , 
12.2938269, 0.0350805, , , , , , , 12.2938269, -0.0251774, , , , , , , 12.2938269, -0.2398566, , , , , , , 12.2938269, 0.0386053, , , , , , , , , , , , , , , , , , , , , , , , , , , , 
12.2943462, 0.0354162, , , , , , , 12.2943462, -0.0317235, , , , , , , 12.2943462, -0.2109865, , , , , , , 12.2943462, 0.0555581, , , , , , , , , , , , , , , , , , , , , , , , , , , , 
12.2948654, 0.0330663, , , , , , , 12.2948654, -0.0283665, , , , , , , 12.2948654, -0.1878233, , , , , , , 12.2948654, 0.0777142, , , , , , , , , , , , , , , , , , , , , , , , , , , , 
12.2953846, 0.0213169, , , , , , , 12.2953846, -0.0219883, , , , , , , 12.2953846, -0.1451896, , , , , , , 12.2953846, 0.0975204, , , , , , , , , , , , , , , , , , , , , , , , , , , , 
12.2959038, 0.0166171, , , , , , , 12.2959038, -0.0234989, , , , , , , 12.2959038, -0.0639506, , , , , , , 12.2959038, 0.1119554, , , , , , , , , , , , , , , , , , , , , , , , , , , , 
12.2964231, 0.0253452, , , , , , , 12.2964231, -0.0285344, , , , , , , 12.2964231, 0.0194705, , , , , , , 12.2964231, 0.1132982, , , , , , , , , , , , , , , , , , , , , , , , , , , , 
12.2969423, 0.0428016, , , , , , , 12.2969423, -0.0256809, , , , , , , 12.2969423, 0.0713359, , , , , , , 12.2969423, 0.1005417, , , , , , , , , , , , , , , , , , , , , , , , , , , , 
12.2974615, 0.0639506, , , , , , , 12.2974615, -0.002182, , , , , , , 12.2974615, 0.1015488, , , , , , , 12.2974615, 0.0773785, , , , , , , , , , , , , , , , , , , , , , , , , , , , 
12.2979808, 0.082414, , , , , , , 12.2979808, 0.0287022, , , , , , , 12.2979808, 0.1203479, , , , , , , 12.2979808, 0.0522011, , , , , , , , , , , , , , , , , , , , , , , , , , , , 
12.2985, 0.0931563, , , , , , , 12.2985, 0.0342412, , , , , , , 12.2985, 0.1287404, , , , , , , 12.2985, 0.0307164, , , , , , , , , , , , , , , , , , , , , , , , , , , , 
12.2990192, 0.0897993, , , , , , , 12.2990192, 0.0206455, , , , , , , 12.2990192, 0.1143053, , , , , , , 12.2990192, 0.014435, , , , , , , , , , , , , , , , , , , , , , , , , , , , 
12.2995385, 0.085771, , , , , , , 12.2995385, 0.0243381, , , , , , , 12.2995385, 0.0866102, , , , , , , 12.2995385, 0.0038605, , , , , , , , , , , , , , , , , , , , , , , , , , , , 
12.3000577, 0.0830854, , , , , , , 12.3000577, 0.04448, , , , , , , 12.3000577, 0.063447, , , , , , , 12.3000577, -0.0018463, , , , , , , , , , , , , , , , , , , , , , , , , , , , 
12.3005769, 0.0783856, , , , , , , 12.3005769, 0.0582437, , , , , , , 12.3005769, 0.0522011, , , , , , , 12.3005769, -0.0035248, , , , , , , , , , , , , , , , , , , , , , , , , , , , 
12.3010962, 0.0703288, , , , , , , 12.3010962, 0.0535439, , , , , , , 12.3010962, 0.0652934, , , , , , , 12.3010962, -0.0035248, , , , , , , , , , , , , , , , , , , , , , , , , , , , 
12.3016154, 0.0595865, , , , , , , 12.3016154, 0.0347448, , , , , , , 12.3016154, 0.0911421, , , , , , , 12.3016154, -0.0005035, , , , , , , , , , , , , , , , , , , , , , , , , , , , 
12.3021346, 0.0495155, , , , , , , 12.3021346, 0.0243381, , , , , , , 12.3021346, 0.0978561, , , , , , , 12.3021346, 0.0072175, , , , , , , , , , , , , , , , , , , , , , , , , , , , 
12.3026538, 0.0374304, , , , , , , 12.3026538, 0.0414588, , , , , , , 12.3026538, 0.0908064, , , , , , , 12.3026538, 0.0179599, , , , , , , , , , , , , , , , , , , , , , , , , , , , 
12.3031731, 0.0196384, , , , , , , 12.3031731, 0.0787213, , , , , , , 12.3031731, 0.0777142, , , , , , , 12.3031731, 0.0317235, , , , , , , , , , , , , , , , , , , , , , , , , , , , 
12.3036923, 0.0018463, , , , , , , 12.3036923, 0.0904707, , , , , , , 12.3036923, 0.0495155, , , , , , , 12.3036923, 0.0411231, , , , , , , , , , , , , , , , , , , , , , , , , , , , 
12.3042115, -0.0176242, , , , , , , 12.3042115, 0.0678111, , , , , , , 12.3042115, 0.0011749, , , , , , , 12.3042115, 0.0448157, , , , , , , , , , , , , , , , , , , , , , , , , , , , 
12.3047308, -0.0310521, , , , , , , 12.3047308, 0.0629435, , , , , , , 12.3047308, -0.0569009, , , , , , , 12.3047308, 0.0458228, , , , , , , , , , , , , , , , , , , , , , , , , , , , 
12.30525, -0.0317235, , , , , , , 12.30525, 0.0854353, , , , , , , 12.30525, -0.0975204, , , , , , , 12.30525, 0.0451514, , , , , , , , , , , , , , , , , , , , , , , , , , , , 
12.3057692, -0.0317235, , , , , , , 12.3057692, 0.0844282, , , , , , , 12.3057692, -0.1138018, , , , , , , 12.3057692, 0.0446479, , , , , , , , , , , , , , , , , , , , , , , , , , , , 
12.3062885, -0.0310521, , , , , , , 12.3062885, 0.0290379, , , , , , , 12.3062885, -0.1243763, , , , , , , 12.3062885, 0.0428016, , , , , , , , , , , , , , , , , , , , , , , , , , , , 
12.3068077, -0.0209812, , , , , , , 12.3068077, -0.0438087, , , , , , , 12.3068077, -0.142504, , , , , , , 12.3068077, 0.0391089, , , , , , , , , , , , , , , , , , , , , , , , , , , , 
12.3073269, 0.0018463, , , , , , , 12.3073269, -0.1018845, , , , , , , 12.3073269, -0.1629816, , , , , , , 12.3073269, 0.0320592, , , , , , , , , , , , , , , , , , , , , , , , , , , , 
12.3078462, 0.0261845, , , , , , , 12.3078462, -0.1555962, , , , , , , 12.3078462, -0.1633173, , , , , , , 12.3078462, 0.0238346, , , , , , , , , , , , , , , , , , , , , , , , , , , , 
12.3083654, 0.0407874, , , , , , , 12.3083654, -0.2123293, , , , , , , 12.3083654, -0.1378042, , , , , , , 12.3083654, 0.0172885, , , , , , , , , , , , , , , , , , , , , , , , , , , , 
12.3088846, 0.0461585, , , , , , , 12.3088846, -0.2546273, , , , , , , 12.3088846, -0.1008774, , , , , , , 12.3088846, 0.0099031, , , , , , , , , , , , , , , , , , , , , , , , , , , , 
12.3094038, 0.0485084, , , , , , , 12.3094038, -0.2447242, , , , , , , 12.3094038, -0.0767071, , , , , , , 12.3094038, -0.0008392, , , , , , , , , , , , , , , , , , , , , , , , , , , , 
12.3099231, 0.0505226, , , , , , , 12.3099231, -0.1942016, , , , , , , 12.3099231, -0.0642863, , , , , , , 12.3099231, -0.0135958, , , , , , , , , , , , , , , , , , , , , , , , , , , , 
12.3104423, 0.0481727, , , , , , , 12.3104423, -0.1700313, , , , , , , 12.3104423, -0.0582437, , , , , , , 12.3104423, -0.0223239, , , , , , , , , , , , , , , , , , , , , , , , , , , , 
12.3109615, 0.0414588, , , , , , , 12.3109615, -0.1754025, , , , , , , 12.3109615, -0.054551, , , , , , , 12.3109615, -0.0273594, , , , , , , , , , , , , , , , , , , , , , , , , , , , 
12.3114808, 0.0387732, , , , , , , 12.3114808, -0.1713741, , , , , , , 12.3114808, -0.0381018, , , , , , , 12.3114808, -0.0310521, , , , , , , , , , , , , , , , , , , , , , , , , , , , 
12.312, 0.0384375, , , , , , , 12.312, -0.1297475, , , , , , , 12.312, -0.0038605, , , , , , , 12.312, -0.0287022, , , , , , , , , , , , , , , , , , , , , , , , , , , , 
12.3125192, 0.033402, , , , , , , 12.3125192, -0.0981918, , , , , , , 12.3125192, 0.0454871, , , , , , , 12.3125192, -0.0234989, , , , , , , , , , , , , , , , , , , , , , , , , , , , 
12.3130385, 0.0219883, , , , , , , 12.3130385, -0.100206, , , , , , , 12.3130385, 0.1045701, , , , , , , 12.3130385, -0.0176242, , , , , , , , , , , , , , , , , , , , , , , , , , , , 
12.3135577, 0.0139315, , , , , , , 12.3135577, -0.0971847, , , , , , , 12.3135577, 0.1686885, , , , , , , 12.3135577, -0.008896, , , , , , , , , , , , , , , , , , , , , , , , , , , , 
12.3140769, 0.0147707, , , , , , , 12.3140769, -0.0552224, , , , , , , 12.3140769, 0.2378424, , , , , , , 12.3140769, 0.0028534, , , , , , , , , , , , , , , , , , , , , , , , , , , , 
12.3145962, 0.0172885, , , , , , , 12.3145962, 0.0052033, , , , , , , 12.3145962, 0.3043107, , , , , , , 12.3145962, 0.0139315, , , , , , , , , , , , , , , , , , , , , , , , , , , , 
12.3151154, 0.0146029, , , , , , , 12.3151154, 0.0399481, , , , , , , 12.3151154, 0.3422446, , , , , , , 12.3151154, 0.0186313, , , , , , , , , , , , , , , , , , , , , , , , , , , , 
12.3156346, 0.012253, , , , , , , 12.3156346, 0.0297093, , , , , , , 12.3156346, 0.3543297, , , , , , , 12.3156346, 0.0186313, , , , , , , , , , , , , , , , , , , , , , , , , , , , 
12.3161538, 0.0172885, , , , , , , 12.3161538, 0.0011749, , , , , , , 12.3161538, 0.3583581, , , , , , , 12.3161538, 0.01561, , , , , , , , , , , , , , , , , , , , , , , , , , , , 
12.3166731, 0.0320592, , , , , , , 12.3166731, -0.0115816, , , , , , , 12.3166731, 0.3402304, , , , , , , 12.3166731, 0.0090639, , , , , , , , , , , , , , , , , , , , , , , , , , , , 
12.3171923, 0.0547189, , , , , , , 12.3171923, -0.0072175, , , , , , , 12.3171923, 0.2757763, , , , , , , 12.3171923, -0.0001678, , , , , , , , , , , , , , , , , , , , , , , , , , , , 
12.3177115, 0.073518, , , , , , , 12.3177115, 0.0104067, , , , , , , 12.3177115, 0.1700313, , , , , , , 12.3177115, -0.0082246, , , , , , , , , , , , , , , , , , , , , , , , , , , , 
12.3182308, 0.0814069, , , , , , , 12.3182308, 0.0433051, , , , , , , 12.3182308, 0.0481727, , , , , , , 12.3182308, -0.0115816, , , , , , , , , , , , , , , , , , , , , , , , , , , , 
12.31875, 0.0839246, , , , , , , 12.31875, 0.0889601, , , , , , , 12.31875, -0.0840925, , , , , , , 12.31875, -0.0125887, , , , , , , , , , , , , , , , , , , , , , , , , , , , 
12.3192692, 0.0864424, , , , , , , 12.3192692, 0.1351186, , , , , , , 12.3192692, -0.2056153, , , , , , , 12.3192692, -0.0099031, , , , , , , , , , , , , , , , , , , , , , , , , , , , 
12.3197885, 0.0856031, , , , , , , 12.3197885, 0.1730526, , , , , , , 12.3197885, -0.2680552, , , , , , , 12.3197885, -0.0048676, , , , , , , , , , , , , , , , , , , , , , , , , , , , 
12.3203077, 0.0757, , , , , , , 12.3203077, 0.1817807, , , , , , , 12.3203077, -0.2601663, , , , , , , 12.3203077, 0.0025177, , , , , , , , , , , , , , , , , , , , , , , , , , , , 
12.3208269, 0.0532082, , , , , , , 12.3208269, 0.1381399, , , , , , , 12.3208269, -0.2265965, , , , , , , 12.3208269, 0.0125887, , , , , , , , , , , , , , , , , , , , , , , , , , , , 
12.3213462, 0.0196384, , , , , , , 12.3213462, 0.0743572, , , , , , , 12.3213462, -0.1918517, , , , , , , 12.3213462, 0.0223239, , , , , , , , , , , , , , , , , , , , , , , , , , , , 
12.3218654, -0.0028534, , , , , , , 12.3218654, 0.0186313, , , , , , , 12.3218654, -0.1631495, , , , , , , 12.3218654, 0.0320592, , , , , , , , , , , , , , , , , , , , , , , , , , , , 
12.3223846, -0.0095674, , , , , , , 12.3223846, -0.0310521, , , , , , , 12.3223846, -0.1451896, , , , , , , 12.3223846, 0.036759, , , , , , , , , , , , , , , , , , , , , , , , , , , , 
12.3229038, -0.0179599, , , , , , , 12.3229038, -0.0649577, , , , , , , 12.3229038, -0.1532464, , , , , , , 12.3229038, 0.0360876, , , , , , , , , , , , , , , , , , , , , , , , , , , , 
12.3234231, -0.0308843, , , , , , , 12.3234231, -0.0558938, , , , , , , 12.3234231, -0.1762417, , , , , , , 12.3234231, 0.0357519, , , , , , , , , , , , , , , , , , , , , , , , , , , , 
12.3239423, -0.0438087, , , , , , , 12.3239423, -0.0162814, , , , , , , 12.3239423, -0.1863127, , , , , , , 12.3239423, 0.0414588, , , , , , , , , , , , , , , , , , , , , , , , , , , , 
12.3244615, -0.0552224, , , , , , , 12.3244615, 0.0129244, , , , , , , 12.3244615, -0.1690242, , , , , , , 12.3244615, 0.0530404, , , , , , , , , , , , , , , , , , , , , , , , , , , , 
12.3249808, -0.0626078, , , , , , , 12.3249808, 0.0213169, , , , , , , 12.3249808, -0.1366293, , , , , , , 12.3249808, 0.0656291, , , , , , , , , , , , , , , , , , , , , , , , , , , , 
12.3255, -0.0659648, , , , , , , 12.3255, 0.0246738, , , , , , , 12.3255, -0.1049058, , , , , , , 12.3255, 0.0743572, , , , , , , , , , , , , , , , , , , , , , , , , , , , 
12.3260192, -0.0676432, , , , , , , 12.3260192, 0.0287022, , , , , , , 12.3260192, -0.0795605, , , , , , , 12.3260192, 0.0787213, , , , , , , , , , , , , , , , , , , , , , , , , , , , 
12.3265385, -0.0639506, , , , , , , 12.3265385, 0.0236667, , , , , , , 12.3265385, -0.0562295, , , , , , , 12.3265385, 0.0763714, , , , , , , , , , , , , , , , , , , , , , , , , , , , 
12.3270577, -0.0572366, , , , , , , 12.3270577, 0.0092317, , , , , , , 12.3270577, -0.0330663, , , , , , , 12.3270577, 0.0656291, , , , , , , , , , , , , , , , , , , , , , , , , , , , 
12.3275769, -0.0454871, , , , , , , 12.3275769, 0.0018463, , , , , , , 12.3275769, -0.0196384, , , , , , , 12.3275769, 0.0508583, , , , , , , , , , , , , , , , , , , , , , , , , , , , 
12.3280962, -0.0323949, , , , , , , 12.3280962, 0.0025177, , , , , , , 12.3280962, -0.012253, , , , , , , 12.3280962, 0.0387732, , , , , , , , , , , , , , , , , , , , , , , , , , , , 
12.3286154, -0.0198062, , , , , , , 12.3286154, 0.0031891, , , , , , , 12.3286154, -0.0003357, , , , , , , 12.3286154, 0.0293736, , , , , , , , , , , , , , , , , , , , , , , , , , , , 
12.3291346, -0.0112459, , , , , , , 12.3291346, 0.0028534, , , , , , , 12.3291346, 0.0159457, , , , , , , 12.3291346, 0.0209812, , , , , , , , , , , , , , , , , , , , , , , , , , , , 
12.3296538, -0.0052033, , , , , , , 12.3296538, 0.0058747, , , , , , , 12.3296538, 0.0327306, , , , , , , 12.3296538, 0.0119173, , , , , , , , , , , , , , , , , , , , , , , , , , , , 
12.3301731, 0.0018463, , , , , , , 12.3301731, 0.0139315, , , , , , , 12.3301731, 0.0560616, , , , , , , 12.3301731, 0.002182, , , , , , , , , , , , , , , , , , , , , , , , , , , , 
12.3306923, 0.0060426, , , , , , , 12.3306923, 0.0213169, , , , , , , 12.3306923, 0.0817426, , , , , , , 12.3306923, -0.0075532, , , , , , , , , , , , , , , , , , , , , , , , , , , , 
12.3312115, 0.0038605, , , , , , , 12.3312115, 0.0206455, , , , , , , 12.3312115, 0.1005417, , , , , , , 12.3312115, -0.0117494, , , , , , , , , , , , , , , , , , , , , , , , , , , , 
12.3317308, 0.0010071, , , , , , , 12.3317308, 0.0152743, , , , , , , 12.3317308, 0.1052415, , , , , , , 12.3317308, -0.014435, , , , , , , , , , , , , , , , , , , , , , , , , , , , 
12.33225, 0.0078889, , , , , , , 12.33225, 0.0146029, , , , , , , 12.33225, 0.0991989, , , , , , , 12.33225, -0.0166171, , , , , , , , , , , , , , , , , , , , , , , , , , , , 
12.3327692, 0.0186313, , , , , , , 12.3327692, 0.0216526, , , , , , , 12.3327692, 0.0911421, , , , , , , 12.3327692, -0.018967, , , , , , , , , , , , , , , , , , , , , , , , , , , , 
12.3332885, 0.026688, , , , , , , 12.3332885, 0.0270237, , , , , , , 12.3332885, 0.0783856, , , , , , , 12.3332885, -0.0218204, , , , , , , , , , , , , , , , , , , , , , , , , , , , 
12.3338077, 0.026688, , , , , , , 12.3338077, 0.0273594, , , , , , , 12.3338077, 0.0538796, , , , , , , 12.3338077, -0.0236667, , , , , , , , , , , , , , , , , , , , , , , , , , , , 
12.3343269, 0.0250095, , , , , , , 12.3343269, 0.0265202, , , , , , , 12.3343269, 0.0221561, , , , , , , 12.3343269, -0.0258488, , , , , , , , , , , , , , , , , , , , , , , , , , , , 
12.3348462, 0.0240024, , , , , , , 12.3348462, 0.0213169, , , , , , , 12.3348462, -0.0077211, , , , , , , 12.3348462, -0.0263523, , , , , , , , , , , , , , , , , , , , , , , , , , , , 
12.3353654, 0.0206455, , , , , , , 12.3353654, 0.0057069, , , , , , , 12.3353654, -0.0327306, , , , , , , 12.3353654, -0.0236667, , , , , , , , , , , , , , , , , , , , , , , , , , , , 
12.3358846, 0.0201419, , , , , , , 12.3358846, -0.0176242, , , , , , , 12.3358846, -0.0461585, , , , , , , 12.3358846, -0.0184634, , , , , , , , , , , , , , , , , , , , , , , , , , , , 
12.3364038, 0.0285344, , , , , , , 12.3364038, -0.0360876, , , , , , , 12.3364038, -0.0414588, , , , , , , 12.3364038, -0.0166171, , , , , , , , , , , , , , , , , , , , , , , , , , , , 
12.3369231, 0.0441444, , , , , , , 12.3369231, -0.0421302, , , , , , , 12.3369231, -0.0303807, , , , , , , 12.3369231, -0.0179599, , , , , , , , , , , , , , , , , , , , , , , , , , , , 
12.3374423, 0.0580758, , , , , , , 12.3374423, -0.0397803, , , , , , , 12.3374423, -0.0276951, , , , , , , 12.3374423, -0.0196384, , , , , , , , , , , , , , , , , , , , , , , , , , , , 
12.3379615, 0.0693217, , , , , , , 12.3379615, -0.0317235, , , , , , , 12.3379615, -0.026688, , , , , , , 12.3379615, -0.0142672, , , , , , , , , , , , , , , , , , , , , , , , , , , , 
12.3384808, 0.0743572, , , , , , , 12.3384808, -0.0125887, , , , , , , 12.3384808, -0.0166171, , , , , , , 12.3384808, -0.0038605, , , , , , , , , , , , , , , , , , , , , , , , , , , , 
12.339, 0.0733501, , , , , , , 12.339, 0.008896, , , , , , , 12.339, 0.0070497, , , , , , , 12.339, 0.0072175, , , , , , , , , , , , , , , , , , , , , , , , , , , , 
12.3395192, 0.0710002, , , , , , , 12.3395192, 0.0166171, , , , , , , 12.3395192, 0.0451514, , , , , , , 12.3395192, 0.0208133, , , , , , , , , , , , , , , , , , , , , , , , , , , , 
12.3400385, 0.0666361, , , , , , , 12.3400385, 0.0112459, , , , , , , 12.3400385, 0.0800641, , , , , , , 12.3400385, 0.0327306, , , , , , , , , , , , , , , , , , , , , , , , , , , , 
12.3405577, 0.0547189, , , , , , , 12.3405577, 0.0038605, , , , , , , 12.3405577, 0.1079271, , , , , , , 12.3405577, 0.036759, , , , , , , , , , , , , , , , , , , , , , , , , , , , 
12.3410769, 0.0347448, , , , , , , 12.3410769, 0.0005035, , , , , , , 12.3410769, 0.1488823, , , , , , , 12.3410769, 0.0360876, , , , , , , , , , , , , , , , , , , , , , , , , , , , 
12.3415962, 0.0149386, , , , , , , 12.3415962, -0.0117494, , , , , , , 12.3415962, 0.2180362, , , , , , , 12.3415962, 0.036759, , , , , , , , , , , , , , , , , , , , , , , , , , , , 
12.3421154, 0.0036927, , , , , , , 12.3421154, -0.0297093, , , , , , , 12.3421154, 0.3009537, , , , , , , 12.3421154, 0.0374304, , , , , , , , , , , , , , , , , , , , , , , , , , , , 
12.3426346, -0.0041962, , , , , , , 12.3426346, -0.0340734, , , , , , , 12.3426346, 0.3452659, , , , , , , 12.3426346, 0.0347448, , , , , , , , , , , , , , , , , , , , , , , , , , , , 
12.3431538, -0.0182956, , , , , , , 12.3431538, -0.0287022, , , , , , , 12.3431538, 0.3207599, , , , , , , 12.3431538, 0.0325628, , , , , , , , , , , , , , , , , , , , , , , , , , , , 
12.3436731, -0.0377661, , , , , , , 12.3436731, -0.0223239, , , , , , , 12.3436731, 0.2445563, , , , , , , 12.3436731, 0.0303807, , , , , , , , , , , , , , , , , , , , , , , , , , , , 
12.3441923, -0.0538796, , , , , , , 12.3441923, -0.01561, , , , , , , 12.3441923, 0.1441825, , , , , , , 12.3441923, 0.0255131, , , , , , , , , , , , , , , , , , , , , , , , , , , , 
12.3447115, -0.0663005, , , , , , , 12.3447115, -0.0112459, , , , , , , 12.3447115, 0.0468299, , , , , , , 12.3447115, 0.0186313, , , , , , , , , , , , , , , , , , , , , , , , , , , , 
12.3452308, -0.079057, , , , , , , 12.3452308, -0.0117494, , , , , , , 12.3452308, -0.0323949, , , , , , , 12.3452308, 0.0182956, , , , , , , , , , , , , , , , , , , , , , , , , , , , 
12.34575, -0.0861067, , , , , , , 12.34575, -0.0162814, , , , , , , 12.34575, -0.1042344, , , , , , , 12.34575, 0.0203098, , , , , , , , , , , , , , , , , , , , , , , , , , , , 
12.3462692, -0.0803998, , , , , , , 12.3462692, -0.017792, , , , , , , 12.3462692, -0.1707027, , , , , , , 12.3462692, 0.0169528, , , , , , , , , , , , , , , , , , , , , , , , , , , , 
12.3467885, -0.0647898, , , , , , , 12.3467885, -0.0176242, , , , , , , 12.3467885, -0.2333104, , , , , , , 12.3467885, 0.0120851, , , , , , , , , , , , , , , , , , , , , , , , , , , , 
12.3473077, -0.0518654, , , , , , , 12.3473077, -0.0176242, , , , , , , 12.3473077, -0.2975967, , , , , , , 12.3473077, 0.0072175, , , , , , , , , , , , , , , , , , , , , , , , , , , , 
12.3478269, -0.0406195, , , , , , , 12.3478269, -0.0152743, , , , , , , 12.3478269, -0.3503014, , , , , , , 12.3478269, 0.0010071, , , , , , , , , , , , , , , , , , , , , , , , , , , , 
12.3483462, -0.0283665, , , , , , , 12.3483462, -0.01561, , , , , , , 12.3483462, -0.3774929, , , , , , , 12.3483462, -0.0018463, , , , , , , , , , , , , , , , , , , , , , , , , , , , 
12.3488654, -0.0203098, , , , , , , 12.3488654, -0.018967, , , , , , , 12.3488654, -0.3774929, , , , , , , 12.3488654, -0.0015106, , , , , , , , , , , , , , , , , , , , , , , , , , , , 
12.3493846, -0.0142672, , , , , , , 12.3493846, -0.0216526, , , , , , , 12.3493846, -0.3630579, , , , , , , 12.3493846, -0.0031891, , , , , , , , , , , , , , , , , , , , , , , , , , , , 
12.3499038, -0.0052033, , , , , , , 12.3499038, -0.0196384, , , , , , , 12.3499038, -0.3456016, , , , , , , 12.3499038, -0.0085603, , , , , , , , , , , , , , , , , , , , , , , , , , , , 
12.3504231, -0.0025177, , , , , , , 12.3504231, -0.0166171, , , , , , , 12.3504231, -0.3120317, , , , , , , 12.3504231, -0.0095674, , , , , , , , , , , , , , , , , , , , , , , , , , , , 
12.3509423, -0.0011749, , , , , , , 12.3509423, -0.0171206, , , , , , , 12.3509423, -0.2311284, , , , , , , 12.3509423, -0.0075532, , , , , , , , , , , , , , , , , , , , , , , , , , , , 
12.3514615, 0.0092317, , , , , , , 12.3514615, -0.0159457, , , , , , , 12.3514615, -0.111284, , , , , , , 12.3514615, -0.0068818, , , , , , , , , , , , , , , , , , , , , , , , , , , , 
12.3519808, 0.0203098, , , , , , , 12.3519808, -0.0152743, , , , , , , 12.3519808, 0.01561, , , , , , , 12.3519808, -0.0085603, , , , , , , , , , , , , , , , , , , , , , , , , , , , 
12.3525, 0.0263523, , , , , , , 12.3525, -0.01561, , , , , , , 12.3525, 0.1267262, , , , , , , 12.3525, -0.0092317, , , , , , , , , , , , , , , , , , , , , , , , , , , , 
12.3530192, 0.026688, , , , , , , 12.3530192, -0.0135958, , , , , , , 12.3530192, 0.2039368, , , , , , , 12.3530192, -0.0095674, , , , , , , , , , , , , , , , , , , , , , , , , , , , 
12.3535385, 0.0287022, , , , , , , 12.3535385, -0.0031891, , , , , , , 12.3535385, 0.2358282, , , , , , , 12.3535385, -0.0115816, , , , , , , , , , , , , , , , , , , , , , , , , , , , 
12.3540577, 0.0327306, , , , , , , 12.3540577, 0.0124208, , , , , , , 12.3540577, 0.2257572, , , , , , , 12.3540577, -0.0154421, , , , , , , , , , , , , , , , , , , , , , , , , , , , 
12.3545769, 0.0359197, , , , , , , 12.3545769, 0.0186313, , , , , , , 12.3545769, 0.1831235, , , , , , , 12.3545769, -0.0182956, , , , , , , , , , , , , , , , , , , , , , , , , , , , 
12.3550962, 0.0377661, , , , , , , 12.3550962, 0.0182956, , , , , , , 12.3550962, 0.1216907, , , , , , , 12.3550962, -0.0172885, , , , , , , , , , , , , , , , , , , , , , , , , , , , 
12.3556154, 0.0377661, , , , , , , 12.3556154, 0.0238346, , , , , , , 12.3556154, 0.051194, , , , , , , 12.3556154, -0.0139315, , , , , , , , , , , , , , , , , , , , , , , , , , , , 
12.3561346, 0.0384375, , , , , , , 12.3561346, 0.0347448, , , , , , , 12.3561346, -0.0179599, , , , , , , 12.3561346, -0.0102388, , , , , , , , , , , , , , , , , , , , , , , , , , , , 
12.3566538, 0.0481727, , , , , , , 12.3566538, 0.0414588, , , , , , , 12.3566538, -0.0767071, , , , , , , 12.3566538, -0.0095674, , , , , , , , , , , , , , , , , , , , , , , , , , , , 
12.3571731, 0.0629435, , , , , , , 12.3571731, 0.0441444, , , , , , , 12.3571731, -0.1198444, , , , , , , 12.3571731, -0.0109102, , , , , , , , , , , , , , , , , , , , , , , , , , , , 
12.3576923, 0.0740215, , , , , , , 12.3576923, 0.0532082, , , , , , , 12.3576923, -0.1435111, , , , , , , 12.3576923, -0.0097353, , , , , , , , , , , , , , , , , , , , , , , , , , , , 
12.3582115, 0.0814069, , , , , , , 12.3582115, 0.0572366, , , , , , , 12.3582115, -0.1505608, , , , , , , 12.3582115, -0.0068818, , , , , , , , , , , , , , , , , , , , , , , , , , , , 
12.3587308, 0.0837568, , , , , , , 12.3587308, 0.0374304, , , , , , , 12.3587308, -0.1472038, , , , , , , 12.3587308, -0.0008392, , , , , , , , , , , , , , , , , , , , , , , , , , , , 
12.35925, 0.0815747, , , , , , , 12.35925, -0.002182, , , , , , , 12.35925, -0.1401541, , , , , , , 12.35925, 0.0130922, , , , , , , , , , , , , , , , , , , , , , , , , , , , 
12.3597692, 0.0750286, , , , , , , 12.3597692, -0.0357519, , , , , , , 12.3597692, -0.1465324, , , , , , , 12.3597692, 0.0313878, , , , , , , , , , , , , , , , , , , , , , , , , , , , 
12.3602885, 0.0710002, , , , , , , 12.3602885, -0.0451514, , , , , , , 12.3602885, -0.1621424, , , , , , , 12.3602885, 0.0488441, , , , , , , , , , , , , , , , , , , , , , , , , , , , 
12.3608077, 0.0641184, , , , , , , 12.3608077, -0.0364233, , , , , , , 12.3608077, -0.160296, , , , , , , 12.3608077, 0.0676432, , , , , , , , , , , , , , , , , , , , , , , , , , , , 
12.3613269, 0.0501869, , , , , , , 12.3613269, -0.0297093, , , , , , , 12.3613269, -0.1250477, , , , , , , 12.3613269, 0.0871138, , , , , , , , , , , , , , , , , , , , , , , , , , , , 
12.3618462, 0.030045, , , , , , , 12.3618462, -0.0471656, , , , , , , 12.3618462, -0.0736858, , , , , , , 12.3618462, 0.0986954, , , , , , , , , , , , , , , , , , , , , , , , , , , , 
12.3623654, 0.010071, , , , , , , 12.3623654, -0.0679789, , , , , , , 12.3623654, -0.0320592, , , , , , , 12.3623654, 0.0955062, , , , , , , , , , , , , , , , , , , , , , , , , , , , 
12.3628846, -0.0078889, , , , , , , 12.3628846, -0.0780499, , , , , , , 12.3628846, -0.0001678, , , , , , , 12.3628846, 0.0864424, , , , , , , , , , , , , , , , , , , , , , , , , , , , 
12.3634038, -0.024506, , , , , , , 12.3634038, -0.0814069, , , , , , , 12.3634038, 0.033402, , , , , , , 12.3634038, 0.0798962, , , , , , , , , , , , , , , , , , , , , , , , , , , , 
12.3639231, -0.0412909, , , , , , , 12.3639231, -0.0753643, , , , , , , 12.3639231, 0.0632792, , , , , , , 12.3639231, 0.0736858, , , , , , , , , , , , , , , , , , , , , , , , , , , , 
12.3644423, -0.0585794, , , , , , , 12.3644423, -0.0471656, , , , , , , 12.3644423, 0.0750286, , , , , , , 12.3644423, 0.0629435, , , , , , , , , , , , , , , , , , , , , , , , , , , , 
12.3649615, -0.0733501, , , , , , , 12.3649615, -0.0182956, , , , , , , 12.3649615, 0.0718395, , , , , , , 12.3649615, 0.0501869, , , , , , , , , , , , , , , , , , , , , , , , , , , , 
12.3654808, -0.0842603, , , , , , , 12.3654808, -0.0129244, , , , , , , 12.3654808, 0.072343, , , , , , , 12.3654808, 0.0428016, , , , , , , , , , , , , , , , , , , , , , , , , , , , 
12.366, -0.0869459, , , , , , , 12.366, -0.0229953, , , , , , , 12.366, 0.0834211, , , , , , , 12.366, 0.0397803, , , , , , , , , , , , , , , , , , , , , , , , , , , , 
12.3665192, -0.0773785, , , , , , , 12.3665192, -0.0391089, , , , , , , 12.3665192, 0.0948348, , , , , , , 12.3665192, 0.0347448, , , , , , , , , , , , , , , , , , , , , , , , , , , , 
12.3670385, -0.0621042, , , , , , , 12.3670385, -0.0535439, , , , , , , 12.3670385, 0.0998703, , , , , , , 12.3670385, 0.0246738, , , , , , , , , , , , , , , , , , , , , , , , , , , , 
12.3675577, -0.0461585, , , , , , , 12.3675577, -0.0632792, , , , , , , 12.3675577, 0.1012131, , , , , , , 12.3675577, 0.0169528, , , , , , , , , , , , , , , , , , , , , , , , , , , , 
12.3680769, -0.0332341, , , , , , , 12.3680769, -0.072343, , , , , , , 12.3680769, 0.1059129, , , , , , , 12.3680769, 0.0132601, , , , , , , , , , , , , , , , , , , , , , , , , , , , 
12.3685962, -0.0255131, , , , , , , 12.3685962, -0.0807355, , , , , , , 12.3685962, 0.114641, , , , , , , 12.3685962, 0.0142672, , , , , , , , , , , , , , , , , , , , , , , , , , , , 
12.3691154, -0.0203098, , , , , , , 12.3691154, -0.0844282, , , , , , , 12.3691154, 0.1263905, , , , , , , 12.3691154, 0.014435, , , , , , , , , , , , , , , , , , , , , , , , , , , , 
12.3696346, -0.0112459, , , , , , , 12.3696346, -0.0814069, , , , , , , 12.3696346, 0.1421683, , , , , , , 12.3696346, 0.0052033, , , , , , , , , , , , , , , , , , , , , , , , , , , , 
12.3701538, -0.0018463, , , , , , , 12.3701538, -0.0736858, , , , , , , 12.3701538, 0.1616388, , , , , , , 12.3701538, -0.0102388, , , , , , , , , , , , , , , , , , , , , , , , , , , , 
12.3706731, 0.0031891, , , , , , , 12.3706731, -0.0565652, , , , , , , 12.3706731, 0.1770809, , , , , , , 12.3706731, -0.0229953, , , , , , , , , , , , , , , , , , , , , , , , , , , , 
12.3711923, -0.0001678, , , , , , , 12.3711923, -0.0250095, , , , , , , 12.3711923, 0.1841306, , , , , , , 12.3711923, -0.0317235, , , , , , , , , , , , , , , , , , , , , , , , , , , , 
12.3717115, 0.0005035, , , , , , , 12.3717115, 0.0112459, , , , , , , 12.3717115, 0.1931945, , , , , , , 12.3717115, -0.0372625, , , , , , , , , , , , , , , , , , , , , , , , , , , , 
12.3722308, 0.0087282, , , , , , , 12.3722308, 0.0287022, , , , , , , 12.3722308, 0.2024262, , , , , , , 12.3722308, -0.0404517, , , , , , , , , , , , , , , , , , , , , , , , , , , , 
12.37275, 0.0169528, , , , , , , 12.37275, 0.0236667, , , , , , , 12.37275, 0.1925231, , , , , , , 12.37275, -0.0407874, , , , , , , , , , , , , , , , , , , , , , , , , , , , 
12.3732692, 0.0280308, , , , , , , 12.3732692, 0.014435, , , , , , , 12.3732692, 0.1596246, , , , , , , 12.3732692, -0.0407874, , , , , , , , , , , , , , , , , , , , , , , , , , , , 
12.3737885, 0.0394446, , , , , , , 12.3737885, 0.0219883, , , , , , , 12.3737885, 0.1166552, , , , , , , 12.3737885, -0.0417945, , , , , , , , , , , , , , , , , , , , , , , , , , , , 
12.3743077, 0.0419623, , , , , , , 12.3743077, 0.0438087, , , , , , , 12.3743077, 0.0750286, , , , , , , 12.3743077, -0.0411231, , , , , , , , , , , , , , , , , , , , , , , , , , , , 
12.3748269, 0.0421302, , , , , , , 12.3748269, 0.0770428, , , , , , , 12.3748269, 0.0303807, , , , , , , 12.3748269, -0.0391089, , , , , , , , , , , , , , , , , , , , , , , , , , , , 
12.3753462, 0.0439765, , , , , , , 12.3753462, 0.1106126, , , , , , , 12.3753462, -0.0236667, , , , , , , 12.3753462, -0.0364233, , , , , , , , , , , , , , , , , , , , , , , , , , , , 
12.3758654, 0.0495155, , , , , , , 12.3758654, 0.1237049, , , , , , , 12.3758654, -0.0867781, , , , , , , 12.3758654, -0.0347448, , , , , , , , , , , , , , , , , , , , , , , , , , , , 
12.3763846, 0.0614328, , , , , , , 12.3763846, 0.117998, , , , , , , 12.3763846, -0.1428397, , , , , , , 12.3763846, -0.0374304, , , , , , , , , , , , , , , , , , , , , , , , , , , , 
12.3769038, 0.0817426, , , , , , , 12.3769038, 0.0978561, , , , , , , 12.3769038, -0.1723812, , , , , , , 12.3769038, -0.0426337, , , , , , , , , , , , , , , , , , , , , , , , , , , , 
12.3774231, 0.1079271, , , , , , , 12.3774231, 0.0560616, , , , , , , 12.3774231, -0.1592889, , , , , , , 12.3774231, -0.0441444, , , , , , , , , , , , , , , , , , , , , , , , , , , , 
12.3779423, 0.1253834, , , , , , , 12.3779423, 0.0219883, , , , , , , 12.3779423, -0.1188373, , , , , , , 12.3779423, -0.0431373, , , , , , , , , , , , , , , , , , , , , , , , , , , , 
12.3784615, 0.1270619, , , , , , , 12.3784615, 0.0213169, , , , , , , 12.3784615, -0.0767071, , , , , , , 12.3784615, -0.0404517, , , , , , , , , , , , , , , , , , , , , , , , , , , , 
12.3789808, 0.1284047, , , , , , , 12.3789808, 0.0293736, , , , , , , 12.3789808, -0.0424659, , , , , , , 12.3789808, -0.0313878, , , , , , , , , , , , , , , , , , , , , , , , , , , , 
12.3795, 0.1253834, , , , , , , 12.3795, 0.0077211, , , , , , , 12.3795, -0.0005035, , , , , , , 12.3795, -0.017792, , , , , , , , , , , , , , , , , , , , , , , , , , , , 
12.3800192, 0.1136339, , , , , , , 12.3800192, -0.0184634, , , , , , , 12.3800192, 0.0454871, , , , , , , 12.3800192, -0.0028534, , , , , , , , , , , , , , , , , , , , , , , , , , , , 
12.3805385, 0.0950027, , , , , , , 12.3805385, -0.0077211, , , , , , , 12.3805385, 0.0619364, , , , , , , 12.3805385, 0.0112459, , , , , , , , , , , , , , , , , , , , , , , , , , , , 
12.3810577, 0.0757, , , , , , , 12.3810577, 0.0072175, , , , , , , 12.3810577, 0.0417945, , , , , , , 12.3810577, 0.0243381, , , , , , , , , , , , , , , , , , , , , , , , , , , , 
12.3815769, 0.0562295, , , , , , , 12.3815769, -0.012253, , , , , , , 12.3815769, -0.0072175, , , , , , , 12.3815769, 0.0317235, , , , , , , , , , , , , , , , , , , , , , , , , , , , 
12.3820962, 0.0399481, , , , , , , 12.3820962, -0.0632792, , , , , , , 12.3820962, -0.068986, , , , , , , 12.3820962, 0.0345769, , , , , , , , , , , , , , , , , , , , , , , , , , , , 
12.3826154, 0.0243381, , , , , , , 12.3826154, -0.0955062, , , , , , , 12.3826154, -0.1275654, , , , , , , 12.3826154, 0.0384375, , , , , , , , , , , , , , , , , , , , , , , , , , , , 
12.3831346, 0.0068818, , , , , , , 12.3831346, -0.0884565, , , , , , , 12.3831346, -0.1653315, , , , , , , 12.3831346, 0.0397803, , , , , , , , , , , , , , , , , , , , , , , , , , , , 
12.3836538, -0.0109102, , , , , , , 12.3836538, -0.0736858, , , , , , , 12.3836538, -0.175906, , , , , , , 12.3836538, 0.0384375, , , , , , , , , , , , , , , , , , , , , , , , , , , , 
12.3841731, -0.0271916, , , , , , , 12.3841731, -0.0830854, , , , , , , 12.3841731, -0.1626459, , , , , , , 12.3841731, 0.0381018, , , , , , , , , , , , , , , , , , , , , , , , , , , , 
12.3846923, -0.0451514, , , , , , , 12.3846923, -0.1005417, , , , , , , 12.3846923, -0.145861, , , , , , , 12.3846923, 0.0391089, , , , , , , , , , , , , , , , , , , , , , , , , , , , 
12.3852115, -0.0589151, , , , , , , 12.3852115, -0.1003738, , , , , , , 12.3852115, -0.1378042, , , , , , , 12.3852115, 0.0407874, , , , , , , , , , , , , , , , , , , , , , , , , , , , 
12.3857308, -0.0673075, , , , , , , 12.3857308, -0.085771, , , , , , , 12.3857308, -0.1367971, , , , , , , 12.3857308, 0.0414588, , , , , , , , , , , , , , , , , , , , , , , , , , , , 
12.38625, -0.0673075, , , , , , , 12.38625, -0.0703288, , , , , , , 12.38625, -0.1307546, , , , , , , 12.38625, 0.0372625, , , , , , , , , , , , , , , , , , , , , , , , , , , , 
12.3867692, -0.0558938, , , , , , , 12.3867692, -0.0471656, , , , , , , 12.3867692, -0.110277, , , , , , , 12.3867692, 0.0276951, , , , , , , , , , , , , , , , , , , , , , , , , , , , 
12.3872885, -0.0370947, , , , , , , 12.3872885, -0.0109102, , , , , , , 12.3872885, -0.0807355, , , , , , , 12.3872885, 0.018967, , , , , , , , , , , , , , , , , , , , , , , , , , , , 
12.3878077, -0.021149, , , , , , , 12.3878077, 0.0213169, , , , , , , 12.3878077, -0.0532082, , , , , , , 12.3878077, 0.0162814, , , , , , , , , , , , , , , , , , , , , , , , , , , , 
12.3883269, -0.0159457, , , , , , , 12.3883269, 0.0384375, , , , , , , 12.3883269, -0.0243381, , , , , , , 12.3883269, 0.0146029, , , , , , , , , , , , , , , , , , , , , , , , , , , , 
12.3888462, -0.0167849, , , , , , , 12.3888462, 0.0421302, , , , , , , 12.3888462, 0.0072175, , , , , , , 12.3888462, 0.0119173, , , , , , , , , , , , , , , , , , , , , , , , , , , , 
12.3893654, -0.0203098, , , , , , , 12.3893654, 0.0370947, , , , , , , 12.3893654, 0.0258488, , , , , , , 12.3893654, 0.0115816, , , , , , , , , , , , , , , , , , , , , , , , , , , , 
12.3898846, -0.017792, , , , , , , 12.3898846, 0.0364233, , , , , , , 12.3898846, 0.030045, , , , , , , 12.3898846, 0.0162814, , , , , , , , , , , , , , , , , , , , , , , , , , , , 
12.3904038, -0.012253, , , , , , , 12.3904038, 0.0438087, , , , , , , 12.3904038, 0.03122, , , , , , , 12.3904038, 0.0236667, , , , , , , , , , , , , , , , , , , , , , , , , , , , 
12.3909231, -0.0117494, , , , , , , 12.3909231, 0.040116, , , , , , , 12.3909231, 0.0276951, , , , , , , 12.3909231, 0.0273594, , , , , , , , , , , , , , , , , , , , , , , , , , , , 
12.3914423, -0.0082246, , , , , , , 12.3914423, 0.0246738, , , , , , , 12.3914423, 0.0196384, , , , , , , 12.3914423, 0.0280308, , , , , , , , , , , , , , , , , , , , , , , , , , , , 
12.3919615, -0.0057069, , , , , , , 12.3919615, 0.0001678, , , , , , , 12.3919615, 0.0139315, , , , , , , 12.3919615, 0.0280308, , , , , , , , , , , , , , , , , , , , , , , , , , , , 
12.3924808, -0.0048676, , , , , , , 12.3924808, -0.0203098, , , , , , , 12.3924808, 0.0102388, , , , , , , 12.3924808, 0.0275273, , , , , , , , , , , , , , , , , , , , , , , , , , , , 
12.393, -0.0052033, , , , , , , 12.393, -0.0377661, , , , , , , 12.393, 0.0104067, , , , , , , 12.393, 0.0236667, , , , , , , , , , , , , , , , , , , , , , , , , , , , 
12.3935192, -0.0048676, , , , , , , 12.3935192, -0.06009, , , , , , , 12.3935192, 0.0085603, , , , , , , 12.3935192, 0.0213169, , , , , , , , , , , , , , , , , , , , , , , , , , , , 
12.3940385, -0.0048676, , , , , , , 12.3940385, -0.0713359, , , , , , , 12.3940385, -0.0070497, , , , , , , 12.3940385, 0.023331, , , , , , , , , , , , , , , , , , , , , , , , , , , , 
12.3945577, -0.0077211, , , , , , , 12.3945577, -0.0663005, , , , , , , 12.3945577, -0.0323949, , , , , , , 12.3945577, 0.0303807, , , , , , , , , , , , , , , , , , , , , , , , , , , , 
12.3950769, -0.008896, , , , , , , 12.3950769, -0.0441444, , , , , , , 12.3950769, -0.0485084, , , , , , , 12.3950769, 0.0350805, , , , , , , , , , , , , , , , , , , , , , , , , , , , 
12.3955962, -0.0077211, , , , , , , 12.3955962, -0.0243381, , , , , , , 12.3955962, -0.0500191, , , , , , , 12.3955962, 0.0317235, , , , , , , , , , , , , , , , , , , , , , , , , , , , 
12.3961154, 0.0038605, , , , , , , 12.3961154, -0.0317235, , , , , , , 12.3961154, -0.047837, , , , , , , 12.3961154, 0.0219883, , , , , , , , , , , , , , , , , , , , , , , , , , , , 
12.3966346, 0.0250095, , , , , , , 12.3966346, -0.0377661, , , , , , , 12.3966346, -0.0381018, , , , , , , 12.3966346, 0.0125887, , , , , , , , , , , , , , , , , , , , , , , , , , , , 
12.3971538, 0.0468299, , , , , , , 12.3971538, 0.0018463, , , , , , , 12.3971538, -0.0130922, , , , , , , 12.3971538, 0.0052033, , , , , , , , , , , , , , , , , , , , , , , , , , , , 
12.3976731, 0.0595865, , , , , , , 12.3976731, 0.0417945, , , , , , , 12.3976731, 0.0263523, , , , , , , 12.3976731, -0.0011749, , , , , , , , , , , , , , , , , , , , , , , , , , , , 
12.3981923, 0.0632792, , , , , , , 12.3981923, 0.0209812, , , , , , , 12.3981923, 0.0730144, , , , , , , 12.3981923, -0.0082246, , , , , , , , , , , , , , , , , , , , , , , , , , , , 
12.3987115, 0.0656291, , , , , , , 12.3987115, -0.0325628, , , , , , , 12.3987115, 0.1132982, , , , , , , 12.3987115, -0.0142672, , , , , , , , , , , , , , , , , , , , , , , , , , , , 
12.3992308, 0.0666361, , , , , , , 12.3992308, -0.068986, , , , , , , 12.3992308, 0.1515679, , , , , , , 12.3992308, -0.0209812, , , , , , , , , , , , , , , , , , , , , , , , , , , , 
12.39975, 0.066804, , , , , , , 12.39975, -0.0706645, , , , , , , 12.39975, 0.188159, , , , , , , 12.39975, -0.0238346, , , , , , , , , , , , , , , , , , , , , , , , , , , , 
12.4002692, 0.0627756, , , , , , , 12.4002692, -0.0471656, , , , , , , 12.4002692, 0.2103151, , , , , , , 12.4002692, -0.0221561, , , , , , , , , , , , , , , , , , , , , , , , , , , , 
12.4007885, 0.0548867, , , , , , , 12.4007885, -0.0191348, , , , , , , 12.4007885, 0.209308, , , , , , , 12.4007885, -0.0223239, , , , , , , , , , , , , , , , , , , , , , , , , , , , 
12.4013077, 0.0360876, , , , , , , 12.4013077, -0.0008392, , , , , , , 12.4013077, 0.1858091, , , , , , , 12.4013077, -0.0209812, , , , , , , , , , , , , , , , , , , , , , , , , , , , 
12.4018269, 0.0219883, , , , , , , 12.4018269, 0.0057069, , , , , , , 12.4018269, 0.1371328, , , , , , , 12.4018269, -0.0159457, , , , , , , , , , , , , , , , , , , , , , , , , , , , 
12.4023462, 0.0139315, , , , , , , 12.4023462, 0.0062104, , , , , , , 12.4023462, 0.0629435, , , , , , , 12.4023462, -0.008896, , , , , , , , , , , , , , , , , , , , , , , , , , , , 
12.4028654, 0.0011749, , , , , , , 12.4028654, 0.0082246, , , , , , , 12.4028654, -0.026688, , , , , , , 12.4028654, -0.0018463, , , , , , , , , , , , , , , , , , , , , , , , , , , , 
12.4033846, -0.0146029, , , , , , , 12.4033846, 0.012253, , , , , , , 12.4033846, -0.1072557, , , , , , , 12.4033846, 0.0005035, , , , , , , , , , , , , , , , , , , , , , , , , , , , 
12.4039038, -0.0256809, , , , , , , 12.4039038, 0.0169528, , , , , , , 12.4039038, -0.160296, , , , , , , 12.4039038, 0.002182, , , , , , , , , , , , , , , , , , , , , , , , , , , , 
12.4044231, -0.0310521, , , , , , , 12.4044231, 0.0206455, , , , , , , 12.4044231, -0.1821164, , , , , , , 12.4044231, 0.0045319, , , , , , , , , , , , , , , , , , , , , , , , , , , , 
12.4049423, -0.0350805, , , , , , , 12.4049423, 0.0288701, , , , , , , 12.4049423, -0.1801022, , , , , , , 12.4049423, 0.0060426, , , , , , , , , , , , , , , , , , , , , , , , , , , , 
12.4054615, -0.0417945, , , , , , , 12.4054615, 0.0394446, , , , , , , 12.4054615, -0.1639887, , , , , , , 12.4054615, 0.0095674, , , , , , , , , , , , , , , , , , , , , , , , , , , , 
12.4059808, -0.0451514, , , , , , , 12.4059808, 0.04448, , , , , , , 12.4059808, -0.1478752, , , , , , , 12.4059808, 0.0125887, , , , , , , , , , , , , , , , , , , , , , , , , , , , 
12.4065, -0.0438087, , , , , , , 12.4065, 0.0428016, , , , , , , 12.4065, -0.139147, , , , , , , 12.4065, 0.0109102, , , , , , , , , , , , , , , , , , , , , , , , , , , , 
12.4070192, -0.0317235, , , , , , , 12.4070192, 0.0374304, , , , , , , 12.4070192, -0.1344472, , , , , , , 12.4070192, 0.0048676, , , , , , , , , , , , , , , , , , , , , , , , , , , , 
12.4075385, -0.01561, , , , , , , 12.4075385, 0.033402, , , , , , , 12.4075385, -0.1346151, , , , , , , 12.4075385, 0.0038605, , , , , , , , , , , , , , , , , , , , , , , , , , , , 
12.4080577, -0.0035248, , , , , , , 12.4080577, 0.0352483, , , , , , , 12.4080577, -0.1324331, , , , , , , 12.4080577, 0.0082246, , , , , , , , , , , , , , , , , , , , , , , , , , , , 
12.4085769, -0.0038605, , , , , , , 12.4085769, 0.0464942, , , , , , , 12.4085769, -0.1173266, , , , , , , 12.4085769, 0.0171206, , , , , , , , , , , , , , , , , , , , , , , , , , , , 
12.4090962, -0.0146029, , , , , , , 12.4090962, 0.0587472, , , , , , , 12.4090962, -0.0918135, , , , , , , 12.4090962, 0.0280308, , , , , , , , , , , , , , , , , , , , , , , , , , , , 
12.4096154, -0.0105745, , , , , , , 12.4096154, 0.0562295, , , , , , , 12.4096154, -0.0681468, , , , , , , 12.4096154, 0.036759, , , , , , , , , , , , , , , , , , , , , , , , , , , , 
12.4101346, 0.0075532, , , , , , , 12.4101346, 0.043473, , , , , , , 12.4101346, -0.0451514, , , , , , , 12.4101346, 0.0441444, , , , , , , , , , , , , , , , , , , , , , , , , , , , 
12.4106538, 0.0206455, , , , , , , 12.4106538, 0.0318914, , , , , , , 12.4106538, 0.0011749, , , , , , , 12.4106538, 0.0501869, , , , , , , , , , , , , , , , , , , , , , , , , , , , 
12.4111731, 0.0209812, , , , , , , 12.4111731, 0.0219883, , , , , , , 12.4111731, 0.0829175, , , , , , , 12.4111731, 0.0532082, , , , , , , , , , , , , , , , , , , , , , , , , , , , 
12.4116923, 0.0226596, , , , , , , 12.4116923, 0.011078, , , , , , , 12.4116923, 0.1710384, , , , , , , 12.4116923, 0.054551, , , , , , , , , , , , , , , , , , , , , , , , , , , , 
12.4122115, 0.0307164, , , , , , , 12.4122115, 0.0031891, , , , , , , 12.4122115, 0.2502632, , , , , , , 12.4122115, 0.0562295, , , , , , , , , , , , , , , , , , , , , , , , , , , , 
12.4127308, 0.0387732, , , , , , , 12.4127308, -0.0048676, , , , , , , 12.4127308, 0.3093462, , , , , , , 12.4127308, 0.0622721, , , , , , , , , , , , , , , , , , , , , , , , , , , , 
12.41325, 0.040116, , , , , , , 12.41325, -0.0102388, , , , , , , 12.41325, 0.3580224, , , , , , , 12.41325, 0.0703288, , , , , , , , , , , , , , , , , , , , , , , , , , , , 
12.4137692, 0.0411231, , , , , , , 12.4137692, -0.0105745, , , , , , , 12.4137692, 0.399649, , , , , , , 12.4137692, 0.0743572, , , , , , , , , , , , , , , , , , , , , , , , , , , , 
12.4142885, 0.0518654, , , , , , , 12.4142885, -0.0135958, , , , , , , 12.4142885, 0.3899138, , , , , , , 12.4142885, 0.0710002, , , , , , , , , , , , , , , , , , , , , , , , , , , , 
12.4148077, 0.0602579, , , , , , , 12.4148077, -0.0114137, , , , , , , 12.4148077, 0.315053, , , , , , , 12.4148077, 0.0616007, , , , , , , , , , , , , , , , , , , , , , , , , , , , 
12.4153269, 0.0605936, , , , , , , 12.4153269, 0.0038605, , , , , , , 12.4153269, 0.2005798, , , , , , , 12.4153269, 0.0498512, , , , , , , , , , , , , , , , , , , , , , , , , , , , 
12.4158462, 0.0575723, , , , , , , 12.4158462, 0.018967, , , , , , , 12.4158462, 0.0755322, , , , , , , 12.4158462, 0.0407874, , , , , , , , , , , , , , , , , , , , , , , , , , , , 
12.4163654, 0.0626078, , , , , , , 12.4163654, 0.023331, , , , , , , 12.4163654, -0.0441444, , , , , , , 12.4163654, 0.0320592, , , , , , , , , , , , , , , , , , , , , , , , , , , , 
12.4168846, 0.0773785, , , , , , , 12.4168846, 0.0186313, , , , , , , 12.4168846, -0.1495537, , , , , , , 12.4168846, 0.023331, , , , , , , , , , , , , , , , , , , , , , , , , , , , 
12.4174038, 0.0903029, , , , , , , 12.4174038, 0.0087282, , , , , , , 12.4174038, -0.2170291, , , , , , , 12.4174038, 0.0151064, , , , , , , , , , , , , , , , , , , , , , , , , , , , 
12.4179231, 0.0931563, , , , , , , 12.4179231, -0.005539, , , , , , , 12.4179231, -0.2398566, , , , , , , 12.4179231, 0.0125887, , , , , , , , , , , , , , , , , , , , , , , , , , , , 
12.4184423, 0.0908064, , , , , , , 12.4184423, -0.021149, , , , , , , 12.4184423, -0.2348211, , , , , , , 12.4184423, 0.0125887, , , , , , , , , , , , , , , , , , , , , , , , , , , , 
12.4189615, 0.087953, , , , , , , 12.4189615, -0.0370947, , , , , , , 12.4189615, -0.2198825, , , , , , , 12.4189615, 0.0078889, , , , , , , , , , , , , , , , , , , , , , , , , , , , 
12.4194808, 0.0815747, , , , , , , 12.4194808, -0.047837, , , , , , , 12.4194808, -0.2069581, , , , , , , 12.4194808, -0.0008392, , , , , , , , , , , , , , , , , , , , , , , , , , , , 
12.42, 0.0730144, , , , , , , 12.42, -0.0441444, , , , , , , 12.42, -0.1985657, , , , , , , 12.42, -0.0078889, , , , , , , , , , , , , , , , , , , , , , , , , , , , 
12.4205192, 0.0659648, , , , , , , 12.4205192, -0.0303807, , , , , , , 12.4205192, -0.2029297, , , , , , , 12.4205192, -0.0048676, , , , , , , , , , , , , , , , , , , , , , , , , , , , 
12.4210385, 0.0532082, , , , , , , 12.4210385, -0.0219883, , , , , , , 12.4210385, -0.2113222, , , , , , , 12.4210385, 0.0057069, , , , , , , , , , , , , , , , , , , , , , , , , , , , 
12.4215577, 0.0330663, , , , , , , 12.4215577, -0.0209812, , , , , , , 12.4215577, -0.2146792, , , , , , , 12.4215577, 0.0196384, , , , , , , , , , , , , , , , , , , , , , , , , , , , 
12.4220769, 0.011078, , , , , , , 12.4220769, -0.0246738, , , , , , , 12.4220769, -0.2150149, , , , , , , 12.4220769, 0.0347448, , , , , , , , , , , , , , , , , , , , , , , , , , , , 
12.4225962, -0.0092317, , , , , , , 12.4225962, -0.0297093, , , , , , , 12.4225962, -0.2286107, , , , , , , 12.4225962, 0.0491798, , , , , , , , , , , , , , , , , , , , , , , , , , , , 
12.4231154, -0.0287022, , , , , , , 12.4231154, -0.0327306, , , , , , , 12.4231154, -0.2542916, , , , , , , 12.4231154, 0.0616007, , , , , , , , , , , , , , , , , , , , , , , , , , , , 
12.4236346, -0.047837, , , , , , , 12.4236346, -0.0384375, , , , , , , 12.4236346, -0.2653696, , , , , , , 12.4236346, 0.0656291, , , , , , , , , , , , , , , , , , , , , , , , , , , , 
12.4241538, -0.0629435, , , , , , , 12.4241538, -0.04448, , , , , , , 12.4241538, -0.2458991, , , , , , , 12.4241538, 0.0602579, , , , , , , , , , , , , , , , , , , , , , , , , , , , 
12.4246731, -0.0720073, , , , , , , 12.4246731, -0.0411231, , , , , , , 12.4246731, -0.2056153, , , , , , , 12.4246731, 0.0486763, , , , , , , , , , , , , , , , , , , , , , , , , , , , 
12.4251923, -0.0730144, , , , , , , 12.4251923, -0.0293736, , , , , , , 12.4251923, -0.1663386, , , , , , , 12.4251923, 0.0340734, , , , , , , , , , , , , , , , , , , , , , , , , , , , 
12.4257115, -0.0770428, , , , , , , 12.4257115, -0.0162814, , , , , , , 12.4257115, -0.1374685, , , , , , , 12.4257115, 0.0246738, , , , , , , , , , , , , , , , , , , , , , , , , , , , 
12.4262308, -0.0835889, , , , , , , 12.4262308, -0.0011749, , , , , , , 12.4262308, -0.1190051, , , , , , , 12.4262308, 0.018967, , , , , , , , , , , , , , , , , , , , , , , , , , , , 
12.42675, -0.0814069, , , , , , , 12.42675, 0.0246738, , , , , , , 12.42675, -0.1045701, , , , , , , 12.42675, 0.0095674, , , , , , , , , , , , , , , , , , , , , , , , , , , , 
12.4272692, -0.0694896, , , , , , , 12.4272692, 0.0426337, , , , , , , 12.4272692, -0.0889601, , , , , , , 12.4272692, -0.0011749, , , , , , , , , , , , , , , , , , , , , , , , , , , , 
12.4277885, -0.0552224, , , , , , , 12.4277885, 0.0354162, , , , , , , 12.4277885, -0.0728466, , , , , , , 12.4277885, -0.0095674, , , , , , , , , , , , , , , , , , , , , , , , , , , , 
12.4283077, -0.04448, , , , , , , 12.4283077, 0.0115816, , , , , , , 12.4283077, -0.0538796, , , , , , , 12.4283077, -0.0132601, , , , , , , , , , , , , , , , , , , , , , , , , , , , 
12.4288269, -0.0364233, , , , , , , 12.4288269, -0.0092317, , , , , , , 12.4288269, -0.021149, , , , , , , 12.4288269, -0.0119173, , , , , , , , , , , , , , , , , , , , , , , , , , , , 
12.4293462, -0.0290379, , , , , , , 12.4293462, -0.0149386, , , , , , , 12.4293462, 0.0288701, , , , , , , 12.4293462, -0.0099031, , , , , , , , , , , , , , , , , , , , , , , , , , , , 
12.4298654, -0.01561, , , , , , , 12.4298654, -0.0041962, , , , , , , 12.4298654, 0.085771, , , , , , , 12.4298654, -0.0129244, , , , , , , , , , , , , , , , , , , , , , , , , , , , 
12.4303846, -0.0008392, , , , , , , 12.4303846, 0.0119173, , , , , , , 12.4303846, 0.1347829, , , , , , , 12.4303846, -0.0172885, , , , , , , , , , , , , , , , , , , , , , , , , , , , 
12.4309038, 0.0092317, , , , , , , 12.4309038, -0.0031891, , , , , , , 12.4309038, 0.1713741, , , , , , , 12.4309038, -0.0216526, , , , , , , , , , , , , , , , , , , , , , , , , , , , 
12.4314231, 0.0171206, , , , , , , 12.4314231, -0.0448157, , , , , , , 12.4314231, 0.1995727, , , , , , , 12.4314231, -0.0236667, , , , , , , , , , , , , , , , , , , , , , , , , , , , 
12.4319423, 0.0270237, , , , , , , 12.4319423, -0.0773785, , , , , , , 12.4319423, 0.2213931, , , , , , , 12.4319423, -0.0246738, , , , , , , , , , , , , , , , , , , , , , , , , , , , 
12.4324615, 0.0340734, , , , , , , 12.4324615, -0.0981918, , , , , , , 12.4324615, 0.2328069, , , , , , , 12.4324615, -0.0243381, , , , , , , , , , , , , , , , , , , , , , , , , , , , 
12.4329808, 0.040116, , , , , , , 12.4329808, -0.1062486, , , , , , , 12.4329808, 0.2292821, , , , , , , 12.4329808, -0.0229953, , , , , , , , , , , , , , , , , , , , , , , , , , , , 
12.4335, 0.0446479, , , , , , , 12.4335, -0.0948348, , , , , , , 12.4335, 0.216022, , , , , , , 12.4335, -0.0229953, , , , , , , , , , , , , , , , , , , , , , , , , , , , 
12.4340192, 0.0441444, , , , , , , 12.4340192, -0.0787213, , , , , , , 12.4340192, 0.1972229, , , , , , , 12.4340192, -0.0203098, , , , , , , , , , , , , , , , , , , , , , , , , , , , 
12.4345385, 0.0441444, , , , , , , 12.4345385, -0.0605936, , , , , , , 12.4345385, 0.1844663, , , , , , , 12.4345385, -0.0152743, , , , , , , , , , , , , , , , , , , , , , , , , , , , 
12.4350577, 0.0475013, , , , , , , 12.4350577, -0.0384375, , , , , , , 12.4350577, 0.1769131, , , , , , , 12.4350577, -0.0139315, , , , , , , , , , , , , , , , , , , , , , , , , , , , 
12.4355769, 0.0491798, , , , , , , 12.4355769, -0.0209812, , , , , , , 12.4355769, 0.1589532, , , , , , , 12.4355769, -0.0162814, , , , , , , , , , , , , , , , , , , , , , , , , , , , 
12.4360962, 0.0495155, , , , , , , 12.4360962, -0.012253, , , , , , , 12.4360962, 0.1364614, , , , , , , 12.4360962, -0.0182956, , , , , , , , , , , , , , , , , , , , , , , , , , , , 
12.4366154, 0.0616007, , , , , , , 12.4366154, -0.0078889, , , , , , , 12.4366154, 0.1290761, , , , , , , 12.4366154, -0.0209812, , , , , , , , , , , , , , , , , , , , , , , , , , , , 
12.4371346, 0.0787213, , , , , , , 12.4371346, -0.0062104, , , , , , , 12.4371346, 0.1455253, , , , , , , 12.4371346, -0.0253452, , , , , , , , , , , , , , , , , , , , , , , , , , , , 
12.4376538, 0.0914778, , , , , , , 12.4376538, -0.003357, , , , , , , 12.4376538, 0.1754025, , , , , , , 12.4376538, -0.0280308, , , , , , , , , , , , , , , , , , , , , , , , , , , , 
12.4381731, 0.0965133, , , , , , , 12.4381731, 0.0065461, , , , , , , 12.4381731, 0.2015869, , , , , , , 12.4381731, -0.0273594, , , , , , , , , , , , , , , , , , , , , , , , , , , , 
12.4386923, 0.0975204, , , , , , , 12.4386923, 0.0226596, , , , , , , 12.4386923, 0.2281071, , , , , , , 12.4386923, -0.0243381, , , , , , , , , , , , , , , , , , , , , , , , , , , , 
12.4392115, 0.0985275, , , , , , , 12.4392115, 0.0399481, , , , , , , 12.4392115, 0.2469062, , , , , , , 12.4392115, -0.018967, , , , , , , , , , , , , , , , , , , , , , , , , , , , 
12.4397308, 0.0978561, , , , , , , 12.4397308, 0.0525368, , , , , , , 12.4397308, 0.2294499, , , , , , , 12.4397308, -0.0114137, , , , , , , , , , , , , , , , , , , , , , , , , , , , 
12.44025, 0.0881209, , , , , , , 12.44025, 0.0569009, , , , , , , 12.44025, 0.1710384, , , , , , , 12.44025, -0.005539, , , , , , , , , , , , , , , , , , , , , , , , , , , , 
12.4407692, 0.0708324, , , , , , , 12.4407692, 0.0626078, , , , , , , 12.4407692, 0.0938277, , , , , , , 12.4407692, 0.0001678, , , , , , , , , , , , , , , , , , , , , , , , , , , , 
12.4412885, 0.0553902, , , , , , , 12.4412885, 0.0661326, , , , , , , 12.4412885, 0.01561, , , , , , , 12.4412885, 0.0048676, , , , , , , , , , , , , , , , , , , , , , , , , , , , 
12.4418077, 0.0394446, , , , , , , 12.4418077, 0.0565652, , , , , , , 12.4418077, -0.0592508, , , , , , , 12.4418077, 0.0099031, , , , , , , , , , , , , , , , , , , , , , , , , , , , 
12.4423269, 0.0250095, , , , , , , 12.4423269, 0.0370947, , , , , , , 12.4423269, -0.126894, , , , , , , 12.4423269, 0.0172885, , , , , , , , , , , , , , , , , , , , , , , , , , , , 
12.4428462, 0.0095674, , , , , , , 12.4428462, 0.0162814, , , , , , , 12.4428462, -0.1868162, , , , , , , 12.4428462, 0.0265202, , , , , , , , , , , , , , , , , , , , , , , , , , , , 
12.4433654, -0.0092317, , , , , , , 12.4433654, 0.0050355, , , , , , , 12.4433654, -0.2348211, , , , , , , 12.4433654, 0.03122, , , , , , , , , , , , , , , , , , , , , , , , , , , , 
12.4438846, -0.0270237, , , , , , , 12.4438846, 0.0090639, , , , , , , 12.4438846, -0.2680552, , , , , , , 12.4438846, 0.033402, , , , , , , , , , , , , , , , , , , , , , , , , , , , 
12.4444038, -0.0453193, , , , , , , 12.4444038, 0.0172885, , , , , , , 12.4444038, -0.2892042, , , , , , , 12.4444038, 0.0374304, , , , , , , , , , , , , , , , , , , , , , , , , , , , 
12.4449231, -0.057908, , , , , , , 12.4449231, 0.0085603, , , , , , , 12.4449231, -0.2955825, , , , , , , 12.4449231, 0.0431373, , , , , , , , , , , , , , , , , , , , , , , , , , , , 
12.4454423, -0.0652934, , , , , , , 12.4454423, -0.0206455, , , , , , , 12.4454423, -0.2908827, , , , , , , 12.4454423, 0.0501869, , , , , , , , , , , , , , , , , , , , , , , , , , , , 
12.4459615, -0.0683146, , , , , , , 12.4459615, -0.0518654, , , , , , , 12.4459615, -0.2821546, , , , , , , 12.4459615, 0.0555581, , , , , , , , , , , , , , , , , , , , , , , , , , , , 
12.4464808, -0.0649577, , , , , , , 12.4464808, -0.0733501, , , , , , , 12.4464808, -0.2690623, , , , , , , 12.4464808, 0.0538796, , , , , , , , , , , , , , , , , , , , , , , , , , , , 
12.447, -0.0532082, , , , , , , 12.447, -0.0703288, , , , , , , 12.447, -0.2469062, , , , , , , 12.447, 0.0532082, , , , , , , , , , , , , , , , , , , , , , , , , , , , 
12.4475192, -0.0381018, , , , , , , 12.4475192, -0.0464942, , , , , , , 12.4475192, -0.2244144, , , , , , , 12.4475192, 0.0555581, , , , , , , , , , , , , , , , , , , , , , , , , , , , 
12.4480385, -0.0265202, , , , , , , 12.4480385, -0.0276951, , , , , , , 12.4480385, -0.2066224, , , , , , , 12.4480385, 0.0565652, , , , , , , , , , , , , , , , , , , , , , , , , , , , 
12.4485577, -0.0186313, , , , , , , 12.4485577, -0.0236667, , , , , , , 12.4485577, -0.1849699, , , , , , , 12.4485577, 0.0542153, , , , , , , , , , , , , , , , , , , , , , , , , , , , 
12.4490769, -0.0078889, , , , , , , 12.4490769, -0.0162814, , , , , , , 12.4490769, -0.1472038, , , , , , , 12.4490769, 0.0473335, , , , , , , , , , , , , , , , , , , , , , , , , , , , 
12.4495962, 0.0052033, , , , , , , 12.4495962, -0.0041962, , , , , , , 12.4495962, -0.1037308, , , , , , , 12.4495962, 0.0365911, , , , , , , , , , , , , , , , , , , , , , , , , , , , 
12.4501154, 0.0129244, , , , , , , 12.4501154, -0.0003357, , , , , , , 12.4501154, -0.0730144, , , , , , , 12.4501154, 0.023331, , , , , , , , , , , , , , , , , , , , , , , , , , , , 
12.4506346, 0.0169528, , , , , , , 12.4506346, -0.0139315, , , , , , , 12.4506346, -0.0491798, , , , , , , 12.4506346, 0.008896, , , , , , , , , , , , , , , , , , , , , , , , , , , , 
12.4511538, 0.0219883, , , , , , , 12.4511538, -0.0283665, , , , , , , 12.4511538, -0.0303807, , , , , , , 12.4511538, -0.0031891, , , , , , , , , , , , , , , , , , , , , , , , , , , , 
12.4516731, 0.0273594, , , , , , , 12.4516731, -0.0213169, , , , , , , 12.4516731, -0.0075532, , , , , , , 12.4516731, -0.0082246, , , , , , , , , , , , , , , , , , , , , , , , , , , , 
12.4521923, 0.0290379, , , , , , , 12.4521923, -0.002182, , , , , , , 12.4521923, 0.0226596, , , , , , , 12.4521923, -0.0105745, , , , , , , , , , , , , , , , , , , , , , , , , , , , 
12.4527115, 0.0263523, , , , , , , 12.4527115, 0.0095674, , , , , , , 12.4527115, 0.0525368, , , , , , , 12.4527115, -0.0109102, , , , , , , , , , , , , , , , , , , , , , , , , , , , 
12.4532308, 0.0226596, , , , , , , 12.4532308, 0.0263523, , , , , , , 12.4532308, 0.0809033, , , , , , , 12.4532308, -0.0035248, , , , , , , , , , , , , , , , , , , , , , , , , , , , 
12.45375, 0.0229953, , , , , , , 12.45375, 0.0485084, , , , , , , 12.45375, 0.1065843, , , , , , , 12.45375, 0.0115816, , , , , , , , , , , , , , , , , , , , , , , , , , , , 
12.4542692, 0.0256809, , , , , , , 12.4542692, 0.0370947, , , , , , , 12.4542692, 0.1253834, , , , , , , 12.4542692, 0.0268559, , , , , , , , , , , , , , , , , , , , , , , , , , , , 
12.4547885, 0.0270237, , , , , , , 12.4547885, -0.0028534, , , , , , , 12.4547885, 0.1341115, , , , , , , 12.4547885, 0.0357519, , , , , , , , , , , , , , , , , , , , , , , , , , , , 
12.4553077, 0.0209812, , , , , , , 12.4553077, -0.0313878, , , , , , , 12.4553077, 0.1371328, , , , , , , 12.4553077, 0.0370947, , , , , , , , , , , , , , , , , , , , , , , , , , , , 
12.4558269, 0.01561, , , , , , , 12.4558269, -0.04448, , , , , , , 12.4558269, 0.1351186, , , , , , , 12.4558269, 0.0313878, , , , , , , , , , , , , , , , , , , , , , , , , , , , 
12.4563462, 0.0219883, , , , , , , 12.4563462, -0.0516976, , , , , , , 12.4563462, 0.1352865, , , , , , , 12.4563462, 0.0273594, , , , , , , , , , , , , , , , , , , , , , , , , , , , 
12.4568654, 0.0384375, , , , , , , 12.4568654, -0.0433051, , , , , , , 12.4568654, 0.1420005, , , , , , , 12.4568654, 0.0323949, , , , , , , , , , , , , , , , , , , , , , , , , , , , 
12.4573846, 0.0552224, , , , , , , 12.4573846, -0.0253452, , , , , , , 12.4573846, 0.156939, , , , , , , 12.4573846, 0.0431373, , , , , , , , , , , , , , , , , , , , , , , , , , , , 
12.4579038, 0.0656291, , , , , , , 12.4579038, -0.018967, , , , , , , 12.4579038, 0.1817807, , , , , , , 12.4579038, 0.0488441, , , , , , , , , , , , , , , , , , , , , , , , , , , , 
12.4584231, 0.0740215, , , , , , , 12.4584231, -0.0243381, , , , , , , 12.4584231, 0.2106508, , , , , , , 12.4584231, 0.0421302, , , , , , , , , , , , , , , , , , , , , , , , , , , , 
12.4589423, 0.0780499, , , , , , , 12.4589423, -0.036759, , , , , , , 12.4589423, 0.2274357, , , , , , , 12.4589423, 0.0236667, , , , , , , , , , , , , , , , , , , , , , , , , , , , 
12.4594615, 0.0730144, , , , , , , 12.4594615, -0.0451514, , , , , , , 12.4594615, 0.2271, , , , , , , 12.4594615, 0.0052033, , , , , , , , , , , , , , , , , , , , , , , , , , , , 
12.4599808, 0.0654612, , , , , , , 12.4599808, -0.0498512, , , , , , , 12.4599808, 0.2150149, , , , , , , 12.4599808, -0.0036927, , , , , , , , , , , , , , , , , , , , , , , , , , , , 
12.4605, 0.0575723, , , , , , , 12.4605, -0.057908, , , , , , , 12.4605, 0.19823, , , , , , , 12.4605, -0.0052033, , , , , , , , , , , , , , , , , , , , , , , , , , , , 
12.4610192, 0.0488441, , , , , , , 12.4610192, -0.0602579, , , , , , , 12.4610192, 0.16701, , , , , , , 12.4610192, -0.0078889, , , , , , , , , , , , , , , , , , , , , , , , , , , , 
12.4615385, 0.0384375, , , , , , , 12.4615385, -0.0525368, , , , , , , 12.4615385, 0.111284, , , , , , , 12.4615385, -0.0130922, , , , , , , , , , , , , , , , , , , , , , , , , , , , 
12.4620577, 0.0273594, , , , , , , 12.4620577, -0.0377661, , , , , , , 12.4620577, 0.0406195, , , , , , , 12.4620577, -0.0151064, , , , , , , , , , , , , , , , , , , , , , , , , , , , 
12.4625769, 0.0157778, , , , , , , 12.4625769, -0.0149386, , , , , , , 12.4625769, -0.0223239, , , , , , , 12.4625769, -0.0115816, , , , , , , , , , , , , , , , , , , , , , , , , , , , 
12.4630962, 0.0035248, , , , , , , 12.4630962, 0.0045319, , , , , , , 12.4630962, -0.0710002, , , , , , , 12.4630962, -0.0048676, , , , , , , , , , , , , , , , , , , , , , , , , , , , 
12.4636154, -0.0078889, , , , , , , 12.4636154, 0.002182, , , , , , , 12.4636154, -0.1084306, , , , , , , 12.4636154, -0.0016785, , , , , , , , , , , , , , , , , , , , , , , , , , , , 
12.4641346, -0.0203098, , , , , , , 12.4641346, -0.0152743, , , , , , , 12.4641346, -0.1354543, , , , , , , 12.4641346, -0.0016785, , , , , , , , , , , , , , , , , , , , , , , , , , , , 
12.4646538, -0.0313878, , , , , , , 12.4646538, -0.0135958, , , , , , , 12.4646538, -0.145861, , , , , , , 12.4646538, 0.0016785, , , , , , , , , , , , , , , , , , , , , , , , , , , , 
12.4651731, -0.0374304, , , , , , , 12.4651731, 0.0090639, , , , , , , 12.4651731, -0.1378042, , , , , , , 12.4651731, 0.0041962, , , , , , , , , , , , , , , , , , , , , , , , , , , , 
12.4656923, -0.0428016, , , , , , , 12.4656923, 0.0243381, , , , , , , 12.4656923, -0.1136339, , , , , , , 12.4656923, 0.0052033, , , , , , , , , , , , , , , , , , , , , , , , , , , , 
12.4662115, -0.0454871, , , , , , , 12.4662115, 0.0276951, , , , , , , 12.4662115, -0.0921492, , , , , , , 12.4662115, 0.0072175, , , , , , , , , , , , , , , , , , , , , , , , , , , , 
12.4667308, -0.0439765, , , , , , , 12.4667308, 0.0297093, , , , , , , 12.4667308, -0.0834211, , , , , , , 12.4667308, 0.0104067, , , , , , , , , , , , , , , , , , , , , , , , , , , , 
12.46725, -0.0354162, , , , , , , 12.46725, 0.0283665, , , , , , , 12.46725, -0.0928206, , , , , , , 12.46725, 0.0171206, , , , , , , , , , , , , , , , , , , , , , , , , , , , 
12.4677692, -0.0253452, , , , , , , 12.4677692, 0.0209812, , , , , , , 12.4677692, -0.1038987, , , , , , , 12.4677692, 0.023331, , , , , , , , , , , , , , , , , , , , , , , , , , , , 
12.4682885, -0.0167849, , , , , , , 12.4682885, 0.0129244, , , , , , , 12.4682885, -0.0923171, , , , , , , 12.4682885, 0.0276951, , , , , , , , , , , , , , , , , , , , , , , , , , , , 
12.4688077, -0.0149386, , , , , , , 12.4688077, 0.0095674, , , , , , , 12.4688077, -0.0663005, , , , , , , 12.4688077, 0.0307164, , , , , , , , , , , , , , , , , , , , , , , , , , , , 
12.4693269, -0.0172885, , , , , , , 12.4693269, 0.0073854, , , , , , , 12.4693269, -0.0527047, , , , , , , 12.4693269, 0.03122, , , , , , , , , , , , , , , , , , , , , , , , , , , , 
12.4698462, -0.0179599, , , , , , , 12.4698462, 0.0048676, , , , , , , 12.4698462, -0.0515297, , , , , , , 12.4698462, 0.0248417, , , , , , , , , , , , , , , , , , , , , , , , , , , , 
12.4703654, -0.0135958, , , , , , , 12.4703654, 0.0011749, , , , , , , 12.4703654, -0.0491798, , , , , , , 12.4703654, 0.0152743, , , , , , , , , , , , , , , , , , , , , , , , , , , , 
12.4708846, -0.0082246, , , , , , , 12.4708846, -0.0030213, , , , , , , 12.4708846, -0.0350805, , , , , , , 12.4708846, 0.0102388, , , , , , , , , , , , , , , , , , , , , , , , , , , , 
12.4714038, -0.0072175, , , , , , , 12.4714038, -0.0095674, , , , , , , 12.4714038, -0.002182, , , , , , , 12.4714038, 0.0045319, , , , , , , , , , , , , , , , , , , , , , , , , , , , 
12.4719231, -0.0075532, , , , , , , 12.4719231, -0.0125887, , , , , , , 12.4719231, 0.043473, , , , , , , 12.4719231, -0.0048676, , , , , , , , , , , , , , , , , , , , , , , , , , , , 
12.4724423, -0.0072175, , , , , , , 12.4724423, -0.0068818, , , , , , , 12.4724423, 0.0877852, , , , , , , 12.4724423, -0.012253, , , , , , , , , , , , , , , , , , , , , , , , , , , , 
12.4729615, -0.0035248, , , , , , , 12.4729615, 0.0065461, , , , , , , 12.4729615, 0.1292439, , , , , , , 12.4729615, -0.01561, , , , , , , , , , , , , , , , , , , , , , , , , , , , 
12.4734808, -0.0001678, , , , , , , 12.4734808, 0.0125887, , , , , , , 12.4734808, 0.1794308, , , , , , , 12.4734808, -0.017792, , , , , , , , , , , , , , , , , , , , , , , , , , , , 
12.474, 0.0031891, , , , , , , 12.474, 0.0072175, , , , , , , 12.474, 0.2180362, , , , , , , 12.474, -0.0194705, , , , , , , , , , , , , , , , , , , , , , , , , , , , 
12.4745192, 0.0052033, , , , , , , 12.4745192, 0.0025177, , , , , , , 12.4745192, 0.2012512, , , , , , , 12.4745192, -0.0229953, , , , , , , , , , , , , , , , , , , , , , , , , , , , 
12.4750385, 0.0085603, , , , , , , 12.4750385, 0.0028534, , , , , , , 12.4750385, 0.1243763, , , , , , , 12.4750385, -0.0260166, , , , , , , , , , , , , , , , , , , , , , , , , , , , 
12.4755577, 0.0139315, , , , , , , 12.4755577, 0.0078889, , , , , , , 12.4755577, 0.0263523, , , , , , , 12.4755577, -0.0303807, , , , , , , , , , , , , , , , , , , , , , , , , , , , 
12.4760769, 0.0270237, , , , , , , 12.4760769, 0.0139315, , , , , , , 12.4760769, -0.064622, , , , , , , 12.4760769, -0.0337377, , , , , , , , , , , , , , , , , , , , , , , , , , , , 
12.4765962, 0.0468299, , , , , , , 12.4765962, 0.017792, , , , , , , 12.4765962, -0.1512322, , , , , , , 12.4765962, -0.0332341, , , , , , , , , , , , , , , , , , , , , , , , , , , , 
12.4771154, 0.0666361, , , , , , , 12.4771154, 0.0164492, , , , , , , 12.4771154, -0.2207218, , , , , , , 12.4771154, -0.0310521, , , , , , , , , , , , , , , , , , , , , , , , , , , , 
12.4776346, 0.0815747, , , , , , , 12.4776346, 0.0058747, , , , , , , 12.4776346, -0.2589914, , , , , , , 12.4776346, -0.0253452, , , , , , , , , , , , , , , , , , , , , , , , , , , , 
12.4781538, 0.0909743, , , , , , , 12.4781538, -0.0085603, , , , , , , 12.4781538, -0.2657053, , , , , , , 12.4781538, -0.021149, , , , , , , , , , , , , , , , , , , , , , , , , , , , 
12.4786731, 0.0951705, , , , , , , 12.4786731, -0.0176242, , , , , , , 12.4786731, -0.2586557, , , , , , , 12.4786731, -0.0198062, , , , , , , , , , , , , , , , , , , , , , , , , , , , 
12.4791923, 0.096849, , , , , , , 12.4791923, -0.0162814, , , , , , , 12.4791923, -0.2579843, , , , , , , 12.4791923, -0.0164492, , , , , , , , , , , , , , , , , , , , , , , , , , , , 
12.4797115, 0.0948348, , , , , , , 12.4797115, -0.0099031, , , , , , , 12.4797115, -0.2646983, , , , , , , 12.4797115, -0.008896, , , , , , , , , , , , , , , , , , , , , , , , , , , , 
12.4802308, 0.0835889, , , , , , , 12.4802308, -0.0001678, , , , , , , 12.4802308, -0.2710765, , , , , , , 12.4802308, -0.0008392, , , , , , , , , , , , , , , , , , , , , , , , , , , , 
12.48075, 0.0649577, , , , , , , 12.48075, 0.0085603, , , , , , , 12.48075, -0.2599985, , , , , , , 12.48075, 0.0072175, , , , , , , , , , , , , , , , , , , , , , , , , , , , 
12.4812692, 0.0463264, , , , , , , 12.4812692, 0.0078889, , , , , , , 12.4812692, -0.2284428, , , , , , , 12.4812692, 0.0179599, , , , , , , , , , , , , , , , , , , , , , , , , , , , 
12.4817885, 0.0347448, , , , , , , 12.4817885, 0.0008392, , , , , , , 12.4817885, -0.1928588, , , , , , , 12.4817885, 0.026688, , , , , , , , , , , , , , , , , , , , , , , , , , , , 
12.4823077, 0.0219883, , , , , , , 12.4823077, -0.0077211, , , , , , , 12.4823077, -0.160296, , , , , , , 12.4823077, 0.033402, , , , , , , , , , , , , , , , , , , , , , , , , , , , 
12.4828269, 0.0068818, , , , , , , 12.4828269, -0.0142672, , , , , , , 12.4828269, -0.1243763, , , , , , , 12.4828269, 0.0454871, , , , , , , , , , , , , , , , , , , , , , , , , , , , 
12.4833462, -0.0092317, , , , , , , 12.4833462, -0.0135958, , , , , , , 12.4833462, -0.085771, , , , , , , 12.4833462, 0.0629435, , , , , , , , , , , , , , , , , , , , , , , , , , , , 
12.4838654, -0.0276951, , , , , , , 12.4838654, -0.008896, , , , , , , 12.4838654, -0.0468299, , , , , , , 12.4838654, 0.079057, , , , , , , , , , , , , , , , , , , , , , , , , , , , 
12.4843846, -0.0471656, , , , , , , 12.4843846, -0.0048676, , , , , , , 12.4843846, -0.0102388, , , , , , , 12.4843846, 0.0904707, , , , , , , , , , , , , , , , , , , , , , , , , , , , 
12.4849038, -0.063447, , , , , , , 12.4849038, -0.0025177, , , , , , , 12.4849038, 0.0342412, , , , , , , 12.4849038, 0.100206, , , , , , , , , , , , , , , , , , , , , , , , , , , , 
12.4854231, -0.0750286, , , , , , , 12.4854231, -0.0008392, , , , , , , 12.4854231, 0.082414, , , , , , , 12.4854231, 0.1072557, , , , , , , , , , , , , , , , , , , , , , , , , , , , 
12.4859423, -0.0814069, , , , , , , 12.4859423, 0.0001678, , , , , , , 12.4859423, 0.1183337, , , , , , , 12.4859423, 0.1045701, , , , , , , , , , , , , , , , , , , , , , , , , , , , 
12.4864615, -0.0807355, , , , , , , 12.4864615, 0.0005035, , , , , , , 12.4864615, 0.1334401, , , , , , , 12.4864615, 0.0864424, , , , , , , , , , , , , , , , , , , , , , , , , , , , 
12.4869808, -0.0679789, , , , , , , 12.4869808, 0.0052033, , , , , , , 12.4869808, 0.1300832, , , , , , , 12.4869808, 0.0592508, , , , , , , , , , , , , , , , , , , , , , , , , , , , 
12.4875, -0.0501869, , , , , , , 12.4875, 0.0169528, , , , , , , 12.4875, 0.1188373, , , , , , , 12.4875, 0.0347448, , , , , , , , , , , , , , , , , , , , , , , , , , , , 
12.4880192, -0.0350805, , , , , , , 12.4880192, 0.0243381, , , , , , , 12.4880192, 0.114641, , , , , , , 12.4880192, 0.0194705, , , , , , , , , , , , , , , , , , , , , , , , , , , , 
12.4885385, -0.0276951, , , , , , , 12.4885385, 0.0193027, , , , , , , 12.4885385, 0.124712, , , , , , , 12.4885385, 0.0072175, , , , , , , , , , , , , , , , , , , , , , , , , , , , 
12.4890577, -0.018967, , , , , , , 12.4890577, 0.0092317, , , , , , , 12.4890577, 0.1448539, , , , , , , 12.4890577, -0.0052033, , , , , , , , , , , , , , , , , , , , , , , , , , , , 
12.4895769, -0.0082246, , , , , , , 12.4895769, 0.0018463, , , , , , , 12.4895769, 0.1811093, , , , , , , 12.4895769, -0.0142672, , , , , , , , , , , , , , , , , , , , , , , , , , , , 
12.4900962, 0.0041962, , , , , , , 12.4900962, 0.0041962, , , , , , , 12.4900962, 0.2284428, , , , , , , 12.4900962, -0.0193027, , , , , , , , , , , , , , , , , , , , , , , , , , , , 
12.4906154, 0.0159457, , , , , , , 12.4906154, 0.0092317, , , , , , , 12.4906154, 0.2573129, , , , , , , 12.4906154, -0.0229953, , , , , , , , , , , , , , , , , , , , , , , , , , , , 
12.4911346, 0.0273594, , , , , , , 12.4911346, 0.0087282, , , , , , , 12.4911346, 0.2576486, , , , , , , 12.4911346, -0.023331, , , , , , , , , , , , , , , , , , , , , , , , , , , , 
12.4916538, 0.0365911, , , , , , , 12.4916538, 0.0085603, , , , , , , 12.4916538, 0.2569772, , , , , , , 12.4916538, -0.0209812, , , , , , , , , , , , , , , , , , , , , , , , , , , , 
12.4921731, 0.0419623, , , , , , , 12.4921731, 0.0176242, , , , , , , 12.4921731, 0.2561379, , , , , , , 12.4921731, -0.018967, , , , , , , , , , , , , , , , , , , , , , , , , , , , 
12.4926923, 0.0451514, , , , , , , 12.4926923, 0.024506, , , , , , , 12.4926923, 0.2187076, , , , , , , 12.4926923, -0.0162814, , , , , , , , , , , , , , , , , , , , , , , , , , , , 
12.4932115, 0.0475013, , , , , , , 12.4932115, 0.0240024, , , , , , , 12.4932115, 0.1401541, , , , , , , 12.4932115, -0.0115816, , , , , , , , , , , , , , , , , , , , , , , , , , , , 
12.4937308, 0.0475013, , , , , , , 12.4937308, 0.0240024, , , , , , , 12.4937308, 0.0525368, , , , , , , 12.4937308, -0.0062104, , , , , , , , , , , , , , , , , , , , , , , , , , , , 
12.49425, 0.0468299, , , , , , , 12.49425, 0.0377661, , , , , , , 12.49425, -0.0280308, , , , , , , 12.49425, 0.0016785, , , , , , , , , , , , , , , , , , , , , , , , , , , , 
12.4947692, 0.0454871, , , , , , , 12.4947692, 0.0780499, , , , , , , 12.4947692, -0.1032273, , , , , , , 12.4947692, 0.0132601, , , , , , , , , , , , , , , , , , , , , , , , , , , , 
12.4952885, 0.0433051, , , , , , , 12.4952885, 0.1129625, , , , , , , 12.4952885, -0.1616388, , , , , , , 12.4952885, 0.0263523, , , , , , , , , , , , , , , , , , , , , , , , , , , , 
12.4958077, 0.0441444, , , , , , , 12.4958077, 0.0958419, , , , , , , 12.4958077, -0.19823, , , , , , , 12.4958077, 0.0342412, , , , , , , , , , , , , , , , , , , , , , , , , , , , 
12.4963269, 0.0555581, , , , , , , 12.4963269, 0.0387732, , , , , , , 12.4963269, -0.2205539, , , , , , , 12.4963269, 0.0352483, , , , , , , , , , , , , , , , , , , , , , , , , , , , 
12.4968462, 0.0683146, , , , , , , 12.4968462, -0.0104067, , , , , , , 12.4968462, -0.2432136, , , , , , , 12.4968462, 0.0253452, , , , , , , , , , , , , , , , , , , , , , , , , , , , 
12.4973654, 0.0770428, , , , , , , 12.4973654, -0.04448, , , , , , , 12.4973654, -0.2663767, , , , , , , 12.4973654, 0.0146029, , , , , , , , , , , , , , , , , , , , , , , , , , , , 
12.4978846, 0.0782177, , , , , , , 12.4978846, -0.0696574, , , , , , , 12.4978846, -0.281651, , , , , , , 12.4978846, 0.0119173, , , , , , , , , , , , , , , , , , , , , , , , , , , , 
12.4984038, 0.0743572, , , , , , , 12.4984038, -0.0795605, , , , , , , 12.4984038, -0.2895399, , , , , , , 12.4984038, 0.0166171, , , , , , , , , , , , , , , , , , , , , , , , , , , , 
12.4989231, 0.0704967, , , , , , , 12.4989231, -0.0827497, , , , , , , 12.4989231, -0.272755, , , , , , , 12.4989231, 0.026688, , , , , , , , , , , , , , , , , , , , , , , , , , , , 
12.4994423, 0.0663005, , , , , , , 12.4994423, -0.1000381, , , , , , , 12.4994423, -0.223743, , , , , , , 12.4994423, 0.0344091, , , , , , , , , , , , , , , , , , , , , , , , , , , , 
12.4999615, 0.0599222, , , , , , , 12.4999615, -0.1252155, , , , , , , 12.4999615, -0.1519036, , , , , , , 12.4999615, 0.0374304, , , , , , , , , , , , , , , , , , , , , , , , , , , , 
12.5004808, 0.0464942, , , , , , , 12.5004808, -0.1347829, , , , , , , 12.5004808, -0.0760357, , , , , , , 12.5004808, 0.0377661, , , , , , , , , , , , , , , , , , , , , , , , , , , , 
12.501, 0.0253452, , , , , , , 12.501, -0.1263905, , , , , , , 12.501, -0.0139315, , , , , , , 12.501, 0.0350805, , , , , , , , , , , , , , , , , , , , , , , , , , , , 
12.5015192, 0.0065461, , , , , , , 12.5015192, -0.1018845, , , , , , , 12.5015192, 0.0320592, , , , , , , 12.5015192, 0.0280308, , , , , , , , , , , , , , , , , , , , , , , , , , , , 
12.5020385, -0.005539, , , , , , , 12.5020385, -0.0780499, , , , , , , 12.5020385, 0.0683146, , , , , , , 12.5020385, 0.0179599, , , , , , , , , , , , , , , , , , , , , , , , , , , , 
12.5025577, -0.0115816, , , , , , , 12.5025577, -0.0622721, , , , , , , 12.5025577, 0.0914778, , , , , , , 12.5025577, 0.0092317, , , , , , , , , , , , , , , , , , , , , , , , , , , , 
12.5030769, -0.0169528, , , , , , , 12.5030769, -0.0532082, , , , , , , 12.5030769, 0.0965133, , , , , , , 12.5030769, 0.0068818, , , , , , , , , , , , , , , , , , , , , , , , , , , , 
12.5035962, -0.0283665, , , , , , , 12.5035962, -0.064622, , , , , , , 12.5035962, 0.0938277, , , , , , , 12.5035962, 0.0112459, , , , , , , , , , , , , , , , , , , , , , , , , , , , 
12.5041154, -0.0439765, , , , , , , 12.5041154, -0.0894636, , , , , , , 12.5041154, 0.0938277, , , , , , , 12.5041154, 0.0199741, , , , , , , , , , , , , , , , , , , , , , , , , , , , 
12.5046346, -0.0506905, , , , , , , 12.5046346, -0.1082628, , , , , , , 12.5046346, 0.0923171, , , , , , , 12.5046346, 0.0293736, , , , , , , , , , , , , , , , , , , , , , , , , , , , 
12.5051538, -0.0515297, , , , , , , 12.5051538, -0.1216907, , , , , , , 12.5051538, 0.0815747, , , , , , , 12.5051538, 0.0332341, , , , , , , , , , , , , , , , , , , , , , , , , , , , 
12.5056731, -0.0575723, , , , , , , 12.5056731, -0.1230335, , , , , , , 12.5056731, 0.0681468, , , , , , , 12.5056731, 0.0290379, , , , , , , , , , , , , , , , , , , , , , , , , , , , 
12.5061923, -0.0609293, , , , , , , 12.5061923, -0.1129625, , , , , , , 12.5061923, 0.0649577, , , , , , , 12.5061923, 0.0213169, , , , , , , , , , , , , , , , , , , , , , , , , , , , 
12.5067115, -0.0515297, , , , , , , 12.5067115, -0.0877852, , , , , , , 12.5067115, 0.0681468, , , , , , , 12.5067115, 0.0146029, , , , , , , , , , , , , , , , , , , , , , , , , , , , 
12.5072308, -0.0340734, , , , , , , 12.5072308, -0.0535439, , , , , , , 12.5072308, 0.0676432, , , , , , , 12.5072308, 0.0102388, , , , , , , , , , , , , , , , , , , , , , , , , , , , 
12.50775, -0.0152743, , , , , , , 12.50775, -0.0285344, , , , , , , 12.50775, 0.0575723, , , , , , , 12.50775, 0.0052033, , , , , , , , , , , , , , , , , , , , , , , , , , , , 
12.5082692, 0.0011749, , , , , , , 12.5082692, -0.0072175, , , , , , , 12.5082692, 0.0407874, , , , , , , 12.5082692, -0.0015106, , , , , , , , , , , , , , , , , , , , , , , , , , , , 
12.5087885, 0.0152743, , , , , , , 12.5087885, 0.0166171, , , , , , , 12.5087885, 0.0167849, , , , , , , 12.5087885, -0.0099031, , , , , , , , , , , , , , , , , , , , , , , , , , , , 
12.5093077, 0.0203098, , , , , , , 12.5093077, 0.0323949, , , , , , , 12.5093077, -0.0068818, , , , , , , 12.5093077, -0.0149386, , , , , , , , , , , , , , , , , , , , , , , , , , , , 
12.5098269, 0.0186313, , , , , , , 12.5098269, 0.0377661, , , , , , , 12.5098269, -0.0149386, , , , , , , 12.5098269, -0.0125887, , , , , , , , , , , , , , , , , , , , , , , , , , , , 
12.5103462, 0.017792, , , , , , , 12.5103462, 0.0357519, , , , , , , 12.5103462, -0.0085603, , , , , , , 12.5103462, -0.0075532, , , , , , , , , , , , , , , , , , , , , , , , , , , , 
12.5108654, 0.0172885, , , , , , , 12.5108654, 0.0359197, , , , , , , 12.5108654, -0.0062104, , , , , , , 12.5108654, -0.0035248, , , , , , , , , , , , , , , , , , , , , , , , , , , , 
12.5113846, 0.0196384, , , , , , , 12.5113846, 0.0394446, , , , , , , 12.5113846, -0.0112459, , , , , , , 12.5113846, 0.0031891, , , , , , , , , , , , , , , , , , , , , , , , , , , , 
12.5119038, 0.0206455, , , , , , , 12.5119038, 0.0352483, , , , , , , 12.5119038, -0.0102388, , , , , , , 12.5119038, 0.0075532, , , , , , , , , , , , , , , , , , , , , , , , , , , , 
12.5124231, 0.0226596, , , , , , , 12.5124231, 0.0287022, , , , , , , 12.5124231, 0.0011749, , , , , , , 12.5124231, 0.002182, , , , , , , , , , , , , , , , , , , , , , , , , , , , 
12.5129423, 0.0219883, , , , , , , 12.5129423, 0.0313878, , , , , , , 12.5129423, 0.0303807, , , , , , , 12.5129423, -0.0052033, , , , , , , , , , , , , , , , , , , , , , , , , , , , 
12.5134615, 0.0162814, , , , , , , 12.5134615, 0.0387732, , , , , , , 12.5134615, 0.0666361, , , , , , , 12.5134615, -0.0072175, , , , , , , , , , , , , , , , , , , , , , , , , , , , 
12.5139808, 0.0142672, , , , , , , 12.5139808, 0.0428016, , , , , , , 12.5139808, 0.0914778, , , , , , , 12.5139808, -0.0075532, , , , , , , , , , , , , , , , , , , , , , , , , , , , 
12.5145, 0.0159457, , , , , , , 12.5145, 0.0407874, , , , , , , 12.5145, 0.1028916, , , , , , , 12.5145, -0.0095674, , , , , , , , , , , , , , , , , , , , , , , , , , , , 
12.5150192, 0.0179599, , , , , , , 12.5150192, 0.0342412, , , , , , , 12.5150192, 0.1038987, , , , , , , 12.5150192, -0.0125887, , , , , , , , , , , , , , , , , , , , , , , , , , , , 
12.5155385, 0.0216526, , , , , , , 12.5155385, 0.0223239, , , , , , , 12.5155385, 0.0938277, , , , , , , 12.5155385, -0.0135958, , , , , , , , , , , , , , , , , , , , , , , , , , , , 
12.5160577, 0.0283665, , , , , , , 12.5160577, 0.0109102, , , , , , , 12.5160577, 0.0730144, , , , , , , 12.5160577, -0.017792, , , , , , , , , , , , , , , , , , , , , , , , , , , , 
12.5165769, 0.0386053, , , , , , , 12.5165769, -0.0008392, , , , , , , 12.5165769, 0.0417945, , , , , , , 12.5165769, -0.026688, , , , , , , , , , , , , , , , , , , , , , , , , , , , 
12.5170962, 0.0498512, , , , , , , 12.5170962, -0.0149386, , , , , , , 12.5170962, 0.0005035, , , , , , , 12.5170962, -0.0318914, , , , , , , , , , , , , , , , , , , , , , , , , , , , 
12.5176154, 0.0616007, , , , , , , 12.5176154, -0.0236667, , , , , , , 12.5176154, -0.04448, , , , , , , 12.5176154, -0.0297093, , , , , , , , , , , , , , , , , , , , , , , , , , , , 
12.5181346, 0.0750286, , , , , , , 12.5181346, -0.0250095, , , , , , , 12.5181346, -0.0753643, , , , , , , 12.5181346, -0.0260166, , , , , , , , , , , , , , , , , , , , , , , , , , , , 
12.5186538, 0.0834211, , , , , , , 12.5186538, -0.0196384, , , , , , , 12.5186538, -0.0820783, , , , , , , 12.5186538, -0.0229953, , , , , , , , , , , , , , , , , , , , , , , , , , , , 
12.5191731, 0.0827497, , , , , , , 12.5191731, -0.0048676, , , , , , , 12.5191731, -0.0636149, , , , , , , 12.5191731, -0.0172885, , , , , , , , , , , , , , , , , , , , , , , , , , , , 
12.5196923, 0.0793927, , , , , , , 12.5196923, 0.0152743, , , , , , , 12.5196923, -0.0350805, , , , , , , 12.5196923, -0.0075532, , , , , , , , , , , , , , , , , , , , , , , , , , , , 
12.5202115, 0.0746929, , , , , , , 12.5202115, 0.0240024, , , , , , , 12.5202115, -0.0109102, , , , , , , 12.5202115, 0.0018463, , , , , , , , , , , , , , , , , , , , , , , , , , , , 
12.5207308, 0.0616007, , , , , , , 12.5207308, 0.0213169, , , , , , , 12.5207308, 0.0135958, , , , , , , 12.5207308, 0.0052033, , , , , , , , , , , , , , , , , , , , , , , , , , , , 
12.52125, 0.0461585, , , , , , , 12.52125, 0.0199741, , , , , , , 12.52125, 0.0508583, , , , , , , 12.52125, 0.0068818, , , , , , , , , , , , , , , , , , , , , , , , , , , , 
12.5217692, 0.0364233, , , , , , , 12.5217692, 0.0253452, , , , , , , 12.5217692, 0.0924849, , , , , , , 12.5217692, 0.0085603, , , , , , , , , , , , , , , , , , , , , , , , , , , , 
12.5222885, 0.0276951, , , , , , , 12.5222885, 0.0298772, , , , , , , 12.5222885, 0.1226978, , , , , , , 12.5222885, 0.0090639, , , , , , , , , , , , , , , , , , , , , , , , , , , , 
12.5228077, 0.0119173, , , , , , , 12.5228077, 0.0298772, , , , , , , 12.5228077, 0.1404898, , , , , , , 12.5228077, 0.0119173, , , , , , , , , , , , , , , , , , , , , , , , , , , , 
12.5233269, -0.0048676, , , , , , , 12.5233269, 0.0270237, , , , , , , 12.5233269, 0.1451896, , , , , , , 12.5233269, 0.0171206, , , , , , , , , , , , , , , , , , , , , , , , , , , , 
12.5238462, -0.0203098, , , , , , , 12.5238462, 0.0280308, , , , , , , 12.5238462, 0.1287404, , , , , , , 12.5238462, 0.0206455, , , , , , , , , , , , , , , , , , , , , , , , , , , , 
12.5243654, -0.0384375, , , , , , , 12.5243654, 0.0287022, , , , , , , 12.5243654, 0.0817426, , , , , , , 12.5243654, 0.0253452, , , , , , , , , , , , , , , , , , , , , , , , , , , , 
12.5248846, -0.0538796, , , , , , , 12.5248846, 0.0243381, , , , , , , 12.5248846, 0.0048676, , , , , , , 12.5248846, 0.0287022, , , , , , , , , , , , , , , , , , , , , , , , , , , , 
12.5254038, -0.0609293, , , , , , , 12.5254038, 0.0186313, , , , , , , 12.5254038, -0.0867781, , , , , , , 12.5254038, 0.0280308, , , , , , , , , , , , , , , , , , , , , , , , , , , , 
12.5259231, -0.0626078, , , , , , , 12.5259231, 0.0166171, , , , , , , 12.5259231, -0.1727169, , , , , , , 12.5259231, 0.0280308, , , , , , , , , , , , , , , , , , , , , , , , , , , , 
12.5264423, -0.0580758, , , , , , , 12.5264423, 0.0184634, , , , , , , 12.5264423, -0.2334783, , , , , , , 12.5264423, 0.0263523, , , , , , , , , , , , , , , , , , , , , , , , , , , , 
12.5269615, -0.047837, , , , , , , 12.5269615, 0.0199741, , , , , , , 12.5269615, -0.2598306, , , , , , , 12.5269615, 0.0226596, , , , , , , , , , , , , , , , , , , , , , , , , , , , 
12.5274808, -0.0360876, , , , , , , 12.5274808, 0.0191348, , , , , , , 12.5274808, -0.2559701, , , , , , , 12.5274808, 0.0199741, , , , , , , , , , , , , , , , , , , , , , , , , , , , 
12.528, -0.026688, , , , , , , 12.528, 0.0152743, , , , , , , 12.528, -0.2398566, , , , , , , 12.528, 0.0199741, , , , , , , , , , , , , , , , , , , , , , , , , , , , 
12.5285192, -0.0216526, , , , , , , 12.5285192, 0.0109102, , , , , , , 12.5285192, -0.2281071, , , , , , , 12.5285192, 0.0229953, , , , , , , , , , , , , , , , , , , , , , , , , , , , 
12.5290385, -0.0149386, , , , , , , 12.5290385, 0.0082246, , , , , , , 12.5290385, -0.2257572, , , , , , , 12.5290385, 0.0290379, , , , , , , , , , , , , , , , , , , , , , , , , , , , 
12.5295577, -0.0082246, , , , , , , 12.5295577, 0.0092317, , , , , , , 12.5295577, -0.2136721, , , , , , , 12.5295577, 0.0419623, , , , , , , , , , , , , , , , , , , , , , , , , , , , 
12.5300769, -0.0035248, , , , , , , 12.5300769, 0.0078889, , , , , , , 12.5300769, -0.1774166, , , , , , , 12.5300769, 0.0569009, , , , , , , , , , , , , , , , , , , , , , , , , , , , 
12.5305962, 0.002182, , , , , , , 12.5305962, 0.0058747, , , , , , , 12.5305962, -0.1260548, , , , , , , 12.5305962, 0.0666361, , , , , , , , , , , , , , , , , , , , , , , , , , , , 
12.5311154, 0.0062104, , , , , , , 12.5311154, 0.0031891, , , , , , , 12.5311154, -0.0777142, , , , , , , 12.5311154, 0.0696574, , , , , , , , , , , , , , , , , , , , , , , , , , , , 
12.5316346, 0.0102388, , , , , , , 12.5316346, 0.002182, , , , , , , 12.5316346, -0.0518654, , , , , , , 12.5316346, 0.0683146, , , , , , , , , , , , , , , , , , , , , , , , , , , , 
12.5321538, 0.0162814, , , , , , , 12.5321538, 0.0005035, , , , , , , 12.5321538, -0.0406195, , , , , , , 12.5321538, 0.0616007, , , , , , , , , , , , , , , , , , , , , , , , , , , , 
12.5326731, 0.0191348, , , , , , , 12.5326731, -0.0020142, , , , , , , 12.5326731, -0.0229953, , , , , , , 12.5326731, 0.0525368, , , , , , , , , , , , , , , , , , , , , , , , , , , , 
12.5331923, 0.0193027, , , , , , , 12.5331923, -0.0045319, , , , , , , 12.5331923, 0.0058747, , , , , , , 12.5331923, 0.0421302, , , , , , , , , , , , , , , , , , , , , , , , , , , , 
12.5337115, 0.0176242, , , , , , , 12.5337115, -0.0065461, , , , , , , 12.5337115, 0.0404517, , , , , , , 12.5337115, 0.0307164, , , , , , , , , , , , , , , , , , , , , , , , , , , , 
12.5342308, 0.0159457, , , , , , , 12.5342308, -0.0078889, , , , , , , 12.5342308, 0.0793927, , , , , , , 12.5342308, 0.0246738, , , , , , , , , , , , , , , , , , , , , , , , , , , , 
12.53475, 0.0159457, , , , , , , 12.53475, -0.0052033, , , , , , , 12.53475, 0.1139696, , , , , , , 12.53475, 0.0223239, , , , , , , , , , , , , , , , , , , , , , , , , , , , 
12.5352692, 0.0196384, , , , , , , 12.5352692, -0.0025177, , , , , , , 12.5352692, 0.1294118, , , , , , , 12.5352692, 0.0179599, , , , , , , , , , , , , , , , , , , , , , , , , , , , 
12.5357885, 0.0273594, , , , , , , 12.5357885, -0.0038605, , , , , , , 12.5357885, 0.1326009, , , , , , , 12.5357885, 0.0129244, , , , , , , , , , , , , , , , , , , , , , , , , , , , 
12.5363077, 0.0379339, , , , , , , 12.5363077, -0.0035248, , , , , , , 12.5363077, 0.1354543, , , , , , , 12.5363077, 0.0062104, , , , , , , , , , , , , , , , , , , , , , , , , , , , 
12.5368269, 0.0533761, , , , , , , 12.5368269, 0.0065461, , , , , , , 12.5368269, 0.1411612, , , , , , , 12.5368269, -0.0015106, , , , , , , , , , , , , , , , , , , , , , , , , , , , 
12.5373462, 0.0696574, , , , , , , 12.5373462, 0.0179599, , , , , , , 12.5373462, 0.1401541, , , , , , , 12.5373462, -0.0058747, , , , , , , , , , , , , , , , , , , , , , , , , , , , 
12.5378654, 0.0835889, , , , , , , 12.5378654, 0.0280308, , , , , , , 12.5378654, 0.1257191, , , , , , , 12.5378654, -0.0048676, , , , , , , , , , , , , , , , , , , , , , , , , , , , 
12.5383846, 0.093492, , , , , , , 12.5383846, 0.0360876, , , , , , , 12.5383846, 0.103563, , , , , , , 12.5383846, -0.0041962, , , , , , , , , , , , , , , , , , , , , , , , , , , , 
12.5389038, 0.0995346, , , , , , , 12.5389038, 0.0337377, , , , , , , 12.5389038, 0.0762036, , , , , , , 12.5389038, -0.005539, , , , , , , , , , , , , , , , , , , , , , , , , , , , 
12.5394231, 0.1005417, , , , , , , 12.5394231, 0.0193027, , , , , , , 12.5394231, 0.0475013, , , , , , , 12.5394231, -0.0062104, , , , , , , , , , , , , , , , , , , , , , , , , , , , 
12.5399423, 0.0988632, , , , , , , 12.5399423, -0.002182, , , , , , , 12.5399423, 0.0196384, , , , , , , 12.5399423, -0.0085603, , , , , , , , , , , , , , , , , , , , , , , , , , , , 
12.5404615, 0.0874495, , , , , , , 12.5404615, -0.0263523, , , , , , , 12.5404615, -0.0112459, , , , , , , 12.5404615, -0.0092317, , , , , , , , , , , , , , , , , , , , , , , , , , , , 
12.5409808, 0.0669718, , , , , , , 12.5409808, -0.0481727, , , , , , , 12.5409808, -0.0327306, , , , , , , 12.5409808, -0.0045319, , , , , , , , , , , , , , , , , , , , , , , , , , , , 
12.5415, 0.0481727, , , , , , , 12.5415, -0.0527047, , , , , , , 12.5415, -0.0297093, , , , , , , 12.5415, 0.002182, , , , , , , , , , , , , , , , , , , , , , , , , , , , 
12.5420192, 0.0327306, , , , , , , 12.5420192, -0.0411231, , , , , , , 12.5420192, -0.0119173, , , , , , , 12.5420192, 0.0058747, , , , , , , , , , , , , , , , , , , , , , , , , , , , 
12.5425385, 0.014435, , , , , , , 12.5425385, -0.0360876, , , , , , , 12.5425385, -0.0015106, , , , , , , 12.5425385, 0.0058747, , , , , , , , , , , , , , , , , , , , , , , , , , , , 
12.5430577, -0.0112459, , , , , , , 12.5430577, -0.040116, , , , , , , 12.5430577, -0.0162814, , , , , , , 12.5430577, 0.0038605, , , , , , , , , , , , , , , , , , , , , , , , , , , , 
12.5435769, -0.0384375, , , , , , , 12.5435769, -0.0404517, , , , , , , 12.5435769, -0.0461585, , , , , , , 12.5435769, 0.0082246, , , , , , , , , , , , , , , , , , , , , , , , , , , , 
12.5440962, -0.0558938, , , , , , , 12.5440962, -0.0406195, , , , , , , 12.5440962, -0.0669718, , , , , , , 12.5440962, 0.0199741, , , , , , , , , , , , , , , , , , , , , , , , , , , , 
12.5446154, -0.0669718, , , , , , , 12.5446154, -0.0384375, , , , , , , 12.5446154, -0.0663005, , , , , , , 12.5446154, 0.0310521, , , , , , , , , , , , , , , , , , , , , , , , , , , , 
12.5451346, -0.0785534, , , , , , , 12.5451346, -0.0280308, , , , , , , 12.5451346, -0.0438087, , , , , , , 12.5451346, 0.0347448, , , , , , , , , , , , , , , , , , , , , , , , , , , , 
12.5456538, -0.090135, , , , , , , 12.5456538, -0.0132601, , , , , , , 12.5456538, -0.0149386, , , , , , , 12.5456538, 0.0340734, , , , , , , , , , , , , , , , , , , , , , , , , , , , 
12.5461731, -0.0914778, , , , , , , 12.5461731, -0.0102388, , , , , , , 12.5461731, 0.0008392, , , , , , , 12.5461731, 0.030045, , , , , , , , , , , , , , , , , , , , , , , , , , , , 
12.5466923, -0.0814069, , , , , , , 12.5466923, -0.0115816, , , , , , , 12.5466923, 0.0052033, , , , , , , 12.5466923, 0.023331, , , , , , , , , , , , , , , , , , , , , , , , , , , , 
12.5472115, -0.0686503, , , , , , , 12.5472115, -0.0216526, , , , , , , 12.5472115, 0.0048676, , , , , , , 12.5472115, 0.0152743, , , , , , , , , , , , , , , , , , , , , , , , , , , , 
12.5477308, -0.0565652, , , , , , , 12.5477308, -0.0558938, , , , , , , 12.5477308, -0.0058747, , , , , , , 12.5477308, 0.0058747, , , , , , , , , , , , , , , , , , , , , , , , , , , , 
12.54825, -0.04448, , , , , , , 12.54825, -0.1042344, , , , , , , 12.54825, -0.0253452, , , , , , , 12.54825, -0.002182, , , , , , , , , , , , , , , , , , , , , , , , , , , , 
12.5487692, -0.026688, , , , , , , 12.5487692, -0.1361257, , , , , , , 12.5487692, -0.0431373, , , , , , , 12.5487692, -0.008896, , , , , , , , , , , , , , , , , , , , , , , , , , , , 
12.5492885, -0.0041962, , , , , , , 12.5492885, -0.1408255, , , , , , , 12.5492885, -0.0632792, , , , , , , 12.5492885, -0.0129244, , , , , , , , , , , , , , , , , , , , , , , , , , , , 
12.5498077, 0.0105745, , , , , , , 12.5498077, -0.1200122, , , , , , , 12.5498077, -0.0854353, , , , , , , 12.5498077, -0.0162814, , , , , , , , , , , , , , , , , , , , , , , , , , , , 
12.5503269, 0.0179599, , , , , , , 12.5503269, -0.0827497, , , , , , , 12.5503269, -0.0955062, , , , , , , 12.5503269, -0.0216526, , , , , , , , , , , , , , , , , , , , , , , , , , , , 
12.5508462, 0.0226596, , , , , , , 12.5508462, -0.0473335, , , , , , , 12.5508462, -0.0887922, , , , , , , 12.5508462, -0.0248417, , , , , , , , , , , , , , , , , , , , , , , , , , , , 
12.5513654, 0.026688, , , , , , , 12.5513654, -0.0256809, , , , , , , 12.5513654, -0.0820783, , , , , , , 12.5513654, -0.0253452, , , , , , , , , , , , , , , , , , , , , , , , , , , , 
12.5518846, 0.0307164, , , , , , , 12.5518846, -0.0119173, , , , , , , 12.5518846, -0.0861067, , , , , , , 12.5518846, -0.023331, , , , , , , , , , , , , , , , , , , , , , , , , , , , 
12.5524038, 0.0320592, , , , , , , 12.5524038, 0.0070497, , , , , , , 12.5524038, -0.0864424, , , , , , , 12.5524038, -0.0213169, , , , , , , , , , , , , , , , , , , , , , , , , , , , 
12.5529231, 0.0327306, , , , , , , 12.5529231, 0.0213169, , , , , , , 12.5529231, -0.0746929, , , , , , , 12.5529231, -0.0209812, , , , , , , , , , , , , , , , , , , , , , , , , , , , 
12.5534423, 0.0384375, , , , , , , 12.5534423, 0.017792, , , , , , , 12.5534423, -0.061265, , , , , , , 12.5534423, -0.0166171, , , , , , , , , , , , , , , , , , , , , , , , , , , , 
12.5539615, 0.0441444, , , , , , , 12.5539615, 0.0142672, , , , , , , 12.5539615, -0.0431373, , , , , , , 12.5539615, -0.0109102, , , , , , , , , , , , , , , , , , , , , , , , , , , , 
12.5544808, 0.0421302, , , , , , , 12.5544808, 0.0184634, , , , , , , 12.5544808, -0.0097353, , , , , , , 12.5544808, 0.0011749, , , , , , , , , , , , , , , , , , , , , , , , , , , , 
12.555, 0.0428016, , , , , , , 12.555, 0.0236667, , , , , , , 12.555, 0.0327306, , , , , , , 12.555, 0.0226596, , , , , , , , , , , , , , , , , , , , , , , , , , , , 
12.5555192, 0.0451514, , , , , , , 12.5555192, 0.0307164, , , , , , , 12.5555192, 0.0629435, , , , , , , 12.5555192, 0.0421302, , , , , , , , , , , , , , , , , , , , , , , , , , , , 
12.5560385, 0.0448157, , , , , , , 12.5560385, 0.0500191, , , , , , , 12.5560385, 0.0716716, , , , , , , 12.5560385, 0.0505226, , , , , , , , , , , , , , , , , , , , , , , , , , , , 
12.5565577, 0.0508583, , , , , , , 12.5565577, 0.0629435, , , , , , , 12.5565577, 0.0629435, , , , , , , 12.5565577, 0.0485084, , , , , , , , , , , , , , , , , , , , , , , , , , , , 
12.5570769, 0.0607614, , , , , , , 12.5570769, 0.0592508, , , , , , , 12.5570769, 0.0461585, , , , , , , 12.5570769, 0.0461585, , , , , , , , , , , , , , , , , , , , , , , , , , , , 
12.5575962, 0.066804, , , , , , , 12.5575962, 0.0468299, , , , , , , 12.5575962, 0.0323949, , , , , , , 12.5575962, 0.0488441, , , , , , , , , , , , , , , , , , , , , , , , , , , , 
12.5581154, 0.0696574, , , , , , , 12.5581154, 0.0491798, , , , , , , 12.5581154, 0.0213169, , , , , , , 12.5581154, 0.0562295, , , , , , , , , , , , , , , , , , , , , , , , , , , , 
12.5586346, 0.0740215, , , , , , , 12.5586346, 0.079057, , , , , , , 12.5586346, 0.0099031, , , , , , , 12.5586346, 0.0569009, , , , , , , , , , , , , , , , , , , , , , , , , , , , 
12.5591538, 0.0783856, , , , , , , 12.5591538, 0.1059129, , , , , , , 12.5591538, -0.0011749, , , , , , , 12.5591538, 0.0458228, , , , , , , , , , , , , , , , , , , , , , , , , , , , 
12.5596731, 0.079057, , , , , , , 12.5596731, 0.0871138, , , , , , , 12.5596731, -0.0105745, , , , , , , 12.5596731, 0.0293736, , , , , , , , , , , , , , , , , , , , , , , , , , , , 
12.5601923, 0.0706645, , , , , , , 12.5601923, 0.0313878, , , , , , , 12.5601923, -0.0149386, , , , , , , 12.5601923, 0.0196384, , , , , , , , , , , , , , , , , , , , , , , , , , , , 
12.5607115, 0.0540475, , , , , , , 12.5607115, -0.0172885, , , , , , , 12.5607115, -0.0182956, , , , , , , 12.5607115, 0.0186313, , , , , , , , , , , , , , , , , , , , , , , , , , , , 
12.5612308, 0.0414588, , , , , , , 12.5612308, -0.0411231, , , , , , , 12.5612308, -0.0265202, , , , , , , 12.5612308, 0.023331, , , , , , , , , , , , , , , , , , , , , , , , , , , , 
12.56175, 0.0330663, , , , , , , 12.56175, -0.0616007, , , , , , , 12.56175, -0.0347448, , , , , , , 12.56175, 0.0315557, , , , , , , , , , , , , , , , , , , , , , , , , , , , 
12.5622692, 0.0250095, , , , , , , 12.5622692, -0.0985275, , , , , , , 12.5622692, -0.0347448, , , , , , , 12.5622692, 0.0386053, , , , , , , , , , , , , , , , , , , , , , , , , , , , 
12.5627885, 0.0105745, , , , , , , 12.5627885, -0.1220264, , , , , , , 12.5627885, -0.0293736, , , , , , , 12.5627885, 0.0407874, , , , , , , , , , , , , , , , , , , , , , , , , , , , 
12.5633077, -0.0135958, , , , , , , 12.5633077, -0.1183337, , , , , , , 12.5633077, -0.0273594, , , , , , , 12.5633077, 0.0377661, , , , , , , , , , , , , , , , , , , , , , , , , , , , 
12.5638269, -0.0374304, , , , , , , 12.5638269, -0.121355, , , , , , , 12.5638269, -0.0263523, , , , , , , 12.5638269, 0.0330663, , , , , , , , , , , , , , , , , , , , , , , , , , , , 
12.5643462, -0.0532082, , , , , , , 12.5643462, -0.1384756, , , , , , , 12.5643462, -0.0209812, , , , , , , 12.5643462, 0.0290379, , , , , , , , , , , , , , , , , , , , , , , , , , , , 
12.5648654, -0.064622, , , , , , , 12.5648654, -0.1332723, , , , , , , 12.5648654, -0.0052033, , , , , , , 12.5648654, 0.0238346, , , , , , , , , , , , , , , , , , , , , , , , , , , , 
12.5653846, -0.0731823, , , , , , , 12.5653846, -0.1025559, , , , , , , 12.5653846, 0.0253452, , , , , , , 12.5653846, 0.0182956, , , , , , , , , , , , , , , , , , , , , , , , , , , , 
12.5659038, -0.0753643, , , , , , , 12.5659038, -0.0683146, , , , , , , 12.5659038, 0.0740215, , , , , , , 12.5659038, 0.0125887, , , , , , , , , , , , , , , , , , , , , , , , , , , , 
12.5664231, -0.0686503, , , , , , , 12.5664231, -0.0424659, , , , , , , 12.5664231, 0.1334401, , , , , , , 12.5664231, 0.0078889, , , , , , , , , , , , , , , , , , , , , , , , , , , , 
12.5669423, -0.0535439, , , , , , , 12.5669423, -0.026688, , , , , , , 12.5669423, 0.1811093, , , , , , , 12.5669423, 0.0046998, , , , , , , , , , , , , , , , , , , , , , , , , , , , 
12.5674615, -0.0397803, , , , , , , 12.5674615, -0.0196384, , , , , , , 12.5674615, 0.212665, , , , , , , 12.5674615, 0.0018463, , , , , , , , , , , , , , , , , , , , , , , , , , , , 
12.5679808, -0.0276951, , , , , , , 12.5679808, -0.0129244, , , , , , , 12.5679808, 0.2344854, , , , , , , 12.5679808, -0.0001678, , , , , , , , , , , , , , , , , , , , , , , , , , , , 
12.5685, -0.0149386, , , , , , , 12.5685, -0.0035248, , , , , , , 12.5685, 0.2552987, , , , , , , 12.5685, -0.0011749, , , , , , , , , , , , , , , , , , , , , , , , , , , , 
12.5690192, -0.0015106, , , , , , , 12.5690192, 0.0109102, , , , , , , 12.5690192, 0.2804761, , , , , , , 12.5690192, -0.0016785, , , , , , , , , , , , , , , , , , , , , , , , , , , , 
12.5695385, 0.008896, , , , , , , 12.5695385, 0.0243381, , , , , , , 12.5695385, 0.307332, , , , , , , 12.5695385, 0.0011749, , , , , , , , , , , , , , , , , , , , , , , , , , , , 
12.5700577, 0.0167849, , , , , , , 12.5700577, 0.0360876, , , , , , , 12.5700577, 0.3080034, , , , , , , 12.5700577, 0.0068818, , , , , , , , , , , , , , , , , , , , , , , , , , , , 
12.5705769, 0.0260166, , , , , , , 12.5705769, 0.0491798, , , , , , , 12.5705769, 0.2502632, , , , , , , 12.5705769, 0.0112459, , , , , , , , , , , , , , , , , , , , , , , , , , , , 
12.5710962, 0.0344091, , , , , , , 12.5710962, 0.0592508, , , , , , , 12.5710962, 0.1386435, , , , , , , 12.5710962, 0.0109102, , , , , , , , , , , , , , , , , , , , , , , , , , , , 
12.5716154, 0.0374304, , , , , , , 12.5716154, 0.0626078, , , , , , , 12.5716154, 0.012253, , , , , , , 12.5716154, 0.0085603, , , , , , , , , , , , , , , , , , , , , , , , , , , , 
12.5721346, 0.0407874, , , , , , , 12.5721346, 0.0669718, , , , , , , 12.5721346, -0.1005417, , , , , , , 12.5721346, 0.0050355, , , , , , , , , , , , , , , , , , , , , , , , , , , , 
12.5726538, 0.0480049, , , , , , , 12.5726538, 0.0743572, , , , , , , 12.5726538, -0.1995727, , , , , , , 12.5726538, -0.0025177, , , , , , , , , , , , , , , , , , , , , , , , , , , , 
12.5731731, 0.0518654, , , , , , , 12.5731731, 0.0746929, , , , , , , 12.5731731, -0.2781262, , , , , , , 12.5731731, -0.0099031, , , , , , , , , , , , , , , , , , , , , , , , , , , , 
12.5736923, 0.0527047, , , , , , , 12.5736923, 0.0649577, , , , , , , 12.5736923, -0.3214313, , , , , , , 12.5736923, -0.0142672, , , , , , , , , , , , , , , , , , , , , , , , , , , , 
12.5742115, 0.0501869, , , , , , , 12.5742115, 0.0488441, , , , , , , 12.5742115, -0.3345235, , , , , , , 12.5742115, -0.0135958, , , , , , , , , , , , , , , , , , , , , , , , , , , , 
12.5747308, 0.0468299, , , , , , , 12.5747308, 0.0337377, , , , , , , 12.5747308, -0.3503014, , , , , , , 12.5747308, -0.0137636, , , , , , , , , , , , , , , , , , , , , , , , , , , , 
12.57525, 0.0428016, , , , , , , 12.57525, 0.0223239, , , , , , , 12.57525, -0.3868925, , , , , , , 12.57525, -0.0099031, , , , , , , , , , , , , , , , , , , , , , , , , , , , 
12.5757692, 0.040116, , , , , , , 12.5757692, 0.012253, , , , , , , 12.5757692, -0.40972, , , , , , , 12.5757692, 0.0005035, , , , , , , , , , , , , , , , , , , , , , , , , , , , 
12.5762885, 0.0454871, , , , , , , 12.5762885, 0.0015106, , , , , , , 12.5762885, -0.3878996, , , , , , , 12.5762885, 0.0095674, , , , , , , , , , , , , , , , , , , , , , , , , , , , 
12.5768077, 0.0575723, , , , , , , 12.5768077, -0.0048676, , , , , , , 12.5768077, -0.3345235, , , , , , , 12.5768077, 0.0129244, , , , , , , , , , , , , , , , , , , , , , , , , , , , 
12.5773269, 0.0679789, , , , , , , 12.5773269, -0.005539, , , , , , , 12.5773269, -0.2764477, , , , , , , 12.5773269, 0.0159457, , , , , , , , , , , , , , , , , , , , , , , , , , , , 
12.5778462, 0.0661326, , , , , , , 12.5778462, -0.012253, , , , , , , 12.5778462, -0.212665, , , , , , , 12.5778462, 0.0166171, , , , , , , , , , , , , , , , , , , , , , , , , , , , 
12.5783654, 0.0585794, , , , , , , 12.5783654, -0.0303807, , , , , , , 12.5783654, -0.1331044, , , , , , , 12.5783654, 0.0129244, , , , , , , , , , , , , , , , , , , , , , , , , , , , 
12.5788846, 0.0515297, , , , , , , 12.5788846, -0.0424659, , , , , , , 12.5788846, -0.0542153, , , , , , , 12.5788846, 0.0078889, , , , , , , , , , , , , , , , , , , , , , , , , , , , 
12.5794038, 0.0428016, , , , , , , 12.5794038, -0.0414588, , , , , , , 12.5794038, 0.0085603, , , , , , , 12.5794038, 0.0052033, , , , , , , , , , , , , , , , , , , , , , , , , , , , 
12.5799231, 0.0327306, , , , , , , 12.5799231, -0.0327306, , , , , , , 12.5799231, 0.061265, , , , , , , 12.5799231, 0.0035248, , , , , , , , , , , , , , , , , , , , , , , , , , , , 
12.5804423, 0.0219883, , , , , , , 12.5804423, -0.0246738, , , , , , , 12.5804423, 0.1079271, , , , , , , 12.5804423, 0.0043641, , , , , , , , , , , , , , , , , , , , , , , , , , , , 
12.5809615, 0.0070497, , , , , , , 12.5809615, -0.0243381, , , , , , , 12.5809615, 0.1361257, , , , , , , 12.5809615, 0.0072175, , , , , , , , , , , , , , , , , , , , , , , , , , , , 
12.5814808, -0.0082246, , , , , , , 12.5814808, -0.0256809, , , , , , , 12.5814808, 0.1287404, , , , , , , 12.5814808, 0.0104067, , , , , , , , , , , , , , , , , , , , , , , , , , , , 
12.582, -0.0172885, , , , , , , 12.582, -0.0182956, , , , , , , 12.582, 0.100206, , , , , , , 12.582, 0.0152743, , , , , , , , , , , , , , , , , , , , , , , , , , , , 
12.5825192, -0.0283665, , , , , , , 12.5825192, -0.0095674, , , , , , , 12.5825192, 0.0733501, , , , , , , 12.5825192, 0.0206455, , , , , , , , , , , , , , , , , , , , , , , , , , , , 
12.5830385, -0.0414588, , , , , , , 12.5830385, -0.0085603, , , , , , , 12.5830385, 0.0535439, , , , , , , 12.5830385, 0.026688, , , , , , , , , , , , , , , , , , , , , , , , , , , , 
12.5835577, -0.0525368, , , , , , , 12.5835577, -0.0085603, , , , , , , 12.5835577, 0.0451514, , , , , , , 12.5835577, 0.0317235, , , , , , , , , , , , , , , , , , , , , , , , , , , , 
12.5840769, -0.0569009, , , , , , , 12.5840769, -0.0048676, , , , , , , 12.5840769, 0.0569009, , , , , , , 12.5840769, 0.0354162, , , , , , , , , , , , , , , , , , , , , , , , , , , , 
12.5845962, -0.0560616, , , , , , , 12.5845962, -0.0018463, , , , , , , 12.5845962, 0.0834211, , , , , , , 12.5845962, 0.0387732, , , , , , , , , , , , , , , , , , , , , , , , , , , , 
12.5851154, -0.061265, , , , , , , 12.5851154, -0.0016785, , , , , , , 12.5851154, 0.1059129, , , , , , , 12.5851154, 0.0417945, , , , , , , , , , , , , , , , , , , , , , , , , , , , 
12.5856346, -0.0676432, , , , , , , 12.5856346, -0.0052033, , , , , , , 12.5856346, 0.1126268, , , , , , , 12.5856346, 0.0431373, , , , , , , , , , , , , , , , , , , , , , , , , , , , 
12.5861538, -0.0656291, , , , , , , 12.5861538, -0.0082246, , , , , , , 12.5861538, 0.1089342, , , , , , , 12.5861538, 0.0407874, , , , , , , , , , , , , , , , , , , , , , , , , , , , 
12.5866731, -0.0538796, , , , , , , 12.5866731, -0.0057069, , , , , , , 12.5866731, 0.0948348, , , , , , , 12.5866731, 0.0340734, , , , , , , , , , , , , , , , , , , , , , , , , , , , 
12.5871923, -0.0381018, , , , , , , 12.5871923, 0.0018463, , , , , , , 12.5871923, 0.0636149, , , , , , , 12.5871923, 0.0263523, , , , , , , , , , , , , , , , , , , , , , , , , , , , 
12.5877115, -0.0219883, , , , , , , 12.5877115, 0.0115816, , , , , , , 12.5877115, 0.0260166, , , , , , , 12.5877115, 0.0193027, , , , , , , , , , , , , , , , , , , , , , , , , , , , 
12.5882308, -0.0115816, , , , , , , 12.5882308, 0.0203098, , , , , , , 12.5882308, -0.005539, , , , , , , 12.5882308, 0.0152743, , , , , , , , , , , , , , , , , , , , , , , , , , , , 
12.58875, -0.0085603, , , , , , , 12.58875, 0.026688, , , , , , , 12.58875, -0.030045, , , , , , , 12.58875, 0.0129244, , , , , , , , , , , , , , , , , , , , , , , , , , , , 
12.5892692, -0.002182, , , , , , , 12.5892692, 0.0310521, , , , , , , 12.5892692, -0.0454871, , , , , , , 12.5892692, 0.0097353, , , , , , , , , , , , , , , , , , , , , , , , , , , , 
12.5897885, 0.0105745, , , , , , , 12.5897885, 0.0344091, , , , , , , 12.5897885, -0.0468299, , , , , , , 12.5897885, 0.0048676, , , , , , , , , , , , , , , , , , , , , , , , , , , , 
12.5903077, 0.0152743, , , , , , , 12.5903077, 0.0411231, , , , , , , 12.5903077, -0.040116, , , , , , , 12.5903077, -0.0001678, , , , , , , , , , , , , , , , , , , , , , , , , , , , 
12.5908269, 0.0199741, , , , , , , 12.5908269, 0.0508583, , , , , , , 12.5908269, -0.036759, , , , , , , 12.5908269, -0.005539, , , , , , , , , , , , , , , , , , , , , , , , , , , , 
12.5913462, 0.0240024, , , , , , , 12.5913462, 0.0569009, , , , , , , 12.5913462, -0.0394446, , , , , , , 12.5913462, -0.0132601, , , , , , , , , , , , , , , , , , , , , , , , , , , , 
12.5918654, 0.0182956, , , , , , , 12.5918654, 0.0535439, , , , , , , 12.5918654, -0.0386053, , , , , , , 12.5918654, -0.0186313, , , , , , , , , , , , , , , , , , , , , , , , , , , , 
12.5923846, 0.0166171, , , , , , , 12.5923846, 0.0485084, , , , , , , 12.5923846, -0.0313878, , , , , , , 12.5923846, -0.0186313, , , , , , , , , , , , , , , , , , , , , , , , , , , , 
12.5929038, 0.0240024, , , , , , , 12.5929038, 0.0357519, , , , , , , 12.5929038, -0.023331, , , , , , , 12.5929038, -0.0176242, , , , , , , , , , , , , , , , , , , , , , , , , , , , 
12.5934231, 0.0283665, , , , , , , 12.5934231, -0.0065461, , , , , , , 12.5934231, -0.0112459, , , , , , , 12.5934231, -0.0139315, , , , , , , , , , , , , , , , , , , , , , , , , , , , 
12.5939423, 0.0258488, , , , , , , 12.5939423, -0.0693217, , , , , , , 12.5939423, 0.0085603, , , , , , , 12.5939423, -0.0112459, , , , , , , , , , , , , , , , , , , , , , , , , , , , 
12.5944615, 0.0226596, , , , , , , 12.5944615, -0.1018845, , , , , , , 12.5944615, 0.0365911, , , , , , , 12.5944615, -0.0119173, , , , , , , , , , , , , , , , , , , , , , , , , , , , 
12.5949808, 0.0179599, , , , , , , 12.5949808, -0.0976883, , , , , , , 12.5949808, 0.0683146, , , , , , , 12.5949808, -0.0142672, , , , , , , , , , , , , , , , , , , , , , , , , , , , 
12.5955, 0.0172885, , , , , , , 12.5955, -0.0887922, , , , , , , 12.5955, 0.0921492, , , , , , , 12.5955, -0.0149386, , , , , , , , , , , , , , , , , , , , , , , , , , , , 
12.5960192, 0.0208133, , , , , , , 12.5960192, -0.0785534, , , , , , , 12.5960192, 0.0998703, , , , , , , 12.5960192, -0.0135958, , , , , , , , , , , , , , , , , , , , , , , , , , , , 
12.5965385, 0.0347448, , , , , , , 12.5965385, -0.0592508, , , , , , , 12.5965385, 0.0936599, , , , , , , 12.5965385, -0.0149386, , , , , , , , , , , , , , , , , , , , , , , , , , , , 
12.5970577, 0.0522011, , , , , , , 12.5970577, -0.0428016, , , , , , , 12.5970577, 0.0904707, , , , , , , 12.5970577, -0.0162814, , , , , , , , , , , , , , , , , , , , , , , , , , , , 
12.5975769, 0.0609293, , , , , , , 12.5975769, -0.0431373, , , , , , , 12.5975769, 0.0978561, , , , , , , 12.5975769, -0.0139315, , , , , , , , , , , , , , , , , , , , , , , , , , , , 
12.5980962, 0.0636149, , , , , , , 12.5980962, -0.0498512, , , , , , , 12.5980962, 0.0955062, , , , , , , 12.5980962, -0.0083925, , , , , , , , , , , , , , , , , , , , , , , , , , , , 
12.5986154, 0.0713359, , , , , , , 12.5986154, -0.0501869, , , , , , , 12.5986154, 0.0783856, , , , , , , 12.5986154, -0.0005035, , , , , , , , , , , , , , , , , , , , , , , , , , , , 
12.5991346, 0.0803998, , , , , , , 12.5991346, -0.0424659, , , , , , , 12.5991346, 0.0626078, , , , , , , 12.5991346, 0.0119173, , , , , , , , , , , , , , , , , , , , , , , , , , , , 
12.5996538, 0.0817426, , , , , , , 12.5996538, -0.0325628, , , , , , , 12.5996538, 0.0515297, , , , , , , 12.5996538, 0.0280308, , , , , , , , , , , , , , , , , , , , , , , , , , , , 
12.6001731, 0.0750286, , , , , , , 12.6001731, -0.0231632, , , , , , , 12.6001731, 0.0360876, , , , , , , 12.6001731, 0.0421302, , , , , , , , , , , , , , , , , , , , , , , , , , , , 
12.6006923, 0.0641184, , , , , , , 12.6006923, -0.0159457, , , , , , , 12.6006923, 0.012253, , , , , , , 12.6006923, 0.0493477, , , , , , , , , , , , , , , , , , , , , , , , , , , , 
12.6012115, 0.057908, , , , , , , 12.6012115, -0.0105745, , , , , , , 12.6012115, -0.018967, , , , , , , 12.6012115, 0.0525368, , , , , , , , , , , , , , , , , , , , , , , , , , , , 
12.6017308, 0.0527047, , , , , , , 12.6017308, -0.0031891, , , , , , , 12.6017308, -0.0520333, , , , , , , 12.6017308, 0.0532082, , , , , , , , , , , , , , , , , , , , , , , , , , , , 
12.60225, 0.0392767, , , , , , , 12.60225, 0.0090639, , , , , , , 12.60225, -0.0884565, , , , , , , 12.60225, 0.054551, , , , , , , , , , , , , , , , , , , , , , , , , , , , 
12.6027692, 0.024506, , , , , , , 12.6027692, 0.0193027, , , , , , , 12.6027692, -0.1250477, , , , , , , 12.6027692, 0.0548867, , , , , , , , , , , , , , , , , , , , , , , , , , , , 
12.6032885, 0.012253, , , , , , , 12.6032885, 0.0198062, , , , , , , 12.6032885, -0.1532464, , , , , , , 12.6032885, 0.0548867, , , , , , , , , , , , , , , , , , , , , , , , , , , , 
12.6038077, -0.0035248, , , , , , , 12.6038077, 0.0139315, , , , , , , 12.6038077, -0.1686885, , , , , , , 12.6038077, 0.0548867, , , , , , , , , , , , , , , , , , , , , , , , , , , , 
12.6043269, -0.0159457, , , , , , , 12.6043269, 0.0058747, , , , , , , 12.6043269, -0.1717098, , , , , , , 12.6043269, 0.0575723, , , , , , , , , , , , , , , , , , , , , , , , , , , , 
12.6048462, -0.0260166, , , , , , , 12.6048462, -0.0028534, , , , , , , 12.6048462, -0.1649958, , , , , , , 12.6048462, 0.0602579, , , , , , , , , , , , , , , , , , , , , , , , , , , , 
12.6053654, -0.033402, , , , , , , 12.6053654, -0.0003357, , , , , , , 12.6053654, -0.1572747, , , , , , , 12.6053654, 0.0609293, , , , , , , , , , , , , , , , , , , , , , , , , , , , 
12.6058846, -0.0448157, , , , , , , 12.6058846, 0.0130922, , , , , , , 12.6058846, -0.1468681, , , , , , , 12.6058846, 0.0542153, , , , , , , , , , , , , , , , , , , , , , , , , , , , 
12.6064038, -0.0493477, , , , , , , 12.6064038, 0.0228275, , , , , , , 12.6064038, -0.1295796, , , , , , , 12.6064038, 0.0424659, , , , , , , , , , , , , , , , , , , , , , , , , , , , 
12.6069231, -0.0372625, , , , , , , 12.6069231, 0.0226596, , , , , , , 12.6069231, -0.0975204, , , , , , , 12.6069231, 0.0327306, , , , , , , , , , , , , , , , , , , , , , , , , , , , 
12.6074423, -0.0253452, , , , , , , 12.6074423, 0.01561, , , , , , , 12.6074423, -0.0464942, , , , , , , 12.6074423, 0.0273594, , , , , , , , , , , , , , , , , , , , , , , , , , , , 
12.6079615, -0.0169528, , , , , , , 12.6079615, 0.0058747, , , , , , , 12.6079615, 0.0132601, , , , , , , 12.6079615, 0.0209812, , , , , , , , , , , , , , , , , , , , , , , , , , , , 
12.6084808, -0.0092317, , , , , , , 12.6084808, 0.0001678, , , , , , , 12.6084808, 0.0726787, , , , , , , 12.6084808, 0.0149386, , , , , , , , , , , , , , , , , , , , , , , , , , , , 
12.609, -0.0052033, , , , , , , 12.609, -0.0095674, , , , , , , 12.609, 0.1243763, , , , , , , 12.609, 0.0112459, , , , , , , , , , , , , , , , , , , , , , , , , , , , 
12.6095192, -0.0023499, , , , , , , 12.6095192, -0.0223239, , , , , , , 12.6095192, 0.1700313, , , , , , , 12.6095192, 0.0038605, , , , , , , , , , , , , , , , , , , , , , , , , , , , 
12.6100385, 0.0050355, , , , , , , 12.6100385, -0.0273594, , , , , , , 12.6100385, 0.2166934, , , , , , , 12.6100385, -0.008896, , , , , , , , , , , , , , , , , , , , , , , , , , , , 
12.6105577, 0.012253, , , , , , , 12.6105577, -0.0203098, , , , , , , 12.6105577, 0.2581521, , , , , , , 12.6105577, -0.0204776, , , , , , , , , , , , , , , , , , , , , , , , , , , , 
12.6110769, 0.0146029, , , , , , , 12.6110769, -0.0048676, , , , , , , 12.6110769, 0.2876936, , , , , , , 12.6110769, -0.0297093, , , , , , , , , , , , , , , , , , , , , , , , , , , , 
12.6115962, 0.0152743, , , , , , , 12.6115962, 0.0216526, , , , , , , 12.6115962, 0.2999466, , , , , , , 12.6115962, -0.0370947, , , , , , , , , , , , , , , , , , , , , , , , , , , , 
12.6121154, 0.0226596, , , , , , , 12.6121154, 0.0475013, , , , , , , 12.6121154, 0.2858473, , , , , , , 12.6121154, -0.0424659, , , , , , , , , , , , , , , , , , , , , , , , , , , , 
12.6126346, 0.0340734, , , , , , , 12.6126346, 0.0542153, , , , , , , 12.6126346, 0.2438849, , , , , , , 12.6126346, -0.0461585, , , , , , , , , , , , , , , , , , , , , , , , , , , , 
12.6131538, 0.0428016, , , , , , , 12.6131538, 0.0315557, , , , , , , 12.6131538, 0.1844663, , , , , , , 12.6131538, -0.0475013, , , , , , , , , , , , , , , , , , , , , , , , , , , , 
12.6136731, 0.0461585, , , , , , , 12.6136731, -0.0095674, , , , , , , 12.6136731, 0.1132982, , , , , , , 12.6136731, -0.0448157, , , , , , , , , , , , , , , , , , , , , , , , , , , , 
12.6141923, 0.0505226, , , , , , , 12.6141923, -0.0391089, , , , , , , 12.6141923, 0.030045, , , , , , , 12.6141923, -0.0391089, , , , , , , , , , , , , , , , , , , , , , , , , , , , 
12.6147115, 0.056733, , , , , , , 12.6147115, -0.0224918, , , , , , , 12.6147115, -0.0589151, , , , , , , 12.6147115, -0.0320592, , , , , , , , , , , , , , , , , , , , , , , , , , , , 
12.6152308, 0.0575723, , , , , , , 12.6152308, 0.0317235, , , , , , , 12.6152308, -0.1411612, , , , , , , 12.6152308, -0.0276951, , , , , , , , , , , , , , , , , , , , , , , , , , , , 
12.61575, 0.0575723, , , , , , , 12.61575, 0.0676432, , , , , , , 12.61575, -0.2064546, , , , , , , 12.61575, -0.0270237, , , , , , , , , , , , , , , , , , , , , , , , , , , , 
12.6162692, 0.0619364, , , , , , , 12.6162692, 0.0548867, , , , , , , 12.6162692, -0.2522774, , , , , , , 12.6162692, -0.0270237, , , , , , , , , , , , , , , , , , , , , , , , , , , , 
12.6167885, 0.0767071, , , , , , , 12.6167885, 0.0256809, , , , , , , 12.6167885, -0.2892042, , , , , , , 12.6167885, -0.0238346, , , , , , , , , , , , , , , , , , , , , , , , , , , , 
12.6173077, 0.085771, , , , , , , 12.6173077, 0.0119173, , , , , , , 12.6173077, -0.3143816, , , , , , , 12.6173077, -0.0135958, , , , , , , , , , , , , , , , , , , , , , , , , , , , 
12.6178269, 0.0897993, , , , , , , 12.6178269, -0.0005035, , , , , , , 12.6178269, -0.3278096, , , , , , , 12.6178269, 0.0001678, , , , , , , , , , , , , , , , , , , , , , , , , , , , 
12.6183462, 0.0931563, , , , , , , 12.6183462, -0.0248417, , , , , , , 12.6183462, -0.3519799, , , , , , , 12.6183462, 0.0129244, , , , , , , , , , , , , , , , , , , , , , , , , , , , 
12.6188654, 0.0884565, , , , , , , 12.6188654, -0.047837, , , , , , , 12.6188654, -0.383032, , , , , , , 12.6188654, 0.023331, , , , , , , , , , , , , , , , , , , , , , , , , , , , 
12.6193846, 0.0777142, , , , , , , 12.6193846, -0.0463264, , , , , , , 12.6193846, -0.3828641, , , , , , , 12.6193846, 0.0381018, , , , , , , , , , , , , , , , , , , , , , , , , , , , 
12.6199038, 0.0629435, , , , , , , 12.6199038, -0.0288701, , , , , , , 12.6199038, -0.3385519, , , , , , , 12.6199038, 0.0622721, , , , , , , , , , , , , , , , , , , , , , , , , , , , 
12.6204231, 0.0466621, , , , , , , 12.6204231, -0.0206455, , , , , , , 12.6204231, -0.2700694, , , , , , , 12.6204231, 0.0803998, , , , , , , , , , , , , , , , , , , , , , , , , , , , 
12.6209423, 0.0313878, , , , , , , 12.6209423, -0.0169528, , , , , , , 12.6209423, -0.1908446, , , , , , , 12.6209423, 0.0822461, , , , , , , , , , , , , , , , , , , , , , , , , , , , 
12.6214615, 0.018967, , , , , , , 12.6214615, -0.0129244, , , , , , , 12.6214615, -0.1099413, , , , , , , 12.6214615, 0.072343, , , , , , , , , , , , , , , , , , , , , , , , , , , , 
12.6219808, 0.0119173, , , , , , , 12.6219808, -0.0142672, , , , , , , 12.6219808, -0.0330663, , , , , , , 12.6219808, 0.0595865, , , , , , , , , , , , , , , , , , , , , , , , , , , , 
12.6225, 0.0043641, , , , , , , 12.6225, -0.023331, , , , , , , 12.6225, 0.0357519, , , , , , , 12.6225, 0.0483406, , , , , , , , , , , , , , , , , , , , , , , , , , , , 
12.6230192, -0.0099031, , , , , , , 12.6230192, -0.036759, , , , , , , 12.6230192, 0.0965133, , , , , , , 12.6230192, 0.0387732, , , , , , , , , , , , , , , , , , , , , , , , , , , , 
12.6235385, -0.0253452, , , , , , , 12.6235385, -0.0438087, , , , , , , 12.6235385, 0.156939, , , , , , , 12.6235385, 0.0313878, , , , , , , , , , , , , , , , , , , , , , , , , , , , 
12.6240577, -0.0379339, , , , , , , 12.6240577, -0.0357519, , , , , , , 12.6240577, 0.2118257, , , , , , , 12.6240577, 0.0231632, , , , , , , , , , , , , , , , , , , , , , , , , , , , 
12.6245769, -0.0464942, , , , , , , 12.6245769, -0.0317235, , , , , , , 12.6245769, 0.2472419, , , , , , , 12.6245769, 0.0146029, , , , , , , , , , , , , , , , , , , , , , , , , , , , 
12.6250962, -0.051194, , , , , , , 12.6250962, -0.0488441, , , , , , , 12.6250962, 0.2603342, , , , , , , 12.6250962, 0.0102388, , , , , , , , , , , , , , , , , , , , , , , , , , , , 
12.6256154, -0.0548867, , , , , , , 12.6256154, -0.0706645, , , , , , , 12.6256154, 0.251606, , , , , , , 12.6256154, 0.0112459, , , , , , , , , , , , , , , , , , , , , , , , , , , , 
12.6261346, -0.0592508, , , , , , , 12.6261346, -0.0663005, , , , , , , 12.6261346, 0.2170291, , , , , , , 12.6261346, 0.0115816, , , , , , , , , , , , , , , , , , , , , , , , , , , , 
12.6266538, -0.057908, , , , , , , 12.6266538, -0.0303807, , , , , , , 12.6266538, 0.1582818, , , , , , , 12.6266538, 0.0085603, , , , , , , , , , , , , , , , , , , , , , , , , , , , 
12.6271731, -0.0441444, , , , , , , 12.6271731, 0.0078889, , , , , , , 12.6271731, 0.0931563, , , , , , , 12.6271731, 0.0102388, , , , , , , , , , , , , , , , , , , , , , , , , , , , 
12.6276923, -0.030045, , , , , , , 12.6276923, 0.0280308, , , , , , , 12.6276923, 0.0357519, , , , , , , 12.6276923, 0.0181277, , , , , , , , , , , , , , , , , , , , , , , , , , , , 
12.6282115, -0.0216526, , , , , , , 12.6282115, 0.0229953, , , , , , , 12.6282115, -0.0062104, , , , , , , 12.6282115, 0.033402, , , , , , , , , , , , , , , , , , , , , , , , , , , , 
12.6287308, -0.0166171, , , , , , , 12.6287308, -0.0008392, , , , , , , 12.6287308, -0.0317235, , , , , , , 12.6287308, 0.0589151, , , , , , , , , , , , , , , , , , , , , , , , , , , , 
12.62925, -0.0146029, , , , , , , 12.62925, -0.0216526, , , , , , , 12.62925, -0.051194, , , , , , , 12.62925, 0.0867781, , , , , , , , , , , , , , , , , , , , , , , , , , , , 
12.6297692, -0.0142672, , , , , , , 12.6297692, -0.0290379, , , , , , , 12.6297692, -0.0703288, , , , , , , 12.6297692, 0.1025559, , , , , , , , , , , , , , , , , , , , , , , , , , , , 
12.6302885, -0.0119173, , , , , , , 12.6302885, -0.0350805, , , , , , , 12.6302885, -0.0862745, , , , , , , 12.6302885, 0.1012131, , , , , , , , , , , , , , , , , , , , , , , , , , , , 
12.6308077, -0.008896, , , , , , , 12.6308077, -0.0552224, , , , , , , 12.6308077, -0.0908064, , , , , , , 12.6308077, 0.085771, , , , , , , , , , , , , , , , , , , , , , , , , , , , 
12.6313269, -0.0028534, , , , , , , 12.6313269, -0.0699931, , , , , , , 12.6313269, -0.0773785, , , , , , , 12.6313269, 0.0626078, , , , , , , , , , , , , , , , , , , , , , , , , , , , 
12.6318462, -0.0001678, , , , , , , 12.6318462, -0.064622, , , , , , , 12.6318462, -0.0555581, , , , , , , 12.6318462, 0.0381018, , , , , , , , , , , , , , , , , , , , , , , , , , , , 
12.6323654, -0.0045319, , , , , , , 12.6323654, -0.0649577, , , , , , , 12.6323654, -0.0327306, , , , , , , 12.6323654, 0.0199741, , , , , , , , , , , , , , , , , , , , , , , , , , , , 
12.6328846, -0.0109102, , , , , , , 12.6328846, -0.0871138, , , , , , , 12.6328846, -0.01561, , , , , , , 12.6328846, 0.0095674, , , , , , , , , , , , , , , , , , , , , , , , , , , , 
12.6334038, -0.0164492, , , , , , , 12.6334038, -0.1059129, , , , , , , 12.6334038, -0.0062104, , , , , , , 12.6334038, 0.0015106, , , , , , , , , , , , , , , , , , , , , , , , , , , , 
12.6339231, -0.0179599, , , , , , , 12.6339231, -0.0938277, , , , , , , 12.6339231, 0.011078, , , , , , , 12.6339231, -0.0035248, , , , , , , , , , , , , , , , , , , , , , , , , , , , 
12.6344423, -0.0152743, , , , , , , 12.6344423, -0.057908, , , , , , , 12.6344423, 0.0428016, , , , , , , 12.6344423, -0.0035248, , , , , , , , , , , , , , , , , , , , , , , , , , , , 
12.6349615, -0.0102388, , , , , , , 12.6349615, -0.0243381, , , , , , , 12.6349615, 0.079057, , , , , , , 12.6349615, -0.0018463, , , , , , , , , , , , , , , , , , , , , , , , , , , , 
12.6354808, -0.0065461, , , , , , , 12.6354808, -0.0028534, , , , , , , 12.6354808, 0.0958419, , , , , , , 12.6354808, -0.0015106, , , , , , , , , , , , , , , , , , , , , , , , , , , , 
12.636, -0.0005035, , , , , , , 12.636, 0.008896, , , , , , , 12.636, 0.0891279, , , , , , , 12.636, -0.0052033, , , , , , , , , , , , , , , , , , , , , , , , , , , , 
12.6365192, 0.0169528, , , , , , , 12.6365192, 0.0139315, , , , , , , 12.6365192, 0.070161, , , , , , , 12.6365192, -0.0142672, , , , , , , , , , , , , , , , , , , , , , , , , , , , 
12.6370385, 0.0369268, , , , , , , 12.6370385, 0.0129244, , , , , , , 12.6370385, 0.0471656, , , , , , , 12.6370385, -0.0229953, , , , , , , , , , , , , , , , , , , , , , , , , , , , 
12.6375577, 0.0495155, , , , , , , 12.6375577, 0.008896, , , , , , , 12.6375577, 0.0307164, , , , , , , 12.6375577, -0.027863, , , , , , , , , , , , , , , , , , , , , , , , , , , , 
12.6380769, 0.0565652, , , , , , , 12.6380769, 0.0052033, , , , , , , 12.6380769, 0.0240024, , , , , , , 12.6380769, -0.0283665, , , , , , , , , , , , , , , , , , , , , , , , , , , , 
12.6385962, 0.061265, , , , , , , 12.6385962, 0.0041962, , , , , , , 12.6385962, 0.023331, , , , , , , 12.6385962, -0.0290379, , , , , , , , , , , , , , , , , , , , , , , , , , , , 
12.6391154, 0.06009, , , , , , , 12.6391154, 0.0092317, , , , , , , 12.6391154, 0.0327306, , , , , , , 12.6391154, -0.0307164, , , , , , , , , , , , , , , , , , , , , , , , , , , , 
12.6396346, 0.0555581, , , , , , , 12.6396346, 0.0206455, , , , , , , 12.6396346, 0.0486763, , , , , , , 12.6396346, -0.0330663, , , , , , , , , , , , , , , , , , , , , , , , , , , , 
12.6401538, 0.051194, , , , , , , 12.6401538, 0.0381018, , , , , , , 12.6401538, 0.0614328, , , , , , , 12.6401538, -0.0337377, , , , , , , , , , , , , , , , , , , , , , , , , , , , 
12.6406731, 0.0468299, , , , , , , 12.6406731, 0.0433051, , , , , , , 12.6406731, 0.0674754, , , , , , , 12.6406731, -0.0344091, , , , , , , , , , , , , , , , , , , , , , , , , , , , 
12.6411923, 0.0409552, , , , , , , 12.6411923, 0.0317235, , , , , , , 12.6411923, 0.0656291, , , , , , , 12.6411923, -0.0332341, , , , , , , , , , , , , , , , , , , , , , , , , , , , 
12.6417115, 0.0354162, , , , , , , 12.6417115, 0.0258488, , , , , , , 12.6417115, 0.0589151, , , , , , , 12.6417115, -0.0297093, , , , , , , , , , , , , , , , , , , , , , , , , , , , 
12.6422308, 0.0236667, , , , , , , 12.6422308, 0.0317235, , , , , , , 12.6422308, 0.0535439, , , , , , , 12.6422308, -0.0253452, , , , , , , , , , , , , , , , , , , , , , , , , , , , 
12.64275, 0.0062104, , , , , , , 12.64275, 0.0384375, , , , , , , 12.64275, 0.0508583, , , , , , , 12.64275, -0.0209812, , , , , , , , , , , , , , , , , , , , , , , , , , , , 
12.6432692, -0.0102388, , , , , , , 12.6432692, 0.0501869, , , , , , , 12.6432692, 0.0412909, , , , , , , 12.6432692, -0.0176242, , , , , , , , , , , , , , , , , , , , , , , , , , , , 
12.6437885, -0.0203098, , , , , , , 12.6437885, 0.0610971, , , , , , , 12.6437885, 0.0263523, , , , , , , 12.6437885, -0.0139315, , , , , , , , , , , , , , , , , , , , , , , , , , , , 
12.6443077, -0.0283665, , , , , , , 12.6443077, 0.0750286, , , , , , , 12.6443077, 0.0072175, , , , , , , 12.6443077, -0.0109102, , , , , , , , , , , , , , , , , , , , , , , , , , , , 
12.6448269, -0.0323949, , , , , , , 12.6448269, 0.1059129, , , , , , , 12.6448269, -0.0198062, , , , , , , 12.6448269, -0.0109102, , , , , , , , , , , , , , , , , , , , , , , , , , , , 
12.6453462, -0.0364233, , , , , , , 12.6453462, 0.1394827, , , , , , , 12.6453462, -0.0491798, , , , , , , 12.6453462, -0.0097353, , , , , , , , , , , , , , , , , , , , , , , , , , , , 
12.6458654, -0.0360876, , , , , , , 12.6458654, 0.1461967, , , , , , , 12.6458654, -0.0592508, , , , , , , 12.6458654, -0.0062104, , , , , , , , , , , , , , , , , , , , , , , , , , , , 
12.6463846, -0.0260166, , , , , , , 12.6463846, 0.1282368, , , , , , , 12.6463846, -0.0260166, , , , , , , 12.6463846, -0.0041962, , , , , , , , , , , , , , , , , , , , , , , , , , , , 
12.6469038, -0.0139315, , , , , , , 12.6469038, 0.1085985, , , , , , , 12.6469038, 0.0246738, , , , , , , 12.6469038, -0.0031891, , , , , , , , , , , , , , , , , , , , , , , , , , , , 
12.6474231, 0.0008392, , , , , , , 12.6474231, 0.0938277, , , , , , , 12.6474231, 0.0532082, , , , , , , 12.6474231, 0.0003357, , , , , , , , , , , , , , , , , , , , , , , , , , , , 
12.6479423, 0.0105745, , , , , , , 12.6479423, 0.068986, , , , , , , 12.6479423, 0.0528725, , , , , , , 12.6479423, 0.0075532, , , , , , , , , , , , , , , , , , , , , , , , , , , , 
12.6484615, 0.0105745, , , , , , , 12.6484615, 0.0288701, , , , , , , 12.6484615, 0.036759, , , , , , , 12.6484615, 0.0169528, , , , , , , , , , , , , , , , , , , , , , , , , , , , 
12.6489808, 0.0075532, , , , , , , 12.6489808, -0.0169528, , , , , , , 12.6489808, 0.0146029, , , , , , , 12.6489808, 0.0253452, , , , , , , , , , , , , , , , , , , , , , , , , , , , 
12.6495, 0.0129244, , , , , , , 12.6495, -0.0495155, , , , , , , 12.6495, -0.0031891, , , , , , , 12.6495, 0.0327306, , , , , , , , , , , , , , , , , , , , , , , , , , , , 
12.6500192, 0.0251774, , , , , , , 12.6500192, -0.0810712, , , , , , , 12.6500192, -0.0142672, , , , , , , 12.6500192, 0.0377661, , , , , , , , , , , , , , , , , , , , , , , , , , , , 
12.6505385, 0.0327306, , , , , , , 12.6505385, -0.1297475, , , , , , , 12.6505385, -0.0287022, , , , , , , 12.6505385, 0.0407874, , , , , , , , , , , , , , , , , , , , , , , , , , , , 
12.6510577, 0.0310521, , , , , , , 12.6510577, -0.1851377, , , , , , , 12.6510577, -0.0599222, , , , , , , 12.6510577, 0.0458228, , , , , , , , , , , , , , , , , , , , , , , , , , , , 
12.6515769, 0.0285344, , , , , , , 12.6515769, -0.2274357, , , , , , , 12.6515769, -0.1072557, , , , , , , 12.6515769, 0.0513619, , , , , , , , , , , , , , , , , , , , , , , , , , , , 
12.6520962, 0.0276951, , , , , , , 12.6520962, -0.2225681, , , , , , , 12.6520962, -0.1628138, , , , , , , 12.6520962, 0.0542153, , , , , , , , , , , , , , , , , , , , , , , , , , , , 
12.6526154, 0.026688, , , , , , , 12.6526154, -0.1639887, , , , , , , 12.6526154, -0.2083009, , , , , , , 12.6526154, 0.0495155, , , , , , , , , , , , , , , , , , , , , , , , , , , , 
12.6531346, 0.0253452, , , , , , , 12.6531346, -0.093492, , , , , , , 12.6531346, -0.2351568, , , , , , , 12.6531346, 0.0387732, , , , , , , , , , , , , , , , , , , , , , , , , , , , 
12.6536538, 0.0218204, , , , , , , 12.6536538, -0.047837, , , , , , , 12.6536538, -0.2489204, , , , , , , 12.6536538, 0.0287022, , , , , , , , , , , , , , , , , , , , , , , , , , , , 
12.6541731, 0.0193027, , , , , , , 12.6541731, -0.0256809, , , , , , , 12.6541731, -0.2603342, , , , , , , 12.6541731, 0.0219883, , , , , , , , , , , , , , , , , , , , , , , , , , , , 
12.6546923, 0.0201419, , , , , , , 12.6546923, -0.0135958, , , , , , , 12.6546923, -0.2784619, , , , , , , 12.6546923, 0.0193027, , , , , , , , , , , , , , , , , , , , , , , , , , , , 
12.6552115, 0.0260166, , , , , , , 12.6552115, -0.005539, , , , , , , 12.6552115, -0.2920577, , , , , , , 12.6552115, 0.0198062, , , , , , , , , , , , , , , , , , , , , , , , , , , , 
12.6557308, 0.033402, , , , , , , 12.6557308, -0.0008392, , , , , , , 12.6557308, -0.2871901, , , , , , , 12.6557308, 0.0206455, , , , , , , , , , , , , , , , , , , , , , , , , , , , 
12.65625, 0.043473, , , , , , , 12.65625, 0.0025177, , , , , , , 12.65625, -0.2458991, , , , , , , 12.65625, 0.0219883, , , , , , , , , , , , , , , , , , , , , , , , , , , , 
12.6567692, 0.0629435, , , , , , , 12.6567692, 0.008896, , , , , , , 12.6567692, -0.1683528, , , , , , , 12.6567692, 0.0243381, , , , , , , , , , , , , , , , , , , , , , , , , , , , 
12.6572885, 0.082414, , , , , , , 12.6572885, 0.0172885, , , , , , , 12.6572885, -0.0881209, , , , , , , 12.6572885, 0.0229953, , , , , , , , , , , , , , , , , , , , , , , , , , , , 
12.6578077, 0.0904707, , , , , , , 12.6578077, 0.0226596, , , , , , , 12.6578077, -0.0292058, , , , , , , 12.6578077, 0.0179599, , , , , , , , , , , , , , , , , , , , , , , , , , , , 
12.6583269, 0.0958419, , , , , , , 12.6583269, 0.0273594, , , , , , , 12.6583269, 0.0097353, , , , , , , 12.6583269, 0.0124208, , , , , , , , , , , , , , , , , , , , , , , , , , , , 
12.6588462, 0.0981918, , , , , , , 12.6588462, 0.040116, , , , , , , 12.6588462, 0.0391089, , , , , , , 12.6588462, 0.0072175, , , , , , , , , , , , , , , , , , , , , , , , , , , , 
12.6593654, 0.093492, , , , , , , 12.6593654, 0.0605936, , , , , , , 12.6593654, 0.0679789, , , , , , , 12.6593654, 0.0058747, , , , , , , , , , , , , , , , , , , , , , , , , , , , 
12.6598846, 0.0773785, , , , , , , 12.6598846, 0.0663005, , , , , , , 12.6598846, 0.0965133, , , , , , , 12.6598846, 0.0102388, , , , , , , , , , , , , , , , , , , , , , , , , , , , 
12.6604038, 0.0562295, , , , , , , 12.6604038, 0.0525368, , , , , , , 12.6604038, 0.1132982, , , , , , , 12.6604038, 0.0149386, , , , , , , , , , , , , , , , , , , , , , , , , , , , 
12.6609231, 0.0360876, , , , , , , 12.6609231, 0.0340734, , , , , , , 12.6609231, 0.1228656, , , , , , , 12.6609231, 0.0186313, , , , , , , , , , , , , , , , , , , , , , , , , , , , 
12.6614423, 0.0149386, , , , , , , 12.6614423, 0.0251774, , , , , , , 12.6614423, 0.1305867, , , , , , , 12.6614423, 0.0246738, , , , , , , , , , , , , , , , , , , , , , , , , , , , 
12.6619615, -0.0046998, , , , , , , 12.6619615, 0.0193027, , , , , , , 12.6619615, 0.1361257, , , , , , , 12.6619615, 0.0260166, , , , , , , , , , , , , , , , , , , , , , , , , , , , 
12.6624808, -0.0276951, , , , , , , 12.6624808, 0.0011749, , , , , , , 12.6624808, 0.1451896, , , , , , , 12.6624808, 0.0199741, , , , , , , , , , , , , , , , , , , , , , , , , , , , 
12.663, -0.054551, , , , , , , 12.663, -0.018967, , , , , , , 12.663, 0.1589532, , , , , , , 12.663, 0.0112459, , , , , , , , , , , , , , , , , , , , , , , , , , , , 
12.6635192, -0.0753643, , , , , , , 12.6635192, -0.0287022, , , , , , , 12.6635192, 0.170367, , , , , , , 12.6635192, 0.0058747, , , , , , , , , , , , , , , , , , , , , , , , , , , , 
12.6640385, -0.0891279, , , , , , , 12.6640385, -0.0323949, , , , , , , 12.6640385, 0.1740597, , , , , , , 12.6640385, 0.0052033, , , , , , , , , , , , , , , , , , , , , , , , , , , , 
12.6645577, -0.0961776, , , , , , , 12.6645577, -0.0330663, , , , , , , 12.6645577, 0.1671778, , , , , , , 12.6645577, 0.005539, , , , , , , , , , , , , , , , , , , , , , , , , , , , 
12.6650769, -0.0981918, , , , , , , 12.6650769, -0.03122, , , , , , , 12.6650769, 0.149218, , , , , , , 12.6650769, 0.0068818, , , , , , , , , , , , , , , , , , , , , , , , , , , , 
12.6655962, -0.0941634, , , , , , , 12.6655962, -0.0297093, , , , , , , 12.6655962, 0.1300832, , , , , , , 12.6655962, 0.0082246, , , , , , , , , , , , , , , , , , , , , , , , , , , , 
12.6661154, -0.0891279, , , , , , , 12.6661154, -0.0350805, , , , , , , 12.6661154, 0.1186694, , , , , , , 12.6661154, 0.0062104, , , , , , , , , , , , , , , , , , , , , , , , , , , , 
12.6666346, -0.0773785, , , , , , , 12.6666346, -0.0426337, , , , , , , 12.6666346, 0.1132982, , , , , , , 12.6666346, 0.0015106, , , , , , , , , , , , , , , , , , , , , , , , , , , , 
12.6671538, -0.0555581, , , , , , , 12.6671538, -0.0436408, , , , , , , 12.6671538, 0.1109483, , , , , , , 12.6671538, -0.0025177, , , , , , , , , , , , , , , , , , , , , , , , , , , , 
12.6676731, -0.0330663, , , , , , , 12.6676731, -0.043473, , , , , , , 12.6676731, 0.1042344, , , , , , , 12.6676731, -0.005539, , , , , , , , , , , , , , , , , , , , , , , , , , , , 
12.6681923, -0.0151064, , , , , , , 12.6681923, -0.0453193, , , , , , , 12.6681923, 0.0874495, , , , , , , 12.6681923, -0.0070497, , , , , , , , , , , , , , , , , , , , , , , , , , , , 
12.6687115, -0.0015106, , , , , , , 12.6687115, -0.0475013, , , , , , , 12.6687115, 0.0535439, , , , , , , 12.6687115, -0.0085603, , , , , , , , , , , , , , , , , , , , , , , , , , , , 
12.6692308, 0.0078889, , , , , , , 12.6692308, -0.0431373, , , , , , , 12.6692308, 0.0099031, , , , , , , 12.6692308, -0.0102388, , , , , , , , , , , , , , , , , , , , , , , , , , , , 
12.66975, 0.0196384, , , , , , , 12.66975, -0.0290379, , , , , , , 12.66975, -0.0317235, , , , , , , 12.66975, -0.0095674, , , , , , , , , , , , , , , , , , , , , , , , , , , , 
12.6702692, 0.0273594, , , , , , , 12.6702692, -0.0166171, , , , , , , 12.6702692, -0.070161, , , , , , , 12.6702692, -0.0052033, , , , , , , , , , , , , , , , , , , , , , , , , , , , 
12.6707885, 0.0325628, , , , , , , 12.6707885, -0.0109102, , , , , , , 12.6707885, -0.1052415, , , , , , , 12.6707885, -0.0001678, , , , , , , , , , , , , , , , , , , , , , , , , , , , 
12.6713077, 0.0332341, , , , , , , 12.6713077, -0.0095674, , , , , , , 12.6713077, -0.1349508, , , , , , , 12.6713077, 0.0031891, , , , , , , , , , , , , , , , , , , , , , , , , , , , 
12.6718269, 0.0332341, , , , , , , 12.6718269, -0.0142672, , , , , , , 12.6718269, -0.1478752, , , , , , , 12.6718269, 0.005539, , , , , , , , , , , , , , , , , , , , , , , , , , , , 
12.6723462, 0.0344091, , , , , , , 12.6723462, -0.0193027, , , , , , , 12.6723462, -0.1317617, , , , , , , 12.6723462, 0.0078889, , , , , , , , , , , , , , , , , , , , , , , , , , , , 
12.6728654, 0.0384375, , , , , , , 12.6728654, -0.0166171, , , , , , , 12.6728654, -0.0850996, , , , , , , 12.6728654, 0.0082246, , , , , , , , , , , , , , , , , , , , , , , , , , , , 
12.6733846, 0.0431373, , , , , , , 12.6733846, -0.005539, , , , , , , 12.6733846, -0.0276951, , , , , , , 12.6733846, 0.0078889, , , , , , , , , , , , , , , , , , , , , , , , , , , , 
12.6739038, 0.0454871, , , , , , , 12.6739038, 0.0011749, , , , , , , 12.6739038, 0.021149, , , , , , , 12.6739038, 0.0065461, , , , , , , , , , , , , , , , , , , , , , , , , , , , 
12.6744231, 0.0461585, , , , , , , 12.6744231, -0.0015106, , , , , , , 12.6744231, 0.0589151, , , , , , , 12.6744231, 0.0078889, , , , , , , , , , , , , , , , , , , , , , , , , , , , 
12.6749423, 0.0459907, , , , , , , 12.6749423, -0.002182, , , , , , , 12.6749423, 0.0924849, , , , , , , 12.6749423, 0.0132601, , , , , , , , , , , , , , , , , , , , , , , , , , , , 
12.6754615, 0.0459907, , , , , , , 12.6754615, 0.002182, , , , , , , 12.6754615, 0.114641, , , , , , , 12.6754615, 0.0182956, , , , , , , , , , , , , , , , , , , , , , , , , , , , 
12.6759808, 0.0527047, , , , , , , 12.6759808, 0.0097353, , , , , , , 12.6759808, 0.1139696, , , , , , , 12.6759808, 0.0152743, , , , , , , , , , , , , , , , , , , , , , , , , , , , 
12.6765, 0.0669718, , , , , , , 12.6765, 0.018967, , , , , , , 12.6765, 0.0869459, , , , , , , 12.6765, 0.0045319, , , , , , , , , , , , , , , , , , , , , , , , , , , , 
12.6770192, 0.0850996, , , , , , , 12.6770192, 0.0339055, , , , , , , 12.6770192, 0.0468299, , , , , , , 12.6770192, -0.0035248, , , , , , , , , , , , , , , , , , , , , , , , , , , , 
12.6775385, 0.0976883, , , , , , , 12.6775385, 0.057908, , , , , , , 12.6775385, 0.0045319, , , , , , , 12.6775385, -0.0062104, , , , , , , , , , , , , , , , , , , , , , , , , , , , 
12.6780577, 0.105745, , , , , , , 12.6780577, 0.079057, , , , , , , 12.6780577, -0.0354162, , , , , , , 12.6780577, -0.0058747, , , , , , , , , , , , , , , , , , , , , , , , , , , , 
12.6785769, 0.110277, , , , , , , 12.6785769, 0.0797284, , , , , , , 12.6785769, -0.0730144, , , , , , , 12.6785769, -0.0058747, , , , , , , , , , , , , , , , , , , , , , , , , , , , 
12.6790962, 0.111284, , , , , , , 12.6790962, 0.0639506, , , , , , , 12.6790962, -0.1075914, , , , , , , 12.6790962, -0.0068818, , , , , , , , , , , , , , , , , , , , , , , , , , , , 
12.6796154, 0.1082628, , , , , , , 12.6796154, 0.0555581, , , , , , , 12.6796154, -0.1364614, , , , , , , 12.6796154, -0.0065461, , , , , , , , , , , , , , , , , , , , , , , , , , , , 
12.6801346, 0.0950027, , , , , , , 12.6801346, 0.061265, , , , , , , 12.6801346, -0.1629816, , , , , , , 12.6801346, -0.0005035, , , , , , , , , , , , , , , , , , , , , , , , , , , , 
12.6806538, 0.0770428, , , , , , , 12.6806538, 0.0703288, , , , , , , 12.6806538, -0.1911803, , , , , , , 12.6806538, 0.0132601, , , , , , , , , , , , , , , , , , , , , , , , , , , , 
12.6811731, 0.0599222, , , , , , , 12.6811731, 0.0619364, , , , , , , 12.6811731, -0.2138399, , , , , , , 12.6811731, 0.0283665, , , , , , , , , , , , , , , , , , , , , , , , , , , , 
12.6816923, 0.0464942, , , , , , , 12.6816923, 0.0287022, , , , , , , 12.6816923, -0.2220645, , , , , , , 12.6816923, 0.0354162, , , , , , , , , , , , , , , , , , , , , , , , , , , , 
12.6822115, 0.0323949, , , , , , , 12.6822115, -0.0095674, , , , , , , 12.6822115, -0.2183719, , , , , , , 12.6822115, 0.0360876, , , , , , , , , , , , , , , , , , , , , , , , , , , , 
12.6827308, 0.0146029, , , , , , , 12.6827308, -0.0317235, , , , , , , 12.6827308, -0.1955444, , , , , , , 12.6827308, 0.0364233, , , , , , , , , , , , , , , , , , , , , , , , , , , , 
12.68325, -0.0045319, , , , , , , 12.68325, -0.0365911, , , , , , , 12.68325, -0.149218, , , , , , , 12.68325, 0.0374304, , , , , , , , , , , , , , , , , , , , , , , , , , , , 
12.6837692, -0.0229953, , , , , , , 12.6837692, -0.0330663, , , , , , , 12.6837692, -0.0941634, , , , , , , 12.6837692, 0.0399481, , , , , , , , , , , , , , , , , , , , , , , , , , , , 
12.6842885, -0.0360876, , , , , , , 12.6842885, -0.026688, , , , , , , 12.6842885, -0.0431373, , , , , , , 12.6842885, 0.0495155, , , , , , , , , , , , , , , , , , , , , , , , , , , , 
12.6848077, -0.0532082, , , , , , , 12.6848077, -0.0129244, , , , , , , 12.6848077, 0.0065461, , , , , , , 12.6848077, 0.0686503, , , , , , , , , , , , , , , , , , , , , , , , , , , , 
12.6853269, -0.0720073, , , , , , , 12.6853269, -0.0001678, , , , , , , 12.6853269, 0.0540475, , , , , , , 12.6853269, 0.0850996, , , , , , , , , , , , , , , , , , , , , , , , , , , , 
12.6858462, -0.0844282, , , , , , , 12.6858462, -0.0052033, , , , , , , 12.6858462, 0.0760357, , , , , , , 12.6858462, 0.0871138, , , , , , , , , , , , , , , , , , , , , , , , , , , , 
12.6863654, -0.0869459, , , , , , , 12.6863654, -0.033402, , , , , , , 12.6863654, 0.0622721, , , , , , , 12.6863654, 0.0726787, , , , , , , , , , , , , , , , , , , , , , , , , , , , 
12.6868846, -0.0740215, , , , , , , 12.6868846, -0.0552224, , , , , , , 12.6868846, 0.033402, , , , , , , 12.6868846, 0.0498512, , , , , , , , , , , , , , , , , , , , , , , , , , , , 
12.6874038, -0.0515297, , , , , , , 12.6874038, -0.0448157, , , , , , , 12.6874038, 0.0025177, , , , , , , 12.6874038, 0.023331, , , , , , , , , , , , , , , , , , , , , , , , , , , , 
12.6879231, -0.0307164, , , , , , , 12.6879231, -0.0045319, , , , , , , 12.6879231, -0.0273594, , , , , , , 12.6879231, 0.0005035, , , , , , , , , , , , , , , , , , , , , , , , , , , , 
12.6884423, -0.0171206, , , , , , , 12.6884423, 0.0428016, , , , , , , 12.6884423, -0.0431373, , , , , , , 12.6884423, -0.0119173, , , , , , , , , , , , , , , , , , , , , , , , , , , , 
12.6889615, -0.0090639, , , , , , , 12.6889615, 0.0522011, , , , , , , 12.6889615, -0.0387732, , , , , , , 12.6889615, -0.0193027, , , , , , , , , , , , , , , , , , , , , , , , , , , , 
12.6894808, -0.0068818, , , , , , , 12.6894808, -0.0038605, , , , , , , 12.6894808, -0.0218204, , , , , , , 12.6894808, -0.0258488, , , , , , , , , , , , , , , , , , , , , , , , , , , , 
12.69, -0.0077211, , , , , , , 12.69, -0.0844282, , , , , , , 12.69, -0.0048676, , , , , , , 12.69, -0.0297093, , , , , , , , , , , , , , , , , , , , , , , , , , , , 
12.6905192, -0.0048676, , , , , , , 12.6905192, -0.1438468, , , , , , , 12.6905192, 0.0085603, , , , , , , 12.6905192, -0.0287022, , , , , , , , , , , , , , , , , , , , , , , , , , , , 
12.6910385, 0.0005035, , , , , , , 12.6910385, -0.1673457, , , , , , , 12.6910385, 0.0271916, , , , , , , 12.6910385, -0.0270237, , , , , , , , , , , , , , , , , , , , , , , , , , , , 
12.6915577, 0.0072175, , , , , , , 12.6915577, -0.1519036, , , , , , , 12.6915577, 0.0522011, , , , , , , 12.6915577, -0.0270237, , , , , , , , , , , , , , , , , , , , , , , , , , , , 
12.6920769, 0.0115816, , , , , , , 12.6920769, -0.0995346, , , , , , , 12.6920769, 0.0683146, , , , , , , 12.6920769, -0.0226596, , , , , , , , , , , , , , , , , , , , , , , , , , , , 
12.6925962, 0.0119173, , , , , , , 12.6925962, -0.040116, , , , , , , 12.6925962, 0.0582437, , , , , , , 12.6925962, -0.0149386, , , , , , , , , , , , , , , , , , , , , , , , , , , , 
12.6931154, 0.011078, , , , , , , 12.6931154, -0.0204776, , , , , , , 12.6931154, 0.0428016, , , , , , , 12.6931154, -0.0082246, , , , , , , , , , , , , , , , , , , , , , , , , , , , 
12.6936346, 0.0078889, , , , , , , 12.6936346, -0.040116, , , , , , , 12.6936346, 0.0360876, , , , , , , 12.6936346, -0.003357, , , , , , , , , , , , , , , , , , , , , , , , , , , , 
12.6941538, -0.0010071, , , , , , , 12.6941538, -0.0558938, , , , , , , 12.6941538, 0.0381018, , , , , , , 12.6941538, 0.0072175, , , , , , , , , , , , , , , , , , , , , , , , , , , , 
12.6946731, -0.0119173, , , , , , , 12.6946731, -0.0475013, , , , , , , 12.6946731, 0.0575723, , , , , , , 12.6946731, 0.0340734, , , , , , , , , , , , , , , , , , , , , , , , , , , , 
12.6951923, -0.018967, , , , , , , 12.6951923, -0.0323949, , , , , , , 12.6951923, 0.0904707, , , , , , , 12.6951923, 0.0710002, , , , , , , , , , , , , , , , , , , , , , , , , , , , 
12.6957115, -0.0186313, , , , , , , 12.6957115, -0.0265202, , , , , , , 12.6957115, 0.1173266, , , , , , , 12.6957115, 0.0976883, , , , , , , , , , , , , , , , , , , , , , , , , , , , 
12.6962308, -0.0085603, , , , , , , 12.6962308, -0.0347448, , , , , , , 12.6962308, 0.1334401, , , , , , , 12.6962308, 0.1030594, , , , , , , , , , , , , , , , , , , , , , , , , , , , 
12.69675, 0.0075532, , , , , , , 12.69675, -0.0433051, , , , , , , 12.69675, 0.1431754, , , , , , , 12.69675, 0.0923171, , , , , , , , , , , , , , , , , , , , , , , , , , , , 
12.6972692, 0.0280308, , , , , , , 12.6972692, -0.0464942, , , , , , , 12.6972692, 0.1487144, , , , , , , 12.6972692, 0.0785534, , , , , , , , , , , , , , , , , , , , , , , , , , , , 
12.6977885, 0.0481727, , , , , , , 12.6977885, -0.0498512, , , , , , , 12.6977885, 0.1529107, , , , , , , 12.6977885, 0.0629435, , , , , , , , , , , , , , , , , , , , , , , , , , , , 
12.6983077, 0.0610971, , , , , , , 12.6983077, -0.0500191, , , , , , , 12.6983077, 0.1579461, , , , , , , 12.6983077, 0.0454871, , , , , , , , , , , , , , , , , , , , , , , , , , , , 
12.6988269, 0.0693217, , , , , , , 12.6988269, -0.0391089, , , , , , , 12.6988269, 0.160296, , , , , , , 12.6988269, 0.0270237, , , , , , , , , , , , , , , , , , , , , , , , , , , , 
12.6993462, 0.0728466, , , , , , , 12.6993462, -0.0256809, , , , , , , 12.6993462, 0.1555962, , , , , , , 12.6993462, 0.0097353, , , , , , , , , , , , , , , , , , , , , , , , , , , , 
12.6998654, 0.0696574, , , , , , , 12.6998654, -0.0142672, , , , , , , 12.6998654, 0.1482109, , , , , , , 12.6998654, -0.0025177, , , , , , , , , , , , , , , , , , , , , , , , , , , , 
12.7003846, 0.0575723, , , , , , , 12.7003846, -0.0041962, , , , , , , 12.7003846, 0.1388113, , , , , , , 12.7003846, -0.0092317, , , , , , , , , , , , , , , , , , , , , , , , , , , , 
12.7009038, 0.0428016, , , , , , , 12.7009038, -0.0015106, , , , , , , 12.7009038, 0.1163195, , , , , , , 12.7009038, -0.0139315, , , , , , , , , , , , , , , , , , , , , , , , , , , , 
12.7014231, 0.0320592, , , , , , , 12.7014231, -0.0031891, , , , , , , 12.7014231, 0.0703288, , , , , , , 12.7014231, -0.021149, , , , , , , , , , , , , , , , , , , , , , , , , , , , 
12.7019423, 0.0219883, , , , , , , 12.7019423, 0.0025177, , , , , , , 12.7019423, 0.0045319, , , , , , , 12.7019423, -0.0250095, , , , , , , , , , , , , , , , , , , , , , , , , , , , 
12.7024615, 0.0078889, , , , , , , 12.7024615, 0.0166171, , , , , , , 12.7024615, -0.0663005, , , , , , , 12.7024615, -0.0238346, , , , , , , , , , , , , , , , , , , , , , , , , , , , 
12.7029808, -0.0070497, , , , , , , 12.7029808, 0.0315557, , , , , , , 12.7029808, -0.1364614, , , , , , , 12.7029808, -0.0246738, , , , , , , , , , , , , , , , , , , , , , , , , , , , 
12.7035, -0.0149386, , , , , , , 12.7035, 0.0406195, , , , , , , 12.7035, -0.1895018, , , , , , , 12.7035, -0.0243381, , , , , , , , , , , , , , , , , , , , , , , , , , , , 
12.7040192, -0.0203098, , , , , , , 12.7040192, 0.0441444, , , , , , , 12.7040192, -0.2064546, , , , , , , 12.7040192, -0.0203098, , , , , , , , , , , , , , , , , , , , , , , , , , , , 
12.7045385, -0.0250095, , , , , , , 12.7045385, 0.0441444, , , , , , , 12.7045385, -0.1958801, , , , , , , 12.7045385, -0.0152743, , , , , , , , , , , , , , , , , , , , , , , , , , , , 
12.7050577, -0.0280308, , , , , , , 12.7050577, 0.0438087, , , , , , , 12.7050577, -0.1851377, , , , , , , 12.7050577, -0.0092317, , , , , , , , , , , , , , , , , , , , , , , , , , , , 
12.7055769, -0.0290379, , , , , , , 12.7055769, 0.0424659, , , , , , , 12.7055769, -0.1831235, , , , , , , 12.7055769, -0.002182, , , , , , , , , , , , , , , , , , , , , , , , , , , , 
12.7060962, -0.0297093, , , , , , , 12.7060962, 0.036759, , , , , , , 12.7060962, -0.1816129, , , , , , , 12.7060962, 0.002182, , , , , , , , , , , , , , , , , , , , , , , , , , , , 
12.7066154, -0.0276951, , , , , , , 12.7066154, 0.0280308, , , , , , , 12.7066154, -0.1707027, , , , , , , 12.7066154, 0.0025177, , , , , , , , , , , , , , , , , , , , , , , , , , , , 
12.7071346, -0.018967, , , , , , , 12.7071346, 0.0218204, , , , , , , 12.7071346, -0.1495537, , , , , , , 12.7071346, -0.0010071, , , , , , , , , , , , , , , , , , , , , , , , , , , , 
12.7076538, -0.0083925, , , , , , , 12.7076538, 0.018967, , , , , , , 12.7076538, -0.1260548, , , , , , , 12.7076538, -0.0048676, , , , , , , , , , , , , , , , , , , , , , , , , , , , 
12.7081731, -0.0058747, , , , , , , 12.7081731, 0.0151064, , , , , , , 12.7081731, -0.1030594, , , , , , , 12.7081731, -0.0068818, , , , , , , , , , , , , , , , , , , , , , , , , , , , 
12.7086923, -0.0075532, , , , , , , 12.7086923, 0.008896, , , , , , , 12.7086923, -0.082414, , , , , , , 12.7086923, -0.0085603, , , , , , , , , , , , , , , , , , , , , , , , , , , , 
12.7092115, -0.0043641, , , , , , , 12.7092115, 0.0052033, , , , , , , 12.7092115, -0.0632792, , , , , , , 12.7092115, -0.0095674, , , , , , , , , , , , , , , , , , , , , , , , , , , , 
12.7097308, -0.0048676, , , , , , , 12.7097308, 0.0062104, , , , , , , 12.7097308, -0.0424659, , , , , , , 12.7097308, -0.008896, , , , , , , , , , , , , , , , , , , , , , , , , , , , 
12.71025, -0.0095674, , , , , , , 12.71025, 0.0068818, , , , , , , 12.71025, -0.0240024, , , , , , , 12.71025, -0.011078, , , , , , , , , , , , , , , , , , , , , , , , , , , , 
12.7107692, -0.005539, , , , , , , 12.7107692, 0.012253, , , , , , , 12.7107692, -0.0166171, , , , , , , 12.7107692, -0.0135958, , , , , , , , , , , , , , , , , , , , , , , , , , , , 
12.7112885, 0.0048676, , , , , , , 12.7112885, 0.0221561, , , , , , , 12.7112885, -0.0182956, , , , , , , 12.7112885, -0.0127565, , , , , , , , , , , , , , , , , , , , , , , , , , , , 
12.7118077, 0.0078889, , , , , , , 12.7118077, 0.0253452, , , , , , , 12.7118077, -0.0283665, , , , , , , 12.7118077, -0.0112459, , , , , , , , , , , , , , , , , , , , , , , , , , , , 
12.7123269, 0.0092317, , , , , , , 12.7123269, 0.0193027, , , , , , , 12.7123269, -0.0411231, , , , , , , 12.7123269, -0.0104067, , , , , , , , , , , , , , , , , , , , , , , , , , , , 
12.7128462, 0.0179599, , , , , , , 12.7128462, 0.0117494, , , , , , , 12.7128462, -0.0505226, , , , , , , 12.7128462, -0.011078, , , , , , , , , , , , , , , , , , , , , , , , , , , , 
12.7133654, 0.0292058, , , , , , , 12.7133654, 0.0048676, , , , , , , 12.7133654, -0.0555581, , , , , , , 12.7133654, -0.0119173, , , , , , , , , , , , , , , , , , , , , , , , , , , , 
12.7138846, 0.036759, , , , , , , 12.7138846, 0.0058747, , , , , , , 12.7138846, -0.0493477, , , , , , , 12.7138846, -0.0176242, , , , , , , , , , , , , , , , , , , , , , , , , , , , 
12.7144038, 0.0381018, , , , , , , 12.7144038, 0.0166171, , , , , , , 12.7144038, -0.0344091, , , , , , , 12.7144038, -0.0250095, , , , , , , , , , , , , , , , , , , , , , , , , , , , 
12.7149231, 0.0404517, , , , , , , 12.7149231, 0.0332341, , , , , , , 12.7149231, -0.0253452, , , , , , , 12.7149231, -0.0287022, , , , , , , , , , , , , , , , , , , , , , , , , , , , 
12.7154423, 0.0498512, , , , , , , 12.7154423, 0.0459907, , , , , , , 12.7154423, -0.0223239, , , , , , , 12.7154423, -0.026688, , , , , , , , , , , , , , , , , , , , , , , , , , , , 
12.7159615, 0.0616007, , , , , , , 12.7159615, 0.0481727, , , , , , , 12.7159615, -0.0216526, , , , , , , 12.7159615, -0.0250095, , , , , , , , , , , , , , , , , , , , , , , , , , , , 
12.7164808, 0.0716716, , , , , , , 12.7164808, 0.0397803, , , , , , , 12.7164808, -0.0287022, , , , , , , 12.7164808, -0.0260166, , , , , , , , , , , , , , , , , , , , , , , , , , , , 
12.717, 0.0862745, , , , , , , 12.717, 0.0313878, , , , , , , 12.717, -0.0391089, , , , , , , 12.717, -0.0260166, , , , , , , , , , , , , , , , , , , , , , , , , , , , 
12.7175192, 0.0995346, , , , , , , 12.7175192, 0.0535439, , , , , , , 12.7175192, -0.0471656, , , , , , , 12.7175192, -0.0199741, , , , , , , , , , , , , , , , , , , , , , , , , , , , 
12.7180385, 0.1032273, , , , , , , 12.7180385, 0.0938277, , , , , , , 12.7180385, -0.0404517, , , , , , , 12.7180385, -0.0099031, , , , , , , , , , , , , , , , , , , , , , , , , , , , 
12.7185577, 0.1025559, , , , , , , 12.7185577, 0.1106126, , , , , , , 12.7185577, -0.0196384, , , , , , , 12.7185577, 0.0038605, , , , , , , , , , , , , , , , , , , , , , , , , , , , 
12.7190769, 0.1012131, , , , , , , 12.7190769, 0.0844282, , , , , , , 12.7190769, 0.0068818, , , , , , , 12.7190769, 0.0209812, , , , , , , , , , , , , , , , , , , , , , , , , , , , 
12.7195962, 0.0988632, , , , , , , 12.7195962, 0.0475013, , , , , , , 12.7195962, 0.0441444, , , , , , , 12.7195962, 0.0438087, , , , , , , , , , , , , , , , , , , , , , , , , , , , 
12.7201154, 0.0877852, , , , , , , 12.7201154, 0.0293736, , , , , , , 12.7201154, 0.0951705, , , , , , , 12.7201154, 0.0716716, , , , , , , , , , , , , , , , , , , , , , , , , , , , 
12.7206346, 0.068986, , , , , , , 12.7206346, 0.0119173, , , , , , , 12.7206346, 0.1394827, , , , , , , 12.7206346, 0.0941634, , , , , , , , , , , , , , , , , , , , , , , , , , , , 
12.7211538, 0.0522011, , , , , , , 12.7211538, -0.0250095, , , , , , , 12.7211538, 0.1656672, , , , , , , 12.7211538, 0.1018845, , , , , , , , , , , , , , , , , , , , , , , , , , , , 
12.7216731, 0.0354162, , , , , , , 12.7216731, -0.0726787, , , , , , , 12.7216731, 0.1784237, , , , , , , 12.7216731, 0.0948348, , , , , , , , , , , , , , , , , , , , , , , , , , , , 
12.7221923, 0.0229953, , , , , , , 12.7221923, -0.103563, , , , , , , 12.7221923, 0.1797665, , , , , , , 12.7221923, 0.0854353, , , , , , , , , , , , , , , , , , , , , , , , , , , , 
12.7227115, 0.0129244, , , , , , , 12.7227115, -0.1070878, , , , , , , 12.7227115, 0.1663386, , , , , , , 12.7227115, 0.0807355, , , , , , , , , , , , , , , , , , , , , , , , , , , , 
12.7232308, -0.0001678, , , , , , , 12.7232308, -0.102388, , , , , , , 12.7232308, 0.139147, , , , , , , 12.7232308, 0.0726787, , , , , , , , , , , , , , , , , , , , , , , , , , , , 
12.72375, -0.0169528, , , , , , , 12.72375, -0.1005417, , , , , , , 12.72375, 0.1032273, , , , , , , 12.72375, 0.0616007, , , , , , , , , , , , , , , , , , , , , , , , , , , , 
12.7242692, -0.0303807, , , , , , , 12.7242692, -0.0955062, , , , , , , 12.7242692, 0.0656291, , , , , , , 12.7242692, 0.0513619, , , , , , , , , , , , , , , , , , , , , , , , , , , , 
12.7247885, -0.0451514, , , , , , , 12.7247885, -0.096849, , , , , , , 12.7247885, 0.0307164, , , , , , , 12.7247885, 0.0428016, , , , , , , , , , , , , , , , , , , , , , , , , , , , 
12.7253077, -0.0626078, , , , , , , 12.7253077, -0.0985275, , , , , , , 12.7253077, -0.0025177, , , , , , , 12.7253077, 0.0370947, , , , , , , , , , , , , , , , , , , , , , , , , , , , 
12.7258269, -0.0728466, , , , , , , 12.7258269, -0.0911421, , , , , , , 12.7258269, -0.0350805, , , , , , , 12.7258269, 0.0320592, , , , , , , , , , , , , , , , , , , , , , , , , , , , 
12.7263462, -0.0748608, , , , , , , 12.7263462, -0.0844282, , , , , , , 12.7263462, -0.061265, , , , , , , 12.7263462, 0.0251774, , , , , , , , , , , , , , , , , , , , , , , , , , , , 
12.7268654, -0.0741894, , , , , , , 12.7268654, -0.0827497, , , , , , , 12.7268654, -0.0815747, , , , , , , 12.7268654, 0.0213169, , , , , , , , , , , , , , , , , , , , , , , , , , , , 
12.7273846, -0.0716716, , , , , , , 12.7273846, -0.0740215, , , , , , , 12.7273846, -0.0991989, , , , , , , 12.7273846, 0.0186313, , , , , , , , , , , , , , , , , , , , , , , , , , , , 
12.7279038, -0.0621042, , , , , , , 12.7279038, -0.0587472, , , , , , , 12.7279038, -0.1052415, , , , , , , 12.7279038, 0.0159457, , , , , , , , , , , , , , , , , , , , , , , , , , , , 
12.7284231, -0.0481727, , , , , , , 12.7284231, -0.0468299, , , , , , , 12.7284231, -0.0909743, , , , , , , 12.7284231, 0.0159457, , , , , , , , , , , , , , , , , , , , , , , , , , , , 
12.7289423, -0.0364233, , , , , , , 12.7289423, -0.0441444, , , , , , , 12.7289423, -0.0619364, , , , , , , 12.7289423, 0.0186313, , , , , , , , , , , , , , , , , , , , , , , , , , , , 
12.7294615, -0.0263523, , , , , , , 12.7294615, -0.0466621, , , , , , , 12.7294615, -0.0337377, , , , , , , 12.7294615, 0.0186313, , , , , , , , , , , , , , , , , , , , , , , , , , , , 
12.7299808, -0.0129244, , , , , , , 12.7299808, -0.0464942, , , , , , , 12.7299808, -0.0102388, , , , , , , 12.7299808, 0.014435, , , , , , , , , , , , , , , , , , , , , , , , , , , , 
12.7305, -0.0005035, , , , , , , 12.7305, -0.0350805, , , , , , , 12.7305, 0.0062104, , , , , , , 12.7305, 0.0062104, , , , , , , , , , , , , , , , , , , , , , , , , , , , 
12.7310192, 0.0065461, , , , , , , 12.7310192, -0.0104067, , , , , , , 12.7310192, 0.0159457, , , , , , , 12.7310192, -0.0030213, , , , , , , , , , , , , , , , , , , , , , , , , , , , 
12.7315385, 0.0105745, , , , , , , 12.7315385, 0.023331, , , , , , , 12.7315385, 0.026688, , , , , , , 12.7315385, -0.0085603, , , , , , , , , , , , , , , , , , , , , , , , , , , , 
12.7320577, 0.0137636, , , , , , , 12.7320577, 0.043473, , , , , , , 12.7320577, 0.036759, , , , , , , 12.7320577, -0.0095674, , , , , , , , , , , , , , , , , , , , , , , , , , , , 
12.7325769, 0.0179599, , , , , , , 12.7325769, 0.0488441, , , , , , , 12.7325769, 0.0411231, , , , , , , 12.7325769, -0.0082246, , , , , , , , , , , , , , , , , , , , , , , , , , , , 
12.7330962, 0.0253452, , , , , , , 12.7330962, 0.0532082, , , , , , , 12.7330962, 0.0381018, , , , , , , 12.7330962, -0.0075532, , , , , , , , , , , , , , , , , , , , , , , , , , , , 
12.7336154, 0.0313878, , , , , , , 12.7336154, 0.0458228, , , , , , , 12.7336154, 0.0283665, , , , , , , 12.7336154, -0.005539, , , , , , , , , , , , , , , , , , , , , , , , , , , , 
12.7341346, 0.0327306, , , , , , , 12.7341346, 0.0206455, , , , , , , 12.7341346, 0.017792, , , , , , , 12.7341346, -0.0035248, , , , , , , , , , , , , , , , , , , , , , , , , , , , 
12.7346538, 0.030045, , , , , , , 12.7346538, -0.0015106, , , , , , , 12.7346538, 0.0058747, , , , , , , 12.7346538, -0.0016785, , , , , , , , , , , , , , , , , , , , , , , , , , , , 
12.7351731, 0.0315557, , , , , , , 12.7351731, -0.0075532, , , , , , , 12.7351731, -0.0041962, , , , , , , 12.7351731, -0.0028534, , , , , , , , , , , , , , , , , , , , , , , , , , , , 
12.7356923, 0.0381018, , , , , , , 12.7356923, -0.0015106, , , , , , , 12.7356923, -0.0050355, , , , , , , 12.7356923, -0.0068818, , , , , , , , , , , , , , , , , , , , , , , , , , , , 
12.7362115, 0.0480049, , , , , , , 12.7362115, 0.0139315, , , , , , , 12.7362115, 0.0112459, , , , , , , 12.7362115, -0.0099031, , , , , , , , , , , , , , , , , , , , , , , , , , , , 
12.7367308, 0.0636149, , , , , , , 12.7367308, 0.0229953, , , , , , , 12.7367308, 0.0337377, , , , , , , 12.7367308, -0.0115816, , , , , , , , , , , , , , , , , , , , , , , , , , , , 
12.73725, 0.0775463, , , , , , , 12.73725, 0.0193027, , , , , , , 12.73725, 0.040116, , , , , , , 12.73725, -0.011078, , , , , , , , , , , , , , , , , , , , , , , , , , , , 
12.7377692, 0.0850996, , , , , , , 12.7377692, 0.0135958, , , , , , , 12.7377692, 0.0307164, , , , , , , 12.7377692, -0.0078889, , , , , , , , , , , , , , , , , , , , , , , , , , , , 
12.7382885, 0.0914778, , , , , , , 12.7382885, -0.0003357, , , , , , , 12.7382885, 0.0246738, , , , , , , 12.7382885, -0.0035248, , , , , , , , , , , , , , , , , , , , , , , , , , , , 
12.7388077, 0.0931563, , , , , , , 12.7388077, -0.0251774, , , , , , , 12.7388077, 0.0290379, , , , , , , 12.7388077, 0.0005035, , , , , , , , , , , , , , , , , , , , , , , , , , , , 
12.7393269, 0.0891279, , , , , , , 12.7393269, -0.0491798, , , , , , , 12.7393269, 0.0374304, , , , , , , 12.7393269, 0.005539, , , , , , , , , , , , , , , , , , , , , , , , , , , , 
12.7398462, 0.0817426, , , , , , , 12.7398462, -0.0619364, , , , , , , 12.7398462, 0.0381018, , , , , , , 12.7398462, 0.0099031, , , , , , , , , , , , , , , , , , , , , , , , , , , , 
12.7403654, 0.0704967, , , , , , , 12.7403654, -0.0589151, , , , , , , 12.7403654, 0.0246738, , , , , , , 12.7403654, 0.0129244, , , , , , , , , , , , , , , , , , , , , , , , , , , , 
12.7408846, 0.054551, , , , , , , 12.7408846, -0.0451514, , , , , , , 12.7408846, -0.0008392, , , , , , , 12.7408846, 0.0159457, , , , , , , , , , , , , , , , , , , , , , , , , , , , 
12.7414038, 0.0370947, , , , , , , 12.7414038, -0.0310521, , , , , , , 12.7414038, -0.0347448, , , , , , , 12.7414038, 0.0159457, , , , , , , , , , , , , , , , , , , , , , , , , , , , 
12.7419231, 0.0250095, , , , , , , 12.7419231, -0.0176242, , , , , , , 12.7419231, -0.0797284, , , , , , , 12.7419231, 0.0159457, , , , , , , , , , , , , , , , , , , , , , , , , , , , 
12.7424423, 0.0130922, , , , , , , 12.7424423, -0.0068818, , , , , , , 12.7424423, -0.139147, , , , , , , 12.7424423, 0.0176242, , , , , , , , , , , , , , , , , , , , , , , , , , , , 
12.7429615, -0.0008392, , , , , , , 12.7429615, 0.002182, , , , , , , 12.7429615, -0.1942016, , , , , , , 12.7429615, 0.0199741, , , , , , , , , , , , , , , , , , , , , , , , , , , , 
12.7434808, -0.0129244, , , , , , , 12.7434808, 0.0095674, , , , , , , 12.7434808, -0.2173648, , , , , , , 12.7434808, 0.0240024, , , , , , , , , , , , , , , , , , , , , , , , , , , , 
12.744, -0.0213169, , , , , , , 12.744, 0.0078889, , , , , , , 12.744, -0.2039368, , , , , , , 12.744, 0.0293736, , , , , , , , , , , , , , , , , , , , , , , , , , , , 
12.7445192, -0.0280308, , , , , , , 12.7445192, 0.0011749, , , , , , , 12.7445192, -0.1774166, , , , , , , 12.7445192, 0.0317235, , , , , , , , , , , , , , , , , , , , , , , , , , , , 
12.7450385, -0.0357519, , , , , , , 12.7450385, 0.0011749, , , , , , , 12.7450385, -0.1606317, , , , , , , 12.7450385, 0.0293736, , , , , , , , , , , , , , , , , , , , , , , , , , , , 
12.7455577, -0.0417945, , , , , , , 12.7455577, 0.0095674, , , , , , , 12.7455577, -0.1559319, , , , , , , 12.7455577, 0.0253452, , , , , , , , , , , , , , , , , , , , , , , , , , , , 
12.7460769, -0.0397803, , , , , , , 12.7460769, 0.0196384, , , , , , , 12.7460769, -0.1542535, , , , , , , 12.7460769, 0.0213169, , , , , , , , , , , , , , , , , , , , , , , , , , , , 
12.7465962, -0.0283665, , , , , , , 12.7465962, 0.0226596, , , , , , , 12.7465962, -0.1567712, , , , , , , 12.7465962, 0.018967, , , , , , , , , , , , , , , , , , , , , , , , , , , , 
12.7471154, -0.0157778, , , , , , , 12.7471154, 0.0184634, , , , , , , 12.7471154, -0.1498894, , , , , , , 12.7471154, 0.0186313, , , , , , , , , , , , , , , , , , , , , , , , , , , , 
12.7476346, -0.0062104, , , , , , , 12.7476346, 0.0119173, , , , , , , 12.7476346, -0.1203479, , , , , , , 12.7476346, 0.0199741, , , , , , , , , , , , , , , , , , , , , , , , , , , , 
12.7481538, 0.0005035, , , , , , , 12.7481538, 0.0095674, , , , , , , 12.7481538, -0.0683146, , , , , , , 12.7481538, 0.0213169, , , , , , , , , , , , , , , , , , , , , , , , , , , , 
12.7486731, 0.0035248, , , , , , , 12.7486731, 0.0166171, , , , , , , 12.7486731, -0.0036927, , , , , , , 12.7486731, 0.0260166, , , , , , , , , , , , , , , , , , , , , , , , , , , , 
12.7491923, 0.0011749, , , , , , , 12.7491923, 0.0307164, , , , , , , 12.7491923, 0.0538796, , , , , , , 12.7491923, 0.0287022, , , , , , , , , , , , , , , , , , , , , , , , , , , , 
12.7497115, 0.0015106, , , , , , , 12.7497115, 0.0381018, , , , , , , 12.7497115, 0.0840925, , , , , , , 12.7497115, 0.0250095, , , , , , , , , , , , , , , , , , , , , , , , , , , , 
12.7502308, 0.0078889, , , , , , , 12.7502308, 0.0327306, , , , , , , 12.7502308, 0.0941634, , , , , , , 12.7502308, 0.0146029, , , , , , , , , , , , , , , , , , , , , , , , , , , , 
12.75075, 0.0115816, , , , , , , 12.75075, 0.0186313, , , , , , , 12.75075, 0.1065843, , , , , , , 12.75075, 0.0085603, , , , , , , , , , , , , , , , , , , , , , , , , , , , 
12.7512692, 0.0132601, , , , , , , 12.7512692, 0.0062104, , , , , , , 12.7512692, 0.1206836, , , , , , , 12.7512692, 0.0097353, , , , , , , , , , , , , , , , , , , , , , , , , , , , 
12.7517885, 0.0172885, , , , , , , 12.7517885, 0.0005035, , , , , , , 12.7517885, 0.1139696, , , , , , , 12.7517885, 0.0099031, , , , , , , , , , , , , , , , , , , , , , , , , , , , 
12.7523077, 0.0169528, , , , , , , 12.7523077, -0.002182, , , , , , , 12.7523077, 0.082414, , , , , , , 12.7523077, 0.0109102, , , , , , , , , , , , , , , , , , , , , , , , , , , , 
12.7528269, 0.0162814, , , , , , , 12.7528269, -0.008896, , , , , , , 12.7528269, 0.036759, , , , , , , 12.7528269, 0.0172885, , , , , , , , , , , , , , , , , , , , , , , , , , , , 
12.7533462, 0.0157778, , , , , , , 12.7533462, -0.0149386, , , , , , , 12.7533462, -0.0095674, , , , , , , 12.7533462, 0.0218204, , , , , , , , , , , , , , , , , , , , , , , , , , , , 
12.7538654, 0.0132601, , , , , , , 12.7538654, -0.0119173, , , , , , , 12.7538654, -0.0387732, , , , , , , 12.7538654, 0.0206455, , , , , , , , , , , , , , , , , , , , , , , , , , , , 
12.7543846, 0.0149386, , , , , , , 12.7543846, -0.0045319, , , , , , , 12.7543846, -0.0414588, , , , , , , 12.7543846, 0.0174563, , , , , , , , , , , , , , , , , , , , , , , , , , , , 
12.7549038, 0.0159457, , , , , , , 12.7549038, -0.0077211, , , , , , , 12.7549038, -0.0283665, , , , , , , 12.7549038, 0.0166171, , , , , , , , , , , , , , , , , , , , , , , , , , , , 
12.7554231, 0.0149386, , , , , , , 12.7554231, -0.0238346, , , , , , , 12.7554231, -0.0095674, , , , , , , 12.7554231, 0.0182956, , , , , , , , , , , , , , , , , , , , , , , , , , , , 
12.7559423, 0.018967, , , , , , , 12.7559423, -0.0320592, , , , , , , 12.7559423, 0.0031891, , , , , , , 12.7559423, 0.0204776, , , , , , , , , , , , , , , , , , , , , , , , , , , , 
12.7564615, 0.0270237, , , , , , , 12.7564615, -0.0196384, , , , , , , 12.7564615, 0.0099031, , , , , , , 12.7564615, 0.0199741, , , , , , , , , , , , , , , , , , , , , , , , , , , , 
12.7569808, 0.035584, , , , , , , 12.7569808, 0.0011749, , , , , , , 12.7569808, 0.0139315, , , , , , , 12.7569808, 0.0159457, , , , , , , , , , , , , , , , , , , , , , , , , , , , 
12.7575, 0.0404517, , , , , , , 12.7575, 0.0119173, , , , , , , 12.7575, 0.0193027, , , , , , , 12.7575, 0.0132601, , , , , , , , , , , , , , , , , , , , , , , , , , , , 
12.7580192, 0.0404517, , , , , , , 12.7580192, 0.0095674, , , , , , , 12.7580192, 0.0243381, , , , , , , 12.7580192, 0.0095674, , , , , , , , , , , , , , , , , , , , , , , , , , , , 
12.7585385, 0.0424659, , , , , , , 12.7585385, 0.0001678, , , , , , , 12.7585385, 0.027863, , , , , , , 12.7585385, 0.005539, , , , , , , , , , , , , , , , , , , , , , , , , , , , 
12.7590577, 0.0461585, , , , , , , 12.7590577, -0.0132601, , , , , , , 12.7590577, 0.0357519, , , , , , , 12.7590577, 0.0038605, , , , , , , , , , , , , , , , , , , , , , , , , , , , 
12.7595769, 0.0428016, , , , , , , 12.7595769, -0.0256809, , , , , , , 12.7595769, 0.0518654, , , , , , , 12.7595769, 0.0065461, , , , , , , , , , , , , , , , , , , , , , , , , , , , 
12.7600962, 0.033402, , , , , , , 12.7600962, -0.0283665, , , , , , , 12.7600962, 0.0720073, , , , , , , 12.7600962, 0.0129244, , , , , , , , , , , , , , , , , , , , , , , , , , , , 
12.7606154, 0.0226596, , , , , , , 12.7606154, -0.0082246, , , , , , , 12.7606154, 0.0894636, , , , , , , 12.7606154, 0.0191348, , , , , , , , , , , , , , , , , , , , , , , , , , , , 
12.7611346, 0.0115816, , , , , , , 12.7611346, 0.0253452, , , , , , , 12.7611346, 0.1032273, , , , , , , 12.7611346, 0.023331, , , , , , , , , , , , , , , , , , , , , , , , , , , , 
12.7616538, 0.0050355, , , , , , , 12.7616538, 0.0636149, , , , , , , 12.7616538, 0.1173266, , , , , , , 12.7616538, 0.0240024, , , , , , , , , , , , , , , , , , , , , , , , , , , , 
12.7621731, 0.0036927, , , , , , , 12.7621731, 0.0991989, , , , , , , 12.7621731, 0.1373007, , , , , , , 12.7621731, 0.0209812, , , , , , , , , , , , , , , , , , , , , , , , , , , , 
12.7626923, -0.0048676, , , , , , , 12.7626923, 0.1062486, , , , , , , 12.7626923, 0.1606317, , , , , , , 12.7626923, 0.0196384, , , , , , , , , , , , , , , , , , , , , , , , , , , , 
12.7632115, -0.0219883, , , , , , , 12.7632115, 0.0736858, , , , , , , 12.7632115, 0.1710384, , , , , , , 12.7632115, 0.0182956, , , , , , , , , , , , , , , , , , , , , , , , , , , , 
12.7637308, -0.040116, , , , , , , 12.7637308, 0.0364233, , , , , , , 12.7637308, 0.1572747, , , , , , , 12.7637308, 0.01561, , , , , , , , , , , , , , , , , , , , , , , , , , , , 
12.76425, -0.0498512, , , , , , , 12.76425, 0.0229953, , , , , , , 12.76425, 0.1220264, , , , , , , 12.76425, 0.0146029, , , , , , , , , , , , , , , , , , , , , , , , , , , , 
12.7647692, -0.0528725, , , , , , , 12.7647692, 0.0263523, , , , , , , 12.7647692, 0.0856031, , , , , , , 12.7647692, 0.0139315, , , , , , , , , , , , , , , , , , , , , , , , , , , , 
12.7652885, -0.0555581, , , , , , , 12.7652885, 0.0166171, , , , , , , 12.7652885, 0.0592508, , , , , , , 12.7652885, 0.0142672, , , , , , , , , , , , , , , , , , , , , , , , , , , , 
12.7658077, -0.064622, , , , , , , 12.7658077, -0.0115816, , , , , , , 12.7658077, 0.0360876, , , , , , , 12.7658077, 0.0146029, , , , , , , , , , , , , , , , , , , , , , , , , , , , 
12.7663269, -0.061265, , , , , , , 12.7663269, -0.033402, , , , , , , 12.7663269, 0.0078889, , , , , , , 12.7663269, 0.0171206, , , , , , , , , , , , , , , , , , , , , , , , , , , , 
12.7668462, -0.0404517, , , , , , , 12.7668462, -0.0409552, , , , , , , 12.7668462, -0.0256809, , , , , , , 12.7668462, 0.0218204, , , , , , , , , , , , , , , , , , , , , , , , , , , , 
12.7673654, -0.018967, , , , , , , 12.7673654, -0.0555581, , , , , , , 12.7673654, -0.0616007, , , , , , , 12.7673654, 0.026688, , , , , , , , , , , , , , , , , , , , , , , , , , , , 
12.7678846, -0.0082246, , , , , , , 12.7678846, -0.0874495, , , , , , , 12.7678846, -0.0986954, , , , , , , 12.7678846, 0.0273594, , , , , , , , , , , , , , , , , , , , , , , , , , , , 
12.7684038, -0.0062104, , , , , , , 12.7684038, -0.1297475, , , , , , , 12.7684038, -0.1324331, , , , , , , 12.7684038, 0.0223239, , , , , , , , , , , , , , , , , , , , , , , , , , , , 
12.7689231, -0.0050355, , , , , , , 12.7689231, -0.1629816, , , , , , , 12.7689231, -0.1438468, , , , , , , 12.7689231, 0.0171206, , , , , , , , , , , , , , , , , , , , , , , , , , , , 
12.7694423, -0.0005035, , , , , , , 12.7694423, -0.1743954, , , , , , , 12.7694423, -0.1173266, , , , , , , 12.7694423, 0.0139315, , , , , , , , , , , , , , , , , , , , , , , , , , , , 
12.7699615, 0.0078889, , , , , , , 12.7699615, -0.1649958, , , , , , , 12.7699615, -0.0767071, , , , , , , 12.7699615, 0.0112459, , , , , , , , , , , , , , , , , , , , , , , , , , , , 
12.7704808, 0.0105745, , , , , , , 12.7704808, -0.1354543, , , , , , , 12.7704808, -0.0498512, , , , , , , 12.7704808, 0.008896, , , , , , , , , , , , , , , , , , , , , , , , , , , , 
12.771, 0.0077211, , , , , , , 12.771, -0.0978561, , , , , , , 12.771, -0.0384375, , , , , , , 12.771, 0.0045319, , , , , , , , , , , , , , , , , , , , , , , , , , , , 
12.7715192, 0.0025177, , , , , , , 12.7715192, -0.0721752, , , , , , , 12.7715192, -0.0313878, , , , , , , 12.7715192, -0.0011749, , , , , , , , , , , , , , , , , , , , , , , , , , , , 
12.7720385, 0.0008392, , , , , , , 12.7720385, -0.063447, , , , , , , 12.7720385, -0.024506, , , , , , , 12.7720385, -0.0025177, , , , , , , , , , , , , , , , , , , , , , , , , , , , 
12.7725577, 0.0065461, , , , , , , 12.7725577, -0.0609293, , , , , , , 12.7725577, -0.0015106, , , , , , , 12.7725577, -0.0005035, , , , , , , , , , , , , , , , , , , , , , , , , , , , 
12.7730769, 0.0193027, , , , , , , 12.7730769, -0.0471656, , , , , , , 12.7730769, 0.0548867, , , , , , , 12.7730769, 0.0015106, , , , , , , , , , , , , , , , , , , , , , , , , , , , 
12.7735962, 0.0327306, , , , , , , 12.7735962, -0.0219883, , , , , , , 12.7735962, 0.111284, , , , , , , 12.7735962, 0.0062104, , , , , , , , , , , , , , , , , , , , , , , , , , , , 
12.7741154, 0.0394446, , , , , , , 12.7741154, -0.0008392, , , , , , , 12.7741154, 0.1374685, , , , , , , 12.7741154, 0.0115816, , , , , , , , , , , , , , , , , , , , , , , , , , , , 
12.7746346, 0.0471656, , , , , , , 12.7746346, 0.0159457, , , , , , , 12.7746346, 0.1277333, , , , , , , 12.7746346, 0.0125887, , , , , , , , , , , , , , , , , , , , , , , , , , , , 
12.7751538, 0.0589151, , , , , , , 12.7751538, 0.033402, , , , , , , 12.7751538, 0.0923171, , , , , , , 12.7751538, 0.0070497, , , , , , , , , , , , , , , , , , , , , , , , , , , , 
12.7756731, 0.0683146, , , , , , , 12.7756731, 0.0614328, , , , , , , 12.7756731, 0.0463264, , , , , , , 12.7756731, -0.0025177, , , , , , , , , , , , , , , , , , , , , , , , , , , , 
12.7761923, 0.0773785, , , , , , , 12.7761923, 0.0958419, , , , , , , 12.7761923, 0.0011749, , , , , , , 12.7761923, -0.0132601, , , , , , , , , , , , , , , , , , , , , , , , , , , , 
12.7767115, 0.0924849, , , , , , , 12.7767115, 0.1193408, , , , , , , 12.7767115, -0.0448157, , , , , , , 12.7767115, -0.0226596, , , , , , , , , , , , , , , , , , , , , , , , , , , , 
12.7772308, 0.1070878, , , , , , , 12.7772308, 0.1220264, , , , , , , 12.7772308, -0.0931563, , , , , , , 12.7772308, -0.0292058, , , , , , , , , , , , , , , , , , , , , , , , , , , , 
12.77775, 0.1159838, , , , , , , 12.77775, 0.1161517, , , , , , , 12.77775, -0.1555962, , , , , , , 12.77775, -0.0305486, , , , , , , , , , , , , , , , , , , , , , , , , , , , 
12.7782692, 0.119173, , , , , , , 12.7782692, 0.1025559, , , , , , , 12.7782692, -0.2479133, , , , , , , 12.7782692, -0.0253452, , , , , , , , , , , , , , , , , , , , , , , , , , , , 
12.7787885, 0.1186694, , , , , , , 12.7787885, 0.0803998, , , , , , , 12.7787885, -0.3600366, , , , , , , 12.7787885, -0.0162814, , , , , , , , , , , , , , , , , , , , , , , , , , , , 
12.7793077, 0.1089342, , , , , , , 12.7793077, 0.0466621, , , , , , , 12.7793077, -0.4580606, , , , , , , 12.7793077, -0.0005035, , , , , , , , , , , , , , , , , , , , , , , , , , , , 
12.7798269, 0.0911421, , , , , , , 12.7798269, 0.0036927, , , , , , , 12.7798269, -0.4959945, , , , , , , 12.7798269, 0.0204776, , , , , , , , , , , , , , , , , , , , , , , , , , , , 
12.7803462, 0.072343, , , , , , , 12.7803462, -0.0201419, , , , , , , 12.7803462, -0.4500038, , , , , , , 12.7803462, 0.0468299, , , , , , , , , , , , , , , , , , , , , , , , , , , , 
12.7808654, 0.0538796, , , , , , , 12.7808654, -0.011078, , , , , , , 12.7808654, -0.3489586, , , , , , , 12.7808654, 0.0683146, , , , , , , , , , , , , , , , , , , , , , , , , , , , 
12.7813846, 0.0345769, , , , , , , 12.7813846, -0.0025177, , , , , , , 12.7813846, -0.2593271, , , , , , , 12.7813846, 0.0748608, , , , , , , , , , , , , , , , , , , , , , , , , , , , 
12.7819038, 0.0129244, , , , , , , 12.7819038, -0.0327306, , , , , , , 12.7819038, -0.2057832, , , , , , , 12.7819038, 0.0743572, , , , , , , , , , , , , , , , , , , , , , , , , , , , 
12.7824231, -0.0070497, , , , , , , 12.7824231, -0.0837568, , , , , , , 12.7824231, -0.1485466, , , , , , , 12.7824231, 0.079057, , , , , , , , , , , , , , , , , , , , , , , , , , , , 
12.7829423, -0.024506, , , , , , , 12.7829423, -0.1243763, , , , , , , 12.7829423, -0.0688182, , , , , , , 12.7829423, 0.0807355, , , , , , , , , , , , , , , , , , , , , , , , , , , , 
12.7834615, -0.0431373, , , , , , , 12.7834615, -0.1364614, , , , , , , 12.7834615, 0.0008392, , , , , , , 12.7834615, 0.0763714, , , , , , , , , , , , , , , , , , , , , , , , , , , , 
12.7839808, -0.0565652, , , , , , , 12.7839808, -0.121355, , , , , , , 12.7839808, 0.0481727, , , , , , , 12.7839808, 0.0740215, , , , , , , , , , , , , , , , , , , , , , , , , , , , 
12.7845, -0.0679789, , , , , , , 12.7845, -0.0874495, , , , , , , 12.7845, 0.0820783, , , , , , , 12.7845, 0.0673075, , , , , , , , , , , , , , , , , , , , , , , , , , , , 
12.7850192, -0.0773785, , , , , , , 12.7850192, -0.0485084, , , , , , , 12.7850192, 0.1059129, , , , , , , 12.7850192, 0.0505226, , , , , , , , , , , , , , , , , , , , , , , , , , , , 
12.7855385, -0.0844282, , , , , , , 12.7855385, -0.0162814, , , , , , , 12.7855385, 0.1198444, , , , , , , 12.7855385, 0.0327306, , , , , , , , , , , , , , , , , , , , , , , , , , , , 
12.7860577, -0.0827497, , , , , , , 12.7860577, 0.0048676, , , , , , , 12.7860577, 0.1240406, , , , , , , 12.7860577, 0.0172885, , , , , , , , , , , , , , , , , , , , , , , , , , , , 
12.7865769, -0.0713359, , , , , , , 12.7865769, 0.0219883, , , , , , , 12.7865769, 0.1240406, , , , , , , 12.7865769, 0.0025177, , , , , , , , , , , , , , , , , , , , , , , , , , , , 
12.7870962, -0.0574044, , , , , , , 12.7870962, 0.026688, , , , , , , 12.7870962, 0.1257191, , , , , , , 12.7870962, -0.0102388, , , , , , , , , , , , , , , , , , , , , , , , , , , , 
12.7876154, -0.0475013, , , , , , , 12.7876154, 0.0124208, , , , , , , 12.7876154, 0.1284047, , , , , , , 12.7876154, -0.0199741, , , , , , , , , , , , , , , , , , , , , , , , , , , , 
12.7881346, -0.0397803, , , , , , , 12.7881346, -0.011078, , , , , , , 12.7881346, 0.1310903, , , , , , , 12.7881346, -0.0261845, , , , , , , , , , , , , , , , , , , , , , , , , , , , 
12.7886538, -0.0293736, , , , , , , 12.7886538, -0.0283665, , , , , , , 12.7886538, 0.1373007, , , , , , , 12.7886538, -0.0323949, , , , , , , , , , , , , , , , , , , , , , , , , , , , 
12.7891731, -0.0198062, , , , , , , 12.7891731, -0.0354162, , , , , , , 12.7891731, 0.1416648, , , , , , , 12.7891731, -0.0384375, , , , , , , , , , , , , , , , , , , , , , , , , , , , 
12.7896923, -0.0115816, , , , , , , 12.7896923, -0.0347448, , , , , , , 12.7896923, 0.1374685, , , , , , , 12.7896923, -0.040116, , , , , , , , , , , , , , , , , , , , , , , , , , , , 
12.7902115, 0.0003357, , , , , , , 12.7902115, -0.0293736, , , , , , , 12.7902115, 0.1273976, , , , , , , 12.7902115, -0.0392767, , , , , , , , , , , , , , , , , , , , , , , , , , , , 
12.7907308, 0.0135958, , , , , , , 12.7907308, -0.0234989, , , , , , , 12.7907308, 0.1206836, , , , , , , 12.7907308, -0.0384375, , , , , , , , , , , , , , , , , , , , , , , , , , , , 
12.79125, 0.0253452, , , , , , , 12.79125, -0.0182956, , , , , , , 12.79125, 0.1149767, , , , , , , 12.79125, -0.0377661, , , , , , , , , , , , , , , , , , , , , , , , , , , , 
12.7917692, 0.0337377, , , , , , , 12.7917692, -0.0115816, , , , , , , 12.7917692, 0.1080949, , , , , , , 12.7917692, -0.0360876, , , , , , , , , , , , , , , , , , , , , , , , , , , , 
12.7922885, 0.043473, , , , , , , 12.7922885, -0.0018463, , , , , , , 12.7922885, 0.0995346, , , , , , , 12.7922885, -0.0344091, , , , , , , , , , , , , , , , , , , , , , , , , , , , 
12.7928077, 0.0451514, , , , , , , 12.7928077, 0.0099031, , , , , , , 12.7928077, 0.0892958, , , , , , , 12.7928077, -0.0332341, , , , , , , , , , , , , , , , , , , , , , , , , , , , 
12.7933269, 0.0414588, , , , , , , 12.7933269, 0.0176242, , , , , , , 12.7933269, 0.0820783, , , , , , , 12.7933269, -0.0287022, , , , , , , , , , , , , , , , , , , , , , , , , , , , 
12.7938462, 0.0360876, , , , , , , 12.7938462, 0.023331, , , , , , , 12.7938462, 0.0810712, , , , , , , 12.7938462, -0.0223239, , , , , , , , , , , , , , , , , , , , , , , , , , , , 
12.7943654, 0.0345769, , , , , , , 12.7943654, 0.0320592, , , , , , , 12.7943654, 0.0839246, , , , , , , 12.7943654, -0.014435, , , , , , , , , , , , , , , , , , , , , , , , , , , , 
12.7948846, 0.0327306, , , , , , , 12.7948846, 0.0391089, , , , , , , 12.7948846, 0.0844282, , , , , , , 12.7948846, -0.0058747, , , , , , , , , , , , , , , , , , , , , , , , , , , , 
12.7954038, 0.0290379, , , , , , , 12.7954038, 0.040116, , , , , , , 12.7954038, 0.0777142, , , , , , , 12.7954038, -0.0005035, , , , , , , , , , , , , , , , , , , , , , , , , , , , 
12.7959231, 0.0248417, , , , , , , 12.7959231, 0.0379339, , , , , , , 12.7959231, 0.0669718, , , , , , , 12.7959231, 0.0023499, , , , , , , , , , , , , , , , , , , , , , , , , , , , 
12.7964423, 0.0323949, , , , , , , 12.7964423, 0.0283665, , , , , , , 12.7964423, 0.0569009, , , , , , , 12.7964423, 0.0038605, , , , , , , , , , , , , , , , , , , , , , , , , , , , 
12.7969615, 0.0464942, , , , , , , 12.7969615, 0.017792, , , , , , , 12.7969615, 0.0515297, , , , , , , 12.7969615, 0.0075532, , , , , , , , , , , , , , , , , , , , , , , , , , , , 
12.7974808, 0.0562295, , , , , , , 12.7974808, 0.0169528, , , , , , , 12.7974808, 0.0508583, , , , , , , 12.7974808, 0.0120851, , , , , , , , , , , , , , , , , , , , , , , , , , , , 
12.798, 0.0595865, , , , , , , 12.798, 0.0193027, , , , , , , 12.798, 0.0480049, , , , , , , 12.798, 0.018967, , , , , , , , , , , , , , , , , , , , , , , , , , , , 
12.7985192, 0.0602579, , , , , , , 12.7985192, 0.0077211, , , , , , , 12.7985192, 0.0384375, , , , , , , 12.7985192, 0.030045, , , , , , , , , , , , , , , , , , , , , , , , , , , , 
12.7990385, 0.0582437, , , , , , , 12.7990385, -0.0169528, , , , , , , 12.7990385, 0.0213169, , , , , , , 12.7990385, 0.0381018, , , , , , , , , , , , , , , , , , , , , , , , , , , , 
12.7995577, 0.0562295, , , , , , , 12.7995577, -0.0424659, , , , , , , 12.7995577, 0.005539, , , , , , , 12.7995577, 0.0357519, , , , , , , , , , , , , , , , , , , , , , , , , , , , 
12.8000769, 0.0506905, , , , , , , 12.8000769, -0.0592508, , , , , , , 12.8000769, -0.0038605, , , , , , , 12.8000769, 0.027863, , , , , , , , , , , , , , , , , , , , , , , , , , , , 
12.8005962, 0.0387732, , , , , , , 12.8005962, -0.0609293, , , , , , , 12.8005962, -0.0095674, , , , , , , 12.8005962, 0.0260166, , , , , , , , , , , , , , , , , , , , , , , , , , , , 
12.8011154, 0.0261845, , , , , , , 12.8011154, -0.04448, , , , , , , 12.8011154, -0.0196384, , , , , , , 12.8011154, 0.0273594, , , , , , , , , , , , , , , , , , , , , , , , , , , , 
12.8016346, 0.0172885, , , , , , , 12.8016346, -0.0229953, , , , , , , 12.8016346, -0.0307164, , , , , , , 12.8016346, 0.0253452, , , , , , , , , , , , , , , , , , , , , , , , , , , , 
12.8021538, 0.0065461, , , , , , , 12.8021538, -0.0135958, , , , , , , 12.8021538, -0.0243381, , , , , , , 12.8021538, 0.0199741, , , , , , , , , , , , , , , , , , , , , , , , , , , , 
12.8026731, -0.0095674, , , , , , , 12.8026731, -0.0109102, , , , , , , 12.8026731, 0.0005035, , , , , , , 12.8026731, 0.0142672, , , , , , , , , , , , , , , , , , , , , , , , , , , , 
12.8031923, -0.0243381, , , , , , , 12.8031923, -0.0068818, , , , , , , 12.8031923, 0.0248417, , , , , , , 12.8031923, 0.0095674, , , , , , , , , , , , , , , , , , , , , , , , , , , , 
12.8037115, -0.0350805, , , , , , , 12.8037115, -0.0005035, , , , , , , 12.8037115, 0.0505226, , , , , , , 12.8037115, 0.0090639, , , , , , , , , , , , , , , , , , , , , , , , , , , , 
12.8042308, -0.043473, , , , , , , 12.8042308, 0.008896, , , , , , , 12.8042308, 0.0849317, , , , , , , 12.8042308, 0.0099031, , , , , , , , , , , , , , , , , , , , , , , , , , , , 
12.80475, -0.0508583, , , , , , , 12.80475, 0.0186313, , , , , , , 12.80475, 0.1173266, , , , , , , 12.80475, 0.0092317, , , , , , , , , , , , , , , , , , , , , , , , , , , , 
12.8052692, -0.0552224, , , , , , , 12.8052692, 0.0193027, , , , , , , 12.8052692, 0.1455253, , , , , , , 12.8052692, 0.0078889, , , , , , , , , , , , , , , , , , , , , , , , , , , , 
12.8057885, -0.0547189, , , , , , , 12.8057885, 0.0139315, , , , , , , 12.8057885, 0.1663386, , , , , , , 12.8057885, 0.0070497, , , , , , , , , , , , , , , , , , , , , , , , , , , , 
12.8063077, -0.0485084, , , , , , , 12.8063077, 0.0104067, , , , , , , 12.8063077, 0.173724, , , , , , , 12.8063077, 0.0065461, , , , , , , , , , , , , , , , , , , , , , , , , , , , 
12.8068269, -0.0347448, , , , , , , 12.8068269, 0.0135958, , , , , , , 12.8068269, 0.1700313, , , , , , , 12.8068269, 0.005539, , , , , , , , , , , , , , , , , , , , , , , , , , , , 
12.8073462, -0.0172885, , , , , , , 12.8073462, 0.0196384, , , , , , , 12.8073462, 0.1542535, , , , , , , 12.8073462, 0.0060426, , , , , , , , , , , , , , , , , , , , , , , , , , , , 
12.8078654, -0.002182, , , , , , , 12.8078654, 0.0224918, , , , , , , 12.8078654, 0.1210193, , , , , , , 12.8078654, 0.0075532, , , , , , , , , , , , , , , , , , , , , , , , , , , , 
12.8083846, 0.0072175, , , , , , , 12.8083846, 0.0240024, , , , , , , 12.8083846, 0.0649577, , , , , , , 12.8083846, 0.0078889, , , , , , , , , , , , , , , , , , , , , , , , , , , , 
12.8089038, 0.0120851, , , , , , , 12.8089038, 0.0253452, , , , , , , 12.8089038, -0.0132601, , , , , , , 12.8089038, 0.0072175, , , , , , , , , , , , , , , , , , , , , , , , , , , , 
12.8094231, 0.0169528, , , , , , , 12.8094231, 0.0250095, , , , , , , 12.8094231, -0.1045701, , , , , , , 12.8094231, 0.0058747, , , , , , , , , , , , , , , , , , , , , , , , , , , , 
12.8099423, 0.0238346, , , , , , , 12.8099423, 0.0216526, , , , , , , 12.8099423, -0.1952087, , , , , , , 12.8099423, 0.0036927, , , , , , , , , , , , , , , , , , , , , , , , , , , , 
12.8104615, 0.0320592, , , , , , , 12.8104615, 0.0172885, , , , , , , 12.8104615, -0.272755, , , , , , , 12.8104615, 0.0015106, , , , , , , , , , , , , , , , , , , , , , , , , , , , 
12.8109808, 0.0374304, , , , , , , 12.8109808, 0.0119173, , , , , , , 12.8109808, -0.3304952, , , , , , , 12.8109808, -0.0015106, , , , , , , , , , , , , , , , , , , , , , , , , , , , 
12.8115, 0.0409552, , , , , , , 12.8115, 0.0068818, , , , , , , 12.8115, -0.3657435, , , , , , , 12.8115, -0.003357, , , , , , , , , , , , , , , , , , , , , , , , , , , , 
12.8120192, 0.0441444, , , , , , , 12.8120192, 0.0058747, , , , , , , 12.8120192, -0.3842069, , , , , , , 12.8120192, 0.0041962, , , , , , , , , , , , , , , , , , , , , , , , , , , , 
12.8125385, 0.0421302, , , , , , , 12.8125385, 0.0112459, , , , , , , 12.8125385, -0.3889067, , , , , , , 12.8125385, 0.0179599, , , , , , , , , , , , , , , , , , , , , , , , , , , , 
12.8130577, 0.0374304, , , , , , , 12.8130577, 0.0194705, , , , , , , 12.8130577, -0.3727932, , , , , , , 12.8130577, 0.0293736, , , , , , , , , , , , , , , , , , , , , , , , , , , , 
12.8135769, 0.0377661, , , , , , , 12.8135769, 0.0206455, , , , , , , 12.8135769, -0.3323415, , , , , , , 12.8135769, 0.0359197, , , , , , , , , , , , , , , , , , , , , , , , , , , , 
12.8140962, 0.0406195, , , , , , , 12.8140962, 0.0139315, , , , , , , 12.8140962, -0.2774548, , , , , , , 12.8140962, 0.0397803, , , , , , , , , , , , , , , , , , , , , , , , , , , , 
12.8146154, 0.0428016, , , , , , , 12.8146154, 0.0077211, , , , , , , 12.8146154, -0.2227359, , , , , , , 12.8146154, 0.0406195, , , , , , , , , , , , , , , , , , , , , , , , , , , , 
12.8151346, 0.0407874, , , , , , , 12.8151346, 0.0041962, , , , , , , 12.8151346, -0.1607996, , , , , , , 12.8151346, 0.0387732, , , , , , , , , , , , , , , , , , , , , , , , , , , , 
12.8156538, 0.0397803, , , , , , , 12.8156538, 0.0075532, , , , , , , 12.8156538, -0.085771, , , , , , , 12.8156538, 0.0347448, , , , , , , , , , , , , , , , , , , , , , , , , , , , 
12.8161731, 0.0475013, , , , , , , 12.8161731, 0.0193027, , , , , , , 12.8161731, -0.0182956, , , , , , , 12.8161731, 0.023331, , , , , , , , , , , , , , , , , , , , , , , , , , , , 
12.8166923, 0.0605936, , , , , , , 12.8166923, 0.0270237, , , , , , , 12.8166923, 0.0248417, , , , , , , 12.8166923, 0.0090639, , , , , , , , , , , , , , , , , , , , , , , , , , , , 
12.8172115, 0.0708324, , , , , , , 12.8172115, 0.0293736, , , , , , , 12.8172115, 0.0495155, , , , , , , 12.8172115, 0.0025177, , , , , , , , , , , , , , , , , , , , , , , , , , , , 
12.8177308, 0.0750286, , , , , , , 12.8177308, 0.040116, , , , , , , 12.8177308, 0.068986, , , , , , , 12.8177308, 0.0058747, , , , , , , , , , , , , , , , , , , , , , , , , , , , 
12.81825, 0.0748608, , , , , , , 12.81825, 0.0370947, , , , , , , 12.81825, 0.0814069, , , , , , , 12.81825, 0.0142672, , , , , , , , , , , , , , , , , , , , , , , , , , , , 
12.8187692, 0.0720073, , , , , , , 12.8187692, 0.0018463, , , , , , , 12.8187692, 0.0736858, , , , , , , 12.8187692, 0.026688, , , , , , , , , , , , , , , , , , , , , , , , , , , , 
12.8192885, 0.0676432, , , , , , , 12.8192885, -0.0303807, , , , , , , 12.8192885, 0.0320592, , , , , , , 12.8192885, 0.036759, , , , , , , , , , , , , , , , , , , , , , , , , , , , 
12.8198077, 0.0569009, , , , , , , 12.8198077, -0.0260166, , , , , , , 12.8198077, -0.0206455, , , , , , , 12.8198077, 0.0414588, , , , , , , , , , , , , , , , , , , , , , , , , , , , 
12.8203269, 0.0488441, , , , , , , 12.8203269, -0.0045319, , , , , , , 12.8203269, -0.0522011, , , , , , , 12.8203269, 0.0495155, , , , , , , , , , , , , , , , , , , , , , , , , , , , 
12.8208462, 0.0417945, , , , , , , 12.8208462, 0.0078889, , , , , , , 12.8208462, -0.0639506, , , , , , , 12.8208462, 0.054551, , , , , , , , , , , , , , , , , , , , , , , , , , , , 
12.8213654, 0.0303807, , , , , , , 12.8213654, 0.0058747, , , , , , , 12.8213654, -0.0656291, , , , , , , 12.8213654, 0.047837, , , , , , , , , , , , , , , , , , , , , , , , , , , , 
12.8218846, 0.0203098, , , , , , , 12.8218846, 0.0036927, , , , , , , 12.8218846, -0.0580758, , , , , , , 12.8218846, 0.0360876, , , , , , , , , , , , , , , , , , , , , , , , , , , , 
12.8224038, 0.0099031, , , , , , , 12.8224038, 0.0031891, , , , , , , 12.8224038, -0.042298, , , , , , , 12.8224038, 0.026688, , , , , , , , , , , , , , , , , , , , , , , , , , , , 
12.8229231, -0.0062104, , , , , , , 12.8229231, -0.005539, , , , , , , 12.8229231, -0.0327306, , , , , , , 12.8229231, 0.0219883, , , , , , , , , , , , , , , , , , , , , , , , , , , , 
12.8234423, -0.0216526, , , , , , , 12.8234423, -0.0275273, , , , , , , 12.8234423, -0.03122, , , , , , , 12.8234423, 0.0152743, , , , , , , , , , , , , , , , , , , , , , , , , , , , 
12.8239615, -0.0347448, , , , , , , 12.8239615, -0.0585794, , , , , , , 12.8239615, -0.030045, , , , , , , 12.8239615, 0.0058747, , , , , , , , , , , , , , , , , , , , , , , , , , , , 
12.8244808, -0.0458228, , , , , , , 12.8244808, -0.0874495, , , , , , , 12.8244808, -0.0270237, , , , , , , 12.8244808, 0.0023499, , , , , , , , , , , , , , , , , , , , , , , , , , , , 
12.825, -0.0565652, , , , , , , 12.825, -0.1173266, , , , , , , 12.825, -0.0135958, , , , , , , 12.825, 0.0057069, , , , , , , , , , , , , , , , , , , , , , , , , , , , 
12.8255192, -0.068986, , , , , , , 12.8255192, -0.1467002, , , , , , , 12.8255192, 0.012253, , , , , , , 12.8255192, 0.010071, , , , , , , , , , , , , , , , , , , , , , , , , , , , 
12.8260385, -0.0787213, , , , , , , 12.8260385, -0.1613031, , , , , , , 12.8260385, 0.0454871, , , , , , , 12.8260385, 0.0146029, , , , , , , , , , , , , , , , , , , , , , , , , , , , 
12.8265577, -0.0783856, , , , , , , 12.8265577, -0.1579461, , , , , , , 12.8265577, 0.0679789, , , , , , , 12.8265577, 0.0151064, , , , , , , , , , , , , , , , , , , , , , , , , , , , 
12.8270769, -0.0696574, , , , , , , 12.8270769, -0.1519036, , , , , , , 12.8270769, 0.0720073, , , , , , , 12.8270769, 0.0105745, , , , , , , , , , , , , , , , , , , , , , , , , , , , 
12.8275962, -0.0609293, , , , , , , 12.8275962, -0.1451896, , , , , , , 12.8275962, 0.0673075, , , , , , , 12.8275962, 0.0072175, , , , , , , , , , , , , , , , , , , , , , , , , , , , 
12.8281154, -0.0555581, , , , , , , 12.8281154, -0.1230335, , , , , , , 12.8281154, 0.0619364, , , , , , , 12.8281154, 0.0063783, , , , , , , , , , , , , , , , , , , , , , , , , , , , 
12.8286346, -0.0493477, , , , , , , 12.8286346, -0.0762036, , , , , , , 12.8286346, 0.0565652, , , , , , , 12.8286346, 0.0041962, , , , , , , , , , , , , , , , , , , , , , , , , , , , 
12.8291538, -0.0372625, , , , , , , 12.8291538, 0.0025177, , , , , , , 12.8291538, 0.049012, , , , , , , 12.8291538, 0.0006714, , , , , , , , , , , , , , , , , , , , , , , , , , , , 
12.8296731, -0.0250095, , , , , , , 12.8296731, 0.0649577, , , , , , , 12.8296731, 0.0394446, , , , , , , 12.8296731, -0.0008392, , , , , , , , , , , , , , , , , , , , , , , , , , , , 
12.8301923, -0.0182956, , , , , , , 12.8301923, 0.0704967, , , , , , , 12.8301923, 0.0280308, , , , , , , 12.8301923, 0.0038605, , , , , , , , , , , , , , , , , , , , , , , , , , , , 
12.8307115, -0.0152743, , , , , , , 12.8307115, 0.0451514, , , , , , , 12.8307115, 0.0181277, , , , , , , 12.8307115, 0.0132601, , , , , , , , , , , , , , , , , , , , , , , , , , , , 
12.8312308, -0.012253, , , , , , , 12.8312308, 0.0199741, , , , , , , 12.8312308, 0.023331, , , , , , , 12.8312308, 0.0219883, , , , , , , , , , , , , , , , , , , , , , , , , , , , 
12.83175, -0.0035248, , , , , , , 12.83175, 0.005539, , , , , , , 12.83175, 0.0498512, , , , , , , 12.83175, 0.0260166, , , , , , , , , , , , , , , , , , , , , , , , , , , , 
12.8322692, 0.0077211, , , , , , , 12.8322692, -0.0048676, , , , , , , 12.8322692, 0.0840925, , , , , , , 12.8322692, 0.0226596, , , , , , , , , , , , , , , , , , , , , , , , , , , , 
12.8327885, 0.0139315, , , , , , , 12.8327885, -0.0099031, , , , , , , 12.8327885, 0.1143053, , , , , , , 12.8327885, 0.0166171, , , , , , , , , , , , , , , , , , , , , , , , , , , , 
12.8333077, 0.011078, , , , , , , 12.8333077, -0.008896, , , , , , , 12.8333077, 0.1374685, , , , , , , 12.8333077, 0.0105745, , , , , , , , , , , , , , , , , , , , , , , , , , , , 
12.8338269, 0.01561, , , , , , , 12.8338269, 0.0016785, , , , , , , 12.8338269, 0.1554284, , , , , , , 12.8338269, 0.0045319, , , , , , , , , , , , , , , , , , , , , , , , , , , , 
12.8343462, 0.0280308, , , , , , , 12.8343462, 0.0253452, , , , , , , 12.8343462, 0.16701, , , , , , , 12.8343462, -0.0011749, , , , , , , , , , , , , , , , , , , , , , , , , , , , 
12.8348654, 0.0384375, , , , , , , 12.8348654, 0.0540475, , , , , , , 12.8348654, 0.1686885, , , , , , , 12.8348654, -0.0075532, , , , , , , , , , , , , , , , , , , , , , , , , , , , 
12.8353846, 0.0446479, , , , , , , 12.8353846, 0.0663005, , , , , , , 12.8353846, 0.1616388, , , , , , , 12.8353846, -0.0129244, , , , , , , , , , , , , , , , , , , , , , , , , , , , 
12.8359038, 0.0553902, , , , , , , 12.8359038, 0.0448157, , , , , , , 12.8359038, 0.1495537, , , , , , , 12.8359038, -0.0162814, , , , , , , , , , , , , , , , , , , , , , , , , , , , 
12.8364231, 0.0706645, , , , , , , 12.8364231, -0.0129244, , , , , , , 12.8364231, 0.1300832, , , , , , , 12.8364231, -0.0171206, , , , , , , , , , , , , , , , , , , , , , , , , , , , 
12.8369423, 0.0800641, , , , , , , 12.8369423, -0.0736858, , , , , , , 12.8369423, 0.1012131, , , , , , , 12.8369423, -0.0176242, , , , , , , , , , , , , , , , , , , , , , , , , , , , 
12.8374615, 0.0847639, , , , , , , 12.8374615, -0.1000381, , , , , , , 12.8374615, 0.0676432, , , , , , , 12.8374615, -0.0172885, , , , , , , , , , , , , , , , , , , , , , , , , , , , 
12.8379808, 0.0887922, , , , , , , 12.8379808, -0.090135, , , , , , , 12.8379808, 0.0320592, , , , , , , 12.8379808, -0.0166171, , , , , , , , , , , , , , , , , , , , , , , , , , , , 
12.8385, 0.0938277, , , , , , , 12.8385, -0.0614328, , , , , , , 12.8385, 0.0005035, , , , , , , 12.8385, -0.0151064, , , , , , , , , , , , , , , , , , , , , , , , , , , , 
12.8390192, 0.0916457, , , , , , , 12.8390192, -0.0320592, , , , , , , 12.8390192, -0.018967, , , , , , , 12.8390192, -0.0099031, , , , , , , , , , , , , , , , , , , , , , , , , , , , 
12.8395385, 0.082414, , , , , , , 12.8395385, -0.0028534, , , , , , , 12.8395385, -0.0256809, , , , , , , 12.8395385, -0.0015106, , , , , , , , , , , , , , , , , , , , , , , , , , , , 
12.8400577, 0.0706645, , , , , , , 12.8400577, 0.0146029, , , , , , , 12.8400577, -0.0347448, , , , , , , 12.8400577, 0.0109102, , , , , , , , , , , , , , , , , , , , , , , , , , , , 
12.8405769, 0.0562295, , , , , , , 12.8405769, 0.0099031, , , , , , , 12.8405769, -0.054551, , , , , , , 12.8405769, 0.0293736, , , , , , , , , , , , , , , , , , , , , , , , , , , , 
12.8410962, 0.0407874, , , , , , , 12.8410962, -0.0008392, , , , , , , 12.8410962, -0.0703288, , , , , , , 12.8410962, 0.0485084, , , , , , , , , , , , , , , , , , , , , , , , , , , , 
12.8416154, 0.027863, , , , , , , 12.8416154, -0.0016785, , , , , , , 12.8416154, -0.0679789, , , , , , , 12.8416154, 0.0589151, , , , , , , , , , , , , , , , , , , , , , , , , , , , 
12.8421346, 0.0139315, , , , , , , 12.8421346, 0.0072175, , , , , , , 12.8421346, -0.0649577, , , , , , , 12.8421346, 0.0605936, , , , , , , , , , , , , , , , , , , , , , , , , , , , 
12.8426538, -0.0041962, , , , , , , 12.8426538, 0.0166171, , , , , , , 12.8426538, -0.0814069, , , , , , , 12.8426538, 0.0585794, , , , , , , , , , , , , , , , , , , , , , , , , , , , 
12.8431731, -0.0172885, , , , , , , 12.8431731, 0.0305486, , , , , , , 12.8431731, -0.1049058, , , , , , , 12.8431731, 0.0582437, , , , , , , , , , , , , , , , , , , , , , , , , , , , 
12.8436923, -0.0263523, , , , , , , 12.8436923, 0.0426337, , , , , , , 12.8436923, -0.119173, , , , , , , 12.8436923, 0.0532082, , , , , , , , , , , , , , , , , , , , , , , , , , , , 
12.8442115, -0.0323949, , , , , , , 12.8442115, 0.0439765, , , , , , , 12.8442115, -0.1263905, , , , , , , 12.8442115, 0.0436408, , , , , , , , , , , , , , , , , , , , , , , , , , , , 
12.8447308, -0.0377661, , , , , , , 12.8447308, 0.0327306, , , , , , , 12.8447308, -0.1297475, , , , , , , 12.8447308, 0.0360876, , , , , , , , , , , , , , , , , , , , , , , , , , , , 
12.84525, -0.0458228, , , , , , , 12.84525, 0.0179599, , , , , , , 12.84525, -0.1319295, , , , , , , 12.84525, 0.0317235, , , , , , , , , , , , , , , , , , , , , , , , , , , , 
12.8457692, -0.054551, , , , , , , 12.8457692, 0.0063783, , , , , , , 12.8457692, -0.1341115, , , , , , , 12.8457692, 0.0280308, , , , , , , , , , , , , , , , , , , , , , , , , , , , 
12.8462885, -0.0506905, , , , , , , 12.8462885, 0.0011749, , , , , , , 12.8462885, -0.1317617, , , , , , , 12.8462885, 0.0203098, , , , , , , , , , , , , , , , , , , , , , , , , , , , 
12.8468077, -0.0411231, , , , , , , 12.8468077, 0.0015106, , , , , , , 12.8468077, -0.1196765, , , , , , , 12.8468077, 0.0139315, , , , , , , , , , , , , , , , , , , , , , , , , , , , 
12.8473269, -0.0307164, , , , , , , 12.8473269, -0.0015106, , , , , , , 12.8473269, -0.0914778, , , , , , , 12.8473269, 0.0085603, , , , , , , , , , , , , , , , , , , , , , , , , , , , 
12.8478462, -0.0199741, , , , , , , 12.8478462, -0.0112459, , , , , , , 12.8478462, -0.0485084, , , , , , , 12.8478462, 0.0031891, , , , , , , , , , , , , , , , , , , , , , , , , , , , 
12.8483654, -0.0112459, , , , , , , 12.8483654, -0.01561, , , , , , , 12.8483654, -0.0005035, , , , , , , 12.8483654, -0.0023499, , , , , , , , , , , , , , , , , , , , , , , , , , , , 
12.8488846, -0.0031891, , , , , , , 12.8488846, -0.0062104, , , , , , , 12.8488846, 0.0411231, , , , , , , 12.8488846, -0.0050355, , , , , , , , , , , , , , , , , , , , , , , , , , , , 
12.8494038, 0.0031891, , , , , , , 12.8494038, 0.0065461, , , , , , , 12.8494038, 0.0693217, , , , , , , 12.8494038, -0.0065461, , , , , , , , , , , , , , , , , , , , , , , , , , , , 
12.8499231, 0.0125887, , , , , , , 12.8499231, 0.0219883, , , , , , , 12.8499231, 0.0803998, , , , , , , 12.8499231, -0.0083925, , , , , , , , , , , , , , , , , , , , , , , , , , , , 
12.8504423, 0.023331, , , , , , , 12.8504423, 0.0404517, , , , , , , 12.8504423, 0.0770428, , , , , , , 12.8504423, -0.0132601, , , , , , , , , , , , , , , , , , , , , , , , , , , , 
12.8509615, 0.0347448, , , , , , , 12.8509615, 0.0495155, , , , , , , 12.8509615, 0.0622721, , , , , , , 12.8509615, -0.0159457, , , , , , , , , , , , , , , , , , , , , , , , , , , , 
12.8514808, 0.0441444, , , , , , , 12.8514808, 0.0441444, , , , , , , 12.8514808, 0.0360876, , , , , , , 12.8514808, -0.0172885, , , , , , , , , , , , , , , , , , , , , , , , , , , , 
12.852, 0.0518654, , , , , , , 12.852, 0.0414588, , , , , , , 12.852, 0.0097353, , , , , , , 12.852, -0.0152743, , , , , , , , , , , , , , , , , , , , , , , , , , , , 
12.8525192, 0.0533761, , , , , , , 12.8525192, 0.0441444, , , , , , , 12.8525192, -0.014435, , , , , , , 12.8525192, -0.0142672, , , , , , , , , , , , , , , , , , , , , , , , , , , , 
12.8530385, 0.0520333, , , , , , , 12.8530385, 0.0381018, , , , , , , 12.8530385, -0.043473, , , , , , , 12.8530385, -0.0135958, , , , , , , , , , , , , , , , , , , , , , , , , , , , 
12.8535577, 0.0491798, , , , , , , 12.8535577, 0.0246738, , , , , , , 12.8535577, -0.0810712, , , , , , , 12.8535577, -0.012253, , , , , , , , , , , , , , , , , , , , , , , , , , , , 
12.8540769, 0.0459907, , , , , , , 12.8540769, 0.0105745, , , , , , , 12.8540769, -0.1173266, , , , , , , 12.8540769, -0.0075532, , , , , , , , , , , , , , , , , , , , , , , , , , , , 
12.8545962, 0.0402838, , , , , , , 12.8545962, -0.0016785, , , , , , , 12.8545962, -0.1310903, , , , , , , 12.8545962, 0.0008392, , , , , , , , , , , , , , , , , , , , , , , , , , , , 
12.8551154, 0.0360876, , , , , , , 12.8551154, -0.0105745, , , , , , , 12.8551154, -0.1156481, , , , , , , 12.8551154, 0.0115816, , , , , , , , , , , , , , , , , , , , , , , , , , , , 
12.8556346, 0.0349126, , , , , , , 12.8556346, -0.0186313, , , , , , , 12.8556346, -0.0938277, , , , , , , 12.8556346, 0.0226596, , , , , , , , , , , , , , , , , , , , , , , , , , , , 
12.8561538, 0.036759, , , , , , , 12.8561538, -0.0223239, , , , , , , 12.8561538, -0.0830854, , , , , , , 12.8561538, 0.0323949, , , , , , , , , , , , , , , , , , , , , , , , , , , , 
12.8566731, 0.0480049, , , , , , , 12.8566731, -0.0130922, , , , , , , 12.8566731, -0.0780499, , , , , , , 12.8566731, 0.04448, , , , , , , , , , , , , , , , , , , , , , , , , , , , 
12.8571923, 0.0642863, , , , , , , 12.8571923, 0.002182, , , , , , , 12.8571923, -0.064622, , , , , , , 12.8571923, 0.0555581, , , , , , , , , , , , , , , , , , , , , , , , , , , , 
12.8577115, 0.0730144, , , , , , , 12.8577115, 0.0099031, , , , , , , 12.8577115, -0.0417945, , , , , , , 12.8577115, 0.0605936, , , , , , , , , , , , , , , , , , , , , , , , , , , , 
12.8582308, 0.0728466, , , , , , , 12.8582308, -0.002182, , , , , , , 12.8582308, -0.0142672, , , , , , , 12.8582308, 0.0555581, , , , , , , , , , , , , , , , , , , , , , , , , , , , 
12.85875, 0.064622, , , , , , , 12.85875, -0.0276951, , , , , , , 12.85875, 0.0137636, , , , , , , 12.85875, 0.0471656, , , , , , , , , , , , , , , , , , , , , , , , , , , , 
12.8592692, 0.0542153, , , , , , , 12.8592692, -0.0485084, , , , , , , 12.8592692, 0.0374304, , , , , , , 12.8592692, 0.0387732, , , , , , , , , , , , , , , , , , , , , , , , , , , , 
12.8597885, 0.0461585, , , , , , , 12.8597885, -0.054551, , , , , , , 12.8597885, 0.0555581, , , , , , , 12.8597885, 0.0270237, , , , , , , , , , , , , , , , , , , , , , , , , , , , 
12.8603077, 0.0320592, , , , , , , 12.8603077, -0.0493477, , , , , , , 12.8603077, 0.068986, , , , , , , 12.8603077, 0.0172885, , , , , , , , , , , , , , , , , , , , , , , , , , , , 
12.8608269, 0.0169528, , , , , , , 12.8608269, -0.036759, , , , , , , 12.8608269, 0.0837568, , , , , , , 12.8608269, 0.0125887, , , , , , , , , , , , , , , , , , , , , , , , , , , , 
12.8613462, 0.0025177, , , , , , , 12.8613462, -0.0171206, , , , , , , 12.8613462, 0.1005417, , , , , , , 12.8613462, 0.0075532, , , , , , , , , , , , , , , , , , , , , , , , , , , , 
12.8618654, -0.0099031, , , , , , , 12.8618654, -0.008896, , , , , , , 12.8618654, 0.1153124, , , , , , , 12.8618654, 0.0023499, , , , , , , , , , , , , , , , , , , , , , , , , , , , 
12.8623846, -0.0196384, , , , , , , 12.8623846, -0.0290379, , , , , , , 12.8623846, 0.1289082, , , , , , , 12.8623846, 0.002182, , , , , , , , , , , , , , , , , , , , , , , , , , , , 
12.8629038, -0.0292058, , , , , , , 12.8629038, -0.0555581, , , , , , , 12.8629038, 0.1468681, , , , , , , 12.8629038, 0.002182, , , , , , , , , , , , , , , , , , , , , , , , , , , , 
12.8634231, -0.0411231, , , , , , , 12.8634231, -0.0616007, , , , , , , 12.8634231, 0.1623102, , , , , , , 12.8634231, 0.0025177, , , , , , , , , , , , , , , , , , , , , , , , , , , , 
12.8639423, -0.0501869, , , , , , , 12.8639423, -0.0607614, , , , , , , 12.8639423, 0.173724, , , , , , , 12.8639423, 0.0052033, , , , , , , , , , , , , , , , , , , , , , , , , , , , 
12.8644615, -0.0575723, , , , , , , 12.8644615, -0.0780499, , , , , , , 12.8644615, 0.1837949, , , , , , , 12.8644615, 0.0072175, , , , , , , , , , , , , , , , , , , , , , , , , , , , 
12.8649808, -0.0622721, , , , , , , 12.8649808, -0.1062486, , , , , , , 12.8649808, 0.1854734, , , , , , , 12.8649808, 0.0085603, , , , , , , , , , , , , , , , , , , , , , , , , , , , 
12.8655, -0.0639506, , , , , , , 12.8655, -0.1169909, , , , , , , 12.8655, 0.1735561, , , , , , , 12.8655, 0.0085603, , , , , , , , , , , , , , , , , , , , , , , , , , , , 
12.8660192, -0.0605936, , , , , , , 12.8660192, -0.0975204, , , , , , , 12.8660192, 0.156939, , , , , , , 12.8660192, 0.0035248, , , , , , , , , , , , , , , , , , , , , , , , , , , , 
12.8665385, -0.0500191, , , , , , , 12.8665385, -0.057908, , , , , , , 12.8665385, 0.139147, , , , , , , 12.8665385, -0.0052033, , , , , , , , , , , , , , , , , , , , , , , , , , , , 
12.8670577, -0.0330663, , , , , , , 12.8670577, -0.0176242, , , , , , , 12.8670577, 0.1131304, , , , , , , 12.8670577, -0.0124208, , , , , , , , , , , , , , , , , , , , , , , , , , , , 
12.8675769, -0.0176242, , , , , , , 12.8675769, 0.0109102, , , , , , , 12.8675769, 0.0757, , , , , , , 12.8675769, -0.01561, , , , , , , , , , , , , , , , , , , , , , , , , , , , 
12.8680962, -0.0065461, , , , , , , 12.8680962, 0.0219883, , , , , , , 12.8680962, 0.026688, , , , , , , 12.8680962, -0.0151064, , , , , , , , , , , , , , , , , , , , , , , , , , , , 
12.8686154, 0.0011749, , , , , , , 12.8686154, 0.0204776, , , , , , , 12.8686154, -0.0303807, , , , , , , 12.8686154, -0.0146029, , , , , , , , , , , , , , , , , , , , , , , , , , , , 
12.8691346, 0.0078889, , , , , , , 12.8691346, 0.0179599, , , , , , , 12.8691346, -0.1008774, , , , , , , 12.8691346, -0.0166171, , , , , , , , , , , , , , , , , , , , , , , , , , , , 
12.8696538, 0.0112459, , , , , , , 12.8696538, 0.0186313, , , , , , , 12.8696538, -0.1824521, , , , , , , 12.8696538, -0.0176242, , , , , , , , , , , , , , , , , , , , , , , , , , , , 
12.8701731, 0.0166171, , , , , , , 12.8701731, 0.0203098, , , , , , , 12.8701731, -0.2581521, , , , , , , 12.8701731, -0.01561, , , , , , , , , , , , , , , , , , , , , , , , , , , , 
12.8706923, 0.0276951, , , , , , , 12.8706923, 0.0209812, , , , , , , 12.8706923, -0.3081712, , , , , , , 12.8706923, -0.0130922, , , , , , , , , , , , , , , , , , , , , , , , , , , , 
12.8712115, 0.0360876, , , , , , , 12.8712115, 0.0182956, , , , , , , 12.8712115, -0.3274739, , , , , , , 12.8712115, -0.0099031, , , , , , , , , , , , , , , , , , , , , , , , , , , , 
12.8717308, 0.0417945, , , , , , , 12.8717308, 0.026688, , , , , , , 12.8717308, -0.3210956, , , , , , , 12.8717308, -0.0109102, , , , , , , , , , , , , , , , , , , , , , , , , , , , 
12.87225, 0.0429694, , , , , , , 12.87225, 0.0428016, , , , , , , 12.87225, -0.2908827, , , , , , , 12.87225, -0.0135958, , , , , , , , , , , , , , , , , , , , , , , , , , , , 
12.8727692, 0.0411231, , , , , , , 12.8727692, 0.0548867, , , , , , , 12.8727692, -0.2472419, , , , , , , 12.8727692, -0.0119173, , , , , , , , , , , , , , , , , , , , , , , , , , , , 
12.8732885, 0.043473, , , , , , , 12.8732885, 0.0686503, , , , , , , 12.8732885, -0.2046082, , , , , , , 12.8732885, -0.005539, , , , , , , , , , , , , , , , , , , , , , , , , , , , 
12.8738077, 0.0424659, , , , , , , 12.8738077, 0.0817426, , , , , , , 12.8738077, -0.1754025, , , , , , , 12.8738077, 0.0052033, , , , , , , , , , , , , , , , , , , , , , , , , , , , 
12.8743269, 0.0417945, , , , , , , 12.8743269, 0.0864424, , , , , , , 12.8743269, -0.1519036, , , , , , , 12.8743269, 0.0172885, , , , , , , , , , , , , , , , , , , , , , , , , , , , 
12.8748462, 0.0448157, , , , , , , 12.8748462, 0.0733501, , , , , , , 12.8748462, -0.1190051, , , , , , , 12.8748462, 0.0287022, , , , , , , , , , , , , , , , , , , , , , , , , , , , 
12.8753654, 0.047837, , , , , , , 12.8753654, 0.0332341, , , , , , , 12.8753654, -0.0773785, , , , , , , 12.8753654, 0.0360876, , , , , , , , , , , , , , , , , , , , , , , , , , , , 
12.8758846, 0.0481727, , , , , , , 12.8758846, -0.0199741, , , , , , , 12.8758846, -0.0381018, , , , , , , 12.8758846, 0.0374304, , , , , , , , , , , , , , , , , , , , , , , , , , , , 
12.8764038, 0.0575723, , , , , , , 12.8764038, -0.0585794, , , , , , , 12.8764038, -0.002182, , , , , , , 12.8764038, 0.0327306, , , , , , , , , , , , , , , , , , , , , , , , , , , , 
12.8769231, 0.0694896, , , , , , , 12.8769231, -0.0716716, , , , , , , 12.8769231, 0.0305486, , , , , , , 12.8769231, 0.0260166, , , , , , , , , , , , , , , , , , , , , , , , , , , , 
12.8774423, 0.076875, , , , , , , 12.8774423, -0.0664683, , , , , , , 12.8774423, 0.0454871, , , , , , , 12.8774423, 0.0164492, , , , , , , , , , , , , , , , , , , , , , , , , , , , 
12.8779615, 0.0837568, , , , , , , 12.8779615, -0.051194, , , , , , , 12.8779615, 0.0451514, , , , , , , 12.8779615, 0.0068818, , , , , , , , , , , , , , , , , , , , , , , , , , , , 
12.8784808, 0.0867781, , , , , , , 12.8784808, -0.030045, , , , , , , 12.8784808, 0.0532082, , , , , , , 12.8784808, 0.0063783, , , , , , , , , , , , , , , , , , , , , , , , , , , , 
12.879, 0.0837568, , , , , , , 12.879, -0.0135958, , , , , , , 12.879, 0.0887922, , , , , , , 12.879, 0.0172885, , , , , , , , , , , , , , , , , , , , , , , , , , , , 
12.8795192, 0.0809033, , , , , , , 12.8795192, -0.0068818, , , , , , , 12.8795192, 0.1359579, , , , , , , 12.8795192, 0.030045, , , , , , , , , , , , , , , , , , , , , , , , , , , , 
12.8800385, 0.0733501, , , , , , , 12.8800385, -0.0043641, , , , , , , 12.8800385, 0.160296, , , , , , , 12.8800385, 0.0347448, , , , , , , , , , , , , , , , , , , , , , , , , , , , 
12.8805577, 0.057908, , , , , , , 12.8805577, 0.0003357, , , , , , , 12.8805577, 0.1616388, , , , , , , 12.8805577, 0.0303807, , , , , , , , , , , , , , , , , , , , , , , , , , , , 
12.8810769, 0.0421302, , , , , , , 12.8810769, 0.0010071, , , , , , , 12.8810769, 0.1656672, , , , , , , 12.8810769, 0.0280308, , , , , , , , , , , , , , , , , , , , , , , , , , , , 
12.8815962, 0.0265202, , , , , , , 12.8815962, -0.0095674, , , , , , , 12.8815962, 0.1817807, , , , , , , 12.8815962, 0.0313878, , , , , , , , , , , , , , , , , , , , , , , , , , , , 
12.8821154, 0.0092317, , , , , , , 12.8821154, -0.0193027, , , , , , , 12.8821154, 0.1962158, , , , , , , 12.8821154, 0.0344091, , , , , , , , , , , , , , , , , , , , , , , , , , , , 
12.8826346, -0.0115816, , , , , , , 12.8826346, -0.0104067, , , , , , , 12.8826346, 0.1983978, , , , , , , 12.8826346, 0.0325628, , , , , , , , , , , , , , , , , , , , , , , , , , , , 
12.8831538, -0.0344091, , , , , , , 12.8831538, 0.0246738, , , , , , , 12.8831538, 0.1858091, , , , , , , 12.8831538, 0.0287022, , , , , , , , , , , , , , , , , , , , , , , , , , , , 
12.8836731, -0.0525368, , , , , , , 12.8836731, 0.0681468, , , , , , , 12.8836731, 0.1455253, , , , , , , 12.8836731, 0.0231632, , , , , , , , , , , , , , , , , , , , , , , , , , , , 
12.8841923, -0.0619364, , , , , , , 12.8841923, 0.0956741, , , , , , , 12.8841923, 0.0777142, , , , , , , 12.8841923, 0.0172885, , , , , , , , , , , , , , , , , , , , , , , , , , , , 
12.8847115, -0.0673075, , , , , , , 12.8847115, 0.1017166, , , , , , , 12.8847115, 0.0001678, , , , , , , 12.8847115, 0.0172885, , , , , , , , , , , , , , , , , , , , , , , , , , , , 
12.8852308, -0.0746929, , , , , , , 12.8852308, 0.0891279, , , , , , , 12.8852308, -0.0710002, , , , , , , 12.8852308, 0.0179599, , , , , , , , , , , , , , , , , , , , , , , , , , , , 
12.88575, -0.0800641, , , , , , , 12.88575, 0.0703288, , , , , , , 12.88575, -0.1267262, , , , , , , 12.88575, 0.0172885, , , , , , , , , , , , , , , , , , , , , , , , , , , , 
12.8862692, -0.0746929, , , , , , , 12.8862692, 0.0688182, , , , , , , 12.8862692, -0.1717098, , , , , , , 12.8862692, 0.0176242, , , , , , , , , , , , , , , , , , , , , , , , , , , , 
12.8867885, -0.0609293, , , , , , , 12.8867885, 0.0674754, , , , , , , 12.8867885, -0.212665, , , , , , , 12.8867885, 0.01561, , , , , , , , , , , , , , , , , , , , , , , , , , , , 
12.8873077, -0.0505226, , , , , , , 12.8873077, 0.0453193, , , , , , , 12.8873077, -0.252781, , , , , , , 12.8873077, 0.0105745, , , , , , , , , , , , , , , , , , , , , , , , , , , , 
12.8878269, -0.0374304, , , , , , , 12.8878269, 0.0196384, , , , , , , 12.8878269, -0.2841688, , , , , , , 12.8878269, 0.0078889, , , , , , , , , , , , , , , , , , , , , , , , , , , , 
12.8883462, -0.0231632, , , , , , , 12.8883462, 0.0011749, , , , , , , 12.8883462, -0.2848402, , , , , , , 12.8883462, 0.0095674, , , , , , , , , , , , , , , , , , , , , , , , , , , , 
12.8888654, -0.0109102, , , , , , , 12.8888654, -0.0270237, , , , , , , 12.8888654, -0.2586557, , , , , , , 12.8888654, 0.0109102, , , , , , , , , , , , , , , , , , , , , , , , , , , , 
12.8893846, -0.0015106, , , , , , , 12.8893846, -0.0736858, , , , , , , 12.8893846, -0.2244144, , , , , , , 12.8893846, 0.0115816, , , , , , , , , , , , , , , , , , , , , , , , , , , , 
12.8899038, 0.0058747, , , , , , , 12.8899038, -0.128069, , , , , , , 12.8899038, -0.173724, , , , , , , 12.8899038, 0.0112459, , , , , , , , , , , , , , , , , , , , , , , , , , , , 
12.8904231, 0.0139315, , , , , , , 12.8904231, -0.1562676, , , , , , , 12.8904231, -0.10692, , , , , , , 12.8904231, 0.0119173, , , , , , , , , , , , , , , , , , , , , , , , , , , , 
12.8909423, 0.0162814, , , , , , , 12.8909423, -0.1515679, , , , , , , 12.8909423, -0.0515297, , , , , , , 12.8909423, 0.0112459, , , , , , , , , , , , , , , , , , , , , , , , , , , , 
12.8914615, 0.0157778, , , , , , , 12.8914615, -0.1373007, , , , , , , 12.8914615, -0.0182956, , , , , , , 12.8914615, 0.0075532, , , , , , , , , , , , , , , , , , , , , , , , , , , , 
12.8919808, 0.0172885, , , , , , , 12.8919808, -0.1252155, , , , , , , 12.8919808, 0.0095674, , , , , , , 12.8919808, 0.0006714, , , , , , , , , , , , , , , , , , , , , , , , , , , , 
12.8925, 0.0209812, , , , , , , 12.8925, -0.1136339, , , , , , , 12.8925, 0.0394446, , , , , , , 12.8925, -0.002182, , , , , , , , , , , , , , , , , , , , , , , , , , , , 
12.8930192, 0.0223239, , , , , , , 12.8930192, -0.1015488, , , , , , , 12.8930192, 0.0636149, , , , , , , 12.8930192, -0.0008392, , , , , , , , , , , , , , , , , , , , , , , , , , , , 
12.8935385, 0.023331, , , , , , , 12.8935385, -0.0914778, , , , , , , 12.8935385, 0.0814069, , , , , , , 12.8935385, -0.0011749, , , , , , , , , , , , , , , , , , , , , , , , , , , , 
12.8940577, 0.0276951, , , , , , , 12.8940577, -0.0834211, , , , , , , 12.8940577, 0.1052415, , , , , , , 12.8940577, 0.0005035, , , , , , , , , , , , , , , , , , , , , , , , , , , , 
12.8945769, 0.0303807, , , , , , , 12.8945769, -0.0815747, , , , , , , 12.8945769, 0.1320974, , , , , , , 12.8945769, 0.0065461, , , , , , , , , , , , , , , , , , , , , , , , , , , , 
12.8950962, 0.0263523, , , , , , , 12.8950962, -0.0807355, , , , , , , 12.8950962, 0.1539178, , , , , , , 12.8950962, 0.0164492, , , , , , , , , , , , , , , , , , , , , , , , , , , , 
12.8956154, 0.0209812, , , , , , , 12.8956154, -0.0679789, , , , , , , 12.8956154, 0.1654994, , , , , , , 12.8956154, 0.0298772, , , , , , , , , , , , , , , , , , , , , , , , , , , , 
12.8961346, 0.0256809, , , , , , , 12.8961346, -0.0466621, , , , , , , 12.8961346, 0.160296, , , , , , , 12.8961346, 0.0417945, , , , , , , , , , , , , , , , , , , , , , , , , , , , 
12.8966538, 0.0357519, , , , , , , 12.8966538, -0.0292058, , , , , , , 12.8966538, 0.145861, , , , , , , 12.8966538, 0.0486763, , , , , , , , , , , , , , , , , , , , , , , , , , , , 
12.8971731, 0.0454871, , , , , , , 12.8971731, -0.0203098, , , , , , , 12.8971731, 0.1334401, , , , , , , 12.8971731, 0.0481727, , , , , , , , , , , , , , , , , , , , , , , , , , , , 
12.8976923, 0.0542153, , , , , , , 12.8976923, -0.0132601, , , , , , , 12.8976923, 0.124712, , , , , , , 12.8976923, 0.043473, , , , , , , , , , , , , , , , , , , , , , , , , , , , 
12.8982115, 0.0595865, , , , , , , 12.8982115, -0.0035248, , , , , , , 12.8982115, 0.1173266, , , , , , , 12.8982115, 0.0340734, , , , , , , , , , , , , , , , , , , , , , , , , , , , 
12.8987308, 0.0652934, , , , , , , 12.8987308, 0.0048676, , , , , , , 12.8987308, 0.109102, , , , , , , 12.8987308, 0.023331, , , , , , , , , , , , , , , , , , , , , , , , , , , , 
12.89925, 0.0683146, , , , , , , 12.89925, 0.0075532, , , , , , , 12.89925, 0.0965133, , , , , , , 12.89925, 0.0135958, , , , , , , , , , , , , , , , , , , , , , , , , , , , 
12.8997692, 0.0656291, , , , , , , 12.8997692, 0.0105745, , , , , , , 12.8997692, 0.0830854, , , , , , , 12.8997692, 0.0095674, , , , , , , , , , , , , , , , , , , , , , , , , , , , 
12.9002885, 0.0619364, , , , , , , 12.9002885, 0.017792, , , , , , , 12.9002885, 0.0656291, , , , , , , 12.9002885, 0.0075532, , , , , , , , , , , , , , , , , , , , , , , , , , , , 
12.9008077, 0.0528725, , , , , , , 12.9008077, 0.0263523, , , , , , , 12.9008077, 0.040116, , , , , , , 12.9008077, 0.002182, , , , , , , , , , , , , , , , , , , , , , , , , , , , 
12.9013269, 0.040116, , , , , , , 12.9013269, 0.0370947, , , , , , , 12.9013269, 0.01561, , , , , , , 12.9013269, -0.0050355, , , , , , , , , , , , , , , , , , , , , , , , , , , , 
12.9018462, 0.0290379, , , , , , , 12.9018462, 0.0454871, , , , , , , 12.9018462, 0.0043641, , , , , , , 12.9018462, -0.0068818, , , , , , , , , , , , , , , , , , , , , , , , , , , , 
12.9023654, 0.0166171, , , , , , , 12.9023654, 0.0535439, , , , , , , 12.9023654, 0.0057069, , , , , , , 12.9023654, -0.002182, , , , , , , , , , , , , , , , , , , , , , , , , , , , 
12.9028846, 0.0018463, , , , , , , 12.9028846, 0.0733501, , , , , , , 12.9028846, -0.005539, , , , , , , 12.9028846, 0.0031891, , , , , , , , , , , , , , , , , , , , , , , , , , , , 
12.9034038, -0.0109102, , , , , , , 12.9034038, 0.0938277, , , , , , , 12.9034038, -0.0429694, , , , , , , 12.9034038, 0.0031891, , , , , , , , , , , , , , , , , , , , , , , , , , , , 
12.9039231, -0.0219883, , , , , , , 12.9039231, 0.0941634, , , , , , , 12.9039231, -0.0955062, , , , , , , 12.9039231, 0.0025177, , , , , , , , , , , , , , , , , , , , , , , , , , , , 
12.9044423, -0.0303807, , , , , , , 12.9044423, 0.0817426, , , , , , , 12.9044423, -0.1373007, , , , , , , 12.9044423, 0.0018463, , , , , , , , , , , , , , , , , , , , , , , , , , , , 
12.9049615, -0.036759, , , , , , , 12.9049615, 0.0802319, , , , , , , 12.9049615, -0.149218, , , , , , , 12.9049615, 0.0025177, , , , , , , , , , , , , , , , , , , , , , , , , , , , 
12.9054808, -0.0411231, , , , , , , 12.9054808, 0.0951705, , , , , , , 12.9054808, -0.1411612, , , , , , , 12.9054808, 0.0058747, , , , , , , , , , , , , , , , , , , , , , , , , , , , 
12.906, -0.0394446, , , , , , , 12.906, 0.1018845, , , , , , , 12.906, -0.1260548, , , , , , , 12.906, 0.0102388, , , , , , , , , , , , , , , , , , , , , , , , , , , , 
12.9065192, -0.0323949, , , , , , , 12.9065192, 0.0817426, , , , , , , 12.9065192, -0.1015488, , , , , , , 12.9065192, 0.012253, , , , , , , , , , , , , , , , , , , , , , , , , , , , 
12.9070385, -0.0203098, , , , , , , 12.9070385, 0.0411231, , , , , , , 12.9070385, -0.0726787, , , , , , , 12.9070385, 0.0151064, , , , , , , , , , , , , , , , , , , , , , , , , , , , 
12.9075577, -0.0092317, , , , , , , 12.9075577, -0.0045319, , , , , , , 12.9075577, -0.0506905, , , , , , , 12.9075577, 0.0240024, , , , , , , , , , , , , , , , , , , , , , , , , , , , 
12.9080769, -0.0028534, , , , , , , 12.9080769, -0.0448157, , , , , , , 12.9080769, -0.0387732, , , , , , , 12.9080769, 0.0404517, , , , , , , , , , , , , , , , , , , , , , , , , , , , 
12.9085962, 0.0006714, , , , , , , 12.9085962, -0.0931563, , , , , , , 12.9085962, -0.0290379, , , , , , , 12.9085962, 0.0616007, , , , , , , , , , , , , , , , , , , , , , , , , , , , 
12.9091154, 0.0008392, , , , , , , 12.9091154, -0.1529107, , , , , , , 12.9091154, -0.008896, , , , , , , 12.9091154, 0.0710002, , , , , , , , , , , , , , , , , , , , , , , , , , , , 
12.9096346, -0.0013428, , , , , , , 12.9096346, -0.1842985, , , , , , , 12.9096346, 0.01561, , , , , , , 12.9096346, 0.0686503, , , , , , , , , , , , , , , , , , , , , , , , , , , , 
12.9101538, -0.0030213, , , , , , , 12.9101538, -0.1572747, , , , , , , 12.9101538, 0.0428016, , , , , , , 12.9101538, 0.0656291, , , , , , , , , , , , , , , , , , , , , , , , , , , , 
12.9106731, -0.002182, , , , , , , 12.9106731, -0.093492, , , , , , , 12.9106731, 0.0693217, , , , , , , 12.9106731, 0.0641184, , , , , , , , , , , , , , , , , , , , , , , , , , , , 
12.9111923, 0.0052033, , , , , , , 12.9111923, -0.0176242, , , , , , , 12.9111923, 0.0877852, , , , , , , 12.9111923, 0.0553902, , , , , , , , , , , , , , , , , , , , , , , , , , , , 
12.9117115, 0.0097353, , , , , , , 12.9117115, 0.0428016, , , , , , , 12.9117115, 0.0944991, , , , , , , 12.9117115, 0.0387732, , , , , , , , , , , , , , , , , , , , , , , , , , , , 
12.9122308, 0.0085603, , , , , , , 12.9122308, 0.0575723, , , , , , , 12.9122308, 0.0951705, , , , , , , 12.9122308, 0.0256809, , , , , , , , , , , , , , , , , , , , , , , , , , , , 
12.91275, 0.005539, , , , , , , 12.91275, 0.0394446, , , , , , , 12.91275, 0.0931563, , , , , , , 12.91275, 0.0171206, , , , , , , , , , , , , , , , , , , , , , , , , , , , 
12.9132692, 0.0082246, , , , , , , 12.9132692, 0.0193027, , , , , , , 12.9132692, 0.0884565, , , , , , , 12.9132692, 0.0102388, , , , , , , , , , , , , , , , , , , , , , , , , , , , 
12.9137885, 0.0146029, , , , , , , 12.9137885, 0.0062104, , , , , , , 12.9137885, 0.082414, , , , , , , 12.9137885, 0.0036927, , , , , , , , , , , , , , , , , , , , , , , , , , , , 
12.9143077, 0.01561, , , , , , , 12.9143077, 0.0005035, , , , , , , 12.9143077, 0.072343, , , , , , , 12.9143077, -0.0028534, , , , , , , , , , , , , , , , , , , , , , , , , , , , 
12.9148269, 0.0146029, , , , , , , 12.9148269, -0.0041962, , , , , , , 12.9148269, 0.0562295, , , , , , , 12.9148269, -0.0041962, , , , , , , , , , , , , , , , , , , , , , , , , , , , 
12.9153462, 0.01561, , , , , , , 12.9153462, -0.0083925, , , , , , , 12.9153462, 0.0347448, , , , , , , 12.9153462, -0.0028534, , , , , , , , , , , , , , , , , , , , , , , , , , , , 
12.9158654, 0.0229953, , , , , , , 12.9158654, -0.0119173, , , , , , , 12.9158654, -0.0001678, , , , , , , 12.9158654, -0.0068818, , , , , , , , , , , , , , , , , , , , , , , , , , , , 
12.9163846, 0.0370947, , , , , , , 12.9163846, -0.0060426, , , , , , , 12.9163846, -0.0438087, , , , , , , 12.9163846, -0.0135958, , , , , , , , , , , , , , , , , , , , , , , , , , , , 
12.9169038, 0.0533761, , , , , , , 12.9169038, 0.0132601, , , , , , , 12.9169038, -0.0867781, , , , , , , 12.9169038, -0.0184634, , , , , , , , , , , , , , , , , , , , , , , , , , , , 
12.9174231, 0.066804, , , , , , , 12.9174231, 0.0313878, , , , , , , 12.9174231, -0.1238727, , , , , , , 12.9174231, -0.0223239, , , , , , , , , , , , , , , , , , , , , , , , , , , , 
12.9179423, 0.0757, , , , , , , 12.9179423, 0.0298772, , , , , , , 12.9179423, -0.1508965, , , , , , , 12.9179423, -0.0256809, , , , , , , , , , , , , , , , , , , , , , , , , , , , 
12.9184615, 0.0819104, , , , , , , 12.9184615, 0.0142672, , , , , , , 12.9184615, -0.1643244, , , , , , , 12.9184615, -0.0263523, , , , , , , , , , , , , , , , , , , , , , , , , , , , 
12.9189808, 0.0844282, , , , , , , 12.9189808, 0.0028534, , , , , , , 12.9189808, -0.1626459, , , , , , , 12.9189808, -0.0218204, , , , , , , , , , , , , , , , , , , , , , , , , , , , 
12.9195, 0.0783856, , , , , , , 12.9195, -0.0083925, , , , , , , 12.9195, -0.1505608, , , , , , , 12.9195, -0.0193027, , , , , , , , , , , , , , , , , , , , , , , , , , , , 
12.9200192, 0.0676432, , , , , , , 12.9200192, -0.0206455, , , , , , , 12.9200192, -0.1371328, , , , , , , 12.9200192, -0.0198062, , , , , , , , , , , , , , , , , , , , , , , , , , , , 
12.9205385, 0.0560616, , , , , , , 12.9205385, -0.0256809, , , , , , , 12.9205385, -0.1203479, , , , , , , 12.9205385, -0.0203098, , , , , , , , , , , , , , , , , , , , , , , , , , , , 
12.9210577, 0.0461585, , , , , , , 12.9210577, -0.0169528, , , , , , , 12.9210577, -0.0983597, , , , , , , 12.9210577, -0.0199741, , , , , , , , , , , , , , , , , , , , , , , , , , , , 
12.9215769, 0.0377661, , , , , , , 12.9215769, -0.0038605, , , , , , , 12.9215769, -0.0814069, , , , , , , 12.9215769, -0.0209812, , , , , , , , , , , , , , , , , , , , , , , , , , , , 
12.9220962, 0.0243381, , , , , , , 12.9220962, 0.0005035, , , , , , , 12.9220962, -0.0763714, , , , , , , 12.9220962, -0.0223239, , , , , , , , , , , , , , , , , , , , , , , , , , , , 
12.9226154, 0.0105745, , , , , , , 12.9226154, -0.0063783, , , , , , , 12.9226154, -0.0743572, , , , , , , 12.9226154, -0.0216526, , , , , , , , , , , , , , , , , , , , , , , , , , , , 
12.9231346, 0.0035248, , , , , , , 12.9231346, -0.0130922, , , , , , , 12.9231346, -0.0679789, , , , , , , 12.9231346, -0.0169528, , , , , , , , , , , , , , , , , , , , , , , , , , , , 
12.9236538, -0.0005035, , , , , , , 12.9236538, -0.0065461, , , , , , , 12.9236538, -0.0498512, , , , , , , 12.9236538, -0.0090639, , , , , , , , , , , , , , , , , , , , , , , , , , , , 
12.9241731, -0.0075532, , , , , , , 12.9241731, 0.0105745, , , , , , , 12.9241731, -0.0293736, , , , , , , 12.9241731, -0.0005035, , , , , , , , , , , , , , , , , , , , , , , , , , , , 
12.9246923, -0.0176242, , , , , , , 12.9246923, 0.0194705, , , , , , , 12.9246923, -0.0179599, , , , , , , 12.9246923, 0.0072175, , , , , , , , , , , , , , , , , , , , , , , , , , , , 
12.9252115, -0.0250095, , , , , , , 12.9252115, 0.0154421, , , , , , , 12.9252115, -0.012253, , , , , , , 12.9252115, 0.0127565, , , , , , , , , , , , , , , , , , , , , , , , , , , , 
12.9257308, -0.0243381, , , , , , , 12.9257308, 0.0025177, , , , , , , 12.9257308, -0.0052033, , , , , , , 12.9257308, 0.0164492, , , , , , , , , , , , , , , , , , , , , , , , , , , , 
12.92625, -0.0159457, , , , , , , 12.92625, -0.0176242, , , , , , , 12.92625, 0.0078889, , , , , , , 12.92625, 0.0164492, , , , , , , , , , , , , , , , , , , , , , , , , , , , 
12.9267692, -0.0023499, , , , , , , 12.9267692, -0.0357519, , , , , , , 12.9267692, 0.026688, , , , , , , 12.9267692, 0.01561, , , , , , , , , , , , , , , , , , , , , , , , , , , , 
12.9272885, 0.0085603, , , , , , , 12.9272885, -0.0411231, , , , , , , 12.9272885, 0.0407874, , , , , , , 12.9272885, 0.0149386, , , , , , , , , , , , , , , , , , , , , , , , , , , , 
12.9278077, 0.0035248, , , , , , , 12.9278077, -0.0387732, , , , , , , 12.9278077, 0.0438087, , , , , , , 12.9278077, 0.0149386, , , , , , , , , , , , , , , , , , , , , , , , , , , , 
12.9283269, -0.0075532, , , , , , , 12.9283269, -0.0387732, , , , , , , 12.9283269, 0.0500191, , , , , , , 12.9283269, 0.0171206, , , , , , , , , , , , , , , , , , , , , , , , , , , , 
12.9288462, -0.0162814, , , , , , , 12.9288462, -0.0406195, , , , , , , 12.9288462, 0.0703288, , , , , , , 12.9288462, 0.023331, , , , , , , , , , , , , , , , , , , , , , , , , , , , 
12.9293654, -0.0182956, , , , , , , 12.9293654, -0.0397803, , , , , , , 12.9293654, 0.0978561, , , , , , , 12.9293654, 0.0320592, , , , , , , , , , , , , , , , , , , , , , , , , , , , 
12.9298846, -0.0198062, , , , , , , 12.9298846, -0.0327306, , , , , , , 12.9298846, 0.1198444, , , , , , , 12.9298846, 0.0481727, , , , , , , , , , , , , , , , , , , , , , , , , , , , 
12.9304038, -0.023331, , , , , , , 12.9304038, -0.0263523, , , , , , , 12.9304038, 0.1327687, , , , , , , 12.9304038, 0.0679789, , , , , , , , , , , , , , , , , , , , , , , , , , , , 
12.9309231, -0.0246738, , , , , , , 12.9309231, -0.0179599, , , , , , , 12.9309231, 0.1337758, , , , , , , 12.9309231, 0.0797284, , , , , , , , , , , , , , , , , , , , , , , , , , , , 
12.9314423, -0.0236667, , , , , , , 12.9314423, -0.0057069, , , , , , , 12.9314423, 0.1273976, , , , , , , 12.9314423, 0.0777142, , , , , , , , , , , , , , , , , , , , , , , , , , , , 
12.9319615, -0.0186313, , , , , , , 12.9319615, 0.0050355, , , , , , , 12.9319615, 0.1139696, , , , , , , 12.9319615, 0.0602579, , , , , , , , , , , , , , , , , , , , , , , , , , , , 
12.9324808, -0.01561, , , , , , , 12.9324808, 0.0149386, , , , , , , 12.9324808, 0.0963455, , , , , , , 12.9324808, 0.040116, , , , , , , , , , , , , , , , , , , , , , , , , , , , 
12.933, -0.0139315, , , , , , , 12.933, 0.0325628, , , , , , , 12.933, 0.0810712, , , , , , , 12.933, 0.0253452, , , , , , , , , , , , , , , , , , , , , , , , , , , , 
12.9335192, -0.0048676, , , , , , , 12.9335192, 0.043473, , , , , , , 12.9335192, 0.0733501, , , , , , , 12.9335192, 0.0142672, , , , , , , , , , , , , , , , , , , , , , , , , , , , 
12.9340385, 0.0070497, , , , , , , 12.9340385, 0.0287022, , , , , , , 12.9340385, 0.072343, , , , , , , 12.9340385, 0.0038605, , , , , , , , , , , , , , , , , , , , , , , , , , , , 
12.9345577, 0.0132601, , , , , , , 12.9345577, -0.0035248, , , , , , , 12.9345577, 0.0728466, , , , , , , 12.9345577, -0.0031891, , , , , , , , , , , , , , , , , , , , , , , , , , , , 
12.9350769, 0.0203098, , , , , , , 12.9350769, -0.0219883, , , , , , , 12.9350769, 0.0673075, , , , , , , 12.9350769, -0.0109102, , , , , , , , , , , , , , , , , , , , , , , , , , , , 
12.9355962, 0.0307164, , , , , , , 12.9355962, -0.0062104, , , , , , , 12.9355962, 0.0542153, , , , , , , 12.9355962, -0.0196384, , , , , , , , , , , , , , , , , , , , , , , , , , , , 
12.9361154, 0.0461585, , , , , , , 12.9361154, 0.0276951, , , , , , , 12.9361154, 0.0428016, , , , , , , 12.9361154, -0.0270237, , , , , , , , , , , , , , , , , , , , , , , , , , , , 
12.9366346, 0.0666361, , , , , , , 12.9366346, 0.0451514, , , , , , , 12.9366346, 0.0379339, , , , , , , 12.9366346, -0.0345769, , , , , , , , , , , , , , , , , , , , , , , , , , , , 
12.9371538, 0.0847639, , , , , , , 12.9371538, 0.033402, , , , , , , 12.9371538, 0.0327306, , , , , , , 12.9371538, -0.040116, , , , , , , , , , , , , , , , , , , , , , , , , , , , 
12.9376731, 0.0970169, , , , , , , 12.9376731, 0.0132601, , , , , , , 12.9376731, 0.0260166, , , , , , , 12.9376731, -0.0424659, , , , , , , , , , , , , , , , , , , , , , , , , , , , 
12.9381923, 0.1018845, , , , , , , 12.9381923, 0.0011749, , , , , , , 12.9381923, 0.0157778, , , , , , , 12.9381923, -0.04448, , , , , , , , , , , , , , , , , , , , , , , , , , , , 
12.9387115, 0.1005417, , , , , , , 12.9387115, -0.0078889, , , , , , , 12.9387115, -0.0035248, , , , , , , 12.9387115, -0.0454871, , , , , , , , , , , , , , , , , , , , , , , , , , , , 
12.9392308, 0.0941634, , , , , , , 12.9392308, -0.0171206, , , , , , , 12.9392308, -0.0303807, , , , , , , 12.9392308, -0.04448, , , , , , , , , , , , , , , , , , , , , , , , , , , , 
12.93975, 0.0810712, , , , , , , 12.93975, -0.0226596, , , , , , , 12.93975, -0.061265, , , , , , , 12.93975, -0.0431373, , , , , , , , , , , , , , , , , , , , , , , , , , , , 
12.9402692, 0.0656291, , , , , , , 12.9402692, -0.0209812, , , , , , , 12.9402692, -0.0985275, , , , , , , 12.9402692, -0.0377661, , , , , , , , , , , , , , , , , , , , , , , , , , , , 
12.9407885, 0.0532082, , , , , , , 12.9407885, -0.0176242, , , , , , , 12.9407885, -0.1398184, , , , , , , 12.9407885, -0.0293736, , , , , , , , , , , , , , , , , , , , , , , , , , , , 
12.9413077, 0.036759, , , , , , , 12.9413077, -0.0203098, , , , , , , 12.9413077, -0.1824521, , , , , , , 12.9413077, -0.0204776, , , , , , , , , , , , , , , , , , , , , , , , , , , , 
12.9418269, 0.0209812, , , , , , , 12.9418269, -0.0318914, , , , , , , 12.9418269, -0.2311284, , , , , , , 12.9418269, -0.0065461, , , , , , , , , , , , , , , , , , , , , , , , , , , , 
12.9423462, 0.0005035, , , , , , , 12.9423462, -0.0454871, , , , , , , 12.9423462, -0.2798047, , , , , , , 12.9423462, 0.0154421, , , , , , , , , , , , , , , , , , , , , , , , , , , , 
12.9428654, -0.0263523, , , , , , , 12.9428654, -0.0555581, , , , , , , 12.9428654, -0.3086748, , , , , , , 12.9428654, 0.0411231, , , , , , , , , , , , , , , , , , , , , , , , , , , , 
12.9433846, -0.0535439, , , , , , , 12.9433846, -0.0585794, , , , , , , 12.9433846, -0.2996109, , , , , , , 12.9433846, 0.0619364, , , , , , , , , , , , , , , , , , , , , , , , , , , , 
12.9439038, -0.0740215, , , , , , , 12.9439038, -0.054551, , , , , , , 12.9439038, -0.2655375, , , , , , , 12.9439038, 0.0763714, , , , , , , , , , , , , , , , , , , , , , , , , , , , 
12.9444231, -0.0817426, , , , , , , 12.9444231, -0.0458228, , , , , , , 12.9444231, -0.2341497, , , , , , , 12.9444231, 0.0892958, , , , , , , , , , , , , , , , , , , , , , , , , , , , 
12.9449423, -0.0802319, , , , , , , 12.9449423, -0.0246738, , , , , , , 12.9449423, -0.2150149, , , , , , , 12.9449423, 0.1025559, , , , , , , , , , , , , , , , , , , , , , , , , , , , 
12.9454615, -0.0807355, , , , , , , 12.9454615, -0.0015106, , , , , , , 12.9454615, -0.1968872, , , , , , , 12.9454615, 0.1132982, , , , , , , , , , , , , , , , , , , , , , , , , , , , 
12.9459808, -0.0780499, , , , , , , 12.9459808, 0.0023499, , , , , , , 12.9459808, -0.1683528, , , , , , , 12.9459808, 0.117998, , , , , , , , , , , , , , , , , , , , , , , , , , , , 
12.9465, -0.0663005, , , , , , , 12.9465, -0.0043641, , , , , , , 12.9465, -0.1230335, , , , , , , 12.9465, 0.1132982, , , , , , , , , , , , , , , , , , , , , , , , , , , , 
12.9470192, -0.0498512, , , , , , , 12.9470192, -0.0041962, , , , , , , 12.9470192, -0.0666361, , , , , , , 12.9470192, 0.0991989, , , , , , , , , , , , , , , , , , , , , , , , , , , , 
12.9475385, -0.0357519, , , , , , , 12.9475385, 0.0075532, , , , , , , 12.9475385, -0.012253, , , , , , , 12.9475385, 0.0777142, , , , , , , , , , , , , , , , , , , , , , , , , , , , 
12.9480577, -0.0297093, , , , , , , 12.9480577, 0.0283665, , , , , , , 12.9480577, 0.0303807, , , , , , , 12.9480577, 0.0522011, , , , , , , , , , , , , , , , , , , , , , , , , , , , 
12.9485769, -0.0270237, , , , , , , 12.9485769, 0.0414588, , , , , , , 12.9485769, 0.0602579, , , , , , , 12.9485769, 0.0280308, , , , , , , , , , , , , , , , , , , , , , , , , , , , 
12.9490962, -0.018967, , , , , , , 12.9490962, 0.0287022, , , , , , , 12.9490962, 0.0861067, , , , , , , 12.9490962, 0.0119173, , , , , , , , , , , , , , , , , , , , , , , , , , , , 
12.9496154, -0.0095674, , , , , , , 12.9496154, 0.0025177, , , , , , , 12.9496154, 0.115816, , , , , , , 12.9496154, 0.0018463, , , , , , , , , , , , , , , , , , , , , , , , , , , , 
12.9501346, -0.0028534, , , , , , , 12.9501346, -0.0162814, , , , , , , 12.9501346, 0.1515679, , , , , , , 12.9501346, -0.0045319, , , , , , , , , , , , , , , , , , , , , , , , , , , , 
12.9506538, 0.0078889, , , , , , , 12.9506538, -0.0352483, , , , , , , 12.9506538, 0.1827878, , , , , , , 12.9506538, -0.008896, , , , , , , , , , , , , , , , , , , , , , , , , , , , 
12.9511731, 0.0139315, , , , , , , 12.9511731, -0.0632792, , , , , , , 12.9511731, 0.2019226, , , , , , , 12.9511731, -0.0115816, , , , , , , , , , , , , , , , , , , , , , , , , , , , 
12.9516923, 0.0139315, , , , , , , 12.9516923, -0.0944991, , , , , , , 12.9516923, 0.2153506, , , , , , , 12.9516923, -0.01561, , , , , , , , , , , , , , , , , , , , , , , , , , , , 
12.9522115, 0.0213169, , , , , , , 12.9522115, -0.1183337, , , , , , , 12.9522115, 0.2234073, , , , , , , 12.9522115, -0.0182956, , , , , , , , , , , , , , , , , , , , , , , , , , , , 
12.9527308, 0.0327306, , , , , , , 12.9527308, -0.1089342, , , , , , , 12.9527308, 0.2207218, , , , , , , 12.9527308, -0.0182956, , , , , , , , , , , , , , , , , , , , , , , , , , , , 
12.95325, 0.0394446, , , , , , , 12.95325, -0.0686503, , , , , , , 12.95325, 0.202594, , , , , , , 12.95325, -0.0198062, , , , , , , , , , , , , , , , , , , , , , , , , , , , 
12.9537692, 0.043473, , , , , , , 12.9537692, -0.0310521, , , , , , , 12.9537692, 0.1717098, , , , , , , 12.9537692, -0.0179599, , , , , , , , , , , , , , , , , , , , , , , , , , , , 
12.9542885, 0.0518654, , , , , , , 12.9542885, -0.0186313, , , , , , , 12.9542885, 0.131426, , , , , , , 12.9542885, -0.0182956, , , , , , , , , , , , , , , , , , , , , , , , , , , , 
12.9548077, 0.054551, , , , , , , 12.9548077, -0.0154421, , , , , , , 12.9548077, 0.0864424, , , , , , , 12.9548077, -0.0193027, , , , , , , , , , , , , , , , , , , , , , , , , , , , 
12.9553269, 0.0533761, , , , , , , 12.9553269, 0.0085603, , , , , , , 12.9553269, 0.0488441, , , , , , , 12.9553269, -0.0209812, , , , , , , , , , , , , , , , , , , , , , , , , , , , 
12.9558462, 0.0562295, , , , , , , 12.9558462, 0.0428016, , , , , , , 12.9558462, 0.0171206, , , , , , , 12.9558462, -0.0216526, , , , , , , , , , , , , , , , , , , , , , , , , , , , 
12.9563654, 0.0703288, , , , , , , 12.9563654, 0.0629435, , , , , , , 12.9563654, -0.018967, , , , , , , 12.9563654, -0.0219883, , , , , , , , , , , , , , , , , , , , , , , , , , , , 
12.9568846, 0.082414, , , , , , , 12.9568846, 0.0649577, , , , , , , 12.9568846, -0.0622721, , , , , , , 12.9568846, -0.0213169, , , , , , , , , , , , , , , , , , , , , , , , , , , , 
12.9574038, 0.0854353, , , , , , , 12.9574038, 0.0621042, , , , , , , 12.9574038, -0.0956741, , , , , , , 12.9574038, -0.0179599, , , , , , , , , , , , , , , , , , , , , , , , , , , , 
12.9579231, 0.0847639, , , , , , , 12.9579231, 0.0609293, , , , , , , 12.9579231, -0.1089342, , , , , , , 12.9579231, -0.012253, , , , , , , , , , , , , , , , , , , , , , , , , , , , 
12.9584423, 0.0871138, , , , , , , 12.9584423, 0.0569009, , , , , , , 12.9584423, -0.1230335, , , , , , , 12.9584423, -0.0075532, , , , , , , , , , , , , , , , , , , , , , , , , , , , 
12.9589615, 0.0844282, , , , , , , 12.9589615, 0.0491798, , , , , , , 12.9589615, -0.1482109, , , , , , , 12.9589615, -0.0001678, , , , , , , , , , , , , , , , , , , , , , , , , , , , 
12.9594808, 0.0743572, , , , , , , 12.9594808, 0.0340734, , , , , , , 12.9594808, -0.1596246, , , , , , , 12.9594808, 0.0092317, , , , , , , , , , , , , , , , , , , , , , , , , , , , 
12.96, 0.0616007, , , , , , , 12.96, 0.0031891, , , , , , , 12.96, -0.1388113, , , , , , , 12.96, 0.017792, , , , , , , , , , , , , , , , , , , , , , , , , , , , 
12.9605192, 0.0498512, , , , , , , 12.9605192, -0.0340734, , , , , , , 12.9605192, -0.1028916, , , , , , , 12.9605192, 0.0240024, , , , , , , , , , , , , , , , , , , , , , , , , , , , 
12.9610385, 0.0372625, , , , , , , 12.9610385, -0.0619364, , , , , , , 12.9610385, -0.0686503, , , , , , , 12.9610385, 0.0307164, , , , , , , , , , , , , , , , , , , , , , , , , , , , 
12.9615577, 0.0218204, , , , , , , 12.9615577, -0.0760357, , , , , , , 12.9615577, -0.0414588, , , , , , , 12.9615577, 0.036759, , , , , , , , , , , , , , , , , , , , , , , , , , , , 
12.9620769, 0.0099031, , , , , , , 12.9620769, -0.0793927, , , , , , , 12.9620769, -0.0196384, , , , , , , 12.9620769, 0.0407874, , , , , , , , , , , , , , , , , , , , , , , , , , , , 
12.9625962, -0.0015106, , , , , , , 12.9625962, -0.0699931, , , , , , , 12.9625962, 0.0030213, , , , , , , 12.9625962, 0.0424659, , , , , , , , , , , , , , , , , , , , , , , , , , , , 
12.9631154, -0.0149386, , , , , , , 12.9631154, -0.0501869, , , , , , , 12.9631154, 0.0263523, , , , , , , 12.9631154, 0.0421302, , , , , , , , , , , , , , , , , , , , , , , , , , , , 
12.9636346, -0.0263523, , , , , , , 12.9636346, -0.0276951, , , , , , , 12.9636346, 0.0454871, , , , , , , 12.9636346, 0.0424659, , , , , , , , , , , , , , , , , , , , , , , , , , , , 
12.9641538, -0.0350805, , , , , , , 12.9641538, -0.0125887, , , , , , , 12.9641538, 0.0562295, , , , , , , 12.9641538, 0.040116, , , , , , , , , , , , , , , , , , , , , , , , , , , , 
12.9646731, -0.0446479, , , , , , , 12.9646731, -0.0105745, , , , , , , 12.9646731, 0.0575723, , , , , , , 12.9646731, 0.0374304, , , , , , , , , , , , , , , , , , , , , , , , , , , , 
12.9651923, -0.0584115, , , , , , , 12.9651923, -0.0203098, , , , , , , 12.9651923, 0.0528725, , , , , , , 12.9651923, 0.0337377, , , , , , , , , , , , , , , , , , , , , , , , , , , , 
12.9657115, -0.0641184, , , , , , , 12.9657115, -0.0256809, , , , , , , 12.9657115, 0.0515297, , , , , , , 12.9657115, 0.027863, , , , , , , , , , , , , , , , , , , , , , , , , , , , 
12.9662308, -0.0542153, , , , , , , 12.9662308, -0.0146029, , , , , , , 12.9662308, 0.0525368, , , , , , , 12.9662308, 0.018967, , , , , , , , , , , , , , , , , , , , , , , , , , , , 
12.96675, -0.0370947, , , , , , , 12.96675, 0.0011749, , , , , , , 12.96675, 0.0548867, , , , , , , 12.96675, 0.0115816, , , , , , , , , , , , , , , , , , , , , , , , , , , , 
12.9672692, -0.0224918, , , , , , , 12.9672692, 0.0132601, , , , , , , 12.9672692, 0.0569009, , , , , , , 12.9672692, 0.0078889, , , , , , , , , , , , , , , , , , , , , , , , , , , , 
12.9677885, -0.0102388, , , , , , , 12.9677885, 0.0191348, , , , , , , 12.9677885, 0.0565652, , , , , , , 12.9677885, 0.0060426, , , , , , , , , , , , , , , , , , , , , , , , , , , , 
12.9683077, -0.0028534, , , , , , , 12.9683077, 0.0152743, , , , , , , 12.9683077, 0.057908, , , , , , , 12.9683077, 0.0038605, , , , , , , , , , , , , , , , , , , , , , , , , , , , 
12.9688269, 0.0028534, , , , , , , 12.9688269, 0.0072175, , , , , , , 12.9688269, 0.0622721, , , , , , , 12.9688269, -0.0001678, , , , , , , , , , , , , , , , , , , , , , , , , , , , 
12.9693462, 0.0092317, , , , , , , 12.9693462, 0.0035248, , , , , , , 12.9693462, 0.0676432, , , , , , , 12.9693462, -0.0036927, , , , , , , , , , , , , , , , , , , , , , , , , , , , 
12.9698654, 0.0164492, , , , , , , 12.9698654, 0.0038605, , , , , , , 12.9698654, 0.0797284, , , , , , , 12.9698654, -0.0031891, , , , , , , , , , , , , , , , , , , , , , , , , , , , 
12.9703846, 0.0236667, , , , , , , 12.9703846, 0.0048676, , , , , , , 12.9703846, 0.1022202, , , , , , , 12.9703846, -0.0030213, , , , , , , , , , , , , , , , , , , , , , , , , , , , 
12.9709038, 0.0318914, , , , , , , 12.9709038, 0.0031891, , , , , , , 12.9709038, 0.1297475, , , , , , , 12.9709038, -0.0041962, , , , , , , , , , , , , , , , , , , , , , , , , , , , 
12.9714231, 0.0360876, , , , , , , 12.9714231, -0.0031891, , , , , , , 12.9714231, 0.1539178, , , , , , , 12.9714231, -0.0057069, , , , , , , , , , , , , , , , , , , , , , , , , , , , 
12.9719423, 0.0320592, , , , , , , 12.9719423, -0.012253, , , , , , , 12.9719423, 0.1695277, , , , , , , 12.9719423, -0.0065461, , , , , , , , , , , , , , , , , , , , , , , , , , , , 
12.9724615, 0.0293736, , , , , , , 12.9724615, -0.0159457, , , , , , , 12.9724615, 0.178088, , , , , , , 12.9724615, -0.0075532, , , , , , , , , , , , , , , , , , , , , , , , , , , , 
12.9729808, 0.0320592, , , , , , , 12.9729808, -0.0072175, , , , , , , 12.9729808, 0.1807736, , , , , , , 12.9729808, -0.0117494, , , , , , , , , , , , , , , , , , , , , , , , , , , , 
12.9735, 0.0320592, , , , , , , 12.9735, 0.0179599, , , , , , , 12.9735, 0.188159, , , , , , , 12.9735, -0.0149386, , , , , , , , , , , , , , , , , , , , , , , , , , , , 
12.9740192, 0.0317235, , , , , , , 12.9740192, 0.0468299, , , , , , , 12.9740192, 0.1918517, , , , , , , 12.9740192, -0.0149386, , , , , , , , , , , , , , , , , , , , , , , , , , , , 
12.9745385, 0.0320592, , , , , , , 12.9745385, 0.0585794, , , , , , , 12.9745385, 0.1770809, , , , , , , 12.9745385, -0.0092317, , , , , , , , , , , , , , , , , , , , , , , , , , , , 
12.9750577, 0.033402, , , , , , , 12.9750577, 0.0508583, , , , , , , 12.9750577, 0.1371328, , , , , , , 12.9750577, -0.0028534, , , , , , , , , , , , , , , , , , , , , , , , , , , , 
12.9755769, 0.0414588, , , , , , , 12.9755769, 0.0347448, , , , , , , 12.9755769, 0.0797284, , , , , , , 12.9755769, -0.0011749, , , , , , , , , , , , , , , , , , , , , , , , , , , , 
12.9760962, 0.054551, , , , , , , 12.9760962, 0.0193027, , , , , , , 12.9760962, 0.0184634, , , , , , , 12.9760962, -0.0018463, , , , , , , , , , , , , , , , , , , , , , , , , , , , 
12.9766154, 0.0666361, , , , , , , 12.9766154, 0.0052033, , , , , , , 12.9766154, -0.0399481, , , , , , , 12.9766154, -0.0018463, , , , , , , , , , , , , , , , , , , , , , , , , , , , 
12.9771346, 0.0679789, , , , , , , 12.9771346, -0.0035248, , , , , , , 12.9771346, -0.0991989, , , , , , , 12.9771346, -0.0028534, , , , , , , , , , , , , , , , , , , , , , , , , , , , 
12.9776538, 0.0674754, , , , , , , 12.9776538, -0.0035248, , , , , , , 12.9776538, -0.1601282, , , , , , , 12.9776538, -0.0028534, , , , , , , , , , , , , , , , , , , , , , , , , , , , 
12.9781731, 0.0730144, , , , , , , 12.9781731, 0.0015106, , , , , , , 12.9781731, -0.2257572, , , , , , , 12.9781731, -0.002182, , , , , , , , , , , , , , , , , , , , , , , , , , , , 
12.9786923, 0.0736858, , , , , , , 12.9786923, 0.0052033, , , , , , , 12.9786923, -0.2970932, , , , , , , 12.9786923, -0.0001678, , , , , , , , , , , , , , , , , , , , , , , , , , , , 
12.9792115, 0.0666361, , , , , , , 12.9792115, 0.0058747, , , , , , , 12.9792115, -0.3721218, , , , , , , 12.9792115, 0.0065461, , , , , , , , , , , , , , , , , , , , , , , , , , , , 
12.9797308, 0.0552224, , , , , , , 12.9797308, 0.0038605, , , , , , , 12.9797308, -0.4395972, , , , , , , 12.9797308, 0.0196384, , , , , , , , , , , , , , , , , , , , , , , , , , , , 
12.98025, 0.0448157, , , , , , , 12.98025, -0.0005035, , , , , , , 12.98025, -0.488777, , , , , , , 12.98025, 0.0297093, , , , , , , , , , , , , , , , , , , , , , , , , , , , 
12.9807692, 0.0391089, , , , , , , 12.9807692, -0.0028534, , , , , , , 12.9807692, -0.5211719, , , , , , , 12.9807692, 0.0347448, , , , , , , , , , , , , , , , , , , , , , , , , , , , 
12.9812885, 0.0339055, , , , , , , 12.9812885, -0.0015106, , , , , , , 12.9812885, -0.5325856, , , , , , , 12.9812885, 0.0414588, , , , , , , , , , , , , , , , , , , , , , , , , , , , 
12.9818077, 0.0186313, , , , , , , 12.9818077, -0.0062104, , , , , , , 12.9818077, -0.5084154, , , , , , , 12.9818077, 0.0562295, , , , , , , , , , , , , , , , , , , , , , , , , , , , 
12.9823269, 0.0008392, , , , , , , 12.9823269, -0.0162814, , , , , , , 12.9823269, -0.4506752, , , , , , , 12.9823269, 0.0681468, , , , , , , , , , , , , , , , , , , , , , , , , , , , 
12.9828462, -0.0209812, , , , , , , 12.9828462, -0.0218204, , , , , , , 12.9828462, -0.3680934, , , , , , , 12.9828462, 0.0733501, , , , , , , , , , , , , , , , , , , , , , , , , , , , 
12.9833654, -0.047837, , , , , , , 12.9833654, -0.0179599, , , , , , , 12.9833654, -0.2740978, , , , , , , 12.9833654, 0.0736858, , , , , , , , , , , , , , , , , , , , , , , , , , , , 
12.9838846, -0.0683146, , , , , , , 12.9838846, -0.0068818, , , , , , , 12.9838846, -0.1801022, , , , , , , 12.9838846, 0.0688182, , , , , , , , , , , , , , , , , , , , , , , , , , , , 
12.9844038, -0.0763714, , , , , , , 12.9844038, 0.0082246, , , , , , , 12.9844038, -0.0995346, , , , , , , 12.9844038, 0.0589151, , , , , , , , , , , , , , , , , , , , , , , , , , , , 
12.9849231, -0.0777142, , , , , , , 12.9849231, 0.0186313, , , , , , , 12.9849231, -0.0370947, , , , , , , 12.9849231, 0.04448, , , , , , , , , , , , , , , , , , , , , , , , , , , , 
12.9854423, -0.0767071, , , , , , , 12.9854423, 0.0229953, , , , , , , 12.9854423, 0.0119173, , , , , , , 12.9854423, 0.0303807, , , , , , , , , , , , , , , , , , , , , , , , , , , , 
12.9859615, -0.0708324, , , , , , , 12.9859615, 0.0251774, , , , , , , 12.9859615, 0.054551, , , , , , , 12.9859615, 0.0209812, , , , , , , , , , , , , , , , , , , , , , , , , , , , 
12.9864808, -0.0584115, , , , , , , 12.9864808, 0.0223239, , , , , , , 12.9864808, 0.090135, , , , , , , 12.9864808, 0.0130922, , , , , , , , , , , , , , , , , , , , , , , , , , , , 
12.987, -0.0414588, , , , , , , 12.987, 0.0172885, , , , , , , 12.987, 0.1153124, , , , , , , 12.987, 0.0043641, , , , , , , , , , , , , , , , , , , , , , , , , , , , 
12.9875192, -0.0229953, , , , , , , 12.9875192, 0.0152743, , , , , , , 12.9875192, 0.1341115, , , , , , , 12.9875192, -0.0035248, , , , , , , , , , , , , , , , , , , , , , , , , , , , 
12.9880385, -0.0072175, , , , , , , 12.9880385, 0.0092317, , , , , , , 12.9880385, 0.1515679, , , , , , , 12.9880385, -0.0112459, , , , , , , , , , , , , , , , , , , , , , , , , , , , 
12.9885577, -0.0010071, , , , , , , 12.9885577, 0.0031891, , , , , , , 12.9885577, 0.1656672, , , , , , , 12.9885577, -0.0182956, , , , , , , , , , , , , , , , , , , , , , , , , , , , 
12.9890769, -0.0008392, , , , , , , 12.9890769, 0.0011749, , , , , , , 12.9890769, 0.1750668, , , , , , , 12.9890769, -0.0184634, , , , , , , , , , , , , , , , , , , , , , , , , , , , 
12.9895962, -0.0008392, , , , , , , 12.9895962, 0.0052033, , , , , , , 12.9895962, 0.1811093, , , , , , , 12.9895962, -0.0132601, , , , , , , , , , , , , , , , , , , , , , , , , , , , 
12.9901154, 0.0011749, , , , , , , 12.9901154, 0.0273594, , , , , , , 12.9901154, 0.1858091, , , , , , , 12.9901154, -0.002182, , , , , , , , , , , , , , , , , , , , , , , , , , , , 
12.9906346, 0.0031891, , , , , , , 12.9906346, 0.0716716, , , , , , , 12.9906346, 0.1905089, , , , , , , 12.9906346, 0.012253, , , , , , , , , , , , , , , , , , , , , , , , , , , , 
12.9911538, -0.0008392, , , , , , , 12.9911538, 0.1022202, , , , , , , 12.9911538, 0.1965515, , , , , , , 12.9911538, 0.0224918, , , , , , , , , , , , , , , , , , , , , , , , , , , , 
12.9916731, -0.0023499, , , , , , , 12.9916731, 0.0904707, , , , , , , 12.9916731, 0.1989014, , , , , , , 12.9916731, 0.0256809, , , , , , , , , , , , , , , , , , , , , , , , , , , , 
12.9921923, -0.0026856, , , , , , , 12.9921923, 0.0438087, , , , , , , 12.9921923, 0.190341, , , , , , , 12.9921923, 0.0276951, , , , , , , , , , , , , , , , , , , , , , , , , , , , 
12.9927115, -0.002182, , , , , , , 12.9927115, -0.008896, , , , , , , 12.9927115, 0.1733883, , , , , , , 12.9927115, 0.0303807, , , , , , , , , , , , , , , , , , , , , , , , , , , , 
12.9932308, 0.0011749, , , , , , , 12.9932308, -0.04448, , , , , , , 12.9932308, 0.1576104, , , , , , , 12.9932308, 0.033402, , , , , , , , , , , , , , , , , , , , , , , , , , , , 
12.99375, 0.008896, , , , , , , 12.99375, -0.0473335, , , , , , , 12.99375, 0.1485466, , , , , , , 12.99375, 0.0330663, , , , , , , , , , , , , , , , , , , , , , , , , , , , 
12.9942692, 0.0193027, , , , , , , 12.9942692, -0.0287022, , , , , , , 12.9942692, 0.1414969, , , , , , , 12.9942692, 0.0280308, , , , , , , , , , , , , , , , , , , , , , , , , , , , 
12.9947885, 0.027863, , , , , , , 12.9947885, -0.0310521, , , , , , , 12.9947885, 0.13579, , , , , , , 12.9947885, 0.0206455, , , , , , , , , , , , , , , , , , , , , , , , , , , , 
12.9953077, 0.0293736, , , , , , , 12.9953077, -0.0607614, , , , , , , 12.9953077, 0.1220264, , , , , , , 12.9953077, 0.0146029, , , , , , , , , , , , , , , , , , , , , , , , , , , , 
12.9958269, 0.0332341, , , , , , , 12.9958269, -0.0958419, , , , , , , 12.9958269, 0.1018845, , , , , , , 12.9958269, 0.008896, , , , , , , , , , , , , , , , , , , , , , , , , , , , 
12.9963462, 0.0453193, , , , , , , 12.9963462, -0.1203479, , , , , , , 12.9963462, 0.0844282, , , , , , , 12.9963462, 0.0045319, , , , , , , , , , , , , , , , , , , , , , , , , , , , 
12.9968654, 0.0575723, , , , , , , 12.9968654, -0.1421683, , , , , , , 12.9968654, 0.0673075, , , , , , , 12.9968654, -0.0005035, , , , , , , , , , , , , , , , , , , , , , , , , , , , 
12.9973846, 0.061265, , , , , , , 12.9973846, -0.1613031, , , , , , , 12.9973846, 0.0451514, , , , , , , 12.9973846, -0.0072175, , , , , , , , , , , , , , , , , , , , , , , , , , , , 
12.9979038, 0.0585794, , , , , , , 12.9979038, -0.1599603, , , , , , , 12.9979038, 0.0226596, , , , , , , 12.9979038, -0.0109102, , , , , , , , , , , , , , , , , , , , , , , , , , , , 
12.9984231, 0.0548867, , , , , , , 12.9984231, -0.1378042, , , , , , , 12.9984231, 0.0082246, , , , , , , 12.9984231, -0.0119173, , , , , , , , , , , , , , , , , , , , , , , , , , , , 
12.9989423, 0.0565652, , , , , , , 12.9989423, -0.1089342, , , , , , , 12.9989423, 0.0058747, , , , , , , 12.9989423, -0.0124208, , , , , , , , , , , , , , , , , , , , , , , , , , , , 
12.9994615, 0.0562295, , , , , , , 12.9994615, -0.0847639, , , , , , , 12.9994615, 0.0095674, , , , , , , 12.9994615, -0.0109102, , , , , , , , , , , , , , , , , , , , , , , , , , , , 
12.9999808, 0.0515297, , , , , , , 12.9999808, -0.0736858, , , , , , , 12.9999808, 0.0152743, , , , , , , 12.9999808, -0.0062104, , , , , , , , , , , , , , , , , , , , , , , , , , , , 
13.0005, 0.0424659, , , , , , , 13.0005, -0.0797284, , , , , , , 13.0005, 0.0216526, , , , , , , 13.0005, -0.0028534, , , , , , , , , , , , , , , , , , , , , , , , , , , , 
13.0010192, 0.0327306, , , , , , , 13.0010192, -0.0998703, , , , , , , 13.0010192, 0.0186313, , , , , , , 13.0010192, -0.0018463, , , , , , , , , , , , , , , , , , , , , , , , , , , , 
13.0015385, 0.0258488, , , , , , , 13.0015385, -0.110277, , , , , , , 13.0015385, 0.0028534, , , , , , , 13.0015385, -0.0041962, , , , , , , , , , , , , , , , , , , , , , , , , , , , 
13.0020577, 0.0172885, , , , , , , 13.0020577, -0.1030594, , , , , , , 13.0020577, -0.0203098, , , , , , , 13.0020577, -0.0038605, , , , , , , , , , , , , , , , , , , , , , , , , , , , 
13.0025769, 0.0048676, , , , , , , 13.0025769, -0.072343, , , , , , , 13.0025769, -0.0394446, , , , , , , 13.0025769, 0.0008392, , , , , , , , , , , , , , , , , , , , , , , , , , , , 
13.0030962, -0.0068818, , , , , , , 13.0030962, -0.0256809, , , , , , , 13.0030962, -0.0585794, , , , , , , 13.0030962, 0.0075532, , , , , , , , , , , , , , , , , , , , , , , , , , , , 
13.0036154, -0.0196384, , , , , , , 13.0036154, 0.0132601, , , , , , , 13.0036154, -0.0827497, , , , , , , 13.0036154, 0.0152743, , , , , , , , , , , , , , , , , , , , , , , , , , , , 
13.0041346, -0.0280308, , , , , , , 13.0041346, 0.0384375, , , , , , , 13.0041346, -0.1129625, , , , , , , 13.0041346, 0.0216526, , , , , , , , , , , , , , , , , , , , , , , , , , , , 
13.0046538, -0.0323949, , , , , , , 13.0046538, 0.0637827, , , , , , , 13.0046538, -0.13579, , , , , , , 13.0046538, 0.0260166, , , , , , , , , , , , , , , , , , , , , , , , , , , , 
13.0051731, -0.0340734, , , , , , , 13.0051731, 0.0854353, , , , , , , 13.0051731, -0.1341115, , , , , , , 13.0051731, 0.0290379, , , , , , , , , , , , , , , , , , , , , , , , , , , , 
13.0056923, -0.030045, , , , , , , 13.0056923, 0.082414, , , , , , , 13.0056923, -0.1094377, , , , , , , 13.0056923, 0.033402, , , , , , , , , , , , , , , , , , , , , , , , , , , , 
13.0062115, -0.0208133, , , , , , , 13.0062115, 0.0575723, , , , , , , 13.0062115, -0.0767071, , , , , , , 13.0062115, 0.0354162, , , , , , , , , , , , , , , , , , , , , , , , , , , , 
13.0067308, -0.0068818, , , , , , , 13.0067308, 0.0327306, , , , , , , 13.0067308, -0.0471656, , , , , , , 13.0067308, 0.0340734, , , , , , , , , , , , , , , , , , , , , , , , , , , , 
13.00725, 0.0057069, , , , , , , 13.00725, 0.023331, , , , , , , 13.00725, -0.0199741, , , , , , , 13.00725, 0.03122, , , , , , , , , , , , , , , , , , , , , , , , , , , , 
13.0077692, 0.0146029, , , , , , , 13.0077692, 0.0246738, , , , , , , 13.0077692, 0.0206455, , , , , , , 13.0077692, 0.0273594, , , , , , , , , , , , , , , , , , , , , , , , , , , , 
13.0082885, 0.0199741, , , , , , , 13.0082885, 0.0152743, , , , , , , 13.0082885, 0.0758679, , , , , , , 13.0082885, 0.0218204, , , , , , , , , , , , , , , , , , , , , , , , , , , , 
13.0088077, 0.0191348, , , , , , , 13.0088077, -0.0031891, , , , , , , 13.0088077, 0.1250477, , , , , , , 13.0088077, 0.0139315, , , , , , , , , , , , , , , , , , , , , , , , , , , , 
13.0093269, 0.0213169, , , , , , , 13.0093269, -0.0119173, , , , , , , 13.0093269, 0.1495537, , , , , , , 13.0093269, 0.0028534, , , , , , , , , , , , , , , , , , , , , , , , , , , , 
13.0098462, 0.0303807, , , , , , , 13.0098462, -0.012253, , , , , , , 13.0098462, 0.1475395, , , , , , , 13.0098462, -0.0085603, , , , , , , , , , , , , , , , , , , , , , , , , , , , 
13.0103654, 0.040116, , , , , , , 13.0103654, -0.0041962, , , , , , , 13.0103654, 0.1220264, , , , , , , 13.0103654, -0.012253, , , , , , , , , , , , , , , , , , , , , , , , , , , , 
13.0108846, 0.0417945, , , , , , , 13.0108846, 0.0104067, , , , , , , 13.0108846, 0.0788891, , , , , , , 13.0108846, -0.012253, , , , , , , , , , , , , , , , , , , , , , , , , , , , 
13.0114038, 0.040116, , , , , , , 13.0114038, 0.0186313, , , , , , , 13.0114038, 0.0285344, , , , , , , 13.0114038, -0.0162814, , , , , , , , , , , , , , , , , , , , , , , , , , , , 
13.0119231, 0.0412909, , , , , , , 13.0119231, 0.0186313, , , , , , , 13.0119231, -0.0236667, , , , , , , 13.0119231, -0.0209812, , , , , , , , , , , , , , , , , , , , , , , , , , , , 
13.0124423, 0.0448157, , , , , , , 13.0124423, 0.01561, , , , , , , 13.0124423, -0.0706645, , , , , , , 13.0124423, -0.0223239, , , , , , , , , , , , , , , , , , , , , , , , , , , , 
13.0129615, 0.043473, , , , , , , 13.0129615, 0.0182956, , , , , , , 13.0129615, -0.1085985, , , , , , , 13.0129615, -0.0199741, , , , , , , , , , , , , , , , , , , , , , , , , , , , 
13.0134808, 0.0374304, , , , , , , 13.0134808, 0.023331, , , , , , , 13.0134808, -0.1411612, , , , , , , 13.0134808, -0.0139315, , , , , , , , , , , , , , , , , , , , , , , , , , , , 
13.014, 0.030045, , , , , , , 13.014, 0.0223239, , , , , , , 13.014, -0.1696956, , , , , , , 13.014, -0.0119173, , , , , , , , , , , , , , , , , , , , , , , , , , , , 
13.0145192, 0.0226596, , , , , , , 13.0145192, 0.0226596, , , , , , , 13.0145192, -0.1874876, , , , , , , 13.0145192, -0.0135958, , , , , , , , , , , , , , , , , , , , , , , , , , , , 
13.0150385, 0.0179599, , , , , , , 13.0150385, 0.0238346, , , , , , , 13.0150385, -0.1849699, , , , , , , 13.0150385, -0.0125887, , , , , , , , , , , , , , , , , , , , , , , , , , , , 
13.0155577, 0.0253452, , , , , , , 13.0155577, 0.0204776, , , , , , , 13.0155577, -0.1730526, , , , , , , 13.0155577, -0.0077211, , , , , , , , , , , , , , , , , , , , , , , , , , , , 
13.0160769, 0.0387732, , , , , , , 13.0160769, 0.0176242, , , , , , , 13.0160769, -0.1696956, , , , , , , 13.0160769, 0.0001678, , , , , , , , , , , , , , , , , , , , , , , , , , , , 
13.0165962, 0.0515297, , , , , , , 13.0165962, 0.0090639, , , , , , , 13.0165962, -0.1760739, , , , , , , 13.0165962, 0.0129244, , , , , , , , , , , , , , , , , , , , , , , , , , , , 
13.0171154, 0.0595865, , , , , , , 13.0171154, -0.0062104, , , , , , , 13.0171154, -0.1680171, , , , , , , 13.0171154, 0.0344091, , , , , , , , , , , , , , , , , , , , , , , , , , , , 
13.0176346, 0.0607614, , , , , , , 13.0176346, -0.018967, , , , , , , 13.0176346, -0.1267262, , , , , , , 13.0176346, 0.0582437, , , , , , , , , , , , , , , , , , , , , , , , , , , , 
13.0181538, 0.0535439, , , , , , , 13.0181538, -0.0229953, , , , , , , 13.0181538, -0.0767071, , , , , , , 13.0181538, 0.0758679, , , , , , , , , , , , , , , , , , , , , , , , , , , , 
13.0186731, 0.0515297, , , , , , , 13.0186731, -0.0203098, , , , , , , 13.0186731, -0.0438087, , , , , , , 13.0186731, 0.0839246, , , , , , , , , , , , , , , , , , , , , , , , , , , , 
13.0191923, 0.0515297, , , , , , , 13.0191923, -0.0137636, , , , , , , 13.0191923, -0.0166171, , , , , , , 13.0191923, 0.0844282, , , , , , , , , , , , , , , , , , , , , , , , , , , , 
13.0197115, 0.0441444, , , , , , , 13.0197115, -0.0038605, , , , , , , 13.0197115, 0.0146029, , , , , , , 13.0197115, 0.0800641, , , , , , , , , , , , , , , , , , , , , , , , , , , , 
13.0202308, 0.0337377, , , , , , , 13.0202308, 0.0109102, , , , , , , 13.0202308, 0.0391089, , , , , , , 13.0202308, 0.0688182, , , , , , , , , , , , , , , , , , , , , , , , , , , , 
13.02075, 0.0248417, , , , , , , 13.02075, 0.0297093, , , , , , , 13.02075, 0.0515297, , , , , , , 13.02075, 0.0542153, , , , , , , , , , , , , , , , , , , , , , , , , , , , 
13.0212692, 0.0171206, , , , , , , 13.0212692, 0.0451514, , , , , , , 13.0212692, 0.057908, , , , , , , 13.0212692, 0.0381018, , , , , , , , , , , , , , , , , , , , , , , , , , , , 
13.0217885, 0.0099031, , , , , , , 13.0217885, 0.0518654, , , , , , , 13.0217885, 0.0621042, , , , , , , 13.0217885, 0.027863, , , , , , , , , , , , , , , , , , , , , , , , , , , , 
13.0223077, -0.005539, , , , , , , 13.0223077, 0.0491798, , , , , , , 13.0223077, 0.0669718, , , , , , , 13.0223077, 0.0246738, , , , , , , , , , , , , , , , , , , , , , , , , , , , 
13.0228269, -0.0261845, , , , , , , 13.0228269, 0.0466621, , , , , , , 13.0228269, 0.0683146, , , , , , , 13.0228269, 0.0240024, , , , , , , , , , , , , , , , , , , , , , , , , , , , 
13.0233462, -0.0407874, , , , , , , 13.0233462, 0.0538796, , , , , , , 13.0233462, 0.068986, , , , , , , 13.0233462, 0.0223239, , , , , , , , , , , , , , , , , , , , , , , , , , , , 
13.0238654, -0.0453193, , , , , , , 13.0238654, 0.0616007, , , , , , , 13.0238654, 0.0710002, , , , , , , 13.0238654, 0.0199741, , , , , , , , , , , , , , , , , , , , , , , , , , , , 
13.0243846, -0.0501869, , , , , , , 13.0243846, 0.0626078, , , , , , , 13.0243846, 0.0757, , , , , , , 13.0243846, 0.0152743, , , , , , , , , , , , , , , , , , , , , , , , , , , , 
13.0249038, -0.0580758, , , , , , , 13.0249038, 0.0686503, , , , , , , 13.0249038, 0.0803998, , , , , , , 13.0249038, 0.0099031, , , , , , , , , , , , , , , , , , , , , , , , , , , , 
13.0254231, -0.0641184, , , , , , , 13.0254231, 0.0703288, , , , , , , 13.0254231, 0.0760357, , , , , , , 13.0254231, 0.0078889, , , , , , , , , , , , , , , , , , , , , , , , , , , , 
13.0259423, -0.0609293, , , , , , , 13.0259423, 0.0481727, , , , , , , 13.0259423, 0.0602579, , , , , , , 13.0259423, 0.0065461, , , , , , , , , , , , , , , , , , , , , , , , , , , , 
13.0264615, -0.0454871, , , , , , , 13.0264615, -0.0008392, , , , , , , 13.0264615, 0.0461585, , , , , , , 13.0264615, 0.0041962, , , , , , , , , , , , , , , , , , , , , , , , , , , , 
13.0269808, -0.0256809, , , , , , , 13.0269808, -0.0525368, , , , , , , 13.0269808, 0.0441444, , , , , , , 13.0269808, -0.0001678, , , , , , , , , , , , , , , , , , , , , , , , , , , , 
13.0275, -0.0129244, , , , , , , 13.0275, -0.0787213, , , , , , , 13.0275, 0.0480049, , , , , , , 13.0275, -0.0038605, , , , , , , , , , , , , , , , , , , , , , , , , , , , 
13.0280192, -0.0048676, , , , , , , 13.0280192, -0.0827497, , , , , , , 13.0280192, 0.0461585, , , , , , , 13.0280192, -0.005539, , , , , , , , , , , , , , , , , , , , , , , , , , , , 
13.0285385, 0.0018463, , , , , , , 13.0285385, -0.0904707, , , , , , , 13.0285385, 0.0377661, , , , , , , 13.0285385, -0.005539, , , , , , , , , , , , , , , , , , , , , , , , , , , , 
13.0290577, 0.008896, , , , , , , 13.0290577, -0.112459, , , , , , , 13.0290577, 0.0461585, , , , , , , 13.0290577, -0.0082246, , , , , , , , , , , , , , , , , , , , , , , , , , , , 
13.0295769, 0.0135958, , , , , , , 13.0295769, -0.1220264, , , , , , , 13.0295769, 0.0710002, , , , , , , 13.0295769, -0.0102388, , , , , , , , , , , , , , , , , , , , , , , , , , , , 
13.0300962, 0.0149386, , , , , , , 13.0300962, -0.1062486, , , , , , , 13.0300962, 0.0924849, , , , , , , 13.0300962, -0.0139315, , , , , , , , , , , , , , , , , , , , , , , , , , , , 
13.0306154, 0.0196384, , , , , , , 13.0306154, -0.0881209, , , , , , , 13.0306154, 0.093492, , , , , , , 13.0306154, -0.017792, , , , , , , , , , , , , , , , , , , , , , , , , , , , 
13.0311346, 0.0256809, , , , , , , 13.0311346, -0.0800641, , , , , , , 13.0311346, 0.0827497, , , , , , , 13.0311346, -0.0203098, , , , , , , , , , , , , , , , , , , , , , , , , , , , 
13.0316538, 0.0246738, , , , , , , 13.0316538, -0.0757, , , , , , , 13.0316538, 0.0753643, , , , , , , 13.0316538, -0.0196384, , , , , , , , , , , , , , , , , , , , , , , , , , , , 
13.0321731, 0.0209812, , , , , , , 13.0321731, -0.0632792, , , , , , , 13.0321731, 0.0589151, , , , , , , 13.0321731, -0.0152743, , , , , , , , , , , , , , , , , , , , , , , , , , , , 
13.0326923, 0.0199741, , , , , , , 13.0326923, -0.0414588, , , , , , , 13.0326923, 0.0172885, , , , , , , 13.0326923, -0.0105745, , , , , , , , , , , , , , , , , , , , , , , , , , , , 
13.0332115, 0.0208133, , , , , , , 13.0332115, -0.0186313, , , , , , , 13.0332115, -0.0428016, , , , , , , 13.0332115, -0.0052033, , , , , , , , , , , , , , , , , , , , , , , , , , , , 
13.0337308, 0.0186313, , , , , , , 13.0337308, 0.0011749, , , , , , , 13.0337308, -0.1176623, , , , , , , 13.0337308, -0.002182, , , , , , , , , , , , , , , , , , , , , , , , , , , , 
13.03425, 0.0159457, , , , , , , 13.03425, 0.0112459, , , , , , , 13.03425, -0.1995727, , , , , , , 13.03425, -0.002182, , , , , , , , , , , , , , , , , , , , , , , , , , , , 
13.0347692, 0.0186313, , , , , , , 13.0347692, 0.0152743, , , , , , , 13.0347692, -0.2640269, , , , , , , 13.0347692, -0.0015106, , , , , , , , , , , , , , , , , , , , , , , , , , , , 
13.0352885, 0.0276951, , , , , , , 13.0352885, 0.0179599, , , , , , , 13.0352885, -0.2945754, , , , , , , 13.0352885, -0.0018463, , , , , , , , , , , , , , , , , , , , , , , , , , , , 
13.0358077, 0.0330663, , , , , , , 13.0358077, 0.01561, , , , , , , 13.0358077, -0.2908827, , , , , , , 13.0358077, -0.0052033, , , , , , , , , , , , , , , , , , , , , , , , , , , , 
13.0363269, 0.0428016, , , , , , , 13.0363269, 0.0112459, , , , , , , 13.0363269, -0.2697337, , , , , , , 13.0363269, -0.0068818, , , , , , , , , , , , , , , , , , , , , , , , , , , , 
13.0368462, 0.0575723, , , , , , , 13.0368462, 0.0078889, , , , , , , 13.0368462, -0.2356603, , , , , , , 13.0368462, -0.005539, , , , , , , , , , , , , , , , , , , , , , , , , , , , 
13.0373654, 0.0652934, , , , , , , 13.0373654, 0.0048676, , , , , , , 13.0373654, -0.1858091, , , , , , , 13.0373654, 0.0005035, , , , , , , , , , , , , , , , , , , , , , , , , , , , 
13.0378846, 0.0706645, , , , , , , 13.0378846, 0.0077211, , , , , , , 13.0378846, -0.1304189, , , , , , , 13.0378846, 0.0072175, , , , , , , , , , , , , , , , , , , , , , , , , , , , 
13.0384038, 0.0757, , , , , , , 13.0384038, 0.0099031, , , , , , , 13.0384038, -0.0686503, , , , , , , 13.0384038, 0.0125887, , , , , , , , , , , , , , , , , , , , , , , , , , , , 
13.0389231, 0.079057, , , , , , , 13.0389231, -0.0005035, , , , , , , 13.0389231, -0.0041962, , , , , , , 13.0389231, 0.0226596, , , , , , , , , , , , , , , , , , , , , , , , , , , , 
13.0394423, 0.0787213, , , , , , , 13.0394423, -0.0256809, , , , , , , 13.0394423, 0.047837, , , , , , , 13.0394423, 0.0394446, , , , , , , , , , , , , , , , , , , , , , , , , , , , 
13.0399615, 0.0676432, , , , , , , 13.0399615, -0.0459907, , , , , , , 13.0399615, 0.0814069, , , , , , , 13.0399615, 0.0535439, , , , , , , , , , , , , , , , , , , , , , , , , , , , 
13.0404808, 0.0542153, , , , , , , 13.0404808, -0.0471656, , , , , , , 13.0404808, 0.1038987, , , , , , , 13.0404808, 0.054551, , , , , , , , , , , , , , , , , , , , , , , , , , , , 
13.041, 0.0475013, , , , , , , 13.041, -0.0290379, , , , , , , 13.041, 0.1210193, , , , , , , 13.041, 0.0461585, , , , , , , , , , , , , , , , , , , , , , , , , , , , 
13.0415192, 0.040116, , , , , , , 13.0415192, 0.0025177, , , , , , , 13.0415192, 0.1320974, , , , , , , 13.0415192, 0.036759, , , , , , , , , , , , , , , , , , , , , , , , , , , , 
13.0420385, 0.0298772, , , , , , , 13.0420385, 0.0347448, , , , , , , 13.0420385, 0.1361257, , , , , , , 13.0420385, 0.0303807, , , , , , , , , , , , , , , , , , , , , , , , , , , , 
13.0425577, 0.017792, , , , , , , 13.0425577, 0.0547189, , , , , , , 13.0425577, 0.1267262, , , , , , , 13.0425577, 0.0263523, , , , , , , , , , , , , , , , , , , , , , , , , , , , 
13.0430769, 0.0052033, , , , , , , 13.0430769, 0.0602579, , , , , , , 13.0430769, 0.1005417, , , , , , , 13.0430769, 0.0258488, , , , , , , , , , , , , , , , , , , , , , , , , , , , 
13.0435962, -0.0139315, , , , , , , 13.0435962, 0.051194, , , , , , , 13.0435962, 0.0522011, , , , , , , 13.0435962, 0.0290379, , , , , , , , , , , , , , , , , , , , , , , , , , , , 
13.0441154, -0.0357519, , , , , , , 13.0441154, 0.0263523, , , , , , , 13.0441154, -0.0174563, , , , , , , 13.0441154, 0.0320592, , , , , , , , , , , , , , , , , , , , , , , , , , , , 
13.0446346, -0.0501869, , , , , , , 13.0446346, -0.0015106, , , , , , , 13.0446346, -0.0955062, , , , , , , 13.0446346, 0.0344091, , , , , , , , , , , , , , , , , , , , , , , , , , , , 
13.0451538, -0.0626078, , , , , , , 13.0451538, -0.0146029, , , , , , , 13.0451538, -0.1445182, , , , , , , 13.0451538, 0.0344091, , , , , , , , , , , , , , , , , , , , , , , , , , , , 
13.0456731, -0.0694896, , , , , , , 13.0456731, -0.0109102, , , , , , , 13.0456731, -0.1473716, , , , , , , 13.0456731, 0.0327306, , , , , , , , , , , , , , , , , , , , , , , , , , , , 
13.0461923, -0.0673075, , , , , , , 13.0461923, 0.0025177, , , , , , , 13.0461923, -0.1243763, , , , , , , 13.0461923, 0.0287022, , , , , , , , , , , , , , , , , , , , , , , , , , , , 
13.0467115, -0.0599222, , , , , , , 13.0467115, 0.0149386, , , , , , , 13.0467115, -0.1052415, , , , , , , 13.0467115, 0.0258488, , , , , , , , , , , , , , , , , , , , , , , , , , , , 
13.0472308, -0.0522011, , , , , , , 13.0472308, 0.026688, , , , , , , 13.0472308, -0.0981918, , , , , , , 13.0472308, 0.0256809, , , , , , , , , , , , , , , , , , , , , , , , , , , , 
13.04775, -0.0428016, , , , , , , 13.04775, 0.0298772, , , , , , , 13.04775, -0.0864424, , , , , , , 13.04775, 0.023331, , , , , , , , , , , , , , , , , , , , , , , , , , , , 
13.0482692, -0.0297093, , , , , , , 13.0482692, 0.0219883, , , , , , , 13.0482692, -0.0582437, , , , , , , 13.0482692, 0.0240024, , , , , , , , , , , , , , , , , , , , , , , , , , , , 
13.0487885, -0.0196384, , , , , , , 13.0487885, 0.0171206, , , , , , , 13.0487885, -0.012253, , , , , , , 13.0487885, 0.030045, , , , , , , , , , , , , , , , , , , , , , , , , , , , 
13.0493077, -0.017792, , , , , , , 13.0493077, 0.0166171, , , , , , , 13.0493077, 0.0347448, , , , , , , 13.0493077, 0.040116, , , , , , , , , , , , , , , , , , , , , , , , , , , , 
13.0498269, -0.0115816, , , , , , , 13.0498269, 0.0102388, , , , , , , 13.0498269, 0.070161, , , , , , , 13.0498269, 0.0454871, , , , , , , , , , , , , , , , , , , , , , , , , , , , 
13.0503462, -0.0018463, , , , , , , 13.0503462, -0.0005035, , , , , , , 13.0503462, 0.0965133, , , , , , , 13.0503462, 0.0417945, , , , , , , , , , , , , , , , , , , , , , , , , , , , 
13.0508654, 0.0011749, , , , , , , 13.0508654, -0.026688, , , , , , , 13.0508654, 0.1156481, , , , , , , 13.0508654, 0.0292058, , , , , , , , , , , , , , , , , , , , , , , , , , , , 
13.0513846, 0.0038605, , , , , , , 13.0513846, -0.064622, , , , , , , 13.0513846, 0.1253834, , , , , , , 13.0513846, 0.0146029, , , , , , , , , , , , , , , , , , , , , , , , , , , , 
13.0519038, 0.0092317, , , , , , , 13.0519038, -0.0944991, , , , , , , 13.0519038, 0.124712, , , , , , , 13.0519038, 0.0035248, , , , , , , , , , , , , , , , , , , , , , , , , , , , 
13.0524231, 0.0119173, , , , , , , 13.0524231, -0.1015488, , , , , , , 13.0524231, 0.1193408, , , , , , , 13.0524231, -0.0028534, , , , , , , , , , , , , , , , , , , , , , , , , , , , 
13.0529423, 0.0142672, , , , , , , 13.0529423, -0.090135, , , , , , , 13.0529423, 0.1106126, , , , , , , 13.0529423, -0.0075532, , , , , , , , , , , , , , , , , , , , , , , , , , , , 
13.0534615, 0.0149386, , , , , , , 13.0534615, -0.0809033, , , , , , , 13.0534615, 0.0985275, , , , , , , 13.0534615, -0.011078, , , , , , , , , , , , , , , , , , , , , , , , , , , , 
13.0539808, 0.0179599, , , , , , , 13.0539808, -0.0815747, , , , , , , 13.0539808, 0.0827497, , , , , , , 13.0539808, -0.0159457, , , , , , , , , , , , , , , , , , , , , , , , , , , , 
13.0545, 0.0203098, , , , , , , 13.0545, -0.076875, , , , , , , 13.0545, 0.0619364, , , , , , , 13.0545, -0.0224918, , , , , , , , , , , , , , , , , , , , , , , , , , , , 
13.0550192, 0.0204776, , , , , , , 13.0550192, -0.0501869, , , , , , , 13.0550192, 0.0397803, , , , , , , 13.0550192, -0.0270237, , , , , , , , , , , , , , , , , , , , , , , , , , , , 
13.0555385, 0.0246738, , , , , , , 13.0555385, -0.0028534, , , , , , , 13.0555385, 0.0166171, , , , , , , 13.0555385, -0.0293736, , , , , , , , , , , , , , , , , , , , , , , , , , , , 
13.0560577, 0.0352483, , , , , , , 13.0560577, 0.0354162, , , , , , , 13.0560577, -0.0119173, , , , , , , 13.0560577, -0.0347448, , , , , , , , , , , , , , , , , , , , , , , , , , , , 
13.0565769, 0.0466621, , , , , , , 13.0565769, 0.0475013, , , , , , , 13.0565769, -0.0428016, , , , , , , 13.0565769, -0.043473, , , , , , , , , , , , , , , , , , , , , , , , , , , , 
13.0570962, 0.0542153, , , , , , , 13.0570962, 0.0404517, , , , , , , 13.0570962, -0.0632792, , , , , , , 13.0570962, -0.0485084, , , , , , , , , , , , , , , , , , , , , , , , , , , , 
13.0576154, 0.0602579, , , , , , , 13.0576154, 0.0240024, , , , , , , 13.0576154, -0.064622, , , , , , , 13.0576154, -0.0498512, , , , , , , , , , , , , , , , , , , , , , , , , , , , 
13.0581346, 0.0666361, , , , , , , 13.0581346, 0.0082246, , , , , , , 13.0581346, -0.0501869, , , , , , , 13.0581346, -0.0464942, , , , , , , , , , , , , , , , , , , , , , , , , , , , 
13.0586538, 0.0703288, , , , , , , 13.0586538, -0.0015106, , , , , , , 13.0586538, -0.030045, , , , , , , 13.0586538, -0.0394446, , , , , , , , , , , , , , , , , , , , , , , , , , , , 
13.0591731, 0.0696574, , , , , , , 13.0591731, -0.0028534, , , , , , , 13.0591731, -0.0109102, , , , , , , 13.0591731, -0.0290379, , , , , , , , , , , , , , , , , , , , , , , , , , , , 
13.0596923, 0.0602579, , , , , , , 13.0596923, 0.0028534, , , , , , , 13.0596923, 0.005539, , , , , , , 13.0596923, -0.0203098, , , , , , , , , , , , , , , , , , , , , , , , , , , , 
13.0602115, 0.0461585, , , , , , , 13.0602115, 0.0162814, , , , , , , 13.0602115, 0.0179599, , , , , , , 13.0602115, -0.008896, , , , , , , , , , , , , , , , , , , , , , , , , , , , 
13.0607308, 0.0370947, , , , , , , 13.0607308, 0.0276951, , , , , , , 13.0607308, 0.0213169, , , , , , , 13.0607308, 0.0016785, , , , , , , , , , , , , , , , , , , , , , , , , , , , 
13.06125, 0.0347448, , , , , , , 13.06125, 0.0379339, , , , , , , 13.06125, 0.0216526, , , , , , , 13.06125, 0.0068818, , , , , , , , , , , , , , , , , , , , , , , , , , , , 
13.0617692, 0.0307164, , , , , , , 13.0617692, 0.0532082, , , , , , , 13.0617692, 0.0293736, , , , , , , 13.0617692, 0.0132601, , , , , , , , , , , , , , , , , , , , , , , , , , , , 
13.0622885, 0.018967, , , , , , , 13.0622885, 0.0674754, , , , , , , 13.0622885, 0.0392767, , , , , , , 13.0622885, 0.027863, , , , , , , , , , , , , , , , , , , , , , , , , , , , 
13.0628077, 0.0015106, , , , , , , 13.0628077, 0.0686503, , , , , , , 13.0628077, 0.0407874, , , , , , , 13.0628077, 0.0461585, , , , , , , , , , , , , , , , , , , , , , , , , , , , 
13.0633269, -0.0137636, , , , , , , 13.0633269, 0.054551, , , , , , , 13.0633269, 0.0352483, , , , , , , 13.0633269, 0.0629435, , , , , , , , , , , , , , , , , , , , , , , , , , , , 
13.0638462, -0.0243381, , , , , , , 13.0638462, 0.0287022, , , , , , , 13.0638462, 0.0293736, , , , , , , 13.0638462, 0.0817426, , , , , , , , , , , , , , , , , , , , , , , , , , , , 
13.0643654, -0.0307164, , , , , , , 13.0643654, 0.0035248, , , , , , , 13.0643654, 0.0344091, , , , , , , 13.0643654, 0.0998703, , , , , , , , , , , , , , , , , , , , , , , , , , , , 
13.0648846, -0.0352483, , , , , , , 13.0648846, -0.017792, , , , , , , 13.0648846, 0.0515297, , , , , , , 13.0648846, 0.1126268, , , , , , , , , , , , , , , , , , , , , , , , , , , , 
13.0654038, -0.0421302, , , , , , , 13.0654038, -0.0473335, , , , , , , 13.0654038, 0.0626078, , , , , , , 13.0654038, 0.1119554, , , , , , , , , , , , , , , , , , , , , , , , , , , , 
13.0659231, -0.0475013, , , , , , , 13.0659231, -0.0820783, , , , , , , 13.0659231, 0.0553902, , , , , , , 13.0659231, 0.0991989, , , , , , , , , , , , , , , , , , , , , , , , , , , , 
13.0664423, -0.0392767, , , , , , , 13.0664423, -0.1059129, , , , , , , 13.0664423, 0.0322271, , , , , , , 13.0664423, 0.0814069, , , , , , , , , , , , , , , , , , , , , , , , , , , , 
13.0669615, -0.0203098, , , , , , , 13.0669615, -0.1030594, , , , , , , 13.0669615, 0.0134279, , , , , , , 13.0669615, 0.061265, , , , , , , , , , , , , , , , , , , , , , , , , , , , 
13.0674808, -0.0062104, , , , , , , 13.0674808, -0.0830854, , , , , , , 13.0674808, 0.0129244, , , , , , , 13.0674808, 0.0414588, , , , , , , , , , , , , , , , , , , , , , , , , , , , 
13.068, -0.0028534, , , , , , , 13.068, -0.0572366, , , , , , , 13.068, 0.0240024, , , , , , , 13.068, 0.0240024, , , , , , , , , , , , , , , , , , , , , , , , , , , , 
13.0685192, 0.0005035, , , , , , , 13.0685192, -0.0297093, , , , , , , 13.0685192, 0.0307164, , , , , , , 13.0685192, 0.0099031, , , , , , , , , , , , , , , , , , , , , , , , , , , , 
13.0690385, 0.0072175, , , , , , , 13.0690385, -0.0083925, , , , , , , 13.0690385, 0.0293736, , , , , , , 13.0690385, 0.0025177, , , , , , , , , , , , , , , , , , , , , , , , , , , , 
13.0695577, 0.0172885, , , , , , , 13.0695577, -0.0095674, , , , , , , 13.0695577, 0.0305486, , , , , , , 13.0695577, -0.0028534, , , , , , , , , , , , , , , , , , , , , , , , , , , , 
13.0700769, 0.0229953, , , , , , , 13.0700769, -0.0323949, , , , , , , 13.0700769, 0.033402, , , , , , , 13.0700769, -0.0085603, , , , , , , , , , , , , , , , , , , , , , , , , , , , 
13.0705962, 0.0240024, , , , , , , 13.0705962, -0.0592508, , , , , , , 13.0705962, 0.0273594, , , , , , , 13.0705962, -0.0117494, , , , , , , , , , , , , , , , , , , , , , , , , , , , 
13.0711154, 0.0246738, , , , , , , 13.0711154, -0.068986, , , , , , , 13.0711154, 0.0132601, , , , , , , 13.0711154, -0.012253, , , , , , , , , , , , , , , , , , , , , , , , , , , , 
13.0716346, 0.026688, , , , , , , 13.0716346, -0.0538796, , , , , , , 13.0716346, 0.0075532, , , , , , , 13.0716346, -0.0139315, , , , , , , , , , , , , , , , , , , , , , , , , , , , 
13.0721538, 0.0283665, , , , , , , 13.0721538, -0.0350805, , , , , , , 13.0721538, 0.0058747, , , , , , , 13.0721538, -0.0179599, , , , , , , , , , , , , , , , , , , , , , , , , , , , 
13.0726731, 0.0273594, , , , , , , 13.0726731, -0.0224918, , , , , , , 13.0726731, -0.0008392, , , , , , , 13.0726731, -0.0229953, , , , , , , , , , , , , , , , , , , , , , , , , , , , 
13.0731923, 0.0293736, , , , , , , 13.0731923, -0.0092317, , , , , , , 13.0731923, -0.0140993, , , , , , , 13.0731923, -0.0283665, , , , , , , , , , , , , , , , , , , , , , , , , , , , 
13.0737115, 0.033402, , , , , , , 13.0737115, 0.0038605, , , , , , , 13.0737115, -0.0246738, , , , , , , 13.0737115, -0.0332341, , , , , , , , , , , , , , , , , , , , , , , , , , , , 
13.0742308, 0.0381018, , , , , , , 13.0742308, 0.0176242, , , , , , , 13.0742308, -0.0196384, , , , , , , 13.0742308, -0.0354162, , , , , , , , , , , , , , , , , , , , , , , , , , , , 
13.07475, 0.0438087, , , , , , , 13.07475, 0.0320592, , , , , , , 13.07475, 0.0001678, , , , , , , 13.07475, -0.0337377, , , , , , , , , , , , , , , , , , , , , , , , , , , , 
13.0752692, 0.0530404, , , , , , , 13.0752692, 0.0475013, , , , , , , 13.0752692, 0.0191348, , , , , , , 13.0752692, -0.0303807, , , , , , , , , , , , , , , , , , , , , , , , , , , , 
13.0757885, 0.0716716, , , , , , , 13.0757885, 0.061265, , , , , , , 13.0757885, 0.0263523, , , , , , , 13.0757885, -0.0270237, , , , , , , , , , , , , , , , , , , , , , , , , , , , 
13.0763077, 0.0864424, , , , , , , 13.0763077, 0.0810712, , , , , , , 13.0763077, 0.0152743, , , , , , , 13.0763077, -0.0263523, , , , , , , , , , , , , , , , , , , , , , , , , , , , 
13.0768269, 0.0958419, , , , , , , 13.0768269, 0.1116197, , , , , , , 13.0768269, -0.0184634, , , , , , , 13.0768269, -0.0256809, , , , , , , , , , , , , , , , , , , , , , , , , , , , 
13.0773462, 0.1005417, , , , , , , 13.0773462, 0.1354543, , , , , , , 13.0773462, -0.0659648, , , , , , , 13.0773462, -0.0243381, , , , , , , , , , , , , , , , , , , , , , , , , , , , 
13.0778654, 0.1005417, , , , , , , 13.0778654, 0.1378042, , , , , , , 13.0778654, -0.1232013, , , , , , , 13.0778654, -0.0223239, , , , , , , , , , , , , , , , , , , , , , , , , , , , 
13.0783846, 0.0988632, , , , , , , 13.0783846, 0.1193408, , , , , , , 13.0783846, -0.1884947, , , , , , , 13.0783846, -0.0206455, , , , , , , , , , , , , , , , , , , , , , , , , , , , 
13.0789038, 0.0908064, , , , , , , 13.0789038, 0.0991989, , , , , , , 13.0789038, -0.2502632, , , , , , , 13.0789038, -0.0182956, , , , , , , , , , , , , , , , , , , , , , , , , , , , 
13.0794231, 0.0763714, , , , , , , 13.0794231, 0.0936599, , , , , , , 13.0794231, -0.2935683, , , , , , , 13.0794231, -0.0090639, , , , , , , , , , , , , , , , , , , , , , , , , , , , 
13.0799423, 0.0605936, , , , , , , 13.0799423, 0.0971847, , , , , , , 13.0799423, -0.3127031, , , , , , , 13.0799423, 0.0023499, , , , , , , , , , , , , , , , , , , , , , , , , , , , 
13.0804615, 0.0448157, , , , , , , 13.0804615, 0.0869459, , , , , , , 13.0804615, -0.3090105, , , , , , , 13.0804615, 0.0117494, , , , , , , , , , , , , , , , , , , , , , , , , , , , 
13.0809808, 0.0293736, , , , , , , 13.0809808, 0.0528725, , , , , , , 13.0809808, -0.2878614, , , , , , , 13.0809808, 0.0236667, , , , , , , , , , , , , , , , , , , , , , , , , , , , 
13.0815, 0.0159457, , , , , , , 13.0815, 0.0068818, , , , , , , 13.0815, -0.2653696, , , , , , , 13.0815, 0.0448157, , , , , , , , , , , , , , , , , , , , , , , , , , , , 
13.0820192, 0.0010071, , , , , , , 13.0820192, -0.0384375, , , , , , , 13.0820192, -0.2467384, , , , , , , 13.0820192, 0.0683146, , , , , , , , , , , , , , , , , , , , , , , , , , , , 
13.0825385, -0.0162814, , , , , , , 13.0825385, -0.0847639, , , , , , , 13.0825385, -0.2277714, , , , , , , 13.0825385, 0.085771, , , , , , , , , , , , , , , , , , , , , , , , , , , , 
13.0830577, -0.0370947, , , , , , , 13.0830577, -0.1475395, , , , , , , 13.0830577, -0.19823, , , , , , , 13.0830577, 0.0904707, , , , , , , , , , , , , , , , , , , , , , , , , , , , 
13.0835769, -0.0552224, , , , , , , 13.0835769, -0.2133364, , , , , , , 13.0835769, -0.1552605, , , , , , , 13.0835769, 0.0869459, , , , , , , , , , , , , , , , , , , , , , , , , , , , 
13.0840962, -0.0683146, , , , , , , 13.0840962, -0.2378424, , , , , , , 13.0840962, -0.1062486, , , , , , , 13.0840962, 0.0795605, , , , , , , , , , , , , , , , , , , , , , , , , , , , 
13.0846154, -0.0760357, , , , , , , 13.0846154, -0.2156863, , , , , , , 13.0846154, -0.0609293, , , , , , , 13.0846154, 0.0713359, , , , , , , , , , , , , , , , , , , , , , , , , , , , 
13.0851346, -0.0788891, , , , , , , 13.0851346, -0.1801022, , , , , , , 13.0851346, -0.0203098, , , , , , , 13.0851346, 0.0641184, , , , , , , , , , , , , , , , , , , , , , , , , , , , 
13.0856538, -0.0810712, , , , , , , 13.0856538, -0.1461967, , , , , , , 13.0856538, 0.0152743, , , , , , , 13.0856538, 0.0542153, , , , , , , , , , , , , , , , , , , , , , , , , , , , 
13.0861731, -0.0793927, , , , , , , 13.0861731, -0.114641, , , , , , , 13.0861731, 0.0495155, , , , , , , 13.0861731, 0.0419623, , , , , , , , , , , , , , , , , , , , , , , , , , , , 
13.0866923, -0.0679789, , , , , , , 13.0866923, -0.0871138, , , , , , , 13.0866923, 0.0869459, , , , , , , 13.0866923, 0.0317235, , , , , , , , , , , , , , , , , , , , , , , , , , , , 
13.0872115, -0.0540475, , , , , , , 13.0872115, -0.0673075, , , , , , , 13.0872115, 0.126894, , , , , , , 13.0872115, 0.0250095, , , , , , , , , , , , , , , , , , , , , , , , , , , , 
13.0877308, -0.0433051, , , , , , , 13.0877308, -0.0501869, , , , , , , 13.0877308, 0.1680171, , , , , , , 13.0877308, 0.0199741, , , , , , , , , , , , , , , , , , , , , , , , , , , , 
13.08825, -0.036759, , , , , , , 13.08825, -0.033402, , , , , , , 13.08825, 0.202594, , , , , , , 13.08825, 0.0162814, , , , , , , , , , , , , , , , , , , , , , , , , , , , 
13.0887692, -0.0330663, , , , , , , 13.0887692, -0.0216526, , , , , , , 13.0887692, 0.2262608, , , , , , , 13.0887692, 0.0132601, , , , , , , , , , , , , , , , , , , , , , , , , , , , 
13.0892885, -0.0313878, , , , , , , 13.0892885, -0.0151064, , , , , , , 13.0892885, 0.2324712, , , , , , , 13.0892885, 0.0085603, , , , , , , , , , , , , , , , , , , , , , , , , , , , 
13.0898077, -0.0280308, , , , , , , 13.0898077, -0.005539, , , , , , , 13.0898077, 0.2133364, , , , , , , 13.0898077, 0.0008392, , , , , , , , , , , , , , , , , , , , , , , , , , , , 
13.0903269, -0.0186313, , , , , , , 13.0903269, 0.0099031, , , , , , , 13.0903269, 0.173724, , , , , , , 13.0903269, -0.0085603, , , , , , , , , , , , , , , , , , , , , , , , , , , , 
13.0908462, -0.0070497, , , , , , , 13.0908462, 0.0223239, , , , , , , 13.0908462, 0.1344472, , , , , , , 13.0908462, -0.0179599, , , , , , , , , , , , , , , , , , , , , , , , , , , , 
13.0913654, 0.0052033, , , , , , , 13.0913654, 0.0240024, , , , , , , 13.0913654, 0.1052415, , , , , , , 13.0913654, -0.0263523, , , , , , , , , , , , , , , , , , , , , , , , , , , , 
13.0918846, 0.0114137, , , , , , , 13.0918846, 0.0213169, , , , , , , 13.0918846, 0.0881209, , , , , , , 13.0918846, -0.0340734, , , , , , , , , , , , , , , , , , , , , , , , , , , , 
13.0924038, 0.0162814, , , , , , , 13.0924038, 0.0260166, , , , , , , 13.0924038, 0.0762036, , , , , , , 13.0924038, -0.0394446, , , , , , , , , , , , , , , , , , , , , , , , , , , , 
13.0929231, 0.0213169, , , , , , , 13.0929231, 0.0387732, , , , , , , 13.0929231, 0.0639506, , , , , , , 13.0929231, -0.0384375, , , , , , , , , , , , , , , , , , , , , , , , , , , , 
13.0934423, 0.0276951, , , , , , , 13.0934423, 0.0703288, , , , , , , 13.0934423, 0.0480049, , , , , , , 13.0934423, -0.0327306, , , , , , , , , , , , , , , , , , , , , , , , , , , , 
13.0939615, 0.033402, , , , , , , 13.0939615, 0.119173, , , , , , , 13.0939615, 0.0307164, , , , , , , 13.0939615, -0.0303807, , , , , , , , , , , , , , , , , , , , , , , , , , , , 
13.0944808, 0.0359197, , , , , , , 13.0944808, 0.1542535, , , , , , , 13.0944808, 0.0287022, , , , , , , 13.0944808, -0.0290379, , , , , , , , , , , , , , , , , , , , , , , , , , , , 
13.095, 0.0374304, , , , , , , 13.095, 0.1535821, , , , , , , 13.095, 0.0330663, , , , , , , 13.095, -0.0250095, , , , , , , , , , , , , , , , , , , , , , , , , , , , 
13.0955192, 0.0428016, , , , , , , 13.0955192, 0.1297475, , , , , , , 13.0955192, 0.0213169, , , , , , , 13.0955192, -0.0203098, , , , , , , , , , , , , , , , , , , , , , , , , , , , 
13.0960385, 0.0592508, , , , , , , 13.0960385, 0.1038987, , , , , , , 13.0960385, -0.0226596, , , , , , , 13.0960385, -0.018967, , , , , , , , , , , , , , , , , , , , , , , , , , , , 
13.0965577, 0.0810712, , , , , , , 13.0965577, 0.0793927, , , , , , , 13.0965577, -0.0780499, , , , , , , 13.0965577, -0.0191348, , , , , , , , , , , , , , , , , , , , , , , , , , , , 
13.0970769, 0.0958419, , , , , , , 13.0970769, 0.0513619, , , , , , , 13.0970769, -0.1072557, , , , , , , 13.0970769, -0.0115816, , , , , , , , , , , , , , , , , , , , , , , , , , , , 
13.0975962, 0.0978561, , , , , , , 13.0975962, 0.0152743, , , , , , , 13.0975962, -0.1038987, , , , , , , 13.0975962, 0.0078889, , , , , , , , , , , , , , , , , , , , , , , , , , , , 
13.0981154, 0.0991989, , , , , , , 13.0981154, -0.0250095, , , , , , , 13.0981154, -0.0834211, , , , , , , 13.0981154, 0.0302129, , , , , , , , , , , , , , , , , , , , , , , , , , , , 
13.0986346, 0.0965133, , , , , , , 13.0986346, -0.0609293, , , , , , , 13.0986346, -0.0538796, , , , , , , 13.0986346, 0.0518654, , , , , , , , , , , , , , , , , , , , , , , , , , , , 
13.0991538, 0.0797284, , , , , , , 13.0991538, -0.1082628, , , , , , , 13.0991538, -0.0256809, , , , , , , 13.0991538, 0.0674754, , , , , , , , , , , , , , , , , , , , , , , , , , , , 
13.0996731, 0.0522011, , , , , , , 13.0996731, -0.1681849, , , , , , , 13.0996731, -0.0095674, , , , , , , 13.0996731, 0.0743572, , , , , , , , , , , , , , , , , , , , , , , , , , , , 
13.1001923, 0.0260166, , , , , , , 13.1001923, -0.207126, , , , , , , 13.1001923, -0.0135958, , , , , , , 13.1001923, 0.0757, , , , , , , , , , , , , , , , , , , , , , , , , , , , 
13.1007115, 0.0078889, , , , , , , 13.1007115, -0.1995727, , , , , , , 13.1007115, -0.0320592, , , , , , , 13.1007115, 0.0720073, , , , , , , , , , , , , , , , , , , , , , , , , , , , 
13.1012308, -0.0016785, , , , , , , 13.1012308, -0.1515679, , , , , , , 13.1012308, -0.0417945, , , , , , , 13.1012308, 0.0663005, , , , , , , , , , , , , , , , , , , , , , , , , , , , 
13.10175, -0.0125887, , , , , , , 13.10175, -0.1018845, , , , , , , 13.10175, -0.0325628, , , , , , , 13.10175, 0.0575723, , , , , , , , , , , , , , , , , , , , , , , , , , , , 
13.1022692, -0.023331, , , , , , , 13.1022692, -0.0666361, , , , , , , 13.1022692, -0.01561, , , , , , , 13.1022692, 0.0464942, , , , , , , , , , , , , , , , , , , , , , , , , , , , 
13.1027885, -0.0323949, , , , , , , 13.1027885, -0.0391089, , , , , , , 13.1027885, 0.0052033, , , , , , , 13.1027885, 0.0370947, , , , , , , , , , , , , , , , , , , , , , , , , , , , 
13.1033077, -0.0438087, , , , , , , 13.1033077, -0.0179599, , , , , , , 13.1033077, 0.0287022, , , , , , , 13.1033077, 0.0307164, , , , , , , , , , , , , , , , , , , , , , , , , , , , 
13.1038269, -0.0505226, , , , , , , 13.1038269, -0.0025177, , , , , , , 13.1038269, 0.0522011, , , , , , , 13.1038269, 0.0270237, , , , , , , , , , , , , , , , , , , , , , , , , , , , 
13.1043462, -0.0508583, , , , , , , 13.1043462, 0.0075532, , , , , , , 13.1043462, 0.068986, , , , , , , 13.1043462, 0.024506, , , , , , , , , , , , , , , , , , , , , , , , , , , , 
13.1048654, -0.054551, , , , , , , 13.1048654, 0.0119173, , , , , , , 13.1048654, 0.0837568, , , , , , , 13.1048654, 0.0229953, , , , , , , , , , , , , , , , , , , , , , , , , , , , 
13.1053846, -0.0607614, , , , , , , 13.1053846, 0.0119173, , , , , , , 13.1053846, 0.1049058, , , , , , , 13.1053846, 0.0198062, , , , , , , , , , , , , , , , , , , , , , , , , , , , 
13.1059038, -0.057908, , , , , , , 13.1059038, 0.0119173, , , , , , , 13.1059038, 0.1297475, , , , , , , 13.1059038, 0.0090639, , , , , , , , , , , , , , , , , , , , , , , , , , , , 
13.1064231, -0.0397803, , , , , , , 13.1064231, 0.0159457, , , , , , , 13.1064231, 0.1582818, , , , , , , 13.1064231, -0.0016785, , , , , , , , , , , , , , , , , , , , , , , , , , , , 
13.1069423, -0.0191348, , , , , , , 13.1069423, 0.017792, , , , , , , 13.1069423, 0.1837949, , , , , , , 13.1069423, -0.0078889, , , , , , , , , , , , , , , , , , , , , , , , , , , , 
13.1074615, -0.0028534, , , , , , , 13.1074615, 0.0146029, , , , , , , 13.1074615, 0.1968872, , , , , , , 13.1074615, -0.0119173, , , , , , , , , , , , , , , , , , , , , , , , , , , , 
13.1079808, 0.0062104, , , , , , , 13.1079808, 0.0115816, , , , , , , 13.1079808, 0.1978943, , , , , , , 13.1079808, -0.0176242, , , , , , , , , , , , , , , , , , , , , , , , , , , , 
13.1085, 0.0139315, , , , , , , 13.1085, 0.0132601, , , , , , , 13.1085, 0.1901732, , , , , , , 13.1085, -0.0223239, , , , , , , , , , , , , , , , , , , , , , , , , , , , 
13.1090192, 0.0240024, , , , , , , 13.1090192, 0.0191348, , , , , , , 13.1090192, 0.1717098, , , , , , , 13.1090192, -0.0263523, , , , , , , , , , , , , , , , , , , , , , , , , , , , 
13.1095385, 0.0320592, , , , , , , 13.1095385, 0.026688, , , , , , , 13.1095385, 0.1498894, , , , , , , 13.1095385, -0.0276951, , , , , , , , , , , , , , , , , , , , , , , , , , , , 
13.1100577, 0.0394446, , , , , , , 13.1100577, 0.0381018, , , , , , , 13.1100577, 0.1200122, , , , , , , 13.1100577, -0.0270237, , , , , , , , , , , , , , , , , , , , , , , , , , , , 
13.1105769, 0.0438087, , , , , , , 13.1105769, 0.0466621, , , , , , , 13.1105769, 0.0835889, , , , , , , 13.1105769, -0.0250095, , , , , , , , , , , , , , , , , , , , , , , , , , , , 
13.1110962, 0.0431373, , , , , , , 13.1110962, 0.0453193, , , , , , , 13.1110962, 0.043473, , , , , , , 13.1110962, -0.0240024, , , , , , , , , , , , , , , , , , , , , , , , , , , , 
13.1116154, 0.0454871, , , , , , , 13.1116154, 0.0387732, , , , , , , 13.1116154, -0.0052033, , , , , , , 13.1116154, -0.0246738, , , , , , , , , , , , , , , , , , , , , , , , , , , , 
13.1121346, 0.0481727, , , , , , , 13.1121346, 0.0421302, , , , , , , 13.1121346, -0.073518, , , , , , , 13.1121346, -0.0258488, , , , , , , , , , , , , , , , , , , , , , , , , , , , 
13.1126538, 0.0486763, , , , , , , 13.1126538, 0.0569009, , , , , , , 13.1126538, -0.1623102, , , , , , , 13.1126538, -0.0250095, , , , , , , , , , , , , , , , , , , , , , , , , , , , 
13.1131731, 0.0485084, , , , , , , 13.1131731, 0.0649577, , , , , , , 13.1131731, -0.2467384, , , , , , , 13.1131731, -0.023331, , , , , , , , , , , , , , , , , , , , , , , , , , , , 
13.1136923, 0.0468299, , , , , , , 13.1136923, 0.0642863, , , , , , , 13.1136923, -0.3170672, , , , , , , 13.1136923, -0.0213169, , , , , , , , , , , , , , , , , , , , , , , , , , , , 
13.1142115, 0.0424659, , , , , , , 13.1142115, 0.0664683, , , , , , , 13.1142115, -0.3808499, , , , , , , 13.1142115, -0.0164492, , , , , , , , , , , , , , , , , , , , , , , , , , , , 
13.1147308, 0.0377661, , , , , , , 13.1147308, 0.0844282, , , , , , , 13.1147308, -0.4354009, , , , , , , 13.1147308, -0.0068818, , , , , , , , , , , , , , , , , , , , , , , , , , , , 
13.11525, 0.0381018, , , , , , , 13.11525, 0.0985275, , , , , , , 13.11525, -0.4607462, , , , , , , 13.11525, 0.0099031, , , , , , , , , , , , , , , , , , , , , , , , , , , , 
13.1157692, 0.0428016, , , , , , , 13.1157692, 0.0803998, , , , , , , 13.1157692, -0.4379187, , , , , , , 13.1157692, 0.0313878, , , , , , , , , , , , , , , , , , , , , , , , , , , , 
13.1162885, 0.0508583, , , , , , , 13.1162885, 0.0377661, , , , , , , 13.1162885, -0.3875639, , , , , , , 13.1162885, 0.0475013, , , , , , , , , , , , , , , , , , , , , , , , , , , , 
13.1168077, 0.0555581, , , , , , , 13.1168077, 0.0008392, , , , , , , 13.1168077, -0.3271382, , , , , , , 13.1168077, 0.0562295, , , , , , , , , , , , , , , , , , , , , , , , , , , , 
13.1173269, 0.0609293, , , , , , , 13.1173269, -0.0273594, , , , , , , 13.1173269, -0.2472419, , , , , , , 13.1173269, 0.0605936, , , , , , , , , , , , , , , , , , , , , , , , , , , , 
13.1178462, 0.0669718, , , , , , , 13.1178462, -0.0555581, , , , , , , 13.1178462, -0.1559319, , , , , , , 13.1178462, 0.0609293, , , , , , , , , , , , , , , , , , , , , , , , , , , , 
13.1183654, 0.0674754, , , , , , , 13.1183654, -0.0827497, , , , , , , 13.1183654, -0.0787213, , , , , , , 13.1183654, 0.0558938, , , , , , , , , , , , , , , , , , , , , , , , , , , , 
13.1188846, 0.0636149, , , , , , , 13.1188846, -0.1018845, , , , , , , 13.1188846, -0.024506, , , , , , , 13.1188846, 0.0525368, , , , , , , , , , , , , , , , , , , , , , , , , , , , 
13.1194038, 0.0595865, , , , , , , 13.1194038, -0.1062486, , , , , , , 13.1194038, 0.0119173, , , , , , , 13.1194038, 0.0505226, , , , , , , , , , , , , , , , , , , , , , , , , , , , 
13.1199231, 0.0518654, , , , , , , 13.1199231, -0.103563, , , , , , , 13.1199231, 0.033402, , , , , , , 13.1199231, 0.0464942, , , , , , , , , , , , , , , , , , , , , , , , , , , , 
13.1204423, 0.0414588, , , , , , , 13.1204423, -0.0981918, , , , , , , 13.1204423, 0.0417945, , , , , , , 13.1204423, 0.0384375, , , , , , , , , , , , , , , , , , , , , , , , , , , , 
13.1209615, 0.0317235, , , , , , , 13.1209615, -0.0887922, , , , , , , 13.1209615, 0.0451514, , , , , , , 13.1209615, 0.0270237, , , , , , , , , , , , , , , , , , , , , , , , , , , , 
13.1214808, 0.0213169, , , , , , , 13.1214808, -0.0773785, , , , , , , 13.1214808, 0.0548867, , , , , , , 13.1214808, 0.0203098, , , , , , , , , , , , , , , , , , , , , , , , , , , , 
13.122, 0.0065461, , , , , , , 13.122, -0.0616007, , , , , , , 13.122, 0.0674754, , , , , , , 13.122, 0.0196384, , , , , , , , , , , , , , , , , , , , , , , , , , , , 
13.1225192, -0.012253, , , , , , , 13.1225192, -0.0438087, , , , , , , 13.1225192, 0.0777142, , , , , , , 13.1225192, 0.0186313, , , , , , , , , , , , , , , , , , , , , , , , , , , , 
13.1230385, -0.0276951, , , , , , , 13.1230385, -0.0159457, , , , , , , 13.1230385, 0.0897993, , , , , , , 13.1230385, 0.0159457, , , , , , , , , , , , , , , , , , , , , , , , , , , , 
13.1235577, -0.0391089, , , , , , , 13.1235577, 0.03122, , , , , , , 13.1235577, 0.1044022, , , , , , , 13.1235577, 0.0104067, , , , , , , , , , , , , , , , , , , , , , , , , , , , 
13.1240769, -0.0505226, , , , , , , 13.1240769, 0.0676432, , , , , , , 13.1240769, 0.1206836, , , , , , , 13.1240769, 0.0030213, , , , , , , , , , , , , , , , , , , , , , , , , , , , 
13.1245962, -0.0569009, , , , , , , 13.1245962, 0.070161, , , , , , , 13.1245962, 0.1347829, , , , , , , 13.1245962, -0.0015106, , , , , , , , , , , , , , , , , , , , , , , , , , , , 
13.1251154, -0.057908, , , , , , , 13.1251154, 0.0461585, , , , , , , 13.1251154, 0.1488823, , , , , , , 13.1251154, -0.0038605, , , , , , , , , , , , , , , , , , , , , , , , , , , , 
13.1256346, -0.0565652, , , , , , , 13.1256346, 0.0193027, , , , , , , 13.1256346, 0.1629816, , , , , , , 13.1256346, -0.0038605, , , , , , , , , , , , , , , , , , , , , , , , , , , , 
13.1261538, -0.0461585, , , , , , , 13.1261538, 0.0045319, , , , , , , 13.1261538, 0.1747311, , , , , , , 13.1261538, -0.0028534, , , , , , , , , , , , , , , , , , , , , , , , , , , , 
13.1266731, -0.0276951, , , , , , , 13.1266731, -0.0035248, , , , , , , 13.1266731, 0.1797665, , , , , , , 13.1266731, 0.0008392, , , , , , , , , , , , , , , , , , , , , , , , , , , , 
13.1271923, -0.0135958, , , , , , , 13.1271923, -0.0130922, , , , , , , 13.1271923, 0.1717098, , , , , , , 13.1271923, 0.0052033, , , , , , , , , , , , , , , , , , , , , , , , , , , , 
13.1277115, -0.0018463, , , , , , , 13.1277115, -0.0297093, , , , , , , 13.1277115, 0.1502251, , , , , , , 13.1277115, 0.0058747, , , , , , , , , , , , , , , , , , , , , , , , , , , , 
13.1282308, 0.0078889, , , , , , , 13.1282308, -0.0464942, , , , , , , 13.1282308, 0.1169909, , , , , , , 13.1282308, 0.0036927, , , , , , , , , , , , , , , , , , , , , , , , , , , , 
13.12875, 0.012253, , , , , , , 13.12875, -0.0532082, , , , , , , 13.12875, 0.0743572, , , , , , , 13.12875, 0.0028534, , , , , , , , , , , , , , , , , , , , , , , , , , , , 
13.1292692, 0.0139315, , , , , , , 13.1292692, -0.0471656, , , , , , , 13.1292692, 0.0280308, , , , , , , 13.1292692, 0.0011749, , , , , , , , , , , , , , , , , , , , , , , , , , , , 
13.1297885, 0.0186313, , , , , , , 13.1297885, -0.0387732, , , , , , , 13.1297885, -0.0105745, , , , , , , 13.1297885, -0.0025177, , , , , , , , , , , , , , , , , , , , , , , , , , , , 
13.1303077, 0.0172885, , , , , , , 13.1303077, -0.0397803, , , , , , , 13.1303077, -0.0290379, , , , , , , 13.1303077, -0.0065461, , , , , , , , , , , , , , , , , , , , , , , , , , , , 
13.1308269, 0.0125887, , , , , , , 13.1308269, -0.0485084, , , , , , , 13.1308269, -0.0317235, , , , , , , 13.1308269, -0.002182, , , , , , , , , , , , , , , , , , , , , , , , , , , , 
13.1313462, 0.0105745, , , , , , , 13.1313462, -0.0414588, , , , , , , 13.1313462, -0.0270237, , , , , , , 13.1313462, 0.0119173, , , , , , , , , , , , , , , , , , , , , , , , , , , , 
13.1318654, 0.0132601, , , , , , , 13.1318654, -0.0112459, , , , , , , 13.1318654, -0.0260166, , , , , , , 13.1318654, 0.0330663, , , , , , , , , , , , , , , , , , , , , , , , , , , , 
13.1323846, 0.01561, , , , , , , 13.1323846, 0.0246738, , , , , , , 13.1323846, -0.0305486, , , , , , , 13.1323846, 0.0532082, , , , , , , , , , , , , , , , , , , , , , , , , , , , 
13.1329038, 0.0129244, , , , , , , 13.1329038, 0.0532082, , , , , , , 13.1329038, -0.026688, , , , , , , 13.1329038, 0.0651255, , , , , , , , , , , , , , , , , , , , , , , , , , , , 
13.1334231, 0.0099031, , , , , , , 13.1334231, 0.0599222, , , , , , , 13.1334231, -0.0135958, , , , , , , 13.1334231, 0.0678111, , , , , , , , , , , , , , , , , , , , , , , , , , , , 
13.1339423, 0.0109102, , , , , , , 13.1339423, 0.0454871, , , , , , , 13.1339423, 0.0041962, , , , , , , 13.1339423, 0.0609293, , , , , , , , , , , , , , , , , , , , , , , , , , , , 
13.1344615, 0.0154421, , , , , , , 13.1344615, 0.0221561, , , , , , , 13.1344615, 0.0213169, , , , , , , 13.1344615, 0.0481727, , , , , , , , , , , , , , , , , , , , , , , , , , , , 
13.1349808, 0.0159457, , , , , , , 13.1349808, 0.0048676, , , , , , , 13.1349808, 0.0328985, , , , , , , 13.1349808, 0.0327306, , , , , , , , , , , , , , , , , , , , , , , , , , , , 
13.1355, 0.0204776, , , , , , , 13.1355, 0.0058747, , , , , , , 13.1355, 0.0377661, , , , , , , 13.1355, 0.0164492, , , , , , , , , , , , , , , , , , , , , , , , , , , , 
13.1360192, 0.0352483, , , , , , , 13.1360192, 0.0213169, , , , , , , 13.1360192, 0.0374304, , , , , , , 13.1360192, 0.0031891, , , , , , , , , , , , , , , , , , , , , , , , , , , , 
13.1365385, 0.0532082, , , , , , , 13.1365385, 0.0297093, , , , , , , 13.1365385, 0.0340734, , , , , , , 13.1365385, -0.0045319, , , , , , , , , , , , , , , , , , , , , , , , , , , , 
13.1370577, 0.0626078, , , , , , , 13.1370577, 0.0172885, , , , , , , 13.1370577, 0.0327306, , , , , , , 13.1370577, -0.0109102, , , , , , , , , , , , , , , , , , , , , , , , , , , , 
13.1375769, 0.0683146, , , , , , , 13.1375769, -0.0115816, , , , , , , 13.1375769, 0.0374304, , , , , , , 13.1375769, -0.0162814, , , , , , , , , , , , , , , , , , , , , , , , , , , , 
13.1380962, 0.0728466, , , , , , , 13.1380962, -0.0508583, , , , , , , 13.1380962, 0.040116, , , , , , , 13.1380962, -0.0179599, , , , , , , , , , , , , , , , , , , , , , , , , , , , 
13.1386154, 0.0730144, , , , , , , 13.1386154, -0.0944991, , , , , , , 13.1386154, 0.0377661, , , , , , , 13.1386154, -0.0179599, , , , , , , , , , , , , , , , , , , , , , , , , , , , 
13.1391346, 0.0649577, , , , , , , 13.1391346, -0.1223621, , , , , , , 13.1391346, 0.0357519, , , , , , , 13.1391346, -0.017792, , , , , , , , , , , , , , , , , , , , , , , , , , , , 
13.1396538, 0.0498512, , , , , , , 13.1396538, -0.1065843, , , , , , , 13.1396538, 0.0293736, , , , , , , 13.1396538, -0.0162814, , , , , , , , , , , , , , , , , , , , , , , , , , , , 
13.1401731, 0.0381018, , , , , , , 13.1401731, -0.0636149, , , , , , , 13.1401731, 0.0137636, , , , , , , 13.1401731, -0.0146029, , , , , , , , , , , , , , , , , , , , , , , , , , , , 
13.1406923, 0.030045, , , , , , , 13.1406923, -0.0283665, , , , , , , 13.1406923, -0.0015106, , , , , , , 13.1406923, -0.0154421, , , , , , , , , , , , , , , , , , , , , , , , , , , , 
13.1412115, 0.0166171, , , , , , , 13.1412115, -0.0102388, , , , , , , 13.1412115, -0.0109102, , , , , , , 13.1412115, -0.0159457, , , , , , , , , , , , , , , , , , , , , , , , , , , , 
13.1417308, 0.0030213, , , , , , , 13.1417308, 0.0011749, , , , , , , 13.1417308, -0.0196384, , , , , , , 13.1417308, -0.0157778, , , , , , , , , , , , , , , , , , , , , , , , , , , , 
13.14225, -0.008896, , , , , , , 13.14225, 0.0058747, , , , , , , 13.14225, -0.0313878, , , , , , , 13.14225, -0.0135958, , , , , , , , , , , , , , , , , , , , , , , , , , , , 
13.1427692, -0.0182956, , , , , , , 13.1427692, 0.0018463, , , , , , , 13.1427692, -0.0449836, , , , , , , 13.1427692, -0.0097353, , , , , , , , , , , , , , , , , , , , , , , , , , , , 
13.1432885, -0.0256809, , , , , , , 13.1432885, -0.0068818, , , , , , , 13.1432885, -0.064622, , , , , , , 13.1432885, -0.0085603, , , , , , , , , , , , , , , , , , , , , , , , , , , , 
13.1438077, -0.0364233, , , , , , , 13.1438077, -0.0182956, , , , , , , 13.1438077, -0.0965133, , , , , , , 13.1438077, -0.0065461, , , , , , , , , , , , , , , , , , , , , , , , , , , , 
13.1443269, -0.0417945, , , , , , , 13.1443269, -0.0270237, , , , , , , 13.1443269, -0.1317617, , , , , , , 13.1443269, -0.0016785, , , , , , , , , , , , , , , , , , , , , , , , , , , , 
13.1448462, -0.043473, , , , , , , 13.1448462, -0.0273594, , , , , , , 13.1448462, -0.1478752, , , , , , , 13.1448462, 0.0048676, , , , , , , , , , , , , , , , , , , , , , , , , , , , 
13.1453654, -0.0471656, , , , , , , 13.1453654, -0.0283665, , , , , , , 13.1453654, -0.1485466, , , , , , , 13.1453654, 0.0119173, , , , , , , , , , , , , , , , , , , , , , , , , , , , 
13.1458846, -0.0458228, , , , , , , 13.1458846, -0.0414588, , , , , , , 13.1458846, -0.1505608, , , , , , , 13.1458846, 0.0139315, , , , , , , , , , , , , , , , , , , , , , , , , , , , 
13.1464038, -0.0328985, , , , , , , 13.1464038, -0.0491798, , , , , , , 13.1464038, -0.1485466, , , , , , , 13.1464038, 0.0125887, , , , , , , , , , , , , , , , , , , , , , , , , , , , 
13.1469231, -0.0186313, , , , , , , 13.1469231, -0.0310521, , , , , , , 13.1469231, -0.1317617, , , , , , , 13.1469231, 0.0172885, , , , , , , , , , , , , , , , , , , , , , , , , , , , 
13.1474423, -0.0132601, , , , , , , 13.1474423, -0.0036927, , , , , , , 13.1474423, -0.1149767, , , , , , , 13.1474423, 0.0248417, , , , , , , , , , , , , , , , , , , , , , , , , , , , 
13.1479615, -0.0085603, , , , , , , 13.1479615, 0.0129244, , , , , , , 13.1479615, -0.1153124, , , , , , , 13.1479615, 0.0327306, , , , , , , , , , , , , , , , , , , , , , , , , , , , 
13.1484808, 0.0005035, , , , , , , 13.1484808, 0.0182956, , , , , , , 13.1484808, -0.114641, , , , , , , 13.1484808, 0.0421302, , , , , , , , , , , , , , , , , , , , , , , , , , , , 
13.149, 0.0105745, , , , , , , 13.149, 0.0186313, , , , , , , 13.149, -0.0877852, , , , , , , 13.149, 0.0485084, , , , , , , , , , , , , , , , , , , , , , , , , , , , 
13.1495192, 0.0199741, , , , , , , 13.1495192, 0.0176242, , , , , , , 13.1495192, -0.0379339, , , , , , , 13.1495192, 0.0481727, , , , , , , , , , , , , , , , , , , , , , , , , , , , 
13.1500385, 0.0231632, , , , , , , 13.1500385, 0.0193027, , , , , , , 13.1500385, 0.0052033, , , , , , , 13.1500385, 0.0453193, , , , , , , , , , , , , , , , , , , , , , , , , , , , 
13.1505577, 0.023331, , , , , , , 13.1505577, 0.0246738, , , , , , , 13.1505577, 0.0206455, , , , , , , 13.1505577, 0.047837, , , , , , , , , , , , , , , , , , , , , , , , , , , , 
13.1510769, 0.0229953, , , , , , , 13.1510769, 0.0354162, , , , , , , 13.1510769, 0.0159457, , , , , , , 13.1510769, 0.0518654, , , , , , , , , , , , , , , , , , , , , , , , , , , , 
13.1515962, 0.0240024, , , , , , , 13.1515962, 0.0501869, , , , , , , 13.1515962, 0.0132601, , , , , , , 13.1515962, 0.0535439, , , , , , , , , , , , , , , , , , , , , , , , , , , , 
13.1521154, 0.0246738, , , , , , , 13.1521154, 0.0547189, , , , , , , 13.1521154, 0.0193027, , , , , , , 13.1521154, 0.0522011, , , , , , , , , , , , , , , , , , , , , , , , , , , , 
13.1526346, 0.026688, , , , , , , 13.1526346, 0.0374304, , , , , , , 13.1526346, 0.0193027, , , , , , , 13.1526346, 0.0439765, , , , , , , , , , , , , , , , , , , , , , , , , , , , 
13.1531538, 0.0288701, , , , , , , 13.1531538, 0.0152743, , , , , , , 13.1531538, 0.0112459, , , , , , , 13.1531538, 0.033402, , , , , , , , , , , , , , , , , , , , , , , , , , , , 
13.1536731, 0.0263523, , , , , , , 13.1536731, 0.0085603, , , , , , , 13.1536731, 0.0028534, , , , , , , 13.1536731, 0.0243381, , , , , , , , , , , , , , , , , , , , , , , , , , , , 
13.1541923, 0.0231632, , , , , , , 13.1541923, 0.0157778, , , , , , , 13.1541923, -0.0045319, , , , , , , 13.1541923, 0.0186313, , , , , , , , , , , , , , , , , , , , , , , , , , , , 
13.1547115, 0.0260166, , , , , , , 13.1547115, 0.0218204, , , , , , , 13.1547115, -0.0095674, , , , , , , 13.1547115, 0.0099031, , , , , , , , , , , , , , , , , , , , , , , , , , , , 
13.1552308, 0.0273594, , , , , , , 13.1552308, 0.0216526, , , , , , , 13.1552308, -0.0097353, , , , , , , 13.1552308, -0.0008392, , , , , , , , , , , , , , , , , , , , , , , , , , , , 
13.15575, 0.030045, , , , , , , 13.15575, 0.0172885, , , , , , , 13.15575, -0.0003357, , , , , , , 13.15575, -0.0105745, , , , , , , , , , , , , , , , , , , , , , , , , , , , 
13.1562692, 0.0448157, , , , , , , 13.1562692, 0.0065461, , , , , , , 13.1562692, 0.0159457, , , , , , , 13.1562692, -0.0162814, , , , , , , , , , , , , , , , , , , , , , , , , , , , 
13.1567885, 0.0642863, , , , , , , 13.1567885, -0.01561, , , , , , , 13.1567885, 0.0317235, , , , , , , 13.1567885, -0.0159457, , , , , , , , , , , , , , , , , , , , , , , , , , , , 
13.1573077, 0.072343, , , , , , , 13.1573077, -0.036759, , , , , , , 13.1573077, 0.0481727, , , , , , , 13.1573077, -0.0115816, , , , , , , , , , , , , , , , , , , , , , , , , , , , 
13.1578269, 0.0703288, , , , , , , 13.1578269, -0.0438087, , , , , , , 13.1578269, 0.0733501, , , , , , , 13.1578269, -0.0070497, , , , , , , , , , , , , , , , , , , , , , , , , , , , 
13.1583462, 0.0669718, , , , , , , 13.1583462, -0.0354162, , , , , , , 13.1583462, 0.0998703, , , , , , , 13.1583462, -0.005539, , , , , , , , , , , , , , , , , , , , , , , , , , , , 
13.1588654, 0.0622721, , , , , , , 13.1588654, -0.0191348, , , , , , , 13.1588654, 0.1193408, , , , , , , 13.1588654, -0.0078889, , , , , , , , , , , , , , , , , , , , , , , , , , , , 
13.1593846, 0.0533761, , , , , , , 13.1593846, -0.0125887, , , , , , , 13.1593846, 0.1307546, , , , , , , 13.1593846, -0.0112459, , , , , , , , , , , , , , , , , , , , , , , , , , , , 
13.1599038, 0.0421302, , , , , , , 13.1599038, -0.0199741, , , , , , , 13.1599038, 0.1408255, , , , , , , 13.1599038, -0.0095674, , , , , , , , , , , , , , , , , , , , , , , , , , , , 
13.1604231, 0.0303807, , , , , , , 13.1604231, -0.0224918, , , , , , , 13.1604231, 0.1502251, , , , , , , 13.1604231, -0.002182, , , , , , , , , , , , , , , , , , , , , , , , , , , , 
13.1609423, 0.0198062, , , , , , , 13.1609423, -0.0104067, , , , , , , 13.1609423, 0.156939, , , , , , , 13.1609423, 0.0043641, , , , , , , , , , , , , , , , , , , , , , , , , , , , 
13.1614615, 0.0099031, , , , , , , 13.1614615, 0.0092317, , , , , , , 13.1614615, 0.1535821, , , , , , , 13.1614615, 0.0052033, , , , , , , , , , , , , , , , , , , , , , , , , , , , 
13.1619808, -0.002182, , , , , , , 13.1619808, 0.0263523, , , , , , , 13.1619808, 0.1324331, , , , , , , 13.1619808, 0.0097353, , , , , , , , , , , , , , , , , , , , , , , , , , , , 
13.1625, -0.0159457, , , , , , , 13.1625, 0.0392767, , , , , , , 13.1625, 0.0963455, , , , , , , 13.1625, 0.0179599, , , , , , , , , , , , , , , , , , , , , , , , , , , , 
13.1630192, -0.0287022, , , , , , , 13.1630192, 0.0404517, , , , , , , 13.1630192, 0.0481727, , , , , , , 13.1630192, 0.0226596, , , , , , , , , , , , , , , , , , , , , , , , , , , , 
13.1635385, -0.0370947, , , , , , , 13.1635385, 0.0313878, , , , , , , 13.1635385, -0.0115816, , , , , , , 13.1635385, 0.0226596, , , , , , , , , , , , , , , , , , , , , , , , , , , , 
13.1640577, -0.0464942, , , , , , , 13.1640577, 0.023331, , , , , , , 13.1640577, -0.0849317, , , , , , , 13.1640577, 0.0198062, , , , , , , , , , , , , , , , , , , , , , , , , , , , 
13.1645769, -0.0532082, , , , , , , 13.1645769, 0.0203098, , , , , , , 13.1645769, -0.1599603, , , , , , , 13.1645769, 0.0186313, , , , , , , , , , , , , , , , , , , , , , , , , , , , 
13.1650962, -0.054551, , , , , , , 13.1650962, 0.0253452, , , , , , , 13.1650962, -0.2165255, , , , , , , 13.1650962, 0.0186313, , , , , , , , , , , , , , , , , , , , , , , , , , , , 
13.1656154, -0.0491798, , , , , , , 13.1656154, 0.036759, , , , , , , 13.1656154, -0.2418708, , , , , , , 13.1656154, 0.0157778, , , , , , , , , , , , , , , , , , , , , , , , , , , , 
13.1661346, -0.0381018, , , , , , , 13.1661346, 0.0352483, , , , , , , 13.1661346, -0.2438849, , , , , , , 13.1661346, 0.0119173, , , , , , , , , , , , , , , , , , , , , , , , , , , , 
13.1666538, -0.0240024, , , , , , , 13.1666538, 0.0151064, , , , , , , 13.1666538, -0.2373388, , , , , , , 13.1666538, 0.0130922, , , , , , , , , , , , , , , , , , , , , , , , , , , , 
13.1671731, -0.0095674, , , , , , , 13.1671731, -0.0018463, , , , , , , 13.1671731, -0.2321355, , , , , , , 13.1671731, 0.0166171, , , , , , , , , , , , , , , , , , , , , , , , , , , , 
13.1676923, -0.0015106, , , , , , , 13.1676923, -0.0028534, , , , , , , 13.1676923, -0.2183719, , , , , , , 13.1676923, 0.0196384, , , , , , , , , , , , , , , , , , , , , , , , , , , , 
13.1682115, 0.0041962, , , , , , , 13.1682115, 0.0005035, , , , , , , 13.1682115, -0.1809415, , , , , , , 13.1682115, 0.0246738, , , , , , , , , , , , , , , , , , , , , , , , , , , , 
13.1687308, 0.0092317, , , , , , , 13.1687308, 0.0149386, , , , , , , 13.1687308, -0.1252155, , , , , , , 13.1687308, 0.0320592, , , , , , , , , , , , , , , , , , , , , , , , , , , , 
13.16925, 0.0157778, , , , , , , 13.16925, 0.0441444, , , , , , , 13.16925, -0.0706645, , , , , , , 13.16925, 0.0379339, , , , , , , , , , , , , , , , , , , , , , , , , , , , 
13.1697692, 0.0216526, , , , , , , 13.1697692, 0.047837, , , , , , , 13.1697692, -0.0263523, , , , , , , 13.1697692, 0.0394446, , , , , , , , , , , , , , , , , , , , , , , , , , , , 
13.1702885, 0.0276951, , , , , , , 13.1702885, 0.0146029, , , , , , , 13.1702885, 0.0078889, , , , , , , 13.1702885, 0.0360876, , , , , , , , , , , , , , , , , , , , , , , , , , , , 
13.1708077, 0.0263523, , , , , , , 13.1708077, -0.0234989, , , , , , , 13.1708077, 0.030045, , , , , , , 13.1708077, 0.0313878, , , , , , , , , , , , , , , , , , , , , , , , , , , , 
13.1713269, 0.0199741, , , , , , , 13.1713269, -0.0431373, , , , , , , 13.1713269, 0.0417945, , , , , , , 13.1713269, 0.0307164, , , , , , , , , , , , , , , , , , , , , , , , , , , , 
13.1718462, 0.0104067, , , , , , , 13.1718462, -0.0555581, , , , , , , 13.1718462, 0.0495155, , , , , , , 13.1718462, 0.0330663, , , , , , , , , , , , , , , , , , , , , , , , , , , , 
13.1723654, 0.0045319, , , , , , , 13.1723654, -0.0726787, , , , , , , 13.1723654, 0.0641184, , , , , , , 13.1723654, 0.0320592, , , , , , , , , , , , , , , , , , , , , , , , , , , , 
13.1728846, 0.0041962, , , , , , , 13.1728846, -0.0941634, , , , , , , 13.1728846, 0.0884565, , , , , , , 13.1728846, 0.0290379, , , , , , , , , , , , , , , , , , , , , , , , , , , , 
13.1734038, 0.0105745, , , , , , , 13.1734038, -0.124712, , , , , , , 13.1734038, 0.10692, , , , , , , 13.1734038, 0.0216526, , , , , , , , , , , , , , , , , , , , , , , , , , , , 
13.1739231, 0.0151064, , , , , , , 13.1739231, -0.16701, , , , , , , 13.1739231, 0.1183337, , , , , , , 13.1739231, 0.0115816, , , , , , , , , , , , , , , , , , , , , , , , , , , , 
13.1744423, 0.0172885, , , , , , , 13.1744423, -0.2032654, , , , , , , 13.1744423, 0.1220264, , , , , , , 13.1744423, 0.0031891, , , , , , , , , , , , , , , , , , , , , , , , , , , , 
13.1749615, 0.0182956, , , , , , , 13.1749615, -0.2083009, , , , , , , 13.1749615, 0.1183337, , , , , , , 13.1749615, -0.0008392, , , , , , , , , , , , , , , , , , , , , , , , , , , , 
13.1754808, 0.023331, , , , , , , 13.1754808, -0.1722133, , , , , , , 13.1754808, 0.1045701, , , , , , , 13.1754808, -0.0045319, , , , , , , , , , , , , , , , , , , , , , , , , , , , 
13.176, 0.0330663, , , , , , , 13.176, -0.1190051, , , , , , , 13.176, 0.0832532, , , , , , , 13.176, -0.0095674, , , , , , , , , , , , , , , , , , , , , , , , , , , , 
13.1765192, 0.0414588, , , , , , , 13.1765192, -0.0780499, , , , , , , 13.1765192, 0.0589151, , , , , , , 13.1765192, -0.0146029, , , , , , , , , , , , , , , , , , , , , , , , , , , , 
13.1770385, 0.0500191, , , , , , , 13.1770385, -0.0538796, , , , , , , 13.1770385, 0.0397803, , , , , , , 13.1770385, -0.0172885, , , , , , , , , , , , , , , , , , , , , , , , , , , , 
13.1775577, 0.0594186, , , , , , , 13.1775577, -0.0377661, , , , , , , 13.1775577, 0.0287022, , , , , , , 13.1775577, -0.0198062, , , , , , , , , , , , , , , , , , , , , , , , , , , , 
13.1780769, 0.0710002, , , , , , , 13.1780769, -0.023331, , , , , , , 13.1780769, 0.0290379, , , , , , , 13.1780769, -0.0229953, , , , , , , , , , , , , , , , , , , , , , , , , , , , 
13.1785962, 0.079057, , , , , , , 13.1785962, -0.0041962, , , , , , , 13.1785962, 0.0372625, , , , , , , 13.1785962, -0.026688, , , , , , , , , , , , , , , , , , , , , , , , , , , , 
13.1791154, 0.0800641, , , , , , , 13.1791154, 0.0199741, , , , , , , 13.1791154, 0.0436408, , , , , , , 13.1791154, -0.0283665, , , , , , , , , , , , , , , , , , , , , , , , , , , , 
13.1796346, 0.0773785, , , , , , , 13.1796346, 0.0391089, , , , , , , 13.1796346, 0.0431373, , , , , , , 13.1796346, -0.0263523, , , , , , , , , , , , , , , , , , , , , , , , , , , , 
13.1801538, 0.0686503, , , , , , , 13.1801538, 0.0471656, , , , , , , 13.1801538, 0.0404517, , , , , , , 13.1801538, -0.0226596, , , , , , , , , , , , , , , , , , , , , , , , , , , , 
13.1806731, 0.0535439, , , , , , , 13.1806731, 0.0468299, , , , , , , 13.1806731, 0.0421302, , , , , , , 13.1806731, -0.0186313, , , , , , , , , , , , , , , , , , , , , , , , , , , , 
13.1811923, 0.0414588, , , , , , , 13.1811923, 0.0428016, , , , , , , 13.1811923, 0.0481727, , , , , , , 13.1811923, -0.0139315, , , , , , , , , , , , , , , , , , , , , , , , , , , , 
13.1817115, 0.0337377, , , , , , , 13.1817115, 0.0387732, , , , , , , 13.1817115, 0.0535439, , , , , , , 13.1817115, -0.0072175, , , , , , , , , , , , , , , , , , , , , , , , , , , , 
13.1822308, 0.0250095, , , , , , , 13.1822308, 0.0347448, , , , , , , 13.1822308, 0.0542153, , , , , , , 13.1822308, -0.0031891, , , , , , , , , , , , , , , , , , , , , , , , , , , , 
13.18275, 0.0135958, , , , , , , 13.18275, 0.0203098, , , , , , , 13.18275, 0.0488441, , , , , , , 13.18275, -0.0041962, , , , , , , , , , , , , , , , , , , , , , , , , , , , 
13.1832692, 0.0011749, , , , , , , 13.1832692, 0.0082246, , , , , , , 13.1832692, 0.0438087, , , , , , , 13.1832692, -0.0041962, , , , , , , , , , , , , , , , , , , , , , , , , , , , 
13.1837885, -0.0060426, , , , , , , 13.1837885, 0.0132601, , , , , , , 13.1837885, 0.0424659, , , , , , , 13.1837885, -0.0008392, , , , , , , , , , , , , , , , , , , , , , , , , , , , 
13.1843077, -0.0176242, , , , , , , 13.1843077, 0.030045, , , , , , , 13.1843077, 0.0397803, , , , , , , 13.1843077, 0.0062104, , , , , , , , , , , , , , , , , , , , , , , , , , , , 
13.1848269, -0.0303807, , , , , , , 13.1848269, 0.0428016, , , , , , , 13.1848269, 0.0337377, , , , , , , 13.1848269, 0.0132601, , , , , , , , , , , , , , , , , , , , , , , , , , , , 
13.1853462, -0.0370947, , , , , , , 13.1853462, 0.0433051, , , , , , , 13.1853462, 0.023331, , , , , , , 13.1853462, 0.0213169, , , , , , , , , , , , , , , , , , , , , , , , , , , , 
13.1858654, -0.036759, , , , , , , 13.1858654, 0.036759, , , , , , , 13.1858654, 0.005539, , , , , , , 13.1858654, 0.0327306, , , , , , , , , , , , , , , , , , , , , , , , , , , , 
13.1863846, -0.0307164, , , , , , , 13.1863846, 0.0327306, , , , , , , 13.1863846, -0.0260166, , , , , , , 13.1863846, 0.0428016, , , , , , , , , , , , , , , , , , , , , , , , , , , , 
13.1869038, -0.0203098, , , , , , , 13.1869038, 0.0313878, , , , , , , 13.1869038, -0.0721752, , , , , , , 13.1869038, 0.0480049, , , , , , , , , , , , , , , , , , , , , , , , , , , , 
13.1874231, -0.0162814, , , , , , , 13.1874231, 0.0250095, , , , , , , 13.1874231, -0.1176623, , , , , , , 13.1874231, 0.0543832, , , , , , , , , , , , , , , , , , , , , , , , , , , , 
13.1879423, -0.0193027, , , , , , , 13.1879423, 0.01561, , , , , , , 13.1879423, -0.1461967, , , , , , , 13.1879423, 0.0626078, , , , , , , , , , , , , , , , , , , , , , , , , , , , 
13.1884615, -0.0209812, , , , , , , 13.1884615, 0.0119173, , , , , , , 13.1884615, -0.1566033, , , , , , , 13.1884615, 0.0626078, , , , , , , , , , , , , , , , , , , , , , , , , , , , 
13.1889808, -0.0146029, , , , , , , 13.1889808, 0.0140993, , , , , , , 13.1889808, -0.1599603, , , , , , , 13.1889808, 0.0535439, , , , , , , , , , , , , , , , , , , , , , , , , , , , 
13.1895, -0.0052033, , , , , , , 13.1895, 0.0206455, , , , , , , 13.1895, -0.1619745, , , , , , , 13.1895, 0.0431373, , , , , , , , , , , , , , , , , , , , , , , , , , , , 
13.1900192, -0.0041962, , , , , , , 13.1900192, 0.0236667, , , , , , , 13.1900192, -0.1707027, , , , , , , 13.1900192, 0.0392767, , , , , , , , , , , , , , , , , , , , , , , , , , , , 
13.1905385, -0.0043641, , , , , , , 13.1905385, 0.0186313, , , , , , , 13.1905385, -0.1834592, , , , , , , 13.1905385, 0.0386053, , , , , , , , , , , , , , , , , , , , , , , , , , , , 
13.1910577, -0.002182, , , , , , , 13.1910577, 0.0058747, , , , , , , 13.1910577, -0.1898375, , , , , , , 13.1910577, 0.0387732, , , , , , , , , , , , , , , , , , , , , , , , , , , , 
13.1915769, -0.0001678, , , , , , , 13.1915769, -0.0095674, , , , , , , 13.1915769, -0.1901732, , , , , , , 13.1915769, 0.0381018, , , , , , , , , , , , , , , , , , , , , , , , , , , , 
13.1920962, 0.0020142, , , , , , , 13.1920962, -0.0229953, , , , , , , 13.1920962, -0.1854734, , , , , , , 13.1920962, 0.0354162, , , , , , , , , , , , , , , , , , , , , , , , , , , , 
13.1926154, 0.002182, , , , , , , 13.1926154, -0.0292058, , , , , , , 13.1926154, -0.1733883, , , , , , , 13.1926154, 0.0320592, , , , , , , , , , , , , , , , , , , , , , , , , , , , 
13.1931346, 0.0011749, , , , , , , 13.1931346, -0.0303807, , , , , , , 13.1931346, -0.1599603, , , , , , , 13.1931346, 0.0283665, , , , , , , , , , , , , , , , , , , , , , , , , , , , 
13.1936538, -0.0005035, , , , , , , 13.1936538, -0.0219883, , , , , , , 13.1936538, -0.1550927, , , , , , , 13.1936538, 0.0253452, , , , , , , , , , , , , , , , , , , , , , , , , , , , 
13.1941731, -0.0025177, , , , , , , 13.1941731, -0.0062104, , , , , , , 13.1941731, -0.1552605, , , , , , , 13.1941731, 0.0221561, , , , , , , , , , , , , , , , , , , , , , , , , , , , 
13.1946923, -0.0028534, , , , , , , 13.1946923, 0.0078889, , , , , , , 13.1946923, -0.1320974, , , , , , , 13.1946923, 0.0184634, , , , , , , , , , , , , , , , , , , , , , , , , , , , 
13.1952115, -0.0003357, , , , , , , 13.1952115, 0.0109102, , , , , , , 13.1952115, -0.0780499, , , , , , , 13.1952115, 0.0149386, , , , , , , , , , , , , , , , , , , , , , , , , , , , 
13.1957308, 0.0057069, , , , , , , 13.1957308, 0.0070497, , , , , , , 13.1957308, -0.0149386, , , , , , , 13.1957308, 0.0085603, , , , , , , , , , , , , , , , , , , , , , , , , , , , 
13.19625, 0.0199741, , , , , , , 13.19625, 0.0011749, , , , , , , 13.19625, 0.0414588, , , , , , , 13.19625, -0.0028534, , , , , , , , , , , , , , , , , , , , , , , , , , , , 
13.1967692, 0.0369268, , , , , , , 13.1967692, 0.0005035, , , , , , , 13.1967692, 0.0867781, , , , , , , 13.1967692, -0.0142672, , , , , , , , , , , , , , , , , , , , , , , , , , , , 
13.1972885, 0.0522011, , , , , , , 13.1972885, 0.0015106, , , , , , , 13.1972885, 0.1196765, , , , , , , 13.1972885, -0.0206455, , , , , , , , , , , , , , , , , , , , , , , , , , , , 
13.1978077, 0.0616007, , , , , , , 13.1978077, -0.0008392, , , , , , , 13.1978077, 0.1461967, , , , , , , 13.1978077, -0.0198062, , , , , , , , , , , , , , , , , , , , , , , , , , , , 
13.1983269, 0.0663005, , , , , , , 13.1983269, -0.002182, , , , , , , 13.1983269, 0.1676814, , , , , , , 13.1983269, -0.0171206, , , , , , , , , , , , , , , , , , , , , , , , , , , , 
13.1988462, 0.0649577, , , , , , , 13.1988462, 0.0052033, , , , , , , 13.1988462, 0.1774166, , , , , , , 13.1988462, -0.0176242, , , , , , , , , , , , , , , , , , , , , , , , , , , , 
13.1993654, 0.0621042, , , , , , , 13.1993654, 0.0273594, , , , , , , 13.1993654, 0.1802701, , , , , , , 13.1993654, -0.0176242, , , , , , , , , , , , , , , , , , , , , , , , , , , , 
13.1998846, 0.0548867, , , , , , , 13.1998846, 0.0397803, , , , , , , 13.1998846, 0.1807736, , , , , , , 13.1998846, -0.0146029, , , , , , , , , , , , , , , , , , , , , , , , , , , , 
13.2004038, 0.0466621, , , , , , , 13.2004038, 0.0290379, , , , , , , 13.2004038, 0.1757382, , , , , , , 13.2004038, -0.0092317, , , , , , , , , , , , , , , , , , , , , , , , , , , , 
13.2009231, 0.0387732, , , , , , , 13.2009231, 0.0166171, , , , , , , 13.2009231, 0.1639887, , , , , , , 13.2009231, -0.0035248, , , , , , , , , , , , , , , , , , , , , , , , , , , , 
13.2014423, 0.0303807, , , , , , , 13.2014423, 0.03122, , , , , , , 13.2014423, 0.152575, , , , , , , 13.2014423, 0.0016785, , , , , , , , , , , , , , , , , , , , , , , , , , , , 
13.2019615, 0.0193027, , , , , , , 13.2019615, 0.061265, , , , , , , 13.2019615, 0.1413291, , , , , , , 13.2019615, 0.0065461, , , , , , , , , , , , , , , , , , , , , , , , , , , , 
13.2024808, 0.0068818, , , , , , , 13.2024808, 0.0673075, , , , , , , 13.2024808, 0.1220264, , , , , , , 13.2024808, 0.0132601, , , , , , , , , , , , , , , , , , , , , , , , , , , , 
13.203, -0.0068818, , , , , , , 13.203, 0.0392767, , , , , , , 13.203, 0.0911421, , , , , , , 13.203, 0.0199741, , , , , , , , , , , , , , , , , , , , , , , , , , , , 
13.2035192, -0.0194705, , , , , , , 13.2035192, -0.0018463, , , , , , , 13.2035192, 0.0459907, , , , , , , 13.2035192, 0.030045, , , , , , , , , , , , , , , , , , , , , , , , , , , , 
13.2040385, -0.0293736, , , , , , , 13.2040385, -0.0404517, , , , , , , 13.2040385, -0.002182, , , , , , , 13.2040385, 0.0414588, , , , , , , , , , , , , , , , , , , , , , , , , , , , 
13.2045577, -0.0412909, , , , , , , 13.2045577, -0.0713359, , , , , , , 13.2045577, -0.0404517, , , , , , , 13.2045577, 0.0530404, , , , , , , , , , , , , , , , , , , , , , , , , , , , 
13.2050769, -0.0538796, , , , , , , 13.2050769, -0.0881209, , , , , , , 13.2050769, -0.0652934, , , , , , , 13.2050769, 0.0627756, , , , , , , , , , , , , , , , , , , , , , , , , , , , 
13.2055962, -0.0572366, , , , , , , 13.2055962, -0.0864424, , , , , , , 13.2055962, -0.0894636, , , , , , , 13.2055962, 0.0647898, , , , , , , , , , , , , , , , , , , , , , , , , , , , 
13.2061154, -0.047837, , , , , , , 13.2061154, -0.0716716, , , , , , , 13.2061154, -0.1203479, , , , , , , 13.2061154, 0.0535439, , , , , , , , , , , , , , , , , , , , , , , , , , , , 
13.2066346, -0.0283665, , , , , , , 13.2066346, -0.0518654, , , , , , , 13.2066346, -0.1389792, , , , , , , 13.2066346, 0.0374304, , , , , , , , , , , , , , , , , , , , , , , , , , , , 
13.2071538, -0.0095674, , , , , , , 13.2071538, -0.0293736, , , , , , , 13.2071538, -0.13579, , , , , , , 13.2071538, 0.0218204, , , , , , , , , , , , , , , , , , , , , , , , , , , , 
13.2076731, 0.0006714, , , , , , , 13.2076731, -0.0011749, , , , , , , 13.2076731, -0.1176623, , , , , , , 13.2076731, 0.0082246, , , , , , , , , , , , , , , , , , , , , , , , , , , , 
13.2081923, 0.0085603, , , , , , , 13.2081923, 0.0075532, , , , , , , 13.2081923, -0.0928206, , , , , , , 13.2081923, 0.0008392, , , , , , , , , , , , , , , , , , , , , , , , , , , , 
13.2087115, 0.0179599, , , , , , , 13.2087115, -0.0196384, , , , , , , 13.2087115, -0.0703288, , , , , , , 13.2087115, -0.0028534, , , , , , , , , , , , , , , , , , , , , , , , , , , , 
13.2092308, 0.0226596, , , , , , , 13.2092308, -0.04448, , , , , , , 13.2092308, -0.0495155, , , , , , , 13.2092308, -0.005539, , , , , , , , , , , , , , , , , , , , , , , , , , , , 
13.20975, 0.0250095, , , , , , , 13.20975, -0.04448, , , , , , , 13.20975, -0.0273594, , , , , , , 13.20975, -0.0082246, , , , , , , , , , , , , , , , , , , , , , , , , , , , 
13.2102692, 0.0307164, , , , , , , 13.2102692, -0.0354162, , , , , , , 13.2102692, -0.012253, , , , , , , 13.2102692, -0.012253, , , , , , , , , , , , , , , , , , , , , , , , , , , , 
13.2107885, 0.0327306, , , , , , , 13.2107885, -0.0293736, , , , , , , 13.2107885, -0.0057069, , , , , , , 13.2107885, -0.0139315, , , , , , , , , , , , , , , , , , , , , , , , , , , , 
13.2113077, 0.0303807, , , , , , , 13.2113077, -0.0191348, , , , , , , 13.2113077, -0.002182, , , , , , , 13.2113077, -0.0119173, , , , , , , , , , , , , , , , , , , , , , , , , , , , 
13.2118269, 0.0287022, , , , , , , 13.2118269, -0.0112459, , , , , , , 13.2118269, 0.0005035, , , , , , , 13.2118269, -0.008896, , , , , , , , , , , , , , , , , , , , , , , , , , , , 
13.2123462, 0.0313878, , , , , , , 13.2123462, -0.0052033, , , , , , , 13.2123462, -0.0001678, , , , , , , 13.2123462, -0.0068818, , , , , , , , , , , , , , , , , , , , , , , , , , , , 
13.2128654, 0.0347448, , , , , , , 13.2128654, -0.0068818, , , , , , , 13.2128654, -0.0025177, , , , , , , 13.2128654, -0.0048676, , , , , , , , , , , , , , , , , , , , , , , , , , , , 
13.2133846, 0.0325628, , , , , , , 13.2133846, -0.0236667, , , , , , , 13.2133846, -0.0023499, , , , , , , 13.2133846, -0.0008392, , , , , , , , , , , , , , , , , , , , , , , , , , , , 
13.2139038, 0.0344091, , , , , , , 13.2139038, -0.033402, , , , , , , 13.2139038, -0.0006714, , , , , , , 13.2139038, 0.0045319, , , , , , , , , , , , , , , , , , , , , , , , , , , , 
13.2144231, 0.040116, , , , , , , 13.2144231, -0.0135958, , , , , , , 13.2144231, 0.002182, , , , , , , 13.2144231, 0.0115816, , , , , , , , , , , , , , , , , , , , , , , , , , , , 
13.2149423, 0.0414588, , , , , , , 13.2149423, 0.0293736, , , , , , , 13.2149423, 0.0068818, , , , , , , 13.2149423, 0.0186313, , , , , , , , , , , , , , , , , , , , , , , , , , , , 
13.2154615, 0.0397803, , , , , , , 13.2154615, 0.068986, , , , , , , 13.2154615, 0.0102388, , , , , , , 13.2154615, 0.0253452, , , , , , , , , , , , , , , , , , , , , , , , , , , , 
13.2159808, 0.0451514, , , , , , , 13.2159808, 0.0793927, , , , , , , 13.2159808, 0.0105745, , , , , , , 13.2159808, 0.0260166, , , , , , , , , , , , , , , , , , , , , , , , , , , , 
13.2165, 0.0575723, , , , , , , 13.2165, 0.0582437, , , , , , , 13.2165, 0.0152743, , , , , , , 13.2165, 0.0219883, , , , , , , , , , , , , , , , , , , , , , , , , , , , 
13.2170192, 0.0649577, , , , , , , 13.2170192, 0.0310521, , , , , , , 13.2170192, 0.0251774, , , , , , , 13.2170192, 0.0199741, , , , , , , , , , , , , , , , , , , , , , , , , , , , 
13.2175385, 0.063447, , , , , , , 13.2175385, 0.0146029, , , , , , , 13.2175385, 0.0354162, , , , , , , 13.2175385, 0.0182956, , , , , , , , , , , , , , , , , , , , , , , , , , , , 
13.2180577, 0.0599222, , , , , , , 13.2180577, -0.0025177, , , , , , , 13.2180577, 0.0411231, , , , , , , 13.2180577, 0.0127565, , , , , , , , , , , , , , , , , , , , , , , , , , , , 
13.2185769, 0.0589151, , , , , , , 13.2185769, -0.023331, , , , , , , 13.2185769, 0.0428016, , , , , , , 13.2185769, 0.0078889, , , , , , , , , , , , , , , , , , , , , , , , , , , , 
13.2190962, 0.0560616, , , , , , , 13.2190962, -0.0421302, , , , , , , 13.2190962, 0.0411231, , , , , , , 13.2190962, 0.0052033, , , , , , , , , , , , , , , , , , , , , , , , , , , , 
13.2196154, 0.0503548, , , , , , , 13.2196154, -0.0632792, , , , , , , 13.2196154, 0.0364233, , , , , , , 13.2196154, 0.0003357, , , , , , , , , , , , , , , , , , , , , , , , , , , , 
13.2201346, 0.0433051, , , , , , , 13.2201346, -0.0881209, , , , , , , 13.2201346, 0.0313878, , , , , , , 13.2201346, -0.0048676, , , , , , , , , , , , , , , , , , , , , , , , , , , , 
13.2206538, 0.0340734, , , , , , , 13.2206538, -0.1030594, , , , , , , 13.2206538, 0.0273594, , , , , , , 13.2206538, -0.0045319, , , , , , , , , , , , , , , , , , , , , , , , , , , , 
13.2211731, 0.0223239, , , , , , , 13.2211731, -0.1008774, , , , , , , 13.2211731, 0.0243381, , , , , , , 13.2211731, -0.002182, , , , , , , , , , , , , , , , , , , , , , , , , , , , 
13.2216923, 0.0085603, , , , , , , 13.2216923, -0.096849, , , , , , , 13.2216923, 0.0226596, , , , , , , 13.2216923, -0.0001678, , , , , , , , , , , , , , , , , , , , , , , , , , , , 
13.2222115, -0.0075532, , , , , , , 13.2222115, -0.1008774, , , , , , , 13.2222115, 0.0206455, , , , , , , 13.2222115, 0.0045319, , , , , , , , , , , , , , , , , , , , , , , , , , , , 
13.2227308, -0.0236667, , , , , , , 13.2227308, -0.1015488, , , , , , , 13.2227308, 0.0166171, , , , , , , 13.2227308, 0.0092317, , , , , , , , , , , , , , , , , , , , , , , , , , , , 
13.22325, -0.0357519, , , , , , , 13.22325, -0.0908064, , , , , , , 13.22325, 0.0149386, , , , , , , 13.22325, 0.0099031, , , , , , , , , , , , , , , , , , , , , , , , , , , , 
13.2237692, -0.0464942, , , , , , , 13.2237692, -0.0713359, , , , , , , 13.2237692, 0.0149386, , , , , , , 13.2237692, 0.0125887, , , , , , , , , , , , , , , , , , , , , , , , , , , , 
13.2242885, -0.0505226, , , , , , , 13.2242885, -0.049012, , , , , , , 13.2242885, 0.0159457, , , , , , , 13.2242885, 0.0171206, , , , , , , , , , , , , , , , , , , , , , , , , , , , 
13.2248077, -0.0525368, , , , , , , 13.2248077, -0.0330663, , , , , , , 13.2248077, 0.01561, , , , , , , 13.2248077, 0.0193027, , , , , , , , , , , , , , , , , , , , , , , , , , , , 
13.2253269, -0.0498512, , , , , , , 13.2253269, -0.0253452, , , , , , , 13.2253269, 0.0139315, , , , , , , 13.2253269, 0.0187991, , , , , , , , , , , , , , , , , , , , , , , , , , , , 
13.2258462, -0.0417945, , , , , , , 13.2258462, -0.0159457, , , , , , , 13.2258462, 0.0169528, , , , , , , 13.2258462, 0.0179599, , , , , , , , , , , , , , , , , , , , , , , , , , , , 
13.2263654, -0.0283665, , , , , , , 13.2263654, -0.0008392, , , , , , , 13.2263654, 0.0287022, , , , , , , 13.2263654, 0.0159457, , , , , , , , , , , , , , , , , , , , , , , , , , , , 
13.2268846, -0.011078, , , , , , , 13.2268846, 0.0139315, , , , , , , 13.2268846, 0.0485084, , , , , , , 13.2268846, 0.0139315, , , , , , , , , , , , , , , , , , , , , , , , , , , , 
13.2274038, 0.0025177, , , , , , , 13.2274038, 0.0240024, , , , , , , 13.2274038, 0.0703288, , , , , , , 13.2274038, 0.0104067, , , , , , , , , , , , , , , , , , , , , , , , , , , , 
13.2279231, 0.0083925, , , , , , , 13.2279231, 0.0313878, , , , , , , 13.2279231, 0.0847639, , , , , , , 13.2279231, 0.0072175, , , , , , , , , , , , , , , , , , , , , , , , , , , , 
13.2284423, 0.0099031, , , , , , , 13.2284423, 0.0364233, , , , , , , 13.2284423, 0.0897993, , , , , , , 13.2284423, 0.0038605, , , , , , , , , , , , , , , , , , , , , , , , , , , , 
13.2289615, 0.0142672, , , , , , , 13.2289615, 0.036759, , , , , , , 13.2289615, 0.0871138, , , , , , , 13.2289615, -0.0001678, , , , , , , , , , , , , , , , , , , , , , , , , , , , 
13.2294808, 0.0250095, , , , , , , 13.2294808, 0.030045, , , , , , , 13.2294808, 0.0787213, , , , , , , 13.2294808, -0.0035248, , , , , , , , , , , , , , , , , , , , , , , , , , , , 
13.23, 0.0327306, , , , , , , 13.23, 0.0240024, , , , , , , 13.23, 0.0609293, , , , , , , 13.23, -0.005539, , , , , , , , , , , , , , , , , , , , , , , , , , , , 
13.2305192, 0.0347448, , , , , , , 13.2305192, 0.0246738, , , , , , , 13.2305192, 0.0313878, , , , , , , 13.2305192, -0.0075532, , , , , , , , , , , , , , , , , , , , , , , , , , , , 
13.2310385, 0.0391089, , , , , , , 13.2310385, 0.0293736, , , , , , , 13.2310385, -0.0129244, , , , , , , 13.2310385, -0.006714, , , , , , , , , , , , , , , , , , , , , , , , , , , , 
13.2315577, 0.0411231, , , , , , , 13.2315577, 0.0345769, , , , , , , 13.2315577, -0.070161, , , , , , , 13.2315577, -0.0001678, , , , , , , , , , , , , , , , , , , , , , , , , , , , 
13.2320769, 0.0407874, , , , , , , 13.2320769, 0.0381018, , , , , , , 13.2320769, -0.1226978, , , , , , , 13.2320769, 0.0092317, , , , , , , , , , , , , , , , , , , , , , , , , , , , 
13.2325962, 0.0399481, , , , , , , 13.2325962, 0.0370947, , , , , , , 13.2325962, -0.152575, , , , , , , 13.2325962, 0.0196384, , , , , , , , , , , , , , , , , , , , , , , , , , , , 
13.2331154, 0.0377661, , , , , , , 13.2331154, 0.0344091, , , , , , , 13.2331154, -0.1599603, , , , , , , 13.2331154, 0.0290379, , , , , , , , , , , , , , , , , , , , , , , , , , , , 
13.2336346, 0.0350805, , , , , , , 13.2336346, 0.0347448, , , , , , , 13.2336346, -0.1559319, , , , , , , 13.2336346, 0.0344091, , , , , , , , , , , , , , , , , , , , , , , , , , , , 
13.2341538, 0.0287022, , , , , , , 13.2341538, 0.0360876, , , , , , , 13.2341538, -0.1502251, , , , , , , 13.2341538, 0.0387732, , , , , , , , , , , , , , , , , , , , , , , , , , , , 
13.2346731, 0.0146029, , , , , , , 13.2346731, 0.0347448, , , , , , , 13.2346731, -0.1445182, , , , , , , 13.2346731, 0.0399481, , , , , , , , , , , , , , , , , , , , , , , , , , , , 
13.2351923, 0.0048676, , , , , , , 13.2351923, 0.0270237, , , , , , , 13.2351923, -0.1451896, , , , , , , 13.2351923, 0.036759, , , , , , , , , , , , , , , , , , , , , , , , , , , , 
13.2357115, 0.0115816, , , , , , , 13.2357115, 0.0119173, , , , , , , 13.2357115, -0.145861, , , , , , , 13.2357115, 0.0340734, , , , , , , , , , , , , , , , , , , , , , , , , , , , 
13.2362308, 0.0240024, , , , , , , 13.2362308, -0.0001678, , , , , , , 13.2362308, -0.1393149, , , , , , , 13.2362308, 0.0350805, , , , , , , , , , , , , , , , , , , , , , , , , , , , 
13.23675, 0.030045, , , , , , , 13.23675, -0.0031891, , , , , , , 13.23675, -0.1243763, , , , , , , 13.23675, 0.0374304, , , , , , , , , , , , , , , , , , , , , , , , , , , , 
13.2372692, 0.0313878, , , , , , , 13.2372692, -0.0050355, , , , , , , 13.2372692, -0.0971847, , , , , , , 13.2372692, 0.040116, , , , , , , , , , , , , , , , , , , , , , , , , , , , 
13.2377885, 0.0352483, , , , , , , 13.2377885, -0.0095674, , , , , , , 13.2377885, -0.057908, , , , , , , 13.2377885, 0.0387732, , , , , , , , , , , , , , , , , , , , , , , , , , , , 
13.2383077, 0.0387732, , , , , , , 13.2383077, -0.0072175, , , , , , , 13.2383077, -0.0146029, , , , , , , 13.2383077, 0.033402, , , , , , , , , , , , , , , , , , , , , , , , , , , , 
13.2388269, 0.0414588, , , , , , , 13.2388269, -0.0005035, , , , , , , 13.2388269, 0.0172885, , , , , , , 13.2388269, 0.0273594, , , , , , , , , , , , , , , , , , , , , , , , , , , , 
13.2393462, 0.0414588, , , , , , , 13.2393462, 0.0008392, , , , , , , 13.2393462, 0.033402, , , , , , , 13.2393462, 0.0216526, , , , , , , , , , , , , , , , , , , , , , , , , , , , 
13.2398654, 0.0387732, , , , , , , 13.2398654, -0.0085603, , , , , , , 13.2398654, 0.0345769, , , , , , , 13.2398654, 0.012253, , , , , , , , , , , , , , , , , , , , , , , , , , , , 
13.2403846, 0.0320592, , , , , , , 13.2403846, -0.0152743, , , , , , , 13.2403846, 0.0287022, , , , , , , 13.2403846, 0.0028534, , , , , , , , , , , , , , , , , , , , , , , , , , , , 
13.2409038, 0.0199741, , , , , , , 13.2409038, -0.0099031, , , , , , , 13.2409038, 0.0203098, , , , , , , 13.2409038, -0.0052033, , , , , , , , , , , , , , , , , , , , , , , , , , , , 
13.2414231, 0.008896, , , , , , , 13.2414231, -0.0018463, , , , , , , 13.2414231, 0.0223239, , , , , , , 13.2414231, -0.0105745, , , , , , , , , , , , , , , , , , , , , , , , , , , , 
13.2419423, -0.0011749, , , , , , , 13.2419423, 0.0048676, , , , , , , 13.2419423, 0.036759, , , , , , , 13.2419423, -0.0142672, , , , , , , , , , , , , , , , , , , , , , , , , , , , 
13.2424615, -0.0114137, , , , , , , 13.2424615, 0.0186313, , , , , , , 13.2424615, 0.0433051, , , , , , , 13.2424615, -0.0166171, , , , , , , , , , , , , , , , , , , , , , , , , , , , 
13.2429808, -0.01561, , , , , , , 13.2429808, 0.0317235, , , , , , , 13.2429808, 0.0263523, , , , , , , 13.2429808, -0.0157778, , , , , , , , , , , , , , , , , , , , , , , , , , , , 
13.2435, -0.0172885, , , , , , , 13.2435, 0.033402, , , , , , , 13.2435, 0.0041962, , , , , , , 13.2435, -0.0135958, , , , , , , , , , , , , , , , , , , , , , , , , , , , 
13.2440192, -0.0213169, , , , , , , 13.2440192, 0.021149, , , , , , , 13.2440192, -0.012253, , , , , , , 13.2440192, -0.0112459, , , , , , , , , , , , , , , , , , , , , , , , , , , , 
13.2445385, -0.0263523, , , , , , , 13.2445385, 0.0035248, , , , , , , 13.2445385, -0.0285344, , , , , , , 13.2445385, -0.008896, , , , , , , , , , , , , , , , , , , , , , , , , , , , 
13.2450577, -0.0320592, , , , , , , 13.2450577, -0.0166171, , , , , , , 13.2450577, -0.0354162, , , , , , , 13.2450577, -0.0062104, , , , , , , , , , , , , , , , , , , , , , , , , , , , 
13.2455769, -0.0350805, , , , , , , 13.2455769, -0.0325628, , , , , , , 13.2455769, -0.0246738, , , , , , , 13.2455769, -0.0030213, , , , , , , , , , , , , , , , , , , , , , , , , , , , 
13.2460962, -0.0270237, , , , , , , 13.2460962, -0.0377661, , , , , , , 13.2460962, -0.0099031, , , , , , , 13.2460962, -0.0015106, , , , , , , , , , , , , , , , , , , , , , , , , , , , 
13.2466154, -0.0132601, , , , , , , 13.2466154, -0.0305486, , , , , , , 13.2466154, -0.0072175, , , , , , , 13.2466154, -0.0035248, , , , , , , , , , , , , , , , , , , , , , , , , , , , 
13.2471346, -0.0036927, , , , , , , 13.2471346, -0.0196384, , , , , , , 13.2471346, -0.0216526, , , , , , , 13.2471346, -0.0025177, , , , , , , , , , , , , , , , , , , , , , , , , , , , 
13.2476538, 0.002182, , , , , , , 13.2476538, -0.0149386, , , , , , , 13.2476538, -0.0345769, , , , , , , 13.2476538, 0.0020142, , , , , , , , , , , , , , , , , , , , , , , , , , , , 
13.2481731, 0.0045319, , , , , , , 13.2481731, -0.0196384, , , , , , , 13.2481731, -0.0276951, , , , , , , 13.2481731, 0.0105745, , , , , , , , , , , , , , , , , , , , , , , , , , , , 
13.2486923, 0.0045319, , , , , , , 13.2486923, -0.0229953, , , , , , , 13.2486923, -0.0115816, , , , , , , 13.2486923, 0.0256809, , , , , , , , , , , , , , , , , , , , , , , , , , , , 
13.2492115, 0.0041962, , , , , , , 13.2492115, -0.018967, , , , , , , 13.2492115, -0.0015106, , , , , , , 13.2492115, 0.0464942, , , , , , , , , , , , , , , , , , , , , , , , , , , , 
13.2497308, 0.0010071, , , , , , , 13.2497308, -0.0062104, , , , , , , 13.2497308, 0.0011749, , , , , , , 13.2497308, 0.064622, , , , , , , , , , , , , , , , , , , , , , , , , , , , 
13.25025, 0.0011749, , , , , , , 13.25025, 0.0125887, , , , , , , 13.25025, -0.0043641, , , , , , , 13.25025, 0.0750286, , , , , , , , , , , , , , , , , , , , , , , , , , , , 
13.2507692, 0.0035248, , , , , , , 13.2507692, 0.033402, , , , , , , 13.2507692, -0.0221561, , , , , , , 13.2507692, 0.0777142, , , , , , , , , , , , , , , , , , , , , , , , , , , , 
13.2512885, 0.0052033, , , , , , , 13.2512885, 0.0468299, , , , , , , 13.2512885, -0.0364233, , , , , , , 13.2512885, 0.070161, , , , , , , , , , , , , , , , , , , , , , , , , , , , 
13.2518077, 0.0025177, , , , , , , 13.2518077, 0.0414588, , , , , , , 13.2518077, -0.0360876, , , , , , , 13.2518077, 0.0542153, , , , , , , , , , , , , , , , , , , , , , , , , , , , 
13.2523269, 0.0025177, , , , , , , 13.2523269, 0.0196384, , , , , , , 13.2523269, -0.0377661, , , , , , , 13.2523269, 0.036759, , , , , , , , , , , , , , , , , , , , , , , , , , , , 
13.2528462, 0.0075532, , , , , , , 13.2528462, 0.0010071, , , , , , , 13.2528462, -0.0508583, , , , , , , 13.2528462, 0.023331, , , , , , , , , , , , , , , , , , , , , , , , , , , , 
13.2533654, 0.0105745, , , , , , , 13.2533654, -0.0048676, , , , , , , 13.2533654, -0.0679789, , , , , , , 13.2533654, 0.0129244, , , , , , , , , , , , , , , , , , , , , , , , , , , , 
13.2538846, 0.0129244, , , , , , , 13.2538846, 0.0065461, , , , , , , 13.2538846, -0.0797284, , , , , , , 13.2538846, 0.0015106, , , , , , , , , , , , , , , , , , , , , , , , , , , , 
13.2544038, 0.0213169, , , , , , , 13.2544038, 0.0340734, , , , , , , 13.2544038, -0.0850996, , , , , , , 13.2544038, -0.0099031, , , , , , , , , , , , , , , , , , , , , , , , , , , , 
13.2549231, 0.0293736, , , , , , , 13.2549231, 0.0513619, , , , , , , 13.2549231, -0.0840925, , , , , , , 13.2549231, -0.0142672, , , , , , , , , , , , , , , , , , , , , , , , , , , , 
13.2554423, 0.0374304, , , , , , , 13.2554423, 0.0515297, , , , , , , 13.2554423, -0.0706645, , , , , , , 13.2554423, -0.0149386, , , , , , , , , , , , , , , , , , , , , , , , , , , , 
13.2559615, 0.0488441, , , , , , , 13.2559615, 0.0475013, , , , , , , 13.2559615, -0.0461585, , , , , , , 13.2559615, -0.0193027, , , , , , , , , , , , , , , , , , , , , , , , , , , , 
13.2564808, 0.0595865, , , , , , , 13.2564808, 0.0428016, , , , , , , 13.2564808, -0.0209812, , , , , , , 13.2564808, -0.0263523, , , , , , , , , , , , , , , , , , , , , , , , , , , , 
13.257, 0.066804, , , , , , , 13.257, 0.018967, , , , , , , 13.257, 0.0030213, , , , , , , 13.257, -0.0337377, , , , , , , , , , , , , , , , , , , , , , , , , , , , 
13.2575192, 0.0757, , , , , , , 13.2575192, -0.033402, , , , , , , 13.2575192, 0.0263523, , , , , , , 13.2575192, -0.0374304, , , , , , , , , , , , , , , , , , , , , , , , , , , , 
13.2580385, 0.0861067, , , , , , , 13.2580385, -0.0914778, , , , , , , 13.2580385, 0.0481727, , , , , , , 13.2580385, -0.0350805, , , , , , , , , , , , , , , , , , , , , , , , , , , , 
13.2585577, 0.0921492, , , , , , , 13.2585577, -0.1344472, , , , , , , 13.2585577, 0.064622, , , , , , , 13.2585577, -0.0290379, , , , , , , , , , , , , , , , , , , , , , , , , , , , 
13.2590769, 0.0861067, , , , , , , 13.2590769, -0.1639887, , , , , , , 13.2590769, 0.076875, , , , , , , 13.2590769, -0.0223239, , , , , , , , , , , , , , , , , , , , , , , , , , , , 
13.2595962, 0.0736858, , , , , , , 13.2595962, -0.1817807, , , , , , , 13.2595962, 0.0822461, , , , , , , 13.2595962, -0.0135958, , , , , , , , , , , , , , , , , , , , , , , , , , , , 
13.2601154, 0.0607614, , , , , , , 13.2601154, -0.1660029, , , , , , , 13.2601154, 0.0757, , , , , , , 13.2601154, -0.0015106, , , , , , , , , , , , , , , , , , , , , , , , , , , , 
13.2606346, 0.0481727, , , , , , , 13.2606346, -0.1075914, , , , , , , 13.2606346, 0.0614328, , , , , , , 13.2606346, 0.0119173, , , , , , , , , , , , , , , , , , , , , , , , , , , , 
13.2611538, 0.0360876, , , , , , , 13.2611538, -0.0439765, , , , , , , 13.2611538, 0.0441444, , , , , , , 13.2611538, 0.0203098, , , , , , , , , , , , , , , , , , , , , , , , , , , , 
13.2616731, 0.0203098, , , , , , , 13.2616731, -0.008896, , , , , , , 13.2616731, 0.0214847, , , , , , , 13.2616731, 0.0209812, , , , , , , , , , , , , , , , , , , , , , , , , , , , 
13.2621923, 0.0052033, , , , , , , 13.2621923, -0.0001678, , , , , , , 13.2621923, 0.0001678, , , , , , , 13.2621923, 0.0209812, , , , , , , , , , , , , , , , , , , , , , , , , , , , 
13.2627115, -0.0065461, , , , , , , 13.2627115, 0.0001678, , , , , , , 13.2627115, -0.0109102, , , , , , , 13.2627115, 0.0283665, , , , , , , , , , , , , , , , , , , , , , , , , , , , 
13.2632308, -0.0182956, , , , , , , 13.2632308, 0.0011749, , , , , , , 13.2632308, -0.0125887, , , , , , , 13.2632308, 0.0387732, , , , , , , , , , , , , , , , , , , , , , , , , , , , 
13.26375, -0.0377661, , , , , , , 13.26375, 0.0065461, , , , , , , 13.26375, -0.008896, , , , , , , 13.26375, 0.0488441, , , , , , , , , , , , , , , , , , , , , , , , , , , , 
13.2642692, -0.057908, , , , , , , 13.2642692, 0.0099031, , , , , , , 13.2642692, 0.0011749, , , , , , , 13.2642692, 0.0580758, , , , , , , , , , , , , , , , , , , , , , , , , , , , 
13.2647885, -0.0710002, , , , , , , 13.2647885, 0.0008392, , , , , , , 13.2647885, 0.0157778, , , , , , , 13.2647885, 0.0626078, , , , , , , , , , , , , , , , , , , , , , , , , , , , 
13.2653077, -0.0837568, , , , , , , 13.2653077, -0.012253, , , , , , , 13.2653077, 0.0276951, , , , , , , 13.2653077, 0.0627756, , , , , , , , , , , , , , , , , , , , , , , , , , , , 
13.2658269, -0.0941634, , , , , , , 13.2658269, -0.0104067, , , , , , , 13.2658269, 0.033402, , , , , , , 13.2658269, 0.0616007, , , , , , , , , , , , , , , , , , , , , , , , , , , , 
13.2663462, -0.0918135, , , , , , , 13.2663462, -0.0030213, , , , , , , 13.2663462, 0.0397803, , , , , , , 13.2663462, 0.0582437, , , , , , , , , , , , , , , , , , , , , , , , , , , , 
13.2668654, -0.0827497, , , , , , , 13.2668654, -0.0119173, , , , , , , 13.2668654, 0.0448157, , , , , , , 13.2668654, 0.0522011, , , , , , , , , , , , , , , , , , , , , , , , , , , , 
13.2673846, -0.0730144, , , , , , , 13.2673846, -0.0317235, , , , , , , 13.2673846, 0.0476692, , , , , , , 13.2673846, 0.04448, , , , , , , , , , , , , , , , , , , , , , , , , , , , 
13.2679038, -0.0614328, , , , , , , 13.2679038, -0.0498512, , , , , , , 13.2679038, 0.0518654, , , , , , , 13.2679038, 0.0347448, , , , , , , , , , , , , , , , , , , , , , , , , , , , 
13.2684231, -0.0451514, , , , , , , 13.2684231, -0.051194, , , , , , , 13.2684231, 0.0609293, , , , , , , 13.2684231, 0.0216526, , , , , , , , , , , , , , , , , , , , , , , , , , , , 
13.2689423, -0.0303807, , , , , , , 13.2689423, -0.0384375, , , , , , , 13.2689423, 0.0704967, , , , , , , 13.2689423, 0.0068818, , , , , , , , , , , , , , , , , , , , , , , , , , , , 
13.2694615, -0.0179599, , , , , , , 13.2694615, -0.0203098, , , , , , , 13.2694615, 0.0820783, , , , , , , 13.2694615, -0.0041962, , , , , , , , , , , , , , , , , , , , , , , , , , , , 
13.2699808, -0.0085603, , , , , , , 13.2699808, 0.0008392, , , , , , , 13.2699808, 0.0877852, , , , , , , 13.2699808, -0.0092317, , , , , , , , , , , , , , , , , , , , , , , , , , , , 
13.2705, -0.0008392, , , , , , , 13.2705, 0.0251774, , , , , , , 13.2705, 0.0797284, , , , , , , 13.2705, -0.011078, , , , , , , , , , , , , , , , , , , , , , , , , , , , 
13.2710192, 0.0072175, , , , , , , 13.2710192, 0.0307164, , , , , , , 13.2710192, 0.0585794, , , , , , , 13.2710192, -0.0152743, , , , , , , , , , , , , , , , , , , , , , , , , , , , 
13.2715385, 0.0159457, , , , , , , 13.2715385, 0.0105745, , , , , , , 13.2715385, 0.0290379, , , , , , , 13.2715385, -0.0176242, , , , , , , , , , , , , , , , , , , , , , , , , , , , 
13.2720577, 0.026688, , , , , , , 13.2720577, -0.0162814, , , , , , , 13.2720577, -0.0052033, , , , , , , 13.2720577, -0.0169528, , , , , , , , , , , , , , , , , , , , , , , , , , , , 
13.2725769, 0.0421302, , , , , , , 13.2725769, -0.0216526, , , , , , , 13.2725769, -0.0332341, , , , , , , 13.2725769, -0.0164492, , , , , , , , , , , , , , , , , , , , , , , , , , , , 
13.2730962, 0.0547189, , , , , , , 13.2730962, -0.0011749, , , , , , , 13.2730962, -0.0453193, , , , , , , 13.2730962, -0.0159457, , , , , , , , , , , , , , , , , , , , , , , , , , , , 
13.2736154, 0.0592508, , , , , , , 13.2736154, 0.0119173, , , , , , , 13.2736154, -0.0553902, , , , , , , 13.2736154, -0.0142672, , , , , , , , , , , , , , , , , , , , , , , , , , , , 
13.2741346, 0.0575723, , , , , , , 13.2741346, -0.0119173, , , , , , , 13.2741346, -0.079057, , , , , , , 13.2741346, -0.0119173, , , , , , , , , , , , , , , , , , , , , , , , , , , , 
13.2746538, 0.0557259, , , , , , , 13.2746538, -0.0520333, , , , , , , 13.2746538, -0.1079271, , , , , , , 13.2746538, -0.0092317, , , , , , , , , , , , , , , , , , , , , , , , , , , , 
13.2751731, 0.0552224, , , , , , , 13.2751731, -0.0666361, , , , , , , 13.2751731, -0.1326009, , , , , , , 13.2751731, -0.0043641, , , , , , , , , , , , , , , , , , , , , , , , , , , , 
13.2756923, 0.0602579, , , , , , , 13.2756923, -0.0461585, , , , , , , 13.2756923, -0.1505608, , , , , , , 13.2756923, -0.0001678, , , , , , , , , , , , , , , , , , , , , , , , , , , , 
13.2762115, 0.073518, , , , , , , 13.2762115, -0.0240024, , , , , , , 13.2762115, -0.1532464, , , , , , , 13.2762115, 0.003357, , , , , , , , , , , , , , , , , , , , , , , , , , , , 
13.2767308, 0.0844282, , , , , , , 13.2767308, -0.0213169, , , , , , , 13.2767308, -0.1378042, , , , , , , 13.2767308, 0.0112459, , , , , , , , , , , , , , , , , , , , , , , , , , , , 
13.27725, 0.0881209, , , , , , , 13.27725, -0.0287022, , , , , , , 13.27725, -0.1183337, , , , , , , 13.27725, 0.021149, , , , , , , , , , , , , , , , , , , , , , , , , , , , 
13.2777692, 0.0897993, , , , , , , 13.2777692, -0.0397803, , , , , , , 13.2777692, -0.0995346, , , , , , , 13.2777692, 0.0276951, , , , , , , , , , , , , , , , , , , , , , , , , , , , 
13.2782885, 0.0904707, , , , , , , 13.2782885, -0.051194, , , , , , , 13.2782885, -0.0748608, , , , , , , 13.2782885, 0.030045, , , , , , , , , , , , , , , , , , , , , , , , , , , , 
13.2788077, 0.0825818, , , , , , , 13.2788077, -0.0528725, , , , , , , 13.2788077, -0.0461585, , , , , , , 13.2788077, 0.0280308, , , , , , , , , , , , , , , , , , , , , , , , , , , , 
13.2793269, 0.0694896, , , , , , , 13.2793269, -0.0391089, , , , , , , 13.2793269, -0.0223239, , , , , , , 13.2793269, 0.0260166, , , , , , , , , , , , , , , , , , , , , , , , , , , , 
13.2798462, 0.0572366, , , , , , , 13.2798462, -0.0162814, , , , , , , 13.2798462, -0.0057069, , , , , , , 13.2798462, 0.0238346, , , , , , , , , , , , , , , , , , , , , , , , , , , , 
13.2803654, 0.045655, , , , , , , 13.2803654, 0.0109102, , , , , , , 13.2803654, 0.0065461, , , , , , , 13.2803654, 0.021149, , , , , , , , , , , , , , , , , , , , , , , , , , , , 
13.2808846, 0.0320592, , , , , , , 13.2808846, 0.0381018, , , , , , , 13.2808846, 0.0184634, , , , , , , 13.2808846, 0.0184634, , , , , , , , , , , , , , , , , , , , , , , , , , , , 
13.2814038, 0.0159457, , , , , , , 13.2814038, 0.0553902, , , , , , , 13.2814038, 0.0287022, , , , , , , 13.2814038, 0.0169528, , , , , , , , , , , , , , , , , , , , , , , , , , , , 
13.2819231, -0.0001678, , , , , , , 13.2819231, 0.0639506, , , , , , , 13.2819231, 0.033402, , , , , , , 13.2819231, 0.0166171, , , , , , , , , , , , , , , , , , , , , , , , , , , , 
13.2824423, -0.012253, , , , , , , 13.2824423, 0.0736858, , , , , , , 13.2824423, 0.036759, , , , , , , 13.2824423, 0.0176242, , , , , , , , , , , , , , , , , , , , , , , , , , , , 
13.2829615, -0.0219883, , , , , , , 13.2829615, 0.0850996, , , , , , , 13.2829615, 0.043473, , , , , , , 13.2829615, 0.0199741, , , , , , , , , , , , , , , , , , , , , , , , , , , , 
13.2834808, -0.0344091, , , , , , , 13.2834808, 0.0864424, , , , , , , 13.2834808, 0.0515297, , , , , , , 13.2834808, 0.0216526, , , , , , , , , , , , , , , , , , , , , , , , , , , , 
13.284, -0.0431373, , , , , , , 13.284, 0.0753643, , , , , , , 13.284, 0.0589151, , , , , , , 13.284, 0.021149, , , , , , , , , , , , , , , , , , , , , , , , , , , , 
13.2845192, -0.0448157, , , , , , , 13.2845192, 0.061265, , , , , , , 13.2845192, 0.0642863, , , , , , , 13.2845192, 0.0172885, , , , , , , , , , , , , , , , , , , , , , , , , , , , 
13.2850385, -0.0441444, , , , , , , 13.2850385, 0.0438087, , , , , , , 13.2850385, 0.0679789, , , , , , , 13.2850385, 0.0146029, , , , , , , , , , , , , , , , , , , , , , , , , , , , 
13.2855577, -0.0411231, , , , , , , 13.2855577, 0.0273594, , , , , , , 13.2855577, 0.0676432, , , , , , , 13.2855577, 0.0135958, , , , , , , , , , , , , , , , , , , , , , , , , , , , 
13.2860769, -0.0323949, , , , , , , 13.2860769, 0.0184634, , , , , , , 13.2860769, 0.0661326, , , , , , , 13.2860769, 0.0075532, , , , , , , , , , , , , , , , , , , , , , , , , , , , 
13.2865962, -0.0203098, , , , , , , 13.2865962, 0.0125887, , , , , , , 13.2865962, 0.0669718, , , , , , , 13.2865962, 0.0025177, , , , , , , , , , , , , , , , , , , , , , , , , , , , 
13.2871154, -0.0085603, , , , , , , 13.2871154, 0.0011749, , , , , , , 13.2871154, 0.0730144, , , , , , , 13.2871154, 0.0011749, , , , , , , , , , , , , , , , , , , , , , , , , , , , 
13.2876346, -0.0006714, , , , , , , 13.2876346, -0.0135958, , , , , , , 13.2876346, 0.0800641, , , , , , , 13.2876346, 0.0003357, , , , , , , , , , , , , , , , , , , , , , , , , , , , 
13.2881538, 0.0023499, , , , , , , 13.2881538, -0.0206455, , , , , , , 13.2881538, 0.0783856, , , , , , , 13.2881538, -0.0018463, , , , , , , , , , , , , , , , , , , , , , , , , , , , 
13.2886731, 0.008896, , , , , , , 13.2886731, -0.0250095, , , , , , , 13.2886731, 0.0699931, , , , , , , 13.2886731, -0.0045319, , , , , , , , , , , , , , , , , , , , , , , , , , , , 
13.2891923, 0.0172885, , , , , , , 13.2891923, -0.0347448, , , , , , , 13.2891923, 0.0609293, , , , , , , 13.2891923, -0.0052033, , , , , , , , , , , , , , , , , , , , , , , , , , , , 
13.2897115, 0.0261845, , , , , , , 13.2897115, -0.0412909, , , , , , , 13.2897115, 0.0495155, , , , , , , 13.2897115, -0.008896, , , , , , , , , , , , , , , , , , , , , , , , , , , , 
13.2902308, 0.0360876, , , , , , , 13.2902308, -0.0307164, , , , , , , 13.2902308, 0.0290379, , , , , , , 13.2902308, -0.0132601, , , , , , , , , , , , , , , , , , , , , , , , , , , , 
13.29075, 0.0433051, , , , , , , 13.29075, -0.0075532, , , , , , , 13.29075, 0.0011749, , , , , , , 13.29075, -0.0139315, , , , , , , , , , , , , , , , , , , , , , , , , , , , 
13.2912692, 0.0495155, , , , , , , 13.2912692, 0.0125887, , , , , , , 13.2912692, -0.0290379, , , , , , , 13.2912692, -0.0115816, , , , , , , , , , , , , , , , , , , , , , , , , , , , 
13.2917885, 0.0522011, , , , , , , 13.2917885, 0.0246738, , , , , , , 13.2917885, -0.064622, , , , , , , 13.2917885, -0.0099031, , , , , , , , , , , , , , , , , , , , , , , , , , , , 
13.2923077, 0.0468299, , , , , , , 13.2923077, 0.0236667, , , , , , , 13.2923077, -0.1082628, , , , , , , 13.2923077, -0.0062104, , , , , , , , , , , , , , , , , , , , , , , , , , , , 
13.2928269, 0.0404517, , , , , , , 13.2928269, 0.0092317, , , , , , , 13.2928269, -0.1408255, , , , , , , 13.2928269, -0.0028534, , , , , , , , , , , , , , , , , , , , , , , , , , , , 
13.2933462, 0.0360876, , , , , , , 13.2933462, -0.0099031, , , , , , , 13.2933462, -0.1453574, , , , , , , 13.2933462, 0.0011749, , , , , , , , , , , , , , , , , , , , , , , , , , , , 
13.2938654, 0.0330663, , , , , , , 13.2938654, -0.0166171, , , , , , , 13.2938654, -0.1253834, , , , , , , 13.2938654, 0.0052033, , , , , , , , , , , , , , , , , , , , , , , , , , , , 
13.2943846, 0.0347448, , , , , , , 13.2943846, -0.0135958, , , , , , , 13.2943846, -0.093492, , , , , , , 13.2943846, 0.0068818, , , , , , , , , , , , , , , , , , , , , , , , , , , , 
13.2949038, 0.0374304, , , , , , , 13.2949038, -0.0164492, , , , , , , 13.2949038, -0.0686503, , , , , , , 13.2949038, 0.0105745, , , , , , , , , , , , , , , , , , , , , , , , , , , , 
13.2954231, 0.0404517, , , , , , , 13.2954231, -0.0223239, , , , , , , 13.2954231, -0.0558938, , , , , , , 13.2954231, 0.0209812, , , , , , , , , , , , , , , , , , , , , , , , , , , , 
13.2959423, 0.0448157, , , , , , , 13.2959423, -0.0152743, , , , , , , 13.2959423, -0.0407874, , , , , , , 13.2959423, 0.0354162, , , , , , , , , , , , , , , , , , , , , , , , , , , , 
13.2964615, 0.0535439, , , , , , , 13.2964615, 0.0078889, , , , , , , 13.2964615, -0.0162814, , , , , , , 13.2964615, 0.0448157, , , , , , , , , , , , , , , , , , , , , , , , , , , , 
13.2969808, 0.0602579, , , , , , , 13.2969808, 0.0287022, , , , , , , 13.2969808, 0.0057069, , , , , , , 13.2969808, 0.0475013, , , , , , , , , , , , , , , , , , , , , , , , , , , , 
13.2975, 0.0607614, , , , , , , 13.2975, 0.0287022, , , , , , , 13.2975, 0.0223239, , , , , , , 13.2975, 0.0468299, , , , , , , , , , , , , , , , , , , , , , , , , , , , 
13.2980192, 0.0542153, , , , , , , 13.2980192, 0.0119173, , , , , , , 13.2980192, 0.036759, , , , , , , 13.2980192, 0.0448157, , , , , , , , , , , , , , , , , , , , , , , , , , , , 
13.2985385, 0.0424659, , , , , , , 13.2985385, -0.0072175, , , , , , , 13.2985385, 0.0407874, , , , , , , 13.2985385, 0.0431373, , , , , , , , , , , , , , , , , , , , , , , , , , , , 
13.2990577, 0.0288701, , , , , , , 13.2990577, -0.0213169, , , , , , , 13.2990577, 0.033402, , , , , , , 13.2990577, 0.0409552, , , , , , , , , , , , , , , , , , , , , , , , , , , , 
13.2995769, 0.0159457, , , , , , , 13.2995769, -0.0273594, , , , , , , 13.2995769, 0.0256809, , , , , , , 13.2995769, 0.0391089, , , , , , , , , , , , , , , , , , , , , , , , , , , , 
13.3000962, 0.0057069, , , , , , , 13.3000962, -0.0231632, , , , , , , 13.3000962, 0.0166171, , , , , , , 13.3000962, 0.0364233, , , , , , , , , , , , , , , , , , , , , , , , , , , , 
13.3006154, -0.0028534, , , , , , , 13.3006154, -0.0186313, , , , , , , 13.3006154, 0.002182, , , , , , , 13.3006154, 0.0307164, , , , , , , , , , , , , , , , , , , , , , , , , , , , 
13.3011346, -0.0124208, , , , , , , 13.3011346, -0.0182956, , , , , , , 13.3011346, -0.0149386, , , , , , , 13.3011346, 0.0250095, , , , , , , , , , , , , , , , , , , , , , , , , , , , 
13.3016538, -0.0236667, , , , , , , 13.3016538, -0.0191348, , , , , , , 13.3016538, -0.0303807, , , , , , , 13.3016538, 0.0209812, , , , , , , , , , , , , , , , , , , , , , , , , , , , 
13.3021731, -0.0330663, , , , , , , 13.3021731, -0.0234989, , , , , , , 13.3021731, -0.0397803, , , , , , , 13.3021731, 0.0172885, , , , , , , , , , , , , , , , , , , , , , , , , , , , 
13.3026923, -0.0411231, , , , , , , 13.3026923, -0.0280308, , , , , , , 13.3026923, -0.0441444, , , , , , , 13.3026923, 0.0129244, , , , , , , , , , , , , , , , , , , , , , , , , , , , 
13.3032115, -0.0491798, , , , , , , 13.3032115, -0.0209812, , , , , , , 13.3032115, -0.0500191, , , , , , , 13.3032115, 0.0065461, , , , , , , , , , , , , , , , , , , , , , , , , , , , 
13.3037308, -0.0569009, , , , , , , 13.3037308, 0.0008392, , , , , , , 13.3037308, -0.0532082, , , , , , , 13.3037308, 0.0005035, , , , , , , , , , , , , , , , , , , , , , , , , , , , 
13.30425, -0.0616007, , , , , , , 13.30425, 0.0354162, , , , , , , 13.30425, -0.0471656, , , , , , , 13.30425, -0.0018463, , , , , , , , , , , , , , , , , , , , , , , , , , , , 
13.3047692, -0.0622721, , , , , , , 13.3047692, 0.0710002, , , , , , , 13.3047692, -0.0344091, , , , , , , 13.3047692, -0.0082246, , , , , , , , , , , , , , , , , , , , , , , , , , , , 
13.3052885, -0.0553902, , , , , , , 13.3052885, 0.0891279, , , , , , , 13.3052885, -0.0243381, , , , , , , 13.3052885, -0.0166171, , , , , , , , , , , , , , , , , , , , , , , , , , , , 
13.3058077, -0.0466621, , , , , , , 13.3058077, 0.079057, , , , , , , 13.3058077, -0.0290379, , , , , , , 13.3058077, -0.0209812, , , , , , , , , , , , , , , , , , , , , , , , , , , , 
13.3063269, -0.0337377, , , , , , , 13.3063269, 0.0535439, , , , , , , 13.3063269, -0.0399481, , , , , , , 13.3063269, -0.0194705, , , , , , , , , , , , , , , , , , , , , , , , , , , , 
13.3068462, -0.0181277, , , , , , , 13.3068462, 0.0250095, , , , , , , 13.3068462, -0.0439765, , , , , , , 13.3068462, -0.0162814, , , , , , , , , , , , , , , , , , , , , , , , , , , , 
13.3073654, -0.0010071, , , , , , , 13.3073654, -0.0159457, , , , , , , 13.3073654, -0.0391089, , , , , , , 13.3073654, -0.012253, , , , , , , , , , , , , , , , , , , , , , , , , , , , 
13.3078846, 0.0146029, , , , , , , 13.3078846, -0.0669718, , , , , , , 13.3078846, -0.0342412, , , , , , , 13.3078846, -0.0082246, , , , , , , , , , , , , , , , , , , , , , , , , , , , 
13.3084038, 0.0236667, , , , , , , 13.3084038, -0.1082628, , , , , , , 13.3084038, -0.0370947, , , , , , , 13.3084038, -0.0058747, , , , , , , , , , , , , , , , , , , , , , , , , , , , 
13.3089231, 0.0297093, , , , , , , 13.3089231, -0.1310903, , , , , , , 13.3089231, -0.0498512, , , , , , , 13.3089231, -0.0015106, , , , , , , , , , , , , , , , , , , , , , , , , , , , 
13.3094423, 0.0297093, , , , , , , 13.3094423, -0.1260548, , , , , , , 13.3094423, -0.0659648, , , , , , , 13.3094423, 0.0038605, , , , , , , , , , , , , , , , , , , , , , , , , , , , 
13.3099615, 0.0275273, , , , , , , 13.3099615, -0.1018845, , , , , , , 13.3099615, -0.0730144, , , , , , , 13.3099615, 0.0112459, , , , , , , , , , , , , , , , , , , , , , , , , , , , 
13.3104808, 0.0290379, , , , , , , 13.3104808, -0.0753643, , , , , , , 13.3104808, -0.066804, , , , , , , 13.3104808, 0.0206455, , , , , , , , , , , , , , , , , , , , , , , , , , , , 
13.311, 0.0293736, , , , , , , 13.311, -0.0464942, , , , , , , 13.311, -0.0528725, , , , , , , 13.311, 0.0307164, , , , , , , , , , , , , , , , , , , , , , , , , , , , 
13.3115192, 0.026688, , , , , , , 13.3115192, -0.0092317, , , , , , , 13.3115192, -0.0350805, , , , , , , 13.3115192, 0.0414588, , , , , , , , , , , , , , , , , , , , , , , , , , , , 
13.3120385, 0.0243381, , , , , , , 13.3120385, 0.0223239, , , , , , , 13.3120385, -0.0162814, , , , , , , 13.3120385, 0.0528725, , , , , , , , , , , , , , , , , , , , , , , , , , , , 
13.3125577, 0.0213169, , , , , , , 13.3125577, 0.0231632, , , , , , , 13.3125577, 0.0011749, , , , , , , 13.3125577, 0.0619364, , , , , , , , , , , , , , , , , , , , , , , , , , , , 
13.3130769, 0.0182956, , , , , , , 13.3130769, -0.0078889, , , , , , , 13.3130769, 0.0273594, , , , , , , 13.3130769, 0.0731823, , , , , , , , , , , , , , , , , , , , , , , , , , , , 
13.3135962, 0.0159457, , , , , , , 13.3135962, -0.0464942, , , , , , , 13.3135962, 0.0629435, , , , , , , 13.3135962, 0.0842603, , , , , , , , , , , , , , , , , , , , , , , , , , , , 
13.3141154, 0.011078, , , , , , , 13.3141154, -0.073518, , , , , , , 13.3141154, 0.0924849, , , , , , , 13.3141154, 0.0844282, , , , , , , , , , , , , , , , , , , , , , , , , , , , 
13.3146346, 0.0065461, , , , , , , 13.3146346, -0.0881209, , , , , , , 13.3146346, 0.1062486, , , , , , , 13.3146346, 0.072343, , , , , , , , , , , , , , , , , , , , , , , , , , , , 
13.3151538, 0.0085603, , , , , , , 13.3151538, -0.0867781, , , , , , , 13.3151538, 0.1092699, , , , , , , 13.3151538, 0.0555581, , , , , , , , , , , , , , , , , , , , , , , , , , , , 
13.3156731, 0.0171206, , , , , , , 13.3156731, -0.0693217, , , , , , , 13.3156731, 0.1109483, , , , , , , 13.3156731, 0.040116, , , , , , , , , , , , , , , , , , , , , , , , , , , , 
13.3161923, 0.0320592, , , , , , , 13.3161923, -0.0424659, , , , , , , 13.3161923, 0.1131304, , , , , , , 13.3161923, 0.0253452, , , , , , , , , , , , , , , , , , , , , , , , , , , , 
13.3167115, 0.0464942, , , , , , , 13.3167115, -0.0250095, , , , , , , 13.3167115, 0.1089342, , , , , , , 13.3167115, 0.0109102, , , , , , , , , , , , , , , , , , , , , , , , , , , , 
13.3172308, 0.0569009, , , , , , , 13.3172308, -0.0179599, , , , , , , 13.3172308, 0.0975204, , , , , , , 13.3172308, -0.0028534, , , , , , , , , , , , , , , , , , , , , , , , , , , , 
13.31775, 0.0663005, , , , , , , 13.31775, -0.012253, , , , , , , 13.31775, 0.0874495, , , , , , , 13.31775, -0.0125887, , , , , , , , , , , , , , , , , , , , , , , , , , , , 
13.3182692, 0.0730144, , , , , , , 13.3182692, -0.0041962, , , , , , , 13.3182692, 0.0809033, , , , , , , 13.3182692, -0.0172885, , , , , , , , , , , , , , , , , , , , , , , , , , , , 
13.3187885, 0.0762036, , , , , , , 13.3187885, 0.0048676, , , , , , , 13.3187885, 0.0656291, , , , , , , 13.3187885, -0.0216526, , , , , , , , , , , , , , , , , , , , , , , , , , , , 
13.3193077, 0.0694896, , , , , , , 13.3193077, 0.0135958, , , , , , , 13.3193077, 0.0352483, , , , , , , 13.3193077, -0.0243381, , , , , , , , , , , , , , , , , , , , , , , , , , , , 
13.3198269, 0.0582437, , , , , , , 13.3198269, 0.0253452, , , , , , , 13.3198269, 0.0025177, , , , , , , 13.3198269, -0.0223239, , , , , , , , , , , , , , , , , , , , , , , , , , , , 
13.3203462, 0.0475013, , , , , , , 13.3203462, 0.0394446, , , , , , , 13.3203462, -0.024506, , , , , , , 13.3203462, -0.0203098, , , , , , , , , , , , , , , , , , , , , , , , , , , , 
13.3208654, 0.0414588, , , , , , , 13.3208654, 0.0508583, , , , , , , 13.3208654, -0.0461585, , , , , , , 13.3208654, -0.0204776, , , , , , , , , , , , , , , , , , , , , , , , , , , , 
13.3213846, 0.0350805, , , , , , , 13.3213846, 0.0629435, , , , , , , 13.3213846, -0.0641184, , , , , , , 13.3213846, -0.0218204, , , , , , , , , , , , , , , , , , , , , , , , , , , , 
13.3219038, 0.0236667, , , , , , , 13.3219038, 0.0718395, , , , , , , 13.3219038, -0.0830854, , , , , , , 13.3219038, -0.0204776, , , , , , , , , , , , , , , , , , , , , , , , , , , , 
13.3224231, 0.0095674, , , , , , , 13.3224231, 0.0710002, , , , , , , 13.3224231, -0.1049058, , , , , , , 13.3224231, -0.01561, , , , , , , , , , , , , , , , , , , , , , , , , , , , 
13.3229423, -0.0028534, , , , , , , 13.3229423, 0.0642863, , , , , , , 13.3229423, -0.1324331, , , , , , , 13.3229423, -0.0082246, , , , , , , , , , , , , , , , , , , , , , , , , , , , 
13.3234615, -0.008896, , , , , , , 13.3234615, 0.0513619, , , , , , , 13.3234615, -0.1599603, , , , , , , 13.3234615, -0.0023499, , , , , , , , , , , , , , , , , , , , , , , , , , , , 
13.3239808, -0.012253, , , , , , , 13.3239808, 0.0320592, , , , , , , 13.3239808, -0.1690242, , , , , , , 13.3239808, 0.0018463, , , , , , , , , , , , , , , , , , , , , , , , , , , , 
13.3245, -0.0196384, , , , , , , 13.3245, 0.0109102, , , , , , , 13.3245, -0.1619745, , , , , , , 13.3245, 0.0052033, , , , , , , , , , , , , , , , , , , , , , , , , , , , 
13.3250192, -0.0263523, , , , , , , 13.3250192, -0.0072175, , , , , , , 13.3250192, -0.1505608, , , , , , , 13.3250192, 0.0099031, , , , , , , , , , , , , , , , , , , , , , , , , , , , 
13.3255385, -0.0271916, , , , , , , 13.3255385, -0.03122, , , , , , , 13.3255385, -0.1277333, , , , , , , 13.3255385, 0.0119173, , , , , , , , , , , , , , , , , , , , , , , , , , , , 
13.3260577, -0.0229953, , , , , , , 13.3260577, -0.0589151, , , , , , , 13.3260577, -0.0886244, , , , , , , 13.3260577, 0.0112459, , , , , , , , , , , , , , , , , , , , , , , , , , , , 
13.3265769, -0.0203098, , , , , , , 13.3265769, -0.0706645, , , , , , , 13.3265769, -0.0488441, , , , , , , 13.3265769, 0.0092317, , , , , , , , , , , , , , , , , , , , , , , , , , , , 
13.3270962, -0.0182956, , , , , , , 13.3270962, -0.057908, , , , , , , 13.3270962, -0.0243381, , , , , , , 13.3270962, 0.0052033, , , , , , , , , , , , , , , , , , , , , , , , , , , , 
13.3276154, -0.0162814, , , , , , , 13.3276154, -0.0370947, , , , , , , 13.3276154, -0.0035248, , , , , , , 13.3276154, 0.0031891, , , , , , , , , , , , , , , , , , , , , , , , , , , , 
13.3281346, -0.0162814, , , , , , , 13.3281346, -0.0224918, , , , , , , 13.3281346, 0.0196384, , , , , , , 13.3281346, 0.0050355, , , , , , , , , , , , , , , , , , , , , , , , , , , , 
13.3286538, -0.0166171, , , , , , , 13.3286538, -0.012253, , , , , , , 13.3286538, 0.0374304, , , , , , , 13.3286538, 0.0072175, , , , , , , , , , , , , , , , , , , , , , , , , , , , 
13.3291731, -0.0149386, , , , , , , 13.3291731, -0.0001678, , , , , , , 13.3291731, 0.0473335, , , , , , , 13.3291731, 0.0109102, , , , , , , , , , , , , , , , , , , , , , , , , , , , 
13.3296923, -0.0117494, , , , , , , 13.3296923, 0.0129244, , , , , , , 13.3296923, 0.0528725, , , , , , , 13.3296923, 0.0152743, , , , , , , , , , , , , , , , , , , , , , , , , , , , 
13.3302115, -0.0095674, , , , , , , 13.3302115, 0.0226596, , , , , , , 13.3302115, 0.0562295, , , , , , , 13.3302115, 0.0199741, , , , , , , , , , , , , , , , , , , , , , , , , , , , 
13.3307308, -0.0018463, , , , , , , 13.3307308, 0.0287022, , , , , , , 13.3307308, 0.0562295, , , , , , , 13.3307308, 0.0236667, , , , , , , , , , , , , , , , , , , , , , , , , , , , 
13.33125, 0.0058747, , , , , , , 13.33125, 0.0330663, , , , , , , 13.33125, 0.0491798, , , , , , , 13.33125, 0.0260166, , , , , , , , , , , , , , , , , , , , , , , , , , , , 
13.3317692, 0.0132601, , , , , , , 13.3317692, 0.0387732, , , , , , , 13.3317692, 0.0340734, , , , , , , 13.3317692, 0.0253452, , , , , , , , , , , , , , , , , , , , , , , , , , , , 
13.3322885, 0.0240024, , , , , , , 13.3322885, 0.0414588, , , , , , , 13.3322885, 0.0213169, , , , , , , 13.3322885, 0.0256809, , , , , , , , , , , , , , , , , , , , , , , , , , , , 
13.3328077, 0.0273594, , , , , , , 13.3328077, 0.0327306, , , , , , , 13.3328077, 0.0231632, , , , , , , 13.3328077, 0.0253452, , , , , , , , , , , , , , , , , , , , , , , , , , , , 
13.3333269, 0.0253452, , , , , , , 13.3333269, 0.0179599, , , , , , , 13.3333269, 0.0374304, , , , , , , 13.3333269, 0.0213169, , , , , , , , , , , , , , , , , , , , , , , , , , , , 
13.3338462, 0.0250095, , , , , , , 13.3338462, 0.0058747, , , , , , , 13.3338462, 0.0505226, , , , , , , 13.3338462, 0.0152743, , , , , , , , , , , , , , , , , , , , , , , , , , , , 
13.3343654, 0.0231632, , , , , , , 13.3343654, -0.0035248, , , , , , , 13.3343654, 0.0548867, , , , , , , 13.3343654, 0.0129244, , , , , , , , , , , , , , , , , , , , , , , , , , , , 
13.3348846, 0.0166171, , , , , , , 13.3348846, -0.012253, , , , , , , 13.3348846, 0.061265, , , , , , , 13.3348846, 0.0139315, , , , , , , , , , , , , , , , , , , , , , , , , , , , 
13.3354038, 0.0166171, , , , , , , 13.3354038, -0.026688, , , , , , , 13.3354038, 0.0716716, , , , , , , 13.3354038, 0.0085603, , , , , , , , , , , , , , , , , , , , , , , , , , , , 
13.3359231, 0.0250095, , , , , , , 13.3359231, -0.04448, , , , , , , 13.3359231, 0.079057, , , , , , , 13.3359231, 0.0001678, , , , , , , , , , , , , , , , , , , , , , , , , , , , 
13.3364423, 0.0360876, , , , , , , 13.3364423, -0.0569009, , , , , , , 13.3364423, 0.0793927, , , , , , , 13.3364423, -0.0038605, , , , , , , , , , , , , , , , , , , , , , , , , , , , 
13.3369615, 0.0451514, , , , , , , 13.3369615, -0.064622, , , , , , , 13.3369615, 0.0720073, , , , , , , 13.3369615, -0.0052033, , , , , , , , , , , , , , , , , , , , , , , , , , , , 
13.3374808, 0.0528725, , , , , , , 13.3374808, -0.0708324, , , , , , , 13.3374808, 0.0619364, , , , , , , 13.3374808, -0.0092317, , , , , , , , , , , , , , , , , , , , , , , , , , , , 
13.338, 0.06009, , , , , , , 13.338, -0.0595865, , , , , , , 13.338, 0.0562295, , , , , , , 13.338, -0.0142672, , , , , , , , , , , , , , , , , , , , , , , , , , , , 
13.3385192, 0.0654612, , , , , , , 13.3385192, -0.0330663, , , , , , , 13.3385192, 0.0475013, , , , , , , 13.3385192, -0.0157778, , , , , , , , , , , , , , , , , , , , , , , , , , , , 
13.3390385, 0.0669718, , , , , , , 13.3390385, -0.0256809, , , , , , , 13.3390385, 0.0307164, , , , , , , 13.3390385, -0.01561, , , , , , , , , , , , , , , , , , , , , , , , , , , , 
13.3395577, 0.0636149, , , , , , , 13.3395577, -0.0459907, , , , , , , 13.3395577, 0.0142672, , , , , , , 13.3395577, -0.0162814, , , , , , , , , , , , , , , , , , , , , , , , , , , , 
13.3400769, 0.054551, , , , , , , 13.3400769, -0.0589151, , , , , , , 13.3400769, -0.0058747, , , , , , , 13.3400769, -0.0119173, , , , , , , , , , , , , , , , , , , , , , , , , , , , 
13.3405962, 0.0454871, , , , , , , 13.3405962, -0.0485084, , , , , , , 13.3405962, -0.0370947, , , , , , , 13.3405962, -0.005539, , , , , , , , , , , , , , , , , , , , , , , , , , , , 
13.3411154, 0.0431373, , , , , , , 13.3411154, -0.0251774, , , , , , , 13.3411154, -0.0652934, , , , , , , 13.3411154, 0.0016785, , , , , , , , , , , , , , , , , , , , , , , , , , , , 
13.3416346, 0.0360876, , , , , , , 13.3416346, -0.0008392, , , , , , , 13.3416346, -0.0803998, , , , , , , 13.3416346, 0.0112459, , , , , , , , , , , , , , , , , , , , , , , , , , , , 
13.3421538, 0.0218204, , , , , , , 13.3421538, 0.023331, , , , , , , 13.3421538, -0.0887922, , , , , , , 13.3421538, 0.0203098, , , , , , , , , , , , , , , , , , , , , , , , , , , , 
13.3426731, 0.0068818, , , , , , , 13.3426731, 0.0475013, , , , , , , 13.3426731, -0.0955062, , , , , , , 13.3426731, 0.0250095, , , , , , , , , , , , , , , , , , , , , , , , , , , , 
13.3431923, -0.0041962, , , , , , , 13.3431923, 0.0641184, , , , , , , 13.3431923, -0.100206, , , , , , , 13.3431923, 0.0250095, , , , , , , , , , , , , , , , , , , , , , , , , , , , 
13.3437115, -0.0129244, , , , , , , 13.3437115, 0.0602579, , , , , , , 13.3437115, -0.0955062, , , , , , , 13.3437115, 0.0287022, , , , , , , , , , , , , , , , , , , , , , , , , , , , 
13.3442308, -0.0198062, , , , , , , 13.3442308, 0.0387732, , , , , , , 13.3442308, -0.0834211, , , , , , , 13.3442308, 0.0332341, , , , , , , , , , , , , , , , , , , , , , , , , , , , 
13.34475, -0.0313878, , , , , , , 13.34475, 0.0236667, , , , , , , 13.34475, -0.0753643, , , , , , , 13.34475, 0.035584, , , , , , , , , , , , , , , , , , , , , , , , , , , , 
13.3452692, -0.0391089, , , , , , , 13.3452692, 0.0256809, , , , , , , 13.3452692, -0.0740215, , , , , , , 13.3452692, 0.0394446, , , , , , , , , , , , , , , , , , , , , , , , , , , , 
13.3457885, -0.0310521, , , , , , , 13.3457885, 0.0347448, , , , , , , 13.3457885, -0.0767071, , , , , , , 13.3457885, 0.0448157, , , , , , , , , , , , , , , , , , , , , , , , , , , , 
13.3463077, -0.0186313, , , , , , , 13.3463077, 0.0360876, , , , , , , 13.3463077, -0.0787213, , , , , , , 13.3463077, 0.0464942, , , , , , , , , , , , , , , , , , , , , , , , , , , , 
13.3468269, -0.011078, , , , , , , 13.3468269, 0.0206455, , , , , , , 13.3468269, -0.0666361, , , , , , , 13.3468269, 0.043473, , , , , , , , , , , , , , , , , , , , , , , , , , , , 
13.3473462, -0.008896, , , , , , , 13.3473462, -0.0041962, , , , , , , 13.3473462, -0.0411231, , , , , , , 13.3473462, 0.0411231, , , , , , , , , , , , , , , , , , , , , , , , , , , , 
13.3478654, -0.0099031, , , , , , , 13.3478654, -0.0216526, , , , , , , 13.3478654, -0.0213169, , , , , , , 13.3478654, 0.0397803, , , , , , , , , , , , , , , , , , , , , , , , , , , , 
13.3483846, -0.0125887, , , , , , , 13.3483846, -0.0263523, , , , , , , 13.3483846, -0.0065461, , , , , , , 13.3483846, 0.0339055, , , , , , , , , , , , , , , , , , , , , , , , , , , , 
13.3489038, -0.0109102, , , , , , , 13.3489038, -0.0285344, , , , , , , 13.3489038, 0.0132601, , , , , , , 13.3489038, 0.023331, , , , , , , , , , , , , , , , , , , , , , , , , , , , 
13.3494231, -0.0092317, , , , , , , 13.3494231, -0.0271916, , , , , , , 13.3494231, 0.0287022, , , , , , , 13.3494231, 0.0179599, , , , , , , , , , , , , , , , , , , , , , , , , , , , 
13.3499423, -0.0082246, , , , , , , 13.3499423, -0.0229953, , , , , , , 13.3499423, 0.0307164, , , , , , , 13.3499423, 0.0193027, , , , , , , , , , , , , , , , , , , , , , , , , , , , 
13.3504615, -0.0063783, , , , , , , 13.3504615, -0.0223239, , , , , , , 13.3504615, 0.026688, , , , , , , 13.3504615, 0.0265202, , , , , , , , , , , , , , , , , , , , , , , , , , , , 
13.3509808, -0.0052033, , , , , , , 13.3509808, -0.0213169, , , , , , , 13.3509808, 0.0206455, , , , , , , 13.3509808, 0.0320592, , , , , , , , , , , , , , , , , , , , , , , , , , , , 
13.3515, -0.0065461, , , , , , , 13.3515, -0.0325628, , , , , , , 13.3515, 0.0151064, , , , , , , 13.3515, 0.0320592, , , , , , , , , , , , , , , , , , , , , , , , , , , , 
13.3520192, -0.0083925, , , , , , , 13.3520192, -0.054551, , , , , , , 13.3520192, 0.0129244, , , , , , , 13.3520192, 0.026688, , , , , , , , , , , , , , , , , , , , , , , , , , , , 
13.3525385, -0.0063783, , , , , , , 13.3525385, -0.0639506, , , , , , , 13.3525385, 0.0132601, , , , , , , 13.3525385, 0.0218204, , , , , , , , , , , , , , , , , , , , , , , , , , , , 
13.3530577, -0.0048676, , , , , , , 13.3530577, -0.0525368, , , , , , , 13.3530577, 0.0135958, , , , , , , 13.3530577, 0.0193027, , , , , , , , , , , , , , , , , , , , , , , , , , , , 
13.3535769, -0.0048676, , , , , , , 13.3535769, -0.0287022, , , , , , , 13.3535769, 0.0129244, , , , , , , 13.3535769, 0.0186313, , , , , , , , , , , , , , , , , , , , , , , , , , , , 
13.3540962, -0.0041962, , , , , , , 13.3540962, -0.0015106, , , , , , , 13.3540962, 0.011078, , , , , , , 13.3540962, 0.0186313, , , , , , , , , , , , , , , , , , , , , , , , , , , , 
13.3546154, 0.0001678, , , , , , , 13.3546154, 0.026688, , , , , , , 13.3546154, 0.0072175, , , , , , , 13.3546154, 0.0182956, , , , , , , , , , , , , , , , , , , , , , , , , , , , 
13.3551346, 0.0045319, , , , , , , 13.3551346, 0.054551, , , , , , , 13.3551346, -0.0015106, , , , , , , 13.3551346, 0.0152743, , , , , , , , , , , , , , , , , , , , , , , , , , , , 
13.3556538, 0.0139315, , , , , , , 13.3556538, 0.068986, , , , , , , 13.3556538, -0.0082246, , , , , , , 13.3556538, 0.0068818, , , , , , , , , , , , , , , , , , , , , , , , , , , , 
13.3561731, 0.033402, , , , , , , 13.3561731, 0.0602579, , , , , , , 13.3561731, -0.0063783, , , , , , , 13.3561731, -0.0062104, , , , , , , , , , , , , , , , , , , , , , , , , , , , 
13.3566923, 0.0528725, , , , , , , 13.3566923, 0.0357519, , , , , , , 13.3566923, -0.0001678, , , , , , , 13.3566923, -0.0196384, , , , , , , , , , , , , , , , , , , , , , , , , , , , 
13.3572115, 0.0676432, , , , , , , 13.3572115, 0.0078889, , , , , , , 13.3572115, 0.0031891, , , , , , , 13.3572115, -0.0290379, , , , , , , , , , , , , , , , , , , , , , , , , , , , 
13.3577308, 0.0763714, , , , , , , 13.3577308, -0.0246738, , , , , , , 13.3577308, 0.0075532, , , , , , , 13.3577308, -0.0337377, , , , , , , , , , , , , , , , , , , , , , , , , , , , 
13.35825, 0.0763714, , , , , , , 13.35825, -0.0730144, , , , , , , 13.35825, 0.0072175, , , , , , , 13.35825, -0.0381018, , , , , , , , , , , , , , , , , , , , , , , , , , , , 
13.3587692, 0.0750286, , , , , , , 13.3587692, -0.1190051, , , , , , , 13.3587692, -0.0015106, , , , , , , 13.3587692, -0.0384375, , , , , , , , , , , , , , , , , , , , , , , , , , , , 
13.3592885, 0.0763714, , , , , , , 13.3592885, -0.1378042, , , , , , , 13.3592885, -0.0005035, , , , , , , 13.3592885, -0.03122, , , , , , , , , , , , , , , , , , , , , , , , , , , , 
13.3598077, 0.0699931, , , , , , , 13.3598077, -0.1216907, , , , , , , 13.3598077, 0.0172885, , , , , , , 13.3598077, -0.018967, , , , , , , , , , , , , , , , , , , , , , , , , , , , 
13.3603269, 0.0558938, , , , , , , 13.3603269, -0.0817426, , , , , , , 13.3603269, 0.0374304, , , , , , , 13.3603269, -0.0097353, , , , , , , , , , , , , , , , , , , , , , , , , , , , 
13.3608462, 0.04448, , , , , , , 13.3608462, -0.0471656, , , , , , , 13.3608462, 0.0392767, , , , , , , 13.3608462, -0.0035248, , , , , , , , , , , , , , , , , , , , , , , , , , , , 
13.3613654, 0.0397803, , , , , , , 13.3613654, -0.0287022, , , , , , , 13.3613654, 0.0209812, , , , , , , 13.3613654, -0.0005035, , , , , , , , , , , , , , , , , , , , , , , , , , , , 
13.3618846, 0.0318914, , , , , , , 13.3618846, -0.0182956, , , , , , , 13.3618846, -0.0008392, , , , , , , 13.3618846, -0.0011749, , , , , , , , , , , , , , , , , , , , , , , , , , , , 
13.3624038, 0.0166171, , , , , , , 13.3624038, -0.0048676, , , , , , , 13.3624038, -0.0172885, , , , , , , 13.3624038, -0.002182, , , , , , , , , , , , , , , , , , , , , , , , , , , , 
13.3629231, 0.0045319, , , , , , , 13.3629231, 0.0117494, , , , , , , 13.3629231, -0.030045, , , , , , , 13.3629231, 0.0008392, , , , , , , , , , , , , , , , , , , , , , , , , , , , 
13.3634423, -0.0015106, , , , , , , 13.3634423, 0.0206455, , , , , , , 13.3634423, -0.0404517, , , , , , , 13.3634423, 0.0072175, , , , , , , , , , , , , , , , , , , , , , , , , , , , 
13.3639615, -0.008896, , , , , , , 13.3639615, 0.0209812, , , , , , , 13.3639615, -0.0464942, , , , , , , 13.3639615, 0.0152743, , , , , , , , , , , , , , , , , , , , , , , , , , , , 
13.3644808, -0.0159457, , , , , , , 13.3644808, 0.0216526, , , , , , , 13.3644808, -0.0481727, , , , , , , 13.3644808, 0.0250095, , , , , , , , , , , , , , , , , , , , , , , , , , , , 
13.365, -0.0213169, , , , , , , 13.365, 0.0265202, , , , , , , 13.365, -0.0475013, , , , , , , 13.365, 0.0381018, , , , , , , , , , , , , , , , , , , , , , , , , , , , 
13.3655192, -0.0273594, , , , , , , 13.3655192, 0.0320592, , , , , , , 13.3655192, -0.0340734, , , , , , , 13.3655192, 0.0558938, , , , , , , , , , , , , , , , , , , , , , , , , , , , 
13.3660385, -0.0276951, , , , , , , 13.3660385, 0.0397803, , , , , , , 13.3660385, 0.0011749, , , , , , , 13.3660385, 0.0663005, , , , , , , , , , , , , , , , , , , , , , , , , , , , 
13.3665577, -0.0167849, , , , , , , 13.3665577, 0.0468299, , , , , , , 13.3665577, 0.0397803, , , , , , , 13.3665577, 0.0642863, , , , , , , , , , , , , , , , , , , , , , , , , , , , 
13.3670769, -0.0057069, , , , , , , 13.3670769, 0.0522011, , , , , , , 13.3670769, 0.0589151, , , , , , , 13.3670769, 0.0587472, , , , , , , , , , , , , , , , , , , , , , , , , , , , 
13.3675962, -0.0003357, , , , , , , 13.3675962, 0.0585794, , , , , , , 13.3675962, 0.0522011, , , , , , , 13.3675962, 0.0589151, , , , , , , , , , , , , , , , , , , , , , , , , , , , 
13.3681154, 0.0015106, , , , , , , 13.3681154, 0.0609293, , , , , , , 13.3681154, 0.0307164, , , , , , , 13.3681154, 0.0595865, , , , , , , , , , , , , , , , , , , , , , , , , , , , 
13.3686346, 0.0015106, , , , , , , 13.3686346, 0.0572366, , , , , , , 13.3686346, 0.0115816, , , , , , , 13.3686346, 0.0562295, , , , , , , , , , , , , , , , , , , , , , , , , , , , 
13.3691538, -0.0011749, , , , , , , 13.3691538, 0.0464942, , , , , , , 13.3691538, 0.0031891, , , , , , , 13.3691538, 0.0515297, , , , , , , , , , , , , , , , , , , , , , , , , , , , 
13.3696731, -0.0048676, , , , , , , 13.3696731, 0.0251774, , , , , , , 13.3696731, 0.0005035, , , , , , , 13.3696731, 0.0471656, , , , , , , , , , , , , , , , , , , , , , , , , , , , 
13.3701923, -0.0083925, , , , , , , 13.3701923, -0.0072175, , , , , , , 13.3701923, -0.0090639, , , , , , , 13.3701923, 0.0448157, , , , , , , , , , , , , , , , , , , , , , , , , , , , 
13.3707115, -0.0109102, , , , , , , 13.3707115, -0.0424659, , , , , , , 13.3707115, -0.0273594, , , , , , , 13.3707115, 0.043473, , , , , , , , , , , , , , , , , , , , , , , , , , , , 
13.3712308, -0.0166171, , , , , , , 13.3712308, -0.0639506, , , , , , , 13.3712308, -0.0522011, , , , , , , 13.3712308, 0.0407874, , , , , , , , , , , , , , , , , , , , , , , , , , , , 
13.37175, -0.0223239, , , , , , , 13.37175, -0.0676432, , , , , , , 13.37175, -0.0743572, , , , , , , 13.37175, 0.0330663, , , , , , , , , , , , , , , , , , , , , , , , , , , , 
13.3722692, -0.0224918, , , , , , , 13.3722692, -0.0619364, , , , , , , 13.3722692, -0.0817426, , , , , , , 13.3722692, 0.0193027, , , , , , , , , , , , , , , , , , , , , , , , , , , , 
13.3727885, -0.012253, , , , , , , 13.3727885, -0.0530404, , , , , , , 13.3727885, -0.0706645, , , , , , , 13.3727885, 0.0068818, , , , , , , , , , , , , , , , , , , , , , , , , , , , 
13.3733077, -0.0041962, , , , , , , 13.3733077, -0.0417945, , , , , , , 13.3733077, -0.0513619, , , , , , , 13.3733077, 0.0011749, , , , , , , , , , , , , , , , , , , , , , , , , , , , 
13.3738269, 0.0045319, , , , , , , 13.3738269, -0.0350805, , , , , , , 13.3738269, -0.0297093, , , , , , , 13.3738269, -0.0016785, , , , , , , , , , , , , , , , , , , , , , , , , , , , 
13.3743462, 0.0105745, , , , , , , 13.3743462, -0.0421302, , , , , , , 13.3743462, -0.0135958, , , , , , , 13.3743462, -0.0057069, , , , , , , , , , , , , , , , , , , , , , , , , , , , 
13.3748654, 0.0105745, , , , , , , 13.3748654, -0.06009, , , , , , , 13.3748654, -0.0035248, , , , , , , 13.3748654, -0.0109102, , , , , , , , , , , , , , , , , , , , , , , , , , , , 
13.3753846, 0.0172885, , , , , , , 13.3753846, -0.0686503, , , , , , , 13.3753846, 0.0038605, , , , , , , 13.3753846, -0.0179599, , , , , , , , , , , , , , , , , , , , , , , , , , , , 
13.3759038, 0.0374304, , , , , , , 13.3759038, -0.0622721, , , , , , , 13.3759038, 0.0090639, , , , , , , 13.3759038, -0.0270237, , , , , , , , , , , , , , , , , , , , , , , , , , , , 
13.3764231, 0.0594186, , , , , , , 13.3764231, -0.0506905, , , , , , , 13.3764231, 0.0119173, , , , , , , 13.3764231, -0.0303807, , , , , , , , , , , , , , , , , , , , , , , , , , , , 
13.3769423, 0.0703288, , , , , , , 13.3769423, -0.0364233, , , , , , , 13.3769423, 0.0152743, , , , , , , 13.3769423, -0.030045, , , , , , , , , , , , , , , , , , , , , , , , , , , , 
13.3774615, 0.0721752, , , , , , , 13.3774615, -0.0176242, , , , , , , 13.3774615, 0.012253, , , , , , , 13.3774615, -0.030045, , , , , , , , , , , , , , , , , , , , , , , , , , , , 
13.3779808, 0.0743572, , , , , , , 13.3779808, -0.0028534, , , , , , , 13.3779808, -0.0006714, , , , , , , 13.3779808, -0.0317235, , , , , , , , , , , , , , , , , , , , , , , , , , , , 
13.3785, 0.0750286, , , , , , , 13.3785, 0.0031891, , , , , , , 13.3785, -0.017792, , , , , , , 13.3785, -0.0290379, , , , , , , , , , , , , , , , , , , , , , , , , , , , 
13.3790192, 0.0713359, , , , , , , 13.3790192, 0.0058747, , , , , , , 13.3790192, -0.0386053, , , , , , , 13.3790192, -0.0196384, , , , , , , , , , , , , , , , , , , , , , , , , , , , 
13.3795385, 0.0629435, , , , , , , 13.3795385, 0.0072175, , , , , , , 13.3795385, -0.0652934, , , , , , , 13.3795385, -0.0099031, , , , , , , , , , , , , , , , , , , , , , , , , , , , 
13.3800577, 0.0542153, , , , , , , 13.3800577, 0.0092317, , , , , , , 13.3800577, -0.0921492, , , , , , , 13.3800577, -0.0008392, , , , , , , , , , , , , , , , , , , , , , , , , , , , 
13.3805769, 0.0468299, , , , , , , 13.3805769, 0.0099031, , , , , , , 13.3805769, -0.1138018, , , , , , , 13.3805769, 0.0085603, , , , , , , , , , , , , , , , , , , , , , , , , , , , 
13.3810962, 0.0387732, , , , , , , 13.3810962, 0.0052033, , , , , , , 13.3810962, -0.1270619, , , , , , , 13.3810962, 0.0193027, , , , , , , , , , , , , , , , , , , , , , , , , , , , 
13.3816154, 0.0265202, , , , , , , 13.3816154, 0.0072175, , , , , , , 13.3816154, -0.1245441, , , , , , , 13.3816154, 0.026688, , , , , , , , , , , , , , , , , , , , , , , , , , , , 
13.3821346, 0.0105745, , , , , , , 13.3821346, 0.0142672, , , , , , , 13.3821346, -0.1075914, , , , , , , 13.3821346, 0.0332341, , , , , , , , , , , , , , , , , , , , , , , , , , , , 
13.3826538, -0.0008392, , , , , , , 13.3826538, 0.0062104, , , , , , , 13.3826538, -0.0867781, , , , , , , 13.3826538, 0.0424659, , , , , , , , , , , , , , , , , , , , , , , , , , , , 
13.3831731, -0.0102388, , , , , , , 13.3831731, -0.012253, , , , , , , 13.3831731, -0.0713359, , , , , , , 13.3831731, 0.0491798, , , , , , , , , , , , , , , , , , , , , , , , , , , , 
13.3836923, -0.0172885, , , , , , , 13.3836923, -0.0209812, , , , , , , 13.3836923, -0.0558938, , , , , , , 13.3836923, 0.0520333, , , , , , , , , , , , , , , , , , , , , , , , , , , , 
13.3842115, -0.0250095, , , , , , , 13.3842115, -0.0068818, , , , , , , 13.3842115, -0.0354162, , , , , , , 13.3842115, 0.0558938, , , , , , , , , , , , , , , , , , , , , , , , , , , , 
13.3847308, -0.0323949, , , , , , , 13.3847308, 0.0246738, , , , , , , 13.3847308, -0.0095674, , , , , , , 13.3847308, 0.0572366, , , , , , , , , , , , , , , , , , , , , , , , , , , , 
13.38525, -0.0364233, , , , , , , 13.38525, 0.0461585, , , , , , , 13.38525, 0.0206455, , , , , , , 13.38525, 0.0535439, , , , , , , , , , , , , , , , , , , , , , , , , , , , 
13.3857692, -0.0307164, , , , , , , 13.3857692, 0.0508583, , , , , , , 13.3857692, 0.0501869, , , , , , , 13.3857692, 0.0459907, , , , , , , , , , , , , , , , , , , , , , , , , , , , 
13.3862885, -0.0209812, , , , , , , 13.3862885, 0.0473335, , , , , , , 13.3862885, 0.0696574, , , , , , , 13.3862885, 0.0337377, , , , , , , , , , , , , , , , , , , , , , , , , , , , 
13.3868077, -0.0186313, , , , , , , 13.3868077, 0.0426337, , , , , , , 13.3868077, 0.0783856, , , , , , , 13.3868077, 0.0199741, , , , , , , , , , , , , , , , , , , , , , , , , , , , 
13.3873269, -0.0184634, , , , , , , 13.3873269, 0.036759, , , , , , , 13.3873269, 0.085771, , , , , , , 13.3873269, 0.0090639, , , , , , , , , , , , , , , , , , , , , , , , , , , , 
13.3878462, -0.0115816, , , , , , , 13.3878462, 0.0339055, , , , , , , 13.3878462, 0.0951705, , , , , , , 13.3878462, -0.0003357, , , , , , , , , , , , , , , , , , , , , , , , , , , , 
13.3883654, -0.0005035, , , , , , , 13.3883654, 0.0352483, , , , , , , 13.3883654, 0.10692, , , , , , , 13.3883654, -0.0075532, , , , , , , , , , , , , , , , , , , , , , , , , , , , 
13.3888846, 0.0005035, , , , , , , 13.3888846, 0.0397803, , , , , , , 13.3888846, 0.1169909, , , , , , , 13.3888846, -0.0082246, , , , , , , , , , , , , , , , , , , , , , , , , , , , 
13.3894038, -0.0028534, , , , , , , 13.3894038, 0.0453193, , , , , , , 13.3894038, 0.1174945, , , , , , , 13.3894038, -0.005539, , , , , , , , , , , , , , , , , , , , , , , , , , , , 
13.3899231, -0.0025177, , , , , , , 13.3899231, 0.0381018, , , , , , , 13.3899231, 0.1065843, , , , , , , 13.3899231, -0.002182, , , , , , , , , , , , , , , , , , , , , , , , , , , , 
13.3904423, -0.0038605, , , , , , , 13.3904423, -0.0065461, , , , , , , 13.3904423, 0.0871138, , , , , , , 13.3904423, -0.0013428, , , , , , , , , , , , , , , , , , , , , , , , , , , , 
13.3909615, -0.0026856, , , , , , , 13.3909615, -0.0642863, , , , , , , 13.3909615, 0.0710002, , , , , , , 13.3909615, -0.0035248, , , , , , , , , , , , , , , , , , , , , , , , , , , , 
13.3914808, 0.0035248, , , , , , , 13.3914808, -0.0884565, , , , , , , 13.3914808, 0.0656291, , , , , , , 13.3914808, -0.0057069, , , , , , , , , , , , , , , , , , , , , , , , , , , , 
13.392, 0.0095674, , , , , , , 13.392, -0.0760357, , , , , , , 13.392, 0.0656291, , , , , , , 13.392, -0.0048676, , , , , , , , , , , , , , , , , , , , , , , , , , , , 
13.3925192, 0.0132601, , , , , , , 13.3925192, -0.0424659, , , , , , , 13.3925192, 0.0602579, , , , , , , 13.3925192, -0.0028534, , , , , , , , , , , , , , , , , , , , , , , , , , , , 
13.3930385, 0.0159457, , , , , , , 13.3930385, 0.0099031, , , , , , , 13.3930385, 0.054551, , , , , , , 13.3930385, 0.0005035, , , , , , , , , , , , , , , , , , , , , , , , , , , , 
13.3935577, 0.0179599, , , , , , , 13.3935577, 0.0582437, , , , , , , 13.3935577, 0.0558938, , , , , , , 13.3935577, 0.0031891, , , , , , , , , , , , , , , , , , , , , , , , , , , , 
13.3940769, 0.0216526, , , , , , , 13.3940769, 0.068986, , , , , , , 13.3940769, 0.0626078, , , , , , , 13.3940769, 0.0018463, , , , , , , , , , , , , , , , , , , , , , , , , , , , 
13.3945962, 0.0258488, , , , , , , 13.3945962, 0.0391089, , , , , , , 13.3945962, 0.0622721, , , , , , , 13.3945962, -0.0008392, , , , , , , , , , , , , , , , , , , , , , , , , , , , 
13.3951154, 0.0303807, , , , , , , 13.3951154, 0.0065461, , , , , , , 13.3951154, 0.0458228, , , , , , , 13.3951154, -0.0015106, , , , , , , , , , , , , , , , , , , , , , , , , , , , 
13.3956346, 0.0374304, , , , , , , 13.3956346, -0.0070497, , , , , , , 13.3956346, 0.0135958, , , , , , , 13.3956346, -0.0038605, , , , , , , , , , , , , , , , , , , , , , , , , , , , 
13.3961538, 0.0508583, , , , , , , 13.3961538, -0.0287022, , , , , , , 13.3961538, -0.0287022, , , , , , , 13.3961538, -0.0085603, , , , , , , , , , , , , , , , , , , , , , , , , , , , 
13.3966731, 0.0642863, , , , , , , 13.3966731, -0.0699931, , , , , , , 13.3966731, -0.0706645, , , , , , , 13.3966731, -0.0139315, , , , , , , , , , , , , , , , , , , , , , , , , , , , 
13.3971923, 0.070161, , , , , , , 13.3971923, -0.0975204, , , , , , , 13.3971923, -0.1075914, , , , , , , 13.3971923, -0.0162814, , , , , , , , , , , , , , , , , , , , , , , , , , , , 
13.3977115, 0.0693217, , , , , , , 13.3977115, -0.0921492, , , , , , , 13.3977115, -0.1433433, , , , , , , 13.3977115, -0.0169528, , , , , , , , , , , , , , , , , , , , , , , , , , , , 
13.3982308, 0.0720073, , , , , , , 13.3982308, -0.0688182, , , , , , , 13.3982308, -0.181445, , , , , , , 13.3982308, -0.0206455, , , , , , , , , , , , , , , , , , , , , , , , , , , , 
13.39875, 0.0767071, , , , , , , 13.39875, -0.0471656, , , , , , , 13.39875, -0.2099794, , , , , , , 13.39875, -0.0270237, , , , , , , , , , , , , , , , , , , , , , , , , , , , 
13.3992692, 0.0743572, , , , , , , 13.3992692, -0.0344091, , , , , , , 13.3992692, -0.2163577, , , , , , , 13.3992692, -0.0273594, , , , , , , , , , , , , , , , , , , , , , , , , , , , 
13.3997885, 0.0626078, , , , , , , 13.3997885, -0.0256809, , , , , , , 13.3997885, -0.2113222, , , , , , , 13.3997885, -0.0219883, , , , , , , , , , , , , , , , , , , , , , , , , , , , 
13.4003077, 0.0501869, , , , , , , 13.4003077, -0.0236667, , , , , , , 13.4003077, -0.2052796, , , , , , , 13.4003077, -0.0129244, , , , , , , , , , , , , , , , , , , , , , , , , , , , 
13.4008269, 0.0468299, , , , , , , 13.4008269, -0.0318914, , , , , , , 13.4008269, -0.1878233, , , , , , , 13.4008269, -0.0035248, , , , , , , , , , , , , , , , , , , , , , , , , , , , 
13.4013462, 0.0448157, , , , , , , 13.4013462, -0.0468299, , , , , , , 13.4013462, -0.1519036, , , , , , , 13.4013462, 0.0041962, , , , , , , , , , , , , , , , , , , , , , , , , , , , 
13.4018654, 0.0317235, , , , , , , 13.4018654, -0.0527047, , , , , , , 13.4018654, -0.1030594, , , , , , , 13.4018654, 0.0146029, , , , , , , , , , , , , , , , , , , , , , , , , , , , 
13.4023846, 0.0112459, , , , , , , 13.4023846, -0.0417945, , , , , , , 13.4023846, -0.0592508, , , , , , , 13.4023846, 0.026688, , , , , , , , , , , , , , , , , , , , , , , , , , , , 
13.4029038, -0.0082246, , , , , , , 13.4029038, -0.0250095, , , , , , , 13.4029038, -0.0270237, , , , , , , 13.4029038, 0.0357519, , , , , , , , , , , , , , , , , , , , , , , , , , , , 
13.4034231, -0.0234989, , , , , , , 13.4034231, -0.0139315, , , , , , , 13.4034231, 0.0023499, , , , , , , 13.4034231, 0.0433051, , , , , , , , , , , , , , , , , , , , , , , , , , , , 
13.4039423, -0.0377661, , , , , , , 13.4039423, -0.0015106, , , , , , , 13.4039423, 0.0320592, , , , , , , 13.4039423, 0.0508583, , , , , , , , , , , , , , , , , , , , , , , , , , , , 
13.4044615, -0.0498512, , , , , , , 13.4044615, 0.0146029, , , , , , , 13.4044615, 0.0501869, , , , , , , 13.4044615, 0.0535439, , , , , , , , , , , , , , , , , , , , , , , , , , , , 
13.4049808, -0.057908, , , , , , , 13.4049808, 0.0287022, , , , , , , 13.4049808, 0.0562295, , , , , , , 13.4049808, 0.0535439, , , , , , , , , , , , , , , , , , , , , , , , , , , , 
13.4055, -0.0605936, , , , , , , 13.4055, 0.0421302, , , , , , , 13.4055, 0.0642863, , , , , , , 13.4055, 0.056733, , , , , , , , , , , , , , , , , , , , , , , , , , , , 
13.4060192, -0.0518654, , , , , , , 13.4060192, 0.0616007, , , , , , , 13.4060192, 0.0780499, , , , , , , 13.4060192, 0.0602579, , , , , , , , , , , , , , , , , , , , , , , , , , , , 
13.4065385, -0.0379339, , , , , , , 13.4065385, 0.0820783, , , , , , , 13.4065385, 0.0931563, , , , , , , 13.4065385, 0.0592508, , , , , , , , , , , , , , , , , , , , , , , , , , , , 
13.4070577, -0.0283665, , , , , , , 13.4070577, 0.0918135, , , , , , , 13.4070577, 0.1012131, , , , , , , 13.4070577, 0.0548867, , , , , , , , , , , , , , , , , , , , , , , , , , , , 
13.4075769, -0.0216526, , , , , , , 13.4075769, 0.0874495, , , , , , , 13.4075769, 0.1084306, , , , , , , 13.4075769, 0.0501869, , , , , , , , , , , , , , , , , , , , , , , , , , , , 
13.4080962, -0.0166171, , , , , , , 13.4080962, 0.0663005, , , , , , , 13.4080962, 0.1163195, , , , , , , 13.4080962, 0.0441444, , , , , , , , , , , , , , , , , , , , , , , , , , , , 
13.4086154, -0.0132601, , , , , , , 13.4086154, 0.0392767, , , , , , , 13.4086154, 0.1206836, , , , , , , 13.4086154, 0.0360876, , , , , , , , , , , , , , , , , , , , , , , , , , , , 
13.4091346, -0.0082246, , , , , , , 13.4091346, 0.0226596, , , , , , , 13.4091346, 0.1186694, , , , , , , 13.4091346, 0.0280308, , , , , , , , , , , , , , , , , , , , , , , , , , , , 
13.4096538, -0.0001678, , , , , , , 13.4096538, 0.011078, , , , , , , 13.4096538, 0.1131304, , , , , , , 13.4096538, 0.0226596, , , , , , , , , , , , , , , , , , , , , , , , , , , , 
13.4101731, 0.0078889, , , , , , , 13.4101731, -0.0099031, , , , , , , 13.4101731, 0.1119554, , , , , , , 13.4101731, 0.0209812, , , , , , , , , , , , , , , , , , , , , , , , , , , , 
13.4106923, 0.0135958, , , , , , , 13.4106923, -0.0438087, , , , , , , 13.4106923, 0.1119554, , , , , , , 13.4106923, 0.0219883, , , , , , , , , , , , , , , , , , , , , , , , , , , , 
13.4112115, 0.0179599, , , , , , , 13.4112115, -0.0820783, , , , , , , 13.4112115, 0.0991989, , , , , , , 13.4112115, 0.0216526, , , , , , , , , , , , , , , , , , , , , , , , , , , , 
13.4117308, 0.0149386, , , , , , , 13.4117308, -0.1082628, , , , , , , 13.4117308, 0.0736858, , , , , , , 13.4117308, 0.023331, , , , , , , , , , , , , , , , , , , , , , , , , , , , 
13.41225, 0.0102388, , , , , , , 13.41225, -0.0975204, , , , , , , 13.41225, 0.0515297, , , , , , , 13.41225, 0.0256809, , , , , , , , , , , , , , , , , , , , , , , , , , , , 
13.4127692, 0.0114137, , , , , , , 13.4127692, -0.0582437, , , , , , , 13.4127692, 0.0391089, , , , , , , 13.4127692, 0.0251774, , , , , , , , , , , , , , , , , , , , , , , , , , , , 
13.4132885, 0.0186313, , , , , , , 13.4132885, -0.0182956, , , , , , , 13.4132885, 0.030045, , , , , , , 13.4132885, 0.0213169, , , , , , , , , , , , , , , , , , , , , , , , , , , , 
13.4138077, 0.0213169, , , , , , , 13.4138077, -0.0001678, , , , , , , 13.4138077, 0.0139315, , , , , , , 13.4138077, 0.0172885, , , , , , , , , , , , , , , , , , , , , , , , , , , , 
13.4143269, 0.0166171, , , , , , , 13.4143269, -0.002182, , , , , , , 13.4143269, -0.0075532, , , , , , , 13.4143269, 0.0130922, , , , , , , , , , , , , , , , , , , , , , , , , , , , 
13.4148462, 0.0132601, , , , , , , 13.4148462, -0.0151064, , , , , , , 13.4148462, -0.0251774, , , , , , , 13.4148462, 0.0078889, , , , , , , , , , , , , , , , , , , , , , , , , , , , 
13.4153654, 0.0199741, , , , , , , 13.4153654, -0.0292058, , , , , , , 13.4153654, -0.0339055, , , , , , , 13.4153654, 0.0005035, , , , , , , , , , , , , , , , , , , , , , , , , , , , 
13.4158846, 0.0318914, , , , , , , 13.4158846, -0.0397803, , , , , , , 13.4158846, -0.0417945, , , , , , , 13.4158846, -0.0062104, , , , , , , , , , , , , , , , , , , , , , , , , , , , 
13.4164038, 0.0419623, , , , , , , 13.4164038, -0.047837, , , , , , , 13.4164038, -0.0552224, , , , , , , 13.4164038, -0.0125887, , , , , , , , , , , , , , , , , , , , , , , , , , , , 
13.4169231, 0.0513619, , , , , , , 13.4169231, -0.0522011, , , , , , , 13.4169231, -0.0773785, , , , , , , 13.4169231, -0.0194705, , , , , , , , , , , , , , , , , , , , , , , , , , , , 
13.4174423, 0.0589151, , , , , , , 13.4174423, -0.0525368, , , , , , , 13.4174423, -0.0963455, , , , , , , 13.4174423, -0.0248417, , , , , , , , , , , , , , , , , , , , , , , , , , , , 
13.4179615, 0.064622, , , , , , , 13.4179615, -0.0417945, , , , , , , 13.4179615, -0.1122911, , , , , , , 13.4179615, -0.0303807, , , , , , , , , , , , , , , , , , , , , , , , , , , , 
13.4184808, 0.0683146, , , , , , , 13.4184808, -0.023331, , , , , , , 13.4184808, -0.1262226, , , , , , , 13.4184808, -0.0337377, , , , , , , , , , , , , , , , , , , , , , , , , , , , 
13.419, 0.0693217, , , , , , , 13.419, -0.0070497, , , , , , , 13.419, -0.1277333, , , , , , , 13.419, -0.0340734, , , , , , , , , , , , , , , , , , , , , , , , , , , , 
13.4195192, 0.0676432, , , , , , , 13.4195192, -0.002182, , , , , , , 13.4195192, -0.114641, , , , , , , 13.4195192, -0.0332341, , , , , , , , , , , , , , , , , , , , , , , , , , , , 
13.4200385, 0.0632792, , , , , , , 13.4200385, -0.0068818, , , , , , , 13.4200385, -0.0975204, , , , , , , 13.4200385, -0.030045, , , , , , , , , , , , , , , , , , , , , , , , , , , , 
13.4205577, 0.0589151, , , , , , , 13.4205577, -0.0129244, , , , , , , 13.4205577, -0.0854353, , , , , , , 13.4205577, -0.0270237, , , , , , , , , , , , , , , , , , , , , , , , , , , , 
13.4210769, 0.0515297, , , , , , , 13.4210769, -0.0206455, , , , , , , 13.4210769, -0.0755322, , , , , , , 13.4210769, -0.0229953, , , , , , , , , , , , , , , , , , , , , , , , , , , , 
13.4215962, 0.0381018, , , , , , , 13.4215962, -0.0240024, , , , , , , 13.4215962, -0.0619364, , , , , , , 13.4215962, -0.017792, , , , , , , , , , , , , , , , , , , , , , , , , , , , 
13.4221154, 0.0229953, , , , , , , 13.4221154, -0.0198062, , , , , , , 13.4221154, -0.047837, , , , , , , 13.4221154, -0.0125887, , , , , , , , , , , , , , , , , , , , , , , , , , , , 
13.4226346, 0.0092317, , , , , , , 13.4226346, -0.0102388, , , , , , , 13.4226346, -0.0374304, , , , , , , 13.4226346, -0.005539, , , , , , , , , , , , , , , , , , , , , , , , , , , , 
13.4231538, -0.0070497, , , , , , , 13.4231538, 0.0028534, , , , , , , 13.4231538, -0.0234989, , , , , , , 13.4231538, 0.0008392, , , , , , , , , , , , , , , , , , , , , , , , , , , , 
13.4236731, -0.0182956, , , , , , , 13.4236731, 0.0203098, , , , , , , 13.4236731, -0.0025177, , , , , , , 13.4236731, 0.0078889, , , , , , , , , , , , , , , , , , , , , , , , , , , , 
13.4241923, -0.0223239, , , , , , , 13.4241923, 0.0391089, , , , , , , 13.4241923, 0.0139315, , , , , , , 13.4241923, 0.0162814, , , , , , , , , , , , , , , , , , , , , , , , , , , , 
13.4247115, -0.0337377, , , , , , , 13.4247115, 0.0491798, , , , , , , 13.4247115, 0.0179599, , , , , , , 13.4247115, 0.024506, , , , , , , , , , , , , , , , , , , , , , , , , , , , 
13.4252308, -0.0431373, , , , , , , 13.4252308, 0.0407874, , , , , , , 13.4252308, 0.0184634, , , , , , , 13.4252308, 0.0315557, , , , , , , , , , , , , , , , , , , , , , , , , , , , 
13.42575, -0.0404517, , , , , , , 13.42575, 0.0290379, , , , , , , 13.42575, 0.0250095, , , , , , , 13.42575, 0.0407874, , , , , , , , , , , , , , , , , , , , , , , , , , , , 
13.4262692, -0.0327306, , , , , , , 13.4262692, 0.0280308, , , , , , , 13.4262692, 0.033402, , , , , , , 13.4262692, 0.0485084, , , , , , , , , , , , , , , , , , , , , , , , , , , , 
13.4267885, -0.0199741, , , , , , , 13.4267885, 0.0287022, , , , , , , 13.4267885, 0.0370947, , , , , , , 13.4267885, 0.0548867, , , , , , , , , , , , , , , , , , , , , , , , , , , , 
13.4273077, -0.0157778, , , , , , , 13.4273077, 0.0253452, , , , , , , 13.4273077, 0.0379339, , , , , , , 13.4273077, 0.061265, , , , , , , , , , , , , , , , , , , , , , , , , , , , 
13.4278269, -0.0169528, , , , , , , 13.4278269, 0.0327306, , , , , , , 13.4278269, 0.0394446, , , , , , , 13.4278269, 0.0674754, , , , , , , , , , , , , , , , , , , , , , , , , , , , 
13.4283462, -0.0095674, , , , , , , 13.4283462, 0.0468299, , , , , , , 13.4283462, 0.0386053, , , , , , , 13.4283462, 0.0666361, , , , , , , , , , , , , , , , , , , , , , , , , , , , 
13.4288654, 0.0018463, , , , , , , 13.4288654, 0.043473, , , , , , , 13.4288654, 0.0307164, , , , , , , 13.4288654, 0.0616007, , , , , , , , , , , , , , , , , , , , , , , , , , , , 
13.4293846, 0.0062104, , , , , , , 13.4293846, 0.0226596, , , , , , , 13.4293846, 0.0206455, , , , , , , 13.4293846, 0.0547189, , , , , , , , , , , , , , , , , , , , , , , , , , , , 
13.4299038, 0.0085603, , , , , , , 13.4299038, 0.005539, , , , , , , 13.4299038, 0.0206455, , , , , , , 13.4299038, 0.0448157, , , , , , , , , , , , , , , , , , , , , , , , , , , , 
13.4304231, 0.0129244, , , , , , , 13.4304231, -0.0001678, , , , , , , 13.4304231, 0.0313878, , , , , , , 13.4304231, 0.0322271, , , , , , , , , , , , , , , , , , , , , , , , , , , , 
13.4309423, 0.0142672, , , , , , , 13.4309423, 0.0025177, , , , , , , 13.4309423, 0.0428016, , , , , , , 13.4309423, 0.0186313, , , , , , , , , , , , , , , , , , , , , , , , , , , , 
13.4314615, 0.0169528, , , , , , , 13.4314615, -0.0001678, , , , , , , 13.4314615, 0.0428016, , , , , , , 13.4314615, 0.011078, , , , , , , , , , , , , , , , , , , , , , , , , , , , 
13.4319808, 0.0206455, , , , , , , 13.4319808, -0.0109102, , , , , , , 13.4319808, 0.0307164, , , , , , , 13.4319808, 0.0077211, , , , , , , , , , , , , , , , , , , , , , , , , , , , 
13.4325, 0.0186313, , , , , , , 13.4325, -0.0216526, , , , , , , 13.4325, 0.0099031, , , , , , , 13.4325, 0.0038605, , , , , , , , , , , , , , , , , , , , , , , , , , , , 
13.4330192, 0.012253, , , , , , , 13.4330192, -0.0515297, , , , , , , 13.4330192, -0.0112459, , , , , , , 13.4330192, 0.0011749, , , , , , , , , , , , , , , , , , , , , , , , , , , , 
13.4335385, 0.0072175, , , , , , , 13.4335385, -0.096849, , , , , , , 13.4335385, -0.0327306, , , , , , , 13.4335385, -0.0015106, , , , , , , , , , , , , , , , , , , , , , , , , , , , 
13.4340577, 0.0038605, , , , , , , 13.4340577, -0.1082628, , , , , , , 13.4340577, -0.0535439, , , , , , , 13.4340577, -0.0041962, , , , , , , , , , , , , , , , , , , , , , , , , , , , 
13.4345769, 0.0018463, , , , , , , 13.4345769, -0.0800641, , , , , , , 13.4345769, -0.0746929, , , , , , , 13.4345769, -0.0052033, , , , , , , , , , , , , , , , , , , , , , , , , , , , 
13.4350962, 0.0065461, , , , , , , 13.4350962, -0.0619364, , , , , , , 13.4350962, -0.0975204, , , , , , , 13.4350962, -0.0072175, , , , , , , , , , , , , , , , , , , , , , , , , , , , 
13.4356154, 0.0152743, , , , , , , 13.4356154, -0.0783856, , , , , , , 13.4356154, -0.1121233, , , , , , , 13.4356154, -0.0104067, , , , , , , , , , , , , , , , , , , , , , , , , , , , 
13.4361346, 0.0246738, , , , , , , 13.4361346, -0.1028916, , , , , , , 13.4361346, -0.1065843, , , , , , , 13.4361346, -0.012253, , , , , , , , , , , , , , , , , , , , , , , , , , , , 
13.4366538, 0.033402, , , , , , , 13.4366538, -0.1037308, , , , , , , 13.4366538, -0.0830854, , , , , , , 13.4366538, -0.0142672, , , , , , , , , , , , , , , , , , , , , , , , , , , , 
13.4371731, 0.0454871, , , , , , , 13.4371731, -0.0783856, , , , , , , 13.4371731, -0.0522011, , , , , , , 13.4371731, -0.0162814, , , , , , , , , , , , , , , , , , , , , , , , , , , , 
13.4376923, 0.0587472, , , , , , , 13.4376923, -0.047837, , , , , , , 13.4376923, -0.0219883, , , , , , , 13.4376923, -0.0149386, , , , , , , , , , , , , , , , , , , , , , , , , , , , 
13.4382115, 0.0649577, , , , , , , 13.4382115, -0.0224918, , , , , , , 13.4382115, 0.0072175, , , , , , , 13.4382115, -0.0109102, , , , , , , , , , , , , , , , , , , , , , , , , , , , 
13.4387308, 0.0649577, , , , , , , 13.4387308, 0.0078889, , , , , , , 13.4387308, 0.0290379, , , , , , , 13.4387308, -0.0092317, , , , , , , , , , , , , , , , , , , , , , , , , , , , 
13.43925, 0.0656291, , , , , , , 13.43925, 0.0354162, , , , , , , 13.43925, 0.033402, , , , , , , 13.43925, -0.0075532, , , , , , , , , , , , , , , , , , , , , , , , , , , , 
13.4397692, 0.0616007, , , , , , , 13.4397692, 0.0424659, , , , , , , 13.4397692, 0.0246738, , , , , , , 13.4397692, -0.002182, , , , , , , , , , , , , , , , , , , , , , , , , , , , 
13.4402885, 0.0535439, , , , , , , 13.4402885, 0.0260166, , , , , , , 13.4402885, 0.0102388, , , , , , , 13.4402885, 0.0045319, , , , , , , , , , , , , , , , , , , , , , , , , , , , 
13.4408077, 0.0438087, , , , , , , 13.4408077, 0.0052033, , , , , , , 13.4408077, -0.0038605, , , , , , , 13.4408077, 0.0078889, , , , , , , , , , , , , , , , , , , , , , , , , , , , 
13.4413269, 0.0320592, , , , , , , 13.4413269, -0.0008392, , , , , , , 13.4413269, -0.0124208, , , , , , , 13.4413269, 0.0105745, , , , , , , , , , , , , , , , , , , , , , , , , , , , 
13.4418462, 0.0209812, , , , , , , 13.4418462, 0.0105745, , , , , , , 13.4418462, -0.0196384, , , , , , , 13.4418462, 0.0186313, , , , , , , , , , , , , , , , , , , , , , , , , , , , 
13.4423654, 0.0085603, , , , , , , 13.4423654, 0.0253452, , , , , , , 13.4423654, -0.0320592, , , , , , , 13.4423654, 0.0250095, , , , , , , , , , , , , , , , , , , , , , , , , , , , 
13.4428846, -0.005539, , , , , , , 13.4428846, 0.0298772, , , , , , , 13.4428846, -0.0475013, , , , , , , 13.4428846, 0.0243381, , , , , , , , , , , , , , , , , , , , , , , , , , , , 
13.4434038, -0.0193027, , , , , , , 13.4434038, 0.0273594, , , , , , , 13.4434038, -0.0565652, , , , , , , 13.4434038, 0.0226596, , , , , , , , , , , , , , , , , , , , , , , , , , , , 
13.4439231, -0.0260166, , , , , , , 13.4439231, 0.0293736, , , , , , , 13.4439231, -0.0572366, , , , , , , 13.4439231, 0.0236667, , , , , , , , , , , , , , , , , , , , , , , , , , , , 
13.4444423, -0.030045, , , , , , , 13.4444423, 0.0354162, , , , , , , 13.4444423, -0.0481727, , , , , , , 13.4444423, 0.0206455, , , , , , , , , , , , , , , , , , , , , , , , , , , , 
13.4449615, -0.0357519, , , , , , , 13.4449615, 0.0394446, , , , , , , 13.4449615, -0.0344091, , , , , , , 13.4449615, 0.0140993, , , , , , , , , , , , , , , , , , , , , , , , , , , , 
13.4454808, -0.0344091, , , , , , , 13.4454808, 0.0552224, , , , , , , 13.4454808, -0.0176242, , , , , , , 13.4454808, 0.0070497, , , , , , , , , , , , , , , , , , , , , , , , , , , , 
13.446, -0.0236667, , , , , , , 13.446, 0.0827497, , , , , , , 13.446, 0.0124208, , , , , , , 13.446, 0.0028534, , , , , , , , , , , , , , , , , , , , , , , , , , , , 
13.4465192, -0.0099031, , , , , , , 13.4465192, 0.0921492, , , , , , , 13.4465192, 0.0547189, , , , , , , 13.4465192, 0.0011749, , , , , , , , , , , , , , , , , , , , , , , , , , , , 
13.4470385, 0.0016785, , , , , , , 13.4470385, 0.0773785, , , , , , , 13.4470385, 0.090135, , , , , , , 13.4470385, -0.0006714, , , , , , , , , , , , , , , , , , , , , , , , , , , , 
13.4475577, 0.0078889, , , , , , , 13.4475577, 0.0555581, , , , , , , 13.4475577, 0.1052415, , , , , , , 13.4475577, -0.0010071, , , , , , , , , , , , , , , , , , , , , , , , , , , , 
13.4480769, 0.0109102, , , , , , , 13.4480769, 0.0379339, , , , , , , 13.4480769, 0.1059129, , , , , , , 13.4480769, -0.0015106, , , , , , , , , , , , , , , , , , , , , , , , , , , , 
13.4485962, 0.0199741, , , , , , , 13.4485962, 0.0219883, , , , , , , 13.4485962, 0.1070878, , , , , , , 13.4485962, -0.0015106, , , , , , , , , , , , , , , , , , , , , , , , , , , , 
13.4491154, 0.0307164, , , , , , , 13.4491154, 0.0075532, , , , , , , 13.4491154, 0.1085985, , , , , , , 13.4491154, 0.0008392, , , , , , , , , , , , , , , , , , , , , , , , , , , , 
13.4496346, 0.0340734, , , , , , , 13.4496346, -0.0083925, , , , , , , 13.4496346, 0.1010452, , , , , , , 13.4496346, 0.0057069, , , , , , , , , , , , , , , , , , , , , , , , , , , , 
13.4501538, 0.0387732, , , , , , , 13.4501538, -0.0320592, , , , , , , 13.4501538, 0.0787213, , , , , , , 13.4501538, 0.0115816, , , , , , , , , , , , , , , , , , , , , , , , , , , , 
13.4506731, 0.0448157, , , , , , , 13.4506731, -0.0632792, , , , , , , 13.4506731, 0.0448157, , , , , , , 13.4506731, 0.0159457, , , , , , , , , , , , , , , , , , , , , , , , , , , , 
13.4511923, 0.0454871, , , , , , , 13.4511923, -0.0822461, , , , , , , 13.4511923, 0.0097353, , , , , , , 13.4511923, 0.0204776, , , , , , , , , , , , , , , , , , , , , , , , , , , , 
13.4517115, 0.0404517, , , , , , , 13.4517115, -0.0849317, , , , , , , 13.4517115, -0.0229953, , , , , , , 13.4517115, 0.0285344, , , , , , , , , , , , , , , , , , , , , , , , , , , , 
13.4522308, 0.033402, , , , , , , 13.4522308, -0.0827497, , , , , , , 13.4522308, -0.0485084, , , , , , , 13.4522308, 0.0409552, , , , , , , , , , , , , , , , , , , , , , , , , , , , 
13.45275, 0.0271916, , , , , , , 13.45275, -0.0733501, , , , , , , 13.45275, -0.0621042, , , , , , , 13.45275, 0.0562295, , , , , , , , , , , , , , , , , , , , , , , , , , , , 
13.4532692, 0.0250095, , , , , , , 13.4532692, -0.0532082, , , , , , , 13.4532692, -0.0710002, , , , , , , 13.4532692, 0.0666361, , , , , , , , , , , , , , , , , , , , , , , , , , , , 
13.4537885, 0.0223239, , , , , , , 13.4537885, -0.0317235, , , , , , , 13.4537885, -0.0827497, , , , , , , 13.4537885, 0.0659648, , , , , , , , , , , , , , , , , , , , , , , , , , , , 
13.4543077, 0.0062104, , , , , , , 13.4543077, -0.0152743, , , , , , , 13.4543077, -0.1030594, , , , , , , 13.4543077, 0.0602579, , , , , , , , , , , , , , , , , , , , , , , , , , , , 
13.4548269, -0.008896, , , , , , , 13.4548269, -0.0065461, , , , , , , 13.4548269, -0.1285725, , , , , , , 13.4548269, 0.0540475, , , , , , , , , , , , , , , , , , , , , , , , , , , , 
13.4553462, -0.0146029, , , , , , , 13.4553462, -0.0065461, , , , , , , 13.4553462, -0.1453574, , , , , , , 13.4553462, 0.0451514, , , , , , , , , , , , , , , , , , , , , , , , , , , , 
13.4558654, -0.0097353, , , , , , , 13.4558654, -0.0135958, , , , , , , 13.4558654, -0.1435111, , , , , , , 13.4558654, 0.0342412, , , , , , , , , , , , , , , , , , , , , , , , , , , , 
13.4563846, 0.0005035, , , , , , , 13.4563846, -0.0229953, , , , , , , 13.4563846, -0.1267262, , , , , , , 13.4563846, 0.0240024, , , , , , , , , , , , , , , , , , , , , , , , , , , , 
13.4569038, 0.005539, , , , , , , 13.4569038, -0.0290379, , , , , , , 13.4569038, -0.1028916, , , , , , , 13.4569038, 0.0179599, , , , , , , , , , , , , , , , , , , , , , , , , , , , 
13.4574231, 0.0070497, , , , , , , 13.4574231, -0.0323949, , , , , , , 13.4574231, -0.0772107, , , , , , , 13.4574231, 0.0105745, , , , , , , , , , , , , , , , , , , , , , , , , , , , 
13.4579423, 0.0132601, , , , , , , 13.4579423, -0.0339055, , , , , , , 13.4579423, -0.0525368, , , , , , , 13.4579423, 0.0035248, , , , , , , , , , , , , , , , , , , , , , , , , , , , 
13.4584615, 0.021149, , , , , , , 13.4584615, -0.0240024, , , , , , , 13.4584615, -0.0307164, , , , , , , 13.4584615, -0.0028534, , , , , , , , , , , , , , , , , , , , , , , , , , , , 
13.4589808, 0.0206455, , , , , , , 13.4589808, -0.0109102, , , , , , , 13.4589808, -0.0176242, , , , , , , 13.4589808, -0.0082246, , , , , , , , , , , , , , , , , , , , , , , , , , , , 
13.4595, 0.0146029, , , , , , , 13.4595, -0.0068818, , , , , , , 13.4595, -0.0010071, , , , , , , 13.4595, -0.0125887, , , , , , , , , , , , , , , , , , , , , , , , , , , , 
13.4600192, 0.0058747, , , , , , , 13.4600192, -0.0102388, , , , , , , 13.4600192, 0.030045, , , , , , , 13.4600192, -0.0135958, , , , , , , , , , , , , , , , , , , , , , , , , , , , 
13.4605385, -0.0001678, , , , , , , 13.4605385, -0.0105745, , , , , , , 13.4605385, 0.0703288, , , , , , , 13.4605385, -0.012253, , , , , , , , , , , , , , , , , , , , , , , , , , , , 
13.4610577, -0.0058747, , , , , , , 13.4610577, -0.0072175, , , , , , , 13.4610577, 0.1059129, , , , , , , 13.4610577, -0.0151064, , , , , , , , , , , , , , , , , , , , , , , , , , , , 
13.4615769, -0.0135958, , , , , , , 13.4615769, -0.0095674, , , , , , , 13.4615769, 0.1273976, , , , , , , 13.4615769, -0.0152743, , , , , , , , , , , , , , , , , , , , , , , , , , , , 
13.4620962, -0.0199741, , , , , , , 13.4620962, -0.018967, , , , , , , 13.4620962, 0.1334401, , , , , , , 13.4620962, -0.0102388, , , , , , , , , , , , , , , , , , , , , , , , , , , , 
13.4626154, -0.0256809, , , , , , , 13.4626154, -0.0198062, , , , , , , 13.4626154, 0.1324331, , , , , , , 13.4626154, -0.005539, , , , , , , , , , , , , , , , , , , , , , , , , , , , 
13.4631346, -0.0293736, , , , , , , 13.4631346, -0.0038605, , , , , , , 13.4631346, 0.1300832, , , , , , , 13.4631346, -0.0036927, , , , , , , , , , , , , , , , , , , , , , , , , , , , 
13.4636538, -0.0273594, , , , , , , 13.4636538, 0.0182956, , , , , , , 13.4636538, 0.1203479, , , , , , , 13.4636538, -0.0028534, , , , , , , , , , , , , , , , , , , , , , , , , , , , 
13.4641731, -0.0263523, , , , , , , 13.4641731, 0.0330663, , , , , , , 13.4641731, 0.1032273, , , , , , , 13.4641731, 0.0001678, , , , , , , , , , , , , , , , , , , , , , , , , , , , 
13.4646923, -0.0285344, , , , , , , 13.4646923, 0.0411231, , , , , , , 13.4646923, 0.0814069, , , , , , , 13.4646923, 0.0050355, , , , , , , , , , , , , , , , , , , , , , , , , , , , 
13.4652115, -0.0297093, , , , , , , 13.4652115, 0.0493477, , , , , , , 13.4652115, 0.0535439, , , , , , , 13.4652115, 0.0149386, , , , , , , , , , , , , , , , , , , , , , , , , , , , 
13.4657308, -0.023331, , , , , , , 13.4657308, 0.054551, , , , , , , 13.4657308, 0.0186313, , , , , , , 13.4657308, 0.0226596, , , , , , , , , , , , , , , , , , , , , , , , , , , , 
13.46625, -0.0041962, , , , , , , 13.46625, 0.0485084, , , , , , , 13.46625, -0.0236667, , , , , , , 13.46625, 0.0260166, , , , , , , , , , , , , , , , , , , , , , , , , , , , 
13.4667692, 0.0171206, , , , , , , 13.4667692, 0.0370947, , , , , , , 13.4667692, -0.070161, , , , , , , 13.4667692, 0.0290379, , , , , , , , , , , , , , , , , , , , , , , , , , , , 
13.4672885, 0.0283665, , , , , , , 13.4672885, 0.023331, , , , , , , 13.4672885, -0.1082628, , , , , , , 13.4672885, 0.0327306, , , , , , , , , , , , , , , , , , , , , , , , , , , , 
13.4678077, 0.0280308, , , , , , , 13.4678077, 0.0031891, , , , , , , 13.4678077, -0.1273976, , , , , , , 13.4678077, 0.0320592, , , , , , , , , , , , , , , , , , , , , , , , , , , , 
13.4683269, 0.0283665, , , , , , , 13.4683269, -0.0240024, , , , , , , 13.4683269, -0.1290761, , , , , , , 13.4683269, 0.0283665, , , , , , , , , , , , , , , , , , , , , , , , , , , , 
13.4688462, 0.0317235, , , , , , , 13.4688462, -0.0501869, , , , , , , 13.4688462, -0.1307546, , , , , , , 13.4688462, 0.0213169, , , , , , , , , , , , , , , , , , , , , , , , , , , , 
13.4693654, 0.036759, , , , , , , 13.4693654, -0.0663005, , , , , , , 13.4693654, -0.13579, , , , , , , 13.4693654, 0.0149386, , , , , , , , , , , , , , , , , , , , , , , , , , , , 
13.4698846, 0.0377661, , , , , , , 13.4698846, -0.0881209, , , , , , , 13.4698846, -0.1263905, , , , , , , 13.4698846, 0.0151064, , , , , , , , , , , , , , , , , , , , , , , , , , , , 
13.4704038, 0.03122, , , , , , , 13.4704038, -0.1252155, , , , , , , 13.4704038, -0.1055772, , , , , , , 13.4704038, 0.0182956, , , , , , , , , , , , , , , , , , , , , , , , , , , , 
13.4709231, 0.0256809, , , , , , , 13.4709231, -0.1545892, , , , , , , 13.4709231, -0.0850996, , , , , , , 13.4709231, 0.0229953, , , , , , , , , , , , , , , , , , , , , , , , , , , , 
13.4714423, 0.0213169, , , , , , , 13.4714423, -0.149218, , , , , , , 13.4714423, -0.0673075, , , , , , , 13.4714423, 0.0258488, , , , , , , , , , , , , , , , , , , , , , , , , , , , 
13.4719615, 0.0193027, , , , , , , 13.4719615, -0.1045701, , , , , , , 13.4719615, -0.0488441, , , , , , , 13.4719615, 0.0263523, , , , , , , , , , , , , , , , , , , , , , , , , , , , 
13.4724808, 0.0199741, , , , , , , 13.4724808, -0.043473, , , , , , , 13.4724808, -0.0283665, , , , , , , 13.4724808, 0.0265202, , , , , , , , , , , , , , , , , , , , , , , , , , , , 
13.473, 0.0206455, , , , , , , 13.473, 0.0011749, , , , , , , 13.473, -0.0063783, , , , , , , 13.473, 0.0253452, , , , , , , , , , , , , , , , , , , , , , , , , , , , 
13.4735192, 0.0199741, , , , , , , 13.4735192, 0.0204776, , , , , , , 13.4735192, 0.0092317, , , , , , , 13.4735192, 0.0216526, , , , , , , , , , , , , , , , , , , , , , , , , , , , 
13.4740385, 0.0186313, , , , , , , 13.4740385, 0.026688, , , , , , , 13.4740385, 0.0184634, , , , , , , 13.4740385, 0.0179599, , , , , , , , , , , , , , , , , , , , , , , , , , , , 
13.4745577, 0.0198062, , , , , , , 13.4745577, 0.0337377, , , , , , , 13.4745577, 0.0213169, , , , , , , 13.4745577, 0.0142672, , , , , , , , , , , , , , , , , , , , , , , , , , , , 
13.4750769, 0.0240024, , , , , , , 13.4750769, 0.0377661, , , , , , , 13.4750769, 0.0193027, , , , , , , 13.4750769, 0.010071, , , , , , , , , , , , , , , , , , , , , , , , , , , , 
13.4755962, 0.0307164, , , , , , , 13.4755962, 0.033402, , , , , , , 13.4755962, 0.01561, , , , , , , 13.4755962, 0.005539, , , , , , , , , , , , , , , , , , , , , , , , , , , , 
13.4761154, 0.043473, , , , , , , 13.4761154, 0.0240024, , , , , , , 13.4761154, 0.0162814, , , , , , , 13.4761154, 0.0015106, , , , , , , , , , , , , , , , , , , , , , , , , , , , 
13.4766346, 0.057908, , , , , , , 13.4766346, 0.0112459, , , , , , , 13.4766346, 0.0226596, , , , , , , 13.4766346, -0.0035248, , , , , , , , , , , , , , , , , , , , , , , , , , , , 
13.4771538, 0.0654612, , , , , , , 13.4771538, -0.0035248, , , , , , , 13.4771538, 0.030045, , , , , , , 13.4771538, -0.0048676, , , , , , , , , , , , , , , , , , , , , , , , , , , , 
13.4776731, 0.0649577, , , , , , , 13.4776731, -0.0162814, , , , , , , 13.4776731, 0.036759, , , , , , , 13.4776731, -0.0048676, , , , , , , , , , , , , , , , , , , , , , , , , , , , 
13.4781923, 0.0595865, , , , , , , 13.4781923, -0.0199741, , , , , , , 13.4781923, 0.0414588, , , , , , , 13.4781923, -0.0070497, , , , , , , , , , , , , , , , , , , , , , , , , , , , 
13.4787115, 0.0535439, , , , , , , 13.4787115, -0.0102388, , , , , , , 13.4787115, 0.0441444, , , , , , , 13.4787115, -0.0057069, , , , , , , , , , , , , , , , , , , , , , , , , , , , 
13.4792308, 0.0454871, , , , , , , 13.4792308, 0.0031891, , , , , , , 13.4792308, 0.0421302, , , , , , , 13.4792308, -0.0031891, , , , , , , , , , , , , , , , , , , , , , , , , , , , 
13.47975, 0.0374304, , , , , , , 13.47975, 0.008896, , , , , , , 13.47975, 0.0339055, , , , , , , 13.47975, -0.0025177, , , , , , , , , , , , , , , , , , , , , , , , , , , , 
13.4802692, 0.0337377, , , , , , , 13.4802692, 0.008896, , , , , , , 13.4802692, 0.0199741, , , , , , , 13.4802692, -0.0043641, , , , , , , , , , , , , , , , , , , , , , , , , , , , 
13.4807885, 0.0320592, , , , , , , 13.4807885, 0.0109102, , , , , , , 13.4807885, 0.011078, , , , , , , 13.4807885, -0.008896, , , , , , , , , , , , , , , , , , , , , , , , , , , , 
13.4813077, 0.0208133, , , , , , , 13.4813077, 0.0172885, , , , , , , 13.4813077, 0.0132601, , , , , , , 13.4813077, -0.0102388, , , , , , , , , , , , , , , , , , , , , , , , , , , , 
13.4818269, 0.005539, , , , , , , 13.4818269, 0.0162814, , , , , , , 13.4818269, 0.0216526, , , , , , , 13.4818269, -0.0043641, , , , , , , , , , , , , , , , , , , , , , , , , , , , 
13.4823462, -0.0068818, , , , , , , 13.4823462, 0.0109102, , , , , , , 13.4823462, 0.0263523, , , , , , , 13.4823462, 0.0028534, , , , , , , , , , , , , , , , , , , , , , , , , , , , 
13.4828654, -0.0149386, , , , , , , 13.4828654, 0.0109102, , , , , , , 13.4828654, 0.0256809, , , , , , , 13.4828654, 0.0058747, , , , , , , , , , , , , , , , , , , , , , , , , , , , 
13.4833846, -0.0203098, , , , , , , 13.4833846, 0.0186313, , , , , , , 13.4833846, 0.0209812, , , , , , , 13.4833846, 0.0065461, , , , , , , , , , , , , , , , , , , , , , , , , , , , 
13.4839038, -0.0243381, , , , , , , 13.4839038, 0.0293736, , , , , , , 13.4839038, 0.0099031, , , , , , , 13.4839038, 0.0090639, , , , , , , , , , , , , , , , , , , , , , , , , , , , 
13.4844231, -0.0318914, , , , , , , 13.4844231, 0.0290379, , , , , , , 13.4844231, -0.0053712, , , , , , , 13.4844231, 0.0172885, , , , , , , , , , , , , , , , , , , , , , , , , , , , 
13.4849423, -0.0431373, , , , , , , 13.4849423, 0.023331, , , , , , , 13.4849423, -0.0142672, , , , , , , 13.4849423, 0.0253452, , , , , , , , , , , , , , , , , , , , , , , , , , , , 
13.4854615, -0.0454871, , , , , , , 13.4854615, 0.023331, , , , , , , 13.4854615, -0.01561, , , , , , , 13.4854615, 0.0320592, , , , , , , , , , , , , , , , , , , , , , , , , , , , 
13.4859808, -0.0354162, , , , , , , 13.4859808, 0.0285344, , , , , , , 13.4859808, -0.0172885, , , , , , , 13.4859808, 0.0377661, , , , , , , , , , , , , , , , , , , , , , , , , , , , 
13.4865, -0.0243381, , , , , , , 13.4865, 0.0377661, , , , , , , 13.4865, -0.0240024, , , , , , , 13.4865, 0.040116, , , , , , , , , , , , , , , , , , , , , , , , , , , , 
13.4870192, -0.0176242, , , , , , , 13.4870192, 0.0461585, , , , , , , 13.4870192, -0.0354162, , , , , , , 13.4870192, 0.0381018, , , , , , , , , , , , , , , , , , , , , , , , , , , , 
13.4875385, -0.0109102, , , , , , , 13.4875385, 0.0501869, , , , , , , 13.4875385, -0.0485084, , , , , , , 13.4875385, 0.0350805, , , , , , , , , , , , , , , , , , , , , , , , , , , , 
13.4880577, -0.0041962, , , , , , , 13.4880577, 0.0397803, , , , , , , 13.4880577, -0.0605936, , , , , , , 13.4880577, 0.033402, , , , , , , , , , , , , , , , , , , , , , , , , , , , 
13.4885769, 0.0025177, , , , , , , 13.4885769, 0.0092317, , , , , , , 13.4885769, -0.0616007, , , , , , , 13.4885769, 0.033402, , , , , , , , , , , , , , , , , , , , , , , , , , , , 
13.4890962, 0.0114137, , , , , , , 13.4890962, -0.0223239, , , , , , , 13.4890962, -0.0501869, , , , , , , 13.4890962, 0.0340734, , , , , , , , , , , , , , , , , , , , , , , , , , , , 
13.4896154, 0.0186313, , , , , , , 13.4896154, -0.027863, , , , , , , 13.4896154, -0.036759, , , , , , , 13.4896154, 0.0320592, , , , , , , , , , , , , , , , , , , , , , , , , , , , 
13.4901346, 0.0219883, , , , , , , 13.4901346, -0.012253, , , , , , , 13.4901346, -0.027863, , , , , , , 13.4901346, 0.0273594, , , , , , , , , , , , , , , , , , , , , , , , , , , , 
13.4906538, 0.0253452, , , , , , , 13.4906538, -0.0083925, , , , , , , 13.4906538, -0.0209812, , , , , , , 13.4906538, 0.0199741, , , , , , , , , , , , , , , , , , , , , , , , , , , , 
13.4911731, 0.0260166, , , , , , , 13.4911731, -0.0124208, , , , , , , 13.4911731, -0.0028534, , , , , , , 13.4911731, 0.012253, , , , , , , , , , , , , , , , , , , , , , , , , , , , 
13.4916923, 0.0280308, , , , , , , 13.4916923, -0.0077211, , , , , , , 13.4916923, 0.0344091, , , , , , , 13.4916923, 0.0041962, , , , , , , , , , , , , , , , , , , , , , , , , , , , 
13.4922115, 0.0320592, , , , , , , 13.4922115, 0.0008392, , , , , , , 13.4922115, 0.0800641, , , , , , , 13.4922115, -0.0015106, , , , , , , , , , , , , , , , , , , , , , , , , , , , 
13.4927308, 0.0342412, , , , , , , 13.4927308, -0.0038605, , , , , , , 13.4927308, 0.117998, , , , , , , 13.4927308, -0.0041962, , , , , , , , , , , , , , , , , , , , , , , , , , , , 
13.49325, 0.030045, , , , , , , 13.49325, -0.0238346, , , , , , , 13.49325, 0.1406577, , , , , , , 13.49325, -0.0048676, , , , , , , , , , , , , , , , , , , , , , , , , , , , 
13.4937692, 0.0280308, , , , , , , 13.4937692, -0.0364233, , , , , , , 13.4937692, 0.1475395, , , , , , , 13.4937692, -0.0052033, , , , , , , , , , , , , , , , , , , , , , , , , , , , 
13.4942885, 0.03122, , , , , , , 13.4942885, -0.0305486, , , , , , , 13.4942885, 0.1413291, , , , , , , 13.4942885, -0.0063783, , , , , , , , , , , , , , , , , , , , , , , , , , , , 
13.4948077, 0.0298772, , , , , , , 13.4948077, -0.0166171, , , , , , , 13.4948077, 0.1232013, , , , , , , 13.4948077, -0.0092317, , , , , , , , , , , , , , , , , , , , , , , , , , , , 
13.4953269, 0.0323949, , , , , , , 13.4953269, -0.0092317, , , , , , , 13.4953269, 0.090135, , , , , , , 13.4953269, -0.0149386, , , , , , , , , , , , , , , , , , , , , , , , , , , , 
13.4958462, 0.0461585, , , , , , , 13.4958462, -0.014435, , , , , , , 13.4958462, 0.0412909, , , , , , , 13.4958462, -0.0204776, , , , , , , , , , , , , , , , , , , , , , , , , , , , 
13.4963654, 0.0605936, , , , , , , 13.4963654, -0.0256809, , , , , , , 13.4963654, -0.0171206, , , , , , , 13.4963654, -0.0253452, , , , , , , , , , , , , , , , , , , , , , , , , , , , 
13.4968846, 0.0674754, , , , , , , 13.4968846, -0.0303807, , , , , , , 13.4968846, -0.0767071, , , , , , , 13.4968846, -0.0250095, , , , , , , , , , , , , , , , , , , , , , , , , , , , 
13.4974038, 0.0713359, , , , , , , 13.4974038, -0.0271916, , , , , , , 13.4974038, -0.1216907, , , , , , , 13.4974038, -0.0243381, , , , , , , , , , , , , , , , , , , , , , , , , , , , 
13.4979231, 0.0777142, , , , , , , 13.4979231, -0.0226596, , , , , , , 13.4979231, -0.1428397, , , , , , , 13.4979231, -0.0229953, , , , , , , , , , , , , , , , , , , , , , , , , , , , 
13.4984423, 0.0835889, , , , , , , 13.4984423, -0.0169528, , , , , , , 13.4984423, -0.1438468, , , , , , , 13.4984423, -0.0196384, , , , , , , , , , , , , , , , , , , , , , , , , , , , 
13.4989615, 0.0871138, , , , , , , 13.4989615, -0.0119173, , , , , , , 13.4989615, -0.1378042, , , , , , , 13.4989615, -0.0142672, , , , , , , , , , , , , , , , , , , , , , , , , , , , 
13.4994808, 0.0827497, , , , , , , 13.4994808, -0.0125887, , , , , , , 13.4994808, -0.1373007, , , , , , , 13.4994808, -0.0095674, , , , , , , , , , , , , , , , , , , , , , , , , , , , 
13.5, 0.0683146, , , , , , , 13.5, -0.0072175, , , , , , , 13.5, -0.1352865, , , , , , , 13.5, -0.0082246, , , , , , , , , , , , , , , , , , , , , , , , , , , , 
13.5005192, 0.0528725, , , , , , , 13.5005192, 0.0058747, , , , , , , 13.5005192, -0.1206836, , , , , , , 13.5005192, -0.0048676, , , , , , , , , , , , , , , , , , , , , , , , , , , , 
13.5010385, 0.0399481, , , , , , , 13.5010385, -0.002182, , , , , , , 13.5010385, -0.0955062, , , , , , , 13.5010385, 0.0046998, , , , , , , , , , , , , , , , , , , , , , , , , , , , 
13.5015577, 0.0248417, , , , , , , 13.5015577, -0.0327306, , , , , , , 13.5015577, -0.0716716, , , , , , , 13.5015577, 0.0152743, , , , , , , , , , , , , , , , , , , , , , , , , , , , 
13.5020769, 0.0052033, , , , , , , 13.5020769, -0.0518654, , , , , , , 13.5020769, -0.0542153, , , , , , , 13.5020769, 0.0218204, , , , , , , , , , , , , , , , , , , , , , , , , , , , 
13.5025962, -0.0146029, , , , , , , 13.5025962, -0.0397803, , , , , , , 13.5025962, -0.0323949, , , , , , , 13.5025962, 0.0287022, , , , , , , , , , , , , , , , , , , , , , , , , , , , 
13.5031154, -0.0297093, , , , , , , 13.5031154, -0.0068818, , , , , , , 13.5031154, -0.0001678, , , , , , , 13.5031154, 0.0387732, , , , , , , , , , , , , , , , , , , , , , , , , , , , 
13.5036346, -0.0412909, , , , , , , 13.5036346, 0.0146029, , , , , , , 13.5036346, 0.0253452, , , , , , , 13.5036346, 0.0475013, , , , , , , , , , , , , , , , , , , , , , , , , , , , 
13.5041538, -0.0552224, , , , , , , 13.5041538, 0.0099031, , , , , , , 13.5041538, 0.0297093, , , , , , , 13.5041538, 0.0522011, , , , , , , , , , , , , , , , , , , , , , , , , , , , 
13.5046731, -0.0686503, , , , , , , 13.5046731, -0.0005035, , , , , , , 13.5046731, 0.0132601, , , , , , , 13.5046731, 0.0547189, , , , , , , , , , , , , , , , , , , , , , , , , , , , 
13.5051923, -0.0770428, , , , , , , 13.5051923, -0.0070497, , , , , , , 13.5051923, -0.0085603, , , , , , , 13.5051923, 0.0555581, , , , , , , , , , , , , , , , , , , , , , , , , , , , 
13.5057115, -0.0767071, , , , , , , 13.5057115, -0.0176242, , , , , , , 13.5057115, -0.0246738, , , , , , , 13.5057115, 0.0532082, , , , , , , , , , , , , , , , , , , , , , , , , , , , 
13.5062308, -0.0686503, , , , , , , 13.5062308, -0.0258488, , , , , , , 13.5062308, -0.0381018, , , , , , , 13.5062308, 0.0493477, , , , , , , , , , , , , , , , , , , , , , , , , , , , 
13.50675, -0.0569009, , , , , , , 13.50675, -0.0243381, , , , , , , 13.50675, -0.0548867, , , , , , , 13.50675, 0.0481727, , , , , , , , , , , , , , , , , , , , , , , , , , , , 
13.5072692, -0.04448, , , , , , , 13.5072692, -0.0350805, , , , , , , 13.5072692, -0.0696574, , , , , , , 13.5072692, 0.0468299, , , , , , , , , , , , , , , , , , , , , , , , , , , , 
13.5077885, -0.0337377, , , , , , , 13.5077885, -0.0532082, , , , , , , 13.5077885, -0.0807355, , , , , , , 13.5077885, 0.0421302, , , , , , , , , , , , , , , , , , , , , , , , , , , , 
13.5083077, -0.0243381, , , , , , , 13.5083077, -0.061265, , , , , , , 13.5083077, -0.0867781, , , , , , , 13.5083077, 0.0372625, , , , , , , , , , , , , , , , , , , , , , , , , , , , 
13.5088269, -0.0146029, , , , , , , 13.5088269, -0.0572366, , , , , , , 13.5088269, -0.079057, , , , , , , 13.5088269, 0.040116, , , , , , , , , , , , , , , , , , , , , , , , , , , , 
13.5093462, -0.005539, , , , , , , 13.5093462, -0.0392767, , , , , , , 13.5093462, -0.0488441, , , , , , , 13.5093462, 0.0428016, , , , , , , , , , , , , , , , , , , , , , , , , , , , 
13.5098654, 0.0065461, , , , , , , 13.5098654, -0.0216526, , , , , , , 13.5098654, -0.0062104, , , , , , , 13.5098654, 0.0360876, , , , , , , , , , , , , , , , , , , , , , , , , , , , 
13.5103846, 0.0186313, , , , , , , 13.5103846, -0.0229953, , , , , , , 13.5103846, 0.026688, , , , , , , 13.5103846, 0.0251774, , , , , , , , , , , , , , , , , , , , , , , , , , , , 
13.5109038, 0.0238346, , , , , , , 13.5109038, -0.04448, , , , , , , 13.5109038, 0.0468299, , , , , , , 13.5109038, 0.0169528, , , , , , , , , , , , , , , , , , , , , , , , , , , , 
13.5114231, 0.0226596, , , , , , , 13.5114231, -0.057908, , , , , , , 13.5114231, 0.0589151, , , , , , , 13.5114231, 0.0117494, , , , , , , , , , , , , , , , , , , , , , , , , , , , 
13.5119423, 0.0203098, , , , , , , 13.5119423, -0.0558938, , , , , , , 13.5119423, 0.0616007, , , , , , , 13.5119423, 0.0062104, , , , , , , , , , , , , , , , , , , , , , , , , , , , 
13.5124615, 0.0186313, , , , , , , 13.5124615, -0.0595865, , , , , , , 13.5124615, 0.0535439, , , , , , , 13.5124615, 0.0028534, , , , , , , , , , , , , , , , , , , , , , , , , , , , 
13.5129808, 0.0193027, , , , , , , 13.5129808, -0.0616007, , , , , , , 13.5129808, 0.0387732, , , , , , , 13.5129808, 0.0011749, , , , , , , , , , , , , , , , , , , , , , , , , , , , 
13.5135, 0.0203098, , , , , , , 13.5135, -0.047837, , , , , , , 13.5135, 0.0213169, , , , , , , 13.5135, -0.0001678, , , , , , , , , , , , , , , , , , , , , , , , , , , , 
13.5140192, 0.0213169, , , , , , , 13.5140192, -0.0179599, , , , , , , 13.5140192, 0.0036927, , , , , , , 13.5140192, 0.0001678, , , , , , , , , , , , , , , , , , , , , , , , , , , , 
13.5145385, 0.0243381, , , , , , , 13.5145385, 0.0068818, , , , , , , 13.5145385, -0.0142672, , , , , , , 13.5145385, 0.0003357, , , , , , , , , , , , , , , , , , , , , , , , , , , , 
13.5150577, 0.0287022, , , , , , , 13.5150577, 0.0112459, , , , , , , 13.5150577, -0.0364233, , , , , , , 13.5150577, -0.0011749, , , , , , , , , , , , , , , , , , , , , , , , , , , , 
13.5155769, 0.0392767, , , , , , , 13.5155769, 0.0025177, , , , , , , 13.5155769, -0.0548867, , , , , , , 13.5155769, -0.0035248, , , , , , , , , , , , , , , , , , , , , , , , , , , , 
13.5160962, 0.0518654, , , , , , , 13.5160962, -0.0036927, , , , , , , 13.5160962, -0.0619364, , , , , , , 13.5160962, -0.008896, , , , , , , , , , , , , , , , , , , , , , , , , , , , 
13.5166154, 0.0622721, , , , , , , 13.5166154, -0.0035248, , , , , , , 13.5166154, -0.0639506, , , , , , , 13.5166154, -0.01561, , , , , , , , , , , , , , , , , , , , , , , , , , , , 
13.5171346, 0.068986, , , , , , , 13.5171346, 0.0031891, , , , , , , 13.5171346, -0.0605936, , , , , , , 13.5171346, -0.0176242, , , , , , , , , , , , , , , , , , , , , , , , , , , , 
13.5176538, 0.0716716, , , , , , , 13.5176538, 0.0115816, , , , , , , 13.5176538, -0.0535439, , , , , , , 13.5176538, -0.0149386, , , , , , , , , , , , , , , , , , , , , , , , , , , , 
13.5181731, 0.0688182, , , , , , , 13.5181731, 0.0176242, , , , , , , 13.5181731, -0.0572366, , , , , , , 13.5181731, -0.0132601, , , , , , , , , , , , , , , , , , , , , , , , , , , , 
13.5186923, 0.0616007, , , , , , , 13.5186923, 0.0164492, , , , , , , 13.5186923, -0.0706645, , , , , , , 13.5186923, -0.0115816, , , , , , , , , , , , , , , , , , , , , , , , , , , , 
13.5192115, 0.0535439, , , , , , , 13.5192115, 0.0030213, , , , , , , 13.5192115, -0.0654612, , , , , , , 13.5192115, -0.0046998, , , , , , , , , , , , , , , , , , , , , , , , , , , , 
13.5197308, 0.0464942, , , , , , , 13.5197308, -0.0092317, , , , , , , 13.5197308, -0.0330663, , , , , , , 13.5197308, 0.0068818, , , , , , , , , , , , , , , , , , , , , , , , , , , , 
13.52025, 0.0409552, , , , , , , 13.52025, -0.0041962, , , , , , , 13.52025, 0.0031891, , , , , , , 13.52025, 0.0129244, , , , , , , , , , , , , , , , , , , , , , , , , , , , 
13.5207692, 0.0370947, , , , , , , 13.5207692, 0.0137636, , , , , , , 13.5207692, 0.0273594, , , , , , , 13.5207692, 0.0142672, , , , , , , , , , , , , , , , , , , , , , , , , , , , 
13.5212885, 0.0317235, , , , , , , 13.5212885, 0.0283665, , , , , , , 13.5212885, 0.0428016, , , , , , , 13.5212885, 0.0127565, , , , , , , , , , , , , , , , , , , , , , , , , , , , 
13.5218077, 0.0186313, , , , , , , 13.5218077, 0.0317235, , , , , , , 13.5218077, 0.0518654, , , , , , , 13.5218077, 0.0099031, , , , , , , , , , , , , , , , , , , , , , , , , , , , 
13.5223269, 0.0052033, , , , , , , 13.5223269, 0.033402, , , , , , , 13.5223269, 0.0542153, , , , , , , 13.5223269, 0.0092317, , , , , , , , , , , , , , , , , , , , , , , , , , , , 
13.5228462, -0.0065461, , , , , , , 13.5228462, 0.0436408, , , , , , , 13.5228462, 0.0527047, , , , , , , 13.5228462, 0.0109102, , , , , , , , , , , , , , , , , , , , , , , , , , , , 
13.5233654, -0.0149386, , , , , , , 13.5233654, 0.0528725, , , , , , , 13.5233654, 0.0520333, , , , , , , 13.5233654, 0.0124208, , , , , , , , , , , , , , , , , , , , , , , , , , , , 
13.5238846, -0.0216526, , , , , , , 13.5238846, 0.0481727, , , , , , , 13.5238846, 0.0542153, , , , , , , 13.5238846, 0.0125887, , , , , , , , , , , , , , , , , , , , , , , , , , , , 
13.5244038, -0.0297093, , , , , , , 13.5244038, 0.0394446, , , , , , , 13.5244038, 0.056733, , , , , , , 13.5244038, 0.0125887, , , , , , , , , , , , , , , , , , , , , , , , , , , , 
13.5249231, -0.0377661, , , , , , , 13.5249231, 0.0297093, , , , , , , 13.5249231, 0.0595865, , , , , , , 13.5249231, 0.0132601, , , , , , , , , , , , , , , , , , , , , , , , , , , , 
13.5254423, -0.0399481, , , , , , , 13.5254423, 0.0186313, , , , , , , 13.5254423, 0.0656291, , , , , , , 13.5254423, 0.0159457, , , , , , , , , , , , , , , , , , , , , , , , , , , , 
13.5259615, -0.035584, , , , , , , 13.5259615, 0.0119173, , , , , , , 13.5259615, 0.0743572, , , , , , , 13.5259615, 0.0179599, , , , , , , , , , , , , , , , , , , , , , , , , , , , 
13.5264808, -0.0258488, , , , , , , 13.5264808, 0.0082246, , , , , , , 13.5264808, 0.0822461, , , , , , , 13.5264808, 0.0169528, , , , , , , , , , , , , , , , , , , , , , , , , , , , 
13.527, -0.0181277, , , , , , , 13.527, 0.0062104, , , , , , , 13.527, 0.0924849, , , , , , , 13.527, 0.0182956, , , , , , , , , , , , , , , , , , , , , , , , , , , , 
13.5275192, -0.0125887, , , , , , , 13.5275192, 0.0041962, , , , , , , 13.5275192, 0.1005417, , , , , , , 13.5275192, 0.0179599, , , , , , , , , , , , , , , , , , , , , , , , , , , , 
13.5280385, -0.0041962, , , , , , , 13.5280385, -0.0005035, , , , , , , 13.5280385, 0.0950027, , , , , , , 13.5280385, 0.0149386, , , , , , , , , , , , , , , , , , , , , , , , , , , , 
13.5285577, 0.002182, , , , , , , 13.5285577, -0.0073854, , , , , , , 13.5285577, 0.0767071, , , , , , , 13.5285577, 0.0135958, , , , , , , , , , , , , , , , , , , , , , , , , , , , 
13.5290769, 0.0038605, , , , , , , 13.5290769, -0.0125887, , , , , , , 13.5290769, 0.0585794, , , , , , , 13.5290769, 0.0179599, , , , , , , , , , , , , , , , , , , , , , , , , , , , 
13.5295962, 0.0045319, , , , , , , 13.5295962, -0.0130922, , , , , , , 13.5295962, 0.04448, , , , , , , 13.5295962, 0.0256809, , , , , , , , , , , , , , , , , , , , , , , , , , , , 
13.5301154, 0.0129244, , , , , , , 13.5301154, -0.008896, , , , , , , 13.5301154, 0.0297093, , , , , , , 13.5301154, 0.0303807, , , , , , , , , , , , , , , , , , , , , , , , , , , , 
13.5306346, 0.0223239, , , , , , , 13.5306346, -0.0035248, , , , , , , 13.5306346, 0.0146029, , , , , , , 13.5306346, 0.0327306, , , , , , , , , , , , , , , , , , , , , , , , , , , , 
13.5311538, 0.0246738, , , , , , , 13.5311538, 0.0025177, , , , , , , 13.5311538, 0.0048676, , , , , , , 13.5311538, 0.0317235, , , , , , , , , , , , , , , , , , , , , , , , , , , , 
13.5316731, 0.0223239, , , , , , , 13.5316731, 0.008896, , , , , , , 13.5316731, -0.0001678, , , , , , , 13.5316731, 0.0298772, , , , , , , , , , , , , , , , , , , , , , , , , , , , 
13.5321923, 0.0209812, , , , , , , 13.5321923, 0.0142672, , , , , , , 13.5321923, -0.0058747, , , , , , , 13.5321923, 0.0287022, , , , , , , , , , , , , , , , , , , , , , , , , , , , 
13.5327115, 0.0219883, , , , , , , 13.5327115, 0.0142672, , , , , , , 13.5327115, -0.01561, , , , , , , 13.5327115, 0.0287022, , , , , , , , , , , , , , , , , , , , , , , , , , , , 
13.5332308, 0.0240024, , , , , , , 13.5332308, 0.0166171, , , , , , , 13.5332308, -0.0276951, , , , , , , 13.5332308, 0.0256809, , , , , , , , , , , , , , , , , , , , , , , , , , , , 
13.53375, 0.0258488, , , , , , , 13.53375, 0.0250095, , , , , , , 13.53375, -0.0451514, , , , , , , 13.53375, 0.0221561, , , , , , , , , , , , , , , , , , , , , , , , , , , , 
13.5342692, 0.0293736, , , , , , , 13.5342692, 0.0290379, , , , , , , 13.5342692, -0.061265, , , , , , , 13.5342692, 0.0213169, , , , , , , , , , , , , , , , , , , , , , , , , , , , 
13.5347885, 0.0313878, , , , , , , 13.5347885, 0.0256809, , , , , , , 13.5347885, -0.0641184, , , , , , , 13.5347885, 0.0226596, , , , , , , , , , , , , , , , , , , , , , , , , , , , 
13.5353077, 0.0337377, , , , , , , 13.5353077, 0.0196384, , , , , , , 13.5353077, -0.0599222, , , , , , , 13.5353077, 0.0226596, , , , , , , , , , , , , , , , , , , , , , , , , , , , 
13.5358269, 0.0448157, , , , , , , 13.5358269, 0.0179599, , , , , , , 13.5358269, -0.0605936, , , , , , , 13.5358269, 0.0193027, , , , , , , , , , , , , , , , , , , , , , , , , , , , 
13.5363462, 0.0552224, , , , , , , 13.5363462, 0.0199741, , , , , , , 13.5363462, -0.0713359, , , , , , , 13.5363462, 0.0182956, , , , , , , , , , , , , , , , , , , , , , , , , , , , 
13.5368654, 0.0580758, , , , , , , 13.5368654, 0.0176242, , , , , , , 13.5368654, -0.0746929, , , , , , , 13.5368654, 0.023331, , , , , , , , , , , , , , , , , , , , , , , , , , , , 
13.5373846, 0.0569009, , , , , , , 13.5373846, 0.0072175, , , , , , , 13.5373846, -0.0500191, , , , , , , 13.5373846, 0.0287022, , , , , , , , , , , , , , , , , , , , , , , , , , , , 
13.5379038, 0.0552224, , , , , , , 13.5379038, 0.0031891, , , , , , , 13.5379038, -0.0078889, , , , , , , 13.5379038, 0.0293736, , , , , , , , , , , , , , , , , , , , , , , , , , , , 
13.5384231, 0.0528725, , , , , , , 13.5384231, 0.0092317, , , , , , , 13.5384231, 0.0374304, , , , , , , 13.5384231, 0.0240024, , , , , , , , , , , , , , , , , , , , , , , , , , , , 
13.5389423, 0.0464942, , , , , , , 13.5389423, 0.0036927, , , , , , , 13.5389423, 0.0830854, , , , , , , 13.5389423, 0.0152743, , , , , , , , , , , , , , , , , , , , , , , , , , , , 
13.5394615, 0.0347448, , , , , , , 13.5394615, -0.0179599, , , , , , , 13.5394615, 0.1215229, , , , , , , 13.5394615, 0.0102388, , , , , , , , , , , , , , , , , , , , , , , , , , , , 
13.5399808, 0.0226596, , , , , , , 13.5399808, -0.0377661, , , , , , , 13.5399808, 0.1408255, , , , , , , 13.5399808, 0.0058747, , , , , , , , , , , , , , , , , , , , , , , , , , , , 
13.5405, 0.0129244, , , , , , , 13.5405, -0.047837, , , , , , , 13.5405, 0.1435111, , , , , , , 13.5405, -0.0001678, , , , , , , , , , , , , , , , , , , , , , , , , , , , 
13.5410192, 0.0025177, , , , , , , 13.5410192, -0.0626078, , , , , , , 13.5410192, 0.1404898, , , , , , , 13.5410192, -0.005539, , , , , , , , , , , , , , , , , , , , , , , , , , , , 
13.5415385, -0.0068818, , , , , , , 13.5415385, -0.0871138, , , , , , , 13.5415385, 0.1260548, , , , , , , 13.5415385, -0.0065461, , , , , , , , , , , , , , , , , , , , , , , , , , , , 
13.5420577, -0.01561, , , , , , , 13.5420577, -0.1075914, , , , , , , 13.5420577, 0.0908064, , , , , , , 13.5420577, -0.005539, , , , , , , , , , , , , , , , , , , , , , , , , , , , 
13.5425769, -0.026688, , , , , , , 13.5425769, -0.1116197, , , , , , , 13.5425769, 0.0337377, , , , , , , 13.5425769, -0.0020142, , , , , , , , , , , , , , , , , , , , , , , , , , , , 
13.5430962, -0.0377661, , , , , , , 13.5430962, -0.0975204, , , , , , , 13.5430962, -0.0359197, , , , , , , 13.5430962, 0.0018463, , , , , , , , , , , , , , , , , , , , , , , , , , , , 
13.5436154, -0.0454871, , , , , , , 13.5436154, -0.0706645, , , , , , , 13.5436154, -0.0988632, , , , , , , 13.5436154, 0.005539, , , , , , , , , , , , , , , , , , , , , , , , , , , , 
13.5441346, -0.0515297, , , , , , , 13.5441346, -0.0538796, , , , , , , 13.5441346, -0.1441825, , , , , , , 13.5441346, 0.0095674, , , , , , , , , , , , , , , , , , , , , , , , , , , , 
13.5446538, -0.0569009, , , , , , , 13.5446538, -0.0532082, , , , , , , 13.5446538, -0.1730526, , , , , , , 13.5446538, 0.0140993, , , , , , , , , , , , , , , , , , , , , , , , , , , , 
13.5451731, -0.0592508, , , , , , , 13.5451731, -0.0508583, , , , , , , 13.5451731, -0.1871519, , , , , , , 13.5451731, 0.0172885, , , , , , , , , , , , , , , , , , , , , , , , , , , , 
13.5456923, -0.054551, , , , , , , 13.5456923, -0.0303807, , , , , , , 13.5456923, -0.1868162, , , , , , , 13.5456923, 0.0159457, , , , , , , , , , , , , , , , , , , , , , , , , , , , 
13.5462115, -0.0391089, , , , , , , 13.5462115, 0.0018463, , , , , , , 13.5462115, -0.1777523, , , , , , , 13.5462115, 0.0119173, , , , , , , , , , , , , , , , , , , , , , , , , , , , 
13.5467308, -0.0199741, , , , , , , 13.5467308, 0.0307164, , , , , , , 13.5467308, -0.1623102, , , , , , , 13.5467308, 0.0082246, , , , , , , , , , , , , , , , , , , , , , , , , , , , 
13.54725, -0.0085603, , , , , , , 13.54725, 0.0461585, , , , , , , 13.54725, -0.1418326, , , , , , , 13.54725, 0.0052033, , , , , , , , , , , , , , , , , , , , , , , , , , , , 
13.5477692, -0.0015106, , , , , , , 13.5477692, 0.0508583, , , , , , , 13.5477692, -0.1226978, , , , , , , 13.5477692, 0.002182, , , , , , , , , , , , , , , , , , , , , , , , , , , , 
13.5482885, 0.0085603, , , , , , , 13.5482885, 0.0454871, , , , , , , 13.5482885, -0.1159838, , , , , , , 13.5482885, -0.0016785, , , , , , , , , , , , , , , , , , , , , , , , , , , , 
13.5488077, 0.0152743, , , , , , , 13.5488077, 0.0332341, , , , , , , 13.5488077, -0.1138018, , , , , , , 13.5488077, -0.005539, , , , , , , , , , , , , , , , , , , , , , , , , , , , 
13.5493269, 0.0184634, , , , , , , 13.5493269, 0.0166171, , , , , , , 13.5493269, -0.103563, , , , , , , 13.5493269, -0.0105745, , , , , , , , , , , , , , , , , , , , , , , , , , , , 
13.5498462, 0.0169528, , , , , , , 13.5498462, -0.0070497, , , , , , , 13.5498462, -0.0810712, , , , , , , 13.5498462, -0.0159457, , , , , , , , , , , , , , , , , , , , , , , , , , , , 
13.5503654, 0.0179599, , , , , , , 13.5503654, -0.0352483, , , , , , , 13.5503654, -0.0485084, , , , , , , 13.5503654, -0.0209812, , , , , , , , , , , , , , , , , , , , , , , , , , , , 
13.5508846, 0.0246738, , , , , , , 13.5508846, -0.0582437, , , , , , , 13.5508846, -0.0129244, , , , , , , 13.5508846, -0.0238346, , , , , , , , , , , , , , , , , , , , , , , , , , , , 
13.5514038, 0.0347448, , , , , , , 13.5514038, -0.066804, , , , , , , 13.5514038, 0.0105745, , , , , , , 13.5514038, -0.0303807, , , , , , , , , , , , , , , , , , , , , , , , , , , , 
13.5519231, 0.0428016, , , , , , , 13.5519231, -0.0542153, , , , , , , 13.5519231, 0.0240024, , , , , , , 13.5519231, -0.0320592, , , , , , , , , , , , , , , , , , , , , , , , , , , , 
13.5524423, 0.047837, , , , , , , 13.5524423, -0.0258488, , , , , , , 13.5524423, 0.0461585, , , , , , , 13.5524423, -0.0258488, , , , , , , , , , , , , , , , , , , , , , , , , , , , 
13.5529615, 0.0518654, , , , , , , 13.5529615, -0.0015106, , , , , , , 13.5529615, 0.0767071, , , , , , , 13.5529615, -0.0181277, , , , , , , , , , , , , , , , , , , , , , , , , , , , 
13.5534808, 0.0558938, , , , , , , 13.5534808, 0.0186313, , , , , , , 13.5534808, 0.0990311, , , , , , , 13.5534808, -0.012253, , , , , , , , , , , , , , , , , , , , , , , , , , , , 
13.554, 0.0572366, , , , , , , 13.554, 0.0381018, , , , , , , 13.554, 0.1015488, , , , , , , 13.554, -0.0115816, , , , , , , , , , , , , , , , , , , , , , , , , , , , 
13.5545192, 0.0589151, , , , , , , 13.5545192, 0.0417945, , , , , , , 13.5545192, 0.0897993, , , , , , , 13.5545192, -0.0112459, , , , , , , , , , , , , , , , , , , , , , , , , , , , 
13.5550385, 0.06009, , , , , , , 13.5550385, 0.0276951, , , , , , , 13.5550385, 0.0753643, , , , , , , 13.5550385, -0.0068818, , , , , , , , , , , , , , , , , , , , , , , , , , , , 
13.5555577, 0.0715038, , , , , , , 13.5555577, 0.0172885, , , , , , , 13.5555577, 0.0585794, , , , , , , 13.5555577, -0.0025177, , , , , , , , , , , , , , , , , , , , , , , , , , , , 
13.5560769, 0.087953, , , , , , , 13.5560769, 0.026688, , , , , , , 13.5560769, 0.0340734, , , , , , , 13.5560769, 0.0006714, , , , , , , , , , , , , , , , , , , , , , , , , , , , 
13.5565962, 0.0958419, , , , , , , 13.5565962, 0.0384375, , , , , , , 13.5565962, -0.0036927, , , , , , , 13.5565962, 0.0072175, , , , , , , , , , , , , , , , , , , , , , , , , , , , 
13.5571154, 0.0931563, , , , , , , 13.5571154, 0.036759, , , , , , , 13.5571154, -0.0562295, , , , , , , 13.5571154, 0.0176242, , , , , , , , , , , , , , , , , , , , , , , , , , , , 
13.5576346, 0.0864424, , , , , , , 13.5576346, 0.0226596, , , , , , , 13.5576346, -0.103563, , , , , , , 13.5576346, 0.0325628, , , , , , , , , , , , , , , , , , , , , , , , , , , , 
13.5581538, 0.0777142, , , , , , , 13.5581538, 0.0115816, , , , , , , 13.5581538, -0.1297475, , , , , , , 13.5581538, 0.0518654, , , , , , , , , , , , , , , , , , , , , , , , , , , , 
13.5586731, 0.0669718, , , , , , , 13.5586731, 0.0149386, , , , , , , 13.5586731, -0.1404898, , , , , , , 13.5586731, 0.0720073, , , , , , , , , , , , , , , , , , , , , , , , , , , , 
13.5591923, 0.0538796, , , , , , , 13.5591923, 0.0285344, , , , , , , 13.5591923, -0.1411612, , , , , , , 13.5591923, 0.0871138, , , , , , , , , , , , , , , , , , , , , , , , , , , , 
13.5597115, 0.0360876, , , , , , , 13.5597115, 0.0129244, , , , , , , 13.5597115, -0.1317617, , , , , , , 13.5597115, 0.0911421, , , , , , , , , , , , , , , , , , , , , , , , , , , , 
13.5602308, 0.0162814, , , , , , , 13.5602308, -0.0505226, , , , , , , 13.5602308, -0.1153124, , , , , , , 13.5602308, 0.0850996, , , , , , , , , , , , , , , , , , , , , , , , , , , , 
13.56075, -0.0028534, , , , , , , 13.56075, -0.1220264, , , , , , , 13.56075, -0.0881209, , , , , , , 13.56075, 0.0770428, , , , , , , , , , , , , , , , , , , , , , , , , , , , 
13.5612692, -0.0169528, , , , , , , 13.5612692, -0.152575, , , , , , , 13.5612692, -0.0493477, , , , , , , 13.5612692, 0.0693217, , , , , , , , , , , , , , , , , , , , , , , , , , , , 
13.5617885, -0.0248417, , , , , , , 13.5617885, -0.1331044, , , , , , , 13.5617885, -0.0058747, , , , , , , 13.5617885, 0.0641184, , , , , , , , , , , , , , , , , , , , , , , , , , , , 
13.5623077, -0.0414588, , , , , , , 13.5623077, -0.1008774, , , , , , , 13.5623077, 0.0310521, , , , , , , 13.5623077, 0.0629435, , , , , , , , , , , , , , , , , , , , , , , , , , , , 
13.5628269, -0.0619364, , , , , , , 13.5628269, -0.0837568, , , , , , , 13.5628269, 0.0575723, , , , , , , 13.5628269, 0.0595865, , , , , , , , , , , , , , , , , , , , , , , , , , , , 
13.5633462, -0.0726787, , , , , , , 13.5633462, -0.0757, , , , , , , 13.5633462, 0.0733501, , , , , , , 13.5633462, 0.0488441, , , , , , , , , , , , , , , , , , , , , , , , , , , , 
13.5638654, -0.0800641, , , , , , , 13.5638654, -0.0629435, , , , , , , 13.5638654, 0.0757, , , , , , , 13.5638654, 0.0377661, , , , , , , , , , , , , , , , , , , , , , , , , , , , 
13.5643846, -0.0881209, , , , , , , 13.5643846, -0.0424659, , , , , , , 13.5643846, 0.0688182, , , , , , , 13.5643846, 0.0287022, , , , , , , , , , , , , , , , , , , , , , , , , , , , 
13.5649038, -0.0944991, , , , , , , 13.5649038, -0.0196384, , , , , , , 13.5649038, 0.0585794, , , , , , , 13.5649038, 0.0199741, , , , , , , , , , , , , , , , , , , , , , , , , , , , 
13.5654231, -0.0948348, , , , , , , 13.5654231, -0.0048676, , , , , , , 13.5654231, 0.0513619, , , , , , , 13.5654231, 0.0119173, , , , , , , , , , , , , , , , , , , , , , , , , , , , 
13.5659423, -0.0844282, , , , , , , 13.5659423, -0.0005035, , , , , , , 13.5659423, 0.0495155, , , , , , , 13.5659423, 0.0028534, , , , , , , , , , , , , , , , , , , , , , , , , , , , 
13.5664615, -0.0663005, , , , , , , 13.5664615, -0.0085603, , , , , , , 13.5664615, 0.0495155, , , , , , , 13.5664615, -0.0070497, , , , , , , , , , , , , , , , , , , , , , , , , , , , 
13.5669808, -0.0491798, , , , , , , 13.5669808, -0.0251774, , , , , , , 13.5669808, 0.0448157, , , , , , , 13.5669808, -0.0135958, , , , , , , , , , , , , , , , , , , , , , , , , , , , 
13.5675, -0.0337377, , , , , , , 13.5675, -0.0369268, , , , , , , 13.5675, 0.036759, , , , , , , 13.5675, -0.0176242, , , , , , , , , , , , , , , , , , , , , , , , , , , , 
13.5680192, -0.014435, , , , , , , 13.5680192, -0.0320592, , , , , , , 13.5680192, 0.0320592, , , , , , , 13.5680192, -0.0176242, , , , , , , , , , , , , , , , , , , , , , , , , , , , 
13.5685385, -0.0015106, , , , , , , 13.5685385, -0.0193027, , , , , , , 13.5685385, 0.0360876, , , , , , , 13.5685385, -0.0166171, , , , , , , , , , , , , , , , , , , , , , , , , , , , 
13.5690577, 0.0035248, , , , , , , 13.5690577, -0.011078, , , , , , , 13.5690577, 0.0481727, , , , , , , 13.5690577, -0.0149386, , , , , , , , , , , , , , , , , , , , , , , , , , , , 
13.5695769, 0.0092317, , , , , , , 13.5695769, 0.0036927, , , , , , , 13.5695769, 0.0626078, , , , , , , 13.5695769, -0.0135958, , , , , , , , , , , , , , , , , , , , , , , , , , , , 
13.5700962, 0.0219883, , , , , , , 13.5700962, 0.0357519, , , , , , , 13.5700962, 0.0757, , , , , , , 13.5700962, -0.0152743, , , , , , , , , , , , , , , , , , , , , , , , , , , , 
13.5706154, 0.0345769, , , , , , , 13.5706154, 0.0683146, , , , , , , 13.5706154, 0.0830854, , , , , , , 13.5706154, -0.0169528, , , , , , , , , , , , , , , , , , , , , , , , , , , , 
13.5711346, 0.0411231, , , , , , , 13.5711346, 0.0850996, , , , , , , 13.5711346, 0.0827497, , , , , , , 13.5711346, -0.0164492, , , , , , , , , , , , , , , , , , , , , , , , , , , , 
13.5716538, 0.0481727, , , , , , , 13.5716538, 0.082414, , , , , , , 13.5716538, 0.072343, , , , , , , 13.5716538, -0.0176242, , , , , , , , , , , , , , , , , , , , , , , , , , , , 
13.5721731, 0.0565652, , , , , , , 13.5721731, 0.0730144, , , , , , , 13.5721731, 0.0518654, , , , , , , 13.5721731, -0.018967, , , , , , , , , , , , , , , , , , , , , , , , , , , , 
13.5726923, 0.061265, , , , , , , 13.5726923, 0.0755322, , , , , , , 13.5726923, 0.0246738, , , , , , , 13.5726923, -0.0176242, , , , , , , , , , , , , , , , , , , , , , , , , , , , 
13.5732115, 0.0619364, , , , , , , 13.5732115, 0.0941634, , , , , , , 13.5732115, -0.0008392, , , , , , , 13.5732115, -0.0152743, , , , , , , , , , , , , , , , , , , , , , , , , , , , 
13.5737308, 0.0649577, , , , , , , 13.5737308, 0.1099413, , , , , , , 13.5737308, -0.0176242, , , , , , , 13.5737308, -0.0115816, , , , , , , , , , , , , , , , , , , , , , , , , , , , 
13.57425, 0.0683146, , , , , , , 13.57425, 0.0956741, , , , , , , 13.57425, -0.0313878, , , , , , , 13.57425, -0.0035248, , , , , , , , , , , , , , , , , , , , , , , , , , , , 
13.5747692, 0.0686503, , , , , , , 13.5747692, 0.0522011, , , , , , , 13.5747692, -0.054551, , , , , , , 13.5747692, 0.0078889, , , , , , , , , , , , , , , , , , , , , , , , , , , , 
13.5752885, 0.0696574, , , , , , , 13.5752885, 0.0085603, , , , , , , 13.5752885, -0.0854353, , , , , , , 13.5752885, 0.0166171, , , , , , , , , , , , , , , , , , , , , , , , , , , , 
13.5758077, 0.0760357, , , , , , , 13.5758077, -0.023331, , , , , , , 13.5758077, -0.1072557, , , , , , , 13.5758077, 0.0186313, , , , , , , , , , , , , , , , , , , , , , , , , , , , 
13.5763269, 0.0864424, , , , , , , 13.5763269, -0.0525368, , , , , , , 13.5763269, -0.1126268, , , , , , , 13.5763269, 0.0172885, , , , , , , , , , , , , , , , , , , , , , , , , , , , 
13.5768462, 0.0931563, , , , , , , 13.5768462, -0.085771, , , , , , , 13.5768462, -0.1052415, , , , , , , 13.5768462, 0.0152743, , , , , , , , , , , , , , , , , , , , , , , , , , , , 
13.5773654, 0.0961776, , , , , , , 13.5773654, -0.1049058, , , , , , , 13.5773654, -0.0956741, , , , , , , 13.5773654, 0.0129244, , , , , , , , , , , , , , , , , , , , , , , , , , , , 
13.5778846, 0.0938277, , , , , , , 13.5778846, -0.0874495, , , , , , , 13.5778846, -0.0928206, , , , , , , 13.5778846, 0.0102388, , , , , , , , , , , , , , , , , , , , , , , , , , , , 
13.5784038, 0.0847639, , , , , , , 13.5784038, -0.0464942, , , , , , , 13.5784038, -0.0948348, , , , , , , 13.5784038, 0.0085603, , , , , , , , , , , , , , , , , , , , , , , , , , , , 
13.5789231, 0.0777142, , , , , , , 13.5789231, -0.0179599, , , , , , , 13.5789231, -0.0988632, , , , , , , 13.5789231, 0.0125887, , , , , , , , , , , , , , , , , , , , , , , , , , , , 
13.5794423, 0.0649577, , , , , , , 13.5794423, -0.0154421, , , , , , , 13.5794423, -0.1008774, , , , , , , 13.5794423, 0.0209812, , , , , , , , , , , , , , , , , , , , , , , , , , , , 
13.5799615, 0.0416266, , , , , , , 13.5799615, -0.0191348, , , , , , , 13.5799615, -0.0908064, , , , , , , 13.5799615, 0.026688, , , , , , , , , , , , , , , , , , , , , , , , , , , , 
13.5804808, 0.0162814, , , , , , , 13.5804808, -0.0154421, , , , , , , 13.5804808, -0.0726787, , , , , , , 13.5804808, 0.0258488, , , , , , , , , , , , , , , , , , , , , , , , , , , , 
13.581, -0.0046998, , , , , , , 13.581, -0.0065461, , , , , , , 13.581, -0.0558938, , , , , , , 13.581, 0.0213169, , , , , , , , , , , , , , , , , , , , , , , , , , , , 
13.5815192, -0.0229953, , , , , , , 13.5815192, 0.0031891, , , , , , , 13.5815192, -0.0421302, , , , , , , 13.5815192, 0.0169528, , , , , , , , , , , , , , , , , , , , , , , , , , , , 
13.5820385, -0.0370947, , , , , , , 13.5820385, 0.0135958, , , , , , , 13.5820385, -0.0246738, , , , , , , 13.5820385, 0.0142672, , , , , , , , , , , , , , , , , , , , , , , , , , , , 
13.5825577, -0.0505226, , , , , , , 13.5825577, 0.027863, , , , , , , 13.5825577, -0.0041962, , , , , , , 13.5825577, 0.0159457, , , , , , , , , , , , , , , , , , , , , , , , , , , , 
13.5830769, -0.0641184, , , , , , , 13.5830769, 0.040116, , , , , , , 13.5830769, 0.014435, , , , , , , 13.5830769, 0.0159457, , , , , , , , , , , , , , , , , , , , , , , , , , , , 
13.5835962, -0.0726787, , , , , , , 13.5835962, 0.0412909, , , , , , , 13.5835962, 0.0303807, , , , , , , 13.5835962, 0.012253, , , , , , , , , , , , , , , , , , , , , , , , , , , , 
13.5841154, -0.0762036, , , , , , , 13.5841154, 0.0293736, , , , , , , 13.5841154, 0.0448157, , , , , , , 13.5841154, 0.0115816, , , , , , , , , , , , , , , , , , , , , , , , , , , , 
13.5846346, -0.0780499, , , , , , , 13.5846346, 0.0159457, , , , , , , 13.5846346, 0.0528725, , , , , , , 13.5846346, 0.0152743, , , , , , , , , , , , , , , , , , , , , , , , , , , , 
13.5851538, -0.0760357, , , , , , , 13.5851538, 0.0095674, , , , , , , 13.5851538, 0.0560616, , , , , , , 13.5851538, 0.0209812, , , , , , , , , , , , , , , , , , , , , , , , , , , , 
13.5856731, -0.0649577, , , , , , , 13.5856731, 0.0038605, , , , , , , 13.5856731, 0.0602579, , , , , , , 13.5856731, 0.0243381, , , , , , , , , , , , , , , , , , , , , , , , , , , , 
13.5861923, -0.0458228, , , , , , , 13.5861923, 0.0016785, , , , , , , 13.5861923, 0.0649577, , , , , , , 13.5861923, 0.0229953, , , , , , , , , , , , , , , , , , , , , , , , , , , , 
13.5867115, -0.0261845, , , , , , , 13.5867115, 0.0005035, , , , , , , 13.5867115, 0.0649577, , , , , , , 13.5867115, 0.0199741, , , , , , , , , , , , , , , , , , , , , , , , , , , , 
13.5872308, -0.0151064, , , , , , , 13.5872308, -0.005539, , , , , , , 13.5872308, 0.0649577, , , , , , , 13.5872308, 0.0152743, , , , , , , , , , , , , , , , , , , , , , , , , , , , 
13.58775, -0.0078889, , , , , , , 13.58775, -0.0146029, , , , , , , 13.58775, 0.066804, , , , , , , 13.58775, 0.0105745, , , , , , , , , , , , , , , , , , , , , , , , , , , , 
13.5882692, 0.0008392, , , , , , , 13.5882692, -0.023331, , , , , , , 13.5882692, 0.0642863, , , , , , , 13.5882692, 0.0068818, , , , , , , , , , , , , , , , , , , , , , , , , , , , 
13.5887885, 0.0109102, , , , , , , 13.5887885, -0.0303807, , , , , , , 13.5887885, 0.0528725, , , , , , , 13.5887885, 0.0031891, , , , , , , , , , , , , , , , , , , , , , , , , , , , 
13.5893077, 0.0139315, , , , , , , 13.5893077, -0.0287022, , , , , , , 13.5893077, 0.0354162, , , , , , , 13.5893077, -0.0005035, , , , , , , , , , , , , , , , , , , , , , , , , , , , 
13.5898269, 0.0157778, , , , , , , 13.5898269, -0.0149386, , , , , , , 13.5898269, 0.023331, , , , , , , 13.5898269, -0.0008392, , , , , , , , , , , , , , , , , , , , , , , , , , , , 
13.5903462, 0.0182956, , , , , , , 13.5903462, 0.0023499, , , , , , , 13.5903462, 0.0236667, , , , , , , 13.5903462, 0.0015106, , , , , , , , , , , , , , , , , , , , , , , , , , , , 
13.5908654, 0.0226596, , , , , , , 13.5908654, 0.0209812, , , , , , , 13.5908654, 0.0297093, , , , , , , 13.5908654, 0.0045319, , , , , , , , , , , , , , , , , , , , , , , , , , , , 
13.5913846, 0.0270237, , , , , , , 13.5913846, 0.0320592, , , , , , , 13.5913846, 0.0303807, , , , , , , 13.5913846, 0.0090639, , , , , , , , , , , , , , , , , , , , , , , , , , , , 
13.5919038, 0.0303807, , , , , , , 13.5919038, 0.0240024, , , , , , , 13.5919038, 0.0236667, , , , , , , 13.5919038, 0.0112459, , , , , , , , , , , , , , , , , , , , , , , , , , , , 
13.5924231, 0.0287022, , , , , , , 13.5924231, 0.0038605, , , , , , , 13.5924231, 0.014435, , , , , , , 13.5924231, 0.0112459, , , , , , , , , , , , , , , , , , , , , , , , , , , , 
13.5929423, 0.026688, , , , , , , 13.5929423, -0.0263523, , , , , , , 13.5929423, 0.0015106, , , , , , , 13.5929423, 0.0095674, , , , , , , , , , , , , , , , , , , , , , , , , , , , 
13.5934615, 0.0273594, , , , , , , 13.5934615, -0.0558938, , , , , , , 13.5934615, -0.0130922, , , , , , , 13.5934615, 0.005539, , , , , , , , , , , , , , , , , , , , , , , , , , , , 
13.5939808, 0.0265202, , , , , , , 13.5939808, -0.0626078, , , , , , , 13.5939808, -0.0270237, , , , , , , 13.5939808, 0.0025177, , , , , , , , , , , , , , , , , , , , , , , , , , , , 
13.5945, 0.0236667, , , , , , , 13.5945, -0.043473, , , , , , , 13.5945, -0.0381018, , , , , , , 13.5945, 0.0025177, , , , , , , , , , , , , , , , , , , , , , , , , , , , 
13.5950192, 0.0253452, , , , , , , 13.5950192, -0.0231632, , , , , , , 13.5950192, -0.0431373, , , , , , , 13.5950192, 0.0078889, , , , , , , , , , , , , , , , , , , , , , , , , , , , 
13.5955385, 0.0384375, , , , , , , 13.5955385, -0.0238346, , , , , , , 13.5955385, -0.0428016, , , , , , , 13.5955385, 0.0112459, , , , , , , , , , , , , , , , , , , , , , , , , , , , 
13.5960577, 0.0595865, , , , , , , 13.5960577, -0.036759, , , , , , , 13.5960577, -0.0458228, , , , , , , 13.5960577, 0.0085603, , , , , , , , , , , , , , , , , , , , , , , , , , , , 
13.5965769, 0.0728466, , , , , , , 13.5965769, -0.0431373, , , , , , , 13.5965769, -0.0542153, , , , , , , 13.5965769, 0.008896, , , , , , , , , , , , , , , , , , , , , , , , , , , , 
13.5970962, 0.0750286, , , , , , , 13.5970962, -0.0493477, , , , , , , 13.5970962, -0.0589151, , , , , , , 13.5970962, 0.012253, , , , , , , , , , , , , , , , , , , , , , , , , , , , 
13.5976154, 0.0730144, , , , , , , 13.5976154, -0.0542153, , , , , , , 13.5976154, -0.0488441, , , , , , , 13.5976154, 0.0157778, , , , , , , , , , , , , , , , , , , , , , , , , , , , 
13.5981346, 0.0683146, , , , , , , 13.5981346, -0.0448157, , , , , , , 13.5981346, -0.0270237, , , , , , , 13.5981346, 0.0199741, , , , , , , , , , , , , , , , , , , , , , , , , , , , 
13.5986538, 0.0619364, , , , , , , 13.5986538, -0.0246738, , , , , , , 13.5986538, 0.003357, , , , , , , 13.5986538, 0.0240024, , , , , , , , , , , , , , , , , , , , , , , , , , , , 
13.5991731, 0.0592508, , , , , , , 13.5991731, -0.0199741, , , , , , , 13.5991731, 0.0344091, , , , , , , 13.5991731, 0.0303807, , , , , , , , , , , , , , , , , , , , , , , , , , , , 
13.5996923, 0.0535439, , , , , , , 13.5996923, -0.0381018, , , , , , , 13.5996923, 0.0609293, , , , , , , 13.5996923, 0.0404517, , , , , , , , , , , , , , , , , , , , , , , , , , , , 
13.6002115, 0.0431373, , , , , , , 13.6002115, -0.0498512, , , , , , , 13.6002115, 0.0775463, , , , , , , 13.6002115, 0.0461585, , , , , , , , , , , , , , , , , , , , , , , , , , , , 
13.6007308, 0.0357519, , , , , , , 13.6007308, -0.043473, , , , , , , 13.6007308, 0.0867781, , , , , , , 13.6007308, 0.043473, , , , , , , , , , , , , , , , , , , , , , , , , , , , 
13.60125, 0.0290379, , , , , , , 13.60125, -0.0325628, , , , , , , 13.60125, 0.0961776, , , , , , , 13.60125, 0.0377661, , , , , , , , , , , , , , , , , , , , , , , , , , , , 
13.6017692, 0.0186313, , , , , , , 13.6017692, -0.0283665, , , , , , , 13.6017692, 0.1075914, , , , , , , 13.6017692, 0.0344091, , , , , , , , , , , , , , , , , , , , , , , , , , , , 
13.6022885, -0.0001678, , , , , , , 13.6022885, -0.0310521, , , , , , , 13.6022885, 0.1085985, , , , , , , 13.6022885, 0.0307164, , , , , , , , , , , , , , , , , , , , , , , , , , , , 
13.6028077, -0.0179599, , , , , , , 13.6028077, -0.0250095, , , , , , , 13.6028077, 0.0924849, , , , , , , 13.6028077, 0.0287022, , , , , , , , , , , , , , , , , , , , , , , , , , , , 
13.6033269, -0.0313878, , , , , , , 13.6033269, -0.0073854, , , , , , , 13.6033269, 0.0654612, , , , , , , 13.6033269, 0.0287022, , , , , , , , , , , , , , , , , , , , , , , , , , , , 
13.6038462, -0.040116, , , , , , , 13.6038462, 0.008896, , , , , , , 13.6038462, 0.0307164, , , , , , , 13.6038462, 0.0273594, , , , , , , , , , , , , , , , , , , , , , , , , , , , 
13.6043654, -0.0451514, , , , , , , 13.6043654, 0.0186313, , , , , , , 13.6043654, -0.0075532, , , , , , , 13.6043654, 0.0240024, , , , , , , , , , , , , , , , , , , , , , , , , , , , 
13.6048846, -0.0488441, , , , , , , 13.6048846, 0.0226596, , , , , , , 13.6048846, -0.043473, , , , , , , 13.6048846, 0.0186313, , , , , , , , , , , , , , , , , , , , , , , , , , , , 
13.6054038, -0.0468299, , , , , , , 13.6054038, 0.0179599, , , , , , , 13.6054038, -0.0817426, , , , , , , 13.6054038, 0.0119173, , , , , , , , , , , , , , , , , , , , , , , , , , , , 
13.6059231, -0.0344091, , , , , , , 13.6059231, 0.0058747, , , , , , , 13.6059231, -0.1173266, , , , , , , 13.6059231, 0.0078889, , , , , , , , , , , , , , , , , , , , , , , , , , , , 
13.6064423, -0.0196384, , , , , , , 13.6064423, -0.0045319, , , , , , , 13.6064423, -0.1386435, , , , , , , 13.6064423, 0.0052033, , , , , , , , , , , , , , , , , , , , , , , , , , , , 
13.6069615, -0.0115816, , , , , , , 13.6069615, -0.0030213, , , , , , , 13.6069615, -0.1472038, , , , , , , 13.6069615, 0.0018463, , , , , , , , , , , , , , , , , , , , , , , , , , , , 
13.6074808, -0.0063783, , , , , , , 13.6074808, 0.0028534, , , , , , , 13.6074808, -0.1502251, , , , , , , 13.6074808, -0.0018463, , , , , , , , , , , , , , , , , , , , , , , , , , , , 
13.608, 0.0018463, , , , , , , 13.608, 0.0078889, , , , , , , 13.608, -0.1535821, , , , , , , 13.608, -0.0045319, , , , , , , , , , , , , , , , , , , , , , , , , , , , 
13.6085192, 0.0095674, , , , , , , 13.6085192, 0.0125887, , , , , , , 13.6085192, -0.1607996, , , , , , , 13.6085192, -0.0065461, , , , , , , , , , , , , , , , , , , , , , , , , , , , 
13.6090385, 0.0119173, , , , , , , 13.6090385, 0.0162814, , , , , , , 13.6090385, -0.1673457, , , , , , , 13.6090385, -0.0058747, , , , , , , , , , , , , , , , , , , , , , , , , , , , 
13.6095577, 0.0130922, , , , , , , 13.6095577, 0.0179599, , , , , , , 13.6095577, -0.1572747, , , , , , , 13.6095577, -0.0018463, , , , , , , , , , , , , , , , , , , , , , , , , , , , 
13.6100769, 0.0182956, , , , , , , 13.6100769, 0.0206455, , , , , , , 13.6100769, -0.1253834, , , , , , , 13.6100769, 0.0048676, , , , , , , , , , , , , , , , , , , , , , , , , , , , 
13.6105962, 0.0226596, , , , , , , 13.6105962, 0.0240024, , , , , , , 13.6105962, -0.0864424, , , , , , , 13.6105962, 0.0117494, , , , , , , , , , , , , , , , , , , , , , , , , , , , 
13.6111154, 0.0240024, , , , , , , 13.6111154, 0.0260166, , , , , , , 13.6111154, -0.0518654, , , , , , , 13.6111154, 0.0115816, , , , , , , , , , , , , , , , , , , , , , , , , , , , 
13.6116346, 0.0276951, , , , , , , 13.6116346, 0.0359197, , , , , , , 13.6116346, -0.0236667, , , , , , , 13.6116346, 0.0065461, , , , , , , , , , , , , , , , , , , , , , , , , , , , 
13.6121538, 0.0339055, , , , , , , 13.6121538, 0.0542153, , , , , , , 13.6121538, -0.0058747, , , , , , , 13.6121538, 0.0028534, , , , , , , , , , , , , , , , , , , , , , , , , , , , 
13.6126731, 0.0370947, , , , , , , 13.6126731, 0.0619364, , , , , , , 13.6126731, -0.0028534, , , , , , , 13.6126731, 0.0031891, , , , , , , , , , , , , , , , , , , , , , , , , , , , 
13.6131923, 0.0337377, , , , , , , 13.6131923, 0.0654612, , , , , , , 13.6131923, -0.0125887, , , , , , , 13.6131923, 0.0062104, , , , , , , , , , , , , , , , , , , , , , , , , , , , 
13.6137115, 0.0327306, , , , , , , 13.6137115, 0.0730144, , , , , , , 13.6137115, -0.0275273, , , , , , , 13.6137115, 0.0090639, , , , , , , , , , , , , , , , , , , , , , , , , , , , 
13.6142308, 0.0307164, , , , , , , 13.6142308, 0.0757, , , , , , , 13.6142308, -0.0419623, , , , , , , 13.6142308, 0.0105745, , , , , , , , , , , , , , , , , , , , , , , , , , , , 
13.61475, 0.0280308, , , , , , , 13.61475, 0.0659648, , , , , , , 13.61475, -0.0525368, , , , , , , 13.61475, 0.0114137, , , , , , , , , , , , , , , , , , , , , , , , , , , , 
13.6152692, 0.0350805, , , , , , , 13.6152692, 0.0562295, , , , , , , 13.6152692, -0.0594186, , , , , , , 13.6152692, 0.0099031, , , , , , , , , , , , , , , , , , , , , , , , , , , , 
13.6157885, 0.0555581, , , , , , , 13.6157885, 0.0560616, , , , , , , 13.6157885, -0.0699931, , , , , , , 13.6157885, 0.0065461, , , , , , , , , , , , , , , , , , , , , , , , , , , , 
13.6163077, 0.0698253, , , , , , , 13.6163077, 0.0609293, , , , , , , 13.6163077, -0.0746929, , , , , , , 13.6163077, 0.0075532, , , , , , , , , , , , , , , , , , , , , , , , , , , , 
13.6168269, 0.0783856, , , , , , , 13.6168269, 0.0522011, , , , , , , 13.6168269, -0.0592508, , , , , , , 13.6168269, 0.0102388, , , , , , , , , , , , , , , , , , , , , , , , , , , , 
13.6173462, 0.0850996, , , , , , , 13.6173462, 0.0146029, , , , , , , 13.6173462, -0.0280308, , , , , , , 13.6173462, 0.0099031, , , , , , , , , , , , , , , , , , , , , , , , , , , , 
13.6178654, 0.0871138, , , , , , , 13.6178654, -0.0515297, , , , , , , 13.6178654, 0.002182, , , , , , , 13.6178654, 0.0073854, , , , , , , , , , , , , , , , , , , , , , , , , , , , 
13.6183846, 0.0750286, , , , , , , 13.6183846, -0.1263905, , , , , , , 13.6183846, 0.0223239, , , , , , , 13.6183846, 0.0048676, , , , , , , , , , , , , , , , , , , , , , , , , , , , 
13.6189038, 0.0614328, , , , , , , 13.6189038, -0.1700313, , , , , , , 13.6189038, 0.0365911, , , , , , , 13.6189038, 0.0038605, , , , , , , , , , , , , , , , , , , , , , , , , , , , 
13.6194231, 0.0525368, , , , , , , 13.6194231, -0.1613031, , , , , , , 13.6194231, 0.0488441, , , , , , , 13.6194231, 0.0078889, , , , , , , , , , , , , , , , , , , , , , , , , , , , 
13.6199423, 0.0419623, , , , , , , 13.6199423, -0.1290761, , , , , , , 13.6199423, 0.0580758, , , , , , , 13.6199423, 0.0179599, , , , , , , , , , , , , , , , , , , , , , , , , , , , 
13.6204615, 0.0256809, , , , , , , 13.6204615, -0.1065843, , , , , , , 13.6204615, 0.0622721, , , , , , , 13.6204615, 0.0248417, , , , , , , , , , , , , , , , , , , , , , , , , , , , 
13.6209808, 0.0099031, , , , , , , 13.6209808, -0.0941634, , , , , , , 13.6209808, 0.0609293, , , , , , , 13.6209808, 0.0240024, , , , , , , , , , , , , , , , , , , , , , , , , , , , 
13.6215, -0.0028534, , , , , , , 13.6215, -0.0807355, , , , , , , 13.6215, 0.0542153, , , , , , , 13.6215, 0.023331, , , , , , , , , , , , , , , , , , , , , , , , , , , , 
13.6220192, -0.0186313, , , , , , , 13.6220192, -0.0696574, , , , , , , 13.6220192, 0.0446479, , , , , , , 13.6220192, 0.0238346, , , , , , , , , , , , , , , , , , , , , , , , , , , , 
13.6225385, -0.0350805, , , , , , , 13.6225385, -0.0651255, , , , , , , 13.6225385, 0.0421302, , , , , , , 13.6225385, 0.0213169, , , , , , , , , , , , , , , , , , , , , , , , , , , , 
13.6230577, -0.051194, , , , , , , 13.6230577, -0.0649577, , , , , , , 13.6230577, 0.0488441, , , , , , , 13.6230577, 0.0159457, , , , , , , , , , , , , , , , , , , , , , , , , , , , 
13.6235769, -0.0636149, , , , , , , 13.6235769, -0.0626078, , , , , , , 13.6235769, 0.0599222, , , , , , , 13.6235769, 0.0139315, , , , , , , , , , , , , , , , , , , , , , , , , , , , 
13.6240962, -0.0721752, , , , , , , 13.6240962, -0.0575723, , , , , , , 13.6240962, 0.0706645, , , , , , , 13.6240962, 0.0193027, , , , , , , , , , , , , , , , , , , , , , , , , , , , 
13.6246154, -0.0787213, , , , , , , 13.6246154, -0.0525368, , , , , , , 13.6246154, 0.0777142, , , , , , , 13.6246154, 0.0243381, , , , , , , , , , , , , , , , , , , , , , , , , , , , 
13.6251346, -0.082414, , , , , , , 13.6251346, -0.0411231, , , , , , , 13.6251346, 0.079057, , , , , , , 13.6251346, 0.026688, , , , , , , , , , , , , , , , , , , , , , , , , , , , 
13.6256538, -0.0807355, , , , , , , 13.6256538, -0.0224918, , , , , , , 13.6256538, 0.0757, , , , , , , 13.6256538, 0.0251774, , , , , , , , , , , , , , , , , , , , , , , , , , , , 
13.6261731, -0.070161, , , , , , , 13.6261731, -0.0031891, , , , , , , 13.6261731, 0.0750286, , , , , , , 13.6261731, 0.0199741, , , , , , , , , , , , , , , , , , , , , , , , , , , , 
13.6266923, -0.0555581, , , , , , , 13.6266923, 0.0104067, , , , , , , 13.6266923, 0.0820783, , , , , , , 13.6266923, 0.0149386, , , , , , , , , , , , , , , , , , , , , , , , , , , , 
13.6272115, -0.0461585, , , , , , , 13.6272115, 0.017792, , , , , , , 13.6272115, 0.085771, , , , , , , 13.6272115, 0.0119173, , , , , , , , , , , , , , , , , , , , , , , , , , , , 
13.6277308, -0.0364233, , , , , , , 13.6277308, 0.023331, , , , , , , 13.6277308, 0.0763714, , , , , , , 13.6277308, 0.0095674, , , , , , , , , , , , , , , , , , , , , , , , , , , , 
13.62825, -0.0261845, , , , , , , 13.62825, 0.0251774, , , , , , , 13.62825, 0.0619364, , , , , , , 13.62825, 0.0065461, , , , , , , , , , , , , , , , , , , , , , , , , , , , 
13.6287692, -0.012253, , , , , , , 13.6287692, 0.0240024, , , , , , , 13.6287692, 0.0473335, , , , , , , 13.6287692, 0.0038605, , , , , , , , , , , , , , , , , , , , , , , , , , , , 
13.6292885, 0.0078889, , , , , , , 13.6292885, 0.0273594, , , , , , , 13.6292885, 0.0357519, , , , , , , 13.6292885, 0.0011749, , , , , , , , , , , , , , , , , , , , , , , , , , , , 
13.6298077, 0.0223239, , , , , , , 13.6298077, 0.04448, , , , , , , 13.6298077, 0.0283665, , , , , , , 13.6298077, -0.0006714, , , , , , , , , , , , , , , , , , , , , , , , , , , , 
13.6303269, 0.0317235, , , , , , , 13.6303269, 0.0730144, , , , , , , 13.6303269, 0.0290379, , , , , , , 13.6303269, 0.0005035, , , , , , , , , , , , , , , , , , , , , , , , , , , , 
13.6308462, 0.0352483, , , , , , , 13.6308462, 0.0897993, , , , , , , 13.6308462, 0.0287022, , , , , , , 13.6308462, 0.002182, , , , , , , , , , , , , , , , , , , , , , , , , , , , 
13.6313654, 0.0359197, , , , , , , 13.6313654, 0.0777142, , , , , , , 13.6313654, 0.0209812, , , , , , , 13.6313654, -0.0010071, , , , , , , , , , , , , , , , , , , , , , , , , , , , 
13.6318846, 0.0360876, , , , , , , 13.6318846, 0.0518654, , , , , , , 13.6318846, 0.0078889, , , , , , , 13.6318846, -0.0038605, , , , , , , , , , , , , , , , , , , , , , , , , , , , 
13.6324038, 0.0374304, , , , , , , 13.6324038, 0.0293736, , , , , , , 13.6324038, -0.0060426, , , , , , , 13.6324038, -0.0031891, , , , , , , , , , , , , , , , , , , , , , , , , , , , 
13.6329231, 0.0407874, , , , , , , 13.6329231, 0.0226596, , , , , , , 13.6329231, -0.0162814, , , , , , , 13.6329231, -0.0018463, , , , , , , , , , , , , , , , , , , , , , , , , , , , 
13.6334423, 0.0453193, , , , , , , 13.6334423, 0.0323949, , , , , , , 13.6334423, -0.0193027, , , , , , , 13.6334423, -0.0001678, , , , , , , , , , , , , , , , , , , , , , , , , , , , 
13.6339615, 0.0468299, , , , , , , 13.6339615, 0.040116, , , , , , , 13.6339615, -0.0203098, , , , , , , 13.6339615, 0.0025177, , , , , , , , , , , , , , , , , , , , , , , , , , , , 
13.6344808, 0.0464942, , , , , , , 13.6344808, 0.0448157, , , , , , , 13.6344808, -0.0323949, , , , , , , 13.6344808, 0.0018463, , , , , , , , , , , , , , , , , , , , , , , , , , , , 
13.635, 0.0461585, , , , , , , 13.635, 0.0508583, , , , , , , 13.635, -0.0605936, , , , , , , 13.635, -0.0016785, , , , , , , , , , , , , , , , , , , , , , , , , , , , 
13.6355192, 0.0532082, , , , , , , 13.6355192, 0.0414588, , , , , , , 13.6355192, -0.0950027, , , , , , , 13.6355192, -0.0052033, , , , , , , , , , , , , , , , , , , , , , , , , , , , 
13.6360385, 0.0663005, , , , , , , 13.6360385, 0.005539, , , , , , , 13.6360385, -0.121355, , , , , , , 13.6360385, -0.0073854, , , , , , , , , , , , , , , , , , , , , , , , , , , , 
13.6365577, 0.0738537, , , , , , , 13.6365577, -0.045655, , , , , , , 13.6365577, -0.1379721, , , , , , , 13.6365577, -0.0068818, , , , , , , , , , , , , , , , , , , , , , , , , , , , 
13.6370769, 0.0788891, , , , , , , 13.6370769, -0.0985275, , , , , , , 13.6370769, -0.1519036, , , , , , , 13.6370769, -0.0090639, , , , , , , , , , , , , , , , , , , , , , , , , , , , 
13.6375962, 0.0800641, , , , , , , 13.6375962, -0.1270619, , , , , , , 13.6375962, -0.1555962, , , , , , , 13.6375962, -0.0129244, , , , , , , , , , , , , , , , , , , , , , , , , , , , 
13.6381154, 0.0783856, , , , , , , 13.6381154, -0.1173266, , , , , , , 13.6381154, -0.1482109, , , , , , , 13.6381154, -0.0135958, , , , , , , , , , , , , , , , , , , , , , , , , , , , 
13.6386346, 0.0770428, , , , , , , 13.6386346, -0.0897993, , , , , , , 13.6386346, -0.1428397, , , , , , , 13.6386346, -0.0129244, , , , , , , , , , , , , , , , , , , , , , , , , , , , 
13.6391538, 0.0716716, , , , , , , 13.6391538, -0.0595865, , , , , , , 13.6391538, -0.1334401, , , , , , , 13.6391538, -0.0095674, , , , , , , , , , , , , , , , , , , , , , , , , , , , 
13.6396731, 0.0622721, , , , , , , 13.6396731, -0.018967, , , , , , , 13.6396731, -0.109102, , , , , , , 13.6396731, -0.0035248, , , , , , , , , , , , , , , , , , , , , , , , , , , , 
13.6401923, 0.0505226, , , , , , , 13.6401923, 0.026688, , , , , , , 13.6401923, -0.0740215, , , , , , , 13.6401923, 0.002182, , , , , , , , , , , , , , , , , , , , , , , , , , , , 
13.6407115, 0.040116, , , , , , , 13.6407115, 0.0448157, , , , , , , 13.6407115, -0.0320592, , , , , , , 13.6407115, 0.0068818, , , , , , , , , , , , , , , , , , , , , , , , , , , , 
13.6412308, 0.0276951, , , , , , , 13.6412308, 0.0320592, , , , , , , 13.6412308, 0.0112459, , , , , , , 13.6412308, 0.0115816, , , , , , , , , , , , , , , , , , , , , , , , , , , , 
13.64175, 0.0146029, , , , , , , 13.64175, 0.0164492, , , , , , , 13.64175, 0.0468299, , , , , , , 13.64175, 0.0146029, , , , , , , , , , , , , , , , , , , , , , , , , , , , 
13.6422692, 0.0045319, , , , , , , 13.6422692, 0.0099031, , , , , , , 13.6422692, 0.0760357, , , , , , , 13.6422692, 0.0169528, , , , , , , , , , , , , , , , , , , , , , , , , , , , 
13.6427885, -0.0030213, , , , , , , 13.6427885, 0.0031891, , , , , , , 13.6427885, 0.1028916, , , , , , , 13.6427885, 0.018967, , , , , , , , , , , , , , , , , , , , , , , , , , , , 
13.6433077, -0.0151064, , , , , , , 13.6433077, 0.0018463, , , , , , , 13.6433077, 0.1203479, , , , , , , 13.6433077, 0.0240024, , , , , , , , , , , , , , , , , , , , , , , , , , , , 
13.6438269, -0.0298772, , , , , , , 13.6438269, 0.0075532, , , , , , , 13.6438269, 0.1210193, , , , , , , 13.6438269, 0.0323949, , , , , , , , , , , , , , , , , , , , , , , , , , , , 
13.6443462, -0.0471656, , , , , , , 13.6443462, 0.0105745, , , , , , , 13.6443462, 0.1122911, , , , , , , 13.6443462, 0.0397803, , , , , , , , , , , , , , , , , , , , , , , , , , , , 
13.6448654, -0.064622, , , , , , , 13.6448654, 0.0046998, , , , , , , 13.6448654, 0.1052415, , , , , , , 13.6448654, 0.047837, , , , , , , , , , , , , , , , , , , , , , , , , , , , 
13.6453846, -0.0743572, , , , , , , 13.6453846, -0.0099031, , , , , , , 13.6453846, 0.0975204, , , , , , , 13.6453846, 0.0555581, , , , , , , , , , , , , , , , , , , , , , , , , , , , 
13.6459038, -0.0753643, , , , , , , 13.6459038, -0.0347448, , , , , , , 13.6459038, 0.0874495, , , , , , , 13.6459038, 0.061265, , , , , , , , , , , , , , , , , , , , , , , , , , , , 
13.6464231, -0.0693217, , , , , , , 13.6464231, -0.0522011, , , , , , , 13.6464231, 0.0753643, , , , , , , 13.6464231, 0.0663005, , , , , , , , , , , , , , , , , , , , , , , , , , , , 
13.6469423, -0.0649577, , , , , , , 13.6469423, -0.0552224, , , , , , , 13.6469423, 0.0582437, , , , , , , 13.6469423, 0.0693217, , , , , , , , , , , , , , , , , , , , , , , , , , , , 
13.6474615, -0.0594186, , , , , , , 13.6474615, -0.0464942, , , , , , , 13.6474615, 0.0313878, , , , , , , 13.6474615, 0.0696574, , , , , , , , , , , , , , , , , , , , , , , , , , , , 
13.6479808, -0.0491798, , , , , , , 13.6479808, -0.0345769, , , , , , , 13.6479808, -0.0035248, , , , , , , 13.6479808, 0.0616007, , , , , , , , , , , , , , , , , , , , , , , , , , , , 
13.6485, -0.0364233, , , , , , , 13.6485, -0.0318914, , , , , , , 13.6485, -0.0431373, , , , , , , 13.6485, 0.0446479, , , , , , , , , , , , , , , , , , , , , , , , , , , , 
13.6490192, -0.0243381, , , , , , , 13.6490192, -0.0276951, , , , , , , 13.6490192, -0.0850996, , , , , , , 13.6490192, 0.0280308, , , , , , , , , , , , , , , , , , , , , , , , , , , , 
13.6495385, -0.0184634, , , , , , , 13.6495385, -0.0149386, , , , , , , 13.6495385, -0.1232013, , , , , , , 13.6495385, 0.0184634, , , , , , , , , , , , , , , , , , , , , , , , , , , , 
13.6500577, -0.0152743, , , , , , , 13.6500577, -0.0068818, , , , , , , 13.6500577, -0.1455253, , , , , , , 13.6500577, 0.0146029, , , , , , , , , , , , , , , , , , , , , , , , , , , , 
13.6505769, -0.0083925, , , , , , , 13.6505769, -0.0038605, , , , , , , 13.6505769, -0.1519036, , , , , , , 13.6505769, 0.0125887, , , , , , , , , , , , , , , , , , , , , , , , , , , , 
13.6510962, -0.0008392, , , , , , , 13.6510962, -0.0015106, , , , , , , 13.6510962, -0.1461967, , , , , , , 13.6510962, 0.0102388, , , , , , , , , , , , , , , , , , , , , , , , , , , , 
13.6516154, 0.0070497, , , , , , , 13.6516154, 0.0045319, , , , , , , 13.6516154, -0.1310903, , , , , , , 13.6516154, 0.0102388, , , , , , , , , , , , , , , , , , , , , , , , , , , , 
13.6521346, 0.01561, , , , , , , 13.6521346, 0.0104067, , , , , , , 13.6521346, -0.1176623, , , , , , , 13.6521346, 0.0112459, , , , , , , , , , , , , , , , , , , , , , , , , , , , 
13.6526538, 0.0186313, , , , , , , 13.6526538, 0.0078889, , , , , , , 13.6526538, -0.1065843, , , , , , , 13.6526538, 0.0072175, , , , , , , , , , , , , , , , , , , , , , , , , , , , 
13.6531731, 0.0196384, , , , , , , 13.6531731, -0.0062104, , , , , , , 13.6531731, -0.0914778, , , , , , , 13.6531731, 0.0005035, , , , , , , , , , , , , , , , , , , , , , , , , , , , 
13.6536923, 0.0260166, , , , , , , 13.6536923, -0.0281987, , , , , , , 13.6536923, -0.0730144, , , , , , , 13.6536923, -0.0048676, , , , , , , , , , , , , , , , , , , , , , , , , , , , 
13.6542115, 0.0357519, , , , , , , 13.6542115, -0.0431373, , , , , , , 13.6542115, -0.0491798, , , , , , , 13.6542115, -0.0062104, , , , , , , , , , , , , , , , , , , , , , , , , , , , 
13.6547308, 0.0414588, , , , , , , 13.6547308, -0.040116, , , , , , , 13.6547308, -0.0206455, , , , , , , 13.6547308, -0.0052033, , , , , , , , , , , , , , , , , , , , , , , , , , , , 
13.65525, 0.0468299, , , , , , , 13.65525, -0.023331, , , , , , , 13.65525, 0.011078, , , , , , , 13.65525, -0.0041962, , , , , , , , , , , , , , , , , , , , , , , , , , , , 
13.6557692, 0.0595865, , , , , , , 13.6557692, -0.0038605, , , , , , , 13.6557692, 0.0428016, , , , , , , 13.6557692, -0.008896, , , , , , , , , , , , , , , , , , , , , , , , , , , , 
13.6562885, 0.0787213, , , , , , , 13.6562885, 0.0152743, , , , , , , 13.6562885, 0.0683146, , , , , , , 13.6562885, -0.01561, , , , , , , , , , , , , , , , , , , , , , , , , , , , 
13.6568077, 0.0914778, , , , , , , 13.6568077, 0.0330663, , , , , , , 13.6568077, 0.0867781, , , , , , , 13.6568077, -0.0203098, , , , , , , , , , , , , , , , , , , , , , , , , , , , 
13.6573269, 0.0988632, , , , , , , 13.6573269, 0.0394446, , , , , , , 13.6573269, 0.0981918, , , , , , , 13.6573269, -0.0198062, , , , , , , , , , , , , , , , , , , , , , , , , , , , 
13.6578462, 0.1008774, , , , , , , 13.6578462, 0.024506, , , , , , , 13.6578462, 0.1062486, , , , , , , 13.6578462, -0.0186313, , , , , , , , , , , , , , , , , , , , , , , , , , , , 
13.6583654, 0.0976883, , , , , , , 13.6583654, -0.0008392, , , , , , , 13.6583654, 0.1092699, , , , , , , 13.6583654, -0.01561, , , , , , , , , , , , , , , , , , , , , , , , , , , , 
13.6588846, 0.0867781, , , , , , , 13.6588846, -0.0179599, , , , , , , 13.6588846, 0.105745, , , , , , , 13.6588846, -0.0109102, , , , , , , , , , , , , , , , , , , , , , , , , , , , 
13.6594038, 0.0760357, , , , , , , 13.6594038, -0.018967, , , , , , , 13.6594038, 0.0951705, , , , , , , 13.6594038, -0.0052033, , , , , , , , , , , , , , , , , , , , , , , , , , , , 
13.6599231, 0.0669718, , , , , , , 13.6599231, -0.0127565, , , , , , , 13.6599231, 0.0763714, , , , , , , 13.6599231, 0.0008392, , , , , , , , , , , , , , , , , , , , , , , , , , , , 
13.6604423, 0.0565652, , , , , , , 13.6604423, -0.0129244, , , , , , , 13.6604423, 0.0501869, , , , , , , 13.6604423, 0.0130922, , , , , , , , , , , , , , , , , , , , , , , , , , , , 
13.6609615, 0.0414588, , , , , , , 13.6609615, -0.0231632, , , , , , , 13.6609615, 0.0206455, , , , , , , 13.6609615, 0.0273594, , , , , , , , , , , , , , , , , , , , , , , , , , , , 
13.6614808, 0.0229953, , , , , , , 13.6614808, -0.0350805, , , , , , , 13.6614808, -0.0062104, , , , , , , 13.6614808, 0.036759, , , , , , , , , , , , , , , , , , , , , , , , , , , , 
13.662, 0.0015106, , , , , , , 13.662, -0.0364233, , , , , , , 13.662, -0.0236667, , , , , , , 13.662, 0.0438087, , , , , , , , , , , , , , , , , , , , , , , , , , , , 
13.6625192, -0.0176242, , , , , , , 13.6625192, -0.0218204, , , , , , , 13.6625192, -0.0391089, , , , , , , 13.6625192, 0.0508583, , , , , , , , , , , , , , , , , , , , , , , , , , , , 
13.6630385, -0.0263523, , , , , , , 13.6630385, -0.0041962, , , , , , , 13.6630385, -0.0515297, , , , , , , 13.6630385, 0.0548867, , , , , , , , , , , , , , , , , , , , , , , , , , , , 
13.6635577, -0.0320592, , , , , , , 13.6635577, 0.0085603, , , , , , , 13.6635577, -0.0491798, , , , , , , 13.6635577, 0.0562295, , , , , , , , , , , , , , , , , , , , , , , , , , , , 
13.6640769, -0.0424659, , , , , , , 13.6640769, 0.0340734, , , , , , , 13.6640769, -0.0354162, , , , , , , 13.6640769, 0.0562295, , , , , , , , , , , , , , , , , , , , , , , , , , , , 
13.6645962, -0.0501869, , , , , , , 13.6645962, 0.0619364, , , , , , , 13.6645962, -0.0283665, , , , , , , 13.6645962, 0.0565652, , , , , , , , , , , , , , , , , , , , , , , , , , , , 
13.6651154, -0.0515297, , , , , , , 13.6651154, 0.0683146, , , , , , , 13.6651154, -0.0223239, , , , , , , 13.6651154, 0.0527047, , , , , , , , , , , , , , , , , , , , , , , , , , , , 
13.6656346, -0.0451514, , , , , , , 13.6656346, 0.0652934, , , , , , , 13.6656346, -0.0092317, , , , , , , 13.6656346, 0.043473, , , , , , , , , , , , , , , , , , , , , , , , , , , , 
13.6661538, -0.0337377, , , , , , , 13.6661538, 0.0703288, , , , , , , 13.6661538, 0.0041962, , , , , , , 13.6661538, 0.0313878, , , , , , , , , , , , , , , , , , , , , , , , , , , , 
13.6666731, -0.0218204, , , , , , , 13.6666731, 0.0676432, , , , , , , 13.6666731, 0.0035248, , , , , , , 13.6666731, 0.0198062, , , , , , , , , , , , , , , , , , , , , , , , , , , , 
13.6671923, -0.0135958, , , , , , , 13.6671923, 0.0522011, , , , , , , 13.6671923, -0.0112459, , , , , , , 13.6671923, 0.0119173, , , , , , , , , , , , , , , , , , , , , , , , , , , , 
13.6677115, -0.0073854, , , , , , , 13.6677115, 0.0317235, , , , , , , 13.6677115, -0.0260166, , , , , , , 13.6677115, 0.0104067, , , , , , , , , , , , , , , , , , , , , , , , , , , , 
13.6682308, -0.0041962, , , , , , , 13.6682308, 0.0125887, , , , , , , 13.6682308, -0.0320592, , , , , , , 13.6682308, 0.0104067, , , , , , , , , , , , , , , , , , , , , , , , , , , , 
13.66875, -0.0010071, , , , , , , 13.66875, 0.0045319, , , , , , , 13.66875, -0.0370947, , , , , , , 13.66875, 0.0083925, , , , , , , , , , , , , , , , , , , , , , , , , , , , 
13.6692692, 0.0048676, , , , , , , 13.6692692, -0.0041962, , , , , , , 13.6692692, -0.0458228, , , , , , , 13.6692692, 0.0070497, , , , , , , , , , , , , , , , , , , , , , , , , , , , 
13.6697885, 0.0130922, , , , , , , 13.6697885, -0.040116, , , , , , , 13.6697885, -0.057908, , , , , , , 13.6697885, 0.0058747, , , , , , , , , , , , , , , , , , , , , , , , , , , , 
13.6703077, 0.0140993, , , , , , , 13.6703077, -0.0894636, , , , , , , 13.6703077, -0.0720073, , , , , , , 13.6703077, 0.0025177, , , , , , , , , , , , , , , , , , , , , , , , , , , , 
13.6708269, 0.0112459, , , , , , , 13.6708269, -0.1297475, , , , , , , 13.6708269, -0.0867781, , , , , , , 13.6708269, 0.0025177, , , , , , , , , , , , , , , , , , , , , , , , , , , , 
13.6713462, 0.0068818, , , , , , , 13.6713462, -0.163653, , , , , , , 13.6713462, -0.0903029, , , , , , , 13.6713462, 0.0031891, , , , , , , , , , , , , , , , , , , , , , , , , , , , 
13.6718654, 0.0097353, , , , , , , 13.6718654, -0.1754025, , , , , , , 13.6718654, -0.0740215, , , , , , , 13.6718654, 0.0015106, , , , , , , , , , , , , , , , , , , , , , , , , , , , 
13.6723846, 0.0119173, , , , , , , 13.6723846, -0.1497215, , , , , , , 13.6723846, -0.0528725, , , , , , , 13.6723846, -0.0031891, , , , , , , , , , , , , , , , , , , , , , , , , , , , 
13.6729038, 0.0099031, , , , , , , 13.6729038, -0.100206, , , , , , , 13.6729038, -0.0411231, , , , , , , 13.6729038, -0.0095674, , , , , , , , , , , , , , , , , , , , , , , , , , , , 
13.6734231, 0.0166171, , , , , , , 13.6734231, -0.0495155, , , , , , , 13.6734231, -0.0240024, , , , , , , 13.6734231, -0.0142672, , , , , , , , , , , , , , , , , , , , , , , , , , , , 
13.6739423, 0.0260166, , , , , , , 13.6739423, -0.0132601, , , , , , , 13.6739423, 0.0179599, , , , , , , 13.6739423, -0.0139315, , , , , , , , , , , , , , , , , , , , , , , , , , , , 
13.6744615, 0.0271916, , , , , , , 13.6744615, 0.0083925, , , , , , , 13.6744615, 0.0679789, , , , , , , 13.6744615, -0.0102388, , , , , , , , , , , , , , , , , , , , , , , , , , , , 
13.6749808, 0.030045, , , , , , , 13.6749808, 0.0219883, , , , , , , 13.6749808, 0.1059129, , , , , , , 13.6749808, -0.0072175, , , , , , , , , , , , , , , , , , , , , , , , , , , , 
13.6755, 0.0454871, , , , , , , 13.6755, 0.0290379, , , , , , , 13.6755, 0.1300832, , , , , , , 13.6755, -0.0099031, , , , , , , , , , , , , , , , , , , , , , , , , , , , 
13.6760192, 0.0642863, , , , , , , 13.6760192, 0.0276951, , , , , , , 13.6760192, 0.1418326, , , , , , , 13.6760192, -0.0142672, , , , , , , , , , , , , , , , , , , , , , , , , , , , 
13.6765385, 0.0757, , , , , , , 13.6765385, 0.0320592, , , , , , , 13.6765385, 0.1388113, , , , , , , 13.6765385, -0.0142672, , , , , , , , , , , , , , , , , , , , , , , , , , , , 
13.6770577, 0.0810712, , , , , , , 13.6770577, 0.0535439, , , , , , , 13.6770577, 0.1230335, , , , , , , 13.6770577, -0.0129244, , , , , , , , , , , , , , , , , , , , , , , , , , , , 
13.6775769, 0.0891279, , , , , , , 13.6775769, 0.0599222, , , , , , , 13.6775769, 0.0975204, , , , , , , 13.6775769, -0.0102388, , , , , , , , , , , , , , , , , , , , , , , , , , , , 
13.6780962, 0.0908064, , , , , , , 13.6780962, 0.0374304, , , , , , , 13.6780962, 0.0621042, , , , , , , 13.6780962, -0.0035248, , , , , , , , , , , , , , , , , , , , , , , , , , , , 
13.6786154, 0.0829175, , , , , , , 13.6786154, 0.0092317, , , , , , , 13.6786154, 0.0226596, , , , , , , 13.6786154, 0.0045319, , , , , , , , , , , , , , , , , , , , , , , , , , , , 
13.6791346, 0.070161, , , , , , , 13.6791346, -0.0078889, , , , , , , 13.6791346, -0.01561, , , , , , , 13.6791346, 0.0102388, , , , , , , , , , , , , , , , , , , , , , , , , , , , 
13.6796538, 0.0560616, , , , , , , 13.6796538, -0.0129244, , , , , , , 13.6796538, -0.051194, , , , , , , 13.6796538, 0.0146029, , , , , , , , , , , , , , , , , , , , , , , , , , , , 
13.6801731, 0.04448, , , , , , , 13.6801731, -0.0083925, , , , , , , 13.6801731, -0.0881209, , , , , , , 13.6801731, 0.0196384, , , , , , , , , , , , , , , , , , , , , , , , , , , , 
13.6806923, 0.0340734, , , , , , , 13.6806923, -0.0038605, , , , , , , 13.6806923, -0.1210193, , , , , , , 13.6806923, 0.0287022, , , , , , , , , , , , , , , , , , , , , , , , , , , , 
13.6812115, 0.0219883, , , , , , , 13.6812115, 0.002182, , , , , , , 13.6812115, -0.1394827, , , , , , , 13.6812115, 0.0417945, , , , , , , , , , , , , , , , , , , , , , , , , , , , 
13.6817308, 0.0125887, , , , , , , 13.6817308, 0.0115816, , , , , , , 13.6817308, -0.1398184, , , , , , , 13.6817308, 0.0555581, , , , , , , , , , , , , , , , , , , , , , , , , , , , 
13.68225, 0.0065461, , , , , , , 13.68225, 0.0231632, , , , , , , 13.68225, -0.1277333, , , , , , , 13.68225, 0.0619364, , , , , , , , , , , , , , , , , , , , , , , , , , , , 
13.6827692, -0.0036927, , , , , , , 13.6827692, 0.0305486, , , , , , , 13.6827692, -0.1092699, , , , , , , 13.6827692, 0.0609293, , , , , , , , , , , , , , , , , , , , , , , , , , , , 
13.6832885, -0.0129244, , , , , , , 13.6832885, 0.0357519, , , , , , , 13.6832885, -0.0847639, , , , , , , 13.6832885, 0.0548867, , , , , , , , , , , , , , , , , , , , , , , , , , , , 
13.6838077, -0.0209812, , , , , , , 13.6838077, 0.0424659, , , , , , , 13.6838077, -0.0617685, , , , , , , 13.6838077, 0.0505226, , , , , , , , , , , , , , , , , , , , , , , , , , , , 
13.6843269, -0.0287022, , , , , , , 13.6843269, 0.0491798, , , , , , , 13.6843269, -0.04448, , , , , , , 13.6843269, 0.0491798, , , , , , , , , , , , , , , , , , , , , , , , , , , , 
13.6848462, -0.0350805, , , , , , , 13.6848462, 0.0548867, , , , , , , 13.6848462, -0.03122, , , , , , , 13.6848462, 0.0454871, , , , , , , , , , , , , , , , , , , , , , , , , , , , 
13.6853654, -0.0431373, , , , , , , 13.6853654, 0.0495155, , , , , , , 13.6853654, -0.0186313, , , , , , , 13.6853654, 0.0381018, , , , , , , , , , , , , , , , , , , , , , , , , , , , 
13.6858846, -0.0417945, , , , , , , 13.6858846, 0.040116, , , , , , , 13.6858846, -0.0011749, , , , , , , 13.6858846, 0.0297093, , , , , , , , , , , , , , , , , , , , , , , , , , , , 
13.6864038, -0.0340734, , , , , , , 13.6864038, 0.0360876, , , , , , , 13.6864038, 0.0124208, , , , , , , 13.6864038, 0.0186313, , , , , , , , , , , , , , , , , , , , , , , , , , , , 
13.6869231, -0.0297093, , , , , , , 13.6869231, 0.0307164, , , , , , , 13.6869231, 0.0162814, , , , , , , 13.6869231, 0.008896, , , , , , , , , , , , , , , , , , , , , , , , , , , , 
13.6874423, -0.0256809, , , , , , , 13.6874423, 0.0117494, , , , , , , 13.6874423, 0.0092317, , , , , , , 13.6874423, 0.002182, , , , , , , , , , , , , , , , , , , , , , , , , , , , 
13.6879615, -0.0251774, , , , , , , 13.6879615, -0.0213169, , , , , , , 13.6879615, -0.0025177, , , , , , , 13.6879615, -0.0025177, , , , , , , , , , , , , , , , , , , , , , , , , , , , 
13.6884808, -0.0270237, , , , , , , 13.6884808, -0.0538796, , , , , , , 13.6884808, -0.0112459, , , , , , , 13.6884808, -0.0041962, , , , , , , , , , , , , , , , , , , , , , , , , , , , 
13.689, -0.0310521, , , , , , , 13.689, -0.079057, , , , , , , 13.689, -0.0146029, , , , , , , 13.689, -0.0057069, , , , , , , , , , , , , , , , , , , , , , , , , , , , 
13.6895192, -0.0337377, , , , , , , 13.6895192, -0.0997024, , , , , , , 13.6895192, -0.0179599, , , , , , , 13.6895192, -0.0095674, , , , , , , , , , , , , , , , , , , , , , , , , , , , 
13.6900385, -0.0297093, , , , , , , 13.6900385, -0.100206, , , , , , , 13.6900385, -0.0226596, , , , , , , 13.6900385, -0.0129244, , , , , , , , , , , , , , , , , , , , , , , , , , , , 
13.6905577, -0.0223239, , , , , , , 13.6905577, -0.0720073, , , , , , , 13.6905577, -0.0223239, , , , , , , 13.6905577, -0.01561, , , , , , , , , , , , , , , , , , , , , , , , , , , , 
13.6910769, -0.018967, , , , , , , 13.6910769, -0.0382696, , , , , , , 13.6910769, -0.0166171, , , , , , , 13.6910769, -0.0199741, , , , , , , , , , , , , , , , , , , , , , , , , , , , 
13.6915962, -0.0176242, , , , , , , 13.6915962, -0.0206455, , , , , , , 13.6915962, -0.0102388, , , , , , , 13.6915962, -0.0229953, , , , , , , , , , , , , , , , , , , , , , , , , , , , 
13.6921154, -0.0152743, , , , , , , 13.6921154, -0.0169528, , , , , , , 13.6921154, -0.0062104, , , , , , , 13.6921154, -0.0253452, , , , , , , , , , , , , , , , , , , , , , , , , , , , 
13.6926346, -0.0102388, , , , , , , 13.6926346, -0.0344091, , , , , , , 13.6926346, -0.0109102, , , , , , , 13.6926346, -0.0290379, , , , , , , , , , , , , , , , , , , , , , , , , , , , 
13.6931538, 0.0018463, , , , , , , 13.6931538, -0.0720073, , , , , , , 13.6931538, -0.0226596, , , , , , , 13.6931538, -0.0293736, , , , , , , , , , , , , , , , , , , , , , , , , , , , 
13.6936731, 0.0176242, , , , , , , 13.6936731, -0.0918135, , , , , , , 13.6936731, -0.035584, , , , , , , 13.6936731, -0.0276951, , , , , , , , , , , , , , , , , , , , , , , , , , , , 
13.6941923, 0.026688, , , , , , , 13.6941923, -0.0854353, , , , , , , 13.6941923, -0.0404517, , , , , , , 13.6941923, -0.0240024, , , , , , , , , , , , , , , , , , , , , , , , , , , , 
13.6947115, 0.0325628, , , , , , , 13.6947115, -0.0830854, , , , , , , 13.6947115, -0.0337377, , , , , , , 13.6947115, -0.017792, , , , , , , , , , , , , , , , , , , , , , , , , , , , 
13.6952308, 0.047837, , , , , , , 13.6952308, -0.0897993, , , , , , , 13.6952308, -0.0219883, , , , , , , 13.6952308, -0.0159457, , , , , , , , , , , , , , , , , , , , , , , , , , , , 
13.69575, 0.0710002, , , , , , , 13.69575, -0.0827497, , , , , , , 13.69575, -0.0102388, , , , , , , 13.69575, -0.0169528, , , , , , , , , , , , , , , , , , , , , , , , , , , , 
13.6962692, 0.0884565, , , , , , , 13.6962692, -0.0552224, , , , , , , 13.6962692, -0.0001678, , , , , , , 13.6962692, -0.0171206, , , , , , , , , , , , , , , , , , , , , , , , , , , , 
13.6967885, 0.0978561, , , , , , , 13.6967885, -0.0260166, , , , , , , 13.6967885, 0.005539, , , , , , , 13.6967885, -0.0186313, , , , , , , , , , , , , , , , , , , , , , , , , , , , 
13.6973077, 0.0978561, , , , , , , 13.6973077, -0.0102388, , , , , , , 13.6973077, 0.0065461, , , , , , , 13.6973077, -0.018967, , , , , , , , , , , , , , , , , , , , , , , , , , , , 
13.6978269, 0.0944991, , , , , , , 13.6978269, -0.0068818, , , , , , , 13.6978269, 0.0048676, , , , , , , 13.6978269, -0.0125887, , , , , , , , , , , , , , , , , , , , , , , , , , , , 
13.6983462, 0.0897993, , , , , , , 13.6983462, -0.0028534, , , , , , , 13.6983462, 0.0068818, , , , , , , 13.6983462, -0.0015106, , , , , , , , , , , , , , , , , , , , , , , , , , , , 
13.6988654, 0.0837568, , , , , , , 13.6988654, 0.0028534, , , , , , , 13.6988654, 0.0159457, , , , , , , 13.6988654, 0.0109102, , , , , , , , , , , , , , , , , , , , , , , , , , , , 
13.6993846, 0.0757, , , , , , , 13.6993846, 0.0035248, , , , , , , 13.6993846, 0.0226596, , , , , , , 13.6993846, 0.0243381, , , , , , , , , , , , , , , , , , , , , , , , , , , , 
13.6999038, 0.0599222, , , , , , , 13.6999038, -0.0015106, , , , , , , 13.6999038, 0.030045, , , , , , , 13.6999038, 0.0370947, , , , , , , , , , , , , , , , , , , , , , , , , , , , 
13.7004231, 0.0374304, , , , , , , 13.7004231, -0.0031891, , , , , , , 13.7004231, 0.0547189, , , , , , , 13.7004231, 0.0553902, , , , , , , , , , , , , , , , , , , , , , , , , , , , 
13.7009423, 0.0152743, , , , , , , 13.7009423, 0.0036927, , , , , , , 13.7009423, 0.0867781, , , , , , , 13.7009423, 0.0755322, , , , , , , , , , , , , , , , , , , , , , , , , , , , 
13.7014615, -0.0018463, , , , , , , 13.7014615, 0.0132601, , , , , , , 13.7014615, 0.1059129, , , , , , , 13.7014615, 0.085771, , , , , , , , , , , , , , , , , , , , , , , , , , , , 
13.7019808, -0.0169528, , , , , , , 13.7019808, 0.0162814, , , , , , , 13.7019808, 0.1065843, , , , , , , 13.7019808, 0.0871138, , , , , , , , , , , , , , , , , , , , , , , , , , , , 
13.7025, -0.0327306, , , , , , , 13.7025, 0.0159457, , , , , , , 13.7025, 0.0965133, , , , , , , 13.7025, 0.0840925, , , , , , , , , , , , , , , , , , , , , , , , , , , , 
13.7030192, -0.0498512, , , , , , , 13.7030192, 0.0206455, , , , , , , 13.7030192, 0.0817426, , , , , , , 13.7030192, 0.0770428, , , , , , , , , , , , , , , , , , , , , , , , , , , , 
13.7035385, -0.0589151, , , , , , , 13.7035385, 0.033402, , , , , , , 13.7035385, 0.0639506, , , , , , , 13.7035385, 0.0673075, , , , , , , , , , , , , , , , , , , , , , , , , , , , 
13.7040577, -0.0629435, , , , , , , 13.7040577, 0.0535439, , , , , , , 13.7040577, 0.0431373, , , , , , , 13.7040577, 0.0548867, , , , , , , , , , , , , , , , , , , , , , , , , , , , 
13.7045769, -0.0679789, , , , , , , 13.7045769, 0.072343, , , , , , , 13.7045769, 0.0250095, , , , , , , 13.7045769, 0.0407874, , , , , , , , , , , , , , , , , , , , , , , , , , , , 
13.7050962, -0.0699931, , , , , , , 13.7050962, 0.0844282, , , , , , , 13.7050962, 0.011078, , , , , , , 13.7050962, 0.0276951, , , , , , , , , , , , , , , , , , , , , , , , , , , , 
13.7056154, -0.0602579, , , , , , , 13.7056154, 0.0807355, , , , , , , 13.7056154, -0.0001678, , , , , , , 13.7056154, 0.0132601, , , , , , , , , , , , , , , , , , , , , , , , , , , , 
13.7061346, -0.0448157, , , , , , , 13.7061346, 0.0607614, , , , , , , 13.7061346, -0.0097353, , , , , , , 13.7061346, -0.0015106, , , , , , , , , , , , , , , , , , , , , , , , , , , , 
13.7066538, -0.030045, , , , , , , 13.7066538, 0.0495155, , , , , , , 13.7066538, -0.0169528, , , , , , , 13.7066538, -0.0095674, , , , , , , , , , , , , , , , , , , , , , , , , , , , 
13.7071731, -0.0179599, , , , , , , 13.7071731, 0.0528725, , , , , , , 13.7071731, -0.0219883, , , , , , , 13.7071731, -0.012253, , , , , , , , , , , , , , , , , , , , , , , , , , , , 
13.7076923, -0.0095674, , , , , , , 13.7076923, 0.0407874, , , , , , , 13.7076923, -0.0263523, , , , , , , 13.7076923, -0.0130922, , , , , , , , , , , , , , , , , , , , , , , , , , , , 
13.7082115, 0.0011749, , , , , , , 13.7082115, 0.0038605, , , , , , , 13.7082115, -0.0332341, , , , , , , 13.7082115, -0.014435, , , , , , , , , , , , , , , , , , , , , , , , , , , , 
13.7087308, 0.0146029, , , , , , , 13.7087308, -0.0360876, , , , , , , 13.7087308, -0.0411231, , , , , , , 13.7087308, -0.0166171, , , , , , , , , , , , , , , , , , , , , , , , , , , , 
13.70925, 0.0223239, , , , , , , 13.70925, -0.0505226, , , , , , , 13.70925, -0.0428016, , , , , , , 13.70925, -0.0140993, , , , , , , , , , , , , , , , , , , , , , , , , , , , 
13.7097692, 0.0263523, , , , , , , 13.7097692, -0.0391089, , , , , , , 13.7097692, -0.0384375, , , , , , , 13.7097692, -0.0043641, , , , , , , , , , , , , , , , , , , , , , , , , , , , 
13.7102885, 0.030045, , , , , , , 13.7102885, -0.0330663, , , , , , , 13.7102885, -0.0310521, , , , , , , 13.7102885, 0.0052033, , , , , , , , , , , , , , , , , , , , , , , , , , , , 
13.7108077, 0.0303807, , , , , , , 13.7108077, -0.0464942, , , , , , , 13.7108077, -0.0283665, , , , , , , 13.7108077, 0.0092317, , , , , , , , , , , , , , , , , , , , , , , , , , , , 
13.7113269, 0.0323949, , , , , , , 13.7113269, -0.0572366, , , , , , , 13.7113269, -0.0287022, , , , , , , 13.7113269, 0.0077211, , , , , , , , , , , , , , , , , , , , , , , , , , , , 
13.7118462, 0.0340734, , , , , , , 13.7118462, -0.051194, , , , , , , 13.7118462, -0.0307164, , , , , , , 13.7118462, 0.0043641, , , , , , , , , , , , , , , , , , , , , , , , , , , , 
13.7123654, 0.0340734, , , , , , , 13.7123654, -0.0354162, , , , , , , 13.7123654, -0.0320592, , , , , , , 13.7123654, 0.0018463, , , , , , , , , , , , , , , , , , , , , , , , , , , , 
13.7128846, 0.0340734, , , , , , , 13.7128846, -0.0236667, , , , , , , 13.7128846, -0.0307164, , , , , , , 13.7128846, 0.0008392, , , , , , , , , , , , , , , , , , , , , , , , , , , , 
13.7134038, 0.0370947, , , , , , , 13.7134038, -0.0142672, , , , , , , 13.7134038, -0.0344091, , , , , , , 13.7134038, 0.0025177, , , , , , , , , , , , , , , , , , , , , , , , , , , , 
13.7139231, 0.0421302, , , , , , , 13.7139231, 0.002182, , , , , , , 13.7139231, -0.0394446, , , , , , , 13.7139231, 0.008896, , , , , , , , , , , , , , , , , , , , , , , , , , , , 
13.7144423, 0.0397803, , , , , , , 13.7144423, 0.0135958, , , , , , , 13.7144423, -0.0391089, , , , , , , 13.7144423, 0.0125887, , , , , , , , , , , , , , , , , , , , , , , , , , , , 
13.7149615, 0.0360876, , , , , , , 13.7149615, 0.0092317, , , , , , , 13.7149615, -0.0330663, , , , , , , 13.7149615, 0.0139315, , , , , , , , , , , , , , , , , , , , , , , , , , , , 
13.7154808, 0.0441444, , , , , , , 13.7154808, 0.0010071, , , , , , , 13.7154808, -0.0216526, , , , , , , 13.7154808, 0.0130922, , , , , , , , , , , , , , , , , , , , , , , , , , , , 
13.716, 0.0575723, , , , , , , 13.716, 0.0092317, , , , , , , 13.716, -0.0062104, , , , , , , 13.716, 0.0099031, , , , , , , , , , , , , , , , , , , , , , , , , , , , 
13.7165192, 0.0652934, , , , , , , 13.7165192, 0.0246738, , , , , , , 13.7165192, 0.0072175, , , , , , , 13.7165192, 0.0068818, , , , , , , , , , , , , , , , , , , , , , , , , , , , 
13.7170385, 0.0656291, , , , , , , 13.7170385, 0.0360876, , , , , , , 13.7170385, 0.0149386, , , , , , , 13.7170385, 0.0031891, , , , , , , , , , , , , , , , , , , , , , , , , , , , 
13.7175577, 0.0642863, , , , , , , 13.7175577, 0.0428016, , , , , , , 13.7175577, 0.0166171, , , , , , , 13.7175577, -0.0015106, , , , , , , , , , , , , , , , , , , , , , , , , , , , 
13.7180769, 0.0642863, , , , , , , 13.7180769, 0.0428016, , , , , , , 13.7180769, 0.0135958, , , , , , , 13.7180769, -0.0052033, , , , , , , , , , , , , , , , , , , , , , , , , , , , 
13.7185962, 0.0595865, , , , , , , 13.7185962, 0.0347448, , , , , , , 13.7185962, 0.0073854, , , , , , , 13.7185962, -0.0083925, , , , , , , , , , , , , , , , , , , , , , , , , , , , 
13.7191154, 0.0535439, , , , , , , 13.7191154, 0.023331, , , , , , , 13.7191154, 0.0001678, , , , , , , 13.7191154, -0.0068818, , , , , , , , , , , , , , , , , , , , , , , , , , , , 
13.7196346, 0.0421302, , , , , , , 13.7196346, 0.0171206, , , , , , , 13.7196346, -0.0063783, , , , , , , 13.7196346, 0.0001678, , , , , , , , , , , , , , , , , , , , , , , , , , , , 
13.7201538, 0.0236667, , , , , , , 13.7201538, 0.0052033, , , , , , , 13.7201538, -0.0142672, , , , , , , 13.7201538, 0.0090639, , , , , , , , , , , , , , , , , , , , , , , , , , , , 
13.7206731, 0.0092317, , , , , , , 13.7206731, -0.0263523, , , , , , , 13.7206731, -0.0203098, , , , , , , 13.7206731, 0.0166171, , , , , , , , , , , , , , , , , , , , , , , , , , , , 
13.7211923, 0.0025177, , , , , , , 13.7211923, -0.0641184, , , , , , , 13.7211923, -0.0194705, , , , , , , 13.7211923, 0.0216526, , , , , , , , , , , , , , , , , , , , , , , , , , , , 
13.7217115, -0.0018463, , , , , , , 13.7217115, -0.0914778, , , , , , , 13.7217115, -0.0082246, , , , , , , 13.7217115, 0.0292058, , , , , , , , , , , , , , , , , , , , , , , , , , , , 
13.7222308, -0.012253, , , , , , , 13.7222308, -0.1045701, , , , , , , 13.7222308, 0.0109102, , , , , , , 13.7222308, 0.0391089, , , , , , , , , , , , , , , , , , , , , , , , , , , , 
13.72275, -0.026688, , , , , , , 13.72275, -0.1089342, , , , , , , 13.72275, 0.0340734, , , , , , , 13.72275, 0.0475013, , , , , , , , , , , , , , , , , , , , , , , , , , , , 
13.7232692, -0.0364233, , , , , , , 13.7232692, -0.1008774, , , , , , , 13.7232692, 0.0548867, , , , , , , 13.7232692, 0.0495155, , , , , , , , , , , , , , , , , , , , , , , , , , , , 
13.7237885, -0.0350805, , , , , , , 13.7237885, -0.0780499, , , , , , , 13.7237885, 0.0716716, , , , , , , 13.7237885, 0.0459907, , , , , , , , , , , , , , , , , , , , , , , , , , , , 
13.7243077, -0.0394446, , , , , , , 13.7243077, -0.0438087, , , , , , , 13.7243077, 0.0815747, , , , , , , 13.7243077, 0.0414588, , , , , , , , , , , , , , , , , , , , , , , , , , , , 
13.7248269, -0.0468299, , , , , , , 13.7248269, -0.0078889, , , , , , , 13.7248269, 0.0881209, , , , , , , 13.7248269, 0.0386053, , , , , , , , , , , , , , , , , , , , , , , , , , , , 
13.7253462, -0.043473, , , , , , , 13.7253462, 0.008896, , , , , , , 13.7253462, 0.0891279, , , , , , , 13.7253462, 0.0354162, , , , , , , , , , , , , , , , , , , , , , , , , , , , 
13.7258654, -0.0318914, , , , , , , 13.7258654, 0.0052033, , , , , , , 13.7258654, 0.0797284, , , , , , , 13.7258654, 0.0276951, , , , , , , , , , , , , , , , , , , , , , , , , , , , 
13.7263846, -0.0169528, , , , , , , 13.7263846, -0.0035248, , , , , , , 13.7263846, 0.0656291, , , , , , , 13.7263846, 0.0199741, , , , , , , , , , , , , , , , , , , , , , , , , , , , 
13.7269038, -0.0010071, , , , , , , 13.7269038, -0.0135958, , , , , , , 13.7269038, 0.051194, , , , , , , 13.7269038, 0.0169528, , , , , , , , , , , , , , , , , , , , , , , , , , , , 
13.7274231, 0.0102388, , , , , , , 13.7274231, -0.0151064, , , , , , , 13.7274231, 0.0381018, , , , , , , 13.7274231, 0.0159457, , , , , , , , , , , , , , , , , , , , , , , , , , , , 
13.7279423, 0.0130922, , , , , , , 13.7279423, 0.0125887, , , , , , , 13.7279423, 0.0194705, , , , , , , 13.7279423, 0.012253, , , , , , , , , , , , , , , , , , , , , , , , , , , , 
13.7284615, 0.0125887, , , , , , , 13.7284615, 0.0656291, , , , , , , 13.7284615, -0.0095674, , , , , , , 13.7284615, 0.0102388, , , , , , , , , , , , , , , , , , , , , , , , , , , , 
13.7289808, 0.0159457, , , , , , , 13.7289808, 0.0978561, , , , , , , 13.7289808, -0.0508583, , , , , , , 13.7289808, 0.0085603, , , , , , , , , , , , , , , , , , , , , , , , , , , , 
13.7295, 0.0218204, , , , , , , 13.7295, 0.0918135, , , , , , , 13.7295, -0.0995346, , , , , , , 13.7295, 0.0063783, , , , , , , , , , , , , , , , , , , , , , , , , , , , 
13.7300192, 0.026688, , , , , , , 13.7300192, 0.0679789, , , , , , , 13.7300192, -0.139147, , , , , , , 13.7300192, 0.0038605, , , , , , , , , , , , , , , , , , , , , , , , , , , , 
13.7305385, 0.0261845, , , , , , , 13.7305385, 0.0464942, , , , , , , 13.7305385, -0.1623102, , , , , , , 13.7305385, 0.002182, , , , , , , , , , , , , , , , , , , , , , , , , , , , 
13.7310577, 0.0263523, , , , , , , 13.7310577, 0.0297093, , , , , , , 13.7310577, -0.1733883, , , , , , , 13.7310577, -0.0018463, , , , , , , , , , , , , , , , , , , , , , , , , , , , 
13.7315769, 0.0260166, , , , , , , 13.7315769, 0.0132601, , , , , , , 13.7315769, -0.1740597, , , , , , , 13.7315769, -0.0062104, , , , , , , , , , , , , , , , , , , , , , , , , , , , 
13.7320962, 0.0213169, , , , , , , 13.7320962, -0.0065461, , , , , , , 13.7320962, -0.1641566, , , , , , , 13.7320962, -0.0072175, , , , , , , , , , , , , , , , , , , , , , , , , , , , 
13.7326154, 0.0199741, , , , , , , 13.7326154, -0.0216526, , , , , , , 13.7326154, -0.1465324, , , , , , , 13.7326154, -0.0035248, , , , , , , , , , , , , , , , , , , , , , , , , , , , 
13.7331346, 0.0213169, , , , , , , 13.7331346, -0.0162814, , , , , , , 13.7331346, -0.1250477, , , , , , , 13.7331346, 0.0011749, , , , , , , , , , , , , , , , , , , , , , , , , , , , 
13.7336538, 0.0179599, , , , , , , 13.7336538, 0.0018463, , , , , , , 13.7336538, -0.1008774, , , , , , , 13.7336538, 0.0045319, , , , , , , , , , , , , , , , , , , , , , , , , , , , 
13.7341731, 0.0099031, , , , , , , 13.7341731, 0.0025177, , , , , , , 13.7341731, -0.0770428, , , , , , , 13.7341731, 0.0046998, , , , , , , , , , , , , , , , , , , , , , , , , , , , 
13.7346923, 0.0025177, , , , , , , 13.7346923, -0.0226596, , , , , , , 13.7346923, -0.056733, , , , , , , 13.7346923, 0.0030213, , , , , , , , , , , , , , , , , , , , , , , , , , , , 
13.7352115, 0.005539, , , , , , , 13.7352115, -0.0513619, , , , , , , 13.7352115, -0.0344091, , , , , , , 13.7352115, 0.0001678, , , , , , , , , , , , , , , , , , , , , , , , , , , , 
13.7357308, 0.0246738, , , , , , , 13.7357308, -0.0693217, , , , , , , 13.7357308, -0.0137636, , , , , , , 13.7357308, -0.0041962, , , , , , , , , , , , , , , , , , , , , , , , , , , , 
13.73625, 0.047837, , , , , , , 13.73625, -0.0817426, , , , , , , 13.73625, -0.0082246, , , , , , , 13.73625, -0.0099031, , , , , , , , , , , , , , , , , , , , , , , , , , , , 
13.7367692, 0.0582437, , , , , , , 13.7367692, -0.0950027, , , , , , , 13.7367692, -0.0196384, , , , , , , 13.7367692, -0.0151064, , , , , , , , , , , , , , , , , , , , , , , , , , , , 
13.7372885, 0.054551, , , , , , , 13.7372885, -0.1038987, , , , , , , 13.7372885, -0.0365911, , , , , , , 13.7372885, -0.0157778, , , , , , , , , , , , , , , , , , , , , , , , , , , , 
13.7378077, 0.0454871, , , , , , , 13.7378077, -0.1049058, , , , , , , 13.7378077, -0.0540475, , , , , , , 13.7378077, -0.0119173, , , , , , , , , , , , , , , , , , , , , , , , , , , , 
13.7383269, 0.0394446, , , , , , , 13.7383269, -0.1015488, , , , , , , 13.7383269, -0.0683146, , , , , , , 13.7383269, -0.005539, , , , , , , , , , , , , , , , , , , , , , , , , , , , 
13.7388462, 0.0359197, , , , , , , 13.7388462, -0.0837568, , , , , , , 13.7388462, -0.0699931, , , , , , , 13.7388462, 0.0035248, , , , , , , , , , , , , , , , , , , , , , , , , , , , 
13.7393654, 0.0283665, , , , , , , 13.7393654, -0.0485084, , , , , , , 13.7393654, -0.0569009, , , , , , , 13.7393654, 0.0135958, , , , , , , , , , , , , , , , , , , , , , , , , , , , 
13.7398846, 0.0199741, , , , , , , 13.7398846, -0.0109102, , , , , , , 13.7398846, -0.0411231, , , , , , , 13.7398846, 0.0213169, , , , , , , , , , , , , , , , , , , , , , , , , , , , 
13.7404038, 0.0151064, , , , , , , 13.7404038, 0.0105745, , , , , , , 13.7404038, -0.0330663, , , , , , , 13.7404038, 0.0240024, , , , , , , , , , , , , , , , , , , , , , , , , , , , 
13.7409231, 0.012253, , , , , , , 13.7409231, 0.01561, , , , , , , 13.7409231, -0.0347448, , , , , , , 13.7409231, 0.0256809, , , , , , , , , , , , , , , , , , , , , , , , , , , , 
13.7414423, 0.0058747, , , , , , , 13.7414423, 0.0077211, , , , , , , 13.7414423, -0.0404517, , , , , , , 13.7414423, 0.0320592, , , , , , , , , , , , , , , , , , , , , , , , , , , , 
13.7419615, -0.0057069, , , , , , , 13.7419615, -0.0058747, , , , , , , 13.7419615, -0.0370947, , , , , , , 13.7419615, 0.036759, , , , , , , , , , , , , , , , , , , , , , , , , , , , 
13.7424808, -0.0135958, , , , , , , 13.7424808, -0.0087282, , , , , , , 13.7424808, -0.0216526, , , , , , , 13.7424808, 0.0357519, , , , , , , , , , , , , , , , , , , , , , , , , , , , 
13.743, -0.0204776, , , , , , , 13.743, 0.0015106, , , , , , , 13.743, -0.0028534, , , , , , , 13.743, 0.0313878, , , , , , , , , , , , , , , , , , , , , , , , , , , , 
13.7435192, -0.0276951, , , , , , , 13.7435192, 0.0129244, , , , , , , 13.7435192, 0.0139315, , , , , , , 13.7435192, 0.0250095, , , , , , , , , , , , , , , , , , , , , , , , , , , , 
13.7440385, -0.0330663, , , , , , , 13.7440385, 0.0172885, , , , , , , 13.7440385, 0.026688, , , , , , , 13.7440385, 0.0196384, , , , , , , , , , , , , , , , , , , , , , , , , , , , 
13.7445577, -0.0372625, , , , , , , 13.7445577, 0.0142672, , , , , , , 13.7445577, 0.0352483, , , , , , , 13.7445577, 0.018967, , , , , , , , , , , , , , , , , , , , , , , , , , , , 
13.7450769, -0.0337377, , , , , , , 13.7450769, 0.0112459, , , , , , , 13.7450769, 0.0433051, , , , , , , 13.7450769, 0.0166171, , , , , , , , , , , , , , , , , , , , , , , , , , , , 
13.7455962, -0.0209812, , , , , , , 13.7455962, 0.008896, , , , , , , 13.7455962, 0.0558938, , , , , , , 13.7455962, 0.0119173, , , , , , , , , , , , , , , , , , , , , , , , , , , , 
13.7461154, -0.0105745, , , , , , , 13.7461154, 0.0099031, , , , , , , 13.7461154, 0.0663005, , , , , , , 13.7461154, 0.0058747, , , , , , , , , , , , , , , , , , , , , , , , , , , , 
13.7466346, -0.0003357, , , , , , , 13.7466346, 0.0193027, , , , , , , 13.7466346, 0.0710002, , , , , , , 13.7466346, 0.0018463, , , , , , , , , , , , , , , , , , , , , , , , , , , , 
13.7471538, 0.012253, , , , , , , 13.7471538, 0.0360876, , , , , , , 13.7471538, 0.0757, , , , , , , 13.7471538, -0.0031891, , , , , , , , , , , , , , , , , , , , , , , , , , , , 
13.7476731, 0.0209812, , , , , , , 13.7476731, 0.0486763, , , , , , , 13.7476731, 0.0847639, , , , , , , 13.7476731, -0.0062104, , , , , , , , , , , , , , , , , , , , , , , , , , , , 
13.7481923, 0.0276951, , , , , , , 13.7481923, 0.0495155, , , , , , , 13.7481923, 0.0928206, , , , , , , 13.7481923, -0.0058747, , , , , , , , , , , , , , , , , , , , , , , , , , , , 
13.7487115, 0.0323949, , , , , , , 13.7487115, 0.0411231, , , , , , , 13.7487115, 0.0981918, , , , , , , 13.7487115, -0.0045319, , , , , , , , , , , , , , , , , , , , , , , , , , , , 
13.7492308, 0.0347448, , , , , , , 13.7492308, 0.030045, , , , , , , 13.7492308, 0.0978561, , , , , , , 13.7492308, -0.0048676, , , , , , , , , , , , , , , , , , , , , , , , , , , , 
13.74975, 0.0350805, , , , , , , 13.74975, 0.0219883, , , , , , , 13.74975, 0.0938277, , , , , , , 13.74975, -0.0048676, , , , , , , , , , , , , , , , , , , , , , , , , , , , 
13.7502692, 0.0357519, , , , , , , 13.7502692, 0.0139315, , , , , , , 13.7502692, 0.0938277, , , , , , , 13.7502692, 0.0015106, , , , , , , , , , , , , , , , , , , , , , , , , , , , 
13.7507885, 0.0370947, , , , , , , 13.7507885, 0.0149386, , , , , , , 13.7507885, 0.0961776, , , , , , , 13.7507885, 0.0109102, , , , , , , , , , , , , , , , , , , , , , , , , , , , 
13.7513077, 0.0381018, , , , , , , 13.7513077, 0.0253452, , , , , , , 13.7513077, 0.0914778, , , , , , , 13.7513077, 0.0223239, , , , , , , , , , , , , , , , , , , , , , , , , , , , 
13.7518269, 0.0391089, , , , , , , 13.7518269, 0.0310521, , , , , , , 13.7518269, 0.079057, , , , , , , 13.7518269, 0.0297093, , , , , , , , , , , , , , , , , , , , , , , , , , , , 
13.7523462, 0.040116, , , , , , , 13.7523462, 0.0354162, , , , , , , 13.7523462, 0.0602579, , , , , , , 13.7523462, 0.0276951, , , , , , , , , , , , , , , , , , , , , , , , , , , , 
13.7528654, 0.0397803, , , , , , , 13.7528654, 0.0342412, , , , , , , 13.7528654, 0.0381018, , , , , , , 13.7528654, 0.024506, , , , , , , , , , , , , , , , , , , , , , , , , , , , 
13.7533846, 0.0387732, , , , , , , 13.7533846, 0.0250095, , , , , , , 13.7533846, 0.0176242, , , , , , , 13.7533846, 0.0270237, , , , , , , , , , , , , , , , , , , , , , , , , , , , 
13.7539038, 0.036759, , , , , , , 13.7539038, 0.0112459, , , , , , , 13.7539038, 0.0018463, , , , , , , 13.7539038, 0.0337377, , , , , , , , , , , , , , , , , , , , , , , , , , , , 
13.7544231, 0.0320592, , , , , , , 13.7544231, -0.0149386, , , , , , , 13.7544231, -0.0142672, , , , , , , 13.7544231, 0.0404517, , , , , , , , , , , , , , , , , , , , , , , , , , , , 
13.7549423, 0.026688, , , , , , , 13.7549423, -0.0414588, , , , , , , 13.7549423, -0.0377661, , , , , , , 13.7549423, 0.0441444, , , , , , , , , , , , , , , , , , , , , , , , , , , , 
13.7554615, 0.0276951, , , , , , , 13.7554615, -0.0505226, , , , , , , 13.7554615, -0.0661326, , , , , , , 13.7554615, 0.0441444, , , , , , , , , , , , , , , , , , , , , , , , , , , , 
13.7559808, 0.0357519, , , , , , , 13.7559808, -0.0491798, , , , , , , 13.7559808, -0.094667, , , , , , , 13.7559808, 0.0428016, , , , , , , , , , , , , , , , , , , , , , , , , , , , 
13.7565, 0.0414588, , , , , , , 13.7565, -0.0495155, , , , , , , 13.7565, -0.1193408, , , , , , , 13.7565, 0.040116, , , , , , , , , , , , , , , , , , , , , , , , , , , , 
13.7570192, 0.0459907, , , , , , , 13.7570192, -0.0464942, , , , , , , 13.7570192, -0.1373007, , , , , , , 13.7570192, 0.0320592, , , , , , , , , , , , , , , , , , , , , , , , , , , , 
13.7575385, 0.0498512, , , , , , , 13.7575385, -0.0360876, , , , , , , 13.7575385, -0.1428397, , , , , , , 13.7575385, 0.0193027, , , , , , , , , , , , , , , , , , , , , , , , , , , , 
13.7580577, 0.0498512, , , , , , , 13.7580577, -0.0216526, , , , , , , 13.7580577, -0.1327687, , , , , , , 13.7580577, 0.0078889, , , , , , , , , , , , , , , , , , , , , , , , , , , , 
13.7585769, 0.043473, , , , , , , 13.7585769, -0.0109102, , , , , , , 13.7585769, -0.1119554, , , , , , , 13.7585769, 0.0015106, , , , , , , , , , , , , , , , , , , , , , , , , , , , 
13.7590962, 0.0323949, , , , , , , 13.7590962, -0.0135958, , , , , , , 13.7590962, -0.0866102, , , , , , , 13.7590962, -0.0001678, , , , , , , , , , , , , , , , , , , , , , , , , , , , 
13.7596154, 0.0179599, , , , , , , 13.7596154, -0.0256809, , , , , , , 13.7596154, -0.0616007, , , , , , , 13.7596154, -0.0030213, , , , , , , , , , , , , , , , , , , , , , , , , , , , 
13.7601346, 0.0045319, , , , , , , 13.7601346, -0.0360876, , , , , , , 13.7601346, -0.0396124, , , , , , , 13.7601346, -0.0078889, , , , , , , , , , , , , , , , , , , , , , , , , , , , 
13.7606538, -0.0036927, , , , , , , 13.7606538, -0.0344091, , , , , , , 13.7606538, -0.023331, , , , , , , 13.7606538, -0.012253, , , , , , , , , , , , , , , , , , , , , , , , , , , , 
13.7611731, -0.0082246, , , , , , , 13.7611731, -0.0240024, , , , , , , 13.7611731, -0.0085603, , , , , , , 13.7611731, -0.0164492, , , , , , , , , , , , , , , , , , , , , , , , , , , , 
13.7616923, -0.0172885, , , , , , , 13.7616923, -0.01561, , , , , , , 13.7616923, 0.0018463, , , , , , , 13.7616923, -0.0179599, , , , , , , , , , , , , , , , , , , , , , , , , , , , 
13.7622115, -0.0313878, , , , , , , 13.7622115, -0.0115816, , , , , , , 13.7622115, 0.0072175, , , , , , , 13.7622115, -0.0146029, , , , , , , , , , , , , , , , , , , , , , , , , , , , 
13.7627308, -0.0424659, , , , , , , 13.7627308, -0.0038605, , , , , , , 13.7627308, 0.0119173, , , , , , , 13.7627308, -0.0078889, , , , , , , , , , , , , , , , , , , , , , , , , , , , 
13.76325, -0.047837, , , , , , , 13.76325, 0.0085603, , , , , , , 13.76325, 0.018967, , , , , , , 13.76325, -0.0001678, , , , , , , , , , , , , , , , , , , , , , , , , , , , 
13.7637692, -0.0501869, , , , , , , 13.7637692, 0.0240024, , , , , , , 13.7637692, 0.0287022, , , , , , , 13.7637692, 0.0078889, , , , , , , , , , , , , , , , , , , , , , , , , , , , 
13.7642885, -0.0522011, , , , , , , 13.7642885, 0.051194, , , , , , , 13.7642885, 0.0414588, , , , , , , 13.7642885, 0.0125887, , , , , , , , , , , , , , , , , , , , , , , , , , , , 
13.7648077, -0.0528725, , , , , , , 13.7648077, 0.1028916, , , , , , , 13.7648077, 0.0562295, , , , , , , 13.7648077, 0.01561, , , , , , , , , , , , , , , , , , , , , , , , , , , , 
13.7653269, -0.0451514, , , , , , , 13.7653269, 0.1461967, , , , , , , 13.7653269, 0.0720073, , , , , , , 13.7653269, 0.0199741, , , , , , , , , , , , , , , , , , , , , , , , , , , , 
13.7658462, -0.0302129, , , , , , , 13.7658462, 0.1542535, , , , , , , 13.7658462, 0.0904707, , , , , , , 13.7658462, 0.0236667, , , , , , , , , , , , , , , , , , , , , , , , , , , , 
13.7663654, -0.0179599, , , , , , , 13.7663654, 0.1297475, , , , , , , 13.7663654, 0.1065843, , , , , , , 13.7663654, 0.0302129, , , , , , , , , , , , , , , , , , , , , , , , , , , , 
13.7668846, -0.0095674, , , , , , , 13.7668846, 0.0928206, , , , , , , 13.7668846, 0.1136339, , , , , , , 13.7668846, 0.0397803, , , , , , , , , , , , , , , , , , , , , , , , , , , , 
13.7674038, -0.0025177, , , , , , , 13.7674038, 0.0582437, , , , , , , 13.7674038, 0.1122911, , , , , , , 13.7674038, 0.0488441, , , , , , , , , , , , , , , , , , , , , , , , , , , , 
13.7679231, 0.0063783, , , , , , , 13.7679231, 0.0297093, , , , , , , 13.7679231, 0.0991989, , , , , , , 13.7679231, 0.0562295, , , , , , , , , , , , , , , , , , , , , , , , , , , , 
13.7684423, 0.0169528, , , , , , , 13.7684423, 0.0011749, , , , , , , 13.7684423, 0.0783856, , , , , , , 13.7684423, 0.0595865, , , , , , , , , , , , , , , , , , , , , , , , , , , , 
13.7689615, 0.0258488, , , , , , , 13.7689615, -0.0276951, , , , , , , 13.7689615, 0.0562295, , , , , , , 13.7689615, 0.0552224, , , , , , , , , , , , , , , , , , , , , , , , , , , , 
13.7694808, 0.0340734, , , , , , , 13.7694808, -0.0485084, , , , , , , 13.7694808, 0.0337377, , , , , , , 13.7694808, 0.0454871, , , , , , , , , , , , , , , , , , , , , , , , , , , , 
13.77, 0.0379339, , , , , , , 13.77, -0.0555581, , , , , , , 13.77, 0.0068818, , , , , , , 13.77, 0.0370947, , , , , , , , , , , , , , , , , , , , , , , , , , , , 
13.7705192, 0.0339055, , , , , , , 13.7705192, -0.0740215, , , , , , , 13.7705192, -0.018967, , , , , , , 13.7705192, 0.0330663, , , , , , , , , , , , , , , , , , , , , , , , , , , , 
13.7710385, 0.0270237, , , , , , , 13.7710385, -0.1203479, , , , , , , 13.7710385, -0.0397803, , , , , , , 13.7710385, 0.0298772, , , , , , , , , , , , , , , , , , , , , , , , , , , , 
13.7715577, 0.0226596, , , , , , , 13.7715577, -0.1626459, , , , , , , 13.7715577, -0.0604257, , , , , , , 13.7715577, 0.023331, , , , , , , , , , , , , , , , , , , , , , , , , , , , 
13.7720769, 0.026688, , , , , , , 13.7720769, -0.1817807, , , , , , , 13.7720769, -0.0746929, , , , , , , 13.7720769, 0.01561, , , , , , , , , , , , , , , , , , , , , , , , , , , , 
13.7725962, 0.0307164, , , , , , , 13.7725962, -0.1908446, , , , , , , 13.7725962, -0.0830854, , , , , , , 13.7725962, 0.0078889, , , , , , , , , , , , , , , , , , , , , , , , , , , , 
13.7731154, 0.0303807, , , , , , , 13.7731154, -0.1889982, , , , , , , 13.7731154, -0.0889601, , , , , , , 13.7731154, 0.0025177, , , , , , , , , , , , , , , , , , , , , , , , , , , , 
13.7736346, 0.0297093, , , , , , , 13.7736346, -0.181445, , , , , , , 13.7736346, -0.0911421, , , , , , , 13.7736346, -0.0008392, , , , , , , , , , , , , , , , , , , , , , , , , , , , 
13.7741538, 0.0287022, , , , , , , 13.7741538, -0.1790951, , , , , , , 13.7741538, -0.0834211, , , , , , , 13.7741538, -0.0043641, , , , , , , , , , , , , , , , , , , , , , , , , , , , 
13.7746731, 0.0238346, , , , , , , 13.7746731, -0.1707027, , , , , , , 13.7746731, -0.0696574, , , , , , , 13.7746731, -0.008896, , , , , , , , , , , , , , , , , , , , , , , , , , , , 
13.7751923, 0.0223239, , , , , , , 13.7751923, -0.1344472, , , , , , , 13.7751923, -0.0530404, , , , , , , 13.7751923, -0.012253, , , , , , , , , , , , , , , , , , , , , , , , , , , , 
13.7757115, 0.0317235, , , , , , , 13.7757115, -0.0770428, , , , , , , 13.7757115, -0.0307164, , , , , , , 13.7757115, -0.0125887, , , , , , , , , , , , , , , , , , , , , , , , , , , , 
13.7762308, 0.0448157, , , , , , , 13.7762308, -0.0317235, , , , , , , 13.7762308, -0.0015106, , , , , , , 13.7762308, -0.0124208, , , , , , , , , , , , , , , , , , , , , , , , , , , , 
13.77675, 0.0491798, , , , , , , 13.77675, -0.0149386, , , , , , , 13.77675, 0.0213169, , , , , , , 13.77675, -0.0119173, , , , , , , , , , , , , , , , , , , , , , , , , , , , 
13.7772692, 0.0481727, , , , , , , 13.7772692, -0.0095674, , , , , , , 13.7772692, 0.0263523, , , , , , , 13.7772692, -0.0115816, , , , , , , , , , , , , , , , , , , , , , , , , , , , 
13.7777885, 0.0525368, , , , , , , 13.7777885, 0.0025177, , , , , , , 13.7777885, 0.0166171, , , , , , , 13.7777885, -0.0132601, , , , , , , , , , , , , , , , , , , , , , , , , , , , 
13.7783077, 0.0562295, , , , , , , 13.7783077, 0.0179599, , , , , , , 13.7783077, 0.0011749, , , , , , , 13.7783077, -0.0152743, , , , , , , , , , , , , , , , , , , , , , , , , , , , 
13.7788269, 0.0542153, , , , , , , 13.7788269, 0.0298772, , , , , , , 13.7788269, -0.0115816, , , , , , , 13.7788269, -0.0164492, , , , , , , , , , , , , , , , , , , , , , , , , , , , 
13.7793462, 0.0458228, , , , , , , 13.7793462, 0.0377661, , , , , , , 13.7793462, -0.018967, , , , , , , 13.7793462, -0.0157778, , , , , , , , , , , , , , , , , , , , , , , , , , , , 
13.7798654, 0.0360876, , , , , , , 13.7798654, 0.0414588, , , , , , , 13.7798654, -0.0253452, , , , , , , 13.7798654, -0.0149386, , , , , , , , , , , , , , , , , , , , , , , , , , , , 
13.7803846, 0.0303807, , , , , , , 13.7803846, 0.0493477, , , , , , , 13.7803846, -0.0310521, , , , , , , 13.7803846, -0.0132601, , , , , , , , , , , , , , , , , , , , , , , , , , , , 
13.7809038, 0.0251774, , , , , , , 13.7809038, 0.0710002, , , , , , , 13.7809038, -0.0287022, , , , , , , 13.7809038, -0.0095674, , , , , , , , , , , , , , , , , , , , , , , , , , , , 
13.7814231, 0.0169528, , , , , , , 13.7814231, 0.0961776, , , , , , , 13.7814231, -0.0199741, , , , , , , 13.7814231, -0.003357, , , , , , , , , , , , , , , , , , , , , , , , , , , , 
13.7819423, 0.005539, , , , , , , 13.7819423, 0.102388, , , , , , , 13.7819423, -0.0142672, , , , , , , 13.7819423, 0.0018463, , , , , , , , , , , , , , , , , , , , , , , , , , , , 
13.7824615, -0.0025177, , , , , , , 13.7824615, 0.0965133, , , , , , , 13.7824615, -0.0176242, , , , , , , 13.7824615, 0.0078889, , , , , , , , , , , , , , , , , , , , , , , , , , , , 
13.7829808, -0.0095674, , , , , , , 13.7829808, 0.0938277, , , , , , , 13.7829808, -0.0236667, , , , , , , 13.7829808, 0.0159457, , , , , , , , , , , , , , , , , , , , , , , , , , , , 
13.7835, -0.0209812, , , , , , , 13.7835, 0.085771, , , , , , , 13.7835, -0.0310521, , , , , , , 13.7835, 0.0273594, , , , , , , , , , , , , , , , , , , , , , , , , , , , 
13.7840192, -0.0317235, , , , , , , 13.7840192, 0.0669718, , , , , , , 13.7840192, -0.0419623, , , , , , , 13.7840192, 0.0337377, , , , , , , , , , , , , , , , , , , , , , , , , , , , 
13.7845385, -0.0384375, , , , , , , 13.7845385, 0.0464942, , , , , , , 13.7845385, -0.0516976, , , , , , , 13.7845385, 0.0320592, , , , , , , , , , , , , , , , , , , , , , , , , , , , 
13.7850577, -0.0424659, , , , , , , 13.7850577, 0.0243381, , , , , , , 13.7850577, -0.0538796, , , , , , , 13.7850577, 0.0283665, , , , , , , , , , , , , , , , , , , , , , , , , , , , 
13.7855769, -0.0374304, , , , , , , 13.7855769, 0.0132601, , , , , , , 13.7855769, -0.0515297, , , , , , , 13.7855769, 0.0273594, , , , , , , , , , , , , , , , , , , , , , , , , , , , 
13.7860962, -0.024506, , , , , , , 13.7860962, 0.0226596, , , , , , , 13.7860962, -0.0501869, , , , , , , 13.7860962, 0.0310521, , , , , , , , , , , , , , , , , , , , , , , , , , , , 
13.7866154, -0.0162814, , , , , , , 13.7866154, 0.0276951, , , , , , , 13.7866154, -0.0481727, , , , , , , 13.7866154, 0.0377661, , , , , , , , , , , , , , , , , , , , , , , , , , , , 
13.7871346, -0.0193027, , , , , , , 13.7871346, 0.0052033, , , , , , , 13.7871346, -0.0458228, , , , , , , 13.7871346, 0.0438087, , , , , , , , , , , , , , , , , , , , , , , , , , , , 
13.7876538, -0.0246738, , , , , , , 13.7876538, -0.0287022, , , , , , , 13.7876538, -0.0491798, , , , , , , 13.7876538, 0.0433051, , , , , , , , , , , , , , , , , , , , , , , , , , , , 
13.7881731, -0.0229953, , , , , , , 13.7881731, -0.0449836, , , , , , , 13.7881731, -0.0468299, , , , , , , 13.7881731, 0.0374304, , , , , , , , , , , , , , , , , , , , , , , , , , , , 
13.7886923, -0.0151064, , , , , , , 13.7886923, -0.0404517, , , , , , , 13.7886923, -0.027863, , , , , , , 13.7886923, 0.030045, , , , , , , , , , , , , , , , , , , , , , , , , , , , 
13.7892115, -0.0070497, , , , , , , 13.7892115, -0.0307164, , , , , , , 13.7892115, 0.0036927, , , , , , , 13.7892115, 0.021149, , , , , , , , , , , , , , , , , , , , , , , , , , , , 
13.7897308, -0.0041962, , , , , , , 13.7897308, -0.0256809, , , , , , , 13.7897308, 0.0323949, , , , , , , 13.7897308, 0.0129244, , , , , , , , , , , , , , , , , , , , , , , , , , , , 
13.79025, -0.0001678, , , , , , , 13.79025, -0.0283665, , , , , , , 13.79025, 0.0471656, , , , , , , 13.79025, 0.0063783, , , , , , , , , , , , , , , , , , , , , , , , , , , , 
13.7907692, 0.0112459, , , , , , , 13.7907692, -0.0344091, , , , , , , 13.7907692, 0.0532082, , , , , , , 13.7907692, -0.0005035, , , , , , , , , , , , , , , , , , , , , , , , , , , , 
13.7912885, 0.0199741, , , , , , , 13.7912885, -0.0377661, , , , , , , 13.7912885, 0.0515297, , , , , , , 13.7912885, -0.0068818, , , , , , , , , , , , , , , , , , , , , , , , , , , , 
13.7918077, 0.0226596, , , , , , , 13.7918077, -0.0411231, , , , , , , 13.7918077, 0.036759, , , , , , , 13.7918077, -0.0105745, , , , , , , , , , , , , , , , , , , , , , , , , , , , 
13.7923269, 0.0280308, , , , , , , 13.7923269, -0.0441444, , , , , , , 13.7923269, 0.0139315, , , , , , , 13.7923269, -0.012253, , , , , , , , , , , , , , , , , , , , , , , , , , , , 
13.7928462, 0.0340734, , , , , , , 13.7928462, -0.0428016, , , , , , , 13.7928462, -0.0070497, , , , , , , 13.7928462, -0.0115816, , , , , , , , , , , , , , , , , , , , , , , , , , , , 
13.7933654, 0.0317235, , , , , , , 13.7933654, -0.0386053, , , , , , , 13.7933654, -0.0243381, , , , , , , 13.7933654, -0.008896, , , , , , , , , , , , , , , , , , , , , , , , , , , , 
13.7938846, 0.0303807, , , , , , , 13.7938846, -0.0327306, , , , , , , 13.7938846, -0.040116, , , , , , , 13.7938846, -0.0072175, , , , , , , , , , , , , , , , , , , , , , , , , , , , 
13.7944038, 0.0394446, , , , , , , 13.7944038, -0.0229953, , , , , , , 13.7944038, -0.0485084, , , , , , , 13.7944038, -0.0072175, , , , , , , , , , , , , , , , , , , , , , , , , , , , 
13.7949231, 0.0522011, , , , , , , 13.7949231, -0.0132601, , , , , , , 13.7949231, -0.0480049, , , , , , , 13.7949231, -0.0065461, , , , , , , , , , , , , , , , , , , , , , , , , , , , 
13.7954423, 0.0642863, , , , , , , 13.7954423, -0.012253, , , , , , , 13.7954423, -0.047837, , , , , , , 13.7954423, -0.0052033, , , , , , , , , , , , , , , , , , , , , , , , , , , , 
13.7959615, 0.0770428, , , , , , , 13.7959615, -0.0176242, , , , , , , 13.7959615, -0.0565652, , , , , , , 13.7959615, -0.0018463, , , , , , , , , , , , , , , , , , , , , , , , , , , , 
13.7964808, 0.0827497, , , , , , , 13.7964808, -0.0243381, , , , , , , 13.7964808, -0.0632792, , , , , , , 13.7964808, 0.0075532, , , , , , , , , , , , , , , , , , , , , , , , , , , , 
13.797, 0.0797284, , , , , , , 13.797, -0.0283665, , , , , , , 13.797, -0.0525368, , , , , , , 13.797, 0.0203098, , , , , , , , , , , , , , , , , , , , , , , , , , , , 
13.7975192, 0.0758679, , , , , , , 13.7975192, -0.0258488, , , , , , , 13.7975192, -0.0370947, , , , , , , 13.7975192, 0.0337377, , , , , , , , , , , , , , , , , , , , , , , , , , , , 
13.7980385, 0.0743572, , , , , , , 13.7980385, -0.0179599, , , , , , , 13.7980385, -0.0283665, , , , , , , 13.7980385, 0.0397803, , , , , , , , , , , , , , , , , , , , , , , , , , , , 
13.7985577, 0.0696574, , , , , , , 13.7985577, -0.0075532, , , , , , , 13.7985577, -0.0240024, , , , , , , 13.7985577, 0.0407874, , , , , , , , , , , , , , , , , , , , , , , , , , , , 
13.7990769, 0.0575723, , , , , , , 13.7990769, 0.0077211, , , , , , , 13.7990769, -0.0125887, , , , , , , 13.7990769, 0.0414588, , , , , , , , , , , , , , , , , , , , , , , , , , , , 
13.7995962, 0.0412909, , , , , , , 13.7995962, 0.0273594, , , , , , , 13.7995962, 0.005539, , , , , , , 13.7995962, 0.0384375, , , , , , , , , , , , , , , , , , , , , , , , , , , , 
13.8001154, 0.0240024, , , , , , , 13.8001154, 0.0428016, , , , , , , 13.8001154, 0.0206455, , , , , , , 13.8001154, 0.0317235, , , , , , , , , , , , , , , , , , , , , , , , , , , , 
13.8006346, 0.0112459, , , , , , , 13.8006346, 0.0481727, , , , , , , 13.8006346, 0.0293736, , , , , , , 13.8006346, 0.0268559, , , , , , , , , , , , , , , , , , , , , , , , , , , , 
13.8011538, -0.0008392, , , , , , , 13.8011538, 0.0391089, , , , , , , 13.8011538, 0.0407874, , , , , , , 13.8011538, 0.0213169, , , , , , , , , , , , , , , , , , , , , , , , , , , , 
13.8016731, -0.0146029, , , , , , , 13.8016731, 0.018967, , , , , , , 13.8016731, 0.054551, , , , , , , 13.8016731, 0.0186313, , , , , , , , , , , , , , , , , , , , , , , , , , , , 
13.8021923, -0.0248417, , , , , , , 13.8021923, 0.0142672, , , , , , , 13.8021923, 0.0666361, , , , , , , 13.8021923, 0.0159457, , , , , , , , , , , , , , , , , , , , , , , , , , , , 
13.8027115, -0.0310521, , , , , , , 13.8027115, 0.0431373, , , , , , , 13.8027115, 0.0760357, , , , , , , 13.8027115, 0.0142672, , , , , , , , , , , , , , , , , , , , , , , , , , , , 
13.8032308, -0.0384375, , , , , , , 13.8032308, 0.0850996, , , , , , , 13.8032308, 0.0844282, , , , , , , 13.8032308, 0.017792, , , , , , , , , , , , , , , , , , , , , , , , , , , , 
13.80375, -0.0491798, , , , , , , 13.80375, 0.1156481, , , , , , , 13.80375, 0.0978561, , , , , , , 13.80375, 0.0256809, , , , , , , , , , , , , , , , , , , , , , , , , , , , 
13.8042692, -0.0565652, , , , , , , 13.8042692, 0.1287404, , , , , , , 13.8042692, 0.109102, , , , , , , 13.8042692, 0.0303807, , , , , , , , , , , , , , , , , , , , , , , , , , , , 
13.8047885, -0.0525368, , , , , , , 13.8047885, 0.1294118, , , , , , , 13.8047885, 0.111284, , , , , , , 13.8047885, 0.0285344, , , , , , , , , , , , , , , , , , , , , , , , , , , , 
13.8053077, -0.0438087, , , , , , , 13.8053077, 0.1116197, , , , , , , 13.8053077, 0.1059129, , , , , , , 13.8053077, 0.0253452, , , , , , , , , , , , , , , , , , , , , , , , , , , , 
13.8058269, -0.0273594, , , , , , , 13.8058269, 0.0587472, , , , , , , 13.8058269, 0.0956741, , , , , , , 13.8058269, 0.0206455, , , , , , , , , , , , , , , , , , , , , , , , , , , , 
13.8063462, -0.0102388, , , , , , , 13.8063462, -0.018967, , , , , , , 13.8063462, 0.0820783, , , , , , , 13.8063462, 0.0139315, , , , , , , , , , , , , , , , , , , , , , , , , , , , 
13.8068654, 0.0003357, , , , , , , 13.8068654, -0.0909743, , , , , , , 13.8068654, 0.0602579, , , , , , , 13.8068654, 0.0072175, , , , , , , , , , , , , , , , , , , , , , , , , , , , 
13.8073846, 0.0065461, , , , , , , 13.8073846, -0.1344472, , , , , , , 13.8073846, 0.0317235, , , , , , , 13.8073846, 0.0052033, , , , , , , , , , , , , , , , , , , , , , , , , , , , 
13.8079038, 0.0129244, , , , , , , 13.8079038, -0.1378042, , , , , , , 13.8079038, 0.0001678, , , , , , , 13.8079038, 0.0015106, , , , , , , , , , , , , , , , , , , , , , , , , , , , 
13.8084231, 0.0169528, , , , , , , 13.8084231, -0.1044022, , , , , , , 13.8084231, -0.0270237, , , , , , , 13.8084231, -0.0048676, , , , , , , , , , , , , , , , , , , , , , , , , , , , 
13.8089423, 0.0149386, , , , , , , 13.8089423, -0.0595865, , , , , , , 13.8089423, -0.0464942, , , , , , , 13.8089423, -0.0102388, , , , , , , , , , , , , , , , , , , , , , , , , , , , 
13.8094615, 0.012253, , , , , , , 13.8094615, -0.0350805, , , , , , , 13.8094615, -0.0656291, , , , , , , 13.8094615, -0.0129244, , , , , , , , , , , , , , , , , , , , , , , , , , , , 
13.8099808, 0.0162814, , , , , , , 13.8099808, -0.0417945, , , , , , , 13.8099808, -0.0850996, , , , , , , 13.8099808, -0.0137636, , , , , , , , , , , , , , , , , , , , , , , , , , , , 
13.8105, 0.0209812, , , , , , , 13.8105, -0.0569009, , , , , , , 13.8105, -0.100206, , , , , , , 13.8105, -0.0129244, , , , , , , , , , , , , , , , , , , , , , , , , , , , 
13.8110192, 0.0204776, , , , , , , 13.8110192, -0.064622, , , , , , , 13.8110192, -0.1116197, , , , , , , 13.8110192, -0.0102388, , , , , , , , , , , , , , , , , , , , , , , , , , , , 
13.8115385, 0.0179599, , , , , , , 13.8115385, -0.0708324, , , , , , , 13.8115385, -0.1183337, , , , , , , 13.8115385, -0.0063783, , , , , , , , , , , , , , , , , , , , , , , , , , , , 
13.8120577, 0.0146029, , , , , , , 13.8120577, -0.0743572, , , , , , , 13.8120577, -0.1169909, , , , , , , 13.8120577, -0.0015106, , , , , , , , , , , , , , , , , , , , , , , , , , , , 
13.8125769, 0.0139315, , , , , , , 13.8125769, -0.0726787, , , , , , , 13.8125769, -0.1015488, , , , , , , 13.8125769, 0.0015106, , , , , , , , , , , , , , , , , , , , , , , , , , , , 
13.8130962, 0.0151064, , , , , , , 13.8130962, -0.0542153, , , , , , , 13.8130962, -0.0728466, , , , , , , 13.8130962, 0.0025177, , , , , , , , , , , , , , , , , , , , , , , , , , , , 
13.8136154, 0.0159457, , , , , , , 13.8136154, -0.0283665, , , , , , , 13.8136154, -0.0407874, , , , , , , 13.8136154, 0.0038605, , , , , , , , , , , , , , , , , , , , , , , , , , , , 
13.8141346, 0.0146029, , , , , , , 13.8141346, -0.0182956, , , , , , , 13.8141346, -0.0135958, , , , , , , 13.8141346, 0.0052033, , , , , , , , , , , , , , , , , , , , , , , , , , , , 
13.8146538, 0.01561, , , , , , , 13.8146538, -0.0250095, , , , , , , 13.8146538, 0.0052033, , , , , , , 13.8146538, 0.005539, , , , , , , , , , , , , , , , , , , , , , , , , , , , 
13.8151731, 0.0253452, , , , , , , 13.8151731, -0.0283665, , , , , , , 13.8151731, 0.01561, , , , , , , 13.8151731, 0.0043641, , , , , , , , , , , , , , , , , , , , , , , , , , , , 
13.8156923, 0.0391089, , , , , , , 13.8156923, -0.0140993, , , , , , , 13.8156923, 0.0223239, , , , , , , 13.8156923, 0.0001678, , , , , , , , , , , , , , , , , , , , , , , , , , , , 
13.8162115, 0.0518654, , , , , , , 13.8162115, 0.0062104, , , , , , , 13.8162115, 0.0290379, , , , , , , 13.8162115, -0.0028534, , , , , , , , , , , , , , , , , , , , , , , , , , , , 
13.8167308, 0.0589151, , , , , , , 13.8167308, 0.0159457, , , , , , , 13.8167308, 0.0327306, , , , , , , 13.8167308, -0.0016785, , , , , , , , , , , , , , , , , , , , , , , , , , , , 
13.81725, 0.0649577, , , , , , , 13.81725, 0.0132601, , , , , , , 13.81725, 0.0280308, , , , , , , 13.81725, 0.0045319, , , , , , , , , , , , , , , , , , , , , , , , , , , , 
13.8177692, 0.068986, , , , , , , 13.8177692, 0.0057069, , , , , , , 13.8177692, 0.0213169, , , , , , , 13.8177692, 0.0099031, , , , , , , , , , , , , , , , , , , , , , , , , , , , 
13.8182885, 0.0696574, , , , , , , 13.8182885, 0.0068818, , , , , , , 13.8182885, 0.0162814, , , , , , , 13.8182885, 0.0119173, , , , , , , , , , , , , , , , , , , , , , , , , , , , 
13.8188077, 0.0639506, , , , , , , 13.8188077, 0.0132601, , , , , , , 13.8188077, 0.0125887, , , , , , , 13.8188077, 0.0115816, , , , , , , , , , , , , , , , , , , , , , , , , , , , 
13.8193269, 0.054551, , , , , , , 13.8193269, 0.0186313, , , , , , , 13.8193269, 0.0095674, , , , , , , 13.8193269, 0.0129244, , , , , , , , , , , , , , , , , , , , , , , , , , , , 
13.8198462, 0.0441444, , , , , , , 13.8198462, 0.0209812, , , , , , , 13.8198462, 0.0048676, , , , , , , 13.8198462, 0.0142672, , , , , , , , , , , , , , , , , , , , , , , , , , , , 
13.8203654, 0.0374304, , , , , , , 13.8203654, 0.0182956, , , , , , , 13.8203654, -0.0078889, , , , , , , 13.8203654, 0.0130922, , , , , , , , , , , , , , , , , , , , , , , , , , , , 
13.8208846, 0.0310521, , , , , , , 13.8208846, 0.0129244, , , , , , , 13.8208846, -0.0340734, , , , , , , 13.8208846, 0.0139315, , , , , , , , , , , , , , , , , , , , , , , , , , , , 
13.8214038, 0.0219883, , , , , , , 13.8214038, 0.0070497, , , , , , , 13.8214038, -0.0684825, , , , , , , 13.8214038, 0.0193027, , , , , , , , , , , , , , , , , , , , , , , , , , , , 
13.8219231, 0.0105745, , , , , , , 13.8219231, 0.0045319, , , , , , , 13.8219231, -0.0978561, , , , , , , 13.8219231, 0.0285344, , , , , , , , , , , , , , , , , , , , , , , , , , , , 
13.8224423, -0.0001678, , , , , , , 13.8224423, 0.0099031, , , , , , , 13.8224423, -0.1183337, , , , , , , 13.8224423, 0.0377661, , , , , , , , , , , , , , , , , , , , , , , , , , , , 
13.8229615, -0.012253, , , , , , , 13.8229615, 0.0117494, , , , , , , 13.8229615, -0.1341115, , , , , , , 13.8229615, 0.0461585, , , , , , , , , , , , , , , , , , , , , , , , , , , , 
13.8234808, -0.0270237, , , , , , , 13.8234808, -0.0018463, , , , , , , 13.8234808, -0.139147, , , , , , , 13.8234808, 0.0491798, , , , , , , , , , , , , , , , , , , , , , , , , , , , 
13.824, -0.036759, , , , , , , 13.824, -0.0229953, , , , , , , 13.824, -0.1267262, , , , , , , 13.824, 0.0468299, , , , , , , , , , , , , , , , , , , , , , , , , , , , 
13.8245192, -0.0414588, , , , , , , 13.8245192, -0.0283665, , , , , , , 13.8245192, -0.0961776, , , , , , , 13.8245192, 0.0426337, , , , , , , , , , , , , , , , , , , , , , , , , , , , 
13.8250385, -0.0411231, , , , , , , 13.8250385, -0.0162814, , , , , , , 13.8250385, -0.0575723, , , , , , , 13.8250385, 0.036759, , , , , , , , , , , , , , , , , , , , , , , , , , , , 
13.8255577, -0.0315557, , , , , , , 13.8255577, -0.0011749, , , , , , , 13.8255577, -0.0307164, , , , , , , 13.8255577, 0.0246738, , , , , , , , , , , , , , , , , , , , , , , , , , , , 
13.8260769, -0.0179599, , , , , , , 13.8260769, 0.0025177, , , , , , , 13.8260769, -0.0142672, , , , , , , 13.8260769, 0.0129244, , , , , , , , , , , , , , , , , , , , , , , , , , , , 
13.8265962, -0.0115816, , , , , , , 13.8265962, -0.0038605, , , , , , , 13.8265962, 0.002182, , , , , , , 13.8265962, 0.0112459, , , , , , , , , , , , , , , , , , , , , , , , , , , , 
13.8271154, -0.011078, , , , , , , 13.8271154, -0.008896, , , , , , , 13.8271154, 0.0260166, , , , , , , 13.8271154, 0.0146029, , , , , , , , , , , , , , , , , , , , , , , , , , , , 
13.8276346, -0.0085603, , , , , , , 13.8276346, -0.0109102, , , , , , , 13.8276346, 0.0461585, , , , , , , 13.8276346, 0.0151064, , , , , , , , , , , , , , , , , , , , , , , , , , , , 
13.8281538, -0.0003357, , , , , , , 13.8281538, -0.0179599, , , , , , , 13.8281538, 0.0506905, , , , , , , 13.8281538, 0.0129244, , , , , , , , , , , , , , , , , , , , , , , , , , , , 
13.8286731, 0.008896, , , , , , , 13.8286731, -0.0243381, , , , , , , 13.8286731, 0.043473, , , , , , , 13.8286731, 0.0109102, , , , , , , , , , , , , , , , , , , , , , , , , , , , 
13.8291923, 0.0085603, , , , , , , 13.8291923, -0.0203098, , , , , , , 13.8291923, 0.0303807, , , , , , , 13.8291923, 0.0085603, , , , , , , , , , , , , , , , , , , , , , , , , , , , 
13.8297115, 0.0018463, , , , , , , 13.8297115, -0.0072175, , , , , , , 13.8297115, 0.0125887, , , , , , , 13.8297115, 0.0068818, , , , , , , , , , , , , , , , , , , , , , , , , , , , 
13.8302308, 0.0011749, , , , , , , 13.8302308, 0.01561, , , , , , , 13.8302308, -0.005539, , , , , , , 13.8302308, 0.0048676, , , , , , , , , , , , , , , , , , , , , , , , , , , , 
13.83075, 0.0038605, , , , , , , 13.83075, 0.036759, , , , , , , 13.83075, -0.0182956, , , , , , , 13.83075, 0.0031891, , , , , , , , , , , , , , , , , , , , , , , , , , , , 
13.8312692, 0.0072175, , , , , , , 13.8312692, 0.0352483, , , , , , , 13.8312692, -0.0219883, , , , , , , 13.8312692, 0.0011749, , , , , , , , , , , , , , , , , , , , , , , , , , , , 
13.8317885, 0.0115816, , , , , , , 13.8317885, 0.012253, , , , , , , 13.8317885, -0.0256809, , , , , , , 13.8317885, 0.0005035, , , , , , , , , , , , , , , , , , , , , , , , , , , , 
13.8323077, 0.0146029, , , , , , , 13.8323077, -0.0083925, , , , , , , 13.8323077, -0.0360876, , , , , , , 13.8323077, 0.0011749, , , , , , , , , , , , , , , , , , , , , , , , , , , , 
13.8328269, 0.0137636, , , , , , , 13.8328269, -0.0112459, , , , , , , 13.8328269, -0.0488441, , , , , , , 13.8328269, 0.0018463, , , , , , , , , , , , , , , , , , , , , , , , , , , , 
13.8333462, 0.0099031, , , , , , , 13.8333462, -0.0072175, , , , , , , 13.8333462, -0.0548867, , , , , , , 13.8333462, 0.0062104, , , , , , , , , , , , , , , , , , , , , , , , , , , , 
13.8338654, 0.0062104, , , , , , , 13.8338654, -0.0198062, , , , , , , 13.8338654, -0.0485084, , , , , , , 13.8338654, 0.0132601, , , , , , , , , , , , , , , , , , , , , , , , , , , , 
13.8343846, 0.0052033, , , , , , , 13.8343846, -0.0473335, , , , , , , 13.8343846, -0.0226596, , , , , , , 13.8343846, 0.0213169, , , , , , , , , , , , , , , , , , , , , , , , , , , , 
13.8349038, 0.0099031, , , , , , , 13.8349038, -0.0585794, , , , , , , 13.8349038, 0.0176242, , , , , , , 13.8349038, 0.0226596, , , , , , , , , , , , , , , , , , , , , , , , , , , , 
13.8354231, 0.0213169, , , , , , , 13.8354231, -0.0485084, , , , , , , 13.8354231, 0.0527047, , , , , , , 13.8354231, 0.0213169, , , , , , , , , , , , , , , , , , , , , , , , , , , , 
13.8359423, 0.0381018, , , , , , , 13.8359423, -0.0359197, , , , , , , 13.8359423, 0.0693217, , , , , , , 13.8359423, 0.0179599, , , , , , , , , , , , , , , , , , , , , , , , , , , , 
13.8364615, 0.0493477, , , , , , , 13.8364615, -0.0283665, , , , , , , 13.8364615, 0.0676432, , , , , , , 13.8364615, 0.0129244, , , , , , , , , , , , , , , , , , , , , , , , , , , , 
13.8369808, 0.0515297, , , , , , , 13.8369808, -0.0297093, , , , , , , 13.8369808, 0.0580758, , , , , , , 13.8369808, 0.0072175, , , , , , , , , , , , , , , , , , , , , , , , , , , , 
13.8375, 0.0528725, , , , , , , 13.8375, -0.0323949, , , , , , , 13.8375, 0.0421302, , , , , , , 13.8375, -0.0005035, , , , , , , , , , , , , , , , , , , , , , , , , , , , 
13.8380192, 0.0542153, , , , , , , 13.8380192, -0.0209812, , , , , , , 13.8380192, 0.0219883, , , , , , , 13.8380192, -0.0099031, , , , , , , , , , , , , , , , , , , , , , , , , , , , 
13.8385385, 0.0548867, , , , , , , 13.8385385, 0.0041962, , , , , , , 13.8385385, 0.0097353, , , , , , , 13.8385385, -0.012253, , , , , , , , , , , , , , , , , , , , , , , , , , , , 
13.8390577, 0.047837, , , , , , , 13.8390577, 0.0179599, , , , , , , 13.8390577, 0.0041962, , , , , , , 13.8390577, -0.008896, , , , , , , , , , , , , , , , , , , , , , , , , , , , 
13.8395769, 0.0318914, , , , , , , 13.8395769, 0.005539, , , , , , , 13.8395769, -0.0058747, , , , , , , 13.8395769, -0.0041962, , , , , , , , , , , , , , , , , , , , , , , , , , , , 
13.8400962, 0.0203098, , , , , , , 13.8400962, -0.0159457, , , , , , , 13.8400962, -0.0176242, , , , , , , 13.8400962, -0.0005035, , , , , , , , , , , , , , , , , , , , , , , , , , , , 
13.8406154, 0.0146029, , , , , , , 13.8406154, -0.0283665, , , , , , , 13.8406154, -0.0201419, , , , , , , 13.8406154, 0.0035248, , , , , , , , , , , , , , , , , , , , , , , , , , , , 
13.8411346, 0.0082246, , , , , , , 13.8411346, -0.023331, , , , , , , 13.8411346, -0.0085603, , , , , , , 13.8411346, 0.0058747, , , , , , , , , , , , , , , , , , , , , , , , , , , , 
13.8416538, 0.0005035, , , , , , , 13.8416538, -0.0068818, , , , , , , 13.8416538, 0.0119173, , , , , , , 13.8416538, 0.0075532, , , , , , , , , , , , , , , , , , , , , , , , , , , , 
13.8421731, -0.0075532, , , , , , , 13.8421731, -0.0011749, , , , , , , 13.8421731, 0.0303807, , , , , , , 13.8421731, 0.0105745, , , , , , , , , , , , , , , , , , , , , , , , , , , , 
13.8426923, -0.017792, , , , , , , 13.8426923, -0.0018463, , , , , , , 13.8426923, 0.0481727, , , , , , , 13.8426923, 0.0125887, , , , , , , , , , , , , , , , , , , , , , , , , , , , 
13.8432115, -0.0256809, , , , , , , 13.8432115, 0.0085603, , , , , , , 13.8432115, 0.0622721, , , , , , , 13.8432115, 0.0146029, , , , , , , , , , , , , , , , , , , , , , , , , , , , 
13.8437308, -0.0290379, , , , , , , 13.8437308, 0.0253452, , , , , , , 13.8437308, 0.0696574, , , , , , , 13.8437308, 0.0196384, , , , , , , , , , , , , , , , , , , , , , , , , , , , 
13.84425, -0.0332341, , , , , , , 13.84425, 0.043473, , , , , , , 13.84425, 0.0706645, , , , , , , 13.84425, 0.0256809, , , , , , , , , , , , , , , , , , , , , , , , , , , , 
13.8447692, -0.0297093, , , , , , , 13.8447692, 0.0636149, , , , , , , 13.8447692, 0.0656291, , , , , , , 13.8447692, 0.030045, , , , , , , , , , , , , , , , , , , , , , , , , , , , 
13.8452885, -0.0206455, , , , , , , 13.8452885, 0.0827497, , , , , , , 13.8452885, 0.0532082, , , , , , , 13.8452885, 0.0287022, , , , , , , , , , , , , , , , , , , , , , , , , , , , 
13.8458077, -0.0085603, , , , , , , 13.8458077, 0.090135, , , , , , , 13.8458077, 0.0337377, , , , , , , 13.8458077, 0.0265202, , , , , , , , , , , , , , , , , , , , , , , , , , , , 
13.8463269, 0.0085603, , , , , , , 13.8463269, 0.072343, , , , , , , 13.8463269, 0.0146029, , , , , , , 13.8463269, 0.0270237, , , , , , , , , , , , , , , , , , , , , , , , , , , , 
13.8468462, 0.0223239, , , , , , , 13.8468462, 0.0340734, , , , , , , 13.8468462, 0.0058747, , , , , , , 13.8468462, 0.0313878, , , , , , , , , , , , , , , , , , , , , , , , , , , , 
13.8473654, 0.0260166, , , , , , , 13.8473654, -0.0068818, , , , , , , 13.8473654, 0.0050355, , , , , , , 13.8473654, 0.0320592, , , , , , , , , , , , , , , , , , , , , , , , , , , , 
13.8478846, 0.0240024, , , , , , , 13.8478846, -0.0399481, , , , , , , 13.8478846, 0.0038605, , , , , , , 13.8478846, 0.0280308, , , , , , , , , , , , , , , , , , , , , , , , , , , , 
13.8484038, 0.0221561, , , , , , , 13.8484038, -0.0683146, , , , , , , 13.8484038, -0.0001678, , , , , , , 13.8484038, 0.0240024, , , , , , , , , , , , , , , , , , , , , , , , , , , , 
13.8489231, 0.018967, , , , , , , 13.8489231, -0.0931563, , , , , , , 13.8489231, -0.0028534, , , , , , , 13.8489231, 0.0250095, , , , , , , , , , , , , , , , , , , , , , , , , , , , 
13.8494423, 0.0169528, , , , , , , 13.8494423, -0.0981918, , , , , , , 13.8494423, -0.0003357, , , , , , , 13.8494423, 0.0317235, , , , , , , , , , , , , , , , , , , , , , , , , , , , 
13.8499615, 0.0159457, , , , , , , 13.8499615, -0.0753643, , , , , , , 13.8499615, -0.0018463, , , , , , , 13.8499615, 0.0374304, , , , , , , , , , , , , , , , , , , , , , , , , , , , 
13.8504808, 0.0176242, , , , , , , 13.8504808, -0.0508583, , , , , , , 13.8504808, -0.0112459, , , , , , , 13.8504808, 0.0365911, , , , , , , , , , , , , , , , , , , , , , , , , , , , 
13.851, 0.0213169, , , , , , , 13.851, -0.043473, , , , , , , 13.851, -0.0226596, , , , , , , 13.851, 0.0350805, , , , , , , , , , , , , , , , , , , , , , , , , , , , 
13.8515192, 0.0260166, , , , , , , 13.8515192, -0.0417945, , , , , , , 13.8515192, -0.033402, , , , , , , 13.8515192, 0.0414588, , , , , , , , , , , , , , , , , , , , , , , , , , , , 
13.8520385, 0.026688, , , , , , , 13.8520385, -0.0354162, , , , , , , 13.8520385, -0.0323949, , , , , , , 13.8520385, 0.0481727, , , , , , , , , , , , , , , , , , , , , , , , , , , , 
13.8525577, 0.0219883, , , , , , , 13.8525577, -0.0209812, , , , , , , 13.8525577, -0.0102388, , , , , , , 13.8525577, 0.0431373, , , , , , , , , , , , , , , , , , , , , , , , , , , , 
13.8530769, 0.0146029, , , , , , , 13.8530769, -0.002182, , , , , , , 13.8530769, 0.0172885, , , , , , , 13.8530769, 0.0310521, , , , , , , , , , , , , , , , , , , , , , , , , , , , 
13.8535962, 0.0095674, , , , , , , 13.8535962, 0.0090639, , , , , , , 13.8535962, 0.0320592, , , , , , , 13.8535962, 0.0226596, , , , , , , , , , , , , , , , , , , , , , , , , , , , 
13.8541154, 0.0082246, , , , , , , 13.8541154, 0.0072175, , , , , , , 13.8541154, 0.0285344, , , , , , , 13.8541154, 0.0193027, , , , , , , , , , , , , , , , , , , , , , , , , , , , 
13.8546346, 0.0092317, , , , , , , 13.8546346, -0.005539, , , , , , , 13.8546346, 0.0146029, , , , , , , 13.8546346, 0.0146029, , , , , , , , , , , , , , , , , , , , , , , , , , , , 
13.8551538, 0.0167849, , , , , , , 13.8551538, -0.0231632, , , , , , , 13.8551538, 0.0010071, , , , , , , 13.8551538, 0.005539, , , , , , , , , , , , , , , , , , , , , , , , , , , , 
13.8556731, 0.0340734, , , , , , , 13.8556731, -0.0347448, , , , , , , 13.8556731, -0.0015106, , , , , , , 13.8556731, -0.0043641, , , , , , , , , , , , , , , , , , , , , , , , , , , , 
13.8561923, 0.0493477, , , , , , , 13.8561923, -0.0364233, , , , , , , 13.8561923, 0.0041962, , , , , , , 13.8561923, -0.008896, , , , , , , , , , , , , , , , , , , , , , , , , , , , 
13.8567115, 0.0538796, , , , , , , 13.8567115, -0.0374304, , , , , , , 13.8567115, 0.0085603, , , , , , , 13.8567115, -0.0048676, , , , , , , , , , , , , , , , , , , , , , , , , , , , 
13.8572308, 0.0575723, , , , , , , 13.8572308, -0.0374304, , , , , , , 13.8572308, 0.0052033, , , , , , , 13.8572308, 0.0025177, , , , , , , , , , , , , , , , , , , , , , , , , , , , 
13.85775, 0.0626078, , , , , , , 13.85775, -0.0280308, , , , , , , 13.85775, -0.0095674, , , , , , , 13.85775, 0.0041962, , , , , , , , , , , , , , , , , , , , , , , , , , , , 
13.8582692, 0.0636149, , , , , , , 13.8582692, -0.0152743, , , , , , , 13.8582692, -0.0317235, , , , , , , 13.8582692, 0.0018463, , , , , , , , , , , , , , , , , , , , , , , , , , , , 
13.8587885, 0.0616007, , , , , , , 13.8587885, -0.005539, , , , , , , 13.8587885, -0.0535439, , , , , , , 13.8587885, -0.0025177, , , , , , , , , , , , , , , , , , , , , , , , , , , , 
13.8593077, 0.0537118, , , , , , , 13.8593077, 0.0025177, , , , , , , 13.8593077, -0.0760357, , , , , , , 13.8593077, -0.0062104, , , , , , , , , , , , , , , , , , , , , , , , , , , , 
13.8598269, 0.0458228, , , , , , , 13.8598269, 0.0169528, , , , , , , 13.8598269, -0.0991989, , , , , , , 13.8598269, -0.0068818, , , , , , , , , , , , , , , , , , , , , , , , , , , , 
13.8603462, 0.0404517, , , , , , , 13.8603462, 0.0283665, , , , , , , 13.8603462, -0.114641, , , , , , , 13.8603462, -0.0068818, , , , , , , , , , , , , , , , , , , , , , , , , , , , 
13.8608654, 0.0337377, , , , , , , 13.8608654, 0.0273594, , , , , , , 13.8608654, -0.1122911, , , , , , , 13.8608654, -0.0068818, , , , , , , , , , , , , , , , , , , , , , , , , , , , 
13.8613846, 0.0209812, , , , , , , 13.8613846, 0.0231632, , , , , , , 13.8613846, -0.0997024, , , , , , , 13.8613846, -0.0075532, , , , , , , , , , , , , , , , , , , , , , , , , , , , 
13.8619038, 0.0062104, , , , , , , 13.8619038, 0.0219883, , , , , , , 13.8619038, -0.093492, , , , , , , 13.8619038, -0.0068818, , , , , , , , , , , , , , , , , , , , , , , , , , , , 
13.8624231, -0.0099031, , , , , , , 13.8624231, 0.0218204, , , , , , , 13.8624231, -0.0931563, , , , , , , 13.8624231, -0.002182, , , , , , , , , , , , , , , , , , , , , , , , , , , , 
13.8629423, -0.0236667, , , , , , , 13.8629423, 0.0206455, , , , , , , 13.8629423, -0.090135, , , , , , , 13.8629423, 0.0028534, , , , , , , , , , , , , , , , , , , , , , , , , , , , 
13.8634615, -0.0337377, , , , , , , 13.8634615, 0.0347448, , , , , , , 13.8634615, -0.0713359, , , , , , , 13.8634615, 0.0050355, , , , , , , , , , , , , , , , , , , , , , , , , , , , 
13.8639808, -0.0392767, , , , , , , 13.8639808, 0.0669718, , , , , , , 13.8639808, -0.0303807, , , , , , , 13.8639808, 0.0052033, , , , , , , , , , , , , , , , , , , , , , , , , , , , 
13.8645, -0.0431373, , , , , , , 13.8645, 0.0830854, , , , , , , 13.8645, 0.0090639, , , , , , , 13.8645, 0.0065461, , , , , , , , , , , , , , , , , , , , , , , , , , , , 
13.8650192, -0.04448, , , , , , , 13.8650192, 0.0666361, , , , , , , 13.8650192, 0.0213169, , , , , , , 13.8650192, 0.0062104, , , , , , , , , , , , , , , , , , , , , , , , , , , , 
13.8655385, -0.0411231, , , , , , , 13.8655385, 0.0317235, , , , , , , 13.8655385, 0.0078889, , , , , , , 13.8655385, 0.0048676, , , , , , , , , , , , , , , , , , , , , , , , , , , , 
13.8660577, -0.030045, , , , , , , 13.8660577, 0.0008392, , , , , , , 13.8660577, -0.0176242, , , , , , , 13.8660577, 0.0045319, , , , , , , , , , , , , , , , , , , , , , , , , , , , 
13.8665769, -0.0172885, , , , , , , 13.8665769, -0.0179599, , , , , , , 13.8665769, -0.0397803, , , , , , , 13.8665769, 0.0072175, , , , , , , , , , , , , , , , , , , , , , , , , , , , 
13.8670962, -0.0052033, , , , , , , 13.8670962, -0.0271916, , , , , , , 13.8670962, -0.0518654, , , , , , , 13.8670962, 0.0075532, , , , , , , , , , , , , , , , , , , , , , , , , , , , 
13.8676154, 0.0031891, , , , , , , 13.8676154, -0.0354162, , , , , , , 13.8676154, -0.0597543, , , , , , , 13.8676154, 0.0030213, , , , , , , , , , , , , , , , , , , , , , , , , , , , 
13.8681346, 0.0052033, , , , , , , 13.8681346, -0.0424659, , , , , , , 13.8681346, -0.0619364, , , , , , , 13.8681346, -0.0008392, , , , , , , , , , , , , , , , , , , , , , , , , , , , 
13.8686538, 0.0082246, , , , , , , 13.8686538, -0.0404517, , , , , , , 13.8686538, -0.0495155, , , , , , , 13.8686538, -0.0048676, , , , , , , , , , , , , , , , , , , , , , , , , , , , 
13.8691731, 0.0146029, , , , , , , 13.8691731, -0.0303807, , , , , , , 13.8691731, -0.0297093, , , , , , , 13.8691731, -0.0075532, , , , , , , , , , , , , , , , , , , , , , , , , , , , 
13.8696923, 0.0171206, , , , , , , 13.8696923, -0.0151064, , , , , , , 13.8696923, -0.0142672, , , , , , , 13.8696923, -0.0082246, , , , , , , , , , , , , , , , , , , , , , , , , , , , 
13.8702115, 0.0172885, , , , , , , 13.8702115, 0.0112459, , , , , , , 13.8702115, -0.0083925, , , , , , , 13.8702115, -0.0058747, , , , , , , , , , , , , , , , , , , , , , , , , , , , 
13.8707308, 0.0216526, , , , , , , 13.8707308, 0.0327306, , , , , , , 13.8707308, -0.0095674, , , , , , , 13.8707308, -0.0015106, , , , , , , , , , , , , , , , , , , , , , , , , , , , 
13.87125, 0.0253452, , , , , , , 13.87125, 0.0320592, , , , , , , 13.87125, -0.0115816, , , , , , , 13.87125, 0.0048676, , , , , , , , , , , , , , , , , , , , , , , , , , , , 
13.8717692, 0.0287022, , , , , , , 13.8717692, 0.0209812, , , , , , , 13.8717692, -0.0058747, , , , , , , 13.8717692, 0.0125887, , , , , , , , , , , , , , , , , , , , , , , , , , , , 
13.8722885, 0.0327306, , , , , , , 13.8722885, 0.0125887, , , , , , , 13.8722885, 0.0099031, , , , , , , 13.8722885, 0.0166171, , , , , , , , , , , , , , , , , , , , , , , , , , , , 
13.8728077, 0.0313878, , , , , , , 13.8728077, 0.0038605, , , , , , , 13.8728077, 0.0251774, , , , , , , 13.8728077, 0.0209812, , , , , , , , , , , , , , , , , , , , , , , , , , , , 
13.8733269, 0.0303807, , , , , , , 13.8733269, -0.0090639, , , , , , , 13.8733269, 0.0260166, , , , , , , 13.8733269, 0.0276951, , , , , , , , , , , , , , , , , , , , , , , , , , , , 
13.8738462, 0.0271916, , , , , , , 13.8738462, -0.0297093, , , , , , , 13.8738462, 0.01561, , , , , , , 13.8738462, 0.0273594, , , , , , , , , , , , , , , , , , , , , , , , , , , , 
13.8743654, 0.0236667, , , , , , , 13.8743654, -0.0451514, , , , , , , 13.8743654, 0.0052033, , , , , , , 13.8743654, 0.0218204, , , , , , , , , , , , , , , , , , , , , , , , , , , , 
13.8748846, 0.0280308, , , , , , , 13.8748846, -0.0392767, , , , , , , 13.8748846, 0.0036927, , , , , , , 13.8748846, 0.0167849, , , , , , , , , , , , , , , , , , , , , , , , , , , , 
13.8754038, 0.0406195, , , , , , , 13.8754038, -0.0323949, , , , , , , 13.8754038, 0.0162814, , , , , , , 13.8754038, 0.0157778, , , , , , , , , , , , , , , , , , , , , , , , , , , , 
13.8759231, 0.0533761, , , , , , , 13.8759231, -0.0411231, , , , , , , 13.8759231, 0.0347448, , , , , , , 13.8759231, 0.0209812, , , , , , , , , , , , , , , , , , , , , , , , , , , , 
13.8764423, 0.0609293, , , , , , , 13.8764423, -0.0485084, , , , , , , 13.8764423, 0.0454871, , , , , , , 13.8764423, 0.027863, , , , , , , , , , , , , , , , , , , , , , , , , , , , 
13.8769615, 0.0616007, , , , , , , 13.8769615, -0.0468299, , , , , , , 13.8769615, 0.0458228, , , , , , , 13.8769615, 0.0315557, , , , , , , , , , , , , , , , , , , , , , , , , , , , 
13.8774808, 0.0629435, , , , , , , 13.8774808, -0.0387732, , , , , , , 13.8774808, 0.0438087, , , , , , , 13.8774808, 0.0297093, , , , , , , , , , , , , , , , , , , , , , , , , , , , 
13.878, 0.063447, , , , , , , 13.878, -0.0223239, , , , , , , 13.878, 0.0421302, , , , , , , 13.878, 0.0273594, , , , , , , , , , , , , , , , , , , , , , , , , , , , 
13.8785192, 0.0637827, , , , , , , 13.8785192, 0.0008392, , , , , , , 13.8785192, 0.0350805, , , , , , , 13.8785192, 0.0290379, , , , , , , , , , , , , , , , , , , , , , , , , , , , 
13.8790385, 0.054551, , , , , , , 13.8790385, 0.0112459, , , , , , , 13.8790385, 0.0246738, , , , , , , 13.8790385, 0.0330663, , , , , , , , , , , , , , , , , , , , , , , , , , , , 
13.8795577, 0.040116, , , , , , , 13.8795577, -0.0001678, , , , , , , 13.8795577, 0.0172885, , , , , , , 13.8795577, 0.0327306, , , , , , , , , , , , , , , , , , , , , , , , , , , , 
13.8800769, 0.026688, , , , , , , 13.8800769, -0.0198062, , , , , , , 13.8800769, 0.0199741, , , , , , , 13.8800769, 0.0287022, , , , , , , , , , , , , , , , , , , , , , , , , , , , 
13.8805962, 0.0216526, , , , , , , 13.8805962, -0.0350805, , , , , , , 13.8805962, 0.0293736, , , , , , , 13.8805962, 0.0240024, , , , , , , , , , , , , , , , , , , , , , , , , , , , 
13.8811154, 0.0152743, , , , , , , 13.8811154, -0.043473, , , , , , , 13.8811154, 0.0387732, , , , , , , 13.8811154, 0.0218204, , , , , , , , , , , , , , , , , , , , , , , , , , , , 
13.8816346, -0.0001678, , , , , , , 13.8816346, -0.0498512, , , , , , , 13.8816346, 0.0441444, , , , , , , 13.8816346, 0.0213169, , , , , , , , , , , , , , , , , , , , , , , , , , , , 
13.8821538, -0.018967, , , , , , , 13.8821538, -0.0505226, , , , , , , 13.8821538, 0.0500191, , , , , , , 13.8821538, 0.0216526, , , , , , , , , , , , , , , , , , , , , , , , , , , , 
13.8826731, -0.0370947, , , , , , , 13.8826731, -0.0480049, , , , , , , 13.8826731, 0.0558938, , , , , , , 13.8826731, 0.0213169, , , , , , , , , , , , , , , , , , , , , , , , , , , , 
13.8831923, -0.051194, , , , , , , 13.8831923, -0.0424659, , , , , , , 13.8831923, 0.0548867, , , , , , , 13.8831923, 0.021149, , , , , , , , , , , , , , , , , , , , , , , , , , , , 
13.8837115, -0.0632792, , , , , , , 13.8837115, -0.030045, , , , , , , 13.8837115, 0.0392767, , , , , , , 13.8837115, 0.0213169, , , , , , , , , , , , , , , , , , , , , , , , , , , , 
13.8842308, -0.0726787, , , , , , , 13.8842308, -0.0171206, , , , , , , 13.8842308, 0.0154421, , , , , , , 13.8842308, 0.0213169, , , , , , , , , , , , , , , , , , , , , , , , , , , , 
13.88475, -0.0716716, , , , , , , 13.88475, -0.0105745, , , , , , , 13.88475, 0.0001678, , , , , , , 13.88475, 0.0219883, , , , , , , , , , , , , , , , , , , , , , , , , , , , 
13.8852692, -0.0642863, , , , , , , 13.8852692, -0.005539, , , , , , , 13.8852692, -0.0001678, , , , , , , 13.8852692, 0.0193027, , , , , , , , , , , , , , , , , , , , , , , , , , , , 
13.8857885, -0.0558938, , , , , , , 13.8857885, -0.0008392, , , , , , , 13.8857885, 0.0058747, , , , , , , 13.8857885, 0.0152743, , , , , , , , , , , , , , , , , , , , , , , , , , , , 
13.8863077, -0.0446479, , , , , , , 13.8863077, -0.0001678, , , , , , , 13.8863077, 0.0065461, , , , , , , 13.8863077, 0.0146029, , , , , , , , , , , , , , , , , , , , , , , , , , , , 
13.8868269, -0.0292058, , , , , , , 13.8868269, -0.0011749, , , , , , , 13.8868269, -0.0058747, , , , , , , 13.8868269, 0.0125887, , , , , , , , , , , , , , , , , , , , , , , , , , , , 
13.8873462, -0.018967, , , , , , , 13.8873462, -0.0102388, , , , , , , 13.8873462, -0.0287022, , , , , , , 13.8873462, 0.0102388, , , , , , , , , , , , , , , , , , , , , , , , , , , , 
13.8878654, -0.0149386, , , , , , , 13.8878654, -0.023331, , , , , , , 13.8878654, -0.0518654, , , , , , , 13.8878654, 0.0070497, , , , , , , , , , , , , , , , , , , , , , , , , , , , 
13.8883846, -0.0104067, , , , , , , 13.8883846, -0.0317235, , , , , , , 13.8883846, -0.0713359, , , , , , , 13.8883846, 0.0038605, , , , , , , , , , , , , , , , , , , , , , , , , , , , 
13.8889038, -0.0035248, , , , , , , 13.8889038, -0.0290379, , , , , , , 13.8889038, -0.0854353, , , , , , , 13.8889038, -0.0015106, , , , , , , , , , , , , , , , , , , , , , , , , , , , 
13.8894231, 0.005539, , , , , , , 13.8894231, -0.0191348, , , , , , , 13.8894231, -0.0955062, , , , , , , 13.8894231, -0.0075532, , , , , , , , , , , , , , , , , , , , , , , , , , , , 
13.8899423, 0.0115816, , , , , , , 13.8899423, -0.0085603, , , , , , , 13.8899423, -0.0914778, , , , , , , 13.8899423, -0.0109102, , , , , , , , , , , , , , , , , , , , , , , , , , , , 
13.8904615, 0.0159457, , , , , , , 13.8904615, 0.0036927, , , , , , , 13.8904615, -0.0626078, , , , , , , 13.8904615, -0.0104067, , , , , , , , , , , , , , , , , , , , , , , , , , , , 
13.8909808, 0.0219883, , , , , , , 13.8909808, 0.0146029, , , , , , , 13.8909808, -0.012253, , , , , , , 13.8909808, -0.008896, , , , , , , , , , , , , , , , , , , , , , , , , , , , 
13.8915, 0.0276951, , , , , , , 13.8915, 0.0182956, , , , , , , 13.8915, 0.0515297, , , , , , , 13.8915, -0.0068818, , , , , , , , , , , , , , , , , , , , , , , , , , , , 
13.8920192, 0.030045, , , , , , , 13.8920192, 0.0213169, , , , , , , 13.8920192, 0.1163195, , , , , , , 13.8920192, -0.005539, , , , , , , , , , , , , , , , , , , , , , , , , , , , 
13.8925385, 0.0283665, , , , , , , 13.8925385, 0.0290379, , , , , , , 13.8925385, 0.1646601, , , , , , , 13.8925385, -0.0068818, , , , , , , , , , , , , , , , , , , , , , , , , , , , 
13.8930577, 0.0298772, , , , , , , 13.8930577, 0.0379339, , , , , , , 13.8930577, 0.1955444, , , , , , , 13.8930577, -0.0068818, , , , , , , , , , , , , , , , , , , , , , , , , , , , 
13.8935769, 0.0340734, , , , , , , 13.8935769, 0.0475013, , , , , , , 13.8935769, 0.2133364, , , , , , , 13.8935769, -0.0041962, , , , , , , , , , , , , , , , , , , , , , , , , , , , 
13.8940962, 0.043473, , , , , , , 13.8940962, 0.0548867, , , , , , , 13.8940962, 0.2207218, , , , , , , 13.8940962, -0.0001678, , , , , , , , , , , , , , , , , , , , , , , , , , , , 
13.8946154, 0.0520333, , , , , , , 13.8946154, 0.0602579, , , , , , , 13.8946154, 0.2046082, , , , , , , 13.8946154, 0.0035248, , , , , , , , , , , , , , , , , , , , , , , , , , , , 
13.8951346, 0.0572366, , , , , , , 13.8951346, 0.0624399, , , , , , , 13.8951346, 0.1555962, , , , , , , 13.8951346, 0.0035248, , , , , , , , , , , , , , , , , , , , , , , , , , , , 
13.8956538, 0.064622, , , , , , , 13.8956538, 0.0535439, , , , , , , 13.8956538, 0.0795605, , , , , , , 13.8956538, -0.0011749, , , , , , , , , , , , , , , , , , , , , , , , , , , , 
13.8961731, 0.0750286, , , , , , , 13.8961731, 0.033402, , , , , , , 13.8961731, -0.0179599, , , , , , , 13.8961731, -0.0070497, , , , , , , , , , , , , , , , , , , , , , , , , , , , 
13.8966923, 0.0844282, , , , , , , 13.8966923, 0.0117494, , , , , , , 13.8966923, -0.1310903, , , , , , , 13.8966923, -0.0104067, , , , , , , , , , , , , , , , , , , , , , , , , , , , 
13.8972115, 0.0897993, , , , , , , 13.8972115, -0.0238346, , , , , , , 13.8972115, -0.2331426, , , , , , , 13.8972115, -0.0109102, , , , , , , , , , , , , , , , , , , , , , , , , , , , 
13.8977308, 0.0911421, , , , , , , 13.8977308, -0.0656291, , , , , , , 13.8977308, -0.2928969, , , , , , , 13.8977308, -0.0085603, , , , , , , , , , , , , , , , , , , , , , , , , , , , 
13.89825, 0.0889601, , , , , , , 13.89825, -0.0797284, , , , , , , 13.89825, -0.3224384, , , , , , , 13.89825, -0.0043641, , , , , , , , , , , , , , , , , , , , , , , , , , , , 
13.8987692, 0.0844282, , , , , , , 13.8987692, -0.0582437, , , , , , , 13.8987692, -0.3595331, , , , , , , 13.8987692, 0.0031891, , , , , , , , , , , , , , , , , , , , , , , , , , , , 
13.8992885, 0.0773785, , , , , , , 13.8992885, -0.0292058, , , , , , , 13.8992885, -0.3998169, , , , , , , 13.8992885, 0.0140993, , , , , , , , , , , , , , , , , , , , , , , , , , , , 
13.8998077, 0.0622721, , , , , , , 13.8998077, -0.0031891, , , , , , , 13.8998077, -0.4073701, , , , , , , 13.8998077, 0.0327306, , , , , , , , , , , , , , , , , , , , , , , , , , , , 
13.9003269, 0.0468299, , , , , , , 13.9003269, 0.0213169, , , , , , , 13.9003269, -0.3748074, , , , , , , 13.9003269, 0.0528725, , , , , , , , , , , , , , , , , , , , , , , , , , , , 
13.9008462, 0.0377661, , , , , , , 13.9008462, 0.0332341, , , , , , , 13.9008462, -0.3106889, , , , , , , 13.9008462, 0.0663005, , , , , , , , , , , , , , , , , , , , , , , , , , , , 
13.9013654, 0.0276951, , , , , , , 13.9013654, 0.0280308, , , , , , , 13.9013654, -0.2276036, , , , , , , 13.9013654, 0.0703288, , , , , , , , , , , , , , , , , , , , , , , , , , , , 
13.9018846, 0.0132601, , , , , , , 13.9018846, 0.012253, , , , , , , 13.9018846, -0.1418326, , , , , , , 13.9018846, 0.0696574, , , , , , , , , , , , , , , , , , , , , , , , , , , , 
13.9024038, -0.0015106, , , , , , , 13.9024038, -0.0125887, , , , , , , 13.9024038, -0.0666361, , , , , , , 13.9024038, 0.0636149, , , , , , , , , , , , , , , , , , , , , , , , , , , , 
13.9029231, -0.0162814, , , , , , , 13.9029231, -0.0273594, , , , , , , 13.9029231, -0.0117494, , , , , , , 13.9029231, 0.0520333, , , , , , , , , , , , , , , , , , , , , , , , , , , , 
13.9034423, -0.0256809, , , , , , , 13.9034423, -0.0179599, , , , , , , 13.9034423, 0.0236667, , , , , , , 13.9034423, 0.0414588, , , , , , , , , , , , , , , , , , , , , , , , , , , , 
13.9039615, -0.0327306, , , , , , , 13.9039615, 0.0005035, , , , , , , 13.9039615, 0.0449836, , , , , , , 13.9039615, 0.0379339, , , , , , , , , , , , , , , , , , , , , , , , , , , , 
13.9044808, -0.0439765, , , , , , , 13.9044808, 0.0085603, , , , , , , 13.9044808, 0.063447, , , , , , , 13.9044808, 0.0412909, , , , , , , , , , , , , , , , , , , , , , , , , , , , 
13.905, -0.0518654, , , , , , , 13.905, 0.0109102, , , , , , , 13.905, 0.0889601, , , , , , , 13.905, 0.04448, , , , , , , , , , , , , , , , , , , , , , , , , , , , 
13.9055192, -0.0498512, , , , , , , 13.9055192, 0.0186313, , , , , , , 13.9055192, 0.1185016, , , , , , , 13.9055192, 0.0421302, , , , , , , , , , , , , , , , , , , , , , , , , , , , 
13.9060385, -0.0426337, , , , , , , 13.9060385, 0.026688, , , , , , , 13.9060385, 0.1435111, , , , , , , 13.9060385, 0.0317235, , , , , , , , , , , , , , , , , , , , , , , , , , , , 
13.9065577, -0.0364233, , , , , , , 13.9065577, 0.0292058, , , , , , , 13.9065577, 0.1552605, , , , , , , 13.9065577, 0.018967, , , , , , , , , , , , , , , , , , , , , , , , , , , , 
13.9070769, -0.0337377, , , , , , , 13.9070769, 0.0253452, , , , , , , 13.9070769, 0.1555962, , , , , , , 13.9070769, 0.0105745, , , , , , , , , , , , , , , , , , , , , , , , , , , , 
13.9075962, -0.0344091, , , , , , , 13.9075962, 0.0099031, , , , , , , 13.9075962, 0.1482109, , , , , , , 13.9075962, 0.0052033, , , , , , , , , , , , , , , , , , , , , , , , , , , , 
13.9081154, -0.0337377, , , , , , , 13.9081154, -0.0176242, , , , , , , 13.9081154, 0.1367971, , , , , , , 13.9081154, -0.0005035, , , , , , , , , , , , , , , , , , , , , , , , , , , , 
13.9086346, -0.0283665, , , , , , , 13.9086346, -0.0374304, , , , , , , 13.9086346, 0.124712, , , , , , , 13.9086346, -0.0057069, , , , , , , , , , , , , , , , , , , , , , , , , , , , 
13.9091538, -0.0209812, , , , , , , 13.9091538, -0.0384375, , , , , , , 13.9091538, 0.1106126, , , , , , , 13.9091538, -0.0109102, , , , , , , , , , , , , , , , , , , , , , , , , , , , 
13.9096731, -0.0184634, , , , , , , 13.9096731, -0.0203098, , , , , , , 13.9096731, 0.0897993, , , , , , , 13.9096731, -0.0129244, , , , , , , , , , , , , , , , , , , , , , , , , , , , 
13.9101923, -0.0176242, , , , , , , 13.9101923, 0.006714, , , , , , , 13.9101923, 0.0740215, , , , , , , 13.9101923, -0.0115816, , , , , , , , , , , , , , , , , , , , , , , , , , , , 
13.9107115, -0.0097353, , , , , , , 13.9107115, 0.0092317, , , , , , , 13.9107115, 0.0632792, , , , , , , 13.9107115, -0.008896, , , , , , , , , , , , , , , , , , , , , , , , , , , , 
13.9112308, 0.0018463, , , , , , , 13.9112308, -0.0176242, , , , , , , 13.9112308, 0.047837, , , , , , , 13.9112308, -0.0065461, , , , , , , , , , , , , , , , , , , , , , , , , , , , 
13.91175, 0.0085603, , , , , , , 13.91175, -0.0605936, , , , , , , 13.91175, 0.0307164, , , , , , , 13.91175, -0.0041962, , , , , , , , , , , , , , , , , , , , , , , , , , , , 
13.9122692, 0.0124208, , , , , , , 13.9122692, -0.1079271, , , , , , , 13.9122692, 0.0219883, , , , , , , 13.9122692, -0.0025177, , , , , , , , , , , , , , , , , , , , , , , , , , , , 
13.9127885, 0.0209812, , , , , , , 13.9127885, -0.1435111, , , , , , , 13.9127885, 0.0209812, , , , , , , 13.9127885, 0.0003357, , , , , , , , , , , , , , , , , , , , , , , , , , , , 
13.9133077, 0.0236667, , , , , , , 13.9133077, -0.1619745, , , , , , , 13.9133077, 0.0119173, , , , , , , 13.9133077, 0.0031891, , , , , , , , , , , , , , , , , , , , , , , , , , , , 
13.9138269, 0.0216526, , , , , , , 13.9138269, -0.1690242, , , , , , , 13.9138269, -0.0176242, , , , , , , 13.9138269, 0.0058747, , , , , , , , , , , , , , , , , , , , , , , , , , , , 
13.9143462, 0.0223239, , , , , , , 13.9143462, -0.1519036, , , , , , , 13.9143462, -0.0548867, , , , , , , 13.9143462, 0.0085603, , , , , , , , , , , , , , , , , , , , , , , , , , , , 
13.9148654, 0.0293736, , , , , , , 13.9148654, -0.1022202, , , , , , , 13.9148654, -0.0814069, , , , , , , 13.9148654, 0.0115816, , , , , , , , , , , , , , , , , , , , , , , , , , , , 
13.9153846, 0.0451514, , , , , , , 13.9153846, -0.0397803, , , , , , , 13.9153846, -0.0921492, , , , , , , 13.9153846, 0.0109102, , , , , , , , , , , , , , , , , , , , , , , , , , , , 
13.9159038, 0.0642863, , , , , , , 13.9159038, -0.0038605, , , , , , , 13.9159038, -0.096849, , , , , , , 13.9159038, 0.0045319, , , , , , , , , , , , , , , , , , , , , , , , , , , , 
13.9164231, 0.0802319, , , , , , , 13.9164231, -0.0035248, , , , , , , 13.9164231, -0.096849, , , , , , , 13.9164231, 0.0001678, , , , , , , , , , , , , , , , , , , , , , , , , , , , 
13.9169423, 0.085771, , , , , , , 13.9169423, -0.0164492, , , , , , , 13.9169423, -0.0864424, , , , , , , 13.9169423, 0.0018463, , , , , , , , , , , , , , , , , , , , , , , , , , , , 
13.9174615, 0.0807355, , , , , , , 13.9174615, -0.0240024, , , , , , , 13.9174615, -0.068986, , , , , , , 13.9174615, 0.0052033, , , , , , , , , , , , , , , , , , , , , , , , , , , , 
13.9179808, 0.070161, , , , , , , 13.9179808, -0.0216526, , , , , , , 13.9179808, -0.0505226, , , , , , , 13.9179808, 0.0070497, , , , , , , , , , , , , , , , , , , , , , , , , , , , 
13.9185, 0.0595865, , , , , , , 13.9185, -0.0095674, , , , , , , 13.9185, -0.0280308, , , , , , , 13.9185, 0.0065461, , , , , , , , , , , , , , , , , , , , , , , , , , , , 
13.9190192, 0.0508583, , , , , , , 13.9190192, 0.0058747, , , , , , , 13.9190192, 0.0045319, , , , , , , 13.9190192, 0.0038605, , , , , , , , , , , , , , , , , , , , , , , , , , , , 
13.9195385, 0.0397803, , , , , , , 13.9195385, 0.0171206, , , , , , , 13.9195385, 0.0441444, , , , , , , 13.9195385, 0.0001678, , , , , , , , , , , , , , , , , , , , , , , , , , , , 
13.9200577, 0.026688, , , , , , , 13.9200577, 0.0236667, , , , , , , 13.9200577, 0.0861067, , , , , , , 13.9200577, -0.0041962, , , , , , , , , , , , , , , , , , , , , , , , , , , , 
13.9205769, 0.0171206, , , , , , , 13.9205769, 0.026688, , , , , , , 13.9205769, 0.1292439, , , , , , , 13.9205769, -0.0048676, , , , , , , , , , , , , , , , , , , , , , , , , , , , 
13.9210962, 0.0142672, , , , , , , 13.9210962, 0.0229953, , , , , , , 13.9210962, 0.1723812, , , , , , , 13.9210962, -0.002182, , , , , , , , , , , , , , , , , , , , , , , , , , , , 
13.9216154, 0.0065461, , , , , , , 13.9216154, -0.0030213, , , , , , , 13.9216154, 0.2227359, , , , , , , 13.9216154, 0.0070497, , , , , , , , , , , , , , , , , , , , , , , , , , , , 
13.9221346, -0.0125887, , , , , , , 13.9221346, -0.0347448, , , , , , , 13.9221346, 0.269398, , , , , , , 13.9221346, 0.0203098, , , , , , , , , , , , , , , , , , , , , , , , , , , , 
13.9226538, -0.0327306, , , , , , , 13.9226538, -0.0337377, , , , , , , 13.9226538, 0.2992752, , , , , , , 13.9226538, 0.03122, , , , , , , , , , , , , , , , , , , , , , , , , , , , 
13.9231731, -0.0411231, , , , , , , 13.9231731, -0.0015106, , , , , , , 13.9231731, 0.316228, , , , , , , 13.9231731, 0.0381018, , , , , , , , , , , , , , , , , , , , , , , , , , , , 
13.9236923, -0.0436408, , , , , , , 13.9236923, 0.0397803, , , , , , , 13.9236923, 0.3274739, , , , , , , 13.9236923, 0.0397803, , , , , , , , , , , , , , , , , , , , , , , , , , , , 
13.9242115, -0.0505226, , , , , , , 13.9242115, 0.0721752, , , , , , , 13.9242115, 0.3207599, , , , , , , 13.9242115, 0.0370947, , , , , , , , , , , , , , , , , , , , , , , , , , , , 
13.9247308, -0.0580758, , , , , , , 13.9247308, 0.0844282, , , , , , , 13.9247308, 0.2824903, , , , , , , 13.9247308, 0.0303807, , , , , , , , , , , , , , , , , , , , , , , , , , , , 
13.92525, -0.0548867, , , , , , , 13.92525, 0.0850996, , , , , , , 13.92525, 0.2170291, , , , , , , 13.92525, 0.0226596, , , , , , , , , , , , , , , , , , , , , , , , , , , , 
13.9257692, -0.0407874, , , , , , , 13.9257692, 0.082414, , , , , , , 13.9257692, 0.1354543, , , , , , , 13.9257692, 0.0176242, , , , , , , , , , , , , , , , , , , , , , , , , , , , 
13.9262885, -0.024506, , , , , , , 13.9262885, 0.0785534, , , , , , , 13.9262885, 0.054551, , , , , , , 13.9262885, 0.014435, , , , , , , , , , , , , , , , , , , , , , , , , , , , 
13.9268077, -0.0208133, , , , , , , 13.9268077, 0.0632792, , , , , , , 13.9268077, -0.023331, , , , , , , 13.9268077, 0.0115816, , , , , , , , , , , , , , , , , , , , , , , , , , , , 
13.9273269, -0.0191348, , , , , , , 13.9273269, 0.0391089, , , , , , , 13.9273269, -0.1008774, , , , , , , 13.9273269, 0.0072175, , , , , , , , , , , , , , , , , , , , , , , , , , , , 
13.9278462, -0.0129244, , , , , , , 13.9278462, 0.0229953, , , , , , , 13.9278462, -0.1764096, , , , , , , 13.9278462, 0.0045319, , , , , , , , , , , , , , , , , , , , , , , , , , , , 
13.9283654, -0.0045319, , , , , , , 13.9283654, 0.0149386, , , , , , , 13.9283654, -0.2599985, , , , , , , 13.9283654, 0.0052033, , , , , , , , , , , , , , , , , , , , , , , , , , , , 
13.9288846, 0.0038605, , , , , , , 13.9288846, 0.0025177, , , , , , , 13.9288846, -0.3479515, , , , , , , 13.9288846, 0.0062104, , , , , , , , , , , , , , , , , , , , , , , , , , , , 
13.9294038, 0.0092317, , , , , , , 13.9294038, -0.0112459, , , , , , , 13.9294038, -0.4318761, , , , , , , 13.9294038, 0.0052033, , , , , , , , , , , , , , , , , , , , , , , , , , , , 
13.9299231, 0.0142672, , , , , , , 13.9299231, -0.0159457, , , , , , , 13.9299231, -0.4973373, , , , , , , 13.9299231, 0.0028534, , , , , , , , , , , , , , , , , , , , , , , , , , , , 
13.9304423, 0.021149, , , , , , , 13.9304423, -0.0149386, , , , , , , 13.9304423, -0.5241932, , , , , , , 13.9304423, 0.0048676, , , , , , , , , , , , , , , , , , , , , , , , , , , , 
13.9309615, 0.0253452, , , , , , , 13.9309615, -0.0186313, , , , , , , 13.9309615, -0.5020371, , , , , , , 13.9309615, 0.0117494, , , , , , , , , , , , , , , , , , , , , , , , , , , , 
13.9314808, 0.0293736, , , , , , , 13.9314808, -0.0332341, , , , , , , 13.9314808, -0.4461433, , , , , , , 13.9314808, 0.0179599, , , , , , , , , , , , , , , , , , , , , , , , , , , , 
13.932, 0.0330663, , , , , , , 13.932, -0.0448157, , , , , , , 13.932, -0.3766537, , , , , , , 13.932, 0.0199741, , , , , , , , , , , , , , , , , , , , , , , , , , , , 
13.9325192, 0.0303807, , , , , , , 13.9325192, -0.043473, , , , , , , 13.9325192, -0.3110246, , , , , , , 13.9325192, 0.0209812, , , , , , , , , , , , , , , , , , , , , , , , , , , , 
13.9330385, 0.0290379, , , , , , , 13.9330385, -0.0421302, , , , , , , 13.9330385, -0.2458991, , , , , , , 13.9330385, 0.0223239, , , , , , , , , , , , , , , , , , , , , , , , , , , , 
13.9335577, 0.0320592, , , , , , , 13.9335577, -0.0538796, , , , , , , 13.9335577, -0.1750668, , , , , , , 13.9335577, 0.0231632, , , , , , , , , , , , , , , , , , , , , , , , , , , , 
13.9340769, 0.0340734, , , , , , , 13.9340769, -0.0676432, , , , , , , 13.9340769, -0.1042344, , , , , , , 13.9340769, 0.0216526, , , , , , , , , , , , , , , , , , , , , , , , , , , , 
13.9345962, 0.0392767, , , , , , , 13.9345962, -0.0652934, , , , , , , 13.9345962, -0.0464942, , , , , , , 13.9345962, 0.0176242, , , , , , , , , , , , , , , , , , , , , , , , , , , , 
13.9351154, 0.0508583, , , , , , , 13.9351154, -0.036759, , , , , , , 13.9351154, -0.0082246, , , , , , , 13.9351154, 0.0109102, , , , , , , , , , , , , , , , , , , , , , , , , , , , 
13.9356346, 0.063447, , , , , , , 13.9356346, -0.0015106, , , , , , , 13.9356346, 0.0146029, , , , , , , 13.9356346, 0.0031891, , , , , , , , , , , , , , , , , , , , , , , , , , , , 
13.9361538, 0.0696574, , , , , , , 13.9361538, 0.0166171, , , , , , , 13.9361538, 0.0305486, , , , , , , 13.9361538, -0.0043641, , , , , , , , , , , , , , , , , , , , , , , , , , , , 
13.9366731, 0.0710002, , , , , , , 13.9366731, 0.0146029, , , , , , , 13.9366731, 0.0454871, , , , , , , 13.9366731, -0.0095674, , , , , , , , , , , , , , , , , , , , , , , , , , , , 
13.9371923, 0.0730144, , , , , , , 13.9371923, 0.011078, , , , , , , 13.9371923, 0.0619364, , , , , , , 13.9371923, -0.012253, , , , , , , , , , , , , , , , , , , , , , , , , , , , 
13.9377115, 0.072343, , , , , , , 13.9377115, 0.0105745, , , , , , , 13.9377115, 0.0810712, , , , , , , 13.9377115, -0.0137636, , , , , , , , , , , , , , , , , , , , , , , , , , , , 
13.9382308, 0.0693217, , , , , , , 13.9382308, 0.0109102, , , , , , , 13.9382308, 0.0951705, , , , , , , 13.9382308, -0.0162814, , , , , , , , , , , , , , , , , , , , , , , , , , , , 
13.93875, 0.0621042, , , , , , , 13.93875, 0.0115816, , , , , , , 13.93875, 0.0978561, , , , , , , 13.93875, -0.0135958, , , , , , , , , , , , , , , , , , , , , , , , , , , , 
13.9392692, 0.0522011, , , , , , , 13.9392692, 0.0119173, , , , , , , 13.9392692, 0.0877852, , , , , , , 13.9392692, -0.0065461, , , , , , , , , , , , , , , , , , , , , , , , , , , , 
13.9397885, 0.0441444, , , , , , , 13.9397885, 0.012253, , , , , , , 13.9397885, 0.0661326, , , , , , , 13.9397885, -0.002182, , , , , , , , , , , , , , , , , , , , , , , , , , , , 
13.9403077, 0.030045, , , , , , , 13.9403077, 0.0146029, , , , , , , 13.9403077, 0.0461585, , , , , , , 13.9403077, 0.0003357, , , , , , , , , , , , , , , , , , , , , , , , , , , , 
13.9408269, 0.0125887, , , , , , , 13.9408269, 0.0171206, , , , , , , 13.9408269, 0.0360876, , , , , , , 13.9408269, 0.0036927, , , , , , , , , , , , , , , , , , , , , , , , , , , , 
13.9413462, -0.0001678, , , , , , , 13.9413462, 0.0152743, , , , , , , 13.9413462, 0.0287022, , , , , , , 13.9413462, 0.0062104, , , , , , , , , , , , , , , , , , , , , , , , , , , , 
13.9418654, -0.0090639, , , , , , , 13.9418654, 0.0139315, , , , , , , 13.9418654, 0.0240024, , , , , , , 13.9418654, 0.0085603, , , , , , , , , , , , , , , , , , , , , , , , , , , , 
13.9423846, -0.0184634, , , , , , , 13.9423846, 0.0132601, , , , , , , 13.9423846, 0.023331, , , , , , , 13.9423846, 0.0139315, , , , , , , , , , , , , , , , , , , , , , , , , , , , 
13.9429038, -0.0297093, , , , , , , 13.9429038, 0.0209812, , , , , , , 13.9429038, 0.0256809, , , , , , , 13.9429038, 0.0206455, , , , , , , , , , , , , , , , , , , , , , , , , , , , 
13.9434231, -0.0397803, , , , , , , 13.9434231, 0.0374304, , , , , , , 13.9434231, 0.0293736, , , , , , , 13.9434231, 0.027863, , , , , , , , , , , , , , , , , , , , , , , , , , , , 
13.9439423, -0.0475013, , , , , , , 13.9439423, 0.054551, , , , , , , 13.9439423, 0.0365911, , , , , , , 13.9439423, 0.0313878, , , , , , , , , , , , , , , , , , , , , , , , , , , , 
13.9444615, -0.0522011, , , , , , , 13.9444615, 0.064622, , , , , , , 13.9444615, 0.0555581, , , , , , , 13.9444615, 0.0347448, , , , , , , , , , , , , , , , , , , , , , , , , , , , 
13.9449808, -0.0485084, , , , , , , 13.9449808, 0.0647898, , , , , , , 13.9449808, 0.0866102, , , , , , , 13.9449808, 0.0431373, , , , , , , , , , , , , , , , , , , , , , , , , , , , 
13.9455, -0.0381018, , , , , , , 13.9455, 0.0558938, , , , , , , 13.9455, 0.117998, , , , , , , 13.9455, 0.0475013, , , , , , , , , , , , , , , , , , , , , , , , , , , , 
13.9460192, -0.0273594, , , , , , , 13.9460192, 0.0391089, , , , , , , 13.9460192, 0.1421683, , , , , , , 13.9460192, 0.0424659, , , , , , , , , , , , , , , , , , , , , , , , , , , , 
13.9465385, -0.0203098, , , , , , , 13.9465385, 0.0078889, , , , , , , 13.9465385, 0.1616388, , , , , , , 13.9465385, 0.0360876, , , , , , , , , , , , , , , , , , , , , , , , , , , , 
13.9470577, -0.0109102, , , , , , , 13.9470577, -0.0310521, , , , , , , 13.9470577, 0.1837949, , , , , , , 13.9470577, 0.0340734, , , , , , , , , , , , , , , , , , , , , , , , , , , , 
13.9475769, -0.0005035, , , , , , , 13.9475769, -0.0592508, , , , , , , 13.9475769, 0.209308, , , , , , , 13.9475769, 0.0335698, , , , , , , , , , , , , , , , , , , , , , , , , , , , 
13.9480962, 0.0038605, , , , , , , 13.9480962, -0.0693217, , , , , , , 13.9480962, 0.2289464, , , , , , , 13.9480962, 0.033402, , , , , , , , , , , , , , , , , , , , , , , , , , , , 
13.9486154, 0.0065461, , , , , , , 13.9486154, -0.064622, , , , , , , 13.9486154, 0.2375067, , , , , , , 13.9486154, 0.0318914, , , , , , , , , , , , , , , , , , , , , , , , , , , , 
13.9491346, 0.0112459, , , , , , , 13.9491346, -0.054551, , , , , , , 13.9491346, 0.2375067, , , , , , , 13.9491346, 0.026688, , , , , , , , , , , , , , , , , , , , , , , , , , , , 
13.9496538, 0.0157778, , , , , , , 13.9496538, -0.0505226, , , , , , , 13.9496538, 0.2307927, , , , , , , 13.9496538, 0.0176242, , , , , , , , , , , , , , , , , , , , , , , , , , , , 
13.9501731, 0.0162814, , , , , , , 13.9501731, -0.057908, , , , , , , 13.9501731, 0.2143435, , , , , , , 13.9501731, 0.0075532, , , , , , , , , , , , , , , , , , , , , , , , , , , , 
13.9506923, 0.0152743, , , , , , , 13.9506923, -0.0673075, , , , , , , 13.9506923, 0.1958801, , , , , , , 13.9506923, 0.0011749, , , , , , , , , , , , , , , , , , , , , , , , , , , , 
13.9512115, 0.0191348, , , , , , , 13.9512115, -0.0706645, , , , , , , 13.9512115, 0.1733883, , , , , , , 13.9512115, -0.0031891, , , , , , , , , , , , , , , , , , , , , , , , , , , , 
13.9517308, 0.0253452, , , , , , , 13.9517308, -0.0641184, , , , , , , 13.9517308, 0.1354543, , , , , , , 13.9517308, -0.0083925, , , , , , , , , , , , , , , , , , , , , , , , , , , , 
13.95225, 0.026688, , , , , , , 13.95225, -0.0448157, , , , , , , 13.95225, 0.0803998, , , , , , , 13.95225, -0.0115816, , , , , , , , , , , , , , , , , , , , , , , , , , , , 
13.9527692, 0.0283665, , , , , , , 13.9527692, -0.0250095, , , , , , , 13.9527692, 0.0206455, , , , , , , 13.9527692, -0.0125887, , , , , , , , , , , , , , , , , , , , , , , , , , , , 
13.9532885, 0.0352483, , , , , , , 13.9532885, -0.01561, , , , , , , 13.9532885, -0.043473, , , , , , , 13.9532885, -0.0152743, , , , , , , , , , , , , , , , , , , , , , , , , , , , 
13.9538077, 0.0387732, , , , , , , 13.9538077, -0.008896, , , , , , , 13.9538077, -0.1062486, , , , , , , 13.9538077, -0.01561, , , , , , , , , , , , , , , , , , , , , , , , , , , , 
13.9543269, 0.0411231, , , , , , , 13.9543269, 0.0052033, , , , , , , 13.9543269, -0.160296, , , , , , , 13.9543269, -0.0129244, , , , , , , , , , , , , , , , , , , , , , , , , , , , 
13.9548462, 0.0451514, , , , , , , 13.9548462, 0.0303807, , , , , , , 13.9548462, -0.1921874, , , , , , , 13.9548462, -0.0109102, , , , , , , , , , , , , , , , , , , , , , , , , , , , 
13.9553654, 0.0552224, , , , , , , 13.9553654, 0.0542153, , , , , , , 13.9553654, -0.2020905, , , , , , , 13.9553654, -0.008896, , , , , , , , , , , , , , , , , , , , , , , , , , , , 
13.9558846, 0.0666361, , , , , , , 13.9558846, 0.0547189, , , , , , , 13.9558846, -0.2015869, , , , , , , 13.9558846, -0.0072175, , , , , , , , , , , , , , , , , , , , , , , , , , , , 
13.9564038, 0.0696574, , , , , , , 13.9564038, 0.033402, , , , , , , 13.9564038, -0.1896696, , , , , , , 13.9564038, -0.0062104, , , , , , , , , , , , , , , , , , , , , , , , , , , , 
13.9569231, 0.0710002, , , , , , , 13.9569231, 0.0191348, , , , , , , 13.9569231, -0.1616388, , , , , , , 13.9569231, 0.0011749, , , , , , , , , , , , , , , , , , , , , , , , , , , , 
13.9574423, 0.0760357, , , , , , , 13.9574423, 0.0246738, , , , , , , 13.9574423, -0.1272297, , , , , , , 13.9574423, 0.0119173, , , , , , , , , , , , , , , , , , , , , , , , , , , , 
13.9579615, 0.0750286, , , , , , , 13.9579615, 0.040116, , , , , , , 13.9579615, -0.1008774, , , , , , , 13.9579615, 0.0208133, , , , , , , , , , , , , , , , , , , , , , , , , , , , 
13.9584808, 0.0710002, , , , , , , 13.9584808, 0.0441444, , , , , , , 13.9584808, -0.0891279, , , , , , , 13.9584808, 0.0263523, , , , , , , , , , , , , , , , , , , , , , , , , , , , 
13.959, 0.0626078, , , , , , , 13.959, 0.0213169, , , , , , , 13.959, -0.0783856, , , , , , , 13.959, 0.0263523, , , , , , , , , , , , , , , , , , , , , , , , , , , , 
13.9595192, 0.047837, , , , , , , 13.9595192, -0.0179599, , , , , , , 13.9595192, -0.0777142, , , , , , , 13.9595192, 0.0246738, , , , , , , , , , , , , , , , , , , , , , , , , , , , 
13.9600385, 0.0310521, , , , , , , 13.9600385, -0.0461585, , , , , , , 13.9600385, -0.0938277, , , , , , , 13.9600385, 0.0246738, , , , , , , , , , , , , , , , , , , , , , , , , , , , 
13.9605577, 0.0182956, , , , , , , 13.9605577, -0.054551, , , , , , , 13.9605577, -0.1122911, , , , , , , 13.9605577, 0.0253452, , , , , , , , , , , , , , , , , , , , , , , , , , , , 
13.9610769, 0.0038605, , , , , , , 13.9610769, -0.0515297, , , , , , , 13.9610769, -0.1225299, , , , , , , 13.9610769, 0.0256809, , , , , , , , , , , , , , , , , , , , , , , , , , , , 
13.9615962, -0.0112459, , , , , , , 13.9615962, -0.04448, , , , , , , 13.9615962, -0.1200122, , , , , , , 13.9615962, 0.0246738, , , , , , , , , , , , , , , , , , , , , , , , , , , , 
13.9621154, -0.0265202, , , , , , , 13.9621154, -0.0352483, , , , , , , 13.9621154, -0.1122911, , , , , , , 13.9621154, 0.0219883, , , , , , , , , , , , , , , , , , , , , , , , , , , , 
13.9626346, -0.04448, , , , , , , 13.9626346, -0.0258488, , , , , , , 13.9626346, -0.1065843, , , , , , , 13.9626346, 0.0172885, , , , , , , , , , , , , , , , , , , , , , , , , , , , 
13.9631538, -0.0574044, , , , , , , 13.9631538, -0.0209812, , , , , , , 13.9631538, -0.1028916, , , , , , , 13.9631538, 0.0135958, , , , , , , , , , , , , , , , , , , , , , , , , , , , 
13.9636731, -0.0636149, , , , , , , 13.9636731, -0.026688, , , , , , , 13.9636731, -0.1037308, , , , , , , 13.9636731, 0.0112459, , , , , , , , , , , , , , , , , , , , , , , , , , , , 
13.9641923, -0.0632792, , , , , , , 13.9641923, -0.0317235, , , , , , , 13.9641923, -0.0998703, , , , , , , 13.9641923, 0.0119173, , , , , , , , , , , , , , , , , , , , , , , , , , , , 
13.9647115, -0.0602579, , , , , , , 13.9647115, -0.030045, , , , , , , 13.9647115, -0.0783856, , , , , , , 13.9647115, 0.0166171, , , , , , , , , , , , , , , , , , , , , , , , , , , , 
13.9652308, -0.0505226, , , , , , , 13.9652308, -0.0166171, , , , , , , 13.9652308, -0.0412909, , , , , , , 13.9652308, 0.0172885, , , , , , , , , , , , , , , , , , , , , , , , , , , , 
13.96575, -0.0337377, , , , , , , 13.96575, 0.002182, , , , , , , 13.96575, -0.0062104, , , , , , , 13.96575, 0.0139315, , , , , , , , , , , , , , , , , , , , , , , , , , , , 
13.9662692, -0.0152743, , , , , , , 13.9662692, 0.0052033, , , , , , , 13.9662692, 0.012253, , , , , , , 13.9662692, 0.0105745, , , , , , , , , , , , , , , , , , , , , , , , , , , , 
13.9667885, -0.0038605, , , , , , , 13.9667885, -0.0062104, , , , , , , 13.9667885, 0.0179599, , , , , , , 13.9667885, 0.0058747, , , , , , , , , , , , , , , , , , , , , , , , , , , , 
13.9673077, -0.0018463, , , , , , , 13.9673077, -0.018967, , , , , , , 13.9673077, 0.0240024, , , , , , , 13.9673077, 0.0005035, , , , , , , , , , , , , , , , , , , , , , , , , , , , 
13.9678269, -0.0011749, , , , , , , 13.9678269, -0.0193027, , , , , , , 13.9678269, 0.0431373, , , , , , , 13.9678269, -0.0006714, , , , , , , , , , , , , , , , , , , , , , , , , , , , 
13.9683462, 0.0003357, , , , , , , 13.9683462, -0.0062104, , , , , , , 13.9683462, 0.0710002, , , , , , , 13.9683462, 0.0048676, , , , , , , , , , , , , , , , , , , , , , , , , , , , 
13.9688654, 0.0050355, , , , , , , 13.9688654, -0.0015106, , , , , , , 13.9688654, 0.0951705, , , , , , , 13.9688654, 0.0125887, , , , , , , , , , , , , , , , , , , , , , , , , , , , 
13.9693846, 0.0149386, , , , , , , 13.9693846, -0.0186313, , , , , , , 13.9693846, 0.10692, , , , , , , 13.9693846, 0.0169528, , , , , , , , , , , , , , , , , , , , , , , , , , , , 
13.9699038, 0.0199741, , , , , , , 13.9699038, -0.04448, , , , , , , 13.9699038, 0.111284, , , , , , , 13.9699038, 0.0226596, , , , , , , , , , , , , , , , , , , , , , , , , , , , 
13.9704231, 0.0172885, , , , , , , 13.9704231, -0.0491798, , , , , , , 13.9704231, 0.117998, , , , , , , 13.9704231, 0.0347448, , , , , , , , , , , , , , , , , , , , , , , , , , , , 
13.9709423, 0.0159457, , , , , , , 13.9709423, -0.0360876, , , , , , , 13.9709423, 0.1260548, , , , , , , 13.9709423, 0.0421302, , , , , , , , , , , , , , , , , , , , , , , , , , , , 
13.9714615, 0.0166171, , , , , , , 13.9714615, -0.0320592, , , , , , , 13.9714615, 0.1220264, , , , , , , 13.9714615, 0.0387732, , , , , , , , , , , , , , , , , , , , , , , , , , , , 
13.9719808, 0.018967, , , , , , , 13.9719808, -0.0344091, , , , , , , 13.9719808, 0.1153124, , , , , , , 13.9719808, 0.0287022, , , , , , , , , , , , , , , , , , , , , , , , , , , , 
13.9725, 0.0218204, , , , , , , 13.9725, -0.0330663, , , , , , , 13.9725, 0.1094377, , , , , , , 13.9725, 0.0204776, , , , , , , , , , , , , , , , , , , , , , , , , , , , 
13.9730192, 0.0246738, , , , , , , 13.9730192, -0.0387732, , , , , , , 13.9730192, 0.0938277, , , , , , , 13.9730192, 0.014435, , , , , , , , , , , , , , , , , , , , , , , , , , , , 
13.9735385, 0.026688, , , , , , , 13.9735385, -0.0569009, , , , , , , 13.9735385, 0.0619364, , , , , , , 13.9735385, 0.0092317, , , , , , , , , , , , , , , , , , , , , , , , , , , , 
13.9740577, 0.0246738, , , , , , , 13.9740577, -0.0767071, , , , , , , 13.9740577, 0.0166171, , , , , , , 13.9740577, 0.0058747, , , , , , , , , , , , , , , , , , , , , , , , , , , , 
13.9745769, 0.0253452, , , , , , , 13.9745769, -0.0820783, , , , , , , 13.9745769, -0.0303807, , , , , , , 13.9745769, 0.0025177, , , , , , , , , , , , , , , , , , , , , , , , , , , , 
13.9750962, 0.036759, , , , , , , 13.9750962, -0.0706645, , , , , , , 13.9750962, -0.0699931, , , , , , , 13.9750962, -0.0031891, , , , , , , , , , , , , , , , , , , , , , , , , , , , 
13.9756154, 0.054551, , , , , , , 13.9756154, -0.0464942, , , , , , , 13.9756154, -0.0909743, , , , , , , 13.9756154, -0.0109102, , , , , , , , , , , , , , , , , , , , , , , , , , , , 
13.9761346, 0.0663005, , , , , , , 13.9761346, -0.0162814, , , , , , , 13.9761346, -0.0991989, , , , , , , 13.9761346, -0.0151064, , , , , , , , , , , , , , , , , , , , , , , , , , , , 
13.9766538, 0.0713359, , , , , , , 13.9766538, 0.0095674, , , , , , , 13.9766538, -0.1131304, , , , , , , 13.9766538, -0.0152743, , , , , , , , , , , , , , , , , , , , , , , , , , , , 
13.9771731, 0.0750286, , , , , , , 13.9771731, 0.0218204, , , , , , , 13.9771731, -0.1334401, , , , , , , 13.9771731, -0.0119173, , , , , , , , , , , , , , , , , , , , , , , , , , , , 
13.9776923, 0.0763714, , , , , , , 13.9776923, 0.0219883, , , , , , , 13.9776923, -0.139147, , , , , , , 13.9776923, -0.0093996, , , , , , , , , , , , , , , , , , , , , , , , , , , , 
13.9782115, 0.0706645, , , , , , , 13.9782115, 0.021149, , , , , , , 13.9782115, -0.1210193, , , , , , , 13.9782115, -0.0075532, , , , , , , , , , , , , , , , , , , , , , , , , , , , 
13.9787308, 0.0629435, , , , , , , 13.9787308, 0.0236667, , , , , , , 13.9787308, -0.0894636, , , , , , , 13.9787308, -0.0050355, , , , , , , , , , , , , , , , , , , , , , , , , , , , 
13.97925, 0.0528725, , , , , , , 13.97925, 0.0258488, , , , , , , 13.97925, -0.057908, , , , , , , 13.97925, -0.0041962, , , , , , , , , , , , , , , , , , , , , , , , , , , , 
13.9797692, 0.04448, , , , , , , 13.9797692, 0.023331, , , , , , , 13.9797692, -0.0318914, , , , , , , 13.9797692, -0.0001678, , , , , , , , , , , , , , , , , , , , , , , , , , , , 
13.9802885, 0.0360876, , , , , , , 13.9802885, 0.0179599, , , , , , , 13.9802885, -0.0166171, , , , , , , 13.9802885, 0.0052033, , , , , , , , , , , , , , , , , , , , , , , , , , , , 
13.9808077, 0.0219883, , , , , , , 13.9808077, 0.0132601, , , , , , , 13.9808077, -0.0132601, , , , , , , 13.9808077, 0.0112459, , , , , , , , , , , , , , , , , , , , , , , , , , , , 
13.9813269, 0.0090639, , , , , , , 13.9813269, 0.0095674, , , , , , , 13.9813269, -0.0112459, , , , , , , 13.9813269, 0.0172885, , , , , , , , , , , , , , , , , , , , , , , , , , , , 
13.9818462, -0.0045319, , , , , , , 13.9818462, 0.0085603, , , , , , , 13.9818462, -0.0018463, , , , , , , 13.9818462, 0.0226596, , , , , , , , , , , , , , , , , , , , , , , , , , , , 
13.9823654, -0.0171206, , , , , , , 13.9823654, 0.0090639, , , , , , , 13.9823654, 0.0137636, , , , , , , 13.9823654, 0.0302129, , , , , , , , , , , , , , , , , , , , , , , , , , , , 
13.9828846, -0.0280308, , , , , , , 13.9828846, 0.0105745, , , , , , , 13.9828846, 0.026688, , , , , , , 13.9828846, 0.036759, , , , , , , , , , , , , , , , , , , , , , , , , , , , 
13.9834038, -0.0379339, , , , , , , 13.9834038, 0.0152743, , , , , , , 13.9834038, 0.0347448, , , , , , , 13.9834038, 0.0414588, , , , , , , , , , , , , , , , , , , , , , , , , , , , 
13.9839231, -0.04448, , , , , , , 13.9839231, 0.026688, , , , , , , 13.9839231, 0.0387732, , , , , , , 13.9839231, 0.0464942, , , , , , , , , , , , , , , , , , , , , , , , , , , , 
13.9844423, -0.0491798, , , , , , , 13.9844423, 0.043473, , , , , , , 13.9844423, 0.0374304, , , , , , , 13.9844423, 0.0488441, , , , , , , , , , , , , , , , , , , , , , , , , , , , 
13.9849615, -0.0525368, , , , , , , 13.9849615, 0.061265, , , , , , , 13.9849615, 0.0273594, , , , , , , 13.9849615, 0.0451514, , , , , , , , , , , , , , , , , , , , , , , , , , , , 
13.9854808, -0.0461585, , , , , , , 13.9854808, 0.0726787, , , , , , , 13.9854808, 0.0125887, , , , , , , 13.9854808, 0.0354162, , , , , , , , , , , , , , , , , , , , , , , , , , , , 
13.986, -0.0297093, , , , , , , 13.986, 0.0673075, , , , , , , 13.986, 0.0011749, , , , , , , 13.986, 0.0246738, , , , , , , , , , , , , , , , , , , , , , , , , , , , 
13.9865192, -0.01561, , , , , , , 13.9865192, 0.0532082, , , , , , , 13.9865192, -0.0028534, , , , , , , 13.9865192, 0.0162814, , , , , , , , , , , , , , , , , , , , , , , , , , , , 
13.9870385, -0.0082246, , , , , , , 13.9870385, 0.0394446, , , , , , , 13.9870385, 0.0001678, , , , , , , 13.9870385, 0.0117494, , , , , , , , , , , , , , , , , , , , , , , , , , , , 
13.9875577, -0.0036927, , , , , , , 13.9875577, 0.0320592, , , , , , , 13.9875577, 0.002182, , , , , , , 13.9875577, 0.0097353, , , , , , , , , , , , , , , , , , , , , , , , , , , , 
13.9880769, 0.0048676, , , , , , , 13.9880769, 0.0276951, , , , , , , 13.9880769, -0.0018463, , , , , , , 13.9880769, 0.0062104, , , , , , , , , , , , , , , , , , , , , , , , , , , , 
13.9885962, 0.0162814, , , , , , , 13.9885962, 0.0125887, , , , , , , 13.9885962, -0.0102388, , , , , , , 13.9885962, 0.0005035, , , , , , , , , , , , , , , , , , , , , , , , , , , , 
13.9891154, 0.0236667, , , , , , , 13.9891154, -0.0119173, , , , , , , 13.9891154, -0.0135958, , , , , , , 13.9891154, -0.0025177, , , , , , , , , , , , , , , , , , , , , , , , , , , , 
13.9896346, 0.0256809, , , , , , , 13.9896346, -0.0224918, , , , , , , 13.9896346, -0.0068818, , , , , , , 13.9896346, -0.0010071, , , , , , , , , , , , , , , , , , , , , , , , , , , , 
13.9901538, 0.0250095, , , , , , , 13.9901538, -0.0179599, , , , , , , 13.9901538, 0.0016785, , , , , , , 13.9901538, 0.0043641, , , , , , , , , , , , , , , , , , , , , , , , , , , , 
13.9906731, 0.0280308, , , , , , , 13.9906731, -0.0154421, , , , , , , 13.9906731, -0.002182, , , , , , , 13.9906731, 0.0115816, , , , , , , , , , , , , , , , , , , , , , , , , , , , 
13.9911923, 0.030045, , , , , , , 13.9911923, -0.0139315, , , , , , , 13.9911923, -0.017792, , , , , , , 13.9911923, 0.0166171, , , , , , , , , , , , , , , , , , , , , , , , , , , , 
13.9917115, 0.0263523, , , , , , , 13.9917115, -0.0068818, , , , , , , 13.9917115, -0.0323949, , , , , , , 13.9917115, 0.0213169, , , , , , , , , , , , , , , , , , , , , , , , , , , , 
13.9922308, 0.0199741, , , , , , , 13.9922308, -0.0057069, , , , , , , 13.9922308, -0.0392767, , , , , , , 13.9922308, 0.0260166, , , , , , , , , , , , , , , , , , , , , , , , , , , , 
13.99275, 0.0193027, , , , , , , 13.99275, -0.0154421, , , , , , , 13.99275, -0.0441444, , , , , , , 13.99275, 0.030045, , , , , , , , , , , , , , , , , , , , , , , , , , , , 
13.9932692, 0.023331, , , , , , , 13.9932692, -0.0381018, , , , , , , 13.9932692, -0.0471656, , , , , , , 13.9932692, 0.0350805, , , , , , , , , , , , , , , , , , , , , , , , , , , , 
13.9937885, 0.0260166, , , , , , , 13.9937885, -0.0572366, , , , , , , 13.9937885, -0.0488441, , , , , , , 13.9937885, 0.036759, , , , , , , , , , , , , , , , , , , , , , , , , , , , 
13.9943077, 0.0196384, , , , , , , 13.9943077, -0.0491798, , , , , , , 13.9943077, -0.0454871, , , , , , , 13.9943077, 0.0347448, , , , , , , , , , , , , , , , , , , , , , , , , , , , 
13.9948269, 0.0162814, , , , , , , 13.9948269, -0.0265202, , , , , , , 13.9948269, -0.0350805, , , , , , , 13.9948269, 0.030045, , , , , , , , , , , , , , , , , , , , , , , , , , , , 
13.9953462, 0.023331, , , , , , , 13.9953462, -0.0152743, , , , , , , 13.9953462, -0.0162814, , , , , , , 13.9953462, 0.0226596, , , , , , , , , , , , , , , , , , , , , , , , , , , , 
13.9958654, 0.035584, , , , , , , 13.9958654, -0.0206455, , , , , , , 13.9958654, 0.0085603, , , , , , , 13.9958654, 0.0186313, , , , , , , , , , , , , , , , , , , , , , , , , , , , 
13.9963846, 0.0461585, , , , , , , 13.9963846, -0.0287022, , , , , , , 13.9963846, 0.0305486, , , , , , , 13.9963846, 0.0199741, , , , , , , , , , , , , , , , , , , , , , , , , , , , 
13.9969038, 0.0520333, , , , , , , 13.9969038, -0.0364233, , , , , , , 13.9969038, 0.0461585, , , , , , , 13.9969038, 0.0203098, , , , , , , , , , , , , , , , , , , , , , , , , , , , 
13.9974231, 0.0528725, , , , , , , 13.9974231, -0.0468299, , , , , , , 13.9974231, 0.0609293, , , , , , , 13.9974231, 0.0186313, , , , , , , , , , , , , , , , , , , , , , , , , , , , 
13.9979423, 0.0522011, , , , , , , 13.9979423, -0.0572366, , , , , , , 13.9979423, 0.0757, , , , , , , 13.9979423, 0.0169528, , , , , , , , , , , , , , , , , , , , , , , , , , , , 
13.9984615, 0.0428016, , , , , , , 13.9984615, -0.064622, , , , , , , 13.9984615, 0.0903029, , , , , , , 13.9984615, 0.0139315, , , , , , , , , , , , , , , , , , , , , , , , , , , , 
13.9989808, 0.0256809, , , , , , , 13.9989808, -0.0518654, , , , , , , 13.9989808, 0.100206, , , , , , , 13.9989808, 0.0092317, , , , , , , , , , , , , , , , , , , , , , , , , , , , 
13.9995, 0.0135958, , , , , , , 13.9995, -0.0253452, , , , , , , 13.9995, 0.0950027, , , , , , , 13.9995, 0.008896, , , , , , , , , , , , , , , , , , , , , , , , , , , , 
14.0000192, 0.0072175, , , , , , , 14.0000192, -0.0135958, , , , , , , 14.0000192, 0.0715038, , , , , , , 14.0000192, 0.0092317, , , , , , , , , , , , , , , , , , , , , , , , , , , , 
14.0005385, 0.0052033, , , , , , , 14.0005385, -0.0219883, , , , , , , 14.0005385, 0.0365911, , , , , , , 14.0005385, 0.0078889, , , , , , , , , , , , , , , , , , , , , , , , , , , , 
14.0010577, 0.0018463, , , , , , , 14.0010577, -0.0276951, , , , , , , 14.0010577, 0.0025177, , , , , , , 14.0010577, 0.0038605, , , , , , , , , , , , , , , , , , , , , , , , , , , , 
14.0015769, -0.0072175, , , , , , , 14.0015769, -0.0216526, , , , , , , 14.0015769, -0.0219883, , , , , , , 14.0015769, -0.0005035, , , , , , , , , , , , , , , , , , , , , , , , , , , , 
14.0020962, -0.0203098, , , , , , , 14.0020962, -0.01561, , , , , , , 14.0020962, -0.0357519, , , , , , , 14.0020962, -0.0015106, , , , , , , , , , , , , , , , , , , , , , , , , , , , 
14.0026154, -0.0357519, , , , , , , 14.0026154, -0.0140993, , , , , , , 14.0026154, -0.0399481, , , , , , , 14.0026154, 0.0001678, , , , , , , , , , , , , , , , , , , , , , , , , , , , 
14.0031346, -0.0464942, , , , , , , 14.0031346, -0.012253, , , , , , , 14.0031346, -0.0397803, , , , , , , 14.0031346, 0.0005035, , , , , , , , , , , , , , , , , , , , , , , , , , , , 
14.0036538, -0.0498512, , , , , , , 14.0036538, -0.0062104, , , , , , , 14.0036538, -0.040116, , , , , , , 14.0036538, 0.0006714, , , , , , , , , , , , , , , , , , , , , , , , , , , , 
14.0041731, -0.0498512, , , , , , , 14.0041731, 0.0078889, , , , , , , 14.0041731, -0.040116, , , , , , , 14.0041731, 0.0010071, , , , , , , , , , , , , , , , , , , , , , , , , , , , 
14.0046923, -0.0448157, , , , , , , 14.0046923, 0.0236667, , , , , , , 14.0046923, -0.0345769, , , , , , , 14.0046923, 0.0003357, , , , , , , , , , , , , , , , , , , , , , , , , , , , 
14.0052115, -0.0357519, , , , , , , 14.0052115, 0.0287022, , , , , , , 14.0052115, -0.0209812, , , , , , , 14.0052115, -0.0016785, , , , , , , , , , , , , , , , , , , , , , , , , , , , 
14.0057308, -0.0213169, , , , , , , 14.0057308, 0.0223239, , , , , , , 14.0057308, -0.0102388, , , , , , , 14.0057308, -0.0068818, , , , , , , , , , , , , , , , , , , , , , , , , , , , 
14.00625, -0.0028534, , , , , , , 14.00625, 0.0152743, , , , , , , 14.00625, -0.018967, , , , , , , 14.00625, -0.011078, , , , , , , , , , , , , , , , , , , , , , , , , , , , 
14.0067692, 0.0125887, , , , , , , 14.0067692, 0.0149386, , , , , , , 14.0067692, -0.0419623, , , , , , , 14.0067692, -0.0139315, , , , , , , , , , , , , , , , , , , , , , , , , , , , 
14.0072885, 0.0250095, , , , , , , 14.0072885, 0.0159457, , , , , , , 14.0072885, -0.0557259, , , , , , , 14.0072885, -0.0149386, , , , , , , , , , , , , , , , , , , , , , , , , , , , 
14.0078077, 0.0340734, , , , , , , 14.0078077, 0.0196384, , , , , , , 14.0078077, -0.0538796, , , , , , , 14.0078077, -0.0104067, , , , , , , , , , , , , , , , , , , , , , , , , , , , 
14.0083269, 0.0384375, , , , , , , 14.0083269, 0.0303807, , , , , , , 14.0083269, -0.0448157, , , , , , , 14.0083269, -0.0008392, , , , , , , , , , , , , , , , , , , , , , , , , , , , 
14.0088462, 0.0399481, , , , , , , 14.0088462, 0.0404517, , , , , , , 14.0088462, -0.0394446, , , , , , , 14.0088462, 0.0065461, , , , , , , , , , , , , , , , , , , , , , , , , , , , 
14.0093654, 0.0428016, , , , , , , 14.0093654, 0.0459907, , , , , , , 14.0093654, -0.0438087, , , , , , , 14.0093654, 0.0102388, , , , , , , , , , , , , , , , , , , , , , , , , , , , 
14.0098846, 0.0473335, , , , , , , 14.0098846, 0.0360876, , , , , , , 14.0098846, -0.0552224, , , , , , , 14.0098846, 0.0129244, , , , , , , , , , , , , , , , , , , , , , , , , , , , 
14.0104038, 0.0421302, , , , , , , 14.0104038, 0.0132601, , , , , , , 14.0104038, -0.0652934, , , , , , , 14.0104038, 0.0146029, , , , , , , , , , , , , , , , , , , , , , , , , , , , 
14.0109231, 0.0288701, , , , , , , 14.0109231, 0.0001678, , , , , , , 14.0109231, -0.0716716, , , , , , , 14.0109231, 0.0182956, , , , , , , , , , , , , , , , , , , , , , , , , , , , 
14.0114423, 0.0166171, , , , , , , 14.0114423, 0.0011749, , , , , , , 14.0114423, -0.0733501, , , , , , , 14.0114423, 0.0253452, , , , , , , , , , , , , , , , , , , , , , , , , , , , 
14.0119615, 0.0090639, , , , , , , 14.0119615, -0.0015106, , , , , , , 14.0119615, -0.0669718, , , , , , , 14.0119615, 0.0307164, , , , , , , , , , , , , , , , , , , , , , , , , , , , 
14.0124808, 0.0057069, , , , , , , 14.0124808, -0.0112459, , , , , , , 14.0124808, -0.054551, , , , , , , 14.0124808, 0.0360876, , , , , , , , , , , , , , , , , , , , , , , , , , , , 
14.013, 0.0045319, , , , , , , 14.013, -0.0129244, , , , , , , 14.013, -0.0475013, , , , , , , 14.013, 0.0414588, , , , , , , , , , , , , , , , , , , , , , , , , , , , 
14.0135192, 0.0030213, , , , , , , 14.0135192, 0.0001678, , , , , , , 14.0135192, -0.0471656, , , , , , , 14.0135192, 0.043473, , , , , , , , , , , , , , , , , , , , , , , , , , , , 
14.0140385, 0.002182, , , , , , , 14.0140385, 0.0125887, , , , , , , 14.0140385, -0.0451514, , , , , , , 14.0140385, 0.0391089, , , , , , , , , , , , , , , , , , , , , , , , , , , , 
14.0145577, 0.0075532, , , , , , , 14.0145577, 0.008896, , , , , , , 14.0145577, -0.0381018, , , , , , , 14.0145577, 0.0317235, , , , , , , , , , , , , , , , , , , , , , , , , , , , 
14.0150769, 0.0196384, , , , , , , 14.0150769, -0.0001678, , , , , , , 14.0150769, -0.0236667, , , , , , , 14.0150769, 0.0246738, , , , , , , , , , , , , , , , , , , , , , , , , , , , 
14.0155962, 0.0381018, , , , , , , 14.0155962, -0.0162814, , , , , , , 14.0155962, -0.005539, , , , , , , 14.0155962, 0.018967, , , , , , , , , , , , , , , , , , , , , , , , , , , , 
14.0161154, 0.0553902, , , , , , , 14.0161154, -0.0542153, , , , , , , 14.0161154, 0.0149386, , , , , , , 14.0161154, 0.0172885, , , , , , , , , , , , , , , , , , , , , , , , , , , , 
14.0166346, 0.0642863, , , , , , , 14.0166346, -0.1055772, , , , , , , 14.0166346, 0.0387732, , , , , , , 14.0166346, 0.0186313, , , , , , , , , , , , , , , , , , , , , , , , , , , , 
14.0171538, 0.0639506, , , , , , , 14.0171538, -0.1519036, , , , , , , 14.0171538, 0.0602579, , , , , , , 14.0171538, 0.017792, , , , , , , , , , , , , , , , , , , , , , , , , , , , 
14.0176731, 0.0575723, , , , , , , 14.0176731, -0.1748989, , , , , , , 14.0176731, 0.0770428, , , , , , , 14.0176731, 0.0162814, , , , , , , , , , , , , , , , , , , , , , , , , , , , 
14.0181923, 0.0535439, , , , , , , 14.0181923, -0.1613031, , , , , , , 14.0181923, 0.0861067, , , , , , , 14.0181923, 0.0159457, , , , , , , , , , , , , , , , , , , , , , , , , , , , 
14.0187115, 0.0505226, , , , , , , 14.0187115, -0.1265583, , , , , , , 14.0187115, 0.0874495, , , , , , , 14.0187115, 0.0171206, , , , , , , , , , , , , , , , , , , , , , , , , , , , 
14.0192308, 0.0433051, , , , , , , 14.0192308, -0.0931563, , , , , , , 14.0192308, 0.0814069, , , , , , , 14.0192308, 0.0149386, , , , , , , , , , , , , , , , , , , , , , , , , , , , 
14.01975, 0.0347448, , , , , , , 14.01975, -0.0614328, , , , , , , 14.01975, 0.0703288, , , , , , , 14.01975, 0.0130922, , , , , , , , , , , , , , , , , , , , , , , , , , , , 
14.0202692, 0.030045, , , , , , , 14.0202692, -0.0256809, , , , , , , 14.0202692, 0.0476692, , , , , , , 14.0202692, 0.0119173, , , , , , , , , , , , , , , , , , , , , , , , , , , , 
14.0207885, 0.0260166, , , , , , , 14.0207885, -0.0005035, , , , , , , 14.0207885, 0.0152743, , , , , , , 14.0207885, 0.0095674, , , , , , , , , , , , , , , , , , , , , , , , , , , , 
14.0213077, 0.0132601, , , , , , , 14.0213077, 0.0090639, , , , , , , 14.0213077, -0.0125887, , , , , , , 14.0213077, 0.0092317, , , , , , , , , , , , , , , , , , , , , , , , , , , , 
14.0218269, -0.0043641, , , , , , , 14.0218269, 0.0166171, , , , , , , 14.0218269, -0.0263523, , , , , , , 14.0218269, 0.0092317, , , , , , , , , , , , , , , , , , , , , , , , , , , , 
14.0223462, -0.0193027, , , , , , , 14.0223462, 0.0265202, , , , , , , 14.0223462, -0.0221561, , , , , , , 14.0223462, 0.0095674, , , , , , , , , , , , , , , , , , , , , , , , , , , , 
14.0228654, -0.026688, , , , , , , 14.0228654, 0.0381018, , , , , , , 14.0228654, -0.0028534, , , , , , , 14.0228654, 0.0078889, , , , , , , , , , , , , , , , , , , , , , , , , , , , 
14.0233846, -0.0327306, , , , , , , 14.0233846, 0.0552224, , , , , , , 14.0233846, 0.0119173, , , , , , , 14.0233846, 0.0052033, , , , , , , , , , , , , , , , , , , , , , , , , , , , 
14.0239038, -0.0407874, , , , , , , 14.0239038, 0.0706645, , , , , , , 14.0239038, 0.0085603, , , , , , , 14.0239038, 0.002182, , , , , , , , , , , , , , , , , , , , , , , , , , , , 
14.0244231, -0.0461585, , , , , , , 14.0244231, 0.0632792, , , , , , , 14.0244231, 0.0063783, , , , , , , 14.0244231, 0.0065461, , , , , , , , , , , , , , , , , , , , , , , , , , , , 
14.0249423, -0.04448, , , , , , , 14.0249423, 0.0350805, , , , , , , 14.0249423, 0.026688, , , , , , , 14.0249423, 0.0142672, , , , , , , , , , , , , , , , , , , , , , , , , , , , 
14.0254615, -0.0320592, , , , , , , 14.0254615, 0.0199741, , , , , , , 14.0254615, 0.0622721, , , , , , , 14.0254615, 0.01561, , , , , , , , , , , , , , , , , , , , , , , , , , , , 
14.0259808, -0.0162814, , , , , , , 14.0259808, 0.0287022, , , , , , , 14.0259808, 0.0881209, , , , , , , 14.0259808, 0.0105745, , , , , , , , , , , , , , , , , , , , , , , , , , , , 
14.0265, -0.0065461, , , , , , , 14.0265, 0.0446479, , , , , , , 14.0265, 0.0941634, , , , , , , 14.0265, 0.0058747, , , , , , , , , , , , , , , , , , , , , , , , , , , , 
14.0270192, -0.0025177, , , , , , , 14.0270192, 0.0525368, , , , , , , 14.0270192, 0.0837568, , , , , , , 14.0270192, 0.0031891, , , , , , , , , , , , , , , , , , , , , , , , , , , , 
14.0275385, -0.0001678, , , , , , , 14.0275385, 0.0535439, , , , , , , 14.0275385, 0.0616007, , , , , , , 14.0275385, 0.0003357, , , , , , , , , , , , , , , , , , , , , , , , , , , , 
14.0280577, 0.0062104, , , , , , , 14.0280577, 0.0451514, , , , , , , 14.0280577, 0.0243381, , , , , , , 14.0280577, 0.0038605, , , , , , , , , , , , , , , , , , , , , , , , , , , , 
14.0285769, 0.0172885, , , , , , , 14.0285769, 0.0263523, , , , , , , 14.0285769, -0.0303807, , , , , , , 14.0285769, 0.0105745, , , , , , , , , , , , , , , , , , , , , , , , , , , , 
14.0290962, 0.0243381, , , , , , , 14.0290962, 0.0018463, , , , , , , 14.0290962, -0.093492, , , , , , , 14.0290962, 0.0164492, , , , , , , , , , , , , , , , , , , , , , , , , , , , 
14.0296154, 0.0224918, , , , , , , 14.0296154, -0.0146029, , , , , , , 14.0296154, -0.1527428, , , , , , , 14.0296154, 0.0169528, , , , , , , , , , , , , , , , , , , , , , , , , , , , 
14.0301346, 0.0193027, , , , , , , 14.0301346, -0.0142672, , , , , , , 14.0301346, -0.1968872, , , , , , , 14.0301346, 0.0135958, , , , , , , , , , , , , , , , , , , , , , , , , , , , 
14.0306538, 0.0176242, , , , , , , 14.0306538, -0.0129244, , , , , , , 14.0306538, -0.2133364, , , , , , , 14.0306538, 0.012253, , , , , , , , , , , , , , , , , , , , , , , , , , , , 
14.0311731, 0.0152743, , , , , , , 14.0311731, -0.0246738, , , , , , , 14.0311731, -0.2062867, , , , , , , 14.0311731, 0.0115816, , , , , , , , , , , , , , , , , , , , , , , , , , , , 
14.0316923, 0.0193027, , , , , , , 14.0316923, -0.0370947, , , , , , , 14.0316923, -0.188159, , , , , , , 14.0316923, 0.0117494, , , , , , , , , , , , , , , , , , , , , , , , , , , , 
14.0322115, 0.0276951, , , , , , , 14.0322115, -0.0364233, , , , , , , 14.0322115, -0.1599603, , , , , , , 14.0322115, 0.0149386, , , , , , , , , , , , , , , , , , , , , , , , , , , , 
14.0327308, 0.0360876, , , , , , , 14.0327308, -0.0280308, , , , , , , 14.0327308, -0.1163195, , , , , , , 14.0327308, 0.0196384, , , , , , , , , , , , , , , , , , , , , , , , , , , , 
14.03325, 0.0428016, , , , , , , 14.03325, -0.0231632, , , , , , , 14.03325, -0.0661326, , , , , , , 14.03325, 0.0196384, , , , , , , , , , , , , , , , , , , , , , , , , , , , 
14.0337692, 0.0473335, , , , , , , 14.0337692, -0.0234989, , , , , , , 14.0337692, -0.0162814, , , , , , , 14.0337692, 0.0169528, , , , , , , , , , , , , , , , , , , , , , , , , , , , 
14.0342885, 0.0475013, , , , , , , 14.0342885, -0.0216526, , , , , , , 14.0342885, 0.0290379, , , , , , , 14.0342885, 0.0105745, , , , , , , , , , , , , , , , , , , , , , , , , , , , 
14.0348077, 0.0454871, , , , , , , 14.0348077, -0.014435, , , , , , , 14.0348077, 0.0562295, , , , , , , 14.0348077, 0.0028534, , , , , , , , , , , , , , , , , , , , , , , , , , , , 
14.0353269, 0.0535439, , , , , , , 14.0353269, -0.0085603, , , , , , , 14.0353269, 0.0582437, , , , , , , 14.0353269, -0.0045319, , , , , , , , , , , , , , , , , , , , , , , , , , , , 
14.0358462, 0.0636149, , , , , , , 14.0358462, -0.0068818, , , , , , , 14.0358462, 0.0446479, , , , , , , 14.0358462, -0.0109102, , , , , , , , , , , , , , , , , , , , , , , , , , , , 
14.0363654, 0.0676432, , , , , , , 14.0363654, -0.0082246, , , , , , , 14.0363654, 0.0265202, , , , , , , 14.0363654, -0.0132601, , , , , , , , , , , , , , , , , , , , , , , , , , , , 
14.0368846, 0.0683146, , , , , , , 14.0368846, -0.0115816, , , , , , , 14.0368846, 0.0139315, , , , , , , 14.0368846, -0.012253, , , , , , , , , , , , , , , , , , , , , , , , , , , , 
14.0374038, 0.0681468, , , , , , , 14.0374038, -0.0216526, , , , , , , 14.0374038, 0.0142672, , , , , , , 14.0374038, -0.0095674, , , , , , , , , , , , , , , , , , , , , , , , , , , , 
14.0379231, 0.0626078, , , , , , , 14.0379231, -0.0323949, , , , , , , 14.0379231, 0.0260166, , , , , , , 14.0379231, -0.0045319, , , , , , , , , , , , , , , , , , , , , , , , , , , , 
14.0384423, 0.0532082, , , , , , , 14.0384423, -0.030045, , , , , , , 14.0384423, 0.0391089, , , , , , , 14.0384423, 0.0028534, , , , , , , , , , , , , , , , , , , , , , , , , , , , 
14.0389615, 0.0414588, , , , , , , 14.0389615, -0.0176242, , , , , , , 14.0389615, 0.0454871, , , , , , , 14.0389615, 0.0097353, , , , , , , , , , , , , , , , , , , , , , , , , , , , 
14.0394808, 0.0273594, , , , , , , 14.0394808, -0.0038605, , , , , , , 14.0394808, 0.0404517, , , , , , , 14.0394808, 0.0152743, , , , , , , , , , , , , , , , , , , , , , , , , , , , 
14.04, 0.0132601, , , , , , , 14.04, 0.0065461, , , , , , , 14.04, 0.0246738, , , , , , , 14.04, 0.0198062, , , , , , , , , , , , , , , , , , , , , , , , , , , , 
14.0405192, 0.0025177, , , , , , , 14.0405192, 0.0146029, , , , , , , 14.0405192, 0.0062104, , , , , , , 14.0405192, 0.0209812, , , , , , , , , , , , , , , , , , , , , , , , , , , , 
14.0410385, -0.0030213, , , , , , , 14.0410385, 0.0224918, , , , , , , 14.0410385, -0.0046998, , , , , , , 14.0410385, 0.0213169, , , , , , , , , , , , , , , , , , , , , , , , , , , , 
14.0415577, -0.0129244, , , , , , , 14.0415577, 0.0273594, , , , , , , 14.0415577, -0.005539, , , , , , , 14.0415577, 0.023331, , , , , , , , , , , , , , , , , , , , , , , , , , , , 
14.0420769, -0.0270237, , , , , , , 14.0420769, 0.0236667, , , , , , , 14.0420769, -0.0028534, , , , , , , 14.0420769, 0.0260166, , , , , , , , , , , , , , , , , , , , , , , , , , , , 
14.0425962, -0.0424659, , , , , , , 14.0425962, 0.0169528, , , , , , , 14.0425962, -0.0058747, , , , , , , 14.0425962, 0.0263523, , , , , , , , , , , , , , , , , , , , , , , , , , , , 
14.0431154, -0.0552224, , , , , , , 14.0431154, 0.0176242, , , , , , , 14.0431154, -0.0199741, , , , , , , 14.0431154, 0.0229953, , , , , , , , , , , , , , , , , , , , , , , , , , , , 
14.0436346, -0.0639506, , , , , , , 14.0436346, 0.0221561, , , , , , , 14.0436346, -0.0352483, , , , , , , 14.0436346, 0.0159457, , , , , , , , , , , , , , , , , , , , , , , , , , , , 
14.0441538, -0.0720073, , , , , , , 14.0441538, 0.0179599, , , , , , , 14.0441538, -0.0399481, , , , , , , 14.0441538, 0.0119173, , , , , , , , , , , , , , , , , , , , , , , , , , , , 
14.0446731, -0.0770428, , , , , , , 14.0446731, 0.0139315, , , , , , , 14.0446731, -0.0260166, , , , , , , 14.0446731, 0.011078, , , , , , , , , , , , , , , , , , , , , , , , , , , , 
14.0451923, -0.0713359, , , , , , , 14.0451923, 0.0253452, , , , , , , 14.0451923, -0.0008392, , , , , , , 14.0451923, 0.0095674, , , , , , , , , , , , , , , , , , , , , , , , , , , , 
14.0457115, -0.0535439, , , , , , , 14.0457115, 0.0505226, , , , , , , 14.0457115, 0.0206455, , , , , , , 14.0457115, 0.0058747, , , , , , , , , , , , , , , , , , , , , , , , , , , , 
14.0462308, -0.0310521, , , , , , , 14.0462308, 0.0679789, , , , , , , 14.0462308, 0.0323949, , , , , , , 14.0462308, 0.002182, , , , , , , , , , , , , , , , , , , , , , , , , , , , 
14.04675, -0.0142672, , , , , , , 14.04675, 0.0616007, , , , , , , 14.04675, 0.0404517, , , , , , , 14.04675, 0.0035248, , , , , , , , , , , , , , , , , , , , , , , , , , , , 
14.0472692, -0.0001678, , , , , , , 14.0472692, 0.0407874, , , , , , , 14.0472692, 0.0535439, , , , , , , 14.0472692, 0.0058747, , , , , , , , , , , , , , , , , , , , , , , , , , , , 
14.0477885, 0.0139315, , , , , , , 14.0477885, 0.0287022, , , , , , , 14.0477885, 0.0587472, , , , , , , 14.0477885, 0.0058747, , , , , , , , , , , , , , , , , , , , , , , , , , , , 
14.0483077, 0.0229953, , , , , , , 14.0483077, 0.0313878, , , , , , , 14.0483077, 0.0347448, , , , , , , 14.0483077, 0.0035248, , , , , , , , , , , , , , , , , , , , , , , , , , , , 
14.0488269, 0.0327306, , , , , , , 14.0488269, 0.0206455, , , , , , , 14.0488269, -0.0085603, , , , , , , 14.0488269, 0.0025177, , , , , , , , , , , , , , , , , , , , , , , , , , , , 
14.0493462, 0.0391089, , , , , , , 14.0493462, -0.0213169, , , , , , , 14.0493462, -0.0439765, , , , , , , 14.0493462, 0.0038605, , , , , , , , , , , , , , , , , , , , , , , , , , , , 
14.0498654, 0.0357519, , , , , , , 14.0498654, -0.0793927, , , , , , , 14.0498654, -0.0678111, , , , , , , 14.0498654, 0.0065461, , , , , , , , , , , , , , , , , , , , , , , , , , , , 
14.0503846, 0.0292058, , , , , , , 14.0503846, -0.1240406, , , , , , , 14.0503846, -0.0856031, , , , , , , 14.0503846, 0.0109102, , , , , , , , , , , , , , , , , , , , , , , , , , , , 
14.0509038, 0.0240024, , , , , , , 14.0509038, -0.1388113, , , , , , , 14.0509038, -0.093492, , , , , , , 14.0509038, 0.0179599, , , , , , , , , , , , , , , , , , , , , , , , , , , , 
14.0514231, 0.0229953, , , , , , , 14.0514231, -0.1300832, , , , , , , 14.0514231, -0.0914778, , , , , , , 14.0514231, 0.026688, , , , , , , , , , , , , , , , , , , , , , , , , , , , 
14.0519423, 0.0229953, , , , , , , 14.0519423, -0.1099413, , , , , , , 14.0519423, -0.0844282, , , , , , , 14.0519423, 0.0340734, , , , , , , , , , , , , , , , , , , , , , , , , , , , 
14.0524615, 0.0224918, , , , , , , 14.0524615, -0.085771, , , , , , , 14.0524615, -0.0713359, , , , , , , 14.0524615, 0.0394446, , , , , , , , , , , , , , , , , , , , , , , , , , , , 
14.0529808, 0.026688, , , , , , , 14.0529808, -0.054551, , , , , , , 14.0529808, -0.0464942, , , , , , , 14.0529808, 0.0404517, , , , , , , , , , , , , , , , , , , , , , , , , , , , 
14.0535, 0.033402, , , , , , , 14.0535, -0.0209812, , , , , , , 14.0535, -0.0135958, , , , , , , 14.0535, 0.0374304, , , , , , , , , , , , , , , , , , , , , , , , , , , , 
14.0540192, 0.0360876, , , , , , , 14.0540192, 0.0048676, , , , , , , 14.0540192, 0.0223239, , , , , , , 14.0540192, 0.0332341, , , , , , , , , , , , , , , , , , , , , , , , , , , , 
14.0545385, 0.0372625, , , , , , , 14.0545385, 0.0263523, , , , , , , 14.0545385, 0.0495155, , , , , , , 14.0545385, 0.0253452, , , , , , , , , , , , , , , , , , , , , , , , , , , , 
14.0550577, 0.0464942, , , , , , , 14.0550577, 0.0473335, , , , , , , 14.0550577, 0.0602579, , , , , , , 14.0550577, 0.0142672, , , , , , , , , , , , , , , , , , , , , , , , , , , , 
14.0555769, 0.0622721, , , , , , , 14.0555769, 0.0627756, , , , , , , 14.0555769, 0.0575723, , , , , , , 14.0555769, 0.0028534, , , , , , , , , , , , , , , , , , , , , , , , , , , , 
14.0560962, 0.0713359, , , , , , , 14.0560962, 0.0629435, , , , , , , 14.0560962, 0.0505226, , , , , , , 14.0560962, -0.0052033, , , , , , , , , , , , , , , , , , , , , , , , , , , , 
14.0566154, 0.0716716, , , , , , , 14.0566154, 0.0453193, , , , , , , 14.0566154, 0.0459907, , , , , , , 14.0566154, -0.0102388, , , , , , , , , , , , , , , , , , , , , , , , , , , , 
14.0571346, 0.0733501, , , , , , , 14.0571346, 0.0179599, , , , , , , 14.0571346, 0.0475013, , , , , , , 14.0571346, -0.01561, , , , , , , , , , , , , , , , , , , , , , , , , , , , 
14.0576538, 0.0767071, , , , , , , 14.0576538, -0.0083925, , , , , , , 14.0576538, 0.0493477, , , , , , , 14.0576538, -0.0196384, , , , , , , , , , , , , , , , , , , , , , , , , , , , 
14.0581731, 0.0750286, , , , , , , 14.0581731, -0.0219883, , , , , , , 14.0581731, 0.0466621, , , , , , , 14.0581731, -0.0209812, , , , , , , , , , , , , , , , , , , , , , , , , , , , 
14.0586923, 0.0642863, , , , , , , 14.0586923, -0.026688, , , , , , , 14.0586923, 0.043473, , , , , , , 14.0586923, -0.0203098, , , , , , , , , , , , , , , , , , , , , , , , , , , , 
14.0592115, 0.0481727, , , , , , , 14.0592115, -0.0330663, , , , , , , 14.0592115, 0.0384375, , , , , , , 14.0592115, -0.0159457, , , , , , , , , , , , , , , , , , , , , , , , , , , , 
14.0597308, 0.033402, , , , , , , 14.0597308, -0.0381018, , , , , , , 14.0597308, 0.0310521, , , , , , , 14.0597308, -0.0082246, , , , , , , , , , , , , , , , , , , , , , , , , , , , 
14.06025, 0.0206455, , , , , , , 14.06025, -0.0377661, , , , , , , 14.06025, 0.0223239, , , , , , , 14.06025, -0.0001678, , , , , , , , , , , , , , , , , , , , , , , , , , , , 
14.0607692, 0.012253, , , , , , , 14.0607692, -0.0481727, , , , , , , 14.0607692, 0.0112459, , , , , , , 14.0607692, 0.0078889, , , , , , , , , , , , , , , , , , , , , , , , , , , , 
14.0612885, 0.0043641, , , , , , , 14.0612885, -0.0621042, , , , , , , 14.0612885, 0.0031891, , , , , , , 14.0612885, 0.0179599, , , , , , , , , , , , , , , , , , , , , , , , , , , , 
14.0618077, -0.0115816, , , , , , , 14.0618077, -0.0619364, , , , , , , 14.0618077, 0.0078889, , , , , , , 14.0618077, 0.030045, , , , , , , , , , , , , , , , , , , , , , , , , , , , 
14.0623269, -0.0293736, , , , , , , 14.0623269, -0.054551, , , , , , , 14.0623269, 0.0236667, , , , , , , 14.0623269, 0.0406195, , , , , , , , , , , , , , , , , , , , , , , , , , , , 
14.0628462, -0.0397803, , , , , , , 14.0628462, -0.0454871, , , , , , , 14.0628462, 0.0374304, , , , , , , 14.0628462, 0.0471656, , , , , , , , , , , , , , , , , , , , , , , , , , , , 
14.0633654, -0.0417945, , , , , , , 14.0633654, -0.0327306, , , , , , , 14.0633654, 0.0392767, , , , , , , 14.0633654, 0.0493477, , , , , , , , , , , , , , , , , , , , , , , , , , , , 
14.0638846, -0.0424659, , , , , , , 14.0638846, -0.0166171, , , , , , , 14.0638846, 0.0293736, , , , , , , 14.0638846, 0.047837, , , , , , , , , , , , , , , , , , , , , , , , , , , , 
14.0644038, -0.0461585, , , , , , , 14.0644038, 0.0028534, , , , , , , 14.0644038, 0.0119173, , , , , , , 14.0644038, 0.0448157, , , , , , , , , , , , , , , , , , , , , , , , , , , , 
14.0649231, -0.0486763, , , , , , , 14.0649231, 0.03122, , , , , , , 14.0649231, -0.0028534, , , , , , , 14.0649231, 0.0461585, , , , , , , , , , , , , , , , , , , , , , , , , , , , 
14.0654423, -0.0461585, , , , , , , 14.0654423, 0.0548867, , , , , , , 14.0654423, -0.0135958, , , , , , , 14.0654423, 0.0464942, , , , , , , , , , , , , , , , , , , , , , , , , , , , 
14.0659615, -0.0381018, , , , , , , 14.0659615, 0.0632792, , , , , , , 14.0659615, -0.0209812, , , , , , , 14.0659615, 0.0397803, , , , , , , , , , , , , , , , , , , , , , , , , , , , 
14.0664808, -0.0250095, , , , , , , 14.0664808, 0.0532082, , , , , , , 14.0664808, -0.0236667, , , , , , , 14.0664808, 0.0317235, , , , , , , , , , , , , , , , , , , , , , , , , , , , 
14.067, -0.012253, , , , , , , 14.067, 0.033402, , , , , , , 14.067, -0.0298772, , , , , , , 14.067, 0.0263523, , , , , , , , , , , , , , , , , , , , , , , , , , , , 
14.0675192, -0.0048676, , , , , , , 14.0675192, 0.0119173, , , , , , , 14.0675192, -0.042298, , , , , , , 14.0675192, 0.0213169, , , , , , , , , , , , , , , , , , , , , , , , , , , , 
14.0680385, 0.0028534, , , , , , , 14.0680385, -0.0041962, , , , , , , 14.0680385, -0.0548867, , , , , , , 14.0680385, 0.0164492, , , , , , , , , , , , , , , , , , , , , , , , , , , , 
14.0685577, 0.0085603, , , , , , , 14.0685577, -0.0213169, , , , , , , 14.0685577, -0.0622721, , , , , , , 14.0685577, 0.0129244, , , , , , , , , , , , , , , , , , , , , , , , , , , , 
14.0690769, 0.0127565, , , , , , , 14.0690769, -0.047837, , , , , , , 14.0690769, -0.064622, , , , , , , 14.0690769, 0.0105745, , , , , , , , , , , , , , , , , , , , , , , , , , , , 
14.0695962, 0.0194705, , , , , , , 14.0695962, -0.0602579, , , , , , , 14.0695962, -0.0683146, , , , , , , 14.0695962, 0.0092317, , , , , , , , , , , , , , , , , , , , , , , , , , , , 
14.0701154, 0.0226596, , , , , , , 14.0701154, -0.0565652, , , , , , , 14.0701154, -0.0726787, , , , , , , 14.0701154, 0.0062104, , , , , , , , , , , , , , , , , , , , , , , , , , , , 
14.0706346, 0.0199741, , , , , , , 14.0706346, -0.061265, , , , , , , 14.0706346, -0.0679789, , , , , , , 14.0706346, 0.0023499, , , , , , , , , , , , , , , , , , , , , , , , , , , , 
14.0711538, 0.0184634, , , , , , , 14.0711538, -0.0787213, , , , , , , 14.0711538, -0.057908, , , , , , , 14.0711538, 0.0005035, , , , , , , , , , , , , , , , , , , , , , , , , , , , 
14.0716731, 0.0182956, , , , , , , 14.0716731, -0.0955062, , , , , , , 14.0716731, -0.0481727, , , , , , , 14.0716731, -0.0011749, , , , , , , , , , , , , , , , , , , , , , , , , , , , 
14.0721923, 0.01561, , , , , , , 14.0721923, -0.0941634, , , , , , , 14.0721923, -0.0357519, , , , , , , 14.0721923, -0.0041962, , , , , , , , , , , , , , , , , , , , , , , , , , , , 
14.0727115, 0.0105745, , , , , , , 14.0727115, -0.0731823, , , , , , , 14.0727115, -0.0182956, , , , , , , 14.0727115, -0.005539, , , , , , , , , , , , , , , , , , , , , , , , , , , , 
14.0732308, 0.0078889, , , , , , , 14.0732308, -0.0454871, , , , , , , 14.0732308, -0.0028534, , , , , , , 14.0732308, -0.0070497, , , , , , , , , , , , , , , , , , , , , , , , , , , , 
14.07375, 0.0114137, , , , , , , 14.07375, -0.0196384, , , , , , , 14.07375, 0.0052033, , , , , , , 14.07375, -0.0099031, , , , , , , , , , , , , , , , , , , , , , , , , , , , 
14.0742692, 0.0204776, , , , , , , 14.0742692, -0.0068818, , , , , , , 14.0742692, 0.0090639, , , , , , , 14.0742692, -0.0112459, , , , , , , , , , , , , , , , , , , , , , , , , , , , 
14.0747885, 0.0290379, , , , , , , 14.0747885, -0.0062104, , , , , , , 14.0747885, 0.0112459, , , , , , , 14.0747885, -0.0124208, , , , , , , , , , , , , , , , , , , , , , , , , , , , 
14.0753077, 0.0374304, , , , , , , 14.0753077, -0.0062104, , , , , , , 14.0753077, 0.012253, , , , , , , 14.0753077, -0.0135958, , , , , , , , , , , , , , , , , , , , , , , , , , , , 
14.0758269, 0.0475013, , , , , , , 14.0758269, -0.0025177, , , , , , , 14.0758269, 0.0142672, , , , , , , 14.0758269, -0.0132601, , , , , , , , , , , , , , , , , , , , , , , , , , , , 
14.0763462, 0.0552224, , , , , , , 14.0763462, 0.0072175, , , , , , , 14.0763462, 0.0119173, , , , , , , 14.0763462, -0.0129244, , , , , , , , , , , , , , , , , , , , , , , , , , , , 
14.0768654, 0.0575723, , , , , , , 14.0768654, 0.0209812, , , , , , , 14.0768654, 0.0062104, , , , , , , 14.0768654, -0.0112459, , , , , , , , , , , , , , , , , , , , , , , , , , , , 
14.0773846, 0.0599222, , , , , , , 14.0773846, 0.0327306, , , , , , , 14.0773846, 0.0025177, , , , , , , 14.0773846, -0.0109102, , , , , , , , , , , , , , , , , , , , , , , , , , , , 
14.0779038, 0.061265, , , , , , , 14.0779038, 0.0428016, , , , , , , 14.0779038, 0.0018463, , , , , , , 14.0779038, -0.0119173, , , , , , , , , , , , , , , , , , , , , , , , , , , , 
14.0784231, 0.0589151, , , , , , , 14.0784231, 0.0515297, , , , , , , 14.0784231, 0.0005035, , , , , , , 14.0784231, -0.0048676, , , , , , , , , , , , , , , , , , , , , , , , , , , , 
14.0789423, 0.0518654, , , , , , , 14.0789423, 0.0609293, , , , , , , 14.0789423, -0.0035248, , , , , , , 14.0789423, 0.0097353, , , , , , , , , , , , , , , , , , , , , , , , , , , , 
14.0794615, 0.043473, , , , , , , 14.0794615, 0.0706645, , , , , , , 14.0794615, -0.0104067, , , , , , , 14.0794615, 0.0246738, , , , , , , , , , , , , , , , , , , , , , , , , , , , 
14.0799808, 0.0339055, , , , , , , 14.0799808, 0.0780499, , , , , , , 14.0799808, -0.0142672, , , , , , , 14.0799808, 0.0370947, , , , , , , , , , , , , , , , , , , , , , , , , , , , 
14.0805, 0.0206455, , , , , , , 14.0805, 0.0795605, , , , , , , 14.0805, -0.0031891, , , , , , , 14.0805, 0.0421302, , , , , , , , , , , , , , , , , , , , , , , , , , , , 
14.0810192, 0.0092317, , , , , , , 14.0810192, 0.0710002, , , , , , , 14.0810192, 0.0320592, , , , , , , 14.0810192, 0.0439765, , , , , , , , , , , , , , , , , , , , , , , , , , , , 
14.0815385, -0.0015106, , , , , , , 14.0815385, 0.0575723, , , , , , , 14.0815385, 0.0713359, , , , , , , 14.0815385, 0.0500191, , , , , , , , , , , , , , , , , , , , , , , , , , , , 
14.0820577, -0.01561, , , , , , , 14.0820577, 0.0424659, , , , , , , 14.0820577, 0.0991989, , , , , , , 14.0820577, 0.0572366, , , , , , , , , , , , , , , , , , , , , , , , , , , , 
14.0825769, -0.0280308, , , , , , , 14.0825769, 0.0213169, , , , , , , 14.0825769, 0.128069, , , , , , , 14.0825769, 0.0589151, , , , , , , , , , , , , , , , , , , , , , , , , , , , 
14.0830962, -0.0350805, , , , , , , 14.0830962, -0.0097353, , , , , , , 14.0830962, 0.1613031, , , , , , , 14.0830962, 0.0528725, , , , , , , , , , , , , , , , , , , , , , , , , , , , 
14.0836154, -0.0391089, , , , , , , 14.0836154, -0.0424659, , , , , , , 14.0836154, 0.1874876, , , , , , , 14.0836154, 0.0451514, , , , , , , , , , , , , , , , , , , , , , , , , , , , 
14.0841346, -0.0411231, , , , , , , 14.0841346, -0.0713359, , , , , , , 14.0841346, 0.2002441, , , , , , , 14.0841346, 0.0364233, , , , , , , , , , , , , , , , , , , , , , , , , , , , 
14.0846538, -0.0438087, , , , , , , 14.0846538, -0.0861067, , , , , , , 14.0846538, 0.1972229, , , , , , , 14.0846538, 0.0273594, , , , , , , , , , , , , , , , , , , , , , , , , , , , 
14.0851731, -0.0431373, , , , , , , 14.0851731, -0.0814069, , , , , , , 14.0851731, 0.1728847, , , , , , , 14.0851731, 0.0206455, , , , , , , , , , , , , , , , , , , , , , , , , , , , 
14.0856923, -0.0350805, , , , , , , 14.0856923, -0.0773785, , , , , , , 14.0856923, 0.124712, , , , , , , 14.0856923, 0.014435, , , , , , , , , , , , , , , , , , , , , , , , , , , , 
14.0862115, -0.0270237, , , , , , , 14.0862115, -0.0773785, , , , , , , 14.0862115, 0.0636149, , , , , , , 14.0862115, 0.0087282, , , , , , , , , , , , , , , , , , , , , , , , , , , , 
14.0867308, -0.017792, , , , , , , 14.0867308, -0.0636149, , , , , , , 14.0867308, -0.002182, , , , , , , 14.0867308, 0.0035248, , , , , , , , , , , , , , , , , , , , , , , , , , , , 
14.08725, -0.0068818, , , , , , , 14.08725, -0.0315557, , , , , , , 14.08725, -0.0664683, , , , , , , 14.08725, 0.0011749, , , , , , , , , , , , , , , , , , , , , , , , , , , , 
14.0877692, 0.0075532, , , , , , , 14.0877692, -0.0035248, , , , , , , 14.0877692, -0.1243763, , , , , , , 14.0877692, -0.0005035, , , , , , , , , , , , , , , , , , , , , , , , , , , , 
14.0882885, 0.0203098, , , , , , , 14.0882885, 0.0065461, , , , , , , 14.0882885, -0.181445, , , , , , , 14.0882885, -0.0038605, , , , , , , , , , , , , , , , , , , , , , , , , , , , 
14.0888077, 0.0260166, , , , , , , 14.0888077, 0.0092317, , , , , , , 14.0888077, -0.2422065, , , , , , , 14.0888077, -0.0075532, , , , , , , , , , , , , , , , , , , , , , , , , , , , 
14.0893269, 0.0287022, , , , , , , 14.0893269, 0.0129244, , , , , , , 14.0893269, -0.3085069, , , , , , , 14.0893269, -0.0129244, , , , , , , , , , , , , , , , , , , , , , , , , , , , 
14.0898462, 0.0339055, , , , , , , 14.0898462, 0.0226596, , , , , , , 14.0898462, -0.3701076, , , , , , , 14.0898462, -0.0182956, , , , , , , , , , , , , , , , , , , , , , , , , , , , 
14.0903654, 0.0387732, , , , , , , 14.0903654, 0.0224918, , , , , , , 14.0903654, -0.399649, , , , , , , 14.0903654, -0.0176242, , , , , , , , , , , , , , , , , , , , , , , , , , , , 
14.0908846, 0.0404517, , , , , , , 14.0908846, 0.0045319, , , , , , , 14.0908846, -0.3858854, , , , , , , 14.0908846, -0.0139315, , , , , , , , , , , , , , , , , , , , , , , , , , , , 
14.0914038, 0.0387732, , , , , , , 14.0914038, -0.0117494, , , , , , , 14.0914038, -0.3392233, , , , , , , 14.0914038, -0.0119173, , , , , , , , , , , , , , , , , , , , , , , , , , , , 
14.0919231, 0.0360876, , , , , , , 14.0919231, -0.0176242, , , , , , , 14.0919231, -0.2740978, , , , , , , 14.0919231, -0.0078889, , , , , , , , , , , , , , , , , , , , , , , , , , , , 
14.0924423, 0.0360876, , , , , , , 14.0924423, -0.0152743, , , , , , , 14.0924423, -0.2049439, , , , , , , 14.0924423, -0.0011749, , , , , , , , , , , , , , , , , , , , , , , , , , , , 
14.0929615, 0.0354162, , , , , , , 14.0929615, -0.0097353, , , , , , , 14.0929615, -0.1460288, , , , , , , 14.0929615, 0.0035248, , , , , , , , , , , , , , , , , , , , , , , , , , , , 
14.0934808, 0.0340734, , , , , , , 14.0934808, 0.0018463, , , , , , , 14.0934808, -0.0971847, , , , , , , 14.0934808, 0.005539, , , , , , , , , , , , , , , , , , , , , , , , , , , , 
14.094, 0.0330663, , , , , , , 14.094, 0.0243381, , , , , , , 14.094, -0.0552224, , , , , , , 14.094, 0.0072175, , , , , , , , , , , , , , , , , , , , , , , , , , , , 
14.0945192, 0.0327306, , , , , , , 14.0945192, 0.0471656, , , , , , , 14.0945192, -0.018967, , , , , , , 14.0945192, 0.0080568, , , , , , , , , , , , , , , , , , , , , , , , , , , , 
14.0950385, 0.0391089, , , , , , , 14.0950385, 0.0513619, , , , , , , 14.0950385, 0.0092317, , , , , , , 14.0950385, 0.0072175, , , , , , , , , , , , , , , , , , , , , , , , , , , , 
14.0955577, 0.0535439, , , , , , , 14.0955577, 0.0381018, , , , , , , 14.0955577, 0.026688, , , , , , , 14.0955577, 0.0058747, , , , , , , , , , , , , , , , , , , , , , , , , , , , 
14.0960769, 0.0622721, , , , , , , 14.0960769, 0.0263523, , , , , , , 14.0960769, 0.0340734, , , , , , , 14.0960769, 0.0060426, , , , , , , , , , , , , , , , , , , , , , , , , , , , 
14.0965962, 0.0642863, , , , , , , 14.0965962, 0.0240024, , , , , , , 14.0965962, 0.0370947, , , , , , , 14.0965962, 0.0109102, , , , , , , , , , , , , , , , , , , , , , , , , , , , 
14.0971154, 0.0639506, , , , , , , 14.0971154, 0.0236667, , , , , , , 14.0971154, 0.0397803, , , , , , , 14.0971154, 0.0216526, , , , , , , , , , , , , , , , , , , , , , , , , , , , 
14.0976346, 0.0619364, , , , , , , 14.0976346, 0.023331, , , , , , , 14.0976346, 0.0428016, , , , , , , 14.0976346, 0.033402, , , , , , , , , , , , , , , , , , , , , , , , , , , , 
14.0981538, 0.0599222, , , , , , , 14.0981538, 0.0240024, , , , , , , 14.0981538, 0.0468299, , , , , , , 14.0981538, 0.0404517, , , , , , , , , , , , , , , , , , , , , , , , , , , , 
14.0986731, 0.0575723, , , , , , , 14.0986731, 0.0154421, , , , , , , 14.0986731, 0.0548867, , , , , , , 14.0986731, 0.0428016, , , , , , , , , , , , , , , , , , , , , , , , , , , , 
14.0991923, 0.0495155, , , , , , , 14.0991923, -0.002182, , , , , , , 14.0991923, 0.0669718, , , , , , , 14.0991923, 0.0453193, , , , , , , , , , , , , , , , , , , , , , , , , , , , 
14.0997115, 0.0357519, , , , , , , 14.0997115, -0.0162814, , , , , , , 14.0997115, 0.0760357, , , , , , , 14.0997115, 0.0485084, , , , , , , , , , , , , , , , , , , , , , , , , , , , 
14.1002308, 0.0209812, , , , , , , 14.1002308, -0.0184634, , , , , , , 14.1002308, 0.084596, , , , , , , 14.1002308, 0.0505226, , , , , , , , , , , , , , , , , , , , , , , , , , , , 
14.10075, 0.0092317, , , , , , , 14.10075, -0.0115816, , , , , , , 14.10075, 0.0988632, , , , , , , 14.10075, 0.0491798, , , , , , , , , , , , , , , , , , , , , , , , , , , , 
14.1012692, -0.0057069, , , , , , , 14.1012692, 0.0018463, , , , , , , 14.1012692, 0.1131304, , , , , , , 14.1012692, 0.0438087, , , , , , , , , , , , , , , , , , , , , , , , , , , , 
14.1017885, -0.0243381, , , , , , , 14.1017885, 0.018967, , , , , , , 14.1017885, 0.1200122, , , , , , , 14.1017885, 0.0374304, , , , , , , , , , , , , , , , , , , , , , , , , , , , 
14.1023077, -0.0404517, , , , , , , 14.1023077, 0.0307164, , , , , , , 14.1023077, 0.1166552, , , , , , , 14.1023077, 0.0320592, , , , , , , , , , , , , , , , , , , , , , , , , , , , 
14.1028269, -0.0515297, , , , , , , 14.1028269, 0.0243381, , , , , , , 14.1028269, 0.1106126, , , , , , , 14.1028269, 0.0283665, , , , , , , , , , , , , , , , , , , , , , , , , , , , 
14.1033462, -0.0569009, , , , , , , 14.1033462, 0.0052033, , , , , , , 14.1033462, 0.1092699, , , , , , , 14.1033462, 0.0250095, , , , , , , , , , , , , , , , , , , , , , , , , , , , 
14.1038654, -0.0626078, , , , , , , 14.1038654, -0.0186313, , , , , , , 14.1038654, 0.1116197, , , , , , , 14.1038654, 0.0223239, , , , , , , , , , , , , , , , , , , , , , , , , , , , 
14.1043846, -0.0688182, , , , , , , 14.1043846, -0.0448157, , , , , , , 14.1043846, 0.1139696, , , , , , , 14.1043846, 0.018967, , , , , , , , , , , , , , , , , , , , , , , , , , , , 
14.1049038, -0.0716716, , , , , , , 14.1049038, -0.0609293, , , , , , , 14.1049038, 0.117998, , , , , , , 14.1049038, 0.0166171, , , , , , , , , , , , , , , , , , , , , , , , , , , , 
14.1054231, -0.0629435, , , , , , , 14.1054231, -0.0605936, , , , , , , 14.1054231, 0.124712, , , , , , , 14.1054231, 0.014435, , , , , , , , , , , , , , , , , , , , , , , , , , , , 
14.1059423, -0.0464942, , , , , , , 14.1059423, -0.0518654, , , , , , , 14.1059423, 0.1253834, , , , , , , 14.1059423, 0.0095674, , , , , , , , , , , , , , , , , , , , , , , , , , , , 
14.1064615, -0.0337377, , , , , , , 14.1064615, -0.0485084, , , , , , , 14.1064615, 0.112459, , , , , , , 14.1064615, 0.0028534, , , , , , , , , , , , , , , , , , , , , , , , , , , , 
14.1069808, -0.0229953, , , , , , , 14.1069808, -0.0473335, , , , , , , 14.1069808, 0.0871138, , , , , , , 14.1069808, -0.0041962, , , , , , , , , , , , , , , , , , , , , , , , , , , , 
14.1075, -0.0139315, , , , , , , 14.1075, -0.0428016, , , , , , , 14.1075, 0.0547189, , , , , , , 14.1075, -0.012253, , , , , , , , , , , , , , , , , , , , , , , , , , , , 
14.1080192, -0.003357, , , , , , , 14.1080192, -0.0428016, , , , , , , 14.1080192, 0.0260166, , , , , , , 14.1080192, -0.0169528, , , , , , , , , , , , , , , , , , , , , , , , , , , , 
14.1085385, 0.005539, , , , , , , 14.1085385, -0.051194, , , , , , , 14.1085385, 0.0078889, , , , , , , 14.1085385, -0.018967, , , , , , , , , , , , , , , , , , , , , , , , , , , , 
14.1090577, 0.0135958, , , , , , , 14.1090577, -0.0585794, , , , , , , 14.1090577, -0.0135958, , , , , , , 14.1090577, -0.0209812, , , , , , , , , , , , , , , , , , , , , , , , , , , , 
14.1095769, 0.0199741, , , , , , , 14.1095769, -0.0558938, , , , , , , 14.1095769, -0.043473, , , , , , , 14.1095769, -0.0219883, , , , , , , , , , , , , , , , , , , , , , , , , , , , 
14.1100962, 0.0243381, , , , , , , 14.1100962, -0.0454871, , , , , , , 14.1100962, -0.0652934, , , , , , , 14.1100962, -0.018967, , , , , , , , , , , , , , , , , , , , , , , , , , , , 
14.1106154, 0.0273594, , , , , , , 14.1106154, -0.0328985, , , , , , , 14.1106154, -0.0743572, , , , , , , 14.1106154, -0.0146029, , , , , , , , , , , , , , , , , , , , , , , , , , , , 
14.1111346, 0.0310521, , , , , , , 14.1111346, -0.01561, , , , , , , 14.1111346, -0.0793927, , , , , , , 14.1111346, -0.0117494, , , , , , , , , , , , , , , , , , , , , , , , , , , , 
14.1116538, 0.0374304, , , , , , , 14.1116538, -0.0028534, , , , , , , 14.1116538, -0.0820783, , , , , , , 14.1116538, -0.008896, , , , , , , , , , , , , , , , , , , , , , , , , , , , 
14.1121731, 0.0421302, , , , , , , 14.1121731, -0.0077211, , , , , , , 14.1121731, -0.082414, , , , , , , 14.1121731, -0.0068818, , , , , , , , , , , , , , , , , , , , , , , , , , , , 
14.1126923, 0.0426337, , , , , , , 14.1126923, -0.0240024, , , , , , , 14.1126923, -0.0877852, , , , , , , 14.1126923, -0.0052033, , , , , , , , , , , , , , , , , , , , , , , , , , , , 
14.1132115, 0.0407874, , , , , , , 14.1132115, -0.0397803, , , , , , , 14.1132115, -0.1067521, , , , , , , 14.1132115, -0.0001678, , , , , , , , , , , , , , , , , , , , , , , , , , , , 
14.1137308, 0.0384375, , , , , , , 14.1137308, -0.0500191, , , , , , , 14.1137308, -0.1200122, , , , , , , 14.1137308, 0.0078889, , , , , , , , , , , , , , , , , , , , , , , , , , , , 
14.11425, 0.0377661, , , , , , , 14.11425, -0.0461585, , , , , , , 14.11425, -0.1065843, , , , , , , 14.11425, 0.0166171, , , , , , , , , , , , , , , , , , , , , , , , , , , , 
14.1147692, 0.0424659, , , , , , , 14.1147692, -0.0317235, , , , , , , 14.1147692, -0.0760357, , , , , , , 14.1147692, 0.0226596, , , , , , , , , , , , , , , , , , , , , , , , , , , , 
14.1152885, 0.0552224, , , , , , , 14.1152885, -0.018967, , , , , , , 14.1152885, -0.0471656, , , , , , , 14.1152885, 0.0236667, , , , , , , , , , , , , , , , , , , , , , , , , , , , 
14.1158077, 0.0647898, , , , , , , 14.1158077, -0.0162814, , , , , , , 14.1158077, -0.0246738, , , , , , , 14.1158077, 0.0240024, , , , , , , , , , , , , , , , , , , , , , , , , , , , 
14.1163269, 0.068986, , , , , , , 14.1163269, -0.0099031, , , , , , , 14.1163269, -0.003357, , , , , , , 14.1163269, 0.0256809, , , , , , , , , , , , , , , , , , , , , , , , , , , , 
14.1168462, 0.0733501, , , , , , , 14.1168462, 0.0065461, , , , , , , 14.1168462, 0.0172885, , , , , , , 14.1168462, 0.0236667, , , , , , , , , , , , , , , , , , , , , , , , , , , , 
14.1173654, 0.0720073, , , , , , , 14.1173654, 0.0226596, , , , , , , 14.1173654, 0.0340734, , , , , , , 14.1173654, 0.0186313, , , , , , , , , , , , , , , , , , , , , , , , , , , , 
14.1178846, 0.0708324, , , , , , , 14.1178846, 0.0287022, , , , , , , 14.1178846, 0.0501869, , , , , , , 14.1178846, 0.0135958, , , , , , , , , , , , , , , , , , , , , , , , , , , , 
14.1184038, 0.0706645, , , , , , , 14.1184038, 0.0285344, , , , , , , 14.1184038, 0.0619364, , , , , , , 14.1184038, 0.0104067, , , , , , , , , , , , , , , , , , , , , , , , , , , , 
14.1189231, 0.0626078, , , , , , , 14.1189231, 0.0260166, , , , , , , 14.1189231, 0.0673075, , , , , , , 14.1189231, 0.0097353, , , , , , , , , , , , , , , , , , , , , , , , , , , , 
14.1194423, 0.0508583, , , , , , , 14.1194423, 0.0176242, , , , , , , 14.1194423, 0.0730144, , , , , , , 14.1194423, 0.008896, , , , , , , , , , , , , , , , , , , , , , , , , , , , 
14.1199615, 0.0384375, , , , , , , 14.1199615, 0.0085603, , , , , , , 14.1199615, 0.0803998, , , , , , , 14.1199615, 0.0063783, , , , , , , , , , , , , , , , , , , , , , , , , , , , 
14.1204808, 0.0263523, , , , , , , 14.1204808, 0.0058747, , , , , , , 14.1204808, 0.0871138, , , , , , , 14.1204808, 0.0038605, , , , , , , , , , , , , , , , , , , , , , , , , , , , 
14.121, 0.0119173, , , , , , , 14.121, 0.0117494, , , , , , , 14.121, 0.0884565, , , , , , , 14.121, 0.0058747, , , , , , , , , , , , , , , , , , , , , , , , , , , , 
14.1215192, -0.0010071, , , , , , , 14.1215192, 0.0340734, , , , , , , 14.1215192, 0.0817426, , , , , , , 14.1215192, 0.0102388, , , , , , , , , , , , , , , , , , , , , , , , , , , , 
14.1220385, -0.008896, , , , , , , 14.1220385, 0.0575723, , , , , , , 14.1220385, 0.0673075, , , , , , , 14.1220385, 0.0146029, , , , , , , , , , , , , , , , , , , , , , , , , , , , 
14.1225577, -0.0176242, , , , , , , 14.1225577, 0.0498512, , , , , , , 14.1225577, 0.0488441, , , , , , , 14.1225577, 0.01561, , , , , , , , , , , , , , , , , , , , , , , , , , , , 
14.1230769, -0.0287022, , , , , , , 14.1230769, 0.0179599, , , , , , , 14.1230769, 0.0292058, , , , , , , 14.1230769, 0.0162814, , , , , , , , , , , , , , , , , , , , , , , , , , , , 
14.1235962, -0.0377661, , , , , , , 14.1235962, 0.0008392, , , , , , , 14.1235962, 0.0018463, , , , , , , 14.1235962, 0.0172885, , , , , , , , , , , , , , , , , , , , , , , , , , , , 
14.1241154, -0.0421302, , , , , , , 14.1241154, 0.0008392, , , , , , , 14.1241154, -0.0374304, , , , , , , 14.1241154, 0.0172885, , , , , , , , , , , , , , , , , , , , , , , , , , , , 
14.1246346, -0.0431373, , , , , , , 14.1246346, -0.012253, , , , , , , 14.1246346, -0.0800641, , , , , , , 14.1246346, 0.0152743, , , , , , , , , , , , , , , , , , , , , , , , , , , , 
14.1251538, -0.0344091, , , , , , , 14.1251538, -0.0283665, , , , , , , 14.1251538, -0.1159838, , , , , , , 14.1251538, 0.0099031, , , , , , , , , , , , , , , , , , , , , , , , , , , , 
14.1256731, -0.0176242, , , , , , , 14.1256731, -0.0182956, , , , , , , 14.1256731, -0.1421683, , , , , , , 14.1256731, 0.0058747, , , , , , , , , , , , , , , , , , , , , , , , , , , , 
14.1261923, -0.0018463, , , , , , , 14.1261923, -0.0005035, , , , , , , 14.1261923, -0.1629816, , , , , , , 14.1261923, 0.0045319, , , , , , , , , , , , , , , , , , , , , , , , , , , , 
14.1267115, 0.0050355, , , , , , , 14.1267115, 0.0018463, , , , , , , 14.1267115, -0.178088, , , , , , , 14.1267115, 0.0018463, , , , , , , , , , , , , , , , , , , , , , , , , , , , 
14.1272308, 0.0082246, , , , , , , 14.1272308, 0.0008392, , , , , , , 14.1272308, -0.178088, , , , , , , 14.1272308, 0.0005035, , , , , , , , , , , , , , , , , , , , , , , , , , , , 
14.12775, 0.0149386, , , , , , , 14.12775, 0.0018463, , , , , , , 14.12775, -0.1626459, , , , , , , 14.12775, 0.0030213, , , , , , , , , , , , , , , , , , , , , , , , , , , , 
14.1282692, 0.0240024, , , , , , , 14.1282692, 0.0038605, , , , , , , 14.1282692, -0.1374685, , , , , , , 14.1282692, 0.0085603, , , , , , , , , , , , , , , , , , , , , , , , , , , , 
14.1287885, 0.0320592, , , , , , , 14.1287885, 0.0062104, , , , , , , 14.1287885, -0.1045701, , , , , , , 14.1287885, 0.0109102, , , , , , , , , , , , , , , , , , , , , , , , , , , , 
14.1293077, 0.0285344, , , , , , , 14.1293077, 0.0078889, , , , , , , 14.1293077, -0.0773785, , , , , , , 14.1293077, 0.011078, , , , , , , , , , , , , , , , , , , , , , , , , , , , 
14.1298269, 0.0172885, , , , , , , 14.1298269, 0.0119173, , , , , , , 14.1298269, -0.0649577, , , , , , , 14.1298269, 0.0135958, , , , , , , , , , , , , , , , , , , , , , , , , , , , 
14.1303462, 0.0065461, , , , , , , 14.1303462, 0.0193027, , , , , , , 14.1303462, -0.0575723, , , , , , , 14.1303462, 0.0169528, , , , , , , , , , , , , , , , , , , , , , , , , , , , 
14.1308654, 0.0001678, , , , , , , 14.1308654, 0.0095674, , , , , , , 14.1308654, -0.0451514, , , , , , , 14.1308654, 0.0240024, , , , , , , , , , , , , , , , , , , , , , , , , , , , 
14.1313846, -0.002182, , , , , , , 14.1313846, -0.0216526, , , , , , , 14.1313846, -0.0307164, , , , , , , 14.1313846, 0.0320592, , , , , , , , , , , , , , , , , , , , , , , , , , , , 
14.1319038, -0.008896, , , , , , , 14.1319038, -0.0535439, , , , , , , 14.1319038, -0.0256809, , , , , , , 14.1319038, 0.0391089, , , , , , , , , , , , , , , , , , , , , , , , , , , , 
14.1324231, -0.01561, , , , , , , 14.1324231, -0.0580758, , , , , , , 14.1324231, -0.0256809, , , , , , , 14.1324231, 0.0458228, , , , , , , , , , , , , , , , , , , , , , , , , , , , 
14.1329423, -0.0182956, , , , , , , 14.1329423, -0.0377661, , , , , , , 14.1329423, -0.0149386, , , , , , , 14.1329423, 0.0481727, , , , , , , , , , , , , , , , , , , , , , , , , , , , 
14.1334615, -0.0226596, , , , , , , 14.1334615, -0.0149386, , , , , , , 14.1334615, 0.0112459, , , , , , , 14.1334615, 0.0426337, , , , , , , , , , , , , , , , , , , , , , , , , , , , 
14.1339808, -0.0258488, , , , , , , 14.1339808, -0.0008392, , , , , , , 14.1339808, 0.0424659, , , , , , , 14.1339808, 0.0359197, , , , , , , , , , , , , , , , , , , , , , , , , , , , 
14.1345, -0.0209812, , , , , , , 14.1345, 0.0072175, , , , , , , 14.1345, 0.0659648, , , , , , , 14.1345, 0.030045, , , , , , , , , , , , , , , , , , , , , , , , , , , , 
14.1350192, -0.0045319, , , , , , , 14.1350192, 0.0159457, , , , , , , 14.1350192, 0.0767071, , , , , , , 14.1350192, 0.0213169, , , , , , , , , , , , , , , , , , , , , , , , , , , , 
14.1355385, 0.0146029, , , , , , , 14.1355385, 0.0179599, , , , , , , 14.1355385, 0.0817426, , , , , , , 14.1355385, 0.0062104, , , , , , , , , , , , , , , , , , , , , , , , , , , , 
14.1360577, 0.0256809, , , , , , , 14.1360577, -0.0035248, , , , , , , 14.1360577, 0.0904707, , , , , , , 14.1360577, -0.005539, , , , , , , , , , , , , , , , , , , , , , , , , , , , 
14.1365769, 0.0313878, , , , , , , 14.1365769, -0.0459907, , , , , , , 14.1365769, 0.0991989, , , , , , , 14.1365769, -0.0097353, , , , , , , , , , , , , , , , , , , , , , , , , , , , 
14.1370962, 0.0387732, , , , , , , 14.1370962, -0.0814069, , , , , , , 14.1370962, 0.1005417, , , , , , , 14.1370962, -0.011078, , , , , , , , , , , , , , , , , , , , , , , , , , , , 
14.1376154, 0.0475013, , , , , , , 14.1376154, -0.0938277, , , , , , , 14.1376154, 0.0928206, , , , , , , 14.1376154, -0.0095674, , , , , , , , , , , , , , , , , , , , , , , , , , , , 
14.1381346, 0.0538796, , , , , , , 14.1381346, -0.093492, , , , , , , 14.1381346, 0.082414, , , , , , , 14.1381346, -0.005539, , , , , , , , , , , , , , , , , , , , , , , , , , , , 
14.1386538, 0.0569009, , , , , , , 14.1386538, -0.0850996, , , , , , , 14.1386538, 0.0716716, , , , , , , 14.1386538, -0.0035248, , , , , , , , , , , , , , , , , , , , , , , , , , , , 
14.1391731, 0.0535439, , , , , , , 14.1391731, -0.0762036, , , , , , , 14.1391731, 0.057908, , , , , , , 14.1391731, -0.003357, , , , , , , , , , , , , , , , , , , , , , , , , , , , 
14.1396923, 0.0468299, , , , , , , 14.1396923, -0.0652934, , , , , , , 14.1396923, 0.0417945, , , , , , , 14.1396923, -0.0035248, , , , , , , , , , , , , , , , , , , , , , , , , , , , 
14.1402115, 0.0394446, , , , , , , 14.1402115, -0.0493477, , , , , , , 14.1402115, 0.026688, , , , , , , 14.1402115, -0.0015106, , , , , , , , , , , , , , , , , , , , , , , , , , , , 
14.1407308, 0.0293736, , , , , , , 14.1407308, -0.0330663, , , , , , , 14.1407308, 0.0186313, , , , , , , 14.1407308, 0.0023499, , , , , , , , , , , , , , , , , , , , , , , , , , , , 
14.14125, 0.0203098, , , , , , , 14.14125, -0.0216526, , , , , , , 14.14125, 0.01561, , , , , , , 14.14125, 0.0065461, , , , , , , , , , , , , , , , , , , , , , , , , , , , 
14.1417692, 0.0115816, , , , , , , 14.1417692, -0.0142672, , , , , , , 14.1417692, 0.0104067, , , , , , , 14.1417692, 0.0119173, , , , , , , , , , , , , , , , , , , , , , , , , , , , 
14.1422885, 0.0035248, , , , , , , 14.1422885, -0.0058747, , , , , , , 14.1422885, -0.0078889, , , , , , , 14.1422885, 0.0179599, , , , , , , , , , , , , , , , , , , , , , , , , , , , 
14.1428077, -0.008896, , , , , , , 14.1428077, 0.0041962, , , , , , , 14.1428077, -0.0392767, , , , , , , 14.1428077, 0.0270237, , , , , , , , , , , , , , , , , , , , , , , , , , , , 
14.1433269, -0.0176242, , , , , , , 14.1433269, 0.0092317, , , , , , , 14.1433269, -0.054551, , , , , , , 14.1433269, 0.0384375, , , , , , , , , , , , , , , , , , , , , , , , , , , , 
14.1438462, -0.0219883, , , , , , , 14.1438462, 0.0068818, , , , , , , 14.1438462, -0.0451514, , , , , , , 14.1438462, 0.047837, , , , , , , , , , , , , , , , , , , , , , , , , , , , 
14.1443654, -0.0293736, , , , , , , 14.1443654, 0.0045319, , , , , , , 14.1443654, -0.0292058, , , , , , , 14.1443654, 0.0508583, , , , , , , , , , , , , , , , , , , , , , , , , , , , 
14.1448846, -0.0317235, , , , , , , 14.1448846, 0.0052033, , , , , , , 14.1448846, -0.0209812, , , , , , , 14.1448846, 0.0508583, , , , , , , , , , , , , , , , , , , , , , , , , , , , 
14.1454038, -0.0216526, , , , , , , 14.1454038, 0.0082246, , , , , , , 14.1454038, -0.0172885, , , , , , , 14.1454038, 0.0515297, , , , , , , , , , , , , , , , , , , , , , , , , , , , 
14.1459231, -0.0048676, , , , , , , 14.1459231, 0.0186313, , , , , , , 14.1459231, -0.0149386, , , , , , , 14.1459231, 0.0493477, , , , , , , , , , , , , , , , , , , , , , , , , , , , 
14.1464423, 0.0063783, , , , , , , 14.1464423, 0.0461585, , , , , , , 14.1464423, -0.0159457, , , , , , , 14.1464423, 0.0451514, , , , , , , , , , , , , , , , , , , , , , , , , , , , 
14.1469615, 0.0105745, , , , , , , 14.1469615, 0.0728466, , , , , , , 14.1469615, -0.0243381, , , , , , , 14.1469615, 0.0414588, , , , , , , , , , , , , , , , , , , , , , , , , , , , 
14.1474808, 0.0119173, , , , , , , 14.1474808, 0.0787213, , , , , , , 14.1474808, -0.0370947, , , , , , , 14.1474808, 0.0354162, , , , , , , , , , , , , , , , , , , , , , , , , , , , 
14.148, 0.014435, , , , , , , 14.148, 0.0676432, , , , , , , 14.148, -0.0448157, , , , , , , 14.148, 0.0263523, , , , , , , , , , , , , , , , , , , , , , , , , , , , 
14.1485192, 0.0152743, , , , , , , 14.1485192, 0.0528725, , , , , , , 14.1485192, -0.0486763, , , , , , , 14.1485192, 0.0172885, , , , , , , , , , , , , , , , , , , , , , , , , , , , 
14.1490385, 0.0186313, , , , , , , 14.1490385, 0.0448157, , , , , , , 14.1490385, -0.0522011, , , , , , , 14.1490385, 0.0095674, , , , , , , , , , , , , , , , , , , , , , , , , , , , 
14.1495577, 0.0231632, , , , , , , 14.1495577, 0.0414588, , , , , , , 14.1495577, -0.0552224, , , , , , , 14.1495577, 0.0025177, , , , , , , , , , , , , , , , , , , , , , , , , , , , 
14.1500769, 0.023331, , , , , , , 14.1500769, 0.0354162, , , , , , , 14.1500769, -0.0553902, , , , , , , 14.1500769, -0.0043641, , , , , , , , , , , , , , , , , , , , , , , , , , , , 
14.1505962, 0.023331, , , , , , , 14.1505962, 0.0213169, , , , , , , 14.1505962, -0.0555581, , , , , , , 14.1505962, -0.0082246, , , , , , , , , , , , , , , , , , , , , , , , , , , , 
14.1511154, 0.023331, , , , , , , 14.1511154, 0.0058747, , , , , , , 14.1511154, -0.0518654, , , , , , , 14.1511154, -0.0124208, , , , , , , , , , , , , , , , , , , , , , , , , , , , 
14.1516346, 0.0224918, , , , , , , 14.1516346, -0.0068818, , , , , , , 14.1516346, -0.0394446, , , , , , , 14.1516346, -0.0162814, , , , , , , , , , , , , , , , , , , , , , , , , , , , 
14.1521538, 0.018967, , , , , , , 14.1521538, -0.0203098, , , , , , , 14.1521538, -0.0213169, , , , , , , 14.1521538, -0.0151064, , , , , , , , , , , , , , , , , , , , , , , , , , , , 
14.1526731, 0.0164492, , , , , , , 14.1526731, -0.0344091, , , , , , , 14.1526731, -0.0018463, , , , , , , 14.1526731, -0.0132601, , , , , , , , , , , , , , , , , , , , , , , , , , , , 
14.1531923, 0.01561, , , , , , , 14.1531923, -0.0516976, , , , , , , 14.1531923, 0.0119173, , , , , , , 14.1531923, -0.0142672, , , , , , , , , , , , , , , , , , , , , , , , , , , , 
14.1537115, 0.0182956, , , , , , , 14.1537115, -0.0666361, , , , , , , 14.1537115, 0.0125887, , , , , , , 14.1537115, -0.0162814, , , , , , , , , , , , , , , , , , , , , , , , , , , , 
14.1542308, 0.0243381, , , , , , , 14.1542308, -0.0629435, , , , , , , 14.1542308, 0.0065461, , , , , , , 14.1542308, -0.0166171, , , , , , , , , , , , , , , , , , , , , , , , , , , , 
14.15475, 0.0313878, , , , , , , 14.15475, -0.0379339, , , , , , , 14.15475, 0.0038605, , , , , , , 14.15475, -0.0152743, , , , , , , , , , , , , , , , , , , , , , , , , , , , 
14.1552692, 0.0459907, , , , , , , 14.1552692, -0.0147707, , , , , , , 14.1552692, 0.0003357, , , , , , , 14.1552692, -0.0154421, , , , , , , , , , , , , , , , , , , , , , , , , , , , 
14.1557885, 0.0666361, , , , , , , 14.1557885, -0.0041962, , , , , , , 14.1557885, -0.0052033, , , , , , , 14.1557885, -0.018967, , , , , , , , , , , , , , , , , , , , , , , , , , , , 
14.1563077, 0.0736858, , , , , , , 14.1563077, 0.0028534, , , , , , , 14.1563077, -0.0109102, , , , , , , 14.1563077, -0.0186313, , , , , , , , , , , , , , , , , , , , , , , , , , , , 
14.1568269, 0.0767071, , , , , , , 14.1568269, 0.0075532, , , , , , , 14.1568269, -0.0260166, , , , , , , 14.1568269, -0.01561, , , , , , , , , , , , , , , , , , , , , , , , , , , , 
14.1573462, 0.0802319, , , , , , , 14.1573462, 0.0025177, , , , , , , 14.1573462, -0.0570687, , , , , , , 14.1573462, -0.0142672, , , , , , , , , , , , , , , , , , , , , , , , , , , , 
14.1578654, 0.0817426, , , , , , , 14.1578654, -0.0041962, , , , , , , 14.1578654, -0.0887922, , , , , , , 14.1578654, -0.0139315, , , , , , , , , , , , , , , , , , , , , , , , , , , , 
14.1583846, 0.0748608, , , , , , , 14.1583846, -0.0052033, , , , , , , 14.1583846, -0.0951705, , , , , , , 14.1583846, -0.0082246, , , , , , , , , , , , , , , , , , , , , , , , , , , , 
14.1589038, 0.0616007, , , , , , , 14.1589038, -0.0065461, , , , , , , 14.1589038, -0.0767071, , , , , , , 14.1589038, 0.0016785, , , , , , , , , , , , , , , , , , , , , , , , , , , , 
14.1594231, 0.0501869, , , , , , , 14.1594231, -0.0112459, , , , , , , 14.1594231, -0.0515297, , , , , , , 14.1594231, 0.0142672, , , , , , , , , , , , , , , , , , , , , , , , , , , , 
14.1599423, 0.0404517, , , , , , , 14.1599423, -0.0109102, , , , , , , 14.1599423, -0.0360876, , , , , , , 14.1599423, 0.026688, , , , , , , , , , , , , , , , , , , , , , , , , , , , 
14.1604615, 0.0318914, , , , , , , 14.1604615, -0.0003357, , , , , , , 14.1604615, -0.0276951, , , , , , , 14.1604615, 0.0374304, , , , , , , , , , , , , , , , , , , , , , , , , , , , 
14.1609808, 0.0219883, , , , , , , 14.1609808, 0.0129244, , , , , , , 14.1609808, -0.0129244, , , , , , , 14.1609808, 0.0451514, , , , , , , , , , , , , , , , , , , , , , , , , , , , 
14.1615, 0.0085603, , , , , , , 14.1615, 0.0182956, , , , , , , 14.1615, 0.0139315, , , , , , , 14.1615, 0.051194, , , , , , , , , , , , , , , , , , , , , , , , , , , , 
14.1620192, -0.0082246, , , , , , , 14.1620192, 0.0058747, , , , , , , 14.1620192, 0.0475013, , , , , , , 14.1620192, 0.0535439, , , , , , , , , , , , , , , , , , , , , , , , , , , , 
14.1625385, -0.0216526, , , , , , , 14.1625385, -0.0139315, , , , , , , 14.1625385, 0.0770428, , , , , , , 14.1625385, 0.0488441, , , , , , , , , , , , , , , , , , , , , , , , , , , , 
14.1630577, -0.0320592, , , , , , , 14.1630577, -0.0223239, , , , , , , 14.1630577, 0.0944991, , , , , , , 14.1630577, 0.040116, , , , , , , , , , , , , , , , , , , , , , , , , , , , 
14.1635769, -0.0394446, , , , , , , 14.1635769, -0.0162814, , , , , , , 14.1635769, 0.102388, , , , , , , 14.1635769, 0.0352483, , , , , , , , , , , , , , , , , , , , , , , , , , , , 
14.1640962, -0.0451514, , , , , , , 14.1640962, -0.0139315, , , , , , , 14.1640962, 0.1038987, , , , , , , 14.1640962, 0.0330663, , , , , , , , , , , , , , , , , , , , , , , , , , , , 
14.1646154, -0.0500191, , , , , , , 14.1646154, -0.0256809, , , , , , , 14.1646154, 0.0998703, , , , , , , 14.1646154, 0.030045, , , , , , , , , , , , , , , , , , , , , , , , , , , , 
14.1651346, -0.0495155, , , , , , , 14.1651346, -0.0417945, , , , , , , 14.1651346, 0.0874495, , , , , , , 14.1651346, 0.0236667, , , , , , , , , , , , , , , , , , , , , , , , , , , , 
14.1656538, -0.0411231, , , , , , , 14.1656538, -0.0397803, , , , , , , 14.1656538, 0.0669718, , , , , , , 14.1656538, 0.01561, , , , , , , , , , , , , , , , , , , , , , , , , , , , 
14.1661731, -0.0317235, , , , , , , 14.1661731, -0.018967, , , , , , , 14.1661731, 0.0414588, , , , , , , 14.1661731, 0.0099031, , , , , , , , , , , , , , , , , , , , , , , , , , , , 
14.1666923, -0.0209812, , , , , , , 14.1666923, -0.0068818, , , , , , , 14.1666923, 0.0159457, , , , , , , 14.1666923, 0.0078889, , , , , , , , , , , , , , , , , , , , , , , , , , , , 
14.1672115, -0.0099031, , , , , , , 14.1672115, -0.0196384, , , , , , , 14.1672115, -0.002182, , , , , , , 14.1672115, 0.0052033, , , , , , , , , , , , , , , , , , , , , , , , , , , , 
14.1677308, -0.002182, , , , , , , 14.1677308, -0.0391089, , , , , , , 14.1677308, -0.0149386, , , , , , , 14.1677308, 0.0005035, , , , , , , , , , , , , , , , , , , , , , , , , , , , 
14.16825, 0.0005035, , , , , , , 14.16825, -0.0411231, , , , , , , 14.16825, -0.0250095, , , , , , , 14.16825, -0.002182, , , , , , , , , , , , , , , , , , , , , , , , , , , , 
14.1687692, 0.0038605, , , , , , , 14.1687692, -0.0250095, , , , , , , 14.1687692, -0.023331, , , , , , , 14.1687692, -0.0016785, , , , , , , , , , , , , , , , , , , , , , , , , , , , 
14.1692885, 0.0058747, , , , , , , 14.1692885, -0.008896, , , , , , , 14.1692885, -0.0083925, , , , , , , 14.1692885, 0.0015106, , , , , , , , , , , , , , , , , , , , , , , , , , , , 
14.1698077, -0.0011749, , , , , , , 14.1698077, -0.0008392, , , , , , , 14.1698077, 0.0135958, , , , , , , 14.1698077, 0.0025177, , , , , , , , , , , , , , , , , , , , , , , , , , , , 
14.1703269, -0.0068818, , , , , , , 14.1703269, 0.0005035, , , , , , , 14.1703269, 0.0340734, , , , , , , 14.1703269, 0.0003357, , , , , , , , , , , , , , , , , , , , , , , , , , , , 
14.1708462, -0.0062104, , , , , , , 14.1708462, 0.002182, , , , , , , 14.1708462, 0.0501869, , , , , , , 14.1708462, -0.0008392, , , , , , , , , , , , , , , , , , , , , , , , , , , , 
14.1713654, -0.0001678, , , , , , , 14.1713654, 0.0068818, , , , , , , 14.1713654, 0.0535439, , , , , , , 14.1713654, -0.0001678, , , , , , , , , , , , , , , , , , , , , , , , , , , , 
14.1718846, 0.0031891, , , , , , , 14.1718846, 0.0099031, , , , , , , 14.1718846, 0.0428016, , , , , , , 14.1718846, 0.0008392, , , , , , , , , , , , , , , , , , , , , , , , , , , , 
14.1724038, 0.0003357, , , , , , , 14.1724038, 0.008896, , , , , , , 14.1724038, 0.0196384, , , , , , , 14.1724038, 0.0011749, , , , , , , , , , , , , , , , , , , , , , , , , , , , 
14.1729231, -0.0031891, , , , , , , 14.1729231, 0.0078889, , , , , , , 14.1729231, -0.0176242, , , , , , , 14.1729231, 0.0028534, , , , , , , , , , , , , , , , , , , , , , , , , , , , 
14.1734423, -0.003357, , , , , , , 14.1734423, 0.008896, , , , , , , 14.1734423, -0.061265, , , , , , , 14.1734423, 0.0068818, , , , , , , , , , , , , , , , , , , , , , , , , , , , 
14.1739615, 0.002182, , , , , , , 14.1739615, 0.01561, , , , , , , 14.1739615, -0.0995346, , , , , , , 14.1739615, 0.0112459, , , , , , , , , , , , , , , , , , , , , , , , , , , , 
14.1744808, 0.0125887, , , , , , , 14.1744808, 0.0293736, , , , , , , 14.1744808, -0.1243763, , , , , , , 14.1744808, 0.0169528, , , , , , , , , , , , , , , , , , , , , , , , , , , , 
14.175, 0.0276951, , , , , , , 14.175, 0.047837, , , , , , , 14.175, -0.13579, , , , , , , 14.175, 0.0181277, , , , , , , , , , , , , , , , , , , , , , , , , , , , 
14.1755192, 0.0464942, , , , , , , 14.1755192, 0.0589151, , , , , , , 14.1755192, -0.1347829, , , , , , , 14.1755192, 0.0146029, , , , , , , , , , , , , , , , , , , , , , , , , , , , 
14.1760385, 0.0599222, , , , , , , 14.1760385, 0.0481727, , , , , , , 14.1760385, -0.1203479, , , , , , , 14.1760385, 0.0119173, , , , , , , , , , , , , , , , , , , , , , , , , , , , 
14.1765577, 0.0679789, , , , , , , 14.1765577, 0.0149386, , , , , , , 14.1765577, -0.0921492, , , , , , , 14.1765577, 0.0119173, , , , , , , , , , , , , , , , , , , , , , , , , , , , 
14.1770769, 0.0777142, , , , , , , 14.1770769, -0.0105745, , , , , , , 14.1770769, -0.0621042, , , , , , , 14.1770769, 0.0125887, , , , , , , , , , , , , , , , , , , , , , , , , , , , 
14.1775962, 0.0869459, , , , , , , 14.1775962, -0.0109102, , , , , , , 14.1775962, -0.0453193, , , , , , , 14.1775962, 0.0105745, , , , , , , , , , , , , , , , , , , , , , , , , , , , 
14.1781154, 0.0891279, , , , , , , 14.1781154, 0.0052033, , , , , , , 14.1781154, -0.0372625, , , , , , , 14.1781154, 0.0045319, , , , , , , , , , , , , , , , , , , , , , , , , , , , 
14.1786346, 0.0854353, , , , , , , 14.1786346, 0.0246738, , , , , , , 14.1786346, -0.0370947, , , , , , , 14.1786346, 0.0018463, , , , , , , , , , , , , , , , , , , , , , , , , , , , 
14.1791538, 0.0763714, , , , , , , 14.1791538, 0.040116, , , , , , , 14.1791538, -0.0381018, , , , , , , 14.1791538, 0.0015106, , , , , , , , , , , , , , , , , , , , , , , , , , , , 
14.1796731, 0.0656291, , , , , , , 14.1796731, 0.0417945, , , , , , , 14.1796731, -0.0313878, , , , , , , 14.1796731, 0.0023499, , , , , , , , , , , , , , , , , , , , , , , , , , , , 
14.1801923, 0.0574044, , , , , , , 14.1801923, 0.0382696, , , , , , , 14.1801923, -0.0191348, , , , , , , 14.1801923, 0.0028534, , , , , , , , , , , , , , , , , , , , , , , , , , , , 
14.1807115, 0.0451514, , , , , , , 14.1807115, 0.0149386, , , , , , , 14.1807115, -0.0041962, , , , , , , 14.1807115, 0.0045319, , , , , , , , , , , , , , , , , , , , , , , , , , , , 
14.1812308, 0.0260166, , , , , , , 14.1812308, -0.0394446, , , , , , , 14.1812308, 0.0146029, , , , , , , 14.1812308, 0.0102388, , , , , , , , , , , , , , , , , , , , , , , , , , , , 
14.18175, 0.0058747, , , , , , , 14.18175, -0.0827497, , , , , , , 14.18175, 0.043473, , , , , , , 14.18175, 0.0179599, , , , , , , , , , , , , , , , , , , , , , , , , , , , 
14.1822692, -0.0063783, , , , , , , 14.1822692, -0.0834211, , , , , , , 14.1822692, 0.0757, , , , , , , 14.1822692, 0.0256809, , , , , , , , , , , , , , , , , , , , , , , , , , , , 
14.1827885, -0.01561, , , , , , , 14.1827885, -0.0649577, , , , , , , 14.1827885, 0.1032273, , , , , , , 14.1827885, 0.0315557, , , , , , , , , , , , , , , , , , , , , , , , , , , , 
14.1833077, -0.0320592, , , , , , , 14.1833077, -0.0592508, , , , , , , 14.1833077, 0.1243763, , , , , , , 14.1833077, 0.0370947, , , , , , , , , , , , , , , , , , , , , , , , , , , , 
14.1838269, -0.0498512, , , , , , , 14.1838269, -0.0693217, , , , , , , 14.1838269, 0.1441825, , , , , , , 14.1838269, 0.0436408, , , , , , , , , , , , , , , , , , , , , , , , , , , , 
14.1843462, -0.0592508, , , , , , , 14.1843462, -0.0787213, , , , , , , 14.1843462, 0.1623102, , , , , , , 14.1843462, 0.0486763, , , , , , , , , , , , , , , , , , , , , , , , , , , , 
14.1848654, -0.0592508, , , , , , , 14.1848654, -0.0753643, , , , , , , 14.1848654, 0.1690242, , , , , , , 14.1848654, 0.0508583, , , , , , , , , , , , , , , , , , , , , , , , , , , , 
14.1853846, -0.0565652, , , , , , , 14.1853846, -0.0699931, , , , , , , 14.1853846, 0.1589532, , , , , , , 14.1853846, 0.0493477, , , , , , , , , , , , , , , , , , , , , , , , , , , , 
14.1859038, -0.0528725, , , , , , , 14.1859038, -0.0713359, , , , , , , 14.1859038, 0.1331044, , , , , , , 14.1859038, 0.0431373, , , , , , , , , , , , , , , , , , , , , , , , , , , , 
14.1864231, -0.0468299, , , , , , , 14.1864231, -0.0626078, , , , , , , 14.1864231, 0.0981918, , , , , , , 14.1864231, 0.033402, , , , , , , , , , , , , , , , , , , , , , , , , , , , 
14.1869423, -0.0397803, , , , , , , 14.1869423, -0.0354162, , , , , , , 14.1869423, 0.0619364, , , , , , , 14.1869423, 0.0265202, , , , , , , , , , , , , , , , , , , , , , , , , , , , 
14.1874615, -0.0364233, , , , , , , 14.1874615, -0.0041962, , , , , , , 14.1874615, 0.024506, , , , , , , 14.1874615, 0.0219883, , , , , , , , , , , , , , , , , , , , , , , , , , , , 
14.1879808, -0.0352483, , , , , , , 14.1879808, 0.01561, , , , , , , 14.1879808, -0.0209812, , , , , , , 14.1879808, 0.0199741, , , , , , , , , , , , , , , , , , , , , , , , , , , , 
14.1885, -0.0323949, , , , , , , 14.1885, 0.01561, , , , , , , 14.1885, -0.0730144, , , , , , , 14.1885, 0.0213169, , , , , , , , , , , , , , , , , , , , , , , , , , , , 
14.1890192, -0.026688, , , , , , , 14.1890192, 0.0025177, , , , , , , 14.1890192, -0.1230335, , , , , , , 14.1890192, 0.0193027, , , , , , , , , , , , , , , , , , , , , , , , , , , , 
14.1895385, -0.0196384, , , , , , , 14.1895385, -0.0068818, , , , , , , 14.1895385, -0.1574426, , , , , , , 14.1895385, 0.0159457, , , , , , , , , , , , , , , , , , , , , , , , , , , , 
14.1900577, -0.0125887, , , , , , , 14.1900577, -0.0072175, , , , , , , 14.1900577, -0.1787594, , , , , , , 14.1900577, 0.0105745, , , , , , , , , , , , , , , , , , , , , , , , , , , , 
14.1905769, -0.005539, , , , , , , 14.1905769, -0.0036927, , , , , , , 14.1905769, -0.203769, , , , , , , 14.1905769, 0.0048676, , , , , , , , , , , , , , , , , , , , , , , , , , , , 
14.1910962, 0.0011749, , , , , , , 14.1910962, 0.0003357, , , , , , , 14.1910962, -0.2277714, , , , , , , 14.1910962, 0.0036927, , , , , , , , , , , , , , , , , , , , , , , , , , , , 
14.1916154, 0.0090639, , , , , , , 14.1916154, 0.0025177, , , , , , , 14.1916154, -0.2257572, , , , , , , 14.1916154, 0.0058747, , , , , , , , , , , , , , , , , , , , , , , , , , , , 
14.1921346, 0.0149386, , , , , , , 14.1921346, 0.0078889, , , , , , , 14.1921346, -0.1878233, , , , , , , 14.1921346, 0.0077211, , , , , , , , , , , , , , , , , , , , , , , , , , , , 
14.1926538, 0.0172885, , , , , , , 14.1926538, 0.0132601, , , , , , , 14.1926538, -0.1312581, , , , , , , 14.1926538, 0.0065461, , , , , , , , , , , , , , , , , , , , , , , , , , , , 
14.1931731, 0.0213169, , , , , , , 14.1931731, 0.0152743, , , , , , , 14.1931731, -0.0783856, , , , , , , 14.1931731, 0.0028534, , , , , , , , , , , , , , , , , , , , , , , , , , , , 
14.1936923, 0.0307164, , , , , , , 14.1936923, 0.0104067, , , , , , , 14.1936923, -0.0292058, , , , , , , 14.1936923, -0.0001678, , , , , , , , , , , , , , , , , , , , , , , , , , , , 
14.1942115, 0.0414588, , , , , , , 14.1942115, 0.0062104, , , , , , , 14.1942115, 0.0115816, , , , , , , 14.1942115, -0.002182, , , , , , , , , , , , , , , , , , , , , , , , , , , , 
14.1947308, 0.0525368, , , , , , , 14.1947308, 0.0092317, , , , , , , 14.1947308, 0.0290379, , , , , , , 14.1947308, -0.0072175, , , , , , , , , , , , , , , , , , , , , , , , , , , , 
14.19525, 0.0699931, , , , , , , 14.19525, 0.01561, , , , , , , 14.19525, 0.0315557, , , , , , , 14.19525, -0.0142672, , , , , , , , , , , , , , , , , , , , , , , , , , , , 
14.1957692, 0.0877852, , , , , , , 14.1957692, 0.012253, , , , , , , 14.1957692, 0.0320592, , , , , , , 14.1957692, -0.0198062, , , , , , , , , , , , , , , , , , , , , , , , , , , , 
14.1962885, 0.1012131, , , , , , , 14.1962885, -0.008896, , , , , , , 14.1962885, 0.0250095, , , , , , , 14.1962885, -0.0223239, , , , , , , , , , , , , , , , , , , , , , , , , , , , 
14.1968077, 0.1005417, , , , , , , 14.1968077, -0.0323949, , , , , , , 14.1968077, 0.0010071, , , , , , , 14.1968077, -0.0209812, , , , , , , , , , , , , , , , , , , , , , , , , , , , 
14.1973269, 0.0961776, , , , , , , 14.1973269, -0.051194, , , , , , , 14.1973269, -0.0370947, , , , , , , 14.1973269, -0.0209812, , , , , , , , , , , , , , , , , , , , , , , , , , , , 
14.1978462, 0.0951705, , , , , , , 14.1978462, -0.0592508, , , , , , , 14.1978462, -0.076875, , , , , , , 14.1978462, -0.0199741, , , , , , , , , , , , , , , , , , , , , , , , , , , , 
14.1983654, 0.0928206, , , , , , , 14.1983654, -0.0481727, , , , , , , 14.1983654, -0.1064164, , , , , , , 14.1983654, -0.0179599, , , , , , , , , , , , , , , , , , , , , , , , , , , , 
14.1988846, 0.0830854, , , , , , , 14.1988846, -0.0159457, , , , , , , 14.1988846, -0.1203479, , , , , , , 14.1988846, -0.014435, , , , , , , , , , , , , , , , , , , , , , , , , , , , 
14.1994038, 0.0676432, , , , , , , 14.1994038, 0.0179599, , , , , , , 14.1994038, -0.1203479, , , , , , , 14.1994038, -0.0083925, , , , , , , , , , , , , , , , , , , , , , , , , , , , 
14.1999231, 0.0555581, , , , , , , 14.1999231, 0.0397803, , , , , , , 14.1999231, -0.1116197, , , , , , , 14.1999231, 0.0048676, , , , , , , , , , , , , , , , , , , , , , , , , , , , 
14.2004423, 0.0431373, , , , , , , 14.2004423, 0.0505226, , , , , , , 14.2004423, -0.1022202, , , , , , , 14.2004423, 0.0216526, , , , , , , , , , , , , , , , , , , , , , , , , , , , 
14.2009615, 0.0243381, , , , , , , 14.2009615, 0.0525368, , , , , , , 14.2009615, -0.0840925, , , , , , , 14.2009615, 0.0365911, , , , , , , , , , , , , , , , , , , , , , , , , , , , 
14.2014808, 0.0015106, , , , , , , 14.2014808, 0.0451514, , , , , , , 14.2014808, -0.0441444, , , , , , , 14.2014808, 0.0495155, , , , , , , , , , , , , , , , , , , , , , , , , , , , 
14.202, -0.0223239, , , , , , , 14.202, 0.033402, , , , , , , 14.202, 0.0105745, , , , , , , 14.202, 0.0622721, , , , , , , , , , , , , , , , , , , , , , , , , , , , 
14.2025192, -0.0404517, , , , , , , 14.2025192, 0.018967, , , , , , , 14.2025192, 0.0594186, , , , , , , 14.2025192, 0.0703288, , , , , , , , , , , , , , , , , , , , , , , , , , , , 
14.2030385, -0.0501869, , , , , , , 14.2030385, 0.0005035, , , , , , , 14.2030385, 0.090135, , , , , , , 14.2030385, 0.072343, , , , , , , , , , , , , , , , , , , , , , , , , , , , 
14.2035577, -0.0535439, , , , , , , 14.2035577, -0.0209812, , , , , , , 14.2035577, 0.1072557, , , , , , , 14.2035577, 0.0693217, , , , , , , , , , , , , , , , , , , , , , , , , , , , 
14.2040769, -0.0585794, , , , , , , 14.2040769, -0.0438087, , , , , , , 14.2040769, 0.117998, , , , , , , 14.2040769, 0.0649577, , , , , , , , , , , , , , , , , , , , , , , , , , , , 
14.2045962, -0.0632792, , , , , , , 14.2045962, -0.0693217, , , , , , , 14.2045962, 0.1233692, , , , , , , 14.2045962, 0.0589151, , , , , , , , , , , , , , , , , , , , , , , , , , , , 
14.2051154, -0.0552224, , , , , , , 14.2051154, -0.0877852, , , , , , , 14.2051154, 0.1243763, , , , , , , 14.2051154, 0.0468299, , , , , , , , , , , , , , , , , , , , , , , , , , , , 
14.2056346, -0.0417945, , , , , , , 14.2056346, -0.0884565, , , , , , , 14.2056346, 0.1220264, , , , , , , 14.2056346, 0.0330663, , , , , , , , , , , , , , , , , , , , , , , , , , , , 
14.2061538, -0.0307164, , , , , , , 14.2061538, -0.0787213, , , , , , , 14.2061538, 0.1190051, , , , , , , 14.2061538, 0.0226596, , , , , , , , , , , , , , , , , , , , , , , , , , , , 
14.2066731, -0.0196384, , , , , , , 14.2066731, -0.0679789, , , , , , , 14.2066731, 0.1166552, , , , , , , 14.2066731, 0.0166171, , , , , , , , , , , , , , , , , , , , , , , , , , , , 
14.2071923, -0.0095674, , , , , , , 14.2071923, -0.0552224, , , , , , , 14.2071923, 0.1119554, , , , , , , 14.2071923, 0.0085603, , , , , , , , , , , , , , , , , , , , , , , , , , , , 
14.2077115, -0.0008392, , , , , , , 14.2077115, -0.0357519, , , , , , , 14.2077115, 0.1022202, , , , , , , 14.2077115, 0.0008392, , , , , , , , , , , , , , , , , , , , , , , , , , , , 
14.2082308, 0.0041962, , , , , , , 14.2082308, -0.0171206, , , , , , , 14.2082308, 0.0897993, , , , , , , 14.2082308, -0.0035248, , , , , , , , , , , , , , , , , , , , , , , , , , , , 
14.20875, 0.0062104, , , , , , , 14.20875, -0.0043641, , , , , , , 14.20875, 0.0770428, , , , , , , 14.20875, -0.0062104, , , , , , , , , , , , , , , , , , , , , , , , , , , , 
14.2092692, 0.0115816, , , , , , , 14.2092692, 0.0052033, , , , , , , 14.2092692, 0.0575723, , , , , , , 14.2092692, -0.0099031, , , , , , , , , , , , , , , , , , , , , , , , , , , , 
14.2097885, 0.0194705, , , , , , , 14.2097885, 0.0139315, , , , , , , 14.2097885, 0.0406195, , , , , , , 14.2097885, -0.0135958, , , , , , , , , , , , , , , , , , , , , , , , , , , , 
14.2103077, 0.0240024, , , , , , , 14.2103077, 0.0206455, , , , , , , 14.2103077, 0.0347448, , , , , , , 14.2103077, -0.0152743, , , , , , , , , , , , , , , , , , , , , , , , , , , , 
14.2108269, 0.0283665, , , , , , , 14.2108269, 0.0256809, , , , , , , 14.2108269, 0.0318914, , , , , , , 14.2108269, -0.0134279, , , , , , , , , , , , , , , , , , , , , , , , , , , , 
14.2113462, 0.0328985, , , , , , , 14.2113462, 0.0290379, , , , , , , 14.2113462, 0.0179599, , , , , , , 14.2113462, -0.0112459, , , , , , , , , , , , , , , , , , , , , , , , , , , , 
14.2118654, 0.0344091, , , , , , , 14.2118654, 0.0307164, , , , , , , 14.2118654, -0.0057069, , , , , , , 14.2118654, -0.0068818, , , , , , , , , , , , , , , , , , , , , , , , , , , , 
14.2123846, 0.0370947, , , , , , , 14.2123846, 0.0307164, , , , , , , 14.2123846, -0.0330663, , , , , , , 14.2123846, -0.002182, , , , , , , , , , , , , , , , , , , , , , , , , , , , 
14.2129038, 0.0421302, , , , , , , 14.2129038, 0.0307164, , , , , , , 14.2129038, -0.0565652, , , , , , , 14.2129038, -0.0011749, , , , , , , , , , , , , , , , , , , , , , , , , , , , 
14.2134231, 0.0397803, , , , , , , 14.2134231, 0.0374304, , , , , , , 14.2134231, -0.0733501, , , , , , , 14.2134231, -0.0035248, , , , , , , , , , , , , , , , , , , , , , , , , , , , 
14.2139423, 0.0307164, , , , , , , 14.2139423, 0.0562295, , , , , , , 14.2139423, -0.0864424, , , , , , , 14.2139423, -0.0028534, , , , , , , , , , , , , , , , , , , , , , , , , , , , 
14.2144615, 0.0263523, , , , , , , 14.2144615, 0.0802319, , , , , , , 14.2144615, -0.0997024, , , , , , , 14.2144615, 0.0045319, , , , , , , , , , , , , , , , , , , , , , , , , , , , 
14.2149808, 0.0340734, , , , , , , 14.2149808, 0.0896315, , , , , , , 14.2149808, -0.1116197, , , , , , , 14.2149808, 0.012253, , , , , , , , , , , , , , , , , , , , , , , , , , , , 
14.2155, 0.0491798, , , , , , , 14.2155, 0.0736858, , , , , , , 14.2155, -0.1196765, , , , , , , 14.2155, 0.0125887, , , , , , , , , , , , , , , , , , , , , , , , , , , , 
14.2160192, 0.0575723, , , , , , , 14.2160192, 0.0360876, , , , , , , 14.2160192, -0.1169909, , , , , , , 14.2160192, 0.0102388, , , , , , , , , , , , , , , , , , , , , , , , , , , , 
14.2165385, 0.0575723, , , , , , , 14.2165385, 0.0052033, , , , , , , 14.2165385, -0.0985275, , , , , , , 14.2165385, 0.0078889, , , , , , , , , , , , , , , , , , , , , , , , , , , , 
14.2170577, 0.0575723, , , , , , , 14.2170577, -0.0095674, , , , , , , 14.2170577, -0.0746929, , , , , , , 14.2170577, 0.0052033, , , , , , , , , , , , , , , , , , , , , , , , , , , , 
14.2175769, 0.0569009, , , , , , , 14.2175769, -0.0238346, , , , , , , 14.2175769, -0.0540475, , , , , , , 14.2175769, 0.002182, , , , , , , , , , , , , , , , , , , , , , , , , , , , 
14.2180962, 0.0535439, , , , , , , 14.2180962, -0.0451514, , , , , , , 14.2180962, -0.0391089, , , , , , , 14.2180962, -0.0028534, , , , , , , , , , , , , , , , , , , , , , , , , , , , 
14.2186154, 0.0475013, , , , , , , 14.2186154, -0.0632792, , , , , , , 14.2186154, -0.0256809, , , , , , , 14.2186154, -0.008896, , , , , , , , , , , , , , , , , , , , , , , , , , , , 
14.2191346, 0.0438087, , , , , , , 14.2191346, -0.0693217, , , , , , , 14.2191346, -0.0109102, , , , , , , 14.2191346, -0.0146029, , , , , , , , , , , , , , , , , , , , , , , , , , , , 
14.2196538, 0.0357519, , , , , , , 14.2196538, -0.063447, , , , , , , 14.2196538, 0.0095674, , , , , , , 14.2196538, -0.0159457, , , , , , , , , , , , , , , , , , , , , , , , , , , , 
14.2201731, 0.0258488, , , , , , , 14.2201731, -0.0471656, , , , , , , 14.2201731, 0.0290379, , , , , , , 14.2201731, -0.0146029, , , , , , , , , , , , , , , , , , , , , , , , , , , , 
14.2206923, 0.0139315, , , , , , , 14.2206923, -0.0219883, , , , , , , 14.2206923, 0.0379339, , , , , , , 14.2206923, -0.0172885, , , , , , , , , , , , , , , , , , , , , , , , , , , , 
14.2212115, 0.0010071, , , , , , , 14.2212115, 0.0031891, , , , , , , 14.2212115, 0.0407874, , , , , , , 14.2212115, -0.0176242, , , , , , , , , , , , , , , , , , , , , , , , , , , , 
14.2217308, -0.0132601, , , , , , , 14.2217308, 0.0105745, , , , , , , 14.2217308, 0.0475013, , , , , , , 14.2217308, -0.0139315, , , , , , , , , , , , , , , , , , , , , , , , , , , , 
14.22225, -0.0310521, , , , , , , 14.22225, -0.0038605, , , , , , , 14.22225, 0.0602579, , , , , , , 14.22225, -0.0095674, , , , , , , , , , , , , , , , , , , , , , , , , , , , 
14.2227692, -0.0424659, , , , , , , 14.2227692, -0.0260166, , , , , , , 14.2227692, 0.0703288, , , , , , , 14.2227692, -0.0035248, , , , , , , , , , , , , , , , , , , , , , , , , , , , 
14.2232885, -0.0468299, , , , , , , 14.2232885, -0.0407874, , , , , , , 14.2232885, 0.0713359, , , , , , , 14.2232885, 0.0023499, , , , , , , , , , , , , , , , , , , , , , , , , , , , 
14.2238077, -0.0535439, , , , , , , 14.2238077, -0.0485084, , , , , , , 14.2238077, 0.0642863, , , , , , , 14.2238077, 0.0078889, , , , , , , , , , , , , , , , , , , , , , , , , , , , 
14.2243269, -0.0548867, , , , , , , 14.2243269, -0.0592508, , , , , , , 14.2243269, 0.0548867, , , , , , , 14.2243269, 0.0117494, , , , , , , , , , , , , , , , , , , , , , , , , , , , 
14.2248462, -0.0481727, , , , , , , 14.2248462, -0.0736858, , , , , , , 14.2248462, 0.0387732, , , , , , , 14.2248462, 0.0135958, , , , , , , , , , , , , , , , , , , , , , , , , , , , 
14.2253654, -0.0337377, , , , , , , 14.2253654, -0.0782177, , , , , , , 14.2253654, 0.0186313, , , , , , , 14.2253654, 0.0152743, , , , , , , , , , , , , , , , , , , , , , , , , , , , 
14.2258846, -0.0216526, , , , , , , 14.2258846, -0.0626078, , , , , , , 14.2258846, 0.0018463, , , , , , , 14.2258846, 0.0209812, , , , , , , , , , , , , , , , , , , , , , , , , , , , 
14.2264038, -0.011078, , , , , , , 14.2264038, -0.0285344, , , , , , , 14.2264038, -0.0075532, , , , , , , 14.2264038, 0.0327306, , , , , , , , , , , , , , , , , , , , , , , , , , , , 
14.2269231, 0.0001678, , , , , , , 14.2269231, 0.0105745, , , , , , , 14.2269231, -0.0129244, , , , , , , 14.2269231, 0.0480049, , , , , , , , , , , , , , , , , , , , , , , , , , , , 
14.2274423, 0.0115816, , , , , , , 14.2274423, 0.04448, , , , , , , 14.2274423, -0.0209812, , , , , , , 14.2274423, 0.0626078, , , , , , , , , , , , , , , , , , , , , , , , , , , , 
14.2279615, 0.0166171, , , , , , , 14.2279615, 0.0693217, , , , , , , 14.2279615, -0.0344091, , , , , , , 14.2279615, 0.076875, , , , , , , , , , , , , , , , , , , , , , , , , , , , 
14.2284808, 0.0186313, , , , , , , 14.2284808, 0.0757, , , , , , , 14.2284808, -0.0518654, , , , , , , 14.2284808, 0.0840925, , , , , , , , , , , , , , , , , , , , , , , , , , , , 
14.229, 0.0219883, , , , , , , 14.229, 0.0508583, , , , , , , 14.229, -0.0599222, , , , , , , 14.229, 0.0830854, , , , , , , , , , , , , , , , , , , , , , , , , , , , 
14.2295192, 0.0213169, , , , , , , 14.2295192, 0.0104067, , , , , , , 14.2295192, -0.0505226, , , , , , , 14.2295192, 0.079057, , , , , , , , , , , , , , , , , , , , , , , , , , , , 
14.2300385, 0.0159457, , , , , , , 14.2300385, -0.0162814, , , , , , , 14.2300385, -0.0256809, , , , , , , 14.2300385, 0.0743572, , , , , , , , , , , , , , , , , , , , , , , , , , , , 
14.2305577, 0.0105745, , , , , , , 14.2305577, -0.0216526, , , , , , , 14.2305577, 0.0035248, , , , , , , 14.2305577, 0.0673075, , , , , , , , , , , , , , , , , , , , , , , , , , , , 
14.2310769, 0.0092317, , , , , , , 14.2310769, -0.0077211, , , , , , , 14.2310769, 0.0213169, , , , , , , 14.2310769, 0.0558938, , , , , , , , , , , , , , , , , , , , , , , , , , , , 
14.2315962, 0.0068818, , , , , , , 14.2315962, 0.0169528, , , , , , , 14.2315962, 0.0248417, , , , , , , 14.2315962, 0.0407874, , , , , , , , , , , , , , , , , , , , , , , , , , , , 
14.2321154, 0.0016785, , , , , , , 14.2321154, 0.0379339, , , , , , , 14.2321154, 0.0226596, , , , , , , 14.2321154, 0.0283665, , , , , , , , , , , , , , , , , , , , , , , , , , , , 
14.2326346, 0.0028534, , , , , , , 14.2326346, 0.0562295, , , , , , , 14.2326346, 0.0146029, , , , , , , 14.2326346, 0.0186313, , , , , , , , , , , , , , , , , , , , , , , , , , , , 
14.2331538, 0.0075532, , , , , , , 14.2331538, 0.0803998, , , , , , , 14.2331538, -0.0035248, , , , , , , 14.2331538, 0.0078889, , , , , , , , , , , , , , , , , , , , , , , , , , , , 
14.2336731, 0.0058747, , , , , , , 14.2336731, 0.085771, , , , , , , 14.2336731, -0.0256809, , , , , , , 14.2336731, -0.0018463, , , , , , , , , , , , , , , , , , , , , , , , , , , , 
14.2341923, 0.0045319, , , , , , , 14.2341923, 0.0562295, , , , , , , 14.2341923, -0.0428016, , , , , , , 14.2341923, -0.0068818, , , , , , , , , , , , , , , , , , , , , , , , , , , , 
14.2347115, 0.0075532, , , , , , , 14.2347115, 0.0031891, , , , , , , 14.2347115, -0.0542153, , , , , , , 14.2347115, -0.0092317, , , , , , , , , , , , , , , , , , , , , , , , , , , , 
14.2352308, 0.0172885, , , , , , , 14.2352308, -0.0491798, , , , , , , 14.2352308, -0.061265, , , , , , , 14.2352308, -0.0130922, , , , , , , , , , , , , , , , , , , , , , , , , , , , 
14.23575, 0.0283665, , , , , , , 14.23575, -0.0874495, , , , , , , 14.23575, -0.0706645, , , , , , , 14.23575, -0.018967, , , , , , , , , , , , , , , , , , , , , , , , , , , , 
14.2362692, 0.0392767, , , , , , , 14.2362692, -0.1012131, , , , , , , 14.2362692, -0.0850996, , , , , , , 14.2362692, -0.0224918, , , , , , , , , , , , , , , , , , , , , , , , , , , , 
14.2367885, 0.0535439, , , , , , , 14.2367885, -0.096849, , , , , , , 14.2367885, -0.0950027, , , , , , , 14.2367885, -0.0250095, , , , , , , , , , , , , , , , , , , , , , , , , , , , 
14.2373077, 0.0622721, , , , , , , 14.2373077, -0.0965133, , , , , , , 14.2373077, -0.0958419, , , , , , , 14.2373077, -0.026688, , , , , , , , , , , , , , , , , , , , , , , , , , , , 
14.2378269, 0.0669718, , , , , , , 14.2378269, -0.0998703, , , , , , , 14.2378269, -0.0928206, , , , , , , 14.2378269, -0.0265202, , , , , , , , , , , , , , , , , , , , , , , , , , , , 
14.2383462, 0.0715038, , , , , , , 14.2383462, -0.0978561, , , , , , , 14.2383462, -0.0894636, , , , , , , 14.2383462, -0.0243381, , , , , , , , , , , , , , , , , , , , , , , , , , , , 
14.2388654, 0.0669718, , , , , , , 14.2388654, -0.0844282, , , , , , , 14.2388654, -0.0733501, , , , , , , 14.2388654, -0.0186313, , , , , , , , , , , , , , , , , , , , , , , , , , , , 
14.2393846, 0.0540475, , , , , , , 14.2393846, -0.0619364, , , , , , , 14.2393846, -0.0404517, , , , , , , 14.2393846, -0.0129244, , , , , , , , , , , , , , , , , , , , , , , , , , , , 
14.2399038, 0.0424659, , , , , , , 14.2399038, -0.0532082, , , , , , , 14.2399038, -0.0099031, , , , , , , 14.2399038, -0.0104067, , , , , , , , , , , , , , , , , , , , , , , , , , , , 
14.2404231, 0.0340734, , , , , , , 14.2404231, -0.0639506, , , , , , , 14.2404231, 0.0065461, , , , , , , 14.2404231, -0.0090639, , , , , , , , , , , , , , , , , , , , , , , , , , , , 
14.2409423, 0.0270237, , , , , , , 14.2409423, -0.0642863, , , , , , , 14.2409423, 0.0166171, , , , , , , 14.2409423, -0.0082246, , , , , , , , , , , , , , , , , , , , , , , , , , , , 
14.2414615, 0.0226596, , , , , , , 14.2414615, -0.0411231, , , , , , , 14.2414615, 0.0280308, , , , , , , 14.2414615, -0.0048676, , , , , , , , , , , , , , , , , , , , , , , , , , , , 
14.2419808, 0.0151064, , , , , , , 14.2419808, 0.0011749, , , , , , , 14.2419808, 0.0458228, , , , , , , 14.2419808, 0.0011749, , , , , , , , , , , , , , , , , , , , , , , , , , , , 
14.2425, 0.0045319, , , , , , , 14.2425, 0.0407874, , , , , , , 14.2425, 0.0642863, , , , , , , 14.2425, 0.0077211, , , , , , , , , , , , , , , , , , , , , , , , , , , , 
14.2430192, -0.0072175, , , , , , , 14.2430192, 0.0589151, , , , , , , 14.2430192, 0.0740215, , , , , , , 14.2430192, 0.012253, , , , , , , , , , , , , , , , , , , , , , , , , , , , 
14.2435385, -0.0186313, , , , , , , 14.2435385, 0.0528725, , , , , , , 14.2435385, 0.0748608, , , , , , , 14.2435385, 0.0172885, , , , , , , , , , , , , , , , , , , , , , , , , , , , 
14.2440577, -0.0290379, , , , , , , 14.2440577, 0.0352483, , , , , , , 14.2440577, 0.0787213, , , , , , , 14.2440577, 0.0229953, , , , , , , , , , , , , , , , , , , , , , , , , , , , 
14.2445769, -0.0318914, , , , , , , 14.2445769, 0.0226596, , , , , , , 14.2445769, 0.0871138, , , , , , , 14.2445769, 0.0270237, , , , , , , , , , , , , , , , , , , , , , , , , , , , 
14.2450962, -0.0250095, , , , , , , 14.2450962, 0.0132601, , , , , , , 14.2450962, 0.0914778, , , , , , , 14.2450962, 0.0317235, , , , , , , , , , , , , , , , , , , , , , , , , , , , 
14.2456154, -0.0132601, , , , , , , 14.2456154, 0.0058747, , , , , , , 14.2456154, 0.0827497, , , , , , , 14.2456154, 0.0374304, , , , , , , , , , , , , , , , , , , , , , , , , , , , 
14.2461346, -0.0041962, , , , , , , 14.2461346, 0.0035248, , , , , , , 14.2461346, 0.0652934, , , , , , , 14.2461346, 0.0387732, , , , , , , , , , , , , , , , , , , , , , , , , , , , 
14.2466538, 0.0028534, , , , , , , 14.2466538, -0.0005035, , , , , , , 14.2466538, 0.0433051, , , , , , , 14.2466538, 0.0360876, , , , , , , , , , , , , , , , , , , , , , , , , , , , 
14.2471731, 0.0130922, , , , , , , 14.2471731, -0.008896, , , , , , , 14.2471731, 0.0169528, , , , , , , 14.2471731, 0.0347448, , , , , , , , , , , , , , , , , , , , , , , , , , , , 
14.2476923, 0.0206455, , , , , , , 14.2476923, -0.0078889, , , , , , , 14.2476923, -0.0115816, , , , , , , 14.2476923, 0.0350805, , , , , , , , , , , , , , , , , , , , , , , , , , , , 
14.2482115, 0.0172885, , , , , , , 14.2482115, 0.0072175, , , , , , , 14.2482115, -0.0394446, , , , , , , 14.2482115, 0.0387732, , , , , , , , , , , , , , , , , , , , , , , , , , , , 
14.2487308, 0.0065461, , , , , , , 14.2487308, 0.0256809, , , , , , , 14.2487308, -0.0679789, , , , , , , 14.2487308, 0.0391089, , , , , , , , , , , , , , , , , , , , , , , , , , , , 
14.24925, 0.0018463, , , , , , , 14.24925, 0.0384375, , , , , , , 14.24925, -0.0914778, , , , , , , 14.24925, 0.0354162, , , , , , , , , , , , , , , , , , , , , , , , , , , , 
14.2497692, 0.0035248, , , , , , , 14.2497692, 0.0360876, , , , , , , 14.2497692, -0.1015488, , , , , , , 14.2497692, 0.0381018, , , , , , , , , , , , , , , , , , , , , , , , , , , , 
14.2502885, 0.0077211, , , , , , , 14.2502885, 0.0216526, , , , , , , 14.2502885, -0.0973526, , , , , , , 14.2502885, 0.0439765, , , , , , , , , , , , , , , , , , , , , , , , , , , , 
14.2508077, 0.0058747, , , , , , , 14.2508077, 0.0137636, , , , , , , 14.2508077, -0.0874495, , , , , , , 14.2508077, 0.0428016, , , , , , , , , , , , , , , , , , , , , , , , , , , , 
14.2513269, 0.0052033, , , , , , , 14.2513269, 0.0236667, , , , , , , 14.2513269, -0.0733501, , , , , , , 14.2513269, 0.0342412, , , , , , , , , , , , , , , , , , , , , , , , , , , , 
14.2518462, 0.008896, , , , , , , 14.2518462, 0.0360876, , , , , , , 14.2518462, -0.0619364, , , , , , , 14.2518462, 0.0218204, , , , , , , , , , , , , , , , , , , , , , , , , , , , 
14.2523654, 0.0132601, , , , , , , 14.2523654, 0.0394446, , , , , , , 14.2523654, -0.0595865, , , , , , , 14.2523654, 0.0114137, , , , , , , , , , , , , , , , , , , , , , , , , , , , 
14.2528846, 0.0191348, , , , , , , 14.2528846, 0.0337377, , , , , , , 14.2528846, -0.064622, , , , , , , 14.2528846, 0.0058747, , , , , , , , , , , , , , , , , , , , , , , , , , , , 
14.2534038, 0.024506, , , , , , , 14.2534038, 0.0213169, , , , , , , 14.2534038, -0.0614328, , , , , , , 14.2534038, 0.0031891, , , , , , , , , , , , , , , , , , , , , , , , , , , , 
14.2539231, 0.0283665, , , , , , , 14.2539231, 0.0065461, , , , , , , 14.2539231, -0.0454871, , , , , , , 14.2539231, 0.0008392, , , , , , , , , , , , , , , , , , , , , , , , , , , , 
14.2544423, 0.0337377, , , , , , , 14.2544423, 0.0035248, , , , , , , 14.2544423, -0.018967, , , , , , , 14.2544423, -0.0018463, , , , , , , , , , , , , , , , , , , , , , , , , , , , 
14.2549615, 0.04448, , , , , , , 14.2549615, 0.0041962, , , , , , , 14.2549615, 0.0119173, , , , , , , 14.2549615, -0.0078889, , , , , , , , , , , , , , , , , , , , , , , , , , , , 
14.2554808, 0.0575723, , , , , , , 14.2554808, -0.014435, , , , , , , 14.2554808, 0.0372625, , , , , , , 14.2554808, -0.0119173, , , , , , , , , , , , , , , , , , , , , , , , , , , , 
14.256, 0.0639506, , , , , , , 14.256, -0.0438087, , , , , , , 14.256, 0.0535439, , , , , , , 14.256, -0.0124208, , , , , , , , , , , , , , , , , , , , , , , , , , , , 
14.2565192, 0.0649577, , , , , , , 14.2565192, -0.0656291, , , , , , , 14.2565192, 0.0699931, , , , , , , 14.2565192, -0.0164492, , , , , , , , , , , , , , , , , , , , , , , , , , , , 
14.2570385, 0.066804, , , , , , , 14.2570385, -0.0676432, , , , , , , 14.2570385, 0.0861067, , , , , , , 14.2570385, -0.0186313, , , , , , , , , , , , , , , , , , , , , , , , , , , , 
14.2575577, 0.0688182, , , , , , , 14.2575577, -0.056733, , , , , , , 14.2575577, 0.0844282, , , , , , , 14.2575577, -0.0186313, , , , , , , , , , , , , , , , , , , , , , , , , , , , 
14.2580769, 0.0686503, , , , , , , 14.2580769, -0.0525368, , , , , , , 14.2580769, 0.0636149, , , , , , , 14.2580769, -0.0193027, , , , , , , , , , , , , , , , , , , , , , , , , , , , 
14.2585962, 0.0636149, , , , , , , 14.2585962, -0.0621042, , , , , , , 14.2585962, 0.0421302, , , , , , , 14.2585962, -0.0176242, , , , , , , , , , , , , , , , , , , , , , , , , , , , 
14.2591154, 0.0542153, , , , , , , 14.2591154, -0.0673075, , , , , , , 14.2591154, 0.0253452, , , , , , , 14.2591154, -0.0129244, , , , , , , , , , , , , , , , , , , , , , , , , , , , 
14.2596346, 0.0424659, , , , , , , 14.2596346, -0.063447, , , , , , , 14.2596346, 0.0072175, , , , , , , 14.2596346, -0.0065461, , , , , , , , , , , , , , , , , , , , , , , , , , , , 
14.2601538, 0.0293736, , , , , , , 14.2601538, -0.0605936, , , , , , , 14.2601538, -0.0115816, , , , , , , 14.2601538, 0.0005035, , , , , , , , , , , , , , , , , , , , , , , , , , , , 
14.2606731, 0.0167849, , , , , , , 14.2606731, -0.0562295, , , , , , , 14.2606731, -0.0332341, , , , , , , 14.2606731, 0.0060426, , , , , , , , , , , , , , , , , , , , , , , , , , , , 
14.2611923, 0.0015106, , , , , , , 14.2611923, -0.0404517, , , , , , , 14.2611923, -0.0599222, , , , , , , 14.2611923, 0.0119173, , , , , , , , , , , , , , , , , , , , , , , , , , , , 
14.2617115, -0.0162814, , , , , , , 14.2617115, -0.01561, , , , , , , 14.2617115, -0.0847639, , , , , , , 14.2617115, 0.0186313, , , , , , , , , , , , , , , , , , , , , , , , , , , , 
14.2622308, -0.0297093, , , , , , , 14.2622308, 0.0010071, , , , , , , 14.2622308, -0.100206, , , , , , , 14.2622308, 0.0246738, , , , , , , , , , , , , , , , , , , , , , , , , , , , 
14.26275, -0.0407874, , , , , , , 14.26275, 0.0068818, , , , , , , 14.26275, -0.1049058, , , , , , , 14.26275, 0.026688, , , , , , , , , , , , , , , , , , , , , , , , , , , , 
14.2632692, -0.0458228, , , , , , , 14.2632692, 0.0092317, , , , , , , 14.2632692, -0.1082628, , , , , , , 14.2632692, 0.0287022, , , , , , , , , , , , , , , , , , , , , , , , , , , , 
14.2637885, -0.0471656, , , , , , , 14.2637885, 0.0124208, , , , , , , 14.2637885, -0.110277, , , , , , , 14.2637885, 0.030045, , , , , , , , , , , , , , , , , , , , , , , , , , , , 
14.2643077, -0.0505226, , , , , , , 14.2643077, 0.017792, , , , , , , 14.2643077, -0.0997024, , , , , , , 14.2643077, 0.0313878, , , , , , , , , , , , , , , , , , , , , , , , , , , , 
14.2648269, -0.0485084, , , , , , , 14.2648269, 0.0280308, , , , , , , 14.2648269, -0.0758679, , , , , , , 14.2648269, 0.0344091, , , , , , , , , , , , , , , , , , , , , , , , , , , , 
14.2653462, -0.040116, , , , , , , 14.2653462, 0.0337377, , , , , , , 14.2653462, -0.0458228, , , , , , , 14.2653462, 0.0407874, , , , , , , , , , , , , , , , , , , , , , , , , , , , 
14.2658654, -0.0283665, , , , , , , 14.2658654, 0.0213169, , , , , , , 14.2658654, -0.0135958, , , , , , , 14.2658654, 0.0475013, , , , , , , , , , , , , , , , , , , , , , , , , , , , 
14.2663846, -0.0166171, , , , , , , 14.2663846, 0.0078889, , , , , , , 14.2663846, 0.0240024, , , , , , , 14.2663846, 0.0525368, , , , , , , , , , , , , , , , , , , , , , , , , , , , 
14.2669038, -0.0109102, , , , , , , 14.2669038, 0.0109102, , , , , , , 14.2669038, 0.0647898, , , , , , , 14.2669038, 0.0535439, , , , , , , , , , , , , , , , , , , , , , , , , , , , 
14.2674231, -0.0068818, , , , , , , 14.2674231, 0.0273594, , , , , , , 14.2674231, 0.0951705, , , , , , , 14.2674231, 0.0510262, , , , , , , , , , , , , , , , , , , , , , , , , , , , 
14.2679423, -0.0001678, , , , , , , 14.2679423, 0.0464942, , , , , , , 14.2679423, 0.1079271, , , , , , , 14.2679423, 0.0448157, , , , , , , , , , , , , , , , , , , , , , , , , , , , 
14.2684615, 0.0078889, , , , , , , 14.2684615, 0.0652934, , , , , , , 14.2684615, 0.1092699, , , , , , , 14.2684615, 0.036759, , , , , , , , , , , , , , , , , , , , , , , , , , , , 
14.2689808, 0.0164492, , , , , , , 14.2689808, 0.0877852, , , , , , , 14.2689808, 0.1064164, , , , , , , 14.2689808, 0.0273594, , , , , , , , , , , , , , , , , , , , , , , , , , , , 
14.2695, 0.0166171, , , , , , , 14.2695, 0.096849, , , , , , , 14.2695, 0.0948348, , , , , , , 14.2695, 0.0166171, , , , , , , , , , , , , , , , , , , , , , , , , , , , 
14.2700192, 0.011078, , , , , , , 14.2700192, 0.0716716, , , , , , , 14.2700192, 0.0676432, , , , , , , 14.2700192, 0.008896, , , , , , , , , , , , , , , , , , , , , , , , , , , , 
14.2705385, 0.0052033, , , , , , , 14.2705385, 0.0250095, , , , , , , 14.2705385, 0.0347448, , , , , , , 14.2705385, 0.0045319, , , , , , , , , , , , , , , , , , , , , , , , , , , , 
14.2710577, -0.0015106, , , , , , , 14.2710577, -0.0162814, , , , , , , 14.2710577, 0.0048676, , , , , , , 14.2710577, 0.0008392, , , , , , , , , , , , , , , , , , , , , , , , , , , , 
14.2715769, -0.0077211, , , , , , , 14.2715769, -0.0384375, , , , , , , 14.2715769, -0.0216526, , , , , , , 14.2715769, -0.0025177, , , , , , , , , , , , , , , , , , , , , , , , , , , , 
14.2720962, -0.0095674, , , , , , , 14.2720962, -0.0397803, , , , , , , 14.2720962, -0.0464942, , , , , , , 14.2720962, -0.0035248, , , , , , , , , , , , , , , , , , , , , , , , , , , , 
14.2726154, -0.0099031, , , , , , , 14.2726154, -0.0332341, , , , , , , 14.2726154, -0.0740215, , , , , , , 14.2726154, -0.005539, , , , , , , , , , , , , , , , , , , , , , , , , , , , 
14.2731346, -0.0082246, , , , , , , 14.2731346, -0.0377661, , , , , , , 14.2731346, -0.0998703, , , , , , , 14.2731346, -0.0104067, , , , , , , , , , , , , , , , , , , , , , , , , , , , 
14.2736538, -0.005539, , , , , , , 14.2736538, -0.0508583, , , , , , , 14.2736538, -0.1168231, , , , , , , 14.2736538, -0.0162814, , , , , , , , , , , , , , , , , , , , , , , , , , , , 
14.2741731, 0.0008392, , , , , , , 14.2741731, -0.0642863, , , , , , , 14.2741731, -0.1238727, , , , , , , 14.2741731, -0.0196384, , , , , , , , , , , , , , , , , , , , , , , , , , , , 
14.2746923, 0.0127565, , , , , , , 14.2746923, -0.0820783, , , , , , , 14.2746923, -0.1273976, , , , , , , 14.2746923, -0.0219883, , , , , , , , , , , , , , , , , , , , , , , , , , , , 
14.2752115, 0.0275273, , , , , , , 14.2752115, -0.1022202, , , , , , , 14.2752115, -0.121355, , , , , , , 14.2752115, -0.0258488, , , , , , , , , , , , , , , , , , , , , , , , , , , , 
14.2757308, 0.0446479, , , , , , , 14.2757308, -0.110277, , , , , , , 14.2757308, -0.1022202, , , , , , , 14.2757308, -0.0292058, , , , , , , , , , , , , , , , , , , , , , , , , , , , 
14.27625, 0.0585794, , , , , , , 14.27625, -0.0981918, , , , , , , 14.27625, -0.0820783, , , , , , , 14.27625, -0.0317235, , , , , , , , , , , , , , , , , , , , , , , , , , , , 
14.2767692, 0.0696574, , , , , , , 14.2767692, -0.068986, , , , , , , 14.2767692, -0.0736858, , , , , , , 14.2767692, -0.0323949, , , , , , , , , , , , , , , , , , , , , , , , , , , , 
14.2772885, 0.0827497, , , , , , , 14.2772885, -0.0384375, , , , , , , 14.2772885, -0.0726787, , , , , , , 14.2772885, -0.0323949, , , , , , , , , , , , , , , , , , , , , , , , , , , , 
14.2778077, 0.0884565, , , , , , , 14.2778077, -0.0164492, , , , , , , 14.2778077, -0.0595865, , , , , , , 14.2778077, -0.0290379, , , , , , , , , , , , , , , , , , , , , , , , , , , , 
14.2783269, 0.0840925, , , , , , , 14.2783269, -0.0011749, , , , , , , 14.2783269, -0.040116, , , , , , , 14.2783269, -0.0216526, , , , , , , , , , , , , , , , , , , , , , , , , , , , 
14.2788462, 0.0710002, , , , , , , 14.2788462, 0.0119173, , , , , , , 14.2788462, -0.0209812, , , , , , , 14.2788462, -0.0104067, , , , , , , , , , , , , , , , , , , , , , , , , , , , 
14.2793654, 0.0594186, , , , , , , 14.2793654, 0.0218204, , , , , , , 14.2793654, 0.0005035, , , , , , , 14.2793654, 0.0018463, , , , , , , , , , , , , , , , , , , , , , , , , , , , 
14.2798846, 0.0515297, , , , , , , 14.2798846, 0.0246738, , , , , , , 14.2798846, 0.0276951, , , , , , , 14.2798846, 0.0092317, , , , , , , , , , , , , , , , , , , , , , , , , , , , 
14.2804038, 0.043473, , , , , , , 14.2804038, 0.0246738, , , , , , , 14.2804038, 0.0602579, , , , , , , 14.2804038, 0.0139315, , , , , , , , , , , , , , , , , , , , , , , , , , , , 
14.2809231, 0.0298772, , , , , , , 14.2809231, 0.023331, , , , , , , 14.2809231, 0.1030594, , , , , , , 14.2809231, 0.0203098, , , , , , , , , , , , , , , , , , , , , , , , , , , , 
14.2814423, 0.0146029, , , , , , , 14.2814423, 0.0186313, , , , , , , 14.2814423, 0.1488823, , , , , , , 14.2814423, 0.030045, , , , , , , , , , , , , , , , , , , , , , , , , , , , 
14.2819615, -0.0015106, , , , , , , 14.2819615, 0.0159457, , , , , , , 14.2819615, 0.1851377, , , , , , , 14.2819615, 0.0387732, , , , , , , , , , , , , , , , , , , , , , , , , , , , 
14.2824808, -0.0162814, , , , , , , 14.2824808, 0.0172885, , , , , , , 14.2824808, 0.2113222, , , , , , , 14.2824808, 0.0426337, , , , , , , , , , , , , , , , , , , , , , , , , , , , 
14.283, -0.0263523, , , , , , , 14.283, 0.0307164, , , , , , , 14.283, 0.2331426, , , , , , , 14.283, 0.0421302, , , , , , , , , , , , , , , , , , , , , , , , , , , , 
14.2835192, -0.0379339, , , , , , , 14.2835192, 0.0589151, , , , , , , 14.2835192, 0.2485847, , , , , , , 14.2835192, 0.0404517, , , , , , , , , , , , , , , , , , , , , , , , , , , , 
14.2840385, -0.047837, , , , , , , 14.2840385, 0.0810712, , , , , , , 14.2840385, 0.2563058, , , , , , , 14.2840385, 0.0441444, , , , , , , , , , , , , , , , , , , , , , , , , , , , 
14.2845577, -0.0532082, , , , , , , 14.2845577, 0.0803998, , , , , , , 14.2845577, 0.2526131, , , , , , , 14.2845577, 0.0481727, , , , , , , , , , , , , , , , , , , , , , , , , , , , 
14.2850769, -0.0486763, , , , , , , 14.2850769, 0.0669718, , , , , , , 14.2850769, 0.2287785, , , , , , , 14.2850769, 0.047837, , , , , , , , , , , , , , , , , , , , , , , , , , , , 
14.2855962, -0.0344091, , , , , , , 14.2855962, 0.0520333, , , , , , , 14.2855962, 0.1777523, , , , , , , 14.2855962, 0.0441444, , , , , , , , , , , , , , , , , , , , , , , , , , , , 
14.2861154, -0.0216526, , , , , , , 14.2861154, 0.0263523, , , , , , , 14.2861154, 0.0978561, , , , , , , 14.2861154, 0.0382696, , , , , , , , , , , , , , , , , , , , , , , , , , , , 
14.2866346, -0.0182956, , , , , , , 14.2866346, -0.0112459, , , , , , , 14.2866346, 0.0023499, , , , , , , 14.2866346, 0.0330663, , , , , , , , , , , , , , , , , , , , , , , , , , , , 
14.2871538, -0.0176242, , , , , , , 14.2871538, -0.0357519, , , , , , , 14.2871538, -0.096849, , , , , , , 14.2871538, 0.0273594, , , , , , , , , , , , , , , , , , , , , , , , , , , , 
14.2876731, -0.012253, , , , , , , 14.2876731, -0.0357519, , , , , , , 14.2876731, -0.1861448, , , , , , , 14.2876731, 0.0251774, , , , , , , , , , , , , , , , , , , , , , , , , , , , 
14.2881923, -0.0068818, , , , , , , 14.2881923, -0.0276951, , , , , , , 14.2881923, -0.2598306, , , , , , , 14.2881923, 0.0287022, , , , , , , , , , , , , , , , , , , , , , , , , , , , 
14.2887115, -0.005539, , , , , , , 14.2887115, -0.0305486, , , , , , , 14.2887115, -0.31841, , , , , , , 14.2887115, 0.0313878, , , , , , , , , , , , , , , , , , , , , , , , , , , , 
14.2892308, -0.0048676, , , , , , , 14.2892308, -0.0461585, , , , , , , 14.2892308, -0.3600366, , , , , , , 14.2892308, 0.0287022, , , , , , , , , , , , , , , , , , , , , , , , , , , , 
14.28975, -0.0015106, , , , , , , 14.28975, -0.0558938, , , , , , , 14.28975, -0.3738003, , , , , , , 14.28975, 0.023331, , , , , , , , , , , , , , , , , , , , , , , , , , , , 
14.2902692, 0.0099031, , , , , , , 14.2902692, -0.0530404, , , , , , , 14.2902692, -0.3523156, , , , , , , 14.2902692, 0.0206455, , , , , , , , , , , , , , , , , , , , , , , , , , , , 
14.2907885, 0.0226596, , , , , , , 14.2907885, -0.0481727, , , , , , , 14.2907885, -0.297261, , , , , , , 14.2907885, 0.0203098, , , , , , , , , , , , , , , , , , , , , , , , , , , , 
14.2913077, 0.0271916, , , , , , , 14.2913077, -0.0468299, , , , , , , 14.2913077, -0.2213931, , , , , , , 14.2913077, 0.0208133, , , , , , , , , , , , , , , , , , , , , , , , , , , , 
14.2918269, 0.0320592, , , , , , , 14.2918269, -0.0466621, , , , , , , 14.2918269, -0.1398184, , , , , , , 14.2918269, 0.0186313, , , , , , , , , , , , , , , , , , , , , , , , , , , , 
14.2923462, 0.0377661, , , , , , , 14.2923462, -0.0354162, , , , , , , 14.2923462, -0.0683146, , , , , , , 14.2923462, 0.0132601, , , , , , , , , , , , , , , , , , , , , , , , , , , , 
14.2928654, 0.0417945, , , , , , , 14.2928654, -0.0149386, , , , , , , 14.2928654, -0.0129244, , , , , , , 14.2928654, 0.0085603, , , , , , , , , , , , , , , , , , , , , , , , , , , , 
14.2933846, 0.042298, , , , , , , 14.2933846, -0.0119173, , , , , , , 14.2933846, 0.0258488, , , , , , , 14.2933846, 0.0038605, , , , , , , , , , , , , , , , , , , , , , , , , , , , 
14.2939038, 0.0414588, , , , , , , 14.2939038, -0.0258488, , , , , , , 14.2939038, 0.0515297, , , , , , , 14.2939038, -0.002182, , , , , , , , , , , , , , , , , , , , , , , , , , , , 
14.2944231, 0.0438087, , , , , , , 14.2944231, -0.0360876, , , , , , , 14.2944231, 0.0726787, , , , , , , 14.2944231, -0.0052033, , , , , , , , , , , , , , , , , , , , , , , , , , , , 
14.2949423, 0.0525368, , , , , , , 14.2949423, -0.0344091, , , , , , , 14.2949423, 0.090135, , , , , , , 14.2949423, -0.0078889, , , , , , , , , , , , , , , , , , , , , , , , , , , , 
14.2954615, 0.066804, , , , , , , 14.2954615, -0.0223239, , , , , , , 14.2954615, 0.1015488, , , , , , , 14.2954615, -0.0115816, , , , , , , , , , , , , , , , , , , , , , , , , , , , 
14.2959808, 0.0770428, , , , , , , 14.2959808, -0.014435, , , , , , , 14.2959808, 0.1082628, , , , , , , 14.2959808, -0.0169528, , , , , , , , , , , , , , , , , , , , , , , , , , , , 
14.2965, 0.0827497, , , , , , , 14.2965, -0.0218204, , , , , , , 14.2965, 0.1159838, , , , , , , 14.2965, -0.0199741, , , , , , , , , , , , , , , , , , , , , , , , , , , , 
14.2970192, 0.0864424, , , , , , , 14.2970192, -0.0402838, , , , , , , 14.2970192, 0.1267262, , , , , , , 14.2970192, -0.018967, , , , , , , , , , , , , , , , , , , , , , , , , , , , 
14.2975385, 0.0864424, , , , , , , 14.2975385, -0.0488441, , , , , , , 14.2975385, 0.1438468, , , , , , , 14.2975385, -0.0149386, , , , , , , , , , , , , , , , , , , , , , , , , , , , 
14.2980577, 0.0809033, , , , , , , 14.2980577, -0.0387732, , , , , , , 14.2980577, 0.1594568, , , , , , , 14.2980577, -0.0109102, , , , , , , , , , , , , , , , , , , , , , , , , , , , 
14.2985769, 0.0716716, , , , , , , 14.2985769, -0.027863, , , , , , , 14.2985769, 0.1606317, , , , , , , 14.2985769, -0.0099031, , , , , , , , , , , , , , , , , , , , , , , , , , , , 
14.2990962, 0.0575723, , , , , , , 14.2990962, -0.0240024, , , , , , , 14.2990962, 0.142504, , , , , , , 14.2990962, -0.0095674, , , , , , , , , , , , , , , , , , , , , , , , , , , , 
14.2996154, 0.0411231, , , , , , , 14.2996154, -0.0209812, , , , , , , 14.2996154, 0.105745, , , , , , , 14.2996154, -0.0062104, , , , , , , , , , , , , , , , , , , , , , , , , , , , 
14.3001346, 0.0283665, , , , , , , 14.3001346, -0.0085603, , , , , , , 14.3001346, 0.0548867, , , , , , , 14.3001346, -0.0001678, , , , , , , , , , , , , , , , , , , , , , , , , , , , 
14.3006538, 0.0176242, , , , , , , 14.3006538, 0.0149386, , , , , , , 14.3006538, 0.0070497, , , , , , , 14.3006538, 0.0109102, , , , , , , , , , , , , , , , , , , , , , , , , , , , 
14.3011731, 0.0018463, , , , , , , 14.3011731, 0.0325628, , , , , , , 14.3011731, -0.0223239, , , , , , , 14.3011731, 0.0206455, , , , , , , , , , , , , , , , , , , , , , , , , , , , 
14.3016923, -0.0135958, , , , , , , 14.3016923, 0.03122, , , , , , , 14.3016923, -0.0404517, , , , , , , 14.3016923, 0.023331, , , , , , , , , , , , , , , , , , , , , , , , , , , , 
14.3022115, -0.0223239, , , , , , , 14.3022115, 0.023331, , , , , , , 14.3022115, -0.0589151, , , , , , , 14.3022115, 0.0221561, , , , , , , , , , , , , , , , , , , , , , , , , , , , 
14.3027308, -0.0310521, , , , , , , 14.3027308, 0.026688, , , , , , , 14.3027308, -0.0810712, , , , , , , 14.3027308, 0.0219883, , , , , , , , , , , , , , , , , , , , , , , , , , , , 
14.30325, -0.0417945, , , , , , , 14.30325, 0.0342412, , , , , , , 14.30325, -0.1028916, , , , , , , 14.30325, 0.0231632, , , , , , , , , , , , , , , , , , , , , , , , , , , , 
14.3037692, -0.0471656, , , , , , , 14.3037692, 0.0370947, , , , , , , 14.3037692, -0.1127947, , , , , , , 14.3037692, 0.0263523, , , , , , , , , , , , , , , , , , , , , , , , , , , , 
14.3042885, -0.0448157, , , , , , , 14.3042885, 0.0339055, , , , , , , 14.3042885, -0.1067521, , , , , , , 14.3042885, 0.0293736, , , , , , , , , , , , , , , , , , , , , , , , , , , , 
14.3048077, -0.0391089, , , , , , , 14.3048077, 0.0193027, , , , , , , 14.3048077, -0.0881209, , , , , , , 14.3048077, 0.0307164, , , , , , , , , , , , , , , , , , , , , , , , , , , , 
14.3053269, -0.0271916, , , , , , , 14.3053269, -0.0041962, , , , , , , 14.3053269, -0.0629435, , , , , , , 14.3053269, 0.0280308, , , , , , , , , , , , , , , , , , , , , , , , , , , , 
14.3058462, -0.0142672, , , , , , , 14.3058462, -0.0216526, , , , , , , 14.3058462, -0.0438087, , , , , , , 14.3058462, 0.0219883, , , , , , , , , , , , , , , , , , , , , , , , , , , , 
14.3063654, -0.0058747, , , , , , , 14.3063654, -0.0243381, , , , , , , 14.3063654, -0.0417945, , , , , , , 14.3063654, 0.017792, , , , , , , , , , , , , , , , , , , , , , , , , , , , 
14.3068846, 0.0048676, , , , , , , 14.3068846, -0.0169528, , , , , , , 14.3068846, -0.054551, , , , , , , 14.3068846, 0.0196384, , , , , , , , , , , , , , , , , , , , , , , , , , , , 
14.3074038, 0.0139315, , , , , , , 14.3074038, -0.0062104, , , , , , , 14.3074038, -0.0659648, , , , , , , 14.3074038, 0.0223239, , , , , , , , , , , , , , , , , , , , , , , , , , , , 
14.3079231, 0.0193027, , , , , , , 14.3079231, 0.012253, , , , , , , 14.3079231, -0.063447, , , , , , , 14.3079231, 0.0226596, , , , , , , , , , , , , , , , , , , , , , , , , , , , 
14.3084423, 0.0213169, , , , , , , 14.3084423, 0.0448157, , , , , , , 14.3084423, -0.0441444, , , , , , , 14.3084423, 0.0260166, , , , , , , , , , , , , , , , , , , , , , , , , , , , 
14.3089615, 0.0209812, , , , , , , 14.3089615, 0.0829175, , , , , , , 14.3089615, -0.0169528, , , , , , , 14.3089615, 0.0344091, , , , , , , , , , , , , , , , , , , , , , , , , , , , 
14.3094808, 0.0236667, , , , , , , 14.3094808, 0.1042344, , , , , , , 14.3094808, 0.0041962, , , , , , , 14.3094808, 0.0360876, , , , , , , , , , , , , , , , , , , , , , , , , , , , 
14.31, 0.0253452, , , , , , , 14.31, 0.0903029, , , , , , , 14.31, 0.0146029, , , , , , , 14.31, 0.0293736, , , , , , , , , , , , , , , , , , , , , , , , , , , , 
14.3105192, 0.0219883, , , , , , , 14.3105192, 0.0428016, , , , , , , 14.3105192, 0.0130922, , , , , , , 14.3105192, 0.0209812, , , , , , , , , , , , , , , , , , , , , , , , , , , , 
14.3110385, 0.0169528, , , , , , , 14.3110385, -0.0125887, , , , , , , 14.3110385, 0.0099031, , , , , , , 14.3110385, 0.0162814, , , , , , , , , , , , , , , , , , , , , , , , , , , , 
14.3115577, 0.0142672, , , , , , , 14.3115577, -0.0542153, , , , , , , 14.3115577, 0.0146029, , , , , , , 14.3115577, 0.0139315, , , , , , , , , , , , , , , , , , , , , , , , , , , , 
14.3120769, 0.0166171, , , , , , , 14.3120769, -0.0720073, , , , , , , 14.3120769, 0.0260166, , , , , , , 14.3120769, 0.0115816, , , , , , , , , , , , , , , , , , , , , , , , , , , , 
14.3125962, 0.0159457, , , , , , , 14.3125962, -0.0731823, , , , , , , 14.3125962, 0.0298772, , , , , , , 14.3125962, 0.0132601, , , , , , , , , , , , , , , , , , , , , , , , , , , , 
14.3131154, 0.0083925, , , , , , , 14.3131154, -0.0706645, , , , , , , 14.3131154, 0.0276951, , , , , , , 14.3131154, 0.0172885, , , , , , , , , , , , , , , , , , , , , , , , , , , , 
14.3136346, -0.0028534, , , , , , , 14.3136346, -0.0639506, , , , , , , 14.3136346, 0.030045, , , , , , , 14.3136346, 0.0186313, , , , , , , , , , , , , , , , , , , , , , , , , , , , 
14.3141538, -0.0095674, , , , , , , 14.3141538, -0.042298, , , , , , , 14.3141538, 0.0411231, , , , , , , 14.3141538, 0.0159457, , , , , , , , , , , , , , , , , , , , , , , , , , , , 
14.3146731, -0.0075532, , , , , , , 14.3146731, -0.0199741, , , , , , , 14.3146731, 0.0508583, , , , , , , 14.3146731, 0.0105745, , , , , , , , , , , , , , , , , , , , , , , , , , , , 
14.3151923, -0.0008392, , , , , , , 14.3151923, -0.0283665, , , , , , , 14.3151923, 0.0602579, , , , , , , 14.3151923, 0.0063783, , , , , , , , , , , , , , , , , , , , , , , , , , , , 
14.3157115, 0.0052033, , , , , , , 14.3157115, -0.0626078, , , , , , , 14.3157115, 0.0649577, , , , , , , 14.3157115, 0.0041962, , , , , , , , , , , , , , , , , , , , , , , , , , , , 
14.3162308, 0.0058747, , , , , , , 14.3162308, -0.0904707, , , , , , , 14.3162308, 0.0639506, , , , , , , 14.3162308, 0.0031891, , , , , , , , , , , , , , , , , , , , , , , , , , , , 
14.31675, 0.0062104, , , , , , , 14.31675, -0.0941634, , , , , , , 14.31675, 0.0555581, , , , , , , 14.31675, -0.0015106, , , , , , , , , , , , , , , , , , , , , , , , , , , , 
14.3172692, 0.0125887, , , , , , , 14.3172692, -0.0827497, , , , , , , 14.3172692, 0.0424659, , , , , , , 14.3172692, -0.0082246, , , , , , , , , , , , , , , , , , , , , , , , , , , , 
14.3177885, 0.0209812, , , , , , , 14.3177885, -0.0748608, , , , , , , 14.3177885, 0.0297093, , , , , , , 14.3177885, -0.0132601, , , , , , , , , , , , , , , , , , , , , , , , , , , , 
14.3183077, 0.0234989, , , , , , , 14.3183077, -0.0720073, , , , , , , 14.3183077, 0.0119173, , , , , , , 14.3183077, -0.0149386, , , , , , , , , , , , , , , , , , , , , , , , , , , , 
14.3188269, 0.0206455, , , , , , , 14.3188269, -0.0609293, , , , , , , 14.3188269, -0.0125887, , , , , , , 14.3188269, -0.012253, , , , , , , , , , , , , , , , , , , , , , , , , , , , 
14.3193462, 0.0149386, , , , , , , 14.3193462, -0.0417945, , , , , , , 14.3193462, -0.0347448, , , , , , , 14.3193462, -0.0097353, , , , , , , , , , , , , , , , , , , , , , , , , , , , 
14.3198654, 0.0099031, , , , , , , 14.3198654, -0.0256809, , , , , , , 14.3198654, -0.0471656, , , , , , , 14.3198654, -0.0109102, , , , , , , , , , , , , , , , , , , , , , , , , , , , 
14.3203846, 0.0058747, , , , , , , 14.3203846, -0.0213169, , , , , , , 14.3203846, -0.0458228, , , , , , , 14.3203846, -0.011078, , , , , , , , , , , , , , , , , , , , , , , , , , , , 
14.3209038, -0.0005035, , , , , , , 14.3209038, -0.0206455, , , , , , , 14.3209038, -0.0387732, , , , , , , 14.3209038, -0.0078889, , , , , , , , , , , , , , , , , , , , , , , , , , , , 
14.3214231, -0.0075532, , , , , , , 14.3214231, -0.008896, , , , , , , 14.3214231, -0.0303807, , , , , , , 14.3214231, -0.0005035, , , , , , , , , , , , , , , , , , , , , , , , , , , , 
14.3219423, -0.0139315, , , , , , , 14.3219423, 0.0135958, , , , , , , 14.3219423, -0.0179599, , , , , , , 14.3219423, 0.0092317, , , , , , , , , , , , , , , , , , , , , , , , , , , , 
14.3224615, -0.0182956, , , , , , , 14.3224615, 0.0424659, , , , , , , 14.3224615, -0.002182, , , , , , , 14.3224615, 0.0159457, , , , , , , , , , , , , , , , , , , , , , , , , , , , 
14.3229808, -0.0196384, , , , , , , 14.3229808, 0.0674754, , , , , , , 14.3229808, 0.0092317, , , , , , , 14.3229808, 0.0172885, , , , , , , , , , , , , , , , , , , , , , , , , , , , 
14.3235, -0.0216526, , , , , , , 14.3235, 0.076875, , , , , , , 14.3235, 0.0075532, , , , , , , 14.3235, 0.0142672, , , , , , , , , , , , , , , , , , , , , , , , , , , , 
14.3240192, -0.0243381, , , , , , , 14.3240192, 0.0748608, , , , , , , 14.3240192, -0.012253, , , , , , , 14.3240192, 0.0109102, , , , , , , , , , , , , , , , , , , , , , , , , , , , 
14.3245385, -0.0229953, , , , , , , 14.3245385, 0.0703288, , , , , , , 14.3245385, -0.0404517, , , , , , , 14.3245385, 0.0095674, , , , , , , , , , , , , , , , , , , , , , , , , , , , 
14.3250577, -0.0162814, , , , , , , 14.3250577, 0.0654612, , , , , , , 14.3250577, -0.0666361, , , , , , , 14.3250577, 0.0085603, , , , , , , , , , , , , , , , , , , , , , , , , , , , 
14.3255769, -0.0015106, , , , , , , 14.3255769, 0.0636149, , , , , , , 14.3255769, -0.0854353, , , , , , , 14.3255769, 0.008896, , , , , , , , , , , , , , , , , , , , , , , , , , , , 
14.3260962, 0.0139315, , , , , , , 14.3260962, 0.0582437, , , , , , , 14.3260962, -0.0955062, , , , , , , 14.3260962, 0.0115816, , , , , , , , , , , , , , , , , , , , , , , , , , , , 
14.3266154, 0.0243381, , , , , , , 14.3266154, 0.0481727, , , , , , , 14.3266154, -0.0975204, , , , , , , 14.3266154, 0.0166171, , , , , , , , , , , , , , , , , , , , , , , , , , , , 
14.3271346, 0.0320592, , , , , , , 14.3271346, 0.0384375, , , , , , , 14.3271346, -0.0928206, , , , , , , 14.3271346, 0.0223239, , , , , , , , , , , , , , , , , , , , , , , , , , , , 
14.3276538, 0.0354162, , , , , , , 14.3276538, 0.0171206, , , , , , , 14.3276538, -0.076875, , , , , , , 14.3276538, 0.0280308, , , , , , , , , , , , , , , , , , , , , , , , , , , , 
14.3281731, 0.0394446, , , , , , , 14.3281731, -0.0146029, , , , , , , 14.3281731, -0.0525368, , , , , , , 14.3281731, 0.0307164, , , , , , , , , , , , , , , , , , , , , , , , , , , , 
14.3286923, 0.0441444, , , , , , , 14.3286923, -0.0542153, , , , , , , 14.3286923, -0.0350805, , , , , , , 14.3286923, 0.0317235, , , , , , , , , , , , , , , , , , , , , , , , , , , , 
14.3292115, 0.0433051, , , , , , , 14.3292115, -0.0889601, , , , , , , 14.3292115, -0.0283665, , , , , , , 14.3292115, 0.0310521, , , , , , , , , , , , , , , , , , , , , , , , , , , , 
14.3297308, 0.0414588, , , , , , , 14.3297308, -0.0998703, , , , , , , 14.3297308, -0.0256809, , , , , , , 14.3297308, 0.0307164, , , , , , , , , , , , , , , , , , , , , , , , , , , , 
14.33025, 0.0421302, , , , , , , 14.33025, -0.0820783, , , , , , , 14.33025, -0.0209812, , , , , , , 14.33025, 0.0357519, , , , , , , , , , , , , , , , , , , , , , , , , , , , 
14.3307692, 0.0433051, , , , , , , 14.3307692, -0.0522011, , , , , , , 14.3307692, -0.0099031, , , , , , , 14.3307692, 0.0459907, , , , , , , , , , , , , , , , , , , , , , , , , , , , 
14.3312885, 0.04448, , , , , , , 14.3312885, -0.0292058, , , , , , , 14.3312885, 0.0048676, , , , , , , 14.3312885, 0.0535439, , , , , , , , , , , , , , , , , , , , , , , , , , , , 
14.3318077, 0.0370947, , , , , , , 14.3318077, -0.0179599, , , , , , , 14.3318077, 0.0258488, , , , , , , 14.3318077, 0.0575723, , , , , , , , , , , , , , , , , , , , , , , , , , , , 
14.3323269, 0.027863, , , , , , , 14.3323269, -0.0176242, , , , , , , 14.3323269, 0.0453193, , , , , , , 14.3323269, 0.0585794, , , , , , , , , , , , , , , , , , , , , , , , , , , , 
14.3328462, 0.0231632, , , , , , , 14.3328462, -0.0213169, , , , , , , 14.3328462, 0.0589151, , , , , , , 14.3328462, 0.0540475, , , , , , , , , , , , , , , , , , , , , , , , , , , , 
14.3333654, 0.0216526, , , , , , , 14.3333654, -0.0216526, , , , , , , 14.3333654, 0.0666361, , , , , , , 14.3333654, 0.0486763, , , , , , , , , , , , , , , , , , , , , , , , , , , , 
14.3338846, 0.0218204, , , , , , , 14.3338846, -0.0196384, , , , , , , 14.3338846, 0.0736858, , , , , , , 14.3338846, 0.0451514, , , , , , , , , , , , , , , , , , , , , , , , , , , , 
14.3344038, 0.0226596, , , , , , , 14.3344038, -0.0226596, , , , , , , 14.3344038, 0.0830854, , , , , , , 14.3344038, 0.0414588, , , , , , , , , , , , , , , , , , , , , , , , , , , , 
14.3349231, 0.027863, , , , , , , 14.3349231, -0.0219883, , , , , , , 14.3349231, 0.0864424, , , , , , , 14.3349231, 0.033402, , , , , , , , , , , , , , , , , , , , , , , , , , , , 
14.3354423, 0.0387732, , , , , , , 14.3354423, 0.0018463, , , , , , , 14.3354423, 0.0787213, , , , , , , 14.3354423, 0.0204776, , , , , , , , , , , , , , , , , , , , , , , , , , , , 
14.3359615, 0.0485084, , , , , , , 14.3359615, 0.043473, , , , , , , 14.3359615, 0.0629435, , , , , , , 14.3359615, 0.0075532, , , , , , , , , , , , , , , , , , , , , , , , , , , , 
14.3364808, 0.0542153, , , , , , , 14.3364808, 0.0669718, , , , , , , 14.3364808, 0.0387732, , , , , , , 14.3364808, -0.0016785, , , , , , , , , , , , , , , , , , , , , , , , , , , , 
14.337, 0.0594186, , , , , , , 14.337, 0.0642863, , , , , , , 14.337, 0.0072175, , , , , , , 14.337, -0.0082246, , , , , , , , , , , , , , , , , , , , , , , , , , , , 
14.3375192, 0.0619364, , , , , , , 14.3375192, 0.0527047, , , , , , , 14.3375192, -0.0250095, , , , , , , 14.3375192, -0.012253, , , , , , , , , , , , , , , , , , , , , , , , , , , , 
14.3380385, 0.0589151, , , , , , , 14.3380385, 0.0406195, , , , , , , 14.3380385, -0.0461585, , , , , , , 14.3380385, -0.01561, , , , , , , , , , , , , , , , , , , , , , , , , , , , 
14.3385577, 0.0522011, , , , , , , 14.3385577, 0.0313878, , , , , , , 14.3385577, -0.0532082, , , , , , , 14.3385577, -0.0199741, , , , , , , , , , , , , , , , , , , , , , , , , , , , 
14.3390769, 0.0387732, , , , , , , 14.3390769, 0.0223239, , , , , , , 14.3390769, -0.0538796, , , , , , , 14.3390769, -0.0223239, , , , , , , , , , , , , , , , , , , , , , , , , , , , 
14.3395962, 0.0240024, , , , , , , 14.3395962, 0.0137636, , , , , , , 14.3395962, -0.0525368, , , , , , , 14.3395962, -0.0196384, , , , , , , , , , , , , , , , , , , , , , , , , , , , 
14.3401154, 0.0140993, , , , , , , 14.3401154, 0.0102388, , , , , , , 14.3401154, -0.0505226, , , , , , , 14.3401154, -0.0182956, , , , , , , , , , , , , , , , , , , , , , , , , , , , 
14.3406346, 0.002182, , , , , , , 14.3406346, 0.0206455, , , , , , , 14.3406346, -0.0485084, , , , , , , 14.3406346, -0.0169528, , , , , , , , , , , , , , , , , , , , , , , , , , , , 
14.3411538, -0.012253, , , , , , , 14.3411538, 0.0330663, , , , , , , 14.3411538, -0.047837, , , , , , , 14.3411538, -0.0115816, , , , , , , , , , , , , , , , , , , , , , , , , , , , 
14.3416731, -0.0198062, , , , , , , 14.3416731, 0.0253452, , , , , , , 14.3416731, -0.0464942, , , , , , , 14.3416731, -0.0083925, , , , , , , , , , , , , , , , , , , , , , , , , , , , 
14.3421923, -0.0250095, , , , , , , 14.3421923, -0.011078, , , , , , , 14.3421923, -0.0372625, , , , , , , 14.3421923, -0.0068818, , , , , , , , , , , , , , , , , , , , , , , , , , , , 
14.3427115, -0.0317235, , , , , , , 14.3427115, -0.0451514, , , , , , , 14.3427115, -0.0204776, , , , , , , 14.3427115, -0.0038605, , , , , , , , , , , , , , , , , , , , , , , , , , , , 
14.3432308, -0.0374304, , , , , , , 14.3432308, -0.0528725, , , , , , , 14.3432308, -0.0028534, , , , , , , 14.3432308, -0.0005035, , , , , , , , , , , , , , , , , , , , , , , , , , , , 
14.34375, -0.0451514, , , , , , , 14.34375, -0.0488441, , , , , , , 14.34375, 0.0038605, , , , , , , 14.34375, 0.0048676, , , , , , , , , , , , , , , , , , , , , , , , , , , , 
14.3442692, -0.0495155, , , , , , , 14.3442692, -0.0491798, , , , , , , 14.3442692, 0.0025177, , , , , , , 14.3442692, 0.0085603, , , , , , , , , , , , , , , , , , , , , , , , , , , , 
14.3447885, -0.0392767, , , , , , , 14.3447885, -0.0548867, , , , , , , 14.3447885, -0.005539, , , , , , , 14.3447885, 0.0075532, , , , , , , , , , , , , , , , , , , , , , , , , , , , 
14.3453077, -0.0280308, , , , , , , 14.3453077, -0.0575723, , , , , , , 14.3453077, -0.018967, , , , , , , 14.3453077, 0.0028534, , , , , , , , , , , , , , , , , , , , , , , , , , , , 
14.3458269, -0.0146029, , , , , , , 14.3458269, -0.0488441, , , , , , , 14.3458269, -0.0330663, , , , , , , 14.3458269, -0.0008392, , , , , , , , , , , , , , , , , , , , , , , , , , , , 
14.3463462, -0.0062104, , , , , , , 14.3463462, -0.040116, , , , , , , 14.3463462, -0.0391089, , , , , , , 14.3463462, -0.0008392, , , , , , , , , , , , , , , , , , , , , , , , , , , , 
14.3468654, -0.0036927, , , , , , , 14.3468654, -0.0464942, , , , , , , 14.3468654, -0.0327306, , , , , , , 14.3468654, 0.0018463, , , , , , , , , , , , , , , , , , , , , , , , , , , , 
14.3473846, -0.0003357, , , , , , , 14.3473846, -0.051194, , , , , , , 14.3473846, -0.0219883, , , , , , , 14.3473846, 0.0025177, , , , , , , , , , , , , , , , , , , , , , , , , , , , 
14.3479038, 0.005539, , , , , , , 14.3479038, -0.0270237, , , , , , , 14.3479038, -0.0204776, , , , , , , 14.3479038, 0.0005035, , , , , , , , , , , , , , , , , , , , , , , , , , , , 
14.3484231, 0.012253, , , , , , , 14.3484231, 0.0041962, , , , , , , 14.3484231, -0.0238346, , , , , , , 14.3484231, -0.0005035, , , , , , , , , , , , , , , , , , , , , , , , , , , , 
14.3489423, 0.0193027, , , , , , , 14.3489423, 0.0203098, , , , , , , 14.3489423, -0.018967, , , , , , , 14.3489423, 0.0031891, , , , , , , , , , , , , , , , , , , , , , , , , , , , 
14.3494615, 0.0226596, , , , , , , 14.3494615, 0.0340734, , , , , , , 14.3494615, -0.0083925, , , , , , , 14.3494615, 0.008896, , , , , , , , , , , , , , , , , , , , , , , , , , , , 
14.3499808, 0.0250095, , , , , , , 14.3499808, 0.051194, , , , , , , 14.3499808, -0.0028534, , , , , , , 14.3499808, 0.0169528, , , , , , , , , , , , , , , , , , , , , , , , , , , , 
14.3505, 0.0253452, , , , , , , 14.3505, 0.0609293, , , , , , , 14.3505, -0.0028534, , , , , , , 14.3505, 0.0280308, , , , , , , , , , , , , , , , , , , , , , , , , , , , 
14.3510192, 0.0216526, , , , , , , 14.3510192, 0.0562295, , , , , , , 14.3510192, 0.0058747, , , , , , , 14.3510192, 0.0394446, , , , , , , , , , , , , , , , , , , , , , , , , , , , 
14.3515385, 0.0186313, , , , , , , 14.3515385, 0.0340734, , , , , , , 14.3515385, 0.0231632, , , , , , , 14.3515385, 0.0461585, , , , , , , , , , , , , , , , , , , , , , , , , , , , 
14.3520577, 0.0152743, , , , , , , 14.3520577, -0.0010071, , , , , , , 14.3520577, 0.0340734, , , , , , , 14.3520577, 0.0471656, , , , , , , , , , , , , , , , , , , , , , , , , , , , 
14.3525769, 0.0139315, , , , , , , 14.3525769, -0.0317235, , , , , , , 14.3525769, 0.0381018, , , , , , , 14.3525769, 0.0426337, , , , , , , , , , , , , , , , , , , , , , , , , , , , 
14.3530962, 0.0152743, , , , , , , 14.3530962, -0.0538796, , , , , , , 14.3530962, 0.0417945, , , , , , , 14.3530962, 0.0357519, , , , , , , , , , , , , , , , , , , , , , , , , , , , 
14.3536154, 0.0193027, , , , , , , 14.3536154, -0.0686503, , , , , , , 14.3536154, 0.0441444, , , , , , , 14.3536154, 0.0280308, , , , , , , , , , , , , , , , , , , , , , , , , , , , 
14.3541346, 0.0224918, , , , , , , 14.3541346, -0.0679789, , , , , , , 14.3541346, 0.0441444, , , , , , , 14.3541346, 0.0209812, , , , , , , , , , , , , , , , , , , , , , , , , , , , 
14.3546538, 0.0303807, , , , , , , 14.3546538, -0.0584115, , , , , , , 14.3546538, 0.0439765, , , , , , , 14.3546538, 0.0172885, , , , , , , , , , , , , , , , , , , , , , , , , , , , 
14.3551731, 0.0473335, , , , , , , 14.3551731, -0.0508583, , , , , , , 14.3551731, 0.0360876, , , , , , , 14.3551731, 0.0099031, , , , , , , , , , , , , , , , , , , , , , , , , , , , 
14.3556923, 0.064622, , , , , , , 14.3556923, -0.0421302, , , , , , , 14.3556923, 0.026688, , , , , , , 14.3556923, 0.002182, , , , , , , , , , , , , , , , , , , , , , , , , , , , 
14.3562115, 0.0726787, , , , , , , 14.3562115, -0.0347448, , , , , , , 14.3562115, 0.0172885, , , , , , , 14.3562115, 0.0003357, , , , , , , , , , , , , , , , , , , , , , , , , , , , 
14.3567308, 0.0760357, , , , , , , 14.3567308, -0.0303807, , , , , , , 14.3567308, -0.0052033, , , , , , , 14.3567308, 0.0011749, , , , , , , , , , , , , , , , , , , , , , , , , , , , 
14.35725, 0.0780499, , , , , , , 14.35725, -0.0213169, , , , , , , 14.35725, -0.040116, , , , , , , 14.35725, 0.0031891, , , , , , , , , , , , , , , , , , , , , , , , , , , , 
14.3577692, 0.0773785, , , , , , , 14.3577692, -0.0028534, , , , , , , 14.3577692, -0.0548867, , , , , , , 14.3577692, 0.0043641, , , , , , , , , , , , , , , , , , , , , , , , , , , , 
14.3582885, 0.0736858, , , , , , , 14.3582885, 0.0125887, , , , , , , 14.3582885, -0.0381018, , , , , , , 14.3582885, 0.0062104, , , , , , , , , , , , , , , , , , , , , , , , , , , , 
14.3588077, 0.054551, , , , , , , 14.3588077, 0.0139315, , , , , , , 14.3588077, -0.0112459, , , , , , , 14.3588077, 0.0102388, , , , , , , , , , , , , , , , , , , , , , , , , , , , 
14.3593269, 0.0357519, , , , , , , 14.3593269, 0.0065461, , , , , , , 14.3593269, 0.0068818, , , , , , , 14.3593269, 0.0159457, , , , , , , , , , , , , , , , , , , , , , , , , , , , 
14.3598462, 0.0273594, , , , , , , 14.3598462, 0.0018463, , , , , , , 14.3598462, 0.0159457, , , , , , , 14.3598462, 0.0167849, , , , , , , , , , , , , , , , , , , , , , , , , , , , 
14.3603654, 0.0186313, , , , , , , 14.3603654, 0.0045319, , , , , , , 14.3603654, 0.0182956, , , , , , , 14.3603654, 0.0115816, , , , , , , , , , , , , , , , , , , , , , , , , , , , 
14.3608846, 0.0045319, , , , , , , 14.3608846, 0.0092317, , , , , , , 14.3608846, 0.0112459, , , , , , , 14.3608846, 0.0072175, , , , , , , , , , , , , , , , , , , , , , , , , , , , 
14.3614038, -0.0099031, , , , , , , 14.3614038, 0.0152743, , , , , , , 14.3614038, 0.0005035, , , , , , , 14.3614038, 0.0068818, , , , , , , , , , , , , , , , , , , , , , , , , , , , 
14.3619231, -0.0223239, , , , , , , 14.3619231, 0.0115816, , , , , , , 14.3619231, -0.002182, , , , , , , 14.3619231, 0.0119173, , , , , , , , , , , , , , , , , , , , , , , , , , , , 
14.3624423, -0.0317235, , , , , , , 14.3624423, -0.0036927, , , , , , , 14.3624423, -0.0011749, , , , , , , 14.3624423, 0.0154421, , , , , , , , , , , , , , , , , , , , , , , , , , , , 
14.3629615, -0.0394446, , , , , , , 14.3629615, -0.0164492, , , , , , , 14.3629615, -0.0135958, , , , , , , 14.3629615, 0.0159457, , , , , , , , , , , , , , , , , , , , , , , , , , , , 
14.3634808, -0.0485084, , , , , , , 14.3634808, -0.0203098, , , , , , , 14.3634808, -0.0381018, , , , , , , 14.3634808, 0.0139315, , , , , , , , , , , , , , , , , , , , , , , , , , , , 
14.364, -0.057908, , , , , , , 14.364, -0.0243381, , , , , , , 14.364, -0.0636149, , , , , , , 14.364, 0.0105745, , , , , , , , , , , , , , , , , , , , , , , , , , , , 
14.3645192, -0.061265, , , , , , , 14.3645192, -0.0317235, , , , , , , 14.3645192, -0.079057, , , , , , , 14.3645192, 0.0065461, , , , , , , , , , , , , , , , , , , , , , , , , , , , 
14.3650385, -0.0602579, , , , , , , 14.3650385, -0.0310521, , , , , , , 14.3650385, -0.0820783, , , , , , , 14.3650385, 0.0041962, , , , , , , , , , , , , , , , , , , , , , , , , , , , 
14.3655577, -0.0528725, , , , , , , 14.3655577, -0.0209812, , , , , , , 14.3655577, -0.0829175, , , , , , , 14.3655577, 0.0038605, , , , , , , , , , , , , , , , , , , , , , , , , , , , 
14.3660769, -0.0426337, , , , , , , 14.3660769, -0.0095674, , , , , , , 14.3660769, -0.0827497, , , , , , , 14.3660769, 0.0078889, , , , , , , , , , , , , , , , , , , , , , , , , , , , 
14.3665962, -0.0337377, , , , , , , 14.3665962, -0.0015106, , , , , , , 14.3665962, -0.0807355, , , , , , , 14.3665962, 0.01561, , , , , , , , , , , , , , , , , , , , , , , , , , , , 
14.3671154, -0.0250095, , , , , , , 14.3671154, 0.002182, , , , , , , 14.3671154, -0.0803998, , , , , , , 14.3671154, 0.0213169, , , , , , , , , , , , , , , , , , , , , , , , , , , , 
14.3676346, -0.0135958, , , , , , , 14.3676346, -0.002182, , , , , , , 14.3676346, -0.087953, , , , , , , 14.3676346, 0.0236667, , , , , , , , , , , , , , , , , , , , , , , , , , , , 
14.3681538, -0.005539, , , , , , , 14.3681538, -0.0109102, , , , , , , 14.3681538, -0.1022202, , , , , , , 14.3681538, 0.0223239, , , , , , , , , , , , , , , , , , , , , , , , , , , , 
14.3686731, 0.0025177, , , , , , , 14.3686731, -0.0172885, , , , , , , 14.3686731, -0.1109483, , , , , , , 14.3686731, 0.0172885, , , , , , , , , , , , , , , , , , , , , , , , , , , , 
14.3691923, 0.0146029, , , , , , , 14.3691923, -0.0181277, , , , , , , 14.3691923, -0.1049058, , , , , , , 14.3691923, 0.0135958, , , , , , , , , , , , , , , , , , , , , , , , , , , , 
14.3697115, 0.0246738, , , , , , , 14.3697115, -0.0135958, , , , , , , 14.3697115, -0.0887922, , , , , , , 14.3697115, 0.0139315, , , , , , , , , , , , , , , , , , , , , , , , , , , , 
14.3702308, 0.0260166, , , , , , , 14.3702308, -0.0025177, , , , , , , 14.3702308, -0.0659648, , , , , , , 14.3702308, 0.0135958, , , , , , , , , , , , , , , , , , , , , , , , , , , , 
14.37075, 0.0246738, , , , , , , 14.37075, 0.0099031, , , , , , , 14.37075, -0.0421302, , , , , , , 14.37075, 0.0119173, , , , , , , , , , , , , , , , , , , , , , , , , , , , 
14.3712692, 0.0280308, , , , , , , 14.3712692, 0.0209812, , , , , , , 14.3712692, -0.0243381, , , , , , , 14.3712692, 0.0065461, , , , , , , , , , , , , , , , , , , , , , , , , , , , 
14.3717885, 0.0391089, , , , , , , 14.3717885, 0.0307164, , , , , , , 14.3717885, -0.0072175, , , , , , , 14.3717885, 0.0005035, , , , , , , , , , , , , , , , , , , , , , , , , , , , 
14.3723077, 0.0468299, , , , , , , 14.3723077, 0.0342412, , , , , , , 14.3723077, 0.0125887, , , , , , , 14.3723077, -0.0043641, , , , , , , , , , , , , , , , , , , , , , , , , , , , 
14.3728269, 0.0475013, , , , , , , 14.3728269, 0.0290379, , , , , , , 14.3728269, 0.0253452, , , , , , , 14.3728269, -0.0072175, , , , , , , , , , , , , , , , , , , , , , , , , , , , 
14.3733462, 0.0459907, , , , , , , 14.3733462, 0.0199741, , , , , , , 14.3733462, 0.026688, , , , , , , 14.3733462, -0.0077211, , , , , , , , , , , , , , , , , , , , , , , , , , , , 
14.3738654, 0.0436408, , , , , , , 14.3738654, 0.0129244, , , , , , , 14.3738654, 0.0243381, , , , , , , 14.3738654, -0.0062104, , , , , , , , , , , , , , , , , , , , , , , , , , , , 
14.3743846, 0.0448157, , , , , , , 14.3743846, 0.0104067, , , , , , , 14.3743846, 0.0298772, , , , , , , 14.3743846, -0.0063783, , , , , , , , , , , , , , , , , , , , , , , , , , , , 
14.3749038, 0.0535439, , , , , , , 14.3749038, 0.0129244, , , , , , , 14.3749038, 0.0417945, , , , , , , 14.3749038, -0.0109102, , , , , , , , , , , , , , , , , , , , , , , , , , , , 
14.3754231, 0.0656291, , , , , , , 14.3754231, 0.0119173, , , , , , , 14.3754231, 0.0528725, , , , , , , 14.3754231, -0.0132601, , , , , , , , , , , , , , , , , , , , , , , , , , , , 
14.3759423, 0.0750286, , , , , , , 14.3759423, -0.0041962, , , , , , , 14.3759423, 0.0575723, , , , , , , 14.3759423, -0.0135958, , , , , , , , , , , , , , , , , , , , , , , , , , , , 
14.3764615, 0.0763714, , , , , , , 14.3764615, -0.0243381, , , , , , , 14.3764615, 0.0580758, , , , , , , 14.3764615, -0.0112459, , , , , , , , , , , , , , , , , , , , , , , , , , , , 
14.3769808, 0.0713359, , , , , , , 14.3769808, -0.0256809, , , , , , , 14.3769808, 0.0572366, , , , , , , 14.3769808, -0.0041962, , , , , , , , , , , , , , , , , , , , , , , , , , , , 
14.3775, 0.0632792, , , , , , , 14.3775, -0.0083925, , , , , , , 14.3775, 0.0548867, , , , , , , 14.3775, 0.0035248, , , , , , , , , , , , , , , , , , , , , , , , , , , , 
14.3780192, 0.0548867, , , , , , , 14.3780192, 0.0085603, , , , , , , 14.3780192, 0.0522011, , , , , , , 14.3780192, 0.0092317, , , , , , , , , , , , , , , , , , , , , , , , , , , , 
14.3785385, 0.0414588, , , , , , , 14.3785385, 0.0206455, , , , , , , 14.3785385, 0.0505226, , , , , , , 14.3785385, 0.0171206, , , , , , , , , , , , , , , , , , , , , , , , , , , , 
14.3790577, 0.0258488, , , , , , , 14.3790577, 0.0364233, , , , , , , 14.3790577, 0.0500191, , , , , , , 14.3790577, 0.0273594, , , , , , , , , , , , , , , , , , , , , , , , , , , , 
14.3795769, 0.0115816, , , , , , , 14.3795769, 0.0481727, , , , , , , 14.3795769, 0.0505226, , , , , , , 14.3795769, 0.0347448, , , , , , , , , , , , , , , , , , , , , , , , , , , , 
14.3800962, 0.0041962, , , , , , , 14.3800962, 0.0411231, , , , , , , 14.3800962, 0.0488441, , , , , , , 14.3800962, 0.040116, , , , , , , , , , , , , , , , , , , , , , , , , , , , 
14.3806154, 0.0011749, , , , , , , 14.3806154, 0.0224918, , , , , , , 14.3806154, 0.0428016, , , , , , , 14.3806154, 0.0448157, , , , , , , , , , , , , , , , , , , , , , , , , , , , 
14.3811346, -0.0073854, , , , , , , 14.3811346, 0.0102388, , , , , , , 14.3811346, 0.0377661, , , , , , , 14.3811346, 0.0458228, , , , , , , , , , , , , , , , , , , , , , , , , , , , 
14.3816538, -0.0176242, , , , , , , 14.3816538, 0.0045319, , , , , , , 14.3816538, 0.0381018, , , , , , , 14.3816538, 0.0438087, , , , , , , , , , , , , , , , , , , , , , , , , , , , 
14.3821731, -0.0283665, , , , , , , 14.3821731, 0.0038605, , , , , , , 14.3821731, 0.0407874, , , , , , , 14.3821731, 0.0414588, , , , , , , , , , , , , , , , , , , , , , , , , , , , 
14.3826923, -0.0394446, , , , , , , 14.3826923, 0.0011749, , , , , , , 14.3826923, 0.0433051, , , , , , , 14.3826923, 0.0360876, , , , , , , , , , , , , , , , , , , , , , , , , , , , 
14.3832115, -0.0505226, , , , , , , 14.3832115, -0.0052033, , , , , , , 14.3832115, 0.0473335, , , , , , , 14.3832115, 0.0310521, , , , , , , , , , , , , , , , , , , , , , , , , , , , 
14.3837308, -0.0569009, , , , , , , 14.3837308, -0.0082246, , , , , , , 14.3837308, 0.0516976, , , , , , , 14.3837308, 0.0307164, , , , , , , , , , , , , , , , , , , , , , , , , , , , 
14.38425, -0.0540475, , , , , , , 14.38425, -0.0075532, , , , , , , 14.38425, 0.0542153, , , , , , , 14.38425, 0.0320592, , , , , , , , , , , , , , , , , , , , , , , , , , , , 
14.3847692, -0.0464942, , , , , , , 14.3847692, -0.0149386, , , , , , , 14.3847692, 0.0575723, , , , , , , 14.3847692, 0.030045, , , , , , , , , , , , , , , , , , , , , , , , , , , , 
14.3852885, -0.035584, , , , , , , 14.3852885, -0.0433051, , , , , , , 14.3852885, 0.0636149, , , , , , , 14.3852885, 0.0234989, , , , , , , , , , , , , , , , , , , , , , , , , , , , 
14.3858077, -0.0280308, , , , , , , 14.3858077, -0.0840925, , , , , , , 14.3858077, 0.0649577, , , , , , , 14.3858077, 0.0166171, , , , , , , , , , , , , , , , , , , , , , , , , , , , 
14.3863269, -0.0182956, , , , , , , 14.3863269, -0.1122911, , , , , , , 14.3863269, 0.056733, , , , , , , 14.3863269, 0.0090639, , , , , , , , , , , , , , , , , , , , , , , , , , , , 
14.3868462, -0.0041962, , , , , , , 14.3868462, -0.1156481, , , , , , , 14.3868462, 0.0454871, , , , , , , 14.3868462, 0.0058747, , , , , , , , , , , , , , , , , , , , , , , , , , , , 
14.3873654, 0.0065461, , , , , , , 14.3873654, -0.1010452, , , , , , , 14.3873654, 0.03122, , , , , , , 14.3873654, 0.0058747, , , , , , , , , , , , , , , , , , , , , , , , , , , , 
14.3878846, 0.0129244, , , , , , , 14.3878846, -0.0793927, , , , , , , 14.3878846, 0.0105745, , , , , , , 14.3878846, 0.0062104, , , , , , , , , , , , , , , , , , , , , , , , , , , , 
14.3884038, 0.0179599, , , , , , , 14.3884038, -0.0527047, , , , , , , 14.3884038, -0.0119173, , , , , , , 14.3884038, 0.0052033, , , , , , , , , , , , , , , , , , , , , , , , , , , , 
14.3889231, 0.0199741, , , , , , , 14.3889231, -0.0265202, , , , , , , 14.3889231, -0.0276951, , , , , , , 14.3889231, 0.0065461, , , , , , , , , , , , , , , , , , , , , , , , , , , , 
14.3894423, 0.0166171, , , , , , , 14.3894423, -0.0162814, , , , , , , 14.3894423, -0.0409552, , , , , , , 14.3894423, 0.0105745, , , , , , , , , , , , , , , , , , , , , , , , , , , , 
14.3899615, 0.0166171, , , , , , , 14.3899615, -0.0166171, , , , , , , 14.3899615, -0.0558938, , , , , , , 14.3899615, 0.0092317, , , , , , , , , , , , , , , , , , , , , , , , , , , , 
14.3904808, 0.0176242, , , , , , , 14.3904808, -0.008896, , , , , , , 14.3904808, -0.0686503, , , , , , , 14.3904808, 0.0016785, , , , , , , , , , , , , , , , , , , , , , , , , , , , 
14.391, 0.0206455, , , , , , , 14.391, 0.0085603, , , , , , , 14.391, -0.0763714, , , , , , , 14.391, -0.0031891, , , , , , , , , , , , , , , , , , , , , , , , , , , , 
14.3915192, 0.0240024, , , , , , , 14.3915192, 0.0172885, , , , , , , 14.3915192, -0.081239, , , , , , , 14.3915192, -0.0028534, , , , , , , , , , , , , , , , , , , , , , , , , , , , 
14.3920385, 0.026688, , , , , , , 14.3920385, 0.0092317, , , , , , , 14.3920385, -0.0803998, , , , , , , 14.3920385, 0.002182, , , , , , , , , , , , , , , , , , , , , , , , , , , , 
14.3925577, 0.0287022, , , , , , , 14.3925577, -0.0095674, , , , , , , 14.3925577, -0.0757, , , , , , , 14.3925577, 0.0109102, , , , , , , , , , , , , , , , , , , , , , , , , , , , 
14.3930769, 0.0330663, , , , , , , 14.3930769, -0.0283665, , , , , , , 14.3930769, -0.0785534, , , , , , , 14.3930769, 0.0179599, , , , , , , , , , , , , , , , , , , , , , , , , , , , 
14.3935962, 0.036759, , , , , , , 14.3935962, -0.0397803, , , , , , , 14.3935962, -0.0908064, , , , , , , 14.3935962, 0.0206455, , , , , , , , , , , , , , , , , , , , , , , , , , , , 
14.3941154, 0.0387732, , , , , , , 14.3941154, -0.0381018, , , , , , , 14.3941154, -0.1025559, , , , , , , 14.3941154, 0.0186313, , , , , , , , , , , , , , , , , , , , , , , , , , , , 
14.3946346, 0.043473, , , , , , , 14.3946346, -0.0240024, , , , , , , 14.3946346, -0.1022202, , , , , , , 14.3946346, 0.012253, , , , , , , , , , , , , , , , , , , , , , , , , , , , 
14.3951538, 0.0575723, , , , , , , 14.3951538, -0.0010071, , , , , , , 14.3951538, -0.0897993, , , , , , , 14.3951538, 0.0045319, , , , , , , , , , , , , , , , , , , , , , , , , , , , 
14.3956731, 0.0713359, , , , , , , 14.3956731, 0.0250095, , , , , , , 14.3956731, -0.0713359, , , , , , , 14.3956731, -0.0028534, , , , , , , , , , , , , , , , , , , , , , , , , , , , 
14.3961923, 0.0782177, , , , , , , 14.3961923, 0.0323949, , , , , , , 14.3961923, -0.0501869, , , , , , , 14.3961923, -0.0065461, , , , , , , , , , , , , , , , , , , , , , , , , , , , 
14.3967115, 0.0803998, , , , , , , 14.3967115, 0.012253, , , , , , , 14.3967115, -0.0290379, , , , , , , 14.3967115, -0.0052033, , , , , , , , , , , , , , , , , , , , , , , , , , , , 
14.3972308, 0.0800641, , , , , , , 14.3972308, -0.0092317, , , , , , , 14.3972308, -0.0082246, , , , , , , 14.3972308, -0.002182, , , , , , , , , , , , , , , , , , , , , , , , , , , , 
14.39775, 0.0753643, , , , , , , 14.39775, -0.005539, , , , , , , 14.39775, 0.0137636, , , , , , , 14.39775, -0.0015106, , , , , , , , , , , , , , , , , , , , , , , , , , , , 
14.3982692, 0.0663005, , , , , , , 14.3982692, 0.0078889, , , , , , , 14.3982692, 0.0330663, , , , , , , 14.3982692, 0.0003357, , , , , , , , , , , , , , , , , , , , , , , , , , , , 
14.3987885, 0.0555581, , , , , , , 14.3987885, 0.011078, , , , , , , 14.3987885, 0.0468299, , , , , , , 14.3987885, 0.0025177, , , , , , , , , , , , , , , , , , , , , , , , , , , , 
14.3993077, 0.043473, , , , , , , 14.3993077, -0.0023499, , , , , , , 14.3993077, 0.0535439, , , , , , , 14.3993077, 0.0058747, , , , , , , , , , , , , , , , , , , , , , , , , , , , 
14.3998269, 0.0310521, , , , , , , 14.3998269, -0.0229953, , , , , , , 14.3998269, 0.0495155, , , , , , , 14.3998269, 0.0132601, , , , , , , , , , , , , , , , , , , , , , , , , , , , 
14.4003462, 0.0196384, , , , , , , 14.4003462, -0.0320592, , , , , , , 14.4003462, 0.0372625, , , , , , , 14.4003462, 0.0213169, , , , , , , , , , , , , , , , , , , , , , , , , , , , 
14.4008654, 0.008896, , , , , , , 14.4008654, -0.0263523, , , , , , , 14.4008654, 0.0344091, , , , , , , 14.4008654, 0.0280308, , , , , , , , , , , , , , , , , , , , , , , , , , , , 
14.4013846, -0.0041962, , , , , , , 14.4013846, -0.0191348, , , , , , , 14.4013846, 0.0468299, , , , , , , 14.4013846, 0.0337377, , , , , , , , , , , , , , , , , , , , , , , , , , , , 
14.4019038, -0.0194705, , , , , , , 14.4019038, -0.0191348, , , , , , , 14.4019038, 0.0595865, , , , , , , 14.4019038, 0.0365911, , , , , , , , , , , , , , , , , , , , , , , , , , , , 
14.4024231, -0.0323949, , , , , , , 14.4024231, -0.01561, , , , , , , 14.4024231, 0.0602579, , , , , , , 14.4024231, 0.0369268, , , , , , , , , , , , , , , , , , , , , , , , , , , , 
14.4029423, -0.0441444, , , , , , , 14.4029423, -0.0038605, , , , , , , 14.4029423, 0.0448157, , , , , , , 14.4029423, 0.0377661, , , , , , , , , , , , , , , , , , , , , , , , , , , , 
14.4034615, -0.0528725, , , , , , , 14.4034615, 0.0011749, , , , , , , 14.4034615, 0.0213169, , , , , , , 14.4034615, 0.0381018, , , , , , , , , , , , , , , , , , , , , , , , , , , , 
14.4039808, -0.0605936, , , , , , , 14.4039808, -0.0035248, , , , , , , 14.4039808, -0.0015106, , , , , , , 14.4039808, 0.0359197, , , , , , , , , , , , , , , , , , , , , , , , , , , , 
14.4045, -0.0652934, , , , , , , 14.4045, -0.0001678, , , , , , , 14.4045, -0.0238346, , , , , , , 14.4045, 0.0276951, , , , , , , , , , , , , , , , , , , , , , , , , , , , 
14.4050192, -0.0632792, , , , , , , 14.4050192, 0.0085603, , , , , , , 14.4050192, -0.0451514, , , , , , , 14.4050192, 0.0186313, , , , , , , , , , , , , , , , , , , , , , , , , , , , 
14.4055385, -0.0555581, , , , , , , 14.4055385, 0.018967, , , , , , , 14.4055385, -0.0627756, , , , , , , 14.4055385, 0.0125887, , , , , , , , , , , , , , , , , , , , , , , , , , , , 
14.4060577, -0.0458228, , , , , , , 14.4060577, 0.0394446, , , , , , , 14.4060577, -0.0770428, , , , , , , 14.4060577, 0.0099031, , , , , , , , , , , , , , , , , , , , , , , , , , , , 
14.4065769, -0.036759, , , , , , , 14.4065769, 0.0582437, , , , , , , 14.4065769, -0.090135, , , , , , , 14.4065769, 0.0083925, , , , , , , , , , , , , , , , , , , , , , , , , , , , 
14.4070962, -0.0280308, , , , , , , 14.4070962, 0.0609293, , , , , , , 14.4070962, -0.1062486, , , , , , , 14.4070962, 0.0052033, , , , , , , , , , , , , , , , , , , , , , , , , , , , 
14.4076154, -0.018967, , , , , , , 14.4076154, 0.0515297, , , , , , , 14.4076154, -0.1186694, , , , , , , 14.4076154, 0.0006714, , , , , , , , , , , , , , , , , , , , , , , , , , , , 
14.4081346, -0.0072175, , , , , , , 14.4081346, 0.0360876, , , , , , , 14.4081346, -0.1166552, , , , , , , 14.4081346, -0.0020142, , , , , , , , , , , , , , , , , , , , , , , , , , , , 
14.4086538, 0.0072175, , , , , , , 14.4086538, 0.0218204, , , , , , , 14.4086538, -0.1040665, , , , , , , 14.4086538, -0.0028534, , , , , , , , , , , , , , , , , , , , , , , , , , , , 
14.4091731, 0.0193027, , , , , , , 14.4091731, 0.0125887, , , , , , , 14.4091731, -0.0931563, , , , , , , 14.4091731, -0.0015106, , , , , , , , , , , , , , , , , , , , , , , , , , , , 
14.4096923, 0.023331, , , , , , , 14.4096923, 0.0023499, , , , , , , 14.4096923, -0.090135, , , , , , , 14.4096923, -0.0001678, , , , , , , , , , , , , , , , , , , , , , , , , , , , 
14.4102115, 0.0260166, , , , , , , 14.4102115, -0.0149386, , , , , , , 14.4102115, -0.0978561, , , , , , , 14.4102115, -0.0003357, , , , , , , , , , , , , , , , , , , , , , , , , , , , 
14.4107308, 0.0347448, , , , , , , 14.4107308, -0.0381018, , , , , , , 14.4107308, -0.1136339, , , , , , , 14.4107308, -0.0048676, , , , , , , , , , , , , , , , , , , , , , , , , , , , 
14.41125, 0.0417945, , , , , , , 14.41125, -0.0471656, , , , , , , 14.41125, -0.121355, , , , , , , 14.41125, -0.0078889, , , , , , , , , , , , , , , , , , , , , , , , , , , , 
14.4117692, 0.0468299, , , , , , , 14.4117692, -0.0310521, , , , , , , 14.4117692, -0.1132982, , , , , , , 14.4117692, -0.0068818, , , , , , , , , , , , , , , , , , , , , , , , , , , , 
14.4122885, 0.0508583, , , , , , , 14.4122885, -0.0159457, , , , , , , 14.4122885, -0.0955062, , , , , , , 14.4122885, -0.0028534, , , , , , , , , , , , , , , , , , , , , , , , , , , , 
14.4128077, 0.0475013, , , , , , , 14.4128077, -0.0285344, , , , , , , 14.4128077, -0.0750286, , , , , , , 14.4128077, 0.0018463, , , , , , , , , , , , , , , , , , , , , , , , , , , , 
14.4133269, 0.043473, , , , , , , 14.4133269, -0.0532082, , , , , , , 14.4133269, -0.0505226, , , , , , , 14.4133269, 0.0072175, , , , , , , , , , , , , , , , , , , , , , , , , , , , 
14.4138462, 0.0433051, , , , , , , 14.4138462, -0.0642863, , , , , , , 14.4138462, -0.0196384, , , , , , , 14.4138462, 0.0109102, , , , , , , , , , , , , , , , , , , , , , , , , , , , 
14.4143654, 0.0468299, , , , , , , 14.4143654, -0.0525368, , , , , , , 14.4143654, 0.0135958, , , , , , , 14.4143654, 0.0137636, , , , , , , , , , , , , , , , , , , , , , , , , , , , 
14.4148846, 0.0558938, , , , , , , 14.4148846, -0.0290379, , , , , , , 14.4148846, 0.0417945, , , , , , , 14.4148846, 0.0196384, , , , , , , , , , , , , , , , , , , , , , , , , , , , 
14.4154038, 0.0649577, , , , , , , 14.4154038, -0.005539, , , , , , , 14.4154038, 0.0609293, , , , , , , 14.4154038, 0.0270237, , , , , , , , , , , , , , , , , , , , , , , , , , , , 
14.4159231, 0.0688182, , , , , , , 14.4159231, 0.0112459, , , , , , , 14.4159231, 0.073518, , , , , , , 14.4159231, 0.0320592, , , , , , , , , , , , , , , , , , , , , , , , , , , , 
14.4164423, 0.0664683, , , , , , , 14.4164423, 0.0139315, , , , , , , 14.4164423, 0.0840925, , , , , , , 14.4164423, 0.0337377, , , , , , , , , , , , , , , , , , , , , , , , , , , , 
14.4169615, 0.0616007, , , , , , , 14.4169615, -0.0105745, , , , , , , 14.4169615, 0.0911421, , , , , , , 14.4169615, 0.0290379, , , , , , , , , , , , , , , , , , , , , , , , , , , , 
14.4174808, 0.0532082, , , , , , , 14.4174808, -0.0538796, , , , , , , 14.4174808, 0.0911421, , , , , , , 14.4174808, 0.0196384, , , , , , , , , , , , , , , , , , , , , , , , , , , , 
14.418, 0.0404517, , , , , , , 14.418, -0.0783856, , , , , , , 14.418, 0.0835889, , , , , , , 14.418, 0.0119173, , , , , , , , , , , , , , , , , , , , , , , , , , , , 
14.4185192, 0.0287022, , , , , , , 14.4185192, -0.0767071, , , , , , , 14.4185192, 0.0743572, , , , , , , 14.4185192, 0.0109102, , , , , , , , , , , , , , , , , , , , , , , , , , , , 
14.4190385, 0.0199741, , , , , , , 14.4190385, -0.0696574, , , , , , , 14.4190385, 0.0713359, , , , , , , 14.4190385, 0.0139315, , , , , , , , , , , , , , , , , , , , , , , , , , , , 
14.4195577, 0.0112459, , , , , , , 14.4195577, -0.0632792, , , , , , , 14.4195577, 0.0743572, , , , , , , 14.4195577, 0.0159457, , , , , , , , , , , , , , , , , , , , , , , , , , , , 
14.4200769, 0.0018463, , , , , , , 14.4200769, -0.047837, , , , , , , 14.4200769, 0.079057, , , , , , , 14.4200769, 0.0139315, , , , , , , , , , , , , , , , , , , , , , , , , , , , 
14.4205962, -0.0048676, , , , , , , 14.4205962, -0.0219883, , , , , , , 14.4205962, 0.0835889, , , , , , , 14.4205962, 0.0112459, , , , , , , , , , , , , , , , , , , , , , , , , , , , 
14.4211154, -0.0109102, , , , , , , 14.4211154, 0.0030213, , , , , , , 14.4211154, 0.0830854, , , , , , , 14.4211154, 0.0099031, , , , , , , , , , , , , , , , , , , , , , , , , , , , 
14.4216346, -0.0198062, , , , , , , 14.4216346, 0.018967, , , , , , , 14.4216346, 0.0767071, , , , , , , 14.4216346, 0.0092317, , , , , , , , , , , , , , , , , , , , , , , , , , , , 
14.4221538, -0.0292058, , , , , , , 14.4221538, 0.0246738, , , , , , , 14.4221538, 0.0642863, , , , , , , 14.4221538, 0.0105745, , , , , , , , , , , , , , , , , , , , , , , , , , , , 
14.4226731, -0.0391089, , , , , , , 14.4226731, 0.0258488, , , , , , , 14.4226731, 0.0481727, , , , , , , 14.4226731, 0.0114137, , , , , , , , , , , , , , , , , , , , , , , , , , , , 
14.4231923, -0.0453193, , , , , , , 14.4231923, 0.0317235, , , , , , , 14.4231923, 0.0305486, , , , , , , 14.4231923, 0.0115816, , , , , , , , , , , , , , , , , , , , , , , , , , , , 
14.4237115, -0.047837, , , , , , , 14.4237115, 0.0461585, , , , , , , 14.4237115, 0.01561, , , , , , , 14.4237115, 0.012253, , , , , , , , , , , , , , , , , , , , , , , , , , , , 
14.4242308, -0.047837, , , , , , , 14.4242308, 0.0589151, , , , , , , 14.4242308, -0.0001678, , , , , , , 14.4242308, 0.0102388, , , , , , , , , , , , , , , , , , , , , , , , , , , , 
14.42475, -0.0411231, , , , , , , 14.42475, 0.0663005, , , , , , , 14.42475, -0.0172885, , , , , , , 14.42475, 0.0092317, , , , , , , , , , , , , , , , , , , , , , , , , , , , 
14.4252692, -0.0256809, , , , , , , 14.4252692, 0.0750286, , , , , , , 14.4252692, -0.0292058, , , , , , , 14.4252692, 0.0092317, , , , , , , , , , , , , , , , , , , , , , , , , , , , 
14.4257885, -0.0085603, , , , , , , 14.4257885, 0.0830854, , , , , , , 14.4257885, -0.0360876, , , , , , , 14.4257885, 0.0070497, , , , , , , , , , , , , , , , , , , , , , , , , , , , 
14.4263077, -0.0025177, , , , , , , 14.4263077, 0.0708324, , , , , , , 14.4263077, -0.0391089, , , , , , , 14.4263077, 0.002182, , , , , , , , , , , , , , , , , , , , , , , , , , , , 
14.4268269, 0.0011749, , , , , , , 14.4268269, 0.0323949, , , , , , , 14.4268269, -0.0396124, , , , , , , 14.4268269, -0.0005035, , , , , , , , , , , , , , , , , , , , , , , , , , , , 
14.4273462, 0.0090639, , , , , , , 14.4273462, -0.0115816, , , , , , , 14.4273462, -0.0359197, , , , , , , 14.4273462, 0.0018463, , , , , , , , , , , , , , , , , , , , , , , , , , , , 
14.4278654, 0.0179599, , , , , , , 14.4278654, -0.0407874, , , , , , , 14.4278654, -0.0256809, , , , , , , 14.4278654, 0.0045319, , , , , , , , , , , , , , , , , , , , , , , , , , , , 
14.4283846, 0.0223239, , , , , , , 14.4283846, -0.0417945, , , , , , , 14.4283846, -0.0078889, , , , , , , 14.4283846, 0.0085603, , , , , , , , , , , , , , , , , , , , , , , , , , , , 
14.4289038, 0.0216526, , , , , , , 14.4289038, -0.0287022, , , , , , , 14.4289038, 0.0119173, , , , , , , 14.4289038, 0.0172885, , , , , , , , , , , , , , , , , , , , , , , , , , , , 
14.4294231, 0.0191348, , , , , , , 14.4294231, -0.0317235, , , , , , , 14.4294231, 0.0298772, , , , , , , 14.4294231, 0.0263523, , , , , , , , , , , , , , , , , , , , , , , , , , , , 
14.4299423, 0.017792, , , , , , , 14.4299423, -0.0485084, , , , , , , 14.4299423, 0.0459907, , , , , , , 14.4299423, 0.0313878, , , , , , , , , , , , , , , , , , , , , , , , , , , , 
14.4304615, 0.0179599, , , , , , , 14.4304615, -0.0599222, , , , , , , 14.4304615, 0.0495155, , , , , , , 14.4304615, 0.0310521, , , , , , , , , , , , , , , , , , , , , , , , , , , , 
14.4309808, 0.018967, , , , , , , 14.4309808, -0.0572366, , , , , , , 14.4309808, 0.0382696, , , , , , , 14.4309808, 0.0290379, , , , , , , , , , , , , , , , , , , , , , , , , , , , 
14.4315, 0.0193027, , , , , , , 14.4315, -0.036759, , , , , , , 14.4315, 0.023331, , , , , , , 14.4315, 0.0273594, , , , , , , , , , , , , , , , , , , , , , , , , , , , 
14.4320192, 0.0203098, , , , , , , 14.4320192, -0.0011749, , , , , , , 14.4320192, 0.0072175, , , , , , , 14.4320192, 0.0250095, , , , , , , , , , , , , , , , , , , , , , , , , , , , 
14.4325385, 0.0206455, , , , , , , 14.4325385, 0.0332341, , , , , , , 14.4325385, -0.0130922, , , , , , , 14.4325385, 0.0203098, , , , , , , , , , , , , , , , , , , , , , , , , , , , 
14.4330577, 0.0199741, , , , , , , 14.4330577, 0.0421302, , , , , , , 14.4330577, -0.0330663, , , , , , , 14.4330577, 0.0159457, , , , , , , , , , , , , , , , , , , , , , , , , , , , 
14.4335769, 0.0229953, , , , , , , 14.4335769, 0.0236667, , , , , , , 14.4335769, -0.0404517, , , , , , , 14.4335769, 0.0129244, , , , , , , , , , , , , , , , , , , , , , , , , , , , 
14.4340962, 0.0280308, , , , , , , 14.4340962, 0.0038605, , , , , , , 14.4340962, -0.033402, , , , , , , 14.4340962, 0.0092317, , , , , , , , , , , , , , , , , , , , , , , , , , , , 
14.4346154, 0.0347448, , , , , , , 14.4346154, -0.012253, , , , , , , 14.4346154, -0.0229953, , , , , , , 14.4346154, 0.0035248, , , , , , , , , , , , , , , , , , , , , , , , , , , , 
14.4351346, 0.0454871, , , , , , , 14.4351346, -0.0298772, , , , , , , 14.4351346, -0.0162814, , , , , , , 14.4351346, -0.0046998, , , , , , , , , , , , , , , , , , , , , , , , , , , , 
14.4356538, 0.0594186, , , , , , , 14.4356538, -0.0396124, , , , , , , 14.4356538, -0.0162814, , , , , , , 14.4356538, -0.0125887, , , , , , , , , , , , , , , , , , , , , , , , , , , , 
14.4361731, 0.0703288, , , , , , , 14.4361731, -0.0365911, , , , , , , 14.4361731, -0.018967, , , , , , , 14.4361731, -0.0169528, , , , , , , , , , , , , , , , , , , , , , , , , , , , 
14.4366923, 0.079057, , , , , , , 14.4366923, -0.0240024, , , , , , , 14.4366923, -0.0218204, , , , , , , 14.4366923, -0.0179599, , , , , , , , , , , , , , , , , , , , , , , , , , , , 
14.4372115, 0.0840925, , , , , , , 14.4372115, -0.005539, , , , , , , 14.4372115, -0.0243381, , , , , , , 14.4372115, -0.0196384, , , , , , , , , , , , , , , , , , , , , , , , , , , , 
14.4377308, 0.0850996, , , , , , , 14.4377308, 0.0132601, , , , , , , 14.4377308, -0.0256809, , , , , , , 14.4377308, -0.0206455, , , , , , , , , , , , , , , , , , , , , , , , , , , , 
14.43825, 0.0839246, , , , , , , 14.43825, 0.0253452, , , , , , , 14.43825, -0.024506, , , , , , , 14.43825, -0.0164492, , , , , , , , , , , , , , , , , , , , , , , , , , , , 
14.4387692, 0.0746929, , , , , , , 14.4387692, 0.0370947, , , , , , , 14.4387692, -0.0179599, , , , , , , 14.4387692, -0.0078889, , , , , , , , , , , , , , , , , , , , , , , , , , , , 
14.4392885, 0.0619364, , , , , , , 14.4392885, 0.0438087, , , , , , , 14.4392885, -0.0109102, , , , , , , 14.4392885, -0.0015106, , , , , , , , , , , , , , , , , , , , , , , , , , , , 
14.4398077, 0.0475013, , , , , , , 14.4398077, 0.0347448, , , , , , , 14.4398077, -0.0062104, , , , , , , 14.4398077, 0.0058747, , , , , , , , , , , , , , , , , , , , , , , , , , , , 
14.4403269, 0.0364233, , , , , , , 14.4403269, 0.0203098, , , , , , , 14.4403269, -0.0035248, , , , , , , 14.4403269, 0.0162814, , , , , , , , , , , , , , , , , , , , , , , , , , , , 
14.4408462, 0.0203098, , , , , , , 14.4408462, 0.012253, , , , , , , 14.4408462, -0.0075532, , , , , , , 14.4408462, 0.027863, , , , , , , , , , , , , , , , , , , , , , , , , , , , 
14.4413654, 0.0025177, , , , , , , 14.4413654, 0.0105745, , , , , , , 14.4413654, -0.0223239, , , , , , , 14.4413654, 0.033402, , , , , , , , , , , , , , , , , , , , , , , , , , , , 
14.4418846, -0.0092317, , , , , , , 14.4418846, 0.0119173, , , , , , , 14.4418846, -0.0503548, , , , , , , 14.4418846, 0.0347448, , , , , , , , , , , , , , , , , , , , , , , , , , , , 
14.4424038, -0.0213169, , , , , , , 14.4424038, 0.0060426, , , , , , , 14.4424038, -0.0874495, , , , , , , 14.4424038, 0.0384375, , , , , , , , , , , , , , , , , , , , , , , , , , , , 
14.4429231, -0.0357519, , , , , , , 14.4429231, -0.0115816, , , , , , , 14.4429231, -0.1144732, , , , , , , 14.4429231, 0.0421302, , , , , , , , , , , , , , , , , , , , , , , , , , , , 
14.4434423, -0.0458228, , , , , , , 14.4434423, -0.0317235, , , , , , , 14.4434423, -0.1148089, , , , , , , 14.4434423, 0.0438087, , , , , , , , , , , , , , , , , , , , , , , , , , , , 
14.4439615, -0.0513619, , , , , , , 14.4439615, -0.0458228, , , , , , , 14.4439615, -0.0956741, , , , , , , 14.4439615, 0.0454871, , , , , , , , , , , , , , , , , , , , , , , , , , , , 
14.4444808, -0.0535439, , , , , , , 14.4444808, -0.0582437, , , , , , , 14.4444808, -0.072343, , , , , , , 14.4444808, 0.0481727, , , , , , , , , , , , , , , , , , , , , , , , , , , , 
14.445, -0.0491798, , , , , , , 14.445, -0.0743572, , , , , , , 14.445, -0.0495155, , , , , , , 14.445, 0.051194, , , , , , , , , , , , , , , , , , , , , , , , , , , , 
14.4455192, -0.0364233, , , , , , , 14.4455192, -0.0820783, , , , , , , 14.4455192, -0.0276951, , , , , , , 14.4455192, 0.0548867, , , , , , , , , , , , , , , , , , , , , , , , , , , , 
14.4460385, -0.0260166, , , , , , , 14.4460385, -0.0696574, , , , , , , 14.4460385, -0.0065461, , , , , , , 14.4460385, 0.0565652, , , , , , , , , , , , , , , , , , , , , , , , , , , , 
14.4465577, -0.0193027, , , , , , , 14.4465577, -0.0464942, , , , , , , 14.4465577, 0.0102388, , , , , , , 14.4465577, 0.0505226, , , , , , , , , , , , , , , , , , , , , , , , , , , , 
14.4470769, -0.0112459, , , , , , , 14.4470769, -0.0243381, , , , , , , 14.4470769, 0.0223239, , , , , , , 14.4470769, 0.036759, , , , , , , , , , , , , , , , , , , , , , , , , , , , 
14.4475962, -0.0041962, , , , , , , 14.4475962, 0.0038605, , , , , , , 14.4475962, 0.0283665, , , , , , , 14.4475962, 0.0219883, , , , , , , , , , , , , , , , , , , , , , , , , , , , 
14.4481154, 0.0020142, , , , , , , 14.4481154, 0.0340734, , , , , , , 14.4481154, 0.0287022, , , , , , , 14.4481154, 0.0146029, , , , , , , , , , , , , , , , , , , , , , , , , , , , 
14.4486346, 0.0078889, , , , , , , 14.4486346, 0.0387732, , , , , , , 14.4486346, 0.0243381, , , , , , , 14.4486346, 0.0125887, , , , , , , , , , , , , , , , , , , , , , , , , , , , 
14.4491538, 0.0115816, , , , , , , 14.4491538, 0.0146029, , , , , , , 14.4491538, 0.0146029, , , , , , , 14.4491538, 0.0112459, , , , , , , , , , , , , , , , , , , , , , , , , , , , 
14.4496731, 0.0125887, , , , , , , 14.4496731, -0.0182956, , , , , , , 14.4496731, 0.0102388, , , , , , , 14.4496731, 0.0092317, , , , , , , , , , , , , , , , , , , , , , , , , , , , 
14.4501923, 0.0112459, , , , , , , 14.4501923, -0.0461585, , , , , , , 14.4501923, 0.0179599, , , , , , , 14.4501923, 0.0072175, , , , , , , , , , , , , , , , , , , , , , , , , , , , 
14.4507115, 0.0082246, , , , , , , 14.4507115, -0.0636149, , , , , , , 14.4507115, 0.0335698, , , , , , , 14.4507115, 0.0072175, , , , , , , , , , , , , , , , , , , , , , , , , , , , 
14.4512308, 0.0058747, , , , , , , 14.4512308, -0.0666361, , , , , , , 14.4512308, 0.0464942, , , , , , , 14.4512308, 0.0078889, , , , , , , , , , , , , , , , , , , , , , , , , , , , 
14.45175, 0.0008392, , , , , , , 14.45175, -0.0605936, , , , , , , 14.45175, 0.0542153, , , , , , , 14.45175, 0.0085603, , , , , , , , , , , , , , , , , , , , , , , , , , , , 
14.4522692, -0.0035248, , , , , , , 14.4522692, -0.0458228, , , , , , , 14.4522692, 0.0562295, , , , , , , 14.4522692, 0.0097353, , , , , , , , , , , , , , , , , , , , , , , , , , , , 
14.4527885, -0.0015106, , , , , , , 14.4527885, -0.0265202, , , , , , , 14.4527885, 0.0562295, , , , , , , 14.4527885, 0.0112459, , , , , , , , , , , , , , , , , , , , , , , , , , , , 
14.4533077, -0.0028534, , , , , , , 14.4533077, -0.0135958, , , , , , , 14.4533077, 0.0515297, , , , , , , 14.4533077, 0.011078, , , , , , , , , , , , , , , , , , , , , , , , , , , , 
14.4538269, -0.0028534, , , , , , , 14.4538269, -0.0213169, , , , , , , 14.4538269, 0.0374304, , , , , , , 14.4538269, 0.0095674, , , , , , , , , , , , , , , , , , , , , , , , , , , , 
14.4543462, 0.0045319, , , , , , , 14.4543462, -0.0384375, , , , , , , 14.4543462, 0.0125887, , , , , , , 14.4543462, 0.0052033, , , , , , , , , , , , , , , , , , , , , , , , , , , , 
14.4548654, 0.0213169, , , , , , , 14.4548654, -0.0515297, , , , , , , 14.4548654, -0.0246738, , , , , , , 14.4548654, -0.0005035, , , , , , , , , , , , , , , , , , , , , , , , , , , , 
14.4553846, 0.0406195, , , , , , , 14.4553846, -0.0582437, , , , , , , 14.4553846, -0.0683146, , , , , , , 14.4553846, -0.0048676, , , , , , , , , , , , , , , , , , , , , , , , , , , , 
14.4559038, 0.0535439, , , , , , , 14.4559038, -0.0421302, , , , , , , 14.4559038, -0.105745, , , , , , , 14.4559038, -0.0075532, , , , , , , , , , , , , , , , , , , , , , , , , , , , 
14.4564231, 0.0609293, , , , , , , 14.4564231, -0.0031891, , , , , , , 14.4564231, -0.1285725, , , , , , , 14.4564231, -0.0092317, , , , , , , , , , , , , , , , , , , , , , , , , , , , 
14.4569423, 0.068986, , , , , , , 14.4569423, 0.0350805, , , , , , , 14.4569423, -0.1364614, , , , , , , 14.4569423, -0.012253, , , , , , , , , , , , , , , , , , , , , , , , , , , , 
14.4574615, 0.0750286, , , , , , , 14.4574615, 0.0528725, , , , , , , 14.4574615, -0.1310903, , , , , , , 14.4574615, -0.0149386, , , , , , , , , , , , , , , , , , , , , , , , , , , , 
14.4579808, 0.0750286, , , , , , , 14.4579808, 0.0508583, , , , , , , 14.4579808, -0.1185016, , , , , , , 14.4579808, -0.0169528, , , , , , , , , , , , , , , , , , , , , , , , , , , , 
14.4585, 0.0659648, , , , , , , 14.4585, 0.0505226, , , , , , , 14.4585, -0.1089342, , , , , , , 14.4585, -0.0182956, , , , , , , , , , , , , , , , , , , , , , , , , , , , 
14.4590192, 0.0525368, , , , , , , 14.4590192, 0.0636149, , , , , , , 14.4590192, -0.0998703, , , , , , , 14.4590192, -0.0157778, , , , , , , , , , , , , , , , , , , , , , , , , , , , 
14.4595385, 0.043473, , , , , , , 14.4595385, 0.0882887, , , , , , , 14.4595385, -0.0862745, , , , , , , 14.4595385, -0.0083925, , , , , , , , , , , , , , , , , , , , , , , , , , , , 
14.4600577, 0.040116, , , , , , , 14.4600577, 0.1079271, , , , , , , 14.4600577, -0.064622, , , , , , , 14.4600577, -0.0030213, , , , , , , , , , , , , , , , , , , , , , , , , , , , 
14.4605769, 0.0344091, , , , , , , 14.4605769, 0.1049058, , , , , , , 14.4605769, -0.0407874, , , , , , , 14.4605769, -0.0015106, , , , , , , , , , , , , , , , , , , , , , , , , , , , 
14.4610962, 0.0186313, , , , , , , 14.4610962, 0.0750286, , , , , , , 14.4610962, -0.0193027, , , , , , , 14.4610962, -0.0005035, , , , , , , , , , , , , , , , , , , , , , , , , , , , 
14.4616154, -0.0001678, , , , , , , 14.4616154, 0.0303807, , , , , , , 14.4616154, -0.0011749, , , , , , , 14.4616154, 0.002182, , , , , , , , , , , , , , , , , , , , , , , , , , , , 
14.4621346, -0.01561, , , , , , , 14.4621346, -0.0152743, , , , , , , 14.4621346, 0.0139315, , , , , , , 14.4621346, 0.0070497, , , , , , , , , , , , , , , , , , , , , , , , , , , , 
14.4626538, -0.0253452, , , , , , , 14.4626538, -0.0558938, , , , , , , 14.4626538, 0.0287022, , , , , , , 14.4626538, 0.0130922, , , , , , , , , , , , , , , , , , , , , , , , , , , , 
14.4631731, -0.0323949, , , , , , , 14.4631731, -0.0780499, , , , , , , 14.4631731, 0.0407874, , , , , , , 14.4631731, 0.0199741, , , , , , , , , , , , , , , , , , , , , , , , , , , , 
14.4636923, -0.0397803, , , , , , , 14.4636923, -0.0787213, , , , , , , 14.4636923, 0.0506905, , , , , , , 14.4636923, 0.0236667, , , , , , , , , , , , , , , , , , , , , , , , , , , , 
14.4642115, -0.0439765, , , , , , , 14.4642115, -0.0703288, , , , , , , 14.4642115, 0.0572366, , , , , , , 14.4642115, 0.026688, , , , , , , , , , , , , , , , , , , , , , , , , , , , 
14.4647308, -0.0411231, , , , , , , 14.4647308, -0.0525368, , , , , , , 14.4647308, 0.0616007, , , , , , , 14.4647308, 0.0315557, , , , , , , , , , , , , , , , , , , , , , , , , , , , 
14.46525, -0.0344091, , , , , , , 14.46525, -0.0263523, , , , , , , 14.46525, 0.0664683, , , , , , , 14.46525, 0.0377661, , , , , , , , , , , , , , , , , , , , , , , , , , , , 
14.4657692, -0.0243381, , , , , , , 14.4657692, -0.0072175, , , , , , , 14.4657692, 0.0652934, , , , , , , 14.4657692, 0.0419623, , , , , , , , , , , , , , , , , , , , , , , , , , , , 
14.4662885, -0.0102388, , , , , , , 14.4662885, 0.0005035, , , , , , , 14.4662885, 0.0616007, , , , , , , 14.4662885, 0.0436408, , , , , , , , , , , , , , , , , , , , , , , , , , , , 
14.4668077, -0.0048676, , , , , , , 14.4668077, -0.0028534, , , , , , , 14.4668077, 0.0575723, , , , , , , 14.4668077, 0.0441444, , , , , , , , , , , , , , , , , , , , , , , , , , , , 
14.4673269, -0.0099031, , , , , , , 14.4673269, -0.0083925, , , , , , , 14.4673269, 0.0518654, , , , , , , 14.4673269, 0.0421302, , , , , , , , , , , , , , , , , , , , , , , , , , , , 
14.4678462, -0.0176242, , , , , , , 14.4678462, -0.0090639, , , , , , , 14.4678462, 0.0475013, , , , , , , 14.4678462, 0.0374304, , , , , , , , , , , , , , , , , , , , , , , , , , , , 
14.4683654, -0.018967, , , , , , , 14.4683654, -0.0068818, , , , , , , 14.4683654, 0.0441444, , , , , , , 14.4683654, 0.0320592, , , , , , , , , , , , , , , , , , , , , , , , , , , , 
14.4688846, -0.0162814, , , , , , , 14.4688846, -0.0048676, , , , , , , 14.4688846, 0.0411231, , , , , , , 14.4688846, 0.0297093, , , , , , , , , , , , , , , , , , , , , , , , , , , , 
14.4694038, -0.0146029, , , , , , , 14.4694038, -0.0030213, , , , , , , 14.4694038, 0.036759, , , , , , , 14.4694038, 0.0263523, , , , , , , , , , , , , , , , , , , , , , , , , , , , 
14.4699231, -0.0149386, , , , , , , 14.4699231, -0.0045319, , , , , , , 14.4699231, 0.033402, , , , , , , 14.4699231, 0.0209812, , , , , , , , , , , , , , , , , , , , , , , , , , , , 
14.4704423, -0.0115816, , , , , , , 14.4704423, -0.0025177, , , , , , , 14.4704423, 0.0350805, , , , , , , 14.4704423, 0.0159457, , , , , , , , , , , , , , , , , , , , , , , , , , , , 
14.4709615, -0.0028534, , , , , , , 14.4709615, 0.0095674, , , , , , , 14.4709615, 0.0441444, , , , , , , 14.4709615, 0.0132601, , , , , , , , , , , , , , , , , , , , , , , , , , , , 
14.4714808, 0.0065461, , , , , , , 14.4714808, 0.017792, , , , , , , 14.4714808, 0.0528725, , , , , , , 14.4714808, 0.0117494, , , , , , , , , , , , , , , , , , , , , , , , , , , , 
14.472, 0.0112459, , , , , , , 14.472, 0.0062104, , , , , , , 14.472, 0.0589151, , , , , , , 14.472, 0.0097353, , , , , , , , , , , , , , , , , , , , , , , , , , , , 
14.4725192, 0.0135958, , , , , , , 14.4725192, -0.014435, , , , , , , 14.4725192, 0.0553902, , , , , , , 14.4725192, 0.0082246, , , , , , , , , , , , , , , , , , , , , , , , , , , , 
14.4730385, 0.0213169, , , , , , , 14.4730385, -0.0276951, , , , , , , 14.4730385, 0.0464942, , , , , , , 14.4730385, 0.0070497, , , , , , , , , , , , , , , , , , , , , , , , , , , , 
14.4735577, 0.0293736, , , , , , , 14.4735577, -0.0219883, , , , , , , 14.4735577, 0.0364233, , , , , , , 14.4735577, 0.0058747, , , , , , , , , , , , , , , , , , , , , , , , , , , , 
14.4740769, 0.0337377, , , , , , , 14.4740769, -0.0015106, , , , , , , 14.4740769, 0.026688, , , , , , , 14.4740769, 0.0052033, , , , , , , , , , , , , , , , , , , , , , , , , , , , 
14.4745962, 0.0381018, , , , , , , 14.4745962, 0.0078889, , , , , , , 14.4745962, 0.0172885, , , , , , , 14.4745962, 0.0031891, , , , , , , , , , , , , , , , , , , , , , , , , , , , 
14.4751154, 0.0505226, , , , , , , 14.4751154, -0.0109102, , , , , , , 14.4751154, 0.0105745, , , , , , , 14.4751154, -0.0035248, , , , , , , , , , , , , , , , , , , , , , , , , , , , 
14.4756346, 0.0636149, , , , , , , 14.4756346, -0.0431373, , , , , , , 14.4756346, 0.0025177, , , , , , , 14.4756346, -0.008896, , , , , , , , , , , , , , , , , , , , , , , , , , , , 
14.4761538, 0.0716716, , , , , , , 14.4761538, -0.0767071, , , , , , , 14.4761538, -0.0078889, , , , , , , 14.4761538, -0.0115816, , , , , , , , , , , , , , , , , , , , , , , , , , , , 
14.4766731, 0.0743572, , , , , , , 14.4766731, -0.1008774, , , , , , , 14.4766731, -0.0149386, , , , , , , 14.4766731, -0.0135958, , , , , , , , , , , , , , , , , , , , , , , , , , , , 
14.4771923, 0.0716716, , , , , , , 14.4771923, -0.10692, , , , , , , 14.4771923, -0.01561, , , , , , , 14.4771923, -0.0135958, , , , , , , , , , , , , , , , , , , , , , , , , , , , 
14.4777115, 0.0720073, , , , , , , 14.4777115, -0.0943313, , , , , , , 14.4777115, -0.0134279, , , , , , , 14.4777115, -0.0102388, , , , , , , , , , , , , , , , , , , , , , , , , , , , 
14.4782308, 0.0730144, , , , , , , 14.4782308, -0.0683146, , , , , , , 14.4782308, -0.0152743, , , , , , , 14.4782308, -0.0095674, , , , , , , , , , , , , , , , , , , , , , , , , , , , 
14.47875, 0.0676432, , , , , , , 14.47875, -0.040116, , , , , , , 14.47875, -0.0102388, , , , , , , 14.47875, -0.0068818, , , , , , , , , , , , , , , , , , , , , , , , , , , , 
14.4792692, 0.0587472, , , , , , , 14.4792692, -0.018967, , , , , , , 14.4792692, 0.0092317, , , , , , , 14.4792692, -0.0001678, , , , , , , , , , , , , , , , , , , , , , , , , , , , 
14.4797885, 0.0495155, , , , , , , 14.4797885, 0.0005035, , , , , , , 14.4797885, 0.0287022, , , , , , , 14.4797885, 0.0025177, , , , , , , , , , , , , , , , , , , , , , , , , , , , 
14.4803077, 0.0350805, , , , , , , 14.4803077, 0.0191348, , , , , , , 14.4803077, 0.0392767, , , , , , , 14.4803077, 0.0008392, , , , , , , , , , , , , , , , , , , , , , , , , , , , 
14.4808269, 0.0223239, , , , , , , 14.4808269, 0.0280308, , , , , , , 14.4808269, 0.0397803, , , , , , , 14.4808269, -0.0005035, , , , , , , , , , , , , , , , , , , , , , , , , , , , 
14.4813462, 0.0082246, , , , , , , 14.4813462, 0.0246738, , , , , , , 14.4813462, 0.0370947, , , , , , , 14.4813462, 0.0001678, , , , , , , , , , , , , , , , , , , , , , , , , , , , 
14.4818654, -0.0041962, , , , , , , 14.4818654, 0.0135958, , , , , , , 14.4818654, 0.0318914, , , , , , , 14.4818654, 0.0005035, , , , , , , , , , , , , , , , , , , , , , , , , , , , 
14.4823846, -0.0092317, , , , , , , 14.4823846, 0.0005035, , , , , , , 14.4823846, 0.0198062, , , , , , , 14.4823846, 0.0008392, , , , , , , , , , , , , , , , , , , , , , , , , , , , 
14.4829038, -0.0109102, , , , , , , 14.4829038, -0.0068818, , , , , , , 14.4829038, -0.0010071, , , , , , , 14.4829038, 0.0035248, , , , , , , , , , , , , , , , , , , , , , , , , , , , 
14.4834231, -0.0179599, , , , , , , 14.4834231, -0.0068818, , , , , , , 14.4834231, -0.0297093, , , , , , , 14.4834231, 0.0083925, , , , , , , , , , , , , , , , , , , , , , , , , , , , 
14.4839423, -0.0253452, , , , , , , 14.4839423, -0.0068818, , , , , , , 14.4839423, -0.0652934, , , , , , , 14.4839423, 0.0132601, , , , , , , , , , , , , , , , , , , , , , , , , , , , 
14.4844615, -0.0260166, , , , , , , 14.4844615, -0.0052033, , , , , , , 14.4844615, -0.0955062, , , , , , , 14.4844615, 0.0182956, , , , , , , , , , , , , , , , , , , , , , , , , , , , 
14.4849808, -0.0204776, , , , , , , 14.4849808, 0.0028534, , , , , , , 14.4849808, -0.1159838, , , , , , , 14.4849808, 0.0203098, , , , , , , , , , , , , , , , , , , , , , , , , , , , 
14.4855, -0.0099031, , , , , , , 14.4855, 0.0172885, , , , , , , 14.4855, -0.1351186, , , , , , , 14.4855, 0.0193027, , , , , , , , , , , , , , , , , , , , , , , , , , , , 
14.4860192, -0.0001678, , , , , , , 14.4860192, 0.0370947, , , , , , , 14.4860192, -0.1549248, , , , , , , 14.4860192, 0.0179599, , , , , , , , , , , , , , , , , , , , , , , , , , , , 
14.4865385, 0.0041962, , , , , , , 14.4865385, 0.0535439, , , , , , , 14.4865385, -0.1728847, , , , , , , 14.4865385, 0.0171206, , , , , , , , , , , , , , , , , , , , , , , , , , , , 
14.4870577, 0.008896, , , , , , , 14.4870577, 0.06009, , , , , , , 14.4870577, -0.1777523, , , , , , , 14.4870577, 0.0204776, , , , , , , , , , , , , , , , , , , , , , , , , , , , 
14.4875769, 0.0172885, , , , , , , 14.4875769, 0.0592508, , , , , , , 14.4875769, -0.1690242, , , , , , , 14.4875769, 0.0280308, , , , , , , , , , , , , , , , , , , , , , , , , , , , 
14.4880962, 0.0184634, , , , , , , 14.4880962, 0.056733, , , , , , , 14.4880962, -0.1596246, , , , , , , 14.4880962, 0.040116, , , , , , , , , , , , , , , , , , , , , , , , , , , , 
14.4886154, 0.0119173, , , , , , , 14.4886154, 0.0528725, , , , , , , 14.4886154, -0.1468681, , , , , , , 14.4886154, 0.0540475, , , , , , , , , , , , , , , , , , , , , , , , , , , , 
14.4891346, 0.0057069, , , , , , , 14.4891346, 0.0454871, , , , , , , 14.4891346, -0.1245441, , , , , , , 14.4891346, 0.0694896, , , , , , , , , , , , , , , , , , , , , , , , , , , , 
14.4896538, 0.0001678, , , , , , , 14.4896538, 0.0340734, , , , , , , 14.4896538, -0.1050736, , , , , , , 14.4896538, 0.0797284, , , , , , , , , , , , , , , , , , , , , , , , , , , , 
14.4901731, -0.0030213, , , , , , , 14.4901731, 0.0193027, , , , , , , 14.4901731, -0.0983597, , , , , , , 14.4901731, 0.0793927, , , , , , , , , , , , , , , , , , , , , , , , , , , , 
14.4906923, -0.0028534, , , , , , , 14.4906923, 0.0036927, , , , , , , 14.4906923, -0.093492, , , , , , , 14.4906923, 0.0710002, , , , , , , , , , , , , , , , , , , , , , , , , , , , 
14.4912115, -0.0035248, , , , , , , 14.4912115, -0.0092317, , , , , , , 14.4912115, -0.0746929, , , , , , , 14.4912115, 0.0626078, , , , , , , , , , , , , , , , , , , , , , , , , , , , 
14.4917308, -0.0048676, , , , , , , 14.4917308, -0.0198062, , , , , , , 14.4917308, -0.0516976, , , , , , , 14.4917308, 0.0532082, , , , , , , , , , , , , , , , , , , , , , , , , , , , 
14.49225, -0.0048676, , , , , , , 14.49225, -0.0327306, , , , , , , 14.49225, -0.0370947, , , , , , , 14.49225, 0.0394446, , , , , , , , , , , , , , , , , , , , , , , , , , , , 
14.4927692, -0.0016785, , , , , , , 14.4927692, -0.04448, , , , , , , 14.4927692, -0.0243381, , , , , , , 14.4927692, 0.0253452, , , , , , , , , , , , , , , , , , , , , , , , , , , , 
14.4932885, 0.0068818, , , , , , , 14.4932885, -0.0458228, , , , , , , 14.4932885, -0.0018463, , , , , , , 14.4932885, 0.0142672, , , , , , , , , , , , , , , , , , , , , , , , , , , , 
14.4938077, 0.0070497, , , , , , , 14.4938077, -0.0377661, , , , , , , 14.4938077, 0.0260166, , , , , , , 14.4938077, 0.0078889, , , , , , , , , , , , , , , , , , , , , , , , , , , , 
14.4943269, 0.0041962, , , , , , , 14.4943269, -0.0340734, , , , , , , 14.4943269, 0.0454871, , , , , , , 14.4943269, 0.0018463, , , , , , , , , , , , , , , , , , , , , , , , , , , , 
14.4948462, 0.0152743, , , , , , , 14.4948462, -0.0411231, , , , , , , 14.4948462, 0.0535439, , , , , , , 14.4948462, -0.0068818, , , , , , , , , , , , , , , , , , , , , , , , , , , , 
14.4953654, 0.0357519, , , , , , , 14.4953654, -0.0448157, , , , , , , 14.4953654, 0.0595865, , , , , , , 14.4953654, -0.0130922, , , , , , , , , , , , , , , , , , , , , , , , , , , , 
14.4958846, 0.0498512, , , , , , , 14.4958846, -0.0406195, , , , , , , 14.4958846, 0.0686503, , , , , , , 14.4958846, -0.0146029, , , , , , , , , , , , , , , , , , , , , , , , , , , , 
14.4964038, 0.0555581, , , , , , , 14.4964038, -0.0384375, , , , , , , 14.4964038, 0.0777142, , , , , , , 14.4964038, -0.01561, , , , , , , , , , , , , , , , , , , , , , , , , , , , 
14.4969231, 0.0626078, , , , , , , 14.4969231, -0.0357519, , , , , , , 14.4969231, 0.0817426, , , , , , , 14.4969231, -0.0167849, , , , , , , , , , , , , , , , , , , , , , , , , , , , 
14.4974423, 0.0673075, , , , , , , 14.4974423, -0.0298772, , , , , , , 14.4974423, 0.0802319, , , , , , , 14.4974423, -0.01561, , , , , , , , , , , , , , , , , , , , , , , , , , , , 
14.4979615, 0.0663005, , , , , , , 14.4979615, -0.0229953, , , , , , , 14.4979615, 0.079057, , , , , , , 14.4979615, -0.012253, , , , , , , , , , , , , , , , , , , , , , , , , , , , 
14.4984808, 0.0558938, , , , , , , 14.4984808, -0.0102388, , , , , , , 14.4984808, 0.0773785, , , , , , , 14.4984808, -0.0099031, , , , , , , , , , , , , , , , , , , , , , , , , , , , 
14.499, 0.0431373, , , , , , , 14.499, 0.005539, , , , , , , 14.499, 0.0746929, , , , , , , 14.499, -0.0095674, , , , , , , , , , , , , , , , , , , , , , , , , , , , 
14.4995192, 0.0337377, , , , , , , 14.4995192, 0.0135958, , , , , , , 14.4995192, 0.0696574, , , , , , , 14.4995192, -0.0099031, , , , , , , , , , , , , , , , , , , , , , , , , , , , 
14.5000385, 0.0246738, , , , , , , 14.5000385, 0.008896, , , , , , , 14.5000385, 0.0642863, , , , , , , 14.5000385, -0.0109102, , , , , , , , , , , , , , , , , , , , , , , , , , , , 
14.5005577, 0.0152743, , , , , , , 14.5005577, -0.0001678, , , , , , , 14.5005577, 0.0587472, , , , , , , 14.5005577, -0.0099031, , , , , , , , , , , , , , , , , , , , , , , , , , , , 
14.5010769, 0.0058747, , , , , , , 14.5010769, 0.0031891, , , , , , , 14.5010769, 0.0548867, , , , , , , 14.5010769, -0.0065461, , , , , , , , , , , , , , , , , , , , , , , , , , , , 
14.5015962, -0.0035248, , , , , , , 14.5015962, 0.0119173, , , , , , , 14.5015962, 0.0522011, , , , , , , 14.5015962, -0.0016785, , , , , , , , , , , , , , , , , , , , , , , , , , , , 
14.5021154, -0.0119173, , , , , , , 14.5021154, 0.0085603, , , , , , , 14.5021154, 0.0438087, , , , , , , 14.5021154, 0.0023499, , , , , , , , , , , , , , , , , , , , , , , , , , , , 
14.5026346, -0.023331, , , , , , , 14.5026346, -0.0058747, , , , , , , 14.5026346, 0.0344091, , , , , , , 14.5026346, 0.0058747, , , , , , , , , , , , , , , , , , , , , , , , , , , , 
14.5031538, -0.0337377, , , , , , , 14.5031538, -0.014435, , , , , , , 14.5031538, 0.0293736, , , , , , , 14.5031538, 0.0085603, , , , , , , , , , , , , , , , , , , , , , , , , , , , 
14.5036731, -0.0404517, , , , , , , 14.5036731, -0.0068818, , , , , , , 14.5036731, 0.0293736, , , , , , , 14.5036731, 0.0097353, , , , , , , , , , , , , , , , , , , , , , , , , , , , 
14.5041923, -0.0417945, , , , , , , 14.5041923, 0.0164492, , , , , , , 14.5041923, 0.0330663, , , , , , , 14.5041923, 0.0109102, , , , , , , , , , , , , , , , , , , , , , , , , , , , 
14.5047115, -0.0320592, , , , , , , 14.5047115, 0.030045, , , , , , , 14.5047115, 0.0372625, , , , , , , 14.5047115, 0.0095674, , , , , , , , , , , , , , , , , , , , , , , , , , , , 
14.5052308, -0.01561, , , , , , , 14.5052308, 0.0169528, , , , , , , 14.5052308, 0.0424659, , , , , , , 14.5052308, 0.0041962, , , , , , , , , , , , , , , , , , , , , , , , , , , , 
14.50575, -0.0043641, , , , , , , 14.50575, -0.0043641, , , , , , , 14.50575, 0.0501869, , , , , , , 14.50575, -0.0001678, , , , , , , , , , , , , , , , , , , , , , , , , , , , 
14.5062692, 0.0038605, , , , , , , 14.5062692, -0.0115816, , , , , , , 14.5062692, 0.061265, , , , , , , 14.5062692, 0.0001678, , , , , , , , , , , , , , , , , , , , , , , , , , , , 
14.5067885, 0.0137636, , , , , , , 14.5067885, -0.0073854, , , , , , , 14.5067885, 0.0693217, , , , , , , 14.5067885, 0.002182, , , , , , , , , , , , , , , , , , , , , , , , , , , , 
14.5073077, 0.0206455, , , , , , , 14.5073077, -0.0015106, , , , , , , 14.5073077, 0.0703288, , , , , , , 14.5073077, 0.0048676, , , , , , , , , , , , , , , , , , , , , , , , , , , , 
14.5078269, 0.0256809, , , , , , , 14.5078269, 0.0070497, , , , , , , 14.5078269, 0.0605936, , , , , , , 14.5078269, 0.0057069, , , , , , , , , , , , , , , , , , , , , , , , , , , , 
14.5083462, 0.0263523, , , , , , , 14.5083462, 0.0105745, , , , , , , 14.5083462, 0.0424659, , , , , , , 14.5083462, 0.0072175, , , , , , , , , , , , , , , , , , , , , , , , , , , , 
14.5088654, 0.0248417, , , , , , , 14.5088654, 0.0068818, , , , , , , 14.5088654, 0.0184634, , , , , , , 14.5088654, 0.0085603, , , , , , , , , , , , , , , , , , , , , , , , , , , , 
14.5093846, 0.0293736, , , , , , , 14.5093846, 0.0085603, , , , , , , 14.5093846, -0.0068818, , , , , , , 14.5093846, 0.0095674, , , , , , , , , , , , , , , , , , , , , , , , , , , , 
14.5099038, 0.0350805, , , , , , , 14.5099038, 0.0099031, , , , , , , 14.5099038, -0.0379339, , , , , , , 14.5099038, 0.0087282, , , , , , , , , , , , , , , , , , , , , , , , , , , , 
14.5104231, 0.0347448, , , , , , , 14.5104231, -0.0018463, , , , , , , 14.5104231, -0.0785534, , , , , , , 14.5104231, 0.0082246, , , , , , , , , , , , , , , , , , , , , , , , , , , , 
14.5109423, 0.0308843, , , , , , , 14.5109423, -0.0186313, , , , , , , 14.5109423, -0.1139696, , , , , , , 14.5109423, 0.0109102, , , , , , , , , , , , , , , , , , , , , , , , , , , , 
14.5114615, 0.0271916, , , , , , , 14.5114615, -0.0280308, , , , , , , 14.5114615, -0.1401541, , , , , , , 14.5114615, 0.0164492, , , , , , , , , , , , , , , , , , , , , , , , , , , , 
14.5119808, 0.0246738, , , , , , , 14.5119808, -0.0273594, , , , , , , 14.5119808, -0.1594568, , , , , , , 14.5119808, 0.0226596, , , , , , , , , , , , , , , , , , , , , , , , , , , , 
14.5125, 0.018967, , , , , , , 14.5125, -0.0135958, , , , , , , 14.5125, -0.1693599, , , , , , , 14.5125, 0.030045, , , , , , , , , , , , , , , , , , , , , , , , , , , , 
14.5130192, 0.008896, , , , , , , 14.5130192, 0.0068818, , , , , , , 14.5130192, -0.1690242, , , , , , , 14.5130192, 0.036759, , , , , , , , , , , , , , , , , , , , , , , , , , , , 
14.5135385, 0.0035248, , , , , , , 14.5135385, 0.0213169, , , , , , , 14.5135385, -0.1673457, , , , , , , 14.5135385, 0.0407874, , , , , , , , , , , , , , , , , , , , , , , , , , , , 
14.5140577, 0.0038605, , , , , , , 14.5140577, 0.0253452, , , , , , , 14.5140577, -0.1717098, , , , , , , 14.5140577, 0.040116, , , , , , , , , , , , , , , , , , , , , , , , , , , , 
14.5145769, 0.0117494, , , , , , , 14.5145769, 0.0196384, , , , , , , 14.5145769, -0.1673457, , , , , , , 14.5145769, 0.0330663, , , , , , , , , , , , , , , , , , , , , , , , , , , , 
14.5150962, 0.0246738, , , , , , , 14.5150962, 0.0083925, , , , , , , 14.5150962, -0.1374685, , , , , , , 14.5150962, 0.0276951, , , , , , , , , , , , , , , , , , , , , , , , , , , , 
14.5156154, 0.0374304, , , , , , , 14.5156154, 0.0092317, , , , , , , 14.5156154, -0.0991989, , , , , , , 14.5156154, 0.023331, , , , , , , , , , , , , , , , , , , , , , , , , , , , 
14.5161346, 0.0495155, , , , , , , 14.5161346, 0.0317235, , , , , , , 14.5161346, -0.0666361, , , , , , , 14.5161346, 0.0154421, , , , , , , , , , , , , , , , , , , , , , , , , , , , 
14.5166538, 0.0565652, , , , , , , 14.5166538, 0.0495155, , , , , , , 14.5166538, -0.0323949, , , , , , , 14.5166538, 0.0077211, , , , , , , , , , , , , , , , , , , , , , , , , , , , 
14.5171731, 0.057908, , , , , , , 14.5171731, 0.0421302, , , , , , , 14.5171731, 0.0025177, , , , , , , 14.5171731, 0.0025177, , , , , , , , , , , , , , , , , , , , , , , , , , , , 
14.5176923, 0.0582437, , , , , , , 14.5176923, 0.0236667, , , , , , , 14.5176923, 0.0246738, , , , , , , 14.5176923, 0.002182, , , , , , , , , , , , , , , , , , , , , , , , , , , , 
14.5182115, 0.0562295, , , , , , , 14.5182115, 0.0038605, , , , , , , 14.5182115, 0.0320592, , , , , , , 14.5182115, 0.0025177, , , , , , , , , , , , , , , , , , , , , , , , , , , , 
14.5187308, 0.0495155, , , , , , , 14.5187308, -0.0236667, , , , , , , 14.5187308, 0.0345769, , , , , , , 14.5187308, 0.0016785, , , , , , , , , , , , , , , , , , , , , , , , , , , , 
14.51925, 0.0394446, , , , , , , 14.51925, -0.064622, , , , , , , 14.51925, 0.0370947, , , , , , , 14.51925, 0.0025177, , , , , , , , , , , , , , , , , , , , , , , , , , , , 
14.5197692, 0.0283665, , , , , , , 14.5197692, -0.1151446, , , , , , , 14.5197692, 0.0370947, , , , , , , 14.5197692, 0.0045319, , , , , , , , , , , , , , , , , , , , , , , , , , , , 
14.5202885, 0.0186313, , , , , , , 14.5202885, -0.1641566, , , , , , , 14.5202885, 0.0354162, , , , , , , 14.5202885, 0.0052033, , , , , , , , , , , , , , , , , , , , , , , , , , , , 
14.5208077, 0.0063783, , , , , , , 14.5208077, -0.1925231, , , , , , , 14.5208077, 0.0327306, , , , , , , 14.5208077, 0.0048676, , , , , , , , , , , , , , , , , , , , , , , , , , , , 
14.5213269, -0.0050355, , , , , , , 14.5213269, -0.1856413, , , , , , , 14.5213269, 0.0318914, , , , , , , 14.5213269, 0.0083925, , , , , , , , , , , , , , , , , , , , , , , , , , , , 
14.5218462, -0.01561, , , , , , , 14.5218462, -0.1485466, , , , , , , 14.5218462, 0.0327306, , , , , , , 14.5218462, 0.0149386, , , , , , , , , , , , , , , , , , , , , , , , , , , , 
14.5223654, -0.0250095, , , , , , , 14.5223654, -0.1000381, , , , , , , 14.5223654, 0.0323949, , , , , , , 14.5223654, 0.0221561, , , , , , , , , , , , , , , , , , , , , , , , , , , , 
14.5228846, -0.0340734, , , , , , , 14.5228846, -0.0572366, , , , , , , 14.5228846, 0.0305486, , , , , , , 14.5228846, 0.0273594, , , , , , , , , , , , , , , , , , , , , , , , , , , , 
14.5234038, -0.0411231, , , , , , , 14.5234038, -0.0270237, , , , , , , 14.5234038, 0.0283665, , , , , , , 14.5234038, 0.0310521, , , , , , , , , , , , , , , , , , , , , , , , , , , , 
14.5239231, -0.0468299, , , , , , , 14.5239231, -0.0125887, , , , , , , 14.5239231, 0.0273594, , , , , , , 14.5239231, 0.0354162, , , , , , , , , , , , , , , , , , , , , , , , , , , , 
14.5244423, -0.0475013, , , , , , , 14.5244423, -0.0082246, , , , , , , 14.5244423, 0.0261845, , , , , , , 14.5244423, 0.0375982, , , , , , , , , , , , , , , , , , , , , , , , , , , , 
14.5249615, -0.0394446, , , , , , , 14.5249615, 0.0001678, , , , , , , 14.5249615, 0.0236667, , , , , , , 14.5249615, 0.0339055, , , , , , , , , , , , , , , , , , , , , , , , , , , , 
14.5254808, -0.0251774, , , , , , , 14.5254808, 0.0125887, , , , , , , 14.5254808, 0.0209812, , , , , , , 14.5254808, 0.0243381, , , , , , , , , , , , , , , , , , , , , , , , , , , , 
14.526, -0.0135958, , , , , , , 14.526, 0.0216526, , , , , , , 14.526, 0.0186313, , , , , , , 14.526, 0.0169528, , , , , , , , , , , , , , , , , , , , , , , , , , , , 
14.5265192, -0.0095674, , , , , , , 14.5265192, 0.0203098, , , , , , , 14.5265192, 0.0146029, , , , , , , 14.5265192, 0.0112459, , , , , , , , , , , , , , , , , , , , , , , , , , , , 
14.5270385, -0.0075532, , , , , , , 14.5270385, 0.0206455, , , , , , , 14.5270385, 0.011078, , , , , , , 14.5270385, 0.0070497, , , , , , , , , , , , , , , , , , , , , , , , , , , , 
14.5275577, -0.0035248, , , , , , , 14.5275577, 0.0340734, , , , , , , 14.5275577, 0.0075532, , , , , , , 14.5275577, 0.0041962, , , , , , , , , , , , , , , , , , , , , , , , , , , , 
14.5280769, 0.0052033, , , , , , , 14.5280769, 0.0466621, , , , , , , 14.5280769, 0.0050355, , , , , , , 14.5280769, 0.0023499, , , , , , , , , , , , , , , , , , , , , , , , , , , , 
14.5285962, 0.0115816, , , , , , , 14.5285962, 0.047837, , , , , , , 14.5285962, 0.0036927, , , , , , , 14.5285962, 0.0025177, , , , , , , , , , , , , , , , , , , , , , , , , , , , 
14.5291154, 0.0152743, , , , , , , 14.5291154, 0.043473, , , , , , , 14.5291154, 0.0031891, , , , , , , 14.5291154, 0.002182, , , , , , , , , , , , , , , , , , , , , , , , , , , , 
14.5296346, 0.0213169, , , , , , , 14.5296346, 0.0325628, , , , , , , 14.5296346, 0.0057069, , , , , , , 14.5296346, 0.0015106, , , , , , , , , , , , , , , , , , , , , , , , , , , , 
14.5301538, 0.0250095, , , , , , , 14.5301538, 0.0186313, , , , , , , 14.5301538, 0.0172885, , , , , , , 14.5301538, 0.0025177, , , , , , , , , , , , , , , , , , , , , , , , , , , , 
14.5306731, 0.0248417, , , , , , , 14.5306731, 0.017792, , , , , , , 14.5306731, 0.0313878, , , , , , , 14.5306731, 0.0057069, , , , , , , , , , , , , , , , , , , , , , , , , , , , 
14.5311923, 0.023331, , , , , , , 14.5311923, 0.0354162, , , , , , , 14.5311923, 0.0404517, , , , , , , 14.5311923, 0.0063783, , , , , , , , , , , , , , , , , , , , , , , , , , , , 
14.5317115, 0.0229953, , , , , , , 14.5317115, 0.0532082, , , , , , , 14.5317115, 0.0475013, , , , , , , 14.5317115, 0.0035248, , , , , , , , , , , , , , , , , , , , , , , , , , , , 
14.5322308, 0.026688, , , , , , , 14.5322308, 0.0527047, , , , , , , 14.5322308, 0.0558938, , , , , , , 14.5322308, -0.0003357, , , , , , , , , , , , , , , , , , , , , , , , , , , , 
14.53275, 0.0285344, , , , , , , 14.53275, 0.033402, , , , , , , 14.53275, 0.0629435, , , , , , , 14.53275, -0.0016785, , , , , , , , , , , , , , , , , , , , , , , , , , , , 
14.5332692, 0.0297093, , , , , , , 14.5332692, 0.0112459, , , , , , , 14.5332692, 0.0673075, , , , , , , 14.5332692, -0.0005035, , , , , , , , , , , , , , , , , , , , , , , , , , , , 
14.5337885, 0.0347448, , , , , , , 14.5337885, 0.0025177, , , , , , , 14.5337885, 0.068986, , , , , , , 14.5337885, 0.0015106, , , , , , , , , , , , , , , , , , , , , , , , , , , , 
14.5343077, 0.0360876, , , , , , , 14.5343077, 0.0052033, , , , , , , 14.5343077, 0.0616007, , , , , , , 14.5343077, -0.0001678, , , , , , , , , , , , , , , , , , , , , , , , , , , , 
14.5348269, 0.0414588, , , , , , , 14.5348269, 0.0018463, , , , , , , 14.5348269, 0.0473335, , , , , , , 14.5348269, -0.0045319, , , , , , , , , , , , , , , , , , , , , , , , , , , , 
14.5353462, 0.0555581, , , , , , , 14.5353462, -0.0005035, , , , , , , 14.5353462, 0.0340734, , , , , , , 14.5353462, -0.0083925, , , , , , , , , , , , , , , , , , , , , , , , , , , , 
14.5358654, 0.0696574, , , , , , , 14.5358654, 0.0078889, , , , , , , 14.5358654, 0.0287022, , , , , , , 14.5358654, -0.0117494, , , , , , , , , , , , , , , , , , , , , , , , , , , , 
14.5363846, 0.0782177, , , , , , , 14.5363846, 0.0204776, , , , , , , 14.5363846, 0.0263523, , , , , , , 14.5363846, -0.0142672, , , , , , , , , , , , , , , , , , , , , , , , , , , , 
14.5369038, 0.0817426, , , , , , , 14.5369038, 0.023331, , , , , , , 14.5369038, 0.0206455, , , , , , , 14.5369038, -0.0146029, , , , , , , , , , , , , , , , , , , , , , , , , , , , 
14.5374231, 0.0837568, , , , , , , 14.5374231, 0.0082246, , , , , , , 14.5374231, 0.0078889, , , , , , , 14.5374231, -0.0142672, , , , , , , , , , , , , , , , , , , , , , , , , , , , 
14.5379423, 0.0837568, , , , , , , 14.5379423, -0.0127565, , , , , , , 14.5379423, -0.01561, , , , , , , 14.5379423, -0.014435, , , , , , , , , , , , , , , , , , , , , , , , , , , , 
14.5384615, 0.0770428, , , , , , , 14.5384615, -0.027863, , , , , , , 14.5384615, -0.0540475, , , , , , , 14.5384615, -0.0125887, , , , , , , , , , , , , , , , , , , , , , , , , , , , 
14.5389808, 0.0639506, , , , , , , 14.5389808, -0.0409552, , , , , , , 14.5389808, -0.1013809, , , , , , , 14.5389808, -0.0078889, , , , , , , , , , , , , , , , , , , , , , , , , , , , 
14.5395, 0.0495155, , , , , , , 14.5395, -0.047837, , , , , , , 14.5395, -0.1393149, , , , , , , 14.5395, -0.0043641, , , , , , , , , , , , , , , , , , , , , , , , , , , , 
14.5400192, 0.033402, , , , , , , 14.5400192, -0.0404517, , , , , , , 14.5400192, -0.1626459, , , , , , , 14.5400192, 0.0005035, , , , , , , , , , , , , , , , , , , , , , , , , , , , 
14.5405385, 0.017792, , , , , , , 14.5405385, -0.0270237, , , , , , , 14.5405385, -0.1777523, , , , , , , 14.5405385, 0.0078889, , , , , , , , , , , , , , , , , , , , , , , , , , , , 
14.5410577, 0.0028534, , , , , , , 14.5410577, -0.018967, , , , , , , 14.5410577, -0.1901732, , , , , , , 14.5410577, 0.0193027, , , , , , , , , , , , , , , , , , , , , , , , , , , , 
14.5415769, -0.0159457, , , , , , , 14.5415769, -0.0203098, , , , , , , 14.5415769, -0.1921874, , , , , , , 14.5415769, 0.0347448, , , , , , , , , , , , , , , , , , , , , , , , , , , , 
14.5420962, -0.0391089, , , , , , , 14.5420962, -0.0323949, , , , , , , 14.5420962, -0.1693599, , , , , , , 14.5420962, 0.0515297, , , , , , , , , , , , , , , , , , , , , , , , , , , , 
14.5426154, -0.0542153, , , , , , , 14.5426154, -0.047837, , , , , , , 14.5426154, -0.1257191, , , , , , , 14.5426154, 0.0616007, , , , , , , , , , , , , , , , , , , , , , , , , , , , 
14.5431346, -0.0610971, , , , , , , 14.5431346, -0.0557259, , , , , , , 14.5431346, -0.073518, , , , , , , 14.5431346, 0.0602579, , , , , , , , , , , , , , , , , , , , , , , , , , , , 
14.5436538, -0.0688182, , , , , , , 14.5436538, -0.0609293, , , , , , , 14.5436538, -0.0273594, , , , , , , 14.5436538, 0.0542153, , , , , , , , , , , , , , , , , , , , , , , , , , , , 
14.5441731, -0.0753643, , , , , , , 14.5441731, -0.0632792, , , , , , , 14.5441731, 0.0045319, , , , , , , 14.5441731, 0.0501869, , , , , , , , , , , , , , , , , , , , , , , , , , , , 
14.5446923, -0.0699931, , , , , , , 14.5446923, -0.0547189, , , , , , , 14.5446923, 0.0238346, , , , , , , 14.5446923, 0.0481727, , , , , , , , , , , , , , , , , , , , , , , , , , , , 
14.5452115, -0.057908, , , , , , , 14.5452115, -0.0384375, , , , , , , 14.5452115, 0.0327306, , , , , , , 14.5452115, 0.049012, , , , , , , , , , , , , , , , , , , , , , , , , , , , 
14.5457308, -0.0438087, , , , , , , 14.5457308, -0.0276951, , , , , , , 14.5457308, 0.0387732, , , , , , , 14.5457308, 0.0518654, , , , , , , , , , , , , , , , , , , , , , , , , , , , 
14.54625, -0.0354162, , , , , , , 14.54625, -0.0199741, , , , , , , 14.54625, 0.0428016, , , , , , , 14.54625, 0.0501869, , , , , , , , , , , , , , , , , , , , , , , , , , , , 
14.5467692, -0.0305486, , , , , , , 14.5467692, -0.0102388, , , , , , , 14.5467692, 0.0436408, , , , , , , 14.5467692, 0.0428016, , , , , , , , , , , , , , , , , , , , , , , , , , , , 
14.5472885, -0.0256809, , , , , , , 14.5472885, -0.0003357, , , , , , , 14.5472885, 0.0411231, , , , , , , 14.5472885, 0.033402, , , , , , , , , , , , , , , , , , , , , , , , , , , , 
14.5478077, -0.0251774, , , , , , , 14.5478077, 0.0063783, , , , , , , 14.5478077, 0.0357519, , , , , , , 14.5478077, 0.026688, , , , , , , , , , , , , , , , , , , , , , , , , , , , 
14.5483269, -0.0196384, , , , , , , 14.5483269, 0.0119173, , , , , , , 14.5483269, 0.0320592, , , , , , , 14.5483269, 0.0240024, , , , , , , , , , , , , , , , , , , , , , , , , , , , 
14.5488462, -0.0117494, , , , , , , 14.5488462, 0.0172885, , , , , , , 14.5488462, 0.0315557, , , , , , , 14.5488462, 0.0206455, , , , , , , , , , , , , , , , , , , , , , , , , , , , 
14.5493654, -0.0041962, , , , , , , 14.5493654, 0.0253452, , , , , , , 14.5493654, 0.0394446, , , , , , , 14.5493654, 0.0139315, , , , , , , , , , , , , , , , , , , , , , , , , , , , 
14.5498846, 0.0041962, , , , , , , 14.5498846, 0.0340734, , , , , , , 14.5498846, 0.0527047, , , , , , , 14.5498846, 0.0085603, , , , , , , , , , , , , , , , , , , , , , , , , , , , 
14.5504038, 0.0125887, , , , , , , 14.5504038, 0.036759, , , , , , , 14.5504038, 0.0641184, , , , , , , 14.5504038, 0.002182, , , , , , , , , , , , , , , , , , , , , , , , , , , , 
14.5509231, 0.0162814, , , , , , , 14.5509231, 0.0313878, , , , , , , 14.5509231, 0.0746929, , , , , , , 14.5509231, -0.0057069, , , , , , , , , , , , , , , , , , , , , , , , , , , , 
14.5514423, 0.0132601, , , , , , , 14.5514423, 0.0246738, , , , , , , 14.5514423, 0.0871138, , , , , , , 14.5514423, -0.0119173, , , , , , , , , , , , , , , , , , , , , , , , , , , , 
14.5519615, 0.014435, , , , , , , 14.5519615, 0.0184634, , , , , , , 14.5519615, 0.0985275, , , , , , , 14.5519615, -0.0139315, , , , , , , , , , , , , , , , , , , , , , , , , , , , 
14.5524808, 0.0206455, , , , , , , 14.5524808, 0.0099031, , , , , , , 14.5524808, 0.1092699, , , , , , , 14.5524808, -0.0125887, , , , , , , , , , , , , , , , , , , , , , , , , , , , 
14.553, 0.0256809, , , , , , , 14.553, 0.0015106, , , , , , , 14.553, 0.1186694, , , , , , , 14.553, -0.0125887, , , , , , , , , , , , , , , , , , , , , , , , , , , , 
14.5535192, 0.026688, , , , , , , 14.5535192, -0.005539, , , , , , , 14.5535192, 0.1205158, , , , , , , 14.5535192, -0.0109102, , , , , , , , , , , , , , , , , , , , , , , , , , , , 
14.5540385, 0.0293736, , , , , , , 14.5540385, -0.0082246, , , , , , , 14.5540385, 0.1126268, , , , , , , 14.5540385, -0.008896, , , , , , , , , , , , , , , , , , , , , , , , , , , , 
14.5545577, 0.0397803, , , , , , , 14.5545577, -0.0068818, , , , , , , 14.5545577, 0.0904707, , , , , , , 14.5545577, -0.0112459, , , , , , , , , , , , , , , , , , , , , , , , , , , , 
14.5550769, 0.0589151, , , , , , , 14.5550769, -0.0068818, , , , , , , 14.5550769, 0.0518654, , , , , , , 14.5550769, -0.0169528, , , , , , , , , , , , , , , , , , , , , , , , , , , , 
14.5555962, 0.0763714, , , , , , , 14.5555962, -0.0087282, , , , , , , 14.5555962, -0.0008392, , , , , , , 14.5555962, -0.0199741, , , , , , , , , , , , , , , , , , , , , , , , , , , , 
14.5561154, 0.0837568, , , , , , , 14.5561154, -0.002182, , , , , , , 14.5561154, -0.0558938, , , , , , , 14.5561154, -0.0166171, , , , , , , , , , , , , , , , , , , , , , , , , , , , 
14.5566346, 0.0840925, , , , , , , 14.5566346, 0.0193027, , , , , , , 14.5566346, -0.1008774, , , , , , , 14.5566346, -0.0085603, , , , , , , , , , , , , , , , , , , , , , , , , , , , 
14.5571538, 0.082414, , , , , , , 14.5571538, 0.040116, , , , , , , 14.5571538, -0.131426, , , , , , , 14.5571538, -0.0011749, , , , , , , , , , , , , , , , , , , , , , , , , , , , 
14.5576731, 0.0782177, , , , , , , 14.5576731, 0.0475013, , , , , , , 14.5576731, -0.1500572, , , , , , , 14.5576731, 0.0045319, , , , , , , , , , , , , , , , , , , , , , , , , , , , 
14.5581923, 0.0720073, , , , , , , 14.5581923, 0.0449836, , , , , , , 14.5581923, -0.1660029, , , , , , , 14.5581923, 0.0085603, , , , , , , , , , , , , , , , , , , , , , , , , , , , 
14.5587115, 0.0629435, , , , , , , 14.5587115, 0.0325628, , , , , , , 14.5587115, -0.1822843, , , , , , , 14.5587115, 0.0102388, , , , , , , , , , , , , , , , , , , , , , , , , , , , 
14.5592308, 0.0527047, , , , , , , 14.5592308, 0.0050355, , , , , , , 14.5592308, -0.1928588, , , , , , , 14.5592308, 0.0125887, , , , , , , , , , , , , , , , , , , , , , , , , , , , 
14.55975, 0.0428016, , , , , , , 14.55975, -0.0298772, , , , , , , 14.55975, -0.1905089, , , , , , , 14.55975, 0.0151064, , , , , , , , , , , , , , , , , , , , , , , , , , , , 
14.5602692, 0.0332341, , , , , , , 14.5602692, -0.0575723, , , , , , , 14.5602692, -0.1790951, , , , , , , 14.5602692, 0.0186313, , , , , , , , , , , , , , , , , , , , , , , , , , , , 
14.5607885, 0.0246738, , , , , , , 14.5607885, -0.0782177, , , , , , , 14.5607885, -0.1566033, , , , , , , 14.5607885, 0.0231632, , , , , , , , , , , , , , , , , , , , , , , , , , , , 
14.5613077, 0.0105745, , , , , , , 14.5613077, -0.0911421, , , , , , , 14.5613077, -0.1196765, , , , , , , 14.5613077, 0.0293736, , , , , , , , , , , , , , , , , , , , , , , , , , , , 
14.5618269, -0.0058747, , , , , , , 14.5618269, -0.0854353, , , , , , , 14.5618269, -0.0767071, , , , , , , 14.5618269, 0.0360876, , , , , , , , , , , , , , , , , , , , , , , , , , , , 
14.5623462, -0.0216526, , , , , , , 14.5623462, -0.0574044, , , , , , , 14.5623462, -0.0406195, , , , , , , 14.5623462, 0.0397803, , , , , , , , , , , , , , , , , , , , , , , , , , , , 
14.5628654, -0.0344091, , , , , , , 14.5628654, -0.0196384, , , , , , , 14.5628654, -0.0157778, , , , , , , 14.5628654, 0.0384375, , , , , , , , , , , , , , , , , , , , , , , , , , , , 
14.5633846, -0.0417945, , , , , , , 14.5633846, 0.0112459, , , , , , , 14.5633846, 0.0025177, , , , , , , 14.5633846, 0.0337377, , , , , , , , , , , , , , , , , , , , , , , , , , , , 
14.5639038, -0.04448, , , , , , , 14.5639038, 0.0273594, , , , , , , 14.5639038, 0.0140993, , , , , , , 14.5639038, 0.0293736, , , , , , , , , , , , , , , , , , , , , , , , , , , , 
14.5644231, -0.0431373, , , , , , , 14.5644231, 0.0280308, , , , , , , 14.5644231, 0.0193027, , , , , , , 14.5644231, 0.027863, , , , , , , , , , , , , , , , , , , , , , , , , , , , 
14.5649423, -0.0377661, , , , , , , 14.5649423, 0.0206455, , , , , , , 14.5649423, 0.023331, , , , , , , 14.5649423, 0.0263523, , , , , , , , , , , , , , , , , , , , , , , , , , , , 
14.5654615, -0.0317235, , , , , , , 14.5654615, 0.0129244, , , , , , , 14.5654615, 0.0280308, , , , , , , 14.5654615, 0.0216526, , , , , , , , , , , , , , , , , , , , , , , , , , , , 
14.5659808, -0.030045, , , , , , , 14.5659808, 0.0036927, , , , , , , 14.5659808, 0.0310521, , , , , , , 14.5659808, 0.0186313, , , , , , , , , , , , , , , , , , , , , , , , , , , , 
14.5665, -0.0290379, , , , , , , 14.5665, -0.0090639, , , , , , , 14.5665, 0.0318914, , , , , , , 14.5665, 0.0199741, , , , , , , , , , , , , , , , , , , , , , , , , , , , 
14.5670192, -0.0243381, , , , , , , 14.5670192, -0.0176242, , , , , , , 14.5670192, 0.027863, , , , , , , 14.5670192, 0.0196384, , , , , , , , , , , , , , , , , , , , , , , , , , , , 
14.5675385, -0.0149386, , , , , , , 14.5675385, -0.011078, , , , , , , 14.5675385, 0.0229953, , , , , , , 14.5675385, 0.0169528, , , , , , , , , , , , , , , , , , , , , , , , , , , , 
14.5680577, -0.0065461, , , , , , , 14.5680577, 0.0008392, , , , , , , 14.5680577, 0.0209812, , , , , , , 14.5680577, 0.0142672, , , , , , , , , , , , , , , , , , , , , , , , , , , , 
14.5685769, -0.0016785, , , , , , , 14.5685769, 0.0090639, , , , , , , 14.5685769, 0.023331, , , , , , , 14.5685769, 0.0129244, , , , , , , , , , , , , , , , , , , , , , , , , , , , 
14.5690962, 0.0038605, , , , , , , 14.5690962, 0.0159457, , , , , , , 14.5690962, 0.0256809, , , , , , , 14.5690962, 0.0127565, , , , , , , , , , , , , , , , , , , , , , , , , , , , 
14.5696154, 0.0119173, , , , , , , 14.5696154, 0.0151064, , , , , , , 14.5696154, 0.0240024, , , , , , , 14.5696154, 0.0109102, , , , , , , , , , , , , , , , , , , , , , , , , , , , 
14.5701346, 0.0166171, , , , , , , 14.5701346, 0.0112459, , , , , , , 14.5701346, 0.0218204, , , , , , , 14.5701346, 0.011078, , , , , , , , , , , , , , , , , , , , , , , , , , , , 
14.5706538, 0.0236667, , , , , , , 14.5706538, 0.0223239, , , , , , , 14.5706538, 0.0240024, , , , , , , 14.5706538, 0.0107424, , , , , , , , , , , , , , , , , , , , , , , , , , , , 
14.5711731, 0.0290379, , , , , , , 14.5711731, 0.0428016, , , , , , , 14.5711731, 0.0280308, , , , , , , 14.5711731, 0.0078889, , , , , , , , , , , , , , , , , , , , , , , , , , , , 
14.5716923, 0.0293736, , , , , , , 14.5716923, 0.0558938, , , , , , , 14.5716923, 0.0320592, , , , , , , 14.5716923, 0.0038605, , , , , , , , , , , , , , , , , , , , , , , , , , , , 
14.5722115, 0.030045, , , , , , , 14.5722115, 0.0654612, , , , , , , 14.5722115, 0.038941, , , , , , , 14.5722115, 0.0031891, , , , , , , , , , , , , , , , , , , , , , , , , , , , 
14.5727308, 0.0313878, , , , , , , 14.5727308, 0.0746929, , , , , , , 14.5727308, 0.0421302, , , , , , , 14.5727308, 0.0063783, , , , , , , , , , , , , , , , , , , , , , , , , , , , 
14.57325, 0.0307164, , , , , , , 14.57325, 0.0757, , , , , , , 14.57325, 0.0409552, , , , , , , 14.57325, 0.0077211, , , , , , , , , , , , , , , , , , , , , , , , , , , , 
14.5737692, 0.030045, , , , , , , 14.5737692, 0.0582437, , , , , , , 14.5737692, 0.0397803, , , , , , , 14.5737692, 0.0078889, , , , , , , , , , , , , , , , , , , , , , , , , , , , 
14.5742885, 0.0344091, , , , , , , 14.5742885, 0.0297093, , , , , , , 14.5742885, 0.0370947, , , , , , , 14.5742885, 0.0062104, , , , , , , , , , , , , , , , , , , , , , , , , , , , 
14.5748077, 0.0441444, , , , , , , 14.5748077, -0.0028534, , , , , , , 14.5748077, 0.0330663, , , , , , , 14.5748077, 0.0005035, , , , , , , , , , , , , , , , , , , , , , , , , , , , 
14.5753269, 0.0555581, , , , , , , 14.5753269, -0.0471656, , , , , , , 14.5753269, 0.0310521, , , , , , , 14.5753269, -0.005539, , , , , , , , , , , , , , , , , , , , , , , , , , , , 
14.5758462, 0.0629435, , , , , , , 14.5758462, -0.0929885, , , , , , , 14.5758462, 0.0327306, , , , , , , 14.5758462, -0.0068818, , , , , , , , , , , , , , , , , , , , , , , , , , , , 
14.5763654, 0.0703288, , , , , , , 14.5763654, -0.1332723, , , , , , , 14.5763654, 0.0290379, , , , , , , 14.5763654, -0.0050355, , , , , , , , , , , , , , , , , , , , , , , , , , , , 
14.5768846, 0.0810712, , , , , , , 14.5768846, -0.1609674, , , , , , , 14.5768846, 0.0159457, , , , , , , 14.5768846, -0.0048676, , , , , , , , , , , , , , , , , , , , , , , , , , , , 
14.5774038, 0.0862745, , , , , , , 14.5774038, -0.1613031, , , , , , , 14.5774038, 0.0031891, , , , , , , 14.5774038, -0.0036927, , , , , , , , , , , , , , , , , , , , , , , , , , , , 
14.5779231, 0.0837568, , , , , , , 14.5779231, -0.142504, , , , , , , 14.5779231, 0.0003357, , , , , , , 14.5779231, 0.0011749, , , , , , , , , , , , , , , , , , , , , , , , , , , , 
14.5784423, 0.0736858, , , , , , , 14.5784423, -0.1263905, , , , , , , 14.5784423, -0.0015106, , , , , , , 14.5784423, 0.0099031, , , , , , , , , , , , , , , , , , , , , , , , , , , , 
14.5789615, 0.0595865, , , , , , , 14.5789615, -0.1159838, , , , , , , 14.5789615, -0.0135958, , , , , , , 14.5789615, 0.0179599, , , , , , , , , , , , , , , , , , , , , , , , , , , , 
14.5794808, 0.0468299, , , , , , , 14.5794808, -0.0991989, , , , , , , 14.5794808, -0.0256809, , , , , , , 14.5794808, 0.0218204, , , , , , , , , , , , , , , , , , , , , , , , , , , , 
14.58, 0.0360876, , , , , , , 14.58, -0.0773785, , , , , , , 14.58, -0.0263523, , , , , , , 14.58, 0.0243381, , , , , , , , , , , , , , , , , , , , , , , , , , , , 
14.5805192, 0.0251774, , , , , , , 14.5805192, -0.0609293, , , , , , , 14.5805192, -0.0218204, , , , , , , 14.5805192, 0.027863, , , , , , , , , , , , , , , , , , , , , , , , , , , , 
14.5810385, 0.0107424, , , , , , , 14.5810385, -0.0560616, , , , , , , 14.5810385, -0.0223239, , , , , , , 14.5810385, 0.0344091, , , , , , , , , , , , , , , , , , , , , , , , , , , , 
14.5815577, -0.0075532, , , , , , , 14.5815577, -0.0558938, , , , , , , 14.5815577, -0.0350805, , , , , , , 14.5815577, 0.0381018, , , , , , , , , , , , , , , , , , , , , , , , , , , , 
14.5820769, -0.0236667, , , , , , , 14.5820769, -0.0448157, , , , , , , 14.5820769, -0.0543832, , , , , , , 14.5820769, 0.0357519, , , , , , , , , , , , , , , , , , , , , , , , , , , , 
14.5825962, -0.033402, , , , , , , 14.5825962, -0.0246738, , , , , , , 14.5825962, -0.066804, , , , , , , 14.5825962, 0.0350805, , , , , , , , , , , , , , , , , , , , , , , , , , , , 
14.5831154, -0.0399481, , , , , , , 14.5831154, -0.0048676, , , , , , , 14.5831154, -0.0651255, , , , , , , 14.5831154, 0.0384375, , , , , , , , , , , , , , , , , , , , , , , , , , , , 
14.5836346, -0.0453193, , , , , , , 14.5836346, 0.0132601, , , , , , , 14.5836346, -0.0518654, , , , , , , 14.5836346, 0.0381018, , , , , , , , , , , , , , , , , , , , , , , , , , , , 
14.5841538, -0.0464942, , , , , , , 14.5841538, 0.0307164, , , , , , , 14.5841538, -0.0369268, , , , , , , 14.5841538, 0.0347448, , , , , , , , , , , , , , , , , , , , , , , , , , , , 
14.5846731, -0.0439765, , , , , , , 14.5846731, 0.0461585, , , , , , , 14.5846731, -0.0313878, , , , , , , 14.5846731, 0.0280308, , , , , , , , , , , , , , , , , , , , , , , , , , , , 
14.5851923, -0.0381018, , , , , , , 14.5851923, 0.0498512, , , , , , , 14.5851923, -0.0344091, , , , , , , 14.5851923, 0.0216526, , , , , , , , , , , , , , , , , , , , , , , , , , , , 
14.5857115, -0.0280308, , , , , , , 14.5857115, 0.0407874, , , , , , , 14.5857115, -0.0360876, , , , , , , 14.5857115, 0.0152743, , , , , , , , , , , , , , , , , , , , , , , , , , , , 
14.5862308, -0.01561, , , , , , , 14.5862308, 0.0317235, , , , , , , 14.5862308, -0.0325628, , , , , , , 14.5862308, 0.0112459, , , , , , , , , , , , , , , , , , , , , , , , , , , , 
14.58675, -0.0058747, , , , , , , 14.58675, 0.0265202, , , , , , , 14.58675, -0.0243381, , , , , , , 14.58675, 0.008896, , , , , , , , , , , , , , , , , , , , , , , , , , , , 
14.5872692, -0.002182, , , , , , , 14.5872692, 0.0169528, , , , , , , 14.5872692, -0.0193027, , , , , , , 14.5872692, 0.0060426, , , , , , , , , , , , , , , , , , , , , , , , , , , , 
14.5877885, -0.0005035, , , , , , , 14.5877885, 0.0092317, , , , , , , 14.5877885, -0.0182956, , , , , , , 14.5877885, 0.0031891, , , , , , , , , , , , , , , , , , , , , , , , , , , , 
14.5883077, -0.0015106, , , , , , , 14.5883077, 0.0090639, , , , , , , 14.5883077, -0.01561, , , , , , , 14.5883077, 0.0008392, , , , , , , , , , , , , , , , , , , , , , , , , , , , 
14.5888269, -0.0028534, , , , , , , 14.5888269, 0.0092317, , , , , , , 14.5888269, -0.008896, , , , , , , 14.5888269, -0.0016785, , , , , , , , , , , , , , , , , , , , , , , , , , , , 
14.5893462, -0.0025177, , , , , , , 14.5893462, 0.0065461, , , , , , , 14.5893462, -0.0015106, , , , , , , 14.5893462, -0.0011749, , , , , , , , , , , , , , , , , , , , , , , , , , , , 
14.5898654, 0.0008392, , , , , , , 14.5898654, 0.0119173, , , , , , , 14.5898654, 0.0052033, , , , , , , 14.5898654, 0.0008392, , , , , , , , , , , , , , , , , , , , , , , , , , , , 
14.5903846, 0.0072175, , , , , , , 14.5903846, 0.0303807, , , , , , , 14.5903846, 0.0095674, , , , , , , 14.5903846, 0.0001678, , , , , , , , , , , , , , , , , , , , , , , , , , , , 
14.5909038, 0.0119173, , , , , , , 14.5909038, 0.040116, , , , , , , 14.5909038, 0.0119173, , , , , , , 14.5909038, -0.0001678, , , , , , , , , , , , , , , , , , , , , , , , , , , , 
14.5914231, 0.0099031, , , , , , , 14.5914231, 0.0297093, , , , , , , 14.5914231, 0.0149386, , , , , , , 14.5914231, 0.0015106, , , , , , , , , , , , , , , , , , , , , , , , , , , , 
14.5919423, 0.0065461, , , , , , , 14.5919423, 0.0132601, , , , , , , 14.5919423, 0.0149386, , , , , , , 14.5919423, 0.0031891, , , , , , , , , , , , , , , , , , , , , , , , , , , , 
14.5924615, 0.0068818, , , , , , , 14.5924615, 0.0075532, , , , , , , 14.5924615, 0.01561, , , , , , , 14.5924615, 0.0045319, , , , , , , , , , , , , , , , , , , , , , , , , , , , 
14.5929808, 0.0092317, , , , , , , 14.5929808, 0.0125887, , , , , , , 14.5929808, 0.0213169, , , , , , , 14.5929808, 0.0052033, , , , , , , , , , , , , , , , , , , , , , , , , , , , 
14.5935, 0.0119173, , , , , , , 14.5935, 0.023331, , , , , , , 14.5935, 0.0310521, , , , , , , 14.5935, 0.0062104, , , , , , , , , , , , , , , , , , , , , , , , , , , , 
14.5940192, 0.01561, , , , , , , 14.5940192, 0.0275273, , , , , , , 14.5940192, 0.0392767, , , , , , , 14.5940192, 0.0075532, , , , , , , , , , , , , , , , , , , , , , , , , , , , 
14.5945385, 0.0224918, , , , , , , 14.5945385, 0.0166171, , , , , , , 14.5945385, 0.0421302, , , , , , , 14.5945385, 0.005539, , , , , , , , , , , , , , , , , , , , , , , , , , , , 
14.5950577, 0.0359197, , , , , , , 14.5950577, -0.0015106, , , , , , , 14.5950577, 0.0386053, , , , , , , 14.5950577, 0.0025177, , , , , , , , , , , , , , , , , , , , , , , , , , , , 
14.5955769, 0.0518654, , , , , , , 14.5955769, -0.0166171, , , , , , , 14.5955769, 0.0317235, , , , , , , 14.5955769, 0.0015106, , , , , , , , , , , , , , , , , , , , , , , , , , , , 
14.5960962, 0.0629435, , , , , , , 14.5960962, -0.0176242, , , , , , , 14.5960962, 0.0209812, , , , , , , 14.5960962, 0.0005035, , , , , , , , , , , , , , , , , , , , , , , , , , , , 
14.5966154, 0.0683146, , , , , , , 14.5966154, -0.0006714, , , , , , , 14.5966154, 0.0068818, , , , , , , 14.5966154, -0.0011749, , , , , , , , , , , , , , , , , , , , , , , , , , , , 
14.5971346, 0.0703288, , , , , , , 14.5971346, 0.0219883, , , , , , , 14.5971346, -0.0075532, , , , , , , 14.5971346, -0.0015106, , , , , , , , , , , , , , , , , , , , , , , , , , , , 
14.5976538, 0.0679789, , , , , , , 14.5976538, 0.040116, , , , , , , 14.5976538, -0.0203098, , , , , , , 14.5976538, -0.0011749, , , , , , , , , , , , , , , , , , , , , , , , , , , , 
14.5981731, 0.0636149, , , , , , , 14.5981731, 0.0488441, , , , , , , 14.5981731, -0.0270237, , , , , , , 14.5981731, 0.0038605, , , , , , , , , , , , , , , , , , , , , , , , , , , , 
14.5986923, 0.0548867, , , , , , , 14.5986923, 0.0533761, , , , , , , 14.5986923, -0.0323949, , , , , , , 14.5986923, 0.011078, , , , , , , , , , , , , , , , , , , , , , , , , , , , 
14.5992115, 0.0419623, , , , , , , 14.5992115, 0.0527047, , , , , , , 14.5992115, -0.0369268, , , , , , , 14.5992115, 0.0182956, , , , , , , , , , , , , , , , , , , , , , , , , , , , 
14.5997308, 0.0307164, , , , , , , 14.5997308, 0.0468299, , , , , , , 14.5997308, -0.0382696, , , , , , , 14.5997308, 0.0246738, , , , , , , , , , , , , , , , , , , , , , , , , , , , 
14.60025, 0.0219883, , , , , , , 14.60025, 0.0441444, , , , , , , 14.60025, -0.0370947, , , , , , , 14.60025, 0.0283665, , , , , , , , , , , , , , , , , , , , , , , , , , , , 
14.6007692, 0.0176242, , , , , , , 14.6007692, 0.0466621, , , , , , , 14.6007692, -0.0320592, , , , , , , 14.6007692, 0.0297093, , , , , , , , , , , , , , , , , , , , , , , , , , , , 
14.6012885, 0.011078, , , , , , , 14.6012885, 0.0506905, , , , , , , 14.6012885, -0.0194705, , , , , , , 14.6012885, 0.0295415, , , , , , , , , , , , , , , , , , , , , , , , , , , , 
14.6018077, -0.0035248, , , , , , , 14.6018077, 0.0428016, , , , , , , 14.6018077, -0.0035248, , , , , , , 14.6018077, 0.0313878, , , , , , , , , , , , , , , , , , , , , , , , , , , , 
14.6023269, -0.0179599, , , , , , , 14.6023269, 0.0112459, , , , , , , 14.6023269, 0.0112459, , , , , , , 14.6023269, 0.0360876, , , , , , , , , , , , , , , , , , , , , , , , , , , , 
14.6028462, -0.0283665, , , , , , , 14.6028462, -0.0263523, , , , , , , 14.6028462, 0.0206455, , , , , , , 14.6028462, 0.0377661, , , , , , , , , , , , , , , , , , , , , , , , , , , , 
14.6033654, -0.0397803, , , , , , , 14.6033654, -0.057908, , , , , , , 14.6033654, 0.024506, , , , , , , 14.6033654, 0.033402, , , , , , , , , , , , , , , , , , , , , , , , , , , , 
14.6038846, -0.0532082, , , , , , , 14.6038846, -0.0916457, , , , , , , 14.6038846, 0.0246738, , , , , , , 14.6038846, 0.0275273, , , , , , , , , , , , , , , , , , , , , , , , , , , , 
14.6044038, -0.0552224, , , , , , , 14.6044038, -0.1294118, , , , , , , 14.6044038, 0.0219883, , , , , , , 14.6044038, 0.0226596, , , , , , , , , , , , , , , , , , , , , , , , , , , , 
14.6049231, -0.0417945, , , , , , , 14.6049231, -0.1472038, , , , , , , 14.6049231, 0.0132601, , , , , , , 14.6049231, 0.0169528, , , , , , , , , , , , , , , , , , , , , , , , , , , , 
14.6054423, -0.0250095, , , , , , , 14.6054423, -0.1267262, , , , , , , 14.6054423, 0.0036927, , , , , , , 14.6054423, 0.0117494, , , , , , , , , , , , , , , , , , , , , , , , , , , , 
14.6059615, -0.0129244, , , , , , , 14.6059615, -0.0817426, , , , , , , 14.6059615, -0.0025177, , , , , , , 14.6059615, 0.0063783, , , , , , , , , , , , , , , , , , , , , , , , , , , , 
14.6064808, -0.0028534, , , , , , , 14.6064808, -0.0424659, , , , , , , 14.6064808, -0.0090639, , , , , , , 14.6064808, 0.0020142, , , , , , , , , , , , , , , , , , , , , , , , , , , , 
14.607, 0.0048676, , , , , , , 14.607, -0.0260166, , , , , , , 14.607, -0.0139315, , , , , , , 14.607, -0.0018463, , , , , , , , , , , , , , , , , , , , , , , , , , , , 
14.6075192, 0.0102388, , , , , , , 14.6075192, -0.0253452, , , , , , , 14.6075192, -0.0149386, , , , , , , 14.6075192, -0.0041962, , , , , , , , , , , , , , , , , , , , , , , , , , , , 
14.6080385, 0.0164492, , , , , , , 14.6080385, -0.0292058, , , , , , , 14.6080385, -0.0125887, , , , , , , 14.6080385, -0.0015106, , , , , , , , , , , , , , , , , , , , , , , , , , , , 
14.6085577, 0.0203098, , , , , , , 14.6085577, -0.0310521, , , , , , , 14.6085577, -0.0124208, , , , , , , 14.6085577, 0.0025177, , , , , , , , , , , , , , , , , , , , , , , , , , , , 
14.6090769, 0.0208133, , , , , , , 14.6090769, -0.0330663, , , , , , , 14.6090769, -0.0135958, , , , , , , 14.6090769, 0.0045319, , , , , , , , , , , , , , , , , , , , , , , , , , , , 
14.6095962, 0.0182956, , , , , , , 14.6095962, -0.0344091, , , , , , , 14.6095962, -0.0082246, , , , , , , 14.6095962, 0.0083925, , , , , , , , , , , , , , , , , , , , , , , , , , , , 
14.6101154, 0.0193027, , , , , , , 14.6101154, -0.0317235, , , , , , , 14.6101154, 0.0026856, , , , , , , 14.6101154, 0.0130922, , , , , , , , , , , , , , , , , , , , , , , , , , , , 
14.6106346, 0.0223239, , , , , , , 14.6106346, -0.0307164, , , , , , , 14.6106346, 0.0112459, , , , , , , 14.6106346, 0.0146029, , , , , , , , , , , , , , , , , , , , , , , , , , , , 
14.6111538, 0.0240024, , , , , , , 14.6111538, -0.0350805, , , , , , , 14.6111538, 0.0142672, , , , , , , 14.6111538, 0.0132601, , , , , , , , , , , , , , , , , , , , , , , , , , , , 
14.6116731, 0.0250095, , , , , , , 14.6116731, -0.0397803, , , , , , , 14.6116731, 0.0115816, , , , , , , 14.6116731, 0.008896, , , , , , , , , , , , , , , , , , , , , , , , , , , , 
14.6121923, 0.0256809, , , , , , , 14.6121923, -0.0307164, , , , , , , 14.6121923, 0.0109102, , , , , , , 14.6121923, 0.0072175, , , , , , , , , , , , , , , , , , , , , , , , , , , , 
14.6127115, 0.0223239, , , , , , , 14.6127115, -0.0119173, , , , , , , 14.6127115, 0.0152743, , , , , , , 14.6127115, 0.011078, , , , , , , , , , , , , , , , , , , , , , , , , , , , 
14.6132308, 0.0209812, , , , , , , 14.6132308, -0.0001678, , , , , , , 14.6132308, 0.0213169, , , , , , , 14.6132308, 0.0186313, , , , , , , , , , , , , , , , , , , , , , , , , , , , 
14.61375, 0.0229953, , , , , , , 14.61375, 0.0099031, , , , , , , 14.61375, 0.0250095, , , , , , , 14.61375, 0.0243381, , , , , , , , , , , , , , , , , , , , , , , , , , , , 
14.6142692, 0.0293736, , , , , , , 14.6142692, 0.033402, , , , , , , 14.6142692, 0.0219883, , , , , , , 14.6142692, 0.0253452, , , , , , , , , , , , , , , , , , , , , , , , , , , , 
14.6147885, 0.0411231, , , , , , , 14.6147885, 0.0552224, , , , , , , 14.6147885, 0.0105745, , , , , , , 14.6147885, 0.0182956, , , , , , , , , , , , , , , , , , , , , , , , , , , , 
14.6153077, 0.051194, , , , , , , 14.6153077, 0.0639506, , , , , , , 14.6153077, -0.0092317, , , , , , , 14.6153077, 0.0083925, , , , , , , , , , , , , , , , , , , , , , , , , , , , 
14.6158269, 0.0609293, , , , , , , 14.6158269, 0.068986, , , , , , , 14.6158269, -0.030045, , , , , , , 14.6158269, 0.0018463, , , , , , , , , , , , , , , , , , , , , , , , , , , , 
14.6163462, 0.0696574, , , , , , , 14.6163462, 0.0757, , , , , , , 14.6163462, -0.0466621, , , , , , , 14.6163462, -0.0030213, , , , , , , , , , , , , , , , , , , , , , , , , , , , 
14.6168654, 0.0733501, , , , , , , 14.6168654, 0.0743572, , , , , , , 14.6168654, -0.0592508, , , , , , , 14.6168654, -0.008896, , , , , , , , , , , , , , , , , , , , , , , , , , , , 
14.6173846, 0.0736858, , , , , , , 14.6173846, 0.0548867, , , , , , , 14.6173846, -0.070161, , , , , , , 14.6173846, -0.0139315, , , , , , , , , , , , , , , , , , , , , , , , , , , , 
14.6179038, 0.0750286, , , , , , , 14.6179038, 0.0219883, , , , , , , 14.6179038, -0.0874495, , , , , , , 14.6179038, -0.0169528, , , , , , , , , , , , , , , , , , , , , , , , , , , , 
14.6184231, 0.0696574, , , , , , , 14.6184231, -0.0003357, , , , , , , 14.6184231, -0.1139696, , , , , , , 14.6184231, -0.0142672, , , , , , , , , , , , , , , , , , , , , , , , , , , , 
14.6189423, 0.0532082, , , , , , , 14.6189423, 0.0105745, , , , , , , 14.6189423, -0.13579, , , , , , , 14.6189423, -0.0062104, , , , , , , , , , , , , , , , , , , , , , , , , , , , 
14.6194615, 0.0340734, , , , , , , 14.6194615, 0.0307164, , , , , , , 14.6194615, -0.13579, , , , , , , 14.6194615, 0.0025177, , , , , , , , , , , , , , , , , , , , , , , , , , , , 
14.6199808, 0.0199741, , , , , , , 14.6199808, 0.0213169, , , , , , , 14.6199808, -0.1196765, , , , , , , 14.6199808, 0.0068818, , , , , , , , , , , , , , , , , , , , , , , , , , , , 
14.6205, 0.0023499, , , , , , , 14.6205, -0.0129244, , , , , , , 14.6205, -0.1022202, , , , , , , 14.6205, 0.0085603, , , , , , , , , , , , , , , , , , , , , , , , , , , , 
14.6210192, -0.0164492, , , , , , , 14.6210192, -0.0379339, , , , , , , 14.6210192, -0.0908064, , , , , , , 14.6210192, 0.0139315, , , , , , , , , , , , , , , , , , , , , , , , , , , , 
14.6215385, -0.0270237, , , , , , , 14.6215385, -0.0290379, , , , , , , 14.6215385, -0.0807355, , , , , , , 14.6215385, 0.0223239, , , , , , , , , , , , , , , , , , , , , , , , , , , , 
14.6220577, -0.0365911, , , , , , , 14.6220577, -0.0102388, , , , , , , 14.6220577, -0.0652934, , , , , , , 14.6220577, 0.0297093, , , , , , , , , , , , , , , , , , , , , , , , , , , , 
14.6225769, -0.0451514, , , , , , , 14.6225769, -0.0115816, , , , , , , 14.6225769, -0.0468299, , , , , , , 14.6225769, 0.0354162, , , , , , , , , , , , , , , , , , , , , , , , , , , , 
14.6230962, -0.0535439, , , , , , , 14.6230962, -0.0317235, , , , , , , 14.6230962, -0.0287022, , , , , , , 14.6230962, 0.0381018, , , , , , , , , , , , , , , , , , , , , , , , , , , , 
14.6236154, -0.0622721, , , , , , , 14.6236154, -0.0451514, , , , , , , 14.6236154, -0.012253, , , , , , , 14.6236154, 0.0392767, , , , , , , , , , , , , , , , , , , , , , , , , , , , 
14.6241346, -0.0673075, , , , , , , 14.6241346, -0.0327306, , , , , , , 14.6241346, 0.0025177, , , , , , , 14.6241346, 0.0411231, , , , , , , , , , , , , , , , , , , , , , , , , , , , 
14.6246538, -0.0649577, , , , , , , 14.6246538, -0.008896, , , , , , , 14.6246538, 0.0139315, , , , , , , 14.6246538, 0.0421302, , , , , , , , , , , , , , , , , , , , , , , , , , , , 
14.6251731, -0.0558938, , , , , , , 14.6251731, 0.0082246, , , , , , , 14.6251731, 0.024506, , , , , , , 14.6251731, 0.0364233, , , , , , , , , , , , , , , , , , , , , , , , , , , , 
14.6256923, -0.0421302, , , , , , , 14.6256923, 0.0146029, , , , , , , 14.6256923, 0.0320592, , , , , , , 14.6256923, 0.0287022, , , , , , , , , , , , , , , , , , , , , , , , , , , , 
14.6262115, -0.0256809, , , , , , , 14.6262115, 0.0109102, , , , , , , 14.6262115, 0.0360876, , , , , , , 14.6262115, 0.0255131, , , , , , , , , , , , , , , , , , , , , , , , , , , , 
14.6267308, -0.0114137, , , , , , , 14.6267308, -0.0057069, , , , , , , 14.6267308, 0.040116, , , , , , , 14.6267308, 0.0236667, , , , , , , , , , , , , , , , , , , , , , , , , , , , 
14.62725, 0.0031891, , , , , , , 14.62725, -0.0275273, , , , , , , 14.62725, 0.0461585, , , , , , , 14.62725, 0.0206455, , , , , , , , , , , , , , , , , , , , , , , , , , , , 
14.6277692, 0.0159457, , , , , , , 14.6277692, -0.0458228, , , , , , , 14.6277692, 0.0522011, , , , , , , 14.6277692, 0.0169528, , , , , , , , , , , , , , , , , , , , , , , , , , , , 
14.6282885, 0.0246738, , , , , , , 14.6282885, -0.0602579, , , , , , , 14.6282885, 0.0535439, , , , , , , 14.6282885, 0.0129244, , , , , , , , , , , , , , , , , , , , , , , , , , , , 
14.6288077, 0.023331, , , , , , , 14.6288077, -0.0691539, , , , , , , 14.6288077, 0.0522011, , , , , , , 14.6288077, 0.0102388, , , , , , , , , , , , , , , , , , , , , , , , , , , , 
14.6293269, 0.0166171, , , , , , , 14.6293269, -0.0793927, , , , , , , 14.6293269, 0.0540475, , , , , , , 14.6293269, 0.0102388, , , , , , , , , , , , , , , , , , , , , , , , , , , , 
14.6298462, 0.0152743, , , , , , , 14.6298462, -0.0981918, , , , , , , 14.6298462, 0.0542153, , , , , , , 14.6298462, 0.0117494, , , , , , , , , , , , , , , , , , , , , , , , , , , , 
14.6303654, 0.018967, , , , , , , 14.6303654, -0.1096056, , , , , , , 14.6303654, 0.0506905, , , , , , , 14.6303654, 0.0146029, , , , , , , , , , , , , , , , , , , , , , , , , , , , 
14.6308846, 0.0167849, , , , , , , 14.6308846, -0.0911421, , , , , , , 14.6308846, 0.0485084, , , , , , , 14.6308846, 0.0166171, , , , , , , , , , , , , , , , , , , , , , , , , , , , 
14.6314038, 0.0112459, , , , , , , 14.6314038, -0.0575723, , , , , , , 14.6314038, 0.0468299, , , , , , , 14.6314038, 0.0152743, , , , , , , , , , , , , , , , , , , , , , , , , , , , 
14.6319231, 0.0132601, , , , , , , 14.6319231, -0.0307164, , , , , , , 14.6319231, 0.0461585, , , , , , , 14.6319231, 0.0125887, , , , , , , , , , , , , , , , , , , , , , , , , , , , 
14.6324423, 0.0172885, , , , , , , 14.6324423, -0.0125887, , , , , , , 14.6324423, 0.0485084, , , , , , , 14.6324423, 0.0119173, , , , , , , , , , , , , , , , , , , , , , , , , , , , 
14.6329615, 0.0162814, , , , , , , 14.6329615, 0.0036927, , , , , , , 14.6329615, 0.0495155, , , , , , , 14.6329615, 0.0119173, , , , , , , , , , , , , , , , , , , , , , , , , , , , 
14.6334808, 0.0130922, , , , , , , 14.6334808, 0.0172885, , , , , , , 14.6334808, 0.0454871, , , , , , , 14.6334808, 0.0112459, , , , , , , , , , , , , , , , , , , , , , , , , , , , 
14.634, 0.0196384, , , , , , , 14.634, 0.0263523, , , , , , , 14.634, 0.0387732, , , , , , , 14.634, 0.0082246, , , , , , , , , , , , , , , , , , , , , , , , , , , , 
14.6345192, 0.0327306, , , , , , , 14.6345192, 0.0285344, , , , , , , 14.6345192, 0.0332341, , , , , , , 14.6345192, 0.0031891, , , , , , , , , , , , , , , , , , , , , , , , , , , , 
14.6350385, 0.0453193, , , , , , , 14.6350385, 0.0196384, , , , , , , 14.6350385, 0.0330663, , , , , , , 14.6350385, -0.0018463, , , , , , , , , , , , , , , , , , , , , , , , , , , , 
14.6355577, 0.0562295, , , , , , , 14.6355577, 0.0092317, , , , , , , 14.6355577, 0.0318914, , , , , , , 14.6355577, -0.0072175, , , , , , , , , , , , , , , , , , , , , , , , , , , , 
14.6360769, 0.0661326, , , , , , , 14.6360769, 0.0105745, , , , , , , 14.6360769, 0.0260166, , , , , , , 14.6360769, -0.012253, , , , , , , , , , , , , , , , , , , , , , , , , , , , 
14.6365962, 0.0699931, , , , , , , 14.6365962, 0.014435, , , , , , , 14.6365962, 0.0223239, , , , , , , 14.6365962, -0.0146029, , , , , , , , , , , , , , , , , , , , , , , , , , , , 
14.6371154, 0.0696574, , , , , , , 14.6371154, 0.0065461, , , , , , , 14.6371154, 0.0276951, , , , , , , 14.6371154, -0.014435, , , , , , , , , , , , , , , , , , , , , , , , , , , , 
14.6376346, 0.0703288, , , , , , , 14.6376346, -0.0072175, , , , , , , 14.6376346, 0.0340734, , , , , , , 14.6376346, -0.0115816, , , , , , , , , , , , , , , , , , , , , , , , , , , , 
14.6381538, 0.0683146, , , , , , , 14.6381538, -0.0179599, , , , , , , 14.6381538, 0.0320592, , , , , , , 14.6381538, -0.0092317, , , , , , , , , , , , , , , , , , , , , , , , , , , , 
14.6386731, 0.0582437, , , , , , , 14.6386731, -0.0256809, , , , , , , 14.6386731, 0.0216526, , , , , , , 14.6386731, -0.0078889, , , , , , , , , , , , , , , , , , , , , , , , , , , , 
14.6391923, 0.0429694, , , , , , , 14.6391923, -0.0280308, , , , , , , 14.6391923, 0.0078889, , , , , , , 14.6391923, -0.005539, , , , , , , , , , , , , , , , , , , , , , , , , , , , 
14.6397115, 0.0307164, , , , , , , 14.6397115, -0.0276951, , , , , , , 14.6397115, -0.0043641, , , , , , , 14.6397115, -0.0031891, , , , , , , , , , , , , , , , , , , , , , , , , , , , 
14.6402308, 0.0199741, , , , , , , 14.6402308, -0.024506, , , , , , , 14.6402308, -0.0221561, , , , , , , 14.6402308, -0.0001678, , , , , , , , , , , , , , , , , , , , , , , , , , , , 
14.64075, 0.0132601, , , , , , , 14.64075, -0.0117494, , , , , , , 14.64075, -0.0438087, , , , , , , 14.64075, 0.0038605, , , , , , , , , , , , , , , , , , , , , , , , , , , , 
14.6412692, 0.0035248, , , , , , , 14.6412692, 0.0075532, , , , , , , 14.6412692, -0.0659648, , , , , , , 14.6412692, 0.0085603, , , , , , , , , , , , , , , , , , , , , , , , , , , , 
14.6417885, -0.008896, , , , , , , 14.6417885, 0.0129244, , , , , , , 14.6417885, -0.0864424, , , , , , , 14.6417885, 0.0152743, , , , , , , , , , , , , , , , , , , , , , , , , , , , 
14.6423077, -0.023331, , , , , , , 14.6423077, 0.0063783, , , , , , , 14.6423077, -0.100206, , , , , , , 14.6423077, 0.0213169, , , , , , , , , , , , , , , , , , , , , , , , , , , , 
14.6428269, -0.0337377, , , , , , , 14.6428269, 0.0058747, , , , , , , 14.6428269, -0.1070878, , , , , , , 14.6428269, 0.0260166, , , , , , , , , , , , , , , , , , , , , , , , , , , , 
14.6433462, -0.0384375, , , , , , , 14.6433462, 0.0125887, , , , , , , 14.6433462, -0.1143053, , , , , , , 14.6433462, 0.0287022, , , , , , , , , , , , , , , , , , , , , , , , , , , , 
14.6438654, -0.0428016, , , , , , , 14.6438654, 0.0213169, , , , , , , 14.6438654, -0.1220264, , , , , , , 14.6438654, 0.0317235, , , , , , , , , , , , , , , , , , , , , , , , , , , , 
14.6443846, -0.0417945, , , , , , , 14.6443846, 0.030045, , , , , , , 14.6443846, -0.1243763, , , , , , , 14.6443846, 0.0340734, , , , , , , , , , , , , , , , , , , , , , , , , , , , 
14.6449038, -0.0310521, , , , , , , 14.6449038, 0.0377661, , , , , , , 14.6449038, -0.1186694, , , , , , , 14.6449038, 0.0347448, , , , , , , , , , , , , , , , , , , , , , , , , , , , 
14.6454231, -0.0171206, , , , , , , 14.6454231, 0.043473, , , , , , , 14.6454231, -0.1008774, , , , , , , 14.6454231, 0.0323949, , , , , , , , , , , , , , , , , , , , , , , , , , , , 
14.6459423, -0.0095674, , , , , , , 14.6459423, 0.043473, , , , , , , 14.6459423, -0.0763714, , , , , , , 14.6459423, 0.0270237, , , , , , , , , , , , , , , , , , , , , , , , , , , , 
14.6464615, -0.0068818, , , , , , , 14.6464615, 0.0364233, , , , , , , 14.6464615, -0.0525368, , , , , , , 14.6464615, 0.0213169, , , , , , , , , , , , , , , , , , , , , , , , , , , , 
14.6469808, 0.0003357, , , , , , , 14.6469808, 0.0256809, , , , , , , 14.6469808, -0.0307164, , , , , , , 14.6469808, 0.01561, , , , , , , , , , , , , , , , , , , , , , , , , , , , 
14.6475, 0.0109102, , , , , , , 14.6475, 0.01561, , , , , , , 14.6475, -0.0109102, , , , , , , 14.6475, 0.0119173, , , , , , , , , , , , , , , , , , , , , , , , , , , , 
14.6480192, 0.0179599, , , , , , , 14.6480192, 0.0097353, , , , , , , 14.6480192, 0.0005035, , , , , , , 14.6480192, 0.0085603, , , , , , , , , , , , , , , , , , , , , , , , , , , , 
14.6485385, 0.018967, , , , , , , 14.6485385, 0.0038605, , , , , , , 14.6485385, 0.0041962, , , , , , , 14.6485385, 0.0063783, , , , , , , , , , , , , , , , , , , , , , , , , , , , 
14.6490577, 0.0199741, , , , , , , 14.6490577, -0.0135958, , , , , , , 14.6490577, 0.0075532, , , , , , , 14.6490577, 0.0048676, , , , , , , , , , , , , , , , , , , , , , , , , , , , 
14.6495769, 0.0238346, , , , , , , 14.6495769, -0.0350805, , , , , , , 14.6495769, 0.0182956, , , , , , , 14.6495769, 0.0052033, , , , , , , , , , , , , , , , , , , , , , , , , , , , 
14.6500962, 0.0287022, , , , , , , 14.6500962, -0.0542153, , , , , , , 14.6500962, 0.033402, , , , , , , 14.6500962, 0.0085603, , , , , , , , , , , , , , , , , , , , , , , , , , , , 
14.6506154, 0.0293736, , , , , , , 14.6506154, -0.0619364, , , , , , , 14.6506154, 0.0421302, , , , , , , 14.6506154, 0.0102388, , , , , , , , , , , , , , , , , , , , , , , , , , , , 
14.6511346, 0.0246738, , , , , , , 14.6511346, -0.0451514, , , , , , , 14.6511346, 0.042298, , , , , , , 14.6511346, 0.0092317, , , , , , , , , , , , , , , , , , , , , , , , , , , , 
14.6516538, 0.0226596, , , , , , , 14.6516538, -0.0078889, , , , , , , 14.6516538, 0.0347448, , , , , , , 14.6516538, 0.0082246, , , , , , , , , , , , , , , , , , , , , , , , , , , , 
14.6521731, 0.0229953, , , , , , , 14.6521731, 0.0330663, , , , , , , 14.6521731, 0.0206455, , , , , , , 14.6521731, 0.0068818, , , , , , , , , , , , , , , , , , , , , , , , , , , , 
14.6526923, 0.0253452, , , , , , , 14.6526923, 0.0552224, , , , , , , 14.6526923, 0.0025177, , , , , , , 14.6526923, 0.008896, , , , , , , , , , , , , , , , , , , , , , , , , , , , 
14.6532115, 0.0261845, , , , , , , 14.6532115, 0.0454871, , , , , , , 14.6532115, -0.0169528, , , , , , , 14.6532115, 0.0139315, , , , , , , , , , , , , , , , , , , , , , , , , , , , 
14.6537308, 0.0253452, , , , , , , 14.6537308, 0.0199741, , , , , , , 14.6537308, -0.0310521, , , , , , , 14.6537308, 0.0209812, , , , , , , , , , , , , , , , , , , , , , , , , , , , 
14.65425, 0.03122, , , , , , , 14.65425, 0.0078889, , , , , , , 14.65425, -0.0347448, , , , , , , 14.65425, 0.0317235, , , , , , , , , , , , , , , , , , , , , , , , , , , , 
14.6547692, 0.0461585, , , , , , , 14.6547692, 0.0102388, , , , , , , 14.6547692, -0.0364233, , , , , , , 14.6547692, 0.040116, , , , , , , , , , , , , , , , , , , , , , , , , , , , 
14.6552885, 0.0642863, , , , , , , 14.6552885, 0.0075532, , , , , , , 14.6552885, -0.040116, , , , , , , 14.6552885, 0.0387732, , , , , , , , , , , , , , , , , , , , , , , , , , , , 
14.6558077, 0.0699931, , , , , , , 14.6558077, -0.0028534, , , , , , , 14.6558077, -0.0485084, , , , , , , 14.6558077, 0.0317235, , , , , , , , , , , , , , , , , , , , , , , , , , , , 
14.6563269, 0.0688182, , , , , , , 14.6563269, -0.005539, , , , , , , 14.6563269, -0.0569009, , , , , , , 14.6563269, 0.0246738, , , , , , , , , , , , , , , , , , , , , , , , , , , , 
14.6568462, 0.0679789, , , , , , , 14.6568462, 0.0018463, , , , , , , 14.6568462, -0.0555581, , , , , , , 14.6568462, 0.0179599, , , , , , , , , , , , , , , , , , , , , , , , , , , , 
14.6573654, 0.0693217, , , , , , , 14.6573654, 0.0146029, , , , , , , 14.6573654, -0.0421302, , , , , , , 14.6573654, 0.0125887, , , , , , , , , , , , , , , , , , , , , , , , , , , , 
14.6578846, 0.0632792, , , , , , , 14.6578846, 0.0152743, , , , , , , 14.6578846, -0.0229953, , , , , , , 14.6578846, 0.0092317, , , , , , , , , , , , , , , , , , , , , , , , , , , , 
14.6584038, 0.0508583, , , , , , , 14.6584038, -0.0015106, , , , , , , 14.6584038, -0.0105745, , , , , , , 14.6584038, 0.0090639, , , , , , , , , , , , , , , , , , , , , , , , , , , , 
14.6589231, 0.0409552, , , , , , , 14.6589231, -0.0297093, , , , , , , 14.6589231, -0.0063783, , , , , , , 14.6589231, 0.0125887, , , , , , , , , , , , , , , , , , , , , , , , , , , , 
14.6594423, 0.0347448, , , , , , , 14.6594423, -0.0552224, , , , , , , 14.6594423, -0.0003357, , , , , , , 14.6594423, 0.0171206, , , , , , , , , , , , , , , , , , , , , , , , , , , , 
14.6599615, 0.0270237, , , , , , , 14.6599615, -0.0699931, , , , , , , 14.6599615, 0.0112459, , , , , , , 14.6599615, 0.0226596, , , , , , , , , , , , , , , , , , , , , , , , , , , , 
14.6604808, 0.0159457, , , , , , , 14.6604808, -0.0673075, , , , , , , 14.6604808, 0.0206455, , , , , , , 14.6604808, 0.0260166, , , , , , , , , , , , , , , , , , , , , , , , , , , , 
14.661, -0.0023499, , , , , , , 14.661, -0.0498512, , , , , , , 14.661, 0.0276951, , , , , , , 14.661, 0.024506, , , , , , , , , , , , , , , , , , , , , , , , , , , , 
14.6615192, -0.0203098, , , , , , , 14.6615192, -0.0350805, , , , , , , 14.6615192, 0.0372625, , , , , , , 14.6615192, 0.0209812, , , , , , , , , , , , , , , , , , , , , , , , , , , , 
14.6620385, -0.0303807, , , , , , , 14.6620385, -0.0297093, , , , , , , 14.6620385, 0.0481727, , , , , , , 14.6620385, 0.0182956, , , , , , , , , , , , , , , , , , , , , , , , , , , , 
14.6625577, -0.0419623, , , , , , , 14.6625577, -0.0246738, , , , , , , 14.6625577, 0.0572366, , , , , , , 14.6625577, 0.0176242, , , , , , , , , , , , , , , , , , , , , , , , , , , , 
14.6630769, -0.054551, , , , , , , 14.6630769, -0.0204776, , , , , , , 14.6630769, 0.064622, , , , , , , 14.6630769, 0.0159457, , , , , , , , , , , , , , , , , , , , , , , , , , , , 
14.6635962, -0.0679789, , , , , , , 14.6635962, -0.0258488, , , , , , , 14.6635962, 0.0757, , , , , , , 14.6635962, 0.0125887, , , , , , , , , , , , , , , , , , , , , , , , , , , , 
14.6641154, -0.0760357, , , , , , , 14.6641154, -0.0365911, , , , , , , 14.6641154, 0.0923171, , , , , , , 14.6641154, 0.0105745, , , , , , , , , , , , , , , , , , , , , , , , , , , , 
14.6646346, -0.0713359, , , , , , , 14.6646346, -0.0471656, , , , , , , 14.6646346, 0.1106126, , , , , , , 14.6646346, 0.0052033, , , , , , , , , , , , , , , , , , , , , , , , , , , , 
14.6651538, -0.057908, , , , , , , 14.6651538, -0.0501869, , , , , , , 14.6651538, 0.1237049, , , , , , , 14.6651538, -0.0016785, , , , , , , , , , , , , , , , , , , , , , , , , , , , 
14.6656731, -0.0431373, , , , , , , 14.6656731, -0.0417945, , , , , , , 14.6656731, 0.1300832, , , , , , , 14.6656731, -0.005539, , , , , , , , , , , , , , , , , , , , , , , , , , , , 
14.6661923, -0.0330663, , , , , , , 14.6661923, -0.0243381, , , , , , , 14.6661923, 0.1310903, , , , , , , 14.6661923, -0.0058747, , , , , , , , , , , , , , , , , , , , , , , , , , , , 
14.6667115, -0.023331, , , , , , , 14.6667115, -0.008896, , , , , , , 14.6667115, 0.1210193, , , , , , , 14.6667115, -0.0041962, , , , , , , , , , , , , , , , , , , , , , , , , , , , 
14.6672308, -0.0112459, , , , , , , 14.6672308, -0.0031891, , , , , , , 14.6672308, 0.0998703, , , , , , , 14.6672308, -0.0058747, , , , , , , , , , , , , , , , , , , , , , , , , , , , 
14.66775, -0.0028534, , , , , , , 14.66775, -0.0082246, , , , , , , 14.66775, 0.070161, , , , , , , 14.66775, -0.0095674, , , , , , , , , , , , , , , , , , , , , , , , , , , , 
14.6682692, 0.002182, , , , , , , 14.6682692, -0.0146029, , , , , , , 14.6682692, 0.0345769, , , , , , , 14.6682692, -0.0109102, , , , , , , , , , , , , , , , , , , , , , , , , , , , 
14.6687885, 0.0092317, , , , , , , 14.6687885, -0.0125887, , , , , , , 14.6687885, -0.0041962, , , , , , , 14.6687885, -0.0105745, , , , , , , , , , , , , , , , , , , , , , , , , , , , 
14.6693077, 0.0105745, , , , , , , 14.6693077, -0.0050355, , , , , , , 14.6693077, -0.0471656, , , , , , , 14.6693077, -0.0095674, , , , , , , , , , , , , , , , , , , , , , , , , , , , 
14.6698269, 0.0085603, , , , , , , 14.6698269, -0.0036927, , , , , , , 14.6698269, -0.0861067, , , , , , , 14.6698269, -0.0082246, , , , , , , , , , , , , , , , , , , , , , , , , , , , 
14.6703462, 0.012253, , , , , , , 14.6703462, -0.0075532, , , , , , , 14.6703462, -0.1169909, , , , , , , 14.6703462, -0.0058747, , , , , , , , , , , , , , , , , , , , , , , , , , , , 
14.6708654, 0.0186313, , , , , , , 14.6708654, -0.0057069, , , , , , , 14.6708654, -0.1418326, , , , , , , 14.6708654, -0.0031891, , , , , , , , , , , , , , , , , , , , , , , , , , , , 
14.6713846, 0.0213169, , , , , , , 14.6713846, 0.0031891, , , , , , , 14.6713846, -0.1579461, , , , , , , 14.6713846, 0.0003357, , , , , , , , , , , , , , , , , , , , , , , , , , , , 
14.6719038, 0.0258488, , , , , , , 14.6719038, 0.0130922, , , , , , , 14.6719038, -0.1639887, , , , , , , 14.6719038, 0.0031891, , , , , , , , , , , , , , , , , , , , , , , , , , , , 
14.6724231, 0.0318914, , , , , , , 14.6724231, 0.0238346, , , , , , , 14.6724231, -0.1656672, , , , , , , 14.6724231, 0.008896, , , , , , , , , , , , , , , , , , , , , , , , , , , , 
14.6729423, 0.0347448, , , , , , , 14.6729423, 0.0428016, , , , , , , 14.6729423, -0.1646601, , , , , , , 14.6729423, 0.0198062, , , , , , , , , , , , , , , , , , , , , , , , , , , , 
14.6734615, 0.0313878, , , , , , , 14.6734615, 0.0720073, , , , , , , 14.6734615, -0.160296, , , , , , , 14.6734615, 0.0317235, , , , , , , , , , , , , , , , , , , , , , , , , , , , 
14.6739808, 0.033402, , , , , , , 14.6739808, 0.090135, , , , , , , 14.6739808, -0.1413291, , , , , , , 14.6739808, 0.0391089, , , , , , , , , , , , , , , , , , , , , , , , , , , , 
14.6745, 0.0428016, , , , , , , 14.6745, 0.0864424, , , , , , , 14.6745, -0.1111162, , , , , , , 14.6745, 0.0407874, , , , , , , , , , , , , , , , , , , , , , , , , , , , 
14.6750192, 0.0505226, , , , , , , 14.6750192, 0.0757, , , , , , , 14.6750192, -0.0840925, , , , , , , 14.6750192, 0.0374304, , , , , , , , , , , , , , , , , , , , , , , , , , , , 
14.6755385, 0.0548867, , , , , , , 14.6755385, 0.0674754, , , , , , , 14.6755385, -0.064622, , , , , , , 14.6755385, 0.033402, , , , , , , , , , , , , , , , , , , , , , , , , , , , 
14.6760577, 0.0610971, , , , , , , 14.6760577, 0.0589151, , , , , , , 14.6760577, -0.0461585, , , , , , , 14.6760577, 0.0273594, , , , , , , , , , , , , , , , , , , , , , , , , , , , 
14.6765769, 0.0669718, , , , , , , 14.6765769, 0.054551, , , , , , , 14.6765769, -0.0276951, , , , , , , 14.6765769, 0.0186313, , , , , , , , , , , , , , , , , , , , , , , , , , , , 
14.6770962, 0.072343, , , , , , , 14.6770962, 0.0451514, , , , , , , 14.6770962, -0.0149386, , , , , , , 14.6770962, 0.0124208, , , , , , , , , , , , , , , , , , , , , , , , , , , , 
14.6776154, 0.0736858, , , , , , , 14.6776154, 0.0273594, , , , , , , 14.6776154, -0.005539, , , , , , , 14.6776154, 0.0124208, , , , , , , , , , , , , , , , , , , , , , , , , , , , 
14.6781346, 0.0683146, , , , , , , 14.6781346, 0.0052033, , , , , , , 14.6781346, 0.0020142, , , , , , , 14.6781346, 0.0146029, , , , , , , , , , , , , , , , , , , , , , , , , , , , 
14.6786538, 0.0535439, , , , , , , 14.6786538, -0.0303807, , , , , , , 14.6786538, 0.0085603, , , , , , , 14.6786538, 0.0179599, , , , , , , , , , , , , , , , , , , , , , , , , , , , 
14.6791731, 0.0381018, , , , , , , 14.6791731, -0.0814069, , , , , , , 14.6791731, 0.0157778, , , , , , , 14.6791731, 0.0186313, , , , , , , , , , , , , , , , , , , , , , , , , , , , 
14.6796923, 0.0320592, , , , , , , 14.6796923, -0.1176623, , , , , , , 14.6796923, 0.0186313, , , , , , , 14.6796923, 0.0159457, , , , , , , , , , , , , , , , , , , , , , , , , , , , 
14.6802115, 0.030045, , , , , , , 14.6802115, -0.1210193, , , , , , , 14.6802115, 0.0193027, , , , , , , 14.6802115, 0.0132601, , , , , , , , , , , , , , , , , , , , , , , , , , , , 
14.6807308, 0.0240024, , , , , , , 14.6807308, -0.100206, , , , , , , 14.6807308, 0.0206455, , , , , , , 14.6807308, 0.0105745, , , , , , , , , , , , , , , , , , , , , , , , , , , , 
14.68125, 0.0104067, , , , , , , 14.68125, -0.0787213, , , , , , , 14.68125, 0.0240024, , , , , , , 14.68125, 0.0099031, , , , , , , , , , , , , , , , , , , , , , , , , , , , 
14.6817692, -0.0010071, , , , , , , 14.6817692, -0.0699931, , , , , , , 14.6817692, 0.026688, , , , , , , 14.6817692, 0.0125887, , , , , , , , , , , , , , , , , , , , , , , , , , , , 
14.6822885, -0.0082246, , , , , , , 14.6822885, -0.0726787, , , , , , , 14.6822885, 0.0290379, , , , , , , 14.6822885, 0.0137636, , , , , , , , , , , , , , , , , , , , , , , , , , , , 
14.6828077, -0.0216526, , , , , , , 14.6828077, -0.0830854, , , , , , , 14.6828077, 0.0320592, , , , , , , 14.6828077, 0.0142672, , , , , , , , , , , , , , , , , , , , , , , , , , , , 
14.6833269, -0.0377661, , , , , , , 14.6833269, -0.0918135, , , , , , , 14.6833269, 0.0379339, , , , , , , 14.6833269, 0.0154421, , , , , , , , , , , , , , , , , , , , , , , , , , , , 
14.6838462, -0.0451514, , , , , , , 14.6838462, -0.0889601, , , , , , , 14.6838462, 0.0491798, , , , , , , 14.6838462, 0.014435, , , , , , , , , , , , , , , , , , , , , , , , , , , , 
14.6843654, -0.0433051, , , , , , , 14.6843654, -0.0599222, , , , , , , 14.6843654, 0.0602579, , , , , , , 14.6843654, 0.0146029, , , , , , , , , , , , , , , , , , , , , , , , , , , , 
14.6848846, -0.0377661, , , , , , , 14.6848846, -0.0038605, , , , , , , 14.6848846, 0.0649577, , , , , , , 14.6848846, 0.0146029, , , , , , , , , , , , , , , , , , , , , , , , , , , , 
14.6854038, -0.0273594, , , , , , , 14.6854038, 0.0480049, , , , , , , 14.6854038, 0.0669718, , , , , , , 14.6854038, 0.0085603, , , , , , , , , , , , , , , , , , , , , , , , , , , , 
14.6859231, -0.0162814, , , , , , , 14.6859231, 0.0716716, , , , , , , 14.6859231, 0.070161, , , , , , , 14.6859231, 0.0025177, , , , , , , , , , , , , , , , , , , , , , , , , , , , 
14.6864423, -0.008896, , , , , , , 14.6864423, 0.068986, , , , , , , 14.6864423, 0.0713359, , , , , , , 14.6864423, 0.0031891, , , , , , , , , , , , , , , , , , , , , , , , , , , , 
14.6869615, -0.0038605, , , , , , , 14.6869615, 0.0481727, , , , , , , 14.6869615, 0.0669718, , , , , , , 14.6869615, 0.0068818, , , , , , , , , , , , , , , , , , , , , , , , , , , , 
14.6874808, -0.0031891, , , , , , , 14.6874808, 0.0172885, , , , , , , 14.6874808, 0.0622721, , , , , , , 14.6874808, 0.0072175, , , , , , , , , , , , , , , , , , , , , , , , , , , , 
14.688, -0.0028534, , , , , , , 14.688, -0.011078, , , , , , , 14.688, 0.0572366, , , , , , , 14.688, 0.0068818, , , , , , , , , , , , , , , , , , , , , , , , , , , , 
14.6885192, 0.0023499, , , , , , , 14.6885192, -0.0391089, , , , , , , 14.6885192, 0.0503548, , , , , , , 14.6885192, 0.0099031, , , , , , , , , , , , , , , , , , , , , , , , , , , , 
14.6890385, 0.0065461, , , , , , , 14.6890385, -0.0652934, , , , , , , 14.6890385, 0.0399481, , , , , , , 14.6890385, 0.0139315, , , , , , , , , , , , , , , , , , , , , , , , , , , , 
14.6895577, 0.0082246, , , , , , , 14.6895577, -0.079057, , , , , , , 14.6895577, 0.0261845, , , , , , , 14.6895577, 0.0176242, , , , , , , , , , , , , , , , , , , , , , , , , , , , 
14.6900769, 0.0083925, , , , , , , 14.6900769, -0.0797284, , , , , , , 14.6900769, 0.0105745, , , , , , , 14.6900769, 0.0229953, , , , , , , , , , , , , , , , , , , , , , , , , , , , 
14.6905962, 0.0087282, , , , , , , 14.6905962, -0.0800641, , , , , , , 14.6905962, -0.0036927, , , , , , , 14.6905962, 0.0276951, , , , , , , , , , , , , , , , , , , , , , , , , , , , 
14.6911154, 0.008896, , , , , , , 14.6911154, -0.0780499, , , , , , , 14.6911154, -0.0162814, , , , , , , 14.6911154, 0.0293736, , , , , , , , , , , , , , , , , , , , , , , , , , , , 
14.6916346, 0.0112459, , , , , , , 14.6916346, -0.068986, , , , , , , 14.6916346, -0.0307164, , , , , , , 14.6916346, 0.0293736, , , , , , , , , , , , , , , , , , , , , , , , , , , , 
14.6921538, 0.0169528, , , , , , , 14.6921538, -0.0538796, , , , , , , 14.6921538, -0.0461585, , , , , , , 14.6921538, 0.0250095, , , , , , , , , , , , , , , , , , , , , , , , , , , , 
14.6926731, 0.0182956, , , , , , , 14.6926731, -0.0417945, , , , , , , 14.6926731, -0.0592508, , , , , , , 14.6926731, 0.017792, , , , , , , , , , , , , , , , , , , , , , , , , , , , 
14.6931923, 0.018967, , , , , , , 14.6931923, -0.0310521, , , , , , , 14.6931923, -0.0679789, , , , , , , 14.6931923, 0.0135958, , , , , , , , , , , , , , , , , , , , , , , , , , , , 
14.6937115, 0.0236667, , , , , , , 14.6937115, -0.0149386, , , , , , , 14.6937115, -0.0663005, , , , , , , 14.6937115, 0.0124208, , , , , , , , , , , , , , , , , , , , , , , , , , , , 
14.6942308, 0.0307164, , , , , , , 14.6942308, 0.0050355, , , , , , , 14.6942308, -0.0555581, , , , , , , 14.6942308, 0.0082246, , , , , , , , , , , , , , , , , , , , , , , , , , , , 
14.69475, 0.0391089, , , , , , , 14.69475, 0.0280308, , , , , , , 14.69475, -0.0421302, , , , , , , 14.69475, 0.0005035, , , , , , , , , , , , , , , , , , , , , , , , , , , , 
14.6952692, 0.0535439, , , , , , , 14.6952692, 0.0495155, , , , , , , 14.6952692, -0.0290379, , , , , , , 14.6952692, -0.0062104, , , , , , , , , , , , , , , , , , , , , , , , , , , , 
14.6957885, 0.068986, , , , , , , 14.6957885, 0.061265, , , , , , , 14.6957885, -0.0199741, , , , , , , 14.6957885, -0.0102388, , , , , , , , , , , , , , , , , , , , , , , , , , , , 
14.6963077, 0.0720073, , , , , , , 14.6963077, 0.0605936, , , , , , , 14.6963077, -0.0129244, , , , , , , 14.6963077, -0.0129244, , , , , , , , , , , , , , , , , , , , , , , , , , , , 
14.6968269, 0.070161, , , , , , , 14.6968269, 0.0491798, , , , , , , 14.6968269, -0.0008392, , , , , , , 14.6968269, -0.0135958, , , , , , , , , , , , , , , , , , , , , , , , , , , , 
14.6973462, 0.0673075, , , , , , , 14.6973462, 0.040116, , , , , , , 14.6973462, 0.0151064, , , , , , , 14.6973462, -0.012253, , , , , , , , , , , , , , , , , , , , , , , , , , , , 
14.6978654, 0.0659648, , , , , , , 14.6978654, 0.0414588, , , , , , , 14.6978654, 0.0280308, , , , , , , 14.6978654, -0.0115816, , , , , , , , , , , , , , , , , , , , , , , , , , , , 
14.6983846, 0.0619364, , , , , , , 14.6983846, 0.0454871, , , , , , , 14.6983846, 0.0330663, , , , , , , 14.6983846, -0.0099031, , , , , , , , , , , , , , , , , , , , , , , , , , , , 
14.6989038, 0.0520333, , , , , , , 14.6989038, 0.0428016, , , , , , , 14.6989038, 0.0273594, , , , , , , 14.6989038, -0.0083925, , , , , , , , , , , , , , , , , , , , , , , , , , , , 
14.6994231, 0.040116, , , , , , , 14.6994231, 0.0327306, , , , , , , 14.6994231, 0.0117494, , , , , , , 14.6994231, -0.005539, , , , , , , , , , , , , , , , , , , , , , , , , , , , 
14.6999423, 0.0293736, , , , , , , 14.6999423, 0.01561, , , , , , , 14.6999423, -0.0135958, , , , , , , 14.6999423, -0.0028534, , , , , , , , , , , , , , , , , , , , , , , , , , , , 
14.7004615, 0.0203098, , , , , , , 14.7004615, -0.0023499, , , , , , , 14.7004615, -0.0441444, , , , , , , 14.7004615, -0.002182, , , , , , , , , , , , , , , , , , , , , , , , , , , , 
14.7009808, 0.0062104, , , , , , , 14.7009808, -0.0196384, , , , , , , 14.7009808, -0.0699931, , , , , , , 14.7009808, -0.0015106, , , , , , , , , , , , , , , , , , , , , , , , , , , , 
14.7015, -0.0083925, , , , , , , 14.7015, -0.0357519, , , , , , , 14.7015, -0.082414, , , , , , , 14.7015, -0.0001678, , , , , , , , , , , , , , , , , , , , , , , , , , , , 
14.7020192, -0.0182956, , , , , , , 14.7020192, -0.0424659, , , , , , , 14.7020192, -0.0840925, , , , , , , 14.7020192, 0.0031891, , , , , , , , , , , , , , , , , , , , , , , , , , , , 
14.7025385, -0.0243381, , , , , , , 14.7025385, -0.0337377, , , , , , , 14.7025385, -0.0864424, , , , , , , 14.7025385, 0.0092317, , , , , , , , , , , , , , , , , , , , , , , , , , , , 
14.7030577, -0.0307164, , , , , , , 14.7030577, -0.0194705, , , , , , , 14.7030577, -0.0961776, , , , , , , 14.7030577, 0.01561, , , , , , , , , , , , , , , , , , , , , , , , , , , , 
14.7035769, -0.0407874, , , , , , , 14.7035769, -0.0015106, , , , , , , 14.7035769, -0.100206, , , , , , , 14.7035769, 0.0250095, , , , , , , , , , , , , , , , , , , , , , , , , , , , 
14.7040962, -0.0505226, , , , , , , 14.7040962, 0.0307164, , , , , , , 14.7040962, -0.0921492, , , , , , , 14.7040962, 0.0340734, , , , , , , , , , , , , , , , , , , , , , , , , , , , 
14.7046154, -0.0515297, , , , , , , 14.7046154, 0.0710002, , , , , , , 14.7046154, -0.0740215, , , , , , , 14.7046154, 0.0391089, , , , , , , , , , , , , , , , , , , , , , , , , , , , 
14.7051346, -0.0397803, , , , , , , 14.7051346, 0.0914778, , , , , , , 14.7051346, -0.0508583, , , , , , , 14.7051346, 0.0384375, , , , , , , , , , , , , , , , , , , , , , , , , , , , 
14.7056538, -0.0223239, , , , , , , 14.7056538, 0.0830854, , , , , , , 14.7056538, -0.0337377, , , , , , , 14.7056538, 0.0347448, , , , , , , , , , , , , , , , , , , , , , , , , , , , 
14.7061731, -0.0097353, , , , , , , 14.7061731, 0.066804, , , , , , , 14.7061731, -0.0290379, , , , , , , 14.7061731, 0.0313878, , , , , , , , , , , , , , , , , , , , , , , , , , , , 
14.7066923, -0.0025177, , , , , , , 14.7066923, 0.0548867, , , , , , , 14.7066923, -0.0290379, , , , , , , 14.7066923, 0.0305486, , , , , , , , , , , , , , , , , , , , , , , , , , , , 
14.7072115, 0.0041962, , , , , , , 14.7072115, 0.0384375, , , , , , , 14.7072115, -0.0243381, , , , , , , 14.7072115, 0.0310521, , , , , , , , , , , , , , , , , , , , , , , , , , , , 
14.7077308, 0.0085603, , , , , , , 14.7077308, 0.0166171, , , , , , , 14.7077308, -0.0105745, , , , , , , 14.7077308, 0.0325628, , , , , , , , , , , , , , , , , , , , , , , , , , , , 
14.70825, 0.0139315, , , , , , , 14.70825, 0.0095674, , , , , , , 14.70825, 0.0041962, , , , , , , 14.70825, 0.0347448, , , , , , , , , , , , , , , , , , , , , , , , , , , , 
14.7087692, 0.0196384, , , , , , , 14.7087692, 0.0129244, , , , , , , 14.7087692, 0.0119173, , , , , , , 14.7087692, 0.0354162, , , , , , , , , , , , , , , , , , , , , , , , , , , , 
14.7092885, 0.0229953, , , , , , , 14.7092885, 0.002182, , , , , , , 14.7092885, 0.0132601, , , , , , , 14.7092885, 0.0327306, , , , , , , , , , , , , , , , , , , , , , , , , , , , 
14.7098077, 0.0209812, , , , , , , 14.7098077, -0.0256809, , , , , , , 14.7098077, 0.0135958, , , , , , , 14.7098077, 0.030045, , , , , , , , , , , , , , , , , , , , , , , , , , , , 
14.7103269, 0.0176242, , , , , , , 14.7103269, -0.0453193, , , , , , , 14.7103269, 0.0162814, , , , , , , 14.7103269, 0.026688, , , , , , , , , , , , , , , , , , , , , , , , , , , , 
14.7108462, 0.0186313, , , , , , , 14.7108462, -0.0365911, , , , , , , 14.7108462, 0.018967, , , , , , , 14.7108462, 0.0238346, , , , , , , , , , , , , , , , , , , , , , , , , , , , 
14.7113654, 0.0219883, , , , , , , 14.7113654, -0.0095674, , , , , , , 14.7113654, 0.0208133, , , , , , , 14.7113654, 0.0199741, , , , , , , , , , , , , , , , , , , , , , , , , , , , 
14.7118846, 0.0216526, , , , , , , 14.7118846, -0.0001678, , , , , , , 14.7118846, 0.0226596, , , , , , , 14.7118846, 0.0135958, , , , , , , , , , , , , , , , , , , , , , , , , , , , 
14.7124038, 0.0193027, , , , , , , 14.7124038, -0.0384375, , , , , , , 14.7124038, 0.0246738, , , , , , , 14.7124038, 0.0065461, , , , , , , , , , , , , , , , , , , , , , , , , , , , 
14.7129231, 0.0132601, , , , , , , 14.7129231, -0.1015488, , , , , , , 14.7129231, 0.0263523, , , , , , , 14.7129231, 0.0038605, , , , , , , , , , , , , , , , , , , , , , , , , , , , 
14.7134423, 0.0105745, , , , , , , 14.7134423, -0.1384756, , , , , , , 14.7134423, 0.026688, , , , , , , 14.7134423, 0.0058747, , , , , , , , , , , , , , , , , , , , , , , , , , , , 
14.7139615, 0.0105745, , , , , , , 14.7139615, -0.1331044, , , , , , , 14.7139615, 0.0258488, , , , , , , 14.7139615, 0.0078889, , , , , , , , , , , , , , , , , , , , , , , , , , , , 
14.7144808, 0.0172885, , , , , , , 14.7144808, -0.1109483, , , , , , , 14.7144808, 0.0258488, , , , , , , 14.7144808, 0.0102388, , , , , , , , , , , , , , , , , , , , , , , , , , , , 
14.715, 0.0332341, , , , , , , 14.715, -0.0995346, , , , , , , 14.715, 0.0256809, , , , , , , 14.715, 0.0087282, , , , , , , , , , , , , , , , , , , , , , , , , , , , 
14.7155192, 0.0461585, , , , , , , 14.7155192, -0.0894636, , , , , , , 14.7155192, 0.0253452, , , , , , , 14.7155192, 0.0028534, , , , , , , , , , , , , , , , , , , , , , , , , , , , 
14.7160385, 0.0535439, , , , , , , 14.7160385, -0.0641184, , , , , , , 14.7160385, 0.0263523, , , , , , , 14.7160385, -0.0011749, , , , , , , , , , , , , , , , , , , , , , , , , , , , 
14.7165577, 0.0589151, , , , , , , 14.7165577, -0.0352483, , , , , , , 14.7165577, 0.0275273, , , , , , , 14.7165577, -0.0018463, , , , , , , , , , , , , , , , , , , , , , , , , , , , 
14.7170769, 0.0622721, , , , , , , 14.7170769, -0.0179599, , , , , , , 14.7170769, 0.0320592, , , , , , , 14.7170769, -0.0041962, , , , , , , , , , , , , , , , , , , , , , , , , , , , 
14.7175962, 0.0616007, , , , , , , 14.7175962, -0.0102388, , , , , , , 14.7175962, 0.0424659, , , , , , , 14.7175962, -0.0050355, , , , , , , , , , , , , , , , , , , , , , , , , , , , 
14.7181154, 0.0548867, , , , , , , 14.7181154, -0.0030213, , , , , , , 14.7181154, 0.0572366, , , , , , , 14.7181154, -0.0045319, , , , , , , , , , , , , , , , , , , , , , , , , , , , 
14.7186346, 0.0461585, , , , , , , 14.7186346, 0.0052033, , , , , , , 14.7186346, 0.0652934, , , , , , , 14.7186346, -0.0028534, , , , , , , , , , , , , , , , , , , , , , , , , , , , 
14.7191538, 0.0320592, , , , , , , 14.7191538, 0.0112459, , , , , , , 14.7191538, 0.0663005, , , , , , , 14.7191538, -0.0001678, , , , , , , , , , , , , , , , , , , , , , , , , , , , 
14.7196731, 0.0162814, , , , , , , 14.7196731, 0.0135958, , , , , , , 14.7196731, 0.0688182, , , , , , , 14.7196731, 0.0011749, , , , , , , , , , , , , , , , , , , , , , , , , , , , 
14.7201923, 0.0092317, , , , , , , 14.7201923, 0.0166171, , , , , , , 14.7201923, 0.0679789, , , , , , , 14.7201923, 0.0011749, , , , , , , , , , , , , , , , , , , , , , , , , , , , 
14.7207115, 0.0065461, , , , , , , 14.7207115, 0.0203098, , , , , , , 14.7207115, 0.0599222, , , , , , , 14.7207115, 0.0028534, , , , , , , , , , , , , , , , , , , , , , , , , , , , 
14.7212308, 0.0005035, , , , , , , 14.7212308, 0.0199741, , , , , , , 14.7212308, 0.0448157, , , , , , , 14.7212308, 0.0045319, , , , , , , , , , , , , , , , , , , , , , , , , , , , 
14.72175, -0.0092317, , , , , , , 14.72175, 0.0169528, , , , , , , 14.72175, 0.026688, , , , , , , 14.72175, 0.0070497, , , , , , , , , , , , , , , , , , , , , , , , , , , , 
14.7222692, -0.0151064, , , , , , , 14.7222692, 0.0179599, , , , , , , 14.7222692, 0.0036927, , , , , , , 14.7222692, 0.0102388, , , , , , , , , , , , , , , , , , , , , , , , , , , , 
14.7227885, -0.018967, , , , , , , 14.7227885, 0.0196384, , , , , , , 14.7227885, -0.0285344, , , , , , , 14.7227885, 0.0115816, , , , , , , , , , , , , , , , , , , , , , , , , , , , 
14.7233077, -0.0302129, , , , , , , 14.7233077, 0.0152743, , , , , , , 14.7233077, -0.0619364, , , , , , , 14.7233077, 0.0139315, , , , , , , , , , , , , , , , , , , , , , , , , , , , 
14.7238269, -0.0424659, , , , , , , 14.7238269, 0.0102388, , , , , , , 14.7238269, -0.0864424, , , , , , , 14.7238269, 0.0176242, , , , , , , , , , , , , , , , , , , , , , , , , , , , 
14.7243462, -0.0468299, , , , , , , 14.7243462, 0.0105745, , , , , , , 14.7243462, -0.0936599, , , , , , , 14.7243462, 0.0213169, , , , , , , , , , , , , , , , , , , , , , , , , , , , 
14.7248654, -0.0372625, , , , , , , 14.7248654, 0.0213169, , , , , , , 14.7248654, -0.0871138, , , , , , , 14.7248654, 0.0223239, , , , , , , , , , , , , , , , , , , , , , , , , , , , 
14.7253846, -0.0219883, , , , , , , 14.7253846, 0.040116, , , , , , , 14.7253846, -0.0763714, , , , , , , 14.7253846, 0.0213169, , , , , , , , , , , , , , , , , , , , , , , , , , , , 
14.7259038, -0.012253, , , , , , , 14.7259038, 0.0522011, , , , , , , 14.7259038, -0.0706645, , , , , , , 14.7259038, 0.0198062, , , , , , , , , , , , , , , , , , , , , , , , , , , , 
14.7264231, -0.0097353, , , , , , , 14.7264231, 0.0464942, , , , , , , 14.7264231, -0.0673075, , , , , , , 14.7264231, 0.0240024, , , , , , , , , , , , , , , , , , , , , , , , , , , , 
14.7269423, -0.0046998, , , , , , , 14.7269423, 0.0313878, , , , , , , 14.7269423, -0.0626078, , , , , , , 14.7269423, 0.0340734, , , , , , , , , , , , , , , , , , , , , , , , , , , , 
14.7274615, 0.0045319, , , , , , , 14.7274615, 0.0231632, , , , , , , 14.7274615, -0.0605936, , , , , , , 14.7274615, 0.0424659, , , , , , , , , , , , , , , , , , , , , , , , , , , , 
14.7279808, 0.0146029, , , , , , , 14.7279808, 0.0209812, , , , , , , 14.7279808, -0.0649577, , , , , , , 14.7279808, 0.0464942, , , , , , , , , , , , , , , , , , , , , , , , , , , , 
14.7285, 0.0193027, , , , , , , 14.7285, 0.0159457, , , , , , , 14.7285, -0.0703288, , , , , , , 14.7285, 0.0428016, , , , , , , , , , , , , , , , , , , , , , , , , , , , 
14.7290192, 0.0213169, , , , , , , 14.7290192, 0.0104067, , , , , , , 14.7290192, -0.0659648, , , , , , , 14.7290192, 0.0364233, , , , , , , , , , , , , , , , , , , , , , , , , , , , 
14.7295385, 0.0236667, , , , , , , 14.7295385, 0.0038605, , , , , , , 14.7295385, -0.0558938, , , , , , , 14.7295385, 0.0293736, , , , , , , , , , , , , , , , , , , , , , , , , , , , 
14.7300577, 0.023331, , , , , , , 14.7300577, -0.0075532, , , , , , , 14.7300577, -0.0461585, , , , , , , 14.7300577, 0.0273594, , , , , , , , , , , , , , , , , , , , , , , , , , , , 
14.7305769, 0.0213169, , , , , , , 14.7305769, -0.0139315, , , , , , , 14.7305769, -0.0320592, , , , , , , 14.7305769, 0.030045, , , , , , , , , , , , , , , , , , , , , , , , , , , , 
14.7310962, 0.0231632, , , , , , , 14.7310962, -0.0152743, , , , , , , 14.7310962, -0.0115816, , , , , , , 14.7310962, 0.030045, , , , , , , , , , , , , , , , , , , , , , , , , , , , 
14.7316154, 0.0246738, , , , , , , 14.7316154, -0.0085603, , , , , , , 14.7316154, 0.0107424, , , , , , , 14.7316154, 0.024506, , , , , , , , , , , , , , , , , , , , , , , , , , , , 
14.7321346, 0.0226596, , , , , , , 14.7321346, 0.0119173, , , , , , , 14.7321346, 0.0325628, , , , , , , 14.7321346, 0.0172885, , , , , , , , , , , , , , , , , , , , , , , , , , , , 
14.7326538, 0.023331, , , , , , , 14.7326538, 0.0369268, , , , , , , 14.7326538, 0.047837, , , , , , , 14.7326538, 0.0132601, , , , , , , , , , , , , , , , , , , , , , , , , , , , 
14.7331731, 0.0250095, , , , , , , 14.7331731, 0.0488441, , , , , , , 14.7331731, 0.0506905, , , , , , , 14.7331731, 0.0105745, , , , , , , , , , , , , , , , , , , , , , , , , , , , 
14.7336923, 0.0223239, , , , , , , 14.7336923, 0.0414588, , , , , , , 14.7336923, 0.0391089, , , , , , , 14.7336923, 0.0052033, , , , , , , , , , , , , , , , , , , , , , , , , , , , 
14.7342115, 0.0231632, , , , , , , 14.7342115, 0.0179599, , , , , , , 14.7342115, 0.0196384, , , , , , , 14.7342115, -0.0005035, , , , , , , , , , , , , , , , , , , , , , , , , , , , 
14.7347308, 0.0350805, , , , , , , 14.7347308, -0.0182956, , , , , , , 14.7347308, 0.0028534, , , , , , , 14.7347308, -0.005539, , , , , , , , , , , , , , , , , , , , , , , , , , , , 
14.73525, 0.0505226, , , , , , , 14.73525, -0.0513619, , , , , , , 14.73525, -0.011078, , , , , , , 14.73525, -0.0099031, , , , , , , , , , , , , , , , , , , , , , , , , , , , 
14.7357692, 0.0605936, , , , , , , 14.7357692, -0.0710002, , , , , , , 14.7357692, -0.0236667, , , , , , , 14.7357692, -0.0105745, , , , , , , , , , , , , , , , , , , , , , , , , , , , 
14.7362885, 0.0688182, , , , , , , 14.7362885, -0.0814069, , , , , , , 14.7362885, -0.0327306, , , , , , , 14.7362885, -0.012253, , , , , , , , , , , , , , , , , , , , , , , , , , , , 
14.7368077, 0.0708324, , , , , , , 14.7368077, -0.0773785, , , , , , , 14.7368077, -0.0384375, , , , , , , 14.7368077, -0.0129244, , , , , , , , , , , , , , , , , , , , , , , , , , , , 
14.7373269, 0.0696574, , , , , , , 14.7373269, -0.0538796, , , , , , , 14.7373269, -0.0441444, , , , , , , 14.7373269, -0.0125887, , , , , , , , , , , , , , , , , , , , , , , , , , , , 
14.7378462, 0.0669718, , , , , , , 14.7378462, -0.0243381, , , , , , , 14.7378462, -0.0493477, , , , , , , 14.7378462, -0.0149386, , , , , , , , , , , , , , , , , , , , , , , , , , , , 
14.7383654, 0.0589151, , , , , , , 14.7383654, -0.0075532, , , , , , , 14.7383654, -0.0488441, , , , , , , 14.7383654, -0.01561, , , , , , , , , , , , , , , , , , , , , , , , , , , , 
14.7388846, 0.0473335, , , , , , , 14.7388846, -0.0062104, , , , , , , 14.7388846, -0.0424659, , , , , , , 14.7388846, -0.010071, , , , , , , , , , , , , , , , , , , , , , , , , , , , 
14.7394038, 0.0320592, , , , , , , 14.7394038, -0.0146029, , , , , , , 14.7394038, -0.0337377, , , , , , , 14.7394038, -0.0052033, , , , , , , , , , , , , , , , , , , , , , , , , , , , 
14.7399231, 0.0159457, , , , , , , 14.7399231, -0.0223239, , , , , , , 14.7399231, -0.0236667, , , , , , , 14.7399231, -0.002182, , , , , , , , , , , , , , , , , , , , , , , , , , , , 
14.7404423, 0.0075532, , , , , , , 14.7404423, -0.0115816, , , , , , , 14.7404423, -0.01561, , , , , , , 14.7404423, 0.0010071, , , , , , , , , , , , , , , , , , , , , , , , , , , , 
14.7409615, 0.0016785, , , , , , , 14.7409615, 0.0166171, , , , , , , 14.7409615, -0.0045319, , , , , , , 14.7409615, 0.0070497, , , , , , , , , , , , , , , , , , , , , , , , , , , , 
14.7414808, -0.0109102, , , , , , , 14.7414808, 0.0386053, , , , , , , 14.7414808, 0.0105745, , , , , , , 14.7414808, 0.0149386, , , , , , , , , , , , , , , , , , , , , , , , , , , , 
14.742, -0.0276951, , , , , , , 14.742, 0.0387732, , , , , , , 14.742, 0.018967, , , , , , , 14.742, 0.0226596, , , , , , , , , , , , , , , , , , , , , , , , , , , , 
14.7425192, -0.0438087, , , , , , , 14.7425192, 0.0162814, , , , , , , 14.7425192, 0.0159457, , , , , , , 14.7425192, 0.030045, , , , , , , , , , , , , , , , , , , , , , , , , , , , 
14.7430385, -0.054551, , , , , , , 14.7430385, -0.0287022, , , , , , , 14.7430385, 0.0085603, , , , , , , 14.7430385, 0.0344091, , , , , , , , , , , , , , , , , , , , , , , , , , , , 
14.7435577, -0.0632792, , , , , , , 14.7435577, -0.0746929, , , , , , , 14.7435577, 0.0008392, , , , , , , 14.7435577, 0.0344091, , , , , , , , , , , , , , , , , , , , , , , , , , , , 
14.7440769, -0.0696574, , , , , , , 14.7440769, -0.0908064, , , , , , , 14.7440769, -0.0058747, , , , , , , 14.7440769, 0.033402, , , , , , , , , , , , , , , , , , , , , , , , , , , , 
14.7445962, -0.0691539, , , , , , , 14.7445962, -0.0800641, , , , , , , 14.7445962, -0.0125887, , , , , , , 14.7445962, 0.0310521, , , , , , , , , , , , , , , , , , , , , , , , , , , , 
14.7451154, -0.0585794, , , , , , , 14.7451154, -0.0663005, , , , , , , 14.7451154, -0.0157778, , , , , , , 14.7451154, 0.0280308, , , , , , , , , , , , , , , , , , , , , , , , , , , , 
14.7456346, -0.0411231, , , , , , , 14.7456346, -0.0639506, , , , , , , 14.7456346, -0.0142672, , , , , , , 14.7456346, 0.0229953, , , , , , , , , , , , , , , , , , , , , , , , , , , , 
14.7461538, -0.0248417, , , , , , , 14.7461538, -0.0773785, , , , , , , 14.7461538, -0.0119173, , , , , , , 14.7461538, 0.0186313, , , , , , , , , , , , , , , , , , , , , , , , , , , , 
14.7466731, -0.0149386, , , , , , , 14.7466731, -0.0861067, , , , , , , 14.7466731, -0.0099031, , , , , , , 14.7466731, 0.0193027, , , , , , , , , , , , , , , , , , , , , , , , , , , , 
14.7471923, -0.0092317, , , , , , , 14.7471923, -0.0753643, , , , , , , 14.7471923, -0.002182, , , , , , , 14.7471923, 0.0246738, , , , , , , , , , , , , , , , , , , , , , , , , , , , 
14.7477115, -0.0023499, , , , , , , 14.7477115, -0.0486763, , , , , , , 14.7477115, 0.0105745, , , , , , , 14.7477115, 0.0280308, , , , , , , , , , , , , , , , , , , , , , , , , , , , 
14.7482308, 0.005539, , , , , , , 14.7482308, -0.0209812, , , , , , , 14.7482308, 0.0238346, , , , , , , 14.7482308, 0.0250095, , , , , , , , , , , , , , , , , , , , , , , , , , , , 
14.74875, 0.011078, , , , , , , 14.74875, 0.002182, , , , , , , 14.74875, 0.0307164, , , , , , , 14.74875, 0.0179599, , , , , , , , , , , , , , , , , , , , , , , , , , , , 
14.7492692, 0.0193027, , , , , , , 14.7492692, 0.0246738, , , , , , , 14.7492692, 0.0360876, , , , , , , 14.7492692, 0.0112459, , , , , , , , , , , , , , , , , , , , , , , , , , , , 
14.7497885, 0.0332341, , , , , , , 14.7497885, 0.0381018, , , , , , , 14.7497885, 0.040116, , , , , , , 14.7497885, 0.0085603, , , , , , , , , , , , , , , , , , , , , , , , , , , , 
14.7503077, 0.0391089, , , , , , , 14.7503077, 0.0317235, , , , , , , 14.7503077, 0.0417945, , , , , , , 14.7503077, 0.0065461, , , , , , , , , , , , , , , , , , , , , , , , , , , , 
14.7508269, 0.036759, , , , , , , 14.7508269, 0.0152743, , , , , , , 14.7508269, 0.0394446, , , , , , , 14.7508269, 0.0062104, , , , , , , , , , , , , , , , , , , , , , , , , , , , 
14.7513462, 0.0370947, , , , , , , 14.7513462, -0.0010071, , , , , , , 14.7513462, 0.0323949, , , , , , , 14.7513462, 0.0090639, , , , , , , , , , , , , , , , , , , , , , , , , , , , 
14.7518654, 0.0407874, , , , , , , 14.7518654, -0.0112459, , , , , , , 14.7518654, 0.0226596, , , , , , , 14.7518654, 0.0112459, , , , , , , , , , , , , , , , , , , , , , , , , , , , 
14.7523846, 0.0374304, , , , , , , 14.7523846, -0.0203098, , , , , , , 14.7523846, 0.0162814, , , , , , , 14.7523846, 0.0097353, , , , , , , , , , , , , , , , , , , , , , , , , , , , 
14.7529038, 0.0320592, , , , , , , 14.7529038, -0.0287022, , , , , , , 14.7529038, 0.011078, , , , , , , 14.7529038, 0.0060426, , , , , , , , , , , , , , , , , , , , , , , , , , , , 
14.7534231, 0.0298772, , , , , , , 14.7534231, -0.0213169, , , , , , , 14.7534231, 0.0082246, , , , , , , 14.7534231, 0.0062104, , , , , , , , , , , , , , , , , , , , , , , , , , , , 
14.7539423, 0.0320592, , , , , , , 14.7539423, -0.014435, , , , , , , 14.7539423, 0.0099031, , , , , , , 14.7539423, 0.0065461, , , , , , , , , , , , , , , , , , , , , , , , , , , , 
14.7544615, 0.0399481, , , , , , , 14.7544615, -0.0219883, , , , , , , 14.7544615, 0.0135958, , , , , , , 14.7544615, 0.0028534, , , , , , , , , , , , , , , , , , , , , , , , , , , , 
14.7549808, 0.0535439, , , , , , , 14.7549808, -0.0292058, , , , , , , 14.7549808, 0.0171206, , , , , , , 14.7549808, -0.0025177, , , , , , , , , , , , , , , , , , , , , , , , , , , , 
14.7555, 0.0636149, , , , , , , 14.7555, -0.0290379, , , , , , , 14.7555, 0.0213169, , , , , , , 14.7555, -0.0083925, , , , , , , , , , , , , , , , , , , , , , , , , , , , 
14.7560192, 0.068986, , , , , , , 14.7560192, -0.0229953, , , , , , , 14.7560192, 0.026688, , , , , , , 14.7560192, -0.0120851, , , , , , , , , , , , , , , , , , , , , , , , , , , , 
14.7565385, 0.0746929, , , , , , , 14.7565385, -0.0025177, , , , , , , 14.7565385, 0.0307164, , , , , , , 14.7565385, -0.0109102, , , , , , , , , , , , , , , , , , , , , , , , , , , , 
14.7570577, 0.0810712, , , , , , , 14.7570577, 0.0243381, , , , , , , 14.7570577, 0.0344091, , , , , , , 14.7570577, -0.0099031, , , , , , , , , , , , , , , , , , , , , , , , , , , , 
14.7575769, 0.0837568, , , , , , , 14.7575769, 0.0360876, , , , , , , 14.7575769, 0.0347448, , , , , , , 14.7575769, -0.008896, , , , , , , , , , , , , , , , , , , , , , , , , , , , 
14.7580962, 0.076875, , , , , , , 14.7580962, 0.0256809, , , , , , , 14.7580962, 0.0287022, , , , , , , 14.7580962, -0.0062104, , , , , , , , , , , , , , , , , , , , , , , , , , , , 
14.7586154, 0.0641184, , , , , , , 14.7586154, 0.0135958, , , , , , , 14.7586154, 0.0193027, , , , , , , 14.7586154, -0.0015106, , , , , , , , , , , , , , , , , , , , , , , , , , , , 
14.7591346, 0.0535439, , , , , , , 14.7591346, 0.0082246, , , , , , , 14.7591346, 0.0015106, , , , , , , 14.7591346, 0.003357, , , , , , , , , , , , , , , , , , , , , , , , , , , , 
14.7596538, 0.043473, , , , , , , 14.7596538, 0.0068818, , , , , , , 14.7596538, -0.0216526, , , , , , , 14.7596538, 0.0065461, , , , , , , , , , , , , , , , , , , , , , , , , , , , 
14.7601731, 0.0327306, , , , , , , 14.7601731, 0.0092317, , , , , , , 14.7601731, -0.0387732, , , , , , , 14.7601731, 0.0085603, , , , , , , , , , , , , , , , , , , , , , , , , , , , 
14.7606923, 0.0172885, , , , , , , 14.7606923, 0.0112459, , , , , , , 14.7606923, -0.0417945, , , , , , , 14.7606923, 0.0139315, , , , , , , , , , , , , , , , , , , , , , , , , , , , 
14.7612115, 0.0015106, , , , , , , 14.7612115, 0.012253, , , , , , , 14.7612115, -0.0354162, , , , , , , 14.7612115, 0.0213169, , , , , , , , , , , , , , , , , , , , , , , , , , , , 
14.7617308, -0.0095674, , , , , , , 14.7617308, 0.0097353, , , , , , , 14.7617308, -0.0287022, , , , , , , 14.7617308, 0.0260166, , , , , , , , , , , , , , , , , , , , , , , , , , , , 
14.76225, -0.0196384, , , , , , , 14.76225, 0.0052033, , , , , , , 14.76225, -0.0297093, , , , , , , 14.76225, 0.0273594, , , , , , , , , , , , , , , , , , , , , , , , , , , , 
14.7627692, -0.0297093, , , , , , , 14.7627692, -0.0050355, , , , , , , 14.7627692, -0.0404517, , , , , , , 14.7627692, 0.0280308, , , , , , , , , , , , , , , , , , , , , , , , , , , , 
14.7632885, -0.0387732, , , , , , , 14.7632885, -0.0229953, , , , , , , 14.7632885, -0.0580758, , , , , , , 14.7632885, 0.027863, , , , , , , , , , , , , , , , , , , , , , , , , , , , 
14.7638077, -0.0542153, , , , , , , 14.7638077, -0.0377661, , , , , , , 14.7638077, -0.0820783, , , , , , , 14.7638077, 0.0273594, , , , , , , , , , , , , , , , , , , , , , , , , , , , 
14.7643269, -0.0627756, , , , , , , 14.7643269, -0.0381018, , , , , , , 14.7643269, -0.1015488, , , , , , , 14.7643269, 0.0290379, , , , , , , , , , , , , , , , , , , , , , , , , , , , 
14.7648462, -0.0558938, , , , , , , 14.7648462, -0.0129244, , , , , , , 14.7648462, -0.1010452, , , , , , , 14.7648462, 0.0293736, , , , , , , , , , , , , , , , , , , , , , , , , , , , 
14.7653654, -0.0458228, , , , , , , 14.7653654, 0.0307164, , , , , , , 14.7653654, -0.0834211, , , , , , , 14.7653654, 0.0276951, , , , , , , , , , , , , , , , , , , , , , , , , , , , 
14.7658846, -0.036759, , , , , , , 14.7658846, 0.0582437, , , , , , , 14.7658846, -0.064622, , , , , , , 14.7658846, 0.024506, , , , , , , , , , , , , , , , , , , , , , , , , , , , 
14.7664038, -0.0310521, , , , , , , 14.7664038, 0.0540475, , , , , , , 14.7664038, -0.0518654, , , , , , , 14.7664038, 0.0226596, , , , , , , , , , , , , , , , , , , , , , , , , , , , 
14.7669231, -0.0265202, , , , , , , 14.7669231, 0.0347448, , , , , , , 14.7669231, -0.04448, , , , , , , 14.7669231, 0.0236667, , , , , , , , , , , , , , , , , , , , , , , , , , , , 
14.7674423, -0.0167849, , , , , , , 14.7674423, 0.0162814, , , , , , , 14.7674423, -0.0428016, , , , , , , 14.7674423, 0.0250095, , , , , , , , , , , , , , , , , , , , , , , , , , , , 
14.7679615, -0.0041962, , , , , , , 14.7679615, 0.0008392, , , , , , , 14.7679615, -0.0404517, , , , , , , 14.7679615, 0.0229953, , , , , , , , , , , , , , , , , , , , , , , , , , , , 
14.7684808, 0.005539, , , , , , , 14.7684808, -0.0092317, , , , , , , 14.7684808, -0.0303807, , , , , , , 14.7684808, 0.0179599, , , , , , , , , , , , , , , , , , , , , , , , , , , , 
14.769, 0.0099031, , , , , , , 14.769, -0.0176242, , , , , , , 14.769, -0.0196384, , , , , , , 14.769, 0.0117494, , , , , , , , , , , , , , , , , , , , , , , , , , , , 
14.7695192, 0.0115816, , , , , , , 14.7695192, -0.0250095, , , , , , , 14.7695192, -0.0114137, , , , , , , 14.7695192, 0.0092317, , , , , , , , , , , , , , , , , , , , , , , , , , , , 
14.7700385, 0.0149386, , , , , , , 14.7700385, -0.0236667, , , , , , , 14.7700385, -0.0041962, , , , , , , 14.7700385, 0.0105745, , , , , , , , , , , , , , , , , , , , , , , , , , , , 
14.7705577, 0.0182956, , , , , , , 14.7705577, -0.0129244, , , , , , , 14.7705577, -0.0008392, , , , , , , 14.7705577, 0.0105745, , , , , , , , , , , , , , , , , , , , , , , , , , , , 
14.7710769, 0.0199741, , , , , , , 14.7710769, 0.0001678, , , , , , , 14.7710769, 0.0030213, , , , , , , 14.7710769, 0.0092317, , , , , , , , , , , , , , , , , , , , , , , , , , , , 
14.7715962, 0.018967, , , , , , , 14.7715962, 0.0072175, , , , , , , 14.7715962, 0.0068818, , , , , , , 14.7715962, 0.0085603, , , , , , , , , , , , , , , , , , , , , , , , , , , , 
14.7721154, 0.0193027, , , , , , , 14.7721154, 0.012253, , , , , , , 14.7721154, 0.0077211, , , , , , , 14.7721154, 0.0082246, , , , , , , , , , , , , , , , , , , , , , , , , , , , 
14.7726346, 0.0213169, , , , , , , 14.7726346, 0.0226596, , , , , , , 14.7726346, 0.0072175, , , , , , , 14.7726346, 0.0072175, , , , , , , , , , , , , , , , , , , , , , , , , , , , 
14.7731538, 0.0219883, , , , , , , 14.7731538, 0.0310521, , , , , , , 14.7731538, 0.0058747, , , , , , , 14.7731538, 0.0065461, , , , , , , , , , , , , , , , , , , , , , , , , , , , 
14.7736731, 0.0213169, , , , , , , 14.7736731, 0.0263523, , , , , , , 14.7736731, 0.0038605, , , , , , , 14.7736731, 0.0072175, , , , , , , , , , , , , , , , , , , , , , , , , , , , 
14.7741923, 0.0236667, , , , , , , 14.7741923, 0.0102388, , , , , , , 14.7741923, 0.0025177, , , , , , , 14.7741923, 0.0025177, , , , , , , , , , , , , , , , , , , , , , , , , , , , 
14.7747115, 0.036759, , , , , , , 14.7747115, -0.0057069, , , , , , , 14.7747115, 0.0001678, , , , , , , 14.7747115, -0.0031891, , , , , , , , , , , , , , , , , , , , , , , , , , , , 
14.7752308, 0.0532082, , , , , , , 14.7752308, -0.0105745, , , , , , , 14.7752308, -0.0028534, , , , , , , 14.7752308, -0.005539, , , , , , , , , , , , , , , , , , , , , , , , , , , , 
14.77575, 0.0642863, , , , , , , 14.77575, -0.0035248, , , , , , , 14.77575, -0.0058747, , , , , , , 14.77575, -0.005539, , , , , , , , , , , , , , , , , , , , , , , , , , , , 
14.7762692, 0.0746929, , , , , , , 14.7762692, 0.0132601, , , , , , , 14.7762692, -0.0052033, , , , , , , 14.7762692, -0.005539, , , , , , , , , , , , , , , , , , , , , , , , , , , , 
14.7767885, 0.0850996, , , , , , , 14.7767885, 0.0317235, , , , , , , 14.7767885, -0.0068818, , , , , , , 14.7767885, -0.008896, , , , , , , , , , , , , , , , , , , , , , , , , , , , 
14.7773077, 0.0830854, , , , , , , 14.7773077, 0.0421302, , , , , , , 14.7773077, -0.0132601, , , , , , , 14.7773077, -0.008896, , , , , , , , , , , , , , , , , , , , , , , , , , , , 
14.7778269, 0.0740215, , , , , , , 14.7778269, 0.0394446, , , , , , , 14.7778269, -0.0097353, , , , , , , 14.7778269, -0.0028534, , , , , , , , , , , , , , , , , , , , , , , , , , , , 
14.7783462, 0.0622721, , , , , , , 14.7783462, 0.0287022, , , , , , , 14.7783462, 0.0092317, , , , , , , 14.7783462, 0.0008392, , , , , , , , , , , , , , , , , , , , , , , , , , , , 
14.7788654, 0.0522011, , , , , , , 14.7788654, 0.0164492, , , , , , , 14.7788654, 0.030045, , , , , , , 14.7788654, 0.0038605, , , , , , , , , , , , , , , , , , , , , , , , , , , , 
14.7793846, 0.0454871, , , , , , , 14.7793846, 0.0072175, , , , , , , 14.7793846, 0.0475013, , , , , , , 14.7793846, 0.008896, , , , , , , , , , , , , , , , , , , , , , , , , , , , 
14.7799038, 0.0394446, , , , , , , 14.7799038, -0.0140993, , , , , , , 14.7799038, 0.0652934, , , , , , , 14.7799038, 0.0149386, , , , , , , , , , , , , , , , , , , , , , , , , , , , 
14.7804231, 0.0253452, , , , , , , 14.7804231, -0.0552224, , , , , , , 14.7804231, 0.0814069, , , , , , , 14.7804231, 0.0226596, , , , , , , , , , , , , , , , , , , , , , , , , , , , 
14.7809423, 0.0036927, , , , , , , 14.7809423, -0.0894636, , , , , , , 14.7809423, 0.0897993, , , , , , , 14.7809423, 0.026688, , , , , , , , , , , , , , , , , , , , , , , , , , , , 
14.7814615, -0.012253, , , , , , , 14.7814615, -0.0981918, , , , , , , 14.7814615, 0.0829175, , , , , , , 14.7814615, 0.0276951, , , , , , , , , , , , , , , , , , , , , , , , , , , , 
14.7819808, -0.0179599, , , , , , , 14.7819808, -0.0861067, , , , , , , 14.7819808, 0.0589151, , , , , , , 14.7819808, 0.030045, , , , , , , , , , , , , , , , , , , , , , , , , , , , 
14.7825, -0.0229953, , , , , , , 14.7825, -0.072343, , , , , , , 14.7825, 0.0223239, , , , , , , 14.7825, 0.0313878, , , , , , , , , , , , , , , , , , , , , , , , , , , , 
14.7830192, -0.0344091, , , , , , , 14.7830192, -0.0636149, , , , , , , 14.7830192, -0.024506, , , , , , , 14.7830192, 0.0310521, , , , , , , , , , , , , , , , , , , , , , , , , , , , 
14.7835385, -0.0454871, , , , , , , 14.7835385, -0.0508583, , , , , , , 14.7835385, -0.0681468, , , , , , , 14.7835385, 0.0317235, , , , , , , , , , , , , , , , , , , , , , , , , , , , 
14.7840577, -0.0495155, , , , , , , 14.7840577, -0.0370947, , , , , , , 14.7840577, -0.1015488, , , , , , , 14.7840577, 0.0290379, , , , , , , , , , , , , , , , , , , , , , , , , , , , 
14.7845769, -0.0451514, , , , , , , 14.7845769, -0.0290379, , , , , , , 14.7845769, -0.1190051, , , , , , , 14.7845769, 0.0250095, , , , , , , , , , , , , , , , , , , , , , , , , , , , 
14.7850962, -0.0337377, , , , , , , 14.7850962, -0.0229953, , , , , , , 14.7850962, -0.1206836, , , , , , , 14.7850962, 0.0226596, , , , , , , , , , , , , , , , , , , , , , , , , , , , 
14.7856154, -0.0246738, , , , , , , 14.7856154, -0.0135958, , , , , , , 14.7856154, -0.1171588, , , , , , , 14.7856154, 0.0213169, , , , , , , , , , , , , , , , , , , , , , , , , , , , 
14.7861346, -0.0213169, , , , , , , 14.7861346, -0.0028534, , , , , , , 14.7861346, -0.1173266, , , , , , , 14.7861346, 0.0203098, , , , , , , , , , , , , , , , , , , , , , , , , , , , 
14.7866538, -0.0182956, , , , , , , 14.7866538, 0.0196384, , , , , , , 14.7866538, -0.1136339, , , , , , , 14.7866538, 0.0213169, , , , , , , , , , , , , , , , , , , , , , , , , , , , 
14.7871731, -0.0075532, , , , , , , 14.7871731, 0.0575723, , , , , , , 14.7871731, -0.0948348, , , , , , , 14.7871731, 0.0236667, , , , , , , , , , , , , , , , , , , , , , , , , , , , 
14.7876923, 0.0058747, , , , , , , 14.7876923, 0.082414, , , , , , , 14.7876923, -0.0641184, , , , , , , 14.7876923, 0.0243381, , , , , , , , , , , , , , , , , , , , , , , , , , , , 
14.7882115, 0.0142672, , , , , , , 14.7882115, 0.0652934, , , , , , , 14.7882115, -0.0317235, , , , , , , 14.7882115, 0.0213169, , , , , , , , , , , , , , , , , , , , , , , , , , , , 
14.7887308, 0.0157778, , , , , , , 14.7887308, 0.0256809, , , , , , , 14.7887308, -0.0068818, , , , , , , 14.7887308, 0.0132601, , , , , , , , , , , , , , , , , , , , , , , , , , , , 
14.78925, 0.01561, , , , , , , 14.78925, 0.0013428, , , , , , , 14.78925, 0.0082246, , , , , , , 14.78925, 0.0048676, , , , , , , , , , , , , , , , , , , , , , , , , , , , 
14.7897692, 0.0209812, , , , , , , 14.7897692, -0.0124208, , , , , , , 14.7897692, 0.0169528, , , , , , , 14.7897692, 0.0010071, , , , , , , , , , , , , , , , , , , , , , , , , , , , 
14.7902885, 0.0253452, , , , , , , 14.7902885, -0.0287022, , , , , , , 14.7902885, 0.0236667, , , , , , , 14.7902885, -0.0008392, , , , , , , , , , , , , , , , , , , , , , , , , , , , 
14.7908077, 0.0216526, , , , , , , 14.7908077, -0.0515297, , , , , , , 14.7908077, 0.0317235, , , , , , , 14.7908077, -0.0025177, , , , , , , , , , , , , , , , , , , , , , , , , , , , 
14.7913269, 0.0193027, , , , , , , 14.7913269, -0.0728466, , , , , , , 14.7913269, 0.0394446, , , , , , , 14.7913269, -0.005539, , , , , , , , , , , , , , , , , , , , , , , , , , , , 
14.7918462, 0.0193027, , , , , , , 14.7918462, -0.0649577, , , , , , , 14.7918462, 0.0428016, , , , , , , 14.7918462, -0.0075532, , , , , , , , , , , , , , , , , , , , , , , , , , , , 
14.7923654, 0.0172885, , , , , , , 14.7923654, -0.0350805, , , , , , , 14.7923654, 0.0428016, , , , , , , 14.7923654, -0.0095674, , , , , , , , , , , , , , , , , , , , , , , , , , , , 
14.7928846, 0.0151064, , , , , , , 14.7928846, -0.0280308, , , , , , , 14.7928846, 0.0441444, , , , , , , 14.7928846, -0.0083925, , , , , , , , , , , , , , , , , , , , , , , , , , , , 
14.7934038, 0.0176242, , , , , , , 14.7934038, -0.0458228, , , , , , , 14.7934038, 0.0468299, , , , , , , 14.7934038, -0.0058747, , , , , , , , , , , , , , , , , , , , , , , , , , , , 
14.7939231, 0.0191348, , , , , , , 14.7939231, -0.0451514, , , , , , , 14.7939231, 0.0475013, , , , , , , 14.7939231, -0.0025177, , , , , , , , , , , , , , , , , , , , , , , , , , , , 
14.7944423, 0.0273594, , , , , , , 14.7944423, -0.0204776, , , , , , , 14.7944423, 0.043473, , , , , , , 14.7944423, 0.0005035, , , , , , , , , , , , , , , , , , , , , , , , , , , , 
14.7949615, 0.0441444, , , , , , , 14.7949615, -0.0075532, , , , , , , 14.7949615, 0.0381018, , , , , , , 14.7949615, -0.0015106, , , , , , , , , , , , , , , , , , , , , , , , , , , , 
14.7954808, 0.0575723, , , , , , , 14.7954808, -0.0209812, , , , , , , 14.7954808, 0.033402, , , , , , , 14.7954808, -0.0028534, , , , , , , , , , , , , , , , , , , , , , , , , , , , 
14.796, 0.0627756, , , , , , , 14.796, -0.0372625, , , , , , , 14.796, 0.0287022, , , , , , , 14.796, 0.0030213, , , , , , , , , , , , , , , , , , , , , , , , , , , , 
14.7965192, 0.064622, , , , , , , 14.7965192, -0.0364233, , , , , , , 14.7965192, 0.0258488, , , , , , , 14.7965192, 0.0146029, , , , , , , , , , , , , , , , , , , , , , , , , , , , 
14.7970385, 0.0661326, , , , , , , 14.7970385, -0.0219883, , , , , , , 14.7970385, 0.0271916, , , , , , , 14.7970385, 0.0263523, , , , , , , , , , , , , , , , , , , , , , , , , , , , 
14.7975577, 0.0669718, , , , , , , 14.7975577, -0.0104067, , , , , , , 14.7975577, 0.033402, , , , , , , 14.7975577, 0.0330663, , , , , , , , , , , , , , , , , , , , , , , , , , , , 
14.7980769, 0.0622721, , , , , , , 14.7980769, -0.0072175, , , , , , , 14.7980769, 0.0349126, , , , , , , 14.7980769, 0.0347448, , , , , , , , , , , , , , , , , , , , , , , , , , , , 
14.7985962, 0.0522011, , , , , , , 14.7985962, 0.0065461, , , , , , , 14.7985962, 0.0256809, , , , , , , 14.7985962, 0.0347448, , , , , , , , , , , , , , , , , , , , , , , , , , , , 
14.7991154, 0.0439765, , , , , , , 14.7991154, 0.0320592, , , , , , , 14.7991154, 0.0105745, , , , , , , 14.7991154, 0.0374304, , , , , , , , , , , , , , , , , , , , , , , , , , , , 
14.7996346, 0.0354162, , , , , , , 14.7996346, 0.0574044, , , , , , , 14.7996346, -0.0028534, , , , , , , 14.7996346, 0.0421302, , , , , , , , , , , , , , , , , , , , , , , , , , , , 
14.8001538, 0.0255131, , , , , , , 14.8001538, 0.079057, , , , , , , 14.8001538, -0.0152743, , , , , , , 14.8001538, 0.0421302, , , , , , , , , , , , , , , , , , , , , , , , , , , , 
14.8006731, 0.0099031, , , , , , , 14.8006731, 0.0891279, , , , , , , 14.8006731, -0.03122, , , , , , , 14.8006731, 0.0397803, , , , , , , , , , , , , , , , , , , , , , , , , , , , 
14.8011923, -0.0102388, , , , , , , 14.8011923, 0.0829175, , , , , , , 14.8011923, -0.0471656, , , , , , , 14.8011923, 0.0374304, , , , , , , , , , , , , , , , , , , , , , , , , , , , 
14.8017115, -0.0223239, , , , , , , 14.8017115, 0.0693217, , , , , , , 14.8017115, -0.06009, , , , , , , 14.8017115, 0.0360876, , , , , , , , , , , , , , , , , , , , , , , , , , , , 
14.8022308, -0.0307164, , , , , , , 14.8022308, 0.0515297, , , , , , , 14.8022308, -0.0720073, , , , , , , 14.8022308, 0.0345769, , , , , , , , , , , , , , , , , , , , , , , , , , , , 
14.80275, -0.0392767, , , , , , , 14.80275, 0.0303807, , , , , , , 14.80275, -0.0830854, , , , , , , 14.80275, 0.0310521, , , , , , , , , , , , , , , , , , , , , , , , , , , , 
14.8032692, -0.0525368, , , , , , , 14.8032692, 0.0078889, , , , , , , 14.8032692, -0.0874495, , , , , , , 14.8032692, 0.0293736, , , , , , , , , , , , , , , , , , , , , , , , , , , , 
14.8037885, -0.0589151, , , , , , , 14.8037885, -0.0167849, , , , , , , 14.8037885, -0.0840925, , , , , , , 14.8037885, 0.0253452, , , , , , , , , , , , , , , , , , , , , , , , , , , , 
14.8043077, -0.0574044, , , , , , , 14.8043077, -0.0404517, , , , , , , 14.8043077, -0.0807355, , , , , , , 14.8043077, 0.018967, , , , , , , , , , , , , , , , , , , , , , , , , , , , 
14.8048269, -0.0530404, , , , , , , 14.8048269, -0.0451514, , , , , , , 14.8048269, -0.0699931, , , , , , , 14.8048269, 0.0146029, , , , , , , , , , , , , , , , , , , , , , , , , , , , 
14.8053462, -0.0466621, , , , , , , 14.8053462, -0.0149386, , , , , , , 14.8053462, -0.0495155, , , , , , , 14.8053462, 0.0115816, , , , , , , , , , , , , , , , , , , , , , , , , , , , 
14.8058654, -0.0381018, , , , , , , 14.8058654, 0.0219883, , , , , , , 14.8058654, -0.0253452, , , , , , , 14.8058654, 0.0090639, , , , , , , , , , , , , , , , , , , , , , , , , , , , 
14.8063846, -0.0297093, , , , , , , 14.8063846, 0.0213169, , , , , , , 14.8063846, -0.0052033, , , , , , , 14.8063846, 0.0078889, , , , , , , , , , , , , , , , , , , , , , , , , , , , 
14.8069038, -0.0270237, , , , , , , 14.8069038, -0.005539, , , , , , , 14.8069038, 0.0105745, , , , , , , 14.8069038, 0.0031891, , , , , , , , , , , , , , , , , , , , , , , , , , , , 
14.8074231, -0.0310521, , , , , , , 14.8074231, -0.0240024, , , , , , , 14.8074231, 0.0219883, , , , , , , 14.8074231, 0.0010071, , , , , , , , , , , , , , , , , , , , , , , , , , , , 
14.8079423, -0.0317235, , , , , , , 14.8079423, -0.0323949, , , , , , , 14.8079423, 0.0256809, , , , , , , 14.8079423, 0.0005035, , , , , , , , , , , , , , , , , , , , , , , , , , , , 
14.8084615, -0.0271916, , , , , , , 14.8084615, -0.0428016, , , , , , , 14.8084615, 0.0236667, , , , , , , 14.8084615, -0.0015106, , , , , , , , , , , , , , , , , , , , , , , , , , , , 
14.8089808, -0.01561, , , , , , , 14.8089808, -0.0520333, , , , , , , 14.8089808, 0.0219883, , , , , , , 14.8089808, -0.002182, , , , , , , , , , , , , , , , , , , , , , , , , , , , 
14.8095, -0.0028534, , , , , , , 14.8095, -0.0491798, , , , , , , 14.8095, 0.0213169, , , , , , , 14.8095, -0.0035248, , , , , , , , , , , , , , , , , , , , , , , , , , , , 
14.8100192, 0.002182, , , , , , , 14.8100192, -0.0344091, , , , , , , 14.8100192, 0.0229953, , , , , , , 14.8100192, -0.0050355, , , , , , , , , , , , , , , , , , , , , , , , , , , , 
14.8105385, 0.0119173, , , , , , , 14.8105385, -0.0364233, , , , , , , 14.8105385, 0.0288701, , , , , , , 14.8105385, -0.0041962, , , , , , , , , , , , , , , , , , , , , , , , , , , , 
14.8110577, 0.026688, , , , , , , 14.8110577, -0.0763714, , , , , , , 14.8110577, 0.0360876, , , , , , , 14.8110577, -0.0025177, , , , , , , , , , , , , , , , , , , , , , , , , , , , 
14.8115769, 0.0320592, , , , , , , 14.8115769, -0.1297475, , , , , , , 14.8115769, 0.0428016, , , , , , , 14.8115769, -0.0015106, , , , , , , , , , , , , , , , , , , , , , , , , , , , 
14.8120962, 0.0313878, , , , , , , 14.8120962, -0.1532464, , , , , , , 14.8120962, 0.0481727, , , , , , , 14.8120962, 0.0001678, , , , , , , , , , , , , , , , , , , , , , , , , , , , 
14.8126154, 0.0293736, , , , , , , 14.8126154, -0.1367971, , , , , , , 14.8126154, 0.0542153, , , , , , , 14.8126154, 0.002182, , , , , , , , , , , , , , , , , , , , , , , , , , , , 
14.8131346, 0.0253452, , , , , , , 14.8131346, -0.1122911, , , , , , , 14.8131346, 0.0572366, , , , , , , 14.8131346, 0.0031891, , , , , , , , , , , , , , , , , , , , , , , , , , , , 
14.8136538, 0.0226596, , , , , , , 14.8136538, -0.1018845, , , , , , , 14.8136538, 0.0515297, , , , , , , 14.8136538, 0.0058747, , , , , , , , , , , , , , , , , , , , , , , , , , , , 
14.8141731, 0.0283665, , , , , , , 14.8141731, -0.0928206, , , , , , , 14.8141731, 0.0421302, , , , , , , 14.8141731, 0.010071, , , , , , , , , , , , , , , , , , , , , , , , , , , , 
14.8146923, 0.0441444, , , , , , , 14.8146923, -0.0661326, , , , , , , 14.8146923, 0.0404517, , , , , , , 14.8146923, 0.0146029, , , , , , , , , , , , , , , , , , , , , , , , , , , , 
14.8152115, 0.0609293, , , , , , , 14.8152115, -0.0229953, , , , , , , 14.8152115, 0.0454871, , , , , , , 14.8152115, 0.0186313, , , , , , , , , , , , , , , , , , , , , , , , , , , , 
14.8157308, 0.0736858, , , , , , , 14.8157308, 0.0223239, , , , , , , 14.8157308, 0.0441444, , , , , , , 14.8157308, 0.0166171, , , , , , , , , , , , , , , , , , , , , , , , , , , , 
14.81625, 0.0827497, , , , , , , 14.81625, 0.0481727, , , , , , , 14.81625, 0.0307164, , , , , , , 14.81625, 0.0117494, , , , , , , , , , , , , , , , , , , , , , , , , , , , 
14.8167692, 0.0877852, , , , , , , 14.8167692, 0.0488441, , , , , , , 14.8167692, 0.008896, , , , , , , 14.8167692, 0.0092317, , , , , , , , , , , , , , , , , , , , , , , , , , , , 
14.8172885, 0.0891279, , , , , , , 14.8172885, 0.040116, , , , , , , 14.8172885, -0.0146029, , , , , , , 14.8172885, 0.0119173, , , , , , , , , , , , , , , , , , , , , , , , , , , , 
14.8178077, 0.0827497, , , , , , , 14.8178077, 0.0438087, , , , , , , 14.8178077, -0.0360876, , , , , , , 14.8178077, 0.0149386, , , , , , , , , , , , , , , , , , , , , , , , , , , , 
14.8183269, 0.0693217, , , , , , , 14.8183269, 0.0498512, , , , , , , 14.8183269, -0.0542153, , , , , , , 14.8183269, 0.0176242, , , , , , , , , , , , , , , , , , , , , , , , , , , , 
14.8188462, 0.0555581, , , , , , , 14.8188462, 0.0471656, , , , , , , 14.8188462, -0.0716716, , , , , , , 14.8188462, 0.0186313, , , , , , , , , , , , , , , , , , , , , , , , , , , , 
14.8193654, 0.0428016, , , , , , , 14.8193654, 0.0370947, , , , , , , 14.8193654, -0.0864424, , , , , , , 14.8193654, 0.0171206, , , , , , , , , , , , , , , , , , , , , , , , , , , , 
14.8198846, 0.0287022, , , , , , , 14.8198846, 0.0260166, , , , , , , 14.8198846, -0.0948348, , , , , , , 14.8198846, 0.0152743, , , , , , , , , , , , , , , , , , , , , , , , , , , , 
14.8204038, 0.0159457, , , , , , , 14.8204038, 0.0193027, , , , , , , 14.8204038, -0.0963455, , , , , , , 14.8204038, 0.0152743, , , , , , , , , , , , , , , , , , , , , , , , , , , , 
14.8209231, 0.0028534, , , , , , , 14.8209231, 0.0146029, , , , , , , 14.8209231, -0.0891279, , , , , , , 14.8209231, 0.0184634, , , , , , , , , , , , , , , , , , , , , , , , , , , , 
14.8214423, -0.0109102, , , , , , , 14.8214423, 0.0085603, , , , , , , 14.8214423, -0.0760357, , , , , , , 14.8214423, 0.0224918, , , , , , , , , , , , , , , , , , , , , , , , , , , , 
14.8219615, -0.0231632, , , , , , , 14.8219615, 0.0038605, , , , , , , 14.8219615, -0.0626078, , , , , , , 14.8219615, 0.0240024, , , , , , , , , , , , , , , , , , , , , , , , , , , , 
14.8224808, -0.0310521, , , , , , , 14.8224808, 0.0078889, , , , , , , 14.8224808, -0.0475013, , , , , , , 14.8224808, 0.0224918, , , , , , , , , , , , , , , , , , , , , , , , , , , , 
14.823, -0.033402, , , , , , , 14.823, 0.0016785, , , , , , , 14.823, -0.0320592, , , , , , , 14.823, 0.0213169, , , , , , , , , , , , , , , , , , , , , , , , , , , , 
14.8235192, -0.0370947, , , , , , , 14.8235192, -0.0194705, , , , , , , 14.8235192, -0.0159457, , , , , , , 14.8235192, 0.0219883, , , , , , , , , , , , , , , , , , , , , , , , , , , , 
14.8240385, -0.0392767, , , , , , , 14.8240385, -0.0330663, , , , , , , 14.8240385, -0.0001678, , , , , , , 14.8240385, 0.0219883, , , , , , , , , , , , , , , , , , , , , , , , , , , , 
14.8245577, -0.0330663, , , , , , , 14.8245577, -0.036759, , , , , , , 14.8245577, 0.0112459, , , , , , , 14.8245577, 0.0186313, , , , , , , , , , , , , , , , , , , , , , , , , , , , 
14.8250769, -0.0196384, , , , , , , 14.8250769, -0.0419623, , , , , , , 14.8250769, 0.0199741, , , , , , , 14.8250769, 0.0125887, , , , , , , , , , , , , , , , , , , , , , , , , , , , 
14.8255962, -0.0075532, , , , , , , 14.8255962, -0.0468299, , , , , , , 14.8255962, 0.0287022, , , , , , , 14.8255962, 0.0062104, , , , , , , , , , , , , , , , , , , , , , , , , , , , 
14.8261154, -0.0016785, , , , , , , 14.8261154, -0.0344091, , , , , , , 14.8261154, 0.0339055, , , , , , , 14.8261154, 0.0030213, , , , , , , , , , , , , , , , , , , , , , , , , , , , 
14.8266346, 0.0038605, , , , , , , 14.8266346, 0.0099031, , , , , , , 14.8266346, 0.0298772, , , , , , , 14.8266346, 0.002182, , , , , , , , , , , , , , , , , , , , , , , , , , , , 
14.8271538, 0.011078, , , , , , , 14.8271538, 0.0582437, , , , , , , 14.8271538, 0.0186313, , , , , , , 14.8271538, 0.0011749, , , , , , , , , , , , , , , , , , , , , , , , , , , , 
14.8276731, 0.0169528, , , , , , , 14.8276731, 0.0797284, , , , , , , 14.8276731, 0.002182, , , , , , , 14.8276731, 0.0025177, , , , , , , , , , , , , , , , , , , , , , , , , , , , 
14.8281923, 0.0159457, , , , , , , 14.8281923, 0.0760357, , , , , , , 14.8281923, -0.0179599, , , , , , , 14.8281923, 0.0045319, , , , , , , , , , , , , , , , , , , , , , , , , , , , 
14.8287115, 0.0159457, , , , , , , 14.8287115, 0.0602579, , , , , , , 14.8287115, -0.0381018, , , , , , , 14.8287115, 0.0050355, , , , , , , , , , , , , , , , , , , , , , , , , , , , 
14.8292308, 0.0209812, , , , , , , 14.8292308, 0.0428016, , , , , , , 14.8292308, -0.0538796, , , , , , , 14.8292308, 0.0052033, , , , , , , , , , , , , , , , , , , , , , , , , , , , 
14.82975, 0.0203098, , , , , , , 14.82975, 0.0280308, , , , , , , 14.82975, -0.061265, , , , , , , 14.82975, 0.0050355, , , , , , , , , , , , , , , , , , , , , , , , , , , , 
14.8302692, 0.0203098, , , , , , , 14.8302692, 0.0146029, , , , , , , 14.8302692, -0.0522011, , , , , , , 14.8302692, 0.0038605, , , , , , , , , , , , , , , , , , , , , , , , , , , , 
14.8307885, 0.0251774, , , , , , , 14.8307885, 0.0038605, , , , , , , 14.8307885, -0.0310521, , , , , , , 14.8307885, 0.0041962, , , , , , , , , , , , , , , , , , , , , , , , , , , , 
14.8313077, 0.0226596, , , , , , , 14.8313077, -0.002182, , , , , , , 14.8313077, -0.0151064, , , , , , , 14.8313077, 0.0099031, , , , , , , , , , , , , , , , , , , , , , , , , , , , 
14.8318269, 0.0179599, , , , , , , 14.8318269, -0.0057069, , , , , , , 14.8318269, -0.0082246, , , , , , , 14.8318269, 0.0152743, , , , , , , , , , , , , , , , , , , , , , , , , , , , 
14.8323462, 0.0162814, , , , , , , 14.8323462, -0.0028534, , , , , , , 14.8323462, -0.0058747, , , , , , , 14.8323462, 0.01561, , , , , , , , , , , , , , , , , , , , , , , , , , , , 
14.8328654, 0.0186313, , , , , , , 14.8328654, 0.0041962, , , , , , , 14.8328654, -0.005539, , , , , , , 14.8328654, 0.0142672, , , , , , , , , , , , , , , , , , , , , , , , , , , , 
14.8333846, 0.0209812, , , , , , , 14.8333846, -0.0028534, , , , , , , 14.8333846, -0.0028534, , , , , , , 14.8333846, 0.0125887, , , , , , , , , , , , , , , , , , , , , , , , , , , , 
14.8339038, 0.0253452, , , , , , , 14.8339038, -0.0243381, , , , , , , 14.8339038, 0.0023499, , , , , , , 14.8339038, 0.0099031, , , , , , , , , , , , , , , , , , , , , , , , , , , , 
14.8344231, 0.0381018, , , , , , , 14.8344231, -0.04448, , , , , , , 14.8344231, 0.0075532, , , , , , , 14.8344231, 0.0068818, , , , , , , , , , , , , , , , , , , , , , , , , , , , 
14.8349423, 0.0569009, , , , , , , 14.8349423, -0.0485084, , , , , , , 14.8349423, 0.0090639, , , , , , , 14.8349423, 0.0043641, , , , , , , , , , , , , , , , , , , , , , , , , , , , 
14.8354615, 0.0664683, , , , , , , 14.8354615, -0.0330663, , , , , , , 14.8354615, 0.0048676, , , , , , , 14.8354615, 0.0011749, , , , , , , , , , , , , , , , , , , , , , , , , , , , 
14.8359808, 0.070161, , , , , , , 14.8359808, -0.0109102, , , , , , , 14.8359808, -0.002182, , , , , , , 14.8359808, -0.0028534, , , , , , , , , , , , , , , , , , , , , , , , , , , , 
14.8365, 0.072343, , , , , , , 14.8365, 0.0193027, , , , , , , 14.8365, -0.0075532, , , , , , , 14.8365, -0.0058747, , , , , , , , , , , , , , , , , , , , , , , , , , , , 
14.8370192, 0.0713359, , , , , , , 14.8370192, 0.0562295, , , , , , , 14.8370192, -0.0045319, , , , , , , 14.8370192, -0.0075532, , , , , , , , , , , , , , , , , , , , , , , , , , , , 
14.8375385, 0.0683146, , , , , , , 14.8375385, 0.0760357, , , , , , , 14.8375385, 0.0102388, , , , , , , 14.8375385, -0.0062104, , , , , , , , , , , , , , , , , , , , , , , , , , , , 
14.8380577, 0.0683146, , , , , , , 14.8380577, 0.0626078, , , , , , , 14.8380577, 0.0240024, , , , , , , 14.8380577, -0.0036927, , , , , , , , , , , , , , , , , , , , , , , , , , , , 
14.8385769, 0.0619364, , , , , , , 14.8385769, 0.0381018, , , , , , , 14.8385769, 0.0293736, , , , , , , 14.8385769, -0.0018463, , , , , , , , , , , , , , , , , , , , , , , , , , , , 
14.8390962, 0.0431373, , , , , , , 14.8390962, 0.0224918, , , , , , , 14.8390962, 0.0287022, , , , , , , 14.8390962, 0.0011749, , , , , , , , , , , , , , , , , , , , , , , , , , , , 
14.8396154, 0.0243381, , , , , , , 14.8396154, 0.0119173, , , , , , , 14.8396154, 0.0287022, , , , , , , 14.8396154, 0.0048676, , , , , , , , , , , , , , , , , , , , , , , , , , , , 
14.8401346, 0.0139315, , , , , , , 14.8401346, 0.0052033, , , , , , , 14.8401346, 0.026688, , , , , , , 14.8401346, 0.0082246, , , , , , , , , , , , , , , , , , , , , , , , , , , , 
14.8406538, 0.0062104, , , , , , , 14.8406538, 0.0041962, , , , , , , 14.8406538, 0.0223239, , , , , , , 14.8406538, 0.0132601, , , , , , , , , , , , , , , , , , , , , , , , , , , , 
14.8411731, -0.0068818, , , , , , , 14.8411731, 0.0038605, , , , , , , 14.8411731, 0.0142672, , , , , , , 14.8411731, 0.0172885, , , , , , , , , , , , , , , , , , , , , , , , , , , , 
14.8416923, -0.0250095, , , , , , , 14.8416923, -0.0119173, , , , , , , 14.8416923, 0.0031891, , , , , , , 14.8416923, 0.0199741, , , , , , , , , , , , , , , , , , , , , , , , , , , , 
14.8422115, -0.0446479, , , , , , , 14.8422115, -0.0451514, , , , , , , 14.8422115, -0.0095674, , , , , , , 14.8422115, 0.0226596, , , , , , , , , , , , , , , , , , , , , , , , , , , , 
14.8427308, -0.0582437, , , , , , , 14.8427308, -0.0753643, , , , , , , 14.8427308, -0.0236667, , , , , , , 14.8427308, 0.0240024, , , , , , , , , , , , , , , , , , , , , , , , , , , , 
14.84325, -0.0647898, , , , , , , 14.84325, -0.0763714, , , , , , , 14.84325, -0.0337377, , , , , , , 14.84325, 0.0270237, , , , , , , , , , , , , , , , , , , , , , , , , , , , 
14.8437692, -0.066804, , , , , , , 14.8437692, -0.0498512, , , , , , , 14.8437692, -0.0386053, , , , , , , 14.8437692, 0.0270237, , , , , , , , , , , , , , , , , , , , , , , , , , , , 
14.8442885, -0.0626078, , , , , , , 14.8442885, -0.0310521, , , , , , , 14.8442885, -0.0414588, , , , , , , 14.8442885, 0.0236667, , , , , , , , , , , , , , , , , , , , , , , , , , , , 
14.8448077, -0.0525368, , , , , , , 14.8448077, -0.0303807, , , , , , , 14.8448077, -0.0438087, , , , , , , 14.8448077, 0.017792, , , , , , , , , , , , , , , , , , , , , , , , , , , , 
14.8453269, -0.0354162, , , , , , , 14.8453269, -0.0317235, , , , , , , 14.8453269, -0.0431373, , , , , , , 14.8453269, 0.0119173, , , , , , , , , , , , , , , , , , , , , , , , , , , , 
14.8458462, -0.0203098, , , , , , , 14.8458462, -0.0273594, , , , , , , 14.8458462, -0.0407874, , , , , , , 14.8458462, 0.0087282, , , , , , , , , , , , , , , , , , , , , , , , , , , , 
14.8463654, -0.0135958, , , , , , , 14.8463654, -0.0164492, , , , , , , 14.8463654, -0.042298, , , , , , , 14.8463654, 0.0073854, , , , , , , , , , , , , , , , , , , , , , , , , , , , 
14.8468846, -0.0048676, , , , , , , 14.8468846, -0.0095674, , , , , , , 14.8468846, -0.0458228, , , , , , , 14.8468846, 0.0068818, , , , , , , , , , , , , , , , , , , , , , , , , , , , 
14.8474038, 0.0043641, , , , , , , 14.8474038, -0.0203098, , , , , , , 14.8474038, -0.0461585, , , , , , , 14.8474038, 0.0045319, , , , , , , , , , , , , , , , , , , , , , , , , , , , 
14.8479231, 0.0112459, , , , , , , 14.8479231, -0.0359197, , , , , , , 14.8479231, -0.0407874, , , , , , , 14.8479231, 0.0045319, , , , , , , , , , , , , , , , , , , , , , , , , , , , 
14.8484423, 0.0176242, , , , , , , 14.8484423, -0.0350805, , , , , , , 14.8484423, -0.0337377, , , , , , , 14.8484423, 0.0075532, , , , , , , , , , , , , , , , , , , , , , , , , , , , 
14.8489615, 0.0216526, , , , , , , 14.8489615, -0.01561, , , , , , , 14.8489615, -0.0250095, , , , , , , 14.8489615, 0.0075532, , , , , , , , , , , , , , , , , , , , , , , , , , , , 
14.8494808, 0.0253452, , , , , , , 14.8494808, 0.0080568, , , , , , , 14.8494808, -0.0186313, , , , , , , 14.8494808, 0.0062104, , , , , , , , , , , , , , , , , , , , , , , , , , , , 
14.85, 0.0307164, , , , , , , 14.85, 0.0256809, , , , , , , 14.85, -0.0159457, , , , , , , 14.85, 0.0068818, , , , , , , , , , , , , , , , , , , , , , , , , , , , 
14.8505192, 0.0347448, , , , , , , 14.8505192, 0.0320592, , , , , , , 14.8505192, -0.0125887, , , , , , , 14.8505192, 0.0092317, , , , , , , , , , , , , , , , , , , , , , , , , , , , 
14.8510385, 0.0394446, , , , , , , 14.8510385, 0.0307164, , , , , , , 14.8510385, -0.0102388, , , , , , , 14.8510385, 0.0142672, , , , , , , , , , , , , , , , , , , , , , , , , , , , 
14.8515577, 0.0454871, , , , , , , 14.8515577, 0.0285344, , , , , , , 14.8515577, -0.0132601, , , , , , , 14.8515577, 0.0213169, , , , , , , , , , , , , , , , , , , , , , , , , , , , 
14.8520769, 0.0485084, , , , , , , 14.8520769, 0.0159457, , , , , , , 14.8520769, -0.0169528, , , , , , , 14.8520769, 0.0287022, , , , , , , , , , , , , , , , , , , , , , , , , , , , 
14.8525962, 0.0464942, , , , , , , 14.8525962, -0.0082246, , , , , , , 14.8525962, -0.0151064, , , , , , , 14.8525962, 0.0310521, , , , , , , , , , , , , , , , , , , , , , , , , , , , 
14.8531154, 0.0449836, , , , , , , 14.8531154, -0.0041962, , , , , , , 14.8531154, -0.008896, , , , , , , 14.8531154, 0.0318914, , , , , , , , , , , , , , , , , , , , , , , , , , , , 
14.8536346, 0.043473, , , , , , , 14.8536346, 0.0676432, , , , , , , 14.8536346, -0.0008392, , , , , , , 14.8536346, 0.0360876, , , , , , , , , , , , , , , , , , , , , , , , , , , , 
14.8541538, 0.0411231, , , , , , , 14.8541538, 0.140322, , , , , , , 14.8541538, 0.0052033, , , , , , , 14.8541538, 0.042298, , , , , , , , , , , , , , , , , , , , , , , , , , , , 
14.8546731, 0.0461585, , , , , , , 14.8546731, 0.1388113, , , , , , , 14.8546731, 0.0072175, , , , , , , 14.8546731, 0.0426337, , , , , , , , , , , , , , , , , , , , , , , , , , , , 
14.8551923, 0.0609293, , , , , , , 14.8551923, 0.0777142, , , , , , , 14.8551923, 0.0082246, , , , , , , 14.8551923, 0.0374304, , , , , , , , , , , , , , , , , , , , , , , , , , , , 
14.8557115, 0.0686503, , , , , , , 14.8557115, 0.0045319, , , , , , , 14.8557115, 0.0099031, , , , , , , 14.8557115, 0.0327306, , , , , , , , , , , , , , , , , , , , , , , , , , , , 
14.8562308, 0.0663005, , , , , , , 14.8562308, -0.054551, , , , , , , 14.8562308, 0.0105745, , , , , , , 14.8562308, 0.030045, , , , , , , , , , , , , , , , , , , , , , , , , , , , 
14.85675, 0.0626078, , , , , , , 14.85675, -0.0988632, , , , , , , 14.85675, 0.0087282, , , , , , , 14.85675, 0.0287022, , , , , , , , , , , , , , , , , , , , , , , , , , , , 
14.8572692, 0.0595865, , , , , , , 14.8572692, -0.1334401, , , , , , , 14.8572692, 0.0062104, , , , , , , 14.8572692, 0.0240024, , , , , , , , , , , , , , , , , , , , , , , , , , , , 
14.8577885, 0.0569009, , , , , , , 14.8577885, -0.1529107, , , , , , , 14.8577885, 0.0062104, , , , , , , 14.8577885, 0.014435, , , , , , , , , , , , , , , , , , , , , , , , , , , , 
14.8583077, 0.0495155, , , , , , , 14.8583077, -0.1498894, , , , , , , 14.8583077, 0.005539, , , , , , , 14.8583077, 0.0082246, , , , , , , , , , , , , , , , , , , , , , , , , , , , 
14.8588269, 0.0357519, , , , , , , 14.8588269, -0.1364614, , , , , , , 14.8588269, 0.0045319, , , , , , , 14.8588269, 0.0035248, , , , , , , , , , , , , , , , , , , , , , , , , , , , 
14.8593462, 0.0146029, , , , , , , 14.8593462, -0.1384756, , , , , , , 14.8593462, 0.0099031, , , , , , , 14.8593462, -0.0010071, , , , , , , , , , , , , , , , , , , , , , , , , , , , 
14.8598654, -0.0028534, , , , , , , 14.8598654, -0.1587854, , , , , , , 14.8598654, 0.0166171, , , , , , , 14.8598654, -0.002182, , , , , , , , , , , , , , , , , , , , , , , , , , , , 
14.8603846, -0.014435, , , , , , , 14.8603846, -0.1770809, , , , , , , 14.8603846, 0.0194705, , , , , , , 14.8603846, -0.0018463, , , , , , , , , , , , , , , , , , , , , , , , , , , , 
14.8609038, -0.0297093, , , , , , , 14.8609038, -0.1690242, , , , , , , 14.8609038, 0.0172885, , , , , , , 14.8609038, -0.0001678, , , , , , , , , , , , , , , , , , , , , , , , , , , , 
14.8614231, -0.0481727, , , , , , , 14.8614231, -0.1263905, , , , , , , 14.8614231, 0.0139315, , , , , , , 14.8614231, 0.0043641, , , , , , , , , , , , , , , , , , , , , , , , , , , , 
14.8619423, -0.0622721, , , , , , , 14.8619423, -0.0730144, , , , , , , 14.8619423, 0.0137636, , , , , , , 14.8619423, 0.0099031, , , , , , , , , , , , , , , , , , , , , , , , , , , , 
14.8624615, -0.0720073, , , , , , , 14.8624615, -0.0337377, , , , , , , 14.8624615, 0.0135958, , , , , , , 14.8624615, 0.0130922, , , , , , , , , , , , , , , , , , , , , , , , , , , , 
14.8629808, -0.0780499, , , , , , , 14.8629808, -0.0015106, , , , , , , 14.8629808, 0.0092317, , , , , , , 14.8629808, 0.0162814, , , , , , , , , , , , , , , , , , , , , , , , , , , , 
14.8635, -0.0827497, , , , , , , 14.8635, 0.0198062, , , , , , , 14.8635, 0.0072175, , , , , , , 14.8635, 0.0203098, , , , , , , , , , , , , , , , , , , , , , , , , , , , 
14.8640192, -0.0817426, , , , , , , 14.8640192, 0.0263523, , , , , , , 14.8640192, 0.0065461, , , , , , , 14.8640192, 0.0226596, , , , , , , , , , , , , , , , , , , , , , , , , , , , 
14.8645385, -0.0716716, , , , , , , 14.8645385, 0.0240024, , , , , , , 14.8645385, 0.0058747, , , , , , , 14.8645385, 0.0271916, , , , , , , , , , , , , , , , , , , , , , , , , , , , 
14.8650577, -0.0548867, , , , , , , 14.8650577, 0.0226596, , , , , , , 14.8650577, 0.0083925, , , , , , , 14.8650577, 0.0305486, , , , , , , , , , , , , , , , , , , , , , , , , , , , 
14.8655769, -0.0364233, , , , , , , 14.8655769, 0.0219883, , , , , , , 14.8655769, 0.0105745, , , , , , , 14.8655769, 0.0327306, , , , , , , , , , , , , , , , , , , , , , , , , , , , 
14.8660962, -0.0234989, , , , , , , 14.8660962, 0.0127565, , , , , , , 14.8660962, 0.0102388, , , , , , , 14.8660962, 0.0377661, , , , , , , , , , , , , , , , , , , , , , , , , , , , 
14.8666154, -0.0112459, , , , , , , 14.8666154, 0.0065461, , , , , , , 14.8666154, 0.0132601, , , , , , , 14.8666154, 0.0451514, , , , , , , , , , , , , , , , , , , , , , , , , , , , 
14.8671346, -0.0011749, , , , , , , 14.8671346, 0.0226596, , , , , , , 14.8671346, 0.0186313, , , , , , , 14.8671346, 0.0500191, , , , , , , , , , , , , , , , , , , , , , , , , , , , 
14.8676538, 0.0058747, , , , , , , 14.8676538, 0.0553902, , , , , , , 14.8676538, 0.0186313, , , , , , , 14.8676538, 0.0473335, , , , , , , , , , , , , , , , , , , , , , , , , , , , 
14.8681731, 0.0159457, , , , , , , 14.8681731, 0.079057, , , , , , , 14.8681731, 0.0112459, , , , , , , 14.8681731, 0.0384375, , , , , , , , , , , , , , , , , , , , , , , , , , , , 
14.8686923, 0.0253452, , , , , , , 14.8686923, 0.0751965, , , , , , , 14.8686923, 0.0058747, , , , , , , 14.8686923, 0.0270237, , , , , , , , , , , , , , , , , , , , , , , , , , , , 
14.8692115, 0.0302129, , , , , , , 14.8692115, 0.0518654, , , , , , , 14.8692115, 0.0065461, , , , , , , 14.8692115, 0.01561, , , , , , , , , , , , , , , , , , , , , , , , , , , , 
14.8697308, 0.0354162, , , , , , , 14.8697308, 0.0421302, , , , , , , 14.8697308, 0.0117494, , , , , , , 14.8697308, 0.0072175, , , , , , , , , , , , , , , , , , , , , , , , , , , , 
14.87025, 0.0414588, , , , , , , 14.87025, 0.0525368, , , , , , , 14.87025, 0.0182956, , , , , , , 14.87025, 0.0031891, , , , , , , , , , , , , , , , , , , , , , , , , , , , 
14.8707692, 0.043473, , , , , , , 14.8707692, 0.0532082, , , , , , , 14.8707692, 0.0240024, , , , , , , 14.8707692, -0.0001678, , , , , , , , , , , , , , , , , , , , , , , , , , , , 
14.8712885, 0.043473, , , , , , , 14.8712885, 0.0313878, , , , , , , 14.8712885, 0.0290379, , , , , , , 14.8712885, -0.005539, , , , , , , , , , , , , , , , , , , , , , , , , , , , 
14.8718077, 0.0407874, , , , , , , 14.8718077, -0.0015106, , , , , , , 14.8718077, 0.0345769, , , , , , , 14.8718077, -0.0082246, , , , , , , , , , , , , , , , , , , , , , , , , , , , 
14.8723269, 0.043473, , , , , , , 14.8723269, -0.0142672, , , , , , , 14.8723269, 0.0428016, , , , , , , 14.8723269, -0.0078889, , , , , , , , , , , , , , , , , , , , , , , , , , , , 
14.8728462, 0.0454871, , , , , , , 14.8728462, 0.0058747, , , , , , , 14.8728462, 0.0503548, , , , , , , 14.8728462, -0.0115816, , , , , , , , , , , , , , , , , , , , , , , , , , , , 
14.8733654, 0.0454871, , , , , , , 14.8733654, 0.0320592, , , , , , , 14.8733654, 0.0508583, , , , , , , 14.8733654, -0.0179599, , , , , , , , , , , , , , , , , , , , , , , , , , , , 
14.8738846, 0.0471656, , , , , , , 14.8738846, 0.0337377, , , , , , , 14.8738846, 0.043473, , , , , , , 14.8738846, -0.0216526, , , , , , , , , , , , , , , , , , , , , , , , , , , , 
14.8744038, 0.0548867, , , , , , , 14.8744038, 0.0199741, , , , , , , 14.8744038, 0.0313878, , , , , , , 14.8744038, -0.0253452, , , , , , , , , , , , , , , , , , , , , , , , , , , , 
14.8749231, 0.0636149, , , , , , , 14.8749231, 0.0097353, , , , , , , 14.8749231, 0.0124208, , , , , , , 14.8749231, -0.0290379, , , , , , , , , , , , , , , , , , , , , , , , , , , , 
14.8754423, 0.0743572, , , , , , , 14.8754423, 0.0011749, , , , , , , 14.8754423, -0.0182956, , , , , , , 14.8754423, -0.0293736, , , , , , , , , , , , , , , , , , , , , , , , , , , , 
14.8759615, 0.0850996, , , , , , , 14.8759615, -0.0082246, , , , , , , 14.8759615, -0.0530404, , , , , , , 14.8759615, -0.0270237, , , , , , , , , , , , , , , , , , , , , , , , , , , , 
14.8764808, 0.0889601, , , , , , , 14.8764808, -0.0157778, , , , , , , 14.8764808, -0.0844282, , , , , , , 14.8764808, -0.0209812, , , , , , , , , , , , , , , , , , , , , , , , , , , , 
14.877, 0.0871138, , , , , , , 14.877, -0.0196384, , , , , , , 14.877, -0.110277, , , , , , , 14.877, -0.0169528, , , , , , , , , , , , , , , , , , , , , , , , , , , , 
14.8775192, 0.0867781, , , , , , , 14.8775192, -0.0216526, , , , , , , 14.8775192, -0.1258869, , , , , , , 14.8775192, -0.01561, , , , , , , , , , , , , , , , , , , , , , , , , , , , 
14.8780385, 0.079057, , , , , , , 14.8780385, -0.0224918, , , , , , , 14.8780385, -0.1331044, , , , , , , 14.8780385, -0.0135958, , , , , , , , , , , , , , , , , , , , , , , , , , , , 
14.8785577, 0.0621042, , , , , , , 14.8785577, -0.0196384, , , , , , , 14.8785577, -0.1364614, , , , , , , 14.8785577, -0.0097353, , , , , , , , , , , , , , , , , , , , , , , , , , , , 
14.8790769, 0.0468299, , , , , , , 14.8790769, -0.0140993, , , , , , , 14.8790769, -0.13579, , , , , , , 14.8790769, -0.0048676, , , , , , , , , , , , , , , , , , , , , , , , , , , , 
14.8795962, 0.0364233, , , , , , , 14.8795962, -0.0095674, , , , , , , 14.8795962, -0.1305867, , , , , , , 14.8795962, 0.0011749, , , , , , , , , , , , , , , , , , , , , , , , , , , , 
14.8801154, 0.0243381, , , , , , , 14.8801154, -0.0031891, , , , , , , 14.8801154, -0.1203479, , , , , , , 14.8801154, 0.0102388, , , , , , , , , , , , , , , , , , , , , , , , , , , , 
14.8806346, 0.0092317, , , , , , , 14.8806346, 0.0052033, , , , , , , 14.8806346, -0.102388, , , , , , , 14.8806346, 0.0240024, , , , , , , , , , , , , , , , , , , , , , , , , , , , 
14.8811538, -0.0099031, , , , , , , 14.8811538, 0.0166171, , , , , , , 14.8811538, -0.0814069, , , , , , , 14.8811538, 0.0384375, , , , , , , , , , , , , , , , , , , , , , , , , , , , 
14.8816731, -0.033402, , , , , , , 14.8816731, 0.0248417, , , , , , , 14.8816731, -0.0649577, , , , , , , 14.8816731, 0.0522011, , , , , , , , , , , , , , , , , , , , , , , , , , , , 
14.8821923, -0.0538796, , , , , , , 14.8821923, 0.0226596, , , , , , , 14.8821923, -0.0548867, , , , , , , 14.8821923, 0.0656291, , , , , , , , , , , , , , , , , , , , , , , , , , , , 
14.8827115, -0.0673075, , , , , , , 14.8827115, 0.0124208, , , , , , , 14.8827115, -0.0485084, , , , , , , 14.8827115, 0.0746929, , , , , , , , , , , , , , , , , , , , , , , , , , , , 
14.8832308, -0.0757, , , , , , , 14.8832308, 0.0041962, , , , , , , 14.8832308, -0.0417945, , , , , , , 14.8832308, 0.072343, , , , , , , , , , , , , , , , , , , , , , , , , , , , 
14.88375, -0.0834211, , , , , , , 14.88375, 0.0020142, , , , , , , 14.88375, -0.0280308, , , , , , , 14.88375, 0.0616007, , , , , , , , , , , , , , , , , , , , , , , , , , , , 
14.8842692, -0.0807355, , , , , , , 14.8842692, 0.0025177, , , , , , , 14.8842692, -0.0099031, , , , , , , 14.8842692, 0.0535439, , , , , , , , , , , , , , , , , , , , , , , , , , , , 
14.8847885, -0.0619364, , , , , , , 14.8847885, 0.0070497, , , , , , , 14.8847885, 0.008896, , , , , , , 14.8847885, 0.0473335, , , , , , , , , , , , , , , , , , , , , , , , , , , , 
14.8853077, -0.0451514, , , , , , , 14.8853077, 0.0078889, , , , , , , 14.8853077, 0.0253452, , , , , , , 14.8853077, 0.0394446, , , , , , , , , , , , , , , , , , , , , , , , , , , , 
14.8858269, -0.0344091, , , , , , , 14.8858269, 0.0006714, , , , , , , 14.8858269, 0.0365911, , , , , , , 14.8858269, 0.030045, , , , , , , , , , , , , , , , , , , , , , , , , , , , 
14.8863462, -0.0238346, , , , , , , 14.8863462, -0.008896, , , , , , , 14.8863462, 0.0421302, , , , , , , 14.8863462, 0.0203098, , , , , , , , , , , , , , , , , , , , , , , , , , , , 
14.8868654, -0.014435, , , , , , , 14.8868654, -0.0162814, , , , , , , 14.8868654, 0.0448157, , , , , , , 14.8868654, 0.0139315, , , , , , , , , , , , , , , , , , , , , , , , , , , , 
14.8873846, -0.0062104, , , , , , , 14.8873846, -0.0236667, , , , , , , 14.8873846, 0.0428016, , , , , , , 14.8873846, 0.0082246, , , , , , , , , , , , , , , , , , , , , , , , , , , , 
14.8879038, -0.0005035, , , , , , , 14.8879038, -0.0323949, , , , , , , 14.8879038, 0.0396124, , , , , , , 14.8879038, 0.002182, , , , , , , , , , , , , , , , , , , , , , , , , , , , 
14.8884231, 0.0005035, , , , , , , 14.8884231, -0.0387732, , , , , , , 14.8884231, 0.0392767, , , , , , , 14.8884231, -0.0001678, , , , , , , , , , , , , , , , , , , , , , , , , , , , 
14.8889423, 0.0011749, , , , , , , 14.8889423, -0.0305486, , , , , , , 14.8889423, 0.0407874, , , , , , , 14.8889423, -0.002182, , , , , , , , , , , , , , , , , , , , , , , , , , , , 
14.8894615, 0.0109102, , , , , , , 14.8894615, -0.005539, , , , , , , 14.8894615, 0.0412909, , , , , , , 14.8894615, -0.0015106, , , , , , , , , , , , , , , , , , , , , , , , , , , , 
14.8899808, 0.0213169, , , , , , , 14.8899808, 0.0172885, , , , , , , 14.8899808, 0.0381018, , , , , , , 14.8899808, -0.0008392, , , , , , , , , , , , , , , , , , , , , , , , , , , , 
14.8905, 0.021149, , , , , , , 14.8905, 0.0206455, , , , , , , 14.8905, 0.0352483, , , , , , , 14.8905, -0.0011749, , , , , , , , , , , , , , , , , , , , , , , , , , , , 
14.8910192, 0.0193027, , , , , , , 14.8910192, 0.0132601, , , , , , , 14.8910192, 0.0320592, , , , , , , 14.8910192, -0.0010071, , , , , , , , , , , , , , , , , , , , , , , , , , , , 
14.8915385, 0.0209812, , , , , , , 14.8915385, 0.008896, , , , , , , 14.8915385, 0.0270237, , , , , , , 14.8915385, -0.0018463, , , , , , , , , , , , , , , , , , , , , , , , , , , , 
14.8920577, 0.0271916, , , , , , , 14.8920577, 0.0090639, , , , , , , 14.8920577, 0.0218204, , , , , , , 14.8920577, -0.0030213, , , , , , , , , , , , , , , , , , , , , , , , , , , , 
14.8925769, 0.0330663, , , , , , , 14.8925769, 0.0130922, , , , , , , 14.8925769, 0.0209812, , , , , , , 14.8925769, -0.0048676, , , , , , , , , , , , , , , , , , , , , , , , , , , , 
14.8930962, 0.0339055, , , , , , , 14.8930962, 0.018967, , , , , , , 14.8930962, 0.0216526, , , , , , , 14.8930962, -0.0085603, , , , , , , , , , , , , , , , , , , , , , , , , , , , 
14.8936154, 0.0263523, , , , , , , 14.8936154, 0.0246738, , , , , , , 14.8936154, 0.0221561, , , , , , , 14.8936154, -0.0119173, , , , , , , , , , , , , , , , , , , , , , , , , , , , 
14.8941346, 0.0260166, , , , , , , 14.8941346, 0.0270237, , , , , , , 14.8941346, 0.0213169, , , , , , , 14.8941346, -0.0142672, , , , , , , , , , , , , , , , , , , , , , , , , , , , 
14.8946538, 0.0438087, , , , , , , 14.8946538, 0.0219883, , , , , , , 14.8946538, 0.0198062, , , , , , , 14.8946538, -0.0164492, , , , , , , , , , , , , , , , , , , , , , , , , , , , 
14.8951731, 0.0609293, , , , , , , 14.8951731, 0.0213169, , , , , , , 14.8951731, 0.0193027, , , , , , , 14.8951731, -0.0193027, , , , , , , , , , , , , , , , , , , , , , , , , , , , 
14.8956923, 0.0703288, , , , , , , 14.8956923, 0.0176242, , , , , , , 14.8956923, 0.0182956, , , , , , , 14.8956923, -0.0182956, , , , , , , , , , , , , , , , , , , , , , , , , , , , 
14.8962115, 0.0750286, , , , , , , 14.8962115, -0.005539, , , , , , , 14.8962115, 0.0105745, , , , , , , 14.8962115, -0.01561, , , , , , , , , , , , , , , , , , , , , , , , , , , , 
14.8967308, 0.079057, , , , , , , 14.8967308, -0.0394446, , , , , , , 14.8967308, -0.0015106, , , , , , , 14.8967308, -0.0130922, , , , , , , , , , , , , , , , , , , , , , , , , , , , 
14.89725, 0.0815747, , , , , , , 14.89725, -0.0688182, , , , , , , 14.89725, -0.0139315, , , , , , , 14.89725, -0.0095674, , , , , , , , , , , , , , , , , , , , , , , , , , , , 
14.8977692, 0.0837568, , , , , , , 14.8977692, -0.0814069, , , , , , , 14.8977692, -0.0260166, , , , , , , 14.8977692, -0.0065461, , , , , , , , , , , , , , , , , , , , , , , , , , , , 
14.8982885, 0.0830854, , , , , , , 14.8982885, -0.0783856, , , , , , , 14.8982885, -0.0391089, , , , , , , 14.8982885, -0.0070497, , , , , , , , , , , , , , , , , , , , , , , , , , , , 
14.8988077, 0.0696574, , , , , , , 14.8988077, -0.0770428, , , , , , , 14.8988077, -0.0525368, , , , , , , 14.8988077, -0.0063783, , , , , , , , , , , , , , , , , , , , , , , , , , , , 
14.8993269, 0.049012, , , , , , , 14.8993269, -0.0975204, , , , , , , 14.8993269, -0.0652934, , , , , , , 14.8993269, -0.0041962, , , , , , , , , , , , , , , , , , , , , , , , , , , , 
14.8998462, 0.0327306, , , , , , , 14.8998462, -0.1156481, , , , , , , 14.8998462, -0.068986, , , , , , , 14.8998462, 0.0008392, , , , , , , , , , , , , , , , , , , , , , , , , , , , 
14.9003654, 0.024506, , , , , , , 14.9003654, -0.1075914, , , , , , , 14.9003654, -0.0595865, , , , , , , 14.9003654, 0.0083925, , , , , , , , , , , , , , , , , , , , , , , , , , , , 
14.9008846, 0.0125887, , , , , , , 14.9008846, -0.0762036, , , , , , , 14.9008846, -0.0446479, , , , , , , 14.9008846, 0.0139315, , , , , , , , , , , , , , , , , , , , , , , , , , , , 
14.9014038, -0.0048676, , , , , , , 14.9014038, -0.0458228, , , , , , , 14.9014038, -0.0428016, , , , , , , 14.9014038, 0.0166171, , , , , , , , , , , , , , , , , , , , , , , , , , , , 
14.9019231, -0.0229953, , , , , , , 14.9019231, -0.0317235, , , , , , , 14.9019231, -0.0558938, , , , , , , 14.9019231, 0.0198062, , , , , , , , , , , , , , , , , , , , , , , , , , , , 
14.9024423, -0.0377661, , , , , , , 14.9024423, -0.0231632, , , , , , , 14.9024423, -0.0632792, , , , , , , 14.9024423, 0.0273594, , , , , , , , , , , , , , , , , , , , , , , , , , , , 
14.9029615, -0.0498512, , , , , , , 14.9029615, -0.0001678, , , , , , , 14.9029615, -0.0552224, , , , , , , 14.9029615, 0.0364233, , , , , , , , , , , , , , , , , , , , , , , , , , , , 
14.9034808, -0.0607614, , , , , , , 14.9034808, 0.0330663, , , , , , , 14.9034808, -0.0391089, , , , , , , 14.9034808, 0.0406195, , , , , , , , , , , , , , , , , , , , , , , , , , , , 
14.904, -0.064622, , , , , , , 14.904, 0.0533761, , , , , , , 14.904, -0.0236667, , , , , , , 14.904, 0.0411231, , , , , , , , , , , , , , , , , , , , , , , , , , , , 
14.9045192, -0.0547189, , , , , , , 14.9045192, 0.0515297, , , , , , , 14.9045192, -0.0068818, , , , , , , 14.9045192, 0.0384375, , , , , , , , , , , , , , , , , , , , , , , , , , , , 
14.9050385, -0.036759, , , , , , , 14.9050385, 0.0370947, , , , , , , 14.9050385, 0.0072175, , , , , , , 14.9050385, 0.0327306, , , , , , , , , , , , , , , , , , , , , , , , , , , , 
14.9055577, -0.018967, , , , , , , 14.9055577, 0.0219883, , , , , , , 14.9055577, 0.0179599, , , , , , , 14.9055577, 0.0256809, , , , , , , , , , , , , , , , , , , , , , , , , , , , 
14.9060769, -0.0057069, , , , , , , 14.9060769, 0.0125887, , , , , , , 14.9060769, 0.0250095, , , , , , , 14.9060769, 0.0229953, , , , , , , , , , , , , , , , , , , , , , , , , , , , 
14.9065962, 0.0018463, , , , , , , 14.9065962, 0.0097353, , , , , , , 14.9065962, 0.0320592, , , , , , , 14.9065962, 0.0250095, , , , , , , , , , , , , , , , , , , , , , , , , , , , 
14.9071154, 0.0078889, , , , , , , 14.9071154, 0.0209812, , , , , , , 14.9071154, 0.0386053, , , , , , , 14.9071154, 0.0292058, , , , , , , , , , , , , , , , , , , , , , , , , , , , 
14.9076346, 0.0132601, , , , , , , 14.9076346, 0.0293736, , , , , , , 14.9076346, 0.0391089, , , , , , , 14.9076346, 0.0293736, , , , , , , , , , , , , , , , , , , , , , , , , , , , 
14.9081538, 0.0169528, , , , , , , 14.9081538, 0.0162814, , , , , , , 14.9081538, 0.0297093, , , , , , , 14.9081538, 0.0256809, , , , , , , , , , , , , , , , , , , , , , , , , , , , 
14.9086731, 0.0196384, , , , , , , 14.9086731, -0.0129244, , , , , , , 14.9086731, 0.01561, , , , , , , 14.9086731, 0.0213169, , , , , , , , , , , , , , , , , , , , , , , , , , , , 
14.9091923, 0.0198062, , , , , , , 14.9091923, -0.0387732, , , , , , , 14.9091923, 0.0025177, , , , , , , 14.9091923, 0.0182956, , , , , , , , , , , , , , , , , , , , , , , , , , , , 
14.9097115, 0.0198062, , , , , , , 14.9097115, -0.0475013, , , , , , , 14.9097115, -0.0062104, , , , , , , 14.9097115, 0.0166171, , , , , , , , , , , , , , , , , , , , , , , , , , , , 
14.9102308, 0.0240024, , , , , , , 14.9102308, -0.0404517, , , , , , , 14.9102308, -0.0087282, , , , , , , 14.9102308, 0.0186313, , , , , , , , , , , , , , , , , , , , , , , , , , , , 
14.91075, 0.0273594, , , , , , , 14.91075, -0.0297093, , , , , , , 14.91075, -0.0045319, , , , , , , 14.91075, 0.0231632, , , , , , , , , , , , , , , , , , , , , , , , , , , , 
14.9112692, 0.0293736, , , , , , , 14.9112692, -0.0115816, , , , , , , 14.9112692, 0.0016785, , , , , , , 14.9112692, 0.0263523, , , , , , , , , , , , , , , , , , , , , , , , , , , , 
14.9117885, 0.0280308, , , , , , , 14.9117885, 0.024506, , , , , , , 14.9117885, 0.0057069, , , , , , , 14.9117885, 0.0240024, , , , , , , , , , , , , , , , , , , , , , , , , , , , 
14.9123077, 0.0186313, , , , , , , 14.9123077, 0.0508583, , , , , , , 14.9123077, 0.0035248, , , , , , , 14.9123077, 0.0213169, , , , , , , , , , , , , , , , , , , , , , , , , , , , 
14.9128269, 0.0129244, , , , , , , 14.9128269, 0.0446479, , , , , , , 14.9128269, -0.0008392, , , , , , , 14.9128269, 0.0213169, , , , , , , , , , , , , , , , , , , , , , , , , , , , 
14.9133462, 0.0135958, , , , , , , 14.9133462, 0.0142672, , , , , , , 14.9133462, -0.0028534, , , , , , , 14.9133462, 0.0186313, , , , , , , , , , , , , , , , , , , , , , , , , , , , 
14.9138654, 0.0161135, , , , , , , 14.9138654, -0.0142672, , , , , , , 14.9138654, -0.0015106, , , , , , , 14.9138654, 0.0149386, , , , , , , , , , , , , , , , , , , , , , , , , , , , 
14.9143846, 0.0236667, , , , , , , 14.9143846, -0.0256809, , , , , , , 14.9143846, 0.0038605, , , , , , , 14.9143846, 0.0115816, , , , , , , , , , , , , , , , , , , , , , , , , , , , 
14.9149038, 0.0399481, , , , , , , 14.9149038, -0.0209812, , , , , , , 14.9149038, 0.0058747, , , , , , , 14.9149038, 0.0038605, , , , , , , , , , , , , , , , , , , , , , , , , , , , 
14.9154231, 0.0562295, , , , , , , 14.9154231, -0.0124208, , , , , , , 14.9154231, 0.0005035, , , , , , , 14.9154231, -0.0057069, , , , , , , , , , , , , , , , , , , , , , , , , , , , 
14.9159423, 0.0679789, , , , , , , 14.9159423, -0.0127565, , , , , , , 14.9159423, -0.0058747, , , , , , , 14.9159423, -0.012253, , , , , , , , , , , , , , , , , , , , , , , , , , , , 
14.9164615, 0.0696574, , , , , , , 14.9164615, -0.0152743, , , , , , , 14.9164615, -0.0115816, , , , , , , 14.9164615, -0.0151064, , , , , , , , , , , , , , , , , , , , , , , , , , , , 
14.9169808, 0.0720073, , , , , , , 14.9169808, -0.0132601, , , , , , , 14.9169808, -0.0167849, , , , , , , 14.9169808, -0.0146029, , , , , , , , , , , , , , , , , , , , , , , , , , , , 
14.9175, 0.0743572, , , , , , , 14.9175, -0.0124208, , , , , , , 14.9175, -0.018967, , , , , , , 14.9175, -0.0109102, , , , , , , , , , , , , , , , , , , , , , , , , , , , 
14.9180192, 0.0673075, , , , , , , 14.9180192, -0.0283665, , , , , , , 14.9180192, -0.0182956, , , , , , , 14.9180192, -0.0070497, , , , , , , , , , , , , , , , , , , , , , , , , , , , 
14.9185385, 0.0528725, , , , , , , 14.9185385, -0.0525368, , , , , , , 14.9185385, -0.0166171, , , , , , , 14.9185385, -0.0028534, , , , , , , , , , , , , , , , , , , , , , , , , , , , 
14.9190577, 0.0377661, , , , , , , 14.9190577, -0.0582437, , , , , , , 14.9190577, -0.0142672, , , , , , , 14.9190577, 0.0038605, , , , , , , , , , , , , , , , , , , , , , , , , , , , 
14.9195769, 0.0250095, , , , , , , 14.9195769, -0.0323949, , , , , , , 14.9195769, -0.0102388, , , , , , , 14.9195769, 0.0130922, , , , , , , , , , , , , , , , , , , , , , , , , , , , 
14.9200962, 0.0159457, , , , , , , 14.9200962, 0.01561, , , , , , , 14.9200962, -0.0068818, , , , , , , 14.9200962, 0.0179599, , , , , , , , , , , , , , , , , , , , , , , , , , , , 
14.9206154, 0.0102388, , , , , , , 14.9206154, 0.054551, , , , , , , 14.9206154, -0.0031891, , , , , , , 14.9206154, 0.0196384, , , , , , , , , , , , , , , , , , , , , , , , , , , , 
14.9211346, -0.0041962, , , , , , , 14.9211346, 0.0605936, , , , , , , 14.9211346, 0.0025177, , , , , , , 14.9211346, 0.0223239, , , , , , , , , , , , , , , , , , , , , , , , , , , , 
14.9216538, -0.0216526, , , , , , , 14.9216538, 0.0387732, , , , , , , 14.9216538, 0.014435, , , , , , , 14.9216538, 0.0280308, , , , , , , , , , , , , , , , , , , , , , , , , , , , 
14.9221731, -0.0352483, , , , , , , 14.9221731, 0.0048676, , , , , , , 14.9221731, 0.026688, , , , , , , 14.9221731, 0.0347448, , , , , , , , , , , , , , , , , , , , , , , , , , , , 
14.9226923, -0.0495155, , , , , , , 14.9226923, -0.033402, , , , , , , 14.9226923, 0.0379339, , , , , , , 14.9226923, 0.0381018, , , , , , , , , , , , , , , , , , , , , , , , , , , , 
14.9232115, -0.0632792, , , , , , , 14.9232115, -0.0553902, , , , , , , 14.9232115, 0.054551, , , , , , , 14.9232115, 0.0407874, , , , , , , , , , , , , , , , , , , , , , , , , , , , 
14.9237308, -0.0696574, , , , , , , 14.9237308, -0.0501869, , , , , , , 14.9237308, 0.0688182, , , , , , , 14.9237308, 0.0449836, , , , , , , , , , , , , , , , , , , , , , , , , , , , 
14.92425, -0.0699931, , , , , , , 14.92425, -0.0270237, , , , , , , 14.92425, 0.0720073, , , , , , , 14.92425, 0.045655, , , , , , , , , , , , , , , , , , , , , , , , , , , , 
14.9247692, -0.0619364, , , , , , , 14.9247692, 0.0008392, , , , , , , 14.9247692, 0.0686503, , , , , , , 14.9247692, 0.0391089, , , , , , , , , , , , , , , , , , , , , , , , , , , , 
14.9252885, -0.0417945, , , , , , , 14.9252885, 0.023331, , , , , , , 14.9252885, 0.0659648, , , , , , , 14.9252885, 0.0283665, , , , , , , , , , , , , , , , , , , , , , , , , , , , 
14.9258077, -0.0290379, , , , , , , 14.9258077, 0.0293736, , , , , , , 14.9258077, 0.0602579, , , , , , , 14.9258077, 0.0199741, , , , , , , , , , , , , , , , , , , , , , , , , , , , 
14.9263269, -0.0216526, , , , , , , 14.9263269, 0.0229953, , , , , , , 14.9263269, 0.0448157, , , , , , , 14.9263269, 0.0166171, , , , , , , , , , , , , , , , , , , , , , , , , , , , 
14.9268462, -0.0114137, , , , , , , 14.9268462, 0.0193027, , , , , , , 14.9268462, 0.0213169, , , , , , , 14.9268462, 0.0115816, , , , , , , , , , , , , , , , , , , , , , , , , , , , 
14.9273654, -0.0001678, , , , , , , 14.9273654, 0.0176242, , , , , , , 14.9273654, -0.005539, , , , , , , 14.9273654, 0.0078889, , , , , , , , , , , , , , , , , , , , , , , , , , , , 
14.9278846, 0.0075532, , , , , , , 14.9278846, 0.0092317, , , , , , , 14.9278846, -0.0359197, , , , , , , 14.9278846, 0.0062104, , , , , , , , , , , , , , , , , , , , , , , , , , , , 
14.9284038, 0.0095674, , , , , , , 14.9284038, 0.0001678, , , , , , , 14.9284038, -0.0661326, , , , , , , 14.9284038, 0.0041962, , , , , , , , , , , , , , , , , , , , , , , , , , , , 
14.9289231, 0.0102388, , , , , , , 14.9289231, -0.0109102, , , , , , , 14.9289231, -0.090135, , , , , , , 14.9289231, 0.0025177, , , , , , , , , , , , , , , , , , , , , , , , , , , , 
14.9294423, 0.0125887, , , , , , , 14.9294423, -0.0256809, , , , , , , 14.9294423, -0.102388, , , , , , , 14.9294423, 0.0011749, , , , , , , , , , , , , , , , , , , , , , , , , , , , 
14.9299615, 0.0179599, , , , , , , 14.9299615, -0.036759, , , , , , , 14.9299615, -0.110277, , , , , , , 14.9299615, 0.0008392, , , , , , , , , , , , , , , , , , , , , , , , , , , , 
14.9304808, 0.0253452, , , , , , , 14.9304808, -0.0364233, , , , , , , 14.9304808, -0.117998, , , , , , , 14.9304808, 0.0028534, , , , , , , , , , , , , , , , , , , , , , , , , , , , 
14.931, 0.0287022, , , , , , , 14.931, -0.0297093, , , , , , , 14.931, -0.1228656, , , , , , , 14.931, 0.0041962, , , , , , , , , , , , , , , , , , , , , , , , , , , , 
14.9315192, 0.0276951, , , , , , , 14.9315192, -0.024506, , , , , , , 14.9315192, -0.1193408, , , , , , , 14.9315192, 0.0052033, , , , , , , , , , , , , , , , , , , , , , , , , , , , 
14.9320385, 0.0290379, , , , , , , 14.9320385, -0.0219883, , , , , , , 14.9320385, -0.1042344, , , , , , , 14.9320385, 0.008896, , , , , , , , , , , , , , , , , , , , , , , , , , , , 
14.9325577, 0.0303807, , , , , , , 14.9325577, -0.0206455, , , , , , , 14.9325577, -0.0847639, , , , , , , 14.9325577, 0.0132601, , , , , , , , , , , , , , , , , , , , , , , , , , , , 
14.9330769, 0.0280308, , , , , , , 14.9330769, -0.0209812, , , , , , , 14.9330769, -0.0666361, , , , , , , 14.9330769, 0.0182956, , , , , , , , , , , , , , , , , , , , , , , , , , , , 
14.9335962, 0.0293736, , , , , , , 14.9335962, -0.0179599, , , , , , , 14.9335962, -0.0535439, , , , , , , 14.9335962, 0.0219883, , , , , , , , , , , , , , , , , , , , , , , , , , , , 
14.9341154, 0.0354162, , , , , , , 14.9341154, -0.0045319, , , , , , , 14.9341154, -0.0436408, , , , , , , 14.9341154, 0.0196384, , , , , , , , , , , , , , , , , , , , , , , , , , , , 
14.9346346, 0.0495155, , , , , , , 14.9346346, 0.0075532, , , , , , , 14.9346346, -0.0323949, , , , , , , 14.9346346, 0.011078, , , , , , , , , , , , , , , , , , , , , , , , , , , , 
14.9351538, 0.066804, , , , , , , 14.9351538, 0.0075532, , , , , , , 14.9351538, -0.0231632, , , , , , , 14.9351538, -0.0001678, , , , , , , , , , , , , , , , , , , , , , , , , , , , 
14.9356731, 0.0763714, , , , , , , 14.9356731, 0.0018463, , , , , , , 14.9356731, -0.0179599, , , , , , , 14.9356731, -0.0063783, , , , , , , , , , , , , , , , , , , , , , , , , , , , 
14.9361923, 0.0788891, , , , , , , 14.9361923, -0.0031891, , , , , , , 14.9361923, -0.0115816, , , , , , , 14.9361923, -0.0072175, , , , , , , , , , , , , , , , , , , , , , , , , , , , 
14.9367115, 0.0817426, , , , , , , 14.9367115, -0.008896, , , , , , , 14.9367115, -0.0031891, , , , , , , 14.9367115, -0.0052033, , , , , , , , , , , , , , , , , , , , , , , , , , , , 
14.9372308, 0.0837568, , , , , , , 14.9372308, -0.0129244, , , , , , , 14.9372308, 0.0028534, , , , , , , 14.9372308, -0.0045319, , , , , , , , , , , , , , , , , , , , , , , , , , , , 
14.93775, 0.0817426, , , , , , , 14.93775, -0.0184634, , , , , , , 14.93775, 0.0035248, , , , , , , 14.93775, -0.002182, , , , , , , , , , , , , , , , , , , , , , , , , , , , 
14.9382692, 0.0745251, , , , , , , 14.9382692, -0.0229953, , , , , , , 14.9382692, 0.002182, , , , , , , 14.9382692, -0.0005035, , , , , , , , , , , , , , , , , , , , , , , , , , , , 
14.9387885, 0.0656291, , , , , , , 14.9387885, -0.0229953, , , , , , , 14.9387885, 0.0011749, , , , , , , 14.9387885, -0.0001678, , , , , , , , , , , , , , , , , , , , , , , , , , , , 
14.9393077, 0.0515297, , , , , , , 14.9393077, -0.0229953, , , , , , , 14.9393077, 0.0005035, , , , , , , 14.9393077, 0.0023499, , , , , , , , , , , , , , , , , , , , , , , , , , , , 
14.9398269, 0.0340734, , , , , , , 14.9398269, -0.0206455, , , , , , , 14.9398269, -0.0018463, , , , , , , 14.9398269, 0.0052033, , , , , , , , , , , , , , , , , , , , , , , , , , , , 
14.9403462, 0.0196384, , , , , , , 14.9403462, -0.0112459, , , , , , , 14.9403462, -0.0001678, , , , , , , 14.9403462, 0.008896, , , , , , , , , , , , , , , , , , , , , , , , , , , , 
14.9408654, 0.0048676, , , , , , , 14.9408654, -0.0005035, , , , , , , 14.9408654, 0.0052033, , , , , , , 14.9408654, 0.0137636, , , , , , , , , , , , , , , , , , , , , , , , , , , , 
14.9413846, -0.0129244, , , , , , , 14.9413846, 0.0035248, , , , , , , 14.9413846, 0.008896, , , , , , , 14.9413846, 0.0184634, , , , , , , , , , , , , , , , , , , , , , , , , , , , 
14.9419038, -0.0337377, , , , , , , 14.9419038, 0.0005035, , , , , , , 14.9419038, 0.0085603, , , , , , , 14.9419038, 0.0218204, , , , , , , , , , , , , , , , , , , , , , , , , , , , 
14.9424231, -0.047837, , , , , , , 14.9424231, -0.0065461, , , , , , , 14.9424231, 0.0078889, , , , , , , 14.9424231, 0.0253452, , , , , , , , , , , , , , , , , , , , , , , , , , , , 
14.9429423, -0.0572366, , , , , , , 14.9429423, -0.0162814, , , , , , , 14.9429423, 0.0142672, , , , , , , 14.9429423, 0.0325628, , , , , , , , , , , , , , , , , , , , , , , , , , , , 
14.9434615, -0.066804, , , , , , , 14.9434615, -0.0240024, , , , , , , 14.9434615, 0.0330663, , , , , , , 14.9434615, 0.040116, , , , , , , , , , , , , , , , , , , , , , , , , , , , 
14.9439808, -0.0720073, , , , , , , 14.9439808, -0.0196384, , , , , , , 14.9439808, 0.0569009, , , , , , , 14.9439808, 0.0421302, , , , , , , , , , , , , , , , , , , , , , , , , , , , 
14.9445, -0.0649577, , , , , , , 14.9445, -0.0008392, , , , , , , 14.9445, 0.0753643, , , , , , , 14.9445, 0.0394446, , , , , , , , , , , , , , , , , , , , , , , , , , , , 
14.9450192, -0.047837, , , , , , , 14.9450192, 0.0159457, , , , , , , 14.9450192, 0.0877852, , , , , , , 14.9450192, 0.0339055, , , , , , , , , , , , , , , , , , , , , , , , , , , , 
14.9455385, -0.0310521, , , , , , , 14.9455385, 0.0196384, , , , , , , 14.9455385, 0.0951705, , , , , , , 14.9455385, 0.0256809, , , , , , , , , , , , , , , , , , , , , , , , , , , , 
14.9460577, -0.0231632, , , , , , , 14.9460577, 0.0112459, , , , , , , 14.9460577, 0.0948348, , , , , , , 14.9460577, 0.0179599, , , , , , , , , , , , , , , , , , , , , , , , , , , , 
14.9465769, -0.0203098, , , , , , , 14.9465769, -0.0028534, , , , , , , 14.9465769, 0.0887922, , , , , , , 14.9465769, 0.012253, , , , , , , , , , , , , , , , , , , , , , , , , , , , 
14.9470962, -0.0117494, , , , , , , 14.9470962, -0.0115816, , , , , , , 14.9470962, 0.0770428, , , , , , , 14.9470962, 0.0099031, , , , , , , , , , , , , , , , , , , , , , , , , , , , 
14.9476154, -0.0008392, , , , , , , 14.9476154, -0.0166171, , , , , , , 14.9476154, 0.0575723, , , , , , , 14.9476154, 0.0095674, , , , , , , , , , , , , , , , , , , , , , , , , , , , 
14.9481346, 0.0031891, , , , , , , 14.9481346, -0.0162814, , , , , , , 14.9481346, 0.0330663, , , , , , , 14.9481346, 0.0092317, , , , , , , , , , , , , , , , , , , , , , , , , , , , 
14.9486538, 0.0031891, , , , , , , 14.9486538, -0.0125887, , , , , , , 14.9486538, 0.0062104, , , , , , , 14.9486538, 0.0092317, , , , , , , , , , , , , , , , , , , , , , , , , , , , 
14.9491731, 0.0078889, , , , , , , 14.9491731, -0.012253, , , , , , , 14.9491731, -0.0223239, , , , , , , 14.9491731, 0.0075532, , , , , , , , , , , , , , , , , , , , , , , , , , , , 
14.9496923, 0.010071, , , , , , , 14.9496923, -0.008896, , , , , , , 14.9496923, -0.0501869, , , , , , , 14.9496923, 0.0025177, , , , , , , , , , , , , , , , , , , , , , , , , , , , 
14.9502115, 0.0085603, , , , , , , 14.9502115, 0.0018463, , , , , , , 14.9502115, -0.0736858, , , , , , , 14.9502115, -0.0015106, , , , , , , , , , , , , , , , , , , , , , , , , , , , 
14.9507308, 0.0097353, , , , , , , 14.9507308, 0.0124208, , , , , , , 14.9507308, -0.0904707, , , , , , , 14.9507308, -0.0052033, , , , , , , , , , , , , , , , , , , , , , , , , , , , 
14.95125, 0.0125887, , , , , , , 14.95125, 0.0058747, , , , , , , 14.95125, -0.0995346, , , , , , , 14.95125, -0.0057069, , , , , , , , , , , , , , , , , , , , , , , , , , , , 
14.9517692, 0.0191348, , , , , , , 14.9517692, -0.0130922, , , , , , , 14.9517692, -0.1012131, , , , , , , 14.9517692, -0.0015106, , , , , , , , , , , , , , , , , , , , , , , , , , , , 
14.9522885, 0.0280308, , , , , , , 14.9522885, -0.0198062, , , , , , , 14.9522885, -0.0988632, , , , , , , 14.9522885, 0.0023499, , , , , , , , , , , , , , , , , , , , , , , , , , , , 
14.9528077, 0.0310521, , , , , , , 14.9528077, -0.0062104, , , , , , , 14.9528077, -0.0985275, , , , , , , 14.9528077, 0.0026856, , , , , , , , , , , , , , , , , , , , , , , , , , , , 
14.9533269, 0.030045, , , , , , , 14.9533269, 0.0015106, , , , , , , 14.9533269, -0.0995346, , , , , , , 14.9533269, 0.0005035, , , , , , , , , , , , , , , , , , , , , , , , , , , , 
14.9538462, 0.0293736, , , , , , , 14.9538462, -0.0052033, , , , , , , 14.9538462, -0.0941634, , , , , , , 14.9538462, -0.0031891, , , , , , , , , , , , , , , , , , , , , , , , , , , , 
14.9543654, 0.0404517, , , , , , , 14.9543654, -0.0114137, , , , , , , 14.9543654, -0.0795605, , , , , , , 14.9543654, -0.0035248, , , , , , , , , , , , , , , , , , , , , , , , , , , , 
14.9548846, 0.0589151, , , , , , , 14.9548846, -0.0092317, , , , , , , 14.9548846, -0.0589151, , , , , , , 14.9548846, -0.0057069, , , , , , , , , , , , , , , , , , , , , , , , , , , , 
14.9554038, 0.0736858, , , , , , , 14.9554038, -0.0028534, , , , , , , 14.9554038, -0.0404517, , , , , , , 14.9554038, -0.0090639, , , , , , , , , , , , , , , , , , , , , , , , , , , , 
14.9559231, 0.0803998, , , , , , , 14.9559231, 0.0085603, , , , , , , 14.9559231, -0.0243381, , , , , , , 14.9559231, -0.0095674, , , , , , , , , , , , , , , , , , , , , , , , , , , , 
14.9564423, 0.0861067, , , , , , , 14.9564423, 0.0253452, , , , , , , 14.9564423, -0.0115816, , , , , , , 14.9564423, -0.0104067, , , , , , , , , , , , , , , , , , , , , , , , , , , , 
14.9569615, 0.0897993, , , , , , , 14.9569615, 0.0411231, , , , , , , 14.9569615, -0.0035248, , , , , , , 14.9569615, -0.0102388, , , , , , , , , , , , , , , , , , , , , , , , , , , , 
14.9574808, 0.0861067, , , , , , , 14.9574808, 0.0491798, , , , , , , 14.9574808, 0.0045319, , , , , , , 14.9574808, -0.0075532, , , , , , , , , , , , , , , , , , , , , , , , , , , , 
14.958, 0.0793927, , , , , , , 14.958, 0.0404517, , , , , , , 14.958, 0.0169528, , , , , , , 14.958, -0.0045319, , , , , , , , , , , , , , , , , , , , , , , , , , , , 
14.9585192, 0.0669718, , , , , , , 14.9585192, 0.0181277, , , , , , , 14.9585192, 0.0290379, , , , , , , 14.9585192, -0.002182, , , , , , , , , , , , , , , , , , , , , , , , , , , , 
14.9590385, 0.0505226, , , , , , , 14.9590385, -0.0083925, , , , , , , 14.9590385, 0.0364233, , , , , , , 14.9590385, 0.0035248, , , , , , , , , , , , , , , , , , , , , , , , , , , , 
14.9595577, 0.0347448, , , , , , , 14.9595577, -0.0276951, , , , , , , 14.9595577, 0.036759, , , , , , , 14.9595577, 0.0112459, , , , , , , , , , , , , , , , , , , , , , , , , , , , 
14.9600769, 0.0169528, , , , , , , 14.9600769, -0.0340734, , , , , , , 14.9600769, 0.0320592, , , , , , , 14.9600769, 0.018967, , , , , , , , , , , , , , , , , , , , , , , , , , , , 
14.9605962, -0.0028534, , , , , , , 14.9605962, -0.0317235, , , , , , , 14.9605962, 0.0297093, , , , , , , 14.9605962, 0.0280308, , , , , , , , , , , , , , , , , , , , , , , , , , , , 
14.9611154, -0.0223239, , , , , , , 14.9611154, -0.030045, , , , , , , 14.9611154, 0.0323949, , , , , , , 14.9611154, 0.0370947, , , , , , , , , , , , , , , , , , , , , , , , , , , , 
14.9616346, -0.0391089, , , , , , , 14.9616346, -0.0379339, , , , , , , 14.9616346, 0.0318914, , , , , , , 14.9616346, 0.0448157, , , , , , , , , , , , , , , , , , , , , , , , , , , , 
14.9621538, -0.0522011, , , , , , , 14.9621538, -0.0471656, , , , , , , 14.9621538, 0.0250095, , , , , , , 14.9621538, 0.0515297, , , , , , , , , , , , , , , , , , , , , , , , , , , , 
14.9626731, -0.061265, , , , , , , 14.9626731, -0.0475013, , , , , , , 14.9626731, 0.0166171, , , , , , , 14.9626731, 0.0589151, , , , , , , , , , , , , , , , , , , , , , , , , , , , 
14.9631923, -0.0686503, , , , , , , 14.9631923, -0.0471656, , , , , , , 14.9631923, 0.0072175, , , , , , , 14.9631923, 0.0616007, , , , , , , , , , , , , , , , , , , , , , , , , , , , 
14.9637115, -0.0740215, , , , , , , 14.9637115, -0.0485084, , , , , , , 14.9637115, -0.005539, , , , , , , 14.9637115, 0.0602579, , , , , , , , , , , , , , , , , , , , , , , , , , , , 
14.9642308, -0.0740215, , , , , , , 14.9642308, -0.0426337, , , , , , , 14.9642308, -0.0206455, , , , , , , 14.9642308, 0.0582437, , , , , , , , , , , , , , , , , , , , , , , , , , , , 
14.96475, -0.0666361, , , , , , , 14.96475, -0.0226596, , , , , , , 14.96475, -0.0287022, , , , , , , 14.96475, 0.0542153, , , , , , , , , , , , , , , , , , , , , , , , , , , , 
14.9652692, -0.0493477, , , , , , , 14.9652692, 0.0028534, , , , , , , 14.9652692, -0.0256809, , , , , , , 14.9652692, 0.0468299, , , , , , , , , , , , , , , , , , , , , , , , , , , , 
14.9657885, -0.0280308, , , , , , , 14.9657885, 0.0109102, , , , , , , 14.9657885, -0.0223239, , , , , , , 14.9657885, 0.0377661, , , , , , , , , , , , , , , , , , , , , , , , , , , , 
14.9663077, -0.0193027, , , , , , , 14.9663077, 0.0031891, , , , , , , 14.9663077, -0.0290379, , , , , , , 14.9663077, 0.0287022, , , , , , , , , , , , , , , , , , , , , , , , , , , , 
14.9668269, -0.0135958, , , , , , , 14.9668269, -0.0011749, , , , , , , 14.9668269, -0.0364233, , , , , , , 14.9668269, 0.0193027, , , , , , , , , , , , , , , , , , , , , , , , , , , , 
14.9673462, -0.0025177, , , , , , , 14.9673462, -0.0015106, , , , , , , 14.9673462, -0.0357519, , , , , , , 14.9673462, 0.0065461, , , , , , , , , , , , , , , , , , , , , , , , , , , , 
14.9678654, 0.0112459, , , , , , , 14.9678654, -0.0062104, , , , , , , 14.9678654, -0.0298772, , , , , , , 14.9678654, -0.002182, , , , , , , , , , , , , , , , , , , , , , , , , , , , 
14.9683846, 0.0224918, , , , , , , 14.9683846, -0.0099031, , , , , , , 14.9683846, -0.0250095, , , , , , , 14.9683846, -0.0062104, , , , , , , , , , , , , , , , , , , , , , , , , , , , 
14.9689038, 0.0344091, , , , , , , 14.9689038, 0.0152743, , , , , , , 14.9689038, -0.0198062, , , , , , , 14.9689038, -0.0095674, , , , , , , , , , , , , , , , , , , , , , , , , , , , 
14.9694231, 0.0458228, , , , , , , 14.9694231, 0.0847639, , , , , , , 14.9694231, -0.0102388, , , , , , , 14.9694231, -0.0149386, , , , , , , , , , , , , , , , , , , , , , , , , , , , 
14.9699423, 0.0542153, , , , , , , 14.9699423, 0.1408255, , , , , , , 14.9699423, 0.0048676, , , , , , , 14.9699423, -0.0159457, , , , , , , , , , , , , , , , , , , , , , , , , , , , 
14.9704615, 0.0542153, , , , , , , 14.9704615, 0.1320974, , , , , , , 14.9704615, 0.0166171, , , , , , , 14.9704615, -0.012253, , , , , , , , , , , , , , , , , , , , , , , , , , , , 
14.9709808, 0.0515297, , , , , , , 14.9709808, 0.0820783, , , , , , , 14.9709808, 0.0231632, , , , , , , 14.9709808, -0.012253, , , , , , , , , , , , , , , , , , , , , , , , , , , , 
14.9715, 0.0527047, , , , , , , 14.9715, 0.0461585, , , , , , , 14.9715, 0.026688, , , , , , , 14.9715, -0.01561, , , , , , , , , , , , , , , , , , , , , , , , , , , , 
14.9720192, 0.0515297, , , , , , , 14.9720192, 0.040116, , , , , , , 14.9720192, 0.0246738, , , , , , , 14.9720192, -0.0169528, , , , , , , , , , , , , , , , , , , , , , , , , , , , 
14.9725385, 0.0488441, , , , , , , 14.9725385, 0.0330663, , , , , , , 14.9725385, 0.0172885, , , , , , , 14.9725385, -0.014435, , , , , , , , , , , , , , , , , , , , , , , , , , , , 
14.9730577, 0.0501869, , , , , , , 14.9730577, 0.0082246, , , , , , , 14.9730577, 0.0073854, , , , , , , 14.9730577, -0.0137636, , , , , , , , , , , , , , , , , , , , , , , , , , , , 
14.9735769, 0.0522011, , , , , , , 14.9735769, -0.0219883, , , , , , , 14.9735769, -0.0058747, , , , , , , 14.9735769, -0.0115816, , , , , , , , , , , , , , , , , , , , , , , , , , , , 
14.9740962, 0.0562295, , , , , , , 14.9740962, -0.0377661, , , , , , , 14.9740962, -0.01561, , , , , , , 14.9740962, -0.0060426, , , , , , , , , , , , , , , , , , , , , , , , , , , , 
14.9746154, 0.064622, , , , , , , 14.9746154, -0.0471656, , , , , , , 14.9746154, -0.0159457, , , , , , , 14.9746154, -0.0008392, , , , , , , , , , , , , , , , , , , , , , , , , , , , 
14.9751346, 0.0703288, , , , , , , 14.9751346, -0.0679789, , , , , , , 14.9751346, -0.0058747, , , , , , , 14.9751346, 0.0070497, , , , , , , , , , , , , , , , , , , , , , , , , , , , 
14.9756538, 0.0699931, , , , , , , 14.9756538, -0.0995346, , , , , , , 14.9756538, 0.0068818, , , , , , , 14.9756538, 0.0166171, , , , , , , , , , , , , , , , , , , , , , , , , , , , 
14.9761731, 0.0649577, , , , , , , 14.9761731, -0.1116197, , , , , , , 14.9761731, 0.0159457, , , , , , , 14.9761731, 0.0250095, , , , , , , , , , , , , , , , , , , , , , , , , , , , 
14.9766923, 0.0572366, , , , , , , 14.9766923, -0.0887922, , , , , , , 14.9766923, 0.0231632, , , , , , , 14.9766923, 0.0332341, , , , , , , , , , , , , , , , , , , , , , , , , , , , 
14.9772115, 0.0491798, , , , , , , 14.9772115, -0.0538796, , , , , , , 14.9772115, 0.0250095, , , , , , , 14.9772115, 0.0407874, , , , , , , , , , , , , , , , , , , , , , , , , , , , 
14.9777308, 0.0397803, , , , , , , 14.9777308, -0.040116, , , , , , , 14.9777308, 0.0213169, , , , , , , 14.9777308, 0.0428016, , , , , , , , , , , , , , , , , , , , , , , , , , , , 
14.97825, 0.0273594, , , , , , , 14.97825, -0.0439765, , , , , , , 14.97825, 0.0166171, , , , , , , 14.97825, 0.0394446, , , , , , , , , , , , , , , , , , , , , , , , , , , , 
14.9787692, 0.018967, , , , , , , 14.9787692, -0.0459907, , , , , , , 14.9787692, 0.0062104, , , , , , , 14.9787692, 0.0347448, , , , , , , , , , , , , , , , , , , , , , , , , , , , 
14.9792885, 0.0162814, , , , , , , 14.9792885, -0.0508583, , , , , , , 14.9792885, -0.0043641, , , , , , , 14.9792885, 0.0280308, , , , , , , , , , , , , , , , , , , , , , , , , , , , 
14.9798077, 0.0025177, , , , , , , 14.9798077, -0.0699931, , , , , , , 14.9798077, -0.0105745, , , , , , , 14.9798077, 0.0206455, , , , , , , , , , , , , , , , , , , , , , , , , , , , 
14.9803269, -0.0149386, , , , , , , 14.9803269, -0.096849, , , , , , , 14.9803269, -0.0112459, , , , , , , 14.9803269, 0.0179599, , , , , , , , , , , , , , , , , , , , , , , , , , , , 
14.9808462, -0.0276951, , , , , , , 14.9808462, -0.1131304, , , , , , , 14.9808462, -0.0112459, , , , , , , 14.9808462, 0.0193027, , , , , , , , , , , , , , , , , , , , , , , , , , , , 
14.9813654, -0.0397803, , , , , , , 14.9813654, -0.1018845, , , , , , , 14.9813654, -0.0129244, , , , , , , 14.9813654, 0.0196384, , , , , , , , , , , , , , , , , , , , , , , , , , , , 
14.9818846, -0.0506905, , , , , , , 14.9818846, -0.0676432, , , , , , , 14.9818846, -0.0135958, , , , , , , 14.9818846, 0.0226596, , , , , , , , , , , , , , , , , , , , , , , , , , , , 
14.9824038, -0.0552224, , , , , , , 14.9824038, -0.043473, , , , , , , 14.9824038, -0.0129244, , , , , , , 14.9824038, 0.0273594, , , , , , , , , , , , , , , , , , , , , , , , , , , , 
14.9829231, -0.0605936, , , , , , , 14.9829231, -0.0310521, , , , , , , 14.9829231, -0.0105745, , , , , , , 14.9829231, 0.0323949, , , , , , , , , , , , , , , , , , , , , , , , , , , , 
14.9834423, -0.0699931, , , , , , , 14.9834423, -0.0182956, , , , , , , 14.9834423, -0.0078889, , , , , , , 14.9834423, 0.0345769, , , , , , , , , , , , , , , , , , , , , , , , , , , , 
14.9839615, -0.0757, , , , , , , 14.9839615, -0.012253, , , , , , , 14.9839615, -0.0078889, , , , , , , 14.9839615, 0.0317235, , , , , , , , , , , , , , , , , , , , , , , , , , , , 
14.9844808, -0.0694896, , , , , , , 14.9844808, -0.0072175, , , , , , , 14.9844808, -0.0102388, , , , , , , 14.9844808, 0.0229953, , , , , , , , , , , , , , , , , , , , , , , , , , , , 
14.985, -0.0498512, , , , , , , 14.985, 0.0052033, , , , , , , 14.985, -0.0068818, , , , , , , 14.985, 0.0142672, , , , , , , , , , , , , , , , , , , , , , , , , , , , 
14.9855192, -0.0263523, , , , , , , 14.9855192, 0.0129244, , , , , , , 14.9855192, 0.0050355, , , , , , , 14.9855192, 0.0093996, , , , , , , , , , , , , , , , , , , , , , , , , , , , 
14.9860385, -0.012253, , , , , , , 14.9860385, -0.0077211, , , , , , , 14.9860385, 0.0204776, , , , , , , 14.9860385, 0.0092317, , , , , , , , , , , , , , , , , , , , , , , , , , , , 
14.9865577, -0.0062104, , , , , , , 14.9865577, -0.047837, , , , , , , 14.9865577, 0.0357519, , , , , , , 14.9865577, 0.008896, , , , , , , , , , , , , , , , , , , , , , , , , , , , 
14.9870769, 0.0005035, , , , , , , 14.9870769, -0.0654612, , , , , , , 14.9870769, 0.0501869, , , , , , , 14.9870769, 0.0102388, , , , , , , , , , , , , , , , , , , , , , , , , , , , 
14.9875962, 0.0041962, , , , , , , 14.9875962, -0.0548867, , , , , , , 14.9875962, 0.0636149, , , , , , , 14.9875962, 0.0115816, , , , , , , , , , , , , , , , , , , , , , , , , , , , 
14.9881154, 0.0052033, , , , , , , 14.9881154, -0.0397803, , , , , , , 14.9881154, 0.0733501, , , , , , , 14.9881154, 0.011078, , , , , , , , , , , , , , , , , , , , , , , , , , , , 
14.9886346, 0.0072175, , , , , , , 14.9886346, -0.0260166, , , , , , , 14.9886346, 0.0741894, , , , , , , 14.9886346, 0.0072175, , , , , , , , , , , , , , , , , , , , , , , , , , , , 
14.9891538, 0.0097353, , , , , , , 14.9891538, -0.0082246, , , , , , , 14.9891538, 0.0683146, , , , , , , 14.9891538, 0.0031891, , , , , , , , , , , , , , , , , , , , , , , , , , , , 
14.9896731, 0.0162814, , , , , , , 14.9896731, 0.0129244, , , , , , , 14.9896731, 0.0580758, , , , , , , 14.9896731, -0.0001678, , , , , , , , , , , , , , , , , , , , , , , , , , , , 
14.9901923, 0.023331, , , , , , , 14.9901923, 0.0258488, , , , , , , 14.9901923, 0.0384375, , , , , , , 14.9901923, -0.002182, , , , , , , , , , , , , , , , , , , , , , , , , , , , 
14.9907115, 0.0250095, , , , , , , 14.9907115, 0.0253452, , , , , , , 14.9907115, 0.0058747, , , , , , , 14.9907115, -0.0008392, , , , , , , , , , , , , , , , , , , , , , , , , , , , 
14.9912308, 0.0199741, , , , , , , 14.9912308, 0.018967, , , , , , , 14.9912308, -0.033402, , , , , , , 14.9912308, -0.0028534, , , , , , , , , , , , , , , , , , , , , , , , , , , , 
14.99175, 0.0176242, , , , , , , 14.99175, 0.0142672, , , , , , , 14.99175, -0.0693217, , , , , , , 14.99175, -0.0090639, , , , , , , , , , , , , , , , , , , , , , , , , , , , 
14.9922692, 0.0223239, , , , , , , 14.9922692, 0.0246738, , , , , , , 14.9922692, -0.0955062, , , , , , , 14.9922692, -0.0149386, , , , , , , , , , , , , , , , , , , , , , , , , , , , 
14.9927885, 0.0276951, , , , , , , 14.9927885, 0.0421302, , , , , , , 14.9927885, -0.1122911, , , , , , , 14.9927885, -0.0182956, , , , , , , , , , , , , , , , , , , , , , , , , , , , 
14.9933077, 0.0240024, , , , , , , 14.9933077, 0.0533761, , , , , , , 14.9933077, -0.119173, , , , , , , 14.9933077, -0.0203098, , , , , , , , , , , , , , , , , , , , , , , , , , , , 
14.9938269, 0.0229953, , , , , , , 14.9938269, 0.0535439, , , , , , , 14.9938269, -0.1196765, , , , , , , 14.9938269, -0.0199741, , , , , , , , , , , , , , , , , , , , , , , , , , , , 
14.9943462, 0.033402, , , , , , , 14.9943462, 0.0481727, , , , , , , 14.9943462, -0.1200122, , , , , , , 14.9943462, -0.0203098, , , , , , , , , , , , , , , , , , , , , , , , , , , , 
14.9948654, 0.0481727, , , , , , , 14.9948654, 0.0424659, , , , , , , 14.9948654, -0.1206836, , , , , , , 14.9948654, -0.0219883, , , , , , , , , , , , , , , , , , , , , , , , , , , , 
14.9953846, 0.0609293, , , , , , , 14.9953846, 0.03122, , , , , , , 14.9953846, -0.1139696, , , , , , , 14.9953846, -0.0223239, , , , , , , , , , , , , , , , , , , , , , , , , , , , 
14.9959038, 0.072343, , , , , , , 14.9959038, 0.0132601, , , , , , , 14.9959038, -0.0924849, , , , , , , 14.9959038, -0.0209812, , , , , , , , , , , , , , , , , , , , , , , , , , , , 
14.9964231, 0.0803998, , , , , , , 14.9964231, 0.0062104, , , , , , , 14.9964231, -0.0622721, , , , , , , 14.9964231, -0.0186313, , , , , , , , , , , , , , , , , , , , , , , , , , , , 
14.9969423, 0.085771, , , , , , , 14.9969423, 0.0119173, , , , , , , 14.9969423, -0.0344091, , , , , , , 14.9969423, -0.0149386, , , , , , , , , , , , , , , , , , , , , , , , , , , , 
14.9974615, 0.0881209, , , , , , , 14.9974615, 0.0196384, , , , , , , 14.9974615, -0.0129244, , , , , , , 14.9974615, -0.0075532, , , , , , , , , , , , , , , , , , , , , , , , , , , , 
14.9979808, 0.0820783, , , , , , , 14.9979808, 0.026688, , , , , , , 14.9979808, 0.0025177, , , , , , , 14.9979808, 0.0011749, , , , , , , , , , , , , , , , , , , , , , , , , , , , 
14.9985, 0.0683146, , , , , , , 14.9985, 0.0350805, , , , , , , 14.9985, 0.0135958, , , , , , , 14.9985, 0.0097353, , , , , , , , , , , , , , , , , , , , , , , , , , , , 
14.9990192, 0.0542153, , , , , , , 14.9990192, 0.0428016, , , , , , , 14.9990192, 0.0169528, , , , , , , 14.9990192, 0.0172885, , , , , , , , , , , , , , , , , , , , , , , , , , , , 
14.9995385, 0.0419623, , , , , , , 14.9995385, 0.0468299, , , , , , , 14.9995385, 0.0149386, , , , , , , 14.9995385, 0.0219883, , , , , , , , , , , , , , , , , , , , , , , , , , , , 
15.0000577, 0.0320592, , , , , , , 15.0000577, 0.0464942, , , , , , , 15.0000577, 0.0065461, , , , , , , 15.0000577, 0.0251774, , , , , , , , , , , , , , , , , , , , , , , , , , , , 
15.0005769, 0.0159457, , , , , , , 15.0005769, 0.0364233, , , , , , , 15.0005769, -0.0036927, , , , , , , 15.0005769, 0.0307164, , , , , , , , , , , , , , , , , , , , , , , , , , , , 
15.0010962, -0.0041962, , , , , , , 15.0010962, 0.0203098, , , , , , , 15.0010962, -0.0102388, , , , , , , 15.0010962, 0.0404517, , , , , , , , , , , , , , , , , , , , , , , , , , , , 
15.0016154, -0.0240024, , , , , , , 15.0016154, 0.0099031, , , , , , , 15.0016154, -0.011078, , , , , , , 15.0016154, 0.0508583, , , , , , , , , , , , , , , , , , , , , , , , , , , , 
15.0021346, -0.0414588, , , , , , , 15.0021346, 0.0085603, , , , , , , 15.0021346, -0.0097353, , , , , , , 15.0021346, 0.0585794, , , , , , , , , , , , , , , , , , , , , , , , , , , , 
15.0026538, -0.0525368, , , , , , , 15.0026538, 0.0045319, , , , , , , 15.0026538, -0.0092317, , , , , , , 15.0026538, 0.0636149, , , , , , , , , , , , , , , , , , , , , , , , , , , , 
15.0031731, -0.0595865, , , , , , , 15.0031731, -0.0048676, , , , , , , 15.0031731, -0.012253, , , , , , , 15.0031731, 0.0636149, , , , , , , , , , , , , , , , , , , , , , , , , , , , 
15.0036923, -0.061265, , , , , , , 15.0036923, -0.0082246, , , , , , , 15.0036923, -0.0198062, , , , , , , 15.0036923, 0.0607614, , , , , , , , , , , , , , , , , , , , , , , , , , , , 
15.0042115, -0.0582437, , , , , , , 15.0042115, -0.0011749, , , , , , , 15.0042115, -0.0243381, , , , , , , 15.0042115, 0.0555581, , , , , , , , , , , , , , , , , , , , , , , , , , , , 
15.0047308, -0.0498512, , , , , , , 15.0047308, 0.0078889, , , , , , , 15.0047308, -0.0182956, , , , , , , 15.0047308, 0.0473335, , , , , , , , , , , , , , , , , , , , , , , , , , , , 
15.00525, -0.0350805, , , , , , , 15.00525, 0.005539, , , , , , , 15.00525, -0.0068818, , , , , , , 15.00525, 0.040116, , , , , , , , , , , , , , , , , , , , , , , , , , , , 
15.0057692, -0.0219883, , , , , , , 15.0057692, -0.0052033, , , , , , , 15.0057692, 0.0035248, , , , , , , 15.0057692, 0.0360876, , , , , , , , , , , , , , , , , , , , , , , , , , , , 
15.0062885, -0.0105745, , , , , , , 15.0062885, -0.0152743, , , , , , , 15.0062885, 0.0082246, , , , , , , 15.0062885, 0.033402, , , , , , , , , , , , , , , , , , , , , , , , , , , , 
15.0068077, -0.0041962, , , , , , , 15.0068077, -0.0216526, , , , , , , 15.0068077, 0.0083925, , , , , , , 15.0068077, 0.030045, , , , , , , , , , , , , , , , , , , , , , , , , , , , 
15.0073269, 0.0018463, , , , , , , 15.0073269, -0.021149, , , , , , , 15.0073269, 0.0102388, , , , , , , 15.0073269, 0.0243381, , , , , , , , , , , , , , , , , , , , , , , , , , , , 
15.0078462, 0.0112459, , , , , , , 15.0078462, -0.0166171, , , , , , , 15.0078462, 0.012253, , , , , , , 15.0078462, 0.0186313, , , , , , , , , , , , , , , , , , , , , , , , , , , , 
15.0083654, 0.0167849, , , , , , , 15.0083654, -0.0102388, , , , , , , 15.0083654, 0.0119173, , , , , , , 15.0083654, 0.014435, , , , , , , , , , , , , , , , , , , , , , , , , , , , 
15.0088846, 0.0186313, , , , , , , 15.0088846, -0.0005035, , , , , , , 15.0088846, 0.0085603, , , , , , , 15.0088846, 0.008896, , , , , , , , , , , , , , , , , , , , , , , , , , , , 
15.0094038, 0.0216526, , , , , , , 15.0094038, 0.0070497, , , , , , , 15.0094038, 0.0038605, , , , , , , 15.0094038, 0.0018463, , , , , , , , , , , , , , , , , , , , , , , , , , , , 
15.0099231, 0.0238346, , , , , , , 15.0099231, -0.0018463, , , , , , , 15.0099231, 0.002182, , , , , , , 15.0099231, -0.0031891, , , , , , , , , , , , , , , , , , , , , , , , , , , , 
15.0104423, 0.0240024, , , , , , , 15.0104423, -0.0219883, , , , , , , 15.0104423, 0.0025177, , , , , , , 15.0104423, -0.0052033, , , , , , , , , , , , , , , , , , , , , , , , , , , , 
15.0109615, 0.0251774, , , , , , , 15.0109615, -0.0337377, , , , , , , 15.0109615, 0.0003357, , , , , , , 15.0109615, -0.005539, , , , , , , , , , , , , , , , , , , , , , , , , , , , 
15.0114808, 0.0280308, , , , , , , 15.0114808, -0.0414588, , , , , , , 15.0114808, 0.0001678, , , , , , , 15.0114808, -0.0052033, , , , , , , , , , , , , , , , , , , , , , , , , , , , 
15.012, 0.0271916, , , , , , , 15.012, -0.0532082, , , , , , , 15.012, 0.008896, , , , , , , 15.012, -0.0030213, , , , , , , , , , , , , , , , , , , , , , , , , , , , 
15.0125192, 0.0250095, , , , , , , 15.0125192, -0.0599222, , , , , , , 15.0125192, 0.0270237, , , , , , , 15.0125192, 0.002182, , , , , , , , , , , , , , , , , , , , , , , , , , , , 
15.0130385, 0.0261845, , , , , , , 15.0130385, -0.0439765, , , , , , , 15.0130385, 0.0466621, , , , , , , 15.0130385, 0.0092317, , , , , , , , , , , , , , , , , , , , , , , , , , , , 
15.0135577, 0.0293736, , , , , , , 15.0135577, 0.0005035, , , , , , , 15.0135577, 0.0569009, , , , , , , 15.0135577, 0.0157778, , , , , , , , , , , , , , , , , , , , , , , , , , , , 
15.0140769, 0.0357519, , , , , , , 15.0140769, 0.0569009, , , , , , , 15.0140769, 0.0535439, , , , , , , 15.0140769, 0.0172885, , , , , , , , , , , , , , , , , , , , , , , , , , , , 
15.0145962, 0.0475013, , , , , , , 15.0145962, 0.0938277, , , , , , , 15.0145962, 0.0381018, , , , , , , 15.0145962, 0.0109102, , , , , , , , , , , , , , , , , , , , , , , , , , , , 
15.0151154, 0.0642863, , , , , , , 15.0151154, 0.0943313, , , , , , , 15.0151154, 0.0132601, , , , , , , 15.0151154, 0.0008392, , , , , , , , , , , , , , , , , , , , , , , , , , , , 
15.0156346, 0.0757, , , , , , , 15.0156346, 0.0817426, , , , , , , 15.0156346, -0.014435, , , , , , , 15.0156346, -0.0068818, , , , , , , , , , , , , , , , , , , , , , , , , , , , 
15.0161538, 0.0817426, , , , , , , 15.0161538, 0.0797284, , , , , , , 15.0161538, -0.0364233, , , , , , , 15.0161538, -0.0102388, , , , , , , , , , , , , , , , , , , , , , , , , , , , 
15.0166731, 0.0854353, , , , , , , 15.0166731, 0.0706645, , , , , , , 15.0166731, -0.0498512, , , , , , , 15.0166731, -0.0117494, , , , , , , , , , , , , , , , , , , , , , , , , , , , 
15.0171923, 0.0850996, , , , , , , 15.0171923, 0.0323949, , , , , , , 15.0171923, -0.0558938, , , , , , , 15.0171923, -0.012253, , , , , , , , , , , , , , , , , , , , , , , , , , , , 
15.0177115, 0.0787213, , , , , , , 15.0177115, -0.024506, , , , , , , 15.0177115, -0.0560616, , , , , , , 15.0177115, -0.0112459, , , , , , , , , , , , , , , , , , , , , , , , , , , , 
15.0182308, 0.066804, , , , , , , 15.0182308, -0.0733501, , , , , , , 15.0182308, -0.0538796, , , , , , , 15.0182308, -0.0063783, , , , , , , , , , , , , , , , , , , , , , , , , , , , 
15.01875, 0.0515297, , , , , , , 15.01875, -0.0991989, , , , , , , 15.01875, -0.0518654, , , , , , , 15.01875, 0.002182, , , , , , , , , , , , , , , , , , , , , , , , , , , , 
15.0192692, 0.0370947, , , , , , , 15.0192692, -0.1149767, , , , , , , 15.0192692, -0.0501869, , , , , , , 15.0192692, 0.0112459, , , , , , , , , , , , , , , , , , , , , , , , , , , , 
15.0197885, 0.0240024, , , , , , , 15.0197885, -0.1166552, , , , , , , 15.0197885, -0.0448157, , , , , , , 15.0197885, 0.023331, , , , , , , , , , , , , , , , , , , , , , , , , , , , 
15.0203077, 0.0072175, , , , , , , 15.0203077, -0.0944991, , , , , , , 15.0203077, -0.0357519, , , , , , , 15.0203077, 0.0347448, , , , , , , , , , , , , , , , , , , , , , , , , , , , 
15.0208269, -0.012253, , , , , , , 15.0208269, -0.0656291, , , , , , , 15.0208269, -0.0256809, , , , , , , 15.0208269, 0.0414588, , , , , , , , , , , , , , , , , , , , , , , , , , , , 
15.0213462, -0.026688, , , , , , , 15.0213462, -0.0364233, , , , , , , 15.0213462, -0.014435, , , , , , , 15.0213462, 0.043473, , , , , , , , , , , , , , , , , , , , , , , , , , , , 
15.0218654, -0.0372625, , , , , , , 15.0218654, -0.0166171, , , , , , , 15.0218654, -0.0031891, , , , , , , 15.0218654, 0.0428016, , , , , , , , , , , , , , , , , , , , , , , , , , , , 
15.0223846, -0.0485084, , , , , , , 15.0223846, -0.0105745, , , , , , , 15.0223846, 0.0063783, , , , , , , 15.0223846, 0.0421302, , , , , , , , , , , , , , , , , , , , , , , , , , , , 
15.0229038, -0.0592508, , , , , , , 15.0229038, -0.0253452, , , , , , , 15.0229038, 0.0130922, , , , , , , 15.0229038, 0.0394446, , , , , , , , , , , , , , , , , , , , , , , , , , , , 
15.0234231, -0.0673075, , , , , , , 15.0234231, -0.0619364, , , , , , , 15.0234231, 0.0162814, , , , , , , 15.0234231, 0.036759, , , , , , , , , , , , , , , , , , , , , , , , , , , , 
15.0239423, -0.0673075, , , , , , , 15.0239423, -0.0869459, , , , , , , 15.0239423, 0.0169528, , , , , , , 15.0239423, 0.0325628, , , , , , , , , , , , , , , , , , , , , , , , , , , , 
15.0244615, -0.0592508, , , , , , , 15.0244615, -0.0787213, , , , , , , 15.0244615, 0.0159457, , , , , , , 15.0244615, 0.0253452, , , , , , , , , , , , , , , , , , , , , , , , , , , , 
15.0249808, -0.0431373, , , , , , , 15.0249808, -0.0552224, , , , , , , 15.0249808, 0.0135958, , , , , , , 15.0249808, 0.0166171, , , , , , , , , , , , , , , , , , , , , , , , , , , , 
15.0255, -0.0240024, , , , , , , 15.0255, -0.0384375, , , , , , , 15.0255, 0.0130922, , , , , , , 15.0255, 0.0105745, , , , , , , , , , , , , , , , , , , , , , , , , , , , 
15.0260192, -0.0083925, , , , , , , 15.0260192, -0.0216526, , , , , , , 15.0260192, 0.0125887, , , , , , , 15.0260192, 0.005539, , , , , , , , , , , , , , , , , , , , , , , , , , , , 
15.0265385, 0.0005035, , , , , , , 15.0265385, -0.0068818, , , , , , , 15.0265385, 0.0149386, , , , , , , 15.0265385, -0.0008392, , , , , , , , , , , , , , , , , , , , , , , , , , , , 
15.0270577, 0.0072175, , , , , , , 15.0270577, -0.0070497, , , , , , , 15.0270577, 0.0166171, , , , , , , 15.0270577, -0.0072175, , , , , , , , , , , , , , , , , , , , , , , , , , , , 
15.0275769, 0.0132601, , , , , , , 15.0275769, -0.023331, , , , , , , 15.0275769, 0.0169528, , , , , , , 15.0275769, -0.012253, , , , , , , , , , , , , , , , , , , , , , , , , , , , 
15.0280962, 0.0179599, , , , , , , 15.0280962, -0.0471656, , , , , , , 15.0280962, 0.0162814, , , , , , , 15.0280962, -0.0139315, , , , , , , , , , , , , , , , , , , , , , , , , , , , 
15.0286154, 0.023331, , , , , , , 15.0286154, -0.0753643, , , , , , , 15.0286154, 0.0137636, , , , , , , 15.0286154, -0.0146029, , , , , , , , , , , , , , , , , , , , , , , , , , , , 
15.0291346, 0.0320592, , , , , , , 15.0291346, -0.0991989, , , , , , , 15.0291346, 0.0117494, , , , , , , 15.0291346, -0.0149386, , , , , , , , , , , , , , , , , , , , , , , , , , , , 
15.0296538, 0.0379339, , , , , , , 15.0296538, -0.1049058, , , , , , , 15.0296538, 0.0104067, , , , , , , 15.0296538, -0.0162814, , , , , , , , , , , , , , , , , , , , , , , , , , , , 
15.0301731, 0.0360876, , , , , , , 15.0301731, -0.0983597, , , , , , , 15.0301731, 0.0099031, , , , , , , 15.0301731, -0.0169528, , , , , , , , , , , , , , , , , , , , , , , , , , , , 
15.0306923, 0.0318914, , , , , , , 15.0306923, -0.0834211, , , , , , , 15.0306923, 0.0072175, , , , , , , 15.0306923, -0.0146029, , , , , , , , , , , , , , , , , , , , , , , , , , , , 
15.0312115, 0.0325628, , , , , , , 15.0312115, -0.0528725, , , , , , , 15.0312115, 0.0018463, , , , , , , 15.0312115, -0.012253, , , , , , , , , , , , , , , , , , , , , , , , , , , , 
15.0317308, 0.0394446, , , , , , , 15.0317308, -0.0196384, , , , , , , 15.0317308, -0.0038605, , , , , , , 15.0317308, -0.0092317, , , , , , , , , , , , , , , , , , , , , , , , , , , , 
15.03225, 0.0458228, , , , , , , 15.03225, -0.0001678, , , , , , , 15.03225, -0.0109102, , , , , , , 15.03225, -0.0041962, , , , , , , , , , , , , , , , , , , , , , , , , , , , 
15.0327692, 0.0448157, , , , , , , 15.0327692, 0.0193027, , , , , , , 15.0327692, -0.0179599, , , , , , , 15.0327692, 0.0038605, , , , , , , , , , , , , , , , , , , , , , , , , , , , 
15.0332885, 0.043473, , , , , , , 15.0332885, 0.0535439, , , , , , , 15.0332885, -0.0263523, , , , , , , 15.0332885, 0.0109102, , , , , , , , , , , , , , , , , , , , , , , , , , , , 
15.0338077, 0.0448157, , , , , , , 15.0338077, 0.0864424, , , , , , , 15.0338077, -0.0350805, , , , , , , 15.0338077, 0.0146029, , , , , , , , , , , , , , , , , , , , , , , , , , , , 
15.0343269, 0.0508583, , , , , , , 15.0343269, 0.0923171, , , , , , , 15.0343269, -0.0377661, , , , , , , 15.0343269, 0.0132601, , , , , , , , , , , , , , , , , , , , , , , , , , , , 
15.0348462, 0.0626078, , , , , , , 15.0348462, 0.0743572, , , , , , , 15.0348462, -0.0330663, , , , , , , 15.0348462, 0.0104067, , , , , , , , , , , , , , , , , , , , , , , , , , , , 
15.0353654, 0.0777142, , , , , , , 15.0353654, 0.0532082, , , , , , , 15.0353654, -0.0221561, , , , , , , 15.0353654, 0.0099031, , , , , , , , , , , , , , , , , , , , , , , , , , , , 
15.0358846, 0.0867781, , , , , , , 15.0358846, 0.0394446, , , , , , , 15.0358846, -0.0095674, , , , , , , 15.0358846, 0.0119173, , , , , , , , , , , , , , , , , , , , , , , , , , , , 
15.0364038, 0.0856031, , , , , , , 15.0364038, 0.0317235, , , , , , , 15.0364038, -0.0041962, , , , , , , 15.0364038, 0.0146029, , , , , , , , , , , , , , , , , , , , , , , , , , , , 
15.0369231, 0.0829175, , , , , , , 15.0369231, 0.0240024, , , , , , , 15.0369231, -0.0070497, , , , , , , 15.0369231, 0.0172885, , , , , , , , , , , , , , , , , , , , , , , , , , , , 
15.0374423, 0.076875, , , , , , , 15.0374423, 0.0199741, , , , , , , 15.0374423, -0.01561, , , , , , , 15.0374423, 0.0182956, , , , , , , , , , , , , , , , , , , , , , , , , , , , 
15.0379615, 0.0636149, , , , , , , 15.0379615, 0.0243381, , , , , , , 15.0379615, -0.0206455, , , , , , , 15.0379615, 0.0162814, , , , , , , , , , , , , , , , , , , , , , , , , , , , 
15.0384808, 0.0454871, , , , , , , 15.0384808, 0.0303807, , , , , , , 15.0384808, -0.0223239, , , , , , , 15.0384808, 0.0135958, , , , , , , , , , , , , , , , , , , , , , , , , , , , 
15.039, 0.0293736, , , , , , , 15.039, 0.0246738, , , , , , , 15.039, -0.0209812, , , , , , , 15.039, 0.0137636, , , , , , , , , , , , , , , , , , , , , , , , , , , , 
15.0395192, 0.0119173, , , , , , , 15.0395192, 0.0011749, , , , , , , 15.0395192, -0.0152743, , , , , , , 15.0395192, 0.0169528, , , , , , , , , , , , , , , , , , , , , , , , , , , , 
15.0400385, -0.0078889, , , , , , , 15.0400385, -0.0350805, , , , , , , 15.0400385, -0.005539, , , , , , , 15.0400385, 0.0219883, , , , , , , , , , , , , , , , , , , , , , , , , , , , 
15.0405577, -0.0263523, , , , , , , 15.0405577, -0.064622, , , , , , , 15.0405577, 0.0065461, , , , , , , 15.0405577, 0.024506, , , , , , , , , , , , , , , , , , , , , , , , , , , , 
15.0410769, -0.047837, , , , , , , 15.0410769, -0.0605936, , , , , , , 15.0410769, 0.0209812, , , , , , , 15.0410769, 0.0240024, , , , , , , , , , , , , , , , , , , , , , , , , , , , 
15.0415962, -0.061265, , , , , , , 15.0415962, -0.0206455, , , , , , , 15.0415962, 0.0307164, , , , , , , 15.0415962, 0.0260166, , , , , , , , , , , , , , , , , , , , , , , , , , , , 
15.0421154, -0.0652934, , , , , , , 15.0421154, 0.0273594, , , , , , , 15.0421154, 0.0347448, , , , , , , 15.0421154, 0.0307164, , , , , , , , , , , , , , , , , , , , , , , , , , , , 
15.0426346, -0.072343, , , , , , , 15.0426346, 0.0589151, , , , , , , 15.0426346, 0.0325628, , , , , , , 15.0426346, 0.0327306, , , , , , , , , , , , , , , , , , , , , , , , , , , , 
15.0431538, -0.0820783, , , , , , , 15.0431538, 0.0642863, , , , , , , 15.0431538, 0.0253452, , , , , , , 15.0431538, 0.0330663, , , , , , , , , , , , , , , , , , , , , , , , , , , , 
15.0436731, -0.0881209, , , , , , , 15.0436731, 0.0522011, , , , , , , 15.0436731, 0.0151064, , , , , , , 15.0436731, 0.0325628, , , , , , , , , , , , , , , , , , , , , , , , , , , , 
15.0441923, -0.0830854, , , , , , , 15.0441923, 0.0379339, , , , , , , 15.0441923, 0.0031891, , , , , , , 15.0441923, 0.0297093, , , , , , , , , , , , , , , , , , , , , , , , , , , , 
15.0447115, -0.0641184, , , , , , , 15.0447115, 0.0310521, , , , , , , 15.0447115, -0.0065461, , , , , , , 15.0447115, 0.027863, , , , , , , , , , , , , , , , , , , , , , , , , , , , 
15.0452308, -0.0466621, , , , , , , 15.0452308, 0.0240024, , , , , , , 15.0452308, -0.0135958, , , , , , , 15.0452308, 0.0273594, , , , , , , , , , , , , , , , , , , , , , , , , , , , 
15.04575, -0.0345769, , , , , , , 15.04575, 0.0072175, , , , , , , 15.04575, -0.0184634, , , , , , , 15.04575, 0.0246738, , , , , , , , , , , , , , , , , , , , , , , , , , , , 
15.0462692, -0.021149, , , , , , , 15.0462692, -0.0130922, , , , , , , 15.0462692, -0.0213169, , , , , , , 15.0462692, 0.0213169, , , , , , , , , , , , , , , , , , , , , , , , , , , , 
15.0467885, -0.0062104, , , , , , , 15.0467885, -0.0243381, , , , , , , 15.0467885, -0.0260166, , , , , , , 15.0467885, 0.0186313, , , , , , , , , , , , , , , , , , , , , , , , , , , , 
15.0473077, 0.0025177, , , , , , , 15.0473077, -0.0270237, , , , , , , 15.0473077, -0.0323949, , , , , , , 15.0473077, 0.0172885, , , , , , , , , , , , , , , , , , , , , , , , , , , , 
15.0478269, 0.0112459, , , , , , , 15.0478269, -0.0250095, , , , , , , 15.0478269, -0.0377661, , , , , , , 15.0478269, 0.0172885, , , , , , , , , , , , , , , , , , , , , , , , , , , , 
15.0483462, 0.0206455, , , , , , , 15.0483462, -0.0193027, , , , , , , 15.0483462, -0.0409552, , , , , , , 15.0483462, 0.0166171, , , , , , , , , , , , , , , , , , , , , , , , , , , , 
15.0488654, 0.0263523, , , , , , , 15.0488654, -0.0157778, , , , , , , 15.0488654, -0.0392767, , , , , , , 15.0488654, 0.0135958, , , , , , , , , , , , , , , , , , , , , , , , , , , , 
15.0493846, 0.0307164, , , , , , , 15.0493846, -0.0209812, , , , , , , 15.0493846, -0.036759, , , , , , , 15.0493846, 0.0099031, , , , , , , , , , , , , , , , , , , , , , , , , , , , 
15.0499038, 0.0340734, , , , , , , 15.0499038, -0.0186313, , , , , , , 15.0499038, -0.0370947, , , , , , , 15.0499038, 0.0063783, , , , , , , , , , , , , , , , , , , , , , , , , , , , 
15.0504231, 0.0391089, , , , , , , 15.0504231, 0.0057069, , , , , , , 15.0504231, -0.0377661, , , , , , , 15.0504231, 0.0045319, , , , , , , , , , , , , , , , , , , , , , , , , , , , 
15.0509423, 0.0454871, , , , , , , 15.0509423, 0.036759, , , , , , , 15.0509423, -0.033402, , , , , , , 15.0509423, 0.0057069, , , , , , , , , , , , , , , , , , , , , , , , , , , , 
15.0514615, 0.0491798, , , , , , , 15.0514615, 0.0488441, , , , , , , 15.0514615, -0.0246738, , , , , , , 15.0514615, 0.0065461, , , , , , , , , , , , , , , , , , , , , , , , , , , , 
15.0519808, 0.0500191, , , , , , , 15.0519808, 0.0357519, , , , , , , 15.0519808, -0.0166171, , , , , , , 15.0519808, 0.0041962, , , , , , , , , , , , , , , , , , , , , , , , , , , , 
15.0525, 0.0501869, , , , , , , 15.0525, 0.0283665, , , , , , , 15.0525, -0.0105745, , , , , , , 15.0525, 0.0045319, , , , , , , , , , , , , , , , , , , , , , , , , , , , 
15.0530192, 0.0488441, , , , , , , 15.0530192, 0.0595865, , , , , , , 15.0530192, -0.0065461, , , , , , , 15.0530192, 0.005539, , , , , , , , , , , , , , , , , , , , , , , , , , , , 
15.0535385, 0.0461585, , , , , , , 15.0535385, 0.1055772, , , , , , , 15.0535385, -0.0058747, , , , , , , 15.0535385, 0.0031891, , , , , , , , , , , , , , , , , , , , , , , , , , , , 
15.0540577, 0.0480049, , , , , , , 15.0540577, 0.121355, , , , , , , 15.0540577, -0.0075532, , , , , , , 15.0540577, -0.0025177, , , , , , , , , , , , , , , , , , , , , , , , , , , , 
15.0545769, 0.0607614, , , , , , , 15.0545769, 0.1176623, , , , , , , 15.0545769, -0.0109102, , , , , , , 15.0545769, -0.0112459, , , , , , , , , , , , , , , , , , , , , , , , , , , , 
15.0550962, 0.0830854, , , , , , , 15.0550962, 0.1106126, , , , , , , 15.0550962, -0.0184634, , , , , , , 15.0550962, -0.018967, , , , , , , , , , , , , , , , , , , , , , , , , , , , 
15.0556154, 0.1052415, , , , , , , 15.0556154, 0.0830854, , , , , , , 15.0556154, -0.0263523, , , , , , , 15.0556154, -0.0250095, , , , , , , , , , , , , , , , , , , , , , , , , , , , 
15.0561346, 0.1149767, , , , , , , 15.0561346, 0.0461585, , , , , , , 15.0561346, -0.03122, , , , , , , 15.0561346, -0.0297093, , , , , , , , , , , , , , , , , , , , , , , , , , , , 
15.0566538, 0.1143053, , , , , , , 15.0566538, 0.0077211, , , , , , , 15.0566538, -0.0317235, , , , , , , 15.0566538, -0.0317235, , , , , , , , , , , , , , , , , , , , , , , , , , , , 
15.0571731, 0.1085985, , , , , , , 15.0571731, -0.0458228, , , , , , , 15.0571731, -0.0270237, , , , , , , 15.0571731, -0.0317235, , , , , , , , , , , , , , , , , , , , , , , , , , , , 
15.0576923, 0.0981918, , , , , , , 15.0576923, -0.1136339, , , , , , , 15.0576923, -0.018967, , , , , , , 15.0576923, -0.0303807, , , , , , , , , , , , , , , , , , , , , , , , , , , , 
15.0582115, 0.0815747, , , , , , , 15.0582115, -0.1740597, , , , , , , 15.0582115, -0.0082246, , , , , , , 15.0582115, -0.0253452, , , , , , , , , , , , , , , , , , , , , , , , , , , , 
15.0587308, 0.0642863, , , , , , , 15.0587308, -0.2116579, , , , , , , 15.0587308, -0.0001678, , , , , , , 15.0587308, -0.018967, , , , , , , , , , , , , , , , , , , , , , , , , , , , 
15.05925, 0.051194, , , , , , , 15.05925, -0.2351568, , , , , , , 15.05925, 0.0006714, , , , , , , 15.05925, -0.0112459, , , , , , , , , , , , , , , , , , , , , , , , , , , , 
15.0597692, 0.0412909, , , , , , , 15.0597692, -0.2442206, , , , , , , 15.0597692, -0.0048676, , , , , , , 15.0597692, -0.0041962, , , , , , , , , , , , , , , , , , , , , , , , , , , , 
15.0602885, 0.0260166, , , , , , , 15.0602885, -0.2262608, , , , , , , 15.0602885, -0.0169528, , , , , , , 15.0602885, 0.0011749, , , , , , , , , , , , , , , , , , , , , , , , , , , , 
15.0608077, -0.0015106, , , , , , , 15.0608077, -0.1878233, , , , , , , 15.0608077, -0.0298772, , , , , , , 15.0608077, 0.0105745, , , , , , , , , , , , , , , , , , , , , , , , , , , , 
15.0613269, -0.0253452, , , , , , , 15.0613269, -0.1381399, , , , , , , 15.0613269, -0.0384375, , , , , , , 15.0613269, 0.0216526, , , , , , , , , , , , , , , , , , , , , , , , , , , , 
15.0618462, -0.04448, , , , , , , 15.0618462, -0.0840925, , , , , , , 15.0618462, -0.0394446, , , , , , , 15.0618462, 0.033402, , , , , , , , , , , , , , , , , , , , , , , , , , , , 
15.0623654, -0.0607614, , , , , , , 15.0623654, -0.0352483, , , , , , , 15.0623654, -0.0307164, , , , , , , 15.0623654, 0.0446479, , , , , , , , , , , , , , , , , , , , , , , , , , , , 
15.0628846, -0.0710002, , , , , , , 15.0628846, -0.0028534, , , , , , , 15.0628846, -0.0142672, , , , , , , 15.0628846, 0.0569009, , , , , , , , , , , , , , , , , , , , , , , , , , , , 
15.0634038, -0.0793927, , , , , , , 15.0634038, 0.0135958, , , , , , , 15.0634038, 0.0028534, , , , , , , 15.0634038, 0.0686503, , , , , , , , , , , , , , , , , , , , , , , , , , , , 
15.0639231, -0.0887922, , , , , , , 15.0639231, 0.0172885, , , , , , , 15.0639231, 0.0169528, , , , , , , 15.0639231, 0.0797284, , , , , , , , , , , , , , , , , , , , , , , , , , , , 
15.0644423, -0.0861067, , , , , , , 15.0644423, 0.0146029, , , , , , , 15.0644423, 0.0253452, , , , , , , 15.0644423, 0.0867781, , , , , , , , , , , , , , , , , , , , , , , , , , , , 
15.0649615, -0.068986, , , , , , , 15.0649615, 0.0119173, , , , , , , 15.0649615, 0.0240024, , , , , , , 15.0649615, 0.0850996, , , , , , , , , , , , , , , , , , , , , , , , , , , , 
15.0654808, -0.0532082, , , , , , , 15.0654808, 0.0092317, , , , , , , 15.0654808, 0.0135958, , , , , , , 15.0654808, 0.0763714, , , , , , , , , , , , , , , , , , , , , , , , , , , , 
15.066, -0.0451514, , , , , , , 15.066, 0.0058747, , , , , , , 15.066, 0.0072175, , , , , , , 15.066, 0.0669718, , , , , , , , , , , , , , , , , , , , , , , , , , , , 
15.0665192, -0.0404517, , , , , , , 15.0665192, 0.0038605, , , , , , , 15.0665192, 0.0132601, , , , , , , 15.0665192, 0.0589151, , , , , , , , , , , , , , , , , , , , , , , , , , , , 
15.0670385, -0.0303807, , , , , , , 15.0670385, 0.0072175, , , , , , , 15.0670385, 0.0218204, , , , , , , 15.0670385, 0.0569009, , , , , , , , , , , , , , , , , , , , , , , , , , , , 
15.0675577, -0.0176242, , , , , , , 15.0675577, 0.0164492, , , , , , , 15.0675577, 0.0273594, , , , , , , 15.0675577, 0.061265, , , , , , , , , , , , , , , , , , , , , , , , , , , , 
15.0680769, -0.0078889, , , , , , , 15.0680769, 0.0236667, , , , , , , 15.0680769, 0.0340734, , , , , , , 15.0680769, 0.0641184, , , , , , , , , , , , , , , , , , , , , , , , , , , , 
15.0685962, -0.0018463, , , , , , , 15.0685962, 0.0313878, , , , , , , 15.0685962, 0.0384375, , , , , , , 15.0685962, 0.0575723, , , , , , , , , , , , , , , , , , , , , , , , , , , , 
15.0691154, 0.0025177, , , , , , , 15.0691154, 0.0495155, , , , , , , 15.0691154, 0.0381018, , , , , , , 15.0691154, 0.0428016, , , , , , , , , , , , , , , , , , , , , , , , , , , , 
15.0696346, 0.0050355, , , , , , , 15.0696346, 0.0733501, , , , , , , 15.0696346, 0.0370947, , , , , , , 15.0696346, 0.0293736, , , , , , , , , , , , , , , , , , , , , , , , , , , , 
15.0701538, 0.0045319, , , , , , , 15.0701538, 0.0817426, , , , , , , 15.0701538, 0.0354162, , , , , , , 15.0701538, 0.0231632, , , , , , , , , , , , , , , , , , , , , , , , , , , , 
15.0706731, 0.0025177, , , , , , , 15.0706731, 0.0575723, , , , , , , 15.0706731, 0.0293736, , , , , , , 15.0706731, 0.0172885, , , , , , , , , , , , , , , , , , , , , , , , , , , , 
15.0711923, -0.0015106, , , , , , , 15.0711923, 0.026688, , , , , , , 15.0711923, 0.0206455, , , , , , , 15.0711923, 0.0099031, , , , , , , , , , , , , , , , , , , , , , , , , , , , 
15.0717115, -0.0015106, , , , , , , 15.0717115, 0.0082246, , , , , , , 15.0717115, 0.0112459, , , , , , , 15.0717115, 0.0038605, , , , , , , , , , , , , , , , , , , , , , , , , , , , 
15.0722308, 0.002182, , , , , , , 15.0722308, 0.002182, , , , , , , 15.0722308, -0.0008392, , , , , , , 15.0722308, 0.0001678, , , , , , , , , , , , , , , , , , , , , , , , , , , , 
15.07275, 0.0065461, , , , , , , 15.07275, 0.0052033, , , , , , , 15.07275, -0.0135958, , , , , , , 15.07275, -0.0038605, , , , , , , , , , , , , , , , , , , , , , , , , , , , 
15.0732692, 0.0102388, , , , , , , 15.0732692, 0.0125887, , , , , , , 15.0732692, -0.0219883, , , , , , , 15.0732692, -0.008896, , , , , , , , , , , , , , , , , , , , , , , , , , , , 
15.0737885, 0.0171206, , , , , , , 15.0737885, 0.0193027, , , , , , , 15.0737885, -0.0229953, , , , , , , 15.0737885, -0.0146029, , , , , , , , , , , , , , , , , , , , , , , , , , , , 
15.0743077, 0.0280308, , , , , , , 15.0743077, 0.0260166, , , , , , , 15.0743077, -0.0184634, , , , , , , 15.0743077, -0.0203098, , , , , , , , , , , , , , , , , , , , , , , , , , , , 
15.0748269, 0.0485084, , , , , , , 15.0748269, 0.0360876, , , , , , , 15.0748269, -0.0129244, , , , , , , 15.0748269, -0.0246738, , , , , , , , , , , , , , , , , , , , , , , , , , , , 
15.0753462, 0.0651255, , , , , , , 15.0753462, 0.0451514, , , , , , , 15.0753462, -0.0020142, , , , , , , 15.0753462, -0.0256809, , , , , , , , , , , , , , , , , , , , , , , , , , , , 
15.0758654, 0.0762036, , , , , , , 15.0758654, 0.0491798, , , , , , , 15.0758654, 0.0119173, , , , , , , 15.0758654, -0.0253452, , , , , , , , , , , , , , , , , , , , , , , , , , , , 
15.0763846, 0.0815747, , , , , , , 15.0763846, 0.0501869, , , , , , , 15.0763846, 0.0199741, , , , , , , 15.0763846, -0.024506, , , , , , , , , , , , , , , , , , , , , , , , , , , , 
15.0769038, 0.0844282, , , , , , , 15.0769038, 0.0454871, , , , , , , 15.0769038, 0.018967, , , , , , , 15.0769038, -0.0224918, , , , , , , , , , , , , , , , , , , , , , , , , , , , 
15.0774231, 0.0864424, , , , , , , 15.0774231, 0.030045, , , , , , , 15.0774231, 0.0132601, , , , , , , 15.0774231, -0.0213169, , , , , , , , , , , , , , , , , , , , , , , , , , , , 
15.0779423, 0.0842603, , , , , , , 15.0779423, 0.0006714, , , , , , , 15.0779423, 0.0028534, , , , , , , 15.0779423, -0.0186313, , , , , , , , , , , , , , , , , , , , , , , , , , , , 
15.0784615, 0.0726787, , , , , , , 15.0784615, -0.0350805, , , , , , , 15.0784615, -0.0135958, , , , , , , 15.0784615, -0.0164492, , , , , , , , , , , , , , , , , , , , , , , , , , , , 
15.0789808, 0.057908, , , , , , , 15.0789808, -0.0713359, , , , , , , 15.0789808, -0.0303807, , , , , , , 15.0789808, -0.0162814, , , , , , , , , , , , , , , , , , , , , , , , , , , , 
15.0795, 0.0448157, , , , , , , 15.0795, -0.0941634, , , , , , , 15.0795, -0.0417945, , , , , , , 15.0795, -0.014435, , , , , , , , , , , , , , , , , , , , , , , , , , , , 
15.0800192, 0.0297093, , , , , , , 15.0800192, -0.0908064, , , , , , , 15.0800192, -0.0464942, , , , , , , 15.0800192, -0.0095674, , , , , , , , , , , , , , , , , , , , , , , , , , , , 
15.0805385, 0.0075532, , , , , , , 15.0805385, -0.061265, , , , , , , 15.0805385, -0.0464942, , , , , , , 15.0805385, -0.0011749, , , , , , , , , , , , , , , , , , , , , , , , , , , , 
15.0810577, -0.0152743, , , , , , , 15.0810577, -0.0216526, , , , , , , 15.0810577, -0.0438087, , , , , , , 15.0810577, 0.0065461, , , , , , , , , , , , , , , , , , , , , , , , , , , , 
15.0815769, -0.0337377, , , , , , , 15.0815769, 0.0063783, , , , , , , 15.0815769, -0.0419623, , , , , , , 15.0815769, 0.0125887, , , , , , , , , , , , , , , , , , , , , , , , , , , , 
15.0820962, -0.0431373, , , , , , , 15.0820962, 0.0139315, , , , , , , 15.0820962, -0.0404517, , , , , , , 15.0820962, 0.0176242, , , , , , , , , , , , , , , , , , , , , , , , , , , , 
15.0826154, -0.0495155, , , , , , , 15.0826154, -0.0001678, , , , , , , 15.0826154, -0.0364233, , , , , , , 15.0826154, 0.0199741, , , , , , , , , , , , , , , , , , , , , , , , , , , , 
15.0831346, -0.0592508, , , , , , , 15.0831346, -0.0209812, , , , , , , 15.0831346, -0.03122, , , , , , , 15.0831346, 0.0206455, , , , , , , , , , , , , , , , , , , , , , , , , , , , 
15.0836538, -0.0693217, , , , , , , 15.0836538, -0.0229953, , , , , , , 15.0836538, -0.0270237, , , , , , , 15.0836538, 0.0219883, , , , , , , , , , , , , , , , , , , , , , , , , , , , 
15.0841731, -0.0713359, , , , , , , 15.0841731, -0.0011749, , , , , , , 15.0841731, -0.0250095, , , , , , , 15.0841731, 0.018967, , , , , , , , , , , , , , , , , , , , , , , , , , , , 
15.0846923, -0.0626078, , , , , , , 15.0846923, 0.0414588, , , , , , , 15.0846923, -0.0273594, , , , , , , 15.0846923, 0.0125887, , , , , , , , , , , , , , , , , , , , , , , , , , , , 
15.0852115, -0.0464942, , , , , , , 15.0852115, 0.0965133, , , , , , , 15.0852115, -0.0310521, , , , , , , 15.0852115, 0.008896, , , , , , , , , , , , , , , , , , , , , , , , , , , , 
15.0857308, -0.0307164, , , , , , , 15.0857308, 0.1352865, , , , , , , 15.0857308, -0.0276951, , , , , , , 15.0857308, 0.0072175, , , , , , , , , , , , , , , , , , , , , , , , , , , , 
15.08625, -0.0172885, , , , , , , 15.08625, 0.1488823, , , , , , , 15.08625, -0.021149, , , , , , , 15.08625, 0.0065461, , , , , , , , , , , , , , , , , , , , , , , , , , , , 
15.0867692, -0.0028534, , , , , , , 15.0867692, 0.1468681, , , , , , , 15.0867692, -0.01561, , , , , , , 15.0867692, 0.0105745, , , , , , , , , , , , , , , , , , , , , , , , , , , , 
15.0872885, 0.0119173, , , , , , , 15.0872885, 0.1279011, , , , , , , 15.0872885, -0.0109102, , , , , , , 15.0872885, 0.0186313, , , , , , , , , , , , , , , , , , , , , , , , , , , , 
15.0878077, 0.0152743, , , , , , , 15.0878077, 0.0918135, , , , , , , 15.0878077, -0.0087282, , , , , , , 15.0878077, 0.0250095, , , , , , , , , , , , , , , , , , , , , , , , , , , , 
15.0883269, 0.0167849, , , , , , , 15.0883269, 0.0421302, , , , , , , 15.0883269, -0.0068818, , , , , , , 15.0883269, 0.0320592, , , , , , , , , , , , , , , , , , , , , , , , , , , , 
15.0888462, 0.0236667, , , , , , , 15.0888462, -0.0250095, , , , , , , 15.0888462, -0.005539, , , , , , , 15.0888462, 0.040116, , , , , , , , , , , , , , , , , , , , , , , , , , , , 
15.0893654, 0.0320592, , , , , , , 15.0893654, -0.1037308, , , , , , , 15.0893654, -0.0052033, , , , , , , 15.0893654, 0.0438087, , , , , , , , , , , , , , , , , , , , , , , , , , , , 
15.0898846, 0.0387732, , , , , , , 15.0898846, -0.1663386, , , , , , , 15.0898846, -0.0008392, , , , , , , 15.0898846, 0.0407874, , , , , , , , , , , , , , , , , , , , , , , , , , , , 
15.0904038, 0.0377661, , , , , , , 15.0904038, -0.1968872, , , , , , , 15.0904038, 0.0038605, , , , , , , 15.0904038, 0.0357519, , , , , , , , , , , , , , , , , , , , , , , , , , , , 
15.0909231, 0.030045, , , , , , , 15.0909231, -0.194873, , , , , , , 15.0909231, 0.0052033, , , , , , , 15.0909231, 0.0297093, , , , , , , , , , , , , , , , , , , , , , , , , , , , 
15.0914423, 0.024506, , , , , , , 15.0914423, -0.1784237, , , , , , , 15.0914423, 0.0065461, , , , , , , 15.0914423, 0.0240024, , , , , , , , , , , , , , , , , , , , , , , , , , , , 
15.0919615, 0.024506, , , , , , , 15.0919615, -0.1619745, , , , , , , 15.0919615, 0.0104067, , , , , , , 15.0919615, 0.0179599, , , , , , , , , , , , , , , , , , , , , , , , , , , , 
15.0924808, 0.0256809, , , , , , , 15.0924808, -0.149218, , , , , , , 15.0924808, 0.0142672, , , , , , , 15.0924808, 0.0124208, , , , , , , , , , , , , , , , , , , , , , , , , , , , 
15.093, 0.0206455, , , , , , , 15.093, -0.1378042, , , , , , , 15.093, 0.0166171, , , , , , , 15.093, 0.0065461, , , , , , , , , , , , , , , , , , , , , , , , , , , , 
15.0935192, 0.0105745, , , , , , , 15.0935192, -0.1230335, , , , , , , 15.0935192, 0.018967, , , , , , , 15.0935192, 0.0011749, , , , , , , , , , , , , , , , , , , , , , , , , , , , 
15.0940385, 0.0142672, , , , , , , 15.0940385, -0.100206, , , , , , , 15.0940385, 0.0216526, , , , , , , 15.0940385, -0.0008392, , , , , , , , , , , , , , , , , , , , , , , , , , , , 
15.0945577, 0.0360876, , , , , , , 15.0945577, -0.0767071, , , , , , , 15.0945577, 0.026688, , , , , , , 15.0945577, -0.0041962, , , , , , , , , , , , , , , , , , , , , , , , , , , , 
15.0950769, 0.0585794, , , , , , , 15.0950769, -0.061265, , , , , , , 15.0950769, 0.0374304, , , , , , , 15.0950769, -0.0104067, , , , , , , , , , , , , , , , , , , , , , , , , , , , 
15.0955962, 0.0713359, , , , , , , 15.0955962, -0.0441444, , , , , , , 15.0955962, 0.0488441, , , , , , , 15.0955962, -0.0152743, , , , , , , , , , , , , , , , , , , , , , , , , , , , 
15.0961154, 0.0762036, , , , , , , 15.0961154, -0.0253452, , , , , , , 15.0961154, 0.0555581, , , , , , , 15.0961154, -0.0196384, , , , , , , , , , , , , , , , , , , , , , , , , , , , 
15.0966346, 0.079057, , , , , , , 15.0966346, -0.0149386, , , , , , , 15.0966346, 0.0575723, , , , , , , 15.0966346, -0.0240024, , , , , , , , , , , , , , , , , , , , , , , , , , , , 
15.0971538, 0.0803998, , , , , , , 15.0971538, -0.0075532, , , , , , , 15.0971538, 0.0589151, , , , , , , 15.0971538, -0.0243381, , , , , , , , , , , , , , , , , , , , , , , , , , , , 
15.0976731, 0.0770428, , , , , , , 15.0976731, 0.0025177, , , , , , , 15.0976731, 0.0589151, , , , , , , 15.0976731, -0.0216526, , , , , , , , , , , , , , , , , , , , , , , , , , , , 
15.0981923, 0.0666361, , , , , , , 15.0981923, 0.0159457, , , , , , , 15.0981923, 0.0555581, , , , , , , 15.0981923, -0.0171206, , , , , , , , , , , , , , , , , , , , , , , , , , , , 
15.0987115, 0.0533761, , , , , , , 15.0987115, 0.0280308, , , , , , , 15.0987115, 0.0464942, , , , , , , 15.0987115, -0.0082246, , , , , , , , , , , , , , , , , , , , , , , , , , , , 
15.0992308, 0.0391089, , , , , , , 15.0992308, 0.0365911, , , , , , , 15.0992308, 0.0297093, , , , , , , 15.0992308, 0.0030213, , , , , , , , , , , , , , , , , , , , , , , , , , , , 
15.09975, 0.026688, , , , , , , 15.09975, 0.0439765, , , , , , , 15.09975, 0.0105745, , , , , , , 15.09975, 0.0092317, , , , , , , , , , , , , , , , , , , , , , , , , , , , 
15.1002692, 0.0137636, , , , , , , 15.1002692, 0.0501869, , , , , , , 15.1002692, -0.0117494, , , , , , , 15.1002692, 0.0125887, , , , , , , , , , , , , , , , , , , , , , , , , , , , 
15.1007885, -0.0015106, , , , , , , 15.1007885, 0.0619364, , , , , , , 15.1007885, -0.0394446, , , , , , , 15.1007885, 0.0166171, , , , , , , , , , , , , , , , , , , , , , , , , , , , 
15.1013077, -0.0219883, , , , , , , 15.1013077, 0.0795605, , , , , , , 15.1013077, -0.0681468, , , , , , , 15.1013077, 0.0206455, , , , , , , , , , , , , , , , , , , , , , , , , , , , 
15.1018269, -0.0377661, , , , , , , 15.1018269, 0.0924849, , , , , , , 15.1018269, -0.0884565, , , , , , , 15.1018269, 0.0276951, , , , , , , , , , , , , , , , , , , , , , , , , , , , 
15.1023462, -0.0464942, , , , , , , 15.1023462, 0.0909743, , , , , , , 15.1023462, -0.0950027, , , , , , , 15.1023462, 0.0330663, , , , , , , , , , , , , , , , , , , , , , , , , , , , 
15.1028654, -0.056733, , , , , , , 15.1028654, 0.0830854, , , , , , , 15.1028654, -0.090135, , , , , , , 15.1028654, 0.0352483, , , , , , , , , , , , , , , , , , , , , , , , , , , , 
15.1033846, -0.0686503, , , , , , , 15.1033846, 0.0847639, , , , , , , 15.1033846, -0.0850996, , , , , , , 15.1033846, 0.0370947, , , , , , , , , , , , , , , , , , , , , , , , , , , , 
15.1039038, -0.0753643, , , , , , , 15.1039038, 0.0938277, , , , , , , 15.1039038, -0.0861067, , , , , , , 15.1039038, 0.0354162, , , , , , , , , , , , , , , , , , , , , , , , , , , , 
15.1044231, -0.0674754, , , , , , , 15.1044231, 0.0894636, , , , , , , 15.1044231, -0.0908064, , , , , , , 15.1044231, 0.03122, , , , , , , , , , , , , , , , , , , , , , , , , , , , 
15.1049423, -0.0468299, , , , , , , 15.1049423, 0.0703288, , , , , , , 15.1049423, -0.0963455, , , , , , , 15.1049423, 0.0260166, , , , , , , , , , , , , , , , , , , , , , , , , , , , 
15.1054615, -0.026688, , , , , , , 15.1054615, 0.0428016, , , , , , , 15.1054615, -0.1003738, , , , , , , 15.1054615, 0.0250095, , , , , , , , , , , , , , , , , , , , , , , , , , , , 
15.1059808, -0.0142672, , , , , , , 15.1059808, 0.002182, , , , , , , 15.1059808, -0.0997024, , , , , , , 15.1059808, 0.0253452, , , , , , , , , , , , , , , , , , , , , , , , , , , , 
15.1065, -0.0045319, , , , , , , 15.1065, -0.0381018, , , , , , , 15.1065, -0.0951705, , , , , , , 15.1065, 0.0219883, , , , , , , , , , , , , , , , , , , , , , , , , , , , 
15.1070192, 0.0072175, , , , , , , 15.1070192, -0.0733501, , , , , , , 15.1070192, -0.0849317, , , , , , , 15.1070192, 0.0152743, , , , , , , , , , , , , , , , , , , , , , , , , , , , 
15.1075385, 0.0172885, , , , , , , 15.1075385, -0.0988632, , , , , , , 15.1075385, -0.0694896, , , , , , , 15.1075385, 0.0095674, , , , , , , , , , , , , , , , , , , , , , , , , , , , 
15.1080577, 0.0213169, , , , , , , 15.1080577, -0.0995346, , , , , , , 15.1080577, -0.0562295, , , , , , , 15.1080577, 0.0065461, , , , , , , , , , , , , , , , , , , , , , , , , , , , 
15.1085769, 0.0240024, , , , , , , 15.1085769, -0.0827497, , , , , , , 15.1085769, -0.0488441, , , , , , , 15.1085769, 0.0048676, , , , , , , , , , , , , , , , , , , , , , , , , , , , 
15.1090962, 0.026688, , , , , , , 15.1090962, -0.0663005, , , , , , , 15.1090962, -0.0421302, , , , , , , 15.1090962, 0.0023499, , , , , , , , , , , , , , , , , , , , , , , , , , , , 
15.1096154, 0.0276951, , , , , , , 15.1096154, -0.0565652, , , , , , , 15.1096154, -0.0357519, , , , , , , 15.1096154, -0.0005035, , , , , , , , , , , , , , , , , , , , , , , , , , , , 
15.1101346, 0.0280308, , , , , , , 15.1101346, -0.0417945, , , , , , , 15.1101346, -0.0303807, , , , , , , 15.1101346, -0.0015106, , , , , , , , , , , , , , , , , , , , , , , , , , , , 
15.1106538, 0.0303807, , , , , , , 15.1106538, -0.0182956, , , , , , , 15.1106538, -0.0283665, , , , , , , 15.1106538, 0.0015106, , , , , , , , , , , , , , , , , , , , , , , , , , , , 
15.1111731, 0.0307164, , , , , , , 15.1111731, 0.0085603, , , , , , , 15.1111731, -0.0280308, , , , , , , 15.1111731, 0.0048676, , , , , , , , , , , , , , , , , , , , , , , , , , , , 
15.1116923, 0.0325628, , , , , , , 15.1116923, 0.0307164, , , , , , , 15.1116923, -0.0260166, , , , , , , 15.1116923, 0.0041962, , , , , , , , , , , , , , , , , , , , , , , , , , , , 
15.1122115, 0.0340734, , , , , , , 15.1122115, 0.0360876, , , , , , , 15.1122115, -0.0196384, , , , , , , 15.1122115, 0.0031891, , , , , , , , , , , , , , , , , , , , , , , , , , , , 
15.1127308, 0.0344091, , , , , , , 15.1127308, 0.0387732, , , , , , , 15.1127308, -0.0105745, , , , , , , 15.1127308, 0.0013428, , , , , , , , , , , , , , , , , , , , , , , , , , , , 
15.11325, 0.0347448, , , , , , , 15.11325, 0.0498512, , , , , , , 15.11325, -0.0001678, , , , , , , 15.11325, -0.0001678, , , , , , , , , , , , , , , , , , , , , , , , , , , , 
15.1137692, 0.0448157, , , , , , , 15.1137692, 0.0589151, , , , , , , 15.1137692, 0.0072175, , , , , , , 15.1137692, 0.0018463, , , , , , , , , , , , , , , , , , , , , , , , , , , , 
15.1142885, 0.0649577, , , , , , , 15.1142885, 0.0619364, , , , , , , 15.1142885, 0.0104067, , , , , , , 15.1142885, -0.0006714, , , , , , , , , , , , , , , , , , , , , , , , , , , , 
15.1148077, 0.0802319, , , , , , , 15.1148077, 0.0616007, , , , , , , 15.1148077, 0.0135958, , , , , , , 15.1148077, -0.0075532, , , , , , , , , , , , , , , , , , , , , , , , , , , , 
15.1153269, 0.0881209, , , , , , , 15.1153269, 0.0609293, , , , , , , 15.1153269, 0.018967, , , , , , , 15.1153269, -0.0117494, , , , , , , , , , , , , , , , , , , , , , , , , , , , 
15.1158462, 0.0931563, , , , , , , 15.1158462, 0.0589151, , , , , , , 15.1158462, 0.0246738, , , , , , , 15.1158462, -0.0129244, , , , , , , , , , , , , , , , , , , , , , , , , , , , 
15.1163654, 0.0978561, , , , , , , 15.1163654, 0.0518654, , , , , , , 15.1163654, 0.0280308, , , , , , , 15.1163654, -0.0125887, , , , , , , , , , , , , , , , , , , , , , , , , , , , 
15.1168846, 0.0990311, , , , , , , 15.1168846, 0.0374304, , , , , , , 15.1168846, 0.0340734, , , , , , , 15.1168846, -0.0048676, , , , , , , , , , , , , , , , , , , , , , , , , , , , 
15.1174038, 0.0918135, , , , , , , 15.1174038, 0.0109102, , , , , , , 15.1174038, 0.0428016, , , , , , , 15.1174038, 0.0109102, , , , , , , , , , , , , , , , , , , , , , , , , , , , 
15.1179231, 0.0800641, , , , , , , 15.1179231, -0.0270237, , , , , , , 15.1179231, 0.0518654, , , , , , , 15.1179231, 0.0263523, , , , , , , , , , , , , , , , , , , , , , , , , , , , 
15.1184423, 0.0629435, , , , , , , 15.1184423, -0.0548867, , , , , , , 15.1184423, 0.0572366, , , , , , , 15.1184423, 0.0377661, , , , , , , , , , , , , , , , , , , , , , , , , , , , 
15.1189615, 0.0391089, , , , , , , 15.1189615, -0.0542153, , , , , , , 15.1189615, 0.0602579, , , , , , , 15.1189615, 0.0448157, , , , , , , , , , , , , , , , , , , , , , , , , , , , 
15.1194808, 0.0169528, , , , , , , 15.1194808, -0.0149386, , , , , , , 15.1194808, 0.0616007, , , , , , , 15.1194808, 0.0488441, , , , , , , , , , , , , , , , , , , , , , , , , , , , 
15.12, -0.0011749, , , , , , , 15.12, 0.0411231, , , , , , , 15.12, 0.0609293, , , , , , , 15.12, 0.0508583, , , , , , , , , , , , , , , , , , , , , , , , , , , , 
15.1205192, -0.0209812, , , , , , , 15.1205192, 0.0666361, , , , , , , 15.1205192, 0.0565652, , , , , , , 15.1205192, 0.0532082, , , , , , , , , , , , , , , , , , , , , , , , , , , , 
15.1210385, -0.0419623, , , , , , , 15.1210385, 0.0414588, , , , , , , 15.1210385, 0.0522011, , , , , , , 15.1210385, 0.0558938, , , , , , , , , , , , , , , , , , , , , , , , , , , , 
15.1215577, -0.0589151, , , , , , , 15.1215577, -0.0092317, , , , , , , 15.1215577, 0.0488441, , , , , , , 15.1215577, 0.0547189, , , , , , , , , , , , , , , , , , , , , , , , , , , , 
15.1220769, -0.0753643, , , , , , , 15.1220769, -0.0548867, , , , , , , 15.1220769, 0.0448157, , , , , , , 15.1220769, 0.0505226, , , , , , , , , , , , , , , , , , , , , , , , , , , , 
15.1225962, -0.0894636, , , , , , , 15.1225962, -0.0903029, , , , , , , 15.1225962, 0.0387732, , , , , , , 15.1225962, 0.0481727, , , , , , , , , , , , , , , , , , , , , , , , , , , , 
15.1231154, -0.0961776, , , , , , , 15.1231154, -0.1143053, , , , , , , 15.1231154, 0.0337377, , , , , , , 15.1231154, 0.0471656, , , , , , , , , , , , , , , , , , , , , , , , , , , , 
15.1236346, -0.0988632, , , , , , , 15.1236346, -0.1317617, , , , , , , 15.1236346, 0.0285344, , , , , , , 15.1236346, 0.0458228, , , , , , , , , , , , , , , , , , , , , , , , , , , , 
15.1241538, -0.0971847, , , , , , , 15.1241538, -0.1616388, , , , , , , 15.1241538, 0.0240024, , , , , , , 15.1241538, 0.0431373, , , , , , , , , , , , , , , , , , , , , , , , , , , , 
15.1246731, -0.0861067, , , , , , , 15.1246731, -0.1777523, , , , , , , 15.1246731, 0.0196384, , , , , , , 15.1246731, 0.0417945, , , , , , , , , , , , , , , , , , , , , , , , , , , , 
15.1251923, -0.0683146, , , , , , , 15.1251923, -0.1515679, , , , , , , 15.1251923, 0.0129244, , , , , , , 15.1251923, 0.0397803, , , , , , , , , , , , , , , , , , , , , , , , , , , , 
15.1257115, -0.0488441, , , , , , , 15.1257115, -0.1116197, , , , , , , 15.1257115, 0.0070497, , , , , , , 15.1257115, 0.0370947, , , , , , , , , , , , , , , , , , , , , , , , , , , , 
15.1262308, -0.0317235, , , , , , , 15.1262308, -0.0874495, , , , , , , 15.1262308, 0.0011749, , , , , , , 15.1262308, 0.0320592, , , , , , , , , , , , , , , , , , , , , , , , , , , , 
15.12675, -0.0164492, , , , , , , 15.12675, -0.0800641, , , , , , , 15.12675, -0.0062104, , , , , , , 15.12675, 0.0213169, , , , , , , , , , , , , , , , , , , , , , , , , , , , 
15.1272692, -0.0008392, , , , , , , 15.1272692, -0.072343, , , , , , , 15.1272692, -0.0109102, , , , , , , 15.1272692, 0.0115816, , , , , , , , , , , , , , , , , , , , , , , , , , , , 
15.1277885, 0.0125887, , , , , , , 15.1277885, -0.0558938, , , , , , , 15.1277885, -0.0129244, , , , , , , 15.1277885, 0.0028534, , , , , , , , , , , , , , , , , , , , , , , , , , , , 
15.1283077, 0.0159457, , , , , , , 15.1283077, -0.0370947, , , , , , , 15.1283077, -0.0142672, , , , , , , 15.1283077, -0.0015106, , , , , , , , , , , , , , , , , , , , , , , , , , , , 
15.1288269, 0.0172885, , , , , , , 15.1288269, -0.0317235, , , , , , , 15.1288269, -0.014435, , , , , , , 15.1288269, -0.0018463, , , , , , , , , , , , , , , , , , , , , , , , , , , , 
15.1293462, 0.0226596, , , , , , , 15.1293462, -0.036759, , , , , , , 15.1293462, -0.0142672, , , , , , , 15.1293462, -0.0043641, , , , , , , , , , , , , , , , , , , , , , , , , , , , 
15.1298654, 0.0292058, , , , , , , 15.1298654, -0.027863, , , , , , , 15.1298654, -0.01561, , , , , , , 15.1298654, -0.0082246, , , , , , , , , , , , , , , , , , , , , , , , , , , , 
15.1303846, 0.036759, , , , , , , 15.1303846, 0.0035248, , , , , , , 15.1303846, -0.0182956, , , , , , , 15.1303846, -0.0082246, , , , , , , , , , , , , , , , , , , , , , , , , , , , 
15.1309038, 0.0391089, , , , , , , 15.1309038, 0.0287022, , , , , , , 15.1309038, -0.0169528, , , , , , , 15.1309038, -0.0062104, , , , , , , , , , , , , , , , , , , , , , , , , , , , 
15.1314231, 0.0384375, , , , , , , 15.1314231, 0.0276951, , , , , , , 15.1314231, -0.0162814, , , , , , , 15.1314231, -0.0062104, , , , , , , , , , , , , , , , , , , , , , , , , , , , 
15.1319423, 0.0414588, , , , , , , 15.1319423, 0.0130922, , , , , , , 15.1319423, -0.0159457, , , , , , , 15.1319423, -0.0057069, , , , , , , , , , , , , , , , , , , , , , , , , , , , 
15.1324615, 0.0488441, , , , , , , 15.1324615, 0.0068818, , , , , , , 15.1324615, -0.01561, , , , , , , 15.1324615, -0.005539, , , , , , , , , , , , , , , , , , , , , , , , , , , , 
15.1329808, 0.0503548, , , , , , , 15.1329808, 0.0078889, , , , , , , 15.1329808, -0.0097353, , , , , , , 15.1329808, -0.0070497, , , , , , , , , , , , , , , , , , , , , , , , , , , , 
15.1335, 0.0495155, , , , , , , 15.1335, 0.005539, , , , , , , 15.1335, -0.0028534, , , , , , , 15.1335, -0.0078889, , , , , , , , , , , , , , , , , , , , , , , , , , , , 
15.1340192, 0.0575723, , , , , , , 15.1340192, 0.0146029, , , , , , , 15.1340192, -0.0001678, , , , , , , 15.1340192, -0.0109102, , , , , , , , , , , , , , , , , , , , , , , , , , , , 
15.1345385, 0.0733501, , , , , , , 15.1345385, 0.0381018, , , , , , , 15.1345385, 0.0015106, , , , , , , 15.1345385, -0.0186313, , , , , , , , , , , , , , , , , , , , , , , , , , , , 
15.1350577, 0.0884565, , , , , , , 15.1350577, 0.0572366, , , , , , , 15.1350577, 0.0048676, , , , , , , 15.1350577, -0.0250095, , , , , , , , , , , , , , , , , , , , , , , , , , , , 
15.1355769, 0.0998703, , , , , , , 15.1355769, 0.0641184, , , , , , , 15.1355769, 0.0114137, , , , , , , 15.1355769, -0.0283665, , , , , , , , , , , , , , , , , , , , , , , , , , , , 
15.1360962, 0.1072557, , , , , , , 15.1360962, 0.0654612, , , , , , , 15.1360962, 0.0139315, , , , , , , 15.1360962, -0.0290379, , , , , , , , , , , , , , , , , , , , , , , , , , , , 
15.1366154, 0.111284, , , , , , , 15.1366154, 0.0575723, , , , , , , 15.1366154, 0.008896, , , , , , , 15.1366154, -0.0280308, , , , , , , , , , , , , , , , , , , , , , , , , , , , 
15.1371346, 0.1097734, , , , , , , 15.1371346, 0.040116, , , , , , , 15.1371346, -0.0008392, , , , , , , 15.1371346, -0.0293736, , , , , , , , , , , , , , , , , , , , , , , , , , , , 
15.1376538, 0.0985275, , , , , , , 15.1376538, 0.0152743, , , , , , , 15.1376538, -0.0115816, , , , , , , 15.1376538, -0.0290379, , , , , , , , , , , , , , , , , , , , , , , , , , , , 
15.1381731, 0.0835889, , , , , , , 15.1381731, -0.014435, , , , , , , 15.1381731, -0.0203098, , , , , , , 15.1381731, -0.024506, , , , , , , , , , , , , , , , , , , , , , , , , , , , 
15.1386923, 0.0661326, , , , , , , 15.1386923, -0.0357519, , , , , , , 15.1386923, -0.0260166, , , , , , , 15.1386923, -0.0179599, , , , , , , , , , , , , , , , , , , , , , , , , , , , 
15.1392115, 0.0473335, , , , , , , 15.1392115, -0.0411231, , , , , , , 15.1392115, -0.0290379, , , , , , , 15.1392115, -0.0115816, , , , , , , , , , , , , , , , , , , , , , , , , , , , 
15.1397308, 0.0327306, , , , , , , 15.1397308, -0.0384375, , , , , , , 15.1397308, -0.0310521, , , , , , , 15.1397308, -0.0072175, , , , , , , , , , , , , , , , , , , , , , , , , , , , 
15.14025, 0.0179599, , , , , , , 15.14025, -0.0303807, , , , , , , 15.14025, -0.027863, , , , , , , 15.14025, -0.0018463, , , , , , , , , , , , , , , , , , , , , , , , , , , , 
15.1407692, -0.0030213, , , , , , , 15.1407692, -0.0162814, , , , , , , 15.1407692, -0.0203098, , , , , , , 15.1407692, 0.0068818, , , , , , , , , , , , , , , , , , , , , , , , , , , , 
15.1412885, -0.0251774, , , , , , , 15.1412885, -0.0035248, , , , , , , 15.1412885, -0.017792, , , , , , , 15.1412885, 0.0152743, , , , , , , , , , , , , , , , , , , , , , , , , , , , 
15.1418077, 0.0352483, , , , , , , 15.1418077, 0.0046998, , , , , , , 15.1418077, -0.0209812, , , , , , , 15.1418077, 0.0236667, , , , , , , , , , , , , , , , , , , , , , , , , , , , 
15.1423269, 0.1722133, , , , , , , 15.1423269, 0.0119173, , , , , , , 15.1423269, -0.0226596, , , , , , , 15.1423269, 0.0360876, , , , , , , , , , , , , , , , , , , , , , , , , , , , 
15.1428462, 0.1292439, , , , , , , 15.1428462, 0.0246738, , , , , , , 15.1428462, -0.0229953, , , , , , , 15.1428462, 0.0485084, , , , , , , , , , , , , , , , , , , , , , , , , , , , 
15.1433654, -0.0199741, , , , , , , 15.1433654, 0.0387732, , , , , , , 15.1433654, -0.0223239, , , , , , , 15.1433654, 0.0542153, , , , , , , , , , , , , , , , , , , , , , , , , , , , 
15.1438846, -0.0931563, , , , , , , 15.1438846, 0.0520333, , , , , , , 15.1438846, -0.0229953, , , , , , , 15.1438846, 0.0542153, , , , , , , , , , , , , , , , , , , , , , , , , , , , 
15.1444038, -0.0809033, , , , , , , 15.1444038, 0.0592508, , , , , , , 15.1444038, -0.0271916, , , , , , , 15.1444038, 0.0481727, , , , , , , , , , , , , , , , , , , , , , , , , , , , 
15.1449231, -0.0538796, , , , , , , 15.1449231, 0.06009, , , , , , , 15.1449231, -0.0384375, , , , , , , 15.1449231, 0.0411231, , , , , , , , , , , , , , , , , , , , , , , , , , , , 
15.1454423, -0.04448, , , , , , , 15.1454423, 0.0594186, , , , , , , 15.1454423, -0.0532082, , , , , , , 15.1454423, 0.0374304, , , , , , , , , , , , , , , , , , , , , , , , , , , , 
15.1459615, -0.043473, , , , , , , 15.1459615, 0.0468299, , , , , , , 15.1459615, -0.0626078, , , , , , , 15.1459615, 0.036759, , , , , , , , , , , , , , , , , , , , , , , , , , , , 
15.1464808, -0.0384375, , , , , , , 15.1464808, 0.0318914, , , , , , , 15.1464808, -0.0642863, , , , , , , 15.1464808, 0.0362554, , , , , , , , , , , , , , , , , , , , , , , , , , , , 
15.147, -0.0310521, , , , , , , 15.147, 0.0305486, , , , , , , 15.147, -0.0626078, , , , , , , 15.147, 0.0350805, , , , , , , , , , , , , , , , , , , , , , , , , , , , 
15.1475192, -0.0283665, , , , , , , 15.1475192, 0.0290379, , , , , , , 15.1475192, -0.0639506, , , , , , , 15.1475192, 0.0347448, , , , , , , , , , , , , , , , , , , , , , , , , , , , 
15.1480385, -0.0276951, , , , , , , 15.1480385, 0.0112459, , , , , , , 15.1480385, -0.0683146, , , , , , , 15.1480385, 0.0352483, , , , , , , , , , , , , , , , , , , , , , , , , , , , 
15.1485577, -0.023331, , , , , , , 15.1485577, -0.0171206, , , , , , , 15.1485577, -0.0693217, , , , , , , 15.1485577, 0.0354162, , , , , , , , , , , , , , , , , , , , , , , , , , , , 
15.1490769, -0.0203098, , , , , , , 15.1490769, -0.0260166, , , , , , , 15.1490769, -0.0627756, , , , , , , 15.1490769, 0.0377661, , , , , , , , , , , , , , , , , , , , , , , , , , , , 
15.1495962, -0.0203098, , , , , , , 15.1495962, 0.0078889, , , , , , , 15.1495962, -0.051194, , , , , , , 15.1495962, 0.0414588, , , , , , , , , , , , , , , , , , , , , , , , , , , , 
15.1501154, -0.0209812, , , , , , , 15.1501154, 0.0454871, , , , , , , 15.1501154, -0.0370947, , , , , , , 15.1501154, 0.0431373, , , , , , , , , , , , , , , , , , , , , , , , , , , , 
15.1506346, -0.0208133, , , , , , , 15.1506346, 0.0515297, , , , , , , 15.1506346, -0.021149, , , , , , , 15.1506346, 0.0391089, , , , , , , , , , , , , , , , , , , , , , , , , , , , 
15.1511538, -0.0196384, , , , , , , 15.1511538, 0.042298, , , , , , , 15.1511538, -0.005539, , , , , , , 15.1511538, 0.0310521, , , , , , , , , , , , , , , , , , , , , , , , , , , , 
15.1516731, -0.0142672, , , , , , , 15.1516731, 0.0307164, , , , , , , 15.1516731, 0.0099031, , , , , , , 15.1516731, 0.0253452, , , , , , , , , , , , , , , , , , , , , , , , , , , , 
15.1521923, -0.0095674, , , , , , , 15.1521923, 0.0035248, , , , , , , 15.1521923, 0.023331, , , , , , , 15.1521923, 0.0206455, , , , , , , , , , , , , , , , , , , , , , , , , , , , 
15.1527115, -0.008896, , , , , , , 15.1527115, -0.0276951, , , , , , , 15.1527115, 0.0340734, , , , , , , 15.1527115, 0.0132601, , , , , , , , , , , , , , , , , , , , , , , , , , , , 
15.1532308, -0.0068818, , , , , , , 15.1532308, -0.0407874, , , , , , , 15.1532308, 0.0475013, , , , , , , 15.1532308, 0.005539, , , , , , , , , , , , , , , , , , , , , , , , , , , , 
15.15375, -0.002182, , , , , , , 15.15375, -0.0397803, , , , , , , 15.15375, 0.0626078, , , , , , , 15.15375, -0.0008392, , , , , , , , , , , , , , , , , , , , , , , , , , , , 
15.1542692, 0.0099031, , , , , , , 15.1542692, -0.0411231, , , , , , , 15.1542692, 0.0730144, , , , , , , 15.1542692, -0.0077211, , , , , , , , , , , , , , , , , , , , , , , , , , , , 
15.1547885, 0.033402, , , , , , , 15.1547885, -0.0669718, , , , , , , 15.1547885, 0.0780499, , , , , , , 15.1547885, -0.0139315, , , , , , , , , , , , , , , , , , , , , , , , , , , , 
15.1553077, 0.0495155, , , , , , , 15.1553077, -0.1049058, , , , , , , 15.1553077, 0.079057, , , , , , , 15.1553077, -0.018967, , , , , , , , , , , , , , , , , , , , , , , , , , , , 
15.1558269, 0.0575723, , , , , , , 15.1558269, -0.1196765, , , , , , , 15.1558269, 0.0746929, , , , , , , 15.1558269, -0.0236667, , , , , , , , , , , , , , , , , , , , , , , , , , , , 
15.1563462, 0.064622, , , , , , , 15.1563462, -0.0948348, , , , , , , 15.1563462, 0.0622721, , , , , , , 15.1563462, -0.0285344, , , , , , , , , , , , , , , , , , , , , , , , , , , , 
15.1568654, 0.0720073, , , , , , , 15.1568654, -0.0538796, , , , , , , 15.1568654, 0.0428016, , , , , , , 15.1568654, -0.0297093, , , , , , , , , , , , , , , , , , , , , , , , , , , , 
15.1573846, 0.073518, , , , , , , 15.1573846, -0.0250095, , , , , , , 15.1573846, 0.0209812, , , , , , , 15.1573846, -0.0271916, , , , , , , , , , , , , , , , , , , , , , , , , , , , 
15.1579038, 0.0656291, , , , , , , 15.1579038, -0.0057069, , , , , , , 15.1579038, 0.0005035, , , , , , , 15.1579038, -0.0240024, , , , , , , , , , , , , , , , , , , , , , , , , , , , 
15.1584231, 0.0515297, , , , , , , 15.1584231, 0.0075532, , , , , , , 15.1584231, -0.0135958, , , , , , , 15.1584231, -0.018967, , , , , , , , , , , , , , , , , , , , , , , , , , , , 
15.1589423, 0.0394446, , , , , , , 15.1589423, 0.0038605, , , , , , , 15.1589423, -0.0283665, , , , , , , 15.1589423, -0.012253, , , , , , , , , , , , , , , , , , , , , , , , , , , , 
15.1594615, 0.0298772, , , , , , , 15.1594615, -0.0104067, , , , , , , 15.1594615, -0.0431373, , , , , , , 15.1594615, -0.0075532, , , , , , , , , , , , , , , , , , , , , , , , , , , , 
15.1599808, 0.018967, , , , , , , 15.1599808, -0.0127565, , , , , , , 15.1599808, -0.0585794, , , , , , , 15.1599808, -0.0031891, , , , , , , , , , , , , , , , , , , , , , , , , , , , 
15.1605, 0.0048676, , , , , , , 15.1605, -0.0072175, , , , , , , 15.1605, -0.0699931, , , , , , , 15.1605, 0.0030213, , , , , , , , , , , , , , , , , , , , , , , , , , , , 
15.1610192, -0.0109102, , , , , , , 15.1610192, -0.0193027, , , , , , , 15.1610192, -0.0730144, , , , , , , 15.1610192, 0.008896, , , , , , , , , , , , , , , , , , , , , , , , , , , , 
15.1615385, -0.0313878, , , , , , , 15.1615385, -0.0448157, , , , , , , 15.1615385, -0.0703288, , , , , , , 15.1615385, 0.0125887, , , , , , , , , , , , , , , , , , , , , , , , , , , , 
15.1620577, -0.0491798, , , , , , , 15.1620577, -0.0666361, , , , , , , 15.1620577, -0.0733501, , , , , , , 15.1620577, 0.0166171, , , , , , , , , , , , , , , , , , , , , , , , , , , , 
15.1625769, -0.0585794, , , , , , , 15.1625769, -0.0797284, , , , , , , 15.1625769, -0.0780499, , , , , , , 15.1625769, 0.0240024, , , , , , , , , , , , , , , , , , , , , , , , , , , , 
15.1630962, -0.0676432, , , , , , , 15.1630962, -0.0699931, , , , , , , 15.1630962, -0.0753643, , , , , , , 15.1630962, 0.0323949, , , , , , , , , , , , , , , , , , , , , , , , , , , , 
15.1636154, -0.0793927, , , , , , , 15.1636154, -0.0345769, , , , , , , 15.1636154, -0.0642863, , , , , , , 15.1636154, 0.0379339, , , , , , , , , , , , , , , , , , , , , , , , , , , , 
15.1641346, -0.0840925, , , , , , , 15.1641346, -0.0005035, , , , , , , 15.1641346, -0.0495155, , , , , , , 15.1641346, 0.0382696, , , , , , , , , , , , , , , , , , , , , , , , , , , , 
15.1646538, -0.0710002, , , , , , , 15.1646538, 0.0135958, , , , , , , 15.1646538, -0.0290379, , , , , , , 15.1646538, 0.0350805, , , , , , , , , , , , , , , , , , , , , , , , , , , , 
15.1651731, -0.0458228, , , , , , , 15.1651731, 0.0258488, , , , , , , 15.1651731, -0.0058747, , , , , , , 15.1651731, 0.0357519, , , , , , , , , , , , , , , , , , , , , , , , , , , , 
15.1656923, -0.0263523, , , , , , , 15.1656923, 0.0454871, , , , , , , 15.1656923, 0.0075532, , , , , , , 15.1656923, 0.0381018, , , , , , , , , , , , , , , , , , , , , , , , , , , , 
15.1662115, -0.0184634, , , , , , , 15.1662115, 0.0495155, , , , , , , 15.1662115, 0.0085603, , , , , , , 15.1662115, 0.0374304, , , , , , , , , , , , , , , , , , , , , , , , , , , , 
15.1667308, -0.01561, , , , , , , 15.1667308, 0.0305486, , , , , , , 15.1667308, 0.0038605, , , , , , , 15.1667308, 0.0320592, , , , , , , , , , , , , , , , , , , , , , , , , , , , 
15.16725, -0.0135958, , , , , , , 15.16725, -0.0065461, , , , , , , 15.16725, 0.0045319, , , , , , , 15.16725, 0.0256809, , , , , , , , , , , , , , , , , , , , , , , , , , , , 
15.1677692, -0.0068818, , , , , , , 15.1677692, -0.0464942, , , , , , , 15.1677692, 0.0152743, , , , , , , 15.1677692, 0.0216526, , , , , , , , , , , , , , , , , , , , , , , , , , , , 
15.1682885, 0.0072175, , , , , , , 15.1682885, -0.0760357, , , , , , , 15.1682885, 0.026688, , , , , , , 15.1682885, 0.0152743, , , , , , , , , , , , , , , , , , , , , , , , , , , , 
15.1688077, 0.0109102, , , , , , , 15.1688077, -0.0923171, , , , , , , 15.1688077, 0.0310521, , , , , , , 15.1688077, 0.0072175, , , , , , , , , , , , , , , , , , , , , , , , , , , , 
15.1693269, 0.0068818, , , , , , , 15.1693269, -0.0951705, , , , , , , 15.1693269, 0.0293736, , , , , , , 15.1693269, 0.002182, , , , , , , , , , , , , , , , , , , , , , , , , , , , 
15.1698462, 0.0072175, , , , , , , 15.1698462, -0.0916457, , , , , , , 15.1698462, 0.0229953, , , , , , , 15.1698462, 0.0003357, , , , , , , , , , , , , , , , , , , , , , , , , , , , 
15.1703654, 0.0127565, , , , , , , 15.1703654, -0.0750286, , , , , , , 15.1703654, 0.0146029, , , , , , , 15.1703654, -0.0011749, , , , , , , , , , , , , , , , , , , , , , , , , , , , 
15.1708846, 0.0179599, , , , , , , 15.1708846, -0.0276951, , , , , , , 15.1708846, 0.0072175, , , , , , , 15.1708846, -0.0028534, , , , , , , , , , , , , , , , , , , , , , , , , , , , 
15.1714038, 0.0236667, , , , , , , 15.1714038, 0.0203098, , , , , , , 15.1714038, -0.0008392, , , , , , , 15.1714038, -0.0065461, , , , , , , , , , , , , , , , , , , , , , , , , , , , 
15.1719231, 0.0260166, , , , , , , 15.1719231, 0.040116, , , , , , , 15.1719231, -0.0125887, , , , , , , 15.1719231, -0.0085603, , , , , , , , , , , , , , , , , , , , , , , , , , , , 
15.1724423, 0.0256809, , , , , , , 15.1724423, 0.0424659, , , , , , , 15.1724423, -0.0229953, , , , , , , 15.1724423, -0.0082246, , , , , , , , , , , , , , , , , , , , , , , , , , , , 
15.1729615, 0.0288701, , , , , , , 15.1729615, 0.0448157, , , , , , , 15.1729615, -0.0293736, , , , , , , 15.1729615, -0.0082246, , , , , , , , , , , , , , , , , , , , , , , , , , , , 
15.1734808, 0.0350805, , , , , , , 15.1734808, 0.0454871, , , , , , , 15.1734808, -0.0320592, , , , , , , 15.1734808, -0.0075532, , , , , , , , , , , , , , , , , , , , , , , , , , , , 
15.174, 0.0480049, , , , , , , 15.174, 0.0475013, , , , , , , 15.174, -0.0283665, , , , , , , 15.174, -0.0077211, , , , , , , , , , , , , , , , , , , , , , , , , , , , 
15.1745192, 0.0721752, , , , , , , 15.1745192, 0.0614328, , , , , , , 15.1745192, -0.0196384, , , , , , , 15.1745192, -0.0102388, , , , , , , , , , , , , , , , , , , , , , , , , , , , 
15.1750385, 0.0965133, , , , , , , 15.1750385, 0.0743572, , , , , , , 15.1750385, -0.008896, , , , , , , 15.1750385, -0.0125887, , , , , , , , , , , , , , , , , , , , , , , , , , , , 
15.1755577, 0.1096056, , , , , , , 15.1755577, 0.0589151, , , , , , , 15.1755577, 0.0065461, , , , , , , 15.1755577, -0.0119173, , , , , , , , , , , , , , , , , , , , , , , , , , , , 
15.1760769, 0.1149767, , , , , , , 15.1760769, 0.0226596, , , , , , , 15.1760769, 0.0226596, , , , , , , 15.1760769, -0.0090639, , , , , , , , , , , , , , , , , , , , , , , , , , , , 
15.1765962, 0.1159838, , , , , , , 15.1765962, 0.0005035, , , , , , , 15.1765962, 0.0320592, , , , , , , 15.1765962, -0.0041962, , , , , , , , , , , , , , , , , , , , , , , , , , , , 
15.1771154, 0.1116197, , , , , , , 15.1771154, 0.0082246, , , , , , , 15.1771154, 0.0347448, , , , , , , 15.1771154, 0.0005035, , , , , , , , , , , , , , , , , , , , , , , , , , , , 
15.1776346, 0.102388, , , , , , , 15.1776346, 0.0240024, , , , , , , 15.1776346, 0.0360876, , , , , , , 15.1776346, 0.0065461, , , , , , , , , , , , , , , , , , , , , , , , , , , , 
15.1781538, 0.0877852, , , , , , , 15.1781538, 0.0313878, , , , , , , 15.1781538, 0.0357519, , , , , , , 15.1781538, 0.0171206, , , , , , , , , , , , , , , , , , , , , , , , , , , , 
15.1786731, 0.0704967, , , , , , , 15.1786731, 0.0337377, , , , , , , 15.1786731, 0.0293736, , , , , , , 15.1786731, 0.0273594, , , , , , , , , , , , , , , , , , , , , , , , , , , , 
15.1791923, 0.0525368, , , , , , , 15.1791923, 0.0251774, , , , , , , 15.1791923, 0.0213169, , , , , , , 15.1791923, 0.0323949, , , , , , , , , , , , , , , , , , , , , , , , , , , , 
15.1797115, 0.0313878, , , , , , , 15.1797115, 0.0045319, , , , , , , 15.1797115, 0.0119173, , , , , , , 15.1797115, 0.0345769, , , , , , , , , , , , , , , , , , , , , , , , , , , , 
15.1802308, 0.0124208, , , , , , , 15.1802308, -0.0146029, , , , , , , 15.1802308, 0.0030213, , , , , , , 15.1802308, 0.0357519, , , , , , , , , , , , , , , , , , , , , , , , , , , , 
15.18075, -0.0035248, , , , , , , 15.18075, -0.0261845, , , , , , , 15.18075, -0.0028534, , , , , , , 15.18075, 0.0364233, , , , , , , , , , , , , , , , , , , , , , , , , , , , 
15.1812692, -0.0206455, , , , , , , 15.1812692, -0.0386053, , , , , , , 15.1812692, -0.005539, , , , , , , 15.1812692, 0.0377661, , , , , , , , , , , , , , , , , , , , , , , , , , , , 
15.1817885, -0.0354162, , , , , , , 15.1817885, -0.0468299, , , , , , , 15.1817885, -0.005539, , , , , , , 15.1817885, 0.0394446, , , , , , , , , , , , , , , , , , , , , , , , , , , , 
15.1823077, -0.0552224, , , , , , , 15.1823077, -0.0397803, , , , , , , 15.1823077, -0.0028534, , , , , , , 15.1823077, 0.0394446, , , , , , , , , , , , , , , , , , , , , , , , , , , , 
15.1828269, -0.072343, , , , , , , 15.1828269, -0.0226596, , , , , , , 15.1828269, 0.0008392, , , , , , , 15.1828269, 0.0387732, , , , , , , , , , , , , , , , , , , , , , , , , , , , 
15.1833462, -0.0862745, , , , , , , 15.1833462, -0.0159457, , , , , , , 15.1833462, -0.0001678, , , , , , , 15.1833462, 0.0384375, , , , , , , , , , , , , , , , , , , , , , , , , , , , 
15.1838654, -0.0938277, , , , , , , 15.1838654, -0.0182956, , , , , , , 15.1838654, -0.0031891, , , , , , , 15.1838654, 0.0397803, , , , , , , , , , , , , , , , , , , , , , , , , , , , 
15.1843846, -0.0891279, , , , , , , 15.1843846, -0.0209812, , , , , , , 15.1843846, -0.0072175, , , , , , , 15.1843846, 0.0370947, , , , , , , , , , , , , , , , , , , , , , , , , , , , 
15.1849038, -0.072343, , , , , , , 15.1849038, -0.0256809, , , , , , , 15.1849038, -0.0129244, , , , , , , 15.1849038, 0.0297093, , , , , , , , , , , , , , , , , , , , , , , , , , , , 
15.1854231, -0.0525368, , , , , , , 15.1854231, -0.0364233, , , , , , , 15.1854231, -0.0203098, , , , , , , 15.1854231, 0.0216526, , , , , , , , , , , , , , , , , , , , , , , , , , , , 
15.1859423, -0.0364233, , , , , , , 15.1859423, -0.0500191, , , , , , , 15.1859423, -0.0280308, , , , , , , 15.1859423, 0.0159457, , , , , , , , , , , , , , , , , , , , , , , , , , , , 
15.1864615, -0.0263523, , , , , , , 15.1864615, -0.0451514, , , , , , , 15.1864615, -0.0320592, , , , , , , 15.1864615, 0.0135958, , , , , , , , , , , , , , , , , , , , , , , , , , , , 
15.1869808, -0.0184634, , , , , , , 15.1869808, -0.011078, , , , , , , 15.1869808, -0.0332341, , , , , , , 15.1869808, 0.012253, , , , , , , , , , , , , , , , , , , , , , , , , , , , 
15.1875, -0.0082246, , , , , , , 15.1875, 0.0337377, , , , , , , 15.1875, -0.0337377, , , , , , , 15.1875, 0.0119173, , , , , , , , , , , , , , , , , , , , , , , , , , , , 
15.1880192, 0.0036927, , , , , , , 15.1880192, 0.0649577, , , , , , , 15.1880192, -0.0374304, , , , , , , 15.1880192, 0.0105745, , , , , , , , , , , , , , , , , , , , , , , , , , , , 
15.1885385, 0.0152743, , , , , , , 15.1885385, 0.0750286, , , , , , , 15.1885385, -0.0394446, , , , , , , 15.1885385, 0.0092317, , , , , , , , , , , , , , , , , , , , , , , , , , , , 
15.1890577, 0.0243381, , , , , , , 15.1890577, 0.0652934, , , , , , , 15.1890577, -0.0377661, , , , , , , 15.1890577, 0.0082246, , , , , , , , , , , , , , , , , , , , , , , , , , , , 
15.1895769, 0.0327306, , , , , , , 15.1895769, 0.0468299, , , , , , , 15.1895769, -0.0340734, , , , , , , 15.1895769, 0.0072175, , , , , , , , , , , , , , , , , , , , , , , , , , , , 
15.1900962, 0.036759, , , , , , , 15.1900962, 0.0248417, , , , , , , 15.1900962, -0.0260166, , , , , , , 15.1900962, 0.0068818, , , , , , , , , , , , , , , , , , , , , , , , , , , , 
15.1906154, 0.0340734, , , , , , , 15.1906154, 0.0008392, , , , , , , 15.1906154, -0.0166171, , , , , , , 15.1906154, 0.0082246, , , , , , , , , , , , , , , , , , , , , , , , , , , , 
15.1911346, 0.0307164, , , , , , , 15.1911346, -0.0062104, , , , , , , 15.1911346, -0.0102388, , , , , , , 15.1911346, 0.0092317, , , , , , , , , , , , , , , , , , , , , , , , , , , , 
15.1916538, 0.033402, , , , , , , 15.1916538, 0.0001678, , , , , , , 15.1916538, -0.002182, , , , , , , 15.1916538, 0.010071, , , , , , , , , , , , , , , , , , , , , , , , , , , , 
15.1921731, 0.0391089, , , , , , , 15.1921731, -0.0062104, , , , , , , 15.1921731, 0.0082246, , , , , , , 15.1921731, 0.0102388, , , , , , , , , , , , , , , , , , , , , , , , , , , , 
15.1926923, 0.0391089, , , , , , , 15.1926923, -0.017792, , , , , , , 15.1926923, 0.0203098, , , , , , , 15.1926923, 0.0112459, , , , , , , , , , , , , , , , , , , , , , , , , , , , 
15.1932115, 0.0317235, , , , , , , 15.1932115, -0.0265202, , , , , , , 15.1932115, 0.0276951, , , , , , , 15.1932115, 0.0125887, , , , , , , , , , , , , , , , , , , , , , , , , , , , 
15.1937308, 0.0307164, , , , , , , 15.1937308, -0.0438087, , , , , , , 15.1937308, 0.0313878, , , , , , , 15.1937308, 0.0102388, , , , , , , , , , , , , , , , , , , , , , , , , , , , 
15.19425, 0.0451514, , , , , , , 15.19425, -0.0733501, , , , , , , 15.19425, 0.0352483, , , , , , , 15.19425, 0.0050355, , , , , , , , , , , , , , , , , , , , , , , , , , , , 
15.1947692, 0.072343, , , , , , , 15.1947692, -0.0971847, , , , , , , 15.1947692, 0.036759, , , , , , , 15.1947692, 0.0010071, , , , , , , , , , , , , , , , , , , , , , , , , , , , 
15.1952885, 0.0951705, , , , , , , 15.1952885, -0.1008774, , , , , , , 15.1952885, 0.0325628, , , , , , , 15.1952885, -0.0010071, , , , , , , , , , , , , , , , , , , , , , , , , , , , 
15.1958077, 0.1065843, , , , , , , 15.1958077, -0.0788891, , , , , , , 15.1958077, 0.0253452, , , , , , , 15.1958077, -0.0048676, , , , , , , , , , , , , , , , , , , , , , , , , , , , 
15.1963269, 0.1131304, , , , , , , 15.1963269, -0.0417945, , , , , , , 15.1963269, 0.0179599, , , , , , , 15.1963269, -0.008896, , , , , , , , , , , , , , , , , , , , , , , , , , , , 
15.1968462, 0.1143053, , , , , , , 15.1968462, -0.0206455, , , , , , , 15.1968462, 0.0115816, , , , , , , 15.1968462, -0.0095674, , , , , , , , , , , , , , , , , , , , , , , , , , , , 
15.1973654, 0.1082628, , , , , , , 15.1973654, -0.0287022, , , , , , , 15.1973654, 0.0011749, , , , , , , 15.1973654, -0.005539, , , , , , , , , , , , , , , , , , , , , , , , , , , , 
15.1978846, 0.0951705, , , , , , , 15.1978846, -0.0374304, , , , , , , 15.1978846, -0.0147707, , , , , , , 15.1978846, -0.0005035, , , , , , , , , , , , , , , , , , , , , , , , , , , , 
15.1984038, 0.0746929, , , , , , , 15.1984038, -0.0323949, , , , , , , 15.1984038, -0.0362554, , , , , , , 15.1984038, 0.0050355, , , , , , , , , , , , , , , , , , , , , , , , , , , , 
15.1989231, 0.0553902, , , , , , , 15.1989231, -0.0236667, , , , , , , 15.1989231, -0.0572366, , , , , , , 15.1989231, 0.0102388, , , , , , , , , , , , , , , , , , , , , , , , , , , , 
15.1994423, 0.0397803, , , , , , , 15.1994423, -0.0109102, , , , , , , 15.1994423, -0.068986, , , , , , , 15.1994423, 0.0132601, , , , , , , , , , , , , , , , , , , , , , , , , , , , 
15.1999615, 0.0213169, , , , , , , 15.1999615, 0.0099031, , , , , , , 15.1999615, -0.0733501, , , , , , , 15.1999615, 0.01561, , , , , , , , , , , , , , , , , , , , , , , , , , , , 
15.2004808, 0.0001678, , , , , , , 15.2004808, 0.030045, , , , , , , 15.2004808, -0.0696574, , , , , , , 15.2004808, 0.0191348, , , , , , , , , , , , , , , , , , , , , , , , , , , , 
15.201, -0.0231632, , , , , , , 15.201, 0.033402, , , , , , , 15.201, -0.057908, , , , , , , 15.201, 0.0223239, , , , , , , , , , , , , , , , , , , , , , , , , , , , 
15.2015192, -0.0471656, , , , , , , 15.2015192, 0.0203098, , , , , , , 15.2015192, -0.0411231, , , , , , , 15.2015192, 0.0243381, , , , , , , , , , , , , , , , , , , , , , , , , , , , 
15.2020385, -0.0679789, , , , , , , 15.2020385, 0.0045319, , , , , , , 15.2020385, -0.0226596, , , , , , , 15.2020385, 0.0260166, , , , , , , , , , , , , , , , , , , , , , , , , , , , 
15.2025577, -0.085771, , , , , , , 15.2025577, -0.01561, , , , , , , 15.2025577, -0.0063783, , , , , , , 15.2025577, 0.0253452, , , , , , , , , , , , , , , , , , , , , , , , , , , , 
15.2030769, -0.0971847, , , , , , , 15.2030769, -0.0203098, , , , , , , 15.2030769, 0.0083925, , , , , , , 15.2030769, 0.026688, , , , , , , , , , , , , , , , , , , , , , , , , , , , 
15.2035962, -0.1032273, , , , , , , 15.2035962, -0.0095674, , , , , , , 15.2035962, 0.026688, , , , , , , 15.2035962, 0.0305486, , , , , , , , , , , , , , , , , , , , , , , , , , , , 
15.2041154, -0.1008774, , , , , , , 15.2041154, -0.0045319, , , , , , , 15.2041154, 0.0394446, , , , , , , 15.2041154, 0.0303807, , , , , , , , , , , , , , , , , , , , , , , , , , , , 
15.2046346, -0.0840925, , , , , , , 15.2046346, 0.0018463, , , , , , , 15.2046346, 0.0411231, , , , , , , 15.2046346, 0.026688, , , , , , , , , , , , , , , , , , , , , , , , , , , , 
15.2051538, -0.0599222, , , , , , , 15.2051538, 0.0203098, , , , , , , 15.2051538, 0.033402, , , , , , , 15.2051538, 0.0224918, , , , , , , , , , , , , , , , , , , , , , , , , , , , 
15.2056731, -0.0404517, , , , , , , 15.2056731, 0.036759, , , , , , , 15.2056731, 0.0213169, , , , , , , 15.2056731, 0.0193027, , , , , , , , , , , , , , , , , , , , , , , , , , , , 
15.2061923, -0.0258488, , , , , , , 15.2061923, 0.0374304, , , , , , , 15.2061923, 0.0072175, , , , , , , 15.2061923, 0.0196384, , , , , , , , , , , , , , , , , , , , , , , , , , , , 
15.2067115, -0.0119173, , , , , , , 15.2067115, 0.026688, , , , , , , 15.2067115, -0.0065461, , , , , , , 15.2067115, 0.0219883, , , , , , , , , , , , , , , , , , , , , , , , , , , , 
15.2072308, -0.0028534, , , , , , , 15.2072308, 0.0238346, , , , , , , 15.2072308, -0.0191348, , , , , , , 15.2072308, 0.023331, , , , , , , , , , , , , , , , , , , , , , , , , , , , 
15.20775, 0.0028534, , , , , , , 15.20775, 0.0293736, , , , , , , 15.20775, -0.030045, , , , , , , 15.20775, 0.0240024, , , , , , , , , , , , , , , , , , , , , , , , , , , , 
15.2082692, 0.0077211, , , , , , , 15.2082692, 0.0246738, , , , , , , 15.2082692, -0.0404517, , , , , , , 15.2082692, 0.0219883, , , , , , , , , , , , , , , , , , , , , , , , , , , , 
15.2087885, 0.0135958, , , , , , , 15.2087885, 0.0030213, , , , , , , 15.2087885, -0.0528725, , , , , , , 15.2087885, 0.0184634, , , , , , , , , , , , , , , , , , , , , , , , , , , , 
15.2093077, 0.0125887, , , , , , , 15.2093077, -0.0157778, , , , , , , 15.2093077, -0.068986, , , , , , , 15.2093077, 0.0152743, , , , , , , , , , , , , , , , , , , , , , , , , , , , 
15.2098269, 0.0146029, , , , , , , 15.2098269, -0.0179599, , , , , , , 15.2098269, -0.0820783, , , , , , , 15.2098269, 0.0151064, , , , , , , , , , , , , , , , , , , , , , , , , , , , 
15.2103462, 0.0236667, , , , , , , 15.2103462, -0.0075532, , , , , , , 15.2103462, -0.0849317, , , , , , , 15.2103462, 0.0159457, , , , , , , , , , , , , , , , , , , , , , , , , , , , 
15.2108654, 0.0293736, , , , , , , 15.2108654, -0.0028534, , , , , , , 15.2108654, -0.0783856, , , , , , , 15.2108654, 0.0166171, , , , , , , , , , , , , , , , , , , , , , , , , , , , 
15.2113846, 0.0344091, , , , , , , 15.2113846, -0.0159457, , , , , , , 15.2113846, -0.0693217, , , , , , , 15.2113846, 0.0209812, , , , , , , , , , , , , , , , , , , , , , , , , , , , 
15.2119038, 0.0381018, , , , , , , 15.2119038, -0.0372625, , , , , , , 15.2119038, -0.0599222, , , , , , , 15.2119038, 0.0270237, , , , , , , , , , , , , , , , , , , , , , , , , , , , 
15.2124231, 0.0337377, , , , , , , 15.2124231, -0.0491798, , , , , , , 15.2124231, -0.0463264, , , , , , , 15.2124231, 0.0307164, , , , , , , , , , , , , , , , , , , , , , , , , , , , 
15.2129423, 0.0280308, , , , , , , 15.2129423, -0.0532082, , , , , , , 15.2129423, -0.0287022, , , , , , , 15.2129423, 0.0307164, , , , , , , , , , , , , , , , , , , , , , , , , , , , 
15.2134615, 0.0270237, , , , , , , 15.2134615, -0.0572366, , , , , , , 15.2134615, -0.0102388, , , , , , , 15.2134615, 0.0280308, , , , , , , , , , , , , , , , , , , , , , , , , , , , 
15.2139808, 0.0357519, , , , , , , 15.2139808, -0.0659648, , , , , , , 15.2139808, 0.0057069, , , , , , , 15.2139808, 0.0199741, , , , , , , , , , , , , , , , , , , , , , , , , , , , 
15.2145, 0.0572366, , , , , , , 15.2145, -0.0733501, , , , , , , 15.2145, 0.0219883, , , , , , , 15.2145, 0.0092317, , , , , , , , , , , , , , , , , , , , , , , , , , , , 
15.2150192, 0.0814069, , , , , , , 15.2150192, -0.0676432, , , , , , , 15.2150192, 0.0377661, , , , , , , 15.2150192, -0.002182, , , , , , , , , , , , , , , , , , , , , , , , , , , , 
15.2155385, 0.0985275, , , , , , , 15.2155385, -0.0505226, , , , , , , 15.2155385, 0.0569009, , , , , , , 15.2155385, -0.0112459, , , , , , , , , , , , , , , , , , , , , , , , , , , , 
15.2160577, 0.1049058, , , , , , , 15.2160577, -0.0330663, , , , , , , 15.2160577, 0.0849317, , , , , , , 15.2160577, -0.0176242, , , , , , , , , , , , , , , , , , , , , , , , , , , , 
15.2165769, 0.1072557, , , , , , , 15.2165769, -0.0179599, , , , , , , 15.2165769, 0.117998, , , , , , , 15.2165769, -0.0198062, , , , , , , , , , , , , , , , , , , , , , , , , , , , 
15.2170962, 0.1126268, , , , , , , 15.2170962, -0.0082246, , , , , , , 15.2170962, 0.1519036, , , , , , , 15.2170962, -0.0182956, , , , , , , , , , , , , , , , , , , , , , , , , , , , 
15.2176154, 0.1851377, , , , , , , 15.2176154, -0.0058747, , , , , , , 15.2176154, 0.1824521, , , , , , , 15.2176154, -0.0182956, , , , , , , , , , , , , , , , , , , , , , , , , , , , 
15.2181346, 0.2133364, , , , , , , 15.2181346, -0.0048676, , , , , , , 15.2181346, 0.1978943, , , , , , , 15.2181346, -0.0151064, , , , , , , , , , , , , , , , , , , , , , , , , , , , 
15.2186538, 0.124712, , , , , , , 15.2186538, 0.0025177, , , , , , , 15.2186538, 0.1873198, , , , , , , 15.2186538, -0.0095674, , , , , , , , , , , , , , , , , , , , , , , , , , , , 
15.2191731, 0.0428016, , , , , , , 15.2191731, 0.0078889, , , , , , , 15.2191731, 0.1579461, , , , , , , 15.2191731, -0.0041962, , , , , , , , , , , , , , , , , , , , , , , , , , , , 
15.2196923, 0.0409552, , , , , , , 15.2196923, 0.0028534, , , , , , , 15.2196923, 0.1186694, , , , , , , 15.2196923, -0.0001678, , , , , , , , , , , , , , , , , , , , , , , , , , , , 
15.2202115, 0.0354162, , , , , , , 15.2202115, -0.0068818, , , , , , , 15.2202115, 0.0733501, , , , , , , 15.2202115, 0.0050355, , , , , , , , , , , , , , , , , , , , , , , , , , , , 
15.2207308, -0.0236667, , , , , , , 15.2207308, -0.012253, , , , , , , 15.2207308, 0.0253452, , , , , , , 15.2207308, 0.0105745, , , , , , , , , , , , , , , , , , , , , , , , , , , , 
15.22125, -0.0740215, , , , , , , 15.22125, -0.002182, , , , , , , 15.22125, -0.0258488, , , , , , , 15.22125, 0.0135958, , , , , , , , , , , , , , , , , , , , , , , , , , , , 
15.2217692, -0.0716716, , , , , , , 15.2217692, 0.0234989, , , , , , , 15.2217692, -0.0820783, , , , , , , 15.2217692, 0.0159457, , , , , , , , , , , , , , , , , , , , , , , , , , , , 
15.2222885, -0.0538796, , , , , , , 15.2222885, 0.0421302, , , , , , , 15.2222885, -0.1378042, , , , , , , 15.2222885, 0.0169528, , , , , , , , , , , , , , , , , , , , , , , , , , , , 
15.2228077, -0.0775463, , , , , , , 15.2228077, 0.057908, , , , , , , 15.2228077, -0.184802, , , , , , , 15.2228077, 0.0199741, , , , , , , , , , , , , , , , , , , , , , , , , , , , 
15.2233269, -0.1203479, , , , , , , 15.2233269, 0.0810712, , , , , , , 15.2233269, -0.2104829, , , , , , , 15.2233269, 0.0258488, , , , , , , , , , , , , , , , , , , , , , , , , , , , 
15.2238462, -0.1250477, , , , , , , 15.2238462, 0.0956741, , , , , , , 15.2238462, -0.2150149, , , , , , , 15.2238462, 0.0290379, , , , , , , , , , , , , , , , , , , , , , , , , , , , 
15.2243654, -0.0837568, , , , , , , 15.2243654, 0.0914778, , , , , , , 15.2243654, -0.2086366, , , , , , , 15.2243654, 0.0273594, , , , , , , , , , , , , , , , , , , , , , , , , , , , 
15.2248846, -0.0471656, , , , , , , 15.2248846, 0.0743572, , , , , , , 15.2248846, -0.1942016, , , , , , , 15.2248846, 0.0253452, , , , , , , , , , , , , , , , , , , , , , , , , , , , 
15.2254038, -0.0448157, , , , , , , 15.2254038, 0.0454871, , , , , , , 15.2254038, -0.1802701, , , , , , , 15.2254038, 0.0283665, , , , , , , , , , , , , , , , , , , , , , , , , , , , 
15.2259231, -0.0515297, , , , , , , 15.2259231, 0.0070497, , , , , , , 15.2259231, -0.1686885, , , , , , , 15.2259231, 0.0354162, , , , , , , , , , , , , , , , , , , , , , , , , , , , 
15.2264423, -0.0392767, , , , , , , 15.2264423, -0.0330663, , , , , , , 15.2264423, -0.1572747, , , , , , , 15.2264423, 0.0449836, , , , , , , , , , , , , , , , , , , , , , , , , , , , 
15.2269615, -0.0132601, , , , , , , 15.2269615, -0.0693217, , , , , , , 15.2269615, -0.1408255, , , , , , , 15.2269615, 0.0475013, , , , , , , , , , , , , , , , , , , , , , , , , , , , 
15.2274808, 0.0011749, , , , , , , 15.2274808, -0.0983597, , , , , , , 15.2274808, -0.1223621, , , , , , , 15.2274808, 0.043473, , , , , , , , , , , , , , , , , , , , , , , , , , , , 
15.228, -0.0028534, , , , , , , 15.228, -0.1050736, , , , , , , 15.228, -0.1008774, , , , , , , 15.228, 0.0394446, , , , , , , , , , , , , , , , , , , , , , , , , , , , 
15.2285192, -0.0102388, , , , , , , 15.2285192, -0.0849317, , , , , , , 15.2285192, -0.0762036, , , , , , , 15.2285192, 0.0391089, , , , , , , , , , , , , , , , , , , , , , , , , , , , 
15.2290385, -0.0050355, , , , , , , 15.2290385, -0.0548867, , , , , , , 15.2290385, -0.0468299, , , , , , , 15.2290385, 0.0381018, , , , , , , , , , , , , , , , , , , , , , , , , , , , 
15.2295577, 0.0129244, , , , , , , 15.2295577, -0.030045, , , , , , , 15.2295577, -0.0137636, , , , , , , 15.2295577, 0.0340734, , , , , , , , , , , , , , , , , , , , , , , , , , , , 
15.2300769, 0.023331, , , , , , , 15.2300769, -0.0149386, , , , , , , 15.2300769, 0.0179599, , , , , , , 15.2300769, 0.0283665, , , , , , , , , , , , , , , , , , , , , , , , , , , , 
15.2305962, 0.0179599, , , , , , , 15.2305962, -0.0129244, , , , , , , 15.2305962, 0.0411231, , , , , , , 15.2305962, 0.0199741, , , , , , , , , , , , , , , , , , , , , , , , , , , , 
15.2311154, 0.0169528, , , , , , , 15.2311154, -0.0142672, , , , , , , 15.2311154, 0.0542153, , , , , , , 15.2311154, 0.0112459, , , , , , , , , , , , , , , , , , , , , , , , , , , , 
15.2316346, 0.0256809, , , , , , , 15.2316346, 0.0045319, , , , , , , 15.2316346, 0.0599222, , , , , , , 15.2316346, 0.0045319, , , , , , , , , , , , , , , , , , , , , , , , , , , , 
15.2321538, 0.0313878, , , , , , , 15.2321538, 0.0397803, , , , , , , 15.2321538, 0.0629435, , , , , , , 15.2321538, 0.0005035, , , , , , , , , , , , , , , , , , , , , , , , , , , , 
15.2326731, 0.0303807, , , , , , , 15.2326731, 0.0535439, , , , , , , 15.2326731, 0.066804, , , , , , , 15.2326731, -0.0011749, , , , , , , , , , , , , , , , , , , , , , , , , , , , 
15.2331923, 0.0273594, , , , , , , 15.2331923, 0.0414588, , , , , , , 15.2331923, 0.0693217, , , , , , , 15.2331923, -0.0011749, , , , , , , , , , , , , , , , , , , , , , , , , , , , 
15.2337115, 0.0327306, , , , , , , 15.2337115, 0.0251774, , , , , , , 15.2337115, 0.0683146, , , , , , , 15.2337115, -0.0005035, , , , , , , , , , , , , , , , , , , , , , , , , , , , 
15.2342308, 0.0535439, , , , , , , 15.2342308, 0.0256809, , , , , , , 15.2342308, 0.0644541, , , , , , , 15.2342308, -0.0041962, , , , , , , , , , , , , , , , , , , , , , , , , , , , 
15.23475, 0.0803998, , , , , , , 15.23475, 0.0391089, , , , , , , 15.23475, 0.0599222, , , , , , , 15.23475, -0.0130922, , , , , , , , , , , , , , , , , , , , , , , , , , , , 
15.2352692, 0.0985275, , , , , , , 15.2352692, 0.043473, , , , , , , 15.2352692, 0.0525368, , , , , , , 15.2352692, -0.0186313, , , , , , , , , , , , , , , , , , , , , , , , , , , , 
15.2357885, 0.1116197, , , , , , , 15.2357885, 0.03122, , , , , , , 15.2357885, 0.0451514, , , , , , , 15.2357885, -0.0182956, , , , , , , , , , , , , , , , , , , , , , , , , , , , 
15.2363077, 0.117998, , , , , , , 15.2363077, 0.0095674, , , , , , , 15.2363077, 0.0391089, , , , , , , 15.2363077, -0.0186313, , , , , , , , , , , , , , , , , , , , , , , , , , , , 
15.2368269, 0.1203479, , , , , , , 15.2368269, -0.0213169, , , , , , , 15.2368269, 0.0320592, , , , , , , 15.2368269, -0.018967, , , , , , , , , , , , , , , , , , , , , , , , , , , , 
15.2373462, 0.1169909, , , , , , , 15.2373462, -0.0481727, , , , , , , 15.2373462, 0.0280308, , , , , , , 15.2373462, -0.0176242, , , , , , , , , , , , , , , , , , , , , , , , , , , , 
15.2378654, 0.1040665, , , , , , , 15.2378654, -0.0555581, , , , , , , 15.2378654, 0.0263523, , , , , , , 15.2378654, -0.0169528, , , , , , , , , , , , , , , , , , , , , , , , , , , , 
15.2383846, 0.0814069, , , , , , , 15.2383846, -0.0471656, , , , , , , 15.2383846, 0.026688, , , , , , , 15.2383846, -0.0132601, , , , , , , , , , , , , , , , , , , , , , , , , , , , 
15.2389038, 0.0569009, , , , , , , 15.2389038, -0.0433051, , , , , , , 15.2389038, 0.0307164, , , , , , , 15.2389038, -0.0082246, , , , , , , , , , , , , , , , , , , , , , , , , , , , 
15.2394231, 0.0391089, , , , , , , 15.2394231, -0.036759, , , , , , , 15.2394231, 0.0364233, , , , , , , 15.2394231, -0.0028534, , , , , , , , , , , , , , , , , , , , , , , , , , , , 
15.2399423, 0.0204776, , , , , , , 15.2399423, -0.0169528, , , , , , , 15.2399423, 0.0387732, , , , , , , 15.2399423, 0.0057069, , , , , , , , , , , , , , , , , , , , , , , , , , , , 
15.2404615, -0.0070497, , , , , , , 15.2404615, -0.0008392, , , , , , , 15.2404615, 0.0411231, , , , , , , 15.2404615, 0.0186313, , , , , , , , , , , , , , , , , , , , , , , , , , , , 
15.2409808, -0.0354162, , , , , , , 15.2409808, -0.0015106, , , , , , , 15.2409808, 0.0448157, , , , , , , 15.2409808, 0.0340734, , , , , , , , , , , , , , , , , , , , , , , , , , , , 
15.2415, -0.0518654, , , , , , , 15.2415, -0.0154421, , , , , , , 15.2415, 0.0548867, , , , , , , 15.2415, 0.0475013, , , , , , , , , , , , , , , , , , , , , , , , , , , , 
15.2420192, -0.0627756, , , , , , , 15.2420192, -0.0310521, , , , , , , 15.2420192, 0.0783856, , , , , , , 15.2420192, 0.0535439, , , , , , , , , , , , , , , , , , , , , , , , , , , , 
15.2425385, -0.0753643, , , , , , , 15.2425385, -0.0493477, , , , , , , 15.2425385, 0.1059129, , , , , , , 15.2425385, 0.0533761, , , , , , , , , , , , , , , , , , , , , , , , , , , , 
15.2430577, -0.0867781, , , , , , , 15.2430577, -0.0609293, , , , , , , 15.2430577, 0.1220264, , , , , , , 15.2430577, 0.0498512, , , , , , , , , , , , , , , , , , , , , , , , , , , , 
15.2435769, -0.090135, , , , , , , 15.2435769, -0.054551, , , , , , , 15.2435769, 0.1287404, , , , , , , 15.2435769, 0.0463264, , , , , , , , , , , , , , , , , , , , , , , , , , , , 
15.2440962, -0.0814069, , , , , , , 15.2440962, -0.0354162, , , , , , , 15.2440962, 0.1294118, , , , , , , 15.2440962, 0.0438087, , , , , , , , , , , , , , , , , , , , , , , , , , , , 
15.2446154, -0.0699931, , , , , , , 15.2446154, -0.0169528, , , , , , , 15.2446154, 0.1193408, , , , , , , 15.2446154, 0.0391089, , , , , , , , , , , , , , , , , , , , , , , , , , , , 
15.2451346, -0.0626078, , , , , , , 15.2451346, 0.0023499, , , , , , , 15.2451346, 0.0951705, , , , , , , 15.2451346, 0.0297093, , , , , , , , , , , , , , , , , , , , , , , , , , , , 
15.2456538, -0.0532082, , , , , , , 15.2456538, 0.0204776, , , , , , , 15.2456538, 0.0589151, , , , , , , 15.2456538, 0.0213169, , , , , , , , , , , , , , , , , , , , , , , , , , , , 
15.2461731, -0.0411231, , , , , , , 15.2461731, 0.0226596, , , , , , , 15.2461731, 0.0119173, , , , , , , 15.2461731, 0.0146029, , , , , , , , , , , , , , , , , , , , , , , , , , , , 
15.2466923, -0.0313878, , , , , , , 15.2466923, 0.0149386, , , , , , , 15.2466923, -0.0339055, , , , , , , 15.2466923, 0.008896, , , , , , , , , , , , , , , , , , , , , , , , , , , , 
15.2472115, -0.0223239, , , , , , , 15.2472115, 0.008896, , , , , , , 15.2472115, -0.0753643, , , , , , , 15.2472115, 0.0072175, , , , , , , , , , , , , , , , , , , , , , , , , , , , 
15.2477308, -0.0130922, , , , , , , 15.2477308, 0.0125887, , , , , , , 15.2477308, -0.1082628, , , , , , , 15.2477308, 0.0052033, , , , , , , , , , , , , , , , , , , , , , , , , , , , 
15.24825, -0.002182, , , , , , , 15.24825, 0.0303807, , , , , , , 15.24825, -0.1290761, , , , , , , 15.24825, -0.002182, , , , , , , , , , , , , , , , , , , , , , , , , , , , 
15.2487692, 0.0119173, , , , , , , 15.2487692, 0.0522011, , , , , , , 15.2487692, -0.1265583, , , , , , , 15.2487692, -0.0102388, , , , , , , , , , , , , , , , , , , , , , , , , , , , 
15.2492885, 0.0260166, , , , , , , 15.2492885, 0.0626078, , , , , , , 15.2492885, -0.1084306, , , , , , , 15.2492885, -0.0135958, , , , , , , , , , , , , , , , , , , , , , , , , , , , 
15.2498077, 0.0307164, , , , , , , 15.2498077, 0.0553902, , , , , , , 15.2498077, -0.0884565, , , , , , , 15.2498077, -0.012253, , , , , , , , , , , , , , , , , , , , , , , , , , , , 
15.2503269, 0.0303807, , , , , , , 15.2503269, 0.0342412, , , , , , , 15.2503269, -0.0757, , , , , , , 15.2503269, -0.0105745, , , , , , , , , , , , , , , , , , , , , , , , , , , , 
15.2508462, 0.0317235, , , , , , , 15.2508462, -0.0015106, , , , , , , 15.2508462, -0.0666361, , , , , , , 15.2508462, -0.0075532, , , , , , , , , , , , , , , , , , , , , , , , , , , , 
15.2513654, 0.0354162, , , , , , , 15.2513654, -0.0485084, , , , , , , 15.2513654, -0.0605936, , , , , , , 15.2513654, -0.0062104, , , , , , , , , , , , , , , , , , , , , , , , , , , , 
15.2518846, 0.0364233, , , , , , , 15.2518846, -0.0820783, , , , , , , 15.2518846, -0.06009, , , , , , , 15.2518846, -0.0068818, , , , , , , , , , , , , , , , , , , , , , , , , , , , 
15.2524038, 0.0381018, , , , , , , 15.2524038, -0.0850996, , , , , , , 15.2524038, -0.0696574, , , , , , , 15.2524038, -0.0102388, , , , , , , , , , , , , , , , , , , , , , , , , , , , 
15.2529231, 0.0394446, , , , , , , 15.2529231, -0.0681468, , , , , , , 15.2529231, -0.0854353, , , , , , , 15.2529231, -0.011078, , , , , , , , , , , , , , , , , , , , , , , , , , , , 
15.2534423, 0.0392767, , , , , , , 15.2534423, -0.054551, , , , , , , 15.2534423, -0.0997024, , , , , , , 15.2534423, -0.0075532, , , , , , , , , , , , , , , , , , , , , , , , , , , , 
15.2539615, 0.0439765, , , , , , , 15.2539615, -0.0632792, , , , , , , 15.2539615, -0.10692, , , , , , , 15.2539615, -0.0078889, , , , , , , , , , , , , , , , , , , , , , , , , , , , 
15.2544808, 0.0602579, , , , , , , 15.2544808, -0.0733501, , , , , , , 15.2544808, -0.1045701, , , , , , , 15.2544808, -0.0142672, , , , , , , , , , , , , , , , , , , , , , , , , , , , 
15.255, 0.0797284, , , , , , , 15.255, -0.0599222, , , , , , , 15.255, -0.0933242, , , , , , , 15.255, -0.0176242, , , , , , , , , , , , , , , , , , , , , , , , , , , , 
15.2555192, 0.0941634, , , , , , , 15.2555192, -0.0317235, , , , , , , 15.2555192, -0.0798962, , , , , , , 15.2555192, -0.0166171, , , , , , , , , , , , , , , , , , , , , , , , , , , , 
15.2560385, 0.1032273, , , , , , , 15.2560385, -0.012253, , , , , , , 15.2560385, -0.0676432, , , , , , , 15.2560385, -0.0129244, , , , , , , , , , , , , , , , , , , , , , , , , , , , 
15.2565577, 0.1117876, , , , , , , 15.2565577, 0.0085603, , , , , , , 15.2565577, -0.0587472, , , , , , , 15.2565577, -0.0077211, , , , , , , , , , , , , , , , , , , , , , , , , , , , 
15.2570769, 0.1117876, , , , , , , 15.2570769, 0.026688, , , , , , , 15.2570769, -0.0532082, , , , , , , 15.2570769, 0.0028534, , , , , , , , , , , , , , , , , , , , , , , , , , , , 
15.2575962, 0.1028916, , , , , , , 15.2575962, 0.0273594, , , , , , , 15.2575962, -0.0498512, , , , , , , 15.2575962, 0.0196384, , , , , , , , , , , , , , , , , , , , , , , , , , , , 
15.2581154, 0.0871138, , , , , , , 15.2581154, 0.0065461, , , , , , , 15.2581154, -0.0464942, , , , , , , 15.2581154, 0.0347448, , , , , , , , , , , , , , , , , , , , , , , , , , , , 
15.2586346, 0.0656291, , , , , , , 15.2586346, -0.0172885, , , , , , , 15.2586346, -0.0381018, , , , , , , 15.2586346, 0.0446479, , , , , , , , , , , , , , , , , , , , , , , , , , , , 
15.2591538, 0.0468299, , , , , , , 15.2591538, -0.0219883, , , , , , , 15.2591538, -0.0243381, , , , , , , 15.2591538, 0.0464942, , , , , , , , , , , , , , , , , , , , , , , , , , , , 
15.2596731, 0.0285344, , , , , , , 15.2596731, -0.0273594, , , , , , , 15.2596731, -0.0082246, , , , , , , 15.2596731, 0.0428016, , , , , , , , , , , , , , , , , , , , , , , , , , , , 
15.2601923, 0.0038605, , , , , , , 15.2601923, -0.0557259, , , , , , , 15.2601923, 0.0036927, , , , , , , 15.2601923, 0.0386053, , , , , , , , , , , , , , , , , , , , , , , , , , , , 
15.2607115, -0.0223239, , , , , , , 15.2607115, -0.1042344, , , , , , , 15.2607115, 0.012253, , , , , , , 15.2607115, 0.0370947, , , , , , , , , , , , , , , , , , , , , , , , , , , , 
15.2612308, -0.0438087, , , , , , , 15.2612308, -0.1448539, , , , , , , 15.2612308, 0.0179599, , , , , , , 15.2612308, 0.0381018, , , , , , , , , , , , , , , , , , , , , , , , , , , , 
15.26175, -0.0632792, , , , , , , 15.26175, -0.1488823, , , , , , , 15.26175, 0.0226596, , , , , , , 15.26175, 0.0407874, , , , , , , , , , , , , , , , , , , , , , , , , , , , 
15.2622692, -0.079057, , , , , , , 15.2622692, -0.1059129, , , , , , , 15.2622692, 0.026688, , , , , , , 15.2622692, 0.0428016, , , , , , , , , , , , , , , , , , , , , , , , , , , , 
15.2627885, -0.0877852, , , , , , , 15.2627885, -0.047837, , , , , , , 15.2627885, 0.0263523, , , , , , , 15.2627885, 0.0426337, , , , , , , , , , , , , , , , , , , , , , , , , , , , 
15.2633077, -0.0988632, , , , , , , 15.2633077, -0.0050355, , , , , , , 15.2633077, 0.0199741, , , , , , , 15.2633077, 0.0414588, , , , , , , , , , , , , , , , , , , , , , , , , , , , 
15.2638269, -0.1038987, , , , , , , 15.2638269, 0.0206455, , , , , , , 15.2638269, 0.0151064, , , , , , , 15.2638269, 0.0374304, , , , , , , , , , , , , , , , , , , , , , , , , , , , 
15.2643462, -0.0931563, , , , , , , 15.2643462, 0.0354162, , , , , , , 15.2643462, 0.0159457, , , , , , , 15.2643462, 0.0293736, , , , , , , , , , , , , , , , , , , , , , , , , , , , 
15.2648654, -0.0679789, , , , , , , 15.2648654, 0.0414588, , , , , , , 15.2648654, 0.0209812, , , , , , , 15.2648654, 0.0186313, , , , , , , , , , , , , , , , , , , , , , , , , , , , 
15.2653846, -0.0431373, , , , , , , 15.2653846, 0.0325628, , , , , , , 15.2653846, 0.023331, , , , , , , 15.2653846, 0.0085603, , , , , , , , , , , , , , , , , , , , , , , , , , , , 
15.2659038, -0.0292058, , , , , , , 15.2659038, 0.0038605, , , , , , , 15.2659038, 0.0253452, , , , , , , 15.2659038, 0.0005035, , , , , , , , , , , , , , , , , , , , , , , , , , , , 
15.2664231, -0.0203098, , , , , , , 15.2664231, -0.0258488, , , , , , , 15.2664231, 0.0290379, , , , , , , 15.2664231, -0.0015106, , , , , , , , , , , , , , , , , , , , , , , , , , , , 
15.2669423, -0.0112459, , , , , , , 15.2669423, -0.0384375, , , , , , , 15.2669423, 0.0337377, , , , , , , 15.2669423, -0.0011749, , , , , , , , , , , , , , , , , , , , , , , , , , , , 
15.2674615, -0.0038605, , , , , , , 15.2674615, -0.0223239, , , , , , , 15.2674615, 0.0347448, , , , , , , 15.2674615, -0.0031891, , , , , , , , , , , , , , , , , , , , , , , , , , , , 
15.2679808, 0.0023499, , , , , , , 15.2679808, 0.0226596, , , , , , , 15.2679808, 0.0332341, , , , , , , 15.2679808, -0.0031891, , , , , , , , , , , , , , , , , , , , , , , , , , , , 
15.2685, 0.0102388, , , , , , , 15.2685, 0.0699931, , , , , , , 15.2685, 0.0313878, , , , , , , 15.2685, -0.0016785, , , , , , , , , , , , , , , , , , , , , , , , , , , , 
15.2690192, 0.0199741, , , , , , , 15.2690192, 0.0931563, , , , , , , 15.2690192, 0.0313878, , , , , , , 15.2690192, -0.0018463, , , , , , , , , , , , , , , , , , , , , , , , , , , , 
15.2695385, 0.0260166, , , , , , , 15.2695385, 0.0864424, , , , , , , 15.2695385, 0.0320592, , , , , , , 15.2695385, 0.002182, , , , , , , , , , , , , , , , , , , , , , , , , , , , 
15.2700577, 0.026688, , , , , , , 15.2700577, 0.0669718, , , , , , , 15.2700577, 0.0320592, , , , , , , 15.2700577, 0.0105745, , , , , , , , , , , , , , , , , , , , , , , , , , , , 
15.2705769, 0.0280308, , , , , , , 15.2705769, 0.0535439, , , , , , , 15.2705769, 0.0317235, , , , , , , 15.2705769, 0.014435, , , , , , , , , , , , , , , , , , , , , , , , , , , , 
15.2710962, 0.0327306, , , , , , , 15.2710962, 0.0473335, , , , , , , 15.2710962, 0.0290379, , , , , , , 15.2710962, 0.0119173, , , , , , , , , , , , , , , , , , , , , , , , , , , , 
15.2716154, 0.0364233, , , , , , , 15.2716154, 0.0414588, , , , , , , 15.2716154, 0.0236667, , , , , , , 15.2716154, 0.005539, , , , , , , , , , , , , , , , , , , , , , , , , , , , 
15.2721346, 0.036759, , , , , , , 15.2721346, 0.0394446, , , , , , , 15.2721346, 0.0182956, , , , , , , 15.2721346, -0.0006714, , , , , , , , , , , , , , , , , , , , , , , , , , , , 
15.2726538, 0.0392767, , , , , , , 15.2726538, 0.0446479, , , , , , , 15.2726538, 0.0119173, , , , , , , 15.2726538, -0.0050355, , , , , , , , , , , , , , , , , , , , , , , , , , , , 
15.2731731, 0.0409552, , , , , , , 15.2731731, 0.0406195, , , , , , , 15.2731731, 0.0058747, , , , , , , 15.2731731, -0.0070497, , , , , , , , , , , , , , , , , , , , , , , , , , , , 
15.2736923, 0.0438087, , , , , , , 15.2736923, 0.0320592, , , , , , , 15.2736923, 0.0016785, , , , , , , 15.2736923, -0.0052033, , , , , , , , , , , , , , , , , , , , , , , , , , , , 
15.2742115, 0.0589151, , , , , , , 15.2742115, 0.0516976, , , , , , , 15.2742115, -0.0035248, , , , , , , 15.2742115, -0.0065461, , , , , , , , , , , , , , , , , , , , , , , , , , , , 
15.2747308, 0.0827497, , , , , , , 15.2747308, 0.0897993, , , , , , , 15.2747308, -0.0112459, , , , , , , 15.2747308, -0.0129244, , , , , , , , , , , , , , , , , , , , , , , , , , , , 
15.27525, 0.1037308, , , , , , , 15.27525, 0.1092699, , , , , , , 15.27525, -0.0219883, , , , , , , 15.27525, -0.0166171, , , , , , , , , , , , , , , , , , , , , , , , , , , , 
15.2757692, 0.1186694, , , , , , , 15.2757692, 0.0990311, , , , , , , 15.2757692, -0.0303807, , , , , , , 15.2757692, -0.0162814, , , , , , , , , , , , , , , , , , , , , , , , , , , , 
15.2762885, 0.1287404, , , , , , , 15.2762885, 0.0736858, , , , , , , 15.2762885, -0.0344091, , , , , , , 15.2762885, -0.0166171, , , , , , , , , , , , , , , , , , , , , , , , , , , , 
15.2768077, 0.1267262, , , , , , , 15.2768077, 0.0318914, , , , , , , 15.2768077, -0.0323949, , , , , , , 15.2768077, -0.0157778, , , , , , , , , , , , , , , , , , , , , , , , , , , , 
15.2773269, 0.119173, , , , , , , 15.2773269, -0.0357519, , , , , , , 15.2773269, -0.0250095, , , , , , , 15.2773269, -0.0129244, , , , , , , , , , , , , , , , , , , , , , , , , , , , 
15.2778462, 0.110277, , , , , , , 15.2778462, -0.0971847, , , , , , , 15.2778462, -0.0157778, , , , , , , 15.2778462, -0.0082246, , , , , , , , , , , , , , , , , , , , , , , , , , , , 
15.2783654, 0.0924849, , , , , , , 15.2783654, -0.1196765, , , , , , , 15.2783654, -0.0075532, , , , , , , 15.2783654, 0.002182, , , , , , , , , , , , , , , , , , , , , , , , , , , , 
15.2788846, 0.0703288, , , , , , , 15.2788846, -0.1080949, , , , , , , 15.2788846, -0.0038605, , , , , , , 15.2788846, 0.0115816, , , , , , , , , , , , , , , , , , , , , , , , , , , , 
15.2794038, 0.0475013, , , , , , , 15.2794038, -0.0775463, , , , , , , 15.2794038, -0.0003357, , , , , , , 15.2794038, 0.0146029, , , , , , , , , , , , , , , , , , , , , , , , , , , , 
15.2799231, 0.0253452, , , , , , , 15.2799231, -0.0344091, , , , , , , 15.2799231, 0.0099031, , , , , , , 15.2799231, 0.0179599, , , , , , , , , , , , , , , , , , , , , , , , , , , , 
15.2804423, 0.002182, , , , , , , 15.2804423, 0.0048676, , , , , , , 15.2804423, 0.0229953, , , , , , , 15.2804423, 0.0253452, , , , , , , , , , , , , , , , , , , , , , , , , , , , 
15.2809615, -0.0243381, , , , , , , 15.2809615, 0.0085603, , , , , , , 15.2809615, 0.0391089, , , , , , , 15.2809615, 0.0330663, , , , , , , , , , , , , , , , , , , , , , , , , , , , 
15.2814808, -0.054551, , , , , , , 15.2814808, -0.0132601, , , , , , , 15.2814808, 0.066804, , , , , , , 15.2814808, 0.0370947, , , , , , , , , , , , , , , , , , , , , , , , , , , , 
15.282, -0.0803998, , , , , , , 15.282, -0.0095674, , , , , , , 15.282, 0.0965133, , , , , , , 15.282, 0.0391089, , , , , , , , , , , , , , , , , , , , , , , , , , , , 
15.2825192, -0.0981918, , , , , , , 15.2825192, 0.0313878, , , , , , , 15.2825192, 0.114641, , , , , , , 15.2825192, 0.0428016, , , , , , , , , , , , , , , , , , , , , , , , , , , , 
15.2830385, -0.110277, , , , , , , 15.2830385, 0.0616007, , , , , , , 15.2830385, 0.114641, , , , , , , 15.2830385, 0.0458228, , , , , , , , , , , , , , , , , , , , , , , , , , , , 
15.2835577, -0.1173266, , , , , , , 15.2835577, 0.0589151, , , , , , , 15.2835577, 0.0978561, , , , , , , 15.2835577, 0.0454871, , , , , , , , , , , , , , , , , , , , , , , , , , , , 
15.2840769, -0.1143053, , , , , , , 15.2840769, 0.0414588, , , , , , , 15.2840769, 0.072343, , , , , , , 15.2840769, 0.0407874, , , , , , , , , , , , , , , , , , , , , , , , , , , , 
15.2845962, -0.0961776, , , , , , , 15.2845962, 0.0226596, , , , , , , 15.2845962, 0.0414588, , , , , , , 15.2845962, 0.0327306, , , , , , , , , , , , , , , , , , , , , , , , , , , , 
15.2851154, -0.0673075, , , , , , , 15.2851154, 0.0038605, , , , , , , 15.2851154, 0.005539, , , , , , , 15.2851154, 0.0240024, , , , , , , , , , , , , , , , , , , , , , , , , , , , 
15.2856346, -0.0411231, , , , , , , 15.2856346, -0.0146029, , , , , , , 15.2856346, -0.0290379, , , , , , , 15.2856346, 0.0152743, , , , , , , , , , , , , , , , , , , , , , , , , , , , 
15.2861538, -0.0256809, , , , , , , 15.2861538, -0.0344091, , , , , , , 15.2861538, -0.0602579, , , , , , , 15.2861538, 0.0092317, , , , , , , , , , , , , , , , , , , , , , , , , , , , 
15.2866731, -0.0182956, , , , , , , 15.2866731, -0.0592508, , , , , , , 15.2866731, -0.0820783, , , , , , , 15.2866731, 0.0072175, , , , , , , , , , , , , , , , , , , , , , , , , , , , 
15.2871923, -0.0095674, , , , , , , 15.2871923, -0.085771, , , , , , , 15.2871923, -0.0897993, , , , , , , 15.2871923, 0.0078889, , , , , , , , , , , , , , , , , , , , , , , , , , , , 
15.2877115, 0.0025177, , , , , , , 15.2877115, -0.1030594, , , , , , , 15.2877115, -0.0943313, , , , , , , 15.2877115, 0.0065461, , , , , , , , , , , , , , , , , , , , , , , , , , , , 
15.2882308, 0.0072175, , , , , , , 15.2882308, -0.1077592, , , , , , , 15.2882308, -0.1042344, , , , , , , 15.2882308, 0.0048676, , , , , , , , , , , , , , , , , , , , , , , , , , , , 
15.28875, 0.0052033, , , , , , , 15.28875, -0.1171588, , , , , , , 15.28875, -0.1171588, , , , , , , 15.28875, 0.0048676, , , , , , , , , , , , , , , , , , , , , , , , , , , , 
15.2892692, 0.008896, , , , , , , 15.2892692, -0.1253834, , , , , , , 15.2892692, -0.1230335, , , , , , , 15.2892692, 0.0052033, , , , , , , , , , , , , , , , , , , , , , , , , , , , 
15.2897885, 0.021149, , , , , , , 15.2897885, -0.1089342, , , , , , , 15.2897885, -0.1250477, , , , , , , 15.2897885, 0.0078889, , , , , , , , , , , , , , , , , , , , , , , , , , , , 
15.2903077, 0.0273594, , , , , , , 15.2903077, -0.0669718, , , , , , , 15.2903077, -0.1265583, , , , , , , 15.2903077, 0.0102388, , , , , , , , , , , , , , , , , , , , , , , , , , , , 
15.2908269, 0.0287022, , , , , , , 15.2908269, -0.0357519, , , , , , , 15.2908269, -0.1242084, , , , , , , 15.2908269, 0.0119173, , , , , , , , , , , , , , , , , , , , , , , , , , , , 
15.2913462, 0.0307164, , , , , , , 15.2913462, -0.0303807, , , , , , , 15.2913462, -0.1183337, , , , , , , 15.2913462, 0.0146029, , , , , , , , , , , , , , , , , , , , , , , , , , , , 
15.2918654, 0.0310521, , , , , , , 15.2918654, -0.0337377, , , , , , , 15.2918654, -0.1109483, , , , , , , 15.2918654, 0.0176242, , , , , , , , , , , , , , , , , , , , , , , , , , , , 
15.2923846, 0.030045, , , , , , , 15.2923846, -0.0330663, , , , , , , 15.2923846, -0.0988632, , , , , , , 15.2923846, 0.018967, , , , , , , , , , , , , , , , , , , , , , , , , , , , 
15.2929038, 0.0273594, , , , , , , 15.2929038, -0.0384375, , , , , , , 15.2929038, -0.0827497, , , , , , , 15.2929038, 0.017792, , , , , , , , , , , , , , , , , , , , , , , , , , , , 
15.2934231, 0.0290379, , , , , , , 15.2934231, -0.0421302, , , , , , , 15.2934231, -0.068986, , , , , , , 15.2934231, 0.0112459, , , , , , , , , , , , , , , , , , , , , , , , , , , , 
15.2939423, 0.0421302, , , , , , , 15.2939423, -0.0283665, , , , , , , 15.2939423, -0.0624399, , , , , , , 15.2939423, -0.0015106, , , , , , , , , , , , , , , , , , , , , , , , , , , , 
15.2944615, 0.0666361, , , , , , , 15.2944615, -0.0031891, , , , , , , 15.2944615, -0.054551, , , , , , , 15.2944615, -0.018967, , , , , , , , , , , , , , , , , , , , , , , , , , , , 
15.2949808, 0.0948348, , , , , , , 15.2949808, 0.0226596, , , , , , , 15.2949808, -0.0384375, , , , , , , 15.2949808, -0.0307164, , , , , , , , , , , , , , , , , , , , , , , , , , , , 
15.2955, 0.1119554, , , , , , , 15.2955, 0.0528725, , , , , , , 15.2955, -0.0172885, , , , , , , 15.2955, -0.0307164, , , , , , , , , , , , , , , , , , , , , , , , , , , , 
15.2960192, 0.1183337, , , , , , , 15.2960192, 0.0897993, , , , , , , 15.2960192, 0.0035248, , , , , , , 15.2960192, -0.0263523, , , , , , , , , , , , , , , , , , , , , , , , , , , , 
15.2965385, 0.1190051, , , , , , , 15.2965385, 0.1186694, , , , , , , 15.2965385, 0.0159457, , , , , , , 15.2965385, -0.0238346, , , , , , , , , , , , , , , , , , , , , , , , , , , , 
15.2970577, 0.1129625, , , , , , , 15.2970577, 0.1267262, , , , , , , 15.2970577, 0.0213169, , , , , , , 15.2970577, -0.0236667, , , , , , , , , , , , , , , , , , , , , , , , , , , , 
15.2975769, 0.1049058, , , , , , , 15.2975769, 0.1072557, , , , , , , 15.2975769, 0.0226596, , , , , , , 15.2975769, -0.0209812, , , , , , , , , , , , , , , , , , , , , , , , , , , , 
15.2980962, 0.0938277, , , , , , , 15.2980962, 0.0642863, , , , , , , 15.2980962, 0.0216526, , , , , , , 15.2980962, -0.0092317, , , , , , , , , , , , , , , , , , , , , , , , , , , , 
15.2986154, 0.0750286, , , , , , , 15.2986154, -0.0023499, , , , , , , 15.2986154, 0.018967, , , , , , , 15.2986154, 0.0052033, , , , , , , , , , , , , , , , , , , , , , , , , , , , 
15.2991346, 0.0552224, , , , , , , 15.2991346, -0.0803998, , , , , , , 15.2991346, 0.0169528, , , , , , , 15.2991346, 0.0169528, , , , , , , , , , , , , , , , , , , , , , , , , , , , 
15.2996538, 0.0357519, , , , , , , 15.2996538, -0.1399863, , , , , , , 15.2996538, 0.0159457, , , , , , , 15.2996538, 0.023331, , , , , , , , , , , , , , , , , , , , , , , , , , , , 
15.3001731, 0.0132601, , , , , , , 15.3001731, -0.152575, , , , , , , 15.3001731, 0.0159457, , , , , , , 15.3001731, 0.0253452, , , , , , , , , , , , , , , , , , , , , , , , , , , , 
15.3006923, -0.0142672, , , , , , , 15.3006923, -0.1216907, , , , , , , 15.3006923, 0.0159457, , , , , , , 15.3006923, 0.0298772, , , , , , , , , , , , , , , , , , , , , , , , , , , , 
15.3012115, -0.0421302, , , , , , , 15.3012115, -0.1028916, , , , , , , 15.3012115, 0.0142672, , , , , , , 15.3012115, 0.036759, , , , , , , , , , , , , , , , , , , , , , , , , , , , 
15.3017308, -0.0636149, , , , , , , 15.3017308, -0.1008774, , , , , , , 15.3017308, 0.0115816, , , , , , , 15.3017308, 0.043473, , , , , , , , , , , , , , , , , , , , , , , , , , , , 
15.30225, -0.0773785, , , , , , , 15.30225, -0.0854353, , , , , , , 15.30225, 0.0095674, , , , , , , 15.30225, 0.0505226, , , , , , , , , , , , , , , , , , , , , , , , , , , , 
15.3027692, -0.0837568, , , , , , , 15.3027692, -0.0616007, , , , , , , 15.3027692, 0.0125887, , , , , , , 15.3027692, 0.0614328, , , , , , , , , , , , , , , , , , , , , , , , , , , , 
15.3032885, -0.0911421, , , , , , , 15.3032885, -0.0384375, , , , , , , 15.3032885, 0.0229953, , , , , , , 15.3032885, 0.0755322, , , , , , , , , , , , , , , , , , , , , , , , , , , , 
15.3038077, -0.1028916, , , , , , , 15.3038077, -0.0216526, , , , , , , 15.3038077, 0.0352483, , , , , , , 15.3038077, 0.0924849, , , , , , , , , , , , , , , , , , , , , , , , , , , , 
15.3043269, -0.0988632, , , , , , , 15.3043269, -0.0035248, , , , , , , 15.3043269, 0.0448157, , , , , , , 15.3043269, 0.1055772, , , , , , , , , , , , , , , , , , , , , , , , , , , , 
15.3048462, -0.0782177, , , , , , , 15.3048462, 0.0323949, , , , , , , 15.3048462, 0.0488441, , , , , , , 15.3048462, 0.1089342, , , , , , , , , , , , , , , , , , , , , , , , , , , , 
15.3053654, -0.0558938, , , , , , , 15.3053654, 0.0770428, , , , , , , 15.3053654, 0.0461585, , , , , , , 15.3053654, 0.1049058, , , , , , , , , , , , , , , , , , , , , , , , , , , , 
15.3058846, -0.047837, , , , , , , 15.3058846, 0.0847639, , , , , , , 15.3058846, 0.040116, , , , , , , 15.3058846, 0.0944991, , , , , , , , , , , , , , , , , , , , , , , , , , , , 
15.3064038, -0.0426337, , , , , , , 15.3064038, 0.0223239, , , , , , , 15.3064038, 0.0381018, , , , , , , 15.3064038, 0.0800641, , , , , , , , , , , , , , , , , , , , , , , , , , , , 
15.3069231, -0.0293736, , , , , , , 15.3069231, -0.0525368, , , , , , , 15.3069231, 0.0394446, , , , , , , 15.3069231, 0.0681468, , , , , , , , , , , , , , , , , , , , , , , , , , , , 
15.3074423, -0.0149386, , , , , , , 15.3074423, -0.0679789, , , , , , , 15.3074423, 0.0382696, , , , , , , 15.3074423, 0.0562295, , , , , , , , , , , , , , , , , , , , , , , , , , , , 
15.3079615, -0.0045319, , , , , , , 15.3079615, -0.0293736, , , , , , , 15.3079615, 0.0359197, , , , , , , 15.3079615, 0.0404517, , , , , , , , , , , , , , , , , , , , , , , , , , , , 
15.3084808, -0.0003357, , , , , , , 15.3084808, 0.0129244, , , , , , , 15.3084808, 0.0339055, , , , , , , 15.3084808, 0.0236667, , , , , , , , , , , , , , , , , , , , , , , , , , , , 
15.309, 0.0031891, , , , , , , 15.309, 0.0381018, , , , , , , 15.309, 0.0320592, , , , , , , 15.309, 0.0092317, , , , , , , , , , , , , , , , , , , , , , , , , , , , 
15.3095192, 0.0105745, , , , , , , 15.3095192, 0.0538796, , , , , , , 15.3095192, 0.0297093, , , , , , , 15.3095192, -0.0001678, , , , , , , , , , , , , , , , , , , , , , , , , , , , 
15.3100385, 0.018967, , , , , , , 15.3100385, 0.0558938, , , , , , , 15.3100385, 0.026688, , , , , , , 15.3100385, -0.0072175, , , , , , , , , , , , , , , , , , , , , , , , , , , , 
15.3105577, 0.0243381, , , , , , , 15.3105577, 0.043473, , , , , , , 15.3105577, 0.0246738, , , , , , , 15.3105577, -0.0129244, , , , , , , , , , , , , , , , , , , , , , , , , , , , 
15.3110769, 0.0236667, , , , , , , 15.3110769, 0.0276951, , , , , , , 15.3110769, 0.0271916, , , , , , , 15.3110769, -0.0166171, , , , , , , , , , , , , , , , , , , , , , , , , , , , 
15.3115962, 0.0196384, , , , , , , 15.3115962, 0.0152743, , , , , , , 15.3115962, 0.0347448, , , , , , , 15.3115962, -0.0198062, , , , , , , , , , , , , , , , , , , , , , , , , , , , 
15.3121154, 0.0184634, , , , , , , 15.3121154, 0.0008392, , , , , , , 15.3121154, 0.0454871, , , , , , , 15.3121154, -0.0214847, , , , , , , , , , , , , , , , , , , , , , , , , , , , 
15.3126346, 0.021149, , , , , , , 15.3126346, -0.011078, , , , , , , 15.3126346, 0.0558938, , , , , , , 15.3126346, -0.0219883, , , , , , , , , , , , , , , , , , , , , , , , , , , , 
15.3131538, 0.0240024, , , , , , , 15.3131538, 0.0162814, , , , , , , 15.3131538, 0.0585794, , , , , , , 15.3131538, -0.0223239, , , , , , , , , , , , , , , , , , , , , , , , , , , , 
15.3136731, 0.0310521, , , , , , , 15.3136731, 0.0896315, , , , , , , 15.3136731, 0.0500191, , , , , , , 15.3136731, -0.0243381, , , , , , , , , , , , , , , , , , , , , , , , , , , , 
15.3141923, 0.0528725, , , , , , , 15.3141923, 0.1418326, , , , , , , 15.3141923, 0.0345769, , , , , , , 15.3141923, -0.0330663, , , , , , , , , , , , , , , , , , , , , , , , , , , , 
15.3147115, 0.0820783, , , , , , , 15.3147115, 0.1374685, , , , , , , 15.3147115, 0.0196384, , , , , , , 15.3147115, -0.0428016, , , , , , , , , , , , , , , , , , , , , , , , , , , , 
15.3152308, 0.1015488, , , , , , , 15.3152308, 0.1364614, , , , , , , 15.3152308, 0.0102388, , , , , , , 15.3152308, -0.0485084, , , , , , , , , , , , , , , , , , , , , , , , , , , , 
15.31575, 0.1099413, , , , , , , 15.31575, 0.161471, , , , , , , 15.31575, 0.0008392, , , , , , , 15.31575, -0.0513619, , , , , , , , , , , , , , , , , , , , , , , , , , , , 
15.3162692, 0.1136339, , , , , , , 15.3162692, 0.1421683, , , , , , , 15.3162692, -0.012253, , , , , , , 15.3162692, -0.0520333, , , , , , , , , , , , , , , , , , , , , , , , , , , , 
15.3167885, 0.1144732, , , , , , , 15.3167885, 0.0641184, , , , , , , 15.3167885, -0.0250095, , , , , , , 15.3167885, -0.0528725, , , , , , , , , , , , , , , , , , , , , , , , , , , , 
15.3173077, 0.1065843, , , , , , , 15.3173077, -0.0001678, , , , , , , 15.3173077, -0.0364233, , , , , , , 15.3173077, -0.0475013, , , , , , , , , , , , , , , , , , , , , , , , , , , , 
15.3178269, 0.0936599, , , , , , , 15.3178269, -0.002182, , , , , , , 15.3178269, -0.0458228, , , , , , , 15.3178269, -0.0370947, , , , , , , , , , , , , , , , , , , , , , , , , , , , 
15.3183462, 0.0777142, , , , , , , 15.3183462, 0.0468299, , , , , , , 15.3183462, -0.0532082, , , , , , , 15.3183462, -0.027863, , , , , , , , , , , , , , , , , , , , , , , , , , , , 
15.3188654, 0.061265, , , , , , , 15.3188654, 0.0891279, , , , , , , 15.3188654, -0.0569009, , , , , , , 15.3188654, -0.0169528, , , , , , , , , , , , , , , , , , , , , , , , , , , , 
15.3193846, 0.0438087, , , , , , , 15.3193846, 0.0985275, , , , , , , 15.3193846, -0.0560616, , , , , , , 15.3193846, -0.0068818, , , , , , , , , , , , , , , , , , , , , , , , , , , , 
15.3199038, 0.0236667, , , , , , , 15.3199038, 0.0679789, , , , , , , 15.3199038, -0.0599222, , , , , , , 15.3199038, -0.0005035, , , , , , , , , , , , , , , , , , , , , , , , , , , , 
15.3204231, 0.0015106, , , , , , , 15.3204231, -0.0283665, , , , , , , 15.3204231, -0.0730144, , , , , , , 15.3204231, 0.0068818, , , , , , , , , , , , , , , , , , , , , , , , , , , , 
15.3209423, -0.0256809, , , , , , , 15.3209423, -0.1505608, , , , , , , 15.3209423, -0.0887922, , , , , , , 15.3209423, 0.0140993, , , , , , , , , , , , , , , , , , , , , , , , , , , , 
15.3214615, -0.051194, , , , , , , 15.3214615, -0.2469062, , , , , , , 15.3214615, -0.0981918, , , , , , , 15.3214615, 0.0216526, , , , , , , , , , , , , , , , , , , , , , , , , , , , 
15.3219808, -0.0720073, , , , , , , 15.3219808, -0.321767, , , , , , , 15.3219808, -0.0956741, , , , , , , 15.3219808, 0.0280308, , , , , , , , , , , , , , , , , , , , , , , , , , , , 
15.3225, -0.0928206, , , , , , , 15.3225, -0.369604, , , , , , , 15.3225, -0.0887922, , , , , , , 15.3225, 0.0339055, , , , , , , , , , , , , , , , , , , , , , , , , , , , 
15.3230192, -0.1089342, , , , , , , 15.3230192, -0.3434195, , , , , , , 15.3230192, -0.0847639, , , , , , , 15.3230192, 0.0377661, , , , , , , , , , , , , , , , , , , , , , , , , , , , 
15.3235385, -0.1185016, , , , , , , 15.3235385, -0.2381781, , , , , , , 15.3235385, -0.0793927, , , , , , , 15.3235385, 0.0414588, , , , , , , , , , , , , , , , , , , , , , , , , , , , 
15.3240577, -0.1117876, , , , , , , 15.3240577, -0.1243763, , , , , , , 15.3240577, -0.0647898, , , , , , , 15.3240577, 0.0391089, , , , , , , , , , , , , , , , , , , , , , , , , , , , 
15.3245769, -0.085771, , , , , , , 15.3245769, -0.0605936, , , , , , , 15.3245769, -0.051194, , , , , , , 15.3245769, 0.0320592, , , , , , , , , , , , , , , , , , , , , , , , , , , , 
15.3250962, -0.0553902, , , , , , , 15.3250962, -0.0520333, , , , , , , 15.3250962, -0.0407874, , , , , , , 15.3250962, 0.0280308, , , , , , , , , , , , , , , , , , , , , , , , , , , , 
15.3256154, -0.03122, , , , , , , 15.3256154, -0.0505226, , , , , , , 15.3256154, -0.0283665, , , , , , , 15.3256154, 0.0273594, , , , , , , , , , , , , , , , , , , , , , , , , , , , 
15.3261346, -0.0162814, , , , , , , 15.3261346, -0.0169528, , , , , , , 15.3261346, -0.0157778, , , , , , , 15.3261346, 0.0297093, , , , , , , , , , , , , , , , , , , , , , , , , , , , 
15.3266538, -0.0008392, , , , , , , 15.3266538, 0.0320592, , , , , , , 15.3266538, -0.0085603, , , , , , , 15.3266538, 0.0364233, , , , , , , , , , , , , , , , , , , , , , , , , , , , 
15.3271731, 0.0099031, , , , , , , 15.3271731, 0.0542153, , , , , , , 15.3271731, -0.0030213, , , , , , , 15.3271731, 0.043473, , , , , , , , , , , , , , , , , , , , , , , , , , , , 
15.3276923, 0.0125887, , , , , , , 15.3276923, 0.0522011, , , , , , , 15.3276923, 0.0045319, , , , , , , 15.3276923, 0.0454871, , , , , , , , , , , , , , , , , , , , , , , , , , , , 
15.3282115, 0.0182956, , , , , , , 15.3282115, 0.0527047, , , , , , , 15.3282115, 0.0125887, , , , , , , 15.3282115, 0.04448, , , , , , , , , , , , , , , , , , , , , , , , , , , , 
15.3287308, 0.0280308, , , , , , , 15.3287308, 0.0485084, , , , , , , 15.3287308, 0.0166171, , , , , , , 15.3287308, 0.0414588, , , , , , , , , , , , , , , , , , , , , , , , , , , , 
15.32925, 0.0339055, , , , , , , 15.32925, 0.0360876, , , , , , , 15.32925, 0.0193027, , , , , , , 15.32925, 0.0384375, , , , , , , , , , , , , , , , , , , , , , , , , , , , 
15.3297692, 0.0365911, , , , , , , 15.3297692, 0.0213169, , , , , , , 15.3297692, 0.0223239, , , , , , , 15.3297692, 0.0330663, , , , , , , , , , , , , , , , , , , , , , , , , , , , 
15.3302885, 0.0387732, , , , , , , 15.3302885, 0.0050355, , , , , , , 15.3302885, 0.0219883, , , , , , , 15.3302885, 0.0253452, , , , , , , , , , , , , , , , , , , , , , , , , , , , 
15.3308077, 0.0377661, , , , , , , 15.3308077, 0.0011749, , , , , , , 15.3308077, 0.0172885, , , , , , , 15.3308077, 0.0172885, , , , , , , , , , , , , , , , , , , , , , , , , , , , 
15.3313269, 0.0406195, , , , , , , 15.3313269, 0.0253452, , , , , , , 15.3313269, 0.0082246, , , , , , , 15.3313269, 0.0125887, , , , , , , , , , , , , , , , , , , , , , , , , , , , 
15.3318462, 0.0428016, , , , , , , 15.3318462, 0.0522011, , , , , , , 15.3318462, -0.0028534, , , , , , , 15.3318462, 0.0109102, , , , , , , , , , , , , , , , , , , , , , , , , , , , 
15.3323654, 0.0391089, , , , , , , 15.3323654, 0.0773785, , , , , , , 15.3323654, -0.0135958, , , , , , , 15.3323654, 0.0149386, , , , , , , , , , , , , , , , , , , , , , , , , , , , 
15.3328846, 0.0330663, , , , , , , 15.3328846, 0.0921492, , , , , , , 15.3328846, -0.0216526, , , , , , , 15.3328846, 0.0219883, , , , , , , , , , , , , , , , , , , , , , , , , , , , 
15.3334038, 0.0280308, , , , , , , 15.3334038, 0.0777142, , , , , , , 15.3334038, -0.0256809, , , , , , , 15.3334038, 0.0263523, , , , , , , , , , , , , , , , , , , , , , , , , , , , 
15.3339231, 0.0340734, , , , , , , 15.3339231, 0.0508583, , , , , , , 15.3339231, -0.0313878, , , , , , , 15.3339231, 0.0240024, , , , , , , , , , , , , , , , , , , , , , , , , , , , 
15.3344423, 0.0552224, , , , , , , 15.3344423, 0.0276951, , , , , , , 15.3344423, -0.0364233, , , , , , , 15.3344423, 0.0129244, , , , , , , , , , , , , , , , , , , , , , , , , , , , 
15.3349615, 0.0793927, , , , , , , 15.3349615, 0.008896, , , , , , , 15.3349615, -0.0347448, , , , , , , 15.3349615, 0.0001678, , , , , , , , , , , , , , , , , , , , , , , , , , , , 
15.3354808, 0.0985275, , , , , , , 15.3354808, -0.0082246, , , , , , , 15.3354808, -0.0265202, , , , , , , 15.3354808, -0.0068818, , , , , , , , , , , , , , , , , , , , , , , , , , , , 
15.336, 0.1116197, , , , , , , 15.336, -0.0169528, , , , , , , 15.336, -0.0112459, , , , , , , 15.336, -0.0112459, , , , , , , , , , , , , , , , , , , , , , , , , , , , 
15.3365192, 0.117998, , , , , , , 15.3365192, -0.0102388, , , , , , , 15.3365192, 0.0099031, , , , , , , 15.3365192, -0.0149386, , , , , , , , , , , , , , , , , , , , , , , , , , , , 
15.3370385, 0.1193408, , , , , , , 15.3370385, 0.0045319, , , , , , , 15.3370385, 0.0273594, , , , , , , 15.3370385, -0.0176242, , , , , , , , , , , , , , , , , , , , , , , , , , , , 
15.3375577, 0.110277, , , , , , , 15.3375577, 0.0186313, , , , , , , 15.3375577, 0.0339055, , , , , , , 15.3375577, -0.0164492, , , , , , , , , , , , , , , , , , , , , , , , , , , , 
15.3380769, 0.090135, , , , , , , 15.3380769, 0.0292058, , , , , , , 15.3380769, 0.0364233, , , , , , , 15.3380769, -0.0102388, , , , , , , , , , , , , , , , , , , , , , , , , , , , 
15.3385962, 0.0686503, , , , , , , 15.3385962, 0.0307164, , , , , , , 15.3385962, 0.0391089, , , , , , , 15.3385962, -0.0028534, , , , , , , , , , , , , , , , , , , , , , , , , , , , 
15.3391154, 0.0520333, , , , , , , 15.3391154, 0.0203098, , , , , , , 15.3391154, 0.0387732, , , , , , , 15.3391154, 0.0031891, , , , , , , , , , , , , , , , , , , , , , , , , , , , 
15.3396346, 0.036759, , , , , , , 15.3396346, -0.0048676, , , , , , , 15.3396346, 0.0330663, , , , , , , 15.3396346, 0.0083925, , , , , , , , , , , , , , , , , , , , , , , , , , , , 
15.3401538, 0.0142672, , , , , , , 15.3401538, -0.0359197, , , , , , , 15.3401538, 0.0216526, , , , , , , 15.3401538, 0.0125887, , , , , , , , , , , , , , , , , , , , , , , , , , , , 
15.3406731, -0.0135958, , , , , , , 15.3406731, -0.0656291, , , , , , , 15.3406731, 0.0075532, , , , , , , 15.3406731, 0.0193027, , , , , , , , , , , , , , , , , , , , , , , , , , , , 
15.3411923, -0.0391089, , , , , , , 15.3411923, -0.0882887, , , , , , , 15.3411923, -0.0035248, , , , , , , 15.3411923, 0.027863, , , , , , , , , , , , , , , , , , , , , , , , , , , , 
15.3417115, -0.0584115, , , , , , , 15.3417115, -0.0827497, , , , , , , 15.3417115, -0.0135958, , , , , , , 15.3417115, 0.0370947, , , , , , , , , , , , , , , , , , , , , , , , , , , , 
15.3422308, -0.0767071, , , , , , , 15.3422308, -0.0535439, , , , , , , 15.3422308, -0.0236667, , , , , , , 15.3422308, 0.0428016, , , , , , , , , , , , , , , , , , , , , , , , , , , , 
15.34275, -0.0965133, , , , , , , 15.34275, -0.0270237, , , , , , , 15.34275, -0.0310521, , , , , , , 15.34275, 0.0453193, , , , , , , , , , , , , , , , , , , , , , , , , , , , 
15.3432692, -0.1092699, , , , , , , 15.3432692, -0.0092317, , , , , , , 15.3432692, -0.0337377, , , , , , , 15.3432692, 0.0471656, , , , , , , , , , , , , , , , , , , , , , , , , , , , 
15.3437885, -0.1122911, , , , , , , 15.3437885, 0.0031891, , , , , , , 15.3437885, -0.0337377, , , , , , , 15.3437885, 0.0461585, , , , , , , , , , , , , , , , , , , , , , , , , , , , 
15.3443077, -0.1064164, , , , , , , 15.3443077, 0.0043641, , , , , , , 15.3443077, -0.0347448, , , , , , , 15.3443077, 0.0397803, , , , , , , , , , , , , , , , , , , , , , , , , , , , 
15.3448269, -0.0884565, , , , , , , 15.3448269, -0.0095674, , , , , , , 15.3448269, -0.0354162, , , , , , , 15.3448269, 0.0303807, , , , , , , , , , , , , , , , , , , , , , , , , , , , 
15.3453462, -0.0659648, , , , , , , 15.3453462, -0.0213169, , , , , , , 15.3453462, -0.033402, , , , , , , 15.3453462, 0.0214847, , , , , , , , , , , , , , , , , , , , , , , , , , , , 
15.3458654, -0.0491798, , , , , , , 15.3458654, -0.0176242, , , , , , , 15.3458654, -0.0307164, , , , , , , 15.3458654, 0.0152743, , , , , , , , , , , , , , , , , , , , , , , , , , , , 
15.3463846, -0.0337377, , , , , , , 15.3463846, -0.0075532, , , , , , , 15.3463846, -0.0263523, , , , , , , 15.3463846, 0.0078889, , , , , , , , , , , , , , , , , , , , , , , , , , , , 
15.3469038, -0.0176242, , , , , , , 15.3469038, 0.0025177, , , , , , , 15.3469038, -0.021149, , , , , , , 15.3469038, 0.0016785, , , , , , , , , , , , , , , , , , , , , , , , , , , , 
15.3474231, -0.0045319, , , , , , , 15.3474231, 0.0149386, , , , , , , 15.3474231, -0.0171206, , , , , , , 15.3474231, 0.002182, , , , , , , , , , , , , , , , , , , , , , , , , , , , 
15.3479423, 0.0077211, , , , , , , 15.3479423, 0.0209812, , , , , , , 15.3479423, -0.0157778, , , , , , , 15.3479423, 0.0036927, , , , , , , , , , , , , , , , , , , , , , , , , , , , 
15.3484615, 0.0186313, , , , , , , 15.3484615, 0.0179599, , , , , , , 15.3484615, -0.0146029, , , , , , , 15.3484615, 0.0041962, , , , , , , , , , , , , , , , , , , , , , , , , , , , 
15.3489808, 0.030045, , , , , , , 15.3489808, 0.0112459, , , , , , , 15.3489808, -0.0077211, , , , , , , 15.3489808, 0.0028534, , , , , , , , , , , , , , , , , , , , , , , , , , , , 
15.3495, 0.0359197, , , , , , , 15.3495, 0.0112459, , , , , , , 15.3495, 0.0031891, , , , , , , 15.3495, 0.0010071, , , , , , , , , , , , , , , , , , , , , , , , , , , , 
15.3500192, 0.0340734, , , , , , , 15.3500192, 0.0404517, , , , , , , 15.3500192, 0.0146029, , , , , , , 15.3500192, -0.0018463, , , , , , , , , , , , , , , , , , , , , , , , , , , , 
15.3505385, 0.0347448, , , , , , , 15.3505385, 0.0908064, , , , , , , 15.3505385, 0.0313878, , , , , , , 15.3505385, -0.0065461, , , , , , , , , , , , , , , , , , , , , , , , , , , , 
15.3510577, 0.0377661, , , , , , , 15.3510577, 0.1413291, , , , , , , 15.3510577, 0.0451514, , , , , , , 15.3510577, -0.0119173, , , , , , , , , , , , , , , , , , , , , , , , , , , , 
15.3515769, 0.0397803, , , , , , , 15.3515769, 0.2032654, , , , , , , 15.3515769, 0.0508583, , , , , , , 15.3515769, -0.0164492, , , , , , , , , , , , , , , , , , , , , , , , , , , , 
15.3520962, 0.0424659, , , , , , , 15.3520962, 0.2566415, , , , , , , 15.3520962, 0.051194, , , , , , , 15.3520962, -0.0169528, , , , , , , , , , , , , , , , , , , , , , , , , , , , 
15.3526154, 0.043473, , , , , , , 15.3526154, 0.2509346, , , , , , , 15.3526154, 0.0461585, , , , , , , 15.3526154, -0.0151064, , , , , , , , , , , , , , , , , , , , , , , , , , , , 
15.3531346, 0.0406195, , , , , , , 15.3531346, 0.2005798, , , , , , , 15.3531346, 0.0357519, , , , , , , 15.3531346, -0.0142672, , , , , , , , , , , , , , , , , , , , , , , , , , , , 
15.3536538, 0.0431373, , , , , , , 15.3536538, 0.139147, , , , , , , 15.3536538, 0.0285344, , , , , , , 15.3536538, -0.0159457, , , , , , , , , , , , , , , , , , , , , , , , , , , , 
15.3541731, 0.0632792, , , , , , , 15.3541731, 0.0820783, , , , , , , 15.3541731, 0.0327306, , , , , , , 15.3541731, -0.0226596, , , , , , , , , , , , , , , , , , , , , , , , , , , , 
15.3546923, 0.0931563, , , , , , , 15.3546923, 0.0229953, , , , , , , 15.3546923, 0.0394446, , , , , , , 15.3546923, -0.0337377, , , , , , , , , , , , , , , , , , , , , , , , , , , , 
15.3552115, 0.1173266, , , , , , , 15.3552115, -0.0515297, , , , , , , 15.3552115, 0.0394446, , , , , , , 15.3552115, -0.0391089, , , , , , , , , , , , , , , , , , , , , , , , , , , , 
15.3557308, 0.1324331, , , , , , , 15.3557308, -0.1445182, , , , , , , 15.3557308, 0.0340734, , , , , , , 15.3557308, -0.0412909, , , , , , , , , , , , , , , , , , , , , , , , , , , , 
15.35625, 0.1441825, , , , , , , 15.35625, -0.2294499, , , , , , , 15.35625, 0.026688, , , , , , , 15.35625, -0.0404517, , , , , , , , , , , , , , , , , , , , , , , , , , , , 
15.3567692, 0.1542535, , , , , , , 15.3567692, -0.2744335, , , , , , , 15.3567692, 0.0186313, , , , , , , 15.3567692, -0.0377661, , , , , , , , , , , , , , , , , , , , , , , , , , , , 
15.3572885, 0.1572747, , , , , , , 15.3572885, -0.2969253, , , , , , , 15.3572885, 0.010071, , , , , , , 15.3572885, -0.0350805, , , , , , , , , , , , , , , , , , , , , , , , , , , , 
15.3578077, 0.1364614, , , , , , , 15.3578077, -0.3187457, , , , , , , 15.3578077, 0.0015106, , , , , , , 15.3578077, -0.0297093, , , , , , , , , , , , , , , , , , , , , , , , , , , , 
15.3583269, 0.1008774, , , , , , , 15.3583269, -0.3278096, , , , , , , 15.3583269, -0.012253, , , , , , , 15.3583269, -0.0176242, , , , , , , , , , , , , , , , , , , , , , , , , , , , 
15.3588462, 0.0730144, , , , , , , 15.3588462, -0.3231098, , , , , , , 15.3588462, -0.0323949, , , , , , , 15.3588462, -0.0018463, , , , , , , , , , , , , , , , , , , , , , , , , , , , 
15.3593654, 0.0542153, , , , , , , 15.3593654, -0.2868544, , , , , , , 15.3593654, -0.0522011, , , , , , , 15.3593654, 0.012253, , , , , , , , , , , , , , , , , , , , , , , , , , , , 
15.3598846, 0.0317235, , , , , , , 15.3598846, -0.2103151, , , , , , , 15.3598846, -0.0663005, , , , , , , 15.3598846, 0.0236667, , , , , , , , , , , , , , , , , , , , , , , , , , , , 
15.3604038, 0.0011749, , , , , , , 15.3604038, -0.1257191, , , , , , , 15.3604038, -0.076875, , , , , , , 15.3604038, 0.0347448, , , , , , , , , , , , , , , , , , , , , , , , , , , , 
15.3609231, -0.0297093, , , , , , , 15.3609231, -0.0486763, , , , , , , 15.3609231, -0.0814069, , , , , , , 15.3609231, 0.0506905, , , , , , , , , , , , , , , , , , , , , , , , , , , , 
15.3614423, -0.0527047, , , , , , , 15.3614423, 0.0068818, , , , , , , 15.3614423, -0.0783856, , , , , , , 15.3614423, 0.0730144, , , , , , , , , , , , , , , , , , , , , , , , , , , , 
15.3619615, -0.0721752, , , , , , , 15.3619615, 0.0105745, , , , , , , 15.3619615, -0.0753643, , , , , , , 15.3619615, 0.0948348, , , , , , , , , , , , , , , , , , , , , , , , , , , , 
15.3624808, -0.0928206, , , , , , , 15.3624808, -0.023331, , , , , , , 15.3624808, -0.0733501, , , , , , , 15.3624808, 0.1059129, , , , , , , , , , , , , , , , , , , , , , , , , , , , 
15.363, -0.1089342, , , , , , , 15.363, -0.0562295, , , , , , , 15.363, -0.0706645, , , , , , , 15.363, 0.1052415, , , , , , , , , , , , , , , , , , , , , , , , , , , , 
15.3635192, -0.1163195, , , , , , , 15.3635192, -0.0673075, , , , , , , 15.3635192, -0.068986, , , , , , , 15.3635192, 0.0951705, , , , , , , , , , , , , , , , , , , , , , , , , , , , 
15.3640385, -0.112459, , , , , , , 15.3640385, -0.0431373, , , , , , , 15.3640385, -0.0649577, , , , , , , 15.3640385, 0.0803998, , , , , , , , , , , , , , , , , , , , , , , , , , , , 
15.3645577, -0.0961776, , , , , , , 15.3645577, -0.0028534, , , , , , , 15.3645577, -0.0589151, , , , , , , 15.3645577, 0.0642863, , , , , , , , , , , , , , , , , , , , , , , , , , , , 
15.3650769, -0.0758679, , , , , , , 15.3650769, 0.0441444, , , , , , , 15.3650769, -0.0498512, , , , , , , 15.3650769, 0.0495155, , , , , , , , , , , , , , , , , , , , , , , , , , , , 
15.3655962, -0.0595865, , , , , , , 15.3655962, 0.082414, , , , , , , 15.3655962, -0.0412909, , , , , , , 15.3655962, 0.0397803, , , , , , , , , , , , , , , , , , , , , , , , , , , , 
15.3661154, -0.0486763, , , , , , , 15.3661154, 0.096849, , , , , , , 15.3661154, -0.0359197, , , , , , , 15.3661154, 0.0345769, , , , , , , , , , , , , , , , , , , , , , , , , , , , 
15.3666346, -0.040116, , , , , , , 15.3666346, 0.0918135, , , , , , , 15.3666346, -0.0308843, , , , , , , 15.3666346, 0.0297093, , , , , , , , , , , , , , , , , , , , , , , , , , , , 
15.3671538, -0.0323949, , , , , , , 15.3671538, 0.0800641, , , , , , , 15.3671538, -0.0270237, , , , , , , 15.3671538, 0.0253452, , , , , , , , , , , , , , , , , , , , , , , , , , , , 
15.3676731, -0.0243381, , , , , , , 15.3676731, 0.0488441, , , , , , , 15.3676731, -0.0224918, , , , , , , 15.3676731, 0.0213169, , , , , , , , , , , , , , , , , , , , , , , , , , , , 
15.3681923, -0.014435, , , , , , , 15.3681923, 0.0065461, , , , , , , 15.3681923, -0.0109102, , , , , , , 15.3681923, 0.0149386, , , , , , , , , , , , , , , , , , , , , , , , , , , , 
15.3687115, -0.0068818, , , , , , , 15.3687115, -0.0011749, , , , , , , 15.3687115, 0.0125887, , , , , , , 15.3687115, 0.0078889, , , , , , , , , , , , , , , , , , , , , , , , , , , , 
15.3692308, 0.0005035, , , , , , , 15.3692308, 0.0461585, , , , , , , 15.3692308, 0.0448157, , , , , , , 15.3692308, 0.0031891, , , , , , , , , , , , , , , , , , , , , , , , , , , , 
15.36975, 0.0043641, , , , , , , 15.36975, 0.1032273, , , , , , , 15.36975, 0.0740215, , , , , , , 15.36975, -0.0008392, , , , , , , , , , , , , , , , , , , , , , , , , , , , 
15.3702692, 0.0105745, , , , , , , 15.3702692, 0.1226978, , , , , , , 15.3702692, 0.0928206, , , , , , , 15.3702692, -0.0068818, , , , , , , , , , , , , , , , , , , , , , , , , , , , 
15.3707885, 0.0186313, , , , , , , 15.3707885, 0.1085985, , , , , , , 15.3707885, 0.0978561, , , , , , , 15.3707885, -0.0112459, , , , , , , , , , , , , , , , , , , , , , , , , , , , 
15.3713077, 0.0226596, , , , , , , 15.3713077, 0.0943313, , , , , , , 15.3713077, 0.0884565, , , , , , , 15.3713077, -0.0132601, , , , , , , , , , , , , , , , , , , , , , , , , , , , 
15.3718269, 0.0265202, , , , , , , 15.3718269, 0.0830854, , , , , , , 15.3718269, 0.0663005, , , , , , , 15.3718269, -0.0135958, , , , , , , , , , , , , , , , , , , , , , , , , , , , 
15.3723462, 0.0297093, , , , , , , 15.3723462, 0.079057, , , , , , , 15.3723462, 0.0379339, , , , , , , 15.3723462, -0.0146029, , , , , , , , , , , , , , , , , , , , , , , , , , , , 
15.3728654, 0.0344091, , , , , , , 15.3728654, 0.1003738, , , , , , , 15.3728654, 0.0085603, , , , , , , 15.3728654, -0.0164492, , , , , , , , , , , , , , , , , , , , , , , , , , , , 
15.3733846, 0.0421302, , , , , , , 15.3733846, 0.1188373, , , , , , , 15.3733846, -0.0193027, , , , , , , 15.3733846, -0.0169528, , , , , , , , , , , , , , , , , , , , , , , , , , , , 
15.3739038, 0.0582437, , , , , , , 15.3739038, 0.124712, , , , , , , 15.3739038, -0.0417945, , , , , , , 15.3739038, -0.0206455, , , , , , , , , , , , , , , , , , , , , , , , , , , , 
15.3744231, 0.0847639, , , , , , , 15.3744231, 0.1272297, , , , , , , 15.3744231, -0.0532082, , , , , , , 15.3744231, -0.0313878, , , , , , , , , , , , , , , , , , , , , , , , , , , , 
15.3749423, 0.1131304, , , , , , , 15.3749423, 0.1166552, , , , , , , 15.3749423, -0.0572366, , , , , , , 15.3749423, -0.0399481, , , , , , , , , , , , , , , , , , , , , , , , , , , , 
15.3754615, 0.1284047, , , , , , , 15.3754615, 0.068986, , , , , , , 15.3754615, -0.0555581, , , , , , , 15.3754615, -0.0458228, , , , , , , , , , , , , , , , , , , , , , , , , , , , 
15.3759808, 0.1341115, , , , , , , 15.3759808, -0.0250095, , , , , , , 15.3759808, -0.0505226, , , , , , , 15.3759808, -0.0488441, , , , , , , , , , , , , , , , , , , , , , , , , , , , 
15.3765, 0.1384756, , , , , , , 15.3765, -0.1257191, , , , , , , 15.3765, -0.0438087, , , , , , , 15.3765, -0.0501869, , , , , , , , , , , , , , , , , , , , , , , , , , , , 
15.3770192, 0.1393149, , , , , , , 15.3770192, -0.1817807, , , , , , , 15.3770192, -0.0391089, , , , , , , 15.3770192, -0.0468299, , , , , , , , , , , , , , , , , , , , , , , , , , , , 
15.3775385, 0.1294118, , , , , , , 15.3775385, -0.1827878, , , , , , , 15.3775385, -0.0357519, , , , , , , 15.3775385, -0.036759, , , , , , , , , , , , , , , , , , , , , , , , , , , , 
15.3780577, 0.1059129, , , , , , , 15.3780577, -0.1519036, , , , , , , 15.3780577, -0.0330663, , , , , , , 15.3780577, -0.0229953, , , , , , , , , , , , , , , , , , , , , , , , , , , , 
15.3785769, 0.0731823, , , , , , , 15.3785769, -0.1028916, , , , , , , 15.3785769, -0.0307164, , , , , , , 15.3785769, -0.0078889, , , , , , , , , , , , , , , , , , , , , , , , , , , , 
15.3790962, 0.0488441, , , , , , , 15.3790962, -0.0572366, , , , , , , 15.3790962, -0.026688, , , , , , , 15.3790962, 0.0048676, , , , , , , , , , , , , , , , , , , , , , , , , , , , 
15.3796154, 0.0340734, , , , , , , 15.3796154, -0.0323949, , , , , , , 15.3796154, -0.0223239, , , , , , , 15.3796154, 0.0149386, , , , , , , , , , , , , , , , , , , , , , , , , , , , 
15.3801346, 0.012253, , , , , , , 15.3801346, -0.0290379, , , , , , , 15.3801346, -0.0186313, , , , , , , 15.3801346, 0.0256809, , , , , , , , , , , , , , , , , , , , , , , , , , , , 
15.3806538, -0.0213169, , , , , , , 15.3806538, -0.0276951, , , , , , , 15.3806538, -0.017792, , , , , , , 15.3806538, 0.0417945, , , , , , , , , , , , , , , , , , , , , , , , , , , , 
15.3811731, -0.0558938, , , , , , , 15.3811731, -0.0119173, , , , , , , 15.3811731, -0.0132601, , , , , , , 15.3811731, 0.0592508, , , , , , , , , , , , , , , , , , , , , , , , , , , , 
15.3816923, -0.0793927, , , , , , , 15.3816923, 0.0072175, , , , , , , 15.3816923, -0.0001678, , , , , , , 15.3816923, 0.068986, , , , , , , , , , , , , , , , , , , , , , , , , , , , 
15.3822115, -0.0965133, , , , , , , 15.3822115, 0.0092317, , , , , , , 15.3822115, 0.0193027, , , , , , , 15.3822115, 0.0703288, , , , , , , , , , , , , , , , , , , , , , , , , , , , 
15.3827308, -0.1131304, , , , , , , 15.3827308, 0.0105745, , , , , , , 15.3827308, 0.0384375, , , , , , , 15.3827308, 0.0683146, , , , , , , , , , , , , , , , , , , , , , , , , , , , 
15.38325, -0.1292439, , , , , , , 15.38325, 0.0337377, , , , , , , 15.38325, 0.056733, , , , , , , 15.38325, 0.0706645, , , , , , , , , , , , , , , , , , , , , , , , , , , , 
15.3837692, -0.1324331, , , , , , , 15.3837692, 0.0602579, , , , , , , 15.3837692, 0.0830854, , , , , , , 15.3837692, 0.0704967, , , , , , , , , , , , , , , , , , , , , , , , , , , , 
15.3842885, -0.1138018, , , , , , , 15.3842885, 0.0616007, , , , , , , 15.3842885, 0.1126268, , , , , , , 15.3842885, 0.0616007, , , , , , , , , , , , , , , , , , , , , , , , , , , , 
15.3848077, -0.0874495, , , , , , , 15.3848077, 0.0318914, , , , , , , 15.3848077, 0.1351186, , , , , , , 15.3848077, 0.0488441, , , , , , , , , , , , , , , , , , , , , , , , , , , , 
15.3853269, -0.0659648, , , , , , , 15.3853269, -0.0105745, , , , , , , 15.3853269, 0.1438468, , , , , , , 15.3853269, 0.0426337, , , , , , , , , , , , , , , , , , , , , , , , , , , , 
15.3858462, -0.0515297, , , , , , , 15.3858462, -0.04448, , , , , , , 15.3858462, 0.1361257, , , , , , , 15.3858462, 0.0431373, , , , , , , , , , , , , , , , , , , , , , , , , , , , 
15.3863654, -0.0364233, , , , , , , 15.3863654, -0.0693217, , , , , , , 15.3863654, 0.1085985, , , , , , , 15.3863654, 0.04448, , , , , , , , , , , , , , , , , , , , , , , , , , , , 
15.3868846, -0.0186313, , , , , , , 15.3868846, -0.0854353, , , , , , , 15.3868846, 0.068986, , , , , , , 15.3868846, 0.0424659, , , , , , , , , , , , , , , , , , , , , , , , , , , , 
15.3874038, -0.0041962, , , , , , , 15.3874038, -0.0760357, , , , , , , 15.3874038, 0.023331, , , , , , , 15.3874038, 0.0340734, , , , , , , , , , , , , , , , , , , , , , , , , , , , 
15.3879231, 0.0072175, , , , , , , 15.3879231, -0.0528725, , , , , , , 15.3879231, -0.0193027, , , , , , , 15.3879231, 0.0243381, , , , , , , , , , , , , , , , , , , , , , , , , , , , 
15.3884423, 0.01561, , , , , , , 15.3884423, -0.0297093, , , , , , , 15.3884423, -0.0552224, , , , , , , 15.3884423, 0.0152743, , , , , , , , , , , , , , , , , , , , , , , , , , , , 
15.3889615, 0.0219883, , , , , , , 15.3889615, -0.0068818, , , , , , , 15.3889615, -0.0837568, , , , , , , 15.3889615, 0.0105745, , , , , , , , , , , , , , , , , , , , , , , , , , , , 
15.3894808, 0.0240024, , , , , , , 15.3894808, 0.0238346, , , , , , , 15.3894808, -0.100206, , , , , , , 15.3894808, 0.0085603, , , , , , , , , , , , , , , , , , , , , , , , , , , , 
15.39, 0.0256809, , , , , , , 15.39, 0.0505226, , , , , , , 15.39, -0.1070878, , , , , , , 15.39, 0.008896, , , , , , , , , , , , , , , , , , , , , , , , , , , , 
15.3905192, 0.0313878, , , , , , , 15.3905192, 0.0414588, , , , , , , 15.3905192, -0.1096056, , , , , , , 15.3905192, 0.0105745, , , , , , , , , , , , , , , , , , , , , , , , , , , , 
15.3910385, 0.0357519, , , , , , , 15.3910385, 0.0035248, , , , , , , 15.3910385, -0.1089342, , , , , , , 15.3910385, 0.0129244, , , , , , , , , , , , , , , , , , , , , , , , , , , , 
15.3915577, 0.0360876, , , , , , , 15.3915577, -0.0330663, , , , , , , 15.3915577, -0.103563, , , , , , , 15.3915577, 0.0152743, , , , , , , , , , , , , , , , , , , , , , , , , , , , 
15.3920769, 0.0354162, , , , , , , 15.3920769, -0.051194, , , , , , , 15.3920769, -0.0978561, , , , , , , 15.3920769, 0.0169528, , , , , , , , , , , , , , , , , , , , , , , , , , , , 
15.3925962, 0.0391089, , , , , , , 15.3925962, -0.0302129, , , , , , , 15.3925962, -0.0921492, , , , , , , 15.3925962, 0.0196384, , , , , , , , , , , , , , , , , , , , , , , , , , , , 
15.3931154, 0.04448, , , , , , , 15.3931154, 0.0041962, , , , , , , 15.3931154, -0.0847639, , , , , , , 15.3931154, 0.0223239, , , , , , , , , , , , , , , , , , , , , , , , , , , , 
15.3936346, 0.0495155, , , , , , , 15.3936346, -0.0045319, , , , , , , 15.3936346, -0.079057, , , , , , , 15.3936346, 0.0206455, , , , , , , , , , , , , , , , , , , , , , , , , , , , 
15.3941538, 0.0632792, , , , , , , 15.3941538, -0.0493477, , , , , , , 15.3941538, -0.0706645, , , , , , , 15.3941538, 0.0119173, , , , , , , , , , , , , , , , , , , , , , , , , , , , 
15.3946731, 0.0904707, , , , , , , 15.3946731, -0.0773785, , , , , , , 15.3946731, -0.0585794, , , , , , , 15.3946731, -0.0001678, , , , , , , , , , , , , , , , , , , , , , , , , , , , 
15.3951923, 0.1139696, , , , , , , 15.3951923, -0.0760357, , , , , , , 15.3951923, -0.047837, , , , , , , 15.3951923, -0.008896, , , , , , , , , , , , , , , , , , , , , , , , , , , , 
15.3957115, 0.1285725, , , , , , , 15.3957115, -0.054551, , , , , , , 15.3957115, -0.0407874, , , , , , , 15.3957115, -0.014435, , , , , , , , , , , , , , , , , , , , , , , , , , , , 
15.3962308, 0.142504, , , , , , , 15.3962308, -0.0099031, , , , , , , 15.3962308, -0.0377661, , , , , , , 15.3962308, -0.0191348, , , , , , , , , , , , , , , , , , , , , , , , , , , , 
15.39675, 0.1482109, , , , , , , 15.39675, 0.0352483, , , , , , , 15.39675, -0.0344091, , , , , , , 15.39675, -0.0250095, , , , , , , , , , , , , , , , , , , , , , , , , , , , 
15.3972692, 0.1421683, , , , , , , 15.3972692, 0.0501869, , , , , , , 15.3972692, -0.0256809, , , , , , , 15.3972692, -0.0276951, , , , , , , , , , , , , , , , , , , , , , , , , , , , 
15.3977885, 0.1287404, , , , , , , 15.3977885, 0.0407874, , , , , , , 15.3977885, -0.0164492, , , , , , , 15.3977885, -0.0263523, , , , , , , , , , , , , , , , , , , , , , , , , , , , 
15.3983077, 0.1065843, , , , , , , 15.3983077, 0.0354162, , , , , , , 15.3983077, -0.0078889, , , , , , , 15.3983077, -0.0223239, , , , , , , , , , , , , , , , , , , , , , , , , , , , 
15.3988269, 0.0827497, , , , , , , 15.3988269, 0.0377661, , , , , , , 15.3988269, 0.0023499, , , , , , , 15.3988269, -0.0157778, , , , , , , , , , , , , , , , , , , , , , , , , , , , 
15.3993462, 0.0619364, , , , , , , 15.3993462, 0.0159457, , , , , , , 15.3993462, 0.0112459, , , , , , , 15.3993462, -0.0075532, , , , , , , , , , , , , , , , , , , , , , , , , , , , 
15.3998654, 0.0406195, , , , , , , 15.3998654, -0.0157778, , , , , , , 15.3998654, 0.0186313, , , , , , , 15.3998654, 0.0035248, , , , , , , , , , , , , , , , , , , , , , , , , , , , 
15.4003846, 0.0119173, , , , , , , 15.4003846, -0.0179599, , , , , , , 15.4003846, 0.0280308, , , , , , , 15.4003846, 0.0132601, , , , , , , , , , , , , , , , , , , , , , , , , , , , 
15.4009038, -0.0216526, , , , , , , 15.4009038, 0.0008392, , , , , , , 15.4009038, 0.0357519, , , , , , , 15.4009038, 0.0166171, , , , , , , , , , , , , , , , , , , , , , , , , , , , 
15.4014231, -0.0520333, , , , , , , 15.4014231, 0.0213169, , , , , , , 15.4014231, 0.0414588, , , , , , , 15.4014231, 0.0216526, , , , , , , , , , , , , , , , , , , , , , , , , , , , 
15.4019423, -0.0721752, , , , , , , 15.4019423, 0.0466621, , , , , , , 15.4019423, 0.0448157, , , , , , , 15.4019423, 0.0285344, , , , , , , , , , , , , , , , , , , , , , , , , , , , 
15.4024615, -0.0864424, , , , , , , 15.4024615, 0.0837568, , , , , , , 15.4024615, 0.0481727, , , , , , , 15.4024615, 0.0332341, , , , , , , , , , , , , , , , , , , , , , , , , , , , 
15.4029808, -0.1052415, , , , , , , 15.4029808, 0.0923171, , , , , , , 15.4029808, 0.0535439, , , , , , , 15.4029808, 0.0377661, , , , , , , , , , , , , , , , , , , , , , , , , , , , 
15.4035, -0.1203479, , , , , , , 15.4035, 0.0475013, , , , , , , 15.4035, 0.0562295, , , , , , , 15.4035, 0.0428016, , , , , , , , , , , , , , , , , , , , , , , , , , , , 
15.4040192, -0.1196765, , , , , , , 15.4040192, -0.0018463, , , , , , , 15.4040192, 0.0525368, , , , , , , 15.4040192, 0.042298, , , , , , , , , , , , , , , , , , , , , , , , , , , , 
15.4045385, -0.1042344, , , , , , , 15.4045385, -0.012253, , , , , , , 15.4045385, 0.0451514, , , , , , , 15.4045385, 0.0397803, , , , , , , , , , , , , , , , , , , , , , , , , , , , 
15.4050577, -0.0834211, , , , , , , 15.4050577, 0.0041962, , , , , , , 15.4050577, 0.0397803, , , , , , , 15.4050577, 0.0364233, , , , , , , , , , , , , , , , , , , , , , , , , , , , 
15.4055769, -0.063447, , , , , , , 15.4055769, 0.0273594, , , , , , , 15.4055769, 0.036759, , , , , , , 15.4055769, 0.0328985, , , , , , , , , , , , , , , , , , , , , , , , , , , , 
15.4060962, -0.0458228, , , , , , , 15.4060962, 0.0458228, , , , , , , 15.4060962, 0.0328985, , , , , , , 15.4060962, 0.0307164, , , , , , , , , , , , , , , , , , , , , , , , , , , , 
15.4066154, -0.030045, , , , , , , 15.4066154, 0.0391089, , , , , , , 15.4066154, 0.0344091, , , , , , , 15.4066154, 0.0251774, , , , , , , , , , , , , , , , , , , , , , , , , , , , 
15.4071346, -0.0166171, , , , , , , 15.4071346, 0.0045319, , , , , , , 15.4071346, 0.0377661, , , , , , , 15.4071346, 0.0152743, , , , , , , , , , , , , , , , , , , , , , , , , , , , 
15.4076538, -0.0045319, , , , , , , 15.4076538, -0.040116, , , , , , , 15.4076538, 0.0345769, , , , , , , 15.4076538, 0.0038605, , , , , , , , , , , , , , , , , , , , , , , , , , , , 
15.4081731, 0.0057069, , , , , , , 15.4081731, -0.0929885, , , , , , , 15.4081731, 0.0229953, , , , , , , 15.4081731, -0.005539, , , , , , , , , , , , , , , , , , , , , , , , , , , , 
15.4086923, 0.0139315, , , , , , , 15.4086923, -0.1240406, , , , , , , 15.4086923, 0.0085603, , , , , , , 15.4086923, -0.0117494, , , , , , , , , , , , , , , , , , , , , , , , , , , , 
15.4092115, 0.0179599, , , , , , , 15.4092115, -0.1163195, , , , , , , 15.4092115, -0.0041962, , , , , , , 15.4092115, -0.0152743, , , , , , , , , , , , , , , , , , , , , , , , , , , , 
15.4097308, 0.0169528, , , , , , , 15.4097308, -0.0955062, , , , , , , 15.4097308, -0.0142672, , , , , , , 15.4097308, -0.017792, , , , , , , , , , , , , , , , , , , , , , , , , , , , 
15.41025, 0.0129244, , , , , , , 15.41025, -0.0928206, , , , , , , 15.41025, -0.0216526, , , , , , , 15.41025, -0.0176242, , , , , , , , , , , , , , , , , , , , , , , , , , , , 
15.4107692, 0.0099031, , , , , , , 15.4107692, -0.10692, , , , , , , 15.4107692, -0.0166171, , , , , , , 15.4107692, -0.0179599, , , , , , , , , , , , , , , , , , , , , , , , , , , , 
15.4112885, 0.0083925, , , , , , , 15.4112885, -0.1062486, , , , , , , 15.4112885, 0.0008392, , , , , , , 15.4112885, -0.0219883, , , , , , , , , , , , , , , , , , , , , , , , , , , , 
15.4118077, 0.0078889, , , , , , , 15.4118077, -0.0861067, , , , , , , 15.4118077, 0.0149386, , , , , , , 15.4118077, -0.0229953, , , , , , , , , , , , , , , , , , , , , , , , , , , , 
15.4123269, 0.0112459, , , , , , , 15.4123269, -0.0710002, , , , , , , 15.4123269, 0.0240024, , , , , , , 15.4123269, -0.0182956, , , , , , , , , , , , , , , , , , , , , , , , , , , , 
15.4128462, 0.0172885, , , , , , , 15.4128462, -0.0787213, , , , , , , 15.4128462, 0.0313878, , , , , , , 15.4128462, -0.012253, , , , , , , , , , , , , , , , , , , , , , , , , , , , 
15.4133654, 0.0193027, , , , , , , 15.4133654, -0.0906386, , , , , , , 15.4133654, 0.027863, , , , , , , 15.4133654, -0.0075532, , , , , , , , , , , , , , , , , , , , , , , , , , , , 
15.4138846, 0.0293736, , , , , , , 15.4138846, -0.0807355, , , , , , , 15.4138846, 0.0077211, , , , , , , 15.4138846, -0.0070497, , , , , , , , , , , , , , , , , , , , , , , , , , , , 
15.4144038, 0.0589151, , , , , , , 15.4144038, -0.054551, , , , , , , 15.4144038, -0.01561, , , , , , , 15.4144038, -0.0129244, , , , , , , , , , , , , , , , , , , , , , , , , , , , 
15.4149231, 0.0916457, , , , , , , 15.4149231, -0.0310521, , , , , , , 15.4149231, -0.0354162, , , , , , , 15.4149231, -0.0140993, , , , , , , , , , , , , , , , , , , , , , , , , , , , 
15.4154423, 0.1099413, , , , , , , 15.4154423, -0.0129244, , , , , , , 15.4154423, -0.0592508, , , , , , , 15.4154423, -0.0060426, , , , , , , , , , , , , , , , , , , , , , , , , , , , 
15.4159615, 0.117998, , , , , , , 15.4159615, 0.0065461, , , , , , , 15.4159615, -0.0862745, , , , , , , 15.4159615, 0.0025177, , , , , , , , , , , , , , , , , , , , , , , , , , , , 
15.4164808, 0.1252155, , , , , , , 15.4164808, 0.0280308, , , , , , , 15.4164808, -0.1089342, , , , , , , 15.4164808, 0.0115816, , , , , , , , , , , , , , , , , , , , , , , , , , , , 
15.417, 0.1263905, , , , , , , 15.417, 0.0767071, , , , , , , 15.417, -0.121355, , , , , , , 15.417, 0.0218204, , , , , , , , , , , , , , , , , , , , , , , , , , , , 
15.4175192, 0.1183337, , , , , , , 15.4175192, 0.1438468, , , , , , , 15.4175192, -0.1240406, , , , , , , 15.4175192, 0.0320592, , , , , , , , , , , , , , , , , , , , , , , , , , , , 
15.4180385, 0.1012131, , , , , , , 15.4180385, 0.1757382, , , , , , , 15.4180385, -0.121355, , , , , , , 15.4180385, 0.040116, , , , , , , , , , , , , , , , , , , , , , , , , , , , 
15.4185577, 0.0797284, , , , , , , 15.4185577, 0.1629816, , , , , , , 15.4185577, -0.1131304, , , , , , , 15.4185577, 0.0441444, , , , , , , , , , , , , , , , , , , , , , , , , , , , 
15.4190769, 0.0582437, , , , , , , 15.4190769, 0.1337758, , , , , , , 15.4190769, -0.0988632, , , , , , , 15.4190769, 0.043473, , , , , , , , , , , , , , , , , , , , , , , , , , , , 
15.4195962, 0.0387732, , , , , , , 15.4195962, 0.0908064, , , , , , , 15.4195962, -0.0850996, , , , , , , 15.4195962, 0.0441444, , , , , , , , , , , , , , , , , , , , , , , , , , , , 
15.4201154, 0.0152743, , , , , , , 15.4201154, 0.0360876, , , , , , , 15.4201154, -0.0743572, , , , , , , 15.4201154, 0.0451514, , , , , , , , , , , , , , , , , , , , , , , , , , , , 
15.4206346, -0.0135958, , , , , , , 15.4206346, 0.0068818, , , , , , , 15.4206346, -0.0587472, , , , , , , 15.4206346, 0.0468299, , , , , , , , , , , , , , , , , , , , , , , , , , , , 
15.4211538, -0.0411231, , , , , , , 15.4211538, 0.0206455, , , , , , , 15.4211538, -0.0229953, , , , , , , 15.4211538, 0.0501869, , , , , , , , , , , , , , , , , , , , , , , , , , , , 
15.4216731, -0.0639506, , , , , , , 15.4216731, 0.0186313, , , , , , , 15.4216731, 0.0179599, , , , , , , 15.4216731, 0.0548867, , , , , , , , , , , , , , , , , , , , , , , , , , , , 
15.4221923, -0.0837568, , , , , , , 15.4221923, -0.0501869, , , , , , , 15.4221923, 0.0428016, , , , , , , 15.4221923, 0.0587472, , , , , , , , , , , , , , , , , , , , , , , , , , , , 
15.4227115, -0.1005417, , , , , , , 15.4227115, -0.1337758, , , , , , , 15.4227115, 0.0468299, , , , , , , 15.4227115, 0.0602579, , , , , , , , , , , , , , , , , , , , , , , , , , , , 
15.4232308, -0.1143053, , , , , , , 15.4232308, -0.1586175, , , , , , , 15.4232308, 0.0439765, , , , , , , 15.4232308, 0.0594186, , , , , , , , , , , , , , , , , , , , , , , , , , , , 
15.42375, -0.1190051, , , , , , , 15.42375, -0.1352865, , , , , , , 15.42375, 0.0344091, , , , , , , 15.42375, 0.0527047, , , , , , , , , , , , , , , , , , , , , , , , , , , , 
15.4242692, -0.1082628, , , , , , , 15.4242692, -0.0981918, , , , , , , 15.4242692, 0.012253, , , , , , , 15.4242692, 0.0374304, , , , , , , , , , , , , , , , , , , , , , , , , , , , 
15.4247885, -0.0814069, , , , , , , 15.4247885, -0.0587472, , , , , , , 15.4247885, -0.0142672, , , , , , , 15.4247885, 0.0199741, , , , , , , , , , , , , , , , , , , , , , , , , , , , 
15.4253077, -0.0525368, , , , , , , 15.4253077, -0.0265202, , , , , , , 15.4253077, -0.0404517, , , , , , , 15.4253077, 0.0048676, , , , , , , , , , , , , , , , , , , , , , , , , , , , 
15.4258269, -0.0292058, , , , , , , 15.4258269, 0.0102388, , , , , , , 15.4258269, -0.0585794, , , , , , , 15.4258269, -0.0068818, , , , , , , , , , , , , , , , , , , , , , , , , , , , 
15.4263462, -0.0062104, , , , , , , 15.4263462, 0.0414588, , , , , , , 15.4263462, -0.0663005, , , , , , , 15.4263462, -0.0162814, , , , , , , , , , , , , , , , , , , , , , , , , , , , 
15.4268654, 0.0151064, , , , , , , 15.4268654, 0.0555581, , , , , , , 15.4268654, -0.0659648, , , , , , , 15.4268654, -0.0238346, , , , , , , , , , , , , , , , , , , , , , , , , , , , 
15.4273846, 0.0276951, , , , , , , 15.4273846, 0.0569009, , , , , , , 15.4273846, -0.0599222, , , , , , , 15.4273846, -0.027863, , , , , , , , , , , , , , , , , , , , , , , , , , , , 
15.4279038, 0.0280308, , , , , , , 15.4279038, 0.0488441, , , , , , , 15.4279038, -0.0525368, , , , , , , 15.4279038, -0.0283665, , , , , , , , , , , , , , , , , , , , , , , , , , , , 
15.4284231, 0.0285344, , , , , , , 15.4284231, 0.0424659, , , , , , , 15.4284231, -0.0453193, , , , , , , 15.4284231, -0.0263523, , , , , , , , , , , , , , , , , , , , , , , , , , , , 
15.4289423, 0.033402, , , , , , , 15.4289423, 0.0416266, , , , , , , 15.4289423, -0.0350805, , , , , , , 15.4289423, -0.0223239, , , , , , , , , , , , , , , , , , , , , , , , , , , , 
15.4294615, 0.0374304, , , , , , , 15.4294615, 0.0461585, , , , , , , 15.4294615, -0.0224918, , , , , , , 15.4294615, -0.0184634, , , , , , , , , , , , , , , , , , , , , , , , , , , , 
15.4299808, 0.040116, , , , , , , 15.4299808, 0.0515297, , , , , , , 15.4299808, -0.0139315, , , , , , , 15.4299808, -0.0132601, , , , , , , , , , , , , , , , , , , , , , , , , , , , 
15.4305, 0.0374304, , , , , , , 15.4305, 0.0515297, , , , , , , 15.4305, -0.0068818, , , , , , , 15.4305, -0.0099031, , , , , , , , , , , , , , , , , , , , , , , , , , , , 
15.4310192, 0.033402, , , , , , , 15.4310192, 0.0411231, , , , , , , 15.4310192, 0.0011749, , , , , , , 15.4310192, -0.0038605, , , , , , , , , , , , , , , , , , , , , , , , , , , , 
15.4315385, 0.0310521, , , , , , , 15.4315385, 0.0206455, , , , , , , 15.4315385, 0.0092317, , , , , , , 15.4315385, 0.0072175, , , , , , , , , , , , , , , , , , , , , , , , , , , , 
15.4320577, 0.0327306, , , , , , , 15.4320577, -0.0023499, , , , , , , 15.4320577, 0.0203098, , , , , , , 15.4320577, 0.0203098, , , , , , , , , , , , , , , , , , , , , , , , , , , , 
15.4325769, 0.0345769, , , , , , , 15.4325769, -0.0182956, , , , , , , 15.4325769, 0.0347448, , , , , , , 15.4325769, 0.0320592, , , , , , , , , , , , , , , , , , , , , , , , , , , , 
15.4330962, 0.033402, , , , , , , 15.4330962, -0.0203098, , , , , , , 15.4330962, 0.04448, , , , , , , 15.4330962, 0.0407874, , , , , , , , , , , , , , , , , , , , , , , , , , , , 
15.4336154, 0.0360876, , , , , , , 15.4336154, 0.0099031, , , , , , , 15.4336154, 0.0501869, , , , , , , 15.4336154, 0.0468299, , , , , , , , , , , , , , , , , , , , , , , , , , , , 
15.4341346, 0.0506905, , , , , , , 15.4341346, 0.0726787, , , , , , , 15.4341346, 0.0528725, , , , , , , 15.4341346, 0.0464942, , , , , , , , , , , , , , , , , , , , , , , , , , , , 
15.4346538, 0.0743572, , , , , , , 15.4346538, 0.0911421, , , , , , , 15.4346538, 0.0569009, , , , , , , 15.4346538, 0.0417945, , , , , , , , , , , , , , , , , , , , , , , , , , , , 
15.4351731, 0.0924849, , , , , , , 15.4351731, 0.0471656, , , , , , , 15.4351731, 0.0669718, , , , , , , 15.4351731, 0.0416266, , , , , , , , , , , , , , , , , , , , , , , , , , , , 
15.4356923, 0.1018845, , , , , , , 15.4356923, -0.005539, , , , , , , 15.4356923, 0.0783856, , , , , , , 15.4356923, 0.0399481, , , , , , , , , , , , , , , , , , , , , , , , , , , , 
15.4362115, 0.1065843, , , , , , , 15.4362115, -0.0287022, , , , , , , 15.4362115, 0.0850996, , , , , , , 15.4362115, 0.0317235, , , , , , , , , , , , , , , , , , , , , , , , , , , , 
15.4367308, 0.1079271, , , , , , , 15.4367308, -0.0370947, , , , , , , 15.4367308, 0.0849317, , , , , , , 15.4367308, 0.0213169, , , , , , , , , , , , , , , , , , , , , , , , , , , , 
15.43725, 0.1025559, , , , , , , 15.43725, -0.0599222, , , , , , , 15.43725, 0.0767071, , , , , , , 15.43725, 0.0090639, , , , , , , , , , , , , , , , , , , , , , , , , , , , 
15.4377692, 0.0904707, , , , , , , 15.4377692, -0.0894636, , , , , , , 15.4377692, 0.0659648, , , , , , , 15.4377692, 0.0008392, , , , , , , , , , , , , , , , , , , , , , , , , , , , 
15.4382885, 0.0770428, , , , , , , 15.4382885, -0.1092699, , , , , , , 15.4382885, 0.0548867, , , , , , , 15.4382885, -0.0008392, , , , , , , , , , , , , , , , , , , , , , , , , , , , 
15.4388077, 0.0532082, , , , , , , 15.4388077, -0.1388113, , , , , , , 15.4388077, 0.0433051, , , , , , , 15.4388077, 0.0025177, , , , , , , , , , , , , , , , , , , , , , , , , , , , 
15.4393269, 0.0236667, , , , , , , 15.4393269, -0.172549, , , , , , , 15.4393269, 0.040116, , , , , , , 15.4393269, 0.0035248, , , , , , , , , , , , , , , , , , , , , , , , , , , , 
15.4398462, 0.0025177, , , , , , , 15.4398462, -0.1774166, , , , , , , 15.4398462, 0.061265, , , , , , , 15.4398462, 0.0023499, , , , , , , , , , , , , , , , , , , , , , , , , , , , 
15.4403654, -0.0139315, , , , , , , 15.4403654, -0.1680171, , , , , , , 15.4403654, 0.0928206, , , , , , , 15.4403654, 0.0092317, , , , , , , , , , , , , , , , , , , , , , , , , , , , 
15.4408846, -0.0330663, , , , , , , 15.4408846, -0.1626459, , , , , , , 15.4408846, 0.1072557, , , , , , , 15.4408846, 0.0223239, , , , , , , , , , , , , , , , , , , , , , , , , , , , 
15.4414038, -0.0535439, , , , , , , 15.4414038, -0.115816, , , , , , , 15.4414038, 0.0975204, , , , , , , 15.4414038, 0.0325628, , , , , , , , , , , , , , , , , , , , , , , , , , , , 
15.4419231, -0.0755322, , , , , , , 15.4419231, -0.0260166, , , , , , , 15.4419231, 0.0748608, , , , , , , 15.4419231, 0.0386053, , , , , , , , , , , , , , , , , , , , , , , , , , , , 
15.4424423, -0.0958419, , , , , , , 15.4424423, 0.0179599, , , , , , , 15.4424423, 0.0458228, , , , , , , 15.4424423, 0.0407874, , , , , , , , , , , , , , , , , , , , , , , , , , , , 
15.4429615, -0.1092699, , , , , , , 15.4429615, -0.0015106, , , , , , , 15.4429615, 0.0146029, , , , , , , 15.4429615, 0.0417945, , , , , , , , , , , , , , , , , , , , , , , , , , , , 
15.4434808, -0.1156481, , , , , , , 15.4434808, -0.0162814, , , , , , , 15.4434808, -0.0209812, , , , , , , 15.4434808, 0.0421302, , , , , , , , , , , , , , , , , , , , , , , , , , , , 
15.444, -0.110277, , , , , , , 15.444, -0.0005035, , , , , , , 15.444, -0.0605936, , , , , , , 15.444, 0.0381018, , , , , , , , , , , , , , , , , , , , , , , , , , , , 
15.4445192, -0.0877852, , , , , , , 15.4445192, 0.0065461, , , , , , , 15.4445192, -0.0955062, , , , , , , 15.4445192, 0.0287022, , , , , , , , , , , , , , , , , , , , , , , , , , , , 
15.4450385, -0.0609293, , , , , , , 15.4450385, -0.0077211, , , , , , , 15.4450385, -0.1156481, , , , , , , 15.4450385, 0.0186313, , , , , , , , , , , , , , , , , , , , , , , , , , , , 
15.4455577, -0.0431373, , , , , , , 15.4455577, -0.0256809, , , , , , , 15.4455577, -0.1267262, , , , , , , 15.4455577, 0.0109102, , , , , , , , , , , , , , , , , , , , , , , , , , , , 
15.4460769, -0.0330663, , , , , , , 15.4460769, -0.0317235, , , , , , , 15.4460769, -0.1300832, , , , , , , 15.4460769, 0.0052033, , , , , , , , , , , , , , , , , , , , , , , , , , , , 
15.4465962, -0.023331, , , , , , , 15.4465962, -0.0364233, , , , , , , 15.4465962, -0.1260548, , , , , , , 15.4465962, -0.0025177, , , , , , , , , , , , , , , , , , , , , , , , , , , , 
15.4471154, -0.0129244, , , , , , , 15.4471154, -0.0357519, , , , , , , 15.4471154, -0.1183337, , , , , , , 15.4471154, -0.0105745, , , , , , , , , , , , , , , , , , , , , , , , , , , , 
15.4476346, -0.0015106, , , , , , , 15.4476346, -0.0152743, , , , , , , 15.4476346, -0.1109483, , , , , , , 15.4476346, -0.0172885, , , , , , , , , , , , , , , , , , , , , , , , , , , , 
15.4481538, 0.0125887, , , , , , , 15.4481538, 0.0270237, , , , , , , 15.4481538, -0.1079271, , , , , , , 15.4481538, -0.023331, , , , , , , , , , , , , , , , , , , , , , , , , , , , 
15.4486731, 0.0258488, , , , , , , 15.4486731, 0.0663005, , , , , , , 15.4486731, -0.1062486, , , , , , , 15.4486731, -0.0246738, , , , , , , , , , , , , , , , , , , , , , , , , , , , 
15.4491923, 0.0317235, , , , , , , 15.4491923, 0.0871138, , , , , , , 15.4491923, -0.0995346, , , , , , , 15.4491923, -0.0196384, , , , , , , , , , , , , , , , , , , , , , , , , , , , 
15.4497115, 0.0345769, , , , , , , 15.4497115, 0.1072557, , , , , , , 15.4497115, -0.0911421, , , , , , , 15.4497115, -0.0164492, , , , , , , , , , , , , , , , , , , , , , , , , , , , 
15.4502308, 0.0417945, , , , , , , 15.4502308, 0.1297475, , , , , , , 15.4502308, -0.0787213, , , , , , , 15.4502308, -0.0159457, , , , , , , , , , , , , , , , , , , , , , , , , , , , 
15.45075, 0.0468299, , , , , , , 15.45075, 0.119173, , , , , , , 15.45075, -0.0569009, , , , , , , 15.45075, -0.0142672, , , , , , , , , , , , , , , , , , , , , , , , , , , , 
15.4512692, 0.0451514, , , , , , , 15.4512692, 0.0834211, , , , , , , 15.4512692, -0.0340734, , , , , , , 15.4512692, -0.0104067, , , , , , , , , , , , , , , , , , , , , , , , , , , , 
15.4517885, 0.0438087, , , , , , , 15.4517885, 0.0609293, , , , , , , 15.4517885, -0.0179599, , , , , , , 15.4517885, -0.0090639, , , , , , , , , , , , , , , , , , , , , , , , , , , , 
15.4523077, 0.0417945, , , , , , , 15.4523077, 0.0525368, , , , , , , 15.4523077, -0.0102388, , , , , , , 15.4523077, -0.0112459, , , , , , , , , , , , , , , , , , , , , , , , , , , , 
15.4528269, 0.0377661, , , , , , , 15.4528269, 0.0370947, , , , , , , 15.4528269, -0.0048676, , , , , , , 15.4528269, -0.0127565, , , , , , , , , , , , , , , , , , , , , , , , , , , , 
15.4533462, 0.0372625, , , , , , , 15.4533462, 0.0209812, , , , , , , 15.4533462, -0.0001678, , , , , , , 15.4533462, -0.0135958, , , , , , , , , , , , , , , , , , , , , , , , , , , , 
15.4538654, 0.0495155, , , , , , , 15.4538654, 0.0219883, , , , , , , 15.4538654, 0.0065461, , , , , , , 15.4538654, -0.0196384, , , , , , , , , , , , , , , , , , , , , , , , , , , , 
15.4543846, 0.0750286, , , , , , , 15.4543846, 0.0475013, , , , , , , 15.4543846, 0.0159457, , , , , , , 15.4543846, -0.0310521, , , , , , , , , , , , , , , , , , , , , , , , , , , , 
15.4549038, 0.1005417, , , , , , , 15.4549038, 0.0669718, , , , , , , 15.4549038, 0.0213169, , , , , , , 15.4549038, -0.0377661, , , , , , , , , , , , , , , , , , , , , , , , , , , , 
15.4554231, 0.1183337, , , , , , , 15.4554231, 0.0498512, , , , , , , 15.4554231, 0.023331, , , , , , , 15.4554231, -0.0317235, , , , , , , , , , , , , , , , , , , , , , , , , , , , 
15.4559423, 0.1284047, , , , , , , 15.4559423, 0.011078, , , , , , , 15.4559423, 0.0240024, , , , , , , 15.4559423, -0.0213169, , , , , , , , , , , , , , , , , , , , , , , , , , , , 
15.4564615, 0.133608, , , , , , , 15.4564615, -0.0206455, , , , , , , 15.4564615, 0.0229953, , , , , , , 15.4564615, -0.0102388, , , , , , , , , , , , , , , , , , , , , , , , , , , , 
15.4569808, 0.1341115, , , , , , , 15.4569808, -0.057908, , , , , , , 15.4569808, 0.023331, , , , , , , 15.4569808, 0.0038605, , , , , , , , , , , , , , , , , , , , , , , , , , , , 
15.4575, 0.1267262, , , , , , , 15.4575, -0.110277, , , , , , , 15.4575, 0.0263523, , , , , , , 15.4575, 0.0159457, , , , , , , , , , , , , , , , , , , , , , , , , , , , 
15.4580192, 0.1097734, , , , , , , 15.4580192, -0.1438468, , , , , , , 15.4580192, 0.0280308, , , , , , , 15.4580192, 0.0240024, , , , , , , , , , , , , , , , , , , , , , , , , , , , 
15.4585385, 0.0874495, , , , , , , 15.4585385, -0.1384756, , , , , , , 15.4585385, 0.0303807, , , , , , , 15.4585385, 0.0270237, , , , , , , , , , , , , , , , , , , , , , , , , , , , 
15.4590577, 0.0688182, , , , , , , 15.4590577, -0.1079271, , , , , , , 15.4590577, 0.0310521, , , , , , , 15.4590577, 0.0280308, , , , , , , , , , , , , , , , , , , , , , , , , , , , 
15.4595769, 0.0501869, , , , , , , 15.4595769, -0.0639506, , , , , , , 15.4595769, 0.0293736, , , , , , , 15.4595769, 0.0276951, , , , , , , , , , , , , , , , , , , , , , , , , , , , 
15.4600962, 0.0223239, , , , , , , 15.4600962, -0.0181277, , , , , , , 15.4600962, 0.0253452, , , , , , , 15.4600962, 0.0276951, , , , , , , , , , , , , , , , , , , , , , , , , , , , 
15.4606154, -0.0092317, , , , , , , 15.4606154, 0.011078, , , , , , , 15.4606154, 0.0229953, , , , , , , 15.4606154, 0.0307164, , , , , , , , , , , , , , , , , , , , , , , , , , , , 
15.4611346, -0.036759, , , , , , , 15.4611346, 0.0231632, , , , , , , 15.4611346, 0.0226596, , , , , , , 15.4611346, 0.0344091, , , , , , , , , , , , , , , , , , , , , , , , , , , , 
15.4616538, -0.0585794, , , , , , , 15.4616538, 0.040116, , , , , , , 15.4616538, 0.0218204, , , , , , , 15.4616538, 0.0387732, , , , , , , , , , , , , , , , , , , , , , , , , , , , 
15.4621731, -0.0763714, , , , , , , 15.4621731, 0.0565652, , , , , , , 15.4621731, 0.0196384, , , , , , , 15.4621731, 0.0451514, , , , , , , , , , , , , , , , , , , , , , , , , , , , 
15.4626923, -0.0971847, , , , , , , 15.4626923, 0.0597543, , , , , , , 15.4626923, 0.0203098, , , , , , , 15.4626923, 0.0518654, , , , , , , , , , , , , , , , , , , , , , , , , , , , 
15.4632115, -0.1183337, , , , , , , 15.4632115, 0.0626078, , , , , , , 15.4632115, 0.0198062, , , , , , , 15.4632115, 0.0574044, , , , , , , , , , , , , , , , , , , , , , , , , , , , 
15.4637308, -0.1267262, , , , , , , 15.4637308, 0.0663005, , , , , , , 15.4637308, 0.0176242, , , , , , , 15.4637308, 0.0585794, , , , , , , , , , , , , , , , , , , , , , , , , , , , 
15.46425, -0.1156481, , , , , , , 15.46425, 0.0676432, , , , , , , 15.46425, 0.0139315, , , , , , , 15.46425, 0.0522011, , , , , , , , , , , , , , , , , , , , , , , , , , , , 
15.4647692, -0.090135, , , , , , , 15.4647692, 0.0558938, , , , , , , 15.4647692, 0.0115816, , , , , , , 15.4647692, 0.0428016, , , , , , , , , , , , , , , , , , , , , , , , , , , , 
15.4652885, -0.0616007, , , , , , , 15.4652885, 0.0263523, , , , , , , 15.4652885, 0.0135958, , , , , , , 15.4652885, 0.0340734, , , , , , , , , , , , , , , , , , , , , , , , , , , , 
15.4658077, -0.0464942, , , , , , , 15.4658077, 0.0062104, , , , , , , 15.4658077, 0.0381018, , , , , , , 15.4658077, 0.0246738, , , , , , , , , , , , , , , , , , , , , , , , , , , , 
15.4663269, -0.0384375, , , , , , , 15.4663269, 0.0025177, , , , , , , 15.4663269, 0.0800641, , , , , , , 15.4663269, 0.017792, , , , , , , , , , , , , , , , , , , , , , , , , , , , 
15.4668462, -0.0327306, , , , , , , 15.4668462, 0.0092317, , , , , , , 15.4668462, 0.1049058, , , , , , , 15.4668462, 0.0112459, , , , , , , , , , , , , , , , , , , , , , , , , , , , 
15.4673654, -0.0250095, , , , , , , 15.4673654, 0.0218204, , , , , , , 15.4673654, 0.103563, , , , , , , 15.4673654, 0.0038605, , , , , , , , , , , , , , , , , , , , , , , , , , , , 
15.4678846, -0.0129244, , , , , , , 15.4678846, 0.0280308, , , , , , , 15.4678846, 0.0834211, , , , , , , 15.4678846, -0.0018463, , , , , , , , , , , , , , , , , , , , , , , , , , , , 
15.4684038, -0.002182, , , , , , , 15.4684038, 0.0441444, , , , , , , 15.4684038, 0.0491798, , , , , , , 15.4684038, -0.0048676, , , , , , , , , , , , , , , , , , , , , , , , , , , , 
15.4689231, 0.0028534, , , , , , , 15.4689231, 0.0466621, , , , , , , 15.4689231, 0.0092317, , , , , , , 15.4689231, -0.0065461, , , , , , , , , , , , , , , , , , , , , , , , , , , , 
15.4694423, 0.0078889, , , , , , , 15.4694423, 0.0290379, , , , , , , 15.4694423, -0.0263523, , , , , , , 15.4694423, -0.0036927, , , , , , , , , , , , , , , , , , , , , , , , , , , , 
15.4699615, 0.0137636, , , , , , , 15.4699615, 0.0292058, , , , , , , 15.4699615, -0.0518654, , , , , , , 15.4699615, -0.0005035, , , , , , , , , , , , , , , , , , , , , , , , , , , , 
15.4704808, 0.0172885, , , , , , , 15.4704808, 0.0310521, , , , , , , 15.4704808, -0.0656291, , , , , , , 15.4704808, 0.0046998, , , , , , , , , , , , , , , , , , , , , , , , , , , , 
15.471, 0.0152743, , , , , , , 15.471, 0.0186313, , , , , , , 15.471, -0.0699931, , , , , , , 15.471, 0.0152743, , , , , , , , , , , , , , , , , , , , , , , , , , , , 
15.4715192, 0.0152743, , , , , , , 15.4715192, 0.0015106, , , , , , , 15.4715192, -0.0663005, , , , , , , 15.4715192, 0.0280308, , , , , , , , , , , , , , , , , , , , , , , , , , , , 
15.4720385, 0.0193027, , , , , , , 15.4720385, -0.0317235, , , , , , , 15.4720385, -0.0632792, , , , , , , 15.4720385, 0.0364233, , , , , , , , , , , , , , , , , , , , , , , , , , , , 
15.4725577, 0.0223239, , , , , , , 15.4725577, -0.0616007, , , , , , , 15.4725577, -0.0666361, , , , , , , 15.4725577, 0.0357519, , , , , , , , , , , , , , , , , , , , , , , , , , , , 
15.4730769, 0.0260166, , , , , , , 15.4730769, -0.0887922, , , , , , , 15.4730769, -0.0741894, , , , , , , 15.4730769, 0.0290379, , , , , , , , , , , , , , , , , , , , , , , , , , , , 
15.4735962, 0.0320592, , , , , , , 15.4735962, -0.1606317, , , , , , , 15.4735962, -0.0787213, , , , , , , 15.4735962, 0.0236667, , , , , , , , , , , , , , , , , , , , , , , , , , , , 
15.4741154, 0.0508583, , , , , , , 15.4741154, -0.2534524, , , , , , , 15.4741154, -0.0770428, , , , , , , 15.4741154, 0.0146029, , , , , , , , , , , , , , , , , , , , , , , , , , , , 
15.4746346, 0.0782177, , , , , , , 15.4746346, -0.2808118, , , , , , , 15.4746346, -0.0746929, , , , , , , 15.4746346, 0.0018463, , , , , , , , , , , , , , , , , , , , , , , , , , , , 
15.4751538, 0.100206, , , , , , , 15.4751538, -0.2200504, , , , , , , 15.4751538, -0.0743572, , , , , , , 15.4751538, -0.0041962, , , , , , , , , , , , , , , , , , , , , , , , , , , , 
15.4756731, 0.1126268, , , , , , , 15.4756731, -0.1374685, , , , , , , 15.4756731, -0.0741894, , , , , , , 15.4756731, -0.0028534, , , , , , , , , , , , , , , , , , , , , , , , , , , , 
15.4761923, 0.1171588, , , , , , , 15.4761923, -0.1055772, , , , , , , 15.4761923, -0.0740215, , , , , , , 15.4761923, -0.0001678, , , , , , , , , , , , , , , , , , , , , , , , , , , , 
15.4767115, 0.1136339, , , , , , , 15.4767115, -0.1077592, , , , , , , 15.4767115, -0.0703288, , , , , , , 15.4767115, 0.0058747, , , , , , , , , , , , , , , , , , , , , , , , , , , , 
15.4772308, 0.1065843, , , , , , , 15.4772308, -0.0981918, , , , , , , 15.4772308, -0.0592508, , , , , , , 15.4772308, 0.0142672, , , , , , , , , , , , , , , , , , , , , , , , , , , , 
15.47775, 0.0924849, , , , , , , 15.47775, -0.0830854, , , , , , , 15.47775, -0.0424659, , , , , , , 15.47775, 0.0260166, , , , , , , , , , , , , , , , , , , , , , , , , , , , 
15.4782692, 0.0757, , , , , , , 15.4782692, -0.0807355, , , , , , , 15.4782692, -0.0290379, , , , , , , 15.4782692, 0.0428016, , , , , , , , , , , , , , , , , , , , , , , , , , , , 
15.4787885, 0.0562295, , , , , , , 15.4787885, -0.0887922, , , , , , , 15.4787885, -0.0193027, , , , , , , 15.4787885, 0.0562295, , , , , , , , , , , , , , , , , , , , , , , , , , , , 
15.4793077, 0.0307164, , , , , , , 15.4793077, -0.0896315, , , , , , , 15.4793077, -0.0070497, , , , , , , 15.4793077, 0.0605936, , , , , , , , , , , , , , , , , , , , , , , , , , , , 
15.4798269, 0.0072175, , , , , , , 15.4798269, -0.0688182, , , , , , , 15.4798269, 0.0045319, , , , , , , 15.4798269, 0.0589151, , , , , , , , , , , , , , , , , , , , , , , , , , , , 
15.4803462, -0.0135958, , , , , , , 15.4803462, -0.0303807, , , , , , , 15.4803462, 0.0105745, , , , , , , 15.4803462, 0.0555581, , , , , , , , , , , , , , , , , , , , , , , , , , , , 
15.4808654, -0.0374304, , , , , , , 15.4808654, 0.0025177, , , , , , , 15.4808654, 0.0193027, , , , , , , 15.4808654, 0.0520333, , , , , , , , , , , , , , , , , , , , , , , , , , , , 
15.4813846, -0.0647898, , , , , , , 15.4813846, 0.0167849, , , , , , , 15.4813846, 0.0412909, , , , , , , 15.4813846, 0.0491798, , , , , , , , , , , , , , , , , , , , , , , , , , , , 
15.4819038, -0.0830854, , , , , , , 15.4819038, 0.0193027, , , , , , , 15.4819038, 0.0656291, , , , , , , 15.4819038, 0.0448157, , , , , , , , , , , , , , , , , , , , , , , , , , , , 
15.4824231, -0.0884565, , , , , , , 15.4824231, 0.0265202, , , , , , , 15.4824231, 0.0757, , , , , , , 15.4824231, 0.0394446, , , , , , , , , , , , , , , , , , , , , , , , , , , , 
15.4829423, -0.0918135, , , , , , , 15.4829423, 0.040116, , , , , , , 15.4829423, 0.0703288, , , , , , , 15.4829423, 0.0370947, , , , , , , , , , , , , , , , , , , , , , , , , , , , 
15.4834615, -0.1028916, , , , , , , 15.4834615, 0.0535439, , , , , , , 15.4834615, 0.0636149, , , , , , , 15.4834615, 0.0354162, , , , , , , , , , , , , , , , , , , , , , , , , , , , 
15.4839808, -0.103563, , , , , , , 15.4839808, 0.0720073, , , , , , , 15.4839808, 0.0602579, , , , , , , 15.4839808, 0.0280308, , , , , , , , , , , , , , , , , , , , , , , , , , , , 
15.4845, -0.0797284, , , , , , , 15.4845, 0.1010452, , , , , , , 15.4845, 0.0488441, , , , , , , 15.4845, 0.0139315, , , , , , , , , , , , , , , , , , , , , , , , , , , , 
15.4850192, -0.0508583, , , , , , , 15.4850192, 0.1226978, , , , , , , 15.4850192, 0.0238346, , , , , , , 15.4850192, 0.0011749, , , , , , , , , , , , , , , , , , , , , , , , , , , , 
15.4855385, -0.033402, , , , , , , 15.4855385, 0.1226978, , , , , , , 15.4855385, -0.0036927, , , , , , , 15.4855385, -0.0062104, , , , , , , , , , , , , , , , , , , , , , , , , , , , 
15.4860577, -0.0246738, , , , , , , 15.4860577, 0.1072557, , , , , , , 15.4860577, -0.0270237, , , , , , , 15.4860577, -0.0105745, , , , , , , , , , , , , , , , , , , , , , , , , , , , 
15.4865769, -0.0139315, , , , , , , 15.4865769, 0.0924849, , , , , , , 15.4865769, -0.0495155, , , , , , , 15.4865769, -0.0139315, , , , , , , , , , , , , , , , , , , , , , , , , , , , 
15.4870962, 0.0006714, , , , , , , 15.4870962, 0.0830854, , , , , , , 15.4870962, -0.0699931, , , , , , , 15.4870962, -0.0162814, , , , , , , , , , , , , , , , , , , , , , , , , , , , 
15.4876154, 0.0132601, , , , , , , 15.4876154, 0.0710002, , , , , , , 15.4876154, -0.0820783, , , , , , , 15.4876154, -0.0162814, , , , , , , , , , , , , , , , , , , , , , , , , , , , 
15.4881346, 0.0196384, , , , , , , 15.4881346, 0.0458228, , , , , , , 15.4881346, -0.0854353, , , , , , , 15.4881346, -0.0193027, , , , , , , , , , , , , , , , , , , , , , , , , , , , 
15.4886538, 0.0240024, , , , , , , 15.4886538, 0.0307164, , , , , , , 15.4886538, -0.0820783, , , , , , , 15.4886538, -0.0243381, , , , , , , , , , , , , , , , , , , , , , , , , , , , 
15.4891731, 0.0313878, , , , , , , 15.4891731, 0.043473, , , , , , , 15.4891731, -0.0686503, , , , , , , 15.4891731, -0.0265202, , , , , , , , , , , , , , , , , , , , , , , , , , , , 
15.4896923, 0.036759, , , , , , , 15.4896923, 0.056733, , , , , , , 15.4896923, -0.0441444, , , , , , , 15.4896923, -0.0251774, , , , , , , , , , , , , , , , , , , , , , , , , , , , 
15.4902115, 0.0387732, , , , , , , 15.4902115, 0.04448, , , , , , , 15.4902115, -0.0125887, , , , , , , 15.4902115, -0.0223239, , , , , , , , , , , , , , , , , , , , , , , , , , , , 
15.4907308, 0.0438087, , , , , , , 15.4907308, 0.0169528, , , , , , , 15.4907308, 0.0105745, , , , , , , 15.4907308, -0.0182956, , , , , , , , , , , , , , , , , , , , , , , , , , , , 
15.49125, 0.0535439, , , , , , , 15.49125, -0.0097353, , , , , , , 15.49125, 0.0152743, , , , , , , 15.49125, -0.0135958, , , , , , , , , , , , , , , , , , , , , , , , , , , , 
15.4917692, 0.0592508, , , , , , , 15.4917692, -0.0196384, , , , , , , 15.4917692, 0.0072175, , , , , , , 15.4917692, -0.0105745, , , , , , , , , , , , , , , , , , , , , , , , , , , , 
15.4922885, 0.0582437, , , , , , , 15.4922885, -0.0162814, , , , , , , 15.4922885, -0.0030213, , , , , , , 15.4922885, -0.008896, , , , , , , , , , , , , , , , , , , , , , , , , , , , 
15.4928077, 0.0530404, , , , , , , 15.4928077, -0.0417945, , , , , , , 15.4928077, -0.0130922, , , , , , , 15.4928077, -0.0058747, , , , , , , , , , , , , , , , , , , , , , , , , , , , 
15.4933269, 0.0522011, , , , , , , 15.4933269, -0.0763714, , , , , , , 15.4933269, -0.0224918, , , , , , , 15.4933269, -0.0005035, , , , , , , , , , , , , , , , , , , , , , , , , , , , 
15.4938462, 0.0649577, , , , , , , 15.4938462, -0.0538796, , , , , , , 15.4938462, -0.0260166, , , , , , , 15.4938462, 0.0011749, , , , , , , , , , , , , , , , , , , , , , , , , , , , 
15.4943654, 0.0867781, , , , , , , 15.4943654, 0.0099031, , , , , , , 15.4943654, -0.0219883, , , , , , , 15.4943654, -0.0036927, , , , , , , , , , , , , , , , , , , , , , , , , , , , 
15.4948846, 0.1017166, , , , , , , 15.4948846, 0.0495155, , , , , , , 15.4948846, -0.01561, , , , , , , 15.4948846, -0.0125887, , , , , , , , , , , , , , , , , , , , , , , , , , , , 
15.4954038, 0.1085985, , , , , , , 15.4954038, 0.0466621, , , , , , , 15.4954038, -0.0095674, , , , , , , 15.4954038, -0.0223239, , , , , , , , , , , , , , , , , , , , , , , , , , , , 
15.4959231, 0.117998, , , , , , , 15.4959231, 0.0404517, , , , , , , 15.4959231, -0.0058747, , , , , , , 15.4959231, -0.0283665, , , , , , , , , , , , , , , , , , , , , , , , , , , , 
15.4964423, 0.1284047, , , , , , , 15.4964423, 0.0783856, , , , , , , 15.4964423, -0.0095674, , , , , , , 15.4964423, -0.0313878, , , , , , , , , , , , , , , , , , , , , , , , , , , , 
15.4969615, 0.1320974, , , , , , , 15.4969615, 0.1752346, , , , , , , 15.4969615, -0.0159457, , , , , , , 15.4969615, -0.0330663, , , , , , , , , , , , , , , , , , , , , , , , , , , , 
15.4974808, 0.1237049, , , , , , , 15.4974808, 0.2267643, , , , , , , 15.4974808, -0.0238346, , , , , , , 15.4974808, -0.0297093, , , , , , , , , , , , , , , , , , , , , , , , , , , , 
15.498, 0.1059129, , , , , , , 15.498, 0.1660029, , , , , , , 15.498, -0.0297093, , , , , , , 15.498, -0.0214847, , , , , , , , , , , , , , , , , , , , , , , , , , , , 
15.4985192, 0.0881209, , , , , , , 15.4985192, 0.0748608, , , , , , , 15.4985192, -0.0345769, , , , , , , 15.4985192, -0.0129244, , , , , , , , , , , , , , , , , , , , , , , , , , , , 
15.4990385, 0.0740215, , , , , , , 15.4990385, 0.0475013, , , , , , , 15.4990385, -0.0386053, , , , , , , 15.4990385, -0.0048676, , , , , , , , , , , , , , , , , , , , , , , , , , , , 
15.4995577, 0.0642863, , , , , , , 15.4995577, 0.0780499, , , , , , , 15.4995577, -0.0424659, , , , , , , 15.4995577, 0.0038605, , , , , , , , , , , , , , , , , , , , , , , , , , , , 
15.5000769, 0.0424659, , , , , , , 15.5000769, 0.0958419, , , , , , , 15.5000769, -0.0433051, , , , , , , 15.5000769, 0.0139315, , , , , , , , , , , , , , , , , , , , , , , , , , , , 
15.5005962, 0.0109102, , , , , , , 15.5005962, 0.0572366, , , , , , , 15.5005962, -0.0417945, , , , , , , 15.5005962, 0.0253452, , , , , , , , , , , , , , , , , , , , , , , , , , , , 
15.5011154, -0.0171206, , , , , , , 15.5011154, -0.04448, , , , , , , 15.5011154, -0.0397803, , , , , , , 15.5011154, 0.0347448, , , , , , , , , , , , , , , , , , , , , , , , , , , , 
15.5016346, -0.0384375, , , , , , , 15.5016346, -0.163653, , , , , , , 15.5016346, -0.0330663, , , , , , , 15.5016346, 0.0421302, , , , , , , , , , , , , , , , , , , , , , , , , , , , 
15.5021538, -0.0609293, , , , , , , 15.5021538, -0.2432136, , , , , , , 15.5021538, -0.0216526, , , , , , , 15.5021538, 0.0481727, , , , , , , , , , , , , , , , , , , , , , , , , , , , 
15.5026731, -0.0854353, , , , , , , 15.5026731, -0.2838331, , , , , , , 15.5026731, -0.0115816, , , , , , , 15.5026731, 0.0552224, , , , , , , , , , , , , , , , , , , , , , , , , , , , 
15.5031923, -0.1059129, , , , , , , 15.5031923, -0.3096818, , , , , , , 15.5031923, -0.0041962, , , , , , , 15.5031923, 0.0629435, , , , , , , , , , , , , , , , , , , , , , , , , , , , 
15.5037115, -0.1136339, , , , , , , 15.5037115, -0.3100175, , , , , , , 15.5037115, 0.0048676, , , , , , , 15.5037115, 0.0656291, , , , , , , , , , , , , , , , , , , , , , , , , , , , 
15.5042308, -0.1042344, , , , , , , 15.5042308, -0.2569772, , , , , , , 15.5042308, 0.0146029, , , , , , , 15.5042308, 0.0594186, , , , , , , , , , , , , , , , , , , , , , , , , , , , 
15.50475, -0.0820783, , , , , , , 15.50475, -0.1539178, , , , , , , 15.50475, 0.0226596, , , , , , , 15.50475, 0.0520333, , , , , , , , , , , , , , , , , , , , , , , , , , , , 
15.5052692, -0.0605936, , , , , , , 15.5052692, -0.06009, , , , , , , 15.5052692, 0.0297093, , , , , , , 15.5052692, 0.0522011, , , , , , , , , , , , , , , , , , , , , , , , , , , , 
15.5057885, -0.0438087, , , , , , , 15.5057885, -0.0209812, , , , , , , 15.5057885, 0.0374304, , , , , , , 15.5057885, 0.0538796, , , , , , , , , , , , , , , , , , , , , , , , , , , , 
15.5063077, -0.0347448, , , , , , , 15.5063077, -0.0109102, , , , , , , 15.5063077, 0.0384375, , , , , , , 15.5063077, 0.051194, , , , , , , , , , , , , , , , , , , , , , , , , , , , 
15.5068269, -0.0251774, , , , , , , 15.5068269, 0.0038605, , , , , , , 15.5068269, 0.0340734, , , , , , , 15.5068269, 0.0436408, , , , , , , , , , , , , , , , , , , , , , , , , , , , 
15.5073462, -0.0162814, , , , , , , 15.5073462, 0.0115816, , , , , , , 15.5073462, 0.030045, , , , , , , 15.5073462, 0.0293736, , , , , , , , , , , , , , , , , , , , , , , , , , , , 
15.5078654, -0.0095674, , , , , , , 15.5078654, -0.0025177, , , , , , , 15.5078654, 0.0246738, , , , , , , 15.5078654, 0.0132601, , , , , , , , , , , , , , , , , , , , , , , , , , , , 
15.5083846, -0.0045319, , , , , , , 15.5083846, -0.0260166, , , , , , , 15.5083846, 0.0219883, , , , , , , 15.5083846, 0.0018463, , , , , , , , , , , , , , , , , , , , , , , , , , , , 
15.5089038, -0.002182, , , , , , , 15.5089038, -0.0285344, , , , , , , 15.5089038, 0.0246738, , , , , , , 15.5089038, -0.0031891, , , , , , , , , , , , , , , , , , , , , , , , , , , , 
15.5094231, 0.0031891, , , , , , , 15.5094231, -0.0078889, , , , , , , 15.5094231, 0.0253452, , , , , , , 15.5094231, -0.0050355, , , , , , , , , , , , , , , , , , , , , , , , , , , , 
15.5099423, 0.0119173, , , , , , , 15.5099423, 0.0112459, , , , , , , 15.5099423, 0.0236667, , , , , , , 15.5099423, -0.0082246, , , , , , , , , , , , , , , , , , , , , , , , , , , , 
15.5104615, 0.0159457, , , , , , , 15.5104615, 0.0213169, , , , , , , 15.5104615, 0.0179599, , , , , , , 15.5104615, -0.0102388, , , , , , , , , , , , , , , , , , , , , , , , , , , , 
15.5109808, 0.0152743, , , , , , , 15.5109808, 0.0263523, , , , , , , 15.5109808, 0.0114137, , , , , , , 15.5109808, -0.0109102, , , , , , , , , , , , , , , , , , , , , , , , , , , , 
15.5115, 0.0139315, , , , , , , 15.5115, 0.0258488, , , , , , , 15.5115, 0.0072175, , , , , , , 15.5115, -0.0129244, , , , , , , , , , , , , , , , , , , , , , , , , , , , 
15.5120192, 0.0159457, , , , , , , 15.5120192, 0.0283665, , , , , , , 15.5120192, 0.0045319, , , , , , , 15.5120192, -0.01561, , , , , , , , , , , , , , , , , , , , , , , , , , , , 
15.5125385, 0.0135958, , , , , , , 15.5125385, 0.0350805, , , , , , , 15.5125385, -0.0008392, , , , , , , 15.5125385, -0.0162814, , , , , , , , , , , , , , , , , , , , , , , , , , , , 
15.5130577, 0.012253, , , , , , , 15.5130577, 0.0276951, , , , , , , 15.5130577, -0.0072175, , , , , , , 15.5130577, -0.0146029, , , , , , , , , , , , , , , , , , , , , , , , , , , , 
15.5135769, 0.0186313, , , , , , , 15.5135769, 0.0010071, , , , , , , 15.5135769, -0.0097353, , , , , , , 15.5135769, -0.0169528, , , , , , , , , , , , , , , , , , , , , , , , , , , , 
15.5140962, 0.0394446, , , , , , , 15.5140962, -0.0276951, , , , , , , 15.5140962, -0.0115816, , , , , , , 15.5140962, -0.0243381, , , , , , , , , , , , , , , , , , , , , , , , , , , , 
15.5146154, 0.0686503, , , , , , , 15.5146154, -0.0459907, , , , , , , 15.5146154, -0.0152743, , , , , , , 15.5146154, -0.0313878, , , , , , , , , , , , , , , , , , , , , , , , , , , , 
15.5151346, 0.093492, , , , , , , 15.5151346, -0.0417945, , , , , , , 15.5151346, -0.0184634, , , , , , , 15.5151346, -0.0340734, , , , , , , , , , , , , , , , , , , , , , , , , , , , 
15.5156538, 0.1143053, , , , , , , 15.5156538, 0.0146029, , , , , , , 15.5156538, -0.0193027, , , , , , , 15.5156538, -0.0330663, , , , , , , , , , , , , , , , , , , , , , , , , , , , 
15.5161731, 0.128069, , , , , , , 15.5161731, 0.0847639, , , , , , , 15.5161731, -0.0172885, , , , , , , 15.5161731, -0.0240024, , , , , , , , , , , , , , , , , , , , , , , , , , , , 
15.5166923, 0.1320974, , , , , , , 15.5166923, 0.1290761, , , , , , , 15.5166923, -0.0125887, , , , , , , 15.5166923, -0.0085603, , , , , , , , , , , , , , , , , , , , , , , , , , , , 
15.5172115, 0.1310903, , , , , , , 15.5172115, 0.1646601, , , , , , , 15.5172115, -0.0015106, , , , , , , 15.5172115, 0.0078889, , , , , , , , , , , , , , , , , , , , , , , , , , , , 
15.5177308, 0.1240406, , , , , , , 15.5177308, 0.1972229, , , , , , , 15.5177308, 0.0092317, , , , , , , 15.5177308, 0.0226596, , , , , , , , , , , , , , , , , , , , , , , , , , , , 
15.51825, 0.10692, , , , , , , 15.51825, 0.2210575, , , , , , , 15.51825, 0.011078, , , , , , , 15.51825, 0.0360876, , , , , , , , , , , , , , , , , , , , , , , , , , , , 
15.5187692, 0.0827497, , , , , , , 15.5187692, 0.2321355, , , , , , , 15.5187692, 0.0105745, , , , , , , 15.5187692, 0.0441444, , , , , , , , , , , , , , , , , , , , , , , , , , , , 
15.5192885, 0.0589151, , , , , , , 15.5192885, 0.203769, , , , , , , 15.5192885, 0.0146029, , , , , , , 15.5192885, 0.0473335, , , , , , , , , , , , , , , , , , , , , , , , , , , , 
15.5198077, 0.0293736, , , , , , , 15.5198077, 0.1292439, , , , , , , 15.5198077, 0.0226596, , , , , , , 15.5198077, 0.0505226, , , , , , , , , , , , , , , , , , , , , , , , , , , , 
15.5203269, -0.0082246, , , , , , , 15.5203269, 0.0253452, , , , , , , 15.5203269, 0.0297093, , , , , , , 15.5203269, 0.054551, , , , , , , , , , , , , , , , , , , , , , , , , , , , 
15.5208462, -0.04448, , , , , , , 15.5208462, -0.0663005, , , , , , , 15.5208462, 0.0327306, , , , , , , 15.5208462, 0.0622721, , , , , , , , , , , , , , , , , , , , , , , , , , , , 
15.5213654, -0.0750286, , , , , , , 15.5213654, -0.1461967, , , , , , , 15.5213654, 0.0370947, , , , , , , 15.5213654, 0.0746929, , , , , , , , , , , , , , , , , , , , , , , , , , , , 
15.5218846, -0.0995346, , , , , , , 15.5218846, -0.223743, , , , , , , 15.5218846, 0.0525368, , , , , , , 15.5218846, 0.082414, , , , , , , , , , , , , , , , , , , , , , , , , , , , 
15.5224038, -0.1216907, , , , , , , 15.5224038, -0.2834974, , , , , , , 15.5224038, 0.0703288, , , , , , , 15.5224038, 0.0842603, , , , , , , , , , , , , , , , , , , , , , , , , , , , 
15.5229231, -0.1381399, , , , , , , 15.5229231, -0.3170672, , , , , , , 15.5229231, 0.0736858, , , , , , , 15.5229231, 0.085771, , , , , , , , , , , , , , , , , , , , , , , , , , , , 
15.5234423, -0.1451896, , , , , , , 15.5234423, -0.3197528, , , , , , , 15.5234423, 0.0599222, , , , , , , 15.5234423, 0.0861067, , , , , , , , , , , , , , , , , , , , , , , , , , , , 
15.5239615, -0.1418326, , , , , , , 15.5239615, -0.2918898, , , , , , , 15.5239615, 0.0399481, , , , , , , 15.5239615, 0.0788891, , , , , , , , , , , , , , , , , , , , , , , , , , , , 
15.5244808, -0.1277333, , , , , , , 15.5244808, -0.2277714, , , , , , , 15.5244808, 0.023331, , , , , , , 15.5244808, 0.0652934, , , , , , , , , , , , , , , , , , , , , , , , , , , , 
15.525, -0.1055772, , , , , , , 15.525, -0.1273976, , , , , , , 15.525, 0.0157778, , , , , , , 15.525, 0.0488441, , , , , , , , , , , , , , , , , , , , , , , , , , , , 
15.5255192, -0.0835889, , , , , , , 15.5255192, -0.0320592, , , , , , , 15.5255192, 0.0152743, , , , , , , 15.5255192, 0.0307164, , , , , , , , , , , , , , , , , , , , , , , , , , , , 
15.5260385, -0.0632792, , , , , , , 15.5260385, 0.0112459, , , , , , , 15.5260385, 0.0065461, , , , , , , 15.5260385, 0.0172885, , , , , , , , , , , , , , , , , , , , , , , , , , , , 
15.5265577, -0.0441444, , , , , , , 15.5265577, 0.0124208, , , , , , , 15.5265577, -0.017792, , , , , , , 15.5265577, 0.0072175, , , , , , , , , , , , , , , , , , , , , , , , , , , , 
15.5270769, -0.0273594, , , , , , , 15.5270769, 0.0125887, , , , , , , 15.5270769, -0.0503548, , , , , , , 15.5270769, -0.0011749, , , , , , , , , , , , , , , , , , , , , , , , , , , , 
15.5275962, -0.0139315, , , , , , , 15.5275962, 0.0323949, , , , , , , 15.5275962, -0.0773785, , , , , , , 15.5275962, -0.005539, , , , , , , , , , , , , , , , , , , , , , , , , , , , 
15.5281154, -0.0035248, , , , , , , 15.5281154, 0.0585794, , , , , , , 15.5281154, -0.0929885, , , , , , , 15.5281154, -0.0082246, , , , , , , , , , , , , , , , , , , , , , , , , , , , 
15.5286346, 0.0048676, , , , , , , 15.5286346, 0.0669718, , , , , , , 15.5286346, -0.1015488, , , , , , , 15.5286346, -0.0125887, , , , , , , , , , , , , , , , , , , , , , , , , , , , 
15.5291538, 0.0159457, , , , , , , 15.5291538, 0.0575723, , , , , , , 15.5291538, -0.1012131, , , , , , , 15.5291538, -0.0176242, , , , , , , , , , , , , , , , , , , , , , , , , , , , 
15.5296731, 0.030045, , , , , , , 15.5296731, 0.0501869, , , , , , , 15.5296731, -0.096849, , , , , , , 15.5296731, -0.021149, , , , , , , , , , , , , , , , , , , , , , , , , , , , 
15.5301923, 0.0379339, , , , , , , 15.5301923, 0.0493477, , , , , , , 15.5301923, -0.0921492, , , , , , , 15.5301923, -0.0243381, , , , , , , , , , , , , , , , , , , , , , , , , , , , 
15.5307115, 0.0344091, , , , , , , 15.5307115, 0.0387732, , , , , , , 15.5307115, -0.090135, , , , , , , 15.5307115, -0.0276951, , , , , , , , , , , , , , , , , , , , , , , , , , , , 
15.5312308, 0.0293736, , , , , , , 15.5312308, 0.0162814, , , , , , , 15.5312308, -0.0887922, , , , , , , 15.5312308, -0.0310521, , , , , , , , , , , , , , , , , , , , , , , , , , , , 
15.53175, 0.0320592, , , , , , , 15.53175, -0.0075532, , , , , , , 15.53175, -0.0864424, , , , , , , 15.53175, -0.0317235, , , , , , , , , , , , , , , , , , , , , , , , , , , , 
15.5322692, 0.040116, , , , , , , 15.5322692, -0.0109102, , , , , , , 15.5322692, -0.0822461, , , , , , , 15.5322692, -0.030045, , , , , , , , , , , , , , , , , , , , , , , , , , , , 
15.5327885, 0.0454871, , , , , , , 15.5327885, 0.0031891, , , , , , , 15.5327885, -0.0736858, , , , , , , 15.5327885, -0.0298772, , , , , , , , , , , , , , , , , , , , , , , , , , , , 
15.5333077, 0.0464942, , , , , , , 15.5333077, 0.0251774, , , , , , , 15.5333077, -0.0626078, , , , , , , 15.5333077, -0.0293736, , , , , , , , , , , , , , , , , , , , , , , , , , , , 
15.5338269, 0.0553902, , , , , , , 15.5338269, 0.0532082, , , , , , , 15.5338269, -0.0538796, , , , , , , 15.5338269, -0.0313878, , , , , , , , , , , , , , , , , , , , , , , , , , , , 
15.5343462, 0.0793927, , , , , , , 15.5343462, 0.0780499, , , , , , , 15.5343462, -0.0471656, , , , , , , 15.5343462, -0.0391089, , , , , , , , , , , , , , , , , , , , , , , , , , , , 
15.5348654, 0.1062486, , , , , , , 15.5348654, 0.1030594, , , , , , , 15.5348654, -0.0391089, , , , , , , 15.5348654, -0.0446479, , , , , , , , , , , , , , , , , , , , , , , , , , , , 
15.5353846, 0.1257191, , , , , , , 15.5353846, 0.1367971, , , , , , , 15.5353846, -0.0287022, , , , , , , 15.5353846, -0.0461585, , , , , , , , , , , , , , , , , , , , , , , , , , , , 
15.5359038, 0.1374685, , , , , , , 15.5359038, 0.1540856, , , , , , , 15.5359038, -0.021149, , , , , , , 15.5359038, -0.04448, , , , , , , , , , , , , , , , , , , , , , , , , , , , 
15.5364231, 0.1421683, , , , , , , 15.5364231, 0.1394827, , , , , , , 15.5364231, -0.0152743, , , , , , , 15.5364231, -0.0364233, , , , , , , , , , , , , , , , , , , , , , , , , , , , 
15.5369423, 0.1367971, , , , , , , 15.5369423, 0.0877852, , , , , , , 15.5369423, -0.0078889, , , , , , , 15.5369423, -0.0216526, , , , , , , , , , , , , , , , , , , , , , , , , , , , 
15.5374615, 0.1220264, , , , , , , 15.5374615, 0.0198062, , , , , , , 15.5374615, -0.0008392, , , , , , , 15.5374615, -0.0046998, , , , , , , , , , , , , , , , , , , , , , , , , , , , 
15.5379808, 0.0998703, , , , , , , 15.5379808, -0.0337377, , , , , , , 15.5379808, 0.0052033, , , , , , , 15.5379808, 0.0105745, , , , , , , , , , , , , , , , , , , , , , , , , , , , 
15.5385, 0.0780499, , , , , , , 15.5385, -0.0647898, , , , , , , 15.5385, 0.0152743, , , , , , , 15.5385, 0.0280308, , , , , , , , , , , , , , , , , , , , , , , , , , , , 
15.5390192, 0.0587472, , , , , , , 15.5390192, -0.0908064, , , , , , , 15.5390192, 0.026688, , , , , , , 15.5390192, 0.0475013, , , , , , , , , , , , , , , , , , , , , , , , , , , , 
15.5395385, 0.0414588, , , , , , , 15.5395385, -0.1075914, , , , , , , 15.5395385, 0.0339055, , , , , , , 15.5395385, 0.0654612, , , , , , , , , , , , , , , , , , , , , , , , , , , , 
15.5400577, 0.017792, , , , , , , 15.5400577, -0.1028916, , , , , , , 15.5400577, 0.0357519, , , , , , , 15.5400577, 0.0830854, , , , , , , , , , , , , , , , , , , , , , , , , , , , 
15.5405769, -0.0109102, , , , , , , 15.5405769, -0.0575723, , , , , , , 15.5405769, 0.0313878, , , , , , , 15.5405769, 0.0941634, , , , , , , , , , , , , , , , , , , , , , , , , , , , 
15.5410962, -0.0323949, , , , , , , 15.5410962, -0.0068818, , , , , , , 15.5410962, 0.0260166, , , , , , , 15.5410962, 0.0985275, , , , , , , , , , , , , , , , , , , , , , , , , , , , 
15.5416154, -0.0488441, , , , , , , 15.5416154, -0.0218204, , , , , , , 15.5416154, 0.0226596, , , , , , , 15.5416154, 0.096849, , , , , , , , , , , , , , , , , , , , , , , , , , , , 
15.5421346, -0.0666361, , , , , , , 15.5421346, -0.0847639, , , , , , , 15.5421346, 0.0218204, , , , , , , 15.5421346, 0.0894636, , , , , , , , , , , , , , , , , , , , , , , , , , , , 
15.5426538, -0.0854353, , , , , , , 15.5426538, -0.1539178, , , , , , , 15.5426538, 0.0256809, , , , , , , 15.5426538, 0.082414, , , , , , , , , , , , , , , , , , , , , , , , , , , , 
15.5431731, -0.102388, , , , , , , 15.5431731, -0.2284428, , , , , , , 15.5431731, 0.040116, , , , , , , 15.5431731, 0.0777142, , , , , , , , , , , , , , , , , , , , , , , , , , , , 
15.5436923, -0.1122911, , , , , , , 15.5436923, -0.261677, , , , , , , 15.5436923, 0.0532082, , , , , , , 15.5436923, 0.0716716, , , , , , , , , , , , , , , , , , , , , , , , , , , , 
15.5442115, -0.1062486, , , , , , , 15.5442115, -0.2019226, , , , , , , 15.5442115, 0.0569009, , , , , , , 15.5442115, 0.0607614, , , , , , , , , , , , , , , , , , , , , , , , , , , , 
15.5447308, -0.0854353, , , , , , , 15.5447308, -0.0955062, , , , , , , 15.5447308, 0.0506905, , , , , , , 15.5447308, 0.0454871, , , , , , , , , , , , , , , , , , , , , , , , , , , , 
15.54525, -0.0619364, , , , , , , 15.54525, -0.0243381, , , , , , , 15.54525, 0.0365911, , , , , , , 15.54525, 0.0313878, , , , , , , , , , , , , , , , , , , , , , , , , , , , 
15.5457692, -0.0407874, , , , , , , 15.5457692, -0.0083925, , , , , , , 15.5457692, 0.0186313, , , , , , , 15.5457692, 0.0223239, , , , , , , , , , , , , , , , , , , , , , , , , , , , 
15.5462885, -0.0260166, , , , , , , 15.5462885, -0.0018463, , , , , , , 15.5462885, 0.0085603, , , , , , , 15.5462885, 0.0132601, , , , , , , , , , , , , , , , , , , , , , , , , , , , 
15.5468077, -0.0191348, , , , , , , 15.5468077, 0.0320592, , , , , , , 15.5468077, 0.0132601, , , , , , , 15.5468077, 0.0025177, , , , , , , , , , , , , , , , , , , , , , , , , , , , 
15.5473269, -0.0119173, , , , , , , 15.5473269, 0.0602579, , , , , , , 15.5473269, 0.0203098, , , , , , , 15.5473269, -0.0068818, , , , , , , , , , , , , , , , , , , , , , , , , , , , 
15.5478462, -0.0015106, , , , , , , 15.5478462, 0.0491798, , , , , , , 15.5478462, 0.0171206, , , , , , , 15.5478462, -0.0130922, , , , , , , , , , , , , , , , , , , , , , , , , , , , 
15.5483654, 0.0152743, , , , , , , 15.5483654, 0.0340734, , , , , , , 15.5483654, 0.002182, , , , , , , 15.5483654, -0.0179599, , , , , , , , , , , , , , , , , , , , , , , , , , , , 
15.5488846, 0.0292058, , , , , , , 15.5488846, 0.0605936, , , , , , , 15.5488846, -0.0162814, , , , , , , 15.5488846, -0.0209812, , , , , , , , , , , , , , , , , , , , , , , , , , , , 
15.5494038, 0.0328985, , , , , , , 15.5494038, 0.1270619, , , , , , , 15.5494038, -0.0280308, , , , , , , 15.5494038, -0.0253452, , , , , , , , , , , , , , , , , , , , , , , , , , , , 
15.5499231, 0.0317235, , , , , , , 15.5499231, 0.1779202, , , , , , , 15.5499231, -0.0330663, , , , , , , 15.5499231, -0.0313878, , , , , , , , , , , , , , , , , , , , , , , , , , , , 
15.5504423, 0.036759, , , , , , , 15.5504423, 0.1905089, , , , , , , 15.5504423, -0.0320592, , , , , , , 15.5504423, -0.0357519, , , , , , , , , , , , , , , , , , , , , , , , , , , , 
15.5509615, 0.0446479, , , , , , , 15.5509615, 0.1733883, , , , , , , 15.5509615, -0.0276951, , , , , , , 15.5509615, -0.0364233, , , , , , , , , , , , , , , , , , , , , , , , , , , , 
15.5514808, 0.0485084, , , , , , , 15.5514808, 0.1367971, , , , , , , 15.5514808, -0.0229953, , , , , , , 15.5514808, -0.0364233, , , , , , , , , , , , , , , , , , , , , , , , , , , , 
15.552, 0.0488441, , , , , , , 15.552, 0.0971847, , , , , , , 15.552, -0.0186313, , , , , , , 15.552, -0.0370947, , , , , , , , , , , , , , , , , , , , , , , , , , , , 
15.5525192, 0.047837, , , , , , , 15.5525192, 0.0548867, , , , , , , 15.5525192, -0.018967, , , , , , , 15.5525192, -0.0369268, , , , , , , , , , , , , , , , , , , , , , , , , , , , 
15.5530385, 0.0495155, , , , , , , 15.5530385, 0.0240024, , , , , , , 15.5530385, -0.0256809, , , , , , , 15.5530385, -0.0317235, , , , , , , , , , , , , , , , , , , , , , , , , , , , 
15.5535577, 0.0558938, , , , , , , 15.5535577, 0.0287022, , , , , , , 15.5535577, -0.0337377, , , , , , , 15.5535577, -0.0256809, , , , , , , , , , , , , , , , , , , , , , , , , , , , 
15.5540769, 0.0710002, , , , , , , 15.5540769, 0.0354162, , , , , , , 15.5540769, -0.0397803, , , , , , , 15.5540769, -0.0256809, , , , , , , , , , , , , , , , , , , , , , , , , , , , 
15.5545962, 0.0938277, , , , , , , 15.5545962, 0.0196384, , , , , , , 15.5545962, -0.0458228, , , , , , , 15.5545962, -0.0283665, , , , , , , , , , , , , , , , , , , , , , , , , , , , 
15.5551154, 0.1131304, , , , , , , 15.5551154, -0.0031891, , , , , , , 15.5551154, -0.0491798, , , , , , , 15.5551154, -0.0292058, , , , , , , , , , , , , , , , , , , , , , , , , , , , 
15.5556346, 0.121355, , , , , , , 15.5556346, -0.0186313, , , , , , , 15.5556346, -0.0464942, , , , , , , 15.5556346, -0.0303807, , , , , , , , , , , , , , , , , , , , , , , , , , , , 
15.5561538, 0.1260548, , , , , , , 15.5561538, -0.0229953, , , , , , , 15.5561538, -0.040116, , , , , , , 15.5561538, -0.0317235, , , , , , , , , , , , , , , , , , , , , , , , , , , , 
15.5566731, 0.1327687, , , , , , , 15.5566731, -0.0142672, , , , , , , 15.5566731, -0.0354162, , , , , , , 15.5566731, -0.0273594, , , , , , , , , , , , , , , , , , , , , , , , , , , , 
15.5571923, 0.1351186, , , , , , , 15.5571923, 0.0031891, , , , , , , 15.5571923, -0.027863, , , , , , , 15.5571923, -0.017792, , , , , , , , , , , , , , , , , , , , , , , , , , , , 
15.5577115, 0.1220264, , , , , , , 15.5577115, 0.0052033, , , , , , , 15.5577115, -0.0193027, , , , , , , 15.5577115, -0.0028534, , , , , , , , , , , , , , , , , , , , , , , , , , , , 
15.5582308, 0.1025559, , , , , , , 15.5582308, -0.0404517, , , , , , , 15.5582308, -0.0058747, , , , , , , 15.5582308, 0.0125887, , , , , , , , , , , , , , , , , , , , , , , , , , , , 
15.55875, 0.0829175, , , , , , , 15.55875, -0.0995346, , , , , , , 15.55875, 0.0107424, , , , , , , 15.55875, 0.024506, , , , , , , , , , , , , , , , , , , , , , , , , , , , 
15.5592692, 0.0654612, , , , , , , 15.5592692, -0.1374685, , , , , , , 15.5592692, 0.0193027, , , , , , , 15.5592692, 0.0381018, , , , , , , , , , , , , , , , , , , , , , , , , , , , 
15.5597885, 0.0454871, , , , , , , 15.5597885, -0.1562676, , , , , , , 15.5597885, 0.0172885, , , , , , , 15.5597885, 0.0535439, , , , , , , , , , , , , , , , , , , , , , , , , , , , 
15.5603077, 0.0105745, , , , , , , 15.5603077, -0.1485466, , , , , , , 15.5603077, 0.0078889, , , , , , , 15.5603077, 0.072343, , , , , , , , , , , , , , , , , , , , , , , , , , , , 
15.5608269, -0.0246738, , , , , , , 15.5608269, -0.1260548, , , , , , , 15.5608269, -0.0041962, , , , , , , 15.5608269, 0.0881209, , , , , , , , , , , , , , , , , , , , , , , , , , , , 
15.5613462, -0.0542153, , , , , , , 15.5613462, -0.1156481, , , , , , , 15.5613462, -0.017792, , , , , , , 15.5613462, 0.0985275, , , , , , , , , , , , , , , , , , , , , , , , , , , , 
15.5618654, -0.0800641, , , , , , , 15.5618654, -0.1038987, , , , , , , 15.5618654, -0.0317235, , , , , , , 15.5618654, 0.1010452, , , , , , , , , , , , , , , , , , , , , , , , , , , , 
15.5623846, -0.0991989, , , , , , , 15.5623846, -0.0802319, , , , , , , 15.5623846, -0.043473, , , , , , , 15.5623846, 0.0965133, , , , , , , , , , , , , , , , , , , , , , , , , , , , 
15.5629038, -0.1132982, , , , , , , 15.5629038, -0.0572366, , , , , , , 15.5629038, -0.0491798, , , , , , , 15.5629038, 0.0897993, , , , , , , , , , , , , , , , , , , , , , , , , , , , 
15.5634231, -0.1223621, , , , , , , 15.5634231, -0.0417945, , , , , , , 15.5634231, -0.0466621, , , , , , , 15.5634231, 0.0820783, , , , , , , , , , , , , , , , , , , , , , , , , , , , 
15.5639423, -0.1190051, , , , , , , 15.5639423, -0.0303807, , , , , , , 15.5639423, -0.0391089, , , , , , , 15.5639423, 0.0720073, , , , , , , , , , , , , , , , , , , , , , , , , , , , 
15.5644615, -0.0975204, , , , , , , 15.5644615, -0.0196384, , , , , , , 15.5644615, -0.0325628, , , , , , , 15.5644615, 0.0575723, , , , , , , , , , , , , , , , , , , , , , , , , , , , 
15.5649808, -0.0652934, , , , , , , 15.5649808, -0.0119173, , , , , , , 15.5649808, -0.0243381, , , , , , , 15.5649808, 0.0411231, , , , , , , , , , , , , , , , , , , , , , , , , , , , 
15.5655, -0.0337377, , , , , , , 15.5655, -0.0063783, , , , , , , 15.5655, -0.0132601, , , , , , , 15.5655, 0.0246738, , , , , , , , , , , , , , , , , , , , , , , , , , , , 
15.5660192, -0.0068818, , , , , , , 15.5660192, -0.0041962, , , , , , , 15.5660192, -0.0036927, , , , , , , 15.5660192, 0.0132601, , , , , , , , , , , , , , , , , , , , , , , , , , , , 
15.5665385, 0.0166171, , , , , , , 15.5665385, -0.0008392, , , , , , , 15.5665385, 0.0038605, , , , , , , 15.5665385, 0.0072175, , , , , , , , , , , , , , , , , , , , , , , , , , , , 
15.5670577, 0.2205539, , , , , , , 15.5670577, 0.0065461, , , , , , , 15.5670577, 0.0065461, , , , , , , 15.5670577, -0.0001678, , , , , , , , , , , , , , , , , , , , , , , , , , , , 
15.5675769, 0.7309834, , , , , , , 15.5675769, 0.01561, , , , , , , 15.5675769, 0.0045319, , , , , , , 15.5675769, -0.008896, , , , , , , , , , , , , , , , , , , , , , , , , , , , 
15.5680962, 1.0169986, , , , , , , 15.5680962, 0.0182956, , , , , , , 15.5680962, 0.0018463, , , , , , , 15.5680962, -0.0162814, , , , , , , , , , , , , , , , , , , , , , , , , , , , 
15.5686154, 0.9478447, , , , , , , 15.5686154, 0.0172885, , , , , , , 15.5686154, 0.0005035, , , , , , , 15.5686154, -0.0213169, , , , , , , , , , , , , , , , , , , , , , , , , , , , 
15.5691346, 0.7880522, , , , , , , 15.5691346, 0.0193027, , , , , , , 15.5691346, 0.0015106, , , , , , , 15.5691346, -0.0229953, , , , , , , , , , , , , , , , , , , , , , , , , , , , 
15.5696538, 0.6739147, , , , , , , 15.5696538, 0.0243381, , , , , , , 15.5696538, 0.002182, , , , , , , 15.5696538, -0.0203098, , , , , , , , , , , , , , , , , , , , , , , , , , , , 
15.5701731, 0.574548, , , , , , , 15.5701731, 0.0280308, , , , , , , 15.5701731, 0.0016785, , , , , , , 15.5701731, -0.01561, , , , , , , , , , , , , , , , , , , , , , , , , , , , 
15.5706923, 0.4711528, , , , , , , 15.5706923, 0.0287022, , , , , , , 15.5706923, 0.0025177, , , , , , , 15.5706923, -0.008896, , , , , , , , , , , , , , , , , , , , , , , , , , , , 
15.5712115, 0.3731289, , , , , , , 15.5712115, 0.0287022, , , , , , , 15.5712115, 0.005539, , , , , , , 15.5712115, 0.0018463, , , , , , , , , , , , , , , , , , , , , , , , , , , , 
15.5717308, 0.2885328, , , , , , , 15.5717308, 0.0347448, , , , , , , 15.5717308, 0.0078889, , , , , , , 15.5717308, 0.0119173, , , , , , , , , , , , , , , , , , , , , , , , , , , , 
15.57225, 0.2173648, , , , , , , 15.57225, 0.0365911, , , , , , , 15.57225, 0.0119173, , , , , , , 15.57225, 0.0196384, , , , , , , , , , , , , , , , , , , , , , , , , , , , 
15.5727692, 0.1527428, , , , , , , 15.5727692, 0.0360876, , , , , , , 15.5727692, 0.0125887, , , , , , , 15.5727692, 0.0236667, , , , , , , , , , , , , , , , , , , , , , , , , , , , 
15.5732885, 0.0951705, , , , , , , 15.5732885, 0.0558938, , , , , , , 15.5732885, 0.0129244, , , , , , , 15.5732885, 0.0199741, , , , , , , , , , , , , , , , , , , , , , , , , , , , 
15.5738077, 0.0488441, , , , , , , 15.5738077, 0.105745, , , , , , , 15.5738077, 0.0166171, , , , , , , 15.5738077, 0.0078889, , , , , , , , , , , , , , , , , , , , , , , , , , , , 
15.5743269, 0.0152743, , , , , , , 15.5743269, 0.1386435, , , , , , , 15.5743269, 0.0223239, , , , , , , 15.5743269, -0.0082246, , , , , , , , , , , , , , , , , , , , , , , , , , , , 
15.5748462, -0.0172885, , , , , , , 15.5748462, 0.1203479, , , , , , , 15.5748462, 0.0260166, , , , , , , 15.5748462, -0.0206455, , , , , , , , , , , , , , , , , , , , , , , , , , , , 
15.5753654, -0.0538796, , , , , , , 15.5753654, 0.0783856, , , , , , , 15.5753654, 0.0240024, , , , , , , 15.5753654, -0.0273594, , , , , , , , , , , , , , , , , , , , , , , , , , , , 
15.5758846, -0.0847639, , , , , , , 15.5758846, 0.0569009, , , , , , , 15.5758846, 0.0193027, , , , , , , 15.5758846, -0.0303807, , , , , , , , , , , , , , , , , , , , , , , , , , , , 
15.5764038, -0.1136339, , , , , , , 15.5764038, 0.0696574, , , , , , , 15.5764038, 0.012253, , , , , , , 15.5764038, -0.0317235, , , , , , , , , , , , , , , , , , , , , , , , , , , , 
15.5769231, -0.142504, , , , , , , 15.5769231, 0.0916457, , , , , , , 15.5769231, 0.0052033, , , , , , , 15.5769231, -0.0283665, , , , , , , , , , , , , , , , , , , , , , , , , , , , 
15.5774423, -0.1720455, , , , , , , 15.5774423, 0.111284, , , , , , , 15.5774423, 0.0028534, , , , , , , 15.5774423, -0.0203098, , , , , , , , , , , , , , , , , , , , , , , , , , , , 
15.5779615, -0.2062867, , , , , , , 15.5779615, 0.1467002, , , , , , , 15.5779615, 0.0112459, , , , , , , 15.5779615, -0.0075532, , , , , , , , , , , , , , , , , , , , , , , , , , , , 
15.5784808, -0.2452277, , , , , , , 15.5784808, 0.1529107, , , , , , , 15.5784808, 0.0318914, , , , , , , 15.5784808, 0.0050355, , , , , , , , , , , , , , , , , , , , , , , , , , , , 
15.579, -0.2829938, , , , , , , 15.579, 0.0652934, , , , , , , 15.579, 0.047837, , , , , , , 15.579, 0.0132601, , , , , , , , , , , , , , , , , , , , , , , , , , , , 
15.5795192, -0.3157244, , , , , , , 15.5795192, -0.0847639, , , , , , , 15.5795192, 0.0449836, , , , , , , 15.5795192, 0.0162814, , , , , , , , , , , , , , , , , , , , , , , , , , , , 
15.5800385, -0.3469444, , , , , , , 15.5800385, -0.1911803, , , , , , , 15.5800385, 0.0283665, , , , , , , 15.5800385, 0.0171206, , , , , , , , , , , , , , , , , , , , , , , , , , , , 
15.5805577, -0.3801785, , , , , , , 15.5805577, -0.2015869, , , , , , , 15.5805577, 0.0105745, , , , , , , 15.5805577, 0.0182956, , , , , , , , , , , , , , , , , , , , , , , , , , , , 
15.5810769, -0.406363, , , , , , , 15.5810769, -0.1522393, , , , , , , 15.5810769, -0.0045319, , , , , , , 15.5810769, 0.0196384, , , , , , , , , , , , , , , , , , , , , , , , , , , , 
15.5815962, -0.4191196, , , , , , , 15.5815962, -0.0948348, , , , , , , 15.5815962, -0.0176242, , , , , , , 15.5815962, 0.0219883, , , , , , , , , , , , , , , , , , , , , , , , , , , , 
15.5821154, -0.4258335, , , , , , , 15.5821154, -0.0480049, , , , , , , 15.5821154, -0.024506, , , , , , , 15.5821154, 0.0260166, , , , , , , , , , , , , , , , , , , , , , , , , , , , 
15.5826346, -0.430869, , , , , , , 15.5826346, -0.0364233, , , , , , , 15.5826346, -0.0263523, , , , , , , 15.5826346, 0.0327306, , , , , , , , , , , , , , , , , , , , , , , , , , , , 
15.5831538, -0.4312047, , , , , , , 15.5831538, -0.0693217, , , , , , , 15.5831538, -0.0191348, , , , , , , 15.5831538, 0.0411231, , , , , , , , , , , , , , , , , , , , , , , , , , , , 
15.5836731, -0.424155, , , , , , , 15.5836731, -0.1317617, , , , , , , 15.5836731, -0.011078, , , , , , , 15.5836731, 0.0426337, , , , , , , , , , , , , , , , , , , , , , , , , , , , 
15.5841923, -0.4040131, , , , , , , 15.5841923, -0.1908446, , , , , , , 15.5841923, -0.0102388, , , , , , , 15.5841923, 0.0357519, , , , , , , , , , , , , , , , , , , , , , , , , , , , 
15.5847115, -0.374136, , , , , , , 15.5847115, -0.2116579, , , , , , , 15.5847115, -0.0129244, , , , , , , 15.5847115, 0.0280308, , , , , , , , , , , , , , , , , , , , , , , , , , , , 
15.5852308, -0.3456016, , , , , , , 15.5852308, -0.1921874, , , , , , , 15.5852308, -0.0176242, , , , , , , 15.5852308, 0.0250095, , , , , , , , , , , , , , , , , , , , , , , , , , , , 
15.58575, -0.3197528, , , , , , , 15.58575, -0.1532464, , , , , , , 15.58575, -0.0236667, , , , , , , 15.58575, 0.0229953, , , , , , , , , , , , , , , , , , , , , , , , , , , , 
15.5862692, -0.2997787, , , , , , , 15.5862692, -0.1062486, , , , , , , 15.5862692, -0.0298772, , , , , , , 15.5862692, 0.0186313, , , , , , , , , , , , , , , , , , , , , , , , , , , , 
15.5867885, -0.2808118, , , , , , , 15.5867885, -0.0508583, , , , , , , 15.5867885, -0.0350805, , , , , , , 15.5867885, 0.014435, , , , , , , , , , , , , , , , , , , , , , , , , , , , 
15.5873077, -0.2623484, , , , , , , 15.5873077, -0.0050355, , , , , , , 15.5873077, -0.0360876, , , , , , , 15.5873077, 0.0149386, , , , , , , , , , , , , , , , , , , , , , , , , , , , 
15.5878269, -0.2438849, , , , , , , 15.5878269, 0.0092317, , , , , , , 15.5878269, -0.0297093, , , , , , , 15.5878269, 0.0209812, , , , , , , , , , , , , , , , , , , , , , , , , , , , 
15.5883462, -0.2267643, , , , , , , 15.5883462, 0.0140993, , , , , , , 15.5883462, -0.017792, , , , , , , 15.5883462, 0.0280308, , , , , , , , , , , , , , , , , , , , , , , , , , , , 
15.5888654, -0.21149, , , , , , , 15.5888654, 0.0471656, , , , , , , 15.5888654, -0.0095674, , , , , , , 15.5888654, 0.0332341, , , , , , , , , , , , , , , , , , , , , , , , , , , , 
15.5893846, -0.1995727, , , , , , , 15.5893846, 0.1159838, , , , , , , 15.5893846, 0.0041962, , , , , , , 15.5893846, 0.0377661, , , , , , , , , , , , , , , , , , , , , , , , , , , , 
15.5899038, -0.1809415, , , , , , , 15.5899038, 0.2007477, , , , , , , 15.5899038, 0.0369268, , , , , , , 15.5899038, 0.0391089, , , , , , , , , , , , , , , , , , , , , , , , , , , , 
15.5904231, -0.1552605, , , , , , , 15.5904231, 0.2641947, , , , , , , 15.5904231, 0.0746929, , , , , , , 15.5904231, 0.035584, , , , , , , , , , , , , , , , , , , , , , , , , , , , 
15.5909423, -0.1327687, , , , , , , 15.5909423, 0.2563058, , , , , , , 15.5909423, 0.1003738, , , , , , , 15.5909423, 0.0276951, , , , , , , , , , , , , , , , , , , , , , , , , , , , 
15.5914615, -0.1169909, , , , , , , 15.5914615, 0.1690242, , , , , , , 15.5914615, 0.096849, , , , , , , 15.5914615, 0.0172885, , , , , , , , , , , , , , , , , , , , , , , , , , , , 
15.5919808, -0.1065843, , , , , , , 15.5919808, 0.0710002, , , , , , , 15.5919808, 0.0679789, , , , , , , 15.5919808, 0.0092317, , , , , , , , , , , , , , , , , , , , , , , , , , , , 
15.5925, -0.0941634, , , , , , , 15.5925, -0.0035248, , , , , , , 15.5925, 0.0303807, , , , , , , 15.5925, 0.0052033, , , , , , , , , , , , , , , , , , , , , , , , , , , , 
15.5930192, -0.0788891, , , , , , , 15.5930192, -0.0827497, , , , , , , 15.5930192, -0.0036927, , , , , , , 15.5930192, 0.0011749, , , , , , , , , , , , , , , , , , , , , , , , , , , , 
15.5935385, -0.0587472, , , , , , , 15.5935385, -0.139147, , , , , , , 15.5935385, -0.0345769, , , , , , , 15.5935385, -0.0072175, , , , , , , , , , , , , , , , , , , , , , , , , , , , 
15.5940577, -0.0263523, , , , , , , 15.5940577, -0.1183337, , , , , , , 15.5940577, -0.0652934, , , , , , , 15.5940577, -0.023331, , , , , , , , , , , , , , , , , , , , , , , , , , , , 
15.5945769, 0.0119173, , , , , , , 15.5945769, -0.064622, , , , , , , 15.5945769, -0.0837568, , , , , , , 15.5945769, -0.0377661, , , , , , , , , , , , , , , , , , , , , , , , , , , , 
15.5950962, 0.0414588, , , , , , , 15.5950962, -0.1013809, , , , , , , 15.5950962, -0.0847639, , , , , , , 15.5950962, -0.0453193, , , , , , , , , , , , , , , , , , , , , , , , , , , , 
15.5956154, 0.0582437, , , , , , , 15.5956154, -0.2150149, , , , , , , 15.5956154, -0.0837568, , , , , , , 15.5956154, -0.0495155, , , , , , , , , , , , , , , , , , , , , , , , , , , , 
15.5961346, 0.0696574, , , , , , , 15.5961346, -0.2784619, , , , , , , 15.5961346, -0.0928206, , , , , , , 15.5961346, -0.0525368, , , , , , , , , , , , , , , , , , , , , , , , , , , , 
15.5966538, 0.0814069, , , , , , , 15.5966538, -0.2329747, , , , , , , 15.5966538, -0.1055772, , , , , , , 15.5966538, -0.0522011, , , , , , , , , , , , , , , , , , , , , , , , , , , , 
15.5971731, 0.0911421, , , , , , , 15.5971731, -0.1341115, , , , , , , 15.5971731, -0.112459, , , , , , , 15.5971731, -0.0491798, , , , , , , , , , , , , , , , , , , , , , , , , , , , 
15.5976923, 0.0897993, , , , , , , 15.5976923, -0.0699931, , , , , , , 15.5976923, -0.1122911, , , , , , , 15.5976923, -0.0404517, , , , , , , , , , , , , , , , , , , , , , , , , , , , 
15.5982115, 0.0770428, , , , , , , 15.5982115, -0.0575723, , , , , , , 15.5982115, -0.1050736, , , , , , , 15.5982115, -0.0251774, , , , , , , , , , , , , , , , , , , , , , , , , , , , 
15.5987308, 0.0683146, , , , , , , 15.5987308, -0.0649577, , , , , , , 15.5987308, -0.0918135, , , , , , , 15.5987308, -0.0115816, , , , , , , , , , , , , , , , , , , , , , , , , , , , 
15.59925, 0.063447, , , , , , , 15.59925, -0.0622721, , , , , , , 15.59925, -0.0770428, , , , , , , 15.59925, 0.0016785, , , , , , , , , , , , , , , , , , , , , , , , , , , , 
15.5997692, 0.0508583, , , , , , , 15.5997692, -0.043473, , , , , , , 15.5997692, -0.066804, , , , , , , 15.5997692, 0.0213169, , , , , , , , , , , , , , , , , , , , , , , , , , , , 
15.6002885, 0.0305486, , , , , , , 15.6002885, -0.0226596, , , , , , , 15.6002885, -0.0622721, , , , , , , 15.6002885, 0.0441444, , , , , , , , , , , , , , , , , , , , , , , , , , , , 
15.6008077, 0.0020142, , , , , , , 15.6008077, -0.0031891, , , , , , , 15.6008077, -0.0575723, , , , , , , 15.6008077, 0.064622, , , , , , , , , , , , , , , , , , , , , , , , , , , , 
15.6013269, -0.0196384, , , , , , , 15.6013269, 0.0186313, , , , , , , 15.6013269, -0.0518654, , , , , , , 15.6013269, 0.0807355, , , , , , , , , , , , , , , , , , , , , , , , , , , , 
15.6018462, -0.0303807, , , , , , , 15.6018462, 0.040116, , , , , , , 15.6018462, -0.047837, , , , , , , 15.6018462, 0.0877852, , , , , , , , , , , , , , , , , , , , , , , , , , , , 
15.6023654, -0.0381018, , , , , , , 15.6023654, 0.0528725, , , , , , , 15.6023654, -0.0387732, , , , , , , 15.6023654, 0.0896315, , , , , , , , , , , , , , , , , , , , , , , , , , , , 
15.6028846, -0.0471656, , , , , , , 15.6028846, 0.0542153, , , , , , , 15.6028846, -0.0253452, , , , , , , 15.6028846, 0.0931563, , , , , , , , , , , , , , , , , , , , , , , , , , , , 
15.6034038, -0.0515297, , , , , , , 15.6034038, 0.0555581, , , , , , , 15.6034038, -0.0109102, , , , , , , 15.6034038, 0.0916457, , , , , , , , , , , , , , , , , , , , , , , , , , , , 
15.6039231, -0.0458228, , , , , , , 15.6039231, 0.0713359, , , , , , , 15.6039231, 0.0052033, , , , , , , 15.6039231, 0.0797284, , , , , , , , , , , , , , , , , , , , , , , , , , , , 
15.6044423, -0.0283665, , , , , , , 15.6044423, 0.0991989, , , , , , , 15.6044423, 0.0209812, , , , , , , 15.6044423, 0.0621042, , , , , , , , , , , , , , , , , , , , , , , , , , , , 
15.6049615, -0.0072175, , , , , , , 15.6049615, 0.1092699, , , , , , , 15.6049615, 0.0323949, , , , , , , 15.6049615, 0.0424659, , , , , , , , , , , , , , , , , , , , , , , , , , , , 
15.6054808, 0.0082246, , , , , , , 15.6054808, 0.094667, , , , , , , 15.6054808, 0.0354162, , , , , , , 15.6054808, 0.0253452, , , , , , , , , , , , , , , , , , , , , , , , , , , , 
15.606, 0.0186313, , , , , , , 15.606, 0.0773785, , , , , , , 15.606, 0.0347448, , , , , , , 15.606, 0.0132601, , , , , , , , , , , , , , , , , , , , , , , , , , , , 
15.6065192, 0.0303807, , , , , , , 15.6065192, 0.0582437, , , , , , , 15.6065192, 0.0310521, , , , , , , 15.6065192, 0.0008392, , , , , , , , , , , , , , , , , , , , , , , , , , , , 
15.6070385, 0.0421302, , , , , , , 15.6070385, 0.0293736, , , , , , , 15.6070385, 0.0243381, , , , , , , 15.6070385, -0.0115816, , , , , , , , , , , , , , , , , , , , , , , , , , , , 
15.6075577, 0.0582437, , , , , , , 15.6075577, -0.0065461, , , , , , , 15.6075577, 0.0179599, , , , , , , 15.6075577, -0.0206455, , , , , , , , , , , , , , , , , , , , , , , , , , , , 
15.6080769, 0.0726787, , , , , , , 15.6080769, -0.0421302, , , , , , , 15.6080769, 0.0181277, , , , , , , 15.6080769, -0.0270237, , , , , , , , , , , , , , , , , , , , , , , , , , , , 
15.6085962, 0.0762036, , , , , , , 15.6085962, -0.054551, , , , , , , 15.6085962, 0.0394446, , , , , , , 15.6085962, -0.0303807, , , , , , , , , , , , , , , , , , , , , , , , , , , , 
15.6091154, 0.0775463, , , , , , , 15.6091154, -0.0374304, , , , , , , 15.6091154, 0.0713359, , , , , , , 15.6091154, -0.027863, , , , , , , , , , , , , , , , , , , , , , , , , , , , 
15.6096346, 0.0827497, , , , , , , 15.6096346, -0.0092317, , , , , , , 15.6096346, 0.0908064, , , , , , , 15.6096346, -0.0224918, , , , , , , , , , , , , , , , , , , , , , , , , , , , 
15.6101538, 0.0924849, , , , , , , 15.6101538, 0.0345769, , , , , , , 15.6101538, 0.0970169, , , , , , , 15.6101538, -0.0139315, , , , , , , , , , , , , , , , , , , , , , , , , , , , 
15.6106731, 0.1022202, , , , , , , 15.6106731, 0.1032273, , , , , , , 15.6106731, 0.0897993, , , , , , , 15.6106731, -0.0028534, , , , , , , , , , , , , , , , , , , , , , , , , , , , 
15.6111923, 0.1099413, , , , , , , 15.6111923, 0.1435111, , , , , , , 15.6111923, 0.0777142, , , , , , , 15.6111923, 0.0073854, , , , , , , , , , , , , , , , , , , , , , , , , , , , 
15.6117115, 0.117998, , , , , , , 15.6117115, 0.163653, , , , , , , 15.6117115, 0.0663005, , , , , , , 15.6117115, 0.012253, , , , , , , , , , , , , , , , , , , , , , , , , , , , 
15.6122308, 0.1240406, , , , , , , 15.6122308, 0.2163577, , , , , , , 15.6122308, 0.0572366, , , , , , , 15.6122308, 0.0112459, , , , , , , , , , , , , , , , , , , , , , , , , , , , 
15.61275, 0.1238727, , , , , , , 15.61275, 0.2406958, , , , , , , 15.61275, 0.056733, , , , , , , 15.61275, 0.0052033, , , , , , , , , , , , , , , , , , , , , , , , , , , , 
15.6132692, 0.1232013, , , , , , , 15.6132692, 0.1821164, , , , , , , 15.6132692, 0.0743572, , , , , , , 15.6132692, -0.0005035, , , , , , , , , , , , , , , , , , , , , , , , , , , , 
15.6137885, 0.13579, , , , , , , 15.6137885, 0.079057, , , , , , , 15.6137885, 0.1012131, , , , , , , 15.6137885, -0.0038605, , , , , , , , , , , , , , , , , , , , , , , , , , , , 
15.6143077, 0.156939, , , , , , , 15.6143077, -0.0112459, , , , , , , 15.6143077, 0.1139696, , , , , , , 15.6143077, -0.0082246, , , , , , , , , , , , , , , , , , , , , , , , , , , , 
15.6148269, 0.1735561, , , , , , , 15.6148269, -0.0834211, , , , , , , 15.6148269, 0.0997024, , , , , , , 15.6148269, -0.0097353, , , , , , , , , , , , , , , , , , , , , , , , , , , , 
15.6153462, 0.1795987, , , , , , , 15.6153462, -0.149218, , , , , , , 15.6153462, 0.0706645, , , , , , , 15.6153462, -0.0082246, , , , , , , , , , , , , , , , , , , , , , , , , , , , 
15.6158654, 0.1777523, , , , , , , 15.6158654, -0.2036011, , , , , , , 15.6158654, 0.0441444, , , , , , , 15.6158654, -0.0072175, , , , , , , , , , , , , , , , , , , , , , , , , , , , 
15.6163846, 0.1713741, , , , , , , 15.6163846, -0.2116579, , , , , , , 15.6163846, 0.0199741, , , , , , , 15.6163846, -0.0058747, , , , , , , , , , , , , , , , , , , , , , , , , , , , 
15.6169038, 0.1616388, , , , , , , 15.6169038, -0.1760739, , , , , , , 15.6169038, -0.0130922, , , , , , , 15.6169038, -0.0015106, , , , , , , , , , , , , , , , , , , , , , , , , , , , 
15.6174231, 0.1473716, , , , , , , 15.6174231, -0.1404898, , , , , , , 15.6174231, -0.0538796, , , , , , , 15.6174231, 0.0031891, , , , , , , , , , , , , , , , , , , , , , , , , , , , 
15.6179423, 0.128069, , , , , , , 15.6179423, -0.1200122, , , , , , , 15.6179423, -0.0956741, , , , , , , 15.6179423, 0.0077211, , , , , , , , , , , , , , , , , , , , , , , , , , , , 
15.6184615, 0.10692, , , , , , , 15.6184615, -0.100206, , , , , , , 15.6184615, -0.1337758, , , , , , , 15.6184615, 0.0129244, , , , , , , , , , , , , , , , , , , , , , , , , , , , 
15.6189808, 0.0887922, , , , , , , 15.6189808, -0.0793927, , , , , , , 15.6189808, -0.1643244, , , , , , , 15.6189808, 0.0169528, , , , , , , , , , , , , , , , , , , , , , , , , , , , 
15.6195, 0.0762036, , , , , , , 15.6195, -0.0594186, , , , , , , 15.6195, -0.1841306, , , , , , , 15.6195, 0.0203098, , , , , , , , , , , , , , , , , , , , , , , , , , , , 
15.6200192, 0.0632792, , , , , , , 15.6200192, -0.0412909, , , , , , , 15.6200192, -0.1940337, , , , , , , 15.6200192, 0.0287022, , , , , , , , , , , , , , , , , , , , , , , , , , , , 
15.6205385, 0.0379339, , , , , , , 15.6205385, -0.036759, , , , , , , 15.6205385, -0.1918517, , , , , , , 15.6205385, 0.0377661, , , , , , , , , , , , , , , , , , , , , , , , , , , , 
15.6210577, 0.0085603, , , , , , , 15.6210577, -0.0337377, , , , , , , 15.6210577, -0.1790951, , , , , , , 15.6210577, 0.0438087, , , , , , , , , , , , , , , , , , , , , , , , , , , , 
15.6215769, -0.0146029, , , , , , , 15.6215769, -0.0219883, , , , , , , 15.6215769, -0.1633173, , , , , , , 15.6215769, 0.0486763, , , , , , , , , , , , , , , , , , , , , , , , , , , , 
15.6220962, -0.0327306, , , , , , , 15.6220962, -0.0179599, , , , , , , 15.6220962, -0.145861, , , , , , , 15.6220962, 0.0528725, , , , , , , , , , , , , , , , , , , , , , , , , , , , 
15.6226154, -0.0451514, , , , , , , 15.6226154, -0.0176242, , , , , , , 15.6226154, -0.1230335, , , , , , , 15.6226154, 0.0565652, , , , , , , , , , , , , , , , , , , , , , , , , , , , 
15.6231346, -0.0574044, , , , , , , 15.6231346, -0.0095674, , , , , , , 15.6231346, -0.0981918, , , , , , , 15.6231346, 0.0605936, , , , , , , , , , , , , , , , , , , , , , , , , , , , 
15.6236538, -0.0632792, , , , , , , 15.6236538, -0.0008392, , , , , , , 15.6236538, -0.0730144, , , , , , , 15.6236538, 0.0616007, , , , , , , , , , , , , , , , , , , , , , , , , , , , 
15.6241731, -0.0500191, , , , , , , 15.6241731, -0.0008392, , , , , , , 15.6241731, -0.0458228, , , , , , , 15.6241731, 0.0525368, , , , , , , , , , , , , , , , , , , , , , , , , , , , 
15.6246923, -0.0273594, , , , , , , 15.6246923, -0.0070497, , , , , , , 15.6246923, -0.0193027, , , , , , , 15.6246923, 0.0407874, , , , , , , , , , , , , , , , , , , , , , , , , , , , 
15.6252115, -0.0112459, , , , , , , 15.6252115, -0.0018463, , , , , , , 15.6252115, 0.0003357, , , , , , , 15.6252115, 0.0350805, , , , , , , , , , , , , , , , , , , , , , , , , , , , 
15.6257308, -0.002182, , , , , , , 15.6257308, 0.0486763, , , , , , , 15.6257308, 0.0112459, , , , , , , 15.6257308, 0.030045, , , , , , , , , , , , , , , , , , , , , , , , , , , , 
15.62625, 0.0075532, , , , , , , 15.62625, 0.1267262, , , , , , , 15.62625, 0.0164492, , , , , , , 15.62625, 0.0213169, , , , , , , , , , , , , , , , , , , , , , , , , , , , 
15.6267692, 0.023331, , , , , , , 15.6267692, 0.181445, , , , , , , 15.6267692, 0.0219883, , , , , , , 15.6267692, 0.012253, , , , , , , , , , , , , , , , , , , , , , , , , , , , 
15.6272885, 0.0379339, , , , , , , 15.6272885, 0.1851377, , , , , , , 15.6272885, 0.0270237, , , , , , , 15.6272885, 0.0031891, , , , , , , , , , , , , , , , , , , , , , , , , , , , 
15.6278077, 0.0417945, , , , , , , 15.6278077, 0.1747311, , , , , , , 15.6278077, 0.0305486, , , , , , , 15.6278077, -0.0035248, , , , , , , , , , , , , , , , , , , , , , , , , , , , 
15.6283269, 0.0448157, , , , , , , 15.6283269, 0.1952087, , , , , , , 15.6283269, 0.0381018, , , , , , , 15.6283269, -0.0097353, , , , , , , , , , , , , , , , , , , , , , , , , , , , 
15.6288462, 0.0522011, , , , , , , 15.6288462, 0.1911803, , , , , , , 15.6288462, 0.0495155, , , , , , , 15.6288462, -0.0152743, , , , , , , , , , , , , , , , , , , , , , , , , , , , 
15.6293654, 0.0602579, , , , , , , 15.6293654, 0.1136339, , , , , , , 15.6293654, 0.0587472, , , , , , , 15.6293654, -0.0166171, , , , , , , , , , , , , , , , , , , , , , , , , , , , 
15.6298846, 0.0636149, , , , , , , 15.6298846, -0.0018463, , , , , , , 15.6298846, 0.0609293, , , , , , , 15.6298846, -0.0164492, , , , , , , , , , , , , , , , , , , , , , , , , , , , 
15.6304038, 0.0649577, , , , , , , 15.6304038, -0.0837568, , , , , , , 15.6304038, 0.0565652, , , , , , , 15.6304038, -0.018967, , , , , , , , , , , , , , , , , , , , , , , , , , , , 
15.6309231, 0.0674754, , , , , , , 15.6309231, -0.1223621, , , , , , , 15.6309231, 0.0505226, , , , , , , 15.6309231, -0.0182956, , , , , , , , , , , , , , , , , , , , , , , , , , , , 
15.6314423, 0.0696574, , , , , , , 15.6314423, -0.1535821, , , , , , , 15.6314423, 0.0458228, , , , , , , 15.6314423, -0.0119173, , , , , , , , , , , , , , , , , , , , , , , , , , , , 
15.6319615, 0.0676432, , , , , , , 15.6319615, -0.1908446, , , , , , , 15.6319615, 0.0414588, , , , , , , 15.6319615, -0.0028534, , , , , , , , , , , , , , , , , , , , , , , , , , , , 
15.6324808, 0.0616007, , , , , , , 15.6324808, -0.2198825, , , , , , , 15.6324808, 0.036759, , , , , , , 15.6324808, 0.0023499, , , , , , , , , , , , , , , , , , , , , , , , , , , , 
15.633, 0.0558938, , , , , , , 15.633, -0.2391852, , , , , , , 15.633, 0.0307164, , , , , , , 15.633, 0.0005035, , , , , , , , , , , , , , , , , , , , , , , , , , , , 
15.6335192, 0.054551, , , , , , , 15.6335192, -0.2438849, , , , , , , 15.6335192, 0.023331, , , , , , , 15.6335192, -0.0075532, , , , , , , , , , , , , , , , , , , , , , , , , , , , 
15.6340385, 0.0602579, , , , , , , 15.6340385, -0.2230716, , , , , , , 15.6340385, 0.0216526, , , , , , , 15.6340385, -0.0172885, , , , , , , , , , , , , , , , , , , , , , , , , , , , 
15.6345577, 0.0736858, , , , , , , 15.6345577, -0.1811093, , , , , , , 15.6345577, 0.0226596, , , , , , , 15.6345577, -0.0238346, , , , , , , , , , , , , , , , , , , , , , , , , , , , 
15.6350769, 0.0891279, , , , , , , 15.6350769, -0.1238727, , , , , , , 15.6350769, 0.0234989, , , , , , , 15.6350769, -0.0265202, , , , , , , , , , , , , , , , , , , , , , , , , , , , 
15.6355962, 0.0985275, , , , , , , 15.6355962, -0.0552224, , , , , , , 15.6355962, 0.0198062, , , , , , , 15.6355962, -0.023331, , , , , , , , , , , , , , , , , , , , , , , , , , , , 
15.6361154, 0.0991989, , , , , , , 15.6361154, 0.0085603, , , , , , , 15.6361154, 0.0179599, , , , , , , 15.6361154, -0.0176242, , , , , , , , , , , , , , , , , , , , , , , , , , , , 
15.6366346, 0.093492, , , , , , , 15.6366346, 0.0720073, , , , , , , 15.6366346, 0.0181277, , , , , , , 15.6366346, -0.0070497, , , , , , , , , , , , , , , , , , , , , , , , , , , , 
15.6371538, 0.081239, , , , , , , 15.6371538, 0.1388113, , , , , , , 15.6371538, 0.0199741, , , , , , , 15.6371538, 0.0068818, , , , , , , , , , , , , , , , , , , , , , , , , , , , 
15.6376731, 0.063447, , , , , , , 15.6376731, 0.1696956, , , , , , , 15.6376731, 0.0213169, , , , , , , 15.6376731, 0.0206455, , , , , , , , , , , , , , , , , , , , , , , , , , , , 
15.6381923, 0.0428016, , , , , , , 15.6381923, 0.1535821, , , , , , , 15.6381923, 0.0226596, , , , , , , 15.6381923, 0.030045, , , , , , , , , , , , , , , , , , , , , , , , , , , , 
15.6387115, 0.0236667, , , , , , , 15.6387115, 0.1136339, , , , , , , 15.6387115, 0.0256809, , , , , , , 15.6387115, 0.0354162, , , , , , , , , , , , , , , , , , , , , , , , , , , , 
15.6392308, 0.0125887, , , , , , , 15.6392308, 0.051194, , , , , , , 15.6392308, 0.0256809, , , , , , , 15.6392308, 0.036759, , , , , , , , , , , , , , , , , , , , , , , , , , , , 
15.63975, 0.0048676, , , , , , , 15.63975, -0.0374304, , , , , , , 15.63975, 0.0240024, , , , , , , 15.63975, 0.0372625, , , , , , , , , , , , , , , , , , , , , , , , , , , , 
15.6402692, -0.0065461, , , , , , , 15.6402692, -0.1163195, , , , , , , 15.6402692, 0.0199741, , , , , , , 15.6402692, 0.0374304, , , , , , , , , , , , , , , , , , , , , , , , , , , , 
15.6407885, -0.0199741, , , , , , , 15.6407885, -0.1503929, , , , , , , 15.6407885, 0.0134279, , , , , , , 15.6407885, 0.0374304, , , , , , , , , , , , , , , , , , , , , , , , , , , , 
15.6413077, -0.0342412, , , , , , , 15.6413077, -0.1572747, , , , , , , 15.6413077, 0.0082246, , , , , , , 15.6413077, 0.0387732, , , , , , , , , , , , , , , , , , , , , , , , , , , , 
15.6418269, -0.0542153, , , , , , , 15.6418269, -0.1519036, , , , , , , 15.6418269, 0.0052033, , , , , , , 15.6418269, 0.0404517, , , , , , , , , , , , , , , , , , , , , , , , , , , , 
15.6423462, -0.0730144, , , , , , , 15.6423462, -0.1038987, , , , , , , 15.6423462, 0.0070497, , , , , , , 15.6423462, 0.0428016, , , , , , , , , , , , , , , , , , , , , , , , , , , , 
15.6428654, -0.082414, , , , , , , 15.6428654, 0.0016785, , , , , , , 15.6428654, 0.0105745, , , , , , , 15.6428654, 0.0459907, , , , , , , , , , , , , , , , , , , , , , , , , , , , 
15.6433846, -0.0830854, , , , , , , 15.6433846, 0.0820783, , , , , , , 15.6433846, 0.0099031, , , , , , , 15.6433846, 0.0461585, , , , , , , , , , , , , , , , , , , , , , , , , , , , 
15.6439038, -0.0817426, , , , , , , 15.6439038, 0.0730144, , , , , , , 15.6439038, 0.0028534, , , , , , , 15.6439038, 0.0419623, , , , , , , , , , , , , , , , , , , , , , , , , , , , 
15.6444231, -0.0694896, , , , , , , 15.6444231, 0.036759, , , , , , , 15.6444231, -0.0048676, , , , , , , 15.6444231, 0.0340734, , , , , , , , , , , , , , , , , , , , , , , , , , , , 
15.6449423, -0.051194, , , , , , , 15.6449423, 0.0159457, , , , , , , 15.6449423, -0.012253, , , , , , , 15.6449423, 0.0250095, , , , , , , , , , , , , , , , , , , , , , , , , , , , 
15.6454615, -0.0386053, , , , , , , 15.6454615, 0.002182, , , , , , , 15.6454615, -0.0216526, , , , , , , 15.6454615, 0.0191348, , , , , , , , , , , , , , , , , , , , , , , , , , , , 
15.6459808, -0.0320592, , , , , , , 15.6459808, -0.0015106, , , , , , , 15.6459808, -0.0283665, , , , , , , 15.6459808, 0.014435, , , , , , , , , , , , , , , , , , , , , , , , , , , , 
15.6465, -0.0231632, , , , , , , 15.6465, 0.0176242, , , , , , , 15.6465, -0.0297093, , , , , , , 15.6465, 0.0115816, , , , , , , , , , , , , , , , , , , , , , , , , , , , 
15.6470192, -0.0099031, , , , , , , 15.6470192, 0.0495155, , , , , , , 15.6470192, -0.0283665, , , , , , , 15.6470192, 0.0099031, , , , , , , , , , , , , , , , , , , , , , , , , , , , 
15.6475385, 0.0038605, , , , , , , 15.6475385, 0.0748608, , , , , , , 15.6475385, -0.0250095, , , , , , , 15.6475385, 0.0065461, , , , , , , , , , , , , , , , , , , , , , , , , , , , 
15.6480577, 0.0169528, , , , , , , 15.6480577, 0.0897993, , , , , , , 15.6480577, -0.0229953, , , , , , , 15.6480577, 0.0006714, , , , , , , , , , , , , , , , , , , , , , , , , , , , 
15.6485769, 0.0246738, , , , , , , 15.6485769, 0.0897993, , , , , , , 15.6485769, -0.0219883, , , , , , , 15.6485769, -0.0062104, , , , , , , , , , , , , , , , , , , , , , , , , , , , 
15.6490962, 0.0265202, , , , , , , 15.6490962, 0.0676432, , , , , , , 15.6490962, -0.0169528, , , , , , , 15.6490962, -0.0095674, , , , , , , , , , , , , , , , , , , , , , , , , , , , 
15.6496154, 0.0297093, , , , , , , 15.6496154, 0.0407874, , , , , , , 15.6496154, 0.0011749, , , , , , , 15.6496154, -0.011078, , , , , , , , , , , , , , , , , , , , , , , , , , , , 
15.6501346, 0.0340734, , , , , , , 15.6501346, 0.0240024, , , , , , , 15.6501346, 0.0307164, , , , , , , 15.6501346, -0.0135958, , , , , , , , , , , , , , , , , , , , , , , , , , , , 
15.6506538, 0.0318914, , , , , , , 15.6506538, 0.0025177, , , , , , , 15.6506538, 0.0560616, , , , , , , 15.6506538, -0.0169528, , , , , , , , , , , , , , , , , , , , , , , , , , , , 
15.6511731, 0.030045, , , , , , , 15.6511731, -0.0229953, , , , , , , 15.6511731, 0.0688182, , , , , , , 15.6511731, -0.01561, , , , , , , , , , , , , , , , , , , , , , , , , , , , 
15.6516923, 0.0386053, , , , , , , 15.6516923, -0.026688, , , , , , , 15.6516923, 0.0656291, , , , , , , 15.6516923, -0.0099031, , , , , , , , , , , , , , , , , , , , , , , , , , , , 
15.6522115, 0.0461585, , , , , , , 15.6522115, -0.012253, , , , , , , 15.6522115, 0.0508583, , , , , , , 15.6522115, -0.0035248, , , , , , , , , , , , , , , , , , , , , , , , , , , , 
15.6527308, 0.043473, , , , , , , 15.6527308, 0.0018463, , , , , , , 15.6527308, 0.0354162, , , , , , , 15.6527308, 0.0011749, , , , , , , , , , , , , , , , , , , , , , , , , , , , 
15.65325, 0.040116, , , , , , , 15.65325, 0.0219883, , , , , , , 15.65325, 0.0219883, , , , , , , 15.65325, 0.0035248, , , , , , , , , , , , , , , , , , , , , , , , , , , , 
15.6537692, 0.0448157, , , , , , , 15.6537692, 0.0753643, , , , , , , 15.6537692, 0.008896, , , , , , , 15.6537692, 0.0025177, , , , , , , , , , , , , , , , , , , , , , , , , , , , 
15.6542885, 0.0652934, , , , , , , 15.6542885, 0.1404898, , , , , , , 15.6542885, -0.0035248, , , , , , , 15.6542885, -0.0005035, , , , , , , , , , , , , , , , , , , , , , , , , , , , 
15.6548077, 0.0881209, , , , , , , 15.6548077, 0.199237, , , , , , , 15.6548077, -0.0213169, , , , , , , 15.6548077, -0.0005035, , , , , , , , , , , , , , , , , , , , , , , , , , , , 
15.6553269, 0.0985275, , , , , , , 15.6553269, 0.2391852, , , , , , , 15.6553269, -0.0500191, , , , , , , 15.6553269, -0.0016785, , , , , , , , , , , , , , , , , , , , , , , , , , , , 
15.6558462, 0.0978561, , , , , , , 15.6558462, 0.2277714, , , , , , , 15.6558462, -0.0850996, , , , , , , 15.6558462, -0.008896, , , , , , , , , , , , , , , , , , , , , , , , , , , , 
15.6563654, 0.096849, , , , , , , 15.6563654, 0.1690242, , , , , , , 15.6563654, -0.1153124, , , , , , , 15.6563654, -0.0149386, , , , , , , , , , , , , , , , , , , , , , , , , , , , 
15.6568846, 0.0919814, , , , , , , 15.6568846, 0.1138018, , , , , , , 15.6568846, -0.1317617, , , , , , , 15.6568846, -0.0162814, , , , , , , , , , , , , , , , , , , , , , , , , , , , 
15.6574038, 0.0834211, , , , , , , 15.6574038, 0.0730144, , , , , , , 15.6574038, -0.1364614, , , , , , , 15.6574038, -0.01561, , , , , , , , , , , , , , , , , , , , , , , , , , , , 
15.6579231, 0.072343, , , , , , , 15.6579231, 0.0273594, , , , , , , 15.6579231, -0.1327687, , , , , , , 15.6579231, -0.0097353, , , , , , , , , , , , , , , , , , , , , , , , , , , , 
15.6584423, 0.0582437, , , , , , , 15.6584423, -0.0525368, , , , , , , 15.6584423, -0.1257191, , , , , , , 15.6584423, -0.0001678, , , , , , , , , , , , , , , , , , , , , , , , , , , , 
15.6589615, 0.0417945, , , , , , , 15.6589615, -0.1606317, , , , , , , 15.6589615, -0.1173266, , , , , , , 15.6589615, 0.0092317, , , , , , , , , , , , , , , , , , , , , , , , , , , , 
15.6594808, 0.0218204, , , , , , , 15.6594808, -0.25832, , , , , , , 15.6594808, -0.1062486, , , , , , , 15.6594808, 0.0193027, , , , , , , , , , , , , , , , , , , , , , , , , , , , 
15.66, -0.0005035, , , , , , , 15.66, -0.3098497, , , , , , , 15.66, -0.0941634, , , , , , , 15.66, 0.0352483, , , , , , , , , , , , , , , , , , , , , , , , , , , , 
15.6605192, -0.0221561, , , , , , , 15.6605192, -0.2841688, , , , , , , 15.6605192, -0.0797284, , , , , , , 15.6605192, 0.0542153, , , , , , , , , , , , , , , , , , , , , , , , , , , , 
15.6610385, -0.0387732, , , , , , , 15.6610385, -0.2123293, , , , , , , 15.6610385, -0.061265, , , , , , , 15.6610385, 0.0669718, , , , , , , , , , , , , , , , , , , , , , , , , , , , 
15.6615577, -0.0518654, , , , , , , 15.6615577, -0.1586175, , , , , , , 15.6615577, -0.0454871, , , , , , , 15.6615577, 0.0730144, , , , , , , , , , , , , , , , , , , , , , , , , , , , 
15.6620769, -0.0636149, , , , , , , 15.6620769, -0.1250477, , , , , , , 15.6620769, -0.0364233, , , , , , , 15.6620769, 0.076875, , , , , , , , , , , , , , , , , , , , , , , , , , , , 
15.6625962, -0.0767071, , , , , , , 15.6625962, -0.1000381, , , , , , , 15.6625962, -0.0323949, , , , , , , 15.6625962, 0.0787213, , , , , , , , , , , , , , , , , , , , , , , , , , , , 
15.6631154, -0.0869459, , , , , , , 15.6631154, -0.0918135, , , , , , , 15.6631154, -0.0280308, , , , , , , 15.6631154, 0.0783856, , , , , , , , , , , , , , , , , , , , , , , , , , , , 
15.6636346, -0.0850996, , , , , , , 15.6636346, -0.0963455, , , , , , , 15.6636346, -0.0193027, , , , , , , 15.6636346, 0.0736858, , , , , , , , , , , , , , , , , , , , , , , , , , , , 
15.6641538, -0.0713359, , , , , , , 15.6641538, -0.0975204, , , , , , , 15.6641538, -0.0062104, , , , , , , 15.6641538, 0.0639506, , , , , , , , , , , , , , , , , , , , , , , , , , , , 
15.6646731, -0.0501869, , , , , , , 15.6646731, -0.0874495, , , , , , , 15.6646731, 0.0038605, , , , , , , 15.6646731, 0.0485084, , , , , , , , , , , , , , , , , , , , , , , , , , , , 
15.6651923, -0.0330663, , , , , , , 15.6651923, -0.0758679, , , , , , , 15.6651923, 0.0105745, , , , , , , 15.6651923, 0.0360876, , , , , , , , , , , , , , , , , , , , , , , , , , , , 
15.6657115, -0.0182956, , , , , , , 15.6657115, -0.0814069, , , , , , , 15.6657115, 0.0181277, , , , , , , 15.6657115, 0.0287022, , , , , , , , , , , , , , , , , , , , , , , , , , , , 
15.6662308, -0.0031891, , , , , , , 15.6662308, -0.0928206, , , , , , , 15.6662308, 0.0271916, , , , , , , 15.6662308, 0.0213169, , , , , , , , , , , , , , , , , , , , , , , , , , , , 
15.66675, 0.0052033, , , , , , , 15.66675, -0.0869459, , , , , , , 15.66675, 0.0446479, , , , , , , 15.66675, 0.0125887, , , , , , , , , , , , , , , , , , , , , , , , , , , , 
15.6672692, 0.0104067, , , , , , , 15.6672692, -0.0686503, , , , , , , 15.6672692, 0.0642863, , , , , , , 15.6672692, 0.002182, , , , , , , , , , , , , , , , , , , , , , , , , , , , 
15.6677885, 0.0179599, , , , , , , 15.6677885, -0.0404517, , , , , , , 15.6677885, 0.0676432, , , , , , , 15.6677885, -0.0090639, , , , , , , , , , , , , , , , , , , , , , , , , , , , 
15.6683077, 0.0199741, , , , , , , 15.6683077, -0.0162814, , , , , , , 15.6683077, 0.0595865, , , , , , , 15.6683077, -0.0176242, , , , , , , , , , , , , , , , , , , , , , , , , , , , 
15.6688269, 0.0206455, , , , , , , 15.6688269, -0.0011749, , , , , , , 15.6688269, 0.0595865, , , , , , , 15.6688269, -0.0243381, , , , , , , , , , , , , , , , , , , , , , , , , , , , 
15.6693462, 0.0251774, , , , , , , 15.6693462, 0.0498512, , , , , , , 15.6693462, 0.0582437, , , , , , , 15.6693462, -0.0310521, , , , , , , , , , , , , , , , , , , , , , , , , , , , 
15.6698654, 0.0313878, , , , , , , 15.6698654, 0.1270619, , , , , , , 15.6698654, 0.0475013, , , , , , , 15.6698654, -0.0374304, , , , , , , , , , , , , , , , , , , , , , , , , , , , 
15.6703846, 0.0394446, , , , , , , 15.6703846, 0.1743954, , , , , , , 15.6703846, 0.0354162, , , , , , , 15.6703846, -0.0407874, , , , , , , , , , , , , , , , , , , , , , , , , , , , 
15.6709038, 0.0426337, , , , , , , 15.6709038, 0.1784237, , , , , , , 15.6709038, 0.0287022, , , , , , , 15.6709038, -0.0451514, , , , , , , , , , , , , , , , , , , , , , , , , , , , 
15.6714231, 0.0414588, , , , , , , 15.6714231, 0.1529107, , , , , , , 15.6714231, 0.0224918, , , , , , , 15.6714231, -0.0475013, , , , , , , , , , , , , , , , , , , , , , , , , , , , 
15.6719423, 0.0476692, , , , , , , 15.6719423, 0.1205158, , , , , , , 15.6719423, 0.01561, , , , , , , 15.6719423, -0.047837, , , , , , , , , , , , , , , , , , , , , , , , , , , , 
15.6724615, 0.0569009, , , , , , , 15.6724615, 0.0837568, , , , , , , 15.6724615, 0.0092317, , , , , , , 15.6724615, -0.0458228, , , , , , , , , , , , , , , , , , , , , , , , , , , , 
15.6729808, 0.0609293, , , , , , , 15.6729808, 0.0229953, , , , , , , 15.6729808, -0.002182, , , , , , , 15.6729808, -0.043473, , , , , , , , , , , , , , , , , , , , , , , , , , , , 
15.6735, 0.0636149, , , , , , , 15.6735, -0.0229953, , , , , , , 15.6735, -0.0149386, , , , , , , 15.6735, -0.0428016, , , , , , , , , , , , , , , , , , , , , , , , , , , , 
15.6740192, 0.0715038, , , , , , , 15.6740192, -0.0238346, , , , , , , 15.6740192, -0.0256809, , , , , , , 15.6740192, -0.0471656, , , , , , , , , , , , , , , , , , , , , , , , , , , , 
15.6745385, 0.0840925, , , , , , , 15.6745385, -0.0179599, , , , , , , 15.6745385, -0.0323949, , , , , , , 15.6745385, -0.0522011, , , , , , , , , , , , , , , , , , , , , , , , , , , , 
15.6750577, 0.0896315, , , , , , , 15.6750577, -0.005539, , , , , , , 15.6750577, -0.0381018, , , , , , , 15.6750577, -0.0508583, , , , , , , , , , , , , , , , , , , , , , , , , , , , 
15.6755769, 0.0944991, , , , , , , 15.6755769, 0.0240024, , , , , , , 15.6755769, -0.0424659, , , , , , , 15.6755769, -0.0431373, , , , , , , , , , , , , , , , , , , , , , , , , , , , 
15.6760962, 0.0988632, , , , , , , 15.6760962, 0.0619364, , , , , , , 15.6760962, -0.0466621, , , , , , , 15.6760962, -0.0318914, , , , , , , , , , , , , , , , , , , , , , , , , , , , 
15.6766154, 0.1015488, , , , , , , 15.6766154, 0.0800641, , , , , , , 15.6766154, -0.0481727, , , , , , , 15.6766154, -0.0193027, , , , , , , , , , , , , , , , , , , , , , , , , , , , 
15.6771346, 0.100206, , , , , , , 15.6771346, 0.0572366, , , , , , , 15.6771346, -0.04448, , , , , , , 15.6771346, -0.0025177, , , , , , , , , , , , , , , , , , , , , , , , , , , , 
15.6776538, 0.0914778, , , , , , , 15.6776538, -0.0001678, , , , , , , 15.6776538, -0.0323949, , , , , , , 15.6776538, 0.0206455, , , , , , , , , , , , , , , , , , , , , , , , , , , , 
15.6781731, 0.0785534, , , , , , , 15.6781731, -0.0532082, , , , , , , 15.6781731, -0.0085603, , , , , , , 15.6781731, 0.0501869, , , , , , , , , , , , , , , , , , , , , , , , , , , , 
15.6786923, 0.0649577, , , , , , , 15.6786923, -0.0985275, , , , , , , 15.6786923, 0.0139315, , , , , , , 15.6786923, 0.0775463, , , , , , , , , , , , , , , , , , , , , , , , , , , , 
15.6792115, 0.0501869, , , , , , , 15.6792115, -0.1478752, , , , , , , 15.6792115, 0.0256809, , , , , , , 15.6792115, 0.0965133, , , , , , , , , , , , , , , , , , , , , , , , , , , , 
15.6797308, 0.0307164, , , , , , , 15.6797308, -0.1656672, , , , , , , 15.6797308, 0.030045, , , , , , , 15.6797308, 0.1116197, , , , , , , , , , , , , , , , , , , , , , , , , , , , 
15.68025, 0.0031891, , , , , , , 15.68025, -0.1398184, , , , , , , 15.68025, 0.036759, , , , , , , 15.68025, 0.1273976, , , , , , , , , , , , , , , , , , , , , , , , , , , , 
15.6807692, -0.0260166, , , , , , , 15.6807692, -0.1049058, , , , , , , 15.6807692, 0.0461585, , , , , , , 15.6807692, 0.1374685, , , , , , , , , , , , , , , , , , , , , , , , , , , , 
15.6812885, -0.0417945, , , , , , , 15.6812885, -0.0894636, , , , , , , 15.6812885, 0.0481727, , , , , , , 15.6812885, 0.1408255, , , , , , , , , , , , , , , , , , , , , , , , , , , , 
15.6818077, -0.0542153, , , , , , , 15.6818077, -0.0918135, , , , , , , 15.6818077, 0.0387732, , , , , , , 15.6818077, 0.1384756, , , , , , , , , , , , , , , , , , , , , , , , , , , , 
15.6823269, -0.0683146, , , , , , , 15.6823269, -0.0767071, , , , , , , 15.6823269, 0.0226596, , , , , , , 15.6823269, 0.1287404, , , , , , , , , , , , , , , , , , , , , , , , , , , , 
15.6828462, -0.0800641, , , , , , , 15.6828462, -0.0391089, , , , , , , 15.6828462, 0.0072175, , , , , , , 15.6828462, 0.1119554, , , , , , , , , , , , , , , , , , , , , , , , , , , , 
15.6833654, -0.0847639, , , , , , , 15.6833654, -0.0048676, , , , , , , 15.6833654, -0.0041962, , , , , , , 15.6833654, 0.0897993, , , , , , , , , , , , , , , , , , , , , , , , , , , , 
15.6838846, -0.0807355, , , , , , , 15.6838846, 0.0162814, , , , , , , 15.6838846, -0.0152743, , , , , , , 15.6838846, 0.0663005, , , , , , , , , , , , , , , , , , , , , , , , , , , , 
15.6844038, -0.0664683, , , , , , , 15.6844038, 0.0293736, , , , , , , 15.6844038, -0.0287022, , , , , , , 15.6844038, 0.0441444, , , , , , , , , , , , , , , , , , , , , , , , , , , , 
15.6849231, -0.0426337, , , , , , , 15.6849231, 0.0357519, , , , , , , 15.6849231, -0.0372625, , , , , , , 15.6849231, 0.0280308, , , , , , , , , , , , , , , , , , , , , , , , , , , , 
15.6854423, -0.0142672, , , , , , , 15.6854423, 0.0327306, , , , , , , 15.6854423, -0.0397803, , , , , , , 15.6854423, 0.0162814, , , , , , , , , , , , , , , , , , , , , , , , , , , , 
15.6859615, 0.0015106, , , , , , , 15.6859615, 0.0273594, , , , , , , 15.6859615, -0.0391089, , , , , , , 15.6859615, 0.0058747, , , , , , , , , , , , , , , , , , , , , , , , , , , , 
15.6864808, 0.0043641, , , , , , , 15.6864808, 0.0384375, , , , , , , 15.6864808, -0.0354162, , , , , , , 15.6864808, -0.0028534, , , , , , , , , , , , , , , , , , , , , , , , , , , , 
15.687, 0.0045319, , , , , , , 15.687, 0.0731823, , , , , , , 15.687, -0.0307164, , , , , , , 15.687, -0.0085603, , , , , , , , , , , , , , , , , , , , , , , , , , , , 
15.6875192, 0.0048676, , , , , , , 15.6875192, 0.0938277, , , , , , , 15.6875192, -0.0283665, , , , , , , 15.6875192, -0.0135958, , , , , , , , , , , , , , , , , , , , , , , , , , , , 
15.6880385, 0.0078889, , , , , , , 15.6880385, 0.0911421, , , , , , , 15.6880385, -0.026688, , , , , , , 15.6880385, -0.0172885, , , , , , , , , , , , , , , , , , , , , , , , , , , , 
15.6885577, 0.0162814, , , , , , , 15.6885577, 0.1070878, , , , , , , 15.6885577, -0.0243381, , , , , , , 15.6885577, -0.0199741, , , , , , , , , , , , , , , , , , , , , , , , , , , , 
15.6890769, 0.0280308, , , , , , , 15.6890769, 0.149218, , , , , , , 15.6890769, -0.0182956, , , , , , , 15.6890769, -0.018967, , , , , , , , , , , , , , , , , , , , , , , , , , , , 
15.6895962, 0.0347448, , , , , , , 15.6895962, 0.1760739, , , , , , , 15.6895962, -0.0127565, , , , , , , 15.6895962, -0.0154421, , , , , , , , , , , , , , , , , , , , , , , , , , , , 
15.6901154, 0.0332341, , , , , , , 15.6901154, 0.1361257, , , , , , , 15.6901154, -0.0099031, , , , , , , 15.6901154, -0.012253, , , , , , , , , , , , , , , , , , , , , , , , , , , , 
15.6906346, 0.0298772, , , , , , , 15.6906346, 0.0535439, , , , , , , 15.6906346, -0.0065461, , , , , , , 15.6906346, -0.0102388, , , , , , , , , , , , , , , , , , , , , , , , , , , , 
15.6911538, 0.0293736, , , , , , , 15.6911538, -0.0132601, , , , , , , 15.6911538, -0.0015106, , , , , , , 15.6911538, -0.0045319, , , , , , , , , , , , , , , , , , , , , , , , , , , , 
15.6916731, 0.0292058, , , , , , , 15.6916731, -0.0446479, , , , , , , 15.6916731, 0.0025177, , , , , , , 15.6916731, 0.0008392, , , , , , , , , , , , , , , , , , , , , , , , , , , , 
15.6921923, 0.0216526, , , , , , , 15.6921923, -0.0513619, , , , , , , 15.6921923, 0.0035248, , , , , , , 15.6921923, 0.0038605, , , , , , , , , , , , , , , , , , , , , , , , , , , , 
15.6927115, 0.012253, , , , , , , 15.6927115, -0.0585794, , , , , , , 15.6927115, 0.0028534, , , , , , , 15.6927115, 0.0018463, , , , , , , , , , , , , , , , , , , , , , , , , , , , 
15.6932308, 0.0109102, , , , , , , 15.6932308, -0.0797284, , , , , , , 15.6932308, -0.0005035, , , , , , , 15.6932308, -0.0038605, , , , , , , , , , , , , , , , , , , , , , , , , , , , 
15.69375, 0.0186313, , , , , , , 15.69375, -0.0995346, , , , , , , 15.69375, -0.0010071, , , , , , , 15.69375, -0.0129244, , , , , , , , , , , , , , , , , , , , , , , , , , , , 
15.6942692, 0.0340734, , , , , , , 15.6942692, -0.0971847, , , , , , , 15.6942692, 0.0025177, , , , , , , 15.6942692, -0.0236667, , , , , , , , , , , , , , , , , , , , , , , , , , , , 
15.6947885, 0.0525368, , , , , , , 15.6947885, -0.085771, , , , , , , 15.6947885, 0.0050355, , , , , , , 15.6947885, -0.0290379, , , , , , , , , , , , , , , , , , , , , , , , , , , , 
15.6953077, 0.0569009, , , , , , , 15.6953077, -0.0884565, , , , , , , 15.6953077, 0.0038605, , , , , , , 15.6953077, -0.0303807, , , , , , , , , , , , , , , , , , , , , , , , , , , , 
15.6958269, 0.0525368, , , , , , , 15.6958269, -0.0866102, , , , , , , 15.6958269, 0.0041962, , , , , , , 15.6958269, -0.0298772, , , , , , , , , , , , , , , , , , , , , , , , , , , , 
15.6963462, 0.0522011, , , , , , , 15.6963462, -0.0636149, , , , , , , 15.6963462, 0.008896, , , , , , , 15.6963462, -0.0310521, , , , , , , , , , , , , , , , , , , , , , , , , , , , 
15.6968654, 0.0558938, , , , , , , 15.6968654, -0.0290379, , , , , , , 15.6968654, 0.0117494, , , , , , , 15.6968654, -0.0330663, , , , , , , , , , , , , , , , , , , , , , , , , , , , 
15.6973846, 0.057908, , , , , , , 15.6973846, 0.0058747, , , , , , , 15.6973846, 0.0092317, , , , , , , 15.6973846, -0.0317235, , , , , , , , , , , , , , , , , , , , , , , , , , , , 
15.6979038, 0.0558938, , , , , , , 15.6979038, 0.0186313, , , , , , , 15.6979038, 0.0048676, , , , , , , 15.6979038, -0.0256809, , , , , , , , , , , , , , , , , , , , , , , , , , , , 
15.6984231, 0.0488441, , , , , , , 15.6984231, 0.0082246, , , , , , , 15.6984231, 0.0038605, , , , , , , 15.6984231, -0.0172885, , , , , , , , , , , , , , , , , , , , , , , , , , , , 
15.6989423, 0.0392767, , , , , , , 15.6989423, -0.0068818, , , , , , , 15.6989423, 0.0028534, , , , , , , 15.6989423, -0.0105745, , , , , , , , , , , , , , , , , , , , , , , , , , , , 
15.6994615, 0.0290379, , , , , , , 15.6994615, -0.0288701, , , , , , , 15.6994615, -0.0028534, , , , , , , 15.6994615, -0.0057069, , , , , , , , , , , , , , , , , , , , , , , , , , , , 
15.6999808, 0.0119173, , , , , , , 15.6999808, -0.0525368, , , , , , , 15.6999808, -0.008896, , , , , , , 15.6999808, 0.0025177, , , , , , , , , , , , , , , , , , , , , , , , , , , , 
15.7005, -0.0068818, , , , , , , 15.7005, -0.0560616, , , , , , , 15.7005, -0.0109102, , , , , , , 15.7005, 0.0186313, , , , , , , , , , , , , , , , , , , , , , , , , , , , 
15.7010192, -0.0250095, , , , , , , 15.7010192, -0.051194, , , , , , , 15.7010192, -0.0058747, , , , , , , 15.7010192, 0.0357519, , , , , , , , , , , , , , , , , , , , , , , , , , , , 
15.7015385, -0.0394446, , , , , , , 15.7015385, -0.0501869, , , , , , , 15.7015385, 0.0038605, , , , , , , 15.7015385, 0.0475013, , , , , , , , , , , , , , , , , , , , , , , , , , , , 
15.7020577, -0.0485084, , , , , , , 15.7020577, -0.0344091, , , , , , , 15.7020577, 0.0105745, , , , , , , 15.7020577, 0.051194, , , , , , , , , , , , , , , , , , , , , , , , , , , , 
15.7025769, -0.0528725, , , , , , , 15.7025769, 0.0172885, , , , , , , 15.7025769, 0.0095674, , , , , , , 15.7025769, 0.0548867, , , , , , , , , , , , , , , , , , , , , , , , , , , , 
15.7030962, -0.0569009, , , , , , , 15.7030962, 0.0760357, , , , , , , 15.7030962, 0.0078889, , , , , , , 15.7030962, 0.0599222, , , , , , , , , , , , , , , , , , , , , , , , , , , , 
15.7036154, -0.057908, , , , , , , 15.7036154, 0.0674754, , , , , , , 15.7036154, 0.0119173, , , , , , , 15.7036154, 0.0622721, , , , , , , , , , , , , , , , , , , , , , , , , , , , 
15.7041346, -0.0505226, , , , , , , 15.7041346, -0.0075532, , , , , , , 15.7041346, 0.0109102, , , , , , , 15.7041346, 0.0574044, , , , , , , , , , , , , , , , , , , , , , , , , , , , 
15.7046538, -0.0377661, , , , , , , 15.7046538, -0.082414, , , , , , , 15.7046538, 0.0015106, , , , , , , 15.7046538, 0.0468299, , , , , , , , , , , , , , , , , , , , , , , , , , , , 
15.7051731, -0.0256809, , , , , , , 15.7051731, -0.1097734, , , , , , , 15.7051731, -0.0099031, , , , , , , 15.7051731, 0.036759, , , , , , , , , , , , , , , , , , , , , , , , , , , , 
15.7056923, -0.0162814, , , , , , , 15.7056923, -0.0861067, , , , , , , 15.7056923, -0.0196384, , , , , , , 15.7056923, 0.0280308, , , , , , , , , , , , , , , , , , , , , , , , , , , , 
15.7062115, -0.0085603, , , , , , , 15.7062115, -0.0542153, , , , , , , 15.7062115, -0.0216526, , , , , , , 15.7062115, 0.0196384, , , , , , , , , , , , , , , , , , , , , , , , , , , , 
15.7067308, -0.0046998, , , , , , , 15.7067308, -0.0468299, , , , , , , 15.7067308, -0.0182956, , , , , , , 15.7067308, 0.0135958, , , , , , , , , , , , , , , , , , , , , , , , , , , , 
15.70725, -0.0015106, , , , , , , 15.70725, -0.0552224, , , , , , , 15.70725, -0.018967, , , , , , , 15.70725, 0.008896, , , , , , , , , , , , , , , , , , , , , , , , , , , , 
15.7077692, -0.0011749, , , , , , , 15.7077692, -0.0431373, , , , , , , 15.7077692, -0.0186313, , , , , , , 15.7077692, 0.0045319, , , , , , , , , , , , , , , , , , , , , , , , , , , , 
15.7082885, 0.002182, , , , , , , 15.7082885, -0.0102388, , , , , , , 15.7082885, -0.0035248, , , , , , , 15.7082885, -0.0028534, , , , , , , , , , , , , , , , , , , , , , , , , , , , 
15.7088077, 0.0099031, , , , , , , 15.7088077, 0.0060426, , , , , , , 15.7088077, 0.0206455, , , , , , , 15.7088077, -0.0095674, , , , , , , , , , , , , , , , , , , , , , , , , , , , 
15.7093269, 0.0199741, , , , , , , 15.7093269, 0.0048676, , , , , , , 15.7093269, 0.0354162, , , , , , , 15.7093269, -0.0082246, , , , , , , , , , , , , , , , , , , , , , , , , , , , 
15.7098462, 0.0287022, , , , , , , 15.7098462, 0.0250095, , , , , , , 15.7098462, 0.0360876, , , , , , , 15.7098462, -0.0046998, , , , , , , , , , , , , , , , , , , , , , , , , , , , 
15.7103654, 0.0350805, , , , , , , 15.7103654, 0.0676432, , , , , , , 15.7103654, 0.0288701, , , , , , , 15.7103654, -0.0048676, , , , , , , , , , , , , , , , , , , , , , , , , , , , 
15.7108846, 0.0360876, , , , , , , 15.7108846, 0.1084306, , , , , , , 15.7108846, 0.0172885, , , , , , , 15.7108846, -0.0048676, , , , , , , , , , , , , , , , , , , , , , , , , , , , 
15.7114038, 0.0417945, , , , , , , 15.7114038, 0.1413291, , , , , , , 15.7114038, 0.0028534, , , , , , , 15.7114038, -0.0035248, , , , , , , , , , , , , , , , , , , , , , , , , , , , 
15.7119231, 0.0525368, , , , , , , 15.7119231, 0.1789273, , , , , , , 15.7119231, -0.0142672, , , , , , , 15.7119231, -0.0015106, , , , , , , , , , , , , , , , , , , , , , , , , , , , 
15.7124423, 0.0575723, , , , , , , 15.7124423, 0.1975586, , , , , , , 15.7124423, -0.0323949, , , , , , , 15.7124423, 0.0001678, , , , , , , , , , , , , , , , , , , , , , , , , , , , 
15.7129615, 0.0619364, , , , , , , 15.7129615, 0.1559319, , , , , , , 15.7129615, -0.0485084, , , , , , , 15.7129615, 0.0035248, , , , , , , , , , , , , , , , , , , , , , , , , , , , 
15.7134808, 0.0669718, , , , , , , 15.7134808, 0.0787213, , , , , , , 15.7134808, -0.0592508, , , , , , , 15.7134808, 0.0031891, , , , , , , , , , , , , , , , , , , , , , , , , , , , 
15.714, 0.0763714, , , , , , , 15.714, 0.0095674, , , , , , , 15.714, -0.0535439, , , , , , , 15.714, -0.005539, , , , , , , , , , , , , , , , , , , , , , , , , , , , 
15.7145192, 0.0911421, , , , , , , 15.7145192, -0.0370947, , , , , , , 15.7145192, -0.0424659, , , , , , , 15.7145192, -0.0182956, , , , , , , , , , , , , , , , , , , , , , , , , , , , 
15.7150385, 0.1032273, , , , , , , 15.7150385, -0.0498512, , , , , , , 15.7150385, -0.0471656, , , , , , , 15.7150385, -0.0256809, , , , , , , , , , , , , , , , , , , , , , , , , , , , 
15.7155577, 0.1075914, , , , , , , 15.7155577, -0.0307164, , , , , , , 15.7155577, -0.0592508, , , , , , , 15.7155577, -0.0263523, , , , , , , , , , , , , , , , , , , , , , , , , , , , 
15.7160769, 0.105745, , , , , , , 15.7160769, 0.0152743, , , , , , , 15.7160769, -0.0636149, , , , , , , 15.7160769, -0.0263523, , , , , , , , , , , , , , , , , , , , , , , , , , , , 
15.7165962, 0.103563, , , , , , , 15.7165962, 0.0741894, , , , , , , 15.7165962, -0.0686503, , , , , , , 15.7165962, -0.0293736, , , , , , , , , , , , , , , , , , , , , , , , , , , , 
15.7171154, 0.0958419, , , , , , , 15.7171154, 0.10692, , , , , , , 15.7171154, -0.0726787, , , , , , , 15.7171154, -0.0313878, , , , , , , , , , , , , , , , , , , , , , , , , , , , 
15.7176346, 0.0807355, , , , , , , 15.7176346, 0.0815747, , , , , , , 15.7176346, -0.0706645, , , , , , , 15.7176346, -0.0256809, , , , , , , , , , , , , , , , , , , , , , , , , , , , 
15.7181538, 0.0642863, , , , , , , 15.7181538, 0.0560616, , , , , , , 15.7181538, -0.0649577, , , , , , , 15.7181538, -0.0166171, , , , , , , , , , , , , , , , , , , , , , , , , , , , 
15.7186731, 0.0495155, , , , , , , 15.7186731, 0.0656291, , , , , , , 15.7186731, -0.0602579, , , , , , , 15.7186731, -0.0078889, , , , , , , , , , , , , , , , , , , , , , , , , , , , 
15.7191923, 0.0374304, , , , , , , 15.7191923, 0.0652934, , , , , , , 15.7191923, -0.0555581, , , , , , , 15.7191923, 0.0018463, , , , , , , , , , , , , , , , , , , , , , , , , , , , 
15.7197115, 0.0325628, , , , , , , 15.7197115, 0.0552224, , , , , , , 15.7197115, -0.0510262, , , , , , , 15.7197115, 0.0130922, , , , , , , , , , , , , , , , , , , , , , , , , , , , 
15.7202308, 0.0213169, , , , , , , 15.7202308, 0.0622721, , , , , , , 15.7202308, -0.0448157, , , , , , , 15.7202308, 0.0238346, , , , , , , , , , , , , , , , , , , , , , , , , , , , 
15.72075, -0.0041962, , , , , , , 15.72075, 0.0693217, , , , , , , 15.72075, -0.0364233, , , , , , , 15.72075, 0.0360876, , , , , , , , , , , , , , , , , , , , , , , , , , , , 
15.7212692, -0.0273594, , , , , , , 15.7212692, 0.043473, , , , , , , 15.7212692, -0.0231632, , , , , , , 15.7212692, 0.0498512, , , , , , , , , , , , , , , , , , , , , , , , , , , , 
15.7217885, -0.0431373, , , , , , , 15.7217885, -0.0290379, , , , , , , 15.7217885, -0.0068818, , , , , , , 15.7217885, 0.0599222, , , , , , , , , , , , , , , , , , , , , , , , , , , , 
15.7223077, -0.0622721, , , , , , , 15.7223077, -0.1163195, , , , , , , 15.7223077, 0.0045319, , , , , , , 15.7223077, 0.0636149, , , , , , , , , , , , , , , , , , , , , , , , , , , , 
15.7228269, -0.0847639, , , , , , , 15.7228269, -0.1676814, , , , , , , 15.7228269, 0.0099031, , , , , , , 15.7228269, 0.0639506, , , , , , , , , , , , , , , , , , , , , , , , , , , , 
15.7233462, -0.0981918, , , , , , , 15.7233462, -0.1696956, , , , , , , 15.7233462, 0.0127565, , , , , , , 15.7233462, 0.0622721, , , , , , , , , , , , , , , , , , , , , , , , , , , , 
15.7238654, -0.0923171, , , , , , , 15.7238654, -0.1633173, , , , , , , 15.7238654, 0.0139315, , , , , , , 15.7238654, 0.0562295, , , , , , , , , , , , , , , , , , , , , , , , , , , , 
15.7243846, -0.0740215, , , , , , , 15.7243846, -0.1895018, , , , , , , 15.7243846, 0.0129244, , , , , , , 15.7243846, 0.043473, , , , , , , , , , , , , , , , , , , , , , , , , , , , 
15.7249038, -0.056733, , , , , , , 15.7249038, -0.2009155, , , , , , , 15.7249038, 0.0092317, , , , , , , 15.7249038, 0.0287022, , , , , , , , , , , , , , , , , , , , , , , , , , , , 
15.7254231, -0.0451514, , , , , , , 15.7254231, -0.1646601, , , , , , , 15.7254231, 0.0070497, , , , , , , 15.7254231, 0.0199741, , , , , , , , , , , , , , , , , , , , , , , , , , , , 
15.7259423, -0.0364233, , , , , , , 15.7259423, -0.1451896, , , , , , , 15.7259423, 0.0052033, , , , , , , 15.7259423, 0.0166171, , , , , , , , , , , , , , , , , , , , , , , , , , , , 
15.7264615, -0.0290379, , , , , , , 15.7264615, -0.1549248, , , , , , , 15.7264615, 0.0023499, , , , , , , 15.7264615, 0.0172885, , , , , , , , , , , , , , , , , , , , , , , , , , , , 
15.7269808, -0.0260166, , , , , , , 15.7269808, -0.142504, , , , , , , 15.7269808, -0.0005035, , , , , , , 15.7269808, 0.0219883, , , , , , , , , , , , , , , , , , , , , , , , , , , , 
15.7275, -0.0206455, , , , , , , 15.7275, -0.1044022, , , , , , , 15.7275, -0.0008392, , , , , , , 15.7275, 0.030045, , , , , , , , , , , , , , , , , , , , , , , , , , , , 
15.7280192, -0.0102388, , , , , , , 15.7280192, -0.0706645, , , , , , , 15.7280192, -0.002182, , , , , , , 15.7280192, 0.0399481, , , , , , , , , , , , , , , , , , , , , , , , , , , , 
15.7285385, 0.0018463, , , , , , , 15.7285385, -0.0676432, , , , , , , 15.7285385, -0.0062104, , , , , , , 15.7285385, 0.0501869, , , , , , , , , , , , , , , , , , , , , , , , , , , , 
15.7290577, 0.0119173, , , , , , , 15.7290577, -0.0867781, , , , , , , 15.7290577, -0.0075532, , , , , , , 15.7290577, 0.0602579, , , , , , , , , , , , , , , , , , , , , , , , , , , , 
15.7295769, 0.0199741, , , , , , , 15.7295769, -0.0783856, , , , , , , 15.7295769, -0.0028534, , , , , , , 15.7295769, 0.0663005, , , , , , , , , , , , , , , , , , , , , , , , , , , , 
15.7300962, 0.0223239, , , , , , , 15.7300962, 0.0166171, , , , , , , 15.7300962, 0.0062104, , , , , , , 15.7300962, 0.0589151, , , , , , , , , , , , , , , , , , , , , , , , , , , , 
15.7306154, 0.0191348, , , , , , , 15.7306154, 0.1467002, , , , , , , 15.7306154, 0.0172885, , , , , , , 15.7306154, 0.0454871, , , , , , , , , , , , , , , , , , , , , , , , , , , , 
15.7311346, 0.0166171, , , , , , , 15.7311346, 0.1824521, , , , , , , 15.7311346, 0.0317235, , , , , , , 15.7311346, 0.0357519, , , , , , , , , , , , , , , , , , , , , , , , , , , , 
15.7316538, 0.0146029, , , , , , , 15.7316538, 0.1106126, , , , , , , 15.7316538, 0.0481727, , , , , , , 15.7316538, 0.0276951, , , , , , , , , , , , , , , , , , , , , , , , , , , , 
15.7321731, 0.0092317, , , , , , , 15.7321731, 0.0176242, , , , , , , 15.7321731, 0.0661326, , , , , , , 15.7321731, 0.0213169, , , , , , , , , , , , , , , , , , , , , , , , , , , , 
15.7326923, 0.005539, , , , , , , 15.7326923, -0.0605936, , , , , , , 15.7326923, 0.0807355, , , , , , , 15.7326923, 0.0179599, , , , , , , , , , , , , , , , , , , , , , , , , , , , 
15.7332115, 0.0082246, , , , , , , 15.7332115, -0.1206836, , , , , , , 15.7332115, 0.0864424, , , , , , , 15.7332115, 0.0095674, , , , , , , , , , , , , , , , , , , , , , , , , , , , 
15.7337308, 0.0196384, , , , , , , 15.7337308, -0.1512322, , , , , , , 15.7337308, 0.0871138, , , , , , , 15.7337308, -0.0058747, , , , , , , , , , , , , , , , , , , , , , , , , , , , 
15.73425, 0.0407874, , , , , , , 15.73425, -0.1431754, , , , , , , 15.73425, 0.090135, , , , , , , 15.73425, -0.0229953, , , , , , , , , , , , , , , , , , , , , , , , , , , , 
15.7347692, 0.0627756, , , , , , , 15.7347692, -0.0924849, , , , , , , 15.7347692, 0.093492, , , , , , , 15.7347692, -0.0340734, , , , , , , , , , , , , , , , , , , , , , , , , , , , 
15.7352885, 0.0780499, , , , , , , 15.7352885, -0.0206455, , , , , , , 15.7352885, 0.0909743, , , , , , , 15.7352885, -0.0439765, , , , , , , , , , , , , , , , , , , , , , , , , , , , 
15.7358077, 0.0803998, , , , , , , 15.7358077, 0.0310521, , , , , , , 15.7358077, 0.0706645, , , , , , , 15.7358077, -0.0528725, , , , , , , , , , , , , , , , , , , , , , , , , , , , 
15.7363269, 0.0757, , , , , , , 15.7363269, 0.0372625, , , , , , , 15.7363269, 0.0253452, , , , , , , 15.7363269, -0.0582437, , , , , , , , , , , , , , , , , , , , , , , , , , , , 
15.7368462, 0.0716716, , , , , , , 15.7368462, 0.0377661, , , , , , , 15.7368462, -0.0276951, , , , , , , 15.7368462, -0.0592508, , , , , , , , , , , , , , , , , , , , , , , , , , , , 
15.7373654, 0.0683146, , , , , , , 15.7373654, 0.0471656, , , , , , , 15.7373654, -0.0710002, , , , , , , 15.7373654, -0.0552224, , , , , , , , , , , , , , , , , , , , , , , , , , , , 
15.7378846, 0.0609293, , , , , , , 15.7378846, 0.0414588, , , , , , , 15.7378846, -0.0971847, , , , , , , 15.7378846, -0.0441444, , , , , , , , , , , , , , , , , , , , , , , , , , , , 
15.7384038, 0.0475013, , , , , , , 15.7384038, 0.0323949, , , , , , , 15.7384038, -0.1042344, , , , , , , 15.7384038, -0.0337377, , , , , , , , , , , , , , , , , , , , , , , , , , , , 
15.7389231, 0.0317235, , , , , , , 15.7389231, 0.0404517, , , , , , , 15.7389231, -0.0995346, , , , , , , 15.7389231, -0.0270237, , , , , , , , , , , , , , , , , , , , , , , , , , , , 
15.7394423, 0.0169528, , , , , , , 15.7394423, 0.0421302, , , , , , , 15.7394423, -0.0889601, , , , , , , 15.7394423, -0.0179599, , , , , , , , , , , , , , , , , , , , , , , , , , , , 
15.7399615, 0.0041962, , , , , , , 15.7399615, 0.0270237, , , , , , , 15.7399615, -0.0800641, , , , , , , 15.7399615, -0.0035248, , , , , , , , , , , , , , , , , , , , , , , , , , , , 
15.7404808, -0.0058747, , , , , , , 15.7404808, 0.0261845, , , , , , , 15.7404808, -0.0783856, , , , , , , 15.7404808, 0.0119173, , , , , , , , , , , , , , , , , , , , , , , , , , , , 
15.741, -0.0162814, , , , , , , 15.741, 0.0522011, , , , , , , 15.741, -0.0810712, , , , , , , 15.741, 0.0219883, , , , , , , , , , , , , , , , , , , , , , , , , , , , 
15.7415192, -0.0313878, , , , , , , 15.7415192, 0.0809033, , , , , , , 15.7415192, -0.0877852, , , , , , , 15.7415192, 0.0318914, , , , , , , , , , , , , , , , , , , , , , , , , , , , 
15.7420385, -0.0471656, , , , , , , 15.7420385, 0.0740215, , , , , , , 15.7420385, -0.0928206, , , , , , , 15.7420385, 0.0381018, , , , , , , , , , , , , , , , , , , , , , , , , , , , 
15.7425577, -0.0605936, , , , , , , 15.7425577, 0.0152743, , , , , , , 15.7425577, -0.0914778, , , , , , , 15.7425577, 0.0396124, , , , , , , , , , , , , , , , , , , , , , , , , , , , 
15.7430769, -0.0718395, , , , , , , 15.7430769, -0.064622, , , , , , , 15.7430769, -0.0881209, , , , , , , 15.7430769, 0.0424659, , , , , , , , , , , , , , , , , , , , , , , , , , , , 
15.7435962, -0.0750286, , , , , , , 15.7435962, -0.1196765, , , , , , , 15.7435962, -0.0797284, , , , , , , 15.7435962, 0.0461585, , , , , , , , , , , , , , , , , , , , , , , , , , , , 
15.7441154, -0.0673075, , , , , , , 15.7441154, -0.1426719, , , , , , , 15.7441154, -0.0626078, , , , , , , 15.7441154, 0.04448, , , , , , , , , , , , , , , , , , , , , , , , , , , , 
15.7446346, -0.0535439, , , , , , , 15.7446346, -0.1473716, , , , , , , 15.7446346, -0.0397803, , , , , , , 15.7446346, 0.0397803, , , , , , , , , , , , , , , , , , , , , , , , , , , , 
15.7451538, -0.0428016, , , , , , , 15.7451538, -0.1332723, , , , , , , 15.7451538, -0.0219883, , , , , , , 15.7451538, 0.0381018, , , , , , , , , , , , , , , , , , , , , , , , , , , , 
15.7456731, -0.0337377, , , , , , , 15.7456731, -0.0958419, , , , , , , 15.7456731, -0.0102388, , , , , , , 15.7456731, 0.0392767, , , , , , , , , , , , , , , , , , , , , , , , , , , , 
15.7461923, -0.0283665, , , , , , , 15.7461923, -0.0533761, , , , , , , 15.7461923, 0.0028534, , , , , , , 15.7461923, 0.0417945, , , , , , , , , , , , , , , , , , , , , , , , , , , , 
15.7467115, -0.0240024, , , , , , , 15.7467115, -0.0176242, , , , , , , 15.7467115, 0.0186313, , , , , , , 15.7467115, 0.0458228, , , , , , , , , , , , , , , , , , , , , , , , , , , , 
15.7472308, -0.0198062, , , , , , , 15.7472308, 0.0199741, , , , , , , 15.7472308, 0.0280308, , , , , , , 15.7472308, 0.0448157, , , , , , , , , , , , , , , , , , , , , , , , , , , , 
15.74775, -0.0199741, , , , , , , 15.74775, 0.0412909, , , , , , , 15.74775, 0.0354162, , , , , , , 15.74775, 0.036759, , , , , , , , , , , , , , , , , , , , , , , , , , , , 
15.7482692, -0.0159457, , , , , , , 15.7482692, 0.026688, , , , , , , 15.7482692, 0.0528725, , , , , , , 15.7482692, 0.0273594, , , , , , , , , , , , , , , , , , , , , , , , , , , , 
15.7487885, -0.0045319, , , , , , , 15.7487885, 0.0115816, , , , , , , 15.7487885, 0.0827497, , , , , , , 15.7487885, 0.0199741, , , , , , , , , , , , , , , , , , , , , , , , , , , , 
15.7493077, 0.0078889, , , , , , , 15.7493077, 0.0283665, , , , , , , 15.7493077, 0.1032273, , , , , , , 15.7493077, 0.0157778, , , , , , , , , , , , , , , , , , , , , , , , , , , , 
15.7498269, 0.0226596, , , , , , , 15.7498269, 0.0555581, , , , , , , 15.7498269, 0.096849, , , , , , , 15.7498269, 0.0119173, , , , , , , , , , , , , , , , , , , , , , , , , , , , 
15.7503462, 0.0317235, , , , , , , 15.7503462, 0.0656291, , , , , , , 15.7503462, 0.0755322, , , , , , , 15.7503462, 0.0045319, , , , , , , , , , , , , , , , , , , , , , , , , , , , 
15.7508654, 0.0350805, , , , , , , 15.7508654, 0.0683146, , , , , , , 15.7508654, 0.0639506, , , , , , , 15.7508654, -0.0041962, , , , , , , , , , , , , , , , , , , , , , , , , , , , 
15.7513846, 0.0354162, , , , , , , 15.7513846, 0.0780499, , , , , , , 15.7513846, 0.0663005, , , , , , , 15.7513846, -0.008896, , , , , , , , , , , , , , , , , , , , , , , , , , , , 
15.7519038, 0.0344091, , , , , , , 15.7519038, 0.0683146, , , , , , , 15.7519038, 0.0661326, , , , , , , 15.7519038, -0.0090639, , , , , , , , , , , , , , , , , , , , , , , , , , , , 
15.7524231, 0.0364233, , , , , , , 15.7524231, 0.066804, , , , , , , 15.7524231, 0.051194, , , , , , , 15.7524231, -0.0070497, , , , , , , , , , , , , , , , , , , , , , , , , , , , 
15.7529423, 0.0448157, , , , , , , 15.7529423, 0.1223621, , , , , , , 15.7529423, 0.0251774, , , , , , , 15.7529423, -0.003357, , , , , , , , , , , , , , , , , , , , , , , , , , , , 
15.7534615, 0.0535439, , , , , , , 15.7534615, 0.2049439, , , , , , , 15.7534615, -0.0035248, , , , , , , 15.7534615, -0.0048676, , , , , , , , , , , , , , , , , , , , , , , , , , , , 
15.7539808, 0.0629435, , , , , , , 15.7539808, 0.2475776, , , , , , , 15.7539808, -0.0332341, , , , , , , 15.7539808, -0.0169528, , , , , , , , , , , , , , , , , , , , , , , , , , , , 
15.7545, 0.0788891, , , , , , , 15.7545, 0.2475776, , , , , , , 15.7545, -0.0639506, , , , , , , 15.7545, -0.0303807, , , , , , , , , , , , , , , , , , , , , , , , , , , , 
15.7550192, 0.0944991, , , , , , , 15.7550192, 0.2375067, , , , , , , 15.7550192, -0.0874495, , , , , , , 15.7550192, -0.0404517, , , , , , , , , , , , , , , , , , , , , , , , , , , , 
15.7555385, 0.1028916, , , , , , , 15.7555385, 0.1871519, , , , , , , 15.7555385, -0.0975204, , , , , , , 15.7555385, -0.0471656, , , , , , , , , , , , , , , , , , , , , , , , , , , , 
15.7560577, 0.1065843, , , , , , , 15.7560577, 0.0951705, , , , , , , 15.7560577, -0.0951705, , , , , , , 15.7560577, -0.0488441, , , , , , , , , , , , , , , , , , , , , , , , , , , , 
15.7565769, 0.1099413, , , , , , , 15.7565769, -0.0068818, , , , , , , 15.7565769, -0.0844282, , , , , , , 15.7565769, -0.047837, , , , , , , , , , , , , , , , , , , , , , , , , , , , 
15.7570962, 0.109102, , , , , , , 15.7570962, -0.1015488, , , , , , , 15.7570962, -0.0704967, , , , , , , 15.7570962, -0.043473, , , , , , , , , , , , , , , , , , , , , , , , , , , , 
15.7576154, 0.096849, , , , , , , 15.7576154, -0.1587854, , , , , , , 15.7576154, -0.0565652, , , , , , , 15.7576154, -0.0337377, , , , , , , , , , , , , , , , , , , , , , , , , , , , 
15.7581346, 0.0746929, , , , , , , 15.7581346, -0.1629816, , , , , , , 15.7581346, -0.0473335, , , , , , , 15.7581346, -0.0213169, , , , , , , , , , , , , , , , , , , , , , , , , , , , 
15.7586538, 0.0553902, , , , , , , 15.7586538, -0.1210193, , , , , , , 15.7586538, -0.0407874, , , , , , , 15.7586538, -0.0115816, , , , , , , , , , , , , , , , , , , , , , , , , , , , 
15.7591731, 0.0417945, , , , , , , 15.7591731, -0.0659648, , , , , , , 15.7591731, -0.0369268, , , , , , , 15.7591731, -0.0048676, , , , , , , , , , , , , , , , , , , , , , , , , , , , 
15.7596923, 0.0246738, , , , , , , 15.7596923, -0.0219883, , , , , , , 15.7596923, -0.0364233, , , , , , , 15.7596923, 0.0058747, , , , , , , , , , , , , , , , , , , , , , , , , , , , 
15.7602115, 0.0003357, , , , , , , 15.7602115, 0.0129244, , , , , , , 15.7602115, -0.0330663, , , , , , , 15.7602115, 0.0263523, , , , , , , , , , , , , , , , , , , , , , , , , , , , 
15.7607308, -0.018967, , , , , , , 15.7607308, 0.0454871, , , , , , , 15.7607308, -0.0250095, , , , , , , 15.7607308, 0.0488441, , , , , , , , , , , , , , , , , , , , , , , , , , , , 
15.76125, -0.0337377, , , , , , , 15.76125, 0.1044022, , , , , , , 15.76125, -0.0194705, , , , , , , 15.76125, 0.0673075, , , , , , , , , , , , , , , , , , , , , , , , , , , , 
15.7617692, -0.0475013, , , , , , , 15.7617692, 0.1467002, , , , , , , 15.7617692, -0.0206455, , , , , , , 15.7617692, 0.0797284, , , , , , , , , , , , , , , , , , , , , , , , , , , , 
15.7622885, -0.0565652, , , , , , , 15.7622885, 0.1233692, , , , , , , 15.7622885, -0.0193027, , , , , , , 15.7622885, 0.0837568, , , , , , , , , , , , , , , , , , , , , , , , , , , , 
15.7628077, -0.0619364, , , , , , , 15.7628077, 0.0757, , , , , , , 15.7628077, -0.0109102, , , , , , , 15.7628077, 0.0835889, , , , , , , , , , , , , , , , , , , , , , , , , , , , 
15.7633269, -0.0587472, , , , , , , 15.7633269, 0.0357519, , , , , , , 15.7633269, -0.0018463, , , , , , , 15.7633269, 0.0803998, , , , , , , , , , , , , , , , , , , , , , , , , , , , 
15.7638462, -0.054551, , , , , , , 15.7638462, -0.0092317, , , , , , , 15.7638462, 0.0046998, , , , , , , 15.7638462, 0.0693217, , , , , , , , , , , , , , , , , , , , , , , , , , , , 
15.7643654, -0.0485084, , , , , , , 15.7643654, -0.0780499, , , , , , , 15.7643654, 0.0082246, , , , , , , 15.7643654, 0.0548867, , , , , , , , , , , , , , , , , , , , , , , , , , , , 
15.7648846, -0.0347448, , , , , , , 15.7648846, -0.1676814, , , , , , , 15.7648846, 0.0115816, , , , , , , 15.7648846, 0.0486763, , , , , , , , , , , , , , , , , , , , , , , , , , , , 
15.7654038, -0.0203098, , , , , , , 15.7654038, -0.2311284, , , , , , , 15.7654038, 0.0125887, , , , , , , 15.7654038, 0.0485084, , , , , , , , , , , , , , , , , , , , , , , , , , , , 
15.7659231, -0.0132601, , , , , , , 15.7659231, -0.1728847, , , , , , , 15.7659231, 0.0125887, , , , , , , 15.7659231, 0.0481727, , , , , , , , , , , , , , , , , , , , , , , , , , , , 
15.7664423, -0.0102388, , , , , , , 15.7664423, -0.0276951, , , , , , , 15.7664423, 0.0112459, , , , , , , 15.7664423, 0.0451514, , , , , , , , , , , , , , , , , , , , , , , , , , , , 
15.7669615, -0.0048676, , , , , , , 15.7669615, 0.085771, , , , , , , 15.7669615, 0.0095674, , , , , , , 15.7669615, 0.0397803, , , , , , , , , , , , , , , , , , , , , , , , , , , , 
15.7674808, -0.0010071, , , , , , , 15.7674808, 0.0924849, , , , , , , 15.7674808, 0.0082246, , , , , , , 15.7674808, 0.0287022, , , , , , , , , , , , , , , , , , , , , , , , , , , , 
15.768, -0.0052033, , , , , , , 15.768, 0.0273594, , , , , , , 15.768, 0.0092317, , , , , , , 15.768, 0.0130922, , , , , , , , , , , , , , , , , , , , , , , , , , , , 
15.7685192, -0.0041962, , , , , , , 15.7685192, -0.0347448, , , , , , , 15.7685192, 0.0105745, , , , , , , 15.7685192, -0.0031891, , , , , , , , , , , , , , , , , , , , , , , , , , , , 
15.7690385, 0.008896, , , , , , , 15.7690385, -0.0991989, , , , , , , 15.7690385, 0.0146029, , , , , , , 15.7690385, -0.0125887, , , , , , , , , , , , , , , , , , , , , , , , , , , , 
15.7695577, 0.0263523, , , , , , , 15.7695577, -0.1562676, , , , , , , 15.7695577, 0.0204776, , , , , , , 15.7695577, -0.014435, , , , , , , , , , , , , , , , , , , , , , , , , , , , 
15.7700769, 0.0379339, , , , , , , 15.7700769, -0.24271, , , , , , , 15.7700769, 0.0236667, , , , , , , 15.7700769, -0.012253, , , , , , , , , , , , , , , , , , , , , , , , , , , , 
15.7705962, 0.0350805, , , , , , , 15.7705962, -0.3456016, , , , , , , 15.7705962, 0.0253452, , , , , , , 15.7705962, -0.0105745, , , , , , , , , , , , , , , , , , , , , , , , , , , , 
15.7711154, 0.0273594, , , , , , , 15.7711154, -0.3795071, , , , , , , 15.7711154, 0.0290379, , , , , , , 15.7711154, -0.0075532, , , , , , , , , , , , , , , , , , , , , , , , , , , , 
15.7716346, 0.0250095, , , , , , , 15.7716346, -0.3420768, , , , , , , 15.7716346, 0.033402, , , , , , , 15.7716346, 0.0030213, , , , , , , , , , , , , , , , , , , , , , , , , , , , 
15.7721538, 0.0270237, , , , , , , 15.7721538, -0.2803082, , , , , , , 15.7721538, 0.0347448, , , , , , , 15.7721538, 0.0203098, , , , , , , , , , , , , , , , , , , , , , , , , , , , 
15.7726731, 0.0320592, , , , , , , 15.7726731, -0.1955444, , , , , , , 15.7726731, 0.0377661, , , , , , , 15.7726731, 0.040116, , , , , , , , , , , , , , , , , , , , , , , , , , , , 
15.7731923, 0.0340734, , , , , , , 15.7731923, -0.1052415, , , , , , , 15.7731923, 0.043473, , , , , , , 15.7731923, 0.0592508, , , , , , , , , , , , , , , , , , , , , , , , , , , , 
15.7737115, 0.0345769, , , , , , , 15.7737115, -0.04448, , , , , , , 15.7737115, 0.0493477, , , , , , , 15.7737115, 0.0740215, , , , , , , , , , , , , , , , , , , , , , , , , , , , 
15.7742308, 0.0458228, , , , , , , 15.7742308, -0.0015106, , , , , , , 15.7742308, 0.0522011, , , , , , , 15.7742308, 0.0753643, , , , , , , , , , , , , , , , , , , , , , , , , , , , 
15.77475, 0.0656291, , , , , , , 15.77475, 0.0231632, , , , , , , 15.77475, 0.0508583, , , , , , , 15.77475, 0.0656291, , , , , , , , , , , , , , , , , , , , , , , , , , , , 
15.7752692, 0.0802319, , , , , , , 15.7752692, 0.0365911, , , , , , , 15.7752692, 0.0488441, , , , , , , 15.7752692, 0.0560616, , , , , , , , , , , , , , , , , , , , , , , , , , , , 
15.7757885, 0.0867781, , , , , , , 15.7757885, 0.0659648, , , , , , , 15.7757885, 0.0466621, , , , , , , 15.7757885, 0.0461585, , , , , , , , , , , , , , , , , , , , , , , , , , , , 
15.7763077, 0.0874495, , , , , , , 15.7763077, 0.1008774, , , , , , , 15.7763077, 0.0582437, , , , , , , 15.7763077, 0.0330663, , , , , , , , , , , , , , , , , , , , , , , , , , , , 
15.7768269, 0.0817426, , , , , , , 15.7768269, 0.1505608, , , , , , , 15.7768269, 0.093492, , , , , , , 15.7768269, 0.0179599, , , , , , , , , , , , , , , , , , , , , , , , , , , , 
15.7773462, 0.0679789, , , , , , , 15.7773462, 0.2030976, , , , , , , 15.7773462, 0.1277333, , , , , , , 15.7773462, 0.0058747, , , , , , , , , , , , , , , , , , , , , , , , , , , , 
15.7778654, 0.0515297, , , , , , , 15.7778654, 0.2344854, , , , , , , 15.7778654, 0.1320974, , , , , , , 15.7778654, 0.0023499, , , , , , , , , , , , , , , , , , , , , , , , , , , , 
15.7783846, 0.0344091, , , , , , , 15.7783846, 0.2469062, , , , , , , 15.7783846, 0.1065843, , , , , , , 15.7783846, -0.0005035, , , , , , , , , , , , , , , , , , , , , , , , , , , , 
15.7789038, 0.0204776, , , , , , , 15.7789038, 0.266041, , , , , , , 15.7789038, 0.0696574, , , , , , , 15.7789038, -0.0036927, , , , , , , , , , , , , , , , , , , , , , , , , , , , 
15.7794231, 0.0099031, , , , , , , 15.7794231, 0.2677195, , , , , , , 15.7794231, 0.0320592, , , , , , , 15.7794231, -0.0058747, , , , , , , , , , , , , , , , , , , , , , , , , , , , 
15.7799423, -0.0001678, , , , , , , 15.7799423, 0.2079652, , , , , , , 15.7799423, -0.0082246, , , , , , , 15.7799423, -0.0057069, , , , , , , , , , , , , , , , , , , , , , , , , , , , 
15.7804615, -0.0060426, , , , , , , 15.7804615, 0.1324331, , , , , , , 15.7804615, -0.0428016, , , , , , , 15.7804615, 0.0005035, , , , , , , , , , , , , , , , , , , , , , , , , , , , 
15.7809808, -0.0129244, , , , , , , 15.7809808, 0.0491798, , , , , , , 15.7809808, -0.0632792, , , , , , , 15.7809808, 0.0082246, , , , , , , , , , , , , , , , , , , , , , , , , , , , 
15.7815, -0.0216526, , , , , , , 15.7815, -0.0881209, , , , , , , 15.7815, -0.0706645, , , , , , , 15.7815, 0.0119173, , , , , , , , , , , , , , , , , , , , , , , , , , , , 
15.7820192, -0.0313878, , , , , , , 15.7820192, -0.2250858, , , , , , , 15.7820192, -0.0673075, , , , , , , 15.7820192, 0.0129244, , , , , , , , , , , , , , , , , , , , , , , , , , , , 
15.7825385, -0.0370947, , , , , , , 15.7825385, -0.2717479, , , , , , , 15.7825385, -0.0548867, , , , , , , 15.7825385, 0.0164492, , , , , , , , , , , , , , , , , , , , , , , , , , , , 
15.7830577, -0.040116, , , , , , , 15.7830577, -0.2922255, , , , , , , 15.7830577, -0.0417945, , , , , , , 15.7830577, 0.0204776, , , , , , , , , , , , , , , , , , , , , , , , , , , , 
15.7835769, -0.0414588, , , , , , , 15.7835769, -0.3489586, , , , , , , 15.7835769, -0.0384375, , , , , , , 15.7835769, 0.0204776, , , , , , , , , , , , , , , , , , , , , , , , , , , , 
15.7840962, -0.0374304, , , , , , , 15.7840962, -0.3657435, , , , , , , 15.7840962, -0.0438087, , , , , , , 15.7840962, 0.0129244, , , , , , , , , , , , , , , , , , , , , , , , , , , , 
15.7846154, -0.0248417, , , , , , , 15.7846154, -0.3069963, , , , , , , 15.7846154, -0.0411231, , , , , , , 15.7846154, -0.0010071, , , , , , , , , , , , , , , , , , , , , , , , , , , , 
15.7851346, -0.0112459, , , , , , , 15.7851346, -0.2047761, , , , , , , 15.7851346, -0.0364233, , , , , , , 15.7851346, -0.012253, , , , , , , , , , , , , , , , , , , , , , , , , , , , 
15.7856538, 0.0041962, , , , , , , 15.7856538, -0.0991989, , , , , , , 15.7856538, -0.0491798, , , , , , , 15.7856538, -0.0169528, , , , , , , , , , , , , , , , , , , , , , , , , , , , 
15.7861731, 0.0179599, , , , , , , 15.7861731, -0.0360876, , , , , , , 15.7861731, -0.0787213, , , , , , , 15.7861731, -0.0206455, , , , , , , , , , , , , , , , , , , , , , , , , , , , 
15.7866923, 0.023331, , , , , , , 15.7866923, -0.0206455, , , , , , , 15.7866923, -0.1072557, , , , , , , 15.7866923, -0.023331, , , , , , , , , , , , , , , , , , , , , , , , , , , , 
15.7872115, 0.0263523, , , , , , , 15.7872115, -0.0115816, , , , , , , 15.7872115, -0.1260548, , , , , , , 15.7872115, -0.0246738, , , , , , , , , , , , , , , , , , , , , , , , , , , , 
15.7877308, 0.0313878, , , , , , , 15.7877308, 0.0246738, , , , , , , 15.7877308, -0.1320974, , , , , , , 15.7877308, -0.0256809, , , , , , , , , , , , , , , , , , , , , , , , , , , , 
15.78825, 0.0305486, , , , , , , 15.78825, 0.0783856, , , , , , , 15.78825, -0.1216907, , , , , , , 15.78825, -0.0236667, , , , , , , , , , , , , , , , , , , , , , , , , , , , 
15.7887692, 0.0240024, , , , , , , 15.7887692, 0.1270619, , , , , , , 15.7887692, -0.1065843, , , , , , , 15.7887692, -0.0169528, , , , , , , , , , , , , , , , , , , , , , , , , , , , 
15.7892885, 0.0204776, , , , , , , 15.7892885, 0.1606317, , , , , , , 15.7892885, -0.0971847, , , , , , , 15.7892885, -0.008896, , , , , , , , , , , , , , , , , , , , , , , , , , , , 
15.7898077, 0.0162814, , , , , , , 15.7898077, 0.1455253, , , , , , , 15.7898077, -0.093492, , , , , , , 15.7898077, 0.0010071, , , , , , , , , , , , , , , , , , , , , , , , , , , , 
15.7903269, 0.0146029, , , , , , , 15.7903269, 0.1106126, , , , , , , 15.7903269, -0.0874495, , , , , , , 15.7903269, 0.0072175, , , , , , , , , , , , , , , , , , , , , , , , , , , , 
15.7908462, 0.0149386, , , , , , , 15.7908462, 0.0991989, , , , , , , 15.7908462, -0.0731823, , , , , , , 15.7908462, 0.0078889, , , , , , , , , , , , , , , , , , , , , , , , , , , , 
15.7913654, 0.0115816, , , , , , , 15.7913654, 0.1200122, , , , , , , 15.7913654, -0.0565652, , , , , , , 15.7913654, 0.0043641, , , , , , , , , , , , , , , , , , , , , , , , , , , , 
15.7918846, 0.0078889, , , , , , , 15.7918846, 0.1473716, , , , , , , 15.7918846, -0.0491798, , , , , , , 15.7918846, 0.0025177, , , , , , , , , , , , , , , , , , , , , , , , , , , , 
15.7924038, 0.011078, , , , , , , 15.7924038, 0.161471, , , , , , , 15.7924038, -0.0501869, , , , , , , 15.7924038, 0.0018463, , , , , , , , , , , , , , , , , , , , , , , , , , , , 
15.7929231, 0.0246738, , , , , , , 15.7929231, 0.1911803, , , , , , , 15.7929231, -0.0542153, , , , , , , 15.7929231, 0.0035248, , , , , , , , , , , , , , , , , , , , , , , , , , , , 
15.7934423, 0.0433051, , , , , , , 15.7934423, 0.1837949, , , , , , , 15.7934423, -0.0562295, , , , , , , 15.7934423, 0.0052033, , , , , , , , , , , , , , , , , , , , , , , , , , , , 
15.7939615, 0.0522011, , , , , , , 15.7939615, 0.0817426, , , , , , , 15.7939615, -0.051194, , , , , , , 15.7939615, 0.0020142, , , , , , , , , , , , , , , , , , , , , , , , , , , , 
15.7944808, 0.0515297, , , , , , , 15.7944808, -0.0468299, , , , , , , 15.7944808, -0.0357519, , , , , , , 15.7944808, -0.0038605, , , , , , , , , , , , , , , , , , , , , , , , , , , , 
15.795, 0.0562295, , , , , , , 15.795, -0.1257191, , , , , , , 15.795, -0.005539, , , , , , , 15.795, -0.0048676, , , , , , , , , , , , , , , , , , , , , , , , , , , , 
15.7955192, 0.0649577, , , , , , , 15.7955192, -0.1757382, , , , , , , 15.7955192, 0.030045, , , , , , , 15.7955192, -0.0045319, , , , , , , , , , , , , , , , , , , , , , , , , , , , 
15.7960385, 0.0669718, , , , , , , 15.7960385, -0.2113222, , , , , , , 15.7960385, 0.0508583, , , , , , , 15.7960385, -0.0073854, , , , , , , , , , , , , , , , , , , , , , , , , , , , 
15.7965577, 0.0629435, , , , , , , 15.7965577, -0.1895018, , , , , , , 15.7965577, 0.0495155, , , , , , , 15.7965577, -0.0097353, , , , , , , , , , , , , , , , , , , , , , , , , , , , 
15.7970769, 0.0548867, , , , , , , 15.7970769, -0.1132982, , , , , , , 15.7970769, 0.0374304, , , , , , , 15.7970769, -0.0090639, , , , , , , , , , , , , , , , , , , , , , , , , , , , 
15.7975962, 0.0419623, , , , , , , 15.7975962, -0.0431373, , , , , , , 15.7975962, 0.0265202, , , , , , , 15.7975962, -0.0028534, , , , , , , , , , , , , , , , , , , , , , , , , , , , 
15.7981154, 0.0263523, , , , , , , 15.7981154, -0.040116, , , , , , , 15.7981154, 0.0142672, , , , , , , 15.7981154, 0.0078889, , , , , , , , , , , , , , , , , , , , , , , , , , , , 
15.7986346, 0.01561, , , , , , , 15.7986346, -0.110277, , , , , , , 15.7986346, -0.0015106, , , , , , , 15.7986346, 0.0176242, , , , , , , , , , , , , , , , , , , , , , , , , , , , 
15.7991538, 0.0045319, , , , , , , 15.7991538, -0.1567712, , , , , , , 15.7991538, -0.0162814, , , , , , , 15.7991538, 0.0246738, , , , , , , , , , , , , , , , , , , , , , , , , , , , 
15.7996731, -0.0082246, , , , , , , 15.7996731, -0.0904707, , , , , , , 15.7996731, -0.0256809, , , , , , , 15.7996731, 0.0330663, , , , , , , , , , , , , , , , , , , , , , , , , , , , 
15.8001923, -0.0182956, , , , , , , 15.8001923, 0.0501869, , , , , , , 15.8001923, -0.0307164, , , , , , , 15.8001923, 0.043473, , , , , , , , , , , , , , , , , , , , , , , , , , , , 
15.8007115, -0.0337377, , , , , , , 15.8007115, 0.1408255, , , , , , , 15.8007115, -0.0330663, , , , , , , 15.8007115, 0.0508583, , , , , , , , , , , , , , , , , , , , , , , , , , , , 
15.8012308, -0.0508583, , , , , , , 15.8012308, 0.1381399, , , , , , , 15.8012308, -0.0317235, , , , , , , 15.8012308, 0.0528725, , , , , , , , , , , , , , , , , , , , , , , , , , , , 
15.80175, -0.0666361, , , , , , , 15.80175, 0.1122911, , , , , , , 15.80175, -0.0223239, , , , , , , 15.80175, 0.0525368, , , , , , , , , , , , , , , , , , , , , , , , , , , , 
15.8022692, -0.0767071, , , , , , , 15.8022692, 0.1052415, , , , , , , 15.8022692, -0.0068818, , , , , , , 15.8022692, 0.0501869, , , , , , , , , , , , , , , , , , , , , , , , , , , , 
15.8027885, -0.0800641, , , , , , , 15.8027885, 0.1173266, , , , , , , 15.8027885, 0.0065461, , , , , , , 15.8027885, 0.0461585, , , , , , , , , , , , , , , , , , , , , , , , , , , , 
15.8033077, -0.082414, , , , , , , 15.8033077, 0.1341115, , , , , , , 15.8033077, 0.0152743, , , , , , , 15.8033077, 0.0411231, , , , , , , , , , , , , , , , , , , , , , , , , , , , 
15.8038269, -0.0780499, , , , , , , 15.8038269, 0.1398184, , , , , , , 15.8038269, 0.0193027, , , , , , , 15.8038269, 0.0327306, , , , , , , , , , , , , , , , , , , , , , , , , , , , 
15.8043462, -0.0663005, , , , , , , 15.8043462, 0.1359579, , , , , , , 15.8043462, 0.0179599, , , , , , , 15.8043462, 0.0191348, , , , , , , , , , , , , , , , , , , , , , , , , , , , 
15.8048654, -0.0525368, , , , , , , 15.8048654, 0.1253834, , , , , , , 15.8048654, 0.0129244, , , , , , , 15.8048654, 0.0072175, , , , , , , , , , , , , , , , , , , , , , , , , , , , 
15.8053846, -0.0412909, , , , , , , 15.8053846, 0.1045701, , , , , , , 15.8053846, 0.0078889, , , , , , , 15.8053846, 0.0016785, , , , , , , , , , , , , , , , , , , , , , , , , , , , 
15.8059038, -0.0323949, , , , , , , 15.8059038, 0.0629435, , , , , , , 15.8059038, 0.0058747, , , , , , , 15.8059038, 0, , , , , , , , , , , , , , , , , , , , , , , , , , , , 
15.8064231, -0.0236667, , , , , , , 15.8064231, 0.0003357, , , , , , , 15.8064231, 0.0058747, , , , , , , 15.8064231, 0.0008392, , , , , , , , , , , , , , , , , , , , , , , , , , , , 
15.8069423, -0.0203098, , , , , , , 15.8069423, -0.0718395, , , , , , , 15.8069423, 0.0035248, , , , , , , 15.8069423, 0.0005035, , , , , , , , , , , , , , , , , , , , , , , , , , , , 
15.8074615, -0.0213169, , , , , , , 15.8074615, -0.1299153, , , , , , , 15.8074615, 0.0045319, , , , , , , 15.8074615, -0.0028534, , , , , , , , , , , , , , , , , , , , , , , , , , , , 
15.8079808, -0.0176242, , , , , , , 15.8079808, -0.1411612, , , , , , , 15.8079808, 0.0119173, , , , , , , 15.8079808, -0.0058747, , , , , , , , , , , , , , , , , , , , , , , , , , , , 
15.8085, -0.0102388, , , , , , , 15.8085, -0.1092699, , , , , , , 15.8085, 0.0240024, , , , , , , 15.8085, -0.0095674, , , , , , , , , , , , , , , , , , , , , , , , , , , , 
15.8090192, -0.0005035, , , , , , , 15.8090192, -0.0753643, , , , , , , 15.8090192, 0.0352483, , , , , , , 15.8090192, -0.012253, , , , , , , , , , , , , , , , , , , , , , , , , , , , 
15.8095385, 0.0097353, , , , , , , 15.8095385, -0.0498512, , , , , , , 15.8095385, 0.0426337, , , , , , , 15.8095385, -0.0135958, , , , , , , , , , , , , , , , , , , , , , , , , , , , 
15.8100577, 0.0169528, , , , , , , 15.8100577, -0.0176242, , , , , , , 15.8100577, 0.0505226, , , , , , , 15.8100577, -0.01561, , , , , , , , , , , , , , , , , , , , , , , , , , , , 
15.8105769, 0.0186313, , , , , , , 15.8105769, 0.0115816, , , , , , , 15.8105769, 0.0589151, , , , , , , 15.8105769, -0.01561, , , , , , , , , , , , , , , , , , , , , , , , , , , , 
15.8110962, 0.0139315, , , , , , , 15.8110962, 0.0441444, , , , , , , 15.8110962, 0.0626078, , , , , , , 15.8110962, -0.012253, , , , , , , , , , , , , , , , , , , , , , , , , , , , 
15.8116154, 0.008896, , , , , , , 15.8116154, 0.0810712, , , , , , , 15.8116154, 0.0569009, , , , , , , 15.8116154, -0.0062104, , , , , , , , , , , , , , , , , , , , , , , , , , , , 
15.8121346, 0.0082246, , , , , , , 15.8121346, 0.1079271, , , , , , , 15.8121346, 0.0438087, , , , , , , 15.8121346, 0.0011749, , , , , , , , , , , , , , , , , , , , , , , , , , , , 
15.8126538, 0.0105745, , , , , , , 15.8126538, 0.0944991, , , , , , , 15.8126538, 0.0250095, , , , , , , 15.8126538, 0.0099031, , , , , , , , , , , , , , , , , , , , , , , , , , , , 
15.8131731, 0.0124208, , , , , , , 15.8131731, 0.0199741, , , , , , , 15.8131731, 0.0045319, , , , , , , 15.8131731, 0.0152743, , , , , , , , , , , , , , , , , , , , , , , , , , , , 
15.8136923, 0.0203098, , , , , , , 15.8136923, -0.0599222, , , , , , , 15.8136923, -0.0135958, , , , , , , 15.8136923, 0.0125887, , , , , , , , , , , , , , , , , , , , , , , , , , , , 
15.8142115, 0.0392767, , , , , , , 15.8142115, -0.1062486, , , , , , , 15.8142115, -0.024506, , , , , , , 15.8142115, 0.0065461, , , , , , , , , , , , , , , , , , , , , , , , , , , , 
15.8147308, 0.0569009, , , , , , , 15.8147308, -0.1315938, , , , , , , 15.8147308, -0.0283665, , , , , , , 15.8147308, 0.0072175, , , , , , , , , , , , , , , , , , , , , , , , , , , , 
15.81525, 0.0693217, , , , , , , 15.81525, -0.1609674, , , , , , , 15.81525, -0.0283665, , , , , , , 15.81525, 0.0112459, , , , , , , , , , , , , , , , , , , , , , , , , , , , 
15.8157692, 0.079057, , , , , , , 15.8157692, -0.1606317, , , , , , , 15.8157692, -0.024506, , , , , , , 15.8157692, 0.0119173, , , , , , , , , , , , , , , , , , , , , , , , , , , , 
15.8162885, 0.0834211, , , , , , , 15.8162885, -0.1015488, , , , , , , 15.8162885, -0.0176242, , , , , , , 15.8162885, 0.0078889, , , , , , , , , , , , , , , , , , , , , , , , , , , , 
15.8168077, 0.0728466, , , , , , , 15.8168077, -0.0357519, , , , , , , 15.8168077, -0.0099031, , , , , , , 15.8168077, 0.0052033, , , , , , , , , , , , , , , , , , , , , , , , , , , , 
15.8173269, 0.0621042, , , , , , , 15.8173269, -0.005539, , , , , , , 15.8173269, -0.0038605, , , , , , , 15.8173269, 0.0048676, , , , , , , , , , , , , , , , , , , , , , , , , , , , 
15.8178462, 0.056733, , , , , , , 15.8178462, 0.0025177, , , , , , , 15.8178462, -0.0005035, , , , , , , 15.8178462, 0.0050355, , , , , , , , , , , , , , , , , , , , , , , , , , , , 
15.8183654, 0.047837, , , , , , , 15.8183654, 0.0068818, , , , , , , 15.8183654, -0.0015106, , , , , , , 15.8183654, 0.0065461, , , , , , , , , , , , , , , , , , , , , , , , , , , , 
15.8188846, 0.0379339, , , , , , , 15.8188846, 0.0090639, , , , , , , 15.8188846, -0.008896, , , , , , , 15.8188846, 0.0083925, , , , , , , , , , , , , , , , , , , , , , , , , , , , 
15.8194038, 0.0287022, , , , , , , 15.8194038, 0.008896, , , , , , , 15.8194038, -0.0166171, , , , , , , 15.8194038, 0.0109102, , , , , , , , , , , , , , , , , , , , , , , , , , , , 
15.8199231, 0.0125887, , , , , , , 15.8199231, 0.0082246, , , , , , , 15.8199231, -0.0184634, , , , , , , 15.8199231, 0.0135958, , , , , , , , , , , , , , , , , , , , , , , , , , , , 
15.8204423, -0.0072175, , , , , , , 15.8204423, 0.0115816, , , , , , , 15.8204423, -0.0152743, , , , , , , 15.8204423, 0.0172885, , , , , , , , , , , , , , , , , , , , , , , , , , , , 
15.8209615, -0.0186313, , , , , , , 15.8209615, 0.017792, , , , , , , 15.8209615, -0.0129244, , , , , , , 15.8209615, 0.0198062, , , , , , , , , , , , , , , , , , , , , , , , , , , , 
15.8214808, -0.018967, , , , , , , 15.8214808, 0.023331, , , , , , , 15.8214808, -0.0107424, , , , , , , 15.8214808, 0.0216526, , , , , , , , , , , , , , , , , , , , , , , , , , , , 
15.822, -0.0182956, , , , , , , 15.822, 0.0243381, , , , , , , 15.822, -0.0058747, , , , , , , 15.822, 0.0231632, , , , , , , , , , , , , , , , , , , , , , , , , , , , 
15.8225192, -0.0191348, , , , , , , 15.8225192, 0.0253452, , , , , , , 15.8225192, 0.0010071, , , , , , , 15.8225192, 0.0226596, , , , , , , , , , , , , , , , , , , , , , , , , , , , 
15.8230385, -0.0182956, , , , , , , 15.8230385, 0.0337377, , , , , , , 15.8230385, 0.0072175, , , , , , , 15.8230385, 0.0203098, , , , , , , , , , , , , , , , , , , , , , , , , , , , 
15.8235577, -0.0149386, , , , , , , 15.8235577, 0.051194, , , , , , , 15.8235577, 0.0152743, , , , , , , 15.8235577, 0.014435, , , , , , , , , , , , , , , , , , , , , , , , , , , , 
15.8240769, -0.0085603, , , , , , , 15.8240769, 0.0840925, , , , , , , 15.8240769, 0.0213169, , , , , , , 15.8240769, 0.0048676, , , , , , , , , , , , , , , , , , , , , , , , , , , , 
15.8245962, 0.0035248, , , , , , , 15.8245962, 0.1284047, , , , , , , 15.8245962, 0.0139315, , , , , , , 15.8245962, -0.0045319, , , , , , , , , , , , , , , , , , , , , , , , , , , , 
15.8251154, 0.0152743, , , , , , , 15.8251154, 0.152575, , , , , , , 15.8251154, -0.0038605, , , , , , , 15.8251154, -0.012253, , , , , , , , , , , , , , , , , , , , , , , , , , , , 
15.8256346, 0.0199741, , , , , , , 15.8256346, 0.1549248, , , , , , , 15.8256346, -0.0209812, , , , , , , 15.8256346, -0.0162814, , , , , , , , , , , , , , , , , , , , , , , , , , , , 
15.8261538, 0.0219883, , , , , , , 15.8261538, 0.1606317, , , , , , , 15.8261538, -0.0298772, , , , , , , 15.8261538, -0.0162814, , , , , , , , , , , , , , , , , , , , , , , , , , , , 
15.8266731, 0.023331, , , , , , , 15.8266731, 0.1467002, , , , , , , 15.8266731, -0.030045, , , , , , , 15.8266731, -0.0146029, , , , , , , , , , , , , , , , , , , , , , , , , , , , 
15.8271923, 0.0263523, , , , , , , 15.8271923, 0.1072557, , , , , , , 15.8271923, -0.0271916, , , , , , , 15.8271923, -0.0149386, , , , , , , , , , , , , , , , , , , , , , , , , , , , 
15.8277115, 0.0328985, , , , , , , 15.8277115, 0.0669718, , , , , , , 15.8277115, -0.0270237, , , , , , , 15.8277115, -0.0149386, , , , , , , , , , , , , , , , , , , , , , , , , , , , 
15.8282308, 0.0417945, , , , , , , 15.8282308, 0.0082246, , , , , , , 15.8282308, -0.0256809, , , , , , , 15.8282308, -0.0112459, , , , , , , , , , , , , , , , , , , , , , , , , , , , 
15.82875, 0.0495155, , , , , , , 15.82875, -0.0626078, , , , , , , 15.82875, -0.0216526, , , , , , , 15.82875, -0.0068818, , , , , , , , , , , , , , , , , , , , , , , , , , , , 
15.8292692, 0.0589151, , , , , , , 15.8292692, -0.0965133, , , , , , , 15.8292692, -0.0191348, , , , , , , 15.8292692, -0.0028534, , , , , , , , , , , , , , , , , , , , , , , , , , , , 
15.8297885, 0.072343, , , , , , , 15.8297885, -0.1223621, , , , , , , 15.8297885, -0.0174563, , , , , , , 15.8297885, 0.0018463, , , , , , , , , , , , , , , , , , , , , , , , , , , , 
15.8303077, 0.0772107, , , , , , , 15.8303077, -0.1789273, , , , , , , 15.8303077, -0.0176242, , , , , , , 15.8303077, 0.0085603, , , , , , , , , , , , , , , , , , , , , , , , , , , , 
15.8308269, 0.0688182, , , , , , , 15.8308269, -0.2356603, , , , , , , 15.8308269, -0.01561, , , , , , , 15.8308269, 0.0142672, , , , , , , , , , , , , , , , , , , , , , , , , , , , 
15.8313462, 0.0542153, , , , , , , 15.8313462, -0.2465705, , , , , , , 15.8313462, -0.0132601, , , , , , , 15.8313462, 0.0169528, , , , , , , , , , , , , , , , , , , , , , , , , , , , 
15.8318654, 0.0451514, , , , , , , 15.8318654, -0.2119936, , , , , , , 15.8318654, -0.0129244, , , , , , , 15.8318654, 0.0167849, , , , , , , , , , , , , , , , , , , , , , , , , , , , 
15.8323846, 0.0458228, , , , , , , 15.8323846, -0.161471, , , , , , , 15.8323846, -0.0137636, , , , , , , 15.8323846, 0.0213169, , , , , , , , , , , , , , , , , , , , , , , , , , , , 
15.8329038, 0.0488441, , , , , , , 15.8329038, -0.0961776, , , , , , , 15.8329038, -0.0135958, , , , , , , 15.8329038, 0.0287022, , , , , , , , , , , , , , , , , , , , , , , , , , , , 
15.8334231, 0.0485084, , , , , , , 15.8334231, -0.0105745, , , , , , , 15.8334231, -0.012253, , , , , , , 15.8334231, 0.0317235, , , , , , , , , , , , , , , , , , , , , , , , , , , , 
15.8339423, 0.0495155, , , , , , , 15.8339423, 0.0636149, , , , , , , 15.8339423, -0.0112459, , , , , , , 15.8339423, 0.026688, , , , , , , , , , , , , , , , , , , , , , , , , , , , 
15.8344615, 0.0468299, , , , , , , 15.8344615, 0.0950027, , , , , , , 15.8344615, -0.0038605, , , , , , , 15.8344615, 0.0246738, , , , , , , , , , , , , , , , , , , , , , , , , , , , 
15.8349808, 0.0370947, , , , , , , 15.8349808, 0.0938277, , , , , , , 15.8349808, 0.0099031, , , , , , , 15.8349808, 0.0298772, , , , , , , , , , , , , , , , , , , , , , , , , , , , 
15.8355, 0.0332341, , , , , , , 15.8355, 0.1012131, , , , , , , 15.8355, 0.0172885, , , , , , , 15.8355, 0.0360876, , , , , , , , , , , , , , , , , , , , , , , , , , , , 
15.8360192, 0.0370947, , , , , , , 15.8360192, 0.1304189, , , , , , , 15.8360192, 0.0159457, , , , , , , 15.8360192, 0.0384375, , , , , , , , , , , , , , , , , , , , , , , , , , , , 
15.8365385, 0.043473, , , , , , , 15.8365385, 0.1331044, , , , , , , 15.8365385, 0.0186313, , , , , , , 15.8365385, 0.0446479, , , , , , , , , , , , , , , , , , , , , , , , , , , , 
15.8370577, 0.0505226, , , , , , , 15.8370577, 0.1304189, , , , , , , 15.8370577, 0.030045, , , , , , , 15.8370577, 0.0518654, , , , , , , , , , , , , , , , , , , , , , , , , , , , 
15.8375769, 0.0518654, , , , , , , 15.8375769, 0.1488823, , , , , , , 15.8375769, 0.0397803, , , , , , , 15.8375769, 0.0582437, , , , , , , , , , , , , , , , , , , , , , , , , , , , 
15.8380962, 0.040116, , , , , , , 15.8380962, 0.0837568, , , , , , , 15.8380962, 0.0424659, , , , , , , 15.8380962, 0.0656291, , , , , , , , , , , , , , , , , , , , , , , , , , , , 
15.8386154, 0.0172885, , , , , , , 15.8386154, -0.0505226, , , , , , , 15.8386154, 0.0438087, , , , , , , 15.8386154, 0.0676432, , , , , , , , , , , , , , , , , , , , , , , , , , , , 
15.8391346, -0.002182, , , , , , , 15.8391346, -0.1485466, , , , , , , 15.8391346, 0.0406195, , , , , , , 15.8391346, 0.0621042, , , , , , , , , , , , , , , , , , , , , , , , , , , , 
15.8396538, -0.0109102, , , , , , , 15.8396538, -0.1858091, , , , , , , 15.8396538, 0.0246738, , , , , , , 15.8396538, 0.0548867, , , , , , , , , , , , , , , , , , , , , , , , , , , , 
15.8401731, -0.0152743, , , , , , , 15.8401731, -0.1754025, , , , , , , 15.8401731, 0.0065461, , , , , , , 15.8401731, 0.0488441, , , , , , , , , , , , , , , , , , , , , , , , , , , , 
15.8406923, -0.0261845, , , , , , , 15.8406923, -0.1461967, , , , , , , 15.8406923, -0.0058747, , , , , , , 15.8406923, 0.0433051, , , , , , , , , , , , , , , , , , , , , , , , , , , , 
15.8412115, -0.0485084, , , , , , , 15.8412115, -0.1671778, , , , , , , 15.8412115, -0.0176242, , , , , , , 15.8412115, 0.0387732, , , , , , , , , , , , , , , , , , , , , , , , , , , , 
15.8417308, -0.0726787, , , , , , , 15.8417308, -0.2328069, , , , , , , 15.8417308, -0.0323949, , , , , , , 15.8417308, 0.0340734, , , , , , , , , , , , , , , , , , , , , , , , , , , , 
15.84225, -0.0877852, , , , , , , 15.84225, -0.2823224, , , , , , , 15.84225, -0.0453193, , , , , , , 15.84225, 0.0292058, , , , , , , , , , , , , , , , , , , , , , , , , , , , 
15.8427692, -0.0921492, , , , , , , 15.8427692, -0.3080034, , , , , , , 15.8427692, -0.0540475, , , , , , , 15.8427692, 0.0280308, , , , , , , , , , , , , , , , , , , , , , , , , , , , 
15.8432885, -0.0884565, , , , , , , 15.8432885, -0.3098497, , , , , , , 15.8432885, -0.0582437, , , , , , , 15.8432885, 0.0246738, , , , , , , , , , , , , , , , , , , , , , , , , , , , 
15.8438077, -0.0817426, , , , , , , 15.8438077, -0.2341497, , , , , , , 15.8438077, -0.0592508, , , , , , , 15.8438077, 0.0125887, , , , , , , , , , , , , , , , , , , , , , , , , , , , 
15.8443269, -0.0661326, , , , , , , 15.8443269, -0.0471656, , , , , , , 15.8443269, -0.0619364, , , , , , , 15.8443269, 0.0005035, , , , , , , , , , , , , , , , , , , , , , , , , , , , 
15.8448462, -0.0505226, , , , , , , 15.8448462, 0.1505608, , , , , , , 15.8448462, -0.0632792, , , , , , , 15.8448462, -0.0052033, , , , , , , , , , , , , , , , , , , , , , , , , , , , 
15.8453654, -0.036759, , , , , , , 15.8453654, 0.2500954, , , , , , , 15.8453654, -0.0582437, , , , , , , 15.8453654, -0.0075532, , , , , , , , , , , , , , , , , , , , , , , , , , , , 
15.8458846, -0.0169528, , , , , , , 15.8458846, 0.2704051, , , , , , , 15.8458846, -0.0495155, , , , , , , 15.8458846, -0.0119173, , , , , , , , , , , , , , , , , , , , , , , , , , , , 
15.8464038, 0.0068818, , , , , , , 15.8464038, 0.2254215, , , , , , , 15.8464038, -0.0436408, , , , , , , 15.8464038, -0.0149386, , , , , , , , , , , , , , , , , , , , , , , , , , , , 
15.8469231, 0.0236667, , , , , , , 15.8469231, 0.0871138, , , , , , , 15.8469231, -0.0397803, , , , , , , 15.8469231, -0.018967, , , , , , , , , , , , , , , , , , , , , , , , , , , , 
15.8474423, 0.0273594, , , , , , , 15.8474423, -0.0914778, , , , , , , 15.8474423, -0.0323949, , , , , , , 15.8474423, -0.0243381, , , , , , , , , , , , , , , , , , , , , , , , , , , , 
15.8479615, 0.0199741, , , , , , , 15.8479615, -0.2150149, , , , , , , 15.8479615, -0.0099031, , , , , , , 15.8479615, -0.0246738, , , , , , , , , , , , , , , , , , , , , , , , , , , , 
15.8484808, 0.0162814, , , , , , , 15.8484808, -0.2821546, , , , , , , 15.8484808, 0.0196384, , , , , , , 15.8484808, -0.023331, , , , , , , , , , , , , , , , , , , , , , , , , , , , 
15.849, 0.0240024, , , , , , , 15.849, -0.286183, , , , , , , 15.849, 0.0320592, , , , , , , 15.849, -0.021149, , , , , , , , , , , , , , , , , , , , , , , , , , , , 
15.8495192, 0.0327306, , , , , , , 15.8495192, -0.1740597, , , , , , , 15.8495192, 0.0216526, , , , , , , 15.8495192, -0.018967, , , , , , , , , , , , , , , , , , , , , , , , , , , , 
15.8500385, 0.0360876, , , , , , , 15.8500385, 0.0199741, , , , , , , 15.8500385, -0.0035248, , , , , , , 15.8500385, -0.0139315, , , , , , , , , , , , , , , , , , , , , , , , , , , , 
15.8505577, 0.0327306, , , , , , , 15.8505577, 0.1646601, , , , , , , 15.8505577, -0.0451514, , , , , , , 15.8505577, -0.0025177, , , , , , , , , , , , , , , , , , , , , , , , , , , , 
15.8510769, 0.026688, , , , , , , 15.8510769, 0.1535821, , , , , , , 15.8510769, -0.0767071, , , , , , , 15.8510769, 0.0130922, , , , , , , , , , , , , , , , , , , , , , , , , , , , 
15.8515962, 0.0240024, , , , , , , 15.8515962, 0.0459907, , , , , , , 15.8515962, -0.0753643, , , , , , , 15.8515962, 0.0320592, , , , , , , , , , , , , , , , , , , , , , , , , , , , 
15.8521154, 0.0203098, , , , , , , 15.8521154, -0.0206455, , , , , , , 15.8521154, -0.0486763, , , , , , , 15.8521154, 0.0485084, , , , , , , , , , , , , , , , , , , , , , , , , , , , 
15.8526346, 0.0073854, , , , , , , 15.8526346, -0.0142672, , , , , , , 15.8526346, -0.01561, , , , , , , 15.8526346, 0.057908, , , , , , , , , , , , , , , , , , , , , , , , , , , , 
15.8531538, -0.0085603, , , , , , , 15.8531538, 0.0411231, , , , , , , 15.8531538, 0.0179599, , , , , , , 15.8531538, 0.0542153, , , , , , , , , , , , , , , , , , , , , , , , , , , , 
15.8536731, -0.008896, , , , , , , 15.8536731, 0.1331044, , , , , , , 15.8536731, 0.0468299, , , , , , , 15.8536731, 0.0384375, , , , , , , , , , , , , , , , , , , , , , , , , , , , 
15.8541923, 0.0109102, , , , , , , 15.8541923, 0.1975586, , , , , , , 15.8541923, 0.0602579, , , , , , , 15.8541923, 0.0199741, , , , , , , , , , , , , , , , , , , , , , , , , , , , 
15.8547115, 0.0352483, , , , , , , 15.8547115, 0.1831235, , , , , , , 15.8547115, 0.0569009, , , , , , , 15.8547115, 0.005539, , , , , , , , , , , , , , , , , , , , , , , , , , , , 
15.8552308, 0.0522011, , , , , , , 15.8552308, 0.1324331, , , , , , , 15.8552308, 0.0421302, , , , , , , 15.8552308, -0.0082246, , , , , , , , , , , , , , , , , , , , , , , , , , , , 
15.85575, 0.0585794, , , , , , , 15.85575, 0.0864424, , , , , , , 15.85575, 0.0213169, , , , , , , 15.85575, -0.0193027, , , , , , , , , , , , , , , , , , , , , , , , , , , , 
15.8562692, 0.0602579, , , , , , , 15.8562692, 0.0354162, , , , , , , 15.8562692, 0.0011749, , , , , , , 15.8562692, -0.0221561, , , , , , , , , , , , , , , , , , , , , , , , , , , , 
15.8567885, 0.0669718, , , , , , , 15.8567885, 0.0112459, , , , , , , 15.8567885, -0.0179599, , , , , , , 15.8567885, -0.0229953, , , , , , , , , , , , , , , , , , , , , , , , , , , , 
15.8573077, 0.0676432, , , , , , , 15.8573077, 0.0293736, , , , , , , 15.8573077, -0.0357519, , , , , , , 15.8573077, -0.0204776, , , , , , , , , , , , , , , , , , , , , , , , , , , , 
15.8578269, 0.0616007, , , , , , , 15.8578269, 0.0542153, , , , , , , 15.8578269, -0.0495155, , , , , , , 15.8578269, -0.0157778, , , , , , , , , , , , , , , , , , , , , , , , , , , , 
15.8583462, 0.0506905, , , , , , , 15.8583462, 0.0656291, , , , , , , 15.8583462, -0.0552224, , , , , , , 15.8583462, -0.0070497, , , , , , , , , , , , , , , , , , , , , , , , , , , , 
15.8588654, 0.0387732, , , , , , , 15.8588654, 0.064622, , , , , , , 15.8588654, -0.0553902, , , , , , , 15.8588654, 0.0028534, , , , , , , , , , , , , , , , , , , , , , , , , , , , 
15.8593846, 0.03122, , , , , , , 15.8593846, 0.0538796, , , , , , , 15.8593846, -0.0515297, , , , , , , 15.8593846, 0.0146029, , , , , , , , , , , , , , , , , , , , , , , , , , , , 
15.8599038, 0.0243381, , , , , , , 15.8599038, 0.0137636, , , , , , , 15.8599038, -0.0441444, , , , , , , 15.8599038, 0.033402, , , , , , , , , , , , , , , , , , , , , , , , , , , , 
15.8604231, 0.0139315, , , , , , , 15.8604231, -0.0619364, , , , , , , 15.8604231, -0.0330663, , , , , , , 15.8604231, 0.0528725, , , , , , , , , , , , , , , , , , , , , , , , , , , , 
15.8609423, -0.0001678, , , , , , , 15.8609423, -0.1388113, , , , , , , 15.8609423, -0.0236667, , , , , , , 15.8609423, 0.0669718, , , , , , , , , , , , , , , , , , , , , , , , , , , , 
15.8614615, -0.0216526, , , , , , , 15.8614615, -0.1512322, , , , , , , 15.8614615, -0.0186313, , , , , , , 15.8614615, 0.072343, , , , , , , , , , , , , , , , , , , , , , , , , , , , 
15.8619808, -0.04448, , , , , , , 15.8619808, -0.1038987, , , , , , , 15.8619808, -0.0146029, , , , , , , 15.8619808, 0.0720073, , , , , , , , , , , , , , , , , , , , , , , , , , , , 
15.8625, -0.0595865, , , , , , , 15.8625, -0.0592508, , , , , , , 15.8625, -0.0062104, , , , , , , 15.8625, 0.0683146, , , , , , , , , , , , , , , , , , , , , , , , , , , , 
15.8630192, -0.064622, , , , , , , 15.8630192, -0.0303807, , , , , , , 15.8630192, 0.0025177, , , , , , , 15.8630192, 0.0656291, , , , , , , , , , , , , , , , , , , , , , , , , , , , 
15.8635385, -0.0592508, , , , , , , 15.8635385, -0.0250095, , , , , , , 15.8635385, 0.012253, , , , , , , 15.8635385, 0.0636149, , , , , , , , , , , , , , , , , , , , , , , , , , , , 
15.8640577, -0.0498512, , , , , , , 15.8640577, -0.0451514, , , , , , , 15.8640577, 0.0251774, , , , , , , 15.8640577, 0.0555581, , , , , , , , , , , , , , , , , , , , , , , , , , , , 
15.8645769, -0.0424659, , , , , , , 15.8645769, -0.0515297, , , , , , , 15.8645769, 0.0364233, , , , , , , 15.8645769, 0.0431373, , , , , , , , , , , , , , , , , , , , , , , , , , , , 
15.8650962, -0.0328985, , , , , , , 15.8650962, -0.0276951, , , , , , , 15.8650962, 0.0473335, , , , , , , 15.8650962, 0.0290379, , , , , , , , , , , , , , , , , , , , , , , , , , , , 
15.8656154, -0.0213169, , , , , , , 15.8656154, -0.0030213, , , , , , , 15.8656154, 0.0652934, , , , , , , 15.8656154, 0.0172885, , , , , , , , , , , , , , , , , , , , , , , , , , , , 
15.8661346, -0.0058747, , , , , , , 15.8661346, -0.0001678, , , , , , , 15.8661346, 0.0783856, , , , , , , 15.8661346, 0.0099031, , , , , , , , , , , , , , , , , , , , , , , , , , , , 
15.8666538, 0.0102388, , , , , , , 15.8666538, 0.0005035, , , , , , , 15.8666538, 0.0696574, , , , , , , 15.8666538, 0.0038605, , , , , , , , , , , , , , , , , , , , , , , , , , , , 
15.8671731, 0.0159457, , , , , , , 15.8671731, 0.0543832, , , , , , , 15.8671731, 0.0488441, , , , , , , 15.8671731, -0.0015106, , , , , , , , , , , , , , , , , , , , , , , , , , , , 
15.8676923, 0.0119173, , , , , , , 15.8676923, 0.1136339, , , , , , , 15.8676923, 0.0471656, , , , , , , 15.8676923, -0.002182, , , , , , , , , , , , , , , , , , , , , , , , , , , , 
15.8682115, 0.0048676, , , , , , , 15.8682115, 0.1156481, , , , , , , 15.8682115, 0.0597543, , , , , , , 15.8682115, 0.0011749, , , , , , , , , , , , , , , , , , , , , , , , , , , , 
15.8687308, 0.0011749, , , , , , , 15.8687308, 0.1159838, , , , , , , 15.8687308, 0.0582437, , , , , , , 15.8687308, 0.0018463, , , , , , , , , , , , , , , , , , , , , , , , , , , , 
15.86925, 0.0038605, , , , , , , 15.86925, 0.1488823, , , , , , , 15.86925, 0.040116, , , , , , , 15.86925, -0.0005035, , , , , , , , , , , , , , , , , , , , , , , , , , , , 
15.8697692, 0.0085603, , , , , , , 15.8697692, 0.1485466, , , , , , , 15.8697692, 0.0223239, , , , , , , 15.8697692, -0.0048676, , , , , , , , , , , , , , , , , , , , , , , , , , , , 
15.8702885, 0.014435, , , , , , , 15.8702885, 0.0971847, , , , , , , 15.8702885, 0.0172885, , , , , , , 15.8702885, -0.0097353, , , , , , , , , , , , , , , , , , , , , , , , , , , , 
15.8708077, 0.023331, , , , , , , 15.8708077, 0.0710002, , , , , , , 15.8708077, 0.0152743, , , , , , , 15.8708077, -0.012253, , , , , , , , , , , , , , , , , , , , , , , , , , , , 
15.8713269, 0.0327306, , , , , , , 15.8713269, 0.0755322, , , , , , , 15.8713269, 0.0001678, , , , , , , 15.8713269, -0.0125887, , , , , , , , , , , , , , , , , , , , , , , , , , , , 
15.8718462, 0.0431373, , , , , , , 15.8718462, 0.0562295, , , , , , , 15.8718462, -0.0297093, , , , , , , 15.8718462, -0.0119173, , , , , , , , , , , , , , , , , , , , , , , , , , , , 
15.8723654, 0.0515297, , , , , , , 15.8723654, 0.0127565, , , , , , , 15.8723654, -0.0666361, , , , , , , 15.8723654, -0.0112459, , , , , , , , , , , , , , , , , , , , , , , , , , , , 
15.8728846, 0.0548867, , , , , , , 15.8728846, 0.0146029, , , , , , , 15.8728846, -0.0961776, , , , , , , 15.8728846, -0.0112459, , , , , , , , , , , , , , , , , , , , , , , , , , , , 
15.8734038, 0.0572366, , , , , , , 15.8734038, 0.0488441, , , , , , , 15.8734038, -0.1119554, , , , , , , 15.8734038, -0.0162814, , , , , , , , , , , , , , , , , , , , , , , , , , , , 
15.8739231, 0.0666361, , , , , , , 15.8739231, 0.0407874, , , , , , , 15.8739231, -0.1156481, , , , , , , 15.8739231, -0.0243381, , , , , , , , , , , , , , , , , , , , , , , , , , , , 
15.8744423, 0.0844282, , , , , , , 15.8744423, -0.0263523, , , , , , , 15.8744423, -0.111284, , , , , , , 15.8744423, -0.0327306, , , , , , , , , , , , , , , , , , , , , , , , , , , , 
15.8749615, 0.0978561, , , , , , , 15.8749615, -0.1109483, , , , , , , 15.8749615, -0.102388, , , , , , , 15.8749615, -0.0370947, , , , , , , , , , , , , , , , , , , , , , , , , , , , 
15.8754808, 0.1005417, , , , , , , 15.8754808, -0.1911803, , , , , , , 15.8754808, -0.0924849, , , , , , , 15.8754808, -0.0391089, , , , , , , , , , , , , , , , , , , , , , , , , , , , 
15.876, 0.0941634, , , , , , , 15.876, -0.2517739, , , , , , , 15.876, -0.0810712, , , , , , , 15.876, -0.0384375, , , , , , , , , , , , , , , , , , , , , , , , , , , , 
15.8765192, 0.0861067, , , , , , , 15.8765192, -0.3163958, , , , , , , 15.8765192, -0.0686503, , , , , , , 15.8765192, -0.0339055, , , , , , , , , , , , , , , , , , , , , , , , , , , , 
15.8770385, 0.0829175, , , , , , , 15.8770385, -0.3375448, , , , , , , 15.8770385, -0.0558938, , , , , , , 15.8770385, -0.0263523, , , , , , , , , , , , , , , , , , , , , , , , , , , , 
15.8775577, 0.0840925, , , , , , , 15.8775577, -0.2458991, , , , , , , 15.8775577, -0.0453193, , , , , , , 15.8775577, -0.0176242, , , , , , , , , , , , , , , , , , , , , , , , , , , , 
15.8780769, 0.0817426, , , , , , , 15.8780769, -0.1263905, , , , , , , 15.8780769, -0.0399481, , , , , , , 15.8780769, -0.0092317, , , , , , , , , , , , , , , , , , , , , , , , , , , , 
15.8785962, 0.0726787, , , , , , , 15.8785962, -0.0783856, , , , , , , 15.8785962, -0.0381018, , , , , , , 15.8785962, -0.0031891, , , , , , , , , , , , , , , , , , , , , , , , , , , , 
15.8791154, 0.0589151, , , , , , , 15.8791154, -0.0750286, , , , , , , 15.8791154, -0.0414588, , , , , , , 15.8791154, 0.0015106, , , , , , , , , , , , , , , , , , , , , , , , , , , , 
15.8796346, 0.0394446, , , , , , , 15.8796346, -0.0458228, , , , , , , 15.8796346, -0.0411231, , , , , , , 15.8796346, 0.0115816, , , , , , , , , , , , , , , , , , , , , , , , , , , , 
15.8801538, 0.0182956, , , , , , , 15.8801538, 0.0001678, , , , , , , 15.8801538, -0.0287022, , , , , , , 15.8801538, 0.0253452, , , , , , , , , , , , , , , , , , , , , , , , , , , , 
15.8806731, 0.0001678, , , , , , , 15.8806731, 0.0276951, , , , , , , 15.8806731, -0.0135958, , , , , , , 15.8806731, 0.0391089, , , , , , , , , , , , , , , , , , , , , , , , , , , , 
15.8811923, -0.0137636, , , , , , , 15.8811923, 0.0276951, , , , , , , 15.8811923, -0.0028534, , , , , , , 15.8811923, 0.0522011, , , , , , , , , , , , , , , , , , , , , , , , , , , , 
15.8817115, -0.0261845, , , , , , , 15.8817115, 0.018967, , , , , , , 15.8817115, 0.0048676, , , , , , , 15.8817115, 0.063447, , , , , , , , , , , , , , , , , , , , , , , , , , , , 
15.8822308, -0.0344091, , , , , , , 15.8822308, 0.0045319, , , , , , , 15.8822308, 0.0159457, , , , , , , 15.8822308, 0.0715038, , , , , , , , , , , , , , , , , , , , , , , , , , , , 
15.88275, -0.0407874, , , , , , , 15.88275, -0.0162814, , , , , , , 15.88275, 0.0246738, , , , , , , 15.88275, 0.0809033, , , , , , , , , , , , , , , , , , , , , , , , , , , , 
15.8832692, -0.0438087, , , , , , , 15.8832692, -0.012253, , , , , , , 15.8832692, 0.0293736, , , , , , , 15.8832692, 0.0882887, , , , , , , , , , , , , , , , , , , , , , , , , , , , 
15.8837885, -0.0360876, , , , , , , 15.8837885, 0.0095674, , , , , , , 15.8837885, 0.033402, , , , , , , 15.8837885, 0.085771, , , , , , , , , , , , , , , , , , , , , , , , , , , , 
15.8843077, -0.0270237, , , , , , , 15.8843077, 0.0307164, , , , , , , 15.8843077, 0.0372625, , , , , , , 15.8843077, 0.0807355, , , , , , , , , , , , , , , , , , , , , , , , , , , , 
15.8848269, -0.0216526, , , , , , , 15.8848269, 0.0720073, , , , , , , 15.8848269, 0.0377661, , , , , , , 15.8848269, 0.0755322, , , , , , , , , , , , , , , , , , , , , , , , , , , , 
15.8853462, -0.0196384, , , , , , , 15.8853462, 0.160296, , , , , , , 15.8853462, 0.0359197, , , , , , , 15.8853462, 0.0663005, , , , , , , , , , , , , , , , , , , , , , , , , , , , 
15.8858654, -0.0176242, , , , , , , 15.8858654, 0.2593271, , , , , , , 15.8858654, 0.0323949, , , , , , , 15.8858654, 0.054551, , , , , , , , , , , , , , , , , , , , , , , , , , , , 
15.8863846, -0.0132601, , , , , , , 15.8863846, 0.2942397, , , , , , , 15.8863846, 0.0327306, , , , , , , 15.8863846, 0.0481727, , , , , , , , , , , , , , , , , , , , , , , , , , , , 
15.8869038, -0.0115816, , , , , , , 15.8869038, 0.2385138, , , , , , , 15.8869038, 0.0344091, , , , , , , 15.8869038, 0.0428016, , , , , , , , , , , , , , , , , , , , , , , , , , , , 
15.8874231, -0.0115816, , , , , , , 15.8874231, 0.1371328, , , , , , , 15.8874231, 0.0374304, , , , , , , 15.8874231, 0.0347448, , , , , , , , , , , , , , , , , , , , , , , , , , , , 
15.8879423, -0.005539, , , , , , , 15.8879423, 0.0713359, , , , , , , 15.8879423, 0.043473, , , , , , , 15.8879423, 0.0297093, , , , , , , , , , , , , , , , , , , , , , , , , , , , 
15.8884615, 0.0087282, , , , , , , 15.8884615, 0.0842603, , , , , , , 15.8884615, 0.0464942, , , , , , , 15.8884615, 0.0276951, , , , , , , , , , , , , , , , , , , , , , , , , , , , 
15.8889808, 0.0219883, , , , , , , 15.8889808, 0.0904707, , , , , , , 15.8889808, 0.0468299, , , , , , , 15.8889808, 0.023331, , , , , , , , , , , , , , , , , , , , , , , , , , , , 
15.8895, 0.0305486, , , , , , , 15.8895, 0.043473, , , , , , , 15.8895, 0.0491798, , , , , , , 15.8895, 0.0167849, , , , , , , , , , , , , , , , , , , , , , , , , , , , 
15.8900192, 0.0317235, , , , , , , 15.8900192, -0.0129244, , , , , , , 15.8900192, 0.0464942, , , , , , , 15.8900192, 0.0119173, , , , , , , , , , , , , , , , , , , , , , , , , , , , 
15.8905385, 0.0320592, , , , , , , 15.8905385, -0.0663005, , , , , , , 15.8905385, 0.0357519, , , , , , , 15.8905385, 0.008896, , , , , , , , , , , , , , , , , , , , , , , , , , , , 
15.8910577, 0.033402, , , , , , , 15.8910577, -0.1320974, , , , , , , 15.8910577, 0.026688, , , , , , , 15.8910577, 0.0068818, , , , , , , , , , , , , , , , , , , , , , , , , , , , 
15.8915769, 0.0387732, , , , , , , 15.8915769, -0.1856413, , , , , , , 15.8915769, 0.026688, , , , , , , 15.8915769, 0.0062104, , , , , , , , , , , , , , , , , , , , , , , , , , , , 
15.8920962, 0.0488441, , , , , , , 15.8920962, -0.1854734, , , , , , , 15.8920962, 0.0263523, , , , , , , 15.8920962, 0.0035248, , , , , , , , , , , , , , , , , , , , , , , , , , , , 
15.8926154, 0.0542153, , , , , , , 15.8926154, -0.1485466, , , , , , , 15.8926154, 0.0179599, , , , , , , 15.8926154, -0.0045319, , , , , , , , , , , , , , , , , , , , , , , , , , , , 
15.8931346, 0.0475013, , , , , , , 15.8931346, -0.1196765, , , , , , , 15.8931346, 0.002182, , , , , , , 15.8931346, -0.0152743, , , , , , , , , , , , , , , , , , , , , , , , , , , , 
15.8936538, 0.0397803, , , , , , , 15.8936538, -0.105745, , , , , , , 15.8936538, -0.0176242, , , , , , , 15.8936538, -0.0276951, , , , , , , , , , , , , , , , , , , , , , , , , , , , 
15.8941731, 0.0407874, , , , , , , 15.8941731, -0.0793927, , , , , , , 15.8941731, -0.0384375, , , , , , , 15.8941731, -0.0424659, , , , , , , , , , , , , , , , , , , , , , , , , , , , 
15.8946923, 0.0475013, , , , , , , 15.8946923, -0.0433051, , , , , , , 15.8946923, -0.0540475, , , , , , , 15.8946923, -0.0525368, , , , , , , , , , , , , , , , , , , , , , , , , , , , 
15.8952115, 0.0513619, , , , , , , 15.8952115, 0.0058747, , , , , , , 15.8952115, -0.0587472, , , , , , , 15.8952115, -0.0555581, , , , , , , , , , , , , , , , , , , , , , , , , , , , 
15.8957308, 0.0495155, , , , , , , 15.8957308, 0.0562295, , , , , , , 15.8957308, -0.0599222, , , , , , , 15.8957308, -0.057908, , , , , , , , , , , , , , , , , , , , , , , , , , , , 
15.89625, 0.0495155, , , , , , , 15.89625, 0.068986, , , , , , , 15.89625, -0.0656291, , , , , , , 15.89625, -0.0597543, , , , , , , , , , , , , , , , , , , , , , , , , , , , 
15.8967692, 0.0515297, , , , , , , 15.8967692, 0.0344091, , , , , , , 15.8967692, -0.0686503, , , , , , , 15.8967692, -0.0619364, , , , , , , , , , , , , , , , , , , , , , , , , , , , 
15.8972885, 0.0501869, , , , , , , 15.8972885, -0.036759, , , , , , , 15.8972885, -0.0599222, , , , , , , 15.8972885, -0.0626078, , , , , , , , , , , , , , , , , , , , , , , , , , , , 
15.8978077, 0.0360876, , , , , , , 15.8978077, -0.1176623, , , , , , , 15.8978077, -0.0451514, , , , , , , 15.8978077, -0.0605936, , , , , , , , , , , , , , , , , , , , , , , , , , , , 
15.8983269, 0.0199741, , , , , , , 15.8983269, -0.1717098, , , , , , , 15.8983269, -0.0354162, , , , , , , 15.8983269, -0.0518654, , , , , , , , , , , , , , , , , , , , , , , , , , , , 
15.8988462, 0.0206455, , , , , , , 15.8988462, -0.1844663, , , , , , , 15.8988462, -0.0270237, , , , , , , 15.8988462, -0.0370947, , , , , , , , , , , , , , , , , , , , , , , , , , , , 
15.8993654, 0.0374304, , , , , , , 15.8993654, -0.1240406, , , , , , , 15.8993654, -0.0149386, , , , , , , 15.8993654, -0.0182956, , , , , , , , , , , , , , , , , , , , , , , , , , , , 
15.8998846, 0.0459907, , , , , , , 15.8998846, -0.0159457, , , , , , , 15.8998846, -0.0041962, , , , , , , 15.8998846, 0.0065461, , , , , , , , , , , , , , , , , , , , , , , , , , , , 
15.9004038, 0.033402, , , , , , , 15.9004038, 0.0782177, , , , , , , 15.9004038, -0.0015106, , , , , , , 15.9004038, 0.0337377, , , , , , , , , , , , , , , , , , , , , , , , , , , , 
15.9009231, 0.0135958, , , , , , , 15.9009231, 0.1285725, , , , , , , 15.9009231, -0.0035248, , , , , , , 15.9009231, 0.0569009, , , , , , , , , , , , , , , , , , , , , , , , , , , , 
15.9014423, -0.0035248, , , , , , , 15.9014423, 0.1136339, , , , , , , 15.9014423, -0.0045319, , , , , , , 15.9014423, 0.0733501, , , , , , , , , , , , , , , , , , , , , , , , , , , , 
15.9019615, -0.0208133, , , , , , , 15.9019615, 0.0639506, , , , , , , 15.9019615, -0.0046998, , , , , , , 15.9019615, 0.0830854, , , , , , , , , , , , , , , , , , , , , , , , , , , , 
15.9024808, -0.0421302, , , , , , , 15.9024808, 0.0320592, , , , , , , 15.9024808, -0.0057069, , , , , , , 15.9024808, 0.0861067, , , , , , , , , , , , , , , , , , , , , , , , , , , , 
15.903, -0.0622721, , , , , , , 15.903, 0.0325628, , , , , , , 15.903, -0.0082246, , , , , , , 15.903, 0.0827497, , , , , , , , , , , , , , , , , , , , , , , , , , , , 
15.9035192, -0.0716716, , , , , , , 15.9035192, 0.0327306, , , , , , , 15.9035192, -0.0068818, , , , , , , 15.9035192, 0.072343, , , , , , , , , , , , , , , , , , , , , , , , , , , , 
15.9040385, -0.0666361, , , , , , , 15.9040385, -0.0008392, , , , , , , 15.9040385, -0.0070497, , , , , , , 15.9040385, 0.057908, , , , , , , , , , , , , , , , , , , , , , , , , , , , 
15.9045577, -0.0488441, , , , , , , 15.9045577, -0.0392767, , , , , , , 15.9045577, -0.0115816, , , , , , , 15.9045577, 0.0438087, , , , , , , , , , , , , , , , , , , , , , , , , , , , 
15.9050769, -0.0313878, , , , , , , 15.9050769, -0.0471656, , , , , , , 15.9050769, -0.0139315, , , , , , , 15.9050769, 0.0337377, , , , , , , , , , , , , , , , , , , , , , , , , , , , 
15.9055962, -0.0219883, , , , , , , 15.9055962, -0.0498512, , , , , , , 15.9055962, -0.0139315, , , , , , , 15.9055962, 0.0287022, , , , , , , , , , , , , , , , , , , , , , , , , , , , 
15.9061154, -0.0203098, , , , , , , 15.9061154, -0.0777142, , , , , , , 15.9061154, -0.0132601, , , , , , , 15.9061154, 0.0256809, , , , , , , , , , , , , , , , , , , , , , , , , , , , 
15.9066346, -0.0171206, , , , , , , 15.9066346, -0.0864424, , , , , , , 15.9066346, -0.0115816, , , , , , , 15.9066346, 0.0218204, , , , , , , , , , , , , , , , , , , , , , , , , , , , 
15.9071538, -0.0115816, , , , , , , 15.9071538, -0.0323949, , , , , , , 15.9071538, -0.0102388, , , , , , , 15.9071538, 0.0159457, , , , , , , , , , , , , , , , , , , , , , , , , , , , 
15.9076731, -0.0115816, , , , , , , 15.9076731, 0.0293736, , , , , , , 15.9076731, -0.0090639, , , , , , , 15.9076731, 0.0119173, , , , , , , , , , , , , , , , , , , , , , , , , , , , 
15.9081923, -0.012253, , , , , , , 15.9081923, 0.0481727, , , , , , , 15.9081923, -0.0045319, , , , , , , 15.9081923, 0.0099031, , , , , , , , , , , , , , , , , , , , , , , , , , , , 
15.9087115, -0.0062104, , , , , , , 15.9087115, 0.0196384, , , , , , , 15.9087115, 0.0038605, , , , , , , 15.9087115, 0.008896, , , , , , , , , , , , , , , , , , , , , , , , , , , , 
15.9092308, 0.0018463, , , , , , , 15.9092308, -0.0438087, , , , , , , 15.9092308, 0.0181277, , , , , , , 15.9092308, 0.0092317, , , , , , , , , , , , , , , , , , , , , , , , , , , , 
15.90975, 0.005539, , , , , , , 15.90975, -0.1139696, , , , , , , 15.90975, 0.0330663, , , , , , , 15.90975, 0.0112459, , , , , , , , , , , , , , , , , , , , , , , , , , , , 
15.9102692, 0.0105745, , , , , , , 15.9102692, -0.1520714, , , , , , , 15.9102692, 0.0424659, , , , , , , 15.9102692, 0.0132601, , , , , , , , , , , , , , , , , , , , , , , , , , , , 
15.9107885, 0.0199741, , , , , , , 15.9107885, -0.1592889, , , , , , , 15.9107885, 0.0446479, , , , , , , 15.9107885, 0.0142672, , , , , , , , , , , , , , , , , , , , , , , , , , , , 
15.9113077, 0.0224918, , , , , , , 15.9113077, -0.1277333, , , , , , , 15.9113077, 0.0406195, , , , , , , 15.9113077, 0.0132601, , , , , , , , , , , , , , , , , , , , , , , , , , , , 
15.9118269, 0.0184634, , , , , , , 15.9118269, -0.0451514, , , , , , , 15.9118269, 0.0377661, , , , , , , 15.9118269, 0.0115816, , , , , , , , , , , , , , , , , , , , , , , , , , , , 
15.9123462, 0.0132601, , , , , , , 15.9123462, 0.0394446, , , , , , , 15.9123462, 0.0381018, , , , , , , 15.9123462, 0.0072175, , , , , , , , , , , , , , , , , , , , , , , , , , , , 
15.9128654, 0.0124208, , , , , , , 15.9128654, 0.070161, , , , , , , 15.9128654, 0.0344091, , , , , , , 15.9128654, -0.0001678, , , , , , , , , , , , , , , , , , , , , , , , , , , , 
15.9133846, 0.0172885, , , , , , , 15.9133846, 0.0580758, , , , , , , 15.9133846, 0.0243381, , , , , , , 15.9133846, -0.0095674, , , , , , , , , , , , , , , , , , , , , , , , , , , , 
15.9139038, 0.0270237, , , , , , , 15.9139038, 0.0391089, , , , , , , 15.9139038, 0.0085603, , , , , , , 15.9139038, -0.0176242, , , , , , , , , , , , , , , , , , , , , , , , , , , , 
15.9144231, 0.0394446, , , , , , , 15.9144231, 0.0280308, , , , , , , 15.9144231, -0.0105745, , , , , , , 15.9144231, -0.0203098, , , , , , , , , , , , , , , , , , , , , , , , , , , , 
15.9149423, 0.0485084, , , , , , , 15.9149423, 0.024506, , , , , , , 15.9149423, -0.0283665, , , , , , , 15.9149423, -0.0236667, , , , , , , , , , , , , , , , , , , , , , , , , , , , 
15.9154615, 0.0535439, , , , , , , 15.9154615, 0.0271916, , , , , , , 15.9154615, -0.0424659, , , , , , , 15.9154615, -0.0283665, , , , , , , , , , , , , , , , , , , , , , , , , , , , 
15.9159808, 0.0515297, , , , , , , 15.9159808, 0.0325628, , , , , , , 15.9159808, -0.0552224, , , , , , , 15.9159808, -0.0317235, , , , , , , , , , , , , , , , , , , , , , , , , , , , 
15.9165, 0.0515297, , , , , , , 15.9165, 0.0374304, , , , , , , 15.9165, -0.0637827, , , , , , , 15.9165, -0.0340734, , , , , , , , , , , , , , , , , , , , , , , , , , , , 
15.9170192, 0.061265, , , , , , , 15.9170192, 0.0352483, , , , , , , 15.9170192, -0.0686503, , , , , , , 15.9170192, -0.0350805, , , , , , , , , , , , , , , , , , , , , , , , , , , , 
15.9175385, 0.0693217, , , , , , , 15.9175385, 0.054551, , , , , , , 15.9175385, -0.0780499, , , , , , , 15.9175385, -0.0307164, , , , , , , , , , , , , , , , , , , , , , , , , , , , 
15.9180577, 0.0592508, , , , , , , 15.9180577, 0.1159838, , , , , , , 15.9180577, -0.0881209, , , , , , , 15.9180577, -0.0226596, , , , , , , , , , , , , , , , , , , , , , , , , , , , 
15.9185769, 0.0454871, , , , , , , 15.9185769, 0.1831235, , , , , , , 15.9185769, -0.0904707, , , , , , , 15.9185769, -0.0164492, , , , , , , , , , , , , , , , , , , , , , , , , , , , 
15.9190962, 0.0414588, , , , , , , 15.9190962, 0.2507668, , , , , , , 15.9190962, -0.0830854, , , , , , , 15.9190962, -0.0130922, , , , , , , , , , , , , , , , , , , , , , , , , , , , 
15.9196154, 0.0381018, , , , , , , 15.9196154, 0.3002823, , , , , , , 15.9196154, -0.0728466, , , , , , , 15.9196154, -0.0065461, , , , , , , , , , , , , , , , , , , , , , , , , , , , 
15.9201346, 0.0280308, , , , , , , 15.9201346, 0.2593271, , , , , , , 15.9201346, -0.0632792, , , , , , , 15.9201346, 0.0038605, , , , , , , , , , , , , , , , , , , , , , , , , , , , 
15.9206538, 0.0139315, , , , , , , 15.9206538, 0.1310903, , , , , , , 15.9206538, -0.0538796, , , , , , , 15.9206538, 0.0159457, , , , , , , , , , , , , , , , , , , , , , , , , , , , 
15.9211731, -0.0001678, , , , , , , 15.9211731, -0.0186313, , , , , , , 15.9211731, -0.042298, , , , , , , 15.9211731, 0.026688, , , , , , , , , , , , , , , , , , , , , , , , , , , , 
15.9216923, -0.0146029, , , , , , , 15.9216923, -0.1621424, , , , , , , 15.9216923, -0.0303807, , , , , , , 15.9216923, 0.0347448, , , , , , , , , , , , , , , , , , , , , , , , , , , , 
15.9222115, -0.0303807, , , , , , , 15.9222115, -0.2754406, , , , , , , 15.9222115, -0.0216526, , , , , , , 15.9222115, 0.0438087, , , , , , , , , , , , , , , , , , , , , , , , , , , , 
15.9227308, -0.0424659, , , , , , , 15.9227308, -0.2955825, , , , , , , 15.9227308, -0.0151064, , , , , , , 15.9227308, 0.0491798, , , , , , , , , , , , , , , , , , , , , , , , , , , , 
15.92325, -0.0417945, , , , , , , 15.92325, -0.2057832, , , , , , , 15.92325, -0.0075532, , , , , , , 15.92325, 0.051194, , , , , , , , , , , , , , , , , , , , , , , , , , , , 
15.9237692, -0.0317235, , , , , , , 15.9237692, -0.093492, , , , , , , 15.9237692, 0.0005035, , , , , , , 15.9237692, 0.0475013, , , , , , , , , , , , , , , , , , , , , , , , , , , , 
15.9242885, -0.0226596, , , , , , , 15.9242885, -0.0424659, , , , , , , 15.9242885, 0.0065461, , , , , , , 15.9242885, 0.0374304, , , , , , , , , , , , , , , , , , , , , , , , , , , , 
15.9248077, -0.0246738, , , , , , , 15.9248077, -0.0453193, , , , , , , 15.9248077, 0.0115816, , , , , , , 15.9248077, 0.0276951, , , , , , , , , , , , , , , , , , , , , , , , , , , , 
15.9253269, -0.0313878, , , , , , , 15.9253269, -0.0273594, , , , , , , 15.9253269, 0.0182956, , , , , , , 15.9253269, 0.0253452, , , , , , , , , , , , , , , , , , , , , , , , , , , , 
15.9258462, -0.0340734, , , , , , , 15.9258462, 0.047837, , , , , , , 15.9258462, 0.0243381, , , , , , , 15.9258462, 0.0347448, , , , , , , , , , , , , , , , , , , , , , , , , , , , 
15.9263654, -0.0293736, , , , , , , 15.9263654, 0.0978561, , , , , , , 15.9263654, 0.0283665, , , , , , , 15.9263654, 0.0488441, , , , , , , , , , , , , , , , , , , , , , , , , , , , 
15.9268846, -0.0236667, , , , , , , 15.9268846, 0.0777142, , , , , , , 15.9268846, 0.0302129, , , , , , , 15.9268846, 0.0602579, , , , , , , , , , , , , , , , , , , , , , , , , , , , 
15.9274038, -0.0203098, , , , , , , 15.9274038, 0.0258488, , , , , , , 15.9274038, 0.030045, , , , , , , 15.9274038, 0.0686503, , , , , , , , , , , , , , , , , , , , , , , , , , , , 
15.9279231, -0.0193027, , , , , , , 15.9279231, -0.0206455, , , , , , , 15.9279231, 0.0307164, , , , , , , 15.9279231, 0.0703288, , , , , , , , , , , , , , , , , , , , , , , , , , , , 
15.9284423, -0.0193027, , , , , , , 15.9284423, -0.0663005, , , , , , , 15.9284423, 0.033402, , , , , , , 15.9284423, 0.0642863, , , , , , , , , , , , , , , , , , , , , , , , , , , , 
15.9289615, -0.0179599, , , , , , , 15.9289615, -0.1173266, , , , , , , 15.9289615, 0.0344091, , , , , , , 15.9289615, 0.0538796, , , , , , , , , , , , , , , , , , , , , , , , , , , , 
15.9294808, -0.0166171, , , , , , , 15.9294808, -0.1300832, , , , , , , 15.9294808, 0.0320592, , , , , , , 15.9294808, 0.0426337, , , , , , , , , , , , , , , , , , , , , , , , , , , , 
15.93, -0.0125887, , , , , , , 15.93, -0.0659648, , , , , , , 15.93, 0.0298772, , , , , , , 15.93, 0.0318914, , , , , , , , , , , , , , , , , , , , , , , , , , , , 
15.9305192, -0.0078889, , , , , , , 15.9305192, 0.0339055, , , , , , , 15.9305192, 0.026688, , , , , , , 15.9305192, 0.0226596, , , , , , , , , , , , , , , , , , , , , , , , , , , , 
15.9310385, -0.002182, , , , , , , 15.9310385, 0.1216907, , , , , , , 15.9310385, 0.0240024, , , , , , , 15.9310385, 0.0142672, , , , , , , , , , , , , , , , , , , , , , , , , , , , 
15.9315577, 0.0038605, , , , , , , 15.9315577, 0.1701991, , , , , , , 15.9315577, 0.0226596, , , , , , , 15.9315577, 0.0077211, , , , , , , , , , , , , , , , , , , , , , , , , , , , 
15.9320769, 0.0052033, , , , , , , 15.9320769, 0.1804379, , , , , , , 15.9320769, 0.0204776, , , , , , , 15.9320769, 0.0038605, , , , , , , , , , , , , , , , , , , , , , , , , , , , 
15.9325962, 0.0008392, , , , , , , 15.9325962, 0.1488823, , , , , , , 15.9325962, 0.0139315, , , , , , , 15.9325962, 0.0023499, , , , , , , , , , , , , , , , , , , , , , , , , , , , 
15.9331154, 0.0031891, , , , , , , 15.9331154, 0.0527047, , , , , , , 15.9331154, 0.0031891, , , , , , , 15.9331154, -0.0011749, , , , , , , , , , , , , , , , , , , , , , , , , , , , 
15.9336346, 0.0166171, , , , , , , 15.9336346, -0.054551, , , , , , , 15.9336346, -0.0031891, , , , , , , 15.9336346, -0.0078889, , , , , , , , , , , , , , , , , , , , , , , , , , , , 
15.9341538, 0.033402, , , , , , , 15.9341538, -0.1136339, , , , , , , 15.9341538, -0.005539, , , , , , , 15.9341538, -0.01561, , , , , , , , , , , , , , , , , , , , , , , , , , , , 
15.9346731, 0.0453193, , , , , , , 15.9346731, -0.1354543, , , , , , , 15.9346731, -0.0075532, , , , , , , 15.9346731, -0.0196384, , , , , , , , , , , , , , , , , , , , , , , , , , , , 
15.9351923, 0.0508583, , , , , , , 15.9351923, -0.1752346, , , , , , , 15.9351923, -0.0109102, , , , , , , 15.9351923, -0.0243381, , , , , , , , , , , , , , , , , , , , , , , , , , , , 
15.9357115, 0.051194, , , , , , , 15.9357115, -0.2472419, , , , , , , 15.9357115, -0.0060426, , , , , , , 15.9357115, -0.0287022, , , , , , , , , , , , , , , , , , , , , , , , , , , , 
15.9362308, 0.0542153, , , , , , , 15.9362308, -0.2704051, , , , , , , 15.9362308, 0.0172885, , , , , , , 15.9362308, -0.0276951, , , , , , , , , , , , , , , , , , , , , , , , , , , , 
15.93675, 0.0582437, , , , , , , 15.93675, -0.1911803, , , , , , , 15.93675, 0.0481727, , , , , , , 15.93675, -0.027863, , , , , , , , , , , , , , , , , , , , , , , , , , , , 
15.9372692, 0.0565652, , , , , , , 15.9372692, -0.0881209, , , , , , , 15.9372692, 0.0622721, , , , , , , 15.9372692, -0.0290379, , , , , , , , , , , , , , , , , , , , , , , , , , , , 
15.9377885, 0.0555581, , , , , , , 15.9377885, -0.0572366, , , , , , , 15.9377885, 0.0592508, , , , , , , 15.9377885, -0.0243381, , , , , , , , , , , , , , , , , , , , , , , , , , , , 
15.9383077, 0.0553902, , , , , , , 15.9383077, -0.0609293, , , , , , , 15.9383077, 0.0495155, , , , , , , 15.9383077, -0.0176242, , , , , , , , , , , , , , , , , , , , , , , , , , , , 
15.9388269, 0.0599222, , , , , , , 15.9388269, -0.0216526, , , , , , , 15.9388269, 0.0354162, , , , , , , 15.9388269, -0.012253, , , , , , , , , , , , , , , , , , , , , , , , , , , , 
15.9393462, 0.0602579, , , , , , , 15.9393462, 0.0501869, , , , , , , 15.9393462, 0.0152743, , , , , , , 15.9393462, -0.0075532, , , , , , , , , , , , , , , , , , , , , , , , , , , , 
15.9398654, 0.0488441, , , , , , , 15.9398654, 0.0931563, , , , , , , 15.9398654, -0.0127565, , , , , , , 15.9398654, -0.0005035, , , , , , , , , , , , , , , , , , , , , , , , , , , , 
15.9403846, 0.0360876, , , , , , , 15.9403846, 0.0835889, , , , , , , 15.9403846, -0.0469978, , , , , , , 15.9403846, 0.0085603, , , , , , , , , , , , , , , , , , , , , , , , , , , , 
15.9409038, 0.0293736, , , , , , , 15.9409038, 0.0495155, , , , , , , 15.9409038, -0.0787213, , , , , , , 15.9409038, 0.0164492, , , , , , , , , , , , , , , , , , , , , , , , , , , , 
15.9414231, 0.0213169, , , , , , , 15.9414231, 0.0095674, , , , , , , 15.9414231, -0.0985275, , , , , , , 15.9414231, 0.0216526, , , , , , , , , , , , , , , , , , , , , , , , , , , , 
15.9419423, 0.0102388, , , , , , , 15.9419423, -0.026688, , , , , , , 15.9419423, -0.103563, , , , , , , 15.9419423, 0.0250095, , , , , , , , , , , , , , , , , , , , , , , , , , , , 
15.9424615, -0.0008392, , , , , , , 15.9424615, -0.0377661, , , , , , , 15.9424615, -0.0958419, , , , , , , 15.9424615, 0.0276951, , , , , , , , , , , , , , , , , , , , , , , , , , , , 
15.9429808, -0.0085603, , , , , , , 15.9429808, -0.0140993, , , , , , , 15.9429808, -0.0807355, , , , , , , 15.9429808, 0.0280308, , , , , , , , , , , , , , , , , , , , , , , , , , , , 
15.9435, -0.0135958, , , , , , , 15.9435, 0.0179599, , , , , , , 15.9435, -0.0627756, , , , , , , 15.9435, 0.0260166, , , , , , , , , , , , , , , , , , , , , , , , , , , , 
15.9440192, -0.0130922, , , , , , , 15.9440192, 0.0271916, , , , , , , 15.9440192, -0.0481727, , , , , , , 15.9440192, 0.0226596, , , , , , , , , , , , , , , , , , , , , , , , , , , , 
15.9445385, -0.0045319, , , , , , , 15.9445385, 0.0072175, , , , , , , 15.9445385, -0.0374304, , , , , , , 15.9445385, 0.0159457, , , , , , , , , , , , , , , , , , , , , , , , , , , , 
15.9450577, 0.0078889, , , , , , , 15.9450577, 0.002182, , , , , , , 15.9450577, -0.0297093, , , , , , , 15.9450577, 0.0072175, , , , , , , , , , , , , , , , , , , , , , , , , , , , 
15.9455769, 0.0182956, , , , , , , 15.9455769, 0.0555581, , , , , , , 15.9455769, -0.0229953, , , , , , , 15.9455769, 0.003357, , , , , , , , , , , , , , , , , , , , , , , , , , , , 
15.9460962, 0.0218204, , , , , , , 15.9460962, 0.0991989, , , , , , , 15.9460962, -0.0176242, , , , , , , 15.9460962, 0.0050355, , , , , , , , , , , , , , , , , , , , , , , , , , , , 
15.9466154, 0.0218204, , , , , , , 15.9466154, 0.0562295, , , , , , , 15.9466154, -0.0135958, , , , , , , 15.9466154, 0.0092317, , , , , , , , , , , , , , , , , , , , , , , , , , , , 
15.9471346, 0.0193027, , , , , , , 15.9471346, -0.0166171, , , , , , , 15.9471346, -0.0112459, , , , , , , 15.9471346, 0.0139315, , , , , , , , , , , , , , , , , , , , , , , , , , , , 
15.9476538, 0.0179599, , , , , , , 15.9476538, -0.0448157, , , , , , , 15.9476538, -0.0102388, , , , , , , 15.9476538, 0.0157778, , , , , , , , , , , , , , , , , , , , , , , , , , , , 
15.9481731, 0.0219883, , , , , , , 15.9481731, -0.0552224, , , , , , , 15.9481731, -0.0095674, , , , , , , 15.9481731, 0.0186313, , , , , , , , , , , , , , , , , , , , , , , , , , , , 
15.9486923, 0.0280308, , , , , , , 15.9486923, -0.0441444, , , , , , , 15.9486923, -0.0068818, , , , , , , 15.9486923, 0.0256809, , , , , , , , , , , , , , , , , , , , , , , , , , , , 
15.9492115, 0.0253452, , , , , , , 15.9492115, 0.0008392, , , , , , , 15.9492115, -0.0041962, , , , , , , 15.9492115, 0.0328985, , , , , , , , , , , , , , , , , , , , , , , , , , , , 
15.9497308, 0.0206455, , , , , , , 15.9497308, 0.0303807, , , , , , , 15.9497308, -0.0020142, , , , , , , 15.9497308, 0.0354162, , , , , , , , , , , , , , , , , , , , , , , , , , , , 
15.95025, 0.0193027, , , , , , , 15.95025, 0.0025177, , , , , , , 15.95025, 0.0023499, , , , , , , 15.95025, 0.0337377, , , , , , , , , , , , , , , , , , , , , , , , , , , , 
15.9507692, 0.0206455, , , , , , , 15.9507692, -0.0345769, , , , , , , 15.9507692, 0.0058747, , , , , , , 15.9507692, 0.0292058, , , , , , , , , , , , , , , , , , , , , , , , , , , , 
15.9512885, 0.0206455, , , , , , , 15.9512885, -0.026688, , , , , , , 15.9512885, 0.005539, , , , , , , 15.9512885, 0.0226596, , , , , , , , , , , , , , , , , , , , , , , , , , , , 
15.9518077, 0.0182956, , , , , , , 15.9518077, 0.0132601, , , , , , , 15.9518077, 0.0011749, , , , , , , 15.9518077, 0.0176242, , , , , , , , , , , , , , , , , , , , , , , , , , , , 
15.9523269, 0.0159457, , , , , , , 15.9523269, 0.0399481, , , , , , , 15.9523269, -0.0028534, , , , , , , 15.9523269, 0.0142672, , , , , , , , , , , , , , , , , , , , , , , , , , , , 
15.9528462, 0.0176242, , , , , , , 15.9528462, 0.0360876, , , , , , , 15.9528462, -0.0028534, , , , , , , 15.9528462, 0.0104067, , , , , , , , , , , , , , , , , , , , , , , , , , , , 
15.9533654, 0.0283665, , , , , , , 15.9533654, 0.0310521, , , , , , , 15.9533654, 0.0005035, , , , , , , 15.9533654, 0.0025177, , , , , , , , , , , , , , , , , , , , , , , , , , , , 
15.9538846, 0.0480049, , , , , , , 15.9538846, 0.0458228, , , , , , , 15.9538846, 0.0031891, , , , , , , 15.9538846, -0.0085603, , , , , , , , , , , , , , , , , , , , , , , , , , , , 
15.9544038, 0.0676432, , , , , , , 15.9544038, 0.0421302, , , , , , , 15.9544038, 0.0025177, , , , , , , 15.9544038, -0.0199741, , , , , , , , , , , , , , , , , , , , , , , , , , , , 
15.9549231, 0.0777142, , , , , , , 15.9549231, 0.0062104, , , , , , , 15.9549231, 0.0010071, , , , , , , 15.9549231, -0.0256809, , , , , , , , , , , , , , , , , , , , , , , , , , , , 
15.9554423, 0.0750286, , , , , , , 15.9554423, -0.0365911, , , , , , , 15.9554423, 0.0011749, , , , , , , 15.9554423, -0.0271916, , , , , , , , , , , , , , , , , , , , , , , , , , , , 
15.9559615, 0.0622721, , , , , , , 15.9559615, -0.0743572, , , , , , , 15.9559615, 0.0045319, , , , , , , 15.9559615, -0.0240024, , , , , , , , , , , , , , , , , , , , , , , , , , , , 
15.9564808, 0.0498512, , , , , , , 15.9564808, -0.1022202, , , , , , , 15.9564808, 0.0075532, , , , , , , 15.9564808, -0.0166171, , , , , , , , , , , , , , , , , , , , , , , , , , , , 
15.957, 0.0397803, , , , , , , 15.957, -0.1173266, , , , , , , 15.957, 0.0078889, , , , , , , 15.957, -0.0065461, , , , , , , , , , , , , , , , , , , , , , , , , , , , 
15.9575192, 0.0265202, , , , , , , 15.9575192, -0.0995346, , , , , , , 15.9575192, 0.0090639, , , , , , , 15.9575192, 0.0058747, , , , , , , , , , , , , , , , , , , , , , , , , , , , 
15.9580385, 0.0119173, , , , , , , 15.9580385, -0.0516976, , , , , , , 15.9580385, 0.0115816, , , , , , , 15.9580385, 0.0206455, , , , , , , , , , , , , , , , , , , , , , , , , , , , 
15.9585577, 0.0020142, , , , , , , 15.9585577, -0.0048676, , , , , , , 15.9585577, 0.0125887, , , , , , , 15.9585577, 0.0313878, , , , , , , , , , , , , , , , , , , , , , , , , , , , 
15.9590769, -0.0028534, , , , , , , 15.9590769, 0.0320592, , , , , , , 15.9590769, 0.0102388, , , , , , , 15.9590769, 0.0347448, , , , , , , , , , , , , , , , , , , , , , , , , , , , 
15.9595962, -0.0070497, , , , , , , 15.9595962, 0.0569009, , , , , , , 15.9595962, 0.0062104, , , , , , , 15.9595962, 0.0374304, , , , , , , , , , , , , , , , , , , , , , , , , , , , 
15.9601154, -0.0229953, , , , , , , 15.9601154, 0.0555581, , , , , , , 15.9601154, 0.0041962, , , , , , , 15.9601154, 0.0431373, , , , , , , , , , , , , , , , , , , , , , , , , , , , 
15.9606346, -0.0466621, , , , , , , 15.9606346, 0.033402, , , , , , , 15.9606346, 0.0011749, , , , , , , 15.9606346, 0.0506905, , , , , , , , , , , , , , , , , , , , , , , , , , , , 
15.9611538, -0.06009, , , , , , , 15.9611538, 0.0011749, , , , , , , 15.9611538, -0.0038605, , , , , , , 15.9611538, 0.0599222, , , , , , , , , , , , , , , , , , , , , , , , , , , , 
15.9616731, -0.0565652, , , , , , , 15.9616731, -0.0391089, , , , , , , 15.9616731, -0.0077211, , , , , , , 15.9616731, 0.0676432, , , , , , , , , , , , , , , , , , , , , , , , , , , , 
15.9621923, -0.0501869, , , , , , , 15.9621923, -0.0592508, , , , , , , 15.9621923, -0.0112459, , , , , , , 15.9621923, 0.068986, , , , , , , , , , , , , , , , , , , , , , , , , , , , 
15.9627115, -0.0528725, , , , , , , 15.9627115, -0.0374304, , , , , , , 15.9627115, -0.0139315, , , , , , , 15.9627115, 0.0654612, , , , , , , , , , , , , , , , , , , , , , , , , , , , 
15.9632308, -0.061265, , , , , , , 15.9632308, 0.0085603, , , , , , , 15.9632308, -0.0140993, , , , , , , 15.9632308, 0.0575723, , , , , , , , , , , , , , , , , , , , , , , , , , , , 
15.96375, -0.0599222, , , , , , , 15.96375, 0.0431373, , , , , , , 15.96375, -0.012253, , , , , , , 15.96375, 0.0473335, , , , , , , , , , , , , , , , , , , , , , , , , , , , 
15.9642692, -0.0414588, , , , , , , 15.9642692, 0.0656291, , , , , , , 15.9642692, -0.0092317, , , , , , , 15.9642692, 0.0354162, , , , , , , , , , , , , , , , , , , , , , , , , , , , 
15.9647885, -0.0181277, , , , , , , 15.9647885, 0.0555581, , , , , , , 15.9647885, -0.0078889, , , , , , , 15.9647885, 0.0169528, , , , , , , , , , , , , , , , , , , , , , , , , , , , 
15.9653077, -0.0065461, , , , , , , 15.9653077, -0.0172885, , , , , , , 15.9653077, -0.0052033, , , , , , , 15.9653077, -0.0020142, , , , , , , , , , , , , , , , , , , , , , , , , , , , 
15.9658269, -0.0068818, , , , , , , 15.9658269, -0.0931563, , , , , , , 15.9658269, 0.002182, , , , , , , 15.9658269, -0.012253, , , , , , , , , , , , , , , , , , , , , , , , , , , , 
15.9663462, -0.0075532, , , , , , , 15.9663462, -0.1082628, , , , , , , 15.9663462, 0.0135958, , , , , , , 15.9663462, -0.0164492, , , , , , , , , , , , , , , , , , , , , , , , , , , , 
15.9668654, -0.0005035, , , , , , , 15.9668654, -0.0788891, , , , , , , 15.9668654, 0.0238346, , , , , , , 15.9668654, -0.0182956, , , , , , , , , , , , , , , , , , , , , , , , , , , , 
15.9673846, 0.0073854, , , , , , , 15.9673846, -0.0485084, , , , , , , 15.9673846, 0.0283665, , , , , , , 15.9673846, -0.0172885, , , , , , , , , , , , , , , , , , , , , , , , , , , , 
15.9679038, 0.0139315, , , , , , , 15.9679038, 0.0030213, , , , , , , 15.9679038, 0.0209812, , , , , , , 15.9679038, -0.0159457, , , , , , , , , , , , , , , , , , , , , , , , , , , , 
15.9684231, 0.0253452, , , , , , , 15.9684231, 0.1324331, , , , , , , 15.9684231, 0.0025177, , , , , , , 15.9684231, -0.01561, , , , , , , , , , , , , , , , , , , , , , , , , , , , 
15.9689423, 0.0317235, , , , , , , 15.9689423, 0.2386816, , , , , , , 15.9689423, -0.0135958, , , , , , , 15.9689423, -0.0124208, , , , , , , , , , , , , , , , , , , , , , , , , , , , 
15.9694615, 0.0283665, , , , , , , 15.9694615, 0.2106508, , , , , , , 15.9694615, -0.0216526, , , , , , , 15.9694615, -0.0065461, , , , , , , , , , , , , , , , , , , , , , , , , , , , 
15.9699808, 0.0219883, , , , , , , 15.9699808, 0.1331044, , , , , , , 15.9699808, -0.0203098, , , , , , , 15.9699808, -0.002182, , , , , , , , , , , , , , , , , , , , , , , , , , , , 
15.9705, 0.0167849, , , , , , , 15.9705, 0.1012131, , , , , , , 15.9705, -0.0182956, , , , , , , 15.9705, 0.0008392, , , , , , , , , , , , , , , , , , , , , , , , , , , , 
15.9710192, 0.0166171, , , , , , , 15.9710192, 0.085771, , , , , , , 15.9710192, -0.0166171, , , , , , , 15.9710192, 0.0062104, , , , , , , , , , , , , , , , , , , , , , , , , , , , 
15.9715385, 0.0182956, , , , , , , 15.9715385, 0.0372625, , , , , , , 15.9715385, -0.012253, , , , , , , 15.9715385, 0.0139315, , , , , , , , , , , , , , , , , , , , , , , , , , , , 
15.9720577, 0.0209812, , , , , , , 15.9720577, -0.0268559, , , , , , , 15.9720577, -0.0082246, , , , , , , 15.9720577, 0.0182956, , , , , , , , , , , , , , , , , , , , , , , , , , , , 
15.9725769, 0.0250095, , , , , , , 15.9725769, -0.0763714, , , , , , , 15.9725769, -0.005539, , , , , , , 15.9725769, 0.0179599, , , , , , , , , , , , , , , , , , , , , , , , , , , , 
15.9730962, 0.0293736, , , , , , , 15.9730962, -0.0881209, , , , , , , 15.9730962, -0.0038605, , , , , , , 15.9730962, 0.0187991, , , , , , , , , , , , , , , , , , , , , , , , , , , , 
15.9736154, 0.0347448, , , , , , , 15.9736154, -0.0867781, , , , , , , 15.9736154, -0.0001678, , , , , , , 15.9736154, 0.0216526, , , , , , , , , , , , , , , , , , , , , , , , , , , , 
15.9741346, 0.0426337, , , , , , , 15.9741346, -0.0995346, , , , , , , 15.9741346, 0.0011749, , , , , , , 15.9741346, 0.0187991, , , , , , , , , , , , , , , , , , , , , , , , , , , , 
15.9746538, 0.0498512, , , , , , , 15.9746538, -0.1107805, , , , , , , 15.9746538, -0.0119173, , , , , , , 15.9746538, 0.0099031, , , , , , , , , , , , , , , , , , , , , , , , , , , , 
15.9751731, 0.0558938, , , , , , , 15.9751731, -0.1045701, , , , , , , 15.9751731, -0.0350805, , , , , , , 15.9751731, 0.0025177, , , , , , , , , , , , , , , , , , , , , , , , , , , , 
15.9756923, 0.0602579, , , , , , , 15.9756923, -0.0740215, , , , , , , 15.9756923, -0.0508583, , , , , , , 15.9756923, -0.0005035, , , , , , , , , , , , , , , , , , , , , , , , , , , , 
15.9762115, 0.0649577, , , , , , , 15.9762115, -0.0270237, , , , , , , 15.9762115, -0.0532082, , , , , , , 15.9762115, 0.0001678, , , , , , , , , , , , , , , , , , , , , , , , , , , , 
15.9767308, 0.0629435, , , , , , , 15.9767308, 0.0500191, , , , , , , 15.9767308, -0.0501869, , , , , , , 15.9767308, 0.0041962, , , , , , , , , , , , , , , , , , , , , , , , , , , , 
15.97725, 0.0585794, , , , , , , 15.97725, 0.1448539, , , , , , , 15.97725, -0.0498512, , , , , , , 15.97725, 0.0077211, , , , , , , , , , , , , , , , , , , , , , , , , , , , 
15.9777692, 0.0527047, , , , , , , 15.9777692, 0.1911803, , , , , , , 15.9777692, -0.0498512, , , , , , , 15.9777692, 0.0112459, , , , , , , , , , , , , , , , , , , , , , , , , , , , 
15.9782885, 0.0495155, , , , , , , 15.9782885, 0.160296, , , , , , , 15.9782885, -0.0441444, , , , , , , 15.9782885, 0.0159457, , , , , , , , , , , , , , , , , , , , , , , , , , , , 
15.9788077, 0.0448157, , , , , , , 15.9788077, 0.070161, , , , , , , 15.9788077, -0.0265202, , , , , , , 15.9788077, 0.0226596, , , , , , , , , , , , , , , , , , , , , , , , , , , , 
15.9793269, 0.0360876, , , , , , , 15.9793269, -0.0525368, , , , , , , 15.9793269, -0.0058747, , , , , , , 15.9793269, 0.0330663, , , , , , , , , , , , , , , , , , , , , , , , , , , , 
15.9798462, 0.0186313, , , , , , , 15.9798462, -0.1713741, , , , , , , 15.9798462, 0.0050355, , , , , , , 15.9798462, 0.0438087, , , , , , , , , , , , , , , , , , , , , , , , , , , , 
15.9803654, -0.002182, , , , , , , 15.9803654, -0.2539559, , , , , , , 15.9803654, 0.0092317, , , , , , , 15.9803654, 0.0518654, , , , , , , , , , , , , , , , , , , , , , , , , , , , 
15.9808846, -0.0199741, , , , , , , 15.9808846, -0.3022965, , , , , , , 15.9808846, 0.0107424, , , , , , , 15.9808846, 0.0535439, , , , , , , , , , , , , , , , , , , , , , , , , , , , 
15.9814038, -0.0327306, , , , , , , 15.9814038, -0.2781262, , , , , , , 15.9814038, 0.005539, , , , , , , 15.9814038, 0.0433051, , , , , , , , , , , , , , , , , , , , , , , , , , , , 
15.9819231, -0.04448, , , , , , , 15.9819231, -0.1663386, , , , , , , 15.9819231, -0.0115816, , , , , , , 15.9819231, 0.0313878, , , , , , , , , , , , , , , , , , , , , , , , , , , , 
15.9824423, -0.0535439, , , , , , , 15.9824423, -0.04448, , , , , , , 15.9824423, -0.0431373, , , , , , , 15.9824423, 0.0263523, , , , , , , , , , , , , , , , , , , , , , , , , , , , 
15.9829615, -0.0622721, , , , , , , 15.9829615, 0.0162814, , , , , , , 15.9829615, -0.0748608, , , , , , , 15.9829615, 0.0253452, , , , , , , , , , , , , , , , , , , , , , , , , , , , 
15.9834808, -0.0683146, , , , , , , 15.9834808, 0.033402, , , , , , , 15.9834808, -0.0931563, , , , , , , 15.9834808, 0.0223239, , , , , , , , , , , , , , , , , , , , , , , , , , , , 
15.984, -0.061265, , , , , , , 15.984, 0.0582437, , , , , , , 15.984, -0.0944991, , , , , , , 15.984, 0.0146029, , , , , , , , , , , , , , , , , , , , , , , , , , , , 
15.9845192, -0.0451514, , , , , , , 15.9845192, 0.1240406, , , , , , , 15.9845192, -0.0827497, , , , , , , 15.9845192, 0.0078889, , , , , , , , , , , , , , , , , , , , , , , , , , , , 
15.9850385, -0.0310521, , , , , , , 15.9850385, 0.1809415, , , , , , , 15.9850385, -0.061265, , , , , , , 15.9850385, 0.0052033, , , , , , , , , , , , , , , , , , , , , , , , , , , , 
15.9855577, -0.0184634, , , , , , , 15.9855577, 0.1884947, , , , , , , 15.9855577, -0.0317235, , , , , , , 15.9855577, 0.0065461, , , , , , , , , , , , , , , , , , , , , , , , , , , , 
15.9860769, -0.0057069, , , , , , , 15.9860769, 0.1905089, , , , , , , 15.9860769, 0.0015106, , , , , , , 15.9860769, 0.0132601, , , , , , , , , , , , , , , , , , , , , , , , , , , , 
15.9865962, 0.0011749, , , , , , , 15.9865962, 0.1999084, , , , , , , 15.9865962, 0.033402, , , , , , , 15.9865962, 0.0213169, , , , , , , , , , , , , , , , , , , , , , , , , , , , 
15.9871154, 0.0040284, , , , , , , 15.9871154, 0.1958801, , , , , , , 15.9871154, 0.0609293, , , , , , , 15.9871154, 0.0276951, , , , , , , , , , , , , , , , , , , , , , , , , , , , 
15.9876346, 0.0052033, , , , , , , 15.9876346, 0.1594568, , , , , , , 15.9876346, 0.0736858, , , , , , , 15.9876346, 0.0317235, , , , , , , , , , , , , , , , , , , , , , , , , , , , 
15.9881538, 0.0065461, , , , , , , 15.9881538, 0.0750286, , , , , , , 15.9881538, 0.0706645, , , , , , , 15.9881538, 0.0323949, , , , , , , , , , , , , , , , , , , , , , , , , , , , 
15.9886731, 0.0072175, , , , , , , 15.9886731, -0.064622, , , , , , , 15.9886731, 0.0592508, , , , , , , 15.9886731, 0.0327306, , , , , , , , , , , , , , , , , , , , , , , , , , , , 
15.9891923, 0.0119173, , , , , , , 15.9891923, -0.1968872, , , , , , , 15.9891923, 0.0414588, , , , , , , 15.9891923, 0.0313878, , , , , , , , , , , , , , , , , , , , , , , , , , , , 
15.9897115, 0.0231632, , , , , , , 15.9897115, -0.2764477, , , , , , , 15.9897115, 0.0253452, , , , , , , 15.9897115, 0.0280308, , , , , , , , , , , , , , , , , , , , , , , , , , , , 
15.9902308, 0.0297093, , , , , , , 15.9902308, -0.2890364, , , , , , , 15.9902308, 0.0152743, , , , , , , 15.9902308, 0.0213169, , , , , , , , , , , , , , , , , , , , , , , , , , , , 
15.99075, 0.0298772, , , , , , , 15.99075, -0.2301213, , , , , , , 15.99075, 0.0058747, , , , , , , 15.99075, 0.0112459, , , , , , , , , , , , , , , , , , , , , , , , , , , , 
15.9912692, 0.0260166, , , , , , , 15.9912692, -0.1245441, , , , , , , 15.9912692, -0.0050355, , , , , , , 15.9912692, 0.0011749, , , , , , , , , , , , , , , , , , , , , , , , , , , , 
15.9917885, 0.026688, , , , , , , 15.9917885, -0.0102388, , , , , , , 15.9917885, -0.012253, , , , , , , 15.9917885, -0.0031891, , , , , , , , , , , , , , , , , , , , , , , , , , , , 
15.9923077, 0.024506, , , , , , , 15.9923077, 0.0607614, , , , , , , 15.9923077, -0.0142672, , , , , , , 15.9923077, -0.0050355, , , , , , , , , , , , , , , , , , , , , , , , , , , , 
15.9928269, 0.0223239, , , , , , , 15.9928269, 0.0750286, , , , , , , 15.9928269, -0.017792, , , , , , , 15.9928269, -0.0078889, , , , , , , , , , , , , , , , , , , , , , , , , , , , 
15.9933462, 0.0275273, , , , , , , 15.9933462, 0.0589151, , , , , , , 15.9933462, -0.0223239, , , , , , , 15.9933462, -0.0151064, , , , , , , , , , , , , , , , , , , , , , , , , , , , 
15.9938654, 0.0441444, , , , , , , 15.9938654, 0.0092317, , , , , , , 15.9938654, -0.0240024, , , , , , , 15.9938654, -0.0246738, , , , , , , , , , , , , , , , , , , , , , , , , , , , 
15.9943846, 0.0688182, , , , , , , 15.9943846, -0.0663005, , , , , , , 15.9943846, -0.0223239, , , , , , , 15.9943846, -0.0315557, , , , , , , , , , , , , , , , , , , , , , , , , , , , 
15.9949038, 0.0918135, , , , , , , 15.9949038, -0.1287404, , , , , , , 15.9949038, -0.0219883, , , , , , , 15.9949038, -0.0354162, , , , , , , , , , , , , , , , , , , , , , , , , , , , 
15.9954231, 0.1367971, , , , , , , 15.9954231, -0.1663386, , , , , , , 15.9954231, -0.0199741, , , , , , , 15.9954231, -0.0370947, , , , , , , , , , , , , , , , , , , , , , , , , , , , 
15.9959423, 0.173724, , , , , , , 15.9959423, -0.1834592, , , , , , , 15.9959423, -0.0166171, , , , , , , 15.9959423, -0.0386053, , , , , , , , , , , , , , , , , , , , , , , , , , , , 
15.9964615, 0.1754025, , , , , , , 15.9964615, -0.1532464, , , , , , , 15.9964615, -0.0182956, , , , , , , 15.9964615, -0.0386053, , , , , , , , , , , , , , , , , , , , , , , , , , , , 
15.9969808, 0.1623102, , , , , , , 15.9969808, -0.0518654, , , , , , , 15.9969808, -0.0223239, , , , , , , 15.9969808, -0.0344091, , , , , , , , , , , , , , , , , , , , , , , , , , , , 
15.9975, 0.1522393, , , , , , , 15.9975, 0.0518654, , , , , , , 15.9975, -0.0265202, , , , , , , 15.9975, -0.0271916, , , , , , , , , , , , , , , , , , , , , , , , , , , , 
15.9980192, 0.1327687, , , , , , , 15.9980192, 0.0673075, , , , , , , 15.9980192, -0.0310521, , , , , , , 15.9980192, -0.0198062, , , , , , , , , , , , , , , , , , , , , , , , , , , , 
15.9985385, 0.1099413, , , , , , , 15.9985385, 0.0466621, , , , , , , 15.9985385, -0.0337377, , , , , , , 15.9985385, -0.0125887, , , , , , , , , , , , , , , , , , , , , , , , , , , , 
15.9990577, 0.0931563, , , , , , , 15.9990577, 0.0562295, , , , , , , 15.9990577, -0.033402, , , , , , , 15.9990577, -0.0057069, , , , , , , , , , , , , , , , , , , , , , , , , , , , 
15.9995769, 0.0797284, , , , , , , 15.9995769, 0.0659648, , , , , , , 15.9995769, -0.030045, , , , , , , 15.9995769, 0.0005035, , , , , , , , , , , , , , , , , , , , , , , , , , , , 
16.0000962, 0.0636149, , , , , , , 16.0000962, 0.0374304, , , , , , , 16.0000962, -0.0238346, , , , , , , 16.0000962, 0.0065461, , , , , , , , , , , , , , , , , , , , , , , , , , , , 
16.0006154, 0.0412909, , , , , , , 16.0006154, -0.0117494, , , , , , , 16.0006154, -0.01561, , , , , , , 16.0006154, 0.0132601, , , , , , , , , , , , , , , , , , , , , , , , , , , , 
16.0011346, 0.0196384, , , , , , , 16.0011346, -0.0075532, , , , , , , 16.0011346, -0.0058747, , , , , , , 16.0011346, 0.0181277, , , , , , , , , , , , , , , , , , , , , , , , , , , , 
16.0016538, 0.0035248, , , , , , , 16.0016538, 0.0186313, , , , , , , 16.0016538, 0.0035248, , , , , , , 16.0016538, 0.0226596, , , , , , , , , , , , , , , , , , , , , , , , , , , , 
16.0021731, -0.0068818, , , , , , , 16.0021731, 0.0065461, , , , , , , 16.0021731, 0.0119173, , , , , , , 16.0021731, 0.027863, , , , , , , , , , , , , , , , , , , , , , , , , , , , 
16.0026923, -0.01561, , , , , , , 16.0026923, -0.01561, , , , , , , 16.0026923, 0.0182956, , , , , , , 16.0026923, 0.0327306, , , , , , , , , , , , , , , , , , , , , , , , , , , , 
16.0032115, -0.0243381, , , , , , , 16.0032115, 0.0052033, , , , , , , 16.0032115, 0.0236667, , , , , , , 16.0032115, 0.0382696, , , , , , , , , , , , , , , , , , , , , , , , , , , , 
16.0037308, -0.0342412, , , , , , , 16.0037308, 0.0538796, , , , , , , 16.0037308, 0.0273594, , , , , , , 16.0037308, 0.0404517, , , , , , , , , , , , , , , , , , , , , , , , , , , , 
16.00425, -0.0421302, , , , , , , 16.00425, 0.0674754, , , , , , , 16.00425, 0.0298772, , , , , , , 16.00425, 0.0391089, , , , , , , , , , , , , , , , , , , , , , , , , , , , 
16.0047692, -0.0461585, , , , , , , 16.0047692, 0.0320592, , , , , , , 16.0047692, 0.033402, , , , , , , 16.0047692, 0.0384375, , , , , , , , , , , , , , , , , , , , , , , , , , , , 
16.0052885, -0.0397803, , , , , , , 16.0052885, -0.0099031, , , , , , , 16.0052885, 0.0349126, , , , , , , 16.0052885, 0.0360876, , , , , , , , , , , , , , , , , , , , , , , , , , , , 
16.0058077, -0.0369268, , , , , , , 16.0058077, -0.0673075, , , , , , , 16.0058077, 0.0313878, , , , , , , 16.0058077, 0.0305486, , , , , , , , , , , , , , , , , , , , , , , , , , , , 
16.0063269, -0.0357519, , , , , , , 16.0063269, -0.1472038, , , , , , , 16.0063269, 0.0260166, , , , , , , 16.0063269, 0.026688, , , , , , , , , , , , , , , , , , , , , , , , , , , , 
16.0068462, -0.0339055, , , , , , , 16.0068462, -0.2022583, , , , , , , 16.0068462, 0.0179599, , , , , , , 16.0068462, 0.0219883, , , , , , , , , , , , , , , , , , , , , , , , , , , , 
16.0073654, -0.0293736, , , , , , , 16.0073654, -0.2103151, , , , , , , 16.0073654, 0.0119173, , , , , , , 16.0073654, 0.0142672, , , , , , , , , , , , , , , , , , , , , , , , , , , , 
16.0078846, -0.0209812, , , , , , , 16.0078846, -0.1807736, , , , , , , 16.0078846, 0.0099031, , , , , , , 16.0078846, 0.0082246, , , , , , , , , , , , , , , , , , , , , , , , , , , , 
16.0084038, -0.0095674, , , , , , , 16.0084038, -0.102388, , , , , , , 16.0084038, 0.0068818, , , , , , , 16.0084038, 0.003357, , , , , , , , , , , , , , , , , , , , , , , , , , , , 
16.0089231, 0.002182, , , , , , , 16.0089231, 0.0461585, , , , , , , 16.0089231, 0.0035248, , , , , , , 16.0089231, 0.0008392, , , , , , , , , , , , , , , , , , , , , , , , , , , , 
16.0094423, 0.0119173, , , , , , , 16.0094423, 0.1720455, , , , , , , 16.0094423, 0.0015106, , , , , , , 16.0094423, -0.0015106, , , , , , , , , , , , , , , , , , , , , , , , , , , , 
16.0099615, 0.0124208, , , , , , , 16.0099615, 0.1790951, , , , , , , 16.0099615, -0.0005035, , , , , , , 16.0099615, -0.0072175, , , , , , , , , , , , , , , , , , , , , , , , , , , , 
16.0104808, 0.0038605, , , , , , , 16.0104808, 0.124712, , , , , , , 16.0104808, -0.0025177, , , , , , , 16.0104808, -0.01561, , , , , , , , , , , , , , , , , , , , , , , , , , , , 
16.011, -0.0001678, , , , , , , 16.011, 0.0850996, , , , , , , 16.011, -0.0038605, , , , , , , 16.011, -0.0209812, , , , , , , , , , , , , , , , , , , , , , , , , , , , 
16.0115192, 0.0011749, , , , , , , 16.0115192, 0.0609293, , , , , , , 16.0115192, -0.0041962, , , , , , , 16.0115192, -0.0236667, , , , , , , , , , , , , , , , , , , , , , , , , , , , 
16.0120385, 0.0025177, , , , , , , 16.0120385, 0.0377661, , , , , , , 16.0120385, -0.0036927, , , , , , , 16.0120385, -0.0221561, , , , , , , , , , , , , , , , , , , , , , , , , , , , 
16.0125577, 0.002182, , , , , , , 16.0125577, 0.04448, , , , , , , 16.0125577, -0.0041962, , , , , , , 16.0125577, -0.0206455, , , , , , , , , , , , , , , , , , , , , , , , , , , , 
16.0130769, 0.0011749, , , , , , , 16.0130769, 0.0669718, , , , , , , 16.0130769, -0.005539, , , , , , , 16.0130769, -0.021149, , , , , , , , , , , , , , , , , , , , , , , , , , , , 
16.0135962, 0.0057069, , , , , , , 16.0135962, 0.047837, , , , , , , 16.0135962, -0.0070497, , , , , , , 16.0135962, -0.0236667, , , , , , , , , , , , , , , , , , , , , , , , , , , , 
16.0141154, 0.0146029, , , , , , , 16.0141154, -0.0028534, , , , , , , 16.0141154, -0.008896, , , , , , , 16.0141154, -0.0250095, , , , , , , , , , , , , , , , , , , , , , , , , , , , 
16.0146346, 0.0226596, , , , , , , 16.0146346, -0.0209812, , , , , , , 16.0146346, -0.0105745, , , , , , , 16.0146346, -0.0213169, , , , , , , , , , , , , , , , , , , , , , , , , , , , 
16.0151538, 0.0298772, , , , , , , 16.0151538, -0.0303807, , , , , , , 16.0151538, -0.0105745, , , , , , , 16.0151538, -0.0166171, , , , , , , , , , , , , , , , , , , , , , , , , , , , 
16.0156731, 0.0370947, , , , , , , 16.0156731, -0.100206, , , , , , , 16.0156731, -0.0095674, , , , , , , 16.0156731, -0.0117494, , , , , , , , , , , , , , , , , , , , , , , , , , , , 
16.0161923, 0.0364233, , , , , , , 16.0161923, -0.1942016, , , , , , , 16.0161923, -0.0090639, , , , , , , 16.0161923, -0.0045319, , , , , , , , , , , , , , , , , , , , , , , , , , , , 
16.0167115, 0.0337377, , , , , , , 16.0167115, -0.2297856, , , , , , , 16.0167115, -0.0099031, , , , , , , 16.0167115, 0.0050355, , , , , , , , , , , , , , , , , , , , , , , , , , , , 
16.0172308, 0.0273594, , , , , , , 16.0172308, -0.1649958, , , , , , , 16.0172308, -0.0078889, , , , , , , 16.0172308, 0.0179599, , , , , , , , , , , , , , , , , , , , , , , , , , , , 
16.01775, 0.012253, , , , , , , 16.01775, -0.0632792, , , , , , , 16.01775, -0.0041962, , , , , , , 16.01775, 0.0360876, , , , , , , , , , , , , , , , , , , , , , , , , , , , 
16.0182692, -0.0048676, , , , , , , 16.0182692, -0.0025177, , , , , , , 16.0182692, -0.0025177, , , , , , , 16.0182692, 0.0522011, , , , , , , , , , , , , , , , , , , , , , , , , , , , 
16.0187885, -0.0125887, , , , , , , 16.0187885, 0.0146029, , , , , , , 16.0187885, -0.0041962, , , , , , , 16.0187885, 0.0552224, , , , , , , , , , , , , , , , , , , , , , , , , , , , 
16.0193077, -0.0236667, , , , , , , 16.0193077, 0.0193027, , , , , , , 16.0193077, -0.0068818, , , , , , , 16.0193077, 0.047837, , , , , , , , , , , , , , , , , , , , , , , , , , , , 
16.0198269, -0.0394446, , , , , , , 16.0198269, 0.0240024, , , , , , , 16.0198269, -0.0102388, , , , , , , 16.0198269, 0.0441444, , , , , , , , , , , , , , , , , , , , , , , , , , , , 
16.0203462, -0.0508583, , , , , , , 16.0203462, 0.0276951, , , , , , , 16.0203462, -0.0125887, , , , , , , 16.0203462, 0.0461585, , , , , , , , , , , , , , , , , , , , , , , , , , , , 
16.0208654, -0.0558938, , , , , , , 16.0208654, 0.0320592, , , , , , , 16.0208654, -0.0050355, , , , , , , 16.0208654, 0.0491798, , , , , , , , , , , , , , , , , , , , , , , , , , , , 
16.0213846, -0.0605936, , , , , , , 16.0213846, 0.0468299, , , , , , , 16.0213846, 0.0063783, , , , , , , 16.0213846, 0.0501869, , , , , , , , , , , , , , , , , , , , , , , , , , , , 
16.0219038, -0.0688182, , , , , , , 16.0219038, 0.0726787, , , , , , , 16.0219038, 0.0065461, , , , , , , 16.0219038, 0.0515297, , , , , , , , , , , , , , , , , , , , , , , , , , , , 
16.0224231, -0.0770428, , , , , , , 16.0224231, 0.0978561, , , , , , , 16.0224231, -0.0018463, , , , , , , 16.0224231, 0.0542153, , , , , , , , , , , , , , , , , , , , , , , , , , , , 
16.0229423, -0.0849317, , , , , , , 16.0229423, 0.1149767, , , , , , , 16.0229423, -0.0082246, , , , , , , 16.0229423, 0.0560616, , , , , , , , , , , , , , , , , , , , , , , , , , , , 
16.0234615, -0.0867781, , , , , , , 16.0234615, 0.1166552, , , , , , , 16.0234615, -0.0135958, , , , , , , 16.0234615, 0.0522011, , , , , , , , , , , , , , , , , , , , , , , , , , , , 
16.0239808, -0.0753643, , , , , , , 16.0239808, 0.0985275, , , , , , , 16.0239808, -0.0223239, , , , , , , 16.0239808, 0.0439765, , , , , , , , , , , , , , , , , , , , , , , , , , , , 
16.0245, -0.0619364, , , , , , , 16.0245, 0.0777142, , , , , , , 16.0245, -0.0320592, , , , , , , 16.0245, 0.0340734, , , , , , , , , , , , , , , , , , , , , , , , , , , , 
16.0250192, -0.0538796, , , , , , , 16.0250192, 0.0602579, , , , , , , 16.0250192, -0.0399481, , , , , , , 16.0250192, 0.0226596, , , , , , , , , , , , , , , , , , , , , , , , , , , , 
16.0255385, -0.0485084, , , , , , , 16.0255385, 0.0438087, , , , , , , 16.0255385, -0.0417945, , , , , , , 16.0255385, 0.0135958, , , , , , , , , , , , , , , , , , , , , , , , , , , , 
16.0260577, -0.0421302, , , , , , , 16.0260577, 0.0260166, , , , , , , 16.0260577, -0.0364233, , , , , , , 16.0260577, 0.011078, , , , , , , , , , , , , , , , , , , , , , , , , , , , 
16.0265769, -0.0359197, , , , , , , 16.0265769, 0.0008392, , , , , , , 16.0265769, -0.0283665, , , , , , , 16.0265769, 0.0112459, , , , , , , , , , , , , , , , , , , , , , , , , , , , 
16.0270962, -0.0226596, , , , , , , 16.0270962, -0.0339055, , , , , , , 16.0270962, -0.0219883, , , , , , , 16.0270962, 0.0119173, , , , , , , , , , , , , , , , , , , , , , , , , , , , 
16.0276154, -0.002182, , , , , , , 16.0276154, -0.0527047, , , , , , , 16.0276154, -0.0166171, , , , , , , 16.0276154, 0.0129244, , , , , , , , , , , , , , , , , , , , , , , , , , , , 
16.0281346, 0.0082246, , , , , , , 16.0281346, -0.0327306, , , , , , , 16.0281346, -0.0129244, , , , , , , 16.0281346, 0.0125887, , , , , , , , , , , , , , , , , , , , , , , , , , , , 
16.0286538, 0.0052033, , , , , , , 16.0286538, 0.0186313, , , , , , , 16.0286538, -0.0112459, , , , , , , 16.0286538, 0.0132601, , , , , , , , , , , , , , , , , , , , , , , , , , , , 
16.0291731, 0.0025177, , , , , , , 16.0291731, 0.0656291, , , , , , , 16.0291731, -0.0112459, , , , , , , 16.0291731, 0.01561, , , , , , , , , , , , , , , , , , , , , , , , , , , , 
16.0296923, 0.0068818, , , , , , , 16.0296923, 0.0710002, , , , , , , 16.0296923, -0.0149386, , , , , , , 16.0296923, 0.0171206, , , , , , , , , , , , , , , , , , , , , , , , , , , , 
16.0302115, 0.0179599, , , , , , , 16.0302115, 0.0283665, , , , , , , 16.0302115, -0.021149, , , , , , , 16.0302115, 0.0171206, , , , , , , , , , , , , , , , , , , , , , , , , , , , 
16.0307308, 0.03122, , , , , , , 16.0307308, -0.04448, , , , , , , 16.0307308, -0.0297093, , , , , , , 16.0307308, 0.0159457, , , , , , , , , , , , , , , , , , , , , , , , , , , , 
16.03125, 0.0365911, , , , , , , 16.03125, -0.1223621, , , , , , , 16.03125, -0.03122, , , , , , , 16.03125, 0.0149386, , , , , , , , , , , , , , , , , , , , , , , , , , , , 
16.0317692, 0.0357519, , , , , , , 16.0317692, -0.1653315, , , , , , , 16.0317692, -0.0184634, , , , , , , 16.0317692, 0.0142672, , , , , , , , , , , , , , , , , , , , , , , , , , , , 
16.0322885, 0.0360876, , , , , , , 16.0322885, -0.1529107, , , , , , , 16.0322885, 0.0020142, , , , , , , 16.0322885, 0.0127565, , , , , , , , , , , , , , , , , , , , , , , , , , , , 
16.0328077, 0.0345769, , , , , , , 16.0328077, -0.0928206, , , , , , , 16.0328077, 0.0213169, , , , , , , 16.0328077, 0.0129244, , , , , , , , , , , , , , , , , , , , , , , , , , , , 
16.0333269, 0.0330663, , , , , , , 16.0333269, -0.0246738, , , , , , , 16.0333269, 0.0424659, , , , , , , 16.0333269, 0.0135958, , , , , , , , , , , , , , , , , , , , , , , , , , , , 
16.0338462, 0.0384375, , , , , , , 16.0338462, 0.0127565, , , , , , , 16.0338462, 0.063447, , , , , , , 16.0338462, 0.0135958, , , , , , , , , , , , , , , , , , , , , , , , , , , , 
16.0343654, 0.0505226, , , , , , , 16.0343654, 0.0213169, , , , , , , 16.0343654, 0.0753643, , , , , , , 16.0343654, 0.0139315, , , , , , , , , , , , , , , , , , , , , , , , , , , , 
16.0348846, 0.0555581, , , , , , , 16.0348846, 0.0125887, , , , , , , 16.0348846, 0.0699931, , , , , , , 16.0348846, 0.0132601, , , , , , , , , , , , , , , , , , , , , , , , , , , , 
16.0354038, 0.0548867, , , , , , , 16.0354038, -0.0082246, , , , , , , 16.0354038, 0.0481727, , , , , , , 16.0354038, 0.0102388, , , , , , , , , , , , , , , , , , , , , , , , , , , , 
16.0359231, 0.0540475, , , , , , , 16.0359231, -0.0360876, , , , , , , 16.0359231, 0.0320592, , , , , , , 16.0359231, 0.0058747, , , , , , , , , , , , , , , , , , , , , , , , , , , , 
16.0364423, 0.0468299, , , , , , , 16.0364423, -0.0609293, , , , , , , 16.0364423, 0.030045, , , , , , , 16.0364423, 0.0038605, , , , , , , , , , , , , , , , , , , , , , , , , , , , 
16.0369615, 0.0421302, , , , , , , 16.0369615, -0.0525368, , , , , , , 16.0369615, 0.0206455, , , , , , , 16.0369615, 0.0058747, , , , , , , , , , , , , , , , , , , , , , , , , , , , 
16.0374808, 0.0397803, , , , , , , 16.0374808, -0.0099031, , , , , , , 16.0374808, -0.0062104, , , , , , , 16.0374808, 0.0085603, , , , , , , , , , , , , , , , , , , , , , , , , , , , 
16.038, 0.0330663, , , , , , , 16.038, 0.0172885, , , , , , , 16.038, -0.0384375, , , , , , , 16.038, 0.0132601, , , , , , , , , , , , , , , , , , , , , , , , , , , , 
16.0385192, 0.0268559, , , , , , , 16.0385192, 0.0166171, , , , , , , 16.0385192, -0.0599222, , , , , , , 16.0385192, 0.0191348, , , , , , , , , , , , , , , , , , , , , , , , , , , , 
16.0390385, 0.0253452, , , , , , , 16.0390385, 0.0129244, , , , , , , 16.0390385, -0.0699931, , , , , , , 16.0390385, 0.0199741, , , , , , , , , , , , , , , , , , , , , , , , , , , , 
16.0395577, 0.0209812, , , , , , , 16.0395577, 0.0176242, , , , , , , 16.0395577, -0.0726787, , , , , , , 16.0395577, 0.018967, , , , , , , , , , , , , , , , , , , , , , , , , , , , 
16.0400769, 0.0085603, , , , , , , 16.0400769, 0.0265202, , , , , , , 16.0400769, -0.0693217, , , , , , , 16.0400769, 0.0226596, , , , , , , , , , , , , , , , , , , , , , , , , , , , 
16.0405962, -0.0075532, , , , , , , 16.0405962, 0.0364233, , , , , , , 16.0405962, -0.0632792, , , , , , , 16.0405962, 0.0273594, , , , , , , , , , , , , , , , , , , , , , , , , , , , 
16.0411154, -0.0216526, , , , , , , 16.0411154, 0.0438087, , , , , , , 16.0411154, -0.0518654, , , , , , , 16.0411154, 0.03122, , , , , , , , , , , , , , , , , , , , , , , , , , , , 
16.0416346, -0.0270237, , , , , , , 16.0416346, 0.047837, , , , , , , 16.0416346, -0.0313878, , , , , , , 16.0416346, 0.0330663, , , , , , , , , , , , , , , , , , , , , , , , , , , , 
16.0421538, -0.0323949, , , , , , , 16.0421538, 0.0414588, , , , , , , 16.0421538, -0.0105745, , , , , , , 16.0421538, 0.0327306, , , , , , , , , , , , , , , , , , , , , , , , , , , , 
16.0426731, -0.0458228, , , , , , , 16.0426731, 0.0146029, , , , , , , 16.0426731, 0.0011749, , , , , , , 16.0426731, 0.033402, , , , , , , , , , , , , , , , , , , , , , , , , , , , 
16.0431923, -0.057908, , , , , , , 16.0431923, -0.0082246, , , , , , , 16.0431923, -0.0001678, , , , , , , 16.0431923, 0.0347448, , , , , , , , , , , , , , , , , , , , , , , , , , , , 
16.0437115, -0.0569009, , , , , , , 16.0437115, -0.0035248, , , , , , , 16.0437115, -0.0095674, , , , , , , 16.0437115, 0.0327306, , , , , , , , , , , , , , , , , , , , , , , , , , , , 
16.0442308, -0.0411231, , , , , , , 16.0442308, 0.0166171, , , , , , , 16.0442308, -0.0229953, , , , , , , 16.0442308, 0.026688, , , , , , , , , , , , , , , , , , , , , , , , , , , , 
16.04475, -0.0221561, , , , , , , 16.04475, 0.0360876, , , , , , , 16.04475, -0.0381018, , , , , , , 16.04475, 0.0204776, , , , , , , , , , , , , , , , , , , , , , , , , , , , 
16.0452692, -0.0078889, , , , , , , 16.0452692, 0.0505226, , , , , , , 16.0452692, -0.0528725, , , , , , , 16.0452692, 0.0186313, , , , , , , , , , , , , , , , , , , , , , , , , , , , 
16.0457885, 0.0045319, , , , , , , 16.0457885, 0.0614328, , , , , , , 16.0457885, -0.0699931, , , , , , , 16.0457885, 0.0152743, , , , , , , , , , , , , , , , , , , , , , , , , , , , 
16.0463077, 0.0063783, , , , , , , 16.0463077, 0.0454871, , , , , , , 16.0463077, -0.0874495, , , , , , , 16.0463077, 0.0099031, , , , , , , , , , , , , , , , , , , , , , , , , , , , 
16.0468269, 0.0045319, , , , , , , 16.0468269, 0.0085603, , , , , , , 16.0468269, -0.1008774, , , , , , , 16.0468269, 0.0052033, , , , , , , , , , , , , , , , , , , , , , , , , , , , 
16.0473462, 0.0072175, , , , , , , 16.0473462, -0.01561, , , , , , , 16.0473462, -0.10692, , , , , , , 16.0473462, 0.0035248, , , , , , , , , , , , , , , , , , , , , , , , , , , , 
16.0478654, 0.0132601, , , , , , , 16.0478654, -0.0092317, , , , , , , 16.0478654, -0.1045701, , , , , , , 16.0478654, 0.0035248, , , , , , , , , , , , , , , , , , , , , , , , , , , , 
16.0483846, 0.0182956, , , , , , , 16.0483846, 0.0240024, , , , , , , 16.0483846, -0.0928206, , , , , , , 16.0483846, 0.005539, , , , , , , , , , , , , , , , , , , , , , , , , , , , 
16.0489038, 0.0184634, , , , , , , 16.0489038, 0.0656291, , , , , , , 16.0489038, -0.0740215, , , , , , , 16.0489038, 0.0070497, , , , , , , , , , , , , , , , , , , , , , , , , , , , 
16.0494231, 0.0231632, , , , , , , 16.0494231, 0.082414, , , , , , , 16.0494231, -0.0565652, , , , , , , 16.0494231, 0.0095674, , , , , , , , , , , , , , , , , , , , , , , , , , , , 
16.0499423, 0.0320592, , , , , , , 16.0499423, 0.0777142, , , , , , , 16.0499423, -0.0391089, , , , , , , 16.0499423, 0.012253, , , , , , , , , , , , , , , , , , , , , , , , , , , , 
16.0504615, 0.040116, , , , , , , 16.0504615, 0.0626078, , , , , , , 16.0504615, -0.0209812, , , , , , , 16.0504615, 0.0117494, , , , , , , , , , , , , , , , , , , , , , , , , , , , 
16.0509808, 0.0453193, , , , , , , 16.0509808, 0.0555581, , , , , , , 16.0509808, -0.0065461, , , , , , , 16.0509808, 0.0095674, , , , , , , , , , , , , , , , , , , , , , , , , , , , 
16.0515, 0.0397803, , , , , , , 16.0515, 0.0498512, , , , , , , 16.0515, 0.002182, , , , , , , 16.0515, 0.0075532, , , , , , , , , , , , , , , , , , , , , , , , , , , , 
16.0520192, 0.0287022, , , , , , , 16.0520192, 0.0313878, , , , , , , 16.0520192, 0.0104067, , , , , , , 16.0520192, 0.0052033, , , , , , , , , , , , , , , , , , , , , , , , , , , , 
16.0525385, 0.0287022, , , , , , , 16.0525385, 0.0068818, , , , , , , 16.0525385, 0.0151064, , , , , , , 16.0525385, 0.0031891, , , , , , , , , , , , , , , , , , , , , , , , , , , , 
16.0530577, 0.0404517, , , , , , , 16.0530577, -0.0196384, , , , , , , 16.0530577, 0.018967, , , , , , , 16.0530577, -0.0015106, , , , , , , , , , , , , , , , , , , , , , , , , , , , 
16.0535769, 0.054551, , , , , , , 16.0535769, -0.036759, , , , , , , 16.0535769, 0.0226596, , , , , , , 16.0535769, -0.0087282, , , , , , , , , , , , , , , , , , , , , , , , , , , , 
16.0540962, 0.0683146, , , , , , , 16.0540962, -0.0780499, , , , , , , 16.0540962, 0.0229953, , , , , , , 16.0540962, -0.0152743, , , , , , , , , , , , , , , , , , , , , , , , , , , , 
16.0546154, 0.0810712, , , , , , , 16.0546154, -0.1414969, , , , , , , 16.0546154, 0.0213169, , , , , , , 16.0546154, -0.0193027, , , , , , , , , , , , , , , , , , , , , , , , , , , , 
16.0551346, 0.0914778, , , , , , , 16.0551346, -0.152575, , , , , , , 16.0551346, 0.0219883, , , , , , , 16.0551346, -0.0199741, , , , , , , , , , , , , , , , , , , , , , , , , , , , 
16.0556538, 0.1005417, , , , , , , 16.0556538, -0.1111162, , , , , , , 16.0556538, 0.0263523, , , , , , , 16.0556538, -0.0226596, , , , , , , , , , , , , , , , , , , , , , , , , , , , 
16.0561731, 0.0998703, , , , , , , 16.0561731, -0.1223621, , , , , , , 16.0561731, 0.0287022, , , , , , , 16.0561731, -0.0285344, , , , , , , , , , , , , , , , , , , , , , , , , , , , 
16.0566923, 0.0911421, , , , , , , 16.0566923, -0.2091402, , , , , , , 16.0566923, 0.0280308, , , , , , , 16.0566923, -0.0297093, , , , , , , , , , , , , , , , , , , , , , , , , , , , 
16.0572115, 0.0793927, , , , , , , 16.0572115, -0.3046464, , , , , , , 16.0572115, 0.0260166, , , , , , , 16.0572115, -0.0243381, , , , , , , , , , , , , , , , , , , , , , , , , , , , 
16.0577308, 0.0661326, , , , , , , 16.0577308, -0.3304952, , , , , , , 16.0577308, 0.023331, , , , , , , 16.0577308, -0.018967, , , , , , , , , , , , , , , , , , , , , , , , , , , , 
16.05825, 0.054551, , , , , , , 16.05825, -0.2640269, , , , , , , 16.05825, 0.0213169, , , , , , , 16.05825, -0.0142672, , , , , , , , , , , , , , , , , , , , , , , , , , , , 
16.0587692, 0.047837, , , , , , , 16.0587692, -0.1572747, , , , , , , 16.0587692, 0.0226596, , , , , , , 16.0587692, -0.0142672, , , , , , , , , , , , , , , , , , , , , , , , , , , , 
16.0592885, 0.0459907, , , , , , , 16.0592885, -0.0730144, , , , , , , 16.0592885, 0.0243381, , , , , , , 16.0592885, -0.0186313, , , , , , , , , , , , , , , , , , , , , , , , , , , , 
16.0598077, 0.0391089, , , , , , , 16.0598077, -0.0087282, , , , , , , 16.0598077, 0.0261845, , , , , , , 16.0598077, -0.0166171, , , , , , , , , , , , , , , , , , , , , , , , , , , , 
16.0603269, 0.0315557, , , , , , , 16.0603269, 0.0414588, , , , , , , 16.0603269, 0.0276951, , , , , , , 16.0603269, -0.0072175, , , , , , , , , , , , , , , , , , , , , , , , , , , , 
16.0608462, 0.0224918, , , , , , , 16.0608462, 0.0594186, , , , , , , 16.0608462, 0.026688, , , , , , , 16.0608462, 0.0048676, , , , , , , , , , , , , , , , , , , , , , , , , , , , 
16.0613654, 0.0073854, , , , , , , 16.0613654, 0.0448157, , , , , , , 16.0613654, 0.0251774, , , , , , , 16.0613654, 0.0151064, , , , , , , , , , , , , , , , , , , , , , , , , , , , 
16.0618846, -0.0105745, , , , , , , 16.0618846, 0.0256809, , , , , , , 16.0618846, 0.0246738, , , , , , , 16.0618846, 0.0218204, , , , , , , , , , , , , , , , , , , , , , , , , , , , 
16.0624038, -0.024506, , , , , , , 16.0624038, 0.0179599, , , , , , , 16.0624038, 0.0240024, , , , , , , 16.0624038, 0.0273594, , , , , , , , , , , , , , , , , , , , , , , , , , , , 
16.0629231, -0.0310521, , , , , , , 16.0629231, 0.0186313, , , , , , , 16.0629231, 0.0229953, , , , , , , 16.0629231, 0.0350805, , , , , , , , , , , , , , , , , , , , , , , , , , , , 
16.0634423, -0.0339055, , , , , , , 16.0634423, 0.0229953, , , , , , , 16.0634423, 0.0216526, , , , , , , 16.0634423, 0.0404517, , , , , , , , , , , , , , , , , , , , , , , , , , , , 
16.0639615, -0.0318914, , , , , , , 16.0639615, 0.0303807, , , , , , , 16.0639615, 0.0196384, , , , , , , 16.0639615, 0.0399481, , , , , , , , , , , , , , , , , , , , , , , , , , , , 
16.0644808, -0.0246738, , , , , , , 16.0644808, 0.0387732, , , , , , , 16.0644808, 0.0164492, , , , , , , 16.0644808, 0.0357519, , , , , , , , , , , , , , , , , , , , , , , , , , , , 
16.065, -0.0169528, , , , , , , 16.065, 0.0471656, , , , , , , 16.065, 0.0146029, , , , , , , 16.065, 0.0344091, , , , , , , , , , , , , , , , , , , , , , , , , , , , 
16.0655192, -0.0112459, , , , , , , 16.0655192, 0.0525368, , , , , , , 16.0655192, 0.0139315, , , , , , , 16.0655192, 0.033402, , , , , , , , , , , , , , , , , , , , , , , , , , , , 
16.0660385, -0.008896, , , , , , , 16.0660385, 0.0458228, , , , , , , 16.0660385, 0.0146029, , , , , , , 16.0660385, 0.0325628, , , , , , , , , , , , , , , , , , , , , , , , , , , , 
16.0665577, -0.0045319, , , , , , , 16.0665577, 0.026688, , , , , , , 16.0665577, 0.0159457, , , , , , , 16.0665577, 0.0369268, , , , , , , , , , , , , , , , , , , , , , , , , , , , 
16.0670769, 0.0028534, , , , , , , 16.0670769, 0.0095674, , , , , , , 16.0670769, 0.0182956, , , , , , , 16.0670769, 0.0421302, , , , , , , , , , , , , , , , , , , , , , , , , , , , 
16.0675962, 0.0090639, , , , , , , 16.0675962, -0.0095674, , , , , , , 16.0675962, 0.0199741, , , , , , , 16.0675962, 0.0414588, , , , , , , , , , , , , , , , , , , , , , , , , , , , 
16.0681154, 0.0129244, , , , , , , 16.0681154, -0.0226596, , , , , , , 16.0681154, 0.0193027, , , , , , , 16.0681154, 0.0360876, , , , , , , , , , , , , , , , , , , , , , , , , , , , 
16.0686346, 0.0256809, , , , , , , 16.0686346, -0.008896, , , , , , , 16.0686346, 0.0152743, , , , , , , 16.0686346, 0.0327306, , , , , , , , , , , , , , , , , , , , , , , , , , , , 
16.0691538, 0.0407874, , , , , , , 16.0691538, 0.0219883, , , , , , , 16.0691538, 0.0095674, , , , , , , 16.0691538, 0.0342412, , , , , , , , , , , , , , , , , , , , , , , , , , , , 
16.0696731, 0.0454871, , , , , , , 16.0696731, 0.0344091, , , , , , , 16.0696731, 0.0065461, , , , , , , 16.0696731, 0.0354162, , , , , , , , , , , , , , , , , , , , , , , , , , , , 
16.0701923, 0.0441444, , , , , , , 16.0701923, 0.0204776, , , , , , , 16.0701923, 0.0057069, , , , , , , 16.0701923, 0.0327306, , , , , , , , , , , , , , , , , , , , , , , , , , , , 
16.0707115, 0.0421302, , , , , , , 16.0707115, 0.0219883, , , , , , , 16.0707115, 0.0035248, , , , , , , 16.0707115, 0.0293736, , , , , , , , , , , , , , , , , , , , , , , , , , , , 
16.0712308, 0.0387732, , , , , , , 16.0712308, 0.0683146, , , , , , , 16.0712308, 0.0005035, , , , , , , 16.0712308, 0.026688, , , , , , , , , , , , , , , , , , , , , , , , , , , , 
16.07175, 0.0374304, , , , , , , 16.07175, 0.1294118, , , , , , , 16.07175, -0.0003357, , , , , , , 16.07175, 0.0231632, , , , , , , , , , , , , , , , , , , , , , , , , , , , 
16.0722692, 0.040116, , , , , , , 16.0722692, 0.1512322, , , , , , , 16.0722692, -0.0001678, , , , , , , 16.0722692, 0.0159457, , , , , , , , , , , , , , , , , , , , , , , , , , , , 
16.0727885, 0.0520333, , , , , , , 16.0727885, 0.1284047, , , , , , , 16.0727885, -0.0038605, , , , , , , 16.0727885, 0.0041962, , , , , , , , , , , , , , , , , , , , , , , , , , , , 
16.0733077, 0.0659648, , , , , , , 16.0733077, 0.0636149, , , , , , , 16.0733077, -0.0117494, , , , , , , 16.0733077, -0.0062104, , , , , , , , , , , , , , , , , , , , , , , , , , , , 
16.0738269, 0.0780499, , , , , , , 16.0738269, -0.0129244, , , , , , , 16.0738269, -0.0218204, , , , , , , 16.0738269, -0.0162814, , , , , , , , , , , , , , , , , , , , , , , , , , , , 
16.0743462, 0.0877852, , , , , , , 16.0743462, -0.0379339, , , , , , , 16.0743462, -0.0318914, , , , , , , 16.0743462, -0.0260166, , , , , , , , , , , , , , , , , , , , , , , , , , , , 
16.0748654, 0.0963455, , , , , , , 16.0748654, 0.0025177, , , , , , , 16.0748654, -0.0397803, , , , , , , 16.0748654, -0.0293736, , , , , , , , , , , , , , , , , , , , , , , , , , , , 
16.0753846, 0.1096056, , , , , , , 16.0753846, 0.0394446, , , , , , , 16.0753846, -0.0417945, , , , , , , 16.0753846, -0.0297093, , , , , , , , , , , , , , , , , , , , , , , , , , , , 
16.0759038, 0.1273976, , , , , , , 16.0759038, 0.0243381, , , , , , , 16.0759038, -0.0407874, , , , , , , 16.0759038, -0.0287022, , , , , , , , , , , , , , , , , , , , , , , , , , , , 
16.0764231, 0.154757, , , , , , , 16.0764231, 0.0045319, , , , , , , 16.0764231, -0.0381018, , , , , , , 16.0764231, -0.0246738, , , , , , , , , , , , , , , , , , , , , , , , , , , , 
16.0769423, 0.1633173, , , , , , , 16.0769423, -0.0078889, , , , , , , 16.0769423, -0.033402, , , , , , , 16.0769423, -0.0203098, , , , , , , , , , , , , , , , , , , , , , , , , , , , 
16.0774615, 0.1394827, , , , , , , 16.0774615, -0.0041962, , , , , , , 16.0774615, -0.0263523, , , , , , , 16.0774615, -0.0162814, , , , , , , , , , , , , , , , , , , , , , , , , , , , 
16.0779808, 0.1085985, , , , , , , 16.0779808, 0.0354162, , , , , , , 16.0779808, -0.0139315, , , , , , , 16.0779808, -0.0109102, , , , , , , , , , , , , , , , , , , , , , , , , , , , 
16.0785, 0.0864424, , , , , , , 16.0785, 0.0802319, , , , , , , 16.0785, -0.0008392, , , , , , , 16.0785, -0.0062104, , , , , , , , , , , , , , , , , , , , , , , , , , , , 
16.0790192, 0.0626078, , , , , , , 16.0790192, 0.0767071, , , , , , , 16.0790192, 0.0104067, , , , , , , 16.0790192, -0.0001678, , , , , , , , , , , , , , , , , , , , , , , , , , , , 
16.0795385, 0.0327306, , , , , , , 16.0795385, 0.0146029, , , , , , , 16.0795385, 0.0164492, , , , , , , 16.0795385, 0.0115816, , , , , , , , , , , , , , , , , , , , , , , , , , , , 
16.0800577, -0.0005035, , , , , , , 16.0800577, -0.087953, , , , , , , 16.0800577, 0.0159457, , , , , , , 16.0800577, 0.023331, , , , , , , , , , , , , , , , , , , , , , , , , , , , 
16.0805769, -0.0307164, , , , , , , 16.0805769, -0.2056153, , , , , , , 16.0805769, 0.0105745, , , , , , , 16.0805769, 0.0330663, , , , , , , , , , , , , , , , , , , , , , , , , , , , 
16.0810962, -0.0525368, , , , , , , 16.0810962, -0.2915541, , , , , , , 16.0810962, 0.0050355, , , , , , , 16.0810962, 0.043473, , , , , , , , , , , , , , , , , , , , , , , , , , , , 
16.0816154, -0.0639506, , , , , , , 16.0816154, -0.2949111, , , , , , , 16.0816154, 0.0015106, , , , , , , 16.0816154, 0.0532082, , , , , , , , , , , , , , , , , , , , , , , , , , , , 
16.0821346, -0.0637827, , , , , , , 16.0821346, -0.2187076, , , , , , , 16.0821346, -0.0062104, , , , , , , 16.0821346, 0.0605936, , , , , , , , , , , , , , , , , , , , , , , , , , , , 
16.0826538, -0.0673075, , , , , , , 16.0826538, -0.1211872, , , , , , , 16.0826538, -0.0135958, , , , , , , 16.0826538, 0.0669718, , , , , , , , , , , , , , , , , , , , , , , , , , , , 
16.0831731, -0.0773785, , , , , , , 16.0831731, -0.051194, , , , , , , 16.0831731, -0.0199741, , , , , , , 16.0831731, 0.0679789, , , , , , , , , , , , , , , , , , , , , , , , , , , , 
16.0836923, -0.0871138, , , , , , , 16.0836923, -0.0157778, , , , , , , 16.0836923, -0.0213169, , , , , , , 16.0836923, 0.0647898, , , , , , , , , , , , , , , , , , , , , , , , , , , , 
16.0842115, -0.0881209, , , , , , , 16.0842115, -0.0038605, , , , , , , 16.0842115, -0.0115816, , , , , , , 16.0842115, 0.0582437, , , , , , , , , , , , , , , , , , , , , , , , , , , , 
16.0847308, -0.0861067, , , , , , , 16.0847308, -0.0013428, , , , , , , 16.0847308, -0.0095674, , , , , , , 16.0847308, 0.0513619, , , , , , , , , , , , , , , , , , , , , , , , , , , , 
16.08525, -0.0861067, , , , , , , 16.08525, -0.0028534, , , , , , , 16.08525, -0.0273594, , , , , , , 16.08525, 0.04448, , , , , , , , , , , , , , , , , , , , , , , , , , , , 
16.0857692, -0.0783856, , , , , , , 16.0857692, -0.0090639, , , , , , , 16.0857692, -0.0471656, , , , , , , 16.0857692, 0.0345769, , , , , , , , , , , , , , , , , , , , , , , , , , , , 
16.0862885, -0.0663005, , , , , , , 16.0862885, -0.0142672, , , , , , , 16.0862885, -0.0569009, , , , , , , 16.0862885, 0.0246738, , , , , , , , , , , , , , , , , , , , , , , , , , , , 
16.0868077, -0.0659648, , , , , , , 16.0868077, -0.0115816, , , , , , , 16.0868077, -0.0659648, , , , , , , 16.0868077, 0.0172885, , , , , , , , , , , , , , , , , , , , , , , , , , , , 
16.0873269, -0.0710002, , , , , , , 16.0873269, -0.0028534, , , , , , , 16.0873269, -0.0736858, , , , , , , 16.0873269, 0.0105745, , , , , , , , , , , , , , , , , , , , , , , , , , , , 
16.0878462, -0.0721752, , , , , , , 16.0878462, 0.0152743, , , , , , , 16.0878462, -0.0710002, , , , , , , 16.0878462, 0.005539, , , , , , , , , , , , , , , , , , , , , , , , , , , , 
16.0883654, -0.0686503, , , , , , , 16.0883654, 0.0370947, , , , , , , 16.0883654, -0.0569009, , , , , , , 16.0883654, 0.0030213, , , , , , , , , , , , , , , , , , , , , , , , , , , , 
16.0888846, -0.066804, , , , , , , 16.0888846, 0.0540475, , , , , , , 16.0888846, -0.0276951, , , , , , , 16.0888846, 0.002182, , , , , , , , , , , , , , , , , , , , , , , , , , , , 
16.0894038, -0.0713359, , , , , , , 16.0894038, 0.0683146, , , , , , , 16.0894038, 0.0092317, , , , , , , 16.0894038, -0.0001678, , , , , , , , , , , , , , , , , , , , , , , , , , , , 
16.0899231, -0.0743572, , , , , , , 16.0899231, 0.085771, , , , , , , 16.0899231, 0.040116, , , , , , , 16.0899231, -0.0028534, , , , , , , , , , , , , , , , , , , , , , , , , , , , 
16.0904423, -0.0686503, , , , , , , 16.0904423, 0.1052415, , , , , , , 16.0904423, 0.0569009, , , , , , , 16.0904423, -0.005539, , , , , , , , , , , , , , , , , , , , , , , , , , , , 
16.0909615, -0.054551, , , , , , , 16.0909615, 0.1079271, , , , , , , 16.0909615, 0.0589151, , , , , , , 16.0909615, -0.0082246, , , , , , , , , , , , , , , , , , , , , , , , , , , , 
16.0914808, -0.0384375, , , , , , , 16.0914808, 0.0750286, , , , , , , 16.0914808, 0.0501869, , , , , , , 16.0914808, -0.0146029, , , , , , , , , , , , , , , , , , , , , , , , , , , , 
16.092, -0.0270237, , , , , , , 16.092, 0.040116, , , , , , , 16.092, 0.0374304, , , , , , , 16.092, -0.0219883, , , , , , , , , , , , , , , , , , , , , , , , , , , , 
16.0925192, -0.0166171, , , , , , , 16.0925192, 0.0350805, , , , , , , 16.0925192, 0.0253452, , , , , , , 16.0925192, -0.0297093, , , , , , , , , , , , , , , , , , , , , , , , , , , , 
16.0930385, 0.0008392, , , , , , , 16.0930385, 0.0404517, , , , , , , 16.0930385, 0.0095674, , , , , , , 16.0930385, -0.0350805, , , , , , , , , , , , , , , , , , , , , , , , , , , , 
16.0935577, 0.0226596, , , , , , , 16.0935577, 0.021149, , , , , , , 16.0935577, -0.0082246, , , , , , , 16.0935577, -0.0370947, , , , , , , , , , , , , , , , , , , , , , , , , , , , 
16.0940769, 0.0433051, , , , , , , 16.0940769, -0.0072175, , , , , , , 16.0940769, -0.0223239, , , , , , , 16.0940769, -0.0377661, , , , , , , , , , , , , , , , , , , , , , , , , , , , 
16.0945962, 0.0602579, , , , , , , 16.0945962, -0.0169528, , , , , , , 16.0945962, -0.0337377, , , , , , , 16.0945962, -0.040116, , , , , , , , , , , , , , , , , , , , , , , , , , , , 
16.0951154, 0.0775463, , , , , , , 16.0951154, -0.0186313, , , , , , , 16.0951154, -0.0417945, , , , , , , 16.0951154, -0.0384375, , , , , , , , , , , , , , , , , , , , , , , , , , , , 
16.0956346, 0.0958419, , , , , , , 16.0956346, -0.0229953, , , , , , , 16.0956346, -0.0451514, , , , , , , 16.0956346, -0.0283665, , , , , , , , , , , , , , , , , , , , , , , , , , , , 
16.0961538, 0.117998, , , , , , , 16.0961538, -0.002182, , , , , , , 16.0961538, -0.0459907, , , , , , , 16.0961538, -0.0149386, , , , , , , , , , , , , , , , , , , , , , , , , , , , 
16.0966731, 0.1401541, , , , , , , 16.0966731, 0.0522011, , , , , , , 16.0966731, -0.04448, , , , , , , 16.0966731, -0.0025177, , , , , , , , , , , , , , , , , , , , , , , , , , , , 
16.0971923, 0.1519036, , , , , , , 16.0971923, 0.0616007, , , , , , , 16.0971923, -0.0397803, , , , , , , 16.0971923, 0.0125887, , , , , , , , , , , , , , , , , , , , , , , , , , , , 
16.0977115, 0.152575, , , , , , , 16.0977115, 0.0063783, , , , , , , 16.0977115, -0.0317235, , , , , , , 16.0977115, 0.0360876, , , , , , , , , , , , , , , , , , , , , , , , , , , , 
16.0982308, 0.1448539, , , , , , , 16.0982308, -0.054551, , , , , , , 16.0982308, -0.0229953, , , , , , , 16.0982308, 0.0532082, , , , , , , , , , , , , , , , , , , , , , , , , , , , 
16.09875, 0.1367971, , , , , , , 16.09875, -0.096849, , , , , , , 16.09875, -0.0166171, , , , , , , 16.09875, 0.0616007, , , , , , , , , , , , , , , , , , , , , , , , , , , , 
16.0992692, 0.1344472, , , , , , , 16.0992692, -0.1277333, , , , , , , 16.0992692, -0.0149386, , , , , , , 16.0992692, 0.0656291, , , , , , , , , , , , , , , , , , , , , , , , , , , , 
16.0997885, 0.1337758, , , , , , , 16.0997885, -0.1505608, , , , , , , 16.0997885, -0.0149386, , , , , , , 16.0997885, 0.0649577, , , , , , , , , , , , , , , , , , , , , , , , , , , , 
16.1003077, 0.1203479, , , , , , , 16.1003077, -0.1686885, , , , , , , 16.1003077, -0.0146029, , , , , , , 16.1003077, 0.0622721, , , , , , , , , , , , , , , , , , , , , , , , , , , , 
16.1008269, 0.0981918, , , , , , , 16.1008269, -0.1596246, , , , , , , 16.1008269, -0.0142672, , , , , , , 16.1008269, 0.0607614, , , , , , , , , , , , , , , , , , , , , , , , , , , , 
16.1013462, 0.0844282, , , , , , , 16.1013462, -0.1008774, , , , , , , 16.1013462, -0.0162814, , , , , , , 16.1013462, 0.0616007, , , , , , , , , , , , , , , , , , , , , , , , , , , , 
16.1018654, 0.0793927, , , , , , , 16.1018654, -0.0323949, , , , , , , 16.1018654, -0.0176242, , , , , , , 16.1018654, 0.0622721, , , , , , , , , , , , , , , , , , , , , , , , , , , , 
16.1023846, 0.068986, , , , , , , 16.1023846, 0.0139315, , , , , , , 16.1023846, -0.0169528, , , , , , , 16.1023846, 0.0595865, , , , , , , , , , , , , , , , , , , , , , , , , , , , 
16.1029038, 0.0540475, , , , , , , 16.1029038, 0.0387732, , , , , , , 16.1029038, -0.0135958, , , , , , , 16.1029038, 0.054551, , , , , , , , , , , , , , , , , , , , , , , , , , , , 
16.1034231, 0.0428016, , , , , , , 16.1034231, 0.0481727, , , , , , , 16.1034231, -0.0078889, , , , , , , 16.1034231, 0.0488441, , , , , , , , , , , , , , , , , , , , , , , , , , , , 
16.1039423, 0.042298, , , , , , , 16.1039423, 0.0481727, , , , , , , 16.1039423, 0.0001678, , , , , , , 16.1039423, 0.043473, , , , , , , , , , , , , , , , , , , , , , , , , , , , 
16.1044615, 0.04448, , , , , , , 16.1044615, 0.0438087, , , , , , , 16.1044615, 0.0077211, , , , , , , 16.1044615, 0.0384375, , , , , , , , , , , , , , , , , , , , , , , , , , , , 
16.1049808, 0.0446479, , , , , , , 16.1049808, 0.0406195, , , , , , , 16.1049808, 0.0135958, , , , , , , 16.1049808, 0.0287022, , , , , , , , , , , , , , , , , , , , , , , , , , , , 
16.1055, 0.0391089, , , , , , , 16.1055, 0.0377661, , , , , , , 16.1055, 0.0186313, , , , , , , 16.1055, 0.0142672, , , , , , , , , , , , , , , , , , , , , , , , , , , , 
16.1060192, 0.0320592, , , , , , , 16.1060192, 0.0265202, , , , , , , 16.1060192, 0.0206455, , , , , , , 16.1060192, 0.0025177, , , , , , , , , , , , , , , , , , , , , , , , , , , , 
16.1065385, 0.0243381, , , , , , , 16.1065385, 0.0085603, , , , , , , 16.1065385, 0.018967, , , , , , , 16.1065385, -0.0038605, , , , , , , , , , , , , , , , , , , , , , , , , , , , 
16.1070577, 0.0152743, , , , , , , 16.1070577, 0.0025177, , , , , , , 16.1070577, 0.0152743, , , , , , , 16.1070577, -0.0151064, , , , , , , , , , , , , , , , , , , , , , , , , , , , 
16.1075769, 0.0070497, , , , , , , 16.1075769, 0.0050355, , , , , , , 16.1075769, 0.0135958, , , , , , , 16.1075769, -0.0337377, , , , , , , , , , , , , , , , , , , , , , , , , , , , 
16.1080962, -0.0028534, , , , , , , 16.1080962, 0.0045319, , , , , , , 16.1080962, 0.0105745, , , , , , , 16.1080962, -0.0451514, , , , , , , , , , , , , , , , , , , , , , , , , , , , 
16.1086154, -0.0102388, , , , , , , 16.1086154, 0.0041962, , , , , , , 16.1086154, 0.0045319, , , , , , , 16.1086154, -0.0424659, , , , , , , , , , , , , , , , , , , , , , , , , , , , 
16.1091346, -0.01561, , , , , , , 16.1091346, 0.0050355, , , , , , , 16.1091346, -0.0041962, , , , , , , 16.1091346, -0.0354162, , , , , , , , , , , , , , , , , , , , , , , , , , , , 
16.1096538, -0.0223239, , , , , , , 16.1096538, 0.0052033, , , , , , , 16.1096538, -0.0135958, , , , , , , 16.1096538, -0.0290379, , , , , , , , , , , , , , , , , , , , , , , , , , , , 
16.1101731, -0.0298772, , , , , , , 16.1101731, 0.0025177, , , , , , , 16.1101731, -0.0224918, , , , , , , 16.1101731, -0.0229953, , , , , , , , , , , , , , , , , , , , , , , , , , , , 
16.1106923, -0.0374304, , , , , , , 16.1106923, 0.0102388, , , , , , , 16.1106923, -0.0287022, , , , , , , 16.1106923, -0.0166171, , , , , , , , , , , , , , , , , , , , , , , , , , , , 
16.1112115, -0.0411231, , , , , , , 16.1112115, 0.0199741, , , , , , , 16.1112115, -0.0320592, , , , , , , 16.1112115, -0.0072175, , , , , , , , , , , , , , , , , , , , , , , , , , , , 
16.1117308, -0.0407874, , , , , , , 16.1117308, 0.0246738, , , , , , , 16.1117308, -0.0323949, , , , , , , 16.1117308, 0.0031891, , , , , , , , , , , , , , , , , , , , , , , , , , , , 
16.11225, -0.0337377, , , , , , , 16.11225, 0.0184634, , , , , , , 16.11225, -0.0310521, , , , , , , 16.11225, 0.0164492, , , , , , , , , , , , , , , , , , , , , , , , , , , , 
16.1127692, -0.0142672, , , , , , , 16.1127692, 0.0011749, , , , , , , 16.1127692, -0.0270237, , , , , , , 16.1127692, 0.026688, , , , , , , , , , , , , , , , , , , , , , , , , , , , 
16.1132885, 0.011078, , , , , , , 16.1132885, -0.0193027, , , , , , , 16.1132885, -0.0191348, , , , , , , 16.1132885, 0.0285344, , , , , , , , , , , , , , , , , , , , , , , , , , , , 
16.1138077, 0.0229953, , , , , , , 16.1138077, -0.0384375, , , , , , , 16.1138077, -0.0095674, , , , , , , 16.1138077, 0.0213169, , , , , , , , , , , , , , , , , , , , , , , , , , , , 
16.1143269, 0.030045, , , , , , , 16.1143269, -0.0464942, , , , , , , 16.1143269, -0.0025177, , , , , , , 16.1143269, 0.0166171, , , , , , , , , , , , , , , , , , , , , , , , , , , , 
16.1148462, 0.0488441, , , , , , , 16.1148462, -0.0263523, , , , , , , 16.1148462, 0.0008392, , , , , , , 16.1148462, 0.0193027, , , , , , , , , , , , , , , , , , , , , , , , , , , , 
16.1153654, 0.0822461, , , , , , , 16.1153654, 0.0253452, , , , , , , 16.1153654, 0.0010071, , , , , , , 16.1153654, 0.018967, , , , , , , , , , , , , , , , , , , , , , , , , , , , 
16.1158846, 0.1075914, , , , , , , 16.1158846, 0.0649577, , , , , , , 16.1158846, -0.0028534, , , , , , , 16.1158846, 0.0078889, , , , , , , , , , , , , , , , , , , , , , , , , , , , 
16.1164038, 0.1285725, , , , , , , 16.1164038, 0.0570687, , , , , , , 16.1164038, -0.0062104, , , , , , , 16.1164038, -0.005539, , , , , , , , , , , , , , , , , , , , , , , , , , , , 
16.1169231, 0.1505608, , , , , , , 16.1169231, 0.0287022, , , , , , , 16.1169231, -0.0082246, , , , , , , 16.1169231, -0.0129244, , , , , , , , , , , , , , , , , , , , , , , , , , , , 
16.1174423, 0.1566033, , , , , , , 16.1174423, 0.0058747, , , , , , , 16.1174423, -0.0099031, , , , , , , 16.1174423, -0.0124208, , , , , , , , , , , , , , , , , , , , , , , , , , , , 
16.1179615, 0.1388113, , , , , , , 16.1179615, -0.0058747, , , , , , , 16.1179615, -0.0109102, , , , , , , 16.1179615, -0.0085603, , , , , , , , , , , , , , , , , , , , , , , , , , , , 
16.1184808, 0.1166552, , , , , , , 16.1184808, -0.0135958, , , , , , , 16.1184808, -0.0102388, , , , , , , 16.1184808, -0.0041962, , , , , , , , , , , , , , , , , , , , , , , , , , , , 
16.119, 0.1144732, , , , , , , 16.119, -0.0169528, , , , , , , 16.119, -0.0072175, , , , , , , 16.119, 0.0018463, , , , , , , , , , , , , , , , , , , , , , , , , , , , 
16.1195192, 0.1233692, , , , , , , 16.1195192, -0.0065461, , , , , , , 16.1195192, -0.0028534, , , , , , , 16.1195192, 0.0075532, , , , , , , , , , , , , , , , , , , , , , , , , , , , 
16.1200385, 0.1334401, , , , , , , 16.1200385, 0.0028534, , , , , , , 16.1200385, -0.0008392, , , , , , , 16.1200385, 0.0130922, , , , , , , , , , , , , , , , , , , , , , , , , , , , 
16.1205577, 0.1456931, , , , , , , 16.1205577, -0.0125887, , , , , , , 16.1205577, -0.0018463, , , , , , , 16.1205577, 0.01561, , , , , , , , , , , , , , , , , , , , , , , , , , , , 
16.1210769, 0.2190433, , , , , , , 16.1210769, -0.0438087, , , , , , , 16.1210769, -0.0015106, , , , , , , 16.1210769, 0.0176242, , , , , , , , , , , , , , , , , , , , , , , , , , , , 
16.1215962, 0.2675517, , , , , , , 16.1215962, -0.0547189, , , , , , , 16.1215962, -0.0008392, , , , , , , 16.1215962, 0.0216526, , , , , , , , , , , , , , , , , , , , , , , , , , , , 
16.1221154, 0.1938659, , , , , , , 16.1221154, -0.0404517, , , , , , , 16.1221154, -0.0018463, , , , , , , 16.1221154, 0.0273594, , , , , , , , , , , , , , , , , , , , , , , , , , , , 
16.1226346, 0.0783856, , , , , , , 16.1226346, -0.0152743, , , , , , , 16.1226346, -0.0038605, , , , , , , 16.1226346, 0.0320592, , , , , , , , , , , , , , , , , , , , , , , , , , , , 
16.1231538, 0.0038605, , , , , , , 16.1231538, 0.0038605, , , , , , , 16.1231538, -0.0058747, , , , , , , 16.1231538, 0.033402, , , , , , , , , , , , , , , , , , , , , , , , , , , , 
16.1236731, -0.0404517, , , , , , , 16.1236731, 0.0038605, , , , , , , 16.1236731, -0.0058747, , , , , , , 16.1236731, 0.0293736, , , , , , , , , , , , , , , , , , , , , , , , , , , , 
16.1241923, -0.0783856, , , , , , , 16.1241923, -0.0072175, , , , , , , 16.1241923, -0.0048676, , , , , , , 16.1241923, 0.0240024, , , , , , , , , , , , , , , , , , , , , , , , , , , , 
16.1247115, -0.0998703, , , , , , , 16.1247115, -0.0181277, , , , , , , 16.1247115, -0.0068818, , , , , , , 16.1247115, 0.021149, , , , , , , , , , , , , , , , , , , , , , , , , , , , 
16.1252308, -0.0971847, , , , , , , 16.1252308, -0.0287022, , , , , , , 16.1252308, -0.008896, , , , , , , 16.1252308, 0.0213169, , , , , , , , , , , , , , , , , , , , , , , , , , , , 
16.12575, -0.0787213, , , , , , , 16.12575, -0.0404517, , , , , , , 16.12575, -0.0078889, , , , , , , 16.12575, 0.0218204, , , , , , , , , , , , , , , , , , , , , , , , , , , , 
16.1262692, -0.0616007, , , , , , , 16.1262692, -0.0411231, , , , , , , 16.1262692, -0.0063783, , , , , , , 16.1262692, 0.0223239, , , , , , , , , , , , , , , , , , , , , , , , , , , , 
16.1267885, -0.0518654, , , , , , , 16.1267885, -0.0337377, , , , , , , 16.1267885, -0.0072175, , , , , , , 16.1267885, 0.0231632, , , , , , , , , , , , , , , , , , , , , , , , , , , , 
16.1273077, -0.0518654, , , , , , , 16.1273077, -0.0260166, , , , , , , 16.1273077, -0.0068818, , , , , , , 16.1273077, 0.0283665, , , , , , , , , , , , , , , , , , , , , , , , , , , , 
16.1278269, -0.0500191, , , , , , , 16.1278269, -0.0216526, , , , , , , 16.1278269, -0.0052033, , , , , , , 16.1278269, 0.0372625, , , , , , , , , , , , , , , , , , , , , , , , , , , , 
16.1283462, -0.0379339, , , , , , , 16.1283462, -0.0218204, , , , , , , 16.1283462, -0.0041962, , , , , , , 16.1283462, 0.0448157, , , , , , , , , , , , , , , , , , , , , , , , , , , , 
16.1288654, -0.0256809, , , , , , , 16.1288654, -0.0256809, , , , , , , 16.1288654, -0.0035248, , , , , , , 16.1288654, 0.0505226, , , , , , , , , , , , , , , , , , , , , , , , , , , , 
16.1293846, -0.0256809, , , , , , , 16.1293846, -0.0307164, , , , , , , 16.1293846, -0.0045319, , , , , , , 16.1293846, 0.0558938, , , , , , , , , , , , , , , , , , , , , , , , , , , , 
16.1299038, -0.0364233, , , , , , , 16.1299038, -0.0337377, , , , , , , 16.1299038, -0.0062104, , , , , , , 16.1299038, 0.0599222, , , , , , , , , , , , , , , , , , , , , , , , , , , , 
16.1304231, -0.0565652, , , , , , , 16.1304231, -0.0290379, , , , , , , 16.1304231, -0.0062104, , , , , , , 16.1304231, 0.0669718, , , , , , , , , , , , , , , , , , , , , , , , , , , , 
16.1309423, -0.0938277, , , , , , , 16.1309423, -0.0169528, , , , , , , 16.1309423, -0.0050355, , , , , , , 16.1309423, 0.072343, , , , , , , , , , , , , , , , , , , , , , , , , , , , 
16.1314615, -0.1529107, , , , , , , 16.1314615, -0.0082246, , , , , , , 16.1314615, -0.0045319, , , , , , , 16.1314615, 0.0738537, , , , , , , , , , , , , , , , , , , , , , , , , , , , 
16.1319808, -0.1938659, , , , , , , 16.1319808, -0.0068818, , , , , , , 16.1319808, -0.0038605, , , , , , , 16.1319808, 0.0750286, , , , , , , , , , , , , , , , , , , , , , , , , , , , 
16.1325, -0.2069581, , , , , , , 16.1325, -0.0092317, , , , , , , 16.1325, -0.0048676, , , , , , , 16.1325, 0.0763714, , , , , , , , , , , , , , , , , , , , , , , , , , , , 
16.1330192, -0.2109865, , , , , , , 16.1330192, 0.0011749, , , , , , , 16.1330192, -0.0073854, , , , , , , 16.1330192, 0.0797284, , , , , , , , , , , , , , , , , , , , , , , , , , , , 
16.1335385, -0.2072938, , , , , , , 16.1335385, 0.0240024, , , , , , , 16.1335385, -0.0077211, , , , , , , 16.1335385, 0.0817426, , , , , , , , , , , , , , , , , , , , , , , , , , , , 
16.1340577, -0.1938659, , , , , , , 16.1340577, 0.0360876, , , , , , , 16.1340577, -0.005539, , , , , , , 16.1340577, 0.0777142, , , , , , , , , , , , , , , , , , , , , , , , , , , , 
16.1345769, -0.1797665, , , , , , , 16.1345769, 0.021149, , , , , , , 16.1345769, -0.0043641, , , , , , , 16.1345769, 0.0703288, , , , , , , , , , , , , , , , , , , , , , , , , , , , 
16.1350962, -0.1730526, , , , , , , 16.1350962, -0.0132601, , , , , , , 16.1350962, -0.0075532, , , , , , , 16.1350962, 0.0663005, , , , , , , , , , , , , , , , , , , , , , , , , , , , 
16.1356154, -0.1710384, , , , , , , 16.1356154, -0.0391089, , , , , , , 16.1356154, -0.0099031, , , , , , , 16.1356154, 0.0661326, , , , , , , , , , , , , , , , , , , , , , , , , , , , 
16.1361346, -0.1653315, , , , , , , 16.1361346, -0.0364233, , , , , , , 16.1361346, -0.0095674, , , , , , , 16.1361346, 0.0659648, , , , , , , , , , , , , , , , , , , , , , , , , , , , 
16.1366538, -0.1559319, , , , , , , 16.1366538, -0.0303807, , , , , , , 16.1366538, -0.008896, , , , , , , 16.1366538, 0.0639506, , , , , , , , , , , , , , , , , , , , , , , , , , , , 
16.1371731, -0.145861, , , , , , , 16.1371731, -0.026688, , , , , , , 16.1371731, -0.0083925, , , , , , , 16.1371731, 0.0589151, , , , , , , , , , , , , , , , , , , , , , , , , , , , 
16.1376923, -0.1374685, , , , , , , 16.1376923, 0.0070497, , , , , , , 16.1376923, -0.0063783, , , , , , , 16.1376923, 0.0508583, , , , , , , , , , , , , , , , , , , , , , , , , , , , 
16.1382115, -0.128069, , , , , , , 16.1382115, 0.0471656, , , , , , , 16.1382115, -0.0075532, , , , , , , 16.1382115, 0.0417945, , , , , , , , , , , , , , , , , , , , , , , , , , , , 
16.1387308, -0.1205158, , , , , , , 16.1387308, 0.0602579, , , , , , , 16.1387308, -0.0124208, , , , , , , 16.1387308, 0.0320592, , , , , , , , , , , , , , , , , , , , , , , , , , , , 
16.13925, -0.1092699, , , , , , , 16.13925, 0.0582437, , , , , , , 16.13925, -0.0171206, , , , , , , 16.13925, 0.0246738, , , , , , , , , , , , , , , , , , , , , , , , , , , , 
16.1397692, -0.0958419, , , , , , , 16.1397692, 0.0522011, , , , , , , 16.1397692, -0.0162814, , , , , , , 16.1397692, 0.0199741, , , , , , , , , , , , , , , , , , , , , , , , , , , , 
16.1402885, -0.0884565, , , , , , , 16.1402885, 0.0307164, , , , , , , 16.1402885, -0.0115816, , , , , , , 16.1402885, 0.0139315, , , , , , , , , , , , , , , , , , , , , , , , , , , , 
16.1408077, -0.0928206, , , , , , , 16.1408077, -0.0052033, , , , , , , 16.1408077, -0.0075532, , , , , , , 16.1408077, 0.0082246, , , , , , , , , , , , , , , , , , , , , , , , , , , , 
16.1413269, -0.0970169, , , , , , , 16.1413269, -0.0330663, , , , , , , 16.1413269, -0.0005035, , , , , , , 16.1413269, 0.0031891, , , , , , , , , , , , , , , , , , , , , , , , , , , , 
16.1418462, -0.0978561, , , , , , , 16.1418462, -0.0364233, , , , , , , 16.1418462, 0.0146029, , , , , , , 16.1418462, -0.0015106, , , , , , , , , , , , , , , , , , , , , , , , , , , , 
16.1423654, -0.0976883, , , , , , , 16.1423654, -0.0243381, , , , , , , 16.1423654, 0.0273594, , , , , , , 16.1423654, -0.0075532, , , , , , , , , , , , , , , , , , , , , , , , , , , , 
16.1428846, -0.090135, , , , , , , 16.1428846, -0.0124208, , , , , , , 16.1428846, 0.03122, , , , , , , 16.1428846, -0.0135958, , , , , , , , , , , , , , , , , , , , , , , , , , , , 
16.1434038, -0.0733501, , , , , , , 16.1434038, 0.0018463, , , , , , , 16.1434038, 0.0293736, , , , , , , 16.1434038, -0.017792, , , , , , , , , , , , , , , , , , , , , , , , , , , , 
16.1439231, -0.0552224, , , , , , , 16.1439231, 0.0182956, , , , , , , 16.1439231, 0.0236667, , , , , , , 16.1439231, -0.0313878, , , , , , , , , , , , , , , , , , , , , , , , , , , , 
16.1444423, -0.0379339, , , , , , , 16.1444423, 0.0199741, , , , , , , 16.1444423, 0.0125887, , , , , , , 16.1444423, -0.0522011, , , , , , , , , , , , , , , , , , , , , , , , , , , , 
16.1449615, -0.0243381, , , , , , , 16.1449615, -0.0001678, , , , , , , 16.1449615, 0.0036927, , , , , , , 16.1449615, -0.068986, , , , , , , , , , , , , , , , , , , , , , , , , , , , 
16.1454808, -0.0129244, , , , , , , 16.1454808, -0.0246738, , , , , , , 16.1454808, 0.0028534, , , , , , , 16.1454808, -0.0802319, , , , , , , , , , , , , , , , , , , , , , , , , , , , 
16.146, -0.0038605, , , , , , , 16.146, -0.0354162, , , , , , , 16.146, 0.0045319, , , , , , , 16.146, -0.0924849, , , , , , , , , , , , , , , , , , , , , , , , , , , , 
16.1465192, -0.0092317, , , , , , , 16.1465192, -0.0377661, , , , , , , 16.1465192, 0.0031891, , , , , , , 16.1465192, -0.1025559, , , , , , , , , , , , , , , , , , , , , , , , , , , , 
16.1470385, -0.0270237, , , , , , , 16.1470385, -0.0454871, , , , , , , 16.1470385, 0.0025177, , , , , , , 16.1470385, -0.1079271, , , , , , , , , , , , , , , , , , , , , , , , , , , , 
16.1475577, -0.0391089, , , , , , , 16.1475577, -0.0518654, , , , , , , 16.1475577, 0.0057069, , , , , , , 16.1475577, -0.1092699, , , , , , , , , , , , , , , , , , , , , , , , , , , , 
16.1480769, -0.04448, , , , , , , 16.1480769, -0.0283665, , , , , , , 16.1480769, 0.0078889, , , , , , , 16.1480769, -0.1062486, , , , , , , , , , , , , , , , , , , , , , , , , , , , 
16.1485962, -0.0532082, , , , , , , 16.1485962, 0.0186313, , , , , , , 16.1485962, 0.0058747, , , , , , , 16.1485962, -0.1045701, , , , , , , , , , , , , , , , , , , , , , , , , , , , 
16.1491154, -0.0678111, , , , , , , 16.1491154, 0.0397803, , , , , , , 16.1491154, 0.0011749, , , , , , , 16.1491154, -0.1065843, , , , , , , , , , , , , , , , , , , , , , , , , , , , 
16.1496346, -0.0827497, , , , , , , 16.1496346, 0.026688, , , , , , , 16.1496346, -0.0068818, , , , , , , 16.1496346, -0.1092699, , , , , , , , , , , , , , , , , , , , , , , , , , , , 
16.1501538, -0.0916457, , , , , , , 16.1501538, 0.012253, , , , , , , 16.1501538, -0.0179599, , , , , , , 16.1501538, -0.1096056, , , , , , , , , , , , , , , , , , , , , , , , , , , , 
16.1506731, -0.1131304, , , , , , , 16.1506731, 0.0035248, , , , , , , 16.1506731, -0.0292058, , , , , , , 16.1506731, -0.1065843, , , , , , , , , , , , , , , , , , , , , , , , , , , , 
16.1511923, -0.152575, , , , , , , 16.1511923, -0.0018463, , , , , , , 16.1511923, -0.0379339, , , , , , , 16.1511923, -0.1049058, , , , , , , , , , , , , , , , , , , , , , , , , , , , 
16.1517115, -0.1878233, , , , , , , 16.1517115, 0.0068818, , , , , , , 16.1517115, -0.04448, , , , , , , 16.1517115, -0.1032273, , , , , , , , , , , , , , , , , , , , , , , , , , , , 
16.1522308, -0.2042725, , , , , , , 16.1522308, 0.0377661, , , , , , , 16.1522308, -0.0486763, , , , , , , 16.1522308, -0.0978561, , , , , , , , , , , , , , , , , , , , , , , , , , , , 
16.15275, -0.199237, , , , , , , 16.15275, 0.0599222, , , , , , , 16.15275, -0.0505226, , , , , , , 16.15275, -0.0908064, , , , , , , , , , , , , , , , , , , , , , , , , , , , 
16.1532692, -0.1760739, , , , , , , 16.1532692, 0.0381018, , , , , , , 16.1532692, -0.0525368, , , , , , , 16.1532692, -0.0892958, , , , , , , , , , , , , , , , , , , , , , , , , , , , 
16.1537885, -0.1438468, , , , , , , 16.1537885, -0.0109102, , , , , , , 16.1537885, -0.0532082, , , , , , , 16.1537885, -0.0931563, , , , , , , , , , , , , , , , , , , , , , , , , , , , 
16.1543077, -0.1183337, , , , , , , 16.1543077, -0.0488441, , , , , , , 16.1543077, -0.0525368, , , , , , , 16.1543077, -0.0948348, , , , , , , , , , , , , , , , , , , , , , , , , , , , 
16.1548269, -0.0981918, , , , , , , 16.1548269, -0.0515297, , , , , , , 16.1548269, -0.0522011, , , , , , , 16.1548269, -0.0914778, , , , , , , , , , , , , , , , , , , , , , , , , , , , 
16.1553462, -0.0743572, , , , , , , 16.1553462, -0.0323949, , , , , , , 16.1553462, -0.0518654, , , , , , , 16.1553462, -0.0877852, , , , , , , , , , , , , , , , , , , , , , , , , , , , 
16.1558654, -0.0498512, , , , , , , 16.1558654, -0.0129244, , , , , , , 16.1558654, -0.0528725, , , , , , , 16.1558654, -0.0842603, , , , , , , , , , , , , , , , , , , , , , , , , , , , 
16.1563846, -0.0253452, , , , , , , 16.1563846, 0.0099031, , , , , , , 16.1563846, -0.0505226, , , , , , , 16.1563846, -0.0773785, , , , , , , , , , , , , , , , , , , , , , , , , , , , 
16.1569038, -0.023331, , , , , , , 16.1569038, 0.0317235, , , , , , , 16.1569038, -0.04448, , , , , , , 16.1569038, -0.0693217, , , , , , , , , , , , , , , , , , , , , , , , , , , , 
16.1574231, -0.023331, , , , , , , 16.1574231, 0.0149386, , , , , , , 16.1574231, -0.0365911, , , , , , , 16.1574231, -0.0585794, , , , , , , , , , , , , , , , , , , , , , , , , , , , 
16.1579423, -0.0005035, , , , , , , 16.1579423, -0.0382696, , , , , , , 16.1579423, -0.0323949, , , , , , , 16.1579423, -0.0552224, , , , , , , , , , , , , , , , , , , , , , , , , , , , 
16.1584615, 0.0320592, , , , , , , 16.1584615, -0.0743572, , , , , , , 16.1584615, -0.0297093, , , , , , , 16.1584615, -0.0592508, , , , , , , , , , , , , , , , , , , , , , , , , , , , 
16.1589808, 0.0481727, , , , , , , 16.1589808, -0.0834211, , , , , , , 16.1589808, -0.0256809, , , , , , , 16.1589808, -0.0616007, , , , , , , , , , , , , , , , , , , , , , , , , , , , 
16.1595, 0.0535439, , , , , , , 16.1595, -0.0874495, , , , , , , 16.1595, -0.0206455, , , , , , , 16.1595, -0.0572366, , , , , , , , , , , , , , , , , , , , , , , , , , , , 
16.1600192, 0.0639506, , , , , , , 16.1600192, -0.0829175, , , , , , , 16.1600192, -0.0169528, , , , , , , 16.1600192, -0.0446479, , , , , , , , , , , , , , , , , , , , , , , , , , , , 
16.1605385, 0.0820783, , , , , , , 16.1605385, -0.0585794, , , , , , , 16.1605385, -0.0115816, , , , , , , 16.1605385, -0.0260166, , , , , , , , , , , , , , , , , , , , , , , , , , , , 
16.1610577, 0.1038987, , , , , , , 16.1610577, -0.0342412, , , , , , , 16.1610577, -0.005539, , , , , , , 16.1610577, -0.0060426, , , , , , , , , , , , , , , , , , , , , , , , , , , , 
16.1615769, 0.1220264, , , , , , , 16.1615769, -0.018967, , , , , , , 16.1615769, -0.0015106, , , , , , , 16.1615769, 0.0162814, , , , , , , , , , , , , , , , , , , , , , , , , , , , 
16.1620962, 0.139147, , , , , , , 16.1620962, -0.0216526, , , , , , , 16.1620962, 0.0011749, , , , , , , 16.1620962, 0.0381018, , , , , , , , , , , , , , , , , , , , , , , , , , , , 
16.1626154, 0.1609674, , , , , , , 16.1626154, -0.0246738, , , , , , , 16.1626154, 0.0072175, , , , , , , 16.1626154, 0.0592508, , , , , , , , , , , , , , , , , , , , , , , , , , , , 
16.1631346, 0.1774166, , , , , , , 16.1631346, -0.0164492, , , , , , , 16.1631346, 0.0152743, , , , , , , 16.1631346, 0.0814069, , , , , , , , , , , , , , , , , , , , , , , , , , , , 
16.1636538, 0.1898375, , , , , , , 16.1636538, -0.0139315, , , , , , , 16.1636538, 0.0260166, , , , , , , 16.1636538, 0.0991989, , , , , , , , , , , , , , , , , , , , , , , , , , , , 
16.1641731, 0.2079652, , , , , , , 16.1641731, -0.0283665, , , , , , , 16.1641731, 0.0342412, , , , , , , 16.1641731, 0.1079271, , , , , , , , , , , , , , , , , , , , , , , , , , , , 
16.1646923, 0.2299535, , , , , , , 16.1646923, -0.0867781, , , , , , , 16.1646923, 0.0381018, , , , , , , 16.1646923, 0.1104448, , , , , , , , , , , , , , , , , , , , , , , , , , , , 
16.1652115, 0.2495918, , , , , , , 16.1652115, -0.1485466, , , , , , , 16.1652115, 0.0374304, , , , , , , 16.1652115, 0.1153124, , , , , , , , , , , , , , , , , , , , , , , , , , , , 
16.1657308, 0.2709087, , , , , , , 16.1657308, -0.1552605, , , , , , , 16.1657308, 0.0323949, , , , , , , 16.1657308, 0.1218585, , , , , , , , , , , , , , , , , , , , , , , , , , , , 
16.16625, 0.2881971, , , , , , , 16.16625, -0.0950027, , , , , , , 16.16625, 0.0204776, , , , , , , 16.16625, 0.1230335, , , , , , , , , , , , , , , , , , , , , , , , , , , , 
16.1667692, 0.2937362, , , , , , , 16.1667692, -0.0125887, , , , , , , 16.1667692, 0.0048676, , , , , , , 16.1667692, 0.1116197, , , , , , , , , , , , , , , , , , , , , , , , , , , , 
16.1672885, 0.291722, , , , , , , 16.1672885, 0.0357519, , , , , , , 16.1672885, -0.0068818, , , , , , , 16.1672885, 0.0944991, , , , , , , , , , , , , , , , , , , , , , , , , , , , 
16.1678077, 0.293904, , , , , , , 16.1678077, 0.0441444, , , , , , , 16.1678077, -0.012253, , , , , , , 16.1678077, 0.082414, , , , , , , , , , , , , , , , , , , , , , , , , , , , 
16.1683269, 0.3068284, , , , , , , 16.1683269, 0.0354162, , , , , , , 16.1683269, -0.0115816, , , , , , , 16.1683269, 0.0787213, , , , , , , , , , , , , , , , , , , , , , , , , , , , 
16.1688462, 0.3219348, , , , , , , 16.1688462, 0.0253452, , , , , , , 16.1688462, -0.0043641, , , , , , , 16.1688462, 0.0750286, , , , , , , , , , , , , , , , , , , , , , , , , , , , 
16.1693654, 0.3345235, , , , , , , 16.1693654, 0.0219883, , , , , , , 16.1693654, 0.0035248, , , , , , , 16.1693654, 0.0696574, , , , , , , , , , , , , , , , , , , , , , , , , , , , 
16.1698846, 0.3365377, , , , , , , 16.1698846, 0.0323949, , , , , , , 16.1698846, 0.0139315, , , , , , , 16.1698846, 0.0663005, , , , , , , , , , , , , , , , , , , , , , , , , , , , 
16.1704038, 0.3127031, , , , , , , 16.1704038, 0.0522011, , , , , , , 16.1704038, 0.0218204, , , , , , , 16.1704038, 0.0656291, , , , , , , , , , , , , , , , , , , , , , , , , , , , 
16.1709231, 0.2818189, , , , , , , 16.1709231, 0.063447, , , , , , , 16.1709231, 0.0260166, , , , , , , 16.1709231, 0.0683146, , , , , , , , , , , , , , , , , , , , , , , , , , , , 
16.1714423, 0.2683909, , , , , , , 16.1714423, 0.061265, , , , , , , 16.1714423, 0.0263523, , , , , , , 16.1714423, 0.0710002, , , , , , , , , , , , , , , , , , , , , , , , , , , , 
16.1719615, 0.2630198, , , , , , , 16.1719615, 0.0540475, , , , , , , 16.1719615, 0.0219883, , , , , , , 16.1719615, 0.0715038, , , , , , , , , , , , , , , , , , , , , , , , , , , , 
16.1724808, 0.25832, , , , , , , 16.1724808, 0.0475013, , , , , , , 16.1724808, 0.0139315, , , , , , , 16.1724808, 0.0720073, , , , , , , , , , , , , , , , , , , , , , , , , , , , 
16.173, 0.2542916, , , , , , , 16.173, 0.0461585, , , , , , , 16.173, 0.0065461, , , , , , , 16.173, 0.0703288, , , , , , , , , , , , , , , , , , , , , , , , , , , , 
16.1735192, 0.2529488, , , , , , , 16.1735192, 0.0454871, , , , , , , 16.1735192, 0.0011749, , , , , , , 16.1735192, 0.0627756, , , , , , , , , , , , , , , , , , , , , , , , , , , , 
16.1740385, 0.2542916, , , , , , , 16.1740385, 0.0280308, , , , , , , 16.1740385, -0.002182, , , , , , , 16.1740385, 0.0508583, , , , , , , , , , , , , , , , , , , , , , , , , , , , 
16.1745577, 0.2495918, , , , , , , 16.1745577, -0.0015106, , , , , , , 16.1745577, -0.0065461, , , , , , , 16.1745577, 0.0411231, , , , , , , , , , , , , , , , , , , , , , , , , , , , 
16.1750769, 0.2375067, , , , , , , 16.1750769, -0.0162814, , , , , , , 16.1750769, -0.0129244, , , , , , , 16.1750769, 0.0381018, , , , , , , , , , , , , , , , , , , , , , , , , , , , 
16.1755962, 0.2140078, , , , , , , 16.1755962, -0.0229953, , , , , , , 16.1755962, -0.0179599, , , , , , , 16.1755962, 0.0360876, , , , , , , , , , , , , , , , , , , , , , , , , , , , 
16.1761154, 0.1811093, , , , , , , 16.1761154, -0.0337377, , , , , , , 16.1761154, -0.0209812, , , , , , , 16.1761154, 0.0345769, , , , , , , , , , , , , , , , , , , , , , , , , , , , 
16.1766346, 0.1519036, , , , , , , 16.1766346, -0.0332341, , , , , , , 16.1766346, -0.0209812, , , , , , , 16.1766346, 0.0387732, , , , , , , , , , , , , , , , , , , , , , , , , , , , 
16.1771538, 0.1287404, , , , , , , 16.1771538, -0.0149386, , , , , , , 16.1771538, -0.018967, , , , , , , 16.1771538, 0.0473335, , , , , , , , , , , , , , , , , , , , , , , , , , , , 
16.1776731, 0.1018845, , , , , , , 16.1776731, -0.0011749, , , , , , , 16.1776731, -0.0191348, , , , , , , 16.1776731, 0.0543832, , , , , , , , , , , , , , , , , , , , , , , , , , , , 
16.1781923, 0.0743572, , , , , , , 16.1781923, 0.0025177, , , , , , , 16.1781923, -0.0224918, , , , , , , 16.1781923, 0.061265, , , , , , , , , , , , , , , , , , , , , , , , , , , , 
16.1787115, 0.0515297, , , , , , , 16.1787115, 0.0082246, , , , , , , 16.1787115, -0.0270237, , , , , , , 16.1787115, 0.0669718, , , , , , , , , , , , , , , , , , , , , , , , , , , , 
16.1792308, 0.0325628, , , , , , , 16.1792308, 0.0099031, , , , , , , 16.1792308, -0.0340734, , , , , , , 16.1792308, 0.0733501, , , , , , , , , , , , , , , , , , , , , , , , , , , , 
16.17975, 0.0125887, , , , , , , 16.17975, 0.0075532, , , , , , , 16.17975, -0.0428016, , , , , , , 16.17975, 0.0772107, , , , , , , , , , , , , , , , , , , , , , , , , , , , 
16.1802692, -0.0062104, , , , , , , 16.1802692, 0.0078889, , , , , , , 16.1802692, -0.0459907, , , , , , , 16.1802692, 0.0810712, , , , , , , , , , , , , , , , , , , , , , , , , , , , 
16.1807885, -0.0196384, , , , , , , 16.1807885, 0.002182, , , , , , , 16.1807885, -0.0428016, , , , , , , 16.1807885, 0.0866102, , , , , , , , , , , , , , , , , , , , , , , , , , , , 
16.1813077, -0.0186313, , , , , , , 16.1813077, -0.0135958, , , , , , , 16.1813077, -0.0391089, , , , , , , 16.1813077, 0.0971847, , , , , , , , , , , , , , , , , , , , , , , , , , , , 
16.1818269, 0.0146029, , , , , , , 16.1818269, -0.0287022, , , , , , , 16.1818269, -0.0364233, , , , , , , 16.1818269, 0.1092699, , , , , , , , , , , , , , , , , , , , , , , , , , , , 
16.1823462, 0.070161, , , , , , , 16.1823462, -0.0411231, , , , , , , 16.1823462, -0.0330663, , , , , , , 16.1823462, 0.1169909, , , , , , , , , , , , , , , , , , , , , , , , , , , , 
16.1828654, 0.0864424, , , , , , , 16.1828654, -0.0431373, , , , , , , 16.1828654, -0.0276951, , , , , , , 16.1828654, 0.1230335, , , , , , , , , , , , , , , , , , , , , , , , , , , , 
16.1833846, 0.0461585, , , , , , , 16.1833846, -0.0285344, , , , , , , 16.1833846, -0.0203098, , , , , , , 16.1833846, 0.1277333, , , , , , , , , , , , , , , , , , , , , , , , , , , , 
16.1839038, -0.0035248, , , , , , , 16.1839038, -0.0078889, , , , , , , 16.1839038, -0.0159457, , , , , , , 16.1839038, 0.1223621, , , , , , , , , , , , , , , , , , , , , , , , , , , , 
16.1844231, -0.0360876, , , , , , , 16.1844231, 0.0045319, , , , , , , 16.1844231, -0.012253, , , , , , , 16.1844231, 0.1117876, , , , , , , , , , , , , , , , , , , , , , , , , , , , 
16.1849423, -0.0582437, , , , , , , 16.1849423, 0.0073854, , , , , , , 16.1849423, -0.008896, , , , , , , 16.1849423, 0.1025559, , , , , , , , , , , , , , , , , , , , , , , , , , , , 
16.1854615, -0.0767071, , , , , , , 16.1854615, 0.0062104, , , , , , , 16.1854615, -0.0065461, , , , , , , 16.1854615, 0.0938277, , , , , , , , , , , , , , , , , , , , , , , , , , , , 
16.1859808, -0.0923171, , , , , , , 16.1859808, 0.0077211, , , , , , , 16.1859808, -0.0048676, , , , , , , 16.1859808, 0.0830854, , , , , , , , , , , , , , , , , , , , , , , , , , , , 
16.1865, -0.1050736, , , , , , , 16.1865, 0.0102388, , , , , , , 16.1865, -0.0015106, , , , , , , 16.1865, 0.0750286, , , , , , , , , , , , , , , , , , , , , , , , , , , , 
16.1870192, -0.1126268, , , , , , , 16.1870192, 0.0105745, , , , , , , 16.1870192, 0.0025177, , , , , , , 16.1870192, 0.0693217, , , , , , , , , , , , , , , , , , , , , , , , , , , , 
16.1875385, -0.1164874, , , , , , , 16.1875385, 0.0119173, , , , , , , 16.1875385, 0.0045319, , , , , , , 16.1875385, 0.0602579, , , , , , , , , , , , , , , , , , , , , , , , , , , , 
16.1880577, -0.1267262, , , , , , , 16.1880577, 0.0132601, , , , , , , 16.1880577, 0.0058747, , , , , , , 16.1880577, 0.0522011, , , , , , , , , , , , , , , , , , , , , , , , , , , , 
16.1885769, -0.1413291, , , , , , , 16.1885769, 0.0112459, , , , , , , 16.1885769, 0.0078889, , , , , , , 16.1885769, 0.04448, , , , , , , , , , , , , , , , , , , , , , , , , , , , 
16.1890962, -0.1475395, , , , , , , 16.1890962, 0.0078889, , , , , , , 16.1890962, 0.008896, , , , , , , 16.1890962, 0.0359197, , , , , , , , , , , , , , , , , , , , , , , , , , , , 
16.1896154, -0.1445182, , , , , , , 16.1896154, 0.0045319, , , , , , , 16.1896154, 0.0102388, , , , , , , 16.1896154, 0.0297093, , , , , , , , , , , , , , , , , , , , , , , , , , , , 
16.1901346, -0.1418326, , , , , , , 16.1901346, 0.0015106, , , , , , , 16.1901346, 0.0105745, , , , , , , 16.1901346, 0.0287022, , , , , , , , , , , , , , , , , , , , , , , , , , , , 
16.1906538, -0.139147, , , , , , , 16.1906538, -0.0005035, , , , , , , 16.1906538, 0.008896, , , , , , , 16.1906538, 0.0290379, , , , , , , , , , , , , , , , , , , , , , , , , , , , 
16.1911731, -0.1398184, , , , , , , 16.1911731, -0.0008392, , , , , , , 16.1911731, 0.0065461, , , , , , , 16.1911731, 0.0280308, , , , , , , , , , , , , , , , , , , , , , , , , , , , 
16.1916923, -0.1467002, , , , , , , 16.1916923, -0.0025177, , , , , , , 16.1916923, 0.0062104, , , , , , , 16.1916923, 0.026688, , , , , , , , , , , , , , , , , , , , , , , , , , , , 
16.1922115, -0.152575, , , , , , , 16.1922115, -0.0057069, , , , , , , 16.1922115, 0.0062104, , , , , , , 16.1922115, 0.0271916, , , , , , , , , , , , , , , , , , , , , , , , , , , , 
16.1927308, -0.1566033, , , , , , , 16.1927308, -0.008896, , , , , , , 16.1927308, 0.0072175, , , , , , , 16.1927308, 0.0240024, , , , , , , , , , , , , , , , , , , , , , , , , , , , 
16.19325, -0.1606317, , , , , , , 16.19325, -0.0105745, , , , , , , 16.19325, 0.0068818, , , , , , , 16.19325, 0.0166171, , , , , , , , , , , , , , , , , , , , , , , , , , , , 
16.1937692, -0.156939, , , , , , , 16.1937692, -0.0130922, , , , , , , 16.1937692, 0.0038605, , , , , , , 16.1937692, 0.0045319, , , , , , , , , , , , , , , , , , , , , , , , , , , , 
16.1942885, -0.1438468, , , , , , , 16.1942885, -0.0182956, , , , , , , 16.1942885, 0.0030213, , , , , , , 16.1942885, -0.0065461, , , , , , , , , , , , , , , , , , , , , , , , , , , , 
16.1948077, -0.1317617, , , , , , , 16.1948077, -0.0182956, , , , , , , 16.1948077, 0.002182, , , , , , , 16.1948077, -0.0109102, , , , , , , , , , , , , , , , , , , , , , , , , , , , 
16.1953269, -0.1240406, , , , , , , 16.1953269, -0.0166171, , , , , , , 16.1953269, -0.0031891, , , , , , , 16.1953269, -0.0169528, , , , , , , , , , , , , , , , , , , , , , , , , , , , 
16.1958462, -0.1176623, , , , , , , 16.1958462, -0.0169528, , , , , , , 16.1958462, -0.0068818, , , , , , , 16.1958462, -0.0236667, , , , , , , , , , , , , , , , , , , , , , , , , , , , 
16.1963654, -0.1143053, , , , , , , 16.1963654, -0.0162814, , , , , , , 16.1963654, -0.0068818, , , , , , , 16.1963654, -0.0270237, , , , , , , , , , , , , , , , , , , , , , , , , , , , 
16.1968846, -0.1126268, , , , , , , 16.1968846, -0.0125887, , , , , , , 16.1968846, -0.0065461, , , , , , , 16.1968846, -0.0283665, , , , , , , , , , , , , , , , , , , , , , , , , , , , 
16.1974038, -0.112459, , , , , , , 16.1974038, -0.0095674, , , , , , , 16.1974038, -0.005539, , , , , , , 16.1974038, -0.0276951, , , , , , , , , , , , , , , , , , , , , , , , , , , , 
16.1979231, -0.1190051, , , , , , , 16.1979231, -0.0092317, , , , , , , 16.1979231, -0.0041962, , , , , , , 16.1979231, -0.0260166, , , , , , , , , , , , , , , , , , , , , , , , , , , , 
16.1984423, -0.1263905, , , , , , , 16.1984423, -0.0082246, , , , , , , 16.1984423, -0.0031891, , , , , , , 16.1984423, -0.0234989, , , , , , , , , , , , , , , , , , , , , , , , , , , , 
16.1989615, -0.1265583, , , , , , , 16.1989615, -0.0063783, , , , , , , 16.1989615, -0.0010071, , , , , , , 16.1989615, -0.0199741, , , , , , , , , , , , , , , , , , , , , , , , , , , , 
16.1994808, -0.1250477, , , , , , , 16.1994808, -0.0058747, , , , , , , 16.1994808, 0.0011749, , , , , , , 16.1994808, -0.018967, , , , , , , , , , , , , , , , , , , , , , , , , , , , 
16.2, -0.1243763, , , , , , , 16.2, -0.0048676, , , , , , , 16.2, 0.0025177, , , , , , , 16.2, -0.0182956, , , , , , , , , , , , , , , , , , , , , , , , , , , , 
16.2005192, -0.1253834, , , , , , , 16.2005192, -0.0063783, , , , , , , 16.2005192, 0.0015106, , , , , , , 16.2005192, -0.014435, , , , , , , , , , , , , , , , , , , , , , , , , , , , 
16.2010385, -0.1230335, , , , , , , 16.2010385, -0.0068818, , , , , , , 16.2010385, 0.0005035, , , , , , , 16.2010385, -0.0097353, , , , , , , , , , , , , , , , , , , , , , , , , , , , 
16.2015577, -0.1143053, , , , , , , 16.2015577, -0.0052033, , , , , , , 16.2015577, -0.0001678, , , , , , , 16.2015577, -0.0092317, , , , , , , , , , , , , , , , , , , , , , , , , , , , 
16.2020769, -0.1055772, , , , , , , 16.2020769, -0.0041962, , , , , , , 16.2020769, -0.0015106, , , , , , , 16.2020769, -0.0085603, , , , , , , , , , , , , , , , , , , , , , , , , , , , 
16.2025962, -0.1028916, , , , , , , 16.2025962, -0.0045319, , , , , , , 16.2025962, -0.0015106, , , , , , , 16.2025962, -0.0063783, , , , , , , , , , , , , , , , , , , , , , , , , , , , 
16.2031154, -0.1037308, , , , , , , 16.2031154, -0.0052033, , , , , , , 16.2031154, -0.0008392, , , , , , , 16.2031154, -0.0057069, , , , , , , , , , , , , , , , , , , , , , , , , , , , 
16.2036346, -0.0943313, , , , , , , 16.2036346, -0.0048676, , , , , , , 16.2036346, 0.0008392, , , , , , , 16.2036346, -0.0104067, , , , , , , , , , , , , , , , , , , , , , , , , , , , 
16.2041538, -0.0788891, , , , , , , 16.2041538, -0.0041962, , , , , , , 16.2041538, -0.0001678, , , , , , , 16.2041538, -0.0182956, , , , , , , , , , , , , , , , , , , , , , , , , , , , 
16.2046731, -0.0661326, , , , , , , 16.2046731, -0.0065461, , , , , , , 16.2046731, -0.0023499, , , , , , , 16.2046731, -0.0236667, , , , , , , , , , , , , , , , , , , , , , , , , , , , 
16.2051923, -0.0585794, , , , , , , 16.2051923, -0.008896, , , , , , , 16.2051923, -0.0008392, , , , , , , 16.2051923, -0.0273594, , , , , , , , , , , , , , , , , , , , , , , , , , , , 
16.2057115, -0.0498512, , , , , , , 16.2057115, -0.0099031, , , , , , , 16.2057115, 0.0016785, , , , , , , 16.2057115, -0.0320592, , , , , , , , , , , , , , , , , , , , , , , , , , , , 
16.2062308, -0.0404517, , , , , , , 16.2062308, -0.0102388, , , , , , , 16.2062308, -0.0001678, , , , , , , 16.2062308, -0.0391089, , , , , , , , , , , , , , , , , , , , , , , , , , , , 
16.20675, -0.0330663, , , , , , , 16.20675, -0.012253, , , , , , , 16.20675, -0.0025177, , , , , , , 16.20675, -0.0431373, , , , , , , , , , , , , , , , , , , , , , , , , , , , 
16.2072692, -0.0256809, , , , , , , 16.2072692, -0.0112459, , , , , , , 16.2072692, -0.0031891, , , , , , , 16.2072692, -0.0464942, , , , , , , , , , , , , , , , , , , , , , , , , , , , 
16.2077885, -0.01561, , , , , , , 16.2077885, -0.0092317, , , , , , , 16.2077885, -0.0026856, , , , , , , 16.2077885, -0.0513619, , , , , , , , , , , , , , , , , , , , , , , , , , , , 
16.2083077, -0.0102388, , , , , , , 16.2083077, -0.0095674, , , , , , , 16.2083077, -0.002182, , , , , , , 16.2083077, -0.0538796, , , , , , , , , , , , , , , , , , , , , , , , , , , , 
16.2088269, -0.0028534, , , , , , , 16.2088269, -0.0124208, , , , , , , 16.2088269, -0.0028534, , , , , , , 16.2088269, -0.054551, , , , , , , , , , , , , , , , , , , , , , , , , , , , 
16.2093462, 0.0078889, , , , , , , 16.2093462, -0.0159457, , , , , , , 16.2093462, -0.005539, , , , , , , 16.2093462, -0.0535439, , , , , , , , , , , , , , , , , , , , , , , , , , , , 
16.2098654, 0.018967, , , , , , , 16.2098654, -0.0149386, , , , , , , 16.2098654, -0.0104067, , , , , , , 16.2098654, -0.0528725, , , , , , , , , , , , , , , , , , , , , , , , , , , , 
16.2103846, 0.026688, , , , , , , 16.2103846, -0.0095674, , , , , , , 16.2103846, -0.01561, , , , , , , 16.2103846, -0.0542153, , , , , , , , , , , , , , , , , , , , , , , , , , , , 
16.2109038, 0.0320592, , , , , , , 16.2109038, -0.0070497, , , , , , , 16.2109038, -0.0206455, , , , , , , 16.2109038, -0.0528725, , , , , , , , , , , , , , , , , , , , , , , , , , , , 
16.2114231, 0.0360876, , , , , , , 16.2114231, -0.0082246, , , , , , , 16.2114231, -0.0216526, , , , , , , 16.2114231, -0.0488441, , , , , , , , , , , , , , , , , , , , , , , , , , , , 
16.2119423, 0.0451514, , , , , , , 16.2119423, -0.0109102, , , , , , , 16.2119423, -0.0186313, , , , , , , 16.2119423, -0.0439765, , , , , , , , , , , , , , , , , , , , , , , , , , , , 
16.2124615, 0.0622721, , , , , , , 16.2124615, -0.012253, , , , , , , 16.2124615, -0.0171206, , , , , , , 16.2124615, -0.0387732, , , , , , , , , , , , , , , , , , , , , , , , , , , , 
16.2129808, 0.0840925, , , , , , , 16.2129808, -0.0117494, , , , , , , 16.2129808, -0.0176242, , , , , , , 16.2129808, -0.0377661, , , , , , , , , , , , , , , , , , , , , , , , , , , , 
16.2135, 0.1116197, , , , , , , 16.2135, -0.0104067, , , , , , , 16.2135, -0.0199741, , , , , , , 16.2135, -0.0414588, , , , , , , , , , , , , , , , , , , , , , , , , , , , 
16.2140192, 0.1401541, , , , , , , 16.2140192, -0.0102388, , , , , , , 16.2140192, -0.0219883, , , , , , , 16.2140192, -0.0498512, , , , , , , , , , , , , , , , , , , , , , , , , , , , 
16.2145385, 0.1535821, , , , , , , 16.2145385, -0.0109102, , , , , , , 16.2145385, -0.0216526, , , , , , , 16.2145385, -0.0565652, , , , , , , , , , , , , , , , , , , , , , , , , , , , 
16.2150577, 0.1542535, , , , , , , 16.2150577, -0.0127565, , , , , , , 16.2150577, -0.0206455, , , , , , , 16.2150577, -0.0595865, , , , , , , , , , , , , , , , , , , , , , , , , , , , 
16.2155769, 0.1473716, , , , , , , 16.2155769, -0.0130922, , , , , , , 16.2155769, -0.018967, , , , , , , 16.2155769, -0.0605936, , , , , , , , , , , , , , , , , , , , , , , , , , , , 
16.2160962, 0.1448539, , , , , , , 16.2160962, -0.0142672, , , , , , , 16.2160962, -0.0182956, , , , , , , 16.2160962, -0.0582437, , , , , , , , , , , , , , , , , , , , , , , , , , , , 
16.2166154, 0.1488823, , , , , , , 16.2166154, -0.0146029, , , , , , , 16.2166154, -0.0179599, , , , , , , 16.2166154, -0.0525368, , , , , , , , , , , , , , , , , , , , , , , , , , , , 
16.2171346, 0.1478752, , , , , , , 16.2171346, -0.0129244, , , , , , , 16.2171346, -0.018967, , , , , , , 16.2171346, -0.0438087, , , , , , , , , , , , , , , , , , , , , , , , , , , , 
16.2176538, 0.1421683, , , , , , , 16.2176538, -0.0129244, , , , , , , 16.2176538, -0.0186313, , , , , , , 16.2176538, -0.0354162, , , , , , , , , , , , , , , , , , , , , , , , , , , , 
16.2181731, 0.1320974, , , , , , , 16.2181731, -0.0135958, , , , , , , 16.2181731, -0.0179599, , , , , , , 16.2181731, -0.0317235, , , , , , , , , , , , , , , , , , , , , , , , , , , , 
16.2186923, 0.1223621, , , , , , , 16.2186923, -0.01561, , , , , , , 16.2186923, -0.018967, , , , , , , 16.2186923, -0.0302129, , , , , , , , , , , , , , , , , , , , , , , , , , , , 
16.2192115, 0.1136339, , , , , , , 16.2192115, -0.0162814, , , , , , , 16.2192115, -0.0199741, , , , , , , 16.2192115, -0.0236667, , , , , , , , , , , , , , , , , , , , , , , , , , , , 
16.2197308, 0.1032273, , , , , , , 16.2197308, -0.0171206, , , , , , , 16.2197308, -0.0193027, , , , , , , 16.2197308, -0.012253, , , , , , , , , , , , , , , , , , , , , , , , , , , , 
16.22025, 0.0924849, , , , , , , 16.22025, -0.0149386, , , , , , , 16.22025, -0.0166171, , , , , , , 16.22025, -0.0018463, , , , , , , , , , , , , , , , , , , , , , , , , , , , 
16.2207692, 0.090135, , , , , , , 16.2207692, -0.0095674, , , , , , , 16.2207692, -0.0129244, , , , , , , 16.2207692, 0.005539, , , , , , , , , , , , , , , , , , , , , , , , , , , , 
16.2212885, 0.0948348, , , , , , , 16.2212885, -0.0023499, , , , , , , 16.2212885, -0.0112459, , , , , , , 16.2212885, 0.0146029, , , , , , , , , , , , , , , , , , , , , , , , , , , , 
16.2218077, 0.0961776, , , , , , , 16.2218077, 0.0045319, , , , , , , 16.2218077, -0.0119173, , , , , , , 16.2218077, 0.0240024, , , , , , , , , , , , , , , , , , , , , , , , , , , , 
16.2223269, 0.0985275, , , , , , , 16.2223269, 0.0072175, , , , , , , 16.2223269, -0.0109102, , , , , , , 16.2223269, 0.0303807, , , , , , , , , , , , , , , , , , , , , , , , , , , , 
16.2228462, 0.1018845, , , , , , , 16.2228462, 0.0078889, , , , , , , 16.2228462, -0.0097353, , , , , , , 16.2228462, 0.0364233, , , , , , , , , , , , , , , , , , , , , , , , , , , , 
16.2233654, 0.1038987, , , , , , , 16.2233654, 0.0099031, , , , , , , 16.2233654, -0.0104067, , , , , , , 16.2233654, 0.0374304, , , , , , , , , , , , , , , , , , , , , , , , , , , , 
16.2238846, 0.105745, , , , , , , 16.2238846, 0.0092317, , , , , , , 16.2238846, -0.0105745, , , , , , , 16.2238846, 0.0317235, , , , , , , , , , , , , , , , , , , , , , , , , , , , 
16.2244038, 0.1049058, , , , , , , 16.2244038, 0.008896, , , , , , , 16.2244038, -0.0105745, , , , , , , 16.2244038, 0.026688, , , , , , , , , , , , , , , , , , , , , , , , , , , , 
16.2249231, 0.1003738, , , , , , , 16.2249231, 0.0078889, , , , , , , 16.2249231, -0.008896, , , , , , , 16.2249231, 0.0260166, , , , , , , , , , , , , , , , , , , , , , , , , , , , 
16.2254423, 0.0938277, , , , , , , 16.2254423, -0.0003357, , , , , , , 16.2254423, -0.0070497, , , , , , , 16.2254423, 0.026688, , , , , , , , , , , , , , , , , , , , , , , , , , , , 
16.2259615, 0.0908064, , , , , , , 16.2259615, -0.0115816, , , , , , , 16.2259615, -0.0072175, , , , , , , 16.2259615, 0.026688, , , , , , , , , , , , , , , , , , , , , , , , , , , , 
16.2264808, 0.0887922, , , , , , , 16.2264808, -0.0231632, , , , , , , 16.2264808, -0.0082246, , , , , , , 16.2264808, 0.0246738, , , , , , , , , , , , , , , , , , , , , , , , , , , , 
16.227, 0.0897993, , , , , , , 16.227, -0.0317235, , , , , , , 16.227, -0.0078889, , , , , , , 16.227, 0.0218204, , , , , , , , , , , , , , , , , , , , , , , , , , , , 
16.2275192, 0.0948348, , , , , , , 16.2275192, -0.0216526, , , , , , , 16.2275192, -0.0078889, , , , , , , 16.2275192, 0.0199741, , , , , , , , , , , , , , , , , , , , , , , , , , , , 
16.2280385, 0.0963455, , , , , , , 16.2280385, -0.0065461, , , , , , , 16.2280385, -0.0075532, , , , , , , 16.2280385, 0.0193027, , , , , , , , , , , , , , , , , , , , , , , , , , , , 
16.2285577, 0.0903029, , , , , , , 16.2285577, -0.005539, , , , , , , 16.2285577, -0.0058747, , , , , , , 16.2285577, 0.0179599, , , , , , , , , , , , , , , , , , , , , , , , , , , , 
16.2290769, 0.0840925, , , , , , , 16.2290769, -0.0090639, , , , , , , 16.2290769, -0.0063783, , , , , , , 16.2290769, 0.0193027, , , , , , , , , , , , , , , , , , , , , , , , , , , , 
16.2295962, 0.0803998, , , , , , , 16.2295962, -0.0035248, , , , , , , 16.2295962, -0.0075532, , , , , , , 16.2295962, 0.0238346, , , , , , , , , , , , , , , , , , , , , , , , , , , , 
16.2301154, 0.0797284, , , , , , , 16.2301154, -0.0028534, , , , , , , 16.2301154, -0.0058747, , , , , , , 16.2301154, 0.0226596, , , , , , , , , , , , , , , , , , , , , , , , , , , , 
16.2306346, 0.0830854, , , , , , , 16.2306346, -0.0196384, , , , , , , 16.2306346, -0.005539, , , , , , , 16.2306346, 0.0193027, , , , , , , , , , , , , , , , , , , , , , , , , , , , 
16.2311538, 0.0884565, , , , , , , 16.2311538, -0.0391089, , , , , , , 16.2311538, -0.0083925, , , , , , , 16.2311538, 0.0176242, , , , , , , , , , , , , , , , , , , , , , , , , , , , 
16.2316731, 0.0882887, , , , , , , 16.2316731, -0.0344091, , , , , , , 16.2316731, -0.0095674, , , , , , , 16.2316731, 0.0162814, , , , , , , , , , , , , , , , , , , , , , , , , , , , 
16.2321923, 0.076875, , , , , , , 16.2321923, -0.008896, , , , , , , 16.2321923, -0.0082246, , , , , , , 16.2321923, 0.0179599, , , , , , , , , , , , , , , , , , , , , , , , , , , , 
16.2327115, 0.0592508, , , , , , , 16.2327115, 0.0011749, , , , , , , 16.2327115, -0.0062104, , , , , , , 16.2327115, 0.0193027, , , , , , , , , , , , , , , , , , , , , , , , , , , , 
16.2332308, 0.0448157, , , , , , , 16.2332308, -0.0082246, , , , , , , 16.2332308, -0.0041962, , , , , , , 16.2332308, 0.0146029, , , , , , , , , , , , , , , , , , , , , , , , , , , , 
16.23375, 0.0381018, , , , , , , 16.23375, -0.0099031, , , , , , , 16.23375, -0.0045319, , , , , , , 16.23375, 0.0045319, , , , , , , , , , , , , , , , , , , , , , , , , , , , 
16.2342692, 0.0411231, , , , , , , 16.2342692, -0.002182, , , , , , , 16.2342692, -0.005539, , , , , , , 16.2342692, -0.0018463, , , , , , , , , , , , , , , , , , , , , , , , , , , , 
16.2347885, 0.0498512, , , , , , , 16.2347885, -0.0005035, , , , , , , 16.2347885, -0.0043641, , , , , , , 16.2347885, -0.0045319, , , , , , , , , , , , , , , , , , , , , , , , , , , , 
16.2353077, 0.0485084, , , , , , , 16.2353077, -0.0048676, , , , , , , 16.2353077, -0.0048676, , , , , , , 16.2353077, -0.0065461, , , , , , , , , , , , , , , , , , , , , , , , , , , , 
16.2358269, 0.0399481, , , , , , , 16.2358269, -0.0095674, , , , , , , 16.2358269, -0.008896, , , , , , , 16.2358269, -0.0048676, , , , , , , , , , , , , , , , , , , , , , , , , , , , 
16.2363462, 0.0320592, , , , , , , 16.2363462, -0.0115816, , , , , , , 16.2363462, -0.0142672, , , , , , , 16.2363462, -0.0025177, , , , , , , , , , , , , , , , , , , , , , , , , , , , 
16.2368654, 0.0213169, , , , , , , 16.2368654, -0.0137636, , , , , , , 16.2368654, -0.0193027, , , , , , , 16.2368654, -0.0001678, , , , , , , , , , , , , , , , , , , , , , , , , , , , 
16.2373846, 0.0011749, , , , , , , 16.2373846, -0.0263523, , , , , , , 16.2373846, -0.0209812, , , , , , , 16.2373846, 0.0048676, , , , , , , , , , , , , , , , , , , , , , , , , , , , 
16.2379038, -0.0182956, , , , , , , 16.2379038, -0.0384375, , , , , , , 16.2379038, -0.0203098, , , , , , , 16.2379038, 0.0109102, , , , , , , , , , , , , , , , , , , , , , , , , , , , 
16.2384231, -0.0303807, , , , , , , 16.2384231, -0.0357519, , , , , , , 16.2384231, -0.0182956, , , , , , , 16.2384231, 0.0162814, , , , , , , , , , , , , , , , , , , , , , , , , , , , 
16.2389423, -0.0382696, , , , , , , 16.2389423, -0.0250095, , , , , , , 16.2389423, -0.0142672, , , , , , , 16.2389423, 0.0219883, , , , , , , , , , , , , , , , , , , , , , , , , , , , 
16.2394615, -0.0461585, , , , , , , 16.2394615, -0.0203098, , , , , , , 16.2394615, -0.0102388, , , , , , , 16.2394615, 0.0287022, , , , , , , , , , , , , , , , , , , , , , , , , , , , 
16.2399808, -0.0471656, , , , , , , 16.2399808, -0.0216526, , , , , , , 16.2399808, -0.0035248, , , , , , , 16.2399808, 0.0374304, , , , , , , , , , , , , , , , , , , , , , , , , , , , 
16.2405, -0.0419623, , , , , , , 16.2405, -0.0236667, , , , , , , 16.2405, 0.0065461, , , , , , , 16.2405, 0.0461585, , , , , , , , , , , , , , , , , , , , , , , , , , , , 
16.2410192, -0.036759, , , , , , , 16.2410192, -0.023331, , , , , , , 16.2410192, 0.0139315, , , , , , , 16.2410192, 0.0532082, , , , , , , , , , , , , , , , , , , , , , , , , , , , 
16.2415385, -0.0372625, , , , , , , 16.2415385, -0.018967, , , , , , , 16.2415385, 0.0184634, , , , , , , 16.2415385, 0.0558938, , , , , , , , , , , , , , , , , , , , , , , , , , , , 
16.2420577, -0.0438087, , , , , , , 16.2420577, -0.0095674, , , , , , , 16.2420577, 0.0198062, , , , , , , 16.2420577, 0.0575723, , , , , , , , , , , , , , , , , , , , , , , , , , , , 
16.2425769, -0.0538796, , , , , , , 16.2425769, -0.0028534, , , , , , , 16.2425769, 0.0199741, , , , , , , 16.2425769, 0.061265, , , , , , , , , , , , , , , , , , , , , , , , , , , , 
16.2430962, -0.064622, , , , , , , 16.2430962, -0.002182, , , , , , , 16.2430962, 0.0186313, , , , , , , 16.2430962, 0.0626078, , , , , , , , , , , , , , , , , , , , , , , , , , , , 
16.2436154, -0.0696574, , , , , , , 16.2436154, 0.0015106, , , , , , , 16.2436154, 0.0162814, , , , , , , 16.2436154, 0.0575723, , , , , , , , , , , , , , , , , , , , , , , , , , , , 
16.2441346, -0.0686503, , , , , , , 16.2441346, 0.008896, , , , , , , 16.2441346, 0.0140993, , , , , , , 16.2441346, 0.0495155, , , , , , , , , , , , , , , , , , , , , , , , , , , , 
16.2446538, -0.0636149, , , , , , , 16.2446538, 0.0117494, , , , , , , 16.2446538, 0.0082246, , , , , , , 16.2446538, 0.0431373, , , , , , , , , , , , , , , , , , , , , , , , , , , , 
16.2451731, -0.0585794, , , , , , , 16.2451731, 0.0046998, , , , , , , 16.2451731, 0.0011749, , , , , , , 16.2451731, 0.0387732, , , , , , , , , , , , , , , , , , , , , , , , , , , , 
16.2456923, -0.0555581, , , , , , , 16.2456923, -0.0025177, , , , , , , 16.2456923, -0.0041962, , , , , , , 16.2456923, 0.0350805, , , , , , , , , , , , , , , , , , , , , , , , , , , , 
16.2462115, -0.0535439, , , , , , , 16.2462115, -0.0036927, , , , , , , 16.2462115, -0.0082246, , , , , , , 16.2462115, 0.0337377, , , , , , , , , , , , , , , , , , , , , , , , , , , , 
16.2467308, -0.0552224, , , , , , , 16.2467308, 0.0018463, , , , , , , 16.2467308, -0.0115816, , , , , , , 16.2467308, 0.0292058, , , , , , , , , , , , , , , , , , , , , , , , , , , , 
16.24725, -0.0525368, , , , , , , 16.24725, 0.0102388, , , , , , , 16.24725, -0.0146029, , , , , , , 16.24725, 0.0236667, , , , , , , , , , , , , , , , , , , , , , , , , , , , 
16.2477692, -0.04448, , , , , , , 16.2477692, 0.0199741, , , , , , , 16.2477692, -0.0149386, , , , , , , 16.2477692, 0.0223239, , , , , , , , , , , , , , , , , , , , , , , , , , , , 
16.2482885, -0.0431373, , , , , , , 16.2482885, 0.0271916, , , , , , , 16.2482885, -0.0139315, , , , , , , 16.2482885, 0.0229953, , , , , , , , , , , , , , , , , , , , , , , , , , , , 
16.2488077, -0.0498512, , , , , , , 16.2488077, 0.023331, , , , , , , 16.2488077, -0.0146029, , , , , , , 16.2488077, 0.0209812, , , , , , , , , , , , , , , , , , , , , , , , , , , , 
16.2493269, -0.051194, , , , , , , 16.2493269, 0.0132601, , , , , , , 16.2493269, -0.0169528, , , , , , , 16.2493269, 0.0196384, , , , , , , , , , , , , , , , , , , , , , , , , , , , 
16.2498462, -0.0481727, , , , , , , 16.2498462, 0.002182, , , , , , , 16.2498462, -0.0119173, , , , , , , 16.2498462, 0.0194705, , , , , , , , , , , , , , , , , , , , , , , , , , , , 
16.2503654, -0.0458228, , , , , , , 16.2503654, -0.0062104, , , , , , , 16.2503654, -0.0028534, , , , , , , 16.2503654, 0.0182956, , , , , , , , , , , , , , , , , , , , , , , , , , , , 
16.2508846, -0.0404517, , , , , , , 16.2508846, -0.0135958, , , , , , , 16.2508846, 0.0038605, , , , , , , 16.2508846, 0.0162814, , , , , , , , , , , , , , , , , , , , , , , , , , , , 
16.2514038, -0.033402, , , , , , , 16.2514038, -0.0218204, , , , , , , 16.2514038, 0.0068818, , , , , , , 16.2514038, 0.0146029, , , , , , , , , , , , , , , , , , , , , , , , , , , , 
16.2519231, -0.0323949, , , , , , , 16.2519231, -0.0283665, , , , , , , 16.2519231, 0.0068818, , , , , , , 16.2519231, 0.0169528, , , , , , , , , , , , , , , , , , , , , , , , , , , , 
16.2524423, -0.0330663, , , , , , , 16.2524423, -0.0236667, , , , , , , 16.2524423, 0.0075532, , , , , , , 16.2524423, 0.0199741, , , , , , , , , , , , , , , , , , , , , , , , , , , , 
16.2529615, -0.0285344, , , , , , , 16.2529615, -0.0135958, , , , , , , 16.2529615, 0.0062104, , , , , , , 16.2529615, 0.0172885, , , , , , , , , , , , , , , , , , , , , , , , , , , , 
16.2534808, -0.018967, , , , , , , 16.2534808, -0.0041962, , , , , , , 16.2534808, -0.002182, , , , , , , 16.2534808, 0.0112459, , , , , , , , , , , , , , , , , , , , , , , , , , , , 
16.254, -0.0068818, , , , , , , 16.254, 0.0169528, , , , , , , 16.254, -0.0166171, , , , , , , 16.254, 0.0058747, , , , , , , , , , , , , , , , , , , , , , , , , , , , 
16.2545192, 0.0025177, , , , , , , 16.2545192, 0.0558938, , , , , , , 16.2545192, -0.0260166, , , , , , , 16.2545192, 0.0028534, , , , , , , , , , , , , , , , , , , , , , , , , , , , 
16.2550385, 0.0139315, , , , , , , 16.2550385, 0.0871138, , , , , , , 16.2550385, -0.0292058, , , , , , , 16.2550385, 0.0015106, , , , , , , , , , , , , , , , , , , , , , , , , , , , 
16.2555577, 0.0240024, , , , , , , 16.2555577, 0.0884565, , , , , , , 16.2555577, -0.0310521, , , , , , , 16.2555577, 0.0011749, , , , , , , , , , , , , , , , , , , , , , , , , , , , 
16.2560769, 0.0290379, , , , , , , 16.2560769, 0.0599222, , , , , , , 16.2560769, -0.0317235, , , , , , , 16.2560769, 0.0038605, , , , , , , , , , , , , , , , , , , , , , , , , , , , 
16.2565962, 0.0307164, , , , , , , 16.2565962, 0.0169528, , , , , , , 16.2565962, -0.0340734, , , , , , , 16.2565962, 0.0092317, , , , , , , , , , , , , , , , , , , , , , , , , , , , 
16.2571154, 0.030045, , , , , , , 16.2571154, -0.0224918, , , , , , , 16.2571154, -0.0347448, , , , , , , 16.2571154, 0.0142672, , , , , , , , , , , , , , , , , , , , , , , , , , , , 
16.2576346, 0.026688, , , , , , , 16.2576346, -0.0585794, , , , , , , 16.2576346, -0.0337377, , , , , , , 16.2576346, 0.0223239, , , , , , , , , , , , , , , , , , , , , , , , , , , , 
16.2581538, 0.0216526, , , , , , , 16.2581538, -0.1049058, , , , , , , 16.2581538, -0.0305486, , , , , , , 16.2581538, 0.030045, , , , , , , , , , , , , , , , , , , , , , , , , , , , 
16.2586731, 0.0162814, , , , , , , 16.2586731, -0.133608, , , , , , , 16.2586731, -0.0260166, , , , , , , 16.2586731, 0.0360876, , , , , , , , , , , , , , , , , , , , , , , , , , , , 
16.2591923, 0.0099031, , , , , , , 16.2591923, -0.1062486, , , , , , , 16.2591923, -0.0206455, , , , , , , 16.2591923, 0.0439765, , , , , , , , , , , , , , , , , , , , , , , , , , , , 
16.2597115, 0.0035248, , , , , , , 16.2597115, -0.0592508, , , , , , , 16.2597115, -0.01561, , , , , , , 16.2597115, 0.0527047, , , , , , , , , , , , , , , , , , , , , , , , , , , , 
16.2602308, -0.0016785, , , , , , , 16.2602308, -0.0407874, , , , , , , 16.2602308, -0.0139315, , , , , , , 16.2602308, 0.0616007, , , , , , , , , , , , , , , , , , , , , , , , , , , , 
16.26075, -0.0092317, , , , , , , 16.26075, -0.0471656, , , , , , , 16.26075, -0.0149386, , , , , , , 16.26075, 0.0703288, , , , , , , , , , , , , , , , , , , , , , , , , , , , 
16.2612692, -0.0171206, , , , , , , 16.2612692, -0.0448157, , , , , , , 16.2612692, -0.0193027, , , , , , , 16.2612692, 0.0740215, , , , , , , , , , , , , , , , , , , , , , , , , , , , 
16.2617885, -0.0206455, , , , , , , 16.2617885, -0.0270237, , , , , , , 16.2617885, -0.0236667, , , , , , , 16.2617885, 0.073518, , , , , , , , , , , , , , , , , , , , , , , , , , , , 
16.2623077, -0.0251774, , , , , , , 16.2623077, -0.0129244, , , , , , , 16.2623077, -0.0273594, , , , , , , 16.2623077, 0.0706645, , , , , , , , , , , , , , , , , , , , , , , , , , , , 
16.2628269, -0.0283665, , , , , , , 16.2628269, -0.0070497, , , , , , , 16.2628269, -0.0287022, , , , , , , 16.2628269, 0.0694896, , , , , , , , , , , , , , , , , , , , , , , , , , , , 
16.2633462, -0.0253452, , , , , , , 16.2633462, -0.0031891, , , , , , , 16.2633462, -0.0273594, , , , , , , 16.2633462, 0.0683146, , , , , , , , , , , , , , , , , , , , , , , , , , , , 
16.2638654, -0.0201419, , , , , , , 16.2638654, 0.0008392, , , , , , , 16.2638654, -0.0229953, , , , , , , 16.2638654, 0.061265, , , , , , , , , , , , , , , , , , , , , , , , , , , , 
16.2643846, -0.0115816, , , , , , , 16.2643846, 0.0016785, , , , , , , 16.2643846, -0.0213169, , , , , , , 16.2643846, 0.0508583, , , , , , , , , , , , , , , , , , , , , , , , , , , , 
16.2649038, -0.0028534, , , , , , , 16.2649038, 0.0011749, , , , , , , 16.2649038, -0.0219883, , , , , , , 16.2649038, 0.0428016, , , , , , , , , , , , , , , , , , , , , , , , , , , , 
16.2654231, 0.0006714, , , , , , , 16.2654231, 0.0005035, , , , , , , 16.2654231, -0.0213169, , , , , , , 16.2654231, 0.0379339, , , , , , , , , , , , , , , , , , , , , , , , , , , , 
16.2659423, 0.0023499, , , , , , , 16.2659423, 0.0018463, , , , , , , 16.2659423, -0.0198062, , , , , , , 16.2659423, 0.0337377, , , , , , , , , , , , , , , , , , , , , , , , , , , , 
16.2664615, 0.0077211, , , , , , , 16.2664615, 0.0031891, , , , , , , 16.2664615, -0.01561, , , , , , , 16.2664615, 0.0297093, , , , , , , , , , , , , , , , , , , , , , , , , , , , 
16.2669808, 0.0146029, , , , , , , 16.2669808, 0.0052033, , , , , , , 16.2669808, -0.0109102, , , , , , , 16.2669808, 0.0280308, , , , , , , , , , , , , , , , , , , , , , , , , , , , 
16.2675, 0.0193027, , , , , , , 16.2675, 0.0065461, , , , , , , 16.2675, -0.0058747, , , , , , , 16.2675, 0.0260166, , , , , , , , , , , , , , , , , , , , , , , , , , , , 
16.2680192, 0.0199741, , , , , , , 16.2680192, 0.0078889, , , , , , , 16.2680192, -0.002182, , , , , , , 16.2680192, 0.0198062, , , , , , , , , , , , , , , , , , , , , , , , , , , , 
16.2685385, 0.0206455, , , , , , , 16.2685385, 0.0085603, , , , , , , 16.2685385, 0.0011749, , , , , , , 16.2685385, 0.0129244, , , , , , , , , , , , , , , , , , , , , , , , , , , , 
16.2690577, 0.0213169, , , , , , , 16.2690577, 0.0102388, , , , , , , 16.2690577, 0.0011749, , , , , , , 16.2690577, 0.0105745, , , , , , , , , , , , , , , , , , , , , , , , , , , , 
16.2695769, 0.0206455, , , , , , , 16.2695769, 0.0115816, , , , , , , 16.2695769, -0.0001678, , , , , , , 16.2695769, 0.0109102, , , , , , , , , , , , , , , , , , , , , , , , , , , , 
16.2700962, 0.0193027, , , , , , , 16.2700962, 0.0082246, , , , , , , 16.2700962, 0.0025177, , , , , , , 16.2700962, 0.0114137, , , , , , , , , , , , , , , , , , , , , , , , , , , , 
16.2706154, 0.0152743, , , , , , , 16.2706154, 0.0038605, , , , , , , 16.2706154, 0.0070497, , , , , , , 16.2706154, 0.0092317, , , , , , , , , , , , , , , , , , , , , , , , , , , , 
16.2711346, 0.0078889, , , , , , , 16.2711346, 0.0025177, , , , , , , 16.2711346, 0.0099031, , , , , , , 16.2711346, 0.0065461, , , , , , , , , , , , , , , , , , , , , , , , , , , , 
16.2716538, 0.0018463, , , , , , , 16.2716538, -0.0005035, , , , , , , 16.2716538, 0.0115816, , , , , , , 16.2716538, 0.0048676, , , , , , , , , , , , , , , , , , , , , , , , , , , , 
16.2721731, 0.0018463, , , , , , , 16.2721731, -0.0058747, , , , , , , 16.2721731, 0.0119173, , , , , , , 16.2721731, 0.0065461, , , , , , , , , , , , , , , , , , , , , , , , , , , , 
16.2726923, 0.0085603, , , , , , , 16.2726923, -0.0072175, , , , , , , 16.2726923, 0.0119173, , , , , , , 16.2726923, 0.0058747, , , , , , , , , , , , , , , , , , , , , , , , , , , , 
16.2732115, 0.0209812, , , , , , , 16.2732115, -0.0050355, , , , , , , 16.2732115, 0.0105745, , , , , , , 16.2732115, 0.0018463, , , , , , , , , , , , , , , , , , , , , , , , , , , , 
16.2737308, 0.0330663, , , , , , , 16.2737308, -0.0052033, , , , , , , 16.2737308, 0.0102388, , , , , , , 16.2737308, -0.0082246, , , , , , , , , , , , , , , , , , , , , , , , , , , , 
16.27425, 0.0372625, , , , , , , 16.27425, -0.0070497, , , , , , , 16.27425, 0.0099031, , , , , , , 16.27425, -0.0209812, , , , , , , , , , , , , , , , , , , , , , , , , , , , 
16.2747692, 0.0374304, , , , , , , 16.2747692, -0.0068818, , , , , , , 16.2747692, 0.0082246, , , , , , , 16.2747692, -0.0290379, , , , , , , , , , , , , , , , , , , , , , , , , , , , 
16.2752885, 0.0414588, , , , , , , 16.2752885, -0.0052033, , , , , , , 16.2752885, 0.0085603, , , , , , , 16.2752885, -0.0317235, , , , , , , , , , , , , , , , , , , , , , , , , , , , 
16.2758077, 0.0446479, , , , , , , 16.2758077, -0.0065461, , , , , , , 16.2758077, 0.0085603, , , , , , , 16.2758077, -0.0313878, , , , , , , , , , , , , , , , , , , , , , , , , , , , 
16.2763269, 0.0481727, , , , , , , 16.2763269, -0.0082246, , , , , , , 16.2763269, 0.0065461, , , , , , , 16.2763269, -0.0285344, , , , , , , , , , , , , , , , , , , , , , , , , , , , 
16.2768462, 0.051194, , , , , , , 16.2768462, -0.008896, , , , , , , 16.2768462, 0.0041962, , , , , , , 16.2768462, -0.0260166, , , , , , , , , , , , , , , , , , , , , , , , , , , , 
16.2773654, 0.0520333, , , , , , , 16.2773654, -0.0082246, , , , , , , 16.2773654, 0.0016785, , , , , , , 16.2773654, -0.0216526, , , , , , , , , , , , , , , , , , , , , , , , , , , , 
16.2778846, 0.0528725, , , , , , , 16.2778846, -0.0062104, , , , , , , 16.2778846, -0.0001678, , , , , , , 16.2778846, -0.0167849, , , , , , , , , , , , , , , , , , , , , , , , , , , , 
16.2784038, 0.0505226, , , , , , , 16.2784038, -0.0031891, , , , , , , 16.2784038, 0.0011749, , , , , , , 16.2784038, -0.0132601, , , , , , , , , , , , , , , , , , , , , , , , , , , , 
16.2789231, 0.0446479, , , , , , , 16.2789231, -0.0005035, , , , , , , 16.2789231, 0.0035248, , , , , , , 16.2789231, -0.0102388, , , , , , , , , , , , , , , , , , , , , , , , , , , , 
16.2794423, 0.0381018, , , , , , , 16.2794423, -0.0015106, , , , , , , 16.2794423, 0.0011749, , , , , , , 16.2794423, -0.0068818, , , , , , , , , , , , , , , , , , , , , , , , , , , , 
16.2799615, 0.030045, , , , , , , 16.2799615, -0.0045319, , , , , , , 16.2799615, -0.0018463, , , , , , , 16.2799615, -0.0018463, , , , , , , , , , , , , , , , , , , , , , , , , , , , 
16.2804808, 0.0213169, , , , , , , 16.2804808, -0.0068818, , , , , , , 16.2804808, -0.0036927, , , , , , , 16.2804808, 0.0038605, , , , , , , , , , , , , , , , , , , , , , , , , , , , 
16.281, 0.0092317, , , , , , , 16.281, -0.0075532, , , , , , , 16.281, -0.0045319, , , , , , , 16.281, 0.0092317, , , , , , , , , , , , , , , , , , , , , , , , , , , , 
16.2815192, 0.0001678, , , , , , , 16.2815192, -0.0058747, , , , , , , 16.2815192, -0.0062104, , , , , , , 16.2815192, 0.0117494, , , , , , , , , , , , , , , , , , , , , , , , , , , , 
16.2820385, -0.0087282, , , , , , , 16.2820385, -0.0046998, , , , , , , 16.2820385, -0.0072175, , , , , , , 16.2820385, 0.014435, , , , , , , , , , , , , , , , , , , , , , , , , , , , 
16.2825577, -0.018967, , , , , , , 16.2825577, -0.0048676, , , , , , , 16.2825577, -0.0062104, , , , , , , 16.2825577, 0.0204776, , , , , , , , , , , , , , , , , , , , , , , , , , , , 
16.2830769, -0.0236667, , , , , , , 16.2830769, -0.0063783, , , , , , , 16.2830769, -0.0028534, , , , , , , 16.2830769, 0.0243381, , , , , , , , , , , , , , , , , , , , , , , , , , , , 
16.2835962, -0.0191348, , , , , , , 16.2835962, -0.012253, , , , , , , 16.2835962, -0.0015106, , , , , , , 16.2835962, 0.0246738, , , , , , , , , , , , , , , , , , , , , , , , , , , , 
16.2841154, -0.010071, , , , , , , 16.2841154, -0.0162814, , , , , , , 16.2841154, -0.0031891, , , , , , , 16.2841154, 0.021149, , , , , , , , , , , , , , , , , , , , , , , , , , , , 
16.2846346, -0.0001678, , , , , , , 16.2846346, -0.0149386, , , , , , , 16.2846346, -0.0030213, , , , , , , 16.2846346, 0.0179599, , , , , , , , , , , , , , , , , , , , , , , , , , , , 
16.2851538, 0.0075532, , , , , , , 16.2851538, -0.0095674, , , , , , , 16.2851538, -0.0018463, , , , , , , 16.2851538, 0.0132601, , , , , , , , , , , , , , , , , , , , , , , , , , , , 
16.2856731, 0.0132601, , , , , , , 16.2856731, -0.0062104, , , , , , , 16.2856731, -0.0030213, , , , , , , 16.2856731, 0.0102388, , , , , , , , , , , , , , , , , , , , , , , , , , , , 
16.2861923, 0.0172885, , , , , , , 16.2861923, -0.0082246, , , , , , , 16.2861923, -0.0045319, , , , , , , 16.2861923, 0.0078889, , , , , , , , , , , , , , , , , , , , , , , , , , , , 
16.2867115, 0.0260166, , , , , , , 16.2867115, -0.0102388, , , , , , , 16.2867115, -0.0041962, , , , , , , 16.2867115, 0.0072175, , , , , , , , , , , , , , , , , , , , , , , , , , , , 
16.2872308, 0.0379339, , , , , , , 16.2872308, -0.0102388, , , , , , , 16.2872308, -0.0030213, , , , , , , 16.2872308, 0.0058747, , , , , , , , , , , , , , , , , , , , , , , , , , , , 
16.28775, 0.0500191, , , , , , , 16.28775, -0.0063783, , , , , , , 16.28775, -0.0048676, , , , , , , 16.28775, 0.0031891, , , , , , , , , , , , , , , , , , , , , , , , , , , , 
16.2882692, 0.0589151, , , , , , , 16.2882692, -0.0018463, , , , , , , 16.2882692, -0.0072175, , , , , , , 16.2882692, 0.0028534, , , , , , , , , , , , , , , , , , , , , , , , , , , , 
16.2887885, 0.0621042, , , , , , , 16.2887885, -0.0018463, , , , , , , 16.2887885, -0.0060426, , , , , , , 16.2887885, 0.0028534, , , , , , , , , , , , , , , , , , , , , , , , , , , , 
16.2893077, 0.054551, , , , , , , 16.2893077, -0.0035248, , , , , , , 16.2893077, -0.005539, , , , , , , 16.2893077, 0.0005035, , , , , , , , , , , , , , , , , , , , , , , , , , , , 
16.2898269, 0.0428016, , , , , , , 16.2898269, -0.0045319, , , , , , , 16.2898269, -0.0077211, , , , , , , 16.2898269, 0.0001678, , , , , , , , , , , , , , , , , , , , , , , , , , , , 
16.2903462, 0.0370947, , , , , , , 16.2903462, -0.0041962, , , , , , , 16.2903462, -0.008896, , , , , , , 16.2903462, 0.0043641, , , , , , , , , , , , , , , , , , , , , , , , , , , , 
16.2908654, 0.036759, , , , , , , 16.2908654, -0.0018463, , , , , , , 16.2908654, -0.0078889, , , , , , , 16.2908654, 0.0072175, , , , , , , , , , , , , , , , , , , , , , , , , , , , 
16.2913846, 0.0407874, , , , , , , 16.2913846, 0.0038605, , , , , , , 16.2913846, -0.0046998, , , , , , , 16.2913846, 0.0072175, , , , , , , , , , , , , , , , , , , , , , , , , , , , 
16.2919038, 0.0426337, , , , , , , 16.2919038, 0.0065461, , , , , , , 16.2919038, -0.0050355, , , , , , , 16.2919038, 0.0058747, , , , , , , , , , , , , , , , , , , , , , , , , , , , 
16.2924231, 0.040116, , , , , , , 16.2924231, 0.0046998, , , , , , , 16.2924231, -0.0062104, , , , , , , 16.2924231, 0.0052033, , , , , , , , , , , , , , , , , , , , , , , , , , , , 
16.2929423, 0.0365911, , , , , , , 16.2929423, 0.0003357, , , , , , , 16.2929423, -0.0065461, , , , , , , 16.2929423, 0.0057069, , , , , , , , , , , , , , , , , , , , , , , , , , , , 
16.2934615, 0.0387732, , , , , , , 16.2934615, -0.0036927, , , , , , , 16.2934615, -0.0068818, , , , , , , 16.2934615, 0.0011749, , , , , , , , , , , , , , , , , , , , , , , , , , , , 
16.2939808, 0.043473, , , , , , , 16.2939808, -0.0052033, , , , , , , 16.2939808, -0.0082246, , , , , , , 16.2939808, -0.0062104, , , , , , , , , , , , , , , , , , , , , , , , , , , , 
16.2945, 0.0464942, , , , , , , 16.2945, -0.0075532, , , , , , , 16.2945, -0.0102388, , , , , , , 16.2945, -0.012253, , , , , , , , , , , , , , , , , , , , , , , , , , , , 
16.2950192, 0.0515297, , , , , , , 16.2950192, -0.0115816, , , , , , , 16.2950192, -0.012253, , , , , , , 16.2950192, -0.0152743, , , , , , , , , , , , , , , , , , , , , , , , , , , , 
16.2955385, 0.0609293, , , , , , , 16.2955385, -0.0137636, , , , , , , 16.2955385, -0.0115816, , , , , , , 16.2955385, -0.0176242, , , , , , , , , , , , , , , , , , , , , , , , , , , , 
16.2960577, 0.0679789, , , , , , , 16.2960577, -0.0132601, , , , , , , 16.2960577, -0.0115816, , , , , , , 16.2960577, -0.018967, , , , , , , , , , , , , , , , , , , , , , , , , , , , 
16.2965769, 0.0676432, , , , , , , 16.2965769, -0.0146029, , , , , , , 16.2965769, -0.012253, , , , , , , 16.2965769, -0.0161135, , , , , , , , , , , , , , , , , , , , , , , , , , , , 
16.2970962, 0.0609293, , , , , , , 16.2970962, -0.0152743, , , , , , , 16.2970962, -0.0115816, , , , , , , 16.2970962, -0.0102388, , , , , , , , , , , , , , , , , , , , , , , , , , , , 
16.2976154, 0.0441444, , , , , , , 16.2976154, -0.0124208, , , , , , , 16.2976154, -0.0114137, , , , , , , 16.2976154, -0.005539, , , , , , , , , , , , , , , , , , , , , , , , , , , , 
16.2981346, 0.0193027, , , , , , , 16.2981346, -0.0092317, , , , , , , 16.2981346, -0.0132601, , , , , , , 16.2981346, 0.0008392, , , , , , , , , , , , , , , , , , , , , , , , , , , , 
16.2986538, -0.0015106, , , , , , , 16.2986538, -0.008896, , , , , , , 16.2986538, -0.0105745, , , , , , , 16.2986538, 0.0085603, , , , , , , , , , , , , , , , , , , , , , , , , , , , 
16.2991731, -0.021149, , , , , , , 16.2991731, -0.0105745, , , , , , , 16.2991731, -0.0082246, , , , , , , 16.2991731, 0.0142672, , , , , , , , , , , , , , , , , , , , , , , , , , , , 
16.2996923, -0.04448, , , , , , , 16.2996923, -0.0117494, , , , , , , 16.2996923, -0.0077211, , , , , , , 16.2996923, 0.0198062, , , , , , , , , , , , , , , , , , , , , , , , , , , , 
16.3002115, -0.06009, , , , , , , 16.3002115, -0.0117494, , , , , , , 16.3002115, -0.0072175, , , , , , , 16.3002115, 0.026688, , , , , , , , , , , , , , , , , , , , , , , , , , , , 
16.3007308, -0.061265, , , , , , , 16.3007308, -0.011078, , , , , , , 16.3007308, -0.0078889, , , , , , , 16.3007308, 0.0339055, , , , , , , , , , , , , , , , , , , , , , , , , , , , 
16.30125, -0.0535439, , , , , , , 16.30125, -0.0102388, , , , , , , 16.30125, -0.008896, , , , , , , 16.30125, 0.040116, , , , , , , , , , , , , , , , , , , , , , , , , , , , 
16.3017692, -0.0451514, , , , , , , 16.3017692, -0.0082246, , , , , , , 16.3017692, -0.0085603, , , , , , , 16.3017692, 0.0454871, , , , , , , , , , , , , , , , , , , , , , , , , , , , 
16.3022885, -0.0411231, , , , , , , 16.3022885, -0.0058747, , , , , , , 16.3022885, -0.0085603, , , , , , , 16.3022885, 0.0515297, , , , , , , , , , , , , , , , , , , , , , , , , , , , 
16.3028077, -0.047837, , , , , , , 16.3028077, -0.0063783, , , , , , , 16.3028077, -0.0102388, , , , , , , 16.3028077, 0.0522011, , , , , , , , , , , , , , , , , , , , , , , , , , , , 
16.3033269, -0.0589151, , , , , , , 16.3033269, -0.0119173, , , , , , , 16.3033269, -0.0109102, , , , , , , 16.3033269, 0.0501869, , , , , , , , , , , , , , , , , , , , , , , , , , , , 
16.3038462, -0.0659648, , , , , , , 16.3038462, -0.0176242, , , , , , , 16.3038462, -0.0099031, , , , , , , 16.3038462, 0.0454871, , , , , , , , , , , , , , , , , , , , , , , , , , , , 
16.3043654, -0.0654612, , , , , , , 16.3043654, -0.0159457, , , , , , , 16.3043654, -0.0083925, , , , , , , 16.3043654, 0.0394446, , , , , , , , , , , , , , , , , , , , , , , , , , , , 
16.3048846, -0.0592508, , , , , , , 16.3048846, -0.0129244, , , , , , , 16.3048846, -0.0068818, , , , , , , 16.3048846, 0.0340734, , , , , , , , , , , , , , , , , , , , , , , , , , , , 
16.3054038, -0.0538796, , , , , , , 16.3054038, -0.0115816, , , , , , , 16.3054038, -0.0065461, , , , , , , 16.3054038, 0.0303807, , , , , , , , , , , , , , , , , , , , , , , , , , , , 
16.3059231, -0.0522011, , , , , , , 16.3059231, -0.0129244, , , , , , , 16.3059231, -0.0082246, , , , , , , 16.3059231, 0.0276951, , , , , , , , , , , , , , , , , , , , , , , , , , , , 
16.3064423, -0.0471656, , , , , , , 16.3064423, -0.0129244, , , , , , , 16.3064423, -0.0117494, , , , , , , 16.3064423, 0.0260166, , , , , , , , , , , , , , , , , , , , , , , , , , , , 
16.3069615, -0.0369268, , , , , , , 16.3069615, -0.012253, , , , , , , 16.3069615, -0.0151064, , , , , , , 16.3069615, 0.0256809, , , , , , , , , , , , , , , , , , , , , , , , , , , , 
16.3074808, -0.0310521, , , , , , , 16.3074808, -0.0137636, , , , , , , 16.3074808, -0.0137636, , , , , , , 16.3074808, 0.0246738, , , , , , , , , , , , , , , , , , , , , , , , , , , , 
16.308, -0.0313878, , , , , , , 16.308, -0.0129244, , , , , , , 16.308, -0.0109102, , , , , , , 16.308, 0.0213169, , , , , , , , , , , , , , , , , , , , , , , , , , , , 
16.3085192, -0.0323949, , , , , , , 16.3085192, -0.0115816, , , , , , , 16.3085192, -0.010071, , , , , , , 16.3085192, 0.0159457, , , , , , , , , , , , , , , , , , , , , , , , , , , , 
16.3090385, -0.0292058, , , , , , , 16.3090385, -0.0117494, , , , , , , 16.3090385, -0.011078, , , , , , , 16.3090385, 0.0149386, , , , , , , , , , , , , , , , , , , , , , , , , , , , 
16.3095577, -0.0193027, , , , , , , 16.3095577, -0.0117494, , , , , , , 16.3095577, -0.012253, , , , , , , 16.3095577, 0.014435, , , , , , , , , , , , , , , , , , , , , , , , , , , , 
16.3100769, -0.0015106, , , , , , , 16.3100769, -0.0095674, , , , , , , 16.3100769, -0.0149386, , , , , , , 16.3100769, 0.012253, , , , , , , , , , , , , , , , , , , , , , , , , , , , 
16.3105962, 0.01561, , , , , , , 16.3105962, -0.0062104, , , , , , , 16.3105962, -0.0169528, , , , , , , 16.3105962, 0.0119173, , , , , , , , , , , , , , , , , , , , , , , , , , , , 
16.3111154, 0.0287022, , , , , , , 16.3111154, -0.0052033, , , , , , , 16.3111154, -0.0169528, , , , , , , 16.3111154, 0.0119173, , , , , , , , , , , , , , , , , , , , , , , , , , , , 
16.3116346, 0.0354162, , , , , , , 16.3116346, -0.0070497, , , , , , , 16.3116346, -0.01561, , , , , , , 16.3116346, 0.0124208, , , , , , , , , , , , , , , , , , , , , , , , , , , , 
16.3121538, 0.0394446, , , , , , , 16.3121538, -0.008896, , , , , , , 16.3121538, -0.0135958, , , , , , , 16.3121538, 0.0129244, , , , , , , , , , , , , , , , , , , , , , , , , , , , 
16.3126731, 0.0491798, , , , , , , 16.3126731, -0.0095674, , , , , , , 16.3126731, -0.012253, , , , , , , 16.3126731, 0.0115816, , , , , , , , , , , , , , , , , , , , , , , , , , , , 
16.3131923, 0.0681468, , , , , , , 16.3131923, -0.0102388, , , , , , , 16.3131923, -0.012253, , , , , , , 16.3131923, 0.0085603, , , , , , , , , , , , , , , , , , , , , , , , , , , , 
16.3137115, 0.0891279, , , , , , , 16.3137115, -0.012253, , , , , , , 16.3137115, -0.0142672, , , , , , , 16.3137115, 0.0038605, , , , , , , , , , , , , , , , , , , , , , , , , , , , 
16.3142308, 0.1059129, , , , , , , 16.3142308, -0.0149386, , , , , , , 16.3142308, -0.0142672, , , , , , , 16.3142308, -0.0035248, , , , , , , , , , , , , , , , , , , , , , , , , , , , 
16.31475, 0.1163195, , , , , , , 16.31475, -0.0159457, , , , , , , 16.31475, -0.0117494, , , , , , , 16.31475, -0.008896, , , , , , , , , , , , , , , , , , , , , , , , , , , , 
16.3152692, 0.1250477, , , , , , , 16.3152692, -0.0149386, , , , , , , 16.3152692, -0.0095674, , , , , , , 16.3152692, -0.0125887, , , , , , , , , , , , , , , , , , , , , , , , , , , , 
16.3157885, 0.1354543, , , , , , , 16.3157885, -0.0135958, , , , , , , 16.3157885, -0.0102388, , , , , , , 16.3157885, -0.01561, , , , , , , , , , , , , , , , , , , , , , , , , , , , 
16.3163077, 0.1307546, , , , , , , 16.3163077, -0.0132601, , , , , , , 16.3163077, -0.0125887, , , , , , , 16.3163077, -0.0162814, , , , , , , , , , , , , , , , , , , , , , , , , , , , 
16.3168269, 0.1156481, , , , , , , 16.3168269, -0.0112459, , , , , , , 16.3168269, -0.0149386, , , , , , , 16.3168269, -0.0142672, , , , , , , , , , , , , , , , , , , , , , , , , , , , 
16.3173462, 0.1054093, , , , , , , 16.3173462, -0.0075532, , , , , , , 16.3173462, -0.0149386, , , , , , , 16.3173462, -0.0092317, , , , , , , , , , , , , , , , , , , , , , , , , , , , 
16.3178654, 0.1045701, , , , , , , 16.3178654, -0.0060426, , , , , , , 16.3178654, -0.0135958, , , , , , , 16.3178654, -0.0008392, , , , , , , , , , , , , , , , , , , , , , , , , , , , 
16.3183846, 0.0995346, , , , , , , 16.3183846, -0.005539, , , , , , , 16.3183846, -0.0104067, , , , , , , 16.3183846, 0.0057069, , , , , , , , , , , , , , , , , , , , , , , , , , , , 
16.3189038, 0.0817426, , , , , , , 16.3189038, -0.0052033, , , , , , , 16.3189038, -0.0102388, , , , , , , 16.3189038, 0.0125887, , , , , , , , , , , , , , , , , , , , , , , , , , , , 
16.3194231, 0.0595865, , , , , , , 16.3194231, -0.0041962, , , , , , , 16.3194231, -0.0119173, , , , , , , 16.3194231, 0.0203098, , , , , , , , , , , , , , , , , , , , , , , , , , , , 
16.3199423, 0.0421302, , , , , , , 16.3199423, -0.0048676, , , , , , , 16.3199423, -0.0112459, , , , , , , 16.3199423, 0.0287022, , , , , , , , , , , , , , , , , , , , , , , , , , , , 
16.3204615, 0.0276951, , , , , , , 16.3204615, -0.0068818, , , , , , , 16.3204615, -0.0083925, , , , , , , 16.3204615, 0.0359197, , , , , , , , , , , , , , , , , , , , , , , , , , , , 
16.3209808, 0.0159457, , , , , , , 16.3209808, -0.0075532, , , , , , , 16.3209808, -0.0062104, , , , , , , 16.3209808, 0.040116, , , , , , , , , , , , , , , , , , , , , , , , , , , , 
16.3215, 0.0078889, , , , , , , 16.3215, -0.0062104, , , , , , , 16.3215, -0.0052033, , , , , , , 16.3215, 0.0411231, , , , , , , , , , , , , , , , , , , , , , , , , , , , 
16.3220192, 0.0045319, , , , , , , 16.3220192, -0.0038605, , , , , , , 16.3220192, -0.0045319, , , , , , , 16.3220192, 0.0414588, , , , , , , , , , , , , , , , , , , , , , , , , , , , 
16.3225385, 0.0082246, , , , , , , 16.3225385, -0.0020142, , , , , , , 16.3225385, -0.0035248, , , , , , , 16.3225385, 0.0448157, , , , , , , , , , , , , , , , , , , , , , , , , , , , 
16.3230577, 0.0105745, , , , , , , 16.3230577, -0.0005035, , , , , , , 16.3230577, -0.0028534, , , , , , , 16.3230577, 0.04448, , , , , , , , , , , , , , , , , , , , , , , , , , , , 
16.3235769, 0.0075532, , , , , , , 16.3235769, -0.0008392, , , , , , , 16.3235769, -0.0028534, , , , , , , 16.3235769, 0.0392767, , , , , , , , , , , , , , , , , , , , , , , , , , , , 
16.3240962, 0.005539, , , , , , , 16.3240962, -0.0018463, , , , , , , 16.3240962, -0.0036927, , , , , , , 16.3240962, 0.0320592, , , , , , , , , , , , , , , , , , , , , , , , , , , , 
16.3246154, 0.0099031, , , , , , , 16.3246154, -0.0028534, , , , , , , 16.3246154, -0.0045319, , , , , , , 16.3246154, 0.0246738, , , , , , , , , , , , , , , , , , , , , , , , , , , , 
16.3251346, 0.0218204, , , , , , , 16.3251346, -0.0028534, , , , , , , 16.3251346, -0.0062104, , , , , , , 16.3251346, 0.0199741, , , , , , , , , , , , , , , , , , , , , , , , , , , , 
16.3256538, 0.0391089, , , , , , , 16.3256538, -0.0023499, , , , , , , 16.3256538, -0.0070497, , , , , , , 16.3256538, 0.0159457, , , , , , , , , , , , , , , , , , , , , , , , , , , , 
16.3261731, 0.0528725, , , , , , , 16.3261731, -0.0041962, , , , , , , 16.3261731, -0.0068818, , , , , , , 16.3261731, 0.0132601, , , , , , , , , , , , , , , , , , , , , , , , , , , , 
16.3266923, 0.0636149, , , , , , , 16.3266923, -0.0068818, , , , , , , 16.3266923, -0.0068818, , , , , , , 16.3266923, 0.0102388, , , , , , , , , , , , , , , , , , , , , , , , , , , , 
16.3272115, 0.0713359, , , , , , , 16.3272115, -0.0065461, , , , , , , 16.3272115, -0.0072175, , , , , , , 16.3272115, 0.0083925, , , , , , , , , , , , , , , , , , , , , , , , , , , , 
16.3277308, 0.0716716, , , , , , , 16.3277308, -0.0028534, , , , , , , 16.3277308, -0.0063783, , , , , , , 16.3277308, 0.0087282, , , , , , , , , , , , , , , , , , , , , , , , , , , , 
16.32825, 0.0656291, , , , , , , 16.32825, -0.0031891, , , , , , , 16.32825, -0.0057069, , , , , , , 16.32825, 0.008896, , , , , , , , , , , , , , , , , , , , , , , , , , , , 
16.3287692, 0.0548867, , , , , , , 16.3287692, -0.0078889, , , , , , , 16.3287692, -0.0072175, , , , , , , 16.3287692, 0.0052033, , , , , , , , , , , , , , , , , , , , , , , , , , , , 
16.3292885, 0.0501869, , , , , , , 16.3292885, -0.0090639, , , , , , , 16.3292885, -0.0102388, , , , , , , 16.3292885, 0.002182, , , , , , , , , , , , , , , , , , , , , , , , , , , , 
16.3298077, 0.049012, , , , , , , 16.3298077, -0.005539, , , , , , , 16.3298077, -0.0112459, , , , , , , 16.3298077, 0.0008392, , , , , , , , , , , , , , , , , , , , , , , , , , , , 
16.3303269, 0.0468299, , , , , , , 16.3303269, -0.0028534, , , , , , , 16.3303269, -0.0102388, , , , , , , 16.3303269, 0.0011749, , , , , , , , , , , , , , , , , , , , , , , , , , , , 
16.3308462, 0.0417945, , , , , , , 16.3308462, -0.0016785, , , , , , , 16.3308462, -0.0090639, , , , , , , 16.3308462, 0.0025177, , , , , , , , , , , , , , , , , , , , , , , , , , , , 
16.3313654, 0.0357519, , , , , , , 16.3313654, -0.0041962, , , , , , , 16.3313654, -0.0085603, , , , , , , 16.3313654, 0.0036927, , , , , , , , , , , , , , , , , , , , , , , , , , , , 
16.3318846, 0.0372625, , , , , , , 16.3318846, -0.0075532, , , , , , , 16.3318846, -0.0070497, , , , , , , 16.3318846, 0.0052033, , , , , , , , , , , , , , , , , , , , , , , , , , , , 
16.3324038, 0.0384375, , , , , , , 16.3324038, -0.0095674, , , , , , , 16.3324038, -0.0058747, , , , , , , 16.3324038, 0.0048676, , , , , , , , , , , , , , , , , , , , , , , , , , , , 
16.3329231, 0.0553902, , , , , , , 16.3329231, -0.011078, , , , , , , 16.3329231, -0.0063783, , , , , , , 16.3329231, 0.0016785, , , , , , , , , , , , , , , , , , , , , , , , , , , , 
16.3334423, 0.0924849, , , , , , , 16.3334423, -0.0135958, , , , , , , 16.3334423, -0.0082246, , , , , , , 16.3334423, -0.0062104, , , , , , , , , , , , , , , , , , , , , , , , , , , , 
16.3339615, 0.111284, , , , , , , 16.3339615, -0.0149386, , , , , , , 16.3339615, -0.0092317, , , , , , , 16.3339615, -0.0139315, , , , , , , , , , , , , , , , , , , , , , , , , , , , 
16.3344808, 0.1092699, , , , , , , 16.3344808, -0.0142672, , , , , , , 16.3344808, -0.0095674, , , , , , , 16.3344808, -0.017792, , , , , , , , , , , , , , , , , , , , , , , , , , , , 
16.335, 0.0998703, , , , , , , 16.335, -0.012253, , , , , , , 16.335, -0.0085603, , , , , , , 16.335, -0.0199741, , , , , , , , , , , , , , , , , , , , , , , , , , , , 
16.3355192, 0.0911421, , , , , , , 16.3355192, -0.0117494, , , , , , , 16.3355192, -0.0075532, , , , , , , 16.3355192, -0.0226596, , , , , , , , , , , , , , , , , , , , , , , , , , , , 
16.3360385, 0.0817426, , , , , , , 16.3360385, -0.0115816, , , , , , , 16.3360385, -0.008896, , , , , , , 16.3360385, -0.0240024, , , , , , , , , , , , , , , , , , , , , , , , , , , , 
16.3365577, 0.0686503, , , , , , , 16.3365577, -0.0085603, , , , , , , 16.3365577, -0.0102388, , , , , , , 16.3365577, -0.0243381, , , , , , , , , , , , , , , , , , , , , , , , , , , , 
16.3370769, 0.0582437, , , , , , , 16.3370769, -0.005539, , , , , , , 16.3370769, -0.0102388, , , , , , , 16.3370769, -0.0219883, , , , , , , , , , , , , , , , , , , , , , , , , , , , 
16.3375962, 0.0498512, , , , , , , 16.3375962, -0.0048676, , , , , , , 16.3375962, -0.0095674, , , , , , , 16.3375962, -0.0142672, , , , , , , , , , , , , , , , , , , , , , , , , , , , 
16.3381154, 0.0438087, , , , , , , 16.3381154, -0.0068818, , , , , , , 16.3381154, -0.0075532, , , , , , , 16.3381154, -0.0052033, , , , , , , , , , , , , , , , , , , , , , , , , , , , 
16.3386346, 0.0407874, , , , , , , 16.3386346, -0.0075532, , , , , , , 16.3386346, -0.0063783, , , , , , , 16.3386346, 0.0005035, , , , , , , , , , , , , , , , , , , , , , , , , , , , 
16.3391538, 0.0253452, , , , , , , 16.3391538, -0.0082246, , , , , , , 16.3391538, -0.0085603, , , , , , , 16.3391538, 0.0052033, , , , , , , , , , , , , , , , , , , , , , , , , , , , 
16.3396731, -0.0068818, , , , , , , 16.3396731, -0.0095674, , , , , , , 16.3396731, -0.0090639, , , , , , , 16.3396731, 0.0132601, , , , , , , , , , , , , , , , , , , , , , , , , , , , 
16.3401923, -0.0431373, , , , , , , 16.3401923, -0.0109102, , , , , , , 16.3401923, -0.008896, , , , , , , 16.3401923, 0.0213169, , , , , , , , , , , , , , , , , , , , , , , , , , , , 
16.3407115, -0.0669718, , , , , , , 16.3407115, -0.0119173, , , , , , , 16.3407115, -0.0082246, , , , , , , 16.3407115, 0.0303807, , , , , , , , , , , , , , , , , , , , , , , , , , , , 
16.3412308, -0.0740215, , , , , , , 16.3412308, -0.0124208, , , , , , , 16.3412308, -0.0068818, , , , , , , 16.3412308, 0.0384375, , , , , , , , , , , , , , , , , , , , , , , , , , , , 
16.34175, -0.0733501, , , , , , , 16.34175, -0.012253, , , , , , , 16.34175, -0.0058747, , , , , , , 16.34175, 0.0421302, , , , , , , , , , , , , , , , , , , , , , , , , , , , 
16.3422692, -0.070161, , , , , , , 16.3422692, -0.0124208, , , , , , , 16.3422692, -0.0028534, , , , , , , 16.3422692, 0.0421302, , , , , , , , , , , , , , , , , , , , , , , , , , , , 
16.3427885, -0.0669718, , , , , , , 16.3427885, -0.0112459, , , , , , , 16.3427885, -0.0018463, , , , , , , 16.3427885, 0.0414588, , , , , , , , , , , , , , , , , , , , , , , , , , , , 
16.3433077, -0.0686503, , , , , , , 16.3433077, -0.0095674, , , , , , , 16.3433077, -0.0038605, , , , , , , 16.3433077, 0.0392767, , , , , , , , , , , , , , , , , , , , , , , , , , , , 
16.3438269, -0.0616007, , , , , , , 16.3438269, -0.0068818, , , , , , , 16.3438269, -0.005539, , , , , , , 16.3438269, 0.0352483, , , , , , , , , , , , , , , , , , , , , , , , , , , , 
16.3443462, -0.0505226, , , , , , , 16.3443462, -0.0023499, , , , , , , 16.3443462, -0.006714, , , , , , , 16.3443462, 0.030045, , , , , , , , , , , , , , , , , , , , , , , , , , , , 
16.3448654, -0.0508583, , , , , , , 16.3448654, 0.0025177, , , , , , , 16.3448654, -0.0063783, , , , , , , 16.3448654, 0.0240024, , , , , , , , , , , , , , , , , , , , , , , , , , , , 
16.3453846, -0.0619364, , , , , , , 16.3453846, 0.0038605, , , , , , , 16.3453846, -0.0052033, , , , , , , 16.3453846, 0.0213169, , , , , , , , , , , , , , , , , , , , , , , , , , , , 
16.3459038, -0.0696574, , , , , , , 16.3459038, 0.0011749, , , , , , , 16.3459038, -0.005539, , , , , , , 16.3459038, 0.0193027, , , , , , , , , , , , , , , , , , , , , , , , , , , , 
16.3464231, -0.0666361, , , , , , , 16.3464231, -0.0013428, , , , , , , 16.3464231, -0.0048676, , , , , , , 16.3464231, 0.0186313, , , , , , , , , , , , , , , , , , , , , , , , , , , , 
16.3469423, -0.0575723, , , , , , , 16.3469423, -0.0018463, , , , , , , 16.3469423, -0.0036927, , , , , , , 16.3469423, 0.0172885, , , , , , , , , , , , , , , , , , , , , , , , , , , , 
16.3474615, -0.0498512, , , , , , , 16.3474615, -0.0015106, , , , , , , 16.3474615, -0.0031891, , , , , , , 16.3474615, 0.0130922, , , , , , , , , , , , , , , , , , , , , , , , , , , , 
16.3479808, -0.0495155, , , , , , , 16.3479808, -0.0015106, , , , , , , 16.3479808, -0.0048676, , , , , , , 16.3479808, 0.0078889, , , , , , , , , , , , , , , , , , , , , , , , , , , , 
16.3485, -0.0533761, , , , , , , 16.3485, -0.0018463, , , , , , , 16.3485, -0.0070497, , , , , , , 16.3485, 0.0077211, , , , , , , , , , , , , , , , , , , , , , , , , , , , 
16.3490192, -0.0540475, , , , , , , 16.3490192, -0.0035248, , , , , , , 16.3490192, -0.0082246, , , , , , , 16.3490192, 0.008896, , , , , , , , , , , , , , , , , , , , , , , , , , , , 
16.3495385, -0.0508583, , , , , , , 16.3495385, -0.0058747, , , , , , , 16.3495385, -0.0072175, , , , , , , 16.3495385, 0.0087282, , , , , , , , , , , , , , , , , , , , , , , , , , , , 
16.3500577, -0.047837, , , , , , , 16.3500577, -0.0072175, , , , , , , 16.3500577, -0.005539, , , , , , , 16.3500577, 0.0082246, , , , , , , , , , , , , , , , , , , , , , , , , , , , 
16.3505769, -0.0475013, , , , , , , 16.3505769, -0.0068818, , , , , , , 16.3505769, -0.0041962, , , , , , , 16.3505769, 0.0078889, , , , , , , , , , , , , , , , , , , , , , , , , , , , 
16.3510962, -0.0485084, , , , , , , 16.3510962, -0.005539, , , , , , , 16.3510962, -0.0031891, , , , , , , 16.3510962, 0.0083925, , , , , , , , , , , , , , , , , , , , , , , , , , , , 
16.3516154, -0.0505226, , , , , , , 16.3516154, -0.0058747, , , , , , , 16.3516154, -0.0052033, , , , , , , 16.3516154, 0.0070497, , , , , , , , , , , , , , , , , , , , , , , , , , , , 
16.3521346, -0.0562295, , , , , , , 16.3521346, -0.0087282, , , , , , , 16.3521346, -0.008896, , , , , , , 16.3521346, 0.0052033, , , , , , , , , , , , , , , , , , , , , , , , , , , , 
16.3526538, -0.0649577, , , , , , , 16.3526538, -0.0102388, , , , , , , 16.3526538, -0.0109102, , , , , , , 16.3526538, 0.0038605, , , , , , , , , , , , , , , , , , , , , , , , , , , , 
16.3531731, -0.0673075, , , , , , , 16.3531731, -0.0109102, , , , , , , 16.3531731, -0.0083925, , , , , , , 16.3531731, -0.0011749, , , , , , , , , , , , , , , , , , , , , , , , , , , , 
16.3536923, -0.0569009, , , , , , , 16.3536923, -0.0082246, , , , , , , 16.3536923, -0.0058747, , , , , , , 16.3536923, -0.0099031, , , , , , , , , , , , , , , , , , , , , , , , , , , , 
16.3542115, -0.0391089, , , , , , , 16.3542115, -0.0016785, , , , , , , 16.3542115, -0.0052033, , , , , , , 16.3542115, -0.0166171, , , , , , , , , , , , , , , , , , , , , , , , , , , , 
16.3547308, -0.0229953, , , , , , , 16.3547308, 0.0010071, , , , , , , 16.3547308, -0.0062104, , , , , , , 16.3547308, -0.0213169, , , , , , , , , , , , , , , , , , , , , , , , , , , , 
16.35525, -0.0065461, , , , , , , 16.35525, -0.0015106, , , , , , , 16.35525, -0.0105745, , , , , , , 16.35525, -0.0216526, , , , , , , , , , , , , , , , , , , , , , , , , , , , 
16.3557692, 0.0082246, , , , , , , 16.3557692, -0.0045319, , , , , , , 16.3557692, -0.0135958, , , , , , , 16.3557692, -0.0203098, , , , , , , , , , , , , , , , , , , , , , , , , , , , 
16.3562885, 0.024506, , , , , , , 16.3562885, -0.0075532, , , , , , , 16.3562885, -0.0147707, , , , , , , 16.3562885, -0.0216526, , , , , , , , , , , , , , , , , , , , , , , , , , , , 
16.3568077, 0.0340734, , , , , , , 16.3568077, -0.0109102, , , , , , , 16.3568077, -0.0154421, , , , , , , 16.3568077, -0.018967, , , , , , , , , , , , , , , , , , , , , , , , , , , , 
16.3573269, 0.0387732, , , , , , , 16.3573269, -0.012253, , , , , , , 16.3573269, -0.0159457, , , , , , , 16.3573269, -0.0125887, , , , , , , , , , , , , , , , , , , , , , , , , , , , 
16.3578462, 0.0412909, , , , , , , 16.3578462, -0.0119173, , , , , , , 16.3578462, -0.0169528, , , , , , , 16.3578462, -0.0065461, , , , , , , , , , , , , , , , , , , , , , , , , , , , 
16.3583654, 0.0446479, , , , , , , 16.3583654, -0.0090639, , , , , , , 16.3583654, -0.018967, , , , , , , 16.3583654, 0.0005035, , , , , , , , , , , , , , , , , , , , , , , , , , , , 
16.3588846, 0.0458228, , , , , , , 16.3588846, 0.0085603, , , , , , , 16.3588846, -0.0182956, , , , , , , 16.3588846, 0.0070497, , , , , , , , , , , , , , , , , , , , , , , , , , , , 
16.3594038, 0.036759, , , , , , , 16.3594038, 0.0330663, , , , , , , 16.3594038, -0.0151064, , , , , , , 16.3594038, 0.0132601, , , , , , , , , , , , , , , , , , , , , , , , , , , , 
16.3599231, 0.0193027, , , , , , , 16.3599231, 0.0461585, , , , , , , 16.3599231, -0.0102388, , , , , , , 16.3599231, 0.0182956, , , , , , , , , , , , , , , , , , , , , , , , , , , , 
16.3604423, 0.0001678, , , , , , , 16.3604423, 0.0360876, , , , , , , 16.3604423, -0.0057069, , , , , , , 16.3604423, 0.0243381, , , , , , , , , , , , , , , , , , , , , , , , , , , , 
16.3609615, -0.0184634, , , , , , , 16.3609615, 0.0058747, , , , , , , 16.3609615, -0.0015106, , , , , , , 16.3609615, 0.0320592, , , , , , , , , , , , , , , , , , , , , , , , , , , , 
16.3614808, -0.0339055, , , , , , , 16.3614808, -0.0290379, , , , , , , 16.3614808, 0.0031891, , , , , , , 16.3614808, 0.0399481, , , , , , , , , , , , , , , , , , , , , , , , , , , , 
16.362, -0.0407874, , , , , , , 16.362, -0.0560616, , , , , , , 16.362, 0.0065461, , , , , , , 16.362, 0.0468299, , , , , , , , , , , , , , , , , , , , , , , , , , , , 
16.3625192, -0.0391089, , , , , , , 16.3625192, -0.0780499, , , , , , , 16.3625192, 0.0045319, , , , , , , 16.3625192, 0.0501869, , , , , , , , , , , , , , , , , , , , , , , , , , , , 
16.3630385, -0.036759, , , , , , , 16.3630385, -0.0953384, , , , , , , 16.3630385, 0.0005035, , , , , , , 16.3630385, 0.0495155, , , , , , , , , , , , , , , , , , , , , , , , , , , , 
16.3635577, -0.0350805, , , , , , , 16.3635577, -0.0955062, , , , , , , 16.3635577, -0.0011749, , , , , , , 16.3635577, 0.04448, , , , , , , , , , , , , , , , , , , , , , , , , , , , 
16.3640769, -0.0283665, , , , , , , 16.3640769, -0.0760357, , , , , , , 16.3640769, -0.0001678, , , , , , , 16.3640769, 0.0379339, , , , , , , , , , , , , , , , , , , , , , , , , , , , 
16.3645962, -0.0169528, , , , , , , 16.3645962, -0.0488441, , , , , , , 16.3645962, 0.0005035, , , , , , , 16.3645962, 0.0340734, , , , , , , , , , , , , , , , , , , , , , , , , , , , 
16.3651154, -0.0082246, , , , , , , 16.3651154, -0.0285344, , , , , , , 16.3651154, -0.0018463, , , , , , , 16.3651154, 0.030045, , , , , , , , , , , , , , , , , , , , , , , , , , , , 
16.3656346, -0.0028534, , , , , , , 16.3656346, -0.0193027, , , , , , , 16.3656346, -0.0070497, , , , , , , 16.3656346, 0.0260166, , , , , , , , , , , , , , , , , , , , , , , , , , , , 
16.3661538, 0.0008392, , , , , , , 16.3661538, -0.011078, , , , , , , 16.3661538, -0.0077211, , , , , , , 16.3661538, 0.0246738, , , , , , , , , , , , , , , , , , , , , , , , , , , , 
16.3666731, 0.0045319, , , , , , , 16.3666731, 0.0015106, , , , , , , 16.3666731, -0.005539, , , , , , , 16.3666731, 0.0206455, , , , , , , , , , , , , , , , , , , , , , , , , , , , 
16.3671923, 0.0028534, , , , , , , 16.3671923, 0.0083925, , , , , , , 16.3671923, -0.0048676, , , , , , , 16.3671923, 0.0152743, , , , , , , , , , , , , , , , , , , , , , , , , , , , 
16.3677115, -0.0005035, , , , , , , 16.3677115, 0.0078889, , , , , , , 16.3677115, -0.0041962, , , , , , , 16.3677115, 0.0132601, , , , , , , , , , , , , , , , , , , , , , , , , , , , 
16.3682308, -0.002182, , , , , , , 16.3682308, 0.0114137, , , , , , , 16.3682308, -0.0045319, , , , , , , 16.3682308, 0.0092317, , , , , , , , , , , , , , , , , , , , , , , , , , , , 
16.36875, 0.0005035, , , , , , , 16.36875, 0.0179599, , , , , , , 16.36875, -0.0052033, , , , , , , 16.36875, 0.0031891, , , , , , , , , , , , , , , , , , , , , , , , , , , , 
16.3692692, 0.002182, , , , , , , 16.3692692, 0.0199741, , , , , , , 16.3692692, -0.0062104, , , , , , , 16.3692692, 0.0045319, , , , , , , , , , , , , , , , , , , , , , , , , , , , 
16.3697885, 0.0058747, , , , , , , 16.3697885, 0.0169528, , , , , , , 16.3697885, -0.0073854, , , , , , , 16.3697885, 0.0085603, , , , , , , , , , , , , , , , , , , , , , , , , , , , 
16.3703077, 0.005539, , , , , , , 16.3703077, 0.0125887, , , , , , , 16.3703077, -0.0085603, , , , , , , 16.3703077, 0.011078, , , , , , , , , , , , , , , , , , , , , , , , , , , , 
16.3708269, 0.0011749, , , , , , , 16.3708269, 0.0090639, , , , , , , 16.3708269, -0.0095674, , , , , , , 16.3708269, 0.0115816, , , , , , , , , , , , , , , , , , , , , , , , , , , , 
16.3713462, 0.0005035, , , , , , , 16.3713462, 0.0065461, , , , , , , 16.3713462, -0.008896, , , , , , , 16.3713462, 0.011078, , , , , , , , , , , , , , , , , , , , , , , , , , , , 
16.3718654, 0.0072175, , , , , , , 16.3718654, 0.0075532, , , , , , , 16.3718654, -0.008896, , , , , , , 16.3718654, 0.0102388, , , , , , , , , , , , , , , , , , , , , , , , , , , , 
16.3723846, 0.01561, , , , , , , 16.3723846, 0.0078889, , , , , , , 16.3723846, -0.0115816, , , , , , , 16.3723846, 0.0092317, , , , , , , , , , , , , , , , , , , , , , , , , , , , 
16.3729038, 0.0216526, , , , , , , 16.3729038, 0.0052033, , , , , , , 16.3729038, -0.014435, , , , , , , 16.3729038, 0.0041962, , , , , , , , , , , , , , , , , , , , , , , , , , , , 
16.3734231, 0.0290379, , , , , , , 16.3734231, -0.0005035, , , , , , , 16.3734231, -0.0135958, , , , , , , 16.3734231, -0.0045319, , , , , , , , , , , , , , , , , , , , , , , , , , , , 
16.3739423, 0.0382696, , , , , , , 16.3739423, -0.0048676, , , , , , , 16.3739423, -0.0112459, , , , , , , 16.3739423, -0.0099031, , , , , , , , , , , , , , , , , , , , , , , , , , , , 
16.3744615, 0.043473, , , , , , , 16.3744615, -0.0068818, , , , , , , 16.3744615, -0.0137636, , , , , , , 16.3744615, -0.0129244, , , , , , , , , , , , , , , , , , , , , , , , , , , , 
16.3749808, 0.0461585, , , , , , , 16.3749808, -0.0068818, , , , , , , 16.3749808, -0.0152743, , , , , , , 16.3749808, -0.0166171, , , , , , , , , , , , , , , , , , , , , , , , , , , , 
16.3755, 0.0501869, , , , , , , 16.3755, -0.0035248, , , , , , , 16.3755, -0.0137636, , , , , , , 16.3755, -0.0196384, , , , , , , , , , , , , , , , , , , , , , , , , , , , 
16.3760192, 0.0513619, , , , , , , 16.3760192, 0.0003357, , , , , , , 16.3760192, -0.0105745, , , , , , , 16.3760192, -0.0209812, , , , , , , , , , , , , , , , , , , , , , , , , , , , 
16.3765385, 0.0493477, , , , , , , 16.3765385, -0.0005035, , , , , , , 16.3765385, -0.0085603, , , , , , , 16.3765385, -0.0182956, , , , , , , , , , , , , , , , , , , , , , , , , , , , 
16.3770577, 0.043473, , , , , , , 16.3770577, -0.0045319, , , , , , , 16.3770577, -0.0072175, , , , , , , 16.3770577, -0.012253, , , , , , , , , , , , , , , , , , , , , , , , , , , , 
16.3775769, 0.0354162, , , , , , , 16.3775769, -0.0072175, , , , , , , 16.3775769, -0.0083925, , , , , , , 16.3775769, -0.0045319, , , , , , , , , , , , , , , , , , , , , , , , , , , , 
16.3780962, 0.0305486, , , , , , , 16.3780962, -0.0011749, , , , , , , 16.3780962, -0.0102388, , , , , , , 16.3780962, 0.0025177, , , , , , , , , , , , , , , , , , , , , , , , , , , , 
16.3786154, 0.0276951, , , , , , , 16.3786154, 0.0092317, , , , , , , 16.3786154, -0.0102388, , , , , , , 16.3786154, 0.0078889, , , , , , , , , , , , , , , , , , , , , , , , , , , , 
16.3791346, 0.0229953, , , , , , , 16.3791346, 0.011078, , , , , , , 16.3791346, -0.0102388, , , , , , , 16.3791346, 0.0139315, , , , , , , , , , , , , , , , , , , , , , , , , , , , 
16.3796538, 0.0132601, , , , , , , 16.3796538, 0.0036927, , , , , , , 16.3796538, -0.0092317, , , , , , , 16.3796538, 0.0193027, , , , , , , , , , , , , , , , , , , , , , , , , , , , 
16.3801731, 0.0048676, , , , , , , 16.3801731, -0.0028534, , , , , , , 16.3801731, -0.0095674, , , , , , , 16.3801731, 0.0253452, , , , , , , , , , , , , , , , , , , , , , , , , , , , 
16.3806923, -0.002182, , , , , , , 16.3806923, -0.0043641, , , , , , , 16.3806923, -0.0115816, , , , , , , 16.3806923, 0.0339055, , , , , , , , , , , , , , , , , , , , , , , , , , , , 
16.3812115, -0.0105745, , , , , , , 16.3812115, -0.0082246, , , , , , , 16.3812115, -0.0146029, , , , , , , 16.3812115, 0.040116, , , , , , , , , , , , , , , , , , , , , , , , , , , , 
16.3817308, -0.0149386, , , , , , , 16.3817308, -0.0179599, , , , , , , 16.3817308, -0.0186313, , , , , , , 16.3817308, 0.0433051, , , , , , , , , , , , , , , , , , , , , , , , , , , , 
16.38225, -0.0142672, , , , , , , 16.38225, -0.0169528, , , , , , , 16.38225, -0.0229953, , , , , , , 16.38225, 0.0448157, , , , , , , , , , , , , , , , , , , , , , , , , , , , 
16.3827692, -0.0135958, , , , , , , 16.3827692, 0.0105745, , , , , , , 16.3827692, -0.0219883, , , , , , , 16.3827692, 0.0451514, , , , , , , , , , , , , , , , , , , , , , , , , , , , 
16.3832885, -0.0095674, , , , , , , 16.3832885, 0.0387732, , , , , , , 16.3832885, -0.018967, , , , , , , 16.3832885, 0.0428016, , , , , , , , , , , , , , , , , , , , , , , , , , , , 
16.3838077, -0.0068818, , , , , , , 16.3838077, 0.0407874, , , , , , , 16.3838077, -0.0166171, , , , , , , 16.3838077, 0.0374304, , , , , , , , , , , , , , , , , , , , , , , , , , , , 
16.3843269, 0.0010071, , , , , , , 16.3843269, 0.0251774, , , , , , , 16.3843269, -0.0142672, , , , , , , 16.3843269, 0.0317235, , , , , , , , , , , , , , , , , , , , , , , , , , , , 
16.3848462, 0.0090639, , , , , , , 16.3848462, 0.002182, , , , , , , 16.3848462, -0.0129244, , , , , , , 16.3848462, 0.0270237, , , , , , , , , , , , , , , , , , , , , , , , , , , , 
16.3853654, 0.0129244, , , , , , , 16.3853654, -0.0283665, , , , , , , 16.3853654, -0.0102388, , , , , , , 16.3853654, 0.0253452, , , , , , , , , , , , , , , , , , , , , , , , , , , , 
16.3858846, 0.0182956, , , , , , , 16.3858846, -0.0605936, , , , , , , 16.3858846, -0.0075532, , , , , , , 16.3858846, 0.023331, , , , , , , , , , , , , , , , , , , , , , , , , , , , 
16.3864038, 0.0250095, , , , , , , 16.3864038, -0.0807355, , , , , , , 16.3864038, -0.0072175, , , , , , , 16.3864038, 0.018967, , , , , , , , , , , , , , , , , , , , , , , , , , , , 
16.3869231, 0.0307164, , , , , , , 16.3869231, -0.0802319, , , , , , , 16.3869231, -0.0050355, , , , , , , 16.3869231, 0.0162814, , , , , , , , , , , , , , , , , , , , , , , , , , , , 
16.3874423, 0.0327306, , , , , , , 16.3874423, -0.0585794, , , , , , , 16.3874423, 0.0001678, , , , , , , 16.3874423, 0.01561, , , , , , , , , , , , , , , , , , , , , , , , , , , , 
16.3879615, 0.0330663, , , , , , , 16.3879615, -0.0283665, , , , , , , 16.3879615, 0.0046998, , , , , , , 16.3879615, 0.0184634, , , , , , , , , , , , , , , , , , , , , , , , , , , , 
16.3884808, 0.0339055, , , , , , , 16.3884808, -0.0082246, , , , , , , 16.3884808, 0.0062104, , , , , , , 16.3884808, 0.0208133, , , , , , , , , , , , , , , , , , , , , , , , , , , , 
16.389, 0.0357519, , , , , , , 16.389, -0.0062104, , , , , , , 16.389, 0.0057069, , , , , , , 16.389, 0.0193027, , , , , , , , , , , , , , , , , , , , , , , , , , , , 
16.3895192, 0.0359197, , , , , , , 16.3895192, -0.0125887, , , , , , , 16.3895192, 0.0038605, , , , , , , 16.3895192, 0.0147707, , , , , , , , , , , , , , , , , , , , , , , , , , , , 
16.3900385, 0.0337377, , , , , , , 16.3900385, -0.0184634, , , , , , , 16.3900385, 0.0018463, , , , , , , 16.3900385, 0.0119173, , , , , , , , , , , , , , , , , , , , , , , , , , , , 
16.3905577, 0.033402, , , , , , , 16.3905577, -0.0184634, , , , , , , 16.3905577, 0.0008392, , , , , , , 16.3905577, 0.0119173, , , , , , , , , , , , , , , , , , , , , , , , , , , , 
16.3910769, 0.040116, , , , , , , 16.3910769, -0.0152743, , , , , , , 16.3910769, 0.0001678, , , , , , , 16.3910769, 0.0115816, , , , , , , , , , , , , , , , , , , , , , , , , , , , 
16.3915962, 0.0419623, , , , , , , 16.3915962, -0.0129244, , , , , , , 16.3915962, -0.0010071, , , , , , , 16.3915962, 0.0115816, , , , , , , , , , , , , , , , , , , , , , , , , , , , 
16.3921154, 0.0387732, , , , , , , 16.3921154, -0.012253, , , , , , , 16.3921154, -0.0028534, , , , , , , 16.3921154, 0.0125887, , , , , , , , , , , , , , , , , , , , , , , , , , , , 
16.3926346, 0.040116, , , , , , , 16.3926346, -0.0105745, , , , , , , 16.3926346, -0.0038605, , , , , , , 16.3926346, 0.0099031, , , , , , , , , , , , , , , , , , , , , , , , , , , , 
16.3931538, 0.0454871, , , , , , , 16.3931538, -0.0075532, , , , , , , 16.3931538, -0.0025177, , , , , , , 16.3931538, 0.0036927, , , , , , , , , , , , , , , , , , , , , , , , , , , , 
16.3936731, 0.0522011, , , , , , , 16.3936731, -0.0058747, , , , , , , 16.3936731, -0.0015106, , , , , , , 16.3936731, -0.0048676, , , , , , , , , , , , , , , , , , , , , , , , , , , , 
16.3941923, 0.0602579, , , , , , , 16.3941923, 0.0008392, , , , , , , 16.3941923, -0.0015106, , , , , , , 16.3941923, -0.0115816, , , , , , , , , , , , , , , , , , , , , , , , , , , , 
16.3947115, 0.0686503, , , , , , , 16.3947115, 0.0166171, , , , , , , 16.3947115, -0.0028534, , , , , , , 16.3947115, -0.0142672, , , , , , , , , , , , , , , , , , , , , , , , , , , , 
16.3952308, 0.0773785, , , , , , , 16.3952308, 0.0318914, , , , , , , 16.3952308, -0.0028534, , , , , , , 16.3952308, -0.0146029, , , , , , , , , , , , , , , , , , , , , , , , , , , , 
16.39575, 0.0814069, , , , , , , 16.39575, 0.0381018, , , , , , , 16.39575, -0.0048676, , , , , , , 16.39575, -0.0154421, , , , , , , , , , , , , , , , , , , , , , , , , , , , 
16.3962692, 0.0777142, , , , , , , 16.3962692, 0.0323949, , , , , , , 16.3962692, -0.0060426, , , , , , , 16.3962692, -0.0146029, , , , , , , , , , , , , , , , , , , , , , , , , , , , 
16.3967885, 0.0730144, , , , , , , 16.3967885, 0.0146029, , , , , , , 16.3967885, -0.0085603, , , , , , , 16.3967885, -0.0119173, , , , , , , , , , , , , , , , , , , , , , , , , , , , 
16.3973077, 0.0629435, , , , , , , 16.3973077, -0.0083925, , , , , , , 16.3973077, -0.0119173, , , , , , , 16.3973077, -0.0068818, , , , , , , , , , , , , , , , , , , , , , , , , , , , 
16.3978269, 0.051194, , , , , , , 16.3978269, -0.0273594, , , , , , , 16.3978269, -0.0115816, , , , , , , 16.3978269, -0.0005035, , , , , , , , , , , , , , , , , , , , , , , , , , , , 
16.3983462, 0.0454871, , , , , , , 16.3983462, -0.0404517, , , , , , , 16.3983462, -0.0095674, , , , , , , 16.3983462, 0.0062104, , , , , , , , , , , , , , , , , , , , , , , , , , , , 
16.3988654, 0.0475013, , , , , , , 16.3988654, -0.0515297, , , , , , , 16.3988654, -0.0095674, , , , , , , 16.3988654, 0.0119173, , , , , , , , , , , , , , , , , , , , , , , , , , , , 
16.3993846, 0.0466621, , , , , , , 16.3993846, -0.0540475, , , , , , , 16.3993846, -0.0092317, , , , , , , 16.3993846, 0.017792, , , , , , , , , , , , , , , , , , , , , , , , , , , , 
16.3999038, 0.0417945, , , , , , , 16.3999038, -0.0412909, , , , , , , 16.3999038, -0.0087282, , , , , , , 16.3999038, 0.0224918, , , , , , , , , , , , , , , , , , , , , , , , , , , , 
16.4004231, 0.030045, , , , , , , 16.4004231, -0.0219883, , , , , , , 16.4004231, -0.0092317, , , , , , , 16.4004231, 0.0290379, , , , , , , , , , , , , , , , , , , , , , , , , , , , 
16.4009423, 0.0172885, , , , , , , 16.4009423, -0.0099031, , , , , , , 16.4009423, -0.0082246, , , , , , , 16.4009423, 0.0370947, , , , , , , , , , , , , , , , , , , , , , , , , , , , 
16.4014615, 0.0075532, , , , , , , 16.4014615, -0.0062104, , , , , , , 16.4014615, -0.0082246, , , , , , , 16.4014615, 0.0414588, , , , , , , , , , , , , , , , , , , , , , , , , , , , 
16.4019808, 0.0025177, , , , , , , 16.4019808, -0.008896, , , , , , , 16.4019808, -0.0062104, , , , , , , 16.4019808, 0.0424659, , , , , , , , , , , , , , , , , , , , , , , , , , , , 
16.4025, -0.0018463, , , , , , , 16.4025, -0.018967, , , , , , , 16.4025, -0.0043641, , , , , , , 16.4025, 0.04448, , , , , , , , , , , , , , , , , , , , , , , , , , , , 
16.4030192, -0.0048676, , , , , , , 16.4030192, -0.0276951, , , , , , , 16.4030192, -0.0045319, , , , , , , 16.4030192, 0.0439765, , , , , , , , , , , , , , , , , , , , , , , , , , , , 
16.4035385, -0.0058747, , , , , , , 16.4035385, -0.0297093, , , , , , , 16.4035385, -0.0038605, , , , , , , 16.4035385, 0.0394446, , , , , , , , , , , , , , , , , , , , , , , , , , , , 
16.4040577, -0.005539, , , , , , , 16.4040577, -0.0273594, , , , , , , 16.4040577, -0.0005035, , , , , , , 16.4040577, 0.0320592, , , , , , , , , , , , , , , , , , , , , , , , , , , , 
16.4045769, -0.0045319, , , , , , , 16.4045769, -0.0213169, , , , , , , 16.4045769, 0.0018463, , , , , , , 16.4045769, 0.0256809, , , , , , , , , , , , , , , , , , , , , , , , , , , , 
16.4050962, 0.0031891, , , , , , , 16.4050962, -0.0105745, , , , , , , 16.4050962, 0.0011749, , , , , , , 16.4050962, 0.0223239, , , , , , , , , , , , , , , , , , , , , , , , , , , , 
16.4056154, 0.0182956, , , , , , , 16.4056154, 0.0011749, , , , , , , 16.4056154, 0.0018463, , , , , , , 16.4056154, 0.0203098, , , , , , , , , , , , , , , , , , , , , , , , , , , , 
16.4061346, 0.0327306, , , , , , , 16.4061346, 0.0092317, , , , , , , 16.4061346, 0.0028534, , , , , , , 16.4061346, 0.0186313, , , , , , , , , , , , , , , , , , , , , , , , , , , , 
16.4066538, 0.0421302, , , , , , , 16.4066538, 0.0139315, , , , , , , 16.4066538, -0.0001678, , , , , , , 16.4066538, 0.0193027, , , , , , , , , , , , , , , , , , , , , , , , , , , , 
16.4071731, 0.0491798, , , , , , , 16.4071731, 0.0171206, , , , , , , 16.4071731, -0.0015106, , , , , , , 16.4071731, 0.0179599, , , , , , , , , , , , , , , , , , , , , , , , , , , , 
16.4076923, 0.047837, , , , , , , 16.4076923, 0.0182956, , , , , , , 16.4076923, -0.0001678, , , , , , , 16.4076923, 0.0146029, , , , , , , , , , , , , , , , , , , , , , , , , , , , 
16.4082115, 0.0407874, , , , , , , 16.4082115, 0.0159457, , , , , , , 16.4082115, 0.002182, , , , , , , 16.4082115, 0.0125887, , , , , , , , , , , , , , , , , , , , , , , , , , , , 
16.4087308, 0.0317235, , , , , , , 16.4087308, 0.0112459, , , , , , , 16.4087308, 0.0052033, , , , , , , 16.4087308, 0.0112459, , , , , , , , , , , , , , , , , , , , , , , , , , , , 
16.40925, 0.026688, , , , , , , 16.40925, 0.0068818, , , , , , , 16.40925, 0.0085603, , , , , , , 16.40925, 0.0115816, , , , , , , , , , , , , , , , , , , , , , , , , , , , 
16.4097692, 0.0273594, , , , , , , 16.4097692, 0.0075532, , , , , , , 16.4097692, 0.0179599, , , , , , , 16.4097692, 0.0115816, , , , , , , , , , , , , , , , , , , , , , , , , , , , 
16.4102885, 0.026688, , , , , , , 16.4102885, 0.0112459, , , , , , , 16.4102885, 0.0260166, , , , , , , 16.4102885, 0.0085603, , , , , , , , , , , , , , , , , , , , , , , , , , , , 
16.4108077, 0.0186313, , , , , , , 16.4108077, 0.0146029, , , , , , , 16.4108077, 0.0287022, , , , , , , 16.4108077, 0.0075532, , , , , , , , , , , , , , , , , , , , , , , , , , , , 
16.4113269, 0.0146029, , , , , , , 16.4113269, 0.0151064, , , , , , , 16.4113269, 0.0253452, , , , , , , 16.4113269, 0.0078889, , , , , , , , , , , , , , , , , , , , , , , , , , , , 
16.4118462, 0.0146029, , , , , , , 16.4118462, 0.0166171, , , , , , , 16.4118462, 0.0179599, , , , , , , 16.4118462, 0.0095674, , , , , , , , , , , , , , , , , , , , , , , , , , , , 
16.4123654, 0.0095674, , , , , , , 16.4123654, 0.0240024, , , , , , , 16.4123654, 0.0063783, , , , , , , 16.4123654, 0.0109102, , , , , , , , , , , , , , , , , , , , , , , , , , , , 
16.4128846, 0.0085603, , , , , , , 16.4128846, 0.03122, , , , , , , 16.4128846, -0.008896, , , , , , , 16.4128846, 0.0095674, , , , , , , , , , , , , , , , , , , , , , , , , , , , 
16.4134038, 0.0199741, , , , , , , 16.4134038, 0.0310521, , , , , , , 16.4134038, -0.0256809, , , , , , , 16.4134038, -0.0005035, , , , , , , , , , , , , , , , , , , , , , , , , , , , 
16.4139231, 0.0337377, , , , , , , 16.4139231, 0.0240024, , , , , , , 16.4139231, -0.0411231, , , , , , , 16.4139231, -0.0105745, , , , , , , , , , , , , , , , , , , , , , , , , , , , 
16.4144423, 0.0421302, , , , , , , 16.4144423, 0.0109102, , , , , , , 16.4144423, -0.0535439, , , , , , , 16.4144423, -0.0146029, , , , , , , , , , , , , , , , , , , , , , , , , , , , 
16.4149615, 0.0468299, , , , , , , 16.4149615, -0.0035248, , , , , , , 16.4149615, -0.057908, , , , , , , 16.4149615, -0.0162814, , , , , , , , , , , , , , , , , , , , , , , , , , , , 
16.4154808, 0.0506905, , , , , , , 16.4154808, -0.014435, , , , , , , 16.4154808, -0.054551, , , , , , , 16.4154808, -0.017792, , , , , , , , , , , , , , , , , , , , , , , , , , , , 
16.416, 0.0555581, , , , , , , 16.416, -0.0206455, , , , , , , 16.416, -0.0522011, , , , , , , 16.416, -0.0179599, , , , , , , , , , , , , , , , , , , , , , , , , , , , 
16.4165192, 0.0540475, , , , , , , 16.4165192, -0.0276951, , , , , , , 16.4165192, -0.0481727, , , , , , , 16.4165192, -0.0142672, , , , , , , , , , , , , , , , , , , , , , , , , , , , 
16.4170385, 0.0464942, , , , , , , 16.4170385, -0.0360876, , , , , , , 16.4170385, -0.040116, , , , , , , 16.4170385, -0.0072175, , , , , , , , , , , , , , , , , , , , , , , , , , , , 
16.4175577, 0.0384375, , , , , , , 16.4175577, -0.0340734, , , , , , , 16.4175577, -0.0344091, , , , , , , 16.4175577, -0.0011749, , , , , , , , , , , , , , , , , , , , , , , , , , , , 
16.4180769, 0.0318914, , , , , , , 16.4180769, -0.0135958, , , , , , , 16.4180769, -0.0297093, , , , , , , 16.4180769, 0.0041962, , , , , , , , , , , , , , , , , , , , , , , , , , , , 
16.4185962, 0.0238346, , , , , , , 16.4185962, 0.0135958, , , , , , , 16.4185962, -0.0236667, , , , , , , 16.4185962, 0.0083925, , , , , , , , , , , , , , , , , , , , , , , , , , , , 
16.4191154, 0.0129244, , , , , , , 16.4191154, 0.0317235, , , , , , , 16.4191154, -0.0218204, , , , , , , 16.4191154, 0.0129244, , , , , , , , , , , , , , , , , , , , , , , , , , , , 
16.4196346, 0.0001678, , , , , , , 16.4196346, 0.033402, , , , , , , 16.4196346, -0.023331, , , , , , , 16.4196346, 0.0213169, , , , , , , , , , , , , , , , , , , , , , , , , , , , 
16.4201538, -0.0083925, , , , , , , 16.4201538, 0.0226596, , , , , , , 16.4201538, -0.0226596, , , , , , , 16.4201538, 0.0293736, , , , , , , , , , , , , , , , , , , , , , , , , , , , 
16.4206731, -0.0157778, , , , , , , 16.4206731, 0.0030213, , , , , , , 16.4206731, -0.0198062, , , , , , , 16.4206731, 0.0354162, , , , , , , , , , , , , , , , , , , , , , , , , , , , 
16.4211923, -0.0273594, , , , , , , 16.4211923, -0.0243381, , , , , , , 16.4211923, -0.0172885, , , , , , , 16.4211923, 0.0421302, , , , , , , , , , , , , , , , , , , , , , , , , , , , 
16.4217115, -0.0364233, , , , , , , 16.4217115, -0.0485084, , , , , , , 16.4217115, -0.0151064, , , , , , , 16.4217115, 0.0468299, , , , , , , , , , , , , , , , , , , , , , , , , , , , 
16.4222308, -0.0404517, , , , , , , 16.4222308, -0.063447, , , , , , , 16.4222308, -0.0105745, , , , , , , 16.4222308, 0.051194, , , , , , , , , , , , , , , , , , , , , , , , , , , , 
16.42275, -0.0411231, , , , , , , 16.42275, -0.0726787, , , , , , , 16.42275, -0.0090639, , , , , , , 16.42275, 0.0528725, , , , , , , , , , , , , , , , , , , , , , , , , , , , 
16.4232692, -0.0394446, , , , , , , 16.4232692, -0.0683146, , , , , , , 16.4232692, -0.0087282, , , , , , , 16.4232692, 0.0488441, , , , , , , , , , , , , , , , , , , , , , , , , , , , 
16.4237885, -0.036759, , , , , , , 16.4237885, -0.0491798, , , , , , , 16.4237885, -0.0068818, , , , , , , 16.4237885, 0.0412909, , , , , , , , , , , , , , , , , , , , , , , , , , , , 
16.4243077, -0.0357519, , , , , , , 16.4243077, -0.0283665, , , , , , , 16.4243077, -0.0052033, , , , , , , 16.4243077, 0.0339055, , , , , , , , , , , , , , , , , , , , , , , , , , , , 
16.4248269, -0.0313878, , , , , , , 16.4248269, -0.0179599, , , , , , , 16.4248269, -0.0028534, , , , , , , 16.4248269, 0.0273594, , , , , , , , , , , , , , , , , , , , , , , , , , , , 
16.4253462, -0.0216526, , , , , , , 16.4253462, -0.01561, , , , , , , 16.4253462, -0.0048676, , , , , , , 16.4253462, 0.0240024, , , , , , , , , , , , , , , , , , , , , , , , , , , , 
16.4258654, -0.0135958, , , , , , , 16.4258654, -0.0109102, , , , , , , 16.4258654, -0.0095674, , , , , , , 16.4258654, 0.0219883, , , , , , , , , , , , , , , , , , , , , , , , , , , , 
16.4263846, -0.0115816, , , , , , , 16.4263846, -0.0062104, , , , , , , 16.4263846, -0.008896, , , , , , , 16.4263846, 0.017792, , , , , , , , , , , , , , , , , , , , , , , , , , , , 
16.4269038, -0.0137636, , , , , , , 16.4269038, -0.0057069, , , , , , , 16.4269038, -0.0048676, , , , , , , 16.4269038, 0.012253, , , , , , , , , , , , , , , , , , , , , , , , , , , , 
16.4274231, -0.0171206, , , , , , , 16.4274231, -0.0048676, , , , , , , 16.4274231, 0.0018463, , , , , , , 16.4274231, 0.0104067, , , , , , , , , , , , , , , , , , , , , , , , , , , , 
16.4279423, -0.0209812, , , , , , , 16.4279423, -0.002182, , , , , , , 16.4279423, 0.0092317, , , , , , , 16.4279423, 0.0105745, , , , , , , , , , , , , , , , , , , , , , , , , , , , 
16.4284615, -0.023331, , , , , , , 16.4284615, 0.0005035, , , , , , , 16.4284615, 0.0130922, , , , , , , 16.4284615, 0.0105745, , , , , , , , , , , , , , , , , , , , , , , , , , , , 
16.4289808, -0.0209812, , , , , , , 16.4289808, 0.0005035, , , , , , , 16.4289808, 0.0095674, , , , , , , 16.4289808, 0.0085603, , , , , , , , , , , , , , , , , , , , , , , , , , , , 
16.4295, -0.0184634, , , , , , , 16.4295, -0.0018463, , , , , , , 16.4295, 0.0062104, , , , , , , 16.4295, 0.0031891, , , , , , , , , , , , , , , , , , , , , , , , , , , , 
16.4300192, -0.0139315, , , , , , , 16.4300192, -0.0065461, , , , , , , 16.4300192, 0.0062104, , , , , , , 16.4300192, 0.0015106, , , , , , , , , , , , , , , , , , , , , , , , , , , , 
16.4305385, -0.0082246, , , , , , , 16.4305385, -0.0090639, , , , , , , 16.4305385, 0.0072175, , , , , , , 16.4305385, 0.0011749, , , , , , , , , , , , , , , , , , , , , , , , , , , , 
16.4310577, 0.0038605, , , , , , , 16.4310577, -0.0093996, , , , , , , 16.4310577, 0.0062104, , , , , , , 16.4310577, 0.0028534, , , , , , , , , , , , , , , , , , , , , , , , , , , , 
16.4315769, 0.0179599, , , , , , , 16.4315769, -0.0085603, , , , , , , 16.4315769, 0.0041962, , , , , , , 16.4315769, 0.0035248, , , , , , , , , , , , , , , , , , , , , , , , , , , , 
16.4320962, 0.0223239, , , , , , , 16.4320962, -0.0075532, , , , , , , 16.4320962, 0.0005035, , , , , , , 16.4320962, 0.0011749, , , , , , , , , , , , , , , , , , , , , , , , , , , , 
16.4326154, 0.0226596, , , , , , , 16.4326154, -0.0058747, , , , , , , 16.4326154, -0.002182, , , , , , , 16.4326154, -0.0015106, , , , , , , , , , , , , , , , , , , , , , , , , , , , 
16.4331346, 0.0293736, , , , , , , 16.4331346, -0.0028534, , , , , , , 16.4331346, -0.0018463, , , , , , , 16.4331346, -0.0048676, , , , , , , , , , , , , , , , , , , , , , , , , , , , 
16.4336538, 0.0448157, , , , , , , 16.4336538, -0.0015106, , , , , , , 16.4336538, -0.0016785, , , , , , , 16.4336538, -0.008896, , , , , , , , , , , , , , , , , , , , , , , , , , , , 
16.4341731, 0.0542153, , , , , , , 16.4341731, -0.0036927, , , , , , , 16.4341731, -0.0041962, , , , , , , 16.4341731, -0.014435, , , , , , , , , , , , , , , , , , , , , , , , , , , , 
16.4346923, 0.0548867, , , , , , , 16.4346923, -0.0030213, , , , , , , 16.4346923, -0.005539, , , , , , , 16.4346923, -0.0206455, , , , , , , , , , , , , , , , , , , , , , , , , , , , 
16.4352115, 0.0525368, , , , , , , 16.4352115, -0.0003357, , , , , , , 16.4352115, -0.0068818, , , , , , , 16.4352115, -0.021149, , , , , , , , , , , , , , , , , , , , , , , , , , , , 
16.4357308, 0.0468299, , , , , , , 16.4357308, 0.0011749, , , , , , , 16.4357308, -0.0070497, , , , , , , 16.4357308, -0.0199741, , , , , , , , , , , , , , , , , , , , , , , , , , , , 
16.43625, 0.0397803, , , , , , , 16.43625, -0.0031891, , , , , , , 16.43625, -0.0052033, , , , , , , 16.43625, -0.018967, , , , , , , , , , , , , , , , , , , , , , , , , , , , 
16.4367692, 0.0342412, , , , , , , 16.4367692, -0.0082246, , , , , , , 16.4367692, -0.0041962, , , , , , , 16.4367692, -0.0166171, , , , , , , , , , , , , , , , , , , , , , , , , , , , 
16.4372885, 0.0360876, , , , , , , 16.4372885, -0.0068818, , , , , , , 16.4372885, -0.0041962, , , , , , , 16.4372885, -0.0115816, , , , , , , , , , , , , , , , , , , , , , , , , , , , 
16.4378077, 0.0381018, , , , , , , 16.4378077, -0.0038605, , , , , , , 16.4378077, -0.0062104, , , , , , , 16.4378077, -0.0031891, , , , , , , , , , , , , , , , , , , , , , , , , , , , 
16.4383269, 0.033402, , , , , , , 16.4383269, -0.0041962, , , , , , , 16.4383269, -0.0092317, , , , , , , 16.4383269, 0.0030213, , , , , , , , , , , , , , , , , , , , , , , , , , , , 
16.4388462, 0.0260166, , , , , , , 16.4388462, -0.0062104, , , , , , , 16.4388462, -0.0115816, , , , , , , 16.4388462, 0.0068818, , , , , , , , , , , , , , , , , , , , , , , , , , , , 
16.4393654, 0.0159457, , , , , , , 16.4393654, -0.0065461, , , , , , , 16.4393654, -0.0115816, , , , , , , 16.4393654, 0.0139315, , , , , , , , , , , , , , , , , , , , , , , , , , , , 
16.4398846, 0.0018463, , , , , , , 16.4398846, -0.0045319, , , , , , , 16.4398846, -0.008896, , , , , , , 16.4398846, 0.0246738, , , , , , , , , , , , , , , , , , , , , , , , , , , , 
16.4404038, -0.0149386, , , , , , , 16.4404038, -0.002182, , , , , , , 16.4404038, -0.0068818, , , , , , , 16.4404038, 0.0327306, , , , , , , , , , , , , , , , , , , , , , , , , , , , 
16.4409231, -0.0313878, , , , , , , 16.4409231, -0.002182, , , , , , , 16.4409231, -0.0062104, , , , , , , 16.4409231, 0.0387732, , , , , , , , , , , , , , , , , , , , , , , , , , , , 
16.4414423, -0.0374304, , , , , , , 16.4414423, -0.0065461, , , , , , , 16.4414423, -0.0062104, , , , , , , 16.4414423, 0.0458228, , , , , , , , , , , , , , , , , , , , , , , , , , , , 
16.4419615, -0.0381018, , , , , , , 16.4419615, -0.0112459, , , , , , , 16.4419615, -0.0052033, , , , , , , 16.4419615, 0.0525368, , , , , , , , , , , , , , , , , , , , , , , , , , , , 
16.4424808, -0.0414588, , , , , , , 16.4424808, -0.0142672, , , , , , , 16.4424808, -0.0052033, , , , , , , 16.4424808, 0.0540475, , , , , , , , , , , , , , , , , , , , , , , , , , , , 
16.443, -0.0458228, , , , , , , 16.443, -0.0172885, , , , , , , 16.443, -0.0038605, , , , , , , 16.443, 0.0505226, , , , , , , , , , , , , , , , , , , , , , , , , , , , 
16.4435192, -0.0438087, , , , , , , 16.4435192, -0.0223239, , , , , , , 16.4435192, -0.002182, , , , , , , 16.4435192, 0.0441444, , , , , , , , , , , , , , , , , , , , , , , , , , , , 
16.4440385, -0.0330663, , , , , , , 16.4440385, -0.0256809, , , , , , , 16.4440385, -0.002182, , , , , , , 16.4440385, 0.0374304, , , , , , , , , , , , , , , , , , , , , , , , , , , , 
16.4445577, -0.0196384, , , , , , , 16.4445577, -0.0213169, , , , , , , 16.4445577, -0.0041962, , , , , , , 16.4445577, 0.0330663, , , , , , , , , , , , , , , , , , , , , , , , , , , , 
16.4450769, -0.0075532, , , , , , , 16.4450769, -0.008896, , , , , , , 16.4450769, -0.005539, , , , , , , 16.4450769, 0.0293736, , , , , , , , , , , , , , , , , , , , , , , , , , , , 
16.4455962, -0.0001678, , , , , , , 16.4455962, 0.0038605, , , , , , , 16.4455962, -0.0062104, , , , , , , 16.4455962, 0.0253452, , , , , , , , , , , , , , , , , , , , , , , , , , , , 
16.4461154, 0.0065461, , , , , , , 16.4461154, 0.0072175, , , , , , , 16.4461154, -0.0072175, , , , , , , 16.4461154, 0.0199741, , , , , , , , , , , , , , , , , , , , , , , , , , , , 
16.4466346, 0.0099031, , , , , , , 16.4466346, 0.0030213, , , , , , , 16.4466346, -0.0085603, , , , , , , 16.4466346, 0.0142672, , , , , , , , , , , , , , , , , , , , , , , , , , , , 
16.4471538, 0.0102388, , , , , , , 16.4471538, -0.0008392, , , , , , , 16.4471538, -0.0104067, , , , , , , 16.4471538, 0.0092317, , , , , , , , , , , , , , , , , , , , , , , , , , , , 
16.4476731, 0.01561, , , , , , , 16.4476731, -0.0028534, , , , , , , 16.4476731, -0.0095674, , , , , , , 16.4476731, 0.0072175, , , , , , , , , , , , , , , , , , , , , , , , , , , , 
16.4481923, 0.0199741, , , , , , , 16.4481923, -0.0043641, , , , , , , 16.4481923, -0.0072175, , , , , , , 16.4481923, 0.0063783, , , , , , , , , , , , , , , , , , , , , , , , , , , , 
16.4487115, 0.0213169, , , , , , , 16.4487115, -0.0058747, , , , , , , 16.4487115, -0.0075532, , , , , , , 16.4487115, 0.0045319, , , , , , , , , , , , , , , , , , , , , , , , , , , , 
16.4492308, 0.0206455, , , , , , , 16.4492308, -0.0062104, , , , , , , 16.4492308, -0.0097353, , , , , , , 16.4492308, 0.0031891, , , , , , , , , , , , , , , , , , , , , , , , , , , , 
16.44975, 0.0206455, , , , , , , 16.44975, -0.0070497, , , , , , , 16.44975, -0.0115816, , , , , , , 16.44975, 0.0052033, , , , , , , , , , , , , , , , , , , , , , , , , , , , 
16.4502692, 0.0179599, , , , , , , 16.4502692, -0.0095674, , , , , , , 16.4502692, -0.0109102, , , , , , , 16.4502692, 0.0062104, , , , , , , , , , , , , , , , , , , , , , , , , , , , 
16.4507885, 0.0162814, , , , , , , 16.4507885, -0.0112459, , , , , , , 16.4507885, -0.0095674, , , , , , , 16.4507885, 0.0058747, , , , , , , , , , , , , , , , , , , , , , , , , , , , 
16.4513077, 0.0102388, , , , , , , 16.4513077, -0.0119173, , , , , , , 16.4513077, -0.0085603, , , , , , , 16.4513077, 0.0068818, , , , , , , , , , , , , , , , , , , , , , , , , , , , 
16.4518269, 0.0075532, , , , , , , 16.4518269, -0.0115816, , , , , , , 16.4518269, -0.0045319, , , , , , , 16.4518269, 0.0062104, , , , , , , , , , , , , , , , , , , , , , , , , , , , 
16.4523462, 0.0125887, , , , , , , 16.4523462, -0.0119173, , , , , , , 16.4523462, -0.0015106, , , , , , , 16.4523462, 0.0060426, , , , , , , , , , , , , , , , , , , , , , , , , , , , 
16.4528654, 0.0226596, , , , , , , 16.4528654, -0.0129244, , , , , , , 16.4528654, -0.0011749, , , , , , , 16.4528654, 0.0035248, , , , , , , , , , , , , , , , , , , , , , , , , , , , 
16.4533846, 0.0327306, , , , , , , 16.4533846, -0.0109102, , , , , , , 16.4533846, -0.0023499, , , , , , , 16.4533846, -0.0058747, , , , , , , , , , , , , , , , , , , , , , , , , , , , 
16.4539038, 0.0414588, , , , , , , 16.4539038, -0.0065461, , , , , , , 16.4539038, -0.0035248, , , , , , , 16.4539038, -0.01561, , , , , , , , , , , , , , , , , , , , , , , , , , , , 
16.4544231, 0.0493477, , , , , , , 16.4544231, -0.0008392, , , , , , , 16.4544231, -0.0068818, , , , , , , 16.4544231, -0.0208133, , , , , , , , , , , , , , , , , , , , , , , , , , , , 
16.4549423, 0.0525368, , , , , , , 16.4549423, 0.0006714, , , , , , , 16.4549423, -0.012253, , , , , , , 16.4549423, -0.023331, , , , , , , , , , , , , , , , , , , , , , , , , , , , 
16.4554615, 0.0575723, , , , , , , 16.4554615, -0.0028534, , , , , , , 16.4554615, -0.0169528, , , , , , , 16.4554615, -0.0229953, , , , , , , , , , , , , , , , , , , , , , , , , , , , 
16.4559808, 0.0656291, , , , , , , 16.4559808, -0.0072175, , , , , , , 16.4559808, -0.0209812, , , , , , , 16.4559808, -0.018967, , , , , , , , , , , , , , , , , , , , , , , , , , , , 
16.4565, 0.0679789, , , , , , , 16.4565, -0.008896, , , , , , , 16.4565, -0.0229953, , , , , , , 16.4565, -0.0152743, , , , , , , , , , , , , , , , , , , , , , , , , , , , 
16.4570192, 0.0621042, , , , , , , 16.4570192, -0.0046998, , , , , , , 16.4570192, -0.0240024, , , , , , , 16.4570192, -0.0119173, , , , , , , , , , , , , , , , , , , , , , , , , , , , 
16.4575385, 0.0542153, , , , , , , 16.4575385, 0.0058747, , , , , , , 16.4575385, -0.0219883, , , , , , , 16.4575385, -0.0052033, , , , , , , , , , , , , , , , , , , , , , , , , , , , 
16.4580577, 0.0461585, , , , , , , 16.4580577, 0.012253, , , , , , , 16.4580577, -0.0193027, , , , , , , 16.4580577, 0.0028534, , , , , , , , , , , , , , , , , , , , , , , , , , , , 
16.4585769, 0.0394446, , , , , , , 16.4585769, 0.0085603, , , , , , , 16.4585769, -0.01561, , , , , , , 16.4585769, 0.0099031, , , , , , , , , , , , , , , , , , , , , , , , , , , , 
16.4590962, 0.0313878, , , , , , , 16.4590962, 0.0139315, , , , , , , 16.4590962, -0.0130922, , , , , , , 16.4590962, 0.017792, , , , , , , , , , , , , , , , , , , , , , , , , , , , 
16.4596154, 0.0193027, , , , , , , 16.4596154, 0.0360876, , , , , , , 16.4596154, -0.0105745, , , , , , , 16.4596154, 0.026688, , , , , , , , , , , , , , , , , , , , , , , , , , , , 
16.4601346, 0.0092317, , , , , , , 16.4601346, 0.0535439, , , , , , , 16.4601346, -0.0065461, , , , , , , 16.4601346, 0.0354162, , , , , , , , , , , , , , , , , , , , , , , , , , , , 
16.4606538, -0.0041962, , , , , , , 16.4606538, 0.0498512, , , , , , , 16.4606538, -0.0028534, , , , , , , 16.4606538, 0.0411231, , , , , , , , , , , , , , , , , , , , , , , , , , , , 
16.4611731, -0.0169528, , , , , , , 16.4611731, 0.0226596, , , , , , , 16.4611731, -0.0008392, , , , , , , 16.4611731, 0.0454871, , , , , , , , , , , , , , , , , , , , , , , , , , , , 
16.4616923, -0.026688, , , , , , , 16.4616923, -0.0130922, , , , , , , 16.4616923, -0.002182, , , , , , , 16.4616923, 0.0495155, , , , , , , , , , , , , , , , , , , , , , , , , , , , 
16.4622115, -0.0357519, , , , , , , 16.4622115, -0.0414588, , , , , , , 16.4622115, -0.0052033, , , , , , , 16.4622115, 0.0528725, , , , , , , , , , , , , , , , , , , , , , , , , , , , 
16.4627308, -0.0448157, , , , , , , 16.4627308, -0.057908, , , , , , , 16.4627308, -0.0075532, , , , , , , 16.4627308, 0.0542153, , , , , , , , , , , , , , , , , , , , , , , , , , , , 
16.46325, -0.0498512, , , , , , , 16.46325, -0.072343, , , , , , , 16.46325, -0.0068818, , , , , , , 16.46325, 0.051194, , , , , , , , , , , , , , , , , , , , , , , , , , , , 
16.4637692, -0.0454871, , , , , , , 16.4637692, -0.0847639, , , , , , , 16.4637692, -0.0063783, , , , , , , 16.4637692, 0.0417945, , , , , , , , , , , , , , , , , , , , , , , , , , , , 
16.4642885, -0.0330663, , , , , , , 16.4642885, -0.0817426, , , , , , , 16.4642885, -0.0062104, , , , , , , 16.4642885, 0.0327306, , , , , , , , , , , , , , , , , , , , , , , , , , , , 
16.4648077, -0.0219883, , , , , , , 16.4648077, -0.0626078, , , , , , , 16.4648077, -0.0062104, , , , , , , 16.4648077, 0.0290379, , , , , , , , , , , , , , , , , , , , , , , , , , , , 
16.4653269, -0.0142672, , , , , , , 16.4653269, -0.0439765, , , , , , , 16.4653269, -0.0065461, , , , , , , 16.4653269, 0.0258488, , , , , , , , , , , , , , , , , , , , , , , , , , , , 
16.4658462, -0.0085603, , , , , , , 16.4658462, -0.0332341, , , , , , , 16.4658462, -0.0072175, , , , , , , 16.4658462, 0.0206455, , , , , , , , , , , , , , , , , , , , , , , , , , , , 
16.4663654, -0.0041962, , , , , , , 16.4663654, -0.0263523, , , , , , , 16.4663654, -0.0072175, , , , , , , 16.4663654, 0.0166171, , , , , , , , , , , , , , , , , , , , , , , , , , , , 
16.4668846, 0.0008392, , , , , , , 16.4668846, -0.0182956, , , , , , , 16.4668846, -0.0068818, , , , , , , 16.4668846, 0.0154421, , , , , , , , , , , , , , , , , , , , , , , , , , , , 
16.4674038, 0.0070497, , , , , , , 16.4674038, -0.0082246, , , , , , , 16.4674038, -0.008896, , , , , , , 16.4674038, 0.0125887, , , , , , , , , , , , , , , , , , , , , , , , , , , , 
16.4679231, 0.0152743, , , , , , , 16.4679231, -0.0018463, , , , , , , 16.4679231, -0.0124208, , , , , , , 16.4679231, 0.0087282, , , , , , , , , , , , , , , , , , , , , , , , , , , , 
16.4684423, 0.0213169, , , , , , , 16.4684423, -0.0001678, , , , , , , 16.4684423, -0.0139315, , , , , , , 16.4684423, 0.0065461, , , , , , , , , , , , , , , , , , , , , , , , , , , , 
16.4689615, 0.0250095, , , , , , , 16.4689615, -0.0015106, , , , , , , 16.4689615, -0.012253, , , , , , , 16.4689615, 0.0058747, , , , , , , , , , , , , , , , , , , , , , , , , , , , 
16.4694808, 0.0253452, , , , , , , 16.4694808, -0.0062104, , , , , , , 16.4694808, -0.0109102, , , , , , , 16.4694808, 0.0043641, , , , , , , , , , , , , , , , , , , , , , , , , , , , 
16.47, 0.0229953, , , , , , , 16.47, -0.012253, , , , , , , 16.47, -0.0102388, , , , , , , 16.47, 0.0008392, , , , , , , , , , , , , , , , , , , , , , , , , , , , 
16.4705192, 0.0191348, , , , , , , 16.4705192, -0.0159457, , , , , , , 16.4705192, -0.0075532, , , , , , , 16.4705192, -0.0015106, , , , , , , , , , , , , , , , , , , , , , , , , , , , 
16.4710385, 0.0159457, , , , , , , 16.4710385, -0.0139315, , , , , , , 16.4710385, -0.0058747, , , , , , , 16.4710385, -0.0008392, , , , , , , , , , , , , , , , , , , , , , , , , , , , 
16.4715577, 0.0125887, , , , , , , 16.4715577, -0.0082246, , , , , , , 16.4715577, -0.0058747, , , , , , , 16.4715577, -0.0003357, , , , , , , , , , , , , , , , , , , , , , , , , , , , 
16.4720769, 0.0129244, , , , , , , 16.4720769, -0.0008392, , , , , , , 16.4720769, -0.0078889, , , , , , , 16.4720769, 0.0011749, , , , , , , , , , , , , , , , , , , , , , , , , , , , 
16.4725962, 0.0182956, , , , , , , 16.4725962, 0.0045319, , , , , , , 16.4725962, -0.0095674, , , , , , , 16.4725962, 0.0018463, , , , , , , , , , , , , , , , , , , , , , , , , , , , 
16.4731154, 0.0280308, , , , , , , 16.4731154, 0.0095674, , , , , , , 16.4731154, -0.0099031, , , , , , , 16.4731154, -0.0001678, , , , , , , , , , , , , , , , , , , , , , , , , , , , 
16.4736346, 0.0357519, , , , , , , 16.4736346, 0.0166171, , , , , , , 16.4736346, -0.0115816, , , , , , , 16.4736346, -0.0075532, , , , , , , , , , , , , , , , , , , , , , , , , , , , 
16.4741538, 0.0409552, , , , , , , 16.4741538, 0.0193027, , , , , , , 16.4741538, -0.012253, , , , , , , 16.4741538, -0.0159457, , , , , , , , , , , , , , , , , , , , , , , , , , , , 
16.4746731, 0.0468299, , , , , , , 16.4746731, 0.0132601, , , , , , , 16.4746731, -0.0135958, , , , , , , 16.4746731, -0.0196384, , , , , , , , , , , , , , , , , , , , , , , , , , , , 
16.4751923, 0.0522011, , , , , , , 16.4751923, 0.0062104, , , , , , , 16.4751923, -0.0135958, , , , , , , 16.4751923, -0.0184634, , , , , , , , , , , , , , , , , , , , , , , , , , , , 
16.4757115, 0.056733, , , , , , , 16.4757115, 0.0025177, , , , , , , 16.4757115, -0.0129244, , , , , , , 16.4757115, -0.0169528, , , , , , , , , , , , , , , , , , , , , , , , , , , , 
16.4762308, 0.0555581, , , , , , , 16.4762308, -0.0001678, , , , , , , 16.4762308, -0.0115816, , , , , , , 16.4762308, -0.014435, , , , , , , , , , , , , , , , , , , , , , , , , , , , 
16.47675, 0.0505226, , , , , , , 16.47675, -0.0023499, , , , , , , 16.47675, -0.0102388, , , , , , , 16.47675, -0.0092317, , , , , , , , , , , , , , , , , , , , , , , , , , , , 
16.4772692, 0.0485084, , , , , , , 16.4772692, 0.0011749, , , , , , , 16.4772692, -0.0105745, , , , , , , 16.4772692, -0.0028534, , , , , , , , , , , , , , , , , , , , , , , , , , , , 
16.4777885, 0.0518654, , , , , , , 16.4777885, 0.0078889, , , , , , , 16.4777885, -0.0099031, , , , , , , 16.4777885, 0.0030213, , , , , , , , , , , , , , , , , , , , , , , , , , , , 
16.4783077, 0.0522011, , , , , , , 16.4783077, 0.0085603, , , , , , , 16.4783077, -0.0057069, , , , , , , 16.4783077, 0.0083925, , , , , , , , , , , , , , , , , , , , , , , , , , , , 
16.4788269, 0.0441444, , , , , , , 16.4788269, 0.0035248, , , , , , , 16.4788269, -0.0028534, , , , , , , 16.4788269, 0.0142672, , , , , , , , , , , , , , , , , , , , , , , , , , , , 
16.4793462, 0.026688, , , , , , , 16.4793462, -0.0008392, , , , , , , 16.4793462, -0.0043641, , , , , , , 16.4793462, 0.0206455, , , , , , , , , , , , , , , , , , , , , , , , , , , , 
16.4798654, 0.0041962, , , , , , , 16.4798654, 0.0003357, , , , , , , 16.4798654, -0.0063783, , , , , , , 16.4798654, 0.026688, , , , , , , , , , , , , , , , , , , , , , , , , , , , 
16.4803846, -0.0095674, , , , , , , 16.4803846, 0.0030213, , , , , , , 16.4803846, -0.0038605, , , , , , , 16.4803846, 0.0328985, , , , , , , , , , , , , , , , , , , , , , , , , , , , 
16.4809038, -0.0182956, , , , , , , 16.4809038, 0.0028534, , , , , , , 16.4809038, -0.0005035, , , , , , , 16.4809038, 0.0384375, , , , , , , , , , , , , , , , , , , , , , , , , , , , 
16.4814231, -0.0251774, , , , , , , 16.4814231, 0.0005035, , , , , , , 16.4814231, 0.0011749, , , , , , , 16.4814231, 0.0464942, , , , , , , , , , , , , , , , , , , , , , , , , , , , 
16.4819423, -0.0283665, , , , , , , 16.4819423, -0.0035248, , , , , , , 16.4819423, 0.0006714, , , , , , , 16.4819423, 0.0518654, , , , , , , , , , , , , , , , , , , , , , , , , , , , 
16.4824615, -0.0350805, , , , , , , 16.4824615, -0.0068818, , , , , , , 16.4824615, -0.0008392, , , , , , , 16.4824615, 0.0535439, , , , , , , , , , , , , , , , , , , , , , , , , , , , 
16.4829808, -0.0386053, , , , , , , 16.4829808, -0.008896, , , , , , , 16.4829808, -0.0035248, , , , , , , 16.4829808, 0.0528725, , , , , , , , , , , , , , , , , , , , , , , , , , , , 
16.4835, -0.030045, , , , , , , 16.4835, -0.0129244, , , , , , , 16.4835, -0.0048676, , , , , , , 16.4835, 0.0468299, , , , , , , , , , , , , , , , , , , , , , , , , , , , 
16.4840192, -0.0179599, , , , , , , 16.4840192, -0.0204776, , , , , , , 16.4840192, -0.0035248, , , , , , , 16.4840192, 0.0357519, , , , , , , , , , , , , , , , , , , , , , , , , , , , 
16.4845385, -0.0125887, , , , , , , 16.4845385, -0.0229953, , , , , , , 16.4845385, -0.0031891, , , , , , , 16.4845385, 0.0273594, , , , , , , , , , , , , , , , , , , , , , , , , , , , 
16.4850577, -0.0057069, , , , , , , 16.4850577, -0.0182956, , , , , , , 16.4850577, -0.0052033, , , , , , , 16.4850577, 0.0216526, , , , , , , , , , , , , , , , , , , , , , , , , , , , 
16.4855769, 0.0035248, , , , , , , 16.4855769, -0.0075532, , , , , , , 16.4855769, -0.0068818, , , , , , , 16.4855769, 0.0151064, , , , , , , , , , , , , , , , , , , , , , , , , , , , 
16.4860962, 0.011078, , , , , , , 16.4860962, -0.0020142, , , , , , , 16.4860962, -0.0082246, , , , , , , 16.4860962, 0.0102388, , , , , , , , , , , , , , , , , , , , , , , , , , , , 
16.4866154, 0.0139315, , , , , , , 16.4866154, -0.0072175, , , , , , , 16.4866154, -0.0083925, , , , , , , 16.4866154, 0.0078889, , , , , , , , , , , , , , , , , , , , , , , , , , , , 
16.4871346, 0.0135958, , , , , , , 16.4871346, -0.0152743, , , , , , , 16.4871346, -0.0065461, , , , , , , 16.4871346, 0.0078889, , , , , , , , , , , , , , , , , , , , , , , , , , , , 
16.4876538, 0.0135958, , , , , , , 16.4876538, -0.018967, , , , , , , 16.4876538, -0.0041962, , , , , , , 16.4876538, 0.0075532, , , , , , , , , , , , , , , , , , , , , , , , , , , , 
16.4881731, 0.0166171, , , , , , , 16.4881731, -0.0159457, , , , , , , 16.4881731, -0.0035248, , , , , , , 16.4881731, 0.0078889, , , , , , , , , , , , , , , , , , , , , , , , , , , , 
16.4886923, 0.0219883, , , , , , , 16.4886923, -0.014435, , , , , , , 16.4886923, -0.0031891, , , , , , , 16.4886923, 0.0078889, , , , , , , , , , , , , , , , , , , , , , , , , , , , 
16.4892115, 0.0234989, , , , , , , 16.4892115, -0.01561, , , , , , , 16.4892115, -0.0035248, , , , , , , 16.4892115, 0.0085603, , , , , , , , , , , , , , , , , , , , , , , , , , , , 
16.4897308, 0.0203098, , , , , , , 16.4897308, -0.0151064, , , , , , , 16.4897308, -0.005539, , , , , , , 16.4897308, 0.0072175, , , , , , , , , , , , , , , , , , , , , , , , , , , , 
16.49025, 0.0159457, , , , , , , 16.49025, -0.0112459, , , , , , , 16.49025, -0.0075532, , , , , , , 16.49025, 0.0052033, , , , , , , , , , , , , , , , , , , , , , , , , , , , 
16.4907692, 0.0166171, , , , , , , 16.4907692, -0.0072175, , , , , , , 16.4907692, -0.0083925, , , , , , , 16.4907692, 0.0031891, , , , , , , , , , , , , , , , , , , , , , , , , , , , 
16.4912885, 0.0226596, , , , , , , 16.4912885, -0.0060426, , , , , , , 16.4912885, -0.0072175, , , , , , , 16.4912885, 0.0005035, , , , , , , , , , , , , , , , , , , , , , , , , , , , 
16.4918077, 0.0219883, , , , , , , 16.4918077, -0.0078889, , , , , , , 16.4918077, -0.0050355, , , , , , , 16.4918077, 0.002182, , , , , , , , , , , , , , , , , , , , , , , , , , , , 
16.4923269, 0.0152743, , , , , , , 16.4923269, -0.0109102, , , , , , , 16.4923269, -0.0062104, , , , , , , 16.4923269, 0.0052033, , , , , , , , , , , , , , , , , , , , , , , , , , , , 
16.4928462, 0.0105745, , , , , , , 16.4928462, -0.0117494, , , , , , , 16.4928462, -0.0072175, , , , , , , 16.4928462, 0.0018463, , , , , , , , , , , , , , , , , , , , , , , , , , , , 
16.4933654, 0.012253, , , , , , , 16.4933654, -0.0119173, , , , , , , 16.4933654, -0.0095674, , , , , , , 16.4933654, -0.0082246, , , , , , , , , , , , , , , , , , , , , , , , , , , , 
16.4938846, 0.0213169, , , , , , , 16.4938846, -0.0124208, , , , , , , 16.4938846, -0.0112459, , , , , , , 16.4938846, -0.0169528, , , , , , , , , , , , , , , , , , , , , , , , , , , , 
16.4944038, 0.0320592, , , , , , , 16.4944038, -0.0135958, , , , , , , 16.4944038, -0.0115816, , , , , , , 16.4944038, -0.0206455, , , , , , , , , , , , , , , , , , , , , , , , , , , , 
16.4949231, 0.0381018, , , , , , , 16.4949231, -0.011078, , , , , , , 16.4949231, -0.0112459, , , , , , , 16.4949231, -0.0209812, , , , , , , , , , , , , , , , , , , , , , , , , , , , 
16.4954423, 0.0404517, , , , , , , 16.4954423, -0.0068818, , , , , , , 16.4954423, -0.0112459, , , , , , , 16.4954423, -0.0218204, , , , , , , , , , , , , , , , , , , , , , , , , , , , 
16.4959615, 0.0414588, , , , , , , 16.4959615, -0.0030213, , , , , , , 16.4959615, -0.0117494, , , , , , , 16.4959615, -0.0206455, , , , , , , , , , , , , , , , , , , , , , , , , , , , 
16.4964808, 0.0396124, , , , , , , 16.4964808, -0.0016785, , , , , , , 16.4964808, -0.012253, , , , , , , 16.4964808, -0.0162814, , , , , , , , , , , , , , , , , , , , , , , , , , , , 
16.497, 0.036759, , , , , , , 16.497, -0.0031891, , , , , , , 16.497, -0.0119173, , , , , , , 16.497, -0.0097353, , , , , , , , , , , , , , , , , , , , , , , , , , , , 
16.4975192, 0.0350805, , , , , , , 16.4975192, -0.0050355, , , , , , , 16.4975192, -0.0102388, , , , , , , 16.4975192, -0.0028534, , , , , , , , , , , , , , , , , , , , , , , , , , , , 
16.4980385, 0.0347448, , , , , , , 16.4980385, -0.0068818, , , , , , , 16.4980385, -0.008896, , , , , , , 16.4980385, 0.0041962, , , , , , , , , , , , , , , , , , , , , , , , , , , , 
16.4985577, 0.033402, , , , , , , 16.4985577, -0.0085603, , , , , , , 16.4985577, -0.008896, , , , , , , 16.4985577, 0.0085603, , , , , , , , , , , , , , , , , , , , , , , , , , , , 
16.4990769, 0.0305486, , , , , , , 16.4990769, -0.0095674, , , , , , , 16.4990769, -0.0109102, , , , , , , 16.4990769, 0.0142672, , , , , , , , , , , , , , , , , , , , , , , , , , , , 
16.4995962, 0.0248417, , , , , , , 16.4995962, -0.0109102, , , , , , , 16.4995962, -0.0082246, , , , , , , 16.4995962, 0.0226596, , , , , , , , , , , , , , , , , , , , , , , , , , , , 
16.5001154, 0.01561, , , , , , , 16.5001154, -0.0115816, , , , , , , 16.5001154, -0.0028534, , , , , , , 16.5001154, 0.0318914, , , , , , , , , , , , , , , , , , , , , , , , , , , , 
16.5006346, 0.0062104, , , , , , , 16.5006346, -0.0109102, , , , , , , 16.5006346, -0.0010071, , , , , , , 16.5006346, 0.0377661, , , , , , , , , , , , , , , , , , , , , , , , , , , , 
16.5011538, -0.0041962, , , , , , , 16.5011538, -0.0090639, , , , , , , 16.5011538, -0.002182, , , , , , , 16.5011538, 0.0428016, , , , , , , , , , , , , , , , , , , , , , , , , , , , 
16.5016731, -0.0105745, , , , , , , 16.5016731, -0.0070497, , , , , , , 16.5016731, -0.0030213, , , , , , , 16.5016731, 0.0488441, , , , , , , , , , , , , , , , , , , , , , , , , , , , 
16.5021923, -0.0139315, , , , , , , 16.5021923, -0.005539, , , , , , , 16.5021923, -0.0018463, , , , , , , 16.5021923, 0.0518654, , , , , , , , , , , , , , , , , , , , , , , , , , , , 
16.5027115, -0.0213169, , , , , , , 16.5027115, -0.0062104, , , , , , , 16.5027115, -0.0015106, , , , , , , 16.5027115, 0.0522011, , , , , , , , , , , , , , , , , , , , , , , , , , , , 
16.5032308, -0.0263523, , , , , , , 16.5032308, -0.0065461, , , , , , , 16.5032308, -0.0038605, , , , , , , 16.5032308, 0.0475013, , , , , , , , , , , , , , , , , , , , , , , , , , , , 
16.50375, -0.0203098, , , , , , , 16.50375, -0.0082246, , , , , , , 16.50375, -0.0068818, , , , , , , 16.50375, 0.0374304, , , , , , , , , , , , , , , , , , , , , , , , , , , , 
16.5042692, -0.0082246, , , , , , , 16.5042692, -0.0109102, , , , , , , 16.5042692, -0.0082246, , , , , , , 16.5042692, 0.030045, , , , , , , , , , , , , , , , , , , , , , , , , , , , 
16.5047885, 0.0025177, , , , , , , 16.5047885, -0.0102388, , , , , , , 16.5047885, -0.0095674, , , , , , , 16.5047885, 0.024506, , , , , , , , , , , , , , , , , , , , , , , , , , , , 
16.5053077, 0.0062104, , , , , , , 16.5053077, -0.005539, , , , , , , 16.5053077, -0.0102388, , , , , , , 16.5053077, 0.0204776, , , , , , , , , , , , , , , , , , , , , , , , , , , , 
16.5058269, 0.0104067, , , , , , , 16.5058269, 0.0011749, , , , , , , 16.5058269, -0.0117494, , , , , , , 16.5058269, 0.0179599, , , , , , , , , , , , , , , , , , , , , , , , , , , , 
16.5063462, 0.0139315, , , , , , , 16.5063462, 0.0072175, , , , , , , 16.5063462, -0.0109102, , , , , , , 16.5063462, 0.0166171, , , , , , , , , , , , , , , , , , , , , , , , , , , , 
16.5068654, 0.0172885, , , , , , , 16.5068654, 0.0095674, , , , , , , 16.5068654, -0.0092317, , , , , , , 16.5068654, 0.0135958, , , , , , , , , , , , , , , , , , , , , , , , , , , , 
16.5073846, 0.0182956, , , , , , , 16.5073846, 0.0092317, , , , , , , 16.5073846, -0.0082246, , , , , , , 16.5073846, 0.011078, , , , , , , , , , , , , , , , , , , , , , , , , , , , 
16.5079038, 0.0193027, , , , , , , 16.5079038, 0.0139315, , , , , , , 16.5079038, -0.0072175, , , , , , , 16.5079038, 0.0078889, , , , , , , , , , , , , , , , , , , , , , , , , , , , 
16.5084231, 0.0199741, , , , , , , 16.5084231, 0.0218204, , , , , , , 16.5084231, -0.0045319, , , , , , , 16.5084231, 0.0058747, , , , , , , , , , , , , , , , , , , , , , , , , , , , 
16.5089423, 0.01561, , , , , , , 16.5089423, 0.0223239, , , , , , , 16.5089423, -0.0030213, , , , , , , 16.5089423, 0.0045319, , , , , , , , , , , , , , , , , , , , , , , , , , , , 
16.5094615, 0.0072175, , , , , , , 16.5094615, 0.011078, , , , , , , 16.5094615, -0.0035248, , , , , , , 16.5094615, 0.0031891, , , , , , , , , , , , , , , , , , , , , , , , , , , , 
16.5099808, 0.0072175, , , , , , , 16.5099808, -0.0095674, , , , , , , 16.5099808, -0.0031891, , , , , , , 16.5099808, 0.0031891, , , , , , , , , , , , , , , , , , , , , , , , , , , , 
16.5105, 0.0152743, , , , , , , 16.5105, -0.0365911, , , , , , , 16.5105, -0.0031891, , , , , , , 16.5105, 0.0045319, , , , , , , , , , , , , , , , , , , , , , , , , , , , 
16.5110192, 0.0159457, , , , , , , 16.5110192, -0.057908, , , , , , , 16.5110192, -0.0062104, , , , , , , 16.5110192, 0.0038605, , , , , , , , , , , , , , , , , , , , , , , , , , , , 
16.5115385, 0.0137636, , , , , , , 16.5115385, -0.0609293, , , , , , , 16.5115385, -0.0092317, , , , , , , 16.5115385, 0.0016785, , , , , , , , , , , , , , , , , , , , , , , , , , , , 
16.5120577, 0.0209812, , , , , , , 16.5120577, -0.0558938, , , , , , , 16.5120577, -0.008896, , , , , , , 16.5120577, 0.0011749, , , , , , , , , , , , , , , , , , , , , , , , , , , , 
16.5125769, 0.0359197, , , , , , , 16.5125769, -0.0501869, , , , , , , 16.5125769, -0.0083925, , , , , , , 16.5125769, -0.0008392, , , , , , , , , , , , , , , , , , , , , , , , , , , , 
16.5130962, 0.0481727, , , , , , , 16.5130962, -0.0360876, , , , , , , 16.5130962, -0.008896, , , , , , , 16.5130962, -0.0052033, , , , , , , , , , , , , , , , , , , , , , , , , , , , 
16.5136154, 0.0542153, , , , , , , 16.5136154, -0.0169528, , , , , , , 16.5136154, -0.0085603, , , , , , , 16.5136154, -0.012253, , , , , , , , , , , , , , , , , , , , , , , , , , , , 
16.5141346, 0.0547189, , , , , , , 16.5141346, -0.0078889, , , , , , , 16.5141346, -0.0082246, , , , , , , 16.5141346, -0.0162814, , , , , , , , , , , , , , , , , , , , , , , , , , , , 
16.5146538, 0.0548867, , , , , , , 16.5146538, -0.0062104, , , , , , , 16.5146538, -0.0078889, , , , , , , 16.5146538, -0.0162814, , , , , , , , , , , , , , , , , , , , , , , , , , , , 
16.5151731, 0.0569009, , , , , , , 16.5151731, -0.0041962, , , , , , , 16.5151731, -0.0075532, , , , , , , 16.5151731, -0.0162814, , , , , , , , , , , , , , , , , , , , , , , , , , , , 
16.5156923, 0.0575723, , , , , , , 16.5156923, -0.0008392, , , , , , , 16.5156923, -0.0082246, , , , , , , 16.5156923, -0.0176242, , , , , , , , , , , , , , , , , , , , , , , , , , , , 
16.5162115, 0.0542153, , , , , , , 16.5162115, 0.0001678, , , , , , , 16.5162115, -0.008896, , , , , , , 16.5162115, -0.0167849, , , , , , , , , , , , , , , , , , , , , , , , , , , , 
16.5167308, 0.04448, , , , , , , 16.5167308, -0.0018463, , , , , , , 16.5167308, -0.008896, , , , , , , 16.5167308, -0.0112459, , , , , , , , , , , , , , , , , , , , , , , , , , , , 
16.51725, 0.0337377, , , , , , , 16.51725, -0.0008392, , , , , , , 16.51725, -0.008896, , , , , , , 16.51725, -0.0015106, , , , , , , , , , , , , , , , , , , , , , , , , , , , 
16.5177692, 0.0260166, , , , , , , 16.5177692, 0.0018463, , , , , , , 16.5177692, -0.0095674, , , , , , , 16.5177692, 0.0065461, , , , , , , , , , , , , , , , , , , , , , , , , , , , 
16.5182885, 0.0246738, , , , , , , 16.5182885, 0.0018463, , , , , , , 16.5182885, -0.008896, , , , , , , 16.5182885, 0.0132601, , , , , , , , , , , , , , , , , , , , , , , , , , , , 
16.5188077, 0.0196384, , , , , , , 16.5188077, 0.0005035, , , , , , , 16.5188077, -0.008896, , , , , , , 16.5188077, 0.0182956, , , , , , , , , , , , , , , , , , , , , , , , , , , , 
16.5193269, 0.0162814, , , , , , , 16.5193269, 0.0001678, , , , , , , 16.5193269, -0.0109102, , , , , , , 16.5193269, 0.0248417, , , , , , , , , , , , , , , , , , , , , , , , , , , , 
16.5198462, 0.0139315, , , , , , , 16.5198462, 0.0005035, , , , , , , 16.5198462, -0.0119173, , , , , , , 16.5198462, 0.033402, , , , , , , , , , , , , , , , , , , , , , , , , , , , 
16.5203654, 0.0010071, , , , , , , 16.5203654, -0.0001678, , , , , , , 16.5203654, -0.0104067, , , , , , , 16.5203654, 0.0391089, , , , , , , , , , , , , , , , , , , , , , , , , , , , 
16.5208846, -0.0162814, , , , , , , 16.5208846, -0.0015106, , , , , , , 16.5208846, -0.0083925, , , , , , , 16.5208846, 0.0448157, , , , , , , , , , , , , , , , , , , , , , , , , , , , 
16.5214038, -0.0285344, , , , , , , 16.5214038, -0.0015106, , , , , , , 16.5214038, -0.0095674, , , , , , , 16.5214038, 0.0495155, , , , , , , , , , , , , , , , , , , , , , , , , , , , 
16.5219231, -0.0364233, , , , , , , 16.5219231, -0.0028534, , , , , , , 16.5219231, -0.0102388, , , , , , , 16.5219231, 0.0540475, , , , , , , , , , , , , , , , , , , , , , , , , , , , 
16.5224423, -0.0459907, , , , , , , 16.5224423, -0.0038605, , , , , , , 16.5224423, -0.0072175, , , , , , , 16.5224423, 0.0572366, , , , , , , , , , , , , , , , , , , , , , , , , , , , 
16.5229615, -0.0522011, , , , , , , 16.5229615, -0.0023499, , , , , , , 16.5229615, -0.0041962, , , , , , , 16.5229615, 0.0543832, , , , , , , , , , , , , , , , , , , , , , , , , , , , 
16.5234808, -0.0498512, , , , , , , 16.5234808, -0.0001678, , , , , , , 16.5234808, -0.0041962, , , , , , , 16.5234808, 0.0451514, , , , , , , , , , , , , , , , , , , , , , , , , , , , 
16.524, -0.0404517, , , , , , , 16.524, -0.0005035, , , , , , , 16.524, -0.0062104, , , , , , , 16.524, 0.0365911, , , , , , , , , , , , , , , , , , , , , , , , , , , , 
16.5245192, -0.0310521, , , , , , , 16.5245192, -0.0028534, , , , , , , 16.5245192, -0.0063783, , , , , , , 16.5245192, 0.0337377, , , , , , , , , , , , , , , , , , , , , , , , , , , , 
16.5250385, -0.0216526, , , , , , , 16.5250385, -0.0041962, , , , , , , 16.5250385, -0.0062104, , , , , , , 16.5250385, 0.0293736, , , , , , , , , , , , , , , , , , , , , , , , , , , , 
16.5255577, -0.0152743, , , , , , , 16.5255577, -0.0046998, , , , , , , 16.5255577, -0.0065461, , , , , , , 16.5255577, 0.0213169, , , , , , , , , , , , , , , , , , , , , , , , , , , , 
16.5260769, -0.0095674, , , , , , , 16.5260769, -0.0031891, , , , , , , 16.5260769, -0.0058747, , , , , , , 16.5260769, 0.014435, , , , , , , , , , , , , , , , , , , , , , , , , , , , 
16.5265962, -0.0016785, , , , , , , 16.5265962, -0.0015106, , , , , , , 16.5265962, -0.005539, , , , , , , 16.5265962, 0.0104067, , , , , , , , , , , , , , , , , , , , , , , , , , , , 
16.5271154, 0.0052033, , , , , , , 16.5271154, -0.0011749, , , , , , , 16.5271154, -0.0062104, , , , , , , 16.5271154, 0.0099031, , , , , , , , , , , , , , , , , , , , , , , , , , , , 
16.5276346, 0.0099031, , , , , , , 16.5276346, -0.0020142, , , , , , , 16.5276346, -0.0060426, , , , , , , 16.5276346, 0.0102388, , , , , , , , , , , , , , , , , , , , , , , , , , , , 
16.5281538, 0.0119173, , , , , , , 16.5281538, -0.0028534, , , , , , , 16.5281538, -0.0052033, , , , , , , 16.5281538, 0.008896, , , , , , , , , , , , , , , , , , , , , , , , , , , , 
16.5286731, 0.0112459, , , , , , , 16.5286731, -0.0028534, , , , , , , 16.5286731, -0.0068818, , , , , , , 16.5286731, 0.0075532, , , , , , , , , , , , , , , , , , , , , , , , , , , , 
16.5291923, 0.0135958, , , , , , , 16.5291923, -0.0030213, , , , , , , 16.5291923, -0.008896, , , , , , , 16.5291923, 0.0070497, , , , , , , , , , , , , , , , , , , , , , , , , , , , 
16.5297115, 0.0171206, , , , , , , 16.5297115, -0.0041962, , , , , , , 16.5297115, -0.008896, , , , , , , 16.5297115, 0.0078889, , , , , , , , , , , , , , , , , , , , , , , , , , , , 
16.5302308, 0.0206455, , , , , , , 16.5302308, -0.0062104, , , , , , , 16.5302308, -0.005539, , , , , , , 16.5302308, 0.0090639, , , , , , , , , , , , , , , , , , , , , , , , , , , , 
16.53075, 0.0213169, , , , , , , 16.53075, -0.0078889, , , , , , , 16.53075, -0.0048676, , , , , , , 16.53075, 0.0109102, , , , , , , , , , , , , , , , , , , , , , , , , , , , 
16.5312692, 0.0240024, , , , , , , 16.5312692, -0.0078889, , , , , , , 16.5312692, -0.0072175, , , , , , , 16.5312692, 0.0125887, , , , , , , , , , , , , , , , , , , , , , , , , , , , 
16.5317885, 0.0307164, , , , , , , 16.5317885, -0.0068818, , , , , , , 16.5317885, -0.0083925, , , , , , , 16.5317885, 0.011078, , , , , , , , , , , , , , , , , , , , , , , , , , , , 
16.5323077, 0.0330663, , , , , , , 16.5323077, -0.008896, , , , , , , 16.5323077, -0.0075532, , , , , , , 16.5323077, 0.0085603, , , , , , , , , , , , , , , , , , , , , , , , , , , , 
16.5328269, 0.0344091, , , , , , , 16.5328269, -0.0104067, , , , , , , 16.5328269, -0.0083925, , , , , , , 16.5328269, 0.0065461, , , , , , , , , , , , , , , , , , , , , , , , , , , , 
16.5333462, 0.0433051, , , , , , , 16.5333462, -0.0082246, , , , , , , 16.5333462, -0.0099031, , , , , , , 16.5333462, -0.0008392, , , , , , , , , , , , , , , , , , , , , , , , , , , , 
16.5338654, 0.0548867, , , , , , , 16.5338654, -0.0068818, , , , , , , 16.5338654, -0.0112459, , , , , , , 16.5338654, -0.012253, , , , , , , , , , , , , , , , , , , , , , , , , , , , 
16.5343846, 0.0589151, , , , , , , 16.5343846, -0.0068818, , , , , , , 16.5343846, -0.0114137, , , , , , , 16.5343846, -0.0203098, , , , , , , , , , , , , , , , , , , , , , , , , , , , 
16.5349038, 0.0602579, , , , , , , 16.5349038, -0.0083925, , , , , , , 16.5349038, -0.0114137, , , , , , , 16.5349038, -0.0243381, , , , , , , , , , , , , , , , , , , , , , , , , , , , 
16.5354231, 0.0641184, , , , , , , 16.5354231, -0.0099031, , , , , , , 16.5354231, -0.0125887, , , , , , , 16.5354231, -0.0273594, , , , , , , , , , , , , , , , , , , , , , , , , , , , 
16.5359423, 0.0659648, , , , , , , 16.5359423, -0.0095674, , , , , , , 16.5359423, -0.0149386, , , , , , , 16.5359423, -0.0251774, , , , , , , , , , , , , , , , , , , , , , , , , , , , 
16.5364615, 0.0626078, , , , , , , 16.5364615, -0.0075532, , , , , , , 16.5364615, -0.0162814, , , , , , , 16.5364615, -0.0193027, , , , , , , , , , , , , , , , , , , , , , , , , , , , 
16.5369808, 0.0565652, , , , , , , 16.5369808, -0.0065461, , , , , , , 16.5369808, -0.0176242, , , , , , , 16.5369808, -0.0115816, , , , , , , , , , , , , , , , , , , , , , , , , , , , 
16.5375, 0.0501869, , , , , , , 16.5375, -0.0085603, , , , , , , 16.5375, -0.0176242, , , , , , , 16.5375, -0.0036927, , , , , , , , , , , , , , , , , , , , , , , , , , , , 
16.5380192, 0.0421302, , , , , , , 16.5380192, -0.0095674, , , , , , , 16.5380192, -0.0142672, , , , , , , 16.5380192, 0.0018463, , , , , , , , , , , , , , , , , , , , , , , , , , , , 
16.5385385, 0.0340734, , , , , , , 16.5385385, -0.008896, , , , , , , 16.5385385, -0.0125887, , , , , , , 16.5385385, 0.0085603, , , , , , , , , , , , , , , , , , , , , , , , , , , , 
16.5390577, 0.026688, , , , , , , 16.5390577, -0.0085603, , , , , , , 16.5390577, -0.0124208, , , , , , , 16.5390577, 0.0166171, , , , , , , , , , , , , , , , , , , , , , , , , , , , 
16.5395769, 0.0152743, , , , , , , 16.5395769, -0.008896, , , , , , , 16.5395769, -0.0099031, , , , , , , 16.5395769, 0.0243381, , , , , , , , , , , , , , , , , , , , , , , , , , , , 
16.5400962, -0.0005035, , , , , , , 16.5400962, -0.0102388, , , , , , , 16.5400962, -0.0052033, , , , , , , 16.5400962, 0.0323949, , , , , , , , , , , , , , , , , , , , , , , , , , , , 
16.5406154, -0.0142672, , , , , , , 16.5406154, -0.008896, , , , , , , 16.5406154, -0.0030213, , , , , , , 16.5406154, 0.0407874, , , , , , , , , , , , , , , , , , , , , , , , , , , , 
16.5411346, -0.0238346, , , , , , , 16.5411346, -0.0082246, , , , , , , 16.5411346, -0.005539, , , , , , , 16.5411346, 0.0475013, , , , , , , , , , , , , , , , , , , , , , , , , , , , 
16.5416538, -0.0318914, , , , , , , 16.5416538, -0.0075532, , , , , , , 16.5416538, -0.0082246, , , , , , , 16.5416538, 0.0518654, , , , , , , , , , , , , , , , , , , , , , , , , , , , 
16.5421731, -0.0365911, , , , , , , 16.5421731, -0.0075532, , , , , , , 16.5421731, -0.0082246, , , , , , , 16.5421731, 0.0552224, , , , , , , , , , , , , , , , , , , , , , , , , , , , 
16.5426923, -0.040116, , , , , , , 16.5426923, -0.0083925, , , , , , , 16.5426923, -0.005539, , , , , , , 16.5426923, 0.0535439, , , , , , , , , , , , , , , , , , , , , , , , , , , , 
16.5432115, -0.0411231, , , , , , , 16.5432115, -0.0105745, , , , , , , 16.5432115, -0.0062104, , , , , , , 16.5432115, 0.0458228, , , , , , , , , , , , , , , , , , , , , , , , , , , , 
16.5437308, -0.0323949, , , , , , , 16.5437308, -0.0135958, , , , , , , 16.5437308, -0.0070497, , , , , , , 16.5437308, 0.0360876, , , , , , , , , , , , , , , , , , , , , , , , , , , , 
16.54425, -0.0216526, , , , , , , 16.54425, -0.0135958, , , , , , , 16.54425, -0.0077211, , , , , , , 16.54425, 0.0287022, , , , , , , , , , , , , , , , , , , , , , , , , , , , 
16.5447692, -0.0162814, , , , , , , 16.5447692, -0.0115816, , , , , , , 16.5447692, -0.0070497, , , , , , , 16.5447692, 0.0219883, , , , , , , , , , , , , , , , , , , , , , , , , , , , 
16.5452885, -0.0119173, , , , , , , 16.5452885, -0.0092317, , , , , , , 16.5452885, -0.0058747, , , , , , , 16.5452885, 0.0146029, , , , , , , , , , , , , , , , , , , , , , , , , , , , 
16.5458077, -0.0095674, , , , , , , 16.5458077, -0.0095674, , , , , , , 16.5458077, -0.0063783, , , , , , , 16.5458077, 0.0097353, , , , , , , , , , , , , , , , , , , , , , , , , , , , 
16.5463269, -0.0035248, , , , , , , 16.5463269, -0.0112459, , , , , , , 16.5463269, -0.0063783, , , , , , , 16.5463269, 0.0092317, , , , , , , , , , , , , , , , , , , , , , , , , , , , 
16.5468462, 0.0038605, , , , , , , 16.5468462, -0.0115816, , , , , , , 16.5468462, -0.0062104, , , , , , , 16.5468462, 0.0105745, , , , , , , , , , , , , , , , , , , , , , , , , , , , 
16.5473654, 0.0095674, , , , , , , 16.5473654, -0.0105745, , , , , , , 16.5473654, -0.0082246, , , , , , , 16.5473654, 0.0078889, , , , , , , , , , , , , , , , , , , , , , , , , , , , 
16.5478846, 0.012253, , , , , , , 16.5478846, -0.008896, , , , , , , 16.5478846, -0.0095674, , , , , , , 16.5478846, 0.0062104, , , , , , , , , , , , , , , , , , , , , , , , , , , , 
16.5484038, 0.0139315, , , , , , , 16.5484038, -0.008896, , , , , , , 16.5484038, -0.0119173, , , , , , , 16.5484038, 0.0072175, , , , , , , , , , , , , , , , , , , , , , , , , , , , 
16.5489231, 0.0146029, , , , , , , 16.5489231, -0.0099031, , , , , , , 16.5489231, -0.0129244, , , , , , , 16.5489231, 0.0112459, , , , , , , , , , , , , , , , , , , , , , , , , , , , 
16.5494423, 0.0166171, , , , , , , 16.5494423, -0.0112459, , , , , , , 16.5494423, -0.0115816, , , , , , , 16.5494423, 0.0135958, , , , , , , , , , , , , , , , , , , , , , , , , , , , 
16.5499615, 0.0219883, , , , , , , 16.5499615, -0.0102388, , , , , , , 16.5499615, -0.0092317, , , , , , , 16.5499615, 0.0146029, , , , , , , , , , , , , , , , , , , , , , , , , , , , 
16.5504808, 0.0226596, , , , , , , 16.5504808, -0.0082246, , , , , , , 16.5504808, -0.0072175, , , , , , , 16.5504808, 0.0154421, , , , , , , , , , , , , , , , , , , , , , , , , , , , 
16.551, 0.0193027, , , , , , , 16.551, -0.0068818, , , , , , , 16.551, -0.0060426, , , , , , , 16.551, 0.0132601, , , , , , , , , , , , , , , , , , , , , , , , , , , , 
16.5515192, 0.0199741, , , , , , , 16.5515192, -0.0072175, , , , , , , 16.5515192, -0.0062104, , , , , , , 16.5515192, 0.0090639, , , , , , , , , , , , , , , , , , , , , , , , , , , , 
16.5520385, 0.0224918, , , , , , , 16.5520385, -0.0078889, , , , , , , 16.5520385, -0.005539, , , , , , , 16.5520385, 0.0075532, , , , , , , , , , , , , , , , , , , , , , , , , , , , 
16.5525577, 0.0246738, , , , , , , 16.5525577, -0.0062104, , , , , , , 16.5525577, -0.0038605, , , , , , , 16.5525577, 0.0062104, , , , , , , , , , , , , , , , , , , , , , , , , , , , 
16.5530769, 0.0287022, , , , , , , 16.5530769, -0.0041962, , , , , , , 16.5530769, -0.0038605, , , , , , , 16.5530769, -0.0015106, , , , , , , , , , , , , , , , , , , , , , , , , , , , 
16.5535962, 0.0347448, , , , , , , 16.5535962, -0.0035248, , , , , , , 16.5535962, -0.0048676, , , , , , , 16.5535962, -0.0132601, , , , , , , , , , , , , , , , , , , , , , , , , , , , 
16.5541154, 0.0407874, , , , , , , 16.5541154, -0.0041962, , , , , , , 16.5541154, -0.0048676, , , , , , , 16.5541154, -0.0219883, , , , , , , , , , , , , , , , , , , , , , , , , , , , 
16.5546346, 0.0426337, , , , , , , 16.5546346, -0.005539, , , , , , , 16.5546346, -0.0043641, , , , , , , 16.5546346, -0.0253452, , , , , , , , , , , , , , , , , , , , , , , , , , , , 
16.5551538, 0.0464942, , , , , , , 16.5551538, -0.0082246, , , , , , , 16.5551538, -0.0045319, , , , , , , 16.5551538, -0.0285344, , , , , , , , , , , , , , , , , , , , , , , , , , , , 
16.5556731, 0.0528725, , , , , , , 16.5556731, -0.0105745, , , , , , , 16.5556731, -0.0031891, , , , , , , 16.5556731, -0.0307164, , , , , , , , , , , , , , , , , , , , , , , , , , , , 
16.5561923, 0.0582437, , , , , , , 16.5561923, -0.0124208, , , , , , , 16.5561923, -0.0031891, , , , , , , 16.5561923, -0.0303807, , , , , , , , , , , , , , , , , , , , , , , , , , , , 
16.5567115, 0.0562295, , , , , , , 16.5567115, -0.0129244, , , , , , , 16.5567115, -0.0062104, , , , , , , 16.5567115, -0.0256809, , , , , , , , , , , , , , , , , , , , , , , , , , , , 
16.5572308, 0.0468299, , , , , , , 16.5572308, -0.0105745, , , , , , , 16.5572308, -0.0075532, , , , , , , 16.5572308, -0.0169528, , , , , , , , , , , , , , , , , , , , , , , , , , , , 
16.55775, 0.0327306, , , , , , , 16.55775, -0.0095674, , , , , , , 16.55775, -0.0085603, , , , , , , 16.55775, -0.0075532, , , , , , , , , , , , , , , , , , , , , , , , , , , , 
16.5582692, 0.0172885, , , , , , , 16.5582692, -0.0115816, , , , , , , 16.5582692, -0.0090639, , , , , , , 16.5582692, 0.0001678, , , , , , , , , , , , , , , , , , , , , , , , , , , , 
16.5587885, 0.0112459, , , , , , , 16.5587885, -0.0105745, , , , , , , 16.5587885, -0.0077211, , , , , , , 16.5587885, 0.0065461, , , , , , , , , , , , , , , , , , , , , , , , , , , , 
16.5593077, 0.0035248, , , , , , , 16.5593077, -0.0078889, , , , , , , 16.5593077, -0.0075532, , , , , , , 16.5593077, 0.0149386, , , , , , , , , , , , , , , , , , , , , , , , , , , , 
16.5598269, -0.0036927, , , , , , , 16.5598269, -0.0072175, , , , , , , 16.5598269, -0.0075532, , , , , , , 16.5598269, 0.0256809, , , , , , , , , , , , , , , , , , , , , , , , , , , , 
16.5603462, -0.0102388, , , , , , , 16.5603462, -0.0065461, , , , , , , 16.5603462, -0.0078889, , , , , , , 16.5603462, 0.0360876, , , , , , , , , , , , , , , , , , , , , , , , , , , , 
16.5608654, -0.0203098, , , , , , , 16.5608654, -0.0052033, , , , , , , 16.5608654, -0.0068818, , , , , , , 16.5608654, 0.0438087, , , , , , , , , , , , , , , , , , , , , , , , , , , , 
16.5613846, -0.0265202, , , , , , , 16.5613846, -0.0068818, , , , , , , 16.5613846, -0.0062104, , , , , , , 16.5613846, 0.0486763, , , , , , , , , , , , , , , , , , , , , , , , , , , , 
16.5619038, -0.0297093, , , , , , , 16.5619038, -0.0102388, , , , , , , 16.5619038, -0.0068818, , , , , , , 16.5619038, 0.0500191, , , , , , , , , , , , , , , , , , , , , , , , , , , , 
16.5624231, -0.0332341, , , , , , , 16.5624231, -0.0115816, , , , , , , 16.5624231, -0.0068818, , , , , , , 16.5624231, 0.054551, , , , , , , , , , , , , , , , , , , , , , , , , , , , 
16.5629423, -0.0381018, , , , , , , 16.5629423, -0.0124208, , , , , , , 16.5629423, -0.0041962, , , , , , , 16.5629423, 0.057908, , , , , , , , , , , , , , , , , , , , , , , , , , , , 
16.5634615, -0.0391089, , , , , , , 16.5634615, -0.0135958, , , , , , , 16.5634615, -0.0028534, , , , , , , 16.5634615, 0.0508583, , , , , , , , , , , , , , , , , , , , , , , , , , , , 
16.5639808, -0.0310521, , , , , , , 16.5639808, -0.0125887, , , , , , , 16.5639808, -0.0036927, , , , , , , 16.5639808, 0.0407874, , , , , , , , , , , , , , , , , , , , , , , , , , , , 
16.5645, -0.018967, , , , , , , 16.5645, -0.0062104, , , , , , , 16.5645, -0.0048676, , , , , , , 16.5645, 0.0337377, , , , , , , , , , , , , , , , , , , , , , , , , , , , 
16.5650192, -0.0095674, , , , , , , 16.5650192, -0.0025177, , , , , , , 16.5650192, -0.0063783, , , , , , , 16.5650192, 0.0287022, , , , , , , , , , , , , , , , , , , , , , , , , , , , 
16.5655385, -0.0008392, , , , , , , 16.5655385, -0.0063783, , , , , , , 16.5655385, -0.008896, , , , , , , 16.5655385, 0.0229953, , , , , , , , , , , , , , , , , , , , , , , , , , , , 
16.5660577, 0.0105745, , , , , , , 16.5660577, -0.0105745, , , , , , , 16.5660577, -0.0097353, , , , , , , 16.5660577, 0.0179599, , , , , , , , , , , , , , , , , , , , , , , , , , , , 
16.5665769, 0.0240024, , , , , , , 16.5665769, -0.0119173, , , , , , , 16.5665769, -0.0102388, , , , , , , 16.5665769, 0.0149386, , , , , , , , , , , , , , , , , , , , , , , , , , , , 
16.5670962, 0.0394446, , , , , , , 16.5670962, -0.0109102, , , , , , , 16.5670962, -0.0115816, , , , , , , 16.5670962, 0.014435, , , , , , , , , , , , , , , , , , , , , , , , , , , , 
16.5676154, 0.0448157, , , , , , , 16.5676154, -0.0070497, , , , , , , 16.5676154, -0.0099031, , , , , , , 16.5676154, 0.0125887, , , , , , , , , , , , , , , , , , , , , , , , , , , , 
16.5681346, 0.0381018, , , , , , , 16.5681346, -0.0008392, , , , , , , 16.5681346, -0.0072175, , , , , , , 16.5681346, 0.0112459, , , , , , , , , , , , , , , , , , , , , , , , , , , , 
16.5686538, 0.0253452, , , , , , , 16.5686538, 0.0025177, , , , , , , 16.5686538, -0.0057069, , , , , , , 16.5686538, 0.0085603, , , , , , , , , , , , , , , , , , , , , , , , , , , , 
16.5691731, 0.018967, , , , , , , 16.5691731, 0.0018463, , , , , , , 16.5691731, -0.0082246, , , , , , , 16.5691731, 0.0038605, , , , , , , , , , , , , , , , , , , , , , , , , , , , 
16.5696923, 0.023331, , , , , , , 16.5696923, -0.0025177, , , , , , , 16.5696923, -0.0097353, , , , , , , 16.5696923, 0.0008392, , , , , , , , , , , , , , , , , , , , , , , , , , , , 
16.5702115, 0.03122, , , , , , , 16.5702115, -0.0052033, , , , , , , 16.5702115, -0.0112459, , , , , , , 16.5702115, 0.0025177, , , , , , , , , , , , , , , , , , , , , , , , , , , , 
16.5707308, 0.0364233, , , , , , , 16.5707308, -0.0063783, , , , , , , 16.5707308, -0.0127565, , , , , , , 16.5707308, 0.0028534, , , , , , , , , , , , , , , , , , , , , , , , , , , , 
16.57125, 0.0424659, , , , , , , 16.57125, -0.0077211, , , , , , , 16.57125, -0.012253, , , , , , , 16.57125, -0.0018463, , , , , , , , , , , , , , , , , , , , , , , , , , , , 
16.5717692, 0.0468299, , , , , , , 16.5717692, -0.0083925, , , , , , , 16.5717692, -0.0102388, , , , , , , 16.5717692, -0.0077211, , , , , , , , , , , , , , , , , , , , , , , , , , , , 
16.5722885, 0.0433051, , , , , , , 16.5722885, -0.0070497, , , , , , , 16.5722885, -0.0104067, , , , , , , 16.5722885, -0.0125887, , , , , , , , , , , , , , , , , , , , , , , , , , , , 
16.5728077, 0.0340734, , , , , , , 16.5728077, -0.0052033, , , , , , , 16.5728077, -0.0109102, , , , , , , 16.5728077, -0.0152743, , , , , , , , , , , , , , , , , , , , , , , , , , , , 
16.5733269, 0.0386053, , , , , , , 16.5733269, -0.0041962, , , , , , , 16.5733269, -0.0109102, , , , , , , 16.5733269, -0.0198062, , , , , , , , , , , , , , , , , , , , , , , , , , , , 
16.5738462, 0.0522011, , , , , , , 16.5738462, -0.0041962, , , , , , , 16.5738462, -0.0095674, , , , , , , 16.5738462, -0.0251774, , , , , , , , , , , , , , , , , , , , , , , , , , , , 
16.5743654, 0.0595865, , , , , , , 16.5743654, -0.0011749, , , , , , , 16.5743654, -0.0095674, , , , , , , 16.5743654, -0.0287022, , , , , , , , , , , , , , , , , , , , , , , , , , , , 
16.5748846, 0.061265, , , , , , , 16.5748846, 0.0068818, , , , , , , 16.5748846, -0.012253, , , , , , , 16.5748846, -0.0297093, , , , , , , , , , , , , , , , , , , , , , , , , , , , 
16.5754038, 0.0627756, , , , , , , 16.5754038, 0.0142672, , , , , , , 16.5754038, -0.0146029, , , , , , , 16.5754038, -0.0288701, , , , , , , , , , , , , , , , , , , , , , , , , , , , 
16.5759231, 0.0616007, , , , , , , 16.5759231, 0.0149386, , , , , , , 16.5759231, -0.0149386, , , , , , , 16.5759231, -0.0283665, , , , , , , , , , , , , , , , , , , , , , , , , , , , 
16.5764423, 0.0595865, , , , , , , 16.5764423, 0.0097353, , , , , , , 16.5764423, -0.0142672, , , , , , , 16.5764423, -0.0256809, , , , , , , , , , , , , , , , , , , , , , , , , , , , 
16.5769615, 0.0548867, , , , , , , 16.5769615, 0.0025177, , , , , , , 16.5769615, -0.0132601, , , , , , , 16.5769615, -0.0176242, , , , , , , , , , , , , , , , , , , , , , , , , , , , 
16.5774808, 0.0448157, , , , , , , 16.5774808, -0.0068818, , , , , , , 16.5774808, -0.0135958, , , , , , , 16.5774808, -0.0045319, , , , , , , , , , , , , , , , , , , , , , , , , , , , 
16.578, 0.0313878, , , , , , , 16.578, -0.0176242, , , , , , , 16.578, -0.0125887, , , , , , , 16.578, 0.0052033, , , , , , , , , , , , , , , , , , , , , , , , , , , , 
16.5785192, 0.0172885, , , , , , , 16.5785192, -0.026688, , , , , , , 16.5785192, -0.0117494, , , , , , , 16.5785192, 0.0115816, , , , , , , , , , , , , , , , , , , , , , , , , , , , 
16.5790385, 0.0046998, , , , , , , 16.5790385, -0.0337377, , , , , , , 16.5790385, -0.0099031, , , , , , , 16.5790385, 0.0193027, , , , , , , , , , , , , , , , , , , , , , , , , , , , 
16.5795577, -0.008896, , , , , , , 16.5795577, -0.0381018, , , , , , , 16.5795577, -0.0075532, , , , , , , 16.5795577, 0.0313878, , , , , , , , , , , , , , , , , , , , , , , , , , , , 
16.5800769, -0.0226596, , , , , , , 16.5800769, -0.0364233, , , , , , , 16.5800769, -0.0058747, , , , , , , 16.5800769, 0.0421302, , , , , , , , , , , , , , , , , , , , , , , , , , , , 
16.5805962, -0.0350805, , , , , , , 16.5805962, -0.026688, , , , , , , 16.5805962, -0.0041962, , , , , , , 16.5805962, 0.051194, , , , , , , , , , , , , , , , , , , , , , , , , , , , 
16.5811154, -0.0451514, , , , , , , 16.5811154, -0.0166171, , , , , , , 16.5811154, -0.0045319, , , , , , , 16.5811154, 0.0575723, , , , , , , , , , , , , , , , , , , , , , , , , , , , 
16.5816346, -0.0525368, , , , , , , 16.5816346, -0.0112459, , , , , , , 16.5816346, -0.0041962, , , , , , , 16.5816346, 0.0622721, , , , , , , , , , , , , , , , , , , , , , , , , , , , 
16.5821538, -0.0558938, , , , , , , 16.5821538, -0.0082246, , , , , , , 16.5821538, -0.0015106, , , , , , , 16.5821538, 0.0652934, , , , , , , , , , , , , , , , , , , , , , , , , , , , 
16.5826731, -0.0580758, , , , , , , 16.5826731, -0.0068818, , , , , , , 16.5826731, -0.0001678, , , , , , , 16.5826731, 0.0666361, , , , , , , , , , , , , , , , , , , , , , , , , , , , 
16.5831923, -0.0558938, , , , , , , 16.5831923, -0.005539, , , , , , , 16.5831923, -0.0008392, , , , , , , 16.5831923, 0.0627756, , , , , , , , , , , , , , , , , , , , , , , , , , , , 
16.5837115, -0.0493477, , , , , , , 16.5837115, -0.005539, , , , , , , 16.5837115, -0.0015106, , , , , , , 16.5837115, 0.0532082, , , , , , , , , , , , , , , , , , , , , , , , , , , , 
16.5842308, -0.0396124, , , , , , , 16.5842308, -0.0052033, , , , , , , 16.5842308, -0.0011749, , , , , , , 16.5842308, 0.0428016, , , , , , , , , , , , , , , , , , , , , , , , , , , , 
16.58475, -0.0283665, , , , , , , 16.58475, -0.0052033, , , , , , , 16.58475, -0.002182, , , , , , , 16.58475, 0.0359197, , , , , , , , , , , , , , , , , , , , , , , , , , , , 
16.5852692, -0.0166171, , , , , , , 16.5852692, -0.0060426, , , , , , , 16.5852692, -0.0025177, , , , , , , 16.5852692, 0.0293736, , , , , , , , , , , , , , , , , , , , , , , , , , , , 
16.5857885, -0.0038605, , , , , , , 16.5857885, -0.0068818, , , , , , , 16.5857885, -0.0015106, , , , , , , 16.5857885, 0.0219883, , , , , , , , , , , , , , , , , , , , , , , , , , , , 
16.5863077, 0.0031891, , , , , , , 16.5863077, -0.0082246, , , , , , , 16.5863077, -0.0035248, , , , , , , 16.5863077, 0.0179599, , , , , , , , , , , , , , , , , , , , , , , , , , , , 
16.5868269, 0.0065461, , , , , , , 16.5868269, -0.0082246, , , , , , , 16.5868269, -0.0065461, , , , , , , 16.5868269, 0.0159457, , , , , , , , , , , , , , , , , , , , , , , , , , , , 
16.5873462, 0.0127565, , , , , , , 16.5873462, -0.0075532, , , , , , , 16.5873462, -0.0085603, , , , , , , 16.5873462, 0.0102388, , , , , , , , , , , , , , , , , , , , , , , , , , , , 
16.5878654, 0.0146029, , , , , , , 16.5878654, -0.008896, , , , , , , 16.5878654, -0.0082246, , , , , , , 16.5878654, 0.0041962, , , , , , , , , , , , , , , , , , , , , , , , , , , , 
16.5883846, 0.0139315, , , , , , , 16.5883846, -0.0102388, , , , , , , 16.5883846, -0.0045319, , , , , , , 16.5883846, 0.0048676, , , , , , , , , , , , , , , , , , , , , , , , , , , , 
16.5889038, 0.0167849, , , , , , , 16.5889038, -0.0095674, , , , , , , 16.5889038, -0.0048676, , , , , , , 16.5889038, 0.0052033, , , , , , , , , , , , , , , , , , , , , , , , , , , , 
16.5894231, 0.0166171, , , , , , , 16.5894231, -0.0092317, , , , , , , 16.5894231, -0.0052033, , , , , , , 16.5894231, 0.0038605, , , , , , , , , , , , , , , , , , , , , , , , , , , , 
16.5899423, 0.0152743, , , , , , , 16.5899423, -0.0097353, , , , , , , 16.5899423, -0.0041962, , , , , , , 16.5899423, 0.0052033, , , , , , , , , , , , , , , , , , , , , , , , , , , , 
16.5904615, 0.0172885, , , , , , , 16.5904615, -0.0097353, , , , , , , 16.5904615, -0.005539, , , , , , , 16.5904615, 0.0105745, , , , , , , , , , , , , , , , , , , , , , , , , , , , 
16.5909808, 0.0196384, , , , , , , 16.5909808, -0.0105745, , , , , , , 16.5909808, -0.0083925, , , , , , , 16.5909808, 0.0124208, , , , , , , , , , , , , , , , , , , , , , , , , , , , 
16.5915, 0.0157778, , , , , , , 16.5915, -0.0102388, , , , , , , 16.5915, -0.0095674, , , , , , , 16.5915, 0.0083925, , , , , , , , , , , , , , , , , , , , , , , , , , , , 
16.5920192, 0.0132601, , , , , , , 16.5920192, -0.008896, , , , , , , 16.5920192, -0.008896, , , , , , , 16.5920192, 0.0048676, , , , , , , , , , , , , , , , , , , , , , , , , , , , 
16.5925385, 0.0171206, , , , , , , 16.5925385, -0.0068818, , , , , , , 16.5925385, -0.0062104, , , , , , , 16.5925385, 0.0038605, , , , , , , , , , , , , , , , , , , , , , , , , , , , 
16.5930577, 0.0263523, , , , , , , 16.5930577, -0.0062104, , , , , , , 16.5930577, -0.0057069, , , , , , , 16.5930577, -0.0025177, , , , , , , , , , , , , , , , , , , , , , , , , , , , 
16.5935769, 0.0404517, , , , , , , 16.5935769, -0.005539, , , , , , , 16.5935769, -0.008896, , , , , , , 16.5935769, -0.0151064, , , , , , , , , , , , , , , , , , , , , , , , , , , , 
16.5940962, 0.0535439, , , , , , , 16.5940962, -0.0048676, , , , , , , 16.5940962, -0.0132601, , , , , , , 16.5940962, -0.0250095, , , , , , , , , , , , , , , , , , , , , , , , , , , , 
16.5946154, 0.06009, , , , , , , 16.5946154, -0.0052033, , , , , , , 16.5946154, -0.0149386, , , , , , , 16.5946154, -0.0283665, , , , , , , , , , , , , , , , , , , , , , , , , , , , 
16.5951346, 0.0642863, , , , , , , 16.5951346, -0.0048676, , , , , , , 16.5951346, -0.0140993, , , , , , , 16.5951346, -0.0292058, , , , , , , , , , , , , , , , , , , , , , , , , , , , 
16.5956538, 0.070161, , , , , , , 16.5956538, -0.0041962, , , , , , , 16.5956538, -0.0139315, , , , , , , 16.5956538, -0.0280308, , , , , , , , , , , , , , , , , , , , , , , , , , , , 
16.5961731, 0.0708324, , , , , , , 16.5961731, -0.005539, , , , , , , 16.5961731, -0.0140993, , , , , , , 16.5961731, -0.0250095, , , , , , , , , , , , , , , , , , , , , , , , , , , , 
16.5966923, 0.0622721, , , , , , , 16.5966923, -0.0062104, , , , , , , 16.5966923, -0.012253, , , , , , , 16.5966923, -0.0216526, , , , , , , , , , , , , , , , , , , , , , , , , , , , 
16.5972115, 0.0535439, , , , , , , 16.5972115, -0.0045319, , , , , , , 16.5972115, -0.0099031, , , , , , , 16.5972115, -0.0149386, , , , , , , , , , , , , , , , , , , , , , , , , , , , 
16.5977308, 0.0461585, , , , , , , 16.5977308, -0.0028534, , , , , , , 16.5977308, -0.0090639, , , , , , , 16.5977308, -0.0041962, , , , , , , , , , , , , , , , , , , , , , , , , , , , 
16.59825, 0.0374304, , , , , , , 16.59825, -0.0025177, , , , , , , 16.59825, -0.0090639, , , , , , , 16.59825, 0.0045319, , , , , , , , , , , , , , , , , , , , , , , , , , , , 
16.5987692, 0.0288701, , , , , , , 16.5987692, -0.0025177, , , , , , , 16.5987692, -0.0082246, , , , , , , 16.5987692, 0.0119173, , , , , , , , , , , , , , , , , , , , , , , , , , , , 
16.5992885, 0.0203098, , , , , , , 16.5992885, -0.0035248, , , , , , , 16.5992885, -0.0072175, , , , , , , 16.5992885, 0.0186313, , , , , , , , , , , , , , , , , , , , , , , , , , , , 
16.5998077, 0.0025177, , , , , , , 16.5998077, -0.0062104, , , , , , , 16.5998077, -0.005539, , , , , , , 16.5998077, 0.0298772, , , , , , , , , , , , , , , , , , , , , , , , , , , , 
16.6003269, -0.0196384, , , , , , , 16.6003269, -0.008896, , , , , , , 16.6003269, -0.0025177, , , , , , , 16.6003269, 0.0397803, , , , , , , , , , , , , , , , , , , , , , , , , , , , 
16.6008462, -0.0352483, , , , , , , 16.6008462, -0.0077211, , , , , , , 16.6008462, -0.0018463, , , , , , , 16.6008462, 0.0461585, , , , , , , , , , , , , , , , , , , , , , , , , , , , 
16.6013654, -0.0404517, , , , , , , 16.6013654, -0.005539, , , , , , , 16.6013654, -0.0035248, , , , , , , 16.6013654, 0.0525368, , , , , , , , , , , , , , , , , , , , , , , , , , , , 
16.6018846, -0.0428016, , , , , , , 16.6018846, -0.005539, , , , , , , 16.6018846, -0.0038605, , , , , , , 16.6018846, 0.0580758, , , , , , , , , , , , , , , , , , , , , , , , , , , , 
16.6024038, -0.0506905, , , , , , , 16.6024038, -0.0065461, , , , , , , 16.6024038, -0.0041962, , , , , , , 16.6024038, 0.061265, , , , , , , , , , , , , , , , , , , , , , , , , , , , 
16.6029231, -0.0558938, , , , , , , 16.6029231, -0.0063783, , , , , , , 16.6029231, -0.0035248, , , , , , , 16.6029231, 0.0589151, , , , , , , , , , , , , , , , , , , , , , , , , , , , 
16.6034423, -0.051194, , , , , , , 16.6034423, -0.0050355, , , , , , , 16.6034423, -0.0041962, , , , , , , 16.6034423, 0.0518654, , , , , , , , , , , , , , , , , , , , , , , , , , , , 
16.6039615, -0.0384375, , , , , , , 16.6039615, -0.0031891, , , , , , , 16.6039615, -0.0065461, , , , , , , 16.6039615, 0.0414588, , , , , , , , , , , , , , , , , , , , , , , , , , , , 
16.6044808, -0.024506, , , , , , , 16.6044808, -0.0010071, , , , , , , 16.6044808, -0.0068818, , , , , , , 16.6044808, 0.0307164, , , , , , , , , , , , , , , , , , , , , , , , , , , , 
16.605, -0.012253, , , , , , , 16.605, -0.0008392, , , , , , , 16.605, -0.0063783, , , , , , , 16.605, 0.023331, , , , , , , , , , , , , , , , , , , , , , , , , , , , 
16.6055192, -0.0025177, , , , , , , 16.6055192, -0.0028534, , , , , , , 16.6055192, -0.0082246, , , , , , , 16.6055192, 0.0166171, , , , , , , , , , , , , , , , , , , , , , , , , , , , 
16.6060385, 0.002182, , , , , , , 16.6060385, -0.0050355, , , , , , , 16.6060385, -0.0102388, , , , , , , 16.6060385, 0.0125887, , , , , , , , , , , , , , , , , , , , , , , , , , , , 
16.6065577, 0.0085603, , , , , , , 16.6065577, -0.0068818, , , , , , , 16.6065577, -0.0085603, , , , , , , 16.6065577, 0.0139315, , , , , , , , , , , , , , , , , , , , , , , , , , , , 
16.6070769, 0.0142672, , , , , , , 16.6070769, -0.0083925, , , , , , , 16.6070769, -0.0062104, , , , , , , 16.6070769, 0.0146029, , , , , , , , , , , , , , , , , , , , , , , , , , , , 
16.6075962, 0.0206455, , , , , , , 16.6075962, -0.011078, , , , , , , 16.6075962, -0.005539, , , , , , , 16.6075962, 0.0142672, , , , , , , , , , , , , , , , , , , , , , , , , , , , 
16.6081154, 0.0250095, , , , , , , 16.6081154, -0.012253, , , , , , , 16.6081154, -0.0065461, , , , , , , 16.6081154, 0.0162814, , , , , , , , , , , , , , , , , , , , , , , , , , , , 
16.6086346, 0.024506, , , , , , , 16.6086346, -0.0097353, , , , , , , 16.6086346, -0.0083925, , , , , , , 16.6086346, 0.0204776, , , , , , , , , , , , , , , , , , , , , , , , , , , , 
16.6091538, 0.0265202, , , , , , , 16.6091538, -0.0063783, , , , , , , 16.6091538, -0.008896, , , , , , , 16.6091538, 0.0209812, , , , , , , , , , , , , , , , , , , , , , , , , , , , 
16.6096731, 0.0293736, , , , , , , 16.6096731, -0.0058747, , , , , , , 16.6096731, -0.0092317, , , , , , , 16.6096731, 0.0209812, , , , , , , , , , , , , , , , , , , , , , , , , , , , 
16.6101923, 0.0305486, , , , , , , 16.6101923, -0.0077211, , , , , , , 16.6101923, -0.0109102, , , , , , , 16.6101923, 0.0213169, , , , , , , , , , , , , , , , , , , , , , , , , , , , 
16.6107115, 0.030045, , , , , , , 16.6107115, -0.008896, , , , , , , 16.6107115, -0.0115816, , , , , , , 16.6107115, 0.0231632, , , , , , , , , , , , , , , , , , , , , , , , , , , , 
16.6112308, 0.0325628, , , , , , , 16.6112308, -0.0085603, , , , , , , 16.6112308, -0.0112459, , , , , , , 16.6112308, 0.0206455, , , , , , , , , , , , , , , , , , , , , , , , , , , , 
16.61175, 0.0364233, , , , , , , 16.61175, -0.0072175, , , , , , , 16.61175, -0.012253, , , , , , , 16.61175, 0.0146029, , , , , , , , , , , , , , , , , , , , , , , , , , , , 
16.6122692, 0.040116, , , , , , , 16.6122692, -0.0065461, , , , , , , 16.6122692, -0.012253, , , , , , , 16.6122692, 0.0104067, , , , , , , , , , , , , , , , , , , , , , , , , , , , 
16.6127885, 0.0438087, , , , , , , 16.6127885, -0.0072175, , , , , , , 16.6127885, -0.0139315, , , , , , , 16.6127885, 0.005539, , , , , , , , , , , , , , , , , , , , , , , , , , , , 
16.6133077, 0.0476692, , , , , , , 16.6133077, -0.008896, , , , , , , 16.6133077, -0.0162814, , , , , , , 16.6133077, -0.0072175, , , , , , , , , , , , , , , , , , , , , , , , , , , , 
16.6138269, 0.0585794, , , , , , , 16.6138269, -0.0102388, , , , , , , 16.6138269, -0.0166171, , , , , , , 16.6138269, -0.0216526, , , , , , , , , , , , , , , , , , , , , , , , , , , , 
16.6143462, 0.0704967, , , , , , , 16.6143462, -0.0102388, , , , , , , 16.6143462, -0.0132601, , , , , , , 16.6143462, -0.0290379, , , , , , , , , , , , , , , , , , , , , , , , , , , , 
16.6148654, 0.0757, , , , , , , 16.6148654, -0.0095674, , , , , , , 16.6148654, -0.0115816, , , , , , , 16.6148654, -0.0330663, , , , , , , , , , , , , , , , , , , , , , , , , , , , 
16.6153846, 0.0755322, , , , , , , 16.6153846, -0.0082246, , , , , , , 16.6153846, -0.0112459, , , , , , , 16.6153846, -0.0345769, , , , , , , , , , , , , , , , , , , , , , , , , , , , 
16.6159038, 0.0713359, , , , , , , 16.6159038, -0.0065461, , , , , , , 16.6159038, -0.0102388, , , , , , , 16.6159038, -0.03122, , , , , , , , , , , , , , , , , , , , , , , , , , , , 
16.6164231, 0.0698253, , , , , , , 16.6164231, -0.0073854, , , , , , , 16.6164231, -0.0095674, , , , , , , 16.6164231, -0.0276951, , , , , , , , , , , , , , , , , , , , , , , , , , , , 
16.6169423, 0.0663005, , , , , , , 16.6169423, -0.0082246, , , , , , , 16.6169423, -0.0082246, , , , , , , 16.6169423, -0.0229953, , , , , , , , , , , , , , , , , , , , , , , , , , , , 
16.6174615, 0.0574044, , , , , , , 16.6174615, -0.0068818, , , , , , , 16.6174615, -0.0068818, , , , , , , 16.6174615, -0.0154421, , , , , , , , , , , , , , , , , , , , , , , , , , , , 
16.6179808, 0.0464942, , , , , , , 16.6179808, -0.0065461, , , , , , , 16.6179808, -0.0077211, , , , , , , 16.6179808, -0.0068818, , , , , , , , , , , , , , , , , , , , , , , , , , , , 
16.6185, 0.0381018, , , , , , , 16.6185, -0.0077211, , , , , , , 16.6185, -0.0085603, , , , , , , 16.6185, 0.0026856, , , , , , , , , , , , , , , , , , , , , , , , , , , , 
16.6190192, 0.0270237, , , , , , , 16.6190192, -0.008896, , , , , , , 16.6190192, -0.0068818, , , , , , , 16.6190192, 0.0115816, , , , , , , , , , , , , , , , , , , , , , , , , , , , 
16.6195385, 0.0104067, , , , , , , 16.6195385, -0.0104067, , , , , , , 16.6195385, -0.0038605, , , , , , , 16.6195385, 0.0208133, , , , , , , , , , , , , , , , , , , , , , , , , , , , 
16.6200577, -0.0048676, , , , , , , 16.6200577, -0.011078, , , , , , , 16.6200577, -0.0041962, , , , , , , 16.6200577, 0.0310521, , , , , , , , , , , , , , , , , , , , , , , , , , , , 
16.6205769, -0.0149386, , , , , , , 16.6205769, -0.008896, , , , , , , 16.6205769, -0.0041962, , , , , , , 16.6205769, 0.0407874, , , , , , , , , , , , , , , , , , , , , , , , , , , , 
16.6210962, -0.0280308, , , , , , , 16.6210962, -0.0072175, , , , , , , 16.6210962, -0.0035248, , , , , , , 16.6210962, 0.0488441, , , , , , , , , , , , , , , , , , , , , , , , , , , , 
16.6216154, -0.04448, , , , , , , 16.6216154, -0.0082246, , , , , , , 16.6216154, -0.0018463, , , , , , , 16.6216154, 0.0562295, , , , , , , , , , , , , , , , , , , , , , , , , , , , 
16.6221346, -0.0569009, , , , , , , 16.6221346, -0.0097353, , , , , , , 16.6221346, -0.0028534, , , , , , , 16.6221346, 0.0627756, , , , , , , , , , , , , , , , , , , , , , , , , , , , 
16.6226538, -0.0619364, , , , , , , 16.6226538, -0.0102388, , , , , , , 16.6226538, -0.0015106, , , , , , , 16.6226538, 0.0622721, , , , , , , , , , , , , , , , , , , , , , , , , , , , 
16.6231731, -0.0594186, , , , , , , 16.6231731, -0.0102388, , , , , , , 16.6231731, 0.0015106, , , , , , , 16.6231731, 0.0552224, , , , , , , , , , , , , , , , , , , , , , , , , , , , 
16.6236923, -0.0485084, , , , , , , 16.6236923, -0.0102388, , , , , , , 16.6236923, 0.0015106, , , , , , , 16.6236923, 0.0448157, , , , , , , , , , , , , , , , , , , , , , , , , , , , 
16.6242115, -0.0370947, , , , , , , 16.6242115, -0.011078, , , , , , , 16.6242115, -0.0028534, , , , , , , 16.6242115, 0.0384375, , , , , , , , , , , , , , , , , , , , , , , , , , , , 
16.6247308, -0.0276951, , , , , , , 16.6247308, -0.0115816, , , , , , , 16.6247308, -0.0052033, , , , , , , 16.6247308, 0.0337377, , , , , , , , , , , , , , , , , , , , , , , , , , , , 
16.62525, -0.0166171, , , , , , , 16.62525, -0.0114137, , , , , , , 16.62525, -0.0052033, , , , , , , 16.62525, 0.0273594, , , , , , , , , , , , , , , , , , , , , , , , , , , , 
16.6257692, -0.0041962, , , , , , , 16.6257692, -0.0099031, , , , , , , 16.6257692, -0.0041962, , , , , , , 16.6257692, 0.0219883, , , , , , , , , , , , , , , , , , , , , , , , , , , , 
16.6262885, 0.0045319, , , , , , , 16.6262885, -0.0083925, , , , , , , 16.6262885, -0.0015106, , , , , , , 16.6262885, 0.0179599, , , , , , , , , , , , , , , , , , , , , , , , , , , , 
16.6268077, 0.0031891, , , , , , , 16.6268077, -0.0078889, , , , , , , 16.6268077, -0.0001678, , , , , , , 16.6268077, 0.0135958, , , , , , , , , , , , , , , , , , , , , , , , , , , , 
16.6273269, 0.0031891, , , , , , , 16.6273269, -0.0095674, , , , , , , 16.6273269, -0.0035248, , , , , , , 16.6273269, 0.0112459, , , , , , , , , , , , , , , , , , , , , , , , , , , , 
16.6278462, 0.0099031, , , , , , , 16.6278462, -0.0105745, , , , , , , 16.6278462, -0.005539, , , , , , , 16.6278462, 0.0099031, , , , , , , , , , , , , , , , , , , , , , , , , , , , 
16.6283654, 0.0139315, , , , , , , 16.6283654, -0.0102388, , , , , , , 16.6283654, -0.0041962, , , , , , , 16.6283654, 0.0095674, , , , , , , , , , , , , , , , , , , , , , , , , , , , 
16.6288846, 0.0125887, , , , , , , 16.6288846, -0.0085603, , , , , , , 16.6288846, -0.0035248, , , , , , , 16.6288846, 0.0099031, , , , , , , , , , , , , , , , , , , , , , , , , , , , 
16.6294038, 0.0159457, , , , , , , 16.6294038, -0.0085603, , , , , , , 16.6294038, -0.0045319, , , , , , , 16.6294038, 0.0078889, , , , , , , , , , , , , , , , , , , , , , , , , , , , 
16.6299231, 0.0263523, , , , , , , 16.6299231, -0.0087282, , , , , , , 16.6299231, -0.0062104, , , , , , , 16.6299231, 0.0057069, , , , , , , , , , , , , , , , , , , , , , , , , , , , 
16.6304423, 0.0317235, , , , , , , 16.6304423, -0.008896, , , , , , , 16.6304423, -0.0063783, , , , , , , 16.6304423, 0.0068818, , , , , , , , , , , , , , , , , , , , , , , , , , , , 
16.6309615, 0.0307164, , , , , , , 16.6309615, -0.0102388, , , , , , , 16.6309615, -0.0058747, , , , , , , 16.6309615, 0.0072175, , , , , , , , , , , , , , , , , , , , , , , , , , , , 
16.6314808, 0.0310521, , , , , , , 16.6314808, -0.0115816, , , , , , , 16.6314808, -0.0060426, , , , , , , 16.6314808, 0.0058747, , , , , , , , , , , , , , , , , , , , , , , , , , , , 
16.632, 0.0411231, , , , , , , 16.632, -0.0117494, , , , , , , 16.632, -0.006714, , , , , , , 16.632, 0.0052033, , , , , , , , , , , , , , , , , , , , , , , , , , , , 
16.6325192, 0.0542153, , , , , , , 16.6325192, -0.0095674, , , , , , , 16.6325192, -0.0082246, , , , , , , 16.6325192, 0.0045319, , , , , , , , , , , , , , , , , , , , , , , , , , , , 
16.6330385, 0.0622721, , , , , , , 16.6330385, -0.0065461, , , , , , , 16.6330385, -0.0075532, , , , , , , 16.6330385, -0.002182, , , , , , , , , , , , , , , , , , , , , , , , , , , , 
16.6335577, 0.0656291, , , , , , , 16.6335577, -0.0082246, , , , , , , 16.6335577, -0.0072175, , , , , , , 16.6335577, -0.0151064, , , , , , , , , , , , , , , , , , , , , , , , , , , , 
16.6340769, 0.0693217, , , , , , , 16.6340769, -0.0102388, , , , , , , 16.6340769, -0.0077211, , , , , , , 16.6340769, -0.0251774, , , , , , , , , , , , , , , , , , , , , , , , , , , , 
16.6345962, 0.0743572, , , , , , , 16.6345962, -0.0099031, , , , , , , 16.6345962, -0.0099031, , , , , , , 16.6345962, -0.0290379, , , , , , , , , , , , , , , , , , , , , , , , , , , , 
16.6351154, 0.0770428, , , , , , , 16.6351154, -0.0090639, , , , , , , 16.6351154, -0.0099031, , , , , , , 16.6351154, -0.0323949, , , , , , , , , , , , , , , , , , , , , , , , , , , , 
16.6356346, 0.0760357, , , , , , , 16.6356346, -0.0082246, , , , , , , 16.6356346, -0.0082246, , , , , , , 16.6356346, -0.0337377, , , , , , , , , , , , , , , , , , , , , , , , , , , , 
16.6361538, 0.0693217, , , , , , , 16.6361538, -0.0062104, , , , , , , 16.6361538, -0.0068818, , , , , , , 16.6361538, -0.0310521, , , , , , , , , , , , , , , , , , , , , , , , , , , , 
16.6366731, 0.0548867, , , , , , , 16.6366731, -0.0036927, , , , , , , 16.6366731, -0.0068818, , , , , , , 16.6366731, -0.0243381, , , , , , , , , , , , , , , , , , , , , , , , , , , , 
16.6371923, 0.0438087, , , , , , , 16.6371923, -0.0031891, , , , , , , 16.6371923, -0.008896, , , , , , , 16.6371923, -0.0166171, , , , , , , , , , , , , , , , , , , , , , , , , , , , 
16.6377115, 0.0374304, , , , , , , 16.6377115, -0.0048676, , , , , , , 16.6377115, -0.0115816, , , , , , , 16.6377115, -0.0097353, , , , , , , , , , , , , , , , , , , , , , , , , , , , 
16.6382308, 0.0285344, , , , , , , 16.6382308, -0.005539, , , , , , , 16.6382308, -0.0104067, , , , , , , 16.6382308, -0.0028534, , , , , , , , , , , , , , , , , , , , , , , , , , , , 
16.63875, 0.0169528, , , , , , , 16.63875, -0.0043641, , , , , , , 16.63875, -0.0082246, , , , , , , 16.63875, 0.0072175, , , , , , , , , , , , , , , , , , , , , , , , , , , , 
16.6392692, 0.0065461, , , , , , , 16.6392692, -0.0028534, , , , , , , 16.6392692, -0.0065461, , , , , , , 16.6392692, 0.0193027, , , , , , , , , , , , , , , , , , , , , , , , , , , , 
16.6397885, -0.0011749, , , , , , , 16.6397885, -0.0005035, , , , , , , 16.6397885, -0.0082246, , , , , , , 16.6397885, 0.0313878, , , , , , , , , , , , , , , , , , , , , , , , , , , , 
16.6403077, -0.0176242, , , , , , , 16.6403077, 0.0035248, , , , , , , 16.6403077, -0.0095674, , , , , , , 16.6403077, 0.0387732, , , , , , , , , , , , , , , , , , , , , , , , , , , , 
16.6408269, -0.0360876, , , , , , , 16.6408269, 0.003357, , , , , , , 16.6408269, -0.0095674, , , , , , , 16.6408269, 0.0448157, , , , , , , , , , , , , , , , , , , , , , , , , , , , 
16.6413462, -0.0491798, , , , , , , 16.6413462, -0.0011749, , , , , , , 16.6413462, -0.0085603, , , , , , , 16.6413462, 0.0501869, , , , , , , , , , , , , , , , , , , , , , , , , , , , 
16.6418654, -0.0565652, , , , , , , 16.6418654, -0.0078889, , , , , , , 16.6418654, -0.0082246, , , , , , , 16.6418654, 0.0528725, , , , , , , , , , , , , , , , , , , , , , , , , , , , 
16.6423846, -0.0624399, , , , , , , 16.6423846, -0.012253, , , , , , , 16.6423846, -0.0085603, , , , , , , 16.6423846, 0.0555581, , , , , , , , , , , , , , , , , , , , , , , , , , , , 
16.6429038, -0.064622, , , , , , , 16.6429038, -0.0135958, , , , , , , 16.6429038, -0.008896, , , , , , , 16.6429038, 0.0535439, , , , , , , , , , , , , , , , , , , , , , , , , , , , 
16.6434231, -0.0560616, , , , , , , 16.6434231, -0.0142672, , , , , , , 16.6434231, -0.0068818, , , , , , , 16.6434231, 0.0495155, , , , , , , , , , , , , , , , , , , , , , , , , , , , 
16.6439423, -0.0391089, , , , , , , 16.6439423, -0.0151064, , , , , , , 16.6439423, -0.0048676, , , , , , , 16.6439423, 0.0428016, , , , , , , , , , , , , , , , , , , , , , , , , , , , 
16.6444615, -0.0250095, , , , , , , 16.6444615, -0.0139315, , , , , , , 16.6444615, -0.005539, , , , , , , 16.6444615, 0.0364233, , , , , , , , , , , , , , , , , , , , , , , , , , , , 
16.6449808, -0.0213169, , , , , , , 16.6449808, -0.012253, , , , , , , 16.6449808, -0.0068818, , , , , , , 16.6449808, 0.030045, , , , , , , , , , , , , , , , , , , , , , , , , , , , 
16.6455, -0.0193027, , , , , , , 16.6455, -0.0085603, , , , , , , 16.6455, -0.0078889, , , , , , , 16.6455, 0.0240024, , , , , , , , , , , , , , , , , , , , , , , , , , , , 
16.6460192, -0.0115816, , , , , , , 16.6460192, -0.0062104, , , , , , , 16.6460192, -0.0095674, , , , , , , 16.6460192, 0.0213169, , , , , , , , , , , , , , , , , , , , , , , , , , , , 
16.6465385, -0.0058747, , , , , , , 16.6465385, -0.0060426, , , , , , , 16.6465385, -0.0115816, , , , , , , 16.6465385, 0.0159457, , , , , , , , , , , , , , , , , , , , , , , , , , , , 
16.6470577, -0.0010071, , , , , , , 16.6470577, -0.0075532, , , , , , , 16.6470577, -0.012253, , , , , , , 16.6470577, 0.0115816, , , , , , , , , , , , , , , , , , , , , , , , , , , , 
16.6475769, 0.0072175, , , , , , , 16.6475769, -0.008896, , , , , , , 16.6475769, -0.0112459, , , , , , , 16.6475769, 0.008896, , , , , , , , , , , , , , , , , , , , , , , , , , , , 
16.6480962, 0.0132601, , , , , , , 16.6480962, -0.008896, , , , , , , 16.6480962, -0.0104067, , , , , , , 16.6480962, 0.0078889, , , , , , , , , , , , , , , , , , , , , , , , , , , , 
16.6486154, 0.0149386, , , , , , , 16.6486154, -0.0083925, , , , , , , 16.6486154, -0.0105745, , , , , , , 16.6486154, 0.0052033, , , , , , , , , , , , , , , , , , , , , , , , , , , , 
16.6491346, 0.0171206, , , , , , , 16.6491346, -0.0082246, , , , , , , 16.6491346, -0.0112459, , , , , , , 16.6491346, 0.0015106, , , , , , , , , , , , , , , , , , , , , , , , , , , , 
16.6496538, 0.0199741, , , , , , , 16.6496538, -0.0095674, , , , , , , 16.6496538, -0.0115816, , , , , , , 16.6496538, -0.0016785, , , , , , , , , , , , , , , , , , , , , , , , , , , , 
16.6501731, 0.0198062, , , , , , , 16.6501731, -0.0095674, , , , , , , 16.6501731, -0.0115816, , , , , , , 16.6501731, -0.0025177, , , , , , , , , , , , , , , , , , , , , , , , , , , , 
16.6506923, 0.0250095, , , , , , , 16.6506923, -0.0095674, , , , , , , 16.6506923, -0.0102388, , , , , , , 16.6506923, -0.0020142, , , , , , , , , , , , , , , , , , , , , , , , , , , , 
16.6512115, 0.0370947, , , , , , , 16.6512115, -0.0075532, , , , , , , 16.6512115, -0.0085603, , , , , , , 16.6512115, -0.0015106, , , , , , , , , , , , , , , , , , , , , , , , , , , , 
16.6517308, 0.0471656, , , , , , , 16.6517308, -0.0045319, , , , , , , 16.6517308, -0.0072175, , , , , , , 16.6517308, -0.0008392, , , , , , , , , , , , , , , , , , , , , , , , , , , , 
16.65225, 0.0501869, , , , , , , 16.65225, -0.0035248, , , , , , , 16.65225, -0.0070497, , , , , , , 16.65225, -0.0003357, , , , , , , , , , , , , , , , , , , , , , , , , , , , 
16.6527692, 0.047837, , , , , , , 16.6527692, -0.0041962, , , , , , , 16.6527692, -0.0090639, , , , , , , 16.6527692, -0.0038605, , , , , , , , , , , , , , , , , , , , , , , , , , , , 
16.6532885, 0.0535439, , , , , , , 16.6532885, -0.0050355, , , , , , , 16.6532885, -0.0124208, , , , , , , 16.6532885, -0.0115816, , , , , , , , , , , , , , , , , , , , , , , , , , , , 
16.6538077, 0.0626078, , , , , , , 16.6538077, -0.0062104, , , , , , , 16.6538077, -0.0146029, , , , , , , 16.6538077, -0.0196384, , , , , , , , , , , , , , , , , , , , , , , , , , , , 
16.6543269, 0.0710002, , , , , , , 16.6543269, -0.0062104, , , , , , , 16.6543269, -0.0142672, , , , , , , 16.6543269, -0.0219883, , , , , , , , , , , , , , , , , , , , , , , , , , , , 
16.6548462, 0.0783856, , , , , , , 16.6548462, -0.0062104, , , , , , , 16.6548462, -0.0125887, , , , , , , 16.6548462, -0.0243381, , , , , , , , , , , , , , , , , , , , , , , , , , , , 
16.6553654, 0.0803998, , , , , , , 16.6553654, -0.0065461, , , , , , , 16.6553654, -0.0119173, , , , , , , 16.6553654, -0.027863, , , , , , , , , , , , , , , , , , , , , , , , , , , , 
16.6558846, 0.0763714, , , , , , , 16.6558846, -0.0068818, , , , , , , 16.6558846, -0.0135958, , , , , , , 16.6558846, -0.0280308, , , , , , , , , , , , , , , , , , , , , , , , , , , , 
16.6564038, 0.068986, , , , , , , 16.6564038, -0.0068818, , , , , , , 16.6564038, -0.01561, , , , , , , 16.6564038, -0.0231632, , , , , , , , , , , , , , , , , , , , , , , , , , , , 
16.6569231, 0.0533761, , , , , , , 16.6569231, -0.0060426, , , , , , , 16.6569231, -0.0162814, , , , , , , 16.6569231, -0.012253, , , , , , , , , , , , , , , , , , , , , , , , , , , , 
16.6574423, 0.0327306, , , , , , , 16.6574423, -0.0045319, , , , , , , 16.6574423, -0.0135958, , , , , , , 16.6574423, -0.0001678, , , , , , , , , , , , , , , , , , , , , , , , , , , , 
16.6579615, 0.0186313, , , , , , , 16.6579615, -0.0045319, , , , , , , 16.6579615, -0.0102388, , , , , , , 16.6579615, 0.0058747, , , , , , , , , , , , , , , , , , , , , , , , , , , , 
16.6584808, 0.0132601, , , , , , , 16.6584808, -0.0050355, , , , , , , 16.6584808, -0.0083925, , , , , , , 16.6584808, 0.008896, , , , , , , , , , , , , , , , , , , , , , , , , , , , 
16.659, 0.0109102, , , , , , , 16.659, -0.0065461, , , , , , , 16.659, -0.006714, , , , , , , 16.659, 0.0142672, , , , , , , , , , , , , , , , , , , , , , , , , , , , 
16.6595192, 0.0011749, , , , , , , 16.6595192, -0.0082246, , , , , , , 16.6595192, -0.0082246, , , , , , , 16.6595192, 0.021149, , , , , , , , , , , , , , , , , , , , , , , , , , , , 
16.6600385, -0.0099031, , , , , , , 16.6600385, -0.0095674, , , , , , , 16.6600385, -0.0092317, , , , , , , 16.6600385, 0.0273594, , , , , , , , , , , , , , , , , , , , , , , , , , , , 
16.6605577, -0.0172885, , , , , , , 16.6605577, -0.0085603, , , , , , , 16.6605577, -0.008896, , , , , , , 16.6605577, 0.0350805, , , , , , , , , , , , , , , , , , , , , , , , , , , , 
16.6610769, -0.0276951, , , , , , , 16.6610769, -0.0085603, , , , , , , 16.6610769, -0.0082246, , , , , , , 16.6610769, 0.0446479, , , , , , , , , , , , , , , , , , , , , , , , , , , , 
16.6615962, -0.0404517, , , , , , , 16.6615962, -0.0105745, , , , , , , 16.6615962, -0.0062104, , , , , , , 16.6615962, 0.0548867, , , , , , , , , , , , , , , , , , , , , , , , , , , , 
16.6621154, -0.0481727, , , , , , , 16.6621154, -0.0104067, , , , , , , 16.6621154, -0.005539, , , , , , , 16.6621154, 0.0622721, , , , , , , , , , , , , , , , , , , , , , , , , , , , 
16.6626346, -0.0518654, , , , , , , 16.6626346, -0.0102388, , , , , , , 16.6626346, -0.0052033, , , , , , , 16.6626346, 0.0636149, , , , , , , , , , , , , , , , , , , , , , , , , , , , 
16.6631538, -0.0558938, , , , , , , 16.6631538, -0.0105745, , , , , , , 16.6631538, -0.0041962, , , , , , , 16.6631538, 0.0587472, , , , , , , , , , , , , , , , , , , , , , , , , , , , 
16.6636731, -0.0548867, , , , , , , 16.6636731, -0.0085603, , , , , , , 16.6636731, -0.0041962, , , , , , , 16.6636731, 0.0485084, , , , , , , , , , , , , , , , , , , , , , , , , , , , 
16.6641923, -0.0498512, , , , , , , 16.6641923, -0.0092317, , , , , , , 16.6641923, -0.0045319, , , , , , , 16.6641923, 0.0381018, , , , , , , , , , , , , , , , , , , , , , , , , , , , 
16.6647115, -0.0421302, , , , , , , 16.6647115, -0.0125887, , , , , , , 16.6647115, -0.0043641, , , , , , , 16.6647115, 0.0327306, , , , , , , , , , , , , , , , , , , , , , , , , , , , 
16.6652308, -0.0313878, , , , , , , 16.6652308, -0.012253, , , , , , , 16.6652308, -0.0038605, , , , , , , 16.6652308, 0.026688, , , , , , , , , , , , , , , , , , , , , , , , , , , , 
16.66575, -0.0209812, , , , , , , 16.66575, 0.0016785, , , , , , , 16.66575, -0.0038605, , , , , , , 16.66575, 0.0206455, , , , , , , , , , , , , , , , , , , , , , , , , , , , 
16.6662692, -0.0119173, , , , , , , 16.6662692, 0.0226596, , , , , , , 16.6662692, -0.0041962, , , , , , , 16.6662692, 0.0164492, , , , , , , , , , , , , , , , , , , , , , , , , , , , 
16.6667885, -0.0062104, , , , , , , 16.6667885, 0.0330663, , , , , , , 16.6667885, -0.0052033, , , , , , , 16.6667885, 0.0125887, , , , , , , , , , , , , , , , , , , , , , , , , , , , 
16.6673077, -0.0092317, , , , , , , 16.6673077, 0.0280308, , , , , , , 16.6673077, -0.0058747, , , , , , , 16.6673077, 0.011078, , , , , , , , , , , , , , , , , , , , , , , , , , , , 
16.6678269, -0.0078889, , , , , , , 16.6678269, 0.0119173, , , , , , , 16.6678269, -0.0065461, , , , , , , 16.6678269, 0.0072175, , , , , , , , , , , , , , , , , , , , , , , , , , , , 
16.6683462, -0.0015106, , , , , , , 16.6683462, -0.0075532, , , , , , , 16.6683462, -0.0075532, , , , , , , 16.6683462, 0.0031891, , , , , , , , , , , , , , , , , , , , , , , , , , , , 
16.6688654, 0.0052033, , , , , , , 16.6688654, -0.0260166, , , , , , , 16.6688654, -0.0092317, , , , , , , 16.6688654, 0.0011749, , , , , , , , , , , , , , , , , , , , , , , , , , , , 
16.6693846, 0.0065461, , , , , , , 16.6693846, -0.0397803, , , , , , , 16.6693846, -0.0105745, , , , , , , 16.6693846, 0.0031891, , , , , , , , , , , , , , , , , , , , , , , , , , , , 
16.6699038, 0.0075532, , , , , , , 16.6699038, -0.0485084, , , , , , , 16.6699038, -0.0115816, , , , , , , 16.6699038, 0.0025177, , , , , , , , , , , , , , , , , , , , , , , , , , , , 
16.6704231, 0.0099031, , , , , , , 16.6704231, -0.0518654, , , , , , , 16.6704231, -0.0105745, , , , , , , 16.6704231, -0.0001678, , , , , , , , , , , , , , , , , , , , , , , , , , , , 
16.6709423, 0.0129244, , , , , , , 16.6709423, -0.0381018, , , , , , , 16.6709423, -0.008896, , , , , , , 16.6709423, -0.0008392, , , , , , , , , , , , , , , , , , , , , , , , , , , , 
16.6714615, 0.0182956, , , , , , , 16.6714615, -0.0130922, , , , , , , 16.6714615, -0.0065461, , , , , , , 16.6714615, -0.0005035, , , , , , , , , , , , , , , , , , , , , , , , , , , , 
16.6719808, 0.0231632, , , , , , , 16.6719808, 0.0035248, , , , , , , 16.6719808, -0.005539, , , , , , , 16.6719808, 0.0005035, , , , , , , , , , , , , , , , , , , , , , , , , , , , 
16.6725, 0.0280308, , , , , , , 16.6725, 0.0072175, , , , , , , 16.6725, -0.0075532, , , , , , , 16.6725, -0.0010071, , , , , , , , , , , , , , , , , , , , , , , , , , , , 
16.6730192, 0.0424659, , , , , , , 16.6730192, 0.0031891, , , , , , , 16.6730192, -0.0085603, , , , , , , 16.6730192, -0.0095674, , , , , , , , , , , , , , , , , , , , , , , , , , , , 
16.6735385, 0.0683146, , , , , , , 16.6735385, -0.0048676, , , , , , , 16.6735385, -0.0087282, , , , , , , 16.6735385, -0.0216526, , , , , , , , , , , , , , , , , , , , , , , , , , , , 
16.6740577, 0.0914778, , , , , , , 16.6740577, -0.0142672, , , , , , , 16.6740577, -0.0078889, , , , , , , 16.6740577, -0.0303807, , , , , , , , , , , , , , , , , , , , , , , , , , , , 
16.6745769, 0.1022202, , , , , , , 16.6745769, -0.0213169, , , , , , , 16.6745769, -0.0068818, , , , , , , 16.6745769, -0.0337377, , , , , , , , , , , , , , , , , , , , , , , , , , , , 
16.6750962, 0.1018845, , , , , , , 16.6750962, -0.0256809, , , , , , , 16.6750962, -0.0075532, , , , , , , 16.6750962, -0.0323949, , , , , , , , , , , , , , , , , , , , , , , , , , , , 
16.6756154, 0.1005417, , , , , , , 16.6756154, -0.0290379, , , , , , , 16.6756154, -0.0090639, , , , , , , 16.6756154, -0.0293736, , , , , , , , , , , , , , , , , , , , , , , , , , , , 
16.6761346, 0.0988632, , , , , , , 16.6761346, -0.0295415, , , , , , , 16.6761346, -0.0109102, , , , , , , 16.6761346, -0.0251774, , , , , , , , , , , , , , , , , , , , , , , , , , , , 
16.6766538, 0.0889601, , , , , , , 16.6766538, -0.0216526, , , , , , , 16.6766538, -0.012253, , , , , , , 16.6766538, -0.0193027, , , , , , , , , , , , , , , , , , , , , , , , , , , , 
16.6771731, 0.0716716, , , , , , , 16.6771731, -0.0105745, , , , , , , 16.6771731, -0.0115816, , , , , , , 16.6771731, -0.0095674, , , , , , , , , , , , , , , , , , , , , , , , , , , , 
16.6776923, 0.0575723, , , , , , , 16.6776923, -0.0011749, , , , , , , 16.6776923, -0.008896, , , , , , , 16.6776923, 0.0015106, , , , , , , , , , , , , , , , , , , , , , , , , , , , 
16.6782115, 0.0461585, , , , , , , 16.6782115, 0.0011749, , , , , , , 16.6782115, -0.0065461, , , , , , , 16.6782115, 0.0090639, , , , , , , , , , , , , , , , , , , , , , , , , , , , 
16.6787308, 0.0317235, , , , , , , 16.6787308, -0.0015106, , , , , , , 16.6787308, -0.005539, , , , , , , 16.6787308, 0.0146029, , , , , , , , , , , , , , , , , , , , , , , , , , , , 
16.67925, 0.0159457, , , , , , , 16.67925, -0.0028534, , , , , , , 16.67925, -0.0045319, , , , , , , 16.67925, 0.023331, , , , , , , , , , , , , , , , , , , , , , , , , , , , 
16.6797692, 0.0025177, , , , , , , 16.6797692, -0.0028534, , , , , , , 16.6797692, -0.0031891, , , , , , , 16.6797692, 0.0379339, , , , , , , , , , , , , , , , , , , , , , , , , , , , 
16.6802885, -0.0104067, , , , , , , 16.6802885, -0.0018463, , , , , , , 16.6802885, -0.0011749, , , , , , , 16.6802885, 0.0515297, , , , , , , , , , , , , , , , , , , , , , , , , , , , 
16.6808077, -0.0271916, , , , , , , 16.6808077, -0.0015106, , , , , , , 16.6808077, 0.0008392, , , , , , , 16.6808077, 0.0602579, , , , , , , , , , , , , , , , , , , , , , , , , , , , 
16.6813269, -0.04448, , , , , , , 16.6813269, -0.0018463, , , , , , , 16.6813269, 0.0005035, , , , , , , 16.6813269, 0.0656291, , , , , , , , , , , , , , , , , , , , , , , , , , , , 
16.6818462, -0.0535439, , , , , , , 16.6818462, -0.002182, , , , , , , 16.6818462, -0.0001678, , , , , , , 16.6818462, 0.0696574, , , , , , , , , , , , , , , , , , , , , , , , , , , , 
16.6823654, -0.0562295, , , , , , , 16.6823654, -0.0028534, , , , , , , 16.6823654, 0.0015106, , , , , , , 16.6823654, 0.0683146, , , , , , , , , , , , , , , , , , , , , , , , , , , , 
16.6828846, -0.057908, , , , , , , 16.6828846, -0.0050355, , , , , , , 16.6828846, 0.0025177, , , , , , , 16.6828846, 0.0619364, , , , , , , , , , , , , , , , , , , , , , , , , , , , 
16.6834038, -0.0565652, , , , , , , 16.6834038, -0.0068818, , , , , , , 16.6834038, 0.0018463, , , , , , , 16.6834038, 0.051194, , , , , , , , , , , , , , , , , , , , , , , , , , , , 
16.6839231, -0.04448, , , , , , , 16.6839231, -0.0048676, , , , , , , 16.6839231, -0.0018463, , , , , , , 16.6839231, 0.0411231, , , , , , , , , , , , , , , , , , , , , , , , , , , , 
16.6844423, -0.0327306, , , , , , , 16.6844423, -0.002182, , , , , , , 16.6844423, -0.0065461, , , , , , , 16.6844423, 0.0339055, , , , , , , , , , , , , , , , , , , , , , , , , , , , 
16.6849615, -0.0250095, , , , , , , 16.6849615, -0.0035248, , , , , , , 16.6849615, -0.0062104, , , , , , , 16.6849615, 0.0297093, , , , , , , , , , , , , , , , , , , , , , , , , , , , 
16.6854808, -0.0198062, , , , , , , 16.6854808, -0.0045319, , , , , , , 16.6854808, -0.0062104, , , , , , , 16.6854808, 0.0256809, , , , , , , , , , , , , , , , , , , , , , , , , , , , 
16.686, -0.0135958, , , , , , , 16.686, -0.0035248, , , , , , , 16.686, -0.0092317, , , , , , , 16.686, 0.0196384, , , , , , , , , , , , , , , , , , , , , , , , , , , , 
16.6865192, -0.0043641, , , , , , , 16.6865192, -0.0018463, , , , , , , 16.6865192, -0.008896, , , , , , , 16.6865192, 0.0149386, , , , , , , , , , , , , , , , , , , , , , , , , , , , 
16.6870385, 0.0035248, , , , , , , 16.6870385, -0.0015106, , , , , , , 16.6870385, -0.0063783, , , , , , , 16.6870385, 0.0132601, , , , , , , , , , , , , , , , , , , , , , , , , , , , 
16.6875577, 0.0038605, , , , , , , 16.6875577, -0.002182, , , , , , , 16.6875577, -0.0048676, , , , , , , 16.6875577, 0.0132601, , , , , , , , , , , , , , , , , , , , , , , , , , , , 
16.6880769, 0.0045319, , , , , , , 16.6880769, -0.0028534, , , , , , , 16.6880769, -0.0068818, , , , , , , 16.6880769, 0.0099031, , , , , , , , , , , , , , , , , , , , , , , , , , , , 
16.6885962, 0.0075532, , , , , , , 16.6885962, -0.0036927, , , , , , , 16.6885962, -0.0099031, , , , , , , 16.6885962, 0.0078889, , , , , , , , , , , , , , , , , , , , , , , , , , , , 
16.6891154, 0.0092317, , , , , , , 16.6891154, -0.0038605, , , , , , , 16.6891154, -0.0115816, , , , , , , 16.6891154, 0.0072175, , , , , , , , , , , , , , , , , , , , , , , , , , , , 
16.6896346, 0.0102388, , , , , , , 16.6896346, -0.0028534, , , , , , , 16.6896346, -0.0124208, , , , , , , 16.6896346, 0.0063783, , , , , , , , , , , , , , , , , , , , , , , , , , , , 
16.6901538, 0.0095674, , , , , , , 16.6901538, -0.0015106, , , , , , , 16.6901538, -0.0135958, , , , , , , 16.6901538, 0.0058747, , , , , , , , , , , , , , , , , , , , , , , , , , , , 
16.6906731, 0.0078889, , , , , , , 16.6906731, -0.0013428, , , , , , , 16.6906731, -0.0135958, , , , , , , 16.6906731, 0.0058747, , , , , , , , , , , , , , , , , , , , , , , , , , , , 
16.6911923, 0.0050355, , , , , , , 16.6911923, -0.0008392, , , , , , , 16.6911923, -0.0129244, , , , , , , 16.6911923, 0.0058747, , , , , , , , , , , , , , , , , , , , , , , , , , , , 
16.6917115, 0.0045319, , , , , , , 16.6917115, -0.0001678, , , , , , , 16.6917115, -0.0135958, , , , , , , 16.6917115, 0.0062104, , , , , , , , , , , , , , , , , , , , , , , , , , , , 
16.6922308, 0.0025177, , , , , , , 16.6922308, 0.0010071, , , , , , , 16.6922308, -0.0137636, , , , , , , 16.6922308, 0.0078889, , , , , , , , , , , , , , , , , , , , , , , , , , , , 
16.69275, 0.0031891, , , , , , , 16.69275, 0.0008392, , , , , , , 16.69275, -0.0119173, , , , , , , 16.69275, 0.0041962, , , , , , , , , , , , , , , , , , , , , , , , , , , , 
16.6932692, 0.0162814, , , , , , , 16.6932692, -0.0018463, , , , , , , 16.6932692, -0.0105745, , , , , , , 16.6932692, -0.0075532, , , , , , , , , , , , , , , , , , , , , , , , , , , , 
16.6937885, 0.0340734, , , , , , , 16.6937885, -0.005539, , , , , , , 16.6937885, -0.0109102, , , , , , , 16.6937885, -0.0191348, , , , , , , , , , , , , , , , , , , , , , , , , , , , 
16.6943077, 0.0428016, , , , , , , 16.6943077, -0.0072175, , , , , , , 16.6943077, -0.0130922, , , , , , , 16.6943077, -0.0246738, , , , , , , , , , , , , , , , , , , , , , , , , , , , 
16.6948269, 0.0468299, , , , , , , 16.6948269, -0.0105745, , , , , , , 16.6948269, -0.0152743, , , , , , , 16.6948269, -0.0256809, , , , , , , , , , , , , , , , , , , , , , , , , , , , 
16.6953462, 0.0500191, , , , , , , 16.6953462, -0.0132601, , , , , , , 16.6953462, -0.0146029, , , , , , , 16.6953462, -0.0256809, , , , , , , , , , , , , , , , , , , , , , , , , , , , 
16.6958654, 0.0488441, , , , , , , 16.6958654, -0.0109102, , , , , , , 16.6958654, -0.0124208, , , , , , , 16.6958654, -0.0250095, , , , , , , , , , , , , , , , , , , , , , , , , , , , 
16.6963846, 0.0428016, , , , , , , 16.6963846, -0.0085603, , , , , , , 16.6963846, -0.0115816, , , , , , , 16.6963846, -0.0219883, , , , , , , , , , , , , , , , , , , , , , , , , , , , 
16.6969038, 0.0354162, , , , , , , 16.6969038, -0.0095674, , , , , , , 16.6969038, -0.0112459, , , , , , , 16.6969038, -0.01561, , , , , , , , , , , , , , , , , , , , , , , , , , , , 
16.6974231, 0.0276951, , , , , , , 16.6974231, -0.012253, , , , , , , 16.6974231, -0.0109102, , , , , , , 16.6974231, -0.0072175, , , , , , , , , , , , , , , , , , , , , , , , , , , , 
16.6979423, 0.0199741, , , , , , , 16.6979423, -0.0139315, , , , , , , 16.6979423, -0.0109102, , , , , , , 16.6979423, 0.0025177, , , , , , , , , , , , , , , , , , , , , , , , , , , , 
16.6984615, 0.01561, , , , , , , 16.6984615, -0.0119173, , , , , , , 16.6984615, -0.0077211, , , , , , , 16.6984615, 0.0112459, , , , , , , , , , , , , , , , , , , , , , , , , , , , 
16.6989808, 0.0092317, , , , , , , 16.6989808, -0.008896, , , , , , , 16.6989808, -0.0078889, , , , , , , 16.6989808, 0.0209812, , , , , , , , , , , , , , , , , , , , , , , , , , , , 
16.6995, -0.0008392, , , , , , , 16.6995, -0.0082246, , , , , , , 16.6995, -0.008896, , , , , , , 16.6995, 0.0340734, , , , , , , , , , , , , , , , , , , , , , , , , , , , 
16.7000192, -0.0142672, , , , , , , 16.7000192, -0.0092317, , , , , , , 16.7000192, -0.005539, , , , , , , 16.7000192, 0.0464942, , , , , , , , , , , , , , , , , , , , , , , , , , , , 
16.7005385, -0.0297093, , , , , , , 16.7005385, -0.0105745, , , , , , , 16.7005385, -0.002182, , , , , , , 16.7005385, 0.0572366, , , , , , , , , , , , , , , , , , , , , , , , , , , , 
16.7010577, -0.0426337, , , , , , , 16.7010577, -0.0112459, , , , , , , 16.7010577, -0.0001678, , , , , , , 16.7010577, 0.0639506, , , , , , , , , , , , , , , , , , , , , , , , , , , , 
16.7015769, -0.0508583, , , , , , , 16.7015769, -0.0109102, , , , , , , 16.7015769, 0.0011749, , , , , , , 16.7015769, 0.0663005, , , , , , , , , , , , , , , , , , , , , , , , , , , , 
16.7020962, -0.0572366, , , , , , , 16.7020962, -0.0095674, , , , , , , 16.7020962, 0.0011749, , , , , , , 16.7020962, 0.0694896, , , , , , , , , , , , , , , , , , , , , , , , , , , , 
16.7026154, -0.0575723, , , , , , , 16.7026154, -0.008896, , , , , , , 16.7026154, 0.0011749, , , , , , , 16.7026154, 0.0715038, , , , , , , , , , , , , , , , , , , , , , , , , , , , 
16.7031346, -0.0464942, , , , , , , 16.7031346, -0.0105745, , , , , , , 16.7031346, 0.0011749, , , , , , , 16.7031346, 0.0664683, , , , , , , , , , , , , , , , , , , , , , , , , , , , 
16.7036538, -0.0265202, , , , , , , 16.7036538, -0.012253, , , , , , , 16.7036538, -0.0008392, , , , , , , 16.7036538, 0.0542153, , , , , , , , , , , , , , , , , , , , , , , , , , , , 
16.7041731, -0.0075532, , , , , , , 16.7041731, -0.0129244, , , , , , , 16.7041731, -0.0041962, , , , , , , 16.7041731, 0.0454871, , , , , , , , , , , , , , , , , , , , , , , , , , , , 
16.7046923, 0.0028534, , , , , , , 16.7046923, -0.0129244, , , , , , , 16.7046923, -0.0045319, , , , , , , 16.7046923, 0.0428016, , , , , , , , , , , , , , , , , , , , , , , , , , , , 
16.7052115, 0.012253, , , , , , , 16.7052115, -0.0117494, , , , , , , 16.7052115, -0.0031891, , , , , , , 16.7052115, 0.0392767, , , , , , , , , , , , , , , , , , , , , , , , , , , , 
16.7057308, 0.0206455, , , , , , , 16.7057308, -0.0102388, , , , , , , 16.7057308, -0.0028534, , , , , , , 16.7057308, 0.0305486, , , , , , , , , , , , , , , , , , , , , , , , , , , , 
16.70625, 0.0276951, , , , , , , 16.70625, -0.0109102, , , , , , , 16.70625, -0.0031891, , , , , , , 16.70625, 0.0196384, , , , , , , , , , , , , , , , , , , , , , , , , , , , 
16.7067692, 0.0340734, , , , , , , 16.7067692, -0.0102388, , , , , , , 16.7067692, -0.0062104, , , , , , , 16.7067692, 0.0112459, , , , , , , , , , , , , , , , , , , , , , , , , , , , 
16.7072885, 0.0394446, , , , , , , 16.7072885, -0.0072175, , , , , , , 16.7072885, -0.0095674, , , , , , , 16.7072885, 0.0068818, , , , , , , , , , , , , , , , , , , , , , , , , , , , 
16.7078077, 0.0384375, , , , , , , 16.7078077, -0.0031891, , , , , , , 16.7078077, -0.0090639, , , , , , , 16.7078077, 0.0052033, , , , , , , , , , , , , , , , , , , , , , , , , , , , 
16.7083269, 0.0327306, , , , , , , 16.7083269, -0.0028534, , , , , , , 16.7083269, -0.0087282, , , , , , , 16.7083269, 0.0048676, , , , , , , , , , , , , , , , , , , , , , , , , , , , 
16.7088462, 0.0307164, , , , , , , 16.7088462, -0.0062104, , , , , , , 16.7088462, -0.0092317, , , , , , , 16.7088462, 0.0052033, , , , , , , , , , , , , , , , , , , , , , , , , , , , 
16.7093654, 0.0381018, , , , , , , 16.7093654, -0.0085603, , , , , , , 16.7093654, -0.0085603, , , , , , , 16.7093654, 0.0038605, , , , , , , , , , , , , , , , , , , , , , , , , , , , 
16.7098846, 0.0441444, , , , , , , 16.7098846, -0.0099031, , , , , , , 16.7098846, -0.0078889, , , , , , , 16.7098846, 0.0025177, , , , , , , , , , , , , , , , , , , , , , , , , , , , 
16.7104038, 0.0475013, , , , , , , 16.7104038, -0.0105745, , , , , , , 16.7104038, -0.008896, , , , , , , 16.7104038, 0.0015106, , , , , , , , , , , , , , , , , , , , , , , , , , , , 
16.7109231, 0.0495155, , , , , , , 16.7109231, -0.0109102, , , , , , , 16.7109231, -0.0095674, , , , , , , 16.7109231, -0.0008392, , , , , , , , , , , , , , , , , , , , , , , , , , , , 
16.7114423, 0.0498512, , , , , , , 16.7114423, -0.0095674, , , , , , , 16.7114423, -0.0068818, , , , , , , 16.7114423, -0.0031891, , , , , , , , , , , , , , , , , , , , , , , , , , , , 
16.7119615, 0.0495155, , , , , , , 16.7119615, -0.008896, , , , , , , 16.7119615, -0.0057069, , , , , , , 16.7119615, -0.0058747, , , , , , , , , , , , , , , , , , , , , , , , , , , , 
16.7124808, 0.0522011, , , , , , , 16.7124808, -0.0092317, , , , , , , 16.7124808, -0.0075532, , , , , , , 16.7124808, -0.0082246, , , , , , , , , , , , , , , , , , , , , , , , , , , , 
16.713, 0.0616007, , , , , , , 16.713, -0.0102388, , , , , , , 16.713, -0.0099031, , , , , , , 16.713, -0.0139315, , , , , , , , , , , , , , , , , , , , , , , , , , , , 
16.7135192, 0.082414, , , , , , , 16.7135192, -0.0102388, , , , , , , 16.7135192, -0.0115816, , , , , , , 16.7135192, -0.0246738, , , , , , , , , , , , , , , , , , , , , , , , , , , , 
16.7140385, 0.0975204, , , , , , , 16.7140385, -0.0085603, , , , , , , 16.7140385, -0.0109102, , , , , , , 16.7140385, -0.0323949, , , , , , , , , , , , , , , , , , , , , , , , , , , , 
16.7145577, 0.1025559, , , , , , , 16.7145577, -0.0065461, , , , , , , 16.7145577, -0.0102388, , , , , , , 16.7145577, -0.0350805, , , , , , , , , , , , , , , , , , , , , , , , , , , , 
16.7150769, 0.1059129, , , , , , , 16.7150769, -0.005539, , , , , , , 16.7150769, -0.0127565, , , , , , , 16.7150769, -0.0384375, , , , , , , , , , , , , , , , , , , , , , , , , , , , 
16.7155962, 0.1092699, , , , , , , 16.7155962, -0.0075532, , , , , , , 16.7155962, -0.0135958, , , , , , , 16.7155962, -0.0381018, , , , , , , , , , , , , , , , , , , , , , , , , , , , 
16.7161154, 0.1099413, , , , , , , 16.7161154, -0.0104067, , , , , , , 16.7161154, -0.0119173, , , , , , , 16.7161154, -0.0330663, , , , , , , , , , , , , , , , , , , , , , , , , , , , 
16.7166346, 0.1025559, , , , , , , 16.7166346, -0.0115816, , , , , , , 16.7166346, -0.0109102, , , , , , , 16.7166346, -0.0250095, , , , , , , , , , , , , , , , , , , , , , , , , , , , 
16.7171538, 0.0877852, , , , , , , 16.7171538, -0.0109102, , , , , , , 16.7171538, -0.0097353, , , , , , , 16.7171538, -0.01561, , , , , , , , , , , , , , , , , , , , , , , , , , , , 
16.7176731, 0.0693217, , , , , , , 16.7176731, -0.0102388, , , , , , , 16.7176731, -0.0082246, , , , , , , 16.7176731, -0.0045319, , , , , , , , , , , , , , , , , , , , , , , , , , , , 
16.7181923, 0.0535439, , , , , , , 16.7181923, -0.0102388, , , , , , , 16.7181923, -0.0092317, , , , , , , 16.7181923, 0.0048676, , , , , , , , , , , , , , , , , , , , , , , , , , , , 
16.7187115, 0.0412909, , , , , , , 16.7187115, -0.0112459, , , , , , , 16.7187115, -0.0090639, , , , , , , 16.7187115, 0.0119173, , , , , , , , , , , , , , , , , , , , , , , , , , , , 
16.7192308, 0.023331, , , , , , , 16.7192308, -0.0109102, , , , , , , 16.7192308, -0.0070497, , , , , , , 16.7192308, 0.0218204, , , , , , , , , , , , , , , , , , , , , , , , , , , , 
16.71975, 0.0035248, , , , , , , 16.71975, -0.0097353, , , , , , , 16.71975, -0.0041962, , , , , , , 16.71975, 0.0320592, , , , , , , , , , , , , , , , , , , , , , , , , , , , 
16.7202692, -0.0099031, , , , , , , 16.7202692, -0.0102388, , , , , , , 16.7202692, -0.0025177, , , , , , , 16.7202692, 0.040116, , , , , , , , , , , , , , , , , , , , , , , , , , , , 
16.7207885, -0.0219883, , , , , , , 16.7207885, -0.0104067, , , , , , , 16.7207885, -0.0015106, , , , , , , 16.7207885, 0.0481727, , , , , , , , , , , , , , , , , , , , , , , , , , , , 
16.7213077, -0.0391089, , , , , , , 16.7213077, -0.0082246, , , , , , , 16.7213077, -0.0018463, , , , , , , 16.7213077, 0.0557259, , , , , , , , , , , , , , , , , , , , , , , , , , , , 
16.7218269, -0.054551, , , , , , , 16.7218269, -0.0058747, , , , , , , 16.7218269, -0.0038605, , , , , , , 16.7218269, 0.0629435, , , , , , , , , , , , , , , , , , , , , , , , , , , , 
16.7223462, -0.0632792, , , , , , , 16.7223462, -0.0065461, , , , , , , 16.7223462, -0.0062104, , , , , , , 16.7223462, 0.0679789, , , , , , , , , , , , , , , , , , , , , , , , , , , , 
16.7228654, -0.0649577, , , , , , , 16.7228654, -0.0090639, , , , , , , 16.7228654, -0.0068818, , , , , , , 16.7228654, 0.0663005, , , , , , , , , , , , , , , , , , , , , , , , , , , , 
16.7233846, -0.0599222, , , , , , , 16.7233846, -0.0095674, , , , , , , 16.7233846, -0.0045319, , , , , , , 16.7233846, 0.054551, , , , , , , , , , , , , , , , , , , , , , , , , , , , 
16.7239038, -0.0488441, , , , , , , 16.7239038, -0.0092317, , , , , , , 16.7239038, -0.0028534, , , , , , , 16.7239038, 0.0421302, , , , , , , , , , , , , , , , , , , , , , , , , , , , 
16.7244231, -0.0377661, , , , , , , 16.7244231, -0.0095674, , , , , , , 16.7244231, -0.0041962, , , , , , , 16.7244231, 0.0310521, , , , , , , , , , , , , , , , , , , , , , , , , , , , 
16.7249423, -0.0263523, , , , , , , 16.7249423, -0.0095674, , , , , , , 16.7249423, -0.0050355, , , , , , , 16.7249423, 0.0250095, , , , , , , , , , , , , , , , , , , , , , , , , , , , 
16.7254615, -0.0203098, , , , , , , 16.7254615, -0.0102388, , , , , , , 16.7254615, -0.0046998, , , , , , , 16.7254615, 0.0203098, , , , , , , , , , , , , , , , , , , , , , , , , , , , 
16.7259808, -0.0206455, , , , , , , 16.7259808, -0.0095674, , , , , , , 16.7259808, -0.0043641, , , , , , , 16.7259808, 0.0127565, , , , , , , , , , , , , , , , , , , , , , , , , , , , 
16.7265, -0.0186313, , , , , , , 16.7265, -0.0083925, , , , , , , 16.7265, -0.0043641, , , , , , , 16.7265, 0.0078889, , , , , , , , , , , , , , , , , , , , , , , , , , , , 
16.7270192, -0.0129244, , , , , , , 16.7270192, -0.0092317, , , , , , , 16.7270192, -0.0038605, , , , , , , 16.7270192, 0.0062104, , , , , , , , , , , , , , , , , , , , , , , , , , , , 
16.7275385, -0.0095674, , , , , , , 16.7275385, -0.0104067, , , , , , , 16.7275385, -0.0058747, , , , , , , 16.7275385, 0.0048676, , , , , , , , , , , , , , , , , , , , , , , , , , , , 
16.7280577, -0.0075532, , , , , , , 16.7280577, -0.0082246, , , , , , , 16.7280577, -0.0085603, , , , , , , 16.7280577, 0.0035248, , , , , , , , , , , , , , , , , , , , , , , , , , , , 
16.7285769, -0.0028534, , , , , , , 16.7285769, -0.0038605, , , , , , , 16.7285769, -0.0099031, , , , , , , 16.7285769, 0.0018463, , , , , , , , , , , , , , , , , , , , , , , , , , , , 
16.7290962, 0.0015106, , , , , , , 16.7290962, -0.002182, , , , , , , 16.7290962, -0.0097353, , , , , , , 16.7290962, 0.0011749, , , , , , , , , , , , , , , , , , , , , , , , , , , , 
16.7296154, 0.0015106, , , , , , , 16.7296154, -0.0038605, , , , , , , 16.7296154, -0.0095674, , , , , , , 16.7296154, 0.0011749, , , , , , , , , , , , , , , , , , , , , , , , , , , , 
16.7301346, 0.0005035, , , , , , , 16.7301346, -0.0063783, , , , , , , 16.7301346, -0.0092317, , , , , , , 16.7301346, 0.0018463, , , , , , , , , , , , , , , , , , , , , , , , , , , , 
16.7306538, 0.0031891, , , , , , , 16.7306538, -0.008896, , , , , , , 16.7306538, -0.0087282, , , , , , , 16.7306538, 0.0028534, , , , , , , , , , , , , , , , , , , , , , , , , , , , 
16.7311731, 0.0046998, , , , , , , 16.7311731, -0.0085603, , , , , , , 16.7311731, -0.0075532, , , , , , , 16.7311731, 0.0018463, , , , , , , , , , , , , , , , , , , , , , , , , , , , 
16.7316923, 0.0025177, , , , , , , 16.7316923, -0.0072175, , , , , , , 16.7316923, -0.0083925, , , , , , , 16.7316923, 0.0008392, , , , , , , , , , , , , , , , , , , , , , , , , , , , 
16.7322115, 0.0030213, , , , , , , 16.7322115, -0.0058747, , , , , , , 16.7322115, -0.0104067, , , , , , , 16.7322115, 0.0001678, , , , , , , , , , , , , , , , , , , , , , , , , , , , 
16.7327308, 0.012253, , , , , , , 16.7327308, -0.0052033, , , , , , , 16.7327308, -0.0109102, , , , , , , 16.7327308, -0.0036927, , , , , , , , , , , , , , , , , , , , , , , , , , , , 
16.73325, 0.0273594, , , , , , , 16.73325, -0.0041962, , , , , , , 16.73325, -0.0090639, , , , , , , 16.73325, -0.0149386, , , , , , , , , , , , , , , , , , , , , , , , , , , , 
16.7337692, 0.0419623, , , , , , , 16.7337692, -0.0011749, , , , , , , 16.7337692, -0.0072175, , , , , , , 16.7337692, -0.0263523, , , , , , , , , , , , , , , , , , , , , , , , , , , , 
16.7342885, 0.0535439, , , , , , , 16.7342885, 0.0001678, , , , , , , 16.7342885, -0.008896, , , , , , , 16.7342885, -0.0330663, , , , , , , , , , , , , , , , , , , , , , , , , , , , 
16.7348077, 0.0639506, , , , , , , 16.7348077, -0.0025177, , , , , , , 16.7348077, -0.011078, , , , , , , 16.7348077, -0.036759, , , , , , , , , , , , , , , , , , , , , , , , , , , , 
16.7353269, 0.0733501, , , , , , , 16.7353269, -0.0050355, , , , , , , 16.7353269, -0.012253, , , , , , , 16.7353269, -0.0372625, , , , , , , , , , , , , , , , , , , , , , , , , , , , 
16.7358462, 0.0762036, , , , , , , 16.7358462, -0.0052033, , , , , , , 16.7358462, -0.0119173, , , , , , , 16.7358462, -0.0345769, , , , , , , , , , , , , , , , , , , , , , , , , , , , 
16.7363654, 0.0710002, , , , , , , 16.7363654, -0.0041962, , , , , , , 16.7363654, -0.0137636, , , , , , , 16.7363654, -0.0307164, , , , , , , , , , , , , , , , , , , , , , , , , , , , 
16.7368846, 0.0626078, , , , , , , 16.7368846, -0.0038605, , , , , , , 16.7368846, -0.0142672, , , , , , , 16.7368846, -0.023331, , , , , , , , , , , , , , , , , , , , , , , , , , , , 
16.7374038, 0.0505226, , , , , , , 16.7374038, -0.0058747, , , , , , , 16.7374038, -0.0124208, , , , , , , 16.7374038, -0.0152743, , , , , , , , , , , , , , , , , , , , , , , , , , , , 
16.7379231, 0.0374304, , , , , , , 16.7379231, -0.0075532, , , , , , , 16.7379231, -0.0109102, , , , , , , 16.7379231, -0.005539, , , , , , , , , , , , , , , , , , , , , , , , , , , , 
16.7384423, 0.030045, , , , , , , 16.7384423, -0.0072175, , , , , , , 16.7384423, -0.0095674, , , , , , , 16.7384423, 0.0035248, , , , , , , , , , , , , , , , , , , , , , , , , , , , 
16.7389615, 0.0223239, , , , , , , 16.7389615, -0.0075532, , , , , , , 16.7389615, -0.0092317, , , , , , , 16.7389615, 0.011078, , , , , , , , , , , , , , , , , , , , , , , , , , , , 
16.7394808, 0.0109102, , , , , , , 16.7394808, -0.0070497, , , , , , , 16.7394808, -0.0085603, , , , , , , 16.7394808, 0.0219883, , , , , , , , , , , , , , , , , , , , , , , , , , , , 
16.74, -0.0015106, , , , , , , 16.74, -0.0072175, , , , , , , 16.74, -0.0068818, , , , , , , 16.74, 0.0340734, , , , , , , , , , , , , , , , , , , , , , , , , , , , 
16.7405192, -0.0125887, , , , , , , 16.7405192, -0.008896, , , , , , , 16.7405192, -0.0095674, , , , , , , 16.7405192, 0.0451514, , , , , , , , , , , , , , , , , , , , , , , , , , , , 
16.7410385, -0.023331, , , , , , , 16.7410385, -0.0085603, , , , , , , 16.7410385, -0.0109102, , , , , , , 16.7410385, 0.0540475, , , , , , , , , , , , , , , , , , , , , , , , , , , , 
16.7415577, -0.0330663, , , , , , , 16.7415577, -0.0068818, , , , , , , 16.7415577, -0.0095674, , , , , , , 16.7415577, 0.0582437, , , , , , , , , , , , , , , , , , , , , , , , , , , , 
16.7420769, -0.0404517, , , , , , , 16.7420769, -0.0075532, , , , , , , 16.7420769, -0.0072175, , , , , , , 16.7420769, 0.0595865, , , , , , , , , , , , , , , , , , , , , , , , , , , , 
16.7425962, -0.0431373, , , , , , , 16.7425962, -0.0092317, , , , , , , 16.7425962, -0.0063783, , , , , , , 16.7425962, 0.0599222, , , , , , , , , , , , , , , , , , , , , , , , , , , , 
16.7431154, -0.033402, , , , , , , 16.7431154, -0.0095674, , , , , , , 16.7431154, -0.0052033, , , , , , , 16.7431154, 0.0555581, , , , , , , , , , , , , , , , , , , , , , , , , , , , 
16.7436346, -0.0152743, , , , , , , 16.7436346, -0.0078889, , , , , , , 16.7436346, -0.002182, , , , , , , 16.7436346, 0.0481727, , , , , , , , , , , , , , , , , , , , , , , , , , , , 
16.7441538, 0.0005035, , , , , , , 16.7441538, -0.0068818, , , , , , , 16.7441538, -0.0020142, , , , , , , 16.7441538, 0.0387732, , , , , , , , , , , , , , , , , , , , , , , , , , , , 
16.7446731, 0.0075532, , , , , , , 16.7446731, -0.0048676, , , , , , , 16.7446731, -0.0048676, , , , , , , 16.7446731, 0.0280308, , , , , , , , , , , , , , , , , , , , , , , , , , , , 
16.7451923, 0.0109102, , , , , , , 16.7451923, -0.0048676, , , , , , , 16.7451923, -0.0072175, , , , , , , 16.7451923, 0.0179599, , , , , , , , , , , , , , , , , , , , , , , , , , , , 
16.7457115, 0.0142672, , , , , , , 16.7457115, -0.0068818, , , , , , , 16.7457115, -0.0085603, , , , , , , 16.7457115, 0.0119173, , , , , , , , , , , , , , , , , , , , , , , , , , , , 
16.7462308, 0.010071, , , , , , , 16.7462308, -0.0085603, , , , , , , 16.7462308, -0.0092317, , , , , , , 16.7462308, 0.0109102, , , , , , , , , , , , , , , , , , , , , , , , , , , , 
16.74675, -0.0001678, , , , , , , 16.74675, -0.0085603, , , , , , , 16.74675, -0.0104067, , , , , , , 16.74675, 0.0104067, , , , , , , , , , , , , , , , , , , , , , , , , , , , 
16.7472692, -0.005539, , , , , , , 16.7472692, -0.0058747, , , , , , , 16.7472692, -0.0112459, , , , , , , 16.7472692, 0.008896, , , , , , , , , , , , , , , , , , , , , , , , , , , , 
16.7477885, -0.003357, , , , , , , 16.7477885, -0.0035248, , , , , , , 16.7477885, -0.0119173, , , , , , , 16.7477885, 0.0075532, , , , , , , , , , , , , , , , , , , , , , , , , , , , 
16.7483077, -0.0048676, , , , , , , 16.7483077, -0.0028534, , , , , , , 16.7483077, -0.0109102, , , , , , , 16.7483077, 0.0075532, , , , , , , , , , , , , , , , , , , , , , , , , , , , 
16.7488269, -0.0048676, , , , , , , 16.7488269, -0.0028534, , , , , , , 16.7488269, -0.0095674, , , , , , , 16.7488269, 0.0083925, , , , , , , , , , , , , , , , , , , , , , , , , , , , 
16.7493462, -0.0001678, , , , , , , 16.7493462, -0.0043641, , , , , , , 16.7493462, -0.0078889, , , , , , , 16.7493462, 0.0092317, , , , , , , , , , , , , , , , , , , , , , , , , , , , 
16.7498654, 0.0052033, , , , , , , 16.7498654, -0.0035248, , , , , , , 16.7498654, -0.0085603, , , , , , , 16.7498654, 0.0095674, , , , , , , , , , , , , , , , , , , , , , , , , , , , 
16.7503846, 0.0062104, , , , , , , 16.7503846, -0.002182, , , , , , , 16.7503846, -0.008896, , , , , , , 16.7503846, 0.0105745, , , , , , , , , , , , , , , , , , , , , , , , , , , , 
16.7509038, 0.0117494, , , , , , , 16.7509038, -0.0028534, , , , , , , 16.7509038, -0.0075532, , , , , , , 16.7509038, 0.0105745, , , , , , , , , , , , , , , , , , , , , , , , , , , , 
16.7514231, 0.0223239, , , , , , , 16.7514231, -0.0035248, , , , , , , 16.7514231, -0.0068818, , , , , , , 16.7514231, 0.0085603, , , , , , , , , , , , , , , , , , , , , , , , , , , , 
16.7519423, 0.0313878, , , , , , , 16.7519423, -0.0043641, , , , , , , 16.7519423, -0.0070497, , , , , , , 16.7519423, 0.0052033, , , , , , , , , , , , , , , , , , , , , , , , , , , , 
16.7524615, 0.0350805, , , , , , , 16.7524615, -0.0048676, , , , , , , 16.7524615, -0.0063783, , , , , , , 16.7524615, 0.0038605, , , , , , , , , , , , , , , , , , , , , , , , , , , , 
16.7529808, 0.0438087, , , , , , , 16.7529808, -0.0052033, , , , , , , 16.7529808, -0.0048676, , , , , , , 16.7529808, -0.0030213, , , , , , , , , , , , , , , , , , , , , , , , , , , , 
16.7535, 0.0642863, , , , , , , 16.7535, -0.005539, , , , , , , 16.7535, -0.0052033, , , , , , , 16.7535, -0.0152743, , , , , , , , , , , , , , , , , , , , , , , , , , , , 
16.7540192, 0.0803998, , , , , , , 16.7540192, -0.0062104, , , , , , , 16.7540192, -0.008896, , , , , , , 16.7540192, -0.0256809, , , , , , , , , , , , , , , , , , , , , , , , , , , , 
16.7545385, 0.0803998, , , , , , , 16.7545385, -0.0062104, , , , , , , 16.7545385, -0.0112459, , , , , , , 16.7545385, -0.030045, , , , , , , , , , , , , , , , , , , , , , , , , , , , 
16.7550577, 0.0736858, , , , , , , 16.7550577, -0.0060426, , , , , , , 16.7550577, -0.0115816, , , , , , , 16.7550577, -0.033402, , , , , , , , , , , , , , , , , , , , , , , , , , , , 
16.7555769, 0.0736858, , , , , , , 16.7555769, -0.0058747, , , , , , , 16.7555769, -0.0114137, , , , , , , 16.7555769, -0.0323949, , , , , , , , , , , , , , , , , , , , , , , , , , , , 
16.7560962, 0.072343, , , , , , , 16.7560962, -0.0065461, , , , , , , 16.7560962, -0.0115816, , , , , , , 16.7560962, -0.0260166, , , , , , , , , , , , , , , , , , , , , , , , , , , , 
16.7566154, 0.0637827, , , , , , , 16.7566154, -0.0085603, , , , , , , 16.7566154, -0.012253, , , , , , , 16.7566154, -0.0193027, , , , , , , , , , , , , , , , , , , , , , , , , , , , 
16.7571346, 0.0515297, , , , , , , 16.7571346, -0.0115816, , , , , , , 16.7571346, -0.0115816, , , , , , , 16.7571346, -0.0105745, , , , , , , , , , , , , , , , , , , , , , , , , , , , 
16.7576538, 0.0347448, , , , , , , 16.7576538, -0.0104067, , , , , , , 16.7576538, -0.008896, , , , , , , 16.7576538, 0.0011749, , , , , , , , , , , , , , , , , , , , , , , , , , , , 
16.7581731, 0.0224918, , , , , , , 16.7581731, -0.0092317, , , , , , , 16.7581731, -0.0070497, , , , , , , 16.7581731, 0.0102388, , , , , , , , , , , , , , , , , , , , , , , , , , , , 
16.7586923, 0.0117494, , , , , , , 16.7586923, -0.0092317, , , , , , , 16.7586923, -0.0062104, , , , , , , 16.7586923, 0.017792, , , , , , , , , , , , , , , , , , , , , , , , , , , , 
16.7592115, -0.0031891, , , , , , , 16.7592115, -0.0104067, , , , , , , 16.7592115, -0.0062104, , , , , , , 16.7592115, 0.0273594, , , , , , , , , , , , , , , , , , , , , , , , , , , , 
16.7597308, -0.0216526, , , , , , , 16.7597308, -0.0125887, , , , , , , 16.7597308, -0.0050355, , , , , , , 16.7597308, 0.0387732, , , , , , , , , , , , , , , , , , , , , , , , , , , , 
16.76025, -0.0364233, , , , , , , 16.76025, -0.0129244, , , , , , , 16.76025, -0.0063783, , , , , , , 16.76025, 0.0488441, , , , , , , , , , , , , , , , , , , , , , , , , , , , 
16.7607692, -0.0459907, , , , , , , 16.7607692, -0.012253, , , , , , , 16.7607692, -0.0065461, , , , , , , 16.7607692, 0.0574044, , , , , , , , , , , , , , , , , , , , , , , , , , , , 
16.7612885, -0.0530404, , , , , , , 16.7612885, -0.0119173, , , , , , , 16.7612885, -0.0036927, , , , , , , 16.7612885, 0.0626078, , , , , , , , , , , , , , , , , , , , , , , , , , , , 
16.7618077, -0.0661326, , , , , , , 16.7618077, -0.0129244, , , , , , , 16.7618077, -0.0035248, , , , , , , 16.7618077, 0.0663005, , , , , , , , , , , , , , , , , , , , , , , , , , , , 
16.7623269, -0.0763714, , , , , , , 16.7623269, -0.0132601, , , , , , , 16.7623269, -0.0057069, , , , , , , 16.7623269, 0.0696574, , , , , , , , , , , , , , , , , , , , , , , , , , , , 
16.7628462, -0.0713359, , , , , , , 16.7628462, -0.012253, , , , , , , 16.7628462, -0.0043641, , , , , , , 16.7628462, 0.0669718, , , , , , , , , , , , , , , , , , , , , , , , , , , , 
16.7633654, -0.0552224, , , , , , , 16.7633654, -0.0104067, , , , , , , 16.7633654, -0.002182, , , , , , , 16.7633654, 0.0557259, , , , , , , , , , , , , , , , , , , , , , , , , , , , 
16.7638846, -0.036759, , , , , , , 16.7638846, -0.008896, , , , , , , 16.7638846, -0.002182, , , , , , , 16.7638846, 0.0414588, , , , , , , , , , , , , , , , , , , , , , , , , , , , 
16.7644038, -0.0251774, , , , , , , 16.7644038, -0.0095674, , , , , , , 16.7644038, -0.0045319, , , , , , , 16.7644038, 0.0293736, , , , , , , , , , , , , , , , , , , , , , , , , , , , 
16.7649231, -0.0159457, , , , , , , 16.7649231, -0.0112459, , , , , , , 16.7649231, -0.0068818, , , , , , , 16.7649231, 0.0226596, , , , , , , , , , , , , , , , , , , , , , , , , , , , 
16.7654423, -0.0058747, , , , , , , 16.7654423, -0.011078, , , , , , , 16.7654423, -0.0085603, , , , , , , 16.7654423, 0.0216526, , , , , , , , , , , , , , , , , , , , , , , , , , , , 
16.7659615, 0.0010071, , , , , , , 16.7659615, -0.0105745, , , , , , , 16.7659615, -0.0075532, , , , , , , 16.7659615, 0.0186313, , , , , , , , , , , , , , , , , , , , , , , , , , , , 
16.7664808, 0.0018463, , , , , , , 16.7664808, -0.011078, , , , , , , 16.7664808, -0.0068818, , , , , , , 16.7664808, 0.01561, , , , , , , , , , , , , , , , , , , , , , , , , , , , 
16.767, 0.0038605, , , , , , , 16.767, -0.0097353, , , , , , , 16.767, -0.0072175, , , , , , , 16.767, 0.0142672, , , , , , , , , , , , , , , , , , , , , , , , , , , , 
16.7675192, 0.0072175, , , , , , , 16.7675192, -0.008896, , , , , , , 16.7675192, -0.0058747, , , , , , , 16.7675192, 0.0132601, , , , , , , , , , , , , , , , , , , , , , , , , , , , 
16.7680385, 0.0112459, , , , , , , 16.7680385, -0.008896, , , , , , , 16.7680385, -0.0058747, , , , , , , 16.7680385, 0.0140993, , , , , , , , , , , , , , , , , , , , , , , , , , , , 
16.7685577, 0.0166171, , , , , , , 16.7685577, -0.0095674, , , , , , , 16.7685577, -0.0070497, , , , , , , 16.7685577, 0.0142672, , , , , , , , , , , , , , , , , , , , , , , , , , , , 
16.7690769, 0.0186313, , , , , , , 16.7690769, -0.0095674, , , , , , , 16.7690769, -0.0082246, , , , , , , 16.7690769, 0.0119173, , , , , , , , , , , , , , , , , , , , , , , , , , , , 
16.7695962, 0.0224918, , , , , , , 16.7695962, -0.0082246, , , , , , , 16.7695962, -0.0099031, , , , , , , 16.7695962, 0.0109102, , , , , , , , , , , , , , , , , , , , , , , , , , , , 
16.7701154, 0.0260166, , , , , , , 16.7701154, -0.0083925, , , , , , , 16.7701154, -0.0109102, , , , , , , 16.7701154, 0.0102388, , , , , , , , , , , , , , , , , , , , , , , , , , , , 
16.7706346, 0.0246738, , , , , , , 16.7706346, -0.0078889, , , , , , , 16.7706346, -0.0115816, , , , , , , 16.7706346, 0.0085603, , , , , , , , , , , , , , , , , , , , , , , , , , , , 
16.7711538, 0.0253452, , , , , , , 16.7711538, -0.0068818, , , , , , , 16.7711538, -0.0119173, , , , , , , 16.7711538, 0.0072175, , , , , , , , , , , , , , , , , , , , , , , , , , , , 
16.7716731, 0.0260166, , , , , , , 16.7716731, -0.0077211, , , , , , , 16.7716731, -0.012253, , , , , , , 16.7716731, 0.0048676, , , , , , , , , , , , , , , , , , , , , , , , , , , , 
16.7721923, 0.0260166, , , , , , , 16.7721923, -0.0099031, , , , , , , 16.7721923, -0.0109102, , , , , , , 16.7721923, 0.0001678, , , , , , , , , , , , , , , , , , , , , , , , , , , , 
16.7727115, 0.0307164, , , , , , , 16.7727115, -0.0109102, , , , , , , 16.7727115, -0.0104067, , , , , , , 16.7727115, -0.0068818, , , , , , , , , , , , , , , , , , , , , , , , , , , , 
16.7732308, 0.0454871, , , , , , , 16.7732308, -0.0104067, , , , , , , 16.7732308, -0.012253, , , , , , , 16.7732308, -0.0196384, , , , , , , , , , , , , , , , , , , , , , , , , , , , 
16.77375, 0.0649577, , , , , , , 16.77375, -0.0090639, , , , , , , 16.77375, -0.01561, , , , , , , 16.77375, -0.0320592, , , , , , , , , , , , , , , , , , , , , , , , , , , , 
16.7742692, 0.0800641, , , , , , , 16.7742692, -0.0082246, , , , , , , 16.7742692, -0.01561, , , , , , , 16.7742692, -0.0357519, , , , , , , , , , , , , , , , , , , , , , , , , , , , 
16.7747885, 0.0884565, , , , , , , 16.7747885, -0.0082246, , , , , , , 16.7747885, -0.0135958, , , , , , , 16.7747885, -0.0342412, , , , , , , , , , , , , , , , , , , , , , , , , , , , 
16.7753077, 0.0872816, , , , , , , 16.7753077, -0.0082246, , , , , , , 16.7753077, -0.0132601, , , , , , , 16.7753077, -0.0317235, , , , , , , , , , , , , , , , , , , , , , , , , , , , 
16.7758269, 0.0830854, , , , , , , 16.7758269, -0.0065461, , , , , , , 16.7758269, -0.0147707, , , , , , , 16.7758269, -0.0281987, , , , , , , , , , , , , , , , , , , , , , , , , , , , 
16.7763462, 0.0800641, , , , , , , 16.7763462, -0.0028534, , , , , , , 16.7763462, -0.0137636, , , , , , , 16.7763462, -0.0226596, , , , , , , , , , , , , , , , , , , , , , , , , , , , 
16.7768654, 0.0730144, , , , , , , 16.7768654, -0.0015106, , , , , , , 16.7768654, -0.0114137, , , , , , , 16.7768654, -0.012253, , , , , , , , , , , , , , , , , , , , , , , , , , , , 
16.7773846, 0.0599222, , , , , , , 16.7773846, -0.0015106, , , , , , , 16.7773846, -0.0102388, , , , , , , 16.7773846, -0.0001678, , , , , , , , , , , , , , , , , , , , , , , , , , , , 
16.7779038, 0.0451514, , , , , , , 16.7779038, -0.0025177, , , , , , , 16.7779038, -0.0117494, , , , , , , 16.7779038, 0.008896, , , , , , , , , , , , , , , , , , , , , , , , , , , , 
16.7784231, 0.0339055, , , , , , , 16.7784231, -0.0025177, , , , , , , 16.7784231, -0.012253, , , , , , , 16.7784231, 0.0159457, , , , , , , , , , , , , , , , , , , , , , , , , , , , 
16.7789423, 0.0203098, , , , , , , 16.7789423, -0.0035248, , , , , , , 16.7789423, -0.0102388, , , , , , , 16.7789423, 0.0236667, , , , , , , , , , , , , , , , , , , , , , , , , , , , 
16.7794615, 0.0025177, , , , , , , 16.7794615, -0.0065461, , , , , , , 16.7794615, -0.0083925, , , , , , , 16.7794615, 0.0342412, , , , , , , , , , , , , , , , , , , , , , , , , , , , 
16.7799808, -0.0135958, , , , , , , 16.7799808, -0.0075532, , , , , , , 16.7799808, -0.0068818, , , , , , , 16.7799808, 0.0454871, , , , , , , , , , , , , , , , , , , , , , , , , , , , 
16.7805, -0.0283665, , , , , , , 16.7805, -0.0065461, , , , , , , 16.7805, -0.0043641, , , , , , , 16.7805, 0.0550546, , , , , , , , , , , , , , , , , , , , , , , , , , , , 
16.7810192, -0.0461585, , , , , , , 16.7810192, -0.0068818, , , , , , , 16.7810192, -0.0035248, , , , , , , 16.7810192, 0.0594186, , , , , , , , , , , , , , , , , , , , , , , , , , , , 
16.7815385, -0.0639506, , , , , , , 16.7815385, -0.0085603, , , , , , , 16.7815385, -0.0045319, , , , , , , 16.7815385, 0.0589151, , , , , , , , , , , , , , , , , , , , , , , , , , , , 
16.7820577, -0.0750286, , , , , , , 16.7820577, -0.0092317, , , , , , , 16.7820577, -0.0048676, , , , , , , 16.7820577, 0.0609293, , , , , , , , , , , , , , , , , , , , , , , , , , , , 
16.7825769, -0.0740215, , , , , , , 16.7825769, -0.0105745, , , , , , , 16.7825769, -0.0035248, , , , , , , 16.7825769, 0.0647898, , , , , , , , , , , , , , , , , , , , , , , , , , , , 
16.7830962, -0.0659648, , , , , , , 16.7830962, -0.0109102, , , , , , , 16.7830962, -0.0015106, , , , , , , 16.7830962, 0.0589151, , , , , , , , , , , , , , , , , , , , , , , , , , , , 
16.7836154, -0.0513619, , , , , , , 16.7836154, -0.010071, , , , , , , 16.7836154, -0.0008392, , , , , , , 16.7836154, 0.0454871, , , , , , , , , , , , , , , , , , , , , , , , , , , , 
16.7841346, -0.0360876, , , , , , , 16.7841346, -0.0105745, , , , , , , 16.7841346, -0.0030213, , , , , , , 16.7841346, 0.0344091, , , , , , , , , , , , , , , , , , , , , , , , , , , , 
16.7846538, -0.0231632, , , , , , , 16.7846538, -0.0082246, , , , , , , 16.7846538, -0.0035248, , , , , , , 16.7846538, 0.026688, , , , , , , , , , , , , , , , , , , , , , , , , , , , 
16.7851731, -0.0048676, , , , , , , 16.7851731, -0.0058747, , , , , , , 16.7851731, -0.0045319, , , , , , , 16.7851731, 0.0203098, , , , , , , , , , , , , , , , , , , , , , , , , , , , 
16.7856923, 0.0078889, , , , , , , 16.7856923, -0.0058747, , , , , , , 16.7856923, -0.0045319, , , , , , , 16.7856923, 0.0132601, , , , , , , , , , , , , , , , , , , , , , , , , , , , 
16.7862115, 0.0112459, , , , , , , 16.7862115, -0.0075532, , , , , , , 16.7862115, -0.0031891, , , , , , , 16.7862115, 0.0092317, , , , , , , , , , , , , , , , , , , , , , , , , , , , 
16.7867308, 0.0159457, , , , , , , 16.7867308, -0.0062104, , , , , , , 16.7867308, -0.0028534, , , , , , , 16.7867308, 0.0092317, , , , , , , , , , , , , , , , , , , , , , , , , , , , 
16.78725, 0.0240024, , , , , , , 16.78725, -0.0048676, , , , , , , 16.78725, -0.0045319, , , , , , , 16.78725, 0.0078889, , , , , , , , , , , , , , , , , , , , , , , , , , , , 
16.7877692, 0.0307164, , , , , , , 16.7877692, -0.0035248, , , , , , , 16.7877692, -0.0070497, , , , , , , 16.7877692, 0.0065461, , , , , , , , , , , , , , , , , , , , , , , , , , , , 
16.7882885, 0.0340734, , , , , , , 16.7882885, -0.0028534, , , , , , , 16.7882885, -0.0082246, , , , , , , 16.7882885, 0.0052033, , , , , , , , , , , , , , , , , , , , , , , , , , , , 
16.7888077, 0.0313878, , , , , , , 16.7888077, -0.0035248, , , , , , , 16.7888077, -0.0078889, , , , , , , 16.7888077, 0.0043641, , , , , , , , , , , , , , , , , , , , , , , , , , , , 
16.7893269, 0.027863, , , , , , , 16.7893269, -0.0052033, , , , , , , 16.7893269, -0.0075532, , , , , , , 16.7893269, 0.0058747, , , , , , , , , , , , , , , , , , , , , , , , , , , , 
16.7898462, 0.0263523, , , , , , , 16.7898462, -0.0062104, , , , , , , 16.7898462, -0.0072175, , , , , , , 16.7898462, 0.0050355, , , , , , , , , , , , , , , , , , , , , , , , , , , , 
16.7903654, 0.0270237, , , , , , , 16.7903654, -0.0057069, , , , , , , 16.7903654, -0.0082246, , , , , , , 16.7903654, 0.0008392, , , , , , , , , , , , , , , , , , , , , , , , , , , , 
16.7908846, 0.0293736, , , , , , , 16.7908846, -0.005539, , , , , , , 16.7908846, -0.008896, , , , , , , 16.7908846, -0.0023499, , , , , , , , , , , , , , , , , , , , , , , , , , , , 
16.7914038, 0.0305486, , , , , , , 16.7914038, -0.0068818, , , , , , , 16.7914038, -0.008896, , , , , , , 16.7914038, 0.0001678, , , , , , , , , , , , , , , , , , , , , , , , , , , , 
16.7919231, 0.033402, , , , , , , 16.7919231, -0.0072175, , , , , , , 16.7919231, -0.0109102, , , , , , , 16.7919231, 0.0048676, , , , , , , , , , , , , , , , , , , , , , , , , , , , 
16.7924423, 0.0407874, , , , , , , 16.7924423, -0.0062104, , , , , , , 16.7924423, -0.0109102, , , , , , , 16.7924423, 0.0031891, , , , , , , , , , , , , , , , , , , , , , , , , , , , 
16.7929615, 0.0538796, , , , , , , 16.7929615, -0.0048676, , , , , , , 16.7929615, -0.0078889, , , , , , , 16.7929615, -0.0041962, , , , , , , , , , , , , , , , , , , , , , , , , , , , 
16.7934808, 0.0728466, , , , , , , 16.7934808, -0.0045319, , , , , , , 16.7934808, -0.0068818, , , , , , , 16.7934808, -0.0139315, , , , , , , , , , , , , , , , , , , , , , , , , , , , 
16.794, 0.0881209, , , , , , , 16.794, -0.0058747, , , , , , , 16.794, -0.0097353, , , , , , , 16.794, -0.0216526, , , , , , , , , , , , , , , , , , , , , , , , , , , , 
16.7945192, 0.0944991, , , , , , , 16.7945192, -0.0075532, , , , , , , 16.7945192, -0.012253, , , , , , , 16.7945192, -0.0261845, , , , , , , , , , , , , , , , , , , , , , , , , , , , 
16.7950385, 0.0938277, , , , , , , 16.7950385, -0.008896, , , , , , , 16.7950385, -0.0135958, , , , , , , 16.7950385, -0.0276951, , , , , , , , , , , , , , , , , , , , , , , , , , , , 
16.7955577, 0.0938277, , , , , , , 16.7955577, -0.0092317, , , , , , , 16.7955577, -0.0135958, , , , , , , 16.7955577, -0.0276951, , , , , , , , , , , , , , , , , , , , , , , , , , , , 
16.7960769, 0.0921492, , , , , , , 16.7960769, -0.0078889, , , , , , , 16.7960769, -0.0129244, , , , , , , 16.7960769, -0.0243381, , , , , , , , , , , , , , , , , , , , , , , , , , , , 
16.7965962, 0.082414, , , , , , , 16.7965962, -0.0068818, , , , , , , 16.7965962, -0.0109102, , , , , , , 16.7965962, -0.0176242, , , , , , , , , , , , , , , , , , , , , , , , , , , , 
16.7971154, 0.0654612, , , , , , , 16.7971154, -0.0082246, , , , , , , 16.7971154, -0.0097353, , , , , , , 16.7971154, -0.0085603, , , , , , , , , , , , , , , , , , , , , , , , , , , , 
16.7976346, 0.0461585, , , , , , , 16.7976346, -0.0115816, , , , , , , 16.7976346, -0.0117494, , , , , , , 16.7976346, -0.0018463, , , , , , , , , , , , , , , , , , , , , , , , , , , , 
16.7981538, 0.030045, , , , , , , 16.7981538, -0.0125887, , , , , , , 16.7981538, -0.0115816, , , , , , , 16.7981538, 0.0018463, , , , , , , , , , , , , , , , , , , , , , , , , , , , 
16.7986731, 0.0166171, , , , , , , 16.7986731, -0.0115816, , , , , , , 16.7986731, -0.0097353, , , , , , , 16.7986731, 0.0082246, , , , , , , , , , , , , , , , , , , , , , , , , , , , 
16.7991923, 0.0005035, , , , , , , 16.7991923, -0.0102388, , , , , , , 16.7991923, -0.0058747, , , , , , , 16.7991923, 0.0203098, , , , , , , , , , , , , , , , , , , , , , , , , , , , 
16.7997115, -0.0191348, , , , , , , 16.7997115, -0.0109102, , , , , , , 16.7997115, -0.002182, , , , , , , 16.7997115, 0.0332341, , , , , , , , , , , , , , , , , , , , , , , , , , , , 
16.8002308, -0.0377661, , , , , , , 16.8002308, -0.0132601, , , , , , , 16.8002308, -0.0006714, , , , , , , 16.8002308, 0.043473, , , , , , , , , , , , , , , , , , , , , , , , , , , , 
16.80075, -0.0532082, , , , , , , 16.80075, -0.0129244, , , , , , , 16.80075, 0.0005035, , , , , , , 16.80075, 0.0522011, , , , , , , , , , , , , , , , , , , , , , , , , , , , 
16.8012692, -0.0656291, , , , , , , 16.8012692, -0.0092317, , , , , , , 16.8012692, 0.0031891, , , , , , , 16.8012692, 0.0605936, , , , , , , , , , , , , , , , , , , , , , , , , , , , 
16.8017885, -0.0703288, , , , , , , 16.8017885, -0.0083925, , , , , , , 16.8017885, 0.0048676, , , , , , , 16.8017885, 0.0659648, , , , , , , , , , , , , , , , , , , , , , , , , , , , 
16.8023077, -0.0787213, , , , , , , 16.8023077, -0.0095674, , , , , , , 16.8023077, 0.0018463, , , , , , , 16.8023077, 0.0676432, , , , , , , , , , , , , , , , , , , , , , , , , , , , 
16.8028269, -0.082414, , , , , , , 16.8028269, -0.0095674, , , , , , , 16.8028269, -0.0038605, , , , , , , 16.8028269, 0.0636149, , , , , , , , , , , , , , , , , , , , , , , , , , , , 
16.8033462, -0.0713359, , , , , , , 16.8033462, -0.0087282, , , , , , , 16.8033462, -0.0065461, , , , , , , 16.8033462, 0.051194, , , , , , , , , , , , , , , , , , , , , , , , , , , , 
16.8038654, -0.0532082, , , , , , , 16.8038654, -0.008896, , , , , , , 16.8038654, -0.0041962, , , , , , , 16.8038654, 0.0391089, , , , , , , , , , , , , , , , , , , , , , , , , , , , 
16.8043846, -0.0407874, , , , , , , 16.8043846, -0.0099031, , , , , , , 16.8043846, -0.002182, , , , , , , 16.8043846, 0.033402, , , , , , , , , , , , , , , , , , , , , , , , , , , , 
16.8049038, -0.0332341, , , , , , , 16.8049038, -0.0115816, , , , , , , 16.8049038, -0.0016785, , , , , , , 16.8049038, 0.0293736, , , , , , , , , , , , , , , , , , , , , , , , , , , , 
16.8054231, -0.0270237, , , , , , , 16.8054231, -0.0132601, , , , , , , 16.8054231, -0.0041962, , , , , , , 16.8054231, 0.023331, , , , , , , , , , , , , , , , , , , , , , , , , , , , 
16.8059423, -0.0216526, , , , , , , 16.8059423, -0.012253, , , , , , , 16.8059423, -0.0072175, , , , , , , 16.8059423, 0.0167849, , , , , , , , , , , , , , , , , , , , , , , , , , , , 
16.8064615, -0.0172885, , , , , , , 16.8064615, -0.008896, , , , , , , 16.8064615, -0.0087282, , , , , , , 16.8064615, 0.0119173, , , , , , , , , , , , , , , , , , , , , , , , , , , , 
16.8069808, -0.0099031, , , , , , , 16.8069808, -0.0075532, , , , , , , 16.8069808, -0.008896, , , , , , , 16.8069808, 0.0077211, , , , , , , , , , , , , , , , , , , , , , , , , , , , 
16.8075, -0.0028534, , , , , , , 16.8075, -0.0085603, , , , , , , 16.8075, -0.0072175, , , , , , , 16.8075, 0.0038605, , , , , , , , , , , , , , , , , , , , , , , , , , , , 
16.8080192, -0.0015106, , , , , , , 16.8080192, -0.0099031, , , , , , , 16.8080192, -0.0050355, , , , , , , 16.8080192, 0.0023499, , , , , , , , , , , , , , , , , , , , , , , , , , , , 
16.8085385, -0.0001678, , , , , , , 16.8085385, -0.008896, , , , , , , 16.8085385, -0.0052033, , , , , , , 16.8085385, 0.002182, , , , , , , , , , , , , , , , , , , , , , , , , , , , 
16.8090577, 0.0038605, , , , , , , 16.8090577, -0.008896, , , , , , , 16.8090577, -0.0072175, , , , , , , 16.8090577, 0.0005035, , , , , , , , , , , , , , , , , , , , , , , , , , , , 
16.8095769, 0.010071, , , , , , , 16.8095769, -0.0077211, , , , , , , 16.8095769, -0.0095674, , , , , , , 16.8095769, -0.0001678, , , , , , , , , , , , , , , , , , , , , , , , , , , , 
16.8100962, 0.0109102, , , , , , , 16.8100962, -0.0070497, , , , , , , 16.8100962, -0.0115816, , , , , , , 16.8100962, -0.0008392, , , , , , , , , , , , , , , , , , , , , , , , , , , , 
16.8106154, 0.0099031, , , , , , , 16.8106154, -0.0075532, , , , , , , 16.8106154, -0.0099031, , , , , , , 16.8106154, 0.0011749, , , , , , , , , , , , , , , , , , , , , , , , , , , , 
16.8111346, 0.0132601, , , , , , , 16.8111346, -0.0068818, , , , , , , 16.8111346, -0.0075532, , , , , , , 16.8111346, 0.0018463, , , , , , , , , , , , , , , , , , , , , , , , , , , , 
16.8116538, 0.0182956, , , , , , , 16.8116538, -0.0052033, , , , , , , 16.8116538, -0.0095674, , , , , , , 16.8116538, 0.0011749, , , , , , , , , , , , , , , , , , , , , , , , , , , , 
16.8121731, 0.0198062, , , , , , , 16.8121731, -0.0045319, , , , , , , 16.8121731, -0.0109102, , , , , , , 16.8121731, 0.0015106, , , , , , , , , , , , , , , , , , , , , , , , , , , , 
16.8126923, 0.0246738, , , , , , , 16.8126923, -0.0038605, , , , , , , 16.8126923, -0.0095674, , , , , , , 16.8126923, -0.0028534, , , , , , , , , , , , , , , , , , , , , , , , , , , , 
16.8132115, 0.0421302, , , , , , , 16.8132115, -0.0031891, , , , , , , 16.8132115, -0.0092317, , , , , , , 16.8132115, -0.0139315, , , , , , , , , , , , , , , , , , , , , , , , , , , , 
16.8137308, 0.0637827, , , , , , , 16.8137308, -0.0041962, , , , , , , 16.8137308, -0.0109102, , , , , , , 16.8137308, -0.0229953, , , , , , , , , , , , , , , , , , , , , , , , , , , , 
16.81425, 0.0763714, , , , , , , 16.81425, -0.0052033, , , , , , , 16.81425, -0.0125887, , , , , , , 16.81425, -0.0256809, , , , , , , , , , , , , , , , , , , , , , , , , , , , 
16.8147692, 0.0891279, , , , , , , 16.8147692, -0.005539, , , , , , , 16.8147692, -0.0115816, , , , , , , 16.8147692, -0.0276951, , , , , , , , , , , , , , , , , , , , , , , , , , , , 
16.8152885, 0.1012131, , , , , , , 16.8152885, -0.0072175, , , , , , , 16.8152885, -0.0115816, , , , , , , 16.8152885, -0.0303807, , , , , , , , , , , , , , , , , , , , , , , , , , , , 
16.8158077, 0.0973526, , , , , , , 16.8158077, -0.0072175, , , , , , , 16.8158077, -0.0142672, , , , , , , 16.8158077, -0.0283665, , , , , , , , , , , , , , , , , , , , , , , , , , , , 
16.8163269, 0.0842603, , , , , , , 16.8163269, -0.008896, , , , , , , 16.8163269, -0.0166171, , , , , , , 16.8163269, -0.0203098, , , , , , , , , , , , , , , , , , , , , , , , , , , , 
16.8168462, 0.0716716, , , , , , , 16.8168462, -0.0102388, , , , , , , 16.8168462, -0.0164492, , , , , , , 16.8168462, -0.0085603, , , , , , , , , , , , , , , , , , , , , , , , , , , , 
16.8173654, 0.0548867, , , , , , , 16.8173654, -0.0105745, , , , , , , 16.8173654, -0.0149386, , , , , , , 16.8173654, 0.002182, , , , , , , , , , , , , , , , , , , , , , , , , , , , 
16.8178846, 0.0414588, , , , , , , 16.8178846, -0.0097353, , , , , , , 16.8178846, -0.0132601, , , , , , , 16.8178846, 0.0085603, , , , , , , , , , , , , , , , , , , , , , , , , , , , 
16.8184038, 0.033402, , , , , , , 16.8184038, -0.0083925, , , , , , , 16.8184038, -0.0129244, , , , , , , 16.8184038, 0.0139315, , , , , , , , , , , , , , , , , , , , , , , , , , , , 
16.8189231, 0.0275273, , , , , , , 16.8189231, -0.008896, , , , , , , 16.8189231, -0.0117494, , , , , , , 16.8189231, 0.0209812, , , , , , , , , , , , , , , , , , , , , , , , , , , , 
16.8194423, 0.0181277, , , , , , , 16.8194423, -0.0099031, , , , , , , 16.8194423, -0.0109102, , , , , , , 16.8194423, 0.0347448, , , , , , , , , , , , , , , , , , , , , , , , , , , , 
16.8199615, 0.0038605, , , , , , , 16.8199615, -0.0095674, , , , , , , 16.8199615, -0.0102388, , , , , , , 16.8199615, 0.0488441, , , , , , , , , , , , , , , , , , , , , , , , , , , , 
16.8204808, -0.0119173, , , , , , , 16.8204808, -0.0083925, , , , , , , 16.8204808, -0.0092317, , , , , , , 16.8204808, 0.0585794, , , , , , , , , , , , , , , , , , , , , , , , , , , , 
16.821, -0.0256809, , , , , , , 16.821, -0.008896, , , , , , , 16.821, -0.0072175, , , , , , , 16.821, 0.0639506, , , , , , , , , , , , , , , , , , , , , , , , , , , , 
16.8215192, -0.0374304, , , , , , , 16.8215192, -0.008896, , , , , , , 16.8215192, -0.0062104, , , , , , , 16.8215192, 0.0683146, , , , , , , , , , , , , , , , , , , , , , , , , , , , 
16.8220385, -0.047837, , , , , , , 16.8220385, -0.0062104, , , , , , , 16.8220385, -0.0075532, , , , , , , 16.8220385, 0.068986, , , , , , , , , , , , , , , , , , , , , , , , , , , , 
16.8225577, -0.0533761, , , , , , , 16.8225577, -0.0058747, , , , , , , 16.8225577, -0.0102388, , , , , , , 16.8225577, 0.0693217, , , , , , , , , , , , , , , , , , , , , , , , , , , , 
16.8230769, -0.047837, , , , , , , 16.8230769, -0.0077211, , , , , , , 16.8230769, -0.0102388, , , , , , , 16.8230769, 0.0659648, , , , , , , , , , , , , , , , , , , , , , , , , , , , 
16.8235962, -0.0325628, , , , , , , 16.8235962, -0.008896, , , , , , , 16.8235962, -0.0085603, , , , , , , 16.8235962, 0.056733, , , , , , , , , , , , , , , , , , , , , , , , , , , , 
16.8241154, -0.0176242, , , , , , , 16.8241154, -0.0083925, , , , , , , 16.8241154, -0.0075532, , , , , , , 16.8241154, 0.0448157, , , , , , , , , , , , , , , , , , , , , , , , , , , , 
16.8246346, -0.0045319, , , , , , , 16.8246346, -0.0075532, , , , , , , 16.8246346, -0.0072175, , , , , , , 16.8246346, 0.0374304, , , , , , , , , , , , , , , , , , , , , , , , , , , , 
16.8251538, 0.0068818, , , , , , , 16.8251538, -0.005539, , , , , , , 16.8251538, -0.005539, , , , , , , 16.8251538, 0.0320592, , , , , , , , , , , , , , , , , , , , , , , , , , , , 
16.8256731, 0.0152743, , , , , , , 16.8256731, -0.0041962, , , , , , , 16.8256731, -0.0050355, , , , , , , 16.8256731, 0.0260166, , , , , , , , , , , , , , , , , , , , , , , , , , , , 
16.8261923, 0.0193027, , , , , , , 16.8261923, -0.0048676, , , , , , , 16.8261923, -0.0068818, , , , , , , 16.8261923, 0.0224918, , , , , , , , , , , , , , , , , , , , , , , , , , , , 
16.8267115, 0.023331, , , , , , , 16.8267115, -0.0062104, , , , , , , 16.8267115, -0.005539, , , , , , , 16.8267115, 0.0209812, , , , , , , , , , , , , , , , , , , , , , , , , , , , 
16.8272308, 0.0287022, , , , , , , 16.8272308, -0.0078889, , , , , , , 16.8272308, -0.0036927, , , , , , , 16.8272308, 0.0166171, , , , , , , , , , , , , , , , , , , , , , , , , , , , 
16.82775, 0.030045, , , , , , , 16.82775, -0.0082246, , , , , , , 16.82775, -0.0038605, , , , , , , 16.82775, 0.0105745, , , , , , , , , , , , , , , , , , , , , , , , , , , , 
16.8282692, 0.0317235, , , , , , , 16.8282692, -0.008896, , , , , , , 16.8282692, -0.0041962, , , , , , , 16.8282692, 0.0058747, , , , , , , , , , , , , , , , , , , , , , , , , , , , 
16.8287885, 0.0364233, , , , , , , 16.8287885, -0.0099031, , , , , , , 16.8287885, -0.0041962, , , , , , , 16.8287885, 0.0035248, , , , , , , , , , , , , , , , , , , , , , , , , , , , 
16.8293077, 0.0350805, , , , , , , 16.8293077, -0.0112459, , , , , , , 16.8293077, -0.0058747, , , , , , , 16.8293077, 0.0045319, , , , , , , , , , , , , , , , , , , , , , , , , , , , 
16.8298269, 0.0315557, , , , , , , 16.8298269, -0.0115816, , , , , , , 16.8298269, -0.0072175, , , , , , , 16.8298269, 0.0058747, , , , , , , , , , , , , , , , , , , , , , , , , , , , 
16.8303462, 0.0317235, , , , , , , 16.8303462, -0.0099031, , , , , , , 16.8303462, -0.0082246, , , , , , , 16.8303462, 0.0045319, , , , , , , , , , , , , , , , , , , , , , , , , , , , 
16.8308654, 0.0313878, , , , , , , 16.8308654, -0.0077211, , , , , , , 16.8308654, -0.0085603, , , , , , , 16.8308654, 0.0008392, , , , , , , , , , , , , , , , , , , , , , , , , , , , 
16.8313846, 0.0320592, , , , , , , 16.8313846, -0.0075532, , , , , , , 16.8313846, -0.0082246, , , , , , , 16.8313846, -0.0028534, , , , , , , , , , , , , , , , , , , , , , , , , , , , 
16.8319038, 0.0337377, , , , , , , 16.8319038, -0.0092317, , , , , , , 16.8319038, -0.0075532, , , , , , , 16.8319038, -0.0035248, , , , , , , , , , , , , , , , , , , , , , , , , , , , 
16.8324231, 0.0354162, , , , , , , 16.8324231, -0.0070497, , , , , , , 16.8324231, -0.0075532, , , , , , , 16.8324231, -0.0025177, , , , , , , , , , , , , , , , , , , , , , , , , , , , 
16.8329423, 0.0451514, , , , , , , 16.8329423, -0.0028534, , , , , , , 16.8329423, -0.0082246, , , , , , , 16.8329423, -0.0072175, , , , , , , , , , , , , , , , , , , , , , , , , , , , 
16.8334615, 0.061265, , , , , , , 16.8334615, -0.0028534, , , , , , , 16.8334615, -0.0095674, , , , , , , 16.8334615, -0.0169528, , , , , , , , , , , , , , , , , , , , , , , , , , , , 
16.8339808, 0.0716716, , , , , , , 16.8339808, -0.0048676, , , , , , , 16.8339808, -0.0105745, , , , , , , 16.8339808, -0.0243381, , , , , , , , , , , , , , , , , , , , , , , , , , , , 
16.8345, 0.0767071, , , , , , , 16.8345, -0.0048676, , , , , , , 16.8345, -0.0109102, , , , , , , 16.8345, -0.0270237, , , , , , , , , , , , , , , , , , , , , , , , , , , , 
16.8350192, 0.0856031, , , , , , , 16.8350192, -0.0028534, , , , , , , 16.8350192, -0.0115816, , , , , , , 16.8350192, -0.027863, , , , , , , , , , , , , , , , , , , , , , , , , , , , 
16.8355385, 0.0897993, , , , , , , 16.8355385, -0.002182, , , , , , , 16.8355385, -0.0115816, , , , , , , 16.8355385, -0.0285344, , , , , , , , , , , , , , , , , , , , , , , , , , , , 
16.8360577, 0.0881209, , , , , , , 16.8360577, -0.003357, , , , , , , 16.8360577, -0.0104067, , , , , , , 16.8360577, -0.0270237, , , , , , , , , , , , , , , , , , , , , , , , , , , , 
16.8365769, 0.0844282, , , , , , , 16.8365769, -0.0045319, , , , , , , 16.8365769, -0.0115816, , , , , , , 16.8365769, -0.0250095, , , , , , , , , , , , , , , , , , , , , , , , , , , , 
16.8370962, 0.0736858, , , , , , , 16.8370962, -0.0048676, , , , , , , 16.8370962, -0.014435, , , , , , , 16.8370962, -0.0216526, , , , , , , , , , , , , , , , , , , , , , , , , , , , 
16.8376154, 0.0535439, , , , , , , 16.8376154, -0.0045319, , , , , , , 16.8376154, -0.0135958, , , , , , , 16.8376154, -0.0142672, , , , , , , , , , , , , , , , , , , , , , , , , , , , 
16.8381346, 0.033402, , , , , , , 16.8381346, -0.005539, , , , , , , 16.8381346, -0.0112459, , , , , , , 16.8381346, -0.0028534, , , , , , , , , , , , , , , , , , , , , , , , , , , , 
16.8386538, 0.0229953, , , , , , , 16.8386538, -0.008896, , , , , , , 16.8386538, -0.0082246, , , , , , , 16.8386538, 0.0065461, , , , , , , , , , , , , , , , , , , , , , , , , , , , 
16.8391731, 0.0119173, , , , , , , 16.8391731, -0.0099031, , , , , , , 16.8391731, -0.005539, , , , , , , 16.8391731, 0.0152743, , , , , , , , , , , , , , , , , , , , , , , , , , , , 
16.8396923, -0.0068818, , , , , , , 16.8396923, -0.0085603, , , , , , , 16.8396923, -0.0036927, , , , , , , 16.8396923, 0.0238346, , , , , , , , , , , , , , , , , , , , , , , , , , , , 
16.8402115, -0.0260166, , , , , , , 16.8402115, -0.0090639, , , , , , , 16.8402115, -0.0028534, , , , , , , 16.8402115, 0.0327306, , , , , , , , , , , , , , , , , , , , , , , , , , , , 
16.8407308, -0.0424659, , , , , , , 16.8407308, -0.0109102, , , , , , , 16.8407308, -0.0008392, , , , , , , 16.8407308, 0.0424659, , , , , , , , , , , , , , , , , , , , , , , , , , , , 
16.84125, -0.054551, , , , , , , 16.84125, -0.0112459, , , , , , , 16.84125, 0.0015106, , , , , , , 16.84125, 0.0495155, , , , , , , , , , , , , , , , , , , , , , , , , , , , 
16.8417692, -0.061265, , , , , , , 16.8417692, -0.0099031, , , , , , , 16.8417692, 0.002182, , , , , , , 16.8417692, 0.0538796, , , , , , , , , , , , , , , , , , , , , , , , , , , , 
16.8422885, -0.0632792, , , , , , , 16.8422885, -0.0078889, , , , , , , 16.8422885, 0.0008392, , , , , , , 16.8422885, 0.0538796, , , , , , , , , , , , , , , , , , , , , , , , , , , , 
16.8428077, -0.064622, , , , , , , 16.8428077, -0.0075532, , , , , , , 16.8428077, -0.0015106, , , , , , , 16.8428077, 0.0522011, , , , , , , , , , , , , , , , , , , , , , , , , , , , 
16.8433269, -0.0607614, , , , , , , 16.8433269, -0.0075532, , , , , , , 16.8433269, -0.0015106, , , , , , , 16.8433269, 0.0438087, , , , , , , , , , , , , , , , , , , , , , , , , , , , 
16.8438462, -0.0485084, , , , , , , 16.8438462, -0.0062104, , , , , , , 16.8438462, -0.0010071, , , , , , , 16.8438462, 0.030045, , , , , , , , , , , , , , , , , , , , , , , , , , , , 
16.8443654, -0.0359197, , , , , , , 16.8443654, -0.0068818, , , , , , , 16.8443654, -0.0011749, , , , , , , 16.8443654, 0.0159457, , , , , , , , , , , , , , , , , , , , , , , , , , , , 
16.8448846, -0.0271916, , , , , , , 16.8448846, -0.0085603, , , , , , , 16.8448846, -0.0018463, , , , , , , 16.8448846, 0.0052033, , , , , , , , , , , , , , , , , , , , , , , , , , , , 
16.8454038, -0.021149, , , , , , , 16.8454038, -0.0109102, , , , , , , 16.8454038, -0.0028534, , , , , , , 16.8454038, 0.0001678, , , , , , , , , , , , , , , , , , , , , , , , , , , , 
16.8459231, -0.01561, , , , , , , 16.8459231, -0.0115816, , , , , , , 16.8459231, -0.0046998, , , , , , , 16.8459231, -0.0015106, , , , , , , , , , , , , , , , , , , , , , , , , , , , 
16.8464423, -0.0087282, , , , , , , 16.8464423, -0.0115816, , , , , , , 16.8464423, -0.0075532, , , , , , , 16.8464423, -0.002182, , , , , , , , , , , , , , , , , , , , , , , , , , , , 
16.8469615, -0.0035248, , , , , , , 16.8469615, -0.0115816, , , , , , , 16.8469615, -0.0095674, , , , , , , 16.8469615, -0.0001678, , , , , , , , , , , , , , , , , , , , , , , , , , , , 
16.8474808, -0.0025177, , , , , , , 16.8474808, -0.0109102, , , , , , , 16.8474808, -0.0102388, , , , , , , 16.8474808, 0.003357, , , , , , , , , , , , , , , , , , , , , , , , , , , , 
16.848, 0.0005035, , , , , , , 16.848, -0.0115816, , , , , , , 16.848, -0.0097353, , , , , , , 16.848, 0.0045319, , , , , , , , , , , , , , , , , , , , , , , , , , , , 
16.8485192, 0.0065461, , , , , , , 16.8485192, -0.0119173, , , , , , , 16.8485192, -0.0105745, , , , , , , 16.8485192, 0.0018463, , , , , , , , , , , , , , , , , , , , , , , , , , , , 
16.8490385, 0.0072175, , , , , , , 16.8490385, -0.0109102, , , , , , , 16.8490385, -0.0105745, , , , , , , 16.8490385, -0.0008392, , , , , , , , , , , , , , , , , , , , , , , , , , , , 
16.8495577, 0.0031891, , , , , , , 16.8495577, -0.0099031, , , , , , , 16.8495577, -0.0102388, , , , , , , 16.8495577, -0.0028534, , , , , , , , , , , , , , , , , , , , , , , , , , , , 
16.8500769, 0.0038605, , , , , , , 16.8500769, -0.0105745, , , , , , , 16.8500769, -0.0112459, , , , , , , 16.8500769, -0.0045319, , , , , , , , , , , , , , , , , , , , , , , , , , , , 
16.8505962, 0.0062104, , , , , , , 16.8505962, -0.0109102, , , , , , , 16.8505962, -0.012253, , , , , , , 16.8505962, -0.0045319, , , , , , , , , , , , , , , , , , , , , , , , , , , , 
16.8511154, 0.0099031, , , , , , , 16.8511154, -0.0095674, , , , , , , 16.8511154, -0.0115816, , , , , , , 16.8511154, -0.0005035, , , , , , , , , , , , , , , , , , , , , , , , , , , , 
16.8516346, 0.0105745, , , , , , , 16.8516346, -0.0078889, , , , , , , 16.8516346, -0.0112459, , , , , , , 16.8516346, 0.0052033, , , , , , , , , , , , , , , , , , , , , , , , , , , , 
16.8521538, 0.0124208, , , , , , , 16.8521538, -0.0062104, , , , , , , 16.8521538, -0.0092317, , , , , , , 16.8521538, 0.0082246, , , , , , , , , , , , , , , , , , , , , , , , , , , , 
16.8526731, 0.0213169, , , , , , , 16.8526731, -0.005539, , , , , , , 16.8526731, -0.0072175, , , , , , , 16.8526731, 0.0036927, , , , , , , , , , , , , , , , , , , , , , , , , , , , 
16.8531923, 0.0327306, , , , , , , 16.8531923, -0.0068818, , , , , , , 16.8531923, -0.0082246, , , , , , , 16.8531923, -0.0068818, , , , , , , , , , , , , , , , , , , , , , , , , , , , 
16.8537115, 0.0414588, , , , , , , 16.8537115, -0.0068818, , , , , , , 16.8537115, -0.0082246, , , , , , , 16.8537115, -0.0162814, , , , , , , , , , , , , , , , , , , , , , , , , , , , 
16.8542308, 0.0520333, , , , , , , 16.8542308, -0.0052033, , , , , , , 16.8542308, -0.0082246, , , , , , , 16.8542308, -0.0223239, , , , , , , , , , , , , , , , , , , , , , , , , , , , 
16.85475, 0.0629435, , , , , , , 16.85475, -0.0041962, , , , , , , 16.85475, -0.0085603, , , , , , , 16.85475, -0.0250095, , , , , , , , , , , , , , , , , , , , , , , , , , , , 
16.8552692, 0.0706645, , , , , , , 16.8552692, -0.0031891, , , , , , , 16.8552692, -0.0082246, , , , , , , 16.8552692, -0.0250095, , , , , , , , , , , , , , , , , , , , , , , , , , , , 
16.8557885, 0.072343, , , , , , , 16.8557885, -0.0020142, , , , , , , 16.8557885, -0.008896, , , , , , , 16.8557885, -0.0229953, , , , , , , , , , , , , , , , , , , , , , , , , , , , 
16.8563077, 0.061265, , , , , , , 16.8563077, -0.0035248, , , , , , , 16.8563077, -0.0115816, , , , , , , 16.8563077, -0.0182956, , , , , , , , , , , , , , , , , , , , , , , , , , , , 
16.8568269, 0.0438087, , , , , , , 16.8568269, -0.005539, , , , , , , 16.8568269, -0.0125887, , , , , , , 16.8568269, -0.0090639, , , , , , , , , , , , , , , , , , , , , , , , , , , , 
16.8573462, 0.0283665, , , , , , , 16.8573462, -0.0058747, , , , , , , 16.8573462, -0.012253, , , , , , , 16.8573462, 0.0015106, , , , , , , , , , , , , , , , , , , , , , , , , , , , 
16.8578654, 0.0167849, , , , , , , 16.8578654, -0.0058747, , , , , , , 16.8578654, -0.0112459, , , , , , , 16.8578654, 0.0092317, , , , , , , , , , , , , , , , , , , , , , , , , , , , 
16.8583846, 0.0058747, , , , , , , 16.8583846, -0.0062104, , , , , , , 16.8583846, -0.0099031, , , , , , , 16.8583846, 0.0152743, , , , , , , , , , , , , , , , , , , , , , , , , , , , 
16.8589038, -0.0053712, , , , , , , 16.8589038, -0.0058747, , , , , , , 16.8589038, -0.0109102, , , , , , , 16.8589038, 0.0199741, , , , , , , , , , , , , , , , , , , , , , , , , , , , 
16.8594231, -0.0152743, , , , , , , 16.8594231, -0.0065461, , , , , , , 16.8594231, -0.0115816, , , , , , , 16.8594231, 0.0307164, , , , , , , , , , , , , , , , , , , , , , , , , , , , 
16.8599423, -0.026688, , , , , , , 16.8599423, -0.0083925, , , , , , , 16.8599423, -0.0112459, , , , , , , 16.8599423, 0.0441444, , , , , , , , , , , , , , , , , , , , , , , , , , , , 
16.8604615, -0.0399481, , , , , , , 16.8604615, -0.0105745, , , , , , , 16.8604615, -0.0102388, , , , , , , 16.8604615, 0.0542153, , , , , , , , , , , , , , , , , , , , , , , , , , , , 
16.8609808, -0.0532082, , , , , , , 16.8609808, -0.0105745, , , , , , , 16.8609808, -0.008896, , , , , , , 16.8609808, 0.0602579, , , , , , , , , , , , , , , , , , , , , , , , , , , , 
16.8615, -0.0594186, , , , , , , 16.8615, -0.0092317, , , , , , , 16.8615, -0.0068818, , , , , , , 16.8615, 0.0649577, , , , , , , , , , , , , , , , , , , , , , , , , , , , 
16.8620192, -0.0632792, , , , , , , 16.8620192, -0.0082246, , , , , , , 16.8620192, -0.0043641, , , , , , , 16.8620192, 0.0669718, , , , , , , , , , , , , , , , , , , , , , , , , , , , 
16.8625385, -0.0673075, , , , , , , 16.8625385, -0.0077211, , , , , , , 16.8625385, -0.0035248, , , , , , , 16.8625385, 0.066804, , , , , , , , , , , , , , , , , , , , , , , , , , , , 
16.8630577, -0.0666361, , , , , , , 16.8630577, -0.0082246, , , , , , , 16.8630577, -0.0058747, , , , , , , 16.8630577, 0.061265, , , , , , , , , , , , , , , , , , , , , , , , , , , , 
16.8635769, -0.0582437, , , , , , , 16.8635769, -0.0105745, , , , , , , 16.8635769, -0.008896, , , , , , , 16.8635769, 0.0505226, , , , , , , , , , , , , , , , , , , , , , , , , , , , 
16.8640962, -0.0495155, , , , , , , 16.8640962, -0.0102388, , , , , , , 16.8640962, -0.008896, , , , , , , 16.8640962, 0.0411231, , , , , , , , , , , , , , , , , , , , , , , , , , , , 
16.8646154, -0.0428016, , , , , , , 16.8646154, -0.0082246, , , , , , , 16.8646154, -0.0065461, , , , , , , 16.8646154, 0.0337377, , , , , , , , , , , , , , , , , , , , , , , , , , , , 
16.8651346, -0.0350805, , , , , , , 16.8651346, -0.0082246, , , , , , , 16.8651346, -0.0048676, , , , , , , 16.8651346, 0.0250095, , , , , , , , , , , , , , , , , , , , , , , , , , , , 
16.8656538, -0.0297093, , , , , , , 16.8656538, -0.0082246, , , , , , , 16.8656538, -0.005539, , , , , , , 16.8656538, 0.0167849, , , , , , , , , , , , , , , , , , , , , , , , , , , , 
16.8661731, -0.026688, , , , , , , 16.8661731, -0.0075532, , , , , , , 16.8661731, -0.005539, , , , , , , 16.8661731, 0.0105745, , , , , , , , , , , , , , , , , , , , , , , , , , , , 
16.8666923, -0.0203098, , , , , , , 16.8666923, -0.0078889, , , , , , , 16.8666923, -0.0048676, , , , , , , 16.8666923, 0.0045319, , , , , , , , , , , , , , , , , , , , , , , , , , , , 
16.8672115, -0.0085603, , , , , , , 16.8672115, -0.0078889, , , , , , , 16.8672115, -0.0041962, , , , , , , 16.8672115, 0.002182, , , , , , , , , , , , , , , , , , , , , , , , , , , , 
16.8677308, 0.0001678, , , , , , , 16.8677308, -0.0068818, , , , , , , 16.8677308, -0.0031891, , , , , , , 16.8677308, 0.0003357, , , , , , , , , , , , , , , , , , , , , , , , , , , , 
16.86825, 0.005539, , , , , , , 16.86825, -0.0058747, , , , , , , 16.86825, -0.0020142, , , , , , , 16.86825, -0.0005035, , , , , , , , , , , , , , , , , , , , , , , , , , , , 
16.8687692, 0.0112459, , , , , , , 16.8687692, -0.0048676, , , , , , , 16.8687692, -0.0010071, , , , , , , 16.8687692, -0.0010071, , , , , , , , , , , , , , , , , , , , , , , , , , , , 
16.8692885, 0.0166171, , , , , , , 16.8692885, -0.0036927, , , , , , , 16.8692885, -0.0025177, , , , , , , 16.8692885, -0.0031891, , , , , , , , , , , , , , , , , , , , , , , , , , , , 
16.8698077, 0.0199741, , , , , , , 16.8698077, -0.0041962, , , , , , , 16.8698077, -0.0057069, , , , , , , 16.8698077, -0.0048676, , , , , , , , , , , , , , , , , , , , , , , , , , , , 
16.8703269, 0.0246738, , , , , , , 16.8703269, -0.0068818, , , , , , , 16.8703269, -0.0070497, , , , , , , 16.8703269, -0.0031891, , , , , , , , , , , , , , , , , , , , , , , , , , , , 
16.8708462, 0.0307164, , , , , , , 16.8708462, -0.0068818, , , , , , , 16.8708462, -0.0070497, , , , , , , 16.8708462, -0.0030213, , , , , , , , , , , , , , , , , , , , , , , , , , , , 
16.8713654, 0.036759, , , , , , , 16.8713654, -0.0075532, , , , , , , 16.8713654, -0.0077211, , , , , , , 16.8713654, -0.0048676, , , , , , , , , , , , , , , , , , , , , , , , , , , , 
16.8718846, 0.040116, , , , , , , 16.8718846, -0.0068818, , , , , , , 16.8718846, -0.0082246, , , , , , , 16.8718846, -0.005539, , , , , , , , , , , , , , , , , , , , , , , , , , , , 
16.8724038, 0.0411231, , , , , , , 16.8724038, -0.005539, , , , , , , 16.8724038, -0.008896, , , , , , , 16.8724038, -0.0078889, , , , , , , , , , , , , , , , , , , , , , , , , , , , 
16.8729231, 0.0495155, , , , , , , 16.8729231, -0.0038605, , , , , , , 16.8729231, -0.0104067, , , , , , , 16.8729231, -0.0146029, , , , , , , , , , , , , , , , , , , , , , , , , , , , 
16.8734423, 0.0652934, , , , , , , 16.8734423, -0.0041962, , , , , , , 16.8734423, -0.0115816, , , , , , , 16.8734423, -0.0240024, , , , , , , , , , , , , , , , , , , , , , , , , , , , 
16.8739615, 0.0810712, , , , , , , 16.8739615, -0.005539, , , , , , , 16.8739615, -0.0117494, , , , , , , 16.8739615, -0.0285344, , , , , , , , , , , , , , , , , , , , , , , , , , , , 
16.8744808, 0.0897993, , , , , , , 16.8744808, -0.0062104, , , , , , , 16.8744808, -0.0109102, , , , , , , 16.8744808, -0.0313878, , , , , , , , , , , , , , , , , , , , , , , , , , , , 
16.875, 0.0978561, , , , , , , 16.875, -0.005539, , , , , , , 16.875, -0.011078, , , , , , , 16.875, -0.0360876, , , , , , , , , , , , , , , , , , , , , , , , , , , , 
16.8755192, 0.0990311, , , , , , , 16.8755192, -0.0045319, , , , , , , 16.8755192, -0.0119173, , , , , , , 16.8755192, -0.0384375, , , , , , , , , , , , , , , , , , , , , , , , , , , , 
16.8760385, 0.0921492, , , , , , , 16.8760385, -0.0048676, , , , , , , 16.8760385, -0.0119173, , , , , , , 16.8760385, -0.0357519, , , , , , , , , , , , , , , , , , , , , , , , , , , , 
16.8765577, 0.0844282, , , , , , , 16.8765577, -0.0065461, , , , , , , 16.8765577, -0.012253, , , , , , , 16.8765577, -0.0273594, , , , , , , , , , , , , , , , , , , , , , , , , , , , 
16.8770769, 0.0763714, , , , , , , 16.8770769, -0.0077211, , , , , , , 16.8770769, -0.0095674, , , , , , , 16.8770769, -0.0135958, , , , , , , , , , , , , , , , , , , , , , , , , , , , 
16.8775962, 0.0652934, , , , , , , 16.8775962, -0.008896, , , , , , , 16.8775962, -0.0075532, , , , , , , 16.8775962, -0.0015106, , , , , , , , , , , , , , , , , , , , , , , , , , , , 
16.8781154, 0.0560616, , , , , , , 16.8781154, -0.0075532, , , , , , , 16.8781154, -0.0070497, , , , , , , 16.8781154, 0.0075532, , , , , , , , , , , , , , , , , , , , , , , , , , , , 
16.8786346, 0.0468299, , , , , , , 16.8786346, -0.0072175, , , , , , , 16.8786346, -0.0068818, , , , , , , 16.8786346, 0.01561, , , , , , , , , , , , , , , , , , , , , , , , , , , , 
16.8791538, 0.0382696, , , , , , , 16.8791538, -0.0095674, , , , , , , 16.8791538, -0.0062104, , , , , , , 16.8791538, 0.0273594, , , , , , , , , , , , , , , , , , , , , , , , , , , , 
16.8796731, 0.0287022, , , , , , , 16.8796731, -0.0112459, , , , , , , 16.8796731, -0.0041962, , , , , , , 16.8796731, 0.0406195, , , , , , , , , , , , , , , , , , , , , , , , , , , , 
16.8801923, 0.0186313, , , , , , , 16.8801923, -0.0115816, , , , , , , 16.8801923, -0.0025177, , , , , , , 16.8801923, 0.0498512, , , , , , , , , , , , , , , , , , , , , , , , , , , , 
16.8807115, 0.0090639, , , , , , , 16.8807115, -0.012253, , , , , , , 16.8807115, -0.0018463, , , , , , , 16.8807115, 0.0542153, , , , , , , , , , , , , , , , , , , , , , , , , , , , 
16.8812308, -0.0028534, , , , , , , 16.8812308, -0.012253, , , , , , , 16.8812308, -0.0008392, , , , , , , 16.8812308, 0.0555581, , , , , , , , , , , , , , , , , , , , , , , , , , , , 
16.88175, -0.0119173, , , , , , , 16.88175, -0.012253, , , , , , , 16.88175, -0.0015106, , , , , , , 16.88175, 0.0575723, , , , , , , , , , , , , , , , , , , , , , , , , , , , 
16.8822692, -0.0206455, , , , , , , 16.8822692, -0.0109102, , , , , , , 16.8822692, -0.002182, , , , , , , 16.8822692, 0.0607614, , , , , , , , , , , , , , , , , , , , , , , , , , , , 
16.8827885, -0.0256809, , , , , , , 16.8827885, -0.0109102, , , , , , , 16.8827885, -0.0005035, , , , , , , 16.8827885, 0.0548867, , , , , , , , , , , , , , , , , , , , , , , , , , , , 
16.8833077, -0.0240024, , , , , , , 16.8833077, -0.0119173, , , , , , , 16.8833077, 0.0010071, , , , , , , 16.8833077, 0.0441444, , , , , , , , , , , , , , , , , , , , , , , , , , , , 
16.8838269, -0.0166171, , , , , , , 16.8838269, -0.0112459, , , , , , , 16.8838269, -0.0015106, , , , , , , 16.8838269, 0.0327306, , , , , , , , , , , , , , , , , , , , , , , , , , , , 
16.8843462, -0.0062104, , , , , , , 16.8843462, -0.0099031, , , , , , , 16.8843462, -0.0052033, , , , , , , 16.8843462, 0.0256809, , , , , , , , , , , , , , , , , , , , , , , , , , , , 
16.8848654, 0.0005035, , , , , , , 16.8848654, -0.0097353, , , , , , , 16.8848654, -0.0093996, , , , , , , 16.8848654, 0.0231632, , , , , , , , , , , , , , , , , , , , , , , , , , , , 
16.8853846, 0.002182, , , , , , , 16.8853846, -0.0102388, , , , , , , 16.8853846, -0.0102388, , , , , , , 16.8853846, 0.023331, , , , , , , , , , , , , , , , , , , , , , , , , , , , 
16.8859038, 0.0052033, , , , , , , 16.8859038, -0.008896, , , , , , , 16.8859038, -0.0075532, , , , , , , 16.8859038, 0.0199741, , , , , , , , , , , , , , , , , , , , , , , , , , , , 
16.8864231, 0.0115816, , , , , , , 16.8864231, -0.0070497, , , , , , , 16.8864231, -0.005539, , , , , , , 16.8864231, 0.0171206, , , , , , , , , , , , , , , , , , , , , , , , , , , , 
16.8869423, 0.0172885, , , , , , , 16.8869423, -0.0068818, , , , , , , 16.8869423, -0.0062104, , , , , , , 16.8869423, 0.0179599, , , , , , , , , , , , , , , , , , , , , , , , , , , , 
16.8874615, 0.0204776, , , , , , , 16.8874615, -0.0068818, , , , , , , 16.8874615, -0.0075532, , , , , , , 16.8874615, 0.0186313, , , , , , , , , , , , , , , , , , , , , , , , , , , , 
16.8879808, 0.0253452, , , , , , , 16.8879808, -0.0082246, , , , , , , 16.8879808, -0.008896, , , , , , , 16.8879808, 0.0169528, , , , , , , , , , , , , , , , , , , , , , , , , , , , 
16.8885, 0.0340734, , , , , , , 16.8885, -0.0078889, , , , , , , 16.8885, -0.0085603, , , , , , , 16.8885, 0.0151064, , , , , , , , , , , , , , , , , , , , , , , , , , , , 
16.8890192, 0.0391089, , , , , , , 16.8890192, -0.0068818, , , , , , , 16.8890192, -0.0085603, , , , , , , 16.8890192, 0.011078, , , , , , , , , , , , , , , , , , , , , , , , , , , , 
16.8895385, 0.0374304, , , , , , , 16.8895385, -0.0082246, , , , , , , 16.8895385, -0.0090639, , , , , , , 16.8895385, 0.005539, , , , , , , , , , , , , , , , , , , , , , , , , , , , 
16.8900577, 0.0330663, , , , , , , 16.8900577, -0.0085603, , , , , , , 16.8900577, -0.0109102, , , , , , , 16.8900577, 0.0030213, , , , , , , , , , , , , , , , , , , , , , , , , , , , 
16.8905769, 0.0297093, , , , , , , 16.8905769, -0.0057069, , , , , , , 16.8905769, -0.0124208, , , , , , , 16.8905769, 0.0036927, , , , , , , , , , , , , , , , , , , , , , , , , , , , 
16.8910962, 0.026688, , , , , , , 16.8910962, -0.002182, , , , , , , 16.8910962, -0.0129244, , , , , , , 16.8910962, 0.0058747, , , , , , , , , , , , , , , , , , , , , , , , , , , , 
16.8916154, 0.0182956, , , , , , , 16.8916154, -0.0015106, , , , , , , 16.8916154, -0.0135958, , , , , , , 16.8916154, 0.0070497, , , , , , , , , , , , , , , , , , , , , , , , , , , , 
16.8921346, 0.0132601, , , , , , , 16.8921346, -0.0043641, , , , , , , 16.8921346, -0.012253, , , , , , , 16.8921346, 0.005539, , , , , , , , , , , , , , , , , , , , , , , , , , , , 
16.8926538, 0.0172885, , , , , , , 16.8926538, -0.0072175, , , , , , , 16.8926538, -0.0112459, , , , , , , 16.8926538, -0.0005035, , , , , , , , , , , , , , , , , , , , , , , , , , , , 
16.8931731, 0.0313878, , , , , , , 16.8931731, -0.0093996, , , , , , , 16.8931731, -0.012253, , , , , , , 16.8931731, -0.0115816, , , , , , , , , , , , , , , , , , , , , , , , , , , , 
16.8936923, 0.0428016, , , , , , , 16.8936923, -0.0099031, , , , , , , 16.8936923, -0.012253, , , , , , , 16.8936923, -0.0213169, , , , , , , , , , , , , , , , , , , , , , , , , , , , 
16.8942115, 0.0441444, , , , , , , 16.8942115, -0.0102388, , , , , , , 16.8942115, -0.0105745, , , , , , , 16.8942115, -0.0223239, , , , , , , , , , , , , , , , , , , , , , , , , , , , 
16.8947308, 0.0424659, , , , , , , 16.8947308, -0.0083925, , , , , , , 16.8947308, -0.0105745, , , , , , , 16.8947308, -0.0219883, , , , , , , , , , , , , , , , , , , , , , , , , , , , 
16.89525, 0.0451514, , , , , , , 16.89525, -0.005539, , , , , , , 16.89525, -0.0115816, , , , , , , 16.89525, -0.0236667, , , , , , , , , , , , , , , , , , , , , , , , , , , , 
16.8957692, 0.0505226, , , , , , , 16.8957692, -0.0062104, , , , , , , 16.8957692, -0.0129244, , , , , , , 16.8957692, -0.0216526, , , , , , , , , , , , , , , , , , , , , , , , , , , , 
16.8962885, 0.0473335, , , , , , , 16.8962885, -0.0075532, , , , , , , 16.8962885, -0.0132601, , , , , , , 16.8962885, -0.0152743, , , , , , , , , , , , , , , , , , , , , , , , , , , , 
16.8968077, 0.0340734, , , , , , , 16.8968077, -0.0068818, , , , , , , 16.8968077, -0.0129244, , , , , , , 16.8968077, -0.0075532, , , , , , , , , , , , , , , , , , , , , , , , , , , , 
16.8973269, 0.0193027, , , , , , , 16.8973269, -0.0077211, , , , , , , 16.8973269, -0.012253, , , , , , , 16.8973269, 0.0001678, , , , , , , , , , , , , , , , , , , , , , , , , , , , 
16.8978462, 0.0082246, , , , , , , 16.8978462, -0.0102388, , , , , , , 16.8978462, -0.0115816, , , , , , , 16.8978462, 0.0072175, , , , , , , , , , , , , , , , , , , , , , , , , , , , 
16.8983654, -0.0036927, , , , , , , 16.8983654, -0.0102388, , , , , , , 16.8983654, -0.0112459, , , , , , , 16.8983654, 0.0151064, , , , , , , , , , , , , , , , , , , , , , , , , , , , 
16.8988846, -0.0186313, , , , , , , 16.8988846, -0.0085603, , , , , , , 16.8988846, -0.008896, , , , , , , 16.8988846, 0.0223239, , , , , , , , , , , , , , , , , , , , , , , , , , , , 
16.8994038, -0.0344091, , , , , , , 16.8994038, -0.0078889, , , , , , , 16.8994038, -0.0075532, , , , , , , 16.8994038, 0.0313878, , , , , , , , , , , , , , , , , , , , , , , , , , , , 
16.8999231, -0.0458228, , , , , , , 16.8999231, -0.0082246, , , , , , , 16.8999231, -0.0075532, , , , , , , 16.8999231, 0.0433051, , , , , , , , , , , , , , , , , , , , , , , , , , , , 
16.9004423, -0.0540475, , , , , , , 16.9004423, -0.0095674, , , , , , , 16.9004423, -0.0075532, , , , , , , 16.9004423, 0.0547189, , , , , , , , , , , , , , , , , , , , , , , , , , , , 
16.9009615, -0.0626078, , , , , , , 16.9009615, -0.0095674, , , , , , , 16.9009615, -0.005539, , , , , , , 16.9009615, 0.0629435, , , , , , , , , , , , , , , , , , , , , , , , , , , , 
16.9014808, -0.0686503, , , , , , , 16.9014808, -0.0095674, , , , , , , 16.9014808, -0.0030213, , , , , , , 16.9014808, 0.0686503, , , , , , , , , , , , , , , , , , , , , , , , , , , , 
16.902, -0.0720073, , , , , , , 16.902, -0.0105745, , , , , , , 16.902, -0.0015106, , , , , , , 16.902, 0.0743572, , , , , , , , , , , , , , , , , , , , , , , , , , , , 
16.9025192, -0.0726787, , , , , , , 16.9025192, -0.0102388, , , , , , , 16.9025192, -0.002182, , , , , , , 16.9025192, 0.0753643, , , , , , , , , , , , , , , , , , , , , , , , , , , , 
16.9030385, -0.0686503, , , , , , , 16.9030385, -0.0102388, , , , , , , 16.9030385, -0.0028534, , , , , , , 16.9030385, 0.0669718, , , , , , , , , , , , , , , , , , , , , , , , , , , , 
16.9035577, -0.0558938, , , , , , , 16.9035577, -0.0092317, , , , , , , 16.9035577, -0.0038605, , , , , , , 16.9035577, 0.0522011, , , , , , , , , , , , , , , , , , , , , , , , , , , , 
16.9040769, -0.0404517, , , , , , , 16.9040769, -0.0082246, , , , , , , 16.9040769, -0.005539, , , , , , , 16.9040769, 0.040116, , , , , , , , , , , , , , , , , , , , , , , , , , , , 
16.9045962, -0.0287022, , , , , , , 16.9045962, -0.0104067, , , , , , , 16.9045962, -0.0065461, , , , , , , 16.9045962, 0.0339055, , , , , , , , , , , , , , , , , , , , , , , , , , , , 
16.9051154, -0.0209812, , , , , , , 16.9051154, -0.0115816, , , , , , , 16.9051154, -0.0085603, , , , , , , 16.9051154, 0.030045, , , , , , , , , , , , , , , , , , , , , , , , , , , , 
16.9056346, -0.0149386, , , , , , , 16.9056346, -0.008896, , , , , , , 16.9056346, -0.0095674, , , , , , , 16.9056346, 0.0280308, , , , , , , , , , , , , , , , , , , , , , , , , , , , 
16.9061538, -0.0043641, , , , , , , 16.9061538, -0.0070497, , , , , , , 16.9061538, -0.0085603, , , , , , , 16.9061538, 0.0260166, , , , , , , , , , , , , , , , , , , , , , , , , , , , 
16.9066731, 0.0082246, , , , , , , 16.9066731, -0.0082246, , , , , , , 16.9066731, -0.008896, , , , , , , 16.9066731, 0.0199741, , , , , , , , , , , , , , , , , , , , , , , , , , , , 
16.9071923, 0.0139315, , , , , , , 16.9071923, -0.0078889, , , , , , , 16.9071923, -0.0102388, , , , , , , 16.9071923, 0.0107424, , , , , , , , , , , , , , , , , , , , , , , , , , , , 
16.9077115, 0.0179599, , , , , , , 16.9077115, -0.0062104, , , , , , , 16.9077115, -0.0115816, , , , , , , 16.9077115, 0.0041962, , , , , , , , , , , , , , , , , , , , , , , , , , , , 
16.9082308, 0.0273594, , , , , , , 16.9082308, -0.0045319, , , , , , , 16.9082308, -0.0095674, , , , , , , 16.9082308, 0.0057069, , , , , , , , , , , , , , , , , , , , , , , , , , , , 
16.90875, 0.036759, , , , , , , 16.90875, -0.005539, , , , , , , 16.90875, -0.0085603, , , , , , , 16.90875, 0.0092317, , , , , , , , , , , , , , , , , , , , , , , , , , , , 
16.9092692, 0.043473, , , , , , , 16.9092692, -0.0062104, , , , , , , 16.9092692, -0.0085603, , , , , , , 16.9092692, 0.0075532, , , , , , , , , , , , , , , , , , , , , , , , , , , , 
16.9097885, 0.0491798, , , , , , , 16.9097885, -0.0068818, , , , , , , 16.9097885, -0.0092317, , , , , , , 16.9097885, 0.0031891, , , , , , , , , , , , , , , , , , , , , , , , , , , , 
16.9103077, 0.0464942, , , , , , , 16.9103077, -0.0077211, , , , , , , 16.9103077, -0.008896, , , , , , , 16.9103077, 0.0011749, , , , , , , , , , , , , , , , , , , , , , , , , , , , 
16.9108269, 0.043473, , , , , , , 16.9108269, -0.0095674, , , , , , , 16.9108269, -0.0082246, , , , , , , 16.9108269, -0.0001678, , , , , , , , , , , , , , , , , , , , , , , , , , , , 
16.9113462, 0.0471656, , , , , , , 16.9113462, -0.0099031, , , , , , , 16.9113462, -0.0082246, , , , , , , 16.9113462, -0.0008392, , , , , , , , , , , , , , , , , , , , , , , , , , , , 
16.9118654, 0.0518654, , , , , , , 16.9118654, -0.0082246, , , , , , , 16.9118654, -0.0082246, , , , , , , 16.9118654, 0.0005035, , , , , , , , , , , , , , , , , , , , , , , , , , , , 
16.9123846, 0.0522011, , , , , , , 16.9123846, -0.0041962, , , , , , , 16.9123846, -0.008896, , , , , , , 16.9123846, -0.0008392, , , , , , , , , , , , , , , , , , , , , , , , , , , , 
16.9129038, 0.0565652, , , , , , , 16.9129038, -0.0038605, , , , , , , 16.9129038, -0.0102388, , , , , , , 16.9129038, -0.0077211, , , , , , , , , , , , , , , , , , , , , , , , , , , , 
16.9134231, 0.0681468, , , , , , , 16.9134231, -0.0038605, , , , , , , 16.9134231, -0.0115816, , , , , , , 16.9134231, -0.0157778, , , , , , , , , , , , , , , , , , , , , , , , , , , , 
16.9139423, 0.0830854, , , , , , , 16.9139423, -0.0028534, , , , , , , 16.9139423, -0.0129244, , , , , , , 16.9139423, -0.0204776, , , , , , , , , , , , , , , , , , , , , , , , , , , , 
16.9144615, 0.0911421, , , , , , , 16.9144615, -0.0036927, , , , , , , 16.9144615, -0.0125887, , , , , , , 16.9144615, -0.0250095, , , , , , , , , , , , , , , , , , , , , , , , , , , , 
16.9149808, 0.0944991, , , , , , , 16.9149808, -0.0062104, , , , , , , 16.9149808, -0.0125887, , , , , , , 16.9149808, -0.0310521, , , , , , , , , , , , , , , , , , , , , , , , , , , , 
16.9155, 0.0938277, , , , , , , 16.9155, -0.0062104, , , , , , , 16.9155, -0.0135958, , , , , , , 16.9155, -0.0320592, , , , , , , , , , , , , , , , , , , , , , , , , , , , 
16.9160192, 0.0844282, , , , , , , 16.9160192, -0.0041962, , , , , , , 16.9160192, -0.0149386, , , , , , , 16.9160192, -0.0292058, , , , , , , , , , , , , , , , , , , , , , , , , , , , 
16.9165385, 0.0750286, , , , , , , 16.9165385, -0.005539, , , , , , , 16.9165385, -0.0142672, , , , , , , 16.9165385, -0.0219883, , , , , , , , , , , , , , , , , , , , , , , , , , , , 
16.9170577, 0.0652934, , , , , , , 16.9170577, -0.0062104, , , , , , , 16.9170577, -0.0139315, , , , , , , 16.9170577, -0.0132601, , , , , , , , , , , , , , , , , , , , , , , , , , , , 
16.9175769, 0.0515297, , , , , , , 16.9175769, -0.0048676, , , , , , , 16.9175769, -0.0149386, , , , , , , 16.9175769, -0.0041962, , , , , , , , , , , , , , , , , , , , , , , , , , , , 
16.9180962, 0.0365911, , , , , , , 16.9180962, -0.0043641, , , , , , , 16.9180962, -0.0135958, , , , , , , 16.9180962, 0.0062104, , , , , , , , , , , , , , , , , , , , , , , , , , , , 
16.9186154, 0.023331, , , , , , , 16.9186154, -0.0052033, , , , , , , 16.9186154, -0.0112459, , , , , , , 16.9186154, 0.0152743, , , , , , , , , , , , , , , , , , , , , , , , , , , , 
16.9191346, 0.0115816, , , , , , , 16.9191346, -0.005539, , , , , , , 16.9191346, -0.0092317, , , , , , , 16.9191346, 0.0256809, , , , , , , , , , , , , , , , , , , , , , , , , , , , 
16.9196538, -0.002182, , , , , , , 16.9196538, -0.005539, , , , , , , 16.9196538, -0.0048676, , , , , , , 16.9196538, 0.036759, , , , , , , , , , , , , , , , , , , , , , , , , , , , 
16.9201731, -0.0135958, , , , , , , 16.9201731, -0.005539, , , , , , , 16.9201731, -0.002182, , , , , , , 16.9201731, 0.0448157, , , , , , , , , , , , , , , , , , , , , , , , , , , , 
16.9206923, -0.0243381, , , , , , , 16.9206923, -0.0072175, , , , , , , 16.9206923, -0.002182, , , , , , , 16.9206923, 0.0518654, , , , , , , , , , , , , , , , , , , , , , , , , , , , 
16.9212115, -0.0359197, , , , , , , 16.9212115, -0.0095674, , , , , , , 16.9212115, 0.0001678, , , , , , , 16.9212115, 0.057908, , , , , , , , , , , , , , , , , , , , , , , , , , , , 
16.9217308, -0.0451514, , , , , , , 16.9217308, -0.0095674, , , , , , , 16.9217308, 0.0043641, , , , , , , 16.9217308, 0.0614328, , , , , , , , , , , , , , , , , , , , , , , , , , , , 
16.92225, -0.0501869, , , , , , , 16.92225, -0.0092317, , , , , , , 16.92225, 0.0075532, , , , , , , 16.92225, 0.0621042, , , , , , , , , , , , , , , , , , , , , , , , , , , , 
16.9227692, -0.0448157, , , , , , , 16.9227692, -0.0099031, , , , , , , 16.9227692, 0.0058747, , , , , , , 16.9227692, 0.0592508, , , , , , , , , , , , , , , , , , , , , , , , , , , , 
16.9232885, -0.0276951, , , , , , , 16.9232885, -0.0115816, , , , , , , 16.9232885, 0.0018463, , , , , , , 16.9232885, 0.0513619, , , , , , , , , , , , , , , , , , , , , , , , , , , , 
16.9238077, -0.0186313, , , , , , , 16.9238077, -0.0132601, , , , , , , 16.9238077, 0.0005035, , , , , , , 16.9238077, 0.0426337, , , , , , , , , , , , , , , , , , , , , , , , , , , , 
16.9243269, -0.0164492, , , , , , , 16.9243269, -0.012253, , , , , , , 16.9243269, 0.0005035, , , , , , , 16.9243269, 0.0340734, , , , , , , , , , , , , , , , , , , , , , , , , , , , 
16.9248462, -0.0095674, , , , , , , 16.9248462, -0.0102388, , , , , , , 16.9248462, 0.0001678, , , , , , , 16.9248462, 0.0260166, , , , , , , , , , , , , , , , , , , , , , , , , , , , 
16.9253654, 0.0025177, , , , , , , 16.9253654, -0.0082246, , , , , , , 16.9253654, -0.002182, , , , , , , 16.9253654, 0.0218204, , , , , , , , , , , , , , , , , , , , , , , , , , , , 
16.9258846, 0.008896, , , , , , , 16.9258846, -0.0075532, , , , , , , 16.9258846, -0.0043641, , , , , , , 16.9258846, 0.0179599, , , , , , , , , , , , , , , , , , , , , , , , , , , , 
16.9264038, 0.0070497, , , , , , , 16.9264038, -0.0075532, , , , , , , 16.9264038, -0.0052033, , , , , , , 16.9264038, 0.0139315, , , , , , , , , , , , , , , , , , , , , , , , , , , , 
16.9269231, 0.0048676, , , , , , , 16.9269231, -0.0058747, , , , , , , 16.9269231, -0.005539, , , , , , , 16.9269231, 0.0125887, , , , , , , , , , , , , , , , , , , , , , , , , , , , 
16.9274423, 0.0062104, , , , , , , 16.9274423, -0.0058747, , , , , , , 16.9274423, -0.0068818, , , , , , , 16.9274423, 0.0119173, , , , , , , , , , , , , , , , , , , , , , , , , , , , 
16.9279615, 0.0125887, , , , , , , 16.9279615, -0.0075532, , , , , , , 16.9279615, -0.0062104, , , , , , , 16.9279615, 0.012253, , , , , , , , , , , , , , , , , , , , , , , , , , , , 
16.9284808, 0.0139315, , , , , , , 16.9284808, -0.0095674, , , , , , , 16.9284808, -0.0046998, , , , , , , 16.9284808, 0.0119173, , , , , , , , , , , , , , , , , , , , , , , , , , , , 
16.929, 0.0102388, , , , , , , 16.929, -0.008896, , , , , , , 16.929, -0.0062104, , , , , , , 16.929, 0.0115816, , , , , , , , , , , , , , , , , , , , , , , , , , , , 
16.9295192, 0.0031891, , , , , , , 16.9295192, -0.0085603, , , , , , , 16.9295192, -0.0072175, , , , , , , 16.9295192, 0.0105745, , , , , , , , , , , , , , , , , , , , , , , , , , , , 
16.9300385, 0.0001678, , , , , , , 16.9300385, -0.0085603, , , , , , , 16.9300385, -0.0077211, , , , , , , 16.9300385, 0.010071, , , , , , , , , , , , , , , , , , , , , , , , , , , , 
16.9305577, 0.0045319, , , , , , , 16.9305577, -0.0092317, , , , , , , 16.9305577, -0.0078889, , , , , , , 16.9305577, 0.0102388, , , , , , , , , , , , , , , , , , , , , , , , , , , , 
16.9310769, 0.0050355, , , , , , , 16.9310769, -0.0099031, , , , , , , 16.9310769, -0.0082246, , , , , , , 16.9310769, 0.0085603, , , , , , , , , , , , , , , , , , , , , , , , , , , , 
16.9315962, -0.0005035, , , , , , , 16.9315962, -0.0099031, , , , , , , 16.9315962, -0.0072175, , , , , , , 16.9315962, 0.0075532, , , , , , , , , , , , , , , , , , , , , , , , , , , , 
16.9321154, -0.0031891, , , , , , , 16.9321154, -0.0102388, , , , , , , 16.9321154, -0.0075532, , , , , , , 16.9321154, 0.0078889, , , , , , , , , , , , , , , , , , , , , , , , , , , , 
16.9326346, 0.0011749, , , , , , , 16.9326346, -0.0102388, , , , , , , 16.9326346, -0.0065461, , , , , , , 16.9326346, 0.0045319, , , , , , , , , , , , , , , , , , , , , , , , , , , , 
16.9331538, 0.0102388, , , , , , , 16.9331538, -0.0102388, , , , , , , 16.9331538, -0.0052033, , , , , , , 16.9331538, -0.0058747, , , , , , , , , , , , , , , , , , , , , , , , , , , , 
16.9336731, 0.0240024, , , , , , , 16.9336731, -0.0102388, , , , , , , 16.9336731, -0.0065461, , , , , , , 16.9336731, -0.01561, , , , , , , , , , , , , , , , , , , , , , , , , , , , 
16.9341923, 0.035584, , , , , , , 16.9341923, -0.0095674, , , , , , , 16.9341923, -0.0082246, , , , , , , 16.9341923, -0.0196384, , , , , , , , , , , , , , , , , , , , , , , , , , , , 
16.9347115, 0.0407874, , , , , , , 16.9347115, -0.0087282, , , , , , , 16.9347115, -0.0082246, , , , , , , 16.9347115, -0.0199741, , , , , , , , , , , , , , , , , , , , , , , , , , , , 
16.9352308, 0.043473, , , , , , , 16.9352308, -0.0078889, , , , , , , 16.9352308, -0.0109102, , , , , , , 16.9352308, -0.0229953, , , , , , , , , , , , , , , , , , , , , , , , , , , , 
16.93575, 0.0475013, , , , , , , 16.93575, -0.0068818, , , , , , , 16.93575, -0.0142672, , , , , , , 16.93575, -0.0243381, , , , , , , , , , , , , , , , , , , , , , , , , , , , 
16.9362692, 0.0505226, , , , , , , 16.9362692, -0.0057069, , , , , , , 16.9362692, -0.0169528, , , , , , , 16.9362692, -0.0243381, , , , , , , , , , , , , , , , , , , , , , , , , , , , 
16.9367885, 0.0508583, , , , , , , 16.9367885, -0.005539, , , , , , , 16.9367885, -0.0169528, , , , , , , 16.9367885, -0.0206455, , , , , , , , , , , , , , , , , , , , , , , , , , , , 
16.9373077, 0.0424659, , , , , , , 16.9373077, -0.0082246, , , , , , , 16.9373077, -0.0146029, , , , , , , 16.9373077, -0.0109102, , , , , , , , , , , , , , , , , , , , , , , , , , , , 
16.9378269, 0.0350805, , , , , , , 16.9378269, -0.0102388, , , , , , , 16.9378269, -0.0115816, , , , , , , 16.9378269, 0.0015106, , , , , , , , , , , , , , , , , , , , , , , , , , , , 
16.9383462, 0.0330663, , , , , , , 16.9383462, -0.0092317, , , , , , , 16.9383462, -0.0112459, , , , , , , 16.9383462, 0.0125887, , , , , , , , , , , , , , , , , , , , , , , , , , , , 
16.9388654, 0.0240024, , , , , , , 16.9388654, -0.0068818, , , , , , , 16.9388654, -0.0112459, , , , , , , 16.9388654, 0.0226596, , , , , , , , , , , , , , , , , , , , , , , , , , , , 
16.9393846, 0.0035248, , , , , , , 16.9393846, -0.0058747, , , , , , , 16.9393846, -0.0102388, , , , , , , 16.9393846, 0.0347448, , , , , , , , , , , , , , , , , , , , , , , , , , , , 
16.9399038, -0.0199741, , , , , , , 16.9399038, -0.0068818, , , , , , , 16.9399038, -0.0090639, , , , , , , 16.9399038, 0.0441444, , , , , , , , , , , , , , , , , , , , , , , , , , , , 
16.9404231, -0.0345769, , , , , , , 16.9404231, -0.0077211, , , , , , , 16.9404231, -0.0068818, , , , , , , 16.9404231, 0.0485084, , , , , , , , , , , , , , , , , , , , , , , , , , , , 
16.9409423, -0.0426337, , , , , , , 16.9409423, -0.0068818, , , , , , , 16.9409423, -0.005539, , , , , , , 16.9409423, 0.0501869, , , , , , , , , , , , , , , , , , , , , , , , , , , , 
16.9414615, -0.0498512, , , , , , , 16.9414615, -0.005539, , , , , , , 16.9414615, -0.0036927, , , , , , , 16.9414615, 0.0513619, , , , , , , , , , , , , , , , , , , , , , , , , , , , 
16.9419808, -0.054551, , , , , , , 16.9419808, -0.0050355, , , , , , , 16.9419808, -0.0028534, , , , , , , 16.9419808, 0.0548867, , , , , , , , , , , , , , , , , , , , , , , , , , , , 
16.9425, -0.0562295, , , , , , , 16.9425, -0.0062104, , , , , , , 16.9425, -0.0028534, , , , , , , 16.9425, 0.0565652, , , , , , , , , , , , , , , , , , , , , , , , , , , , 
16.9430192, -0.0515297, , , , , , , 16.9430192, -0.0082246, , , , , , , 16.9430192, -0.0031891, , , , , , , 16.9430192, 0.051194, , , , , , , , , , , , , , , , , , , , , , , , , , , , 
16.9435385, -0.0360876, , , , , , , 16.9435385, -0.0083925, , , , , , , 16.9435385, -0.0025177, , , , , , , 16.9435385, 0.0409552, , , , , , , , , , , , , , , , , , , , , , , , , , , , 
16.9440577, -0.0182956, , , , , , , 16.9440577, -0.0068818, , , , , , , 16.9440577, -0.0028534, , , , , , , 16.9440577, 0.0307164, , , , , , , , , , , , , , , , , , , , , , , , , , , , 
16.9445769, -0.0072175, , , , , , , 16.9445769, -0.005539, , , , , , , 16.9445769, -0.0041962, , , , , , , 16.9445769, 0.0248417, , , , , , , , , , , , , , , , , , , , , , , , , , , , 
16.9450962, -0.0018463, , , , , , , 16.9450962, -0.0062104, , , , , , , 16.9450962, -0.0052033, , , , , , , 16.9450962, 0.0229953, , , , , , , , , , , , , , , , , , , , , , , , , , , , 
16.9456154, 0.0031891, , , , , , , 16.9456154, -0.0068818, , , , , , , 16.9456154, -0.0045319, , , , , , , 16.9456154, 0.0199741, , , , , , , , , , , , , , , , , , , , , , , , , , , , 
16.9461346, 0.0068818, , , , , , , 16.9461346, -0.0068818, , , , , , , 16.9461346, -0.0052033, , , , , , , 16.9461346, 0.0149386, , , , , , , , , , , , , , , , , , , , , , , , , , , , 
16.9466538, 0.0099031, , , , , , , 16.9466538, -0.005539, , , , , , , 16.9466538, -0.0065461, , , , , , , 16.9466538, 0.0105745, , , , , , , , , , , , , , , , , , , , , , , , , , , , 
16.9471731, 0.012253, , , , , , , 16.9471731, -0.0052033, , , , , , , 16.9471731, -0.008896, , , , , , , 16.9471731, 0.0075532, , , , , , , , , , , , , , , , , , , , , , , , , , , , 
16.9476923, 0.0112459, , , , , , , 16.9476923, -0.0062104, , , , , , , 16.9476923, -0.0109102, , , , , , , 16.9476923, 0.0038605, , , , , , , , , , , , , , , , , , , , , , , , , , , , 
16.9482115, 0.0092317, , , , , , , 16.9482115, -0.0070497, , , , , , , 16.9482115, -0.0115816, , , , , , , 16.9482115, 0.0001678, , , , , , , , , , , , , , , , , , , , , , , , , , , , 
16.9487308, 0.0132601, , , , , , , 16.9487308, -0.0090639, , , , , , , 16.9487308, -0.0117494, , , , , , , 16.9487308, -0.0025177, , , , , , , , , , , , , , , , , , , , , , , , , , , , 
16.94925, 0.026688, , , , , , , 16.94925, -0.0102388, , , , , , , 16.94925, -0.0109102, , , , , , , 16.94925, -0.002182, , , , , , , , , , , , , , , , , , , , , , , , , , , , 
16.9497692, 0.0354162, , , , , , , 16.9497692, -0.0093996, , , , , , , 16.9497692, -0.0099031, , , , , , , 16.9497692, -0.0015106, , , , , , , , , , , , , , , , , , , , , , , , , , , , 
16.9502885, 0.0354162, , , , , , , 16.9502885, -0.0085603, , , , , , , 16.9502885, -0.0102388, , , , , , , 16.9502885, -0.0025177, , , , , , , , , , , , , , , , , , , , , , , , , , , , 
16.9508077, 0.0352483, , , , , , , 16.9508077, -0.0075532, , , , , , , 16.9508077, -0.008896, , , , , , , 16.9508077, -0.002182, , , , , , , , , , , , , , , , , , , , , , , , , , , , 
16.9513269, 0.0396124, , , , , , , 16.9513269, -0.0075532, , , , , , , 16.9513269, -0.0082246, , , , , , , 16.9513269, -0.0023499, , , , , , , , , , , , , , , , , , , , , , , , , , , , 
16.9518462, 0.0433051, , , , , , , 16.9518462, -0.008896, , , , , , , 16.9518462, -0.0085603, , , , , , , 16.9518462, -0.0028534, , , , , , , , , , , , , , , , , , , , , , , , , , , , 
16.9523654, 0.0454871, , , , , , , 16.9523654, -0.0095674, , , , , , , 16.9523654, -0.0099031, , , , , , , 16.9523654, -0.0078889, , , , , , , , , , , , , , , , , , , , , , , , , , , , 
16.9528846, 0.051194, , , , , , , 16.9528846, -0.0092317, , , , , , , 16.9528846, -0.011078, , , , , , , 16.9528846, -0.0186313, , , , , , , , , , , , , , , , , , , , , , , , , , , , 
16.9534038, 0.0602579, , , , , , , 16.9534038, -0.0068818, , , , , , , 16.9534038, -0.012253, , , , , , , 16.9534038, -0.0297093, , , , , , , , , , , , , , , , , , , , , , , , , , , , 
16.9539231, 0.0659648, , , , , , , 16.9539231, -0.005539, , , , , , , 16.9539231, -0.0124208, , , , , , , 16.9539231, -0.0337377, , , , , , , , , , , , , , , , , , , , , , , , , , , , 
16.9544423, 0.068986, , , , , , , 16.9544423, -0.0062104, , , , , , , 16.9544423, -0.0114137, , , , , , , 16.9544423, -0.0330663, , , , , , , , , , , , , , , , , , , , , , , , , , , , 
16.9549615, 0.0706645, , , , , , , 16.9549615, -0.0070497, , , , , , , 16.9549615, -0.0112459, , , , , , , 16.9549615, -0.0325628, , , , , , , , , , , , , , , , , , , , , , , , , , , , 
16.9554808, 0.0693217, , , , , , , 16.9554808, -0.0068818, , , , , , , 16.9554808, -0.0132601, , , , , , , 16.9554808, -0.0310521, , , , , , , , , , , , , , , , , , , , , , , , , , , , 
16.956, 0.0664683, , , , , , , 16.956, -0.0065461, , , , , , , 16.956, -0.0146029, , , , , , , 16.956, -0.0276951, , , , , , , , , , , , , , , , , , , , , , , , , , , , 
16.9565192, 0.0619364, , , , , , , 16.9565192, -0.0075532, , , , , , , 16.9565192, -0.0146029, , , , , , , 16.9565192, -0.0209812, , , , , , , , , , , , , , , , , , , , , , , , , , , , 
16.9570385, 0.0525368, , , , , , , 16.9570385, -0.0072175, , , , , , , 16.9570385, -0.0129244, , , , , , , 16.9570385, -0.0102388, , , , , , , , , , , , , , , , , , , , , , , , , , , , 
16.9575577, 0.0370947, , , , , , , 16.9575577, -0.0062104, , , , , , , 16.9575577, -0.0109102, , , , , , , 16.9575577, 0.002182, , , , , , , , , , , , , , , , , , , , , , , , , , , , 
16.9580769, 0.026688, , , , , , , 16.9580769, -0.0045319, , , , , , , 16.9580769, -0.0104067, , , , , , , 16.9580769, 0.0092317, , , , , , , , , , , , , , , , , , , , , , , , , , , , 
16.9585962, 0.0199741, , , , , , , 16.9585962, -0.005539, , , , , , , 16.9585962, -0.0105745, , , , , , , 16.9585962, 0.0139315, , , , , , , , , , , , , , , , , , , , , , , , , , , , 
16.9591154, 0.0078889, , , , , , , 16.9591154, -0.0068818, , , , , , , 16.9591154, -0.0092317, , , , , , , 16.9591154, 0.0226596, , , , , , , , , , , , , , , , , , , , , , , , , , , , 
16.9596346, -0.0031891, , , , , , , 16.9596346, -0.0082246, , , , , , , 16.9596346, -0.0075532, , , , , , , 16.9596346, 0.0352483, , , , , , , , , , , , , , , , , , , , , , , , , , , , 
16.9601538, -0.0112459, , , , , , , 16.9601538, -0.0095674, , , , , , , 16.9601538, -0.0062104, , , , , , , 16.9601538, 0.0421302, , , , , , , , , , , , , , , , , , , , , , , , , , , , 
16.9606731, -0.0198062, , , , , , , 16.9606731, -0.0099031, , , , , , , 16.9606731, -0.0068818, , , , , , , 16.9606731, 0.0428016, , , , , , , , , , , , , , , , , , , , , , , , , , , , 
16.9611923, -0.0256809, , , , , , , 16.9611923, -0.0092317, , , , , , , 16.9611923, -0.0072175, , , , , , , 16.9611923, 0.0431373, , , , , , , , , , , , , , , , , , , , , , , , , , , , 
16.9617115, -0.0283665, , , , , , , 16.9617115, -0.008896, , , , , , , 16.9617115, -0.005539, , , , , , , 16.9617115, 0.0488441, , , , , , , , , , , , , , , , , , , , , , , , , , , , 
16.9622308, -0.0276951, , , , , , , 16.9622308, -0.0099031, , , , , , , 16.9622308, -0.0041962, , , , , , , 16.9622308, 0.0538796, , , , , , , , , , , , , , , , , , , , , , , , , , , , 
16.96275, -0.0260166, , , , , , , 16.96275, -0.0115816, , , , , , , 16.96275, -0.0038605, , , , , , , 16.96275, 0.0525368, , , , , , , , , , , , , , , , , , , , , , , , , , , , 
16.9632692, -0.0176242, , , , , , , 16.9632692, -0.0124208, , , , , , , 16.9632692, -0.0038605, , , , , , , 16.9632692, 0.0464942, , , , , , , , , , , , , , , , , , , , , , , , , , , , 
16.9637885, -0.0041962, , , , , , , 16.9637885, -0.0112459, , , , , , , 16.9637885, -0.0031891, , , , , , , 16.9637885, 0.040116, , , , , , , , , , , , , , , , , , , , , , , , , , , , 
16.9643077, 0.0001678, , , , , , , 16.9643077, -0.0097353, , , , , , , 16.9643077, -0.0048676, , , , , , , 16.9643077, 0.0360876, , , , , , , , , , , , , , , , , , , , , , , , , , , , 
16.9648269, 0.0041962, , , , , , , 16.9648269, -0.0082246, , , , , , , 16.9648269, -0.0077211, , , , , , , 16.9648269, 0.0330663, , , , , , , , , , , , , , , , , , , , , , , , , , , , 
16.9653462, 0.0092317, , , , , , , 16.9653462, -0.0075532, , , , , , , 16.9653462, -0.0073854, , , , , , , 16.9653462, 0.0283665, , , , , , , , , , , , , , , , , , , , , , , , , , , , 
16.9658654, 0.0137636, , , , , , , 16.9658654, -0.0090639, , , , , , , 16.9658654, -0.0068818, , , , , , , 16.9658654, 0.0251774, , , , , , , , , , , , , , , , , , , , , , , , , , , , 
16.9663846, 0.0162814, , , , , , , 16.9663846, -0.0109102, , , , , , , 16.9663846, -0.0057069, , , , , , , 16.9663846, 0.023331, , , , , , , , , , , , , , , , , , , , , , , , , , , , 
16.9669038, 0.0176242, , , , , , , 16.9669038, -0.0112459, , , , , , , 16.9669038, -0.0062104, , , , , , , 16.9669038, 0.0194705, , , , , , , , , , , , , , , , , , , , , , , , , , , , 
16.9674231, 0.0226596, , , , , , , 16.9674231, -0.0102388, , , , , , , 16.9674231, -0.0072175, , , , , , , 16.9674231, 0.0152743, , , , , , , , , , , , , , , , , , , , , , , , , , , , 
16.9679423, 0.0273594, , , , , , , 16.9679423, -0.0099031, , , , , , , 16.9679423, -0.008896, , , , , , , 16.9679423, 0.012253, , , , , , , , , , , , , , , , , , , , , , , , , , , , 
16.9684615, 0.030045, , , , , , , 16.9684615, -0.0112459, , , , , , , 16.9684615, -0.0104067, , , , , , , 16.9684615, 0.0095674, , , , , , , , , , , , , , , , , , , , , , , , , , , , 
16.9689808, 0.0292058, , , , , , , 16.9689808, -0.0107424, , , , , , , 16.9689808, -0.0109102, , , , , , , 16.9689808, 0.0072175, , , , , , , , , , , , , , , , , , , , , , , , , , , , 
16.9695, 0.0256809, , , , , , , 16.9695, -0.0068818, , , , , , , 16.9695, -0.0115816, , , , , , , 16.9695, 0.005539, , , , , , , , , , , , , , , , , , , , , , , , , , , , 
16.9700192, 0.0206455, , , , , , , 16.9700192, -0.0036927, , , , , , , 16.9700192, -0.012253, , , , , , , 16.9700192, 0.0015106, , , , , , , , , , , , , , , , , , , , , , , , , , , , 
16.9705385, 0.0162814, , , , , , , 16.9705385, -0.0023499, , , , , , , 16.9705385, -0.0115816, , , , , , , 16.9705385, -0.0018463, , , , , , , , , , , , , , , , , , , , , , , , , , , , 
16.9710577, 0.01561, , , , , , , 16.9710577, -0.0028534, , , , , , , 16.9710577, -0.0112459, , , , , , , 16.9710577, -0.0015106, , , , , , , , , , , , , , , , , , , , , , , , , , , , 
16.9715769, 0.0159457, , , , , , , 16.9715769, -0.0025177, , , , , , , 16.9715769, -0.0105745, , , , , , , 16.9715769, -0.0001678, , , , , , , , , , , , , , , , , , , , , , , , , , , , 
16.9720962, 0.0181277, , , , , , , 16.9720962, -0.0025177, , , , , , , 16.9720962, -0.0085603, , , , , , , 16.9720962, -0.0003357, , , , , , , , , , , , , , , , , , , , , , , , , , , , 
16.9726154, 0.0199741, , , , , , , 16.9726154, -0.0045319, , , , , , , 16.9726154, -0.0095674, , , , , , , 16.9726154, -0.0048676, , , , , , , , , , , , , , , , , , , , , , , , , , , , 
16.9731346, 0.0223239, , , , , , , 16.9731346, -0.0048676, , , , , , , 16.9731346, -0.0105745, , , , , , , 16.9731346, -0.0169528, , , , , , , , , , , , , , , , , , , , , , , , , , , , 
16.9736538, 0.027863, , , , , , , 16.9736538, -0.0050355, , , , , , , 16.9736538, -0.0099031, , , , , , , 16.9736538, -0.0283665, , , , , , , , , , , , , , , , , , , , , , , , , , , , 
16.9741731, 0.0354162, , , , , , , 16.9741731, -0.0057069, , , , , , , 16.9741731, -0.0095674, , , , , , , 16.9741731, -0.0337377, , , , , , , , , , , , , , , , , , , , , , , , , , , , 
16.9746923, 0.0411231, , , , , , , 16.9746923, -0.0068818, , , , , , , 16.9746923, -0.0109102, , , , , , , 16.9746923, -0.0377661, , , , , , , , , , , , , , , , , , , , , , , , , , , , 
16.9752115, 0.040116, , , , , , , 16.9752115, -0.0082246, , , , , , , 16.9752115, -0.0132601, , , , , , , 16.9752115, -0.0381018, , , , , , , , , , , , , , , , , , , , , , , , , , , , 
16.9757308, 0.0394446, , , , , , , 16.9757308, -0.0075532, , , , , , , 16.9757308, -0.0125887, , , , , , , 16.9757308, -0.033402, , , , , , , , , , , , , , , , , , , , , , , , , , , , 
16.97625, 0.0409552, , , , , , , 16.97625, -0.005539, , , , , , , 16.97625, -0.0082246, , , , , , , 16.97625, -0.0256809, , , , , , , , , , , , , , , , , , , , , , , , , , , , 
16.9767692, 0.040116, , , , , , , 16.9767692, -0.0057069, , , , , , , 16.9767692, -0.005539, , , , , , , 16.9767692, -0.0166171, , , , , , , , , , , , , , , , , , , , , , , , , , , , 
16.9772885, 0.0320592, , , , , , , 16.9772885, -0.0058747, , , , , , , 16.9772885, -0.0045319, , , , , , , 16.9772885, -0.0092317, , , , , , , , , , , , , , , , , , , , , , , , , , , , 
16.9778077, 0.0186313, , , , , , , 16.9778077, -0.0062104, , , , , , , 16.9778077, -0.0048676, , , , , , , 16.9778077, -0.0018463, , , , , , , , , , , , , , , , , , , , , , , , , , , , 
16.9783269, 0.0052033, , , , , , , 16.9783269, -0.0060426, , , , , , , 16.9783269, -0.0041962, , , , , , , 16.9783269, 0.0092317, , , , , , , , , , , , , , , , , , , , , , , , , , , , 
16.9788462, -0.0085603, , , , , , , 16.9788462, -0.0057069, , , , , , , 16.9788462, -0.0028534, , , , , , , 16.9788462, 0.0198062, , , , , , , , , , , , , , , , , , , , , , , , , , , , 
16.9793654, -0.0219883, , , , , , , 16.9793654, -0.0077211, , , , , , , 16.9793654, -0.0011749, , , , , , , 16.9793654, 0.0305486, , , , , , , , , , , , , , , , , , , , , , , , , , , , 
16.9798846, -0.0340734, , , , , , , 16.9798846, -0.0109102, , , , , , , 16.9798846, -0.0030213, , , , , , , 16.9798846, 0.0417945, , , , , , , , , , , , , , , , , , , , , , , , , , , , 
16.9804038, -0.0451514, , , , , , , 16.9804038, -0.0125887, , , , , , , 16.9804038, -0.0038605, , , , , , , 16.9804038, 0.0491798, , , , , , , , , , , , , , , , , , , , , , , , , , , , 
16.9809231, -0.0528725, , , , , , , 16.9809231, -0.0115816, , , , , , , 16.9809231, -0.0035248, , , , , , , 16.9809231, 0.0535439, , , , , , , , , , , , , , , , , , , , , , , , , , , , 
16.9814423, -0.0570687, , , , , , , 16.9814423, -0.0105745, , , , , , , 16.9814423, -0.0025177, , , , , , , 16.9814423, 0.0572366, , , , , , , , , , , , , , , , , , , , , , , , , , , , 
16.9819615, -0.0619364, , , , , , , 16.9819615, -0.0102388, , , , , , , 16.9819615, -0.0018463, , , , , , , 16.9819615, 0.061265, , , , , , , , , , , , , , , , , , , , , , , , , , , , 
16.9824808, -0.0663005, , , , , , , 16.9824808, -0.0077211, , , , , , , 16.9824808, -0.0015106, , , , , , , 16.9824808, 0.0616007, , , , , , , , , , , , , , , , , , , , , , , , , , , , 
16.983, -0.0641184, , , , , , , 16.983, -0.0050355, , , , , , , 16.983, -0.0008392, , , , , , , 16.983, 0.0558938, , , , , , , , , , , , , , , , , , , , , , , , , , , , 
16.9835192, -0.0535439, , , , , , , 16.9835192, -0.0068818, , , , , , , 16.9835192, -0.0018463, , , , , , , 16.9835192, 0.0458228, , , , , , , , , , , , , , , , , , , , , , , , , , , , 
16.9840385, -0.0364233, , , , , , , 16.9840385, -0.0082246, , , , , , , 16.9840385, -0.0028534, , , , , , , 16.9840385, 0.0384375, , , , , , , , , , , , , , , , , , , , , , , , , , , , 
16.9845577, -0.0199741, , , , , , , 16.9845577, -0.0082246, , , , , , , 16.9845577, -0.0041962, , , , , , , 16.9845577, 0.0320592, , , , , , , , , , , , , , , , , , , , , , , , , , , , 
16.9850769, -0.0105745, , , , , , , 16.9850769, -0.0082246, , , , , , , 16.9850769, -0.0058747, , , , , , , 16.9850769, 0.0258488, , , , , , , , , , , , , , , , , , , , , , , , , , , , 
16.9855962, -0.0058747, , , , , , , 16.9855962, -0.0085603, , , , , , , 16.9855962, -0.0068818, , , , , , , 16.9855962, 0.0209812, , , , , , , , , , , , , , , , , , , , , , , , , , , , 
16.9861154, -0.0050355, , , , , , , 16.9861154, -0.0082246, , , , , , , 16.9861154, -0.0068818, , , , , , , 16.9861154, 0.0199741, , , , , , , , , , , , , , , , , , , , , , , , , , , , 
16.9866346, -0.0060426, , , , , , , 16.9866346, -0.0070497, , , , , , , 16.9866346, -0.0075532, , , , , , , 16.9866346, 0.0179599, , , , , , , , , , , , , , , , , , , , , , , , , , , , 
16.9871538, -0.0045319, , , , , , , 16.9871538, -0.0072175, , , , , , , 16.9871538, -0.0082246, , , , , , , 16.9871538, 0.0119173, , , , , , , , , , , , , , , , , , , , , , , , , , , , 
16.9876731, -0.0006714, , , , , , , 16.9876731, -0.0075532, , , , , , , 16.9876731, -0.0085603, , , , , , , 16.9876731, 0.0068818, , , , , , , , , , , , , , , , , , , , , , , , , , , , 
16.9881923, 0.0052033, , , , , , , 16.9881923, -0.0082246, , , , , , , 16.9881923, -0.0075532, , , , , , , 16.9881923, 0.003357, , , , , , , , , , , , , , , , , , , , , , , , , , , , 
16.9887115, 0.0139315, , , , , , , 16.9887115, -0.0085603, , , , , , , 16.9887115, -0.0031891, , , , , , , 16.9887115, 0.0023499, , , , , , , , , , , , , , , , , , , , , , , , , , , , 
16.9892308, 0.023331, , , , , , , 16.9892308, -0.0099031, , , , , , , 16.9892308, -0.0006714, , , , , , , 16.9892308, 0.0018463, , , , , , , , , , , , , , , , , , , , , , , , , , , , 
16.98975, 0.026688, , , , , , , 16.98975, -0.0090639, , , , , , , 16.98975, -0.0025177, , , , , , , 16.98975, 0.0011749, , , , , , , , , , , , , , , , , , , , , , , , , , , , 
16.9902692, 0.026688, , , , , , , 16.9902692, -0.0063783, , , , , , , 16.9902692, -0.005539, , , , , , , 16.9902692, 0.0008392, , , , , , , , , , , , , , , , , , , , , , , , , , , , 
16.9907885, 0.0360876, , , , , , , 16.9907885, -0.0050355, , , , , , , 16.9907885, -0.0057069, , , , , , , 16.9907885, 0.0006714, , , , , , , , , , , , , , , , , , , , , , , , , , , , 
16.9913077, 0.0441444, , , , , , , 16.9913077, -0.0068818, , , , , , , 16.9913077, -0.005539, , , , , , , 16.9913077, 0.0025177, , , , , , , , , , , , , , , , , , , , , , , , , , , , 
16.9918269, 0.0421302, , , , , , , 16.9918269, -0.0097353, , , , , , , 16.9918269, -0.0041962, , , , , , , 16.9918269, 0.005539, , , , , , , , , , , , , , , , , , , , , , , , , , , , 
16.9923462, 0.0417945, , , , , , , 16.9923462, -0.0102388, , , , , , , 16.9923462, -0.0052033, , , , , , , 16.9923462, 0.0050355, , , , , , , , , , , , , , , , , , , , , , , , , , , , 
16.9928654, 0.0508583, , , , , , , 16.9928654, -0.0095674, , , , , , , 16.9928654, -0.0078889, , , , , , , 16.9928654, -0.0020142, , , , , , , , , , , , , , , , , , , , , , , , , , , , 
16.9933846, 0.0642863, , , , , , , 16.9933846, -0.0082246, , , , , , , 16.9933846, -0.0090639, , , , , , , 16.9933846, -0.0109102, , , , , , , , , , , , , , , , , , , , , , , , , , , , 
16.9939038, 0.0716716, , , , , , , 16.9939038, -0.0075532, , , , , , , 16.9939038, -0.0095674, , , , , , , 16.9939038, -0.0169528, , , , , , , , , , , , , , , , , , , , , , , , , , , , 
16.9944231, 0.072343, , , , , , , 16.9944231, -0.0072175, , , , , , , 16.9944231, -0.0102388, , , , , , , 16.9944231, -0.0223239, , , , , , , , , , , , , , , , , , , , , , , , , , , , 
16.9949423, 0.0716716, , , , , , , 16.9949423, -0.0083925, , , , , , , 16.9949423, -0.012253, , , , , , , 16.9949423, -0.0285344, , , , , , , , , , , , , , , , , , , , , , , , , , , , 
16.9954615, 0.0736858, , , , , , , 16.9954615, -0.0112459, , , , , , , 16.9954615, -0.0139315, , , , , , , 16.9954615, -0.0330663, , , , , , , , , , , , , , , , , , , , , , , , , , , , 
16.9959808, 0.0720073, , , , , , , 16.9959808, -0.0119173, , , , , , , 16.9959808, -0.014435, , , , , , , 16.9959808, -0.0323949, , , , , , , , , , , , , , , , , , , , , , , , , , , , 
16.9965, 0.0626078, , , , , , , 16.9965, -0.0102388, , , , , , , 16.9965, -0.014435, , , , , , , 16.9965, -0.0280308, , , , , , , , , , , , , , , , , , , , , , , , , , , , 
16.9970192, 0.0527047, , , , , , , 16.9970192, -0.0099031, , , , , , , 16.9970192, -0.0149386, , , , , , , 16.9970192, -0.0204776, , , , , , , , , , , , , , , , , , , , , , , , , , , , 
16.9975385, 0.047837, , , , , , , 16.9975385, -0.0104067, , , , , , , 16.9975385, -0.0139315, , , , , , , 16.9975385, -0.0115816, , , , , , , , , , , , , , , , , , , , , , , , , , , , 
16.9980577, 0.0414588, , , , , , , 16.9980577, -0.0105745, , , , , , , 16.9980577, -0.0112459, , , , , , , 16.9980577, -0.0041962, , , , , , , , , , , , , , , , , , , , , , , , , , , , 
16.9985769, 0.033402, , , , , , , 16.9985769, -0.0099031, , , , , , , 16.9985769, -0.0099031, , , , , , , 16.9985769, 0.0025177, , , , , , , , , , , , , , , , , , , , , , , , , , , , 
16.9990962, 0.0226596, , , , , , , 16.9990962, -0.0095674, , , , , , , 16.9990962, -0.010071, , , , , , , 16.9990962, 0.0142672, , , , , , , , , , , , , , , , , , , , , , , , , , , , 
16.9996154, 0.0090639, , , , , , , 16.9996154, -0.0102388, , , , , , , 16.9996154, -0.0112459, , , , , , , 16.9996154, 0.0276951, , , , , , , , , , , , , , , , , , , , , , , , , , , , 
17.0001346, -0.0028534, , , , , , , 17.0001346, -0.0099031, , , , , , , 17.0001346, -0.0112459, , , , , , , 17.0001346, 0.0374304, , , , , , , , , , , , , , , , , , , , , , , , , , , , 
17.0006538, -0.0135958, , , , , , , 17.0006538, -0.0082246, , , , , , , 17.0006538, -0.0097353, , , , , , , 17.0006538, 0.0441444, , , , , , , , , , , , , , , , , , , , , , , , , , , , 
17.0011731, -0.0260166, , , , , , , 17.0011731, -0.008896, , , , , , , 17.0011731, -0.008896, , , , , , , 17.0011731, 0.0498512, , , , , , , , , , , , , , , , , , , , , , , , , , , , 
17.0016923, -0.0350805, , , , , , , 17.0016923, -0.0099031, , , , , , , 17.0016923, -0.0082246, , , , , , , 17.0016923, 0.0535439, , , , , , , , , , , , , , , , , , , , , , , , , , , , 
17.0022115, -0.0350805, , , , , , , 17.0022115, -0.008896, , , , , , , 17.0022115, -0.0048676, , , , , , , 17.0022115, 0.054551, , , , , , , , , , , , , , , , , , , , , , , , , , , , 
17.0027308, -0.0298772, , , , , , , 17.0027308, -0.0070497, , , , , , , 17.0027308, -0.002182, , , , , , , 17.0027308, 0.0518654, , , , , , , , , , , , , , , , , , , , , , , , , , , , 
17.00325, -0.0231632, , , , , , , 17.00325, -0.0072175, , , , , , , 17.00325, -0.0028534, , , , , , , 17.00325, 0.04448, , , , , , , , , , , , , , , , , , , , , , , , , , , , 
17.0037692, -0.0102388, , , , , , , 17.0037692, -0.0072175, , , , , , , 17.0037692, -0.0028534, , , , , , , 17.0037692, 0.0359197, , , , , , , , , , , , , , , , , , , , , , , , , , , , 
17.0042885, -0.0005035, , , , , , , 17.0042885, -0.0077211, , , , , , , 17.0042885, -0.0031891, , , , , , , 17.0042885, 0.0293736, , , , , , , , , , , , , , , , , , , , , , , , , , , , 
17.0048077, -0.0018463, , , , , , , 17.0048077, -0.0072175, , , , , , , 17.0048077, -0.0062104, , , , , , , 17.0048077, 0.0246738, , , , , , , , , , , , , , , , , , , , , , , , , , , , 
17.0053269, -0.0031891, , , , , , , 17.0053269, -0.005539, , , , , , , 17.0053269, -0.0065461, , , , , , , 17.0053269, 0.018967, , , , , , , , , , , , , , , , , , , , , , , , , , , , 
17.0058462, 0.002182, , , , , , , 17.0058462, -0.0058747, , , , , , , 17.0058462, -0.005539, , , , , , , 17.0058462, 0.0146029, , , , , , , , , , , , , , , , , , , , , , , , , , , , 
17.0063654, 0.0065461, , , , , , , 17.0063654, -0.0085603, , , , , , , 17.0063654, -0.0082246, , , , , , , 17.0063654, 0.0129244, , , , , , , , , , , , , , , , , , , , , , , , , , , , 
17.0068846, 0.0097353, , , , , , , 17.0068846, -0.0102388, , , , , , , 17.0068846, -0.0095674, , , , , , , 17.0068846, 0.0125887, , , , , , , , , , , , , , , , , , , , , , , , , , , , 
17.0074038, 0.010071, , , , , , , 17.0074038, -0.0082246, , , , , , , 17.0074038, -0.0087282, , , , , , , 17.0074038, 0.0092317, , , , , , , , , , , , , , , , , , , , , , , , , , , , 
17.0079231, 0.0132601, , , , , , , 17.0079231, -0.0062104, , , , , , , 17.0079231, -0.0082246, , , , , , , 17.0079231, 0.0062104, , , , , , , , , , , , , , , , , , , , , , , , , , , , 
17.0084423, 0.0191348, , , , , , , 17.0084423, -0.0065461, , , , , , , 17.0084423, -0.0085603, , , , , , , 17.0084423, 0.0048676, , , , , , , , , , , , , , , , , , , , , , , , , , , , 
17.0089615, 0.0236667, , , , , , , 17.0089615, -0.0068818, , , , , , , 17.0089615, -0.0070497, , , , , , , 17.0089615, 0.0058747, , , , , , , , , , , , , , , , , , , , , , , , , , , , 
17.0094808, 0.0253452, , , , , , , 17.0094808, -0.0068818, , , , , , , 17.0094808, -0.0035248, , , , , , , 17.0094808, 0.0099031, , , , , , , , , , , , , , , , , , , , , , , , , , , , 
17.01, 0.0271916, , , , , , , 17.01, -0.0075532, , , , , , , 17.01, -0.0015106, , , , , , , 17.01, 0.0115816, , , , , , , , , , , , , , , , , , , , , , , , , , , , 
17.0105192, 0.0265202, , , , , , , 17.0105192, -0.0068818, , , , , , , 17.0105192, -0.0008392, , , , , , , 17.0105192, 0.008896, , , , , , , , , , , , , , , , , , , , , , , , , , , , 
17.0110385, 0.0276951, , , , , , , 17.0110385, -0.0065461, , , , , , , 17.0110385, 0.0003357, , , , , , , 17.0110385, 0.0075532, , , , , , , , , , , , , , , , , , , , , , , , , , , , 
17.0115577, 0.0285344, , , , , , , 17.0115577, -0.0082246, , , , , , , 17.0115577, -0.0001678, , , , , , , 17.0115577, 0.0075532, , , , , , , , , , , , , , , , , , , , , , , , , , , , 
17.0120769, 0.0297093, , , , , , , 17.0120769, -0.008896, , , , , , , 17.0120769, -0.002182, , , , , , , 17.0120769, 0.0082246, , , , , , , , , , , , , , , , , , , , , , , , , , , , 
17.0125962, 0.0360876, , , , , , , 17.0125962, -0.0083925, , , , , , , 17.0125962, -0.0062104, , , , , , , 17.0125962, 0.0045319, , , , , , , , , , , , , , , , , , , , , , , , , , , , 
17.0131154, 0.0453193, , , , , , , 17.0131154, -0.008896, , , , , , , 17.0131154, -0.0095674, , , , , , , 17.0131154, -0.0058747, , , , , , , , , , , , , , , , , , , , , , , , , , , , 
17.0136346, 0.0560616, , , , , , , 17.0136346, -0.0083925, , , , , , , 17.0136346, -0.0095674, , , , , , , 17.0136346, -0.0149386, , , , , , , , , , , , , , , , , , , , , , , , , , , , 
17.0141538, 0.0642863, , , , , , , 17.0141538, -0.0062104, , , , , , , 17.0141538, -0.0092317, , , , , , , 17.0141538, -0.0176242, , , , , , , , , , , , , , , , , , , , , , , , , , , , 
17.0146731, 0.068986, , , , , , , 17.0146731, -0.0048676, , , , , , , 17.0146731, -0.0095674, , , , , , , 17.0146731, -0.0176242, , , , , , , , , , , , , , , , , , , , , , , , , , , , 
17.0151923, 0.0703288, , , , , , , 17.0151923, -0.0068818, , , , , , , 17.0151923, -0.0107424, , , , , , , 17.0151923, -0.0191348, , , , , , , , , , , , , , , , , , , , , , , , , , , , 
17.0157115, 0.0673075, , , , , , , 17.0157115, -0.0092317, , , , , , , 17.0157115, -0.0129244, , , , , , , 17.0157115, -0.018967, , , , , , , , , , , , , , , , , , , , , , , , , , , , 
17.0162308, 0.0582437, , , , , , , 17.0162308, -0.0085603, , , , , , , 17.0162308, -0.0142672, , , , , , , 17.0162308, -0.0115816, , , , , , , , , , , , , , , , , , , , , , , , , , , , 
17.01675, 0.0481727, , , , , , , 17.01675, -0.0062104, , , , , , , 17.01675, -0.0149386, , , , , , , 17.01675, -0.0028534, , , , , , , , , , , , , , , , , , , , , , , , , , , , 
17.0172692, 0.0419623, , , , , , , 17.0172692, -0.0052033, , , , , , , 17.0172692, -0.014435, , , , , , , 17.0172692, 0.005539, , , , , , , , , , , , , , , , , , , , , , , , , , , , 
17.0177885, 0.0360876, , , , , , , 17.0177885, -0.0058747, , , , , , , 17.0177885, -0.0135958, , , , , , , 17.0177885, 0.0092317, , , , , , , , , , , , , , , , , , , , , , , , , , , , 
17.0183077, 0.0240024, , , , , , , 17.0183077, -0.0062104, , , , , , , 17.0183077, -0.0135958, , , , , , , 17.0183077, 0.0105745, , , , , , , , , , , , , , , , , , , , , , , , , , , , 
17.0188269, 0.0115816, , , , , , , 17.0188269, -0.0065461, , , , , , , 17.0188269, -0.0135958, , , , , , , 17.0188269, 0.0166171, , , , , , , , , , , , , , , , , , , , , , , , , , , , 
17.0193462, 0.0008392, , , , , , , 17.0193462, -0.0068818, , , , , , , 17.0193462, -0.0125887, , , , , , , 17.0193462, 0.0287022, , , , , , , , , , , , , , , , , , , , , , , , , , , , 
17.0198654, -0.0082246, , , , , , , 17.0198654, -0.0075532, , , , , , , 17.0198654, -0.0115816, , , , , , , 17.0198654, 0.0397803, , , , , , , , , , , , , , , , , , , , , , , , , , , , 
17.0203846, -0.0140993, , , , , , , 17.0203846, -0.008896, , , , , , , 17.0203846, -0.0082246, , , , , , , 17.0203846, 0.0454871, , , , , , , , , , , , , , , , , , , , , , , , , , , , 
17.0209038, -0.0184634, , , , , , , 17.0209038, -0.0075532, , , , , , , 17.0209038, -0.005539, , , , , , , 17.0209038, 0.0495155, , , , , , , , , , , , , , , , , , , , , , , , , , , , 
17.0214231, -0.0256809, , , , , , , 17.0214231, -0.0063783, , , , , , , 17.0214231, -0.0048676, , , , , , , 17.0214231, 0.0533761, , , , , , , , , , , , , , , , , , , , , , , , , , , , 
17.0219423, -0.0317235, , , , , , , 17.0219423, -0.0052033, , , , , , , 17.0219423, -0.0065461, , , , , , , 17.0219423, 0.0555581, , , , , , , , , , , , , , , , , , , , , , , , , , , , 
17.0224615, -0.0330663, , , , , , , 17.0224615, -0.0038605, , , , , , , 17.0224615, -0.0068818, , , , , , , 17.0224615, 0.0535439, , , , , , , , , , , , , , , , , , , , , , , , , , , , 
17.0229808, -0.0290379, , , , , , , 17.0229808, -0.0048676, , , , , , , 17.0229808, -0.0072175, , , , , , , 17.0229808, 0.0459907, , , , , , , , , , , , , , , , , , , , , , , , , , , , 
17.0235, -0.0198062, , , , , , , 17.0235, -0.0058747, , , , , , , 17.0235, -0.0068818, , , , , , , 17.0235, 0.0370947, , , , , , , , , , , , , , , , , , , , , , , , , , , , 
17.0240192, -0.0072175, , , , , , , 17.0240192, -0.0063783, , , , , , , 17.0240192, -0.005539, , , , , , , 17.0240192, 0.0287022, , , , , , , , , , , , , , , , , , , , , , , , , , , , 
17.0245385, -0.0036927, , , , , , , 17.0245385, -0.0072175, , , , , , , 17.0245385, -0.0075532, , , , , , , 17.0245385, 0.0196384, , , , , , , , , , , , , , , , , , , , , , , , , , , , 
17.0250577, -0.0050355, , , , , , , 17.0250577, -0.0075532, , , , , , , 17.0250577, -0.0109102, , , , , , , 17.0250577, 0.0129244, , , , , , , , , , , , , , , , , , , , , , , , , , , , 
17.0255769, -0.0003357, , , , , , , 17.0255769, -0.0073854, , , , , , , 17.0255769, -0.0125887, , , , , , , 17.0255769, 0.0105745, , , , , , , , , , , , , , , , , , , , , , , , , , , , 
17.0260962, 0.0075532, , , , , , , 17.0260962, -0.0075532, , , , , , , 17.0260962, -0.0112459, , , , , , , 17.0260962, 0.0119173, , , , , , , , , , , , , , , , , , , , , , , , , , , , 
17.0266154, 0.0119173, , , , , , , 17.0266154, -0.0077211, , , , , , , 17.0266154, -0.0102388, , , , , , , 17.0266154, 0.012253, , , , , , , , , , , , , , , , , , , , , , , , , , , , 
17.0271346, 0.0119173, , , , , , , 17.0271346, -0.0082246, , , , , , , 17.0271346, -0.0105745, , , , , , , 17.0271346, 0.0114137, , , , , , , , , , , , , , , , , , , , , , , , , , , , 
17.0276538, 0.0130922, , , , , , , 17.0276538, -0.0075532, , , , , , , 17.0276538, -0.0102388, , , , , , , 17.0276538, 0.0102388, , , , , , , , , , , , , , , , , , , , , , , , , , , , 
17.0281731, 0.0119173, , , , , , , 17.0281731, -0.005539, , , , , , , 17.0281731, -0.0082246, , , , , , , 17.0281731, 0.008896, , , , , , , , , , , , , , , , , , , , , , , , , , , , 
17.0286923, 0.005539, , , , , , , 17.0286923, -0.0043641, , , , , , , 17.0286923, -0.0082246, , , , , , , 17.0286923, 0.0092317, , , , , , , , , , , , , , , , , , , , , , , , , , , , 
17.0292115, 0.0011749, , , , , , , 17.0292115, -0.005539, , , , , , , 17.0292115, -0.0090639, , , , , , , 17.0292115, 0.0083925, , , , , , , , , , , , , , , , , , , , , , , , , , , , 
17.0297308, 0.002182, , , , , , , 17.0297308, -0.005539, , , , , , , 17.0297308, -0.008896, , , , , , , 17.0297308, 0.0065461, , , , , , , , , , , , , , , , , , , , , , , , , , , , 
17.03025, 0.0031891, , , , , , , 17.03025, -0.0068818, , , , , , , 17.03025, -0.0077211, , , , , , , 17.03025, 0.0078889, , , , , , , , , , , , , , , , , , , , , , , , , , , , 
17.0307692, 0.0005035, , , , , , , 17.0307692, -0.0082246, , , , , , , 17.0307692, -0.0062104, , , , , , , 17.0307692, 0.0117494, , , , , , , , , , , , , , , , , , , , , , , , , , , , 
17.0312885, -0.0015106, , , , , , , 17.0312885, -0.0075532, , , , , , , 17.0312885, -0.0045319, , , , , , , 17.0312885, 0.0142672, , , , , , , , , , , , , , , , , , , , , , , , , , , , 
17.0318077, -0.0028534, , , , , , , 17.0318077, -0.0070497, , , , , , , 17.0318077, -0.0035248, , , , , , , 17.0318077, 0.0139315, , , , , , , , , , , , , , , , , , , , , , , , , , , , 
17.0323269, -0.0015106, , , , , , , 17.0323269, -0.0068818, , , , , , , 17.0323269, -0.0035248, , , , , , , 17.0323269, 0.0105745, , , , , , , , , , , , , , , , , , , , , , , , , , , , 
17.0328462, 0.0078889, , , , , , , 17.0328462, -0.0068818, , , , , , , 17.0328462, -0.0045319, , , , , , , 17.0328462, 0.0045319, , , , , , , , , , , , , , , , , , , , , , , , , , , , 
17.0333654, 0.0246738, , , , , , , 17.0333654, -0.0073854, , , , , , , 17.0333654, -0.0068818, , , , , , , 17.0333654, -0.002182, , , , , , , , , , , , , , , , , , , , , , , , , , , , 
17.0338846, 0.0391089, , , , , , , 17.0338846, -0.0075532, , , , , , , 17.0338846, -0.0078889, , , , , , , 17.0338846, -0.0065461, , , , , , , , , , , , , , , , , , , , , , , , , , , , 
17.0344038, 0.0454871, , , , , , , 17.0344038, -0.0062104, , , , , , , 17.0344038, -0.0095674, , , , , , , 17.0344038, -0.0105745, , , , , , , , , , , , , , , , , , , , , , , , , , , , 
17.0349231, 0.0448157, , , , , , , 17.0349231, -0.0048676, , , , , , , 17.0349231, -0.0119173, , , , , , , 17.0349231, -0.012253, , , , , , , , , , , , , , , , , , , , , , , , , , , , 
17.0354423, 0.0428016, , , , , , , 17.0354423, -0.0068818, , , , , , , 17.0354423, -0.0124208, , , , , , , 17.0354423, -0.012253, , , , , , , , , , , , , , , , , , , , , , , , , , , , 
17.0359615, 0.0417945, , , , , , , 17.0359615, -0.0078889, , , , , , , 17.0359615, -0.0129244, , , , , , , 17.0359615, -0.0119173, , , , , , , , , , , , , , , , , , , , , , , , , , , , 
17.0364808, 0.0381018, , , , , , , 17.0364808, -0.0063783, , , , , , , 17.0364808, -0.0129244, , , , , , , 17.0364808, -0.0082246, , , , , , , , , , , , , , , , , , , , , , , , , , , , 
17.037, 0.0293736, , , , , , , 17.037, -0.005539, , , , , , , 17.037, -0.011078, , , , , , , 17.037, -0.0015106, , , , , , , , , , , , , , , , , , , , , , , , , , , , 
17.0375192, 0.0213169, , , , , , , 17.0375192, -0.0058747, , , , , , , 17.0375192, -0.008896, , , , , , , 17.0375192, 0.0058747, , , , , , , , , , , , , , , , , , , , , , , , , , , , 
17.0380385, 0.012253, , , , , , , 17.0380385, -0.0070497, , , , , , , 17.0380385, -0.0095674, , , , , , , 17.0380385, 0.0115816, , , , , , , , , , , , , , , , , , , , , , , , , , , , 
17.0385577, 0.0028534, , , , , , , 17.0385577, -0.0070497, , , , , , , 17.0385577, -0.0120851, , , , , , , 17.0385577, 0.0127565, , , , , , , , , , , , , , , , , , , , , , , , , , , , 
17.0390769, -0.0082246, , , , , , , 17.0390769, -0.0072175, , , , , , , 17.0390769, -0.0119173, , , , , , , 17.0390769, 0.0179599, , , , , , , , , , , , , , , , , , , , , , , , , , , , 
17.0395962, -0.0206455, , , , , , , 17.0395962, -0.0095674, , , , , , , 17.0395962, -0.0092317, , , , , , , 17.0395962, 0.0260166, , , , , , , , , , , , , , , , , , , , , , , , , , , , 
17.0401154, -0.0246738, , , , , , , 17.0401154, -0.0102388, , , , , , , 17.0401154, -0.0068818, , , , , , , 17.0401154, 0.0327306, , , , , , , , , , , , , , , , , , , , , , , , , , , , 
17.0406346, -0.0260166, , , , , , , 17.0406346, -0.0083925, , , , , , , 17.0406346, -0.0072175, , , , , , , 17.0406346, 0.0381018, , , , , , , , , , , , , , , , , , , , , , , , , , , , 
17.0411538, -0.0283665, , , , , , , 17.0411538, -0.008896, , , , , , , 17.0411538, -0.010071, , , , , , , 17.0411538, 0.0428016, , , , , , , , , , , , , , , , , , , , , , , , , , , , 
17.0416731, -0.0290379, , , , , , , 17.0416731, -0.0102388, , , , , , , 17.0416731, -0.0090639, , , , , , , 17.0416731, 0.0468299, , , , , , , , , , , , , , , , , , , , , , , , , , , , 
17.0421923, -0.0270237, , , , , , , 17.0421923, -0.0112459, , , , , , , 17.0421923, -0.0075532, , , , , , , 17.0421923, 0.0481727, , , , , , , , , , , , , , , , , , , , , , , , , , , , 
17.0427115, -0.0292058, , , , , , , 17.0427115, -0.0125887, , , , , , , 17.0427115, -0.0060426, , , , , , , 17.0427115, 0.0464942, , , , , , , , , , , , , , , , , , , , , , , , , , , , 
17.0432308, -0.0276951, , , , , , , 17.0432308, -0.0132601, , , , , , , 17.0432308, -0.0057069, , , , , , , 17.0432308, 0.0404517, , , , , , , , , , , , , , , , , , , , , , , , , , , , 
17.04375, -0.0142672, , , , , , , 17.04375, -0.0135958, , , , , , , 17.04375, -0.0058747, , , , , , , 17.04375, 0.0340734, , , , , , , , , , , , , , , , , , , , , , , , , , , , 
17.0442692, 0.0006714, , , , , , , 17.0442692, -0.0137636, , , , , , , 17.0442692, -0.0045319, , , , , , , 17.0442692, 0.0287022, , , , , , , , , , , , , , , , , , , , , , , , , , , , 
17.0447885, 0.0099031, , , , , , , 17.0447885, -0.0125887, , , , , , , 17.0447885, -0.0028534, , , , , , , 17.0447885, 0.0246738, , , , , , , , , , , , , , , , , , , , , , , , , , , , 
17.0453077, 0.0119173, , , , , , , 17.0453077, -0.0104067, , , , , , , 17.0453077, -0.0031891, , , , , , , 17.0453077, 0.0199741, , , , , , , , , , , , , , , , , , , , , , , , , , , , 
17.0458269, 0.0169528, , , , , , , 17.0458269, -0.0097353, , , , , , , 17.0458269, -0.002182, , , , , , , 17.0458269, 0.0157778, , , , , , , , , , , , , , , , , , , , , , , , , , , , 
17.0463462, 0.0226596, , , , , , , 17.0463462, -0.010071, , , , , , , 17.0463462, -0.0018463, , , , , , , 17.0463462, 0.0152743, , , , , , , , , , , , , , , , , , , , , , , , , , , , 
17.0468654, 0.027863, , , , , , , 17.0468654, -0.0095674, , , , , , , 17.0468654, -0.0015106, , , , , , , 17.0468654, 0.0159457, , , , , , , , , , , , , , , , , , , , , , , , , , , , 
17.0473846, 0.0303807, , , , , , , 17.0473846, -0.0095674, , , , , , , 17.0473846, -0.0018463, , , , , , , 17.0473846, 0.0130922, , , , , , , , , , , , , , , , , , , , , , , , , , , , 
17.0479038, 0.0313878, , , , , , , 17.0479038, -0.011078, , , , , , , 17.0479038, -0.0050355, , , , , , , 17.0479038, 0.0078889, , , , , , , , , , , , , , , , , , , , , , , , , , , , 
17.0484231, 0.0307164, , , , , , , 17.0484231, -0.012253, , , , , , , 17.0484231, -0.0068818, , , , , , , 17.0484231, 0.0048676, , , , , , , , , , , , , , , , , , , , , , , , , , , , 
17.0489423, 0.0293736, , , , , , , 17.0489423, -0.0130922, , , , , , , 17.0489423, -0.005539, , , , , , , 17.0489423, 0.0041962, , , , , , , , , , , , , , , , , , , , , , , , , , , , 
17.0494615, 0.0317235, , , , , , , 17.0494615, -0.0129244, , , , , , , 17.0494615, -0.0057069, , , , , , , 17.0494615, 0.0052033, , , , , , , , , , , , , , , , , , , , , , , , , , , , 
17.0499808, 0.036759, , , , , , , 17.0499808, -0.0125887, , , , , , , 17.0499808, -0.0095674, , , , , , , 17.0499808, 0.0050355, , , , , , , , , , , , , , , , , , , , , , , , , , , , 
17.0505, 0.0391089, , , , , , , 17.0505, -0.0119173, , , , , , , 17.0505, -0.0129244, , , , , , , 17.0505, 0.0058747, , , , , , , , , , , , , , , , , , , , , , , , , , , , 
17.0510192, 0.040116, , , , , , , 17.0510192, -0.0115816, , , , , , , 17.0510192, -0.0125887, , , , , , , 17.0510192, 0.0048676, , , , , , , , , , , , , , , , , , , , , , , , , , , , 
17.0515385, 0.0414588, , , , , , , 17.0515385, -0.0099031, , , , , , , 17.0515385, -0.0105745, , , , , , , 17.0515385, 0.0048676, , , , , , , , , , , , , , , , , , , , , , , , , , , , 
17.0520577, 0.0441444, , , , , , , 17.0520577, -0.0090639, , , , , , , 17.0520577, -0.0102388, , , , , , , 17.0520577, 0.0018463, , , , , , , , , , , , , , , , , , , , , , , , , , , , 
17.0525769, 0.0506905, , , , , , , 17.0525769, -0.008896, , , , , , , 17.0525769, -0.012253, , , , , , , 17.0525769, -0.0041962, , , , , , , , , , , , , , , , , , , , , , , , , , , , 
17.0530962, 0.0616007, , , , , , , 17.0530962, -0.0082246, , , , , , , 17.0530962, -0.0130922, , , , , , , 17.0530962, -0.0109102, , , , , , , , , , , , , , , , , , , , , , , , , , , , 
17.0536154, 0.0713359, , , , , , , 17.0536154, -0.0075532, , , , , , , 17.0536154, -0.012253, , , , , , , 17.0536154, -0.018967, , , , , , , , , , , , , , , , , , , , , , , , , , , , 
17.0541346, 0.0760357, , , , , , , 17.0541346, -0.005539, , , , , , , 17.0541346, -0.012253, , , , , , , 17.0541346, -0.023331, , , , , , , , , , , , , , , , , , , , , , , , , , , , 
17.0546538, 0.0763714, , , , , , , 17.0546538, -0.0045319, , , , , , , 17.0546538, -0.0135958, , , , , , , 17.0546538, -0.024506, , , , , , , , , , , , , , , , , , , , , , , , , , , , 
17.0551731, 0.0770428, , , , , , , 17.0551731, -0.005539, , , , , , , 17.0551731, -0.0135958, , , , , , , 17.0551731, -0.0258488, , , , , , , , , , , , , , , , , , , , , , , , , , , , 
17.0556923, 0.0757, , , , , , , 17.0556923, -0.0050355, , , , , , , 17.0556923, -0.0139315, , , , , , , 17.0556923, -0.0243381, , , , , , , , , , , , , , , , , , , , , , , , , , , , 
17.0562115, 0.0676432, , , , , , , 17.0562115, -0.0028534, , , , , , , 17.0562115, -0.0142672, , , , , , , 17.0562115, -0.0184634, , , , , , , , , , , , , , , , , , , , , , , , , , , , 
17.0567308, 0.054551, , , , , , , 17.0567308, -0.0031891, , , , , , , 17.0567308, -0.012253, , , , , , , 17.0567308, -0.0112459, , , , , , , , , , , , , , , , , , , , , , , , , , , , 
17.05725, 0.0464942, , , , , , , 17.05725, -0.0048676, , , , , , , 17.05725, -0.0115816, , , , , , , 17.05725, -0.0031891, , , , , , , , , , , , , , , , , , , , , , , , , , , , 
17.0577692, 0.0426337, , , , , , , 17.0577692, -0.0050355, , , , , , , 17.0577692, -0.0112459, , , , , , , 17.0577692, 0.0048676, , , , , , , , , , , , , , , , , , , , , , , , , , , , 
17.0582885, 0.0381018, , , , , , , 17.0582885, -0.0052033, , , , , , , 17.0582885, -0.0095674, , , , , , , 17.0582885, 0.0112459, , , , , , , , , , , , , , , , , , , , , , , , , , , , 
17.0588077, 0.023331, , , , , , , 17.0588077, -0.0062104, , , , , , , 17.0588077, -0.0063783, , , , , , , 17.0588077, 0.0186313, , , , , , , , , , , , , , , , , , , , , , , , , , , , 
17.0593269, 0.0052033, , , , , , , 17.0593269, -0.0075532, , , , , , , 17.0593269, -0.0015106, , , , , , , 17.0593269, 0.0280308, , , , , , , , , , , , , , , , , , , , , , , , , , , , 
17.0598462, -0.0092317, , , , , , , 17.0598462, -0.0082246, , , , , , , 17.0598462, 0.0011749, , , , , , , 17.0598462, 0.0381018, , , , , , , , , , , , , , , , , , , , , , , , , , , , 
17.0603654, -0.0191348, , , , , , , 17.0603654, -0.0075532, , , , , , , 17.0603654, -0.0001678, , , , , , , 17.0603654, 0.0475013, , , , , , , , , , , , , , , , , , , , , , , , , , , , 
17.0608846, -0.0243381, , , , , , , 17.0608846, -0.0063783, , , , , , , 17.0608846, -0.0001678, , , , , , , 17.0608846, 0.0528725, , , , , , , , , , , , , , , , , , , , , , , , , , , , 
17.0614038, -0.0307164, , , , , , , 17.0614038, -0.0062104, , , , , , , 17.0614038, 0.0005035, , , , , , , 17.0614038, 0.0562295, , , , , , , , , , , , , , , , , , , , , , , , , , , , 
17.0619231, -0.0370947, , , , , , , 17.0619231, -0.0075532, , , , , , , 17.0619231, 0.0011749, , , , , , , 17.0619231, 0.0622721, , , , , , , , , , , , , , , , , , , , , , , , , , , , 
17.0624423, -0.0359197, , , , , , , 17.0624423, -0.0095674, , , , , , , 17.0624423, 0.0018463, , , , , , , 17.0624423, 0.0642863, , , , , , , , , , , , , , , , , , , , , , , , , , , , 
17.0629615, -0.0287022, , , , , , , 17.0629615, -0.0115816, , , , , , , 17.0629615, 0.0010071, , , , , , , 17.0629615, 0.0589151, , , , , , , , , , , , , , , , , , , , , , , , , , , , 
17.0634808, -0.0179599, , , , , , , 17.0634808, -0.0109102, , , , , , , 17.0634808, -0.0001678, , , , , , , 17.0634808, 0.0495155, , , , , , , , , , , , , , , , , , , , , , , , , , , , 
17.064, -0.0115816, , , , , , , 17.064, -0.0102388, , , , , , , 17.064, -0.0013428, , , , , , , 17.064, 0.0424659, , , , , , , , , , , , , , , , , , , , , , , , , , , , 
17.0645192, -0.0095674, , , , , , , 17.0645192, -0.0109102, , , , , , , 17.0645192, -0.0031891, , , , , , , 17.0645192, 0.0364233, , , , , , , , , , , , , , , , , , , , , , , , , , , , 
17.0650385, -0.0060426, , , , , , , 17.0650385, -0.0112459, , , , , , , 17.0650385, -0.0058747, , , , , , , 17.0650385, 0.0276951, , , , , , , , , , , , , , , , , , , , , , , , , , , , 
17.0655577, 0.0011749, , , , , , , 17.0655577, -0.0109102, , , , , , , 17.0655577, -0.0062104, , , , , , , 17.0655577, 0.0191348, , , , , , , , , , , , , , , , , , , , , , , , , , , , 
17.0660769, 0.0068818, , , , , , , 17.0660769, -0.0095674, , , , , , , 17.0660769, -0.005539, , , , , , , 17.0660769, 0.0132601, , , , , , , , , , , , , , , , , , , , , , , , , , , , 
17.0665962, 0.0097353, , , , , , , 17.0665962, -0.0082246, , , , , , , 17.0665962, -0.0068818, , , , , , , 17.0665962, 0.010071, , , , , , , , , , , , , , , , , , , , , , , , , , , , 
17.0671154, 0.0139315, , , , , , , 17.0671154, -0.0058747, , , , , , , 17.0671154, -0.0075532, , , , , , , 17.0671154, 0.0082246, , , , , , , , , , , , , , , , , , , , , , , , , , , , 
17.0676346, 0.0169528, , , , , , , 17.0676346, -0.0028534, , , , , , , 17.0676346, -0.0048676, , , , , , , 17.0676346, 0.0105745, , , , , , , , , , , , , , , , , , , , , , , , , , , , 
17.0681538, 0.0172885, , , , , , , 17.0681538, -0.002182, , , , , , , 17.0681538, -0.0023499, , , , , , , 17.0681538, 0.0132601, , , , , , , , , , , , , , , , , , , , , , , , , , , , 
17.0686731, 0.0191348, , , , , , , 17.0686731, -0.0030213, , , , , , , 17.0686731, -0.0028534, , , , , , , 17.0686731, 0.0139315, , , , , , , , , , , , , , , , , , , , , , , , , , , , 
17.0691923, 0.0172885, , , , , , , 17.0691923, -0.0048676, , , , , , , 17.0691923, -0.0045319, , , , , , , 17.0691923, 0.0125887, , , , , , , , , , , , , , , , , , , , , , , , , , , , 
17.0697115, 0.0129244, , , , , , , 17.0697115, -0.0062104, , , , , , , 17.0697115, -0.0048676, , , , , , , 17.0697115, 0.0105745, , , , , , , , , , , , , , , , , , , , , , , , , , , , 
17.0702308, 0.0129244, , , , , , , 17.0702308, -0.0068818, , , , , , , 17.0702308, -0.0043641, , , , , , , 17.0702308, 0.008896, , , , , , , , , , , , , , , , , , , , , , , , , , , , 
17.07075, 0.0142672, , , , , , , 17.07075, -0.0070497, , , , , , , 17.07075, -0.0045319, , , , , , , 17.07075, 0.0078889, , , , , , , , , , , , , , , , , , , , , , , , , , , , 
17.0712692, 0.0151064, , , , , , , 17.0712692, -0.0072175, , , , , , , 17.0712692, -0.006714, , , , , , , 17.0712692, 0.0085603, , , , , , , , , , , , , , , , , , , , , , , , , , , , 
17.0717885, 0.0125887, , , , , , , 17.0717885, -0.0062104, , , , , , , 17.0717885, -0.0072175, , , , , , , 17.0717885, 0.0078889, , , , , , , , , , , , , , , , , , , , , , , , , , , , 
17.0723077, 0.0001678, , , , , , , 17.0723077, -0.005539, , , , , , , 17.0723077, -0.0082246, , , , , , , 17.0723077, 0.0038605, , , , , , , , , , , , , , , , , , , , , , , , , , , , 
17.0728269, -0.0048676, , , , , , , 17.0728269, -0.005539, , , , , , , 17.0728269, -0.0099031, , , , , , , 17.0728269, -0.0041962, , , , , , , , , , , , , , , , , , , , , , , , , , , , 
17.0733462, 0.0025177, , , , , , , 17.0733462, -0.0045319, , , , , , , 17.0733462, -0.0112459, , , , , , , 17.0733462, -0.0125887, , , , , , , , , , , , , , , , , , , , , , , , , , , , 
17.0738654, 0.0102388, , , , , , , 17.0738654, -0.0028534, , , , , , , 17.0738654, -0.0109102, , , , , , , 17.0738654, -0.0169528, , , , , , , , , , , , , , , , , , , , , , , , , , , , 
17.0743846, 0.0132601, , , , , , , 17.0743846, -0.0023499, , , , , , , 17.0743846, -0.0095674, , , , , , , 17.0743846, -0.0193027, , , , , , , , , , , , , , , , , , , , , , , , , , , , 
17.0749038, 0.0164492, , , , , , , 17.0749038, -0.002182, , , , , , , 17.0749038, -0.008896, , , , , , , 17.0749038, -0.0203098, , , , , , , , , , , , , , , , , , , , , , , , , , , , 
17.0754231, 0.0176242, , , , , , , 17.0754231, -0.0031891, , , , , , , 17.0754231, -0.0092317, , , , , , , 17.0754231, -0.0198062, , , , , , , , , , , , , , , , , , , , , , , , , , , , 
17.0759423, 0.0182956, , , , , , , 17.0759423, -0.0035248, , , , , , , 17.0759423, -0.011078, , , , , , , 17.0759423, -0.0176242, , , , , , , , , , , , , , , , , , , , , , , , , , , , 
17.0764615, 0.0172885, , , , , , , 17.0764615, -0.0011749, , , , , , , 17.0764615, -0.0119173, , , , , , , 17.0764615, -0.0102388, , , , , , , , , , , , , , , , , , , , , , , , , , , , 
17.0769808, 0.0152743, , , , , , , 17.0769808, -0.0015106, , , , , , , 17.0769808, -0.0104067, , , , , , , 17.0769808, 0.0001678, , , , , , , , , , , , , , , , , , , , , , , , , , , , 
17.0775, 0.0152743, , , , , , , 17.0775, -0.0041962, , , , , , , 17.0775, -0.0075532, , , , , , , 17.0775, 0.0052033, , , , , , , , , , , , , , , , , , , , , , , , , , , , 
17.0780192, 0.0172885, , , , , , , 17.0780192, -0.0045319, , , , , , , 17.0780192, -0.0085603, , , , , , , 17.0780192, 0.0063783, , , , , , , , , , , , , , , , , , , , , , , , , , , , 
17.0785385, 0.0176242, , , , , , , 17.0785385, -0.0048676, , , , , , , 17.0785385, -0.0105745, , , , , , , 17.0785385, 0.0114137, , , , , , , , , , , , , , , , , , , , , , , , , , , , 
17.0790577, 0.0092317, , , , , , , 17.0790577, -0.0043641, , , , , , , 17.0790577, -0.0105745, , , , , , , 17.0790577, 0.0204776, , , , , , , , , , , , , , , , , , , , , , , , , , , , 
17.0795769, -0.0052033, , , , , , , 17.0795769, -0.0052033, , , , , , , 17.0795769, -0.008896, , , , , , , 17.0795769, 0.0287022, , , , , , , , , , , , , , , , , , , , , , , , , , , , 
17.0800962, -0.0152743, , , , , , , 17.0800962, -0.0063783, , , , , , , 17.0800962, -0.0062104, , , , , , , 17.0800962, 0.0350805, , , , , , , , , , , , , , , , , , , , , , , , , , , , 
17.0806154, -0.0182956, , , , , , , 17.0806154, -0.0050355, , , , , , , 17.0806154, -0.005539, , , , , , , 17.0806154, 0.0370947, , , , , , , , , , , , , , , , , , , , , , , , , , , , 
17.0811346, -0.0216526, , , , , , , 17.0811346, -0.0045319, , , , , , , 17.0811346, -0.0062104, , , , , , , 17.0811346, 0.0394446, , , , , , , , , , , , , , , , , , , , , , , , , , , , 
17.0816538, -0.0236667, , , , , , , 17.0816538, -0.0046998, , , , , , , 17.0816538, -0.0062104, , , , , , , 17.0816538, 0.0448157, , , , , , , , , , , , , , , , , , , , , , , , , , , , 
17.0821731, -0.0229953, , , , , , , 17.0821731, -0.0048676, , , , , , , 17.0821731, -0.0045319, , , , , , , 17.0821731, 0.0468299, , , , , , , , , , , , , , , , , , , , , , , , , , , , 
17.0826923, -0.0193027, , , , , , , 17.0826923, -0.0072175, , , , , , , 17.0826923, -0.005539, , , , , , , 17.0826923, 0.0428016, , , , , , , , , , , , , , , , , , , , , , , , , , , , 
17.0832115, -0.012253, , , , , , , 17.0832115, -0.0085603, , , , , , , 17.0832115, -0.008896, , , , , , , 17.0832115, 0.033402, , , , , , , , , , , , , , , , , , , , , , , , , , , , 
17.0837308, -0.0001678, , , , , , , 17.0837308, -0.0095674, , , , , , , 17.0837308, -0.0104067, , , , , , , 17.0837308, 0.0240024, , , , , , , , , , , , , , , , , , , , , , , , , , , , 
17.08425, 0.0105745, , , , , , , 17.08425, -0.0109102, , , , , , , 17.08425, -0.0092317, , , , , , , 17.08425, 0.0179599, , , , , , , , , , , , , , , , , , , , , , , , , , , , 
17.0847692, 0.0169528, , , , , , , 17.0847692, -0.0115816, , , , , , , 17.0847692, -0.0075532, , , , , , , 17.0847692, 0.0157778, , , , , , , , , , , , , , , , , , , , , , , , , , , , 
17.0852885, 0.0226596, , , , , , , 17.0852885, -0.012253, , , , , , , 17.0852885, -0.0068818, , , , , , , 17.0852885, 0.0135958, , , , , , , , , , , , , , , , , , , , , , , , , , , , 
17.0858077, 0.0236667, , , , , , , 17.0858077, -0.0129244, , , , , , , 17.0858077, -0.0070497, , , , , , , 17.0858077, 0.0092317, , , , , , , , , , , , , , , , , , , , , , , , , , , , 
17.0863269, 0.0213169, , , , , , , 17.0863269, -0.0132601, , , , , , , 17.0863269, -0.0085603, , , , , , , 17.0863269, 0.005539, , , , , , , , , , , , , , , , , , , , , , , , , , , , 
17.0868462, 0.0196384, , , , , , , 17.0868462, -0.012253, , , , , , , 17.0868462, -0.0109102, , , , , , , 17.0868462, 0.0057069, , , , , , , , , , , , , , , , , , , , , , , , , , , , 
17.0873654, 0.0240024, , , , , , , 17.0873654, -0.0119173, , , , , , , 17.0873654, -0.0119173, , , , , , , 17.0873654, 0.0063783, , , , , , , , , , , , , , , , , , , , , , , , , , , , 
17.0878846, 0.0293736, , , , , , , 17.0878846, -0.0109102, , , , , , , 17.0878846, -0.012253, , , , , , , 17.0878846, 0.0048676, , , , , , , , , , , , , , , , , , , , , , , , , , , , 
17.0884038, 0.0354162, , , , , , , 17.0884038, -0.0095674, , , , , , , 17.0884038, -0.0139315, , , , , , , 17.0884038, 0.002182, , , , , , , , , , , , , , , , , , , , , , , , , , , , 
17.0889231, 0.0386053, , , , , , , 17.0889231, -0.008896, , , , , , , 17.0889231, -0.0159457, , , , , , , 17.0889231, 0.0023499, , , , , , , , , , , , , , , , , , , , , , , , , , , , 
17.0894423, 0.0365911, , , , , , , 17.0894423, -0.0102388, , , , , , , 17.0894423, -0.0162814, , , , , , , 17.0894423, 0.0048676, , , , , , , , , , , , , , , , , , , , , , , , , , , , 
17.0899615, 0.0357519, , , , , , , 17.0899615, -0.0124208, , , , , , , 17.0899615, -0.0142672, , , , , , , 17.0899615, 0.0038605, , , , , , , , , , , , , , , , , , , , , , , , , , , , 
17.0904808, 0.0377661, , , , , , , 17.0904808, -0.0125887, , , , , , , 17.0904808, -0.0130922, , , , , , , 17.0904808, -0.0001678, , , , , , , , , , , , , , , , , , , , , , , , , , , , 
17.091, 0.0374304, , , , , , , 17.091, -0.0115816, , , , , , , 17.091, -0.0135958, , , , , , , 17.091, -0.0025177, , , , , , , , , , , , , , , , , , , , , , , , , , , , 
17.0915192, 0.0377661, , , , , , , 17.0915192, -0.011078, , , , , , , 17.0915192, -0.0129244, , , , , , , 17.0915192, -0.0001678, , , , , , , , , , , , , , , , , , , , , , , , , , , , 
17.0920385, 0.040116, , , , , , , 17.0920385, -0.0115816, , , , , , , 17.0920385, -0.0109102, , , , , , , 17.0920385, 0.0011749, , , , , , , , , , , , , , , , , , , , , , , , , , , , 
17.0925577, 0.0468299, , , , , , , 17.0925577, -0.0109102, , , , , , , 17.0925577, -0.008896, , , , , , , 17.0925577, -0.0018463, , , , , , , , , , , , , , , , , , , , , , , , , , , , 
17.0930769, 0.0547189, , , , , , , 17.0930769, -0.0097353, , , , , , , 17.0930769, -0.0082246, , , , , , , 17.0930769, -0.0095674, , , , , , , , , , , , , , , , , , , , , , , , , , , , 
17.0935962, 0.0629435, , , , , , , 17.0935962, -0.0097353, , , , , , , 17.0935962, -0.0095674, , , , , , , 17.0935962, -0.0142672, , , , , , , , , , , , , , , , , , , , , , , , , , , , 
17.0941154, 0.0696574, , , , , , , 17.0941154, -0.0099031, , , , , , , 17.0941154, -0.0129244, , , , , , , 17.0941154, -0.0176242, , , , , , , , , , , , , , , , , , , , , , , , , , , , 
17.0946346, 0.0726787, , , , , , , 17.0946346, -0.0095674, , , , , , , 17.0946346, -0.01561, , , , , , , 17.0946346, -0.0196384, , , , , , , , , , , , , , , , , , , , , , , , , , , , 
17.0951538, 0.0669718, , , , , , , 17.0951538, -0.0092317, , , , , , , 17.0951538, -0.01561, , , , , , , 17.0951538, -0.0206455, , , , , , , , , , , , , , , , , , , , , , , , , , , , 
17.0956731, 0.0589151, , , , , , , 17.0956731, -0.0092317, , , , , , , 17.0956731, -0.0139315, , , , , , , 17.0956731, -0.018967, , , , , , , , , , , , , , , , , , , , , , , , , , , , 
17.0961923, 0.0548867, , , , , , , 17.0961923, -0.0075532, , , , , , , 17.0961923, -0.0129244, , , , , , , 17.0961923, -0.0135958, , , , , , , , , , , , , , , , , , , , , , , , , , , , 
17.0967115, 0.0498512, , , , , , , 17.0967115, -0.0062104, , , , , , , 17.0967115, -0.0132601, , , , , , , 17.0967115, -0.0078889, , , , , , , , , , , , , , , , , , , , , , , , , , , , 
17.0972308, 0.0424659, , , , , , , 17.0972308, -0.0048676, , , , , , , 17.0972308, -0.0139315, , , , , , , 17.0972308, -0.0023499, , , , , , , , , , , , , , , , , , , , , , , , , , , , 
17.09775, 0.0340734, , , , , , , 17.09775, -0.0048676, , , , , , , 17.09775, -0.0129244, , , , , , , 17.09775, 0.0011749, , , , , , , , , , , , , , , , , , , , , , , , , , , , 
17.0982692, 0.0263523, , , , , , , 17.0982692, -0.0062104, , , , , , , 17.0982692, -0.0095674, , , , , , , 17.0982692, 0.0058747, , , , , , , , , , , , , , , , , , , , , , , , , , , , 
17.0987885, 0.0238346, , , , , , , 17.0987885, -0.0072175, , , , , , , 17.0987885, -0.0068818, , , , , , , 17.0987885, 0.0119173, , , , , , , , , , , , , , , , , , , , , , , , , , , , 
17.0993077, 0.0176242, , , , , , , 17.0993077, -0.0082246, , , , , , , 17.0993077, -0.0072175, , , , , , , 17.0993077, 0.0213169, , , , , , , , , , , , , , , , , , , , , , , , , , , , 
17.0998269, 0.0075532, , , , , , , 17.0998269, -0.0095674, , , , , , , 17.0998269, -0.0075532, , , , , , , 17.0998269, 0.0323949, , , , , , , , , , , , , , , , , , , , , , , , , , , , 
17.1003462, -0.0018463, , , , , , , 17.1003462, -0.0092317, , , , , , , 17.1003462, -0.0065461, , , , , , , 17.1003462, 0.0421302, , , , , , , , , , , , , , , , , , , , , , , , , , , , 
17.1008654, -0.008896, , , , , , , 17.1008654, -0.008896, , , , , , , 17.1008654, -0.005539, , , , , , , 17.1008654, 0.0475013, , , , , , , , , , , , , , , , , , , , , , , , , , , , 
17.1013846, -0.0161135, , , , , , , 17.1013846, -0.0085603, , , , , , , 17.1013846, -0.0041962, , , , , , , 17.1013846, 0.0498512, , , , , , , , , , , , , , , , , , , , , , , , , , , , 
17.1019038, -0.0219883, , , , , , , 17.1019038, -0.0092317, , , , , , , 17.1019038, -0.0028534, , , , , , , 17.1019038, 0.0515297, , , , , , , , , , , , , , , , , , , , , , , , , , , , 
17.1024231, -0.0236667, , , , , , , 17.1024231, -0.0107424, , , , , , , 17.1024231, -0.002182, , , , , , , 17.1024231, 0.0501869, , , , , , , , , , , , , , , , , , , , , , , , , , , , 
17.1029423, -0.0206455, , , , , , , 17.1029423, -0.0109102, , , , , , , 17.1029423, -0.0023499, , , , , , , 17.1029423, 0.0448157, , , , , , , , , , , , , , , , , , , , , , , , , , , , 
17.1034615, -0.0199741, , , , , , , 17.1034615, -0.0099031, , , , , , , 17.1034615, -0.0023499, , , , , , , 17.1034615, 0.0359197, , , , , , , , , , , , , , , , , , , , , , , , , , , , 
17.1039808, -0.0169528, , , , , , , 17.1039808, -0.0072175, , , , , , , 17.1039808, -0.0036927, , , , , , , 17.1039808, 0.0307164, , , , , , , , , , , , , , , , , , , , , , , , , , , , 
17.1045, -0.0082246, , , , , , , 17.1045, -0.0060426, , , , , , , 17.1045, -0.0052033, , , , , , , 17.1045, 0.0293736, , , , , , , , , , , , , , , , , , , , , , , , , , , , 
17.1050192, -0.0003357, , , , , , , 17.1050192, -0.0097353, , , , , , , 17.1050192, -0.0041962, , , , , , , 17.1050192, 0.0253452, , , , , , , , , , , , , , , , , , , , , , , , , , , , 
17.1055385, 0.0025177, , , , , , , 17.1055385, -0.0115816, , , , , , , 17.1055385, -0.0023499, , , , , , , 17.1055385, 0.0216526, , , , , , , , , , , , , , , , , , , , , , , , , , , , 
17.1060577, 0.005539, , , , , , , 17.1060577, -0.0104067, , , , , , , 17.1060577, -0.0028534, , , , , , , 17.1060577, 0.0186313, , , , , , , , , , , , , , , , , , , , , , , , , , , , 
17.1065769, 0.0078889, , , , , , , 17.1065769, -0.0095674, , , , , , , 17.1065769, -0.0035248, , , , , , , 17.1065769, 0.0159457, , , , , , , , , , , , , , , , , , , , , , , , , , , , 
17.1070962, 0.0025177, , , , , , , 17.1070962, -0.0085603, , , , , , , 17.1070962, -0.0031891, , , , , , , 17.1070962, 0.012253, , , , , , , , , , , , , , , , , , , , , , , , , , , , 
17.1076154, -0.0028534, , , , , , , 17.1076154, -0.0068818, , , , , , , 17.1076154, -0.0041962, , , , , , , 17.1076154, 0.0087282, , , , , , , , , , , , , , , , , , , , , , , , , , , , 
17.1081346, -0.0031891, , , , , , , 17.1081346, -0.0062104, , , , , , , 17.1081346, -0.0048676, , , , , , , 17.1081346, 0.0063783, , , , , , , , , , , , , , , , , , , , , , , , , , , , 
17.1086538, -0.0011749, , , , , , , 17.1086538, -0.0072175, , , , , , , 17.1086538, -0.0045319, , , , , , , 17.1086538, 0.0052033, , , , , , , , , , , , , , , , , , , , , , , , , , , , 
17.1091731, -0.0028534, , , , , , , 17.1091731, -0.0070497, , , , , , , 17.1091731, -0.0043641, , , , , , , 17.1091731, 0.0035248, , , , , , , , , , , , , , , , , , , , , , , , , , , , 
17.1096923, -0.0038605, , , , , , , 17.1096923, -0.0072175, , , , , , , 17.1096923, -0.0041962, , , , , , , 17.1096923, 0.0015106, , , , , , , , , , , , , , , , , , , , , , , , , , , , 
17.1102115, -0.0035248, , , , , , , 17.1102115, -0.0087282, , , , , , , 17.1102115, -0.005539, , , , , , , 17.1102115, 0.0026856, , , , , , , , , , , , , , , , , , , , , , , , , , , , 
17.1107308, -0.0001678, , , , , , , 17.1107308, -0.0082246, , , , , , , 17.1107308, -0.0062104, , , , , , , 17.1107308, 0.0058747, , , , , , , , , , , , , , , , , , , , , , , , , , , , 
17.11125, 0.0008392, , , , , , , 17.11125, -0.0075532, , , , , , , 17.11125, -0.0058747, , , , , , , 17.11125, 0.0082246, , , , , , , , , , , , , , , , , , , , , , , , , , , , 
17.1117692, -0.0005035, , , , , , , 17.1117692, -0.0072175, , , , , , , 17.1117692, -0.0028534, , , , , , , 17.1117692, 0.0112459, , , , , , , , , , , , , , , , , , , , , , , , , , , , 
17.1122885, 0.0035248, , , , , , , 17.1122885, -0.0068818, , , , , , , 17.1122885, -0.002182, , , , , , , 17.1122885, 0.0105745, , , , , , , , , , , , , , , , , , , , , , , , , , , , 
17.1128077, 0.0038605, , , , , , , 17.1128077, -0.0062104, , , , , , , 17.1128077, -0.0052033, , , , , , , 17.1128077, 0.0018463, , , , , , , , , , , , , , , , , , , , , , , , , , , , 
17.1133269, 0.0015106, , , , , , , 17.1133269, -0.0068818, , , , , , , 17.1133269, -0.0078889, , , , , , , 17.1133269, -0.008896, , , , , , , , , , , , , , , , , , , , , , , , , , , , 
17.1138462, -0.002182, , , , , , , 17.1138462, -0.0070497, , , , , , , 17.1138462, -0.0095674, , , , , , , 17.1138462, -0.0149386, , , , , , , , , , , , , , , , , , , , , , , , , , , , 
17.1143654, -0.0025177, , , , , , , 17.1143654, -0.0072175, , , , , , , 17.1143654, -0.0109102, , , , , , , 17.1143654, -0.0162814, , , , , , , , , , , , , , , , , , , , , , , , , , , , 
17.1148846, 0.0005035, , , , , , , 17.1148846, -0.0072175, , , , , , , 17.1148846, -0.0135958, , , , , , , 17.1148846, -0.0179599, , , , , , , , , , , , , , , , , , , , , , , , , , , , 
17.1154038, 0.0058747, , , , , , , 17.1154038, -0.0075532, , , , , , , 17.1154038, -0.0142672, , , , , , , 17.1154038, -0.018967, , , , , , , , , , , , , , , , , , , , , , , , , , , , 
17.1159231, 0.005539, , , , , , , 17.1159231, -0.0075532, , , , , , , 17.1159231, -0.0115816, , , , , , , 17.1159231, -0.0129244, , , , , , , , , , , , , , , , , , , , , , , , , , , , 
17.1164423, -0.0008392, , , , , , , 17.1164423, -0.0072175, , , , , , , 17.1164423, -0.012253, , , , , , , 17.1164423, -0.0068818, , , , , , , , , , , , , , , , , , , , , , , , , , , , 
17.1169615, -0.0052033, , , , , , , 17.1169615, -0.0070497, , , , , , , 17.1169615, -0.0157778, , , , , , , 17.1169615, -0.002182, , , , , , , , , , , , , , , , , , , , , , , , , , , , 
17.1174808, -0.0068818, , , , , , , 17.1174808, -0.005539, , , , , , , 17.1174808, -0.0152743, , , , , , , 17.1174808, 0.0035248, , , , , , , , , , , , , , , , , , , , , , , , , , , , 
17.118, -0.0159457, , , , , , , 17.118, -0.0045319, , , , , , , 17.118, -0.0112459, , , , , , , 17.118, 0.0109102, , , , , , , , , , , , , , , , , , , , , , , , , , , , 
17.1185192, -0.03122, , , , , , , 17.1185192, -0.0043641, , , , , , , 17.1185192, -0.0083925, , , , , , , 17.1185192, 0.0172885, , , , , , , , , , , , , , , , , , , , , , , , , , , , 
17.1190385, -0.0438087, , , , , , , 17.1190385, -0.0036927, , , , , , , 17.1190385, -0.0043641, , , , , , , 17.1190385, 0.0260166, , , , , , , , , , , , , , , , , , , , , , , , , , , , 
17.1195577, -0.0515297, , , , , , , 17.1195577, -0.0035248, , , , , , , 17.1195577, -0.0028534, , , , , , , 17.1195577, 0.0364233, , , , , , , , , , , , , , , , , , , , , , , , , , , , 
17.1200769, -0.0575723, , , , , , , 17.1200769, -0.0048676, , , , , , , 17.1200769, -0.0031891, , , , , , , 17.1200769, 0.0421302, , , , , , , , , , , , , , , , , , , , , , , , , , , , 
17.1205962, -0.057908, , , , , , , 17.1205962, -0.0062104, , , , , , , 17.1205962, -0.005539, , , , , , , 17.1205962, 0.0468299, , , , , , , , , , , , , , , , , , , , , , , , , , , , 
17.1211154, -0.0558938, , , , , , , 17.1211154, -0.0065461, , , , , , , 17.1211154, -0.0058747, , , , , , , 17.1211154, 0.0510262, , , , , , , , , , , , , , , , , , , , , , , , , , , , 
17.1216346, -0.0565652, , , , , , , 17.1216346, -0.0072175, , , , , , , 17.1216346, -0.0041962, , , , , , , 17.1216346, 0.0552224, , , , , , , , , , , , , , , , , , , , , , , , , , , , 
17.1221538, -0.0569009, , , , , , , 17.1221538, -0.0068818, , , , , , , 17.1221538, -0.0011749, , , , , , , 17.1221538, 0.054551, , , , , , , , , , , , , , , , , , , , , , , , , , , , 
17.1226731, -0.051194, , , , , , , 17.1226731, -0.0058747, , , , , , , 17.1226731, 0.0001678, , , , , , , 17.1226731, 0.0505226, , , , , , , , , , , , , , , , , , , , , , , , , , , , 
17.1231923, -0.0381018, , , , , , , 17.1231923, -0.005539, , , , , , , 17.1231923, -0.0003357, , , , , , , 17.1231923, 0.0417945, , , , , , , , , , , , , , , , , , , , , , , , , , , , 
17.1237115, -0.0250095, , , , , , , 17.1237115, -0.0048676, , , , , , , 17.1237115, -0.0018463, , , , , , , 17.1237115, 0.0320592, , , , , , , , , , , , , , , , , , , , , , , , , , , , 
17.1242308, -0.0125887, , , , , , , 17.1242308, -0.0028534, , , , , , , 17.1242308, -0.003357, , , , , , , 17.1242308, 0.0250095, , , , , , , , , , , , , , , , , , , , , , , , , , , , 
17.12475, -0.0018463, , , , , , , 17.12475, -0.0023499, , , , , , , 17.12475, -0.0058747, , , , , , , 17.12475, 0.0199741, , , , , , , , , , , , , , , , , , , , , , , , , , , , 
17.1252692, 0.0092317, , , , , , , 17.1252692, -0.0035248, , , , , , , 17.1252692, -0.0072175, , , , , , , 17.1252692, 0.0159457, , , , , , , , , , , , , , , , , , , , , , , , , , , , 
17.1257885, 0.0216526, , , , , , , 17.1257885, -0.0045319, , , , , , , 17.1257885, -0.0058747, , , , , , , 17.1257885, 0.0115816, , , , , , , , , , , , , , , , , , , , , , , , , , , , 
17.1263077, 0.0240024, , , , , , , 17.1263077, -0.0072175, , , , , , , 17.1263077, -0.0048676, , , , , , , 17.1263077, 0.0082246, , , , , , , , , , , , , , , , , , , , , , , , , , , , 
17.1268269, 0.0229953, , , , , , , 17.1268269, -0.0092317, , , , , , , 17.1268269, -0.0050355, , , , , , , 17.1268269, 0.0065461, , , , , , , , , , , , , , , , , , , , , , , , , , , , 
17.1273462, 0.0246738, , , , , , , 17.1273462, -0.008896, , , , , , , 17.1273462, -0.0041962, , , , , , , 17.1273462, 0.0065461, , , , , , , , , , , , , , , , , , , , , , , , , , , , 
17.1278654, 0.0320592, , , , , , , 17.1278654, -0.0068818, , , , , , , 17.1278654, -0.0062104, , , , , , , 17.1278654, 0.0052033, , , , , , , , , , , , , , , , , , , , , , , , , , , , 
17.1283846, 0.0391089, , , , , , , 17.1283846, -0.0050355, , , , , , , 17.1283846, -0.0090639, , , , , , , 17.1283846, 0.0028534, , , , , , , , , , , , , , , , , , , , , , , , , , , , 
17.1289038, 0.0441444, , , , , , , 17.1289038, -0.005539, , , , , , , 17.1289038, -0.0085603, , , , , , , 17.1289038, 0.0028534, , , , , , , , , , , , , , , , , , , , , , , , , , , , 
17.1294231, 0.047837, , , , , , , 17.1294231, -0.005539, , , , , , , 17.1294231, -0.0065461, , , , , , , 17.1294231, 0.0062104, , , , , , , , , , , , , , , , , , , , , , , , , , , , 
17.1299423, 0.0475013, , , , , , , 17.1299423, -0.0046998, , , , , , , 17.1299423, -0.008896, , , , , , , 17.1299423, 0.008896, , , , , , , , , , , , , , , , , , , , , , , , , , , , 
17.1304615, 0.0485084, , , , , , , 17.1304615, -0.0050355, , , , , , , 17.1304615, -0.0112459, , , , , , , 17.1304615, 0.0065461, , , , , , , , , , , , , , , , , , , , , , , , , , , , 
17.1309808, 0.0501869, , , , , , , 17.1309808, -0.0057069, , , , , , , 17.1309808, -0.0102388, , , , , , , 17.1309808, 0.0028534, , , , , , , , , , , , , , , , , , , , , , , , , , , , 
17.1315, 0.0516976, , , , , , , 17.1315, -0.0065461, , , , , , , 17.1315, -0.0099031, , , , , , , 17.1315, 0.0011749, , , , , , , , , , , , , , , , , , , , , , , , , , , , 
17.1320192, 0.0528725, , , , , , , 17.1320192, -0.0072175, , , , , , , 17.1320192, -0.0083925, , , , , , , 17.1320192, 0.0018463, , , , , , , , , , , , , , , , , , , , , , , , , , , , 
17.1325385, 0.0547189, , , , , , , 17.1325385, -0.0075532, , , , , , , 17.1325385, -0.0085603, , , , , , , 17.1325385, -0.0025177, , , , , , , , , , , , , , , , , , , , , , , , , , , , 
17.1330577, 0.0592508, , , , , , , 17.1330577, -0.0070497, , , , , , , 17.1330577, -0.0097353, , , , , , , 17.1330577, -0.0115816, , , , , , , , , , , , , , , , , , , , , , , , , , , , 
17.1335769, 0.0652934, , , , , , , 17.1335769, -0.0078889, , , , , , , 17.1335769, -0.0115816, , , , , , , 17.1335769, -0.0209812, , , , , , , , , , , , , , , , , , , , , , , , , , , , 
17.1340962, 0.070161, , , , , , , 17.1340962, -0.0085603, , , , , , , 17.1340962, -0.0125887, , , , , , , 17.1340962, -0.0270237, , , , , , , , , , , , , , , , , , , , , , , , , , , , 
17.1346154, 0.0763714, , , , , , , 17.1346154, -0.0085603, , , , , , , 17.1346154, -0.0124208, , , , , , , 17.1346154, -0.0317235, , , , , , , , , , , , , , , , , , , , , , , , , , , , 
17.1351346, 0.0802319, , , , , , , 17.1351346, -0.0085603, , , , , , , 17.1351346, -0.012253, , , , , , , 17.1351346, -0.0303807, , , , , , , , , , , , , , , , , , , , , , , , , , , , 
17.1356538, 0.0793927, , , , , , , 17.1356538, -0.0090639, , , , , , , 17.1356538, -0.012253, , , , , , , 17.1356538, -0.0246738, , , , , , , , , , , , , , , , , , , , , , , , , , , , 
17.1361731, 0.0750286, , , , , , , 17.1361731, -0.0097353, , , , , , , 17.1361731, -0.0115816, , , , , , , 17.1361731, -0.0182956, , , , , , , , , , , , , , , , , , , , , , , , , , , , 
17.1366923, 0.0720073, , , , , , , 17.1366923, -0.0109102, , , , , , , 17.1366923, -0.0119173, , , , , , , 17.1366923, -0.0102388, , , , , , , , , , , , , , , , , , , , , , , , , , , , 
17.1372115, 0.0666361, , , , , , , 17.1372115, -0.012253, , , , , , , 17.1372115, -0.0115816, , , , , , , 17.1372115, -0.0015106, , , , , , , , , , , , , , , , , , , , , , , , , , , , 
17.1377308, 0.0607614, , , , , , , 17.1377308, -0.012253, , , , , , , 17.1377308, -0.0097353, , , , , , , 17.1377308, 0.0062104, , , , , , , , , , , , , , , , , , , , , , , , , , , , 
17.13825, 0.0565652, , , , , , , 17.13825, -0.0115816, , , , , , , 17.13825, -0.0095674, , , , , , , 17.13825, 0.0117494, , , , , , , , , , , , , , , , , , , , , , , , , , , , 
17.1387692, 0.0505226, , , , , , , 17.1387692, -0.0115816, , , , , , , 17.1387692, -0.0093996, , , , , , , 17.1387692, 0.0176242, , , , , , , , , , , , , , , , , , , , , , , , , , , , 
17.1392885, 0.0441444, , , , , , , 17.1392885, -0.0102388, , , , , , , 17.1392885, -0.0083925, , , , , , , 17.1392885, 0.0246738, , , , , , , , , , , , , , , , , , , , , , , , , , , , 
17.1398077, 0.0381018, , , , , , , 17.1398077, -0.0102388, , , , , , , 17.1398077, -0.0075532, , , , , , , 17.1398077, 0.0323949, , , , , , , , , , , , , , , , , , , , , , , , , , , , 
17.1403269, 0.0320592, , , , , , , 17.1403269, -0.0097353, , , , , , , 17.1403269, -0.0077211, , , , , , , 17.1403269, 0.0397803, , , , , , , , , , , , , , , , , , , , , , , , , , , , 
17.1408462, 0.0253452, , , , , , , 17.1408462, -0.008896, , , , , , , 17.1408462, -0.0057069, , , , , , , 17.1408462, 0.0463264, , , , , , , , , , , , , , , , , , , , , , , , , , , , 
17.1413654, 0.018967, , , , , , , 17.1413654, -0.0095674, , , , , , , 17.1413654, -0.0025177, , , , , , , 17.1413654, 0.0500191, , , , , , , , , , , , , , , , , , , , , , , , , , , , 
17.1418846, 0.0159457, , , , , , , 17.1418846, -0.0104067, , , , , , , 17.1418846, -0.0045319, , , , , , , 17.1418846, 0.0508583, , , , , , , , , , , , , , , , , , , , , , , , , , , , 
17.1424038, 0.0135958, , , , , , , 17.1424038, -0.0115816, , , , , , , 17.1424038, -0.0077211, , , , , , , 17.1424038, 0.0475013, , , , , , , , , , , , , , , , , , , , , , , , , , , , 
17.1429231, 0.0146029, , , , , , , 17.1429231, -0.0115816, , , , , , , 17.1429231, -0.0095674, , , , , , , 17.1429231, 0.0428016, , , , , , , , , , , , , , , , , , , , , , , , , , , , 
17.1434423, 0.0181277, , , , , , , 17.1434423, -0.0112459, , , , , , , 17.1434423, -0.0090639, , , , , , , 17.1434423, 0.0374304, , , , , , , , , , , , , , , , , , , , , , , , , , , , 
17.1439615, 0.0231632, , , , , , , 17.1439615, -0.0115816, , , , , , , 17.1439615, -0.0082246, , , , , , , 17.1439615, 0.0320592, , , , , , , , , , , , , , , , , , , , , , , , , , , , 
17.1444808, 0.026688, , , , , , , 17.1444808, -0.0115816, , , , , , , 17.1444808, -0.0075532, , , , , , , 17.1444808, 0.0273594, , , , , , , , , , , , , , , , , , , , , , , , , , , , 
17.145, 0.0303807, , , , , , , 17.145, -0.0112459, , , , , , , 17.145, -0.0075532, , , , , , , 17.145, 0.023331, , , , , , , , , , , , , , , , , , , , , , , , , , , , 
17.1455192, 0.033402, , , , , , , 17.1455192, -0.0109102, , , , , , , 17.1455192, -0.0085603, , , , , , , 17.1455192, 0.0204776, , , , , , , , , , , , , , , , , , , , , , , , , , , , 
17.1460385, 0.0327306, , , , , , , 17.1460385, -0.010071, , , , , , , 17.1460385, -0.0102388, , , , , , , 17.1460385, 0.0172885, , , , , , , , , , , , , , , , , , , , , , , , , , , , 
17.1465577, 0.0303807, , , , , , , 17.1465577, -0.008896, , , , , , , 17.1465577, -0.008896, , , , , , , 17.1465577, 0.0129244, , , , , , , , , , , , , , , , , , , , , , , , , , , , 
17.1470769, 0.0340734, , , , , , , 17.1470769, -0.0078889, , , , , , , 17.1470769, -0.0072175, , , , , , , 17.1470769, 0.0065461, , , , , , , , , , , , , , , , , , , , , , , , , , , , 
17.1475962, 0.0374304, , , , , , , 17.1475962, -0.0065461, , , , , , , 17.1475962, -0.0072175, , , , , , , 17.1475962, 0.0045319, , , , , , , , , , , , , , , , , , , , , , , , , , , , 
17.1481154, 0.0384375, , , , , , , 17.1481154, -0.0068818, , , , , , , 17.1481154, -0.0072175, , , , , , , 17.1481154, 0.0063783, , , , , , , , , , , , , , , , , , , , , , , , , , , , 
17.1486346, 0.0360876, , , , , , , 17.1486346, -0.0072175, , , , , , , 17.1486346, -0.008896, , , , , , , 17.1486346, 0.0092317, , , , , , , , , , , , , , , , , , , , , , , , , , , , 
17.1491538, 0.0340734, , , , , , , 17.1491538, -0.005539, , , , , , , 17.1491538, -0.0072175, , , , , , , 17.1491538, 0.0095674, , , , , , , , , , , , , , , , , , , , , , , , , , , , 
17.1496731, 0.0320592, , , , , , , 17.1496731, -0.0048676, , , , , , , 17.1496731, -0.0052033, , , , , , , 17.1496731, 0.008896, , , , , , , , , , , , , , , , , , , , , , , , , , , , 
17.1501923, 0.0253452, , , , , , , 17.1501923, -0.0041962, , , , , , , 17.1501923, -0.0062104, , , , , , , 17.1501923, 0.0095674, , , , , , , , , , , , , , , , , , , , , , , , , , , , 
17.1507115, 0.0203098, , , , , , , 17.1507115, -0.0043641, , , , , , , 17.1507115, -0.0085603, , , , , , , 17.1507115, 0.0095674, , , , , , , , , , , , , , , , , , , , , , , , , , , , 
17.1512308, 0.0206455, , , , , , , 17.1512308, -0.0052033, , , , , , , 17.1512308, -0.0104067, , , , , , , 17.1512308, 0.0078889, , , , , , , , , , , , , , , , , , , , , , , , , , , , 
17.15175, 0.0219883, , , , , , , 17.15175, -0.0063783, , , , , , , 17.15175, -0.011078, , , , , , , 17.15175, 0.0048676, , , , , , , , , , , , , , , , , , , , , , , , , , , , 
17.1522692, 0.0226596, , , , , , , 17.1522692, -0.0075532, , , , , , , 17.1522692, -0.0115816, , , , , , , 17.1522692, 0.0018463, , , , , , , , , , , , , , , , , , , , , , , , , , , , 
17.1527885, 0.0313878, , , , , , , 17.1527885, -0.0075532, , , , , , , 17.1527885, -0.0112459, , , , , , , 17.1527885, -0.0052033, , , , , , , , , , , , , , , , , , , , , , , , , , , , 
17.1533077, 0.0387732, , , , , , , 17.1533077, -0.0070497, , , , , , , 17.1533077, -0.0102388, , , , , , , 17.1533077, -0.0132601, , , , , , , , , , , , , , , , , , , , , , , , , , , , 
17.1538269, 0.0411231, , , , , , , 17.1538269, -0.0077211, , , , , , , 17.1538269, -0.0109102, , , , , , , 17.1538269, -0.0151064, , , , , , , , , , , , , , , , , , , , , , , , , , , , 
17.1543462, 0.0448157, , , , , , , 17.1543462, -0.0075532, , , , , , , 17.1543462, -0.0119173, , , , , , , 17.1543462, -0.0149386, , , , , , , , , , , , , , , , , , , , , , , , , , , , 
17.1548654, 0.0466621, , , , , , , 17.1548654, -0.0078889, , , , , , , 17.1548654, -0.0119173, , , , , , , 17.1548654, -0.0159457, , , , , , , , , , , , , , , , , , , , , , , , , , , , 
17.1553846, 0.0446479, , , , , , , 17.1553846, -0.0095674, , , , , , , 17.1553846, -0.0105745, , , , , , , 17.1553846, -0.0162814, , , , , , , , , , , , , , , , , , , , , , , , , , , , 
17.1559038, 0.0411231, , , , , , , 17.1559038, -0.0104067, , , , , , , 17.1559038, -0.0105745, , , , , , , 17.1559038, -0.0142672, , , , , , , , , , , , , , , , , , , , , , , , , , , , 
17.1564231, 0.0374304, , , , , , , 17.1564231, -0.0099031, , , , , , , 17.1564231, -0.0105745, , , , , , , 17.1564231, -0.0073854, , , , , , , , , , , , , , , , , , , , , , , , , , , , 
17.1569423, 0.0287022, , , , , , , 17.1569423, -0.0085603, , , , , , , 17.1569423, -0.0099031, , , , , , , 17.1569423, 0.0011749, , , , , , , , , , , , , , , , , , , , , , , , , , , , 
17.1574615, 0.0112459, , , , , , , 17.1574615, -0.0087282, , , , , , , 17.1574615, -0.008896, , , , , , , 17.1574615, 0.0095674, , , , , , , , , , , , , , , , , , , , , , , , , , , , 
17.1579808, -0.0041962, , , , , , , 17.1579808, -0.008896, , , , , , , 17.1579808, -0.0082246, , , , , , , 17.1579808, 0.01561, , , , , , , , , , , , , , , , , , , , , , , , , , , , 
17.1585, -0.0097353, , , , , , , 17.1585, -0.0078889, , , , , , , 17.1585, -0.0072175, , , , , , , 17.1585, 0.0226596, , , , , , , , , , , , , , , , , , , , , , , , , , , , 
17.1590192, -0.0125887, , , , , , , 17.1590192, -0.0070497, , , , , , , 17.1590192, -0.0057069, , , , , , , 17.1590192, 0.0310521, , , , , , , , , , , , , , , , , , , , , , , , , , , , 
17.1595385, -0.018967, , , , , , , 17.1595385, -0.0075532, , , , , , , 17.1595385, -0.0048676, , , , , , , 17.1595385, 0.0391089, , , , , , , , , , , , , , , , , , , , , , , , , , , , 
17.1600577, -0.0280308, , , , , , , 17.1600577, -0.008896, , , , , , , 17.1600577, -0.0078889, , , , , , , 17.1600577, 0.0441444, , , , , , , , , , , , , , , , , , , , , , , , , , , , 
17.1605769, -0.0381018, , , , , , , 17.1605769, -0.0112459, , , , , , , 17.1605769, -0.0075532, , , , , , , 17.1605769, 0.047837, , , , , , , , , , , , , , , , , , , , , , , , , , , , 
17.1610962, -0.0438087, , , , , , , 17.1610962, -0.0109102, , , , , , , 17.1610962, -0.0048676, , , , , , , 17.1610962, 0.0501869, , , , , , , , , , , , , , , , , , , , , , , , , , , , 
17.1616154, -0.04448, , , , , , , 17.1616154, -0.008896, , , , , , , 17.1616154, -0.0028534, , , , , , , 17.1616154, 0.0555581, , , , , , , , , , , , , , , , , , , , , , , , , , , , 
17.1621346, -0.0485084, , , , , , , 17.1621346, -0.0082246, , , , , , , 17.1621346, -0.0008392, , , , , , , 17.1621346, 0.0577401, , , , , , , , , , , , , , , , , , , , , , , , , , , , 
17.1626538, -0.0513619, , , , , , , 17.1626538, -0.0092317, , , , , , , 17.1626538, 0.0008392, , , , , , , 17.1626538, 0.0505226, , , , , , , , , , , , , , , , , , , , , , , , , , , , 
17.1631731, -0.0481727, , , , , , , 17.1631731, -0.008896, , , , , , , 17.1631731, 0.0011749, , , , , , , 17.1631731, 0.036759, , , , , , , , , , , , , , , , , , , , , , , , , , , , 
17.1636923, -0.0374304, , , , , , , 17.1636923, -0.0075532, , , , , , , 17.1636923, 0.0008392, , , , , , , 17.1636923, 0.0258488, , , , , , , , , , , , , , , , , , , , , , , , , , , , 
17.1642115, -0.0297093, , , , , , , 17.1642115, -0.0078889, , , , , , , 17.1642115, -0.0016785, , , , , , , 17.1642115, 0.0216526, , , , , , , , , , , , , , , , , , , , , , , , , , , , 
17.1647308, -0.0250095, , , , , , , 17.1647308, -0.0078889, , , , , , , 17.1647308, -0.005539, , , , , , , 17.1647308, 0.0181277, , , , , , , , , , , , , , , , , , , , , , , , , , , , 
17.16525, -0.0224918, , , , , , , 17.16525, -0.0077211, , , , , , , 17.16525, -0.0060426, , , , , , , 17.16525, 0.0139315, , , , , , , , , , , , , , , , , , , , , , , , , , , , 
17.1657692, -0.0169528, , , , , , , 17.1657692, -0.0070497, , , , , , , 17.1657692, -0.0031891, , , , , , , 17.1657692, 0.0112459, , , , , , , , , , , , , , , , , , , , , , , , , , , , 
17.1662885, -0.0095674, , , , , , , 17.1662885, -0.005539, , , , , , , 17.1662885, -0.0028534, , , , , , , 17.1662885, 0.0099031, , , , , , , , , , , , , , , , , , , , , , , , , , , , 
17.1668077, -0.0104067, , , , , , , 17.1668077, -0.0062104, , , , , , , 17.1668077, -0.0065461, , , , , , , 17.1668077, 0.008896, , , , , , , , , , , , , , , , , , , , , , , , , , , , 
17.1673269, -0.0119173, , , , , , , 17.1673269, -0.0075532, , , , , , , 17.1673269, -0.0097353, , , , , , , 17.1673269, 0.0063783, , , , , , , , , , , , , , , , , , , , , , , , , , , , 
17.1678462, -0.0104067, , , , , , , 17.1678462, -0.0075532, , , , , , , 17.1678462, -0.0085603, , , , , , , 17.1678462, 0.0031891, , , , , , , , , , , , , , , , , , , , , , , , , , , , 
17.1683654, -0.0057069, , , , , , , 17.1683654, -0.0065461, , , , , , , 17.1683654, -0.008896, , , , , , , 17.1683654, -0.0015106, , , , , , , , , , , , , , , , , , , , , , , , , , , , 
17.1688846, -0.002182, , , , , , , 17.1688846, -0.0062104, , , , , , , 17.1688846, -0.0112459, , , , , , , 17.1688846, -0.005539, , , , , , , , , , , , , , , , , , , , , , , , , , , , 
17.1694038, -0.0001678, , , , , , , 17.1694038, -0.0052033, , , , , , , 17.1694038, -0.0125887, , , , , , , 17.1694038, -0.0063783, , , , , , , , , , , , , , , , , , , , , , , , , , , , 
17.1699231, -0.0003357, , , , , , , 17.1699231, -0.0048676, , , , , , , 17.1699231, -0.0104067, , , , , , , 17.1699231, -0.0035248, , , , , , , , , , , , , , , , , , , , , , , , , , , , 
17.1704423, 0.0018463, , , , , , , 17.1704423, -0.0073854, , , , , , , 17.1704423, -0.0070497, , , , , , , 17.1704423, 0.002182, , , , , , , , , , , , , , , , , , , , , , , , , , , , 
17.1709615, 0.0045319, , , , , , , 17.1709615, -0.0102388, , , , , , , 17.1709615, -0.0062104, , , , , , , 17.1709615, 0.0048676, , , , , , , , , , , , , , , , , , , , , , , , , , , , 
17.1714808, 0.0028534, , , , , , , 17.1714808, -0.012253, , , , , , , 17.1714808, -0.0075532, , , , , , , 17.1714808, 0.0038605, , , , , , , , , , , , , , , , , , , , , , , , , , , , 
17.172, -0.0005035, , , , , , , 17.172, -0.0095674, , , , , , , 17.172, -0.0097353, , , , , , , 17.172, 0.0028534, , , , , , , , , , , , , , , , , , , , , , , , , , , , 
17.1725192, -0.0015106, , , , , , , 17.1725192, -0.0062104, , , , , , , 17.1725192, -0.0099031, , , , , , , 17.1725192, -0.0006714, , , , , , , , , , , , , , , , , , , , , , , , , , , , 
17.1730385, 0.0018463, , , , , , , 17.1730385, -0.005539, , , , , , , 17.1730385, -0.0097353, , , , , , , 17.1730385, -0.005539, , , , , , , , , , , , , , , , , , , , , , , , , , , , 
17.1735577, 0.0085603, , , , , , , 17.1735577, -0.0068818, , , , , , , 17.1735577, -0.0114137, , , , , , , 17.1735577, -0.008896, , , , , , , , , , , , , , , , , , , , , , , , , , , , 
17.1740769, 0.0152743, , , , , , , 17.1740769, -0.0060426, , , , , , , 17.1740769, -0.0124208, , , , , , , 17.1740769, -0.0129244, , , , , , , , , , , , , , , , , , , , , , , , , , , , 
17.1745962, 0.0198062, , , , , , , 17.1745962, -0.0041962, , , , , , , 17.1745962, -0.0146029, , , , , , , 17.1745962, -0.0159457, , , , , , , , , , , , , , , , , , , , , , , , , , , , 
17.1751154, 0.0234989, , , , , , , 17.1751154, -0.0045319, , , , , , , 17.1751154, -0.0162814, , , , , , , 17.1751154, -0.01561, , , , , , , , , , , , , , , , , , , , , , , , , , , , 
17.1756346, 0.0260166, , , , , , , 17.1756346, -0.0043641, , , , , , , 17.1756346, -0.0146029, , , , , , , 17.1756346, -0.0135958, , , , , , , , , , , , , , , , , , , , , , , , , , , , 
17.1761538, 0.0226596, , , , , , , 17.1761538, -0.0041962, , , , , , , 17.1761538, -0.0112459, , , , , , , 17.1761538, -0.0075532, , , , , , , , , , , , , , , , , , , , , , , , , , , , 
17.1766731, 0.0151064, , , , , , , 17.1766731, -0.0048676, , , , , , , 17.1766731, -0.0120851, , , , , , , 17.1766731, 0.0025177, , , , , , , , , , , , , , , , , , , , , , , , , , , , 
17.1771923, 0.0095674, , , , , , , 17.1771923, -0.0048676, , , , , , , 17.1771923, -0.0129244, , , , , , , 17.1771923, 0.0092317, , , , , , , , , , , , , , , , , , , , , , , , , , , , 
17.1777115, 0.0011749, , , , , , , 17.1777115, -0.0072175, , , , , , , 17.1777115, -0.0129244, , , , , , , 17.1777115, 0.0139315, , , , , , , , , , , , , , , , , , , , , , , , , , , , 
17.1782308, -0.0072175, , , , , , , 17.1782308, -0.0082246, , , , , , , 17.1782308, -0.0115816, , , , , , , 17.1782308, 0.0179599, , , , , , , , , , , , , , , , , , , , , , , , , , , , 
17.17875, -0.0137636, , , , , , , 17.17875, -0.0085603, , , , , , , 17.17875, -0.0102388, , , , , , , 17.17875, 0.0213169, , , , , , , , , , , , , , , , , , , , , , , , , , , , 
17.1792692, -0.0182956, , , , , , , 17.1792692, -0.008896, , , , , , , 17.1792692, -0.0085603, , , , , , , 17.1792692, 0.0303807, , , , , , , , , , , , , , , , , , , , , , , , , , , , 
17.1797885, -0.0219883, , , , , , , 17.1797885, -0.008896, , , , , , , 17.1797885, -0.0068818, , , , , , , 17.1797885, 0.0397803, , , , , , , , , , , , , , , , , , , , , , , , , , , , 
17.1803077, -0.0310521, , , , , , , 17.1803077, -0.0095674, , , , , , , 17.1803077, -0.0057069, , , , , , , 17.1803077, 0.0451514, , , , , , , , , , , , , , , , , , , , , , , , , , , , 
17.1808269, -0.0397803, , , , , , , 17.1808269, -0.0095674, , , , , , , 17.1808269, -0.0043641, , , , , , , 17.1808269, 0.0464942, , , , , , , , , , , , , , , , , , , , , , , , , , , , 
17.1813462, -0.0421302, , , , , , , 17.1813462, -0.0095674, , , , , , , 17.1813462, -0.0035248, , , , , , , 17.1813462, 0.0475013, , , , , , , , , , , , , , , , , , , , , , , , , , , , 
17.1818654, -0.0428016, , , , , , , 17.1818654, -0.0095674, , , , , , , 17.1818654, -0.0036927, , , , , , , 17.1818654, 0.0486763, , , , , , , , , , , , , , , , , , , , , , , , , , , , 
17.1823846, -0.0431373, , , , , , , 17.1823846, -0.008896, , , , , , , 17.1823846, -0.0035248, , , , , , , 17.1823846, 0.0468299, , , , , , , , , , , , , , , , , , , , , , , , , , , , 
17.1829038, -0.036759, , , , , , , 17.1829038, -0.0082246, , , , , , , 17.1829038, -0.0038605, , , , , , , 17.1829038, 0.0357519, , , , , , , , , , , , , , , , , , , , , , , , , , , , 
17.1834231, -0.0290379, , , , , , , 17.1834231, -0.0070497, , , , , , , 17.1834231, -0.0036927, , , , , , , 17.1834231, 0.0226596, , , , , , , , , , , , , , , , , , , , , , , , , , , , 
17.1839423, -0.0216526, , , , , , , 17.1839423, -0.0068818, , , , , , , 17.1839423, -0.0035248, , , , , , , 17.1839423, 0.018967, , , , , , , , , , , , , , , , , , , , , , , , , , , , 
17.1844615, -0.0124208, , , , , , , 17.1844615, -0.0092317, , , , , , , 17.1844615, -0.0035248, , , , , , , 17.1844615, 0.0182956, , , , , , , , , , , , , , , , , , , , , , , , , , , , 
17.1849808, -0.0041962, , , , , , , 17.1849808, -0.0115816, , , , , , , 17.1849808, -0.0058747, , , , , , , 17.1849808, 0.0169528, , , , , , , , , , , , , , , , , , , , , , , , , , , , 
17.1855, -0.0001678, , , , , , , 17.1855, -0.0112459, , , , , , , 17.1855, -0.0075532, , , , , , , 17.1855, 0.0166171, , , , , , , , , , , , , , , , , , , , , , , , , , , , 
17.1860192, -0.0008392, , , , , , , 17.1860192, -0.0099031, , , , , , , 17.1860192, -0.0082246, , , , , , , 17.1860192, 0.0142672, , , , , , , , , , , , , , , , , , , , , , , , , , , , 
17.1865385, -0.0035248, , , , , , , 17.1865385, -0.0095674, , , , , , , 17.1865385, -0.0065461, , , , , , , 17.1865385, 0.0105745, , , , , , , , , , , , , , , , , , , , , , , , , , , , 
17.1870577, -0.0011749, , , , , , , 17.1870577, -0.0082246, , , , , , , 17.1870577, -0.0058747, , , , , , , 17.1870577, 0.0062104, , , , , , , , , , , , , , , , , , , , , , , , , , , , 
17.1875769, 0.0063783, , , , , , , 17.1875769, -0.0072175, , , , , , , 17.1875769, -0.0068818, , , , , , , 17.1875769, 0.0038605, , , , , , , , , , , , , , , , , , , , , , , , , , , , 
17.1880962, 0.0139315, , , , , , , 17.1880962, -0.0072175, , , , , , , 17.1880962, -0.0072175, , , , , , , 17.1880962, 0.0062104, , , , , , , , , , , , , , , , , , , , , , , , , , , , 
17.1886154, 0.0176242, , , , , , , 17.1886154, -0.0062104, , , , , , , 17.1886154, -0.0078889, , , , , , , 17.1886154, 0.0052033, , , , , , , , , , , , , , , , , , , , , , , , , , , , 
17.1891346, 0.0206455, , , , , , , 17.1891346, -0.0048676, , , , , , , 17.1891346, -0.0099031, , , , , , , 17.1891346, -0.0008392, , , , , , , , , , , , , , , , , , , , , , , , , , , , 
17.1896538, 0.0240024, , , , , , , 17.1896538, -0.0043641, , , , , , , 17.1896538, -0.0095674, , , , , , , 17.1896538, -0.0062104, , , , , , , , , , , , , , , , , , , , , , , , , , , , 
17.1901731, 0.0236667, , , , , , , 17.1901731, -0.0048676, , , , , , , 17.1901731, -0.0052033, , , , , , , 17.1901731, -0.0075532, , , , , , , , , , , , , , , , , , , , , , , , , , , , 
17.1906923, 0.0250095, , , , , , , 17.1906923, -0.0038605, , , , , , , 17.1906923, -0.0025177, , , , , , , 17.1906923, -0.0038605, , , , , , , , , , , , , , , , , , , , , , , , , , , , 
17.1912115, 0.0290379, , , , , , , 17.1912115, -0.0048676, , , , , , , 17.1912115, -0.0015106, , , , , , , 17.1912115, 0.0015106, , , , , , , , , , , , , , , , , , , , , , , , , , , , 
17.1917308, 0.0313878, , , , , , , 17.1917308, -0.0058747, , , , , , , 17.1917308, -0.0035248, , , , , , , 17.1917308, 0.0018463, , , , , , , , , , , , , , , , , , , , , , , , , , , , 
17.19225, 0.0327306, , , , , , , 17.19225, -0.0058747, , , , , , , 17.19225, -0.005539, , , , , , , 17.19225, -0.0011749, , , , , , , , , , , , , , , , , , , , , , , , , , , , 
17.1927692, 0.0387732, , , , , , , 17.1927692, -0.0052033, , , , , , , 17.1927692, -0.0075532, , , , , , , 17.1927692, -0.0048676, , , , , , , , , , , , , , , , , , , , , , , , , , , , 
17.1932885, 0.0488441, , , , , , , 17.1932885, -0.0052033, , , , , , , 17.1932885, -0.0082246, , , , , , , 17.1932885, -0.0082246, , , , , , , , , , , , , , , , , , , , , , , , , , , , 
17.1938077, 0.0527047, , , , , , , 17.1938077, -0.0065461, , , , , , , 17.1938077, -0.0092317, , , , , , , 17.1938077, -0.0105745, , , , , , , , , , , , , , , , , , , , , , , , , , , , 
17.1943269, 0.0532082, , , , , , , 17.1943269, -0.0075532, , , , , , , 17.1943269, -0.0112459, , , , , , , 17.1943269, -0.0119173, , , , , , , , , , , , , , , , , , , , , , , , , , , , 
17.1948462, 0.0542153, , , , , , , 17.1948462, -0.0070497, , , , , , , 17.1948462, -0.0117494, , , , , , , 17.1948462, -0.012253, , , , , , , , , , , , , , , , , , , , , , , , , , , , 
17.1953654, 0.0548867, , , , , , , 17.1953654, -0.0068818, , , , , , , 17.1953654, -0.0115816, , , , , , , 17.1953654, -0.0109102, , , , , , , , , , , , , , , , , , , , , , , , , , , , 
17.1958846, 0.0522011, , , , , , , 17.1958846, -0.0045319, , , , , , , 17.1958846, -0.0115816, , , , , , , 17.1958846, -0.008896, , , , , , , , , , , , , , , , , , , , , , , , , , , , 
17.1964038, 0.0481727, , , , , , , 17.1964038, -0.0035248, , , , , , , 17.1964038, -0.011078, , , , , , , 17.1964038, -0.0048676, , , , , , , , , , , , , , , , , , , , , , , , , , , , 
17.1969231, 0.0454871, , , , , , , 17.1969231, -0.0065461, , , , , , , 17.1969231, -0.0099031, , , , , , , 17.1969231, 0.0015106, , , , , , , , , , , , , , , , , , , , , , , , , , , , 
17.1974423, 0.0431373, , , , , , , 17.1974423, -0.0095674, , , , , , , 17.1974423, -0.0085603, , , , , , , 17.1974423, 0.0065461, , , , , , , , , , , , , , , , , , , , , , , , , , , , 
17.1979615, 0.0407874, , , , , , , 17.1979615, -0.0099031, , , , , , , 17.1979615, -0.008896, , , , , , , 17.1979615, 0.0119173, , , , , , , , , , , , , , , , , , , , , , , , , , , , 
17.1984808, 0.0387732, , , , , , , 17.1984808, -0.0085603, , , , , , , 17.1984808, -0.0092317, , , , , , , 17.1984808, 0.0184634, , , , , , , , , , , , , , , , , , , , , , , , , , , , 
17.199, 0.0357519, , , , , , , 17.199, -0.0082246, , , , , , , 17.199, -0.0095674, , , , , , , 17.199, 0.0270237, , , , , , , , , , , , , , , , , , , , , , , , , , , , 
17.1995192, 0.0280308, , , , , , , 17.1995192, -0.0085603, , , , , , , 17.1995192, -0.0090639, , , , , , , 17.1995192, 0.0347448, , , , , , , , , , , , , , , , , , , , , , , , , , , , 
17.2000385, 0.0186313, , , , , , , 17.2000385, -0.008896, , , , , , , 17.2000385, -0.0078889, , , , , , , 17.2000385, 0.0392767, , , , , , , , , , , , , , , , , , , , , , , , , , , , 
17.2005577, 0.01561, , , , , , , 17.2005577, -0.0090639, , , , , , , 17.2005577, -0.005539, , , , , , , 17.2005577, 0.0404517, , , , , , , , , , , , , , , , , , , , , , , , , , , , 
17.2010769, 0.0099031, , , , , , , 17.2010769, -0.0102388, , , , , , , 17.2010769, -0.0045319, , , , , , , 17.2010769, 0.0417945, , , , , , , , , , , , , , , , , , , , , , , , , , , , 
17.2015962, -0.0003357, , , , , , , 17.2015962, -0.0109102, , , , , , , 17.2015962, -0.0048676, , , , , , , 17.2015962, 0.0446479, , , , , , , , , , , , , , , , , , , , , , , , , , , , 
17.2021154, -0.0038605, , , , , , , 17.2021154, -0.0112459, , , , , , , 17.2021154, -0.0048676, , , , , , , 17.2021154, 0.0461585, , , , , , , , , , , , , , , , , , , , , , , , , , , , 
17.2026346, -0.0001678, , , , , , , 17.2026346, -0.0105745, , , , , , , 17.2026346, -0.0035248, , , , , , , 17.2026346, 0.0421302, , , , , , , , , , , , , , , , , , , , , , , , , , , , 
17.2031538, 0.0062104, , , , , , , 17.2031538, -0.0092317, , , , , , , 17.2031538, -0.0023499, , , , , , , 17.2031538, 0.0339055, , , , , , , , , , , , , , , , , , , , , , , , , , , , 
17.2036731, 0.0152743, , , , , , , 17.2036731, -0.0082246, , , , , , , 17.2036731, -0.0018463, , , , , , , 17.2036731, 0.0263523, , , , , , , , , , , , , , , , , , , , , , , , , , , , 
17.2041923, 0.0206455, , , , , , , 17.2041923, -0.0072175, , , , , , , 17.2041923, -0.0030213, , , , , , , 17.2041923, 0.0186313, , , , , , , , , , , , , , , , , , , , , , , , , , , , 
17.2047115, 0.0203098, , , , , , , 17.2047115, -0.0062104, , , , , , , 17.2047115, -0.0050355, , , , , , , 17.2047115, 0.0125887, , , , , , , , , , , , , , , , , , , , , , , , , , , , 
17.2052308, 0.0196384, , , , , , , 17.2052308, -0.0065461, , , , , , , 17.2052308, -0.0085603, , , , , , , 17.2052308, 0.0112459, , , , , , , , , , , , , , , , , , , , , , , , , , , , 
17.20575, 0.0283665, , , , , , , 17.20575, -0.0075532, , , , , , , 17.20575, -0.0082246, , , , , , , 17.20575, 0.0099031, , , , , , , , , , , , , , , , , , , , , , , , , , , , 
17.2062692, 0.0414588, , , , , , , 17.2062692, -0.0077211, , , , , , , 17.2062692, -0.0065461, , , , , , , 17.2062692, 0.008896, , , , , , , , , , , , , , , , , , , , , , , , , , , , 
17.2067885, 0.0488441, , , , , , , 17.2067885, -0.0072175, , , , , , , 17.2067885, -0.0072175, , , , , , , 17.2067885, 0.0102388, , , , , , , , , , , , , , , , , , , , , , , , , , , , 
17.2073077, 0.043473, , , , , , , 17.2073077, -0.0062104, , , , , , , 17.2073077, -0.0095674, , , , , , , 17.2073077, 0.0119173, , , , , , , , , , , , , , , , , , , , , , , , , , , , 
17.2078269, 0.040116, , , , , , , 17.2078269, -0.0082246, , , , , , , 17.2078269, -0.0105745, , , , , , , 17.2078269, 0.0132601, , , , , , , , , , , , , , , , , , , , , , , , , , , , 
17.2083462, 0.0407874, , , , , , , 17.2083462, -0.0095674, , , , , , , 17.2083462, -0.0093996, , , , , , , 17.2083462, 0.0152743, , , , , , , , , , , , , , , , , , , , , , , , , , , , 
17.2088654, 0.0397803, , , , , , , 17.2088654, -0.0112459, , , , , , , 17.2088654, -0.0070497, , , , , , , 17.2088654, 0.0166171, , , , , , , , , , , , , , , , , , , , , , , , , , , , 
17.2093846, 0.0397803, , , , , , , 17.2093846, -0.0115816, , , , , , , 17.2093846, -0.0068818, , , , , , , 17.2093846, 0.0137636, , , , , , , , , , , , , , , , , , , , , , , , , , , , 
17.2099038, 0.0404517, , , , , , , 17.2099038, -0.008896, , , , , , , 17.2099038, -0.0075532, , , , , , , 17.2099038, 0.0112459, , , , , , , , , , , , , , , , , , , , , , , , , , , , 
17.2104231, 0.0407874, , , , , , , 17.2104231, -0.0075532, , , , , , , 17.2104231, -0.0075532, , , , , , , 17.2104231, 0.0135958, , , , , , , , , , , , , , , , , , , , , , , , , , , , 
17.2109423, 0.0357519, , , , , , , 17.2109423, -0.0090639, , , , , , , 17.2109423, -0.0082246, , , , , , , 17.2109423, 0.0142672, , , , , , , , , , , , , , , , , , , , , , , , , , , , 
17.2114615, 0.0310521, , , , , , , 17.2114615, -0.0112459, , , , , , , 17.2114615, -0.0082246, , , , , , , 17.2114615, 0.0132601, , , , , , , , , , , , , , , , , , , , , , , , , , , , 
17.2119808, 0.0293736, , , , , , , 17.2119808, -0.0112459, , , , , , , 17.2119808, -0.0095674, , , , , , , 17.2119808, 0.012253, , , , , , , , , , , , , , , , , , , , , , , , , , , , 
17.2125, 0.0323949, , , , , , , 17.2125, -0.0068818, , , , , , , 17.2125, -0.0109102, , , , , , , 17.2125, 0.0073854, , , , , , , , , , , , , , , , , , , , , , , , , , , , 
17.2130192, 0.036759, , , , , , , 17.2130192, -0.0038605, , , , , , , 17.2130192, -0.0135958, , , , , , , 17.2130192, -0.0025177, , , , , , , , , , , , , , , , , , , , , , , , , , , , 
17.2135385, 0.0428016, , , , , , , 17.2135385, -0.0060426, , , , , , , 17.2135385, -0.0152743, , , , , , , 17.2135385, -0.0124208, , , , , , , , , , , , , , , , , , , , , , , , , , , , 
17.2140577, 0.0475013, , , , , , , 17.2140577, -0.0082246, , , , , , , 17.2140577, -0.0162814, , , , , , , 17.2140577, -0.0169528, , , , , , , , , , , , , , , , , , , , , , , , , , , , 
17.2145769, 0.0475013, , , , , , , 17.2145769, -0.0072175, , , , , , , 17.2145769, -0.0157778, , , , , , , 17.2145769, -0.0162814, , , , , , , , , , , , , , , , , , , , , , , , , , , , 
17.2150962, 0.0451514, , , , , , , 17.2150962, -0.0045319, , , , , , , 17.2150962, -0.0152743, , , , , , , 17.2150962, -0.0162814, , , , , , , , , , , , , , , , , , , , , , , , , , , , 
17.2156154, 0.04448, , , , , , , 17.2156154, -0.0041962, , , , , , , 17.2156154, -0.0137636, , , , , , , 17.2156154, -0.0172885, , , , , , , , , , , , , , , , , , , , , , , , , , , , 
17.2161346, 0.0506905, , , , , , , 17.2161346, -0.0048676, , , , , , , 17.2161346, -0.0129244, , , , , , , 17.2161346, -0.0124208, , , , , , , , , , , , , , , , , , , , , , , , , , , , 
17.2166538, 0.0555581, , , , , , , 17.2166538, -0.0041962, , , , , , , 17.2166538, -0.012253, , , , , , , 17.2166538, -0.0028534, , , , , , , , , , , , , , , , , , , , , , , , , , , , 
17.2171731, 0.0491798, , , , , , , 17.2171731, -0.0031891, , , , , , , 17.2171731, -0.0109102, , , , , , , 17.2171731, 0.0063783, , , , , , , , , , , , , , , , , , , , , , , , , , , , 
17.2176923, 0.0370947, , , , , , , 17.2176923, -0.0015106, , , , , , , 17.2176923, -0.0102388, , , , , , , 17.2176923, 0.0142672, , , , , , , , , , , , , , , , , , , , , , , , , , , , 
17.2182115, 0.0271916, , , , , , , 17.2182115, -0.0025177, , , , , , , 17.2182115, -0.0085603, , , , , , , 17.2182115, 0.0193027, , , , , , , , , , , , , , , , , , , , , , , , , , , , 
17.2187308, 0.0196384, , , , , , , 17.2187308, -0.0052033, , , , , , , 17.2187308, -0.0058747, , , , , , , 17.2187308, 0.0236667, , , , , , , , , , , , , , , , , , , , , , , , , , , , 
17.21925, 0.0092317, , , , , , , 17.21925, -0.0068818, , , , , , , 17.21925, -0.0045319, , , , , , , 17.21925, 0.0280308, , , , , , , , , , , , , , , , , , , , , , , , , , , , 
17.2197692, -0.0031891, , , , , , , 17.2197692, -0.0058747, , , , , , , 17.2197692, -0.0045319, , , , , , , 17.2197692, 0.033402, , , , , , , , , , , , , , , , , , , , , , , , , , , , 
17.2202885, -0.0112459, , , , , , , 17.2202885, -0.0068818, , , , , , , 17.2202885, -0.0048676, , , , , , , 17.2202885, 0.0360876, , , , , , , , , , , , , , , , , , , , , , , , , , , , 
17.2208077, -0.0208133, , , , , , , 17.2208077, -0.008896, , , , , , , 17.2208077, -0.0065461, , , , , , , 17.2208077, 0.0414588, , , , , , , , , , , , , , , , , , , , , , , , , , , , 
17.2213269, -0.0260166, , , , , , , 17.2213269, -0.0095674, , , , , , , 17.2213269, -0.0062104, , , , , , , 17.2213269, 0.047837, , , , , , , , , , , , , , , , , , , , , , , , , , , , 
17.2218462, -0.0280308, , , , , , , 17.2218462, -0.008896, , , , , , , 17.2218462, -0.002182, , , , , , , 17.2218462, 0.0515297, , , , , , , , , , , , , , , , , , , , , , , , , , , , 
17.2223654, -0.0313878, , , , , , , 17.2223654, -0.0090639, , , , , , , 17.2223654, 0.0011749, , , , , , , 17.2223654, 0.0501869, , , , , , , , , , , , , , , , , , , , , , , , , , , , 
17.2228846, -0.0303807, , , , , , , 17.2228846, -0.0095674, , , , , , , 17.2228846, 0.002182, , , , , , , 17.2228846, 0.0441444, , , , , , , , , , , , , , , , , , , , , , , , , , , , 
17.2234038, -0.0236667, , , , , , , 17.2234038, -0.008896, , , , , , , 17.2234038, 0.0016785, , , , , , , 17.2234038, 0.0347448, , , , , , , , , , , , , , , , , , , , , , , , , , , , 
17.2239231, -0.0162814, , , , , , , 17.2239231, -0.0109102, , , , , , , 17.2239231, 0.0005035, , , , , , , 17.2239231, 0.0293736, , , , , , , , , , , , , , , , , , , , , , , , , , , , 
17.2244423, -0.0087282, , , , , , , 17.2244423, -0.0102388, , , , , , , 17.2244423, 0.0001678, , , , , , , 17.2244423, 0.0270237, , , , , , , , , , , , , , , , , , , , , , , , , , , , 
17.2249615, -0.0065461, , , , , , , 17.2249615, -0.0082246, , , , , , , 17.2249615, -0.0016785, , , , , , , 17.2249615, 0.0224918, , , , , , , , , , , , , , , , , , , , , , , , , , , , 
17.2254808, -0.0052033, , , , , , , 17.2254808, -0.0070497, , , , , , , 17.2254808, -0.0041962, , , , , , , 17.2254808, 0.0182956, , , , , , , , , , , , , , , , , , , , , , , , , , , , 
17.226, 0.0038605, , , , , , , 17.226, -0.0068818, , , , , , , 17.226, -0.0058747, , , , , , , 17.226, 0.0142672, , , , , , , , , , , , , , , , , , , , , , , , , , , , 
17.2265192, 0.0125887, , , , , , , 17.2265192, -0.0075532, , , , , , , 17.2265192, -0.0048676, , , , , , , 17.2265192, 0.0092317, , , , , , , , , , , , , , , , , , , , , , , , , , , , 
17.2270385, 0.0132601, , , , , , , 17.2270385, -0.0085603, , , , , , , 17.2270385, -0.0052033, , , , , , , 17.2270385, 0.0075532, , , , , , , , , , , , , , , , , , , , , , , , , , , , 
17.2275577, 0.0099031, , , , , , , 17.2275577, -0.0095674, , , , , , , 17.2275577, -0.0068818, , , , , , , 17.2275577, 0.0058747, , , , , , , , , , , , , , , , , , , , , , , , , , , , 
17.2280769, 0.0102388, , , , , , , 17.2280769, -0.0097353, , , , , , , 17.2280769, -0.0075532, , , , , , , 17.2280769, 0.0062104, , , , , , , , , , , , , , , , , , , , , , , , , , , , 
17.2285962, 0.0132601, , , , , , , 17.2285962, -0.0082246, , , , , , , 17.2285962, -0.0072175, , , , , , , 17.2285962, 0.0041962, , , , , , , , , , , , , , , , , , , , , , , , , , , , 
17.2291154, 0.0169528, , , , , , , 17.2291154, -0.0068818, , , , , , , 17.2291154, -0.0075532, , , , , , , 17.2291154, -0.0005035, , , , , , , , , , , , , , , , , , , , , , , , , , , , 
17.2296346, 0.0186313, , , , , , , 17.2296346, -0.0070497, , , , , , , 17.2296346, -0.0068818, , , , , , , 17.2296346, -0.0016785, , , , , , , , , , , , , , , , , , , , , , , , , , , , 
17.2301538, 0.0213169, , , , , , , 17.2301538, -0.0065461, , , , , , , 17.2301538, -0.0058747, , , , , , , 17.2301538, 0.0031891, , , , , , , , , , , , , , , , , , , , , , , , , , , , 
17.2306731, 0.0209812, , , , , , , 17.2306731, -0.0078889, , , , , , , 17.2306731, -0.0058747, , , , , , , 17.2306731, 0.0078889, , , , , , , , , , , , , , , , , , , , , , , , , , , , 
17.2311923, 0.0169528, , , , , , , 17.2311923, -0.0109102, , , , , , , 17.2311923, -0.0057069, , , , , , , 17.2311923, 0.0085603, , , , , , , , , , , , , , , , , , , , , , , , , , , , 
17.2317115, 0.010071, , , , , , , 17.2317115, -0.0105745, , , , , , , 17.2317115, -0.0083925, , , , , , , 17.2317115, 0.0070497, , , , , , , , , , , , , , , , , , , , , , , , , , , , 
17.2322308, 0.0085603, , , , , , , 17.2322308, -0.0102388, , , , , , , 17.2322308, -0.0109102, , , , , , , 17.2322308, 0.0025177, , , , , , , , , , , , , , , , , , , , , , , , , , , , 
17.23275, 0.0159457, , , , , , , 17.23275, -0.0095674, , , , , , , 17.23275, -0.0099031, , , , , , , 17.23275, -0.0052033, , , , , , , , , , , , , , , , , , , , , , , , , , , , 
17.2332692, 0.0285344, , , , , , , 17.2332692, -0.0068818, , , , , , , 17.2332692, -0.008896, , , , , , , 17.2332692, -0.0135958, , , , , , , , , , , , , , , , , , , , , , , , , , , , 
17.2337885, 0.036759, , , , , , , 17.2337885, -0.0058747, , , , , , , 17.2337885, -0.010071, , , , , , , 17.2337885, -0.017792, , , , , , , , , , , , , , , , , , , , , , , , , , , , 
17.2343077, 0.0337377, , , , , , , 17.2343077, -0.0068818, , , , , , , 17.2343077, -0.0099031, , , , , , , 17.2343077, -0.0218204, , , , , , , , , , , , , , , , , , , , , , , , , , , , 
17.2348269, 0.0323949, , , , , , , 17.2348269, -0.008896, , , , , , , 17.2348269, -0.0095674, , , , , , , 17.2348269, -0.023331, , , , , , , , , , , , , , , , , , , , , , , , , , , , 
17.2353462, 0.0344091, , , , , , , 17.2353462, -0.0099031, , , , , , , 17.2353462, -0.0102388, , , , , , , 17.2353462, -0.0216526, , , , , , , , , , , , , , , , , , , , , , , , , , , , 
17.2358654, 0.0340734, , , , , , , 17.2358654, -0.0102388, , , , , , , 17.2358654, -0.0117494, , , , , , , 17.2358654, -0.0181277, , , , , , , , , , , , , , , , , , , , , , , , , , , , 
17.2363846, 0.0287022, , , , , , , 17.2363846, -0.0109102, , , , , , , 17.2363846, -0.0125887, , , , , , , 17.2363846, -0.0149386, , , , , , , , , , , , , , , , , , , , , , , , , , , , 
17.2369038, 0.0199741, , , , , , , 17.2369038, -0.0105745, , , , , , , 17.2369038, -0.0119173, , , , , , , 17.2369038, -0.0099031, , , , , , , , , , , , , , , , , , , , , , , , , , , , 
17.2374231, 0.0112459, , , , , , , 17.2374231, -0.0092317, , , , , , , 17.2374231, -0.0109102, , , , , , , 17.2374231, -0.0018463, , , , , , , , , , , , , , , , , , , , , , , , , , , , 
17.2379423, 0.0058747, , , , , , , 17.2379423, -0.0082246, , , , , , , 17.2379423, -0.0082246, , , , , , , 17.2379423, 0.0068818, , , , , , , , , , , , , , , , , , , , , , , , , , , , 
17.2384615, -0.0001678, , , , , , , 17.2384615, -0.0082246, , , , , , , 17.2384615, -0.0062104, , , , , , , 17.2384615, 0.0157778, , , , , , , , , , , , , , , , , , , , , , , , , , , , 
17.2389808, -0.0062104, , , , , , , 17.2389808, -0.0077211, , , , , , , 17.2389808, -0.0050355, , , , , , , 17.2389808, 0.0240024, , , , , , , , , , , , , , , , , , , , , , , , , , , , 
17.2395, -0.0104067, , , , , , , 17.2395, -0.0095674, , , , , , , 17.2395, -0.0041962, , , , , , , 17.2395, 0.033402, , , , , , , , , , , , , , , , , , , , , , , , , , , , 
17.2400192, -0.017792, , , , , , , 17.2400192, -0.0109102, , , , , , , 17.2400192, -0.0043641, , , , , , , 17.2400192, 0.0394446, , , , , , , , , , , , , , , , , , , , , , , , , , , , 
17.2405385, -0.0260166, , , , , , , 17.2405385, -0.0099031, , , , , , , 17.2405385, -0.0045319, , , , , , , 17.2405385, 0.043473, , , , , , , , , , , , , , , , , , , , , , , , , , , , 
17.2410577, -0.030045, , , , , , , 17.2410577, -0.0068818, , , , , , , 17.2410577, -0.0048676, , , , , , , 17.2410577, 0.0471656, , , , , , , , , , , , , , , , , , , , , , , , , , , , 
17.2415769, -0.0310521, , , , , , , 17.2415769, -0.0048676, , , , , , , 17.2415769, -0.0052033, , , , , , , 17.2415769, 0.0495155, , , , , , , , , , , , , , , , , , , , , , , , , , , , 
17.2420962, -0.0317235, , , , , , , 17.2420962, -0.0050355, , , , , , , 17.2420962, -0.005539, , , , , , , 17.2420962, 0.0498512, , , , , , , , , , , , , , , , , , , , , , , , , , , , 
17.2426154, -0.0270237, , , , , , , 17.2426154, -0.0048676, , , , , , , 17.2426154, -0.0058747, , , , , , , 17.2426154, 0.0476692, , , , , , , , , , , , , , , , , , , , , , , , , , , , 
17.2431346, -0.0182956, , , , , , , 17.2431346, -0.0043641, , , , , , , 17.2431346, -0.0063783, , , , , , , 17.2431346, 0.0406195, , , , , , , , , , , , , , , , , , , , , , , , , , , , 
17.2436538, -0.0095674, , , , , , , 17.2436538, -0.0038605, , , , , , , 17.2436538, -0.0063783, , , , , , , 17.2436538, 0.0320592, , , , , , , , , , , , , , , , , , , , , , , , , , , , 
17.2441731, -0.0023499, , , , , , , 17.2441731, -0.0038605, , , , , , , 17.2441731, -0.0058747, , , , , , , 17.2441731, 0.0256809, , , , , , , , , , , , , , , , , , , , , , , , , , , , 
17.2446923, 0.0005035, , , , , , , 17.2446923, -0.0041962, , , , , , , 17.2446923, -0.0065461, , , , , , , 17.2446923, 0.0226596, , , , , , , , , , , , , , , , , , , , , , , , , , , , 
17.2452115, 0.0030213, , , , , , , 17.2452115, -0.0045319, , , , , , , 17.2452115, -0.0068818, , , , , , , 17.2452115, 0.0196384, , , , , , , , , , , , , , , , , , , , , , , , , , , , 
17.2457308, 0.0090639, , , , , , , 17.2457308, -0.0041962, , , , , , , 17.2457308, -0.0062104, , , , , , , 17.2457308, 0.01561, , , , , , , , , , , , , , , , , , , , , , , , , , , , 
17.24625, 0.0099031, , , , , , , 17.24625, -0.0043641, , , , , , , 17.24625, -0.0082246, , , , , , , 17.24625, 0.012253, , , , , , , , , , , , , , , , , , , , , , , , , , , , 
17.2467692, 0.0085603, , , , , , , 17.2467692, -0.0045319, , , , , , , 17.2467692, -0.0112459, , , , , , , 17.2467692, 0.0115816, , , , , , , , , , , , , , , , , , , , , , , , , , , , 
17.2472885, 0.0112459, , , , , , , 17.2472885, -0.0062104, , , , , , , 17.2472885, -0.0129244, , , , , , , 17.2472885, 0.0112459, , , , , , , , , , , , , , , , , , , , , , , , , , , , 
17.2478077, 0.0139315, , , , , , , 17.2478077, -0.0075532, , , , , , , 17.2478077, -0.0135958, , , , , , , 17.2478077, 0.0099031, , , , , , , , , , , , , , , , , , , , , , , , , , , , 
17.2483269, 0.0166171, , , , , , , 17.2483269, -0.0082246, , , , , , , 17.2483269, -0.0132601, , , , , , , 17.2483269, 0.0095674, , , , , , , , , , , , , , , , , , , , , , , , , , , , 
17.2488462, 0.0223239, , , , , , , 17.2488462, -0.0082246, , , , , , , 17.2488462, -0.012253, , , , , , , 17.2488462, 0.0097353, , , , , , , , , , , , , , , , , , , , , , , , , , , , 
17.2493654, 0.0271916, , , , , , , 17.2493654, -0.0090639, , , , , , , 17.2493654, -0.0109102, , , , , , , 17.2493654, 0.0105745, , , , , , , , , , , , , , , , , , , , , , , , , , , , 
17.2498846, 0.0273594, , , , , , , 17.2498846, -0.0093996, , , , , , , 17.2498846, -0.0095674, , , , , , , 17.2498846, 0.0102388, , , , , , , , , , , , , , , , , , , , , , , , , , , , 
17.2504038, 0.0251774, , , , , , , 17.2504038, -0.0082246, , , , , , , 17.2504038, -0.0082246, , , , , , , 17.2504038, 0.0082246, , , , , , , , , , , , , , , , , , , , , , , , , , , , 
17.2509231, 0.0243381, , , , , , , 17.2509231, -0.0063783, , , , , , , 17.2509231, -0.0097353, , , , , , , 17.2509231, 0.0095674, , , , , , , , , , , , , , , , , , , , , , , , , , , , 
17.2514423, 0.023331, , , , , , , 17.2514423, -0.005539, , , , , , , 17.2514423, -0.0102388, , , , , , , 17.2514423, 0.012253, , , , , , , , , , , , , , , , , , , , , , , , , , , , 
17.2519615, 0.0193027, , , , , , , 17.2519615, -0.0063783, , , , , , , 17.2519615, -0.0095674, , , , , , , 17.2519615, 0.0132601, , , , , , , , , , , , , , , , , , , , , , , , , , , , 
17.2524808, 0.0209812, , , , , , , 17.2524808, -0.0068818, , , , , , , 17.2524808, -0.0082246, , , , , , , 17.2524808, 0.0085603, , , , , , , , , , , , , , , , , , , , , , , , , , , , 
17.253, 0.0280308, , , , , , , 17.253, -0.0058747, , , , , , , 17.253, -0.0075532, , , , , , , 17.253, -0.0008392, , , , , , , , , , , , , , , , , , , , , , , , , , , , 
17.2535192, 0.0327306, , , , , , , 17.2535192, -0.0058747, , , , , , , 17.2535192, -0.0085603, , , , , , , 17.2535192, -0.0065461, , , , , , , , , , , , , , , , , , , , , , , , , , , , 
17.2540385, 0.033402, , , , , , , 17.2540385, -0.0075532, , , , , , , 17.2540385, -0.008896, , , , , , , 17.2540385, -0.0090639, , , , , , , , , , , , , , , , , , , , , , , , , , , , 
17.2545577, 0.0344091, , , , , , , 17.2545577, -0.0082246, , , , , , , 17.2545577, -0.008896, , , , , , , 17.2545577, -0.0119173, , , , , , , , , , , , , , , , , , , , , , , , , , , , 
17.2550769, 0.0394446, , , , , , , 17.2550769, -0.0075532, , , , , , , 17.2550769, -0.0102388, , , , , , , 17.2550769, -0.0135958, , , , , , , , , , , , , , , , , , , , , , , , , , , , 
17.2555962, 0.0428016, , , , , , , 17.2555962, -0.0072175, , , , , , , 17.2555962, -0.0102388, , , , , , , 17.2555962, -0.0149386, , , , , , , , , , , , , , , , , , , , , , , , , , , , 
17.2561154, 0.0417945, , , , , , , 17.2561154, -0.0082246, , , , , , , 17.2561154, -0.0109102, , , , , , , 17.2561154, -0.0109102, , , , , , , , , , , , , , , , , , , , , , , , , , , , 
17.2566346, 0.0374304, , , , , , , 17.2566346, -0.0092317, , , , , , , 17.2566346, -0.0124208, , , , , , , 17.2566346, -0.0016785, , , , , , , , , , , , , , , , , , , , , , , , , , , , 
17.2571538, 0.0307164, , , , , , , 17.2571538, -0.0095674, , , , , , , 17.2571538, -0.0130922, , , , , , , 17.2571538, 0.0058747, , , , , , , , , , , , , , , , , , , , , , , , , , , , 
17.2576731, 0.0240024, , , , , , , 17.2576731, -0.0102388, , , , , , , 17.2576731, -0.0115816, , , , , , , 17.2576731, 0.0109102, , , , , , , , , , , , , , , , , , , , , , , , , , , , 
17.2581923, 0.018967, , , , , , , 17.2581923, -0.011078, , , , , , , 17.2581923, -0.0087282, , , , , , , 17.2581923, 0.0157778, , , , , , , , , , , , , , , , , , , , , , , , , , , , 
17.2587115, 0.0102388, , , , , , , 17.2587115, -0.0104067, , , , , , , 17.2587115, -0.0070497, , , , , , , 17.2587115, 0.0226596, , , , , , , , , , , , , , , , , , , , , , , , , , , , 
17.2592308, 0.0011749, , , , , , , 17.2592308, -0.0095674, , , , , , , 17.2592308, -0.0057069, , , , , , , 17.2592308, 0.0293736, , , , , , , , , , , , , , , , , , , , , , , , , , , , 
17.25975, -0.0045319, , , , , , , 17.25975, -0.0083925, , , , , , , 17.25975, -0.0046998, , , , , , , 17.25975, 0.0339055, , , , , , , , , , , , , , , , , , , , , , , , , , , , 
17.2602692, -0.0046998, , , , , , , 17.2602692, -0.0078889, , , , , , , 17.2602692, -0.0041962, , , , , , , 17.2602692, 0.0396124, , , , , , , , , , , , , , , , , , , , , , , , , , , , 
17.2607885, -0.0028534, , , , , , , 17.2607885, -0.0075532, , , , , , , 17.2607885, -0.005539, , , , , , , 17.2607885, 0.0426337, , , , , , , , , , , , , , , , , , , , , , , , , , , , 
17.2613077, -0.0078889, , , , , , , 17.2613077, -0.0068818, , , , , , , 17.2613077, -0.0065461, , , , , , , 17.2613077, 0.0438087, , , , , , , , , , , , , , , , , , , , , , , , , , , , 
17.2618269, -0.0146029, , , , , , , 17.2618269, -0.0070497, , , , , , , 17.2618269, -0.0045319, , , , , , , 17.2618269, 0.0451514, , , , , , , , , , , , , , , , , , , , , , , , , , , , 
17.2623462, -0.0179599, , , , , , , 17.2623462, -0.008896, , , , , , , 17.2623462, -0.0052033, , , , , , , 17.2623462, 0.0433051, , , , , , , , , , , , , , , , , , , , , , , , , , , , 
17.2628654, -0.0149386, , , , , , , 17.2628654, -0.008896, , , , , , , 17.2628654, -0.0085603, , , , , , , 17.2628654, 0.0357519, , , , , , , , , , , , , , , , , , , , , , , , , , , , 
17.2633846, -0.0068818, , , , , , , 17.2633846, -0.0078889, , , , , , , 17.2633846, -0.0105745, , , , , , , 17.2633846, 0.0253452, , , , , , , , , , , , , , , , , , , , , , , , , , , , 
17.2639038, -0.0015106, , , , , , , 17.2639038, -0.010071, , , , , , , 17.2639038, -0.0115816, , , , , , , 17.2639038, 0.0172885, , , , , , , , , , , , , , , , , , , , , , , , , , , , 
17.2644231, -0.0008392, , , , , , , 17.2644231, -0.0109102, , , , , , , 17.2644231, -0.0105745, , , , , , , 17.2644231, 0.0142672, , , , , , , , , , , , , , , , , , , , , , , , , , , , 
17.2649423, 0.0008392, , , , , , , 17.2649423, -0.0099031, , , , , , , 17.2649423, -0.008896, , , , , , , 17.2649423, 0.0132601, , , , , , , , , , , , , , , , , , , , , , , , , , , , 
17.2654615, 0.0038605, , , , , , , 17.2654615, -0.0083925, , , , , , , 17.2654615, -0.0065461, , , , , , , 17.2654615, 0.0109102, , , , , , , , , , , , , , , , , , , , , , , , , , , , 
17.2659808, 0.0041962, , , , , , , 17.2659808, -0.0085603, , , , , , , 17.2659808, -0.0057069, , , , , , , 17.2659808, 0.0087282, , , , , , , , , , , , , , , , , , , , , , , , , , , , 
17.2665, 0.0031891, , , , , , , 17.2665, -0.0075532, , , , , , , 17.2665, -0.0068818, , , , , , , 17.2665, 0.0082246, , , , , , , , , , , , , , , , , , , , , , , , , , , , 
17.2670192, 0.0052033, , , , , , , 17.2670192, -0.0068818, , , , , , , 17.2670192, -0.0082246, , , , , , , 17.2670192, 0.0062104, , , , , , , , , , , , , , , , , , , , , , , , , , , , 
17.2675385, 0.0099031, , , , , , , 17.2675385, -0.0075532, , , , , , , 17.2675385, -0.0075532, , , , , , , 17.2675385, 0.0015106, , , , , , , , , , , , , , , , , , , , , , , , , , , , 
17.2680577, 0.0139315, , , , , , , 17.2680577, -0.0068818, , , , , , , 17.2680577, -0.0065461, , , , , , , 17.2680577, -0.0015106, , , , , , , , , , , , , , , , , , , , , , , , , , , , 
17.2685769, 0.0171206, , , , , , , 17.2685769, -0.0058747, , , , , , , 17.2685769, -0.0070497, , , , , , , 17.2685769, -0.0005035, , , , , , , , , , , , , , , , , , , , , , , , , , , , 
17.2690962, 0.01561, , , , , , , 17.2690962, -0.0068818, , , , , , , 17.2690962, -0.0085603, , , , , , , 17.2690962, 0.0008392, , , , , , , , , , , , , , , , , , , , , , , , , , , , 
17.2696154, 0.0129244, , , , , , , 17.2696154, -0.0075532, , , , , , , 17.2696154, -0.0058747, , , , , , , 17.2696154, 0.0005035, , , , , , , , , , , , , , , , , , , , , , , , , , , , 
17.2701346, 0.0167849, , , , , , , 17.2701346, -0.0062104, , , , , , , 17.2701346, -0.0023499, , , , , , , 17.2701346, 0.0018463, , , , , , , , , , , , , , , , , , , , , , , , , , , , 
17.2706538, 0.023331, , , , , , , 17.2706538, -0.0062104, , , , , , , 17.2706538, -0.0028534, , , , , , , 17.2706538, 0.002182, , , , , , , , , , , , , , , , , , , , , , , , , , , , 
17.2711731, 0.0246738, , , , , , , 17.2711731, -0.005539, , , , , , , 17.2711731, -0.0041962, , , , , , , 17.2711731, 0.0018463, , , , , , , , , , , , , , , , , , , , , , , , , , , , 
17.2716923, 0.0209812, , , , , , , 17.2716923, -0.0048676, , , , , , , 17.2716923, -0.0041962, , , , , , , 17.2716923, 0.0005035, , , , , , , , , , , , , , , , , , , , , , , , , , , , 
17.2722115, 0.0199741, , , , , , , 17.2722115, -0.005539, , , , , , , 17.2722115, -0.005539, , , , , , , 17.2722115, -0.0028534, , , , , , , , , , , , , , , , , , , , , , , , , , , , 
17.2727308, 0.023331, , , , , , , 17.2727308, -0.0062104, , , , , , , 17.2727308, -0.0070497, , , , , , , 17.2727308, -0.0062104, , , , , , , , , , , , , , , , , , , , , , , , , , , , 
17.27325, 0.0253452, , , , , , , 17.27325, -0.0085603, , , , , , , 17.27325, -0.0085603, , , , , , , 17.27325, -0.0095674, , , , , , , , , , , , , , , , , , , , , , , , , , , , 
17.2737692, 0.026688, , , , , , , 17.2737692, -0.0099031, , , , , , , 17.2737692, -0.0097353, , , , , , , 17.2737692, -0.0112459, , , , , , , , , , , , , , , , , , , , , , , , , , , , 
17.2742885, 0.0323949, , , , , , , 17.2742885, -0.0102388, , , , , , , 17.2742885, -0.008896, , , , , , , 17.2742885, -0.0109102, , , , , , , , , , , , , , , , , , , , , , , , , , , , 
17.2748077, 0.036759, , , , , , , 17.2748077, -0.0095674, , , , , , , 17.2748077, -0.0090639, , , , , , , 17.2748077, -0.0109102, , , , , , , , , , , , , , , , , , , , , , , , , , , , 
17.2753269, 0.0370947, , , , , , , 17.2753269, -0.008896, , , , , , , 17.2753269, -0.0099031, , , , , , , 17.2753269, -0.0092317, , , , , , , , , , , , , , , , , , , , , , , , , , , , 
17.2758462, 0.0327306, , , , , , , 17.2758462, -0.0092317, , , , , , , 17.2758462, -0.0105745, , , , , , , 17.2758462, -0.0078889, , , , , , , , , , , , , , , , , , , , , , , , , , , , 
17.2763654, 0.0287022, , , , , , , 17.2763654, -0.0105745, , , , , , , 17.2763654, -0.0112459, , , , , , , 17.2763654, -0.0082246, , , , , , , , , , , , , , , , , , , , , , , , , , , , 
17.2768846, 0.0213169, , , , , , , 17.2768846, -0.0105745, , , , , , , 17.2768846, -0.0119173, , , , , , , 17.2768846, -0.005539, , , , , , , , , , , , , , , , , , , , , , , , , , , , 
17.2774038, 0.0132601, , , , , , , 17.2774038, -0.0099031, , , , , , , 17.2774038, -0.0125887, , , , , , , 17.2774038, 0.0018463, , , , , , , , , , , , , , , , , , , , , , , , , , , , 
17.2779231, 0.0104067, , , , , , , 17.2779231, -0.0105745, , , , , , , 17.2779231, -0.0132601, , , , , , , 17.2779231, 0.0085603, , , , , , , , , , , , , , , , , , , , , , , , , , , , 
17.2784423, 0.008896, , , , , , , 17.2784423, -0.0109102, , , , , , , 17.2784423, -0.0129244, , , , , , , 17.2784423, 0.0125887, , , , , , , , , , , , , , , , , , , , , , , , , , , , 
17.2789615, 0.0052033, , , , , , , 17.2789615, -0.0102388, , , , , , , 17.2789615, -0.0115816, , , , , , , 17.2789615, 0.0146029, , , , , , , , , , , , , , , , , , , , , , , , , , , , 
17.2794808, 0.0018463, , , , , , , 17.2794808, -0.0085603, , , , , , , 17.2794808, -0.008896, , , , , , , 17.2794808, 0.0164492, , , , , , , , , , , , , , , , , , , , , , , , , , , , 
17.28, -0.005539, , , , , , , 17.28, -0.0082246, , , , , , , 17.28, -0.0068818, , , , , , , 17.28, 0.0219883, , , , , , , , , , , , , , , , , , , , , , , , , , , , 
17.2805192, -0.014435, , , , , , , 17.2805192, -0.0095674, , , , , , , 17.2805192, -0.0048676, , , , , , , 17.2805192, 0.033402, , , , , , , , , , , , , , , , , , , , , , , , , , , , 
17.2810385, -0.0169528, , , , , , , 17.2810385, -0.0102388, , , , , , , 17.2810385, -0.002182, , , , , , , 17.2810385, 0.0417945, , , , , , , , , , , , , , , , , , , , , , , , , , , , 
17.2815577, -0.0182956, , , , , , , 17.2815577, -0.0105745, , , , , , , 17.2815577, -0.0025177, , , , , , , 17.2815577, 0.0448157, , , , , , , , , , , , , , , , , , , , , , , , , , , , 
17.2820769, -0.0206455, , , , , , , 17.2820769, -0.0109102, , , , , , , 17.2820769, -0.0031891, , , , , , , 17.2820769, 0.0441444, , , , , , , , , , , , , , , , , , , , , , , , , , , , 
17.2825962, -0.0236667, , , , , , , 17.2825962, -0.0095674, , , , , , , 17.2825962, -0.0038605, , , , , , , 17.2825962, 0.04448, , , , , , , , , , , , , , , , , , , , , , , , , , , , 
17.2831154, -0.0196384, , , , , , , 17.2831154, -0.0082246, , , , , , , 17.2831154, -0.002182, , , , , , , 17.2831154, 0.0404517, , , , , , , , , , , , , , , , , , , , , , , , , , , , 
17.2836346, -0.0102388, , , , , , , 17.2836346, -0.0082246, , , , , , , 17.2836346, -0.002182, , , , , , , 17.2836346, 0.033402, , , , , , , , , , , , , , , , , , , , , , , , , , , , 
17.2841538, -0.0018463, , , , , , , 17.2841538, -0.0070497, , , , , , , 17.2841538, -0.0028534, , , , , , , 17.2841538, 0.0260166, , , , , , , , , , , , , , , , , , , , , , , , , , , , 
17.2846731, 0.0030213, , , , , , , 17.2846731, -0.005539, , , , , , , 17.2846731, -0.002182, , , , , , , 17.2846731, 0.0209812, , , , , , , , , , , , , , , , , , , , , , , , , , , , 
17.2851923, 0.005539, , , , , , , 17.2851923, -0.0048676, , , , , , , 17.2851923, -0.002182, , , , , , , 17.2851923, 0.0186313, , , , , , , , , , , , , , , , , , , , , , , , , , , , 
17.2857115, 0.008896, , , , , , , 17.2857115, -0.0062104, , , , , , , 17.2857115, -0.0035248, , , , , , , 17.2857115, 0.0184634, , , , , , , , , , , , , , , , , , , , , , , , , , , , 
17.2862308, 0.0085603, , , , , , , 17.2862308, -0.0077211, , , , , , , 17.2862308, -0.0058747, , , , , , , 17.2862308, 0.0172885, , , , , , , , , , , , , , , , , , , , , , , , , , , , 
17.28675, 0.0075532, , , , , , , 17.28675, -0.0075532, , , , , , , 17.28675, -0.0052033, , , , , , , 17.28675, 0.01561, , , , , , , , , , , , , , , , , , , , , , , , , , , , 
17.2872692, 0.0124208, , , , , , , 17.2872692, -0.0062104, , , , , , , 17.2872692, -0.0043641, , , , , , , 17.2872692, 0.0152743, , , , , , , , , , , , , , , , , , , , , , , , , , , , 
17.2877885, 0.0206455, , , , , , , 17.2877885, -0.0050355, , , , , , , 17.2877885, -0.0050355, , , , , , , 17.2877885, 0.01561, , , , , , , , , , , , , , , , , , , , , , , , , , , , 
17.2883077, 0.0226596, , , , , , , 17.2883077, -0.005539, , , , , , , 17.2883077, -0.0043641, , , , , , , 17.2883077, 0.0152743, , , , , , , , , , , , , , , , , , , , , , , , , , , , 
17.2888269, 0.0186313, , , , , , , 17.2888269, -0.005539, , , , , , , 17.2888269, -0.0062104, , , , , , , 17.2888269, 0.0162814, , , , , , , , , , , , , , , , , , , , , , , , , , , , 
17.2893462, 0.0172885, , , , , , , 17.2893462, -0.0062104, , , , , , , 17.2893462, -0.0075532, , , , , , , 17.2893462, 0.0151064, , , , , , , , , , , , , , , , , , , , , , , , , , , , 
17.2898654, 0.0199741, , , , , , , 17.2898654, -0.0063783, , , , , , , 17.2898654, -0.0095674, , , , , , , 17.2898654, 0.0132601, , , , , , , , , , , , , , , , , , , , , , , , , , , , 
17.2903846, 0.0226596, , , , , , , 17.2903846, -0.0068818, , , , , , , 17.2903846, -0.0115816, , , , , , , 17.2903846, 0.0132601, , , , , , , , , , , , , , , , , , , , , , , , , , , , 
17.2909038, 0.0250095, , , , , , , 17.2909038, -0.0068818, , , , , , , 17.2909038, -0.0129244, , , , , , , 17.2909038, 0.0112459, , , , , , , , , , , , , , , , , , , , , , , , , , , , 
17.2914231, 0.0250095, , , , , , , 17.2914231, -0.0082246, , , , , , , 17.2914231, -0.0129244, , , , , , , 17.2914231, 0.0092317, , , , , , , , , , , , , , , , , , , , , , , , , , , , 
17.2919423, 0.0193027, , , , , , , 17.2919423, -0.0082246, , , , , , , 17.2919423, -0.0119173, , , , , , , 17.2919423, 0.0082246, , , , , , , , , , , , , , , , , , , , , , , , , , , , 
17.2924615, 0.0176242, , , , , , , 17.2924615, -0.0078889, , , , , , , 17.2924615, -0.0095674, , , , , , , 17.2924615, 0.0058747, , , , , , , , , , , , , , , , , , , , , , , , , , , , 
17.2929808, 0.0226596, , , , , , , 17.2929808, -0.0068818, , , , , , , 17.2929808, -0.0095674, , , , , , , 17.2929808, 0.0011749, , , , , , , , , , , , , , , , , , , , , , , , , , , , 
17.2935, 0.0253452, , , , , , , 17.2935, -0.0041962, , , , , , , 17.2935, -0.0099031, , , , , , , 17.2935, -0.0030213, , , , , , , , , , , , , , , , , , , , , , , , , , , , 
17.2940192, 0.0253452, , , , , , , 17.2940192, -0.0028534, , , , , , , 17.2940192, -0.0102388, , , , , , , 17.2940192, -0.0082246, , , , , , , , , , , , , , , , , , , , , , , , , , , , 
17.2945385, 0.0253452, , , , , , , 17.2945385, -0.0052033, , , , , , , 17.2945385, -0.0109102, , , , , , , 17.2945385, -0.0109102, , , , , , , , , , , , , , , , , , , , , , , , , , , , 
17.2950577, 0.0246738, , , , , , , 17.2950577, -0.005539, , , , , , , 17.2950577, -0.0105745, , , , , , , 17.2950577, -0.0119173, , , , , , , , , , , , , , , , , , , , , , , , , , , , 
17.2955769, 0.0213169, , , , , , , 17.2955769, -0.005539, , , , , , , 17.2955769, -0.0102388, , , , , , , 17.2955769, -0.0102388, , , , , , , , , , , , , , , , , , , , , , , , , , , , 
17.2960962, 0.0169528, , , , , , , 17.2960962, -0.0057069, , , , , , , 17.2960962, -0.0114137, , , , , , , 17.2960962, -0.0062104, , , , , , , , , , , , , , , , , , , , , , , , , , , , 
17.2966154, 0.0146029, , , , , , , 17.2966154, -0.0062104, , , , , , , 17.2966154, -0.0112459, , , , , , , 17.2966154, 0.002182, , , , , , , , , , , , , , , , , , , , , , , , , , , , 
17.2971346, 0.0112459, , , , , , , 17.2971346, -0.0058747, , , , , , , 17.2971346, -0.0099031, , , , , , , 17.2971346, 0.0109102, , , , , , , , , , , , , , , , , , , , , , , , , , , , 
17.2976538, 0.0065461, , , , , , , 17.2976538, -0.005539, , , , , , , 17.2976538, -0.0083925, , , , , , , 17.2976538, 0.0159457, , , , , , , , , , , , , , , , , , , , , , , , , , , , 
17.2981731, 0.0045319, , , , , , , 17.2981731, -0.0065461, , , , , , , 17.2981731, -0.0082246, , , , , , , 17.2981731, 0.0199741, , , , , , , , , , , , , , , , , , , , , , , , , , , , 
17.2986923, 0.0011749, , , , , , , 17.2986923, -0.0075532, , , , , , , 17.2986923, -0.0090639, , , , , , , 17.2986923, 0.0258488, , , , , , , , , , , , , , , , , , , , , , , , , , , , 
17.2992115, -0.0046998, , , , , , , 17.2992115, -0.0092317, , , , , , , 17.2992115, -0.0072175, , , , , , , 17.2992115, 0.0347448, , , , , , , , , , , , , , , , , , , , , , , , , , , , 
17.2997308, -0.012253, , , , , , , 17.2997308, -0.0095674, , , , , , , 17.2997308, -0.0048676, , , , , , , 17.2997308, 0.040116, , , , , , , , , , , , , , , , , , , , , , , , , , , , 
17.30025, -0.0196384, , , , , , , 17.30025, -0.0078889, , , , , , , 17.30025, -0.0041962, , , , , , , 17.30025, 0.0441444, , , , , , , , , , , , , , , , , , , , , , , , , , , , 
17.3007692, -0.0194705, , , , , , , 17.3007692, -0.0072175, , , , , , , 17.3007692, -0.0036927, , , , , , , 17.3007692, 0.0488441, , , , , , , , , , , , , , , , , , , , , , , , , , , , 
17.3012885, -0.0125887, , , , , , , 17.3012885, -0.0085603, , , , , , , 17.3012885, -0.0045319, , , , , , , 17.3012885, 0.0525368, , , , , , , , , , , , , , , , , , , , , , , , , , , , 
17.3018077, -0.0129244, , , , , , , 17.3018077, -0.0099031, , , , , , , 17.3018077, -0.0052033, , , , , , , 17.3018077, 0.0552224, , , , , , , , , , , , , , , , , , , , , , , , , , , , 
17.3023269, -0.0206455, , , , , , , 17.3023269, -0.0115816, , , , , , , 17.3023269, -0.0072175, , , , , , , 17.3023269, 0.0508583, , , , , , , , , , , , , , , , , , , , , , , , , , , , 
17.3028462, -0.023331, , , , , , , 17.3028462, -0.012253, , , , , , , 17.3028462, -0.0077211, , , , , , , 17.3028462, 0.0414588, , , , , , , , , , , , , , , , , , , , , , , , , , , , 
17.3033654, -0.0132601, , , , , , , 17.3033654, -0.0104067, , , , , , , 17.3033654, -0.0062104, , , , , , , 17.3033654, 0.0327306, , , , , , , , , , , , , , , , , , , , , , , , , , , , 
17.3038846, -0.0015106, , , , , , , 17.3038846, -0.0095674, , , , , , , 17.3038846, -0.0048676, , , , , , , 17.3038846, 0.026688, , , , , , , , , , , , , , , , , , , , , , , , , , , , 
17.3044038, 0.0052033, , , , , , , 17.3044038, -0.0102388, , , , , , , 17.3044038, -0.0063783, , , , , , , 17.3044038, 0.0169528, , , , , , , , , , , , , , , , , , , , , , , , , , , , 
17.3049231, 0.0129244, , , , , , , 17.3049231, -0.0109102, , , , , , , 17.3049231, -0.0092317, , , , , , , 17.3049231, 0.0075532, , , , , , , , , , , , , , , , , , , , , , , , , , , , 
17.3054423, 0.0253452, , , , , , , 17.3054423, -0.0102388, , , , , , , 17.3054423, -0.0099031, , , , , , , 17.3054423, 0.0058747, , , , , , , , , , , , , , , , , , , , , , , , , , , , 
17.3059615, 0.0347448, , , , , , , 17.3059615, -0.0102388, , , , , , , 17.3059615, -0.0092317, , , , , , , 17.3059615, 0.0115816, , , , , , , , , , , , , , , , , , , , , , , , , , , , 
17.3064808, 0.0428016, , , , , , , 17.3064808, -0.012253, , , , , , , 17.3064808, -0.0083925, , , , , , , 17.3064808, 0.0132601, , , , , , , , , , , , , , , , , , , , , , , , , , , , 
17.307, 0.0495155, , , , , , , 17.307, -0.012253, , , , , , , 17.307, -0.0090639, , , , , , , 17.307, 0.0102388, , , , , , , , , , , , , , , , , , , , , , , , , , , , 
17.3075192, 0.0506905, , , , , , , 17.3075192, -0.0102388, , , , , , , 17.3075192, -0.0099031, , , , , , , 17.3075192, 0.0062104, , , , , , , , , , , , , , , , , , , , , , , , , , , , 
17.3080385, 0.0498512, , , , , , , 17.3080385, -0.0087282, , , , , , , 17.3080385, -0.0090639, , , , , , , 17.3080385, 0.0038605, , , , , , , , , , , , , , , , , , , , , , , , , , , , 
17.3085577, 0.0481727, , , , , , , 17.3085577, -0.0090639, , , , , , , 17.3085577, -0.0097353, , , , , , , 17.3085577, 0.0011749, , , , , , , , , , , , , , , , , , , , , , , , , , , , 
17.3090769, 0.0414588, , , , , , , 17.3090769, -0.0109102, , , , , , , 17.3090769, -0.0095674, , , , , , , 17.3090769, -0.0005035, , , , , , , , , , , , , , , , , , , , , , , , , , , , 
17.3095962, 0.0354162, , , , , , , 17.3095962, -0.0102388, , , , , , , 17.3095962, -0.0082246, , , , , , , 17.3095962, 0.0005035, , , , , , , , , , , , , , , , , , , , , , , , , , , , 
17.3101154, 0.0377661, , , , , , , 17.3101154, -0.0078889, , , , , , , 17.3101154, -0.0068818, , , , , , , 17.3101154, 0.0028534, , , , , , , , , , , , , , , , , , , , , , , , , , , , 
17.3106346, 0.0441444, , , , , , , 17.3106346, -0.0058747, , , , , , , 17.3106346, -0.0075532, , , , , , , 17.3106346, 0.0035248, , , , , , , , , , , , , , , , , , , , , , , , , , , , 
17.3111538, 0.0473335, , , , , , , 17.3111538, -0.0046998, , , , , , , 17.3111538, -0.0082246, , , , , , , 17.3111538, 0.0043641, , , , , , , , , , , , , , , , , , , , , , , , , , , , 
17.3116731, 0.0498512, , , , , , , 17.3116731, -0.0035248, , , , , , , 17.3116731, -0.0075532, , , , , , , 17.3116731, 0.0031891, , , , , , , , , , , , , , , , , , , , , , , , , , , , 
17.3121923, 0.049012, , , , , , , 17.3121923, -0.0035248, , , , , , , 17.3121923, -0.0075532, , , , , , , 17.3121923, -0.0011749, , , , , , , , , , , , , , , , , , , , , , , , , , , , 
17.3127115, 0.0495155, , , , , , , 17.3127115, -0.0045319, , , , , , , 17.3127115, -0.0082246, , , , , , , 17.3127115, -0.0046998, , , , , , , , , , , , , , , , , , , , , , , , , , , , 
17.3132308, 0.0575723, , , , , , , 17.3132308, -0.0057069, , , , , , , 17.3132308, -0.0095674, , , , , , , 17.3132308, -0.0078889, , , , , , , , , , , , , , , , , , , , , , , , , , , , 
17.31375, 0.0652934, , , , , , , 17.31375, -0.0072175, , , , , , , 17.31375, -0.0095674, , , , , , , 17.31375, -0.0114137, , , , , , , , , , , , , , , , , , , , , , , , , , , , 
17.3142692, 0.0683146, , , , , , , 17.3142692, -0.0082246, , , , , , , 17.3142692, -0.0102388, , , , , , , 17.3142692, -0.0125887, , , , , , , , , , , , , , , , , , , , , , , , , , , , 
17.3147885, 0.0706645, , , , , , , 17.3147885, -0.0085603, , , , , , , 17.3147885, -0.012253, , , , , , , 17.3147885, -0.0149386, , , , , , , , , , , , , , , , , , , , , , , , , , , , 
17.3153077, 0.0656291, , , , , , , 17.3153077, -0.0072175, , , , , , , 17.3153077, -0.0129244, , , , , , , 17.3153077, -0.0182956, , , , , , , , , , , , , , , , , , , , , , , , , , , , 
17.3158269, 0.0599222, , , , , , , 17.3158269, -0.0052033, , , , , , , 17.3158269, -0.0117494, , , , , , , 17.3158269, -0.0169528, , , , , , , , , , , , , , , , , , , , , , , , , , , , 
17.3163462, 0.0569009, , , , , , , 17.3163462, -0.0048676, , , , , , , 17.3163462, -0.0109102, , , , , , , 17.3163462, -0.0125887, , , , , , , , , , , , , , , , , , , , , , , , , , , , 
17.3168654, 0.0522011, , , , , , , 17.3168654, -0.0046998, , , , , , , 17.3168654, -0.0109102, , , , , , , 17.3168654, -0.0075532, , , , , , , , , , , , , , , , , , , , , , , , , , , , 
17.3173846, 0.0419623, , , , , , , 17.3173846, -0.0041962, , , , , , , 17.3173846, -0.0095674, , , , , , , 17.3173846, -0.002182, , , , , , , , , , , , , , , , , , , , , , , , , , , , 
17.3179038, 0.030045, , , , , , , 17.3179038, -0.0041962, , , , , , , 17.3179038, -0.0085603, , , , , , , 17.3179038, 0.0031891, , , , , , , , , , , , , , , , , , , , , , , , , , , , 
17.3184231, 0.0231632, , , , , , , 17.3184231, -0.0041962, , , , , , , 17.3184231, -0.0082246, , , , , , , 17.3184231, 0.0099031, , , , , , , , , , , , , , , , , , , , , , , , , , , , 
17.3189423, 0.0167849, , , , , , , 17.3189423, -0.0052033, , , , , , , 17.3189423, -0.0082246, , , , , , , 17.3189423, 0.018967, , , , , , , , , , , , , , , , , , , , , , , , , , , , 
17.3194615, 0.0092317, , , , , , , 17.3194615, -0.0062104, , , , , , , 17.3194615, -0.0062104, , , , , , , 17.3194615, 0.0273594, , , , , , , , , , , , , , , , , , , , , , , , , , , , 
17.3199808, 0.0065461, , , , , , , 17.3199808, -0.0068818, , , , , , , 17.3199808, -0.0035248, , , , , , , 17.3199808, 0.033402, , , , , , , , , , , , , , , , , , , , , , , , , , , , 
17.3205, 0.0005035, , , , , , , 17.3205, -0.0058747, , , , , , , 17.3205, -0.0011749, , , , , , , 17.3205, 0.0381018, , , , , , , , , , , , , , , , , , , , , , , , , , , , 
17.3210192, -0.0082246, , , , , , , 17.3210192, -0.0062104, , , , , , , 17.3210192, -0.0015106, , , , , , , 17.3210192, 0.0414588, , , , , , , , , , , , , , , , , , , , , , , , , , , , 
17.3215385, -0.0135958, , , , , , , 17.3215385, -0.0082246, , , , , , , 17.3215385, -0.0031891, , , , , , , 17.3215385, 0.0461585, , , , , , , , , , , , , , , , , , , , , , , , , , , , 
17.3220577, -0.01561, , , , , , , 17.3220577, -0.0068818, , , , , , , 17.3220577, -0.0041962, , , , , , , 17.3220577, 0.047837, , , , , , , , , , , , , , , , , , , , , , , , , , , , 
17.3225769, -0.01561, , , , , , , 17.3225769, -0.0041962, , , , , , , 17.3225769, -0.0048676, , , , , , , 17.3225769, 0.0439765, , , , , , , , , , , , , , , , , , , , , , , , , , , , 
17.3230962, -0.0105745, , , , , , , 17.3230962, -0.0041962, , , , , , , 17.3230962, -0.0052033, , , , , , , 17.3230962, 0.0370947, , , , , , , , , , , , , , , , , , , , , , , , , , , , 
17.3236154, -0.0048676, , , , , , , 17.3236154, -0.0041962, , , , , , , 17.3236154, -0.0035248, , , , , , , 17.3236154, 0.0303807, , , , , , , , , , , , , , , , , , , , , , , , , , , , 
17.3241346, -0.0005035, , , , , , , 17.3241346, -0.0048676, , , , , , , 17.3241346, -0.0015106, , , , , , , 17.3241346, 0.026688, , , , , , , , , , , , , , , , , , , , , , , , , , , , 
17.3246538, 0.0028534, , , , , , , 17.3246538, -0.0065461, , , , , , , 17.3246538, -0.0011749, , , , , , , 17.3246538, 0.023331, , , , , , , , , , , , , , , , , , , , , , , , , , , , 
17.3251731, 0.0045319, , , , , , , 17.3251731, -0.0075532, , , , , , , 17.3251731, -0.0035248, , , , , , , 17.3251731, 0.0199741, , , , , , , , , , , , , , , , , , , , , , , , , , , , 
17.3256923, 0.0065461, , , , , , , 17.3256923, -0.0082246, , , , , , , 17.3256923, -0.005539, , , , , , , 17.3256923, 0.0164492, , , , , , , , , , , , , , , , , , , , , , , , , , , , 
17.3262115, 0.0058747, , , , , , , 17.3262115, -0.0095674, , , , , , , 17.3262115, -0.0048676, , , , , , , 17.3262115, 0.0120851, , , , , , , , , , , , , , , , , , , , , , , , , , , , 
17.3267308, 0.0050355, , , , , , , 17.3267308, -0.0097353, , , , , , , 17.3267308, -0.0031891, , , , , , , 17.3267308, 0.0099031, , , , , , , , , , , , , , , , , , , , , , , , , , , , 
17.32725, 0.0082246, , , , , , , 17.32725, -0.0075532, , , , , , , 17.32725, -0.0018463, , , , , , , 17.32725, 0.0090639, , , , , , , , , , , , , , , , , , , , , , , , , , , , 
17.3277692, 0.0154421, , , , , , , 17.3277692, -0.0063783, , , , , , , 17.3277692, -0.0015106, , , , , , , 17.3277692, 0.0097353, , , , , , , , , , , , , , , , , , , , , , , , , , , , 
17.3282885, 0.0199741, , , , , , , 17.3282885, -0.0075532, , , , , , , 17.3282885, -0.0035248, , , , , , , 17.3282885, 0.0099031, , , , , , , , , , , , , , , , , , , , , , , , , , , , 
17.3288077, 0.0166171, , , , , , , 17.3288077, -0.0099031, , , , , , , 17.3288077, -0.0063783, , , , , , , 17.3288077, 0.0112459, , , , , , , , , , , , , , , , , , , , , , , , , , , , 
17.3293269, 0.0152743, , , , , , , 17.3293269, -0.0104067, , , , , , , 17.3293269, -0.0068818, , , , , , , 17.3293269, 0.0115816, , , , , , , , , , , , , , , , , , , , , , , , , , , , 
17.3298462, 0.0162814, , , , , , , 17.3298462, -0.0095674, , , , , , , 17.3298462, -0.0068818, , , , , , , 17.3298462, 0.0075532, , , , , , , , , , , , , , , , , , , , , , , , , , , , 
17.3303654, 0.0182956, , , , , , , 17.3303654, -0.0082246, , , , , , , 17.3303654, -0.0062104, , , , , , , 17.3303654, 0.0052033, , , , , , , , , , , , , , , , , , , , , , , , , , , , 
17.3308846, 0.0229953, , , , , , , 17.3308846, -0.0090639, , , , , , , 17.3308846, -0.0062104, , , , , , , 17.3308846, 0.0050355, , , , , , , , , , , , , , , , , , , , , , , , , , , , 
17.3314038, 0.026688, , , , , , , 17.3314038, -0.0102388, , , , , , , 17.3314038, -0.0078889, , , , , , , 17.3314038, 0.0025177, , , , , , , , , , , , , , , , , , , , , , , , , , , , 
17.3319231, 0.024506, , , , , , , 17.3319231, -0.0095674, , , , , , , 17.3319231, -0.0102388, , , , , , , 17.3319231, 0.0011749, , , , , , , , , , , , , , , , , , , , , , , , , , , , 
17.3324423, 0.0206455, , , , , , , 17.3324423, -0.0099031, , , , , , , 17.3324423, -0.0115816, , , , , , , 17.3324423, -0.002182, , , , , , , , , , , , , , , , , , , , , , , , , , , , 
17.3329615, 0.0218204, , , , , , , 17.3329615, -0.0104067, , , , , , , 17.3329615, -0.0112459, , , , , , , 17.3329615, -0.0099031, , , , , , , , , , , , , , , , , , , , , , , , , , , , 
17.3334808, 0.0260166, , , , , , , 17.3334808, -0.0115816, , , , , , , 17.3334808, -0.0125887, , , , , , , 17.3334808, -0.0149386, , , , , , , , , , , , , , , , , , , , , , , , , , , , 
17.334, 0.0303807, , , , , , , 17.334, -0.0109102, , , , , , , 17.334, -0.0135958, , , , , , , 17.334, -0.0130922, , , , , , , , , , , , , , , , , , , , , , , , , , , , 
17.3345192, 0.0332341, , , , , , , 17.3345192, -0.0099031, , , , , , , 17.3345192, -0.0129244, , , , , , , 17.3345192, -0.0129244, , , , , , , , , , , , , , , , , , , , , , , , , , , , 
17.3350385, 0.0344091, , , , , , , 17.3350385, -0.0095674, , , , , , , 17.3350385, -0.0139315, , , , , , , 17.3350385, -0.0142672, , , , , , , , , , , , , , , , , , , , , , , , , , , , 
17.3355577, 0.0318914, , , , , , , 17.3355577, -0.0092317, , , , , , , 17.3355577, -0.0152743, , , , , , , 17.3355577, -0.0115816, , , , , , , , , , , , , , , , , , , , , , , , , , , , 
17.3360769, 0.0273594, , , , , , , 17.3360769, -0.0075532, , , , , , , 17.3360769, -0.0142672, , , , , , , 17.3360769, -0.0075532, , , , , , , , , , , , , , , , , , , , , , , , , , , , 
17.3365962, 0.024506, , , , , , , 17.3365962, -0.0068818, , , , , , , 17.3365962, -0.0132601, , , , , , , 17.3365962, -0.0045319, , , , , , , , , , , , , , , , , , , , , , , , , , , , 
17.3371154, 0.0229953, , , , , , , 17.3371154, -0.0065461, , , , , , , 17.3371154, -0.0109102, , , , , , , 17.3371154, -0.0028534, , , , , , , , , , , , , , , , , , , , , , , , , , , , 
17.3376346, 0.017792, , , , , , , 17.3376346, -0.0072175, , , , , , , 17.3376346, -0.0077211, , , , , , , 17.3376346, -0.0003357, , , , , , , , , , , , , , , , , , , , , , , , , , , , 
17.3381538, 0.0095674, , , , , , , 17.3381538, -0.0075532, , , , , , , 17.3381538, -0.0062104, , , , , , , 17.3381538, 0.0038605, , , , , , , , , , , , , , , , , , , , , , , , , , , , 
17.3386731, 0.005539, , , , , , , 17.3386731, -0.0070497, , , , , , , 17.3386731, -0.0048676, , , , , , , 17.3386731, 0.0112459, , , , , , , , , , , , , , , , , , , , , , , , , , , , 
17.3391923, 0.0043641, , , , , , , 17.3391923, -0.0082246, , , , , , , 17.3391923, -0.0028534, , , , , , , 17.3391923, 0.0169528, , , , , , , , , , , , , , , , , , , , , , , , , , , , 
17.3397115, -0.0008392, , , , , , , 17.3397115, -0.0090639, , , , , , , 17.3397115, -0.0028534, , , , , , , 17.3397115, 0.0191348, , , , , , , , , , , , , , , , , , , , , , , , , , , , 
17.3402308, -0.0062104, , , , , , , 17.3402308, -0.0102388, , , , , , , 17.3402308, -0.0025177, , , , , , , 17.3402308, 0.0229953, , , , , , , , , , , , , , , , , , , , , , , , , , , , 
17.34075, -0.0112459, , , , , , , 17.34075, -0.0104067, , , , , , , 17.34075, -0.0015106, , , , , , , 17.34075, 0.0290379, , , , , , , , , , , , , , , , , , , , , , , , , , , , 
17.3412692, -0.0166171, , , , , , , 17.3412692, -0.0102388, , , , , , , 17.3412692, 0.0005035, , , , , , , 17.3412692, 0.0347448, , , , , , , , , , , , , , , , , , , , , , , , , , , , 
17.3417885, -0.0149386, , , , , , , 17.3417885, -0.0078889, , , , , , , 17.3417885, 0.0025177, , , , , , , 17.3417885, 0.0364233, , , , , , , , , , , , , , , , , , , , , , , , , , , , 
17.3423077, -0.0109102, , , , , , , 17.3423077, -0.0062104, , , , , , , 17.3423077, 0.002182, , , , , , , 17.3423077, 0.0349126, , , , , , , , , , , , , , , , , , , , , , , , , , , , 
17.3428269, -0.0068818, , , , , , , 17.3428269, -0.0077211, , , , , , , 17.3428269, 0.0005035, , , , , , , 17.3428269, 0.0305486, , , , , , , , , , , , , , , , , , , , , , , , , , , , 
17.3433462, -0.0045319, , , , , , , 17.3433462, -0.0092317, , , , , , , 17.3433462, -0.0005035, , , , , , , 17.3433462, 0.0246738, , , , , , , , , , , , , , , , , , , , , , , , , , , , 
17.3438654, -0.0041962, , , , , , , 17.3438654, -0.008896, , , , , , , 17.3438654, 0.0005035, , , , , , , 17.3438654, 0.0213169, , , , , , , , , , , , , , , , , , , , , , , , , , , , 
17.3443846, -0.0001678, , , , , , , 17.3443846, -0.0082246, , , , , , , 17.3443846, 0.0016785, , , , , , , 17.3443846, 0.0199741, , , , , , , , , , , , , , , , , , , , , , , , , , , , 
17.3449038, 0.0035248, , , , , , , 17.3449038, -0.0082246, , , , , , , 17.3449038, -0.0001678, , , , , , , 17.3449038, 0.0146029, , , , , , , , , , , , , , , , , , , , , , , , , , , , 
17.3454231, 0.003357, , , , , , , 17.3454231, -0.0082246, , , , , , , 17.3454231, -0.0045319, , , , , , , 17.3454231, 0.0090639, , , , , , , , , , , , , , , , , , , , , , , , , , , , 
17.3459423, 0.002182, , , , , , , 17.3459423, -0.0085603, , , , , , , 17.3459423, -0.0075532, , , , , , , 17.3459423, 0.0065461, , , , , , , , , , , , , , , , , , , , , , , , , , , , 
17.3464615, 0.0065461, , , , , , , 17.3464615, -0.0085603, , , , , , , 17.3464615, -0.0065461, , , , , , , 17.3464615, 0.0045319, , , , , , , , , , , , , , , , , , , , , , , , , , , , 
17.3469808, 0.0142672, , , , , , , 17.3469808, -0.0072175, , , , , , , 17.3469808, -0.0052033, , , , , , , 17.3469808, 0.0031891, , , , , , , , , , , , , , , , , , , , , , , , , , , , 
17.3475, 0.0176242, , , , , , , 17.3475, -0.0062104, , , , , , , 17.3475, -0.0062104, , , , , , , 17.3475, 0.0041962, , , , , , , , , , , , , , , , , , , , , , , , , , , , 
17.3480192, 0.0179599, , , , , , , 17.3480192, -0.0062104, , , , , , , 17.3480192, -0.0082246, , , , , , , 17.3480192, 0.0062104, , , , , , , , , , , , , , , , , , , , , , , , , , , , 
17.3485385, 0.0191348, , , , , , , 17.3485385, -0.005539, , , , , , , 17.3485385, -0.0092317, , , , , , , 17.3485385, 0.0078889, , , , , , , , , , , , , , , , , , , , , , , , , , , , 
17.3490577, 0.0206455, , , , , , , 17.3490577, -0.0041962, , , , , , , 17.3490577, -0.0083925, , , , , , , 17.3490577, 0.0092317, , , , , , , , , , , , , , , , , , , , , , , , , , , , 
17.3495769, 0.0223239, , , , , , , 17.3495769, -0.0050355, , , , , , , 17.3495769, -0.0082246, , , , , , , 17.3495769, 0.0082246, , , , , , , , , , , , , , , , , , , , , , , , , , , , 
17.3500962, 0.023331, , , , , , , 17.3500962, -0.0072175, , , , , , , 17.3500962, -0.0068818, , , , , , , 17.3500962, 0.0045319, , , , , , , , , , , , , , , , , , , , , , , , , , , , 
17.3506154, 0.0256809, , , , , , , 17.3506154, -0.0072175, , , , , , , 17.3506154, -0.0065461, , , , , , , 17.3506154, 0.0018463, , , , , , , , , , , , , , , , , , , , , , , , , , , , 
17.3511346, 0.0258488, , , , , , , 17.3511346, -0.005539, , , , , , , 17.3511346, -0.0073854, , , , , , , 17.3511346, 0.0028534, , , , , , , , , , , , , , , , , , , , , , , , , , , , 
17.3516538, 0.0219883, , , , , , , 17.3516538, -0.0038605, , , , , , , 17.3516538, -0.0075532, , , , , , , 17.3516538, 0.0038605, , , , , , , , , , , , , , , , , , , , , , , , , , , , 
17.3521731, 0.0218204, , , , , , , 17.3521731, -0.0028534, , , , , , , 17.3521731, -0.0068818, , , , , , , 17.3521731, 0.0025177, , , , , , , , , , , , , , , , , , , , , , , , , , , , 
17.3526923, 0.0253452, , , , , , , 17.3526923, -0.0035248, , , , , , , 17.3526923, -0.0077211, , , , , , , 17.3526923, -0.0031891, , , , , , , , , , , , , , , , , , , , , , , , , , , , 
17.3532115, 0.0327306, , , , , , , 17.3532115, -0.0057069, , , , , , , 17.3532115, -0.0095674, , , , , , , 17.3532115, -0.0095674, , , , , , , , , , , , , , , , , , , , , , , , , , , , 
17.3537308, 0.0397803, , , , , , , 17.3537308, -0.0068818, , , , , , , 17.3537308, -0.0105745, , , , , , , 17.3537308, -0.0129244, , , , , , , , , , , , , , , , , , , , , , , , , , , , 
17.35425, 0.0426337, , , , , , , 17.35425, -0.0072175, , , , , , , 17.35425, -0.0104067, , , , , , , 17.35425, -0.0124208, , , , , , , , , , , , , , , , , , , , , , , , , , , , 
17.3547692, 0.0428016, , , , , , , 17.3547692, -0.0068818, , , , , , , 17.3547692, -0.0112459, , , , , , , 17.3547692, -0.011078, , , , , , , , , , , , , , , , , , , , , , , , , , , , 
17.3552885, 0.04448, , , , , , , 17.3552885, -0.0075532, , , , , , , 17.3552885, -0.0119173, , , , , , , 17.3552885, -0.008896, , , , , , , , , , , , , , , , , , , , , , , , , , , , 
17.3558077, 0.0414588, , , , , , , 17.3558077, -0.0082246, , , , , , , 17.3558077, -0.0120851, , , , , , , 17.3558077, -0.0062104, , , , , , , , , , , , , , , , , , , , , , , , , , , , 
17.3563269, 0.0307164, , , , , , , 17.3563269, -0.0082246, , , , , , , 17.3563269, -0.0119173, , , , , , , 17.3563269, -0.0043641, , , , , , , , , , , , , , , , , , , , , , , , , , , , 
17.3568462, 0.0196384, , , , , , , 17.3568462, -0.0082246, , , , , , , 17.3568462, -0.0115816, , , , , , , 17.3568462, -0.0008392, , , , , , , , , , , , , , , , , , , , , , , , , , , , 
17.3573654, 0.0139315, , , , , , , 17.3573654, -0.0078889, , , , , , , 17.3573654, -0.0129244, , , , , , , 17.3573654, 0.0058747, , , , , , , , , , , , , , , , , , , , , , , , , , , , 
17.3578846, 0.0099031, , , , , , , 17.3578846, -0.0058747, , , , , , , 17.3578846, -0.0135958, , , , , , , 17.3578846, 0.0119173, , , , , , , , , , , , , , , , , , , , , , , , , , , , 
17.3584038, 0.0075532, , , , , , , 17.3584038, -0.0062104, , , , , , , 17.3584038, -0.0117494, , , , , , , 17.3584038, 0.0176242, , , , , , , , , , , , , , , , , , , , , , , , , , , , 
17.3589231, 0.0048676, , , , , , , 17.3589231, -0.008896, , , , , , , 17.3589231, -0.0095674, , , , , , , 17.3589231, 0.0243381, , , , , , , , , , , , , , , , , , , , , , , , , , , , 
17.3594423, -0.002182, , , , , , , 17.3594423, -0.0099031, , , , , , , 17.3594423, -0.0072175, , , , , , , 17.3594423, 0.0303807, , , , , , , , , , , , , , , , , , , , , , , , , , , , 
17.3599615, -0.0068818, , , , , , , 17.3599615, -0.0092317, , , , , , , 17.3599615, -0.0057069, , , , , , , 17.3599615, 0.0354162, , , , , , , , , , , , , , , , , , , , , , , , , , , , 
17.3604808, -0.008896, , , , , , , 17.3604808, -0.0078889, , , , , , , 17.3604808, -0.0062104, , , , , , , 17.3604808, 0.0381018, , , , , , , , , , , , , , , , , , , , , , , , , , , , 
17.361, -0.0132601, , , , , , , 17.361, -0.0085603, , , , , , , 17.361, -0.0065461, , , , , , , 17.361, 0.042298, , , , , , , , , , , , , , , , , , , , , , , , , , , , 
17.3615192, -0.0206455, , , , , , , 17.3615192, -0.008896, , , , , , , 17.3615192, -0.0068818, , , , , , , 17.3615192, 0.043473, , , , , , , , , , , , , , , , , , , , , , , , , , , , 
17.3620385, -0.0270237, , , , , , , 17.3620385, -0.0095674, , , , , , , 17.3620385, -0.0065461, , , , , , , 17.3620385, 0.0424659, , , , , , , , , , , , , , , , , , , , , , , , , , , , 
17.3625577, -0.0276951, , , , , , , 17.3625577, -0.008896, , , , , , , 17.3625577, -0.0057069, , , , , , , 17.3625577, 0.0421302, , , , , , , , , , , , , , , , , , , , , , , , , , , , 
17.3630769, -0.0204776, , , , , , , 17.3630769, -0.0072175, , , , , , , 17.3630769, -0.0062104, , , , , , , 17.3630769, 0.0391089, , , , , , , , , , , , , , , , , , , , , , , , , , , , 
17.3635962, -0.012253, , , , , , , 17.3635962, -0.0068818, , , , , , , 17.3635962, -0.0075532, , , , , , , 17.3635962, 0.033402, , , , , , , , , , , , , , , , , , , , , , , , , , , , 
17.3641154, -0.0057069, , , , , , , 17.3641154, -0.0065461, , , , , , , 17.3641154, -0.0077211, , , , , , , 17.3641154, 0.0280308, , , , , , , , , , , , , , , , , , , , , , , , , , , , 
17.3646346, 0.0008392, , , , , , , 17.3646346, -0.0082246, , , , , , , 17.3646346, -0.0062104, , , , , , , 17.3646346, 0.0250095, , , , , , , , , , , , , , , , , , , , , , , , , , , , 
17.3651538, 0.005539, , , , , , , 17.3651538, -0.0099031, , , , , , , 17.3651538, -0.0041962, , , , , , , 17.3651538, 0.0231632, , , , , , , , , , , , , , , , , , , , , , , , , , , , 
17.3656731, 0.0105745, , , , , , , 17.3656731, -0.0078889, , , , , , , 17.3656731, -0.002182, , , , , , , 17.3656731, 0.0223239, , , , , , , , , , , , , , , , , , , , , , , , , , , , 
17.3661923, 0.0166171, , , , , , , 17.3661923, -0.0062104, , , , , , , 17.3661923, -0.0008392, , , , , , , 17.3661923, 0.0206455, , , , , , , , , , , , , , , , , , , , , , , , , , , , 
17.3667115, 0.0206455, , , , , , , 17.3667115, -0.0058747, , , , , , , 17.3667115, -0.0041962, , , , , , , 17.3667115, 0.0169528, , , , , , , , , , , , , , , , , , , , , , , , , , , , 
17.3672308, 0.0229953, , , , , , , 17.3672308, -0.005539, , , , , , , 17.3672308, -0.0077211, , , , , , , 17.3672308, 0.0125887, , , , , , , , , , , , , , , , , , , , , , , , , , , , 
17.36775, 0.0209812, , , , , , , 17.36775, -0.0058747, , , , , , , 17.36775, -0.0082246, , , , , , , 17.36775, 0.0105745, , , , , , , , , , , , , , , , , , , , , , , , , , , , 
17.3682692, 0.0196384, , , , , , , 17.3682692, -0.0038605, , , , , , , 17.3682692, -0.0085603, , , , , , , 17.3682692, 0.0078889, , , , , , , , , , , , , , , , , , , , , , , , , , , , 
17.3687885, 0.0253452, , , , , , , 17.3687885, -0.0023499, , , , , , , 17.3687885, -0.0095674, , , , , , , 17.3687885, 0.0052033, , , , , , , , , , , , , , , , , , , , , , , , , , , , 
17.3693077, 0.0243381, , , , , , , 17.3693077, -0.0038605, , , , , , , 17.3693077, -0.0104067, , , , , , , 17.3693077, 0.0052033, , , , , , , , , , , , , , , , , , , , , , , , , , , , 
17.3698269, 0.018967, , , , , , , 17.3698269, -0.0065461, , , , , , , 17.3698269, -0.0119173, , , , , , , 17.3698269, 0.0078889, , , , , , , , , , , , , , , , , , , , , , , , , , , , 
17.3703462, 0.0186313, , , , , , , 17.3703462, -0.0075532, , , , , , , 17.3703462, -0.0115816, , , , , , , 17.3703462, 0.0109102, , , , , , , , , , , , , , , , , , , , , , , , , , , , 
17.3708654, 0.0219883, , , , , , , 17.3708654, -0.0082246, , , , , , , 17.3708654, -0.0095674, , , , , , , 17.3708654, 0.012253, , , , , , , , , , , , , , , , , , , , , , , , , , , , 
17.3713846, 0.0219883, , , , , , , 17.3713846, -0.0075532, , , , , , , 17.3713846, -0.008896, , , , , , , 17.3713846, 0.0119173, , , , , , , , , , , , , , , , , , , , , , , , , , , , 
17.3719038, 0.0186313, , , , , , , 17.3719038, -0.0068818, , , , , , , 17.3719038, -0.0102388, , , , , , , 17.3719038, 0.0105745, , , , , , , , , , , , , , , , , , , , , , , , , , , , 
17.3724231, 0.0152743, , , , , , , 17.3724231, -0.0068818, , , , , , , 17.3724231, -0.0109102, , , , , , , 17.3724231, 0.0075532, , , , , , , , , , , , , , , , , , , , , , , , , , , , 
17.3729423, 0.014435, , , , , , , 17.3729423, -0.0070497, , , , , , , 17.3729423, -0.0119173, , , , , , , 17.3729423, 0.0018463, , , , , , , , , , , , , , , , , , , , , , , , , , , , 
17.3734615, 0.0152743, , , , , , , 17.3734615, -0.0068818, , , , , , , 17.3734615, -0.0119173, , , , , , , 17.3734615, -0.0041962, , , , , , , , , , , , , , , , , , , , , , , , , , , , 
17.3739808, 0.0186313, , , , , , , 17.3739808, -0.0075532, , , , , , , 17.3739808, -0.0095674, , , , , , , 17.3739808, -0.0075532, , , , , , , , , , , , , , , , , , , , , , , , , , , , 
17.3745, 0.0263523, , , , , , , 17.3745, -0.0087282, , , , , , , 17.3745, -0.0102388, , , , , , , 17.3745, -0.0104067, , , , , , , , , , , , , , , , , , , , , , , , , , , , 
17.3750192, 0.033402, , , , , , , 17.3750192, -0.008896, , , , , , , 17.3750192, -0.0146029, , , , , , , 17.3750192, -0.0109102, , , , , , , , , , , , , , , , , , , , , , , , , , , , 
17.3755385, 0.033402, , , , , , , 17.3755385, -0.0083925, , , , , , , 17.3755385, -0.0166171, , , , , , , 17.3755385, -0.0095674, , , , , , , , , , , , , , , , , , , , , , , , , , , , 
17.3760577, 0.0276951, , , , , , , 17.3760577, -0.0082246, , , , , , , 17.3760577, -0.017792, , , , , , , 17.3760577, -0.0075532, , , , , , , , , , , , , , , , , , , , , , , , , , , , 
17.3765769, 0.0206455, , , , , , , 17.3765769, -0.0082246, , , , , , , 17.3765769, -0.0171206, , , , , , , 17.3765769, -0.0035248, , , , , , , , , , , , , , , , , , , , , , , , , , , , 
17.3770962, 0.01561, , , , , , , 17.3770962, -0.0095674, , , , , , , 17.3770962, -0.0152743, , , , , , , 17.3770962, 0.002182, , , , , , , , , , , , , , , , , , , , , , , , , , , , 
17.3776154, 0.0105745, , , , , , , 17.3776154, -0.0115816, , , , , , , 17.3776154, -0.0146029, , , , , , , 17.3776154, 0.0097353, , , , , , , , , , , , , , , , , , , , , , , , , , , , 
17.3781346, 0.0016785, , , , , , , 17.3781346, -0.0109102, , , , , , , 17.3781346, -0.0142672, , , , , , , 17.3781346, 0.0164492, , , , , , , , , , , , , , , , , , , , , , , , , , , , 
17.3786538, -0.0028534, , , , , , , 17.3786538, -0.0095674, , , , , , , 17.3786538, -0.0132601, , , , , , , 17.3786538, 0.0226596, , , , , , , , , , , , , , , , , , , , , , , , , , , , 
17.3791731, -0.0048676, , , , , , , 17.3791731, -0.0092317, , , , , , , 17.3791731, -0.012253, , , , , , , 17.3791731, 0.0287022, , , , , , , , , , , , , , , , , , , , , , , , , , , , 
17.3796923, -0.0092317, , , , , , , 17.3796923, -0.0082246, , , , , , , 17.3796923, -0.0125887, , , , , , , 17.3796923, 0.0330663, , , , , , , , , , , , , , , , , , , , , , , , , , , , 
17.3802115, -0.0129244, , , , , , , 17.3802115, -0.0077211, , , , , , , 17.3802115, -0.012253, , , , , , , 17.3802115, 0.036759, , , , , , , , , , , , , , , , , , , , , , , , , , , , 
17.3807308, -0.012253, , , , , , , 17.3807308, -0.0095674, , , , , , , 17.3807308, -0.0105745, , , , , , , 17.3807308, 0.0417945, , , , , , , , , , , , , , , , , , , , , , , , , , , , 
17.38125, -0.0132601, , , , , , , 17.38125, -0.0125887, , , , , , , 17.38125, -0.0082246, , , , , , , 17.38125, 0.0454871, , , , , , , , , , , , , , , , , , , , , , , , , , , , 
17.3817692, -0.0152743, , , , , , , 17.3817692, -0.0142672, , , , , , , 17.3817692, -0.0048676, , , , , , , 17.3817692, 0.0473335, , , , , , , , , , , , , , , , , , , , , , , , , , , , 
17.3822885, -0.0132601, , , , , , , 17.3822885, -0.0132601, , , , , , , 17.3822885, -0.0008392, , , , , , , 17.3822885, 0.0461585, , , , , , , , , , , , , , , , , , , , , , , , , , , , 
17.3828077, -0.0115816, , , , , , , 17.3828077, -0.012253, , , , , , , 17.3828077, 0.0001678, , , , , , , 17.3828077, 0.0431373, , , , , , , , , , , , , , , , , , , , , , , , , , , , 
17.3833269, -0.0135958, , , , , , , 17.3833269, -0.0109102, , , , , , , 17.3833269, -0.0018463, , , , , , , 17.3833269, 0.0374304, , , , , , , , , , , , , , , , , , , , , , , , , , , , 
17.3838462, -0.0130922, , , , , , , 17.3838462, -0.0105745, , , , , , , 17.3838462, -0.002182, , , , , , , 17.3838462, 0.0310521, , , , , , , , , , , , , , , , , , , , , , , , , , , , 
17.3843654, -0.0105745, , , , , , , 17.3843654, -0.008896, , , , , , , 17.3843654, -0.0010071, , , , , , , 17.3843654, 0.0256809, , , , , , , , , , , , , , , , , , , , , , , , , , , , 
17.3848846, -0.0058747, , , , , , , 17.3848846, -0.0068818, , , , , , , 17.3848846, -0.0036927, , , , , , , 17.3848846, 0.0223239, , , , , , , , , , , , , , , , , , , , , , , , , , , , 
17.3854038, -0.0008392, , , , , , , 17.3854038, -0.0065461, , , , , , , 17.3854038, -0.0041962, , , , , , , 17.3854038, 0.0167849, , , , , , , , , , , , , , , , , , , , , , , , , , , , 
17.3859231, 0.0011749, , , , , , , 17.3859231, -0.0077211, , , , , , , 17.3859231, -0.0030213, , , , , , , 17.3859231, 0.0112459, , , , , , , , , , , , , , , , , , , , , , , , , , , , 
17.3864423, 0.0015106, , , , , , , 17.3864423, -0.0068818, , , , , , , 17.3864423, -0.0041962, , , , , , , 17.3864423, 0.0065461, , , , , , , , , , , , , , , , , , , , , , , , , , , , 
17.3869615, 0.0035248, , , , , , , 17.3869615, -0.0065461, , , , , , , 17.3869615, -0.0052033, , , , , , , 17.3869615, 0.005539, , , , , , , , , , , , , , , , , , , , , , , , , , , , 
17.3874808, 0.005539, , , , , , , 17.3874808, -0.0068818, , , , , , , 17.3874808, -0.005539, , , , , , , 17.3874808, 0.0045319, , , , , , , , , , , , , , , , , , , , , , , , , , , , 
17.388, 0.008896, , , , , , , 17.388, -0.0068818, , , , , , , 17.388, -0.0043641, , , , , , , 17.388, 0.0031891, , , , , , , , , , , , , , , , , , , , , , , , , , , , 
17.3885192, 0.0152743, , , , , , , 17.3885192, -0.0065461, , , , , , , 17.3885192, -0.0035248, , , , , , , 17.3885192, 0.002182, , , , , , , , , , , , , , , , , , , , , , , , , , , , 
17.3890385, 0.0162814, , , , , , , 17.3890385, -0.0073854, , , , , , , 17.3890385, -0.0031891, , , , , , , 17.3890385, 0.0005035, , , , , , , , , , , , , , , , , , , , , , , , , , , , 
17.3895577, 0.0149386, , , , , , , 17.3895577, -0.0062104, , , , , , , 17.3895577, -0.0041962, , , , , , , 17.3895577, -0.0008392, , , , , , , , , , , , , , , , , , , , , , , , , , , , 
17.3900769, 0.0159457, , , , , , , 17.3900769, -0.0072175, , , , , , , 17.3900769, -0.0045319, , , , , , , 17.3900769, -0.0001678, , , , , , , , , , , , , , , , , , , , , , , , , , , , 
17.3905962, 0.0146029, , , , , , , 17.3905962, -0.0102388, , , , , , , 17.3905962, -0.0046998, , , , , , , 17.3905962, 0.0025177, , , , , , , , , , , , , , , , , , , , , , , , , , , , 
17.3911154, 0.0146029, , , , , , , 17.3911154, -0.011078, , , , , , , 17.3911154, -0.0048676, , , , , , , 17.3911154, 0.0043641, , , , , , , , , , , , , , , , , , , , , , , , , , , , 
17.3916346, 0.0169528, , , , , , , 17.3916346, -0.0085603, , , , , , , 17.3916346, -0.0048676, , , , , , , 17.3916346, 0.0052033, , , , , , , , , , , , , , , , , , , , , , , , , , , , 
17.3921538, 0.0219883, , , , , , , 17.3921538, -0.005539, , , , , , , 17.3921538, -0.005539, , , , , , , 17.3921538, 0.0041962, , , , , , , , , , , , , , , , , , , , , , , , , , , , 
17.3926731, 0.0250095, , , , , , , 17.3926731, -0.0048676, , , , , , , 17.3926731, -0.0070497, , , , , , , 17.3926731, 0.0001678, , , , , , , , , , , , , , , , , , , , , , , , , , , , 
17.3931923, 0.0276951, , , , , , , 17.3931923, -0.0062104, , , , , , , 17.3931923, -0.010071, , , , , , , 17.3931923, -0.0043641, , , , , , , , , , , , , , , , , , , , , , , , , , , , 
17.3937115, 0.0313878, , , , , , , 17.3937115, -0.0082246, , , , , , , 17.3937115, -0.0115816, , , , , , , 17.3937115, -0.0082246, , , , , , , , , , , , , , , , , , , , , , , , , , , , 
17.3942308, 0.0320592, , , , , , , 17.3942308, -0.0082246, , , , , , , 17.3942308, -0.0129244, , , , , , , 17.3942308, -0.012253, , , , , , , , , , , , , , , , , , , , , , , , , , , , 
17.39475, 0.0303807, , , , , , , 17.39475, -0.0085603, , , , , , , 17.39475, -0.0142672, , , , , , , 17.39475, -0.012253, , , , , , , , , , , , , , , , , , , , , , , , , , , , 
17.3952692, 0.0310521, , , , , , , 17.3952692, -0.0095674, , , , , , , 17.3952692, -0.0162814, , , , , , , 17.3952692, -0.0082246, , , , , , , , , , , , , , , , , , , , , , , , , , , , 
17.3957885, 0.0352483, , , , , , , 17.3957885, -0.0085603, , , , , , , 17.3957885, -0.0159457, , , , , , , 17.3957885, -0.0045319, , , , , , , , , , , , , , , , , , , , , , , , , , , , 
17.3963077, 0.0328985, , , , , , , 17.3963077, -0.0072175, , , , , , , 17.3963077, -0.0152743, , , , , , , 17.3963077, 0.0001678, , , , , , , , , , , , , , , , , , , , , , , , , , , , 
17.3968269, 0.0273594, , , , , , , 17.3968269, -0.0078889, , , , , , , 17.3968269, -0.0135958, , , , , , , 17.3968269, 0.0041962, , , , , , , , , , , , , , , , , , , , , , , , , , , , 
17.3973462, 0.0231632, , , , , , , 17.3973462, -0.0102388, , , , , , , 17.3973462, -0.0109102, , , , , , , 17.3973462, 0.0078889, , , , , , , , , , , , , , , , , , , , , , , , , , , , 
17.3978654, 0.0199741, , , , , , , 17.3978654, -0.0109102, , , , , , , 17.3978654, -0.0102388, , , , , , , 17.3978654, 0.0119173, , , , , , , , , , , , , , , , , , , , , , , , , , , , 
17.3983846, 0.0166171, , , , , , , 17.3983846, -0.0102388, , , , , , , 17.3983846, -0.0092317, , , , , , , 17.3983846, 0.0152743, , , , , , , , , , , , , , , , , , , , , , , , , , , , 
17.3989038, 0.0105745, , , , , , , 17.3989038, -0.0082246, , , , , , , 17.3989038, -0.0078889, , , , , , , 17.3989038, 0.0184634, , , , , , , , , , , , , , , , , , , , , , , , , , , , 
17.3994231, -0.0001678, , , , , , , 17.3994231, -0.0068818, , , , , , , 17.3994231, -0.0052033, , , , , , , 17.3994231, 0.0231632, , , , , , , , , , , , , , , , , , , , , , , , , , , , 
17.3999423, -0.012253, , , , , , , 17.3999423, -0.0062104, , , , , , , 17.3999423, -0.0062104, , , , , , , 17.3999423, 0.027863, , , , , , , , , , , , , , , , , , , , , , , , , , , , 
17.4004615, -0.0166171, , , , , , , 17.4004615, -0.0057069, , , , , , , 17.4004615, -0.008896, , , , , , , 17.4004615, 0.0320592, , , , , , , , , , , , , , , , , , , , , , , , , , , , 
17.4009808, -0.0176242, , , , , , , 17.4009808, -0.0062104, , , , , , , 17.4009808, -0.0075532, , , , , , , 17.4009808, 0.0357519, , , , , , , , , , , , , , , , , , , , , , , , , , , , 
17.4015, -0.018967, , , , , , , 17.4015, -0.0072175, , , , , , , 17.4015, -0.0041962, , , , , , , 17.4015, 0.0381018, , , , , , , , , , , , , , , , , , , , , , , , , , , , 
17.4020192, -0.0182956, , , , , , , 17.4020192, -0.0075532, , , , , , , 17.4020192, -0.0031891, , , , , , , 17.4020192, 0.0391089, , , , , , , , , , , , , , , , , , , , , , , , , , , , 
17.4025385, -0.0142672, , , , , , , 17.4025385, -0.0085603, , , , , , , 17.4025385, -0.0020142, , , , , , , 17.4025385, 0.0360876, , , , , , , , , , , , , , , , , , , , , , , , , , , , 
17.4030577, -0.0065461, , , , , , , 17.4030577, -0.0075532, , , , , , , 17.4030577, -0.0015106, , , , , , , 17.4030577, 0.0287022, , , , , , , , , , , , , , , , , , , , , , , , , , , , 
17.4035769, -0.0028534, , , , , , , 17.4035769, -0.0068818, , , , , , , 17.4035769, -0.002182, , , , , , , 17.4035769, 0.0226596, , , , , , , , , , , , , , , , , , , , , , , , , , , , 
17.4040962, -0.0028534, , , , , , , 17.4040962, -0.0075532, , , , , , , 17.4040962, -0.0031891, , , , , , , 17.4040962, 0.021149, , , , , , , , , , , , , , , , , , , , , , , , , , , , 
17.4046154, 0.0025177, , , , , , , 17.4046154, -0.0085603, , , , , , , 17.4046154, -0.0035248, , , , , , , 17.4046154, 0.0226596, , , , , , , , , , , , , , , , , , , , , , , , , , , , 
17.4051346, 0.0099031, , , , , , , 17.4051346, -0.008896, , , , , , , 17.4051346, -0.0036927, , , , , , , 17.4051346, 0.0213169, , , , , , , , , , , , , , , , , , , , , , , , , , , , 
17.4056538, 0.0085603, , , , , , , 17.4056538, -0.0078889, , , , , , , 17.4056538, -0.0030213, , , , , , , 17.4056538, 0.0176242, , , , , , , , , , , , , , , , , , , , , , , , , , , , 
17.4061731, 0.0052033, , , , , , , 17.4061731, -0.0068818, , , , , , , 17.4061731, -0.0028534, , , , , , , 17.4061731, 0.0146029, , , , , , , , , , , , , , , , , , , , , , , , , , , , 
17.4066923, 0.0072175, , , , , , , 17.4066923, -0.0063783, , , , , , , 17.4066923, -0.0038605, , , , , , , 17.4066923, 0.0129244, , , , , , , , , , , , , , , , , , , , , , , , , , , , 
17.4072115, 0.0065461, , , , , , , 17.4072115, -0.005539, , , , , , , 17.4072115, -0.0068818, , , , , , , 17.4072115, 0.0119173, , , , , , , , , , , , , , , , , , , , , , , , , , , , 
17.4077308, 0.0018463, , , , , , , 17.4077308, -0.005539, , , , , , , 17.4077308, -0.0078889, , , , , , , 17.4077308, 0.0130922, , , , , , , , , , , , , , , , , , , , , , , , , , , , 
17.40825, 0.0045319, , , , , , , 17.40825, -0.0048676, , , , , , , 17.40825, -0.0072175, , , , , , , 17.40825, 0.0139315, , , , , , , , , , , , , , , , , , , , , , , , , , , , 
17.4087692, 0.0112459, , , , , , , 17.4087692, -0.0062104, , , , , , , 17.4087692, -0.0092317, , , , , , , 17.4087692, 0.0102388, , , , , , , , , , , , , , , , , , , , , , , , , , , , 
17.4092885, 0.0166171, , , , , , , 17.4092885, -0.0072175, , , , , , , 17.4092885, -0.0102388, , , , , , , 17.4092885, 0.0082246, , , , , , , , , , , , , , , , , , , , , , , , , , , , 
17.4098077, 0.0142672, , , , , , , 17.4098077, -0.0068818, , , , , , , 17.4098077, -0.0099031, , , , , , , 17.4098077, 0.0092317, , , , , , , , , , , , , , , , , , , , , , , , , , , , 
17.4103269, 0.0125887, , , , , , , 17.4103269, -0.0070497, , , , , , , 17.4103269, -0.0109102, , , , , , , 17.4103269, 0.0112459, , , , , , , , , , , , , , , , , , , , , , , , , , , , 
17.4108462, 0.018967, , , , , , , 17.4108462, -0.0078889, , , , , , , 17.4108462, -0.0129244, , , , , , , 17.4108462, 0.0112459, , , , , , , , , , , , , , , , , , , , , , , , , , , , 
17.4113654, 0.0251774, , , , , , , 17.4113654, -0.0068818, , , , , , , 17.4113654, -0.0130922, , , , , , , 17.4113654, 0.0090639, , , , , , , , , , , , , , , , , , , , , , , , , , , , 
17.4118846, 0.0243381, , , , , , , 17.4118846, -0.0068818, , , , , , , 17.4118846, -0.0115816, , , , , , , 17.4118846, 0.0070497, , , , , , , , , , , , , , , , , , , , , , , , , , , , 
17.4124038, 0.0213169, , , , , , , 17.4124038, -0.0090639, , , , , , , 17.4124038, -0.0095674, , , , , , , 17.4124038, 0.0035248, , , , , , , , , , , , , , , , , , , , , , , , , , , , 
17.4129231, 0.0243381, , , , , , , 17.4129231, -0.0109102, , , , , , , 17.4129231, -0.0105745, , , , , , , 17.4129231, -0.0015106, , , , , , , , , , , , , , , , , , , , , , , , , , , , 
17.4134423, 0.0318914, , , , , , , 17.4134423, -0.0112459, , , , , , , 17.4134423, -0.0125887, , , , , , , 17.4134423, -0.0062104, , , , , , , , , , , , , , , , , , , , , , , , , , , , 
17.4139615, 0.0374304, , , , , , , 17.4139615, -0.008896, , , , , , , 17.4139615, -0.0142672, , , , , , , 17.4139615, -0.0105745, , , , , , , , , , , , , , , , , , , , , , , , , , , , 
17.4144808, 0.040116, , , , , , , 17.4144808, -0.0072175, , , , , , , 17.4144808, -0.0146029, , , , , , , 17.4144808, -0.0135958, , , , , , , , , , , , , , , , , , , , , , , , , , , , 
17.415, 0.0374304, , , , , , , 17.415, -0.0072175, , , , , , , 17.415, -0.0129244, , , , , , , 17.415, -0.014435, , , , , , , , , , , , , , , , , , , , , , , , , , , , 
17.4155192, 0.0317235, , , , , , , 17.4155192, -0.0082246, , , , , , , 17.4155192, -0.0112459, , , , , , , 17.4155192, -0.0130922, , , , , , , , , , , , , , , , , , , , , , , , , , , , 
17.4160385, 0.0250095, , , , , , , 17.4160385, -0.0078889, , , , , , , 17.4160385, -0.0109102, , , , , , , 17.4160385, -0.0072175, , , , , , , , , , , , , , , , , , , , , , , , , , , , 
17.4165577, 0.0203098, , , , , , , 17.4165577, -0.0058747, , , , , , , 17.4165577, -0.0087282, , , , , , , 17.4165577, -0.0001678, , , , , , , , , , , , , , , , , , , , , , , , , , , , 
17.4170769, 0.014435, , , , , , , 17.4170769, -0.0065461, , , , , , , 17.4170769, -0.0060426, , , , , , , 17.4170769, 0.0062104, , , , , , , , , , , , , , , , , , , , , , , , , , , , 
17.4175962, 0.0109102, , , , , , , 17.4175962, -0.0082246, , , , , , , 17.4175962, -0.0057069, , , , , , , 17.4175962, 0.0102388, , , , , , , , , , , , , , , , , , , , , , , , , , , , 
17.4181154, 0.0166171, , , , , , , 17.4181154, -0.0087282, , , , , , , 17.4181154, -0.0068818, , , , , , , 17.4181154, 0.0125887, , , , , , , , , , , , , , , , , , , , , , , , , , , , 
17.4186346, 0.0194705, , , , , , , 17.4186346, -0.0085603, , , , , , , 17.4186346, -0.0075532, , , , , , , 17.4186346, 0.0166171, , , , , , , , , , , , , , , , , , , , , , , , , , , , 
17.4191538, 0.0152743, , , , , , , 17.4191538, -0.008896, , , , , , , 17.4191538, -0.0082246, , , , , , , 17.4191538, 0.0246738, , , , , , , , , , , , , , , , , , , , , , , , , , , , 
17.4196731, 0.0099031, , , , , , , 17.4196731, -0.0068818, , , , , , , 17.4196731, -0.0062104, , , , , , , 17.4196731, 0.0303807, , , , , , , , , , , , , , , , , , , , , , , , , , , , 
17.4201923, 0.0052033, , , , , , , 17.4201923, -0.0068818, , , , , , , 17.4201923, -0.0045319, , , , , , , 17.4201923, 0.0292058, , , , , , , , , , , , , , , , , , , , , , , , , , , , 
17.4207115, 0.0025177, , , , , , , 17.4207115, -0.0085603, , , , , , , 17.4207115, -0.005539, , , , , , , 17.4207115, 0.0258488, , , , , , , , , , , , , , , , , , , , , , , , , , , , 
17.4212308, 0.0005035, , , , , , , 17.4212308, -0.0087282, , , , , , , 17.4212308, -0.0050355, , , , , , , 17.4212308, 0.0253452, , , , , , , , , , , , , , , , , , , , , , , , , , , , 
17.42175, -0.005539, , , , , , , 17.42175, -0.0083925, , , , , , , 17.42175, -0.0035248, , , , , , , 17.42175, 0.0290379, , , , , , , , , , , , , , , , , , , , , , , , , , , , 
17.4222692, -0.0115816, , , , , , , 17.4222692, -0.0062104, , , , , , , 17.4222692, -0.0018463, , , , , , , 17.4222692, 0.0354162, , , , , , , , , , , , , , , , , , , , , , , , , , , , 
17.4227885, -0.0109102, , , , , , , 17.4227885, -0.0041962, , , , , , , 17.4227885, -0.0015106, , , , , , , 17.4227885, 0.0365911, , , , , , , , , , , , , , , , , , , , , , , , , , , , 
17.4233077, -0.008896, , , , , , , 17.4233077, -0.0052033, , , , , , , 17.4233077, -0.0035248, , , , , , , 17.4233077, 0.0305486, , , , , , , , , , , , , , , , , , , , , , , , , , , , 
17.4238269, -0.0095674, , , , , , , 17.4238269, -0.0085603, , , , , , , 17.4238269, -0.0058747, , , , , , , 17.4238269, 0.0246738, , , , , , , , , , , , , , , , , , , , , , , , , , , , 
17.4243462, -0.0109102, , , , , , , 17.4243462, -0.0090639, , , , , , , 17.4243462, -0.0062104, , , , , , , 17.4243462, 0.0219883, , , , , , , , , , , , , , , , , , , , , , , , , , , , 
17.4248654, -0.0068818, , , , , , , 17.4248654, -0.0095674, , , , , , , 17.4248654, -0.0082246, , , , , , , 17.4248654, 0.0179599, , , , , , , , , , , , , , , , , , , , , , , , , , , , 
17.4253846, 0.002182, , , , , , , 17.4253846, -0.0102388, , , , , , , 17.4253846, -0.0104067, , , , , , , 17.4253846, 0.0152743, , , , , , , , , , , , , , , , , , , , , , , , , , , , 
17.4259038, 0.011078, , , , , , , 17.4259038, -0.0090639, , , , , , , 17.4259038, -0.0102388, , , , , , , 17.4259038, 0.0135958, , , , , , , , , , , , , , , , , , , , , , , , , , , , 
17.4264231, 0.0169528, , , , , , , 17.4264231, -0.0068818, , , , , , , 17.4264231, -0.0072175, , , , , , , 17.4264231, 0.0125887, , , , , , , , , , , , , , , , , , , , , , , , , , , , 
17.4269423, 0.0179599, , , , , , , 17.4269423, -0.0072175, , , , , , , 17.4269423, -0.0068818, , , , , , , 17.4269423, 0.0115816, , , , , , , , , , , , , , , , , , , , , , , , , , , , 
17.4274615, 0.021149, , , , , , , 17.4274615, -0.0102388, , , , , , , 17.4274615, -0.0090639, , , , , , , 17.4274615, 0.0099031, , , , , , , , , , , , , , , , , , , , , , , , , , , , 
17.4279808, 0.0229953, , , , , , , 17.4279808, -0.012253, , , , , , , 17.4279808, -0.0095674, , , , , , , 17.4279808, 0.0102388, , , , , , , , , , , , , , , , , , , , , , , , , , , , 
17.4285, 0.0238346, , , , , , , 17.4285, -0.0130922, , , , , , , 17.4285, -0.0070497, , , , , , , 17.4285, 0.0105745, , , , , , , , , , , , , , , , , , , , , , , , , , , , 
17.4290192, 0.0240024, , , , , , , 17.4290192, -0.0125887, , , , , , , 17.4290192, -0.0072175, , , , , , , 17.4290192, 0.0102388, , , , , , , , , , , , , , , , , , , , , , , , , , , , 
17.4295385, 0.0273594, , , , , , , 17.4295385, -0.0112459, , , , , , , 17.4295385, -0.0078889, , , , , , , 17.4295385, 0.0112459, , , , , , , , , , , , , , , , , , , , , , , , , , , , 
17.4300577, 0.0298772, , , , , , , 17.4300577, -0.0072175, , , , , , , 17.4300577, -0.0068818, , , , , , , 17.4300577, 0.0112459, , , , , , , , , , , , , , , , , , , , , , , , , , , , 
17.4305769, 0.0273594, , , , , , , 17.4305769, -0.0057069, , , , , , , 17.4305769, -0.0063783, , , , , , , 17.4305769, 0.0095674, , , , , , , , , , , , , , , , , , , , , , , , , , , , 
17.4310962, 0.0219883, , , , , , , 17.4310962, -0.0072175, , , , , , , 17.4310962, -0.0078889, , , , , , , 17.4310962, 0.0099031, , , , , , , , , , , , , , , , , , , , , , , , , , , , 
17.4316154, 0.0206455, , , , , , , 17.4316154, -0.0085603, , , , , , , 17.4316154, -0.0092317, , , , , , , 17.4316154, 0.0102388, , , , , , , , , , , , , , , , , , , , , , , , , , , , 
17.4321346, 0.0240024, , , , , , , 17.4321346, -0.0092317, , , , , , , 17.4321346, -0.0095674, , , , , , , 17.4321346, 0.0077211, , , , , , , , , , , , , , , , , , , , , , , , , , , , 
17.4326538, 0.0303807, , , , , , , 17.4326538, -0.0085603, , , , , , , 17.4326538, -0.008896, , , , , , , 17.4326538, 0.002182, , , , , , , , , , , , , , , , , , , , , , , , , , , , 
17.4331731, 0.0374304, , , , , , , 17.4331731, -0.0082246, , , , , , , 17.4331731, -0.008896, , , , , , , 17.4331731, -0.0035248, , , , , , , , , , , , , , , , , , , , , , , , , , , , 
17.4336923, 0.0414588, , , , , , , 17.4336923, -0.0095674, , , , , , , 17.4336923, -0.0099031, , , , , , , 17.4336923, -0.005539, , , , , , , , , , , , , , , , , , , , , , , , , , , , 
17.4342115, 0.0441444, , , , , , , 17.4342115, -0.012253, , , , , , , 17.4342115, -0.0095674, , , , , , , 17.4342115, -0.005539, , , , , , , , , , , , , , , , , , , , , , , , , , , , 
17.4347308, 0.0481727, , , , , , , 17.4347308, -0.0115816, , , , , , , 17.4347308, -0.0097353, , , , , , , 17.4347308, -0.0072175, , , , , , , , , , , , , , , , , , , , , , , , , , , , 
17.43525, 0.0528725, , , , , , , 17.43525, -0.0078889, , , , , , , 17.43525, -0.0095674, , , , , , , 17.43525, -0.0082246, , , , , , , , , , , , , , , , , , , , , , , , , , , , 
17.4357692, 0.0555581, , , , , , , 17.4357692, -0.0075532, , , , , , , 17.4357692, -0.0095674, , , , , , , 17.4357692, -0.005539, , , , , , , , , , , , , , , , , , , , , , , , , , , , 
17.4362885, 0.0538796, , , , , , , 17.4362885, -0.0092317, , , , , , , 17.4362885, -0.0099031, , , , , , , 17.4362885, -0.0008392, , , , , , , , , , , , , , , , , , , , , , , , , , , , 
17.4368077, 0.0448157, , , , , , , 17.4368077, -0.0072175, , , , , , , 17.4368077, -0.0105745, , , , , , , 17.4368077, 0.0035248, , , , , , , , , , , , , , , , , , , , , , , , , , , , 
17.4373269, 0.0347448, , , , , , , 17.4373269, -0.0048676, , , , , , , 17.4373269, -0.0099031, , , , , , , 17.4373269, 0.0062104, , , , , , , , , , , , , , , , , , , , , , , , , , , , 
17.4378462, 0.0236667, , , , , , , 17.4378462, -0.0041962, , , , , , , 17.4378462, -0.0085603, , , , , , , 17.4378462, 0.0078889, , , , , , , , , , , , , , , , , , , , , , , , , , , , 
17.4383654, 0.0166171, , , , , , , 17.4383654, -0.0045319, , , , , , , 17.4383654, -0.0077211, , , , , , , 17.4383654, 0.0112459, , , , , , , , , , , , , , , , , , , , , , , , , , , , 
17.4388846, 0.0125887, , , , , , , 17.4388846, -0.0052033, , , , , , , 17.4388846, -0.0062104, , , , , , , 17.4388846, 0.0166171, , , , , , , , , , , , , , , , , , , , , , , , , , , , 
17.4394038, 0.0085603, , , , , , , 17.4394038, -0.0050355, , , , , , , 17.4394038, -0.005539, , , , , , , 17.4394038, 0.0219883, , , , , , , , , , , , , , , , , , , , , , , , , , , , 
17.4399231, 0.002182, , , , , , , 17.4399231, -0.005539, , , , , , , 17.4399231, -0.0048676, , , , , , , 17.4399231, 0.0280308, , , , , , , , , , , , , , , , , , , , , , , , , , , , 
17.4404423, -0.0036927, , , , , , , 17.4404423, -0.0068818, , , , , , , 17.4404423, -0.0053712, , , , , , , 17.4404423, 0.036759, , , , , , , , , , , , , , , , , , , , , , , , , , , , 
17.4409615, -0.0095674, , , , , , , 17.4409615, -0.0068818, , , , , , , 17.4409615, -0.0050355, , , , , , , 17.4409615, 0.0449836, , , , , , , , , , , , , , , , , , , , , , , , , , , , 
17.4414808, -0.0152743, , , , , , , 17.4414808, -0.006714, , , , , , , 17.4414808, -0.0031891, , , , , , , 17.4414808, 0.0498512, , , , , , , , , , , , , , , , , , , , , , , , , , , , 
17.442, -0.0125887, , , , , , , 17.442, -0.0077211, , , , , , , 17.442, 0.0001678, , , , , , , 17.442, 0.0488441, , , , , , , , , , , , , , , , , , , , , , , , , , , , 
17.4425192, -0.0035248, , , , , , , 17.4425192, -0.0065461, , , , , , , 17.4425192, 0.0008392, , , , , , , 17.4425192, 0.0448157, , , , , , , , , , , , , , , , , , , , , , , , , , , , 
17.4430385, 0.0041962, , , , , , , 17.4430385, -0.0060426, , , , , , , 17.4430385, -0.0006714, , , , , , , 17.4430385, 0.0384375, , , , , , , , , , , , , , , , , , , , , , , , , , , , 
17.4435577, 0.0085603, , , , , , , 17.4435577, -0.0068818, , , , , , , 17.4435577, -0.002182, , , , , , , 17.4435577, 0.0310521, , , , , , , , , , , , , , , , , , , , , , , , , , , , 
17.4440769, 0.0142672, , , , , , , 17.4440769, -0.0075532, , , , , , , 17.4440769, -0.0028534, , , , , , , 17.4440769, 0.026688, , , , , , , , , , , , , , , , , , , , , , , , , , , , 
17.4445962, 0.0209812, , , , , , , 17.4445962, -0.0068818, , , , , , , 17.4445962, -0.0041962, , , , , , , 17.4445962, 0.0226596, , , , , , , , , , , , , , , , , , , , , , , , , , , , 
17.4451154, 0.0240024, , , , , , , 17.4451154, -0.0057069, , , , , , , 17.4451154, -0.005539, , , , , , , 17.4451154, 0.0169528, , , , , , , , , , , , , , , , , , , , , , , , , , , , 
17.4456346, 0.0240024, , , , , , , 17.4456346, -0.0048676, , , , , , , 17.4456346, -0.0041962, , , , , , , 17.4456346, 0.0115816, , , , , , , , , , , , , , , , , , , , , , , , , , , , 
17.4461538, 0.0263523, , , , , , , 17.4461538, -0.0045319, , , , , , , 17.4461538, -0.0015106, , , , , , , 17.4461538, 0.0078889, , , , , , , , , , , , , , , , , , , , , , , , , , , , 
17.4466731, 0.0310521, , , , , , , 17.4466731, -0.0035248, , , , , , , 17.4466731, -0.0035248, , , , , , , 17.4466731, 0.0052033, , , , , , , , , , , , , , , , , , , , , , , , , , , , 
17.4471923, 0.0347448, , , , , , , 17.4471923, -0.002182, , , , , , , 17.4471923, -0.0062104, , , , , , , 17.4471923, -0.0006714, , , , , , , , , , , , , , , , , , , , , , , , , , , , 
17.4477115, 0.0330663, , , , , , , 17.4477115, -0.0025177, , , , , , , 17.4477115, -0.0065461, , , , , , , 17.4477115, -0.0041962, , , , , , , , , , , , , , , , , , , , , , , , , , , , 
17.4482308, 0.0303807, , , , , , , 17.4482308, -0.002182, , , , , , , 17.4482308, -0.0075532, , , , , , , 17.4482308, -0.0005035, , , , , , , , , , , , , , , , , , , , , , , , , , , , 
17.44875, 0.0292058, , , , , , , 17.44875, -0.002182, , , , , , , 17.44875, -0.0078889, , , , , , , 17.44875, 0.0038605, , , , , , , , , , , , , , , , , , , , , , , , , , , , 
17.4492692, 0.0293736, , , , , , , 17.4492692, -0.002182, , , , , , , 17.4492692, -0.0058747, , , , , , , 17.4492692, 0.0048676, , , , , , , , , , , , , , , , , , , , , , , , , , , , 
17.4497885, 0.030045, , , , , , , 17.4497885, -0.0016785, , , , , , , 17.4497885, -0.0041962, , , , , , , 17.4497885, 0.0023499, , , , , , , , , , , , , , , , , , , , , , , , , , , , 
17.4503077, 0.024506, , , , , , , 17.4503077, -0.0031891, , , , , , , 17.4503077, -0.0062104, , , , , , , 17.4503077, 0.0015106, , , , , , , , , , , , , , , , , , , , , , , , , , , , 
17.4508269, 0.0186313, , , , , , , 17.4508269, -0.0058747, , , , , , , 17.4508269, -0.0072175, , , , , , , 17.4508269, 0.0035248, , , , , , , , , , , , , , , , , , , , , , , , , , , , 
17.4513462, 0.018967, , , , , , , 17.4513462, -0.0078889, , , , , , , 17.4513462, -0.0058747, , , , , , , 17.4513462, 0.0052033, , , , , , , , , , , , , , , , , , , , , , , , , , , , 
17.4518654, 0.0193027, , , , , , , 17.4518654, -0.0075532, , , , , , , 17.4518654, -0.0048676, , , , , , , 17.4518654, 0.0062104, , , , , , , , , , , , , , , , , , , , , , , , , , , , 
17.4523846, 0.0186313, , , , , , , 17.4523846, -0.0048676, , , , , , , 17.4523846, -0.005539, , , , , , , 17.4523846, 0.0005035, , , , , , , , , , , , , , , , , , , , , , , , , , , , 
17.4529038, 0.0203098, , , , , , , 17.4529038, -0.0048676, , , , , , , 17.4529038, -0.0082246, , , , , , , 17.4529038, -0.0102388, , , , , , , , , , , , , , , , , , , , , , , , , , , , 
17.4534231, 0.0280308, , , , , , , 17.4534231, -0.0065461, , , , , , , 17.4534231, -0.0099031, , , , , , , 17.4534231, -0.0149386, , , , , , , , , , , , , , , , , , , , , , , , , , , , 
17.4539423, 0.0360876, , , , , , , 17.4539423, -0.0068818, , , , , , , 17.4539423, -0.012253, , , , , , , 17.4539423, -0.012253, , , , , , , , , , , , , , , , , , , , , , , , , , , , 
17.4544615, 0.0417945, , , , , , , 17.4544615, -0.0082246, , , , , , , 17.4544615, -0.0125887, , , , , , , 17.4544615, -0.0114137, , , , , , , , , , , , , , , , , , , , , , , , , , , , 
17.4549808, 0.0421302, , , , , , , 17.4549808, -0.0112459, , , , , , , 17.4549808, -0.0119173, , , , , , , 17.4549808, -0.0115816, , , , , , , , , , , , , , , , , , , , , , , , , , , , 
17.4555, 0.036759, , , , , , , 17.4555, -0.0102388, , , , , , , 17.4555, -0.0109102, , , , , , , 17.4555, -0.0075532, , , , , , , , , , , , , , , , , , , , , , , , , , , , 
17.4560192, 0.0313878, , , , , , , 17.4560192, -0.008896, , , , , , , 17.4560192, -0.0115816, , , , , , , 17.4560192, -0.0001678, , , , , , , , , , , , , , , , , , , , , , , , , , , , 
17.4565385, 0.0313878, , , , , , , 17.4565385, -0.0068818, , , , , , , 17.4565385, -0.0114137, , , , , , , 17.4565385, 0.0068818, , , , , , , , , , , , , , , , , , , , , , , , , , , , 
17.4570577, 0.0330663, , , , , , , 17.4570577, -0.0048676, , , , , , , 17.4570577, -0.011078, , , , , , , 17.4570577, 0.0102388, , , , , , , , , , , , , , , , , , , , , , , , , , , , 
17.4575769, 0.0305486, , , , , , , 17.4575769, -0.005539, , , , , , , 17.4575769, -0.0104067, , , , , , , 17.4575769, 0.012253, , , , , , , , , , , , , , , , , , , , , , , , , , , , 
17.4580962, 0.0196384, , , , , , , 17.4580962, -0.0078889, , , , , , , 17.4580962, -0.0104067, , , , , , , 17.4580962, 0.0162814, , , , , , , , , , , , , , , , , , , , , , , , , , , , 
17.4586154, 0.0072175, , , , , , , 17.4586154, -0.0083925, , , , , , , 17.4586154, -0.0109102, , , , , , , 17.4586154, 0.0199741, , , , , , , , , , , , , , , , , , , , , , , , , , , , 
17.4591346, 0.0011749, , , , , , , 17.4591346, -0.0082246, , , , , , , 17.4591346, -0.0090639, , , , , , , 17.4591346, 0.0253452, , , , , , , , , , , , , , , , , , , , , , , , , , , , 
17.4596538, -0.0028534, , , , , , , 17.4596538, -0.0083925, , , , , , , 17.4596538, -0.0068818, , , , , , , 17.4596538, 0.0297093, , , , , , , , , , , , , , , , , , , , , , , , , , , , 
17.4601731, -0.0082246, , , , , , , 17.4601731, -0.0077211, , , , , , , 17.4601731, -0.005539, , , , , , , 17.4601731, 0.0337377, , , , , , , , , , , , , , , , , , , , , , , , , , , , 
17.4606923, -0.012253, , , , , , , 17.4606923, -0.0068818, , , , , , , 17.4606923, -0.0052033, , , , , , , 17.4606923, 0.0391089, , , , , , , , , , , , , , , , , , , , , , , , , , , , 
17.4612115, -0.0142672, , , , , , , 17.4612115, -0.008896, , , , , , , 17.4612115, -0.0057069, , , , , , , 17.4612115, 0.0451514, , , , , , , , , , , , , , , , , , , , , , , , , , , , 
17.4617308, -0.0172885, , , , , , , 17.4617308, -0.0107424, , , , , , , 17.4617308, -0.0075532, , , , , , , 17.4617308, 0.0471656, , , , , , , , , , , , , , , , , , , , , , , , , , , , 
17.46225, -0.0182956, , , , , , , 17.46225, -0.0125887, , , , , , , 17.46225, -0.0102388, , , , , , , 17.46225, 0.0438087, , , , , , , , , , , , , , , , , , , , , , , , , , , , 
17.4627692, -0.012253, , , , , , , 17.4627692, -0.012253, , , , , , , 17.4627692, -0.0075532, , , , , , , 17.4627692, 0.0391089, , , , , , , , , , , , , , , , , , , , , , , , , , , , 
17.4632885, -0.0030213, , , , , , , 17.4632885, -0.0109102, , , , , , , 17.4632885, -0.0045319, , , , , , , 17.4632885, 0.0344091, , , , , , , , , , , , , , , , , , , , , , , , , , , , 
17.4638077, -0.002182, , , , , , , 17.4638077, -0.012253, , , , , , , 17.4638077, -0.0041962, , , , , , , 17.4638077, 0.0307164, , , , , , , , , , , , , , , , , , , , , , , , , , , , 
17.4643269, -0.0018463, , , , , , , 17.4643269, -0.0152743, , , , , , , 17.4643269, -0.0062104, , , , , , , 17.4643269, 0.026688, , , , , , , , , , , , , , , , , , , , , , , , , , , , 
17.4648462, -0.0010071, , , , , , , 17.4648462, -0.0149386, , , , , , , 17.4648462, -0.0082246, , , , , , , 17.4648462, 0.0208133, , , , , , , , , , , , , , , , , , , , , , , , , , , , 
17.4653654, -0.0018463, , , , , , , 17.4653654, -0.0112459, , , , , , , 17.4653654, -0.0072175, , , , , , , 17.4653654, 0.0152743, , , , , , , , , , , , , , , , , , , , , , , , , , , , 
17.4658846, -0.0031891, , , , , , , 17.4658846, -0.008896, , , , , , , 17.4658846, -0.0070497, , , , , , , 17.4658846, 0.0124208, , , , , , , , , , , , , , , , , , , , , , , , , , , , 
17.4664038, -0.002182, , , , , , , 17.4664038, -0.0092317, , , , , , , 17.4664038, -0.0082246, , , , , , , 17.4664038, 0.0105745, , , , , , , , , , , , , , , , , , , , , , , , , , , , 
17.4669231, 0.0018463, , , , , , , 17.4669231, -0.0099031, , , , , , , 17.4669231, -0.0062104, , , , , , , 17.4669231, 0.0102388, , , , , , , , , , , , , , , , , , , , , , , , , , , , 
17.4674423, 0.0045319, , , , , , , 17.4674423, -0.008896, , , , , , , 17.4674423, -0.0068818, , , , , , , 17.4674423, 0.0115816, , , , , , , , , , , , , , , , , , , , , , , , , , , , 
17.4679615, 0.0041962, , , , , , , 17.4679615, -0.0099031, , , , , , , 17.4679615, -0.0095674, , , , , , , 17.4679615, 0.0112459, , , , , , , , , , , , , , , , , , , , , , , , , , , , 
17.4684808, 0.005539, , , , , , , 17.4684808, -0.0102388, , , , , , , 17.4684808, -0.0102388, , , , , , , 17.4684808, 0.0115816, , , , , , , , , , , , , , , , , , , , , , , , , , , , 
17.469, 0.0082246, , , , , , , 17.469, -0.0092317, , , , , , , 17.469, -0.0099031, , , , , , , 17.469, 0.0119173, , , , , , , , , , , , , , , , , , , , , , , , , , , , 
17.4695192, 0.0119173, , , , , , , 17.4695192, -0.0095674, , , , , , , 17.4695192, -0.0095674, , , , , , , 17.4695192, 0.0112459, , , , , , , , , , , , , , , , , , , , , , , , , , , , 
17.4700385, 0.0166171, , , , , , , 17.4700385, -0.0099031, , , , , , , 17.4700385, -0.0105745, , , , , , , 17.4700385, 0.0095674, , , , , , , , , , , , , , , , , , , , , , , , , , , , 
17.4705577, 0.0186313, , , , , , , 17.4705577, -0.008896, , , , , , , 17.4705577, -0.0115816, , , , , , , 17.4705577, 0.0075532, , , , , , , , , , , , , , , , , , , , , , , , , , , , 
17.4710769, 0.0159457, , , , , , , 17.4710769, -0.0075532, , , , , , , 17.4710769, -0.0102388, , , , , , , 17.4710769, 0.0075532, , , , , , , , , , , , , , , , , , , , , , , , , , , , 
17.4715962, 0.0132601, , , , , , , 17.4715962, -0.0068818, , , , , , , 17.4715962, -0.0095674, , , , , , , 17.4715962, 0.0075532, , , , , , , , , , , , , , , , , , , , , , , , , , , , 
17.4721154, 0.0125887, , , , , , , 17.4721154, -0.0058747, , , , , , , 17.4721154, -0.0102388, , , , , , , 17.4721154, 0.0065461, , , , , , , , , , , , , , , , , , , , , , , , , , , , 
17.4726346, 0.0139315, , , , , , , 17.4726346, -0.0062104, , , , , , , 17.4726346, -0.0105745, , , , , , , 17.4726346, 0.0018463, , , , , , , , , , , , , , , , , , , , , , , , , , , , 
17.4731538, 0.0166171, , , , , , , 17.4731538, -0.0085603, , , , , , , 17.4731538, -0.0102388, , , , , , , 17.4731538, -0.0028534, , , , , , , , , , , , , , , , , , , , , , , , , , , , 
17.4736731, 0.0199741, , , , , , , 17.4736731, -0.0102388, , , , , , , 17.4736731, -0.0112459, , , , , , , 17.4736731, -0.0052033, , , , , , , , , , , , , , , , , , , , , , , , , , , , 
17.4741923, 0.026688, , , , , , , 17.4741923, -0.008896, , , , , , , 17.4741923, -0.0115816, , , , , , , 17.4741923, -0.005539, , , , , , , , , , , , , , , , , , , , , , , , , , , , 
17.4747115, 0.03122, , , , , , , 17.4747115, -0.0085603, , , , , , , 17.4747115, -0.0109102, , , , , , , 17.4747115, -0.0057069, , , , , , , , , , , , , , , , , , , , , , , , , , , , 
17.4752308, 0.0307164, , , , , , , 17.4752308, -0.0095674, , , , , , , 17.4752308, -0.0095674, , , , , , , 17.4752308, -0.0050355, , , , , , , , , , , , , , , , , , , , , , , , , , , , 
17.47575, 0.0293736, , , , , , , 17.47575, -0.0090639, , , , , , , 17.47575, -0.008896, , , , , , , 17.47575, -0.0016785, , , , , , , , , , , , , , , , , , , , , , , , , , , , 
17.4762692, 0.0292058, , , , , , , 17.4762692, -0.0092317, , , , , , , 17.4762692, -0.0058747, , , , , , , 17.4762692, 0.0038605, , , , , , , , , , , , , , , , , , , , , , , , , , , , 
17.4767885, 0.0271916, , , , , , , 17.4767885, -0.0085603, , , , , , , 17.4767885, -0.0020142, , , , , , , 17.4767885, 0.0097353, , , , , , , , , , , , , , , , , , , , , , , , , , , , 
17.4773077, 0.0193027, , , , , , , 17.4773077, -0.0068818, , , , , , , 17.4773077, -0.0030213, , , , , , , 17.4773077, 0.0146029, , , , , , , , , , , , , , , , , , , , , , , , , , , , 
17.4778269, 0.0104067, , , , , , , 17.4778269, -0.0068818, , , , , , , 17.4778269, -0.0082246, , , , , , , 17.4778269, 0.0152743, , , , , , , , , , , , , , , , , , , , , , , , , , , , 
17.4783462, 0.0060426, , , , , , , 17.4783462, -0.0068818, , , , , , , 17.4783462, -0.0112459, , , , , , , 17.4783462, 0.0166171, , , , , , , , , , , , , , , , , , , , , , , , , , , , 
17.4788654, 0.0030213, , , , , , , 17.4788654, -0.0075532, , , , , , , 17.4788654, -0.0105745, , , , , , , 17.4788654, 0.0240024, , , , , , , , , , , , , , , , , , , , , , , , , , , , 
17.4793846, -0.0035248, , , , , , , 17.4793846, -0.0083925, , , , , , , 17.4793846, -0.0082246, , , , , , , 17.4793846, 0.0307164, , , , , , , , , , , , , , , , , , , , , , , , , , , , 
17.4799038, -0.0082246, , , , , , , 17.4799038, -0.008896, , , , , , , 17.4799038, -0.0057069, , , , , , , 17.4799038, 0.0337377, , , , , , , , , , , , , , , , , , , , , , , , , , , , 
17.4804231, -0.0102388, , , , , , , 17.4804231, -0.0070497, , , , , , , 17.4804231, -0.0050355, , , , , , , 17.4804231, 0.0337377, , , , , , , , , , , , , , , , , , , , , , , , , , , , 
17.4809423, -0.0112459, , , , , , , 17.4809423, -0.005539, , , , , , , 17.4809423, -0.0041962, , , , , , , 17.4809423, 0.0354162, , , , , , , , , , , , , , , , , , , , , , , , , , , , 
17.4814615, -0.0139315, , , , , , , 17.4814615, -0.0065461, , , , , , , 17.4814615, -0.0035248, , , , , , , 17.4814615, 0.0381018, , , , , , , , , , , , , , , , , , , , , , , , , , , , 
17.4819808, -0.0166171, , , , , , , 17.4819808, -0.0072175, , , , , , , 17.4819808, -0.0048676, , , , , , , 17.4819808, 0.0387732, , , , , , , , , , , , , , , , , , , , , , , , , , , , 
17.4825, -0.0151064, , , , , , , 17.4825, -0.0068818, , , , , , , 17.4825, -0.005539, , , , , , , 17.4825, 0.0347448, , , , , , , , , , , , , , , , , , , , , , , , , , , , 
17.4830192, -0.0099031, , , , , , , 17.4830192, -0.0068818, , , , , , , 17.4830192, -0.0041962, , , , , , , 17.4830192, 0.0273594, , , , , , , , , , , , , , , , , , , , , , , , , , , , 
17.4835385, -0.0058747, , , , , , , 17.4835385, -0.0065461, , , , , , , 17.4835385, -0.002182, , , , , , , 17.4835385, 0.0229953, , , , , , , , , , , , , , , , , , , , , , , , , , , , 
17.4840577, -0.0028534, , , , , , , 17.4840577, -0.006714, , , , , , , 17.4840577, -0.0025177, , , , , , , 17.4840577, 0.0216526, , , , , , , , , , , , , , , , , , , , , , , , , , , , 
17.4845769, 0.0008392, , , , , , , 17.4845769, -0.0068818, , , , , , , 17.4845769, -0.0041962, , , , , , , 17.4845769, 0.0176242, , , , , , , , , , , , , , , , , , , , , , , , , , , , 
17.4850962, 0.0041962, , , , , , , 17.4850962, -0.0072175, , , , , , , 17.4850962, -0.0045319, , , , , , , 17.4850962, 0.0125887, , , , , , , , , , , , , , , , , , , , , , , , , , , , 
17.4856154, 0.0075532, , , , , , , 17.4856154, -0.0082246, , , , , , , 17.4856154, -0.0043641, , , , , , , 17.4856154, 0.0115816, , , , , , , , , , , , , , , , , , , , , , , , , , , , 
17.4861346, 0.0070497, , , , , , , 17.4861346, -0.0078889, , , , , , , 17.4861346, -0.0045319, , , , , , , 17.4861346, 0.0119173, , , , , , , , , , , , , , , , , , , , , , , , , , , , 
17.4866538, 0.0057069, , , , , , , 17.4866538, -0.0060426, , , , , , , 17.4866538, -0.0063783, , , , , , , 17.4866538, 0.0119173, , , , , , , , , , , , , , , , , , , , , , , , , , , , 
17.4871731, 0.0078889, , , , , , , 17.4871731, -0.0068818, , , , , , , 17.4871731, -0.008896, , , , , , , 17.4871731, 0.0102388, , , , , , , , , , , , , , , , , , , , , , , , , , , , 
17.4876923, 0.0132601, , , , , , , 17.4876923, -0.0082246, , , , , , , 17.4876923, -0.0097353, , , , , , , 17.4876923, 0.0077211, , , , , , , , , , , , , , , , , , , , , , , , , , , , 
17.4882115, 0.0162814, , , , , , , 17.4882115, -0.0095674, , , , , , , 17.4882115, -0.0109102, , , , , , , 17.4882115, 0.0063783, , , , , , , , , , , , , , , , , , , , , , , , , , , , 
17.4887308, 0.0135958, , , , , , , 17.4887308, -0.0109102, , , , , , , 17.4887308, -0.0119173, , , , , , , 17.4887308, 0.0048676, , , , , , , , , , , , , , , , , , , , , , , , , , , , 
17.48925, 0.0119173, , , , , , , 17.48925, -0.0115816, , , , , , , 17.48925, -0.0115816, , , , , , , 17.48925, 0.0038605, , , , , , , , , , , , , , , , , , , , , , , , , , , , 
17.4897692, 0.0117494, , , , , , , 17.4897692, -0.0105745, , , , , , , 17.4897692, -0.0109102, , , , , , , 17.4897692, 0.0025177, , , , , , , , , , , , , , , , , , , , , , , , , , , , 
17.4902885, 0.0152743, , , , , , , 17.4902885, -0.0104067, , , , , , , 17.4902885, -0.0095674, , , , , , , 17.4902885, 0.0006714, , , , , , , , , , , , , , , , , , , , , , , , , , , , 
17.4908077, 0.0146029, , , , , , , 17.4908077, -0.0105745, , , , , , , 17.4908077, -0.008896, , , , , , , 17.4908077, -0.0001678, , , , , , , , , , , , , , , , , , , , , , , , , , , , 
17.4913269, 0.0102388, , , , , , , 17.4913269, -0.0102388, , , , , , , 17.4913269, -0.0102388, , , , , , , 17.4913269, 0.0005035, , , , , , , , , , , , , , , , , , , , , , , , , , , , 
17.4918462, 0.002182, , , , , , , 17.4918462, -0.0095674, , , , , , , 17.4918462, -0.0117494, , , , , , , 17.4918462, 0.0031891, , , , , , , , , , , , , , , , , , , , , , , , , , , , 
17.4923654, -0.0008392, , , , , , , 17.4923654, -0.0095674, , , , , , , 17.4923654, -0.0129244, , , , , , , 17.4923654, 0.0011749, , , , , , , , , , , , , , , , , , , , , , , , , , , , 
17.4928846, 0.0092317, , , , , , , 17.4928846, -0.0092317, , , , , , , 17.4928846, -0.0134279, , , , , , , 17.4928846, -0.0070497, , , , , , , , , , , , , , , , , , , , , , , , , , , , 
17.4934038, 0.0199741, , , , , , , 17.4934038, -0.0068818, , , , , , , 17.4934038, -0.0146029, , , , , , , 17.4934038, -0.01561, , , , , , , , , , , , , , , , , , , , , , , , , , , , 
17.4939231, 0.0253452, , , , , , , 17.4939231, -0.0048676, , , , , , , 17.4939231, -0.0157778, , , , , , , 17.4939231, -0.0184634, , , , , , , , , , , , , , , , , , , , , , , , , , , , 
17.4944423, 0.0323949, , , , , , , 17.4944423, -0.0063783, , , , , , , 17.4944423, -0.0172885, , , , , , , 17.4944423, -0.018967, , , , , , , , , , , , , , , , , , , , , , , , , , , , 
17.4949615, 0.0417945, , , , , , , 17.4949615, -0.0070497, , , , , , , 17.4949615, -0.0172885, , , , , , , 17.4949615, -0.0196384, , , , , , , , , , , , , , , , , , , , , , , , , , , , 
17.4954808, 0.0454871, , , , , , , 17.4954808, -0.0041962, , , , , , , 17.4954808, -0.01561, , , , , , , 17.4954808, -0.0179599, , , , , , , , , , , , , , , , , , , , , , , , , , , , 
17.496, 0.0441444, , , , , , , 17.496, -0.0025177, , , , , , , 17.496, -0.0149386, , , , , , , 17.496, -0.0119173, , , , , , , , , , , , , , , , , , , , , , , , , , , , 
17.4965192, 0.0411231, , , , , , , 17.4965192, -0.0035248, , , , , , , 17.4965192, -0.0142672, , , , , , , 17.4965192, -0.0035248, , , , , , , , , , , , , , , , , , , , , , , , , , , , 
17.4970385, 0.0365911, , , , , , , 17.4970385, -0.005539, , , , , , , 17.4970385, -0.012253, , , , , , , 17.4970385, 0.0052033, , , , , , , , , , , , , , , , , , , , , , , , , , , , 
17.4975577, 0.0270237, , , , , , , 17.4975577, -0.0075532, , , , , , , 17.4975577, -0.0105745, , , , , , , 17.4975577, 0.0125887, , , , , , , , , , , , , , , , , , , , , , , , , , , , 
17.4980769, 0.0159457, , , , , , , 17.4980769, -0.008896, , , , , , , 17.4980769, -0.0083925, , , , , , , 17.4980769, 0.0172885, , , , , , , , , , , , , , , , , , , , , , , , , , , , 
17.4985962, 0.0092317, , , , , , , 17.4985962, -0.0095674, , , , , , , 17.4985962, -0.0072175, , , , , , , 17.4985962, 0.0219883, , , , , , , , , , , , , , , , , , , , , , , , , , , , 
17.4991154, 0.0065461, , , , , , , 17.4991154, -0.0092317, , , , , , , 17.4991154, -0.0072175, , , , , , , 17.4991154, 0.0263523, , , , , , , , , , , , , , , , , , , , , , , , , , , , 
17.4996346, 0.0028534, , , , , , , 17.4996346, -0.0082246, , , , , , , 17.4996346, -0.0068818, , , , , , , 17.4996346, 0.0298772, , , , , , , , , , , , , , , , , , , , , , , , , , , , 
17.5001538, -0.0028534, , , , , , , 17.5001538, -0.0078889, , , , , , , 17.5001538, -0.0062104, , , , , , , 17.5001538, 0.033402, , , , , , , , , , , , , , , , , , , , , , , , , , , , 
17.5006731, -0.0078889, , , , , , , 17.5006731, -0.0082246, , , , , , , 17.5006731, -0.0052033, , , , , , , 17.5006731, 0.033402, , , , , , , , , , , , , , , , , , , , , , , , , , , , 
17.5011923, -0.0129244, , , , , , , 17.5011923, -0.0075532, , , , , , , 17.5011923, -0.0041962, , , , , , , 17.5011923, 0.0313878, , , , , , , , , , , , , , , , , , , , , , , , , , , , 
17.5017115, -0.0162814, , , , , , , 17.5017115, -0.0070497, , , , , , , 17.5017115, -0.0045319, , , , , , , 17.5017115, 0.0307164, , , , , , , , , , , , , , , , , , , , , , , , , , , , 
17.5022308, -0.0149386, , , , , , , 17.5022308, -0.0082246, , , , , , , 17.5022308, -0.0058747, , , , , , , 17.5022308, 0.0293736, , , , , , , , , , , , , , , , , , , , , , , , , , , , 
17.50275, -0.0102388, , , , , , , 17.50275, -0.0082246, , , , , , , 17.50275, -0.0065461, , , , , , , 17.50275, 0.0265202, , , , , , , , , , , , , , , , , , , , , , , , , , , , 
17.5032692, -0.0016785, , , , , , , 17.5032692, -0.0075532, , , , , , , 17.5032692, -0.005539, , , , , , , 17.5032692, 0.0240024, , , , , , , , , , , , , , , , , , , , , , , , , , , , 
17.5037885, 0.0048676, , , , , , , 17.5037885, -0.0068818, , , , , , , 17.5037885, -0.0041962, , , , , , , 17.5037885, 0.0216526, , , , , , , , , , , , , , , , , , , , , , , , , , , , 
17.5043077, 0.0031891, , , , , , , 17.5043077, -0.0068818, , , , , , , 17.5043077, -0.0035248, , , , , , , 17.5043077, 0.0203098, , , , , , , , , , , , , , , , , , , , , , , , , , , , 
17.5048269, 0.0031891, , , , , , , 17.5048269, -0.0062104, , , , , , , 17.5048269, -0.0041962, , , , , , , 17.5048269, 0.0203098, , , , , , , , , , , , , , , , , , , , , , , , , , , , 
17.5053462, 0.0072175, , , , , , , 17.5053462, -0.0062104, , , , , , , 17.5053462, -0.0035248, , , , , , , 17.5053462, 0.0181277, , , , , , , , , , , , , , , , , , , , , , , , , , , , 
17.5058654, 0.0078889, , , , , , , 17.5058654, -0.008896, , , , , , , 17.5058654, -0.0041962, , , , , , , 17.5058654, 0.0149386, , , , , , , , , , , , , , , , , , , , , , , , , , , , 
17.5063846, 0.0082246, , , , , , , 17.5063846, -0.0095674, , , , , , , 17.5063846, -0.0041962, , , , , , , 17.5063846, 0.0139315, , , , , , , , , , , , , , , , , , , , , , , , , , , , 
17.5069038, 0.0119173, , , , , , , 17.5069038, -0.008896, , , , , , , 17.5069038, -0.0050355, , , , , , , 17.5069038, 0.0105745, , , , , , , , , , , , , , , , , , , , , , , , , , , , 
17.5074231, 0.0172885, , , , , , , 17.5074231, -0.0099031, , , , , , , 17.5074231, -0.0075532, , , , , , , 17.5074231, 0.0085603, , , , , , , , , , , , , , , , , , , , , , , , , , , , 
17.5079423, 0.0199741, , , , , , , 17.5079423, -0.0095674, , , , , , , 17.5079423, -0.0078889, , , , , , , 17.5079423, 0.0112459, , , , , , , , , , , , , , , , , , , , , , , , , , , , 
17.5084615, 0.0213169, , , , , , , 17.5084615, -0.0070497, , , , , , , 17.5084615, -0.0070497, , , , , , , 17.5084615, 0.0146029, , , , , , , , , , , , , , , , , , , , , , , , , , , , 
17.5089808, 0.0216526, , , , , , , 17.5089808, -0.0082246, , , , , , , 17.5089808, -0.0075532, , , , , , , 17.5089808, 0.0146029, , , , , , , , , , , , , , , , , , , , , , , , , , , , 
17.5095, 0.0203098, , , , , , , 17.5095, -0.0095674, , , , , , , 17.5095, -0.0082246, , , , , , , 17.5095, 0.014435, , , , , , , , , , , , , , , , , , , , , , , , , , , , 
17.5100192, 0.0172885, , , , , , , 17.5100192, -0.0099031, , , , , , , 17.5100192, -0.0075532, , , , , , , 17.5100192, 0.0135958, , , , , , , , , , , , , , , , , , , , , , , , , , , , 
17.5105385, 0.0186313, , , , , , , 17.5105385, -0.0075532, , , , , , , 17.5105385, -0.0085603, , , , , , , 17.5105385, 0.0105745, , , , , , , , , , , , , , , , , , , , , , , , , , , , 
17.5110577, 0.0243381, , , , , , , 17.5110577, -0.0068818, , , , , , , 17.5110577, -0.008896, , , , , , , 17.5110577, 0.0085603, , , , , , , , , , , , , , , , , , , , , , , , , , , , 
17.5115769, 0.0317235, , , , , , , 17.5115769, -0.0075532, , , , , , , 17.5115769, -0.0068818, , , , , , , 17.5115769, 0.0082246, , , , , , , , , , , , , , , , , , , , , , , , , , , , 
17.5120962, 0.0360876, , , , , , , 17.5120962, -0.0072175, , , , , , , 17.5120962, -0.0048676, , , , , , , 17.5120962, 0.0062104, , , , , , , , , , , , , , , , , , , , , , , , , , , , 
17.5126154, 0.0374304, , , , , , , 17.5126154, -0.0068818, , , , , , , 17.5126154, -0.0045319, , , , , , , 17.5126154, 0.0030213, , , , , , , , , , , , , , , , , , , , , , , , , , , , 
17.5131346, 0.0370947, , , , , , , 17.5131346, -0.0082246, , , , , , , 17.5131346, -0.0063783, , , , , , , 17.5131346, -0.0003357, , , , , , , , , , , , , , , , , , , , , , , , , , , , 
17.5136538, 0.0347448, , , , , , , 17.5136538, -0.008896, , , , , , , 17.5136538, -0.0072175, , , , , , , 17.5136538, -0.0035248, , , , , , , , , , , , , , , , , , , , , , , , , , , , 
17.5141731, 0.0340734, , , , , , , 17.5141731, -0.0068818, , , , , , , 17.5141731, -0.0092317, , , , , , , 17.5141731, -0.0070497, , , , , , , , , , , , , , , , , , , , , , , , , , , , 
17.5146923, 0.0381018, , , , , , , 17.5146923, -0.0036927, , , , , , , 17.5146923, -0.0104067, , , , , , , 17.5146923, -0.0092317, , , , , , , , , , , , , , , , , , , , , , , , , , , , 
17.5152115, 0.0394446, , , , , , , 17.5152115, -0.002182, , , , , , , 17.5152115, -0.0104067, , , , , , , 17.5152115, -0.0082246, , , , , , , , , , , , , , , , , , , , , , , , , , , , 
17.5157308, 0.0370947, , , , , , , 17.5157308, -0.0041962, , , , , , , 17.5157308, -0.010071, , , , , , , 17.5157308, -0.0058747, , , , , , , , , , , , , , , , , , , , , , , , , , , , 
17.51625, 0.033402, , , , , , , 17.51625, -0.0058747, , , , , , , 17.51625, -0.0078889, , , , , , , 17.51625, -0.0031891, , , , , , , , , , , , , , , , , , , , , , , , , , , , 
17.5167692, 0.030045, , , , , , , 17.5167692, -0.0052033, , , , , , , 17.5167692, -0.0048676, , , , , , , 17.5167692, 0.002182, , , , , , , , , , , , , , , , , , , , , , , , , , , , 
17.5172885, 0.0287022, , , , , , , 17.5172885, -0.0041962, , , , , , , 17.5172885, -0.0031891, , , , , , , 17.5172885, 0.0065461, , , , , , , , , , , , , , , , , , , , , , , , , , , , 
17.5178077, 0.0224918, , , , , , , 17.5178077, -0.0041962, , , , , , , 17.5178077, -0.0025177, , , , , , , 17.5178077, 0.0119173, , , , , , , , , , , , , , , , , , , , , , , , , , , , 
17.5183269, 0.0125887, , , , , , , 17.5183269, -0.0045319, , , , , , , 17.5183269, -0.002182, , , , , , , 17.5183269, 0.0166171, , , , , , , , , , , , , , , , , , , , , , , , , , , , 
17.5188462, 0.0058747, , , , , , , 17.5188462, -0.0036927, , , , , , , 17.5188462, -0.002182, , , , , , , 17.5188462, 0.0218204, , , , , , , , , , , , , , , , , , , , , , , , , , , , 
17.5193654, 0, , , , , , , 17.5193654, -0.005539, , , , , , , 17.5193654, -0.0048676, , , , , , , 17.5193654, 0.0273594, , , , , , , , , , , , , , , , , , , , , , , , , , , , 
17.5198846, -0.0052033, , , , , , , 17.5198846, -0.0072175, , , , , , , 17.5198846, -0.008896, , , , , , , 17.5198846, 0.0320592, , , , , , , , , , , , , , , , , , , , , , , , , , , , 
17.5204038, -0.0083925, , , , , , , 17.5204038, -0.0062104, , , , , , , 17.5204038, -0.0095674, , , , , , , 17.5204038, 0.0340734, , , , , , , , , , , , , , , , , , , , , , , , , , , , 
17.5209231, -0.0095674, , , , , , , 17.5209231, -0.0062104, , , , , , , 17.5209231, -0.0072175, , , , , , , 17.5209231, 0.0370947, , , , , , , , , , , , , , , , , , , , , , , , , , , , 
17.5214423, -0.0112459, , , , , , , 17.5214423, -0.0083925, , , , , , , 17.5214423, -0.0058747, , , , , , , 17.5214423, 0.0411231, , , , , , , , , , , , , , , , , , , , , , , , , , , , 
17.5219615, -0.01561, , , , , , , 17.5219615, -0.0092317, , , , , , , 17.5219615, -0.0052033, , , , , , , 17.5219615, 0.0448157, , , , , , , , , , , , , , , , , , , , , , , , , , , , 
17.5224808, -0.0137636, , , , , , , 17.5224808, -0.0068818, , , , , , , 17.5224808, -0.0048676, , , , , , , 17.5224808, 0.0414588, , , , , , , , , , , , , , , , , , , , , , , , , , , , 
17.523, -0.0078889, , , , , , , 17.523, -0.0058747, , , , , , , 17.523, -0.0068818, , , , , , , 17.523, 0.0340734, , , , , , , , , , , , , , , , , , , , , , , , , , , , 
17.5235192, -0.0041962, , , , , , , 17.5235192, -0.0068818, , , , , , , 17.5235192, -0.0095674, , , , , , , 17.5235192, 0.026688, , , , , , , , , , , , , , , , , , , , , , , , , , , , 
17.5240385, -0.0008392, , , , , , , 17.5240385, -0.0058747, , , , , , , 17.5240385, -0.0097353, , , , , , , 17.5240385, 0.0199741, , , , , , , , , , , , , , , , , , , , , , , , , , , , 
17.5245577, 0.0015106, , , , , , , 17.5245577, -0.0052033, , , , , , , 17.5245577, -0.0109102, , , , , , , 17.5245577, 0.0166171, , , , , , , , , , , , , , , , , , , , , , , , , , , , 
17.5250769, 0.002182, , , , , , , 17.5250769, -0.0062104, , , , , , , 17.5250769, -0.0112459, , , , , , , 17.5250769, 0.0159457, , , , , , , , , , , , , , , , , , , , , , , , , , , , 
17.5255962, 0.002182, , , , , , , 17.5255962, -0.0072175, , , , , , , 17.5255962, -0.0115816, , , , , , , 17.5255962, 0.0159457, , , , , , , , , , , , , , , , , , , , , , , , , , , , 
17.5261154, 0.0030213, , , , , , , 17.5261154, -0.0082246, , , , , , , 17.5261154, -0.0140993, , , , , , , 17.5261154, 0.01561, , , , , , , , , , , , , , , , , , , , , , , , , , , , 
17.5266346, 0.0025177, , , , , , , 17.5266346, -0.008896, , , , , , , 17.5266346, -0.0129244, , , , , , , 17.5266346, 0.0149386, , , , , , , , , , , , , , , , , , , , , , , , , , , , 
17.5271538, 0.0036927, , , , , , , 17.5271538, -0.008896, , , , , , , 17.5271538, -0.0095674, , , , , , , 17.5271538, 0.0132601, , , , , , , , , , , , , , , , , , , , , , , , , , , , 
17.5276731, 0.0052033, , , , , , , 17.5276731, -0.0092317, , , , , , , 17.5276731, -0.0099031, , , , , , , 17.5276731, 0.0099031, , , , , , , , , , , , , , , , , , , , , , , , , , , , 
17.5281923, 0.0043641, , , , , , , 17.5281923, -0.0092317, , , , , , , 17.5281923, -0.0109102, , , , , , , 17.5281923, 0.0077211, , , , , , , , , , , , , , , , , , , , , , , , , , , , 
17.5287115, 0.0005035, , , , , , , 17.5287115, -0.0077211, , , , , , , 17.5287115, -0.0097353, , , , , , , 17.5287115, 0.0075532, , , , , , , , , , , , , , , , , , , , , , , , , , , , 
17.5292308, -0.0030213, , , , , , , 17.5292308, -0.0068818, , , , , , , 17.5292308, -0.0090639, , , , , , , 17.5292308, 0.0085603, , , , , , , , , , , , , , , , , , , , , , , , , , , , 
17.52975, -0.0041962, , , , , , , 17.52975, -0.0072175, , , , , , , 17.52975, -0.0109102, , , , , , , 17.52975, 0.0085603, , , , , , , , , , , , , , , , , , , , , , , , , , , , 
17.5302692, -0.0053712, , , , , , , 17.5302692, -0.0068818, , , , , , , 17.5302692, -0.0132601, , , , , , , 17.5302692, 0.0070497, , , , , , , , , , , , , , , , , , , , , , , , , , , , 
17.5307885, -0.0077211, , , , , , , 17.5307885, -0.0072175, , , , , , , 17.5307885, -0.0137636, , , , , , , 17.5307885, 0.0050355, , , , , , , , , , , , , , , , , , , , , , , , , , , , 
17.5313077, -0.0130922, , , , , , , 17.5313077, -0.0075532, , , , , , , 17.5313077, -0.0115816, , , , , , , 17.5313077, 0.0031891, , , , , , , , , , , , , , , , , , , , , , , , , , , , 
17.5318269, -0.018967, , , , , , , 17.5318269, -0.0090639, , , , , , , 17.5318269, -0.0072175, , , , , , , 17.5318269, 0.0006714, , , , , , , , , , , , , , , , , , , , , , , , , , , , 
17.5323462, -0.018967, , , , , , , 17.5323462, -0.0105745, , , , , , , 17.5323462, -0.0058747, , , , , , , 17.5323462, -0.0015106, , , , , , , , , , , , , , , , , , , , , , , , , , , , 
17.5328654, -0.012253, , , , , , , 17.5328654, -0.0115816, , , , , , , 17.5328654, -0.0073854, , , , , , , 17.5328654, -0.0045319, , , , , , , , , , , , , , , , , , , , , , , , , , , , 
17.5333846, -0.0065461, , , , , , , 17.5333846, -0.0105745, , , , , , , 17.5333846, -0.0078889, , , , , , , 17.5333846, -0.0080568, , , , , , , , , , , , , , , , , , , , , , , , , , , , 
17.5339038, -0.0005035, , , , , , , 17.5339038, -0.0082246, , , , , , , 17.5339038, -0.0078889, , , , , , , 17.5339038, -0.0115816, , , , , , , , , , , , , , , , , , , , , , , , , , , , 
17.5344231, 0.0011749, , , , , , , 17.5344231, -0.0082246, , , , , , , 17.5344231, -0.0097353, , , , , , , 17.5344231, -0.0129244, , , , , , , , , , , , , , , , , , , , , , , , , , , , 
17.5349423, -0.0011749, , , , , , , 17.5349423, -0.0095674, , , , , , , 17.5349423, -0.0102388, , , , , , , 17.5349423, -0.0119173, , , , , , , , , , , , , , , , , , , , , , , , , , , , 
17.5354615, -0.0018463, , , , , , , 17.5354615, -0.0092317, , , , , , , 17.5354615, -0.0115816, , , , , , , 17.5354615, -0.0092317, , , , , , , , , , , , , , , , , , , , , , , , , , , , 
17.5359808, -0.0001678, , , , , , , 17.5359808, -0.008896, , , , , , , 17.5359808, -0.0125887, , , , , , , 17.5359808, -0.0043641, , , , , , , , , , , , , , , , , , , , , , , , , , , , 
17.5365, -0.0035248, , , , , , , 17.5365, -0.0078889, , , , , , , 17.5365, -0.0115816, , , , , , , 17.5365, 0.002182, , , , , , , , , , , , , , , , , , , , , , , , , , , , 
17.5370192, -0.010071, , , , , , , 17.5370192, -0.0068818, , , , , , , 17.5370192, -0.0090639, , , , , , , 17.5370192, 0.0085603, , , , , , , , , , , , , , , , , , , , , , , , , , , , 
17.5375385, -0.0109102, , , , , , , 17.5375385, -0.0062104, , , , , , , 17.5375385, -0.0048676, , , , , , , 17.5375385, 0.0115816, , , , , , , , , , , , , , , , , , , , , , , , , , , , 
17.5380577, -0.008896, , , , , , , 17.5380577, -0.005539, , , , , , , 17.5380577, -0.0031891, , , , , , , 17.5380577, 0.0117494, , , , , , , , , , , , , , , , , , , , , , , , , , , , 
17.5385769, -0.008896, , , , , , , 17.5385769, -0.0041962, , , , , , , 17.5385769, -0.0058747, , , , , , , 17.5385769, 0.0142672, , , , , , , , , , , , , , , , , , , , , , , , , , , , 
17.5390962, -0.0085603, , , , , , , 17.5390962, -0.0036927, , , , , , , 17.5390962, -0.0078889, , , , , , , 17.5390962, 0.0203098, , , , , , , , , , , , , , , , , , , , , , , , , , , , 
17.5396154, -0.0085603, , , , , , , 17.5396154, -0.0041962, , , , , , , 17.5396154, -0.0072175, , , , , , , 17.5396154, 0.0246738, , , , , , , , , , , , , , , , , , , , , , , , , , , , 
17.5401346, -0.0132601, , , , , , , 17.5401346, -0.0041962, , , , , , , 17.5401346, -0.0058747, , , , , , , 17.5401346, 0.0283665, , , , , , , , , , , , , , , , , , , , , , , , , , , , 
17.5406538, -0.0152743, , , , , , , 17.5406538, -0.005539, , , , , , , 17.5406538, -0.0041962, , , , , , , 17.5406538, 0.0340734, , , , , , , , , , , , , , , , , , , , , , , , , , , , 
17.5411731, -0.0105745, , , , , , , 17.5411731, -0.0075532, , , , , , , 17.5411731, -0.0041962, , , , , , , 17.5411731, 0.0391089, , , , , , , , , , , , , , , , , , , , , , , , , , , , 
17.5416923, -0.0058747, , , , , , , 17.5416923, -0.0073854, , , , , , , 17.5416923, -0.0038605, , , , , , , 17.5416923, 0.0412909, , , , , , , , , , , , , , , , , , , , , , , , , , , , 
17.5422115, -0.0015106, , , , , , , 17.5422115, -0.0082246, , , , , , , 17.5422115, -0.0052033, , , , , , , 17.5422115, 0.0433051, , , , , , , , , , , , , , , , , , , , , , , , , , , , 
17.5427308, 0.0072175, , , , , , , 17.5427308, -0.0095674, , , , , , , 17.5427308, -0.005539, , , , , , , 17.5427308, 0.0397803, , , , , , , , , , , , , , , , , , , , , , , , , , , , 
17.54325, 0.0169528, , , , , , , 17.54325, -0.0095674, , , , , , , 17.54325, -0.0041962, , , , , , , 17.54325, 0.0325628, , , , , , , , , , , , , , , , , , , , , , , , , , , , 
17.5437692, 0.0263523, , , , , , , 17.5437692, -0.0075532, , , , , , , 17.5437692, -0.002182, , , , , , , 17.5437692, 0.0290379, , , , , , , , , , , , , , , , , , , , , , , , , , , , 
17.5442885, 0.0337377, , , , , , , 17.5442885, -0.0058747, , , , , , , 17.5442885, -0.0018463, , , , , , , 17.5442885, 0.0263523, , , , , , , , , , , , , , , , , , , , , , , , , , , , 
17.5448077, 0.0381018, , , , , , , 17.5448077, -0.0060426, , , , , , , 17.5448077, -0.0041962, , , , , , , 17.5448077, 0.0218204, , , , , , , , , , , , , , , , , , , , , , , , , , , , 
17.5453269, 0.0451514, , , , , , , 17.5453269, -0.0082246, , , , , , , 17.5453269, -0.0057069, , , , , , , 17.5453269, 0.0182956, , , , , , , , , , , , , , , , , , , , , , , , , , , , 
17.5458462, 0.0547189, , , , , , , 17.5458462, -0.0090639, , , , , , , 17.5458462, -0.0070497, , , , , , , 17.5458462, 0.0166171, , , , , , , , , , , , , , , , , , , , , , , , , , , , 
17.5463654, 0.0622721, , , , , , , 17.5463654, -0.0095674, , , , , , , 17.5463654, -0.0070497, , , , , , , 17.5463654, 0.0166171, , , , , , , , , , , , , , , , , , , , , , , , , , , , 
17.5468846, 0.064622, , , , , , , 17.5468846, -0.0085603, , , , , , , 17.5468846, -0.0062104, , , , , , , 17.5468846, 0.0137636, , , , , , , , , , , , , , , , , , , , , , , , , , , , 
17.5474038, 0.0686503, , , , , , , 17.5474038, -0.0068818, , , , , , , 17.5474038, -0.0058747, , , , , , , 17.5474038, 0.0065461, , , , , , , , , , , , , , , , , , , , , , , , , , , , 
17.5479231, 0.0726787, , , , , , , 17.5479231, -0.0075532, , , , , , , 17.5479231, -0.0048676, , , , , , , 17.5479231, 0.0025177, , , , , , , , , , , , , , , , , , , , , , , , , , , , 
17.5484423, 0.0736858, , , , , , , 17.5484423, -0.0085603, , , , , , , 17.5484423, -0.0065461, , , , , , , 17.5484423, 0.0011749, , , , , , , , , , , , , , , , , , , , , , , , , , , , 
17.5489615, 0.0757, , , , , , , 17.5489615, -0.0070497, , , , , , , 17.5489615, -0.0092317, , , , , , , 17.5489615, -0.0016785, , , , , , , , , , , , , , , , , , , , , , , , , , , , 
17.5494808, 0.0788891, , , , , , , 17.5494808, -0.0068818, , , , , , , 17.5494808, -0.0099031, , , , , , , 17.5494808, -0.005539, , , , , , , , , , , , , , , , , , , , , , , , , , , , 
17.55, 0.0795605, , , , , , , 17.55, -0.008896, , , , , , , 17.55, -0.0095674, , , , , , , 17.55, -0.0082246, , , , , , , , , , , , , , , , , , , , , , , , , , , , 
17.5505192, 0.0773785, , , , , , , 17.5505192, -0.0115816, , , , , , , 17.5505192, -0.0115816, , , , , , , 17.5505192, -0.0075532, , , , , , , , , , , , , , , , , , , , , , , , , , , , 
17.5510385, 0.0757, , , , , , , 17.5510385, -0.012253, , , , , , , 17.5510385, -0.0115816, , , , , , , 17.5510385, -0.0028534, , , , , , , , , , , , , , , , , , , , , , , , , , , , 
17.5515577, 0.0760357, , , , , , , 17.5515577, -0.0097353, , , , , , , 17.5515577, -0.0095674, , , , , , , 17.5515577, 0.0045319, , , , , , , , , , , , , , , , , , , , , , , , , , , , 
17.5520769, 0.0777142, , , , , , , 17.5520769, -0.0073854, , , , , , , 17.5520769, -0.0068818, , , , , , , 17.5520769, 0.0058747, , , , , , , , , , , , , , , , , , , , , , , , , , , , 
17.5525962, 0.0787213, , , , , , , 17.5525962, -0.0075532, , , , , , , 17.5525962, -0.0058747, , , , , , , 17.5525962, 0.0005035, , , , , , , , , , , , , , , , , , , , , , , , , , , , 
17.5531154, 0.0802319, , , , , , , 17.5531154, -0.0085603, , , , , , , 17.5531154, -0.0078889, , , , , , , 17.5531154, -0.0052033, , , , , , , , , , , , , , , , , , , , , , , , , , , , 
17.5536346, 0.0800641, , , , , , , 17.5536346, -0.0109102, , , , , , , 17.5536346, -0.0099031, , , , , , , 17.5536346, -0.0082246, , , , , , , , , , , , , , , , , , , , , , , , , , , , 
17.5541538, 0.079057, , , , , , , 17.5541538, -0.011078, , , , , , , 17.5541538, -0.0085603, , , , , , , 17.5541538, -0.0087282, , , , , , , , , , , , , , , , , , , , , , , , , , , , 
17.5546731, 0.079057, , , , , , , 17.5546731, -0.0092317, , , , , , , 17.5546731, -0.0078889, , , , , , , 17.5546731, -0.008896, , , , , , , , , , , , , , , , , , , , , , , , , , , , 
17.5551923, 0.0797284, , , , , , , 17.5551923, -0.0078889, , , , , , , 17.5551923, -0.0092317, , , , , , , 17.5551923, -0.0105745, , , , , , , , , , , , , , , , , , , , , , , , , , , , 
17.5557115, 0.0797284, , , , , , , 17.5557115, -0.0075532, , , , , , , 17.5557115, -0.0105745, , , , , , , 17.5557115, -0.0102388, , , , , , , , , , , , , , , , , , , , , , , , , , , , 
17.5562308, 0.0755322, , , , , , , 17.5562308, -0.0097353, , , , , , , 17.5562308, -0.0102388, , , , , , , 17.5562308, -0.0075532, , , , , , , , , , , , , , , , , , , , , , , , , , , , 
17.55675, 0.0663005, , , , , , , 17.55675, -0.0109102, , , , , , , 17.55675, -0.0102388, , , , , , , 17.55675, -0.0001678, , , , , , , , , , , , , , , , , , , , , , , , , , , , 
17.5572692, 0.0599222, , , , , , , 17.5572692, -0.0097353, , , , , , , 17.5572692, -0.0092317, , , , , , , 17.5572692, 0.0068818, , , , , , , , , , , , , , , , , , , , , , , , , , , , 
17.5577885, 0.0602579, , , , , , , 17.5577885, -0.0112459, , , , , , , 17.5577885, -0.0082246, , , , , , , 17.5577885, 0.0105745, , , , , , , , , , , , , , , , , , , , , , , , , , , , 
17.5583077, 0.0532082, , , , , , , 17.5583077, -0.012253, , , , , , , 17.5583077, -0.008896, , , , , , , 17.5583077, 0.0171206, , , , , , , , , , , , , , , , , , , , , , , , , , , , 
17.5588269, 0.0414588, , , , , , , 17.5588269, -0.0109102, , , , , , , 17.5588269, -0.0109102, , , , , , , 17.5588269, 0.0270237, , , , , , , , , , , , , , , , , , , , , , , , , , , , 
17.5593462, 0.033402, , , , , , , 17.5593462, -0.0102388, , , , , , , 17.5593462, -0.012253, , , , , , , 17.5593462, 0.0340734, , , , , , , , , , , , , , , , , , , , , , , , , , , , 
17.5598654, 0.0307164, , , , , , , 17.5598654, -0.0099031, , , , , , , 17.5598654, -0.0132601, , , , , , , 17.5598654, 0.0344091, , , , , , , , , , , , , , , , , , , , , , , , , , , , 
17.5603846, 0.0253452, , , , , , , 17.5603846, -0.008896, , , , , , , 17.5603846, -0.0115816, , , , , , , 17.5603846, 0.0354162, , , , , , , , , , , , , , , , , , , , , , , , , , , , 
17.5609038, 0.0184634, , , , , , , 17.5609038, -0.0070497, , , , , , , 17.5609038, -0.0085603, , , , , , , 17.5609038, 0.0374304, , , , , , , , , , , , , , , , , , , , , , , , , , , , 
17.5614231, 0.0149386, , , , , , , 17.5614231, -0.0068818, , , , , , , 17.5614231, -0.0065461, , , , , , , 17.5614231, 0.0431373, , , , , , , , , , , , , , , , , , , , , , , , , , , , 
17.5619423, 0.0105745, , , , , , , 17.5619423, -0.0090639, , , , , , , 17.5619423, -0.005539, , , , , , , 17.5619423, 0.0485084, , , , , , , , , , , , , , , , , , , , , , , , , , , , 
17.5624615, 0.0062104, , , , , , , 17.5624615, -0.0092317, , , , , , , 17.5624615, -0.0035248, , , , , , , 17.5624615, 0.0464942, , , , , , , , , , , , , , , , , , , , , , , , , , , , 
17.5629808, 0.0065461, , , , , , , 17.5629808, -0.0083925, , , , , , , 17.5629808, -0.0018463, , , , , , , 17.5629808, 0.0397803, , , , , , , , , , , , , , , , , , , , , , , , , , , , 
17.5635, 0.0099031, , , , , , , 17.5635, -0.0078889, , , , , , , 17.5635, -0.0031891, , , , , , , 17.5635, 0.0327306, , , , , , , , , , , , , , , , , , , , , , , , , , , , 
17.5640192, 0.011078, , , , , , , 17.5640192, -0.0075532, , , , , , , 17.5640192, -0.0052033, , , , , , , 17.5640192, 0.0305486, , , , , , , , , , , , , , , , , , , , , , , , , , , , 
17.5645385, 0.0082246, , , , , , , 17.5645385, -0.0063783, , , , , , , 17.5645385, -0.0057069, , , , , , , 17.5645385, 0.030045, , , , , , , , , , , , , , , , , , , , , , , , , , , , 
17.5650577, 0.0125887, , , , , , , 17.5650577, -0.0057069, , , , , , , 17.5650577, -0.0065461, , , , , , , 17.5650577, 0.0260166, , , , , , , , , , , , , , , , , , , , , , , , , , , , 
17.5655769, 0.018967, , , , , , , 17.5655769, -0.0041962, , , , , , , 17.5655769, -0.0065461, , , , , , , 17.5655769, 0.0199741, , , , , , , , , , , , , , , , , , , , , , , , , , , , 
17.5660962, 0.0176242, , , , , , , 17.5660962, -0.0043641, , , , , , , 17.5660962, -0.0050355, , , , , , , 17.5660962, 0.0166171, , , , , , , , , , , , , , , , , , , , , , , , , , , , 
17.5666154, 0.0142672, , , , , , , 17.5666154, -0.0063783, , , , , , , 17.5666154, -0.0062104, , , , , , , 17.5666154, 0.0152743, , , , , , , , , , , , , , , , , , , , , , , , , , , , 
17.5671346, 0.0146029, , , , , , , 17.5671346, -0.0073854, , , , , , , 17.5671346, -0.0075532, , , , , , , 17.5671346, 0.0119173, , , , , , , , , , , , , , , , , , , , , , , , , , , , 
17.5676538, 0.0105745, , , , , , , 17.5676538, -0.0041962, , , , , , , 17.5676538, -0.0082246, , , , , , , 17.5676538, 0.0090639, , , , , , , , , , , , , , , , , , , , , , , , , , , , 
17.5681731, 0.0085603, , , , , , , 17.5681731, -0.0031891, , , , , , , 17.5681731, -0.008896, , , , , , , 17.5681731, 0.0078889, , , , , , , , , , , , , , , , , , , , , , , , , , , , 
17.5686923, 0.0112459, , , , , , , 17.5686923, -0.0052033, , , , , , , 17.5686923, -0.0099031, , , , , , , 17.5686923, 0.0078889, , , , , , , , , , , , , , , , , , , , , , , , , , , , 
17.5692115, 0.0109102, , , , , , , 17.5692115, -0.0057069, , , , , , , 17.5692115, -0.0099031, , , , , , , 17.5692115, 0.0072175, , , , , , , , , , , , , , , , , , , , , , , , , , , , 
17.5697308, 0.0063783, , , , , , , 17.5697308, -0.0068818, , , , , , , 17.5697308, -0.0075532, , , , , , , 17.5697308, 0.0052033, , , , , , , , , , , , , , , , , , , , , , , , , , , , 
17.57025, 0.0058747, , , , , , , 17.57025, -0.0078889, , , , , , , 17.57025, -0.0048676, , , , , , , 17.57025, 0.0035248, , , , , , , , , , , , , , , , , , , , , , , , , , , , 
17.5707692, 0.0115816, , , , , , , 17.5707692, -0.0072175, , , , , , , 17.5707692, -0.0036927, , , , , , , 17.5707692, 0.0008392, , , , , , , , , , , , , , , , , , , , , , , , , , , , 
17.5712885, 0.01561, , , , , , , 17.5712885, -0.0058747, , , , , , , 17.5712885, -0.0045319, , , , , , , 17.5712885, -0.0001678, , , , , , , , , , , , , , , , , , , , , , , , , , , , 
17.5718077, 0.012253, , , , , , , 17.5718077, -0.0068818, , , , , , , 17.5718077, -0.0068818, , , , , , , 17.5718077, 0.0025177, , , , , , , , , , , , , , , , , , , , , , , , , , , , 
17.5723269, 0.010071, , , , , , , 17.5723269, -0.0097353, , , , , , , 17.5723269, -0.0092317, , , , , , , 17.5723269, 0.0005035, , , , , , , , , , , , , , , , , , , , , , , , , , , , 
17.5728462, 0.0139315, , , , , , , 17.5728462, -0.0115816, , , , , , , 17.5728462, -0.0112459, , , , , , , 17.5728462, -0.0068818, , , , , , , , , , , , , , , , , , , , , , , , , , , , 
17.5733654, 0.0186313, , , , , , , 17.5733654, -0.0112459, , , , , , , 17.5733654, -0.0125887, , , , , , , 17.5733654, -0.0119173, , , , , , , , , , , , , , , , , , , , , , , , , , , , 
17.5738846, 0.0186313, , , , , , , 17.5738846, -0.008896, , , , , , , 17.5738846, -0.0146029, , , , , , , 17.5738846, -0.0124208, , , , , , , , , , , , , , , , , , , , , , , , , , , , 
17.5744038, 0.0149386, , , , , , , 17.5744038, -0.0063783, , , , , , , 17.5744038, -0.0164492, , , , , , , 17.5744038, -0.0149386, , , , , , , , , , , , , , , , , , , , , , , , , , , , 
17.5749231, 0.0092317, , , , , , , 17.5749231, -0.0058747, , , , , , , 17.5749231, -0.0162814, , , , , , , 17.5749231, -0.01561, , , , , , , , , , , , , , , , , , , , , , , , , , , , 
17.5754423, 0.0028534, , , , , , , 17.5754423, -0.0078889, , , , , , , 17.5754423, -0.0142672, , , , , , , 17.5754423, -0.0125887, , , , , , , , , , , , , , , , , , , , , , , , , , , , 
17.5759615, -0.0005035, , , , , , , 17.5759615, -0.0112459, , , , , , , 17.5759615, -0.0119173, , , , , , , 17.5759615, -0.0102388, , , , , , , , , , , , , , , , , , , , , , , , , , , , 
17.5764808, -0.0041962, , , , , , , 17.5764808, -0.0117494, , , , , , , 17.5764808, -0.008896, , , , , , , 17.5764808, -0.0078889, , , , , , , , , , , , , , , , , , , , , , , , , , , , 
17.577, -0.0099031, , , , , , , 17.577, -0.0102388, , , , , , , 17.577, -0.0075532, , , , , , , 17.577, -0.0038605, , , , , , , , , , , , , , , , , , , , , , , , , , , , 
17.5775192, -0.0146029, , , , , , , 17.5775192, -0.008896, , , , , , , 17.5775192, -0.0078889, , , , , , , 17.5775192, 0.0010071, , , , , , , , , , , , , , , , , , , , , , , , , , , , 
17.5780385, -0.0139315, , , , , , , 17.5780385, -0.0068818, , , , , , , 17.5780385, -0.0082246, , , , , , , 17.5780385, 0.0052033, , , , , , , , , , , , , , , , , , , , , , , , , , , , 
17.5785577, -0.0176242, , , , , , , 17.5785577, -0.0057069, , , , , , , 17.5785577, -0.0082246, , , , , , , 17.5785577, 0.0112459, , , , , , , , , , , , , , , , , , , , , , , , , , , , 
17.5790769, -0.0276951, , , , , , , 17.5790769, -0.0048676, , , , , , , 17.5790769, -0.0073854, , , , , , , 17.5790769, 0.0204776, , , , , , , , , , , , , , , , , , , , , , , , , , , , 
17.5795962, -0.0370947, , , , , , , 17.5795962, -0.0045319, , , , , , , 17.5795962, -0.0068818, , , , , , , 17.5795962, 0.0293736, , , , , , , , , , , , , , , , , , , , , , , , , , , , 
17.5801154, -0.0406195, , , , , , , 17.5801154, -0.0072175, , , , , , , 17.5801154, -0.0068818, , , , , , , 17.5801154, 0.0327306, , , , , , , , , , , , , , , , , , , , , , , , , , , , 
17.5806346, -0.0407874, , , , , , , 17.5806346, -0.0085603, , , , , , , 17.5806346, -0.0058747, , , , , , , 17.5806346, 0.0337377, , , , , , , , , , , , , , , , , , , , , , , , , , , , 
17.5811538, -0.0392767, , , , , , , 17.5811538, -0.0075532, , , , , , , 17.5811538, -0.0052033, , , , , , , 17.5811538, 0.0357519, , , , , , , , , , , , , , , , , , , , , , , , , , , , 
17.5816731, -0.0404517, , , , , , , 17.5816731, -0.0068818, , , , , , , 17.5816731, -0.0031891, , , , , , , 17.5816731, 0.0352483, , , , , , , , , , , , , , , , , , , , , , , , , , , , 
17.5821923, -0.0407874, , , , , , , 17.5821923, -0.0068818, , , , , , , 17.5821923, -0.0018463, , , , , , , 17.5821923, 0.0313878, , , , , , , , , , , , , , , , , , , , , , , , , , , , 
17.5827115, -0.0377661, , , , , , , 17.5827115, -0.0068818, , , , , , , 17.5827115, -0.0028534, , , , , , , 17.5827115, 0.0276951, , , , , , , , , , , , , , , , , , , , , , , , , , , , 
17.5832308, -0.0310521, , , , , , , 17.5832308, -0.0063783, , , , , , , 17.5832308, -0.0045319, , , , , , , 17.5832308, 0.0251774, , , , , , , , , , , , , , , , , , , , , , , , , , , , 
17.58375, -0.0253452, , , , , , , 17.58375, -0.0070497, , , , , , , 17.58375, -0.0045319, , , , , , , 17.58375, 0.0226596, , , , , , , , , , , , , , , , , , , , , , , , , , , , 
17.5842692, -0.0209812, , , , , , , 17.5842692, -0.0082246, , , , , , , 17.5842692, -0.0026856, , , , , , , 17.5842692, 0.0209812, , , , , , , , , , , , , , , , , , , , , , , , , , , , 
17.5847885, -0.0135958, , , , , , , 17.5847885, -0.0065461, , , , , , , 17.5847885, -0.0008392, , , , , , , 17.5847885, 0.017792, , , , , , , , , , , , , , , , , , , , , , , , , , , , 
17.5853077, -0.0142672, , , , , , , 17.5853077, -0.0058747, , , , , , , 17.5853077, -0.0041962, , , , , , , 17.5853077, 0.014435, , , , , , , , , , , , , , , , , , , , , , , , , , , , 
17.5858269, -0.018967, , , , , , , 17.5858269, -0.0075532, , , , , , , 17.5858269, -0.0052033, , , , , , , 17.5858269, 0.0112459, , , , , , , , , , , , , , , , , , , , , , , , , , , , 
17.5863462, -0.0139315, , , , , , , 17.5863462, -0.0078889, , , , , , , 17.5863462, -0.0043641, , , , , , , 17.5863462, 0.0092317, , , , , , , , , , , , , , , , , , , , , , , , , , , , 
17.5868654, -0.0010071, , , , , , , 17.5868654, -0.0082246, , , , , , , 17.5868654, -0.0045319, , , , , , , 17.5868654, 0.0065461, , , , , , , , , , , , , , , , , , , , , , , , , , , , 
17.5873846, 0.0062104, , , , , , , 17.5873846, -0.0082246, , , , , , , 17.5873846, -0.005539, , , , , , , 17.5873846, 0.0038605, , , , , , , , , , , , , , , , , , , , , , , , , , , , 
17.5879038, 0.005539, , , , , , , 17.5879038, -0.0085603, , , , , , , 17.5879038, -0.0038605, , , , , , , 17.5879038, 0.0045319, , , , , , , , , , , , , , , , , , , , , , , , , , , , 
17.5884231, 0.0075532, , , , , , , 17.5884231, -0.0092317, , , , , , , 17.5884231, -0.0028534, , , , , , , 17.5884231, 0.005539, , , , , , , , , , , , , , , , , , , , , , , , , , , , 
17.5889423, 0.0125887, , , , , , , 17.5889423, -0.0095674, , , , , , , 17.5889423, -0.0038605, , , , , , , 17.5889423, 0.0048676, , , , , , , , , , , , , , , , , , , , , , , , , , , , 
17.5894615, 0.0135958, , , , , , , 17.5894615, -0.0095674, , , , , , , 17.5894615, -0.0050355, , , , , , , 17.5894615, 0.0057069, , , , , , , , , , , , , , , , , , , , , , , , , , , , 
17.5899808, 0.0102388, , , , , , , 17.5899808, -0.008896, , , , , , , 17.5899808, -0.0060426, , , , , , , 17.5899808, 0.0065461, , , , , , , , , , , , , , , , , , , , , , , , , , , , 
17.5905, 0.0085603, , , , , , , 17.5905, -0.0092317, , , , , , , 17.5905, -0.005539, , , , , , , 17.5905, 0.0062104, , , , , , , , , , , , , , , , , , , , , , , , , , , , 
17.5910192, 0.0062104, , , , , , , 17.5910192, -0.0087282, , , , , , , 17.5910192, -0.005539, , , , , , , 17.5910192, 0.0058747, , , , , , , , , , , , , , , , , , , , , , , , , , , , 
17.5915385, 0.0011749, , , , , , , 17.5915385, -0.0082246, , , , , , , 17.5915385, -0.0065461, , , , , , , 17.5915385, 0.0070497, , , , , , , , , , , , , , , , , , , , , , , , , , , , 
17.5920577, 0.0010071, , , , , , , 17.5920577, -0.0097353, , , , , , , 17.5920577, -0.0092317, , , , , , , 17.5920577, 0.0062104, , , , , , , , , , , , , , , , , , , , , , , , , , , , 
17.5925769, 0.0058747, , , , , , , 17.5925769, -0.0102388, , , , , , , 17.5925769, -0.008896, , , , , , , 17.5925769, 0.0015106, , , , , , , , , , , , , , , , , , , , , , , , , , , , 
17.5930962, 0.012253, , , , , , , 17.5930962, -0.0075532, , , , , , , 17.5930962, -0.0078889, , , , , , , 17.5930962, -0.0035248, , , , , , , , , , , , , , , , , , , , , , , , , , , , 
17.5936154, 0.0172885, , , , , , , 17.5936154, -0.0043641, , , , , , , 17.5936154, -0.0095674, , , , , , , 17.5936154, -0.0057069, , , , , , , , , , , , , , , , , , , , , , , , , , , , 
17.5941346, 0.0223239, , , , , , , 17.5941346, -0.0041962, , , , , , , 17.5941346, -0.0152743, , , , , , , 17.5941346, -0.0062104, , , , , , , , , , , , , , , , , , , , , , , , , , , , 
17.5946538, 0.0273594, , , , , , , 17.5946538, -0.0048676, , , , , , , 17.5946538, -0.0176242, , , , , , , 17.5946538, -0.0075532, , , , , , , , , , , , , , , , , , , , , , , , , , , , 
17.5951731, 0.0290379, , , , , , , 17.5951731, -0.0048676, , , , , , , 17.5951731, -0.0159457, , , , , , , 17.5951731, -0.0078889, , , , , , , , , , , , , , , , , , , , , , , , , , , , 
17.5956923, 0.0246738, , , , , , , 17.5956923, -0.0057069, , , , , , , 17.5956923, -0.0117494, , , , , , , 17.5956923, -0.005539, , , , , , , , , , , , , , , , , , , , , , , , , , , , 
17.5962115, 0.0166171, , , , , , , 17.5962115, -0.0078889, , , , , , , 17.5962115, -0.0092317, , , , , , , 17.5962115, 0.0001678, , , , , , , , , , , , , , , , , , , , , , , , , , , , 
17.5967308, 0.0092317, , , , , , , 17.5967308, -0.008896, , , , , , , 17.5967308, -0.0085603, , , , , , , 17.5967308, 0.0068818, , , , , , , , , , , , , , , , , , , , , , , , , , , , 
17.59725, 0.0038605, , , , , , , 17.59725, -0.0078889, , , , , , , 17.59725, -0.0095674, , , , , , , 17.59725, 0.0099031, , , , , , , , , , , , , , , , , , , , , , , , , , , , 
17.5977692, 0.002182, , , , , , , 17.5977692, -0.0050355, , , , , , , 17.5977692, -0.0092317, , , , , , , 17.5977692, 0.0119173, , , , , , , , , , , , , , , , , , , , , , , , , , , , 
17.5982885, 0.0025177, , , , , , , 17.5982885, -0.0028534, , , , , , , 17.5982885, -0.0109102, , , , , , , 17.5982885, 0.0164492, , , , , , , , , , , , , , , , , , , , , , , , , , , , 
17.5988077, -0.0030213, , , , , , , 17.5988077, -0.0038605, , , , , , , 17.5988077, -0.012253, , , , , , , 17.5988077, 0.0218204, , , , , , , , , , , , , , , , , , , , , , , , , , , , 
17.5993269, -0.010071, , , , , , , 17.5993269, -0.0062104, , , , , , , 17.5993269, -0.011078, , , , , , , 17.5993269, 0.0287022, , , , , , , , , , , , , , , , , , , , , , , , , , , , 
17.5998462, -0.0119173, , , , , , , 17.5998462, -0.0082246, , , , , , , 17.5998462, -0.0104067, , , , , , , 17.5998462, 0.0330663, , , , , , , , , , , , , , , , , , , , , , , , , , , , 
17.6003654, -0.0119173, , , , , , , 17.6003654, -0.0099031, , , , , , , 17.6003654, -0.0105745, , , , , , , 17.6003654, 0.0344091, , , , , , , , , , , , , , , , , , , , , , , , , , , , 
17.6008846, -0.01561, , , , , , , 17.6008846, -0.0102388, , , , , , , 17.6008846, -0.0082246, , , , , , , 17.6008846, 0.0347448, , , , , , , , , , , , , , , , , , , , , , , , , , , , 
17.6014038, -0.0172885, , , , , , , 17.6014038, -0.0099031, , , , , , , 17.6014038, -0.005539, , , , , , , 17.6014038, 0.036759, , , , , , , , , , , , , , , , , , , , , , , , , , , , 
17.6019231, -0.0159457, , , , , , , 17.6019231, -0.0095674, , , , , , , 17.6019231, -0.0036927, , , , , , , 17.6019231, 0.0391089, , , , , , , , , , , , , , , , , , , , , , , , , , , , 
17.6024423, -0.0139315, , , , , , , 17.6024423, -0.0092317, , , , , , , 17.6024423, -0.0035248, , , , , , , 17.6024423, 0.0370947, , , , , , , , , , , , , , , , , , , , , , , , , , , , 
17.6029615, -0.008896, , , , , , , 17.6029615, -0.0090639, , , , , , , 17.6029615, -0.0028534, , , , , , , 17.6029615, 0.0320592, , , , , , , , , , , , , , , , , , , , , , , , , , , , 
17.6034808, -0.0016785, , , , , , , 17.6034808, -0.0102388, , , , , , , 17.6034808, -0.0030213, , , , , , , 17.6034808, 0.026688, , , , , , , , , , , , , , , , , , , , , , , , , , , , 
17.604, 0.0065461, , , , , , , 17.604, -0.008896, , , , , , , 17.604, -0.0045319, , , , , , , 17.604, 0.021149, , , , , , , , , , , , , , , , , , , , , , , , , , , , 
17.6045192, 0.0125887, , , , , , , 17.6045192, -0.0072175, , , , , , , 17.6045192, -0.0048676, , , , , , , 17.6045192, 0.0176242, , , , , , , , , , , , , , , , , , , , , , , , , , , , 
17.6050385, 0.0159457, , , , , , , 17.6050385, -0.0072175, , , , , , , 17.6050385, -0.0031891, , , , , , , 17.6050385, 0.0166171, , , , , , , , , , , , , , , , , , , , , , , , , , , , 
17.6055577, 0.0199741, , , , , , , 17.6055577, -0.0075532, , , , , , , 17.6055577, -0.0041962, , , , , , , 17.6055577, 0.0159457, , , , , , , , , , , , , , , , , , , , , , , , , , , , 
17.6060769, 0.0229953, , , , , , , 17.6060769, -0.0075532, , , , , , , 17.6060769, -0.0060426, , , , , , , 17.6060769, 0.0125887, , , , , , , , , , , , , , , , , , , , , , , , , , , , 
17.6065962, 0.0229953, , , , , , , 17.6065962, -0.0092317, , , , , , , 17.6065962, -0.0065461, , , , , , , 17.6065962, 0.0078889, , , , , , , , , , , , , , , , , , , , , , , , , , , , 
17.6071154, 0.0280308, , , , , , , 17.6071154, -0.0117494, , , , , , , 17.6071154, -0.0073854, , , , , , , 17.6071154, 0.0052033, , , , , , , , , , , , , , , , , , , , , , , , , , , , 
17.6076346, 0.0313878, , , , , , , 17.6076346, -0.0129244, , , , , , , 17.6076346, -0.0090639, , , , , , , 17.6076346, 0.0073854, , , , , , , , , , , , , , , , , , , , , , , , , , , , 
17.6081538, 0.0297093, , , , , , , 17.6081538, -0.0119173, , , , , , , 17.6081538, -0.0095674, , , , , , , 17.6081538, 0.0075532, , , , , , , , , , , , , , , , , , , , , , , , , , , , 
17.6086731, 0.0280308, , , , , , , 17.6086731, -0.0102388, , , , , , , 17.6086731, -0.0082246, , , , , , , 17.6086731, 0.0083925, , , , , , , , , , , , , , , , , , , , , , , , , , , , 
17.6091923, 0.0271916, , , , , , , 17.6091923, -0.0095674, , , , , , , 17.6091923, -0.0057069, , , , , , , 17.6091923, 0.0115816, , , , , , , , , , , , , , , , , , , , , , , , , , , , 
17.6097115, 0.0250095, , , , , , , 17.6097115, -0.0102388, , , , , , , 17.6097115, -0.0052033, , , , , , , 17.6097115, 0.0132601, , , , , , , , , , , , , , , , , , , , , , , , , , , , 
17.6102308, 0.0260166, , , , , , , 17.6102308, -0.0092317, , , , , , , 17.6102308, -0.0082246, , , , , , , 17.6102308, 0.0142672, , , , , , , , , , , , , , , , , , , , , , , , , , , , 
17.61075, 0.0283665, , , , , , , 17.61075, -0.0078889, , , , , , , 17.61075, -0.0090639, , , , , , , 17.61075, 0.0159457, , , , , , , , , , , , , , , , , , , , , , , , , , , , 
17.6112692, 0.0292058, , , , , , , 17.6112692, -0.0075532, , , , , , , 17.6112692, -0.0082246, , , , , , , 17.6112692, 0.0172885, , , , , , , , , , , , , , , , , , , , , , , , , , , , 
17.6117885, 0.0307164, , , , , , , 17.6117885, -0.0065461, , , , , , , 17.6117885, -0.0075532, , , , , , , 17.6117885, 0.0129244, , , , , , , , , , , , , , , , , , , , , , , , , , , , 
17.6123077, 0.0307164, , , , , , , 17.6123077, -0.0058747, , , , , , , 17.6123077, -0.0075532, , , , , , , 17.6123077, 0.0048676, , , , , , , , , , , , , , , , , , , , , , , , , , , , 
17.6128269, 0.0310521, , , , , , , 17.6128269, -0.0068818, , , , , , , 17.6128269, -0.0075532, , , , , , , 17.6128269, -0.0016785, , , , , , , , , , , , , , , , , , , , , , , , , , , , 
17.6133462, 0.0293736, , , , , , , 17.6133462, -0.0077211, , , , , , , 17.6133462, -0.0085603, , , , , , , 17.6133462, -0.005539, , , , , , , , , , , , , , , , , , , , , , , , , , , , 
17.6138654, 0.0273594, , , , , , , 17.6138654, -0.0082246, , , , , , , 17.6138654, -0.0070497, , , , , , , 17.6138654, -0.0085603, , , , , , , , , , , , , , , , , , , , , , , , , , , , 
17.6143846, 0.0307164, , , , , , , 17.6143846, -0.0090639, , , , , , , 17.6143846, -0.0070497, , , , , , , 17.6143846, -0.0115816, , , , , , , , , , , , , , , , , , , , , , , , , , , , 
17.6149038, 0.036759, , , , , , , 17.6149038, -0.0090639, , , , , , , 17.6149038, -0.0077211, , , , , , , 17.6149038, -0.010071, , , , , , , , , , , , , , , , , , , , , , , , , , , , 
17.6154231, 0.0428016, , , , , , , 17.6154231, -0.008896, , , , , , , 17.6154231, -0.008896, , , , , , , 17.6154231, -0.0062104, , , , , , , , , , , , , , , , , , , , , , , , , , , , 
17.6159423, 0.0438087, , , , , , , 17.6159423, -0.0077211, , , , , , , 17.6159423, -0.012253, , , , , , , 17.6159423, -0.0028534, , , , , , , , , , , , , , , , , , , , , , , , , , , , 
17.6164615, 0.0357519, , , , , , , 17.6164615, -0.005539, , , , , , , 17.6164615, -0.0130922, , , , , , , 17.6164615, 0.0020142, , , , , , , , , , , , , , , , , , , , , , , , , , , , 
17.6169808, 0.0260166, , , , , , , 17.6169808, -0.0045319, , , , , , , 17.6169808, -0.0115816, , , , , , , 17.6169808, 0.0068818, , , , , , , , , , , , , , , , , , , , , , , , , , , , 
17.6175, 0.0221561, , , , , , , 17.6175, -0.0035248, , , , , , , 17.6175, -0.0095674, , , , , , , 17.6175, 0.0097353, , , , , , , , , , , , , , , , , , , , , , , , , , , , 
17.6180192, 0.0199741, , , , , , , 17.6180192, -0.0048676, , , , , , , 17.6180192, -0.0087282, , , , , , , 17.6180192, 0.0119173, , , , , , , , , , , , , , , , , , , , , , , , , , , , 
17.6185385, 0.0132601, , , , , , , 17.6185385, -0.0052033, , , , , , , 17.6185385, -0.0075532, , , , , , , 17.6185385, 0.0179599, , , , , , , , , , , , , , , , , , , , , , , , , , , , 
17.6190577, 0.005539, , , , , , , 17.6190577, -0.0028534, , , , , , , 17.6190577, -0.0070497, , , , , , , 17.6190577, 0.0251774, , , , , , , , , , , , , , , , , , , , , , , , , , , , 
17.6195769, 0.0028534, , , , , , , 17.6195769, -0.002182, , , , , , , 17.6195769, -0.0072175, , , , , , , 17.6195769, 0.030045, , , , , , , , , , , , , , , , , , , , , , , , , , , , 
17.6200962, 0.0010071, , , , , , , 17.6200962, -0.0041962, , , , , , , 17.6200962, -0.0072175, , , , , , , 17.6200962, 0.0344091, , , , , , , , , , , , , , , , , , , , , , , , , , , , 
17.6206154, -0.0048676, , , , , , , 17.6206154, -0.0052033, , , , , , , 17.6206154, -0.0072175, , , , , , , 17.6206154, 0.0369268, , , , , , , , , , , , , , , , , , , , , , , , , , , , 
17.6211346, -0.0082246, , , , , , , 17.6211346, -0.0063783, , , , , , , 17.6211346, -0.0058747, , , , , , , 17.6211346, 0.0391089, , , , , , , , , , , , , , , , , , , , , , , , , , , , 
17.6216538, -0.0078889, , , , , , , 17.6216538, -0.0075532, , , , , , , 17.6216538, -0.0038605, , , , , , , 17.6216538, 0.040116, , , , , , , , , , , , , , , , , , , , , , , , , , , , 
17.6221731, -0.0068818, , , , , , , 17.6221731, -0.0082246, , , , , , , 17.6221731, -0.0035248, , , , , , , 17.6221731, 0.0387732, , , , , , , , , , , , , , , , , , , , , , , , , , , , 
17.6226923, -0.0031891, , , , , , , 17.6226923, -0.0078889, , , , , , , 17.6226923, -0.0062104, , , , , , , 17.6226923, 0.0303807, , , , , , , , , , , , , , , , , , , , , , , , , , , , 
17.6232115, 0.0025177, , , , , , , 17.6232115, -0.0095674, , , , , , , 17.6232115, -0.0083925, , , , , , , 17.6232115, 0.0216526, , , , , , , , , , , , , , , , , , , , , , , , , , , , 
17.6237308, 0.008896, , , , , , , 17.6237308, -0.0117494, , , , , , , 17.6237308, -0.0075532, , , , , , , 17.6237308, 0.017792, , , , , , , , , , , , , , , , , , , , , , , , , , , , 
17.62425, 0.0109102, , , , , , , 17.62425, -0.012253, , , , , , , 17.62425, -0.0058747, , , , , , , 17.62425, 0.0166171, , , , , , , , , , , , , , , , , , , , , , , , , , , , 
17.6247692, 0.0104067, , , , , , , 17.6247692, -0.0115816, , , , , , , 17.6247692, -0.0068818, , , , , , , 17.6247692, 0.0164492, , , , , , , , , , , , , , , , , , , , , , , , , , , , 
17.6252885, 0.0092317, , , , , , , 17.6252885, -0.0109102, , , , , , , 17.6252885, -0.0095674, , , , , , , 17.6252885, 0.0142672, , , , , , , , , , , , , , , , , , , , , , , , , , , , 
17.6258077, 0.0112459, , , , , , , 17.6258077, -0.0092317, , , , , , , 17.6258077, -0.0117494, , , , , , , 17.6258077, 0.0119173, , , , , , , , , , , , , , , , , , , , , , , , , , , , 
17.6263269, 0.0171206, , , , , , , 17.6263269, -0.0085603, , , , , , , 17.6263269, -0.0135958, , , , , , , 17.6263269, 0.0085603, , , , , , , , , , , , , , , , , , , , , , , , , , , , 
17.6268462, 0.0172885, , , , , , , 17.6268462, -0.0078889, , , , , , , 17.6268462, -0.0140993, , , , , , , 17.6268462, 0.0058747, , , , , , , , , , , , , , , , , , , , , , , , , , , , 
17.6273654, 0.0159457, , , , , , , 17.6273654, -0.0075532, , , , , , , 17.6273654, -0.0109102, , , , , , , 17.6273654, 0.0062104, , , , , , , , , , , , , , , , , , , , , , , , , , , , 
17.6278846, 0.0186313, , , , , , , 17.6278846, -0.0068818, , , , , , , 17.6278846, -0.0072175, , , , , , , 17.6278846, 0.0077211, , , , , , , , , , , , , , , , , , , , , , , , , , , , 
17.6284038, 0.0186313, , , , , , , 17.6284038, -0.0062104, , , , , , , 17.6284038, -0.0068818, , , , , , , 17.6284038, 0.0083925, , , , , , , , , , , , , , , , , , , , , , , , , , , , 
17.6289231, 0.0159457, , , , , , , 17.6289231, -0.0072175, , , , , , , 17.6289231, -0.0102388, , , , , , , 17.6289231, 0.0099031, , , , , , , , , , , , , , , , , , , , , , , , , , , , 
17.6294423, 0.0135958, , , , , , , 17.6294423, -0.0085603, , , , , , , 17.6294423, -0.0095674, , , , , , , 17.6294423, 0.0109102, , , , , , , , , , , , , , , , , , , , , , , , , , , , 
17.6299615, 0.0152743, , , , , , , 17.6299615, -0.0077211, , , , , , , 17.6299615, -0.0065461, , , , , , , 17.6299615, 0.0125887, , , , , , , , , , , , , , , , , , , , , , , , , , , , 
17.6304808, 0.01561, , , , , , , 17.6304808, -0.0068818, , , , , , , 17.6304808, -0.0048676, , , , , , , 17.6304808, 0.0146029, , , , , , , , , , , , , , , , , , , , , , , , , , , , 
17.631, 0.0181277, , , , , , , 17.631, -0.0087282, , , , , , , 17.631, -0.0048676, , , , , , , 17.631, 0.0159457, , , , , , , , , , , , , , , , , , , , , , , , , , , , 
17.6315192, 0.0216526, , , , , , , 17.6315192, -0.0109102, , , , , , , 17.6315192, -0.005539, , , , , , , 17.6315192, 0.0152743, , , , , , , , , , , , , , , , , , , , , , , , , , , , 
17.6320385, 0.0246738, , , , , , , 17.6320385, -0.0109102, , , , , , , 17.6320385, -0.0063783, , , , , , , 17.6320385, 0.0109102, , , , , , , , , , , , , , , , , , , , , , , , , , , , 
17.6325577, 0.0293736, , , , , , , 17.6325577, -0.0085603, , , , , , , 17.6325577, -0.0082246, , , , , , , 17.6325577, 0.0008392, , , , , , , , , , , , , , , , , , , , , , , , , , , , 
17.6330769, 0.0330663, , , , , , , 17.6330769, -0.0078889, , , , , , , 17.6330769, -0.0085603, , , , , , , 17.6330769, -0.0082246, , , , , , , , , , , , , , , , , , , , , , , , , , , , 
17.6335962, 0.0339055, , , , , , , 17.6335962, -0.0072175, , , , , , , 17.6335962, -0.0072175, , , , , , , 17.6335962, -0.0115816, , , , , , , , , , , , , , , , , , , , , , , , , , , , 
17.6341154, 0.0350805, , , , , , , 17.6341154, -0.0072175, , , , , , , 17.6341154, -0.0070497, , , , , , , 17.6341154, -0.0109102, , , , , , , , , , , , , , , , , , , , , , , , , , , , 
17.6346346, 0.0354162, , , , , , , 17.6346346, -0.0072175, , , , , , , 17.6346346, -0.0112459, , , , , , , 17.6346346, -0.008896, , , , , , , , , , , , , , , , , , , , , , , , , , , , 
17.6351538, 0.0340734, , , , , , , 17.6351538, -0.0078889, , , , , , , 17.6351538, -0.0125887, , , , , , , 17.6351538, -0.008896, , , , , , , , , , , , , , , , , , , , , , , , , , , , 
17.6356731, 0.0320592, , , , , , , 17.6356731, -0.008896, , , , , , , 17.6356731, -0.0109102, , , , , , , 17.6356731, -0.0080568, , , , , , , , , , , , , , , , , , , , , , , , , , , , 
17.6361923, 0.0280308, , , , , , , 17.6361923, -0.008896, , , , , , , 17.6361923, -0.0109102, , , , , , , 17.6361923, -0.0048676, , , , , , , , , , , , , , , , , , , , , , , , , , , , 
17.6367115, 0.0260166, , , , , , , 17.6367115, -0.0075532, , , , , , , 17.6367115, -0.0125887, , , , , , , 17.6367115, 0.0001678, , , , , , , , , , , , , , , , , , , , , , , , , , , , 
17.6372308, 0.018967, , , , , , , 17.6372308, -0.005539, , , , , , , 17.6372308, -0.0129244, , , , , , , 17.6372308, 0.0062104, , , , , , , , , , , , , , , , , , , , , , , , , , , , 
17.63775, 0.0065461, , , , , , , 17.63775, -0.0031891, , , , , , , 17.63775, -0.0107424, , , , , , , 17.63775, 0.011078, , , , , , , , , , , , , , , , , , , , , , , , , , , , 
17.6382692, 0.0001678, , , , , , , 17.6382692, -0.0038605, , , , , , , 17.6382692, -0.0082246, , , , , , , 17.6382692, 0.0159457, , , , , , , , , , , , , , , , , , , , , , , , , , , , 
17.6387885, -0.0011749, , , , , , , 17.6387885, -0.0038605, , , , , , , 17.6387885, -0.0070497, , , , , , , 17.6387885, 0.0206455, , , , , , , , , , , , , , , , , , , , , , , , , , , , 
17.6393077, -0.011078, , , , , , , 17.6393077, -0.0057069, , , , , , , 17.6393077, -0.0068818, , , , , , , 17.6393077, 0.026688, , , , , , , , , , , , , , , , , , , , , , , , , , , , 
17.6398269, -0.0159457, , , , , , , 17.6398269, -0.0072175, , , , , , , 17.6398269, -0.0062104, , , , , , , 17.6398269, 0.0325628, , , , , , , , , , , , , , , , , , , , , , , , , , , , 
17.6403462, -0.0142672, , , , , , , 17.6403462, -0.0068818, , , , , , , 17.6403462, -0.0041962, , , , , , , 17.6403462, 0.036759, , , , , , , , , , , , , , , , , , , , , , , , , , , , 
17.6408654, -0.0137636, , , , , , , 17.6408654, -0.0077211, , , , , , , 17.6408654, -0.0006714, , , , , , , 17.6408654, 0.0399481, , , , , , , , , , , , , , , , , , , , , , , , , , , , 
17.6413846, -0.0149386, , , , , , , 17.6413846, -0.0082246, , , , , , , 17.6413846, 0.0018463, , , , , , , 17.6413846, 0.0399481, , , , , , , , , , , , , , , , , , , , , , , , , , , , 
17.6419038, -0.0166171, , , , , , , 17.6419038, -0.0075532, , , , , , , 17.6419038, 0.0011749, , , , , , , 17.6419038, 0.0360876, , , , , , , , , , , , , , , , , , , , , , , , , , , , 
17.6424231, -0.0198062, , , , , , , 17.6424231, -0.0075532, , , , , , , 17.6424231, -0.0005035, , , , , , , 17.6424231, 0.0313878, , , , , , , , , , , , , , , , , , , , , , , , , , , , 
17.6429423, -0.0179599, , , , , , , 17.6429423, -0.0090639, , , , , , , 17.6429423, -0.0011749, , , , , , , 17.6429423, 0.0256809, , , , , , , , , , , , , , , , , , , , , , , , , , , , 
17.6434615, -0.0119173, , , , , , , 17.6434615, -0.0109102, , , , , , , 17.6434615, -0.0028534, , , , , , , 17.6434615, 0.0209812, , , , , , , , , , , , , , , , , , , , , , , , , , , , 
17.6439808, -0.0063783, , , , , , , 17.6439808, -0.0104067, , , , , , , 17.6439808, -0.0035248, , , , , , , 17.6439808, 0.017792, , , , , , , , , , , , , , , , , , , , , , , , , , , , 
17.6445, -0.0005035, , , , , , , 17.6445, -0.0102388, , , , , , , 17.6445, -0.0016785, , , , , , , 17.6445, 0.0149386, , , , , , , , , , , , , , , , , , , , , , , , , , , , 
17.6450192, 0.0052033, , , , , , , 17.6450192, -0.0119173, , , , , , , 17.6450192, -0.0028534, , , , , , , 17.6450192, 0.0132601, , , , , , , , , , , , , , , , , , , , , , , , , , , , 
17.6455385, 0.0085603, , , , , , , 17.6455385, -0.0115816, , , , , , , 17.6455385, -0.0048676, , , , , , , 17.6455385, 0.0132601, , , , , , , , , , , , , , , , , , , , , , , , , , , , 
17.6460577, 0.0105745, , , , , , , 17.6460577, -0.0085603, , , , , , , 17.6460577, -0.0070497, , , , , , , 17.6460577, 0.0139315, , , , , , , , , , , , , , , , , , , , , , , , , , , , 
17.6465769, 0.0112459, , , , , , , 17.6465769, -0.005539, , , , , , , 17.6465769, -0.0085603, , , , , , , 17.6465769, 0.0130922, , , , , , , , , , , , , , , , , , , , , , , , , , , , 
17.6470962, 0.0109102, , , , , , , 17.6470962, -0.0041962, , , , , , , 17.6470962, -0.008896, , , , , , , 17.6470962, 0.0119173, , , , , , , , , , , , , , , , , , , , , , , , , , , , 
17.6476154, 0.0146029, , , , , , , 17.6476154, -0.0052033, , , , , , , 17.6476154, -0.0097353, , , , , , , 17.6476154, 0.0105745, , , , , , , , , , , , , , , , , , , , , , , , , , , , 
17.6481346, 0.0186313, , , , , , , 17.6481346, -0.0070497, , , , , , , 17.6481346, -0.0085603, , , , , , , 17.6481346, 0.0099031, , , , , , , , , , , , , , , , , , , , , , , , , , , , 
17.6486538, 0.0191348, , , , , , , 17.6486538, -0.0085603, , , , , , , 17.6486538, -0.0075532, , , , , , , 17.6486538, 0.0104067, , , , , , , , , , , , , , , , , , , , , , , , , , , , 
17.6491731, 0.0193027, , , , , , , 17.6491731, -0.0082246, , , , , , , 17.6491731, -0.0062104, , , , , , , 17.6491731, 0.0109102, , , , , , , , , , , , , , , , , , , , , , , , , , , , 
17.6496923, 0.0198062, , , , , , , 17.6496923, -0.0077211, , , , , , , 17.6496923, -0.0072175, , , , , , , 17.6496923, 0.0117494, , , , , , , , , , , , , , , , , , , , , , , , , , , , 
17.6502115, 0.0172885, , , , , , , 17.6502115, -0.0083925, , , , , , , 17.6502115, -0.0095674, , , , , , , 17.6502115, 0.0097353, , , , , , , , , , , , , , , , , , , , , , , , , , , , 
17.6507308, 0.0179599, , , , , , , 17.6507308, -0.008896, , , , , , , 17.6507308, -0.0105745, , , , , , , 17.6507308, 0.0072175, , , , , , , , , , , , , , , , , , , , , , , , , , , , 
17.65125, 0.0223239, , , , , , , 17.65125, -0.0078889, , , , , , , 17.65125, -0.0095674, , , , , , , 17.65125, 0.0065461, , , , , , , , , , , , , , , , , , , , , , , , , , , , 
17.6517692, 0.0270237, , , , , , , 17.6517692, -0.0068818, , , , , , , 17.6517692, -0.008896, , , , , , , 17.6517692, 0.0075532, , , , , , , , , , , , , , , , , , , , , , , , , , , , 
17.6522885, 0.0305486, , , , , , , 17.6522885, -0.0058747, , , , , , , 17.6522885, -0.008896, , , , , , , 17.6522885, 0.0038605, , , , , , , , , , , , , , , , , , , , , , , , , , , , 
17.6528077, 0.0280308, , , , , , , 17.6528077, -0.0062104, , , , , , , 17.6528077, -0.0114137, , , , , , , 17.6528077, -0.0041962, , , , , , , , , , , , , , , , , , , , , , , , , , , , 
17.6533269, 0.0246738, , , , , , , 17.6533269, -0.0065461, , , , , , , 17.6533269, -0.0129244, , , , , , , 17.6533269, -0.0082246, , , , , , , , , , , , , , , , , , , , , , , , , , , , 
17.6538462, 0.0229953, , , , , , , 17.6538462, -0.0046998, , , , , , , 17.6538462, -0.012253, , , , , , , 17.6538462, -0.0083925, , , , , , , , , , , , , , , , , , , , , , , , , , , , 
17.6543654, 0.0246738, , , , , , , 17.6543654, -0.0035248, , , , , , , 17.6543654, -0.0127565, , , , , , , 17.6543654, -0.008896, , , , , , , , , , , , , , , , , , , , , , , , , , , , 
17.6548846, 0.0305486, , , , , , , 17.6548846, -0.0052033, , , , , , , 17.6548846, -0.0142672, , , , , , , 17.6548846, -0.0070497, , , , , , , , , , , , , , , , , , , , , , , , , , , , 
17.6554038, 0.0330663, , , , , , , 17.6554038, -0.0068818, , , , , , , 17.6554038, -0.0149386, , , , , , , 17.6554038, -0.0026856, , , , , , , , , , , , , , , , , , , , , , , , , , , , 
17.6559231, 0.0307164, , , , , , , 17.6559231, -0.0082246, , , , , , , 17.6559231, -0.0139315, , , , , , , 17.6559231, 0.0015106, , , , , , , , , , , , , , , , , , , , , , , , , , , , 
17.6564423, 0.0253452, , , , , , , 17.6564423, -0.0092317, , , , , , , 17.6564423, -0.0132601, , , , , , , 17.6564423, 0.0052033, , , , , , , , , , , , , , , , , , , , , , , , , , , , 
17.6569615, 0.021149, , , , , , , 17.6569615, -0.010071, , , , , , , 17.6569615, -0.0135958, , , , , , , 17.6569615, 0.0075532, , , , , , , , , , , , , , , , , , , , , , , , , , , , 
17.6574808, 0.0196384, , , , , , , 17.6574808, -0.011078, , , , , , , 17.6574808, -0.0135958, , , , , , , 17.6574808, 0.0090639, , , , , , , , , , , , , , , , , , , , , , , , , , , , 
17.658, 0.0159457, , , , , , , 17.658, -0.0095674, , , , , , , 17.658, -0.0149386, , , , , , , 17.658, 0.0119173, , , , , , , , , , , , , , , , , , , , , , , , , , , , 
17.6585192, 0.0132601, , , , , , , 17.6585192, -0.0077211, , , , , , , 17.6585192, -0.0149386, , , , , , , 17.6585192, 0.0166171, , , , , , , , , , , , , , , , , , , , , , , , , , , , 
17.6590385, 0.0125887, , , , , , , 17.6590385, -0.0068818, , , , , , , 17.6590385, -0.0119173, , , , , , , 17.6590385, 0.0224918, , , , , , , , , , , , , , , , , , , , , , , , , , , , 
17.6595577, 0.0085603, , , , , , , 17.6595577, -0.0068818, , , , , , , 17.6595577, -0.0068818, , , , , , , 17.6595577, 0.0293736, , , , , , , , , , , , , , , , , , , , , , , , , , , , 
17.6600769, 0.0031891, , , , , , , 17.6600769, -0.0082246, , , , , , , 17.6600769, -0.0031891, , , , , , , 17.6600769, 0.0332341, , , , , , , , , , , , , , , , , , , , , , , , , , , , 
17.6605962, -0.0008392, , , , , , , 17.6605962, -0.0109102, , , , , , , 17.6605962, -0.0035248, , , , , , , 17.6605962, 0.0357519, , , , , , , , , , , , , , , , , , , , , , , , , , , , 
17.6611154, -0.0041962, , , , , , , 17.6611154, -0.0115816, , , , , , , 17.6611154, -0.0036927, , , , , , , 17.6611154, 0.0397803, , , , , , , , , , , , , , , , , , , , , , , , , , , , 
17.6616346, -0.0068818, , , , , , , 17.6616346, -0.0112459, , , , , , , 17.6616346, -0.0025177, , , , , , , 17.6616346, 0.0441444, , , , , , , , , , , , , , , , , , , , , , , , , , , , 
17.6621538, -0.0065461, , , , , , , 17.6621538, -0.0102388, , , , , , , 17.6621538, -0.0028534, , , , , , , 17.6621538, 0.0417945, , , , , , , , , , , , , , , , , , , , , , , , , , , , 
17.6626731, -0.005539, , , , , , , 17.6626731, -0.0099031, , , , , , , 17.6626731, -0.0035248, , , , , , , 17.6626731, 0.0344091, , , , , , , , , , , , , , , , , , , , , , , , , , , , 
17.6631923, -0.0015106, , , , , , , 17.6631923, -0.0082246, , , , , , , 17.6631923, -0.0038605, , , , , , , 17.6631923, 0.026688, , , , , , , , , , , , , , , , , , , , , , , , , , , , 
17.6637115, 0.0005035, , , , , , , 17.6637115, -0.0078889, , , , , , , 17.6637115, -0.0028534, , , , , , , 17.6637115, 0.0219883, , , , , , , , , , , , , , , , , , , , , , , , , , , , 
17.6642308, 0.0068818, , , , , , , 17.6642308, -0.0095674, , , , , , , 17.6642308, -0.0023499, , , , , , , 17.6642308, 0.0193027, , , , , , , , , , , , , , , , , , , , , , , , , , , , 
17.66475, 0.011078, , , , , , , 17.66475, -0.0105745, , , , , , , 17.66475, -0.0035248, , , , , , , 17.66475, 0.0152743, , , , , , , , , , , , , , , , , , , , , , , , , , , , 
17.6652692, 0.0119173, , , , , , , 17.6652692, -0.0095674, , , , , , , 17.6652692, -0.0068818, , , , , , , 17.6652692, 0.0117494, , , , , , , , , , , , , , , , , , , , , , , , , , , , 
17.6657885, 0.0139315, , , , , , , 17.6657885, -0.0070497, , , , , , , 17.6657885, -0.0092317, , , , , , , 17.6657885, 0.0092317, , , , , , , , , , , , , , , , , , , , , , , , , , , , 
17.6663077, 0.0119173, , , , , , , 17.6663077, -0.0065461, , , , , , , 17.6663077, -0.0090639, , , , , , , 17.6663077, 0.0078889, , , , , , , , , , , , , , , , , , , , , , , , , , , , 
17.6668269, 0.0109102, , , , , , , 17.6668269, -0.0102388, , , , , , , 17.6668269, -0.0075532, , , , , , , 17.6668269, 0.0078889, , , , , , , , , , , , , , , , , , , , , , , , , , , , 
17.6673462, 0.0135958, , , , , , , 17.6673462, -0.0112459, , , , , , , 17.6673462, -0.0058747, , , , , , , 17.6673462, 0.0085603, , , , , , , , , , , , , , , , , , , , , , , , , , , , 
17.6678654, 0.0162814, , , , , , , 17.6678654, -0.0099031, , , , , , , 17.6678654, -0.0078889, , , , , , , 17.6678654, 0.0031891, , , , , , , , , , , , , , , , , , , , , , , , , , , , 
17.6683846, 0.0206455, , , , , , , 17.6683846, -0.0102388, , , , , , , 17.6683846, -0.0095674, , , , , , , 17.6683846, -0.002182, , , , , , , , , , , , , , , , , , , , , , , , , , , , 
17.6689038, 0.0260166, , , , , , , 17.6689038, -0.0104067, , , , , , , 17.6689038, -0.0099031, , , , , , , 17.6689038, -0.0023499, , , , , , , , , , , , , , , , , , , , , , , , , , , , 
17.6694231, 0.0270237, , , , , , , 17.6694231, -0.0109102, , , , , , , 17.6694231, -0.008896, , , , , , , 17.6694231, 0.0031891, , , , , , , , , , , , , , , , , , , , , , , , , , , , 
17.6699423, 0.0226596, , , , , , , 17.6699423, -0.0125887, , , , , , , 17.6699423, -0.0082246, , , , , , , 17.6699423, 0.0078889, , , , , , , , , , , , , , , , , , , , , , , , , , , , 
17.6704615, 0.0166171, , , , , , , 17.6704615, -0.0132601, , , , , , , 17.6704615, -0.0075532, , , , , , , 17.6704615, 0.0097353, , , , , , , , , , , , , , , , , , , , , , , , , , , , 
17.6709808, 0.0179599, , , , , , , 17.6709808, -0.0109102, , , , , , , 17.6709808, -0.0062104, , , , , , , 17.6709808, 0.0105745, , , , , , , , , , , , , , , , , , , , , , , , , , , , 
17.6715, 0.0196384, , , , , , , 17.6715, -0.0063783, , , , , , , 17.6715, -0.0065461, , , , , , , 17.6715, 0.0102388, , , , , , , , , , , , , , , , , , , , , , , , , , , , 
17.6720192, 0.021149, , , , , , , 17.6720192, -0.0041962, , , , , , , 17.6720192, -0.0092317, , , , , , , 17.6720192, 0.0075532, , , , , , , , , , , , , , , , , , , , , , , , , , , , 
17.6725385, 0.0260166, , , , , , , 17.6725385, -0.0036927, , , , , , , 17.6725385, -0.0119173, , , , , , , 17.6725385, 0.0043641, , , , , , , , , , , , , , , , , , , , , , , , , , , , 
17.6730577, 0.0327306, , , , , , , 17.6730577, -0.0045319, , , , , , , 17.6730577, -0.0125887, , , , , , , 17.6730577, 0.0005035, , , , , , , , , , , , , , , , , , , , , , , , , , , , 
17.6735769, 0.0381018, , , , , , , 17.6735769, -0.0062104, , , , , , , 17.6735769, -0.0119173, , , , , , , 17.6735769, -0.0028534, , , , , , , , , , , , , , , , , , , , , , , , , , , , 
17.6740962, 0.0404517, , , , , , , 17.6740962, -0.0065461, , , , , , , 17.6740962, -0.0112459, , , , , , , 17.6740962, -0.0031891, , , , , , , , , , , , , , , , , , , , , , , , , , , , 
17.6746154, 0.0438087, , , , , , , 17.6746154, -0.0065461, , , , , , , 17.6746154, -0.012253, , , , , , , 17.6746154, -0.0052033, , , , , , , , , , , , , , , , , , , , , , , , , , , , 
17.6751346, 0.0433051, , , , , , , 17.6751346, -0.0075532, , , , , , , 17.6751346, -0.012253, , , , , , , 17.6751346, -0.0063783, , , , , , , , , , , , , , , , , , , , , , , , , , , , 
17.6756538, 0.0381018, , , , , , , 17.6756538, -0.0075532, , , , , , , 17.6756538, -0.0099031, , , , , , , 17.6756538, -0.0035248, , , , , , , , , , , , , , , , , , , , , , , , , , , , 
17.6761731, 0.0313878, , , , , , , 17.6761731, -0.0073854, , , , , , , 17.6761731, -0.0068818, , , , , , , 17.6761731, 0.0005035, , , , , , , , , , , , , , , , , , , , , , , , , , , , 
17.6766923, 0.0287022, , , , , , , 17.6766923, -0.0070497, , , , , , , 17.6766923, -0.0078889, , , , , , , 17.6766923, 0.0031891, , , , , , , , , , , , , , , , , , , , , , , , , , , , 
17.6772115, 0.0253452, , , , , , , 17.6772115, -0.0063783, , , , , , , 17.6772115, -0.008896, , , , , , , 17.6772115, 0.0048676, , , , , , , , , , , , , , , , , , , , , , , , , , , , 
17.6777308, 0.0203098, , , , , , , 17.6777308, -0.0048676, , , , , , , 17.6777308, -0.0078889, , , , , , , 17.6777308, 0.0075532, , , , , , , , , , , , , , , , , , , , , , , , , , , , 
17.67825, 0.0146029, , , , , , , 17.67825, -0.0041962, , , , , , , 17.67825, -0.005539, , , , , , , 17.67825, 0.0119173, , , , , , , , , , , , , , , , , , , , , , , , , , , , 
17.6787692, 0.0083925, , , , , , , 17.6787692, -0.0046998, , , , , , , 17.6787692, -0.0052033, , , , , , , 17.6787692, 0.0142672, , , , , , , , , , , , , , , , , , , , , , , , , , , , 
17.6792885, 0.0031891, , , , , , , 17.6792885, -0.0070497, , , , , , , 17.6792885, -0.0058747, , , , , , , 17.6792885, 0.0169528, , , , , , , , , , , , , , , , , , , , , , , , , , , , 
17.6798077, -0.0025177, , , , , , , 17.6798077, -0.0085603, , , , , , , 17.6798077, -0.0075532, , , , , , , 17.6798077, 0.0213169, , , , , , , , , , , , , , , , , , , , , , , , , , , , 
17.6803269, -0.0072175, , , , , , , 17.6803269, -0.0077211, , , , , , , 17.6803269, -0.008896, , , , , , , 17.6803269, 0.0253452, , , , , , , , , , , , , , , , , , , , , , , , , , , , 
17.6808462, -0.0129244, , , , , , , 17.6808462, -0.0068818, , , , , , , 17.6808462, -0.0068818, , , , , , , 17.6808462, 0.0293736, , , , , , , , , , , , , , , , , , , , , , , , , , , , 
17.6813654, -0.0146029, , , , , , , 17.6813654, -0.0068818, , , , , , , 17.6813654, -0.0041962, , , , , , , 17.6813654, 0.0340734, , , , , , , , , , , , , , , , , , , , , , , , , , , , 
17.6818846, -0.012253, , , , , , , 17.6818846, -0.0058747, , , , , , , 17.6818846, -0.0035248, , , , , , , 17.6818846, 0.0386053, , , , , , , , , , , , , , , , , , , , , , , , , , , , 
17.6824038, -0.0099031, , , , , , , 17.6824038, -0.0048676, , , , , , , 17.6824038, -0.0020142, , , , , , , 17.6824038, 0.0387732, , , , , , , , , , , , , , , , , , , , , , , , , , , , 
17.6829231, -0.0075532, , , , , , , 17.6829231, -0.0052033, , , , , , , 17.6829231, -0.002182, , , , , , , 17.6829231, 0.0357519, , , , , , , , , , , , , , , , , , , , , , , , , , , , 
17.6834423, -0.005539, , , , , , , 17.6834423, -0.005539, , , , , , , 17.6834423, -0.0041962, , , , , , , 17.6834423, 0.0320592, , , , , , , , , , , , , , , , , , , , , , , , , , , , 
17.6839615, -0.002182, , , , , , , 17.6839615, -0.005539, , , , , , , 17.6839615, -0.0048676, , , , , , , 17.6839615, 0.0270237, , , , , , , , , , , , , , , , , , , , , , , , , , , , 
17.6844808, 0.0018463, , , , , , , 17.6844808, -0.0041962, , , , , , , 17.6844808, -0.0035248, , , , , , , 17.6844808, 0.0209812, , , , , , , , , , , , , , , , , , , , , , , , , , , , 
17.685, 0.0062104, , , , , , , 17.685, -0.0041962, , , , , , , 17.685, -0.0028534, , , , , , , 17.685, 0.0169528, , , , , , , , , , , , , , , , , , , , , , , , , , , , 
17.6855192, 0.0090639, , , , , , , 17.6855192, -0.0041962, , , , , , , 17.6855192, -0.0048676, , , , , , , 17.6855192, 0.0135958, , , , , , , , , , , , , , , , , , , , , , , , , , , , 
17.6860385, 0.0078889, , , , , , , 17.6860385, -0.0041962, , , , , , , 17.6860385, -0.0075532, , , , , , , 17.6860385, 0.0109102, , , , , , , , , , , , , , , , , , , , , , , , , , , , 
17.6865577, 0.0063783, , , , , , , 17.6865577, -0.005539, , , , , , , 17.6865577, -0.0085603, , , , , , , 17.6865577, 0.0099031, , , , , , , , , , , , , , , , , , , , , , , , , , , , 
17.6870769, 0.0090639, , , , , , , 17.6870769, -0.0068818, , , , , , , 17.6870769, -0.0085603, , , , , , , 17.6870769, 0.0115816, , , , , , , , , , , , , , , , , , , , , , , , , , , , 
17.6875962, 0.0129244, , , , , , , 17.6875962, -0.0068818, , , , , , , 17.6875962, -0.0092317, , , , , , , 17.6875962, 0.0132601, , , , , , , , , , , , , , , , , , , , , , , , , , , , 
17.6881154, 0.0146029, , , , , , , 17.6881154, -0.0085603, , , , , , , 17.6881154, -0.0095674, , , , , , , 17.6881154, 0.0146029, , , , , , , , , , , , , , , , , , , , , , , , , , , , 
17.6886346, 0.0236667, , , , , , , 17.6886346, -0.0085603, , , , , , , 17.6886346, -0.008896, , , , , , , 17.6886346, 0.0139315, , , , , , , , , , , , , , , , , , , , , , , , , , , , 
17.6891538, 0.0397803, , , , , , , 17.6891538, -0.0068818, , , , , , , 17.6891538, -0.0082246, , , , , , , 17.6891538, 0.0112459, , , , , , , , , , , , , , , , , , , , , , , , , , , , 
17.6896731, 0.0468299, , , , , , , 17.6896731, -0.0063783, , , , , , , 17.6896731, -0.0082246, , , , , , , 17.6896731, 0.008896, , , , , , , , , , , , , , , , , , , , , , , , , , , , 
17.6901923, 0.043473, , , , , , , 17.6901923, -0.0078889, , , , , , , 17.6901923, -0.0082246, , , , , , , 17.6901923, 0.0078889, , , , , , , , , , , , , , , , , , , , , , , , , , , , 
17.6907115, 0.0387732, , , , , , , 17.6907115, -0.0085603, , , , , , , 17.6907115, -0.0102388, , , , , , , 17.6907115, 0.0077211, , , , , , , , , , , , , , , , , , , , , , , , , , , , 
17.6912308, 0.0391089, , , , , , , 17.6912308, -0.008896, , , , , , , 17.6912308, -0.0117494, , , , , , , 17.6912308, 0.0063783, , , , , , , , , , , , , , , , , , , , , , , , , , , , 
17.69175, 0.0392767, , , , , , , 17.69175, -0.0102388, , , , , , , 17.69175, -0.0115816, , , , , , , 17.69175, 0.005539, , , , , , , , , , , , , , , , , , , , , , , , , , , , 
17.6922692, 0.0411231, , , , , , , 17.6922692, -0.008896, , , , , , , 17.6922692, -0.0112459, , , , , , , 17.6922692, 0.0028534, , , , , , , , , , , , , , , , , , , , , , , , , , , , 
17.6927885, 0.0448157, , , , , , , 17.6927885, -0.0062104, , , , , , , 17.6927885, -0.0115816, , , , , , , 17.6927885, -0.0038605, , , , , , , , , , , , , , , , , , , , , , , , , , , , 
17.6933077, 0.043473, , , , , , , 17.6933077, -0.0062104, , , , , , , 17.6933077, -0.0125887, , , , , , , 17.6933077, -0.008896, , , , , , , , , , , , , , , , , , , , , , , , , , , , 
17.6938269, 0.0381018, , , , , , , 17.6938269, -0.0082246, , , , , , , 17.6938269, -0.0125887, , , , , , , 17.6938269, -0.0092317, , , , , , , , , , , , , , , , , , , , , , , , , , , , 
17.6943462, 0.033402, , , , , , , 17.6943462, -0.0099031, , , , , , , 17.6943462, -0.0135958, , , , , , , 17.6943462, -0.0102388, , , , , , , , , , , , , , , , , , , , , , , , , , , , 
17.6948654, 0.030045, , , , , , , 17.6948654, -0.0095674, , , , , , , 17.6948654, -0.0142672, , , , , , , 17.6948654, -0.0115816, , , , , , , , , , , , , , , , , , , , , , , , , , , , 
17.6953846, 0.0275273, , , , , , , 17.6953846, -0.0102388, , , , , , , 17.6953846, -0.0162814, , , , , , , 17.6953846, -0.0104067, , , , , , , , , , , , , , , , , , , , , , , , , , , , 
17.6959038, 0.0280308, , , , , , , 17.6959038, -0.0119173, , , , , , , 17.6959038, -0.0166171, , , , , , , 17.6959038, -0.008896, , , , , , , , , , , , , , , , , , , , , , , , , , , , 
17.6964231, 0.0246738, , , , , , , 17.6964231, -0.011078, , , , , , , 17.6964231, -0.0162814, , , , , , , 17.6964231, -0.0035248, , , , , , , , , , , , , , , , , , , , , , , , , , , , 
17.6969423, 0.017792, , , , , , , 17.6969423, -0.0095674, , , , , , , 17.6969423, -0.0159457, , , , , , , 17.6969423, 0.0011749, , , , , , , , , , , , , , , , , , , , , , , , , , , , 
17.6974615, 0.0146029, , , , , , , 17.6974615, -0.0085603, , , , , , , 17.6974615, -0.0125887, , , , , , , 17.6974615, 0.0048676, , , , , , , , , , , , , , , , , , , , , , , , , , , , 
17.6979808, 0.0159457, , , , , , , 17.6979808, -0.0072175, , , , , , , 17.6979808, -0.0099031, , , , , , , 17.6979808, 0.0092317, , , , , , , , , , , , , , , , , , , , , , , , , , , , 
17.6985, 0.0140993, , , , , , , 17.6985, -0.005539, , , , , , , 17.6985, -0.0099031, , , , , , , 17.6985, 0.0151064, , , , , , , , , , , , , , , , , , , , , , , , , , , , 
17.6990192, 0.0038605, , , , , , , 17.6990192, -0.005539, , , , , , , 17.6990192, -0.0114137, , , , , , , 17.6990192, 0.0209812, , , , , , , , , , , , , , , , , , , , , , , , , , , , 
17.6995385, -0.0041962, , , , , , , 17.6995385, -0.0062104, , , , , , , 17.6995385, -0.0102388, , , , , , , 17.6995385, 0.0250095, , , , , , , , , , , , , , , , , , , , , , , , , , , , 
17.7000577, -0.0083925, , , , , , , 17.7000577, -0.008896, , , , , , , 17.7000577, -0.0082246, , , , , , , 17.7000577, 0.0303807, , , , , , , , , , , , , , , , , , , , , , , , , , , , 
17.7005769, -0.0109102, , , , , , , 17.7005769, -0.0119173, , , , , , , 17.7005769, -0.0038605, , , , , , , 17.7005769, 0.0320592, , , , , , , , , , , , , , , , , , , , , , , , , , , , 
17.7010962, -0.0109102, , , , , , , 17.7010962, -0.0146029, , , , , , , 17.7010962, -0.0015106, , , , , , , 17.7010962, 0.033402, , , , , , , , , , , , , , , , , , , , , , , , , , , , 
17.7016154, -0.014435, , , , , , , 17.7016154, -0.0149386, , , , , , , 17.7016154, -0.0001678, , , , , , , 17.7016154, 0.0369268, , , , , , , , , , , , , , , , , , , , , , , , , , , , 
17.7021346, -0.018967, , , , , , , 17.7021346, -0.0129244, , , , , , , 17.7021346, -0.002182, , , , , , , 17.7021346, 0.0364233, , , , , , , , , , , , , , , , , , , , , , , , , , , , 
17.7026538, -0.018967, , , , , , , 17.7026538, -0.0102388, , , , , , , 17.7026538, -0.0041962, , , , , , , 17.7026538, 0.0340734, , , , , , , , , , , , , , , , , , , , , , , , , , , , 
17.7031731, -0.0132601, , , , , , , 17.7031731, -0.0104067, , , , , , , 17.7031731, -0.0041962, , , , , , , 17.7031731, 0.0320592, , , , , , , , , , , , , , , , , , , , , , , , , , , , 
17.7036923, -0.0090639, , , , , , , 17.7036923, -0.0105745, , , , , , , 17.7036923, -0.0018463, , , , , , , 17.7036923, 0.0298772, , , , , , , , , , , , , , , , , , , , , , , , , , , , 
17.7042115, -0.002182, , , , , , , 17.7042115, -0.0099031, , , , , , , 17.7042115, -0.0015106, , , , , , , 17.7042115, 0.0270237, , , , , , , , , , , , , , , , , , , , , , , , , , , , 
17.7047308, 0.0075532, , , , , , , 17.7047308, -0.0092317, , , , , , , 17.7047308, -0.0035248, , , , , , , 17.7047308, 0.023331, , , , , , , , , , , , , , , , , , , , , , , , , , , , 
17.70525, 0.0097353, , , , , , , 17.70525, -0.0082246, , , , , , , 17.70525, -0.0041962, , , , , , , 17.70525, 0.0206455, , , , , , , , , , , , , , , , , , , , , , , , , , , , 
17.7057692, 0.0075532, , , , , , , 17.7057692, -0.0075532, , , , , , , 17.7057692, -0.0031891, , , , , , , 17.7057692, 0.0169528, , , , , , , , , , , , , , , , , , , , , , , , , , , , 
17.7062885, 0.0105745, , , , , , , 17.7062885, -0.0078889, , , , , , , 17.7062885, -0.0005035, , , , , , , 17.7062885, 0.0129244, , , , , , , , , , , , , , , , , , , , , , , , , , , , 
17.7068077, 0.012253, , , , , , , 17.7068077, -0.0068818, , , , , , , 17.7068077, -0.0001678, , , , , , , 17.7068077, 0.0099031, , , , , , , , , , , , , , , , , , , , , , , , , , , , 
17.7073269, 0.0068818, , , , , , , 17.7073269, -0.0052033, , , , , , , 17.7073269, -0.0035248, , , , , , , 17.7073269, 0.0078889, , , , , , , , , , , , , , , , , , , , , , , , , , , , 
17.7078462, 0.0052033, , , , , , , 17.7078462, -0.0045319, , , , , , , 17.7078462, -0.0068818, , , , , , , 17.7078462, 0.0072175, , , , , , , , , , , , , , , , , , , , , , , , , , , , 
17.7083654, 0.0137636, , , , , , , 17.7083654, -0.0041962, , , , , , , 17.7083654, -0.0085603, , , , , , , 17.7083654, 0.0058747, , , , , , , , , , , , , , , , , , , , , , , , , , , , 
17.7088846, 0.0216526, , , , , , , 17.7088846, -0.0045319, , , , , , , 17.7088846, -0.0072175, , , , , , , 17.7088846, 0.0052033, , , , , , , , , , , , , , , , , , , , , , , , , , , , 
17.7094038, 0.0216526, , , , , , , 17.7094038, -0.0063783, , , , , , , 17.7094038, -0.0058747, , , , , , , 17.7094038, 0.0062104, , , , , , , , , , , , , , , , , , , , , , , , , , , , 
17.7099231, 0.0186313, , , , , , , 17.7099231, -0.0078889, , , , , , , 17.7099231, -0.0052033, , , , , , , 17.7099231, 0.0099031, , , , , , , , , , , , , , , , , , , , , , , , , , , , 
17.7104423, 0.0186313, , , , , , , 17.7104423, -0.0068818, , , , , , , 17.7104423, -0.0052033, , , , , , , 17.7104423, 0.0105745, , , , , , , , , , , , , , , , , , , , , , , , , , , , 
17.7109615, 0.0179599, , , , , , , 17.7109615, -0.0052033, , , , , , , 17.7109615, -0.0041962, , , , , , , 17.7109615, 0.0095674, , , , , , , , , , , , , , , , , , , , , , , , , , , , 
17.7114808, 0.0152743, , , , , , , 17.7114808, -0.0058747, , , , , , , 17.7114808, -0.0018463, , , , , , , 17.7114808, 0.0105745, , , , , , , , , , , , , , , , , , , , , , , , , , , , 
17.712, 0.0119173, , , , , , , 17.712, -0.0078889, , , , , , , 17.712, -0.0025177, , , , , , , 17.712, 0.0078889, , , , , , , , , , , , , , , , , , , , , , , , , , , , 
17.7125192, 0.0112459, , , , , , , 17.7125192, -0.008896, , , , , , , 17.7125192, -0.005539, , , , , , , 17.7125192, -0.0011749, , , , , , , , , , , , , , , , , , , , , , , , , , , , 
17.7130385, 0.0140993, , , , , , , 17.7130385, -0.0082246, , , , , , , 17.7130385, -0.0075532, , , , , , , 17.7130385, -0.0085603, , , , , , , , , , , , , , , , , , , , , , , , , , , , 
17.7135577, 0.0186313, , , , , , , 17.7135577, -0.0082246, , , , , , , 17.7135577, -0.0075532, , , , , , , 17.7135577, -0.0112459, , , , , , , , , , , , , , , , , , , , , , , , , , , , 
17.7140769, 0.0219883, , , , , , , 17.7140769, -0.0097353, , , , , , , 17.7140769, -0.0068818, , , , , , , 17.7140769, -0.0109102, , , , , , , , , , , , , , , , , , , , , , , , , , , , 
17.7145962, 0.0236667, , , , , , , 17.7145962, -0.0104067, , , , , , , 17.7145962, -0.005539, , , , , , , 17.7145962, -0.0090639, , , , , , , , , , , , , , , , , , , , , , , , , , , , 
17.7151154, 0.0273594, , , , , , , 17.7151154, -0.0077211, , , , , , , 17.7151154, -0.005539, , , , , , , 17.7151154, -0.0070497, , , , , , , , , , , , , , , , , , , , , , , , , , , , 
17.7156346, 0.0293736, , , , , , , 17.7156346, -0.0041962, , , , , , , 17.7156346, -0.0068818, , , , , , , 17.7156346, -0.0050355, , , , , , , , , , , , , , , , , , , , , , , , , , , , 
17.7161538, 0.026688, , , , , , , 17.7161538, -0.0018463, , , , , , , 17.7161538, -0.010071, , , , , , , 17.7161538, -0.0025177, , , , , , , , , , , , , , , , , , , , , , , , , , , , 
17.7166731, 0.0218204, , , , , , , 17.7166731, 0.0003357, , , , , , , 17.7166731, -0.0129244, , , , , , , 17.7166731, 0.0011749, , , , , , , , , , , , , , , , , , , , , , , , , , , , 
17.7171923, 0.0146029, , , , , , , 17.7171923, -0.0031891, , , , , , , 17.7171923, -0.012253, , , , , , , 17.7171923, 0.0058747, , , , , , , , , , , , , , , , , , , , , , , , , , , , 
17.7177115, 0.0097353, , , , , , , 17.7177115, -0.0075532, , , , , , , 17.7177115, -0.0112459, , , , , , , 17.7177115, 0.0099031, , , , , , , , , , , , , , , , , , , , , , , , , , , , 
17.7182308, 0.0052033, , , , , , , 17.7182308, -0.0075532, , , , , , , 17.7182308, -0.0112459, , , , , , , 17.7182308, 0.0146029, , , , , , , , , , , , , , , , , , , , , , , , , , , , 
17.71875, 0.0006714, , , , , , , 17.71875, -0.0052033, , , , , , , 17.71875, -0.0104067, , , , , , , 17.71875, 0.0229953, , , , , , , , , , , , , , , , , , , , , , , , , , , , 
17.7192692, -0.0011749, , , , , , , 17.7192692, -0.0045319, , , , , , , 17.7192692, -0.0075532, , , , , , , 17.7192692, 0.0297093, , , , , , , , , , , , , , , , , , , , , , , , , , , , 
17.7197885, 0.0005035, , , , , , , 17.7197885, -0.0052033, , , , , , , 17.7197885, -0.0065461, , , , , , , 17.7197885, 0.0337377, , , , , , , , , , , , , , , , , , , , , , , , , , , , 
17.7203077, -0.0025177, , , , , , , 17.7203077, -0.0062104, , , , , , , 17.7203077, -0.0052033, , , , , , , 17.7203077, 0.0372625, , , , , , , , , , , , , , , , , , , , , , , , , , , , 
17.7208269, -0.0082246, , , , , , , 17.7208269, -0.0072175, , , , , , , 17.7208269, -0.0035248, , , , , , , 17.7208269, 0.0411231, , , , , , , , , , , , , , , , , , , , , , , , , , , , 
17.7213462, -0.01561, , , , , , , 17.7213462, -0.0068818, , , , , , , 17.7213462, -0.0041962, , , , , , , 17.7213462, 0.0441444, , , , , , , , , , , , , , , , , , , , , , , , , , , , 
17.7218654, -0.0209812, , , , , , , 17.7218654, -0.0065461, , , , , , , 17.7218654, -0.0041962, , , , , , , 17.7218654, 0.0438087, , , , , , , , , , , , , , , , , , , , , , , , , , , , 
17.7223846, -0.0142672, , , , , , , 17.7223846, -0.0058747, , , , , , , 17.7223846, -0.0041962, , , , , , , 17.7223846, 0.0417945, , , , , , , , , , , , , , , , , , , , , , , , , , , , 
17.7229038, -0.0023499, , , , , , , 17.7229038, -0.0057069, , , , , , , 17.7229038, -0.0045319, , , , , , , 17.7229038, 0.0377661, , , , , , , , , , , , , , , , , , , , , , , , , , , , 
17.7234231, 0.0052033, , , , , , , 17.7234231, -0.0065461, , , , , , , 17.7234231, -0.0075532, , , , , , , 17.7234231, 0.0307164, , , , , , , , , , , , , , , , , , , , , , , , , , , , 
17.7239423, 0.0097353, , , , , , , 17.7239423, -0.0082246, , , , , , , 17.7239423, -0.0095674, , , , , , , 17.7239423, 0.0246738, , , , , , , , , , , , , , , , , , , , , , , , , , , , 
17.7244615, 0.0140993, , , , , , , 17.7244615, -0.0099031, , , , , , , 17.7244615, -0.0099031, , , , , , , 17.7244615, 0.0226596, , , , , , , , , , , , , , , , , , , , , , , , , , , , 
17.7249808, 0.0179599, , , , , , , 17.7249808, -0.0092317, , , , , , , 17.7249808, -0.008896, , , , , , , 17.7249808, 0.0219883, , , , , , , , , , , , , , , , , , , , , , , , , , , , 
17.7255, 0.0193027, , , , , , , 17.7255, -0.008896, , , , , , , 17.7255, -0.0082246, , , , , , , 17.7255, 0.0198062, , , , , , , , , , , , , , , , , , , , , , , , , , , , 
17.7260192, 0.0186313, , , , , , , 17.7260192, -0.0095674, , , , , , , 17.7260192, -0.0063783, , , , , , , 17.7260192, 0.0172885, , , , , , , , , , , , , , , , , , , , , , , , , , , , 
17.7265385, 0.0186313, , , , , , , 17.7265385, -0.008896, , , , , , , 17.7265385, -0.0048676, , , , , , , 17.7265385, 0.0146029, , , , , , , , , , , , , , , , , , , , , , , , , , , , 
17.7270577, 0.0209812, , , , , , , 17.7270577, -0.0087282, , , , , , , 17.7270577, -0.0052033, , , , , , , 17.7270577, 0.0129244, , , , , , , , , , , , , , , , , , , , , , , , , , , , 
17.7275769, 0.026688, , , , , , , 17.7275769, -0.0099031, , , , , , , 17.7275769, -0.005539, , , , , , , 17.7275769, 0.0112459, , , , , , , , , , , , , , , , , , , , , , , , , , , , 
17.7280962, 0.0280308, , , , , , , 17.7280962, -0.0129244, , , , , , , 17.7280962, -0.0068818, , , , , , , 17.7280962, 0.0068818, , , , , , , , , , , , , , , , , , , , , , , , , , , , 
17.7286154, 0.0256809, , , , , , , 17.7286154, -0.0149386, , , , , , , 17.7286154, -0.0068818, , , , , , , 17.7286154, 0.0005035, , , , , , , , , , , , , , , , , , , , , , , , , , , , 
17.7291346, 0.0236667, , , , , , , 17.7291346, -0.012253, , , , , , , 17.7291346, -0.0075532, , , , , , , 17.7291346, -0.0041962, , , , , , , , , , , , , , , , , , , , , , , , , , , , 
17.7296538, 0.0193027, , , , , , , 17.7296538, -0.0095674, , , , , , , 17.7296538, -0.0083925, , , , , , , 17.7296538, -0.0057069, , , , , , , , , , , , , , , , , , , , , , , , , , , , 
17.7301731, 0.0166171, , , , , , , 17.7301731, -0.0090639, , , , , , , 17.7301731, -0.0102388, , , , , , , 17.7301731, -0.0020142, , , , , , , , , , , , , , , , , , , , , , , , , , , , 
17.7306923, 0.0159457, , , , , , , 17.7306923, -0.0119173, , , , , , , 17.7306923, -0.0105745, , , , , , , 17.7306923, 0.0011749, , , , , , , , , , , , , , , , , , , , , , , , , , , , 
17.7312115, 0.0152743, , , , , , , 17.7312115, -0.0135958, , , , , , , 17.7312115, -0.0102388, , , , , , , 17.7312115, 0.0005035, , , , , , , , , , , , , , , , , , , , , , , , , , , , 
17.7317308, 0.0152743, , , , , , , 17.7317308, -0.0149386, , , , , , , 17.7317308, -0.0102388, , , , , , , 17.7317308, -0.0025177, , , , , , , , , , , , , , , , , , , , , , , , , , , , 
17.73225, 0.0179599, , , , , , , 17.73225, -0.0132601, , , , , , , 17.73225, -0.0115816, , , , , , , 17.73225, -0.0068818, , , , , , , , , , , , , , , , , , , , , , , , , , , , 
17.7327692, 0.0223239, , , , , , , 17.7327692, -0.0109102, , , , , , , 17.7327692, -0.011078, , , , , , , 17.7327692, -0.0095674, , , , , , , , , , , , , , , , , , , , , , , , , , , , 
17.7332885, 0.0293736, , , , , , , 17.7332885, -0.012253, , , , , , , 17.7332885, -0.0097353, , , , , , , 17.7332885, -0.0129244, , , , , , , , , , , , , , , , , , , , , , , , , , , , 
17.7338077, 0.0307164, , , , , , , 17.7338077, -0.0129244, , , , , , , 17.7338077, -0.0117494, , , , , , , 17.7338077, -0.0162814, , , , , , , , , , , , , , , , , , , , , , , , , , , , 
17.7343269, 0.026688, , , , , , , 17.7343269, -0.0104067, , , , , , , 17.7343269, -0.014435, , , , , , , 17.7343269, -0.01561, , , , , , , , , , , , , , , , , , , , , , , , , , , , 
17.7348462, 0.0213169, , , , , , , 17.7348462, -0.0082246, , , , , , , 17.7348462, -0.0152743, , , , , , , 17.7348462, -0.0139315, , , , , , , , , , , , , , , , , , , , , , , , , , , , 
17.7353654, 0.0226596, , , , , , , 17.7353654, -0.0082246, , , , , , , 17.7353654, -0.0152743, , , , , , , 17.7353654, -0.0130922, , , , , , , , , , , , , , , , , , , , , , , , , , , , 
17.7358846, 0.0260166, , , , , , , 17.7358846, -0.0065461, , , , , , , 17.7358846, -0.0130922, , , , , , , 17.7358846, -0.0109102, , , , , , , , , , , , , , , , , , , , , , , , , , , , 
17.7364038, 0.0216526, , , , , , , 17.7364038, -0.0052033, , , , , , , 17.7364038, -0.0102388, , , , , , , 17.7364038, -0.0058747, , , , , , , , , , , , , , , , , , , , , , , , , , , , 
17.7369231, 0.0129244, , , , , , , 17.7369231, -0.0048676, , , , , , , 17.7369231, -0.0072175, , , , , , , 17.7369231, 0.0023499, , , , , , , , , , , , , , , , , , , , , , , , , , , , 
17.7374423, 0.0050355, , , , , , , 17.7374423, -0.0058747, , , , , , , 17.7374423, -0.0062104, , , , , , , 17.7374423, 0.0072175, , , , , , , , , , , , , , , , , , , , , , , , , , , , 
17.7379615, -0.0008392, , , , , , , 17.7379615, -0.0072175, , , , , , , 17.7379615, -0.0068818, , , , , , , 17.7379615, 0.0097353, , , , , , , , , , , , , , , , , , , , , , , , , , , , 
17.7384808, -0.0041962, , , , , , , 17.7384808, -0.0075532, , , , , , , 17.7384808, -0.0095674, , , , , , , 17.7384808, 0.0159457, , , , , , , , , , , , , , , , , , , , , , , , , , , , 
17.739, -0.0035248, , , , , , , 17.739, -0.0068818, , , , , , , 17.739, -0.0097353, , , , , , , 17.739, 0.0236667, , , , , , , , , , , , , , , , , , , , , , , , , , , , 
17.7395192, -0.0028534, , , , , , , 17.7395192, -0.0078889, , , , , , , 17.7395192, -0.008896, , , , , , , 17.7395192, 0.0293736, , , , , , , , , , , , , , , , , , , , , , , , , , , , 
17.7400385, -0.0041962, , , , , , , 17.7400385, -0.0082246, , , , , , , 17.7400385, -0.0062104, , , , , , , 17.7400385, 0.0327306, , , , , , , , , , , , , , , , , , , , , , , , , , , , 
17.7405577, -0.0041962, , , , , , , 17.7405577, -0.0058747, , , , , , , 17.7405577, -0.0045319, , , , , , , 17.7405577, 0.0357519, , , , , , , , , , , , , , , , , , , , , , , , , , , , 
17.7410769, -0.0048676, , , , , , , 17.7410769, -0.0052033, , , , , , , 17.7410769, -0.0062104, , , , , , , 17.7410769, 0.0397803, , , , , , , , , , , , , , , , , , , , , , , , , , , , 
17.7415962, -0.0077211, , , , , , , 17.7415962, -0.005539, , , , , , , 17.7415962, -0.0068818, , , , , , , 17.7415962, 0.0406195, , , , , , , , , , , , , , , , , , , , , , , , , , , , 
17.7421154, -0.0085603, , , , , , , 17.7421154, -0.0068818, , , , , , , 17.7421154, -0.0062104, , , , , , , 17.7421154, 0.0384375, , , , , , , , , , , , , , , , , , , , , , , , , , , , 
17.7426346, -0.0058747, , , , , , , 17.7426346, -0.0075532, , , , , , , 17.7426346, -0.0058747, , , , , , , 17.7426346, 0.0327306, , , , , , , , , , , , , , , , , , , , , , , , , , , , 
17.7431538, -0.0015106, , , , , , , 17.7431538, -0.0077211, , , , , , , 17.7431538, -0.0068818, , , , , , , 17.7431538, 0.026688, , , , , , , , , , , , , , , , , , , , , , , , , , , , 
17.7436731, 0.0078889, , , , , , , 17.7436731, -0.0082246, , , , , , , 17.7436731, -0.0068818, , , , , , , 17.7436731, 0.0246738, , , , , , , , , , , , , , , , , , , , , , , , , , , , 
17.7441923, 0.0172885, , , , , , , 17.7441923, -0.0075532, , , , , , , 17.7441923, -0.0070497, , , , , , , 17.7441923, 0.0213169, , , , , , , , , , , , , , , , , , , , , , , , , , , , 
17.7447115, 0.0240024, , , , , , , 17.7447115, -0.0068818, , , , , , , 17.7447115, -0.0072175, , , , , , , 17.7447115, 0.0186313, , , , , , , , , , , , , , , , , , , , , , , , , , , , 
17.7452308, 0.0287022, , , , , , , 17.7452308, -0.0062104, , , , , , , 17.7452308, -0.0068818, , , , , , , 17.7452308, 0.0172885, , , , , , , , , , , , , , , , , , , , , , , , , , , , 
17.74575, 0.0290379, , , , , , , 17.74575, -0.0043641, , , , , , , 17.74575, -0.0068818, , , , , , , 17.74575, 0.0179599, , , , , , , , , , , , , , , , , , , , , , , , , , , , 
17.7462692, 0.0273594, , , , , , , 17.7462692, -0.0030213, , , , , , , 17.7462692, -0.0082246, , , , , , , 17.7462692, 0.0166171, , , , , , , , , , , , , , , , , , , , , , , , , , , , 
17.7467885, 0.0313878, , , , , , , 17.7467885, -0.0031891, , , , , , , 17.7467885, -0.0082246, , , , , , , 17.7467885, 0.0125887, , , , , , , , , , , , , , , , , , , , , , , , , , , , 
17.7473077, 0.0320592, , , , , , , 17.7473077, -0.0035248, , , , , , , 17.7473077, -0.0092317, , , , , , , 17.7473077, 0.0090639, , , , , , , , , , , , , , , , , , , , , , , , , , , , 
17.7478269, 0.026688, , , , , , , 17.7478269, -0.005539, , , , , , , 17.7478269, -0.0099031, , , , , , , 17.7478269, 0.0092317, , , , , , , , , , , , , , , , , , , , , , , , , , , , 
17.7483462, 0.0213169, , , , , , , 17.7483462, -0.0072175, , , , , , , 17.7483462, -0.0078889, , , , , , , 17.7483462, 0.0102388, , , , , , , , , , , , , , , , , , , , , , , , , , , , 
17.7488654, 0.0209812, , , , , , , 17.7488654, -0.0062104, , , , , , , 17.7488654, -0.0057069, , , , , , , 17.7488654, 0.0112459, , , , , , , , , , , , , , , , , , , , , , , , , , , , 
17.7493846, 0.0169528, , , , , , , 17.7493846, -0.0052033, , , , , , , 17.7493846, -0.0048676, , , , , , , 17.7493846, 0.0115816, , , , , , , , , , , , , , , , , , , , , , , , , , , , 
17.7499038, 0.0117494, , , , , , , 17.7499038, -0.0065461, , , , , , , 17.7499038, -0.0045319, , , , , , , 17.7499038, 0.008896, , , , , , , , , , , , , , , , , , , , , , , , , , , , 
17.7504231, 0.0115816, , , , , , , 17.7504231, -0.0075532, , , , , , , 17.7504231, -0.0041962, , , , , , , 17.7504231, 0.0058747, , , , , , , , , , , , , , , , , , , , , , , , , , , , 
17.7509423, 0.0132601, , , , , , , 17.7509423, -0.0075532, , , , , , , 17.7509423, -0.0052033, , , , , , , 17.7509423, 0.0062104, , , , , , , , , , , , , , , , , , , , , , , , , , , , 
17.7514615, 0.0169528, , , , , , , 17.7514615, -0.0065461, , , , , , , 17.7514615, -0.0058747, , , , , , , 17.7514615, 0.0078889, , , , , , , , , , , , , , , , , , , , , , , , , , , , 
17.7519808, 0.0206455, , , , , , , 17.7519808, -0.0058747, , , , , , , 17.7519808, -0.005539, , , , , , , 17.7519808, 0.0068818, , , , , , , , , , , , , , , , , , , , , , , , , , , , 
17.7525, 0.023331, , , , , , , 17.7525, -0.0072175, , , , , , , 17.7525, -0.0048676, , , , , , , 17.7525, 0.0031891, , , , , , , , , , , , , , , , , , , , , , , , , , , , 
17.7530192, 0.0307164, , , , , , , 17.7530192, -0.0085603, , , , , , , 17.7530192, -0.0048676, , , , , , , 17.7530192, 0.0031891, , , , , , , , , , , , , , , , , , , , , , , , , , , , 
17.7535385, 0.0359197, , , , , , , 17.7535385, -0.0082246, , , , , , , 17.7535385, -0.0062104, , , , , , , 17.7535385, 0.0011749, , , , , , , , , , , , , , , , , , , , , , , , , , , , 
17.7540577, 0.0387732, , , , , , , 17.7540577, -0.0068818, , , , , , , 17.7540577, -0.0072175, , , , , , , 17.7540577, -0.0031891, , , , , , , , , , , , , , , , , , , , , , , , , , , , 
17.7545769, 0.0392767, , , , , , , 17.7545769, -0.0068818, , , , , , , 17.7545769, -0.0082246, , , , , , , 17.7545769, -0.0041962, , , , , , , , , , , , , , , , , , , , , , , , , , , , 
17.7550962, 0.040116, , , , , , , 17.7550962, -0.005539, , , , , , , 17.7550962, -0.0102388, , , , , , , 17.7550962, -0.0011749, , , , , , , , , , , , , , , , , , , , , , , , , , , , 
17.7556154, 0.0377661, , , , , , , 17.7556154, -0.0048676, , , , , , , 17.7556154, -0.0112459, , , , , , , 17.7556154, 0.0023499, , , , , , , , , , , , , , , , , , , , , , , , , , , , 
17.7561346, 0.030045, , , , , , , 17.7561346, -0.0068818, , , , , , , 17.7561346, -0.0105745, , , , , , , 17.7561346, 0.0062104, , , , , , , , , , , , , , , , , , , , , , , , , , , , 
17.7566538, 0.0229953, , , , , , , 17.7566538, -0.0083925, , , , , , , 17.7566538, -0.0078889, , , , , , , 17.7566538, 0.0105745, , , , , , , , , , , , , , , , , , , , , , , , , , , , 
17.7571731, 0.0199741, , , , , , , 17.7571731, -0.0082246, , , , , , , 17.7571731, -0.0065461, , , , , , , 17.7571731, 0.0112459, , , , , , , , , , , , , , , , , , , , , , , , , , , , 
17.7576923, 0.017792, , , , , , , 17.7576923, -0.0065461, , , , , , , 17.7576923, -0.0082246, , , , , , , 17.7576923, 0.0115816, , , , , , , , , , , , , , , , , , , , , , , , , , , , 
17.7582115, 0.0139315, , , , , , , 17.7582115, -0.0048676, , , , , , , 17.7582115, -0.0099031, , , , , , , 17.7582115, 0.0142672, , , , , , , , , , , , , , , , , , , , , , , , , , , , 
17.7587308, 0.0082246, , , , , , , 17.7587308, -0.0035248, , , , , , , 17.7587308, -0.008896, , , , , , , 17.7587308, 0.0203098, , , , , , , , , , , , , , , , , , , , , , , , , , , , 
17.75925, 0.0038605, , , , , , , 17.75925, -0.0035248, , , , , , , 17.75925, -0.0082246, , , , , , , 17.75925, 0.0260166, , , , , , , , , , , , , , , , , , , , , , , , , , , , 
17.7597692, 0.0011749, , , , , , , 17.7597692, -0.0062104, , , , , , , 17.7597692, -0.0062104, , , , , , , 17.7597692, 0.0303807, , , , , , , , , , , , , , , , , , , , , , , , , , , , 
17.7602885, -0.0015106, , , , , , , 17.7602885, -0.008896, , , , , , , 17.7602885, -0.005539, , , , , , , 17.7602885, 0.0337377, , , , , , , , , , , , , , , , , , , , , , , , , , , , 
17.7608077, -0.0095674, , , , , , , 17.7608077, -0.0095674, , , , , , , 17.7608077, -0.005539, , , , , , , 17.7608077, 0.0357519, , , , , , , , , , , , , , , , , , , , , , , , , , , , 
17.7613269, -0.0140993, , , , , , , 17.7613269, -0.0095674, , , , , , , 17.7613269, -0.0062104, , , , , , , 17.7613269, 0.0360876, , , , , , , , , , , , , , , , , , , , , , , , , , , , 
17.7618462, -0.0099031, , , , , , , 17.7618462, -0.0109102, , , , , , , 17.7618462, -0.0062104, , , , , , , 17.7618462, 0.033402, , , , , , , , , , , , , , , , , , , , , , , , , , , , 
17.7623654, -0.0063783, , , , , , , 17.7623654, -0.0112459, , , , , , , 17.7623654, -0.0041962, , , , , , , 17.7623654, 0.027863, , , , , , , , , , , , , , , , , , , , , , , , , , , , 
17.7628846, -0.0028534, , , , , , , 17.7628846, -0.0115816, , , , , , , 17.7628846, -0.0045319, , , , , , , 17.7628846, 0.0199741, , , , , , , , , , , , , , , , , , , , , , , , , , , , 
17.7634038, 0.0038605, , , , , , , 17.7634038, -0.0115816, , , , , , , 17.7634038, -0.0075532, , , , , , , 17.7634038, 0.0152743, , , , , , , , , , , , , , , , , , , , , , , , , , , , 
17.7639231, 0.0099031, , , , , , , 17.7639231, -0.0105745, , , , , , , 17.7639231, -0.0095674, , , , , , , 17.7639231, 0.0135958, , , , , , , , , , , , , , , , , , , , , , , , , , , , 
17.7644423, 0.0139315, , , , , , , 17.7644423, -0.0109102, , , , , , , 17.7644423, -0.011078, , , , , , , 17.7644423, 0.0115816, , , , , , , , , , , , , , , , , , , , , , , , , , , , 
17.7649615, 0.0176242, , , , , , , 17.7649615, -0.0105745, , , , , , , 17.7649615, -0.0129244, , , , , , , 17.7649615, 0.0082246, , , , , , , , , , , , , , , , , , , , , , , , , , , , 
17.7654808, 0.0226596, , , , , , , 17.7654808, -0.008896, , , , , , , 17.7654808, -0.0139315, , , , , , , 17.7654808, 0.0062104, , , , , , , , , , , , , , , , , , , , , , , , , , , , 
17.766, 0.0270237, , , , , , , 17.766, -0.0082246, , , , , , , 17.766, -0.0117494, , , , , , , 17.766, 0.0075532, , , , , , , , , , , , , , , , , , , , , , , , , , , , 
17.7665192, 0.030045, , , , , , , 17.7665192, -0.0095674, , , , , , , 17.7665192, -0.008896, , , , , , , 17.7665192, 0.0092317, , , , , , , , , , , , , , , , , , , , , , , , , , , , 
17.7670385, 0.0260166, , , , , , , 17.7670385, -0.010071, , , , , , , 17.7670385, -0.0072175, , , , , , , 17.7670385, 0.0102388, , , , , , , , , , , , , , , , , , , , , , , , , , , , 
17.7675577, 0.0218204, , , , , , , 17.7675577, -0.008896, , , , , , , 17.7675577, -0.0068818, , , , , , , 17.7675577, 0.0115816, , , , , , , , , , , , , , , , , , , , , , , , , , , , 
17.7680769, 0.0206455, , , , , , , 17.7680769, -0.0068818, , , , , , , 17.7680769, -0.0078889, , , , , , , 17.7680769, 0.0105745, , , , , , , , , , , , , , , , , , , , , , , , , , , , 
17.7685962, 0.0206455, , , , , , , 17.7685962, -0.0072175, , , , , , , 17.7685962, -0.008896, , , , , , , 17.7685962, 0.008896, , , , , , , , , , , , , , , , , , , , , , , , , , , , 
17.7691154, 0.0203098, , , , , , , 17.7691154, -0.0075532, , , , , , , 17.7691154, -0.0075532, , , , , , , 17.7691154, 0.0075532, , , , , , , , , , , , , , , , , , , , , , , , , , , , 
17.7696346, 0.0198062, , , , , , , 17.7696346, -0.0095674, , , , , , , 17.7696346, -0.0085603, , , , , , , 17.7696346, 0.0078889, , , , , , , , , , , , , , , , , , , , , , , , , , , , 
17.7701538, 0.0172885, , , , , , , 17.7701538, -0.008896, , , , , , , 17.7701538, -0.0099031, , , , , , , 17.7701538, 0.0109102, , , , , , , , , , , , , , , , , , , , , , , , , , , , 
17.7706731, 0.0151064, , , , , , , 17.7706731, -0.0063783, , , , , , , 17.7706731, -0.0105745, , , , , , , 17.7706731, 0.012253, , , , , , , , , , , , , , , , , , , , , , , , , , , , 
17.7711923, 0.0176242, , , , , , , 17.7711923, -0.0045319, , , , , , , 17.7711923, -0.0099031, , , , , , , 17.7711923, 0.0125887, , , , , , , , , , , , , , , , , , , , , , , , , , , , 
17.7717115, 0.0179599, , , , , , , 17.7717115, -0.0062104, , , , , , , 17.7717115, -0.0099031, , , , , , , 17.7717115, 0.0125887, , , , , , , , , , , , , , , , , , , , , , , , , , , , 
17.7722308, 0.0159457, , , , , , , 17.7722308, -0.008896, , , , , , , 17.7722308, -0.012253, , , , , , , 17.7722308, 0.0075532, , , , , , , , , , , , , , , , , , , , , , , , , , , , 
17.77275, 0.0149386, , , , , , , 17.77275, -0.0092317, , , , , , , 17.77275, -0.0135958, , , , , , , 17.77275, -0.0005035, , , , , , , , , , , , , , , , , , , , , , , , , , , , 
17.7732692, 0.0204776, , , , , , , 17.7732692, -0.0052033, , , , , , , 17.7732692, -0.0139315, , , , , , , 17.7732692, -0.0035248, , , , , , , , , , , , , , , , , , , , , , , , , , , , 
17.7737885, 0.0344091, , , , , , , 17.7737885, -0.0028534, , , , , , , 17.7737885, -0.0129244, , , , , , , 17.7737885, -0.0031891, , , , , , , , , , , , , , , , , , , , , , , , , , , , 
17.7743077, 0.0391089, , , , , , , 17.7743077, -0.0035248, , , , , , , 17.7743077, -0.012253, , , , , , , 17.7743077, -0.0043641, , , , , , , , , , , , , , , , , , , , , , , , , , , , 
17.7748269, 0.033402, , , , , , , 17.7748269, -0.0052033, , , , , , , 17.7748269, -0.0129244, , , , , , , 17.7748269, -0.0062104, , , , , , , , , , , , , , , , , , , , , , , , , , , , 
17.7753462, 0.0283665, , , , , , , 17.7753462, -0.0052033, , , , , , , 17.7753462, -0.0142672, , , , , , , 17.7753462, -0.0065461, , , , , , , , , , , , , , , , , , , , , , , , , , , , 
17.7758654, 0.023331, , , , , , , 17.7758654, -0.0052033, , , , , , , 17.7758654, -0.0147707, , , , , , , 17.7758654, -0.0028534, , , , , , , , , , , , , , , , , , , , , , , , , , , , 
17.7763846, 0.0166171, , , , , , , 17.7763846, -0.0038605, , , , , , , 17.7763846, -0.0132601, , , , , , , 17.7763846, 0.0048676, , , , , , , , , , , , , , , , , , , , , , , , , , , , 
17.7769038, 0.0124208, , , , , , , 17.7769038, -0.0038605, , , , , , , 17.7769038, -0.0115816, , , , , , , 17.7769038, 0.0092317, , , , , , , , , , , , , , , , , , , , , , , , , , , , 
17.7774231, 0.0099031, , , , , , , 17.7774231, -0.005539, , , , , , , 17.7774231, -0.008896, , , , , , , 17.7774231, 0.0112459, , , , , , , , , , , , , , , , , , , , , , , , , , , , 
17.7779423, 0.0062104, , , , , , , 17.7779423, -0.0068818, , , , , , , 17.7779423, -0.0083925, , , , , , , 17.7779423, 0.0132601, , , , , , , , , , , , , , , , , , , , , , , , , , , , 
17.7784615, -0.0015106, , , , , , , 17.7784615, -0.0082246, , , , , , , 17.7784615, -0.0092317, , , , , , , 17.7784615, 0.0172885, , , , , , , , , , , , , , , , , , , , , , , , , , , , 
17.7789808, -0.005539, , , , , , , 17.7789808, -0.0095674, , , , , , , 17.7789808, -0.0085603, , , , , , , 17.7789808, 0.0229953, , , , , , , , , , , , , , , , , , , , , , , , , , , , 
17.7795, -0.0025177, , , , , , , 17.7795, -0.008896, , , , , , , 17.7795, -0.005539, , , , , , , 17.7795, 0.0276951, , , , , , , , , , , , , , , , , , , , , , , , , , , , 
17.7800192, -0.0025177, , , , , , , 17.7800192, -0.0082246, , , , , , , 17.7800192, -0.0025177, , , , , , , 17.7800192, 0.0323949, , , , , , , , , , , , , , , , , , , , , , , , , , , , 
17.7805385, -0.0072175, , , , , , , 17.7805385, -0.0085603, , , , , , , 17.7805385, -0.0018463, , , , , , , 17.7805385, 0.0347448, , , , , , , , , , , , , , , , , , , , , , , , , , , , 
17.7810577, -0.0142672, , , , , , , 17.7810577, -0.0082246, , , , , , , 17.7810577, -0.0025177, , , , , , , 17.7810577, 0.0344091, , , , , , , , , , , , , , , , , , , , , , , , , , , , 
17.7815769, -0.0209812, , , , , , , 17.7815769, -0.0072175, , , , , , , 17.7815769, -0.0028534, , , , , , , 17.7815769, 0.033402, , , , , , , , , , , , , , , , , , , , , , , , , , , , 
17.7820962, -0.0219883, , , , , , , 17.7820962, -0.0075532, , , , , , , 17.7820962, -0.0041962, , , , , , , 17.7820962, 0.0323949, , , , , , , , , , , , , , , , , , , , , , , , , , , , 
17.7826154, -0.0176242, , , , , , , 17.7826154, -0.0075532, , , , , , , 17.7826154, -0.0048676, , , , , , , 17.7826154, 0.030045, , , , , , , , , , , , , , , , , , , , , , , , , , , , 
17.7831346, -0.0109102, , , , , , , 17.7831346, -0.0065461, , , , , , , 17.7831346, -0.0045319, , , , , , , 17.7831346, 0.0256809, , , , , , , , , , , , , , , , , , , , , , , , , , , , 
17.7836538, -0.005539, , , , , , , 17.7836538, -0.0068818, , , , , , , 17.7836538, -0.0048676, , , , , , , 17.7836538, 0.0219883, , , , , , , , , , , , , , , , , , , , , , , , , , , , 
17.7841731, -0.0052033, , , , , , , 17.7841731, -0.008896, , , , , , , 17.7841731, -0.005539, , , , , , , 17.7841731, 0.0203098, , , , , , , , , , , , , , , , , , , , , , , , , , , , 
17.7846923, -0.0045319, , , , , , , 17.7846923, -0.0083925, , , , , , , 17.7846923, -0.0045319, , , , , , , 17.7846923, 0.0181277, , , , , , , , , , , , , , , , , , , , , , , , , , , , 
17.7852115, 0.0005035, , , , , , , 17.7852115, -0.0082246, , , , , , , 17.7852115, -0.0025177, , , , , , , 17.7852115, 0.0179599, , , , , , , , , , , , , , , , , , , , , , , , , , , , 
17.7857308, 0.0048676, , , , , , , 17.7857308, -0.0095674, , , , , , , 17.7857308, -0.0015106, , , , , , , 17.7857308, 0.0169528, , , , , , , , , , , , , , , , , , , , , , , , , , , , 
17.78625, 0.0092317, , , , , , , 17.78625, -0.0109102, , , , , , , 17.78625, -0.0030213, , , , , , , 17.78625, 0.0139315, , , , , , , , , , , , , , , , , , , , , , , , , , , , 
17.7867692, 0.0112459, , , , , , , 17.7867692, -0.0115816, , , , , , , 17.7867692, -0.0052033, , , , , , , 17.7867692, 0.0139315, , , , , , , , , , , , , , , , , , , , , , , , , , , , 
17.7872885, 0.014435, , , , , , , 17.7872885, -0.0117494, , , , , , , 17.7872885, -0.0057069, , , , , , , 17.7872885, 0.0142672, , , , , , , , , , , , , , , , , , , , , , , , , , , , 
17.7878077, 0.0137636, , , , , , , 17.7878077, -0.0125887, , , , , , , 17.7878077, -0.0035248, , , , , , , 17.7878077, 0.0132601, , , , , , , , , , , , , , , , , , , , , , , , , , , , 
17.7883269, 0.0176242, , , , , , , 17.7883269, -0.0132601, , , , , , , 17.7883269, -0.0028534, , , , , , , 17.7883269, 0.012253, , , , , , , , , , , , , , , , , , , , , , , , , , , , 
17.7888462, 0.0224918, , , , , , , 17.7888462, -0.0130922, , , , , , , 17.7888462, -0.0063783, , , , , , , 17.7888462, 0.0099031, , , , , , , , , , , , , , , , , , , , , , , , , , , , 
17.7893654, 0.0226596, , , , , , , 17.7893654, -0.0115816, , , , , , , 17.7893654, -0.010071, , , , , , , 17.7893654, 0.0085603, , , , , , , , , , , , , , , , , , , , , , , , , , , , 
17.7898846, 0.0258488, , , , , , , 17.7898846, -0.0095674, , , , , , , 17.7898846, -0.0109102, , , , , , , 17.7898846, 0.0085603, , , , , , , , , , , , , , , , , , , , , , , , , , , , 
17.7904038, 0.0337377, , , , , , , 17.7904038, -0.005539, , , , , , , 17.7904038, -0.0090639, , , , , , , 17.7904038, 0.0099031, , , , , , , , , , , , , , , , , , , , , , , , , , , , 
17.7909231, 0.0337377, , , , , , , 17.7909231, -0.0028534, , , , , , , 17.7909231, -0.0090639, , , , , , , 17.7909231, 0.0092317, , , , , , , , , , , , , , , , , , , , , , , , , , , , 
17.7914423, 0.0260166, , , , , , , 17.7914423, -0.0036927, , , , , , , 17.7914423, -0.0115816, , , , , , , 17.7914423, 0.0085603, , , , , , , , , , , , , , , , , , , , , , , , , , , , 
17.7919615, 0.0226596, , , , , , , 17.7919615, -0.0075532, , , , , , , 17.7919615, -0.0112459, , , , , , , 17.7919615, 0.0078889, , , , , , , , , , , , , , , , , , , , , , , , , , , , 
17.7924808, 0.026688, , , , , , , 17.7924808, -0.0095674, , , , , , , 17.7924808, -0.0082246, , , , , , , 17.7924808, 0.0043641, , , , , , , , , , , , , , , , , , , , , , , , , , , , 
17.793, 0.0318914, , , , , , , 17.793, -0.0099031, , , , , , , 17.793, -0.0083925, , , , , , , 17.793, -0.0008392, , , , , , , , , , , , , , , , , , , , , , , , , , , , 
17.7935192, 0.036759, , , , , , , 17.7935192, -0.0082246, , , , , , , 17.7935192, -0.0102388, , , , , , , 17.7935192, -0.0048676, , , , , , , , , , , , , , , , , , , , , , , , , , , , 
17.7940385, 0.0397803, , , , , , , 17.7940385, -0.0065461, , , , , , , 17.7940385, -0.0109102, , , , , , , 17.7940385, -0.0082246, , , , , , , , , , , , , , , , , , , , , , , , , , , , 
17.7945577, 0.040116, , , , , , , 17.7945577, -0.0048676, , , , , , , 17.7945577, -0.0104067, , , , , , , 17.7945577, -0.0142672, , , , , , , , , , , , , , , , , , , , , , , , , , , , 
17.7950769, 0.0374304, , , , , , , 17.7950769, -0.0052033, , , , , , , 17.7950769, -0.0112459, , , , , , , 17.7950769, -0.017792, , , , , , , , , , , , , , , , , , , , , , , , , , , , 
17.7955962, 0.0340734, , , , , , , 17.7955962, -0.0048676, , , , , , , 17.7955962, -0.0125887, , , , , , , 17.7955962, -0.01561, , , , , , , , , , , , , , , , , , , , , , , , , , , , 
17.7961154, 0.0280308, , , , , , , 17.7961154, -0.0052033, , , , , , , 17.7961154, -0.012253, , , , , , , 17.7961154, -0.0082246, , , , , , , , , , , , , , , , , , , , , , , , , , , , 
17.7966346, 0.023331, , , , , , , 17.7966346, -0.005539, , , , , , , 17.7966346, -0.0104067, , , , , , , 17.7966346, -0.0001678, , , , , , , , , , , , , , , , , , , , , , , , , , , , 
17.7971538, 0.0169528, , , , , , , 17.7971538, -0.005539, , , , , , , 17.7971538, -0.0082246, , , , , , , 17.7971538, 0.0050355, , , , , , , , , , , , , , , , , , , , , , , , , , , , 
17.7976731, 0.0105745, , , , , , , 17.7976731, -0.0065461, , , , , , , 17.7976731, -0.005539, , , , , , , 17.7976731, 0.0107424, , , , , , , , , , , , , , , , , , , , , , , , , , , , 
17.7981923, 0.0072175, , , , , , , 17.7981923, -0.0085603, , , , , , , 17.7981923, -0.0030213, , , , , , , 17.7981923, 0.0172885, , , , , , , , , , , , , , , , , , , , , , , , , , , , 
17.7987115, 0.0046998, , , , , , , 17.7987115, -0.0097353, , , , , , , 17.7987115, -0.002182, , , , , , , 17.7987115, 0.0226596, , , , , , , , , , , , , , , , , , , , , , , , , , , , 
17.7992308, 0.0001678, , , , , , , 17.7992308, -0.0102388, , , , , , , 17.7992308, -0.0038605, , , , , , , 17.7992308, 0.0270237, , , , , , , , , , , , , , , , , , , , , , , , , , , , 
17.79975, -0.0045319, , , , , , , 17.79975, -0.008896, , , , , , , 17.79975, -0.005539, , , , , , , 17.79975, 0.0293736, , , , , , , , , , , , , , , , , , , , , , , , , , , , 
17.8002692, -0.0028534, , , , , , , 17.8002692, -0.0083925, , , , , , , 17.8002692, -0.0062104, , , , , , , 17.8002692, 0.0327306, , , , , , , , , , , , , , , , , , , , , , , , , , , , 
17.8007885, 0.0025177, , , , , , , 17.8007885, -0.0083925, , , , , , , 17.8007885, -0.0062104, , , , , , , 17.8007885, 0.0337377, , , , , , , , , , , , , , , , , , , , , , , , , , , , 
17.8013077, -0.0008392, , , , , , , 17.8013077, -0.0102388, , , , , , , 17.8013077, -0.0060426, , , , , , , 17.8013077, 0.0340734, , , , , , , , , , , , , , , , , , , , , , , , , , , , 
17.8018269, -0.0068818, , , , , , , 17.8018269, -0.0109102, , , , , , , 17.8018269, -0.0046998, , , , , , , 17.8018269, 0.0337377, , , , , , , , , , , , , , , , , , , , , , , , , , , , 
17.8023462, -0.0097353, , , , , , , 17.8023462, -0.0119173, , , , , , , 17.8023462, -0.0031891, , , , , , , 17.8023462, 0.0323949, , , , , , , , , , , , , , , , , , , , , , , , , , , , 
17.8028654, -0.0043641, , , , , , , 17.8028654, -0.0112459, , , , , , , 17.8028654, -0.0015106, , , , , , , 17.8028654, 0.030045, , , , , , , , , , , , , , , , , , , , , , , , , , , , 
17.8033846, 0.0058747, , , , , , , 17.8033846, -0.0102388, , , , , , , 17.8033846, -0.002182, , , , , , , 17.8033846, 0.0276951, , , , , , , , , , , , , , , , , , , , , , , , , , , , 
17.8039038, 0.0077211, , , , , , , 17.8039038, -0.0104067, , , , , , , 17.8039038, -0.0025177, , , , , , , 17.8039038, 0.0246738, , , , , , , , , , , , , , , , , , , , , , , , , , , , 
17.8044231, 0.0099031, , , , , , , 17.8044231, -0.0102388, , , , , , , 17.8044231, -0.002182, , , , , , , 17.8044231, 0.0209812, , , , , , , , , , , , , , , , , , , , , , , , , , , , 
17.8049423, 0.0164492, , , , , , , 17.8049423, -0.008896, , , , , , , 17.8049423, -0.0035248, , , , , , , 17.8049423, 0.0159457, , , , , , , , , , , , , , , , , , , , , , , , , , , , 
17.8054615, 0.0213169, , , , , , , 17.8054615, -0.0095674, , , , , , , 17.8054615, -0.005539, , , , , , , 17.8054615, 0.0115816, , , , , , , , , , , , , , , , , , , , , , , , , , , , 
17.8059808, 0.0203098, , , , , , , 17.8059808, -0.0095674, , , , , , , 17.8059808, -0.0082246, , , , , , , 17.8059808, 0.0097353, , , , , , , , , , , , , , , , , , , , , , , , , , , , 
17.8065, 0.0151064, , , , , , , 17.8065, -0.0095674, , , , , , , 17.8065, -0.0099031, , , , , , , 17.8065, 0.0092317, , , , , , , , , , , , , , , , , , , , , , , , , , , , 
17.8070192, 0.0119173, , , , , , , 17.8070192, -0.0104067, , , , , , , 17.8070192, -0.0112459, , , , , , , 17.8070192, 0.0072175, , , , , , , , , , , , , , , , , , , , , , , , , , , , 
17.8075385, 0.0125887, , , , , , , 17.8075385, -0.0115816, , , , , , , 17.8075385, -0.0115816, , , , , , , 17.8075385, 0.0045319, , , , , , , , , , , , , , , , , , , , , , , , , , , , 
17.8080577, 0.0184634, , , , , , , 17.8080577, -0.0115816, , , , , , , 17.8080577, -0.0115816, , , , , , , 17.8080577, 0.0023499, , , , , , , , , , , , , , , , , , , , , , , , , , , , 
17.8085769, 0.0213169, , , , , , , 17.8085769, -0.0109102, , , , , , , 17.8085769, -0.008896, , , , , , , 17.8085769, 0.0031891, , , , , , , , , , , , , , , , , , , , , , , , , , , , 
17.8090962, 0.0199741, , , , , , , 17.8090962, -0.0105745, , , , , , , 17.8090962, -0.0095674, , , , , , , 17.8090962, 0.0018463, , , , , , , , , , , , , , , , , , , , , , , , , , , , 
17.8096154, 0.0213169, , , , , , , 17.8096154, -0.0109102, , , , , , , 17.8096154, -0.0112459, , , , , , , 17.8096154, -0.002182, , , , , , , , , , , , , , , , , , , , , , , , , , , , 
17.8101346, 0.0213169, , , , , , , 17.8101346, -0.0112459, , , , , , , 17.8101346, -0.0102388, , , , , , , 17.8101346, -0.0028534, , , , , , , , , , , , , , , , , , , , , , , , , , , , 
17.8106538, 0.0199741, , , , , , , 17.8106538, -0.0099031, , , , , , , 17.8106538, -0.0070497, , , , , , , 17.8106538, 0.0008392, , , , , , , , , , , , , , , , , , , , , , , , , , , , 
17.8111731, 0.018967, , , , , , , 17.8111731, -0.0095674, , , , , , , 17.8111731, -0.0070497, , , , , , , 17.8111731, 0.0035248, , , , , , , , , , , , , , , , , , , , , , , , , , , , 
17.8116923, 0.017792, , , , , , , 17.8116923, -0.0099031, , , , , , , 17.8116923, -0.008896, , , , , , , 17.8116923, 0.0035248, , , , , , , , , , , , , , , , , , , , , , , , , , , , 
17.8122115, 0.0223239, , , , , , , 17.8122115, -0.0095674, , , , , , , 17.8122115, -0.0109102, , , , , , , 17.8122115, 0.0005035, , , , , , , , , , , , , , , , , , , , , , , , , , , , 
17.8127308, 0.0307164, , , , , , , 17.8127308, -0.0095674, , , , , , , 17.8127308, -0.0115816, , , , , , , 17.8127308, -0.0038605, , , , , , , , , , , , , , , , , , , , , , , , , , , , 
17.81325, 0.0357519, , , , , , , 17.81325, -0.0095674, , , , , , , 17.81325, -0.0119173, , , , , , , 17.81325, -0.0058747, , , , , , , , , , , , , , , , , , , , , , , , , , , , 
17.8137692, 0.0377661, , , , , , , 17.8137692, -0.0082246, , , , , , , 17.8137692, -0.0112459, , , , , , , 17.8137692, -0.0058747, , , , , , , , , , , , , , , , , , , , , , , , , , , , 
17.8142885, 0.0428016, , , , , , , 17.8142885, -0.0082246, , , , , , , 17.8142885, -0.0092317, , , , , , , 17.8142885, -0.0048676, , , , , , , , , , , , , , , , , , , , , , , , , , , , 
17.8148077, 0.0392767, , , , , , , 17.8148077, -0.0075532, , , , , , , 17.8148077, -0.0082246, , , , , , , 17.8148077, -0.0035248, , , , , , , , , , , , , , , , , , , , , , , , , , , , 
17.8153269, 0.0340734, , , , , , , 17.8153269, -0.0062104, , , , , , , 17.8153269, -0.0109102, , , , , , , 17.8153269, -0.0008392, , , , , , , , , , , , , , , , , , , , , , , , , , , , 
17.8158462, 0.033402, , , , , , , 17.8158462, -0.0073854, , , , , , , 17.8158462, -0.0132601, , , , , , , 17.8158462, 0.0020142, , , , , , , , , , , , , , , , , , , , , , , , , , , , 
17.8163654, 0.0283665, , , , , , , 17.8163654, -0.0095674, , , , , , , 17.8163654, -0.0129244, , , , , , , 17.8163654, 0.0058747, , , , , , , , , , , , , , , , , , , , , , , , , , , , 
17.8168846, 0.0223239, , , , , , , 17.8168846, -0.0102388, , , , , , , 17.8168846, -0.0115816, , , , , , , 17.8168846, 0.0119173, , , , , , , , , , , , , , , , , , , , , , , , , , , , 
17.8174038, 0.0209812, , , , , , , 17.8174038, -0.0095674, , , , , , , 17.8174038, -0.0115816, , , , , , , 17.8174038, 0.0164492, , , , , , , , , , , , , , , , , , , , , , , , , , , , 
17.8179231, 0.0193027, , , , , , , 17.8179231, -0.0099031, , , , , , , 17.8179231, -0.0112459, , , , , , , 17.8179231, 0.0216526, , , , , , , , , , , , , , , , , , , , , , , , , , , , 
17.8184423, 0.0129244, , , , , , , 17.8184423, -0.0092317, , , , , , , 17.8184423, -0.0112459, , , , , , , 17.8184423, 0.0283665, , , , , , , , , , , , , , , , , , , , , , , , , , , , 
17.8189615, 0.0031891, , , , , , , 17.8189615, -0.0082246, , , , , , , 17.8189615, -0.0114137, , , , , , , 17.8189615, 0.0354162, , , , , , , , , , , , , , , , , , , , , , , , , , , , 
17.8194808, -0.0023499, , , , , , , 17.8194808, -0.008896, , , , , , , 17.8194808, -0.0112459, , , , , , , 17.8194808, 0.0391089, , , , , , , , , , , , , , , , , , , , , , , , , , , , 
17.82, -0.005539, , , , , , , 17.82, -0.0085603, , , , , , , 17.82, -0.0085603, , , , , , , 17.82, 0.0411231, , , , , , , , , , , , , , , , , , , , , , , , , , , , 
17.8205192, -0.0109102, , , , , , , 17.8205192, -0.0082246, , , , , , , 17.8205192, -0.0075532, , , , , , , 17.8205192, 0.0414588, , , , , , , , , , , , , , , , , , , , , , , , , , , , 
17.8210385, -0.0154421, , , , , , , 17.8210385, -0.008896, , , , , , , 17.8210385, -0.0065461, , , , , , , 17.8210385, 0.0407874, , , , , , , , , , , , , , , , , , , , , , , , , , , , 
17.8215577, -0.0159457, , , , , , , 17.8215577, -0.0078889, , , , , , , 17.8215577, -0.0048676, , , , , , , 17.8215577, 0.0394446, , , , , , , , , , , , , , , , , , , , , , , , , , , , 
17.8220769, -0.0109102, , , , , , , 17.8220769, -0.0062104, , , , , , , 17.8220769, -0.0025177, , , , , , , 17.8220769, 0.0360876, , , , , , , , , , , , , , , , , , , , , , , , , , , , 
17.8225962, -0.0038605, , , , , , , 17.8225962, -0.005539, , , , , , , 17.8225962, -0.002182, , , , , , , 17.8225962, 0.0320592, , , , , , , , , , , , , , , , , , , , , , , , , , , , 
17.8231154, 0.0008392, , , , , , , 17.8231154, -0.0058747, , , , , , , 17.8231154, -0.0062104, , , , , , , 17.8231154, 0.0270237, , , , , , , , , , , , , , , , , , , , , , , , , , , , 
17.8236346, 0.0025177, , , , , , , 17.8236346, -0.0065461, , , , , , , 17.8236346, -0.0075532, , , , , , , 17.8236346, 0.0226596, , , , , , , , , , , , , , , , , , , , , , , , , , , , 
17.8241538, 0.0035248, , , , , , , 17.8241538, -0.0068818, , , , , , , 17.8241538, -0.0075532, , , , , , , 17.8241538, 0.0199741, , , , , , , , , , , , , , , , , , , , , , , , , , , , 
17.8246731, 0.002182, , , , , , , 17.8246731, -0.0058747, , , , , , , 17.8246731, -0.0058747, , , , , , , 17.8246731, 0.0159457, , , , , , , , , , , , , , , , , , , , , , , , , , , , 
17.8251923, 0.0011749, , , , , , , 17.8251923, -0.0041962, , , , , , , 17.8251923, -0.0038605, , , , , , , 17.8251923, 0.014435, , , , , , , , , , , , , , , , , , , , , , , , , , , , 
17.8257115, 0.0031891, , , , , , , 17.8257115, -0.0036927, , , , , , , 17.8257115, -0.0041962, , , , , , , 17.8257115, 0.01561, , , , , , , , , , , , , , , , , , , , , , , , , , , , 
17.8262308, 0.0077211, , , , , , , 17.8262308, -0.0048676, , , , , , , 17.8262308, -0.0062104, , , , , , , 17.8262308, 0.0139315, , , , , , , , , , , , , , , , , , , , , , , , , , , , 
17.82675, 0.0085603, , , , , , , 17.82675, -0.0030213, , , , , , , 17.82675, -0.0092317, , , , , , , 17.82675, 0.0119173, , , , , , , , , , , , , , , , , , , , , , , , , , , , 
17.8272692, 0.0045319, , , , , , , 17.8272692, -0.0011749, , , , , , , 17.8272692, -0.0095674, , , , , , , 17.8272692, 0.0115816, , , , , , , , , , , , , , , , , , , , , , , , , , , , 
17.8277885, 0.0065461, , , , , , , 17.8277885, -0.0003357, , , , , , , 17.8277885, -0.0068818, , , , , , , 17.8277885, 0.0119173, , , , , , , , , , , , , , , , , , , , , , , , , , , , 
17.8283077, 0.0038605, , , , , , , 17.8283077, -0.0015106, , , , , , , 17.8283077, -0.0062104, , , , , , , 17.8283077, 0.0115816, , , , , , , , , , , , , , , , , , , , , , , , , , , , 
17.8288269, -0.0025177, , , , , , , 17.8288269, -0.0028534, , , , , , , 17.8288269, -0.0078889, , , , , , , 17.8288269, 0.0097353, , , , , , , , , , , , , , , , , , , , , , , , , , , , 
17.8293462, 0.0018463, , , , , , , 17.8293462, -0.0031891, , , , , , , 17.8293462, -0.0092317, , , , , , , 17.8293462, 0.0070497, , , , , , , , , , , , , , , , , , , , , , , , , , , , 
17.8298654, 0.0119173, , , , , , , 17.8298654, -0.0048676, , , , , , , 17.8298654, -0.0095674, , , , , , , 17.8298654, 0.0048676, , , , , , , , , , , , , , , , , , , , , , , , , , , , 
17.8303846, 0.0149386, , , , , , , 17.8303846, -0.0070497, , , , , , , 17.8303846, -0.008896, , , , , , , 17.8303846, 0.0041962, , , , , , , , , , , , , , , , , , , , , , , , , , , , 
17.8309038, 0.0146029, , , , , , , 17.8309038, -0.0063783, , , , , , , 17.8309038, -0.0085603, , , , , , , 17.8309038, 0.0045319, , , , , , , , , , , , , , , , , , , , , , , , , , , , 
17.8314231, 0.0109102, , , , , , , 17.8314231, -0.0045319, , , , , , , 17.8314231, -0.0092317, , , , , , , 17.8314231, 0.0050355, , , , , , , , , , , , , , , , , , , , , , , , , , , , 
17.8319423, 0.0085603, , , , , , , 17.8319423, -0.0041962, , , , , , , 17.8319423, -0.0095674, , , , , , , 17.8319423, 0.002182, , , , , , , , , , , , , , , , , , , , , , , , , , , , 
17.8324615, 0.0139315, , , , , , , 17.8324615, -0.0045319, , , , , , , 17.8324615, -0.0109102, , , , , , , 17.8324615, -0.0043641, , , , , , , , , , , , , , , , , , , , , , , , , , , , 
17.8329808, 0.0219883, , , , , , , 17.8329808, -0.0063783, , , , , , , 17.8329808, -0.0119173, , , , , , , 17.8329808, -0.008896, , , , , , , , , , , , , , , , , , , , , , , , , , , , 
17.8335, 0.0260166, , , , , , , 17.8335, -0.0078889, , , , , , , 17.8335, -0.0115816, , , , , , , 17.8335, -0.0102388, , , , , , , , , , , , , , , , , , , , , , , , , , , , 
17.8340192, 0.026688, , , , , , , 17.8340192, -0.0095674, , , , , , , 17.8340192, -0.012253, , , , , , , 17.8340192, -0.0102388, , , , , , , , , , , , , , , , , , , , , , , , , , , , 
17.8345385, 0.0298772, , , , , , , 17.8345385, -0.0102388, , , , , , , 17.8345385, -0.0109102, , , , , , , 17.8345385, -0.0085603, , , , , , , , , , , , , , , , , , , , , , , , , , , , 
17.8350577, 0.0307164, , , , , , , 17.8350577, -0.0109102, , , , , , , 17.8350577, -0.0095674, , , , , , , 17.8350577, -0.0058747, , , , , , , , , , , , , , , , , , , , , , , , , , , , 
17.8355769, 0.0287022, , , , , , , 17.8355769, -0.0095674, , , , , , , 17.8355769, -0.0078889, , , , , , , 17.8355769, -0.002182, , , , , , , , , , , , , , , , , , , , , , , , , , , , 
17.8360962, 0.0240024, , , , , , , 17.8360962, -0.0082246, , , , , , , 17.8360962, -0.0065461, , , , , , , 17.8360962, -0.0003357, , , , , , , , , , , , , , , , , , , , , , , , , , , , 
17.8366154, 0.0193027, , , , , , , 17.8366154, -0.0095674, , , , , , , 17.8366154, -0.0075532, , , , , , , 17.8366154, 0.0011749, , , , , , , , , , , , , , , , , , , , , , , , , , , , 
17.8371346, 0.01561, , , , , , , 17.8371346, -0.0099031, , , , , , , 17.8371346, -0.0092317, , , , , , , 17.8371346, 0.005539, , , , , , , , , , , , , , , , , , , , , , , , , , , , 
17.8376538, 0.0117494, , , , , , , 17.8376538, -0.0099031, , , , , , , 17.8376538, -0.008896, , , , , , , 17.8376538, 0.0099031, , , , , , , , , , , , , , , , , , , , , , , , , , , , 
17.8381731, 0.0077211, , , , , , , 17.8381731, -0.0095674, , , , , , , 17.8381731, -0.0070497, , , , , , , 17.8381731, 0.0112459, , , , , , , , , , , , , , , , , , , , , , , , , , , , 
17.8386923, 0.0045319, , , , , , , 17.8386923, -0.0072175, , , , , , , 17.8386923, -0.005539, , , , , , , 17.8386923, 0.012253, , , , , , , , , , , , , , , , , , , , , , , , , , , , 
17.8392115, 0.0035248, , , , , , , 17.8392115, -0.0075532, , , , , , , 17.8392115, -0.0041962, , , , , , , 17.8392115, 0.0139315, , , , , , , , , , , , , , , , , , , , , , , , , , , , 
17.8397308, 0.0038605, , , , , , , 17.8397308, -0.0109102, , , , , , , 17.8397308, -0.0038605, , , , , , , 17.8397308, 0.0169528, , , , , , , , , , , , , , , , , , , , , , , , , , , , 
17.84025, 0.0048676, , , , , , , 17.84025, -0.0115816, , , , , , , 17.84025, -0.005539, , , , , , , 17.84025, 0.0219883, , , , , , , , , , , , , , , , , , , , , , , , , , , , 
17.8407692, 0.0045319, , , , , , , 17.8407692, -0.0102388, , , , , , , 17.8407692, -0.0062104, , , , , , , 17.8407692, 0.0253452, , , , , , , , , , , , , , , , , , , , , , , , , , , , 
17.8412885, 0.0052033, , , , , , , 17.8412885, -0.0085603, , , , , , , 17.8412885, -0.005539, , , , , , , 17.8412885, 0.0270237, , , , , , , , , , , , , , , , , , , , , , , , , , , , 
17.8418077, -0.0045319, , , , , , , 17.8418077, -0.0075532, , , , , , , 17.8418077, -0.0035248, , , , , , , 17.8418077, 0.030045, , , , , , , , , , , , , , , , , , , , , , , , , , , , 
17.8423269, -0.0115816, , , , , , , 17.8423269, -0.0068818, , , , , , , 17.8423269, -0.0028534, , , , , , , 17.8423269, 0.03122, , , , , , , , , , , , , , , , , , , , , , , , , , , , 
17.8428462, -0.0057069, , , , , , , 17.8428462, -0.0068818, , , , , , , 17.8428462, -0.0018463, , , , , , , 17.8428462, 0.0280308, , , , , , , , , , , , , , , , , , , , , , , , , , , , 
17.8433654, 0.0035248, , , , , , , 17.8433654, -0.0068818, , , , , , , 17.8433654, -0.0025177, , , , , , , 17.8433654, 0.0250095, , , , , , , , , , , , , , , , , , , , , , , , , , , , 
17.8438846, 0.0087282, , , , , , , 17.8438846, -0.0068818, , , , , , , 17.8438846, -0.0035248, , , , , , , 17.8438846, 0.0213169, , , , , , , , , , , , , , , , , , , , , , , , , , , , 
17.8444038, 0.0125887, , , , , , , 17.8444038, -0.0075532, , , , , , , 17.8444038, -0.0058747, , , , , , , 17.8444038, 0.0164492, , , , , , , , , , , , , , , , , , , , , , , , , , , , 
17.8449231, 0.0159457, , , , , , , 17.8449231, -0.0095674, , , , , , , 17.8449231, -0.0075532, , , , , , , 17.8449231, 0.0132601, , , , , , , , , , , , , , , , , , , , , , , , , , , , 
17.8454423, 0.0186313, , , , , , , 17.8454423, -0.0082246, , , , , , , 17.8454423, -0.0083925, , , , , , , 17.8454423, 0.0130922, , , , , , , , , , , , , , , , , , , , , , , , , , , , 
17.8459615, 0.0184634, , , , , , , 17.8459615, -0.005539, , , , , , , 17.8459615, -0.0077211, , , , , , , 17.8459615, 0.0137636, , , , , , , , , , , , , , , , , , , , , , , , , , , , 
17.8464808, 0.0159457, , , , , , , 17.8464808, -0.005539, , , , , , , 17.8464808, -0.0065461, , , , , , , 17.8464808, 0.01561, , , , , , , , , , , , , , , , , , , , , , , , , , , , 
17.847, 0.01561, , , , , , , 17.847, -0.0041962, , , , , , , 17.847, -0.0058747, , , , , , , 17.847, 0.0151064, , , , , , , , , , , , , , , , , , , , , , , , , , , , 
17.8475192, 0.0193027, , , , , , , 17.8475192, -0.0041962, , , , , , , 17.8475192, -0.0077211, , , , , , , 17.8475192, 0.0142672, , , , , , , , , , , , , , , , , , , , , , , , , , , , 
17.8480385, 0.0213169, , , , , , , 17.8480385, -0.005539, , , , , , , 17.8480385, -0.0109102, , , , , , , 17.8480385, 0.0135958, , , , , , , , , , , , , , , , , , , , , , , , , , , , 
17.8485577, 0.0248417, , , , , , , 17.8485577, -0.005539, , , , , , , 17.8485577, -0.0129244, , , , , , , 17.8485577, 0.012253, , , , , , , , , , , , , , , , , , , , , , , , , , , , 
17.8490769, 0.0273594, , , , , , , 17.8490769, -0.0062104, , , , , , , 17.8490769, -0.0117494, , , , , , , 17.8490769, 0.0112459, , , , , , , , , , , , , , , , , , , , , , , , , , , , 
17.8495962, 0.0240024, , , , , , , 17.8495962, -0.0068818, , , , , , , 17.8495962, -0.008896, , , , , , , 17.8495962, 0.0115816, , , , , , , , , , , , , , , , , , , , , , , , , , , , 
17.8501154, 0.0213169, , , , , , , 17.8501154, -0.0065461, , , , , , , 17.8501154, -0.006714, , , , , , , 17.8501154, 0.0125887, , , , , , , , , , , , , , , , , , , , , , , , , , , , 
17.8506346, 0.0206455, , , , , , , 17.8506346, -0.0058747, , , , , , , 17.8506346, -0.0062104, , , , , , , 17.8506346, 0.0132601, , , , , , , , , , , , , , , , , , , , , , , , , , , , 
17.8511538, 0.0206455, , , , , , , 17.8511538, -0.005539, , , , , , , 17.8511538, -0.0062104, , , , , , , 17.8511538, 0.0105745, , , , , , , , , , , , , , , , , , , , , , , , , , , , 
17.8516731, 0.0223239, , , , , , , 17.8516731, -0.0057069, , , , , , , 17.8516731, -0.0075532, , , , , , , 17.8516731, 0.0070497, , , , , , , , , , , , , , , , , , , , , , , , , , , , 
17.8521923, 0.0253452, , , , , , , 17.8521923, -0.0072175, , , , , , , 17.8521923, -0.0095674, , , , , , , 17.8521923, -0.0005035, , , , , , , , , , , , , , , , , , , , , , , , , , , , 
17.8527115, 0.0261845, , , , , , , 17.8527115, -0.0102388, , , , , , , 17.8527115, -0.0104067, , , , , , , 17.8527115, -0.008896, , , , , , , , , , , , , , , , , , , , , , , , , , , , 
17.8532308, 0.0270237, , , , , , , 17.8532308, -0.0109102, , , , , , , 17.8532308, -0.0097353, , , , , , , 17.8532308, -0.012253, , , , , , , , , , , , , , , , , , , , , , , , , , , , 
17.85375, 0.0280308, , , , , , , 17.85375, -0.0078889, , , , , , , 17.85375, -0.0092317, , , , , , , 17.85375, -0.0115816, , , , , , , , , , , , , , , , , , , , , , , , , , , , 
17.8542692, 0.0276951, , , , , , , 17.8542692, -0.0065461, , , , , , , 17.8542692, -0.0092317, , , , , , , 17.8542692, -0.0109102, , , , , , , , , , , , , , , , , , , , , , , , , , , , 
17.8547885, 0.0273594, , , , , , , 17.8547885, -0.0072175, , , , , , , 17.8547885, -0.0095674, , , , , , , 17.8547885, -0.012253, , , , , , , , , , , , , , , , , , , , , , , , , , , , 
17.8553077, 0.0218204, , , , , , , 17.8553077, -0.0078889, , , , , , , 17.8553077, -0.0124208, , , , , , , 17.8553077, -0.0135958, , , , , , , , , , , , , , , , , , , , , , , , , , , , 
17.8558269, 0.0186313, , , , , , , 17.8558269, -0.0078889, , , , , , , 17.8558269, -0.0139315, , , , , , , 17.8558269, -0.0109102, , , , , , , , , , , , , , , , , , , , , , , , , , , , 
17.8563462, 0.0186313, , , , , , , 17.8563462, -0.0077211, , , , , , , 17.8563462, -0.012253, , , , , , , 17.8563462, -0.0035248, , , , , , , , , , , , , , , , , , , , , , , , , , , , 
17.8568654, 0.0169528, , , , , , , 17.8568654, -0.0075532, , , , , , , 17.8568654, -0.0117494, , , , , , , 17.8568654, 0.0028534, , , , , , , , , , , , , , , , , , , , , , , , , , , , 
17.8573846, 0.0105745, , , , , , , 17.8573846, -0.0058747, , , , , , , 17.8573846, -0.0112459, , , , , , , 17.8573846, 0.0072175, , , , , , , , , , , , , , , , , , , , , , , , , , , , 
17.8579038, 0.0041962, , , , , , , 17.8579038, -0.005539, , , , , , , 17.8579038, -0.0097353, , , , , , , 17.8579038, 0.0114137, , , , , , , , , , , , , , , , , , , , , , , , , , , , 
17.8584231, 0.0015106, , , , , , , 17.8584231, -0.0065461, , , , , , , 17.8584231, -0.0092317, , , , , , , 17.8584231, 0.0171206, , , , , , , , , , , , , , , , , , , , , , , , , , , , 
17.8589423, 0.0018463, , , , , , , 17.8589423, -0.0072175, , , , , , , 17.8589423, -0.008896, , , , , , , 17.8589423, 0.0236667, , , , , , , , , , , , , , , , , , , , , , , , , , , , 
17.8594615, 0.0097353, , , , , , , 17.8594615, -0.0095674, , , , , , , 17.8594615, -0.0085603, , , , , , , 17.8594615, 0.0290379, , , , , , , , , , , , , , , , , , , , , , , , , , , , 
17.8599808, 0.0149386, , , , , , , 17.8599808, -0.0092317, , , , , , , 17.8599808, -0.0075532, , , , , , , 17.8599808, 0.0313878, , , , , , , , , , , , , , , , , , , , , , , , , , , , 
17.8605, 0.0090639, , , , , , , 17.8605, -0.0068818, , , , , , , 17.8605, -0.0070497, , , , , , , 17.8605, 0.0327306, , , , , , , , , , , , , , , , , , , , , , , , , , , , 
17.8610192, 0.0025177, , , , , , , 17.8610192, -0.0050355, , , , , , , 17.8610192, -0.0068818, , , , , , , 17.8610192, 0.0384375, , , , , , , , , , , , , , , , , , , , , , , , , , , , 
17.8615385, -0.0036927, , , , , , , 17.8615385, -0.0062104, , , , , , , 17.8615385, -0.0045319, , , , , , , 17.8615385, 0.0448157, , , , , , , , , , , , , , , , , , , , , , , , , , , , 
17.8620577, -0.0062104, , , , , , , 17.8620577, -0.0078889, , , , , , , 17.8620577, -0.0035248, , , , , , , 17.8620577, 0.0438087, , , , , , , , , , , , , , , , , , , , , , , , , , , , 
17.8625769, -0.0043641, , , , , , , 17.8625769, -0.0093996, , , , , , , 17.8625769, -0.0036927, , , , , , , 17.8625769, 0.0384375, , , , , , , , , , , , , , , , , , , , , , , , , , , , 
17.8630962, 0.0005035, , , , , , , 17.8630962, -0.0095674, , , , , , , 17.8630962, -0.0052033, , , , , , , 17.8630962, 0.0313878, , , , , , , , , , , , , , , , , , , , , , , , , , , , 
17.8636154, 0.0075532, , , , , , , 17.8636154, -0.008896, , , , , , , 17.8636154, -0.0058747, , , , , , , 17.8636154, 0.0260166, , , , , , , , , , , , , , , , , , , , , , , , , , , , 
17.8641346, 0.0125887, , , , , , , 17.8641346, -0.0083925, , , , , , , 17.8641346, -0.0045319, , , , , , , 17.8641346, 0.0240024, , , , , , , , , , , , , , , , , , , , , , , , , , , , 
17.8646538, 0.017792, , , , , , , 17.8646538, -0.0065461, , , , , , , 17.8646538, -0.0048676, , , , , , , 17.8646538, 0.0213169, , , , , , , , , , , , , , , , , , , , , , , , , , , , 
17.8651731, 0.0179599, , , , , , , 17.8651731, -0.0057069, , , , , , , 17.8651731, -0.0063783, , , , , , , 17.8651731, 0.0193027, , , , , , , , , , , , , , , , , , , , , , , , , , , , 
17.8656923, 0.0152743, , , , , , , 17.8656923, -0.0063783, , , , , , , 17.8656923, -0.0072175, , , , , , , 17.8656923, 0.0182956, , , , , , , , , , , , , , , , , , , , , , , , , , , , 
17.8662115, 0.0151064, , , , , , , 17.8662115, -0.0058747, , , , , , , 17.8662115, -0.0075532, , , , , , , 17.8662115, 0.0184634, , , , , , , , , , , , , , , , , , , , , , , , , , , , 
17.8667308, 0.0186313, , , , , , , 17.8667308, -0.0057069, , , , , , , 17.8667308, -0.0068818, , , , , , , 17.8667308, 0.0152743, , , , , , , , , , , , , , , , , , , , , , , , , , , , 
17.86725, 0.0240024, , , , , , , 17.86725, -0.0085603, , , , , , , 17.86725, -0.0082246, , , , , , , 17.86725, 0.0112459, , , , , , , , , , , , , , , , , , , , , , , , , , , , 
17.8677692, 0.0248417, , , , , , , 17.8677692, -0.0090639, , , , , , , 17.8677692, -0.0105745, , , , , , , 17.8677692, 0.0085603, , , , , , , , , , , , , , , , , , , , , , , , , , , , 
17.8682885, 0.0240024, , , , , , , 17.8682885, -0.0087282, , , , , , , 17.8682885, -0.0109102, , , , , , , 17.8682885, 0.0077211, , , , , , , , , , , , , , , , , , , , , , , , , , , , 
17.8688077, 0.0219883, , , , , , , 17.8688077, -0.008896, , , , , , , 17.8688077, -0.0085603, , , , , , , 17.8688077, 0.0102388, , , , , , , , , , , , , , , , , , , , , , , , , , , , 
17.8693269, 0.0198062, , , , , , , 17.8693269, -0.0095674, , , , , , , 17.8693269, -0.005539, , , , , , , 17.8693269, 0.0115816, , , , , , , , , , , , , , , , , , , , , , , , , , , , 
17.8698462, 0.0206455, , , , , , , 17.8698462, -0.0109102, , , , , , , 17.8698462, -0.0072175, , , , , , , 17.8698462, 0.0115816, , , , , , , , , , , , , , , , , , , , , , , , , , , , 
17.8703654, 0.0204776, , , , , , , 17.8703654, -0.0119173, , , , , , , 17.8703654, -0.0102388, , , , , , , 17.8703654, 0.0112459, , , , , , , , , , , , , , , , , , , , , , , , , , , , 
17.8708846, 0.0166171, , , , , , , 17.8708846, -0.0129244, , , , , , , 17.8708846, -0.0090639, , , , , , , 17.8708846, 0.0090639, , , , , , , , , , , , , , , , , , , , , , , , , , , , 
17.8714038, 0.0146029, , , , , , , 17.8714038, -0.012253, , , , , , , 17.8714038, -0.0082246, , , , , , , 17.8714038, 0.005539, , , , , , , , , , , , , , , , , , , , , , , , , , , , 
17.8719231, 0.0191348, , , , , , , 17.8719231, -0.0109102, , , , , , , 17.8719231, -0.0082246, , , , , , , 17.8719231, 0.0025177, , , , , , , , , , , , , , , , , , , , , , , , , , , , 
17.8724423, 0.0250095, , , , , , , 17.8724423, -0.0112459, , , , , , , 17.8724423, -0.0099031, , , , , , , 17.8724423, -0.0020142, , , , , , , , , , , , , , , , , , , , , , , , , , , , 
17.8729615, 0.0280308, , , , , , , 17.8729615, -0.0112459, , , , , , , 17.8729615, -0.0109102, , , , , , , 17.8729615, -0.0041962, , , , , , , , , , , , , , , , , , , , , , , , , , , , 
17.8734808, 0.0305486, , , , , , , 17.8734808, -0.0109102, , , , , , , 17.8734808, -0.0115816, , , , , , , 17.8734808, -0.0035248, , , , , , , , , , , , , , , , , , , , , , , , , , , , 
17.874, 0.0310521, , , , , , , 17.874, -0.0099031, , , , , , , 17.874, -0.0109102, , , , , , , 17.874, -0.0058747, , , , , , , , , , , , , , , , , , , , , , , , , , , , 
17.8745192, 0.0320592, , , , , , , 17.8745192, -0.0099031, , , , , , , 17.8745192, -0.0087282, , , , , , , 17.8745192, -0.0083925, , , , , , , , , , , , , , , , , , , , , , , , , , , , 
17.8750385, 0.0310521, , , , , , , 17.8750385, -0.008896, , , , , , , 17.8750385, -0.0097353, , , , , , , 17.8750385, -0.0077211, , , , , , , , , , , , , , , , , , , , , , , , , , , , 
17.8755577, 0.0240024, , , , , , , 17.8755577, -0.0068818, , , , , , , 17.8755577, -0.0099031, , , , , , , 17.8755577, -0.0062104, , , , , , , , , , , , , , , , , , , , , , , , , , , , 
17.8760769, 0.0199741, , , , , , , 17.8760769, -0.0065461, , , , , , , 17.8760769, -0.0072175, , , , , , , 17.8760769, -0.0015106, , , , , , , , , , , , , , , , , , , , , , , , , , , , 
17.8765962, 0.0224918, , , , , , , 17.8765962, -0.0078889, , , , , , , 17.8765962, -0.0072175, , , , , , , 17.8765962, 0.0058747, , , , , , , , , , , , , , , , , , , , , , , , , , , , 
17.8771154, 0.023331, , , , , , , 17.8771154, -0.0082246, , , , , , , 17.8771154, -0.0095674, , , , , , , 17.8771154, 0.0117494, , , , , , , , , , , , , , , , , , , , , , , , , , , , 
17.8776346, 0.0191348, , , , , , , 17.8776346, -0.0072175, , , , , , , 17.8776346, -0.0095674, , , , , , , 17.8776346, 0.0152743, , , , , , , , , , , , , , , , , , , , , , , , , , , , 
17.8781538, 0.0119173, , , , , , , 17.8781538, -0.0078889, , , , , , , 17.8781538, -0.0062104, , , , , , , 17.8781538, 0.021149, , , , , , , , , , , , , , , , , , , , , , , , , , , , 
17.8786731, 0.0052033, , , , , , , 17.8786731, -0.0082246, , , , , , , 17.8786731, -0.0028534, , , , , , , 17.8786731, 0.03122, , , , , , , , , , , , , , , , , , , , , , , , , , , , 
17.8791923, -0.0008392, , , , , , , 17.8791923, -0.0075532, , , , , , , 17.8791923, -0.0028534, , , , , , , 17.8791923, 0.0354162, , , , , , , , , , , , , , , , , , , , , , , , , , , , 
17.8797115, -0.0058747, , , , , , , 17.8797115, -0.0075532, , , , , , , 17.8797115, -0.0028534, , , , , , , 17.8797115, 0.0354162, , , , , , , , , , , , , , , , , , , , , , , , , , , , 
17.8802308, -0.0083925, , , , , , , 17.8802308, -0.0078889, , , , , , , 17.8802308, -0.0031891, , , , , , , 17.8802308, 0.0364233, , , , , , , , , , , , , , , , , , , , , , , , , , , , 
17.88075, -0.0083925, , , , , , , 17.88075, -0.0068818, , , , , , , 17.88075, -0.0038605, , , , , , , 17.88075, 0.036759, , , , , , , , , , , , , , , , , , , , , , , , , , , , 
17.8812692, -0.012253, , , , , , , 17.8812692, -0.0062104, , , , , , , 17.8812692, -0.0025177, , , , , , , 17.8812692, 0.0365911, , , , , , , , , , , , , , , , , , , , , , , , , , , , 
17.8817885, -0.012253, , , , , , , 17.8817885, -0.0068818, , , , , , , 17.8817885, -0.0001678, , , , , , , 17.8817885, 0.035584, , , , , , , , , , , , , , , , , , , , , , , , , , , , 
17.8823077, -0.0090639, , , , , , , 17.8823077, -0.0075532, , , , , , , 17.8823077, -0.0003357, , , , , , , 17.8823077, 0.0313878, , , , , , , , , , , , , , , , , , , , , , , , , , , , 
17.8828269, -0.0038605, , , , , , , 17.8828269, -0.0077211, , , , , , , 17.8828269, -0.0025177, , , , , , , 17.8828269, 0.0238346, , , , , , , , , , , , , , , , , , , , , , , , , , , , 
17.8833462, 0.0008392, , , , , , , 17.8833462, -0.0097353, , , , , , , 17.8833462, -0.0041962, , , , , , , 17.8833462, 0.0164492, , , , , , , , , , , , , , , , , , , , , , , , , , , , 
17.8838654, 0.0058747, , , , , , , 17.8838654, -0.0109102, , , , , , , 17.8838654, -0.0052033, , , , , , , 17.8838654, 0.0095674, , , , , , , , , , , , , , , , , , , , , , , , , , , , 
17.8843846, 0.0105745, , , , , , , 17.8843846, -0.0109102, , , , , , , 17.8843846, -0.0046998, , , , , , , 17.8843846, 0.0062104, , , , , , , , , , , , , , , , , , , , , , , , , , , , 
17.8849038, 0.0109102, , , , , , , 17.8849038, -0.0109102, , , , , , , 17.8849038, -0.0050355, , , , , , , 17.8849038, 0.0052033, , , , , , , , , , , , , , , , , , , , , , , , , , , , 
17.8854231, 0.0085603, , , , , , , 17.8854231, -0.0095674, , , , , , , 17.8854231, -0.0068818, , , , , , , 17.8854231, 0.0058747, , , , , , , , , , , , , , , , , , , , , , , , , , , , 
17.8859423, 0.008896, , , , , , , 17.8859423, -0.0085603, , , , , , , 17.8859423, -0.0072175, , , , , , , 17.8859423, 0.0060426, , , , , , , , , , , , , , , , , , , , , , , , , , , , 
17.8864615, 0.0099031, , , , , , , 17.8864615, -0.0082246, , , , , , , 17.8864615, -0.0075532, , , , , , , 17.8864615, 0.0052033, , , , , , , , , , , , , , , , , , , , , , , , , , , , 
17.8869808, 0.0112459, , , , , , , 17.8869808, -0.0078889, , , , , , , 17.8869808, -0.0099031, , , , , , , 17.8869808, 0.0018463, , , , , , , , , , , , , , , , , , , , , , , , , , , , 
17.8875, 0.0135958, , , , , , , 17.8875, -0.0082246, , , , , , , 17.8875, -0.0099031, , , , , , , 17.8875, -0.0001678, , , , , , , , , , , , , , , , , , , , , , , , , , , , 
17.8880192, 0.0171206, , , , , , , 17.8880192, -0.0083925, , , , , , , 17.8880192, -0.0092317, , , , , , , 17.8880192, 0.0005035, , , , , , , , , , , , , , , , , , , , , , , , , , , , 
17.8885385, 0.0213169, , , , , , , 17.8885385, -0.008896, , , , , , , 17.8885385, -0.0078889, , , , , , , 17.8885385, 0.0020142, , , , , , , , , , , , , , , , , , , , , , , , , , , , 
17.8890577, 0.026688, , , , , , , 17.8890577, -0.0097353, , , , , , , 17.8890577, -0.008896, , , , , , , 17.8890577, 0.0028534, , , , , , , , , , , , , , , , , , , , , , , , , , , , 
17.8895769, 0.0268559, , , , , , , 17.8895769, -0.0099031, , , , , , , 17.8895769, -0.0107424, , , , , , , 17.8895769, 0.0038605, , , , , , , , , , , , , , , , , , , , , , , , , , , , 
17.8900962, 0.0260166, , , , , , , 17.8900962, -0.0095674, , , , , , , 17.8900962, -0.0117494, , , , , , , 17.8900962, 0.0057069, , , , , , , , , , , , , , , , , , , , , , , , , , , , 
17.8906154, 0.0280308, , , , , , , 17.8906154, -0.0082246, , , , , , , 17.8906154, -0.0112459, , , , , , , 17.8906154, 0.0083925, , , , , , , , , , , , , , , , , , , , , , , , , , , , 
17.8911346, 0.0273594, , , , , , , 17.8911346, -0.0072175, , , , , , , 17.8911346, -0.0085603, , , , , , , 17.8911346, 0.0092317, , , , , , , , , , , , , , , , , , , , , , , , , , , , 
17.8916538, 0.026688, , , , , , , 17.8916538, -0.005539, , , , , , , 17.8916538, -0.0083925, , , , , , , 17.8916538, 0.0065461, , , , , , , , , , , , , , , , , , , , , , , , , , , , 
17.8921731, 0.0287022, , , , , , , 17.8921731, -0.0048676, , , , , , , 17.8921731, -0.012253, , , , , , , 17.8921731, -0.0010071, , , , , , , , , , , , , , , , , , , , , , , , , , , , 
17.8926923, 0.0303807, , , , , , , 17.8926923, -0.0058747, , , , , , , 17.8926923, -0.0115816, , , , , , , 17.8926923, -0.0109102, , , , , , , , , , , , , , , , , , , , , , , , , , , , 
17.8932115, 0.0293736, , , , , , , 17.8932115, -0.0070497, , , , , , , 17.8932115, -0.008896, , , , , , , 17.8932115, -0.014435, , , , , , , , , , , , , , , , , , , , , , , , , , , , 
17.8937308, 0.0273594, , , , , , , 17.8937308, -0.0082246, , , , , , , 17.8937308, -0.0075532, , , , , , , 17.8937308, -0.0109102, , , , , , , , , , , , , , , , , , , , , , , , , , , , 
17.89425, 0.0303807, , , , , , , 17.89425, -0.0090639, , , , , , , 17.89425, -0.0082246, , , , , , , 17.89425, -0.0052033, , , , , , , , , , , , , , , , , , , , , , , , , , , , 
17.8947692, 0.0327306, , , , , , , 17.8947692, -0.0082246, , , , , , , 17.8947692, -0.008896, , , , , , , 17.8947692, -0.0001678, , , , , , , , , , , , , , , , , , , , , , , , , , , , 
17.8952885, 0.0327306, , , , , , , 17.8952885, -0.0072175, , , , , , , 17.8952885, -0.0092317, , , , , , , 17.8952885, 0.0018463, , , , , , , , , , , , , , , , , , , , , , , , , , , , 
17.8958077, 0.0280308, , , , , , , 17.8958077, -0.0075532, , , , , , , 17.8958077, -0.0092317, , , , , , , 17.8958077, 0.0031891, , , , , , , , , , , , , , , , , , , , , , , , , , , , 
17.8963269, 0.0223239, , , , , , , 17.8963269, -0.0082246, , , , , , , 17.8963269, -0.0109102, , , , , , , 17.8963269, 0.0085603, , , , , , , , , , , , , , , , , , , , , , , , , , , , 
17.8968462, 0.0171206, , , , , , , 17.8968462, -0.0068818, , , , , , , 17.8968462, -0.0105745, , , , , , , 17.8968462, 0.0166171, , , , , , , , , , , , , , , , , , , , , , , , , , , , 
17.8973654, 0.0125887, , , , , , , 17.8973654, -0.0058747, , , , , , , 17.8973654, -0.0078889, , , , , , , 17.8973654, 0.0206455, , , , , , , , , , , , , , , , , , , , , , , , , , , , 
17.8978846, 0.0077211, , , , , , , 17.8978846, -0.0052033, , , , , , , 17.8978846, -0.0072175, , , , , , , 17.8978846, 0.0226596, , , , , , , , , , , , , , , , , , , , , , , , , , , , 
17.8984038, 0.0038605, , , , , , , 17.8984038, -0.0048676, , , , , , , 17.8984038, -0.0082246, , , , , , , 17.8984038, 0.0263523, , , , , , , , , , , , , , , , , , , , , , , , , , , , 
17.8989231, 0.0001678, , , , , , , 17.8989231, -0.0045319, , , , , , , 17.8989231, -0.0095674, , , , , , , 17.8989231, 0.0320592, , , , , , , , , , , , , , , , , , , , , , , , , , , , 
17.8994423, -0.0062104, , , , , , , 17.8994423, -0.0048676, , , , , , , 17.8994423, -0.0102388, , , , , , , 17.8994423, 0.0374304, , , , , , , , , , , , , , , , , , , , , , , , , , , , 
17.8999615, -0.0112459, , , , , , , 17.8999615, -0.0062104, , , , , , , 17.8999615, -0.0082246, , , , , , , 17.8999615, 0.040116, , , , , , , , , , , , , , , , , , , , , , , , , , , , 
17.9004808, -0.0097353, , , , , , , 17.9004808, -0.0075532, , , , , , , 17.9004808, -0.0068818, , , , , , , 17.9004808, 0.0421302, , , , , , , , , , , , , , , , , , , , , , , , , , , , 
17.901, -0.0092317, , , , , , , 17.901, -0.0068818, , , , , , , 17.901, -0.0062104, , , , , , , 17.901, 0.0441444, , , , , , , , , , , , , , , , , , , , , , , , , , , , 
17.9015192, -0.0112459, , , , , , , 17.9015192, -0.005539, , , , , , , 17.9015192, -0.0068818, , , , , , , 17.9015192, 0.0441444, , , , , , , , , , , , , , , , , , , , , , , , , , , , 
17.9020385, -0.0075532, , , , , , , 17.9020385, -0.0062104, , , , , , , 17.9020385, -0.0058747, , , , , , , 17.9020385, 0.0439765, , , , , , , , , , , , , , , , , , , , , , , , , , , , 
17.9025577, -0.002182, , , , , , , 17.9025577, -0.0062104, , , , , , , 17.9025577, -0.0030213, , , , , , , 17.9025577, 0.0387732, , , , , , , , , , , , , , , , , , , , , , , , , , , , 
17.9030769, 0.0001678, , , , , , , 17.9030769, -0.0041962, , , , , , , 17.9030769, -0.002182, , , , , , , 17.9030769, 0.0320592, , , , , , , , , , , , , , , , , , , , , , , , , , , , 
17.9035962, -0.0005035, , , , , , , 17.9035962, -0.0028534, , , , , , , 17.9035962, -0.0045319, , , , , , , 17.9035962, 0.0293736, , , , , , , , , , , , , , , , , , , , , , , , , , , , 
17.9041154, -0.0001678, , , , , , , 17.9041154, -0.005539, , , , , , , 17.9041154, -0.0077211, , , , , , , 17.9041154, 0.0258488, , , , , , , , , , , , , , , , , , , , , , , , , , , , 
17.9046346, 0.0072175, , , , , , , 17.9046346, -0.0082246, , , , , , , 17.9046346, -0.0092317, , , , , , , 17.9046346, 0.0196384, , , , , , , , , , , , , , , , , , , , , , , , , , , , 
17.9051538, 0.0149386, , , , , , , 17.9051538, -0.0075532, , , , , , , 17.9051538, -0.0082246, , , , , , , 17.9051538, 0.0146029, , , , , , , , , , , , , , , , , , , , , , , , , , , , 
17.9056731, 0.0196384, , , , , , , 17.9056731, -0.0065461, , , , , , , 17.9056731, -0.0085603, , , , , , , 17.9056731, 0.0114137, , , , , , , , , , , , , , , , , , , , , , , , , , , , 
17.9061923, 0.0204776, , , , , , , 17.9061923, -0.0072175, , , , , , , 17.9061923, -0.012253, , , , , , , 17.9061923, 0.0102388, , , , , , , , , , , , , , , , , , , , , , , , , , , , 
17.9067115, 0.0172885, , , , , , , 17.9067115, -0.0109102, , , , , , , 17.9067115, -0.0129244, , , , , , , 17.9067115, 0.0105745, , , , , , , , , , , , , , , , , , , , , , , , , , , , 
17.9072308, 0.0135958, , , , , , , 17.9072308, -0.0112459, , , , , , , 17.9072308, -0.0109102, , , , , , , 17.9072308, 0.0109102, , , , , , , , , , , , , , , , , , , , , , , , , , , , 
17.90775, 0.0132601, , , , , , , 17.90775, -0.0109102, , , , , , , 17.90775, -0.0082246, , , , , , , 17.90775, 0.0105745, , , , , , , , , , , , , , , , , , , , , , , , , , , , 
17.9082692, 0.0139315, , , , , , , 17.9082692, -0.0104067, , , , , , , 17.9082692, -0.0070497, , , , , , , 17.9082692, 0.0105745, , , , , , , , , , , , , , , , , , , , , , , , , , , , 
17.9087885, 0.0172885, , , , , , , 17.9087885, -0.0105745, , , , , , , 17.9087885, -0.0075532, , , , , , , 17.9087885, 0.0119173, , , , , , , , , , , , , , , , , , , , , , , , , , , , 
17.9093077, 0.0135958, , , , , , , 17.9093077, -0.0099031, , , , , , , 17.9093077, -0.0095674, , , , , , , 17.9093077, 0.0129244, , , , , , , , , , , , , , , , , , , , , , , , , , , , 
17.9098269, 0.008896, , , , , , , 17.9098269, -0.0085603, , , , , , , 17.9098269, -0.0115816, , , , , , , 17.9098269, 0.0109102, , , , , , , , , , , , , , , , , , , , , , , , , , , , 
17.9103462, 0.0078889, , , , , , , 17.9103462, -0.0082246, , , , , , , 17.9103462, -0.0119173, , , , , , , 17.9103462, 0.0058747, , , , , , , , , , , , , , , , , , , , , , , , , , , , 
17.9108654, 0.0112459, , , , , , , 17.9108654, -0.0073854, , , , , , , 17.9108654, -0.0095674, , , , , , , 17.9108654, 0.0018463, , , , , , , , , , , , , , , , , , , , , , , , , , , , 
17.9113846, 0.0146029, , , , , , , 17.9113846, -0.0068818, , , , , , , 17.9113846, -0.0082246, , , , , , , 17.9113846, -0.0001678, , , , , , , , , , , , , , , , , , , , , , , , , , , , 
17.9119038, 0.0196384, , , , , , , 17.9119038, -0.0068818, , , , , , , 17.9119038, -0.0095674, , , , , , , 17.9119038, -0.0016785, , , , , , , , , , , , , , , , , , , , , , , , , , , , 
17.9124231, 0.0258488, , , , , , , 17.9124231, -0.0068818, , , , , , , 17.9124231, -0.012253, , , , , , , 17.9124231, -0.0048676, , , , , , , , , , , , , , , , , , , , , , , , , , , , 
17.9129423, 0.0256809, , , , , , , 17.9129423, -0.0075532, , , , , , , 17.9129423, -0.0129244, , , , , , , 17.9129423, -0.0072175, , , , , , , , , , , , , , , , , , , , , , , , , , , , 
17.9134615, 0.0193027, , , , , , , 17.9134615, -0.0077211, , , , , , , 17.9134615, -0.0115816, , , , , , , 17.9134615, -0.0109102, , , , , , , , , , , , , , , , , , , , , , , , , , , , 
17.9139808, 0.0164492, , , , , , , 17.9139808, -0.0087282, , , , , , , 17.9139808, -0.0115816, , , , , , , 17.9139808, -0.0135958, , , , , , , , , , , , , , , , , , , , , , , , , , , , 
17.9145, 0.01561, , , , , , , 17.9145, -0.0095674, , , , , , , 17.9145, -0.0099031, , , , , , , 17.9145, -0.014435, , , , , , , , , , , , , , , , , , , , , , , , , , , , 
17.9150192, 0.0152743, , , , , , , 17.9150192, -0.008896, , , , , , , 17.9150192, -0.0083925, , , , , , , 17.9150192, -0.0125887, , , , , , , , , , , , , , , , , , , , , , , , , , , , 
17.9155385, 0.0186313, , , , , , , 17.9155385, -0.0065461, , , , , , , 17.9155385, -0.0082246, , , , , , , 17.9155385, -0.0078889, , , , , , , , , , , , , , , , , , , , , , , , , , , , 
17.9160577, 0.0209812, , , , , , , 17.9160577, -0.0048676, , , , , , , 17.9160577, -0.0102388, , , , , , , 17.9160577, -0.0025177, , , , , , , , , , , , , , , , , , , , , , , , , , , , 
17.9165769, 0.018967, , , , , , , 17.9165769, -0.0041962, , , , , , , 17.9165769, -0.011078, , , , , , , 17.9165769, -0.0015106, , , , , , , , , , , , , , , , , , , , , , , , , , , , 
17.9170962, 0.0152743, , , , , , , 17.9170962, -0.0041962, , , , , , , 17.9170962, -0.0099031, , , , , , , 17.9170962, -0.0008392, , , , , , , , , , , , , , , , , , , , , , , , , , , , 
17.9176154, 0.0102388, , , , , , , 17.9176154, -0.0052033, , , , , , , 17.9176154, -0.0082246, , , , , , , 17.9176154, 0.0038605, , , , , , , , , , , , , , , , , , , , , , , , , , , , 
17.9181346, 0.0038605, , , , , , , 17.9181346, -0.0075532, , , , , , , 17.9181346, -0.0068818, , , , , , , 17.9181346, 0.0099031, , , , , , , , , , , , , , , , , , , , , , , , , , , , 
17.9186538, 0.0005035, , , , , , , 17.9186538, -0.008896, , , , , , , 17.9186538, -0.0041962, , , , , , , 17.9186538, 0.0157778, , , , , , , , , , , , , , , , , , , , , , , , , , , , 
17.9191731, 0.0028534, , , , , , , 17.9191731, -0.0082246, , , , , , , 17.9191731, -0.0030213, , , , , , , 17.9191731, 0.0216526, , , , , , , , , , , , , , , , , , , , , , , , , , , , 
17.9196923, 0.0099031, , , , , , , 17.9196923, -0.005539, , , , , , , 17.9196923, -0.0028534, , , , , , , 17.9196923, 0.0270237, , , , , , , , , , , , , , , , , , , , , , , , , , , , 
17.9202115, 0.01561, , , , , , , 17.9202115, -0.0035248, , , , , , , 17.9202115, -0.0030213, , , , , , , 17.9202115, 0.0337377, , , , , , , , , , , , , , , , , , , , , , , , , , , , 
17.9207308, 0.0186313, , , , , , , 17.9207308, -0.0028534, , , , , , , 17.9207308, -0.0020142, , , , , , , 17.9207308, 0.0384375, , , , , , , , , , , , , , , , , , , , , , , , , , , , 
17.92125, 0.0182956, , , , , , , 17.92125, -0.0041962, , , , , , , 17.92125, -0.002182, , , , , , , 17.92125, 0.0392767, , , , , , , , , , , , , , , , , , , , , , , , , , , , 
17.9217692, 0.0139315, , , , , , , 17.9217692, -0.0062104, , , , , , , 17.9217692, -0.0031891, , , , , , , 17.9217692, 0.0370947, , , , , , , , , , , , , , , , , , , , , , , , , , , , 
17.9222885, 0.0102388, , , , , , , 17.9222885, -0.0070497, , , , , , , 17.9222885, -0.0018463, , , , , , , 17.9222885, 0.0354162, , , , , , , , , , , , , , , , , , , , , , , , , , , , 
17.9228077, 0.0048676, , , , , , , 17.9228077, -0.0072175, , , , , , , 17.9228077, -0.0015106, , , , , , , 17.9228077, 0.0313878, , , , , , , , , , , , , , , , , , , , , , , , , , , , 
17.9233269, 0.0031891, , , , , , , 17.9233269, -0.0075532, , , , , , , 17.9233269, -0.0035248, , , , , , , 17.9233269, 0.0253452, , , , , , , , , , , , , , , , , , , , , , , , , , , , 
17.9238462, 0.0062104, , , , , , , 17.9238462, -0.0063783, , , , , , , 17.9238462, -0.005539, , , , , , , 17.9238462, 0.0218204, , , , , , , , , , , , , , , , , , , , , , , , , , , , 
17.9243654, 0.0102388, , , , , , , 17.9243654, -0.0041962, , , , , , , 17.9243654, -0.0070497, , , , , , , 17.9243654, 0.0218204, , , , , , , , , , , , , , , , , , , , , , , , , , , , 
17.9248846, 0.0125887, , , , , , , 17.9248846, -0.0028534, , , , , , , 17.9248846, -0.0068818, , , , , , , 17.9248846, 0.0213169, , , , , , , , , , , , , , , , , , , , , , , , , , , , 
17.9254038, 0.0129244, , , , , , , 17.9254038, -0.0028534, , , , , , , 17.9254038, -0.005539, , , , , , , 17.9254038, 0.0199741, , , , , , , , , , , , , , , , , , , , , , , , , , , , 
17.9259231, 0.0125887, , , , , , , 17.9259231, -0.0048676, , , , , , , 17.9259231, -0.005539, , , , , , , 17.9259231, 0.0171206, , , , , , , , , , , , , , , , , , , , , , , , , , , , 
17.9264423, 0.0159457, , , , , , , 17.9264423, -0.0068818, , , , , , , 17.9264423, -0.0062104, , , , , , , 17.9264423, 0.01561, , , , , , , , , , , , , , , , , , , , , , , , , , , , 
17.9269615, 0.0199741, , , , , , , 17.9269615, -0.0072175, , , , , , , 17.9269615, -0.0075532, , , , , , , 17.9269615, 0.014435, , , , , , , , , , , , , , , , , , , , , , , , , , , , 
17.9274808, 0.0209812, , , , , , , 17.9274808, -0.008896, , , , , , , 17.9274808, -0.0078889, , , , , , , 17.9274808, 0.0129244, , , , , , , , , , , , , , , , , , , , , , , , , , , , 
17.928, 0.0199741, , , , , , , 17.928, -0.0104067, , , , , , , 17.928, -0.0068818, , , , , , , 17.928, 0.0105745, , , , , , , , , , , , , , , , , , , , , , , , , , , , 
17.9285192, 0.0209812, , , , , , , 17.9285192, -0.0109102, , , , , , , 17.9285192, -0.0078889, , , , , , , 17.9285192, 0.008896, , , , , , , , , , , , , , , , , , , , , , , , , , , , 
17.9290385, 0.0209812, , , , , , , 17.9290385, -0.0097353, , , , , , , 17.9290385, -0.0082246, , , , , , , 17.9290385, 0.0070497, , , , , , , , , , , , , , , , , , , , , , , , , , , , 
17.9295577, 0.014435, , , , , , , 17.9295577, -0.008896, , , , , , , 17.9295577, -0.0075532, , , , , , , 17.9295577, 0.0041962, , , , , , , , , , , , , , , , , , , , , , , , , , , , 
17.9300769, 0.0078889, , , , , , , 17.9300769, -0.0087282, , , , , , , 17.9300769, -0.0065461, , , , , , , 17.9300769, 0.0028534, , , , , , , , , , , , , , , , , , , , , , , , , , , , 
17.9305962, 0.0099031, , , , , , , 17.9305962, -0.0099031, , , , , , , 17.9305962, -0.0058747, , , , , , , 17.9305962, 0.0015106, , , , , , , , , , , , , , , , , , , , , , , , , , , , 
17.9311154, 0.0152743, , , , , , , 17.9311154, -0.0115816, , , , , , , 17.9311154, -0.0078889, , , , , , , 17.9311154, -0.0005035, , , , , , , , , , , , , , , , , , , , , , , , , , , , 
17.9316346, 0.0179599, , , , , , , 17.9316346, -0.0104067, , , , , , , 17.9316346, -0.0109102, , , , , , , 17.9316346, -0.0018463, , , , , , , , , , , , , , , , , , , , , , , , , , , , 
17.9321538, 0.0219883, , , , , , , 17.9321538, -0.0082246, , , , , , , 17.9321538, -0.0129244, , , , , , , 17.9321538, -0.0065461, , , , , , , , , , , , , , , , , , , , , , , , , , , , 
17.9326731, 0.0273594, , , , , , , 17.9326731, -0.0068818, , , , , , , 17.9326731, -0.0149386, , , , , , , 17.9326731, -0.0102388, , , , , , , , , , , , , , , , , , , , , , , , , , , , 
17.9331923, 0.0320592, , , , , , , 17.9331923, -0.0070497, , , , , , , 17.9331923, -0.014435, , , , , , , 17.9331923, -0.0109102, , , , , , , , , , , , , , , , , , , , , , , , , , , , 
17.9337115, 0.0360876, , , , , , , 17.9337115, -0.0099031, , , , , , , 17.9337115, -0.0132601, , , , , , , 17.9337115, -0.0109102, , , , , , , , , , , , , , , , , , , , , , , , , , , , 
17.9342308, 0.0374304, , , , , , , 17.9342308, -0.0124208, , , , , , , 17.9342308, -0.0135958, , , , , , , 17.9342308, -0.0102388, , , , , , , , , , , , , , , , , , , , , , , , , , , , 
17.93475, 0.0352483, , , , , , , 17.93475, -0.0132601, , , , , , , 17.93475, -0.0132601, , , , , , , 17.93475, -0.0092317, , , , , , , , , , , , , , , , , , , , , , , , , , , , 
17.9352692, 0.033402, , , , , , , 17.9352692, -0.0135958, , , , , , , 17.9352692, -0.0115816, , , , , , , 17.9352692, -0.0082246, , , , , , , , , , , , , , , , , , , , , , , , , , , , 
17.9357885, 0.0340734, , , , , , , 17.9357885, -0.0129244, , , , , , , 17.9357885, -0.0095674, , , , , , , 17.9357885, -0.0068818, , , , , , , , , , , , , , , , , , , , , , , , , , , , 
17.9363077, 0.0253452, , , , , , , 17.9363077, -0.012253, , , , , , , 17.9363077, -0.0082246, , , , , , , 17.9363077, -0.0023499, , , , , , , , , , , , , , , , , , , , , , , , , , , , 
17.9368269, 0.0139315, , , , , , , 17.9368269, -0.0109102, , , , , , , 17.9368269, -0.0075532, , , , , , , 17.9368269, 0.0035248, , , , , , , , , , , , , , , , , , , , , , , , , , , , 
17.9373462, 0.0052033, , , , , , , 17.9373462, -0.010071, , , , , , , 17.9373462, -0.0068818, , , , , , , 17.9373462, 0.0105745, , , , , , , , , , , , , , , , , , , , , , , , , , , , 
17.9378654, 0.0008392, , , , , , , 17.9378654, -0.0099031, , , , , , , 17.9378654, -0.0062104, , , , , , , 17.9378654, 0.0152743, , , , , , , , , , , , , , , , , , , , , , , , , , , , 
17.9383846, -0.0011749, , , , , , , 17.9383846, -0.0102388, , , , , , , 17.9383846, -0.005539, , , , , , , 17.9383846, 0.0196384, , , , , , , , , , , , , , , , , , , , , , , , , , , , 
17.9389038, -0.0028534, , , , , , , 17.9389038, -0.0109102, , , , , , , 17.9389038, -0.0062104, , , , , , , 17.9389038, 0.0238346, , , , , , , , , , , , , , , , , , , , , , , , , , , , 
17.9394231, -0.0062104, , , , , , , 17.9394231, -0.0102388, , , , , , , 17.9394231, -0.0072175, , , , , , , 17.9394231, 0.0271916, , , , , , , , , , , , , , , , , , , , , , , , , , , , 
17.9399423, -0.0102388, , , , , , , 17.9399423, -0.0095674, , , , , , , 17.9399423, -0.0072175, , , , , , , 17.9399423, 0.0303807, , , , , , , , , , , , , , , , , , , , , , , , , , , , 
17.9404615, -0.0129244, , , , , , , 17.9404615, -0.0102388, , , , , , , 17.9404615, -0.005539, , , , , , , 17.9404615, 0.033402, , , , , , , , , , , , , , , , , , , , , , , , , , , , 
17.9409808, -0.008896, , , , , , , 17.9409808, -0.0087282, , , , , , , 17.9409808, -0.0036927, , , , , , , 17.9409808, 0.0360876, , , , , , , , , , , , , , , , , , , , , , , , , , , , 
17.9415, -0.0028534, , , , , , , 17.9415, -0.0072175, , , , , , , 17.9415, -0.0035248, , , , , , , 17.9415, 0.0382696, , , , , , , , , , , , , , , , , , , , , , , , , , , , 
17.9420192, 0.0001678, , , , , , , 17.9420192, -0.0068818, , , , , , , 17.9420192, -0.0031891, , , , , , , 17.9420192, 0.0360876, , , , , , , , , , , , , , , , , , , , , , , , , , , , 
17.9425385, 0.0001678, , , , , , , 17.9425385, -0.0068818, , , , , , , 17.9425385, -0.0031891, , , , , , , 17.9425385, 0.030045, , , , , , , , , , , , , , , , , , , , , , , , , , , , 
17.9430577, 0.0028534, , , , , , , 17.9430577, -0.0075532, , , , , , , 17.9430577, -0.0035248, , , , , , , 17.9430577, 0.0243381, , , , , , , , , , , , , , , , , , , , , , , , , , , , 
17.9435769, 0.0099031, , , , , , , 17.9435769, -0.0073854, , , , , , , 17.9435769, -0.0031891, , , , , , , 17.9435769, 0.0196384, , , , , , , , , , , , , , , , , , , , , , , , , , , , 
17.9440962, 0.0119173, , , , , , , 17.9440962, -0.0068818, , , , , , , 17.9440962, -0.0015106, , , , , , , 17.9440962, 0.0186313, , , , , , , , , , , , , , , , , , , , , , , , , , , , 
17.9446154, 0.0135958, , , , , , , 17.9446154, -0.0058747, , , , , , , 17.9446154, 0.0011749, , , , , , , 17.9446154, 0.0196384, , , , , , , , , , , , , , , , , , , , , , , , , , , , 
17.9451346, 0.0169528, , , , , , , 17.9451346, -0.0045319, , , , , , , 17.9451346, -0.0001678, , , , , , , 17.9451346, 0.0186313, , , , , , , , , , , , , , , , , , , , , , , , , , , , 
17.9456538, 0.0191348, , , , , , , 17.9456538, -0.0031891, , , , , , , 17.9456538, -0.0035248, , , , , , , 17.9456538, 0.0146029, , , , , , , , , , , , , , , , , , , , , , , , , , , , 
17.9461731, 0.0236667, , , , , , , 17.9461731, -0.0043641, , , , , , , 17.9461731, -0.0078889, , , , , , , 17.9461731, 0.0092317, , , , , , , , , , , , , , , , , , , , , , , , , , , , 
17.9466923, 0.0263523, , , , , , , 17.9466923, -0.005539, , , , , , , 17.9466923, -0.0102388, , , , , , , 17.9466923, 0.0062104, , , , , , , , , , , , , , , , , , , , , , , , , , , , 
17.9472115, 0.0280308, , , , , , , 17.9472115, -0.0068818, , , , , , , 17.9472115, -0.0115816, , , , , , , 17.9472115, 0.005539, , , , , , , , , , , , , , , , , , , , , , , , , , , , 
17.9477308, 0.0256809, , , , , , , 17.9477308, -0.0072175, , , , , , , 17.9477308, -0.0124208, , , , , , , 17.9477308, 0.0041962, , , , , , , , , , , , , , , , , , , , , , , , , , , , 
17.94825, 0.0253452, , , , , , , 17.94825, -0.0075532, , , , , , , 17.94825, -0.0099031, , , , , , , 17.94825, 0.0008392, , , , , , , , , , , , , , , , , , , , , , , , , , , , 
17.9487692, 0.0292058, , , , , , , 17.9487692, -0.0058747, , , , , , , 17.9487692, -0.0095674, , , , , , , 17.9487692, 0.0011749, , , , , , , , , , , , , , , , , , , , , , , , , , , , 
17.9492885, 0.0297093, , , , , , , 17.9492885, -0.0058747, , , , , , , 17.9492885, -0.0095674, , , , , , , 17.9492885, 0.0038605, , , , , , , , , , , , , , , , , , , , , , , , , , , , 
17.9498077, 0.023331, , , , , , , 17.9498077, -0.0087282, , , , , , , 17.9498077, -0.0075532, , , , , , , 17.9498077, 0.0065461, , , , , , , , , , , , , , , , , , , , , , , , , , , , 
17.9503269, 0.0193027, , , , , , , 17.9503269, -0.0097353, , , , , , , 17.9503269, -0.0062104, , , , , , , 17.9503269, 0.0078889, , , , , , , , , , , , , , , , , , , , , , , , , , , , 
17.9508462, 0.0182956, , , , , , , 17.9508462, -0.0078889, , , , , , , 17.9508462, -0.0068818, , , , , , , 17.9508462, 0.0092317, , , , , , , , , , , , , , , , , , , , , , , , , , , , 
17.9513654, 0.0206455, , , , , , , 17.9513654, -0.0062104, , , , , , , 17.9513654, -0.0085603, , , , , , , 17.9513654, 0.0092317, , , , , , , , , , , , , , , , , , , , , , , , , , , , 
17.9518846, 0.0223239, , , , , , , 17.9518846, -0.0062104, , , , , , , 17.9518846, -0.0095674, , , , , , , 17.9518846, 0.008896, , , , , , , , , , , , , , , , , , , , , , , , , , , , 
17.9524038, 0.0238346, , , , , , , 17.9524038, -0.0048676, , , , , , , 17.9524038, -0.0109102, , , , , , , 17.9524038, 0.0038605, , , , , , , , , , , , , , , , , , , , , , , , , , , , 
17.9529231, 0.0253452, , , , , , , 17.9529231, -0.0030213, , , , , , , 17.9529231, -0.0109102, , , , , , , 17.9529231, -0.0025177, , , , , , , , , , , , , , , , , , , , , , , , , , , , 
17.9534423, 0.0276951, , , , , , , 17.9534423, -0.0038605, , , , , , , 17.9534423, -0.0109102, , , , , , , 17.9534423, -0.005539, , , , , , , , , , , , , , , , , , , , , , , , , , , , 
17.9539615, 0.0260166, , , , , , , 17.9539615, -0.0062104, , , , , , , 17.9539615, -0.0112459, , , , , , , 17.9539615, -0.0068818, , , , , , , , , , , , , , , , , , , , , , , , , , , , 
17.9544808, 0.0251774, , , , , , , 17.9544808, -0.0082246, , , , , , , 17.9544808, -0.0115816, , , , , , , 17.9544808, -0.0068818, , , , , , , , , , , , , , , , , , , , , , , , , , , , 
17.955, 0.0253452, , , , , , , 17.955, -0.0082246, , , , , , , 17.955, -0.0135958, , , , , , , 17.955, -0.0035248, , , , , , , , , , , , , , , , , , , , , , , , , , , , 
17.9555192, 0.0213169, , , , , , , 17.9555192, -0.0068818, , , , , , , 17.9555192, -0.0169528, , , , , , , 17.9555192, -0.0010071, , , , , , , , , , , , , , , , , , , , , , , , , , , , 
17.9560385, 0.0132601, , , , , , , 17.9560385, -0.0062104, , , , , , , 17.9560385, -0.0176242, , , , , , , 17.9560385, 0.0011749, , , , , , , , , , , , , , , , , , , , , , , , , , , , 
17.9565577, 0.0102388, , , , , , , 17.9565577, -0.0077211, , , , , , , 17.9565577, -0.0171206, , , , , , , 17.9565577, 0.0035248, , , , , , , , , , , , , , , , , , , , , , , , , , , , 
17.9570769, 0.0099031, , , , , , , 17.9570769, -0.008896, , , , , , , 17.9570769, -0.0142672, , , , , , , 17.9570769, 0.0072175, , , , , , , , , , , , , , , , , , , , , , , , , , , , 
17.9575962, 0.0057069, , , , , , , 17.9575962, -0.0068818, , , , , , , 17.9575962, -0.0099031, , , , , , , 17.9575962, 0.0112459, , , , , , , , , , , , , , , , , , , , , , , , , , , , 
17.9581154, 0.0018463, , , , , , , 17.9581154, -0.005539, , , , , , , 17.9581154, -0.0058747, , , , , , , 17.9581154, 0.0172885, , , , , , , , , , , , , , , , , , , , , , , , , , , , 
17.9586346, -0.0028534, , , , , , , 17.9586346, -0.0075532, , , , , , , 17.9586346, -0.0048676, , , , , , , 17.9586346, 0.023331, , , , , , , , , , , , , , , , , , , , , , , , , , , , 
17.9591538, -0.0115816, , , , , , , 17.9591538, -0.0102388, , , , , , , 17.9591538, -0.0062104, , , , , , , 17.9591538, 0.0273594, , , , , , , , , , , , , , , , , , , , , , , , , , , , 
17.9596731, -0.0194705, , , , , , , 17.9596731, -0.0102388, , , , , , , 17.9596731, -0.0058747, , , , , , , 17.9596731, 0.0313878, , , , , , , , , , , , , , , , , , , , , , , , , , , , 
17.9601923, -0.0193027, , , , , , , 17.9601923, -0.0105745, , , , , , , 17.9601923, -0.0057069, , , , , , , 17.9601923, 0.0344091, , , , , , , , , , , , , , , , , , , , , , , , , , , , 
17.9607115, -0.0152743, , , , , , , 17.9607115, -0.0105745, , , , , , , 17.9607115, -0.0041962, , , , , , , 17.9607115, 0.0369268, , , , , , , , , , , , , , , , , , , , , , , , , , , , 
17.9612308, -0.0129244, , , , , , , 17.9612308, -0.0102388, , , , , , , 17.9612308, -0.0016785, , , , , , , 17.9612308, 0.0399481, , , , , , , , , , , , , , , , , , , , , , , , , , , , 
17.96175, -0.0124208, , , , , , , 17.96175, -0.0102388, , , , , , , 17.96175, -0.0005035, , , , , , , 17.96175, 0.0407874, , , , , , , , , , , , , , , , , , , , , , , , , , , , 
17.9622692, -0.0082246, , , , , , , 17.9622692, -0.0099031, , , , , , , 17.9622692, -0.002182, , , , , , , 17.9622692, 0.0372625, , , , , , , , , , , , , , , , , , , , , , , , , , , , 
17.9627885, -0.0018463, , , , , , , 17.9627885, -0.0099031, , , , , , , 17.9627885, -0.005539, , , , , , , 17.9627885, 0.0307164, , , , , , , , , , , , , , , , , , , , , , , , , , , , 
17.9633077, -0.002182, , , , , , , 17.9633077, -0.0109102, , , , , , , 17.9633077, -0.0068818, , , , , , , 17.9633077, 0.0240024, , , , , , , , , , , , , , , , , , , , , , , , , , , , 
17.9638269, -0.0003357, , , , , , , 17.9638269, -0.0112459, , , , , , , 17.9638269, -0.0057069, , , , , , , 17.9638269, 0.018967, , , , , , , , , , , , , , , , , , , , , , , , , , , , 
17.9643462, 0.005539, , , , , , , 17.9643462, -0.0109102, , , , , , , 17.9643462, -0.005539, , , , , , , 17.9643462, 0.0179599, , , , , , , , , , , , , , , , , , , , , , , , , , , , 
17.9648654, 0.0082246, , , , , , , 17.9648654, -0.0095674, , , , , , , 17.9648654, -0.005539, , , , , , , 17.9648654, 0.0172885, , , , , , , , , , , , , , , , , , , , , , , , , , , , 
17.9653846, 0.0082246, , , , , , , 17.9653846, -0.0085603, , , , , , , 17.9653846, -0.0068818, , , , , , , 17.9653846, 0.0147707, , , , , , , , , , , , , , , , , , , , , , , , , , , , 
17.9659038, 0.0097353, , , , , , , 17.9659038, -0.0092317, , , , , , , 17.9659038, -0.0070497, , , , , , , 17.9659038, 0.0139315, , , , , , , , , , , , , , , , , , , , , , , , , , , , 
17.9664231, 0.0092317, , , , , , , 17.9664231, -0.0105745, , , , , , , 17.9664231, -0.0075532, , , , , , , 17.9664231, 0.0137636, , , , , , , , , , , , , , , , , , , , , , , , , , , , 
17.9669423, 0.011078, , , , , , , 17.9669423, -0.0109102, , , , , , , 17.9669423, -0.0085603, , , , , , , 17.9669423, 0.0104067, , , , , , , , , , , , , , , , , , , , , , , , , , , , 
17.9674615, 0.0125887, , , , , , , 17.9674615, -0.0092317, , , , , , , 17.9674615, -0.0102388, , , , , , , 17.9674615, 0.0085603, , , , , , , , , , , , , , , , , , , , , , , , , , , , 
17.9679808, 0.01561, , , , , , , 17.9679808, -0.0085603, , , , , , , 17.9679808, -0.0109102, , , , , , , 17.9679808, 0.0102388, , , , , , , , , , , , , , , , , , , , , , , , , , , , 
17.9685, 0.0206455, , , , , , , 17.9685, -0.0075532, , , , , , , 17.9685, -0.0095674, , , , , , , 17.9685, 0.0104067, , , , , , , , , , , , , , , , , , , , , , , , , , , , 
17.9690192, 0.0263523, , , , , , , 17.9690192, -0.0068818, , , , , , , 17.9690192, -0.0095674, , , , , , , 17.9690192, 0.0082246, , , , , , , , , , , , , , , , , , , , , , , , , , , , 
17.9695385, 0.0276951, , , , , , , 17.9695385, -0.0065461, , , , , , , 17.9695385, -0.0090639, , , , , , , 17.9695385, 0.0058747, , , , , , , , , , , , , , , , , , , , , , , , , , , , 
17.9700577, 0.0243381, , , , , , , 17.9700577, -0.005539, , , , , , , 17.9700577, -0.0085603, , , , , , , 17.9700577, 0.0045319, , , , , , , , , , , , , , , , , , , , , , , , , , , , 
17.9705769, 0.0206455, , , , , , , 17.9705769, -0.0048676, , , , , , , 17.9705769, -0.0090639, , , , , , , 17.9705769, 0.0070497, , , , , , , , , , , , , , , , , , , , , , , , , , , , 
17.9710962, 0.0146029, , , , , , , 17.9710962, -0.005539, , , , , , , 17.9710962, -0.011078, , , , , , , 17.9710962, 0.0129244, , , , , , , , , , , , , , , , , , , , , , , , , , , , 
17.9716154, 0.0125887, , , , , , , 17.9716154, -0.0052033, , , , , , , 17.9716154, -0.0109102, , , , , , , 17.9716154, 0.0119173, , , , , , , , , , , , , , , , , , , , , , , , , , , , 
17.9721346, 0.0159457, , , , , , , 17.9721346, -0.0052033, , , , , , , 17.9721346, -0.0095674, , , , , , , 17.9721346, 0.0058747, , , , , , , , , , , , , , , , , , , , , , , , , , , , 
17.9726538, 0.0209812, , , , , , , 17.9726538, -0.0065461, , , , , , , 17.9726538, -0.0090639, , , , , , , 17.9726538, 0.0016785, , , , , , , , , , , , , , , , , , , , , , , , , , , , 
17.9731731, 0.0223239, , , , , , , 17.9731731, -0.0065461, , , , , , , 17.9731731, -0.008896, , , , , , , 17.9731731, -0.0001678, , , , , , , , , , , , , , , , , , , , , , , , , , , , 
17.9736923, 0.0209812, , , , , , , 17.9736923, -0.0058747, , , , , , , 17.9736923, -0.0082246, , , , , , , 17.9736923, -0.0028534, , , , , , , , , , , , , , , , , , , , , , , , , , , , 
17.9742115, 0.0251774, , , , , , , 17.9742115, -0.0063783, , , , , , , 17.9742115, -0.0075532, , , , , , , 17.9742115, -0.0035248, , , , , , , , , , , , , , , , , , , , , , , , , , , , 
17.9747308, 0.0357519, , , , , , , 17.9747308, -0.0072175, , , , , , , 17.9747308, -0.0063783, , , , , , , 17.9747308, -0.0031891, , , , , , , , , , , , , , , , , , , , , , , , , , , , 
17.97525, 0.040116, , , , , , , 17.97525, -0.0075532, , , , , , , 17.97525, -0.0052033, , , , , , , 17.97525, -0.0015106, , , , , , , , , , , , , , , , , , , , , , , , , , , , 
17.9757692, 0.036759, , , , , , , 17.9757692, -0.0077211, , , , , , , 17.9757692, -0.005539, , , , , , , 17.9757692, 0.0011749, , , , , , , , , , , , , , , , , , , , , , , , , , , , 
17.9762885, 0.0340734, , , , , , , 17.9762885, -0.0075532, , , , , , , 17.9762885, -0.0057069, , , , , , , 17.9762885, 0.0028534, , , , , , , , , , , , , , , , , , , , , , , , , , , , 
17.9768077, 0.0293736, , , , , , , 17.9768077, -0.0082246, , , , , , , 17.9768077, -0.0065461, , , , , , , 17.9768077, 0.0057069, , , , , , , , , , , , , , , , , , , , , , , , , , , , 
17.9773269, 0.0238346, , , , , , , 17.9773269, -0.0083925, , , , , , , 17.9773269, -0.0058747, , , , , , , 17.9773269, 0.0092317, , , , , , , , , , , , , , , , , , , , , , , , , , , , 
17.9778462, 0.018967, , , , , , , 17.9778462, -0.0097353, , , , , , , 17.9778462, -0.0058747, , , , , , , 17.9778462, 0.0135958, , , , , , , , , , , , , , , , , , , , , , , , , , , , 
17.9783654, 0.0135958, , , , , , , 17.9783654, -0.0095674, , , , , , , 17.9783654, -0.0062104, , , , , , , 17.9783654, 0.0171206, , , , , , , , , , , , , , , , , , , , , , , , , , , , 
17.9788846, 0.0065461, , , , , , , 17.9788846, -0.0072175, , , , , , , 17.9788846, -0.0068818, , , , , , , 17.9788846, 0.0206455, , , , , , , , , , , , , , , , , , , , , , , , , , , , 
17.9794038, 0.0010071, , , , , , , 17.9794038, -0.0068818, , , , , , , 17.9794038, -0.0072175, , , , , , , 17.9794038, 0.024506, , , , , , , , , , , , , , , , , , , , , , , , , , , , 
17.9799231, -0.0031891, , , , , , , 17.9799231, -0.0075532, , , , , , , 17.9799231, -0.0075532, , , , , , , 17.9799231, 0.0285344, , , , , , , , , , , , , , , , , , , , , , , , , , , , 
17.9804423, -0.0072175, , , , , , , 17.9804423, -0.0082246, , , , , , , 17.9804423, -0.0062104, , , , , , , 17.9804423, 0.0298772, , , , , , , , , , , , , , , , , , , , , , , , , , , , 
17.9809615, -0.0092317, , , , , , , 17.9809615, -0.0083925, , , , , , , 17.9809615, -0.0048676, , , , , , , 17.9809615, 0.0313878, , , , , , , , , , , , , , , , , , , , , , , , , , , , 
17.9814808, -0.0095674, , , , , , , 17.9814808, -0.0082246, , , , , , , 17.9814808, -0.005539, , , , , , , 17.9814808, 0.0344091, , , , , , , , , , , , , , , , , , , , , , , , , , , , 
17.982, -0.0068818, , , , , , , 17.982, -0.0075532, , , , , , , 17.982, -0.0062104, , , , , , , 17.982, 0.0327306, , , , , , , , , , , , , , , , , , , , , , , , , , , , 
17.9825192, -0.0005035, , , , , , , 17.9825192, -0.0078889, , , , , , , 17.9825192, -0.0041962, , , , , , , 17.9825192, 0.0273594, , , , , , , , , , , , , , , , , , , , , , , , , , , , 
17.9830385, 0.0078889, , , , , , , 17.9830385, -0.0083925, , , , , , , 17.9830385, -0.0036927, , , , , , , 17.9830385, 0.0226596, , , , , , , , , , , , , , , , , , , , , , , , , , , , 
17.9835577, 0.0109102, , , , , , , 17.9835577, -0.0070497, , , , , , , 17.9835577, -0.005539, , , , , , , 17.9835577, 0.0193027, , , , , , , , , , , , , , , , , , , , , , , , , , , , 
17.9840769, 0.0112459, , , , , , , 17.9840769, -0.0062104, , , , , , , 17.9840769, -0.0048676, , , , , , , 17.9840769, 0.0166171, , , , , , , , , , , , , , , , , , , , , , , , , , , , 
17.9845962, 0.0152743, , , , , , , 17.9845962, -0.0043641, , , , , , , 17.9845962, -0.0070497, , , , , , , 17.9845962, 0.0146029, , , , , , , , , , , , , , , , , , , , , , , , , , , , 
17.9851154, 0.0206455, , , , , , , 17.9851154, -0.0045319, , , , , , , 17.9851154, -0.010071, , , , , , , 17.9851154, 0.0117494, , , , , , , , , , , , , , , , , , , , , , , , , , , , 
17.9856346, 0.0223239, , , , , , , 17.9856346, -0.0072175, , , , , , , 17.9856346, -0.0114137, , , , , , , 17.9856346, 0.0092317, , , , , , , , , , , , , , , , , , , , , , , , , , , , 
17.9861538, 0.0209812, , , , , , , 17.9861538, -0.0075532, , , , , , , 17.9861538, -0.0109102, , , , , , , 17.9861538, 0.0072175, , , , , , , , , , , , , , , , , , , , , , , , , , , , 
17.9866731, 0.0223239, , , , , , , 17.9866731, -0.0063783, , , , , , , 17.9866731, -0.0109102, , , , , , , 17.9866731, 0.0075532, , , , , , , , , , , , , , , , , , , , , , , , , , , , 
17.9871923, 0.0253452, , , , , , , 17.9871923, -0.0048676, , , , , , , 17.9871923, -0.0109102, , , , , , , 17.9871923, 0.0085603, , , , , , , , , , , , , , , , , , , , , , , , , , , , 
17.9877115, 0.0273594, , , , , , , 17.9877115, -0.0031891, , , , , , , 17.9877115, -0.0099031, , , , , , , 17.9877115, 0.0078889, , , , , , , , , , , , , , , , , , , , , , , , , , , , 
17.9882308, 0.0287022, , , , , , , 17.9882308, -0.0028534, , , , , , , 17.9882308, -0.0085603, , , , , , , 17.9882308, 0.0065461, , , , , , , , , , , , , , , , , , , , , , , , , , , , 
17.98875, 0.0293736, , , , , , , 17.98875, -0.0048676, , , , , , , 17.98875, -0.0075532, , , , , , , 17.98875, 0.0078889, , , , , , , , , , , , , , , , , , , , , , , , , , , , 
17.9892692, 0.026688, , , , , , , 17.9892692, -0.0062104, , , , , , , 17.9892692, -0.0041962, , , , , , , 17.9892692, 0.0115816, , , , , , , , , , , , , , , , , , , , , , , , , , , , 
17.9897885, 0.0260166, , , , , , , 17.9897885, -0.005539, , , , , , , 17.9897885, -0.0028534, , , , , , , 17.9897885, 0.0119173, , , , , , , , , , , , , , , , , , , , , , , , , , , , 
17.9903077, 0.0273594, , , , , , , 17.9903077, -0.0043641, , , , , , , 17.9903077, -0.0048676, , , , , , , 17.9903077, 0.0109102, , , , , , , , , , , , , , , , , , , , , , , , , , , , 
17.9908269, 0.0293736, , , , , , , 17.9908269, -0.0045319, , , , , , , 17.9908269, -0.0068818, , , , , , , 17.9908269, 0.0132601, , , , , , , , , , , , , , , , , , , , , , , , , , , , 
17.9913462, 0.0297093, , , , , , , 17.9913462, -0.0057069, , , , , , , 17.9913462, -0.008896, , , , , , , 17.9913462, 0.0129244, , , , , , , , , , , , , , , , , , , , , , , , , , , , 
17.9918654, 0.0273594, , , , , , , 17.9918654, -0.0072175, , , , , , , 17.9918654, -0.0109102, , , , , , , 17.9918654, 0.0050355, , , , , , , , , , , , , , , , , , , , , , , , , , , , 
17.9923846, 0.0273594, , , , , , , 17.9923846, -0.0099031, , , , , , , 17.9923846, -0.0109102, , , , , , , 17.9923846, -0.0035248, , , , , , , , , , , , , , , , , , , , , , , , , , , , 
17.9929038, 0.0293736, , , , , , , 17.9929038, -0.0109102, , , , , , , 17.9929038, -0.012253, , , , , , , 17.9929038, -0.0095674, , , , , , , , , , , , , , , , , , , , , , , , , , , , 
17.9934231, 0.030045, , , , , , , 17.9934231, -0.010071, , , , , , , 17.9934231, -0.0127565, , , , , , , 17.9934231, -0.0137636, , , , , , , , , , , , , , , , , , , , , , , , , , , , 
17.9939423, 0.0287022, , , , , , , 17.9939423, -0.008896, , , , , , , 17.9939423, -0.0115816, , , , , , , 17.9939423, -0.0132601, , , , , , , , , , , , , , , , , , , , , , , , , , , , 
17.9944615, 0.0307164, , , , , , , 17.9944615, -0.0082246, , , , , , , 17.9944615, -0.0112459, , , , , , , 17.9944615, -0.008896, , , , , , , , , , , , , , , , , , , , , , , , , , , , 
17.9949808, 0.033402, , , , , , , 17.9949808, -0.0085603, , , , , , , 17.9949808, -0.012253, , , , , , , 17.9949808, -0.0072175, , , , , , , , , , , , , , , , , , , , , , , , , , , , 
17.9955, 0.0307164, , , , , , , 17.9955, -0.008896, , , , , , , 17.9955, -0.0115816, , , , , , , 17.9955, -0.0041962, , , , , , , , , , , , , , , , , , , , , , , , , , , , 
17.9960192, 0.0240024, , , , , , , 17.9960192, -0.008896, , , , , , , 17.9960192, -0.0095674, , , , , , , 17.9960192, 0.0025177, , , , , , , , , , , , , , , , , , , , , , , , , , , , 
17.9965385, 0.0209812, , , , , , , 17.9965385, -0.0095674, , , , , , , 17.9965385, -0.0075532, , , , , , , 17.9965385, 0.0115816, , , , , , , , , , , , , , , , , , , , , , , , , , , , 
17.9970577, 0.0179599, , , , , , , 17.9970577, -0.0082246, , , , , , , 17.9970577, -0.0062104, , , , , , , 17.9970577, 0.0166171, , , , , , , , , , , , , , , , , , , , , , , , , , , , 
17.9975769, 0.008896, , , , , , , 17.9975769, -0.0072175, , , , , , , 17.9975769, -0.0065461, , , , , , , 17.9975769, 0.0182956, , , , , , , , , , , , , , , , , , , , , , , , , , , , 
17.9980962, 0.0005035, , , , , , , 17.9980962, -0.0082246, , , , , , , 17.9980962, -0.0092317, , , , , , , 17.9980962, 0.0206455, , , , , , , , , , , , , , , , , , , , , , , , , , , , 
17.9986154, -0.002182, , , , , , , 17.9986154, -0.0078889, , , , , , , 17.9986154, -0.008896, , , , , , , 17.9986154, 0.0250095, , , , , , , , , , , , , , , , , , , , , , , , , , , , 
17.9991346, -0.0038605, , , , , , , 17.9991346, -0.0068818, , , , , , , 17.9991346, -0.0075532, , , , , , , 17.9991346, 0.0290379, , , , , , , , , , , , , , , , , , , , , , , , , , , , 
17.9996538, -0.008896, , , , , , , 17.9996538, -0.0065461, , , , , , , 17.9996538, -0.0082246, , , , , , , 17.9996538, 0.0297093, , , , , , , , , , , , , , , , , , , , , , , , , , , , 
18.0001731, -0.0105745, , , , , , , 18.0001731, -0.0072175, , , , , , , 18.0001731, -0.0085603, , , , , , , 18.0001731, 0.0313878, , , , , , , , , , , , , , , , , , , , , , , , , , , , 
18.0006923, -0.0125887, , , , , , , 18.0006923, -0.0078889, , , , , , , 18.0006923, -0.0068818, , , , , , , 18.0006923, 0.0350805, , , , , , , , , , , , , , , , , , , , , , , , , , , , 
18.0012115, -0.0169528, , , , , , , 18.0012115, -0.0075532, , , , , , , 18.0012115, -0.0015106, , , , , , , 18.0012115, 0.0407874, , , , , , , , , , , , , , , , , , , , , , , , , , , , 
18.0017308, -0.0179599, , , , , , , 18.0017308, -0.0068818, , , , , , , 18.0017308, 0.0010071, , , , , , , 18.0017308, 0.0428016, , , , , , , , , , , , , , , , , , , , , , , , , , , , 
18.00225, -0.012253, , , , , , , 18.00225, -0.0072175, , , , , , , 18.00225, -0.0003357, , , , , , , 18.00225, 0.0370947, , , , , , , , , , , , , , , , , , , , , , , , , , , , 
18.0027692, -0.005539, , , , , , , 18.0027692, -0.0075532, , , , , , , 18.0027692, -0.0018463, , , , , , , 18.0027692, 0.0292058, , , , , , , , , , , , , , , , , , , , , , , , , , , , 
18.0032885, 0.0005035, , , , , , , 18.0032885, -0.0062104, , , , , , , 18.0032885, -0.0041962, , , , , , , 18.0032885, 0.023331, , , , , , , , , , , , , , , , , , , , , , , , , , , , 
18.0038077, 0.0011749, , , , , , , 18.0038077, -0.0065461, , , , , , , 18.0038077, -0.0065461, , , , , , , 18.0038077, 0.0196384, , , , , , , , , , , , , , , , , , , , , , , , , , , , 
18.0043269, 0.0048676, , , , , , , 18.0043269, -0.0075532, , , , , , , 18.0043269, -0.0082246, , , , , , , 18.0043269, 0.0172885, , , , , , , , , , , , , , , , , , , , , , , , , , , , 
18.0048462, 0.0115816, , , , , , , 18.0048462, -0.0077211, , , , , , , 18.0048462, -0.0092317, , , , , , , 18.0048462, 0.0164492, , , , , , , , , , , , , , , , , , , , , , , , , , , , 
18.0053654, 0.0146029, , , , , , , 18.0053654, -0.0063783, , , , , , , 18.0053654, -0.0109102, , , , , , , 18.0053654, 0.0159457, , , , , , , , , , , , , , , , , , , , , , , , , , , , 
18.0058846, 0.0135958, , , , , , , 18.0058846, -0.0048676, , , , , , , 18.0058846, -0.011078, , , , , , , 18.0058846, 0.0152743, , , , , , , , , , , , , , , , , , , , , , , , , , , , 
18.0064038, 0.0124208, , , , , , , 18.0064038, -0.0052033, , , , , , , 18.0064038, -0.012253, , , , , , , 18.0064038, 0.0115816, , , , , , , , , , , , , , , , , , , , , , , , , , , , 
18.0069231, 0.0152743, , , , , , , 18.0069231, -0.0068818, , , , , , , 18.0069231, -0.0115816, , , , , , , 18.0069231, 0.0085603, , , , , , , , , , , , , , , , , , , , , , , , , , , , 
18.0074423, 0.0182956, , , , , , , 18.0074423, -0.0077211, , , , , , , 18.0074423, -0.0112459, , , , , , , 18.0074423, 0.0092317, , , , , , , , , , , , , , , , , , , , , , , , , , , , 
18.0079615, 0.0186313, , , , , , , 18.0079615, -0.0082246, , , , , , , 18.0079615, -0.0125887, , , , , , , 18.0079615, 0.0099031, , , , , , , , , , , , , , , , , , , , , , , , , , , , 
18.0084808, 0.0196384, , , , , , , 18.0084808, -0.0077211, , , , , , , 18.0084808, -0.012253, , , , , , , 18.0084808, 0.0085603, , , , , , , , , , , , , , , , , , , , , , , , , , , , 
18.009, 0.017792, , , , , , , 18.009, -0.0082246, , , , , , , 18.009, -0.0115816, , , , , , , 18.009, 0.0095674, , , , , , , , , , , , , , , , , , , , , , , , , , , , 
18.0095192, 0.0135958, , , , , , , 18.0095192, -0.0082246, , , , , , , 18.0095192, -0.012253, , , , , , , 18.0095192, 0.0092317, , , , , , , , , , , , , , , , , , , , , , , , , , , , 
18.0100385, 0.0129244, , , , , , , 18.0100385, -0.0068818, , , , , , , 18.0100385, -0.012253, , , , , , , 18.0100385, 0.0082246, , , , , , , , , , , , , , , , , , , , , , , , , , , , 
18.0105577, 0.0142672, , , , , , , 18.0105577, -0.0062104, , , , , , , 18.0105577, -0.0125887, , , , , , , 18.0105577, 0.0078889, , , , , , , , , , , , , , , , , , , , , , , , , , , , 
18.0110769, 0.0119173, , , , , , , 18.0110769, -0.0068818, , , , , , , 18.0110769, -0.0117494, , , , , , , 18.0110769, 0.0078889, , , , , , , , , , , , , , , , , , , , , , , , , , , , 
18.0115962, 0.0075532, , , , , , , 18.0115962, -0.0082246, , , , , , , 18.0115962, -0.0109102, , , , , , , 18.0115962, 0.0065461, , , , , , , , , , , , , , , , , , , , , , , , , , , , 
18.0121154, 0.0078889, , , , , , , 18.0121154, -0.0109102, , , , , , , 18.0121154, -0.0104067, , , , , , , 18.0121154, 0.0018463, , , , , , , , , , , , , , , , , , , , , , , , , , , , 
18.0126346, 0.0137636, , , , , , , 18.0126346, -0.0109102, , , , , , , 18.0126346, -0.0112459, , , , , , , 18.0126346, -0.0035248, , , , , , , , , , , , , , , , , , , , , , , , , , , , 
18.0131538, 0.017792, , , , , , , 18.0131538, -0.0075532, , , , , , , 18.0131538, -0.0119173, , , , , , , 18.0131538, -0.0112459, , , , , , , , , , , , , , , , , , , , , , , , , , , , 
18.0136731, 0.0159457, , , , , , , 18.0136731, -0.0046998, , , , , , , 18.0136731, -0.0115816, , , , , , , 18.0136731, -0.0176242, , , , , , , , , , , , , , , , , , , , , , , , , , , , 
18.0141923, 0.01561, , , , , , , 18.0141923, -0.005539, , , , , , , 18.0141923, -0.0099031, , , , , , , 18.0141923, -0.018967, , , , , , , , , , , , , , , , , , , , , , , , , , , , 
18.0147115, 0.0203098, , , , , , , 18.0147115, -0.0078889, , , , , , , 18.0147115, -0.0095674, , , , , , , 18.0147115, -0.0162814, , , , , , , , , , , , , , , , , , , , , , , , , , , , 
18.0152308, 0.0223239, , , , , , , 18.0152308, -0.0102388, , , , , , , 18.0152308, -0.0082246, , , , , , , 18.0152308, -0.0119173, , , , , , , , , , , , , , , , , , , , , , , , , , , , 
18.01575, 0.0172885, , , , , , , 18.01575, -0.0109102, , , , , , , 18.01575, -0.0075532, , , , , , , 18.01575, -0.0062104, , , , , , , , , , , , , , , , , , , , , , , , , , , , 
18.0162692, 0.0146029, , , , , , , 18.0162692, -0.0095674, , , , , , , 18.0162692, -0.0058747, , , , , , , 18.0162692, -0.0015106, , , , , , , , , , , , , , , , , , , , , , , , , , , , 
18.0167885, 0.0176242, , , , , , , 18.0167885, -0.0090639, , , , , , , 18.0167885, -0.0062104, , , , , , , 18.0167885, 0.0006714, , , , , , , , , , , , , , , , , , , , , , , , , , , , 
18.0173077, 0.0139315, , , , , , , 18.0173077, -0.0092317, , , , , , , 18.0173077, -0.0068818, , , , , , , 18.0173077, 0.0063783, , , , , , , , , , , , , , , , , , , , , , , , , , , , 
18.0178269, 0.0078889, , , , , , , 18.0178269, -0.0095674, , , , , , , 18.0178269, -0.0062104, , , , , , , 18.0178269, 0.0139315, , , , , , , , , , , , , , , , , , , , , , , , , , , , 
18.0183462, 0.0105745, , , , , , , 18.0183462, -0.0099031, , , , , , , 18.0183462, -0.0038605, , , , , , , 18.0183462, 0.0198062, , , , , , , , , , , , , , , , , , , , , , , , , , , , 
18.0188654, 0.0146029, , , , , , , 18.0188654, -0.0115816, , , , , , , 18.0188654, -0.0031891, , , , , , , 18.0188654, 0.0234989, , , , , , , , , , , , , , , , , , , , , , , , , , , , 
18.0193846, 0.0115816, , , , , , , 18.0193846, -0.0125887, , , , , , , 18.0193846, -0.0041962, , , , , , , 18.0193846, 0.0280308, , , , , , , , , , , , , , , , , , , , , , , , , , , , 
18.0199038, 0.0031891, , , , , , , 18.0199038, -0.0115816, , , , , , , 18.0199038, -0.0045319, , , , , , , 18.0199038, 0.0313878, , , , , , , , , , , , , , , , , , , , , , , , , , , , 
18.0204231, -0.0018463, , , , , , , 18.0204231, -0.0083925, , , , , , , 18.0204231, -0.0028534, , , , , , , 18.0204231, 0.0327306, , , , , , , , , , , , , , , , , , , , , , , , , , , , 
18.0209423, -0.0028534, , , , , , , 18.0209423, -0.0062104, , , , , , , 18.0209423, 0.0003357, , , , , , , 18.0209423, 0.0394446, , , , , , , , , , , , , , , , , , , , , , , , , , , , 
18.0214615, -0.0023499, , , , , , , 18.0214615, -0.0062104, , , , , , , 18.0214615, 0.0025177, , , , , , , 18.0214615, 0.0448157, , , , , , , , , , , , , , , , , , , , , , , , , , , , 
18.0219808, -0.0035248, , , , , , , 18.0219808, -0.0062104, , , , , , , 18.0219808, 0.0025177, , , , , , , 18.0219808, 0.0421302, , , , , , , , , , , , , , , , , , , , , , , , , , , , 
18.0225, -0.0050355, , , , , , , 18.0225, -0.0068818, , , , , , , 18.0225, 0.0006714, , , , , , , 18.0225, 0.0340734, , , , , , , , , , , , , , , , , , , , , , , , , , , , 
18.0230192, -0.0028534, , , , , , , 18.0230192, -0.0082246, , , , , , , 18.0230192, -0.0008392, , , , , , , 18.0230192, 0.0263523, , , , , , , , , , , , , , , , , , , , , , , , , , , , 
18.0235385, 0.0028534, , , , , , , 18.0235385, -0.0093996, , , , , , , 18.0235385, -0.0010071, , , , , , , 18.0235385, 0.0209812, , , , , , , , , , , , , , , , , , , , , , , , , , , , 
18.0240577, 0.0090639, , , , , , , 18.0240577, -0.0095674, , , , , , , 18.0240577, -0.0025177, , , , , , , 18.0240577, 0.0169528, , , , , , , , , , , , , , , , , , , , , , , , , , , , 
18.0245769, 0.0149386, , , , , , , 18.0245769, -0.0075532, , , , , , , 18.0245769, -0.0043641, , , , , , , 18.0245769, 0.0137636, , , , , , , , , , , , , , , , , , , , , , , , , , , , 
18.0250962, 0.0223239, , , , , , , 18.0250962, -0.0073854, , , , , , , 18.0250962, -0.0041962, , , , , , , 18.0250962, 0.0142672, , , , , , , , , , , , , , , , , , , , , , , , , , , , 
18.0256154, 0.0240024, , , , , , , 18.0256154, -0.008896, , , , , , , 18.0256154, -0.0045319, , , , , , , 18.0256154, 0.0146029, , , , , , , , , , , , , , , , , , , , , , , , , , , , 
18.0261346, 0.0196384, , , , , , , 18.0261346, -0.0104067, , , , , , , 18.0261346, -0.0077211, , , , , , , 18.0261346, 0.0139315, , , , , , , , , , , , , , , , , , , , , , , , , , , , 
18.0266538, 0.0159457, , , , , , , 18.0266538, -0.0115816, , , , , , , 18.0266538, -0.0087282, , , , , , , 18.0266538, 0.0119173, , , , , , , , , , , , , , , , , , , , , , , , , , , , 
18.0271731, 0.0179599, , , , , , , 18.0271731, -0.0109102, , , , , , , 18.0271731, -0.0082246, , , , , , , 18.0271731, 0.0105745, , , , , , , , , , , , , , , , , , , , , , , , , , , , 
18.0276923, 0.0206455, , , , , , , 18.0276923, -0.0095674, , , , , , , 18.0276923, -0.0082246, , , , , , , 18.0276923, 0.008896, , , , , , , , , , , , , , , , , , , , , , , , , , , , 
18.0282115, 0.0224918, , , , , , , 18.0282115, -0.0068818, , , , , , , 18.0282115, -0.0104067, , , , , , , 18.0282115, 0.008896, , , , , , , , , , , , , , , , , , , , , , , , , , , , 
18.0287308, 0.026688, , , , , , , 18.0287308, -0.0041962, , , , , , , 18.0287308, -0.0112459, , , , , , , 18.0287308, 0.0085603, , , , , , , , , , , , , , , , , , , , , , , , , , , , 
18.02925, 0.0287022, , , , , , , 18.02925, -0.0041962, , , , , , , 18.02925, -0.0112459, , , , , , , 18.02925, 0.0085603, , , , , , , , , , , , , , , , , , , , , , , , , , , , 
18.0297692, 0.0292058, , , , , , , 18.0297692, -0.0062104, , , , , , , 18.0297692, -0.0105745, , , , , , , 18.0297692, 0.0082246, , , , , , , , , , , , , , , , , , , , , , , , , , , , 
18.0302885, 0.0347448, , , , , , , 18.0302885, -0.0072175, , , , , , , 18.0302885, -0.0102388, , , , , , , 18.0302885, 0.008896, , , , , , , , , , , , , , , , , , , , , , , , , , , , 
18.0308077, 0.0360876, , , , , , , 18.0308077, -0.0075532, , , , , , , 18.0308077, -0.0112459, , , , , , , 18.0308077, 0.008896, , , , , , , , , , , , , , , , , , , , , , , , , , , , 
18.0313269, 0.0340734, , , , , , , 18.0313269, -0.0068818, , , , , , , 18.0313269, -0.0117494, , , , , , , 18.0313269, 0.008896, , , , , , , , , , , , , , , , , , , , , , , , , , , , 
18.0318462, 0.0330663, , , , , , , 18.0318462, -0.006714, , , , , , , 18.0318462, -0.0117494, , , , , , , 18.0318462, 0.0062104, , , , , , , , , , , , , , , , , , , , , , , , , , , , 
18.0323654, 0.0404517, , , , , , , 18.0323654, -0.0073854, , , , , , , 18.0323654, -0.012253, , , , , , , 18.0323654, 0.0025177, , , , , , , , , , , , , , , , , , , , , , , , , , , , 
18.0328846, 0.0459907, , , , , , , 18.0328846, -0.0070497, , , , , , , 18.0328846, -0.0149386, , , , , , , 18.0328846, -0.0020142, , , , , , , , , , , , , , , , , , , , , , , , , , , , 
18.0334038, 0.0417945, , , , , , , 18.0334038, -0.005539, , , , , , , 18.0334038, -0.0172885, , , , , , , 18.0334038, -0.0068818, , , , , , , , , , , , , , , , , , , , , , , , , , , , 
18.0339231, 0.0357519, , , , , , , 18.0339231, -0.0041962, , , , , , , 18.0339231, -0.0174563, , , , , , , 18.0339231, -0.008896, , , , , , , , , , , , , , , , , , , , , , , , , , , , 
18.0344423, 0.0313878, , , , , , , 18.0344423, -0.0063783, , , , , , , 18.0344423, -0.0162814, , , , , , , 18.0344423, -0.0083925, , , , , , , , , , , , , , , , , , , , , , , , , , , , 
18.0349615, 0.0280308, , , , , , , 18.0349615, -0.0099031, , , , , , , 18.0349615, -0.0152743, , , , , , , 18.0349615, -0.0062104, , , , , , , , , , , , , , , , , , , , , , , , , , , , 
18.0354808, 0.023331, , , , , , , 18.0354808, -0.0112459, , , , , , , 18.0354808, -0.0135958, , , , , , , 18.0354808, -0.0038605, , , , , , , , , , , , , , , , , , , , , , , , , , , , 
18.036, 0.0186313, , , , , , , 18.036, -0.0095674, , , , , , , 18.036, -0.0092317, , , , , , , 18.036, -0.0025177, , , , , , , , , , , , , , , , , , , , , , , , , , , , 
18.0365192, 0.0182956, , , , , , , 18.0365192, -0.0068818, , , , , , , 18.0365192, -0.0077211, , , , , , , 18.0365192, 0.0003357, , , , , , , , , , , , , , , , , , , , , , , , , , , , 
18.0370385, 0.0206455, , , , , , , 18.0370385, -0.0048676, , , , , , , 18.0370385, -0.0095674, , , , , , , 18.0370385, 0.0065461, , , , , , , , , , , , , , , , , , , , , , , , , , , , 
18.0375577, 0.0162814, , , , , , , 18.0375577, -0.0048676, , , , , , , 18.0375577, -0.0099031, , , , , , , 18.0375577, 0.0139315, , , , , , , , , , , , , , , , , , , , , , , , , , , , 
18.0380769, 0.0045319, , , , , , , 18.0380769, -0.0068818, , , , , , , 18.0380769, -0.0087282, , , , , , , 18.0380769, 0.0209812, , , , , , , , , , , , , , , , , , , , , , , , , , , , 
18.0385962, -0.0062104, , , , , , , 18.0385962, -0.0068818, , , , , , , 18.0385962, -0.0085603, , , , , , , 18.0385962, 0.0263523, , , , , , , , , , , , , , , , , , , , , , , , , , , , 
18.0391154, -0.012253, , , , , , , 18.0391154, -0.005539, , , , , , , 18.0391154, -0.0072175, , , , , , , 18.0391154, 0.0303807, , , , , , , , , , , , , , , , , , , , , , , , , , , , 
18.0396346, -0.0142672, , , , , , , 18.0396346, -0.005539, , , , , , , 18.0396346, -0.0058747, , , , , , , 18.0396346, 0.0332341, , , , , , , , , , , , , , , , , , , , , , , , , , , , 
18.0401538, -0.0109102, , , , , , , 18.0401538, -0.0058747, , , , , , , 18.0401538, -0.0041962, , , , , , , 18.0401538, 0.0360876, , , , , , , , , , , , , , , , , , , , , , , , , , , , 
18.0406731, -0.005539, , , , , , , 18.0406731, -0.0062104, , , , , , , 18.0406731, -0.0031891, , , , , , , 18.0406731, 0.0387732, , , , , , , , , , , , , , , , , , , , , , , , , , , , 
18.0411923, -0.008896, , , , , , , 18.0411923, -0.0082246, , , , , , , 18.0411923, -0.0050355, , , , , , , 18.0411923, 0.0387732, , , , , , , , , , , , , , , , , , , , , , , , , , , , 
18.0417115, -0.0109102, , , , , , , 18.0417115, -0.0095674, , , , , , , 18.0417115, -0.0062104, , , , , , , 18.0417115, 0.0387732, , , , , , , , , , , , , , , , , , , , , , , , , , , , 
18.0422308, -0.0083925, , , , , , , 18.0422308, -0.0099031, , , , , , , 18.0422308, -0.005539, , , , , , , 18.0422308, 0.0364233, , , , , , , , , , , , , , , , , , , , , , , , , , , , 
18.04275, -0.0063783, , , , , , , 18.04275, -0.012253, , , , , , , 18.04275, -0.0041962, , , , , , , 18.04275, 0.0287022, , , , , , , , , , , , , , , , , , , , , , , , , , , , 
18.0432692, -0.0045319, , , , , , , 18.0432692, -0.0119173, , , , , , , 18.0432692, -0.0050355, , , , , , , 18.0432692, 0.0219883, , , , , , , , , , , , , , , , , , , , , , , , , , , , 
18.0437885, 0.0035248, , , , , , , 18.0437885, -0.0102388, , , , , , , 18.0437885, -0.0063783, , , , , , , 18.0437885, 0.0172885, , , , , , , , , , , , , , , , , , , , , , , , , , , , 
18.0443077, 0.0085603, , , , , , , 18.0443077, -0.0077211, , , , , , , 18.0443077, -0.0078889, , , , , , , 18.0443077, 0.0119173, , , , , , , , , , , , , , , , , , , , , , , , , , , , 
18.0448269, 0.0065461, , , , , , , 18.0448269, -0.0068818, , , , , , , 18.0448269, -0.0097353, , , , , , , 18.0448269, 0.0072175, , , , , , , , , , , , , , , , , , , , , , , , , , , , 
18.0453462, 0.0068818, , , , , , , 18.0453462, -0.0082246, , , , , , , 18.0453462, -0.0109102, , , , , , , 18.0453462, 0.0045319, , , , , , , , , , , , , , , , , , , , , , , , , , , , 
18.0458654, 0.008896, , , , , , , 18.0458654, -0.0090639, , , , , , , 18.0458654, -0.0112459, , , , , , , 18.0458654, 0.0036927, , , , , , , , , , , , , , , , , , , , , , , , , , , , 
18.0463846, 0.0105745, , , , , , , 18.0463846, -0.008896, , , , , , , 18.0463846, -0.008896, , , , , , , 18.0463846, 0.0028534, , , , , , , , , , , , , , , , , , , , , , , , , , , , 
18.0469038, 0.0085603, , , , , , , 18.0469038, -0.0085603, , , , , , , 18.0469038, -0.0068818, , , , , , , 18.0469038, 0.0011749, , , , , , , , , , , , , , , , , , , , , , , , , , , , 
18.0474231, 0.0052033, , , , , , , 18.0474231, -0.0085603, , , , , , , 18.0474231, -0.0072175, , , , , , , 18.0474231, 0.002182, , , , , , , , , , , , , , , , , , , , , , , , , , , , 
18.0479423, 0.0065461, , , , , , , 18.0479423, -0.008896, , , , , , , 18.0479423, -0.0087282, , , , , , , 18.0479423, 0.0025177, , , , , , , , , , , , , , , , , , , , , , , , , , , , 
18.0484615, 0.0099031, , , , , , , 18.0484615, -0.0099031, , , , , , , 18.0484615, -0.0085603, , , , , , , 18.0484615, 0.0041962, , , , , , , , , , , , , , , , , , , , , , , , , , , , 
18.0489808, 0.0104067, , , , , , , 18.0489808, -0.0112459, , , , , , , 18.0489808, -0.0070497, , , , , , , 18.0489808, 0.0045319, , , , , , , , , , , , , , , , , , , , , , , , , , , , 
18.0495, 0.0119173, , , , , , , 18.0495, -0.0092317, , , , , , , 18.0495, -0.0063783, , , , , , , 18.0495, 0.0045319, , , , , , , , , , , , , , , , , , , , , , , , , , , , 
18.0500192, 0.0135958, , , , , , , 18.0500192, -0.0065461, , , , , , , 18.0500192, -0.0082246, , , , , , , 18.0500192, 0.0045319, , , , , , , , , , , , , , , , , , , , , , , , , , , , 
18.0505385, 0.0105745, , , , , , , 18.0505385, -0.005539, , , , , , , 18.0505385, -0.0102388, , , , , , , 18.0505385, 0.0038605, , , , , , , , , , , , , , , , , , , , , , , , , , , , 
18.0510577, 0.008896, , , , , , , 18.0510577, -0.0062104, , , , , , , 18.0510577, -0.008896, , , , , , , 18.0510577, 0.0045319, , , , , , , , , , , , , , , , , , , , , , , , , , , , 
18.0515769, 0.012253, , , , , , , 18.0515769, -0.0085603, , , , , , , 18.0515769, -0.0062104, , , , , , , 18.0515769, 0.0045319, , , , , , , , , , , , , , , , , , , , , , , , , , , , 
18.0520962, 0.0193027, , , , , , , 18.0520962, -0.0099031, , , , , , , 18.0520962, -0.005539, , , , , , , 18.0520962, 0.0016785, , , , , , , , , , , , , , , , , , , , , , , , , , , , 
18.0526154, 0.0246738, , , , , , , 18.0526154, -0.0099031, , , , , , , 18.0526154, -0.0070497, , , , , , , 18.0526154, -0.0015106, , , , , , , , , , , , , , , , , , , , , , , , , , , , 
18.0531346, 0.0293736, , , , , , , 18.0531346, -0.0065461, , , , , , , 18.0531346, -0.0072175, , , , , , , 18.0531346, -0.0031891, , , , , , , , , , , , , , , , , , , , , , , , , , , , 
18.0536538, 0.0340734, , , , , , , 18.0536538, -0.0043641, , , , , , , 18.0536538, -0.0045319, , , , , , , 18.0536538, -0.0048676, , , , , , , , , , , , , , , , , , , , , , , , , , , , 
18.0541731, 0.0360876, , , , , , , 18.0541731, -0.005539, , , , , , , 18.0541731, -0.0035248, , , , , , , 18.0541731, -0.0070497, , , , , , , , , , , , , , , , , , , , , , , , , , , , 
18.0546923, 0.0372625, , , , , , , 18.0546923, -0.0062104, , , , , , , 18.0546923, -0.0065461, , , , , , , 18.0546923, -0.0085603, , , , , , , , , , , , , , , , , , , , , , , , , , , , 
18.0552115, 0.0392767, , , , , , , 18.0552115, -0.0062104, , , , , , , 18.0552115, -0.0092317, , , , , , , 18.0552115, -0.0072175, , , , , , , , , , , , , , , , , , , , , , , , , , , , 
18.0557308, 0.0360876, , , , , , , 18.0557308, -0.0065461, , , , , , , 18.0557308, -0.0097353, , , , , , , 18.0557308, -0.002182, , , , , , , , , , , , , , , , , , , , , , , , , , , , 
18.05625, 0.030045, , , , , , , 18.05625, -0.0072175, , , , , , , 18.05625, -0.008896, , , , , , , 18.05625, 0.0038605, , , , , , , , , , , , , , , , , , , , , , , , , , , , 
18.0567692, 0.0236667, , , , , , , 18.0567692, -0.0068818, , , , , , , 18.0567692, -0.0070497, , , , , , , 18.0567692, 0.010071, , , , , , , , , , , , , , , , , , , , , , , , , , , , 
18.0572885, 0.0203098, , , , , , , 18.0572885, -0.0065461, , , , , , , 18.0572885, -0.0048676, , , , , , , 18.0572885, 0.0146029, , , , , , , , , , , , , , , , , , , , , , , , , , , , 
18.0578077, 0.0179599, , , , , , , 18.0578077, -0.0072175, , , , , , , 18.0578077, -0.005539, , , , , , , 18.0578077, 0.0193027, , , , , , , , , , , , , , , , , , , , , , , , , , , , 
18.0583269, 0.0132601, , , , , , , 18.0583269, -0.0058747, , , , , , , 18.0583269, -0.0068818, , , , , , , 18.0583269, 0.0236667, , , , , , , , , , , , , , , , , , , , , , , , , , , , 
18.0588462, 0.006714, , , , , , , 18.0588462, -0.0041962, , , , , , , 18.0588462, -0.0045319, , , , , , , 18.0588462, 0.0280308, , , , , , , , , , , , , , , , , , , , , , , , , , , , 
18.0593654, 0.0045319, , , , , , , 18.0593654, -0.0052033, , , , , , , 18.0593654, -0.002182, , , , , , , 18.0593654, 0.0320592, , , , , , , , , , , , , , , , , , , , , , , , , , , , 
18.0598846, 0.0035248, , , , , , , 18.0598846, -0.0072175, , , , , , , 18.0598846, -0.002182, , , , , , , 18.0598846, 0.033402, , , , , , , , , , , , , , , , , , , , , , , , , , , , 
18.0604038, -0.0008392, , , , , , , 18.0604038, -0.0085603, , , , , , , 18.0604038, -0.005539, , , , , , , 18.0604038, 0.0337377, , , , , , , , , , , , , , , , , , , , , , , , , , , , 
18.0609231, -0.005539, , , , , , , 18.0609231, -0.0085603, , , , , , , 18.0609231, -0.0082246, , , , , , , 18.0609231, 0.036759, , , , , , , , , , , , , , , , , , , , , , , , , , , , 
18.0614423, -0.0070497, , , , , , , 18.0614423, -0.0082246, , , , , , , 18.0614423, -0.0075532, , , , , , , 18.0614423, 0.040116, , , , , , , , , , , , , , , , , , , , , , , , , , , , 
18.0619615, -0.0068818, , , , , , , 18.0619615, -0.0082246, , , , , , , 18.0619615, -0.0065461, , , , , , , 18.0619615, 0.0397803, , , , , , , , , , , , , , , , , , , , , , , , , , , , 
18.0624808, -0.005539, , , , , , , 18.0624808, -0.0075532, , , , , , , 18.0624808, -0.008896, , , , , , , 18.0624808, 0.0330663, , , , , , , , , , , , , , , , , , , , , , , , , , , , 
18.063, -0.0043641, , , , , , , 18.063, -0.0077211, , , , , , , 18.063, -0.0119173, , , , , , , 18.063, 0.0273594, , , , , , , , , , , , , , , , , , , , , , , , , , , , 
18.0635192, -0.002182, , , , , , , 18.0635192, -0.0083925, , , , , , , 18.0635192, -0.0104067, , , , , , , 18.0635192, 0.0243381, , , , , , , , , , , , , , , , , , , , , , , , , , , , 
18.0640385, 0.0045319, , , , , , , 18.0640385, -0.0095674, , , , , , , 18.0640385, -0.0075532, , , , , , , 18.0640385, 0.0219883, , , , , , , , , , , , , , , , , , , , , , , , , , , , 
18.0645577, 0.0099031, , , , , , , 18.0645577, -0.0082246, , , , , , , 18.0645577, -0.0082246, , , , , , , 18.0645577, 0.0193027, , , , , , , , , , , , , , , , , , , , , , , , , , , , 
18.0650769, 0.0132601, , , , , , , 18.0650769, -0.0052033, , , , , , , 18.0650769, -0.008896, , , , , , , 18.0650769, 0.0171206, , , , , , , , , , , , , , , , , , , , , , , , , , , , 
18.0655962, 0.017792, , , , , , , 18.0655962, -0.0041962, , , , , , , 18.0655962, -0.0083925, , , , , , , 18.0655962, 0.0149386, , , , , , , , , , , , , , , , , , , , , , , , , , , , 
18.0661154, 0.0218204, , , , , , , 18.0661154, -0.0050355, , , , , , , 18.0661154, -0.0065461, , , , , , , 18.0661154, 0.0115816, , , , , , , , , , , , , , , , , , , , , , , , , , , , 
18.0666346, 0.0199741, , , , , , , 18.0666346, -0.0048676, , , , , , , 18.0666346, -0.0075532, , , , , , , 18.0666346, 0.0090639, , , , , , , , , , , , , , , , , , , , , , , , , , , , 
18.0671538, 0.0186313, , , , , , , 18.0671538, -0.0062104, , , , , , , 18.0671538, -0.0085603, , , , , , , 18.0671538, 0.0099031, , , , , , , , , , , , , , , , , , , , , , , , , , , , 
18.0676731, 0.0179599, , , , , , , 18.0676731, -0.0082246, , , , , , , 18.0676731, -0.0078889, , , , , , , 18.0676731, 0.0119173, , , , , , , , , , , , , , , , , , , , , , , , , , , , 
18.0681923, 0.0166171, , , , , , , 18.0681923, -0.0102388, , , , , , , 18.0681923, -0.0078889, , , , , , , 18.0681923, 0.008896, , , , , , , , , , , , , , , , , , , , , , , , , , , , 
18.0687115, 0.0159457, , , , , , , 18.0687115, -0.0095674, , , , , , , 18.0687115, -0.008896, , , , , , , 18.0687115, 0.0078889, , , , , , , , , , , , , , , , , , , , , , , , , , , , 
18.0692308, 0.0179599, , , , , , , 18.0692308, -0.0072175, , , , , , , 18.0692308, -0.0099031, , , , , , , 18.0692308, 0.0125887, , , , , , , , , , , , , , , , , , , , , , , , , , , , 
18.06975, 0.0228275, , , , , , , 18.06975, -0.0075532, , , , , , , 18.06975, -0.0095674, , , , , , , 18.06975, 0.0140993, , , , , , , , , , , , , , , , , , , , , , , , , , , , 
18.0702692, 0.0273594, , , , , , , 18.0702692, -0.0075532, , , , , , , 18.0702692, -0.0082246, , , , , , , 18.0702692, 0.0099031, , , , , , , , , , , , , , , , , , , , , , , , , , , , 
18.0707885, 0.030045, , , , , , , 18.0707885, -0.008896, , , , , , , 18.0707885, -0.0073854, , , , , , , 18.0707885, 0.0057069, , , , , , , , , , , , , , , , , , , , , , , , , , , , 
18.0713077, 0.0246738, , , , , , , 18.0713077, -0.0090639, , , , , , , 18.0713077, -0.0068818, , , , , , , 18.0713077, 0.0031891, , , , , , , , , , , , , , , , , , , , , , , , , , , , 
18.0718269, 0.0179599, , , , , , , 18.0718269, -0.0095674, , , , , , , 18.0718269, -0.0082246, , , , , , , 18.0718269, 0.0010071, , , , , , , , , , , , , , , , , , , , , , , , , , , , 
18.0723462, 0.0196384, , , , , , , 18.0723462, -0.0077211, , , , , , , 18.0723462, -0.0105745, , , , , , , 18.0723462, -0.0028534, , , , , , , , , , , , , , , , , , , , , , , , , , , , 
18.0728654, 0.0273594, , , , , , , 18.0728654, -0.0062104, , , , , , , 18.0728654, -0.0124208, , , , , , , 18.0728654, -0.0082246, , , , , , , , , , , , , , , , , , , , , , , , , , , , 
18.0733846, 0.0283665, , , , , , , 18.0733846, -0.0070497, , , , , , , 18.0733846, -0.012253, , , , , , , 18.0733846, -0.011078, , , , , , , , , , , , , , , , , , , , , , , , , , , , 
18.0739038, 0.0288701, , , , , , , 18.0739038, -0.0072175, , , , , , , 18.0739038, -0.0112459, , , , , , , 18.0739038, -0.0099031, , , , , , , , , , , , , , , , , , , , , , , , , , , , 
18.0744231, 0.0307164, , , , , , , 18.0744231, -0.0077211, , , , , , , 18.0744231, -0.012253, , , , , , , 18.0744231, -0.0068818, , , , , , , , , , , , , , , , , , , , , , , , , , , , 
18.0749423, 0.0305486, , , , , , , 18.0749423, -0.0095674, , , , , , , 18.0749423, -0.0129244, , , , , , , 18.0749423, -0.0035248, , , , , , , , , , , , , , , , , , , , , , , , , , , , 
18.0754615, 0.0287022, , , , , , , 18.0754615, -0.0099031, , , , , , , 18.0754615, -0.012253, , , , , , , 18.0754615, -0.0015106, , , , , , , , , , , , , , , , , , , , , , , , , , , , 
18.0759808, 0.0253452, , , , , , , 18.0759808, -0.0090639, , , , , , , 18.0759808, -0.0115816, , , , , , , 18.0759808, 0.0005035, , , , , , , , , , , , , , , , , , , , , , , , , , , , 
18.0765, 0.0209812, , , , , , , 18.0765, -0.0090639, , , , , , , 18.0765, -0.0095674, , , , , , , 18.0765, 0.0075532, , , , , , , , , , , , , , , , , , , , , , , , , , , , 
18.0770192, 0.0125887, , , , , , , 18.0770192, -0.0090639, , , , , , , 18.0770192, -0.0075532, , , , , , , 18.0770192, 0.0142672, , , , , , , , , , , , , , , , , , , , , , , , , , , , 
18.0775385, 0.0048676, , , , , , , 18.0775385, -0.0090639, , , , , , , 18.0775385, -0.0062104, , , , , , , 18.0775385, 0.0166171, , , , , , , , , , , , , , , , , , , , , , , , , , , , 
18.0780577, 0.0018463, , , , , , , 18.0780577, -0.0095674, , , , , , , 18.0780577, -0.005539, , , , , , , 18.0780577, 0.0193027, , , , , , , , , , , , , , , , , , , , , , , , , , , , 
18.0785769, -0.0003357, , , , , , , 18.0785769, -0.0105745, , , , , , , 18.0785769, -0.0035248, , , , , , , 18.0785769, 0.0250095, , , , , , , , , , , , , , , , , , , , , , , , , , , , 
18.0790962, -0.0023499, , , , , , , 18.0790962, -0.0109102, , , , , , , 18.0790962, -0.002182, , , , , , , 18.0790962, 0.0293736, , , , , , , , , , , , , , , , , , , , , , , , , , , , 
18.0796154, -0.0023499, , , , , , , 18.0796154, -0.0115816, , , , , , , 18.0796154, -0.0025177, , , , , , , 18.0796154, 0.0307164, , , , , , , , , , , , , , , , , , , , , , , , , , , , 
18.0801346, -0.0010071, , , , , , , 18.0801346, -0.012253, , , , , , , 18.0801346, -0.0015106, , , , , , , 18.0801346, 0.0317235, , , , , , , , , , , , , , , , , , , , , , , , , , , , 
18.0806538, -0.0015106, , , , , , , 18.0806538, -0.012253, , , , , , , 18.0806538, -0.002182, , , , , , , 18.0806538, 0.0327306, , , , , , , , , , , , , , , , , , , , , , , , , , , , 
18.0811731, -0.0052033, , , , , , , 18.0811731, -0.0115816, , , , , , , 18.0811731, -0.002182, , , , , , , 18.0811731, 0.0344091, , , , , , , , , , , , , , , , , , , , , , , , , , , , 
18.0816923, -0.0109102, , , , , , , 18.0816923, -0.0099031, , , , , , , 18.0816923, -0.0025177, , , , , , , 18.0816923, 0.0354162, , , , , , , , , , , , , , , , , , , , , , , , , , , , 
18.0822115, -0.0130922, , , , , , , 18.0822115, -0.0078889, , , , , , , 18.0822115, -0.0031891, , , , , , , 18.0822115, 0.033402, , , , , , , , , , , , , , , , , , , , , , , , , , , , 
18.0827308, -0.0072175, , , , , , , 18.0827308, -0.0078889, , , , , , , 18.0827308, -0.0028534, , , , , , , 18.0827308, 0.026688, , , , , , , , , , , , , , , , , , , , , , , , , , , , 
18.08325, 0.0005035, , , , , , , 18.08325, -0.010071, , , , , , , 18.08325, -0.0018463, , , , , , , 18.08325, 0.023331, , , , , , , , , , , , , , , , , , , , , , , , , , , , 
18.0837692, 0.0052033, , , , , , , 18.0837692, -0.0112459, , , , , , , 18.0837692, -0.0018463, , , , , , , 18.0837692, 0.0236667, , , , , , , , , , , , , , , , , , , , , , , , , , , , 
18.0842885, 0.0125887, , , , , , , 18.0842885, -0.0109102, , , , , , , 18.0842885, -0.0035248, , , , , , , 18.0842885, 0.0199741, , , , , , , , , , , , , , , , , , , , , , , , , , , , 
18.0848077, 0.0193027, , , , , , , 18.0848077, -0.0102388, , , , , , , 18.0848077, -0.0072175, , , , , , , 18.0848077, 0.0129244, , , , , , , , , , , , , , , , , , , , , , , , , , , , 
18.0853269, 0.0223239, , , , , , , 18.0853269, -0.0102388, , , , , , , 18.0853269, -0.0085603, , , , , , , 18.0853269, 0.0092317, , , , , , , , , , , , , , , , , , , , , , , , , , , , 
18.0858462, 0.0209812, , , , , , , 18.0858462, -0.0102388, , , , , , , 18.0858462, -0.0099031, , , , , , , 18.0858462, 0.0092317, , , , , , , , , , , , , , , , , , , , , , , , , , , , 
18.0863654, 0.018967, , , , , , , 18.0863654, -0.011078, , , , , , , 18.0863654, -0.012253, , , , , , , 18.0863654, 0.0095674, , , , , , , , , , , , , , , , , , , , , , , , , , , , 
18.0868846, 0.0193027, , , , , , , 18.0868846, -0.0102388, , , , , , , 18.0868846, -0.012253, , , , , , , 18.0868846, 0.0068818, , , , , , , , , , , , , , , , , , , , , , , , , , , , 
18.0874038, 0.0193027, , , , , , , 18.0874038, -0.0082246, , , , , , , 18.0874038, -0.0112459, , , , , , , 18.0874038, 0.0035248, , , , , , , , , , , , , , , , , , , , , , , , , , , , 
18.0879231, 0.0182956, , , , , , , 18.0879231, -0.0078889, , , , , , , 18.0879231, -0.0099031, , , , , , , 18.0879231, 0.0046998, , , , , , , , , , , , , , , , , , , , , , , , , , , , 
18.0884423, 0.0179599, , , , , , , 18.0884423, -0.0072175, , , , , , , 18.0884423, -0.0085603, , , , , , , 18.0884423, 0.0092317, , , , , , , , , , , , , , , , , , , , , , , , , , , , 
18.0889615, 0.0206455, , , , , , , 18.0889615, -0.0062104, , , , , , , 18.0889615, -0.0068818, , , , , , , 18.0889615, 0.012253, , , , , , , , , , , , , , , , , , , , , , , , , , , , 
18.0894808, 0.0218204, , , , , , , 18.0894808, -0.0057069, , , , , , , 18.0894808, -0.0048676, , , , , , , 18.0894808, 0.0132601, , , , , , , , , , , , , , , , , , , , , , , , , , , , 
18.09, 0.0193027, , , , , , , 18.09, -0.0057069, , , , , , , 18.09, -0.0060426, , , , , , , 18.09, 0.0146029, , , , , , , , , , , , , , , , , , , , , , , , , , , , 
18.0905192, 0.0186313, , , , , , , 18.0905192, -0.0058747, , , , , , , 18.0905192, -0.0072175, , , , , , , 18.0905192, 0.0129244, , , , , , , , , , , , , , , , , , , , , , , , , , , , 
18.0910385, 0.0209812, , , , , , , 18.0910385, -0.0063783, , , , , , , 18.0910385, -0.0065461, , , , , , , 18.0910385, 0.0099031, , , , , , , , , , , , , , , , , , , , , , , , , , , , 
18.0915577, 0.0209812, , , , , , , 18.0915577, -0.0058747, , , , , , , 18.0915577, -0.0058747, , , , , , , 18.0915577, 0.0068818, , , , , , , , , , , , , , , , , , , , , , , , , , , , 
18.0920769, 0.0223239, , , , , , , 18.0920769, -0.0041962, , , , , , , 18.0920769, -0.0063783, , , , , , , 18.0920769, 0.0018463, , , , , , , , , , , , , , , , , , , , , , , , , , , , 
18.0925962, 0.0246738, , , , , , , 18.0925962, -0.0016785, , , , , , , 18.0925962, -0.0068818, , , , , , , 18.0925962, -0.0028534, , , , , , , , , , , , , , , , , , , , , , , , , , , , 
18.0931154, 0.0250095, , , , , , , 18.0931154, -0.0015106, , , , , , , 18.0931154, -0.0068818, , , , , , , 18.0931154, -0.0050355, , , , , , , , , , , , , , , , , , , , , , , , , , , , 
18.0936346, 0.0240024, , , , , , , 18.0936346, -0.002182, , , , , , , 18.0936346, -0.0090639, , , , , , , 18.0936346, -0.0068818, , , , , , , , , , , , , , , , , , , , , , , , , , , , 
18.0941538, 0.0250095, , , , , , , 18.0941538, -0.0023499, , , , , , , 18.0941538, -0.0119173, , , , , , , 18.0941538, -0.008896, , , , , , , , , , , , , , , , , , , , , , , , , , , , 
18.0946731, 0.0260166, , , , , , , 18.0946731, -0.0028534, , , , , , , 18.0946731, -0.0124208, , , , , , , 18.0946731, -0.011078, , , , , , , , , , , , , , , , , , , , , , , , , , , , 
18.0951923, 0.0240024, , , , , , , 18.0951923, -0.0035248, , , , , , , 18.0951923, -0.0112459, , , , , , , 18.0951923, -0.0112459, , , , , , , , , , , , , , , , , , , , , , , , , , , , 
18.0957115, 0.0166171, , , , , , , 18.0957115, -0.005539, , , , , , , 18.0957115, -0.011078, , , , , , , 18.0957115, -0.0062104, , , , , , , , , , , , , , , , , , , , , , , , , , , , 
18.0962308, 0.0112459, , , , , , , 18.0962308, -0.0062104, , , , , , , 18.0962308, -0.0119173, , , , , , , 18.0962308, -0.0018463, , , , , , , , , , , , , , , , , , , , , , , , , , , , 
18.09675, 0.0102388, , , , , , , 18.09675, -0.0068818, , , , , , , 18.09675, -0.0105745, , , , , , , 18.09675, -0.0001678, , , , , , , , , , , , , , , , , , , , , , , , , , , , 
18.0972692, 0.0092317, , , , , , , 18.0972692, -0.0078889, , , , , , , 18.0972692, -0.0082246, , , , , , , 18.0972692, 0.0038605, , , , , , , , , , , , , , , , , , , , , , , , , , , , 
18.0977885, 0.0078889, , , , , , , 18.0977885, -0.0083925, , , , , , , 18.0977885, -0.0073854, , , , , , , 18.0977885, 0.0095674, , , , , , , , , , , , , , , , , , , , , , , , , , , , 
18.0983077, 0.0048676, , , , , , , 18.0983077, -0.0062104, , , , , , , 18.0983077, -0.0065461, , , , , , , 18.0983077, 0.01561, , , , , , , , , , , , , , , , , , , , , , , , , , , , 
18.0988269, 0.0025177, , , , , , , 18.0988269, -0.005539, , , , , , , 18.0988269, -0.0041962, , , , , , , 18.0988269, 0.0219883, , , , , , , , , , , , , , , , , , , , , , , , , , , , 
18.0993462, 0.0011749, , , , , , , 18.0993462, -0.0082246, , , , , , , 18.0993462, -0.0031891, , , , , , , 18.0993462, 0.0280308, , , , , , , , , , , , , , , , , , , , , , , , , , , , 
18.0998654, 0.0060426, , , , , , , 18.0998654, -0.0092317, , , , , , , 18.0998654, -0.0038605, , , , , , , 18.0998654, 0.0327306, , , , , , , , , , , , , , , , , , , , , , , , , , , , 
18.1003846, 0.0157778, , , , , , , 18.1003846, -0.0082246, , , , , , , 18.1003846, -0.0052033, , , , , , , 18.1003846, 0.0347448, , , , , , , , , , , , , , , , , , , , , , , , , , , , 
18.1009038, 0.0159457, , , , , , , 18.1009038, -0.0068818, , , , , , , 18.1009038, -0.0041962, , , , , , , 18.1009038, 0.0364233, , , , , , , , , , , , , , , , , , , , , , , , , , , , 
18.1014231, 0.0070497, , , , , , , 18.1014231, -0.0072175, , , , , , , 18.1014231, -0.0031891, , , , , , , 18.1014231, 0.036759, , , , , , , , , , , , , , , , , , , , , , , , , , , , 
18.1019423, 0.0038605, , , , , , , 18.1019423, -0.0068818, , , , , , , 18.1019423, -0.0050355, , , , , , , 18.1019423, 0.0347448, , , , , , , , , , , , , , , , , , , , , , , , , , , , 
18.1024615, 0.0099031, , , , , , , 18.1024615, -0.0082246, , , , , , , 18.1024615, -0.0068818, , , , , , , 18.1024615, 0.0290379, , , , , , , , , , , , , , , , , , , , , , , , , , , , 
18.1029808, 0.0166171, , , , , , , 18.1029808, -0.0085603, , , , , , , 18.1029808, -0.0075532, , , , , , , 18.1029808, 0.0199741, , , , , , , , , , , , , , , , , , , , , , , , , , , , 
18.1035, 0.0199741, , , , , , , 18.1035, -0.0083925, , , , , , , 18.1035, -0.0065461, , , , , , , 18.1035, 0.0132601, , , , , , , , , , , , , , , , , , , , , , , , , , , , 
18.1040192, 0.0203098, , , , , , , 18.1040192, -0.0077211, , , , , , , 18.1040192, -0.0063783, , , , , , , 18.1040192, 0.0109102, , , , , , , , , , , , , , , , , , , , , , , , , , , , 
18.1045385, 0.0206455, , , , , , , 18.1045385, -0.0048676, , , , , , , 18.1045385, -0.0068818, , , , , , , 18.1045385, 0.0109102, , , , , , , , , , , , , , , , , , , , , , , , , , , , 
18.1050577, 0.0199741, , , , , , , 18.1050577, -0.0030213, , , , , , , 18.1050577, -0.0075532, , , , , , , 18.1050577, 0.0078889, , , , , , , , , , , , , , , , , , , , , , , , , , , , 
18.1055769, 0.0172885, , , , , , , 18.1055769, -0.0036927, , , , , , , 18.1055769, -0.0077211, , , , , , , 18.1055769, 0.0038605, , , , , , , , , , , , , , , , , , , , , , , , , , , , 
18.1060962, 0.0104067, , , , , , , 18.1060962, -0.0043641, , , , , , , 18.1060962, -0.0078889, , , , , , , 18.1060962, 0.0028534, , , , , , , , , , , , , , , , , , , , , , , , , , , , 
18.1066154, 0.0072175, , , , , , , 18.1066154, -0.0063783, , , , , , , 18.1066154, -0.0075532, , , , , , , 18.1066154, 0.0041962, , , , , , , , , , , , , , , , , , , , , , , , , , , , 
18.1071346, 0.0092317, , , , , , , 18.1071346, -0.0083925, , , , , , , 18.1071346, -0.0085603, , , , , , , 18.1071346, 0.0050355, , , , , , , , , , , , , , , , , , , , , , , , , , , , 
18.1076538, 0.0099031, , , , , , , 18.1076538, -0.0082246, , , , , , , 18.1076538, -0.0078889, , , , , , , 18.1076538, 0.0048676, , , , , , , , , , , , , , , , , , , , , , , , , , , , 
18.1081731, 0.0058747, , , , , , , 18.1081731, -0.0085603, , , , , , , 18.1081731, -0.0058747, , , , , , , 18.1081731, 0.0065461, , , , , , , , , , , , , , , , , , , , , , , , , , , , 
18.1086923, 0.0025177, , , , , , , 18.1086923, -0.0102388, , , , , , , 18.1086923, -0.0062104, , , , , , , 18.1086923, 0.0082246, , , , , , , , , , , , , , , , , , , , , , , , , , , , 
18.1092115, 0.0011749, , , , , , , 18.1092115, -0.0102388, , , , , , , 18.1092115, -0.0090639, , , , , , , 18.1092115, 0.0085603, , , , , , , , , , , , , , , , , , , , , , , , , , , , 
18.1097308, 0.0035248, , , , , , , 18.1097308, -0.0095674, , , , , , , 18.1097308, -0.012253, , , , , , , 18.1097308, 0.0085603, , , , , , , , , , , , , , , , , , , , , , , , , , , , 
18.11025, 0.0105745, , , , , , , 18.11025, -0.0075532, , , , , , , 18.11025, -0.0130922, , , , , , , 18.11025, 0.0099031, , , , , , , , , , , , , , , , , , , , , , , , , , , , 
18.1107692, 0.0162814, , , , , , , 18.1107692, -0.0068818, , , , , , , 18.1107692, -0.0112459, , , , , , , 18.1107692, 0.0112459, , , , , , , , , , , , , , , , , , , , , , , , , , , , 
18.1112885, 0.018967, , , , , , , 18.1112885, -0.0085603, , , , , , , 18.1112885, -0.0082246, , , , , , , 18.1112885, 0.0115816, , , , , , , , , , , , , , , , , , , , , , , , , , , , 
18.1118077, 0.0159457, , , , , , , 18.1118077, -0.0104067, , , , , , , 18.1118077, -0.0082246, , , , , , , 18.1118077, 0.0082246, , , , , , , , , , , , , , , , , , , , , , , , , , , , 
18.1123269, 0.0139315, , , , , , , 18.1123269, -0.0099031, , , , , , , 18.1123269, -0.012253, , , , , , , 18.1123269, 0.0005035, , , , , , , , , , , , , , , , , , , , , , , , , , , , 
18.1128462, 0.0179599, , , , , , , 18.1128462, -0.0083925, , , , , , , 18.1128462, -0.0169528, , , , , , , 18.1128462, -0.005539, , , , , , , , , , , , , , , , , , , , , , , , , , , , 
18.1133654, 0.0240024, , , , , , , 18.1133654, -0.0062104, , , , , , , 18.1133654, -0.0179599, , , , , , , 18.1133654, -0.0078889, , , , , , , , , , , , , , , , , , , , , , , , , , , , 
18.1138846, 0.0263523, , , , , , , 18.1138846, -0.0041962, , , , , , , 18.1138846, -0.0162814, , , , , , , 18.1138846, -0.0083925, , , , , , , , , , , , , , , , , , , , , , , , , , , , 
18.1144038, 0.026688, , , , , , , 18.1144038, -0.0038605, , , , , , , 18.1144038, -0.0142672, , , , , , , 18.1144038, -0.008896, , , , , , , , , , , , , , , , , , , , , , , , , , , , 
18.1149231, 0.0240024, , , , , , , 18.1149231, -0.0052033, , , , , , , 18.1149231, -0.0117494, , , , , , , 18.1149231, -0.0062104, , , , , , , , , , , , , , , , , , , , , , , , , , , , 
18.1154423, 0.023331, , , , , , , 18.1154423, -0.0068818, , , , , , , 18.1154423, -0.0109102, , , , , , , 18.1154423, -0.0015106, , , , , , , , , , , , , , , , , , , , , , , , , , , , 
18.1159615, 0.0231632, , , , , , , 18.1159615, -0.0075532, , , , , , , 18.1159615, -0.0119173, , , , , , , 18.1159615, 0.0038605, , , , , , , , , , , , , , , , , , , , , , , , , , , , 
18.1164808, 0.0166171, , , , , , , 18.1164808, -0.0072175, , , , , , , 18.1164808, -0.0137636, , , , , , , 18.1164808, 0.0092317, , , , , , , , , , , , , , , , , , , , , , , , , , , , 
18.117, 0.0102388, , , , , , , 18.117, -0.0070497, , , , , , , 18.117, -0.0151064, , , , , , , 18.117, 0.0132601, , , , , , , , , , , , , , , , , , , , , , , , , , , , 
18.1175192, 0.0090639, , , , , , , 18.1175192, -0.0095674, , , , , , , 18.1175192, -0.0132601, , , , , , , 18.1175192, 0.0146029, , , , , , , , , , , , , , , , , , , , , , , , , , , , 
18.1180385, 0.0117494, , , , , , , 18.1180385, -0.0115816, , , , , , , 18.1180385, -0.011078, , , , , , , 18.1180385, 0.0166171, , , , , , , , , , , , , , , , , , , , , , , , , , , , 
18.1185577, 0.0058747, , , , , , , 18.1185577, -0.012253, , , , , , , 18.1185577, -0.0115816, , , , , , , 18.1185577, 0.0209812, , , , , , , , , , , , , , , , , , , , , , , , , , , , 
18.1190769, -0.0062104, , , , , , , 18.1190769, -0.0102388, , , , , , , 18.1190769, -0.0090639, , , , , , , 18.1190769, 0.0240024, , , , , , , , , , , , , , , , , , , , , , , , , , , , 
18.1195962, -0.0112459, , , , , , , 18.1195962, -0.0085603, , , , , , , 18.1195962, -0.0068818, , , , , , , 18.1195962, 0.0263523, , , , , , , , , , , , , , , , , , , , , , , , , , , , 
18.1201154, -0.0095674, , , , , , , 18.1201154, -0.008896, , , , , , , 18.1201154, -0.0062104, , , , , , , 18.1201154, 0.0287022, , , , , , , , , , , , , , , , , , , , , , , , , , , , 
18.1206346, -0.0102388, , , , , , , 18.1206346, -0.0095674, , , , , , , 18.1206346, -0.0068818, , , , , , , 18.1206346, 0.0313878, , , , , , , , , , , , , , , , , , , , , , , , , , , , 
18.1211538, -0.01561, , , , , , , 18.1211538, -0.011078, , , , , , , 18.1211538, -0.0077211, , , , , , , 18.1211538, 0.0344091, , , , , , , , , , , , , , , , , , , , , , , , , , , , 
18.1216731, -0.0139315, , , , , , , 18.1216731, -0.0115816, , , , , , , 18.1216731, -0.0083925, , , , , , , 18.1216731, 0.0347448, , , , , , , , , , , , , , , , , , , , , , , , , , , , 
18.1221923, -0.0075532, , , , , , , 18.1221923, -0.0099031, , , , , , , 18.1221923, -0.0072175, , , , , , , 18.1221923, 0.033402, , , , , , , , , , , , , , , , , , , , , , , , , , , , 
18.1227115, 0.0003357, , , , , , , 18.1227115, -0.0077211, , , , , , , 18.1227115, -0.0052033, , , , , , , 18.1227115, 0.0275273, , , , , , , , , , , , , , , , , , , , , , , , , , , , 
18.1232308, 0.0065461, , , , , , , 18.1232308, -0.0063783, , , , , , , 18.1232308, -0.0031891, , , , , , , 18.1232308, 0.0196384, , , , , , , , , , , , , , , , , , , , , , , , , , , , 
18.12375, 0.0112459, , , , , , , 18.12375, -0.005539, , , , , , , 18.12375, -0.0028534, , , , , , , 18.12375, 0.0132601, , , , , , , , , , , , , , , , , , , , , , , , , , , , 
18.1242692, 0.0146029, , , , , , , 18.1242692, -0.0045319, , , , , , , 18.1242692, -0.0038605, , , , , , , 18.1242692, 0.0099031, , , , , , , , , , , , , , , , , , , , , , , , , , , , 
18.1247885, 0.0186313, , , , , , , 18.1247885, -0.0035248, , , , , , , 18.1247885, -0.0041962, , , , , , , 18.1247885, 0.008896, , , , , , , , , , , , , , , , , , , , , , , , , , , , 
18.1253077, 0.0218204, , , , , , , 18.1253077, -0.0052033, , , , , , , 18.1253077, -0.0031891, , , , , , , 18.1253077, 0.0092317, , , , , , , , , , , , , , , , , , , , , , , , , , , , 
18.1258269, 0.0213169, , , , , , , 18.1258269, -0.0085603, , , , , , , 18.1258269, -0.0038605, , , , , , , 18.1258269, 0.012253, , , , , , , , , , , , , , , , , , , , , , , , , , , , 
18.1263462, 0.018967, , , , , , , 18.1263462, -0.0102388, , , , , , , 18.1263462, -0.005539, , , , , , , 18.1263462, 0.0152743, , , , , , , , , , , , , , , , , , , , , , , , , , , , 
18.1268654, 0.0179599, , , , , , , 18.1268654, -0.0102388, , , , , , , 18.1268654, -0.005539, , , , , , , 18.1268654, 0.0166171, , , , , , , , , , , , , , , , , , , , , , , , , , , , 
18.1273846, 0.017792, , , , , , , 18.1273846, -0.0112459, , , , , , , 18.1273846, -0.0031891, , , , , , , 18.1273846, 0.0151064, , , , , , , , , , , , , , , , , , , , , , , , , , , , 
18.1279038, 0.0223239, , , , , , , 18.1279038, -0.0135958, , , , , , , 18.1279038, -0.0031891, , , , , , , 18.1279038, 0.0124208, , , , , , , , , , , , , , , , , , , , , , , , , , , , 
18.1284231, 0.0226596, , , , , , , 18.1284231, -0.0135958, , , , , , , 18.1284231, -0.0050355, , , , , , , 18.1284231, 0.0125887, , , , , , , , , , , , , , , , , , , , , , , , , , , , 
18.1289423, 0.0219883, , , , , , , 18.1289423, -0.0115816, , , , , , , 18.1289423, -0.0062104, , , , , , , 18.1289423, 0.0132601, , , , , , , , , , , , , , , , , , , , , , , , , , , , 
18.1294615, 0.0236667, , , , , , , 18.1294615, -0.0105745, , , , , , , 18.1294615, -0.0065461, , , , , , , 18.1294615, 0.0119173, , , , , , , , , , , , , , , , , , , , , , , , , , , , 
18.1299808, 0.026688, , , , , , , 18.1299808, -0.0112459, , , , , , , 18.1299808, -0.0068818, , , , , , , 18.1299808, 0.0129244, , , , , , , , , , , , , , , , , , , , , , , , , , , , 
18.1305, 0.0273594, , , , , , , 18.1305, -0.0099031, , , , , , , 18.1305, -0.008896, , , , , , , 18.1305, 0.0157778, , , , , , , , , , , , , , , , , , , , , , , , , , , , 
18.1310192, 0.026688, , , , , , , 18.1310192, -0.0078889, , , , , , , 18.1310192, -0.0090639, , , , , , , 18.1310192, 0.0169528, , , , , , , , , , , , , , , , , , , , , , , , , , , , 
18.1315385, 0.0218204, , , , , , , 18.1315385, -0.0072175, , , , , , , 18.1315385, -0.0082246, , , , , , , 18.1315385, 0.0132601, , , , , , , , , , , , , , , , , , , , , , , , , , , , 
18.1320577, 0.0206455, , , , , , , 18.1320577, -0.0070497, , , , , , , 18.1320577, -0.0082246, , , , , , , 18.1320577, 0.0065461, , , , , , , , , , , , , , , , , , , , , , , , , , , , 
18.1325769, 0.026688, , , , , , , 18.1325769, -0.0068818, , , , , , , 18.1325769, -0.0095674, , , , , , , 18.1325769, 0.0005035, , , , , , , , , , , , , , , , , , , , , , , , , , , , 
18.1330962, 0.0318914, , , , , , , 18.1330962, -0.0065461, , , , , , , 18.1330962, -0.012253, , , , , , , 18.1330962, -0.0025177, , , , , , , , , , , , , , , , , , , , , , , , , , , , 
18.1336154, 0.0327306, , , , , , , 18.1336154, -0.0072175, , , , , , , 18.1336154, -0.012253, , , , , , , 18.1336154, -0.0031891, , , , , , , , , , , , , , , , , , , , , , , , , , , , 
18.1341346, 0.0347448, , , , , , , 18.1341346, -0.0075532, , , , , , , 18.1341346, -0.0105745, , , , , , , 18.1341346, -0.0028534, , , , , , , , , , , , , , , , , , , , , , , , , , , , 
18.1346538, 0.0320592, , , , , , , 18.1346538, -0.0062104, , , , , , , 18.1346538, -0.0099031, , , , , , , 18.1346538, -0.002182, , , , , , , , , , , , , , , , , , , , , , , , , , , , 
18.1351731, 0.0270237, , , , , , , 18.1351731, -0.005539, , , , , , , 18.1351731, -0.0095674, , , , , , , 18.1351731, 0.0011749, , , , , , , , , , , , , , , , , , , , , , , , , , , , 
18.1356923, 0.0236667, , , , , , , 18.1356923, -0.0062104, , , , , , , 18.1356923, -0.0097353, , , , , , , 18.1356923, 0.0072175, , , , , , , , , , , , , , , , , , , , , , , , , , , , 
18.1362115, 0.0236667, , , , , , , 18.1362115, -0.0075532, , , , , , , 18.1362115, -0.0115816, , , , , , , 18.1362115, 0.0117494, , , , , , , , , , , , , , , , , , , , , , , , , , , , 
18.1367308, 0.0193027, , , , , , , 18.1367308, -0.0082246, , , , , , , 18.1367308, -0.0135958, , , , , , , 18.1367308, 0.0139315, , , , , , , , , , , , , , , , , , , , , , , , , , , , 
18.13725, 0.0125887, , , , , , , 18.13725, -0.0102388, , , , , , , 18.13725, -0.0135958, , , , , , , 18.13725, 0.0139315, , , , , , , , , , , , , , , , , , , , , , , , , , , , 
18.1377692, 0.0119173, , , , , , , 18.1377692, -0.0102388, , , , , , , 18.1377692, -0.0112459, , , , , , , 18.1377692, 0.01561, , , , , , , , , , , , , , , , , , , , , , , , , , , , 
18.1382885, 0.0095674, , , , , , , 18.1382885, -0.0082246, , , , , , , 18.1382885, -0.0102388, , , , , , , 18.1382885, 0.0213169, , , , , , , , , , , , , , , , , , , , , , , , , , , , 
18.1388077, -0.0005035, , , , , , , 18.1388077, -0.0063783, , , , , , , 18.1388077, -0.0072175, , , , , , , 18.1388077, 0.0271916, , , , , , , , , , , , , , , , , , , , , , , , , , , , 
18.1393269, -0.0095674, , , , , , , 18.1393269, -0.0068818, , , , , , , 18.1393269, -0.0046998, , , , , , , 18.1393269, 0.0317235, , , , , , , , , , , , , , , , , , , , , , , , , , , , 
18.1398462, -0.0109102, , , , , , , 18.1398462, -0.0072175, , , , , , , 18.1398462, -0.002182, , , , , , , 18.1398462, 0.0344091, , , , , , , , , , , , , , , , , , , , , , , , , , , , 
18.1403654, -0.0102388, , , , , , , 18.1403654, -0.0077211, , , , , , , 18.1403654, -0.0005035, , , , , , , 18.1403654, 0.0374304, , , , , , , , , , , , , , , , , , , , , , , , , , , , 
18.1408846, -0.0112459, , , , , , , 18.1408846, -0.0072175, , , , , , , 18.1408846, 0.0011749, , , , , , , 18.1408846, 0.040116, , , , , , , , , , , , , , , , , , , , , , , , , , , , 
18.1414038, -0.0142672, , , , , , , 18.1414038, -0.0048676, , , , , , , 18.1414038, 0.0025177, , , , , , , 18.1414038, 0.043473, , , , , , , , , , , , , , , , , , , , , , , , , , , , 
18.1419231, -0.012253, , , , , , , 18.1419231, -0.0025177, , , , , , , 18.1419231, 0.0035248, , , , , , , 18.1419231, 0.0451514, , , , , , , , , , , , , , , , , , , , , , , , , , , , 
18.1424423, -0.0082246, , , , , , , 18.1424423, -0.0028534, , , , , , , 18.1424423, 0.0025177, , , , , , , 18.1424423, 0.040116, , , , , , , , , , , , , , , , , , , , , , , , , , , , 
18.1429615, -0.0045319, , , , , , , 18.1429615, -0.0031891, , , , , , , 18.1429615, 0.0011749, , , , , , , 18.1429615, 0.0317235, , , , , , , , , , , , , , , , , , , , , , , , , , , , 
18.1434808, 0.0018463, , , , , , , 18.1434808, -0.0030213, , , , , , , 18.1434808, -0.0003357, , , , , , , 18.1434808, 0.0246738, , , , , , , , , , , , , , , , , , , , , , , , , , , , 
18.144, 0.0038605, , , , , , , 18.144, -0.0048676, , , , , , , 18.144, -0.0023499, , , , , , , 18.144, 0.0208133, , , , , , , , , , , , , , , , , , , , , , , , , , , , 
18.1445192, 0.0003357, , , , , , , 18.1445192, -0.0045319, , , , , , , 18.1445192, -0.0050355, , , , , , , 18.1445192, 0.0146029, , , , , , , , , , , , , , , , , , , , , , , , , , , , 
18.1450385, -0.0010071, , , , , , , 18.1450385, -0.0038605, , , , , , , 18.1450385, -0.0072175, , , , , , , 18.1450385, 0.0095674, , , , , , , , , , , , , , , , , , , , , , , , , , , , 
18.1455577, 0.0065461, , , , , , , 18.1455577, -0.0041962, , , , , , , 18.1455577, -0.0082246, , , , , , , 18.1455577, 0.0058747, , , , , , , , , , , , , , , , , , , , , , , , , , , , 
18.1460769, 0.0132601, , , , , , , 18.1460769, -0.0048676, , , , , , , 18.1460769, -0.0102388, , , , , , , 18.1460769, 0.002182, , , , , , , , , , , , , , , , , , , , , , , , , , , , 
18.1465962, 0.0139315, , , , , , , 18.1465962, -0.0065461, , , , , , , 18.1465962, -0.0109102, , , , , , , 18.1465962, -0.0005035, , , , , , , , , , , , , , , , , , , , , , , , , , , , 
18.1471154, 0.0149386, , , , , , , 18.1471154, -0.0082246, , , , , , , 18.1471154, -0.0083925, , , , , , , 18.1471154, -0.0008392, , , , , , , , , , , , , , , , , , , , , , , , , , , , 
18.1476346, 0.0186313, , , , , , , 18.1476346, -0.0105745, , , , , , , 18.1476346, -0.0068818, , , , , , , 18.1476346, 0.0001678, , , , , , , , , , , , , , , , , , , , , , , , , , , , 
18.1481538, 0.0218204, , , , , , , 18.1481538, -0.012253, , , , , , , 18.1481538, -0.0075532, , , , , , , 18.1481538, 0.0016785, , , , , , , , , , , , , , , , , , , , , , , , , , , , 
18.1486731, 0.0248417, , , , , , , 18.1486731, -0.0112459, , , , , , , 18.1486731, -0.0102388, , , , , , , 18.1486731, 0.0018463, , , , , , , , , , , , , , , , , , , , , , , , , , , , 
18.1491923, 0.0288701, , , , , , , 18.1491923, -0.0070497, , , , , , , 18.1491923, -0.012253, , , , , , , 18.1491923, 0.0025177, , , , , , , , , , , , , , , , , , , , , , , , , , , , 
18.1497115, 0.0320592, , , , , , , 18.1497115, -0.0052033, , , , , , , 18.1497115, -0.0125887, , , , , , , 18.1497115, 0.0045319, , , , , , , , , , , , , , , , , , , , , , , , , , , , 
18.1502308, 0.0323949, , , , , , , 18.1502308, -0.0050355, , , , , , , 18.1502308, -0.0109102, , , , , , , 18.1502308, 0.0062104, , , , , , , , , , , , , , , , , , , , , , , , , , , , 
18.15075, 0.030045, , , , , , , 18.15075, -0.0062104, , , , , , , 18.15075, -0.0077211, , , , , , , 18.15075, 0.0052033, , , , , , , , , , , , , , , , , , , , , , , , , , , , 
18.1512692, 0.0298772, , , , , , , 18.1512692, -0.0068818, , , , , , , 18.1512692, -0.008896, , , , , , , 18.1512692, 0.0025177, , , , , , , , , , , , , , , , , , , , , , , , , , , , 
18.1517885, 0.0313878, , , , , , , 18.1517885, -0.0068818, , , , , , , 18.1517885, -0.0095674, , , , , , , 18.1517885, -0.0001678, , , , , , , , , , , , , , , , , , , , , , , , , , , , 
18.1523077, 0.0317235, , , , , , , 18.1523077, -0.0068818, , , , , , , 18.1523077, -0.0072175, , , , , , , 18.1523077, -0.0038605, , , , , , , , , , , , , , , , , , , , , , , , , , , , 
18.1528269, 0.0344091, , , , , , , 18.1528269, -0.0065461, , , , , , , 18.1528269, -0.0082246, , , , , , , 18.1528269, -0.0082246, , , , , , , , , , , , , , , , , , , , , , , , , , , , 
18.1533462, 0.0307164, , , , , , , 18.1533462, -0.0062104, , , , , , , 18.1533462, -0.0109102, , , , , , , 18.1533462, -0.0119173, , , , , , , , , , , , , , , , , , , , , , , , , , , , 
18.1538654, 0.0223239, , , , , , , 18.1538654, -0.0075532, , , , , , , 18.1538654, -0.0139315, , , , , , , 18.1538654, -0.0149386, , , , , , , , , , , , , , , , , , , , , , , , , , , , 
18.1543846, 0.0213169, , , , , , , 18.1543846, -0.0082246, , , , , , , 18.1543846, -0.0135958, , , , , , , 18.1543846, -0.014435, , , , , , , , , , , , , , , , , , , , , , , , , , , , 
18.1549038, 0.0250095, , , , , , , 18.1549038, -0.0095674, , , , , , , 18.1549038, -0.0125887, , , , , , , 18.1549038, -0.0135958, , , , , , , , , , , , , , , , , , , , , , , , , , , , 
18.1554231, 0.026688, , , , , , , 18.1554231, -0.0092317, , , , , , , 18.1554231, -0.0124208, , , , , , , 18.1554231, -0.0102388, , , , , , , , , , , , , , , , , , , , , , , , , , , , 
18.1559423, 0.0240024, , , , , , , 18.1559423, -0.0083925, , , , , , , 18.1559423, -0.012253, , , , , , , 18.1559423, -0.0038605, , , , , , , , , , , , , , , , , , , , , , , , , , , , 
18.1564615, 0.0169528, , , , , , , 18.1564615, -0.0095674, , , , , , , 18.1564615, -0.012253, , , , , , , 18.1564615, 0.0018463, , , , , , , , , , , , , , , , , , , , , , , , , , , , 
18.1569808, 0.0099031, , , , , , , 18.1569808, -0.0095674, , , , , , , 18.1569808, -0.0117494, , , , , , , 18.1569808, 0.0045319, , , , , , , , , , , , , , , , , , , , , , , , , , , , 
18.1575, 0.0112459, , , , , , , 18.1575, -0.0070497, , , , , , , 18.1575, -0.0104067, , , , , , , 18.1575, 0.0075532, , , , , , , , , , , , , , , , , , , , , , , , , , , , 
18.1580192, 0.0119173, , , , , , , 18.1580192, -0.0075532, , , , , , , 18.1580192, -0.0102388, , , , , , , 18.1580192, 0.0146029, , , , , , , , , , , , , , , , , , , , , , , , , , , , 
18.1585385, 0.0077211, , , , , , , 18.1585385, -0.0102388, , , , , , , 18.1585385, -0.0077211, , , , , , , 18.1585385, 0.0231632, , , , , , , , , , , , , , , , , , , , , , , , , , , , 
18.1590577, 0.0025177, , , , , , , 18.1590577, -0.0095674, , , , , , , 18.1590577, -0.005539, , , , , , , 18.1590577, 0.0273594, , , , , , , , , , , , , , , , , , , , , , , , , , , , 
18.1595769, -0.0018463, , , , , , , 18.1595769, -0.0082246, , , , , , , 18.1595769, -0.0041962, , , , , , , 18.1595769, 0.0283665, , , , , , , , , , , , , , , , , , , , , , , , , , , , 
18.1600962, -0.0008392, , , , , , , 18.1600962, -0.0075532, , , , , , , 18.1600962, -0.0036927, , , , , , , 18.1600962, 0.0313878, , , , , , , , , , , , , , , , , , , , , , , , , , , , 
18.1606154, -0.0015106, , , , , , , 18.1606154, -0.0082246, , , , , , , 18.1606154, -0.0041962, , , , , , , 18.1606154, 0.0350805, , , , , , , , , , , , , , , , , , , , , , , , , , , , 
18.1611346, -0.0068818, , , , , , , 18.1611346, -0.008896, , , , , , , 18.1611346, -0.0028534, , , , , , , 18.1611346, 0.036759, , , , , , , , , , , , , , , , , , , , , , , , , , , , 
18.1616538, -0.0109102, , , , , , , 18.1616538, -0.008896, , , , , , , 18.1616538, -0.0005035, , , , , , , 18.1616538, 0.0359197, , , , , , , , , , , , , , , , , , , , , , , , , , , , 
18.1621731, -0.0099031, , , , , , , 18.1621731, -0.0078889, , , , , , , 18.1621731, -0.0016785, , , , , , , 18.1621731, 0.0340734, , , , , , , , , , , , , , , , , , , , , , , , , , , , 
18.1626923, -0.0048676, , , , , , , 18.1626923, -0.0085603, , , , , , , 18.1626923, -0.0035248, , , , , , , 18.1626923, 0.0305486, , , , , , , , , , , , , , , , , , , , , , , , , , , , 
18.1632115, 0.0008392, , , , , , , 18.1632115, -0.0090639, , , , , , , 18.1632115, -0.0045319, , , , , , , 18.1632115, 0.0253452, , , , , , , , , , , , , , , , , , , , , , , , , , , , 
18.1637308, 0.0025177, , , , , , , 18.1637308, -0.0087282, , , , , , , 18.1637308, -0.0060426, , , , , , , 18.1637308, 0.0223239, , , , , , , , , , , , , , , , , , , , , , , , , , , , 
18.16425, 0.0018463, , , , , , , 18.16425, -0.0082246, , , , , , , 18.16425, -0.0082246, , , , , , , 18.16425, 0.0219883, , , , , , , , , , , , , , , , , , , , , , , , , , , , 
18.1647692, 0.0070497, , , , , , , 18.1647692, -0.0068818, , , , , , , 18.1647692, -0.0099031, , , , , , , 18.1647692, 0.0213169, , , , , , , , , , , , , , , , , , , , , , , , , , , , 
18.1652885, 0.0172885, , , , , , , 18.1652885, -0.0075532, , , , , , , 18.1652885, -0.012253, , , , , , , 18.1652885, 0.0166171, , , , , , , , , , , , , , , , , , , , , , , , , , , , 
18.1658077, 0.0204776, , , , , , , 18.1658077, -0.0085603, , , , , , , 18.1658077, -0.0125887, , , , , , , 18.1658077, 0.0132601, , , , , , , , , , , , , , , , , , , , , , , , , , , , 
18.1663269, 0.0203098, , , , , , , 18.1663269, -0.008896, , , , , , , 18.1663269, -0.0119173, , , , , , , 18.1663269, 0.0129244, , , , , , , , , , , , , , , , , , , , , , , , , , , , 
18.1668462, 0.0191348, , , , , , , 18.1668462, -0.0077211, , , , , , , 18.1668462, -0.0117494, , , , , , , 18.1668462, 0.0139315, , , , , , , , , , , , , , , , , , , , , , , , , , , , 
18.1673654, 0.0176242, , , , , , , 18.1673654, -0.0072175, , , , , , , 18.1673654, -0.0112459, , , , , , , 18.1673654, 0.0159457, , , , , , , , , , , , , , , , , , , , , , , , , , , , 
18.1678846, 0.0198062, , , , , , , 18.1678846, -0.0072175, , , , , , , 18.1678846, -0.0095674, , , , , , , 18.1678846, 0.0146029, , , , , , , , , , , , , , , , , , , , , , , , , , , , 
18.1684038, 0.0218204, , , , , , , 18.1684038, -0.0070497, , , , , , , 18.1684038, -0.0092317, , , , , , , 18.1684038, 0.0102388, , , , , , , , , , , , , , , , , , , , , , , , , , , , 
18.1689231, 0.0236667, , , , , , , 18.1689231, -0.0072175, , , , , , , 18.1689231, -0.0095674, , , , , , , 18.1689231, 0.0085603, , , , , , , , , , , , , , , , , , , , , , , , , , , , 
18.1694423, 0.0253452, , , , , , , 18.1694423, -0.0082246, , , , , , , 18.1694423, -0.0090639, , , , , , , 18.1694423, 0.0082246, , , , , , , , , , , , , , , , , , , , , , , , , , , , 
18.1699615, 0.0283665, , , , , , , 18.1699615, -0.0082246, , , , , , , 18.1699615, -0.0095674, , , , , , , 18.1699615, 0.0082246, , , , , , , , , , , , , , , , , , , , , , , , , , , , 
18.1704808, 0.0310521, , , , , , , 18.1704808, -0.0082246, , , , , , , 18.1704808, -0.0095674, , , , , , , 18.1704808, 0.0078889, , , , , , , , , , , , , , , , , , , , , , , , , , , , 
18.171, 0.0273594, , , , , , , 18.171, -0.0082246, , , , , , , 18.171, -0.0085603, , , , , , , 18.171, 0.0065461, , , , , , , , , , , , , , , , , , , , , , , , , , , , 
18.1715192, 0.024506, , , , , , , 18.1715192, -0.0083925, , , , , , , 18.1715192, -0.0102388, , , , , , , 18.1715192, 0.0038605, , , , , , , , , , , , , , , , , , , , , , , , , , , , 
18.1720385, 0.0310521, , , , , , , 18.1720385, -0.0105745, , , , , , , 18.1720385, -0.0119173, , , , , , , 18.1720385, -0.0016785, , , , , , , , , , , , , , , , , , , , , , , , , , , , 
18.1725577, 0.0350805, , , , , , , 18.1725577, -0.011078, , , , , , , 18.1725577, -0.012253, , , , , , , 18.1725577, -0.0062104, , , , , , , , , , , , , , , , , , , , , , , , , , , , 
18.1730769, 0.0327306, , , , , , , 18.1730769, -0.0105745, , , , , , , 18.1730769, -0.0109102, , , , , , , 18.1730769, -0.0078889, , , , , , , , , , , , , , , , , , , , , , , , , , , , 
18.1735962, 0.0293736, , , , , , , 18.1735962, -0.0092317, , , , , , , 18.1735962, -0.0099031, , , , , , , 18.1735962, -0.0097353, , , , , , , , , , , , , , , , , , , , , , , , , , , , 
18.1741154, 0.026688, , , , , , , 18.1741154, -0.0077211, , , , , , , 18.1741154, -0.0109102, , , , , , , 18.1741154, -0.010071, , , , , , , , , , , , , , , , , , , , , , , , , , , , 
18.1746346, 0.023331, , , , , , , 18.1746346, -0.0075532, , , , , , , 18.1746346, -0.0109102, , , , , , , 18.1746346, -0.0063783, , , , , , , , , , , , , , , , , , , , , , , , , , , , 
18.1751538, 0.0253452, , , , , , , 18.1751538, -0.0075532, , , , , , , 18.1751538, -0.0102388, , , , , , , 18.1751538, -0.0015106, , , , , , , , , , , , , , , , , , , , , , , , , , , , 
18.1756731, 0.0318914, , , , , , , 18.1756731, -0.0075532, , , , , , , 18.1756731, -0.0102388, , , , , , , 18.1756731, 0.0005035, , , , , , , , , , , , , , , , , , , , , , , , , , , , 
18.1761923, 0.033402, , , , , , , 18.1761923, -0.0070497, , , , , , , 18.1761923, -0.0092317, , , , , , , 18.1761923, 0.0025177, , , , , , , , , , , , , , , , , , , , , , , , , , , , 
18.1767115, 0.0260166, , , , , , , 18.1767115, -0.0058747, , , , , , , 18.1767115, -0.0082246, , , , , , , 18.1767115, 0.0099031, , , , , , , , , , , , , , , , , , , , , , , , , , , , 
18.1772308, 0.0213169, , , , , , , 18.1772308, -0.0048676, , , , , , , 18.1772308, -0.0078889, , , , , , , 18.1772308, 0.0179599, , , , , , , , , , , , , , , , , , , , , , , , , , , , 
18.17775, 0.0223239, , , , , , , 18.17775, -0.0057069, , , , , , , 18.17775, -0.0102388, , , , , , , 18.17775, 0.0213169, , , , , , , , , , , , , , , , , , , , , , , , , , , , 
18.1782692, 0.0186313, , , , , , , 18.1782692, -0.0082246, , , , , , , 18.1782692, -0.0125887, , , , , , , 18.1782692, 0.0216526, , , , , , , , , , , , , , , , , , , , , , , , , , , , 
18.1787885, 0.0135958, , , , , , , 18.1787885, -0.0105745, , , , , , , 18.1787885, -0.0135958, , , , , , , 18.1787885, 0.0216526, , , , , , , , , , , , , , , , , , , , , , , , , , , , 
18.1793077, 0.0038605, , , , , , , 18.1793077, -0.0124208, , , , , , , 18.1793077, -0.012253, , , , , , , 18.1793077, 0.0240024, , , , , , , , , , , , , , , , , , , , , , , , , , , , 
18.1798269, -0.0018463, , , , , , , 18.1798269, -0.0109102, , , , , , , 18.1798269, -0.0090639, , , , , , , 18.1798269, 0.0290379, , , , , , , , , , , , , , , , , , , , , , , , , , , , 
18.1803462, 0.0005035, , , , , , , 18.1803462, -0.0075532, , , , , , , 18.1803462, -0.0057069, , , , , , , 18.1803462, 0.0320592, , , , , , , , , , , , , , , , , , , , , , , , , , , , 
18.1808654, 0.0001678, , , , , , , 18.1808654, -0.005539, , , , , , , 18.1808654, -0.0048676, , , , , , , 18.1808654, 0.0354162, , , , , , , , , , , , , , , , , , , , , , , , , , , , 
18.1813846, -0.0038605, , , , , , , 18.1813846, -0.0048676, , , , , , , 18.1813846, -0.0031891, , , , , , , 18.1813846, 0.0372625, , , , , , , , , , , , , , , , , , , , , , , , , , , , 
18.1819038, -0.005539, , , , , , , 18.1819038, -0.0062104, , , , , , , 18.1819038, -0.0028534, , , , , , , 18.1819038, 0.0354162, , , , , , , , , , , , , , , , , , , , , , , , , , , , 
18.1824231, -0.0025177, , , , , , , 18.1824231, -0.008896, , , , , , , 18.1824231, -0.0038605, , , , , , , 18.1824231, 0.0317235, , , , , , , , , , , , , , , , , , , , , , , , , , , , 
18.1829423, 0.0015106, , , , , , , 18.1829423, -0.0109102, , , , , , , 18.1829423, -0.005539, , , , , , , 18.1829423, 0.026688, , , , , , , , , , , , , , , , , , , , , , , , , , , , 
18.1834615, 0.005539, , , , , , , 18.1834615, -0.0104067, , , , , , , 18.1834615, -0.0057069, , , , , , , 18.1834615, 0.0251774, , , , , , , , , , , , , , , , , , , , , , , , , , , , 
18.1839808, 0.0109102, , , , , , , 18.1839808, -0.0095674, , , , , , , 18.1839808, -0.0065461, , , , , , , 18.1839808, 0.024506, , , , , , , , , , , , , , , , , , , , , , , , , , , , 
18.1845, 0.0132601, , , , , , , 18.1845, -0.0099031, , , , , , , 18.1845, -0.0068818, , , , , , , 18.1845, 0.0213169, , , , , , , , , , , , , , , , , , , , , , , , , , , , 
18.1850192, 0.0119173, , , , , , , 18.1850192, -0.0102388, , , , , , , 18.1850192, -0.0082246, , , , , , , 18.1850192, 0.0149386, , , , , , , , , , , , , , , , , , , , , , , , , , , , 
18.1855385, 0.0102388, , , , , , , 18.1855385, -0.0080568, , , , , , , 18.1855385, -0.0090639, , , , , , , 18.1855385, 0.0119173, , , , , , , , , , , , , , , , , , , , , , , , , , , , 
18.1860577, 0.0119173, , , , , , , 18.1860577, -0.0052033, , , , , , , 18.1860577, -0.0085603, , , , , , , 18.1860577, 0.0112459, , , , , , , , , , , , , , , , , , , , , , , , , , , , 
18.1865769, 0.0139315, , , , , , , 18.1865769, -0.005539, , , , , , , 18.1865769, -0.0080568, , , , , , , 18.1865769, 0.0112459, , , , , , , , , , , , , , , , , , , , , , , , , , , , 
18.1870962, 0.0125887, , , , , , , 18.1870962, -0.0075532, , , , , , , 18.1870962, -0.0099031, , , , , , , 18.1870962, 0.0070497, , , , , , , , , , , , , , , , , , , , , , , , , , , , 
18.1876154, 0.0129244, , , , , , , 18.1876154, -0.0082246, , , , , , , 18.1876154, -0.0104067, , , , , , , 18.1876154, 0.0015106, , , , , , , , , , , , , , , , , , , , , , , , , , , , 
18.1881346, 0.0135958, , , , , , , 18.1881346, -0.0078889, , , , , , , 18.1881346, -0.0095674, , , , , , , 18.1881346, 0.0005035, , , , , , , , , , , , , , , , , , , , , , , , , , , , 
18.1886538, 0.0152743, , , , , , , 18.1886538, -0.0077211, , , , , , , 18.1886538, -0.0068818, , , , , , , 18.1886538, 0.0038605, , , , , , , , , , , , , , , , , , , , , , , , , , , , 
18.1891731, 0.0129244, , , , , , , 18.1891731, -0.0082246, , , , , , , 18.1891731, -0.005539, , , , , , , 18.1891731, 0.0078889, , , , , , , , , , , , , , , , , , , , , , , , , , , , 
18.1896923, 0.0099031, , , , , , , 18.1896923, -0.0082246, , , , , , , 18.1896923, -0.0058747, , , , , , , 18.1896923, 0.0102388, , , , , , , , , , , , , , , , , , , , , , , , , , , , 
18.1902115, 0.0105745, , , , , , , 18.1902115, -0.0068818, , , , , , , 18.1902115, -0.0058747, , , , , , , 18.1902115, 0.0095674, , , , , , , , , , , , , , , , , , , , , , , , , , , , 
18.1907308, 0.0092317, , , , , , , 18.1907308, -0.0052033, , , , , , , 18.1907308, -0.005539, , , , , , , 18.1907308, 0.0062104, , , , , , , , , , , , , , , , , , , , , , , , , , , , 
18.19125, 0.0050355, , , , , , , 18.19125, -0.0065461, , , , , , , 18.19125, -0.0050355, , , , , , , 18.19125, 0.0048676, , , , , , , , , , , , , , , , , , , , , , , , , , , , 
18.1917692, 0.0072175, , , , , , , 18.1917692, -0.0075532, , , , , , , 18.1917692, -0.0052033, , , , , , , 18.1917692, 0.0018463, , , , , , , , , , , , , , , , , , , , , , , , , , , , 
18.1922885, 0.0149386, , , , , , , 18.1922885, -0.0070497, , , , , , , 18.1922885, -0.005539, , , , , , , 18.1922885, -0.0035248, , , , , , , , , , , , , , , , , , , , , , , , , , , , 
18.1928077, 0.0172885, , , , , , , 18.1928077, -0.0082246, , , , , , , 18.1928077, -0.0082246, , , , , , , 18.1928077, -0.0045319, , , , , , , , , , , , , , , , , , , , , , , , , , , , 
18.1933269, 0.0181277, , , , , , , 18.1933269, -0.008896, , , , , , , 18.1933269, -0.0095674, , , , , , , 18.1933269, -0.0015106, , , , , , , , , , , , , , , , , , , , , , , , , , , , 
18.1938462, 0.0219883, , , , , , , 18.1938462, -0.0097353, , , , , , , 18.1938462, -0.008896, , , , , , , 18.1938462, 0.0005035, , , , , , , , , , , , , , , , , , , , , , , , , , , , 
18.1943654, 0.0243381, , , , , , , 18.1943654, -0.0099031, , , , , , , 18.1943654, -0.0082246, , , , , , , 18.1943654, -0.0001678, , , , , , , , , , , , , , , , , , , , , , , , , , , , 
18.1948846, 0.0213169, , , , , , , 18.1948846, -0.0082246, , , , , , , 18.1948846, -0.008896, , , , , , , 18.1948846, -0.0006714, , , , , , , , , , , , , , , , , , , , , , , , , , , , 
18.1954038, 0.0154421, , , , , , , 18.1954038, -0.0078889, , , , , , , 18.1954038, -0.0072175, , , , , , , 18.1954038, -0.0010071, , , , , , , , , , , , , , , , , , , , , , , , , , , , 
18.1959231, 0.0105745, , , , , , , 18.1959231, -0.0082246, , , , , , , 18.1959231, -0.0082246, , , , , , , 18.1959231, 0.0025177, , , , , , , , , , , , , , , , , , , , , , , , , , , , 
18.1964423, 0.0085603, , , , , , , 18.1964423, -0.0065461, , , , , , , 18.1964423, -0.0109102, , , , , , , 18.1964423, 0.0092317, , , , , , , , , , , , , , , , , , , , , , , , , , , , 
18.1969615, 0.005539, , , , , , , 18.1969615, -0.0072175, , , , , , , 18.1969615, -0.0115816, , , , , , , 18.1969615, 0.0119173, , , , , , , , , , , , , , , , , , , , , , , , , , , , 
18.1974808, -0.0001678, , , , , , , 18.1974808, -0.008896, , , , , , , 18.1974808, -0.0095674, , , , , , , 18.1974808, 0.0132601, , , , , , , , , , , , , , , , , , , , , , , , , , , , 
18.198, -0.0045319, , , , , , , 18.198, -0.0082246, , , , , , , 18.198, -0.0048676, , , , , , , 18.198, 0.0166171, , , , , , , , , , , , , , , , , , , , , , , , , , , , 
18.1985192, -0.0057069, , , , , , , 18.1985192, -0.0075532, , , , , , , 18.1985192, -0.003357, , , , , , , 18.1985192, 0.0223239, , , , , , , , , , , , , , , , , , , , , , , , , , , , 
18.1990385, -0.0058747, , , , , , , 18.1990385, -0.0082246, , , , , , , 18.1990385, -0.0072175, , , , , , , 18.1990385, 0.0273594, , , , , , , , , , , , , , , , , , , , , , , , , , , , 
18.1995577, -0.0063783, , , , , , , 18.1995577, -0.0082246, , , , , , , 18.1995577, -0.0095674, , , , , , , 18.1995577, 0.0292058, , , , , , , , , , , , , , , , , , , , , , , , , , , , 
18.2000769, -0.0095674, , , , , , , 18.2000769, -0.0075532, , , , , , , 18.2000769, -0.005539, , , , , , , 18.2000769, 0.0313878, , , , , , , , , , , , , , , , , , , , , , , , , , , , 
18.2005962, -0.0142672, , , , , , , 18.2005962, -0.0075532, , , , , , , 18.2005962, -0.0030213, , , , , , , 18.2005962, 0.036759, , , , , , , , , , , , , , , , , , , , , , , , , , , , 
18.2011154, -0.0162814, , , , , , , 18.2011154, -0.0095674, , , , , , , 18.2011154, -0.0016785, , , , , , , 18.2011154, 0.0414588, , , , , , , , , , , , , , , , , , , , , , , , , , , , 
18.2016346, -0.018967, , , , , , , 18.2016346, -0.0095674, , , , , , , 18.2016346, -0.0011749, , , , , , , 18.2016346, 0.0424659, , , , , , , , , , , , , , , , , , , , , , , , , , , , 
18.2021538, -0.0152743, , , , , , , 18.2021538, -0.0092317, , , , , , , 18.2021538, -0.0028534, , , , , , , 18.2021538, 0.0381018, , , , , , , , , , , , , , , , , , , , , , , , , , , , 
18.2026731, -0.0058747, , , , , , , 18.2026731, -0.0109102, , , , , , , 18.2026731, -0.0035248, , , , , , , 18.2026731, 0.0307164, , , , , , , , , , , , , , , , , , , , , , , , , , , , 
18.2031923, 0.0031891, , , , , , , 18.2031923, -0.011078, , , , , , , 18.2031923, -0.0041962, , , , , , , 18.2031923, 0.0271916, , , , , , , , , , , , , , , , , , , , , , , , , , , , 
18.2037115, 0.0065461, , , , , , , 18.2037115, -0.0104067, , , , , , , 18.2037115, -0.0063783, , , , , , , 18.2037115, 0.0260166, , , , , , , , , , , , , , , , , , , , , , , , , , , , 
18.2042308, 0.011078, , , , , , , 18.2042308, -0.0099031, , , , , , , 18.2042308, -0.0082246, , , , , , , 18.2042308, 0.0250095, , , , , , , , , , , , , , , , , , , , , , , , , , , , 
18.20475, 0.0159457, , , , , , , 18.20475, -0.0097353, , , , , , , 18.20475, -0.0075532, , , , , , , 18.20475, 0.0240024, , , , , , , , , , , , , , , , , , , , , , , , , , , , 
18.2052692, 0.0196384, , , , , , , 18.2052692, -0.008896, , , , , , , 18.2052692, -0.0058747, , , , , , , 18.2052692, 0.0206455, , , , , , , , , , , , , , , , , , , , , , , , , , , , 
18.2057885, 0.0206455, , , , , , , 18.2057885, -0.0068818, , , , , , , 18.2057885, -0.0072175, , , , , , , 18.2057885, 0.0159457, , , , , , , , , , , , , , , , , , , , , , , , , , , , 
18.2063077, 0.0186313, , , , , , , 18.2063077, -0.0075532, , , , , , , 18.2063077, -0.0095674, , , , , , , 18.2063077, 0.0117494, , , , , , , , , , , , , , , , , , , , , , , , , , , , 
18.2068269, 0.017792, , , , , , , 18.2068269, -0.0085603, , , , , , , 18.2068269, -0.008896, , , , , , , 18.2068269, 0.0099031, , , , , , , , , , , , , , , , , , , , , , , , , , , , 
18.2073462, 0.0157778, , , , , , , 18.2073462, -0.0078889, , , , , , , 18.2073462, -0.0085603, , , , , , , 18.2073462, 0.0087282, , , , , , , , , , , , , , , , , , , , , , , , , , , , 
18.2078654, 0.0132601, , , , , , , 18.2078654, -0.0072175, , , , , , , 18.2078654, -0.008896, , , , , , , 18.2078654, 0.0068818, , , , , , , , , , , , , , , , , , , , , , , , , , , , 
18.2083846, 0.012253, , , , , , , 18.2083846, -0.0057069, , , , , , , 18.2083846, -0.008896, , , , , , , 18.2083846, 0.0038605, , , , , , , , , , , , , , , , , , , , , , , , , , , , 
18.2089038, 0.011078, , , , , , , 18.2089038, -0.0063783, , , , , , , 18.2089038, -0.0078889, , , , , , , 18.2089038, 0.0036927, , , , , , , , , , , , , , , , , , , , , , , , , , , , 
18.2094231, 0.011078, , , , , , , 18.2094231, -0.0078889, , , , , , , 18.2094231, -0.0062104, , , , , , , 18.2094231, 0.005539, , , , , , , , , , , , , , , , , , , , , , , , , , , , 
18.2099423, 0.0082246, , , , , , , 18.2099423, -0.0099031, , , , , , , 18.2099423, -0.0058747, , , , , , , 18.2099423, 0.0072175, , , , , , , , , , , , , , , , , , , , , , , , , , , , 
18.2104615, 0.0085603, , , , , , , 18.2104615, -0.0105745, , , , , , , 18.2104615, -0.0085603, , , , , , , 18.2104615, 0.0092317, , , , , , , , , , , , , , , , , , , , , , , , , , , , 
18.2109808, 0.0124208, , , , , , , 18.2109808, -0.0085603, , , , , , , 18.2109808, -0.012253, , , , , , , 18.2109808, 0.0099031, , , , , , , , , , , , , , , , , , , , , , , , , , , , 
18.2115, 0.0162814, , , , , , , 18.2115, -0.0062104, , , , , , , 18.2115, -0.0125887, , , , , , , 18.2115, 0.0078889, , , , , , , , , , , , , , , , , , , , , , , , , , , , 
18.2120192, 0.0226596, , , , , , , 18.2120192, -0.0045319, , , , , , , 18.2120192, -0.0117494, , , , , , , 18.2120192, 0.0008392, , , , , , , , , , , , , , , , , , , , , , , , , , , , 
18.2125385, 0.0276951, , , , , , , 18.2125385, -0.0045319, , , , , , , 18.2125385, -0.0102388, , , , , , , 18.2125385, -0.0065461, , , , , , , , , , , , , , , , , , , , , , , , , , , , 
18.2130577, 0.0287022, , , , , , , 18.2130577, -0.005539, , , , , , , 18.2130577, -0.0078889, , , , , , , 18.2130577, -0.0095674, , , , , , , , , , , , , , , , , , , , , , , , , , , , 
18.2135769, 0.0340734, , , , , , , 18.2135769, -0.005539, , , , , , , 18.2135769, -0.0075532, , , , , , , 18.2135769, -0.0095674, , , , , , , , , , , , , , , , , , , , , , , , , , , , 
18.2140962, 0.043473, , , , , , , 18.2140962, -0.0052033, , , , , , , 18.2140962, -0.0104067, , , , , , , 18.2140962, -0.0075532, , , , , , , , , , , , , , , , , , , , , , , , , , , , 
18.2146154, 0.051194, , , , , , , 18.2146154, -0.0048676, , , , , , , 18.2146154, -0.0112459, , , , , , , 18.2146154, -0.0075532, , , , , , , , , , , , , , , , , , , , , , , , , , , , 
18.2151346, 0.0528725, , , , , , , 18.2151346, -0.0058747, , , , , , , 18.2151346, -0.0099031, , , , , , , 18.2151346, -0.0077211, , , , , , , , , , , , , , , , , , , , , , , , , , , , 
18.2156538, 0.0471656, , , , , , , 18.2156538, -0.0057069, , , , , , , 18.2156538, -0.0082246, , , , , , , 18.2156538, -0.005539, , , , , , , , , , , , , , , , , , , , , , , , , , , , 
18.2161731, 0.0387732, , , , , , , 18.2161731, -0.0048676, , , , , , , 18.2161731, -0.0075532, , , , , , , 18.2161731, -0.0011749, , , , , , , , , , , , , , , , , , , , , , , , , , , , 
18.2166923, 0.0307164, , , , , , , 18.2166923, -0.0058747, , , , , , , 18.2166923, -0.0068818, , , , , , , 18.2166923, 0.0015106, , , , , , , , , , , , , , , , , , , , , , , , , , , , 
18.2172115, 0.026688, , , , , , , 18.2172115, -0.0077211, , , , , , , 18.2172115, -0.0057069, , , , , , , 18.2172115, 0.0025177, , , , , , , , , , , , , , , , , , , , , , , , , , , , 
18.2177308, 0.0236667, , , , , , , 18.2177308, -0.0078889, , , , , , , 18.2177308, -0.0062104, , , , , , , 18.2177308, 0.0031891, , , , , , , , , , , , , , , , , , , , , , , , , , , , 
18.21825, 0.0159457, , , , , , , 18.21825, -0.0073854, , , , , , , 18.21825, -0.0068818, , , , , , , 18.21825, 0.0063783, , , , , , , , , , , , , , , , , , , , , , , , , , , , 
18.2187692, 0.0105745, , , , , , , 18.2187692, -0.0058747, , , , , , , 18.2187692, -0.0062104, , , , , , , 18.2187692, 0.0139315, , , , , , , , , , , , , , , , , , , , , , , , , , , , 
18.2192885, 0.0135958, , , , , , , 18.2192885, -0.0052033, , , , , , , 18.2192885, -0.0035248, , , , , , , 18.2192885, 0.0206455, , , , , , , , , , , , , , , , , , , , , , , , , , , , 
18.2198077, 0.0117494, , , , , , , 18.2198077, -0.0048676, , , , , , , 18.2198077, -0.0031891, , , , , , , 18.2198077, 0.0246738, , , , , , , , , , , , , , , , , , , , , , , , , , , , 
18.2203269, 0.0052033, , , , , , , 18.2203269, -0.0052033, , , , , , , 18.2203269, -0.0036927, , , , , , , 18.2203269, 0.0276951, , , , , , , , , , , , , , , , , , , , , , , , , , , , 
18.2208462, -0.0001678, , , , , , , 18.2208462, -0.005539, , , , , , , 18.2208462, -0.0050355, , , , , , , 18.2208462, 0.0340734, , , , , , , , , , , , , , , , , , , , , , , , , , , , 
18.2213654, 0.0005035, , , , , , , 18.2213654, -0.0063783, , , , , , , 18.2213654, -0.005539, , , , , , , 18.2213654, 0.036759, , , , , , , , , , , , , , , , , , , , , , , , , , , , 
18.2218846, 0.002182, , , , , , , 18.2218846, -0.0068818, , , , , , , 18.2218846, -0.0050355, , , , , , , 18.2218846, 0.0310521, , , , , , , , , , , , , , , , , , , , , , , , , , , , 
18.2224038, 0.0065461, , , , , , , 18.2224038, -0.0058747, , , , , , , 18.2224038, -0.005539, , , , , , , 18.2224038, 0.0234989, , , , , , , , , , , , , , , , , , , , , , , , , , , , 
18.2229231, 0.0125887, , , , , , , 18.2229231, -0.0062104, , , , , , , 18.2229231, -0.0068818, , , , , , , 18.2229231, 0.0199741, , , , , , , , , , , , , , , , , , , , , , , , , , , , 
18.2234423, 0.0164492, , , , , , , 18.2234423, -0.0082246, , , , , , , 18.2234423, -0.0075532, , , , , , , 18.2234423, 0.0172885, , , , , , , , , , , , , , , , , , , , , , , , , , , , 
18.2239615, 0.0172885, , , , , , , 18.2239615, -0.0092317, , , , , , , 18.2239615, -0.0050355, , , , , , , 18.2239615, 0.0159457, , , , , , , , , , , , , , , , , , , , , , , , , , , , 
18.2244808, 0.017792, , , , , , , 18.2244808, -0.0075532, , , , , , , 18.2244808, -0.0035248, , , , , , , 18.2244808, 0.0159457, , , , , , , , , , , , , , , , , , , , , , , , , , , , 
18.225, 0.0169528, , , , , , , 18.225, -0.0065461, , , , , , , 18.225, -0.005539, , , , , , , 18.225, 0.0142672, , , , , , , , , , , , , , , , , , , , , , , , , , , , 
18.2255192, 0.0206455, , , , , , , 18.2255192, -0.0062104, , , , , , , 18.2255192, -0.0072175, , , , , , , 18.2255192, 0.0092317, , , , , , , , , , , , , , , , , , , , , , , , , , , , 
18.2260385, 0.0246738, , , , , , , 18.2260385, -0.0065461, , , , , , , 18.2260385, -0.0078889, , , , , , , 18.2260385, 0.0048676, , , , , , , , , , , , , , , , , , , , , , , , , , , , 
18.2265577, 0.0243381, , , , , , , 18.2265577, -0.0058747, , , , , , , 18.2265577, -0.008896, , , , , , , 18.2265577, 0.0023499, , , , , , , , , , , , , , , , , , , , , , , , , , , , 
18.2270769, 0.0213169, , , , , , , 18.2270769, -0.0062104, , , , , , , 18.2270769, -0.0102388, , , , , , , 18.2270769, 0.002182, , , , , , , , , , , , , , , , , , , , , , , , , , , , 
18.2275962, 0.0193027, , , , , , , 18.2275962, -0.0068818, , , , , , , 18.2275962, -0.0102388, , , , , , , 18.2275962, 0.0041962, , , , , , , , , , , , , , , , , , , , , , , , , , , , 
18.2281154, 0.0159457, , , , , , , 18.2281154, -0.0068818, , , , , , , 18.2281154, -0.0097353, , , , , , , 18.2281154, 0.0065461, , , , , , , , , , , , , , , , , , , , , , , , , , , , 
18.2286346, 0.0152743, , , , , , , 18.2286346, -0.0077211, , , , , , , 18.2286346, -0.0109102, , , , , , , 18.2286346, 0.0075532, , , , , , , , , , , , , , , , , , , , , , , , , , , , 
18.2291538, 0.0152743, , , , , , , 18.2291538, -0.0095674, , , , , , , 18.2291538, -0.0105745, , , , , , , 18.2291538, 0.0063783, , , , , , , , , , , , , , , , , , , , , , , , , , , , 
18.2296731, 0.0146029, , , , , , , 18.2296731, -0.0085603, , , , , , , 18.2296731, -0.0095674, , , , , , , 18.2296731, 0.0065461, , , , , , , , , , , , , , , , , , , , , , , , , , , , 
18.2301923, 0.0135958, , , , , , , 18.2301923, -0.0085603, , , , , , , 18.2301923, -0.008896, , , , , , , 18.2301923, 0.0073854, , , , , , , , , , , , , , , , , , , , , , , , , , , , 
18.2307115, 0.01561, , , , , , , 18.2307115, -0.008896, , , , , , , 18.2307115, -0.0068818, , , , , , , 18.2307115, 0.0065461, , , , , , , , , , , , , , , , , , , , , , , , , , , , 
18.2312308, 0.0159457, , , , , , , 18.2312308, -0.0082246, , , , , , , 18.2312308, -0.005539, , , , , , , 18.2312308, 0.0075532, , , , , , , , , , , , , , , , , , , , , , , , , , , , 
18.23175, 0.0179599, , , , , , , 18.23175, -0.0082246, , , , , , , 18.23175, -0.0077211, , , , , , , 18.23175, 0.0068818, , , , , , , , , , , , , , , , , , , , , , , , , , , , 
18.2322692, 0.0240024, , , , , , , 18.2322692, -0.0075532, , , , , , , 18.2322692, -0.0105745, , , , , , , 18.2322692, 0.0028534, , , , , , , , , , , , , , , , , , , , , , , , , , , , 
18.2327885, 0.0307164, , , , , , , 18.2327885, -0.0075532, , , , , , , 18.2327885, -0.0112459, , , , , , , 18.2327885, -0.0018463, , , , , , , , , , , , , , , , , , , , , , , , , , , , 
18.2333077, 0.030045, , , , , , , 18.2333077, -0.0082246, , , , , , , 18.2333077, -0.0097353, , , , , , , 18.2333077, -0.0041962, , , , , , , , , , , , , , , , , , , , , , , , , , , , 
18.2338269, 0.0280308, , , , , , , 18.2338269, -0.0102388, , , , , , , 18.2338269, -0.0095674, , , , , , , 18.2338269, -0.0028534, , , , , , , , , , , , , , , , , , , , , , , , , , , , 
18.2343462, 0.0290379, , , , , , , 18.2343462, -0.0095674, , , , , , , 18.2343462, -0.0105745, , , , , , , 18.2343462, -0.0008392, , , , , , , , , , , , , , , , , , , , , , , , , , , , 
18.2348654, 0.0280308, , , , , , , 18.2348654, -0.0082246, , , , , , , 18.2348654, -0.0115816, , , , , , , 18.2348654, 0.0043641, , , , , , , , , , , , , , , , , , , , , , , , , , , , 
18.2353846, 0.026688, , , , , , , 18.2353846, -0.0095674, , , , , , , 18.2353846, -0.0095674, , , , , , , 18.2353846, 0.0092317, , , , , , , , , , , , , , , , , , , , , , , , , , , , 
18.2359038, 0.0253452, , , , , , , 18.2359038, -0.0102388, , , , , , , 18.2359038, -0.0077211, , , , , , , 18.2359038, 0.0105745, , , , , , , , , , , , , , , , , , , , , , , , , , , , 
18.2364231, 0.0193027, , , , , , , 18.2364231, -0.0095674, , , , , , , 18.2364231, -0.0090639, , , , , , , 18.2364231, 0.0119173, , , , , , , , , , , , , , , , , , , , , , , , , , , , 
18.2369423, 0.0151064, , , , , , , 18.2369423, -0.0095674, , , , , , , 18.2369423, -0.0112459, , , , , , , 18.2369423, 0.0166171, , , , , , , , , , , , , , , , , , , , , , , , , , , , 
18.2374615, 0.0142672, , , , , , , 18.2374615, -0.0095674, , , , , , , 18.2374615, -0.0102388, , , , , , , 18.2374615, 0.0209812, , , , , , , , , , , , , , , , , , , , , , , , , , , , 
18.2379808, 0.0105745, , , , , , , 18.2379808, -0.0090639, , , , , , , 18.2379808, -0.0075532, , , , , , , 18.2379808, 0.0253452, , , , , , , , , , , , , , , , , , , , , , , , , , , , 
18.2385, 0.0048676, , , , , , , 18.2385, -0.0083925, , , , , , , 18.2385, -0.0062104, , , , , , , 18.2385, 0.0307164, , , , , , , , , , , , , , , , , , , , , , , , , , , , 
18.2390192, -0.0030213, , , , , , , 18.2390192, -0.0075532, , , , , , , 18.2390192, -0.0082246, , , , , , , 18.2390192, 0.0364233, , , , , , , , , , , , , , , , , , , , , , , , , , , , 
18.2395385, -0.005539, , , , , , , 18.2395385, -0.0078889, , , , , , , 18.2395385, -0.0092317, , , , , , , 18.2395385, 0.0407874, , , , , , , , , , , , , , , , , , , , , , , , , , , , 
18.2400577, -0.0065461, , , , , , , 18.2400577, -0.0092317, , , , , , , 18.2400577, -0.0075532, , , , , , , 18.2400577, 0.0419623, , , , , , , , , , , , , , , , , , , , , , , , , , , , 
18.2405769, -0.0105745, , , , , , , 18.2405769, -0.0099031, , , , , , , 18.2405769, -0.0068818, , , , , , , 18.2405769, 0.0431373, , , , , , , , , , , , , , , , , , , , , , , , , , , , 
18.2410962, -0.0152743, , , , , , , 18.2410962, -0.0083925, , , , , , , 18.2410962, -0.0050355, , , , , , , 18.2410962, 0.0431373, , , , , , , , , , , , , , , , , , , , , , , , , , , , 
18.2416154, -0.0139315, , , , , , , 18.2416154, -0.0063783, , , , , , , 18.2416154, -0.0048676, , , , , , , 18.2416154, 0.040116, , , , , , , , , , , , , , , , , , , , , , , , , , , , 
18.2421346, -0.0082246, , , , , , , 18.2421346, -0.0048676, , , , , , , 18.2421346, -0.0078889, , , , , , , 18.2421346, 0.033402, , , , , , , , , , , , , , , , , , , , , , , , , , , , 
18.2426538, -0.0048676, , , , , , , 18.2426538, -0.0041962, , , , , , , 18.2426538, -0.0092317, , , , , , , 18.2426538, 0.0283665, , , , , , , , , , , , , , , , , , , , , , , , , , , , 
18.2431731, -0.0015106, , , , , , , 18.2431731, -0.0058747, , , , , , , 18.2431731, -0.0082246, , , , , , , 18.2431731, 0.0243381, , , , , , , , , , , , , , , , , , , , , , , , , , , , 
18.2436923, 0.0025177, , , , , , , 18.2436923, -0.0078889, , , , , , , 18.2436923, -0.0075532, , , , , , , 18.2436923, 0.0216526, , , , , , , , , , , , , , , , , , , , , , , , , , , , 
18.2442115, 0.0025177, , , , , , , 18.2442115, -0.008896, , , , , , , 18.2442115, -0.0068818, , , , , , , 18.2442115, 0.0198062, , , , , , , , , , , , , , , , , , , , , , , , , , , , 
18.2447308, 0.0028534, , , , , , , 18.2447308, -0.010071, , , , , , , 18.2447308, -0.0052033, , , , , , , 18.2447308, 0.0162814, , , , , , , , , , , , , , , , , , , , , , , , , , , , 
18.24525, 0.0045319, , , , , , , 18.24525, -0.0090639, , , , , , , 18.24525, -0.003357, , , , , , , 18.24525, 0.0135958, , , , , , , , , , , , , , , , , , , , , , , , , , , , 
18.2457692, 0.0072175, , , , , , , 18.2457692, -0.0075532, , , , , , , 18.2457692, -0.002182, , , , , , , 18.2457692, 0.0135958, , , , , , , , , , , , , , , , , , , , , , , , , , , , 
18.2462885, 0.0149386, , , , , , , 18.2462885, -0.0083925, , , , , , , 18.2462885, -0.0010071, , , , , , , 18.2462885, 0.0129244, , , , , , , , , , , , , , , , , , , , , , , , , , , , 
18.2468077, 0.0169528, , , , , , , 18.2468077, -0.0090639, , , , , , , 18.2468077, -0.002182, , , , , , , 18.2468077, 0.0090639, , , , , , , , , , , , , , , , , , , , , , , , , , , , 
18.2473269, 0.0117494, , , , , , , 18.2473269, -0.008896, , , , , , , 18.2473269, -0.0046998, , , , , , , 18.2473269, 0.0062104, , , , , , , , , , , , , , , , , , , , , , , , , , , , 
18.2478462, 0.0092317, , , , , , , 18.2478462, -0.0095674, , , , , , , 18.2478462, -0.0057069, , , , , , , 18.2478462, 0.0050355, , , , , , , , , , , , , , , , , , , , , , , , , , , , 
18.2483654, 0.0099031, , , , , , , 18.2483654, -0.0095674, , , , , , , 18.2483654, -0.0062104, , , , , , , 18.2483654, 0.0028534, , , , , , , , , , , , , , , , , , , , , , , , , , , , 
18.2488846, 0.0105745, , , , , , , 18.2488846, -0.0082246, , , , , , , 18.2488846, -0.0062104, , , , , , , 18.2488846, 0.0005035, , , , , , , , , , , , , , , , , , , , , , , , , , , , 
18.2494038, 0.0146029, , , , , , , 18.2494038, -0.0068818, , , , , , , 18.2494038, -0.005539, , , , , , , 18.2494038, -0.0015106, , , , , , , , , , , , , , , , , , , , , , , , , , , , 
18.2499231, 0.0146029, , , , , , , 18.2499231, -0.0062104, , , , , , , 18.2499231, -0.0065461, , , , , , , 18.2499231, 0.0005035, , , , , , , , , , , , , , , , , , , , , , , , , , , , 
18.2504423, 0.0137636, , , , , , , 18.2504423, -0.005539, , , , , , , 18.2504423, -0.0092317, , , , , , , 18.2504423, 0.0031891, , , , , , , , , , , , , , , , , , , , , , , , , , , , 
18.2509615, 0.0139315, , , , , , , 18.2509615, -0.005539, , , , , , , 18.2509615, -0.0109102, , , , , , , 18.2509615, 0.0038605, , , , , , , , , , , , , , , , , , , , , , , , , , , , 
18.2514808, 0.0132601, , , , , , , 18.2514808, -0.0065461, , , , , , , 18.2514808, -0.011078, , , , , , , 18.2514808, 0.0030213, , , , , , , , , , , , , , , , , , , , , , , , , , , , 
18.252, 0.0139315, , , , , , , 18.252, -0.0075532, , , , , , , 18.252, -0.0097353, , , , , , , 18.252, 0.0011749, , , , , , , , , , , , , , , , , , , , , , , , , , , , 
18.2525192, 0.0203098, , , , , , , 18.2525192, -0.0085603, , , , , , , 18.2525192, -0.0109102, , , , , , , 18.2525192, -0.0030213, , , , , , , , , , , , , , , , , , , , , , , , , , , , 
18.2530385, 0.0250095, , , , , , , 18.2530385, -0.0082246, , , , , , , 18.2530385, -0.0129244, , , , , , , 18.2530385, -0.0068818, , , , , , , , , , , , , , , , , , , , , , , , , , , , 
18.2535577, 0.0280308, , , , , , , 18.2535577, -0.0075532, , , , , , , 18.2535577, -0.0142672, , , , , , , 18.2535577, -0.0082246, , , , , , , , , , , , , , , , , , , , , , , , , , , , 
18.2540769, 0.0307164, , , , , , , 18.2540769, -0.0085603, , , , , , , 18.2540769, -0.0135958, , , , , , , 18.2540769, -0.0078889, , , , , , , , , , , , , , , , , , , , , , , , , , , , 
18.2545962, 0.0287022, , , , , , , 18.2545962, -0.0102388, , , , , , , 18.2545962, -0.0102388, , , , , , , 18.2545962, -0.008896, , , , , , , , , , , , , , , , , , , , , , , , , , , , 
18.2551154, 0.0263523, , , , , , , 18.2551154, -0.0102388, , , , , , , 18.2551154, -0.0083925, , , , , , , 18.2551154, -0.008896, , , , , , , , , , , , , , , , , , , , , , , , , , , , 
18.2556346, 0.0226596, , , , , , , 18.2556346, -0.0083925, , , , , , , 18.2556346, -0.0102388, , , , , , , 18.2556346, -0.0048676, , , , , , , , , , , , , , , , , , , , , , , , , , , , 
18.2561538, 0.0172885, , , , , , , 18.2561538, -0.0085603, , , , , , , 18.2561538, -0.0112459, , , , , , , 18.2561538, -0.0001678, , , , , , , , , , , , , , , , , , , , , , , , , , , , 
18.2566731, 0.0164492, , , , , , , 18.2566731, -0.0095674, , , , , , , 18.2566731, -0.0095674, , , , , , , 18.2566731, 0.0018463, , , , , , , , , , , , , , , , , , , , , , , , , , , , 
18.2571923, 0.012253, , , , , , , 18.2571923, -0.0085603, , , , , , , 18.2571923, -0.008896, , , , , , , 18.2571923, 0.0038605, , , , , , , , , , , , , , , , , , , , , , , , , , , , 
18.2577115, 0.0045319, , , , , , , 18.2577115, -0.0075532, , , , , , , 18.2577115, -0.0095674, , , , , , , 18.2577115, 0.0095674, , , , , , , , , , , , , , , , , , , , , , , , , , , , 
18.2582308, 0.0005035, , , , , , , 18.2582308, -0.0068818, , , , , , , 18.2582308, -0.0109102, , , , , , , 18.2582308, 0.01561, , , , , , , , , , , , , , , , , , , , , , , , , , , , 
18.25875, -0.0028534, , , , , , , 18.25875, -0.0068818, , , , , , , 18.25875, -0.0102388, , , , , , , 18.25875, 0.0186313, , , , , , , , , , , , , , , , , , , , , , , , , , , , 
18.2592692, -0.0018463, , , , , , , 18.2592692, -0.0075532, , , , , , , 18.2592692, -0.0078889, , , , , , , 18.2592692, 0.0226596, , , , , , , , , , , , , , , , , , , , , , , , , , , , 
18.2597885, 0.0018463, , , , , , , 18.2597885, -0.0082246, , , , , , , 18.2597885, -0.0073854, , , , , , , 18.2597885, 0.0258488, , , , , , , , , , , , , , , , , , , , , , , , , , , , 
18.2603077, -0.0052033, , , , , , , 18.2603077, -0.008896, , , , , , , 18.2603077, -0.0083925, , , , , , , 18.2603077, 0.0297093, , , , , , , , , , , , , , , , , , , , , , , , , , , , 
18.2608269, -0.0139315, , , , , , , 18.2608269, -0.008896, , , , , , , 18.2608269, -0.0087282, , , , , , , 18.2608269, 0.0313878, , , , , , , , , , , , , , , , , , , , , , , , , , , , 
18.2613462, -0.0130922, , , , , , , 18.2613462, -0.0082246, , , , , , , 18.2613462, -0.0085603, , , , , , , 18.2613462, 0.0327306, , , , , , , , , , , , , , , , , , , , , , , , , , , , 
18.2618654, -0.0041962, , , , , , , 18.2618654, -0.0082246, , , , , , , 18.2618654, -0.0072175, , , , , , , 18.2618654, 0.033402, , , , , , , , , , , , , , , , , , , , , , , , , , , , 
18.2623846, 0.0046998, , , , , , , 18.2623846, -0.0073854, , , , , , , 18.2623846, -0.0045319, , , , , , , 18.2623846, 0.0293736, , , , , , , , , , , , , , , , , , , , , , , , , , , , 
18.2629038, 0.0082246, , , , , , , 18.2629038, -0.0068818, , , , , , , 18.2629038, -0.0050355, , , , , , , 18.2629038, 0.023331, , , , , , , , , , , , , , , , , , , , , , , , , , , , 
18.2634231, 0.0078889, , , , , , , 18.2634231, -0.0063783, , , , , , , 18.2634231, -0.0073854, , , , , , , 18.2634231, 0.0199741, , , , , , , , , , , , , , , , , , , , , , , , , , , , 
18.2639423, 0.0092317, , , , , , , 18.2639423, -0.0072175, , , , , , , 18.2639423, -0.0072175, , , , , , , 18.2639423, 0.0186313, , , , , , , , , , , , , , , , , , , , , , , , , , , , 
18.2644615, 0.0125887, , , , , , , 18.2644615, -0.0068818, , , , , , , 18.2644615, -0.0048676, , , , , , , 18.2644615, 0.014435, , , , , , , , , , , , , , , , , , , , , , , , , , , , 
18.2649808, 0.0179599, , , , , , , 18.2649808, -0.0062104, , , , , , , 18.2649808, -0.0041962, , , , , , , 18.2649808, 0.0125887, , , , , , , , , , , , , , , , , , , , , , , , , , , , 
18.2655, 0.0218204, , , , , , , 18.2655, -0.0058747, , , , , , , 18.2655, -0.005539, , , , , , , 18.2655, 0.0149386, , , , , , , , , , , , , , , , , , , , , , , , , , , , 
18.2660192, 0.0213169, , , , , , , 18.2660192, -0.0082246, , , , , , , 18.2660192, -0.0072175, , , , , , , 18.2660192, 0.0172885, , , , , , , , , , , , , , , , , , , , , , , , , , , , 
18.2665385, 0.0186313, , , , , , , 18.2665385, -0.0095674, , , , , , , 18.2665385, -0.0075532, , , , , , , 18.2665385, 0.0159457, , , , , , , , , , , , , , , , , , , , , , , , , , , , 
18.2670577, 0.0193027, , , , , , , 18.2670577, -0.0095674, , , , , , , 18.2670577, -0.0075532, , , , , , , 18.2670577, 0.0135958, , , , , , , , , , , , , , , , , , , , , , , , , , , , 
18.2675769, 0.0209812, , , , , , , 18.2675769, -0.0099031, , , , , , , 18.2675769, -0.0095674, , , , , , , 18.2675769, 0.0139315, , , , , , , , , , , , , , , , , , , , , , , , , , , , 
18.2680962, 0.0199741, , , , , , , 18.2680962, -0.0109102, , , , , , , 18.2680962, -0.0105745, , , , , , , 18.2680962, 0.0151064, , , , , , , , , , , , , , , , , , , , , , , , , , , , 
18.2686154, 0.0193027, , , , , , , 18.2686154, -0.0104067, , , , , , , 18.2686154, -0.0104067, , , , , , , 18.2686154, 0.0152743, , , , , , , , , , , , , , , , , , , , , , , , , , , , 
18.2691346, 0.0223239, , , , , , , 18.2691346, -0.008896, , , , , , , 18.2691346, -0.0125887, , , , , , , 18.2691346, 0.0135958, , , , , , , , , , , , , , , , , , , , , , , , , , , , 
18.2696538, 0.0226596, , , , , , , 18.2696538, -0.0085603, , , , , , , 18.2696538, -0.0142672, , , , , , , 18.2696538, 0.012253, , , , , , , , , , , , , , , , , , , , , , , , , , , , 
18.2701731, 0.0186313, , , , , , , 18.2701731, -0.0068818, , , , , , , 18.2701731, -0.0139315, , , , , , , 18.2701731, 0.0119173, , , , , , , , , , , , , , , , , , , , , , , , , , , , 
18.2706923, 0.0169528, , , , , , , 18.2706923, -0.0068818, , , , , , , 18.2706923, -0.0132601, , , , , , , 18.2706923, 0.0112459, , , , , , , , , , , , , , , , , , , , , , , , , , , , 
18.2712115, 0.0226596, , , , , , , 18.2712115, -0.0082246, , , , , , , 18.2712115, -0.0105745, , , , , , , 18.2712115, 0.0119173, , , , , , , , , , , , , , , , , , , , , , , , , , , , 
18.2717308, 0.0273594, , , , , , , 18.2717308, -0.008896, , , , , , , 18.2717308, -0.0077211, , , , , , , 18.2717308, 0.0119173, , , , , , , , , , , , , , , , , , , , , , , , , , , , 
18.27225, 0.030045, , , , , , , 18.27225, -0.0075532, , , , , , , 18.27225, -0.0068818, , , , , , , 18.27225, 0.0065461, , , , , , , , , , , , , , , , , , , , , , , , , , , , 
18.2727692, 0.0340734, , , , , , , 18.2727692, -0.005539, , , , , , , 18.2727692, -0.0068818, , , , , , , 18.2727692, 0.0011749, , , , , , , , , , , , , , , , , , , , , , , , , , , , 
18.2732885, 0.0384375, , , , , , , 18.2732885, -0.0048676, , , , , , , 18.2732885, -0.0075532, , , , , , , 18.2732885, -0.0001678, , , , , , , , , , , , , , , , , , , , , , , , , , , , 
18.2738077, 0.0374304, , , , , , , 18.2738077, -0.0058747, , , , , , , 18.2738077, -0.0082246, , , , , , , 18.2738077, -0.0015106, , , , , , , , , , , , , , , , , , , , , , , , , , , , 
18.2743269, 0.0374304, , , , , , , 18.2743269, -0.0075532, , , , , , , 18.2743269, -0.0078889, , , , , , , 18.2743269, -0.0035248, , , , , , , , , , , , , , , , , , , , , , , , , , , , 
18.2748462, 0.0392767, , , , , , , 18.2748462, -0.0102388, , , , , , , 18.2748462, -0.0082246, , , , , , , 18.2748462, -0.0035248, , , , , , , , , , , , , , , , , , , , , , , , , , , , 
18.2753654, 0.0360876, , , , , , , 18.2753654, -0.0095674, , , , , , , 18.2753654, -0.012253, , , , , , , 18.2753654, -0.0038605, , , , , , , , , , , , , , , , , , , , , , , , , , , , 
18.2758846, 0.026688, , , , , , , 18.2758846, -0.0095674, , , , , , , 18.2758846, -0.0142672, , , , , , , 18.2758846, -0.0045319, , , , , , , , , , , , , , , , , , , , , , , , , , , , 
18.2764038, 0.0184634, , , , , , , 18.2764038, -0.0095674, , , , , , , 18.2764038, -0.012253, , , , , , , 18.2764038, -0.0063783, , , , , , , , , , , , , , , , , , , , , , , , , , , , 
18.2769231, 0.0152743, , , , , , , 18.2769231, -0.0095674, , , , , , , 18.2769231, -0.0109102, , , , , , , 18.2769231, -0.0050355, , , , , , , , , , , , , , , , , , , , , , , , , , , , 
18.2774423, 0.0114137, , , , , , , 18.2774423, -0.0095674, , , , , , , 18.2774423, -0.0109102, , , , , , , 18.2774423, 0.0005035, , , , , , , , , , , , , , , , , , , , , , , , , , , , 
18.2779615, 0.0092317, , , , , , , 18.2779615, -0.0099031, , , , , , , 18.2779615, -0.008896, , , , , , , 18.2779615, 0.0072175, , , , , , , , , , , , , , , , , , , , , , , , , , , , 
18.2784808, 0.0075532, , , , , , , 18.2784808, -0.0102388, , , , , , , 18.2784808, -0.0070497, , , , , , , 18.2784808, 0.0152743, , , , , , , , , , , , , , , , , , , , , , , , , , , , 
18.279, -0.0005035, , , , , , , 18.279, -0.0090639, , , , , , , 18.279, -0.0062104, , , , , , , 18.279, 0.0219883, , , , , , , , , , , , , , , , , , , , , , , , , , , , 
18.2795192, -0.0102388, , , , , , , 18.2795192, -0.0078889, , , , , , , 18.2795192, -0.0072175, , , , , , , 18.2795192, 0.0250095, , , , , , , , , , , , , , , , , , , , , , , , , , , , 
18.2800385, -0.0149386, , , , , , , 18.2800385, -0.0078889, , , , , , , 18.2800385, -0.0082246, , , , , , , 18.2800385, 0.026688, , , , , , , , , , , , , , , , , , , , , , , , , , , , 
18.2805577, -0.012253, , , , , , , 18.2805577, -0.0062104, , , , , , , 18.2805577, -0.0082246, , , , , , , 18.2805577, 0.030045, , , , , , , , , , , , , , , , , , , , , , , , , , , , 
18.2810769, -0.0075532, , , , , , , 18.2810769, -0.0068818, , , , , , , 18.2810769, -0.0058747, , , , , , , 18.2810769, 0.0330663, , , , , , , , , , , , , , , , , , , , , , , , , , , , 
18.2815962, -0.0072175, , , , , , , 18.2815962, -0.0082246, , , , , , , 18.2815962, -0.0058747, , , , , , , 18.2815962, 0.0327306, , , , , , , , , , , , , , , , , , , , , , , , , , , , 
18.2821154, -0.0065461, , , , , , , 18.2821154, -0.0057069, , , , , , , 18.2821154, -0.0057069, , , , , , , 18.2821154, 0.030045, , , , , , , , , , , , , , , , , , , , , , , , , , , , 
18.2826346, -0.0031891, , , , , , , 18.2826346, -0.0048676, , , , , , , 18.2826346, -0.0038605, , , , , , , 18.2826346, 0.0253452, , , , , , , , , , , , , , , , , , , , , , , , , , , , 
18.2831538, 0.0010071, , , , , , , 18.2831538, -0.0057069, , , , , , , 18.2831538, -0.0031891, , , , , , , 18.2831538, 0.0216526, , , , , , , , , , , , , , , , , , , , , , , , , , , , 
18.2836731, 0.0062104, , , , , , , 18.2836731, -0.0062104, , , , , , , 18.2836731, -0.0035248, , , , , , , 18.2836731, 0.0223239, , , , , , , , , , , , , , , , , , , , , , , , , , , , 
18.2841923, 0.0097353, , , , , , , 18.2841923, -0.0050355, , , , , , , 18.2841923, -0.0035248, , , , , , , 18.2841923, 0.0238346, , , , , , , , , , , , , , , , , , , , , , , , , , , , 
18.2847115, 0.0109102, , , , , , , 18.2847115, -0.0041962, , , , , , , 18.2847115, -0.0031891, , , , , , , 18.2847115, 0.0265202, , , , , , , , , , , , , , , , , , , , , , , , , , , , 
18.2852308, 0.0139315, , , , , , , 18.2852308, -0.0045319, , , , , , , 18.2852308, -0.0045319, , , , , , , 18.2852308, 0.0270237, , , , , , , , , , , , , , , , , , , , , , , , , , , , 
18.28575, 0.0179599, , , , , , , 18.28575, -0.0041962, , , , , , , 18.28575, -0.0045319, , , , , , , 18.28575, 0.0229953, , , , , , , , , , , , , , , , , , , , , , , , , , , , 
18.2862692, 0.0234989, , , , , , , 18.2862692, -0.0028534, , , , , , , 18.2862692, -0.0060426, , , , , , , 18.2862692, 0.0169528, , , , , , , , , , , , , , , , , , , , , , , , , , , , 
18.2867885, 0.0273594, , , , , , , 18.2867885, -0.0038605, , , , , , , 18.2867885, -0.0078889, , , , , , , 18.2867885, 0.0115816, , , , , , , , , , , , , , , , , , , , , , , , , , , , 
18.2873077, 0.0206455, , , , , , , 18.2873077, -0.0062104, , , , , , , 18.2873077, -0.0085603, , , , , , , 18.2873077, 0.0105745, , , , , , , , , , , , , , , , , , , , , , , , , , , , 
18.2878269, 0.0157778, , , , , , , 18.2878269, -0.0075532, , , , , , , 18.2878269, -0.0072175, , , , , , , 18.2878269, 0.0115816, , , , , , , , , , , , , , , , , , , , , , , , , , , , 
18.2883462, 0.0216526, , , , , , , 18.2883462, -0.0062104, , , , , , , 18.2883462, -0.005539, , , , , , , 18.2883462, 0.0099031, , , , , , , , , , , , , , , , , , , , , , , , , , , , 
18.2888654, 0.026688, , , , , , , 18.2888654, -0.0045319, , , , , , , 18.2888654, -0.0062104, , , , , , , 18.2888654, 0.0077211, , , , , , , , , , , , , , , , , , , , , , , , , , , , 
18.2893846, 0.0280308, , , , , , , 18.2893846, -0.0045319, , , , , , , 18.2893846, -0.0083925, , , , , , , 18.2893846, 0.0075532, , , , , , , , , , , , , , , , , , , , , , , , , , , , 
18.2899038, 0.0260166, , , , , , , 18.2899038, -0.0065461, , , , , , , 18.2899038, -0.0097353, , , , , , , 18.2899038, 0.0078889, , , , , , , , , , , , , , , , , , , , , , , , , , , , 
18.2904231, 0.0246738, , , , , , , 18.2904231, -0.0075532, , , , , , , 18.2904231, -0.0095674, , , , , , , 18.2904231, 0.0078889, , , , , , , , , , , , , , , , , , , , , , , , , , , , 
18.2909423, 0.0275273, , , , , , , 18.2909423, -0.0073854, , , , , , , 18.2909423, -0.0085603, , , , , , , 18.2909423, 0.0092317, , , , , , , , , , , , , , , , , , , , , , , , , , , , 
18.2914615, 0.0273594, , , , , , , 18.2914615, -0.0078889, , , , , , , 18.2914615, -0.0075532, , , , , , , 18.2914615, 0.008896, , , , , , , , , , , , , , , , , , , , , , , , , , , , 
18.2919808, 0.0271916, , , , , , , 18.2919808, -0.0068818, , , , , , , 18.2919808, -0.0065461, , , , , , , 18.2919808, 0.0038605, , , , , , , , , , , , , , , , , , , , , , , , , , , , 
18.2925, 0.0273594, , , , , , , 18.2925, -0.0065461, , , , , , , 18.2925, -0.005539, , , , , , , 18.2925, -0.0028534, , , , , , , , , , , , , , , , , , , , , , , , , , , , 
18.2930192, 0.0273594, , , , , , , 18.2930192, -0.0077211, , , , , , , 18.2930192, -0.0045319, , , , , , , 18.2930192, -0.0082246, , , , , , , , , , , , , , , , , , , , , , , , , , , , 
18.2935385, 0.0290379, , , , , , , 18.2935385, -0.0104067, , , , , , , 18.2935385, -0.0062104, , , , , , , 18.2935385, -0.0099031, , , , , , , , , , , , , , , , , , , , , , , , , , , , 
18.2940577, 0.0352483, , , , , , , 18.2940577, -0.0109102, , , , , , , 18.2940577, -0.0099031, , , , , , , 18.2940577, -0.0082246, , , , , , , , , , , , , , , , , , , , , , , , , , , , 
18.2945769, 0.0454871, , , , , , , 18.2945769, -0.0097353, , , , , , , 18.2945769, -0.0135958, , , , , , , 18.2945769, -0.0045319, , , , , , , , , , , , , , , , , , , , , , , , , , , , 
18.2950962, 0.0505226, , , , , , , 18.2950962, -0.008896, , , , , , , 18.2950962, -0.0146029, , , , , , , 18.2950962, -0.002182, , , , , , , , , , , , , , , , , , , , , , , , , , , , 
18.2956154, 0.0428016, , , , , , , 18.2956154, -0.0082246, , , , , , , 18.2956154, -0.0146029, , , , , , , 18.2956154, -0.0005035, , , , , , , , , , , , , , , , , , , , , , , , , , , , 
18.2961346, 0.0276951, , , , , , , 18.2961346, -0.0075532, , , , , , , 18.2961346, -0.0129244, , , , , , , 18.2961346, 0.0041962, , , , , , , , , , , , , , , , , , , , , , , , , , , , 
18.2966538, 0.0152743, , , , , , , 18.2966538, -0.0078889, , , , , , , 18.2966538, -0.0102388, , , , , , , 18.2966538, 0.008896, , , , , , , , , , , , , , , , , , , , , , , , , , , , 
18.2971731, 0.0112459, , , , , , , 18.2971731, -0.008896, , , , , , , 18.2971731, -0.0104067, , , , , , , 18.2971731, 0.0127565, , , , , , , , , , , , , , , , , , , , , , , , , , , , 
18.2976923, 0.0102388, , , , , , , 18.2976923, -0.0082246, , , , , , , 18.2976923, -0.0109102, , , , , , , 18.2976923, 0.0139315, , , , , , , , , , , , , , , , , , , , , , , , , , , , 
18.2982115, 0.0058747, , , , , , , 18.2982115, -0.0075532, , , , , , , 18.2982115, -0.008896, , , , , , , 18.2982115, 0.0186313, , , , , , , , , , , , , , , , , , , , , , , , , , , , 
18.2987308, -0.0035248, , , , , , , 18.2987308, -0.0085603, , , , , , , 18.2987308, -0.0068818, , , , , , , 18.2987308, 0.0246738, , , , , , , , , , , , , , , , , , , , , , , , , , , , 
18.29925, -0.008896, , , , , , , 18.29925, -0.0095674, , , , , , , 18.29925, -0.0075532, , , , , , , 18.29925, 0.026688, , , , , , , , , , , , , , , , , , , , , , , , , , , , 
18.2997692, -0.0105745, , , , , , , 18.2997692, -0.0099031, , , , , , , 18.2997692, -0.0068818, , , , , , , 18.2997692, 0.0270237, , , , , , , , , , , , , , , , , , , , , , , , , , , , 
18.3002885, -0.0115816, , , , , , , 18.3002885, -0.0099031, , , , , , , 18.3002885, -0.0041962, , , , , , , 18.3002885, 0.0276951, , , , , , , , , , , , , , , , , , , , , , , , , , , , 
18.3008077, -0.0203098, , , , , , , 18.3008077, -0.0095674, , , , , , , 18.3008077, -0.0035248, , , , , , , 18.3008077, 0.0280308, , , , , , , , , , , , , , , , , , , , , , , , , , , , 
18.3013269, -0.0273594, , , , , , , 18.3013269, -0.0085603, , , , , , , 18.3013269, -0.0038605, , , , , , , 18.3013269, 0.0273594, , , , , , , , , , , , , , , , , , , , , , , , , , , , 
18.3018462, -0.0263523, , , , , , , 18.3018462, -0.010071, , , , , , , 18.3018462, -0.0045319, , , , , , , 18.3018462, 0.0240024, , , , , , , , , , , , , , , , , , , , , , , , , , , , 
18.3023654, -0.0206455, , , , , , , 18.3023654, -0.0115816, , , , , , , 18.3023654, -0.0058747, , , , , , , 18.3023654, 0.0213169, , , , , , , , , , , , , , , , , , , , , , , , , , , , 
18.3028846, -0.0125887, , , , , , , 18.3028846, -0.0095674, , , , , , , 18.3028846, -0.0075532, , , , , , , 18.3028846, 0.0184634, , , , , , , , , , , , , , , , , , , , , , , , , , , , 
18.3034038, -0.002182, , , , , , , 18.3034038, -0.008896, , , , , , , 18.3034038, -0.0078889, , , , , , , 18.3034038, 0.0159457, , , , , , , , , , , , , , , , , , , , , , , , , , , , 
18.3039231, 0.0005035, , , , , , , 18.3039231, -0.0082246, , , , , , , 18.3039231, -0.0065461, , , , , , , 18.3039231, 0.0129244, , , , , , , , , , , , , , , , , , , , , , , , , , , , 
18.3044423, -0.0010071, , , , , , , 18.3044423, -0.0070497, , , , , , , 18.3044423, -0.0075532, , , , , , , 18.3044423, 0.0092317, , , , , , , , , , , , , , , , , , , , , , , , , , , , 
18.3049615, 0.0001678, , , , , , , 18.3049615, -0.0050355, , , , , , , 18.3049615, -0.0082246, , , , , , , 18.3049615, 0.0105745, , , , , , , , , , , , , , , , , , , , , , , , , , , , 
18.3054808, 0.0035248, , , , , , , 18.3054808, -0.0043641, , , , , , , 18.3054808, -0.0075532, , , , , , , 18.3054808, 0.0139315, , , , , , , , , , , , , , , , , , , , , , , , , , , , 
18.306, 0.0085603, , , , , , , 18.306, -0.0068818, , , , , , , 18.306, -0.0063783, , , , , , , 18.306, 0.0172885, , , , , , , , , , , , , , , , , , , , , , , , , , , , 
18.3065192, 0.0162814, , , , , , , 18.3065192, -0.0105745, , , , , , , 18.3065192, -0.0045319, , , , , , , 18.3065192, 0.0172885, , , , , , , , , , , , , , , , , , , , , , , , , , , , 
18.3070385, 0.0219883, , , , , , , 18.3070385, -0.0115816, , , , , , , 18.3070385, -0.005539, , , , , , , 18.3070385, 0.0135958, , , , , , , , , , , , , , , , , , , , , , , , , , , , 
18.3075577, 0.0204776, , , , , , , 18.3075577, -0.0099031, , , , , , , 18.3075577, -0.0077211, , , , , , , 18.3075577, 0.0095674, , , , , , , , , , , , , , , , , , , , , , , , , , , , 
18.3080769, 0.0169528, , , , , , , 18.3080769, -0.0095674, , , , , , , 18.3080769, -0.0072175, , , , , , , 18.3080769, 0.0102388, , , , , , , , , , , , , , , , , , , , , , , , , , , , 
18.3085962, 0.0162814, , , , , , , 18.3085962, -0.0105745, , , , , , , 18.3085962, -0.0070497, , , , , , , 18.3085962, 0.0135958, , , , , , , , , , , , , , , , , , , , , , , , , , , , 
18.3091154, 0.0157778, , , , , , , 18.3091154, -0.0102388, , , , , , , 18.3091154, -0.0075532, , , , , , , 18.3091154, 0.0146029, , , , , , , , , , , , , , , , , , , , , , , , , , , , 
18.3096346, 0.0139315, , , , , , , 18.3096346, -0.0082246, , , , , , , 18.3096346, -0.0070497, , , , , , , 18.3096346, 0.0132601, , , , , , , , , , , , , , , , , , , , , , , , , , , , 
18.3101538, 0.0132601, , , , , , , 18.3101538, -0.0075532, , , , , , , 18.3101538, -0.0068818, , , , , , , 18.3101538, 0.0117494, , , , , , , , , , , , , , , , , , , , , , , , , , , , 
18.3106731, 0.0146029, , , , , , , 18.3106731, -0.008896, , , , , , , 18.3106731, -0.0058747, , , , , , , 18.3106731, 0.0125887, , , , , , , , , , , , , , , , , , , , , , , , , , , , 
18.3111923, 0.0184634, , , , , , , 18.3111923, -0.0099031, , , , , , , 18.3111923, -0.0045319, , , , , , , 18.3111923, 0.0125887, , , , , , , , , , , , , , , , , , , , , , , , , , , , 
18.3117115, 0.0240024, , , , , , , 18.3117115, -0.0104067, , , , , , , 18.3117115, -0.005539, , , , , , , 18.3117115, 0.0095674, , , , , , , , , , , , , , , , , , , , , , , , , , , , 
18.3122308, 0.0280308, , , , , , , 18.3122308, -0.0085603, , , , , , , 18.3122308, -0.0062104, , , , , , , 18.3122308, 0.0052033, , , , , , , , , , , , , , , , , , , , , , , , , , , , 
18.31275, 0.0293736, , , , , , , 18.31275, -0.0068818, , , , , , , 18.31275, -0.0102388, , , , , , , 18.31275, 0.0001678, , , , , , , , , , , , , , , , , , , , , , , , , , , , 
18.3132692, 0.0287022, , , , , , , 18.3132692, -0.005539, , , , , , , 18.3132692, -0.0132601, , , , , , , 18.3132692, -0.0028534, , , , , , , , , , , , , , , , , , , , , , , , , , , , 
18.3137885, 0.0287022, , , , , , , 18.3137885, -0.0048676, , , , , , , 18.3137885, -0.012253, , , , , , , 18.3137885, -0.0048676, , , , , , , , , , , , , , , , , , , , , , , , , , , , 
18.3143077, 0.0250095, , , , , , , 18.3143077, -0.0075532, , , , , , , 18.3143077, -0.0102388, , , , , , , 18.3143077, -0.0065461, , , , , , , , , , , , , , , , , , , , , , , , , , , , 
18.3148269, 0.0213169, , , , , , , 18.3148269, -0.0102388, , , , , , , 18.3148269, -0.0085603, , , , , , , 18.3148269, -0.0072175, , , , , , , , , , , , , , , , , , , , , , , , , , , , 
18.3153462, 0.0199741, , , , , , , 18.3153462, -0.0095674, , , , , , , 18.3153462, -0.0078889, , , , , , , 18.3153462, -0.0065461, , , , , , , , , , , , , , , , , , , , , , , , , , , , 
18.3158654, 0.0206455, , , , , , , 18.3158654, -0.0077211, , , , , , , 18.3158654, -0.0095674, , , , , , , 18.3158654, -0.0018463, , , , , , , , , , , , , , , , , , , , , , , , , , , , 
18.3163846, 0.0182956, , , , , , , 18.3163846, -0.0058747, , , , , , , 18.3163846, -0.0105745, , , , , , , 18.3163846, 0.0023499, , , , , , , , , , , , , , , , , , , , , , , , , , , , 
18.3169038, 0.0159457, , , , , , , 18.3169038, -0.0065461, , , , , , , 18.3169038, -0.0092317, , , , , , , 18.3169038, 0.0048676, , , , , , , , , , , , , , , , , , , , , , , , , , , , 
18.3174231, 0.0179599, , , , , , , 18.3174231, -0.0078889, , , , , , , 18.3174231, -0.0075532, , , , , , , 18.3174231, 0.0095674, , , , , , , , , , , , , , , , , , , , , , , , , , , , 
18.3179423, 0.0159457, , , , , , , 18.3179423, -0.0075532, , , , , , , 18.3179423, -0.0070497, , , , , , , 18.3179423, 0.0159457, , , , , , , , , , , , , , , , , , , , , , , , , , , , 
18.3184615, 0.0109102, , , , , , , 18.3184615, -0.0072175, , , , , , , 18.3184615, -0.0065461, , , , , , , 18.3184615, 0.021149, , , , , , , , , , , , , , , , , , , , , , , , , , , , 
18.3189808, 0.0050355, , , , , , , 18.3189808, -0.0075532, , , , , , , 18.3189808, -0.0068818, , , , , , , 18.3189808, 0.0226596, , , , , , , , , , , , , , , , , , , , , , , , , , , , 
18.3195, -0.0035248, , , , , , , 18.3195, -0.0062104, , , , , , , 18.3195, -0.0057069, , , , , , , 18.3195, 0.0260166, , , , , , , , , , , , , , , , , , , , , , , , , , , , 
18.3200192, -0.0082246, , , , , , , 18.3200192, -0.0077211, , , , , , , 18.3200192, -0.0058747, , , , , , , 18.3200192, 0.0287022, , , , , , , , , , , , , , , , , , , , , , , , , , , , 
18.3205385, -0.0070497, , , , , , , 18.3205385, -0.0097353, , , , , , , 18.3205385, -0.0058747, , , , , , , 18.3205385, 0.030045, , , , , , , , , , , , , , , , , , , , , , , , , , , , 
18.3210577, -0.0065461, , , , , , , 18.3210577, -0.0078889, , , , , , , 18.3210577, -0.0072175, , , , , , , 18.3210577, 0.0344091, , , , , , , , , , , , , , , , , , , , , , , , , , , , 
18.3215769, -0.008896, , , , , , , 18.3215769, -0.0065461, , , , , , , 18.3215769, -0.0075532, , , , , , , 18.3215769, 0.0381018, , , , , , , , , , , , , , , , , , , , , , , , , , , , 
18.3220962, -0.0102388, , , , , , , 18.3220962, -0.0068818, , , , , , , 18.3220962, -0.0075532, , , , , , , 18.3220962, 0.0360876, , , , , , , , , , , , , , , , , , , , , , , , , , , , 
18.3226154, -0.0035248, , , , , , , 18.3226154, -0.0077211, , , , , , , 18.3226154, -0.005539, , , , , , , 18.3226154, 0.0302129, , , , , , , , , , , , , , , , , , , , , , , , , , , , 
18.3231346, 0.0045319, , , , , , , 18.3231346, -0.008896, , , , , , , 18.3231346, -0.0038605, , , , , , , 18.3231346, 0.0246738, , , , , , , , , , , , , , , , , , , , , , , , , , , , 
18.3236538, 0.0092317, , , , , , , 18.3236538, -0.008896, , , , , , , 18.3236538, -0.0038605, , , , , , , 18.3236538, 0.0203098, , , , , , , , , , , , , , , , , , , , , , , , , , , , 
18.3241731, 0.0151064, , , , , , , 18.3241731, -0.0082246, , , , , , , 18.3241731, -0.0063783, , , , , , , 18.3241731, 0.0162814, , , , , , , , , , , , , , , , , , , , , , , , , , , , 
18.3246923, 0.0166171, , , , , , , 18.3246923, -0.0068818, , , , , , , 18.3246923, -0.0068818, , , , , , , 18.3246923, 0.0119173, , , , , , , , , , , , , , , , , , , , , , , , , , , , 
18.3252115, 0.0132601, , , , , , , 18.3252115, -0.0082246, , , , , , , 18.3252115, -0.0078889, , , , , , , 18.3252115, 0.0104067, , , , , , , , , , , , , , , , , , , , , , , , , , , , 
18.3257308, 0.0132601, , , , , , , 18.3257308, -0.0099031, , , , , , , 18.3257308, -0.012253, , , , , , , 18.3257308, 0.008896, , , , , , , , , , , , , , , , , , , , , , , , , , , , 
18.32625, 0.0159457, , , , , , , 18.32625, -0.012253, , , , , , , 18.32625, -0.0146029, , , , , , , 18.32625, 0.0058747, , , , , , , , , , , , , , , , , , , , , , , , , , , , 
18.3267692, 0.0169528, , , , , , , 18.3267692, -0.0129244, , , , , , , 18.3267692, -0.0154421, , , , , , , 18.3267692, 0.0028534, , , , , , , , , , , , , , , , , , , , , , , , , , , , 
18.3272885, 0.0179599, , , , , , , 18.3272885, -0.012253, , , , , , , 18.3272885, -0.0149386, , , , , , , 18.3272885, 0.002182, , , , , , , , , , , , , , , , , , , , , , , , , , , , 
18.3278077, 0.0174563, , , , , , , 18.3278077, -0.0125887, , , , , , , 18.3278077, -0.012253, , , , , , , 18.3278077, 0.0043641, , , , , , , , , , , , , , , , , , , , , , , , , , , , 
18.3283269, 0.0172885, , , , , , , 18.3283269, -0.0125887, , , , , , , 18.3283269, -0.0095674, , , , , , , 18.3283269, 0.0068818, , , , , , , , , , , , , , , , , , , , , , , , , , , , 
18.3288462, 0.021149, , , , , , , 18.3288462, -0.010071, , , , , , , 18.3288462, -0.0077211, , , , , , , 18.3288462, 0.0058747, , , , , , , , , , , , , , , , , , , , , , , , , , , , 
18.3293654, 0.0243381, , , , , , , 18.3293654, -0.0082246, , , , , , , 18.3293654, -0.0068818, , , , , , , 18.3293654, 0.0045319, , , , , , , , , , , , , , , , , , , , , , , , , , , , 
18.3298846, 0.0234989, , , , , , , 18.3298846, -0.0085603, , , , , , , 18.3298846, -0.0068818, , , , , , , 18.3298846, 0.0052033, , , , , , , , , , , , , , , , , , , , , , , , , , , , 
18.3304038, 0.0240024, , , , , , , 18.3304038, -0.008896, , , , , , , 18.3304038, -0.0065461, , , , , , , 18.3304038, 0.0065461, , , , , , , , , , , , , , , , , , , , , , , , , , , , 
18.3309231, 0.0293736, , , , , , , 18.3309231, -0.0082246, , , , , , , 18.3309231, -0.0073854, , , , , , , 18.3309231, 0.0070497, , , , , , , , , , , , , , , , , , , , , , , , , , , , 
18.3314423, 0.0354162, , , , , , , 18.3314423, -0.0075532, , , , , , , 18.3314423, -0.0083925, , , , , , , 18.3314423, 0.0062104, , , , , , , , , , , , , , , , , , , , , , , , , , , , 
18.3319615, 0.0360876, , , , , , , 18.3319615, -0.0087282, , , , , , , 18.3319615, -0.0095674, , , , , , , 18.3319615, 0.0028534, , , , , , , , , , , , , , , , , , , , , , , , , , , , 
18.3324808, 0.0320592, , , , , , , 18.3324808, -0.0085603, , , , , , , 18.3324808, -0.0095674, , , , , , , 18.3324808, -0.0028534, , , , , , , , , , , , , , , , , , , , , , , , , , , , 
18.333, 0.0303807, , , , , , , 18.333, -0.0075532, , , , , , , 18.333, -0.0075532, , , , , , , 18.333, -0.0075532, , , , , , , , , , , , , , , , , , , , , , , , , , , , 
18.3335192, 0.030045, , , , , , , 18.3335192, -0.0072175, , , , , , , 18.3335192, -0.0072175, , , , , , , 18.3335192, -0.0109102, , , , , , , , , , , , , , , , , , , , , , , , , , , , 
18.3340385, 0.0293736, , , , , , , 18.3340385, -0.0075532, , , , , , , 18.3340385, -0.0092317, , , , , , , 18.3340385, -0.0114137, , , , , , , , , , , , , , , , , , , , , , , , , , , , 
18.3345577, 0.0297093, , , , , , , 18.3345577, -0.0082246, , , , , , , 18.3345577, -0.0099031, , , , , , , 18.3345577, -0.0095674, , , , , , , , , , , , , , , , , , , , , , , , , , , , 
18.3350769, 0.0287022, , , , , , , 18.3350769, -0.0068818, , , , , , , 18.3350769, -0.0082246, , , , , , , 18.3350769, -0.0058747, , , , , , , , , , , , , , , , , , , , , , , , , , , , 
18.3355962, 0.0265202, , , , , , , 18.3355962, -0.0048676, , , , , , , 18.3355962, -0.0062104, , , , , , , 18.3355962, -0.0023499, , , , , , , , , , , , , , , , , , , , , , , , , , , , 
18.3361154, 0.0263523, , , , , , , 18.3361154, -0.0038605, , , , , , , 18.3361154, -0.0062104, , , , , , , 18.3361154, 0.0011749, , , , , , , , , , , , , , , , , , , , , , , , , , , , 
18.3366346, 0.0219883, , , , , , , 18.3366346, -0.0041962, , , , , , , 18.3366346, -0.005539, , , , , , , 18.3366346, 0.0065461, , , , , , , , , , , , , , , , , , , , , , , , , , , , 
18.3371538, 0.0166171, , , , , , , 18.3371538, -0.0050355, , , , , , , 18.3371538, -0.0046998, , , , , , , 18.3371538, 0.0102388, , , , , , , , , , , , , , , , , , , , , , , , , , , , 
18.3376731, 0.0146029, , , , , , , 18.3376731, -0.005539, , , , , , , 18.3376731, -0.0036927, , , , , , , 18.3376731, 0.0142672, , , , , , , , , , , , , , , , , , , , , , , , , , , , 
18.3381923, 0.0112459, , , , , , , 18.3381923, -0.0052033, , , , , , , 18.3381923, -0.0043641, , , , , , , 18.3381923, 0.0213169, , , , , , , , , , , , , , , , , , , , , , , , , , , , 
18.3387115, 0.0045319, , , , , , , 18.3387115, -0.0062104, , , , , , , 18.3387115, -0.0048676, , , , , , , 18.3387115, 0.0283665, , , , , , , , , , , , , , , , , , , , , , , , , , , , 
18.3392308, -0.0025177, , , , , , , 18.3392308, -0.0068818, , , , , , , 18.3392308, -0.0048676, , , , , , , 18.3392308, 0.033402, , , , , , , , , , , , , , , , , , , , , , , , , , , , 
18.33975, -0.005539, , , , , , , 18.33975, -0.005539, , , , , , , 18.33975, -0.0023499, , , , , , , 18.33975, 0.0364233, , , , , , , , , , , , , , , , , , , , , , , , , , , , 
18.3402692, -0.0050355, , , , , , , 18.3402692, -0.0038605, , , , , , , 18.3402692, -0.0005035, , , , , , , 18.3402692, 0.0384375, , , , , , , , , , , , , , , , , , , , , , , , , , , , 
18.3407885, -0.0068818, , , , , , , 18.3407885, -0.0038605, , , , , , , 18.3407885, 0.0001678, , , , , , , 18.3407885, 0.040116, , , , , , , , , , , , , , , , , , , , , , , , , , , , 
18.3413077, -0.0176242, , , , , , , 18.3413077, -0.005539, , , , , , , 18.3413077, 0.0011749, , , , , , , 18.3413077, 0.0407874, , , , , , , , , , , , , , , , , , , , , , , , , , , , 
18.3418269, -0.0216526, , , , , , , 18.3418269, -0.0072175, , , , , , , 18.3418269, 0.0008392, , , , , , , 18.3418269, 0.0381018, , , , , , , , , , , , , , , , , , , , , , , , , , , , 
18.3423462, -0.0146029, , , , , , , 18.3423462, -0.0068818, , , , , , , 18.3423462, -0.0015106, , , , , , , 18.3423462, 0.0320592, , , , , , , , , , , , , , , , , , , , , , , , , , , , 
18.3428654, -0.0048676, , , , , , , 18.3428654, -0.0048676, , , , , , , 18.3428654, -0.002182, , , , , , , 18.3428654, 0.0265202, , , , , , , , , , , , , , , , , , , , , , , , , , , , 
18.3433846, -0.0015106, , , , , , , 18.3433846, -0.0048676, , , , , , , 18.3433846, -0.0023499, , , , , , , 18.3433846, 0.0256809, , , , , , , , , , , , , , , , , , , , , , , , , , , , 
18.3439038, -0.0001678, , , , , , , 18.3439038, -0.005539, , , , , , , 18.3439038, -0.0031891, , , , , , , 18.3439038, 0.0240024, , , , , , , , , , , , , , , , , , , , , , , , , , , , 
18.3444231, 0.0050355, , , , , , , 18.3444231, -0.0068818, , , , , , , 18.3444231, -0.0035248, , , , , , , 18.3444231, 0.0216526, , , , , , , , , , , , , , , , , , , , , , , , , , , , 
18.3449423, 0.0117494, , , , , , , 18.3449423, -0.005539, , , , , , , 18.3449423, -0.0050355, , , , , , , 18.3449423, 0.0199741, , , , , , , , , , , , , , , , , , , , , , , , , , , , 
18.3454615, 0.0206455, , , , , , , 18.3454615, -0.0050355, , , , , , , 18.3454615, -0.0068818, , , , , , , 18.3454615, 0.0176242, , , , , , , , , , , , , , , , , , , , , , , , , , , , 
18.3459808, 0.0285344, , , , , , , 18.3459808, -0.0050355, , , , , , , 18.3459808, -0.0062104, , , , , , , 18.3459808, 0.0139315, , , , , , , , , , , , , , , , , , , , , , , , , , , , 
18.3465, 0.0347448, , , , , , , 18.3465, -0.0045319, , , , , , , 18.3465, -0.0058747, , , , , , , 18.3465, 0.0124208, , , , , , , , , , , , , , , , , , , , , , , , , , , , 
18.3470192, 0.0381018, , , , , , , 18.3470192, -0.0050355, , , , , , , 18.3470192, -0.0065461, , , , , , , 18.3470192, 0.0125887, , , , , , , , , , , , , , , , , , , , , , , , , , , , 
18.3475385, 0.0421302, , , , , , , 18.3475385, -0.0065461, , , , , , , 18.3475385, -0.008896, , , , , , , 18.3475385, 0.0105745, , , , , , , , , , , , , , , , , , , , , , , , , , , , 
18.3480577, 0.0421302, , , , , , , 18.3480577, -0.0058747, , , , , , , 18.3480577, -0.0112459, , , , , , , 18.3480577, 0.008896, , , , , , , , , , , , , , , , , , , , , , , , , , , , 
18.3485769, 0.0354162, , , , , , , 18.3485769, -0.005539, , , , , , , 18.3485769, -0.0099031, , , , , , , 18.3485769, 0.0085603, , , , , , , , , , , , , , , , , , , , , , , , , , , , 
18.3490962, 0.0251774, , , , , , , 18.3490962, -0.0058747, , , , , , , 18.3490962, -0.0072175, , , , , , , 18.3490962, 0.0092317, , , , , , , , , , , , , , , , , , , , , , , , , , , , 
18.3496154, 0.0184634, , , , , , , 18.3496154, -0.005539, , , , , , , 18.3496154, -0.0062104, , , , , , , 18.3496154, 0.0105745, , , , , , , , , , , , , , , , , , , , , , , , , , , , 
18.3501346, 0.0172885, , , , , , , 18.3501346, -0.005539, , , , , , , 18.3501346, -0.0078889, , , , , , , 18.3501346, 0.0130922, , , , , , , , , , , , , , , , , , , , , , , , , , , , 
18.3506538, 0.0182956, , , , , , , 18.3506538, -0.0082246, , , , , , , 18.3506538, -0.0105745, , , , , , , 18.3506538, 0.011078, , , , , , , , , , , , , , , , , , , , , , , , , , , , 
18.3511731, 0.0159457, , , , , , , 18.3511731, -0.0092317, , , , , , , 18.3511731, -0.0112459, , , , , , , 18.3511731, 0.0078889, , , , , , , , , , , , , , , , , , , , , , , , , , , , 
18.3516923, 0.0117494, , , , , , , 18.3516923, -0.0082246, , , , , , , 18.3516923, -0.0102388, , , , , , , 18.3516923, 0.0050355, , , , , , , , , , , , , , , , , , , , , , , , , , , , 
18.3522115, 0.0117494, , , , , , , 18.3522115, -0.0068818, , , , , , , 18.3522115, -0.008896, , , , , , , 18.3522115, 0.0025177, , , , , , , , , , , , , , , , , , , , , , , , , , , , 
18.3527308, 0.0172885, , , , , , , 18.3527308, -0.0062104, , , , , , , 18.3527308, -0.0095674, , , , , , , 18.3527308, 0.0005035, , , , , , , , , , , , , , , , , , , , , , , , , , , , 
18.35325, 0.0221561, , , , , , , 18.35325, -0.0057069, , , , , , , 18.35325, -0.0117494, , , , , , , 18.35325, -0.0001678, , , , , , , , , , , , , , , , , , , , , , , , , , , , 
18.3537692, 0.021149, , , , , , , 18.3537692, -0.0077211, , , , , , , 18.3537692, -0.0117494, , , , , , , 18.3537692, -0.0008392, , , , , , , , , , , , , , , , , , , , , , , , , , , , 
18.3542885, 0.023331, , , , , , , 18.3542885, -0.0083925, , , , , , , 18.3542885, -0.012253, , , , , , , 18.3542885, -0.0011749, , , , , , , , , , , , , , , , , , , , , , , , , , , , 
18.3548077, 0.0260166, , , , , , , 18.3548077, -0.008896, , , , , , , 18.3548077, -0.0135958, , , , , , , 18.3548077, -0.0001678, , , , , , , , , , , , , , , , , , , , , , , , , , , , 
18.3553269, 0.0223239, , , , , , , 18.3553269, -0.0092317, , , , , , , 18.3553269, -0.01561, , , , , , , 18.3553269, 0.002182, , , , , , , , , , , , , , , , , , , , , , , , , , , , 
18.3558462, 0.0146029, , , , , , , 18.3558462, -0.008896, , , , , , , 18.3558462, -0.0142672, , , , , , , 18.3558462, 0.005539, , , , , , , , , , , , , , , , , , , , , , , , , , , , 
18.3563654, 0.0099031, , , , , , , 18.3563654, -0.0075532, , , , , , , 18.3563654, -0.0124208, , , , , , , 18.3563654, 0.0065461, , , , , , , , , , , , , , , , , , , , , , , , , , , , 
18.3568846, 0.0078889, , , , , , , 18.3568846, -0.0063783, , , , , , , 18.3568846, -0.0119173, , , , , , , 18.3568846, 0.0058747, , , , , , , , , , , , , , , , , , , , , , , , , , , , 
18.3574038, 0.0011749, , , , , , , 18.3574038, -0.0041962, , , , , , , 18.3574038, -0.0112459, , , , , , , 18.3574038, 0.0036927, , , , , , , , , , , , , , , , , , , , , , , , , , , , 
18.3579231, -0.0011749, , , , , , , 18.3579231, -0.0041962, , , , , , , 18.3579231, -0.0099031, , , , , , , 18.3579231, 0.0045319, , , , , , , , , , , , , , , , , , , , , , , , , , , , 
18.3584423, -0.0005035, , , , , , , 18.3584423, -0.0063783, , , , , , , 18.3584423, -0.0102388, , , , , , , 18.3584423, 0.0129244, , , , , , , , , , , , , , , , , , , , , , , , , , , , 
18.3589615, -0.0062104, , , , , , , 18.3589615, -0.0104067, , , , , , , 18.3589615, -0.0099031, , , , , , , 18.3589615, 0.0238346, , , , , , , , , , , , , , , , , , , , , , , , , , , , 
18.3594808, -0.0135958, , , , , , , 18.3594808, -0.0129244, , , , , , , 18.3594808, -0.0092317, , , , , , , 18.3594808, 0.0303807, , , , , , , , , , , , , , , , , , , , , , , , , , , , 
18.36, -0.0152743, , , , , , , 18.36, -0.0117494, , , , , , , 18.36, -0.0075532, , , , , , , 18.36, 0.0337377, , , , , , , , , , , , , , , , , , , , , , , , , , , , 
18.3605192, -0.0135958, , , , , , , 18.3605192, -0.0109102, , , , , , , 18.3605192, -0.0058747, , , , , , , 18.3605192, 0.0352483, , , , , , , , , , , , , , , , , , , , , , , , , , , , 
18.3610385, -0.0083925, , , , , , , 18.3610385, -0.0102388, , , , , , , 18.3610385, -0.0048676, , , , , , , 18.3610385, 0.0360876, , , , , , , , , , , , , , , , , , , , , , , , , , , , 
18.3615577, -0.0065461, , , , , , , 18.3615577, -0.0090639, , , , , , , 18.3615577, -0.0052033, , , , , , , 18.3615577, 0.0360876, , , , , , , , , , , , , , , , , , , , , , , , , , , , 
18.3620769, -0.005539, , , , , , , 18.3620769, -0.0105745, , , , , , , 18.3620769, -0.005539, , , , , , , 18.3620769, 0.0344091, , , , , , , , , , , , , , , , , , , , , , , , , , , , 
18.3625962, -0.0031891, , , , , , , 18.3625962, -0.0109102, , , , , , , 18.3625962, -0.0052033, , , , , , , 18.3625962, 0.0297093, , , , , , , , , , , , , , , , , , , , , , , , , , , , 
18.3631154, 0.0018463, , , , , , , 18.3631154, -0.0095674, , , , , , , 18.3631154, -0.005539, , , , , , , 18.3631154, 0.0243381, , , , , , , , , , , , , , , , , , , , , , , , , , , , 
18.3636346, 0.0011749, , , , , , , 18.3636346, -0.0062104, , , , , , , 18.3636346, -0.0075532, , , , , , , 18.3636346, 0.0213169, , , , , , , , , , , , , , , , , , , , , , , , , , , , 
18.3641538, -0.0015106, , , , , , , 18.3641538, -0.0041962, , , , , , , 18.3641538, -0.0099031, , , , , , , 18.3641538, 0.017792, , , , , , , , , , , , , , , , , , , , , , , , , , , , 
18.3646731, 0.002182, , , , , , , 18.3646731, -0.0065461, , , , , , , 18.3646731, -0.0109102, , , , , , , 18.3646731, 0.0115816, , , , , , , , , , , , , , , , , , , , , , , , , , , , 
18.3651923, 0.0090639, , , , , , , 18.3651923, -0.0082246, , , , , , , 18.3651923, -0.0085603, , , , , , , 18.3651923, 0.0062104, , , , , , , , , , , , , , , , , , , , , , , , , , , , 
18.3657115, 0.0152743, , , , , , , 18.3657115, -0.008896, , , , , , , 18.3657115, -0.0082246, , , , , , , 18.3657115, 0.005539, , , , , , , , , , , , , , , , , , , , , , , , , , , , 
18.3662308, 0.0206455, , , , , , , 18.3662308, -0.0082246, , , , , , , 18.3662308, -0.0109102, , , , , , , 18.3662308, 0.0065461, , , , , , , , , , , , , , , , , , , , , , , , , , , , 
18.36675, 0.0236667, , , , , , , 18.36675, -0.0068818, , , , , , , 18.36675, -0.0139315, , , , , , , 18.36675, 0.0072175, , , , , , , , , , , , , , , , , , , , , , , , , , , , 
18.3672692, 0.0263523, , , , , , , 18.3672692, -0.0075532, , , , , , , 18.3672692, -0.0125887, , , , , , , 18.3672692, 0.0065461, , , , , , , , , , , , , , , , , , , , , , , , , , , , 
18.3677885, 0.0302129, , , , , , , 18.3677885, -0.008896, , , , , , , 18.3677885, -0.011078, , , , , , , 18.3677885, 0.0031891, , , , , , , , , , , , , , , , , , , , , , , , , , , , 
18.3683077, 0.030045, , , , , , , 18.3683077, -0.008896, , , , , , , 18.3683077, -0.0115816, , , , , , , 18.3683077, 0.0015106, , , , , , , , , , , , , , , , , , , , , , , , , , , , 
18.3688269, 0.030045, , , , , , , 18.3688269, -0.0068818, , , , , , , 18.3688269, -0.012253, , , , , , , 18.3688269, 0.002182, , , , , , , , , , , , , , , , , , , , , , , , , , , , 
18.3693462, 0.030045, , , , , , , 18.3693462, -0.0057069, , , , , , , 18.3693462, -0.012253, , , , , , , 18.3693462, 0.0052033, , , , , , , , , , , , , , , , , , , , , , , , , , , , 
18.3698654, 0.0320592, , , , , , , 18.3698654, -0.0063783, , , , , , , 18.3698654, -0.0112459, , , , , , , 18.3698654, 0.0078889, , , , , , , , , , , , , , , , , , , , , , , , , , , , 
18.3703846, 0.0370947, , , , , , , 18.3703846, -0.0075532, , , , , , , 18.3703846, -0.011078, , , , , , , 18.3703846, 0.0092317, , , , , , , , , , , , , , , , , , , , , , , , , , , , 
18.3709038, 0.0381018, , , , , , , 18.3709038, -0.0082246, , , , , , , 18.3709038, -0.012253, , , , , , , 18.3709038, 0.0109102, , , , , , , , , , , , , , , , , , , , , , , , , , , , 
18.3714231, 0.0323949, , , , , , , 18.3714231, -0.0075532, , , , , , , 18.3714231, -0.0119173, , , , , , , 18.3714231, 0.0129244, , , , , , , , , , , , , , , , , , , , , , , , , , , , 
18.3719423, 0.0273594, , , , , , , 18.3719423, -0.0068818, , , , , , , 18.3719423, -0.0115816, , , , , , , 18.3719423, 0.011078, , , , , , , , , , , , , , , , , , , , , , , , , , , , 
18.3724615, 0.0297093, , , , , , , 18.3724615, -0.0063783, , , , , , , 18.3724615, -0.0097353, , , , , , , 18.3724615, 0.0078889, , , , , , , , , , , , , , , , , , , , , , , , , , , , 
18.3729808, 0.0340734, , , , , , , 18.3729808, -0.0072175, , , , , , , 18.3729808, -0.0072175, , , , , , , 18.3729808, 0.0058747, , , , , , , , , , , , , , , , , , , , , , , , , , , , 
18.3735, 0.0332341, , , , , , , 18.3735, -0.0072175, , , , , , , 18.3735, -0.0063783, , , , , , , 18.3735, 0.0038605, , , , , , , , , , , , , , , , , , , , , , , , , , , , 
18.3740192, 0.0297093, , , , , , , 18.3740192, -0.0085603, , , , , , , 18.3740192, -0.0077211, , , , , , , 18.3740192, 0.0008392, , , , , , , , , , , , , , , , , , , , , , , , , , , , 
18.3745385, 0.0231632, , , , , , , 18.3745385, -0.0095674, , , , , , , 18.3745385, -0.0083925, , , , , , , 18.3745385, -0.0016785, , , , , , , , , , , , , , , , , , , , , , , , , , , , 
18.3750577, 0.0172885, , , , , , , 18.3750577, -0.0102388, , , , , , , 18.3750577, -0.008896, , , , , , , 18.3750577, -0.0015106, , , , , , , , , , , , , , , , , , , , , , , , , , , , 
18.3755769, 0.0119173, , , , , , , 18.3755769, -0.0090639, , , , , , , 18.3755769, -0.0092317, , , , , , , 18.3755769, 0.002182, , , , , , , , , , , , , , , , , , , , , , , , , , , , 
18.3760962, 0.0046998, , , , , , , 18.3760962, -0.0092317, , , , , , , 18.3760962, -0.0092317, , , , , , , 18.3760962, 0.0082246, , , , , , , , , , , , , , , , , , , , , , , , , , , , 
18.3766154, 0.0025177, , , , , , , 18.3766154, -0.0102388, , , , , , , 18.3766154, -0.0085603, , , , , , , 18.3766154, 0.0115816, , , , , , , , , , , , , , , , , , , , , , , , , , , , 
18.3771346, 0.002182, , , , , , , 18.3771346, -0.0092317, , , , , , , 18.3771346, -0.0072175, , , , , , , 18.3771346, 0.012253, , , , , , , , , , , , , , , , , , , , , , , , , , , , 
18.3776538, 0.0023499, , , , , , , 18.3776538, -0.0077211, , , , , , , 18.3776538, -0.005539, , , , , , , 18.3776538, 0.0137636, , , , , , , , , , , , , , , , , , , , , , , , , , , , 
18.3781731, 0.0011749, , , , , , , 18.3781731, -0.0085603, , , , , , , 18.3781731, -0.0041962, , , , , , , 18.3781731, 0.0159457, , , , , , , , , , , , , , , , , , , , , , , , , , , , 
18.3786923, -0.0023499, , , , , , , 18.3786923, -0.0092317, , , , , , , 18.3786923, -0.0028534, , , , , , , 18.3786923, 0.018967, , , , , , , , , , , , , , , , , , , , , , , , , , , , 
18.3792115, -0.0028534, , , , , , , 18.3792115, -0.0085603, , , , , , , 18.3792115, -0.0028534, , , , , , , 18.3792115, 0.0223239, , , , , , , , , , , , , , , , , , , , , , , , , , , , 
18.3797308, -0.0045319, , , , , , , 18.3797308, -0.0065461, , , , , , , 18.3797308, -0.0016785, , , , , , , 18.3797308, 0.026688, , , , , , , , , , , , , , , , , , , , , , , , , , , , 
18.38025, -0.0063783, , , , , , , 18.38025, -0.0075532, , , , , , , 18.38025, -0.0010071, , , , , , , 18.38025, 0.030045, , , , , , , , , , , , , , , , , , , , , , , , , , , , 
18.3807692, -0.0062104, , , , , , , 18.3807692, -0.0073854, , , , , , , 18.3807692, -0.0005035, , , , , , , 18.3807692, 0.0303807, , , , , , , , , , , , , , , , , , , , , , , , , , , , 
18.3812885, -0.0001678, , , , , , , 18.3812885, -0.0068818, , , , , , , 18.3812885, -0.0015106, , , , , , , 18.3812885, 0.026688, , , , , , , , , , , , , , , , , , , , , , , , , , , , 
18.3818077, -0.0008392, , , , , , , 18.3818077, -0.0070497, , , , , , , 18.3818077, -0.0058747, , , , , , , 18.3818077, 0.0250095, , , , , , , , , , , , , , , , , , , , , , , , , , , , 
18.3823269, -0.0045319, , , , , , , 18.3823269, -0.0092317, , , , , , , 18.3823269, -0.0082246, , , , , , , 18.3823269, 0.0219883, , , , , , , , , , , , , , , , , , , , , , , , , , , , 
18.3828462, -0.0023499, , , , , , , 18.3828462, -0.0102388, , , , , , , 18.3828462, -0.0075532, , , , , , , 18.3828462, 0.0198062, , , , , , , , , , , , , , , , , , , , , , , , , , , , 
18.3833654, 0.0023499, , , , , , , 18.3833654, -0.0099031, , , , , , , 18.3833654, -0.005539, , , , , , , 18.3833654, 0.0196384, , , , , , , , , , , , , , , , , , , , , , , , , , , , 
18.3838846, 0.0041962, , , , , , , 18.3838846, -0.0090639, , , , , , , 18.3838846, -0.0035248, , , , , , , 18.3838846, 0.0191348, , , , , , , , , , , , , , , , , , , , , , , , , , , , 
18.3844038, 0.0045319, , , , , , , 18.3844038, -0.0099031, , , , , , , 18.3844038, -0.0023499, , , , , , , 18.3844038, 0.0162814, , , , , , , , , , , , , , , , , , , , , , , , , , , , 
18.3849231, 0.0082246, , , , , , , 18.3849231, -0.0102388, , , , , , , 18.3849231, -0.0028534, , , , , , , 18.3849231, 0.012253, , , , , , , , , , , , , , , , , , , , , , , , , , , , 
18.3854423, 0.0105745, , , , , , , 18.3854423, -0.0099031, , , , , , , 18.3854423, -0.0041962, , , , , , , 18.3854423, 0.0112459, , , , , , , , , , , , , , , , , , , , , , , , , , , , 
18.3859615, 0.012253, , , , , , , 18.3859615, -0.0095674, , , , , , , 18.3859615, -0.0068818, , , , , , , 18.3859615, 0.0139315, , , , , , , , , , , , , , , , , , , , , , , , , , , , 
18.3864808, 0.0119173, , , , , , , 18.3864808, -0.0085603, , , , , , , 18.3864808, -0.0075532, , , , , , , 18.3864808, 0.0151064, , , , , , , , , , , , , , , , , , , , , , , , , , , , 
18.387, 0.0115816, , , , , , , 18.387, -0.0078889, , , , , , , 18.387, -0.0082246, , , , , , , 18.387, 0.014435, , , , , , , , , , , , , , , , , , , , , , , , , , , , 
18.3875192, 0.0142672, , , , , , , 18.3875192, -0.0083925, , , , , , , 18.3875192, -0.0085603, , , , , , , 18.3875192, 0.0132601, , , , , , , , , , , , , , , , , , , , , , , , , , , , 
18.3880385, 0.018967, , , , , , , 18.3880385, -0.008896, , , , , , , 18.3880385, -0.0082246, , , , , , , 18.3880385, 0.0132601, , , , , , , , , , , , , , , , , , , , , , , , , , , , 
18.3885577, 0.0226596, , , , , , , 18.3885577, -0.0085603, , , , , , , 18.3885577, -0.0083925, , , , , , , 18.3885577, 0.0130922, , , , , , , , , , , , , , , , , , , , , , , , , , , , 
18.3890769, 0.023331, , , , , , , 18.3890769, -0.008896, , , , , , , 18.3890769, -0.0099031, , , , , , , 18.3890769, 0.0119173, , , , , , , , , , , , , , , , , , , , , , , , , , , , 
18.3895962, 0.0229953, , , , , , , 18.3895962, -0.0102388, , , , , , , 18.3895962, -0.0105745, , , , , , , 18.3895962, 0.0112459, , , , , , , , , , , , , , , , , , , , , , , , , , , , 
18.3901154, 0.0236667, , , , , , , 18.3901154, -0.0112459, , , , , , , 18.3901154, -0.0102388, , , , , , , 18.3901154, 0.0095674, , , , , , , , , , , , , , , , , , , , , , , , , , , , 
18.3906346, 0.0250095, , , , , , , 18.3906346, -0.0109102, , , , , , , 18.3906346, -0.011078, , , , , , , 18.3906346, 0.0082246, , , , , , , , , , , , , , , , , , , , , , , , , , , , 
18.3911538, 0.023331, , , , , , , 18.3911538, -0.0085603, , , , , , , 18.3911538, -0.0119173, , , , , , , 18.3911538, 0.0052033, , , , , , , , , , , , , , , , , , , , , , , , , , , , 
18.3916731, 0.0226596, , , , , , , 18.3916731, -0.0078889, , , , , , , 18.3916731, -0.0109102, , , , , , , 18.3916731, -0.0015106, , , , , , , , , , , , , , , , , , , , , , , , , , , , 
18.3921923, 0.0265202, , , , , , , 18.3921923, -0.0075532, , , , , , , 18.3921923, -0.0109102, , , , , , , 18.3921923, -0.0087282, , , , , , , , , , , , , , , , , , , , , , , , , , , , 
18.3927115, 0.0317235, , , , , , , 18.3927115, -0.0046998, , , , , , , 18.3927115, -0.0125887, , , , , , , 18.3927115, -0.012253, , , , , , , , , , , , , , , , , , , , , , , , , , , , 
18.3932308, 0.0327306, , , , , , , 18.3932308, -0.0035248, , , , , , , 18.3932308, -0.0125887, , , , , , , 18.3932308, -0.0125887, , , , , , , , , , , , , , , , , , , , , , , , , , , , 
18.39375, 0.0327306, , , , , , , 18.39375, -0.0062104, , , , , , , 18.39375, -0.0119173, , , , , , , 18.39375, -0.0149386, , , , , , , , , , , , , , , , , , , , , , , , , , , , 
18.3942692, 0.0347448, , , , , , , 18.3942692, -0.0072175, , , , , , , 18.3942692, -0.0095674, , , , , , , 18.3942692, -0.0172885, , , , , , , , , , , , , , , , , , , , , , , , , , , , 
18.3947885, 0.0345769, , , , , , , 18.3947885, -0.0062104, , , , , , , 18.3947885, -0.0083925, , , , , , , 18.3947885, -0.0176242, , , , , , , , , , , , , , , , , , , , , , , , , , , , 
18.3953077, 0.0270237, , , , , , , 18.3953077, -0.0045319, , , , , , , 18.3953077, -0.0095674, , , , , , , 18.3953077, -0.01561, , , , , , , , , , , , , , , , , , , , , , , , , , , , 
18.3958269, 0.0204776, , , , , , , 18.3958269, -0.005539, , , , , , , 18.3958269, -0.0097353, , , , , , , 18.3958269, -0.008896, , , , , , , , , , , , , , , , , , , , , , , , , , , , 
18.3963462, 0.0137636, , , , , , , 18.3963462, -0.0078889, , , , , , , 18.3963462, -0.0083925, , , , , , , 18.3963462, -0.0028534, , , , , , , , , , , , , , , , , , , , , , , , , , , , 
18.3968654, 0.0062104, , , , , , , 18.3968654, -0.0072175, , , , , , , 18.3968654, -0.0082246, , , , , , , 18.3968654, 0.0011749, , , , , , , , , , , , , , , , , , , , , , , , , , , , 
18.3973846, 0.0018463, , , , , , , 18.3973846, -0.0050355, , , , , , , 18.3973846, -0.008896, , , , , , , 18.3973846, 0.0052033, , , , , , , , , , , , , , , , , , , , , , , , , , , , 
18.3979038, 0.0023499, , , , , , , 18.3979038, -0.0048676, , , , , , , 18.3979038, -0.0072175, , , , , , , 18.3979038, 0.0115816, , , , , , , , , , , , , , , , , , , , , , , , , , , , 
18.3984231, 0.0028534, , , , , , , 18.3984231, -0.0052033, , , , , , , 18.3984231, -0.0041962, , , , , , , 18.3984231, 0.0184634, , , , , , , , , , , , , , , , , , , , , , , , , , , , 
18.3989423, 0.0025177, , , , , , , 18.3989423, -0.005539, , , , , , , 18.3989423, -0.002182, , , , , , , 18.3989423, 0.0219883, , , , , , , , , , , , , , , , , , , , , , , , , , , , 
18.3994615, -0.0028534, , , , , , , 18.3994615, -0.0058747, , , , , , , 18.3994615, -0.002182, , , , , , , 18.3994615, 0.0260166, , , , , , , , , , , , , , , , , , , , , , , , , , , , 
18.3999808, -0.008896, , , , , , , 18.3999808, -0.0063783, , , , , , , 18.3999808, -0.0015106, , , , , , , 18.3999808, 0.0327306, , , , , , , , , , , , , , , , , , , , , , , , , , , , 
18.4005, -0.0095674, , , , , , , 18.4005, -0.0065461, , , , , , , 18.4005, -0.0025177, , , , , , , 18.4005, 0.036759, , , , , , , , , , , , , , , , , , , , , , , , , , , , 
18.4010192, -0.0095674, , , , , , , 18.4010192, -0.0046998, , , , , , , 18.4010192, -0.0038605, , , , , , , 18.4010192, 0.040116, , , , , , , , , , , , , , , , , , , , , , , , , , , , 
18.4015385, -0.0099031, , , , , , , 18.4015385, -0.0041962, , , , , , , 18.4015385, -0.0031891, , , , , , , 18.4015385, 0.0411231, , , , , , , , , , , , , , , , , , , , , , , , , , , , 
18.4020577, -0.0028534, , , , , , , 18.4020577, -0.0062104, , , , , , , 18.4020577, -0.0052033, , , , , , , 18.4020577, 0.036759, , , , , , , , , , , , , , , , , , , , , , , , , , , , 
18.4025769, 0.0068818, , , , , , , 18.4025769, -0.0072175, , , , , , , 18.4025769, -0.0072175, , , , , , , 18.4025769, 0.0290379, , , , , , , , , , , , , , , , , , , , , , , , , , , , 
18.4030962, 0.0119173, , , , , , , 18.4030962, -0.0068818, , , , , , , 18.4030962, -0.0063783, , , , , , , 18.4030962, 0.0246738, , , , , , , , , , , , , , , , , , , , , , , , , , , , 
18.4036154, 0.0132601, , , , , , , 18.4036154, -0.0068818, , , , , , , 18.4036154, -0.0036927, , , , , , , 18.4036154, 0.0251774, , , , , , , , , , , , , , , , , , , , , , , , , , , , 
18.4041346, 0.0129244, , , , , , , 18.4041346, -0.0082246, , , , , , , 18.4041346, -0.0018463, , , , , , , 18.4041346, 0.0246738, , , , , , , , , , , , , , , , , , , , , , , , , , , , 
18.4046538, 0.0130922, , , , , , , 18.4046538, -0.0077211, , , , , , , 18.4046538, -0.0048676, , , , , , , 18.4046538, 0.0206455, , , , , , , , , , , , , , , , , , , , , , , , , , , , 
18.4051731, 0.0146029, , , , , , , 18.4051731, -0.0068818, , , , , , , 18.4051731, -0.0082246, , , , , , , 18.4051731, 0.0159457, , , , , , , , , , , , , , , , , , , , , , , , , , , , 
18.4056923, 0.0142672, , , , , , , 18.4056923, -0.0078889, , , , , , , 18.4056923, -0.0068818, , , , , , , 18.4056923, 0.0137636, , , , , , , , , , , , , , , , , , , , , , , , , , , , 
18.4062115, 0.0099031, , , , , , , 18.4062115, -0.0102388, , , , , , , 18.4062115, -0.0041962, , , , , , , 18.4062115, 0.0146029, , , , , , , , , , , , , , , , , , , , , , , , , , , , 
18.4067308, 0.0072175, , , , , , , 18.4067308, -0.0105745, , , , , , , 18.4067308, -0.0035248, , , , , , , 18.4067308, 0.0139315, , , , , , , , , , , , , , , , , , , , , , , , , , , , 
18.40725, 0.0099031, , , , , , , 18.40725, -0.0109102, , , , , , , 18.40725, -0.0041962, , , , , , , 18.40725, 0.0102388, , , , , , , , , , , , , , , , , , , , , , , , , , , , 
18.4077692, 0.0162814, , , , , , , 18.4077692, -0.0119173, , , , , , , 18.4077692, -0.0052033, , , , , , , 18.4077692, 0.008896, , , , , , , , , , , , , , , , , , , , , , , , , , , , 
18.4082885, 0.0240024, , , , , , , 18.4082885, -0.0109102, , , , , , , 18.4082885, -0.0057069, , , , , , , 18.4082885, 0.0099031, , , , , , , , , , , , , , , , , , , , , , , , , , , , 
18.4088077, 0.0283665, , , , , , , 18.4088077, -0.0099031, , , , , , , 18.4088077, -0.0082246, , , , , , , 18.4088077, 0.0099031, , , , , , , , , , , , , , , , , , , , , , , , , , , , 
18.4093269, 0.0307164, , , , , , , 18.4093269, -0.0075532, , , , , , , 18.4093269, -0.0082246, , , , , , , 18.4093269, 0.0092317, , , , , , , , , , , , , , , , , , , , , , , , , , , , 
18.4098462, 0.0325628, , , , , , , 18.4098462, -0.0062104, , , , , , , 18.4098462, -0.0082246, , , , , , , 18.4098462, 0.0099031, , , , , , , , , , , , , , , , , , , , , , , , , , , , 
18.4103654, 0.0287022, , , , , , , 18.4103654, -0.0075532, , , , , , , 18.4103654, -0.0095674, , , , , , , 18.4103654, 0.011078, , , , , , , , , , , , , , , , , , , , , , , , , , , , 
18.4108846, 0.0263523, , , , , , , 18.4108846, -0.0099031, , , , , , , 18.4108846, -0.0115816, , , , , , , 18.4108846, 0.0114137, , , , , , , , , , , , , , , , , , , , , , , , , , , , 
18.4114038, 0.0290379, , , , , , , 18.4114038, -0.0095674, , , , , , , 18.4114038, -0.012253, , , , , , , 18.4114038, 0.0082246, , , , , , , , , , , , , , , , , , , , , , , , , , , , 
18.4119231, 0.0337377, , , , , , , 18.4119231, -0.0090639, , , , , , , 18.4119231, -0.0104067, , , , , , , 18.4119231, 0.002182, , , , , , , , , , , , , , , , , , , , , , , , , , , , 
18.4124423, 0.0374304, , , , , , , 18.4124423, -0.0082246, , , , , , , 18.4124423, -0.0082246, , , , , , , 18.4124423, -0.0015106, , , , , , , , , , , , , , , , , , , , , , , , , , , , 
18.4129615, 0.0384375, , , , , , , 18.4129615, -0.0070497, , , , , , , 18.4129615, -0.008896, , , , , , , 18.4129615, -0.0028534, , , , , , , , , , , , , , , , , , , , , , , , , , , , 
18.4134808, 0.0340734, , , , , , , 18.4134808, -0.0065461, , , , , , , 18.4134808, -0.0099031, , , , , , , 18.4134808, -0.0072175, , , , , , , , , , , , , , , , , , , , , , , , , , , , 
18.414, 0.0251774, , , , , , , 18.414, -0.0068818, , , , , , , 18.414, -0.0099031, , , , , , , 18.414, -0.0115816, , , , , , , , , , , , , , , , , , , , , , , , , , , , 
18.4145192, 0.0193027, , , , , , , 18.4145192, -0.0075532, , , , , , , 18.4145192, -0.0112459, , , , , , , 18.4145192, -0.0112459, , , , , , , , , , , , , , , , , , , , , , , , , , , , 
18.4150385, 0.0169528, , , , , , , 18.4150385, -0.0057069, , , , , , , 18.4150385, -0.0125887, , , , , , , 18.4150385, -0.0068818, , , , , , , , , , , , , , , , , , , , , , , , , , , , 
18.4155577, 0.0146029, , , , , , , 18.4155577, -0.0050355, , , , , , , 18.4155577, -0.0127565, , , , , , , 18.4155577, -0.0005035, , , , , , , , , , , , , , , , , , , , , , , , , , , , 
18.4160769, 0.0095674, , , , , , , 18.4160769, -0.0068818, , , , , , , 18.4160769, -0.0117494, , , , , , , 18.4160769, 0.0038605, , , , , , , , , , , , , , , , , , , , , , , , , , , , 
18.4165962, 0.0025177, , , , , , , 18.4165962, -0.0075532, , , , , , , 18.4165962, -0.0114137, , , , , , , 18.4165962, 0.0077211, , , , , , , , , , , , , , , , , , , , , , , , , , , , 
18.4171154, -0.0016785, , , , , , , 18.4171154, -0.0072175, , , , , , , 18.4171154, -0.0112459, , , , , , , 18.4171154, 0.0132601, , , , , , , , , , , , , , , , , , , , , , , , , , , , 
18.4176346, 0.0005035, , , , , , , 18.4176346, -0.0075532, , , , , , , 18.4176346, -0.0112459, , , , , , , 18.4176346, 0.0206455, , , , , , , , , , , , , , , , , , , , , , , , , , , , 
18.4181538, 0.0016785, , , , , , , 18.4181538, -0.0085603, , , , , , , 18.4181538, -0.0095674, , , , , , , 18.4181538, 0.0250095, , , , , , , , , , , , , , , , , , , , , , , , , , , , 
18.4186731, -0.0001678, , , , , , , 18.4186731, -0.0104067, , , , , , , 18.4186731, -0.0065461, , , , , , , 18.4186731, 0.0280308, , , , , , , , , , , , , , , , , , , , , , , , , , , , 
18.4191923, -0.0030213, , , , , , , 18.4191923, -0.0099031, , , , , , , 18.4191923, -0.005539, , , , , , , 18.4191923, 0.0330663, , , , , , , , , , , , , , , , , , , , , , , , , , , , 
18.4197115, -0.0041962, , , , , , , 18.4197115, -0.0082246, , , , , , , 18.4197115, -0.0058747, , , , , , , 18.4197115, 0.0374304, , , , , , , , , , , , , , , , , , , , , , , , , , , , 
18.4202308, -0.0015106, , , , , , , 18.4202308, -0.0072175, , , , , , , 18.4202308, -0.0058747, , , , , , , 18.4202308, 0.0379339, , , , , , , , , , , , , , , , , , , , , , , , , , , , 
18.42075, -0.0015106, , , , , , , 18.42075, -0.0082246, , , , , , , 18.42075, -0.005539, , , , , , , 18.42075, 0.0394446, , , , , , , , , , , , , , , , , , , , , , , , , , , , 
18.4212692, -0.0028534, , , , , , , 18.4212692, -0.0099031, , , , , , , 18.4212692, -0.0036927, , , , , , , 18.4212692, 0.0419623, , , , , , , , , , , , , , , , , , , , , , , , , , , , 
18.4217885, 0.0003357, , , , , , , 18.4217885, -0.0102388, , , , , , , 18.4217885, -0.0038605, , , , , , , 18.4217885, 0.0387732, , , , , , , , , , , , , , , , , , , , , , , , , , , , 
18.4223077, 0.0011749, , , , , , , 18.4223077, -0.0102388, , , , , , , 18.4223077, -0.005539, , , , , , , 18.4223077, 0.0280308, , , , , , , , , , , , , , , , , , , , , , , , , , , , 
18.4228269, 0.0058747, , , , , , , 18.4228269, -0.0097353, , , , , , , 18.4228269, -0.0058747, , , , , , , 18.4228269, 0.0186313, , , , , , , , , , , , , , , , , , , , , , , , , , , , 
18.4233462, 0.0090639, , , , , , , 18.4233462, -0.0104067, , , , , , , 18.4233462, -0.0058747, , , , , , , 18.4233462, 0.0139315, , , , , , , , , , , , , , , , , , , , , , , , , , , , 
18.4238654, 0.0105745, , , , , , , 18.4238654, -0.0130922, , , , , , , 18.4238654, -0.0062104, , , , , , , 18.4238654, 0.0124208, , , , , , , , , , , , , , , , , , , , , , , , , , , , 
18.4243846, 0.0125887, , , , , , , 18.4243846, -0.0139315, , , , , , , 18.4243846, -0.0075532, , , , , , , 18.4243846, 0.0109102, , , , , , , , , , , , , , , , , , , , , , , , , , , , 
18.4249038, 0.0162814, , , , , , , 18.4249038, -0.0109102, , , , , , , 18.4249038, -0.0078889, , , , , , , 18.4249038, 0.0068818, , , , , , , , , , , , , , , , , , , , , , , , , , , , 
18.4254231, 0.0151064, , , , , , , 18.4254231, -0.0075532, , , , , , , 18.4254231, -0.0073854, , , , , , , 18.4254231, 0.0048676, , , , , , , , , , , , , , , , , , , , , , , , , , , , 
18.4259423, 0.0115816, , , , , , , 18.4259423, -0.0068818, , , , , , , 18.4259423, -0.0090639, , , , , , , 18.4259423, 0.0052033, , , , , , , , , , , , , , , , , , , , , , , , , , , , 
18.4264615, 0.0117494, , , , , , , 18.4264615, -0.0068818, , , , , , , 18.4264615, -0.012253, , , , , , , 18.4264615, 0.0070497, , , , , , , , , , , , , , , , , , , , , , , , , , , , 
18.4269808, 0.0132601, , , , , , , 18.4269808, -0.0062104, , , , , , , 18.4269808, -0.0099031, , , , , , , 18.4269808, 0.0077211, , , , , , , , , , , , , , , , , , , , , , , , , , , , 
18.4275, 0.0166171, , , , , , , 18.4275, -0.005539, , , , , , , 18.4275, -0.0078889, , , , , , , 18.4275, 0.0092317, , , , , , , , , , , , , , , , , , , , , , , , , , , , 
18.4280192, 0.0206455, , , , , , , 18.4280192, -0.005539, , , , , , , 18.4280192, -0.0078889, , , , , , , 18.4280192, 0.008896, , , , , , , , , , , , , , , , , , , , , , , , , , , , 
18.4285385, 0.0240024, , , , , , , 18.4285385, -0.0075532, , , , , , , 18.4285385, -0.0082246, , , , , , , 18.4285385, 0.0078889, , , , , , , , , , , , , , , , , , , , , , , , , , , , 
18.4290577, 0.0231632, , , , , , , 18.4290577, -0.0072175, , , , , , , 18.4290577, -0.0083925, , , , , , , 18.4290577, 0.0085603, , , , , , , , , , , , , , , , , , , , , , , , , , , , 
18.4295769, 0.0223239, , , , , , , 18.4295769, -0.0062104, , , , , , , 18.4295769, -0.0065461, , , , , , , 18.4295769, 0.0077211, , , , , , , , , , , , , , , , , , , , , , , , , , , , 
18.4300962, 0.0219883, , , , , , , 18.4300962, -0.0068818, , , , , , , 18.4300962, -0.0062104, , , , , , , 18.4300962, 0.0052033, , , , , , , , , , , , , , , , , , , , , , , , , , , , 
18.4306154, 0.0199741, , , , , , , 18.4306154, -0.0095674, , , , , , , 18.4306154, -0.008896, , , , , , , 18.4306154, 0.0050355, , , , , , , , , , , , , , , , , , , , , , , , , , , , 
18.4311346, 0.0179599, , , , , , , 18.4311346, -0.0109102, , , , , , , 18.4311346, -0.0090639, , , , , , , 18.4311346, 0.0031891, , , , , , , , , , , , , , , , , , , , , , , , , , , , 
18.4316538, 0.0179599, , , , , , , 18.4316538, -0.0099031, , , , , , , 18.4316538, -0.008896, , , , , , , 18.4316538, -0.0035248, , , , , , , , , , , , , , , , , , , , , , , , , , , , 
18.4321731, 0.0240024, , , , , , , 18.4321731, -0.0062104, , , , , , , 18.4321731, -0.008896, , , , , , , 18.4321731, -0.0095674, , , , , , , , , , , , , , , , , , , , , , , , , , , , 
18.4326923, 0.0313878, , , , , , , 18.4326923, -0.0035248, , , , , , , 18.4326923, -0.0085603, , , , , , , 18.4326923, -0.0149386, , , , , , , , , , , , , , , , , , , , , , , , , , , , 
18.4332115, 0.0344091, , , , , , , 18.4332115, -0.0063783, , , , , , , 18.4332115, -0.0099031, , , , , , , 18.4332115, -0.0184634, , , , , , , , , , , , , , , , , , , , , , , , , , , , 
18.4337308, 0.0374304, , , , , , , 18.4337308, -0.0102388, , , , , , , 18.4337308, -0.0102388, , , , , , , 18.4337308, -0.0196384, , , , , , , , , , , , , , , , , , , , , , , , , , , , 
18.43425, 0.0404517, , , , , , , 18.43425, -0.0102388, , , , , , , 18.43425, -0.011078, , , , , , , 18.43425, -0.017792, , , , , , , , , , , , , , , , , , , , , , , , , , , , 
18.4347692, 0.0428016, , , , , , , 18.4347692, -0.0075532, , , , , , , 18.4347692, -0.012253, , , , , , , 18.4347692, -0.0140993, , , , , , , , , , , , , , , , , , , , , , , , , , , , 
18.4352885, 0.040116, , , , , , , 18.4352885, -0.0060426, , , , , , , 18.4352885, -0.012253, , , , , , , 18.4352885, -0.0109102, , , , , , , , , , , , , , , , , , , , , , , , , , , , 
18.4358077, 0.030045, , , , , , , 18.4358077, -0.005539, , , , , , , 18.4358077, -0.0115816, , , , , , , 18.4358077, -0.0058747, , , , , , , , , , , , , , , , , , , , , , , , , , , , 
18.4363269, 0.0219883, , , , , , , 18.4363269, -0.0052033, , , , , , , 18.4363269, -0.0109102, , , , , , , 18.4363269, 0.0005035, , , , , , , , , , , , , , , , , , , , , , , , , , , , 
18.4368462, 0.0164492, , , , , , , 18.4368462, -0.0041962, , , , , , , 18.4368462, -0.0104067, , , , , , , 18.4368462, 0.0063783, , , , , , , , , , , , , , , , , , , , , , , , , , , , 
18.4373654, 0.0146029, , , , , , , 18.4373654, -0.0040284, , , , , , , 18.4373654, -0.010071, , , , , , , 18.4373654, 0.0132601, , , , , , , , , , , , , , , , , , , , , , , , , , , , 
18.4378846, 0.0112459, , , , , , , 18.4378846, -0.0038605, , , , , , , 18.4378846, -0.0095674, , , , , , , 18.4378846, 0.0209812, , , , , , , , , , , , , , , , , , , , , , , , , , , , 
18.4384038, 0.0041962, , , , , , , 18.4384038, -0.0035248, , , , , , , 18.4384038, -0.0082246, , , , , , , 18.4384038, 0.0253452, , , , , , , , , , , , , , , , , , , , , , , , , , , , 
18.4389231, -0.0016785, , , , , , , 18.4389231, -0.0041962, , , , , , , 18.4389231, -0.0062104, , , , , , , 18.4389231, 0.0287022, , , , , , , , , , , , , , , , , , , , , , , , , , , , 
18.4394423, -0.0075532, , , , , , , 18.4394423, -0.005539, , , , , , , 18.4394423, -0.0048676, , , , , , , 18.4394423, 0.0344091, , , , , , , , , , , , , , , , , , , , , , , , , , , , 
18.4399615, -0.0109102, , , , , , , 18.4399615, -0.0058747, , , , , , , 18.4399615, -0.0031891, , , , , , , 18.4399615, 0.0391089, , , , , , , , , , , , , , , , , , , , , , , , , , , , 
18.4404808, -0.0112459, , , , , , , 18.4404808, -0.005539, , , , , , , 18.4404808, -0.002182, , , , , , , 18.4404808, 0.0417945, , , , , , , , , , , , , , , , , , , , , , , , , , , , 
18.441, -0.0109102, , , , , , , 18.441, -0.0065461, , , , , , , 18.441, -0.0010071, , , , , , , 18.441, 0.0428016, , , , , , , , , , , , , , , , , , , , , , , , , , , , 
18.4415192, -0.0112459, , , , , , , 18.4415192, -0.0068818, , , , , , , 18.4415192, -0.0018463, , , , , , , 18.4415192, 0.0417945, , , , , , , , , , , , , , , , , , , , , , , , , , , , 
18.4420385, -0.008896, , , , , , , 18.4420385, -0.0083925, , , , , , , 18.4420385, -0.0031891, , , , , , , 18.4420385, 0.0386053, , , , , , , , , , , , , , , , , , , , , , , , , , , , 
18.4425577, -0.0028534, , , , , , , 18.4425577, -0.0095674, , , , , , , 18.4425577, -0.0038605, , , , , , , 18.4425577, 0.033402, , , , , , , , , , , , , , , , , , , , , , , , , , , , 
18.4430769, 0.0065461, , , , , , , 18.4430769, -0.0085603, , , , , , , 18.4430769, -0.0048676, , , , , , , 18.4430769, 0.0290379, , , , , , , , , , , , , , , , , , , , , , , , , , , , 
18.4435962, 0.0109102, , , , , , , 18.4435962, -0.0075532, , , , , , , 18.4435962, -0.0063783, , , , , , , 18.4435962, 0.0276951, , , , , , , , , , , , , , , , , , , , , , , , , , , , 
18.4441154, 0.0119173, , , , , , , 18.4441154, -0.0082246, , , , , , , 18.4441154, -0.0075532, , , , , , , 18.4441154, 0.026688, , , , , , , , , , , , , , , , , , , , , , , , , , , , 
18.4446346, 0.01561, , , , , , , 18.4446346, -0.0097353, , , , , , , 18.4446346, -0.0070497, , , , , , , 18.4446346, 0.0246738, , , , , , , , , , , , , , , , , , , , , , , , , , , , 
18.4451538, 0.0199741, , , , , , , 18.4451538, -0.0090639, , , , , , , 18.4451538, -0.005539, , , , , , , 18.4451538, 0.0219883, , , , , , , , , , , , , , , , , , , , , , , , , , , , 
18.4456731, 0.0208133, , , , , , , 18.4456731, -0.0068818, , , , , , , 18.4456731, -0.005539, , , , , , , 18.4456731, 0.0176242, , , , , , , , , , , , , , , , , , , , , , , , , , , , 
18.4461923, 0.0152743, , , , , , , 18.4461923, -0.0065461, , , , , , , 18.4461923, -0.0068818, , , , , , , 18.4461923, 0.0139315, , , , , , , , , , , , , , , , , , , , , , , , , , , , 
18.4467115, 0.0125887, , , , , , , 18.4467115, -0.0082246, , , , , , , 18.4467115, -0.0075532, , , , , , , 18.4467115, 0.0125887, , , , , , , , , , , , , , , , , , , , , , , , , , , , 
18.4472308, 0.0159457, , , , , , , 18.4472308, -0.008896, , , , , , , 18.4472308, -0.0087282, , , , , , , 18.4472308, 0.0132601, , , , , , , , , , , , , , , , , , , , , , , , , , , , 
18.44775, 0.0179599, , , , , , , 18.44775, -0.008896, , , , , , , 18.44775, -0.0105745, , , , , , , 18.44775, 0.0152743, , , , , , , , , , , , , , , , , , , , , , , , , , , , 
18.4482692, 0.0193027, , , , , , , 18.4482692, -0.008896, , , , , , , 18.4482692, -0.0109102, , , , , , , 18.4482692, 0.0162814, , , , , , , , , , , , , , , , , , , , , , , , , , , , 
18.4487885, 0.021149, , , , , , , 18.4487885, -0.0092317, , , , , , , 18.4487885, -0.0102388, , , , , , , 18.4487885, 0.012253, , , , , , , , , , , , , , , , , , , , , , , , , , , , 
18.4493077, 0.0171206, , , , , , , 18.4493077, -0.0095674, , , , , , , 18.4493077, -0.0097353, , , , , , , 18.4493077, 0.0078889, , , , , , , , , , , , , , , , , , , , , , , , , , , , 
18.4498269, 0.0149386, , , , , , , 18.4498269, -0.0095674, , , , , , , 18.4498269, -0.0072175, , , , , , , 18.4498269, 0.0073854, , , , , , , , , , , , , , , , , , , , , , , , , , , , 
18.4503462, 0.0137636, , , , , , , 18.4503462, -0.008896, , , , , , , 18.4503462, -0.0068818, , , , , , , 18.4503462, 0.0075532, , , , , , , , , , , , , , , , , , , , , , , , , , , , 
18.4508654, 0.0139315, , , , , , , 18.4508654, -0.0073854, , , , , , , 18.4508654, -0.008896, , , , , , , 18.4508654, 0.0078889, , , , , , , , , , , , , , , , , , , , , , , , , , , , 
18.4513846, 0.0140993, , , , , , , 18.4513846, -0.0058747, , , , , , , 18.4513846, -0.0095674, , , , , , , 18.4513846, 0.0065461, , , , , , , , , , , , , , , , , , , , , , , , , , , , 
18.4519038, 0.0149386, , , , , , , 18.4519038, -0.0065461, , , , , , , 18.4519038, -0.0092317, , , , , , , 18.4519038, 0.0008392, , , , , , , , , , , , , , , , , , , , , , , , , , , , 
18.4524231, 0.0164492, , , , , , , 18.4524231, -0.0072175, , , , , , , 18.4524231, -0.0109102, , , , , , , 18.4524231, -0.0038605, , , , , , , , , , , , , , , , , , , , , , , , , , , , 
18.4529423, 0.0152743, , , , , , , 18.4529423, -0.0075532, , , , , , , 18.4529423, -0.0115816, , , , , , , 18.4529423, -0.0050355, , , , , , , , , , , , , , , , , , , , , , , , , , , , 
18.4534615, 0.0140993, , , , , , , 18.4534615, -0.0072175, , , , , , , 18.4534615, -0.0099031, , , , , , , 18.4534615, -0.0057069, , , , , , , , , , , , , , , , , , , , , , , , , , , , 
18.4539808, 0.0206455, , , , , , , 18.4539808, -0.0072175, , , , , , , 18.4539808, -0.0109102, , , , , , , 18.4539808, -0.008896, , , , , , , , , , , , , , , , , , , , , , , , , , , , 
18.4545, 0.0276951, , , , , , , 18.4545, -0.0068818, , , , , , , 18.4545, -0.011078, , , , , , , 18.4545, -0.0109102, , , , , , , , , , , , , , , , , , , , , , , , , , , , 
18.4550192, 0.0253452, , , , , , , 18.4550192, -0.005539, , , , , , , 18.4550192, -0.008896, , , , , , , 18.4550192, -0.0082246, , , , , , , , , , , , , , , , , , , , , , , , , , , , 
18.4555385, 0.0186313, , , , , , , 18.4555385, -0.0035248, , , , , , , 18.4555385, -0.0065461, , , , , , , 18.4555385, -0.0038605, , , , , , , , , , , , , , , , , , , , , , , , , , , , 
18.4560577, 0.0119173, , , , , , , 18.4560577, -0.005539, , , , , , , 18.4560577, -0.0062104, , , , , , , 18.4560577, 0.002182, , , , , , , , , , , , , , , , , , , , , , , , , , , , 
18.4565769, 0.0092317, , , , , , , 18.4565769, -0.0068818, , , , , , , 18.4565769, -0.0073854, , , , , , , 18.4565769, 0.0078889, , , , , , , , , , , , , , , , , , , , , , , , , , , , 
18.4570962, 0.0115816, , , , , , , 18.4570962, -0.0068818, , , , , , , 18.4570962, -0.0070497, , , , , , , 18.4570962, 0.012253, , , , , , , , , , , , , , , , , , , , , , , , , , , , 
18.4576154, 0.0124208, , , , , , , 18.4576154, -0.0068818, , , , , , , 18.4576154, -0.0068818, , , , , , , 18.4576154, 0.0162814, , , , , , , , , , , , , , , , , , , , , , , , , , , , 
18.4581346, 0.0087282, , , , , , , 18.4581346, -0.0058747, , , , , , , 18.4581346, -0.0063783, , , , , , , 18.4581346, 0.0229953, , , , , , , , , , , , , , , , , , , , , , , , , , , , 
18.4586538, 0.0023499, , , , , , , 18.4586538, -0.0068818, , , , , , , 18.4586538, -0.0046998, , , , , , , 18.4586538, 0.0297093, , , , , , , , , , , , , , , , , , , , , , , , , , , , 
18.4591731, -0.0015106, , , , , , , 18.4591731, -0.0068818, , , , , , , 18.4591731, -0.0031891, , , , , , , 18.4591731, 0.0313878, , , , , , , , , , , , , , , , , , , , , , , , , , , , 
18.4596923, -0.0011749, , , , , , , 18.4596923, -0.0063783, , , , , , , 18.4596923, -0.0031891, , , , , , , 18.4596923, 0.0325628, , , , , , , , , , , , , , , , , , , , , , , , , , , , 
18.4602115, -0.0041962, , , , , , , 18.4602115, -0.0075532, , , , , , , 18.4602115, -0.0041962, , , , , , , 18.4602115, 0.036759, , , , , , , , , , , , , , , , , , , , , , , , , , , , 
18.4607308, -0.0070497, , , , , , , 18.4607308, -0.0095674, , , , , , , 18.4607308, -0.005539, , , , , , , 18.4607308, 0.0412909, , , , , , , , , , , , , , , , , , , , , , , , , , , , 
18.46125, -0.0082246, , , , , , , 18.46125, -0.008896, , , , , , , 18.46125, -0.0058747, , , , , , , 18.46125, 0.0399481, , , , , , , , , , , , , , , , , , , , , , , , , , , , 
18.4617692, -0.0038605, , , , , , , 18.4617692, -0.0058747, , , , , , , 18.4617692, -0.0062104, , , , , , , 18.4617692, 0.0354162, , , , , , , , , , , , , , , , , , , , , , , , , , , , 
18.4622885, 0.0018463, , , , , , , 18.4622885, -0.0043641, , , , , , , 18.4622885, -0.0058747, , , , , , , 18.4622885, 0.0305486, , , , , , , , , , , , , , , , , , , , , , , , , , , , 
18.4628077, -0.0011749, , , , , , , 18.4628077, -0.005539, , , , , , , 18.4628077, -0.0041962, , , , , , , 18.4628077, 0.0260166, , , , , , , , , , , , , , , , , , , , , , , , , , , , 
18.4633269, -0.0008392, , , , , , , 18.4633269, -0.0068818, , , , , , , 18.4633269, -0.0028534, , , , , , , 18.4633269, 0.0240024, , , , , , , , , , , , , , , , , , , , , , , , , , , , 
18.4638462, 0.0065461, , , , , , , 18.4638462, -0.0068818, , , , , , , 18.4638462, -0.0031891, , , , , , , 18.4638462, 0.0209812, , , , , , , , , , , , , , , , , , , , , , , , , , , , 
18.4643654, 0.0132601, , , , , , , 18.4643654, -0.0072175, , , , , , , 18.4643654, -0.0041962, , , , , , , 18.4643654, 0.0159457, , , , , , , , , , , , , , , , , , , , , , , , , , , , 
18.4648846, 0.0182956, , , , , , , 18.4648846, -0.008896, , , , , , , 18.4648846, -0.0045319, , , , , , , 18.4648846, 0.0135958, , , , , , , , , , , , , , , , , , , , , , , , , , , , 
18.4654038, 0.0246738, , , , , , , 18.4654038, -0.0099031, , , , , , , 18.4654038, -0.0041962, , , , , , , 18.4654038, 0.0137636, , , , , , , , , , , , , , , , , , , , , , , , , , , , 
18.4659231, 0.0293736, , , , , , , 18.4659231, -0.0095674, , , , , , , 18.4659231, -0.0028534, , , , , , , 18.4659231, 0.0149386, , , , , , , , , , , , , , , , , , , , , , , , , , , , 
18.4664423, 0.0293736, , , , , , , 18.4664423, -0.0099031, , , , , , , 18.4664423, -0.0058747, , , , , , , 18.4664423, 0.0142672, , , , , , , , , , , , , , , , , , , , , , , , , , , , 
18.4669615, 0.0283665, , , , , , , 18.4669615, -0.0104067, , , , , , , 18.4669615, -0.0085603, , , , , , , 18.4669615, 0.0132601, , , , , , , , , , , , , , , , , , , , , , , , , , , , 
18.4674808, 0.026688, , , , , , , 18.4674808, -0.0109102, , , , , , , 18.4674808, -0.0092317, , , , , , , 18.4674808, 0.0146029, , , , , , , , , , , , , , , , , , , , , , , , , , , , 
18.468, 0.0250095, , , , , , , 18.468, -0.0099031, , , , , , , 18.468, -0.0083925, , , , , , , 18.468, 0.014435, , , , , , , , , , , , , , , , , , , , , , , , , , , , 
18.4685192, 0.0223239, , , , , , , 18.4685192, -0.0095674, , , , , , , 18.4685192, -0.0095674, , , , , , , 18.4685192, 0.0132601, , , , , , , , , , , , , , , , , , , , , , , , , , , , 
18.4690385, 0.0203098, , , , , , , 18.4690385, -0.0082246, , , , , , , 18.4690385, -0.0082246, , , , , , , 18.4690385, 0.0119173, , , , , , , , , , , , , , , , , , , , , , , , , , , , 
18.4695577, 0.0182956, , , , , , , 18.4695577, -0.0075532, , , , , , , 18.4695577, -0.0065461, , , , , , , 18.4695577, 0.0102388, , , , , , , , , , , , , , , , , , , , , , , , , , , , 
18.4700769, 0.0172885, , , , , , , 18.4700769, -0.0068818, , , , , , , 18.4700769, -0.0068818, , , , , , , 18.4700769, 0.0082246, , , , , , , , , , , , , , , , , , , , , , , , , , , , 
18.4705962, 0.0169528, , , , , , , 18.4705962, -0.0077211, , , , , , , 18.4705962, -0.008896, , , , , , , 18.4705962, 0.0078889, , , , , , , , , , , , , , , , , , , , , , , , , , , , 
18.4711154, 0.0159457, , , , , , , 18.4711154, -0.0102388, , , , , , , 18.4711154, -0.0090639, , , , , , , 18.4711154, 0.005539, , , , , , , , , , , , , , , , , , , , , , , , , , , , 
18.4716346, 0.0149386, , , , , , , 18.4716346, -0.012253, , , , , , , 18.4716346, -0.0092317, , , , , , , 18.4716346, 0.0005035, , , , , , , , , , , , , , , , , , , , , , , , , , , , 
18.4721538, 0.0196384, , , , , , , 18.4721538, -0.0135958, , , , , , , 18.4721538, -0.0095674, , , , , , , 18.4721538, -0.0058747, , , , , , , , , , , , , , , , , , , , , , , , , , , , 
18.4726731, 0.0260166, , , , , , , 18.4726731, -0.0130922, , , , , , , 18.4726731, -0.0109102, , , , , , , 18.4726731, -0.0105745, , , , , , , , , , , , , , , , , , , , , , , , , , , , 
18.4731923, 0.027863, , , , , , , 18.4731923, -0.011078, , , , , , , 18.4731923, -0.012253, , , , , , , 18.4731923, -0.0142672, , , , , , , , , , , , , , , , , , , , , , , , , , , , 
18.4737115, 0.0263523, , , , , , , 18.4737115, -0.0104067, , , , , , , 18.4737115, -0.0137636, , , , , , , 18.4737115, -0.01561, , , , , , , , , , , , , , , , , , , , , , , , , , , , 
18.4742308, 0.0276951, , , , , , , 18.4742308, -0.0104067, , , , , , , 18.4742308, -0.0149386, , , , , , , 18.4742308, -0.0179599, , , , , , , , , , , , , , , , , , , , , , , , , , , , 
18.47475, 0.0270237, , , , , , , 18.47475, -0.0099031, , , , , , , 18.47475, -0.0149386, , , , , , , 18.47475, -0.0203098, , , , , , , , , , , , , , , , , , , , , , , , , , , , 
18.4752692, 0.030045, , , , , , , 18.4752692, -0.0095674, , , , , , , 18.4752692, -0.0152743, , , , , , , 18.4752692, -0.0182956, , , , , , , , , , , , , , , , , , , , , , , , , , , , 
18.4757885, 0.0347448, , , , , , , 18.4757885, -0.0095674, , , , , , , 18.4757885, -0.01561, , , , , , , 18.4757885, -0.012253, , , , , , , , , , , , , , , , , , , , , , , , , , , , 
18.4763077, 0.0253452, , , , , , , 18.4763077, -0.0099031, , , , , , , 18.4763077, -0.0152743, , , , , , , 18.4763077, -0.0075532, , , , , , , , , , , , , , , , , , , , , , , , , , , , 
18.4768269, 0.0146029, , , , , , , 18.4768269, -0.010071, , , , , , , 18.4768269, -0.0139315, , , , , , , 18.4768269, -0.002182, , , , , , , , , , , , , , , , , , , , , , , , , , , , 
18.4773462, 0.0099031, , , , , , , 18.4773462, -0.0085603, , , , , , , 18.4773462, -0.0119173, , , , , , , 18.4773462, 0.0028534, , , , , , , , , , , , , , , , , , , , , , , , , , , , 
18.4778654, 0.0085603, , , , , , , 18.4778654, -0.0078889, , , , , , , 18.4778654, -0.0102388, , , , , , , 18.4778654, 0.0085603, , , , , , , , , , , , , , , , , , , , , , , , , , , , 
18.4783846, 0.002182, , , , , , , 18.4783846, -0.0075532, , , , , , , 18.4783846, -0.0077211, , , , , , , 18.4783846, 0.0172885, , , , , , , , , , , , , , , , , , , , , , , , , , , , 
18.4789038, -0.0018463, , , , , , , 18.4789038, -0.0075532, , , , , , , 18.4789038, -0.0062104, , , , , , , 18.4789038, 0.0253452, , , , , , , , , , , , , , , , , , , , , , , , , , , , 
18.4794231, -0.005539, , , , , , , 18.4794231, -0.0092317, , , , , , , 18.4794231, -0.0057069, , , , , , , 18.4794231, 0.0313878, , , , , , , , , , , , , , , , , , , , , , , , , , , , 
18.4799423, -0.0075532, , , , , , , 18.4799423, -0.0102388, , , , , , , 18.4799423, -0.0058747, , , , , , , 18.4799423, 0.0377661, , , , , , , , , , , , , , , , , , , , , , , , , , , , 
18.4804615, -0.0048676, , , , , , , 18.4804615, -0.0090639, , , , , , , 18.4804615, -0.0048676, , , , , , , 18.4804615, 0.0414588, , , , , , , , , , , , , , , , , , , , , , , , , , , , 
18.4809808, -0.0058747, , , , , , , 18.4809808, -0.0090639, , , , , , , 18.4809808, -0.0030213, , , , , , , 18.4809808, 0.0412909, , , , , , , , , , , , , , , , , , , , , , , , , , , , 
18.4815, -0.0078889, , , , , , , 18.4815, -0.0104067, , , , , , , 18.4815, -0.0003357, , , , , , , 18.4815, 0.040116, , , , , , , , , , , , , , , , , , , , , , , , , , , , 
18.4820192, -0.0082246, , , , , , , 18.4820192, -0.0109102, , , , , , , 18.4820192, 0.0011749, , , , , , , 18.4820192, 0.0364233, , , , , , , , , , , , , , , , , , , , , , , , , , , , 
18.4825385, -0.0031891, , , , , , , 18.4825385, -0.0099031, , , , , , , 18.4825385, 0.0005035, , , , , , , 18.4825385, 0.0330663, , , , , , , , , , , , , , , , , , , , , , , , , , , , 
18.4830577, 0.0045319, , , , , , , 18.4830577, -0.0082246, , , , , , , 18.4830577, -0.0030213, , , , , , , 18.4830577, 0.0303807, , , , , , , , , , , , , , , , , , , , , , , , , , , , 
18.4835769, 0.0129244, , , , , , , 18.4835769, -0.0062104, , , , , , , 18.4835769, -0.0041962, , , , , , , 18.4835769, 0.026688, , , , , , , , , , , , , , , , , , , , , , , , , , , , 
18.4840962, 0.0132601, , , , , , , 18.4840962, -0.0065461, , , , , , , 18.4840962, -0.0048676, , , , , , , 18.4840962, 0.0224918, , , , , , , , , , , , , , , , , , , , , , , , , , , , 
18.4846154, 0.0105745, , , , , , , 18.4846154, -0.0062104, , , , , , , 18.4846154, -0.0062104, , , , , , , 18.4846154, 0.0184634, , , , , , , , , , , , , , , , , , , , , , , , , , , , 
18.4851346, 0.0146029, , , , , , , 18.4851346, -0.005539, , , , , , , 18.4851346, -0.0062104, , , , , , , 18.4851346, 0.0159457, , , , , , , , , , , , , , , , , , , , , , , , , , , , 
18.4856538, 0.0196384, , , , , , , 18.4856538, -0.0057069, , , , , , , 18.4856538, -0.0058747, , , , , , , 18.4856538, 0.0159457, , , , , , , , , , , , , , , , , , , , , , , , , , , , 
18.4861731, 0.0203098, , , , , , , 18.4861731, -0.005539, , , , , , , 18.4861731, -0.0085603, , , , , , , 18.4861731, 0.0146029, , , , , , , , , , , , , , , , , , , , , , , , , , , , 
18.4866923, 0.0206455, , , , , , , 18.4866923, -0.0041962, , , , , , , 18.4866923, -0.0102388, , , , , , , 18.4866923, 0.0132601, , , , , , , , , , , , , , , , , , , , , , , , , , , , 
18.4872115, 0.0240024, , , , , , , 18.4872115, -0.0038605, , , , , , , 18.4872115, -0.0075532, , , , , , , 18.4872115, 0.0130922, , , , , , , , , , , , , , , , , , , , , , , , , , , , 
18.4877308, 0.0253452, , , , , , , 18.4877308, -0.005539, , , , , , , 18.4877308, -0.0052033, , , , , , , 18.4877308, 0.0132601, , , , , , , , , , , , , , , , , , , , , , , , , , , , 
18.48825, 0.0240024, , , , , , , 18.48825, -0.0065461, , , , , , , 18.48825, -0.0045319, , , , , , , 18.48825, 0.0117494, , , , , , , , , , , , , , , , , , , , , , , , , , , , 
18.4887692, 0.0206455, , , , , , , 18.4887692, -0.0068818, , , , , , , 18.4887692, -0.0050355, , , , , , , 18.4887692, 0.0085603, , , , , , , , , , , , , , , , , , , , , , , , , , , , 
18.4892885, 0.0196384, , , , , , , 18.4892885, -0.0048676, , , , , , , 18.4892885, -0.0068818, , , , , , , 18.4892885, 0.0072175, , , , , , , , , , , , , , , , , , , , , , , , , , , , 
18.4898077, 0.0166171, , , , , , , 18.4898077, -0.0038605, , , , , , , 18.4898077, -0.008896, , , , , , , 18.4898077, 0.0075532, , , , , , , , , , , , , , , , , , , , , , , , , , , , 
18.4903269, 0.0125887, , , , , , , 18.4903269, -0.0062104, , , , , , , 18.4903269, -0.008896, , , , , , , 18.4903269, 0.0099031, , , , , , , , , , , , , , , , , , , , , , , , , , , , 
18.4908462, 0.0124208, , , , , , , 18.4908462, -0.008896, , , , , , , 18.4908462, -0.0095674, , , , , , , 18.4908462, 0.0105745, , , , , , , , , , , , , , , , , , , , , , , , , , , , 
18.4913654, 0.0162814, , , , , , , 18.4913654, -0.0092317, , , , , , , 18.4913654, -0.0109102, , , , , , , 18.4913654, 0.0057069, , , , , , , , , , , , , , , , , , , , , , , , , , , , 
18.4918846, 0.0216526, , , , , , , 18.4918846, -0.0082246, , , , , , , 18.4918846, -0.0119173, , , , , , , 18.4918846, -0.0028534, , , , , , , , , , , , , , , , , , , , , , , , , , , , 
18.4924038, 0.0243381, , , , , , , 18.4924038, -0.0063783, , , , , , , 18.4924038, -0.012253, , , , , , , 18.4924038, -0.0082246, , , , , , , , , , , , , , , , , , , , , , , , , , , , 
18.4929231, 0.026688, , , , , , , 18.4929231, -0.005539, , , , , , , 18.4929231, -0.0115816, , , , , , , 18.4929231, -0.0092317, , , , , , , , , , , , , , , , , , , , , , , , , , , , 
18.4934423, 0.0290379, , , , , , , 18.4934423, -0.0068818, , , , , , , 18.4934423, -0.0132601, , , , , , , 18.4934423, -0.0085603, , , , , , , , , , , , , , , , , , , , , , , , , , , , 
18.4939615, 0.026688, , , , , , , 18.4939615, -0.0077211, , , , , , , 18.4939615, -0.0129244, , , , , , , 18.4939615, -0.0068818, , , , , , , , , , , , , , , , , , , , , , , , , , , , 
18.4944808, 0.023331, , , , , , , 18.4944808, -0.008896, , , , , , , 18.4944808, -0.0115816, , , , , , , 18.4944808, -0.0048676, , , , , , , , , , , , , , , , , , , , , , , , , , , , 
18.495, 0.023331, , , , , , , 18.495, -0.008896, , , , , , , 18.495, -0.0109102, , , , , , , 18.495, -0.0035248, , , , , , , , , , , , , , , , , , , , , , , , , , , , 
18.4955192, 0.0218204, , , , , , , 18.4955192, -0.0072175, , , , , , , 18.4955192, -0.0095674, , , , , , , 18.4955192, 0.0006714, , , , , , , , , , , , , , , , , , , , , , , , , , , , 
18.4960385, 0.0162814, , , , , , , 18.4960385, -0.0060426, , , , , , , 18.4960385, -0.008896, , , , , , , 18.4960385, 0.0075532, , , , , , , , , , , , , , , , , , , , , , , , , , , , 
18.4965577, 0.0097353, , , , , , , 18.4965577, -0.0062104, , , , , , , 18.4965577, -0.0099031, , , , , , , 18.4965577, 0.0112459, , , , , , , , , , , , , , , , , , , , , , , , , , , , 
18.4970769, 0.0038605, , , , , , , 18.4970769, -0.0083925, , , , , , , 18.4970769, -0.0092317, , , , , , , 18.4970769, 0.0132601, , , , , , , , , , , , , , , , , , , , , , , , , , , , 
18.4975962, -0.0008392, , , , , , , 18.4975962, -0.0090639, , , , , , , 18.4975962, -0.0075532, , , , , , , 18.4975962, 0.0157778, , , , , , , , , , , , , , , , , , , , , , , , , , , , 
18.4981154, -0.0025177, , , , , , , 18.4981154, -0.0095674, , , , , , , 18.4981154, -0.0041962, , , , , , , 18.4981154, 0.0218204, , , , , , , , , , , , , , , , , , , , , , , , , , , , 
18.4986346, -0.002182, , , , , , , 18.4986346, -0.0109102, , , , , , , 18.4986346, -0.0028534, , , , , , , 18.4986346, 0.0276951, , , , , , , , , , , , , , , , , , , , , , , , , , , , 
18.4991538, -0.0028534, , , , , , , 18.4991538, -0.0092317, , , , , , , 18.4991538, -0.0028534, , , , , , , 18.4991538, 0.0293736, , , , , , , , , , , , , , , , , , , , , , , , , , , , 
18.4996731, -0.0050355, , , , , , , 18.4996731, -0.0082246, , , , , , , 18.4996731, -0.0048676, , , , , , , 18.4996731, 0.0283665, , , , , , , , , , , , , , , , , , , , , , , , , , , , 
18.5001923, -0.0068818, , , , , , , 18.5001923, -0.008896, , , , , , , 18.5001923, -0.0065461, , , , , , , 18.5001923, 0.0292058, , , , , , , , , , , , , , , , , , , , , , , , , , , , 
18.5007115, -0.0075532, , , , , , , 18.5007115, -0.0102388, , , , , , , 18.5007115, -0.0041962, , , , , , , 18.5007115, 0.0330663, , , , , , , , , , , , , , , , , , , , , , , , , , , , 
18.5012308, -0.0078889, , , , , , , 18.5012308, -0.0095674, , , , , , , 18.5012308, -0.0035248, , , , , , , 18.5012308, 0.0345769, , , , , , , , , , , , , , , , , , , , , , , , , , , , 
18.50175, -0.0075532, , , , , , , 18.50175, -0.0068818, , , , , , , 18.50175, -0.0065461, , , , , , , 18.50175, 0.0307164, , , , , , , , , , , , , , , , , , , , , , , , , , , , 
18.5022692, -0.0028534, , , , , , , 18.5022692, -0.0052033, , , , , , , 18.5022692, -0.0068818, , , , , , , 18.5022692, 0.0240024, , , , , , , , , , , , , , , , , , , , , , , , , , , , 
18.5027885, 0.0068818, , , , , , , 18.5027885, -0.005539, , , , , , , 18.5027885, -0.0048676, , , , , , , 18.5027885, 0.0176242, , , , , , , , , , , , , , , , , , , , , , , , , , , , 
18.5033077, 0.0099031, , , , , , , 18.5033077, -0.0078889, , , , , , , 18.5033077, -0.0041962, , , , , , , 18.5033077, 0.0129244, , , , , , , , , , , , , , , , , , , , , , , , , , , , 
18.5038269, 0.0099031, , , , , , , 18.5038269, -0.0082246, , , , , , , 18.5038269, -0.0060426, , , , , , , 18.5038269, 0.0097353, , , , , , , , , , , , , , , , , , , , , , , , , , , , 
18.5043462, 0.0149386, , , , , , , 18.5043462, -0.0078889, , , , , , , 18.5043462, -0.0068818, , , , , , , 18.5043462, 0.0085603, , , , , , , , , , , , , , , , , , , , , , , , , , , , 
18.5048654, 0.0209812, , , , , , , 18.5048654, -0.0083925, , , , , , , 18.5048654, -0.005539, , , , , , , 18.5048654, 0.0075532, , , , , , , , , , , , , , , , , , , , , , , , , , , , 
18.5053846, 0.026688, , , , , , , 18.5053846, -0.010071, , , , , , , 18.5053846, -0.0052033, , , , , , , 18.5053846, 0.0045319, , , , , , , , , , , , , , , , , , , , , , , , , , , , 
18.5059038, 0.0307164, , , , , , , 18.5059038, -0.0104067, , , , , , , 18.5059038, -0.0062104, , , , , , , 18.5059038, 0.0005035, , , , , , , , , , , , , , , , , , , , , , , , , , , , 
18.5064231, 0.0307164, , , , , , , 18.5064231, -0.0090639, , , , , , , 18.5064231, -0.0062104, , , , , , , 18.5064231, -0.0001678, , , , , , , , , , , , , , , , , , , , , , , , , , , , 
18.5069423, 0.0263523, , , , , , , 18.5069423, -0.0095674, , , , , , , 18.5069423, -0.0065461, , , , , , , 18.5069423, 0.002182, , , , , , , , , , , , , , , , , , , , , , , , , , , , 
18.5074615, 0.0213169, , , , , , , 18.5074615, -0.0102388, , , , , , , 18.5074615, -0.0065461, , , , , , , 18.5074615, 0.0025177, , , , , , , , , , , , , , , , , , , , , , , , , , , , 
18.5079808, 0.0176242, , , , , , , 18.5079808, -0.0090639, , , , , , , 18.5079808, -0.0085603, , , , , , , 18.5079808, -0.0005035, , , , , , , , , , , , , , , , , , , , , , , , , , , , 
18.5085, 0.0186313, , , , , , , 18.5085, -0.0095674, , , , , , , 18.5085, -0.0109102, , , , , , , 18.5085, -0.0008392, , , , , , , , , , , , , , , , , , , , , , , , , , , , 
18.5090192, 0.0186313, , , , , , , 18.5090192, -0.0112459, , , , , , , 18.5090192, -0.0109102, , , , , , , 18.5090192, 0.0028534, , , , , , , , , , , , , , , , , , , , , , , , , , , , 
18.5095385, 0.0151064, , , , , , , 18.5095385, -0.0109102, , , , , , , 18.5095385, -0.0082246, , , , , , , 18.5095385, 0.0035248, , , , , , , , , , , , , , , , , , , , , , , , , , , , 
18.5100577, 0.0102388, , , , , , , 18.5100577, -0.008896, , , , , , , 18.5100577, -0.0063783, , , , , , , 18.5100577, 0.0018463, , , , , , , , , , , , , , , , , , , , , , , , , , , , 
18.5105769, 0.0085603, , , , , , , 18.5105769, -0.0068818, , , , , , , 18.5105769, -0.0062104, , , , , , , 18.5105769, 0.0018463, , , , , , , , , , , , , , , , , , , , , , , , , , , , 
18.5110962, 0.0099031, , , , , , , 18.5110962, -0.0052033, , , , , , , 18.5110962, -0.0068818, , , , , , , 18.5110962, 0.0048676, , , , , , , , , , , , , , , , , , , , , , , , , , , , 
18.5116154, 0.0139315, , , , , , , 18.5116154, -0.0062104, , , , , , , 18.5116154, -0.0082246, , , , , , , 18.5116154, 0.0038605, , , , , , , , , , , , , , , , , , , , , , , , , , , , 
18.5121346, 0.0193027, , , , , , , 18.5121346, -0.008896, , , , , , , 18.5121346, -0.0104067, , , , , , , 18.5121346, -0.0015106, , , , , , , , , , , , , , , , , , , , , , , , , , , , 
18.5126538, 0.026688, , , , , , , 18.5126538, -0.0105745, , , , , , , 18.5126538, -0.0117494, , , , , , , 18.5126538, -0.0025177, , , , , , , , , , , , , , , , , , , , , , , , , , , , 
18.5131731, 0.0330663, , , , , , , 18.5131731, -0.0099031, , , , , , , 18.5131731, -0.0112459, , , , , , , 18.5131731, -0.0011749, , , , , , , , , , , , , , , , , , , , , , , , , , , , 
18.5136923, 0.0394446, , , , , , , 18.5136923, -0.008896, , , , , , , 18.5136923, -0.0095674, , , , , , , 18.5136923, -0.0031891, , , , , , , , , , , , , , , , , , , , , , , , , , , , 
18.5142115, 0.047837, , , , , , , 18.5142115, -0.0085603, , , , , , , 18.5142115, -0.0085603, , , , , , , 18.5142115, -0.0035248, , , , , , , , , , , , , , , , , , , , , , , , , , , , 
18.5147308, 0.0547189, , , , , , , 18.5147308, -0.0092317, , , , , , , 18.5147308, -0.0082246, , , , , , , 18.5147308, -0.0001678, , , , , , , , , , , , , , , , , , , , , , , , , , , , 
18.51525, 0.0513619, , , , , , , 18.51525, -0.0085603, , , , , , , 18.51525, -0.0062104, , , , , , , 18.51525, 0.0038605, , , , , , , , , , , , , , , , , , , , , , , , , , , , 
18.5157692, 0.0387732, , , , , , , 18.5157692, -0.0085603, , , , , , , 18.5157692, -0.0041962, , , , , , , 18.5157692, 0.0092317, , , , , , , , , , , , , , , , , , , , , , , , , , , , 
18.5162885, 0.0287022, , , , , , , 18.5162885, -0.0078889, , , , , , , 18.5162885, -0.0025177, , , , , , , 18.5162885, 0.0112459, , , , , , , , , , , , , , , , , , , , , , , , , , , , 
18.5168077, 0.0172885, , , , , , , 18.5168077, -0.0068818, , , , , , , 18.5168077, -0.0036927, , , , , , , 18.5168077, 0.0142672, , , , , , , , , , , , , , , , , , , , , , , , , , , , 
18.5173269, 0.005539, , , , , , , 18.5173269, -0.0077211, , , , , , , 18.5173269, -0.0035248, , , , , , , 18.5173269, 0.0199741, , , , , , , , , , , , , , , , , , , , , , , , , , , , 
18.5178462, -0.0010071, , , , , , , 18.5178462, -0.0087282, , , , , , , 18.5178462, -0.0035248, , , , , , , 18.5178462, 0.0260166, , , , , , , , , , , , , , , , , , , , , , , , , , , , 
18.5183654, -0.0041962, , , , , , , 18.5183654, -0.0082246, , , , , , , 18.5183654, -0.0041962, , , , , , , 18.5183654, 0.0297093, , , , , , , , , , , , , , , , , , , , , , , , , , , , 
18.5188846, -0.005539, , , , , , , 18.5188846, -0.0065461, , , , , , , 18.5188846, -0.0041962, , , , , , , 18.5188846, 0.0310521, , , , , , , , , , , , , , , , , , , , , , , , , , , , 
18.5194038, -0.0048676, , , , , , , 18.5194038, -0.0078889, , , , , , , 18.5194038, -0.0041962, , , , , , , 18.5194038, 0.0323949, , , , , , , , , , , , , , , , , , , , , , , , , , , , 
18.5199231, -0.0036927, , , , , , , 18.5199231, -0.0102388, , , , , , , 18.5199231, -0.0035248, , , , , , , 18.5199231, 0.0350805, , , , , , , , , , , , , , , , , , , , , , , , , , , , 
18.5204423, -0.0028534, , , , , , , 18.5204423, -0.0109102, , , , , , , 18.5204423, -0.0015106, , , , , , , 18.5204423, 0.0360876, , , , , , , , , , , , , , , , , , , , , , , , , , , , 
18.5209615, 0.0005035, , , , , , , 18.5209615, -0.0095674, , , , , , , 18.5209615, -0.0008392, , , , , , , 18.5209615, 0.0370947, , , , , , , , , , , , , , , , , , , , , , , , , , , , 
18.5214808, 0.0036927, , , , , , , 18.5214808, -0.0082246, , , , , , , 18.5214808, -0.0018463, , , , , , , 18.5214808, 0.0364233, , , , , , , , , , , , , , , , , , , , , , , , , , , , 
18.522, 0.0082246, , , , , , , 18.522, -0.0062104, , , , , , , 18.522, -0.0035248, , , , , , , 18.522, 0.0327306, , , , , , , , , , , , , , , , , , , , , , , , , , , , 
18.5225192, 0.0099031, , , , , , , 18.5225192, -0.0058747, , , , , , , 18.5225192, -0.0041962, , , , , , , 18.5225192, 0.0292058, , , , , , , , , , , , , , , , , , , , , , , , , , , , 
18.5230385, 0.0085603, , , , , , , 18.5230385, -0.0062104, , , , , , , 18.5230385, -0.0043641, , , , , , , 18.5230385, 0.0253452, , , , , , , , , , , , , , , , , , , , , , , , , , , , 
18.5235577, 0.0102388, , , , , , , 18.5235577, -0.0058747, , , , , , , 18.5235577, -0.0048676, , , , , , , 18.5235577, 0.0209812, , , , , , , , , , , , , , , , , , , , , , , , , , , , 
18.5240769, 0.0151064, , , , , , , 18.5240769, -0.0045319, , , , , , , 18.5240769, -0.005539, , , , , , , 18.5240769, 0.0171206, , , , , , , , , , , , , , , , , , , , , , , , , , , , 
18.5245962, 0.0162814, , , , , , , 18.5245962, -0.0035248, , , , , , , 18.5245962, -0.0075532, , , , , , , 18.5245962, 0.0135958, , , , , , , , , , , , , , , , , , , , , , , , , , , , 
18.5251154, 0.0132601, , , , , , , 18.5251154, -0.0048676, , , , , , , 18.5251154, -0.0085603, , , , , , , 18.5251154, 0.0119173, , , , , , , , , , , , , , , , , , , , , , , , , , , , 
18.5256346, 0.0109102, , , , , , , 18.5256346, -0.0062104, , , , , , , 18.5256346, -0.0068818, , , , , , , 18.5256346, 0.0125887, , , , , , , , , , , , , , , , , , , , , , , , , , , , 
18.5261538, 0.011078, , , , , , , 18.5261538, -0.0062104, , , , , , , 18.5261538, -0.0048676, , , , , , , 18.5261538, 0.0135958, , , , , , , , , , , , , , , , , , , , , , , , , , , , 
18.5266731, 0.0132601, , , , , , , 18.5266731, -0.0048676, , , , , , , 18.5266731, -0.0038605, , , , , , , 18.5266731, 0.0119173, , , , , , , , , , , , , , , , , , , , , , , , , , , , 
18.5271923, 0.0146029, , , , , , , 18.5271923, -0.0035248, , , , , , , 18.5271923, -0.0062104, , , , , , , 18.5271923, 0.0090639, , , , , , , , , , , , , , , , , , , , , , , , , , , , 
18.5277115, 0.0132601, , , , , , , 18.5277115, -0.0043641, , , , , , , 18.5277115, -0.0105745, , , , , , , 18.5277115, 0.0097353, , , , , , , , , , , , , , , , , , , , , , , , , , , , 
18.5282308, 0.012253, , , , , , , 18.5282308, -0.0062104, , , , , , , 18.5282308, -0.012253, , , , , , , 18.5282308, 0.012253, , , , , , , , , , , , , , , , , , , , , , , , , , , , 
18.52875, 0.0132601, , , , , , , 18.52875, -0.0072175, , , , , , , 18.52875, -0.0109102, , , , , , , 18.52875, 0.0119173, , , , , , , , , , , , , , , , , , , , , , , , , , , , 
18.5292692, 0.0166171, , , , , , , 18.5292692, -0.0082246, , , , , , , 18.5292692, -0.0092317, , , , , , , 18.5292692, 0.0105745, , , , , , , , , , , , , , , , , , , , , , , , , , , , 
18.5297885, 0.0213169, , , , , , , 18.5297885, -0.0102388, , , , , , , 18.5297885, -0.008896, , , , , , , 18.5297885, 0.0092317, , , , , , , , , , , , , , , , , , , , , , , , , , , , 
18.5303077, 0.0193027, , , , , , , 18.5303077, -0.0115816, , , , , , , 18.5303077, -0.0102388, , , , , , , 18.5303077, 0.0104067, , , , , , , , , , , , , , , , , , , , , , , , , , , , 
18.5308269, 0.0172885, , , , , , , 18.5308269, -0.0099031, , , , , , , 18.5308269, -0.0109102, , , , , , , 18.5308269, 0.0109102, , , , , , , , , , , , , , , , , , , , , , , , , , , , 
18.5313462, 0.0184634, , , , , , , 18.5313462, -0.0068818, , , , , , , 18.5313462, -0.0105745, , , , , , , 18.5313462, 0.0070497, , , , , , , , , , , , , , , , , , , , , , , , , , , , 
18.5318654, 0.0179599, , , , , , , 18.5318654, -0.0052033, , , , , , , 18.5318654, -0.0099031, , , , , , , 18.5318654, 0.0018463, , , , , , , , , , , , , , , , , , , , , , , , , , , , 
18.5323846, 0.01561, , , , , , , 18.5323846, -0.0048676, , , , , , , 18.5323846, -0.0092317, , , , , , , 18.5323846, -0.0011749, , , , , , , , , , , , , , , , , , , , , , , , , , , , 
18.5329038, 0.0169528, , , , , , , 18.5329038, -0.005539, , , , , , , 18.5329038, -0.0104067, , , , , , , 18.5329038, -0.0041962, , , , , , , , , , , , , , , , , , , , , , , , , , , , 
18.5334231, 0.0199741, , , , , , , 18.5334231, -0.0068818, , , , , , , 18.5334231, -0.0124208, , , , , , , 18.5334231, -0.0085603, , , , , , , , , , , , , , , , , , , , , , , , , , , , 
18.5339423, 0.0236667, , , , , , , 18.5339423, -0.0078889, , , , , , , 18.5339423, -0.0139315, , , , , , , 18.5339423, -0.010071, , , , , , , , , , , , , , , , , , , , , , , , , , , , 
18.5344615, 0.0246738, , , , , , , 18.5344615, -0.0090639, , , , , , , 18.5344615, -0.0149386, , , , , , , 18.5344615, -0.0078889, , , , , , , , , , , , , , , , , , , , , , , , , , , , 
18.5349808, 0.0224918, , , , , , , 18.5349808, -0.0104067, , , , , , , 18.5349808, -0.0162814, , , , , , , 18.5349808, -0.0048676, , , , , , , , , , , , , , , , , , , , , , , , , , , , 
18.5355, 0.0203098, , , , , , , 18.5355, -0.0085603, , , , , , , 18.5355, -0.0166171, , , , , , , 18.5355, 0.0006714, , , , , , , , , , , , , , , , , , , , , , , , , , , , 
18.5360192, 0.0223239, , , , , , , 18.5360192, -0.0082246, , , , , , , 18.5360192, -0.0169528, , , , , , , 18.5360192, 0.0065461, , , , , , , , , , , , , , , , , , , , , , , , , , , , 
18.5365385, 0.0240024, , , , , , , 18.5365385, -0.0083925, , , , , , , 18.5365385, -0.0154421, , , , , , , 18.5365385, 0.0105745, , , , , , , , , , , , , , , , , , , , , , , , , , , , 
18.5370577, 0.0226596, , , , , , , 18.5370577, -0.0082246, , , , , , , 18.5370577, -0.01561, , , , , , , 18.5370577, 0.0135958, , , , , , , , , , , , , , , , , , , , , , , , , , , , 
18.5375769, 0.0172885, , , , , , , 18.5375769, -0.0097353, , , , , , , 18.5375769, -0.0152743, , , , , , , 18.5375769, 0.0172885, , , , , , , , , , , , , , , , , , , , , , , , , , , , 
18.5380962, 0.0099031, , , , , , , 18.5380962, -0.0117494, , , , , , , 18.5380962, -0.0139315, , , , , , , 18.5380962, 0.023331, , , , , , , , , , , , , , , , , , , , , , , , , , , , 
18.5386154, 0.0043641, , , , , , , 18.5386154, -0.0112459, , , , , , , 18.5386154, -0.0115816, , , , , , , 18.5386154, 0.030045, , , , , , , , , , , , , , , , , , , , , , , , , , , , 
18.5391346, -0.0001678, , , , , , , 18.5391346, -0.0105745, , , , , , , 18.5391346, -0.0075532, , , , , , , 18.5391346, 0.0357519, , , , , , , , , , , , , , , , , , , , , , , , , , , , 
18.5396538, -0.0058747, , , , , , , 18.5396538, -0.0105745, , , , , , , 18.5396538, -0.0050355, , , , , , , 18.5396538, 0.0387732, , , , , , , , , , , , , , , , , , , , , , , , , , , , 
18.5401731, -0.0105745, , , , , , , 18.5401731, -0.0099031, , , , , , , 18.5401731, -0.0031891, , , , , , , 18.5401731, 0.0407874, , , , , , , , , , , , , , , , , , , , , , , , , , , , 
18.5406923, -0.0109102, , , , , , , 18.5406923, -0.0075532, , , , , , , 18.5406923, -0.0003357, , , , , , , 18.5406923, 0.0414588, , , , , , , , , , , , , , , , , , , , , , , , , , , , 
18.5412115, -0.0114137, , , , , , , 18.5412115, -0.0057069, , , , , , , 18.5412115, 0.0018463, , , , , , , 18.5412115, 0.0404517, , , , , , , , , , , , , , , , , , , , , , , , , , , , 
18.5417308, -0.0085603, , , , , , , 18.5417308, -0.0052033, , , , , , , 18.5417308, 0.0010071, , , , , , , 18.5417308, 0.0387732, , , , , , , , , , , , , , , , , , , , , , , , , , , , 
18.54225, 0.0015106, , , , , , , 18.54225, -0.0052033, , , , , , , 18.54225, 0.0001678, , , , , , , 18.54225, 0.0354162, , , , , , , , , , , , , , , , , , , , , , , , , , , , 
18.5427692, 0.0085603, , , , , , , 18.5427692, -0.0062104, , , , , , , 18.5427692, 0.0003357, , , , , , , 18.5427692, 0.030045, , , , , , , , , , , , , , , , , , , , , , , , , , , , 
18.5432885, 0.0112459, , , , , , , 18.5432885, -0.0075532, , , , , , , 18.5432885, -0.0016785, , , , , , , 18.5432885, 0.0238346, , , , , , , , , , , , , , , , , , , , , , , , , , , , 
18.5438077, 0.0092317, , , , , , , 18.5438077, -0.0070497, , , , , , , 18.5438077, -0.005539, , , , , , , 18.5438077, 0.0176242, , , , , , , , , , , , , , , , , , , , , , , , , , , , 
18.5443269, 0.0085603, , , , , , , 18.5443269, -0.0062104, , , , , , , 18.5443269, -0.0070497, , , , , , , 18.5443269, 0.0132601, , , , , , , , , , , , , , , , , , , , , , , , , , , , 
18.5448462, 0.0082246, , , , , , , 18.5448462, -0.0072175, , , , , , , 18.5448462, -0.0083925, , , , , , , 18.5448462, 0.0119173, , , , , , , , , , , , , , , , , , , , , , , , , , , , 
18.5453654, 0.0065461, , , , , , , 18.5453654, -0.0085603, , , , , , , 18.5453654, -0.0095674, , , , , , , 18.5453654, 0.0114137, , , , , , , , , , , , , , , , , , , , , , , , , , , , 
18.5458846, 0.0045319, , , , , , , 18.5458846, -0.008896, , , , , , , 18.5458846, -0.010071, , , , , , , 18.5458846, 0.0095674, , , , , , , , , , , , , , , , , , , , , , , , , , , , 
18.5464038, 0.0065461, , , , , , , 18.5464038, -0.0095674, , , , , , , 18.5464038, -0.0092317, , , , , , , 18.5464038, 0.0065461, , , , , , , , , , , , , , , , , , , , , , , , , , , , 
18.5469231, 0.008896, , , , , , , 18.5469231, -0.0102388, , , , , , , 18.5469231, -0.0070497, , , , , , , 18.5469231, 0.0052033, , , , , , , , , , , , , , , , , , , , , , , , , , , , 
18.5474423, 0.0085603, , , , , , , 18.5474423, -0.0095674, , , , , , , 18.5474423, -0.0072175, , , , , , , 18.5474423, 0.0038605, , , , , , , , , , , , , , , , , , , , , , , , , , , , 
18.5479615, 0.0062104, , , , , , , 18.5479615, -0.0095674, , , , , , , 18.5479615, -0.0075532, , , , , , , 18.5479615, 0.0011749, , , , , , , , , , , , , , , , , , , , , , , , , , , , 
18.5484808, 0.0048676, , , , , , , 18.5484808, -0.0092317, , , , , , , 18.5484808, -0.0072175, , , , , , , 18.5484808, 0.0001678, , , , , , , , , , , , , , , , , , , , , , , , , , , , 
18.549, 0.008896, , , , , , , 18.549, -0.0085603, , , , , , , 18.549, -0.0070497, , , , , , , 18.549, 0.0006714, , , , , , , , , , , , , , , , , , , , , , , , , , , , 
18.5495192, 0.0132601, , , , , , , 18.5495192, -0.0085603, , , , , , , 18.5495192, -0.0068818, , , , , , , 18.5495192, 0.0011749, , , , , , , , , , , , , , , , , , , , , , , , , , , , 
18.5500385, 0.0130922, , , , , , , 18.5500385, -0.0092317, , , , , , , 18.5500385, -0.0082246, , , , , , , 18.5500385, 0.0010071, , , , , , , , , , , , , , , , , , , , , , , , , , , , 
18.5505577, 0.0135958, , , , , , , 18.5505577, -0.0078889, , , , , , , 18.5505577, -0.0082246, , , , , , , 18.5505577, 0.0005035, , , , , , , , , , , , , , , , , , , , , , , , , , , , 
18.5510769, 0.0146029, , , , , , , 18.5510769, -0.0057069, , , , , , , 18.5510769, -0.0082246, , , , , , , 18.5510769, -0.0005035, , , , , , , , , , , , , , , , , , , , , , , , , , , , 
18.5515962, 0.0199741, , , , , , , 18.5515962, -0.0058747, , , , , , , 18.5515962, -0.0102388, , , , , , , 18.5515962, -0.0018463, , , , , , , , , , , , , , , , , , , , , , , , , , , , 
18.5521154, 0.0273594, , , , , , , 18.5521154, -0.0072175, , , , , , , 18.5521154, -0.0124208, , , , , , , 18.5521154, -0.005539, , , , , , , , , , , , , , , , , , , , , , , , , , , , 
18.5526346, 0.0313878, , , , , , , 18.5526346, -0.0085603, , , , , , , 18.5526346, -0.0129244, , , , , , , 18.5526346, -0.010071, , , , , , , , , , , , , , , , , , , , , , , , , , , , 
18.5531538, 0.0323949, , , , , , , 18.5531538, -0.0095674, , , , , , , 18.5531538, -0.012253, , , , , , , 18.5531538, -0.0125887, , , , , , , , , , , , , , , , , , , , , , , , , , , , 
18.5536731, 0.0330663, , , , , , , 18.5536731, -0.0115816, , , , , , , 18.5536731, -0.0097353, , , , , , , 18.5536731, -0.0130922, , , , , , , , , , , , , , , , , , , , , , , , , , , , 
18.5541923, 0.0290379, , , , , , , 18.5541923, -0.0109102, , , , , , , 18.5541923, -0.0095674, , , , , , , 18.5541923, -0.0125887, , , , , , , , , , , , , , , , , , , , , , , , , , , , 
18.5547115, 0.023331, , , , , , , 18.5547115, -0.0102388, , , , , , , 18.5547115, -0.012253, , , , , , , 18.5547115, -0.0105745, , , , , , , , , , , , , , , , , , , , , , , , , , , , 
18.5552308, 0.0226596, , , , , , , 18.5552308, -0.0085603, , , , , , , 18.5552308, -0.0125887, , , , , , , 18.5552308, -0.0062104, , , , , , , , , , , , , , , , , , , , , , , , , , , , 
18.55575, 0.0231632, , , , , , , 18.55575, -0.0095674, , , , , , , 18.55575, -0.0095674, , , , , , , 18.55575, 0.0015106, , , , , , , , , , , , , , , , , , , , , , , , , , , , 
18.5562692, 0.0226596, , , , , , , 18.5562692, -0.011078, , , , , , , 18.5562692, -0.0058747, , , , , , , 18.5562692, 0.0070497, , , , , , , , , , , , , , , , , , , , , , , , , , , , 
18.5567885, 0.0206455, , , , , , , 18.5567885, -0.0109102, , , , , , , 18.5567885, -0.0045319, , , , , , , 18.5567885, 0.0097353, , , , , , , , , , , , , , , , , , , , , , , , , , , , 
18.5573077, 0.0172885, , , , , , , 18.5573077, -0.0085603, , , , , , , 18.5573077, -0.0048676, , , , , , , 18.5573077, 0.0119173, , , , , , , , , , , , , , , , , , , , , , , , , , , , 
18.5578269, 0.0172885, , , , , , , 18.5578269, -0.0082246, , , , , , , 18.5578269, -0.0038605, , , , , , , 18.5578269, 0.0149386, , , , , , , , , , , , , , , , , , , , , , , , , , , , 
18.5583462, 0.0132601, , , , , , , 18.5583462, -0.0085603, , , , , , , 18.5583462, -0.0028534, , , , , , , 18.5583462, 0.0206455, , , , , , , , , , , , , , , , , , , , , , , , , , , , 
18.5588654, 0.0082246, , , , , , , 18.5588654, -0.0068818, , , , , , , 18.5588654, -0.0028534, , , , , , , 18.5588654, 0.027863, , , , , , , , , , , , , , , , , , , , , , , , , , , , 
18.5593846, 0.0023499, , , , , , , 18.5593846, -0.0048676, , , , , , , 18.5593846, -0.0041962, , , , , , , 18.5593846, 0.0320592, , , , , , , , , , , , , , , , , , , , , , , , , , , , 
18.5599038, -0.0015106, , , , , , , 18.5599038, -0.0043641, , , , , , , 18.5599038, -0.005539, , , , , , , 18.5599038, 0.0320592, , , , , , , , , , , , , , , , , , , , , , , , , , , , 
18.5604231, -0.0057069, , , , , , , 18.5604231, -0.0048676, , , , , , , 18.5604231, -0.0057069, , , , , , , 18.5604231, 0.0323949, , , , , , , , , , , , , , , , , , , , , , , , , , , , 
18.5609423, -0.0082246, , , , , , , 18.5609423, -0.005539, , , , , , , 18.5609423, -0.0062104, , , , , , , 18.5609423, 0.0354162, , , , , , , , , , , , , , , , , , , , , , , , , , , , 
18.5614615, -0.0072175, , , , , , , 18.5614615, -0.0068818, , , , , , , 18.5614615, -0.0065461, , , , , , , 18.5614615, 0.036759, , , , , , , , , , , , , , , , , , , , , , , , , , , , 
18.5619808, -0.005539, , , , , , , 18.5619808, -0.0075532, , , , , , , 18.5619808, -0.005539, , , , , , , 18.5619808, 0.0320592, , , , , , , , , , , , , , , , , , , , , , , , , , , , 
18.5625, -0.0015106, , , , , , , 18.5625, -0.0068818, , , , , , , 18.5625, -0.0025177, , , , , , , 18.5625, 0.0256809, , , , , , , , , , , , , , , , , , , , , , , , , , , , 
18.5630192, 0.0062104, , , , , , , 18.5630192, -0.0058747, , , , , , , 18.5630192, -0.002182, , , , , , , 18.5630192, 0.0226596, , , , , , , , , , , , , , , , , , , , , , , , , , , , 
18.5635385, 0.012253, , , , , , , 18.5635385, -0.005539, , , , , , , 18.5635385, -0.005539, , , , , , , 18.5635385, 0.0219883, , , , , , , , , , , , , , , , , , , , , , , , , , , , 
18.5640577, 0.0129244, , , , , , , 18.5640577, -0.0063783, , , , , , , 18.5640577, -0.0070497, , , , , , , 18.5640577, 0.0176242, , , , , , , , , , , , , , , , , , , , , , , , , , , , 
18.5645769, 0.0095674, , , , , , , 18.5645769, -0.0075532, , , , , , , 18.5645769, -0.0043641, , , , , , , 18.5645769, 0.0129244, , , , , , , , , , , , , , , , , , , , , , , , , , , , 
18.5650962, 0.0119173, , , , , , , 18.5650962, -0.0068818, , , , , , , 18.5650962, -0.0041962, , , , , , , 18.5650962, 0.0115816, , , , , , , , , , , , , , , , , , , , , , , , , , , , 
18.5656154, 0.018967, , , , , , , 18.5656154, -0.005539, , , , , , , 18.5656154, -0.0075532, , , , , , , 18.5656154, 0.0112459, , , , , , , , , , , , , , , , , , , , , , , , , , , , 
18.5661346, 0.0204776, , , , , , , 18.5661346, -0.0046998, , , , , , , 18.5661346, -0.008896, , , , , , , 18.5661346, 0.0112459, , , , , , , , , , , , , , , , , , , , , , , , , , , , 
18.5666538, 0.0182956, , , , , , , 18.5666538, -0.0048676, , , , , , , 18.5666538, -0.0068818, , , , , , , 18.5666538, 0.0105745, , , , , , , , , , , , , , , , , , , , , , , , , , , , 
18.5671731, 0.0213169, , , , , , , 18.5671731, -0.0052033, , , , , , , 18.5671731, -0.0068818, , , , , , , 18.5671731, 0.0102388, , , , , , , , , , , , , , , , , , , , , , , , , , , , 
18.5676923, 0.0280308, , , , , , , 18.5676923, -0.0062104, , , , , , , 18.5676923, -0.0092317, , , , , , , 18.5676923, 0.0092317, , , , , , , , , , , , , , , , , , , , , , , , , , , , 
18.5682115, 0.0307164, , , , , , , 18.5682115, -0.0065461, , , , , , , 18.5682115, -0.011078, , , , , , , 18.5682115, 0.0092317, , , , , , , , , , , , , , , , , , , , , , , , , , , , 
18.5687308, 0.030045, , , , , , , 18.5687308, -0.0065461, , , , , , , 18.5687308, -0.012253, , , , , , , 18.5687308, 0.0105745, , , , , , , , , , , , , , , , , , , , , , , , , , , , 
18.56925, 0.0320592, , , , , , , 18.56925, -0.0082246, , , , , , , 18.56925, -0.012253, , , , , , , 18.56925, 0.0119173, , , , , , , , , , , , , , , , , , , , , , , , , , , , 
18.5697692, 0.0327306, , , , , , , 18.5697692, -0.0083925, , , , , , , 18.5697692, -0.0099031, , , , , , , 18.5697692, 0.0129244, , , , , , , , , , , , , , , , , , , , , , , , , , , , 
18.5702885, 0.0315557, , , , , , , 18.5702885, -0.0070497, , , , , , , 18.5702885, -0.0077211, , , , , , , 18.5702885, 0.0119173, , , , , , , , , , , , , , , , , , , , , , , , , , , , 
18.5708077, 0.027863, , , , , , , 18.5708077, -0.0058747, , , , , , , 18.5708077, -0.0062104, , , , , , , 18.5708077, 0.0105745, , , , , , , , , , , , , , , , , , , , , , , , , , , , 
18.5713269, 0.0256809, , , , , , , 18.5713269, -0.008896, , , , , , , 18.5713269, -0.0077211, , , , , , , 18.5713269, 0.008896, , , , , , , , , , , , , , , , , , , , , , , , , , , , 
18.5718462, 0.0293736, , , , , , , 18.5718462, -0.0112459, , , , , , , 18.5718462, -0.008896, , , , , , , 18.5718462, 0.0030213, , , , , , , , , , , , , , , , , , , , , , , , , , , , 
18.5723654, 0.0340734, , , , , , , 18.5723654, -0.0102388, , , , , , , 18.5723654, -0.008896, , , , , , , 18.5723654, -0.0035248, , , , , , , , , , , , , , , , , , , , , , , , , , , , 
18.5728846, 0.0307164, , , , , , , 18.5728846, -0.0095674, , , , , , , 18.5728846, -0.0085603, , , , , , , 18.5728846, -0.0062104, , , , , , , , , , , , , , , , , , , , , , , , , , , , 
18.5734038, 0.0256809, , , , , , , 18.5734038, -0.0104067, , , , , , , 18.5734038, -0.0095674, , , , , , , 18.5734038, -0.0075532, , , , , , , , , , , , , , , , , , , , , , , , , , , , 
18.5739231, 0.0240024, , , , , , , 18.5739231, -0.0090639, , , , , , , 18.5739231, -0.0115816, , , , , , , 18.5739231, -0.0082246, , , , , , , , , , , , , , , , , , , , , , , , , , , , 
18.5744423, 0.0240024, , , , , , , 18.5744423, -0.0070497, , , , , , , 18.5744423, -0.0132601, , , , , , , 18.5744423, -0.0072175, , , , , , , , , , , , , , , , , , , , , , , , , , , , 
18.5749615, 0.0223239, , , , , , , 18.5749615, -0.0058747, , , , , , , 18.5749615, -0.0142672, , , , , , , 18.5749615, -0.0045319, , , , , , , , , , , , , , , , , , , , , , , , , , , , 
18.5754808, 0.0219883, , , , , , , 18.5754808, -0.0062104, , , , , , , 18.5754808, -0.0135958, , , , , , , 18.5754808, 0.0005035, , , , , , , , , , , , , , , , , , , , , , , , , , , , 
18.576, 0.0261845, , , , , , , 18.576, -0.0068818, , , , , , , 18.576, -0.0115816, , , , , , , 18.576, 0.0048676, , , , , , , , , , , , , , , , , , , , , , , , , , , , 
18.5765192, 0.0293736, , , , , , , 18.5765192, -0.0078889, , , , , , , 18.5765192, -0.012253, , , , , , , 18.5765192, 0.0085603, , , , , , , , , , , , , , , , , , , , , , , , , , , , 
18.5770385, 0.0293736, , , , , , , 18.5770385, -0.0068818, , , , , , , 18.5770385, -0.0117494, , , , , , , 18.5770385, 0.0135958, , , , , , , , , , , , , , , , , , , , , , , , , , , , 
18.5775577, 0.0238346, , , , , , , 18.5775577, -0.0058747, , , , , , , 18.5775577, -0.0099031, , , , , , , 18.5775577, 0.0166171, , , , , , , , , , , , , , , , , , , , , , , , , , , , 
18.5780769, 0.0099031, , , , , , , 18.5780769, -0.008896, , , , , , , 18.5780769, -0.0072175, , , , , , , 18.5780769, 0.0213169, , , , , , , , , , , , , , , , , , , , , , , , , , , , 
18.5785962, -0.0008392, , , , , , , 18.5785962, -0.0099031, , , , , , , 18.5785962, -0.0043641, , , , , , , 18.5785962, 0.0283665, , , , , , , , , , , , , , , , , , , , , , , , , , , , 
18.5791154, -0.0048676, , , , , , , 18.5791154, -0.0095674, , , , , , , 18.5791154, -0.0028534, , , , , , , 18.5791154, 0.0320592, , , , , , , , , , , , , , , , , , , , , , , , , , , , 
18.5796346, -0.0075532, , , , , , , 18.5796346, -0.0095674, , , , , , , 18.5796346, -0.0030213, , , , , , , 18.5796346, 0.0340734, , , , , , , , , , , , , , , , , , , , , , , , , , , , 
18.5801538, -0.0124208, , , , , , , 18.5801538, -0.0092317, , , , , , , 18.5801538, -0.0035248, , , , , , , 18.5801538, 0.0374304, , , , , , , , , , , , , , , , , , , , , , , , , , , , 
18.5806731, -0.0182956, , , , , , , 18.5806731, -0.008896, , , , , , , 18.5806731, -0.0041962, , , , , , , 18.5806731, 0.0407874, , , , , , , , , , , , , , , , , , , , , , , , , , , , 
18.5811923, -0.0199741, , , , , , , 18.5811923, -0.0085603, , , , , , , 18.5811923, -0.0050355, , , , , , , 18.5811923, 0.0404517, , , , , , , , , , , , , , , , , , , , , , , , , , , , 
18.5817115, -0.0196384, , , , , , , 18.5817115, -0.0068818, , , , , , , 18.5817115, -0.0048676, , , , , , , 18.5817115, 0.0370947, , , , , , , , , , , , , , , , , , , , , , , , , , , , 
18.5822308, -0.0193027, , , , , , , 18.5822308, -0.0073854, , , , , , , 18.5822308, -0.0038605, , , , , , , 18.5822308, 0.0337377, , , , , , , , , , , , , , , , , , , , , , , , , , , , 
18.58275, -0.0152743, , , , , , , 18.58275, -0.0099031, , , , , , , 18.58275, -0.0048676, , , , , , , 18.58275, 0.0292058, , , , , , , , , , , , , , , , , , , , , , , , , , , , 
18.5832692, -0.0092317, , , , , , , 18.5832692, -0.0104067, , , , , , , 18.5832692, -0.0072175, , , , , , , 18.5832692, 0.0260166, , , , , , , , , , , , , , , , , , , , , , , , , , , , 
18.5837885, -0.0016785, , , , , , , 18.5837885, -0.0099031, , , , , , , 18.5837885, -0.0077211, , , , , , , 18.5837885, 0.0218204, , , , , , , , , , , , , , , , , , , , , , , , , , , , 
18.5843077, 0.0062104, , , , , , , 18.5843077, -0.0082246, , , , , , , 18.5843077, -0.0068818, , , , , , , 18.5843077, 0.0169528, , , , , , , , , , , , , , , , , , , , , , , , , , , , 
18.5848269, 0.012253, , , , , , , 18.5848269, -0.0062104, , , , , , , 18.5848269, -0.0062104, , , , , , , 18.5848269, 0.0132601, , , , , , , , , , , , , , , , , , , , , , , , , , , , 
18.5853462, 0.0135958, , , , , , , 18.5853462, -0.0068818, , , , , , , 18.5853462, -0.0072175, , , , , , , 18.5853462, 0.0092317, , , , , , , , , , , , , , , , , , , , , , , , , , , , 
18.5858654, 0.0125887, , , , , , , 18.5858654, -0.0075532, , , , , , , 18.5858654, -0.0095674, , , , , , , 18.5858654, 0.0065461, , , , , , , , , , , , , , , , , , , , , , , , , , , , 
18.5863846, 0.0085603, , , , , , , 18.5863846, -0.0058747, , , , , , , 18.5863846, -0.008896, , , , , , , 18.5863846, 0.0058747, , , , , , , , , , , , , , , , , , , , , , , , , , , , 
18.5869038, 0.0065461, , , , , , , 18.5869038, -0.0041962, , , , , , , 18.5869038, -0.0078889, , , , , , , 18.5869038, 0.0045319, , , , , , , , , , , , , , , , , , , , , , , , , , , , 
18.5874231, 0.0075532, , , , , , , 18.5874231, -0.0031891, , , , , , , 18.5874231, -0.0070497, , , , , , , 18.5874231, 0.0028534, , , , , , , , , , , , , , , , , , , , , , , , , , , , 
18.5879423, 0.0099031, , , , , , , 18.5879423, -0.0041962, , , , , , , 18.5879423, -0.0065461, , , , , , , 18.5879423, 0.0011749, , , , , , , , , , , , , , , , , , , , , , , , , , , , 
18.5884615, 0.0119173, , , , , , , 18.5884615, -0.0062104, , , , , , , 18.5884615, -0.0065461, , , , , , , 18.5884615, 0.0003357, , , , , , , , , , , , , , , , , , , , , , , , , , , , 
18.5889808, 0.0139315, , , , , , , 18.5889808, -0.0095674, , , , , , , 18.5889808, -0.0070497, , , , , , , 18.5889808, 0.0008392, , , , , , , , , , , , , , , , , , , , , , , , , , , , 
18.5895, 0.0152743, , , , , , , 18.5895, -0.0109102, , , , , , , 18.5895, -0.0075532, , , , , , , 18.5895, 0.0018463, , , , , , , , , , , , , , , , , , , , , , , , , , , , 
18.5900192, 0.0191348, , , , , , , 18.5900192, -0.0104067, , , , , , , 18.5900192, -0.0075532, , , , , , , 18.5900192, 0.0016785, , , , , , , , , , , , , , , , , , , , , , , , , , , , 
18.5905385, 0.0221561, , , , , , , 18.5905385, -0.0099031, , , , , , , 18.5905385, -0.008896, , , , , , , 18.5905385, 0.0015106, , , , , , , , , , , , , , , , , , , , , , , , , , , , 
18.5910577, 0.0263523, , , , , , , 18.5910577, -0.0085603, , , , , , , 18.5910577, -0.0099031, , , , , , , 18.5910577, 0.0025177, , , , , , , , , , , , , , , , , , , , , , , , , , , , 
18.5915769, 0.0293736, , , , , , , 18.5915769, -0.0095674, , , , , , , 18.5915769, -0.0129244, , , , , , , 18.5915769, -0.0008392, , , , , , , , , , , , , , , , , , , , , , , , , , , , 
18.5920962, 0.0313878, , , , , , , 18.5920962, -0.0090639, , , , , , , 18.5920962, -0.0149386, , , , , , , 18.5920962, -0.005539, , , , , , , , , , , , , , , , , , , , , , , , , , , , 
18.5926154, 0.0313878, , , , , , , 18.5926154, -0.0072175, , , , , , , 18.5926154, -0.0124208, , , , , , , 18.5926154, -0.0082246, , , , , , , , , , , , , , , , , , , , , , , , , , , , 
18.5931346, 0.0305486, , , , , , , 18.5931346, -0.005539, , , , , , , 18.5931346, -0.0099031, , , , , , , 18.5931346, -0.0115816, , , , , , , , , , , , , , , , , , , , , , , , , , , , 
18.5936538, 0.0292058, , , , , , , 18.5936538, -0.005539, , , , , , , 18.5936538, -0.0102388, , , , , , , 18.5936538, -0.0135958, , , , , , , , , , , , , , , , , , , , , , , , , , , , 
18.5941731, 0.0293736, , , , , , , 18.5941731, -0.0062104, , , , , , , 18.5941731, -0.0099031, , , , , , , 18.5941731, -0.0115816, , , , , , , , , , , , , , , , , , , , , , , , , , , , 
18.5946923, 0.0313878, , , , , , , 18.5946923, -0.008896, , , , , , , 18.5946923, -0.0107424, , , , , , , 18.5946923, -0.0097353, , , , , , , , , , , , , , , , , , , , , , , , , , , , 
18.5952115, 0.0287022, , , , , , , 18.5952115, -0.0119173, , , , , , , 18.5952115, -0.012253, , , , , , , 18.5952115, -0.0041962, , , , , , , , , , , , , , , , , , , , , , , , , , , , 
18.5957308, 0.0231632, , , , , , , 18.5957308, -0.012253, , , , , , , 18.5957308, -0.012253, , , , , , , 18.5957308, 0.0031891, , , , , , , , , , , , , , , , , , , , , , , , , , , , 
18.59625, 0.0193027, , , , , , , 18.59625, -0.0115816, , , , , , , 18.59625, -0.0090639, , , , , , , 18.59625, 0.0077211, , , , , , , , , , , , , , , , , , , , , , , , , , , , 
18.5967692, 0.0182956, , , , , , , 18.5967692, -0.012253, , , , , , , 18.5967692, -0.0062104, , , , , , , 18.5967692, 0.0092317, , , , , , , , , , , , , , , , , , , , , , , , , , , , 
18.5972885, 0.017792, , , , , , , 18.5972885, -0.0112459, , , , , , , 18.5972885, -0.0085603, , , , , , , 18.5972885, 0.0105745, , , , , , , , , , , , , , , , , , , , , , , , , , , , 
18.5978077, 0.0112459, , , , , , , 18.5978077, -0.0105745, , , , , , , 18.5978077, -0.0102388, , , , , , , 18.5978077, 0.0139315, , , , , , , , , , , , , , , , , , , , , , , , , , , , 
18.5983269, 0.0052033, , , , , , , 18.5983269, -0.0105745, , , , , , , 18.5983269, -0.0104067, , , , , , , 18.5983269, 0.0199741, , , , , , , , , , , , , , , , , , , , , , , , , , , , 
18.5988462, 0.0016785, , , , , , , 18.5988462, -0.0099031, , , , , , , 18.5988462, -0.0078889, , , , , , , 18.5988462, 0.0276951, , , , , , , , , , , , , , , , , , , , , , , , , , , , 
18.5993654, -0.0008392, , , , , , , 18.5993654, -0.0087282, , , , , , , 18.5993654, -0.0070497, , , , , , , 18.5993654, 0.0330663, , , , , , , , , , , , , , , , , , , , , , , , , , , , 
18.5998846, -0.0016785, , , , , , , 18.5998846, -0.0068818, , , , , , , 18.5998846, -0.0075532, , , , , , , 18.5998846, 0.0374304, , , , , , , , , , , , , , , , , , , , , , , , , , , , 
18.6004038, -0.0048676, , , , , , , 18.6004038, -0.0078889, , , , , , , 18.6004038, -0.0068818, , , , , , , 18.6004038, 0.0414588, , , , , , , , , , , , , , , , , , , , , , , , , , , , 
18.6009231, -0.008896, , , , , , , 18.6009231, -0.0102388, , , , , , , 18.6009231, -0.0048676, , , , , , , 18.6009231, 0.0458228, , , , , , , , , , , , , , , , , , , , , , , , , , , , 
18.6014423, -0.0078889, , , , , , , 18.6014423, -0.008896, , , , , , , 18.6014423, -0.0031891, , , , , , , 18.6014423, 0.0433051, , , , , , , , , , , , , , , , , , , , , , , , , , , , 
18.6019615, -0.0015106, , , , , , , 18.6019615, -0.0075532, , , , , , , 18.6019615, -0.0031891, , , , , , , 18.6019615, 0.0347448, , , , , , , , , , , , , , , , , , , , , , , , , , , , 
18.6024808, 0.0023499, , , , , , , 18.6024808, -0.0099031, , , , , , , 18.6024808, -0.0028534, , , , , , , 18.6024808, 0.0290379, , , , , , , , , , , , , , , , , , , , , , , , , , , , 
18.603, 0.002182, , , , , , , 18.603, -0.0115816, , , , , , , 18.603, -0.002182, , , , , , , 18.603, 0.0265202, , , , , , , , , , , , , , , , , , , , , , , , , , , , 
18.6035192, 0.0025177, , , , , , , 18.6035192, -0.0117494, , , , , , , 18.6035192, -0.0011749, , , , , , , 18.6035192, 0.0219883, , , , , , , , , , , , , , , , , , , , , , , , , , , , 
18.6040385, 0.0058747, , , , , , , 18.6040385, -0.0109102, , , , , , , 18.6040385, -0.0025177, , , , , , , 18.6040385, 0.0186313, , , , , , , , , , , , , , , , , , , , , , , , , , , , 
18.6045577, 0.0132601, , , , , , , 18.6045577, -0.0095674, , , , , , , 18.6045577, -0.005539, , , , , , , 18.6045577, 0.0159457, , , , , , , , , , , , , , , , , , , , , , , , , , , , 
18.6050769, 0.0206455, , , , , , , 18.6050769, -0.0075532, , , , , , , 18.6050769, -0.0078889, , , , , , , 18.6050769, 0.0119173, , , , , , , , , , , , , , , , , , , , , , , , , , , , 
18.6055962, 0.0213169, , , , , , , 18.6055962, -0.0063783, , , , , , , 18.6055962, -0.0099031, , , , , , , 18.6055962, 0.0115816, , , , , , , , , , , , , , , , , , , , , , , , , , , , 
18.6061154, 0.0186313, , , , , , , 18.6061154, -0.0072175, , , , , , , 18.6061154, -0.0120851, , , , , , , 18.6061154, 0.0132601, , , , , , , , , , , , , , , , , , , , , , , , , , , , 
18.6066346, 0.0176242, , , , , , , 18.6066346, -0.0082246, , , , , , , 18.6066346, -0.0129244, , , , , , , 18.6066346, 0.0125887, , , , , , , , , , , , , , , , , , , , , , , , , , , , 
18.6071538, 0.0184634, , , , , , , 18.6071538, -0.0072175, , , , , , , 18.6071538, -0.0109102, , , , , , , 18.6071538, 0.0102388, , , , , , , , , , , , , , , , , , , , , , , , , , , , 
18.6076731, 0.0146029, , , , , , , 18.6076731, -0.0043641, , , , , , , 18.6076731, -0.0095674, , , , , , , 18.6076731, 0.0072175, , , , , , , , , , , , , , , , , , , , , , , , , , , , 
18.6081923, 0.0125887, , , , , , , 18.6081923, -0.0041962, , , , , , , 18.6081923, -0.008896, , , , , , , 18.6081923, 0.0072175, , , , , , , , , , , , , , , , , , , , , , , , , , , , 
18.6087115, 0.0159457, , , , , , , 18.6087115, -0.0041962, , , , , , , 18.6087115, -0.0075532, , , , , , , 18.6087115, 0.0092317, , , , , , , , , , , , , , , , , , , , , , , , , , , , 
18.6092308, 0.0179599, , , , , , , 18.6092308, -0.0048676, , , , , , , 18.6092308, -0.0082246, , , , , , , 18.6092308, 0.0112459, , , , , , , , , , , , , , , , , , , , , , , , , , , , 
18.60975, 0.0179599, , , , , , , 18.60975, -0.0075532, , , , , , , 18.60975, -0.0097353, , , , , , , 18.60975, 0.0112459, , , , , , , , , , , , , , , , , , , , , , , , , , , , 
18.6102692, 0.0193027, , , , , , , 18.6102692, -0.008896, , , , , , , 18.6102692, -0.0109102, , , , , , , 18.6102692, 0.0105745, , , , , , , , , , , , , , , , , , , , , , , , , , , , 
18.6107885, 0.0238346, , , , , , , 18.6107885, -0.0082246, , , , , , , 18.6107885, -0.008896, , , , , , , 18.6107885, 0.0102388, , , , , , , , , , , , , , , , , , , , , , , , , , , , 
18.6113077, 0.0263523, , , , , , , 18.6113077, -0.0062104, , , , , , , 18.6113077, -0.0063783, , , , , , , 18.6113077, 0.0090639, , , , , , , , , , , , , , , , , , , , , , , , , , , , 
18.6118269, 0.0290379, , , , , , , 18.6118269, -0.005539, , , , , , , 18.6118269, -0.0072175, , , , , , , 18.6118269, 0.0035248, , , , , , , , , , , , , , , , , , , , , , , , , , , , 
18.6123462, 0.0293736, , , , , , , 18.6123462, -0.005539, , , , , , , 18.6123462, -0.0085603, , , , , , , 18.6123462, -0.0025177, , , , , , , , , , , , , , , , , , , , , , , , , , , , 
18.6128654, 0.0320592, , , , , , , 18.6128654, -0.0048676, , , , , , , 18.6128654, -0.0095674, , , , , , , 18.6128654, -0.0043641, , , , , , , , , , , , , , , , , , , , , , , , , , , , 
18.6133846, 0.0381018, , , , , , , 18.6133846, -0.0052033, , , , , , , 18.6133846, -0.0102388, , , , , , , 18.6133846, -0.0050355, , , , , , , , , , , , , , , , , , , , , , , , , , , , 
18.6139038, 0.0387732, , , , , , , 18.6139038, -0.0057069, , , , , , , 18.6139038, -0.0097353, , , , , , , 18.6139038, -0.0082246, , , , , , , , , , , , , , , , , , , , , , , , , , , , 
18.6144231, 0.0320592, , , , , , , 18.6144231, -0.0062104, , , , , , , 18.6144231, -0.0092317, , , , , , , 18.6144231, -0.0085603, , , , , , , , , , , , , , , , , , , , , , , , , , , , 
18.6149423, 0.0253452, , , , , , , 18.6149423, -0.0063783, , , , , , , 18.6149423, -0.0083925, , , , , , , 18.6149423, -0.0082246, , , , , , , , , , , , , , , , , , , , , , , , , , , , 
18.6154615, 0.0213169, , , , , , , 18.6154615, -0.0068818, , , , , , , 18.6154615, -0.0082246, , , , , , , 18.6154615, -0.0050355, , , , , , , , , , , , , , , , , , , , , , , , , , , , 
18.6159808, 0.0152743, , , , , , , 18.6159808, -0.0068818, , , , , , , 18.6159808, -0.0082246, , , , , , , 18.6159808, 0.0015106, , , , , , , , , , , , , , , , , , , , , , , , , , , , 
18.6165, 0.0068818, , , , , , , 18.6165, -0.005539, , , , , , , 18.6165, -0.005539, , , , , , , 18.6165, 0.0045319, , , , , , , , , , , , , , , , , , , , , , , , , , , , 
18.6170192, 0.0005035, , , , , , , 18.6170192, -0.0068818, , , , , , , 18.6170192, -0.0035248, , , , , , , 18.6170192, 0.0062104, , , , , , , , , , , , , , , , , , , , , , , , , , , , 
18.6175385, 0.0018463, , , , , , , 18.6175385, -0.0082246, , , , , , , 18.6175385, -0.0045319, , , , , , , 18.6175385, 0.0104067, , , , , , , , , , , , , , , , , , , , , , , , , , , , 
18.6180577, 0.0035248, , , , , , , 18.6180577, -0.0075532, , , , , , , 18.6180577, -0.0068818, , , , , , , 18.6180577, 0.0193027, , , , , , , , , , , , , , , , , , , , , , , , , , , , 
18.6185769, -0.0028534, , , , , , , 18.6185769, -0.008896, , , , , , , 18.6185769, -0.0068818, , , , , , , 18.6185769, 0.027863, , , , , , , , , , , , , , , , , , , , , , , , , , , , 
18.6190962, -0.0109102, , , , , , , 18.6190962, -0.0099031, , , , , , , 18.6190962, -0.0035248, , , , , , , 18.6190962, 0.0330663, , , , , , , , , , , , , , , , , , , , , , , , , , , , 
18.6196154, -0.0135958, , , , , , , 18.6196154, -0.008896, , , , , , , 18.6196154, -0.0011749, , , , , , , 18.6196154, 0.0354162, , , , , , , , , , , , , , , , , , , , , , , , , , , , 
18.6201346, -0.010071, , , , , , , 18.6201346, -0.0070497, , , , , , , 18.6201346, -0.0008392, , , , , , , 18.6201346, 0.0370947, , , , , , , , , , , , , , , , , , , , , , , , , , , , 
18.6206538, -0.0068818, , , , , , , 18.6206538, -0.0048676, , , , , , , 18.6206538, -0.0015106, , , , , , , 18.6206538, 0.0381018, , , , , , , , , , , , , , , , , , , , , , , , , , , , 
18.6211731, -0.0072175, , , , , , , 18.6211731, -0.0065461, , , , , , , 18.6211731, -0.0008392, , , , , , , 18.6211731, 0.0386053, , , , , , , , , , , , , , , , , , , , , , , , , , , , 
18.6216923, -0.0082246, , , , , , , 18.6216923, -0.0082246, , , , , , , 18.6216923, -0.0015106, , , , , , , 18.6216923, 0.0350805, , , , , , , , , , , , , , , , , , , , , , , , , , , , 
18.6222115, -0.005539, , , , , , , 18.6222115, -0.0063783, , , , , , , 18.6222115, -0.0036927, , , , , , , 18.6222115, 0.0307164, , , , , , , , , , , , , , , , , , , , , , , , , , , , 
18.6227308, 0.0008392, , , , , , , 18.6227308, -0.005539, , , , , , , 18.6227308, -0.005539, , , , , , , 18.6227308, 0.026688, , , , , , , , , , , , , , , , , , , , , , , , , , , , 
18.62325, 0.0038605, , , , , , , 18.62325, -0.0065461, , , , , , , 18.62325, -0.0058747, , , , , , , 18.62325, 0.0226596, , , , , , , , , , , , , , , , , , , , , , , , , , , , 
18.6237692, 0.0068818, , , , , , , 18.6237692, -0.0075532, , , , , , , 18.6237692, -0.0048676, , , , , , , 18.6237692, 0.0213169, , , , , , , , , , , , , , , , , , , , , , , , , , , , 
18.6242885, 0.0151064, , , , , , , 18.6242885, -0.0082246, , , , , , , 18.6242885, -0.0028534, , , , , , , 18.6242885, 0.0193027, , , , , , , , , , , , , , , , , , , , , , , , , , , , 
18.6248077, 0.0132601, , , , , , , 18.6248077, -0.0078889, , , , , , , 18.6248077, -0.0038605, , , , , , , 18.6248077, 0.0159457, , , , , , , , , , , , , , , , , , , , , , , , , , , , 
18.6253269, 0.0082246, , , , , , , 18.6253269, -0.0075532, , , , , , , 18.6253269, -0.0075532, , , , , , , 18.6253269, 0.0139315, , , , , , , , , , , , , , , , , , , , , , , , , , , , 
18.6258462, 0.0115816, , , , , , , 18.6258462, -0.0068818, , , , , , , 18.6258462, -0.0095674, , , , , , , 18.6258462, 0.0146029, , , , , , , , , , , , , , , , , , , , , , , , , , , , 
18.6263654, 0.0194705, , , , , , , 18.6263654, -0.0062104, , , , , , , 18.6263654, -0.0095674, , , , , , , 18.6263654, 0.0149386, , , , , , , , , , , , , , , , , , , , , , , , , , , , 
18.6268846, 0.023331, , , , , , , 18.6268846, -0.0048676, , , , , , , 18.6268846, -0.0075532, , , , , , , 18.6268846, 0.0151064, , , , , , , , , , , , , , , , , , , , , , , , , , , , 
18.6274038, 0.0253452, , , , , , , 18.6274038, -0.0045319, , , , , , , 18.6274038, -0.0075532, , , , , , , 18.6274038, 0.0132601, , , , , , , , , , , , , , , , , , , , , , , , , , , , 
18.6279231, 0.0280308, , , , , , , 18.6279231, -0.0068818, , , , , , , 18.6279231, -0.0078889, , , , , , , 18.6279231, 0.0119173, , , , , , , , , , , , , , , , , , , , , , , , , , , , 
18.6284423, 0.0293736, , , , , , , 18.6284423, -0.0082246, , , , , , , 18.6284423, -0.0095674, , , , , , , 18.6284423, 0.0119173, , , , , , , , , , , , , , , , , , , , , , , , , , , , 
18.6289615, 0.0303807, , , , , , , 18.6289615, -0.0062104, , , , , , , 18.6289615, -0.0125887, , , , , , , 18.6289615, 0.0115816, , , , , , , , , , , , , , , , , , , , , , , , , , , , 
18.6294808, 0.0298772, , , , , , , 18.6294808, -0.005539, , , , , , , 18.6294808, -0.0149386, , , , , , , 18.6294808, 0.0105745, , , , , , , , , , , , , , , , , , , , , , , , , , , , 
18.63, 0.026688, , , , , , , 18.63, -0.005539, , , , , , , 18.63, -0.0152743, , , , , , , 18.63, 0.0085603, , , , , , , , , , , , , , , , , , , , , , , , , , , , 
18.6305192, 0.024506, , , , , , , 18.6305192, -0.0082246, , , , , , , 18.6305192, -0.0135958, , , , , , , 18.6305192, 0.0068818, , , , , , , , , , , , , , , , , , , , , , , , , , , , 
18.6310385, 0.0236667, , , , , , , 18.6310385, -0.0102388, , , , , , , 18.6310385, -0.0109102, , , , , , , 18.6310385, 0.0052033, , , , , , , , , , , , , , , , , , , , , , , , , , , , 
18.6315577, 0.026688, , , , , , , 18.6315577, -0.0082246, , , , , , , 18.6315577, -0.0104067, , , , , , , 18.6315577, -0.0001678, , , , , , , , , , , , , , , , , , , , , , , , , , , , 
18.6320769, 0.0354162, , , , , , , 18.6320769, -0.0077211, , , , , , , 18.6320769, -0.0102388, , , , , , , 18.6320769, -0.0068818, , , , , , , , , , , , , , , , , , , , , , , , , , , , 
18.6325962, 0.0428016, , , , , , , 18.6325962, -0.0068818, , , , , , , 18.6325962, -0.0095674, , , , , , , 18.6325962, -0.0109102, , , , , , , , , , , , , , , , , , , , , , , , , , , , 
18.6331154, 0.0449836, , , , , , , 18.6331154, -0.0068818, , , , , , , 18.6331154, -0.0082246, , , , , , , 18.6331154, -0.0135958, , , , , , , , , , , , , , , , , , , , , , , , , , , , 
18.6336346, 0.0404517, , , , , , , 18.6336346, -0.0102388, , , , , , , 18.6336346, -0.0082246, , , , , , , 18.6336346, -0.01561, , , , , , , , , , , , , , , , , , , , , , , , , , , , 
18.6341538, 0.0360876, , , , , , , 18.6341538, -0.0115816, , , , , , , 18.6341538, -0.008896, , , , , , , 18.6341538, -0.01561, , , , , , , , , , , , , , , , , , , , , , , , , , , , 
18.6346731, 0.0342412, , , , , , , 18.6346731, -0.0109102, , , , , , , 18.6346731, -0.0085603, , , , , , , 18.6346731, -0.0124208, , , , , , , , , , , , , , , , , , , , , , , , , , , , 
18.6351923, 0.0283665, , , , , , , 18.6351923, -0.0109102, , , , , , , 18.6351923, -0.008896, , , , , , , 18.6351923, -0.0095674, , , , , , , , , , , , , , , , , , , , , , , , , , , , 
18.6357115, 0.0206455, , , , , , , 18.6357115, -0.0097353, , , , , , , 18.6357115, -0.0095674, , , , , , , 18.6357115, -0.005539, , , , , , , , , , , , , , , , , , , , , , , , , , , , 
18.6362308, 0.0146029, , , , , , , 18.6362308, -0.0078889, , , , , , , 18.6362308, -0.0109102, , , , , , , 18.6362308, 0.0001678, , , , , , , , , , , , , , , , , , , , , , , , , , , , 
18.63675, 0.0114137, , , , , , , 18.63675, -0.0070497, , , , , , , 18.63675, -0.0105745, , , , , , , 18.63675, 0.0050355, , , , , , , , , , , , , , , , , , , , , , , , , , , , 
18.6372692, 0.0092317, , , , , , , 18.6372692, -0.0065461, , , , , , , 18.6372692, -0.0092317, , , , , , , 18.6372692, 0.0093996, , , , , , , , , , , , , , , , , , , , , , , , , , , , 
18.6377885, 0.0075532, , , , , , , 18.6377885, -0.0045319, , , , , , , 18.6377885, -0.0072175, , , , , , , 18.6377885, 0.014435, , , , , , , , , , , , , , , , , , , , , , , , , , , , 
18.6383077, -0.0011749, , , , , , , 18.6383077, -0.0041962, , , , , , , 18.6383077, -0.0077211, , , , , , , 18.6383077, 0.0199741, , , , , , , , , , , , , , , , , , , , , , , , , , , , 
18.6388269, -0.0082246, , , , , , , 18.6388269, -0.0062104, , , , , , , 18.6388269, -0.0092317, , , , , , , 18.6388269, 0.0260166, , , , , , , , , , , , , , , , , , , , , , , , , , , , 
18.6393462, -0.0119173, , , , , , , 18.6393462, -0.0057069, , , , , , , 18.6393462, -0.0082246, , , , , , , 18.6393462, 0.0297093, , , , , , , , , , , , , , , , , , , , , , , , , , , , 
18.6398654, -0.0139315, , , , , , , 18.6398654, -0.005539, , , , , , , 18.6398654, -0.0058747, , , , , , , 18.6398654, 0.0320592, , , , , , , , , , , , , , , , , , , , , , , , , , , , 
18.6403846, -0.0142672, , , , , , , 18.6403846, -0.0065461, , , , , , , 18.6403846, -0.0046998, , , , , , , 18.6403846, 0.0347448, , , , , , , , , , , , , , , , , , , , , , , , , , , , 
18.6409038, -0.0125887, , , , , , , 18.6409038, -0.0070497, , , , , , , 18.6409038, -0.0048676, , , , , , , 18.6409038, 0.036759, , , , , , , , , , , , , , , , , , , , , , , , , , , , 
18.6414231, -0.0095674, , , , , , , 18.6414231, -0.0062104, , , , , , , 18.6414231, -0.0045319, , , , , , , 18.6414231, 0.0364233, , , , , , , , , , , , , , , , , , , , , , , , , , , , 
18.6419423, -0.0058747, , , , , , , 18.6419423, -0.0052033, , , , , , , 18.6419423, -0.0025177, , , , , , , 18.6419423, 0.0323949, , , , , , , , , , , , , , , , , , , , , , , , , , , , 
18.6424615, -0.0035248, , , , , , , 18.6424615, -0.0050355, , , , , , , 18.6424615, -0.002182, , , , , , , 18.6424615, 0.0260166, , , , , , , , , , , , , , , , , , , , , , , , , , , , 
18.6429808, 0.0025177, , , , , , , 18.6429808, -0.0041962, , , , , , , 18.6429808, -0.0036927, , , , , , , 18.6429808, 0.0219883, , , , , , , , , , , , , , , , , , , , , , , , , , , , 
18.6435, 0.0097353, , , , , , , 18.6435, -0.0048676, , , , , , , 18.6435, -0.0031891, , , , , , , 18.6435, 0.0209812, , , , , , , , , , , , , , , , , , , , , , , , , , , , 
18.6440192, 0.0125887, , , , , , , 18.6440192, -0.0075532, , , , , , , 18.6440192, -0.0018463, , , , , , , 18.6440192, 0.0196384, , , , , , , , , , , , , , , , , , , , , , , , , , , , 
18.6445385, 0.0117494, , , , , , , 18.6445385, -0.0109102, , , , , , , 18.6445385, -0.0041962, , , , , , , 18.6445385, 0.0186313, , , , , , , , , , , , , , , , , , , , , , , , , , , , 
18.6450577, 0.0112459, , , , , , , 18.6450577, -0.0109102, , , , , , , 18.6450577, -0.0075532, , , , , , , 18.6450577, 0.0203098, , , , , , , , , , , , , , , , , , , , , , , , , , , , 
18.6455769, 0.0115816, , , , , , , 18.6455769, -0.0102388, , , , , , , 18.6455769, -0.0082246, , , , , , , 18.6455769, 0.0208133, , , , , , , , , , , , , , , , , , , , , , , , , , , , 
18.6460962, 0.0146029, , , , , , , 18.6460962, -0.0090639, , , , , , , 18.6460962, -0.008896, , , , , , , 18.6460962, 0.0186313, , , , , , , , , , , , , , , , , , , , , , , , , , , , 
18.6466154, 0.0186313, , , , , , , 18.6466154, -0.0082246, , , , , , , 18.6466154, -0.0092317, , , , , , , 18.6466154, 0.0146029, , , , , , , , , , , , , , , , , , , , , , , , , , , , 
18.6471346, 0.0193027, , , , , , , 18.6471346, -0.0095674, , , , , , , 18.6471346, -0.008896, , , , , , , 18.6471346, 0.0114137, , , , , , , , , , , , , , , , , , , , , , , , , , , , 
18.6476538, 0.0193027, , , , , , , 18.6476538, -0.0097353, , , , , , , 18.6476538, -0.0082246, , , , , , , 18.6476538, 0.0090639, , , , , , , , , , , , , , , , , , , , , , , , , , , , 
18.6481731, 0.0199741, , , , , , , 18.6481731, -0.0092317, , , , , , , 18.6481731, -0.008896, , , , , , , 18.6481731, 0.0082246, , , , , , , , , , , , , , , , , , , , , , , , , , , , 
18.6486923, 0.018967, , , , , , , 18.6486923, -0.0090639, , , , , , , 18.6486923, -0.0095674, , , , , , , 18.6486923, 0.0058747, , , , , , , , , , , , , , , , , , , , , , , , , , , , 
18.6492115, 0.0179599, , , , , , , 18.6492115, -0.011078, , , , , , , 18.6492115, -0.012253, , , , , , , 18.6492115, 0.0046998, , , , , , , , , , , , , , , , , , , , , , , , , , , , 
18.6497308, 0.0186313, , , , , , , 18.6497308, -0.0104067, , , , , , , 18.6497308, -0.0125887, , , , , , , 18.6497308, 0.0036927, , , , , , , , , , , , , , , , , , , , , , , , , , , , 
18.65025, 0.0179599, , , , , , , 18.65025, -0.0095674, , , , , , , 18.65025, -0.012253, , , , , , , 18.65025, 0.0015106, , , , , , , , , , , , , , , , , , , , , , , , , , , , 
18.6507692, 0.0171206, , , , , , , 18.6507692, -0.0109102, , , , , , , 18.6507692, -0.0119173, , , , , , , 18.6507692, -0.0001678, , , , , , , , , , , , , , , , , , , , , , , , , , , , 
18.6512885, 0.0186313, , , , , , , 18.6512885, -0.0124208, , , , , , , 18.6512885, -0.0129244, , , , , , , 18.6512885, -0.0035248, , , , , , , , , , , , , , , , , , , , , , , , , , , , 
18.6518077, 0.0171206, , , , , , , 18.6518077, -0.0125887, , , , , , , 18.6518077, -0.0142672, , , , , , , 18.6518077, -0.005539, , , , , , , , , , , , , , , , , , , , , , , , , , , , 
18.6523269, 0.0146029, , , , , , , 18.6523269, -0.0102388, , , , , , , 18.6523269, -0.0135958, , , , , , , 18.6523269, -0.0045319, , , , , , , , , , , , , , , , , , , , , , , , , , , , 
18.6528462, 0.0159457, , , , , , , 18.6528462, -0.0070497, , , , , , , 18.6528462, -0.0132601, , , , , , , 18.6528462, -0.0028534, , , , , , , , , , , , , , , , , , , , , , , , , , , , 
18.6533654, 0.0204776, , , , , , , 18.6533654, -0.0082246, , , , , , , 18.6533654, -0.0125887, , , , , , , 18.6533654, -0.0045319, , , , , , , , , , , , , , , , , , , , , , , , , , , , 
18.6538846, 0.0263523, , , , , , , 18.6538846, -0.008896, , , , , , , 18.6538846, -0.0102388, , , , , , , 18.6538846, -0.0057069, , , , , , , , , , , , , , , , , , , , , , , , , , , , 
18.6544038, 0.0255131, , , , , , , 18.6544038, -0.0085603, , , , , , , 18.6544038, -0.0085603, , , , , , , 18.6544038, -0.0058747, , , , , , , , , , , , , , , , , , , , , , , , , , , , 
18.6549231, 0.0209812, , , , , , , 18.6549231, -0.0070497, , , , , , , 18.6549231, -0.0109102, , , , , , , 18.6549231, -0.0036927, , , , , , , , , , , , , , , , , , , , , , , , , , , , 
18.6554423, 0.018967, , , , , , , 18.6554423, -0.0063783, , , , , , , 18.6554423, -0.012253, , , , , , , 18.6554423, 0.0008392, , , , , , , , , , , , , , , , , , , , , , , , , , , , 
18.6559615, 0.0172885, , , , , , , 18.6559615, -0.0078889, , , , , , , 18.6559615, -0.008896, , , , , , , 18.6559615, 0.0058747, , , , , , , , , , , , , , , , , , , , , , , , , , , , 
18.6564808, 0.0146029, , , , , , , 18.6564808, -0.0085603, , , , , , , 18.6564808, -0.005539, , , , , , , 18.6564808, 0.008896, , , , , , , , , , , , , , , , , , , , , , , , , , , , 
18.657, 0.0115816, , , , , , , 18.657, -0.0068818, , , , , , , 18.657, -0.0062104, , , , , , , 18.657, 0.0112459, , , , , , , , , , , , , , , , , , , , , , , , , , , , 
18.6575192, 0.0095674, , , , , , , 18.6575192, -0.0052033, , , , , , , 18.6575192, -0.0072175, , , , , , , 18.6575192, 0.014435, , , , , , , , , , , , , , , , , , , , , , , , , , , , 
18.6580385, 0.0052033, , , , , , , 18.6580385, -0.0058747, , , , , , , 18.6580385, -0.0058747, , , , , , , 18.6580385, 0.0221561, , , , , , , , , , , , , , , , , , , , , , , , , , , , 
18.6585577, 0.0001678, , , , , , , 18.6585577, -0.0072175, , , , , , , 18.6585577, -0.0031891, , , , , , , 18.6585577, 0.0297093, , , , , , , , , , , , , , , , , , , , , , , , , , , , 
18.6590769, -0.0008392, , , , , , , 18.6590769, -0.0075532, , , , , , , 18.6590769, -0.0015106, , , , , , , 18.6590769, 0.0345769, , , , , , , , , , , , , , , , , , , , , , , , , , , , 
18.6595962, 0.0015106, , , , , , , 18.6595962, -0.0078889, , , , , , , 18.6595962, -0.0011749, , , , , , , 18.6595962, 0.0381018, , , , , , , , , , , , , , , , , , , , , , , , , , , , 
18.6601154, 0.0006714, , , , , , , 18.6601154, -0.0070497, , , , , , , 18.6601154, -0.0010071, , , , , , , 18.6601154, 0.0416266, , , , , , , , , , , , , , , , , , , , , , , , , , , , 
18.6606346, -0.0028534, , , , , , , 18.6606346, -0.0068818, , , , , , , 18.6606346, -0.0001678, , , , , , , 18.6606346, 0.0428016, , , , , , , , , , , , , , , , , , , , , , , , , , , , 
18.6611538, -0.0028534, , , , , , , 18.6611538, -0.0062104, , , , , , , 18.6611538, -0.0005035, , , , , , , 18.6611538, 0.0407874, , , , , , , , , , , , , , , , , , , , , , , , , , , , 
18.6616731, -0.0001678, , , , , , , 18.6616731, -0.0065461, , , , , , , 18.6616731, -0.0008392, , , , , , , 18.6616731, 0.036759, , , , , , , , , , , , , , , , , , , , , , , , , , , , 
18.6621923, 0.0016785, , , , , , , 18.6621923, -0.0065461, , , , , , , 18.6621923, -0.0005035, , , , , , , 18.6621923, 0.0303807, , , , , , , , , , , , , , , , , , , , , , , , , , , , 
18.6627115, -0.0005035, , , , , , , 18.6627115, -0.0085603, , , , , , , 18.6627115, -0.0003357, , , , , , , 18.6627115, 0.0263523, , , , , , , , , , , , , , , , , , , , , , , , , , , , 
18.6632308, -0.0035248, , , , , , , 18.6632308, -0.0112459, , , , , , , 18.6632308, -0.0013428, , , , , , , 18.6632308, 0.0229953, , , , , , , , , , , , , , , , , , , , , , , , , , , , 
18.66375, -0.0058747, , , , , , , 18.66375, -0.0135958, , , , , , , 18.66375, -0.002182, , , , , , , 18.66375, 0.0209812, , , , , , , , , , , , , , , , , , , , , , , , , , , , 
18.6642692, -0.0010071, , , , , , , 18.6642692, -0.0115816, , , , , , , 18.6642692, -0.0045319, , , , , , , 18.6642692, 0.0179599, , , , , , , , , , , , , , , , , , , , , , , , , , , , 
18.6647885, 0.0115816, , , , , , , 18.6647885, -0.0092317, , , , , , , 18.6647885, -0.0068818, , , , , , , 18.6647885, 0.0146029, , , , , , , , , , , , , , , , , , , , , , , , , , , , 
18.6653077, 0.0196384, , , , , , , 18.6653077, -0.008896, , , , , , , 18.6653077, -0.0078889, , , , , , , 18.6653077, 0.0135958, , , , , , , , , , , , , , , , , , , , , , , , , , , , 
18.6658269, 0.0209812, , , , , , , 18.6658269, -0.0099031, , , , , , , 18.6658269, -0.0078889, , , , , , , 18.6658269, 0.0137636, , , , , , , , , , , , , , , , , , , , , , , , , , , , 
18.6663462, 0.0216526, , , , , , , 18.6663462, -0.0119173, , , , , , , 18.6663462, -0.0077211, , , , , , , 18.6663462, 0.012253, , , , , , , , , , , , , , , , , , , , , , , , , , , , 
18.6668654, 0.0253452, , , , , , , 18.6668654, -0.0109102, , , , , , , 18.6668654, -0.0085603, , , , , , , 18.6668654, 0.0095674, , , , , , , , , , , , , , , , , , , , , , , , , , , , 
18.6673846, 0.0256809, , , , , , , 18.6673846, -0.0092317, , , , , , , 18.6673846, -0.008896, , , , , , , 18.6673846, 0.0085603, , , , , , , , , , , , , , , , , , , , , , , , , , , , 
18.6679038, 0.0236667, , , , , , , 18.6679038, -0.0099031, , , , , , , 18.6679038, -0.0090639, , , , , , , 18.6679038, 0.0085603, , , , , , , , , , , , , , , , , , , , , , , , , , , , 
18.6684231, 0.0218204, , , , , , , 18.6684231, -0.0109102, , , , , , , 18.6684231, -0.008896, , , , , , , 18.6684231, 0.0085603, , , , , , , , , , , , , , , , , , , , , , , , , , , , 
18.6689423, 0.018967, , , , , , , 18.6689423, -0.0102388, , , , , , , 18.6689423, -0.0078889, , , , , , , 18.6689423, 0.010071, , , , , , , , , , , , , , , , , , , , , , , , , , , , 
18.6694615, 0.0159457, , , , , , , 18.6694615, -0.0102388, , , , , , , 18.6694615, -0.0070497, , , , , , , 18.6694615, 0.0129244, , , , , , , , , , , , , , , , , , , , , , , , , , , , 
18.6699808, 0.0166171, , , , , , , 18.6699808, -0.012253, , , , , , , 18.6699808, -0.0085603, , , , , , , 18.6699808, 0.0146029, , , , , , , , , , , , , , , , , , , , , , , , , , , , 
18.6705, 0.0186313, , , , , , , 18.6705, -0.0129244, , , , , , , 18.6705, -0.0095674, , , , , , , 18.6705, 0.0140993, , , , , , , , , , , , , , , , , , , , , , , , , , , , 
18.6710192, 0.0196384, , , , , , , 18.6710192, -0.0109102, , , , , , , 18.6710192, -0.0112459, , , , , , , 18.6710192, 0.0102388, , , , , , , , , , , , , , , , , , , , , , , , , , , , 
18.6715385, 0.0219883, , , , , , , 18.6715385, -0.0072175, , , , , , , 18.6715385, -0.0125887, , , , , , , 18.6715385, 0.0025177, , , , , , , , , , , , , , , , , , , , , , , , , , , , 
18.6720577, 0.026688, , , , , , , 18.6720577, -0.0075532, , , , , , , 18.6720577, -0.0135958, , , , , , , 18.6720577, -0.0062104, , , , , , , , , , , , , , , , , , , , , , , , , , , , 
18.6725769, 0.030045, , , , , , , 18.6725769, -0.008896, , , , , , , 18.6725769, -0.0135958, , , , , , , 18.6725769, -0.0112459, , , , , , , , , , , , , , , , , , , , , , , , , , , , 
18.6730962, 0.0317235, , , , , , , 18.6730962, -0.0072175, , , , , , , 18.6730962, -0.0149386, , , , , , , 18.6730962, -0.012253, , , , , , , , , , , , , , , , , , , , , , , , , , , , 
18.6736154, 0.0360876, , , , , , , 18.6736154, -0.0058747, , , , , , , 18.6736154, -0.0171206, , , , , , , 18.6736154, -0.0130922, , , , , , , , , , , , , , , , , , , , , , , , , , , , 
18.6741346, 0.0384375, , , , , , , 18.6741346, -0.0075532, , , , , , , 18.6741346, -0.0172885, , , , , , , 18.6741346, -0.0115816, , , , , , , , , , , , , , , , , , , , , , , , , , , , 
18.6746538, 0.0381018, , , , , , , 18.6746538, -0.0104067, , , , , , , 18.6746538, -0.0152743, , , , , , , 18.6746538, -0.0078889, , , , , , , , , , , , , , , , , , , , , , , , , , , , 
18.6751731, 0.0350805, , , , , , , 18.6751731, -0.0092317, , , , , , , 18.6751731, -0.0146029, , , , , , , 18.6751731, -0.0041962, , , , , , , , , , , , , , , , , , , , , , , , , , , , 
18.6756923, 0.03122, , , , , , , 18.6756923, -0.0077211, , , , , , , 18.6756923, -0.0142672, , , , , , , 18.6756923, 0.0025177, , , , , , , , , , , , , , , , , , , , , , , , , , , , 
18.6762115, 0.026688, , , , , , , 18.6762115, -0.010071, , , , , , , 18.6762115, -0.0125887, , , , , , , 18.6762115, 0.0099031, , , , , , , , , , , , , , , , , , , , , , , , , , , , 
18.6767308, 0.0204776, , , , , , , 18.6767308, -0.0112459, , , , , , , 18.6767308, -0.0115816, , , , , , , 18.6767308, 0.0162814, , , , , , , , , , , , , , , , , , , , , , , , , , , , 
18.67725, 0.0132601, , , , , , , 18.67725, -0.0095674, , , , , , , 18.67725, -0.0114137, , , , , , , 18.67725, 0.0219883, , , , , , , , , , , , , , , , , , , , , , , , , , , , 
18.6777692, 0.0082246, , , , , , , 18.6777692, -0.0075532, , , , , , , 18.6777692, -0.0102388, , , , , , , 18.6777692, 0.0248417, , , , , , , , , , , , , , , , , , , , , , , , , , , , 
18.6782885, 0.0052033, , , , , , , 18.6782885, -0.0082246, , , , , , , 18.6782885, -0.0085603, , , , , , , 18.6782885, 0.0271916, , , , , , , , , , , , , , , , , , , , , , , , , , , , 
18.6788077, -0.0005035, , , , , , , 18.6788077, -0.0078889, , , , , , , 18.6788077, -0.0073854, , , , , , , 18.6788077, 0.0307164, , , , , , , , , , , , , , , , , , , , , , , , , , , , 
18.6793269, -0.0062104, , , , , , , 18.6793269, -0.0085603, , , , , , , 18.6793269, -0.0068818, , , , , , , 18.6793269, 0.033402, , , , , , , , , , , , , , , , , , , , , , , , , , , , 
18.6798462, -0.0102388, , , , , , , 18.6798462, -0.010071, , , , , , , 18.6798462, -0.0065461, , , , , , , 18.6798462, 0.0357519, , , , , , , , , , , , , , , , , , , , , , , , , , , , 
18.6803654, -0.0117494, , , , , , , 18.6803654, -0.0095674, , , , , , , 18.6803654, -0.0041962, , , , , , , 18.6803654, 0.0387732, , , , , , , , , , , , , , , , , , , , , , , , , , , , 
18.6808846, -0.0115816, , , , , , , 18.6808846, -0.0072175, , , , , , , 18.6808846, -0.0015106, , , , , , , 18.6808846, 0.0394446, , , , , , , , , , , , , , , , , , , , , , , , , , , , 
18.6814038, -0.0095674, , , , , , , 18.6814038, -0.0048676, , , , , , , 18.6814038, -0.0015106, , , , , , , 18.6814038, 0.036759, , , , , , , , , , , , , , , , , , , , , , , , , , , , 
18.6819231, -0.0082246, , , , , , , 18.6819231, -0.0030213, , , , , , , 18.6819231, -0.0028534, , , , , , , 18.6819231, 0.0305486, , , , , , , , , , , , , , , , , , , , , , , , , , , , 
18.6824423, -0.0041962, , , , , , , 18.6824423, -0.0028534, , , , , , , 18.6824423, -0.0031891, , , , , , , 18.6824423, 0.0260166, , , , , , , , , , , , , , , , , , , , , , , , , , , , 
18.6829615, 0.0043641, , , , , , , 18.6829615, -0.0031891, , , , , , , 18.6829615, -0.0023499, , , , , , , 18.6829615, 0.0223239, , , , , , , , , , , , , , , , , , , , , , , , , , , , 
18.6834808, 0.0105745, , , , , , , 18.6834808, -0.0028534, , , , , , , 18.6834808, -0.0041962, , , , , , , 18.6834808, 0.0206455, , , , , , , , , , , , , , , , , , , , , , , , , , , , 
18.684, 0.0105745, , , , , , , 18.684, -0.0038605, , , , , , , 18.684, -0.0058747, , , , , , , 18.684, 0.0193027, , , , , , , , , , , , , , , , , , , , , , , , , , , , 
18.6845192, 0.0105745, , , , , , , 18.6845192, -0.0048676, , , , , , , 18.6845192, -0.0057069, , , , , , , 18.6845192, 0.0172885, , , , , , , , , , , , , , , , , , , , , , , , , , , , 
18.6850385, 0.0112459, , , , , , , 18.6850385, -0.0048676, , , , , , , 18.6850385, -0.0052033, , , , , , , 18.6850385, 0.0139315, , , , , , , , , , , , , , , , , , , , , , , , , , , , 
18.6855577, 0.0152743, , , , , , , 18.6855577, -0.0058747, , , , , , , 18.6855577, -0.0052033, , , , , , , 18.6855577, 0.0112459, , , , , , , , , , , , , , , , , , , , , , , , , , , , 
18.6860769, 0.0179599, , , , , , , 18.6860769, -0.0070497, , , , , , , 18.6860769, -0.005539, , , , , , , 18.6860769, 0.0092317, , , , , , , , , , , , , , , , , , , , , , , , , , , , 
18.6865962, 0.0169528, , , , , , , 18.6865962, -0.0075532, , , , , , , 18.6865962, -0.0075532, , , , , , , 18.6865962, 0.0068818, , , , , , , , , , , , , , , , , , , , , , , , , , , , 
18.6871154, 0.0179599, , , , , , , 18.6871154, -0.0078889, , , , , , , 18.6871154, -0.0095674, , , , , , , 18.6871154, 0.0058747, , , , , , , , , , , , , , , , , , , , , , , , , , , , 
18.6876346, 0.0213169, , , , , , , 18.6876346, -0.0072175, , , , , , , 18.6876346, -0.0092317, , , , , , , 18.6876346, 0.0038605, , , , , , , , , , , , , , , , , , , , , , , , , , , , 
18.6881538, 0.0229953, , , , , , , 18.6881538, -0.005539, , , , , , , 18.6881538, -0.0082246, , , , , , , 18.6881538, 0.0025177, , , , , , , , , , , , , , , , , , , , , , , , , , , , 
18.6886731, 0.0226596, , , , , , , 18.6886731, -0.0045319, , , , , , , 18.6886731, -0.0072175, , , , , , , 18.6886731, 0.0038605, , , , , , , , , , , , , , , , , , , , , , , , , , , , 
18.6891923, 0.0320592, , , , , , , 18.6891923, -0.0050355, , , , , , , 18.6891923, -0.0072175, , , , , , , 18.6891923, 0.0035248, , , , , , , , , , , , , , , , , , , , , , , , , , , , 
18.6897115, 0.0428016, , , , , , , 18.6897115, -0.0062104, , , , , , , 18.6897115, -0.008896, , , , , , , 18.6897115, 0.0003357, , , , , , , , , , , , , , , , , , , , , , , , , , , , 
18.6902308, 0.0399481, , , , , , , 18.6902308, -0.0063783, , , , , , , 18.6902308, -0.0083925, , , , , , , 18.6902308, 0.0011749, , , , , , , , , , , , , , , , , , , , , , , , , , , , 
18.69075, 0.0287022, , , , , , , 18.69075, -0.0065461, , , , , , , 18.69075, -0.0070497, , , , , , , 18.69075, 0.0030213, , , , , , , , , , , , , , , , , , , , , , , , , , , , 
18.6912692, 0.0250095, , , , , , , 18.6912692, -0.0057069, , , , , , , 18.6912692, -0.005539, , , , , , , 18.6912692, 0.0001678, , , , , , , , , , , , , , , , , , , , , , , , , , , , 
18.6917885, 0.0256809, , , , , , , 18.6917885, -0.0068818, , , , , , , 18.6917885, -0.0068818, , , , , , , 18.6917885, -0.0082246, , , , , , , , , , , , , , , , , , , , , , , , , , , , 
18.6923077, 0.0199741, , , , , , , 18.6923077, -0.0092317, , , , , , , 18.6923077, -0.0099031, , , , , , , 18.6923077, -0.0117494, , , , , , , , , , , , , , , , , , , , , , , , , , , , 
18.6928269, 0.0193027, , , , , , , 18.6928269, -0.0082246, , , , , , , 18.6928269, -0.0115816, , , , , , , 18.6928269, -0.0095674, , , , , , , , , , , , , , , , , , , , , , , , , , , , 
18.6933462, 0.0246738, , , , , , , 18.6933462, -0.0078889, , , , , , , 18.6933462, -0.0115816, , , , , , , 18.6933462, -0.0095674, , , , , , , , , , , , , , , , , , , , , , , , , , , , 
18.6938654, 0.0273594, , , , , , , 18.6938654, -0.0099031, , , , , , , 18.6938654, -0.0125887, , , , , , , 18.6938654, -0.011078, , , , , , , , , , , , , , , , , , , , , , , , , , , , 
18.6943846, 0.0250095, , , , , , , 18.6943846, -0.0092317, , , , , , , 18.6943846, -0.0135958, , , , , , , 18.6943846, -0.0102388, , , , , , , , , , , , , , , , , , , , , , , , , , , , 
18.6949038, 0.0186313, , , , , , , 18.6949038, -0.0085603, , , , , , , 18.6949038, -0.0117494, , , , , , , 18.6949038, -0.0068818, , , , , , , , , , , , , , , , , , , , , , , , , , , , 
18.6954231, 0.0135958, , , , , , , 18.6954231, -0.0068818, , , , , , , 18.6954231, -0.0115816, , , , , , , 18.6954231, 0.0015106, , , , , , , , , , , , , , , , , , , , , , , , , , , , 
18.6959423, 0.0085603, , , , , , , 18.6959423, -0.0043641, , , , , , , 18.6959423, -0.0129244, , , , , , , 18.6959423, 0.0099031, , , , , , , , , , , , , , , , , , , , , , , , , , , , 
18.6964615, 0.0028534, , , , , , , 18.6964615, -0.0048676, , , , , , , 18.6964615, -0.0135958, , , , , , , 18.6964615, 0.0130922, , , , , , , , , , , , , , , , , , , , , , , , , , , , 
18.6969808, -0.0003357, , , , , , , 18.6969808, -0.0057069, , , , , , , 18.6969808, -0.0142672, , , , , , , 18.6969808, 0.014435, , , , , , , , , , , , , , , , , , , , , , , , , , , , 
18.6975, -0.0008392, , , , , , , 18.6975, -0.0068818, , , , , , , 18.6975, -0.012253, , , , , , , 18.6975, 0.0166171, , , , , , , , , , , , , , , , , , , , , , , , , , , , 
18.6980192, 0.0005035, , , , , , , 18.6980192, -0.0082246, , , , , , , 18.6980192, -0.0099031, , , , , , , 18.6980192, 0.0206455, , , , , , , , , , , , , , , , , , , , , , , , , , , , 
18.6985385, 0.0005035, , , , , , , 18.6985385, -0.0095674, , , , , , , 18.6985385, -0.0082246, , , , , , , 18.6985385, 0.0243381, , , , , , , , , , , , , , , , , , , , , , , , , , , , 
18.6990577, -0.0041962, , , , , , , 18.6990577, -0.0099031, , , , , , , 18.6990577, -0.0068818, , , , , , , 18.6990577, 0.0280308, , , , , , , , , , , , , , , , , , , , , , , , , , , , 
18.6995769, -0.005539, , , , , , , 18.6995769, -0.0102388, , , , , , , 18.6995769, -0.0041962, , , , , , , 18.6995769, 0.0337377, , , , , , , , , , , , , , , , , , , , , , , , , , , , 
18.7000962, -0.0036927, , , , , , , 18.7000962, -0.0095674, , , , , , , 18.7000962, -0.002182, , , , , , , 18.7000962, 0.0374304, , , , , , , , , , , , , , , , , , , , , , , , , , , , 
18.7006154, 0.0005035, , , , , , , 18.7006154, -0.008896, , , , , , , 18.7006154, -0.0016785, , , , , , , 18.7006154, 0.0381018, , , , , , , , , , , , , , , , , , , , , , , , , , , , 
18.7011346, 0.0092317, , , , , , , 18.7011346, -0.0077211, , , , , , , 18.7011346, -0.0030213, , , , , , , 18.7011346, 0.0360876, , , , , , , , , , , , , , , , , , , , , , , , , , , , 
18.7016538, 0.0152743, , , , , , , 18.7016538, -0.0068818, , , , , , , 18.7016538, -0.0045319, , , , , , , 18.7016538, 0.0323949, , , , , , , , , , , , , , , , , , , , , , , , , , , , 
18.7021731, 0.0199741, , , , , , , 18.7021731, -0.0075532, , , , , , , 18.7021731, -0.005539, , , , , , , 18.7021731, 0.0273594, , , , , , , , , , , , , , , , , , , , , , , , , , , , 
18.7026923, 0.0204776, , , , , , , 18.7026923, -0.0077211, , , , , , , 18.7026923, -0.0058747, , , , , , , 18.7026923, 0.0219883, , , , , , , , , , , , , , , , , , , , , , , , , , , , 
18.7032115, 0.0152743, , , , , , , 18.7032115, -0.0085603, , , , , , , 18.7032115, -0.0060426, , , , , , , 18.7032115, 0.0179599, , , , , , , , , , , , , , , , , , , , , , , , , , , , 
18.7037308, 0.0119173, , , , , , , 18.7037308, -0.0095674, , , , , , , 18.7037308, -0.0068818, , , , , , , 18.7037308, 0.0146029, , , , , , , , , , , , , , , , , , , , , , , , , , , , 
18.70425, 0.0112459, , , , , , , 18.70425, -0.0082246, , , , , , , 18.70425, -0.0063783, , , , , , , 18.70425, 0.0139315, , , , , , , , , , , , , , , , , , , , , , , , , , , , 
18.7047692, 0.0130922, , , , , , , 18.7047692, -0.0048676, , , , , , , 18.7047692, -0.0035248, , , , , , , 18.7047692, 0.0139315, , , , , , , , , , , , , , , , , , , , , , , , , , , , 
18.7052885, 0.0179599, , , , , , , 18.7052885, -0.003357, , , , , , , 18.7052885, -0.0041962, , , , , , , 18.7052885, 0.0112459, , , , , , , , , , , , , , , , , , , , , , , , , , , , 
18.7058077, 0.0179599, , , , , , , 18.7058077, -0.0058747, , , , , , , 18.7058077, -0.0062104, , , , , , , 18.7058077, 0.0085603, , , , , , , , , , , , , , , , , , , , , , , , , , , , 
18.7063269, 0.0159457, , , , , , , 18.7063269, -0.0077211, , , , , , , 18.7063269, -0.0075532, , , , , , , 18.7063269, 0.0082246, , , , , , , , , , , , , , , , , , , , , , , , , , , , 
18.7068462, 0.0146029, , , , , , , 18.7068462, -0.0073854, , , , , , , 18.7068462, -0.0068818, , , , , , , 18.7068462, 0.0115816, , , , , , , , , , , , , , , , , , , , , , , , , , , , 
18.7073654, 0.0146029, , , , , , , 18.7073654, -0.0068818, , , , , , , 18.7073654, -0.0062104, , , , , , , 18.7073654, 0.0124208, , , , , , , , , , , , , , , , , , , , , , , , , , , , 
18.7078846, 0.0152743, , , , , , , 18.7078846, -0.0057069, , , , , , , 18.7078846, -0.0078889, , , , , , , 18.7078846, 0.0097353, , , , , , , , , , , , , , , , , , , , , , , , , , , , 
18.7084038, 0.0159457, , , , , , , 18.7084038, -0.0062104, , , , , , , 18.7084038, -0.0082246, , , , , , , 18.7084038, 0.005539, , , , , , , , , , , , , , , , , , , , , , , , , , , , 
18.7089231, 0.0167849, , , , , , , 18.7089231, -0.0085603, , , , , , , 18.7089231, -0.0075532, , , , , , , 18.7089231, 0.0048676, , , , , , , , , , , , , , , , , , , , , , , , , , , , 
18.7094423, 0.0196384, , , , , , , 18.7094423, -0.0095674, , , , , , , 18.7094423, -0.0077211, , , , , , , 18.7094423, 0.0085603, , , , , , , , , , , , , , , , , , , , , , , , , , , , 
18.7099615, 0.0236667, , , , , , , 18.7099615, -0.0085603, , , , , , , 18.7099615, -0.0072175, , , , , , , 18.7099615, 0.0102388, , , , , , , , , , , , , , , , , , , , , , , , , , , , 
18.7104808, 0.0250095, , , , , , , 18.7104808, -0.0082246, , , , , , , 18.7104808, -0.0068818, , , , , , , 18.7104808, 0.0095674, , , , , , , , , , , , , , , , , , , , , , , , , , , , 
18.711, 0.023331, , , , , , , 18.711, -0.008896, , , , , , , 18.711, -0.010071, , , , , , , 18.711, 0.0092317, , , , , , , , , , , , , , , , , , , , , , , , , , , , 
18.7115192, 0.0209812, , , , , , , 18.7115192, -0.008896, , , , , , , 18.7115192, -0.0129244, , , , , , , 18.7115192, 0.005539, , , , , , , , , , , , , , , , , , , , , , , , , , , , 
18.7120385, 0.0199741, , , , , , , 18.7120385, -0.0075532, , , , , , , 18.7120385, -0.0109102, , , , , , , 18.7120385, -0.002182, , , , , , , , , , , , , , , , , , , , , , , , , , , , 
18.7125577, 0.0206455, , , , , , , 18.7125577, -0.0068818, , , , , , , 18.7125577, -0.0092317, , , , , , , 18.7125577, -0.0095674, , , , , , , , , , , , , , , , , , , , , , , , , , , , 
18.7130769, 0.0236667, , , , , , , 18.7130769, -0.0085603, , , , , , , 18.7130769, -0.012253, , , , , , , 18.7130769, -0.0125887, , , , , , , , , , , , , , , , , , , , , , , , , , , , 
18.7135962, 0.023331, , , , , , , 18.7135962, -0.0095674, , , , , , , 18.7135962, -0.0146029, , , , , , , 18.7135962, -0.0119173, , , , , , , , , , , , , , , , , , , , , , , , , , , , 
18.7141154, 0.0179599, , , , , , , 18.7141154, -0.008896, , , , , , , 18.7141154, -0.0129244, , , , , , , 18.7141154, -0.0105745, , , , , , , , , , , , , , , , , , , , , , , , , , , , 
18.7146346, 0.0139315, , , , , , , 18.7146346, -0.0082246, , , , , , , 18.7146346, -0.0109102, , , , , , , 18.7146346, -0.0095674, , , , , , , , , , , , , , , , , , , , , , , , , , , , 
18.7151538, 0.0129244, , , , , , , 18.7151538, -0.0090639, , , , , , , 18.7151538, -0.0105745, , , , , , , 18.7151538, -0.0085603, , , , , , , , , , , , , , , , , , , , , , , , , , , , 
18.7156731, 0.0159457, , , , , , , 18.7156731, -0.0105745, , , , , , , 18.7156731, -0.0120851, , , , , , , 18.7156731, -0.0068818, , , , , , , , , , , , , , , , , , , , , , , , , , , , 
18.7161923, 0.01561, , , , , , , 18.7161923, -0.0105745, , , , , , , 18.7161923, -0.0130922, , , , , , , 18.7161923, -0.0030213, , , , , , , , , , , , , , , , , , , , , , , , , , , , 
18.7167115, 0.0129244, , , , , , , 18.7167115, -0.0102388, , , , , , , 18.7167115, -0.0115816, , , , , , , 18.7167115, 0.002182, , , , , , , , , , , , , , , , , , , , , , , , , , , , 
18.7172308, 0.0109102, , , , , , , 18.7172308, -0.0105745, , , , , , , 18.7172308, -0.0095674, , , , , , , 18.7172308, 0.0068818, , , , , , , , , , , , , , , , , , , , , , , , , , , , 
18.71775, 0.0038605, , , , , , , 18.71775, -0.011078, , , , , , , 18.71775, -0.0078889, , , , , , , 18.71775, 0.0129244, , , , , , , , , , , , , , , , , , , , , , , , , , , , 
18.7182692, 0.0015106, , , , , , , 18.7182692, -0.0109102, , , , , , , 18.7182692, -0.0062104, , , , , , , 18.7182692, 0.0196384, , , , , , , , , , , , , , , , , , , , , , , , , , , , 
18.7187885, 0.0052033, , , , , , , 18.7187885, -0.0097353, , , , , , , 18.7187885, -0.0058747, , , , , , , 18.7187885, 0.0260166, , , , , , , , , , , , , , , , , , , , , , , , , , , , 
18.7193077, 0.0031891, , , , , , , 18.7193077, -0.008896, , , , , , , 18.7193077, -0.0068818, , , , , , , 18.7193077, 0.0288701, , , , , , , , , , , , , , , , , , , , , , , , , , , , 
18.7198269, -0.0023499, , , , , , , 18.7198269, -0.008896, , , , , , , 18.7198269, -0.0062104, , , , , , , 18.7198269, 0.0280308, , , , , , , , , , , , , , , , , , , , , , , , , , , , 
18.7203462, -0.0082246, , , , , , , 18.7203462, -0.008896, , , , , , , 18.7203462, -0.0028534, , , , , , , 18.7203462, 0.0287022, , , , , , , , , , , , , , , , , , , , , , , , , , , , 
18.7208654, -0.008896, , , , , , , 18.7208654, -0.0095674, , , , , , , 18.7208654, -0.0015106, , , , , , , 18.7208654, 0.0313878, , , , , , , , , , , , , , , , , , , , , , , , , , , , 
18.7213846, -0.005539, , , , , , , 18.7213846, -0.0090639, , , , , , , 18.7213846, -0.002182, , , , , , , 18.7213846, 0.0310521, , , , , , , , , , , , , , , , , , , , , , , , , , , , 
18.7219038, -0.0028534, , , , , , , 18.7219038, -0.0068818, , , , , , , 18.7219038, -0.0035248, , , , , , , 18.7219038, 0.0263523, , , , , , , , , , , , , , , , , , , , , , , , , , , , 
18.7224231, -0.0001678, , , , , , , 18.7224231, -0.0046998, , , , , , , 18.7224231, -0.0058747, , , , , , , 18.7224231, 0.0218204, , , , , , , , , , , , , , , , , , , , , , , , , , , , 
18.7229423, 0.0052033, , , , , , , 18.7229423, -0.0041962, , , , , , , 18.7229423, -0.0082246, , , , , , , 18.7229423, 0.0193027, , , , , , , , , , , , , , , , , , , , , , , , , , , , 
18.7234615, 0.0063783, , , , , , , 18.7234615, -0.0048676, , , , , , , 18.7234615, -0.0090639, , , , , , , 18.7234615, 0.01561, , , , , , , , , , , , , , , , , , , , , , , , , , , , 
18.7239808, 0.0058747, , , , , , , 18.7239808, -0.0062104, , , , , , , 18.7239808, -0.0065461, , , , , , , 18.7239808, 0.0132601, , , , , , , , , , , , , , , , , , , , , , , , , , , , 
18.7245, 0.0075532, , , , , , , 18.7245, -0.0062104, , , , , , , 18.7245, -0.0038605, , , , , , , 18.7245, 0.0142672, , , , , , , , , , , , , , , , , , , , , , , , , , , , 
18.7250192, 0.0109102, , , , , , , 18.7250192, -0.0062104, , , , , , , 18.7250192, -0.0035248, , , , , , , 18.7250192, 0.0146029, , , , , , , , , , , , , , , , , , , , , , , , , , , , 
18.7255385, 0.0146029, , , , , , , 18.7255385, -0.0068818, , , , , , , 18.7255385, -0.0050355, , , , , , , 18.7255385, 0.0115816, , , , , , , , , , , , , , , , , , , , , , , , , , , , 
18.7260577, 0.0162814, , , , , , , 18.7260577, -0.0082246, , , , , , , 18.7260577, -0.0075532, , , , , , , 18.7260577, 0.0085603, , , , , , , , , , , , , , , , , , , , , , , , , , , , 
18.7265769, 0.0164492, , , , , , , 18.7265769, -0.0092317, , , , , , , 18.7265769, -0.0087282, , , , , , , 18.7265769, 0.0072175, , , , , , , , , , , , , , , , , , , , , , , , , , , , 
18.7270962, 0.0179599, , , , , , , 18.7270962, -0.0102388, , , , , , , 18.7270962, -0.0072175, , , , , , , 18.7270962, 0.0065461, , , , , , , , , , , , , , , , , , , , , , , , , , , , 
18.7276154, 0.0193027, , , , , , , 18.7276154, -0.008896, , , , , , , 18.7276154, -0.0070497, , , , , , , 18.7276154, 0.0077211, , , , , , , , , , , , , , , , , , , , , , , , , , , , 
18.7281346, 0.0204776, , , , , , , 18.7281346, -0.0062104, , , , , , , 18.7281346, -0.008896, , , , , , , 18.7281346, 0.0085603, , , , , , , , , , , , , , , , , , , , , , , , , , , , 
18.7286538, 0.0213169, , , , , , , 18.7286538, -0.005539, , , , , , , 18.7286538, -0.0095674, , , , , , , 18.7286538, 0.0099031, , , , , , , , , , , , , , , , , , , , , , , , , , , , 
18.7291731, 0.021149, , , , , , , 18.7291731, -0.0065461, , , , , , , 18.7291731, -0.0092317, , , , , , , 18.7291731, 0.0097353, , , , , , , , , , , , , , , , , , , , , , , , , , , , 
18.7296923, 0.0196384, , , , , , , 18.7296923, -0.0062104, , , , , , , 18.7296923, -0.0095674, , , , , , , 18.7296923, 0.0090639, , , , , , , , , , , , , , , , , , , , , , , , , , , , 
18.7302115, 0.0219883, , , , , , , 18.7302115, -0.0068818, , , , , , , 18.7302115, -0.0097353, , , , , , , 18.7302115, 0.0105745, , , , , , , , , , , , , , , , , , , , , , , , , , , , 
18.7307308, 0.026688, , , , , , , 18.7307308, -0.0063783, , , , , , , 18.7307308, -0.0092317, , , , , , , 18.7307308, 0.012253, , , , , , , , , , , , , , , , , , , , , , , , , , , , 
18.73125, 0.0270237, , , , , , , 18.73125, -0.0062104, , , , , , , 18.73125, -0.0092317, , , , , , , 18.73125, 0.0109102, , , , , , , , , , , , , , , , , , , , , , , , , , , , 
18.7317692, 0.026688, , , , , , , 18.7317692, -0.0052033, , , , , , , 18.7317692, -0.0112459, , , , , , , 18.7317692, 0.0058747, , , , , , , , , , , , , , , , , , , , , , , , , , , , 
18.7322885, 0.0317235, , , , , , , 18.7322885, -0.0045319, , , , , , , 18.7322885, -0.012253, , , , , , , 18.7322885, -0.0023499, , , , , , , , , , , , , , , , , , , , , , , , , , , , 
18.7328077, 0.0313878, , , , , , , 18.7328077, -0.005539, , , , , , , 18.7328077, -0.011078, , , , , , , 18.7328077, -0.0068818, , , , , , , , , , , , , , , , , , , , , , , , , , , , 
18.7333269, 0.0273594, , , , , , , 18.7333269, -0.0072175, , , , , , , 18.7333269, -0.0109102, , , , , , , 18.7333269, -0.0057069, , , , , , , , , , , , , , , , , , , , , , , , , , , , 
18.7338462, 0.0287022, , , , , , , 18.7338462, -0.0068818, , , , , , , 18.7338462, -0.012253, , , , , , , 18.7338462, -0.0038605, , , , , , , , , , , , , , , , , , , , , , , , , , , , 
18.7343654, 0.0315557, , , , , , , 18.7343654, -0.005539, , , , , , , 18.7343654, -0.012253, , , , , , , 18.7343654, -0.0038605, , , , , , , , , , , , , , , , , , , , , , , , , , , , 
18.7348846, 0.0307164, , , , , , , 18.7348846, -0.0045319, , , , , , , 18.7348846, -0.008896, , , , , , , 18.7348846, -0.0041962, , , , , , , , , , , , , , , , , , , , , , , , , , , , 
18.7354038, 0.0246738, , , , , , , 18.7354038, -0.005539, , , , , , , 18.7354038, -0.0090639, , , , , , , 18.7354038, -0.0008392, , , , , , , , , , , , , , , , , , , , , , , , , , , , 
18.7359231, 0.0186313, , , , , , , 18.7359231, -0.005539, , , , , , , 18.7359231, -0.0129244, , , , , , , 18.7359231, 0.0062104, , , , , , , , , , , , , , , , , , , , , , , , , , , , 
18.7364423, 0.0149386, , , , , , , 18.7364423, -0.005539, , , , , , , 18.7364423, -0.0125887, , , , , , , 18.7364423, 0.011078, , , , , , , , , , , , , , , , , , , , , , , , , , , , 
18.7369615, 0.0099031, , , , , , , 18.7369615, -0.0062104, , , , , , , 18.7369615, -0.0085603, , , , , , , 18.7369615, 0.0146029, , , , , , , , , , , , , , , , , , , , , , , , , , , , 
18.7374808, 0.0065461, , , , , , , 18.7374808, -0.0068818, , , , , , , 18.7374808, -0.0072175, , , , , , , 18.7374808, 0.0203098, , , , , , , , , , , , , , , , , , , , , , , , , , , , 
18.738, 0.0023499, , , , , , , 18.738, -0.0083925, , , , , , , 18.738, -0.0085603, , , , , , , 18.738, 0.026688, , , , , , , , , , , , , , , , , , , , , , , , , , , , 
18.7385192, -0.0050355, , , , , , , 18.7385192, -0.008896, , , , , , , 18.7385192, -0.0068818, , , , , , , 18.7385192, 0.0327306, , , , , , , , , , , , , , , , , , , , , , , , , , , , 
18.7390385, -0.0062104, , , , , , , 18.7390385, -0.0075532, , , , , , , 18.7390385, -0.0038605, , , , , , , 18.7390385, 0.0382696, , , , , , , , , , , , , , , , , , , , , , , , , , , , 
18.7395577, -0.005539, , , , , , , 18.7395577, -0.0062104, , , , , , , 18.7395577, -0.0053712, , , , , , , 18.7395577, 0.0421302, , , , , , , , , , , , , , , , , , , , , , , , , , , , 
18.7400769, -0.0070497, , , , , , , 18.7400769, -0.0070497, , , , , , , 18.7400769, -0.0078889, , , , , , , 18.7400769, 0.0428016, , , , , , , , , , , , , , , , , , , , , , , , , , , , 
18.7405962, -0.0109102, , , , , , , 18.7405962, -0.0082246, , , , , , , 18.7405962, -0.0050355, , , , , , , 18.7405962, 0.0446479, , , , , , , , , , , , , , , , , , , , , , , , , , , , 
18.7411154, -0.0115816, , , , , , , 18.7411154, -0.0099031, , , , , , , 18.7411154, -0.0015106, , , , , , , 18.7411154, 0.0431373, , , , , , , , , , , , , , , , , , , , , , , , , , , , 
18.7416346, -0.0105745, , , , , , , 18.7416346, -0.0090639, , , , , , , 18.7416346, 0.0005035, , , , , , , 18.7416346, 0.0381018, , , , , , , , , , , , , , , , , , , , , , , , , , , , 
18.7421538, -0.0058747, , , , , , , 18.7421538, -0.0075532, , , , , , , 18.7421538, 0.0001678, , , , , , , 18.7421538, 0.0305486, , , , , , , , , , , , , , , , , , , , , , , , , , , , 
18.7426731, 0.0008392, , , , , , , 18.7426731, -0.0082246, , , , , , , 18.7426731, -0.0023499, , , , , , , 18.7426731, 0.0226596, , , , , , , , , , , , , , , , , , , , , , , , , , , , 
18.7431923, 0.0058747, , , , , , , 18.7431923, -0.008896, , , , , , , 18.7431923, -0.0035248, , , , , , , 18.7431923, 0.0172885, , , , , , , , , , , , , , , , , , , , , , , , , , , , 
18.7437115, 0.0078889, , , , , , , 18.7437115, -0.008896, , , , , , , 18.7437115, -0.0030213, , , , , , , 18.7437115, 0.0152743, , , , , , , , , , , , , , , , , , , , , , , , , , , , 
18.7442308, 0.0130922, , , , , , , 18.7442308, -0.0102388, , , , , , , 18.7442308, -0.0016785, , , , , , , 18.7442308, 0.0146029, , , , , , , , , , , , , , , , , , , , , , , , , , , , 
18.74475, 0.0179599, , , , , , , 18.74475, -0.0112459, , , , , , , 18.74475, -0.0041962, , , , , , , 18.74475, 0.0146029, , , , , , , , , , , , , , , , , , , , , , , , , , , , 
18.7452692, 0.0196384, , , , , , , 18.7452692, -0.0092317, , , , , , , 18.7452692, -0.0065461, , , , , , , 18.7452692, 0.0149386, , , , , , , , , , , , , , , , , , , , , , , , , , , , 
18.7457885, 0.0236667, , , , , , , 18.7457885, -0.0085603, , , , , , , 18.7457885, -0.0078889, , , , , , , 18.7457885, 0.0129244, , , , , , , , , , , , , , , , , , , , , , , , , , , , 
18.7463077, 0.0240024, , , , , , , 18.7463077, -0.0078889, , , , , , , 18.7463077, -0.0095674, , , , , , , 18.7463077, 0.0109102, , , , , , , , , , , , , , , , , , , , , , , , , , , , 
18.7468269, 0.0229953, , , , , , , 18.7468269, -0.0068818, , , , , , , 18.7468269, -0.0105745, , , , , , , 18.7468269, 0.008896, , , , , , , , , , , , , , , , , , , , , , , , , , , , 
18.7473462, 0.0226596, , , , , , , 18.7473462, -0.0065461, , , , , , , 18.7473462, -0.0105745, , , , , , , 18.7473462, 0.0078889, , , , , , , , , , , , , , , , , , , , , , , , , , , , 
18.7478654, 0.0253452, , , , , , , 18.7478654, -0.0068818, , , , , , , 18.7478654, -0.0109102, , , , , , , 18.7478654, 0.0075532, , , , , , , , , , , , , , , , , , , , , , , , , , , , 
18.7483846, 0.0273594, , , , , , , 18.7483846, -0.0085603, , , , , , , 18.7483846, -0.0102388, , , , , , , 18.7483846, 0.0078889, , , , , , , , , , , , , , , , , , , , , , , , , , , , 
18.7489038, 0.0256809, , , , , , , 18.7489038, -0.008896, , , , , , , 18.7489038, -0.0085603, , , , , , , 18.7489038, 0.0065461, , , , , , , , , , , , , , , , , , , , , , , , , , , , 
18.7494231, 0.024506, , , , , , , 18.7494231, -0.0082246, , , , , , , 18.7494231, -0.0075532, , , , , , , 18.7494231, 0.0075532, , , , , , , , , , , , , , , , , , , , , , , , , , , , 
18.7499423, 0.0226596, , , , , , , 18.7499423, -0.008896, , , , , , , 18.7499423, -0.0068818, , , , , , , 18.7499423, 0.0092317, , , , , , , , , , , , , , , , , , , , , , , , , , , , 
18.7504615, 0.0196384, , , , , , , 18.7504615, -0.008896, , , , , , , 18.7504615, -0.005539, , , , , , , 18.7504615, 0.0095674, , , , , , , , , , , , , , , , , , , , , , , , , , , , 
18.7509808, 0.0159457, , , , , , , 18.7509808, -0.0072175, , , , , , , 18.7509808, -0.0068818, , , , , , , 18.7509808, 0.0072175, , , , , , , , , , , , , , , , , , , , , , , , , , , , 
18.7515, 0.017792, , , , , , , 18.7515, -0.0075532, , , , , , , 18.7515, -0.0097353, , , , , , , 18.7515, 0.0005035, , , , , , , , , , , , , , , , , , , , , , , , , , , , 
18.7520192, 0.0270237, , , , , , , 18.7520192, -0.0099031, , , , , , , 18.7520192, -0.0115816, , , , , , , 18.7520192, -0.0068818, , , , , , , , , , , , , , , , , , , , , , , , , , , , 
18.7525385, 0.0359197, , , , , , , 18.7525385, -0.0102388, , , , , , , 18.7525385, -0.0129244, , , , , , , 18.7525385, -0.0095674, , , , , , , , , , , , , , , , , , , , , , , , , , , , 
18.7530577, 0.0381018, , , , , , , 18.7530577, -0.0082246, , , , , , , 18.7530577, -0.0132601, , , , , , , 18.7530577, -0.011078, , , , , , , , , , , , , , , , , , , , , , , , , , , , 
18.7535769, 0.0364233, , , , , , , 18.7535769, -0.0068818, , , , , , , 18.7535769, -0.0119173, , , , , , , 18.7535769, -0.0119173, , , , , , , , , , , , , , , , , , , , , , , , , , , , 
18.7540962, 0.0317235, , , , , , , 18.7540962, -0.0068818, , , , , , , 18.7540962, -0.011078, , , , , , , 18.7540962, -0.0104067, , , , , , , , , , , , , , , , , , , , , , , , , , , , 
18.7546154, 0.0276951, , , , , , , 18.7546154, -0.0073854, , , , , , , 18.7546154, -0.0109102, , , , , , , 18.7546154, -0.0095674, , , , , , , , , , , , , , , , , , , , , , , , , , , , 
18.7551346, 0.0240024, , , , , , , 18.7551346, -0.0083925, , , , , , , 18.7551346, -0.0119173, , , , , , , 18.7551346, -0.0065461, , , , , , , , , , , , , , , , , , , , , , , , , , , , 
18.7556538, 0.0206455, , , , , , , 18.7556538, -0.0075532, , , , , , , 18.7556538, -0.0115816, , , , , , , 18.7556538, -0.0016785, , , , , , , , , , , , , , , , , , , , , , , , , , , , 
18.7561731, 0.0164492, , , , , , , 18.7561731, -0.0062104, , , , , , , 18.7561731, -0.0104067, , , , , , , 18.7561731, 0.0031891, , , , , , , , , , , , , , , , , , , , , , , , , , , , 
18.7566923, 0.0112459, , , , , , , 18.7566923, -0.0063783, , , , , , , 18.7566923, -0.008896, , , , , , , 18.7566923, 0.0077211, , , , , , , , , , , , , , , , , , , , , , , , , , , , 
18.7572115, 0.0062104, , , , , , , 18.7572115, -0.005539, , , , , , , 18.7572115, -0.0075532, , , , , , , 18.7572115, 0.0149386, , , , , , , , , , , , , , , , , , , , , , , , , , , , 
18.7577308, 0.0031891, , , , , , , 18.7577308, -0.0060426, , , , , , , 18.7577308, -0.0048676, , , , , , , 18.7577308, 0.0216526, , , , , , , , , , , , , , , , , , , , , , , , , , , , 
18.75825, -0.0018463, , , , , , , 18.75825, -0.0075532, , , , , , , 18.75825, -0.0025177, , , , , , , 18.75825, 0.024506, , , , , , , , , , , , , , , , , , , , , , , , , , , , 
18.7587692, -0.0082246, , , , , , , 18.7587692, -0.0062104, , , , , , , 18.7587692, -0.0008392, , , , , , , 18.7587692, 0.0285344, , , , , , , , , , , , , , , , , , , , , , , , , , , , 
18.7592885, -0.0104067, , , , , , , 18.7592885, -0.0043641, , , , , , , 18.7592885, -0.0008392, , , , , , , 18.7592885, 0.033402, , , , , , , , , , , , , , , , , , , , , , , , , , , , 
18.7598077, -0.0152743, , , , , , , 18.7598077, -0.005539, , , , , , , 18.7598077, -0.0005035, , , , , , , 18.7598077, 0.0379339, , , , , , , , , , , , , , , , , , , , , , , , , , , , 
18.7603269, -0.0204776, , , , , , , 18.7603269, -0.008896, , , , , , , 18.7603269, -0.0018463, , , , , , , 18.7603269, 0.0407874, , , , , , , , , , , , , , , , , , , , , , , , , , , , 
18.7608462, -0.0203098, , , , , , , 18.7608462, -0.0112459, , , , , , , 18.7608462, -0.0031891, , , , , , , 18.7608462, 0.0414588, , , , , , , , , , , , , , , , , , , , , , , , , , , , 
18.7613654, -0.0109102, , , , , , , 18.7613654, -0.012253, , , , , , , 18.7613654, -0.002182, , , , , , , 18.7613654, 0.040116, , , , , , , , , , , , , , , , , , , , , , , , , , , , 
18.7618846, -0.0018463, , , , , , , 18.7618846, -0.012253, , , , , , , 18.7618846, -0.0005035, , , , , , , 18.7618846, 0.0350805, , , , , , , , , , , , , , , , , , , , , , , , , , , , 
18.7624038, 0.0025177, , , , , , , 18.7624038, -0.0109102, , , , , , , 18.7624038, -0.0003357, , , , , , , 18.7624038, 0.0290379, , , , , , , , , , , , , , , , , , , , , , , , , , , , 
18.7629231, 0.0075532, , , , , , , 18.7629231, -0.0085603, , , , , , , 18.7629231, -0.0005035, , , , , , , 18.7629231, 0.0256809, , , , , , , , , , , , , , , , , , , , , , , , , , , , 
18.7634423, 0.0102388, , , , , , , 18.7634423, -0.0068818, , , , , , , 18.7634423, -0.0015106, , , , , , , 18.7634423, 0.0240024, , , , , , , , , , , , , , , , , , , , , , , , , , , , 
18.7639615, 0.0099031, , , , , , , 18.7639615, -0.0063783, , , , , , , 18.7639615, -0.0045319, , , , , , , 18.7639615, 0.0226596, , , , , , , , , , , , , , , , , , , , , , , , , , , , 
18.7644808, 0.0125887, , , , , , , 18.7644808, -0.0075532, , , , , , , 18.7644808, -0.0078889, , , , , , , 18.7644808, 0.0206455, , , , , , , , , , , , , , , , , , , , , , , , , , , , 
18.765, 0.0146029, , , , , , , 18.765, -0.0077211, , , , , , , 18.765, -0.0097353, , , , , , , 18.765, 0.0186313, , , , , , , , , , , , , , , , , , , , , , , , , , , , 
18.7655192, 0.0164492, , , , , , , 18.7655192, -0.0075532, , , , , , , 18.7655192, -0.010071, , , , , , , 18.7655192, 0.0162814, , , , , , , , , , , , , , , , , , , , , , , , , , , , 
18.7660385, 0.0204776, , , , , , , 18.7660385, -0.008896, , , , , , , 18.7660385, -0.0099031, , , , , , , 18.7660385, 0.0149386, , , , , , , , , , , , , , , , , , , , , , , , , , , , 
18.7665577, 0.0213169, , , , , , , 18.7665577, -0.0095674, , , , , , , 18.7665577, -0.0082246, , , , , , , 18.7665577, 0.0112459, , , , , , , , , , , , , , , , , , , , , , , , , , , , 
18.7670769, 0.0169528, , , , , , , 18.7670769, -0.0068818, , , , , , , 18.7670769, -0.0073854, , , , , , , 18.7670769, 0.005539, , , , , , , , , , , , , , , , , , , , , , , , , , , , 
18.7675962, 0.0146029, , , , , , , 18.7675962, -0.0058747, , , , , , , 18.7675962, -0.0082246, , , , , , , 18.7675962, 0.0038605, , , , , , , , , , , , , , , , , , , , , , , , , , , , 
18.7681154, 0.0166171, , , , , , , 18.7681154, -0.0062104, , , , , , , 18.7681154, -0.0095674, , , , , , , 18.7681154, 0.0057069, , , , , , , , , , , , , , , , , , , , , , , , , , , , 
18.7686346, 0.0152743, , , , , , , 18.7686346, -0.005539, , , , , , , 18.7686346, -0.0099031, , , , , , , 18.7686346, 0.0052033, , , , , , , , , , , , , , , , , , , , , , , , , , , , 
18.7691538, 0.0130922, , , , , , , 18.7691538, -0.0072175, , , , , , , 18.7691538, -0.0109102, , , , , , , 18.7691538, 0.0045319, , , , , , , , , , , , , , , , , , , , , , , , , , , , 
18.7696731, 0.0132601, , , , , , , 18.7696731, -0.010071, , , , , , , 18.7696731, -0.0129244, , , , , , , 18.7696731, 0.0036927, , , , , , , , , , , , , , , , , , , , , , , , , , , , 
18.7701923, 0.0151064, , , , , , , 18.7701923, -0.0112459, , , , , , , 18.7701923, -0.012253, , , , , , , 18.7701923, 0.0025177, , , , , , , , , , , , , , , , , , , , , , , , , , , , 
18.7707115, 0.0159457, , , , , , , 18.7707115, -0.0109102, , , , , , , 18.7707115, -0.0109102, , , , , , , 18.7707115, 0.0011749, , , , , , , , , , , , , , , , , , , , , , , , , , , , 
18.7712308, 0.0172885, , , , , , , 18.7712308, -0.0099031, , , , , , , 18.7712308, -0.0109102, , , , , , , 18.7712308, -0.0041962, , , , , , , , , , , , , , , , , , , , , , , , , , , , 
18.77175, 0.0176242, , , , , , , 18.77175, -0.0099031, , , , , , , 18.77175, -0.0104067, , , , , , , 18.77175, -0.0125887, , , , , , , , , , , , , , , , , , , , , , , , , , , , 
18.7722692, 0.0191348, , , , , , , 18.7722692, -0.0095674, , , , , , , 18.7722692, -0.008896, , , , , , , 18.7722692, -0.0176242, , , , , , , , , , , , , , , , , , , , , , , , , , , , 
18.7727885, 0.0234989, , , , , , , 18.7727885, -0.0095674, , , , , , , 18.7727885, -0.0102388, , , , , , , 18.7727885, -0.0203098, , , , , , , , , , , , , , , , , , , , , , , , , , , , 
18.7733077, 0.0250095, , , , , , , 18.7733077, -0.0117494, , , , , , , 18.7733077, -0.0139315, , , , , , , 18.7733077, -0.018967, , , , , , , , , , , , , , , , , , , , , , , , , , , , 
18.7738269, 0.0260166, , , , , , , 18.7738269, -0.0117494, , , , , , , 18.7738269, -0.0152743, , , , , , , 18.7738269, -0.0154421, , , , , , , , , , , , , , , , , , , , , , , , , , , , 
18.7743462, 0.0288701, , , , , , , 18.7743462, -0.0092317, , , , , , , 18.7743462, -0.0152743, , , , , , , 18.7743462, -0.0102388, , , , , , , , , , , , , , , , , , , , , , , , , , , , 
18.7748654, 0.0320592, , , , , , , 18.7748654, -0.0082246, , , , , , , 18.7748654, -0.01561, , , , , , , 18.7748654, -0.0028534, , , , , , , , , , , , , , , , , , , , , , , , , , , , 
18.7753846, 0.0290379, , , , , , , 18.7753846, -0.0095674, , , , , , , 18.7753846, -0.014435, , , , , , , 18.7753846, 0.0038605, , , , , , , , , , , , , , , , , , , , , , , , , , , , 
18.7759038, 0.0206455, , , , , , , 18.7759038, -0.0112459, , , , , , , 18.7759038, -0.0124208, , , , , , , 18.7759038, 0.005539, , , , , , , , , , , , , , , , , , , , , , , , , , , , 
18.7764231, 0.0119173, , , , , , , 18.7764231, -0.0102388, , , , , , , 18.7764231, -0.0109102, , , , , , , 18.7764231, 0.0075532, , , , , , , , , , , , , , , , , , , , , , , , , , , , 
18.7769423, 0.0058747, , , , , , , 18.7769423, -0.0078889, , , , , , , 18.7769423, -0.0115816, , , , , , , 18.7769423, 0.0114137, , , , , , , , , , , , , , , , , , , , , , , , , , , , 
18.7774615, 0.0013428, , , , , , , 18.7774615, -0.0068818, , , , , , , 18.7774615, -0.0105745, , , , , , , 18.7774615, 0.0179599, , , , , , , , , , , , , , , , , , , , , , , , , , , , 
18.7779808, -0.0028534, , , , , , , 18.7779808, -0.0082246, , , , , , , 18.7779808, -0.0072175, , , , , , , 18.7779808, 0.0253452, , , , , , , , , , , , , , , , , , , , , , , , , , , , 
18.7785, -0.0065461, , , , , , , 18.7785, -0.0090639, , , , , , , 18.7785, -0.0035248, , , , , , , 18.7785, 0.0307164, , , , , , , , , , , , , , , , , , , , , , , , , , , , 
18.7790192, -0.0082246, , , , , , , 18.7790192, -0.008896, , , , , , , 18.7790192, -0.0015106, , , , , , , 18.7790192, 0.0345769, , , , , , , , , , , , , , , , , , , , , , , , , , , , 
18.7795385, -0.0072175, , , , , , , 18.7795385, -0.008896, , , , , , , 18.7795385, -0.0008392, , , , , , , 18.7795385, 0.0365911, , , , , , , , , , , , , , , , , , , , , , , , , , , , 
18.7800577, -0.0099031, , , , , , , 18.7800577, -0.0082246, , , , , , , 18.7800577, -0.0023499, , , , , , , 18.7800577, 0.0381018, , , , , , , , , , , , , , , , , , , , , , , , , , , , 
18.7805769, -0.0149386, , , , , , , 18.7805769, -0.0078889, , , , , , , 18.7805769, -0.0030213, , , , , , , 18.7805769, 0.0381018, , , , , , , , , , , , , , , , , , , , , , , , , , , , 
18.7810962, -0.0132601, , , , , , , 18.7810962, -0.0085603, , , , , , , 18.7810962, -0.002182, , , , , , , 18.7810962, 0.0360876, , , , , , , , , , , , , , , , , , , , , , , , , , , , 
18.7816154, -0.0068818, , , , , , , 18.7816154, -0.008896, , , , , , , 18.7816154, -0.0031891, , , , , , , 18.7816154, 0.0307164, , , , , , , , , , , , , , , , , , , , , , , , , , , , 
18.7821346, 0.0018463, , , , , , , 18.7821346, -0.0092317, , , , , , , 18.7821346, -0.0048676, , , , , , , 18.7821346, 0.026688, , , , , , , , , , , , , , , , , , , , , , , , , , , , 
18.7826538, 0.0135958, , , , , , , 18.7826538, -0.0072175, , , , , , , 18.7826538, -0.0035248, , , , , , , 18.7826538, 0.0236667, , , , , , , , , , , , , , , , , , , , , , , , , , , , 
18.7831731, 0.0236667, , , , , , , 18.7831731, -0.0045319, , , , , , , 18.7831731, -0.0015106, , , , , , , 18.7831731, 0.0206455, , , , , , , , , , , , , , , , , , , , , , , , , , , , 
18.7836923, 0.0273594, , , , , , , 18.7836923, -0.0031891, , , , , , , 18.7836923, -0.0015106, , , , , , , 18.7836923, 0.0199741, , , , , , , , , , , , , , , , , , , , , , , , , , , , 
18.7842115, 0.0260166, , , , , , , 18.7842115, -0.0058747, , , , , , , 18.7842115, -0.0016785, , , , , , , 18.7842115, 0.018967, , , , , , , , , , , , , , , , , , , , , , , , , , , , 
18.7847308, 0.0250095, , , , , , , 18.7847308, -0.0095674, , , , , , , 18.7847308, -0.0028534, , , , , , , 18.7847308, 0.0149386, , , , , , , , , , , , , , , , , , , , , , , , , , , , 
18.78525, 0.0238346, , , , , , , 18.78525, -0.0085603, , , , , , , 18.78525, -0.0050355, , , , , , , 18.78525, 0.0115816, , , , , , , , , , , , , , , , , , , , , , , , , , , , 
18.7857692, 0.0240024, , , , , , , 18.7857692, -0.0065461, , , , , , , 18.7857692, -0.0068818, , , , , , , 18.7857692, 0.0105745, , , , , , , , , , , , , , , , , , , , , , , , , , , , 
18.7862885, 0.0297093, , , , , , , 18.7862885, -0.0058747, , , , , , , 18.7862885, -0.0065461, , , , , , , 18.7862885, 0.0105745, , , , , , , , , , , , , , , , , , , , , , , , , , , , 
18.7868077, 0.0310521, , , , , , , 18.7868077, -0.0062104, , , , , , , 18.7868077, -0.0068818, , , , , , , 18.7868077, 0.0124208, , , , , , , , , , , , , , , , , , , , , , , , , , , , 
18.7873269, 0.0298772, , , , , , , 18.7873269, -0.0065461, , , , , , , 18.7873269, -0.0082246, , , , , , , 18.7873269, 0.0152743, , , , , , , , , , , , , , , , , , , , , , , , , , , , 
18.7878462, 0.030045, , , , , , , 18.7878462, -0.0057069, , , , , , , 18.7878462, -0.008896, , , , , , , 18.7878462, 0.0166171, , , , , , , , , , , , , , , , , , , , , , , , , , , , 
18.7883654, 0.0310521, , , , , , , 18.7883654, -0.0070497, , , , , , , 18.7883654, -0.0065461, , , , , , , 18.7883654, 0.0157778, , , , , , , , , , , , , , , , , , , , , , , , , , , , 
18.7888846, 0.0313878, , , , , , , 18.7888846, -0.0082246, , , , , , , 18.7888846, -0.005539, , , , , , , 18.7888846, 0.0125887, , , , , , , , , , , , , , , , , , , , , , , , , , , , 
18.7894038, 0.0276951, , , , , , , 18.7894038, -0.0090639, , , , , , , 18.7894038, -0.0082246, , , , , , , 18.7894038, 0.0085603, , , , , , , , , , , , , , , , , , , , , , , , , , , , 
18.7899231, 0.023331, , , , , , , 18.7899231, -0.0078889, , , , , , , 18.7899231, -0.0127565, , , , , , , 18.7899231, 0.0102388, , , , , , , , , , , , , , , , , , , , , , , , , , , , 
18.7904423, 0.0193027, , , , , , , 18.7904423, -0.0063783, , , , , , , 18.7904423, -0.0137636, , , , , , , 18.7904423, 0.0132601, , , , , , , , , , , , , , , , , , , , , , , , , , , , 
18.7909615, 0.01561, , , , , , , 18.7909615, -0.0058747, , , , , , , 18.7909615, -0.0135958, , , , , , , 18.7909615, 0.0132601, , , , , , , , , , , , , , , , , , , , , , , , , , , , 
18.7914808, 0.0152743, , , , , , , 18.7914808, -0.0075532, , , , , , , 18.7914808, -0.0115816, , , , , , , 18.7914808, 0.0078889, , , , , , , , , , , , , , , , , , , , , , , , , , , , 
18.792, 0.0213169, , , , , , , 18.792, -0.0072175, , , , , , , 18.792, -0.0102388, , , , , , , 18.792, 0.0011749, , , , , , , , , , , , , , , , , , , , , , , , , , , , 
18.7925192, 0.0290379, , , , , , , 18.7925192, -0.0058747, , , , , , , 18.7925192, -0.0095674, , , , , , , 18.7925192, -0.0016785, , , , , , , , , , , , , , , , , , , , , , , , , , , , 
18.7930385, 0.0320592, , , , , , , 18.7930385, -0.0068818, , , , , , , 18.7930385, -0.0109102, , , , , , , 18.7930385, -0.0015106, , , , , , , , , , , , , , , , , , , , , , , , , , , , 
18.7935577, 0.0320592, , , , , , , 18.7935577, -0.0095674, , , , , , , 18.7935577, -0.0125887, , , , , , , 18.7935577, -0.0003357, , , , , , , , , , , , , , , , , , , , , , , , , , , , 
18.7940769, 0.0313878, , , , , , , 18.7940769, -0.0115816, , , , , , , 18.7940769, -0.0132601, , , , , , , 18.7940769, -0.0008392, , , , , , , , , , , , , , , , , , , , , , , , , , , , 
18.7945962, 0.0280308, , , , , , , 18.7945962, -0.0119173, , , , , , , 18.7945962, -0.0135958, , , , , , , 18.7945962, -0.0008392, , , , , , , , , , , , , , , , , , , , , , , , , , , , 
18.7951154, 0.023331, , , , , , , 18.7951154, -0.012253, , , , , , , 18.7951154, -0.0135958, , , , , , , 18.7951154, 0.0031891, , , , , , , , , , , , , , , , , , , , , , , , , , , , 
18.7956346, 0.0203098, , , , , , , 18.7956346, -0.0109102, , , , , , , 18.7956346, -0.0129244, , , , , , , 18.7956346, 0.0075532, , , , , , , , , , , , , , , , , , , , , , , , , , , , 
18.7961538, 0.0176242, , , , , , , 18.7961538, -0.0068818, , , , , , , 18.7961538, -0.0129244, , , , , , , 18.7961538, 0.0105745, , , , , , , , , , , , , , , , , , , , , , , , , , , , 
18.7966731, 0.0109102, , , , , , , 18.7966731, -0.0050355, , , , , , , 18.7966731, -0.0109102, , , , , , , 18.7966731, 0.0109102, , , , , , , , , , , , , , , , , , , , , , , , , , , , 
18.7971923, 0.0001678, , , , , , , 18.7971923, -0.0041962, , , , , , , 18.7971923, -0.0095674, , , , , , , 18.7971923, 0.0119173, , , , , , , , , , , , , , , , , , , , , , , , , , , , 
18.7977115, -0.0097353, , , , , , , 18.7977115, -0.0063783, , , , , , , 18.7977115, -0.0095674, , , , , , , 18.7977115, 0.0179599, , , , , , , , , , , , , , , , , , , , , , , , , , , , 
18.7982308, -0.0152743, , , , , , , 18.7982308, -0.0092317, , , , , , , 18.7982308, -0.0102388, , , , , , , 18.7982308, 0.0251774, , , , , , , , , , , , , , , , , , , , , , , , , , , , 
18.79875, -0.0162814, , , , , , , 18.79875, -0.0104067, , , , , , , 18.79875, -0.0109102, , , , , , , 18.79875, 0.03122, , , , , , , , , , , , , , , , , , , , , , , , , , , , 
18.7992692, -0.0152743, , , , , , , 18.7992692, -0.0109102, , , , , , , 18.7992692, -0.0105745, , , , , , , 18.7992692, 0.0374304, , , , , , , , , , , , , , , , , , , , , , , , , , , , 
18.7997885, -0.0129244, , , , , , , 18.7997885, -0.0090639, , , , , , , 18.7997885, -0.0082246, , , , , , , 18.7997885, 0.0394446, , , , , , , , , , , , , , , , , , , , , , , , , , , , 
18.8003077, -0.0182956, , , , , , , 18.8003077, -0.0075532, , , , , , , 18.8003077, -0.0062104, , , , , , , 18.8003077, 0.0394446, , , , , , , , , , , , , , , , , , , , , , , , , , , , 
18.8008269, -0.0236667, , , , , , , 18.8008269, -0.0085603, , , , , , , 18.8008269, -0.0048676, , , , , , , 18.8008269, 0.0421302, , , , , , , , , , , , , , , , , , , , , , , , , , , , 
18.8013462, -0.0206455, , , , , , , 18.8013462, -0.0092317, , , , , , , 18.8013462, -0.0028534, , , , , , , 18.8013462, 0.0428016, , , , , , , , , , , , , , , , , , , , , , , , , , , , 
18.8018654, -0.0104067, , , , , , , 18.8018654, -0.0102388, , , , , , , 18.8018654, -0.0015106, , , , , , , 18.8018654, 0.0379339, , , , , , , , , , , , , , , , , , , , , , , , , , , , 
18.8023846, 0.0010071, , , , , , , 18.8023846, -0.008896, , , , , , , 18.8023846, -0.0003357, , , , , , , 18.8023846, 0.0290379, , , , , , , , , , , , , , , , , , , , , , , , , , , , 
18.8029038, 0.0085603, , , , , , , 18.8029038, -0.0085603, , , , , , , 18.8029038, 0.0003357, , , , , , , 18.8029038, 0.0206455, , , , , , , , , , , , , , , , , , , , , , , , , , , , 
18.8034231, 0.008896, , , , , , , 18.8034231, -0.0078889, , , , , , , 18.8034231, 0.0006714, , , , , , , 18.8034231, 0.0176242, , , , , , , , , , , , , , , , , , , , , , , , , , , , 
18.8039423, 0.0075532, , , , , , , 18.8039423, -0.0057069, , , , , , , 18.8039423, -0.0010071, , , , , , , 18.8039423, 0.01561, , , , , , , , , , , , , , , , , , , , , , , , , , , , 
18.8044615, 0.008896, , , , , , , 18.8044615, -0.0045319, , , , , , , 18.8044615, -0.0043641, , , , , , , 18.8044615, 0.0132601, , , , , , , , , , , , , , , , , , , , , , , , , , , , 
18.8049808, 0.0132601, , , , , , , 18.8049808, -0.0048676, , , , , , , 18.8049808, -0.0085603, , , , , , , 18.8049808, 0.0105745, , , , , , , , , , , , , , , , , , , , , , , , , , , , 
18.8055, 0.0139315, , , , , , , 18.8055, -0.0048676, , , , , , , 18.8055, -0.0085603, , , , , , , 18.8055, 0.0072175, , , , , , , , , , , , , , , , , , , , , , , , , , , , 
18.8060192, 0.012253, , , , , , , 18.8060192, -0.0052033, , , , , , , 18.8060192, -0.0075532, , , , , , , 18.8060192, 0.0035248, , , , , , , , , , , , , , , , , , , , , , , , , , , , 
18.8065385, 0.0154421, , , , , , , 18.8065385, -0.0062104, , , , , , , 18.8065385, -0.0062104, , , , , , , 18.8065385, 0.0043641, , , , , , , , , , , , , , , , , , , , , , , , , , , , 
18.8070577, 0.0199741, , , , , , , 18.8070577, -0.0077211, , , , , , , 18.8070577, -0.005539, , , , , , , 18.8070577, 0.0045319, , , , , , , , , , , , , , , , , , , , , , , , , , , , 
18.8075769, 0.021149, , , , , , , 18.8075769, -0.0077211, , , , , , , 18.8075769, -0.0075532, , , , , , , 18.8075769, 0.0031891, , , , , , , , , , , , , , , , , , , , , , , , , , , , 
18.8080962, 0.0253452, , , , , , , 18.8080962, -0.0063783, , , , , , , 18.8080962, -0.0115816, , , , , , , 18.8080962, 0.0028534, , , , , , , , , , , , , , , , , , , , , , , , , , , , 
18.8086154, 0.0327306, , , , , , , 18.8086154, -0.005539, , , , , , , 18.8086154, -0.0119173, , , , , , , 18.8086154, 0.0031891, , , , , , , , , , , , , , , , , , , , , , , , , , , , 
18.8091346, 0.0394446, , , , , , , 18.8091346, -0.0041962, , , , , , , 18.8091346, -0.0095674, , , , , , , 18.8091346, 0.0035248, , , , , , , , , , , , , , , , , , , , , , , , , , , , 
18.8096538, 0.040116, , , , , , , 18.8096538, -0.0031891, , , , , , , 18.8096538, -0.0082246, , , , , , , 18.8096538, 0.0045319, , , , , , , , , , , , , , , , , , , , , , , , , , , , 
18.8101731, 0.0328985, , , , , , , 18.8101731, -0.0038605, , , , , , , 18.8101731, -0.0099031, , , , , , , 18.8101731, 0.0045319, , , , , , , , , , , , , , , , , , , , , , , , , , , , 
18.8106923, 0.0293736, , , , , , , 18.8106923, -0.0058747, , , , , , , 18.8106923, -0.0115816, , , , , , , 18.8106923, 0.0030213, , , , , , , , , , , , , , , , , , , , , , , , , , , , 
18.8112115, 0.0303807, , , , , , , 18.8112115, -0.0083925, , , , , , , 18.8112115, -0.0109102, , , , , , , 18.8112115, -0.0008392, , , , , , , , , , , , , , , , , , , , , , , , , , , , 
18.8117308, 0.0280308, , , , , , , 18.8117308, -0.0092317, , , , , , , 18.8117308, -0.0082246, , , , , , , 18.8117308, -0.0068818, , , , , , , , , , , , , , , , , , , , , , , , , , , , 
18.81225, 0.0270237, , , , , , , 18.81225, -0.0102388, , , , , , , 18.81225, -0.0082246, , , , , , , 18.81225, -0.0135958, , , , , , , , , , , , , , , , , , , , , , , , , , , , 
18.8127692, 0.0340734, , , , , , , 18.8127692, -0.0105745, , , , , , , 18.8127692, -0.0095674, , , , , , , 18.8127692, -0.0159457, , , , , , , , , , , , , , , , , , , , , , , , , , , , 
18.8132885, 0.0406195, , , , , , , 18.8132885, -0.0095674, , , , , , , 18.8132885, -0.0105745, , , , , , , 18.8132885, -0.0186313, , , , , , , , , , , , , , , , , , , , , , , , , , , , 
18.8138077, 0.0370947, , , , , , , 18.8138077, -0.0095674, , , , , , , 18.8138077, -0.0129244, , , , , , , 18.8138077, -0.0203098, , , , , , , , , , , , , , , , , , , , , , , , , , , , 
18.8143269, 0.0317235, , , , , , , 18.8143269, -0.008896, , , , , , , 18.8143269, -0.0146029, , , , , , , 18.8143269, -0.0169528, , , , , , , , , , , , , , , , , , , , , , , , , , , , 
18.8148462, 0.0307164, , , , , , , 18.8148462, -0.0075532, , , , , , , 18.8148462, -0.0142672, , , , , , , 18.8148462, -0.0105745, , , , , , , , , , , , , , , , , , , , , , , , , , , , 
18.8153654, 0.0283665, , , , , , , 18.8153654, -0.0075532, , , , , , , 18.8153654, -0.011078, , , , , , , 18.8153654, -0.0036927, , , , , , , , , , , , , , , , , , , , , , , , , , , , 
18.8158846, 0.0229953, , , , , , , 18.8158846, -0.0092317, , , , , , , 18.8158846, -0.0075532, , , , , , , 18.8158846, 0.0018463, , , , , , , , , , , , , , , , , , , , , , , , , , , , 
18.8164038, 0.017792, , , , , , , 18.8164038, -0.0102388, , , , , , , 18.8164038, -0.0048676, , , , , , , 18.8164038, 0.0058747, , , , , , , , , , , , , , , , , , , , , , , , , , , , 
18.8169231, 0.0125887, , , , , , , 18.8169231, -0.0105745, , , , , , , 18.8169231, -0.0050355, , , , , , , 18.8169231, 0.0104067, , , , , , , , , , , , , , , , , , , , , , , , , , , , 
18.8174423, 0.0030213, , , , , , , 18.8174423, -0.0099031, , , , , , , 18.8174423, -0.0052033, , , , , , , 18.8174423, 0.0171206, , , , , , , , , , , , , , , , , , , , , , , , , , , , 
18.8179615, -0.0028534, , , , , , , 18.8179615, -0.0085603, , , , , , , 18.8179615, -0.0045319, , , , , , , 18.8179615, 0.0253452, , , , , , , , , , , , , , , , , , , , , , , , , , , , 
18.8184808, -0.0058747, , , , , , , 18.8184808, -0.0105745, , , , , , , 18.8184808, -0.0035248, , , , , , , 18.8184808, 0.033402, , , , , , , , , , , , , , , , , , , , , , , , , , , , 
18.819, -0.0097353, , , , , , , 18.819, -0.0115816, , , , , , , 18.819, -0.0028534, , , , , , , 18.819, 0.0428016, , , , , , , , , , , , , , , , , , , , , , , , , , , , 
18.8195192, -0.0135958, , , , , , , 18.8195192, -0.0092317, , , , , , , 18.8195192, -0.0035248, , , , , , , 18.8195192, 0.0491798, , , , , , , , , , , , , , , , , , , , , , , , , , , , 
18.8200385, -0.0140993, , , , , , , 18.8200385, -0.0058747, , , , , , , 18.8200385, -0.0048676, , , , , , , 18.8200385, 0.0508583, , , , , , , , , , , , , , , , , , , , , , , , , , , , 
18.8205577, -0.0135958, , , , , , , 18.8205577, -0.0050355, , , , , , , 18.8205577, -0.0052033, , , , , , , 18.8205577, 0.0501869, , , , , , , , , , , , , , , , , , , , , , , , , , , , 
18.8210769, -0.0119173, , , , , , , 18.8210769, -0.005539, , , , , , , 18.8210769, -0.0041962, , , , , , , 18.8210769, 0.0475013, , , , , , , , , , , , , , , , , , , , , , , , , , , , 
18.8215962, -0.0102388, , , , , , , 18.8215962, -0.0065461, , , , , , , 18.8215962, -0.0045319, , , , , , , 18.8215962, 0.0414588, , , , , , , , , , , , , , , , , , , , , , , , , , , , 
18.8221154, -0.0062104, , , , , , , 18.8221154, -0.0077211, , , , , , , 18.8221154, -0.0045319, , , , , , , 18.8221154, 0.0337377, , , , , , , , , , , , , , , , , , , , , , , , , , , , 
18.8226346, 0.0011749, , , , , , , 18.8226346, -0.0068818, , , , , , , 18.8226346, -0.0048676, , , , , , , 18.8226346, 0.0270237, , , , , , , , , , , , , , , , , , , , , , , , , , , , 
18.8231538, 0.0102388, , , , , , , 18.8231538, -0.0063783, , , , , , , 18.8231538, -0.0057069, , , , , , , 18.8231538, 0.0229953, , , , , , , , , , , , , , , , , , , , , , , , , , , , 
18.8236731, 0.0139315, , , , , , , 18.8236731, -0.0072175, , , , , , , 18.8236731, -0.0068818, , , , , , , 18.8236731, 0.0198062, , , , , , , , , , , , , , , , , , , , , , , , , , , , 
18.8241923, 0.0130922, , , , , , , 18.8241923, -0.0063783, , , , , , , 18.8241923, -0.0092317, , , , , , , 18.8241923, 0.0152743, , , , , , , , , , , , , , , , , , , , , , , , , , , , 
18.8247115, 0.0142672, , , , , , , 18.8247115, -0.0058747, , , , , , , 18.8247115, -0.0115816, , , , , , , 18.8247115, 0.0115816, , , , , , , , , , , , , , , , , , , , , , , , , , , , 
18.8252308, 0.0179599, , , , , , , 18.8252308, -0.0062104, , , , , , , 18.8252308, -0.0115816, , , , , , , 18.8252308, 0.0092317, , , , , , , , , , , , , , , , , , , , , , , , , , , , 
18.82575, 0.0199741, , , , , , , 18.82575, -0.0072175, , , , , , , 18.82575, -0.0097353, , , , , , , 18.82575, 0.0065461, , , , , , , , , , , , , , , , , , , , , , , , , , , , 
18.8262692, 0.0246738, , , , , , , 18.8262692, -0.0068818, , , , , , , 18.8262692, -0.0092317, , , , , , , 18.8262692, 0.0038605, , , , , , , , , , , , , , , , , , , , , , , , , , , , 
18.8267885, 0.0283665, , , , , , , 18.8267885, -0.0068818, , , , , , , 18.8267885, -0.0114137, , , , , , , 18.8267885, 0.002182, , , , , , , , , , , , , , , , , , , , , , , , , , , , 
18.8273077, 0.0216526, , , , , , , 18.8273077, -0.0063783, , , , , , , 18.8273077, -0.0137636, , , , , , , 18.8273077, 0.0011749, , , , , , , , , , , , , , , , , , , , , , , , , , , , 
18.8278269, 0.0117494, , , , , , , 18.8278269, -0.0058747, , , , , , , 18.8278269, -0.0135958, , , , , , , 18.8278269, -0.0006714, , , , , , , , , , , , , , , , , , , , , , , , , , , , 
18.8283462, 0.0105745, , , , , , , 18.8283462, -0.0065461, , , , , , , 18.8283462, -0.0125887, , , , , , , 18.8283462, -0.003357, , , , , , , , , , , , , , , , , , , , , , , , , , , , 
18.8288654, 0.012253, , , , , , , 18.8288654, -0.0078889, , , , , , , 18.8288654, -0.0129244, , , , , , , 18.8288654, -0.0062104, , , , , , , , , , , , , , , , , , , , , , , , , , , , 
18.8293846, 0.0119173, , , , , , , 18.8293846, -0.0068818, , , , , , , 18.8293846, -0.0137636, , , , , , , 18.8293846, -0.0097353, , , , , , , , , , , , , , , , , , , , , , , , , , , , 
18.8299038, 0.0065461, , , , , , , 18.8299038, -0.0045319, , , , , , , 18.8299038, -0.0125887, , , , , , , 18.8299038, -0.0115816, , , , , , , , , , , , , , , , , , , , , , , , , , , , 
18.8304231, 0.0020142, , , , , , , 18.8304231, -0.0035248, , , , , , , 18.8304231, -0.0105745, , , , , , , 18.8304231, -0.0082246, , , , , , , , , , , , , , , , , , , , , , , , , , , , 
18.8309423, 0.0043641, , , , , , , 18.8309423, -0.0048676, , , , , , , 18.8309423, -0.0092317, , , , , , , 18.8309423, -0.0048676, , , , , , , , , , , , , , , , , , , , , , , , , , , , 
18.8314615, 0.0104067, , , , , , , 18.8314615, -0.0065461, , , , , , , 18.8314615, -0.0099031, , , , , , , 18.8314615, -0.0085603, , , , , , , , , , , , , , , , , , , , , , , , , , , , 
18.8319808, 0.0213169, , , , , , , 18.8319808, -0.0083925, , , , , , , 18.8319808, -0.0112459, , , , , , , 18.8319808, -0.0139315, , , , , , , , , , , , , , , , , , , , , , , , , , , , 
18.8325, 0.0340734, , , , , , , 18.8325, -0.0068818, , , , , , , 18.8325, -0.0105745, , , , , , , 18.8325, -0.0146029, , , , , , , , , , , , , , , , , , , , , , , , , , , , 
18.8330192, 0.04448, , , , , , , 18.8330192, -0.0058747, , , , , , , 18.8330192, -0.0085603, , , , , , , 18.8330192, -0.0125887, , , , , , , , , , , , , , , , , , , , , , , , , , , , 
18.8335385, 0.0501869, , , , , , , 18.8335385, -0.0082246, , , , , , , 18.8335385, -0.008896, , , , , , , 18.8335385, -0.0109102, , , , , , , , , , , , , , , , , , , , , , , , , , , , 
18.8340577, 0.0508583, , , , , , , 18.8340577, -0.0082246, , , , , , , 18.8340577, -0.0090639, , , , , , , 18.8340577, -0.0105745, , , , , , , , , , , , , , , , , , , , , , , , , , , , 
18.8345769, 0.0486763, , , , , , , 18.8345769, -0.0072175, , , , , , , 18.8345769, -0.0090639, , , , , , , 18.8345769, -0.0095674, , , , , , , , , , , , , , , , , , , , , , , , , , , , 
18.8350962, 0.0414588, , , , , , , 18.8350962, -0.0085603, , , , , , , 18.8350962, -0.0085603, , , , , , , 18.8350962, -0.0038605, , , , , , , , , , , , , , , , , , , , , , , , , , , , 
18.8356154, 0.0330663, , , , , , , 18.8356154, -0.0090639, , , , , , , 18.8356154, -0.0062104, , , , , , , 18.8356154, 0.0072175, , , , , , , , , , , , , , , , , , , , , , , , , , , , 
18.8361346, 0.0290379, , , , , , , 18.8361346, -0.0078889, , , , , , , 18.8361346, -0.0041962, , , , , , , 18.8361346, 0.014435, , , , , , , , , , , , , , , , , , , , , , , , , , , , 
18.8366538, 0.0290379, , , , , , , 18.8366538, -0.0062104, , , , , , , 18.8366538, -0.0058747, , , , , , , 18.8366538, 0.0166171, , , , , , , , , , , , , , , , , , , , , , , , , , , , 
18.8371731, 0.0256809, , , , , , , 18.8371731, -0.0048676, , , , , , , 18.8371731, -0.0078889, , , , , , , 18.8371731, 0.0179599, , , , , , , , , , , , , , , , , , , , , , , , , , , , 
18.8376923, 0.018967, , , , , , , 18.8376923, -0.005539, , , , , , , 18.8376923, -0.0077211, , , , , , , 18.8376923, 0.0238346, , , , , , , , , , , , , , , , , , , , , , , , , , , , 
18.8382115, 0.0119173, , , , , , , 18.8382115, -0.005539, , , , , , , 18.8382115, -0.0058747, , , , , , , 18.8382115, 0.0318914, , , , , , , , , , , , , , , , , , , , , , , , , , , , 
18.8387308, 0.0092317, , , , , , , 18.8387308, -0.0050355, , , , , , , 18.8387308, -0.0041962, , , , , , , 18.8387308, 0.0399481, , , , , , , , , , , , , , , , , , , , , , , , , , , , 
18.83925, 0.0048676, , , , , , , 18.83925, -0.005539, , , , , , , 18.83925, -0.0025177, , , , , , , 18.83925, 0.0454871, , , , , , , , , , , , , , , , , , , , , , , , , , , , 
18.8397692, -0.0003357, , , , , , , 18.8397692, -0.0068818, , , , , , , 18.8397692, -0.002182, , , , , , , 18.8397692, 0.0481727, , , , , , , , , , , , , , , , , , , , , , , , , , , , 
18.8402885, -0.0028534, , , , , , , 18.8402885, -0.0073854, , , , , , , 18.8402885, -0.0028534, , , , , , , 18.8402885, 0.0491798, , , , , , , , , , , , , , , , , , , , , , , , , , , , 
18.8408077, -0.0052033, , , , , , , 18.8408077, -0.0075532, , , , , , , 18.8408077, -0.0043641, , , , , , , 18.8408077, 0.0481727, , , , , , , , , , , , , , , , , , , , , , , , , , , , 
18.8413269, -0.0109102, , , , , , , 18.8413269, -0.0075532, , , , , , , 18.8413269, -0.0041962, , , , , , , 18.8413269, 0.0448157, , , , , , , , , , , , , , , , , , , , , , , , , , , , 
18.8418462, -0.0139315, , , , , , , 18.8418462, -0.005539, , , , , , , 18.8418462, -0.0038605, , , , , , , 18.8418462, 0.0396124, , , , , , , , , , , , , , , , , , , , , , , , , , , , 
18.8423654, -0.0109102, , , , , , , 18.8423654, -0.0041962, , , , , , , 18.8423654, -0.002182, , , , , , , 18.8423654, 0.0360876, , , , , , , , , , , , , , , , , , , , , , , , , , , , 
18.8428846, -0.0068818, , , , , , , 18.8428846, -0.003357, , , , , , , 18.8428846, -0.0008392, , , , , , , 18.8428846, 0.0313878, , , , , , , , , , , , , , , , , , , , , , , , , , , , 
18.8434038, -0.0075532, , , , , , , 18.8434038, -0.0052033, , , , , , , 18.8434038, -0.0010071, , , , , , , 18.8434038, 0.0258488, , , , , , , , , , , , , , , , , , , , , , , , , , , , 
18.8439231, -0.0095674, , , , , , , 18.8439231, -0.0092317, , , , , , , 18.8439231, -0.0043641, , , , , , , 18.8439231, 0.0240024, , , , , , , , , , , , , , , , , , , , , , , , , , , , 
18.8444423, -0.0045319, , , , , , , 18.8444423, -0.0099031, , , , , , , 18.8444423, -0.0058747, , , , , , , 18.8444423, 0.023331, , , , , , , , , , , , , , , , , , , , , , , , , , , , 
18.8449615, 0.0030213, , , , , , , 18.8449615, -0.008896, , , , , , , 18.8449615, -0.0041962, , , , , , , 18.8449615, 0.0203098, , , , , , , , , , , , , , , , , , , , , , , , , , , , 
18.8454808, 0.0082246, , , , , , , 18.8454808, -0.0095674, , , , , , , 18.8454808, -0.0041962, , , , , , , 18.8454808, 0.0172885, , , , , , , , , , , , , , , , , , , , , , , , , , , , 
18.846, 0.0112459, , , , , , , 18.846, -0.0102388, , , , , , , 18.846, -0.0058747, , , , , , , 18.846, 0.0157778, , , , , , , , , , , , , , , , , , , , , , , , , , , , 
18.8465192, 0.0119173, , , , , , , 18.8465192, -0.0104067, , , , , , , 18.8465192, -0.0077211, , , , , , , 18.8465192, 0.0139315, , , , , , , , , , , , , , , , , , , , , , , , , , , , 
18.8470385, 0.0146029, , , , , , , 18.8470385, -0.0115816, , , , , , , 18.8470385, -0.0095674, , , , , , , 18.8470385, 0.0095674, , , , , , , , , , , , , , , , , , , , , , , , , , , , 
18.8475577, 0.0164492, , , , , , , 18.8475577, -0.012253, , , , , , , 18.8475577, -0.0115816, , , , , , , 18.8475577, 0.0072175, , , , , , , , , , , , , , , , , , , , , , , , , , , , 
18.8480769, 0.0117494, , , , , , , 18.8480769, -0.0095674, , , , , , , 18.8480769, -0.0109102, , , , , , , 18.8480769, 0.0078889, , , , , , , , , , , , , , , , , , , , , , , , , , , , 
18.8485962, 0.0078889, , , , , , , 18.8485962, -0.0062104, , , , , , , 18.8485962, -0.0095674, , , , , , , 18.8485962, 0.0109102, , , , , , , , , , , , , , , , , , , , , , , , , , , , 
18.8491154, 0.011078, , , , , , , 18.8491154, -0.0072175, , , , , , , 18.8491154, -0.0072175, , , , , , , 18.8491154, 0.0124208, , , , , , , , , , , , , , , , , , , , , , , , , , , , 
18.8496346, 0.014435, , , , , , , 18.8496346, -0.008896, , , , , , , 18.8496346, -0.005539, , , , , , , 18.8496346, 0.0125887, , , , , , , , , , , , , , , , , , , , , , , , , , , , 
18.8501538, 0.0154421, , , , , , , 18.8501538, -0.0092317, , , , , , , 18.8501538, -0.0062104, , , , , , , 18.8501538, 0.0112459, , , , , , , , , , , , , , , , , , , , , , , , , , , , 
18.8506731, 0.01561, , , , , , , 18.8506731, -0.008896, , , , , , , 18.8506731, -0.0075532, , , , , , , 18.8506731, 0.0099031, , , , , , , , , , , , , , , , , , , , , , , , , , , , 
18.8511923, 0.0139315, , , , , , , 18.8511923, -0.0095674, , , , , , , 18.8511923, -0.008896, , , , , , , 18.8511923, 0.0052033, , , , , , , , , , , , , , , , , , , , , , , , , , , , 
18.8517115, 0.0152743, , , , , , , 18.8517115, -0.0109102, , , , , , , 18.8517115, -0.0115816, , , , , , , 18.8517115, -0.0028534, , , , , , , , , , , , , , , , , , , , , , , , , , , , 
18.8522308, 0.0223239, , , , , , , 18.8522308, -0.0095674, , , , , , , 18.8522308, -0.0135958, , , , , , , 18.8522308, -0.0109102, , , , , , , , , , , , , , , , , , , , , , , , , , , , 
18.85275, 0.0287022, , , , , , , 18.85275, -0.0070497, , , , , , , 18.85275, -0.0135958, , , , , , , 18.85275, -0.0139315, , , , , , , , , , , , , , , , , , , , , , , , , , , , 
18.8532692, 0.0330663, , , , , , , 18.8532692, -0.005539, , , , , , , 18.8532692, -0.012253, , , , , , , 18.8532692, -0.0137636, , , , , , , , , , , , , , , , , , , , , , , , , , , , 
18.8537885, 0.0350805, , , , , , , 18.8537885, -0.005539, , , , , , , 18.8537885, -0.0102388, , , , , , , 18.8537885, -0.0135958, , , , , , , , , , , , , , , , , , , , , , , , , , , , 
18.8543077, 0.0307164, , , , , , , 18.8543077, -0.008896, , , , , , , 18.8543077, -0.0083925, , , , , , , 18.8543077, -0.0125887, , , , , , , , , , , , , , , , , , , , , , , , , , , , 
18.8548269, 0.0258488, , , , , , , 18.8548269, -0.0099031, , , , , , , 18.8548269, -0.0072175, , , , , , , 18.8548269, -0.0097353, , , , , , , , , , , , , , , , , , , , , , , , , , , , 
18.8553462, 0.0193027, , , , , , , 18.8553462, -0.008896, , , , , , , 18.8553462, -0.0063783, , , , , , , 18.8553462, -0.0045319, , , , , , , , , , , , , , , , , , , , , , , , , , , , 
18.8558654, 0.0159457, , , , , , , 18.8558654, -0.0072175, , , , , , , 18.8558654, -0.0050355, , , , , , , 18.8558654, -0.0001678, , , , , , , , , , , , , , , , , , , , , , , , , , , , 
18.8563846, 0.0162814, , , , , , , 18.8563846, -0.0068818, , , , , , , 18.8563846, -0.0038605, , , , , , , 18.8563846, 0.0025177, , , , , , , , , , , , , , , , , , , , , , , , , , , , 
18.8569038, 0.0132601, , , , , , , 18.8569038, -0.0075532, , , , , , , 18.8569038, -0.0060426, , , , , , , 18.8569038, 0.0058747, , , , , , , , , , , , , , , , , , , , , , , , , , , , 
18.8574231, 0.0045319, , , , , , , 18.8574231, -0.0095674, , , , , , , 18.8574231, -0.0095674, , , , , , , 18.8574231, 0.0149386, , , , , , , , , , , , , , , , , , , , , , , , , , , , 
18.8579423, -0.0008392, , , , , , , 18.8579423, -0.0105745, , , , , , , 18.8579423, -0.0092317, , , , , , , 18.8579423, 0.0229953, , , , , , , , , , , , , , , , , , , , , , , , , , , , 
18.8584615, -0.0016785, , , , , , , 18.8584615, -0.0102388, , , , , , , 18.8584615, -0.0065461, , , , , , , 18.8584615, 0.0305486, , , , , , , , , , , , , , , , , , , , , , , , , , , , 
18.8589808, -0.005539, , , , , , , 18.8589808, -0.0105745, , , , , , , 18.8589808, -0.0050355, , , , , , , 18.8589808, 0.0381018, , , , , , , , , , , , , , , , , , , , , , , , , , , , 
18.8595, -0.0095674, , , , , , , 18.8595, -0.0095674, , , , , , , 18.8595, -0.0041962, , , , , , , 18.8595, 0.042298, , , , , , , , , , , , , , , , , , , , , , , , , , , , 
18.8600192, -0.011078, , , , , , , 18.8600192, -0.0072175, , , , , , , 18.8600192, -0.0028534, , , , , , , 18.8600192, 0.0428016, , , , , , , , , , , , , , , , , , , , , , , , , , , , 
18.8605385, -0.0092317, , , , , , , 18.8605385, -0.0068818, , , , , , , 18.8605385, -0.0001678, , , , , , , 18.8605385, 0.043473, , , , , , , , , , , , , , , , , , , , , , , , , , , , 
18.8610577, -0.0035248, , , , , , , 18.8610577, -0.0075532, , , , , , , 18.8610577, -0.0015106, , , , , , , 18.8610577, 0.0431373, , , , , , , , , , , , , , , , , , , , , , , , , , , , 
18.8615769, 0.0016785, , , , , , , 18.8615769, -0.0077211, , , , , , , 18.8615769, -0.0041962, , , , , , , 18.8615769, 0.0394446, , , , , , , , , , , , , , , , , , , , , , , , , , , , 
18.8620962, 0.0011749, , , , , , , 18.8620962, -0.0072175, , , , , , , 18.8620962, -0.0041962, , , , , , , 18.8620962, 0.0320592, , , , , , , , , , , , , , , , , , , , , , , , , , , , 
18.8626154, -0.0018463, , , , , , , 18.8626154, -0.0062104, , , , , , , 18.8626154, -0.0041962, , , , , , , 18.8626154, 0.0253452, , , , , , , , , , , , , , , , , , , , , , , , , , , , 
18.8631346, -0.0001678, , , , , , , 18.8631346, -0.0052033, , , , , , , 18.8631346, -0.005539, , , , , , , 18.8631346, 0.0213169, , , , , , , , , , , , , , , , , , , , , , , , , , , , 
18.8636538, 0.0052033, , , , , , , 18.8636538, -0.0048676, , , , , , , 18.8636538, -0.0065461, , , , , , , 18.8636538, 0.018967, , , , , , , , , , , , , , , , , , , , , , , , , , , , 
18.8641731, 0.0112459, , , , , , , 18.8641731, -0.0057069, , , , , , , 18.8641731, -0.0048676, , , , , , , 18.8641731, 0.017792, , , , , , , , , , , , , , , , , , , , , , , , , , , , 
18.8646923, 0.0119173, , , , , , , 18.8646923, -0.0062104, , , , , , , 18.8646923, -0.0035248, , , , , , , 18.8646923, 0.0159457, , , , , , , , , , , , , , , , , , , , , , , , , , , , 
18.8652115, 0.0117494, , , , , , , 18.8652115, -0.0068818, , , , , , , 18.8652115, -0.0041962, , , , , , , 18.8652115, 0.0139315, , , , , , , , , , , , , , , , , , , , , , , , , , , , 
18.8657308, 0.0109102, , , , , , , 18.8657308, -0.0082246, , , , , , , 18.8657308, -0.0053712, , , , , , , 18.8657308, 0.0139315, , , , , , , , , , , , , , , , , , , , , , , , , , , , 
18.86625, 0.0132601, , , , , , , 18.86625, -0.0095674, , , , , , , 18.86625, -0.0068818, , , , , , , 18.86625, 0.0119173, , , , , , , , , , , , , , , , , , , , , , , , , , , , 
18.8667692, 0.0166171, , , , , , , 18.8667692, -0.0099031, , , , , , , 18.8667692, -0.008896, , , , , , , 18.8667692, 0.0099031, , , , , , , , , , , , , , , , , , , , , , , , , , , , 
18.8672885, 0.0226596, , , , , , , 18.8672885, -0.0075532, , , , , , , 18.8672885, -0.0095674, , , , , , , 18.8672885, 0.0075532, , , , , , , , , , , , , , , , , , , , , , , , , , , , 
18.8678077, 0.0250095, , , , , , , 18.8678077, -0.0075532, , , , , , , 18.8678077, -0.0099031, , , , , , , 18.8678077, 0.0068818, , , , , , , , , , , , , , , , , , , , , , , , , , , , 
18.8683269, 0.0209812, , , , , , , 18.8683269, -0.008896, , , , , , , 18.8683269, -0.0102388, , , , , , , 18.8683269, 0.0077211, , , , , , , , , , , , , , , , , , , , , , , , , , , , 
18.8688462, 0.0179599, , , , , , , 18.8688462, -0.0095674, , , , , , , 18.8688462, -0.0119173, , , , , , , 18.8688462, 0.0068818, , , , , , , , , , , , , , , , , , , , , , , , , , , , 
18.8693654, 0.0196384, , , , , , , 18.8693654, -0.0109102, , , , , , , 18.8693654, -0.0115816, , , , , , , 18.8693654, 0.0048676, , , , , , , , , , , , , , , , , , , , , , , , , , , , 
18.8698846, 0.0186313, , , , , , , 18.8698846, -0.0119173, , , , , , , 18.8698846, -0.0102388, , , , , , , 18.8698846, 0.0016785, , , , , , , , , , , , , , , , , , , , , , , , , , , , 
18.8704038, 0.0162814, , , , , , , 18.8704038, -0.0104067, , , , , , , 18.8704038, -0.008896, , , , , , , 18.8704038, -0.0008392, , , , , , , , , , , , , , , , , , , , , , , , , , , , 
18.8709231, 0.0146029, , , , , , , 18.8709231, -0.0082246, , , , , , , 18.8709231, -0.008896, , , , , , , 18.8709231, -0.002182, , , , , , , , , , , , , , , , , , , , , , , , , , , , 
18.8714423, 0.0191348, , , , , , , 18.8714423, -0.0102388, , , , , , , 18.8714423, -0.0092317, , , , , , , 18.8714423, -0.0048676, , , , , , , , , , , , , , , , , , , , , , , , , , , , 
18.8719615, 0.0265202, , , , , , , 18.8719615, -0.0109102, , , , , , , 18.8719615, -0.0109102, , , , , , , 18.8719615, -0.0099031, , , , , , , , , , , , , , , , , , , , , , , , , , , , 
18.8724808, 0.0330663, , , , , , , 18.8724808, -0.0102388, , , , , , , 18.8724808, -0.0129244, , , , , , , 18.8724808, -0.0132601, , , , , , , , , , , , , , , , , , , , , , , , , , , , 
18.873, 0.0370947, , , , , , , 18.873, -0.008896, , , , , , , 18.873, -0.0129244, , , , , , , 18.873, -0.0142672, , , , , , , , , , , , , , , , , , , , , , , , , , , , 
18.8735192, 0.0392767, , , , , , , 18.8735192, -0.0072175, , , , , , , 18.8735192, -0.0129244, , , , , , , 18.8735192, -0.0137636, , , , , , , , , , , , , , , , , , , , , , , , , , , , 
18.8740385, 0.0397803, , , , , , , 18.8740385, -0.0068818, , , , , , , 18.8740385, -0.0149386, , , , , , , 18.8740385, -0.014435, , , , , , , , , , , , , , , , , , , , , , , , , , , , 
18.8745577, 0.043473, , , , , , , 18.8745577, -0.0082246, , , , , , , 18.8745577, -0.0149386, , , , , , , 18.8745577, -0.0146029, , , , , , , , , , , , , , , , , , , , , , , , , , , , 
18.8750769, 0.0454871, , , , , , , 18.8750769, -0.0075532, , , , , , , 18.8750769, -0.0142672, , , , , , , 18.8750769, -0.0142672, , , , , , , , , , , , , , , , , , , , , , , , , , , , 
18.8755962, 0.0412909, , , , , , , 18.8755962, -0.0063783, , , , , , , 18.8755962, -0.0149386, , , , , , , 18.8755962, -0.0112459, , , , , , , , , , , , , , , , , , , , , , , , , , , , 
18.8761154, 0.0365911, , , , , , , 18.8761154, -0.0062104, , , , , , , 18.8761154, -0.0135958, , , , , , , 18.8761154, -0.0083925, , , , , , , , , , , , , , , , , , , , , , , , , , , , 
18.8766346, 0.0387732, , , , , , , 18.8766346, -0.0058747, , , , , , , 18.8766346, -0.0129244, , , , , , , 18.8766346, -0.005539, , , , , , , , , , , , , , , , , , , , , , , , , , , , 
18.8771538, 0.0392767, , , , , , , 18.8771538, -0.0048676, , , , , , , 18.8771538, -0.0139315, , , , , , , 18.8771538, 0.0001678, , , , , , , , , , , , , , , , , , , , , , , , , , , , 
18.8776731, 0.0290379, , , , , , , 18.8776731, -0.0048676, , , , , , , 18.8776731, -0.0142672, , , , , , , 18.8776731, 0.0092317, , , , , , , , , , , , , , , , , , , , , , , , , , , , 
18.8781923, 0.0142672, , , , , , , 18.8781923, -0.0062104, , , , , , , 18.8781923, -0.0125887, , , , , , , 18.8781923, 0.0196384, , , , , , , , , , , , , , , , , , , , , , , , , , , , 
18.8787115, 0.0015106, , , , , , , 18.8787115, -0.0077211, , , , , , , 18.8787115, -0.0114137, , , , , , , 18.8787115, 0.0303807, , , , , , , , , , , , , , , , , , , , , , , , , , , , 
18.8792308, -0.0068818, , , , , , , 18.8792308, -0.0072175, , , , , , , 18.8792308, -0.0085603, , , , , , , 18.8792308, 0.0384375, , , , , , , , , , , , , , , , , , , , , , , , , , , , 
18.87975, -0.008896, , , , , , , 18.87975, -0.0072175, , , , , , , 18.87975, -0.0057069, , , , , , , 18.87975, 0.043473, , , , , , , , , , , , , , , , , , , , , , , , , , , , 
18.8802692, -0.008896, , , , , , , 18.8802692, -0.0062104, , , , , , , 18.8802692, -0.0035248, , , , , , , 18.8802692, 0.0468299, , , , , , , , , , , , , , , , , , , , , , , , , , , , 
18.8807885, -0.0095674, , , , , , , 18.8807885, -0.0058747, , , , , , , 18.8807885, -0.0023499, , , , , , , 18.8807885, 0.0493477, , , , , , , , , , , , , , , , , , , , , , , , , , , , 
18.8813077, -0.0142672, , , , , , , 18.8813077, -0.0075532, , , , , , , 18.8813077, -0.0028534, , , , , , , 18.8813077, 0.0481727, , , , , , , , , , , , , , , , , , , , , , , , , , , , 
18.8818269, -0.0140993, , , , , , , 18.8818269, -0.0090639, , , , , , , 18.8818269, -0.0041962, , , , , , , 18.8818269, 0.0421302, , , , , , , , , , , , , , , , , , , , , , , , , , , , 
18.8823462, -0.0062104, , , , , , , 18.8823462, -0.008896, , , , , , , 18.8823462, -0.0045319, , , , , , , 18.8823462, 0.0357519, , , , , , , , , , , , , , , , , , , , , , , , , , , , 
18.8828654, -0.0028534, , , , , , , 18.8828654, -0.0082246, , , , , , , 18.8828654, -0.005539, , , , , , , 18.8828654, 0.0297093, , , , , , , , , , , , , , , , , , , , , , , , , , , , 
18.8833846, -0.0048676, , , , , , , 18.8833846, -0.0062104, , , , , , , 18.8833846, -0.0062104, , , , , , , 18.8833846, 0.0229953, , , , , , , , , , , , , , , , , , , , , , , , , , , , 
18.8839038, -0.005539, , , , , , , 18.8839038, -0.005539, , , , , , , 18.8839038, -0.0058747, , , , , , , 18.8839038, 0.0172885, , , , , , , , , , , , , , , , , , , , , , , , , , , , 
18.8844231, -0.0008392, , , , , , , 18.8844231, -0.0062104, , , , , , , 18.8844231, -0.0068818, , , , , , , 18.8844231, 0.0132601, , , , , , , , , , , , , , , , , , , , , , , , , , , , 
18.8849423, 0.0048676, , , , , , , 18.8849423, -0.0082246, , , , , , , 18.8849423, -0.0085603, , , , , , , 18.8849423, 0.0095674, , , , , , , , , , , , , , , , , , , , , , , , , , , , 
18.8854615, 0.0062104, , , , , , , 18.8854615, -0.0095674, , , , , , , 18.8854615, -0.0095674, , , , , , , 18.8854615, 0.0065461, , , , , , , , , , , , , , , , , , , , , , , , , , , , 
18.8859808, 0.005539, , , , , , , 18.8859808, -0.0097353, , , , , , , 18.8859808, -0.0072175, , , , , , , 18.8859808, 0.0041962, , , , , , , , , , , , , , , , , , , , , , , , , , , , 
18.8865, 0.0065461, , , , , , , 18.8865, -0.0075532, , , , , , , 18.8865, -0.0043641, , , , , , , 18.8865, 0.0028534, , , , , , , , , , , , , , , , , , , , , , , , , , , , 
18.8870192, 0.0092317, , , , , , , 18.8870192, -0.0041962, , , , , , , 18.8870192, -0.005539, , , , , , , 18.8870192, -0.0001678, , , , , , , , , , , , , , , , , , , , , , , , , , , , 
18.8875385, 0.0129244, , , , , , , 18.8875385, -0.002182, , , , , , , 18.8875385, -0.0072175, , , , , , , 18.8875385, -0.0008392, , , , , , , , , , , , , , , , , , , , , , , , , , , , 
18.8880577, 0.0169528, , , , , , , 18.8880577, -0.0030213, , , , , , , 18.8880577, -0.0082246, , , , , , , 18.8880577, -0.0008392, , , , , , , , , , , , , , , , , , , , , , , , , , , , 
18.8885769, 0.0209812, , , , , , , 18.8885769, -0.0041962, , , , , , , 18.8885769, -0.0085603, , , , , , , 18.8885769, -0.0003357, , , , , , , , , , , , , , , , , , , , , , , , , , , , 
18.8890962, 0.0203098, , , , , , , 18.8890962, -0.0041962, , , , , , , 18.8890962, -0.0075532, , , , , , , 18.8890962, -0.0010071, , , , , , , , , , , , , , , , , , , , , , , , , , , , 
18.8896154, 0.0176242, , , , , , , 18.8896154, -0.0035248, , , , , , , 18.8896154, -0.0068818, , , , , , , 18.8896154, -0.0005035, , , , , , , , , , , , , , , , , , , , , , , , , , , , 
18.8901346, 0.0162814, , , , , , , 18.8901346, -0.0052033, , , , , , , 18.8901346, -0.0062104, , , , , , , 18.8901346, -0.0015106, , , , , , , , , , , , , , , , , , , , , , , , , , , , 
18.8906538, 0.0179599, , , , , , , 18.8906538, -0.0072175, , , , , , , 18.8906538, -0.0070497, , , , , , , 18.8906538, -0.0041962, , , , , , , , , , , , , , , , , , , , , , , , , , , , 
18.8911731, 0.0203098, , , , , , , 18.8911731, -0.0095674, , , , , , , 18.8911731, -0.0082246, , , , , , , 18.8911731, -0.0125887, , , , , , , , , , , , , , , , , , , , , , , , , , , , 
18.8916923, 0.0243381, , , , , , , 18.8916923, -0.0104067, , , , , , , 18.8916923, -0.0072175, , , , , , , 18.8916923, -0.0213169, , , , , , , , , , , , , , , , , , , , , , , , , , , , 
18.8922115, 0.0307164, , , , , , , 18.8922115, -0.0112459, , , , , , , 18.8922115, -0.0072175, , , , , , , 18.8922115, -0.0223239, , , , , , , , , , , , , , , , , , , , , , , , , , , , 
18.8927308, 0.0327306, , , , , , , 18.8927308, -0.0109102, , , , , , , 18.8927308, -0.0090639, , , , , , , 18.8927308, -0.0204776, , , , , , , , , , , , , , , , , , , , , , , , , , , , 
18.89325, 0.0337377, , , , , , , 18.89325, -0.0112459, , , , , , , 18.89325, -0.0095674, , , , , , , 18.89325, -0.0206455, , , , , , , , , , , , , , , , , , , , , , , , , , , , 
18.8937692, 0.0397803, , , , , , , 18.8937692, -0.0112459, , , , , , , 18.8937692, -0.0092317, , , , , , , 18.8937692, -0.0182956, , , , , , , , , , , , , , , , , , , , , , , , , , , , 
18.8942885, 0.0461585, , , , , , , 18.8942885, -0.0102388, , , , , , , 18.8942885, -0.0085603, , , , , , , 18.8942885, -0.0152743, , , , , , , , , , , , , , , , , , , , , , , , , , , , 
18.8948077, 0.0387732, , , , , , , 18.8948077, -0.0095674, , , , , , , 18.8948077, -0.0065461, , , , , , , 18.8948077, -0.0112459, , , , , , , , , , , , , , , , , , , , , , , , , , , , 
18.8953269, 0.0260166, , , , , , , 18.8953269, -0.0109102, , , , , , , 18.8953269, -0.005539, , , , , , , 18.8953269, -0.0045319, , , , , , , , , , , , , , , , , , , , , , , , , , , , 
18.8958462, 0.0179599, , , , , , , 18.8958462, -0.012253, , , , , , , 18.8958462, -0.0090639, , , , , , , 18.8958462, 0.0031891, , , , , , , , , , , , , , , , , , , , , , , , , , , , 
18.8963654, 0.0166171, , , , , , , 18.8963654, -0.0109102, , , , , , , 18.8963654, -0.012253, , , , , , , 18.8963654, 0.0095674, , , , , , , , , , , , , , , , , , , , , , , , , , , , 
18.8968846, 0.0146029, , , , , , , 18.8968846, -0.008896, , , , , , , 18.8968846, -0.0109102, , , , , , , 18.8968846, 0.0142672, , , , , , , , , , , , , , , , , , , , , , , , , , , , 
18.8974038, 0.0058747, , , , , , , 18.8974038, -0.0085603, , , , , , , 18.8974038, -0.0083925, , , , , , , 18.8974038, 0.021149, , , , , , , , , , , , , , , , , , , , , , , , , , , , 
18.8979231, -0.0041962, , , , , , , 18.8979231, -0.0092317, , , , , , , 18.8979231, -0.008896, , , , , , , 18.8979231, 0.030045, , , , , , , , , , , , , , , , , , , , , , , , , , , , 
18.8984423, -0.0105745, , , , , , , 18.8984423, -0.0102388, , , , , , , 18.8984423, -0.0109102, , , , , , , 18.8984423, 0.0392767, , , , , , , , , , , , , , , , , , , , , , , , , , , , 
18.8989615, -0.0129244, , , , , , , 18.8989615, -0.0099031, , , , , , , 18.8989615, -0.0099031, , , , , , , 18.8989615, 0.0461585, , , , , , , , , , , , , , , , , , , , , , , , , , , , 
18.8994808, -0.0130922, , , , , , , 18.8994808, -0.0082246, , , , , , , 18.8994808, -0.0078889, , , , , , , 18.8994808, 0.0528725, , , , , , , , , , , , , , , , , , , , , , , , , , , , 
18.9, -0.0135958, , , , , , , 18.9, -0.0068818, , , , , , , 18.9, -0.0062104, , , , , , , 18.9, 0.0582437, , , , , , , , , , , , , , , , , , , , , , , , , , , , 
18.9005192, -0.0152743, , , , , , , 18.9005192, -0.0072175, , , , , , , 18.9005192, -0.0065461, , , , , , , 18.9005192, 0.0592508, , , , , , , , , , , , , , , , , , , , , , , , , , , , 
18.9010385, -0.0169528, , , , , , , 18.9010385, -0.008896, , , , , , , 18.9010385, -0.0095674, , , , , , , 18.9010385, 0.0562295, , , , , , , , , , , , , , , , , , , , , , , , , , , , 
18.9015577, -0.0142672, , , , , , , 18.9015577, -0.008896, , , , , , , 18.9015577, -0.0112459, , , , , , , 18.9015577, 0.0463264, , , , , , , , , , , , , , , , , , , , , , , , , , , , 
18.9020769, -0.0075532, , , , , , , 18.9020769, -0.0085603, , , , , , , 18.9020769, -0.012253, , , , , , , 18.9020769, 0.0327306, , , , , , , , , , , , , , , , , , , , , , , , , , , , 
18.9025962, 0.0038605, , , , , , , 18.9025962, -0.0062104, , , , , , , 18.9025962, -0.0097353, , , , , , , 18.9025962, 0.0246738, , , , , , , , , , , , , , , , , , , , , , , , , , , , 
18.9031154, 0.0146029, , , , , , , 18.9031154, -0.0041962, , , , , , , 18.9031154, -0.0083925, , , , , , , 18.9031154, 0.024506, , , , , , , , , , , , , , , , , , , , , , , , , , , , 
18.9036346, 0.0186313, , , , , , , 18.9036346, -0.0041962, , , , , , , 18.9036346, -0.0085603, , , , , , , 18.9036346, 0.0240024, , , , , , , , , , , , , , , , , , , , , , , , , , , , 
18.9041538, 0.0172885, , , , , , , 18.9041538, -0.0058747, , , , , , , 18.9041538, -0.0077211, , , , , , , 18.9041538, 0.0209812, , , , , , , , , , , , , , , , , , , , , , , , , , , , 
18.9046731, 0.0169528, , , , , , , 18.9046731, -0.0075532, , , , , , , 18.9046731, -0.0062104, , , , , , , 18.9046731, 0.0169528, , , , , , , , , , , , , , , , , , , , , , , , , , , , 
18.9051923, 0.0186313, , , , , , , 18.9051923, -0.0072175, , , , , , , 18.9051923, -0.0058747, , , , , , , 18.9051923, 0.0132601, , , , , , , , , , , , , , , , , , , , , , , , , , , , 
18.9057115, 0.0240024, , , , , , , 18.9057115, -0.008896, , , , , , , 18.9057115, -0.0058747, , , , , , , 18.9057115, 0.0115816, , , , , , , , , , , , , , , , , , , , , , , , , , , , 
18.9062308, 0.0246738, , , , , , , 18.9062308, -0.012253, , , , , , , 18.9062308, -0.0075532, , , , , , , 18.9062308, 0.0105745, , , , , , , , , , , , , , , , , , , , , , , , , , , , 
18.90675, 0.0213169, , , , , , , 18.90675, -0.0129244, , , , , , , 18.90675, -0.0095674, , , , , , , 18.90675, 0.0085603, , , , , , , , , , , , , , , , , , , , , , , , , , , , 
18.9072692, 0.0186313, , , , , , , 18.9072692, -0.0115816, , , , , , , 18.9072692, -0.0082246, , , , , , , 18.9072692, 0.0038605, , , , , , , , , , , , , , , , , , , , , , , , , , , , 
18.9077885, 0.0176242, , , , , , , 18.9077885, -0.0104067, , , , , , , 18.9077885, -0.0068818, , , , , , , 18.9077885, 0.0005035, , , , , , , , , , , , , , , , , , , , , , , , , , , , 
18.9083077, 0.014435, , , , , , , 18.9083077, -0.011078, , , , , , , 18.9083077, -0.0078889, , , , , , , 18.9083077, 0.002182, , , , , , , , , , , , , , , , , , , , , , , , , , , , 
18.9088269, 0.0112459, , , , , , , 18.9088269, -0.0112459, , , , , , , 18.9088269, -0.0095674, , , , , , , 18.9088269, 0.0062104, , , , , , , , , , , , , , , , , , , , , , , , , , , , 
18.9093462, 0.0115816, , , , , , , 18.9093462, -0.0095674, , , , , , , 18.9093462, -0.0105745, , , , , , , 18.9093462, 0.008896, , , , , , , , , , , , , , , , , , , , , , , , , , , , 
18.9098654, 0.0132601, , , , , , , 18.9098654, -0.0085603, , , , , , , 18.9098654, -0.0092317, , , , , , , 18.9098654, 0.0109102, , , , , , , , , , , , , , , , , , , , , , , , , , , , 
18.9103846, 0.0149386, , , , , , , 18.9103846, -0.0109102, , , , , , , 18.9103846, -0.0075532, , , , , , , 18.9103846, 0.0105745, , , , , , , , , , , , , , , , , , , , , , , , , , , , 
18.9109038, 0.0203098, , , , , , , 18.9109038, -0.0119173, , , , , , , 18.9109038, -0.0082246, , , , , , , 18.9109038, 0.0065461, , , , , , , , , , , , , , , , , , , , , , , , , , , , 
18.9114231, 0.0253452, , , , , , , 18.9114231, -0.0112459, , , , , , , 18.9114231, -0.0085603, , , , , , , 18.9114231, -0.0001678, , , , , , , , , , , , , , , , , , , , , , , , , , , , 
18.9119423, 0.0290379, , , , , , , 18.9119423, -0.010071, , , , , , , 18.9119423, -0.0078889, , , , , , , 18.9119423, -0.0077211, , , , , , , , , , , , , , , , , , , , , , , , , , , , 
18.9124615, 0.0303807, , , , , , , 18.9124615, -0.0097353, , , , , , , 18.9124615, -0.0085603, , , , , , , 18.9124615, -0.0109102, , , , , , , , , , , , , , , , , , , , , , , , , , , , 
18.9129808, 0.0298772, , , , , , , 18.9129808, -0.0085603, , , , , , , 18.9129808, -0.0129244, , , , , , , 18.9129808, -0.0129244, , , , , , , , , , , , , , , , , , , , , , , , , , , , 
18.9135, 0.0297093, , , , , , , 18.9135, -0.0072175, , , , , , , 18.9135, -0.0142672, , , , , , , 18.9135, -0.0139315, , , , , , , , , , , , , , , , , , , , , , , , , , , , 
18.9140192, 0.0320592, , , , , , , 18.9140192, -0.008896, , , , , , , 18.9140192, -0.0119173, , , , , , , 18.9140192, -0.0119173, , , , , , , , , , , , , , , , , , , , , , , , , , , , 
18.9145385, 0.0347448, , , , , , , 18.9145385, -0.0082246, , , , , , , 18.9145385, -0.0095674, , , , , , , 18.9145385, -0.0082246, , , , , , , , , , , , , , , , , , , , , , , , , , , , 
18.9150577, 0.0313878, , , , , , , 18.9150577, -0.0068818, , , , , , , 18.9150577, -0.0095674, , , , , , , 18.9150577, -0.0028534, , , , , , , , , , , , , , , , , , , , , , , , , , , , 
18.9155769, 0.0213169, , , , , , , 18.9155769, -0.0075532, , , , , , , 18.9155769, -0.0095674, , , , , , , 18.9155769, 0.0035248, , , , , , , , , , , , , , , , , , , , , , , , , , , , 
18.9160962, 0.0125887, , , , , , , 18.9160962, -0.0083925, , , , , , , 18.9160962, -0.0077211, , , , , , , 18.9160962, 0.0085603, , , , , , , , , , , , , , , , , , , , , , , , , , , , 
18.9166154, 0.0052033, , , , , , , 18.9166154, -0.0085603, , , , , , , 18.9166154, -0.0070497, , , , , , , 18.9166154, 0.0135958, , , , , , , , , , , , , , , , , , , , , , , , , , , , 
18.9171346, 0.0003357, , , , , , , 18.9171346, -0.008896, , , , , , , 18.9171346, -0.0065461, , , , , , , 18.9171346, 0.0191348, , , , , , , , , , , , , , , , , , , , , , , , , , , , 
18.9176538, -0.0028534, , , , , , , 18.9176538, -0.0085603, , , , , , , 18.9176538, -0.0072175, , , , , , , 18.9176538, 0.026688, , , , , , , , , , , , , , , , , , , , , , , , , , , , 
18.9181731, -0.0011749, , , , , , , 18.9181731, -0.0075532, , , , , , , 18.9181731, -0.0052033, , , , , , , 18.9181731, 0.0360876, , , , , , , , , , , , , , , , , , , , , , , , , , , , 
18.9186923, -0.0008392, , , , , , , 18.9186923, -0.0057069, , , , , , , 18.9186923, -0.0031891, , , , , , , 18.9186923, 0.0428016, , , , , , , , , , , , , , , , , , , , , , , , , , , , 
18.9192115, -0.0038605, , , , , , , 18.9192115, -0.005539, , , , , , , 18.9192115, -0.002182, , , , , , , 18.9192115, 0.0471656, , , , , , , , , , , , , , , , , , , , , , , , , , , , 
18.9197308, -0.0075532, , , , , , , 18.9197308, -0.0048676, , , , , , , 18.9197308, 0.0003357, , , , , , , 18.9197308, 0.0532082, , , , , , , , , , , , , , , , , , , , , , , , , , , , 
18.92025, -0.0135958, , , , , , , 18.92025, -0.0045319, , , , , , , 18.92025, 0.0016785, , , , , , , 18.92025, 0.0575723, , , , , , , , , , , , , , , , , , , , , , , , , , , , 
18.9207692, -0.0209812, , , , , , , 18.9207692, -0.0052033, , , , , , , 18.9207692, -0.002182, , , , , , , 18.9207692, 0.0565652, , , , , , , , , , , , , , , , , , , , , , , , , , , , 
18.9212885, -0.018967, , , , , , , 18.9212885, -0.0057069, , , , , , , 18.9212885, -0.0052033, , , , , , , 18.9212885, 0.0501869, , , , , , , , , , , , , , , , , , , , , , , , , , , , 
18.9218077, -0.0102388, , , , , , , 18.9218077, -0.0072175, , , , , , , 18.9218077, -0.005539, , , , , , , 18.9218077, 0.0424659, , , , , , , , , , , , , , , , , , , , , , , , , , , , 
18.9223269, -0.0058747, , , , , , , 18.9223269, -0.0082246, , , , , , , 18.9223269, -0.0065461, , , , , , , 18.9223269, 0.0384375, , , , , , , , , , , , , , , , , , , , , , , , , , , , 
18.9228462, -0.005539, , , , , , , 18.9228462, -0.0095674, , , , , , , 18.9228462, -0.0072175, , , , , , , 18.9228462, 0.0347448, , , , , , , , , , , , , , , , , , , , , , , , , , , , 
18.9233654, 0.0005035, , , , , , , 18.9233654, -0.008896, , , , , , , 18.9233654, -0.0058747, , , , , , , 18.9233654, 0.0287022, , , , , , , , , , , , , , , , , , , , , , , , , , , , 
18.9238846, 0.0105745, , , , , , , 18.9238846, -0.0075532, , , , , , , 18.9238846, -0.0065461, , , , , , , 18.9238846, 0.0214847, , , , , , , , , , , , , , , , , , , , , , , , , , , , 
18.9244038, 0.017792, , , , , , , 18.9244038, -0.0082246, , , , , , , 18.9244038, -0.0095674, , , , , , , 18.9244038, 0.0176242, , , , , , , , , , , , , , , , , , , , , , , , , , , , 
18.9249231, 0.0213169, , , , , , , 18.9249231, -0.0090639, , , , , , , 18.9249231, -0.0129244, , , , , , , 18.9249231, 0.0171206, , , , , , , , , , , , , , , , , , , , , , , , , , , , 
18.9254423, 0.0240024, , , , , , , 18.9254423, -0.0082246, , , , , , , 18.9254423, -0.0124208, , , , , , , 18.9254423, 0.0164492, , , , , , , , , , , , , , , , , , , , , , , , , , , , 
18.9259615, 0.026688, , , , , , , 18.9259615, -0.0078889, , , , , , , 18.9259615, -0.0087282, , , , , , , 18.9259615, 0.0119173, , , , , , , , , , , , , , , , , , , , , , , , , , , , 
18.9264808, 0.0293736, , , , , , , 18.9264808, -0.0057069, , , , , , , 18.9264808, -0.0068818, , , , , , , 18.9264808, 0.0072175, , , , , , , , , , , , , , , , , , , , , , , , , , , , 
18.927, 0.0303807, , , , , , , 18.927, -0.0035248, , , , , , , 18.927, -0.0075532, , , , , , , 18.927, 0.0048676, , , , , , , , , , , , , , , , , , , , , , , , , , , , 
18.9275192, 0.026688, , , , , , , 18.9275192, -0.0046998, , , , , , , 18.9275192, -0.0095674, , , , , , , 18.9275192, 0.0038605, , , , , , , , , , , , , , , , , , , , , , , , , , , , 
18.9280385, 0.0263523, , , , , , , 18.9280385, -0.0062104, , , , , , , 18.9280385, -0.0109102, , , , , , , 18.9280385, 0.0018463, , , , , , , , , , , , , , , , , , , , , , , , , , , , 
18.9285577, 0.0313878, , , , , , , 18.9285577, -0.0068818, , , , , , , 18.9285577, -0.0097353, , , , , , , 18.9285577, 0.0018463, , , , , , , , , , , , , , , , , , , , , , , , , , , , 
18.9290769, 0.033402, , , , , , , 18.9290769, -0.0065461, , , , , , , 18.9290769, -0.0078889, , , , , , , 18.9290769, 0.0036927, , , , , , , , , , , , , , , , , , , , , , , , , , , , 
18.9295962, 0.0283665, , , , , , , 18.9295962, -0.0048676, , , , , , , 18.9295962, -0.0075532, , , , , , , 18.9295962, 0.0038605, , , , , , , , , , , , , , , , , , , , , , , , , , , , 
18.9301154, 0.0182956, , , , , , , 18.9301154, -0.005539, , , , , , , 18.9301154, -0.0075532, , , , , , , 18.9301154, 0.0035248, , , , , , , , , , , , , , , , , , , , , , , , , , , , 
18.9306346, 0.0146029, , , , , , , 18.9306346, -0.0077211, , , , , , , 18.9306346, -0.0082246, , , , , , , 18.9306346, 0.0008392, , , , , , , , , , , , , , , , , , , , , , , , , , , , 
18.9311538, 0.0240024, , , , , , , 18.9311538, -0.0092317, , , , , , , 18.9311538, -0.0075532, , , , , , , 18.9311538, -0.0075532, , , , , , , , , , , , , , , , , , , , , , , , , , , , 
18.9316731, 0.0340734, , , , , , , 18.9316731, -0.0099031, , , , , , , 18.9316731, -0.0095674, , , , , , , 18.9316731, -0.0182956, , , , , , , , , , , , , , , , , , , , , , , , , , , , 
18.9321923, 0.0387732, , , , , , , 18.9321923, -0.0082246, , , , , , , 18.9321923, -0.0117494, , , , , , , 18.9321923, -0.0253452, , , , , , , , , , , , , , , , , , , , , , , , , , , , 
18.9327115, 0.0407874, , , , , , , 18.9327115, -0.0062104, , , , , , , 18.9327115, -0.0115816, , , , , , , 18.9327115, -0.0270237, , , , , , , , , , , , , , , , , , , , , , , , , , , , 
18.9332308, 0.0375982, , , , , , , 18.9332308, -0.0072175, , , , , , , 18.9332308, -0.0119173, , , , , , , 18.9332308, -0.0270237, , , , , , , , , , , , , , , , , , , , , , , , , , , , 
18.93375, 0.0340734, , , , , , , 18.93375, -0.008896, , , , , , , 18.93375, -0.012253, , , , , , , 18.93375, -0.0263523, , , , , , , , , , , , , , , , , , , , , , , , , , , , 
18.9342692, 0.0347448, , , , , , , 18.9342692, -0.0078889, , , , , , , 18.9342692, -0.012253, , , , , , , 18.9342692, -0.0219883, , , , , , , , , , , , , , , , , , , , , , , , , , , , 
18.9347885, 0.0387732, , , , , , , 18.9347885, -0.0058747, , , , , , , 18.9347885, -0.0119173, , , , , , , 18.9347885, -0.0169528, , , , , , , , , , , , , , , , , , , , , , , , , , , , 
18.9353077, 0.0387732, , , , , , , 18.9353077, -0.0045319, , , , , , , 18.9353077, -0.0129244, , , , , , , 18.9353077, -0.0095674, , , , , , , , , , , , , , , , , , , , , , , , , , , , 
18.9358269, 0.0357519, , , , , , , 18.9358269, -0.005539, , , , , , , 18.9358269, -0.0125887, , , , , , , 18.9358269, -0.0018463, , , , , , , , , , , , , , , , , , , , , , , , , , , , 
18.9363462, 0.0318914, , , , , , , 18.9363462, -0.0075532, , , , , , , 18.9363462, -0.0109102, , , , , , , 18.9363462, 0.0075532, , , , , , , , , , , , , , , , , , , , , , , , , , , , 
18.9368654, 0.0260166, , , , , , , 18.9368654, -0.0077211, , , , , , , 18.9368654, -0.0087282, , , , , , , 18.9368654, 0.0146029, , , , , , , , , , , , , , , , , , , , , , , , , , , , 
18.9373846, 0.018967, , , , , , , 18.9373846, -0.0072175, , , , , , , 18.9373846, -0.0065461, , , , , , , 18.9373846, 0.0223239, , , , , , , , , , , , , , , , , , , , , , , , , , , , 
18.9379038, 0.0112459, , , , , , , 18.9379038, -0.0062104, , , , , , , 18.9379038, -0.0041962, , , , , , , 18.9379038, 0.03122, , , , , , , , , , , , , , , , , , , , , , , , , , , , 
18.9384231, 0.0025177, , , , , , , 18.9384231, -0.0077211, , , , , , , 18.9384231, -0.0028534, , , , , , , 18.9384231, 0.0397803, , , , , , , , , , , , , , , , , , , , , , , , , , , , 
18.9389423, -0.005539, , , , , , , 18.9389423, -0.0097353, , , , , , , 18.9389423, -0.0035248, , , , , , , 18.9389423, 0.0475013, , , , , , , , , , , , , , , , , , , , , , , , , , , , 
18.9394615, -0.012253, , , , , , , 18.9394615, -0.0077211, , , , , , , 18.9394615, -0.002182, , , , , , , 18.9394615, 0.0532082, , , , , , , , , , , , , , , , , , , , , , , , , , , , 
18.9399808, -0.0132601, , , , , , , 18.9399808, -0.0058747, , , , , , , 18.9399808, -0.0005035, , , , , , , 18.9399808, 0.0555581, , , , , , , , , , , , , , , , , , , , , , , , , , , , 
18.9405, -0.0142672, , , , , , , 18.9405, -0.0060426, , , , , , , 18.9405, -0.0001678, , , , , , , 18.9405, 0.0572366, , , , , , , , , , , , , , , , , , , , , , , , , , , , 
18.9410192, -0.0176242, , , , , , , 18.9410192, -0.0078889, , , , , , , 18.9410192, -0.0018463, , , , , , , 18.9410192, 0.0548867, , , , , , , , , , , , , , , , , , , , , , , , , , , , 
18.9415385, -0.0169528, , , , , , , 18.9415385, -0.0082246, , , , , , , 18.9415385, -0.0035248, , , , , , , 18.9415385, 0.0471656, , , , , , , , , , , , , , , , , , , , , , , , , , , , 
18.9420577, -0.0125887, , , , , , , 18.9420577, -0.0085603, , , , , , , 18.9420577, -0.0025177, , , , , , , 18.9420577, 0.0360876, , , , , , , , , , , , , , , , , , , , , , , , , , , , 
18.9425769, -0.0068818, , , , , , , 18.9425769, -0.008896, , , , , , , 18.9425769, -0.0018463, , , , , , , 18.9425769, 0.0297093, , , , , , , , , , , , , , , , , , , , , , , , , , , , 
18.9430962, -0.0041962, , , , , , , 18.9430962, -0.0075532, , , , , , , 18.9430962, -0.0023499, , , , , , , 18.9430962, 0.0250095, , , , , , , , , , , , , , , , , , , , , , , , , , , , 
18.9436154, -0.0041962, , , , , , , 18.9436154, -0.0068818, , , , , , , 18.9436154, -0.0030213, , , , , , , 18.9436154, 0.018967, , , , , , , , , , , , , , , , , , , , , , , , , , , , 
18.9441346, -0.0030213, , , , , , , 18.9441346, -0.0078889, , , , , , , 18.9441346, -0.0035248, , , , , , , 18.9441346, 0.0125887, , , , , , , , , , , , , , , , , , , , , , , , , , , , 
18.9446538, 0.0018463, , , , , , , 18.9446538, -0.008896, , , , , , , 18.9446538, -0.0041962, , , , , , , 18.9446538, 0.0070497, , , , , , , , , , , , , , , , , , , , , , , , , , , , 
18.9451731, 0.0083925, , , , , , , 18.9451731, -0.0092317, , , , , , , 18.9451731, -0.005539, , , , , , , 18.9451731, 0.0035248, , , , , , , , , , , , , , , , , , , , , , , , , , , , 
18.9456923, 0.0140993, , , , , , , 18.9456923, -0.0092317, , , , , , , 18.9456923, -0.0063783, , , , , , , 18.9456923, 0.0016785, , , , , , , , , , , , , , , , , , , , , , , , , , , , 
18.9462115, 0.0193027, , , , , , , 18.9462115, -0.0099031, , , , , , , 18.9462115, -0.008896, , , , , , , 18.9462115, -0.0001678, , , , , , , , , , , , , , , , , , , , , , , , , , , , 
18.9467308, 0.023331, , , , , , , 18.9467308, -0.0092317, , , , , , , 18.9467308, -0.0102388, , , , , , , 18.9467308, -0.0016785, , , , , , , , , , , , , , , , , , , , , , , , , , , , 
18.94725, 0.0261845, , , , , , , 18.94725, -0.0077211, , , , , , , 18.94725, -0.0115816, , , , , , , 18.94725, -0.0041962, , , , , , , , , , , , , , , , , , , , , , , , , , , , 
18.9477692, 0.0273594, , , , , , , 18.9477692, -0.0065461, , , , , , , 18.9477692, -0.0097353, , , , , , , 18.9477692, -0.0050355, , , , , , , , , , , , , , , , , , , , , , , , , , , , 
18.9482885, 0.0287022, , , , , , , 18.9482885, -0.0075532, , , , , , , 18.9482885, -0.0085603, , , , , , , 18.9482885, -0.0028534, , , , , , , , , , , , , , , , , , , , , , , , , , , , 
18.9488077, 0.023331, , , , , , , 18.9488077, -0.0099031, , , , , , , 18.9488077, -0.0095674, , , , , , , 18.9488077, -0.0003357, , , , , , , , , , , , , , , , , , , , , , , , , , , , 
18.9493269, 0.0152743, , , , , , , 18.9493269, -0.0102388, , , , , , , 18.9493269, -0.0112459, , , , , , , 18.9493269, 0.0011749, , , , , , , , , , , , , , , , , , , , , , , , , , , , 
18.9498462, 0.0132601, , , , , , , 18.9498462, -0.0095674, , , , , , , 18.9498462, -0.0115816, , , , , , , 18.9498462, 0.0045319, , , , , , , , , , , , , , , , , , , , , , , , , , , , 
18.9503654, 0.0162814, , , , , , , 18.9503654, -0.0092317, , , , , , , 18.9503654, -0.0119173, , , , , , , 18.9503654, 0.0065461, , , , , , , , , , , , , , , , , , , , , , , , , , , , 
18.9508846, 0.0240024, , , , , , , 18.9508846, -0.0105745, , , , , , , 18.9508846, -0.0117494, , , , , , , 18.9508846, 0.0052033, , , , , , , , , , , , , , , , , , , , , , , , , , , , 
18.9514038, 0.03122, , , , , , , 18.9514038, -0.0102388, , , , , , , 18.9514038, -0.0105745, , , , , , , 18.9514038, -0.0001678, , , , , , , , , , , , , , , , , , , , , , , , , , , , 
18.9519231, 0.0347448, , , , , , , 18.9519231, -0.0078889, , , , , , , 18.9519231, -0.0102388, , , , , , , 18.9519231, -0.0068818, , , , , , , , , , , , , , , , , , , , , , , , , , , , 
18.9524423, 0.0340734, , , , , , , 18.9524423, -0.0082246, , , , , , , 18.9524423, -0.0097353, , , , , , , 18.9524423, -0.0119173, , , , , , , , , , , , , , , , , , , , , , , , , , , , 
18.9529615, 0.0337377, , , , , , , 18.9529615, -0.0095674, , , , , , , 18.9529615, -0.0085603, , , , , , , 18.9529615, -0.0149386, , , , , , , , , , , , , , , , , , , , , , , , , , , , 
18.9534808, 0.0337377, , , , , , , 18.9534808, -0.0095674, , , , , , , 18.9534808, -0.0075532, , , , , , , 18.9534808, -0.0176242, , , , , , , , , , , , , , , , , , , , , , , , , , , , 
18.954, 0.0320592, , , , , , , 18.954, -0.0068818, , , , , , , 18.954, -0.0097353, , , , , , , 18.954, -0.0209812, , , , , , , , , , , , , , , , , , , , , , , , , , , , 
18.9545192, 0.030045, , , , , , , 18.9545192, -0.0050355, , , , , , , 18.9545192, -0.0125887, , , , , , , 18.9545192, -0.0223239, , , , , , , , , , , , , , , , , , , , , , , , , , , , 
18.9550385, 0.0293736, , , , , , , 18.9550385, -0.0048676, , , , , , , 18.9550385, -0.0137636, , , , , , , 18.9550385, -0.018967, , , , , , , , , , , , , , , , , , , , , , , , , , , , 
18.9555577, 0.0280308, , , , , , , 18.9555577, -0.0035248, , , , , , , 18.9555577, -0.0124208, , , , , , , 18.9555577, -0.0095674, , , , , , , , , , , , , , , , , , , , , , , , , , , , 
18.9560769, 0.023331, , , , , , , 18.9560769, -0.002182, , , , , , , 18.9560769, -0.0115816, , , , , , , 18.9560769, 0.0018463, , , , , , , , , , , , , , , , , , , , , , , , , , , , 
18.9565962, 0.0186313, , , , , , , 18.9565962, -0.0028534, , , , , , , 18.9565962, -0.0104067, , , , , , , 18.9565962, 0.0114137, , , , , , , , , , , , , , , , , , , , , , , , , , , , 
18.9571154, 0.0149386, , , , , , , 18.9571154, -0.0015106, , , , , , , 18.9571154, -0.0077211, , , , , , , 18.9571154, 0.0193027, , , , , , , , , , , , , , , , , , , , , , , , , , , , 
18.9576346, 0.0065461, , , , , , , 18.9576346, -0.0025177, , , , , , , 18.9576346, -0.0048676, , , , , , , 18.9576346, 0.0270237, , , , , , , , , , , , , , , , , , , , , , , , , , , , 
18.9581538, -0.0041962, , , , , , , 18.9581538, -0.0058747, , , , , , , 18.9581538, -0.0041962, , , , , , , 18.9581538, 0.0350805, , , , , , , , , , , , , , , , , , , , , , , , , , , , 
18.9586731, -0.0085603, , , , , , , 18.9586731, -0.0080568, , , , , , , 18.9586731, -0.0028534, , , , , , , 18.9586731, 0.0428016, , , , , , , , , , , , , , , , , , , , , , , , , , , , 
18.9591923, -0.0092317, , , , , , , 18.9591923, -0.0072175, , , , , , , 18.9591923, -0.0008392, , , , , , , 18.9591923, 0.0488441, , , , , , , , , , , , , , , , , , , , , , , , , , , , 
18.9597115, -0.0125887, , , , , , , 18.9597115, -0.0065461, , , , , , , 18.9597115, -0.0001678, , , , , , , 18.9597115, 0.0532082, , , , , , , , , , , , , , , , , , , , , , , , , , , , 
18.9602308, -0.0209812, , , , , , , 18.9602308, -0.0068818, , , , , , , 18.9602308, -0.0011749, , , , , , , 18.9602308, 0.056733, , , , , , , , , , , , , , , , , , , , , , , , , , , , 
18.96075, -0.0251774, , , , , , , 18.96075, -0.0083925, , , , , , , 18.96075, -0.0043641, , , , , , , 18.96075, 0.0572366, , , , , , , , , , , , , , , , , , , , , , , , , , , , 
18.9612692, -0.0219883, , , , , , , 18.9612692, -0.0095674, , , , , , , 18.9612692, -0.005539, , , , , , , 18.9612692, 0.0505226, , , , , , , , , , , , , , , , , , , , , , , , , , , , 
18.9617885, -0.0102388, , , , , , , 18.9617885, -0.0095674, , , , , , , 18.9617885, -0.005539, , , , , , , 18.9617885, 0.0379339, , , , , , , , , , , , , , , , , , , , , , , , , , , , 
18.9623077, -0.0052033, , , , , , , 18.9623077, -0.008896, , , , , , , 18.9623077, -0.0060426, , , , , , , 18.9623077, 0.0298772, , , , , , , , , , , , , , , , , , , , , , , , , , , , 
18.9628269, -0.005539, , , , , , , 18.9628269, -0.0105745, , , , , , , 18.9628269, -0.0075532, , , , , , , 18.9628269, 0.0285344, , , , , , , , , , , , , , , , , , , , , , , , , , , , 
18.9633462, -0.0015106, , , , , , , 18.9633462, -0.0109102, , , , , , , 18.9633462, -0.0082246, , , , , , , 18.9633462, 0.026688, , , , , , , , , , , , , , , , , , , , , , , , , , , , 
18.9638654, 0.0048676, , , , , , , 18.9638654, -0.0085603, , , , , , , 18.9638654, -0.0078889, , , , , , , 18.9638654, 0.0209812, , , , , , , , , , , , , , , , , , , , , , , , , , , , 
18.9643846, 0.0097353, , , , , , , 18.9643846, -0.0070497, , , , , , , 18.9643846, -0.0075532, , , , , , , 18.9643846, 0.0135958, , , , , , , , , , , , , , , , , , , , , , , , , , , , 
18.9649038, 0.0146029, , , , , , , 18.9649038, -0.0068818, , , , , , , 18.9649038, -0.0085603, , , , , , , 18.9649038, 0.0082246, , , , , , , , , , , , , , , , , , , , , , , , , , , , 
18.9654231, 0.0204776, , , , , , , 18.9654231, -0.0045319, , , , , , , 18.9654231, -0.0099031, , , , , , , 18.9654231, 0.0078889, , , , , , , , , , , , , , , , , , , , , , , , , , , , 
18.9659423, 0.0273594, , , , , , , 18.9659423, -0.0040284, , , , , , , 18.9659423, -0.0099031, , , , , , , 18.9659423, 0.0097353, , , , , , , , , , , , , , , , , , , , , , , , , , , , 
18.9664615, 0.033402, , , , , , , 18.9664615, -0.0048676, , , , , , , 18.9664615, -0.008896, , , , , , , 18.9664615, 0.0095674, , , , , , , , , , , , , , , , , , , , , , , , , , , , 
18.9669808, 0.0345769, , , , , , , 18.9669808, -0.005539, , , , , , , 18.9669808, -0.0072175, , , , , , , 18.9669808, 0.0068818, , , , , , , , , , , , , , , , , , , , , , , , , , , , 
18.9675, 0.0292058, , , , , , , 18.9675, -0.0068818, , , , , , , 18.9675, -0.0058747, , , , , , , 18.9675, 0.0043641, , , , , , , , , , , , , , , , , , , , , , , , , , , , 
18.9680192, 0.0263523, , , , , , , 18.9680192, -0.0082246, , , , , , , 18.9680192, -0.0070497, , , , , , , 18.9680192, 0.0057069, , , , , , , , , , , , , , , , , , , , , , , , , , , , 
18.9685385, 0.0260166, , , , , , , 18.9685385, -0.0082246, , , , , , , 18.9685385, -0.0082246, , , , , , , 18.9685385, 0.0085603, , , , , , , , , , , , , , , , , , , , , , , , , , , , 
18.9690577, 0.0258488, , , , , , , 18.9690577, -0.0085603, , , , , , , 18.9690577, -0.0092317, , , , , , , 18.9690577, 0.0090639, , , , , , , , , , , , , , , , , , , , , , , , , , , , 
18.9695769, 0.0226596, , , , , , , 18.9695769, -0.0082246, , , , , , , 18.9695769, -0.0095674, , , , , , , 18.9695769, 0.0078889, , , , , , , , , , , , , , , , , , , , , , , , , , , , 
18.9700962, 0.0199741, , , , , , , 18.9700962, -0.0082246, , , , , , , 18.9700962, -0.0068818, , , , , , , 18.9700962, 0.0065461, , , , , , , , , , , , , , , , , , , , , , , , , , , , 
18.9706154, 0.0166171, , , , , , , 18.9706154, -0.0082246, , , , , , , 18.9706154, -0.0041962, , , , , , , 18.9706154, 0.0041962, , , , , , , , , , , , , , , , , , , , , , , , , , , , 
18.9711346, 0.0159457, , , , , , , 18.9711346, -0.0068818, , , , , , , 18.9711346, -0.0028534, , , , , , , 18.9711346, 0.0005035, , , , , , , , , , , , , , , , , , , , , , , , , , , , 
18.9716538, 0.0199741, , , , , , , 18.9716538, -0.0068818, , , , , , , 18.9716538, -0.0028534, , , , , , , 18.9716538, -0.0082246, , , , , , , , , , , , , , , , , , , , , , , , , , , , 
18.9721731, 0.026688, , , , , , , 18.9721731, -0.0082246, , , , , , , 18.9721731, -0.0041962, , , , , , , 18.9721731, -0.017792, , , , , , , , , , , , , , , , , , , , , , , , , , , , 
18.9726923, 0.0310521, , , , , , , 18.9726923, -0.0078889, , , , , , , 18.9726923, -0.0041962, , , , , , , 18.9726923, -0.0246738, , , , , , , , , , , , , , , , , , , , , , , , , , , , 
18.9732115, 0.0318914, , , , , , , 18.9732115, -0.005539, , , , , , , 18.9732115, -0.0062104, , , , , , , 18.9732115, -0.0260166, , , , , , , , , , , , , , , , , , , , , , , , , , , , 
18.9737308, 0.0320592, , , , , , , 18.9737308, -0.005539, , , , , , , 18.9737308, -0.0090639, , , , , , , 18.9737308, -0.0271916, , , , , , , , , , , , , , , , , , , , , , , , , , , , 
18.97425, 0.030045, , , , , , , 18.97425, -0.0075532, , , , , , , 18.97425, -0.0105745, , , , , , , 18.97425, -0.0270237, , , , , , , , , , , , , , , , , , , , , , , , , , , , 
18.9747692, 0.0253452, , , , , , , 18.9747692, -0.0082246, , , , , , , 18.9747692, -0.0102388, , , , , , , 18.9747692, -0.0209812, , , , , , , , , , , , , , , , , , , , , , , , , , , , 
18.9752885, 0.0226596, , , , , , , 18.9752885, -0.0068818, , , , , , , 18.9752885, -0.0119173, , , , , , , 18.9752885, -0.0132601, , , , , , , , , , , , , , , , , , , , , , , , , , , , 
18.9758077, 0.0169528, , , , , , , 18.9758077, -0.0052033, , , , , , , 18.9758077, -0.0139315, , , , , , , 18.9758077, -0.0035248, , , , , , , , , , , , , , , , , , , , , , , , , , , , 
18.9763269, 0.0132601, , , , , , , 18.9763269, -0.0058747, , , , , , , 18.9763269, -0.0139315, , , , , , , 18.9763269, 0.0052033, , , , , , , , , , , , , , , , , , , , , , , , , , , , 
18.9768462, 0.0068818, , , , , , , 18.9768462, -0.0072175, , , , , , , 18.9768462, -0.012253, , , , , , , 18.9768462, 0.0119173, , , , , , , , , , , , , , , , , , , , , , , , , , , , 
18.9773654, -0.0023499, , , , , , , 18.9773654, -0.0068818, , , , , , , 18.9773654, -0.0115816, , , , , , , 18.9773654, 0.0186313, , , , , , , , , , , , , , , , , , , , , , , , , , , , 
18.9778846, -0.0068818, , , , , , , 18.9778846, -0.0065461, , , , , , , 18.9778846, -0.0115816, , , , , , , 18.9778846, 0.0276951, , , , , , , , , , , , , , , , , , , , , , , , , , , , 
18.9784038, -0.0068818, , , , , , , 18.9784038, -0.0072175, , , , , , , 18.9784038, -0.0099031, , , , , , , 18.9784038, 0.033402, , , , , , , , , , , , , , , , , , , , , , , , , , , , 
18.9789231, -0.0087282, , , , , , , 18.9789231, -0.0082246, , , , , , , 18.9789231, -0.0072175, , , , , , , 18.9789231, 0.0381018, , , , , , , , , , , , , , , , , , , , , , , , , , , , 
18.9794423, -0.0149386, , , , , , , 18.9794423, -0.0090639, , , , , , , 18.9794423, -0.005539, , , , , , , 18.9794423, 0.0453193, , , , , , , , , , , , , , , , , , , , , , , , , , , , 
18.9799615, -0.018967, , , , , , , 18.9799615, -0.0102388, , , , , , , 18.9799615, -0.0048676, , , , , , , 18.9799615, 0.0515297, , , , , , , , , , , , , , , , , , , , , , , , , , , , 
18.9804808, -0.0186313, , , , , , , 18.9804808, -0.0099031, , , , , , , 18.9804808, -0.0058747, , , , , , , 18.9804808, 0.0560616, , , , , , , , , , , , , , , , , , , , , , , , , , , , 
18.981, -0.0162814, , , , , , , 18.981, -0.0095674, , , , , , , 18.981, -0.0048676, , , , , , , 18.981, 0.0552224, , , , , , , , , , , , , , , , , , , , , , , , , , , , 
18.9815192, -0.012253, , , , , , , 18.9815192, -0.0099031, , , , , , , 18.9815192, -0.003357, , , , , , , 18.9815192, 0.0475013, , , , , , , , , , , , , , , , , , , , , , , , , , , , 
18.9820385, -0.0045319, , , , , , , 18.9820385, -0.0092317, , , , , , , 18.9820385, -0.0031891, , , , , , , 18.9820385, 0.0381018, , , , , , , , , , , , , , , , , , , , , , , , , , , , 
18.9825577, -0.0001678, , , , , , , 18.9825577, -0.0070497, , , , , , , 18.9825577, -0.0031891, , , , , , , 18.9825577, 0.0303807, , , , , , , , , , , , , , , , , , , , , , , , , , , , 
18.9830769, 0.002182, , , , , , , 18.9830769, -0.0057069, , , , , , , 18.9830769, -0.0025177, , , , , , , 18.9830769, 0.0243381, , , , , , , , , , , , , , , , , , , , , , , , , , , , 
18.9835962, 0.0078889, , , , , , , 18.9835962, -0.0065461, , , , , , , 18.9835962, -0.0030213, , , , , , , 18.9835962, 0.0199741, , , , , , , , , , , , , , , , , , , , , , , , , , , , 
18.9841154, 0.0125887, , , , , , , 18.9841154, -0.0082246, , , , , , , 18.9841154, -0.0057069, , , , , , , 18.9841154, 0.0179599, , , , , , , , , , , , , , , , , , , , , , , , , , , , 
18.9846346, 0.0099031, , , , , , , 18.9846346, -0.0085603, , , , , , , 18.9846346, -0.0085603, , , , , , , 18.9846346, 0.0169528, , , , , , , , , , , , , , , , , , , , , , , , , , , , 
18.9851538, 0.0105745, , , , , , , 18.9851538, -0.0085603, , , , , , , 18.9851538, -0.0105745, , , , , , , 18.9851538, 0.0159457, , , , , , , , , , , , , , , , , , , , , , , , , , , , 
18.9856731, 0.0125887, , , , , , , 18.9856731, -0.0083925, , , , , , , 18.9856731, -0.0104067, , , , , , , 18.9856731, 0.0159457, , , , , , , , , , , , , , , , , , , , , , , , , , , , 
18.9861923, 0.0146029, , , , , , , 18.9861923, -0.0075532, , , , , , , 18.9861923, -0.0097353, , , , , , , 18.9861923, 0.0166171, , , , , , , , , , , , , , , , , , , , , , , , , , , , 
18.9867115, 0.0137636, , , , , , , 18.9867115, -0.0068818, , , , , , , 18.9867115, -0.0092317, , , , , , , 18.9867115, 0.0146029, , , , , , , , , , , , , , , , , , , , , , , , , , , , 
18.9872308, 0.012253, , , , , , , 18.9872308, -0.0073854, , , , , , , 18.9872308, -0.008896, , , , , , , 18.9872308, 0.012253, , , , , , , , , , , , , , , , , , , , , , , , , , , , 
18.98775, 0.0132601, , , , , , , 18.98775, -0.008896, , , , , , , 18.98775, -0.0058747, , , , , , , 18.98775, 0.0115816, , , , , , , , , , , , , , , , , , , , , , , , , , , , 
18.9882692, 0.0203098, , , , , , , 18.9882692, -0.0095674, , , , , , , 18.9882692, -0.0045319, , , , , , , 18.9882692, 0.0115816, , , , , , , , , , , , , , , , , , , , , , , , , , , , 
18.9887885, 0.0280308, , , , , , , 18.9887885, -0.0077211, , , , , , , 18.9887885, -0.0048676, , , , , , , 18.9887885, 0.012253, , , , , , , , , , , , , , , , , , , , , , , , , , , , 
18.9893077, 0.0219883, , , , , , , 18.9893077, -0.005539, , , , , , , 18.9893077, -0.0063783, , , , , , , 18.9893077, 0.0117494, , , , , , , , , , , , , , , , , , , , , , , , , , , , 
18.9898269, 0.0162814, , , , , , , 18.9898269, -0.0041962, , , , , , , 18.9898269, -0.0062104, , , , , , , 18.9898269, 0.0099031, , , , , , , , , , , , , , , , , , , , , , , , , , , , 
18.9903462, 0.0172885, , , , , , , 18.9903462, -0.0035248, , , , , , , 18.9903462, -0.0058747, , , , , , , 18.9903462, 0.0105745, , , , , , , , , , , , , , , , , , , , , , , , , , , , 
18.9908654, 0.0209812, , , , , , , 18.9908654, -0.0046998, , , , , , , 18.9908654, -0.0095674, , , , , , , 18.9908654, 0.0083925, , , , , , , , , , , , , , , , , , , , , , , , , , , , 
18.9913846, 0.0248417, , , , , , , 18.9913846, -0.0058747, , , , , , , 18.9913846, -0.012253, , , , , , , 18.9913846, 0.0011749, , , , , , , , , , , , , , , , , , , , , , , , , , , , 
18.9919038, 0.0310521, , , , , , , 18.9919038, -0.0065461, , , , , , , 18.9919038, -0.0115816, , , , , , , 18.9919038, -0.0092317, , , , , , , , , , , , , , , , , , , , , , , , , , , , 
18.9924231, 0.0354162, , , , , , , 18.9924231, -0.0048676, , , , , , , 18.9924231, -0.0105745, , , , , , , 18.9924231, -0.0146029, , , , , , , , , , , , , , , , , , , , , , , , , , , , 
18.9929423, 0.0377661, , , , , , , 18.9929423, -0.0035248, , , , , , , 18.9929423, -0.0117494, , , , , , , 18.9929423, -0.0146029, , , , , , , , , , , , , , , , , , , , , , , , , , , , 
18.9934615, 0.0397803, , , , , , , 18.9934615, -0.0041962, , , , , , , 18.9934615, -0.0129244, , , , , , , 18.9934615, -0.0162814, , , , , , , , , , , , , , , , , , , , , , , , , , , , 
18.9939808, 0.0409552, , , , , , , 18.9939808, -0.0043641, , , , , , , 18.9939808, -0.0139315, , , , , , , 18.9939808, -0.018967, , , , , , , , , , , , , , , , , , , , , , , , , , , , 
18.9945, 0.0421302, , , , , , , 18.9945, -0.0036927, , , , , , , 18.9945, -0.0129244, , , , , , , 18.9945, -0.0181277, , , , , , , , , , , , , , , , , , , , , , , , , , , , 
18.9950192, 0.0347448, , , , , , , 18.9950192, -0.005539, , , , , , , 18.9950192, -0.0129244, , , , , , , 18.9950192, -0.0151064, , , , , , , , , , , , , , , , , , , , , , , , , , , , 
18.9955385, 0.0273594, , , , , , , 18.9955385, -0.0082246, , , , , , , 18.9955385, -0.0117494, , , , , , , 18.9955385, -0.0115816, , , , , , , , , , , , , , , , , , , , , , , , , , , , 
18.9960577, 0.0250095, , , , , , , 18.9960577, -0.0092317, , , , , , , 18.9960577, -0.012253, , , , , , , 18.9960577, -0.0075532, , , , , , , , , , , , , , , , , , , , , , , , , , , , 
18.9965769, 0.023331, , , , , , , 18.9965769, -0.0090639, , , , , , , 18.9965769, -0.0132601, , , , , , , 18.9965769, 0.0005035, , , , , , , , , , , , , , , , , , , , , , , , , , , , 
18.9970962, 0.0146029, , , , , , , 18.9970962, -0.0092317, , , , , , , 18.9970962, -0.0115816, , , , , , , 18.9970962, 0.0105745, , , , , , , , , , , , , , , , , , , , , , , , , , , , 
18.9976154, 0.0010071, , , , , , , 18.9976154, -0.0095674, , , , , , , 18.9976154, -0.0095674, , , , , , , 18.9976154, 0.0219883, , , , , , , , , , , , , , , , , , , , , , , , , , , , 
18.9981346, -0.0062104, , , , , , , 18.9981346, -0.0083925, , , , , , , 18.9981346, -0.0092317, , , , , , , 18.9981346, 0.03122, , , , , , , , , , , , , , , , , , , , , , , , , , , , 
18.9986538, -0.008896, , , , , , , 18.9986538, -0.008896, , , , , , , 18.9986538, -0.0075532, , , , , , , 18.9986538, 0.0374304, , , , , , , , , , , , , , , , , , , , , , , , , , , , 
18.9991731, -0.0082246, , , , , , , 18.9991731, -0.0078889, , , , , , , 18.9991731, -0.0048676, , , , , , , 18.9991731, 0.0417945, , , , , , , , , , , , , , , , , , , , , , , , , , , , 
18.9996923, -0.0095674, , , , , , , 18.9996923, -0.0068818, , , , , , , 18.9996923, -0.0031891, , , , , , , 18.9996923, 0.0449836, , , , , , , , , , , , , , , , , , , , , , , , , , , , 
19.0002115, -0.0169528, , , , , , , 19.0002115, -0.0082246, , , , , , , 19.0002115, -0.0015106, , , , , , , 19.0002115, 0.0488441, , , , , , , , , , , , , , , , , , , , , , , , , , , , 
19.0007308, -0.0224918, , , , , , , 19.0007308, -0.0092317, , , , , , , 19.0007308, 0.0005035, , , , , , , 19.0007308, 0.0522011, , , , , , , , , , , , , , , , , , , , , , , , , , , , 
19.00125, -0.0213169, , , , , , , 19.00125, -0.0102388, , , , , , , 19.00125, 0.0011749, , , , , , , 19.00125, 0.0488441, , , , , , , , , , , , , , , , , , , , , , , , , , , , 
19.0017692, -0.0149386, , , , , , , 19.0017692, -0.0095674, , , , , , , 19.0017692, -0.0005035, , , , , , , 19.0017692, 0.0392767, , , , , , , , , , , , , , , , , , , , , , , , , , , , 
19.0022885, -0.0075532, , , , , , , 19.0022885, -0.0083925, , , , , , , 19.0022885, -0.0035248, , , , , , , 19.0022885, 0.0293736, , , , , , , , , , , , , , , , , , , , , , , , , , , , 
19.0028077, -0.0045319, , , , , , , 19.0028077, -0.008896, , , , , , , 19.0028077, -0.0070497, , , , , , , 19.0028077, 0.0223239, , , , , , , , , , , , , , , , , , , , , , , , , , , , 
19.0033269, -0.0041962, , , , , , , 19.0033269, -0.0099031, , , , , , , 19.0033269, -0.0068818, , , , , , , 19.0033269, 0.0179599, , , , , , , , , , , , , , , , , , , , , , , , , , , , 
19.0038462, -0.0001678, , , , , , , 19.0038462, -0.0085603, , , , , , , 19.0038462, -0.0062104, , , , , , , 19.0038462, 0.0139315, , , , , , , , , , , , , , , , , , , , , , , , , , , , 
19.0043654, 0.0058747, , , , , , , 19.0043654, -0.0083925, , , , , , , 19.0043654, -0.0062104, , , , , , , 19.0043654, 0.0092317, , , , , , , , , , , , , , , , , , , , , , , , , , , , 
19.0048846, 0.0146029, , , , , , , 19.0048846, -0.0095674, , , , , , , 19.0048846, -0.0045319, , , , , , , 19.0048846, 0.0062104, , , , , , , , , , , , , , , , , , , , , , , , , , , , 
19.0054038, 0.0204776, , , , , , , 19.0054038, -0.010071, , , , , , , 19.0054038, -0.0052033, , , , , , , 19.0054038, 0.0035248, , , , , , , , , , , , , , , , , , , , , , , , , , , , 
19.0059231, 0.0229953, , , , , , , 19.0059231, -0.0099031, , , , , , , 19.0059231, -0.0078889, , , , , , , 19.0059231, 0.0011749, , , , , , , , , , , , , , , , , , , , , , , , , , , , 
19.0064423, 0.0256809, , , , , , , 19.0064423, -0.0105745, , , , , , , 19.0064423, -0.0095674, , , , , , , 19.0064423, 0.002182, , , , , , , , , , , , , , , , , , , , , , , , , , , , 
19.0069615, 0.0271916, , , , , , , 19.0069615, -0.0132601, , , , , , , 19.0069615, -0.0090639, , , , , , , 19.0069615, 0.0038605, , , , , , , , , , , , , , , , , , , , , , , , , , , , 
19.0074808, 0.0238346, , , , , , , 19.0074808, -0.0127565, , , , , , , 19.0074808, -0.0082246, , , , , , , 19.0074808, 0.0052033, , , , , , , , , , , , , , , , , , , , , , , , , , , , 
19.008, 0.0191348, , , , , , , 19.008, -0.0102388, , , , , , , 19.008, -0.0062104, , , , , , , 19.008, 0.0058747, , , , , , , , , , , , , , , , , , , , , , , , , , , , 
19.0085192, 0.0159457, , , , , , , 19.0085192, -0.008896, , , , , , , 19.0085192, -0.0058747, , , , , , , 19.0085192, 0.0083925, , , , , , , , , , , , , , , , , , , , , , , , , , , , 
19.0090385, 0.014435, , , , , , , 19.0090385, -0.0105745, , , , , , , 19.0090385, -0.0085603, , , , , , , 19.0090385, 0.0102388, , , , , , , , , , , , , , , , , , , , , , , , , , , , 
19.0095577, 0.0157778, , , , , , , 19.0095577, -0.0130922, , , , , , , 19.0095577, -0.011078, , , , , , , 19.0095577, 0.0065461, , , , , , , , , , , , , , , , , , , , , , , , , , , , 
19.0100769, 0.0186313, , , , , , , 19.0100769, -0.0115816, , , , , , , 19.0100769, -0.0117494, , , , , , , 19.0100769, 0.0028534, , , , , , , , , , , , , , , , , , , , , , , , , , , , 
19.0105962, 0.0213169, , , , , , , 19.0105962, -0.0075532, , , , , , , 19.0105962, -0.0092317, , , , , , , 19.0105962, 0.0025177, , , , , , , , , , , , , , , , , , , , , , , , , , , , 
19.0111154, 0.0250095, , , , , , , 19.0111154, -0.0063783, , , , , , , 19.0111154, -0.0068818, , , , , , , 19.0111154, -0.0015106, , , , , , , , , , , , , , , , , , , , , , , , , , , , 
19.0116346, 0.0280308, , , , , , , 19.0116346, -0.0075532, , , , , , , 19.0116346, -0.0068818, , , , , , , 19.0116346, -0.0125887, , , , , , , , , , , , , , , , , , , , , , , , , , , , 
19.0121538, 0.0307164, , , , , , , 19.0121538, -0.0072175, , , , , , , 19.0121538, -0.008896, , , , , , , 19.0121538, -0.0203098, , , , , , , , , , , , , , , , , , , , , , , , , , , , 
19.0126731, 0.033402, , , , , , , 19.0126731, -0.0048676, , , , , , , 19.0126731, -0.0130922, , , , , , , 19.0126731, -0.0216526, , , , , , , , , , , , , , , , , , , , , , , , , , , , 
19.0131923, 0.0374304, , , , , , , 19.0131923, -0.0048676, , , , , , , 19.0131923, -0.0159457, , , , , , , 19.0131923, -0.0196384, , , , , , , , , , , , , , , , , , , , , , , , , , , , 
19.0137115, 0.0426337, , , , , , , 19.0137115, -0.0068818, , , , , , , 19.0137115, -0.0152743, , , , , , , 19.0137115, -0.0182956, , , , , , , , , , , , , , , , , , , , , , , , , , , , 
19.0142308, 0.0438087, , , , , , , 19.0142308, -0.0072175, , , , , , , 19.0142308, -0.0152743, , , , , , , 19.0142308, -0.0164492, , , , , , , , , , , , , , , , , , , , , , , , , , , , 
19.01475, 0.0421302, , , , , , , 19.01475, -0.0065461, , , , , , , 19.01475, -0.0166171, , , , , , , 19.01475, -0.012253, , , , , , , , , , , , , , , , , , , , , , , , , , , , 
19.0152692, 0.0377661, , , , , , , 19.0152692, -0.0058747, , , , , , , 19.0152692, -0.0162814, , , , , , , 19.0152692, -0.0041962, , , , , , , , , , , , , , , , , , , , , , , , , , , , 
19.0157885, 0.0327306, , , , , , , 19.0157885, -0.0052033, , , , , , , 19.0157885, -0.0142672, , , , , , , 19.0157885, 0.0031891, , , , , , , , , , , , , , , , , , , , , , , , , , , , 
19.0163077, 0.0196384, , , , , , , 19.0163077, -0.0045319, , , , , , , 19.0163077, -0.0117494, , , , , , , 19.0163077, 0.0082246, , , , , , , , , , , , , , , , , , , , , , , , , , , , 
19.0168269, 0.0065461, , , , , , , 19.0168269, -0.0060426, , , , , , , 19.0168269, -0.0087282, , , , , , , 19.0168269, 0.0132601, , , , , , , , , , , , , , , , , , , , , , , , , , , , 
19.0173462, 0.0015106, , , , , , , 19.0173462, -0.0063783, , , , , , , 19.0173462, -0.0065461, , , , , , , 19.0173462, 0.0216526, , , , , , , , , , , , , , , , , , , , , , , , , , , , 
19.0178654, -0.0028534, , , , , , , 19.0178654, -0.005539, , , , , , , 19.0178654, -0.0053712, , , , , , , 19.0178654, 0.0327306, , , , , , , , , , , , , , , , , , , , , , , , , , , , 
19.0183846, -0.0082246, , , , , , , 19.0183846, -0.0078889, , , , , , , 19.0183846, -0.0052033, , , , , , , 19.0183846, 0.0438087, , , , , , , , , , , , , , , , , , , , , , , , , , , , 
19.0189038, -0.011078, , , , , , , 19.0189038, -0.0109102, , , , , , , 19.0189038, -0.005539, , , , , , , 19.0189038, 0.0498512, , , , , , , , , , , , , , , , , , , , , , , , , , , , 
19.0194231, -0.0129244, , , , , , , 19.0194231, -0.0115816, , , , , , , 19.0194231, -0.005539, , , , , , , 19.0194231, 0.0533761, , , , , , , , , , , , , , , , , , , , , , , , , , , , 
19.0199423, -0.0162814, , , , , , , 19.0199423, -0.0105745, , , , , , , 19.0199423, -0.0045319, , , , , , , 19.0199423, 0.057908, , , , , , , , , , , , , , , , , , , , , , , , , , , , 
19.0204615, -0.018967, , , , , , , 19.0204615, -0.0095674, , , , , , , 19.0204615, -0.0035248, , , , , , , 19.0204615, 0.0621042, , , , , , , , , , , , , , , , , , , , , , , , , , , , 
19.0209808, -0.0176242, , , , , , , 19.0209808, -0.0097353, , , , , , , 19.0209808, -0.0018463, , , , , , , 19.0209808, 0.0629435, , , , , , , , , , , , , , , , , , , , , , , , , , , , 
19.0215, -0.0102388, , , , , , , 19.0215, -0.0099031, , , , , , , 19.0215, -0.0028534, , , , , , , 19.0215, 0.0582437, , , , , , , , , , , , , , , , , , , , , , , , , , , , 
19.0220192, 0.0015106, , , , , , , 19.0220192, -0.008896, , , , , , , 19.0220192, -0.0031891, , , , , , , 19.0220192, 0.0454871, , , , , , , , , , , , , , , , , , , , , , , , , , , , 
19.0225385, 0.0152743, , , , , , , 19.0225385, -0.0068818, , , , , , , 19.0225385, -0.0028534, , , , , , , 19.0225385, 0.0297093, , , , , , , , , , , , , , , , , , , , , , , , , , , , 
19.0230577, 0.0229953, , , , , , , 19.0230577, -0.005539, , , , , , , 19.0230577, -0.0036927, , , , , , , 19.0230577, 0.0199741, , , , , , , , , , , , , , , , , , , , , , , , , , , , 
19.0235769, 0.0236667, , , , , , , 19.0235769, -0.0068818, , , , , , , 19.0235769, -0.0048676, , , , , , , 19.0235769, 0.0182956, , , , , , , , , , , , , , , , , , , , , , , , , , , , 
19.0240962, 0.0218204, , , , , , , 19.0240962, -0.008896, , , , , , , 19.0240962, -0.0041962, , , , , , , 19.0240962, 0.0169528, , , , , , , , , , , , , , , , , , , , , , , , , , , , 
19.0246154, 0.0196384, , , , , , , 19.0246154, -0.0085603, , , , , , , 19.0246154, -0.0045319, , , , , , , 19.0246154, 0.0146029, , , , , , , , , , , , , , , , , , , , , , , , , , , , 
19.0251346, 0.0166171, , , , , , , 19.0251346, -0.0085603, , , , , , , 19.0251346, -0.0045319, , , , , , , 19.0251346, 0.0127565, , , , , , , , , , , , , , , , , , , , , , , , , , , , 
19.0256538, 0.0199741, , , , , , , 19.0256538, -0.008896, , , , , , , 19.0256538, -0.0045319, , , , , , , 19.0256538, 0.0112459, , , , , , , , , , , , , , , , , , , , , , , , , , , , 
19.0261731, 0.0260166, , , , , , , 19.0261731, -0.0092317, , , , , , , 19.0261731, -0.0062104, , , , , , , 19.0261731, 0.0099031, , , , , , , , , , , , , , , , , , , , , , , , , , , , 
19.0266923, 0.0275273, , , , , , , 19.0266923, -0.0085603, , , , , , , 19.0266923, -0.0057069, , , , , , , 19.0266923, 0.0092317, , , , , , , , , , , , , , , , , , , , , , , , , , , , 
19.0272115, 0.026688, , , , , , , 19.0272115, -0.0085603, , , , , , , 19.0272115, -0.005539, , , , , , , 19.0272115, 0.0077211, , , , , , , , , , , , , , , , , , , , , , , , , , , , 
19.0277308, 0.0290379, , , , , , , 19.0277308, -0.0085603, , , , , , , 19.0277308, -0.0082246, , , , , , , 19.0277308, 0.0052033, , , , , , , , , , , , , , , , , , , , , , , , , , , , 
19.02825, 0.030045, , , , , , , 19.02825, -0.0085603, , , , , , , 19.02825, -0.0109102, , , , , , , 19.02825, 0.0035248, , , , , , , , , , , , , , , , , , , , , , , , , , , , 
19.0287692, 0.0293736, , , , , , , 19.0287692, -0.0068818, , , , , , , 19.0287692, -0.0125887, , , , , , , 19.0287692, 0.0031891, , , , , , , , , , , , , , , , , , , , , , , , , , , , 
19.0292885, 0.0293736, , , , , , , 19.0292885, -0.0062104, , , , , , , 19.0292885, -0.012253, , , , , , , 19.0292885, 0.0023499, , , , , , , , , , , , , , , , , , , , , , , , , , , , 
19.0298077, 0.0280308, , , , , , , 19.0298077, -0.0075532, , , , , , , 19.0298077, -0.012253, , , , , , , 19.0298077, 0.0011749, , , , , , , , , , , , , , , , , , , , , , , , , , , , 
19.0303269, 0.0253452, , , , , , , 19.0303269, -0.0092317, , , , , , , 19.0303269, -0.011078, , , , , , , 19.0303269, 0.0015106, , , , , , , , , , , , , , , , , , , , , , , , , , , , 
19.0308462, 0.0276951, , , , , , , 19.0308462, -0.0082246, , , , , , , 19.0308462, -0.0095674, , , , , , , 19.0308462, -0.0005035, , , , , , , , , , , , , , , , , , , , , , , , , , , , 
19.0313654, 0.0297093, , , , , , , 19.0313654, -0.005539, , , , , , , 19.0313654, -0.011078, , , , , , , 19.0313654, -0.008896, , , , , , , , , , , , , , , , , , , , , , , , , , , , 
19.0318846, 0.0280308, , , , , , , 19.0318846, -0.0052033, , , , , , , 19.0318846, -0.0129244, , , , , , , 19.0318846, -0.0213169, , , , , , , , , , , , , , , , , , , , , , , , , , , , 
19.0324038, 0.0263523, , , , , , , 19.0324038, -0.0065461, , , , , , , 19.0324038, -0.0129244, , , , , , , 19.0324038, -0.0307164, , , , , , , , , , , , , , , , , , , , , , , , , , , , 
19.0329231, 0.023331, , , , , , , 19.0329231, -0.0082246, , , , , , , 19.0329231, -0.0119173, , , , , , , 19.0329231, -0.0317235, , , , , , , , , , , , , , , , , , , , , , , , , , , , 
19.0334423, 0.0234989, , , , , , , 19.0334423, -0.0082246, , , , , , , 19.0334423, -0.0125887, , , , , , , 19.0334423, -0.0313878, , , , , , , , , , , , , , , , , , , , , , , , , , , , 
19.0339615, 0.0243381, , , , , , , 19.0339615, -0.0068818, , , , , , , 19.0339615, -0.0142672, , , , , , , 19.0339615, -0.0313878, , , , , , , , , , , , , , , , , , , , , , , , , , , , 
19.0344808, 0.0236667, , , , , , , 19.0344808, -0.0065461, , , , , , , 19.0344808, -0.0142672, , , , , , , 19.0344808, -0.0290379, , , , , , , , , , , , , , , , , , , , , , , , , , , , 
19.035, 0.0226596, , , , , , , 19.035, -0.005539, , , , , , , 19.035, -0.0129244, , , , , , , 19.035, -0.0229953, , , , , , , , , , , , , , , , , , , , , , , , , , , , 
19.0355192, 0.0182956, , , , , , , 19.0355192, -0.0031891, , , , , , , 19.0355192, -0.0112459, , , , , , , 19.0355192, -0.0135958, , , , , , , , , , , , , , , , , , , , , , , , , , , , 
19.0360385, 0.0146029, , , , , , , 19.0360385, -0.003357, , , , , , , 19.0360385, -0.0112459, , , , , , , 19.0360385, -0.0036927, , , , , , , , , , , , , , , , , , , , , , , , , , , , 
19.0365577, 0.0115816, , , , , , , 19.0365577, -0.0068818, , , , , , , 19.0365577, -0.0115816, , , , , , , 19.0365577, 0.0052033, , , , , , , , , , , , , , , , , , , , , , , , , , , , 
19.0370769, 0.005539, , , , , , , 19.0370769, -0.0090639, , , , , , , 19.0370769, -0.0105745, , , , , , , 19.0370769, 0.014435, , , , , , , , , , , , , , , , , , , , , , , , , , , , 
19.0375962, -0.0008392, , , , , , , 19.0375962, -0.0095674, , , , , , , 19.0375962, -0.0099031, , , , , , , 19.0375962, 0.0219883, , , , , , , , , , , , , , , , , , , , , , , , , , , , 
19.0381154, -0.0057069, , , , , , , 19.0381154, -0.0099031, , , , , , , 19.0381154, -0.0109102, , , , , , , 19.0381154, 0.0320592, , , , , , , , , , , , , , , , , , , , , , , , , , , , 
19.0386346, -0.0115816, , , , , , , 19.0386346, -0.0095674, , , , , , , 19.0386346, -0.0125887, , , , , , , 19.0386346, 0.043473, , , , , , , , , , , , , , , , , , , , , , , , , , , , 
19.0391538, -0.0142672, , , , , , , 19.0391538, -0.008896, , , , , , , 19.0391538, -0.0112459, , , , , , , 19.0391538, 0.0542153, , , , , , , , , , , , , , , , , , , , , , , , , , , , 
19.0396731, -0.0129244, , , , , , , 19.0396731, -0.0070497, , , , , , , 19.0396731, -0.0075532, , , , , , , 19.0396731, 0.0595865, , , , , , , , , , , , , , , , , , , , , , , , , , , , 
19.0401923, -0.0142672, , , , , , , 19.0401923, -0.0068818, , , , , , , 19.0401923, -0.0035248, , , , , , , 19.0401923, 0.0629435, , , , , , , , , , , , , , , , , , , , , , , , , , , , 
19.0407115, -0.018967, , , , , , , 19.0407115, -0.0075532, , , , , , , 19.0407115, -0.0020142, , , , , , , 19.0407115, 0.0654612, , , , , , , , , , , , , , , , , , , , , , , , , , , , 
19.0412308, -0.01561, , , , , , , 19.0412308, -0.0082246, , , , , , , 19.0412308, -0.0028534, , , , , , , 19.0412308, 0.0641184, , , , , , , , , , , , , , , , , , , , , , , , , , , , 
19.04175, -0.0075532, , , , , , , 19.04175, -0.0075532, , , , , , , 19.04175, -0.0035248, , , , , , , 19.04175, 0.0562295, , , , , , , , , , , , , , , , , , , , , , , , , , , , 
19.0422692, 0.0038605, , , , , , , 19.0422692, -0.0090639, , , , , , , 19.0422692, -0.0031891, , , , , , , 19.0422692, 0.0475013, , , , , , , , , , , , , , , , , , , , , , , , , , , , 
19.0427885, 0.0159457, , , , , , , 19.0427885, -0.008896, , , , , , , 19.0427885, -0.0036927, , , , , , , 19.0427885, 0.0384375, , , , , , , , , , , , , , , , , , , , , , , , , , , , 
19.0433077, 0.0149386, , , , , , , 19.0433077, -0.0062104, , , , , , , 19.0433077, -0.0063783, , , , , , , 19.0433077, 0.0283665, , , , , , , , , , , , , , , , , , , , , , , , , , , , 
19.0438269, 0.0127565, , , , , , , 19.0438269, -0.0078889, , , , , , , 19.0438269, -0.0085603, , , , , , , 19.0438269, 0.0218204, , , , , , , , , , , , , , , , , , , , , , , , , , , , 
19.0443462, 0.0179599, , , , , , , 19.0443462, -0.0102388, , , , , , , 19.0443462, -0.0072175, , , , , , , 19.0443462, 0.0179599, , , , , , , , , , , , , , , , , , , , , , , , , , , , 
19.0448654, 0.0213169, , , , , , , 19.0448654, -0.0085603, , , , , , , 19.0448654, -0.0065461, , , , , , , 19.0448654, 0.0146029, , , , , , , , , , , , , , , , , , , , , , , , , , , , 
19.0453846, 0.0246738, , , , , , , 19.0453846, -0.005539, , , , , , , 19.0453846, -0.0062104, , , , , , , 19.0453846, 0.0115816, , , , , , , , , , , , , , , , , , , , , , , , , , , , 
19.0459038, 0.027863, , , , , , , 19.0459038, -0.0035248, , , , , , , 19.0459038, -0.0077211, , , , , , , 19.0459038, 0.0099031, , , , , , , , , , , , , , , , , , , , , , , , , , , , 
19.0464231, 0.0229953, , , , , , , 19.0464231, -0.0045319, , , , , , , 19.0464231, -0.0075532, , , , , , , 19.0464231, 0.0099031, , , , , , , , , , , , , , , , , , , , , , , , , , , , 
19.0469423, 0.0151064, , , , , , , 19.0469423, -0.0050355, , , , , , , 19.0469423, -0.0065461, , , , , , , 19.0469423, 0.0102388, , , , , , , , , , , , , , , , , , , , , , , , , , , , 
19.0474615, 0.0115816, , , , , , , 19.0474615, -0.005539, , , , , , , 19.0474615, -0.0058747, , , , , , , 19.0474615, 0.0092317, , , , , , , , , , , , , , , , , , , , , , , , , , , , 
19.0479808, 0.0105745, , , , , , , 19.0479808, -0.0065461, , , , , , , 19.0479808, -0.0052033, , , , , , , 19.0479808, 0.0095674, , , , , , , , , , , , , , , , , , , , , , , , , , , , 
19.0485, 0.0052033, , , , , , , 19.0485, -0.0072175, , , , , , , 19.0485, -0.005539, , , , , , , 19.0485, 0.0102388, , , , , , , , , , , , , , , , , , , , , , , , , , , , 
19.0490192, 0.0038605, , , , , , , 19.0490192, -0.0082246, , , , , , , 19.0490192, -0.0063783, , , , , , , 19.0490192, 0.0092317, , , , , , , , , , , , , , , , , , , , , , , , , , , , 
19.0495385, 0.0090639, , , , , , , 19.0495385, -0.0072175, , , , , , , 19.0495385, -0.0075532, , , , , , , 19.0495385, 0.0099031, , , , , , , , , , , , , , , , , , , , , , , , , , , , 
19.0500577, 0.0196384, , , , , , , 19.0500577, -0.0072175, , , , , , , 19.0500577, -0.008896, , , , , , , 19.0500577, 0.0119173, , , , , , , , , , , , , , , , , , , , , , , , , , , , 
19.0505769, 0.0263523, , , , , , , 19.0505769, -0.0068818, , , , , , , 19.0505769, -0.008896, , , , , , , 19.0505769, 0.0112459, , , , , , , , , , , , , , , , , , , , , , , , , , , , 
19.0510962, 0.0251774, , , , , , , 19.0510962, -0.0058747, , , , , , , 19.0510962, -0.008896, , , , , , , 19.0510962, 0.0052033, , , , , , , , , , , , , , , , , , , , , , , , , , , , 
19.0516154, 0.0260166, , , , , , , 19.0516154, -0.0062104, , , , , , , 19.0516154, -0.0083925, , , , , , , 19.0516154, -0.0082246, , , , , , , , , , , , , , , , , , , , , , , , , , , , 
19.0521346, 0.0313878, , , , , , , 19.0521346, -0.0062104, , , , , , , 19.0521346, -0.0082246, , , , , , , 19.0521346, -0.018967, , , , , , , , , , , , , , , , , , , , , , , , , , , , 
19.0526538, 0.0407874, , , , , , , 19.0526538, -0.0072175, , , , , , , 19.0526538, -0.0078889, , , , , , , 19.0526538, -0.0219883, , , , , , , , , , , , , , , , , , , , , , , , , , , , 
19.0531731, 0.0508583, , , , , , , 19.0531731, -0.0068818, , , , , , , 19.0531731, -0.0068818, , , , , , , 19.0531731, -0.0216526, , , , , , , , , , , , , , , , , , , , , , , , , , , , 
19.0536923, 0.0547189, , , , , , , 19.0536923, -0.0065461, , , , , , , 19.0536923, -0.0068818, , , , , , , 19.0536923, -0.0216526, , , , , , , , , , , , , , , , , , , , , , , , , , , , 
19.0542115, 0.0498512, , , , , , , 19.0542115, -0.0070497, , , , , , , 19.0542115, -0.0095674, , , , , , , 19.0542115, -0.0216526, , , , , , , , , , , , , , , , , , , , , , , , , , , , 
19.0547308, 0.0417945, , , , , , , 19.0547308, -0.0072175, , , , , , , 19.0547308, -0.0115816, , , , , , , 19.0547308, -0.0179599, , , , , , , , , , , , , , , , , , , , , , , , , , , , 
19.05525, 0.0374304, , , , , , , 19.05525, -0.0072175, , , , , , , 19.05525, -0.0104067, , , , , , , 19.05525, -0.0117494, , , , , , , , , , , , , , , , , , , , , , , , , , , , 
19.0557692, 0.0344091, , , , , , , 19.0557692, -0.0072175, , , , , , , 19.0557692, -0.0082246, , , , , , , 19.0557692, -0.0068818, , , , , , , , , , , , , , , , , , , , , , , , , , , , 
19.0562885, 0.0280308, , , , , , , 19.0562885, -0.0075532, , , , , , , 19.0562885, -0.0082246, , , , , , , 19.0562885, -0.0048676, , , , , , , , , , , , , , , , , , , , , , , , , , , , 
19.0568077, 0.0162814, , , , , , , 19.0568077, -0.0078889, , , , , , , 19.0568077, -0.0083925, , , , , , , 19.0568077, -0.0048676, , , , , , , , , , , , , , , , , , , , , , , , , , , , 
19.0573269, 0.0065461, , , , , , , 19.0573269, -0.0075532, , , , , , , 19.0573269, -0.008896, , , , , , , 19.0573269, -0.0031891, , , , , , , , , , , , , , , , , , , , , , , , , , , , 
19.0578462, -0.0001678, , , , , , , 19.0578462, -0.005539, , , , , , , 19.0578462, -0.0105745, , , , , , , 19.0578462, 0.0045319, , , , , , , , , , , , , , , , , , , , , , , , , , , , 
19.0583654, -0.005539, , , , , , , 19.0583654, -0.0062104, , , , , , , 19.0583654, -0.0085603, , , , , , , 19.0583654, 0.0162814, , , , , , , , , , , , , , , , , , , , , , , , , , , , 
19.0588846, -0.0146029, , , , , , , 19.0588846, -0.0063783, , , , , , , 19.0588846, -0.0041962, , , , , , , 19.0588846, 0.0260166, , , , , , , , , , , , , , , , , , , , , , , , , , , , 
19.0594038, -0.0258488, , , , , , , 19.0594038, -0.0062104, , , , , , , 19.0594038, -0.002182, , , , , , , 19.0594038, 0.0320592, , , , , , , , , , , , , , , , , , , , , , , , , , , , 
19.0599231, -0.0325628, , , , , , , 19.0599231, -0.008896, , , , , , , 19.0599231, -0.0001678, , , , , , , 19.0599231, 0.0379339, , , , , , , , , , , , , , , , , , , , , , , , , , , , 
19.0604423, -0.0320592, , , , , , , 19.0604423, -0.0109102, , , , , , , 19.0604423, 0.0025177, , , , , , , 19.0604423, 0.0441444, , , , , , , , , , , , , , , , , , , , , , , , , , , , 
19.0609615, -0.0270237, , , , , , , 19.0609615, -0.0115816, , , , , , , 19.0609615, 0.0018463, , , , , , , 19.0609615, 0.0475013, , , , , , , , , , , , , , , , , , , , , , , , , , , , 
19.0614808, -0.0216526, , , , , , , 19.0614808, -0.012253, , , , , , , 19.0614808, -0.0015106, , , , , , , 19.0614808, 0.0421302, , , , , , , , , , , , , , , , , , , , , , , , , , , , 
19.062, -0.01561, , , , , , , 19.062, -0.0124208, , , , , , , 19.062, -0.0031891, , , , , , , 19.062, 0.0303807, , , , , , , , , , , , , , , , , , , , , , , , , , , , 
19.0625192, -0.0095674, , , , , , , 19.0625192, -0.0109102, , , , , , , 19.0625192, -0.0038605, , , , , , , 19.0625192, 0.0186313, , , , , , , , , , , , , , , , , , , , , , , , , , , , 
19.0630385, -0.0028534, , , , , , , 19.0630385, -0.008896, , , , , , , 19.0630385, -0.005539, , , , , , , 19.0630385, 0.0130922, , , , , , , , , , , , , , , , , , , , , , , , , , , , 
19.0635577, 0.0008392, , , , , , , 19.0635577, -0.0095674, , , , , , , 19.0635577, -0.0068818, , , , , , , 19.0635577, 0.0124208, , , , , , , , , , , , , , , , , , , , , , , , , , , , 
19.0640769, 0.0015106, , , , , , , 19.0640769, -0.0109102, , , , , , , 19.0640769, -0.0082246, , , , , , , 19.0640769, 0.0112459, , , , , , , , , , , , , , , , , , , , , , , , , , , , 
19.0645962, 0.0035248, , , , , , , 19.0645962, -0.0090639, , , , , , , 19.0645962, -0.0082246, , , , , , , 19.0645962, 0.0099031, , , , , , , , , , , , , , , , , , , , , , , , , , , , 
19.0651154, 0.0072175, , , , , , , 19.0651154, -0.0087282, , , , , , , 19.0651154, -0.0090639, , , , , , , 19.0651154, 0.0078889, , , , , , , , , , , , , , , , , , , , , , , , , , , , 
19.0656346, 0.0139315, , , , , , , 19.0656346, -0.0095674, , , , , , , 19.0656346, -0.0095674, , , , , , , 19.0656346, 0.0058747, , , , , , , , , , , , , , , , , , , , , , , , , , , , 
19.0661538, 0.0223239, , , , , , , 19.0661538, -0.0082246, , , , , , , 19.0661538, -0.0109102, , , , , , , 19.0661538, 0.0052033, , , , , , , , , , , , , , , , , , , , , , , , , , , , 
19.0666731, 0.026688, , , , , , , 19.0666731, -0.005539, , , , , , , 19.0666731, -0.0109102, , , , , , , 19.0666731, 0.0038605, , , , , , , , , , , , , , , , , , , , , , , , , , , , 
19.0671923, 0.0280308, , , , , , , 19.0671923, -0.0038605, , , , , , , 19.0671923, -0.0095674, , , , , , , 19.0671923, 0.0043641, , , , , , , , , , , , , , , , , , , , , , , , , , , , 
19.0677115, 0.0240024, , , , , , , 19.0677115, -0.0036927, , , , , , , 19.0677115, -0.0102388, , , , , , , 19.0677115, 0.0082246, , , , , , , , , , , , , , , , , , , , , , , , , , , , 
19.0682308, 0.0226596, , , , , , , 19.0682308, -0.0062104, , , , , , , 19.0682308, -0.0104067, , , , , , , 19.0682308, 0.0097353, , , , , , , , , , , , , , , , , , , , , , , , , , , , 
19.06875, 0.0224918, , , , , , , 19.06875, -0.0090639, , , , , , , 19.06875, -0.0082246, , , , , , , 19.06875, 0.0090639, , , , , , , , , , , , , , , , , , , , , , , , , , , , 
19.0692692, 0.0236667, , , , , , , 19.0692692, -0.0082246, , , , , , , 19.0692692, -0.0072175, , , , , , , 19.0692692, 0.0072175, , , , , , , , , , , , , , , , , , , , , , , , , , , , 
19.0697885, 0.0276951, , , , , , , 19.0697885, -0.0068818, , , , , , , 19.0697885, -0.0072175, , , , , , , 19.0697885, 0.0038605, , , , , , , , , , , , , , , , , , , , , , , , , , , , 
19.0703077, 0.0226596, , , , , , , 19.0703077, -0.0075532, , , , , , , 19.0703077, -0.0075532, , , , , , , 19.0703077, 0.002182, , , , , , , , , , , , , , , , , , , , , , , , , , , , 
19.0708269, 0.0132601, , , , , , , 19.0708269, -0.0082246, , , , , , , 19.0708269, -0.0082246, , , , , , , 19.0708269, -0.0016785, , , , , , , , , , , , , , , , , , , , , , , , , , , , 
19.0713462, 0.011078, , , , , , , 19.0713462, -0.0082246, , , , , , , 19.0713462, -0.0085603, , , , , , , 19.0713462, -0.0112459, , , , , , , , , , , , , , , , , , , , , , , , , , , , 
19.0718654, 0.0167849, , , , , , , 19.0718654, -0.0083925, , , , , , , 19.0718654, -0.0105745, , , , , , , 19.0718654, -0.018967, , , , , , , , , , , , , , , , , , , , , , , , , , , , 
19.0723846, 0.0240024, , , , , , , 19.0723846, -0.0068818, , , , , , , 19.0723846, -0.0119173, , , , , , , 19.0723846, -0.0209812, , , , , , , , , , , , , , , , , , , , , , , , , , , , 
19.0729038, 0.0317235, , , , , , , 19.0729038, -0.0048676, , , , , , , 19.0729038, -0.0115816, , , , , , , 19.0729038, -0.023331, , , , , , , , , , , , , , , , , , , , , , , , , , , , 
19.0734231, 0.036759, , , , , , , 19.0734231, -0.0028534, , , , , , , 19.0734231, -0.0104067, , , , , , , 19.0734231, -0.0250095, , , , , , , , , , , , , , , , , , , , , , , , , , , , 
19.0739423, 0.0370947, , , , , , , 19.0739423, -0.0015106, , , , , , , 19.0739423, -0.0119173, , , , , , , 19.0739423, -0.0229953, , , , , , , , , , , , , , , , , , , , , , , , , , , , 
19.0744615, 0.0360876, , , , , , , 19.0744615, -0.0003357, , , , , , , 19.0744615, -0.0142672, , , , , , , 19.0744615, -0.0179599, , , , , , , , , , , , , , , , , , , , , , , , , , , , 
19.0749808, 0.0357519, , , , , , , 19.0749808, -0.0018463, , , , , , , 19.0749808, -0.0137636, , , , , , , 19.0749808, -0.0125887, , , , , , , , , , , , , , , , , , , , , , , , , , , , 
19.0755, 0.0347448, , , , , , , 19.0755, -0.0041962, , , , , , , 19.0755, -0.012253, , , , , , , 19.0755, -0.005539, , , , , , , , , , , , , , , , , , , , , , , , , , , , 
19.0760192, 0.033402, , , , , , , 19.0760192, -0.0057069, , , , , , , 19.0760192, -0.0115816, , , , , , , 19.0760192, 0.002182, , , , , , , , , , , , , , , , , , , , , , , , , , , , 
19.0765385, 0.0327306, , , , , , , 19.0765385, -0.0052033, , , , , , , 19.0765385, -0.0083925, , , , , , , 19.0765385, 0.0078889, , , , , , , , , , , , , , , , , , , , , , , , , , , , 
19.0770577, 0.0290379, , , , , , , 19.0770577, -0.0045319, , , , , , , 19.0770577, -0.005539, , , , , , , 19.0770577, 0.0157778, , , , , , , , , , , , , , , , , , , , , , , , , , , , 
19.0775769, 0.0196384, , , , , , , 19.0775769, -0.0040284, , , , , , , 19.0775769, -0.0052033, , , , , , , 19.0775769, 0.0273594, , , , , , , , , , , , , , , , , , , , , , , , , , , , 
19.0780962, 0.0078889, , , , , , , 19.0780962, -0.005539, , , , , , , 19.0780962, -0.0043641, , , , , , , 19.0780962, 0.0397803, , , , , , , , , , , , , , , , , , , , , , , , , , , , 
19.0786154, -0.0008392, , , , , , , 19.0786154, -0.0085603, , , , , , , 19.0786154, -0.0045319, , , , , , , 19.0786154, 0.0493477, , , , , , , , , , , , , , , , , , , , , , , , , , , , 
19.0791346, -0.0095674, , , , , , , 19.0791346, -0.0095674, , , , , , , 19.0791346, -0.005539, , , , , , , 19.0791346, 0.0575723, , , , , , , , , , , , , , , , , , , , , , , , , , , , 
19.0796538, -0.0159457, , , , , , , 19.0796538, -0.0092317, , , , , , , 19.0796538, -0.005539, , , , , , , 19.0796538, 0.0632792, , , , , , , , , , , , , , , , , , , , , , , , , , , , 
19.0801731, -0.0176242, , , , , , , 19.0801731, -0.0095674, , , , , , , 19.0801731, -0.0052033, , , , , , , 19.0801731, 0.0694896, , , , , , , , , , , , , , , , , , , , , , , , , , , , 
19.0806923, -0.0198062, , , , , , , 19.0806923, -0.0095674, , , , , , , 19.0806923, -0.0028534, , , , , , , 19.0806923, 0.0726787, , , , , , , , , , , , , , , , , , , , , , , , , , , , 
19.0812115, -0.0229953, , , , , , , 19.0812115, -0.008896, , , , , , , 19.0812115, -0.002182, , , , , , , 19.0812115, 0.0683146, , , , , , , , , , , , , , , , , , , , , , , , , , , , 
19.0817308, -0.0203098, , , , , , , 19.0817308, -0.0102388, , , , , , , 19.0817308, -0.005539, , , , , , , 19.0817308, 0.0569009, , , , , , , , , , , , , , , , , , , , , , , , , , , , 
19.08225, -0.0105745, , , , , , , 19.08225, -0.0105745, , , , , , , 19.08225, -0.0082246, , , , , , , 19.08225, 0.0438087, , , , , , , , , , , , , , , , , , , , , , , , , , , , 
19.0827692, -0.0048676, , , , , , , 19.0827692, -0.0090639, , , , , , , 19.0827692, -0.0082246, , , , , , , 19.0827692, 0.0360876, , , , , , , , , , , , , , , , , , , , , , , , , , , , 
19.0832885, -0.0062104, , , , , , , 19.0832885, -0.008896, , , , , , , 19.0832885, -0.0068818, , , , , , , 19.0832885, 0.0307164, , , , , , , , , , , , , , , , , , , , , , , , , , , , 
19.0838077, -0.0068818, , , , , , , 19.0838077, -0.0102388, , , , , , , 19.0838077, -0.0065461, , , , , , , 19.0838077, 0.0256809, , , , , , , , , , , , , , , , , , , , , , , , , , , , 
19.0843269, -0.003357, , , , , , , 19.0843269, -0.0099031, , , , , , , 19.0843269, -0.0063783, , , , , , , 19.0843269, 0.0226596, , , , , , , , , , , , , , , , , , , , , , , , , , , , 
19.0848462, 0.0035248, , , , , , , 19.0848462, -0.0090639, , , , , , , 19.0848462, -0.0045319, , , , , , , 19.0848462, 0.018967, , , , , , , , , , , , , , , , , , , , , , , , , , , , 
19.0853654, 0.0083925, , , , , , , 19.0853654, -0.0112459, , , , , , , 19.0853654, -0.0035248, , , , , , , 19.0853654, 0.01561, , , , , , , , , , , , , , , , , , , , , , , , , , , , 
19.0858846, 0.0099031, , , , , , , 19.0858846, -0.0117494, , , , , , , 19.0858846, -0.0031891, , , , , , , 19.0858846, 0.01561, , , , , , , , , , , , , , , , , , , , , , , , , , , , 
19.0864038, 0.0129244, , , , , , , 19.0864038, -0.0112459, , , , , , , 19.0864038, -0.0028534, , , , , , , 19.0864038, 0.014435, , , , , , , , , , , , , , , , , , , , , , , , , , , , 
19.0869231, 0.0152743, , , , , , , 19.0869231, -0.0104067, , , , , , , 19.0869231, -0.0041962, , , , , , , 19.0869231, 0.0119173, , , , , , , , , , , , , , , , , , , , , , , , , , , , 
19.0874423, 0.0157778, , , , , , , 19.0874423, -0.0092317, , , , , , , 19.0874423, -0.005539, , , , , , , 19.0874423, 0.0112459, , , , , , , , , , , , , , , , , , , , , , , , , , , , 
19.0879615, 0.0139315, , , , , , , 19.0879615, -0.0085603, , , , , , , 19.0879615, -0.0058747, , , , , , , 19.0879615, 0.012253, , , , , , , , , , , , , , , , , , , , , , , , , , , , 
19.0884808, 0.0132601, , , , , , , 19.0884808, -0.0082246, , , , , , , 19.0884808, -0.0063783, , , , , , , 19.0884808, 0.0132601, , , , , , , , , , , , , , , , , , , , , , , , , , , , 
19.089, 0.01561, , , , , , , 19.089, -0.008896, , , , , , , 19.089, -0.0068818, , , , , , , 19.089, 0.012253, , , , , , , , , , , , , , , , , , , , , , , , , , , , 
19.0895192, 0.0216526, , , , , , , 19.0895192, -0.0109102, , , , , , , 19.0895192, -0.0068818, , , , , , , 19.0895192, 0.008896, , , , , , , , , , , , , , , , , , , , , , , , , , , , 
19.0900385, 0.0273594, , , , , , , 19.0900385, -0.0109102, , , , , , , 19.0900385, -0.0057069, , , , , , , 19.0900385, 0.0065461, , , , , , , , , , , , , , , , , , , , , , , , , , , , 
19.0905577, 0.0263523, , , , , , , 19.0905577, -0.0109102, , , , , , , 19.0905577, -0.0057069, , , , , , , 19.0905577, 0.0060426, , , , , , , , , , , , , , , , , , , , , , , , , , , , 
19.0910769, 0.0256809, , , , , , , 19.0910769, -0.0102388, , , , , , , 19.0910769, -0.005539, , , , , , , 19.0910769, -0.0001678, , , , , , , , , , , , , , , , , , , , , , , , , , , , 
19.0915962, 0.0305486, , , , , , , 19.0915962, -0.0090639, , , , , , , 19.0915962, -0.0073854, , , , , , , 19.0915962, -0.0119173, , , , , , , , , , , , , , , , , , , , , , , , , , , , 
19.0921154, 0.035584, , , , , , , 19.0921154, -0.0085603, , , , , , , 19.0921154, -0.012253, , , , , , , 19.0921154, -0.0223239, , , , , , , , , , , , , , , , , , , , , , , , , , , , 
19.0926346, 0.036759, , , , , , , 19.0926346, -0.0085603, , , , , , , 19.0926346, -0.0140993, , , , , , , 19.0926346, -0.0260166, , , , , , , , , , , , , , , , , , , , , , , , , , , , 
19.0931538, 0.0364233, , , , , , , 19.0931538, -0.0065461, , , , , , , 19.0931538, -0.012253, , , , , , , 19.0931538, -0.0263523, , , , , , , , , , , , , , , , , , , , , , , , , , , , 
19.0936731, 0.0381018, , , , , , , 19.0936731, -0.0045319, , , , , , , 19.0936731, -0.0135958, , , , , , , 19.0936731, -0.0276951, , , , , , , , , , , , , , , , , , , , , , , , , , , , 
19.0941923, 0.0381018, , , , , , , 19.0941923, -0.0036927, , , , , , , 19.0941923, -0.0164492, , , , , , , 19.0941923, -0.0263523, , , , , , , , , , , , , , , , , , , , , , , , , , , , 
19.0947115, 0.0347448, , , , , , , 19.0947115, -0.0062104, , , , , , , 19.0947115, -0.0164492, , , , , , , 19.0947115, -0.0179599, , , , , , , , , , , , , , , , , , , , , , , , , , , , 
19.0952308, 0.030045, , , , , , , 19.0952308, -0.0082246, , , , , , , 19.0952308, -0.01561, , , , , , , 19.0952308, -0.0072175, , , , , , , , , , , , , , , , , , , , , , , , , , , , 
19.09575, 0.0243381, , , , , , , 19.09575, -0.0077211, , , , , , , 19.09575, -0.0152743, , , , , , , 19.09575, 0.0011749, , , , , , , , , , , , , , , , , , , , , , , , , , , , 
19.0962692, 0.0191348, , , , , , , 19.0962692, -0.0078889, , , , , , , 19.0962692, -0.0135958, , , , , , , 19.0962692, 0.0078889, , , , , , , , , , , , , , , , , , , , , , , , , , , , 
19.0967885, 0.018967, , , , , , , 19.0967885, -0.008896, , , , , , , 19.0967885, -0.0135958, , , , , , , 19.0967885, 0.0129244, , , , , , , , , , , , , , , , , , , , , , , , , , , , 
19.0973077, 0.0139315, , , , , , , 19.0973077, -0.008896, , , , , , , 19.0973077, -0.0119173, , , , , , , 19.0973077, 0.0199741, , , , , , , , , , , , , , , , , , , , , , , , , , , , 
19.0978269, 0.0062104, , , , , , , 19.0978269, -0.0082246, , , , , , , 19.0978269, -0.008896, , , , , , , 19.0978269, 0.0313878, , , , , , , , , , , , , , , , , , , , , , , , , , , , 
19.0983462, 0.0028534, , , , , , , 19.0983462, -0.0077211, , , , , , , 19.0983462, -0.0068818, , , , , , , 19.0983462, 0.04448, , , , , , , , , , , , , , , , , , , , , , , , , , , , 
19.0988654, 0.0018463, , , , , , , 19.0988654, -0.0062104, , , , , , , 19.0988654, -0.005539, , , , , , , 19.0988654, 0.0565652, , , , , , , , , , , , , , , , , , , , , , , , , , , , 
19.0993846, -0.0008392, , , , , , , 19.0993846, -0.0065461, , , , , , , 19.0993846, -0.0045319, , , , , , , 19.0993846, 0.0639506, , , , , , , , , , , , , , , , , , , , , , , , , , , , 
19.0999038, -0.0028534, , , , , , , 19.0999038, -0.0090639, , , , , , , 19.0999038, -0.0031891, , , , , , , 19.0999038, 0.0686503, , , , , , , , , , , , , , , , , , , , , , , , , , , , 
19.1004231, -0.0072175, , , , , , , 19.1004231, -0.0112459, , , , , , , 19.1004231, -0.0015106, , , , , , , 19.1004231, 0.073518, , , , , , , , , , , , , , , , , , , , , , , , , , , , 
19.1009423, -0.0112459, , , , , , , 19.1009423, -0.0105745, , , , , , , 19.1009423, -0.0015106, , , , , , , 19.1009423, 0.072343, , , , , , , , , , , , , , , , , , , , , , , , , , , , 
19.1014615, -0.0072175, , , , , , , 19.1014615, -0.0105745, , , , , , , 19.1014615, -0.0015106, , , , , , , 19.1014615, 0.0619364, , , , , , , , , , , , , , , , , , , , , , , , , , , , 
19.1019808, -0.0011749, , , , , , , 19.1019808, -0.012253, , , , , , , 19.1019808, -0.0028534, , , , , , , 19.1019808, 0.047837, , , , , , , , , , , , , , , , , , , , , , , , , , , , 
19.1025, 0.0011749, , , , , , , 19.1025, -0.012253, , , , , , , 19.1025, -0.0045319, , , , , , , 19.1025, 0.0374304, , , , , , , , , , , , , , , , , , , , , , , , , , , , 
19.1030192, 0.0058747, , , , , , , 19.1030192, -0.0125887, , , , , , , 19.1030192, -0.0052033, , , , , , , 19.1030192, 0.0293736, , , , , , , , , , , , , , , , , , , , , , , , , , , , 
19.1035385, 0.0132601, , , , , , , 19.1035385, -0.0119173, , , , , , , 19.1035385, -0.0041962, , , , , , , 19.1035385, 0.0240024, , , , , , , , , , , , , , , , , , , , , , , , , , , , 
19.1040577, 0.0161135, , , , , , , 19.1040577, -0.0104067, , , , , , , 19.1040577, -0.0048676, , , , , , , 19.1040577, 0.0199741, , , , , , , , , , , , , , , , , , , , , , , , , , , , 
19.1045769, 0.0129244, , , , , , , 19.1045769, -0.0095674, , , , , , , 19.1045769, -0.0031891, , , , , , , 19.1045769, 0.0184634, , , , , , , , , , , , , , , , , , , , , , , , , , , , 
19.1050962, 0.0112459, , , , , , , 19.1050962, -0.0092317, , , , , , , 19.1050962, -0.0036927, , , , , , , 19.1050962, 0.0159457, , , , , , , , , , , , , , , , , , , , , , , , , , , , 
19.1056154, 0.0139315, , , , , , , 19.1056154, -0.0102388, , , , , , , 19.1056154, -0.0075532, , , , , , , 19.1056154, 0.0135958, , , , , , , , , , , , , , , , , , , , , , , , , , , , 
19.1061346, 0.0159457, , , , , , , 19.1061346, -0.0105745, , , , , , , 19.1061346, -0.0075532, , , , , , , 19.1061346, 0.012253, , , , , , , , , , , , , , , , , , , , , , , , , , , , 
19.1066538, 0.0199741, , , , , , , 19.1066538, -0.0109102, , , , , , , 19.1066538, -0.0038605, , , , , , , 19.1066538, 0.0097353, , , , , , , , , , , , , , , , , , , , , , , , , , , , 
19.1071731, 0.0223239, , , , , , , 19.1071731, -0.0082246, , , , , , , 19.1071731, -0.0041962, , , , , , , 19.1071731, 0.008896, , , , , , , , , , , , , , , , , , , , , , , , , , , , 
19.1076923, 0.0199741, , , , , , , 19.1076923, -0.0065461, , , , , , , 19.1076923, -0.0062104, , , , , , , 19.1076923, 0.0068818, , , , , , , , , , , , , , , , , , , , , , , , , , , , 
19.1082115, 0.0196384, , , , , , , 19.1082115, -0.0072175, , , , , , , 19.1082115, -0.0082246, , , , , , , 19.1082115, 0.0052033, , , , , , , , , , , , , , , , , , , , , , , , , , , , 
19.1087308, 0.0223239, , , , , , , 19.1087308, -0.0068818, , , , , , , 19.1087308, -0.0092317, , , , , , , 19.1087308, 0.0045319, , , , , , , , , , , , , , , , , , , , , , , , , , , , 
19.10925, 0.0229953, , , , , , , 19.10925, -0.005539, , , , , , , 19.10925, -0.0082246, , , , , , , 19.10925, 0.0057069, , , , , , , , , , , , , , , , , , , , , , , , , , , , 
19.1097692, 0.0219883, , , , , , , 19.1097692, -0.0057069, , , , , , , 19.1097692, -0.005539, , , , , , , 19.1097692, 0.0052033, , , , , , , , , , , , , , , , , , , , , , , , , , , , 
19.1102885, 0.0240024, , , , , , , 19.1102885, -0.0072175, , , , , , , 19.1102885, -0.0035248, , , , , , , 19.1102885, 0.0048676, , , , , , , , , , , , , , , , , , , , , , , , , , , , 
19.1108077, 0.0223239, , , , , , , 19.1108077, -0.0075532, , , , , , , 19.1108077, -0.0046998, , , , , , , 19.1108077, 0.0001678, , , , , , , , , , , , , , , , , , , , , , , , , , , , 
19.1113269, 0.0179599, , , , , , , 19.1113269, -0.0075532, , , , , , , 19.1113269, -0.0068818, , , , , , , 19.1113269, -0.0115816, , , , , , , , , , , , , , , , , , , , , , , , , , , , 
19.1118462, 0.0186313, , , , , , , 19.1118462, -0.0070497, , , , , , , 19.1118462, -0.0085603, , , , , , , 19.1118462, -0.0223239, , , , , , , , , , , , , , , , , , , , , , , , , , , , 
19.1123654, 0.0213169, , , , , , , 19.1123654, -0.0058747, , , , , , , 19.1123654, -0.0109102, , , , , , , 19.1123654, -0.030045, , , , , , , , , , , , , , , , , , , , , , , , , , , , 
19.1128846, 0.023331, , , , , , , 19.1128846, -0.005539, , , , , , , 19.1128846, -0.012253, , , , , , , 19.1128846, -0.0374304, , , , , , , , , , , , , , , , , , , , , , , , , , , , 
19.1134038, 0.0216526, , , , , , , 19.1134038, -0.0046998, , , , , , , 19.1134038, -0.0142672, , , , , , , 19.1134038, -0.0451514, , , , , , , , , , , , , , , , , , , , , , , , , , , , 
19.1139231, 0.0146029, , , , , , , 19.1139231, -0.0030213, , , , , , , 19.1139231, -0.01561, , , , , , , 19.1139231, -0.0451514, , , , , , , , , , , , , , , , , , , , , , , , , , , , 
19.1144423, 0.0092317, , , , , , , 19.1144423, -0.0041962, , , , , , , 19.1144423, -0.01561, , , , , , , 19.1144423, -0.0384375, , , , , , , , , , , , , , , , , , , , , , , , , , , , 
19.1149615, 0.008896, , , , , , , 19.1149615, -0.0068818, , , , , , , 19.1149615, -0.0149386, , , , , , , 19.1149615, -0.0283665, , , , , , , , , , , , , , , , , , , , , , , , , , , , 
19.1154808, 0.0129244, , , , , , , 19.1154808, -0.0082246, , , , , , , 19.1154808, -0.0139315, , , , , , , 19.1154808, -0.0176242, , , , , , , , , , , , , , , , , , , , , , , , , , , , 
19.116, 0.0129244, , , , , , , 19.116, -0.0078889, , , , , , , 19.116, -0.012253, , , , , , , 19.116, -0.0099031, , , , , , , , , , , , , , , , , , , , , , , , , , , , 
19.1165192, 0.012253, , , , , , , 19.1165192, -0.0068818, , , , , , , 19.1165192, -0.0095674, , , , , , , 19.1165192, -0.0043641, , , , , , , , , , , , , , , , , , , , , , , , , , , , 
19.1170385, 0.012253, , , , , , , 19.1170385, -0.0045319, , , , , , , 19.1170385, -0.0072175, , , , , , , 19.1170385, 0.0052033, , , , , , , , , , , , , , , , , , , , , , , , , , , , 
19.1175577, 0.0099031, , , , , , , 19.1175577, -0.0031891, , , , , , , 19.1175577, -0.0052033, , , , , , , 19.1175577, 0.017792, , , , , , , , , , , , , , , , , , , , , , , , , , , , 
19.1180769, 0.0139315, , , , , , , 19.1180769, -0.0035248, , , , , , , 19.1180769, -0.0028534, , , , , , , 19.1180769, 0.0290379, , , , , , , , , , , , , , , , , , , , , , , , , , , , 
19.1185962, 0.0179599, , , , , , , 19.1185962, -0.0050355, , , , , , , 19.1185962, -0.0015106, , , , , , , 19.1185962, 0.0386053, , , , , , , , , , , , , , , , , , , , , , , , , , , , 
19.1191154, 0.0119173, , , , , , , 19.1191154, -0.0065461, , , , , , , 19.1191154, -0.0015106, , , , , , , 19.1191154, 0.0475013, , , , , , , , , , , , , , , , , , , , , , , , , , , , 
19.1196346, 0.0057069, , , , , , , 19.1196346, -0.0073854, , , , , , , 19.1196346, -0.0018463, , , , , , , 19.1196346, 0.0538796, , , , , , , , , , , , , , , , , , , , , , , , , , , , 
19.1201538, 0.0025177, , , , , , , 19.1201538, -0.0073854, , , , , , , 19.1201538, -0.0008392, , , , , , , 19.1201538, 0.0538796, , , , , , , , , , , , , , , , , , , , , , , , , , , , 
19.1206731, -0.0045319, , , , , , , 19.1206731, -0.0078889, , , , , , , 19.1206731, -0.0005035, , , , , , , 19.1206731, 0.0518654, , , , , , , , , , , , , , , , , , , , , , , , , , , , 
19.1211923, -0.0137636, , , , , , , 19.1211923, -0.0075532, , , , , , , 19.1211923, -0.0005035, , , , , , , 19.1211923, 0.0468299, , , , , , , , , , , , , , , , , , , , , , , , , , , , 
19.1217115, -0.01561, , , , , , , 19.1217115, -0.0072175, , , , , , , 19.1217115, -0.0006714, , , , , , , 19.1217115, 0.0370947, , , , , , , , , , , , , , , , , , , , , , , , , , , , 
19.1222308, -0.0072175, , , , , , , 19.1222308, -0.008896, , , , , , , 19.1222308, -0.0001678, , , , , , , 19.1222308, 0.0276951, , , , , , , , , , , , , , , , , , , , , , , , , , , , 
19.12275, 0.0018463, , , , , , , 19.12275, -0.0083925, , , , , , , 19.12275, -0.0015106, , , , , , , 19.12275, 0.0219883, , , , , , , , , , , , , , , , , , , , , , , , , , , , 
19.1232692, 0.006714, , , , , , , 19.1232692, -0.0057069, , , , , , , 19.1232692, -0.0041962, , , , , , , 19.1232692, 0.0199741, , , , , , , , , , , , , , , , , , , , , , , , , , , , 
19.1237885, 0.0092317, , , , , , , 19.1237885, -0.0045319, , , , , , , 19.1237885, -0.0063783, , , , , , , 19.1237885, 0.0194705, , , , , , , , , , , , , , , , , , , , , , , , , , , , 
19.1243077, 0.0065461, , , , , , , 19.1243077, -0.0078889, , , , , , , 19.1243077, -0.0072175, , , , , , , 19.1243077, 0.0152743, , , , , , , , , , , , , , , , , , , , , , , , , , , , 
19.1248269, 0.0072175, , , , , , , 19.1248269, -0.0095674, , , , , , , 19.1248269, -0.0078889, , , , , , , 19.1248269, 0.0082246, , , , , , , , , , , , , , , , , , , , , , , , , , , , 
19.1253462, 0.012253, , , , , , , 19.1253462, -0.0075532, , , , , , , 19.1253462, -0.008896, , , , , , , 19.1253462, 0.0010071, , , , , , , , , , , , , , , , , , , , , , , , , , , , 
19.1258654, 0.0218204, , , , , , , 19.1258654, -0.0052033, , , , , , , 19.1258654, -0.0102388, , , , , , , 19.1258654, -0.0050355, , , , , , , , , , , , , , , , , , , , , , , , , , , , 
19.1263846, 0.0307164, , , , , , , 19.1263846, -0.0041962, , , , , , , 19.1263846, -0.0115816, , , , , , , 19.1263846, -0.0072175, , , , , , , , , , , , , , , , , , , , , , , , , , , , 
19.1269038, 0.030045, , , , , , , 19.1269038, -0.005539, , , , , , , 19.1269038, -0.012253, , , , , , , 19.1269038, -0.008896, , , , , , , , , , , , , , , , , , , , , , , , , , , , 
19.1274231, 0.0263523, , , , , , , 19.1274231, -0.0062104, , , , , , , 19.1274231, -0.012253, , , , , , , 19.1274231, -0.0102388, , , , , , , , , , , , , , , , , , , , , , , , , , , , 
19.1279423, 0.0236667, , , , , , , 19.1279423, -0.0068818, , , , , , , 19.1279423, -0.012253, , , , , , , 19.1279423, -0.0085603, , , , , , , , , , , , , , , , , , , , , , , , , , , , 
19.1284615, 0.0253452, , , , , , , 19.1284615, -0.0075532, , , , , , , 19.1284615, -0.012253, , , , , , , 19.1284615, -0.0065461, , , , , , , , , , , , , , , , , , , , , , , , , , , , 
19.1289808, 0.0273594, , , , , , , 19.1289808, -0.0050355, , , , , , , 19.1289808, -0.0119173, , , , , , , 19.1289808, -0.0028534, , , , , , , , , , , , , , , , , , , , , , , , , , , , 
19.1295, 0.0273594, , , , , , , 19.1295, -0.0031891, , , , , , , 19.1295, -0.0135958, , , , , , , 19.1295, -0.0008392, , , , , , , , , , , , , , , , , , , , , , , , , , , , 
19.1300192, 0.0273594, , , , , , , 19.1300192, -0.0028534, , , , , , , 19.1300192, -0.0162814, , , , , , , 19.1300192, -0.0015106, , , , , , , , , , , , , , , , , , , , , , , , , , , , 
19.1305385, 0.0275273, , , , , , , 19.1305385, -0.0035248, , , , , , , 19.1305385, -0.0162814, , , , , , , 19.1305385, -0.0048676, , , , , , , , , , , , , , , , , , , , , , , , , , , , 
19.1310577, 0.0303807, , , , , , , 19.1310577, -0.0048676, , , , , , , 19.1310577, -0.0166171, , , , , , , 19.1310577, -0.0119173, , , , , , , , , , , , , , , , , , , , , , , , , , , , 
19.1315769, 0.0354162, , , , , , , 19.1315769, -0.0063783, , , , , , , 19.1315769, -0.0186313, , , , , , , 19.1315769, -0.0219883, , , , , , , , , , , , , , , , , , , , , , , , , , , , 
19.1320962, 0.036759, , , , , , , 19.1320962, -0.0083925, , , , , , , 19.1320962, -0.018967, , , , , , , 19.1320962, -0.0270237, , , , , , , , , , , , , , , , , , , , , , , , , , , , 
19.1326154, 0.0347448, , , , , , , 19.1326154, -0.0085603, , , , , , , 19.1326154, -0.0176242, , , , , , , 19.1326154, -0.030045, , , , , , , , , , , , , , , , , , , , , , , , , , , , 
19.1331346, 0.0344091, , , , , , , 19.1331346, -0.0058747, , , , , , , 19.1331346, -0.0166171, , , , , , , 19.1331346, -0.0340734, , , , , , , , , , , , , , , , , , , , , , , , , , , , 
19.1336538, 0.0345769, , , , , , , 19.1336538, -0.0041962, , , , , , , 19.1336538, -0.0164492, , , , , , , 19.1336538, -0.0357519, , , , , , , , , , , , , , , , , , , , , , , , , , , , 
19.1341731, 0.030045, , , , , , , 19.1341731, -0.0043641, , , , , , , 19.1341731, -0.0162814, , , , , , , 19.1341731, -0.0323949, , , , , , , , , , , , , , , , , , , , , , , , , , , , 
19.1346923, 0.0263523, , , , , , , 19.1346923, -0.0062104, , , , , , , 19.1346923, -0.01561, , , , , , , 19.1346923, -0.0236667, , , , , , , , , , , , , , , , , , , , , , , , , , , , 
19.1352115, 0.0199741, , , , , , , 19.1352115, -0.0075532, , , , , , , 19.1352115, -0.0135958, , , , , , , 19.1352115, -0.012253, , , , , , , , , , , , , , , , , , , , , , , , , , , , 
19.1357308, 0.0129244, , , , , , , 19.1357308, -0.0085603, , , , , , , 19.1357308, -0.0119173, , , , , , , 19.1357308, -0.0028534, , , , , , , , , , , , , , , , , , , , , , , , , , , , 
19.13625, 0.0078889, , , , , , , 19.13625, -0.0105745, , , , , , , 19.13625, -0.0095674, , , , , , , 19.13625, 0.0031891, , , , , , , , , , , , , , , , , , , , , , , , , , , , 
19.1367692, 0.0082246, , , , , , , 19.1367692, -0.0109102, , , , , , , 19.1367692, -0.0075532, , , , , , , 19.1367692, 0.0099031, , , , , , , , , , , , , , , , , , , , , , , , , , , , 
19.1372885, 0.0146029, , , , , , , 19.1372885, -0.0082246, , , , , , , 19.1372885, -0.0068818, , , , , , , 19.1372885, 0.0182956, , , , , , , , , , , , , , , , , , , , , , , , , , , , 
19.1378077, 0.0159457, , , , , , , 19.1378077, -0.0068818, , , , , , , 19.1378077, -0.005539, , , , , , , 19.1378077, 0.0303807, , , , , , , , , , , , , , , , , , , , , , , , , , , , 
19.1383269, 0.0092317, , , , , , , 19.1383269, -0.0082246, , , , , , , 19.1383269, -0.003357, , , , , , , 19.1383269, 0.0441444, , , , , , , , , , , , , , , , , , , , , , , , , , , , 
19.1388462, 0.0015106, , , , , , , 19.1388462, -0.0092317, , , , , , , 19.1388462, -0.002182, , , , , , , 19.1388462, 0.054551, , , , , , , , , , , , , , , , , , , , , , , , , , , , 
19.1393654, -0.0050355, , , , , , , 19.1393654, -0.0104067, , , , , , , 19.1393654, -0.002182, , , , , , , 19.1393654, 0.0622721, , , , , , , , , , , , , , , , , , , , , , , , , , , , 
19.1398846, -0.0058747, , , , , , , 19.1398846, -0.0109102, , , , , , , 19.1398846, -0.0018463, , , , , , , 19.1398846, 0.0673075, , , , , , , , , , , , , , , , , , , , , , , , , , , , 
19.1404038, -0.0035248, , , , , , , 19.1404038, -0.0109102, , , , , , , 19.1404038, -0.0011749, , , , , , , 19.1404038, 0.0706645, , , , , , , , , , , , , , , , , , , , , , , , , , , , 
19.1409231, -0.0077211, , , , , , , 19.1409231, -0.0109102, , , , , , , 19.1409231, -0.0001678, , , , , , , 19.1409231, 0.068986, , , , , , , , , , , , , , , , , , , , , , , , , , , , 
19.1414423, -0.0137636, , , , , , , 19.1414423, -0.012253, , , , , , , 19.1414423, 0.0001678, , , , , , , 19.1414423, 0.0614328, , , , , , , , , , , , , , , , , , , , , , , , , , , , 
19.1419615, -0.012253, , , , , , , 19.1419615, -0.0119173, , , , , , , 19.1419615, 0.0011749, , , , , , , 19.1419615, 0.0500191, , , , , , , , , , , , , , , , , , , , , , , , , , , , 
19.1424808, -0.0050355, , , , , , , 19.1424808, -0.0105745, , , , , , , 19.1424808, 0.0025177, , , , , , , 19.1424808, 0.040116, , , , , , , , , , , , , , , , , , , , , , , , , , , , 
19.143, 0.0006714, , , , , , , 19.143, -0.011078, , , , , , , 19.143, 0.0028534, , , , , , , 19.143, 0.0337377, , , , , , , , , , , , , , , , , , , , , , , , , , , , 
19.1435192, 0.0011749, , , , , , , 19.1435192, -0.0102388, , , , , , , 19.1435192, 0.0025177, , , , , , , 19.1435192, 0.0287022, , , , , , , , , , , , , , , , , , , , , , , , , , , , 
19.1440385, 0.0011749, , , , , , , 19.1440385, -0.0082246, , , , , , , 19.1440385, 0.0011749, , , , , , , 19.1440385, 0.0246738, , , , , , , , , , , , , , , , , , , , , , , , , , , , 
19.1445577, 0.0045319, , , , , , , 19.1445577, -0.0085603, , , , , , , 19.1445577, -0.0001678, , , , , , , 19.1445577, 0.0198062, , , , , , , , , , , , , , , , , , , , , , , , , , , , 
19.1450769, 0.0078889, , , , , , , 19.1450769, -0.0099031, , , , , , , 19.1450769, -0.0015106, , , , , , , 19.1450769, 0.0196384, , , , , , , , , , , , , , , , , , , , , , , , , , , , 
19.1455962, 0.0092317, , , , , , , 19.1455962, -0.0115816, , , , , , , 19.1455962, -0.0036927, , , , , , , 19.1455962, 0.0206455, , , , , , , , , , , , , , , , , , , , , , , , , , , , 
19.1461154, 0.0146029, , , , , , , 19.1461154, -0.0115816, , , , , , , 19.1461154, -0.0068818, , , , , , , 19.1461154, 0.0198062, , , , , , , , , , , , , , , , , , , , , , , , , , , , 
19.1466346, 0.0193027, , , , , , , 19.1466346, -0.0105745, , , , , , , 19.1466346, -0.0075532, , , , , , , 19.1466346, 0.0176242, , , , , , , , , , , , , , , , , , , , , , , , , , , , 
19.1471538, 0.0193027, , , , , , , 19.1471538, -0.0105745, , , , , , , 19.1471538, -0.0083925, , , , , , , 19.1471538, 0.01561, , , , , , , , , , , , , , , , , , , , , , , , , , , , 
19.1476731, 0.0186313, , , , , , , 19.1476731, -0.0105745, , , , , , , 19.1476731, -0.0095674, , , , , , , 19.1476731, 0.0132601, , , , , , , , , , , , , , , , , , , , , , , , , , , , 
19.1481923, 0.0152743, , , , , , , 19.1481923, -0.008896, , , , , , , 19.1481923, -0.0077211, , , , , , , 19.1481923, 0.0092317, , , , , , , , , , , , , , , , , , , , , , , , , , , , 
19.1487115, 0.0179599, , , , , , , 19.1487115, -0.0072175, , , , , , , 19.1487115, -0.0062104, , , , , , , 19.1487115, 0.0052033, , , , , , , , , , , , , , , , , , , , , , , , , , , , 
19.1492308, 0.0226596, , , , , , , 19.1492308, -0.0065461, , , , , , , 19.1492308, -0.0072175, , , , , , , 19.1492308, 0.003357, , , , , , , , , , , , , , , , , , , , , , , , , , , , 
19.14975, 0.0209812, , , , , , , 19.14975, -0.0077211, , , , , , , 19.14975, -0.0095674, , , , , , , 19.14975, 0, , , , , , , , , , , , , , , , , , , , , , , , , , , , 
19.1502692, 0.0198062, , , , , , , 19.1502692, -0.0082246, , , , , , , 19.1502692, -0.0129244, , , , , , , 19.1502692, -0.0038605, , , , , , , , , , , , , , , , , , , , , , , , , , , , 
19.1507885, 0.0253452, , , , , , , 19.1507885, -0.0075532, , , , , , , 19.1507885, -0.0142672, , , , , , , 19.1507885, -0.0082246, , , , , , , , , , , , , , , , , , , , , , , , , , , , 
19.1513077, 0.0302129, , , , , , , 19.1513077, -0.0062104, , , , , , , 19.1513077, -0.01561, , , , , , , 19.1513077, -0.0137636, , , , , , , , , , , , , , , , , , , , , , , , , , , , 
19.1518269, 0.0318914, , , , , , , 19.1518269, -0.0057069, , , , , , , 19.1518269, -0.0152743, , , , , , , 19.1518269, -0.0223239, , , , , , , , , , , , , , , , , , , , , , , , , , , , 
19.1523462, 0.0325628, , , , , , , 19.1523462, -0.0063783, , , , , , , 19.1523462, -0.0162814, , , , , , , 19.1523462, -0.0270237, , , , , , , , , , , , , , , , , , , , , , , , , , , , 
19.1528654, 0.0327306, , , , , , , 19.1528654, -0.0072175, , , , , , , 19.1528654, -0.0176242, , , , , , , 19.1528654, -0.0271916, , , , , , , , , , , , , , , , , , , , , , , , , , , , 
19.1533846, 0.0328985, , , , , , , 19.1533846, -0.0078889, , , , , , , 19.1533846, -0.0181277, , , , , , , 19.1533846, -0.0256809, , , , , , , , , , , , , , , , , , , , , , , , , , , , 
19.1539038, 0.0318914, , , , , , , 19.1539038, -0.0062104, , , , , , , 19.1539038, -0.01561, , , , , , , 19.1539038, -0.0263523, , , , , , , , , , , , , , , , , , , , , , , , , , , , 
19.1544231, 0.030045, , , , , , , 19.1544231, -0.0041962, , , , , , , 19.1544231, -0.012253, , , , , , , 19.1544231, -0.0246738, , , , , , , , , , , , , , , , , , , , , , , , , , , , 
19.1549423, 0.0305486, , , , , , , 19.1549423, -0.0041962, , , , , , , 19.1549423, -0.0105745, , , , , , , 19.1549423, -0.0169528, , , , , , , , , , , , , , , , , , , , , , , , , , , , 
19.1554615, 0.0310521, , , , , , , 19.1554615, -0.0048676, , , , , , , 19.1554615, -0.0092317, , , , , , , 19.1554615, -0.0057069, , , , , , , , , , , , , , , , , , , , , , , , , , , , 
19.1559808, 0.026688, , , , , , , 19.1559808, -0.0050355, , , , , , , 19.1559808, -0.0068818, , , , , , , 19.1559808, 0.0035248, , , , , , , , , , , , , , , , , , , , , , , , , , , , 
19.1565, 0.0169528, , , , , , , 19.1565, -0.0062104, , , , , , , 19.1565, -0.0048676, , , , , , , 19.1565, 0.0099031, , , , , , , , , , , , , , , , , , , , , , , , , , , , 
19.1570192, 0.0050355, , , , , , , 19.1570192, -0.0075532, , , , , , , 19.1570192, -0.0030213, , , , , , , 19.1570192, 0.0159457, , , , , , , , , , , , , , , , , , , , , , , , , , , , 
19.1575385, -0.0058747, , , , , , , 19.1575385, -0.0062104, , , , , , , 19.1575385, -0.0008392, , , , , , , 19.1575385, 0.0231632, , , , , , , , , , , , , , , , , , , , , , , , , , , , 
19.1580577, -0.0142672, , , , , , , 19.1580577, -0.0048676, , , , , , , 19.1580577, 0.0018463, , , , , , , 19.1580577, 0.0347448, , , , , , , , , , , , , , , , , , , , , , , , , , , , 
19.1585769, -0.0203098, , , , , , , 19.1585769, -0.0062104, , , , , , , 19.1585769, 0.0038605, , , , , , , 19.1585769, 0.0464942, , , , , , , , , , , , , , , , , , , , , , , , , , , , 
19.1590962, -0.0246738, , , , , , , 19.1590962, -0.0092317, , , , , , , 19.1590962, 0.0038605, , , , , , , 19.1590962, 0.054551, , , , , , , , , , , , , , , , , , , , , , , , , , , , 
19.1596154, -0.0260166, , , , , , , 19.1596154, -0.0109102, , , , , , , 19.1596154, 0.0028534, , , , , , , 19.1596154, 0.0616007, , , , , , , , , , , , , , , , , , , , , , , , , , , , 
19.1601346, -0.0256809, , , , , , , 19.1601346, -0.0085603, , , , , , , 19.1601346, -0.0015106, , , , , , , 19.1601346, 0.0659648, , , , , , , , , , , , , , , , , , , , , , , , , , , , 
19.1606538, -0.0263523, , , , , , , 19.1606538, -0.0068818, , , , , , , 19.1606538, -0.008896, , , , , , , 19.1606538, 0.0663005, , , , , , , , , , , , , , , , , , , , , , , , , , , , 
19.1611731, -0.0231632, , , , , , , 19.1611731, -0.0068818, , , , , , , 19.1611731, -0.0112459, , , , , , , 19.1611731, 0.0602579, , , , , , , , , , , , , , , , , , , , , , , , , , , , 
19.1616923, -0.0125887, , , , , , , 19.1616923, -0.0068818, , , , , , , 19.1616923, -0.0073854, , , , , , , 19.1616923, 0.0488441, , , , , , , , , , , , , , , , , , , , , , , , , , , , 
19.1622115, -0.0008392, , , , , , , 19.1622115, -0.0072175, , , , , , , 19.1622115, -0.0015106, , , , , , , 19.1622115, 0.040116, , , , , , , , , , , , , , , , , , , , , , , , , , , , 
19.1627308, 0.0085603, , , , , , , 19.1627308, -0.0070497, , , , , , , 19.1627308, 0.0028534, , , , , , , 19.1627308, 0.0340734, , , , , , , , , , , , , , , , , , , , , , , , , , , , 
19.16325, 0.0176242, , , , , , , 19.16325, -0.0082246, , , , , , , 19.16325, 0.0052033, , , , , , , 19.16325, 0.0285344, , , , , , , , , , , , , , , , , , , , , , , , , , , , 
19.1637692, 0.0253452, , , , , , , 19.1637692, -0.0095674, , , , , , , 19.1637692, 0.0052033, , , , , , , 19.1637692, 0.0256809, , , , , , , , , , , , , , , , , , , , , , , , , , , , 
19.1642885, 0.03122, , , , , , , 19.1642885, -0.008896, , , , , , , 19.1642885, 0.002182, , , , , , , 19.1642885, 0.0203098, , , , , , , , , , , , , , , , , , , , , , , , , , , , 
19.1648077, 0.03122, , , , , , , 19.1648077, -0.0068818, , , , , , , 19.1648077, -0.005539, , , , , , , 19.1648077, 0.0149386, , , , , , , , , , , , , , , , , , , , , , , , , , , , 
19.1653269, 0.0288701, , , , , , , 19.1653269, -0.0050355, , , , , , , 19.1653269, -0.0119173, , , , , , , 19.1653269, 0.0129244, , , , , , , , , , , , , , , , , , , , , , , , , , , , 
19.1658462, 0.0273594, , , , , , , 19.1658462, -0.0062104, , , , , , , 19.1658462, -0.0142672, , , , , , , 19.1658462, 0.0119173, , , , , , , , , , , , , , , , , , , , , , , , , , , , 
19.1663654, 0.0270237, , , , , , , 19.1663654, -0.0075532, , , , , , , 19.1663654, -0.0149386, , , , , , , 19.1663654, 0.008896, , , , , , , , , , , , , , , , , , , , , , , , , , , , 
19.1668846, 0.0240024, , , , , , , 19.1668846, -0.0077211, , , , , , , 19.1668846, -0.0137636, , , , , , , 19.1668846, 0.0070497, , , , , , , , , , , , , , , , , , , , , , , , , , , , 
19.1674038, 0.0213169, , , , , , , 19.1674038, -0.0072175, , , , , , , 19.1674038, -0.0134279, , , , , , , 19.1674038, 0.0065461, , , , , , , , , , , , , , , , , , , , , , , , , , , , 
19.1679231, 0.0196384, , , , , , , 19.1679231, -0.005539, , , , , , , 19.1679231, -0.0149386, , , , , , , 19.1679231, 0.0048676, , , , , , , , , , , , , , , , , , , , , , , , , , , , 
19.1684423, 0.0151064, , , , , , , 19.1684423, -0.0041962, , , , , , , 19.1684423, -0.0164492, , , , , , , 19.1684423, 0.0018463, , , , , , , , , , , , , , , , , , , , , , , , , , , , 
19.1689615, 0.0146029, , , , , , , 19.1689615, -0.0052033, , , , , , , 19.1689615, -0.0167849, , , , , , , 19.1689615, -0.0018463, , , , , , , , , , , , , , , , , , , , , , , , , , , , 
19.1694808, 0.0213169, , , , , , , 19.1694808, -0.0063783, , , , , , , 19.1694808, -0.01561, , , , , , , 19.1694808, -0.0035248, , , , , , , , , , , , , , , , , , , , , , , , , , , , 
19.17, 0.0251774, , , , , , , 19.17, -0.0063783, , , , , , , 19.17, -0.0125887, , , , , , , 19.17, -0.0035248, , , , , , , , , , , , , , , , , , , , , , , , , , , , 
19.1705192, 0.0243381, , , , , , , 19.1705192, -0.0077211, , , , , , , 19.1705192, -0.0109102, , , , , , , 19.1705192, -0.0041962, , , , , , , , , , , , , , , , , , , , , , , , , , , , 
19.1710385, 0.0231632, , , , , , , 19.1710385, -0.008896, , , , , , , 19.1710385, -0.0112459, , , , , , , 19.1710385, -0.0099031, , , , , , , , , , , , , , , , , , , , , , , , , , , , 
19.1715577, 0.0280308, , , , , , , 19.1715577, -0.0075532, , , , , , , 19.1715577, -0.0135958, , , , , , , 19.1715577, -0.0199741, , , , , , , , , , , , , , , , , , , , , , , , , , , , 
19.1720769, 0.036759, , , , , , , 19.1720769, -0.0065461, , , , , , , 19.1720769, -0.0164492, , , , , , , 19.1720769, -0.0270237, , , , , , , , , , , , , , , , , , , , , , , , , , , , 
19.1725962, 0.0448157, , , , , , , 19.1725962, -0.0070497, , , , , , , 19.1725962, -0.01561, , , , , , , 19.1725962, -0.0297093, , , , , , , , , , , , , , , , , , , , , , , , , , , , 
19.1731154, 0.0481727, , , , , , , 19.1731154, -0.0058747, , , , , , , 19.1731154, -0.0142672, , , , , , , 19.1731154, -0.0317235, , , , , , , , , , , , , , , , , , , , , , , , , , , , 
19.1736346, 0.0461585, , , , , , , 19.1736346, -0.0046998, , , , , , , 19.1736346, -0.0142672, , , , , , , 19.1736346, -0.0297093, , , , , , , , , , , , , , , , , , , , , , , , , , , , 
19.1741538, 0.0419623, , , , , , , 19.1741538, -0.0048676, , , , , , , 19.1741538, -0.012253, , , , , , , 19.1741538, -0.0229953, , , , , , , , , , , , , , , , , , , , , , , , , , , , 
19.1746731, 0.0377661, , , , , , , 19.1746731, -0.0065461, , , , , , , 19.1746731, -0.0082246, , , , , , , 19.1746731, -0.0146029, , , , , , , , , , , , , , , , , , , , , , , , , , , , 
19.1751923, 0.0344091, , , , , , , 19.1751923, -0.0075532, , , , , , , 19.1751923, -0.0052033, , , , , , , 19.1751923, -0.0045319, , , , , , , , , , , , , , , , , , , , , , , , , , , , 
19.1757115, 0.0280308, , , , , , , 19.1757115, -0.0082246, , , , , , , 19.1757115, -0.0035248, , , , , , , 19.1757115, 0.0072175, , , , , , , , , , , , , , , , , , , , , , , , , , , , 
19.1762308, 0.0146029, , , , , , , 19.1762308, -0.0082246, , , , , , , 19.1762308, -0.0011749, , , , , , , 19.1762308, 0.0203098, , , , , , , , , , , , , , , , , , , , , , , , , , , , 
19.17675, -0.0001678, , , , , , , 19.17675, -0.0077211, , , , , , , 19.17675, -0.0001678, , , , , , , 19.17675, 0.0313878, , , , , , , , , , , , , , , , , , , , , , , , , , , , 
19.1772692, -0.0090639, , , , , , , 19.1772692, -0.0065461, , , , , , , 19.1772692, -0.0025177, , , , , , , 19.1772692, 0.0407874, , , , , , , , , , , , , , , , , , , , , , , , , , , , 
19.1777885, -0.0130922, , , , , , , 19.1777885, -0.0058747, , , , , , , 19.1777885, -0.0050355, , , , , , , 19.1777885, 0.0501869, , , , , , , , , , , , , , , , , , , , , , , , , , , , 
19.1783077, -0.0191348, , , , , , , 19.1783077, -0.0062104, , , , , , , 19.1783077, -0.005539, , , , , , , 19.1783077, 0.0575723, , , , , , , , , , , , , , , , , , , , , , , , , , , , 
19.1788269, -0.0255131, , , , , , , 19.1788269, -0.0072175, , , , , , , 19.1788269, -0.0068818, , , , , , , 19.1788269, 0.064622, , , , , , , , , , , , , , , , , , , , , , , , , , , , 
19.1793462, -0.0310521, , , , , , , 19.1793462, -0.0083925, , , , , , , 19.1793462, -0.0062104, , , , , , , 19.1793462, 0.0713359, , , , , , , , , , , , , , , , , , , , , , , , , , , , 
19.1798654, -0.0360876, , , , , , , 19.1798654, -0.0082246, , , , , , , 19.1798654, -0.0052033, , , , , , , 19.1798654, 0.0760357, , , , , , , , , , , , , , , , , , , , , , , , , , , , 
19.1803846, -0.0391089, , , , , , , 19.1803846, -0.0068818, , , , , , , 19.1803846, -0.0058747, , , , , , , 19.1803846, 0.0767071, , , , , , , , , , , , , , , , , , , , , , , , , , , , 
19.1809038, -0.0377661, , , , , , , 19.1809038, -0.0075532, , , , , , , 19.1809038, -0.0048676, , , , , , , 19.1809038, 0.0696574, , , , , , , , , , , , , , , , , , , , , , , , , , , , 
19.1814231, -0.0307164, , , , , , , 19.1814231, -0.0082246, , , , , , , 19.1814231, -0.0041962, , , , , , , 19.1814231, 0.0552224, , , , , , , , , , , , , , , , , , , , , , , , , , , , 
19.1819423, -0.0219883, , , , , , , 19.1819423, -0.0099031, , , , , , , 19.1819423, -0.005539, , , , , , , 19.1819423, 0.0416266, , , , , , , , , , , , , , , , , , , , , , , , , , , , 
19.1824615, -0.0102388, , , , , , , 19.1824615, -0.0102388, , , , , , , 19.1824615, -0.0078889, , , , , , , 19.1824615, 0.0328985, , , , , , , , , , , , , , , , , , , , , , , , , , , , 
19.1829808, 0.0041962, , , , , , , 19.1829808, -0.0072175, , , , , , , 19.1829808, -0.0095674, , , , , , , 19.1829808, 0.024506, , , , , , , , , , , , , , , , , , , , , , , , , , , , 
19.1835, 0.0166171, , , , , , , 19.1835, -0.0036927, , , , , , , 19.1835, -0.0112459, , , , , , , 19.1835, 0.01561, , , , , , , , , , , , , , , , , , , , , , , , , , , , 
19.1840192, 0.0260166, , , , , , , 19.1840192, -0.0025177, , , , , , , 19.1840192, -0.0125887, , , , , , , 19.1840192, 0.0095674, , , , , , , , , , , , , , , , , , , , , , , , , , , , 
19.1845385, 0.0327306, , , , , , , 19.1845385, -0.003357, , , , , , , 19.1845385, -0.012253, , , , , , , 19.1845385, 0.0068818, , , , , , , , , , , , , , , , , , , , , , , , , , , , 
19.1850577, 0.0340734, , , , , , , 19.1850577, -0.0043641, , , , , , , 19.1850577, -0.0124208, , , , , , , 19.1850577, 0.0031891, , , , , , , , , , , , , , , , , , , , , , , , , , , , 
19.1855769, 0.0320592, , , , , , , 19.1855769, -0.0062104, , , , , , , 19.1855769, -0.0130922, , , , , , , 19.1855769, -0.0008392, , , , , , , , , , , , , , , , , , , , , , , , , , , , 
19.1860962, 0.0330663, , , , , , , 19.1860962, -0.0075532, , , , , , , 19.1860962, -0.0135958, , , , , , , 19.1860962, -0.002182, , , , , , , , , , , , , , , , , , , , , , , , , , , , 
19.1866154, 0.0357519, , , , , , , 19.1866154, -0.0095674, , , , , , , 19.1866154, -0.0132601, , , , , , , 19.1866154, -0.0035248, , , , , , , , , , , , , , , , , , , , , , , , , , , , 
19.1871346, 0.0327306, , , , , , , 19.1871346, -0.0109102, , , , , , , 19.1871346, -0.0129244, , , , , , , 19.1871346, -0.0030213, , , , , , , , , , , , , , , , , , , , , , , , , , , , 
19.1876538, 0.0260166, , , , , , , 19.1876538, -0.0115816, , , , , , , 19.1876538, -0.0125887, , , , , , , 19.1876538, -0.0001678, , , , , , , , , , , , , , , , , , , , , , , , , , , , 
19.1881731, 0.0226596, , , , , , , 19.1881731, -0.0099031, , , , , , , 19.1881731, -0.0117494, , , , , , , 19.1881731, 0.0005035, , , , , , , , , , , , , , , , , , , , , , , , , , , , 
19.1886923, 0.027863, , , , , , , 19.1886923, -0.0082246, , , , , , , 19.1886923, -0.012253, , , , , , , 19.1886923, -0.0015106, , , , , , , , , , , , , , , , , , , , , , , , , , , , 
19.1892115, 0.0313878, , , , , , , 19.1892115, -0.0104067, , , , , , , 19.1892115, -0.0129244, , , , , , , 19.1892115, -0.0001678, , , , , , , , , , , , , , , , , , , , , , , , , , , , 
19.1897308, 0.0253452, , , , , , , 19.1897308, -0.012253, , , , , , , 19.1897308, -0.0129244, , , , , , , 19.1897308, 0.0025177, , , , , , , , , , , , , , , , , , , , , , , , , , , , 
19.19025, 0.0193027, , , , , , , 19.19025, -0.0109102, , , , , , , 19.19025, -0.0129244, , , , , , , 19.19025, 0.003357, , , , , , , , , , , , , , , , , , , , , , , , , , , , 
19.1907692, 0.0224918, , , , , , , 19.1907692, -0.008896, , , , , , , 19.1907692, -0.0135958, , , , , , , 19.1907692, -0.0023499, , , , , , , , , , , , , , , , , , , , , , , , , , , , 
19.1912885, 0.0307164, , , , , , , 19.1912885, -0.008896, , , , , , , 19.1912885, -0.0149386, , , , , , , 19.1912885, -0.0146029, , , , , , , , , , , , , , , , , , , , , , , , , , , , 
19.1918077, 0.0374304, , , , , , , 19.1918077, -0.0090639, , , , , , , 19.1918077, -0.0162814, , , , , , , 19.1918077, -0.0263523, , , , , , , , , , , , , , , , , , , , , , , , , , , , 
19.1923269, 0.0428016, , , , , , , 19.1923269, -0.0099031, , , , , , , 19.1923269, -0.01561, , , , , , , 19.1923269, -0.0287022, , , , , , , , , , , , , , , , , , , , , , , , , , , , 
19.1928462, 0.0461585, , , , , , , 19.1928462, -0.0095674, , , , , , , 19.1928462, -0.0135958, , , , , , , 19.1928462, -0.0276951, , , , , , , , , , , , , , , , , , , , , , , , , , , , 
19.1933654, 0.0464942, , , , , , , 19.1933654, -0.0102388, , , , , , , 19.1933654, -0.0105745, , , , , , , 19.1933654, -0.0273594, , , , , , , , , , , , , , , , , , , , , , , , , , , , 
19.1938846, 0.0449836, , , , , , , 19.1938846, -0.0109102, , , , , , , 19.1938846, -0.0095674, , , , , , , 19.1938846, -0.0270237, , , , , , , , , , , , , , , , , , , , , , , , , , , , 
19.1944038, 0.0428016, , , , , , , 19.1944038, -0.0095674, , , , , , , 19.1944038, -0.0102388, , , , , , , 19.1944038, -0.0256809, , , , , , , , , , , , , , , , , , , , , , , , , , , , 
19.1949231, 0.0397803, , , , , , , 19.1949231, -0.0082246, , , , , , , 19.1949231, -0.0095674, , , , , , , 19.1949231, -0.0179599, , , , , , , , , , , , , , , , , , , , , , , , , , , , 
19.1954423, 0.0313878, , , , , , , 19.1954423, -0.0078889, , , , , , , 19.1954423, -0.0082246, , , , , , , 19.1954423, -0.0058747, , , , , , , , , , , , , , , , , , , , , , , , , , , , 
19.1959615, 0.0196384, , , , , , , 19.1959615, -0.008896, , , , , , , 19.1959615, -0.0082246, , , , , , , 19.1959615, 0.0052033, , , , , , , , , , , , , , , , , , , , , , , , , , , , 
19.1964808, 0.0099031, , , , , , , 19.1964808, -0.0099031, , , , , , , 19.1964808, -0.0082246, , , , , , , 19.1964808, 0.0124208, , , , , , , , , , , , , , , , , , , , , , , , , , , , 
19.197, 0.0003357, , , , , , , 19.197, -0.0085603, , , , , , , 19.197, -0.0082246, , , , , , , 19.197, 0.0206455, , , , , , , , , , , , , , , , , , , , , , , , , , , , 
19.1975192, -0.0078889, , , , , , , 19.1975192, -0.0082246, , , , , , , 19.1975192, -0.008896, , , , , , , 19.1975192, 0.0327306, , , , , , , , , , , , , , , , , , , , , , , , , , , , 
19.1980385, -0.0112459, , , , , , , 19.1980385, -0.0099031, , , , , , , 19.1980385, -0.0105745, , , , , , , 19.1980385, 0.04448, , , , , , , , , , , , , , , , , , , , , , , , , , , , 
19.1985577, -0.0129244, , , , , , , 19.1985577, -0.0109102, , , , , , , 19.1985577, -0.0095674, , , , , , , 19.1985577, 0.0508583, , , , , , , , , , , , , , , , , , , , , , , , , , , , 
19.1990769, -0.0139315, , , , , , , 19.1990769, -0.0095674, , , , , , , 19.1990769, -0.0041962, , , , , , , 19.1990769, 0.0575723, , , , , , , , , , , , , , , , , , , , , , , , , , , , 
19.1995962, -0.0166171, , , , , , , 19.1995962, -0.0083925, , , , , , , 19.1995962, -0.0008392, , , , , , , 19.1995962, 0.0649577, , , , , , , , , , , , , , , , , , , , , , , , , , , , 
19.2001154, -0.0199741, , , , , , , 19.2001154, -0.0068818, , , , , , , 19.2001154, -0.0003357, , , , , , , 19.2001154, 0.0679789, , , , , , , , , , , , , , , , , , , , , , , , , , , , 
19.2006346, -0.0223239, , , , , , , 19.2006346, -0.0072175, , , , , , , 19.2006346, 0.0008392, , , , , , , 19.2006346, 0.0676432, , , , , , , , , , , , , , , , , , , , , , , , , , , , 
19.2011538, -0.0196384, , , , , , , 19.2011538, -0.0078889, , , , , , , 19.2011538, 0.0015106, , , , , , , 19.2011538, 0.0629435, , , , , , , , , , , , , , , , , , , , , , , , , , , , 
19.2016731, -0.0157778, , , , , , , 19.2016731, -0.0078889, , , , , , , 19.2016731, 0.0008392, , , , , , , 19.2016731, 0.0516976, , , , , , , , , , , , , , , , , , , , , , , , , , , , 
19.2021923, -0.0139315, , , , , , , 19.2021923, -0.0062104, , , , , , , 19.2021923, 0.0010071, , , , , , , 19.2021923, 0.0421302, , , , , , , , , , , , , , , , , , , , , , , , , , , , 
19.2027115, -0.0115816, , , , , , , 19.2027115, -0.0073854, , , , , , , 19.2027115, 0.0011749, , , , , , , 19.2027115, 0.0360876, , , , , , , , , , , , , , , , , , , , , , , , , , , , 
19.2032308, -0.0078889, , , , , , , 19.2032308, -0.0090639, , , , , , , 19.2032308, 0.0001678, , , , , , , 19.2032308, 0.0297093, , , , , , , , , , , , , , , , , , , , , , , , , , , , 
19.20375, -0.0048676, , , , , , , 19.20375, -0.0095674, , , , , , , 19.20375, -0.0010071, , , , , , , 19.20375, 0.0223239, , , , , , , , , , , , , , , , , , , , , , , , , , , , 
19.2042692, -0.0031891, , , , , , , 19.2042692, -0.008896, , , , , , , 19.2042692, -0.0020142, , , , , , , 19.2042692, 0.0169528, , , , , , , , , , , , , , , , , , , , , , , , , , , , 
19.2047885, 0.0011749, , , , , , , 19.2047885, -0.0075532, , , , , , , 19.2047885, -0.0015106, , , , , , , 19.2047885, 0.012253, , , , , , , , , , , , , , , , , , , , , , , , , , , , 
19.2053077, 0.0052033, , , , , , , 19.2053077, -0.0085603, , , , , , , 19.2053077, -0.0010071, , , , , , , 19.2053077, 0.0078889, , , , , , , , , , , , , , , , , , , , , , , , , , , , 
19.2058269, 0.0077211, , , , , , , 19.2058269, -0.0095674, , , , , , , 19.2058269, -0.0008392, , , , , , , 19.2058269, 0.0038605, , , , , , , , , , , , , , , , , , , , , , , , , , , , 
19.2063462, 0.0146029, , , , , , , 19.2063462, -0.008896, , , , , , , 19.2063462, -0.0028534, , , , , , , 19.2063462, 0.0010071, , , , , , , , , , , , , , , , , , , , , , , , , , , , 
19.2068654, 0.0216526, , , , , , , 19.2068654, -0.0082246, , , , , , , 19.2068654, -0.0072175, , , , , , , 19.2068654, -0.0005035, , , , , , , , , , , , , , , , , , , , , , , , , , , , 
19.2073846, 0.0251774, , , , , , , 19.2073846, -0.0070497, , , , , , , 19.2073846, -0.0102388, , , , , , , 19.2073846, -0.0020142, , , , , , , , , , , , , , , , , , , , , , , , , , , , 
19.2079038, 0.0265202, , , , , , , 19.2079038, -0.005539, , , , , , , 19.2079038, -0.0099031, , , , , , , 19.2079038, -0.0062104, , , , , , , , , , , , , , , , , , , , , , , , , , , , 
19.2084231, 0.0213169, , , , , , , 19.2084231, -0.0038605, , , , , , , 19.2084231, -0.0072175, , , , , , , 19.2084231, -0.012253, , , , , , , , , , , , , , , , , , , , , , , , , , , , 
19.2089423, 0.0152743, , , , , , , 19.2089423, -0.0028534, , , , , , , 19.2089423, -0.0065461, , , , , , , 19.2089423, -0.0149386, , , , , , , , , , , , , , , , , , , , , , , , , , , , 
19.2094615, 0.0149386, , , , , , , 19.2094615, -0.0031891, , , , , , , 19.2094615, -0.0077211, , , , , , , 19.2094615, -0.01561, , , , , , , , , , , , , , , , , , , , , , , , , , , , 
19.2099808, 0.0179599, , , , , , , 19.2099808, -0.0058747, , , , , , , 19.2099808, -0.0068818, , , , , , , 19.2099808, -0.0154421, , , , , , , , , , , , , , , , , , , , , , , , , , , , 
19.2105, 0.0186313, , , , , , , 19.2105, -0.0058747, , , , , , , 19.2105, -0.0041962, , , , , , , 19.2105, -0.0169528, , , , , , , , , , , , , , , , , , , , , , , , , , , , 
19.2110192, 0.0199741, , , , , , , 19.2110192, -0.0065461, , , , , , , 19.2110192, -0.0052033, , , , , , , 19.2110192, -0.0243381, , , , , , , , , , , , , , , , , , , , , , , , , , , , 
19.2115385, 0.0231632, , , , , , , 19.2115385, -0.0068818, , , , , , , 19.2115385, -0.0092317, , , , , , , 19.2115385, -0.0360876, , , , , , , , , , , , , , , , , , , , , , , , , , , , 
19.2120577, 0.0280308, , , , , , , 19.2120577, -0.0060426, , , , , , , 19.2120577, -0.0109102, , , , , , , 19.2120577, -0.0446479, , , , , , , , , , , , , , , , , , , , , , , , , , , , 
19.2125769, 0.033402, , , , , , , 19.2125769, -0.005539, , , , , , , 19.2125769, -0.0124208, , , , , , , 19.2125769, -0.0458228, , , , , , , , , , , , , , , , , , , , , , , , , , , , 
19.2130962, 0.0344091, , , , , , , 19.2130962, -0.0038605, , , , , , , 19.2130962, -0.0135958, , , , , , , 19.2130962, -0.0458228, , , , , , , , , , , , , , , , , , , , , , , , , , , , 
19.2136154, 0.033402, , , , , , , 19.2136154, -0.0028534, , , , , , , 19.2136154, -0.0129244, , , , , , , 19.2136154, -0.0451514, , , , , , , , , , , , , , , , , , , , , , , , , , , , 
19.2141346, 0.0359197, , , , , , , 19.2141346, -0.0062104, , , , , , , 19.2141346, -0.0130922, , , , , , , 19.2141346, -0.0397803, , , , , , , , , , , , , , , , , , , , , , , , , , , , 
19.2146538, 0.0377661, , , , , , , 19.2146538, -0.0099031, , , , , , , 19.2146538, -0.0112459, , , , , , , 19.2146538, -0.0298772, , , , , , , , , , , , , , , , , , , , , , , , , , , , 
19.2151731, 0.0354162, , , , , , , 19.2151731, -0.0109102, , , , , , , 19.2151731, -0.0112459, , , , , , , 19.2151731, -0.0176242, , , , , , , , , , , , , , , , , , , , , , , , , , , , 
19.2156923, 0.0320592, , , , , , , 19.2156923, -0.0095674, , , , , , , 19.2156923, -0.012253, , , , , , , 19.2156923, -0.0062104, , , , , , , , , , , , , , , , , , , , , , , , , , , , 
19.2162115, 0.0285344, , , , , , , 19.2162115, -0.0090639, , , , , , , 19.2162115, -0.0105745, , , , , , , 19.2162115, 0.0038605, , , , , , , , , , , , , , , , , , , , , , , , , , , , 
19.2167308, 0.0246738, , , , , , , 19.2167308, -0.0095674, , , , , , , 19.2167308, -0.0102388, , , , , , , 19.2167308, 0.0115816, , , , , , , , , , , , , , , , , , , , , , , , , , , , 
19.21725, 0.0198062, , , , , , , 19.21725, -0.0109102, , , , , , , 19.21725, -0.0105745, , , , , , , 19.21725, 0.0193027, , , , , , , , , , , , , , , , , , , , , , , , , , , , 
19.2177692, 0.0154421, , , , , , , 19.2177692, -0.0097353, , , , , , , 19.2177692, -0.0095674, , , , , , , 19.2177692, 0.03122, , , , , , , , , , , , , , , , , , , , , , , , , , , , 
19.2182885, 0.0152743, , , , , , , 19.2182885, -0.0075532, , , , , , , 19.2182885, -0.0077211, , , , , , , 19.2182885, 0.043473, , , , , , , , , , , , , , , , , , , , , , , , , , , , 
19.2188077, 0.0083925, , , , , , , 19.2188077, -0.0062104, , , , , , , 19.2188077, -0.0063783, , , , , , , 19.2188077, 0.0522011, , , , , , , , , , , , , , , , , , , , , , , , , , , , 
19.2193269, -0.0023499, , , , , , , 19.2193269, -0.005539, , , , , , , 19.2193269, -0.0063783, , , , , , , 19.2193269, 0.0616007, , , , , , , , , , , , , , , , , , , , , , , , , , , , 
19.2198462, -0.0135958, , , , , , , 19.2198462, -0.0062104, , , , , , , 19.2198462, -0.005539, , , , , , , 19.2198462, 0.0708324, , , , , , , , , , , , , , , , , , , , , , , , , , , , 
19.2203654, -0.0209812, , , , , , , 19.2203654, -0.0082246, , , , , , , 19.2203654, -0.0035248, , , , , , , 19.2203654, 0.0775463, , , , , , , , , , , , , , , , , , , , , , , , , , , , 
19.2208846, -0.0238346, , , , , , , 19.2208846, -0.0099031, , , , , , , 19.2208846, -0.0008392, , , , , , , 19.2208846, 0.0782177, , , , , , , , , , , , , , , , , , , , , , , , , , , , 
19.2214038, -0.0223239, , , , , , , 19.2214038, -0.0092317, , , , , , , 19.2214038, -0.0005035, , , , , , , 19.2214038, 0.0699931, , , , , , , , , , , , , , , , , , , , , , , , , , , , 
19.2219231, -0.0186313, , , , , , , 19.2219231, -0.0083925, , , , , , , 19.2219231, -0.002182, , , , , , , 19.2219231, 0.0585794, , , , , , , , , , , , , , , , , , , , , , , , , , , , 
19.2224423, -0.0135958, , , , , , , 19.2224423, -0.0095674, , , , , , , 19.2224423, -0.0041962, , , , , , , 19.2224423, 0.0508583, , , , , , , , , , , , , , , , , , , , , , , , , , , , 
19.2229615, -0.0085603, , , , , , , 19.2229615, -0.0095674, , , , , , , 19.2229615, -0.005539, , , , , , , 19.2229615, 0.0433051, , , , , , , , , , , , , , , , , , , , , , , , , , , , 
19.2234808, -0.0045319, , , , , , , 19.2234808, -0.0099031, , , , , , , 19.2234808, -0.0058747, , , , , , , 19.2234808, 0.0330663, , , , , , , , , , , , , , , , , , , , , , , , , , , , 
19.224, 0.0008392, , , , , , , 19.224, -0.0095674, , , , , , , 19.224, -0.0082246, , , , , , , 19.224, 0.0240024, , , , , , , , , , , , , , , , , , , , , , , , , , , , 
19.2245192, 0.0030213, , , , , , , 19.2245192, -0.0082246, , , , , , , 19.2245192, -0.0095674, , , , , , , 19.2245192, 0.0186313, , , , , , , , , , , , , , , , , , , , , , , , , , , , 
19.2250385, 0.0015106, , , , , , , 19.2250385, -0.0077211, , , , , , , 19.2250385, -0.0099031, , , , , , , 19.2250385, 0.0169528, , , , , , , , , , , , , , , , , , , , , , , , , , , , 
19.2255577, 0.0048676, , , , , , , 19.2255577, -0.0077211, , , , , , , 19.2255577, -0.0092317, , , , , , , 19.2255577, 0.0129244, , , , , , , , , , , , , , , , , , , , , , , , , , , , 
19.2260769, 0.0132601, , , , , , , 19.2260769, -0.0083925, , , , , , , 19.2260769, -0.0077211, , , , , , , 19.2260769, 0.0065461, , , , , , , , , , , , , , , , , , , , , , , , , , , , 
19.2265962, 0.0206455, , , , , , , 19.2265962, -0.0083925, , , , , , , 19.2265962, -0.0062104, , , , , , , 19.2265962, 0.0005035, , , , , , , , , , , , , , , , , , , , , , , , , , , , 
19.2271154, 0.0199741, , , , , , , 19.2271154, -0.0077211, , , , , , , 19.2271154, -0.0070497, , , , , , , 19.2271154, -0.0028534, , , , , , , , , , , , , , , , , , , , , , , , , , , , 
19.2276346, 0.0204776, , , , , , , 19.2276346, -0.0060426, , , , , , , 19.2276346, -0.0075532, , , , , , , 19.2276346, -0.0028534, , , , , , , , , , , , , , , , , , , , , , , , , , , , 
19.2281538, 0.0260166, , , , , , , 19.2281538, -0.0035248, , , , , , , 19.2281538, -0.0063783, , , , , , , 19.2281538, -0.0025177, , , , , , , , , , , , , , , , , , , , , , , , , , , , 
19.2286731, 0.0313878, , , , , , , 19.2286731, -0.0048676, , , , , , , 19.2286731, -0.0077211, , , , , , , 19.2286731, -0.0031891, , , , , , , , , , , , , , , , , , , , , , , , , , , , 
19.2291923, 0.0327306, , , , , , , 19.2291923, -0.0075532, , , , , , , 19.2291923, -0.0095674, , , , , , , 19.2291923, -0.0043641, , , , , , , , , , , , , , , , , , , , , , , , , , , , 
19.2297115, 0.0347448, , , , , , , 19.2297115, -0.0097353, , , , , , , 19.2297115, -0.0092317, , , , , , , 19.2297115, -0.0038605, , , , , , , , , , , , , , , , , , , , , , , , , , , , 
19.2302308, 0.0394446, , , , , , , 19.2302308, -0.0099031, , , , , , , 19.2302308, -0.0082246, , , , , , , 19.2302308, -0.002182, , , , , , , , , , , , , , , , , , , , , , , , , , , , 
19.23075, 0.0426337, , , , , , , 19.23075, -0.011078, , , , , , , 19.23075, -0.0080568, , , , , , , 19.23075, -0.0048676, , , , , , , , , , , , , , , , , , , , , , , , , , , , 
19.2312692, 0.043473, , , , , , , 19.2312692, -0.0115816, , , , , , , 19.2312692, -0.0095674, , , , , , , 19.2312692, -0.0124208, , , , , , , , , , , , , , , , , , , , , , , , , , , , 
19.2317885, 0.0468299, , , , , , , 19.2317885, -0.0105745, , , , , , , 19.2317885, -0.0092317, , , , , , , 19.2317885, -0.0226596, , , , , , , , , , , , , , , , , , , , , , , , , , , , 
19.2323077, 0.0495155, , , , , , , 19.2323077, -0.0082246, , , , , , , 19.2323077, -0.0075532, , , , , , , 19.2323077, -0.0283665, , , , , , , , , , , , , , , , , , , , , , , , , , , , 
19.2328269, 0.0505226, , , , , , , 19.2328269, -0.0041962, , , , , , , 19.2328269, -0.0065461, , , , , , , 19.2328269, -0.0320592, , , , , , , , , , , , , , , , , , , , , , , , , , , , 
19.2333462, 0.0520333, , , , , , , 19.2333462, -0.0035248, , , , , , , 19.2333462, -0.0062104, , , , , , , 19.2333462, -0.0357519, , , , , , , , , , , , , , , , , , , , , , , , , , , , 
19.2338654, 0.0495155, , , , , , , 19.2338654, -0.0048676, , , , , , , 19.2338654, -0.0058747, , , , , , , 19.2338654, -0.0360876, , , , , , , , , , , , , , , , , , , , , , , , , , , , 
19.2343846, 0.040116, , , , , , , 19.2343846, -0.0045319, , , , , , , 19.2343846, -0.0070497, , , , , , , 19.2343846, -0.0305486, , , , , , , , , , , , , , , , , , , , , , , , , , , , 
19.2349038, 0.0283665, , , , , , , 19.2349038, -0.0031891, , , , , , , 19.2349038, -0.0095674, , , , , , , 19.2349038, -0.0206455, , , , , , , , , , , , , , , , , , , , , , , , , , , , 
19.2354231, 0.0166171, , , , , , , 19.2354231, -0.0036927, , , , , , , 19.2354231, -0.0092317, , , , , , , 19.2354231, -0.0082246, , , , , , , , , , , , , , , , , , , , , , , , , , , , 
19.2359423, 0.008896, , , , , , , 19.2359423, -0.0062104, , , , , , , 19.2359423, -0.0077211, , , , , , , 19.2359423, 0.0011749, , , , , , , , , , , , , , , , , , , , , , , , , , , , 
19.2364615, 0.0036927, , , , , , , 19.2364615, -0.0075532, , , , , , , 19.2364615, -0.0083925, , , , , , , 19.2364615, 0.0109102, , , , , , , , , , , , , , , , , , , , , , , , , , , , 
19.2369808, 0.0005035, , , , , , , 19.2369808, -0.0075532, , , , , , , 19.2369808, -0.0075532, , , , , , , 19.2369808, 0.0206455, , , , , , , , , , , , , , , , , , , , , , , , , , , , 
19.2375, 0.0005035, , , , , , , 19.2375, -0.0075532, , , , , , , 19.2375, -0.0063783, , , , , , , 19.2375, 0.0317235, , , , , , , , , , , , , , , , , , , , , , , , , , , , 
19.2380192, 0.0011749, , , , , , , 19.2380192, -0.0062104, , , , , , , 19.2380192, -0.0052033, , , , , , , 19.2380192, 0.0428016, , , , , , , , , , , , , , , , , , , , , , , , , , , , 
19.2385385, -0.0015106, , , , , , , 19.2385385, -0.005539, , , , , , , 19.2385385, -0.0065461, , , , , , , 19.2385385, 0.0543832, , , , , , , , , , , , , , , , , , , , , , , , , , , , 
19.2390577, -0.0075532, , , , , , , 19.2390577, -0.0068818, , , , , , , 19.2390577, -0.0085603, , , , , , , 19.2390577, 0.0632792, , , , , , , , , , , , , , , , , , , , , , , , , , , , 
19.2395769, -0.0176242, , , , , , , 19.2395769, -0.0082246, , , , , , , 19.2395769, -0.0062104, , , , , , , 19.2395769, 0.0683146, , , , , , , , , , , , , , , , , , , , , , , , , , , , 
19.2400962, -0.0263523, , , , , , , 19.2400962, -0.0082246, , , , , , , 19.2400962, -0.0031891, , , , , , , 19.2400962, 0.0733501, , , , , , , , , , , , , , , , , , , , , , , , , , , , 
19.2406154, -0.0317235, , , , , , , 19.2406154, -0.0095674, , , , , , , 19.2406154, -0.0052033, , , , , , , 19.2406154, 0.0760357, , , , , , , , , , , , , , , , , , , , , , , , , , , , 
19.2411346, -0.0290379, , , , , , , 19.2411346, -0.0115816, , , , , , , 19.2411346, -0.0068818, , , , , , , 19.2411346, 0.072343, , , , , , , , , , , , , , , , , , , , , , , , , , , , 
19.2416538, -0.0142672, , , , , , , 19.2416538, -0.0135958, , , , , , , 19.2416538, -0.0050355, , , , , , , 19.2416538, 0.0616007, , , , , , , , , , , , , , , , , , , , , , , , , , , , 
19.2421731, 0.0045319, , , , , , , 19.2421731, -0.0129244, , , , , , , 19.2421731, -0.0025177, , , , , , , 19.2421731, 0.0481727, , , , , , , , , , , , , , , , , , , , , , , , , , , , 
19.2426923, 0.0164492, , , , , , , 19.2426923, -0.010071, , , , , , , 19.2426923, -0.0023499, , , , , , , 19.2426923, 0.0379339, , , , , , , , , , , , , , , , , , , , , , , , , , , , 
19.2432115, 0.0246738, , , , , , , 19.2432115, -0.0075532, , , , , , , 19.2432115, -0.0015106, , , , , , , 19.2432115, 0.0313878, , , , , , , , , , , , , , , , , , , , , , , , , , , , 
19.2437308, 0.0253452, , , , , , , 19.2437308, -0.008896, , , , , , , 19.2437308, -0.0011749, , , , , , , 19.2437308, 0.0263523, , , , , , , , , , , , , , , , , , , , , , , , , , , , 
19.24425, 0.0172885, , , , , , , 19.24425, -0.011078, , , , , , , 19.24425, -0.002182, , , , , , , 19.24425, 0.0226596, , , , , , , , , , , , , , , , , , , , , , , , , , , , 
19.2447692, 0.0151064, , , , , , , 19.2447692, -0.0105745, , , , , , , 19.2447692, -0.002182, , , , , , , 19.2447692, 0.023331, , , , , , , , , , , , , , , , , , , , , , , , , , , , 
19.2452885, 0.0166171, , , , , , , 19.2452885, -0.0085603, , , , , , , 19.2452885, -0.002182, , , , , , , 19.2452885, 0.0219883, , , , , , , , , , , , , , , , , , , , , , , , , , , , 
19.2458077, 0.0125887, , , , , , , 19.2458077, -0.0082246, , , , , , , 19.2458077, -0.0031891, , , , , , , 19.2458077, 0.0171206, , , , , , , , , , , , , , , , , , , , , , , , , , , , 
19.2463269, 0.0119173, , , , , , , 19.2463269, -0.0119173, , , , , , , 19.2463269, -0.0058747, , , , , , , 19.2463269, 0.0124208, , , , , , , , , , , , , , , , , , , , , , , , , , , , 
19.2468462, 0.0129244, , , , , , , 19.2468462, -0.0129244, , , , , , , 19.2468462, -0.0082246, , , , , , , 19.2468462, 0.0119173, , , , , , , , , , , , , , , , , , , , , , , , , , , , 
19.2473654, 0.0109102, , , , , , , 19.2473654, -0.012253, , , , , , , 19.2473654, -0.0072175, , , , , , , 19.2473654, 0.0132601, , , , , , , , , , , , , , , , , , , , , , , , , , , , 
19.2478846, 0.0090639, , , , , , , 19.2478846, -0.0125887, , , , , , , 19.2478846, -0.0095674, , , , , , , 19.2478846, 0.0105745, , , , , , , , , , , , , , , , , , , , , , , , , , , , 
19.2484038, 0.0092317, , , , , , , 19.2484038, -0.012253, , , , , , , 19.2484038, -0.0151064, , , , , , , 19.2484038, 0.0078889, , , , , , , , , , , , , , , , , , , , , , , , , , , , 
19.2489231, 0.0112459, , , , , , , 19.2489231, -0.0102388, , , , , , , 19.2489231, -0.0184634, , , , , , , 19.2489231, 0.0092317, , , , , , , , , , , , , , , , , , , , , , , , , , , , 
19.2494423, 0.012253, , , , , , , 19.2494423, -0.008896, , , , , , , 19.2494423, -0.0182956, , , , , , , 19.2494423, 0.0117494, , , , , , , , , , , , , , , , , , , , , , , , , , , , 
19.2499615, 0.0132601, , , , , , , 19.2499615, -0.005539, , , , , , , 19.2499615, -0.0139315, , , , , , , 19.2499615, 0.0099031, , , , , , , , , , , , , , , , , , , , , , , , , , , , 
19.2504808, 0.0169528, , , , , , , 19.2504808, -0.0023499, , , , , , , 19.2504808, -0.0085603, , , , , , , 19.2504808, 0.0011749, , , , , , , , , , , , , , , , , , , , , , , , , , , , 
19.251, 0.023331, , , , , , , 19.251, -0.002182, , , , , , , 19.251, -0.0057069, , , , , , , 19.251, -0.012253, , , , , , , , , , , , , , , , , , , , , , , , , , , , 
19.2515192, 0.0327306, , , , , , , 19.2515192, -0.0030213, , , , , , , 19.2515192, -0.0068818, , , , , , , 19.2515192, -0.0270237, , , , , , , , , , , , , , , , , , , , , , , , , , , , 
19.2520385, 0.040116, , , , , , , 19.2520385, -0.0028534, , , , , , , 19.2520385, -0.0065461, , , , , , , 19.2520385, -0.0360876, , , , , , , , , , , , , , , , , , , , , , , , , , , , 
19.2525577, 0.0394446, , , , , , , 19.2525577, -0.0011749, , , , , , , 19.2525577, -0.005539, , , , , , , 19.2525577, -0.0381018, , , , , , , , , , , , , , , , , , , , , , , , , , , , 
19.2530769, 0.0370947, , , , , , , 19.2530769, -0.002182, , , , , , , 19.2530769, -0.0072175, , , , , , , 19.2530769, -0.0374304, , , , , , , , , , , , , , , , , , , , , , , , , , , , 
19.2535962, 0.0357519, , , , , , , 19.2535962, -0.0035248, , , , , , , 19.2535962, -0.0092317, , , , , , , 19.2535962, -0.0391089, , , , , , , , , , , , , , , , , , , , , , , , , , , , 
19.2541154, 0.0352483, , , , , , , 19.2541154, -0.0031891, , , , , , , 19.2541154, -0.012253, , , , , , , 19.2541154, -0.0417945, , , , , , , , , , , , , , , , , , , , , , , , , , , , 
19.2546346, 0.03122, , , , , , , 19.2546346, -0.003357, , , , , , , 19.2546346, -0.0142672, , , , , , , 19.2546346, -0.0357519, , , , , , , , , , , , , , , , , , , , , , , , , , , , 
19.2551538, 0.0226596, , , , , , , 19.2551538, -0.0041962, , , , , , , 19.2551538, -0.0146029, , , , , , , 19.2551538, -0.0253452, , , , , , , , , , , , , , , , , , , , , , , , , , , , 
19.2556731, 0.012253, , , , , , , 19.2556731, -0.0041962, , , , , , , 19.2556731, -0.0132601, , , , , , , 19.2556731, -0.0152743, , , , , , , , , , , , , , , , , , , , , , , , , , , , 
19.2561923, 0.011078, , , , , , , 19.2561923, -0.0046998, , , , , , , 19.2561923, -0.0139315, , , , , , , 19.2561923, -0.0063783, , , , , , , , , , , , , , , , , , , , , , , , , , , , 
19.2567115, 0.0169528, , , , , , , 19.2567115, -0.0050355, , , , , , , 19.2567115, -0.0149386, , , , , , , 19.2567115, 0.002182, , , , , , , , , , , , , , , , , , , , , , , , , , , , 
19.2572308, 0.0154421, , , , , , , 19.2572308, -0.0040284, , , , , , , 19.2572308, -0.01561, , , , , , , 19.2572308, 0.0109102, , , , , , , , , , , , , , , , , , , , , , , , , , , , 
19.25775, 0.0072175, , , , , , , 19.25775, -0.002182, , , , , , , 19.25775, -0.0162814, , , , , , , 19.25775, 0.0213169, , , , , , , , , , , , , , , , , , , , , , , , , , , , 
19.2582692, 0.0038605, , , , , , , 19.2582692, -0.0031891, , , , , , , 19.2582692, -0.0159457, , , , , , , 19.2582692, 0.0303807, , , , , , , , , , , , , , , , , , , , , , , , , , , , 
19.2587885, 0.0102388, , , , , , , 19.2587885, -0.0050355, , , , , , , 19.2587885, -0.0176242, , , , , , , 19.2587885, 0.040116, , , , , , , , , , , , , , , , , , , , , , , , , , , , 
19.2593077, 0.012253, , , , , , , 19.2593077, -0.005539, , , , , , , 19.2593077, -0.0198062, , , , , , , 19.2593077, 0.0506905, , , , , , , , , , , , , , , , , , , , , , , , , , , , 
19.2598269, 0.0058747, , , , , , , 19.2598269, -0.0058747, , , , , , , 19.2598269, -0.0186313, , , , , , , 19.2598269, 0.0602579, , , , , , , , , , , , , , , , , , , , , , , , , , , , 
19.2603462, 0.0016785, , , , , , , 19.2603462, -0.0075532, , , , , , , 19.2603462, -0.0142672, , , , , , , 19.2603462, 0.0673075, , , , , , , , , , , , , , , , , , , , , , , , , , , , 
19.2608654, -0.0015106, , , , , , , 19.2608654, -0.008896, , , , , , , 19.2608654, -0.011078, , , , , , , 19.2608654, 0.0674754, , , , , , , , , , , , , , , , , , , , , , , , , , , , 
19.2613846, -0.0062104, , , , , , , 19.2613846, -0.0082246, , , , , , , 19.2613846, -0.0105745, , , , , , , 19.2613846, 0.0602579, , , , , , , , , , , , , , , , , , , , , , , , , , , , 
19.2619038, -0.0058747, , , , , , , 19.2619038, -0.0068818, , , , , , , 19.2619038, -0.0115816, , , , , , , 19.2619038, 0.0454871, , , , , , , , , , , , , , , , , , , , , , , , , , , , 
19.2624231, 0.0031891, , , , , , , 19.2624231, -0.0075532, , , , , , , 19.2624231, -0.0109102, , , , , , , 19.2624231, 0.0327306, , , , , , , , , , , , , , , , , , , , , , , , , , , , 
19.2629423, 0.0072175, , , , , , , 19.2629423, -0.0102388, , , , , , , 19.2629423, -0.0070497, , , , , , , 19.2629423, 0.0265202, , , , , , , , , , , , , , , , , , , , , , , , , , , , 
19.2634615, 0.0062104, , , , , , , 19.2634615, -0.0115816, , , , , , , 19.2634615, -0.0031891, , , , , , , 19.2634615, 0.0213169, , , , , , , , , , , , , , , , , , , , , , , , , , , , 
19.2639808, 0.0058747, , , , , , , 19.2639808, -0.0104067, , , , , , , 19.2639808, -0.0008392, , , , , , , 19.2639808, 0.0176242, , , , , , , , , , , , , , , , , , , , , , , , , , , , 
19.2645, 0.0099031, , , , , , , 19.2645, -0.0082246, , , , , , , 19.2645, 0.0018463, , , , , , , 19.2645, 0.0152743, , , , , , , , , , , , , , , , , , , , , , , , , , , , 
19.2650192, 0.0132601, , , , , , , 19.2650192, -0.005539, , , , , , , 19.2650192, 0.0038605, , , , , , , 19.2650192, 0.0129244, , , , , , , , , , , , , , , , , , , , , , , , , , , , 
19.2655385, 0.0129244, , , , , , , 19.2655385, -0.0031891, , , , , , , 19.2655385, 0.0065461, , , , , , , 19.2655385, 0.0119173, , , , , , , , , , , , , , , , , , , , , , , , , , , , 
19.2660577, 0.01561, , , , , , , 19.2660577, -0.0028534, , , , , , , 19.2660577, 0.0078889, , , , , , , 19.2660577, 0.0114137, , , , , , , , , , , , , , , , , , , , , , , , , , , , 
19.2665769, 0.0213169, , , , , , , 19.2665769, -0.0023499, , , , , , , 19.2665769, 0.0058747, , , , , , , 19.2665769, 0.0102388, , , , , , , , , , , , , , , , , , , , , , , , , , , , 
19.2670962, 0.0229953, , , , , , , 19.2670962, -0.0038605, , , , , , , 19.2670962, 0.0045319, , , , , , , 19.2670962, 0.0115816, , , , , , , , , , , , , , , , , , , , , , , , , , , , 
19.2676154, 0.0184634, , , , , , , 19.2676154, -0.0068818, , , , , , , 19.2676154, 0.0038605, , , , , , , 19.2676154, 0.0125887, , , , , , , , , , , , , , , , , , , , , , , , , , , , 
19.2681346, 0.0142672, , , , , , , 19.2681346, -0.0065461, , , , , , , 19.2681346, 0.0025177, , , , , , , 19.2681346, 0.0104067, , , , , , , , , , , , , , , , , , , , , , , , , , , , 
19.2686538, 0.0166171, , , , , , , 19.2686538, -0.0058747, , , , , , , 19.2686538, 0.0008392, , , , , , , 19.2686538, 0.0085603, , , , , , , , , , , , , , , , , , , , , , , , , , , , 
19.2691731, 0.0193027, , , , , , , 19.2691731, -0.0063783, , , , , , , 19.2691731, -0.0015106, , , , , , , 19.2691731, 0.0070497, , , , , , , , , , , , , , , , , , , , , , , , , , , , 
19.2696923, 0.0162814, , , , , , , 19.2696923, -0.0075532, , , , , , , 19.2696923, -0.0035248, , , , , , , 19.2696923, 0.0052033, , , , , , , , , , , , , , , , , , , , , , , , , , , , 
19.2702115, 0.0102388, , , , , , , 19.2702115, -0.0082246, , , , , , , 19.2702115, -0.0045319, , , , , , , 19.2702115, 0.0058747, , , , , , , , , , , , , , , , , , , , , , , , , , , , 
19.2707308, 0.0092317, , , , , , , 19.2707308, -0.0075532, , , , , , , 19.2707308, -0.0063783, , , , , , , 19.2707308, 0.0031891, , , , , , , , , , , , , , , , , , , , , , , , , , , , 
19.27125, 0.012253, , , , , , , 19.27125, -0.005539, , , , , , , 19.27125, -0.0099031, , , , , , , 19.27125, -0.0075532, , , , , , , , , , , , , , , , , , , , , , , , , , , , 
19.2717692, 0.0206455, , , , , , , 19.2717692, -0.0045319, , , , , , , 19.2717692, -0.0132601, , , , , , , 19.2717692, -0.0199741, , , , , , , , , , , , , , , , , , , , , , , , , , , , 
19.2722885, 0.0313878, , , , , , , 19.2722885, -0.005539, , , , , , , 19.2722885, -0.0139315, , , , , , , 19.2722885, -0.0270237, , , , , , , , , , , , , , , , , , , , , , , , , , , , 
19.2728077, 0.0347448, , , , , , , 19.2728077, -0.0070497, , , , , , , 19.2728077, -0.014435, , , , , , , 19.2728077, -0.030045, , , , , , , , , , , , , , , , , , , , , , , , , , , , 
19.2733269, 0.0350805, , , , , , , 19.2733269, -0.0070497, , , , , , , 19.2733269, -0.0159457, , , , , , , 19.2733269, -0.0307164, , , , , , , , , , , , , , , , , , , , , , , , , , , , 
19.2738462, 0.036759, , , , , , , 19.2738462, -0.0082246, , , , , , , 19.2738462, -0.0179599, , , , , , , 19.2738462, -0.0270237, , , , , , , , , , , , , , , , , , , , , , , , , , , , 
19.2743654, 0.0350805, , , , , , , 19.2743654, -0.0115816, , , , , , , 19.2743654, -0.0199741, , , , , , , 19.2743654, -0.0203098, , , , , , , , , , , , , , , , , , , , , , , , , , , , 
19.2748846, 0.0285344, , , , , , , 19.2748846, -0.0112459, , , , , , , 19.2748846, -0.0209812, , , , , , , 19.2748846, -0.0132601, , , , , , , , , , , , , , , , , , , , , , , , , , , , 
19.2754038, 0.0218204, , , , , , , 19.2754038, -0.0095674, , , , , , , 19.2754038, -0.0209812, , , , , , , 19.2754038, -0.0052033, , , , , , , , , , , , , , , , , , , , , , , , , , , , 
19.2759231, 0.0203098, , , , , , , 19.2759231, -0.0109102, , , , , , , 19.2759231, -0.0206455, , , , , , , 19.2759231, 0.0028534, , , , , , , , , , , , , , , , , , , , , , , , , , , , 
19.2764423, 0.0194705, , , , , , , 19.2764423, -0.0125887, , , , , , , 19.2764423, -0.0216526, , , , , , , 19.2764423, 0.012253, , , , , , , , , , , , , , , , , , , , , , , , , , , , 
19.2769615, 0.0139315, , , , , , , 19.2769615, -0.0117494, , , , , , , 19.2769615, -0.0256809, , , , , , , 19.2769615, 0.0213169, , , , , , , , , , , , , , , , , , , , , , , , , , , , 
19.2774808, 0.0085603, , , , , , , 19.2774808, -0.0102388, , , , , , , 19.2774808, -0.0297093, , , , , , , 19.2774808, 0.0320592, , , , , , , , , , , , , , , , , , , , , , , , , , , , 
19.278, 0.012253, , , , , , , 19.278, -0.0097353, , , , , , , 19.278, -0.0303807, , , , , , , 19.278, 0.0421302, , , , , , , , , , , , , , , , , , , , , , , , , , , , 
19.2785192, 0.0169528, , , , , , , 19.2785192, -0.0085603, , , , , , , 19.2785192, -0.0261845, , , , , , , 19.2785192, 0.0498512, , , , , , , , , , , , , , , , , , , , , , , , , , , , 
19.2790385, 0.0149386, , , , , , , 19.2790385, -0.0090639, , , , , , , 19.2790385, -0.0182956, , , , , , , 19.2790385, 0.0558938, , , , , , , , , , , , , , , , , , , , , , , , , , , , 
19.2795577, 0.0083925, , , , , , , 19.2795577, -0.0104067, , , , , , , 19.2795577, -0.008896, , , , , , , 19.2795577, 0.0602579, , , , , , , , , , , , , , , , , , , , , , , , , , , , 
19.2800769, 0.0005035, , , , , , , 19.2800769, -0.0099031, , , , , , , 19.2800769, 0.0008392, , , , , , , 19.2800769, 0.063447, , , , , , , , , , , , , , , , , , , , , , , , , , , , 
19.2805962, -0.0015106, , , , , , , 19.2805962, -0.008896, , , , , , , 19.2805962, 0.0062104, , , , , , , 19.2805962, 0.0629435, , , , , , , , , , , , , , , , , , , , , , , , , , , , 
19.2811154, -0.0008392, , , , , , , 19.2811154, -0.0063783, , , , , , , 19.2811154, 0.0104067, , , , , , , 19.2811154, 0.054551, , , , , , , , , , , , , , , , , , , , , , , , , , , , 
19.2816346, -0.0031891, , , , , , , 19.2816346, -0.0041962, , , , , , , 19.2816346, 0.0152743, , , , , , , 19.2816346, 0.0397803, , , , , , , , , , , , , , , , , , , , , , , , , , , , 
19.2821538, -0.0062104, , , , , , , 19.2821538, -0.0050355, , , , , , , 19.2821538, 0.0179599, , , , , , , 19.2821538, 0.026688, , , , , , , , , , , , , , , , , , , , , , , , , , , , 
19.2826731, -0.005539, , , , , , , 19.2826731, -0.0075532, , , , , , , 19.2826731, 0.0152743, , , , , , , 19.2826731, 0.0193027, , , , , , , , , , , , , , , , , , , , , , , , , , , , 
19.2831923, -0.0005035, , , , , , , 19.2831923, -0.008896, , , , , , , 19.2831923, 0.0137636, , , , , , , 19.2831923, 0.0157778, , , , , , , , , , , , , , , , , , , , , , , , , , , , 
19.2837115, 0.0025177, , , , , , , 19.2837115, -0.0095674, , , , , , , 19.2837115, 0.0142672, , , , , , , 19.2837115, 0.0132601, , , , , , , , , , , , , , , , , , , , , , , , , , , , 
19.2842308, 0.0010071, , , , , , , 19.2842308, -0.0097353, , , , , , , 19.2842308, 0.0124208, , , , , , , 19.2842308, 0.0125887, , , , , , , , , , , , , , , , , , , , , , , , , , , , 
19.28475, -0.0001678, , , , , , , 19.28475, -0.0099031, , , , , , , 19.28475, 0.0065461, , , , , , , 19.28475, 0.0092317, , , , , , , , , , , , , , , , , , , , , , , , , , , , 
19.2852692, 0.0052033, , , , , , , 19.2852692, -0.0102388, , , , , , , 19.2852692, 0.002182, , , , , , , 19.2852692, 0.0068818, , , , , , , , , , , , , , , , , , , , , , , , , , , , 
19.2857885, 0.0159457, , , , , , , 19.2857885, -0.0102388, , , , , , , 19.2857885, 0.0005035, , , , , , , 19.2857885, 0.0062104, , , , , , , , , , , , , , , , , , , , , , , , , , , , 
19.2863077, 0.0218204, , , , , , , 19.2863077, -0.010071, , , , , , , 19.2863077, -0.0028534, , , , , , , 19.2863077, 0.0068818, , , , , , , , , , , , , , , , , , , , , , , , , , , , 
19.2868269, 0.0193027, , , , , , , 19.2868269, -0.0102388, , , , , , , 19.2868269, -0.005539, , , , , , , 19.2868269, 0.0078889, , , , , , , , , , , , , , , , , , , , , , , , , , , , 
19.2873462, 0.0149386, , , , , , , 19.2873462, -0.0095674, , , , , , , 19.2873462, -0.0058747, , , , , , , 19.2873462, 0.0078889, , , , , , , , , , , , , , , , , , , , , , , , , , , , 
19.2878654, 0.014435, , , , , , , 19.2878654, -0.0102388, , , , , , , 19.2878654, -0.0068818, , , , , , , 19.2878654, 0.0072175, , , , , , , , , , , , , , , , , , , , , , , , , , , , 
19.2883846, 0.0179599, , , , , , , 19.2883846, -0.0105745, , , , , , , 19.2883846, -0.0090639, , , , , , , 19.2883846, 0.005539, , , , , , , , , , , , , , , , , , , , , , , , , , , , 
19.2889038, 0.0206455, , , , , , , 19.2889038, -0.0102388, , , , , , , 19.2889038, -0.012253, , , , , , , 19.2889038, 0.0031891, , , , , , , , , , , , , , , , , , , , , , , , , , , , 
19.2894231, 0.0162814, , , , , , , 19.2894231, -0.0112459, , , , , , , 19.2894231, -0.0146029, , , , , , , 19.2894231, 0.0016785, , , , , , , , , , , , , , , , , , , , , , , , , , , , 
19.2899423, 0.0112459, , , , , , , 19.2899423, -0.012253, , , , , , , 19.2899423, -0.0169528, , , , , , , 19.2899423, 0.0011749, , , , , , , , , , , , , , , , , , , , , , , , , , , , 
19.2904615, 0.0085603, , , , , , , 19.2904615, -0.0117494, , , , , , , 19.2904615, -0.0169528, , , , , , , 19.2904615, -0.0015106, , , , , , , , , , , , , , , , , , , , , , , , , , , , 
19.2909808, 0.0073854, , , , , , , 19.2909808, -0.011078, , , , , , , 19.2909808, -0.0171206, , , , , , , 19.2909808, -0.0095674, , , , , , , , , , , , , , , , , , , , , , , , , , , , 
19.2915, 0.0132601, , , , , , , 19.2915, -0.0099031, , , , , , , 19.2915, -0.0179599, , , , , , , 19.2915, -0.0204776, , , , , , , , , , , , , , , , , , , , , , , , , , , , 
19.2920192, 0.0204776, , , , , , , 19.2920192, -0.008896, , , , , , , 19.2920192, -0.0204776, , , , , , , 19.2920192, -0.0305486, , , , , , , , , , , , , , , , , , , , , , , , , , , , 
19.2925385, 0.0290379, , , , , , , 19.2925385, -0.0068818, , , , , , , 19.2925385, -0.0213169, , , , , , , 19.2925385, -0.036759, , , , , , , , , , , , , , , , , , , , , , , , , , , , 
19.2930577, 0.0354162, , , , , , , 19.2930577, -0.0058747, , , , , , , 19.2930577, -0.0186313, , , , , , , 19.2930577, -0.0391089, , , , , , , , , , , , , , , , , , , , , , , , , , , , 
19.2935769, 0.0360876, , , , , , , 19.2935769, -0.0068818, , , , , , , 19.2935769, -0.0176242, , , , , , , 19.2935769, -0.0370947, , , , , , , , , , , , , , , , , , , , , , , , , , , , 
19.2940962, 0.0332341, , , , , , , 19.2940962, -0.0075532, , , , , , , 19.2940962, -0.018967, , , , , , , 19.2940962, -0.0297093, , , , , , , , , , , , , , , , , , , , , , , , , , , , 
19.2946154, 0.0357519, , , , , , , 19.2946154, -0.0075532, , , , , , , 19.2946154, -0.0184634, , , , , , , 19.2946154, -0.0204776, , , , , , , , , , , , , , , , , , , , , , , , , , , , 
19.2951346, 0.0347448, , , , , , , 19.2951346, -0.0078889, , , , , , , 19.2951346, -0.018967, , , , , , , 19.2951346, -0.0102388, , , , , , , , , , , , , , , , , , , , , , , , , , , , 
19.2956538, 0.0253452, , , , , , , 19.2956538, -0.008896, , , , , , , 19.2956538, -0.0172885, , , , , , , 19.2956538, -0.0011749, , , , , , , , , , , , , , , , , , , , , , , , , , , , 
19.2961731, 0.0152743, , , , , , , 19.2961731, -0.0092317, , , , , , , 19.2961731, -0.0159457, , , , , , , 19.2961731, 0.0045319, , , , , , , , , , , , , , , , , , , , , , , , , , , , 
19.2966923, 0.0092317, , , , , , , 19.2966923, -0.0092317, , , , , , , 19.2966923, -0.0135958, , , , , , , 19.2966923, 0.0112459, , , , , , , , , , , , , , , , , , , , , , , , , , , , 
19.2972115, 0.0052033, , , , , , , 19.2972115, -0.008896, , , , , , , 19.2972115, -0.011078, , , , , , , 19.2972115, 0.0238346, , , , , , , , , , , , , , , , , , , , , , , , , , , , 
19.2977308, 0.0001678, , , , , , , 19.2977308, -0.0095674, , , , , , , 19.2977308, -0.0099031, , , , , , , 19.2977308, 0.040116, , , , , , , , , , , , , , , , , , , , , , , , , , , , 
19.29825, -0.0062104, , , , , , , 19.29825, -0.0112459, , , , , , , 19.29825, -0.0092317, , , , , , , 19.29825, 0.0535439, , , , , , , , , , , , , , , , , , , , , , , , , , , , 
19.2987692, -0.0105745, , , , , , , 19.2987692, -0.0112459, , , , , , , 19.2987692, -0.0072175, , , , , , , 19.2987692, 0.0602579, , , , , , , , , , , , , , , , , , , , , , , , , , , , 
19.2992885, -0.0092317, , , , , , , 19.2992885, -0.008896, , , , , , , 19.2992885, -0.0062104, , , , , , , 19.2992885, 0.0636149, , , , , , , , , , , , , , , , , , , , , , , , , , , , 
19.2998077, -0.0095674, , , , , , , 19.2998077, -0.0085603, , , , , , , 19.2998077, -0.0062104, , , , , , , 19.2998077, 0.0673075, , , , , , , , , , , , , , , , , , , , , , , , , , , , 
19.3003269, -0.0132601, , , , , , , 19.3003269, -0.0104067, , , , , , , 19.3003269, -0.005539, , , , , , , 19.3003269, 0.0710002, , , , , , , , , , , , , , , , , , , , , , , , , , , , 
19.3008462, -0.0130922, , , , , , , 19.3008462, -0.0102388, , , , , , , 19.3008462, -0.0058747, , , , , , , 19.3008462, 0.068986, , , , , , , , , , , , , , , , , , , , , , , , , , , , 
19.3013654, -0.0058747, , , , , , , 19.3013654, -0.0075532, , , , , , , 19.3013654, -0.0068818, , , , , , , 19.3013654, 0.0560616, , , , , , , , , , , , , , , , , , , , , , , , , , , , 
19.3018846, 0.0065461, , , , , , , 19.3018846, -0.0045319, , , , , , , 19.3018846, -0.0082246, , , , , , , 19.3018846, 0.0404517, , , , , , , , , , , , , , , , , , , , , , , , , , , , 
19.3024038, 0.0137636, , , , , , , 19.3024038, -0.0035248, , , , , , , 19.3024038, -0.0068818, , , , , , , 19.3024038, 0.0307164, , , , , , , , , , , , , , , , , , , , , , , , , , , , 
19.3029231, 0.0112459, , , , , , , 19.3029231, -0.0068818, , , , , , , 19.3029231, -0.002182, , , , , , , 19.3029231, 0.0263523, , , , , , , , , , , , , , , , , , , , , , , , , , , , 
19.3034423, 0.0102388, , , , , , , 19.3034423, -0.0102388, , , , , , , 19.3034423, 0.0016785, , , , , , , 19.3034423, 0.0209812, , , , , , , , , , , , , , , , , , , , , , , , , , , , 
19.3039615, 0.0119173, , , , , , , 19.3039615, -0.0099031, , , , , , , 19.3039615, 0.0011749, , , , , , , 19.3039615, 0.0149386, , , , , , , , , , , , , , , , , , , , , , , , , , , , 
19.3044808, 0.0125887, , , , , , , 19.3044808, -0.0082246, , , , , , , 19.3044808, -0.0018463, , , , , , , 19.3044808, 0.0112459, , , , , , , , , , , , , , , , , , , , , , , , , , , , 
19.305, 0.0132601, , , , , , , 19.305, -0.0097353, , , , , , , 19.305, -0.005539, , , , , , , 19.305, 0.0072175, , , , , , , , , , , , , , , , , , , , , , , , , , , , 
19.3055192, 0.0159457, , , , , , , 19.3055192, -0.012253, , , , , , , 19.3055192, -0.0075532, , , , , , , 19.3055192, 0.0038605, , , , , , , , , , , , , , , , , , , , , , , , , , , , 
19.3060385, 0.023331, , , , , , , 19.3060385, -0.0115816, , , , , , , 19.3060385, -0.0070497, , , , , , , 19.3060385, 0.0038605, , , , , , , , , , , , , , , , , , , , , , , , , , , , 
19.3065577, 0.030045, , , , , , , 19.3065577, -0.0099031, , , , , , , 19.3065577, -0.0062104, , , , , , , 19.3065577, 0.0008392, , , , , , , , , , , , , , , , , , , , , , , , , , , , 
19.3070769, 0.0320592, , , , , , , 19.3070769, -0.0075532, , , , , , , 19.3070769, -0.0028534, , , , , , , 19.3070769, -0.0035248, , , , , , , , , , , , , , , , , , , , , , , , , , , , 
19.3075962, 0.0283665, , , , , , , 19.3075962, -0.0082246, , , , , , , 19.3075962, 0.0010071, , , , , , , 19.3075962, -0.0041962, , , , , , , , , , , , , , , , , , , , , , , , , , , , 
19.3081154, 0.0219883, , , , , , , 19.3081154, -0.0132601, , , , , , , 19.3081154, 0.0038605, , , , , , , 19.3081154, -0.0015106, , , , , , , , , , , , , , , , , , , , , , , , , , , , 
19.3086346, 0.0209812, , , , , , , 19.3086346, -0.0176242, , , , , , , 19.3086346, 0.0018463, , , , , , , 19.3086346, 0.0005035, , , , , , , , , , , , , , , , , , , , , , , , , , , , 
19.3091538, 0.0216526, , , , , , , 19.3091538, -0.0162814, , , , , , , 19.3091538, -0.0048676, , , , , , , 19.3091538, -0.0001678, , , , , , , , , , , , , , , , , , , , , , , , , , , , 
19.3096731, 0.0218204, , , , , , , 19.3096731, -0.0109102, , , , , , , 19.3096731, -0.0109102, , , , , , , 19.3096731, -0.0008392, , , , , , , , , , , , , , , , , , , , , , , , , , , , 
19.3101923, 0.0218204, , , , , , , 19.3101923, -0.0062104, , , , , , , 19.3101923, -0.0132601, , , , , , , 19.3101923, -0.002182, , , , , , , , , , , , , , , , , , , , , , , , , , , , 
19.3107115, 0.0229953, , , , , , , 19.3107115, -0.0041962, , , , , , , 19.3107115, -0.0135958, , , , , , , 19.3107115, -0.005539, , , , , , , , , , , , , , , , , , , , , , , , , , , , 
19.3112308, 0.0273594, , , , , , , 19.3112308, -0.0035248, , , , , , , 19.3112308, -0.0172885, , , , , , , 19.3112308, -0.0146029, , , , , , , , , , , , , , , , , , , , , , , , , , , , 
19.31175, 0.0347448, , , , , , , 19.31175, -0.0008392, , , , , , , 19.31175, -0.0186313, , , , , , , 19.31175, -0.0250095, , , , , , , , , , , , , , , , , , , , , , , , , , , , 
19.3122692, 0.040116, , , , , , , 19.3122692, 0.0031891, , , , , , , 19.3122692, -0.01561, , , , , , , 19.3122692, -0.030045, , , , , , , , , , , , , , , , , , , , , , , , , , , , 
19.3127885, 0.0428016, , , , , , , 19.3127885, 0.0072175, , , , , , , 19.3127885, -0.0130922, , , , , , , 19.3127885, -0.0323949, , , , , , , , , , , , , , , , , , , , , , , , , , , , 
19.3133077, 0.0414588, , , , , , , 19.3133077, 0.0142672, , , , , , , 19.3133077, -0.0129244, , , , , , , 19.3133077, -0.0330663, , , , , , , , , , , , , , , , , , , , , , , , , , , , 
19.3138269, 0.0441444, , , , , , , 19.3138269, 0.0206455, , , , , , , 19.3138269, -0.0137636, , , , , , , 19.3138269, -0.0290379, , , , , , , , , , , , , , , , , , , , , , , , , , , , 
19.3143462, 0.0453193, , , , , , , 19.3143462, 0.0221561, , , , , , , 19.3143462, -0.012253, , , , , , , 19.3143462, -0.0236667, , , , , , , , , , , , , , , , , , , , , , , , , , , , 
19.3148654, 0.0421302, , , , , , , 19.3148654, 0.0157778, , , , , , , 19.3148654, -0.0072175, , , , , , , 19.3148654, -0.0162814, , , , , , , , , , , , , , , , , , , , , , , , , , , , 
19.3153846, 0.0330663, , , , , , , 19.3153846, 0.0038605, , , , , , , 19.3153846, -0.0036927, , , , , , , 19.3153846, -0.0062104, , , , , , , , , , , , , , , , , , , , , , , , , , , , 
19.3159038, 0.0203098, , , , , , , 19.3159038, -0.0015106, , , , , , , 19.3159038, -0.0057069, , , , , , , 19.3159038, 0.0052033, , , , , , , , , , , , , , , , , , , , , , , , , , , , 
19.3164231, 0.0119173, , , , , , , 19.3164231, 0.0011749, , , , , , , 19.3164231, -0.0095674, , , , , , , 19.3164231, 0.0137636, , , , , , , , , , , , , , , , , , , , , , , , , , , , 
19.3169423, 0.0070497, , , , , , , 19.3169423, -0.0001678, , , , , , , 19.3169423, -0.0129244, , , , , , , 19.3169423, 0.0213169, , , , , , , , , , , , , , , , , , , , , , , , , , , , 
19.3174615, 0.0025177, , , , , , , 19.3174615, -0.0082246, , , , , , , 19.3174615, -0.0129244, , , , , , , 19.3174615, 0.0305486, , , , , , , , , , , , , , , , , , , , , , , , , , , , 
19.3179808, -0.0010071, , , , , , , 19.3179808, -0.0142672, , , , , , , 19.3179808, -0.011078, , , , , , , 19.3179808, 0.0421302, , , , , , , , , , , , , , , , , , , , , , , , , , , , 
19.3185, -0.0083925, , , , , , , 19.3185, -0.018967, , , , , , , 19.3185, -0.0095674, , , , , , , 19.3185, 0.0522011, , , , , , , , , , , , , , , , , , , , , , , , , , , , 
19.3190192, -0.0196384, , , , , , , 19.3190192, -0.0250095, , , , , , , 19.3190192, -0.0099031, , , , , , , 19.3190192, 0.0592508, , , , , , , , , , , , , , , , , , , , , , , , , , , , 
19.3195385, -0.0297093, , , , , , , 19.3195385, -0.0330663, , , , , , , 19.3195385, -0.0104067, , , , , , , 19.3195385, 0.0642863, , , , , , , , , , , , , , , , , , , , , , , , , , , , 
19.3200577, -0.0360876, , , , , , , 19.3200577, -0.0397803, , , , , , , 19.3200577, -0.0085603, , , , , , , 19.3200577, 0.0693217, , , , , , , , , , , , , , , , , , , , , , , , , , , , 
19.3205769, -0.0417945, , , , , , , 19.3205769, -0.0377661, , , , , , , 19.3205769, -0.0068818, , , , , , , 19.3205769, 0.0730144, , , , , , , , , , , , , , , , , , , , , , , , , , , , 
19.3210962, -0.043473, , , , , , , 19.3210962, -0.0263523, , , , , , , 19.3210962, -0.0041962, , , , , , , 19.3210962, 0.0713359, , , , , , , , , , , , , , , , , , , , , , , , , , , , 
19.3216154, -0.036759, , , , , , , 19.3216154, -0.0135958, , , , , , , 19.3216154, -0.0038605, , , , , , , 19.3216154, 0.0609293, , , , , , , , , , , , , , , , , , , , , , , , , , , , 
19.3221346, -0.026688, , , , , , , 19.3221346, -0.005539, , , , , , , 19.3221346, -0.0052033, , , , , , , 19.3221346, 0.047837, , , , , , , , , , , , , , , , , , , , , , , , , , , , 
19.3226538, -0.0223239, , , , , , , 19.3226538, -0.0003357, , , , , , , 19.3226538, -0.0036927, , , , , , , 19.3226538, 0.0414588, , , , , , , , , , , , , , , , , , , , , , , , , , , , 
19.3231731, -0.0176242, , , , , , , 19.3231731, 0.002182, , , , , , , 19.3231731, -0.0015106, , , , , , , 19.3231731, 0.0347448, , , , , , , , , , , , , , , , , , , , , , , , , , , , 
19.3236923, -0.0095674, , , , , , , 19.3236923, 0.0008392, , , , , , , 19.3236923, -0.002182, , , , , , , 19.3236923, 0.026688, , , , , , , , , , , , , , , , , , , , , , , , , , , , 
19.3242115, -0.002182, , , , , , , 19.3242115, -0.0028534, , , , , , , 19.3242115, -0.0018463, , , , , , , 19.3242115, 0.0216526, , , , , , , , , , , , , , , , , , , , , , , , , , , , 
19.3247308, 0.0058747, , , , , , , 19.3247308, -0.0099031, , , , , , , 19.3247308, -0.0005035, , , , , , , 19.3247308, 0.0186313, , , , , , , , , , , , , , , , , , , , , , , , , , , , 
19.32525, 0.0127565, , , , , , , 19.32525, -0.01561, , , , , , , 19.32525, 0.0006714, , , , , , , 19.32525, 0.0159457, , , , , , , , , , , , , , , , , , , , , , , , , , , , 
19.3257692, 0.0196384, , , , , , , 19.3257692, -0.0169528, , , , , , , 19.3257692, 0.0018463, , , , , , , 19.3257692, 0.0137636, , , , , , , , , , , , , , , , , , , , , , , , , , , , 
19.3262885, 0.0273594, , , , , , , 19.3262885, -0.0186313, , , , , , , 19.3262885, -0.0001678, , , , , , , 19.3262885, 0.011078, , , , , , , , , , , , , , , , , , , , , , , , , , , , 
19.3268077, 0.0280308, , , , , , , 19.3268077, -0.0162814, , , , , , , 19.3268077, -0.0003357, , , , , , , 19.3268077, 0.008896, , , , , , , , , , , , , , , , , , , , , , , , , , , , 
19.3273269, 0.0246738, , , , , , , 19.3273269, -0.0095674, , , , , , , 19.3273269, 0.0001678, , , , , , , 19.3273269, 0.0063783, , , , , , , , , , , , , , , , , , , , , , , , , , , , 
19.3278462, 0.0243381, , , , , , , 19.3278462, -0.0052033, , , , , , , 19.3278462, -0.0043641, , , , , , , 19.3278462, 0.0045319, , , , , , , , , , , , , , , , , , , , , , , , , , , , 
19.3283654, 0.0238346, , , , , , , 19.3283654, -0.0075532, , , , , , , 19.3283654, -0.0092317, , , , , , , 19.3283654, 0.0025177, , , , , , , , , , , , , , , , , , , , , , , , , , , , 
19.3288846, 0.0179599, , , , , , , 19.3288846, -0.0115816, , , , , , , 19.3288846, -0.0097353, , , , , , , 19.3288846, 0.0001678, , , , , , , , , , , , , , , , , , , , , , , , , , , , 
19.3294038, 0.0119173, , , , , , , 19.3294038, -0.0149386, , , , , , , 19.3294038, -0.0109102, , , , , , , 19.3294038, -0.002182, , , , , , , , , , , , , , , , , , , , , , , , , , , , 
19.3299231, 0.0112459, , , , , , , 19.3299231, -0.0186313, , , , , , , 19.3299231, -0.0119173, , , , , , , 19.3299231, -0.0041962, , , , , , , , , , , , , , , , , , , , , , , , , , , , 
19.3304423, 0.0132601, , , , , , , 19.3304423, -0.0199741, , , , , , , 19.3304423, -0.0125887, , , , , , , 19.3304423, -0.0075532, , , , , , , , , , , , , , , , , , , , , , , , , , , , 
19.3309615, 0.0176242, , , , , , , 19.3309615, -0.0199741, , , , , , , 19.3309615, -0.0112459, , , , , , , 19.3309615, -0.0142672, , , , , , , , , , , , , , , , , , , , , , , , , , , , 
19.3314808, 0.0270237, , , , , , , 19.3314808, -0.0182956, , , , , , , 19.3314808, -0.0092317, , , , , , , 19.3314808, -0.0240024, , , , , , , , , , , , , , , , , , , , , , , , , , , , 
19.332, 0.0354162, , , , , , , 19.332, -0.0139315, , , , , , , 19.332, -0.0075532, , , , , , , 19.332, -0.0330663, , , , , , , , , , , , , , , , , , , , , , , , , , , , 
19.3325192, 0.0387732, , , , , , , 19.3325192, -0.0102388, , , , , , , 19.3325192, -0.0077211, , , , , , , 19.3325192, -0.0377661, , , , , , , , , , , , , , , , , , , , , , , , , , , , 
19.3330385, 0.0391089, , , , , , , 19.3330385, -0.0082246, , , , , , , 19.3330385, -0.0112459, , , , , , , 19.3330385, -0.0394446, , , , , , , , , , , , , , , , , , , , , , , , , , , , 
19.3335577, 0.0387732, , , , , , , 19.3335577, -0.0068818, , , , , , , 19.3335577, -0.0171206, , , , , , , 19.3335577, -0.0404517, , , , , , , , , , , , , , , , , , , , , , , , , , , , 
19.3340769, 0.0407874, , , , , , , 19.3340769, -0.0075532, , , , , , , 19.3340769, -0.0256809, , , , , , , 19.3340769, -0.0384375, , , , , , , , , , , , , , , , , , , , , , , , , , , , 
19.3345962, 0.0421302, , , , , , , 19.3345962, -0.0102388, , , , , , , 19.3345962, -0.0302129, , , , , , , 19.3345962, -0.0330663, , , , , , , , , , , , , , , , , , , , , , , , , , , , 
19.3351154, 0.0370947, , , , , , , 19.3351154, -0.0095674, , , , , , , 19.3351154, -0.0250095, , , , , , , 19.3351154, -0.0243381, , , , , , , , , , , , , , , , , , , , , , , , , , , , 
19.3356346, 0.0283665, , , , , , , 19.3356346, -0.005539, , , , , , , 19.3356346, -0.0135958, , , , , , , 19.3356346, -0.0142672, , , , , , , , , , , , , , , , , , , , , , , , , , , , 
19.3361538, 0.023331, , , , , , , 19.3361538, -0.0025177, , , , , , , 19.3361538, -0.0016785, , , , , , , 19.3361538, -0.0045319, , , , , , , , , , , , , , , , , , , , , , , , , , , , 
19.3366731, 0.0176242, , , , , , , 19.3366731, -0.0028534, , , , , , , 19.3366731, 0.0085603, , , , , , , 19.3366731, 0.0045319, , , , , , , , , , , , , , , , , , , , , , , , , , , , 
19.3371923, 0.0127565, , , , , , , 19.3371923, -0.0031891, , , , , , , 19.3371923, 0.0171206, , , , , , , 19.3371923, 0.0135958, , , , , , , , , , , , , , , , , , , , , , , , , , , , 
19.3377115, 0.0105745, , , , , , , 19.3377115, -0.0023499, , , , , , , 19.3377115, 0.0184634, , , , , , , 19.3377115, 0.0265202, , , , , , , , , , , , , , , , , , , , , , , , , , , , 
19.3382308, 0.0105745, , , , , , , 19.3382308, -0.0028534, , , , , , , 19.3382308, 0.0146029, , , , , , , 19.3382308, 0.0407874, , , , , , , , , , , , , , , , , , , , , , , , , , , , 
19.33875, 0.0065461, , , , , , , 19.33875, -0.0048676, , , , , , , 19.33875, 0.0102388, , , , , , , 19.33875, 0.0525368, , , , , , , , , , , , , , , , , , , , , , , , , , , , 
19.3392692, -0.0016785, , , , , , , 19.3392692, -0.0035248, , , , , , , 19.3392692, 0.0068818, , , , , , , 19.3392692, 0.061265, , , , , , , , , , , , , , , , , , , , , , , , , , , , 
19.3397885, -0.0082246, , , , , , , 19.3397885, -0.0005035, , , , , , , 19.3397885, 0.0038605, , , , , , , 19.3397885, 0.0649577, , , , , , , , , , , , , , , , , , , , , , , , , , , , 
19.3403077, -0.0157778, , , , , , , 19.3403077, -0.0015106, , , , , , , 19.3403077, -0.0001678, , , , , , , 19.3403077, 0.0669718, , , , , , , , , , , , , , , , , , , , , , , , , , , , 
19.3408269, -0.018967, , , , , , , 19.3408269, -0.0062104, , , , , , , 19.3408269, -0.002182, , , , , , , 19.3408269, 0.0683146, , , , , , , , , , , , , , , , , , , , , , , , , , , , 
19.3413462, -0.0209812, , , , , , , 19.3413462, -0.008896, , , , , , , 19.3413462, -0.0011749, , , , , , , 19.3413462, 0.061265, , , , , , , , , , , , , , , , , , , , , , , , , , , , 
19.3418654, -0.0240024, , , , , , , 19.3418654, -0.0068818, , , , , , , 19.3418654, -0.0018463, , , , , , , 19.3418654, 0.0485084, , , , , , , , , , , , , , , , , , , , , , , , , , , , 
19.3423846, -0.0236667, , , , , , , 19.3423846, -0.0041962, , , , , , , 19.3423846, -0.0028534, , , , , , , 19.3423846, 0.036759, , , , , , , , , , , , , , , , , , , , , , , , , , , , 
19.3429038, -0.0194705, , , , , , , 19.3429038, -0.0050355, , , , , , , 19.3429038, -0.0036927, , , , , , , 19.3429038, 0.0253452, , , , , , , , , , , , , , , , , , , , , , , , , , , , 
19.3434231, -0.0135958, , , , , , , 19.3434231, -0.0062104, , , , , , , 19.3434231, -0.0052033, , , , , , , 19.3434231, 0.0186313, , , , , , , , , , , , , , , , , , , , , , , , , , , , 
19.3439423, -0.0119173, , , , , , , 19.3439423, -0.0050355, , , , , , , 19.3439423, -0.0038605, , , , , , , 19.3439423, 0.0172885, , , , , , , , , , , , , , , , , , , , , , , , , , , , 
19.3444615, -0.0139315, , , , , , , 19.3444615, -0.0041962, , , , , , , 19.3444615, 0.0001678, , , , , , , 19.3444615, 0.0172885, , , , , , , , , , , , , , , , , , , , , , , , , , , , 
19.3449808, -0.0130922, , , , , , , 19.3449808, -0.0028534, , , , , , , 19.3449808, 0.0018463, , , , , , , 19.3449808, 0.0169528, , , , , , , , , , , , , , , , , , , , , , , , , , , , 
19.3455, -0.0068818, , , , , , , 19.3455, -0.002182, , , , , , , 19.3455, -0.0025177, , , , , , , 19.3455, 0.0146029, , , , , , , , , , , , , , , , , , , , , , , , , , , , 
19.3460192, 0.0035248, , , , , , , 19.3460192, -0.0028534, , , , , , , 19.3460192, -0.0090639, , , , , , , 19.3460192, 0.0119173, , , , , , , , , , , , , , , , , , , , , , , , , , , , 
19.3465385, 0.012253, , , , , , , 19.3465385, -0.0036927, , , , , , , 19.3465385, -0.0135958, , , , , , , 19.3465385, 0.0102388, , , , , , , , , , , , , , , , , , , , , , , , , , , , 
19.3470577, 0.0204776, , , , , , , 19.3470577, -0.0035248, , , , , , , 19.3470577, -0.0162814, , , , , , , 19.3470577, 0.0092317, , , , , , , , , , , , , , , , , , , , , , , , , , , , 
19.3475769, 0.0293736, , , , , , , 19.3475769, -0.0031891, , , , , , , 19.3475769, -0.0196384, , , , , , , 19.3475769, 0.0068818, , , , , , , , , , , , , , , , , , , , , , , , , , , , 
19.3480962, 0.0360876, , , , , , , 19.3480962, -0.0028534, , , , , , , 19.3480962, -0.0243381, , , , , , , 19.3480962, 0.0052033, , , , , , , , , , , , , , , , , , , , , , , , , , , , 
19.3486154, 0.0370947, , , , , , , 19.3486154, -0.0041962, , , , , , , 19.3486154, -0.026688, , , , , , , 19.3486154, 0.0052033, , , , , , , , , , , , , , , , , , , , , , , , , , , , 
19.3491346, 0.0320592, , , , , , , 19.3491346, -0.0058747, , , , , , , 19.3491346, -0.0273594, , , , , , , 19.3491346, 0.0065461, , , , , , , , , , , , , , , , , , , , , , , , , , , , 
19.3496538, 0.0246738, , , , , , , 19.3496538, -0.0072175, , , , , , , 19.3496538, -0.0280308, , , , , , , 19.3496538, 0.0078889, , , , , , , , , , , , , , , , , , , , , , , , , , , , 
19.3501731, 0.0273594, , , , , , , 19.3501731, -0.0095674, , , , , , , 19.3501731, -0.0270237, , , , , , , 19.3501731, 0.0072175, , , , , , , , , , , , , , , , , , , , , , , , , , , , 
19.3506923, 0.0327306, , , , , , , 19.3506923, -0.0115816, , , , , , , 19.3506923, -0.0243381, , , , , , , 19.3506923, 0.0011749, , , , , , , , , , , , , , , , , , , , , , , , , , , , 
19.3512115, 0.0357519, , , , , , , 19.3512115, -0.0099031, , , , , , , 19.3512115, -0.0243381, , , , , , , 19.3512115, -0.0109102, , , , , , , , , , , , , , , , , , , , , , , , , , , , 
19.3517308, 0.040116, , , , , , , 19.3517308, -0.0068818, , , , , , , 19.3517308, -0.0276951, , , , , , , 19.3517308, -0.0224918, , , , , , , , , , , , , , , , , , , , , , , , , , , , 
19.35225, 0.043473, , , , , , , 19.35225, -0.0058747, , , , , , , 19.35225, -0.0310521, , , , , , , 19.35225, -0.0283665, , , , , , , , , , , , , , , , , , , , , , , , , , , , 
19.3527692, 0.0448157, , , , , , , 19.3527692, -0.0062104, , , , , , , 19.3527692, -0.0330663, , , , , , , 19.3527692, -0.0297093, , , , , , , , , , , , , , , , , , , , , , , , , , , , 
19.3532885, 0.0468299, , , , , , , 19.3532885, -0.0062104, , , , , , , 19.3532885, -0.0327306, , , , , , , 19.3532885, -0.0307164, , , , , , , , , , , , , , , , , , , , , , , , , , , , 
19.3538077, 0.0448157, , , , , , , 19.3538077, -0.0041962, , , , , , , 19.3538077, -0.0276951, , , , , , , 19.3538077, -0.0303807, , , , , , , , , , , , , , , , , , , , , , , , , , , , 
19.3543269, 0.0438087, , , , , , , 19.3543269, -0.0028534, , , , , , , 19.3543269, -0.0206455, , , , , , , 19.3543269, -0.0263523, , , , , , , , , , , , , , , , , , , , , , , , , , , , 
19.3548462, 0.0421302, , , , , , , 19.3548462, -0.0030213, , , , , , , 19.3548462, -0.0162814, , , , , , , 19.3548462, -0.0206455, , , , , , , , , , , , , , , , , , , , , , , , , , , , 
19.3553654, 0.0347448, , , , , , , 19.3553654, -0.0035248, , , , , , , 19.3553654, -0.0140993, , , , , , , 19.3553654, -0.0097353, , , , , , , , , , , , , , , , , , , , , , , , , , , , 
19.3558846, 0.030045, , , , , , , 19.3558846, -0.0035248, , , , , , , 19.3558846, -0.0082246, , , , , , , 19.3558846, 0.0035248, , , , , , , , , , , , , , , , , , , , , , , , , , , , 
19.3564038, 0.0303807, , , , , , , 19.3564038, -0.005539, , , , , , , 19.3564038, -0.0028534, , , , , , , 19.3564038, 0.0142672, , , , , , , , , , , , , , , , , , , , , , , , , , , , 
19.3569231, 0.0354162, , , , , , , 19.3569231, -0.0072175, , , , , , , 19.3569231, -0.0008392, , , , , , , 19.3569231, 0.0236667, , , , , , , , , , , , , , , , , , , , , , , , , , , , 
19.3574423, 0.0370947, , , , , , , 19.3574423, -0.0075532, , , , , , , 19.3574423, -0.0028534, , , , , , , 19.3574423, 0.0328985, , , , , , , , , , , , , , , , , , , , , , , , , , , , 
19.3579615, 0.0303807, , , , , , , 19.3579615, -0.008896, , , , , , , 19.3579615, -0.0015106, , , , , , , 19.3579615, 0.0424659, , , , , , , , , , , , , , , , , , , , , , , , , , , , 
19.3584808, 0.0172885, , , , , , , 19.3584808, -0.0087282, , , , , , , 19.3584808, 0.0008392, , , , , , , 19.3584808, 0.0520333, , , , , , , , , , , , , , , , , , , , , , , , , , , , 
19.359, 0.0082246, , , , , , , 19.359, -0.0072175, , , , , , , 19.359, -0.0008392, , , , , , , 19.359, 0.0595865, , , , , , , , , , , , , , , , , , , , , , , , , , , , 
19.3595192, 0.0025177, , , , , , , 19.3595192, -0.0062104, , , , , , , 19.3595192, -0.0048676, , , , , , , 19.3595192, 0.0647898, , , , , , , , , , , , , , , , , , , , , , , , , , , , 
19.3600385, -0.0025177, , , , , , , 19.3600385, -0.0062104, , , , , , , 19.3600385, -0.0068818, , , , , , , 19.3600385, 0.0663005, , , , , , , , , , , , , , , , , , , , , , , , , , , , 
19.3605577, -0.0072175, , , , , , , 19.3605577, -0.0075532, , , , , , , 19.3605577, -0.005539, , , , , , , 19.3605577, 0.0659648, , , , , , , , , , , , , , , , , , , , , , , , , , , , 
19.3610769, -0.0109102, , , , , , , 19.3610769, -0.0082246, , , , , , , 19.3610769, -0.0018463, , , , , , , 19.3610769, 0.0574044, , , , , , , , , , , , , , , , , , , , , , , , , , , , 
19.3615962, -0.0114137, , , , , , , 19.3615962, -0.0052033, , , , , , , 19.3615962, 0.0038605, , , , , , , 19.3615962, 0.0411231, , , , , , , , , , , , , , , , , , , , , , , , , , , , 
19.3621154, -0.0085603, , , , , , , 19.3621154, -0.005539, , , , , , , 19.3621154, 0.0099031, , , , , , , 19.3621154, 0.0297093, , , , , , , , , , , , , , , , , , , , , , , , , , , , 
19.3626346, -0.0041962, , , , , , , 19.3626346, -0.0072175, , , , , , , 19.3626346, 0.0151064, , , , , , , 19.3626346, 0.0253452, , , , , , , , , , , , , , , , , , , , , , , , , , , , 
19.3631538, -0.0045319, , , , , , , 19.3631538, -0.0082246, , , , , , , 19.3631538, 0.0182956, , , , , , , 19.3631538, 0.0226596, , , , , , , , , , , , , , , , , , , , , , , , , , , , 
19.3636731, -0.0072175, , , , , , , 19.3636731, -0.0082246, , , , , , , 19.3636731, 0.0172885, , , , , , , 19.3636731, 0.0182956, , , , , , , , , , , , , , , , , , , , , , , , , , , , 
19.3641923, -0.0070497, , , , , , , 19.3641923, -0.0075532, , , , , , , 19.3641923, 0.0151064, , , , , , , 19.3641923, 0.0159457, , , , , , , , , , , , , , , , , , , , , , , , , , , , 
19.3647115, -0.0070497, , , , , , , 19.3647115, -0.0075532, , , , , , , 19.3647115, 0.0119173, , , , , , , 19.3647115, 0.0149386, , , , , , , , , , , , , , , , , , , , , , , , , , , , 
19.3652308, -0.0031891, , , , , , , 19.3652308, -0.0072175, , , , , , , 19.3652308, 0.0092317, , , , , , , 19.3652308, 0.0125887, , , , , , , , , , , , , , , , , , , , , , , , , , , , 
19.36575, 0.0041962, , , , , , , 19.36575, -0.0082246, , , , , , , 19.36575, 0.0065461, , , , , , , 19.36575, 0.0112459, , , , , , , , , , , , , , , , , , , , , , , , , , , , 
19.3662692, 0.0132601, , , , , , , 19.3662692, -0.0099031, , , , , , , 19.3662692, 0.0028534, , , , , , , 19.3662692, 0.0099031, , , , , , , , , , , , , , , , , , , , , , , , , , , , 
19.3667885, 0.0219883, , , , , , , 19.3667885, -0.0102388, , , , , , , 19.3667885, -0.0025177, , , , , , , 19.3667885, 0.0092317, , , , , , , , , , , , , , , , , , , , , , , , , , , , 
19.3673077, 0.0240024, , , , , , , 19.3673077, -0.0075532, , , , , , , 19.3673077, -0.0068818, , , , , , , 19.3673077, 0.0095674, , , , , , , , , , , , , , , , , , , , , , , , , , , , 
19.3678269, 0.0253452, , , , , , , 19.3678269, -0.0063783, , , , , , , 19.3678269, -0.0095674, , , , , , , 19.3678269, 0.0105745, , , , , , , , , , , , , , , , , , , , , , , , , , , , 
19.3683462, 0.0258488, , , , , , , 19.3683462, -0.0078889, , , , , , , 19.3683462, -0.008896, , , , , , , 19.3683462, 0.0102388, , , , , , , , , , , , , , , , , , , , , , , , , , , , 
19.3688654, 0.0287022, , , , , , , 19.3688654, -0.0097353, , , , , , , 19.3688654, -0.0075532, , , , , , , 19.3688654, 0.0085603, , , , , , , , , , , , , , , , , , , , , , , , , , , , 
19.3693846, 0.0293736, , , , , , , 19.3693846, -0.0090639, , , , , , , 19.3693846, -0.0065461, , , , , , , 19.3693846, 0.0077211, , , , , , , , , , , , , , , , , , , , , , , , , , , , 
19.3699038, 0.0258488, , , , , , , 19.3699038, -0.0085603, , , , , , , 19.3699038, -0.010071, , , , , , , 19.3699038, 0.0041962, , , , , , , , , , , , , , , , , , , , , , , , , , , , 
19.3704231, 0.0223239, , , , , , , 19.3704231, -0.0099031, , , , , , , 19.3704231, -0.0130922, , , , , , , 19.3704231, -0.0008392, , , , , , , , , , , , , , , , , , , , , , , , , , , , 
19.3709423, 0.0196384, , , , , , , 19.3709423, -0.0109102, , , , , , , 19.3709423, -0.0135958, , , , , , , 19.3709423, -0.0085603, , , , , , , , , , , , , , , , , , , , , , , , , , , , 
19.3714615, 0.0240024, , , , , , , 19.3714615, -0.0102388, , , , , , , 19.3714615, -0.0130922, , , , , , , 19.3714615, -0.0209812, , , , , , , , , , , , , , , , , , , , , , , , , , , , 
19.3719808, 0.033402, , , , , , , 19.3719808, -0.0090639, , , , , , , 19.3719808, -0.0135958, , , , , , , 19.3719808, -0.03122, , , , , , , , , , , , , , , , , , , , , , , , , , , , 
19.3725, 0.043473, , , , , , , 19.3725, -0.0085603, , , , , , , 19.3725, -0.0129244, , , , , , , 19.3725, -0.0370947, , , , , , , , , , , , , , , , , , , , , , , , , , , , 
19.3730192, 0.0488441, , , , , , , 19.3730192, -0.0090639, , , , , , , 19.3730192, -0.0109102, , , , , , , 19.3730192, -0.0407874, , , , , , , , , , , , , , , , , , , , , , , , , , , , 
19.3735385, 0.0475013, , , , , , , 19.3735385, -0.0075532, , , , , , , 19.3735385, -0.0112459, , , , , , , 19.3735385, -0.0431373, , , , , , , , , , , , , , , , , , , , , , , , , , , , 
19.3740577, 0.0411231, , , , , , , 19.3740577, -0.0048676, , , , , , , 19.3740577, -0.0152743, , , , , , , 19.3740577, -0.0404517, , , , , , , , , , , , , , , , , , , , , , , , , , , , 
19.3745769, 0.036759, , , , , , , 19.3745769, -0.0058747, , , , , , , 19.3745769, -0.0172885, , , , , , , 19.3745769, -0.033402, , , , , , , , , , , , , , , , , , , , , , , , , , , , 
19.3750962, 0.0340734, , , , , , , 19.3750962, -0.0068818, , , , , , , 19.3750962, -0.0182956, , , , , , , 19.3750962, -0.0213169, , , , , , , , , , , , , , , , , , , , , , , , , , , , 
19.3756154, 0.0298772, , , , , , , 19.3756154, -0.005539, , , , , , , 19.3756154, -0.0193027, , , , , , , 19.3756154, -0.0095674, , , , , , , , , , , , , , , , , , , , , , , , , , , , 
19.3761346, 0.0213169, , , , , , , 19.3761346, -0.0068818, , , , , , , 19.3761346, -0.0193027, , , , , , , 19.3761346, -0.0018463, , , , , , , , , , , , , , , , , , , , , , , , , , , , 
19.3766538, 0.0119173, , , , , , , 19.3766538, -0.0095674, , , , , , , 19.3766538, -0.0172885, , , , , , , 19.3766538, 0.0058747, , , , , , , , , , , , , , , , , , , , , , , , , , , , 
19.3771731, 0.0072175, , , , , , , 19.3771731, -0.0102388, , , , , , , 19.3771731, -0.0139315, , , , , , , 19.3771731, 0.0142672, , , , , , , , , , , , , , , , , , , , , , , , , , , , 
19.3776923, 0.0038605, , , , , , , 19.3776923, -0.0082246, , , , , , , 19.3776923, -0.0105745, , , , , , , 19.3776923, 0.0240024, , , , , , , , , , , , , , , , , , , , , , , , , , , , 
19.3782115, -0.0031891, , , , , , , 19.3782115, -0.002182, , , , , , , 19.3782115, -0.0062104, , , , , , , 19.3782115, 0.0340734, , , , , , , , , , , , , , , , , , , , , , , , , , , , 
19.3787308, -0.0117494, , , , , , , 19.3787308, 0.0045319, , , , , , , 19.3787308, -0.0030213, , , , , , , 19.3787308, 0.0451514, , , , , , , , , , , , , , , , , , , , , , , , , , , , 
19.37925, -0.0182956, , , , , , , 19.37925, 0.0062104, , , , , , , 19.37925, -0.0005035, , , , , , , 19.37925, 0.0562295, , , , , , , , , , , , , , , , , , , , , , , , , , , , 
19.3797692, -0.018967, , , , , , , 19.3797692, 0.0031891, , , , , , , 19.3797692, 0.0018463, , , , , , , 19.3797692, 0.0636149, , , , , , , , , , , , , , , , , , , , , , , , , , , , 
19.3802885, -0.0157778, , , , , , , 19.3802885, -0.0028534, , , , , , , 19.3802885, 0.0031891, , , , , , , 19.3802885, 0.0656291, , , , , , , , , , , , , , , , , , , , , , , , , , , , 
19.3808077, -0.0162814, , , , , , , 19.3808077, -0.0105745, , , , , , , 19.3808077, 0.0025177, , , , , , , 19.3808077, 0.0632792, , , , , , , , , , , , , , , , , , , , , , , , , , , , 
19.3813269, -0.0139315, , , , , , , 19.3813269, -0.0161135, , , , , , , 19.3813269, -0.0035248, , , , , , , 19.3813269, 0.0569009, , , , , , , , , , , , , , , , , , , , , , , , , , , , 
19.3818462, -0.0099031, , , , , , , 19.3818462, -0.018967, , , , , , , 19.3818462, -0.0114137, , , , , , , 19.3818462, 0.0475013, , , , , , , , , , , , , , , , , , , , , , , , , , , , 
19.3823654, -0.0142672, , , , , , , 19.3823654, -0.0209812, , , , , , , 19.3823654, -0.0159457, , , , , , , 19.3823654, 0.040116, , , , , , , , , , , , , , , , , , , , , , , , , , , , 
19.3828846, -0.018967, , , , , , , 19.3828846, -0.0236667, , , , , , , 19.3828846, -0.01561, , , , , , , 19.3828846, 0.0365911, , , , , , , , , , , , , , , , , , , , , , , , , , , , 
19.3834038, -0.0166171, , , , , , , 19.3834038, -0.0246738, , , , , , , 19.3834038, -0.0124208, , , , , , , 19.3834038, 0.0310521, , , , , , , , , , , , , , , , , , , , , , , , , , , , 
19.3839231, -0.0146029, , , , , , , 19.3839231, -0.0218204, , , , , , , 19.3839231, -0.0139315, , , , , , , 19.3839231, 0.0253452, , , , , , , , , , , , , , , , , , , , , , , , , , , , 
19.3844423, -0.014435, , , , , , , 19.3844423, -0.0162814, , , , , , , 19.3844423, -0.0172885, , , , , , , 19.3844423, 0.0216526, , , , , , , , , , , , , , , , , , , , , , , , , , , , 
19.3849615, -0.0109102, , , , , , , 19.3849615, -0.0129244, , , , , , , 19.3849615, -0.0169528, , , , , , , 19.3849615, 0.0182956, , , , , , , , , , , , , , , , , , , , , , , , , , , , 
19.3854808, -0.005539, , , , , , , 19.3854808, -0.0109102, , , , , , , 19.3854808, -0.0147707, , , , , , , 19.3854808, 0.0132601, , , , , , , , , , , , , , , , , , , , , , , , , , , , 
19.386, 0.0018463, , , , , , , 19.386, -0.0075532, , , , , , , 19.386, -0.0119173, , , , , , , 19.386, 0.0092317, , , , , , , , , , , , , , , , , , , , , , , , , , , , 
19.3865192, 0.0092317, , , , , , , 19.3865192, -0.0048676, , , , , , , 19.3865192, -0.0099031, , , , , , , 19.3865192, 0.0062104, , , , , , , , , , , , , , , , , , , , , , , , , , , , 
19.3870385, 0.0139315, , , , , , , 19.3870385, -0.0041962, , , , , , , 19.3870385, -0.0102388, , , , , , , 19.3870385, 0.0030213, , , , , , , , , , , , , , , , , , , , , , , , , , , , 
19.3875577, 0.0203098, , , , , , , 19.3875577, -0.0038605, , , , , , , 19.3875577, -0.0139315, , , , , , , 19.3875577, -0.0001678, , , , , , , , , , , , , , , , , , , , , , , , , , , , 
19.3880769, 0.0246738, , , , , , , 19.3880769, -0.0048676, , , , , , , 19.3880769, -0.0162814, , , , , , , 19.3880769, -0.0018463, , , , , , , , , , , , , , , , , , , , , , , , , , , , 
19.3885962, 0.0276951, , , , , , , 19.3885962, -0.0057069, , , , , , , 19.3885962, -0.0176242, , , , , , , 19.3885962, -0.0035248, , , , , , , , , , , , , , , , , , , , , , , , , , , , 
19.3891154, 0.0317235, , , , , , , 19.3891154, -0.0063783, , , , , , , 19.3891154, -0.0171206, , , , , , , 19.3891154, -0.0062104, , , , , , , , , , , , , , , , , , , , , , , , , , , , 
19.3896346, 0.0399481, , , , , , , 19.3896346, -0.0068818, , , , , , , 19.3896346, -0.0151064, , , , , , , 19.3896346, -0.0068818, , , , , , , , , , , , , , , , , , , , , , , , , , , , 
19.3901538, 0.0441444, , , , , , , 19.3901538, -0.0072175, , , , , , , 19.3901538, -0.0127565, , , , , , , 19.3901538, -0.0041962, , , , , , , , , , , , , , , , , , , , , , , , , , , , 
19.3906731, 0.0396124, , , , , , , 19.3906731, -0.0062104, , , , , , , 19.3906731, -0.0115816, , , , , , , 19.3906731, -0.0035248, , , , , , , , , , , , , , , , , , , , , , , , , , , , 
19.3911923, 0.0364233, , , , , , , 19.3911923, -0.0038605, , , , , , , 19.3911923, -0.0105745, , , , , , , 19.3911923, -0.0109102, , , , , , , , , , , , , , , , , , , , , , , , , , , , 
19.3917115, 0.0391089, , , , , , , 19.3917115, -0.0031891, , , , , , , 19.3917115, -0.0077211, , , , , , , 19.3917115, -0.0198062, , , , , , , , , , , , , , , , , , , , , , , , , , , , 
19.3922308, 0.0431373, , , , , , , 19.3922308, -0.0031891, , , , , , , 19.3922308, -0.0048676, , , , , , , 19.3922308, -0.0263523, , , , , , , , , , , , , , , , , , , , , , , , , , , , 
19.39275, 0.0461585, , , , , , , 19.39275, -0.0045319, , , , , , , 19.39275, -0.0050355, , , , , , , 19.39275, -0.0290379, , , , , , , , , , , , , , , , , , , , , , , , , , , , 
19.3932692, 0.0438087, , , , , , , 19.3932692, -0.0068818, , , , , , , 19.3932692, -0.005539, , , , , , , 19.3932692, -0.0317235, , , , , , , , , , , , , , , , , , , , , , , , , , , , 
19.3937885, 0.0381018, , , , , , , 19.3937885, -0.0075532, , , , , , , 19.3937885, -0.002182, , , , , , , 19.3937885, -0.0323949, , , , , , , , , , , , , , , , , , , , , , , , , , , , 
19.3943077, 0.0283665, , , , , , , 19.3943077, -0.0068818, , , , , , , 19.3943077, 0.0011749, , , , , , , 19.3943077, -0.0263523, , , , , , , , , , , , , , , , , , , , , , , , , , , , 
19.3948269, 0.023331, , , , , , , 19.3948269, -0.008896, , , , , , , 19.3948269, 0.0023499, , , , , , , 19.3948269, -0.0139315, , , , , , , , , , , , , , , , , , , , , , , , , , , , 
19.3953462, 0.0236667, , , , , , , 19.3953462, -0.0119173, , , , , , , 19.3953462, 0.0011749, , , , , , , 19.3953462, -0.0023499, , , , , , , , , , , , , , , , , , , , , , , , , , , , 
19.3958654, 0.0240024, , , , , , , 19.3958654, -0.0129244, , , , , , , 19.3958654, -0.0028534, , , , , , , 19.3958654, 0.0062104, , , , , , , , , , , , , , , , , , , , , , , , , , , , 
19.3963846, 0.0218204, , , , , , , 19.3963846, -0.0115816, , , , , , , 19.3963846, -0.0052033, , , , , , , 19.3963846, 0.0117494, , , , , , , , , , , , , , , , , , , , , , , , , , , , 
19.3969038, 0.0199741, , , , , , , 19.3969038, -0.0068818, , , , , , , 19.3969038, -0.0052033, , , , , , , 19.3969038, 0.0179599, , , , , , , , , , , , , , , , , , , , , , , , , , , , 
19.3974231, 0.0172885, , , , , , , 19.3974231, -0.0003357, , , , , , , 19.3974231, -0.005539, , , , , , , 19.3974231, 0.030045, , , , , , , , , , , , , , , , , , , , , , , , , , , , 
19.3979423, 0.0070497, , , , , , , 19.3979423, 0.0025177, , , , , , , 19.3979423, -0.0065461, , , , , , , 19.3979423, 0.0453193, , , , , , , , , , , , , , , , , , , , , , , , , , , , 
19.3984615, -0.0010071, , , , , , , 19.3984615, 0.0011749, , , , , , , 19.3984615, -0.0082246, , , , , , , 19.3984615, 0.0552224, , , , , , , , , , , , , , , , , , , , , , , , , , , , 
19.3989808, -0.0003357, , , , , , , 19.3989808, -0.0045319, , , , , , , 19.3989808, -0.0085603, , , , , , , 19.3989808, 0.0629435, , , , , , , , , , , , , , , , , , , , , , , , , , , , 
19.3995, -0.0010071, , , , , , , 19.3995, -0.012253, , , , , , , 19.3995, -0.0082246, , , , , , , 19.3995, 0.0696574, , , , , , , , , , , , , , , , , , , , , , , , , , , , 
19.4000192, -0.0063783, , , , , , , 19.4000192, -0.0152743, , , , , , , 19.4000192, -0.0068818, , , , , , , 19.4000192, 0.0746929, , , , , , , , , , , , , , , , , , , , , , , , , , , , 
19.4005385, -0.0137636, , , , , , , 19.4005385, -0.0097353, , , , , , , 19.4005385, -0.0070497, , , , , , , 19.4005385, 0.0757, , , , , , , , , , , , , , , , , , , , , , , , , , , , 
19.4010577, -0.0194705, , , , , , , 19.4010577, -0.0011749, , , , , , , 19.4010577, -0.008896, , , , , , , 19.4010577, 0.0676432, , , , , , , , , , , , , , , , , , , , , , , , , , , , 
19.4015769, -0.0209812, , , , , , , 19.4015769, 0.0052033, , , , , , , 19.4015769, -0.008896, , , , , , , 19.4015769, 0.0535439, , , , , , , , , , , , , , , , , , , , , , , , , , , , 
19.4020962, -0.0162814, , , , , , , 19.4020962, 0.0028534, , , , , , , 19.4020962, -0.0085603, , , , , , , 19.4020962, 0.0414588, , , , , , , , , , , , , , , , , , , , , , , , , , , , 
19.4026154, -0.0045319, , , , , , , 19.4026154, -0.0072175, , , , , , , 19.4026154, -0.0102388, , , , , , , 19.4026154, 0.0323949, , , , , , , , , , , , , , , , , , , , , , , , , , , , 
19.4031346, 0.0045319, , , , , , , 19.4031346, -0.0115816, , , , , , , 19.4031346, -0.0105745, , , , , , , 19.4031346, 0.0246738, , , , , , , , , , , , , , , , , , , , , , , , , , , , 
19.4036538, 0.0058747, , , , , , , 19.4036538, -0.0058747, , , , , , , 19.4036538, -0.0062104, , , , , , , 19.4036538, 0.0193027, , , , , , , , , , , , , , , , , , , , , , , , , , , , 
19.4041731, 0.0045319, , , , , , , 19.4041731, 0.0038605, , , , , , , 19.4041731, -0.0016785, , , , , , , 19.4041731, 0.0139315, , , , , , , , , , , , , , , , , , , , , , , , , , , , 
19.4046923, 0.0025177, , , , , , , 19.4046923, 0.0068818, , , , , , , 19.4046923, -0.0015106, , , , , , , 19.4046923, 0.0057069, , , , , , , , , , , , , , , , , , , , , , , , , , , , 
19.4052115, -0.0018463, , , , , , , 19.4052115, 0.0025177, , , , , , , 19.4052115, -0.0031891, , , , , , , 19.4052115, -0.0005035, , , , , , , , , , , , , , , , , , , , , , , , , , , , 
19.4057308, -0.0095674, , , , , , , 19.4057308, 0.0030213, , , , , , , 19.4057308, -0.0041962, , , , , , , 19.4057308, -0.0015106, , , , , , , , , , , , , , , , , , , , , , , , , , , , 
19.40625, -0.0112459, , , , , , , 19.40625, 0.0085603, , , , , , , 19.40625, -0.0048676, , , , , , , 19.40625, -0.0008392, , , , , , , , , , , , , , , , , , , , , , , , , , , , 
19.4067692, -0.005539, , , , , , , 19.4067692, 0.0142672, , , , , , , 19.4067692, -0.0075532, , , , , , , 19.4067692, -0.0001678, , , , , , , , , , , , , , , , , , , , , , , , , , , , 
19.4072885, 0.0005035, , , , , , , 19.4072885, 0.0097353, , , , , , , 19.4072885, -0.0109102, , , , , , , 19.4072885, 0.0011749, , , , , , , , , , , , , , , , , , , , , , , , , , , , 
19.4078077, 0.0018463, , , , , , , 19.4078077, -0.0070497, , , , , , , 19.4078077, -0.0142672, , , , , , , 19.4078077, 0.0011749, , , , , , , , , , , , , , , , , , , , , , , , , , , , 
19.4083269, 0.0072175, , , , , , , 19.4083269, -0.024506, , , , , , , 19.4083269, -0.0162814, , , , , , , 19.4083269, 0.0028534, , , , , , , , , , , , , , , , , , , , , , , , , , , , 
19.4088462, 0.0135958, , , , , , , 19.4088462, -0.0350805, , , , , , , 19.4088462, -0.0176242, , , , , , , 19.4088462, 0.0060426, , , , , , , , , , , , , , , , , , , , , , , , , , , , 
19.4093654, 0.0179599, , , , , , , 19.4093654, -0.0438087, , , , , , , 19.4093654, -0.01561, , , , , , , 19.4093654, 0.0065461, , , , , , , , , , , , , , , , , , , , , , , , , , , , 
19.4098846, 0.0206455, , , , , , , 19.4098846, -0.0466621, , , , , , , 19.4098846, -0.0146029, , , , , , , 19.4098846, 0.0062104, , , , , , , , , , , , , , , , , , , , , , , , , , , , 
19.4104038, 0.0229953, , , , , , , 19.4104038, -0.0417945, , , , , , , 19.4104038, -0.0159457, , , , , , , 19.4104038, 0.0048676, , , , , , , , , , , , , , , , , , , , , , , , , , , , 
19.4109231, 0.0270237, , , , , , , 19.4109231, -0.0327306, , , , , , , 19.4109231, -0.0157778, , , , , , , 19.4109231, 0.002182, , , , , , , , , , , , , , , , , , , , , , , , , , , , 
19.4114423, 0.0307164, , , , , , , 19.4114423, -0.0224918, , , , , , , 19.4114423, -0.0159457, , , , , , , 19.4114423, -0.005539, , , , , , , , , , , , , , , , , , , , , , , , , , , , 
19.4119615, 0.0327306, , , , , , , 19.4119615, -0.010071, , , , , , , 19.4119615, -0.0157778, , , , , , , 19.4119615, -0.012253, , , , , , , , , , , , , , , , , , , , , , , , , , , , 
19.4124808, 0.0320592, , , , , , , 19.4124808, -0.0008392, , , , , , , 19.4124808, -0.0154421, , , , , , , 19.4124808, -0.0162814, , , , , , , , , , , , , , , , , , , , , , , , , , , , 
19.413, 0.0330663, , , , , , , 19.413, -0.0028534, , , , , , , 19.413, -0.0152743, , , , , , , 19.413, -0.018967, , , , , , , , , , , , , , , , , , , , , , , , , , , , 
19.4135192, 0.0360876, , , , , , , 19.4135192, -0.0109102, , , , , , , 19.4135192, -0.0135958, , , , , , , 19.4135192, -0.021149, , , , , , , , , , , , , , , , , , , , , , , , , , , , 
19.4140385, 0.0387732, , , , , , , 19.4140385, -0.0146029, , , , , , , 19.4140385, -0.0102388, , , , , , , 19.4140385, -0.0206455, , , , , , , , , , , , , , , , , , , , , , , , , , , , 
19.4145577, 0.0370947, , , , , , , 19.4145577, -0.0169528, , , , , , , 19.4145577, -0.0085603, , , , , , , 19.4145577, -0.0142672, , , , , , , , , , , , , , , , , , , , , , , , , , , , 
19.4150769, 0.0327306, , , , , , , 19.4150769, -0.0198062, , , , , , , 19.4150769, -0.0058747, , , , , , , 19.4150769, -0.0052033, , , , , , , , , , , , , , , , , , , , , , , , , , , , 
19.4155962, 0.0292058, , , , , , , 19.4155962, -0.0184634, , , , , , , 19.4155962, -0.0043641, , , , , , , 19.4155962, 0.005539, , , , , , , , , , , , , , , , , , , , , , , , , , , , 
19.4161154, 0.0293736, , , , , , , 19.4161154, -0.0129244, , , , , , , 19.4161154, -0.0031891, , , , , , , 19.4161154, 0.0132601, , , , , , , , , , , , , , , , , , , , , , , , , , , , 
19.4166346, 0.0253452, , , , , , , 19.4166346, -0.008896, , , , , , , 19.4166346, -0.0025177, , , , , , , 19.4166346, 0.0186313, , , , , , , , , , , , , , , , , , , , , , , , , , , , 
19.4171538, 0.0139315, , , , , , , 19.4171538, -0.0068818, , , , , , , 19.4171538, -0.0041962, , , , , , , 19.4171538, 0.0260166, , , , , , , , , , , , , , , , , , , , , , , , , , , , 
19.4176731, 0.0077211, , , , , , , 19.4176731, -0.002182, , , , , , , 19.4176731, -0.0045319, , , , , , , 19.4176731, 0.0345769, , , , , , , , , , , , , , , , , , , , , , , , , , , , 
19.4181923, 0.0045319, , , , , , , 19.4181923, 0.0035248, , , , , , , 19.4181923, -0.0030213, , , , , , , 19.4181923, 0.0387732, , , , , , , , , , , , , , , , , , , , , , , , , , , , 
19.4187115, -0.002182, , , , , , , 19.4187115, 0.0038605, , , , , , , 19.4187115, -0.0043641, , , , , , , 19.4187115, 0.0428016, , , , , , , , , , , , , , , , , , , , , , , , , , , , 
19.4192308, -0.0075532, , , , , , , 19.4192308, -0.0015106, , , , , , , 19.4192308, -0.0041962, , , , , , , 19.4192308, 0.0451514, , , , , , , , , , , , , , , , , , , , , , , , , , , , 
19.41975, -0.0095674, , , , , , , 19.41975, -0.0072175, , , , , , , 19.41975, -0.0020142, , , , , , , 19.41975, 0.0446479, , , , , , , , , , , , , , , , , , , , , , , , , , , , 
19.4202692, -0.011078, , , , , , , 19.4202692, -0.0115816, , , , , , , 19.4202692, -0.0010071, , , , , , , 19.4202692, 0.0475013, , , , , , , , , , , , , , , , , , , , , , , , , , , , 
19.4207885, -0.0099031, , , , , , , 19.4207885, -0.0125887, , , , , , , 19.4207885, 0.002182, , , , , , , 19.4207885, 0.0491798, , , , , , , , , , , , , , , , , , , , , , , , , , , , 
19.4213077, -0.0099031, , , , , , , 19.4213077, -0.012253, , , , , , , 19.4213077, 0.0077211, , , , , , , 19.4213077, 0.0451514, , , , , , , , , , , , , , , , , , , , , , , , , , , , 
19.4218269, -0.0075532, , , , , , , 19.4218269, -0.0109102, , , , , , , 19.4218269, 0.0105745, , , , , , , 19.4218269, 0.0365911, , , , , , , , , , , , , , , , , , , , , , , , , , , , 
19.4223462, -0.003357, , , , , , , 19.4223462, -0.0087282, , , , , , , 19.4223462, 0.0085603, , , , , , , 19.4223462, 0.0287022, , , , , , , , , , , , , , , , , , , , , , , , , , , , 
19.4228654, 0.0048676, , , , , , , 19.4228654, -0.008896, , , , , , , 19.4228654, 0.0038605, , , , , , , 19.4228654, 0.0216526, , , , , , , , , , , , , , , , , , , , , , , , , , , , 
19.4233846, 0.0171206, , , , , , , 19.4233846, -0.0105745, , , , , , , 19.4233846, -0.0008392, , , , , , , 19.4233846, 0.0140993, , , , , , , , , , , , , , , , , , , , , , , , , , , , 
19.4239038, 0.0288701, , , , , , , 19.4239038, -0.012253, , , , , , , 19.4239038, -0.0041962, , , , , , , 19.4239038, 0.0058747, , , , , , , , , , , , , , , , , , , , , , , , , , , , 
19.4244231, 0.0290379, , , , , , , 19.4244231, -0.012253, , , , , , , 19.4244231, -0.0068818, , , , , , , 19.4244231, -0.0008392, , , , , , , , , , , , , , , , , , , , , , , , , , , , 
19.4249423, 0.0246738, , , , , , , 19.4249423, -0.0083925, , , , , , , 19.4249423, -0.0072175, , , , , , , 19.4249423, -0.0018463, , , , , , , , , , , , , , , , , , , , , , , , , , , , 
19.4254615, 0.023331, , , , , , , 19.4254615, -0.005539, , , , , , , 19.4254615, -0.008896, , , , , , , 19.4254615, 0.0015106, , , , , , , , , , , , , , , , , , , , , , , , , , , , 
19.4259808, 0.0223239, , , , , , , 19.4259808, -0.0036927, , , , , , , 19.4259808, -0.0082246, , , , , , , 19.4259808, 0.0015106, , , , , , , , , , , , , , , , , , , , , , , , , , , , 
19.4265, 0.0203098, , , , , , , 19.4265, -0.0011749, , , , , , , 19.4265, -0.0062104, , , , , , , 19.4265, -0.0025177, , , , , , , , , , , , , , , , , , , , , , , , , , , , 
19.4270192, 0.0193027, , , , , , , 19.4270192, -0.0005035, , , , , , , 19.4270192, -0.0041962, , , , , , , 19.4270192, -0.0058747, , , , , , , , , , , , , , , , , , , , , , , , , , , , 
19.4275385, 0.0186313, , , , , , , 19.4275385, -0.0046998, , , , , , , 19.4275385, -0.002182, , , , , , , 19.4275385, -0.0082246, , , , , , , , , , , , , , , , , , , , , , , , , , , , 
19.4280577, 0.0169528, , , , , , , 19.4280577, -0.0109102, , , , , , , 19.4280577, -0.0041962, , , , , , , 19.4280577, -0.0112459, , , , , , , , , , , , , , , , , , , , , , , , , , , , 
19.4285769, 0.0169528, , , , , , , 19.4285769, -0.0132601, , , , , , , 19.4285769, -0.0058747, , , , , , , 19.4285769, -0.0119173, , , , , , , , , , , , , , , , , , , , , , , , , , , , 
19.4290962, 0.0146029, , , , , , , 19.4290962, -0.012253, , , , , , , 19.4290962, -0.0058747, , , , , , , 19.4290962, -0.0099031, , , , , , , , , , , , , , , , , , , , , , , , , , , , 
19.4296154, 0.0078889, , , , , , , 19.4296154, -0.0129244, , , , , , , 19.4296154, -0.0063783, , , , , , , 19.4296154, -0.008896, , , , , , , , , , , , , , , , , , , , , , , , , , , , 
19.4301346, 0.0025177, , , , , , , 19.4301346, -0.0117494, , , , , , , 19.4301346, -0.0068818, , , , , , , 19.4301346, -0.0082246, , , , , , , , , , , , , , , , , , , , , , , , , , , , 
19.4306538, 0.0031891, , , , , , , 19.4306538, -0.0068818, , , , , , , 19.4306538, -0.0062104, , , , , , , 19.4306538, -0.0112459, , , , , , , , , , , , , , , , , , , , , , , , , , , , 
19.4311731, 0.0045319, , , , , , , 19.4311731, -0.0031891, , , , , , , 19.4311731, -0.0058747, , , , , , , 19.4311731, -0.018967, , , , , , , , , , , , , , , , , , , , , , , , , , , , 
19.4316923, 0.0090639, , , , , , , 19.4316923, -0.003357, , , , , , , 19.4316923, -0.0062104, , , , , , , 19.4316923, -0.0263523, , , , , , , , , , , , , , , , , , , , , , , , , , , , 
19.4322115, 0.0179599, , , , , , , 19.4322115, -0.0050355, , , , , , , 19.4322115, -0.0068818, , , , , , , 19.4322115, -0.0292058, , , , , , , , , , , , , , , , , , , , , , , , , , , , 
19.4327308, 0.0253452, , , , , , , 19.4327308, -0.0030213, , , , , , , 19.4327308, -0.0068818, , , , , , , 19.4327308, -0.0297093, , , , , , , , , , , , , , , , , , , , , , , , , , , , 
19.43325, 0.0260166, , , , , , , 19.43325, -0.0015106, , , , , , , 19.43325, -0.0072175, , , , , , , 19.43325, -0.027863, , , , , , , , , , , , , , , , , , , , , , , , , , , , 
19.4337692, 0.0256809, , , , , , , 19.4337692, -0.0005035, , , , , , , 19.4337692, -0.0095674, , , , , , , 19.4337692, -0.0229953, , , , , , , , , , , , , , , , , , , , , , , , , , , , 
19.4342885, 0.0307164, , , , , , , 19.4342885, -0.0001678, , , , , , , 19.4342885, -0.0109102, , , , , , , 19.4342885, -0.0176242, , , , , , , , , , , , , , , , , , , , , , , , , , , , 
19.4348077, 0.030045, , , , , , , 19.4348077, -0.0001678, , , , , , , 19.4348077, -0.0092317, , , , , , , 19.4348077, -0.0095674, , , , , , , , , , , , , , , , , , , , , , , , , , , , 
19.4353269, 0.0234989, , , , , , , 19.4353269, 0.0008392, , , , , , , 19.4353269, -0.0078889, , , , , , , 19.4353269, 0.0005035, , , , , , , , , , , , , , , , , , , , , , , , , , , , 
19.4358462, 0.0166171, , , , , , , 19.4358462, -0.0008392, , , , , , , 19.4358462, -0.0075532, , , , , , , 19.4358462, 0.0099031, , , , , , , , , , , , , , , , , , , , , , , , , , , , 
19.4363654, 0.0162814, , , , , , , 19.4363654, -0.0018463, , , , , , , 19.4363654, -0.0075532, , , , , , , 19.4363654, 0.0179599, , , , , , , , , , , , , , , , , , , , , , , , , , , , 
19.4368846, 0.0204776, , , , , , , 19.4368846, -0.0031891, , , , , , , 19.4368846, -0.0063783, , , , , , , 19.4368846, 0.0256809, , , , , , , , , , , , , , , , , , , , , , , , , , , , 
19.4374038, 0.0203098, , , , , , , 19.4374038, -0.0052033, , , , , , , 19.4374038, -0.0065461, , , , , , , 19.4374038, 0.0327306, , , , , , , , , , , , , , , , , , , , , , , , , , , , 
19.4379231, 0.0152743, , , , , , , 19.4379231, -0.0058747, , , , , , , 19.4379231, -0.0095674, , , , , , , 19.4379231, 0.0407874, , , , , , , , , , , , , , , , , , , , , , , , , , , , 
19.4384423, 0.0072175, , , , , , , 19.4384423, -0.005539, , , , , , , 19.4384423, -0.0112459, , , , , , , 19.4384423, 0.0522011, , , , , , , , , , , , , , , , , , , , , , , , , , , , 
19.4389615, 0.0038605, , , , , , , 19.4389615, -0.0045319, , , , , , , 19.4389615, -0.0095674, , , , , , , 19.4389615, 0.0629435, , , , , , , , , , , , , , , , , , , , , , , , , , , , 
19.4394808, -0.0008392, , , , , , , 19.4394808, -0.0048676, , , , , , , 19.4394808, -0.0085603, , , , , , , 19.4394808, 0.0647898, , , , , , , , , , , , , , , , , , , , , , , , , , , , 
19.44, -0.0112459, , , , , , , 19.44, -0.0041962, , , , , , , 19.44, -0.0058747, , , , , , , 19.44, 0.0654612, , , , , , , , , , , , , , , , , , , , , , , , , , , , 
19.4405192, -0.0196384, , , , , , , 19.4405192, -0.0041962, , , , , , , 19.4405192, -0.0031891, , , , , , , 19.4405192, 0.0666361, , , , , , , , , , , , , , , , , , , , , , , , , , , , 
19.4410385, -0.0184634, , , , , , , 19.4410385, -0.0031891, , , , , , , 19.4410385, 0.0003357, , , , , , , 19.4410385, 0.0626078, , , , , , , , , , , , , , , , , , , , , , , , , , , , 
19.4415577, -0.0112459, , , , , , , 19.4415577, -0.0016785, , , , , , , 19.4415577, 0.002182, , , , , , , 19.4415577, 0.0518654, , , , , , , , , , , , , , , , , , , , , , , , , , , , 
19.4420769, -0.0015106, , , , , , , 19.4420769, -0.0001678, , , , , , , 19.4420769, 0.0025177, , , , , , , 19.4420769, 0.0417945, , , , , , , , , , , , , , , , , , , , , , , , , , , , 
19.4425962, 0.0072175, , , , , , , 19.4425962, -0.002182, , , , , , , 19.4425962, 0.0011749, , , , , , , 19.4425962, 0.0360876, , , , , , , , , , , , , , , , , , , , , , , , , , , , 
19.4431154, 0.0152743, , , , , , , 19.4431154, -0.0041962, , , , , , , 19.4431154, -0.0005035, , , , , , , 19.4431154, 0.0293736, , , , , , , , , , , , , , , , , , , , , , , , , , , , 
19.4436346, 0.0253452, , , , , , , 19.4436346, -0.0030213, , , , , , , 19.4436346, -0.0031891, , , , , , , 19.4436346, 0.0203098, , , , , , , , , , , , , , , , , , , , , , , , , , , , 
19.4441538, 0.0327306, , , , , , , 19.4441538, -0.0025177, , , , , , , 19.4441538, -0.005539, , , , , , , 19.4441538, 0.0125887, , , , , , , , , , , , , , , , , , , , , , , , , , , , 
19.4446731, 0.0364233, , , , , , , 19.4446731, -0.0048676, , , , , , , 19.4446731, -0.0077211, , , , , , , 19.4446731, 0.0092317, , , , , , , , , , , , , , , , , , , , , , , , , , , , 
19.4451923, 0.036759, , , , , , , 19.4451923, -0.0068818, , , , , , , 19.4451923, -0.0119173, , , , , , , 19.4451923, 0.008896, , , , , , , , , , , , , , , , , , , , , , , , , , , , 
19.4457115, 0.0318914, , , , , , , 19.4457115, -0.008896, , , , , , , 19.4457115, -0.0172885, , , , , , , 19.4457115, 0.0065461, , , , , , , , , , , , , , , , , , , , , , , , , , , , 
19.4462308, 0.0243381, , , , , , , 19.4462308, -0.0095674, , , , , , , 19.4462308, -0.021149, , , , , , , 19.4462308, 0.0040284, , , , , , , , , , , , , , , , , , , , , , , , , , , , 
19.44675, 0.0186313, , , , , , , 19.44675, -0.0095674, , , , , , , 19.44675, -0.0226596, , , , , , , 19.44675, 0.0025177, , , , , , , , , , , , , , , , , , , , , , , , , , , , 
19.4472692, 0.018967, , , , , , , 19.4472692, -0.0085603, , , , , , , 19.4472692, -0.0223239, , , , , , , 19.4472692, 0.0036927, , , , , , , , , , , , , , , , , , , , , , , , , , , , 
19.4477885, 0.0209812, , , , , , , 19.4477885, -0.0082246, , , , , , , 19.4477885, -0.0216526, , , , , , , 19.4477885, 0.0065461, , , , , , , , , , , , , , , , , , , , , , , , , , , , 
19.4483077, 0.0253452, , , , , , , 19.4483077, -0.0072175, , , , , , , 19.4483077, -0.0216526, , , , , , , 19.4483077, 0.0092317, , , , , , , , , , , , , , , , , , , , , , , , , , , , 
19.4488269, 0.0293736, , , , , , , 19.4488269, -0.0082246, , , , , , , 19.4488269, -0.0201419, , , , , , , 19.4488269, 0.0097353, , , , , , , , , , , , , , , , , , , , , , , , , , , , 
19.4493462, 0.0243381, , , , , , , 19.4493462, -0.0095674, , , , , , , 19.4493462, -0.0171206, , , , , , , 19.4493462, 0.0078889, , , , , , , , , , , , , , , , , , , , , , , , , , , , 
19.4498654, 0.0146029, , , , , , , 19.4498654, -0.011078, , , , , , , 19.4498654, -0.0172885, , , , , , , 19.4498654, 0.0057069, , , , , , , , , , , , , , , , , , , , , , , , , , , , 
19.4503846, 0.008896, , , , , , , 19.4503846, -0.0130922, , , , , , , 19.4503846, -0.01561, , , , , , , 19.4503846, 0.0028534, , , , , , , , , , , , , , , , , , , , , , , , , , , , 
19.4509038, 0.0105745, , , , , , , 19.4509038, -0.0146029, , , , , , , 19.4509038, -0.0135958, , , , , , , 19.4509038, -0.0030213, , , , , , , , , , , , , , , , , , , , , , , , , , , , 
19.4514231, 0.0159457, , , , , , , 19.4514231, -0.0169528, , , , , , , 19.4514231, -0.0109102, , , , , , , 19.4514231, -0.0112459, , , , , , , , , , , , , , , , , , , , , , , , , , , , 
19.4519423, 0.0263523, , , , , , , 19.4519423, -0.0162814, , , , , , , 19.4519423, -0.0082246, , , , , , , 19.4519423, -0.017792, , , , , , , , , , , , , , , , , , , , , , , , , , , , 
19.4524615, 0.036759, , , , , , , 19.4524615, -0.0124208, , , , , , , 19.4524615, -0.0062104, , , , , , , 19.4524615, -0.0209812, , , , , , , , , , , , , , , , , , , , , , , , , , , , 
19.4529808, 0.0426337, , , , , , , 19.4529808, -0.0068818, , , , , , , 19.4529808, -0.0041962, , , , , , , 19.4529808, -0.0221561, , , , , , , , , , , , , , , , , , , , , , , , , , , , 
19.4535, 0.0428016, , , , , , , 19.4535, -0.0038605, , , , , , , 19.4535, -0.0043641, , , , , , , 19.4535, -0.0236667, , , , , , , , , , , , , , , , , , , , , , , , , , , , 
19.4540192, 0.0461585, , , , , , , 19.4540192, -0.0041962, , , , , , , 19.4540192, -0.0095674, , , , , , , 19.4540192, -0.0229953, , , , , , , , , , , , , , , , , , , , , , , , , , , , 
19.4545385, 0.0488441, , , , , , , 19.4545385, -0.0048676, , , , , , , 19.4545385, -0.0125887, , , , , , , 19.4545385, -0.0157778, , , , , , , , , , , , , , , , , , , , , , , , , , , , 
19.4550577, 0.0441444, , , , , , , 19.4550577, -0.0072175, , , , , , , 19.4550577, -0.0129244, , , , , , , 19.4550577, -0.0048676, , , , , , , , , , , , , , , , , , , , , , , , , , , , 
19.4555769, 0.0360876, , , , , , , 19.4555769, -0.0085603, , , , , , , 19.4555769, -0.0102388, , , , , , , 19.4555769, 0.0057069, , , , , , , , , , , , , , , , , , , , , , , , , , , , 
19.4560962, 0.0250095, , , , , , , 19.4560962, -0.010071, , , , , , , 19.4560962, -0.005539, , , , , , , 19.4560962, 0.0132601, , , , , , , , , , , , , , , , , , , , , , , , , , , , 
19.4566154, 0.0146029, , , , , , , 19.4566154, -0.0135958, , , , , , , 19.4566154, -0.0005035, , , , , , , 19.4566154, 0.0199741, , , , , , , , , , , , , , , , , , , , , , , , , , , , 
19.4571346, 0.0085603, , , , , , , 19.4571346, -0.0162814, , , , , , , 19.4571346, 0.0035248, , , , , , , 19.4571346, 0.0280308, , , , , , , , , , , , , , , , , , , , , , , , , , , , 
19.4576538, 0.0031891, , , , , , , 19.4576538, -0.01561, , , , , , , 19.4576538, 0.0045319, , , , , , , 19.4576538, 0.0377661, , , , , , , , , , , , , , , , , , , , , , , , , , , , 
19.4581731, -0.0028534, , , , , , , 19.4581731, -0.0135958, , , , , , , 19.4581731, 0.0038605, , , , , , , 19.4581731, 0.0449836, , , , , , , , , , , , , , , , , , , , , , , , , , , , 
19.4586923, -0.0085603, , , , , , , 19.4586923, -0.0112459, , , , , , , 19.4586923, 0.0048676, , , , , , , 19.4586923, 0.0498512, , , , , , , , , , , , , , , , , , , , , , , , , , , , 
19.4592115, -0.01561, , , , , , , 19.4592115, -0.0075532, , , , , , , 19.4592115, 0.0028534, , , , , , , 19.4592115, 0.0553902, , , , , , , , , , , , , , , , , , , , , , , , , , , , 
19.4597308, -0.0226596, , , , , , , 19.4597308, -0.0053712, , , , , , , 19.4597308, -0.0001678, , , , , , , 19.4597308, 0.0609293, , , , , , , , , , , , , , , , , , , , , , , , , , , , 
19.46025, -0.0283665, , , , , , , 19.46025, -0.005539, , , , , , , 19.46025, -0.0048676, , , , , , , 19.46025, 0.0629435, , , , , , , , , , , , , , , , , , , , , , , , , , , , 
19.4607692, -0.0293736, , , , , , , 19.4607692, -0.005539, , , , , , , 19.4607692, -0.0072175, , , , , , , 19.4607692, 0.0595865, , , , , , , , , , , , , , , , , , , , , , , , , , , , 
19.4612885, -0.0236667, , , , , , , 19.4612885, -0.005539, , , , , , , 19.4612885, -0.0072175, , , , , , , 19.4612885, 0.0518654, , , , , , , , , , , , , , , , , , , , , , , , , , , , 
19.4618077, -0.0276951, , , , , , , 19.4618077, -0.005539, , , , , , , 19.4618077, -0.0058747, , , , , , , 19.4618077, 0.0441444, , , , , , , , , , , , , , , , , , , , , , , , , , , , 
19.4623269, -0.0327306, , , , , , , 19.4623269, -0.0048676, , , , , , , 19.4623269, -0.0058747, , , , , , , 19.4623269, 0.0374304, , , , , , , , , , , , , , , , , , , , , , , , , , , , 
19.4628462, -0.0320592, , , , , , , 19.4628462, -0.0045319, , , , , , , 19.4628462, -0.0112459, , , , , , , 19.4628462, 0.0293736, , , , , , , , , , , , , , , , , , , , , , , , , , , , 
19.4633654, -0.0280308, , , , , , , 19.4633654, -0.0068818, , , , , , , 19.4633654, -0.0176242, , , , , , , 19.4633654, 0.0243381, , , , , , , , , , , , , , , , , , , , , , , , , , , , 
19.4638846, -0.0182956, , , , , , , 19.4638846, -0.0105745, , , , , , , 19.4638846, -0.0213169, , , , , , , 19.4638846, 0.0223239, , , , , , , , , , , , , , , , , , , , , , , , , , , , 
19.4644038, -0.0016785, , , , , , , 19.4644038, -0.0105745, , , , , , , 19.4644038, -0.0203098, , , , , , , 19.4644038, 0.0186313, , , , , , , , , , , , , , , , , , , , , , , , , , , , 
19.4649231, 0.0132601, , , , , , , 19.4649231, -0.0068818, , , , , , , 19.4649231, -0.0142672, , , , , , , 19.4649231, 0.010071, , , , , , , , , , , , , , , , , , , , , , , , , , , , 
19.4654423, 0.0250095, , , , , , , 19.4654423, -0.0035248, , , , , , , 19.4654423, -0.0092317, , , , , , , 19.4654423, 0.0048676, , , , , , , , , , , , , , , , , , , , , , , , , , , , 
19.4659615, 0.0345769, , , , , , , 19.4659615, -0.0016785, , , , , , , 19.4659615, -0.0090639, , , , , , , 19.4659615, 0.0035248, , , , , , , , , , , , , , , , , , , , , , , , , , , , 
19.4664808, 0.0412909, , , , , , , 19.4664808, -0.0008392, , , , , , , 19.4664808, -0.0129244, , , , , , , 19.4664808, 0.0006714, , , , , , , , , , , , , , , , , , , , , , , , , , , , 
19.467, 0.0441444, , , , , , , 19.467, -0.002182, , , , , , , 19.467, -0.0132601, , , , , , , 19.467, -0.0041962, , , , , , , , , , , , , , , , , , , , , , , , , , , , 
19.4675192, 0.043473, , , , , , , 19.4675192, -0.0052033, , , , , , , 19.4675192, -0.0099031, , , , , , , 19.4675192, -0.0099031, , , , , , , , , , , , , , , , , , , , , , , , , , , , 
19.4680385, 0.0419623, , , , , , , 19.4680385, -0.0068818, , , , , , , 19.4680385, -0.0078889, , , , , , , 19.4680385, -0.0124208, , , , , , , , , , , , , , , , , , , , , , , , , , , , 
19.4685577, 0.0377661, , , , , , , 19.4685577, -0.0085603, , , , , , , 19.4685577, -0.0075532, , , , , , , 19.4685577, -0.0102388, , , , , , , , , , , , , , , , , , , , , , , , , , , , 
19.4690769, 0.027863, , , , , , , 19.4690769, -0.0115816, , , , , , , 19.4690769, -0.0068818, , , , , , , 19.4690769, -0.005539, , , , , , , , , , , , , , , , , , , , , , , , , , , , 
19.4695962, 0.0172885, , , , , , , 19.4695962, -0.0139315, , , , , , , 19.4695962, -0.0048676, , , , , , , 19.4695962, 0.0003357, , , , , , , , , , , , , , , , , , , , , , , , , , , , 
19.4701154, 0.0112459, , , , , , , 19.4701154, -0.0142672, , , , , , , 19.4701154, -0.0043641, , , , , , , 19.4701154, 0.0035248, , , , , , , , , , , , , , , , , , , , , , , , , , , , 
19.4706346, 0.0068818, , , , , , , 19.4706346, -0.0112459, , , , , , , 19.4706346, -0.0041962, , , , , , , 19.4706346, 0.0011749, , , , , , , , , , , , , , , , , , , , , , , , , , , , 
19.4711538, 0.0052033, , , , , , , 19.4711538, -0.0112459, , , , , , , 19.4711538, -0.0052033, , , , , , , 19.4711538, -0.0085603, , , , , , , , , , , , , , , , , , , , , , , , , , , , 
19.4716731, 0.0129244, , , , , , , 19.4716731, -0.0132601, , , , , , , 19.4716731, -0.0075532, , , , , , , 19.4716731, -0.0209812, , , , , , , , , , , , , , , , , , , , , , , , , , , , 
19.4721923, 0.0203098, , , , , , , 19.4721923, -0.0140993, , , , , , , 19.4721923, -0.0102388, , , , , , , 19.4721923, -0.0276951, , , , , , , , , , , , , , , , , , , , , , , , , , , , 
19.4727115, 0.0275273, , , , , , , 19.4727115, -0.0135958, , , , , , , 19.4727115, -0.0104067, , , , , , , 19.4727115, -0.0303807, , , , , , , , , , , , , , , , , , , , , , , , , , , , 
19.4732308, 0.0374304, , , , , , , 19.4732308, -0.0129244, , , , , , , 19.4732308, -0.0095674, , , , , , , 19.4732308, -0.0290379, , , , , , , , , , , , , , , , , , , , , , , , , , , , 
19.47375, 0.0414588, , , , , , , 19.47375, -0.0125887, , , , , , , 19.47375, -0.008896, , , , , , , 19.47375, -0.0250095, , , , , , , , , , , , , , , , , , , , , , , , , , , , 
19.4742692, 0.0386053, , , , , , , 19.4742692, -0.0124208, , , , , , , 19.4742692, -0.008896, , , , , , , 19.4742692, -0.0219883, , , , , , , , , , , , , , , , , , , , , , , , , , , , 
19.4747885, 0.0337377, , , , , , , 19.4747885, -0.0097353, , , , , , , 19.4747885, -0.0109102, , , , , , , 19.4747885, -0.0176242, , , , , , , , , , , , , , , , , , , , , , , , , , , , 
19.4753077, 0.023331, , , , , , , 19.4753077, -0.0038605, , , , , , , 19.4753077, -0.0139315, , , , , , , 19.4753077, -0.0109102, , , , , , , , , , , , , , , , , , , , , , , , , , , , 
19.4758269, 0.0112459, , , , , , , 19.4758269, 0.0018463, , , , , , , 19.4758269, -0.0132601, , , , , , , 19.4758269, -0.0048676, , , , , , , , , , , , , , , , , , , , , , , , , , , , 
19.4763462, 0.010071, , , , , , , 19.4763462, 0.0016785, , , , , , , 19.4763462, -0.0109102, , , , , , , 19.4763462, 0.0016785, , , , , , , , , , , , , , , , , , , , , , , , , , , , 
19.4768654, 0.0193027, , , , , , , 19.4768654, -0.0008392, , , , , , , 19.4768654, -0.0105745, , , , , , , 19.4768654, 0.0102388, , , , , , , , , , , , , , , , , , , , , , , , , , , , 
19.4773846, 0.0293736, , , , , , , 19.4773846, -0.0003357, , , , , , , 19.4773846, -0.0132601, , , , , , , 19.4773846, 0.0206455, , , , , , , , , , , , , , , , , , , , , , , , , , , , 
19.4779038, 0.0357519, , , , , , , 19.4779038, 0.0031891, , , , , , , 19.4779038, -0.01561, , , , , , , 19.4779038, 0.0313878, , , , , , , , , , , , , , , , , , , , , , , , , , , , 
19.4784231, 0.0354162, , , , , , , 19.4784231, 0.0045319, , , , , , , 19.4784231, -0.0142672, , , , , , , 19.4784231, 0.0404517, , , , , , , , , , , , , , , , , , , , , , , , , , , , 
19.4789423, 0.0320592, , , , , , , 19.4789423, 0.006714, , , , , , , 19.4789423, -0.0109102, , , , , , , 19.4789423, 0.0488441, , , , , , , , , , , , , , , , , , , , , , , , , , , , 
19.4794615, 0.0280308, , , , , , , 19.4794615, 0.0090639, , , , , , , 19.4794615, -0.0092317, , , , , , , 19.4794615, 0.0560616, , , , , , , , , , , , , , , , , , , , , , , , , , , , 
19.4799808, 0.0172885, , , , , , , 19.4799808, 0.008896, , , , , , , 19.4799808, -0.0075532, , , , , , , 19.4799808, 0.0616007, , , , , , , , , , , , , , , , , , , , , , , , , , , , 
19.4805, 0.0011749, , , , , , , 19.4805, 0.0048676, , , , , , , 19.4805, -0.0068818, , , , , , , 19.4805, 0.0622721, , , , , , , , , , , , , , , , , , , , , , , , , , , , 
19.4810192, -0.0115816, , , , , , , 19.4810192, 0.0008392, , , , , , , 19.4810192, -0.0068818, , , , , , , 19.4810192, 0.0562295, , , , , , , , , , , , , , , , , , , , , , , , , , , , 
19.4815385, -0.0169528, , , , , , , 19.4815385, 0.002182, , , , , , , 19.4815385, -0.0062104, , , , , , , 19.4815385, 0.0473335, , , , , , , , , , , , , , , , , , , , , , , , , , , , 
19.4820577, -0.014435, , , , , , , 19.4820577, 0.008896, , , , , , , 19.4820577, -0.005539, , , , , , , 19.4820577, 0.0360876, , , , , , , , , , , , , , , , , , , , , , , , , , , , 
19.4825769, -0.0099031, , , , , , , 19.4825769, 0.0129244, , , , , , , 19.4825769, -0.005539, , , , , , , 19.4825769, 0.0276951, , , , , , , , , , , , , , , , , , , , , , , , , , , , 
19.4830962, -0.0102388, , , , , , , 19.4830962, 0.0095674, , , , , , , 19.4830962, -0.0052033, , , , , , , 19.4830962, 0.0223239, , , , , , , , , , , , , , , , , , , , , , , , , , , , 
19.4836154, -0.0115816, , , , , , , 19.4836154, 0.0001678, , , , , , , 19.4836154, -0.0048676, , , , , , , 19.4836154, 0.0193027, , , , , , , , , , , , , , , , , , , , , , , , , , , , 
19.4841346, -0.0092317, , , , , , , 19.4841346, -0.0115816, , , , , , , 19.4841346, -0.0035248, , , , , , , 19.4841346, 0.0157778, , , , , , , , , , , , , , , , , , , , , , , , , , , , 
19.4846538, -0.0041962, , , , , , , 19.4846538, -0.0223239, , , , , , , 19.4846538, -0.0038605, , , , , , , 19.4846538, 0.0117494, , , , , , , , , , , , , , , , , , , , , , , , , , , , 
19.4851731, -0.0058747, , , , , , , 19.4851731, -0.0287022, , , , , , , 19.4851731, -0.0043641, , , , , , , 19.4851731, 0.0105745, , , , , , , , , , , , , , , , , , , , , , , , , , , , 
19.4856923, -0.0077211, , , , , , , 19.4856923, -0.0325628, , , , , , , 19.4856923, -0.0052033, , , , , , , 19.4856923, 0.0112459, , , , , , , , , , , , , , , , , , , , , , , , , , , , 
19.4862115, -0.0082246, , , , , , , 19.4862115, -0.0370947, , , , , , , 19.4862115, -0.0062104, , , , , , , 19.4862115, 0.0115816, , , , , , , , , , , , , , , , , , , , , , , , , , , , 
19.4867308, -0.0092317, , , , , , , 19.4867308, -0.0384375, , , , , , , 19.4867308, -0.0072175, , , , , , , 19.4867308, 0.0115816, , , , , , , , , , , , , , , , , , , , , , , , , , , , 
19.48725, -0.0041962, , , , , , , 19.48725, -0.0364233, , , , , , , 19.48725, -0.0062104, , , , , , , 19.48725, 0.0102388, , , , , , , , , , , , , , , , , , , , , , , , , , , , 
19.4877692, 0.0068818, , , , , , , 19.4877692, -0.030045, , , , , , , 19.4877692, -0.0035248, , , , , , , 19.4877692, 0.0087282, , , , , , , , , , , , , , , , , , , , , , , , , , , , 
19.4882885, 0.0162814, , , , , , , 19.4882885, -0.0263523, , , , , , , 19.4882885, 0.0001678, , , , , , , 19.4882885, 0.0075532, , , , , , , , , , , , , , , , , , , , , , , , , , , , 
19.4888077, 0.0199741, , , , , , , 19.4888077, -0.0256809, , , , , , , 19.4888077, -0.0001678, , , , , , , 19.4888077, 0.0092317, , , , , , , , , , , , , , , , , , , , , , , , , , , , 
19.4893269, 0.0226596, , , , , , , 19.4893269, -0.0219883, , , , , , , 19.4893269, -0.0016785, , , , , , , 19.4893269, 0.0082246, , , , , , , , , , , , , , , , , , , , , , , , , , , , 
19.4898462, 0.0260166, , , , , , , 19.4898462, -0.01561, , , , , , , 19.4898462, -0.002182, , , , , , , 19.4898462, 0.0048676, , , , , , , , , , , , , , , , , , , , , , , , , , , , 
19.4903654, 0.026688, , , , , , , 19.4903654, -0.0115816, , , , , , , 19.4903654, -0.0072175, , , , , , , 19.4903654, 0.0038605, , , , , , , , , , , , , , , , , , , , , , , , , , , , 
19.4908846, 0.0287022, , , , , , , 19.4908846, -0.0072175, , , , , , , 19.4908846, -0.0151064, , , , , , , 19.4908846, -0.0001678, , , , , , , , , , , , , , , , , , , , , , , , , , , , 
19.4914038, 0.0310521, , , , , , , 19.4914038, -0.0023499, , , , , , , 19.4914038, -0.0203098, , , , , , , 19.4914038, -0.0105745, , , , , , , , , , , , , , , , , , , , , , , , , , , , 
19.4919231, 0.0327306, , , , , , , 19.4919231, 0.0015106, , , , , , , 19.4919231, -0.0199741, , , , , , , 19.4919231, -0.0182956, , , , , , , , , , , , , , , , , , , , , , , , , , , , 
19.4924423, 0.0360876, , , , , , , 19.4924423, 0.0011749, , , , , , , 19.4924423, -0.018967, , , , , , , 19.4924423, -0.0209812, , , , , , , , , , , , , , , , , , , , , , , , , , , , 
19.4929615, 0.0381018, , , , , , , 19.4929615, -0.0016785, , , , , , , 19.4929615, -0.0169528, , , , , , , 19.4929615, -0.0243381, , , , , , , , , , , , , , , , , , , , , , , , , , , , 
19.4934808, 0.0387732, , , , , , , 19.4934808, -0.0028534, , , , , , , 19.4934808, -0.0112459, , , , , , , 19.4934808, -0.0263523, , , , , , , , , , , , , , , , , , , , , , , , , , , , 
19.494, 0.036759, , , , , , , 19.494, -0.0045319, , , , , , , 19.494, -0.0062104, , , , , , , 19.494, -0.0243381, , , , , , , , , , , , , , , , , , , , , , , , , , , , 
19.4945192, 0.0313878, , , , , , , 19.4945192, -0.0068818, , , , , , , 19.4945192, -0.0028534, , , , , , , 19.4945192, -0.0193027, , , , , , , , , , , , , , , , , , , , , , , , , , , , 
19.4950385, 0.024506, , , , , , , 19.4950385, -0.0070497, , , , , , , 19.4950385, 0.0008392, , , , , , , 19.4950385, -0.0119173, , , , , , , , , , , , , , , , , , , , , , , , , , , , 
19.4955577, 0.0166171, , , , , , , 19.4955577, -0.0058747, , , , , , , 19.4955577, 0.0015106, , , , , , , 19.4955577, -0.0048676, , , , , , , , , , , , , , , , , , , , , , , , , , , , 
19.4960769, 0.0124208, , , , , , , 19.4960769, -0.005539, , , , , , , 19.4960769, 0.0001678, , , , , , , 19.4960769, 0.0020142, , , , , , , , , , , , , , , , , , , , , , , , , , , , 
19.4965962, 0.0119173, , , , , , , 19.4965962, -0.0070497, , , , , , , 19.4965962, -0.003357, , , , , , , 19.4965962, 0.0092317, , , , , , , , , , , , , , , , , , , , , , , , , , , , 
19.4971154, 0.0092317, , , , , , , 19.4971154, -0.0119173, , , , , , , 19.4971154, -0.0048676, , , , , , , 19.4971154, 0.0193027, , , , , , , , , , , , , , , , , , , , , , , , , , , , 
19.4976346, -0.0018463, , , , , , , 19.4976346, -0.0171206, , , , , , , 19.4976346, -0.0045319, , , , , , , 19.4976346, 0.0313878, , , , , , , , , , , , , , , , , , , , , , , , , , , , 
19.4981538, -0.0152743, , , , , , , 19.4981538, -0.0176242, , , , , , , 19.4981538, -0.0028534, , , , , , , 19.4981538, 0.0407874, , , , , , , , , , , , , , , , , , , , , , , , , , , , 
19.4986731, -0.0216526, , , , , , , 19.4986731, -0.0164492, , , , , , , 19.4986731, 0.002182, , , , , , , 19.4986731, 0.0453193, , , , , , , , , , , , , , , , , , , , , , , , , , , , 
19.4991923, -0.01561, , , , , , , 19.4991923, -0.0176242, , , , , , , 19.4991923, 0.0035248, , , , , , , 19.4991923, 0.0473335, , , , , , , , , , , , , , , , , , , , , , , , , , , , 
19.4997115, -0.0028534, , , , , , , 19.4997115, -0.0209812, , , , , , , 19.4997115, -0.0010071, , , , , , , 19.4997115, 0.051194, , , , , , , , , , , , , , , , , , , , , , , , , , , , 
19.5002308, 0.0052033, , , , , , , 19.5002308, -0.0231632, , , , , , , 19.5002308, -0.0035248, , , , , , , 19.5002308, 0.0548867, , , , , , , , , , , , , , , , , , , , , , , , , , , , 
19.50075, 0.0077211, , , , , , , 19.50075, -0.0196384, , , , , , , 19.50075, -0.002182, , , , , , , 19.50075, 0.0542153, , , , , , , , , , , , , , , , , , , , , , , , , , , , 
19.5012692, 0.0072175, , , , , , , 19.5012692, -0.0048676, , , , , , , 19.5012692, -0.0001678, , , , , , , 19.5012692, 0.0481727, , , , , , , , , , , , , , , , , , , , , , , , , , , , 
19.5017885, 0.010071, , , , , , , 19.5017885, 0.0146029, , , , , , , 19.5017885, -0.0005035, , , , , , , 19.5017885, 0.040116, , , , , , , , , , , , , , , , , , , , , , , , , , , , 
19.5023077, 0.0072175, , , , , , , 19.5023077, 0.0203098, , , , , , , 19.5023077, 0.0011749, , , , , , , 19.5023077, 0.0350805, , , , , , , , , , , , , , , , , , , , , , , , , , , , 
19.5028269, 0.0109102, , , , , , , 19.5028269, 0.0137636, , , , , , , 19.5028269, 0.0045319, , , , , , , 19.5028269, 0.0313878, , , , , , , , , , , , , , , , , , , , , , , , , , , , 
19.5033462, 0.0218204, , , , , , , 19.5033462, 0.0085603, , , , , , , 19.5033462, 0.0045319, , , , , , , 19.5033462, 0.026688, , , , , , , , , , , , , , , , , , , , , , , , , , , , 
19.5038654, 0.0238346, , , , , , , 19.5038654, 0.0038605, , , , , , , 19.5038654, 0.0045319, , , , , , , 19.5038654, 0.0209812, , , , , , , , , , , , , , , , , , , , , , , , , , , , 
19.5043846, 0.0199741, , , , , , , 19.5043846, -0.005539, , , , , , , 19.5043846, 0.0052033, , , , , , , 19.5043846, 0.0172885, , , , , , , , , , , , , , , , , , , , , , , , , , , , 
19.5049038, 0.0176242, , , , , , , 19.5049038, -0.0129244, , , , , , , 19.5049038, 0.0038605, , , , , , , 19.5049038, 0.0154421, , , , , , , , , , , , , , , , , , , , , , , , , , , , 
19.5054231, 0.0135958, , , , , , , 19.5054231, -0.01561, , , , , , , 19.5054231, -0.0003357, , , , , , , 19.5054231, 0.014435, , , , , , , , , , , , , , , , , , , , , , , , , , , , 
19.5059423, 0.0092317, , , , , , , 19.5059423, -0.01561, , , , , , , 19.5059423, -0.0058747, , , , , , , 19.5059423, 0.012253, , , , , , , , , , , , , , , , , , , , , , , , , , , , 
19.5064615, 0.0109102, , , , , , , 19.5064615, -0.014435, , , , , , , 19.5064615, -0.0109102, , , , , , , 19.5064615, 0.0102388, , , , , , , , , , , , , , , , , , , , , , , , , , , , 
19.5069808, 0.0129244, , , , , , , 19.5069808, -0.0119173, , , , , , , 19.5069808, -0.0137636, , , , , , , 19.5069808, 0.0112459, , , , , , , , , , , , , , , , , , , , , , , , , , , , 
19.5075, 0.0171206, , , , , , , 19.5075, -0.008896, , , , , , , 19.5075, -0.0162814, , , , , , , 19.5075, 0.0129244, , , , , , , , , , , , , , , , , , , , , , , , , , , , 
19.5080192, 0.0219883, , , , , , , 19.5080192, -0.0062104, , , , , , , 19.5080192, -0.0176242, , , , , , , 19.5080192, 0.0152743, , , , , , , , , , , , , , , , , , , , , , , , , , , , 
19.5085385, 0.0258488, , , , , , , 19.5085385, -0.0020142, , , , , , , 19.5085385, -0.0162814, , , , , , , 19.5085385, 0.0172885, , , , , , , , , , , , , , , , , , , , , , , , , , , , 
19.5090577, 0.0280308, , , , , , , 19.5090577, 0.0038605, , , , , , , 19.5090577, -0.01561, , , , , , , 19.5090577, 0.0172885, , , , , , , , , , , , , , , , , , , , , , , , , , , , 
19.5095769, 0.0313878, , , , , , , 19.5095769, 0.0057069, , , , , , , 19.5095769, -0.0162814, , , , , , , 19.5095769, 0.0135958, , , , , , , , , , , , , , , , , , , , , , , , , , , , 
19.5100962, 0.0292058, , , , , , , 19.5100962, 0.0041962, , , , , , , 19.5100962, -0.0206455, , , , , , , 19.5100962, 0.0115816, , , , , , , , , , , , , , , , , , , , , , , , , , , , 
19.5106154, 0.0236667, , , , , , , 19.5106154, 0.002182, , , , , , , 19.5106154, -0.0260166, , , , , , , 19.5106154, 0.0075532, , , , , , , , , , , , , , , , , , , , , , , , , , , , 
19.5111346, 0.0172885, , , , , , , 19.5111346, 0.002182, , , , , , , 19.5111346, -0.0256809, , , , , , , 19.5111346, -0.0028534, , , , , , , , , , , , , , , , , , , , , , , , , , , , 
19.5116538, 0.0124208, , , , , , , 19.5116538, -0.0008392, , , , , , , 19.5116538, -0.0216526, , , , , , , 19.5116538, -0.0139315, , , , , , , , , , , , , , , , , , , , , , , , , , , , 
19.5121731, 0.0085603, , , , , , , 19.5121731, -0.0062104, , , , , , , 19.5121731, -0.018967, , , , , , , 19.5121731, -0.0206455, , , , , , , , , , , , , , , , , , , , , , , , , , , , 
19.5126923, 0.0078889, , , , , , , 19.5126923, -0.0114137, , , , , , , 19.5126923, -0.018967, , , , , , , 19.5126923, -0.0206455, , , , , , , , , , , , , , , , , , , , , , , , , , , , 
19.5132115, 0.0062104, , , , , , , 19.5132115, -0.0146029, , , , , , , 19.5132115, -0.0184634, , , , , , , 19.5132115, -0.021149, , , , , , , , , , , , , , , , , , , , , , , , , , , , 
19.5137308, 0.0025177, , , , , , , 19.5137308, -0.0152743, , , , , , , 19.5137308, -0.0162814, , , , , , , 19.5137308, -0.0223239, , , , , , , , , , , , , , , , , , , , , , , , , , , , 
19.51425, 0.0036927, , , , , , , 19.51425, -0.012253, , , , , , , 19.51425, -0.0176242, , , , , , , 19.51425, -0.0219883, , , , , , , , , , , , , , , , , , , , , , , , , , , , 
19.5147692, 0.0085603, , , , , , , 19.5147692, -0.0052033, , , , , , , 19.5147692, -0.0196384, , , , , , , 19.5147692, -0.0196384, , , , , , , , , , , , , , , , , , , , , , , , , , , , 
19.5152885, 0.0146029, , , , , , , 19.5152885, 0.0016785, , , , , , , 19.5152885, -0.0204776, , , , , , , 19.5152885, -0.0176242, , , , , , , , , , , , , , , , , , , , , , , , , , , , 
19.5158077, 0.0162814, , , , , , , 19.5158077, 0.0011749, , , , , , , 19.5158077, -0.0223239, , , , , , , 19.5158077, -0.0166171, , , , , , , , , , , , , , , , , , , , , , , , , , , , 
19.5163269, 0.0186313, , , , , , , 19.5163269, 0.0005035, , , , , , , 19.5163269, -0.0246738, , , , , , , 19.5163269, -0.0169528, , , , , , , , , , , , , , , , , , , , , , , , , , , , 
19.5168462, 0.0243381, , , , , , , 19.5168462, 0.0011749, , , , , , , 19.5168462, -0.0256809, , , , , , , 19.5168462, -0.011078, , , , , , , , , , , , , , , , , , , , , , , , , , , , 
19.5173654, 0.0229953, , , , , , , 19.5173654, 0.0010071, , , , , , , 19.5173654, -0.0243381, , , , , , , 19.5173654, 0.0023499, , , , , , , , , , , , , , , , , , , , , , , , , , , , 
19.5178846, 0.0139315, , , , , , , 19.5178846, 0.0052033, , , , , , , 19.5178846, -0.0223239, , , , , , , 19.5178846, 0.0166171, , , , , , , , , , , , , , , , , , , , , , , , , , , , 
19.5184038, 0.0075532, , , , , , , 19.5184038, 0.0078889, , , , , , , 19.5184038, -0.0199741, , , , , , , 19.5184038, 0.0258488, , , , , , , , , , , , , , , , , , , , , , , , , , , , 
19.5189231, 0.0025177, , , , , , , 19.5189231, -0.0028534, , , , , , , 19.5189231, -0.0166171, , , , , , , 19.5189231, 0.033402, , , , , , , , , , , , , , , , , , , , , , , , , , , , 
19.5194423, -0.0031891, , , , , , , 19.5194423, -0.01561, , , , , , , 19.5194423, -0.0142672, , , , , , , 19.5194423, 0.0428016, , , , , , , , , , , , , , , , , , , , , , , , , , , , 
19.5199615, -0.0031891, , , , , , , 19.5199615, -0.0159457, , , , , , , 19.5199615, -0.0125887, , , , , , , 19.5199615, 0.0518654, , , , , , , , , , , , , , , , , , , , , , , , , , , , 
19.5204808, 0.0041962, , , , , , , 19.5204808, -0.0082246, , , , , , , 19.5204808, -0.0176242, , , , , , , 19.5204808, 0.0560616, , , , , , , , , , , , , , , , , , , , , , , , , , , , 
19.521, 0.008896, , , , , , , 19.521, -0.0038605, , , , , , , 19.521, -0.0206455, , , , , , , 19.521, 0.0535439, , , , , , , , , , , , , , , , , , , , , , , , , , , , 
19.5215192, 0.0119173, , , , , , , 19.5215192, -0.0038605, , , , , , , 19.5215192, -0.0176242, , , , , , , 19.5215192, 0.0448157, , , , , , , , , , , , , , , , , , , , , , , , , , , , 
19.5220385, 0.0199741, , , , , , , 19.5220385, -0.0041962, , , , , , , 19.5220385, -0.0115816, , , , , , , 19.5220385, 0.036759, , , , , , , , , , , , , , , , , , , , , , , , , , , , 
19.5225577, 0.0253452, , , , , , , 19.5225577, -0.0048676, , , , , , , 19.5225577, -0.0063783, , , , , , , 19.5225577, 0.0310521, , , , , , , , , , , , , , , , , , , , , , , , , , , , 
19.5230769, 0.023331, , , , , , , 19.5230769, -0.0063783, , , , , , , 19.5230769, -0.0011749, , , , , , , 19.5230769, 0.0260166, , , , , , , , , , , , , , , , , , , , , , , , , , , , 
19.5235962, 0.017792, , , , , , , 19.5235962, -0.0090639, , , , , , , 19.5235962, 0.0041962, , , , , , , 19.5235962, 0.0213169, , , , , , , , , , , , , , , , , , , , , , , , , , , , 
19.5241154, 0.0203098, , , , , , , 19.5241154, -0.012253, , , , , , , 19.5241154, 0.0082246, , , , , , , 19.5241154, 0.0204776, , , , , , , , , , , , , , , , , , , , , , , , , , , , 
19.5246346, 0.0253452, , , , , , , 19.5246346, -0.0129244, , , , , , , 19.5246346, 0.0114137, , , , , , , 19.5246346, 0.0199741, , , , , , , , , , , , , , , , , , , , , , , , , , , , 
19.5251538, 0.0243381, , , , , , , 19.5251538, -0.0115816, , , , , , , 19.5251538, 0.0196384, , , , , , , 19.5251538, 0.0169528, , , , , , , , , , , , , , , , , , , , , , , , , , , , 
19.5256731, 0.0166171, , , , , , , 19.5256731, -0.0112459, , , , , , , 19.5256731, 0.0340734, , , , , , , 19.5256731, 0.0115816, , , , , , , , , , , , , , , , , , , , , , , , , , , , 
19.5261923, 0.0105745, , , , , , , 19.5261923, -0.0129244, , , , , , , 19.5261923, 0.042298, , , , , , , 19.5261923, 0.0097353, , , , , , , , , , , , , , , , , , , , , , , , , , , , 
19.5267115, 0.0065461, , , , , , , 19.5267115, -0.0182956, , , , , , , 19.5267115, 0.0360876, , , , , , , 19.5267115, 0.0139315, , , , , , , , , , , , , , , , , , , , , , , , , , , , 
19.5272308, 0.0005035, , , , , , , 19.5272308, -0.0250095, , , , , , , 19.5272308, 0.0243381, , , , , , , 19.5272308, 0.0169528, , , , , , , , , , , , , , , , , , , , , , , , , , , , 
19.52775, -0.0068818, , , , , , , 19.52775, -0.0209812, , , , , , , 19.52775, 0.0137636, , , , , , , 19.52775, 0.0139315, , , , , , , , , , , , , , , , , , , , , , , , , , , , 
19.5282692, -0.0082246, , , , , , , 19.5282692, -0.0015106, , , , , , , 19.5282692, 0.0062104, , , , , , , 19.5282692, 0.0109102, , , , , , , , , , , , , , , , , , , , , , , , , , , , 
19.5287885, -0.0038605, , , , , , , 19.5287885, 0.0119173, , , , , , , 19.5287885, -0.0015106, , , , , , , 19.5287885, 0.0105745, , , , , , , , , , , , , , , , , , , , , , , , , , , , 
19.5293077, -0.0018463, , , , , , , 19.5293077, 0.0112459, , , , , , , 19.5293077, -0.0068818, , , , , , , 19.5293077, 0.0117494, , , , , , , , , , , , , , , , , , , , , , , , , , , , 
19.5298269, 0.0043641, , , , , , , 19.5298269, 0.0058747, , , , , , , 19.5298269, -0.0102388, , , , , , , 19.5298269, 0.0120851, , , , , , , , , , , , , , , , , , , , , , , , , , , , 
19.5303462, 0.01561, , , , , , , 19.5303462, 0.0025177, , , , , , , 19.5303462, -0.0105745, , , , , , , 19.5303462, 0.0105745, , , , , , , , , , , , , , , , , , , , , , , , , , , , 
19.5308654, 0.0216526, , , , , , , 19.5308654, 0.0005035, , , , , , , 19.5308654, -0.008896, , , , , , , 19.5308654, 0.0041962, , , , , , , , , , , , , , , , , , , , , , , , , , , , 
19.5313846, 0.0258488, , , , , , , 19.5313846, 0.0035248, , , , , , , 19.5313846, -0.0095674, , , , , , , 19.5313846, -0.0082246, , , , , , , , , , , , , , , , , , , , , , , , , , , , 
19.5319038, 0.0285344, , , , , , , 19.5319038, 0.0062104, , , , , , , 19.5319038, -0.012253, , , , , , , 19.5319038, -0.018967, , , , , , , , , , , , , , , , , , , , , , , , , , , , 
19.5324231, 0.0287022, , , , , , , 19.5324231, -0.0001678, , , , , , , 19.5324231, -0.0157778, , , , , , , 19.5324231, -0.0219883, , , , , , , , , , , , , , , , , , , , , , , , , , , , 
19.5329423, 0.0276951, , , , , , , 19.5329423, -0.0119173, , , , , , , 19.5329423, -0.0182956, , , , , , , 19.5329423, -0.023331, , , , , , , , , , , , , , , , , , , , , , , , , , , , 
19.5334615, 0.0261845, , , , , , , 19.5334615, -0.0223239, , , , , , , 19.5334615, -0.0186313, , , , , , , 19.5334615, -0.024506, , , , , , , , , , , , , , , , , , , , , , , , , , , , 
19.5339808, 0.024506, , , , , , , 19.5339808, -0.0273594, , , , , , , 19.5339808, -0.0206455, , , , , , , 19.5339808, -0.0226596, , , , , , , , , , , , , , , , , , , , , , , , , , , , 
19.5345, 0.0253452, , , , , , , 19.5345, -0.0260166, , , , , , , 19.5345, -0.0250095, , , , , , , 19.5345, -0.0162814, , , , , , , , , , , , , , , , , , , , , , , , , , , , 
19.5350192, 0.0263523, , , , , , , 19.5350192, -0.018967, , , , , , , 19.5350192, -0.0283665, , , , , , , 19.5350192, -0.0065461, , , , , , , , , , , , , , , , , , , , , , , , , , , , 
19.5355385, 0.026688, , , , , , , 19.5355385, -0.0125887, , , , , , , 19.5355385, -0.0263523, , , , , , , 19.5355385, 0.0052033, , , , , , , , , , , , , , , , , , , , , , , , , , , , 
19.5360577, 0.0206455, , , , , , , 19.5360577, -0.011078, , , , , , , 19.5360577, -0.0236667, , , , , , , 19.5360577, 0.0119173, , , , , , , , , , , , , , , , , , , , , , , , , , , , 
19.5365769, 0.0112459, , , , , , , 19.5365769, -0.0125887, , , , , , , 19.5365769, -0.0250095, , , , , , , 19.5365769, 0.0139315, , , , , , , , , , , , , , , , , , , , , , , , , , , , 
19.5370962, 0.0104067, , , , , , , 19.5370962, -0.0072175, , , , , , , 19.5370962, -0.0246738, , , , , , , 19.5370962, 0.018967, , , , , , , , , , , , , , , , , , , , , , , , , , , , 
19.5376154, 0.0186313, , , , , , , 19.5376154, 0.0078889, , , , , , , 19.5376154, -0.018967, , , , , , , 19.5376154, 0.0302129, , , , , , , , , , , , , , , , , , , , , , , , , , , , 
19.5381346, 0.0236667, , , , , , , 19.5381346, 0.018967, , , , , , , 19.5381346, -0.0115816, , , , , , , 19.5381346, 0.0417945, , , , , , , , , , , , , , , , , , , , , , , , , , , , 
19.5386538, 0.0206455, , , , , , , 19.5386538, 0.0193027, , , , , , , 19.5386538, -0.005539, , , , , , , 19.5386538, 0.0491798, , , , , , , , , , , , , , , , , , , , , , , , , , , , 
19.5391731, 0.0119173, , , , , , , 19.5391731, 0.0099031, , , , , , , 19.5391731, -0.0001678, , , , , , , 19.5391731, 0.0515297, , , , , , , , , , , , , , , , , , , , , , , , , , , , 
19.5396923, 0.0038605, , , , , , , 19.5396923, -0.0031891, , , , , , , 19.5396923, 0.0038605, , , , , , , 19.5396923, 0.0532082, , , , , , , , , , , , , , , , , , , , , , , , , , , , 
19.5402115, -0.0045319, , , , , , , 19.5402115, -0.0159457, , , , , , , 19.5402115, 0.0065461, , , , , , , 19.5402115, 0.057908, , , , , , , , , , , , , , , , , , , , , , , , , , , , 
19.5407308, -0.0109102, , , , , , , 19.5407308, -0.0240024, , , , , , , 19.5407308, 0.0077211, , , , , , , 19.5407308, 0.0572366, , , , , , , , , , , , , , , , , , , , , , , , , , , , 
19.54125, -0.012253, , , , , , , 19.54125, -0.0280308, , , , , , , 19.54125, 0.0078889, , , , , , , 19.54125, 0.0488441, , , , , , , , , , , , , , , , , , , , , , , , , , , , 
19.5417692, -0.0109102, , , , , , , 19.5417692, -0.0283665, , , , , , , 19.5417692, 0.0065461, , , , , , , 19.5417692, 0.0399481, , , , , , , , , , , , , , , , , , , , , , , , , , , , 
19.5422885, -0.0077211, , , , , , , 19.5422885, -0.0270237, , , , , , , 19.5422885, -0.0005035, , , , , , , 19.5422885, 0.033402, , , , , , , , , , , , , , , , , , , , , , , , , , , , 
19.5428077, -0.0085603, , , , , , , 19.5428077, -0.026688, , , , , , , 19.5428077, -0.008896, , , , , , , 19.5428077, 0.0271916, , , , , , , , , , , , , , , , , , , , , , , , , , , , 
19.5433269, -0.0078889, , , , , , , 19.5433269, -0.0313878, , , , , , , 19.5433269, -0.0095674, , , , , , , 19.5433269, 0.0199741, , , , , , , , , , , , , , , , , , , , , , , , , , , , 
19.5438462, 0.0003357, , , , , , , 19.5438462, -0.0397803, , , , , , , 19.5438462, -0.005539, , , , , , , 19.5438462, 0.0159457, , , , , , , , , , , , , , , , , , , , , , , , , , , , 
19.5443654, 0.0099031, , , , , , , 19.5443654, -0.0464942, , , , , , , 19.5443654, -0.0005035, , , , , , , 19.5443654, 0.0125887, , , , , , , , , , , , , , , , , , , , , , , , , , , , 
19.5448846, 0.0152743, , , , , , , 19.5448846, -0.0441444, , , , , , , 19.5448846, 0.0038605, , , , , , , 19.5448846, 0.0099031, , , , , , , , , , , , , , , , , , , , , , , , , , , , 
19.5454038, 0.0159457, , , , , , , 19.5454038, -0.0347448, , , , , , , 19.5454038, 0.0065461, , , , , , , 19.5454038, 0.0085603, , , , , , , , , , , , , , , , , , , , , , , , , , , , 
19.5459231, 0.0129244, , , , , , , 19.5459231, -0.0283665, , , , , , , 19.5459231, 0.0057069, , , , , , , 19.5459231, 0.0075532, , , , , , , , , , , , , , , , , , , , , , , , , , , , 
19.5464423, 0.0078889, , , , , , , 19.5464423, -0.0281987, , , , , , , 19.5464423, 0.0031891, , , , , , , 19.5464423, 0.0041962, , , , , , , , , , , , , , , , , , , , , , , , , , , , 
19.5469615, 0.0082246, , , , , , , 19.5469615, -0.0297093, , , , , , , 19.5469615, 0.0008392, , , , , , , 19.5469615, 0.0025177, , , , , , , , , , , , , , , , , , , , , , , , , , , , 
19.5474808, 0.0125887, , , , , , , 19.5474808, -0.023331, , , , , , , 19.5474808, -0.0028534, , , , , , , 19.5474808, 0.0011749, , , , , , , , , , , , , , , , , , , , , , , , , , , , 
19.548, 0.0172885, , , , , , , 19.548, -0.0135958, , , , , , , 19.548, -0.0046998, , , , , , , 19.548, -0.0005035, , , , , , , , , , , , , , , , , , , , , , , , , , , , 
19.5485192, 0.0218204, , , , , , , 19.5485192, -0.0082246, , , , , , , 19.5485192, -0.0045319, , , , , , , 19.5485192, -0.0001678, , , , , , , , , , , , , , , , , , , , , , , , , , , , 
19.5490385, 0.0203098, , , , , , , 19.5490385, -0.0102388, , , , , , , 19.5490385, -0.0028534, , , , , , , 19.5490385, -0.0008392, , , , , , , , , , , , , , , , , , , , , , , , , , , , 
19.5495577, 0.0213169, , , , , , , 19.5495577, -0.0112459, , , , , , , 19.5495577, -0.002182, , , , , , , 19.5495577, -0.0028534, , , , , , , , , , , , , , , , , , , , , , , , , , , , 
19.5500769, 0.0246738, , , , , , , 19.5500769, -0.0082246, , , , , , , 19.5500769, -0.0041962, , , , , , , 19.5500769, -0.005539, , , , , , , , , , , , , , , , , , , , , , , , , , , , 
19.5505962, 0.0263523, , , , , , , 19.5505962, -0.0015106, , , , , , , 19.5505962, -0.005539, , , , , , , 19.5505962, -0.0109102, , , , , , , , , , , , , , , , , , , , , , , , , , , , 
19.5511154, 0.0283665, , , , , , , 19.5511154, 0.0035248, , , , , , , 19.5511154, -0.0068818, , , , , , , 19.5511154, -0.0194705, , , , , , , , , , , , , , , , , , , , , , , , , , , , 
19.5516346, 0.0253452, , , , , , , 19.5516346, 0.0058747, , , , , , , 19.5516346, -0.0070497, , , , , , , 19.5516346, -0.0283665, , , , , , , , , , , , , , , , , , , , , , , , , , , , 
19.5521538, 0.0236667, , , , , , , 19.5521538, 0.0078889, , , , , , , 19.5521538, -0.0075532, , , , , , , 19.5521538, -0.0317235, , , , , , , , , , , , , , , , , , , , , , , , , , , , 
19.5526731, 0.0293736, , , , , , , 19.5526731, 0.0068818, , , , , , , 19.5526731, -0.0105745, , , , , , , 19.5526731, -0.0327306, , , , , , , , , , , , , , , , , , , , , , , , , , , , 
19.5531923, 0.0320592, , , , , , , 19.5531923, 0.0048676, , , , , , , 19.5531923, -0.0139315, , , , , , , 19.5531923, -0.0330663, , , , , , , , , , , , , , , , , , , , , , , , , , , , 
19.5537115, 0.0307164, , , , , , , 19.5537115, 0.0035248, , , , , , , 19.5537115, -0.0169528, , , , , , , 19.5537115, -0.0303807, , , , , , , , , , , , , , , , , , , , , , , , , , , , 
19.5542308, 0.0317235, , , , , , , 19.5542308, 0.0031891, , , , , , , 19.5542308, -0.0164492, , , , , , , 19.5542308, -0.0250095, , , , , , , , , , , , , , , , , , , , , , , , , , , , 
19.55475, 0.0384375, , , , , , , 19.55475, 0.0028534, , , , , , , 19.55475, -0.01561, , , , , , , 19.55475, -0.0176242, , , , , , , , , , , , , , , , , , , , , , , , , , , , 
19.5552692, 0.043473, , , , , , , 19.5552692, 0.0050355, , , , , , , 19.5552692, -0.0182956, , , , , , , 19.5552692, -0.0078889, , , , , , , , , , , , , , , , , , , , , , , , , , , , 
19.5557885, 0.0426337, , , , , , , 19.5557885, 0.0065461, , , , , , , 19.5557885, -0.021149, , , , , , , 19.5557885, 0.0005035, , , , , , , , , , , , , , , , , , , , , , , , , , , , 
19.5563077, 0.0347448, , , , , , , 19.5563077, 0.0065461, , , , , , , 19.5563077, -0.0236667, , , , , , , 19.5563077, 0.0075532, , , , , , , , , , , , , , , , , , , , , , , , , , , , 
19.5568269, 0.0273594, , , , , , , 19.5568269, 0.0060426, , , , , , , 19.5568269, -0.0256809, , , , , , , 19.5568269, 0.0169528, , , , , , , , , , , , , , , , , , , , , , , , , , , , 
19.5573462, 0.0231632, , , , , , , 19.5573462, 0.0065461, , , , , , , 19.5573462, -0.0248417, , , , , , , 19.5573462, 0.026688, , , , , , , , , , , , , , , , , , , , , , , , , , , , 
19.5578654, 0.0196384, , , , , , , 19.5578654, 0.005539, , , , , , , 19.5578654, -0.0243381, , , , , , , 19.5578654, 0.0350805, , , , , , , , , , , , , , , , , , , , , , , , , , , , 
19.5583846, 0.0139315, , , , , , , 19.5583846, 0.0025177, , , , , , , 19.5583846, -0.0226596, , , , , , , 19.5583846, 0.043473, , , , , , , , , , , , , , , , , , , , , , , , , , , , 
19.5589038, 0.0035248, , , , , , , 19.5589038, -0.0005035, , , , , , , 19.5589038, -0.0166171, , , , , , , 19.5589038, 0.0491798, , , , , , , , , , , , , , , , , , , , , , , , , , , , 
19.5594231, -0.0010071, , , , , , , 19.5594231, 0.0005035, , , , , , , 19.5594231, -0.0109102, , , , , , , 19.5594231, 0.054551, , , , , , , , , , , , , , , , , , , , , , , , , , , , 
19.5599423, -0.0013428, , , , , , , 19.5599423, -0.0008392, , , , , , , 19.5599423, -0.0078889, , , , , , , 19.5599423, 0.0595865, , , , , , , , , , , , , , , , , , , , , , , , , , , , 
19.5604615, -0.0035248, , , , , , , 19.5604615, -0.0031891, , , , , , , 19.5604615, -0.0073854, , , , , , , 19.5604615, 0.0602579, , , , , , , , , , , , , , , , , , , , , , , , , , , , 
19.5609808, -0.005539, , , , , , , 19.5609808, -0.0030213, , , , , , , 19.5609808, -0.0077211, , , , , , , 19.5609808, 0.0560616, , , , , , , , , , , , , , , , , , , , , , , , , , , , 
19.5615, -0.0041962, , , , , , , 19.5615, -0.0038605, , , , , , , 19.5615, -0.0070497, , , , , , , 19.5615, 0.0471656, , , , , , , , , , , , , , , , , , , , , , , , , , , , 
19.5620192, -0.0010071, , , , , , , 19.5620192, -0.0025177, , , , , , , 19.5620192, -0.0068818, , , , , , , 19.5620192, 0.0370947, , , , , , , , , , , , , , , , , , , , , , , , , , , , 
19.5625385, 0.0031891, , , , , , , 19.5625385, -0.0008392, , , , , , , 19.5625385, -0.0065461, , , , , , , 19.5625385, 0.0320592, , , , , , , , , , , , , , , , , , , , , , , , , , , , 
19.5630577, 0.0052033, , , , , , , 19.5630577, -0.0001678, , , , , , , 19.5630577, -0.0045319, , , , , , , 19.5630577, 0.0293736, , , , , , , , , , , , , , , , , , , , , , , , , , , , 
19.5635769, 0.0045319, , , , , , , 19.5635769, -0.002182, , , , , , , 19.5635769, -0.0045319, , , , , , , 19.5635769, 0.0287022, , , , , , , , , , , , , , , , , , , , , , , , , , , , 
19.5640962, 0.0038605, , , , , , , 19.5640962, -0.005539, , , , , , , 19.5640962, -0.0052033, , , , , , , 19.5640962, 0.0293736, , , , , , , , , , , , , , , , , , , , , , , , , , , , 
19.5646154, 0.0052033, , , , , , , 19.5646154, -0.0070497, , , , , , , 19.5646154, -0.0028534, , , , , , , 19.5646154, 0.0293736, , , , , , , , , , , , , , , , , , , , , , , , , , , , 
19.5651346, 0.0063783, , , , , , , 19.5651346, -0.0068818, , , , , , , 19.5651346, -0.0001678, , , , , , , 19.5651346, 0.0292058, , , , , , , , , , , , , , , , , , , , , , , , , , , , 
19.5656538, 0.0065461, , , , , , , 19.5656538, -0.0041962, , , , , , , 19.5656538, -0.0025177, , , , , , , 19.5656538, 0.0280308, , , , , , , , , , , , , , , , , , , , , , , , , , , , 
19.5661731, 0.0030213, , , , , , , 19.5661731, -0.0028534, , , , , , , 19.5661731, -0.0065461, , , , , , , 19.5661731, 0.024506, , , , , , , , , , , , , , , , , , , , , , , , , , , , 
19.5666923, -0.005539, , , , , , , 19.5666923, -0.0070497, , , , , , , 19.5666923, -0.0078889, , , , , , , 19.5666923, 0.0229953, , , , , , , , , , , , , , , , , , , , , , , , , , , , 
19.5672115, -0.0105745, , , , , , , 19.5672115, -0.0149386, , , , , , , 19.5672115, -0.0043641, , , , , , , 19.5672115, 0.0229953, , , , , , , , , , , , , , , , , , , , , , , , , , , , 
19.5677308, -0.003357, , , , , , , 19.5677308, -0.0176242, , , , , , , 19.5677308, 0.0050355, , , , , , , 19.5677308, 0.0209812, , , , , , , , , , , , , , , , , , , , , , , , , , , , 
19.56825, 0.0085603, , , , , , , 19.56825, -0.0129244, , , , , , , 19.56825, 0.0095674, , , , , , , 19.56825, 0.0159457, , , , , , , , , , , , , , , , , , , , , , , , , , , , 
19.5687692, 0.018967, , , , , , , 19.5687692, -0.0092317, , , , , , , 19.5687692, 0.0077211, , , , , , , 19.5687692, 0.0099031, , , , , , , , , , , , , , , , , , , , , , , , , , , , 
19.5692885, 0.0270237, , , , , , , 19.5692885, -0.0075532, , , , , , , 19.5692885, -0.0041962, , , , , , , 19.5692885, 0.0041962, , , , , , , , , , , , , , , , , , , , , , , , , , , , 
19.5698077, 0.0213169, , , , , , , 19.5698077, -0.0075532, , , , , , , 19.5698077, -0.030045, , , , , , , 19.5698077, -0.0031891, , , , , , , , , , , , , , , , , , , , , , , , , , , , 
19.5703269, 0.0115816, , , , , , , 19.5703269, -0.011078, , , , , , , 19.5703269, -0.0525368, , , , , , , 19.5703269, -0.011078, , , , , , , , , , , , , , , , , , , , , , , , , , , , 
19.5708462, 0.0124208, , , , , , , 19.5708462, -0.0152743, , , , , , , 19.5708462, -0.051194, , , , , , , 19.5708462, -0.0236667, , , , , , , , , , , , , , , , , , , , , , , , , , , , 
19.5713654, 0.0226596, , , , , , , 19.5713654, -0.0151064, , , , , , , 19.5713654, -0.0287022, , , , , , , 19.5713654, -0.0411231, , , , , , , , , , , , , , , , , , , , , , , , , , , , 
19.5718846, 0.0287022, , , , , , , 19.5718846, -0.0135958, , , , , , , 19.5718846, -0.005539, , , , , , , 19.5718846, -0.0538796, , , , , , , , , , , , , , , , , , , , , , , , , , , , 
19.5724038, 0.0234989, , , , , , , 19.5724038, -0.0112459, , , , , , , 19.5724038, 0.0077211, , , , , , , 19.5724038, -0.0629435, , , , , , , , , , , , , , , , , , , , , , , , , , , , 
19.5729231, 0.0193027, , , , , , , 19.5729231, -0.0102388, , , , , , , 19.5729231, 0.01561, , , , , , , 19.5729231, -0.0708324, , , , , , , , , , , , , , , , , , , , , , , , , , , , 
19.5734423, 0.0229953, , , , , , , 19.5734423, -0.0102388, , , , , , , 19.5734423, 0.0186313, , , , , , , 19.5734423, -0.0713359, , , , , , , , , , , , , , , , , , , , , , , , , , , , 
19.5739615, 0.0260166, , , , , , , 19.5739615, -0.0112459, , , , , , , 19.5739615, 0.0162814, , , , , , , 19.5739615, -0.0607614, , , , , , , , , , , , , , , , , , , , , , , , , , , , 
19.5744808, 0.0280308, , , , , , , 19.5744808, -0.011078, , , , , , , 19.5744808, 0.0135958, , , , , , , 19.5744808, -0.04448, , , , , , , , , , , , , , , , , , , , , , , , , , , , 
19.575, 0.0337377, , , , , , , 19.575, -0.0109102, , , , , , , 19.575, 0.0129244, , , , , , , 19.575, -0.0270237, , , , , , , , , , , , , , , , , , , , , , , , , , , , 
19.5755192, 0.040116, , , , , , , 19.5755192, -0.012253, , , , , , , 19.5755192, 0.0129244, , , , , , , 19.5755192, -0.0097353, , , , , , , , , , , , , , , , , , , , , , , , , , , , 
19.5760385, 0.0468299, , , , , , , 19.5760385, -0.0115816, , , , , , , 19.5760385, 0.012253, , , , , , , 19.5760385, 0.0038605, , , , , , , , , , , , , , , , , , , , , , , , , , , , 
19.5765577, 0.0548867, , , , , , , 19.5765577, -0.0082246, , , , , , , 19.5765577, 0.0117494, , , , , , , 19.5765577, 0.0125887, , , , , , , , , , , , , , , , , , , , , , , , , , , , 
19.5770769, 0.0535439, , , , , , , 19.5770769, -0.0063783, , , , , , , 19.5770769, 0.0119173, , , , , , , 19.5770769, 0.0240024, , , , , , , , , , , , , , , , , , , , , , , , , , , , 
19.5775962, 0.0370947, , , , , , , 19.5775962, -0.0075532, , , , , , , 19.5775962, 0.0112459, , , , , , , 19.5775962, 0.0370947, , , , , , , , , , , , , , , , , , , , , , , , , , , , 
19.5781154, 0.0196384, , , , , , , 19.5781154, -0.0099031, , , , , , , 19.5781154, 0.0078889, , , , , , , 19.5781154, 0.0468299, , , , , , , , , , , , , , , , , , , , , , , , , , , , 
19.5786346, 0.0092317, , , , , , , 19.5786346, -0.008896, , , , , , , 19.5786346, 0.0062104, , , , , , , 19.5786346, 0.054551, , , , , , , , , , , , , , , , , , , , , , , , , , , , 
19.5791538, 0.002182, , , , , , , 19.5791538, -0.0085603, , , , , , , 19.5791538, 0.0063783, , , , , , , 19.5791538, 0.0599222, , , , , , , , , , , , , , , , , , , , , , , , , , , , 
19.5796731, -0.0048676, , , , , , , 19.5796731, -0.0095674, , , , , , , 19.5796731, 0.0018463, , , , , , , 19.5796731, 0.0627756, , , , , , , , , , , , , , , , , , , , , , , , , , , , 
19.5801923, -0.0097353, , , , , , , 19.5801923, -0.0095674, , , , , , , 19.5801923, -0.0048676, , , , , , , 19.5801923, 0.0629435, , , , , , , , , , , , , , , , , , , , , , , , , , , , 
19.5807115, -0.0125887, , , , , , , 19.5807115, -0.0058747, , , , , , , 19.5807115, -0.0112459, , , , , , , 19.5807115, 0.0621042, , , , , , , , , , , , , , , , , , , , , , , , , , , , 
19.5812308, -0.012253, , , , , , , 19.5812308, 0.0050355, , , , , , , 19.5812308, -0.0182956, , , , , , , 19.5812308, 0.0538796, , , , , , , , , , , , , , , , , , , , , , , , , , , , 
19.58175, -0.0095674, , , , , , , 19.58175, 0.0132601, , , , , , , 19.58175, -0.0236667, , , , , , , 19.58175, 0.0407874, , , , , , , , , , , , , , , , , , , , , , , , , , , , 
19.5822692, -0.0095674, , , , , , , 19.5822692, 0.0102388, , , , , , , 19.5822692, -0.0261845, , , , , , , 19.5822692, 0.0320592, , , , , , , , , , , , , , , , , , , , , , , , , , , , 
19.5827885, -0.0115816, , , , , , , 19.5827885, 0.0038605, , , , , , , 19.5827885, -0.0273594, , , , , , , 19.5827885, 0.030045, , , , , , , , , , , , , , , , , , , , , , , , , , , , 
19.5833077, -0.0159457, , , , , , , 19.5833077, -0.0005035, , , , , , , 19.5833077, -0.0290379, , , , , , , 19.5833077, 0.0292058, , , , , , , , , , , , , , , , , , , , , , , , , , , , 
19.5838269, -0.0142672, , , , , , , 19.5838269, 0.0005035, , , , , , , 19.5838269, -0.0307164, , , , , , , 19.5838269, 0.0275273, , , , , , , , , , , , , , , , , , , , , , , , , , , , 
19.5843462, -0.0082246, , , , , , , 19.5843462, 0.0075532, , , , , , , 19.5843462, -0.0302129, , , , , , , 19.5843462, 0.0260166, , , , , , , , , , , , , , , , , , , , , , , , , , , , 
19.5848654, -0.0041962, , , , , , , 19.5848654, 0.0146029, , , , , , , 19.5848654, -0.0283665, , , , , , , 19.5848654, 0.0243381, , , , , , , , , , , , , , , , , , , , , , , , , , , , 
19.5853846, -0.0028534, , , , , , , 19.5853846, 0.0218204, , , , , , , 19.5853846, -0.0276951, , , , , , , 19.5853846, 0.0226596, , , , , , , , , , , , , , , , , , , , , , , , , , , , 
19.5859038, -0.0025177, , , , , , , 19.5859038, 0.026688, , , , , , , 19.5859038, -0.0258488, , , , , , , 19.5859038, 0.0198062, , , , , , , , , , , , , , , , , , , , , , , , , , , , 
19.5864231, -0.0028534, , , , , , , 19.5864231, 0.0199741, , , , , , , 19.5864231, -0.0226596, , , , , , , 19.5864231, 0.0191348, , , , , , , , , , , , , , , , , , , , , , , , , , , , 
19.5869423, 0.0008392, , , , , , , 19.5869423, 0.0031891, , , , , , , 19.5869423, -0.0209812, , , , , , , 19.5869423, 0.0209812, , , , , , , , , , , , , , , , , , , , , , , , , , , , 
19.5874615, 0.0023499, , , , , , , 19.5874615, -0.0109102, , , , , , , 19.5874615, -0.0223239, , , , , , , 19.5874615, 0.0206455, , , , , , , , , , , , , , , , , , , , , , , , , , , , 
19.5879808, 0.0016785, , , , , , , 19.5879808, -0.0162814, , , , , , , 19.5879808, -0.0234989, , , , , , , 19.5879808, 0.0179599, , , , , , , , , , , , , , , , , , , , , , , , , , , , 
19.5885, -0.0015106, , , , , , , 19.5885, -0.0162814, , , , , , , 19.5885, -0.0209812, , , , , , , 19.5885, 0.0146029, , , , , , , , , , , , , , , , , , , , , , , , , , , , 
19.5890192, -0.0015106, , , , , , , 19.5890192, -0.0146029, , , , , , , 19.5890192, -0.0169528, , , , , , , 19.5890192, 0.0146029, , , , , , , , , , , , , , , , , , , , , , , , , , , , 
19.5895385, 0.0077211, , , , , , , 19.5895385, -0.0130922, , , , , , , 19.5895385, -0.0135958, , , , , , , 19.5895385, 0.0142672, , , , , , , , , , , , , , , , , , , , , , , , , , , , 
19.5900577, 0.0176242, , , , , , , 19.5900577, -0.0062104, , , , , , , 19.5900577, -0.0105745, , , , , , , 19.5900577, 0.0129244, , , , , , , , , , , , , , , , , , , , , , , , , , , , 
19.5905769, 0.0260166, , , , , , , 19.5905769, 0.0112459, , , , , , , 19.5905769, -0.008896, , , , , , , 19.5905769, 0.0078889, , , , , , , , , , , , , , , , , , , , , , , , , , , , 
19.5910962, 0.0293736, , , , , , , 19.5910962, 0.0236667, , , , , , , 19.5910962, -0.0090639, , , , , , , 19.5910962, -0.0018463, , , , , , , , , , , , , , , , , , , , , , , , , , , , 
19.5916154, 0.0280308, , , , , , , 19.5916154, 0.0199741, , , , , , , 19.5916154, -0.0109102, , , , , , , 19.5916154, -0.0125887, , , , , , , , , , , , , , , , , , , , , , , , , , , , 
19.5921346, 0.026688, , , , , , , 19.5921346, 0.0011749, , , , , , , 19.5921346, -0.0102388, , , , , , , 19.5921346, -0.0171206, , , , , , , , , , , , , , , , , , , , , , , , , , , , 
19.5926538, 0.0280308, , , , , , , 19.5926538, -0.0216526, , , , , , , 19.5926538, -0.0105745, , , , , , , 19.5926538, -0.0193027, , , , , , , , , , , , , , , , , , , , , , , , , , , , 
19.5931731, 0.0305486, , , , , , , 19.5931731, -0.0382696, , , , , , , 19.5931731, -0.0115816, , , , , , , 19.5931731, -0.0216526, , , , , , , , , , , , , , , , , , , , , , , , , , , , 
19.5936923, 0.036759, , , , , , , 19.5936923, -0.0451514, , , , , , , 19.5936923, -0.0115816, , , , , , , 19.5936923, -0.0198062, , , , , , , , , , , , , , , , , , , , , , , , , , , , 
19.5942115, 0.0438087, , , , , , , 19.5942115, -0.0417945, , , , , , , 19.5942115, -0.0119173, , , , , , , 19.5942115, -0.0149386, , , , , , , , , , , , , , , , , , , , , , , , , , , , 
19.5947308, 0.0448157, , , , , , , 19.5947308, -0.0364233, , , , , , , 19.5947308, -0.0129244, , , , , , , 19.5947308, -0.008896, , , , , , , , , , , , , , , , , , , , , , , , , , , , 
19.59525, 0.0407874, , , , , , , 19.59525, -0.0203098, , , , , , , 19.59525, -0.0129244, , , , , , , 19.59525, -0.002182, , , , , , , , , , , , , , , , , , , , , , , , , , , , 
19.5957692, 0.036759, , , , , , , 19.5957692, 0.0011749, , , , , , , 19.5957692, -0.012253, , , , , , , 19.5957692, 0.0041962, , , , , , , , , , , , , , , , , , , , , , , , , , , , 
19.5962885, 0.0330663, , , , , , , 19.5962885, 0.0043641, , , , , , , 19.5962885, -0.0109102, , , , , , , 19.5962885, 0.0083925, , , , , , , , , , , , , , , , , , , , , , , , , , , , 
19.5968077, 0.0219883, , , , , , , 19.5968077, -0.0095674, , , , , , , 19.5968077, -0.0082246, , , , , , , 19.5968077, 0.0146029, , , , , , , , , , , , , , , , , , , , , , , , , , , , 
19.5973269, 0.0092317, , , , , , , 19.5973269, -0.0287022, , , , , , , 19.5973269, -0.0075532, , , , , , , 19.5973269, 0.0223239, , , , , , , , , , , , , , , , , , , , , , , , , , , , 
19.5978462, 0.0045319, , , , , , , 19.5978462, -0.0471656, , , , , , , 19.5978462, -0.0082246, , , , , , , 19.5978462, 0.0297093, , , , , , , , , , , , , , , , , , , , , , , , , , , , 
19.5983654, 0.0031891, , , , , , , 19.5983654, -0.0676432, , , , , , , 19.5983654, -0.0082246, , , , , , , 19.5983654, 0.0354162, , , , , , , , , , , , , , , , , , , , , , , , , , , , 
19.5988846, -0.002182, , , , , , , 19.5988846, -0.0763714, , , , , , , 19.5988846, -0.0082246, , , , , , , 19.5988846, 0.0407874, , , , , , , , , , , , , , , , , , , , , , , , , , , , 
19.5994038, -0.0083925, , , , , , , 19.5994038, -0.0703288, , , , , , , 19.5994038, -0.0072175, , , , , , , 19.5994038, 0.0446479, , , , , , , , , , , , , , , , , , , , , , , , , , , , 
19.5999231, -0.0157778, , , , , , , 19.5999231, -0.061265, , , , , , , 19.5999231, -0.002182, , , , , , , 19.5999231, 0.0485084, , , , , , , , , , , , , , , , , , , , , , , , , , , , 
19.6004423, -0.0206455, , , , , , , 19.6004423, -0.0468299, , , , , , , 19.6004423, 0.0011749, , , , , , , 19.6004423, 0.0532082, , , , , , , , , , , , , , , , , , , , , , , , , , , , 
19.6009615, -0.0193027, , , , , , , 19.6009615, -0.026688, , , , , , , 19.6009615, 0.0025177, , , , , , , 19.6009615, 0.0495155, , , , , , , , , , , , , , , , , , , , , , , , , , , , 
19.6014808, -0.0152743, , , , , , , 19.6014808, -0.012253, , , , , , , 19.6014808, 0.0045319, , , , , , , 19.6014808, 0.0397803, , , , , , , , , , , , , , , , , , , , , , , , , , , , 
19.602, -0.0149386, , , , , , , 19.602, -0.0063783, , , , , , , 19.602, 0.0068818, , , , , , , 19.602, 0.0303807, , , , , , , , , , , , , , , , , , , , , , , , , , , , 
19.6025192, -0.0182956, , , , , , , 19.6025192, -0.0041962, , , , , , , 19.6025192, 0.0048676, , , , , , , 19.6025192, 0.0231632, , , , , , , , , , , , , , , , , , , , , , , , , , , , 
19.6030385, -0.0219883, , , , , , , 19.6030385, -0.0031891, , , , , , , 19.6030385, 0.0011749, , , , , , , 19.6030385, 0.0196384, , , , , , , , , , , , , , , , , , , , , , , , , , , , 
19.6035577, -0.0198062, , , , , , , 19.6035577, -0.0035248, , , , , , , 19.6035577, -0.0028534, , , , , , , 19.6035577, 0.0172885, , , , , , , , , , , , , , , , , , , , , , , , , , , , 
19.6040769, -0.012253, , , , , , , 19.6040769, -0.0041962, , , , , , , 19.6040769, -0.0038605, , , , , , , 19.6040769, 0.0152743, , , , , , , , , , , , , , , , , , , , , , , , , , , , 
19.6045962, -0.0052033, , , , , , , 19.6045962, 0, , , , , , , 19.6045962, -0.0041962, , , , , , , 19.6045962, 0.0115816, , , , , , , , , , , , , , , , , , , , , , , , , , , , 
19.6051154, 0.0018463, , , , , , , 19.6051154, 0.0095674, , , , , , , 19.6051154, -0.002182, , , , , , , 19.6051154, 0.0075532, , , , , , , , , , , , , , , , , , , , , , , , , , , , 
19.6056346, 0.0132601, , , , , , , 19.6056346, 0.0196384, , , , , , , 19.6056346, -0.0001678, , , , , , , 19.6056346, 0.0052033, , , , , , , , , , , , , , , , , , , , , , , , , , , , 
19.6061538, 0.030045, , , , , , , 19.6061538, 0.0243381, , , , , , , 19.6061538, -0.002182, , , , , , , 19.6061538, 0.0045319, , , , , , , , , , , , , , , , , , , , , , , , , , , , 
19.6066731, 0.0414588, , , , , , , 19.6066731, 0.0204776, , , , , , , 19.6066731, -0.005539, , , , , , , 19.6066731, 0.0028534, , , , , , , , , , , , , , , , , , , , , , , , , , , , 
19.6071923, 0.0354162, , , , , , , 19.6071923, 0.0186313, , , , , , , 19.6071923, -0.0048676, , , , , , , 19.6071923, 0.0008392, , , , , , , , , , , , , , , , , , , , , , , , , , , , 
19.6077115, 0.0206455, , , , , , , 19.6077115, 0.024506, , , , , , , 19.6077115, 0.0001678, , , , , , , 19.6077115, -0.0011749, , , , , , , , , , , , , , , , , , , , , , , , , , , , 
19.6082308, 0.0179599, , , , , , , 19.6082308, 0.0323949, , , , , , , 19.6082308, 0.0052033, , , , , , , 19.6082308, -0.0038605, , , , , , , , , , , , , , , , , , , , , , , , , , , , 
19.60875, 0.0236667, , , , , , , 19.60875, 0.0337377, , , , , , , 19.60875, 0.0072175, , , , , , , 19.60875, -0.0048676, , , , , , , , , , , , , , , , , , , , , , , , , , , , 
19.6092692, 0.0253452, , , , , , , 19.6092692, 0.0206455, , , , , , , 19.6092692, 0.0072175, , , , , , , 19.6092692, -0.0011749, , , , , , , , , , , , , , , , , , , , , , , , , , , , 
19.6097885, 0.0285344, , , , , , , 19.6097885, 0.0035248, , , , , , , 19.6097885, 0.0078889, , , , , , , 19.6097885, 0.0016785, , , , , , , , , , , , , , , , , , , , , , , , , , , , 
19.6103077, 0.0293736, , , , , , , 19.6103077, -0.005539, , , , , , , 19.6103077, 0.0099031, , , , , , , 19.6103077, -0.0001678, , , , , , , , , , , , , , , , , , , , , , , , , , , , 
19.6108269, 0.0347448, , , , , , , 19.6108269, -0.0035248, , , , , , , 19.6108269, 0.0112459, , , , , , , 19.6108269, -0.0065461, , , , , , , , , , , , , , , , , , , , , , , , , , , , 
19.6113462, 0.0468299, , , , , , , 19.6113462, 0.0005035, , , , , , , 19.6113462, 0.0075532, , , , , , , 19.6113462, -0.0137636, , , , , , , , , , , , , , , , , , , , , , , , , , , , 
19.6118654, 0.0562295, , , , , , , 19.6118654, 0.0045319, , , , , , , 19.6118654, 0.0008392, , , , , , , 19.6118654, -0.0194705, , , , , , , , , , , , , , , , , , , , , , , , , , , , 
19.6123846, 0.0595865, , , , , , , 19.6123846, 0.0018463, , , , , , , 19.6123846, -0.0028534, , , , , , , 19.6123846, -0.0238346, , , , , , , , , , , , , , , , , , , , , , , , , , , , 
19.6129038, 0.0595865, , , , , , , 19.6129038, -0.012253, , , , , , , 19.6129038, -0.0028534, , , , , , , 19.6129038, -0.026688, , , , , , , , , , , , , , , , , , , , , , , , , , , , 
19.6134231, 0.0632792, , , , , , , 19.6134231, -0.0305486, , , , , , , 19.6134231, -0.0028534, , , , , , , 19.6134231, -0.0263523, , , , , , , , , , , , , , , , , , , , , , , , , , , , 
19.6139423, 0.0656291, , , , , , , 19.6139423, -0.0424659, , , , , , , 19.6139423, -0.0085603, , , , , , , 19.6139423, -0.0218204, , , , , , , , , , , , , , , , , , , , , , , , , , , , 
19.6144615, 0.0642863, , , , , , , 19.6144615, -0.0458228, , , , , , , 19.6144615, -0.0146029, , , , , , , 19.6144615, -0.0162814, , , , , , , , , , , , , , , , , , , , , , , , , , , , 
19.6149808, 0.06009, , , , , , , 19.6149808, -0.0384375, , , , , , , 19.6149808, -0.0115816, , , , , , , 19.6149808, -0.0109102, , , , , , , , , , , , , , , , , , , , , , , , , , , , 
19.6155, 0.0520333, , , , , , , 19.6155, -0.0256809, , , , , , , 19.6155, -0.0043641, , , , , , , 19.6155, -0.0041962, , , , , , , , , , , , , , , , , , , , , , , , , , , , 
19.6160192, 0.0381018, , , , , , , 19.6160192, -0.0179599, , , , , , , 19.6160192, -0.0041962, , , , , , , 19.6160192, 0.0041962, , , , , , , , , , , , , , , , , , , , , , , , , , , , 
19.6165385, 0.0226596, , , , , , , 19.6165385, -0.008896, , , , , , , 19.6165385, -0.0078889, , , , , , , 19.6165385, 0.0125887, , , , , , , , , , , , , , , , , , , , , , , , , , , , 
19.6170577, 0.0139315, , , , , , , 19.6170577, 0.0058747, , , , , , , 19.6170577, -0.0115816, , , , , , , 19.6170577, 0.0213169, , , , , , , , , , , , , , , , , , , , , , , , , , , , 
19.6175769, 0.0119173, , , , , , , 19.6175769, 0.0117494, , , , , , , 19.6175769, -0.0142672, , , , , , , 19.6175769, 0.0320592, , , , , , , , , , , , , , , , , , , , , , , , , , , , 
19.6180962, 0.0139315, , , , , , , 19.6180962, 0.0142672, , , , , , , 19.6180962, -0.0176242, , , , , , , 19.6180962, 0.0412909, , , , , , , , , , , , , , , , , , , , , , , , , , , , 
19.6186154, 0.0135958, , , , , , , 19.6186154, 0.0186313, , , , , , , 19.6186154, -0.0229953, , , , , , , 19.6186154, 0.0485084, , , , , , , , , , , , , , , , , , , , , , , , , , , , 
19.6191346, 0.0085603, , , , , , , 19.6191346, 0.0193027, , , , , , , 19.6191346, -0.0270237, , , , , , , 19.6191346, 0.0542153, , , , , , , , , , , , , , , , , , , , , , , , , , , , 
19.6196538, 0.0038605, , , , , , , 19.6196538, 0.0132601, , , , , , , 19.6196538, -0.0287022, , , , , , , 19.6196538, 0.0558938, , , , , , , , , , , , , , , , , , , , , , , , , , , , 
19.6201731, -0.0005035, , , , , , , 19.6201731, 0.0072175, , , , , , , 19.6201731, -0.0283665, , , , , , , 19.6201731, 0.0562295, , , , , , , , , , , , , , , , , , , , , , , , , , , , 
19.6206923, -0.005539, , , , , , , 19.6206923, -0.0045319, , , , , , , 19.6206923, -0.0283665, , , , , , , 19.6206923, 0.0574044, , , , , , , , , , , , , , , , , , , , , , , , , , , , 
19.6212115, -0.0065461, , , , , , , 19.6212115, -0.023331, , , , , , , 19.6212115, -0.0290379, , , , , , , 19.6212115, 0.0535439, , , , , , , , , , , , , , , , , , , , , , , , , , , , 
19.6217308, -0.0052033, , , , , , , 19.6217308, -0.0417945, , , , , , , 19.6217308, -0.0276951, , , , , , , 19.6217308, 0.043473, , , , , , , , , , , , , , , , , , , , , , , , , , , , 
19.62225, -0.0085603, , , , , , , 19.62225, -0.0520333, , , , , , , 19.62225, -0.0270237, , , , , , , 19.62225, 0.0357519, , , , , , , , , , , , , , , , , , , , , , , , , , , , 
19.6227692, -0.0078889, , , , , , , 19.6227692, -0.047837, , , , , , , 19.6227692, -0.0260166, , , , , , , 19.6227692, 0.0317235, , , , , , , , , , , , , , , , , , , , , , , , , , , , 
19.6232885, 0.0003357, , , , , , , 19.6232885, -0.0350805, , , , , , , 19.6232885, -0.0226596, , , , , , , 19.6232885, 0.0240024, , , , , , , , , , , , , , , , , , , , , , , , , , , , 
19.6238077, 0.0050355, , , , , , , 19.6238077, -0.0276951, , , , , , , 19.6238077, -0.0184634, , , , , , , 19.6238077, 0.0186313, , , , , , , , , , , , , , , , , , , , , , , , , , , , 
19.6243269, 0.005539, , , , , , , 19.6243269, -0.0209812, , , , , , , 19.6243269, -0.0179599, , , , , , , 19.6243269, 0.0172885, , , , , , , , , , , , , , , , , , , , , , , , , , , , 
19.6248462, 0.0072175, , , , , , , 19.6248462, -0.0129244, , , , , , , 19.6248462, -0.0196384, , , , , , , 19.6248462, 0.0159457, , , , , , , , , , , , , , , , , , , , , , , , , , , , 
19.6253654, 0.0092317, , , , , , , 19.6253654, -0.0151064, , , , , , , 19.6253654, -0.017792, , , , , , , 19.6253654, 0.0139315, , , , , , , , , , , , , , , , , , , , , , , , , , , , 
19.6258846, 0.0052033, , , , , , , 19.6258846, -0.0223239, , , , , , , 19.6258846, -0.0139315, , , , , , , 19.6258846, 0.0090639, , , , , , , , , , , , , , , , , , , , , , , , , , , , 
19.6264038, -0.002182, , , , , , , 19.6264038, -0.0229953, , , , , , , 19.6264038, -0.0109102, , , , , , , 19.6264038, 0.0031891, , , , , , , , , , , , , , , , , , , , , , , , , , , , 
19.6269231, -0.005539, , , , , , , 19.6269231, -0.0142672, , , , , , , 19.6269231, -0.0082246, , , , , , , 19.6269231, 0.0005035, , , , , , , , , , , , , , , , , , , , , , , , , , , , 
19.6274423, -0.0001678, , , , , , , 19.6274423, -0.0045319, , , , , , , 19.6274423, -0.005539, , , , , , , 19.6274423, 0.0035248, , , , , , , , , , , , , , , , , , , , , , , , , , , , 
19.6279615, 0.0078889, , , , , , , 19.6279615, 0.0052033, , , , , , , 19.6279615, -0.002182, , , , , , , 19.6279615, 0.0078889, , , , , , , , , , , , , , , , , , , , , , , , , , , , 
19.6284808, 0.0130922, , , , , , , 19.6284808, 0.0169528, , , , , , , 19.6284808, -0.0011749, , , , , , , 19.6284808, 0.0082246, , , , , , , , , , , , , , , , , , , , , , , , , , , , 
19.629, 0.012253, , , , , , , 19.629, 0.0196384, , , , , , , 19.629, -0.0018463, , , , , , , 19.629, 0.008896, , , , , , , , , , , , , , , , , , , , , , , , , , , , 
19.6295192, 0.0072175, , , , , , , 19.6295192, 0.012253, , , , , , , 19.6295192, -0.0031891, , , , , , , 19.6295192, 0.0078889, , , , , , , , , , , , , , , , , , , , , , , , , , , , 
19.6300385, 0.0102388, , , , , , , 19.6300385, 0.0028534, , , , , , , 19.6300385, -0.0046998, , , , , , , 19.6300385, 0.0058747, , , , , , , , , , , , , , , , , , , , , , , , , , , , 
19.6305577, 0.0186313, , , , , , , 19.6305577, -0.0050355, , , , , , , 19.6305577, -0.0048676, , , , , , , 19.6305577, 0.0018463, , , , , , , , , , , , , , , , , , , , , , , , , , , , 
19.6310769, 0.0243381, , , , , , , 19.6310769, -0.0099031, , , , , , , 19.6310769, -0.005539, , , , , , , 19.6310769, -0.005539, , , , , , , , , , , , , , , , , , , , , , , , , , , , 
19.6315962, 0.0310521, , , , , , , 19.6315962, -0.0082246, , , , , , , 19.6315962, -0.005539, , , , , , , 19.6315962, -0.0129244, , , , , , , , , , , , , , , , , , , , , , , , , , , , 
19.6321154, 0.036759, , , , , , , 19.6321154, 0.0015106, , , , , , , 19.6321154, -0.0048676, , , , , , , 19.6321154, -0.0172885, , , , , , , , , , , , , , , , , , , , , , , , , , , , 
19.6326346, 0.0340734, , , , , , , 19.6326346, 0.0038605, , , , , , , 19.6326346, -0.005539, , , , , , , 19.6326346, -0.0196384, , , , , , , , , , , , , , , , , , , , , , , , , , , , 
19.6331538, 0.0250095, , , , , , , 19.6331538, -0.0048676, , , , , , , 19.6331538, -0.0031891, , , , , , , 19.6331538, -0.0191348, , , , , , , , , , , , , , , , , , , , , , , , , , , , 
19.6336731, 0.0172885, , , , , , , 19.6336731, -0.0149386, , , , , , , 19.6336731, 0.0003357, , , , , , , 19.6336731, -0.0166171, , , , , , , , , , , , , , , , , , , , , , , , , , , , 
19.6341923, 0.0097353, , , , , , , 19.6341923, -0.0213169, , , , , , , 19.6341923, 0.0011749, , , , , , , 19.6341923, -0.0137636, , , , , , , , , , , , , , , , , , , , , , , , , , , , 
19.6347115, 0.0001678, , , , , , , 19.6347115, -0.0229953, , , , , , , 19.6347115, 0.0005035, , , , , , , 19.6347115, -0.0075532, , , , , , , , , , , , , , , , , , , , , , , , , , , , 
19.6352308, -0.0075532, , , , , , , 19.6352308, -0.0005035, , , , , , , 19.6352308, -0.0001678, , , , , , , 19.6352308, 0.0011749, , , , , , , , , , , , , , , , , , , , , , , , , , , , 
19.63575, -0.0172885, , , , , , , 19.63575, 0.0387732, , , , , , , 19.63575, -0.0001678, , , , , , , 19.63575, 0.0065461, , , , , , , , , , , , , , , , , , , , , , , , , , , , 
19.6362692, -0.0243381, , , , , , , 19.6362692, 0.0575723, , , , , , , 19.6362692, -0.0003357, , , , , , , 19.6362692, 0.0104067, , , , , , , , , , , , , , , , , , , , , , , , , , , , 
19.6367885, -0.0224918, , , , , , , 19.6367885, 0.0506905, , , , , , , 19.6367885, -0.0023499, , , , , , , 19.6367885, 0.0159457, , , , , , , , , , , , , , , , , , , , , , , , , , , , 
19.6373077, -0.0203098, , , , , , , 19.6373077, 0.036759, , , , , , , 19.6373077, -0.0035248, , , , , , , 19.6373077, 0.0231632, , , , , , , , , , , , , , , , , , , , , , , , , , , , 
19.6378269, -0.0062104, , , , , , , 19.6378269, 0.0256809, , , , , , , 19.6378269, -0.0010071, , , , , , , 19.6378269, 0.0307164, , , , , , , , , , , , , , , , , , , , , , , , , , , , 
19.6383462, 0.0102388, , , , , , , 19.6383462, 0.0132601, , , , , , , 19.6383462, -0.0005035, , , , , , , 19.6383462, 0.0365911, , , , , , , , , , , , , , , , , , , , , , , , , , , , 
19.6388654, 0.0115816, , , , , , , 19.6388654, -0.0018463, , , , , , , 19.6388654, -0.0023499, , , , , , , 19.6388654, 0.0394446, , , , , , , , , , , , , , , , , , , , , , , , , , , , 
19.6393846, 0.0097353, , , , , , , 19.6393846, -0.0171206, , , , , , , 19.6393846, -0.0025177, , , , , , , 19.6393846, 0.0381018, , , , , , , , , , , , , , , , , , , , , , , , , , , , 
19.6399038, 0.0139315, , , , , , , 19.6399038, -0.026688, , , , , , , 19.6399038, -0.0036927, , , , , , , 19.6399038, 0.0381018, , , , , , , , , , , , , , , , , , , , , , , , , , , , 
19.6404231, 0.018967, , , , , , , 19.6404231, -0.0276951, , , , , , , 19.6404231, -0.0043641, , , , , , , 19.6404231, 0.0394446, , , , , , , , , , , , , , , , , , , , , , , , , , , , 
19.6409423, 0.0228275, , , , , , , 19.6409423, -0.0250095, , , , , , , 19.6409423, -0.0043641, , , , , , , 19.6409423, 0.0370947, , , , , , , , , , , , , , , , , , , , , , , , , , , , 
19.6414615, 0.0285344, , , , , , , 19.6414615, -0.024506, , , , , , , 19.6414615, -0.0041962, , , , , , , 19.6414615, 0.0292058, , , , , , , , , , , , , , , , , , , , , , , , , , , , 
19.6419808, 0.0313878, , , , , , , 19.6419808, -0.0223239, , , , , , , 19.6419808, -0.0035248, , , , , , , 19.6419808, 0.024506, , , , , , , , , , , , , , , , , , , , , , , , , , , , 
19.6425, 0.0261845, , , , , , , 19.6425, -0.0109102, , , , , , , 19.6425, -0.002182, , , , , , , 19.6425, 0.0219883, , , , , , , , , , , , , , , , , , , , , , , , , , , , 
19.6430192, 0.0216526, , , , , , , 19.6430192, -0.0008392, , , , , , , 19.6430192, -0.0008392, , , , , , , 19.6430192, 0.0172885, , , , , , , , , , , , , , , , , , , , , , , , , , , , 
19.6435385, 0.0292058, , , , , , , 19.6435385, -0.0016785, , , , , , , 19.6435385, 0.0011749, , , , , , , 19.6435385, 0.0115816, , , , , , , , , , , , , , , , , , , , , , , , , , , , 
19.6440577, 0.0360876, , , , , , , 19.6440577, -0.0115816, , , , , , , 19.6440577, 0.0028534, , , , , , , 19.6440577, 0.008896, , , , , , , , , , , , , , , , , , , , , , , , , , , , 
19.6445769, 0.0293736, , , , , , , 19.6445769, -0.0229953, , , , , , , 19.6445769, 0.0011749, , , , , , , 19.6445769, 0.0095674, , , , , , , , , , , , , , , , , , , , , , , , , , , , 
19.6450962, 0.0182956, , , , , , , 19.6450962, -0.0310521, , , , , , , 19.6450962, -0.0008392, , , , , , , 19.6450962, 0.0072175, , , , , , , , , , , , , , , , , , , , , , , , , , , , 
19.6456154, 0.01561, , , , , , , 19.6456154, -0.0337377, , , , , , , 19.6456154, -0.0025177, , , , , , , 19.6456154, 0.0062104, , , , , , , , , , , , , , , , , , , , , , , , , , , , 
19.6461346, 0.0203098, , , , , , , 19.6461346, -0.0345769, , , , , , , 19.6461346, -0.005539, , , , , , , 19.6461346, 0.0050355, , , , , , , , , , , , , , , , , , , , , , , , , , , , 
19.6466538, 0.023331, , , , , , , 19.6466538, -0.033402, , , , , , , 19.6466538, -0.0058747, , , , , , , 19.6466538, 0.0041962, , , , , , , , , , , , , , , , , , , , , , , , , , , , 
19.6471731, 0.0273594, , , , , , , 19.6471731, -0.0159457, , , , , , , 19.6471731, -0.0052033, , , , , , , 19.6471731, 0.0035248, , , , , , , , , , , , , , , , , , , , , , , , , , , , 
19.6476923, 0.0276951, , , , , , , 19.6476923, 0.0159457, , , , , , , 19.6476923, -0.0068818, , , , , , , 19.6476923, 0.0058747, , , , , , , , , , , , , , , , , , , , , , , , , , , , 
19.6482115, 0.0209812, , , , , , , 19.6482115, 0.0424659, , , , , , , 19.6482115, -0.0102388, , , , , , , 19.6482115, 0.0095674, , , , , , , , , , , , , , , , , , , , , , , , , , , , 
19.6487308, 0.014435, , , , , , , 19.6487308, 0.047837, , , , , , , 19.6487308, -0.0142672, , , , , , , 19.6487308, 0.0132601, , , , , , , , , , , , , , , , , , , , , , , , , , , , 
19.64925, 0.0125887, , , , , , , 19.64925, 0.036759, , , , , , , 19.64925, -0.0159457, , , , , , , 19.64925, 0.0132601, , , , , , , , , , , , , , , , , , , , , , , , , , , , 
19.6497692, 0.008896, , , , , , , 19.6497692, 0.0209812, , , , , , , 19.6497692, -0.0159457, , , , , , , 19.6497692, 0.0132601, , , , , , , , , , , , , , , , , , , , , , , , , , , , 
19.6502885, 0.0048676, , , , , , , 19.6502885, 0.0011749, , , , , , , 19.6502885, -0.0146029, , , , , , , 19.6502885, 0.0112459, , , , , , , , , , , , , , , , , , , , , , , , , , , , 
19.6508077, 0.0005035, , , , , , , 19.6508077, -0.0166171, , , , , , , 19.6508077, -0.0135958, , , , , , , 19.6508077, 0.0072175, , , , , , , , , , , , , , , , , , , , , , , , , , , , 
19.6513269, -0.0015106, , , , , , , 19.6513269, -0.0246738, , , , , , , 19.6513269, -0.0132601, , , , , , , 19.6513269, 0.0018463, , , , , , , , , , , , , , , , , , , , , , , , , , , , 
19.6518462, 0.0011749, , , , , , , 19.6518462, -0.040116, , , , , , , 19.6518462, -0.0127565, , , , , , , 19.6518462, -0.003357, , , , , , , , , , , , , , , , , , , , , , , , , , , , 
19.6523654, 0.0041962, , , , , , , 19.6523654, -0.0676432, , , , , , , 19.6523654, -0.012253, , , , , , , 19.6523654, -0.0057069, , , , , , , , , , , , , , , , , , , , , , , , , , , , 
19.6528846, 0.0036927, , , , , , , 19.6528846, -0.0820783, , , , , , , 19.6528846, -0.0104067, , , , , , , 19.6528846, -0.0050355, , , , , , , , , , , , , , , , , , , , , , , , , , , , 
19.6534038, 0.0010071, , , , , , , 19.6534038, -0.0760357, , , , , , , 19.6534038, -0.008896, , , , , , , 19.6534038, -0.0072175, , , , , , , , , , , , , , , , , , , , , , , , , , , , 
19.6539231, 0.0031891, , , , , , , 19.6539231, -0.0595865, , , , , , , 19.6539231, -0.0105745, , , , , , , 19.6539231, -0.0078889, , , , , , , , , , , , , , , , , , , , , , , , , , , , 
19.6544423, 0.0119173, , , , , , , 19.6544423, -0.040116, , , , , , , 19.6544423, -0.0149386, , , , , , , 19.6544423, -0.0031891, , , , , , , , , , , , , , , , , , , , , , , , , , , , 
19.6549615, 0.0149386, , , , , , , 19.6549615, -0.0219883, , , , , , , 19.6549615, -0.0162814, , , , , , , 19.6549615, 0.0045319, , , , , , , , , , , , , , , , , , , , , , , , , , , , 
19.6554808, 0.0112459, , , , , , , 19.6554808, -0.0112459, , , , , , , 19.6554808, -0.0135958, , , , , , , 19.6554808, 0.0105745, , , , , , , , , , , , , , , , , , , , , , , , , , , , 
19.656, 0.0132601, , , , , , , 19.656, -0.0035248, , , , , , , 19.656, -0.008896, , , , , , , 19.656, 0.0125887, , , , , , , , , , , , , , , , , , , , , , , , , , , , 
19.6565192, 0.0172885, , , , , , , 19.6565192, 0.0031891, , , , , , , 19.6565192, -0.0028534, , , , , , , 19.6565192, 0.0159457, , , , , , , , , , , , , , , , , , , , , , , , , , , , 
19.6570385, 0.0135958, , , , , , , 19.6570385, 0.002182, , , , , , , 19.6570385, 0.0045319, , , , , , , 19.6570385, 0.0243381, , , , , , , , , , , , , , , , , , , , , , , , , , , , 
19.6575577, 0.0109102, , , , , , , 19.6575577, -0.0068818, , , , , , , 19.6575577, 0.0085603, , , , , , , 19.6575577, 0.033402, , , , , , , , , , , , , , , , , , , , , , , , , , , , 
19.6580769, 0.0176242, , , , , , , 19.6580769, -0.0162814, , , , , , , 19.6580769, 0.0099031, , , , , , , 19.6580769, 0.0374304, , , , , , , , , , , , , , , , , , , , , , , , , , , , 
19.6585962, 0.0216526, , , , , , , 19.6585962, -0.0213169, , , , , , , 19.6585962, 0.011078, , , , , , , 19.6585962, 0.0404517, , , , , , , , , , , , , , , , , , , , , , , , , , , , 
19.6591154, 0.021149, , , , , , , 19.6591154, -0.0176242, , , , , , , 19.6591154, 0.0146029, , , , , , , 19.6591154, 0.0438087, , , , , , , , , , , , , , , , , , , , , , , , , , , , 
19.6596346, 0.0240024, , , , , , , 19.6596346, -0.0046998, , , , , , , 19.6596346, 0.0166171, , , , , , , 19.6596346, 0.0468299, , , , , , , , , , , , , , , , , , , , , , , , , , , , 
19.6601538, 0.0243381, , , , , , , 19.6601538, 0.0028534, , , , , , , 19.6601538, 0.0171206, , , , , , , 19.6601538, 0.0501869, , , , , , , , , , , , , , , , , , , , , , , , , , , , 
19.6606731, 0.0193027, , , , , , , 19.6606731, 0.0038605, , , , , , , 19.6606731, 0.0132601, , , , , , , 19.6606731, 0.0493477, , , , , , , , , , , , , , , , , , , , , , , , , , , , 
19.6611923, 0.0130922, , , , , , , 19.6611923, 0.0031891, , , , , , , 19.6611923, 0.0083925, , , , , , , 19.6611923, 0.0407874, , , , , , , , , , , , , , , , , , , , , , , , , , , , 
19.6617115, 0.0135958, , , , , , , 19.6617115, 0.0048676, , , , , , , 19.6617115, 0.0040284, , , , , , , 19.6617115, 0.0320592, , , , , , , , , , , , , , , , , , , , , , , , , , , , 
19.6622308, 0.0167849, , , , , , , 19.6622308, 0.0025177, , , , , , , 19.6622308, -0.0008392, , , , , , , 19.6622308, 0.0276951, , , , , , , , , , , , , , , , , , , , , , , , , , , , 
19.66275, 0.0139315, , , , , , , 19.66275, -0.0045319, , , , , , , 19.66275, -0.0028534, , , , , , , 19.66275, 0.023331, , , , , , , , , , , , , , , , , , , , , , , , , , , , 
19.6632692, 0.008896, , , , , , , 19.6632692, -0.0105745, , , , , , , 19.6632692, -0.0058747, , , , , , , 19.6632692, 0.0186313, , , , , , , , , , , , , , , , , , , , , , , , , , , , 
19.6637885, 0.0072175, , , , , , , 19.6637885, -0.012253, , , , , , , 19.6637885, -0.0142672, , , , , , , 19.6637885, 0.012253, , , , , , , , , , , , , , , , , , , , , , , , , , , , 
19.6643077, 0.0011749, , , , , , , 19.6643077, -0.0068818, , , , , , , 19.6643077, -0.0250095, , , , , , , 19.6643077, 0.0078889, , , , , , , , , , , , , , , , , , , , , , , , , , , , 
19.6648269, -0.0097353, , , , , , , 19.6648269, 0.0031891, , , , , , , 19.6648269, -0.0297093, , , , , , , 19.6648269, 0.0072175, , , , , , , , , , , , , , , , , , , , , , , , , , , , 
19.6653462, -0.0162814, , , , , , , 19.6653462, 0.0125887, , , , , , , 19.6653462, -0.0263523, , , , , , , 19.6653462, 0.0065461, , , , , , , , , , , , , , , , , , , , , , , , , , , , 
19.6658654, -0.0169528, , , , , , , 19.6658654, 0.0169528, , , , , , , 19.6658654, -0.0191348, , , , , , , 19.6658654, 0.0058747, , , , , , , , , , , , , , , , , , , , , , , , , , , , 
19.6663846, -0.0162814, , , , , , , 19.6663846, 0.0169528, , , , , , , 19.6663846, -0.011078, , , , , , , 19.6663846, 0.0038605, , , , , , , , , , , , , , , , , , , , , , , , , , , , 
19.6669038, -0.0162814, , , , , , , 19.6669038, 0.012253, , , , , , , 19.6669038, -0.0028534, , , , , , , 19.6669038, 0.0020142, , , , , , , , , , , , , , , , , , , , , , , , , , , , 
19.6674231, -0.0139315, , , , , , , 19.6674231, 0.0070497, , , , , , , 19.6674231, 0.002182, , , , , , , 19.6674231, 0.002182, , , , , , , , , , , , , , , , , , , , , , , , , , , , 
19.6679423, -0.0119173, , , , , , , 19.6679423, 0.0045319, , , , , , , 19.6679423, 0.0025177, , , , , , , 19.6679423, 0.0030213, , , , , , , , , , , , , , , , , , , , , , , , , , , , 
19.6684615, -0.0176242, , , , , , , 19.6684615, 0.0031891, , , , , , , 19.6684615, -0.0001678, , , , , , , 19.6684615, 0.0023499, , , , , , , , , , , , , , , , , , , , , , , , , , , , 
19.6689808, -0.0229953, , , , , , , 19.6689808, 0.0031891, , , , , , , 19.6689808, -0.0065461, , , , , , , 19.6689808, 0.0028534, , , , , , , , , , , , , , , , , , , , , , , , , , , , 
19.6695, -0.0203098, , , , , , , 19.6695, 0.0058747, , , , , , , 19.6695, -0.0129244, , , , , , , 19.6695, 0.0035248, , , , , , , , , , , , , , , , , , , , , , , , , , , , 
19.6700192, -0.0172885, , , , , , , 19.6700192, 0.0092317, , , , , , , 19.6700192, -0.0193027, , , , , , , 19.6700192, 0.0025177, , , , , , , , , , , , , , , , , , , , , , , , , , , , 
19.6705385, -0.0095674, , , , , , , 19.6705385, 0.0092317, , , , , , , 19.6705385, -0.0219883, , , , , , , 19.6705385, 0.0008392, , , , , , , , , , , , , , , , , , , , , , , , , , , , 
19.6710577, 0.0105745, , , , , , , 19.6710577, 0.0072175, , , , , , , 19.6710577, -0.0226596, , , , , , , 19.6710577, -0.005539, , , , , , , , , , , , , , , , , , , , , , , , , , , , 
19.6715769, 0.030045, , , , , , , 19.6715769, 0.0063783, , , , , , , 19.6715769, -0.0263523, , , , , , , 19.6715769, -0.012253, , , , , , , , , , , , , , , , , , , , , , , , , , , , 
19.6720962, 0.0428016, , , , , , , 19.6720962, 0.0018463, , , , , , , 19.6720962, -0.0320592, , , , , , , 19.6720962, -0.0149386, , , , , , , , , , , , , , , , , , , , , , , , , , , , 
19.6726154, 0.0548867, , , , , , , 19.6726154, -0.0045319, , , , , , , 19.6726154, -0.0339055, , , , , , , 19.6726154, -0.0149386, , , , , , , , , , , , , , , , , , , , , , , , , , , , 
19.6731346, 0.0686503, , , , , , , 19.6731346, -0.0092317, , , , , , , 19.6731346, -0.0317235, , , , , , , 19.6731346, -0.0159457, , , , , , , , , , , , , , , , , , , , , , , , , , , , 
19.6736538, 0.0740215, , , , , , , 19.6736538, -0.0142672, , , , , , , 19.6736538, -0.0310521, , , , , , , 19.6736538, -0.0152743, , , , , , , , , , , , , , , , , , , , , , , , , , , , 
19.6741731, 0.0713359, , , , , , , 19.6741731, -0.0224918, , , , , , , 19.6741731, -0.0297093, , , , , , , 19.6741731, -0.012253, , , , , , , , , , , , , , , , , , , , , , , , , , , , 
19.6746923, 0.0696574, , , , , , , 19.6746923, -0.030045, , , , , , , 19.6746923, -0.0263523, , , , , , , 19.6746923, -0.0068818, , , , , , , , , , , , , , , , , , , , , , , , , , , , 
19.6752115, 0.0686503, , , , , , , 19.6752115, -0.0270237, , , , , , , 19.6752115, -0.0229953, , , , , , , 19.6752115, 0.0015106, , , , , , , , , , , , , , , , , , , , , , , , , , , , 
19.6757308, 0.0669718, , , , , , , 19.6757308, -0.008896, , , , , , , 19.6757308, -0.0196384, , , , , , , 19.6757308, 0.0102388, , , , , , , , , , , , , , , , , , , , , , , , , , , , 
19.67625, 0.0632792, , , , , , , 19.67625, 0.0057069, , , , , , , 19.67625, -0.0135958, , , , , , , 19.67625, 0.0169528, , , , , , , , , , , , , , , , , , , , , , , , , , , , 
19.6767692, 0.0562295, , , , , , , 19.6767692, 0.0001678, , , , , , , 19.6767692, -0.0075532, , , , , , , 19.6767692, 0.0203098, , , , , , , , , , , , , , , , , , , , , , , , , , , , 
19.6772885, 0.0448157, , , , , , , 19.6772885, -0.0146029, , , , , , , 19.6772885, -0.0041962, , , , , , , 19.6772885, 0.0240024, , , , , , , , , , , , , , , , , , , , , , , , , , , , 
19.6778077, 0.0240024, , , , , , , 19.6778077, -0.0176242, , , , , , , 19.6778077, -0.0035248, , , , , , , 19.6778077, 0.0307164, , , , , , , , , , , , , , , , , , , , , , , , , , , , 
19.6783269, 0.0038605, , , , , , , 19.6783269, -0.0031891, , , , , , , 19.6783269, -0.0043641, , , , , , , 19.6783269, 0.0372625, , , , , , , , , , , , , , , , , , , , , , , , , , , , 
19.6788462, -0.0075532, , , , , , , 19.6788462, 0.0162814, , , , , , , 19.6788462, -0.0058747, , , , , , , 19.6788462, 0.0426337, , , , , , , , , , , , , , , , , , , , , , , , , , , , 
19.6793654, -0.012253, , , , , , , 19.6793654, 0.0250095, , , , , , , 19.6793654, -0.0065461, , , , , , , 19.6793654, 0.0466621, , , , , , , , , , , , , , , , , , , , , , , , , , , , 
19.6798846, -0.0162814, , , , , , , 19.6798846, 0.0250095, , , , , , , 19.6798846, -0.0078889, , , , , , , 19.6798846, 0.0491798, , , , , , , , , , , , , , , , , , , , , , , , , , , , 
19.6804038, -0.0152743, , , , , , , 19.6804038, 0.0360876, , , , , , , 19.6804038, -0.0082246, , , , , , , 19.6804038, 0.0480049, , , , , , , , , , , , , , , , , , , , , , , , , , , , 
19.6809231, -0.0072175, , , , , , , 19.6809231, 0.0448157, , , , , , , 19.6809231, -0.005539, , , , , , , 19.6809231, 0.0421302, , , , , , , , , , , , , , , , , , , , , , , , , , , , 
19.6814423, 0.0041962, , , , , , , 19.6814423, 0.0142672, , , , , , , 19.6814423, -0.0052033, , , , , , , 19.6814423, 0.0330663, , , , , , , , , , , , , , , , , , , , , , , , , , , , 
19.6819615, 0.0077211, , , , , , , 19.6819615, -0.03122, , , , , , , 19.6819615, -0.0095674, , , , , , , 19.6819615, 0.026688, , , , , , , , , , , , , , , , , , , , , , , , , , , , 
19.6824808, -0.0015106, , , , , , , 19.6824808, -0.0219883, , , , , , , 19.6824808, -0.012253, , , , , , , 19.6824808, 0.0213169, , , , , , , , , , , , , , , , , , , , , , , , , , , , 
19.683, -0.0139315, , , , , , , 19.683, 0.0555581, , , , , , , 19.683, -0.0102388, , , , , , , 19.683, 0.0142672, , , , , , , , , , , , , , , , , , , , , , , , , , , , 
19.6835192, -0.0209812, , , , , , , 19.6835192, 0.1334401, , , , , , , 19.6835192, -0.0077211, , , , , , , 19.6835192, 0.0087282, , , , , , , , , , , , , , , , , , , , , , , , , , , , 
19.6840385, -0.0216526, , , , , , , 19.6840385, 0.1435111, , , , , , , 19.6840385, -0.0043641, , , , , , , 19.6840385, 0.005539, , , , , , , , , , , , , , , , , , , , , , , , , , , , 
19.6845577, -0.0142672, , , , , , , 19.6845577, 0.0938277, , , , , , , 19.6845577, -0.0028534, , , , , , , 19.6845577, 0.0058747, , , , , , , , , , , , , , , , , , , , , , , , , , , , 
19.6850769, 0.0048676, , , , , , , 19.6850769, 0.0354162, , , , , , , 19.6850769, -0.0052033, , , , , , , 19.6850769, 0.0045319, , , , , , , , , , , , , , , , , , , , , , , , , , , , 
19.6855962, 0.0251774, , , , , , , 19.6855962, -0.0082246, , , , , , , 19.6855962, -0.0083925, , , , , , , 19.6855962, 0.0020142, , , , , , , , , , , , , , , , , , , , , , , , , , , , 
19.6861154, 0.0340734, , , , , , , 19.6861154, -0.0323949, , , , , , , 19.6861154, -0.008896, , , , , , , 19.6861154, -0.0008392, , , , , , , , , , , , , , , , , , , , , , , , , , , , 
19.6866346, 0.0298772, , , , , , , 19.6866346, -0.0302129, , , , , , , 19.6866346, -0.0099031, , , , , , , 19.6866346, -0.0031891, , , , , , , , , , , , , , , , , , , , , , , , , , , , 
19.6871538, 0.0199741, , , , , , , 19.6871538, -0.0216526, , , , , , , 19.6871538, -0.0102388, , , , , , , 19.6871538, -0.0028534, , , , , , , , , , , , , , , , , , , , , , , , , , , , 
19.6876731, 0.0162814, , , , , , , 19.6876731, -0.0357519, , , , , , , 19.6876731, -0.0099031, , , , , , , 19.6876731, -0.0048676, , , , , , , , , , , , , , , , , , , , , , , , , , , , 
19.6881923, 0.0216526, , , , , , , 19.6881923, -0.0473335, , , , , , , 19.6881923, -0.0099031, , , , , , , 19.6881923, -0.0062104, , , , , , , , , , , , , , , , , , , , , , , , , , , , 
19.6887115, 0.0280308, , , , , , , 19.6887115, -0.0273594, , , , , , , 19.6887115, -0.0085603, , , , , , , 19.6887115, -0.0043641, , , , , , , , , , , , , , , , , , , , , , , , , , , , 
19.6892308, 0.0292058, , , , , , , 19.6892308, -0.0015106, , , , , , , 19.6892308, -0.0038605, , , , , , , 19.6892308, -0.002182, , , , , , , , , , , , , , , , , , , , , , , , , , , , 
19.68975, 0.0283665, , , , , , , 19.68975, -0.0082246, , , , , , , 19.68975, 0.0018463, , , , , , , 19.68975, -0.0015106, , , , , , , , , , , , , , , , , , , , , , , , , , , , 
19.6902692, 0.0293736, , , , , , , 19.6902692, -0.043473, , , , , , , 19.6902692, 0.0041962, , , , , , , 19.6902692, -0.0036927, , , , , , , , , , , , , , , , , , , , , , , , , , , , 
19.6907885, 0.0313878, , , , , , , 19.6907885, -0.0827497, , , , , , , 19.6907885, 0.0052033, , , , , , , 19.6907885, -0.0099031, , , , , , , , , , , , , , , , , , , , , , , , , , , , 
19.6913077, 0.0295415, , , , , , , 19.6913077, -0.1042344, , , , , , , 19.6913077, 0.0072175, , , , , , , 19.6913077, -0.0159457, , , , , , , , , , , , , , , , , , , , , , , , , , , , 
19.6918269, 0.024506, , , , , , , 19.6918269, -0.1273976, , , , , , , 19.6918269, 0.0099031, , , , , , , 19.6918269, -0.0203098, , , , , , , , , , , , , , , , , , , , , , , , , , , , 
19.6923462, 0.0199741, , , , , , , 19.6923462, -0.1663386, , , , , , , 19.6923462, 0.012253, , , , , , , 19.6923462, -0.0216526, , , , , , , , , , , , , , , , , , , , , , , , , , , , 
19.6928654, 0.0159457, , , , , , , 19.6928654, -0.1871519, , , , , , , 19.6928654, 0.0125887, , , , , , , 19.6928654, -0.0203098, , , , , , , , , , , , , , , , , , , , , , , , , , , , 
19.6933846, 0.0119173, , , , , , , 19.6933846, -0.1616388, , , , , , , 19.6933846, 0.0120851, , , , , , , 19.6933846, -0.0196384, , , , , , , , , , , , , , , , , , , , , , , , , , , , 
19.6939038, 0.0092317, , , , , , , 19.6939038, -0.1096056, , , , , , , 19.6939038, 0.0078889, , , , , , , 19.6939038, -0.0186313, , , , , , , , , , , , , , , , , , , , , , , , , , , , 
19.6944231, 0.0058747, , , , , , , 19.6944231, -0.0619364, , , , , , , 19.6944231, -0.0001678, , , , , , , 19.6944231, -0.0137636, , , , , , , , , , , , , , , , , , , , , , , , , , , , 
19.6949423, 0.0011749, , , , , , , 19.6949423, -0.0169528, , , , , , , 19.6949423, -0.0035248, , , , , , , 19.6949423, -0.0075532, , , , , , , , , , , , , , , , , , , , , , , , , , , , 
19.6954615, -0.0006714, , , , , , , 19.6954615, 0.0209812, , , , , , , 19.6954615, -0.0036927, , , , , , , 19.6954615, 0.002182, , , , , , , , , , , , , , , , , , , , , , , , , , , , 
19.6959808, 0.0011749, , , , , , , 19.6959808, 0.0171206, , , , , , , 19.6959808, -0.0058747, , , , , , , 19.6959808, 0.0112459, , , , , , , , , , , , , , , , , , , , , , , , , , , , 
19.6965, 0.0023499, , , , , , , 19.6965, -0.0229953, , , , , , , 19.6965, -0.0095674, , , , , , , 19.6965, 0.0176242, , , , , , , , , , , , , , , , , , , , , , , , , , , , 
19.6970192, -0.0010071, , , , , , , 19.6970192, -0.0632792, , , , , , , 19.6970192, -0.0104067, , , , , , , 19.6970192, 0.0265202, , , , , , , , , , , , , , , , , , , , , , , , , , , , 
19.6975385, -0.0052033, , , , , , , 19.6975385, -0.0767071, , , , , , , 19.6975385, -0.0107424, , , , , , , 19.6975385, 0.0386053, , , , , , , , , , , , , , , , , , , , , , , , , , , , 
19.6980577, -0.0095674, , , , , , , 19.6980577, -0.0706645, , , , , , , 19.6980577, -0.0102388, , , , , , , 19.6980577, 0.0495155, , , , , , , , , , , , , , , , , , , , , , , , , , , , 
19.6985769, -0.0117494, , , , , , , 19.6985769, -0.0639506, , , , , , , 19.6985769, -0.0090639, , , , , , , 19.6985769, 0.0558938, , , , , , , , , , , , , , , , , , , , , , , , , , , , 
19.6990962, -0.0146029, , , , , , , 19.6990962, -0.0558938, , , , , , , 19.6990962, -0.0063783, , , , , , , 19.6990962, 0.0605936, , , , , , , , , , , , , , , , , , , , , , , , , , , , 
19.6996154, -0.0208133, , , , , , , 19.6996154, -0.047837, , , , , , , 19.6996154, -0.0030213, , , , , , , 19.6996154, 0.0669718, , , , , , , , , , , , , , , , , , , , , , , , , , , , 
19.7001346, -0.0223239, , , , , , , 19.7001346, -0.0485084, , , , , , , 19.7001346, -0.0035248, , , , , , , 19.7001346, 0.0716716, , , , , , , , , , , , , , , , , , , , , , , , , , , , 
19.7006538, -0.0149386, , , , , , , 19.7006538, -0.04448, , , , , , , 19.7006538, -0.0075532, , , , , , , 19.7006538, 0.0681468, , , , , , , , , , , , , , , , , , , , , , , , , , , , 
19.7011731, -0.0052033, , , , , , , 19.7011731, -0.0283665, , , , , , , 19.7011731, -0.0109102, , , , , , , 19.7011731, 0.0575723, , , , , , , , , , , , , , , , , , , , , , , , , , , , 
19.7016923, -0.0001678, , , , , , , 19.7016923, -0.0119173, , , , , , , 19.7016923, -0.0085603, , , , , , , 19.7016923, 0.0458228, , , , , , , , , , , , , , , , , , , , , , , , , , , , 
19.7022115, 0.0023499, , , , , , , 19.7022115, -0.0162814, , , , , , , 19.7022115, -0.0058747, , , , , , , 19.7022115, 0.0374304, , , , , , , , , , , , , , , , , , , , , , , , , , , , 
19.7027308, 0.0045319, , , , , , , 19.7027308, -0.0283665, , , , , , , 19.7027308, -0.0058747, , , , , , , 19.7027308, 0.0303807, , , , , , , , , , , , , , , , , , , , , , , , , , , , 
19.70325, 0.008896, , , , , , , 19.70325, -0.0219883, , , , , , , 19.70325, -0.0058747, , , , , , , 19.70325, 0.0283665, , , , , , , , , , , , , , , , , , , , , , , , , , , , 
19.7037692, 0.0119173, , , , , , , 19.7037692, -0.0045319, , , , , , , 19.7037692, -0.0025177, , , , , , , 19.7037692, 0.0273594, , , , , , , , , , , , , , , , , , , , , , , , , , , , 
19.7042885, 0.0092317, , , , , , , 19.7042885, 0.0052033, , , , , , , 19.7042885, -0.0001678, , , , , , , 19.7042885, 0.0229953, , , , , , , , , , , , , , , , , , , , , , , , , , , , 
19.7048077, -0.0001678, , , , , , , 19.7048077, 0.0105745, , , , , , , 19.7048077, -0.0041962, , , , , , , 19.7048077, 0.0166171, , , , , , , , , , , , , , , , , , , , , , , , , , , , 
19.7053269, -0.0085603, , , , , , , 19.7053269, 0.0219883, , , , , , , 19.7053269, -0.0115816, , , , , , , 19.7053269, 0.0112459, , , , , , , , , , , , , , , , , , , , , , , , , , , , 
19.7058462, -0.0058747, , , , , , , 19.7058462, 0.0397803, , , , , , , 19.7058462, -0.0166171, , , , , , , 19.7058462, 0.0052033, , , , , , , , , , , , , , , , , , , , , , , , , , , , 
19.7063654, 0.0048676, , , , , , , 19.7063654, 0.0550546, , , , , , , 19.7063654, -0.0193027, , , , , , , 19.7063654, -0.0018463, , , , , , , , , , , , , , , , , , , , , , , , , , , , 
19.7068846, 0.0182956, , , , , , , 19.7068846, 0.0713359, , , , , , , 19.7068846, -0.0223239, , , , , , , 19.7068846, -0.0092317, , , , , , , , , , , , , , , , , , , , , , , , , , , , 
19.7074038, 0.0344091, , , , , , , 19.7074038, 0.090135, , , , , , , 19.7074038, -0.0236667, , , , , , , 19.7074038, -0.0166171, , , , , , , , , , , , , , , , , , , , , , , , , , , , 
19.7079231, 0.0417945, , , , , , , 19.7079231, 0.1052415, , , , , , , 19.7079231, -0.0236667, , , , , , , 19.7079231, -0.0176242, , , , , , , , , , , , , , , , , , , , , , , , , , , , 
19.7084423, 0.033402, , , , , , , 19.7084423, 0.1169909, , , , , , , 19.7084423, -0.0223239, , , , , , , 19.7084423, -0.0152743, , , , , , , , , , , , , , , , , , , , , , , , , , , , 
19.7089615, 0.026688, , , , , , , 19.7089615, 0.1129625, , , , , , , 19.7089615, -0.0171206, , , , , , , 19.7089615, -0.0125887, , , , , , , , , , , , , , , , , , , , , , , , , , , , 
19.7094808, 0.0374304, , , , , , , 19.7094808, 0.0950027, , , , , , , 19.7094808, -0.0112459, , , , , , , 19.7094808, -0.0082246, , , , , , , , , , , , , , , , , , , , , , , , , , , , 
19.71, 0.0522011, , , , , , , 19.71, 0.093492, , , , , , , 19.71, -0.0068818, , , , , , , 19.71, -0.0075532, , , , , , , , , , , , , , , , , , , , , , , , , , , , 
19.7105192, 0.0594186, , , , , , , 19.7105192, 0.1186694, , , , , , , 19.7105192, -0.0070497, , , , , , , 19.7105192, -0.0112459, , , , , , , , , , , , , , , , , , , , , , , , , , , , 
19.7110385, 0.0622721, , , , , , , 19.7110385, 0.1401541, , , , , , , 19.7110385, -0.0129244, , , , , , , 19.7110385, -0.017792, , , , , , , , , , , , , , , , , , , , , , , , , , , , 
19.7115577, 0.0673075, , , , , , , 19.7115577, 0.1324331, , , , , , , 19.7115577, -0.023331, , , , , , , 19.7115577, -0.0260166, , , , , , , , , , , , , , , , , , , , , , , , , , , , 
19.7120769, 0.0681468, , , , , , , 19.7120769, 0.1099413, , , , , , , 19.7120769, -0.0297093, , , , , , , 19.7120769, -0.0307164, , , , , , , , , , , , , , , , , , , , , , , , , , , , 
19.7125962, 0.0609293, , , , , , , 19.7125962, 0.096849, , , , , , , 19.7125962, -0.0263523, , , , , , , 19.7125962, -0.030045, , , , , , , , , , , , , , , , , , , , , , , , , , , , 
19.7131154, 0.0555581, , , , , , , 19.7131154, 0.0908064, , , , , , , 19.7131154, -0.018967, , , , , , , 19.7131154, -0.0290379, , , , , , , , , , , , , , , , , , , , , , , , , , , , 
19.7136346, 0.0527047, , , , , , , 19.7136346, 0.0688182, , , , , , , 19.7136346, -0.0129244, , , , , , , 19.7136346, -0.0273594, , , , , , , , , , , , , , , , , , , , , , , , , , , , 
19.7141538, 0.043473, , , , , , , 19.7141538, 0.0307164, , , , , , , 19.7141538, -0.0085603, , , , , , , 19.7141538, -0.0219883, , , , , , , , , , , , , , , , , , , , , , , , , , , , 
19.7146731, 0.0283665, , , , , , , 19.7146731, -0.0283665, , , , , , , 19.7146731, -0.0050355, , , , , , , 19.7146731, -0.0146029, , , , , , , , , , , , , , , , , , , , , , , , , , , , 
19.7151923, 0.0179599, , , , , , , 19.7151923, -0.1134661, , , , , , , 19.7151923, -0.0015106, , , , , , , 19.7151923, -0.0041962, , , , , , , , , , , , , , , , , , , , , , , , , , , , 
19.7157115, 0.0172885, , , , , , , 19.7157115, -0.1727169, , , , , , , 19.7157115, 0.0010071, , , , , , , 19.7157115, 0.0075532, , , , , , , , , , , , , , , , , , , , , , , , , , , , 
19.7162308, 0.0152743, , , , , , , 19.7162308, -0.1901732, , , , , , , 19.7162308, -0.0011749, , , , , , , 19.7162308, 0.0171206, , , , , , , , , , , , , , , , , , , , , , , , , , , , 
19.71675, 0.0085603, , , , , , , 19.71675, -0.2000763, , , , , , , 19.71675, -0.0050355, , , , , , , 19.71675, 0.0287022, , , , , , , , , , , , , , , , , , , , , , , , , , , , 
19.7172692, -0.0041962, , , , , , , 19.7172692, -0.2136721, , , , , , , 19.7172692, -0.0095674, , , , , , , 19.7172692, 0.0414588, , , , , , , , , , , , , , , , , , , , , , , , , , , , 
19.7177885, -0.011078, , , , , , , 19.7177885, -0.19823, , , , , , , 19.7177885, -0.0135958, , , , , , , 19.7177885, 0.0498512, , , , , , , , , , , , , , , , , , , , , , , , , , , , 
19.7183077, -0.0099031, , , , , , , 19.7183077, -0.1267262, , , , , , , 19.7183077, -0.0139315, , , , , , , 19.7183077, 0.0557259, , , , , , , , , , , , , , , , , , , , , , , , , , , , 
19.7188269, -0.0035248, , , , , , , 19.7188269, -0.026688, , , , , , , 19.7188269, -0.0119173, , , , , , , 19.7188269, 0.0594186, , , , , , , , , , , , , , , , , , , , , , , , , , , , 
19.7193462, -0.0018463, , , , , , , 19.7193462, 0.0458228, , , , , , , 19.7193462, -0.0090639, , , , , , , 19.7193462, 0.0632792, , , , , , , , , , , , , , , , , , , , , , , , , , , , 
19.7198654, -0.0072175, , , , , , , 19.7198654, 0.061265, , , , , , , 19.7198654, -0.008896, , , , , , , 19.7198654, 0.0669718, , , , , , , , , , , , , , , , , , , , , , , , , , , , 
19.7203846, -0.0223239, , , , , , , 19.7203846, 0.047837, , , , , , , 19.7203846, -0.0082246, , , , , , , 19.7203846, 0.0659648, , , , , , , , , , , , , , , , , , , , , , , , , , , , 
19.7209038, -0.0431373, , , , , , , 19.7209038, 0.054551, , , , , , , 19.7209038, -0.0102388, , , , , , , 19.7209038, 0.0587472, , , , , , , , , , , , , , , , , , , , , , , , , , , , 
19.7214231, -0.0532082, , , , , , , 19.7214231, 0.0814069, , , , , , , 19.7214231, -0.0105745, , , , , , , 19.7214231, 0.0505226, , , , , , , , , , , , , , , , , , , , , , , , , , , , 
19.7219423, -0.0480049, , , , , , , 19.7219423, 0.082414, , , , , , , 19.7219423, -0.0099031, , , , , , , 19.7219423, 0.043473, , , , , , , , , , , , , , , , , , , , , , , , , , , , 
19.7224615, -0.0360876, , , , , , , 19.7224615, 0.0327306, , , , , , , 19.7224615, -0.0105745, , , , , , , 19.7224615, 0.0365911, , , , , , , , , , , , , , , , , , , , , , , , , , , , 
19.7229808, -0.0179599, , , , , , , 19.7229808, -0.0347448, , , , , , , 19.7229808, -0.0105745, , , , , , , 19.7229808, 0.0275273, , , , , , , , , , , , , , , , , , , , , , , , , , , , 
19.7235, 0.0015106, , , , , , , 19.7235, -0.0746929, , , , , , , 19.7235, -0.0058747, , , , , , , 19.7235, 0.0193027, , , , , , , , , , , , , , , , , , , , , , , , , , , , 
19.7240192, 0.0146029, , , , , , , 19.7240192, -0.0782177, , , , , , , 19.7240192, -0.0052033, , , , , , , 19.7240192, 0.0132601, , , , , , , , , , , , , , , , , , , , , , , , , , , , 
19.7245385, 0.0196384, , , , , , , 19.7245385, -0.0656291, , , , , , , 19.7245385, -0.0082246, , , , , , , 19.7245385, 0.008896, , , , , , , , , , , , , , , , , , , , , , , , , , , , 
19.7250577, 0.0216526, , , , , , , 19.7250577, -0.0421302, , , , , , , 19.7250577, -0.0095674, , , , , , , 19.7250577, 0.0045319, , , , , , , , , , , , , , , , , , , , , , , , , , , , 
19.7255769, 0.0285344, , , , , , , 19.7255769, -0.0058747, , , , , , , 19.7255769, -0.0095674, , , , , , , 19.7255769, 0.0018463, , , , , , , , , , , , , , , , , , , , , , , , , , , , 
19.7260962, 0.0397803, , , , , , , 19.7260962, 0.0199741, , , , , , , 19.7260962, -0.008896, , , , , , , 19.7260962, 0.0010071, , , , , , , , , , , , , , , , , , , , , , , , , , , , 
19.7266154, 0.0493477, , , , , , , 19.7266154, 0.0602579, , , , , , , 19.7266154, -0.0062104, , , , , , , 19.7266154, -0.0005035, , , , , , , , , , , , , , , , , , , , , , , , , , , , 
19.7271346, 0.0558938, , , , , , , 19.7271346, 0.124712, , , , , , , 19.7271346, 0.0003357, , , , , , , 19.7271346, -0.0015106, , , , , , , , , , , , , , , , , , , , , , , , , , , , 
19.7276538, 0.0538796, , , , , , , 19.7276538, 0.1639887, , , , , , , 19.7276538, 0.0031891, , , , , , , 19.7276538, -0.0030213, , , , , , , , , , , , , , , , , , , , , , , , , , , , 
19.7281731, 0.0454871, , , , , , , 19.7281731, 0.142504, , , , , , , 19.7281731, 0.0031891, , , , , , , 19.7281731, -0.0028534, , , , , , , , , , , , , , , , , , , , , , , , , , , , 
19.7286923, 0.0357519, , , , , , , 19.7286923, 0.0881209, , , , , , , 19.7286923, 0.0031891, , , , , , , 19.7286923, -0.0008392, , , , , , , , , , , , , , , , , , , , , , , , , , , , 
19.7292115, 0.0273594, , , , , , , 19.7292115, 0.0219883, , , , , , , 19.7292115, 0.0005035, , , , , , , 19.7292115, 0.0028534, , , , , , , , , , , , , , , , , , , , , , , , , , , , 
19.7297308, 0.0186313, , , , , , , 19.7297308, -0.0589151, , , , , , , 19.7297308, 0.0003357, , , , , , , 19.7297308, 0.0075532, , , , , , , , , , , , , , , , , , , , , , , , , , , , 
19.73025, 0.0149386, , , , , , , 19.73025, -0.1294118, , , , , , , 19.73025, 0.0038605, , , , , , , 19.73025, 0.0105745, , , , , , , , , , , , , , , , , , , , , , , , , , , , 
19.7307692, 0.0199741, , , , , , , 19.7307692, -0.1618067, , , , , , , 19.7307692, 0.0036927, , , , , , , 19.7307692, 0.0072175, , , , , , , , , , , , , , , , , , , , , , , , , , , , 
19.7312885, 0.0263523, , , , , , , 19.7312885, -0.1693599, , , , , , , 19.7312885, -0.0001678, , , , , , , 19.7312885, -0.0003357, , , , , , , , , , , , , , , , , , , , , , , , , , , , 
19.7318077, 0.0216526, , , , , , , 19.7318077, -0.1720455, , , , , , , 19.7318077, -0.0008392, , , , , , , 19.7318077, -0.0011749, , , , , , , , , , , , , , , , , , , , , , , , , , , , 
19.7323269, 0.0105745, , , , , , , 19.7323269, -0.1613031, , , , , , , 19.7323269, 0.0035248, , , , , , , 19.7323269, 0.005539, , , , , , , , , , , , , , , , , , , , , , , , , , , , 
19.7328462, 0.0052033, , , , , , , 19.7328462, -0.1173266, , , , , , , 19.7328462, 0.0043641, , , , , , , 19.7328462, 0.0115816, , , , , , , , , , , , , , , , , , , , , , , , , , , , 
19.7333654, 0.0053712, , , , , , , 19.7333654, -0.0649577, , , , , , , 19.7333654, -0.0025177, , , , , , , 19.7333654, 0.0129244, , , , , , , , , , , , , , , , , , , , , , , , , , , , 
19.7338846, 0.0072175, , , , , , , 19.7338846, -0.0491798, , , , , , , 19.7338846, -0.0102388, , , , , , , 19.7338846, 0.0135958, , , , , , , , , , , , , , , , , , , , , , , , , , , , 
19.7344038, 0.0102388, , , , , , , 19.7344038, -0.064622, , , , , , , 19.7344038, -0.0119173, , , , , , , 19.7344038, 0.0152743, , , , , , , , , , , , , , , , , , , , , , , , , , , , 
19.7349231, 0.0176242, , , , , , , 19.7349231, -0.0599222, , , , , , , 19.7349231, -0.0130922, , , , , , , 19.7349231, 0.0193027, , , , , , , , , , , , , , , , , , , , , , , , , , , , 
19.7354423, 0.0216526, , , , , , , 19.7354423, -0.0285344, , , , , , , 19.7354423, -0.0154421, , , , , , , 19.7354423, 0.0260166, , , , , , , , , , , , , , , , , , , , , , , , , , , , 
19.7359615, 0.0179599, , , , , , , 19.7359615, -0.0090639, , , , , , , 19.7359615, -0.0135958, , , , , , , 19.7359615, 0.0332341, , , , , , , , , , , , , , , , , , , , , , , , , , , , 
19.7364808, 0.011078, , , , , , , 19.7364808, -0.0167849, , , , , , , 19.7364808, -0.0083925, , , , , , , 19.7364808, 0.0387732, , , , , , , , , , , , , , , , , , , , , , , , , , , , 
19.737, 0.0078889, , , , , , , 19.737, -0.0290379, , , , , , , 19.737, -0.0043641, , , , , , , 19.737, 0.0446479, , , , , , , , , , , , , , , , , , , , , , , , , , , , 
19.7375192, 0.0038605, , , , , , , 19.7375192, -0.021149, , , , , , , 19.7375192, -0.0025177, , , , , , , 19.7375192, 0.0500191, , , , , , , , , , , , , , , , , , , , , , , , , , , , 
19.7380385, -0.0025177, , , , , , , 19.7380385, 0.0219883, , , , , , , 19.7380385, -0.002182, , , , , , , 19.7380385, 0.0562295, , , , , , , , , , , , , , , , , , , , , , , , , , , , 
19.7385577, -0.0132601, , , , , , , 19.7385577, 0.085771, , , , , , , 19.7385577, -0.0028534, , , , , , , 19.7385577, 0.0609293, , , , , , , , , , , , , , , , , , , , , , , , , , , , 
19.7390769, -0.0270237, , , , , , , 19.7390769, 0.114641, , , , , , , 19.7390769, -0.0018463, , , , , , , 19.7390769, 0.0629435, , , , , , , , , , , , , , , , , , , , , , , , , , , , 
19.7395962, -0.0330663, , , , , , , 19.7395962, 0.0844282, , , , , , , 19.7395962, -0.0003357, , , , , , , 19.7395962, 0.0649577, , , , , , , , , , , , , , , , , , , , , , , , , , , , 
19.7401154, -0.0323949, , , , , , , 19.7401154, 0.0317235, , , , , , , 19.7401154, 0.0018463, , , , , , , 19.7401154, 0.0663005, , , , , , , , , , , , , , , , , , , , , , , , , , , , 
19.7406346, -0.0318914, , , , , , , 19.7406346, 0.0149386, , , , , , , 19.7406346, 0.0041962, , , , , , , 19.7406346, 0.0642863, , , , , , , , , , , , , , , , , , , , , , , , , , , , 
19.7411538, -0.0303807, , , , , , , 19.7411538, 0.0602579, , , , , , , 19.7411538, 0.0060426, , , , , , , 19.7411538, 0.054551, , , , , , , , , , , , , , , , , , , , , , , , , , , , 
19.7416731, -0.0243381, , , , , , , 19.7416731, 0.1126268, , , , , , , 19.7416731, 0.0057069, , , , , , , 19.7416731, 0.0424659, , , , , , , , , , , , , , , , , , , , , , , , , , , , 
19.7421923, -0.0135958, , , , , , , 19.7421923, 0.110277, , , , , , , 19.7421923, 0.0065461, , , , , , , 19.7421923, 0.0327306, , , , , , , , , , , , , , , , , , , , , , , , , , , , 
19.7427115, -0.0031891, , , , , , , 19.7427115, 0.0548867, , , , , , , 19.7427115, 0.0072175, , , , , , , 19.7427115, 0.0260166, , , , , , , , , , , , , , , , , , , , , , , , , , , , 
19.7432308, -0.0015106, , , , , , , 19.7432308, -0.0095674, , , , , , , 19.7432308, 0.0045319, , , , , , , 19.7432308, 0.0198062, , , , , , , , , , , , , , , , , , , , , , , , , , , , 
19.74375, -0.0028534, , , , , , , 19.74375, -0.0464942, , , , , , , 19.74375, 0.0006714, , , , , , , 19.74375, 0.0137636, , , , , , , , , , , , , , , , , , , , , , , , , , , , 
19.7442692, -0.0015106, , , , , , , 19.7442692, -0.051194, , , , , , , 19.7442692, -0.0041962, , , , , , , 19.7442692, 0.0072175, , , , , , , , , , , , , , , , , , , , , , , , , , , , 
19.7447885, 0.0028534, , , , , , , 19.7447885, -0.0597543, , , , , , , 19.7447885, -0.0102388, , , , , , , 19.7447885, 0.0018463, , , , , , , , , , , , , , , , , , , , , , , , , , , , 
19.7453077, 0.0016785, , , , , , , 19.7453077, -0.0881209, , , , , , , 19.7453077, -0.0142672, , , , , , , 19.7453077, -0.0015106, , , , , , , , , , , , , , , , , , , , , , , , , , , , 
19.7458269, 0.005539, , , , , , , 19.7458269, -0.124712, , , , , , , 19.7458269, -0.0137636, , , , , , , 19.7458269, -0.0035248, , , , , , , , , , , , , , , , , , , , , , , , , , , , 
19.7463462, 0.0129244, , , , , , , 19.7463462, -0.148043, , , , , , , 19.7463462, -0.0099031, , , , , , , 19.7463462, -0.0048676, , , , , , , , , , , , , , , , , , , , , , , , , , , , 
19.7468654, 0.0139315, , , , , , , 19.7468654, -0.1284047, , , , , , , 19.7468654, -0.0082246, , , , , , , 19.7468654, -0.0045319, , , , , , , , , , , , , , , , , , , , , , , , , , , , 
19.7473846, 0.0132601, , , , , , , 19.7473846, -0.0417945, , , , , , , 19.7473846, -0.0102388, , , , , , , 19.7473846, -0.0035248, , , , , , , , , , , , , , , , , , , , , , , , , , , , 
19.7479038, 0.0186313, , , , , , , 19.7479038, 0.0716716, , , , , , , 19.7479038, -0.0149386, , , , , , , 19.7479038, -0.0052033, , , , , , , , , , , , , , , , , , , , , , , , , , , , 
19.7484231, 0.0293736, , , , , , , 19.7484231, 0.156939, , , , , , , 19.7484231, -0.0219883, , , , , , , 19.7484231, -0.0058747, , , , , , , , , , , , , , , , , , , , , , , , , , , , 
19.7489423, 0.043473, , , , , , , 19.7489423, 0.199237, , , , , , , 19.7489423, -0.0265202, , , , , , , 19.7489423, -0.0028534, , , , , , , , , , , , , , , , , , , , , , , , , , , , 
19.7494615, 0.0533761, , , , , , , 19.7494615, 0.2203861, , , , , , , 19.7494615, -0.0270237, , , , , , , 19.7494615, 0.0001678, , , , , , , , , , , , , , , , , , , , , , , , , , , , 
19.7499808, 0.0555581, , , , , , , 19.7499808, 0.2109865, , , , , , , 19.7499808, -0.0273594, , , , , , , 19.7499808, -0.0003357, , , , , , , , , , , , , , , , , , , , , , , , , , , , 
19.7505, 0.0542153, , , , , , , 19.7505, 0.1220264, , , , , , , 19.7505, -0.0280308, , , , , , , 19.7505, -0.0038605, , , , , , , , , , , , , , , , , , , , , , , , , , , , 
19.7510192, 0.0535439, , , , , , , 19.7510192, -0.0161135, , , , , , , 19.7510192, -0.023331, , , , , , , 19.7510192, -0.0097353, , , , , , , , , , , , , , , , , , , , , , , , , , , , 
19.7515385, 0.0548867, , , , , , , 19.7515385, -0.1193408, , , , , , , 19.7515385, -0.0176242, , , , , , , 19.7515385, -0.0142672, , , , , , , , , , , , , , , , , , , , , , , , , , , , 
19.7520577, 0.0629435, , , , , , , 19.7520577, -0.1841306, , , , , , , 19.7520577, -0.0135958, , , , , , , 19.7520577, -0.0171206, , , , , , , , , , , , , , , , , , , , , , , , , , , , 
19.7525769, 0.0720073, , , , , , , 19.7525769, -0.2425422, , , , , , , 19.7525769, -0.0095674, , , , , , , 19.7525769, -0.018967, , , , , , , , , , , , , , , , , , , , , , , , , , , , 
19.7530962, 0.0710002, , , , , , , 19.7530962, -0.2722515, , , , , , , 19.7530962, -0.0075532, , , , , , , 19.7530962, -0.018967, , , , , , , , , , , , , , , , , , , , , , , , , , , , 
19.7536154, 0.0629435, , , , , , , 19.7536154, -0.2410315, , , , , , , 19.7536154, -0.0045319, , , , , , , 19.7536154, -0.0169528, , , , , , , , , , , , , , , , , , , , , , , , , , , , 
19.7541346, 0.0555581, , , , , , , 19.7541346, -0.1534142, , , , , , , 19.7541346, -0.002182, , , , , , , 19.7541346, -0.012253, , , , , , , , , , , , , , , , , , , , , , , , , , , , 
19.7546538, 0.0464942, , , , , , , 19.7546538, -0.0592508, , , , , , , 19.7546538, 0.0011749, , , , , , , 19.7546538, -0.0025177, , , , , , , , , , , , , , , , , , , , , , , , , , , , 
19.7551731, 0.0426337, , , , , , , 19.7551731, -0.0016785, , , , , , , 19.7551731, 0.0070497, , , , , , , 19.7551731, 0.0082246, , , , , , , , , , , , , , , , , , , , , , , , , , , , 
19.7556923, 0.0454871, , , , , , , 19.7556923, 0.0349126, , , , , , , 19.7556923, 0.0115816, , , , , , , 19.7556923, 0.0166171, , , , , , , , , , , , , , , , , , , , , , , , , , , , 
19.7562115, 0.0522011, , , , , , , 19.7562115, 0.0750286, , , , , , , 19.7562115, 0.0117494, , , , , , , 19.7562115, 0.0246738, , , , , , , , , , , , , , , , , , , , , , , , , , , , 
19.7567308, 0.0500191, , , , , , , 19.7567308, 0.1085985, , , , , , , 19.7567308, 0.008896, , , , , , , 19.7567308, 0.0345769, , , , , , , , , , , , , , , , , , , , , , , , , , , , 
19.75725, 0.0360876, , , , , , , 19.75725, 0.1505608, , , , , , , 19.75725, 0.0072175, , , , , , , 19.75725, 0.0468299, , , , , , , , , , , , , , , , , , , , , , , , , , , , 
19.7577692, 0.0231632, , , , , , , 19.7577692, 0.1999084, , , , , , , 19.7577692, 0.0078889, , , , , , , 19.7577692, 0.0562295, , , , , , , , , , , , , , , , , , , , , , , , , , , , 
19.7582885, 0.0166171, , , , , , , 19.7582885, 0.2140078, , , , , , , 19.7582885, 0.0058747, , , , , , , 19.7582885, 0.0621042, , , , , , , , , , , , , , , , , , , , , , , , , , , , 
19.7588077, 0.0095674, , , , , , , 19.7588077, 0.1720455, , , , , , , 19.7588077, -0.0015106, , , , , , , 19.7588077, 0.0673075, , , , , , , , , , , , , , , , , , , , , , , , , , , , 
19.7593269, 0.002182, , , , , , , 19.7593269, 0.1153124, , , , , , , 19.7593269, -0.0068818, , , , , , , 19.7593269, 0.0691539, , , , , , , , , , , , , , , , , , , , , , , , , , , , 
19.7598462, -0.0082246, , , , , , , 19.7598462, 0.0428016, , , , , , , 19.7598462, -0.0072175, , , , , , , 19.7598462, 0.0673075, , , , , , , , , , , , , , , , , , , , , , , , , , , , 
19.7603654, -0.0193027, , , , , , , 19.7603654, -0.0679789, , , , , , , 19.7603654, -0.0065461, , , , , , , 19.7603654, 0.0602579, , , , , , , , , , , , , , , , , , , , , , , , , , , , 
19.7608846, -0.0251774, , , , , , , 19.7608846, -0.1653315, , , , , , , 19.7608846, -0.0036927, , , , , , , 19.7608846, 0.0488441, , , , , , , , , , , , , , , , , , , , , , , , , , , , 
19.7614038, -0.0236667, , , , , , , 19.7614038, -0.1985657, , , , , , , 19.7614038, 0.0038605, , , , , , , 19.7614038, 0.0330663, , , , , , , , , , , , , , , , , , , , , , , , , , , , 
19.7619231, -0.0250095, , , , , , , 19.7619231, -0.1549248, , , , , , , 19.7619231, 0.011078, , , , , , , 19.7619231, 0.0179599, , , , , , , , , , , , , , , , , , , , , , , , , , , , 
19.7624423, -0.0223239, , , , , , , 19.7624423, -0.0787213, , , , , , , 19.7624423, 0.0052033, , , , , , , 19.7624423, 0.0041962, , , , , , , , , , , , , , , , , , , , , , , , , , , , 
19.7629615, -0.0083925, , , , , , , 19.7629615, -0.0258488, , , , , , , 19.7629615, -0.0102388, , , , , , , 19.7629615, -0.0068818, , , , , , , , , , , , , , , , , , , , , , , , , , , , 
19.7634808, 0.0025177, , , , , , , 19.7634808, -0.033402, , , , , , , 19.7634808, -0.0263523, , , , , , , 19.7634808, -0.0129244, , , , , , , , , , , , , , , , , , , , , , , , , , , , 
19.764, 0.0065461, , , , , , , 19.764, -0.0809033, , , , , , , 19.764, -0.0340734, , , , , , , 19.764, -0.0149386, , , , , , , , , , , , , , , , , , , , , , , , , , , , 
19.7645192, 0.011078, , , , , , , 19.7645192, -0.117998, , , , , , , 19.7645192, -0.0377661, , , , , , , 19.7645192, -0.0135958, , , , , , , , , , , , , , , , , , , , , , , , , , , , 
19.7650385, 0.0132601, , , , , , , 19.7650385, -0.1297475, , , , , , , 19.7650385, -0.0381018, , , , , , , 19.7650385, -0.0095674, , , , , , , , , , , , , , , , , , , , , , , , , , , , 
19.7655577, 0.0092317, , , , , , , 19.7655577, -0.1210193, , , , , , , 19.7655577, -0.0347448, , , , , , , 19.7655577, -0.0008392, , , , , , , , , , , , , , , , , , , , , , , , , , , , 
19.7660769, 0.0031891, , , , , , , 19.7660769, -0.1028916, , , , , , , 19.7660769, -0.0276951, , , , , , , 19.7660769, 0.0068818, , , , , , , , , , , , , , , , , , , , , , , , , , , , 
19.7665962, -0.0041962, , , , , , , 19.7665962, -0.0626078, , , , , , , 19.7665962, -0.0219883, , , , , , , 19.7665962, 0.0112459, , , , , , , , , , , , , , , , , , , , , , , , , , , , 
19.7671154, -0.0149386, , , , , , , 19.7671154, -0.0030213, , , , , , , 19.7671154, -0.0182956, , , , , , , 19.7671154, 0.0099031, , , , , , , , , , , , , , , , , , , , , , , , , , , , 
19.7676346, -0.023331, , , , , , , 19.7676346, 0.0619364, , , , , , , 19.7676346, -0.0162814, , , , , , , 19.7676346, 0.0048676, , , , , , , , , , , , , , , , , , , , , , , , , , , , 
19.7681538, -0.0238346, , , , , , , 19.7681538, 0.1784237, , , , , , , 19.7681538, -0.0135958, , , , , , , 19.7681538, -0.0028534, , , , , , , , , , , , , , , , , , , , , , , , , , , , 
19.7686731, -0.0182956, , , , , , , 19.7686731, 0.3375448, , , , , , , 19.7686731, -0.0085603, , , , , , , 19.7686731, -0.0130922, , , , , , , , , , , , , , , , , , , , , , , , , , , , 
19.7691923, -0.012253, , , , , , , 19.7691923, 0.4171054, , , , , , , 19.7691923, -0.002182, , , , , , , 19.7691923, -0.0231632, , , , , , , , , , , , , , , , , , , , , , , , , , , , 
19.7697115, -0.012253, , , , , , , 19.7697115, 0.376318, , , , , , , 19.7697115, 0.0011749, , , , , , , 19.7697115, -0.0298772, , , , , , , , , , , , , , , , , , , , , , , , , , , , 
19.7702308, -0.0172885, , , , , , , 19.7702308, 0.2999466, , , , , , , 19.7702308, 0.0068818, , , , , , , 19.7702308, -0.0377661, , , , , , , , , , , , , , , , , , , , , , , , , , , , 
19.77075, -0.0226596, , , , , , , 19.77075, 0.2479133, , , , , , , 19.77075, 0.0162814, , , , , , , 19.77075, -0.0488441, , , , , , , , , , , , , , , , , , , , , , , , , , , , 
19.7712692, -0.0226596, , , , , , , 19.7712692, 0.1938659, , , , , , , 19.7712692, 0.0224918, , , , , , , 19.7712692, -0.0610971, , , , , , , , , , , , , , , , , , , , , , , , , , , , 
19.7717885, -0.0216526, , , , , , , 19.7717885, 0.0894636, , , , , , , 19.7717885, 0.0240024, , , , , , , 19.7717885, -0.0733501, , , , , , , , , , , , , , , , , , , , , , , , , , , , 
19.7723077, -0.0280308, , , , , , , 19.7723077, -0.0397803, , , , , , , 19.7723077, 0.0186313, , , , , , , 19.7723077, -0.0840925, , , , , , , , , , , , , , , , , , , , , , , , , , , , 
19.7728269, -0.0287022, , , , , , , 19.7728269, -0.1156481, , , , , , , 19.7728269, 0.0092317, , , , , , , 19.7728269, -0.0904707, , , , , , , , , , , , , , , , , , , , , , , , , , , , 
19.7733462, -0.0203098, , , , , , , 19.7733462, -0.0632792, , , , , , , 19.7733462, 0.005539, , , , , , , 19.7733462, -0.093492, , , , , , , , , , , , , , , , , , , , , , , , , , , , 
19.7738654, -0.0105745, , , , , , , 19.7738654, 0.0616007, , , , , , , 19.7738654, 0.0008392, , , , , , , 19.7738654, -0.0918135, , , , , , , , , , , , , , , , , , , , , , , , , , , , 
19.7743846, -0.0102388, , , , , , , 19.7743846, 0.124712, , , , , , , 19.7743846, -0.0226596, , , , , , , 19.7743846, -0.0850996, , , , , , , , , , , , , , , , , , , , , , , , , , , , 
19.7749038, -0.0162814, , , , , , , 19.7749038, 0.131426, , , , , , , 19.7749038, -0.0513619, , , , , , , 19.7749038, -0.0748608, , , , , , , , , , , , , , , , , , , , , , , , , , , , 
19.7754231, -0.021149, , , , , , , 19.7754231, 0.1304189, , , , , , , 19.7754231, -0.0679789, , , , , , , 19.7754231, -0.0622721, , , , , , , , , , , , , , , , , , , , , , , , , , , , 
19.7759423, -0.024506, , , , , , , 19.7759423, 0.0721752, , , , , , , 19.7759423, -0.0686503, , , , , , , 19.7759423, -0.0501869, , , , , , , , , , , , , , , , , , , , , , , , , , , , 
19.7764615, -0.0216526, , , , , , , 19.7764615, -0.0619364, , , , , , , 19.7764615, -0.0602579, , , , , , , 19.7764615, -0.0340734, , , , , , , , , , , , , , , , , , , , , , , , , , , , 
19.7769808, -0.0162814, , , , , , , 19.7769808, -0.2354925, , , , , , , 19.7769808, -0.049012, , , , , , , 19.7769808, -0.0152743, , , , , , , , , , , , , , , , , , , , , , , , , , , , 
19.7775, -0.0115816, , , , , , , 19.7775, -0.4073701, , , , , , , 19.7775, -0.0394446, , , , , , , 19.7775, -0.0031891, , , , , , , , , , , , , , , , , , , , , , , , , , , , 
19.7780192, -0.0102388, , , , , , , 19.7780192, -0.5097581, , , , , , , 19.7780192, -0.0339055, , , , , , , 19.7780192, 0.0028534, , , , , , , , , , , , , , , , , , , , , , , , , , , , 
19.7785385, -0.012253, , , , , , , 19.7785385, -0.5374533, , , , , , , 19.7785385, -0.0290379, , , , , , , 19.7785385, 0.0082246, , , , , , , , , , , , , , , , , , , , , , , , , , , , 
19.7790577, -0.0162814, , , , , , , 19.7790577, -0.5419852, , , , , , , 19.7790577, -0.0229953, , , , , , , 19.7790577, 0.0159457, , , , , , , , , , , , , , , , , , , , , , , , , , , , 
19.7795769, -0.0152743, , , , , , , 19.7795769, -0.4991836, , , , , , , 19.7795769, -0.0115816, , , , , , , 19.7795769, 0.023331, , , , , , , , , , , , , , , , , , , , , , , , , , , , 
19.7800962, -0.0095674, , , , , , , 19.7800962, -0.3781643, , , , , , , 19.7800962, 0.0052033, , , , , , , 19.7800962, 0.0303807, , , , , , , , , , , , , , , , , , , , , , , , , , , , 
19.7806154, -0.0018463, , , , , , , 19.7806154, -0.2009155, , , , , , , 19.7806154, 0.0271916, , , , , , , 19.7806154, 0.0340734, , , , , , , , , , , , , , , , , , , , , , , , , , , , 
19.7811346, 0.0035248, , , , , , , 19.7811346, -0.0135958, , , , , , , 19.7811346, 0.0522011, , , , , , , 19.7811346, 0.0340734, , , , , , , , , , , , , , , , , , , , , , , , , , , , 
19.7816538, 0.0129244, , , , , , , 19.7816538, 0.1109483, , , , , , , 19.7816538, 0.0720073, , , , , , , 19.7816538, 0.0327306, , , , , , , , , , , , , , , , , , , , , , , , , , , , 
19.7821731, 0.0226596, , , , , , , 19.7821731, 0.1361257, , , , , , , 19.7821731, 0.0810712, , , , , , , 19.7821731, 0.0307164, , , , , , , , , , , , , , , , , , , , , , , , , , , , 
19.7826923, 0.030045, , , , , , , 19.7826923, 0.0908064, , , , , , , 19.7826923, 0.0782177, , , , , , , 19.7826923, 0.0280308, , , , , , , , , , , , , , , , , , , , , , , , , , , , 
19.7832115, 0.0397803, , , , , , , 19.7832115, 0.0058747, , , , , , , 19.7832115, 0.0637827, , , , , , , 19.7832115, 0.0250095, , , , , , , , , , , , , , , , , , , , , , , , , , , , 
19.7837308, 0.051194, , , , , , , 19.7837308, -0.0728466, , , , , , , 19.7837308, 0.0428016, , , , , , , 19.7837308, 0.0260166, , , , , , , , , , , , , , , , , , , , , , , , , , , , 
19.78425, 0.0609293, , , , , , , 19.78425, -0.0995346, , , , , , , 19.78425, 0.0240024, , , , , , , 19.78425, 0.0265202, , , , , , , , , , , , , , , , , , , , , , , , , , , , 
19.7847692, 0.0713359, , , , , , , 19.7847692, -0.0589151, , , , , , , 19.7847692, 0.0099031, , , , , , , 19.7847692, 0.0271916, , , , , , , , , , , , , , , , , , , , , , , , , , , , 
19.7852885, 0.0850996, , , , , , , 19.7852885, 0.0065461, , , , , , , 19.7852885, -0.0015106, , , , , , , 19.7852885, 0.0276951, , , , , , , , , , , , , , , , , , , , , , , , , , , , 
19.7858077, 0.0955062, , , , , , , 19.7858077, 0.0481727, , , , , , , 19.7858077, -0.0092317, , , , , , , 19.7858077, 0.0250095, , , , , , , , , , , , , , , , , , , , , , , , , , , , 
19.7863269, 0.0978561, , , , , , , 19.7863269, 0.0706645, , , , , , , 19.7863269, -0.0142672, , , , , , , 19.7863269, 0.0226596, , , , , , , , , , , , , , , , , , , , , , , , , , , , 
19.7868462, 0.1018845, , , , , , , 19.7868462, 0.1367971, , , , , , , 19.7868462, -0.0159457, , , , , , , 19.7868462, 0.0250095, , , , , , , , , , , , , , , , , , , , , , , , , , , , 
19.7873654, 0.1126268, , , , , , , 19.7873654, 0.2213931, , , , , , , 19.7873654, -0.0152743, , , , , , , 19.7873654, 0.0307164, , , , , , , , , , , , , , , , , , , , , , , , , , , , 
19.7878846, 0.1250477, , , , , , , 19.7878846, 0.2536202, , , , , , , 19.7878846, -0.0137636, , , , , , , 19.7878846, 0.0364233, , , , , , , , , , , , , , , , , , , , , , , , , , , , 
19.7884038, 0.1294118, , , , , , , 19.7884038, 0.2838331, , , , , , , 19.7884038, -0.0135958, , , , , , , 19.7884038, 0.0414588, , , , , , , , , , , , , , , , , , , , , , , , , , , , 
19.7889231, 0.1327687, , , , , , , 19.7889231, 0.332845, , , , , , , 19.7889231, -0.0164492, , , , , , , 19.7889231, 0.0471656, , , , , , , , , , , , , , , , , , , , , , , , , , , , 
19.7894423, 0.1468681, , , , , , , 19.7894423, 0.3278096, , , , , , , 19.7894423, -0.0246738, , , , , , , 19.7894423, 0.0493477, , , , , , , , , , , , , , , , , , , , , , , , , , , , 
19.7899615, 0.1676814, , , , , , , 19.7899615, 0.2230716, , , , , , , 19.7899615, -0.0360876, , , , , , , 19.7899615, 0.0475013, , , , , , , , , , , , , , , , , , , , , , , , , , , , 
19.7904808, 0.1938659, , , , , , , 19.7904808, 0.0307164, , , , , , , 19.7904808, -0.0397803, , , , , , , 19.7904808, 0.040116, , , , , , , , , , , , , , , , , , , , , , , , , , , , 
19.791, 0.2294499, , , , , , , 19.791, -0.1794308, , , , , , , 19.791, -0.0370947, , , , , , , 19.791, 0.0287022, , , , , , , , , , , , , , , , , , , , , , , , , , , , 
19.7915192, 0.2623484, , , , , , , 19.7915192, -0.3237812, , , , , , , 19.7915192, -0.0411231, , , , , , , 19.7915192, 0.0193027, , , , , , , , , , , , , , , , , , , , , , , , , , , , 
19.7920385, 0.2776226, , , , , , , 19.7920385, -0.3506371, , , , , , , 19.7920385, -0.051194, , , , , , , 19.7920385, 0.0130922, , , , , , , , , , , , , , , , , , , , , , , , , , , , 
19.7925577, 0.2932326, , , , , , , 19.7925577, -0.337377, , , , , , , 19.7925577, -0.0552224, , , , , , , 19.7925577, 0.0045319, , , , , , , , , , , , , , , , , , , , , , , , , , , , 
19.7930769, 0.3365377, , , , , , , 19.7930769, -0.3744717, , , , , , , 19.7930769, -0.0466621, , , , , , , 19.7930769, -0.003357, , , , , , , , , , , , , , , , , , , , , , , , , , , , 
19.7935962, 0.3654078, , , , , , , 19.7935962, -0.3774929, , , , , , , 19.7935962, -0.0347448, , , , , , , 19.7935962, -0.0082246, , , , , , , , , , , , , , , , , , , , , , , , , , , , 
19.7941154, 0.3200885, , , , , , , 19.7941154, -0.2791333, , , , , , , 19.7941154, -0.026688, , , , , , , 19.7941154, -0.0070497, , , , , , , , , , , , , , , , , , , , , , , , , , , , 
19.7946346, 0.2358282, , , , , , , 19.7946346, -0.1354543, , , , , , , 19.7946346, -0.0206455, , , , , , , 19.7946346, -0.0008392, , , , , , , , , , , , , , , , , , , , , , , , , , , , 
19.7951538, 0.1596246, , , , , , , 19.7951538, -0.040116, , , , , , , 19.7951538, -0.0176242, , , , , , , 19.7951538, 0.0045319, , , , , , , , , , , , , , , , , , , , , , , , , , , , 
19.7956731, 0.0991989, , , , , , , 19.7956731, -0.0090639, , , , , , , 19.7956731, -0.0130922, , , , , , , 19.7956731, 0.0052033, , , , , , , , , , , , , , , , , , , , , , , , , , , , 
19.7961923, 0.0542153, , , , , , , 19.7961923, 0.0015106, , , , , , , 19.7961923, -0.0135958, , , , , , , 19.7961923, 0.0058747, , , , , , , , , , , , , , , , , , , , , , , , , , , , 
19.7967115, 0.0199741, , , , , , , 19.7967115, 0.0179599, , , , , , , 19.7967115, -0.023331, , , , , , , 19.7967115, 0.0085603, , , , , , , , , , , , , , , , , , , , , , , , , , , , 
19.7972308, -0.0115816, , , , , , , 19.7972308, 0.0500191, , , , , , , 19.7972308, -0.0360876, , , , , , , 19.7972308, 0.0135958, , , , , , , , , , , , , , , , , , , , , , , , , , , , 
19.79775, -0.0417945, , , , , , , 19.79775, 0.0955062, , , , , , , 19.79775, -0.0459907, , , , , , , 19.79775, 0.0182956, , , , , , , , , , , , , , , , , , , , , , , , , , , , 
19.7982692, -0.0659648, , , , , , , 19.7982692, 0.1374685, , , , , , , 19.7982692, -0.051194, , , , , , , 19.7982692, 0.0206455, , , , , , , , , , , , , , , , , , , , , , , , , , , , 
19.7987885, -0.0847639, , , , , , , 19.7987885, 0.1750668, , , , , , , 19.7987885, -0.0520333, , , , , , , 19.7987885, 0.0243381, , , , , , , , , , , , , , , , , , , , , , , , , , , , 
19.7993077, -0.1064164, , , , , , , 19.7993077, 0.1957122, , , , , , , 19.7993077, -0.0525368, , , , , , , 19.7993077, 0.0290379, , , , , , , , , , , , , , , , , , , , , , , , , , , , 
19.7998269, -0.1304189, , , , , , , 19.7998269, 0.170367, , , , , , , 19.7998269, -0.0463264, , , , , , , 19.7998269, 0.0303807, , , , , , , , , , , , , , , , , , , , , , , , , , , , 
19.8003462, -0.152575, , , , , , , 19.8003462, 0.1122911, , , , , , , 19.8003462, -0.0327306, , , , , , , 19.8003462, 0.0298772, , , , , , , , , , , , , , , , , , , , , , , , , , , , 
19.8008654, -0.1696956, , , , , , , 19.8008654, 0.0642863, , , , , , , 19.8008654, -0.0149386, , , , , , , 19.8008654, 0.0253452, , , , , , , , , , , , , , , , , , , , , , , , , , , , 
19.8013846, -0.1747311, , , , , , , 19.8013846, 0.0720073, , , , , , , 19.8013846, 0.0018463, , , , , , , 19.8013846, 0.0169528, , , , , , , , , , , , , , , , , , , , , , , , , , , , 
19.8019038, -0.1643244, , , , , , , 19.8019038, 0.1122911, , , , , , , 19.8019038, 0.0105745, , , , , , , 19.8019038, 0.0082246, , , , , , , , , , , , , , , , , , , , , , , , , , , , 
19.8024231, -0.1545892, , , , , , , 19.8024231, 0.124712, , , , , , , 19.8024231, 0.0142672, , , , , , , 19.8024231, 0.0031891, , , , , , , , , , , , , , , , , , , , , , , , , , , , 
19.8029423, -0.1520714, , , , , , , 19.8029423, 0.0820783, , , , , , , 19.8029423, 0.0162814, , , , , , , 19.8029423, 0.0030213, , , , , , , , , , , , , , , , , , , , , , , , , , , , 
19.8034615, -0.1522393, , , , , , , 19.8034615, 0.0130922, , , , , , , 19.8034615, 0.0172885, , , , , , , 19.8034615, 0.0031891, , , , , , , , , , , , , , , , , , , , , , , , , , , , 
19.8039808, -0.1532464, , , , , , , 19.8039808, -0.0303807, , , , , , , 19.8039808, 0.0176242, , , , , , , 19.8039808, 0.0018463, , , , , , , , , , , , , , , , , , , , , , , , , , , , 
19.8045, -0.1508965, , , , , , , 19.8045, -0.0315557, , , , , , , 19.8045, 0.0209812, , , , , , , 19.8045, 0.0035248, , , , , , , , , , , , , , , , , , , , , , , , , , , , 
19.8050192, -0.1451896, , , , , , , 19.8050192, -0.0179599, , , , , , , 19.8050192, 0.0246738, , , , , , , 19.8050192, 0.0065461, , , , , , , , , , , , , , , , , , , , , , , , , , , , 
19.8055385, -0.1384756, , , , , , , 19.8055385, -0.023331, , , , , , , 19.8055385, 0.0283665, , , , , , , 19.8055385, 0.008896, , , , , , , , , , , , , , , , , , , , , , , , , , , , 
19.8060577, -0.1367971, , , , , , , 19.8060577, -0.0303807, , , , , , , 19.8060577, 0.03122, , , , , , , 19.8060577, 0.0099031, , , , , , , , , , , , , , , , , , , , , , , , , , , , 
19.8065769, -0.1438468, , , , , , , 19.8065769, -0.0166171, , , , , , , 19.8065769, 0.0347448, , , , , , , 19.8065769, 0.0109102, , , , , , , , , , , , , , , , , , , , , , , , , , , , 
19.8070962, -0.1559319, , , , , , , 19.8070962, -0.0146029, , , , , , , 19.8070962, 0.0357519, , , , , , , 19.8070962, 0.0142672, , , , , , , , , , , , , , , , , , , , , , , , , , , , 
19.8076154, -0.1693599, , , , , , , 19.8076154, -0.0270237, , , , , , , 19.8076154, 0.0323949, , , , , , , 19.8076154, 0.0166171, , , , , , , , , , , , , , , , , , , , , , , , , , , , 
19.8081346, -0.2002441, , , , , , , 19.8081346, -0.0031891, , , , , , , 19.8081346, 0.026688, , , , , , , 19.8081346, 0.0172885, , , , , , , , , , , , , , , , , , , , , , , , , , , , 
19.8086538, -0.2178683, , , , , , , 19.8086538, 0.0767071, , , , , , , 19.8086538, 0.0206455, , , , , , , 19.8086538, 0.0219883, , , , , , , , , , , , , , , , , , , , , , , , , , , , 
19.8091731, -0.2066224, , , , , , , 19.8091731, 0.1287404, , , , , , , 19.8091731, 0.0105745, , , , , , , 19.8091731, 0.026688, , , , , , , , , , , , , , , , , , , , , , , , , , , , 
19.8096923, -0.1790951, , , , , , , 19.8096923, 0.1028916, , , , , , , 19.8096923, -0.0001678, , , , , , , 19.8096923, 0.0260166, , , , , , , , , , , , , , , , , , , , , , , , , , , , 
19.8102115, -0.1512322, , , , , , , 19.8102115, 0.0527047, , , , , , , 19.8102115, -0.0060426, , , , , , , 19.8102115, 0.0213169, , , , , , , , , , , , , , , , , , , , , , , , , , , , 
19.8107308, -0.1337758, , , , , , , 19.8107308, 0.0374304, , , , , , , 19.8107308, -0.0070497, , , , , , , 19.8107308, 0.0146029, , , , , , , , , , , , , , , , , , , , , , , , , , , , 
19.81125, -0.1220264, , , , , , , 19.81125, 0.0501869, , , , , , , 19.81125, -0.0075532, , , , , , , 19.81125, 0.0099031, , , , , , , , , , , , , , , , , , , , , , , , , , , , 
19.8117692, -0.1079271, , , , , , , 19.8117692, 0.0757, , , , , , , 19.8117692, -0.0102388, , , , , , , 19.8117692, 0.0065461, , , , , , , , , , , , , , , , , , , , , , , , , , , , 
19.8122885, -0.0923171, , , , , , , 19.8122885, 0.114641, , , , , , , 19.8122885, -0.0129244, , , , , , , 19.8122885, 0.0058747, , , , , , , , , , , , , , , , , , , , , , , , , , , , 
19.8128077, -0.0780499, , , , , , , 19.8128077, 0.1566033, , , , , , , 19.8128077, -0.01561, , , , , , , 19.8128077, 0.0082246, , , , , , , , , , , , , , , , , , , , , , , , , , , , 
19.8133269, -0.0673075, , , , , , , 19.8133269, 0.1990692, , , , , , , 19.8133269, -0.0171206, , , , , , , 19.8133269, 0.0132601, , , , , , , , , , , , , , , , , , , , , , , , , , , , 
19.8138462, -0.0592508, , , , , , , 19.8138462, 0.2479133, , , , , , , 19.8138462, -0.0203098, , , , , , , 19.8138462, 0.018967, , , , , , , , , , , , , , , , , , , , , , , , , , , , 
19.8143654, -0.051194, , , , , , , 19.8143654, 0.2361639, , , , , , , 19.8143654, -0.0270237, , , , , , , 19.8143654, 0.026688, , , , , , , , , , , , , , , , , , , , , , , , , , , , 
19.8148846, -0.0451514, , , , , , , 19.8148846, 0.139147, , , , , , , 19.8148846, -0.0364233, , , , , , , 19.8148846, 0.0317235, , , , , , , , , , , , , , , , , , , , , , , , , , , , 
19.8154038, -0.0364233, , , , , , , 19.8154038, -0.0028534, , , , , , , 19.8154038, -0.0391089, , , , , , , 19.8154038, 0.0344091, , , , , , , , , , , , , , , , , , , , , , , , , , , , 
19.8159231, -0.0219883, , , , , , , 19.8159231, -0.1287404, , , , , , , 19.8159231, -0.0270237, , , , , , , 19.8159231, 0.0374304, , , , , , , , , , , , , , , , , , , , , , , , , , , , 
19.8164423, -0.0015106, , , , , , , 19.8164423, -0.233814, , , , , , , 19.8164423, -0.0149386, , , , , , , 19.8164423, 0.0372625, , , , , , , , , , , , , , , , , , , , , , , , , , , , 
19.8169615, 0.0166171, , , , , , , 19.8169615, -0.3375448, , , , , , , 19.8169615, -0.0135958, , , , , , , 19.8169615, 0.0381018, , , , , , , , , , , , , , , , , , , , , , , , , , , , 
19.8174808, 0.0238346, , , , , , , 19.8174808, -0.420798, , , , , , , 19.8174808, -0.0097353, , , , , , , 19.8174808, 0.0407874, , , , , , , , , , , , , , , , , , , , , , , , , , , , 
19.818, 0.0256809, , , , , , , 19.818, -0.4278477, , , , , , , 19.818, 0.0015106, , , , , , , 19.818, 0.043473, , , , , , , , , , , , , , , , , , , , , , , , , , , , 
19.8185192, 0.0290379, , , , , , , 19.8185192, -0.3231098, , , , , , , 19.8185192, 0.0112459, , , , , , , 19.8185192, 0.0459907, , , , , , , , , , , , , , , , , , , , , , , , , , , , 
19.8190385, 0.0347448, , , , , , , 19.8190385, -0.1512322, , , , , , , 19.8190385, 0.008896, , , , , , , 19.8190385, 0.0495155, , , , , , , , , , , , , , , , , , , , , , , , , , , , 
19.8195577, 0.0392767, , , , , , , 19.8195577, 0.0008392, , , , , , , 19.8195577, -0.0018463, , , , , , , 19.8195577, 0.0538796, , , , , , , , , , , , , , , , , , , , , , , , , , , , 
19.8200769, 0.0428016, , , , , , , 19.8200769, 0.0632792, , , , , , , 19.8200769, -0.011078, , , , , , , 19.8200769, 0.0575723, , , , , , , , , , , , , , , , , , , , , , , , , , , , 
19.8205962, 0.0475013, , , , , , , 19.8205962, 0.0428016, , , , , , , 19.8205962, -0.0031891, , , , , , , 19.8205962, 0.0562295, , , , , , , , , , , , , , , , , , , , , , , , , , , , 
19.8211154, 0.0520333, , , , , , , 19.8211154, -0.0099031, , , , , , , 19.8211154, 0.0193027, , , , , , , 19.8211154, 0.0485084, , , , , , , , , , , , , , , , , , , , , , , , , , , , 
19.8216346, 0.0585794, , , , , , , 19.8216346, -0.054551, , , , , , , 19.8216346, 0.0486763, , , , , , , 19.8216346, 0.0364233, , , , , , , , , , , , , , , , , , , , , , , , , , , , 
19.8221538, 0.0666361, , , , , , , 19.8221538, -0.0770428, , , , , , , 19.8221538, 0.0773785, , , , , , , 19.8221538, 0.026688, , , , , , , , , , , , , , , , , , , , , , , , , , , , 
19.8226731, 0.0730144, , , , , , , 19.8226731, -0.0720073, , , , , , , 19.8226731, 0.0985275, , , , , , , 19.8226731, 0.0199741, , , , , , , , , , , , , , , , , , , , , , , , , , , , 
19.8231923, 0.0758679, , , , , , , 19.8231923, -0.0461585, , , , , , , 19.8231923, 0.10692, , , , , , , 19.8231923, 0.0132601, , , , , , , , , , , , , , , , , , , , , , , , , , , , 
19.8237115, 0.0777142, , , , , , , 19.8237115, -0.0048676, , , , , , , 19.8237115, 0.1000381, , , , , , , 19.8237115, 0.0125887, , , , , , , , , , , , , , , , , , , , , , , , , , , , 
19.8242308, 0.0842603, , , , , , , 19.8242308, 0.0770428, , , , , , , 19.8242308, 0.0750286, , , , , , , 19.8242308, 0.0159457, , , , , , , , , , , , , , , , , , , , , , , , , , , , 
19.82475, 0.0924849, , , , , , , 19.82475, 0.1440146, , , , , , , 19.82475, 0.0377661, , , , , , , 19.82475, 0.0179599, , , , , , , , , , , , , , , , , , , , , , , , , , , , 
19.8252692, 0.1005417, , , , , , , 19.8252692, 0.160296, , , , , , , 19.8252692, 0.0016785, , , , , , , 19.8252692, 0.0203098, , , , , , , , , , , , , , , , , , , , , , , , , , , , 
19.8257885, 0.1132982, , , , , , , 19.8257885, 0.178088, , , , , , , 19.8257885, -0.0270237, , , , , , , 19.8257885, 0.0213169, , , , , , , , , , , , , , , , , , , , , , , , , , , , 
19.8263077, 0.124712, , , , , , , 19.8263077, 0.1918517, , , , , , , 19.8263077, -0.0505226, , , , , , , 19.8263077, 0.0176242, , , , , , , , , , , , , , , , , , , , , , , , , , , , 
19.8268269, 0.1327687, , , , , , , 19.8268269, 0.1733883, , , , , , , 19.8268269, -0.0683146, , , , , , , 19.8268269, 0.0125887, , , , , , , , , , , , , , , , , , , , , , , , , , , , 
19.8273462, 0.1344472, , , , , , , 19.8273462, 0.1082628, , , , , , , 19.8273462, -0.0793927, , , , , , , 19.8273462, 0.0078889, , , , , , , , , , , , , , , , , , , , , , , , , , , , 
19.8278654, 0.1267262, , , , , , , 19.8278654, 0.0070497, , , , , , , 19.8278654, -0.0788891, , , , , , , 19.8278654, 0.0030213, , , , , , , , , , , , , , , , , , , , , , , , , , , , 
19.8283846, 0.1164874, , , , , , , 19.8283846, -0.0861067, , , , , , , 19.8283846, -0.0743572, , , , , , , 19.8283846, -0.0018463, , , , , , , , , , , , , , , , , , , , , , , , , , , , 
19.8289038, 0.1084306, , , , , , , 19.8289038, -0.1344472, , , , , , , 19.8289038, -0.0740215, , , , , , , 19.8289038, -0.0077211, , , , , , , , , , , , , , , , , , , , , , , , , , , , 
19.8294231, 0.1025559, , , , , , , 19.8294231, -0.1374685, , , , , , , 19.8294231, -0.0760357, , , , , , , 19.8294231, -0.0125887, , , , , , , , , , , , , , , , , , , , , , , , , , , , 
19.8299423, 0.0963455, , , , , , , 19.8299423, -0.1237049, , , , , , , 19.8299423, -0.0807355, , , , , , , 19.8299423, -0.0132601, , , , , , , , , , , , , , , , , , , , , , , , , , , , 
19.8304615, 0.0931563, , , , , , , 19.8304615, -0.0780499, , , , , , , 19.8304615, -0.0840925, , , , , , , 19.8304615, -0.01561, , , , , , , , , , , , , , , , , , , , , , , , , , , , 
19.8309808, 0.0951705, , , , , , , 19.8309808, 0.0159457, , , , , , , 19.8309808, -0.0837568, , , , , , , 19.8309808, -0.0216526, , , , , , , , , , , , , , , , , , , , , , , , , , , , 
19.8315, 0.0938277, , , , , , , 19.8315, 0.0904707, , , , , , , 19.8315, -0.079057, , , , , , , 19.8315, -0.0226596, , , , , , , , , , , , , , , , , , , , , , , , , , , , 
19.8320192, 0.0884565, , , , , , , 19.8320192, 0.0894636, , , , , , , 19.8320192, -0.0651255, , , , , , , 19.8320192, -0.0159457, , , , , , , , , , , , , , , , , , , , , , , , , , , , 
19.8325385, 0.0834211, , , , , , , 19.8325385, 0.103563, , , , , , , 19.8325385, -0.0458228, , , , , , , 19.8325385, -0.0038605, , , , , , , , , , , , , , , , , , , , , , , , , , , , 
19.8330577, 0.079057, , , , , , , 19.8330577, 0.16701, , , , , , , 19.8330577, -0.0310521, , , , , , , 19.8330577, 0.0077211, , , , , , , , , , , , , , , , , , , , , , , , , , , , 
19.8335769, 0.0753643, , , , , , , 19.8335769, 0.1968872, , , , , , , 19.8335769, -0.0290379, , , , , , , 19.8335769, 0.0159457, , , , , , , , , , , , , , , , , , , , , , , , , , , , 
19.8340962, 0.0696574, , , , , , , 19.8340962, 0.1874876, , , , , , , 19.8340962, -0.0303807, , , , , , , 19.8340962, 0.0236667, , , , , , , , , , , , , , , , , , , , , , , , , , , , 
19.8346154, 0.0624399, , , , , , , 19.8346154, 0.1940337, , , , , , , 19.8346154, -0.0224918, , , , , , , 19.8346154, 0.0320592, , , , , , , , , , , , , , , , , , , , , , , , , , , , 
19.8351346, 0.0535439, , , , , , , 19.8351346, 0.2036011, , , , , , , 19.8351346, -0.0115816, , , , , , , 19.8351346, 0.0431373, , , , , , , , , , , , , , , , , , , , , , , , , , , , 
19.8356538, 0.0461585, , , , , , , 19.8356538, 0.1173266, , , , , , , 19.8356538, -0.0015106, , , , , , , 19.8356538, 0.0535439, , , , , , , , , , , , , , , , , , , , , , , , , , , , 
19.8361731, 0.0374304, , , , , , , 19.8361731, -0.0760357, , , , , , , 19.8361731, 0.0078889, , , , , , , 19.8361731, 0.0632792, , , , , , , , , , , , , , , , , , , , , , , , , , , , 
19.8366923, 0.0219883, , , , , , , 19.8366923, -0.2438849, , , , , , , 19.8366923, 0.0139315, , , , , , , 19.8366923, 0.073518, , , , , , , , , , , , , , , , , , , , , , , , , , , , 
19.8372115, 0.0058747, , , , , , , 19.8372115, -0.290547, , , , , , , 19.8372115, 0.014435, , , , , , , 19.8372115, 0.0830854, , , , , , , , , , , , , , , , , , , , , , , , , , , , 
19.8377308, -0.0058747, , , , , , , 19.8377308, -0.297261, , , , , , , 19.8377308, 0.0119173, , , , , , , 19.8377308, 0.0869459, , , , , , , , , , , , , , , , , , , , , , , , , , , , 
19.83825, -0.01561, , , , , , , 19.83825, -0.3422446, , , , , , , 19.83825, 0.0109102, , , , , , , 19.83825, 0.0862745, , , , , , , , , , , , , , , , , , , , , , , , , , , , 
19.8387692, -0.0310521, , , , , , , 19.8387692, -0.419791, , , , , , , 19.8387692, 0.0130922, , , , , , , 19.8387692, 0.0807355, , , , , , , , , , , , , , , , , , , , , , , , , , , , 
19.8392885, -0.0426337, , , , , , , 19.8392885, -0.4775311, , , , , , , 19.8392885, 0.0216526, , , , , , , 19.8392885, 0.072343, , , , , , , , , , , , , , , , , , , , , , , , , , , , 
19.8398077, -0.0491798, , , , , , , 19.8398077, -0.4718242, , , , , , , 19.8398077, 0.042298, , , , , , , 19.8398077, 0.0621042, , , , , , , , , , , , , , , , , , , , , , , , , , , , 
19.8403269, -0.0481727, , , , , , , 19.8403269, -0.4070344, , , , , , , 19.8403269, 0.0793927, , , , , , , 19.8403269, 0.0481727, , , , , , , , , , , , , , , , , , , , , , , , , , , , 
19.8408462, -0.0498512, , , , , , , 19.8408462, -0.3378805, , , , , , , 19.8408462, 0.1037308, , , , , , , 19.8408462, 0.0313878, , , , , , , , , , , , , , , , , , , , , , , , , , , , 
19.8413654, -0.054551, , , , , , , 19.8413654, -0.2653696, , , , , , , 19.8413654, 0.0918135, , , , , , , 19.8413654, 0.0146029, , , , , , , , , , , , , , , , , , , , , , , , , , , , 
19.8418846, -0.0495155, , , , , , , 19.8418846, -0.1485466, , , , , , , 19.8418846, 0.0552224, , , , , , , 19.8418846, 0.0041962, , , , , , , , , , , , , , , , , , , , , , , , , , , , 
19.8424038, -0.0431373, , , , , , , 19.8424038, 0.0057069, , , , , , , 19.8424038, 0.0171206, , , , , , , 19.8424038, -0.0043641, , , , , , , , , , , , , , , , , , , , , , , , , , , , 
19.8429231, -0.0404517, , , , , , , 19.8429231, 0.1441825, , , , , , , 19.8429231, -0.0142672, , , , , , , 19.8429231, -0.0125887, , , , , , , , , , , , , , , , , , , , , , , , , , , , 
19.8434423, -0.0369268, , , , , , , 19.8434423, 0.2354925, , , , , , , 19.8434423, -0.0352483, , , , , , , 19.8434423, -0.0182956, , , , , , , , , , , , , , , , , , , , , , , , , , , , 
19.8439615, -0.0318914, , , , , , , 19.8439615, 0.3205921, , , , , , , 19.8439615, -0.04448, , , , , , , 19.8439615, -0.0199741, , , , , , , , , , , , , , , , , , , , , , , , , , , , 
19.8444808, -0.0276951, , , , , , , 19.8444808, 0.3127031, , , , , , , 19.8444808, -0.0431373, , , , , , , 19.8444808, -0.0216526, , , , , , , , , , , , , , , , , , , , , , , , , , , , 
19.845, -0.0216526, , , , , , , 19.845, 0.1673457, , , , , , , 19.845, -0.0391089, , , , , , , 19.845, -0.0243381, , , , , , , , , , , , , , , , , , , , , , , , , , , , 
19.8455192, -0.0135958, , , , , , , 19.8455192, 0.027863, , , , , , , 19.8455192, -0.0347448, , , , , , , 19.8455192, -0.0287022, , , , , , , , , , , , , , , , , , , , , , , , , , , , 
19.8460385, -0.0058747, , , , , , , 19.8460385, 0.0428016, , , , , , , 19.8460385, -0.0270237, , , , , , , 19.8460385, -0.0287022, , , , , , , , , , , , , , , , , , , , , , , , , , , , 
19.8465577, 0.0043641, , , , , , , 19.8465577, 0.1423362, , , , , , , 19.8465577, -0.0213169, , , , , , , 19.8465577, -0.0258488, , , , , , , , , , , , , , , , , , , , , , , , , , , , 
19.8470769, 0.0125887, , , , , , , 19.8470769, 0.1633173, , , , , , , 19.8470769, -0.018967, , , , , , , 19.8470769, -0.0270237, , , , , , , , , , , , , , , , , , , , , , , , , , , , 
19.8475962, 0.0157778, , , , , , , 19.8475962, 0.0676432, , , , , , , 19.8475962, -0.0191348, , , , , , , 19.8475962, -0.0256809, , , , , , , , , , , , , , , , , , , , , , , , , , , , 
19.8481154, 0.0253452, , , , , , , 19.8481154, -0.0236667, , , , , , , 19.8481154, -0.0206455, , , , , , , 19.8481154, -0.0251774, , , , , , , , , , , , , , , , , , , , , , , , , , , , 
19.8486346, 0.0414588, , , , , , , 19.8486346, -0.0172885, , , , , , , 19.8486346, -0.0290379, , , , , , , 19.8486346, -0.026688, , , , , , , , , , , , , , , , , , , , , , , , , , , , 
19.8491538, 0.0488441, , , , , , , 19.8491538, 0.0354162, , , , , , , 19.8491538, -0.0406195, , , , , , , 19.8491538, -0.0287022, , , , , , , , , , , , , , , , , , , , , , , , , , , , 
19.8496731, 0.0448157, , , , , , , 19.8496731, 0.0424659, , , , , , , 19.8496731, -0.0495155, , , , , , , 19.8496731, -0.0317235, , , , , , , , , , , , , , , , , , , , , , , , , , , , 
19.8501923, 0.0414588, , , , , , , 19.8501923, -0.0270237, , , , , , , 19.8501923, -0.0518654, , , , , , , 19.8501923, -0.0350805, , , , , , , , , , , , , , , , , , , , , , , , , , , , 
19.8507115, 0.043473, , , , , , , 19.8507115, -0.0921492, , , , , , , 19.8507115, -0.0468299, , , , , , , 19.8507115, -0.0407874, , , , , , , , , , , , , , , , , , , , , , , , , , , , 
19.8512308, 0.0481727, , , , , , , 19.8512308, -0.1008774, , , , , , , 19.8512308, -0.0379339, , , , , , , 19.8512308, -0.0453193, , , , , , , , , , , , , , , , , , , , , , , , , , , , 
19.85175, 0.0515297, , , , , , , 19.85175, -0.1210193, , , , , , , 19.85175, -0.0332341, , , , , , , 19.85175, -0.0471656, , , , , , , , , , , , , , , , , , , , , , , , , , , , 
19.8522692, 0.0501869, , , , , , , 19.8522692, -0.1668421, , , , , , , 19.8522692, -0.0419623, , , , , , , 19.8522692, -0.047837, , , , , , , , , , , , , , , , , , , , , , , , , , , , 
19.8527885, 0.0475013, , , , , , , 19.8527885, -0.1643244, , , , , , , 19.8527885, -0.0562295, , , , , , , 19.8527885, -0.0468299, , , , , , , , , , , , , , , , , , , , , , , , , , , , 
19.8533077, 0.0397803, , , , , , , 19.8533077, -0.0226596, , , , , , , 19.8533077, -0.0641184, , , , , , , 19.8533077, -0.0404517, , , , , , , , , , , , , , , , , , , , , , , , , , , , 
19.8538269, 0.0337377, , , , , , , 19.8538269, 0.2593271, , , , , , , 19.8538269, -0.0621042, , , , , , , 19.8538269, -0.0313878, , , , , , , , , , , , , , , , , , , , , , , , , , , , 
19.8543462, 0.0303807, , , , , , , 19.8543462, 0.4805524, , , , , , , 19.8543462, -0.0522011, , , , , , , 19.8543462, -0.0166171, , , , , , , , , , , , , , , , , , , , , , , , , , , , 
19.8548654, 0.023331, , , , , , , 19.8548654, 0.4886091, , , , , , , 19.8548654, -0.0330663, , , , , , , 19.8548654, 0.0035248, , , , , , , , , , , , , , , , , , , , , , , , , , , , 
19.8553846, 0.0172885, , , , , , , 19.8553846, 0.352987, , , , , , , 19.8553846, -0.0058747, , , , , , , 19.8553846, 0.0223239, , , , , , , , , , , , , , , , , , , , , , , , , , , , 
19.8559038, 0.0166171, , , , , , , 19.8559038, 0.1871519, , , , , , , 19.8559038, 0.0085603, , , , , , , 19.8559038, 0.0337377, , , , , , , , , , , , , , , , , , , , , , , , , , , , 
19.8564231, 0.017792, , , , , , , 19.8564231, 0.0448157, , , , , , , 19.8564231, 0.0072175, , , , , , , 19.8564231, 0.0421302, , , , , , , , , , , , , , , , , , , , , , , , , , , , 
19.8569423, 0.0149386, , , , , , , 19.8569423, -0.0904707, , , , , , , 19.8569423, 0.0065461, , , , , , , 19.8569423, 0.0495155, , , , , , , , , , , , , , , , , , , , , , , , , , , , 
19.8574615, 0.0062104, , , , , , , 19.8574615, -0.2284428, , , , , , , 19.8574615, 0.0129244, , , , , , , 19.8574615, 0.0555581, , , , , , , , , , , , , , , , , , , , , , , , , , , , 
19.8579808, -0.0095674, , , , , , , 19.8579808, -0.3227741, , , , , , , 19.8579808, 0.0250095, , , , , , , 19.8579808, 0.0565652, , , , , , , , , , , , , , , , , , , , , , , , , , , , 
19.8585, -0.0198062, , , , , , , 19.8585, -0.328481, , , , , , , 19.8585, 0.0381018, , , , , , , 19.8585, 0.0562295, , , , , , , , , , , , , , , , , , , , , , , , , , , , 
19.8590192, -0.017792, , , , , , , 19.8590192, -0.233814, , , , , , , 19.8590192, 0.0495155, , , , , , , 19.8590192, 0.0574044, , , , , , , , , , , , , , , , , , , , , , , , , , , , 
19.8595385, -0.0068818, , , , , , , 19.8595385, -0.0686503, , , , , , , 19.8595385, 0.0589151, , , , , , , 19.8595385, 0.0558938, , , , , , , , , , , , , , , , , , , , , , , , , , , , 
19.8600577, 0.0075532, , , , , , , 19.8600577, 0.0991989, , , , , , , 19.8600577, 0.0616007, , , , , , , 19.8600577, 0.0518654, , , , , , , , , , , , , , , , , , , , , , , , , , , , 
19.8605769, 0.0186313, , , , , , , 19.8605769, 0.2373388, , , , , , , 19.8605769, 0.0629435, , , , , , , 19.8605769, 0.0461585, , , , , , , , , , , , , , , , , , , , , , , , , , , , 
19.8610962, 0.0226596, , , , , , , 19.8610962, 0.2959182, , , , , , , 19.8610962, 0.072343, , , , , , , 19.8610962, 0.036759, , , , , , , , , , , , , , , , , , , , , , , , , , , , 
19.8616154, 0.0256809, , , , , , , 19.8616154, 0.2346532, , , , , , , 19.8616154, 0.0817426, , , , , , , 19.8616154, 0.0287022, , , , , , , , , , , , , , , , , , , , , , , , , , , , 
19.8621346, 0.0359197, , , , , , , 19.8621346, 0.0909743, , , , , , , 19.8621346, 0.0809033, , , , , , , 19.8621346, 0.0253452, , , , , , , , , , , , , , , , , , , , , , , , , , , , 
19.8626538, 0.0505226, , , , , , , 19.8626538, -0.0431373, , , , , , , 19.8626538, 0.0733501, , , , , , , 19.8626538, 0.0276951, , , , , , , , , , , , , , , , , , , , , , , , , , , , 
19.8631731, 0.0594186, , , , , , , 19.8631731, -0.0840925, , , , , , , 19.8631731, 0.0636149, , , , , , , 19.8631731, 0.0328985, , , , , , , , , , , , , , , , , , , , , , , , , , , , 
19.8636923, 0.0557259, , , , , , , 19.8636923, -0.04448, , , , , , , 19.8636923, 0.0532082, , , , , , , 19.8636923, 0.0399481, , , , , , , , , , , , , , , , , , , , , , , , , , , , 
19.8642115, 0.0500191, , , , , , , 19.8642115, -0.0038605, , , , , , , 19.8642115, 0.0263523, , , , , , , 19.8642115, 0.0491798, , , , , , , , , , , , , , , , , , , , , , , , , , , , 
19.8647308, 0.0441444, , , , , , , 19.8647308, 0.0184634, , , , , , , 19.8647308, -0.0146029, , , , , , , 19.8647308, 0.0582437, , , , , , , , , , , , , , , , , , , , , , , , , , , , 
19.86525, 0.0325628, , , , , , , 19.86525, 0.0313878, , , , , , , 19.86525, -0.0399481, , , , , , , 19.86525, 0.0595865, , , , , , , , , , , , , , , , , , , , , , , , , , , , 
19.8657692, 0.0209812, , , , , , , 19.8657692, 0.0085603, , , , , , , 19.8657692, -0.0377661, , , , , , , 19.8657692, 0.0501869, , , , , , , , , , , , , , , , , , , , , , , , , , , , 
19.8662885, 0.0166171, , , , , , , 19.8662885, -0.0592508, , , , , , , 19.8662885, -0.0260166, , , , , , , 19.8662885, 0.036759, , , , , , , , , , , , , , , , , , , , , , , , , , , , 
19.8668077, 0.0119173, , , , , , , 19.8668077, -0.1186694, , , , , , , 19.8668077, -0.0229953, , , , , , , 19.8668077, 0.0263523, , , , , , , , , , , , , , , , , , , , , , , , , , , , 
19.8673269, 0.0058747, , , , , , , 19.8673269, -0.109102, , , , , , , 19.8673269, -0.0297093, , , , , , , 19.8673269, 0.0223239, , , , , , , , , , , , , , , , , , , , , , , , , , , , 
19.8678462, 0.0015106, , , , , , , 19.8678462, -0.0730144, , , , , , , 19.8678462, -0.04448, , , , , , , 19.8678462, 0.0196384, , , , , , , , , , , , , , , , , , , , , , , , , , , , 
19.8683654, -0.002182, , , , , , , 19.8683654, -0.0652934, , , , , , , 19.8683654, -0.0547189, , , , , , , 19.8683654, 0.0186313, , , , , , , , , , , , , , , , , , , , , , , , , , , , 
19.8688846, -0.0085603, , , , , , , 19.8688846, -0.100206, , , , , , , 19.8688846, -0.0619364, , , , , , , 19.8688846, 0.0166171, , , , , , , , , , , , , , , , , , , , , , , , , , , , 
19.8694038, -0.0172885, , , , , , , 19.8694038, -0.1653315, , , , , , , 19.8694038, -0.0693217, , , , , , , 19.8694038, 0.0137636, , , , , , , , , , , , , , , , , , , , , , , , , , , , 
19.8699231, -0.0099031, , , , , , , 19.8699231, -0.2150149, , , , , , , 19.8699231, -0.0710002, , , , , , , 19.8699231, 0.0125887, , , , , , , , , , , , , , , , , , , , , , , , , , , , 
19.8704423, 0.0031891, , , , , , , 19.8704423, -0.2254215, , , , , , , 19.8704423, -0.0599222, , , , , , , 19.8704423, 0.0082246, , , , , , , , , , , , , , , , , , , , , , , , , , , , 
19.8709615, 0.0075532, , , , , , , 19.8709615, -0.2140078, , , , , , , 19.8709615, -0.0397803, , , , , , , 19.8709615, -0.0008392, , , , , , , , , , , , , , , , , , , , , , , , , , , , 
19.8714808, 0.0078889, , , , , , , 19.8714808, -0.2022583, , , , , , , 19.8714808, -0.0162814, , , , , , , 19.8714808, -0.0085603, , , , , , , , , , , , , , , , , , , , , , , , , , , , 
19.872, 0.0109102, , , , , , , 19.872, -0.173724, , , , , , , 19.872, 0.0085603, , , , , , , 19.872, -0.0109102, , , , , , , , , , , , , , , , , , , , , , , , , , , , 
19.8725192, 0.0184634, , , , , , , 19.8725192, -0.1139696, , , , , , , 19.8725192, 0.0374304, , , , , , , 19.8725192, -0.0105745, , , , , , , , , , , , , , , , , , , , , , , , , , , , 
19.8730385, 0.027863, , , , , , , 19.8730385, -0.0475013, , , , , , , 19.8730385, 0.0797284, , , , , , , 19.8730385, -0.0099031, , , , , , , , , , , , , , , , , , , , , , , , , , , , 
19.8735577, 0.0360876, , , , , , , 19.8735577, -0.0038605, , , , , , , 19.8735577, 0.1220264, , , , , , , 19.8735577, -0.0065461, , , , , , , , , , , , , , , , , , , , , , , , , , , , 
19.8740769, 0.0394446, , , , , , , 19.8740769, 0.0176242, , , , , , , 19.8740769, 0.1327687, , , , , , , 19.8740769, 0.0018463, , , , , , , , , , , , , , , , , , , , , , , , , , , , 
19.8745962, 0.0386053, , , , , , , 19.8745962, 0.0273594, , , , , , , 19.8745962, 0.0971847, , , , , , , 19.8745962, 0.0095674, , , , , , , , , , , , , , , , , , , , , , , , , , , , 
19.8751154, 0.0394446, , , , , , , 19.8751154, 0.0404517, , , , , , , 19.8751154, 0.0320592, , , , , , , 19.8751154, 0.0125887, , , , , , , , , , , , , , , , , , , , , , , , , , , , 
19.8756346, 0.0417945, , , , , , , 19.8756346, 0.0622721, , , , , , , 19.8756346, -0.0377661, , , , , , , 19.8756346, 0.0124208, , , , , , , , , , , , , , , , , , , , , , , , , , , , 
19.8761538, 0.0441444, , , , , , , 19.8761538, 0.0733501, , , , , , , 19.8761538, -0.0906386, , , , , , , 19.8761538, 0.0135958, , , , , , , , , , , , , , , , , , , , , , , , , , , , 
19.8766731, 0.0454871, , , , , , , 19.8766731, 0.087953, , , , , , , 19.8766731, -0.1200122, , , , , , , 19.8766731, 0.017792, , , , , , , , , , , , , , , , , , , , , , , , , , , , 
19.8771923, 0.0461585, , , , , , , 19.8771923, 0.1000381, , , , , , , 19.8771923, -0.1273976, , , , , , , 19.8771923, 0.0260166, , , , , , , , , , , , , , , , , , , , , , , , , , , , 
19.8777115, 0.0414588, , , , , , , 19.8777115, 0.0830854, , , , , , , 19.8777115, -0.1186694, , , , , , , 19.8777115, 0.0381018, , , , , , , , , , , , , , , , , , , , , , , , , , , , 
19.8782308, 0.0303807, , , , , , , 19.8782308, 0.0558938, , , , , , , 19.8782308, -0.0997024, , , , , , , 19.8782308, 0.0495155, , , , , , , , , , , , , , , , , , , , , , , , , , , , 
19.87875, 0.0172885, , , , , , , 19.87875, 0.04448, , , , , , , 19.87875, -0.0788891, , , , , , , 19.87875, 0.0585794, , , , , , , , , , , , , , , , , , , , , , , , , , , , 
19.8792692, 0.0045319, , , , , , , 19.8792692, 0.0448157, , , , , , , 19.8792692, -0.0602579, , , , , , , 19.8792692, 0.0654612, , , , , , , , , , , , , , , , , , , , , , , , , , , , 
19.8797885, -0.0062104, , , , , , , 19.8797885, 0.0387732, , , , , , , 19.8797885, -0.0417945, , , , , , , 19.8797885, 0.0679789, , , , , , , , , , , , , , , , , , , , , , , , , , , , 
19.8803077, -0.0162814, , , , , , , 19.8803077, 0.0172885, , , , , , , 19.8803077, -0.0246738, , , , , , , 19.8803077, 0.0656291, , , , , , , , , , , , , , , , , , , , , , , , , , , , 
19.8808269, -0.0199741, , , , , , , 19.8808269, 0.0085603, , , , , , , 19.8808269, -0.008896, , , , , , , 19.8808269, 0.0584115, , , , , , , , , , , , , , , , , , , , , , , , , , , , 
19.8813462, -0.0162814, , , , , , , 19.8813462, 0.0290379, , , , , , , 19.8813462, 0.002182, , , , , , , 19.8813462, 0.0471656, , , , , , , , , , , , , , , , , , , , , , , , , , , , 
19.8818654, -0.0102388, , , , , , , 19.8818654, 0.0605936, , , , , , , 19.8818654, 0.0082246, , , , , , , 19.8818654, 0.0387732, , , , , , , , , , , , , , , , , , , , , , , , , , , , 
19.8823846, -0.0048676, , , , , , , 19.8823846, 0.0788891, , , , , , , 19.8823846, 0.0120851, , , , , , , 19.8823846, 0.0374304, , , , , , , , , , , , , , , , , , , , , , , , , , , , 
19.8829038, -0.0062104, , , , , , , 19.8829038, 0.0911421, , , , , , , 19.8829038, 0.0139315, , , , , , , 19.8829038, 0.0394446, , , , , , , , , , , , , , , , , , , , , , , , , , , , 
19.8834231, -0.0117494, , , , , , , 19.8834231, 0.1176623, , , , , , , 19.8834231, 0.0139315, , , , , , , 19.8834231, 0.0407874, , , , , , , , , , , , , , , , , , , , , , , , , , , , 
19.8839423, -0.0115816, , , , , , , 19.8839423, 0.1250477, , , , , , , 19.8839423, 0.0119173, , , , , , , 19.8839423, 0.0370947, , , , , , , , , , , , , , , , , , , , , , , , , , , , 
19.8844615, -0.0152743, , , , , , , 19.8844615, 0.1317617, , , , , , , 19.8844615, 0.0068818, , , , , , , 19.8844615, 0.030045, , , , , , , , , , , , , , , , , , , , , , , , , , , , 
19.8849808, -0.0213169, , , , , , , 19.8849808, 0.1837949, , , , , , , 19.8849808, 0.0018463, , , , , , , 19.8849808, 0.0209812, , , , , , , , , , , , , , , , , , , , , , , , , , , , 
19.8855, -0.0199741, , , , , , , 19.8855, 0.2218967, , , , , , , 19.8855, -0.005539, , , , , , , 19.8855, 0.0095674, , , , , , , , , , , , , , , , , , , , , , , , , , , , 
19.8860192, -0.0204776, , , , , , , 19.8860192, 0.1834592, , , , , , , 19.8860192, -0.0095674, , , , , , , 19.8860192, 0.0028534, , , , , , , , , , , , , , , , , , , , , , , , , , , , 
19.8865385, -0.0293736, , , , , , , 19.8865385, 0.1012131, , , , , , , 19.8865385, -0.002182, , , , , , , 19.8865385, 0.0003357, , , , , , , , , , , , , , , , , , , , , , , , , , , , 
19.8870577, -0.0374304, , , , , , , 19.8870577, 0.0280308, , , , , , , 19.8870577, -0.0005035, , , , , , , 19.8870577, -0.0035248, , , , , , , , , , , , , , , , , , , , , , , , , , , , 
19.8875769, -0.0344091, , , , , , , 19.8875769, -0.0082246, , , , , , , 19.8875769, -0.0152743, , , , , , , 19.8875769, -0.0041962, , , , , , , , , , , , , , , , , , , , , , , , , , , , 
19.8880962, -0.0250095, , , , , , , 19.8880962, -0.0276951, , , , , , , 19.8880962, -0.0391089, , , , , , , 19.8880962, 0.0010071, , , , , , , , , , , , , , , , , , , , , , , , , , , , 
19.8886154, -0.0182956, , , , , , , 19.8886154, -0.0663005, , , , , , , 19.8886154, -0.0639506, , , , , , , 19.8886154, 0.0063783, , , , , , , , , , , , , , , , , , , , , , , , , , , , 
19.8891346, -0.01561, , , , , , , 19.8891346, -0.090135, , , , , , , 19.8891346, -0.0767071, , , , , , , 19.8891346, 0.0124208, , , , , , , , , , , , , , , , , , , , , , , , , , , , 
19.8896538, -0.018967, , , , , , , 19.8896538, -0.0569009, , , , , , , 19.8896538, -0.0656291, , , , , , , 19.8896538, 0.0119173, , , , , , , , , , , , , , , , , , , , , , , , , , , , 
19.8901731, -0.0226596, , , , , , , 19.8901731, -0.0172885, , , , , , , 19.8901731, -0.0399481, , , , , , , 19.8901731, 0.0048676, , , , , , , , , , , , , , , , , , , , , , , , , , , , 
19.8906923, -0.0260166, , , , , , , 19.8906923, -0.0525368, , , , , , , 19.8906923, -0.0186313, , , , , , , 19.8906923, -0.0095674, , , , , , , , , , , , , , , , , , , , , , , , , , , , 
19.8912115, -0.0287022, , , , , , , 19.8912115, -0.1149767, , , , , , , 19.8912115, -0.0068818, , , , , , , 19.8912115, -0.0293736, , , , , , , , , , , , , , , , , , , , , , , , , , , , 
19.8917308, -0.0280308, , , , , , , 19.8917308, -0.105745, , , , , , , 19.8917308, -0.0001678, , , , , , , 19.8917308, -0.0448157, , , , , , , , , , , , , , , , , , , , , , , , , , , , 
19.89225, -0.0216526, , , , , , , 19.89225, 0.0679789, , , , , , , 19.89225, 0.0045319, , , , , , , 19.89225, -0.0548867, , , , , , , , , , , , , , , , , , , , , , , , , , , , 
19.8927692, -0.0093996, , , , , , , 19.8927692, 0.2965896, , , , , , , 19.8927692, 0.0109102, , , , , , , 19.8927692, -0.0652934, , , , , , , , , , , , , , , , , , , , , , , , , , , , 
19.8932885, 0.0041962, , , , , , , 19.8932885, 0.4741741, , , , , , , 19.8932885, 0.0193027, , , , , , , 19.8932885, -0.0793927, , , , , , , , , , , , , , , , , , , , , , , , , , , , 
19.8938077, 0.0119173, , , , , , , 19.8938077, 0.5562524, , , , , , , 19.8938077, 0.0260166, , , , , , , 19.8938077, -0.0894636, , , , , , , , , , , , , , , , , , , , , , , , , , , , 
19.8943269, 0.0186313, , , , , , , 19.8943269, 0.5262074, , , , , , , 19.8943269, 0.0213169, , , , , , , 19.8943269, -0.0894636, , , , , , , , , , , , , , , , , , , , , , , , , , , , 
19.8948462, 0.0260166, , , , , , , 19.8948462, 0.3405661, , , , , , , 19.8948462, 0.0078889, , , , , , , 19.8948462, -0.0861067, , , , , , , , , , , , , , , , , , , , , , , , , , , , 
19.8953654, 0.0290379, , , , , , , 19.8953654, 0.0129244, , , , , , , 19.8953654, -0.0097353, , , , , , , 19.8953654, -0.0797284, , , , , , , , , , , , , , , , , , , , , , , , , , , , 
19.8958846, 0.0280308, , , , , , , 19.8958846, -0.3439231, , , , , , , 19.8958846, -0.0226596, , , , , , , 19.8958846, -0.072343, , , , , , , , , , , , , , , , , , , , , , , , , , , , 
19.8964038, 0.0273594, , , , , , , 19.8964038, -0.6495766, , , , , , , 19.8964038, -0.0182956, , , , , , , 19.8964038, -0.0681468, , , , , , , , , , , , , , , , , , , , , , , , , , , , 
19.8969231, 0.0280308, , , , , , , 19.8969231, -0.807187, , , , , , , 19.8969231, -0.0109102, , , , , , , 19.8969231, -0.0609293, , , , , , , , , , , , , , , , , , , , , , , , , , , , 
19.8974423, 0.0293736, , , , , , , 19.8974423, -0.7791562, , , , , , , 19.8974423, -0.0132601, , , , , , , 19.8974423, -0.0493477, , , , , , , , , , , , , , , , , , , , , , , , , , , , 
19.8979615, 0.0293736, , , , , , , 19.8979615, -0.5779049, , , , , , , 19.8979615, -0.0206455, , , , , , , 19.8979615, -0.0350805, , , , , , , , , , , , , , , , , , , , , , , , , , , , 
19.8984808, 0.0293736, , , , , , , 19.8984808, -0.3291524, , , , , , , 19.8984808, -0.0229953, , , , , , , 19.8984808, -0.0199741, , , , , , , , , , , , , , , , , , , , , , , , , , , , 
19.899, 0.0317235, , , , , , , 19.899, -0.1801022, , , , , , , 19.899, -0.0166171, , , , , , , 19.899, -0.0062104, , , , , , , , , , , , , , , , , , , , , , , , , , , , 
19.8995192, 0.0369268, , , , , , , 19.8995192, -0.1364614, , , , , , , 19.8995192, -0.0085603, , , , , , , 19.8995192, 0.0075532, , , , , , , , , , , , , , , , , , , , , , , , , , , , 
19.9000385, 0.047837, , , , , , , 19.9000385, -0.1250477, , , , , , , 19.9000385, 0.0045319, , , , , , , 19.9000385, 0.0238346, , , , , , , , , , , , , , , , , , , , , , , , , , , , 
19.9005577, 0.0594186, , , , , , , 19.9005577, -0.1693599, , , , , , , 19.9005577, 0.0199741, , , , , , , 19.9005577, 0.0421302, , , , , , , , , , , , , , , , , , , , , , , , , , , , 
19.9010769, 0.0679789, , , , , , , 19.9010769, -0.2640269, , , , , , , 19.9010769, 0.0372625, , , , , , , 19.9010769, 0.0562295, , , , , , , , , , , , , , , , , , , , , , , , , , , , 
19.9015962, 0.0733501, , , , , , , 19.9015962, -0.2593271, , , , , , , 19.9015962, 0.0516976, , , , , , , 19.9015962, 0.0647898, , , , , , , , , , , , , , , , , , , , , , , , , , , , 
19.9021154, 0.0721752, , , , , , , 19.9021154, -0.1555962, , , , , , , 19.9021154, 0.0694896, , , , , , , 19.9021154, 0.0656291, , , , , , , , , , , , , , , , , , , , , , , , , , , , 
19.9026346, 0.064622, , , , , , , 19.9026346, -0.0995346, , , , , , , 19.9026346, 0.0869459, , , , , , , 19.9026346, 0.0621042, , , , , , , , , , , , , , , , , , , , , , , , , , , , 
19.9031538, 0.0553902, , , , , , , 19.9031538, -0.0713359, , , , , , , 19.9031538, 0.085771, , , , , , , 19.9031538, 0.0515297, , , , , , , , , , , , , , , , , , , , , , , , , , , , 
19.9036731, 0.0475013, , , , , , , 19.9036731, -0.0065461, , , , , , , 19.9036731, 0.0599222, , , , , , , 19.9036731, 0.0370947, , , , , , , , , , , , , , , , , , , , , , , , , , , , 
19.9041923, 0.0459907, , , , , , , 19.9041923, 0.0609293, , , , , , , 19.9041923, 0.0293736, , , , , , , 19.9041923, 0.0253452, , , , , , , , , , , , , , , , , , , , , , , , , , , , 
19.9047115, 0.0485084, , , , , , , 19.9047115, 0.0874495, , , , , , , 19.9047115, 0.0129244, , , , , , , 19.9047115, 0.018967, , , , , , , , , , , , , , , , , , , , , , , , , , , , 
19.9052308, 0.0458228, , , , , , , 19.9052308, 0.0632792, , , , , , , 19.9052308, 0.0072175, , , , , , , 19.9052308, 0.0149386, , , , , , , , , , , , , , , , , , , , , , , , , , , , 
19.90575, 0.0404517, , , , , , , 19.90575, 0.0213169, , , , , , , 19.90575, -0.0015106, , , , , , , 19.90575, 0.0124208, , , , , , , , , , , , , , , , , , , , , , , , , , , , 
19.9062692, 0.0360876, , , , , , , 19.9062692, 0.0191348, , , , , , , 19.9062692, -0.0229953, , , , , , , 19.9062692, 0.0105745, , , , , , , , , , , , , , , , , , , , , , , , , , , , 
19.9067885, 0.0307164, , , , , , , 19.9067885, 0.0468299, , , , , , , 19.9067885, -0.0461585, , , , , , , 19.9067885, 0.0119173, , , , , , , , , , , , , , , , , , , , , , , , , , , , 
19.9073077, 0.0159457, , , , , , , 19.9073077, 0.0733501, , , , , , , 19.9073077, -0.0619364, , , , , , , 19.9073077, 0.01561, , , , , , , , , , , , , , , , , , , , , , , , , , , , 
19.9078269, 0.0045319, , , , , , , 19.9078269, 0.0871138, , , , , , , 19.9078269, -0.0710002, , , , , , , 19.9078269, 0.017792, , , , , , , , , , , , , , , , , , , , , , , , , , , , 
19.9083462, 0.0092317, , , , , , , 19.9083462, 0.0908064, , , , , , , 19.9083462, -0.0753643, , , , , , , 19.9083462, 0.0213169, , , , , , , , , , , , , , , , , , , , , , , , , , , , 
19.9088654, 0.0184634, , , , , , , 19.9088654, 0.1079271, , , , , , , 19.9088654, -0.0746929, , , , , , , 19.9088654, 0.0229953, , , , , , , , , , , , , , , , , , , , , , , , , , , , 
19.9093846, 0.0196384, , , , , , , 19.9093846, 0.1176623, , , , , , , 19.9093846, -0.0706645, , , , , , , 19.9093846, 0.018967, , , , , , , , , , , , , , , , , , , , , , , , , , , , 
19.9099038, 0.0149386, , , , , , , 19.9099038, 0.1210193, , , , , , , 19.9099038, -0.0619364, , , , , , , 19.9099038, 0.0149386, , , , , , , , , , , , , , , , , , , , , , , , , , , , 
19.9104231, 0.0052033, , , , , , , 19.9104231, 0.1572747, , , , , , , 19.9104231, -0.0498512, , , , , , , 19.9104231, 0.0097353, , , , , , , , , , , , , , , , , , , , , , , , , , , , 
19.9109423, 0.0018463, , , , , , , 19.9109423, 0.2341497, , , , , , , 19.9109423, -0.0352483, , , , , , , 19.9109423, 0.0003357, , , , , , , , , , , , , , , , , , , , , , , , , , , , 
19.9114615, 0.0031891, , , , , , , 19.9114615, 0.2928969, , , , , , , 19.9114615, -0.0149386, , , , , , , 19.9114615, -0.0068818, , , , , , , , , , , , , , , , , , , , , , , , , , , , 
19.9119808, 0.0031891, , , , , , , 19.9119808, 0.2925612, , , , , , , 19.9119808, 0.0092317, , , , , , , 19.9119808, -0.0095674, , , , , , , , , , , , , , , , , , , , , , , , , , , , 
19.9125, 0.0075532, , , , , , , 19.9125, 0.2435492, , , , , , , 19.9125, 0.0260166, , , , , , , 19.9125, -0.0109102, , , , , , , , , , , , , , , , , , , , , , , , , , , , 
19.9130192, 0.0218204, , , , , , , 19.9130192, 0.1889982, , , , , , , 19.9130192, 0.0374304, , , , , , , 19.9130192, -0.0115816, , , , , , , , , , , , , , , , , , , , , , , , , , , , 
19.9135385, 0.0414588, , , , , , , 19.9135385, 0.1851377, , , , , , , 19.9135385, 0.0448157, , , , , , , 19.9135385, -0.0092317, , , , , , , , , , , , , , , , , , , , , , , , , , , , 
19.9140577, 0.0508583, , , , , , , 19.9140577, 0.2224002, , , , , , , 19.9140577, 0.0360876, , , , , , , 19.9140577, -0.0063783, , , , , , , , , , , , , , , , , , , , , , , , , , , , 
19.9145769, 0.047837, , , , , , , 19.9145769, 0.1876555, , , , , , , 19.9145769, 0.023331, , , , , , , 19.9145769, -0.0041962, , , , , , , , , , , , , , , , , , , , , , , , , , , , 
19.9150962, 0.0471656, , , , , , , 19.9150962, 0.0642863, , , , , , , 19.9150962, 0.0213169, , , , , , , 19.9150962, 0.0001678, , , , , , , , , , , , , , , , , , , , , , , , , , , , 
19.9156154, 0.0528725, , , , , , , 19.9156154, -0.0602579, , , , , , , 19.9156154, 0.0263523, , , , , , , 19.9156154, 0.0058747, , , , , , , , , , , , , , , , , , , , , , , , , , , , 
19.9161346, 0.0569009, , , , , , , 19.9161346, -0.1539178, , , , , , , 19.9161346, 0.0303807, , , , , , , 19.9161346, 0.0099031, , , , , , , , , , , , , , , , , , , , , , , , , , , , 
19.9166538, 0.0532082, , , , , , , 19.9166538, -0.2469062, , , , , , , 19.9166538, 0.0293736, , , , , , , 19.9166538, 0.0117494, , , , , , , , , , , , , , , , , , , , , , , , , , , , 
19.9171731, 0.0488441, , , , , , , 19.9171731, -0.3499657, , , , , , , 19.9171731, 0.0276951, , , , , , , 19.9171731, 0.0146029, , , , , , , , , , , , , , , , , , , , , , , , , , , , 
19.9176923, 0.0421302, , , , , , , 19.9176923, -0.4070344, , , , , , , 19.9176923, 0.0248417, , , , , , , 19.9176923, 0.0191348, , , , , , , , , , , , , , , , , , , , , , , , , , , , 
19.9182115, 0.0340734, , , , , , , 19.9182115, -0.3513085, , , , , , , 19.9182115, 0.0216526, , , , , , , 19.9182115, 0.0246738, , , , , , , , , , , , , , , , , , , , , , , , , , , , 
19.9187308, 0.0243381, , , , , , , 19.9187308, -0.2391852, , , , , , , 19.9187308, 0.0246738, , , , , , , 19.9187308, 0.0285344, , , , , , , , , , , , , , , , , , , , , , , , , , , , 
19.91925, 0.0115816, , , , , , , 19.91925, -0.1821164, , , , , , , 19.91925, 0.0297093, , , , , , , 19.91925, 0.0337377, , , , , , , , , , , , , , , , , , , , , , , , , , , , 
19.9197692, -0.0011749, , , , , , , 19.9197692, -0.1827878, , , , , , , 19.9197692, 0.0273594, , , , , , , 19.9197692, 0.0428016, , , , , , , , , , , , , , , , , , , , , , , , , , , , 
19.9202885, -0.0077211, , , , , , , 19.9202885, -0.1794308, , , , , , , 19.9202885, 0.0166171, , , , , , , 19.9202885, 0.0475013, , , , , , , , , , , , , , , , , , , , , , , , , , , , 
19.9208077, -0.0142672, , , , , , , 19.9208077, -0.1445182, , , , , , , 19.9208077, 0.0045319, , , , , , , 19.9208077, 0.043473, , , , , , , , , , , , , , , , , , , , , , , , , , , , 
19.9213269, -0.0179599, , , , , , , 19.9213269, -0.0877852, , , , , , , 19.9213269, -0.0035248, , , , , , , 19.9213269, 0.0381018, , , , , , , , , , , , , , , , , , , , , , , , , , , , 
19.9218462, -0.0151064, , , , , , , 19.9218462, -0.0256809, , , , , , , 19.9218462, -0.0082246, , , , , , , 19.9218462, 0.0394446, , , , , , , , , , , , , , , , , , , , , , , , , , , , 
19.9223654, -0.0117494, , , , , , , 19.9223654, 0.0433051, , , , , , , 19.9223654, -0.0095674, , , , , , , 19.9223654, 0.0481727, , , , , , , , , , , , , , , , , , , , , , , , , , , , 
19.9228846, -0.017792, , , , , , , 19.9228846, 0.131426, , , , , , , 19.9228846, -0.0057069, , , , , , , 19.9228846, 0.0599222, , , , , , , , , , , , , , , , , , , , , , , , , , , , 
19.9234038, -0.0337377, , , , , , , 19.9234038, 0.2213931, , , , , , , 19.9234038, 0.0146029, , , , , , , 19.9234038, 0.0703288, , , , , , , , , , , , , , , , , , , , , , , , , , , , 
19.9239231, -0.054551, , , , , , , 19.9239231, 0.2892042, , , , , , , 19.9239231, 0.0414588, , , , , , , 19.9239231, 0.0777142, , , , , , , , , , , , , , , , , , , , , , , , , , , , 
19.9244423, -0.0807355, , , , , , , 19.9244423, 0.3409018, , , , , , , 19.9244423, 0.051194, , , , , , , 19.9244423, 0.0814069, , , , , , , , , , , , , , , , , , , , , , , , , , , , 
19.9249615, -0.1052415, , , , , , , 19.9249615, 0.419791, , , , , , , 19.9249615, 0.0616007, , , , , , , 19.9249615, 0.0803998, , , , , , , , , , , , , , , , , , , , , , , , , , , , 
19.9254808, -0.1122911, , , , , , , 19.9254808, 0.5015335, , , , , , , 19.9254808, 0.0757, , , , , , , 19.9254808, 0.0708324, , , , , , , , , , , , , , , , , , , , , , , , , , , , 
19.926, -0.102388, , , , , , , 19.926, 0.5550774, , , , , , , 19.926, 0.0710002, , , , , , , 19.926, 0.0592508, , , , , , , , , , , , , , , , , , , , , , , , , , , , 
19.9265192, -0.0894636, , , , , , , 19.9265192, 0.4986801, , , , , , , 19.9265192, 0.0365911, , , , , , , 19.9265192, 0.0515297, , , , , , , , , , , , , , , , , , , , , , , , , , , , 
19.9270385, -0.0753643, , , , , , , 19.9270385, 0.3247883, , , , , , , 19.9270385, -0.0166171, , , , , , , 19.9270385, 0.0458228, , , , , , , , , , , , , , , , , , , , , , , , , , , , 
19.9275577, -0.063447, , , , , , , 19.9275577, 0.1054093, , , , , , , 19.9275577, -0.0674754, , , , , , , 19.9275577, 0.0406195, , , , , , , , , , , , , , , , , , , , , , , , , , , , 
19.9280769, -0.0525368, , , , , , , 19.9280769, -0.1085985, , , , , , , 19.9280769, -0.1010452, , , , , , , 19.9280769, 0.0357519, , , , , , , , , , , , , , , , , , , , , , , , , , , , 
19.9285962, -0.0481727, , , , , , , 19.9285962, -0.3019608, , , , , , , 19.9285962, -0.1143053, , , , , , , 19.9285962, 0.0287022, , , , , , , , , , , , , , , , , , , , , , , , , , , , 
19.9291154, -0.0513619, , , , , , , 19.9291154, -0.4886091, , , , , , , 19.9291154, -0.1079271, , , , , , , 19.9291154, 0.0193027, , , , , , , , , , , , , , , , , , , , , , , , , , , , 
19.9296346, -0.0565652, , , , , , , 19.9296346, -0.6289311, , , , , , , 19.9296346, -0.0973526, , , , , , , 19.9296346, 0.0065461, , , , , , , , , , , , , , , , , , , , , , , , , , , , 
19.9301538, -0.0555581, , , , , , , 19.9301538, -0.5977111, , , , , , , 19.9301538, -0.0871138, , , , , , , 19.9301538, -0.0041962, , , , , , , , , , , , , , , , , , , , , , , , , , , , 
19.9306731, -0.0426337, , , , , , , 19.9306731, -0.4298619, , , , , , , 19.9306731, -0.0726787, , , , , , , 19.9306731, -0.0142672, , , , , , , , , , , , , , , , , , , , , , , , , , , , 
19.9311923, -0.0182956, , , , , , , 19.9311923, -0.3029679, , , , , , , 19.9311923, -0.0569009, , , , , , , 19.9311923, -0.0250095, , , , , , , , , , , , , , , , , , , , , , , , , , , , 
19.9317115, 0.0065461, , , , , , , 19.9317115, -0.2442206, , , , , , , 19.9317115, -0.0431373, , , , , , , 19.9317115, -0.0350805, , , , , , , , , , , , , , , , , , , , , , , , , , , , 
19.9322308, 0.0303807, , , , , , , 19.9322308, -0.1943694, , , , , , , 19.9322308, -0.0344091, , , , , , , 19.9322308, -0.0421302, , , , , , , , , , , , , , , , , , , , , , , , , , , , 
19.93275, 0.0528725, , , , , , , 19.93275, -0.1508965, , , , , , , 19.93275, -0.0292058, , , , , , , 19.93275, -0.0454871, , , , , , , , , , , , , , , , , , , , , , , , , , , , 
19.9332692, 0.0716716, , , , , , , 19.9332692, -0.1279011, , , , , , , 19.9332692, -0.0280308, , , , , , , 19.9332692, -0.0480049, , , , , , , , , , , , , , , , , , , , , , , , , , , , 
19.9337885, 0.0830854, , , , , , , 19.9337885, -0.0948348, , , , , , , 19.9337885, -0.0303807, , , , , , , 19.9337885, -0.0508583, , , , , , , , , , , , , , , , , , , , , , , , , , , , 
19.9343077, 0.0795605, , , , , , , 19.9343077, -0.0394446, , , , , , , 19.9343077, -0.035584, , , , , , , 19.9343077, -0.0498512, , , , , , , , , , , , , , , , , , , , , , , , , , , , 
19.9348269, 0.0730144, , , , , , , 19.9348269, -0.0149386, , , , , , , 19.9348269, -0.0310521, , , , , , , 19.9348269, -0.0485084, , , , , , , , , , , , , , , , , , , , , , , , , , , , 
19.9353462, 0.0733501, , , , , , , 19.9353462, -0.0377661, , , , , , , 19.9353462, -0.01561, , , , , , , 19.9353462, -0.0495155, , , , , , , , , , , , , , , , , , , , , , , , , , , , 
19.9358654, 0.0757, , , , , , , 19.9358654, -0.0283665, , , , , , , 19.9358654, -0.0099031, , , , , , , 19.9358654, -0.0498512, , , , , , , , , , , , , , , , , , , , , , , , , , , , 
19.9363846, 0.0736858, , , , , , , 19.9363846, 0.0424659, , , , , , , 19.9363846, -0.0229953, , , , , , , 19.9363846, -0.04448, , , , , , , , , , , , , , , , , , , , , , , , , , , , 
19.9369038, 0.0639506, , , , , , , 19.9369038, 0.1032273, , , , , , , 19.9369038, -0.051194, , , , , , , 19.9369038, -0.0330663, , , , , , , , , , , , , , , , , , , , , , , , , , , , 
19.9374231, 0.0515297, , , , , , , 19.9374231, 0.1337758, , , , , , , 19.9374231, -0.0830854, , , , , , , 19.9374231, -0.0149386, , , , , , , , , , , , , , , , , , , , , , , , , , , , 
19.9379423, 0.0448157, , , , , , , 19.9379423, 0.1505608, , , , , , , 19.9379423, -0.1003738, , , , , , , 19.9379423, 0.0092317, , , , , , , , , , , , , , , , , , , , , , , , , , , , 
19.9384615, 0.0428016, , , , , , , 19.9384615, 0.1478752, , , , , , , 19.9384615, -0.0955062, , , , , , , 19.9384615, 0.0323949, , , , , , , , , , , , , , , , , , , , , , , , , , , , 
19.9389808, 0.0424659, , , , , , , 19.9389808, 0.1149767, , , , , , , 19.9389808, -0.0793927, , , , , , , 19.9389808, 0.0464942, , , , , , , , , , , , , , , , , , , , , , , , , , , , 
19.9395, 0.0382696, , , , , , , 19.9395, 0.0595865, , , , , , , 19.9395, -0.0656291, , , , , , , 19.9395, 0.0527047, , , , , , , , , , , , , , , , , , , , , , , , , , , , 
19.9400192, 0.0287022, , , , , , , 19.9400192, -0.0199741, , , , , , , 19.9400192, -0.0498512, , , , , , , 19.9400192, 0.0585794, , , , , , , , , , , , , , , , , , , , , , , , , , , , 
19.9405385, 0.0164492, , , , , , , 19.9405385, -0.0340734, , , , , , , 19.9405385, -0.0223239, , , , , , , 19.9405385, 0.0642863, , , , , , , , , , , , , , , , , , , , , , , , , , , , 
19.9410577, 0.0129244, , , , , , , 19.9410577, 0.0562295, , , , , , , 19.9410577, 0.0115816, , , , , , , 19.9410577, 0.0616007, , , , , , , , , , , , , , , , , , , , , , , , , , , , 
19.9415769, 0.01561, , , , , , , 19.9415769, 0.1545892, , , , , , , 19.9415769, 0.0421302, , , , , , , 19.9415769, 0.0515297, , , , , , , , , , , , , , , , , , , , , , , , , , , , 
19.9420962, 0.0186313, , , , , , , 19.9420962, 0.2170291, , , , , , , 19.9420962, 0.0639506, , , , , , , 19.9420962, 0.0428016, , , , , , , , , , , , , , , , , , , , , , , , , , , , 
19.9426154, 0.0226596, , , , , , , 19.9426154, 0.2301213, , , , , , , 19.9426154, 0.0884565, , , , , , , 19.9426154, 0.0397803, , , , , , , , , , , , , , , , , , , , , , , , , , , , 
19.9431346, 0.0283665, , , , , , , 19.9431346, 0.1641566, , , , , , , 19.9431346, 0.1050736, , , , , , , 19.9431346, 0.0407874, , , , , , , , , , , , , , , , , , , , , , , , , , , , 
19.9436538, 0.0320592, , , , , , , 19.9436538, 0.0226596, , , , , , , 19.9436538, 0.0978561, , , , , , , 19.9436538, 0.0421302, , , , , , , , , , , , , , , , , , , , , , , , , , , , 
19.9441731, 0.0307164, , , , , , , 19.9441731, -0.1206836, , , , , , , 19.9441731, 0.0679789, , , , , , , 19.9441731, 0.0394446, , , , , , , , , , , , , , , , , , , , , , , , , , , , 
19.9446923, 0.0260166, , , , , , , 19.9446923, -0.2036011, , , , , , , 19.9446923, 0.0307164, , , , , , , 19.9446923, 0.0345769, , , , , , , , , , , , , , , , , , , , , , , , , , , , 
19.9452115, 0.0206455, , , , , , , 19.9452115, -0.2076295, , , , , , , 19.9452115, -0.0062104, , , , , , , 19.9452115, 0.0303807, , , , , , , , , , , , , , , , , , , , , , , , , , , , 
19.9457308, 0.0159457, , , , , , , 19.9457308, -0.1508965, , , , , , , 19.9457308, -0.0448157, , , , , , , 19.9457308, 0.024506, , , , , , , , , , , , , , , , , , , , , , , , , , , , 
19.94625, 0.0151064, , , , , , , 19.94625, -0.0592508, , , , , , , 19.94625, -0.0656291, , , , , , , 19.94625, 0.0130922, , , , , , , , , , , , , , , , , , , , , , , , , , , , 
19.9467692, 0.0213169, , , , , , , 19.9467692, 0.0273594, , , , , , , 19.9467692, -0.0746929, , , , , , , 19.9467692, -0.0001678, , , , , , , , , , , , , , , , , , , , , , , , , , , , 
19.9472885, 0.0273594, , , , , , , 19.9472885, 0.0683146, , , , , , , 19.9472885, -0.1032273, , , , , , , 19.9472885, -0.0077211, , , , , , , , , , , , , , , , , , , , , , , , , , , , 
19.9478077, 0.0213169, , , , , , , 19.9478077, 0.0820783, , , , , , , 19.9478077, -0.1421683, , , , , , , 19.9478077, -0.0102388, , , , , , , , , , , , , , , , , , , , , , , , , , , , 
19.9483269, 0.0159457, , , , , , , 19.9483269, 0.0998703, , , , , , , 19.9483269, -0.1653315, , , , , , , 19.9483269, -0.011078, , , , , , , , , , , , , , , , , , , , , , , , , , , , 
19.9488462, 0.0164492, , , , , , , 19.9488462, 0.1166552, , , , , , , 19.9488462, -0.1639887, , , , , , , 19.9488462, -0.0075532, , , , , , , , , , , , , , , , , , , , , , , , , , , , 
19.9493654, 0.0152743, , , , , , , 19.9493654, 0.111284, , , , , , , 19.9493654, -0.1414969, , , , , , , 19.9493654, -0.0023499, , , , , , , , , , , , , , , , , , , , , , , , , , , , 
19.9498846, 0.0140993, , , , , , , 19.9498846, 0.0921492, , , , , , , 19.9498846, -0.0874495, , , , , , , 19.9498846, 0.0015106, , , , , , , , , , , , , , , , , , , , , , , , , , , , 
19.9504038, 0.0193027, , , , , , , 19.9504038, 0.0750286, , , , , , , 19.9504038, 0.0035248, , , , , , , 19.9504038, 0.0008392, , , , , , , , , , , , , , , , , , , , , , , , , , , , 
19.9509231, 0.0251774, , , , , , , 19.9509231, 0.0542153, , , , , , , 19.9509231, 0.0981918, , , , , , , 19.9509231, -0.0048676, , , , , , , , , , , , , , , , , , , , , , , , , , , , 
19.9514423, 0.0276951, , , , , , , 19.9514423, 0.0340734, , , , , , , 19.9514423, 0.1660029, , , , , , , 19.9514423, -0.0125887, , , , , , , , , , , , , , , , , , , , , , , , , , , , 
19.9519615, 0.0345769, , , , , , , 19.9519615, 0.0082246, , , , , , , 19.9519615, 0.1943694, , , , , , , 19.9519615, -0.018967, , , , , , , , , , , , , , , , , , , , , , , , , , , , 
19.9524808, 0.0394446, , , , , , , 19.9524808, -0.023331, , , , , , , 19.9524808, 0.1891661, , , , , , , 19.9524808, -0.0270237, , , , , , , , , , , , , , , , , , , , , , , , , , , , 
19.953, 0.0364233, , , , , , , 19.953, -0.0176242, , , , , , , 19.953, 0.163653, , , , , , , 19.953, -0.036759, , , , , , , , , , , , , , , , , , , , , , , , , , , , 
19.9535192, 0.0360876, , , , , , , 19.9535192, 0.0253452, , , , , , , 19.9535192, 0.1273976, , , , , , , 19.9535192, -0.0441444, , , , , , , , , , , , , , , , , , , , , , , , , , , , 
19.9540385, 0.0414588, , , , , , , 19.9540385, 0.0508583, , , , , , , 19.9540385, 0.0948348, , , , , , , 19.9540385, -0.0454871, , , , , , , , , , , , , , , , , , , , , , , , , , , , 
19.9545577, 0.0500191, , , , , , , 19.9545577, 0.0426337, , , , , , , 19.9545577, 0.0663005, , , , , , , 19.9545577, -0.0424659, , , , , , , , , , , , , , , , , , , , , , , , , , , , 
19.9550769, 0.0530404, , , , , , , 19.9550769, 0.0337377, , , , , , , 19.9550769, 0.0365911, , , , , , , 19.9550769, -0.0372625, , , , , , , , , , , , , , , , , , , , , , , , , , , , 
19.9555962, 0.0522011, , , , , , , 19.9555962, 0.0461585, , , , , , , 19.9555962, 0.008896, , , , , , , 19.9555962, -0.026688, , , , , , , , , , , , , , , , , , , , , , , , , , , , 
19.9561154, 0.0508583, , , , , , , 19.9561154, 0.0528725, , , , , , , 19.9561154, -0.0095674, , , , , , , 19.9561154, -0.0137636, , , , , , , , , , , , , , , , , , , , , , , , , , , , 
19.9566346, 0.0441444, , , , , , , 19.9566346, 0.0152743, , , , , , , 19.9566346, -0.0209812, , , , , , , 19.9566346, 0.0011749, , , , , , , , , , , , , , , , , , , , , , , , , , , , 
19.9571538, 0.0307164, , , , , , , 19.9571538, -0.0196384, , , , , , , 19.9571538, -0.03122, , , , , , , 19.9571538, 0.0186313, , , , , , , , , , , , , , , , , , , , , , , , , , , , 
19.9576731, 0.0209812, , , , , , , 19.9576731, -0.0102388, , , , , , , 19.9576731, -0.0345769, , , , , , , 19.9576731, 0.0347448, , , , , , , , , , , , , , , , , , , , , , , , , , , , 
19.9581923, 0.0151064, , , , , , , 19.9581923, 0.0142672, , , , , , , 19.9581923, -0.0260166, , , , , , , 19.9581923, 0.0505226, , , , , , , , , , , , , , , , , , , , , , , , , , , , 
19.9587115, 0.0063783, , , , , , , 19.9587115, 0.0159457, , , , , , , 19.9587115, 0.0050355, , , , , , , 19.9587115, 0.0663005, , , , , , , , , , , , , , , , , , , , , , , , , , , , 
19.9592308, -0.0045319, , , , , , , 19.9592308, -0.0184634, , , , , , , 19.9592308, 0.0280308, , , , , , , 19.9592308, 0.0773785, , , , , , , , , , , , , , , , , , , , , , , , , , , , 
19.95975, -0.0082246, , , , , , , 19.95975, -0.0674754, , , , , , , 19.95975, -0.049012, , , , , , , 19.95975, 0.0830854, , , , , , , , , , , , , , , , , , , , , , , , , , , , 
19.9602692, -0.0038605, , , , , , , 19.9602692, -0.105745, , , , , , , 19.9602692, -0.1801022, , , , , , , 19.9602692, 0.0800641, , , , , , , , , , , , , , , , , , , , , , , , , , , , 
19.9607885, 0.0083925, , , , , , , 19.9607885, -0.1267262, , , , , , , 19.9607885, -0.2390173, , , , , , , 19.9607885, 0.0696574, , , , , , , , , , , , , , , , , , , , , , , , , , , , 
19.9613077, 0.0132601, , , , , , , 19.9613077, -0.1572747, , , , , , , 19.9613077, -0.2217288, , , , , , , 19.9613077, 0.0574044, , , , , , , , , , , , , , , , , , , , , , , , , , , , 
19.9618269, 0.0102388, , , , , , , 19.9618269, -0.1868162, , , , , , , 19.9618269, -0.1795987, , , , , , , 19.9618269, 0.0463264, , , , , , , , , , , , , , , , , , , , , , , , , , , , 
19.9623462, 0.0092317, , , , , , , 19.9623462, -0.1837949, , , , , , , 19.9623462, -0.1438468, , , , , , , 19.9623462, 0.0347448, , , , , , , , , , , , , , , , , , , , , , , , , , , , 
19.9628654, 0.0152743, , , , , , , 19.9628654, -0.1379721, , , , , , , 19.9628654, -0.1136339, , , , , , , 19.9628654, 0.0246738, , , , , , , , , , , , , , , , , , , , , , , , , , , , 
19.9633846, 0.0226596, , , , , , , 19.9633846, -0.0585794, , , , , , , 19.9633846, -0.0797284, , , , , , , 19.9633846, 0.0154421, , , , , , , , , , , , , , , , , , , , , , , , , , , , 
19.9639038, 0.0238346, , , , , , , 19.9639038, 0.04448, , , , , , , 19.9639038, -0.0397803, , , , , , , 19.9639038, 0.0038605, , , , , , , , , , , , , , , , , , , , , , , , , , , , 
19.9644231, 0.0204776, , , , , , , 19.9644231, 0.1381399, , , , , , , 19.9644231, 0.01561, , , , , , , 19.9644231, -0.0045319, , , , , , , , , , , , , , , , , , , , , , , , , , , , 
19.9649423, 0.0186313, , , , , , , 19.9649423, 0.1629816, , , , , , , 19.9649423, 0.0911421, , , , , , , 19.9649423, -0.0095674, , , , , , , , , , , , , , , , , , , , , , , , , , , , 
19.9654615, 0.0196384, , , , , , , 19.9654615, 0.0978561, , , , , , , 19.9654615, 0.1680171, , , , , , , 19.9654615, -0.0169528, , , , , , , , , , , , , , , , , , , , , , , , , , , , 
19.9659808, 0.0199741, , , , , , , 19.9659808, 0.0092317, , , , , , , 19.9659808, 0.2133364, , , , , , , 19.9659808, -0.0236667, , , , , , , , , , , , , , , , , , , , , , , , , , , , 
19.9665, 0.0219883, , , , , , , 19.9665, -0.0438087, , , , , , , 19.9665, 0.2146792, , , , , , , 19.9665, -0.0276951, , , , , , , , , , , , , , , , , , , , , , , , , , , , 
19.9670192, 0.0229953, , , , , , , 19.9670192, -0.0441444, , , , , , , 19.9670192, 0.1755703, , , , , , , 19.9670192, -0.0290379, , , , , , , , , , , , , , , , , , , , , , , , , , , , 
19.9675385, 0.0206455, , , , , , , 19.9675385, 0.0058747, , , , , , , 19.9675385, 0.1032273, , , , , , , 19.9675385, -0.0256809, , , , , , , , , , , , , , , , , , , , , , , , , , , , 
19.9680577, 0.0216526, , , , , , , 19.9680577, 0.0622721, , , , , , , 19.9680577, 0.012253, , , , , , , 19.9680577, -0.0206455, , , , , , , , , , , , , , , , , , , , , , , , , , , , 
19.9685769, 0.0263523, , , , , , , 19.9685769, 0.0955062, , , , , , , 19.9685769, -0.0458228, , , , , , , 19.9685769, -0.01561, , , , , , , , , , , , , , , , , , , , , , , , , , , , 
19.9690962, 0.0307164, , , , , , , 19.9690962, 0.131426, , , , , , , 19.9690962, -0.0525368, , , , , , , 19.9690962, -0.008896, , , , , , , , , , , , , , , , , , , , , , , , , , , , 
19.9696154, 0.0307164, , , , , , , 19.9696154, 0.1797665, , , , , , , 19.9696154, -0.0323949, , , , , , , 19.9696154, -0.0023499, , , , , , , , , , , , , , , , , , , , , , , , , , , , 
19.9701346, 0.0253452, , , , , , , 19.9701346, 0.1740597, , , , , , , 19.9701346, -0.0082246, , , , , , , 19.9701346, 0.0052033, , , , , , , , , , , , , , , , , , , , , , , , , , , , 
19.9706538, 0.0209812, , , , , , , 19.9706538, 0.0757, , , , , , , 19.9706538, 0.0159457, , , , , , , 19.9706538, 0.0105745, , , , , , , , , , , , , , , , , , , , , , , , , , , , 
19.9711731, 0.0285344, , , , , , , 19.9711731, -0.033402, , , , , , , 19.9711731, 0.0379339, , , , , , , 19.9711731, 0.0157778, , , , , , , , , , , , , , , , , , , , , , , , , , , , 
19.9716923, 0.0374304, , , , , , , 19.9716923, 0.008896, , , , , , , 19.9716923, 0.0555581, , , , , , , 19.9716923, 0.0260166, , , , , , , , , , , , , , , , , , , , , , , , , , , , 
19.9722115, 0.036759, , , , , , , 19.9722115, 0.1461967, , , , , , , 19.9722115, 0.0673075, , , , , , , 19.9722115, 0.043473, , , , , , , , , , , , , , , , , , , , , , , , , , , , 
19.9727308, 0.026688, , , , , , , 19.9727308, 0.1978943, , , , , , , 19.9727308, 0.068986, , , , , , , 19.9727308, 0.0627756, , , , , , , , , , , , , , , , , , , , , , , , , , , , 
19.97325, 0.0167849, , , , , , , 19.97325, 0.1339437, , , , , , , 19.97325, 0.0582437, , , , , , , 19.97325, 0.0736858, , , , , , , , , , , , , , , , , , , , , , , , , , , , 
19.9737692, 0.0099031, , , , , , , 19.9737692, 0.0542153, , , , , , , 19.9737692, 0.0411231, , , , , , , 19.9737692, 0.0763714, , , , , , , , , , , , , , , , , , , , , , , , , , , , 
19.9742885, 0.0038605, , , , , , , 19.9742885, 0.0058747, , , , , , , 19.9742885, 0.0209812, , , , , , , 19.9742885, 0.0710002, , , , , , , , , , , , , , , , , , , , , , , , , , , , 
19.9748077, -0.0092317, , , , , , , 19.9748077, -0.0485084, , , , , , , 19.9748077, -0.0028534, , , , , , , 19.9748077, 0.0589151, , , , , , , , , , , , , , , , , , , , , , , , , , , , 
19.9753269, -0.0196384, , , , , , , 19.9753269, -0.0924849, , , , , , , 19.9753269, -0.023331, , , , , , , 19.9753269, 0.0481727, , , , , , , , , , , , , , , , , , , , , , , , , , , , 
19.9758462, -0.0142672, , , , , , , 19.9758462, -0.0565652, , , , , , , 19.9758462, -0.0377661, , , , , , , 19.9758462, 0.0404517, , , , , , , , , , , , , , , , , , , , , , , , , , , , 
19.9763654, -0.0023499, , , , , , , 19.9763654, -0.0411231, , , , , , , 19.9763654, -0.0475013, , , , , , , 19.9763654, 0.036759, , , , , , , , , , , , , , , , , , , , , , , , , , , , 
19.9768846, 0.0025177, , , , , , , 19.9768846, -0.1418326, , , , , , , 19.9768846, -0.0558938, , , , , , , 19.9768846, 0.0397803, , , , , , , , , , , , , , , , , , , , , , , , , , , , 
19.9774038, 0.0038605, , , , , , , 19.9774038, -0.2378424, , , , , , , 19.9774038, -0.0569009, , , , , , , 19.9774038, 0.0475013, , , , , , , , , , , , , , , , , , , , , , , , , , , , 
19.9779231, 0.0031891, , , , , , , 19.9779231, -0.2767834, , , , , , , 19.9779231, -0.0501869, , , , , , , 19.9779231, 0.0575723, , , , , , , , , , , , , , , , , , , , , , , , , , , , 
19.9784423, -0.0035248, , , , , , , 19.9784423, -0.3335164, , , , , , , 19.9784423, -0.043473, , , , , , , 19.9784423, 0.0716716, , , , , , , , , , , , , , , , , , , , , , , , , , , , 
19.9789615, -0.0162814, , , , , , , 19.9789615, -0.413077, , , , , , , 19.9789615, -0.0370947, , , , , , , 19.9789615, 0.0871138, , , , , , , , , , , , , , , , , , , , , , , , , , , , 
19.9794808, -0.0307164, , , , , , , 19.9794808, -0.44094, , , , , , , 19.9794808, -0.0280308, , , , , , , 19.9794808, 0.0938277, , , , , , , , , , , , , , , , , , , , , , , , , , , , 
19.98, -0.0412909, , , , , , , 19.98, -0.4056916, , , , , , , 19.98, -0.0194705, , , , , , , 19.98, 0.0884565, , , , , , , , , , , , , , , , , , , , , , , , , , , , 
19.9805192, -0.0406195, , , , , , , 19.9805192, -0.3600366, , , , , , , 19.9805192, -0.0129244, , , , , , , 19.9805192, 0.0733501, , , , , , , , , , , , , , , , , , , , , , , , , , , , 
19.9810385, -0.0330663, , , , , , , 19.9810385, -0.2928969, , , , , , , 19.9810385, -0.0095674, , , , , , , 19.9810385, 0.0547189, , , , , , , , , , , , , , , , , , , , , , , , , , , , 
19.9815577, -0.0290379, , , , , , , 19.9815577, -0.1626459, , , , , , , 19.9815577, -0.0112459, , , , , , , 19.9815577, 0.0354162, , , , , , , , , , , , , , , , , , , , , , , , , , , , 
19.9820769, -0.0330663, , , , , , , 19.9820769, -0.0196384, , , , , , , 19.9820769, -0.0209812, , , , , , , 19.9820769, 0.0169528, , , , , , , , , , , , , , , , , , , , , , , , , , , , 
19.9825962, -0.0391089, , , , , , , 19.9825962, 0.0609293, , , , , , , 19.9825962, -0.0412909, , , , , , , 19.9825962, -0.0005035, , , , , , , , , , , , , , , , , , , , , , , , , , , , 
19.9831154, -0.0397803, , , , , , , 19.9831154, 0.0656291, , , , , , , 19.9831154, -0.0582437, , , , , , , 19.9831154, -0.014435, , , , , , , , , , , , , , , , , , , , , , , , , , , , 
19.9836346, -0.0360876, , , , , , , 19.9836346, 0.0379339, , , , , , , 19.9836346, -0.0605936, , , , , , , 19.9836346, -0.0253452, , , , , , , , , , , , , , , , , , , , , , , , , , , , 
19.9841538, -0.0276951, , , , , , , 19.9841538, 0.0199741, , , , , , , 19.9841538, -0.0558938, , , , , , , 19.9841538, -0.0303807, , , , , , , , , , , , , , , , , , , , , , , , , , , , 
19.9846731, -0.0206455, , , , , , , 19.9846731, 0.008896, , , , , , , 19.9846731, -0.0552224, , , , , , , 19.9846731, -0.033402, , , , , , , , , , , , , , , , , , , , , , , , , , , , 
19.9851923, -0.0139315, , , , , , , 19.9851923, -0.0060426, , , , , , , 19.9851923, -0.0589151, , , , , , , 19.9851923, -0.0344091, , , , , , , , , , , , , , , , , , , , , , , , , , , , 
19.9857115, -0.0041962, , , , , , , 19.9857115, -0.0045319, , , , , , , 19.9857115, -0.0605936, , , , , , , 19.9857115, -0.0307164, , , , , , , , , , , , , , , , , , , , , , , , , , , , 
19.9862308, 0.0041962, , , , , , , 19.9862308, 0.0417945, , , , , , , 19.9862308, -0.0619364, , , , , , , 19.9862308, -0.0251774, , , , , , , , , , , , , , , , , , , , , , , , , , , , 
19.98675, 0.0065461, , , , , , , 19.98675, 0.1042344, , , , , , , 19.98675, -0.0683146, , , , , , , 19.98675, -0.0176242, , , , , , , , , , , , , , , , , , , , , , , , , , , , 
19.9872692, 0.0092317, , , , , , , 19.9872692, 0.1361257, , , , , , , 19.9872692, -0.0793927, , , , , , , 19.9872692, -0.0109102, , , , , , , , , , , , , , , , , , , , , , , , , , , , 
19.9877885, 0.0157778, , , , , , , 19.9877885, 0.152575, , , , , , , 19.9877885, -0.0854353, , , , , , , 19.9877885, -0.0082246, , , , , , , , , , , , , , , , , , , , , , , , , , , , 
19.9883077, 0.0139315, , , , , , , 19.9883077, 0.1811093, , , , , , , 19.9883077, -0.082414, , , , , , , 19.9883077, -0.0065461, , , , , , , , , , , , , , , , , , , , , , , , , , , , 
19.9888269, 0.008896, , , , , , , 19.9888269, 0.2170291, , , , , , , 19.9888269, -0.0699931, , , , , , , 19.9888269, -0.0058747, , , , , , , , , , , , , , , , , , , , , , , , , , , , 
19.9893462, 0.0077211, , , , , , , 19.9893462, 0.252781, , , , , , , 19.9893462, -0.054551, , , , , , , 19.9893462, -0.0075532, , , , , , , , , , , , , , , , , , , , , , , , , , , , 
19.9898654, 0.0062104, , , , , , , 19.9898654, 0.2730907, , , , , , , 19.9898654, -0.0370947, , , , , , , 19.9898654, -0.0102388, , , , , , , , , , , , , , , , , , , , , , , , , , , , 
19.9903846, 0.0050355, , , , , , , 19.9903846, 0.2737621, , , , , , , 19.9903846, -0.011078, , , , , , , 19.9903846, -0.0149386, , , , , , , , , , , , , , , , , , , , , , , , , , , , 
19.9909038, 0.008896, , , , , , , 19.9909038, 0.2442206, , , , , , , 19.9909038, 0.0240024, , , , , , , 19.9909038, -0.0256809, , , , , , , , , , , , , , , , , , , , , , , , , , , , 
19.9914231, 0.0199741, , , , , , , 19.9914231, 0.1861448, , , , , , , 19.9914231, 0.054551, , , , , , , 19.9914231, -0.0364233, , , , , , , , , , , , , , , , , , , , , , , , , , , , 
19.9919423, 0.0350805, , , , , , , 19.9919423, 0.1072557, , , , , , , 19.9919423, 0.0750286, , , , , , , 19.9919423, -0.0391089, , , , , , , , , , , , , , , , , , , , , , , , , , , , 
19.9924615, 0.0481727, , , , , , , 19.9924615, 0.014435, , , , , , , 19.9924615, 0.0911421, , , , , , , 19.9924615, -0.0364233, , , , , , , , , , , , , , , , , , , , , , , , , , , , 
19.9929808, 0.0532082, , , , , , , 19.9929808, -0.0649577, , , , , , , 19.9929808, 0.1025559, , , , , , , 19.9929808, -0.0293736, , , , , , , , , , , , , , , , , , , , , , , , , , , , 
19.9935, 0.0505226, , , , , , , 19.9935, -0.1686885, , , , , , , 19.9935, 0.1042344, , , , , , , 19.9935, -0.0194705, , , , , , , , , , , , , , , , , , , , , , , , , , , , 
19.9940192, 0.0428016, , , , , , , 19.9940192, -0.2831617, , , , , , , 19.9940192, 0.0911421, , , , , , , 19.9940192, -0.0068818, , , , , , , , , , , , , , , , , , , , , , , , , , , , 
19.9945385, 0.0347448, , , , , , , 19.9945385, -0.3801785, , , , , , , 19.9945385, 0.0815747, , , , , , , 19.9945385, 0.0109102, , , , , , , , , , , , , , , , , , , , , , , , , , , , 
19.9950577, 0.026688, , , , , , , 19.9950577, -0.4635996, , , , , , , 19.9950577, 0.1003738, , , , , , , 19.9950577, 0.0317235, , , , , , , , , , , , , , , , , , , , , , , , , , , , 
19.9955769, 0.0171206, , , , , , , 19.9955769, -0.4637675, , , , , , , 19.9955769, 0.1223621, , , , , , , 19.9955769, 0.0461585, , , , , , , , , , , , , , , , , , , , , , , , , , , , 
19.9960962, 0.0062104, , , , , , , 19.9960962, -0.3586938, , , , , , , 19.9960962, 0.1159838, , , , , , , 19.9960962, 0.0548867, , , , , , , , , , , , , , , , , , , , , , , , , , , , 
19.9966154, -0.0015106, , , , , , , 19.9966154, -0.2341497, , , , , , , 19.9966154, 0.0904707, , , , , , , 19.9966154, 0.061265, , , , , , , , , , , , , , , , , , , , , , , , , , , , 
19.9971346, -0.0038605, , , , , , , 19.9971346, -0.1552605, , , , , , , 19.9971346, 0.0553902, , , , , , , 19.9971346, 0.0629435, , , , , , , , , , , , , , , , , , , , , , , , , , , , 
19.9976538, -0.0078889, , , , , , , 19.9976538, -0.0928206, , , , , , , 19.9976538, 0.0275273, , , , , , , 19.9976538, 0.0629435, , , , , , , , , , , , , , , , , , , , , , , , , , , , 
19.9981731, -0.0119173, , , , , , , 19.9981731, -0.0209812, , , , , , , 19.9981731, 0.0280308, , , , , , , 19.9981731, 0.0595865, , , , , , , , , , , , , , , , , , , , , , , , , , , , 
19.9986923, -0.0169528, , , , , , , 19.9986923, 0.0347448, , , , , , , 19.9986923, 0.0488441, , , , , , , 19.9986923, 0.0506905, , , , , , , , , , , , , , , , , , , , , , , , , , , , 
19.9992115, -0.0191348, , , , , , , 19.9992115, 0.0532082, , , , , , , 19.9992115, 0.0337377, , , , , , , 19.9992115, 0.0384375, , , , , , , , , , , , , , , , , , , , , , , , , , , , 
19.9997308, -0.0152743, , , , , , , 19.9997308, 0.0397803, , , , , , , 19.9997308, -0.0240024, , , , , , , 19.9997308, 0.0283665, , , , , , , , , , , , , , , , , , , , , , , , , , , , 
20.00025, -0.0065461, , , , , , , 20.00025, 0.036759, , , , , , , 20.00025, -0.0575723, , , , , , , 20.00025, 0.0196384, , , , , , , , , , , , , , , , , , , , , , , , , , , , 
20.0007692, 0.0011749, , , , , , , 20.0007692, 0.0649577, , , , , , , 20.0007692, -0.0542153, , , , , , , 20.0007692, 0.0119173, , , , , , , , , , , , , , , , , , , , , , , , , , , , 
20.0012885, 0.0099031, , , , , , , 20.0012885, 0.1129625, , , , , , , 20.0012885, -0.0553902, , , , , , , 20.0012885, 0.0005035, , , , , , , , , , , , , , , , , , , , , , , , , , , , 
20.0018077, 0.0117494, , , , , , , 20.0018077, 0.163653, , , , , , , 20.0018077, -0.0669718, , , , , , , 20.0018077, -0.0129244, , , , , , , , , , , , , , , , , , , , , , , , , , , , 
20.0023269, 0.01561, , , , , , , 20.0023269, 0.2049439, , , , , , , 20.0023269, -0.0674754, , , , , , , 20.0023269, -0.0216526, , , , , , , , , , , , , , , , , , , , , , , , , , , , 
20.0028462, 0.0250095, , , , , , , 20.0028462, 0.2240787, , , , , , , 20.0028462, -0.0522011, , , , , , , 20.0028462, -0.0263523, , , , , , , , , , , , , , , , , , , , , , , , , , , , 
20.0033654, 0.0307164, , , , , , , 20.0033654, 0.2041047, , , , , , , 20.0033654, -0.030045, , , , , , , 20.0033654, -0.0320592, , , , , , , , , , , , , , , , , , , , , , , , , , , , 
20.0038846, 0.0327306, , , , , , , 20.0038846, 0.131426, , , , , , , 20.0038846, -0.005539, , , , , , , 20.0038846, -0.0340734, , , , , , , , , , , , , , , , , , , , , , , , , , , , 
20.0044038, 0.0345769, , , , , , , 20.0044038, 0.0466621, , , , , , , 20.0044038, 0.0132601, , , , , , , 20.0044038, -0.0310521, , , , , , , , , , , , , , , , , , , , , , , , , , , , 
20.0049231, 0.0354162, , , , , , , 20.0049231, -0.0031891, , , , , , , 20.0049231, 0.0209812, , , , , , , 20.0049231, -0.0251774, , , , , , , , , , , , , , , , , , , , , , , , , , , , 
20.0054423, 0.0313878, , , , , , , 20.0054423, -0.04448, , , , , , , 20.0054423, 0.0310521, , , , , , , 20.0054423, -0.0191348, , , , , , , , , , , , , , , , , , , , , , , , , , , , 
20.0059615, 0.0256809, , , , , , , 20.0059615, -0.0782177, , , , , , , 20.0059615, 0.0414588, , , , , , , 20.0059615, -0.0139315, , , , , , , , , , , , , , , , , , , , , , , , , , , , 
20.0064808, 0.0226596, , , , , , , 20.0064808, -0.0686503, , , , , , , 20.0064808, 0.0476692, , , , , , , 20.0064808, -0.0105745, , , , , , , , , , , , , , , , , , , , , , , , , , , , 
20.007, 0.0260166, , , , , , , 20.007, -0.0223239, , , , , , , 20.007, 0.0464942, , , , , , , 20.007, -0.0075532, , , , , , , , , , , , , , , , , , , , , , , , , , , , 
20.0075192, 0.0354162, , , , , , , 20.0075192, 0.0323949, , , , , , , 20.0075192, 0.0340734, , , , , , , 20.0075192, -0.005539, , , , , , , , , , , , , , , , , , , , , , , , , , , , 
20.0080385, 0.0488441, , , , , , , 20.0080385, 0.0730144, , , , , , , 20.0080385, 0.0058747, , , , , , , 20.0080385, -0.005539, , , , , , , , , , , , , , , , , , , , , , , , , , , , 
20.0085577, 0.0572366, , , , , , , 20.0085577, 0.0844282, , , , , , , 20.0085577, -0.04448, , , , , , , 20.0085577, -0.005539, , , , , , , , , , , , , , , , , , , , , , , , , , , , 
20.0090769, 0.0565652, , , , , , , 20.0090769, 0.0666361, , , , , , , 20.0090769, -0.1092699, , , , , , , 20.0090769, -0.0082246, , , , , , , , , , , , , , , , , , , , , , , , , , , , 
20.0095962, 0.0532082, , , , , , , 20.0095962, 0.0407874, , , , , , , 20.0095962, -0.1801022, , , , , , , 20.0095962, -0.012253, , , , , , , , , , , , , , , , , , , , , , , , , , , , 
20.0101154, 0.0605936, , , , , , , 20.0101154, 0.0280308, , , , , , , 20.0101154, -0.230457, , , , , , , 20.0101154, -0.0137636, , , , , , , , , , , , , , , , , , , , , , , , , , , , 
20.0106346, 0.0800641, , , , , , , 20.0106346, 0.0522011, , , , , , , 20.0106346, -0.2344854, , , , , , , 20.0106346, -0.0146029, , , , , , , , , , , , , , , , , , , , , , , , , , , , 
20.0111538, 0.0965133, , , , , , , 20.0111538, 0.1169909, , , , , , , 20.0111538, -0.1928588, , , , , , , 20.0111538, -0.01561, , , , , , , , , , , , , , , , , , , , , , , , , , , , 
20.0116731, 0.1064164, , , , , , , 20.0116731, 0.1522393, , , , , , , 20.0116731, -0.128069, , , , , , , 20.0116731, -0.0137636, , , , , , , , , , , , , , , , , , , , , , , , , , , , 
20.0121923, 0.1122911, , , , , , , 20.0121923, 0.1277333, , , , , , , 20.0121923, -0.0897993, , , , , , , 20.0121923, -0.0078889, , , , , , , , , , , , , , , , , , , , , , , , , , , , 
20.0127115, 0.1126268, , , , , , , 20.0127115, 0.0916457, , , , , , , 20.0127115, -0.0803998, , , , , , , 20.0127115, 0.0038605, , , , , , , , , , , , , , , , , , , , , , , , , , , , 
20.0132308, 0.1075914, , , , , , , 20.0132308, 0.0710002, , , , , , , 20.0132308, -0.082414, , , , , , , 20.0132308, 0.0129244, , , , , , , , , , , , , , , , , , , , , , , , , , , , 
20.01375, 0.1005417, , , , , , , 20.01375, 0.0584115, , , , , , , 20.01375, -0.103563, , , , , , , 20.01375, 0.0172885, , , , , , , , , , , , , , , , , , , , , , , , , , , , 
20.0142692, 0.0944991, , , , , , , 20.0142692, 0.0461585, , , , , , , 20.0142692, -0.1394827, , , , , , , 20.0142692, 0.0166171, , , , , , , , , , , , , , , , , , , , , , , , , , , , 
20.0147885, 0.0948348, , , , , , , 20.0147885, 0.0327306, , , , , , , 20.0147885, -0.1686885, , , , , , , 20.0147885, 0.014435, , , , , , , , , , , , , , , , , , , , , , , , , , , , 
20.0153077, 0.0874495, , , , , , , 20.0153077, 0.0157778, , , , , , , 20.0153077, -0.1754025, , , , , , , 20.0153077, 0.0112459, , , , , , , , , , , , , , , , , , , , , , , , , , , , 
20.0158269, 0.0787213, , , , , , , 20.0158269, -0.0041962, , , , , , , 20.0158269, -0.1498894, , , , , , , 20.0158269, 0.005539, , , , , , , , , , , , , , , , , , , , , , , , , , , , 
20.0163462, 0.0693217, , , , , , , 20.0163462, -0.0058747, , , , , , , 20.0163462, -0.0891279, , , , , , , 20.0163462, -0.0001678, , , , , , , , , , , , , , , , , , , , , , , , , , , , 
20.0168654, 0.0560616, , , , , , , 20.0168654, 0.0223239, , , , , , , 20.0168654, -0.0038605, , , , , , , 20.0168654, -0.0010071, , , , , , , , , , , , , , , , , , , , , , , , , , , , 
20.0173846, 0.0409552, , , , , , , 20.0173846, 0.0359197, , , , , , , 20.0173846, 0.0800641, , , , , , , 20.0173846, 0.0018463, , , , , , , , , , , , , , , , , , , , , , , , , , , , 
20.0179038, 0.0273594, , , , , , , 20.0179038, 0.0203098, , , , , , , 20.0179038, 0.1354543, , , , , , , 20.0179038, 0.0045319, , , , , , , , , , , , , , , , , , , , , , , , , , , , 
20.0184231, 0.0146029, , , , , , , 20.0184231, 0.0313878, , , , , , , 20.0184231, 0.1495537, , , , , , , 20.0184231, 0.0083925, , , , , , , , , , , , , , , , , , , , , , , , , , , , 
20.0189423, 0.0050355, , , , , , , 20.0189423, 0.0834211, , , , , , , 20.0189423, 0.1379721, , , , , , , 20.0189423, 0.0129244, , , , , , , , , , , , , , , , , , , , , , , , , , , , 
20.0194615, -0.0025177, , , , , , , 20.0194615, 0.1324331, , , , , , , 20.0194615, 0.121355, , , , , , , 20.0194615, 0.0199741, , , , , , , , , , , , , , , , , , , , , , , , , , , , 
20.0199808, -0.0135958, , , , , , , 20.0199808, 0.1384756, , , , , , , 20.0199808, 0.1059129, , , , , , , 20.0199808, 0.0293736, , , , , , , , , , , , , , , , , , , , , , , , , , , , 
20.0205, -0.0290379, , , , , , , 20.0205, 0.1070878, , , , , , , 20.0205, 0.0909743, , , , , , , 20.0205, 0.0359197, , , , , , , , , , , , , , , , , , , , , , , , , , , , 
20.0210192, -0.0424659, , , , , , , 20.0210192, 0.0840925, , , , , , , 20.0210192, 0.0763714, , , , , , , 20.0210192, 0.0377661, , , , , , , , , , , , , , , , , , , , , , , , , , , , 
20.0215385, -0.054551, , , , , , , 20.0215385, 0.0770428, , , , , , , 20.0215385, 0.0548867, , , , , , , 20.0215385, 0.036759, , , , , , , , , , , , , , , , , , , , , , , , , , , , 
20.0220577, -0.068986, , , , , , , 20.0220577, 0.0481727, , , , , , , 20.0220577, 0.0139315, , , , , , , 20.0220577, 0.0327306, , , , , , , , , , , , , , , , , , , , , , , , , , , , 
20.0225769, -0.0847639, , , , , , , 20.0225769, 0.0015106, , , , , , , 20.0225769, -0.0135958, , , , , , , 20.0225769, 0.023331, , , , , , , , , , , , , , , , , , , , , , , , , , , , 
20.0230962, -0.0916457, , , , , , , 20.0230962, -0.0438087, , , , , , , 20.0230962, 0.0065461, , , , , , , 20.0230962, 0.0166171, , , , , , , , , , , , , , , , , , , , , , , , , , , , 
20.0236154, -0.0861067, , , , , , , 20.0236154, -0.064622, , , , , , , 20.0236154, 0.0548867, , , , , , , 20.0236154, 0.0196384, , , , , , , , , , , , , , , , , , , , , , , , , , , , 
20.0241346, -0.0797284, , , , , , , 20.0241346, -0.0394446, , , , , , , 20.0241346, 0.0950027, , , , , , , 20.0241346, 0.0317235, , , , , , , , , , , , , , , , , , , , , , , , , , , , 
20.0246538, -0.0798962, , , , , , , 20.0246538, 0.0172885, , , , , , , 20.0246538, 0.1136339, , , , , , , 20.0246538, 0.0481727, , , , , , , , , , , , , , , , , , , , , , , , , , , , 
20.0251731, -0.0850996, , , , , , , 20.0251731, 0.0213169, , , , , , , 20.0251731, 0.0976883, , , , , , , 20.0251731, 0.0656291, , , , , , , , , , , , , , , , , , , , , , , , , , , , 
20.0256923, -0.0908064, , , , , , , 20.0256923, -0.0082246, , , , , , , 20.0256923, 0.0508583, , , , , , , 20.0256923, 0.0820783, , , , , , , , , , , , , , , , , , , , , , , , , , , , 
20.0262115, -0.0981918, , , , , , , 20.0262115, -0.04448, , , , , , , 20.0262115, 0.0115816, , , , , , , 20.0262115, 0.0958419, , , , , , , , , , , , , , , , , , , , , , , , , , , , 
20.0267308, -0.0995346, , , , , , , 20.0267308, -0.1089342, , , , , , , 20.0267308, -0.0062104, , , , , , , 20.0267308, 0.100206, , , , , , , , , , , , , , , , , , , , , , , , , , , , 
20.02725, -0.0941634, , , , , , , 20.02725, -0.191516, , , , , , , 20.02725, -0.012253, , , , , , , 20.02725, 0.0931563, , , , , , , , , , , , , , , , , , , , , , , , , , , , 
20.0277692, -0.0896315, , , , , , , 20.0277692, -0.2536202, , , , , , , 20.0277692, -0.0095674, , , , , , , 20.0277692, 0.079057, , , , , , , , , , , , , , , , , , , , , , , , , , , , 
20.0282885, -0.0822461, , , , , , , 20.0282885, -0.2962539, , , , , , , 20.0282885, -0.0008392, , , , , , , 20.0282885, 0.0627756, , , , , , , , , , , , , , , , , , , , , , , , , , , , 
20.0288077, -0.0780499, , , , , , , 20.0288077, -0.3506371, , , , , , , 20.0288077, 0.0102388, , , , , , , 20.0288077, 0.0481727, , , , , , , , , , , , , , , , , , , , , , , , , , , , 
20.0293269, -0.0746929, , , , , , , 20.0293269, -0.3296559, , , , , , , 20.0293269, 0.0377661, , , , , , , 20.0293269, 0.0377661, , , , , , , , , , , , , , , , , , , , , , , , , , , , 
20.0298462, -0.0673075, , , , , , , 20.0298462, -0.2171969, , , , , , , 20.0298462, 0.0827497, , , , , , , 20.0298462, 0.0307164, , , , , , , , , , , , , , , , , , , , , , , , , , , , 
20.0303654, -0.0540475, , , , , , , 20.0303654, -0.142504, , , , , , , 20.0303654, 0.1208515, , , , , , , 20.0303654, 0.0223239, , , , , , , , , , , , , , , , , , , , , , , , , , , , 
20.0308846, -0.0391089, , , , , , , 20.0308846, -0.1374685, , , , , , , 20.0308846, 0.1324331, , , , , , , 20.0308846, 0.012253, , , , , , , , , , , , , , , , , , , , , , , , , , , , 
20.0314038, -0.0261845, , , , , , , 20.0314038, -0.1200122, , , , , , , 20.0314038, 0.114641, , , , , , , 20.0314038, 0.0011749, , , , , , , , , , , , , , , , , , , , , , , , , , , , 
20.0319231, -0.0186313, , , , , , , 20.0319231, -0.036759, , , , , , , 20.0319231, 0.0777142, , , , , , , 20.0319231, -0.011078, , , , , , , , , , , , , , , , , , , , , , , , , , , , 
20.0324423, -0.0082246, , , , , , , 20.0324423, 0.0904707, , , , , , , 20.0324423, 0.0270237, , , , , , , 20.0324423, -0.0193027, , , , , , , , , , , , , , , , , , , , , , , , , , , , 
20.0329615, 0.0115816, , , , , , , 20.0329615, 0.1851377, , , , , , , 20.0329615, -0.0176242, , , , , , , 20.0329615, -0.0240024, , , , , , , , , , , , , , , , , , , , , , , , , , , , 
20.0334808, 0.0381018, , , , , , , 20.0334808, 0.1723812, , , , , , , 20.0334808, -0.0270237, , , , , , , 20.0334808, -0.0263523, , , , , , , , , , , , , , , , , , , , , , , , , , , , 
20.034, 0.0592508, , , , , , , 20.034, 0.068986, , , , , , , 20.034, -0.0062104, , , , , , , 20.034, -0.0223239, , , , , , , , , , , , , , , , , , , , , , , , , , , , 
20.0345192, 0.068986, , , , , , , 20.0345192, -0.0736858, , , , , , , 20.0345192, 0.0149386, , , , , , , 20.0345192, -0.0109102, , , , , , , , , , , , , , , , , , , , , , , , , , , , 
20.0350385, 0.0703288, , , , , , , 20.0350385, -0.2183719, , , , , , , 20.0350385, 0.0250095, , , , , , , 20.0350385, 0.0060426, , , , , , , , , , , , , , , , , , , , , , , , , , , , 
20.0355577, 0.0659648, , , , , , , 20.0355577, -0.321767, , , , , , , 20.0355577, 0.024506, , , , , , , 20.0355577, 0.0182956, , , , , , , , , , , , , , , , , , , , , , , , , , , , 
20.0360769, 0.0636149, , , , , , , 20.0360769, -0.352987, , , , , , , 20.0360769, 0.0159457, , , , , , , 20.0360769, 0.026688, , , , , , , , , , , , , , , , , , , , , , , , , , , , 
20.0365962, 0.0656291, , , , , , , 20.0365962, -0.2757763, , , , , , , 20.0365962, -0.0028534, , , , , , , 20.0365962, 0.0318914, , , , , , , , , , , , , , , , , , , , , , , , , , , , 
20.0371154, 0.0622721, , , , , , , 20.0371154, -0.0971847, , , , , , , 20.0371154, -0.0292058, , , , , , , 20.0371154, 0.0340734, , , , , , , , , , , , , , , , , , , , , , , , , , , , 
20.0376346, 0.0498512, , , , , , , 20.0376346, 0.0360876, , , , , , , 20.0376346, -0.0585794, , , , , , , 20.0376346, 0.0340734, , , , , , , , , , , , , , , , , , , , , , , , , , , , 
20.0381538, 0.0412909, , , , , , , 20.0381538, 0.0387732, , , , , , , 20.0381538, -0.0840925, , , , , , , 20.0381538, 0.0327306, , , , , , , , , , , , , , , , , , , , , , , , , , , , 
20.0386731, 0.0407874, , , , , , , 20.0386731, -0.011078, , , , , , , 20.0386731, -0.1092699, , , , , , , 20.0386731, 0.0287022, , , , , , , , , , , , , , , , , , , , , , , , , , , , 
20.0391923, 0.0377661, , , , , , , 20.0391923, -0.0387732, , , , , , , 20.0391923, -0.1304189, , , , , , , 20.0391923, 0.0236667, , , , , , , , , , , , , , , , , , , , , , , , , , , , 
20.0397115, 0.0374304, , , , , , , 20.0397115, -0.0327306, , , , , , , 20.0397115, -0.1384756, , , , , , , 20.0397115, 0.0226596, , , , , , , , , , , , , , , , , , , , , , , , , , , , 
20.0402308, 0.0404517, , , , , , , 20.0402308, 0.0052033, , , , , , , 20.0402308, -0.1319295, , , , , , , 20.0402308, 0.0182956, , , , , , , , , , , , , , , , , , , , , , , , , , , , 
20.04075, 0.0464942, , , , , , , 20.04075, 0.0555581, , , , , , , 20.04075, -0.1166552, , , , , , , 20.04075, 0.0065461, , , , , , , , , , , , , , , , , , , , , , , , , , , , 
20.0412692, 0.0555581, , , , , , , 20.0412692, 0.1139696, , , , , , , 20.0412692, -0.1008774, , , , , , , 20.0412692, -0.0035248, , , , , , , , , , , , , , , , , , , , , , , , , , , , 
20.0417885, 0.0632792, , , , , , , 20.0417885, 0.1730526, , , , , , , 20.0417885, -0.090135, , , , , , , 20.0417885, -0.0062104, , , , , , , , , , , , , , , , , , , , , , , , , , , , 
20.0423077, 0.0595865, , , , , , , 20.0423077, 0.1794308, , , , , , , 20.0423077, -0.0840925, , , , , , , 20.0423077, -0.0011749, , , , , , , , , , , , , , , , , , , , , , , , , , , , 
20.0428269, 0.0481727, , , , , , , 20.0428269, 0.1253834, , , , , , , 20.0428269, -0.0770428, , , , , , , 20.0428269, 0.0058747, , , , , , , , , , , , , , , , , , , , , , , , , , , , 
20.0433462, 0.0374304, , , , , , , 20.0433462, 0.0589151, , , , , , , 20.0433462, -0.0622721, , , , , , , 20.0433462, 0.0132601, , , , , , , , , , , , , , , , , , , , , , , , , , , , 
20.0438654, 0.035584, , , , , , , 20.0438654, 0.0256809, , , , , , , 20.0438654, -0.0485084, , , , , , , 20.0438654, 0.0213169, , , , , , , , , , , , , , , , , , , , , , , , , , , , 
20.0443846, 0.0347448, , , , , , , 20.0443846, 0.0454871, , , , , , , 20.0443846, -0.0451514, , , , , , , 20.0443846, 0.0297093, , , , , , , , , , , , , , , , , , , , , , , , , , , , 
20.0449038, 0.0253452, , , , , , , 20.0449038, 0.0782177, , , , , , , 20.0449038, -0.0451514, , , , , , , 20.0449038, 0.0298772, , , , , , , , , , , , , , , , , , , , , , , , , , , , 
20.0454231, 0.0149386, , , , , , , 20.0454231, 0.0293736, , , , , , , 20.0454231, -0.0409552, , , , , , , 20.0454231, 0.0209812, , , , , , , , , , , , , , , , , , , , , , , , , , , , 
20.0459423, 0.0137636, , , , , , , 20.0459423, -0.0856031, , , , , , , 20.0459423, -0.0364233, , , , , , , 20.0459423, 0.0129244, , , , , , , , , , , , , , , , , , , , , , , , , , , , 
20.0464615, 0.0132601, , , , , , , 20.0464615, -0.1263905, , , , , , , 20.0464615, -0.033402, , , , , , , 20.0464615, 0.0062104, , , , , , , , , , , , , , , , , , , , , , , , , , , , 
20.0469808, 0.010071, , , , , , , 20.0469808, -0.047837, , , , , , , 20.0469808, -0.0303807, , , , , , , 20.0469808, -0.0015106, , , , , , , , , , , , , , , , , , , , , , , , , , , , 
20.0475, 0.0112459, , , , , , , 20.0475, 0.0461585, , , , , , , 20.0475, -0.0263523, , , , , , , 20.0475, -0.0149386, , , , , , , , , , , , , , , , , , , , , , , , , , , , 
20.0480192, 0.01561, , , , , , , 20.0480192, 0.0973526, , , , , , , 20.0480192, -0.0182956, , , , , , , 20.0480192, -0.0260166, , , , , , , , , , , , , , , , , , , , , , , , , , , , 
20.0485385, 0.0199741, , , , , , , 20.0485385, 0.1059129, , , , , , , 20.0485385, -0.0031891, , , , , , , 20.0485385, -0.0273594, , , , , , , , , , , , , , , , , , , , , , , , , , , , 
20.0490577, 0.026688, , , , , , , 20.0490577, 0.073518, , , , , , , 20.0490577, 0.018967, , , , , , , 20.0490577, -0.0246738, , , , , , , , , , , , , , , , , , , , , , , , , , , , 
20.0495769, 0.027863, , , , , , , 20.0495769, 0.0285344, , , , , , , 20.0495769, 0.0387732, , , , , , , 20.0495769, -0.026688, , , , , , , , , , , , , , , , , , , , , , , , , , , , 
20.0500962, 0.0231632, , , , , , , 20.0500962, 0.012253, , , , , , , 20.0500962, 0.0562295, , , , , , , 20.0500962, -0.0310521, , , , , , , , , , , , , , , , , , , , , , , , , , , , 
20.0506154, 0.0223239, , , , , , , 20.0506154, 0.0135958, , , , , , , 20.0506154, 0.0897993, , , , , , , 20.0506154, -0.0364233, , , , , , , , , , , , , , , , , , , , , , , , , , , , 
20.0511346, 0.0270237, , , , , , , 20.0511346, 0.0115816, , , , , , , 20.0511346, 0.1203479, , , , , , , 20.0511346, -0.043473, , , , , , , , , , , , , , , , , , , , , , , , , , , , 
20.0516538, 0.0310521, , , , , , , 20.0516538, 0.0052033, , , , , , , 20.0516538, 0.0965133, , , , , , , 20.0516538, -0.0481727, , , , , , , , , , , , , , , , , , , , , , , , , , , , 
20.0521731, 0.0280308, , , , , , , 20.0521731, -0.0172885, , , , , , , 20.0521731, 0.0229953, , , , , , , 20.0521731, -0.0501869, , , , , , , , , , , , , , , , , , , , , , , , , , , , 
20.0526923, 0.0219883, , , , , , , 20.0526923, -0.0270237, , , , , , , 20.0526923, -0.0562295, , , , , , , 20.0526923, -0.0518654, , , , , , , , , , , , , , , , , , , , , , , , , , , , 
20.0532115, 0.0176242, , , , , , , 20.0532115, 0.0172885, , , , , , , 20.0532115, -0.1173266, , , , , , , 20.0532115, -0.051194, , , , , , , , , , , , , , , , , , , , , , , , , , , , 
20.0537308, 0.0169528, , , , , , , 20.0537308, 0.0614328, , , , , , , 20.0537308, -0.152575, , , , , , , 20.0537308, -0.0431373, , , , , , , , , , , , , , , , , , , , , , , , , , , , 
20.05425, 0.0169528, , , , , , , 20.05425, 0.0609293, , , , , , , 20.05425, -0.1626459, , , , , , , 20.05425, -0.0330663, , , , , , , , , , , , , , , , , , , , , , , , , , , , 
20.0547692, 0.0216526, , , , , , , 20.0547692, 0.0473335, , , , , , , 20.0547692, -0.1579461, , , , , , , 20.0547692, -0.0256809, , , , , , , , , , , , , , , , , , , , , , , , , , , , 
20.0552885, 0.0354162, , , , , , , 20.0552885, 0.0347448, , , , , , , 20.0552885, -0.1294118, , , , , , , 20.0552885, -0.0213169, , , , , , , , , , , , , , , , , , , , , , , , , , , , 
20.0558077, 0.0407874, , , , , , , 20.0558077, 0.0223239, , , , , , , 20.0558077, -0.0726787, , , , , , , 20.0558077, -0.0186313, , , , , , , , , , , , , , , , , , , , , , , , , , , , 
20.0563269, 0.0369268, , , , , , , 20.0563269, 0.0038605, , , , , , , 20.0563269, -0.0075532, , , , , , , 20.0563269, -0.0124208, , , , , , , , , , , , , , , , , , , , , , , , , , , , 
20.0568462, 0.0293736, , , , , , , 20.0568462, -0.0344091, , , , , , , 20.0568462, 0.0412909, , , , , , , 20.0568462, -0.0043641, , , , , , , , , , , , , , , , , , , , , , , , , , , , 
20.0573654, 0.0223239, , , , , , , 20.0573654, -0.0505226, , , , , , , 20.0573654, 0.0730144, , , , , , , 20.0573654, 0.0015106, , , , , , , , , , , , , , , , , , , , , , , , , , , , 
20.0578846, 0.0172885, , , , , , , 20.0578846, -0.0196384, , , , , , , 20.0578846, 0.0973526, , , , , , , 20.0578846, 0.0057069, , , , , , , , , , , , , , , , , , , , , , , , , , , , 
20.0584038, 0.0139315, , , , , , , 20.0584038, 0.0186313, , , , , , , 20.0584038, 0.1193408, , , , , , , 20.0584038, 0.0099031, , , , , , , , , , , , , , , , , , , , , , , , , , , , 
20.0589231, 0.0140993, , , , , , , 20.0589231, 0.0231632, , , , , , , 20.0589231, 0.131426, , , , , , , 20.0589231, 0.0154421, , , , , , , , , , , , , , , , , , , , , , , , , , , , 
20.0594423, 0.0146029, , , , , , , 20.0594423, -0.0283665, , , , , , , 20.0594423, 0.1341115, , , , , , , 20.0594423, 0.0209812, , , , , , , , , , , , , , , , , , , , , , , , , , , , 
20.0599615, 0.0135958, , , , , , , 20.0599615, -0.1049058, , , , , , , 20.0599615, 0.1279011, , , , , , , 20.0599615, 0.026688, , , , , , , , , , , , , , , , , , , , , , , , , , , , 
20.0604808, 0.0135958, , , , , , , 20.0604808, -0.1309224, , , , , , , 20.0604808, 0.1077592, , , , , , , 20.0604808, 0.0273594, , , , , , , , , , , , , , , , , , , , , , , , , , , , 
20.061, 0.014435, , , , , , , 20.061, -0.1059129, , , , , , , 20.061, 0.0726787, , , , , , , 20.061, 0.0213169, , , , , , , , , , , , , , , , , , , , , , , , , , , , 
20.0615192, 0.01561, , , , , , , 20.0615192, -0.0673075, , , , , , , 20.0615192, 0.0280308, , , , , , , 20.0615192, 0.0159457, , , , , , , , , , , , , , , , , , , , , , , , , , , , 
20.0620385, 0.0166171, , , , , , , 20.0620385, -0.0375982, , , , , , , 20.0620385, -0.0125887, , , , , , , 20.0620385, 0.0139315, , , , , , , , , , , , , , , , , , , , , , , , , , , , 
20.0625577, 0.0169528, , , , , , , 20.0625577, -0.0246738, , , , , , , 20.0625577, -0.0417945, , , , , , , 20.0625577, 0.0172885, , , , , , , , , , , , , , , , , , , , , , , , , , , , 
20.0630769, 0.01561, , , , , , , 20.0630769, -0.0070497, , , , , , , 20.0630769, -0.0610971, , , , , , , 20.0630769, 0.0313878, , , , , , , , , , , , , , , , , , , , , , , , , , , , 
20.0635962, 0.0184634, , , , , , , 20.0635962, 0.0318914, , , , , , , 20.0635962, -0.0696574, , , , , , , 20.0635962, 0.0569009, , , , , , , , , , , , , , , , , , , , , , , , , , , , 
20.0641154, 0.0206455, , , , , , , 20.0641154, 0.0599222, , , , , , , 20.0641154, -0.0679789, , , , , , , 20.0641154, 0.0876173, , , , , , , , , , , , , , , , , , , , , , , , , , , , 
20.0646346, 0.0182956, , , , , , , 20.0646346, 0.0565652, , , , , , , 20.0646346, -0.0575723, , , , , , , 20.0646346, 0.114641, , , , , , , , , , , , , , , , , , , , , , , , , , , , 
20.0651538, 0.0172885, , , , , , , 20.0651538, 0.0407874, , , , , , , 20.0651538, -0.0365911, , , , , , , 20.0651538, 0.1327687, , , , , , , , , , , , , , , , , , , , , , , , , , , , 
20.0656731, 0.0186313, , , , , , , 20.0656731, 0.0263523, , , , , , , 20.0656731, -0.012253, , , , , , , 20.0656731, 0.1418326, , , , , , , , , , , , , , , , , , , , , , , , , , , , 
20.0661923, 0.0196384, , , , , , , 20.0661923, 0.0199741, , , , , , , 20.0661923, 0.0072175, , , , , , , 20.0661923, 0.1378042, , , , , , , , , , , , , , , , , , , , , , , , , , , , 
20.0667115, 0.0213169, , , , , , , 20.0667115, 0.0330663, , , , , , , 20.0667115, 0.0171206, , , , , , , 20.0667115, 0.1216907, , , , , , , , , , , , , , , , , , , , , , , , , , , , 
20.0672308, 0.0223239, , , , , , , 20.0672308, 0.0397803, , , , , , , 20.0672308, 0.0146029, , , , , , , 20.0672308, 0.0985275, , , , , , , , , , , , , , , , , , , , , , , , , , , , 
20.06775, 0.0182956, , , , , , , 20.06775, 0.0172885, , , , , , , 20.06775, 0.0078889, , , , , , , 20.06775, 0.0763714, , , , , , , , , , , , , , , , , , , , , , , , , , , , 
20.0682692, 0.0152743, , , , , , , 20.0682692, -0.0062104, , , , , , , 20.0682692, 0.0031891, , , , , , , 20.0682692, 0.0587472, , , , , , , , , , , , , , , , , , , , , , , , , , , , 
20.0687885, 0.0172885, , , , , , , 20.0687885, -0.0090639, , , , , , , 20.0687885, 0.0097353, , , , , , , 20.0687885, 0.0407874, , , , , , , , , , , , , , , , , , , , , , , , , , , , 
20.0693077, 0.0149386, , , , , , , 20.0693077, 0.0052033, , , , , , , 20.0693077, 0.0209812, , , , , , , 20.0693077, 0.0246738, , , , , , , , , , , , , , , , , , , , , , , , , , , , 
20.0698269, 0.008896, , , , , , , 20.0698269, 0.0213169, , , , , , , 20.0698269, 0.0140993, , , , , , , 20.0698269, 0.0124208, , , , , , , , , , , , , , , , , , , , , , , , , , , , 
20.0703462, 0.0041962, , , , , , , 20.0703462, 0.0224918, , , , , , , 20.0703462, -0.0075532, , , , , , , 20.0703462, 0.0011749, , , , , , , , , , , , , , , , , , , , , , , , , , , , 
20.0708654, -0.0001678, , , , , , , 20.0708654, 0.0099031, , , , , , , 20.0708654, -0.026688, , , , , , , 20.0708654, -0.0135958, , , , , , , , , , , , , , , , , , , , , , , , , , , , 
20.0713846, -0.005539, , , , , , , 20.0713846, 0.0015106, , , , , , , 20.0713846, -0.0357519, , , , , , , 20.0713846, -0.0253452, , , , , , , , , , , , , , , , , , , , , , , , , , , , 
20.0719038, -0.0099031, , , , , , , 20.0719038, -0.0028534, , , , , , , 20.0719038, -0.0399481, , , , , , , 20.0719038, -0.0310521, , , , , , , , , , , , , , , , , , , , , , , , , , , , 
20.0724231, -0.0125887, , , , , , , 20.0724231, -0.0092317, , , , , , , 20.0724231, -0.0439765, , , , , , , 20.0724231, -0.0340734, , , , , , , , , , , , , , , , , , , , , , , , , , , , 
20.0729423, -0.0166171, , , , , , , 20.0729423, -0.0196384, , , , , , , 20.0729423, -0.0471656, , , , , , , 20.0729423, -0.0357519, , , , , , , , , , , , , , , , , , , , , , , , , , , , 
20.0734615, -0.0223239, , , , , , , 20.0734615, -0.0330663, , , , , , , 20.0734615, -0.043473, , , , , , , 20.0734615, -0.0330663, , , , , , , , , , , , , , , , , , , , , , , , , , , , 
20.0739808, -0.0246738, , , , , , , 20.0739808, -0.0417945, , , , , , , 20.0739808, -0.0273594, , , , , , , 20.0739808, -0.0285344, , , , , , , , , , , , , , , , , , , , , , , , , , , , 
20.0745, -0.0250095, , , , , , , 20.0745, -0.0411231, , , , , , , 20.0745, -0.0028534, , , , , , , 20.0745, -0.0213169, , , , , , , , , , , , , , , , , , , , , , , , , , , , 
20.0750192, -0.0182956, , , , , , , 20.0750192, -0.033402, , , , , , , 20.0750192, 0.0186313, , , , , , , 20.0750192, -0.0137636, , , , , , , , , , , , , , , , , , , , , , , , , , , , 
20.0755385, -0.0142672, , , , , , , 20.0755385, -0.0273594, , , , , , , 20.0755385, 0.0327306, , , , , , , 20.0755385, -0.0115816, , , , , , , , , , , , , , , , , , , , , , , , , , , , 
20.0760577, -0.0206455, , , , , , , 20.0760577, -0.0219883, , , , , , , 20.0760577, 0.040116, , , , , , , 20.0760577, -0.0142672, , , , , , , , , , , , , , , , , , , , , , , , , , , , 
20.0765769, -0.0307164, , , , , , , 20.0765769, -0.0169528, , , , , , , 20.0765769, 0.0307164, , , , , , , 20.0765769, -0.0166171, , , , , , , , , , , , , , , , , , , , , , , , , , , , 
20.0770962, -0.0359197, , , , , , , 20.0770962, -0.0082246, , , , , , , 20.0770962, 0.0028534, , , , , , , 20.0770962, -0.0125887, , , , , , , , , , , , , , , , , , , , , , , , , , , , 
20.0776154, -0.0364233, , , , , , , 20.0776154, 0.0169528, , , , , , , 20.0776154, -0.0169528, , , , , , , 20.0776154, -0.0075532, , , , , , , , , , , , , , , , , , , , , , , , , , , , 
20.0781346, -0.0330663, , , , , , , 20.0781346, 0.0505226, , , , , , , 20.0781346, -0.0250095, , , , , , , 20.0781346, -0.0045319, , , , , , , , , , , , , , , , , , , , , , , , , , , , 
20.0786538, -0.0310521, , , , , , , 20.0786538, 0.0746929, , , , , , , 20.0786538, -0.0292058, , , , , , , 20.0786538, -0.0015106, , , , , , , , , , , , , , , , , , , , , , , , , , , , 
20.0791731, -0.0307164, , , , , , , 20.0791731, 0.0770428, , , , , , , 20.0791731, -0.0229953, , , , , , , 20.0791731, 0.0035248, , , , , , , , , , , , , , , , , , , , , , , , , , , , 
20.0796923, -0.0298772, , , , , , , 20.0796923, 0.0589151, , , , , , , 20.0796923, -0.008896, , , , , , , 20.0796923, 0.0072175, , , , , , , , , , , , , , , , , , , , , , , , , , , , 
20.0802115, -0.0250095, , , , , , , 20.0802115, 0.011078, , , , , , , 20.0802115, -0.0001678, , , , , , , 20.0802115, 0.0052033, , , , , , , , , , , , , , , , , , , , , , , , , , , , 
20.0807308, -0.0169528, , , , , , , 20.0807308, -0.040116, , , , , , , 20.0807308, -0.0001678, , , , , , , 20.0807308, 0.0018463, , , , , , , , , , , , , , , , , , , , , , , , , , , , 
20.08125, -0.0072175, , , , , , , 20.08125, -0.0525368, , , , , , , 20.08125, -0.005539, , , , , , , 20.08125, -0.0028534, , , , , , , , , , , , , , , , , , , , , , , , , , , , 
20.0817692, 0.0083925, , , , , , , 20.0817692, -0.0287022, , , , , , , 20.0817692, -0.0105745, , , , , , , 20.0817692, -0.008896, , , , , , , , , , , , , , , , , , , , , , , , , , , , 
20.0822885, 0.0288701, , , , , , , 20.0822885, 0.005539, , , , , , , 20.0822885, -0.0115816, , , , , , , 20.0822885, -0.01561, , , , , , , , , , , , , , , , , , , , , , , , , , , , 
20.0828077, 0.036759, , , , , , , 20.0828077, 0.0448157, , , , , , , 20.0828077, -0.0058747, , , , , , , 20.0828077, -0.0203098, , , , , , , , , , , , , , , , , , , , , , , , , , , , 
20.0833269, 0.0379339, , , , , , , 20.0833269, 0.0750286, , , , , , , 20.0833269, 0.0008392, , , , , , , 20.0833269, -0.0219883, , , , , , , , , , , , , , , , , , , , , , , , , , , , 
20.0838462, 0.0394446, , , , , , , 20.0838462, 0.0716716, , , , , , , 20.0838462, 0.0035248, , , , , , , 20.0838462, -0.0219883, , , , , , , , , , , , , , , , , , , , , , , , , , , , 
20.0843654, 0.0417945, , , , , , , 20.0843654, 0.0475013, , , , , , , 20.0843654, 0.0038605, , , , , , , 20.0843654, -0.0208133, , , , , , , , , , , , , , , , , , , , , , , , , , , , 
20.0848846, 0.0454871, , , , , , , 20.0848846, 0.0303807, , , , , , , 20.0848846, 0.002182, , , , , , , 20.0848846, -0.018967, , , , , , , , , , , , , , , , , , , , , , , , , , , , 
20.0854038, 0.0495155, , , , , , , 20.0854038, 0.0323949, , , , , , , 20.0854038, -0.0043641, , , , , , , 20.0854038, -0.0191348, , , , , , , , , , , , , , , , , , , , , , , , , , , , 
20.0859231, 0.0538796, , , , , , , 20.0859231, 0.043473, , , , , , , 20.0859231, -0.01561, , , , , , , 20.0859231, -0.0179599, , , , , , , , , , , , , , , , , , , , , , , , , , , , 
20.0864423, 0.0547189, , , , , , , 20.0864423, 0.03122, , , , , , , 20.0864423, -0.0263523, , , , , , , 20.0864423, -0.0152743, , , , , , , , , , , , , , , , , , , , , , , , , , , , 
20.0869615, 0.0498512, , , , , , , 20.0869615, -0.0162814, , , , , , , 20.0869615, -0.0337377, , , , , , , 20.0869615, -0.0176242, , , , , , , , , , , , , , , , , , , , , , , , , , , , 
20.0874808, 0.0448157, , , , , , , 20.0874808, -0.0582437, , , , , , , 20.0874808, -0.040116, , , , , , , 20.0874808, -0.0229953, , , , , , , , , , , , , , , , , , , , , , , , , , , , 
20.088, 0.0431373, , , , , , , 20.088, -0.066804, , , , , , , 20.088, -0.0464942, , , , , , , 20.088, -0.0196384, , , , , , , , , , , , , , , , , , , , , , , , , , , , 
20.0885192, 0.0438087, , , , , , , 20.0885192, -0.0951705, , , , , , , 20.0885192, -0.0495155, , , , , , , 20.0885192, -0.0095674, , , , , , , , , , , , , , , , , , , , , , , , , , , , 
20.0890385, 0.0513619, , , , , , , 20.0890385, -0.1441825, , , , , , , 20.0890385, -0.0535439, , , , , , , 20.0890385, -0.0015106, , , , , , , , , , , , , , , , , , , , , , , , , , , , 
20.0895577, 0.0626078, , , , , , , 20.0895577, -0.1337758, , , , , , , 20.0895577, -0.0572366, , , , , , , 20.0895577, 0.0038605, , , , , , , , , , , , , , , , , , , , , , , , , , , , 
20.0900769, 0.0647898, , , , , , , 20.0900769, -0.0740215, , , , , , , 20.0900769, -0.0555581, , , , , , , 20.0900769, 0.0050355, , , , , , , , , , , , , , , , , , , , , , , , , , , , 
20.0905962, 0.0656291, , , , , , , 20.0905962, -0.0231632, , , , , , , 20.0905962, -0.0518654, , , , , , , 20.0905962, 0.0016785, , , , , , , , , , , , , , , , , , , , , , , , , , , , 
20.0911154, 0.0750286, , , , , , , 20.0911154, 0.0078889, , , , , , , 20.0911154, -0.0446479, , , , , , , 20.0911154, -0.0062104, , , , , , , , , , , , , , , , , , , , , , , , , , , , 
20.0916346, 0.0830854, , , , , , , 20.0916346, 0.0052033, , , , , , , 20.0916346, -0.0271916, , , , , , , 20.0916346, -0.0109102, , , , , , , , , , , , , , , , , , , , , , , , , , , , 
20.0921538, 0.0797284, , , , , , , 20.0921538, -0.0129244, , , , , , , 20.0921538, -0.0018463, , , , , , , 20.0921538, -0.0102388, , , , , , , , , , , , , , , , , , , , , , , , , , , , 
20.0926731, 0.0693217, , , , , , , 20.0926731, -0.005539, , , , , , , 20.0926731, 0.0172885, , , , , , , 20.0926731, -0.002182, , , , , , , , , , , , , , , , , , , , , , , , , , , , 
20.0931923, 0.0569009, , , , , , , 20.0931923, 0.0354162, , , , , , , 20.0931923, 0.0224918, , , , , , , 20.0931923, 0.0097353, , , , , , , , , , , , , , , , , , , , , , , , , , , , 
20.0937115, 0.0387732, , , , , , , 20.0937115, 0.1220264, , , , , , , 20.0937115, 0.0193027, , , , , , , 20.0937115, 0.0263523, , , , , , , , , , , , , , , , , , , , , , , , , , , , 
20.0942308, 0.0169528, , , , , , , 20.0942308, 0.2212253, , , , , , , 20.0942308, 0.0209812, , , , , , , 20.0942308, 0.051194, , , , , , , , , , , , , , , , , , , , , , , , , , , , 
20.09475, -0.0016785, , , , , , , 20.09475, 0.2576486, , , , , , , 20.09475, 0.0320592, , , , , , , 20.09475, 0.0775463, , , , , , , , , , , , , , , , , , , , , , , , , , , , 
20.0952692, -0.0117494, , , , , , , 20.0952692, 0.2096437, , , , , , , 20.0952692, 0.0464942, , , , , , , 20.0952692, 0.0950027, , , , , , , , , , , , , , , , , , , , , , , , , , , , 
20.0957885, -0.0176242, , , , , , , 20.0957885, 0.1428397, , , , , , , 20.0957885, 0.0575723, , , , , , , 20.0957885, 0.1022202, , , , , , , , , , , , , , , , , , , , , , , , , , , , 
20.0963077, -0.0290379, , , , , , , 20.0963077, 0.0864424, , , , , , , 20.0963077, 0.0602579, , , , , , , 20.0963077, 0.1052415, , , , , , , , , , , , , , , , , , , , , , , , , , , , 
20.0968269, -0.0377661, , , , , , , 20.0968269, -0.0243381, , , , , , , 20.0968269, 0.0548867, , , , , , , 20.0968269, 0.1065843, , , , , , , , , , , , , , , , , , , , , , , , , , , , 
20.0973462, -0.0397803, , , , , , , 20.0973462, -0.1472038, , , , , , , 20.0973462, 0.0387732, , , , , , , 20.0973462, 0.1042344, , , , , , , , , , , , , , , , , , , , , , , , , , , , 
20.0978654, -0.0411231, , , , , , , 20.0978654, -0.2165255, , , , , , , 20.0978654, 0.0058747, , , , , , , 20.0978654, 0.1005417, , , , , , , , , , , , , , , , , , , , , , , , , , , , 
20.0983846, -0.0411231, , , , , , , 20.0983846, -0.2613413, , , , , , , 20.0983846, -0.0313878, , , , , , , 20.0983846, 0.0941634, , , , , , , , , , , , , , , , , , , , , , , , , , , , 
20.0989038, -0.0412909, , , , , , , 20.0989038, -0.3229419, , , , , , , 20.0989038, -0.047837, , , , , , , 20.0989038, 0.0802319, , , , , , , , , , , , , , , , , , , , , , , , , , , , 
20.0994231, -0.0459907, , , , , , , 20.0994231, -0.3915923, , , , , , , 20.0994231, -0.0424659, , , , , , , 20.0994231, 0.0676432, , , , , , , , , , , , , , , , , , , , , , , , , , , , 
20.0999423, -0.0475013, , , , , , , 20.0999423, -0.4293584, , , , , , , 20.0999423, -0.0256809, , , , , , , 20.0999423, 0.057908, , , , , , , , , , , , , , , , , , , , , , , , , , , , 
20.1004615, -0.0407874, , , , , , , 20.1004615, -0.4033417, , , , , , , 20.1004615, -0.0065461, , , , , , , 20.1004615, 0.0488441, , , , , , , , , , , , , , , , , , , , , , , , , , , , 
20.1009808, -0.0384375, , , , , , , 20.1009808, -0.3076677, , , , , , , 20.1009808, 0.0041962, , , , , , , 20.1009808, 0.0357519, , , , , , , , , , , , , , , , , , , , , , , , , , , , 
20.1015, -0.0381018, , , , , , , 20.1015, -0.1844663, , , , , , , 20.1015, 0.0085603, , , , , , , 20.1015, 0.0206455, , , , , , , , , , , , , , , , , , , , , , , , , , , , 
20.1020192, -0.0307164, , , , , , , 20.1020192, -0.0861067, , , , , , , 20.1020192, 0.0172885, , , , , , , 20.1020192, 0.0058747, , , , , , , , , , , , , , , , , , , , , , , , , , , , 
20.1025385, -0.018967, , , , , , , 20.1025385, -0.0337377, , , , , , , 20.1025385, 0.0323949, , , , , , , 20.1025385, -0.0063783, , , , , , , , , , , , , , , , , , , , , , , , , , , , 
20.1030577, -0.0097353, , , , , , , 20.1030577, -0.0139315, , , , , , , 20.1030577, 0.0448157, , , , , , , 20.1030577, -0.0112459, , , , , , , , , , , , , , , , , , , , , , , , , , , , 
20.1035769, -0.0068818, , , , , , , 20.1035769, 0.0209812, , , , , , , 20.1035769, 0.0520333, , , , , , , 20.1035769, -0.0129244, , , , , , , , , , , , , , , , , , , , , , , , , , , , 
20.1040962, -0.0058747, , , , , , , 20.1040962, 0.0923171, , , , , , , 20.1040962, 0.0518654, , , , , , , 20.1040962, -0.0117494, , , , , , , , , , , , , , , , , , , , , , , , , , , , 
20.1046154, 0.0015106, , , , , , , 20.1046154, 0.1373007, , , , , , , 20.1046154, 0.0438087, , , , , , , 20.1046154, -0.0099031, , , , , , , , , , , , , , , , , , , , , , , , , , , , 
20.1051346, 0.0191348, , , , , , , 20.1051346, 0.1448539, , , , , , , 20.1051346, 0.024506, , , , , , , 20.1051346, -0.0068818, , , , , , , , , , , , , , , , , , , , , , , , , , , , 
20.1056538, 0.0387732, , , , , , , 20.1056538, 0.1421683, , , , , , , 20.1056538, 0.0025177, , , , , , , 20.1056538, -0.0003357, , , , , , , , , , , , , , , , , , , , , , , , , , , , 
20.1061731, 0.0488441, , , , , , , 20.1061731, 0.1307546, , , , , , , 20.1061731, -0.0105745, , , , , , , 20.1061731, 0.0105745, , , , , , , , , , , , , , , , , , , , , , , , , , , , 
20.1066923, 0.0471656, , , , , , , 20.1066923, 0.0820783, , , , , , , 20.1066923, -0.0139315, , , , , , , 20.1066923, 0.0199741, , , , , , , , , , , , , , , , , , , , , , , , , , , , 
20.1072115, 0.0463264, , , , , , , 20.1072115, -0.002182, , , , , , , 20.1072115, -0.0146029, , , , , , , 20.1072115, 0.0260166, , , , , , , , , , , , , , , , , , , , , , , , , , , , 
20.1077308, 0.0493477, , , , , , , 20.1077308, -0.0770428, , , , , , , 20.1077308, -0.0146029, , , , , , , 20.1077308, 0.0330663, , , , , , , , , , , , , , , , , , , , , , , , , , , , 
20.10825, 0.0547189, , , , , , , 20.10825, -0.1119554, , , , , , , 20.10825, -0.0149386, , , , , , , 20.10825, 0.0394446, , , , , , , , , , , , , , , , , , , , , , , , , , , , 
20.1087692, 0.0614328, , , , , , , 20.1087692, -0.0772107, , , , , , , 20.1087692, -0.0179599, , , , , , , 20.1087692, 0.0407874, , , , , , , , , , , , , , , , , , , , , , , , , , , , 
20.1092885, 0.0746929, , , , , , , 20.1092885, 0.0035248, , , , , , , 20.1092885, -0.0224918, , , , , , , 20.1092885, 0.0354162, , , , , , , , , , , , , , , , , , , , , , , , , , , , 
20.1098077, 0.0904707, , , , , , , 20.1098077, 0.0589151, , , , , , , 20.1098077, -0.0290379, , , , , , , 20.1098077, 0.0250095, , , , , , , , , , , , , , , , , , , , , , , , , , , , 
20.1103269, 0.1038987, , , , , , , 20.1103269, 0.0636149, , , , , , , 20.1103269, -0.0397803, , , , , , , 20.1103269, 0.0132601, , , , , , , , , , , , , , , , , , , , , , , , , , , , 
20.1108462, 0.1077592, , , , , , , 20.1108462, 0.0340734, , , , , , , 20.1108462, -0.0532082, , , , , , , 20.1108462, 0.0003357, , , , , , , , , , , , , , , , , , , , , , , , , , , , 
20.1113654, 0.0998703, , , , , , , 20.1113654, -0.0045319, , , , , , , 20.1113654, -0.061265, , , , , , , 20.1113654, -0.01561, , , , , , , , , , , , , , , , , , , , , , , , , , , , 
20.1118846, 0.090135, , , , , , , 20.1118846, -0.0302129, , , , , , , 20.1118846, -0.0592508, , , , , , , 20.1118846, -0.0263523, , , , , , , , , , , , , , , , , , , , , , , , , , , , 
20.1124038, 0.0840925, , , , , , , 20.1124038, -0.0475013, , , , , , , 20.1124038, -0.0505226, , , , , , , 20.1124038, -0.0323949, , , , , , , , , , , , , , , , , , , , , , , , , , , , 
20.1129231, 0.0770428, , , , , , , 20.1129231, -0.0767071, , , , , , , 20.1129231, -0.0357519, , , , , , , 20.1129231, -0.0381018, , , , , , , , , , , , , , , , , , , , , , , , , , , , 
20.1134423, 0.0674754, , , , , , , 20.1134423, -0.085771, , , , , , , 20.1134423, -0.018967, , , , , , , 20.1134423, -0.0424659, , , , , , , , , , , , , , , , , , , , , , , , , , , , 
20.1139615, 0.0555581, , , , , , , 20.1139615, -0.0464942, , , , , , , 20.1139615, -0.0041962, , , , , , , 20.1139615, -0.0417945, , , , , , , , , , , , , , , , , , , , , , , , , , , , 
20.1144808, 0.0421302, , , , , , , 20.1144808, 0.0045319, , , , , , , 20.1144808, 0.0085603, , , , , , , 20.1144808, -0.0404517, , , , , , , , , , , , , , , , , , , , , , , , , , , , 
20.115, 0.0320592, , , , , , , 20.115, 0.033402, , , , , , , 20.115, 0.0139315, , , , , , , 20.115, -0.0381018, , , , , , , , , , , , , , , , , , , , , , , , , , , , 
20.1155192, 0.0253452, , , , , , , 20.1155192, 0.0448157, , , , , , , 20.1155192, -0.0003357, , , , , , , 20.1155192, -0.0340734, , , , , , , , , , , , , , , , , , , , , , , , , , , , 
20.1160385, 0.0193027, , , , , , , 20.1160385, 0.0535439, , , , , , , 20.1160385, -0.035584, , , , , , , 20.1160385, -0.0297093, , , , , , , , , , , , , , , , , , , , , , , , , , , , 
20.1165577, 0.0125887, , , , , , , 20.1165577, 0.0552224, , , , , , , 20.1165577, -0.0713359, , , , , , , 20.1165577, -0.0243381, , , , , , , , , , , , , , , , , , , , , , , , , , , , 
20.1170769, 0.0052033, , , , , , , 20.1170769, 0.0505226, , , , , , , 20.1170769, -0.0881209, , , , , , , 20.1170769, -0.0142672, , , , , , , , , , , , , , , , , , , , , , , , , , , , 
20.1175962, -0.0065461, , , , , , , 20.1175962, 0.0454871, , , , , , , 20.1175962, -0.0847639, , , , , , , 20.1175962, 0.0011749, , , , , , , , , , , , , , , , , , , , , , , , , , , , 
20.1181154, -0.0238346, , , , , , , 20.1181154, 0.043473, , , , , , , 20.1181154, -0.0693217, , , , , , , 20.1181154, 0.0199741, , , , , , , , , , , , , , , , , , , , , , , , , , , , 
20.1186346, -0.0354162, , , , , , , 20.1186346, 0.0454871, , , , , , , 20.1186346, -0.0548867, , , , , , , 20.1186346, 0.04448, , , , , , , , , , , , , , , , , , , , , , , , , , , , 
20.1191538, -0.0404517, , , , , , , 20.1191538, 0.0515297, , , , , , , 20.1191538, -0.0454871, , , , , , , 20.1191538, 0.0730144, , , , , , , , , , , , , , , , , , , , , , , , , , , , 
20.1196731, -0.04448, , , , , , , 20.1196731, 0.0558938, , , , , , , 20.1196731, -0.0310521, , , , , , , 20.1196731, 0.0958419, , , , , , , , , , , , , , , , , , , , , , , , , , , , 
20.1201923, -0.0473335, , , , , , , 20.1201923, 0.0569009, , , , , , , 20.1201923, -0.0097353, , , , , , , 20.1201923, 0.1062486, , , , , , , , , , , , , , , , , , , , , , , , , , , , 
20.1207115, -0.0448157, , , , , , , 20.1207115, 0.0555581, , , , , , , 20.1207115, 0.0078889, , , , , , , 20.1207115, 0.1008774, , , , , , , , , , , , , , , , , , , , , , , , , , , , 
20.1212308, -0.0359197, , , , , , , 20.1212308, 0.0506905, , , , , , , 20.1212308, 0.0273594, , , , , , , 20.1212308, 0.0827497, , , , , , , , , , , , , , , , , , , , , , , , , , , , 
20.12175, -0.0287022, , , , , , , 20.12175, 0.0441444, , , , , , , 20.12175, 0.0481727, , , , , , , 20.12175, 0.0636149, , , , , , , , , , , , , , , , , , , , , , , , , , , , 
20.1222692, -0.0256809, , , , , , , 20.1222692, 0.043473, , , , , , , 20.1222692, 0.0669718, , , , , , , 20.1222692, 0.0520333, , , , , , , , , , , , , , , , , , , , , , , , , , , , 
20.1227885, -0.021149, , , , , , , 20.1227885, 0.0481727, , , , , , , 20.1227885, 0.0746929, , , , , , , 20.1227885, 0.0441444, , , , , , , , , , , , , , , , , , , , , , , , , , , , 
20.1233077, -0.0206455, , , , , , , 20.1233077, 0.0491798, , , , , , , 20.1233077, 0.0669718, , , , , , , 20.1233077, 0.036759, , , , , , , , , , , , , , , , , , , , , , , , , , , , 
20.1238269, -0.0201419, , , , , , , 20.1238269, 0.0406195, , , , , , , 20.1238269, 0.0525368, , , , , , , 20.1238269, 0.0260166, , , , , , , , , , , , , , , , , , , , , , , , , , , , 
20.1243462, -0.0149386, , , , , , , 20.1243462, 0.0327306, , , , , , , 20.1243462, 0.0428016, , , , , , , 20.1243462, 0.0139315, , , , , , , , , , , , , , , , , , , , , , , , , , , , 
20.1248654, -0.0085603, , , , , , , 20.1248654, 0.0391089, , , , , , , 20.1248654, 0.0317235, , , , , , , 20.1248654, 0.0038605, , , , , , , , , , , , , , , , , , , , , , , , , , , , 
20.1253846, -0.0048676, , , , , , , 20.1253846, 0.051194, , , , , , , 20.1253846, 0.0182956, , , , , , , 20.1253846, -0.0035248, , , , , , , , , , , , , , , , , , , , , , , , , , , , 
20.1259038, -0.0035248, , , , , , , 20.1259038, 0.0552224, , , , , , , 20.1259038, 0.0219883, , , , , , , 20.1259038, -0.0117494, , , , , , , , , , , , , , , , , , , , , , , , , , , , 
20.1264231, 0.0025177, , , , , , , 20.1264231, 0.0421302, , , , , , , 20.1264231, 0.0243381, , , , , , , 20.1264231, -0.0166171, , , , , , , , , , , , , , , , , , , , , , , , , , , , 
20.1269423, 0.0151064, , , , , , , 20.1269423, 0.0181277, , , , , , , 20.1269423, 0.0050355, , , , , , , 20.1269423, -0.0203098, , , , , , , , , , , , , , , , , , , , , , , , , , , , 
20.1274615, 0.0253452, , , , , , , 20.1274615, -0.0115816, , , , , , , 20.1274615, -0.0169528, , , , , , , 20.1274615, -0.0263523, , , , , , , , , , , , , , , , , , , , , , , , , , , , 
20.1279808, 0.0263523, , , , , , , 20.1279808, -0.0407874, , , , , , , 20.1279808, -0.0428016, , , , , , , 20.1279808, -0.0317235, , , , , , , , , , , , , , , , , , , , , , , , , , , , 
20.1285, 0.0246738, , , , , , , 20.1285, -0.0663005, , , , , , , 20.1285, -0.0822461, , , , , , , 20.1285, -0.0344091, , , , , , , , , , , , , , , , , , , , , , , , , , , , 
20.1290192, 0.0250095, , , , , , , 20.1290192, -0.0713359, , , , , , , 20.1290192, -0.1169909, , , , , , , 20.1290192, -0.0374304, , , , , , , , , , , , , , , , , , , , , , , , , , , , 
20.1295385, 0.030045, , , , , , , 20.1295385, -0.0283665, , , , , , , 20.1295385, -0.1304189, , , , , , , 20.1295385, -0.0391089, , , , , , , , , , , , , , , , , , , , , , , , , , , , 
20.1300577, 0.0360876, , , , , , , 20.1300577, 0.0332341, , , , , , , 20.1300577, -0.117998, , , , , , , 20.1300577, -0.0417945, , , , , , , , , , , , , , , , , , , , , , , , , , , , 
20.1305769, 0.0414588, , , , , , , 20.1305769, 0.0736858, , , , , , , 20.1305769, -0.0861067, , , , , , , 20.1305769, -0.0471656, , , , , , , , , , , , , , , , , , , , , , , , , , , , 
20.1310962, 0.0468299, , , , , , , 20.1310962, 0.0891279, , , , , , , 20.1310962, -0.043473, , , , , , , 20.1310962, -0.0488441, , , , , , , , , , , , , , , , , , , , , , , , , , , , 
20.1316154, 0.051194, , , , , , , 20.1316154, 0.0817426, , , , , , , 20.1316154, -0.0001678, , , , , , , 20.1316154, -0.0481727, , , , , , , , , , , , , , , , , , , , , , , , , , , , 
20.1321346, 0.0495155, , , , , , , 20.1321346, 0.0616007, , , , , , , 20.1321346, 0.0270237, , , , , , , 20.1321346, -0.0466621, , , , , , , , , , , , , , , , , , , , , , , , , , , , 
20.1326538, 0.047837, , , , , , , 20.1326538, 0.0347448, , , , , , , 20.1326538, 0.0340734, , , , , , , 20.1326538, -0.0399481, , , , , , , , , , , , , , , , , , , , , , , , , , , , 
20.1331731, 0.0468299, , , , , , , 20.1331731, 0.0099031, , , , , , , 20.1331731, 0.0347448, , , , , , , 20.1331731, -0.0280308, , , , , , , , , , , , , , , , , , , , , , , , , , , , 
20.1336923, 0.0451514, , , , , , , 20.1336923, -0.0041962, , , , , , , 20.1336923, 0.036759, , , , , , , 20.1336923, -0.0139315, , , , , , , , , , , , , , , , , , , , , , , , , , , , 
20.1342115, 0.0453193, , , , , , , 20.1342115, 0.0085603, , , , , , , 20.1342115, 0.0337377, , , , , , , 20.1342115, 0.0008392, , , , , , , , , , , , , , , , , , , , , , , , , , , , 
20.1347308, 0.0417945, , , , , , , 20.1347308, 0.051194, , , , , , , 20.1347308, 0.0283665, , , , , , , 20.1347308, 0.0146029, , , , , , , , , , , , , , , , , , , , , , , , , , , , 
20.13525, 0.0327306, , , , , , , 20.13525, 0.0918135, , , , , , , 20.13525, 0.0270237, , , , , , , 20.13525, 0.0256809, , , , , , , , , , , , , , , , , , , , , , , , , , , , 
20.1357692, 0.0250095, , , , , , , 20.1357692, 0.0970169, , , , , , , 20.1357692, 0.0206455, , , , , , , 20.1357692, 0.0360876, , , , , , , , , , , , , , , , , , , , , , , , , , , , 
20.1362885, 0.0223239, , , , , , , 20.1362885, 0.0755322, , , , , , , 20.1362885, 0.0092317, , , , , , , 20.1362885, 0.0461585, , , , , , , , , , , , , , , , , , , , , , , , , , , , 
20.1368077, 0.0129244, , , , , , , 20.1368077, 0.061265, , , , , , , 20.1368077, 0.0058747, , , , , , , 20.1368077, 0.0575723, , , , , , , , , , , , , , , , , , , , , , , , , , , , 
20.1373269, 0.0038605, , , , , , , 20.1373269, 0.0307164, , , , , , , 20.1373269, 0.0109102, , , , , , , 20.1373269, 0.0696574, , , , , , , , , , , , , , , , , , , , , , , , , , , , 
20.1378462, 0.0010071, , , , , , , 20.1378462, -0.0337377, , , , , , , 20.1378462, 0.011078, , , , , , , 20.1378462, 0.0807355, , , , , , , , , , , , , , , , , , , , , , , , , , , , 
20.1383654, -0.0018463, , , , , , , 20.1383654, -0.0971847, , , , , , , 20.1383654, 0.0035248, , , , , , , 20.1383654, 0.0904707, , , , , , , , , , , , , , , , , , , , , , , , , , , , 
20.1388846, -0.0068818, , , , , , , 20.1388846, -0.1344472, , , , , , , 20.1388846, -0.0073854, , , , , , , 20.1388846, 0.0955062, , , , , , , , , , , , , , , , , , , , , , , , , , , , 
20.1394038, -0.008896, , , , , , , 20.1394038, -0.1478752, , , , , , , 20.1394038, -0.0152743, , , , , , , 20.1394038, 0.0963455, , , , , , , , , , , , , , , , , , , , , , , , , , , , 
20.1399231, -0.012253, , , , , , , 20.1399231, -0.1388113, , , , , , , 20.1399231, -0.0176242, , , , , , , 20.1399231, 0.0924849, , , , , , , , , , , , , , , , , , , , , , , , , , , , 
20.1404423, -0.0176242, , , , , , , 20.1404423, -0.1028916, , , , , , , 20.1404423, -0.0161135, , , , , , , 20.1404423, 0.0830854, , , , , , , , , , , , , , , , , , , , , , , , , , , , 
20.1409615, -0.0176242, , , , , , , 20.1409615, -0.0652934, , , , , , , 20.1409615, -0.0179599, , , , , , , 20.1409615, 0.0683146, , , , , , , , , , , , , , , , , , , , , , , , , , , , 
20.1414808, -0.0119173, , , , , , , 20.1414808, -0.0471656, , , , , , , 20.1414808, -0.021149, , , , , , , 20.1414808, 0.0527047, , , , , , , , , , , , , , , , , , , , , , , , , , , , 
20.142, -0.0031891, , , , , , , 20.142, -0.0421302, , , , , , , 20.142, -0.0199741, , , , , , , 20.142, 0.0421302, , , , , , , , , , , , , , , , , , , , , , , , , , , , 
20.1425192, 0.0038605, , , , , , , 20.1425192, -0.0397803, , , , , , , 20.1425192, -0.0146029, , , , , , , 20.1425192, 0.0364233, , , , , , , , , , , , , , , , , , , , , , , , , , , , 
20.1430385, 0.0085603, , , , , , , 20.1430385, -0.0632792, , , , , , , 20.1430385, -0.0102388, , , , , , , 20.1430385, 0.0273594, , , , , , , , , , , , , , , , , , , , , , , , , , , , 
20.1435577, 0.0162814, , , , , , , 20.1435577, -0.0908064, , , , , , , 20.1435577, -0.0082246, , , , , , , 20.1435577, 0.01561, , , , , , , , , , , , , , , , , , , , , , , , , , , , 
20.1440769, 0.0229953, , , , , , , 20.1440769, -0.0728466, , , , , , , 20.1440769, -0.0082246, , , , , , , 20.1440769, 0.0065461, , , , , , , , , , , , , , , , , , , , , , , , , , , , 
20.1445962, 0.018967, , , , , , , 20.1445962, -0.0810712, , , , , , , 20.1445962, -0.0035248, , , , , , , 20.1445962, 0.0038605, , , , , , , , , , , , , , , , , , , , , , , , , , , , 
20.1451154, 0.0035248, , , , , , , 20.1451154, -0.1448539, , , , , , , 20.1451154, 0.0102388, , , , , , , 20.1451154, 0.0023499, , , , , , , , , , , , , , , , , , , , , , , , , , , , 
20.1456346, -0.0169528, , , , , , , 20.1456346, -0.1990692, , , , , , , 20.1456346, 0.0280308, , , , , , , 20.1456346, 0.0011749, , , , , , , , , , , , , , , , , , , , , , , , , , , , 
20.1461538, -0.0317235, , , , , , , 20.1461538, -0.2109865, , , , , , , 20.1461538, 0.0387732, , , , , , , 20.1461538, -0.0031891, , , , , , , , , , , , , , , , , , , , , , , , , , , , 
20.1466731, -0.0411231, , , , , , , 20.1466731, -0.156939, , , , , , , 20.1466731, 0.0347448, , , , , , , 20.1466731, -0.0102388, , , , , , , , , , , , , , , , , , , , , , , , , , , , 
20.1471923, -0.0528725, , , , , , , 20.1471923, -0.040116, , , , , , , 20.1471923, 0.0164492, , , , , , , 20.1471923, -0.0152743, , , , , , , , , , , , , , , , , , , , , , , , , , , , 
20.1477115, -0.0619364, , , , , , , 20.1477115, 0.0310521, , , , , , , 20.1477115, -0.0092317, , , , , , , 20.1477115, -0.0179599, , , , , , , , , , , , , , , , , , , , , , , , , , , , 
20.1482308, -0.0652934, , , , , , , 20.1482308, 0.0104067, , , , , , , 20.1482308, -0.0323949, , , , , , , 20.1482308, -0.021149, , , , , , , , , , , , , , , , , , , , , , , , , , , , 
20.14875, -0.0659648, , , , , , , 20.14875, -0.0273594, , , , , , , 20.14875, -0.043473, , , , , , , 20.14875, -0.0240024, , , , , , , , , , , , , , , , , , , , , , , , , , , , 
20.1492692, -0.0669718, , , , , , , 20.1492692, -0.0325628, , , , , , , 20.1492692, -0.0438087, , , , , , , 20.1492692, -0.0243381, , , , , , , , , , , , , , , , , , , , , , , , , , , , 
20.1497885, -0.0683146, , , , , , , 20.1497885, -0.0263523, , , , , , , 20.1497885, -0.0431373, , , , , , , 20.1497885, -0.0236667, , , , , , , , , , , , , , , , , , , , , , , , , , , , 
20.1503077, -0.0743572, , , , , , , 20.1503077, -0.0320592, , , , , , , 20.1503077, -0.043473, , , , , , , 20.1503077, -0.0256809, , , , , , , , , , , , , , , , , , , , , , , , , , , , 
20.1508269, -0.0703288, , , , , , , 20.1508269, -0.047837, , , , , , , 20.1508269, -0.0424659, , , , , , , 20.1508269, -0.030045, , , , , , , , , , , , , , , , , , , , , , , , , , , , 
20.1513462, -0.0533761, , , , , , , 20.1513462, -0.0605936, , , , , , , 20.1513462, -0.0381018, , , , , , , 20.1513462, -0.036759, , , , , , , , , , , , , , , , , , , , , , , , , , , , 
20.1518654, -0.0290379, , , , , , , 20.1518654, -0.0585794, , , , , , , 20.1518654, -0.0276951, , , , , , , 20.1518654, -0.0424659, , , , , , , , , , , , , , , , , , , , , , , , , , , , 
20.1523846, -0.0052033, , , , , , , 20.1523846, -0.0337377, , , , , , , 20.1523846, -0.0149386, , , , , , , 20.1523846, -0.04448, , , , , , , , , , , , , , , , , , , , , , , , , , , , 
20.1529038, 0.0112459, , , , , , , 20.1529038, 0.0031891, , , , , , , 20.1529038, -0.0011749, , , , , , , 20.1529038, -0.0424659, , , , , , , , , , , , , , , , , , , , , , , , , , , , 
20.1534231, 0.0199741, , , , , , , 20.1534231, 0.033402, , , , , , , 20.1534231, 0.0172885, , , , , , , 20.1534231, -0.0379339, , , , , , , , , , , , , , , , , , , , , , , , , , , , 
20.1539423, 0.0287022, , , , , , , 20.1539423, 0.0458228, , , , , , , 20.1539423, 0.0347448, , , , , , , 20.1539423, -0.0323949, , , , , , , , , , , , , , , , , , , , , , , , , , , , 
20.1544615, 0.0340734, , , , , , , 20.1544615, 0.0468299, , , , , , , 20.1544615, 0.0515297, , , , , , , 20.1544615, -0.0236667, , , , , , , , , , , , , , , , , , , , , , , , , , , , 
20.1549808, 0.0374304, , , , , , , 20.1549808, 0.0552224, , , , , , , 20.1549808, 0.0669718, , , , , , , 20.1549808, -0.0149386, , , , , , , , , , , , , , , , , , , , , , , , , , , , 
20.1555, 0.0414588, , , , , , , 20.1555, 0.0931563, , , , , , , 20.1555, 0.0706645, , , , , , , 20.1555, -0.0075532, , , , , , , , , , , , , , , , , , , , , , , , , , , , 
20.1560192, 0.0441444, , , , , , , 20.1560192, 0.1299153, , , , , , , 20.1560192, 0.0448157, , , , , , , 20.1560192, -0.0016785, , , , , , , , , , , , , , , , , , , , , , , , , , , , 
20.1565385, 0.0451514, , , , , , , 20.1565385, 0.0854353, , , , , , , 20.1565385, 0.0082246, , , , , , , 20.1565385, 0.0105745, , , , , , , , , , , , , , , , , , , , , , , , , , , , 
20.1570577, 0.040116, , , , , , , 20.1570577, 0.0057069, , , , , , , 20.1570577, -0.0082246, , , , , , , 20.1570577, 0.027863, , , , , , , , , , , , , , , , , , , , , , , , , , , , 
20.1575769, 0.0313878, , , , , , , 20.1575769, -0.0166171, , , , , , , 20.1575769, -0.008896, , , , , , , 20.1575769, 0.043473, , , , , , , , , , , , , , , , , , , , , , , , , , , , 
20.1580962, 0.0226596, , , , , , , 20.1580962, 0.0226596, , , , , , , 20.1580962, -0.0062104, , , , , , , 20.1580962, 0.0587472, , , , , , , , , , , , , , , , , , , , , , , , , , , , 
20.1586154, 0.0203098, , , , , , , 20.1586154, 0.0619364, , , , , , , 20.1586154, -0.0112459, , , , , , , 20.1586154, 0.0760357, , , , , , , , , , , , , , , , , , , , , , , , , , , , 
20.1591346, 0.0169528, , , , , , , 20.1591346, 0.0602579, , , , , , , 20.1591346, -0.0265202, , , , , , , 20.1591346, 0.0944991, , , , , , , , , , , , , , , , , , , , , , , , , , , , 
20.1596538, 0.0105745, , , , , , , 20.1596538, 0.0226596, , , , , , , 20.1596538, -0.0431373, , , , , , , 20.1596538, 0.10692, , , , , , , , , , , , , , , , , , , , , , , , , , , , 
20.1601731, 0.0102388, , , , , , , 20.1601731, -0.0270237, , , , , , , 20.1601731, -0.0498512, , , , , , , 20.1601731, 0.1070878, , , , , , , , , , , , , , , , , , , , , , , , , , , , 
20.1606923, 0.0176242, , , , , , , 20.1606923, -0.0424659, , , , , , , 20.1606923, -0.0451514, , , , , , , 20.1606923, 0.0978561, , , , , , , , , , , , , , , , , , , , , , , , , , , , 
20.1612115, 0.0297093, , , , , , , 20.1612115, -0.0297093, , , , , , , 20.1612115, -0.0414588, , , , , , , 20.1612115, 0.0837568, , , , , , , , , , , , , , , , , , , , , , , , , , , , 
20.1617308, 0.0374304, , , , , , , 20.1617308, -0.012253, , , , , , , 20.1617308, -0.043473, , , , , , , 20.1617308, 0.0679789, , , , , , , , , , , , , , , , , , , , , , , , , , , , 
20.16225, 0.0384375, , , , , , , 20.16225, 0.043473, , , , , , , 20.16225, -0.0454871, , , , , , , 20.16225, 0.0513619, , , , , , , , , , , , , , , , , , , , , , , , , , , , 
20.1627692, 0.040116, , , , , , , 20.1627692, 0.1226978, , , , , , , 20.1627692, -0.0438087, , , , , , , 20.1627692, 0.0354162, , , , , , , , , , , , , , , , , , , , , , , , , , , , 
20.1632885, 0.0453193, , , , , , , 20.1632885, 0.173724, , , , , , , 20.1632885, -0.0377661, , , , , , , 20.1632885, 0.0223239, , , , , , , , , , , , , , , , , , , , , , , , , , , , 
20.1638077, 0.0431373, , , , , , , 20.1638077, 0.1750668, , , , , , , 20.1638077, -0.0339055, , , , , , , 20.1638077, 0.01561, , , , , , , , , , , , , , , , , , , , , , , , , , , , 
20.1643269, 0.036759, , , , , , , 20.1643269, 0.1404898, , , , , , , 20.1643269, -0.0364233, , , , , , , 20.1643269, 0.0129244, , , , , , , , , , , , , , , , , , , , , , , , , , , , 
20.1648462, 0.0327306, , , , , , , 20.1648462, 0.085771, , , , , , , 20.1648462, -0.0464942, , , , , , , 20.1648462, 0.0125887, , , , , , , , , , , , , , , , , , , , , , , , , , , , 
20.1653654, 0.0317235, , , , , , , 20.1653654, 0.0072175, , , , , , , 20.1653654, -0.0592508, , , , , , , 20.1653654, 0.011078, , , , , , , , , , , , , , , , , , , , , , , , , , , , 
20.1658846, 0.0357519, , , , , , , 20.1658846, -0.0975204, , , , , , , 20.1658846, -0.0676432, , , , , , , 20.1658846, 0.0099031, , , , , , , , , , , , , , , , , , , , , , , , , , , , 
20.1664038, 0.0377661, , , , , , , 20.1664038, -0.184802, , , , , , , 20.1664038, -0.0663005, , , , , , , 20.1664038, 0.0109102, , , , , , , , , , , , , , , , , , , , , , , , , , , , 
20.1669231, 0.0347448, , , , , , , 20.1669231, -0.2066224, , , , , , , 20.1669231, -0.0585794, , , , , , , 20.1669231, 0.0146029, , , , , , , , , , , , , , , , , , , , , , , , , , , , 
20.1674423, 0.0340734, , , , , , , 20.1674423, -0.1995727, , , , , , , 20.1674423, -0.0501869, , , , , , , 20.1674423, 0.0172885, , , , , , , , , , , , , , , , , , , , , , , , , , , , 
20.1679615, 0.0359197, , , , , , , 20.1679615, -0.2079652, , , , , , , 20.1679615, -0.0384375, , , , , , , 20.1679615, 0.0171206, , , , , , , , , , , , , , , , , , , , , , , , , , , , 
20.1684808, 0.0350805, , , , , , , 20.1684808, -0.1928588, , , , , , , 20.1684808, -0.0216526, , , , , , , 20.1684808, 0.0142672, , , , , , , , , , , , , , , , , , , , , , , , , , , , 
20.169, 0.0354162, , , , , , , 20.169, -0.1230335, , , , , , , 20.169, -0.0062104, , , , , , , 20.169, 0.0083925, , , , , , , , , , , , , , , , , , , , , , , , , , , , 
20.1695192, 0.036759, , , , , , , 20.1695192, -0.0330663, , , , , , , 20.1695192, 0.0063783, , , , , , , 20.1695192, 0.0011749, , , , , , , , , , , , , , , , , , , , , , , , , , , , 
20.1700385, 0.0359197, , , , , , , 20.1700385, 0.0406195, , , , , , , 20.1700385, 0.0159457, , , , , , , 20.1700385, -0.0058747, , , , , , , , , , , , , , , , , , , , , , , , , , , , 
20.1705577, 0.0240024, , , , , , , 20.1705577, 0.0991989, , , , , , , 20.1705577, 0.026688, , , , , , , 20.1705577, -0.0191348, , , , , , , , , , , , , , , , , , , , , , , , , , , , 
20.1710769, 0.0041962, , , , , , , 20.1710769, 0.1347829, , , , , , , 20.1710769, 0.0386053, , , , , , , 20.1710769, -0.033402, , , , , , , , , , , , , , , , , , , , , , , , , , , , 
20.1715962, 0.0031891, , , , , , , 20.1715962, 0.1435111, , , , , , , 20.1715962, 0.038941, , , , , , , 20.1715962, -0.0399481, , , , , , , , , , , , , , , , , , , , , , , , , , , , 
20.1721154, 0.0166171, , , , , , , 20.1721154, 0.1344472, , , , , , , 20.1721154, 0.033402, , , , , , , 20.1721154, -0.0446479, , , , , , , , , , , , , , , , , , , , , , , , , , , , 
20.1726346, 0.0318914, , , , , , , 20.1726346, 0.1159838, , , , , , , 20.1726346, 0.0327306, , , , , , , 20.1726346, -0.047837, , , , , , , , , , , , , , , , , , , , , , , , , , , , 
20.1731538, 0.0424659, , , , , , , 20.1731538, 0.0871138, , , , , , , 20.1731538, 0.0273594, , , , , , , 20.1731538, -0.04448, , , , , , , , , , , , , , , , , , , , , , , , , , , , 
20.1736731, 0.0458228, , , , , , , 20.1736731, 0.0441444, , , , , , , 20.1736731, 0.0043641, , , , , , , 20.1736731, -0.0357519, , , , , , , , , , , , , , , , , , , , , , , , , , , , 
20.1741923, 0.0439765, , , , , , , 20.1741923, -0.0115816, , , , , , , 20.1741923, -0.0209812, , , , , , , 20.1741923, -0.0219883, , , , , , , , , , , , , , , , , , , , , , , , , , , , 
20.1747115, 0.0387732, , , , , , , 20.1747115, -0.0713359, , , , , , , 20.1747115, -0.0347448, , , , , , , 20.1747115, -0.005539, , , , , , , , , , , , , , , , , , , , , , , , , , , , 
20.1752308, 0.0370947, , , , , , , 20.1752308, -0.1136339, , , , , , , 20.1752308, -0.0327306, , , , , , , 20.1752308, 0.0048676, , , , , , , , , , , , , , , , , , , , , , , , , , , , 
20.17575, 0.033402, , , , , , , 20.17575, -0.1292439, , , , , , , 20.17575, -0.0193027, , , , , , , 20.17575, 0.0085603, , , , , , , , , , , , , , , , , , , , , , , , , , , , 
20.1762692, 0.030045, , , , , , , 20.1762692, -0.1337758, , , , , , , 20.1762692, -0.0015106, , , , , , , 20.1762692, 0.0092317, , , , , , , , , , , , , , , , , , , , , , , , , , , , 
20.1767885, 0.0253452, , , , , , , 20.1767885, -0.1240406, , , , , , , 20.1767885, 0.0166171, , , , , , , 20.1767885, 0.010071, , , , , , , , , , , , , , , , , , , , , , , , , , , , 
20.1773077, 0.01561, , , , , , , 20.1773077, -0.0995346, , , , , , , 20.1773077, 0.0323949, , , , , , , 20.1773077, 0.0105745, , , , , , , , , , , , , , , , , , , , , , , , , , , , 
20.1778269, 0.0043641, , , , , , , 20.1778269, -0.061265, , , , , , , 20.1778269, 0.054551, , , , , , , 20.1778269, 0.0105745, , , , , , , , , , , , , , , , , , , , , , , , , , , , 
20.1783462, -0.002182, , , , , , , 20.1783462, -0.0142672, , , , , , , 20.1783462, 0.0866102, , , , , , , 20.1783462, 0.012253, , , , , , , , , , , , , , , , , , , , , , , , , , , , 
20.1788654, -0.0035248, , , , , , , 20.1788654, 0.0115816, , , , , , , 20.1788654, 0.1092699, , , , , , , 20.1788654, 0.0142672, , , , , , , , , , , , , , , , , , , , , , , , , , , , 
20.1793846, -0.0031891, , , , , , , 20.1793846, 0.0052033, , , , , , , 20.1793846, 0.1028916, , , , , , , 20.1793846, 0.0196384, , , , , , , , , , , , , , , , , , , , , , , , , , , , 
20.1799038, -0.0028534, , , , , , , 20.1799038, -0.0151064, , , , , , , 20.1799038, 0.0706645, , , , , , , 20.1799038, 0.0229953, , , , , , , , , , , , , , , , , , , , , , , , , , , , 
20.1804231, 0.0041962, , , , , , , 20.1804231, -0.0263523, , , , , , , 20.1804231, 0.0320592, , , , , , , 20.1804231, 0.0213169, , , , , , , , , , , , , , , , , , , , , , , , , , , , 
20.1809423, 0.01561, , , , , , , 20.1809423, -0.0236667, , , , , , , 20.1809423, -0.0005035, , , , , , , 20.1809423, 0.0142672, , , , , , , , , , , , , , , , , , , , , , , , , , , , 
20.1814615, 0.0231632, , , , , , , 20.1814615, -0.0149386, , , , , , , 20.1814615, -0.0229953, , , , , , , 20.1814615, 0.0058747, , , , , , , , , , , , , , , , , , , , , , , , , , , , 
20.1819808, 0.026688, , , , , , , 20.1819808, -0.0085603, , , , , , , 20.1819808, -0.0347448, , , , , , , 20.1819808, -0.0010071, , , , , , , , , , , , , , , , , , , , , , , , , , , , 
20.1825, 0.033402, , , , , , , 20.1825, -0.0062104, , , , , , , 20.1825, -0.0399481, , , , , , , 20.1825, -0.0041962, , , , , , , , , , , , , , , , , , , , , , , , , , , , 
20.1830192, 0.0394446, , , , , , , 20.1830192, -0.002182, , , , , , , 20.1830192, -0.0404517, , , , , , , 20.1830192, -0.0038605, , , , , , , , , , , , , , , , , , , , , , , , , , , , 
20.1835385, 0.0421302, , , , , , , 20.1835385, 0.0025177, , , , , , , 20.1835385, -0.0377661, , , , , , , 20.1835385, -0.0008392, , , , , , , , , , , , , , , , , , , , , , , , , , , , 
20.1840577, 0.042298, , , , , , , 20.1840577, 0.0112459, , , , , , , 20.1840577, -0.0307164, , , , , , , 20.1840577, -0.0003357, , , , , , , , , , , , , , , , , , , , , , , , , , , , 
20.1845769, 0.040116, , , , , , , 20.1845769, 0.0263523, , , , , , , 20.1845769, -0.0218204, , , , , , , 20.1845769, -0.0008392, , , , , , , , , , , , , , , , , , , , , , , , , , , , 
20.1850962, 0.0417945, , , , , , , 20.1850962, 0.0253452, , , , , , , 20.1850962, -0.017792, , , , , , , 20.1850962, 0.0018463, , , , , , , , , , , , , , , , , , , , , , , , , , , , 
20.1856154, 0.0488441, , , , , , , 20.1856154, 0.0043641, , , , , , , 20.1856154, -0.0176242, , , , , , , 20.1856154, 0.0031891, , , , , , , , , , , , , , , , , , , , , , , , , , , , 
20.1861346, 0.0535439, , , , , , , 20.1861346, -0.0050355, , , , , , , 20.1861346, -0.0206455, , , , , , , 20.1861346, 0.0045319, , , , , , , , , , , , , , , , , , , , , , , , , , , , 
20.1866538, 0.0535439, , , , , , , 20.1866538, 0.0166171, , , , , , , 20.1866538, -0.0224918, , , , , , , 20.1866538, 0.0073854, , , , , , , , , , , , , , , , , , , , , , , , , , , , 
20.1871731, 0.0532082, , , , , , , 20.1871731, 0.0522011, , , , , , , 20.1871731, -0.0203098, , , , , , , 20.1871731, 0.0125887, , , , , , , , , , , , , , , , , , , , , , , , , , , , 
20.1876923, 0.0542153, , , , , , , 20.1876923, 0.1104448, , , , , , , 20.1876923, -0.0135958, , , , , , , 20.1876923, 0.0199741, , , , , , , , , , , , , , , , , , , , , , , , , , , , 
20.1882115, 0.0548867, , , , , , , 20.1882115, 0.1586175, , , , , , , 20.1882115, -0.0058747, , , , , , , 20.1882115, 0.0313878, , , , , , , , , , , , , , , , , , , , , , , , , , , , 
20.1887308, 0.0535439, , , , , , , 20.1887308, 0.1364614, , , , , , , 20.1887308, 0.0008392, , , , , , , 20.1887308, 0.043473, , , , , , , , , , , , , , , , , , , , , , , , , , , , 
20.18925, 0.0458228, , , , , , , 20.18925, 0.0837568, , , , , , , 20.18925, 0.0065461, , , , , , , 20.18925, 0.0518654, , , , , , , , , , , , , , , , , , , , , , , , , , , , 
20.1897692, 0.0354162, , , , , , , 20.1897692, 0.0743572, , , , , , , 20.1897692, 0.0072175, , , , , , , 20.1897692, 0.0595865, , , , , , , , , , , , , , , , , , , , , , , , , , , , 
20.1902885, 0.0320592, , , , , , , 20.1902885, 0.1065843, , , , , , , 20.1902885, 0.0065461, , , , , , , 20.1902885, 0.0666361, , , , , , , , , , , , , , , , , , , , , , , , , , , , 
20.1908077, 0.0337377, , , , , , , 20.1908077, 0.1233692, , , , , , , 20.1908077, 0.0043641, , , , , , , 20.1908077, 0.0642863, , , , , , , , , , , , , , , , , , , , , , , , , , , , 
20.1913269, 0.0394446, , , , , , , 20.1913269, 0.1129625, , , , , , , 20.1913269, 0.0005035, , , , , , , 20.1913269, 0.0535439, , , , , , , , , , , , , , , , , , , , , , , , , , , , 
20.1918462, 0.0454871, , , , , , , 20.1918462, 0.0750286, , , , , , , 20.1918462, -0.0058747, , , , , , , 20.1918462, 0.0386053, , , , , , , , , , , , , , , , , , , , , , , , , , , , 
20.1923654, 0.0451514, , , , , , , 20.1923654, 0.0095674, , , , , , , 20.1923654, -0.0157778, , , , , , , 20.1923654, 0.0223239, , , , , , , , , , , , , , , , , , , , , , , , , , , , 
20.1928846, 0.0441444, , , , , , , 20.1928846, -0.0585794, , , , , , , 20.1928846, -0.0213169, , , , , , , 20.1928846, 0.0065461, , , , , , , , , , , , , , , , , , , , , , , , , , , , 
20.1934038, 0.0441444, , , , , , , 20.1934038, -0.1183337, , , , , , , 20.1934038, -0.018967, , , , , , , 20.1934038, -0.0068818, , , , , , , , , , , , , , , , , , , , , , , , , , , , 
20.1939231, 0.0443122, , , , , , , 20.1939231, -0.1534142, , , , , , , 20.1939231, -0.0139315, , , , , , , 20.1939231, -0.0159457, , , , , , , , , , , , , , , , , , , , , , , , , , , , 
20.1944423, 0.0404517, , , , , , , 20.1944423, -0.1169909, , , , , , , 20.1944423, -0.0102388, , , , , , , 20.1944423, -0.0199741, , , , , , , , , , , , , , , , , , , , , , , , , , , , 
20.1949615, 0.0317235, , , , , , , 20.1949615, -0.0463264, , , , , , , 20.1949615, -0.0073854, , , , , , , 20.1949615, -0.0216526, , , , , , , , , , , , , , , , , , , , , , , , , , , , 
20.1954808, 0.024506, , , , , , , 20.1954808, -0.0285344, , , , , , , 20.1954808, -0.0112459, , , , , , , 20.1954808, -0.0224918, , , , , , , , , , , , , , , , , , , , , , , , , , , , 
20.196, 0.0186313, , , , , , , 20.196, -0.0216526, , , , , , , 20.196, -0.0216526, , , , , , , 20.196, -0.0223239, , , , , , , , , , , , , , , , , , , , , , , , , , , , 
20.1965192, 0.0062104, , , , , , , 20.1965192, -0.0149386, , , , , , , 20.1965192, -0.0303807, , , , , , , 20.1965192, -0.0196384, , , , , , , , , , , , , , , , , , , , , , , , , , , , 
20.1970385, -0.0149386, , , , , , , 20.1970385, -0.0654612, , , , , , , 20.1970385, -0.0317235, , , , , , , 20.1970385, -0.0124208, , , , , , , , , , , , , , , , , , , , , , , , , , , , 
20.1975577, -0.0391089, , , , , , , 20.1975577, -0.1430076, , , , , , , 20.1975577, -0.0236667, , , , , , , 20.1975577, -0.005539, , , , , , , , , , , , , , , , , , , , , , , , , , , , 
20.1980769, -0.0558938, , , , , , , 20.1980769, -0.1861448, , , , , , , 20.1980769, -0.0008392, , , , , , , 20.1980769, -0.0005035, , , , , , , , , , , , , , , , , , , , , , , , , , , , 
20.1985962, -0.0626078, , , , , , , 20.1985962, -0.1841306, , , , , , , 20.1985962, 0.0204776, , , , , , , 20.1985962, 0.0025177, , , , , , , , , , , , , , , , , , , , , , , , , , , , 
20.1991154, -0.0562295, , , , , , , 20.1991154, -0.1514, , , , , , , 20.1991154, 0.0290379, , , , , , , 20.1991154, 0.0065461, , , , , , , , , , , , , , , , , , , , , , , , , , , , 
20.1996346, -0.0458228, , , , , , , 20.1996346, -0.1075914, , , , , , , 20.1996346, 0.0287022, , , , , , , 20.1996346, 0.0105745, , , , , , , , , , , , , , , , , , , , , , , , , , , , 
20.2001538, -0.0417945, , , , , , , 20.2001538, -0.0715038, , , , , , , 20.2001538, 0.023331, , , , , , , 20.2001538, 0.0125887, , , , , , , , , , , , , , , , , , , , , , , , , , , , 
20.2006731, -0.0438087, , , , , , , 20.2006731, -0.0495155, , , , , , , 20.2006731, 0.0065461, , , , , , , 20.2006731, 0.0102388, , , , , , , , , , , , , , , , , , , , , , , , , , , , 
20.2011923, -0.0458228, , , , , , , 20.2011923, -0.0293736, , , , , , , 20.2011923, -0.0213169, , , , , , , 20.2011923, 0.0092317, , , , , , , , , , , , , , , , , , , , , , , , , , , , 
20.2017115, -0.04448, , , , , , , 20.2017115, 0.0102388, , , , , , , 20.2017115, -0.043473, , , , , , , 20.2017115, 0.0115816, , , , , , , , , , , , , , , , , , , , , , , , , , , , 
20.2022308, -0.0414588, , , , , , , 20.2022308, 0.072343, , , , , , , 20.2022308, -0.0438087, , , , , , , 20.2022308, 0.0142672, , , , , , , , , , , , , , , , , , , , , , , , , , , , 
20.20275, -0.0384375, , , , , , , 20.20275, 0.1310903, , , , , , , 20.20275, -0.0317235, , , , , , , 20.20275, 0.0129244, , , , , , , , , , , , , , , , , , , , , , , , , , , , 
20.2032692, -0.0394446, , , , , , , 20.2032692, 0.1676814, , , , , , , 20.2032692, -0.0236667, , , , , , , 20.2032692, 0.0073854, , , , , , , , , , , , , , , , , , , , , , , , , , , , 
20.2037885, -0.036759, , , , , , , 20.2037885, 0.1797665, , , , , , , 20.2037885, -0.0152743, , , , , , , 20.2037885, 0.0008392, , , , , , , , , , , , , , , , , , , , , , , , , , , , 
20.2043077, -0.0330663, , , , , , , 20.2043077, 0.1404898, , , , , , , 20.2043077, 0.0063783, , , , , , , 20.2043077, -0.0015106, , , , , , , , , , , , , , , , , , , , , , , , , , , , 
20.2048269, -0.0263523, , , , , , , 20.2048269, 0.0721752, , , , , , , 20.2048269, 0.0340734, , , , , , , 20.2048269, 0.0031891, , , , , , , , , , , , , , , , , , , , , , , , , , , , 
20.2053462, -0.0146029, , , , , , , 20.2053462, 0.0381018, , , , , , , 20.2053462, 0.0527047, , , , , , , 20.2053462, 0.0129244, , , , , , , , , , , , , , , , , , , , , , , , , , , , 
20.2058654, -0.0046998, , , , , , , 20.2058654, 0.0656291, , , , , , , 20.2058654, 0.0501869, , , , , , , 20.2058654, 0.0206455, , , , , , , , , , , , , , , , , , , , , , , , , , , , 
20.2063846, 0.0018463, , , , , , , 20.2063846, 0.1082628, , , , , , , 20.2063846, 0.0224918, , , , , , , 20.2063846, 0.0226596, , , , , , , , , , , , , , , , , , , , , , , , , , , , 
20.2069038, 0.0036927, , , , , , , 20.2069038, 0.1468681, , , , , , , 20.2069038, -0.024506, , , , , , , 20.2069038, 0.0203098, , , , , , , , , , , , , , , , , , , , , , , , , , , , 
20.2074231, 0.0092317, , , , , , , 20.2074231, 0.1653315, , , , , , , 20.2074231, -0.0746929, , , , , , , 20.2074231, 0.0176242, , , , , , , , , , , , , , , , , , , , , , , , , , , , 
20.2079423, 0.0186313, , , , , , , 20.2079423, 0.1059129, , , , , , , 20.2079423, -0.1143053, , , , , , , 20.2079423, 0.0166171, , , , , , , , , , , , , , , , , , , , , , , , , , , , 
20.2084615, 0.026688, , , , , , , 20.2084615, -0.043473, , , , , , , 20.2084615, -0.1374685, , , , , , , 20.2084615, 0.0169528, , , , , , , , , , , , , , , , , , , , , , , , , , , , 
20.2089808, 0.0236667, , , , , , , 20.2089808, -0.1958801, , , , , , , 20.2089808, -0.13579, , , , , , , 20.2089808, 0.0181277, , , , , , , , , , , , , , , , , , , , , , , , , , , , 
20.2095, 0.0139315, , , , , , , 20.2095, -0.2687266, , , , , , , 20.2095, -0.1122911, , , , , , , 20.2095, 0.0193027, , , , , , , , , , , , , , , , , , , , , , , , , , , , 
20.2100192, 0.008896, , , , , , , 20.2100192, -0.2687266, , , , , , , 20.2100192, -0.0840925, , , , , , , 20.2100192, 0.0166171, , , , , , , , , , , , , , , , , , , , , , , , , , , , 
20.2105385, 0.0135958, , , , , , , 20.2105385, -0.202594, , , , , , , 20.2105385, -0.0532082, , , , , , , 20.2105385, 0.0092317, , , , , , , , , , , , , , , , , , , , , , , , , , , , 
20.2110577, 0.0213169, , , , , , , 20.2110577, -0.0787213, , , , , , , 20.2110577, -0.0162814, , , , , , , 20.2110577, -0.0025177, , , , , , , , , , , , , , , , , , , , , , , , , , , , 
20.2115769, 0.0219883, , , , , , , 20.2115769, 0.0258488, , , , , , , 20.2115769, 0.0199741, , , , , , , 20.2115769, -0.0124208, , , , , , , , , , , , , , , , , , , , , , , , , , , , 
20.2120962, 0.0206455, , , , , , , 20.2120962, 0.0379339, , , , , , , 20.2120962, 0.0421302, , , , , , , 20.2120962, -0.018967, , , , , , , , , , , , , , , , , , , , , , , , , , , , 
20.2126154, 0.0229953, , , , , , , 20.2126154, -0.0243381, , , , , , , 20.2126154, 0.0480049, , , , , , , 20.2126154, -0.0193027, , , , , , , , , , , , , , , , , , , , , , , , , , , , 
20.2131346, 0.0276951, , , , , , , 20.2131346, -0.0876173, , , , , , , 20.2131346, 0.0491798, , , , , , , 20.2131346, -0.0149386, , , , , , , , , , , , , , , , , , , , , , , , , , , , 
20.2136538, 0.0337377, , , , , , , 20.2136538, -0.0931563, , , , , , , 20.2136538, 0.0501869, , , , , , , 20.2136538, -0.0065461, , , , , , , , , , , , , , , , , , , , , , , , , , , , 
20.2141731, 0.0323949, , , , , , , 20.2141731, -0.0558938, , , , , , , 20.2141731, 0.0448157, , , , , , , 20.2141731, 0.0072175, , , , , , , , , , , , , , , , , , , , , , , , , , , , 
20.2146923, 0.0196384, , , , , , , 20.2146923, -0.0387732, , , , , , , 20.2146923, 0.0387732, , , , , , , 20.2146923, 0.0271916, , , , , , , , , , , , , , , , , , , , , , , , , , , , 
20.2152115, 0.011078, , , , , , , 20.2152115, -0.0466621, , , , , , , 20.2152115, 0.0421302, , , , , , , 20.2152115, 0.0454871, , , , , , , , , , , , , , , , , , , , , , , , , , , , 
20.2157308, 0.0112459, , , , , , , 20.2157308, -0.0585794, , , , , , , 20.2157308, 0.0448157, , , , , , , 20.2157308, 0.0560616, , , , , , , , , , , , , , , , , , , , , , , , , , , , 
20.21625, 0.0117494, , , , , , , 20.21625, -0.0854353, , , , , , , 20.21625, 0.030045, , , , , , , 20.21625, 0.0656291, , , , , , , , , , , , , , , , , , , , , , , , , , , , 
20.2167692, 0.0119173, , , , , , , 20.2167692, -0.1384756, , , , , , , 20.2167692, 0.0028534, , , , , , , 20.2167692, 0.0748608, , , , , , , , , , , , , , , , , , , , , , , , , , , , 
20.2172885, 0.0068818, , , , , , , 20.2172885, -0.19823, , , , , , , 20.2172885, -0.0167849, , , , , , , 20.2172885, 0.0780499, , , , , , , , , , , , , , , , , , , , , , , , , , , , 
20.2178077, -0.0102388, , , , , , , 20.2178077, -0.2391852, , , , , , , 20.2178077, -0.0293736, , , , , , , 20.2178077, 0.0750286, , , , , , , , , , , , , , , , , , , , , , , , , , , , 
20.2183269, -0.0226596, , , , , , , 20.2183269, -0.2366674, , , , , , , 20.2183269, -0.0381018, , , , , , , 20.2183269, 0.0669718, , , , , , , , , , , , , , , , , , , , , , , , , , , , 
20.2188462, -0.0263523, , , , , , , 20.2188462, -0.1754025, , , , , , , 20.2188462, -0.0412909, , , , , , , 20.2188462, 0.0589151, , , , , , , , , , , , , , , , , , , , , , , , , , , , 
20.2193654, -0.0310521, , , , , , , 20.2193654, -0.0773785, , , , , , , 20.2193654, -0.0528725, , , , , , , 20.2193654, 0.0528725, , , , , , , , , , , , , , , , , , , , , , , , , , , , 
20.2198846, -0.0369268, , , , , , , 20.2198846, 0.0075532, , , , , , , 20.2198846, -0.0904707, , , , , , , 20.2198846, 0.0501869, , , , , , , , , , , , , , , , , , , , , , , , , , , , 
20.2204038, -0.0377661, , , , , , , 20.2204038, 0.0501869, , , , , , , 20.2204038, -0.1226978, , , , , , , 20.2204038, 0.0439765, , , , , , , , , , , , , , , , , , , , , , , , , , , , 
20.2209231, -0.0317235, , , , , , , 20.2209231, 0.0589151, , , , , , , 20.2209231, -0.1294118, , , , , , , 20.2209231, 0.036759, , , , , , , , , , , , , , , , , , , , , , , , , , , , 
20.2214423, -0.0250095, , , , , , , 20.2214423, 0.0535439, , , , , , , 20.2214423, -0.1183337, , , , , , , 20.2214423, 0.0332341, , , , , , , , , , , , , , , , , , , , , , , , , , , , 
20.2219615, -0.0182956, , , , , , , 20.2219615, 0.04448, , , , , , , 20.2219615, -0.0941634, , , , , , , 20.2219615, 0.0313878, , , , , , , , , , , , , , , , , , , , , , , , , , , , 
20.2224808, -0.0109102, , , , , , , 20.2224808, 0.0391089, , , , , , , 20.2224808, -0.0506905, , , , , , , 20.2224808, 0.0342412, , , , , , , , , , , , , , , , , , , , , , , , , , , , 
20.223, -0.0068818, , , , , , , 20.223, 0.0391089, , , , , , , 20.223, 0.0078889, , , , , , , 20.223, 0.0406195, , , , , , , , , , , , , , , , , , , , , , , , , , , , 
20.2235192, -0.0075532, , , , , , , 20.2235192, 0.043473, , , , , , , 20.2235192, 0.0602579, , , , , , , 20.2235192, 0.0501869, , , , , , , , , , , , , , , , , , , , , , , , , , , , 
20.2240385, -0.0182956, , , , , , , 20.2240385, 0.0458228, , , , , , , 20.2240385, 0.0830854, , , , , , , 20.2240385, 0.0599222, , , , , , , , , , , , , , , , , , , , , , , , , , , , 
20.2245577, -0.0243381, , , , , , , 20.2245577, 0.043473, , , , , , , 20.2245577, 0.0733501, , , , , , , 20.2245577, 0.0669718, , , , , , , , , , , , , , , , , , , , , , , , , , , , 
20.2250769, -0.0162814, , , , , , , 20.2250769, 0.0533761, , , , , , , 20.2250769, 0.0495155, , , , , , , 20.2250769, 0.068986, , , , , , , , , , , , , , , , , , , , , , , , , , , , 
20.2255962, -0.0048676, , , , , , , 20.2255962, 0.0716716, , , , , , , 20.2255962, 0.0330663, , , , , , , 20.2255962, 0.0656291, , , , , , , , , , , , , , , , , , , , , , , , , , , , 
20.2261154, 0.0063783, , , , , , , 20.2261154, 0.0830854, , , , , , , 20.2261154, 0.0330663, , , , , , , 20.2261154, 0.0616007, , , , , , , , , , , , , , , , , , , , , , , , , , , , 
20.2266346, 0.0157778, , , , , , , 20.2266346, 0.082414, , , , , , , 20.2266346, 0.0441444, , , , , , , 20.2266346, 0.0574044, , , , , , , , , , , , , , , , , , , , , , , , , , , , 
20.2271538, 0.0196384, , , , , , , 20.2271538, 0.063447, , , , , , , 20.2271538, 0.0558938, , , , , , , 20.2271538, 0.0508583, , , , , , , , , , , , , , , , , , , , , , , , , , , , 
20.2276731, 0.0203098, , , , , , , 20.2276731, 0.040116, , , , , , , 20.2276731, 0.0605936, , , , , , , 20.2276731, 0.0433051, , , , , , , , , , , , , , , , , , , , , , , , , , , , 
20.2281923, 0.0219883, , , , , , , 20.2281923, 0.0330663, , , , , , , 20.2281923, 0.0563973, , , , , , , 20.2281923, 0.0345769, , , , , , , , , , , , , , , , , , , , , , , , , , , , 
20.2287115, 0.0271916, , , , , , , 20.2287115, 0.0421302, , , , , , , 20.2287115, 0.0548867, , , , , , , 20.2287115, 0.0226596, , , , , , , , , , , , , , , , , , , , , , , , , , , , 
20.2292308, 0.0337377, , , , , , , 20.2292308, 0.0575723, , , , , , , 20.2292308, 0.0716716, , , , , , , 20.2292308, 0.0068818, , , , , , , , , , , , , , , , , , , , , , , , , , , , 
20.22975, 0.0412909, , , , , , , 20.22975, 0.0659648, , , , , , , 20.22975, 0.0741894, , , , , , , 20.22975, -0.0109102, , , , , , , , , , , , , , , , , , , , , , , , , , , , 
20.2302692, 0.0485084, , , , , , , 20.2302692, 0.0666361, , , , , , , 20.2302692, 0.026688, , , , , , , 20.2302692, -0.0308843, , , , , , , , , , , , , , , , , , , , , , , , , , , , 
20.2307885, 0.0562295, , , , , , , 20.2307885, 0.0636149, , , , , , , 20.2307885, -0.0359197, , , , , , , 20.2307885, -0.0525368, , , , , , , , , , , , , , , , , , , , , , , , , , , , 
20.2313077, 0.0642863, , , , , , , 20.2313077, 0.0483406, , , , , , , 20.2313077, -0.0720073, , , , , , , 20.2313077, -0.0639506, , , , , , , , , , , , , , , , , , , , , , , , , , , , 
20.2318269, 0.0763714, , , , , , , 20.2318269, 0.0320592, , , , , , , 20.2318269, -0.0773785, , , , , , , 20.2318269, -0.0669718, , , , , , , , , , , , , , , , , , , , , , , , , , , , 
20.2323462, 0.0840925, , , , , , , 20.2323462, 0.0224918, , , , , , , 20.2323462, -0.0632792, , , , , , , 20.2323462, -0.0691539, , , , , , , , , , , , , , , , , , , , , , , , , , , , 
20.2328654, 0.0840925, , , , , , , 20.2328654, 0.0199741, , , , , , , 20.2328654, -0.0411231, , , , , , , 20.2328654, -0.0715038, , , , , , , , , , , , , , , , , , , , , , , , , , , , 
20.2333846, 0.0810712, , , , , , , 20.2333846, 0.0196384, , , , , , , 20.2333846, -0.021149, , , , , , , 20.2333846, -0.0713359, , , , , , , , , , , , , , , , , , , , , , , , , , , , 
20.2339038, 0.0803998, , , , , , , 20.2339038, 0.0179599, , , , , , , 20.2339038, -0.0102388, , , , , , , 20.2339038, -0.0676432, , , , , , , , , , , , , , , , , , , , , , , , , , , , 
20.2344231, 0.079057, , , , , , , 20.2344231, 0.0213169, , , , , , , 20.2344231, -0.0025177, , , , , , , 20.2344231, -0.0599222, , , , , , , , , , , , , , , , , , , , , , , , , , , , 
20.2349423, 0.0753643, , , , , , , 20.2349423, 0.033402, , , , , , , 20.2349423, 0.0052033, , , , , , , 20.2349423, -0.0505226, , , , , , , , , , , , , , , , , , , , , , , , , , , , 
20.2354615, 0.0740215, , , , , , , 20.2354615, 0.0417945, , , , , , , 20.2354615, 0.0142672, , , , , , , 20.2354615, -0.0428016, , , , , , , , , , , , , , , , , , , , , , , , , , , , 
20.2359808, 0.0708324, , , , , , , 20.2359808, 0.0406195, , , , , , , 20.2359808, 0.0256809, , , , , , , 20.2359808, -0.0387732, , , , , , , , , , , , , , , , , , , , , , , , , , , , 
20.2365, 0.0637827, , , , , , , 20.2365, 0.0372625, , , , , , , 20.2365, 0.036759, , , , , , , 20.2365, -0.0337377, , , , , , , , , , , , , , , , , , , , , , , , , , , , 
20.2370192, 0.0595865, , , , , , , 20.2370192, 0.0365911, , , , , , , 20.2370192, 0.0475013, , , , , , , 20.2370192, -0.0265202, , , , , , , , , , , , , , , , , , , , , , , , , , , , 
20.2375385, 0.0575723, , , , , , , 20.2375385, 0.0374304, , , , , , , 20.2375385, 0.0438087, , , , , , , 20.2375385, -0.0184634, , , , , , , , , , , , , , , , , , , , , , , , , , , , 
20.2380577, 0.0558938, , , , , , , 20.2380577, 0.0350805, , , , , , , 20.2380577, 0.0213169, , , , , , , 20.2380577, -0.0092317, , , , , , , , , , , , , , , , , , , , , , , , , , , , 
20.2385769, 0.0495155, , , , , , , 20.2385769, 0.026688, , , , , , , 20.2385769, -0.0031891, , , , , , , 20.2385769, 0.0018463, , , , , , , , , , , , , , , , , , , , , , , , , , , , 
20.2390962, 0.0448157, , , , , , , 20.2390962, 0.0132601, , , , , , , 20.2390962, -0.0206455, , , , , , , 20.2390962, 0.0151064, , , , , , , , , , , , , , , , , , , , , , , , , , , , 
20.2396154, 0.0424659, , , , , , , 20.2396154, 0.0023499, , , , , , , 20.2396154, -0.0332341, , , , , , , 20.2396154, 0.0273594, , , , , , , , , , , , , , , , , , , , , , , , , , , , 
20.2401346, 0.0354162, , , , , , , 20.2401346, -0.0028534, , , , , , , 20.2401346, -0.0458228, , , , , , , 20.2401346, 0.035584, , , , , , , , , , , , , , , , , , , , , , , , , , , , 
20.2406538, 0.0273594, , , , , , , 20.2406538, -0.012253, , , , , , , 20.2406538, -0.057908, , , , , , , 20.2406538, 0.0397803, , , , , , , , , , , , , , , , , , , , , , , , , , , , 
20.2411731, 0.0236667, , , , , , , 20.2411731, -0.0226596, , , , , , , 20.2411731, -0.0656291, , , , , , , 20.2411731, 0.0438087, , , , , , , , , , , , , , , , , , , , , , , , , , , , 
20.2416923, 0.0226596, , , , , , , 20.2416923, -0.0226596, , , , , , , 20.2416923, -0.0661326, , , , , , , 20.2416923, 0.0488441, , , , , , , , , , , , , , , , , , , , , , , , , , , , 
20.2422115, 0.0216526, , , , , , , 20.2422115, -0.005539, , , , , , , 20.2422115, -0.061265, , , , , , , 20.2422115, 0.0557259, , , , , , , , , , , , , , , , , , , , , , , , , , , , 
20.2427308, 0.0193027, , , , , , , 20.2427308, 0.014435, , , , , , , 20.2427308, -0.0515297, , , , , , , 20.2427308, 0.0582437, , , , , , , , , , , , , , , , , , , , , , , , , , , , 
20.24325, 0.0199741, , , , , , , 20.24325, 0.0260166, , , , , , , 20.24325, -0.0426337, , , , , , , 20.24325, 0.0572366, , , , , , , , , , , , , , , , , , , , , , , , , , , , 
20.2437692, 0.0250095, , , , , , , 20.2437692, 0.0240024, , , , , , , 20.2437692, -0.0337377, , , , , , , 20.2437692, 0.0525368, , , , , , , , , , , , , , , , , , , , , , , , , , , , 
20.2442885, 0.0290379, , , , , , , 20.2442885, 0.0099031, , , , , , , 20.2442885, -0.0307164, , , , , , , 20.2442885, 0.0414588, , , , , , , , , , , , , , , , , , , , , , , , , , , , 
20.2448077, 0.0226596, , , , , , , 20.2448077, 0.0070497, , , , , , , 20.2448077, -0.0374304, , , , , , , 20.2448077, 0.0285344, , , , , , , , , , , , , , , , , , , , , , , , , , , , 
20.2453269, 0.0172885, , , , , , , 20.2453269, 0.01561, , , , , , , 20.2453269, -0.0501869, , , , , , , 20.2453269, 0.0206455, , , , , , , , , , , , , , , , , , , , , , , , , , , , 
20.2458462, 0.0115816, , , , , , , 20.2458462, 0.0132601, , , , , , , 20.2458462, -0.0565652, , , , , , , 20.2458462, 0.01561, , , , , , , , , , , , , , , , , , , , , , , , , , , , 
20.2463654, 0.0011749, , , , , , , 20.2463654, -0.0045319, , , , , , , 20.2463654, -0.0538796, , , , , , , 20.2463654, 0.0095674, , , , , , , , , , , , , , , , , , , , , , , , , , , , 
20.2468846, -0.0095674, , , , , , , 20.2468846, -0.0302129, , , , , , , 20.2468846, -0.0451514, , , , , , , 20.2468846, 0.0048676, , , , , , , , , , , , , , , , , , , , , , , , , , , , 
20.2474038, -0.0167849, , , , , , , 20.2474038, -0.0582437, , , , , , , 20.2474038, -0.0374304, , , , , , , 20.2474038, -0.0008392, , , , , , , , , , , , , , , , , , , , , , , , , , , , 
20.2479231, -0.0229953, , , , , , , 20.2479231, -0.0817426, , , , , , , 20.2479231, -0.0307164, , , , , , , 20.2479231, -0.0018463, , , , , , , , , , , , , , , , , , , , , , , , , , , , 
20.2484423, -0.0280308, , , , , , , 20.2484423, -0.0955062, , , , , , , 20.2484423, -0.0182956, , , , , , , 20.2484423, 0.0038605, , , , , , , , , , , , , , , , , , , , , , , , , , , , 
20.2489615, -0.0340734, , , , , , , 20.2489615, -0.0914778, , , , , , , 20.2489615, 0.0082246, , , , , , , 20.2489615, 0.0092317, , , , , , , , , , , , , , , , , , , , , , , , , , , , 
20.2494808, -0.0374304, , , , , , , 20.2494808, -0.0787213, , , , , , , 20.2494808, 0.0397803, , , , , , , 20.2494808, 0.0119173, , , , , , , , , , , , , , , , , , , , , , , , , , , , 
20.25, -0.0364233, , , , , , , 20.25, -0.0595865, , , , , , , 20.25, 0.0555581, , , , , , , 20.25, 0.0099031, , , , , , , , , , , , , , , , , , , , , , , , , , , , 
20.2505192, -0.0332341, , , , , , , 20.2505192, -0.0377661, , , , , , , 20.2505192, 0.0481727, , , , , , , 20.2505192, -0.002182, , , , , , , , , , , , , , , , , , , , , , , , , , , , 
20.2510385, -0.0285344, , , , , , , 20.2510385, -0.0070497, , , , , , , 20.2510385, 0.0273594, , , , , , , 20.2510385, -0.018967, , , , , , , , , , , , , , , , , , , , , , , , , , , , 
20.2515577, -0.0204776, , , , , , , 20.2515577, 0.0293736, , , , , , , 20.2515577, -0.0018463, , , , , , , 20.2515577, -0.0357519, , , , , , , , , , , , , , , , , , , , , , , , , , , , 
20.2520769, -0.0083925, , , , , , , 20.2520769, 0.054551, , , , , , , 20.2520769, -0.0323949, , , , , , , 20.2520769, -0.051194, , , , , , , , , , , , , , , , , , , , , , , , , , , , 
20.2525962, -0.0001678, , , , , , , 20.2525962, 0.0552224, , , , , , , 20.2525962, -0.0548867, , , , , , , 20.2525962, -0.0632792, , , , , , , , , , , , , , , , , , , , , , , , , , , , 
20.2531154, 0.005539, , , , , , , 20.2531154, 0.0364233, , , , , , , 20.2531154, -0.0636149, , , , , , , 20.2531154, -0.0673075, , , , , , , , , , , , , , , , , , , , , , , , , , , , 
20.2536346, 0.0109102, , , , , , , 20.2536346, -0.0095674, , , , , , , 20.2536346, -0.0558938, , , , , , , 20.2536346, -0.061265, , , , , , , , , , , , , , , , , , , , , , , , , , , , 
20.2541538, 0.0139315, , , , , , , 20.2541538, -0.0783856, , , , , , , 20.2541538, -0.0354162, , , , , , , 20.2541538, -0.0543832, , , , , , , , , , , , , , , , , , , , , , , , , , , , 
20.2546731, 0.0139315, , , , , , , 20.2546731, -0.1273976, , , , , , , 20.2546731, -0.0068818, , , , , , , 20.2546731, -0.0481727, , , , , , , , , , , , , , , , , , , , , , , , , , , , 
20.2551923, 0.0137636, , , , , , , 20.2551923, -0.1304189, , , , , , , 20.2551923, 0.023331, , , , , , , 20.2551923, -0.0387732, , , , , , , , , , , , , , , , , , , , , , , , , , , , 
20.2557115, 0.0115816, , , , , , , 20.2557115, -0.1223621, , , , , , , 20.2557115, 0.0461585, , , , , , , 20.2557115, -0.026688, , , , , , , , , , , , , , , , , , , , , , , , , , , , 
20.2562308, 0.0065461, , , , , , , 20.2562308, -0.1300832, , , , , , , 20.2562308, 0.0572366, , , , , , , 20.2562308, -0.0154421, , , , , , , , , , , , , , , , , , , , , , , , , , , , 
20.25675, 0.0041962, , , , , , , 20.25675, -0.1185016, , , , , , , 20.25675, 0.0542153, , , , , , , 20.25675, -0.0048676, , , , , , , , , , , , , , , , , , , , , , , , , , , , 
20.2572692, 0.0031891, , , , , , , 20.2572692, -0.0733501, , , , , , , 20.2572692, 0.0439765, , , , , , , 20.2572692, 0.0048676, , , , , , , , , , , , , , , , , , , , , , , , , , , , 
20.2577885, 0.0023499, , , , , , , 20.2577885, -0.0619364, , , , , , , 20.2577885, 0.0340734, , , , , , , 20.2577885, 0.0162814, , , , , , , , , , , , , , , , , , , , , , , , , , , , 
20.2583077, -0.0031891, , , , , , , 20.2583077, -0.1143053, , , , , , , 20.2583077, 0.0231632, , , , , , , 20.2583077, 0.030045, , , , , , , , , , , , , , , , , , , , , , , , , , , , 
20.2588269, -0.0043641, , , , , , , 20.2588269, -0.1660029, , , , , , , 20.2588269, 0.0174563, , , , , , , 20.2588269, 0.0397803, , , , , , , , , , , , , , , , , , , , , , , , , , , , 
20.2593462, -0.0001678, , , , , , , 20.2593462, -0.1448539, , , , , , , 20.2593462, 0.0172885, , , , , , , 20.2593462, 0.0446479, , , , , , , , , , , , , , , , , , , , , , , , , , , , 
20.2598654, 0.0025177, , , , , , , 20.2598654, -0.0793927, , , , , , , 20.2598654, 0.0219883, , , , , , , 20.2598654, 0.0488441, , , , , , , , , , , , , , , , , , , , , , , , , , , , 
20.2603846, 0.0085603, , , , , , , 20.2603846, -0.0109102, , , , , , , 20.2603846, 0.0260166, , , , , , , 20.2603846, 0.054551, , , , , , , , , , , , , , , , , , , , , , , , , , , , 
20.2609038, 0.0199741, , , , , , , 20.2609038, 0.0528725, , , , , , , 20.2609038, 0.0330663, , , , , , , 20.2609038, 0.0595865, , , , , , , , , , , , , , , , , , , , , , , , , , , , 
20.2614231, 0.0317235, , , , , , , 20.2614231, 0.1354543, , , , , , , 20.2614231, 0.0438087, , , , , , , 20.2614231, 0.0629435, , , , , , , , , , , , , , , , , , , , , , , , , , , , 
20.2619423, 0.0431373, , , , , , , 20.2619423, 0.1955444, , , , , , , 20.2619423, 0.0475013, , , , , , , 20.2619423, 0.0616007, , , , , , , , , , , , , , , , , , , , , , , , , , , , 
20.2624615, 0.0525368, , , , , , , 20.2624615, 0.178088, , , , , , , 20.2624615, 0.040116, , , , , , , 20.2624615, 0.0555581, , , , , , , , , , , , , , , , , , , , , , , , , , , , 
20.2629808, 0.0558938, , , , , , , 20.2629808, 0.10692, , , , , , , 20.2629808, 0.027863, , , , , , , 20.2629808, 0.0464942, , , , , , , , , , , , , , , , , , , , , , , , , , , , 
20.2635, 0.0589151, , , , , , , 20.2635, 0.0428016, , , , , , , 20.2635, 0.0181277, , , , , , , 20.2635, 0.0411231, , , , , , , , , , , , , , , , , , , , , , , , , , , , 
20.2640192, 0.0663005, , , , , , , 20.2640192, 0.0298772, , , , , , , 20.2640192, 0.0099031, , , , , , , 20.2640192, 0.0365911, , , , , , , , , , , , , , , , , , , , , , , , , , , , 
20.2645385, 0.068986, , , , , , , 20.2645385, 0.0431373, , , , , , , 20.2645385, -0.0008392, , , , , , , 20.2645385, 0.033402, , , , , , , , , , , , , , , , , , , , , , , , , , , , 
20.2650577, 0.0622721, , , , , , , 20.2650577, 0.0092317, , , , , , , 20.2650577, -0.0119173, , , , , , , 20.2650577, 0.0320592, , , , , , , , , , , , , , , , , , , , , , , , , , , , 
20.2655769, 0.0515297, , , , , , , 20.2655769, -0.0793927, , , , , , , 20.2655769, -0.0223239, , , , , , , 20.2655769, 0.0280308, , , , , , , , , , , , , , , , , , , , , , , , , , , , 
20.2660962, 0.0414588, , , , , , , 20.2660962, -0.1579461, , , , , , , 20.2660962, -0.0347448, , , , , , , 20.2660962, 0.0229953, , , , , , , , , , , , , , , , , , , , , , , , , , , , 
20.2666154, 0.0354162, , , , , , , 20.2666154, -0.1750668, , , , , , , 20.2666154, -0.0473335, , , , , , , 20.2666154, 0.0199741, , , , , , , , , , , , , , , , , , , , , , , , , , , , 
20.2671346, 0.0305486, , , , , , , 20.2671346, -0.1413291, , , , , , , 20.2671346, -0.0525368, , , , , , , 20.2671346, 0.0193027, , , , , , , , , , , , , , , , , , , , , , , , , , , , 
20.2676538, 0.0258488, , , , , , , 20.2676538, -0.0842603, , , , , , , 20.2676538, -0.0485084, , , , , , , 20.2676538, 0.0193027, , , , , , , , , , , , , , , , , , , , , , , , , , , , 
20.2681731, 0.0125887, , , , , , , 20.2681731, -0.0263523, , , , , , , 20.2681731, -0.0412909, , , , , , , 20.2681731, 0.0196384, , , , , , , , , , , , , , , , , , , , , , , , , , , , 
20.2686923, -0.002182, , , , , , , 20.2686923, 0.0031891, , , , , , , 20.2686923, -0.0344091, , , , , , , 20.2686923, 0.0229953, , , , , , , , , , , , , , , , , , , , , , , , , , , , 
20.2692115, -0.0149386, , , , , , , 20.2692115, -0.0011749, , , , , , , 20.2692115, -0.0246738, , , , , , , 20.2692115, 0.0320592, , , , , , , , , , , , , , , , , , , , , , , , , , , , 
20.2697308, -0.0226596, , , , , , , 20.2697308, -0.0028534, , , , , , , 20.2697308, -0.0149386, , , , , , , 20.2697308, 0.0409552, , , , , , , , , , , , , , , , , , , , , , , , , , , , 
20.27025, -0.0216526, , , , , , , 20.27025, 0.0276951, , , , , , , 20.27025, -0.0129244, , , , , , , 20.27025, 0.0374304, , , , , , , , , , , , , , , , , , , , , , , , , , , , 
20.2707692, -0.0124208, , , , , , , 20.2707692, 0.0693217, , , , , , , 20.2707692, -0.0176242, , , , , , , 20.2707692, 0.0240024, , , , , , , , , , , , , , , , , , , , , , , , , , , , 
20.2712885, -0.0048676, , , , , , , 20.2712885, 0.0911421, , , , , , , 20.2712885, -0.0218204, , , , , , , 20.2712885, 0.0095674, , , , , , , , , , , , , , , , , , , , , , , , , , , , 
20.2718077, -0.0082246, , , , , , , 20.2718077, 0.0864424, , , , , , , 20.2718077, -0.0250095, , , , , , , 20.2718077, -0.002182, , , , , , , , , , , , , , , , , , , , , , , , , , , , 
20.2723269, -0.0105745, , , , , , , 20.2723269, 0.0616007, , , , , , , 20.2723269, -0.0256809, , , , , , , 20.2723269, -0.0085603, , , , , , , , , , , , , , , , , , , , , , , , , , , , 
20.2728462, -0.0095674, , , , , , , 20.2728462, 0.036759, , , , , , , 20.2728462, -0.0256809, , , , , , , 20.2728462, -0.0095674, , , , , , , , , , , , , , , , , , , , , , , , , , , , 
20.2733654, -0.0125887, , , , , , , 20.2733654, 0.026688, , , , , , , 20.2733654, -0.0256809, , , , , , , 20.2733654, -0.0095674, , , , , , , , , , , , , , , , , , , , , , , , , , , , 
20.2738846, -0.01561, , , , , , , 20.2738846, 0.0102388, , , , , , , 20.2738846, -0.0258488, , , , , , , 20.2738846, -0.0092317, , , , , , , , , , , , , , , , , , , , , , , , , , , , 
20.2744038, -0.0181277, , , , , , , 20.2744038, -0.0142672, , , , , , , 20.2744038, -0.0285344, , , , , , , 20.2744038, -0.0072175, , , , , , , , , , , , , , , , , , , , , , , , , , , , 
20.2749231, -0.0250095, , , , , , , 20.2749231, -0.0102388, , , , , , , 20.2749231, -0.0297093, , , , , , , 20.2749231, -0.0025177, , , , , , , , , , , , , , , , , , , , , , , , , , , , 
20.2754423, -0.0320592, , , , , , , 20.2754423, 0.0115816, , , , , , , 20.2754423, -0.0293736, , , , , , , 20.2754423, 0.0025177, , , , , , , , , , , , , , , , , , , , , , , , , , , , 
20.2759615, -0.0337377, , , , , , , 20.2759615, 0.0199741, , , , , , , 20.2759615, -0.0256809, , , , , , , 20.2759615, 0.008896, , , , , , , , , , , , , , , , , , , , , , , , , , , , 
20.2764808, -0.0350805, , , , , , , 20.2764808, 0.0102388, , , , , , , 20.2764808, -0.0169528, , , , , , , 20.2764808, 0.0186313, , , , , , , , , , , , , , , , , , , , , , , , , , , , 
20.277, -0.0394446, , , , , , , 20.277, 0.0132601, , , , , , , 20.277, 0.0015106, , , , , , , 20.277, 0.033402, , , , , , , , , , , , , , , , , , , , , , , , , , , , 
20.2775192, -0.0424659, , , , , , , 20.2775192, 0.0505226, , , , , , , 20.2775192, 0.0394446, , , , , , , 20.2775192, 0.0475013, , , , , , , , , , , , , , , , , , , , , , , , , , , , 
20.2780385, -0.0412909, , , , , , , 20.2780385, 0.0985275, , , , , , , 20.2780385, 0.079057, , , , , , , 20.2780385, 0.0553902, , , , , , , , , , , , , , , , , , , , , , , , , , , , 
20.2785577, -0.0428016, , , , , , , 20.2785577, 0.1119554, , , , , , , 20.2785577, 0.0861067, , , , , , , 20.2785577, 0.0602579, , , , , , , , , , , , , , , , , , , , , , , , , , , , 
20.2790769, -0.0498512, , , , , , , 20.2790769, 0.0760357, , , , , , , 20.2790769, 0.0681468, , , , , , , 20.2790769, 0.0609293, , , , , , , , , , , , , , , , , , , , , , , , , , , , 
20.2795962, -0.0538796, , , , , , , 20.2795962, 0.0414588, , , , , , , 20.2795962, 0.0626078, , , , , , , 20.2795962, 0.0587472, , , , , , , , , , , , , , , , , , , , , , , , , , , , 
20.2801154, -0.0518654, , , , , , , 20.2801154, 0.0236667, , , , , , , 20.2801154, 0.0720073, , , , , , , 20.2801154, 0.0548867, , , , , , , , , , , , , , , , , , , , , , , , , , , , 
20.2806346, -0.0431373, , , , , , , 20.2806346, 0.0058747, , , , , , , 20.2806346, 0.0706645, , , , , , , 20.2806346, 0.0448157, , , , , , , , , , , , , , , , , , , , , , , , , , , , 
20.2811538, -0.0298772, , , , , , , 20.2811538, -0.0209812, , , , , , , 20.2811538, 0.0466621, , , , , , , 20.2811538, 0.0283665, , , , , , , , , , , , , , , , , , , , , , , , , , , , 
20.2816731, -0.0182956, , , , , , , 20.2816731, -0.0515297, , , , , , , 20.2816731, 0.0129244, , , , , , , 20.2816731, 0.0119173, , , , , , , , , , , , , , , , , , , , , , , , , , , , 
20.2821923, -0.0095674, , , , , , , 20.2821923, -0.0669718, , , , , , , 20.2821923, -0.0176242, , , , , , , 20.2821923, 0.0005035, , , , , , , , , , , , , , , , , , , , , , , , , , , , 
20.2827115, 0.0003357, , , , , , , 20.2827115, -0.0814069, , , , , , , 20.2827115, -0.0407874, , , , , , , 20.2827115, -0.0048676, , , , , , , , , , , , , , , , , , , , , , , , , , , , 
20.2832308, 0.0119173, , , , , , , 20.2832308, -0.1117876, , , , , , , 20.2832308, -0.0594186, , , , , , , 20.2832308, -0.0068818, , , , , , , , , , , , , , , , , , , , , , , , , , , , 
20.28375, 0.0236667, , , , , , , 20.28375, -0.144686, , , , , , , 20.28375, -0.0847639, , , , , , , 20.28375, -0.0072175, , , , , , , , , , , , , , , , , , , , , , , , , , , , 
20.2842692, 0.0307164, , , , , , , 20.2842692, -0.1747311, , , , , , , 20.2842692, -0.103563, , , , , , , 20.2842692, -0.0099031, , , , , , , , , , , , , , , , , , , , , , , , , , , , 
20.2847885, 0.036759, , , , , , , 20.2847885, -0.1962158, , , , , , , 20.2847885, -0.114641, , , , , , , 20.2847885, -0.0129244, , , , , , , , , , , , , , , , , , , , , , , , , , , , 
20.2853077, 0.0350805, , , , , , , 20.2853077, -0.1754025, , , , , , , 20.2853077, -0.1277333, , , , , , , 20.2853077, -0.0149386, , , , , , , , , , , , , , , , , , , , , , , , , , , , 
20.2858269, 0.0313878, , , , , , , 20.2858269, -0.1106126, , , , , , , 20.2858269, -0.1351186, , , , , , , 20.2858269, -0.0169528, , , , , , , , , , , , , , , , , , , , , , , , , , , , 
20.2863462, 0.0327306, , , , , , , 20.2863462, -0.0223239, , , , , , , 20.2863462, -0.1347829, , , , , , , 20.2863462, -0.0169528, , , , , , , , , , , , , , , , , , , , , , , , , , , , 
20.2868654, 0.0411231, , , , , , , 20.2868654, 0.0565652, , , , , , , 20.2868654, -0.1232013, , , , , , , 20.2868654, -0.0193027, , , , , , , , , , , , , , , , , , , , , , , , , , , , 
20.2873846, 0.0548867, , , , , , , 20.2873846, 0.0986954, , , , , , , 20.2873846, -0.0918135, , , , , , , 20.2873846, -0.0203098, , , , , , , , , , , , , , , , , , , , , , , , , , , , 
20.2879038, 0.0627756, , , , , , , 20.2879038, 0.1072557, , , , , , , 20.2879038, -0.0454871, , , , , , , 20.2879038, -0.0193027, , , , , , , , , , , , , , , , , , , , , , , , , , , , 
20.2884231, 0.0637827, , , , , , , 20.2884231, 0.0894636, , , , , , , 20.2884231, 0.0005035, , , , , , , 20.2884231, -0.0162814, , , , , , , , , , , , , , , , , , , , , , , , , , , , 
20.2889423, 0.0589151, , , , , , , 20.2889423, 0.0580758, , , , , , , 20.2889423, 0.0325628, , , , , , , 20.2889423, -0.0102388, , , , , , , , , , , , , , , , , , , , , , , , , , , , 
20.2894615, 0.0505226, , , , , , , 20.2894615, 0.0199741, , , , , , , 20.2894615, 0.0532082, , , , , , , 20.2894615, -0.0005035, , , , , , , , , , , , , , , , , , , , , , , , , , , , 
20.2899808, 0.0468299, , , , , , , 20.2899808, -0.0317235, , , , , , , 20.2899808, 0.0676432, , , , , , , 20.2899808, 0.008896, , , , , , , , , , , , , , , , , , , , , , , , , , , , 
20.2905, 0.0488441, , , , , , , 20.2905, -0.082414, , , , , , , 20.2905, 0.068986, , , , , , , 20.2905, 0.0099031, , , , , , , , , , , , , , , , , , , , , , , , , , , , 
20.2910192, 0.0548867, , , , , , , 20.2910192, -0.0955062, , , , , , , 20.2910192, 0.0626078, , , , , , , 20.2910192, 0.0030213, , , , , , , , , , , , , , , , , , , , , , , , , , , , 
20.2915385, 0.063447, , , , , , , 20.2915385, -0.064622, , , , , , , 20.2915385, 0.054551, , , , , , , 20.2915385, -0.002182, , , , , , , , , , , , , , , , , , , , , , , , , , , , 
20.2920577, 0.0661326, , , , , , , 20.2920577, -0.0298772, , , , , , , 20.2920577, 0.0412909, , , , , , , 20.2920577, -0.0028534, , , , , , , , , , , , , , , , , , , , , , , , , , , , 
20.2925769, 0.0666361, , , , , , , 20.2925769, -0.0041962, , , , , , , 20.2925769, 0.0243381, , , , , , , 20.2925769, -0.0045319, , , , , , , , , , , , , , , , , , , , , , , , , , , , 
20.2930962, 0.0703288, , , , , , , 20.2930962, 0.0360876, , , , , , , 20.2930962, 0.0109102, , , , , , , 20.2930962, -0.0080568, , , , , , , , , , , , , , , , , , , , , , , , , , , , 
20.2936154, 0.0683146, , , , , , , 20.2936154, 0.1131304, , , , , , , 20.2936154, 0.0011749, , , , , , , 20.2936154, -0.0078889, , , , , , , , , , , , , , , , , , , , , , , , , , , , 
20.2941346, 0.0589151, , , , , , , 20.2941346, 0.1777523, , , , , , , 20.2941346, -0.0052033, , , , , , , 20.2941346, -0.005539, , , , , , , , , , , , , , , , , , , , , , , , , , , , 
20.2946538, 0.0488441, , , , , , , 20.2946538, 0.1646601, , , , , , , 20.2946538, -0.0102388, , , , , , , 20.2946538, -0.0010071, , , , , , , , , , , , , , , , , , , , , , , , , , , , 
20.2951731, 0.0394446, , , , , , , 20.2951731, 0.1097734, , , , , , , 20.2951731, -0.0139315, , , , , , , 20.2951731, 0.0058747, , , , , , , , , , , , , , , , , , , , , , , , , , , , 
20.2956923, 0.0292058, , , , , , , 20.2956923, 0.0710002, , , , , , , 20.2956923, -0.0132601, , , , , , , 20.2956923, 0.0132601, , , , , , , , , , , , , , , , , , , , , , , , , , , , 
20.2962115, 0.0157778, , , , , , , 20.2962115, 0.0498512, , , , , , , 20.2962115, -0.0119173, , , , , , , 20.2962115, 0.023331, , , , , , , , , , , , , , , , , , , , , , , , , , , , 
20.2967308, 0.0015106, , , , , , , 20.2967308, 0.0287022, , , , , , , 20.2967308, -0.0152743, , , , , , , 20.2967308, 0.0428016, , , , , , , , , , , , , , , , , , , , , , , , , , , , 
20.29725, -0.0109102, , , , , , , 20.29725, 0.0085603, , , , , , , 20.29725, -0.0172885, , , , , , , 20.29725, 0.0659648, , , , , , , , , , , , , , , , , , , , , , , , , , , , 
20.2977692, -0.0203098, , , , , , , 20.2977692, -0.0218204, , , , , , , 20.2977692, -0.0162814, , , , , , , 20.2977692, 0.0842603, , , , , , , , , , , , , , , , , , , , , , , , , , , , 
20.2982885, -0.0297093, , , , , , , 20.2982885, -0.0649577, , , , , , , 20.2982885, -0.0146029, , , , , , , 20.2982885, 0.0941634, , , , , , , , , , , , , , , , , , , , , , , , , , , , 
20.2988077, -0.047837, , , , , , , 20.2988077, -0.105745, , , , , , , 20.2988077, -0.0115816, , , , , , , 20.2988077, 0.0961776, , , , , , , , , , , , , , , , , , , , , , , , , , , , 
20.2993269, -0.061265, , , , , , , 20.2993269, -0.1245441, , , , , , , 20.2993269, -0.012253, , , , , , , 20.2993269, 0.0928206, , , , , , , , , , , , , , , , , , , , , , , , , , , , 
20.2998462, -0.064622, , , , , , , 20.2998462, -0.1297475, , , , , , , 20.2998462, -0.0209812, , , , , , , 20.2998462, 0.0864424, , , , , , , , , , , , , , , , , , , , , , , , , , , , 
20.3003654, -0.0622721, , , , , , , 20.3003654, -0.1310903, , , , , , , 20.3003654, -0.0313878, , , , , , , 20.3003654, 0.0770428, , , , , , , , , , , , , , , , , , , , , , , , , , , , 
20.3008846, -0.0582437, , , , , , , 20.3008846, -0.1139696, , , , , , , 20.3008846, -0.0305486, , , , , , , 20.3008846, 0.0652934, , , , , , , , , , , , , , , , , , , , , , , , , , , , 
20.3014038, -0.054551, , , , , , , 20.3014038, -0.066804, , , , , , , 20.3014038, -0.0152743, , , , , , , 20.3014038, 0.0528725, , , , , , , , , , , , , , , , , , , , , , , , , , , , 
20.3019231, -0.0495155, , , , , , , 20.3019231, -0.0256809, , , , , , , 20.3019231, 0.0119173, , , , , , , 20.3019231, 0.0431373, , , , , , , , , , , , , , , , , , , , , , , , , , , , 
20.3024423, -0.0394446, , , , , , , 20.3024423, -0.0176242, , , , , , , 20.3024423, 0.0459907, , , , , , , 20.3024423, 0.035584, , , , , , , , , , , , , , , , , , , , , , , , , , , , 
20.3029615, -0.0287022, , , , , , , 20.3029615, -0.0260166, , , , , , , 20.3029615, 0.0508583, , , , , , , 20.3029615, 0.0270237, , , , , , , , , , , , , , , , , , , , , , , , , , , , 
20.3034808, -0.017792, , , , , , , 20.3034808, -0.0253452, , , , , , , 20.3034808, 0.0199741, , , , , , , 20.3034808, 0.0186313, , , , , , , , , , , , , , , , , , , , , , , , , , , , 
20.304, -0.0082246, , , , , , , 20.304, -0.0082246, , , , , , , 20.304, -0.0176242, , , , , , , 20.304, 0.0142672, , , , , , , , , , , , , , , , , , , , , , , , , , , , 
20.3045192, -0.0018463, , , , , , , 20.3045192, 0.0011749, , , , , , , 20.3045192, -0.0330663, , , , , , , 20.3045192, 0.0132601, , , , , , , , , , , , , , , , , , , , , , , , , , , , 
20.3050385, 0.0052033, , , , , , , 20.3050385, -0.0043641, , , , , , , 20.3050385, -0.0236667, , , , , , , 20.3050385, 0.0159457, , , , , , , , , , , , , , , , , , , , , , , , , , , , 
20.3055577, 0.0132601, , , , , , , 20.3055577, -0.0045319, , , , , , , 20.3055577, -0.0065461, , , , , , , 20.3055577, 0.0172885, , , , , , , , , , , , , , , , , , , , , , , , , , , , 
20.3060769, 0.0199741, , , , , , , 20.3060769, 0.0052033, , , , , , , 20.3060769, 0.0046998, , , , , , , 20.3060769, 0.0191348, , , , , , , , , , , , , , , , , , , , , , , , , , , , 
20.3065962, 0.0240024, , , , , , , 20.3065962, 0.0104067, , , , , , , 20.3065962, 0.0082246, , , , , , , 20.3065962, 0.0229953, , , , , , , , , , , , , , , , , , , , , , , , , , , , 
20.3071154, 0.0263523, , , , , , , 20.3071154, 0.0102388, , , , , , , 20.3071154, 0.0070497, , , , , , , 20.3071154, 0.0213169, , , , , , , , , , , , , , , , , , , , , , , , , , , , 
20.3076346, 0.0287022, , , , , , , 20.3076346, 0.0085603, , , , , , , 20.3076346, -0.0045319, , , , , , , 20.3076346, 0.0159457, , , , , , , , , , , , , , , , , , , , , , , , , , , , 
20.3081538, 0.0307164, , , , , , , 20.3081538, 0.0035248, , , , , , , 20.3081538, -0.0251774, , , , , , , 20.3081538, 0.0105745, , , , , , , , , , , , , , , , , , , , , , , , , , , , 
20.3086731, 0.0352483, , , , , , , 20.3086731, -0.002182, , , , , , , 20.3086731, -0.043473, , , , , , , 20.3086731, 0.002182, , , , , , , , , , , , , , , , , , , , , , , , , , , , 
20.3091923, 0.0404517, , , , , , , 20.3091923, -0.0115816, , , , , , , 20.3091923, -0.054551, , , , , , , 20.3091923, -0.0068818, , , , , , , , , , , , , , , , , , , , , , , , , , , , 
20.3097115, 0.0481727, , , , , , , 20.3097115, -0.0240024, , , , , , , 20.3097115, -0.0627756, , , , , , , 20.3097115, -0.0151064, , , , , , , , , , , , , , , , , , , , , , , , , , , , 
20.3102308, 0.0594186, , , , , , , 20.3102308, -0.023331, , , , , , , 20.3102308, -0.0673075, , , , , , , 20.3102308, -0.0250095, , , , , , , , , , , , , , , , , , , , , , , , , , , , 
20.31075, 0.0720073, , , , , , , 20.31075, 0.0276951, , , , , , , 20.31075, -0.0647898, , , , , , , 20.31075, -0.0397803, , , , , , , , , , , , , , , , , , , , , , , , , , , , 
20.3112692, 0.0861067, , , , , , , 20.3112692, 0.0991989, , , , , , , 20.3112692, -0.0585794, , , , , , , 20.3112692, -0.0501869, , , , , , , , , , , , , , , , , , , , , , , , , , , , 
20.3117885, 0.0988632, , , , , , , 20.3117885, 0.1220264, , , , , , , 20.3117885, -0.0522011, , , , , , , 20.3117885, -0.0552224, , , , , , , , , , , , , , , , , , , , , , , , , , , , 
20.3123077, 0.0978561, , , , , , , 20.3123077, 0.1085985, , , , , , , 20.3123077, -0.0454871, , , , , , , 20.3123077, -0.0569009, , , , , , , , , , , , , , , , , , , , , , , , , , , , 
20.3128269, 0.0965133, , , , , , , 20.3128269, 0.085771, , , , , , , 20.3128269, -0.0396124, , , , , , , 20.3128269, -0.054551, , , , , , , , , , , , , , , , , , , , , , , , , , , , 
20.3133462, 0.100206, , , , , , , 20.3133462, 0.0669718, , , , , , , 20.3133462, -0.0256809, , , , , , , 20.3133462, -0.0485084, , , , , , , , , , , , , , , , , , , , , , , , , , , , 
20.3138654, 0.102388, , , , , , , 20.3138654, 0.0654612, , , , , , , 20.3138654, 0.0011749, , , , , , , 20.3138654, -0.0399481, , , , , , , , , , , , , , , , , , , , , , , , , , , , 
20.3143846, 0.0998703, , , , , , , 20.3143846, 0.0629435, , , , , , , 20.3143846, 0.0552224, , , , , , , 20.3143846, -0.0293736, , , , , , , , , , , , , , , , , , , , , , , , , , , , 
20.3149038, 0.0923171, , , , , , , 20.3149038, 0.0186313, , , , , , , 20.3149038, 0.1119554, , , , , , , 20.3149038, -0.0184634, , , , , , , , , , , , , , , , , , , , , , , , , , , , 
20.3154231, 0.0822461, , , , , , , 20.3154231, -0.0391089, , , , , , , 20.3154231, 0.1257191, , , , , , , 20.3154231, -0.0068818, , , , , , , , , , , , , , , , , , , , , , , , , , , , 
20.3159423, 0.0703288, , , , , , , 20.3159423, -0.0558938, , , , , , , 20.3159423, 0.1005417, , , , , , , 20.3159423, 0.0030213, , , , , , , , , , , , , , , , , , , , , , , , , , , , 
20.3164615, 0.0565652, , , , , , , 20.3164615, -0.0404517, , , , , , , 20.3164615, 0.0834211, , , , , , , 20.3164615, 0.0082246, , , , , , , , , , , , , , , , , , , , , , , , , , , , 
20.3169808, 0.0464942, , , , , , , 20.3169808, -0.0240024, , , , , , , 20.3169808, 0.0897993, , , , , , , 20.3169808, 0.0132601, , , , , , , , , , , , , , , , , , , , , , , , , , , , 
20.3175, 0.0374304, , , , , , , 20.3175, 0.0028534, , , , , , , 20.3175, 0.0877852, , , , , , , 20.3175, 0.0216526, , , , , , , , , , , , , , , , , , , , , , , , , , , , 
20.3180192, 0.0251774, , , , , , , 20.3180192, 0.0184634, , , , , , , 20.3180192, 0.0555581, , , , , , , 20.3180192, 0.0310521, , , , , , , , , , , , , , , , , , , , , , , , , , , , 
20.3185385, 0.0095674, , , , , , , 20.3185385, -0.0109102, , , , , , , 20.3185385, 0.0085603, , , , , , , 20.3185385, 0.0382696, , , , , , , , , , , , , , , , , , , , , , , , , , , , 
20.3190577, -0.0068818, , , , , , , 20.3190577, -0.061265, , , , , , , 20.3190577, -0.0384375, , , , , , , 20.3190577, 0.0407874, , , , , , , , , , , , , , , , , , , , , , , , , , , , 
20.3195769, -0.0213169, , , , , , , 20.3195769, -0.0938277, , , , , , , 20.3195769, -0.0713359, , , , , , , 20.3195769, 0.0407874, , , , , , , , , , , , , , , , , , , , , , , , , , , , 
20.3200962, -0.0293736, , , , , , , 20.3200962, -0.0988632, , , , , , , 20.3200962, -0.0730144, , , , , , , 20.3200962, 0.0428016, , , , , , , , , , , , , , , , , , , , , , , , , , , , 
20.3206154, -0.0283665, , , , , , , 20.3206154, -0.0847639, , , , , , , 20.3206154, -0.0562295, , , , , , , 20.3206154, 0.040116, , , , , , , , , , , , , , , , , , , , , , , , , , , , 
20.3211346, -0.0223239, , , , , , , 20.3211346, -0.0605936, , , , , , , 20.3211346, -0.0538796, , , , , , , 20.3211346, 0.0290379, , , , , , , , , , , , , , , , , , , , , , , , , , , , 
20.3216538, -0.0206455, , , , , , , 20.3216538, -0.0387732, , , , , , , 20.3216538, -0.0730144, , , , , , , 20.3216538, 0.0169528, , , , , , , , , , , , , , , , , , , , , , , , , , , , 
20.3221731, -0.021149, , , , , , , 20.3221731, -0.027863, , , , , , , 20.3221731, -0.0904707, , , , , , , 20.3221731, 0.0095674, , , , , , , , , , , , , , , , , , , , , , , , , , , , 
20.3226923, -0.0176242, , , , , , , 20.3226923, -0.0196384, , , , , , , 20.3226923, -0.0908064, , , , , , , 20.3226923, 0.0048676, , , , , , , , , , , , , , , , , , , , , , , , , , , , 
20.3232115, -0.0072175, , , , , , , 20.3232115, -0.0109102, , , , , , , 20.3232115, -0.0787213, , , , , , , 20.3232115, 0.0043641, , , , , , , , , , , , , , , , , , , , , , , , , , , , 
20.3237308, -0.0016785, , , , , , , 20.3237308, -0.0152743, , , , , , , 20.3237308, -0.0629435, , , , , , , 20.3237308, 0.0038605, , , , , , , , , , , , , , , , , , , , , , , , , , , , 
20.32425, -0.0046998, , , , , , , 20.32425, -0.0290379, , , , , , , 20.32425, -0.0535439, , , , , , , 20.32425, -0.0001678, , , , , , , , , , , , , , , , , , , , , , , , , , , , 
20.3247692, -0.0052033, , , , , , , 20.3247692, -0.0293736, , , , , , , 20.3247692, -0.0453193, , , , , , , 20.3247692, -0.0041962, , , , , , , , , , , , , , , , , , , , , , , , , , , , 
20.3252885, 0.0011749, , , , , , , 20.3252885, -0.0129244, , , , , , , 20.3252885, -0.0305486, , , , , , , 20.3252885, -0.0058747, , , , , , , , , , , , , , , , , , , , , , , , , , , , 
20.3258077, 0.0011749, , , , , , , 20.3258077, 0.0243381, , , , , , , 20.3258077, -0.0068818, , , , , , , 20.3258077, -0.0036927, , , , , , , , , , , , , , , , , , , , , , , , , , , , 
20.3263269, -0.0036927, , , , , , , 20.3263269, 0.0693217, , , , , , , 20.3263269, 0.0146029, , , , , , , 20.3263269, 0.0038605, , , , , , , , , , , , , , , , , , , , , , , , , , , , 
20.3268462, -0.0058747, , , , , , , 20.3268462, 0.1005417, , , , , , , 20.3268462, 0.01561, , , , , , , 20.3268462, 0.012253, , , , , , , , , , , , , , , , , , , , , , , , , , , , 
20.3273654, -0.008896, , , , , , , 20.3273654, 0.0991989, , , , , , , 20.3273654, 0.0008392, , , , , , , 20.3273654, 0.0213169, , , , , , , , , , , , , , , , , , , , , , , , , , , , 
20.3278846, -0.014435, , , , , , , 20.3278846, 0.0663005, , , , , , , 20.3278846, -0.0142672, , , , , , , 20.3278846, 0.033402, , , , , , , , , , , , , , , , , , , , , , , , , , , , 
20.3284038, -0.0229953, , , , , , , 20.3284038, 0.0209812, , , , , , , 20.3284038, -0.0221561, , , , , , , 20.3284038, 0.043473, , , , , , , , , , , , , , , , , , , , , , , , , , , , 
20.3289231, -0.026688, , , , , , , 20.3289231, -0.0146029, , , , , , , 20.3289231, -0.0219883, , , , , , , 20.3289231, 0.0515297, , , , , , , , , , , , , , , , , , , , , , , , , , , , 
20.3294423, -0.0256809, , , , , , , 20.3294423, -0.0406195, , , , , , , 20.3294423, -0.0159457, , , , , , , 20.3294423, 0.0575723, , , , , , , , , , , , , , , , , , , , , , , , , , , , 
20.3299615, -0.0203098, , , , , , , 20.3299615, -0.0686503, , , , , , , 20.3299615, -0.0083925, , , , , , , 20.3299615, 0.0548867, , , , , , , , , , , , , , , , , , , , , , , , , , , , 
20.3304808, -0.0102388, , , , , , , 20.3304808, -0.0956741, , , , , , , 20.3304808, -0.0011749, , , , , , , 20.3304808, 0.0414588, , , , , , , , , , , , , , , , , , , , , , , , , , , , 
20.331, -0.0003357, , , , , , , 20.331, -0.1062486, , , , , , , 20.331, 0.0045319, , , , , , , 20.331, 0.0253452, , , , , , , , , , , , , , , , , , , , , , , , , , , , 
20.3315192, 0.0072175, , , , , , , 20.3315192, -0.0911421, , , , , , , 20.3315192, 0.0092317, , , , , , , 20.3315192, 0.0105745, , , , , , , , , , , , , , , , , , , , , , , , , , , , 
20.3320385, 0.0146029, , , , , , , 20.3320385, -0.0726787, , , , , , , 20.3320385, 0.0124208, , , , , , , 20.3320385, -0.0016785, , , , , , , , , , , , , , , , , , , , , , , , , , , , 
20.3325577, 0.0240024, , , , , , , 20.3325577, -0.0629435, , , , , , , 20.3325577, 0.0109102, , , , , , , 20.3325577, -0.0142672, , , , , , , , , , , , , , , , , , , , , , , , , , , , 
20.3330769, 0.0307164, , , , , , , 20.3330769, -0.0525368, , , , , , , 20.3330769, 0.0058747, , , , , , , 20.3330769, -0.023331, , , , , , , , , , , , , , , , , , , , , , , , , , , , 
20.3335962, 0.0307164, , , , , , , 20.3335962, -0.0396124, , , , , , , 20.3335962, 0.0011749, , , , , , , 20.3335962, -0.0270237, , , , , , , , , , , , , , , , , , , , , , , , , , , , 
20.3341154, 0.0263523, , , , , , , 20.3341154, -0.01561, , , , , , , 20.3341154, -0.0015106, , , , , , , 20.3341154, -0.0263523, , , , , , , , , , , , , , , , , , , , , , , , , , , , 
20.3346346, 0.0246738, , , , , , , 20.3346346, 0.030045, , , , , , , 20.3346346, -0.0018463, , , , , , , 20.3346346, -0.0213169, , , , , , , , , , , , , , , , , , , , , , , , , , , , 
20.3351538, 0.0273594, , , , , , , 20.3351538, 0.0656291, , , , , , , 20.3351538, 0.0085603, , , , , , , 20.3351538, -0.01561, , , , , , , , , , , , , , , , , , , , , , , , , , , , 
20.3356731, 0.0271916, , , , , , , 20.3356731, 0.0451514, , , , , , , 20.3356731, 0.0256809, , , , , , , 20.3356731, -0.0129244, , , , , , , , , , , , , , , , , , , , , , , , , , , , 
20.3361923, 0.017792, , , , , , , 20.3361923, -0.0176242, , , , , , , 20.3361923, 0.0318914, , , , , , , 20.3361923, -0.0109102, , , , , , , , , , , , , , , , , , , , , , , , , , , , 
20.3367115, 0.0092317, , , , , , , 20.3367115, -0.0639506, , , , , , , 20.3367115, 0.0364233, , , , , , , 20.3367115, -0.0028534, , , , , , , , , , , , , , , , , , , , , , , , , , , , 
20.3372308, 0.0078889, , , , , , , 20.3372308, -0.0847639, , , , , , , 20.3372308, 0.0374304, , , , , , , 20.3372308, 0.0092317, , , , , , , , , , , , , , , , , , , , , , , , , , , , 
20.33775, 0.0046998, , , , , , , 20.33775, -0.0609293, , , , , , , 20.33775, 0.0038605, , , , , , , 20.33775, 0.0199741, , , , , , , , , , , , , , , , , , , , , , , , , , , , 
20.3382692, -0.0092317, , , , , , , 20.3382692, -0.0035248, , , , , , , 20.3382692, -0.0585794, , , , , , , 20.3382692, 0.027863, , , , , , , , , , , , , , , , , , , , , , , , , , , , 
20.3387885, -0.0256809, , , , , , , 20.3387885, 0.0441444, , , , , , , 20.3387885, -0.1038987, , , , , , , 20.3387885, 0.0303807, , , , , , , , , , , , , , , , , , , , , , , , , , , , 
20.3393077, -0.0387732, , , , , , , 20.3393077, 0.0763714, , , , , , , 20.3393077, -0.10692, , , , , , , 20.3393077, 0.033402, , , , , , , , , , , , , , , , , , , , , , , , , , , , 
20.3398269, -0.047837, , , , , , , 20.3398269, 0.0884565, , , , , , , 20.3398269, -0.0760357, , , , , , , 20.3398269, 0.0360876, , , , , , , , , , , , , , , , , , , , , , , , , , , , 
20.3403462, -0.0500191, , , , , , , 20.3403462, 0.0713359, , , , , , , 20.3403462, -0.0317235, , , , , , , 20.3403462, 0.0317235, , , , , , , , , , , , , , , , , , , , , , , , , , , , 
20.3408654, -0.0453193, , , , , , , 20.3408654, 0.0357519, , , , , , , 20.3408654, 0.0193027, , , , , , , 20.3408654, 0.0199741, , , , , , , , , , , , , , , , , , , , , , , , , , , , 
20.3413846, -0.0360876, , , , , , , 20.3413846, 0.0164492, , , , , , , 20.3413846, 0.0609293, , , , , , , 20.3413846, 0.0092317, , , , , , , , , , , , , , , , , , , , , , , , , , , , 
20.3419038, -0.0229953, , , , , , , 20.3419038, 0.0234989, , , , , , , 20.3419038, 0.0856031, , , , , , , 20.3419038, 0.0005035, , , , , , , , , , , , , , , , , , , , , , , , , , , , 
20.3424231, -0.0109102, , , , , , , 20.3424231, 0.0360876, , , , , , , 20.3424231, 0.0970169, , , , , , , 20.3424231, -0.0048676, , , , , , , , , , , , , , , , , , , , , , , , , , , , 
20.3429423, -0.0010071, , , , , , , 20.3429423, 0.0149386, , , , , , , 20.3429423, 0.0958419, , , , , , , 20.3429423, -0.0099031, , , , , , , , , , , , , , , , , , , , , , , , , , , , 
20.3434615, 0.0058747, , , , , , , 20.3434615, -0.0451514, , , , , , , 20.3434615, 0.0837568, , , , , , , 20.3434615, -0.0115816, , , , , , , , , , , , , , , , , , , , , , , , , , , , 
20.3439808, 0.0085603, , , , , , , 20.3439808, -0.1075914, , , , , , , 20.3439808, 0.0673075, , , , , , , 20.3439808, -0.0095674, , , , , , , , , , , , , , , , , , , , , , , , , , , , 
20.3445, 0.0090639, , , , , , , 20.3445, -0.1401541, , , , , , , 20.3445, 0.047837, , , , , , , 20.3445, -0.0077211, , , , , , , , , , , , , , , , , , , , , , , , , , , , 
20.3450192, 0.0146029, , , , , , , 20.3450192, -0.1441825, , , , , , , 20.3450192, 0.0260166, , , , , , , 20.3450192, -0.0078889, , , , , , , , , , , , , , , , , , , , , , , , , , , , 
20.3455385, 0.0154421, , , , , , , 20.3455385, -0.1438468, , , , , , , 20.3455385, 0.0090639, , , , , , , 20.3455385, -0.0063783, , , , , , , , , , , , , , , , , , , , , , , , , , , , 
20.3460577, 0.0112459, , , , , , , 20.3460577, -0.13579, , , , , , , 20.3460577, 0.0043641, , , , , , , 20.3460577, -0.0038605, , , , , , , , , , , , , , , , , , , , , , , , , , , , 
20.3465769, 0.0132601, , , , , , , 20.3465769, -0.0928206, , , , , , , 20.3465769, 0.0112459, , , , , , , 20.3465769, 0.0048676, , , , , , , , , , , , , , , , , , , , , , , , , , , , 
20.3470962, 0.0164492, , , , , , , 20.3470962, -0.0391089, , , , , , , 20.3470962, 0.0256809, , , , , , , 20.3470962, 0.0209812, , , , , , , , , , , , , , , , , , , , , , , , , , , , 
20.3476154, 0.0191348, , , , , , , 20.3476154, -0.0162814, , , , , , , 20.3476154, 0.0414588, , , , , , , 20.3476154, 0.0344091, , , , , , , , , , , , , , , , , , , , , , , , , , , , 
20.3481346, 0.0223239, , , , , , , 20.3481346, -0.0109102, , , , , , , 20.3481346, 0.0441444, , , , , , , 20.3481346, 0.0394446, , , , , , , , , , , , , , , , , , , , , , , , , , , , 
20.3486538, 0.023331, , , , , , , 20.3486538, -0.0020142, , , , , , , 20.3486538, 0.0354162, , , , , , , 20.3486538, 0.0396124, , , , , , , , , , , , , , , , , , , , , , , , , , , , 
20.3491731, 0.0250095, , , , , , , 20.3491731, 0.0052033, , , , , , , 20.3491731, 0.026688, , , , , , , 20.3491731, 0.0360876, , , , , , , , , , , , , , , , , , , , , , , , , , , , 
20.3496923, 0.0258488, , , , , , , 20.3496923, 0.0139315, , , , , , , 20.3496923, 0.01561, , , , , , , 20.3496923, 0.0297093, , , , , , , , , , , , , , , , , , , , , , , , , , , , 
20.3502115, 0.03122, , , , , , , 20.3502115, 0.033402, , , , , , , 20.3502115, -0.005539, , , , , , , 20.3502115, 0.0199741, , , , , , , , , , , , , , , , , , , , , , , , , , , , 
20.3507308, 0.0448157, , , , , , , 20.3507308, 0.0522011, , , , , , , 20.3507308, -0.0297093, , , , , , , 20.3507308, 0.0102388, , , , , , , , , , , , , , , , , , , , , , , , , , , , 
20.35125, 0.0589151, , , , , , , 20.35125, 0.0555581, , , , , , , 20.35125, -0.0488441, , , , , , , 20.35125, 0.0008392, , , , , , , , , , , , , , , , , , , , , , , , , , , , 
20.3517692, 0.0683146, , , , , , , 20.3517692, 0.0528725, , , , , , , 20.3517692, -0.0619364, , , , , , , 20.3517692, -0.0075532, , , , , , , , , , , , , , , , , , , , , , , , , , , , 
20.3522885, 0.0733501, , , , , , , 20.3522885, 0.0575723, , , , , , , 20.3522885, -0.0706645, , , , , , , 20.3522885, -0.0169528, , , , , , , , , , , , , , , , , , , , , , , , , , , , 
20.3528077, 0.0736858, , , , , , , 20.3528077, 0.0558938, , , , , , , 20.3528077, -0.0760357, , , , , , , 20.3528077, -0.0246738, , , , , , , , , , , , , , , , , , , , , , , , , , , , 
20.3533269, 0.0720073, , , , , , , 20.3533269, 0.0481727, , , , , , , 20.3533269, -0.0773785, , , , , , , 20.3533269, -0.0273594, , , , , , , , , , , , , , , , , , , , , , , , , , , , 
20.3538462, 0.0669718, , , , , , , 20.3538462, 0.0535439, , , , , , , 20.3538462, -0.0720073, , , , , , , 20.3538462, -0.0256809, , , , , , , , , , , , , , , , , , , , , , , , , , , , 
20.3543654, 0.056733, , , , , , , 20.3543654, 0.0673075, , , , , , , 20.3543654, -0.0599222, , , , , , , 20.3543654, -0.0243381, , , , , , , , , , , , , , , , , , , , , , , , , , , , 
20.3548846, 0.0441444, , , , , , , 20.3548846, 0.0629435, , , , , , , 20.3548846, -0.0528725, , , , , , , 20.3548846, -0.023331, , , , , , , , , , , , , , , , , , , , , , , , , , , , 
20.3554038, 0.0332341, , , , , , , 20.3554038, 0.0317235, , , , , , , 20.3554038, -0.0558938, , , , , , , 20.3554038, -0.0198062, , , , , , , , , , , , , , , , , , , , , , , , , , , , 
20.3559231, 0.0209812, , , , , , , 20.3559231, -0.0068818, , , , , , , 20.3559231, -0.0565652, , , , , , , 20.3559231, -0.0109102, , , , , , , , , , , , , , , , , , , , , , , , , , , , 
20.3564423, 0.0102388, , , , , , , 20.3564423, -0.0193027, , , , , , , 20.3564423, -0.051194, , , , , , , 20.3564423, -0.0015106, , , , , , , , , , , , , , , , , , , , , , , , , , , , 
20.3569615, 0.0001678, , , , , , , 20.3569615, -0.0095674, , , , , , , 20.3569615, -0.0471656, , , , , , , 20.3569615, 0.0099031, , , , , , , , , , , , , , , , , , , , , , , , , , , , 
20.3574808, -0.0062104, , , , , , , 20.3574808, 0.0119173, , , , , , , 20.3574808, -0.047837, , , , , , , 20.3574808, 0.0209812, , , , , , , , , , , , , , , , , , , , , , , , , , , , 
20.358, -0.0149386, , , , , , , 20.358, 0.0320592, , , , , , , 20.358, -0.0464942, , , , , , , 20.358, 0.0320592, , , , , , , , , , , , , , , , , , , , , , , , , , , , 
20.3585192, -0.0256809, , , , , , , 20.3585192, 0.0199741, , , , , , , 20.3585192, -0.0357519, , , , , , , 20.3585192, 0.0441444, , , , , , , , , , , , , , , , , , , , , , , , , , , , 
20.3590385, -0.0330663, , , , , , , 20.3590385, -0.01561, , , , , , , 20.3590385, -0.0243381, , , , , , , 20.3590385, 0.057908, , , , , , , , , , , , , , , , , , , , , , , , , , , , 
20.3595577, -0.0337377, , , , , , , 20.3595577, -0.03122, , , , , , , 20.3595577, -0.0142672, , , , , , , 20.3595577, 0.072343, , , , , , , , , , , , , , , , , , , , , , , , , , , , 
20.3600769, -0.0332341, , , , , , , 20.3600769, -0.0193027, , , , , , , 20.3600769, 0.0045319, , , , , , , 20.3600769, 0.082414, , , , , , , , , , , , , , , , , , , , , , , , , , , , 
20.3605962, -0.0303807, , , , , , , 20.3605962, -0.0152743, , , , , , , 20.3605962, 0.0293736, , , , , , , 20.3605962, 0.0871138, , , , , , , , , , , , , , , , , , , , , , , , , , , , 
20.3611154, -0.0203098, , , , , , , 20.3611154, -0.0364233, , , , , , , 20.3611154, 0.0481727, , , , , , , 20.3611154, 0.0850996, , , , , , , , , , , , , , , , , , , , , , , , , , , , 
20.3616346, -0.0109102, , , , , , , 20.3616346, -0.0542153, , , , , , , 20.3616346, 0.0527047, , , , , , , 20.3616346, 0.0810712, , , , , , , , , , , , , , , , , , , , , , , , , , , , 
20.3621538, -0.0078889, , , , , , , 20.3621538, -0.0481727, , , , , , , 20.3621538, 0.0411231, , , , , , , 20.3621538, 0.0733501, , , , , , , , , , , , , , , , , , , , , , , , , , , , 
20.3626731, -0.0099031, , , , , , , 20.3626731, -0.0488441, , , , , , , 20.3626731, 0.0219883, , , , , , , 20.3626731, 0.0621042, , , , , , , , , , , , , , , , , , , , , , , , , , , , 
20.3631923, -0.0062104, , , , , , , 20.3631923, -0.0582437, , , , , , , 20.3631923, 0.0062104, , , , , , , 20.3631923, 0.047837, , , , , , , , , , , , , , , , , , , , , , , , , , , , 
20.3637115, 0.0031891, , , , , , , 20.3637115, -0.0471656, , , , , , , 20.3637115, -0.0068818, , , , , , , 20.3637115, 0.033402, , , , , , , , , , , , , , , , , , , , , , , , , , , , 
20.3642308, 0.0097353, , , , , , , 20.3642308, 0.0196384, , , , , , , 20.3642308, -0.0208133, , , , , , , 20.3642308, 0.0206455, , , , , , , , , , , , , , , , , , , , , , , , , , , , 
20.36475, 0.0139315, , , , , , , 20.36475, 0.0914778, , , , , , , 20.36475, -0.0330663, , , , , , , 20.36475, 0.0119173, , , , , , , , , , , , , , , , , , , , , , , , , , , , 
20.3652692, 0.0199741, , , , , , , 20.3652692, 0.1119554, , , , , , , 20.3652692, -0.0337377, , , , , , , 20.3652692, 0.0041962, , , , , , , , , , , , , , , , , , , , , , , , , , , , 
20.3657885, 0.0280308, , , , , , , 20.3657885, 0.1089342, , , , , , , 20.3657885, -0.0203098, , , , , , , 20.3657885, -0.0065461, , , , , , , , , , , , , , , , , , , , , , , , , , , , 
20.3663077, 0.0283665, , , , , , , 20.3663077, 0.1096056, , , , , , , 20.3663077, -0.0057069, , , , , , , 20.3663077, -0.0171206, , , , , , , , , , , , , , , , , , , , , , , , , , , , 
20.3668269, 0.0253452, , , , , , , 20.3668269, 0.1015488, , , , , , , 20.3668269, 0.012253, , , , , , , 20.3668269, -0.0231632, , , , , , , , , , , , , , , , , , , , , , , , , , , , 
20.3673462, 0.0283665, , , , , , , 20.3673462, 0.0773785, , , , , , , 20.3673462, 0.0313878, , , , , , , 20.3673462, -0.0265202, , , , , , , , , , , , , , , , , , , , , , , , , , , , 
20.3678654, 0.0387732, , , , , , , 20.3678654, 0.0370947, , , , , , , 20.3678654, 0.0468299, , , , , , , 20.3678654, -0.0290379, , , , , , , , , , , , , , , , , , , , , , , , , , , , 
20.3683846, 0.047837, , , , , , , 20.3683846, -0.018967, , , , , , , 20.3683846, 0.0481727, , , , , , , 20.3683846, -0.0310521, , , , , , , , , , , , , , , , , , , , , , , , , , , , 
20.3689038, 0.0515297, , , , , , , 20.3689038, -0.076875, , , , , , , 20.3689038, 0.0292058, , , , , , , 20.3689038, -0.033402, , , , , , , , , , , , , , , , , , , , , , , , , , , , 
20.3694231, 0.0508583, , , , , , , 20.3694231, -0.1237049, , , , , , , 20.3694231, -0.0005035, , , , , , , 20.3694231, -0.0364233, , , , , , , , , , , , , , , , , , , , , , , , , , , , 
20.3699423, 0.0506905, , , , , , , 20.3699423, -0.1592889, , , , , , , 20.3699423, -0.0258488, , , , , , , 20.3699423, -0.0387732, , , , , , , , , , , , , , , , , , , , , , , , , , , , 
20.3704615, 0.0599222, , , , , , , 20.3704615, -0.178088, , , , , , , 20.3704615, -0.0441444, , , , , , , 20.3704615, -0.0438087, , , , , , , , , , , , , , , , , , , , , , , , , , , , 
20.3709808, 0.0730144, , , , , , , 20.3709808, -0.1512322, , , , , , , 20.3709808, -0.0632792, , , , , , , 20.3709808, -0.047837, , , , , , , , , , , , , , , , , , , , , , , , , , , , 
20.3715, 0.0773785, , , , , , , 20.3715, -0.0981918, , , , , , , 20.3715, -0.0827497, , , , , , , 20.3715, -0.0448157, , , , , , , , , , , , , , , , , , , , , , , , , , , , 
20.3720192, 0.0743572, , , , , , , 20.3720192, -0.0636149, , , , , , , 20.3720192, -0.0963455, , , , , , , 20.3720192, -0.0354162, , , , , , , , , , , , , , , , , , , , , , , , , , , , 
20.3725385, 0.0713359, , , , , , , 20.3725385, -0.0468299, , , , , , , 20.3725385, -0.1072557, , , , , , , 20.3725385, -0.0256809, , , , , , , , , , , , , , , , , , , , , , , , , , , , 
20.3730577, 0.0683146, , , , , , , 20.3730577, -0.026688, , , , , , , 20.3730577, -0.1183337, , , , , , , 20.3730577, -0.0152743, , , , , , , , , , , , , , , , , , , , , , , , , , , , 
20.3735769, 0.0641184, , , , , , , 20.3735769, -0.0219883, , , , , , , 20.3735769, -0.1243763, , , , , , , 20.3735769, -0.005539, , , , , , , , , , , , , , , , , , , , , , , , , , , , 
20.3740962, 0.0574044, , , , , , , 20.3740962, -0.0176242, , , , , , , 20.3740962, -0.115816, , , , , , , 20.3740962, 0.0045319, , , , , , , , , , , , , , , , , , , , , , , , , , , , 
20.3746154, 0.0513619, , , , , , , 20.3746154, 0.0139315, , , , , , , 20.3746154, -0.0887922, , , , , , , 20.3746154, 0.0142672, , , , , , , , , , , , , , , , , , , , , , , , , , , , 
20.3751346, 0.0466621, , , , , , , 20.3751346, 0.0407874, , , , , , , 20.3751346, -0.0542153, , , , , , , 20.3751346, 0.0226596, , , , , , , , , , , , , , , , , , , , , , , , , , , , 
20.3756538, 0.0421302, , , , , , , 20.3756538, 0.0305486, , , , , , , 20.3756538, -0.0256809, , , , , , , 20.3756538, 0.0273594, , , , , , , , , , , , , , , , , , , , , , , , , , , , 
20.3761731, 0.0364233, , , , , , , 20.3761731, 0.0015106, , , , , , , 20.3761731, -0.0139315, , , , , , , 20.3761731, 0.0307164, , , , , , , , , , , , , , , , , , , , , , , , , , , , 
20.3766923, 0.0280308, , , , , , , 20.3766923, -0.0162814, , , , , , , 20.3766923, -0.0256809, , , , , , , 20.3766923, 0.040116, , , , , , , , , , , , , , , , , , , , , , , , , , , , 
20.3772115, 0.0209812, , , , , , , 20.3772115, -0.005539, , , , , , , 20.3772115, -0.0485084, , , , , , , 20.3772115, 0.0548867, , , , , , , , , , , , , , , , , , , , , , , , , , , , 
20.3777308, 0.011078, , , , , , , 20.3777308, 0.0280308, , , , , , , 20.3777308, -0.0493477, , , , , , , 20.3777308, 0.0696574, , , , , , , , , , , , , , , , , , , , , , , , , , , , 
20.37825, 0.0035248, , , , , , , 20.37825, 0.0265202, , , , , , , 20.37825, -0.0276951, , , , , , , 20.37825, 0.0817426, , , , , , , , , , , , , , , , , , , , , , , , , , , , 
20.3787692, 0.002182, , , , , , , 20.3787692, -0.0028534, , , , , , , 20.3787692, -0.0041962, , , , , , , 20.3787692, 0.087953, , , , , , , , , , , , , , , , , , , , , , , , , , , , 
20.3792885, -0.0011749, , , , , , , 20.3792885, -0.0137636, , , , , , , 20.3792885, 0.0387732, , , , , , , 20.3792885, 0.0928206, , , , , , , , , , , , , , , , , , , , , , , , , , , , 
20.3798077, -0.014435, , , , , , , 20.3798077, 0.0008392, , , , , , , 20.3798077, 0.1065843, , , , , , , 20.3798077, 0.0975204, , , , , , , , , , , , , , , , , , , , , , , , , , , , 
20.3803269, -0.0250095, , , , , , , 20.3803269, 0.0182956, , , , , , , 20.3803269, 0.1304189, , , , , , , 20.3803269, 0.0924849, , , , , , , , , , , , , , , , , , , , , , , , , , , , 
20.3808462, -0.0243381, , , , , , , 20.3808462, 0.0231632, , , , , , , 20.3808462, 0.0897993, , , , , , , 20.3808462, 0.0741894, , , , , , , , , , , , , , , , , , , , , , , , , , , , 
20.3813654, -0.0152743, , , , , , , 20.3813654, 0.0149386, , , , , , , 20.3813654, 0.0344091, , , , , , , 20.3813654, 0.0525368, , , , , , , , , , , , , , , , , , , , , , , , , , , , 
20.3818846, -0.005539, , , , , , , 20.3818846, 0.0166171, , , , , , , 20.3818846, 0.0008392, , , , , , , 20.3818846, 0.0377661, , , , , , , , , , , , , , , , , , , , , , , , , , , , 
20.3824038, -0.0001678, , , , , , , 20.3824038, 0.0426337, , , , , , , 20.3824038, -0.0092317, , , , , , , 20.3824038, 0.0265202, , , , , , , , , , , , , , , , , , , , , , , , , , , , 
20.3829231, 0.0010071, , , , , , , 20.3829231, 0.0518654, , , , , , , 20.3829231, -0.0068818, , , , , , , 20.3829231, 0.0146029, , , , , , , , , , , , , , , , , , , , , , , , , , , , 
20.3834423, -0.0005035, , , , , , , 20.3834423, 0.0072175, , , , , , , 20.3834423, 0.0058747, , , , , , , 20.3834423, 0.0045319, , , , , , , , , , , , , , , , , , , , , , , , , , , , 
20.3839615, -0.0043641, , , , , , , 20.3839615, -0.0540475, , , , , , , 20.3839615, 0.0166171, , , , , , , 20.3839615, -0.0028534, , , , , , , , , , , , , , , , , , , , , , , , , , , , 
20.3844808, -0.0090639, , , , , , , 20.3844808, -0.0679789, , , , , , , 20.3844808, 0.0146029, , , , , , , 20.3844808, -0.0068818, , , , , , , , , , , , , , , , , , , , , , , , , , , , 
20.385, -0.0115816, , , , , , , 20.385, -0.0406195, , , , , , , 20.385, 0.0058747, , , , , , , 20.385, -0.0052033, , , , , , , , , , , , , , , , , , , , , , , , , , , , 
20.3855192, -0.0125887, , , , , , , 20.3855192, -0.0283665, , , , , , , 20.3855192, 0.0001678, , , , , , , 20.3855192, 0.0031891, , , , , , , , , , , , , , , , , , , , , , , , , , , , 
20.3860385, -0.0139315, , , , , , , 20.3860385, -0.0421302, , , , , , , 20.3860385, 0.0031891, , , , , , , 20.3860385, 0.0159457, , , , , , , , , , , , , , , , , , , , , , , , , , , , 
20.3865577, -0.0169528, , , , , , , 20.3865577, -0.0508583, , , , , , , 20.3865577, 0.0213169, , , , , , , 20.3865577, 0.0347448, , , , , , , , , , , , , , , , , , , , , , , , , , , , 
20.3870769, -0.018967, , , , , , , 20.3870769, -0.0553902, , , , , , , 20.3870769, 0.051194, , , , , , , 20.3870769, 0.0508583, , , , , , , , , , , , , , , , , , , , , , , , , , , , 
20.3875962, -0.0182956, , , , , , , 20.3875962, -0.0589151, , , , , , , 20.3875962, 0.0730144, , , , , , , 20.3875962, 0.0533761, , , , , , , , , , , , , , , , , , , , , , , , , , , , 
20.3881154, -0.0176242, , , , , , , 20.3881154, -0.0535439, , , , , , , 20.3881154, 0.0757, , , , , , , 20.3881154, 0.0441444, , , , , , , , , , , , , , , , , , , , , , , , , , , , 
20.3886346, -0.0186313, , , , , , , 20.3886346, -0.0399481, , , , , , , 20.3886346, 0.0642863, , , , , , , 20.3886346, 0.0320592, , , , , , , , , , , , , , , , , , , , , , , , , , , , 
20.3891538, -0.0176242, , , , , , , 20.3891538, -0.0243381, , , , , , , 20.3891538, 0.0518654, , , , , , , 20.3891538, 0.0226596, , , , , , , , , , , , , , , , , , , , , , , , , , , , 
20.3896731, -0.0142672, , , , , , , 20.3896731, -0.0102388, , , , , , , 20.3896731, 0.0428016, , , , , , , 20.3896731, 0.0139315, , , , , , , , , , , , , , , , , , , , , , , , , , , , 
20.3901923, -0.0072175, , , , , , , 20.3901923, -0.0003357, , , , , , , 20.3901923, 0.0448157, , , , , , , 20.3901923, -0.0006714, , , , , , , , , , , , , , , , , , , , , , , , , , , , 
20.3907115, 0.0070497, , , , , , , 20.3907115, 0.0008392, , , , , , , 20.3907115, 0.0562295, , , , , , , 20.3907115, -0.0186313, , , , , , , , , , , , , , , , , , , , , , , , , , , , 
20.3912308, 0.0184634, , , , , , , 20.3912308, 0.0025177, , , , , , , 20.3912308, 0.0569009, , , , , , , 20.3912308, -0.0317235, , , , , , , , , , , , , , , , , , , , , , , , , , , , 
20.39175, 0.0206455, , , , , , , 20.39175, 0.0152743, , , , , , , 20.39175, 0.0506905, , , , , , , 20.39175, -0.0407874, , , , , , , , , , , , , , , , , , , , , , , , , , , , 
20.3922692, 0.0273594, , , , , , , 20.3922692, 0.0337377, , , , , , , 20.3922692, 0.0495155, , , , , , , 20.3922692, -0.0491798, , , , , , , , , , , , , , , , , , , , , , , , , , , , 
20.3927885, 0.0411231, , , , , , , 20.3927885, 0.0459907, , , , , , , 20.3927885, 0.054551, , , , , , , 20.3927885, -0.057908, , , , , , , , , , , , , , , , , , , , , , , , , , , , 
20.3933077, 0.0485084, , , , , , , 20.3933077, 0.0548867, , , , , , , 20.3933077, 0.0616007, , , , , , , 20.3933077, -0.0592508, , , , , , , , , , , , , , , , , , , , , , , , , , , , 
20.3938269, 0.0555581, , , , , , , 20.3938269, 0.0656291, , , , , , , 20.3938269, 0.0602579, , , , , , , 20.3938269, -0.0555581, , , , , , , , , , , , , , , , , , , , , , , , , , , , 
20.3943462, 0.0609293, , , , , , , 20.3943462, 0.0699931, , , , , , , 20.3943462, 0.0424659, , , , , , , 20.3943462, -0.0488441, , , , , , , , , , , , , , , , , , , , , , , , , , , , 
20.3948654, 0.0622721, , , , , , , 20.3948654, 0.047837, , , , , , , 20.3948654, 0.0129244, , , , , , , 20.3948654, -0.0391089, , , , , , , , , , , , , , , , , , , , , , , , , , , , 
20.3953846, 0.0616007, , , , , , , 20.3953846, 0.0025177, , , , , , , 20.3953846, -0.0146029, , , , , , , 20.3953846, -0.0285344, , , , , , , , , , , , , , , , , , , , , , , , , , , , 
20.3959038, 0.0553902, , , , , , , 20.3959038, -0.0290379, , , , , , , 20.3959038, -0.0374304, , , , , , , 20.3959038, -0.0223239, , , , , , , , , , , , , , , , , , , , , , , , , , , , 
20.3964231, 0.0424659, , , , , , , 20.3964231, -0.0350805, , , , , , , 20.3964231, -0.057908, , , , , , , 20.3964231, -0.0149386, , , , , , , , , , , , , , , , , , , , , , , , , , , , 
20.3969423, 0.0213169, , , , , , , 20.3969423, -0.0431373, , , , , , , 20.3969423, -0.0780499, , , , , , , 20.3969423, -0.0015106, , , , , , , , , , , , , , , , , , , , , , , , , , , , 
20.3974615, 0.0003357, , , , , , , 20.3974615, -0.0673075, , , , , , , 20.3974615, -0.0928206, , , , , , , 20.3974615, 0.0159457, , , , , , , , , , , , , , , , , , , , , , , , , , , , 
20.3979808, -0.0149386, , , , , , , 20.3979808, -0.0733501, , , , , , , 20.3979808, -0.1017166, , , , , , , 20.3979808, 0.0330663, , , , , , , , , , , , , , , , , , , , , , , , , , , , 
20.3985, -0.0253452, , , , , , , 20.3985, -0.0327306, , , , , , , 20.3985, -0.1082628, , , , , , , 20.3985, 0.0480049, , , , , , , , , , , , , , , , , , , , , , , , , , , , 
20.3990192, -0.0360876, , , , , , , 20.3990192, 0.0011749, , , , , , , 20.3990192, -0.1109483, , , , , , , 20.3990192, 0.0582437, , , , , , , , , , , , , , , , , , , , , , , , , , , , 
20.3995385, -0.0424659, , , , , , , 20.3995385, -0.0109102, , , , , , , 20.3995385, -0.1106126, , , , , , , 20.3995385, 0.0639506, , , , , , , , , , , , , , , , , , , , , , , , , , , , 
20.4000577, -0.0394446, , , , , , , 20.4000577, -0.018967, , , , , , , 20.4000577, -0.1082628, , , , , , , 20.4000577, 0.0629435, , , , , , , , , , , , , , , , , , , , , , , , , , , , 
20.4005769, -0.0276951, , , , , , , 20.4005769, -0.0008392, , , , , , , 20.4005769, -0.0995346, , , , , , , 20.4005769, 0.0528725, , , , , , , , , , , , , , , , , , , , , , , , , , , , 
20.4010962, -0.0149386, , , , , , , 20.4010962, 0.0152743, , , , , , , 20.4010962, -0.0829175, , , , , , , 20.4010962, 0.0381018, , , , , , , , , , , , , , , , , , , , , , , , , , , , 
20.4016154, -0.0045319, , , , , , , 20.4016154, 0.01561, , , , , , , 20.4016154, -0.064622, , , , , , , 20.4016154, 0.0292058, , , , , , , , , , , , , , , , , , , , , , , , , , , , 
20.4021346, 0.0031891, , , , , , , 20.4021346, 0.0092317, , , , , , , 20.4021346, -0.0520333, , , , , , , 20.4021346, 0.0280308, , , , , , , , , , , , , , , , , , , , , , , , , , , , 
20.4026538, 0.0078889, , , , , , , 20.4026538, 0.0025177, , , , , , , 20.4026538, -0.0453193, , , , , , , 20.4026538, 0.0313878, , , , , , , , , , , , , , , , , , , , , , , , , , , , 
20.4031731, 0.0105745, , , , , , , 20.4031731, -0.0035248, , , , , , , 20.4031731, -0.0428016, , , , , , , 20.4031731, 0.0391089, , , , , , , , , , , , , , , , , , , , , , , , , , , , 
20.4036923, 0.0102388, , , , , , , 20.4036923, -0.0095674, , , , , , , 20.4036923, -0.0431373, , , , , , , 20.4036923, 0.0473335, , , , , , , , , , , , , , , , , , , , , , , , , , , , 
20.4042115, 0.0105745, , , , , , , 20.4042115, -0.0139315, , , , , , , 20.4042115, -0.0433051, , , , , , , 20.4042115, 0.0495155, , , , , , , , , , , , , , , , , , , , , , , , , , , , 
20.4047308, 0.0124208, , , , , , , 20.4047308, -0.0058747, , , , , , , 20.4047308, -0.0370947, , , , , , , 20.4047308, 0.0461585, , , , , , , , , , , , , , , , , , , , , , , , , , , , 
20.40525, 0.0162814, , , , , , , 20.40525, 0.0172885, , , , , , , 20.40525, -0.0240024, , , , , , , 20.40525, 0.0431373, , , , , , , , , , , , , , , , , , , , , , , , , , , , 
20.4057692, 0.0169528, , , , , , , 20.4057692, 0.0287022, , , , , , , 20.4057692, -0.0090639, , , , , , , 20.4057692, 0.040116, , , , , , , , , , , , , , , , , , , , , , , , , , , , 
20.4062885, 0.0132601, , , , , , , 20.4062885, 0.0330663, , , , , , , 20.4062885, 0.0018463, , , , , , , 20.4062885, 0.0327306, , , , , , , , , , , , , , , , , , , , , , , , , , , , 
20.4068077, 0.0052033, , , , , , , 20.4068077, 0.0386053, , , , , , , 20.4068077, 0.0078889, , , , , , , 20.4068077, 0.0236667, , , , , , , , , , , , , , , , , , , , , , , , , , , , 
20.4073269, -0.0008392, , , , , , , 20.4073269, 0.0360876, , , , , , , 20.4073269, 0.008896, , , , , , , 20.4073269, 0.014435, , , , , , , , , , , , , , , , , , , , , , , , , , , , 
20.4078462, -0.0058747, , , , , , , 20.4078462, 0.0320592, , , , , , , 20.4078462, 0.0062104, , , , , , , 20.4078462, 0.0062104, , , , , , , , , , , , , , , , , , , , , , , , , , , , 
20.4083654, -0.0115816, , , , , , , 20.4083654, 0.0347448, , , , , , , 20.4083654, -0.0001678, , , , , , , 20.4083654, -0.002182, , , , , , , , , , , , , , , , , , , , , , , , , , , , 
20.4088846, -0.01561, , , , , , , 20.4088846, 0.0622721, , , , , , , 20.4088846, -0.0038605, , , , , , , 20.4088846, -0.0085603, , , , , , , , , , , , , , , , , , , , , , , , , , , , 
20.4094038, -0.0105745, , , , , , , 20.4094038, 0.1351186, , , , , , , 20.4094038, 0.0078889, , , , , , , 20.4094038, -0.012253, , , , , , , , , , , , , , , , , , , , , , , , , , , , 
20.4099231, -0.0005035, , , , , , , 20.4099231, 0.1965515, , , , , , , 20.4099231, 0.0374304, , , , , , , 20.4099231, -0.0169528, , , , , , , , , , , , , , , , , , , , , , , , , , , , 
20.4104423, 0.0112459, , , , , , , 20.4104423, 0.1695277, , , , , , , 20.4104423, 0.057908, , , , , , , 20.4104423, -0.0290379, , , , , , , , , , , , , , , , , , , , , , , , , , , , 
20.4109615, 0.0273594, , , , , , , 20.4109615, 0.0693217, , , , , , , 20.4109615, 0.0528725, , , , , , , 20.4109615, -0.0428016, , , , , , , , , , , , , , , , , , , , , , , , , , , , 
20.4114808, 0.0374304, , , , , , , 20.4114808, -0.0448157, , , , , , , 20.4114808, 0.030045, , , , , , , 20.4114808, -0.0493477, , , , , , , , , , , , , , , , , , , , , , , , , , , , 
20.412, 0.0461585, , , , , , , 20.412, -0.1257191, , , , , , , 20.412, 0.005539, , , , , , , 20.412, -0.0505226, , , , , , , , , , , , , , , , , , , , , , , , , , , , 
20.4125192, 0.0614328, , , , , , , 20.4125192, -0.1512322, , , , , , , 20.4125192, -0.0090639, , , , , , , 20.4125192, -0.047837, , , , , , , , , , , , , , , , , , , , , , , , , , , , 
20.4130385, 0.0827497, , , , , , , 20.4130385, -0.1448539, , , , , , , 20.4130385, -0.0149386, , , , , , , 20.4130385, -0.0417945, , , , , , , , , , , , , , , , , , , , , , , , , , , , 
20.4135577, 0.0991989, , , , , , , 20.4135577, -0.181445, , , , , , , 20.4135577, -0.0182956, , , , , , , 20.4135577, -0.0350805, , , , , , , , , , , , , , , , , , , , , , , , , , , , 
20.4140769, 0.1010452, , , , , , , 20.4140769, -0.2447242, , , , , , , 20.4140769, -0.0229953, , , , , , , 20.4140769, -0.0290379, , , , , , , , , , , , , , , , , , , , , , , , , , , , 
20.4145962, 0.0877852, , , , , , , 20.4145962, -0.2415351, , , , , , , 20.4145962, -0.0246738, , , , , , , 20.4145962, -0.0169528, , , , , , , , , , , , , , , , , , , , , , , , , , , , 
20.4151154, 0.0736858, , , , , , , 20.4151154, -0.1629816, , , , , , , 20.4151154, -0.0229953, , , , , , , 20.4151154, -0.0062104, , , , , , , , , , , , , , , , , , , , , , , , , , , , 
20.4156346, 0.064622, , , , , , , 20.4156346, -0.0720073, , , , , , , 20.4156346, -0.0209812, , , , , , , 20.4156346, 0.0005035, , , , , , , , , , , , , , , , , , , , , , , , , , , , 
20.4161538, 0.0515297, , , , , , , 20.4161538, -0.0015106, , , , , , , 20.4161538, -0.0191348, , , , , , , 20.4161538, 0.0085603, , , , , , , , , , , , , , , , , , , , , , , , , , , , 
20.4166731, 0.0354162, , , , , , , 20.4166731, 0.0216526, , , , , , , 20.4166731, -0.0169528, , , , , , , 20.4166731, 0.0209812, , , , , , , , , , , , , , , , , , , , , , , , , , , , 
20.4171923, 0.018967, , , , , , , 20.4171923, -0.002182, , , , , , , 20.4171923, -0.0142672, , , , , , , 20.4171923, 0.0347448, , , , , , , , , , , , , , , , , , , , , , , , , , , , 
20.4177115, -0.0038605, , , , , , , 20.4177115, -0.0485084, , , , , , , 20.4177115, -0.01561, , , , , , , 20.4177115, 0.0481727, , , , , , , , , , , , , , , , , , , , , , , , , , , , 
20.4182308, -0.0273594, , , , , , , 20.4182308, -0.0908064, , , , , , , 20.4182308, -0.0149386, , , , , , , 20.4182308, 0.061265, , , , , , , , , , , , , , , , , , , , , , , , , , , , 
20.41875, -0.0417945, , , , , , , 20.41875, -0.0971847, , , , , , , 20.41875, -0.0102388, , , , , , , 20.41875, 0.072343, , , , , , , , , , , , , , , , , , , , , , , , , , , , 
20.4192692, -0.0448157, , , , , , , 20.4192692, -0.0762036, , , , , , , 20.4192692, 0.0099031, , , , , , , 20.4192692, 0.0787213, , , , , , , , , , , , , , , , , , , , , , , , , , , , 
20.4197885, -0.04448, , , , , , , 20.4197885, -0.0488441, , , , , , , 20.4197885, 0.0387732, , , , , , , 20.4197885, 0.0837568, , , , , , , , , , , , , , , , , , , , , , , , , , , , 
20.4203077, -0.047837, , , , , , , 20.4203077, -0.0041962, , , , , , , 20.4203077, 0.0666361, , , , , , , 20.4203077, 0.0830854, , , , , , , , , , , , , , , , , , , , , , , , , , , , 
20.4208269, -0.0488441, , , , , , , 20.4208269, 0.0377661, , , , , , , 20.4208269, 0.0881209, , , , , , , 20.4208269, 0.0720073, , , , , , , , , , , , , , , , , , , , , , , , , , , , 
20.4213462, -0.0431373, , , , , , , 20.4213462, 0.0652934, , , , , , , 20.4213462, 0.1089342, , , , , , , 20.4213462, 0.0535439, , , , , , , , , , , , , , , , , , , , , , , , , , , , 
20.4218654, -0.0372625, , , , , , , 20.4218654, 0.0780499, , , , , , , 20.4218654, 0.1143053, , , , , , , 20.4218654, 0.0377661, , , , , , , , , , , , , , , , , , , , , , , , , , , , 
20.4223846, -0.0337377, , , , , , , 20.4223846, 0.082414, , , , , , , 20.4223846, 0.0961776, , , , , , , 20.4223846, 0.0250095, , , , , , , , , , , , , , , , , , , , , , , , , , , , 
20.4229038, -0.0327306, , , , , , , 20.4229038, 0.0746929, , , , , , , 20.4229038, 0.0656291, , , , , , , 20.4229038, 0.0125887, , , , , , , , , , , , , , , , , , , , , , , , , , , , 
20.4234231, -0.0256809, , , , , , , 20.4234231, 0.0414588, , , , , , , 20.4234231, 0.030045, , , , , , , 20.4234231, 0.0018463, , , , , , , , , , , , , , , , , , , , , , , , , , , , 
20.4239423, -0.012253, , , , , , , 20.4239423, 0.0010071, , , , , , , 20.4239423, -0.0031891, , , , , , , 20.4239423, -0.0025177, , , , , , , , , , , , , , , , , , , , , , , , , , , , 
20.4244615, -0.0041962, , , , , , , 20.4244615, -0.017792, , , , , , , 20.4244615, -0.0236667, , , , , , , 20.4244615, -0.005539, , , , , , , , , , , , , , , , , , , , , , , , , , , , 
20.4249808, -0.0018463, , , , , , , 20.4249808, -0.0119173, , , , , , , 20.4249808, -0.0219883, , , , , , , 20.4249808, -0.0099031, , , , , , , , , , , , , , , , , , , , , , , , , , , , 
20.4255, 0.0018463, , , , , , , 20.4255, 0.0031891, , , , , , , 20.4255, 0.0072175, , , , , , , 20.4255, -0.011078, , , , , , , , , , , , , , , , , , , , , , , , , , , , 
20.4260192, 0.0038605, , , , , , , 20.4260192, 0.0159457, , , , , , , 20.4260192, 0.0602579, , , , , , , 20.4260192, -0.0117494, , , , , , , , , , , , , , , , , , , , , , , , , , , , 
20.4265385, 0.0065461, , , , , , , 20.4265385, 0.0382696, , , , , , , 20.4265385, 0.0951705, , , , , , , 20.4265385, -0.0119173, , , , , , , , , , , , , , , , , , , , , , , , , , , , 
20.4270577, 0.0129244, , , , , , , 20.4270577, 0.0629435, , , , , , , 20.4270577, 0.0760357, , , , , , , 20.4270577, -0.0157778, , , , , , , , , , , , , , , , , , , , , , , , , , , , 
20.4275769, 0.023331, , , , , , , 20.4275769, 0.0639506, , , , , , , 20.4275769, 0.0193027, , , , , , , 20.4275769, -0.0191348, , , , , , , , , , , , , , , , , , , , , , , , , , , , 
20.4280962, 0.0307164, , , , , , , 20.4280962, 0.0463264, , , , , , , 20.4280962, -0.0310521, , , , , , , 20.4280962, -0.0182956, , , , , , , , , , , , , , , , , , , , , , , , , , , , 
20.4286154, 0.0280308, , , , , , , 20.4286154, 0.0357519, , , , , , , 20.4286154, -0.0589151, , , , , , , 20.4286154, -0.0146029, , , , , , , , , , , , , , , , , , , , , , , , , , , , 
20.4291346, 0.0260166, , , , , , , 20.4291346, 0.0344091, , , , , , , 20.4291346, -0.0767071, , , , , , , 20.4291346, -0.0095674, , , , , , , , , , , , , , , , , , , , , , , , , , , , 
20.4296538, 0.0307164, , , , , , , 20.4296538, 0.0125887, , , , , , , 20.4296538, -0.0928206, , , , , , , 20.4296538, -0.0075532, , , , , , , , , , , , , , , , , , , , , , , , , , , , 
20.4301731, 0.0384375, , , , , , , 20.4301731, -0.0159457, , , , , , , 20.4301731, -0.1109483, , , , , , , 20.4301731, -0.0115816, , , , , , , , , , , , , , , , , , , , , , , , , , , , 
20.4306923, 0.0481727, , , , , , , 20.4306923, -0.0151064, , , , , , , 20.4306923, -0.1290761, , , , , , , 20.4306923, -0.0213169, , , , , , , , , , , , , , , , , , , , , , , , , , , , 
20.4312115, 0.0629435, , , , , , , 20.4312115, 0.0031891, , , , , , , 20.4312115, -0.1398184, , , , , , , 20.4312115, -0.0240024, , , , , , , , , , , , , , , , , , , , , , , , , , , , 
20.4317308, 0.0830854, , , , , , , 20.4317308, 0.0283665, , , , , , , 20.4317308, -0.1418326, , , , , , , 20.4317308, -0.0172885, , , , , , , , , , , , , , , , , , , , , , , , , , , , 
20.43225, 0.0958419, , , , , , , 20.43225, 0.0374304, , , , , , , 20.43225, -0.1398184, , , , , , , 20.43225, -0.0109102, , , , , , , , , , , , , , , , , , , , , , , , , , , , 
20.4327692, 0.102388, , , , , , , 20.4327692, 0.0099031, , , , , , , 20.4327692, -0.1307546, , , , , , , 20.4327692, -0.0082246, , , , , , , , , , , , , , , , , , , , , , , , , , , , 
20.4332885, 0.1065843, , , , , , , 20.4332885, -0.0439765, , , , , , , 20.4332885, -0.1149767, , , , , , , 20.4332885, -0.0043641, , , , , , , , , , , , , , , , , , , , , , , , , , , , 
20.4338077, 0.1005417, , , , , , , 20.4338077, -0.0971847, , , , , , , 20.4338077, -0.0958419, , , , , , , 20.4338077, 0.0038605, , , , , , , , , , , , , , , , , , , , , , , , , , , , 
20.4343269, 0.090135, , , , , , , 20.4343269, -0.1351186, , , , , , , 20.4343269, -0.0733501, , , , , , , 20.4343269, 0.0172885, , , , , , , , , , , , , , , , , , , , , , , , , , , , 
20.4348462, 0.0763714, , , , , , , 20.4348462, -0.1379721, , , , , , , 20.4348462, -0.0495155, , , , , , , 20.4348462, 0.0347448, , , , , , , , , , , , , , , , , , , , , , , , , , , , 
20.4353654, 0.057908, , , , , , , 20.4353654, -0.1109483, , , , , , , 20.4353654, -0.0287022, , , , , , , 20.4353654, 0.0468299, , , , , , , , , , , , , , , , , , , , , , , , , , , , 
20.4358846, 0.0421302, , , , , , , 20.4358846, -0.0763714, , , , , , , 20.4358846, -0.0129244, , , , , , , 20.4358846, 0.0481727, , , , , , , , , , , , , , , , , , , , , , , , , , , , 
20.4364038, 0.0276951, , , , , , , 20.4364038, -0.0464942, , , , , , , 20.4364038, -0.0035248, , , , , , , 20.4364038, 0.04448, , , , , , , , , , , , , , , , , , , , , , , , , , , , 
20.4369231, 0.0085603, , , , , , , 20.4369231, -0.0250095, , , , , , , 20.4369231, 0.0011749, , , , , , , 20.4369231, 0.0428016, , , , , , , , , , , , , , , , , , , , , , , , , , , , 
20.4374423, -0.0062104, , , , , , , 20.4374423, -0.0095674, , , , , , , 20.4374423, 0.0078889, , , , , , , 20.4374423, 0.0454871, , , , , , , , , , , , , , , , , , , , , , , , , , , , 
20.4379615, -0.0152743, , , , , , , 20.4379615, 0.0070497, , , , , , , 20.4379615, 0.0199741, , , , , , , 20.4379615, 0.0508583, , , , , , , , , , , , , , , , , , , , , , , , , , , , 
20.4384808, -0.0238346, , , , , , , 20.4384808, 0.0260166, , , , , , , 20.4384808, 0.0256809, , , , , , , 20.4384808, 0.0562295, , , , , , , , , , , , , , , , , , , , , , , , , , , , 
20.439, -0.0318914, , , , , , , 20.439, 0.0421302, , , , , , , 20.439, 0.018967, , , , , , , 20.439, 0.0629435, , , , , , , , , , , , , , , , , , , , , , , , , , , , 
20.4395192, -0.0394446, , , , , , , 20.4395192, 0.0542153, , , , , , , 20.4395192, 0.0102388, , , , , , , 20.4395192, 0.0710002, , , , , , , , , , , , , , , , , , , , , , , , , , , , 
20.4400385, -0.0428016, , , , , , , 20.4400385, 0.0592508, , , , , , , 20.4400385, 0.0065461, , , , , , , 20.4400385, 0.0696574, , , , , , , , , , , , , , , , , , , , , , , , , , , , 
20.4405577, -0.0337377, , , , , , , 20.4405577, 0.0574044, , , , , , , 20.4405577, 0.0041962, , , , , , , 20.4405577, 0.0548867, , , , , , , , , , , , , , , , , , , , , , , , , , , , 
20.4410769, -0.0162814, , , , , , , 20.4410769, 0.0522011, , , , , , , 20.4410769, 0.0052033, , , , , , , 20.4410769, 0.0377661, , , , , , , , , , , , , , , , , , , , , , , , , , , , 
20.4415962, -0.0057069, , , , , , , 20.4415962, 0.0464942, , , , , , , 20.4415962, 0.0193027, , , , , , , 20.4415962, 0.0283665, , , , , , , , , , , , , , , , , , , , , , , , , , , , 
20.4421154, -0.0058747, , , , , , , 20.4421154, 0.0307164, , , , , , , 20.4421154, 0.0473335, , , , , , , 20.4421154, 0.0240024, , , , , , , , , , , , , , , , , , , , , , , , , , , , 
20.4426346, -0.0010071, , , , , , , 20.4426346, 0.0058747, , , , , , , 20.4426346, 0.0666361, , , , , , , 20.4426346, 0.0199741, , , , , , , , , , , , , , , , , , , , , , , , , , , , 
20.4431538, 0.0078889, , , , , , , 20.4431538, -0.0065461, , , , , , , 20.4431538, 0.0589151, , , , , , , 20.4431538, 0.0130922, , , , , , , , , , , , , , , , , , , , , , , , , , , , 
20.4436731, 0.0125887, , , , , , , 20.4436731, 0.0162814, , , , , , , 20.4436731, 0.0485084, , , , , , , 20.4436731, 0.0068818, , , , , , , , , , , , , , , , , , , , , , , , , , , , 
20.4441923, 0.0139315, , , , , , , 20.4441923, 0.0562295, , , , , , , 20.4441923, 0.0506905, , , , , , , 20.4441923, -0.0005035, , , , , , , , , , , , , , , , , , , , , , , , , , , , 
20.4447115, 0.01561, , , , , , , 20.4447115, 0.0775463, , , , , , , 20.4447115, 0.0575723, , , , , , , 20.4447115, -0.0092317, , , , , , , , , , , , , , , , , , , , , , , , , , , , 
20.4452308, 0.0172885, , , , , , , 20.4452308, 0.0629435, , , , , , , 20.4452308, 0.0777142, , , , , , , 20.4452308, -0.0169528, , , , , , , , , , , , , , , , , , , , , , , , , , , , 
20.44575, 0.0172885, , , , , , , 20.44575, 0.0209812, , , , , , , 20.44575, 0.1079271, , , , , , , 20.44575, -0.0218204, , , , , , , , , , , , , , , , , , , , , , , , , , , , 
20.4462692, 0.0172885, , , , , , , 20.4462692, -0.005539, , , , , , , 20.4462692, 0.1159838, , , , , , , 20.4462692, -0.0223239, , , , , , , , , , , , , , , , , , , , , , , , , , , , 
20.4467885, 0.0251774, , , , , , , 20.4467885, -0.0058747, , , , , , , 20.4467885, 0.0921492, , , , , , , 20.4467885, -0.0179599, , , , , , , , , , , , , , , , , , , , , , , , , , , , 
20.4473077, 0.0285344, , , , , , , 20.4473077, 0.0045319, , , , , , , 20.4473077, 0.0572366, , , , , , , 20.4473077, -0.0085603, , , , , , , , , , , , , , , , , , , , , , , , , , , , 
20.4478269, 0.0276951, , , , , , , 20.4478269, 0.0139315, , , , , , , 20.4478269, 0.0253452, , , , , , , 20.4478269, 0.0005035, , , , , , , , , , , , , , , , , , , , , , , , , , , , 
20.4483462, 0.0287022, , , , , , , 20.4483462, 0.0132601, , , , , , , 20.4483462, -0.0062104, , , , , , , 20.4483462, 0.0035248, , , , , , , , , , , , , , , , , , , , , , , , , , , , 
20.4488654, 0.0344091, , , , , , , 20.4488654, 0.0105745, , , , , , , 20.4488654, -0.0350805, , , , , , , 20.4488654, 0.0058747, , , , , , , , , , , , , , , , , , , , , , , , , , , , 
20.4493846, 0.0384375, , , , , , , 20.4493846, 0.0151064, , , , , , , 20.4493846, -0.0565652, , , , , , , 20.4493846, 0.0048676, , , , , , , , , , , , , , , , , , , , , , , , , , , , 
20.4499038, 0.0407874, , , , , , , 20.4499038, -0.0028534, , , , , , , 20.4499038, -0.0699931, , , , , , , 20.4499038, -0.0036927, , , , , , , , , , , , , , , , , , , , , , , , , , , , 
20.4504231, 0.0488441, , , , , , , 20.4504231, -0.0475013, , , , , , , 20.4504231, -0.0765393, , , , , , , 20.4504231, -0.0162814, , , , , , , , , , , , , , , , , , , , , , , , , , , , 
20.4509423, 0.0575723, , , , , , , 20.4509423, -0.0777142, , , , , , , 20.4509423, -0.0770428, , , , , , , 20.4509423, -0.0260166, , , , , , , , , , , , , , , , , , , , , , , , , , , , 
20.4514615, 0.0652934, , , , , , , 20.4514615, -0.0753643, , , , , , , 20.4514615, -0.0706645, , , , , , , 20.4514615, -0.0313878, , , , , , , , , , , , , , , , , , , , , , , , , , , , 
20.4519808, 0.0706645, , , , , , , 20.4519808, -0.0807355, , , , , , , 20.4519808, -0.0609293, , , , , , , 20.4519808, -0.0310521, , , , , , , , , , , , , , , , , , , , , , , , , , , , 
20.4525, 0.0681468, , , , , , , 20.4525, -0.1107805, , , , , , , 20.4525, -0.0599222, , , , , , , 20.4525, -0.0271916, , , , , , , , , , , , , , , , , , , , , , , , , , , , 
20.4530192, 0.0619364, , , , , , , 20.4530192, -0.1159838, , , , , , , 20.4530192, -0.0683146, , , , , , , 20.4530192, -0.0261845, , , , , , , , , , , , , , , , , , , , , , , , , , , , 
20.4535385, 0.0553902, , , , , , , 20.4535385, -0.0817426, , , , , , , 20.4535385, -0.0619364, , , , , , , 20.4535385, -0.0287022, , , , , , , , , , , , , , , , , , , , , , , , , , , , 
20.4540577, 0.0480049, , , , , , , 20.4540577, -0.0421302, , , , , , , 20.4540577, -0.0260166, , , , , , , 20.4540577, -0.0276951, , , , , , , , , , , , , , , , , , , , , , , , , , , , 
20.4545769, 0.0379339, , , , , , , 20.4545769, -0.0203098, , , , , , , 20.4545769, 0.0065461, , , , , , , 20.4545769, -0.0179599, , , , , , , , , , , , , , , , , , , , , , , , , , , , 
20.4550962, 0.0280308, , , , , , , 20.4550962, -0.0149386, , , , , , , 20.4550962, 0.0052033, , , , , , , 20.4550962, -0.0062104, , , , , , , , , , , , , , , , , , , , , , , , , , , , 
20.4556154, 0.0182956, , , , , , , 20.4556154, -0.0095674, , , , , , , 20.4556154, -0.0256809, , , , , , , 20.4556154, 0.0018463, , , , , , , , , , , , , , , , , , , , , , , , , , , , 
20.4561346, 0.0045319, , , , , , , 20.4561346, -0.0045319, , , , , , , 20.4561346, -0.0297093, , , , , , , 20.4561346, 0.0083925, , , , , , , , , , , , , , , , , , , , , , , , , , , , 
20.4566538, -0.0142672, , , , , , , 20.4566538, -0.0095674, , , , , , , 20.4566538, 0.0082246, , , , , , , 20.4566538, 0.0159457, , , , , , , , , , , , , , , , , , , , , , , , , , , , 
20.4571731, -0.0365911, , , , , , , 20.4571731, -0.0270237, , , , , , , 20.4571731, 0.0313878, , , , , , , 20.4571731, 0.0260166, , , , , , , , , , , , , , , , , , , , , , , , , , , , 
20.4576923, -0.0592508, , , , , , , 20.4576923, -0.0411231, , , , , , , 20.4576923, 0.0171206, , , , , , , 20.4576923, 0.0344091, , , , , , , , , , , , , , , , , , , , , , , , , , , , 
20.4582115, -0.0785534, , , , , , , 20.4582115, -0.0417945, , , , , , , 20.4582115, -0.018967, , , , , , , 20.4582115, 0.0409552, , , , , , , , , , , , , , , , , , , , , , , , , , , , 
20.4587308, -0.0955062, , , , , , , 20.4587308, -0.0357519, , , , , , , 20.4587308, -0.0548867, , , , , , , 20.4587308, 0.0451514, , , , , , , , , , , , , , , , , , , , , , , , , , , , 
20.45925, -0.1062486, , , , , , , 20.45925, -0.0276951, , , , , , , 20.45925, -0.0780499, , , , , , , 20.45925, 0.047837, , , , , , , , , , , , , , , , , , , , , , , , , , , , 
20.4597692, -0.1055772, , , , , , , 20.4597692, -0.0149386, , , , , , , 20.4597692, -0.0867781, , , , , , , 20.4597692, 0.0522011, , , , , , , , , , , , , , , , , , , , , , , , , , , , 
20.4602885, -0.0955062, , , , , , , 20.4602885, -0.0025177, , , , , , , 20.4602885, -0.0827497, , , , , , , 20.4602885, 0.0491798, , , , , , , , , , , , , , , , , , , , , , , , , , , , 
20.4608077, -0.0874495, , , , , , , 20.4608077, -0.0041962, , , , , , , 20.4608077, -0.0720073, , , , , , , 20.4608077, 0.0421302, , , , , , , , , , , , , , , , , , , , , , , , , , , , 
20.4613269, -0.0793927, , , , , , , 20.4613269, -0.0204776, , , , , , , 20.4613269, -0.0642863, , , , , , , 20.4613269, 0.0370947, , , , , , , , , , , , , , , , , , , , , , , , , , , , 
20.4618462, -0.0703288, , , , , , , 20.4618462, -0.0196384, , , , , , , 20.4618462, -0.0594186, , , , , , , 20.4618462, 0.0354162, , , , , , , , , , , , , , , , , , , , , , , , , , , , 
20.4623654, -0.0642863, , , , , , , 20.4623654, -0.0125887, , , , , , , 20.4623654, -0.0505226, , , , , , , 20.4623654, 0.040116, , , , , , , , , , , , , , , , , , , , , , , , , , , , 
20.4628846, -0.0552224, , , , , , , 20.4628846, -0.0303807, , , , , , , 20.4628846, -0.0365911, , , , , , , 20.4628846, 0.051194, , , , , , , , , , , , , , , , , , , , , , , , , , , , 
20.4634038, -0.0404517, , , , , , , 20.4634038, -0.0595865, , , , , , , 20.4634038, -0.0176242, , , , , , , 20.4634038, 0.0627756, , , , , , , , , , , , , , , , , , , , , , , , , , , , 
20.4639231, -0.0256809, , , , , , , 20.4639231, -0.0574044, , , , , , , 20.4639231, 0.0035248, , , , , , , 20.4639231, 0.070161, , , , , , , , , , , , , , , , , , , , , , , , , , , , 
20.4644423, -0.0125887, , , , , , , 20.4644423, 0.0065461, , , , , , , 20.4644423, 0.0305486, , , , , , , 20.4644423, 0.0728466, , , , , , , , , , , , , , , , , , , , , , , , , , , , 
20.4649615, -0.0028534, , , , , , , 20.4649615, 0.1166552, , , , , , , 20.4649615, 0.0669718, , , , , , , 20.4649615, 0.0656291, , , , , , , , , , , , , , , , , , , , , , , , , , , , 
20.4654808, -0.0016785, , , , , , , 20.4654808, 0.1864805, , , , , , , 20.4654808, 0.0921492, , , , , , , 20.4654808, 0.0527047, , , , , , , , , , , , , , , , , , , , , , , , , , , , 
20.466, -0.0018463, , , , , , , 20.466, 0.173724, , , , , , , 20.466, 0.0929885, , , , , , , 20.466, 0.0441444, , , , , , , , , , , , , , , , , , , , , , , , , , , , 
20.4665192, 0.0006714, , , , , , , 20.4665192, 0.1220264, , , , , , , 20.4665192, 0.0743572, , , , , , , 20.4665192, 0.040116, , , , , , , , , , , , , , , , , , , , , , , , , , , , 
20.4670385, 0.0016785, , , , , , , 20.4670385, 0.0562295, , , , , , , 20.4670385, 0.0532082, , , , , , , 20.4670385, 0.0313878, , , , , , , , , , , , , , , , , , , , , , , , , , , , 
20.4675577, 0.0011749, , , , , , , 20.4675577, -0.0203098, , , , , , , 20.4675577, 0.0374304, , , , , , , 20.4675577, 0.0179599, , , , , , , , , , , , , , , , , , , , , , , , , , , , 
20.4680769, 0.0018463, , , , , , , 20.4680769, -0.0840925, , , , , , , 20.4680769, 0.0273594, , , , , , , 20.4680769, 0.0018463, , , , , , , , , , , , , , , , , , , , , , , , , , , , 
20.4685962, 0.0058747, , , , , , , 20.4685962, -0.1216907, , , , , , , 20.4685962, 0.0238346, , , , , , , 20.4685962, -0.0105745, , , , , , , , , , , , , , , , , , , , , , , , , , , , 
20.4691154, 0.0083925, , , , , , , 20.4691154, -0.1371328, , , , , , , 20.4691154, 0.0263523, , , , , , , 20.4691154, -0.0176242, , , , , , , , , , , , , , , , , , , , , , , , , , , , 
20.4696346, 0.0099031, , , , , , , 20.4696346, -0.1183337, , , , , , , 20.4696346, 0.0320592, , , , , , , 20.4696346, -0.0229953, , , , , , , , , , , , , , , , , , , , , , , , , , , , 
20.4701538, 0.0209812, , , , , , , 20.4701538, -0.0787213, , , , , , , 20.4701538, 0.0352483, , , , , , , 20.4701538, -0.0323949, , , , , , , , , , , , , , , , , , , , , , , , , , , , 
20.4706731, 0.0384375, , , , , , , 20.4706731, -0.0486763, , , , , , , 20.4706731, 0.0280308, , , , , , , 20.4706731, -0.0426337, , , , , , , , , , , , , , , , , , , , , , , , , , , , 
20.4711923, 0.0535439, , , , , , , 20.4711923, -0.0337377, , , , , , , 20.4711923, 0.0092317, , , , , , , 20.4711923, -0.0485084, , , , , , , , , , , , , , , , , , , , , , , , , , , , 
20.4717115, 0.0656291, , , , , , , 20.4717115, -0.0287022, , , , , , , 20.4717115, -0.0159457, , , , , , , 20.4717115, -0.0486763, , , , , , , , , , , , , , , , , , , , , , , , , , , , 
20.4722308, 0.0733501, , , , , , , 20.4722308, -0.0340734, , , , , , , 20.4722308, -0.0394446, , , , , , , 20.4722308, -0.047837, , , , , , , , , , , , , , , , , , , , , , , , , , , , 
20.47275, 0.0760357, , , , , , , 20.47275, -0.0377661, , , , , , , 20.47275, -0.0574044, , , , , , , 20.47275, -0.0488441, , , , , , , , , , , , , , , , , , , , , , , , , , , , 
20.4732692, 0.0780499, , , , , , , 20.4732692, -0.0310521, , , , , , , 20.4732692, -0.0674754, , , , , , , 20.4732692, -0.0498512, , , , , , , , , , , , , , , , , , , , , , , , , , , , 
20.4737885, 0.0850996, , , , , , , 20.4737885, -0.0146029, , , , , , , 20.4737885, -0.0673075, , , , , , , 20.4737885, -0.0424659, , , , , , , , , , , , , , , , , , , , , , , , , , , , 
20.4743077, 0.0783856, , , , , , , 20.4743077, 0.035584, , , , , , , 20.4743077, -0.0594186, , , , , , , 20.4743077, -0.0273594, , , , , , , , , , , , , , , , , , , , , , , , , , , , 
20.4748269, 0.0602579, , , , , , , 20.4748269, 0.0955062, , , , , , , 20.4748269, -0.0505226, , , , , , , 20.4748269, -0.0097353, , , , , , , , , , , , , , , , , , , , , , , , , , , , 
20.4753462, 0.0384375, , , , , , , 20.4753462, 0.1129625, , , , , , , 20.4753462, -0.0404517, , , , , , , 20.4753462, 0.0083925, , , , , , , , , , , , , , , , , , , , , , , , , , , , 
20.4758654, 0.0206455, , , , , , , 20.4758654, 0.0955062, , , , , , , 20.4758654, -0.0260166, , , , , , , 20.4758654, 0.0246738, , , , , , , , , , , , , , , , , , , , , , , , , , , , 
20.4763846, 0.0048676, , , , , , , 20.4763846, 0.0757, , , , , , , 20.4763846, -0.0102388, , , , , , , 20.4763846, 0.0381018, , , , , , , , , , , , , , , , , , , , , , , , , , , , 
20.4769038, -0.012253, , , , , , , 20.4769038, 0.0757, , , , , , , 20.4769038, 0.0030213, , , , , , , 20.4769038, 0.0485084, , , , , , , , , , , , , , , , , , , , , , , , , , , , 
20.4774231, -0.0303807, , , , , , , 20.4774231, 0.0924849, , , , , , , 20.4774231, 0.0213169, , , , , , , 20.4774231, 0.0558938, , , , , , , , , , , , , , , , , , , , , , , , , , , , 
20.4779423, -0.0428016, , , , , , , 20.4779423, 0.0897993, , , , , , , 20.4779423, 0.0448157, , , , , , , 20.4779423, 0.057908, , , , , , , , , , , , , , , , , , , , , , , , , , , , 
20.4784615, -0.0505226, , , , , , , 20.4784615, 0.0488441, , , , , , , 20.4784615, 0.0720073, , , , , , , 20.4784615, 0.057908, , , , , , , , , , , , , , , , , , , , , , , , , , , , 
20.4789808, -0.0580758, , , , , , , 20.4789808, -0.0290379, , , , , , , 20.4789808, 0.0970169, , , , , , , 20.4789808, 0.0553902, , , , , , , , , , , , , , , , , , , , , , , , , , , , 
20.4795, -0.0619364, , , , , , , 20.4795, -0.0985275, , , , , , , 20.4795, 0.1018845, , , , , , , 20.4795, 0.0508583, , , , , , , , , , , , , , , , , , , , , , , , , , , , 
20.4800192, -0.0555581, , , , , , , 20.4800192, -0.1185016, , , , , , , 20.4800192, 0.0891279, , , , , , , 20.4800192, 0.0438087, , , , , , , , , , , , , , , , , , , , , , , , , , , , 
20.4805385, -0.0391089, , , , , , , 20.4805385, -0.1149767, , , , , , , 20.4805385, 0.0810712, , , , , , , 20.4805385, 0.0318914, , , , , , , , , , , , , , , , , , , , , , , , , , , , 
20.4810577, -0.0209812, , , , , , , 20.4810577, -0.1075914, , , , , , , 20.4810577, 0.0704967, , , , , , , 20.4810577, 0.0171206, , , , , , , , , , , , , , , , , , , , , , , , , , , , 
20.4815769, -0.0082246, , , , , , , 20.4815769, -0.0758679, , , , , , , 20.4815769, 0.0458228, , , , , , , 20.4815769, 0.0025177, , , , , , , , , , , , , , , , , , , , , , , , , , , , 
20.4820962, -0.0025177, , , , , , , 20.4820962, -0.0151064, , , , , , , 20.4820962, 0.0159457, , , , , , , 20.4820962, -0.005539, , , , , , , , , , , , , , , , , , , , , , , , , , , , 
20.4826154, -0.0001678, , , , , , , 20.4826154, 0.033402, , , , , , , 20.4826154, -0.012253, , , , , , , 20.4826154, -0.008896, , , , , , , , , , , , , , , , , , , , , , , , , , , , 
20.4831346, 0.0025177, , , , , , , 20.4831346, 0.0352483, , , , , , , 20.4831346, -0.0364233, , , , , , , 20.4831346, -0.011078, , , , , , , , , , , , , , , , , , , , , , , , , , , , 
20.4836538, 0.0099031, , , , , , , 20.4836538, -0.0005035, , , , , , , 20.4836538, -0.0535439, , , , , , , 20.4836538, -0.0135958, , , , , , , , , , , , , , , , , , , , , , , , , , , , 
20.4841731, 0.0152743, , , , , , , 20.4841731, -0.0354162, , , , , , , 20.4841731, -0.0569009, , , , , , , 20.4841731, -0.0162814, , , , , , , , , , , , , , , , , , , , , , , , , , , , 
20.4846923, 0.0204776, , , , , , , 20.4846923, -0.0417945, , , , , , , 20.4846923, -0.0585794, , , , , , , 20.4846923, -0.0159457, , , , , , , , , , , , , , , , , , , , , , , , , , , , 
20.4852115, 0.0253452, , , , , , , 20.4852115, -0.0226596, , , , , , , 20.4852115, -0.0621042, , , , , , , 20.4852115, -0.0172885, , , , , , , , , , , , , , , , , , , , , , , , , , , , 
20.4857308, 0.0293736, , , , , , , 20.4857308, 0.0196384, , , , , , , 20.4857308, -0.0587472, , , , , , , 20.4857308, -0.0184634, , , , , , , , , , , , , , , , , , , , , , , , , , , , 
20.48625, 0.0340734, , , , , , , 20.48625, 0.070161, , , , , , , 20.48625, -0.0565652, , , , , , , 20.48625, -0.0166171, , , , , , , , , , , , , , , , , , , , , , , , , , , , 
20.4867692, 0.0407874, , , , , , , 20.4867692, 0.082414, , , , , , , 20.4867692, -0.0580758, , , , , , , 20.4867692, -0.0135958, , , , , , , , , , , , , , , , , , , , , , , , , , , , 
20.4872885, 0.0505226, , , , , , , 20.4872885, 0.0458228, , , , , , , 20.4872885, -0.0599222, , , , , , , 20.4872885, -0.0119173, , , , , , , , , , , , , , , , , , , , , , , , , , , , 
20.4878077, 0.0535439, , , , , , , 20.4878077, -0.0179599, , , , , , , 20.4878077, -0.0599222, , , , , , , 20.4878077, -0.0058747, , , , , , , , , , , , , , , , , , , , , , , , , , , , 
20.4883269, 0.0562295, , , , , , , 20.4883269, -0.079057, , , , , , , 20.4883269, -0.0589151, , , , , , , 20.4883269, 0.0087282, , , , , , , , , , , , , , , , , , , , , , , , , , , , 
20.4888462, 0.0626078, , , , , , , 20.4888462, -0.1008774, , , , , , , 20.4888462, -0.0552224, , , , , , , 20.4888462, 0.0229953, , , , , , , , , , , , , , , , , , , , , , , , , , , , 
20.4893654, 0.0699931, , , , , , , 20.4893654, -0.0889601, , , , , , , 20.4893654, -0.0505226, , , , , , , 20.4893654, 0.0303807, , , , , , , , , , , , , , , , , , , , , , , , , , , , 
20.4898846, 0.0726787, , , , , , , 20.4898846, -0.0897993, , , , , , , 20.4898846, -0.051194, , , , , , , 20.4898846, 0.0320592, , , , , , , , , , , , , , , , , , , , , , , , , , , , 
20.4904038, 0.0757, , , , , , , 20.4904038, -0.1005417, , , , , , , 20.4904038, -0.0464942, , , , , , , 20.4904038, 0.0313878, , , , , , , , , , , , , , , , , , , , , , , , , , , , 
20.4909231, 0.0820783, , , , , , , 20.4909231, -0.0783856, , , , , , , 20.4909231, -0.0391089, , , , , , , 20.4909231, 0.0283665, , , , , , , , , , , , , , , , , , , , , , , , , , , , 
20.4914423, 0.0864424, , , , , , , 20.4914423, -0.0293736, , , , , , , 20.4914423, -0.0396124, , , , , , , 20.4914423, 0.0258488, , , , , , , , , , , , , , , , , , , , , , , , , , , , 
20.4919615, 0.090135, , , , , , , 20.4919615, 0.0038605, , , , , , , 20.4919615, -0.0433051, , , , , , , 20.4919615, 0.0229953, , , , , , , , , , , , , , , , , , , , , , , , , , , , 
20.4924808, 0.0936599, , , , , , , 20.4924808, 0.0045319, , , , , , , 20.4924808, -0.04448, , , , , , , 20.4924808, 0.0182956, , , , , , , , , , , , , , , , , , , , , , , , , , , , 
20.493, 0.0971847, , , , , , , 20.493, -0.0109102, , , , , , , 20.493, -0.0394446, , , , , , , 20.493, 0.0132601, , , , , , , , , , , , , , , , , , , , , , , , , , , , 
20.4935192, 0.0958419, , , , , , , 20.4935192, -0.0226596, , , , , , , 20.4935192, -0.0263523, , , , , , , 20.4935192, 0.008896, , , , , , , , , , , , , , , , , , , , , , , , , , , , 
20.4940385, 0.0861067, , , , , , , 20.4940385, -0.0203098, , , , , , , 20.4940385, -0.0062104, , , , , , , 20.4940385, 0.0075532, , , , , , , , , , , , , , , , , , , , , , , , , , , , 
20.4945577, 0.0720073, , , , , , , 20.4945577, -0.0109102, , , , , , , 20.4945577, 0.0223239, , , , , , , 20.4945577, 0.0095674, , , , , , , , , , , , , , , , , , , , , , , , , , , , 
20.4950769, 0.0589151, , , , , , , 20.4950769, -0.0031891, , , , , , , 20.4950769, 0.0548867, , , , , , , 20.4950769, 0.0142672, , , , , , , , , , , , , , , , , , , , , , , , , , , , 
20.4955962, 0.0555581, , , , , , , 20.4955962, 0.0031891, , , , , , , 20.4955962, 0.0770428, , , , , , , 20.4955962, 0.0226596, , , , , , , , , , , , , , , , , , , , , , , , , , , , 
20.4961154, 0.0538796, , , , , , , 20.4961154, 0.0149386, , , , , , , 20.4961154, 0.0830854, , , , , , , 20.4961154, 0.0323949, , , , , , , , , , , , , , , , , , , , , , , , , , , , 
20.4966346, 0.0471656, , , , , , , 20.4966346, 0.0488441, , , , , , , 20.4966346, 0.0773785, , , , , , , 20.4966346, 0.0436408, , , , , , , , , , , , , , , , , , , , , , , , , , , , 
20.4971538, 0.0414588, , , , , , , 20.4971538, 0.0918135, , , , , , , 20.4971538, 0.0652934, , , , , , , 20.4971538, 0.0552224, , , , , , , , , , , , , , , , , , , , , , , , , , , , 
20.4976731, 0.0480049, , , , , , , 20.4976731, 0.1159838, , , , , , , 20.4976731, 0.0454871, , , , , , , 20.4976731, 0.064622, , , , , , , , , , , , , , , , , , , , , , , , , , , , 
20.4981923, 0.0587472, , , , , , , 20.4981923, 0.1122911, , , , , , , 20.4981923, 0.0238346, , , , , , , 20.4981923, 0.0703288, , , , , , , , , , , , , , , , , , , , , , , , , , , , 
20.4987115, 0.0454871, , , , , , , 20.4987115, 0.0931563, , , , , , , 20.4987115, -0.0005035, , , , , , , 20.4987115, 0.0730144, , , , , , , , , , , , , , , , , , , , , , , , , , , , 
20.4992308, 0.0152743, , , , , , , 20.4992308, 0.0696574, , , , , , , 20.4992308, -0.0253452, , , , , , , 20.4992308, 0.0726787, , , , , , , , , , , , , , , , , , , , , , , , , , , , 
20.49975, -0.0072175, , , , , , , 20.49975, 0.0384375, , , , , , , 20.49975, -0.0431373, , , , , , , 20.49975, 0.072343, , , , , , , , , , , , , , , , , , , , , , , , , , , , 
20.5002692, -0.01561, , , , , , , 20.5002692, -0.0045319, , , , , , , 20.5002692, -0.0518654, , , , , , , 20.5002692, 0.068986, , , , , , , , , , , , , , , , , , , , , , , , , , , , 
20.5007885, -0.0149386, , , , , , , 20.5007885, -0.064622, , , , , , , 20.5007885, -0.0525368, , , , , , , 20.5007885, 0.0632792, , , , , , , , , , , , , , , , , , , , , , , , , , , , 
20.5013077, -0.0157778, , , , , , , 20.5013077, -0.110277, , , , , , , 20.5013077, -0.0485084, , , , , , , 20.5013077, 0.057908, , , , , , , , , , , , , , , , , , , , , , , , , , , , 
20.5018269, -0.0176242, , , , , , , 20.5018269, -0.1169909, , , , , , , 20.5018269, -0.0464942, , , , , , , 20.5018269, 0.0562295, , , , , , , , , , , , , , , , , , , , , , , , , , , , 
20.5023462, -0.0152743, , , , , , , 20.5023462, -0.0970169, , , , , , , 20.5023462, -0.0471656, , , , , , , 20.5023462, 0.0535439, , , , , , , , , , , , , , , , , , , , , , , , , , , , 
20.5028654, -0.0151064, , , , , , , 20.5028654, -0.0652934, , , , , , , 20.5028654, -0.0468299, , , , , , , 20.5028654, 0.0454871, , , , , , , , , , , , , , , , , , , , , , , , , , , , 
20.5033846, -0.0142672, , , , , , , 20.5033846, -0.033402, , , , , , , 20.5033846, -0.0453193, , , , , , , 20.5033846, 0.0310521, , , , , , , , , , , , , , , , , , , , , , , , , , , , 
20.5039038, -0.011078, , , , , , , 20.5039038, -0.0048676, , , , , , , 20.5039038, -0.040116, , , , , , , 20.5039038, 0.0152743, , , , , , , , , , , , , , , , , , , , , , , , , , , , 
20.5044231, -0.0030213, , , , , , , 20.5044231, 0.0152743, , , , , , , 20.5044231, -0.0364233, , , , , , , 20.5044231, 0.0018463, , , , , , , , , , , , , , , , , , , , , , , , , , , , 
20.5049423, 0.0065461, , , , , , , 20.5049423, 0.0129244, , , , , , , 20.5049423, -0.0384375, , , , , , , 20.5049423, -0.0085603, , , , , , , , , , , , , , , , , , , , , , , , , , , , 
20.5054615, 0.0117494, , , , , , , 20.5054615, 0.0078889, , , , , , , 20.5054615, -0.0354162, , , , , , , 20.5054615, -0.0152743, , , , , , , , , , , , , , , , , , , , , , , , , , , , 
20.5059808, 0.0135958, , , , , , , 20.5059808, 0.0238346, , , , , , , 20.5059808, -0.026688, , , , , , , 20.5059808, -0.0182956, , , , , , , , , , , , , , , , , , , , , , , , , , , , 
20.5065, 0.0125887, , , , , , , 20.5065, 0.0464942, , , , , , , 20.5065, -0.0213169, , , , , , , 20.5065, -0.0166171, , , , , , , , , , , , , , , , , , , , , , , , , , , , 
20.5070192, 0.0075532, , , , , , , 20.5070192, 0.0515297, , , , , , , 20.5070192, -0.0229953, , , , , , , 20.5070192, -0.0152743, , , , , , , , , , , , , , , , , , , , , , , , , , , , 
20.5075385, -0.0003357, , , , , , , 20.5075385, 0.0347448, , , , , , , 20.5075385, -0.027863, , , , , , , 20.5075385, -0.0162814, , , , , , , , , , , , , , , , , , , , , , , , , , , , 
20.5080577, -0.003357, , , , , , , 20.5080577, 0.0058747, , , , , , , 20.5080577, -0.0340734, , , , , , , 20.5080577, -0.0151064, , , , , , , , , , , , , , , , , , , , , , , , , , , , 
20.5085769, -0.0115816, , , , , , , 20.5085769, -0.0236667, , , , , , , 20.5085769, -0.0364233, , , , , , , 20.5085769, -0.0135958, , , , , , , , , , , , , , , , , , , , , , , , , , , , 
20.5090962, -0.017792, , , , , , , 20.5090962, -0.0464942, , , , , , , 20.5090962, -0.0325628, , , , , , , 20.5090962, -0.0169528, , , , , , , , , , , , , , , , , , , , , , , , , , , , 
20.5096154, -0.0182956, , , , , , , 20.5096154, -0.0616007, , , , , , , 20.5096154, -0.0184634, , , , , , , 20.5096154, -0.0240024, , , , , , , , , , , , , , , , , , , , , , , , , , , , 
20.5101346, -0.01561, , , , , , , 20.5101346, -0.0532082, , , , , , , 20.5101346, -0.0078889, , , , , , , 20.5101346, -0.0327306, , , , , , , , , , , , , , , , , , , , , , , , , , , , 
20.5106538, -0.0072175, , , , , , , 20.5106538, -0.0199741, , , , , , , 20.5106538, -0.0125887, , , , , , , 20.5106538, -0.0471656, , , , , , , , , , , , , , , , , , , , , , , , , , , , 
20.5111731, -0.0018463, , , , , , , 20.5111731, 0.0209812, , , , , , , 20.5111731, -0.0270237, , , , , , , 20.5111731, -0.0622721, , , , , , , , , , , , , , , , , , , , , , , , , , , , 
20.5116923, -0.0006714, , , , , , , 20.5116923, 0.0454871, , , , , , , 20.5116923, -0.0428016, , , , , , , 20.5116923, -0.0706645, , , , , , , , , , , , , , , , , , , , , , , , , , , , 
20.5122115, 0.0025177, , , , , , , 20.5122115, 0.0448157, , , , , , , 20.5122115, -0.0538796, , , , , , , 20.5122115, -0.0699931, , , , , , , , , , , , , , , , , , , , , , , , , , , , 
20.5127308, 0.0075532, , , , , , , 20.5127308, 0.0260166, , , , , , , 20.5127308, -0.0580758, , , , , , , 20.5127308, -0.0652934, , , , , , , , , , , , , , , , , , , , , , , , , , , , 
20.51325, 0.0085603, , , , , , , 20.51325, -0.0008392, , , , , , , 20.51325, -0.0543832, , , , , , , 20.51325, -0.0572366, , , , , , , , , , , , , , , , , , , , , , , , , , , , 
20.5137692, 0.0065461, , , , , , , 20.5137692, -0.0229953, , , , , , , 20.5137692, -0.0448157, , , , , , , 20.5137692, -0.0431373, , , , , , , , , , , , , , , , , , , , , , , , , , , , 
20.5142885, 0.0062104, , , , , , , 20.5142885, -0.0364233, , , , , , , 20.5142885, -0.0297093, , , , , , , 20.5142885, -0.0303807, , , , , , , , , , , , , , , , , , , , , , , , , , , , 
20.5148077, 0.0018463, , , , , , , 20.5148077, -0.0525368, , , , , , , 20.5148077, -0.0104067, , , , , , , 20.5148077, -0.0186313, , , , , , , , , , , , , , , , , , , , , , , , , , , , 
20.5153269, -0.002182, , , , , , , 20.5153269, -0.0636149, , , , , , , 20.5153269, 0.0062104, , , , , , , 20.5153269, -0.0045319, , , , , , , , , , , , , , , , , , , , , , , , , , , , 
20.5158462, -0.0043641, , , , , , , 20.5158462, -0.0302129, , , , , , , 20.5158462, 0.0209812, , , , , , , 20.5158462, 0.008896, , , , , , , , , , , , , , , , , , , , , , , , , , , , 
20.5163654, -0.0095674, , , , , , , 20.5163654, 0.0229953, , , , , , , 20.5163654, 0.0347448, , , , , , , 20.5163654, 0.0152743, , , , , , , , , , , , , , , , , , , , , , , , , , , , 
20.5168846, -0.0218204, , , , , , , 20.5168846, 0.0374304, , , , , , , 20.5168846, 0.0495155, , , , , , , 20.5168846, 0.0186313, , , , , , , , , , , , , , , , , , , , , , , , , , , , 
20.5174038, -0.0327306, , , , , , , 20.5174038, 0.0219883, , , , , , , 20.5174038, 0.0626078, , , , , , , 20.5174038, 0.0219883, , , , , , , , , , , , , , , , , , , , , , , , , , , , 
20.5179231, -0.0412909, , , , , , , 20.5179231, 0.0152743, , , , , , , 20.5179231, 0.0703288, , , , , , , 20.5179231, 0.0261845, , , , , , , , , , , , , , , , , , , , , , , , , , , , 
20.5184423, -0.0535439, , , , , , , 20.5184423, 0.0152743, , , , , , , 20.5184423, 0.0750286, , , , , , , 20.5184423, 0.0317235, , , , , , , , , , , , , , , , , , , , , , , , , , , , 
20.5189615, -0.0642863, , , , , , , 20.5189615, -0.0073854, , , , , , , 20.5189615, 0.0797284, , , , , , , 20.5189615, 0.0381018, , , , , , , , , , , , , , , , , , , , , , , , , , , , 
20.5194808, -0.0683146, , , , , , , 20.5194808, -0.0359197, , , , , , , 20.5194808, 0.0797284, , , , , , , 20.5194808, 0.0441444, , , , , , , , , , , , , , , , , , , , , , , , , , , , 
20.52, -0.0663005, , , , , , , 20.52, -0.0438087, , , , , , , 20.52, 0.0703288, , , , , , , 20.52, 0.0480049, , , , , , , , , , , , , , , , , , , , , , , , , , , , 
20.5205192, -0.0614328, , , , , , , 20.5205192, -0.026688, , , , , , , 20.5205192, 0.0540475, , , , , , , 20.5205192, 0.0493477, , , , , , , , , , , , , , , , , , , , , , , , , , , , 
20.5210385, -0.0505226, , , , , , , 20.5210385, 0.0471656, , , , , , , 20.5210385, 0.0414588, , , , , , , 20.5210385, 0.0488441, , , , , , , , , , , , , , , , , , , , , , , , , , , , 
20.5215577, -0.0431373, , , , , , , 20.5215577, 0.1441825, , , , , , , 20.5215577, 0.0471656, , , , , , , 20.5215577, 0.0461585, , , , , , , , , , , , , , , , , , , , , , , , , , , , 
20.5220769, -0.036759, , , , , , , 20.5220769, 0.163653, , , , , , , 20.5220769, 0.0663005, , , , , , , 20.5220769, 0.042298, , , , , , , , , , , , , , , , , , , , , , , , , , , , 
20.5225962, -0.0263523, , , , , , , 20.5225962, 0.1159838, , , , , , , 20.5225962, 0.0741894, , , , , , , 20.5225962, 0.0381018, , , , , , , , , , , , , , , , , , , , , , , , , , , , 
20.5231154, -0.0166171, , , , , , , 20.5231154, 0.0589151, , , , , , , 20.5231154, 0.0647898, , , , , , , 20.5231154, 0.0320592, , , , , , , , , , , , , , , , , , , , , , , , , , , , 
20.5236346, -0.0099031, , , , , , , 20.5236346, -0.0075532, , , , , , , 20.5236346, 0.0441444, , , , , , , 20.5236346, 0.0258488, , , , , , , , , , , , , , , , , , , , , , , , , , , , 
20.5241538, -0.0006714, , , , , , , 20.5241538, -0.0948348, , , , , , , 20.5241538, 0.0119173, , , , , , , 20.5241538, 0.0186313, , , , , , , , , , , , , , , , , , , , , , , , , , , , 
20.5246731, 0.0102388, , , , , , , 20.5246731, -0.1861448, , , , , , , 20.5246731, -0.0149386, , , , , , , 20.5246731, 0.0105745, , , , , , , , , , , , , , , , , , , , , , , , , , , , 
20.5251923, 0.0191348, , , , , , , 20.5251923, -0.2319677, , , , , , , 20.5251923, -0.0172885, , , , , , , 20.5251923, 0.0048676, , , , , , , , , , , , , , , , , , , , , , , , , , , , 
20.5257115, 0.0273594, , , , , , , 20.5257115, -0.203769, , , , , , , 20.5257115, -0.0075532, , , , , , , 20.5257115, -0.0001678, , , , , , , , , , , , , , , , , , , , , , , , , , , , 
20.5262308, 0.0347448, , , , , , , 20.5262308, -0.1193408, , , , , , , 20.5262308, -0.0050355, , , , , , , 20.5262308, -0.0058747, , , , , , , , , , , , , , , , , , , , , , , , , , , , 
20.52675, 0.0428016, , , , , , , 20.52675, -0.0451514, , , , , , , 20.52675, -0.0135958, , , , , , , 20.52675, -0.0092317, , , , , , , , , , , , , , , , , , , , , , , , , , , , 
20.5272692, 0.0508583, , , , , , , 20.5272692, -0.0166171, , , , , , , 20.5272692, -0.0273594, , , , , , , 20.5272692, -0.0124208, , , , , , , , , , , , , , , , , , , , , , , , , , , , 
20.5277885, 0.0532082, , , , , , , 20.5277885, -0.0159457, , , , , , , 20.5277885, -0.0431373, , , , , , , 20.5277885, -0.0169528, , , , , , , , , , , , , , , , , , , , , , , , , , , , 
20.5283077, 0.0446479, , , , , , , 20.5283077, -0.0270237, , , , , , , 20.5283077, -0.0565652, , , , , , , 20.5283077, -0.0182956, , , , , , , , , , , , , , , , , , , , , , , , , , , , 
20.5288269, 0.0364233, , , , , , , 20.5288269, -0.0377661, , , , , , , 20.5288269, -0.0642863, , , , , , , 20.5288269, -0.0129244, , , , , , , , , , , , , , , , , , , , , , , , , , , , 
20.5293462, 0.0325628, , , , , , , 20.5293462, -0.0399481, , , , , , , 20.5293462, -0.0642863, , , , , , , 20.5293462, -0.0031891, , , , , , , , , , , , , , , , , , , , , , , , , , , , 
20.5298654, 0.0337377, , , , , , , 20.5298654, -0.0293736, , , , , , , 20.5298654, -0.0592508, , , , , , , 20.5298654, 0.0045319, , , , , , , , , , , , , , , , , , , , , , , , , , , , 
20.5303846, 0.0397803, , , , , , , 20.5303846, -0.011078, , , , , , , 20.5303846, -0.0505226, , , , , , , 20.5303846, 0.0065461, , , , , , , , , , , , , , , , , , , , , , , , , , , , 
20.5309038, 0.0468299, , , , , , , 20.5309038, 0.0065461, , , , , , , 20.5309038, -0.0354162, , , , , , , 20.5309038, 0.0077211, , , , , , , , , , , , , , , , , , , , , , , , , , , , 
20.5314231, 0.0488441, , , , , , , 20.5314231, 0.0164492, , , , , , , 20.5314231, -0.0149386, , , , , , , 20.5314231, 0.0142672, , , , , , , , , , , , , , , , , , , , , , , , , , , , 
20.5319423, 0.0475013, , , , , , , 20.5319423, 0.014435, , , , , , , 20.5319423, 0.0058747, , , , , , , 20.5319423, 0.017792, , , , , , , , , , , , , , , , , , , , , , , , , , , , 
20.5324615, 0.043473, , , , , , , 20.5324615, 0.0023499, , , , , , , 20.5324615, 0.0135958, , , , , , , 20.5324615, 0.0169528, , , , , , , , , , , , , , , , , , , , , , , , , , , , 
20.5329808, 0.0347448, , , , , , , 20.5329808, -0.002182, , , , , , , 20.5329808, 0.0130922, , , , , , , 20.5329808, 0.0125887, , , , , , , , , , , , , , , , , , , , , , , , , , , , 
20.5335, 0.0206455, , , , , , , 20.5335, 0.0186313, , , , , , , 20.5335, 0.0159457, , , , , , , 20.5335, 0.0105745, , , , , , , , , , , , , , , , , , , , , , , , , , , , 
20.5340192, 0.0045319, , , , , , , 20.5340192, 0.0515297, , , , , , , 20.5340192, 0.0159457, , , , , , , 20.5340192, 0.0169528, , , , , , , , , , , , , , , , , , , , , , , , , , , , 
20.5345385, -0.0115816, , , , , , , 20.5345385, 0.0694896, , , , , , , 20.5345385, 0.0072175, , , , , , , 20.5345385, 0.0313878, , , , , , , , , , , , , , , , , , , , , , , , , , , , 
20.5350577, -0.0263523, , , , , , , 20.5350577, 0.0572366, , , , , , , 20.5350577, -0.0041962, , , , , , , 20.5350577, 0.0458228, , , , , , , , , , , , , , , , , , , , , , , , , , , , 
20.5355769, -0.0320592, , , , , , , 20.5355769, 0.0394446, , , , , , , 20.5355769, 0.0025177, , , , , , , 20.5355769, 0.0595865, , , , , , , , , , , , , , , , , , , , , , , , , , , , 
20.5360962, -0.0340734, , , , , , , 20.5360962, 0.0320592, , , , , , , 20.5360962, 0.0152743, , , , , , , 20.5360962, 0.0696574, , , , , , , , , , , , , , , , , , , , , , , , , , , , 
20.5366154, -0.0397803, , , , , , , 20.5366154, 0.0078889, , , , , , , 20.5366154, 0.0172885, , , , , , , 20.5366154, 0.0782177, , , , , , , , , , , , , , , , , , , , , , , , , , , , 
20.5371346, -0.0475013, , , , , , , 20.5371346, -0.0458228, , , , , , , 20.5371346, 0.0083925, , , , , , , 20.5371346, 0.0810712, , , , , , , , , , , , , , , , , , , , , , , , , , , , 
20.5376538, -0.0605936, , , , , , , 20.5376538, -0.0914778, , , , , , , 20.5376538, -0.0001678, , , , , , , 20.5376538, 0.0803998, , , , , , , , , , , , , , , , , , , , , , , , , , , , 
20.5381731, -0.0693217, , , , , , , 20.5381731, -0.0844282, , , , , , , 20.5381731, 0.008896, , , , , , , 20.5381731, 0.0767071, , , , , , , , , , , , , , , , , , , , , , , , , , , , 
20.5386923, -0.0649577, , , , , , , 20.5386923, -0.0099031, , , , , , , 20.5386923, 0.0236667, , , , , , , 20.5386923, 0.068986, , , , , , , , , , , , , , , , , , , , , , , , , , , , 
20.5392115, -0.0587472, , , , , , , 20.5392115, 0.0387732, , , , , , , 20.5392115, 0.0223239, , , , , , , 20.5392115, 0.057908, , , , , , , , , , , , , , , , , , , , , , , , , , , , 
20.5397308, -0.0525368, , , , , , , 20.5397308, 0.0036927, , , , , , , 20.5397308, 0.0031891, , , , , , , 20.5397308, 0.0454871, , , , , , , , , , , , , , , , , , , , , , , , , , , , 
20.54025, -0.0377661, , , , , , , 20.54025, -0.0310521, , , , , , , 20.54025, -0.0273594, , , , , , , 20.54025, 0.033402, , , , , , , , , , , , , , , , , , , , , , , , , , , , 
20.5407692, -0.0115816, , , , , , , 20.5407692, -0.0285344, , , , , , , 20.5407692, -0.0629435, , , , , , , 20.5407692, 0.0213169, , , , , , , , , , , , , , , , , , , , , , , , , , , , 
20.5412885, 0.0152743, , , , , , , 20.5412885, -0.0518654, , , , , , , 20.5412885, -0.0990311, , , , , , , 20.5412885, 0.0132601, , , , , , , , , , , , , , , , , , , , , , , , , , , , 
20.5418077, 0.0273594, , , , , , , 20.5418077, -0.0928206, , , , , , , 20.5418077, -0.1245441, , , , , , , 20.5418077, 0.0085603, , , , , , , , , , , , , , , , , , , , , , , , , , , , 
20.5423269, 0.0307164, , , , , , , 20.5423269, -0.0928206, , , , , , , 20.5423269, -0.1305867, , , , , , , 20.5423269, 0.0035248, , , , , , , , , , , , , , , , , , , , , , , , , , , , 
20.5428462, 0.0344091, , , , , , , 20.5428462, -0.0448157, , , , , , , 20.5428462, -0.1226978, , , , , , , 20.5428462, -0.0025177, , , , , , , , , , , , , , , , , , , , , , , , , , , , 
20.5433654, 0.0446479, , , , , , , 20.5433654, 0.0142672, , , , , , , 20.5433654, -0.1089342, , , , , , , 20.5433654, -0.0085603, , , , , , , , , , , , , , , , , , , , , , , , , , , , 
20.5438846, 0.0575723, , , , , , , 20.5438846, 0.0360876, , , , , , , 20.5438846, -0.0918135, , , , , , , 20.5438846, -0.014435, , , , , , , , , , , , , , , , , , , , , , , , , , , , 
20.5444038, 0.0681468, , , , , , , 20.5444038, 0.0236667, , , , , , , 20.5444038, -0.0745251, , , , , , , 20.5444038, -0.018967, , , , , , , , , , , , , , , , , , , , , , , , , , , , 
20.5449231, 0.0757, , , , , , , 20.5449231, 0.0159457, , , , , , , 20.5449231, -0.0485084, , , , , , , 20.5449231, -0.0209812, , , , , , , , , , , , , , , , , , , , , , , , , , , , 
20.5454423, 0.0847639, , , , , , , 20.5454423, 0.0186313, , , , , , , 20.5454423, -0.0052033, , , , , , , 20.5454423, -0.0209812, , , , , , , , , , , , , , , , , , , , , , , , , , , , 
20.5459615, 0.0931563, , , , , , , 20.5459615, 0.0159457, , , , , , , 20.5459615, 0.0411231, , , , , , , 20.5459615, -0.0176242, , , , , , , , , , , , , , , , , , , , , , , , , , , , 
20.5464808, 0.0970169, , , , , , , 20.5464808, 0.0010071, , , , , , , 20.5464808, 0.0803998, , , , , , , 20.5464808, -0.0149386, , , , , , , , , , , , , , , , , , , , , , , , , , , , 
20.547, 0.0991989, , , , , , , 20.547, -0.0164492, , , , , , , 20.547, 0.1153124, , , , , , , 20.547, -0.0119173, , , , , , , , , , , , , , , , , , , , , , , , , , , , 
20.5475192, 0.0990311, , , , , , , 20.5475192, -0.0260166, , , , , , , 20.5475192, 0.1361257, , , , , , , 20.5475192, -0.010071, , , , , , , , , , , , , , , , , , , , , , , , , , , , 
20.5480385, 0.0924849, , , , , , , 20.5480385, -0.0109102, , , , , , , 20.5480385, 0.1337758, , , , , , , 20.5480385, -0.008896, , , , , , , , , , , , , , , , , , , , , , , , , , , , 
20.5485577, 0.0862745, , , , , , , 20.5485577, 0.0320592, , , , , , , 20.5485577, 0.1139696, , , , , , , 20.5485577, -0.0045319, , , , , , , , , , , , , , , , , , , , , , , , , , , , 
20.5490769, 0.0837568, , , , , , , 20.5490769, 0.0642863, , , , , , , 20.5490769, 0.0844282, , , , , , , 20.5490769, 0.002182, , , , , , , , , , , , , , , , , , , , , , , , , , , , 
20.5495962, 0.0800641, , , , , , , 20.5495962, 0.0703288, , , , , , , 20.5495962, 0.0475013, , , , , , , 20.5495962, 0.0092317, , , , , , , , , , , , , , , , , , , , , , , , , , , , 
20.5501154, 0.0800641, , , , , , , 20.5501154, 0.0599222, , , , , , , 20.5501154, 0.0132601, , , , , , , 20.5501154, 0.0142672, , , , , , , , , , , , , , , , , , , , , , , , , , , , 
20.5506346, 0.0908064, , , , , , , 20.5506346, 0.0340734, , , , , , , 20.5506346, -0.0075532, , , , , , , 20.5506346, 0.0125887, , , , , , , , , , , , , , , , , , , , , , , , , , , , 
20.5511538, 0.1012131, , , , , , , 20.5511538, 0.0052033, , , , , , , 20.5511538, -0.0109102, , , , , , , 20.5511538, 0.0065461, , , , , , , , , , , , , , , , , , , , , , , , , , , , 
20.5516731, 0.1032273, , , , , , , 20.5516731, -0.0162814, , , , , , , 20.5516731, -0.005539, , , , , , , 20.5516731, 0.0025177, , , , , , , , , , , , , , , , , , , , , , , , , , , , 
20.5521923, 0.1045701, , , , , , , 20.5521923, -0.0317235, , , , , , , 20.5521923, -0.005539, , , , , , , 20.5521923, 0.0008392, , , , , , , , , , , , , , , , , , , , , , , , , , , , 
20.5527115, 0.1032273, , , , , , , 20.5527115, -0.0481727, , , , , , , 20.5527115, -0.0146029, , , , , , , 20.5527115, 0.0010071, , , , , , , , , , , , , , , , , , , , , , , , , , , , 
20.5532308, 0.0931563, , , , , , , 20.5532308, -0.0548867, , , , , , , 20.5532308, -0.0325628, , , , , , , 20.5532308, 0.0011749, , , , , , , , , , , , , , , , , , , , , , , , , , , , 
20.55375, 0.0802319, , , , , , , 20.55375, -0.0449836, , , , , , , 20.55375, -0.0585794, , , , , , , 20.55375, 0.0018463, , , , , , , , , , , , , , , , , , , , , , , , , , , , 
20.5542692, 0.0703288, , , , , , , 20.5542692, -0.036759, , , , , , , 20.5542692, -0.0864424, , , , , , , 20.5542692, 0.0060426, , , , , , , , , , , , , , , , , , , , , , , , , , , , 
20.5547885, 0.0622721, , , , , , , 20.5547885, -0.0397803, , , , , , , 20.5547885, -0.1015488, , , , , , , 20.5547885, 0.011078, , , , , , , , , , , , , , , , , , , , , , , , , , , , 
20.5553077, 0.0493477, , , , , , , 20.5553077, -0.0446479, , , , , , , 20.5553077, -0.0948348, , , , , , , 20.5553077, 0.0151064, , , , , , , , , , , , , , , , , , , , , , , , , , , , 
20.5558269, 0.0327306, , , , , , , 20.5558269, -0.047837, , , , , , , 20.5558269, -0.0736858, , , , , , , 20.5558269, 0.017792, , , , , , , , , , , , , , , , , , , , , , , , , , , , 
20.5563462, 0.0179599, , , , , , , 20.5563462, -0.036759, , , , , , , 20.5563462, -0.0518654, , , , , , , 20.5563462, 0.0196384, , , , , , , , , , , , , , , , , , , , , , , , , , , , 
20.5568654, 0.0048676, , , , , , , 20.5568654, -0.0109102, , , , , , , 20.5568654, -0.0406195, , , , , , , 20.5568654, 0.0240024, , , , , , , , , , , , , , , , , , , , , , , , , , , , 
20.5573846, -0.0058747, , , , , , , 20.5573846, 0.0052033, , , , , , , 20.5573846, -0.0409552, , , , , , , 20.5573846, 0.0320592, , , , , , , , , , , , , , , , , , , , , , , , , , , , 
20.5579038, -0.0213169, , , , , , , 20.5579038, 0.014435, , , , , , , 20.5579038, -0.0508583, , , , , , , 20.5579038, 0.0414588, , , , , , , , , , , , , , , , , , , , , , , , , , , , 
20.5584231, -0.033402, , , , , , , 20.5584231, 0.0344091, , , , , , , 20.5584231, -0.061265, , , , , , , 20.5584231, 0.0522011, , , , , , , , , , , , , , , , , , , , , , , , , , , , 
20.5589423, -0.0287022, , , , , , , 20.5589423, 0.0619364, , , , , , , 20.5589423, -0.0659648, , , , , , , 20.5589423, 0.061265, , , , , , , , , , , , , , , , , , , , , , , , , , , , 
20.5594615, -0.0209812, , , , , , , 20.5594615, 0.0814069, , , , , , , 20.5594615, -0.064622, , , , , , , 20.5594615, 0.0669718, , , , , , , , , , , , , , , , , , , , , , , , , , , , 
20.5599808, -0.0164492, , , , , , , 20.5599808, 0.0809033, , , , , , , 20.5599808, -0.0599222, , , , , , , 20.5599808, 0.064622, , , , , , , , , , , , , , , , , , , , , , , , , , , , 
20.5605, -0.005539, , , , , , , 20.5605, 0.0652934, , , , , , , 20.5605, -0.0569009, , , , , , , 20.5605, 0.0580758, , , , , , , , , , , , , , , , , , , , , , , , , , , , 
20.5610192, 0.0135958, , , , , , , 20.5610192, 0.0515297, , , , , , , 20.5610192, -0.0580758, , , , , , , 20.5610192, 0.0468299, , , , , , , , , , , , , , , , , , , , , , , , , , , , 
20.5615385, 0.0344091, , , , , , , 20.5615385, 0.0495155, , , , , , , 20.5615385, -0.0605936, , , , , , , 20.5615385, 0.0357519, , , , , , , , , , , , , , , , , , , , , , , , , , , , 
20.5620577, 0.04448, , , , , , , 20.5620577, 0.0475013, , , , , , , 20.5620577, -0.064622, , , , , , , 20.5620577, 0.0273594, , , , , , , , , , , , , , , , , , , , , , , , , , , , 
20.5625769, 0.0475013, , , , , , , 20.5625769, 0.0518654, , , , , , , 20.5625769, -0.0686503, , , , , , , 20.5625769, 0.0199741, , , , , , , , , , , , , , , , , , , , , , , , , , , , 
20.5630962, 0.0471656, , , , , , , 20.5630962, 0.0673075, , , , , , , 20.5630962, -0.072343, , , , , , , 20.5630962, 0.0129244, , , , , , , , , , , , , , , , , , , , , , , , , , , , 
20.5636154, 0.0501869, , , , , , , 20.5636154, 0.0760357, , , , , , , 20.5636154, -0.0694896, , , , , , , 20.5636154, 0.0052033, , , , , , , , , , , , , , , , , , , , , , , , , , , , 
20.5641346, 0.0715038, , , , , , , 20.5641346, 0.0730144, , , , , , , 20.5641346, -0.0621042, , , , , , , 20.5641346, -0.0011749, , , , , , , , , , , , , , , , , , , , , , , , , , , , 
20.5646538, 0.0998703, , , , , , , 20.5646538, 0.0602579, , , , , , , 20.5646538, -0.0558938, , , , , , , 20.5646538, -0.0045319, , , , , , , , , , , , , , , , , , , , , , , , , , , , 
20.5651731, 0.1005417, , , , , , , 20.5651731, 0.0344091, , , , , , , 20.5651731, -0.0495155, , , , , , , 20.5651731, -0.005539, , , , , , , , , , , , , , , , , , , , , , , , , , , , 
20.5656923, 0.0800641, , , , , , , 20.5656923, 0.002182, , , , , , , 20.5656923, -0.0391089, , , , , , , 20.5656923, -0.0058747, , , , , , , , , , , , , , , , , , , , , , , , , , , , 
20.5662115, 0.0602579, , , , , , , 20.5662115, -0.012253, , , , , , , 20.5662115, -0.0256809, , , , , , , 20.5662115, -0.0023499, , , , , , , , , , , , , , , , , , , , , , , , , , , , 
20.5667308, 0.0424659, , , , , , , 20.5667308, -0.0184634, , , , , , , 20.5667308, -0.0078889, , , , , , , 20.5667308, 0.0030213, , , , , , , , , , , , , , , , , , , , , , , , , , , , 
20.56725, 0.0273594, , , , , , , 20.56725, -0.0276951, , , , , , , 20.56725, 0.0169528, , , , , , , 20.56725, 0.0063783, , , , , , , , , , , , , , , , , , , , , , , , , , , , 
20.5677692, 0.0132601, , , , , , , 20.5677692, -0.0305486, , , , , , , 20.5677692, 0.0387732, , , , , , , 20.5677692, 0.0062104, , , , , , , , , , , , , , , , , , , , , , , , , , , , 
20.5682885, 0.0025177, , , , , , , 20.5682885, -0.0303807, , , , , , , 20.5682885, 0.0527047, , , , , , , 20.5682885, 0.005539, , , , , , , , , , , , , , , , , , , , , , , , , , , , 
20.5688077, -0.0109102, , , , , , , 20.5688077, -0.036759, , , , , , , 20.5688077, 0.0602579, , , , , , , 20.5688077, 0.0048676, , , , , , , , , , , , , , , , , , , , , , , , , , , , 
20.5693269, -0.0204776, , , , , , , 20.5693269, -0.0498512, , , , , , , 20.5693269, 0.0647898, , , , , , , 20.5693269, 0.0011749, , , , , , , , , , , , , , , , , , , , , , , , , , , , 
20.5698462, -0.018967, , , , , , , 20.5698462, -0.0861067, , , , , , , 20.5698462, 0.0743572, , , , , , , 20.5698462, -0.0060426, , , , , , , , , , , , , , , , , , , , , , , , , , , , 
20.5703654, -0.0095674, , , , , , , 20.5703654, -0.1503929, , , , , , , 20.5703654, 0.0931563, , , , , , , 20.5703654, -0.0162814, , , , , , , , , , , , , , , , , , , , , , , , , , , , 
20.5708846, -0.0018463, , , , , , , 20.5708846, -0.2240787, , , , , , , 20.5708846, 0.1223621, , , , , , , 20.5708846, -0.0280308, , , , , , , , , , , , , , , , , , , , , , , , , , , , 
20.5714038, -0.0005035, , , , , , , 20.5714038, -0.2620127, , , , , , , 20.5714038, 0.1582818, , , , , , , 20.5714038, -0.036759, , , , , , , , , , , , , , , , , , , , , , , , , , , , 
20.5719231, -0.0003357, , , , , , , 20.5719231, -0.2378424, , , , , , , 20.5719231, 0.2002441, , , , , , , 20.5719231, -0.043473, , , , , , , , , , , , , , , , , , , , , , , , , , , , 
20.5724423, -0.0001678, , , , , , , 20.5724423, -0.190341, , , , , , , 20.5724423, 0.2267643, , , , , , , 20.5724423, -0.0513619, , , , , , , , , , , , , , , , , , , , , , , , , , , , 
20.5729615, 0.0018463, , , , , , , 20.5729615, -0.1621424, , , , , , , 20.5729615, 0.2180362, , , , , , , 20.5729615, -0.0548867, , , , , , , , , , , , , , , , , , , , , , , , , , , , 
20.5734808, 0.0023499, , , , , , , 20.5734808, -0.1381399, , , , , , , 20.5734808, 0.1794308, , , , , , , 20.5734808, -0.0542153, , , , , , , , , , , , , , , , , , , , , , , , , , , , 
20.574, 0.0010071, , , , , , , 20.574, -0.0921492, , , , , , , 20.574, 0.1260548, , , , , , , 20.574, -0.0513619, , , , , , , , , , , , , , , , , , , , , , , , , , , , 
20.5745192, -0.0036927, , , , , , , 20.5745192, -0.0350805, , , , , , , 20.5745192, 0.0663005, , , , , , , 20.5745192, -0.04448, , , , , , , , , , , , , , , , , , , , , , , , , , , , 
20.5750385, -0.0115816, , , , , , , 20.5750385, -0.0018463, , , , , , , 20.5750385, 0.0095674, , , , , , , 20.5750385, -0.0344091, , , , , , , , , , , , , , , , , , , , , , , , , , , , 
20.5755577, -0.0209812, , , , , , , 20.5755577, 0.0050355, , , , , , , 20.5755577, -0.040116, , , , , , , 20.5755577, -0.0253452, , , , , , , , , , , , , , , , , , , , , , , , , , , , 
20.5760769, -0.0290379, , , , , , , 20.5760769, 0.0092317, , , , , , , 20.5760769, -0.0763714, , , , , , , 20.5760769, -0.0182956, , , , , , , , , , , , , , , , , , , , , , , , , , , , 
20.5765962, -0.0350805, , , , , , , 20.5765962, 0.0149386, , , , , , , 20.5765962, -0.096849, , , , , , , 20.5765962, -0.005539, , , , , , , , , , , , , , , , , , , , , , , , , , , , 
20.5771154, -0.0451514, , , , , , , 20.5771154, 0.0129244, , , , , , , 20.5771154, -0.1027237, , , , , , , 20.5771154, 0.0129244, , , , , , , , , , , , , , , , , , , , , , , , , , , , 
20.5776346, -0.0585794, , , , , , , 20.5776346, 0.0078889, , , , , , , 20.5776346, -0.1012131, , , , , , , 20.5776346, 0.0290379, , , , , , , , , , , , , , , , , , , , , , , , , , , , 
20.5781538, -0.0676432, , , , , , , 20.5781538, 0.0105745, , , , , , , 20.5781538, -0.0986954, , , , , , , 20.5781538, 0.0394446, , , , , , , , , , , , , , , , , , , , , , , , , , , , 
20.5786731, -0.0721752, , , , , , , 20.5786731, 0.0199741, , , , , , , 20.5786731, -0.0975204, , , , , , , 20.5786731, 0.0488441, , , , , , , , , , , , , , , , , , , , , , , , , , , , 
20.5791923, -0.079057, , , , , , , 20.5791923, 0.0330663, , , , , , , 20.5791923, -0.1008774, , , , , , , 20.5791923, 0.0590829, , , , , , , , , , , , , , , , , , , , , , , , , , , , 
20.5797115, -0.0814069, , , , , , , 20.5797115, 0.0522011, , , , , , , 20.5797115, -0.0995346, , , , , , , 20.5797115, 0.0656291, , , , , , , , , , , , , , , , , , , , , , , , , , , , 
20.5802308, -0.0740215, , , , , , , 20.5802308, 0.0773785, , , , , , , 20.5802308, -0.0854353, , , , , , , 20.5802308, 0.0652934, , , , , , , , , , , , , , , , , , , , , , , , , , , , 
20.58075, -0.0636149, , , , , , , 20.58075, 0.090135, , , , , , , 20.58075, -0.0679789, , , , , , , 20.58075, 0.0619364, , , , , , , , , , , , , , , , , , , , , , , , , , , , 
20.5812692, -0.0538796, , , , , , , 20.5812692, 0.0884565, , , , , , , 20.5812692, -0.054551, , , , , , , 20.5812692, 0.0621042, , , , , , , , , , , , , , , , , , , , , , , , , , , , 
20.5817885, -0.0454871, , , , , , , 20.5817885, 0.0929885, , , , , , , 20.5817885, -0.0468299, , , , , , , 20.5817885, 0.0683146, , , , , , , , , , , , , , , , , , , , , , , , , , , , 
20.5823077, -0.0471656, , , , , , , 20.5823077, 0.1005417, , , , , , , 20.5823077, -0.0451514, , , , , , , 20.5823077, 0.079057, , , , , , , , , , , , , , , , , , , , , , , , , , , , 
20.5828269, -0.0454871, , , , , , , 20.5828269, 0.0951705, , , , , , , 20.5828269, -0.0463264, , , , , , , 20.5828269, 0.0938277, , , , , , , , , , , , , , , , , , , , , , , , , , , , 
20.5833462, -0.0381018, , , , , , , 20.5833462, 0.0797284, , , , , , , 20.5833462, -0.0466621, , , , , , , 20.5833462, 0.10692, , , , , , , , , , , , , , , , , , , , , , , , , , , , 
20.5838654, -0.03122, , , , , , , 20.5838654, 0.0585794, , , , , , , 20.5838654, -0.0404517, , , , , , , 20.5838654, 0.1080949, , , , , , , , , , , , , , , , , , , , , , , , , , , , 
20.5843846, -0.0226596, , , , , , , 20.5843846, 0.0421302, , , , , , , 20.5843846, -0.0325628, , , , , , , 20.5843846, 0.0961776, , , , , , , , , , , , , , , , , , , , , , , , , , , , 
20.5849038, -0.0132601, , , , , , , 20.5849038, 0.0381018, , , , , , , 20.5849038, -0.0287022, , , , , , , 20.5849038, 0.0733501, , , , , , , , , , , , , , , , , , , , , , , , , , , , 
20.5854231, -0.0063783, , , , , , , 20.5854231, 0.0340734, , , , , , , 20.5854231, -0.0273594, , , , , , , 20.5854231, 0.0488441, , , , , , , , , , , , , , , , , , , , , , , , , , , , 
20.5859423, -0.0018463, , , , , , , 20.5859423, 0.0250095, , , , , , , 20.5859423, -0.0219883, , , , , , , 20.5859423, 0.0270237, , , , , , , , , , , , , , , , , , , , , , , , , , , , 
20.5864615, 0.0025177, , , , , , , 20.5864615, 0.0184634, , , , , , , 20.5864615, -0.0119173, , , , , , , 20.5864615, 0.0085603, , , , , , , , , , , , , , , , , , , , , , , , , , , , 
20.5869808, 0.0045319, , , , , , , 20.5869808, 0.0218204, , , , , , , 20.5869808, -0.0011749, , , , , , , 20.5869808, -0.0043641, , , , , , , , , , , , , , , , , , , , , , , , , , , , 
20.5875, -0.0001678, , , , , , , 20.5875, 0.0287022, , , , , , , 20.5875, 0.0053712, , , , , , , 20.5875, -0.0124208, , , , , , , , , , , , , , , , , , , , , , , , , , , , 
20.5880192, -0.0052033, , , , , , , 20.5880192, 0.0327306, , , , , , , 20.5880192, 0.0087282, , , , , , , 20.5880192, -0.0196384, , , , , , , , , , , , , , , , , , , , , , , , , , , , 
20.5885385, -0.005539, , , , , , , 20.5885385, 0.0382696, , , , , , , 20.5885385, 0.0105745, , , , , , , 20.5885385, -0.026688, , , , , , , , , , , , , , , , , , , , , , , , , , , , 
20.5890577, -0.0035248, , , , , , , 20.5890577, 0.0518654, , , , , , , 20.5890577, 0.0146029, , , , , , , 20.5890577, -0.0347448, , , , , , , , , , , , , , , , , , , , , , , , , , , , 
20.5895769, -0.0008392, , , , , , , 20.5895769, 0.0669718, , , , , , , 20.5895769, 0.0260166, , , , , , , 20.5895769, -0.04448, , , , , , , , , , , , , , , , , , , , , , , , , , , , 
20.5900962, 0.0085603, , , , , , , 20.5900962, 0.0710002, , , , , , , 20.5900962, 0.0421302, , , , , , , 20.5900962, -0.0548867, , , , , , , , , , , , , , , , , , , , , , , , , , , , 
20.5906154, 0.0258488, , , , , , , 20.5906154, 0.0589151, , , , , , , 20.5906154, 0.063447, , , , , , , 20.5906154, -0.0659648, , , , , , , , , , , , , , , , , , , , , , , , , , , , 
20.5911346, 0.0407874, , , , , , , 20.5911346, 0.0226596, , , , , , , 20.5911346, 0.0822461, , , , , , , 20.5911346, -0.072343, , , , , , , , , , , , , , , , , , , , , , , , , , , , 
20.5916538, 0.0481727, , , , , , , 20.5916538, -0.0223239, , , , , , , 20.5916538, 0.1005417, , , , , , , 20.5916538, -0.0720073, , , , , , , , , , , , , , , , , , , , , , , , , , , , 
20.5921731, 0.056733, , , , , , , 20.5921731, -0.047837, , , , , , , 20.5921731, 0.1253834, , , , , , , 20.5921731, -0.0713359, , , , , , , , , , , , , , , , , , , , , , , , , , , , 
20.5926923, 0.0673075, , , , , , , 20.5926923, -0.0589151, , , , , , , 20.5926923, 0.1473716, , , , , , , 20.5926923, -0.0703288, , , , , , , , , , , , , , , , , , , , , , , , , , , , 
20.5932115, 0.0691539, , , , , , , 20.5932115, -0.0642863, , , , , , , 20.5932115, 0.1495537, , , , , , , 20.5932115, -0.0666361, , , , , , , , , , , , , , , , , , , , , , , , , , , , 
20.5937308, 0.0607614, , , , , , , 20.5937308, -0.0609293, , , , , , , 20.5937308, 0.1354543, , , , , , , 20.5937308, -0.0599222, , , , , , , , , , , , , , , , , , , , , , , , , , , , 
20.59425, 0.0527047, , , , , , , 20.59425, -0.0552224, , , , , , , 20.59425, 0.1104448, , , , , , , 20.59425, -0.0471656, , , , , , , , , , , , , , , , , , , , , , , , , , , , 
20.5947692, 0.0498512, , , , , , , 20.5947692, -0.0659648, , , , , , , 20.5947692, 0.0750286, , , , , , , 20.5947692, -0.0263523, , , , , , , , , , , , , , , , , , , , , , , , , , , , 
20.5952885, 0.0453193, , , , , , , 20.5952885, -0.0753643, , , , , , , 20.5952885, 0.0273594, , , , , , , 20.5952885, -0.0018463, , , , , , , , , , , , , , , , , , , , , , , , , , , , 
20.5958077, 0.0307164, , , , , , , 20.5958077, -0.0488441, , , , , , , 20.5958077, -0.0240024, , , , , , , 20.5958077, 0.0250095, , , , , , , , , , , , , , , , , , , , , , , , , , , , 
20.5963269, 0.0166171, , , , , , , 20.5963269, -0.0340734, , , , , , , 20.5963269, -0.0649577, , , , , , , 20.5963269, 0.0518654, , , , , , , , , , , , , , , , , , , , , , , , , , , , 
20.5968462, 0.0048676, , , , , , , 20.5968462, -0.0669718, , , , , , , 20.5968462, -0.0897993, , , , , , , 20.5968462, 0.0730144, , , , , , , , , , , , , , , , , , , , , , , , , , , , 
20.5973654, -0.0041962, , , , , , , 20.5973654, -0.0921492, , , , , , , 20.5973654, -0.0997024, , , , , , , 20.5973654, 0.0829175, , , , , , , , , , , , , , , , , , , , , , , , , , , , 
20.5978846, -0.0132601, , , , , , , 20.5978846, -0.0911421, , , , , , , 20.5978846, -0.1038987, , , , , , , 20.5978846, 0.0837568, , , , , , , , , , , , , , , , , , , , , , , , , , , , 
20.5984038, -0.0193027, , , , , , , 20.5984038, -0.0899672, , , , , , , 20.5984038, -0.1045701, , , , , , , 20.5984038, 0.0800641, , , , , , , , , , , , , , , , , , , , , , , , , , , , 
20.5989231, -0.0256809, , , , , , , 20.5989231, -0.0877852, , , , , , , 20.5989231, -0.1022202, , , , , , , 20.5989231, 0.0743572, , , , , , , , , , , , , , , , , , , , , , , , , , , , 
20.5994423, -0.0330663, , , , , , , 20.5994423, -0.0876173, , , , , , , 20.5994423, -0.0950027, , , , , , , 20.5994423, 0.0663005, , , , , , , , , , , , , , , , , , , , , , , , , , , , 
20.5999615, -0.0347448, , , , , , , 20.5999615, -0.1122911, , , , , , , 20.5999615, -0.0793927, , , , , , , 20.5999615, 0.0555581, , , , , , , , , , , , , , , , , , , , , , , , , , , , 
20.6004808, -0.0305486, , , , , , , 20.6004808, -0.1384756, , , , , , , 20.6004808, -0.0621042, , , , , , , 20.6004808, 0.0441444, , , , , , , , , , , , , , , , , , , , , , , , , , , , 
20.601, -0.0223239, , , , , , , 20.601, -0.1096056, , , , , , , 20.601, -0.0525368, , , , , , , 20.601, 0.0330663, , , , , , , , , , , , , , , , , , , , , , , , , , , , 
20.6015192, -0.008896, , , , , , , 20.6015192, -0.0486763, , , , , , , 20.6015192, -0.0525368, , , , , , , 20.6015192, 0.0246738, , , , , , , , , , , , , , , , , , , , , , , , , , , , 
20.6020385, 0.0068818, , , , , , , 20.6020385, -0.0041962, , , , , , , 20.6020385, -0.0575723, , , , , , , 20.6020385, 0.0166171, , , , , , , , , , , , , , , , , , , , , , , , , , , , 
20.6025577, 0.0169528, , , , , , , 20.6025577, 0.0176242, , , , , , , 20.6025577, -0.0632792, , , , , , , 20.6025577, 0.0075532, , , , , , , , , , , , , , , , , , , , , , , , , , , , 
20.6030769, 0.021149, , , , , , , 20.6030769, 0.0219883, , , , , , , 20.6030769, -0.0683146, , , , , , , 20.6030769, 0.0010071, , , , , , , , , , , , , , , , , , , , , , , , , , , , 
20.6035962, 0.0260166, , , , , , , 20.6035962, 0.0193027, , , , , , , 20.6035962, -0.0652934, , , , , , , 20.6035962, -0.0008392, , , , , , , , , , , , , , , , , , , , , , , , , , , , 
20.6041154, 0.0305486, , , , , , , 20.6041154, 0.0146029, , , , , , , 20.6041154, -0.0528725, , , , , , , 20.6041154, -0.0015106, , , , , , , , , , , , , , , , , , , , , , , , , , , , 
20.6046346, 0.0313878, , , , , , , 20.6046346, 0.011078, , , , , , , 20.6046346, -0.0350805, , , , , , , 20.6046346, -0.0028534, , , , , , , , , , , , , , , , , , , , , , , , , , , , 
20.6051538, 0.0303807, , , , , , , 20.6051538, 0.0109102, , , , , , , 20.6051538, -0.0099031, , , , , , , 20.6051538, -0.0031891, , , , , , , , , , , , , , , , , , , , , , , , , , , , 
20.6056731, 0.030045, , , , , , , 20.6056731, 0.0198062, , , , , , , 20.6056731, 0.0129244, , , , , , , 20.6056731, -0.0078889, , , , , , , , , , , , , , , , , , , , , , , , , , , , 
20.6061923, 0.0330663, , , , , , , 20.6061923, 0.0407874, , , , , , , 20.6061923, 0.026688, , , , , , , 20.6061923, -0.0162814, , , , , , , , , , , , , , , , , , , , , , , , , , , , 
20.6067115, 0.0374304, , , , , , , 20.6067115, 0.0760357, , , , , , , 20.6067115, 0.0287022, , , , , , , 20.6067115, -0.0216526, , , , , , , , , , , , , , , , , , , , , , , , , , , , 
20.6072308, 0.043473, , , , , , , 20.6072308, 0.1005417, , , , , , , 20.6072308, 0.0186313, , , , , , , 20.6072308, -0.0251774, , , , , , , , , , , , , , , , , , , , , , , , , , , , 
20.60775, 0.0475013, , , , , , , 20.60775, 0.1156481, , , , , , , 20.60775, 0.0060426, , , , , , , 20.60775, -0.0263523, , , , , , , , , , , , , , , , , , , , , , , , , , , , 
20.6082692, 0.0528725, , , , , , , 20.6082692, 0.1332723, , , , , , , 20.6082692, -0.0041962, , , , , , , 20.6082692, -0.0250095, , , , , , , , , , , , , , , , , , , , , , , , , , , , 
20.6087885, 0.0602579, , , , , , , 20.6087885, 0.1431754, , , , , , , 20.6087885, -0.0162814, , , , , , , 20.6087885, -0.023331, , , , , , , , , , , , , , , , , , , , , , , , , , , , 
20.6093077, 0.0622721, , , , , , , 20.6093077, 0.145861, , , , , , , 20.6093077, -0.0325628, , , , , , , 20.6093077, -0.018967, , , , , , , , , , , , , , , , , , , , , , , , , , , , 
20.6098269, 0.0673075, , , , , , , 20.6098269, 0.1502251, , , , , , , 20.6098269, -0.0473335, , , , , , , 20.6098269, -0.0152743, , , , , , , , , , , , , , , , , , , , , , , , , , , , 
20.6103462, 0.0834211, , , , , , , 20.6103462, 0.1153124, , , , , , , 20.6103462, -0.051194, , , , , , , 20.6103462, -0.0196384, , , , , , , , , , , , , , , , , , , , , , , , , , , , 
20.6108654, 0.1055772, , , , , , , 20.6108654, 0.0199741, , , , , , , 20.6108654, -0.0394446, , , , , , , 20.6108654, -0.0250095, , , , , , , , , , , , , , , , , , , , , , , , , , , , 
20.6113846, 0.1218585, , , , , , , 20.6113846, -0.0783856, , , , , , , 20.6113846, -0.0226596, , , , , , , 20.6113846, -0.0270237, , , , , , , , , , , , , , , , , , , , , , , , , , , , 
20.6119038, 0.1287404, , , , , , , 20.6119038, -0.1475395, , , , , , , 20.6119038, -0.0139315, , , , , , , 20.6119038, -0.0231632, , , , , , , , , , , , , , , , , , , , , , , , , , , , 
20.6124231, 0.1273976, , , , , , , 20.6124231, -0.191516, , , , , , , 20.6124231, -0.0038605, , , , , , , 20.6124231, -0.0176242, , , , , , , , , , , , , , , , , , , , , , , , , , , , 
20.6129423, 0.1210193, , , , , , , 20.6129423, -0.203769, , , , , , , 20.6129423, 0.0132601, , , , , , , 20.6129423, -0.012253, , , , , , , , , , , , , , , , , , , , , , , , , , , , 
20.6134615, 0.1139696, , , , , , , 20.6134615, -0.1774166, , , , , , , 20.6134615, 0.0327306, , , , , , , 20.6134615, -0.0068818, , , , , , , , , , , , , , , , , , , , , , , , , , , , 
20.6139808, 0.1038987, , , , , , , 20.6139808, -0.1404898, , , , , , , 20.6139808, 0.0501869, , , , , , , 20.6139808, -0.0001678, , , , , , , , , , , , , , , , , , , , , , , , , , , , 
20.6145, 0.0861067, , , , , , , 20.6145, -0.114641, , , , , , , 20.6145, 0.0621042, , , , , , , 20.6145, 0.0112459, , , , , , , , , , , , , , , , , , , , , , , , , , , , 
20.6150192, 0.0649577, , , , , , , 20.6150192, -0.0844282, , , , , , , 20.6150192, 0.0679789, , , , , , , 20.6150192, 0.023331, , , , , , , , , , , , , , , , , , , , , , , , , , , , 
20.6155385, 0.0468299, , , , , , , 20.6155385, -0.0448157, , , , , , , 20.6155385, 0.066804, , , , , , , 20.6155385, 0.0340734, , , , , , , , , , , , , , , , , , , , , , , , , , , , 
20.6160577, 0.0288701, , , , , , , 20.6160577, -0.0048676, , , , , , , 20.6160577, 0.0562295, , , , , , , 20.6160577, 0.0458228, , , , , , , , , , , , , , , , , , , , , , , , , , , , 
20.6165769, 0.0077211, , , , , , , 20.6165769, 0.0283665, , , , , , , 20.6165769, 0.0379339, , , , , , , 20.6165769, 0.0622721, , , , , , , , , , , , , , , , , , , , , , , , , , , , 
20.6170962, -0.0115816, , , , , , , 20.6170962, 0.0387732, , , , , , , 20.6170962, 0.0095674, , , , , , , 20.6170962, 0.0840925, , , , , , , , , , , , , , , , , , , , , , , , , , , , 
20.6176154, -0.027863, , , , , , , 20.6176154, 0.0152743, , , , , , , 20.6176154, -0.0223239, , , , , , , 20.6176154, 0.10692, , , , , , , , , , , , , , , , , , , , , , , , , , , , 
20.6181346, -0.0421302, , , , , , , 20.6181346, -0.0068818, , , , , , , 20.6181346, -0.0500191, , , , , , , 20.6181346, 0.124712, , , , , , , , , , , , , , , , , , , , , , , , , , , , 
20.6186538, -0.0518654, , , , , , , 20.6186538, -0.0062104, , , , , , , 20.6186538, -0.0726787, , , , , , , 20.6186538, 0.1320974, , , , , , , , , , , , , , , , , , , , , , , , , , , , 
20.6191731, -0.0605936, , , , , , , 20.6191731, -0.0063783, , , , , , , 20.6191731, -0.0881209, , , , , , , 20.6191731, 0.131426, , , , , , , , , , , , , , , , , , , , , , , , , , , , 
20.6196923, -0.0699931, , , , , , , 20.6196923, -0.0340734, , , , , , , 20.6196923, -0.0958419, , , , , , , 20.6196923, 0.124712, , , , , , , , , , , , , , , , , , , , , , , , , , , , 
20.6202115, -0.0762036, , , , , , , 20.6202115, -0.0676432, , , , , , , 20.6202115, -0.0861067, , , , , , , 20.6202115, 0.1096056, , , , , , , , , , , , , , , , , , , , , , , , , , , , 
20.6207308, -0.0730144, , , , , , , 20.6207308, -0.0815747, , , , , , , 20.6207308, -0.0592508, , , , , , , 20.6207308, 0.0897993, , , , , , , , , , , , , , , , , , , , , , , , , , , , 
20.62125, -0.0605936, , , , , , , 20.62125, -0.0770428, , , , , , , 20.62125, -0.0377661, , , , , , , 20.62125, 0.0699931, , , , , , , , , , , , , , , , , , , , , , , , , , , , 
20.6217692, -0.0485084, , , , , , , 20.6217692, -0.054551, , , , , , , 20.6217692, -0.0310521, , , , , , , 20.6217692, 0.0527047, , , , , , , , , , , , , , , , , , , , , , , , , , , , 
20.6222885, -0.0397803, , , , , , , 20.6222885, -0.0260166, , , , , , , 20.6222885, -0.0265202, , , , , , , 20.6222885, 0.0386053, , , , , , , , , , , , , , , , , , , , , , , , , , , , 
20.6228077, -0.0404517, , , , , , , 20.6228077, -0.0048676, , , , , , , 20.6228077, -0.0213169, , , , , , , 20.6228077, 0.0276951, , , , , , , , , , , , , , , , , , , , , , , , , , , , 
20.6233269, -0.0431373, , , , , , , 20.6233269, 0.0072175, , , , , , , 20.6233269, -0.0171206, , , , , , , 20.6233269, 0.0172885, , , , , , , , , , , , , , , , , , , , , , , , , , , , 
20.6238462, -0.04448, , , , , , , 20.6238462, 0.0129244, , , , , , , 20.6238462, -0.01561, , , , , , , 20.6238462, 0.0082246, , , , , , , , , , , , , , , , , , , , , , , , , , , , 
20.6243654, -0.0461585, , , , , , , 20.6243654, 0.0187991, , , , , , , 20.6243654, -0.0157778, , , , , , , 20.6243654, 0.0023499, , , , , , , , , , , , , , , , , , , , , , , , , , , , 
20.6248846, -0.0448157, , , , , , , 20.6248846, 0.0224918, , , , , , , 20.6248846, -0.0182956, , , , , , , 20.6248846, -0.002182, , , , , , , , , , , , , , , , , , , , , , , , , , , , 
20.6254038, -0.043473, , , , , , , 20.6254038, 0.0159457, , , , , , , 20.6254038, -0.0216526, , , , , , , 20.6254038, -0.0078889, , , , , , , , , , , , , , , , , , , , , , , , , , , , 
20.6259231, -0.0471656, , , , , , , 20.6259231, 0.0068818, , , , , , , 20.6259231, -0.0209812, , , , , , , 20.6259231, -0.012253, , , , , , , , , , , , , , , , , , , , , , , , , , , , 
20.6264423, -0.0485084, , , , , , , 20.6264423, 0.0092317, , , , , , , 20.6264423, -0.0130922, , , , , , , 20.6264423, -0.0102388, , , , , , , , , , , , , , , , , , , , , , , , , , , , 
20.6269615, -0.0431373, , , , , , , 20.6269615, 0.033402, , , , , , , 20.6269615, 0.002182, , , , , , , 20.6269615, -0.008896, , , , , , , , , , , , , , , , , , , , , , , , , , , , 
20.6274808, -0.0407874, , , , , , , 20.6274808, 0.0629435, , , , , , , 20.6274808, 0.0176242, , , , , , , 20.6274808, -0.0119173, , , , , , , , , , , , , , , , , , , , , , , , , , , , 
20.628, -0.0404517, , , , , , , 20.628, 0.0703288, , , , , , , 20.628, 0.0253452, , , , , , , 20.628, -0.01561, , , , , , , , , , , , , , , , , , , , , , , , , , , , 
20.6285192, -0.0391089, , , , , , , 20.6285192, 0.0595865, , , , , , , 20.6285192, 0.0226596, , , , , , , 20.6285192, -0.0172885, , , , , , , , , , , , , , , , , , , , , , , , , , , , 
20.6290385, -0.0372625, , , , , , , 20.6290385, 0.0458228, , , , , , , 20.6290385, 0.0186313, , , , , , , 20.6290385, -0.0166171, , , , , , , , , , , , , , , , , , , , , , , , , , , , 
20.6295577, -0.0320592, , , , , , , 20.6295577, 0.0344091, , , , , , , 20.6295577, 0.0142672, , , , , , , 20.6295577, -0.0193027, , , , , , , , , , , , , , , , , , , , , , , , , , , , 
20.6300769, -0.0196384, , , , , , , 20.6300769, 0.023331, , , , , , , 20.6300769, 0.0045319, , , , , , , 20.6300769, -0.0283665, , , , , , , , , , , , , , , , , , , , , , , , , , , , 
20.6305962, 0.0025177, , , , , , , 20.6305962, 0.012253, , , , , , , 20.6305962, -0.0102388, , , , , , , 20.6305962, -0.0391089, , , , , , , , , , , , , , , , , , , , , , , , , , , , 
20.6311154, 0.0253452, , , , , , , 20.6311154, 0.0005035, , , , , , , 20.6311154, -0.0246738, , , , , , , 20.6311154, -0.0464942, , , , , , , , , , , , , , , , , , , , , , , , , , , , 
20.6316346, 0.0347448, , , , , , , 20.6316346, -0.0065461, , , , , , , 20.6316346, -0.0377661, , , , , , , 20.6316346, -0.0508583, , , , , , , , , , , , , , , , , , , , , , , , , , , , 
20.6321538, 0.0350805, , , , , , , 20.6321538, -0.0085603, , , , , , , 20.6321538, -0.0515297, , , , , , , 20.6321538, -0.0525368, , , , , , , , , , , , , , , , , , , , , , , , , , , , 
20.6326731, 0.0360876, , , , , , , 20.6326731, -0.011078, , , , , , , 20.6326731, -0.0627756, , , , , , , 20.6326731, -0.0515297, , , , , , , , , , , , , , , , , , , , , , , , , , , , 
20.6331923, 0.0404517, , , , , , , 20.6331923, -0.0130922, , , , , , , 20.6331923, -0.0686503, , , , , , , 20.6331923, -0.0495155, , , , , , , , , , , , , , , , , , , , , , , , , , , , 
20.6337115, 0.0451514, , , , , , , 20.6337115, -0.0041962, , , , , , , 20.6337115, -0.0525368, , , , , , , 20.6337115, -0.0466621, , , , , , , , , , , , , , , , , , , , , , , , , , , , 
20.6342308, 0.0448157, , , , , , , 20.6342308, 0.0139315, , , , , , , 20.6342308, -0.0216526, , , , , , , 20.6342308, -0.0419623, , , , , , , , , , , , , , , , , , , , , , , , , , , , 
20.63475, 0.0394446, , , , , , , 20.63475, 0.0317235, , , , , , , 20.63475, 0.0109102, , , , , , , 20.63475, -0.0323949, , , , , , , , , , , , , , , , , , , , , , , , , , , , 
20.6352692, 0.0354162, , , , , , , 20.6352692, 0.0528725, , , , , , , 20.6352692, 0.0555581, , , , , , , 20.6352692, -0.0179599, , , , , , , , , , , , , , , , , , , , , , , , , , , , 
20.6357885, 0.0325628, , , , , , , 20.6357885, 0.070161, , , , , , , 20.6357885, 0.096849, , , , , , , 20.6357885, -0.005539, , , , , , , , , , , , , , , , , , , , , , , , , , , , 
20.6363077, 0.024506, , , , , , , 20.6363077, 0.0666361, , , , , , , 20.6363077, 0.1111162, , , , , , , 20.6363077, 0.0052033, , , , , , , , , , , , , , , , , , , , , , , , , , , , 
20.6368269, 0.0083925, , , , , , , 20.6368269, 0.0475013, , , , , , , 20.6368269, 0.1030594, , , , , , , 20.6368269, 0.0226596, , , , , , , , , , , , , , , , , , , , , , , , , , , , 
20.6373462, -0.0072175, , , , , , , 20.6373462, 0.0347448, , , , , , , 20.6373462, 0.085771, , , , , , , 20.6373462, 0.0397803, , , , , , , , , , , , , , , , , , , , , , , , , , , , 
20.6378654, -0.018967, , , , , , , 20.6378654, 0.036759, , , , , , , 20.6378654, 0.0629435, , , , , , , 20.6378654, 0.0535439, , , , , , , , , , , , , , , , , , , , , , , , , , , , 
20.6383846, -0.0287022, , , , , , , 20.6383846, 0.0374304, , , , , , , 20.6383846, 0.0318914, , , , , , , 20.6383846, 0.0659648, , , , , , , , , , , , , , , , , , , , , , , , , , , , 
20.6389038, -0.0327306, , , , , , , 20.6389038, 0.0273594, , , , , , , 20.6389038, 0.0001678, , , , , , , 20.6389038, 0.0770428, , , , , , , , , , , , , , , , , , , , , , , , , , , , 
20.6394231, -0.0307164, , , , , , , 20.6394231, 0.021149, , , , , , , 20.6394231, -0.0196384, , , , , , , 20.6394231, 0.0897993, , , , , , , , , , , , , , , , , , , , , , , , , , , , 
20.6399423, -0.0273594, , , , , , , 20.6399423, 0.0428016, , , , , , , 20.6399423, -0.0270237, , , , , , , 20.6399423, 0.1042344, , , , , , , , , , , , , , , , , , , , , , , , , , , , 
20.6404615, -0.0193027, , , , , , , 20.6404615, 0.0750286, , , , , , , 20.6404615, -0.0283665, , , , , , , 20.6404615, 0.1106126, , , , , , , , , , , , , , , , , , , , , , , , , , , , 
20.6409808, -0.0085603, , , , , , , 20.6409808, 0.0763714, , , , , , , 20.6409808, -0.0166171, , , , , , , 20.6409808, 0.103563, , , , , , , , , , , , , , , , , , , , , , , , , , , , 
20.6415, -0.0015106, , , , , , , 20.6415, 0.0399481, , , , , , , 20.6415, -0.0018463, , , , , , , 20.6415, 0.0923171, , , , , , , , , , , , , , , , , , , , , , , , , , , , 
20.6420192, 0.0052033, , , , , , , 20.6420192, -0.0166171, , , , , , , 20.6420192, -0.0001678, , , , , , , 20.6420192, 0.0810712, , , , , , , , , , , , , , , , , , , , , , , , , , , , 
20.6425385, 0.0132601, , , , , , , 20.6425385, -0.0720073, , , , , , , 20.6425385, -0.0062104, , , , , , , 20.6425385, 0.072343, , , , , , , , , , , , , , , , , , , , , , , , , , , , 
20.6430577, 0.0213169, , , , , , , 20.6430577, -0.1166552, , , , , , , 20.6430577, -0.0082246, , , , , , , 20.6430577, 0.0696574, , , , , , , , , , , , , , , , , , , , , , , , , , , , 
20.6435769, 0.0246738, , , , , , , 20.6435769, -0.1384756, , , , , , , 20.6435769, -0.0028534, , , , , , , 20.6435769, 0.0674754, , , , , , , , , , , , , , , , , , , , , , , , , , , , 
20.6440962, 0.0206455, , , , , , , 20.6440962, -0.139147, , , , , , , 20.6440962, 0.0119173, , , , , , , 20.6440962, 0.0641184, , , , , , , , , , , , , , , , , , , , , , , , , , , , 
20.6446154, 0.0115816, , , , , , , 20.6446154, -0.1441825, , , , , , , 20.6446154, 0.0280308, , , , , , , 20.6446154, 0.0542153, , , , , , , , , , , , , , , , , , , , , , , , , , , , 
20.6451346, 0.0030213, , , , , , , 20.6451346, -0.1451896, , , , , , , 20.6451346, 0.0327306, , , , , , , 20.6451346, 0.0394446, , , , , , , , , , , , , , , , , , , , , , , , , , , , 
20.6456538, -0.0001678, , , , , , , 20.6456538, -0.1163195, , , , , , , 20.6456538, 0.0213169, , , , , , , 20.6456538, 0.0258488, , , , , , , , , , , , , , , , , , , , , , , , , , , , 
20.6461731, 0.0006714, , , , , , , 20.6461731, -0.0862745, , , , , , , 20.6461731, 0.0045319, , , , , , , 20.6461731, 0.0179599, , , , , , , , , , , , , , , , , , , , , , , , , , , , 
20.6466923, 0.0018463, , , , , , , 20.6466923, -0.0814069, , , , , , , 20.6466923, -0.0025177, , , , , , , 20.6466923, 0.0166171, , , , , , , , , , , , , , , , , , , , , , , , , , , , 
20.6472115, 0.0006714, , , , , , , 20.6472115, -0.0852674, , , , , , , 20.6472115, -0.0008392, , , , , , , 20.6472115, 0.0172885, , , , , , , , , , , , , , , , , , , , , , , , , , , , 
20.6477308, 0.0003357, , , , , , , 20.6477308, -0.0827497, , , , , , , 20.6477308, 0.0018463, , , , , , , 20.6477308, 0.0142672, , , , , , , , , , , , , , , , , , , , , , , , , , , , 
20.64825, 0.0015106, , , , , , , 20.64825, -0.072343, , , , , , , 20.64825, 0.0016785, , , , , , , 20.64825, 0.0062104, , , , , , , , , , , , , , , , , , , , , , , , , , , , 
20.6487692, 0.0023499, , , , , , , 20.6487692, -0.0488441, , , , , , , 20.6487692, -0.0008392, , , , , , , 20.6487692, -0.002182, , , , , , , , , , , , , , , , , , , , , , , , , , , , 
20.6492885, 0.0008392, , , , , , , 20.6492885, -0.0169528, , , , , , , 20.6492885, -0.0001678, , , , , , , 20.6492885, -0.0125887, , , , , , , , , , , , , , , , , , , , , , , , , , , , 
20.6498077, -0.0001678, , , , , , , 20.6498077, 0.0109102, , , , , , , 20.6498077, 0.0078889, , , , , , , 20.6498077, -0.0283665, , , , , , , , , , , , , , , , , , , , , , , , , , , , 
20.6503269, 0.0052033, , , , , , , 20.6503269, 0.0320592, , , , , , , 20.6503269, 0.0151064, , , , , , , 20.6503269, -0.0428016, , , , , , , , , , , , , , , , , , , , , , , , , , , , 
20.6508462, 0.0182956, , , , , , , 20.6508462, 0.0407874, , , , , , , 20.6508462, 0.0058747, , , , , , , 20.6508462, -0.0538796, , , , , , , , , , , , , , , , , , , , , , , , , , , , 
20.6513654, 0.0298772, , , , , , , 20.6513654, 0.0374304, , , , , , , 20.6513654, -0.0203098, , , , , , , 20.6513654, -0.0622721, , , , , , , , , , , , , , , , , , , , , , , , , , , , 
20.6518846, 0.0381018, , , , , , , 20.6518846, 0.0384375, , , , , , , 20.6518846, -0.0495155, , , , , , , 20.6518846, -0.0699931, , , , , , , , , , , , , , , , , , , , , , , , , , , , 
20.6524038, 0.0468299, , , , , , , 20.6524038, 0.0461585, , , , , , , 20.6524038, -0.0750286, , , , , , , 20.6524038, -0.0733501, , , , , , , , , , , , , , , , , , , , , , , , , , , , 
20.6529231, 0.061265, , , , , , , 20.6529231, 0.0466621, , , , , , , 20.6529231, -0.0908064, , , , , , , 20.6529231, -0.0720073, , , , , , , , , , , , , , , , , , , , , , , , , , , , 
20.6534423, 0.0757, , , , , , , 20.6534423, 0.0327306, , , , , , , 20.6534423, -0.0976883, , , , , , , 20.6534423, -0.0666361, , , , , , , , , , , , , , , , , , , , , , , , , , , , 
20.6539615, 0.0817426, , , , , , , 20.6539615, 0.0109102, , , , , , , 20.6539615, -0.1008774, , , , , , , 20.6539615, -0.0565652, , , , , , , , , , , , , , , , , , , , , , , , , , , , 
20.6544808, 0.0783856, , , , , , , 20.6544808, -0.0102388, , , , , , , 20.6544808, -0.1028916, , , , , , , 20.6544808, -0.0431373, , , , , , , , , , , , , , , , , , , , , , , , , , , , 
20.655, 0.0736858, , , , , , , 20.655, -0.0243381, , , , , , , 20.655, -0.1008774, , , , , , , 20.655, -0.0310521, , , , , , , , , , , , , , , , , , , , , , , , , , , , 
20.6555192, 0.0688182, , , , , , , 20.6555192, -0.0248417, , , , , , , 20.6555192, -0.0903029, , , , , , , 20.6555192, -0.0191348, , , , , , , , , , , , , , , , , , , , , , , , , , , , 
20.6560385, 0.0599222, , , , , , , 20.6560385, -0.0048676, , , , , , , 20.6560385, -0.0713359, , , , , , , 20.6560385, -0.005539, , , , , , , , , , , , , , , , , , , , , , , , , , , , 
20.6565577, 0.0485084, , , , , , , 20.6565577, 0.0258488, , , , , , , 20.6565577, -0.0491798, , , , , , , 20.6565577, 0.0078889, , , , , , , , , , , , , , , , , , , , , , , , , , , , 
20.6570769, 0.0347448, , , , , , , 20.6570769, 0.0406195, , , , , , , 20.6570769, -0.0223239, , , , , , , 20.6570769, 0.0193027, , , , , , , , , , , , , , , , , , , , , , , , , , , , 
20.6575962, 0.0219883, , , , , , , 20.6575962, 0.0475013, , , , , , , 20.6575962, 0.0132601, , , , , , , 20.6575962, 0.0287022, , , , , , , , , , , , , , , , , , , , , , , , , , , , 
20.6581154, 0.0092317, , , , , , , 20.6581154, 0.0582437, , , , , , , 20.6581154, 0.0565652, , , , , , , 20.6581154, 0.0340734, , , , , , , , , , , , , , , , , , , , , , , , , , , , 
20.6586346, -0.0045319, , , , , , , 20.6586346, 0.0602579, , , , , , , 20.6586346, 0.0985275, , , , , , , 20.6586346, 0.0406195, , , , , , , , , , , , , , , , , , , , , , , , , , , , 
20.6591538, -0.01561, , , , , , , 20.6591538, 0.0515297, , , , , , , 20.6591538, 0.1367971, , , , , , , 20.6591538, 0.0505226, , , , , , , , , , , , , , , , , , , , , , , , , , , , 
20.6596731, -0.0223239, , , , , , , 20.6596731, 0.033402, , , , , , , 20.6596731, 0.170367, , , , , , , 20.6596731, 0.0585794, , , , , , , , , , , , , , , , , , , , , , , , , , , , 
20.6601923, -0.0204776, , , , , , , 20.6601923, 0.0129244, , , , , , , 20.6601923, 0.1958801, , , , , , , 20.6601923, 0.0572366, , , , , , , , , , , , , , , , , , , , , , , , , , , , 
20.6607115, -0.0092317, , , , , , , 20.6607115, -0.002182, , , , , , , 20.6607115, 0.2136721, , , , , , , 20.6607115, 0.0481727, , , , , , , , , , , , , , , , , , , , , , , , , , , , 
20.6612308, 0.0083925, , , , , , , 20.6612308, -0.0176242, , , , , , , 20.6612308, 0.2141756, , , , , , , 20.6612308, 0.0381018, , , , , , , , , , , , , , , , , , , , , , , , , , , , 
20.66175, 0.0265202, , , , , , , 20.66175, -0.0493477, , , , , , , 20.66175, 0.1888304, , , , , , , 20.66175, 0.0297093, , , , , , , , , , , , , , , , , , , , , , , , , , , , 
20.6622692, 0.0411231, , , , , , , 20.6622692, -0.0740215, , , , , , , 20.6622692, 0.139147, , , , , , , 20.6622692, 0.0223239, , , , , , , , , , , , , , , , , , , , , , , , , , , , 
20.6627885, 0.0547189, , , , , , , 20.6627885, -0.0780499, , , , , , , 20.6627885, 0.0760357, , , , , , , 20.6627885, 0.0152743, , , , , , , , , , , , , , , , , , , , , , , , , , , , 
20.6633077, 0.0616007, , , , , , , 20.6633077, -0.0763714, , , , , , , 20.6633077, 0.0062104, , , , , , , 20.6633077, 0.0082246, , , , , , , , , , , , , , , , , , , , , , , , , , , , 
20.6638269, 0.0656291, , , , , , , 20.6638269, -0.0706645, , , , , , , 20.6638269, -0.068986, , , , , , , 20.6638269, 0.0038605, , , , , , , , , , , , , , , , , , , , , , , , , , , , 
20.6643462, 0.0629435, , , , , , , 20.6643462, -0.0515297, , , , , , , 20.6643462, -0.1438468, , , , , , , 20.6643462, -0.0001678, , , , , , , , , , , , , , , , , , , , , , , , , , , , 
20.6648654, 0.0616007, , , , , , , 20.6648654, -0.0317235, , , , , , , 20.6648654, -0.202594, , , , , , , 20.6648654, -0.005539, , , , , , , , , , , , , , , , , , , , , , , , , , , , 
20.6653846, 0.0676432, , , , , , , 20.6653846, -0.0206455, , , , , , , 20.6653846, -0.2297856, , , , , , , 20.6653846, -0.0102388, , , , , , , , , , , , , , , , , , , , , , , , , , , , 
20.6659038, 0.0736858, , , , , , , 20.6659038, 0.0011749, , , , , , , 20.6659038, -0.2287785, , , , , , , 20.6659038, -0.0132601, , , , , , , , , , , , , , , , , , , , , , , , , , , , 
20.6664231, 0.0740215, , , , , , , 20.6664231, 0.030045, , , , , , , 20.6664231, -0.2136721, , , , , , , 20.6664231, -0.0137636, , , , , , , , , , , , , , , , , , , , , , , , , , , , 
20.6669423, 0.0696574, , , , , , , 20.6669423, 0.0396124, , , , , , , 20.6669423, -0.194873, , , , , , , 20.6669423, -0.01561, , , , , , , , , , , , , , , , , , , , , , , , , , , , 
20.6674615, 0.0656291, , , , , , , 20.6674615, 0.0370947, , , , , , , 20.6674615, -0.1801022, , , , , , , 20.6674615, -0.0172885, , , , , , , , , , , , , , , , , , , , , , , , , , , , 
20.6679808, 0.0552224, , , , , , , 20.6679808, 0.0370947, , , , , , , 20.6679808, -0.1735561, , , , , , , 20.6679808, -0.0169528, , , , , , , , , , , , , , , , , , , , , , , , , , , , 
20.6685, 0.0464942, , , , , , , 20.6685, 0.036759, , , , , , , 20.6685, -0.1715419, , , , , , , 20.6685, -0.0196384, , , , , , , , , , , , , , , , , , , , , , , , , , , , 
20.6690192, 0.0414588, , , , , , , 20.6690192, 0.0250095, , , , , , , 20.6690192, -0.1653315, , , , , , , 20.6690192, -0.018967, , , , , , , , , , , , , , , , , , , , , , , , , , , , 
20.6695385, 0.0379339, , , , , , , 20.6695385, 0.0031891, , , , , , , 20.6695385, -0.1508965, , , , , , , 20.6695385, -0.0149386, , , , , , , , , , , , , , , , , , , , , , , , , , , , 
20.6700577, 0.043473, , , , , , , 20.6700577, -0.0169528, , , , , , , 20.6700577, -0.1319295, , , , , , , 20.6700577, -0.012253, , , , , , , , , , , , , , , , , , , , , , , , , , , , 
20.6705769, 0.0565652, , , , , , , 20.6705769, -0.0318914, , , , , , , 20.6705769, -0.1122911, , , , , , , 20.6705769, -0.0097353, , , , , , , , , , , , , , , , , , , , , , , , , , , , 
20.6710962, 0.0616007, , , , , , , 20.6710962, -0.0431373, , , , , , , 20.6710962, -0.0938277, , , , , , , 20.6710962, -0.0078889, , , , , , , , , , , , , , , , , , , , , , , , , , , , 
20.6716154, 0.0622721, , , , , , , 20.6716154, -0.0417945, , , , , , , 20.6716154, -0.0726787, , , , , , , 20.6716154, -0.0077211, , , , , , , , , , , , , , , , , , , , , , , , , , , , 
20.6721346, 0.0683146, , , , , , , 20.6721346, -0.0310521, , , , , , , 20.6721346, -0.0464942, , , , , , , 20.6721346, -0.0077211, , , , , , , , , , , , , , , , , , , , , , , , , , , , 
20.6726538, 0.0763714, , , , , , , 20.6726538, -0.0283665, , , , , , , 20.6726538, -0.0229953, , , , , , , 20.6726538, -0.0068818, , , , , , , , , , , , , , , , , , , , , , , , , , , , 
20.6731731, 0.0788891, , , , , , , 20.6731731, -0.030045, , , , , , , 20.6731731, -0.0050355, , , , , , , 20.6731731, -0.0048676, , , , , , , , , , , , , , , , , , , , , , , , , , , , 
20.6736923, 0.0746929, , , , , , , 20.6736923, -0.0243381, , , , , , , 20.6736923, 0.0102388, , , , , , , 20.6736923, -0.0001678, , , , , , , , , , , , , , , , , , , , , , , , , , , , 
20.6742115, 0.0696574, , , , , , , 20.6742115, -0.0229953, , , , , , , 20.6742115, 0.023331, , , , , , , 20.6742115, 0.0085603, , , , , , , , , , , , , , , , , , , , , , , , , , , , 
20.6747308, 0.0629435, , , , , , , 20.6747308, -0.0263523, , , , , , , 20.6747308, 0.0370947, , , , , , , 20.6747308, 0.0209812, , , , , , , , , , , , , , , , , , , , , , , , , , , , 
20.67525, 0.0535439, , , , , , , 20.67525, -0.0102388, , , , , , , 20.67525, 0.0528725, , , , , , , 20.67525, 0.0320592, , , , , , , , , , , , , , , , , , , , , , , , , , , , 
20.6757692, 0.0449836, , , , , , , 20.6757692, 0.0139315, , , , , , , 20.6757692, 0.0669718, , , , , , , 20.6757692, 0.0387732, , , , , , , , , , , , , , , , , , , , , , , , , , , , 
20.6762885, 0.0360876, , , , , , , 20.6762885, 0.012253, , , , , , , 20.6762885, 0.0733501, , , , , , , 20.6762885, 0.0407874, , , , , , , , , , , , , , , , , , , , , , , , , , , , 
20.6768077, 0.0172885, , , , , , , 20.6768077, -0.0125887, , , , , , , 20.6768077, 0.0710002, , , , , , , 20.6768077, 0.0404517, , , , , , , , , , , , , , , , , , , , , , , , , , , , 
20.6773269, -0.0048676, , , , , , , 20.6773269, -0.0276951, , , , , , , 20.6773269, 0.0753643, , , , , , , 20.6773269, 0.0436408, , , , , , , , , , , , , , , , , , , , , , , , , , , , 
20.6778462, -0.0206455, , , , , , , 20.6778462, -0.0216526, , , , , , , 20.6778462, 0.090135, , , , , , , 20.6778462, 0.0501869, , , , , , , , , , , , , , , , , , , , , , , , , , , , 
20.6783654, -0.0292058, , , , , , , 20.6783654, -0.0226596, , , , , , , 20.6783654, 0.1092699, , , , , , , 20.6783654, 0.0562295, , , , , , , , , , , , , , , , , , , , , , , , , , , , 
20.6788846, -0.0374304, , , , , , , 20.6788846, -0.0357519, , , , , , , 20.6788846, 0.1240406, , , , , , , 20.6788846, 0.0616007, , , , , , , , , , , , , , , , , , , , , , , , , , , , 
20.6794038, -0.0458228, , , , , , , 20.6794038, -0.0426337, , , , , , , 20.6794038, 0.1320974, , , , , , , 20.6794038, 0.066804, , , , , , , , , , , , , , , , , , , , , , , , , , , , 
20.6799231, -0.051194, , , , , , , 20.6799231, -0.0454871, , , , , , , 20.6799231, 0.1421683, , , , , , , 20.6799231, 0.0656291, , , , , , , , , , , , , , , , , , , , , , , , , , , , 
20.6804423, -0.047837, , , , , , , 20.6804423, -0.0693217, , , , , , , 20.6804423, 0.1596246, , , , , , , 20.6804423, 0.0569009, , , , , , , , , , , , , , , , , , , , , , , , , , , , 
20.6809615, -0.0406195, , , , , , , 20.6809615, -0.1176623, , , , , , , 20.6809615, 0.1886625, , , , , , , 20.6809615, 0.0454871, , , , , , , , , , , , , , , , , , , , , , , , , , , , 
20.6814808, -0.0310521, , , , , , , 20.6814808, -0.1507286, , , , , , , 20.6814808, 0.2151827, , , , , , , 20.6814808, 0.0344091, , , , , , , , , , , , , , , , , , , , , , , , , , , , 
20.682, -0.0209812, , , , , , , 20.682, -0.1008774, , , , , , , 20.682, 0.2247501, , , , , , , 20.682, 0.0226596, , , , , , , , , , , , , , , , , , , , , , , , , , , , 
20.6825192, -0.0105745, , , , , , , 20.6825192, 0.0372625, , , , , , , 20.6825192, 0.2079652, , , , , , , 20.6825192, 0.0132601, , , , , , , , , , , , , , , , , , , , , , , , , , , , 
20.6830385, -0.0015106, , , , , , , 20.6830385, 0.1394827, , , , , , , 20.6830385, 0.1707027, , , , , , , 20.6830385, 0.0087282, , , , , , , , , , , , , , , , , , , , , , , , , , , , 
20.6835577, 0.0065461, , , , , , , 20.6835577, 0.1327687, , , , , , , 20.6835577, 0.1193408, , , , , , , 20.6835577, 0.0041962, , , , , , , , , , , , , , , , , , , , , , , , , , , , 
20.6840769, 0.0099031, , , , , , , 20.6840769, 0.0696574, , , , , , , 20.6840769, 0.0626078, , , , , , , 20.6840769, -0.0003357, , , , , , , , , , , , , , , , , , , , , , , , , , , , 
20.6845962, 0.008896, , , , , , , 20.6845962, 0.0206455, , , , , , , 20.6845962, 0.0065461, , , , , , , 20.6845962, -0.0041962, , , , , , , , , , , , , , , , , , , , , , , , , , , , 
20.6851154, 0.0082246, , , , , , , 20.6851154, -0.0041962, , , , , , , 20.6851154, -0.047837, , , , , , , 20.6851154, -0.0015106, , , , , , , , , , , , , , , , , , , , , , , , , , , , 
20.6856346, 0.0092317, , , , , , , 20.6856346, -0.017792, , , , , , , 20.6856346, -0.0941634, , , , , , , 20.6856346, 0.0082246, , , , , , , , , , , , , , , , , , , , , , , , , , , , 
20.6861538, 0.0085603, , , , , , , 20.6861538, -0.0352483, , , , , , , 20.6861538, -0.1253834, , , , , , , 20.6861538, 0.018967, , , , , , , , , , , , , , , , , , , , , , , , , , , , 
20.6866731, 0.0045319, , , , , , , 20.6866731, -0.0619364, , , , , , , 20.6866731, -0.1428397, , , , , , , 20.6866731, 0.0303807, , , , , , , , , , , , , , , , , , , , , , , , , , , , 
20.6871923, 0.0025177, , , , , , , 20.6871923, -0.0720073, , , , , , , 20.6871923, -0.1552605, , , , , , , 20.6871923, 0.0404517, , , , , , , , , , , , , , , , , , , , , , , , , , , , 
20.6877115, 0.0038605, , , , , , , 20.6877115, -0.061265, , , , , , , 20.6877115, -0.1666743, , , , , , , 20.6877115, 0.0448157, , , , , , , , , , , , , , , , , , , , , , , , , , , , 
20.6882308, 0.0058747, , , , , , , 20.6882308, -0.0528725, , , , , , , 20.6882308, -0.1727169, , , , , , , 20.6882308, 0.0451514, , , , , , , , , , , , , , , , , , , , , , , , , , , , 
20.68875, 0.0078889, , , , , , , 20.68875, -0.0518654, , , , , , , 20.68875, -0.1680171, , , , , , , 20.68875, 0.0424659, , , , , , , , , , , , , , , , , , , , , , , , , , , , 
20.6892692, 0.0112459, , , , , , , 20.6892692, -0.0381018, , , , , , , 20.6892692, -0.1567712, , , , , , , 20.6892692, 0.0320592, , , , , , , , , , , , , , , , , , , , , , , , , , , , 
20.6897885, 0.0229953, , , , , , , 20.6897885, -0.0109102, , , , , , , 20.6897885, -0.1451896, , , , , , , 20.6897885, 0.0152743, , , , , , , , , , , , , , , , , , , , , , , , , , , , 
20.6903077, 0.0360876, , , , , , , 20.6903077, 0.0062104, , , , , , , 20.6903077, -0.1240406, , , , , , , 20.6903077, -0.0011749, , , , , , , , , , , , , , , , , , , , , , , , , , , , 
20.6908269, 0.0515297, , , , , , , 20.6908269, 0.0028534, , , , , , , 20.6908269, -0.094667, , , , , , , 20.6908269, -0.0109102, , , , , , , , , , , , , , , , , , , , , , , , , , , , 
20.6913462, 0.0647898, , , , , , , 20.6913462, -0.0023499, , , , , , , 20.6913462, -0.0451514, , , , , , , 20.6913462, -0.0162814, , , , , , , , , , , , , , , , , , , , , , , , , , , , 
20.6918654, 0.0777142, , , , , , , 20.6918654, 0.0048676, , , , , , , 20.6918654, 0.0263523, , , , , , , 20.6918654, -0.018967, , , , , , , , , , , , , , , , , , , , , , , , , , , , 
20.6923846, 0.0916457, , , , , , , 20.6923846, 0.0226596, , , , , , , 20.6923846, 0.0820783, , , , , , , 20.6923846, -0.0186313, , , , , , , , , , , , , , , , , , , , , , , , , , , , 
20.6929038, 0.1025559, , , , , , , 20.6929038, 0.0377661, , , , , , , 20.6929038, 0.103563, , , , , , , 20.6929038, -0.0169528, , , , , , , , , , , , , , , , , , , , , , , , , , , , 
20.6934231, 0.1082628, , , , , , , 20.6934231, 0.0475013, , , , , , , 20.6934231, 0.1082628, , , , , , , 20.6934231, -0.0142672, , , , , , , , , , , , , , , , , , , , , , , , , , , , 
20.6939423, 0.1038987, , , , , , , 20.6939423, 0.0569009, , , , , , , 20.6939423, 0.1065843, , , , , , , 20.6939423, -0.0125887, , , , , , , , , , , , , , , , , , , , , , , , , , , , 
20.6944615, 0.0889601, , , , , , , 20.6944615, 0.063447, , , , , , , 20.6944615, 0.0985275, , , , , , , 20.6944615, -0.0117494, , , , , , , , , , , , , , , , , , , , , , , , , , , , 
20.6949808, 0.0681468, , , , , , , 20.6949808, 0.0629435, , , , , , , 20.6949808, 0.0844282, , , , , , , 20.6949808, -0.0095674, , , , , , , , , , , , , , , , , , , , , , , , , , , , 
20.6955, 0.0501869, , , , , , , 20.6955, 0.0555581, , , , , , , 20.6955, 0.0728466, , , , , , , 20.6955, -0.0077211, , , , , , , , , , , , , , , , , , , , , , , , , , , , 
20.6960192, 0.0330663, , , , , , , 20.6960192, 0.04448, , , , , , , 20.6960192, 0.0703288, , , , , , , 20.6960192, -0.0075532, , , , , , , , , , , , , , , , , , , , , , , , , , , , 
20.6965385, 0.0112459, , , , , , , 20.6965385, 0.0357519, , , , , , , 20.6965385, 0.0694896, , , , , , , 20.6965385, -0.0031891, , , , , , , , , , , , , , , , , , , , , , , , , , , , 
20.6970577, -0.0115816, , , , , , , 20.6970577, 0.0260166, , , , , , , 20.6970577, 0.0686503, , , , , , , 20.6970577, 0.0072175, , , , , , , , , , , , , , , , , , , , , , , , , , , , 
20.6975769, -0.0313878, , , , , , , 20.6975769, 0.0139315, , , , , , , 20.6975769, 0.0654612, , , , , , , 20.6975769, 0.0223239, , , , , , , , , , , , , , , , , , , , , , , , , , , , 
20.6980962, -0.0485084, , , , , , , 20.6980962, 0.0015106, , , , , , , 20.6980962, 0.0392767, , , , , , , 20.6980962, 0.0384375, , , , , , , , , , , , , , , , , , , , , , , , , , , , 
20.6986154, -0.0636149, , , , , , , 20.6986154, -0.0065461, , , , , , , 20.6986154, -0.0028534, , , , , , , 20.6986154, 0.0495155, , , , , , , , , , , , , , , , , , , , , , , , , , , , 
20.6991346, -0.0733501, , , , , , , 20.6991346, -0.0041962, , , , , , , 20.6991346, -0.0505226, , , , , , , 20.6991346, 0.0558938, , , , , , , , , , , , , , , , , , , , , , , , , , , , 
20.6996538, -0.0810712, , , , , , , 20.6996538, 0.0031891, , , , , , , 20.6996538, -0.0978561, , , , , , , 20.6996538, 0.0622721, , , , , , , , , , , , , , , , , , , , , , , , , , , , 
20.7001731, -0.0829175, , , , , , , 20.7001731, 0.0142672, , , , , , , 20.7001731, -0.1384756, , , , , , , 20.7001731, 0.0639506, , , , , , , , , , , , , , , , , , , , , , , , , , , , 
20.7006923, -0.0720073, , , , , , , 20.7006923, 0.0454871, , , , , , , 20.7006923, -0.1666743, , , , , , , 20.7006923, 0.0609293, , , , , , , , , , , , , , , , , , , , , , , , , , , , 
20.7012115, -0.0597543, , , , , , , 20.7012115, 0.0795605, , , , , , , 20.7012115, -0.1769131, , , , , , , 20.7012115, 0.0589151, , , , , , , , , , , , , , , , , , , , , , , , , , , , 
20.7017308, -0.0558938, , , , , , , 20.7017308, 0.0760357, , , , , , , 20.7017308, -0.1811093, , , , , , , 20.7017308, 0.0547189, , , , , , , , , , , , , , , , , , , , , , , , , , , , 
20.70225, -0.0522011, , , , , , , 20.70225, 0.0360876, , , , , , , 20.70225, -0.188159, , , , , , , 20.70225, 0.04448, , , , , , , , , , , , , , , , , , , , , , , , , , , , 
20.7027692, -0.0471656, , , , , , , 20.7027692, -0.0001678, , , , , , , 20.7027692, -0.1895018, , , , , , , 20.7027692, 0.0337377, , , , , , , , , , , , , , , , , , , , , , , , , , , , 
20.7032885, -0.0411231, , , , , , , 20.7032885, -0.0203098, , , , , , , 20.7032885, -0.1787594, , , , , , , 20.7032885, 0.0219883, , , , , , , , , , , , , , , , , , , , , , , , , , , , 
20.7038077, -0.0382696, , , , , , , 20.7038077, -0.0283665, , , , , , , 20.7038077, -0.160296, , , , , , , 20.7038077, 0.0082246, , , , , , , , , , , , , , , , , , , , , , , , , , , , 
20.7043269, -0.0354162, , , , , , , 20.7043269, -0.0243381, , , , , , , 20.7043269, -0.1384756, , , , , , , 20.7043269, -0.0082246, , , , , , , , , , , , , , , , , , , , , , , , , , , , 
20.7048462, -0.0292058, , , , , , , 20.7048462, -0.0125887, , , , , , , 20.7048462, -0.1223621, , , , , , , 20.7048462, -0.017792, , , , , , , , , , , , , , , , , , , , , , , , , , , , 
20.7053654, -0.0216526, , , , , , , 20.7053654, -0.0030213, , , , , , , 20.7053654, -0.1129625, , , , , , , 20.7053654, -0.018967, , , , , , , , , , , , , , , , , , , , , , , , , , , , 
20.7058846, -0.014435, , , , , , , 20.7058846, -0.0043641, , , , , , , 20.7058846, -0.1038987, , , , , , , 20.7058846, -0.018967, , , , , , , , , , , , , , , , , , , , , , , , , , , , 
20.7064038, -0.005539, , , , , , , 20.7064038, -0.0199741, , , , , , , 20.7064038, -0.0894636, , , , , , , 20.7064038, -0.0191348, , , , , , , , , , , , , , , , , , , , , , , , , , , , 
20.7069231, 0.0062104, , , , , , , 20.7069231, -0.0344091, , , , , , , 20.7069231, -0.0626078, , , , , , , 20.7069231, -0.01561, , , , , , , , , , , , , , , , , , , , , , , , , , , , 
20.7074423, 0.01561, , , , , , , 20.7074423, -0.0404517, , , , , , , 20.7074423, -0.0256809, , , , , , , 20.7074423, -0.0124208, , , , , , , , , , , , , , , , , , , , , , , , , , , , 
20.7079615, 0.0186313, , , , , , , 20.7079615, -0.0558938, , , , , , , 20.7079615, 0.012253, , , , , , , 20.7079615, -0.0149386, , , , , , , , , , , , , , , , , , , , , , , , , , , , 
20.7084808, 0.0198062, , , , , , , 20.7084808, -0.0793927, , , , , , , 20.7084808, 0.0468299, , , , , , , 20.7084808, -0.0223239, , , , , , , , , , , , , , , , , , , , , , , , , , , , 
20.709, 0.0196384, , , , , , , 20.709, -0.0891279, , , , , , , 20.709, 0.0710002, , , , , , , 20.709, -0.0276951, , , , , , , , , , , , , , , , , , , , , , , , , , , , 
20.7095192, 0.0169528, , , , , , , 20.7095192, -0.0800641, , , , , , , 20.7095192, 0.0810712, , , , , , , 20.7095192, -0.030045, , , , , , , , , , , , , , , , , , , , , , , , , , , , 
20.7100385, 0.0216526, , , , , , , 20.7100385, -0.0538796, , , , , , , 20.7100385, 0.0815747, , , , , , , 20.7100385, -0.0330663, , , , , , , , , , , , , , , , , , , , , , , , , , , , 
20.7105577, 0.0377661, , , , , , , 20.7105577, -0.0198062, , , , , , , 20.7105577, 0.0817426, , , , , , , 20.7105577, -0.0399481, , , , , , , , , , , , , , , , , , , , , , , , , , , , 
20.7110769, 0.0552224, , , , , , , 20.7110769, 0.0119173, , , , , , , 20.7110769, 0.0874495, , , , , , , 20.7110769, -0.0424659, , , , , , , , , , , , , , , , , , , , , , , , , , , , 
20.7115962, 0.0661326, , , , , , , 20.7115962, 0.0347448, , , , , , , 20.7115962, 0.0897993, , , , , , , 20.7115962, -0.0407874, , , , , , , , , , , , , , , , , , , , , , , , , , , , 
20.7121154, 0.0703288, , , , , , , 20.7121154, 0.0310521, , , , , , , 20.7121154, 0.0882887, , , , , , , 20.7121154, -0.0404517, , , , , , , , , , , , , , , , , , , , , , , , , , , , 
20.7126346, 0.0673075, , , , , , , 20.7126346, 0.0015106, , , , , , , 20.7126346, 0.0887922, , , , , , , 20.7126346, -0.0377661, , , , , , , , , , , , , , , , , , , , , , , , , , , , 
20.7131538, 0.0602579, , , , , , , 20.7131538, -0.0287022, , , , , , , 20.7131538, 0.0951705, , , , , , , 20.7131538, -0.0310521, , , , , , , , , , , , , , , , , , , , , , , , , , , , 
20.7136731, 0.0475013, , , , , , , 20.7136731, -0.0468299, , , , , , , 20.7136731, 0.096849, , , , , , , 20.7136731, -0.0216526, , , , , , , , , , , , , , , , , , , , , , , , , , , , 
20.7141923, 0.0273594, , , , , , , 20.7141923, -0.0592508, , , , , , , 20.7141923, 0.0887922, , , , , , , 20.7141923, -0.0045319, , , , , , , , , , , , , , , , , , , , , , , , , , , , 
20.7147115, 0.0104067, , , , , , , 20.7147115, -0.0592508, , , , , , , 20.7147115, 0.0803998, , , , , , , 20.7147115, 0.0162814, , , , , , , , , , , , , , , , , , , , , , , , , , , , 
20.7152308, -0.0028534, , , , , , , 20.7152308, -0.04448, , , , , , , 20.7152308, 0.0740215, , , , , , , 20.7152308, 0.0323949, , , , , , , , , , , , , , , , , , , , , , , , , , , , 
20.71575, -0.0169528, , , , , , , 20.71575, -0.0276951, , , , , , , 20.71575, 0.0652934, , , , , , , 20.71575, 0.0414588, , , , , , , , , , , , , , , , , , , , , , , , , , , , 
20.7162692, -0.0290379, , , , , , , 20.7162692, -0.0140993, , , , , , , 20.7162692, 0.0535439, , , , , , , 20.7162692, 0.0505226, , , , , , , , , , , , , , , , , , , , , , , , , , , , 
20.7167885, -0.0424659, , , , , , , 20.7167885, -0.0085603, , , , , , , 20.7167885, 0.0394446, , , , , , , 20.7167885, 0.0629435, , , , , , , , , , , , , , , , , , , , , , , , , , , , 
20.7173077, -0.0627756, , , , , , , 20.7173077, -0.0092317, , , , , , , 20.7173077, 0.0287022, , , , , , , 20.7173077, 0.0733501, , , , , , , , , , , , , , , , , , , , , , , , , , , , 
20.7178269, -0.0793927, , , , , , , 20.7178269, -0.0105745, , , , , , , 20.7178269, 0.0213169, , , , , , , 20.7178269, 0.0758679, , , , , , , , , , , , , , , , , , , , , , , , , , , , 
20.7183462, -0.0871138, , , , , , , 20.7183462, -0.0151064, , , , , , , 20.7183462, 0.0083925, , , , , , , 20.7183462, 0.0767071, , , , , , , , , , , , , , , , , , , , , , , , , , , , 
20.7188654, -0.0914778, , , , , , , 20.7188654, -0.0297093, , , , , , , 20.7188654, -0.0095674, , , , , , , 20.7188654, 0.0793927, , , , , , , , , , , , , , , , , , , , , , , , , , , , 
20.7193846, -0.0914778, , , , , , , 20.7193846, -0.0404517, , , , , , , 20.7193846, -0.0271916, , , , , , , 20.7193846, 0.0770428, , , , , , , , , , , , , , , , , , , , , , , , , , , , 
20.7199038, -0.0881209, , , , , , , 20.7199038, -0.033402, , , , , , , 20.7199038, -0.0454871, , , , , , , 20.7199038, 0.0652934, , , , , , , , , , , , , , , , , , , , , , , , , , , , 
20.7204231, -0.0800641, , , , , , , 20.7204231, -0.0105745, , , , , , , 20.7204231, -0.0599222, , , , , , , 20.7204231, 0.0481727, , , , , , , , , , , , , , , , , , , , , , , , , , , , 
20.7209423, -0.0666361, , , , , , , 20.7209423, 0.023331, , , , , , , 20.7209423, -0.0679789, , , , , , , 20.7209423, 0.0290379, , , , , , , , , , , , , , , , , , , , , , , , , , , , 
20.7214615, -0.047837, , , , , , , 20.7214615, 0.0663005, , , , , , , 20.7214615, -0.0720073, , , , , , , 20.7214615, 0.014435, , , , , , , , , , , , , , , , , , , , , , , , , , , , 
20.7219808, -0.0270237, , , , , , , 20.7219808, 0.1089342, , , , , , , 20.7219808, -0.0740215, , , , , , , 20.7219808, 0.0060426, , , , , , , , , , , , , , , , , , , , , , , , , , , , 
20.7225, -0.0105745, , , , , , , 20.7225, 0.1304189, , , , , , , 20.7225, -0.0713359, , , , , , , 20.7225, -0.0001678, , , , , , , , , , , , , , , , , , , , , , , , , , , , 
20.7230192, -0.0008392, , , , , , , 20.7230192, 0.121355, , , , , , , 20.7230192, -0.0652934, , , , , , , 20.7230192, -0.008896, , , , , , , , , , , , , , , , , , , , , , , , , , , , 
20.7235385, 0.005539, , , , , , , 20.7235385, 0.0943313, , , , , , , 20.7235385, -0.0627756, , , , , , , 20.7235385, -0.0176242, , , , , , , , , , , , , , , , , , , , , , , , , , , , 
20.7240577, 0.0125887, , , , , , , 20.7240577, 0.0718395, , , , , , , 20.7240577, -0.0527047, , , , , , , 20.7240577, -0.0206455, , , , , , , , , , , , , , , , , , , , , , , , , , , , 
20.7245769, 0.0179599, , , , , , , 20.7245769, 0.0599222, , , , , , , 20.7245769, -0.0293736, , , , , , , 20.7245769, -0.017792, , , , , , , , , , , , , , , , , , , , , , , , , , , , 
20.7250962, 0.0224918, , , , , , , 20.7250962, 0.0454871, , , , , , , 20.7250962, 0.0010071, , , , , , , 20.7250962, -0.0142672, , , , , , , , , , , , , , , , , , , , , , , , , , , , 
20.7256154, 0.026688, , , , , , , 20.7256154, 0.0104067, , , , , , , 20.7256154, 0.0253452, , , , , , , 20.7256154, -0.0135958, , , , , , , , , , , , , , , , , , , , , , , , , , , , 
20.7261346, 0.0307164, , , , , , , 20.7261346, -0.0310521, , , , , , , 20.7261346, 0.0394446, , , , , , , 20.7261346, -0.0142672, , , , , , , , , , , , , , , , , , , , , , , , , , , , 
20.7266538, 0.0354162, , , , , , , 20.7266538, -0.0673075, , , , , , , 20.7266538, 0.0468299, , , , , , , 20.7266538, -0.0102388, , , , , , , , , , , , , , , , , , , , , , , , , , , , 
20.7271731, 0.0438087, , , , , , , 20.7271731, -0.0874495, , , , , , , 20.7271731, 0.0515297, , , , , , , 20.7271731, 0.0025177, , , , , , , , , , , , , , , , , , , , , , , , , , , , 
20.7276923, 0.0488441, , , , , , , 20.7276923, -0.0743572, , , , , , , 20.7276923, 0.0538796, , , , , , , 20.7276923, 0.0246738, , , , , , , , , , , , , , , , , , , , , , , , , , , , 
20.7282115, 0.0468299, , , , , , , 20.7282115, -0.0562295, , , , , , , 20.7282115, 0.0508583, , , , , , , 20.7282115, 0.051194, , , , , , , , , , , , , , , , , , , , , , , , , , , , 
20.7287308, 0.0431373, , , , , , , 20.7287308, -0.066804, , , , , , , 20.7287308, 0.0428016, , , , , , , 20.7287308, 0.0696574, , , , , , , , , , , , , , , , , , , , , , , , , , , , 
20.72925, 0.0411231, , , , , , , 20.72925, -0.0981918, , , , , , , 20.72925, 0.0364233, , , , , , , 20.72925, 0.076875, , , , , , , , , , , , , , , , , , , , , , , , , , , , 
20.7297692, 0.043473, , , , , , , 20.7297692, -0.1307546, , , , , , , 20.7297692, 0.0340734, , , , , , , 20.7297692, 0.0787213, , , , , , , , , , , , , , , , , , , , , , , , , , , , 
20.7302885, 0.051194, , , , , , , 20.7302885, -0.1485466, , , , , , , 20.7302885, 0.0303807, , , , , , , 20.7302885, 0.072343, , , , , , , , , , , , , , , , , , , , , , , , , , , , 
20.7308077, 0.0548867, , , , , , , 20.7308077, -0.1408255, , , , , , , 20.7308077, 0.0226596, , , , , , , 20.7308077, 0.057908, , , , , , , , , , , , , , , , , , , , , , , , , , , , 
20.7313269, 0.0575723, , , , , , , 20.7313269, -0.114641, , , , , , , 20.7313269, 0.0119173, , , , , , , 20.7313269, 0.0379339, , , , , , , , , , , , , , , , , , , , , , , , , , , , 
20.7318462, 0.0649577, , , , , , , 20.7318462, -0.0802319, , , , , , , 20.7318462, 0.0038605, , , , , , , 20.7318462, 0.017792, , , , , , , , , , , , , , , , , , , , , , , , , , , , 
20.7323654, 0.0669718, , , , , , , 20.7323654, -0.0475013, , , , , , , 20.7323654, 0.0139315, , , , , , , 20.7323654, 0.0005035, , , , , , , , , , , , , , , , , , , , , , , , , , , , 
20.7328846, 0.0597543, , , , , , , 20.7328846, -0.0109102, , , , , , , 20.7328846, 0.0480049, , , , , , , 20.7328846, -0.0097353, , , , , , , , , , , , , , , , , , , , , , , , , , , , 
20.7334038, 0.0515297, , , , , , , 20.7334038, 0.0256809, , , , , , , 20.7334038, 0.1085985, , , , , , , 20.7334038, -0.0112459, , , , , , , , , , , , , , , , , , , , , , , , , , , , 
20.7339231, 0.0426337, , , , , , , 20.7339231, 0.0424659, , , , , , , 20.7339231, 0.16701, , , , , , , 20.7339231, -0.0048676, , , , , , , , , , , , , , , , , , , , , , , , , , , , 
20.7344423, 0.0344091, , , , , , , 20.7344423, 0.0374304, , , , , , , 20.7344423, 0.1905089, , , , , , , 20.7344423, -0.002182, , , , , , , , , , , , , , , , , , , , , , , , , , , , 
20.7349615, 0.030045, , , , , , , 20.7349615, 0.0253452, , , , , , , 20.7349615, 0.1827878, , , , , , , 20.7349615, -0.0052033, , , , , , , , , , , , , , , , , , , , , , , , , , , , 
20.7354808, 0.026688, , , , , , , 20.7354808, 0.021149, , , , , , , 20.7354808, 0.1663386, , , , , , , 20.7354808, -0.0062104, , , , , , , , , , , , , , , , , , , , , , , , , , , , 
20.736, 0.017792, , , , , , , 20.736, 0.0229953, , , , , , , 20.736, 0.1435111, , , , , , , 20.736, -0.0028534, , , , , , , , , , , , , , , , , , , , , , , , , , , , 
20.7365192, 0.0025177, , , , , , , 20.7365192, 0.0135958, , , , , , , 20.7365192, 0.0975204, , , , , , , 20.7365192, 0.002182, , , , , , , , , , , , , , , , , , , , , , , , , , , , 
20.7370385, -0.0095674, , , , , , , 20.7370385, -0.008896, , , , , , , 20.7370385, 0.026688, , , , , , , 20.7370385, 0.0057069, , , , , , , , , , , , , , , , , , , , , , , , , , , , 
20.7375577, -0.018967, , , , , , , 20.7375577, -0.0226596, , , , , , , 20.7375577, -0.0480049, , , , , , , 20.7375577, 0.0070497, , , , , , , , , , , , , , , , , , , , , , , , , , , , 
20.7380769, -0.0303807, , , , , , , 20.7380769, -0.0206455, , , , , , , 20.7380769, -0.0997024, , , , , , , 20.7380769, 0.0085603, , , , , , , , , , , , , , , , , , , , , , , , , , , , 
20.7385962, -0.0424659, , , , , , , 20.7385962, -0.0169528, , , , , , , 20.7385962, -0.1273976, , , , , , , 20.7385962, 0.0099031, , , , , , , , , , , , , , , , , , , , , , , , , , , , 
20.7391154, -0.0501869, , , , , , , 20.7391154, -0.0109102, , , , , , , 20.7391154, -0.149218, , , , , , , 20.7391154, 0.0119173, , , , , , , , , , , , , , , , , , , , , , , , , , , , 
20.7396346, -0.0527047, , , , , , , 20.7396346, 0.0052033, , , , , , , 20.7396346, -0.1735561, , , , , , , 20.7396346, 0.012253, , , , , , , , , , , , , , , , , , , , , , , , , , , , 
20.7401538, -0.0493477, , , , , , , 20.7401538, 0.0159457, , , , , , , 20.7401538, -0.1928588, , , , , , , 20.7401538, 0.0092317, , , , , , , , , , , , , , , , , , , , , , , , , , , , 
20.7406731, -0.0399481, , , , , , , 20.7406731, 0.0179599, , , , , , , 20.7406731, -0.203769, , , , , , , 20.7406731, 0.0062104, , , , , , , , , , , , , , , , , , , , , , , , , , , , 
20.7411923, -0.0256809, , , , , , , 20.7411923, 0.0298772, , , , , , , 20.7411923, -0.2089723, , , , , , , 20.7411923, 0.0041962, , , , , , , , , , , , , , , , , , , , , , , , , , , , 
20.7417115, -0.0109102, , , , , , , 20.7417115, 0.0481727, , , , , , , 20.7417115, -0.2076295, , , , , , , 20.7417115, 0.0023499, , , , , , , , , , , , , , , , , , , , , , , , , , , , 
20.7422308, 0.0038605, , , , , , , 20.7422308, 0.0626078, , , , , , , 20.7422308, -0.2056153, , , , , , , 20.7422308, -0.0031891, , , , , , , , , , , , , , , , , , , , , , , , , , , , 
20.74275, 0.018967, , , , , , , 20.74275, 0.0622721, , , , , , , 20.74275, -0.2056153, , , , , , , 20.74275, -0.0095674, , , , , , , , , , , , , , , , , , , , , , , , , , , , 
20.7432692, 0.0318914, , , , , , , 20.7432692, 0.0414588, , , , , , , 20.7432692, -0.2083009, , , , , , , 20.7432692, -0.0127565, , , , , , , , , , , , , , , , , , , , , , , , , , , , 
20.7437885, 0.0428016, , , , , , , 20.7437885, 0.0176242, , , , , , , 20.7437885, -0.2136721, , , , , , , 20.7437885, -0.0102388, , , , , , , , , , , , , , , , , , , , , , , , , , , , 
20.7443077, 0.0481727, , , , , , , 20.7443077, 0.0010071, , , , , , , 20.7443077, -0.2177005, , , , , , , 20.7443077, -0.0028534, , , , , , , , , , , , , , , , , , , , , , , , , , , , 
20.7448269, 0.0476692, , , , , , , 20.7448269, -0.0112459, , , , , , , 20.7448269, -0.2230716, , , , , , , 20.7448269, 0.0060426, , , , , , , , , , , , , , , , , , , , , , , , , , , , 
20.7453462, 0.0446479, , , , , , , 20.7453462, -0.0151064, , , , , , , 20.7453462, -0.2153506, , , , , , , 20.7453462, 0.0146029, , , , , , , , , , , , , , , , , , , , , , , , , , , , 
20.7458654, 0.0404517, , , , , , , 20.7458654, -0.0243381, , , , , , , 20.7458654, -0.1863127, , , , , , , 20.7458654, 0.0240024, , , , , , , , , , , , , , , , , , , , , , , , , , , , 
20.7463846, 0.040116, , , , , , , 20.7463846, -0.0441444, , , , , , , 20.7463846, -0.1485466, , , , , , , 20.7463846, 0.0293736, , , , , , , , , , , , , , , , , , , , , , , , , , , , 
20.7469038, 0.043473, , , , , , , 20.7469038, -0.0471656, , , , , , , 20.7469038, -0.1139696, , , , , , , 20.7469038, 0.0288701, , , , , , , , , , , , , , , , , , , , , , , , , , , , 
20.7474231, 0.0441444, , , , , , , 20.7474231, -0.0344091, , , , , , , 20.7474231, -0.0783856, , , , , , , 20.7474231, 0.0260166, , , , , , , , , , , , , , , , , , , , , , , , , , , , 
20.7479423, 0.0396124, , , , , , , 20.7479423, -0.0381018, , , , , , , 20.7479423, -0.0424659, , , , , , , 20.7479423, 0.0273594, , , , , , , , , , , , , , , , , , , , , , , , , , , , 
20.7484615, 0.0360876, , , , , , , 20.7484615, -0.0639506, , , , , , , 20.7484615, -0.0097353, , , , , , , 20.7484615, 0.030045, , , , , , , , , , , , , , , , , , , , , , , , , , , , 
20.7489808, 0.0387732, , , , , , , 20.7489808, -0.0884565, , , , , , , 20.7489808, 0.01561, , , , , , , 20.7489808, 0.0280308, , , , , , , , , , , , , , , , , , , , , , , , , , , , 
20.7495, 0.04448, , , , , , , 20.7495, -0.0861067, , , , , , , 20.7495, 0.0354162, , , , , , , 20.7495, 0.0213169, , , , , , , , , , , , , , , , , , , , , , , , , , , , 
20.7500192, 0.0548867, , , , , , , 20.7500192, -0.0659648, , , , , , , 20.7500192, 0.0495155, , , , , , , 20.7500192, 0.0125887, , , , , , , , , , , , , , , , , , , , , , , , , , , , 
20.7505385, 0.0673075, , , , , , , 20.7505385, -0.051194, , , , , , , 20.7505385, 0.061265, , , , , , , 20.7505385, 0.0023499, , , , , , , , , , , , , , , , , , , , , , , , , , , , 
20.7510577, 0.0703288, , , , , , , 20.7510577, -0.030045, , , , , , , 20.7510577, 0.0750286, , , , , , , 20.7510577, -0.008896, , , , , , , , , , , , , , , , , , , , , , , , , , , , 
20.7515769, 0.0706645, , , , , , , 20.7515769, 0.0082246, , , , , , , 20.7515769, 0.0921492, , , , , , , 20.7515769, -0.01561, , , , , , , , , , , , , , , , , , , , , , , , , , , , 
20.7520962, 0.0681468, , , , , , , 20.7520962, 0.0276951, , , , , , , 20.7520962, 0.1085985, , , , , , , 20.7520962, -0.0182956, , , , , , , , , , , , , , , , , , , , , , , , , , , , 
20.7526154, 0.0636149, , , , , , , 20.7526154, 0.0112459, , , , , , , 20.7526154, 0.124712, , , , , , , 20.7526154, -0.0186313, , , , , , , , , , , , , , , , , , , , , , , , , , , , 
20.7531346, 0.057908, , , , , , , 20.7531346, -0.0139315, , , , , , , 20.7531346, 0.139147, , , , , , , 20.7531346, -0.0179599, , , , , , , , , , , , , , , , , , , , , , , , , , , , 
20.7536538, 0.0475013, , , , , , , 20.7536538, -0.0204776, , , , , , , 20.7536538, 0.1495537, , , , , , , 20.7536538, -0.0179599, , , , , , , , , , , , , , , , , , , , , , , , , , , , 
20.7541731, 0.0339055, , , , , , , 20.7541731, -0.0115816, , , , , , , 20.7541731, 0.1529107, , , , , , , 20.7541731, -0.0182956, , , , , , , , , , , , , , , , , , , , , , , , , , , , 
20.7546923, 0.0240024, , , , , , , 20.7546923, 0.0041962, , , , , , , 20.7546923, 0.1475395, , , , , , , 20.7546923, -0.0166171, , , , , , , , , , , , , , , , , , , , , , , , , , , , 
20.7552115, 0.0169528, , , , , , , 20.7552115, 0.0340734, , , , , , , 20.7552115, 0.1428397, , , , , , , 20.7552115, -0.0125887, , , , , , , , , , , , , , , , , , , , , , , , , , , , 
20.7557308, 0.0099031, , , , , , , 20.7557308, 0.0669718, , , , , , , 20.7557308, 0.1461967, , , , , , , 20.7557308, -0.0075532, , , , , , , , , , , , , , , , , , , , , , , , , , , , 
20.75625, -0.0025177, , , , , , , 20.75625, 0.0607614, , , , , , , 20.75625, 0.1502251, , , , , , , 20.75625, -0.0003357, , , , , , , , , , , , , , , , , , , , , , , , , , , , 
20.7567692, -0.0182956, , , , , , , 20.7567692, 0.0280308, , , , , , , 20.7567692, 0.1465324, , , , , , , 20.7567692, 0.0078889, , , , , , , , , , , , , , , , , , , , , , , , , , , , 
20.7572885, -0.0293736, , , , , , , 20.7572885, 0.0058747, , , , , , , 20.7572885, 0.1381399, , , , , , , 20.7572885, 0.0157778, , , , , , , , , , , , , , , , , , , , , , , , , , , , 
20.7578077, -0.0406195, , , , , , , 20.7578077, -0.002182, , , , , , , 20.7578077, 0.128069, , , , , , , 20.7578077, 0.0196384, , , , , , , , , , , , , , , , , , , , , , , , , , , , 
20.7583269, -0.0491798, , , , , , , 20.7583269, -0.0132601, , , , , , , 20.7583269, 0.109102, , , , , , , 20.7583269, 0.0219883, , , , , , , , , , , , , , , , , , , , , , , , , , , , 
20.7588462, -0.0533761, , , , , , , 20.7588462, -0.01561, , , , , , , 20.7588462, 0.082414, , , , , , , 20.7588462, 0.0236667, , , , , , , , , , , , , , , , , , , , , , , , , , , , 
20.7593654, -0.0595865, , , , , , , 20.7593654, 0.0015106, , , , , , , 20.7593654, 0.0532082, , , , , , , 20.7593654, 0.0226596, , , , , , , , , , , , , , , , , , , , , , , , , , , , 
20.7598846, -0.057908, , , , , , , 20.7598846, 0.0132601, , , , , , , 20.7598846, 0.0223239, , , , , , , 20.7598846, 0.0213169, , , , , , , , , , , , , , , , , , , , , , , , , , , , 
20.7604038, -0.0464942, , , , , , , 20.7604038, 0.0179599, , , , , , , 20.7604038, -0.0075532, , , , , , , 20.7604038, 0.0172885, , , , , , , , , , , , , , , , , , , , , , , , , , , , 
20.7609231, -0.0327306, , , , , , , 20.7609231, 0.0431373, , , , , , , 20.7609231, -0.0357519, , , , , , , 20.7609231, 0.0105745, , , , , , , , , , , , , , , , , , , , , , , , , , , , 
20.7614423, -0.0196384, , , , , , , 20.7614423, 0.0730144, , , , , , , 20.7614423, -0.0699931, , , , , , , 20.7614423, 0.0025177, , , , , , , , , , , , , , , , , , , , , , , , , , , , 
20.7619615, -0.008896, , , , , , , 20.7619615, 0.0864424, , , , , , , 20.7619615, -0.1075914, , , , , , , 20.7619615, -0.0041962, , , , , , , , , , , , , , , , , , , , , , , , , , , , 
20.7624808, -0.0001678, , , , , , , 20.7624808, 0.0891279, , , , , , , 20.7624808, -0.1334401, , , , , , , 20.7624808, -0.0062104, , , , , , , , , , , , , , , , , , , , , , , , , , , , 
20.763, 0.0082246, , , , , , , 20.763, 0.0896315, , , , , , , 20.763, -0.1384756, , , , , , , 20.763, -0.002182, , , , , , , , , , , , , , , , , , , , , , , , , , , , 
20.7635192, 0.0154421, , , , , , , 20.7635192, 0.0716716, , , , , , , 20.7635192, -0.1263905, , , , , , , 20.7635192, 0.0083925, , , , , , , , , , , , , , , , , , , , , , , , , , , , 
20.7640385, 0.0193027, , , , , , , 20.7640385, 0.0092317, , , , , , , 20.7640385, -0.1012131, , , , , , , 20.7640385, 0.0243381, , , , , , , , , , , , , , , , , , , , , , , , , , , , 
20.7645577, 0.0213169, , , , , , , 20.7645577, -0.0793927, , , , , , , 20.7645577, -0.0713359, , , , , , , 20.7645577, 0.0384375, , , , , , , , , , , , , , , , , , , , , , , , , , , , 
20.7650769, 0.0219883, , , , , , , 20.7650769, -0.1371328, , , , , , , 20.7650769, -0.04448, , , , , , , 20.7650769, 0.0522011, , , , , , , , , , , , , , , , , , , , , , , , , , , , 
20.7655962, 0.0216526, , , , , , , 20.7655962, -0.1505608, , , , , , , 20.7655962, -0.0256809, , , , , , , 20.7655962, 0.0642863, , , , , , , , , , , , , , , , , , , , , , , , , , , , 
20.7661154, 0.023331, , , , , , , 20.7661154, -0.1401541, , , , , , , 20.7661154, -0.0130922, , , , , , , 20.7661154, 0.0710002, , , , , , , , , , , , , , , , , , , , , , , , , , , , 
20.7666346, 0.0283665, , , , , , , 20.7666346, -0.1250477, , , , , , , 20.7666346, -0.005539, , , , , , , 20.7666346, 0.0710002, , , , , , , , , , , , , , , , , , , , , , , , , , , , 
20.7671538, 0.03122, , , , , , , 20.7671538, -0.1044022, , , , , , , 20.7671538, 0.0001678, , , , , , , 20.7671538, 0.0691539, , , , , , , , , , , , , , , , , , , , , , , , , , , , 
20.7676731, 0.036759, , , , , , , 20.7676731, -0.0733501, , , , , , , 20.7676731, 0.0095674, , , , , , , 20.7676731, 0.0703288, , , , , , , , , , , , , , , , , , , , , , , , , , , , 
20.7681923, 0.0404517, , , , , , , 20.7681923, -0.0424659, , , , , , , 20.7681923, 0.0226596, , , , , , , 20.7681923, 0.0710002, , , , , , , , , , , , , , , , , , , , , , , , , , , , 
20.7687115, 0.0441444, , , , , , , 20.7687115, -0.0265202, , , , , , , 20.7687115, 0.0394446, , , , , , , 20.7687115, 0.0663005, , , , , , , , , , , , , , , , , , , , , , , , , , , , 
20.7692308, 0.0464942, , , , , , , 20.7692308, -0.0181277, , , , , , , 20.7692308, 0.0676432, , , , , , , 20.7692308, 0.0575723, , , , , , , , , , , , , , , , , , , , , , , , , , , , 
20.76975, 0.0508583, , , , , , , 20.76975, -0.0041962, , , , , , , 20.76975, 0.1015488, , , , , , , 20.76975, 0.0461585, , , , , , , , , , , , , , , , , , , , , , , , , , , , 
20.7702692, 0.0688182, , , , , , , 20.7702692, 0.0115816, , , , , , , 20.7702692, 0.119173, , , , , , , 20.7702692, 0.0320592, , , , , , , , , , , , , , , , , , , , , , , , , , , , 
20.7707885, 0.0887922, , , , , , , 20.7707885, 0.0231632, , , , , , , 20.7707885, 0.1132982, , , , , , , 20.7707885, 0.0216526, , , , , , , , , , , , , , , , , , , , , , , , , , , , 
20.7713077, 0.0938277, , , , , , , 20.7713077, 0.0307164, , , , , , , 20.7713077, 0.0958419, , , , , , , 20.7713077, 0.0172885, , , , , , , , , , , , , , , , , , , , , , , , , , , , 
20.7718269, 0.0938277, , , , , , , 20.7718269, 0.0411231, , , , , , , 20.7718269, 0.0763714, , , , , , , 20.7718269, 0.0132601, , , , , , , , , , , , , , , , , , , , , , , , , , , , 
20.7723462, 0.0938277, , , , , , , 20.7723462, 0.0522011, , , , , , , 20.7723462, 0.0637827, , , , , , , 20.7723462, 0.0075532, , , , , , , , , , , , , , , , , , , , , , , , , , , , 
20.7728654, 0.090135, , , , , , , 20.7728654, 0.0569009, , , , , , , 20.7728654, 0.0696574, , , , , , , 20.7728654, 0.0011749, , , , , , , , , , , , , , , , , , , , , , , , , , , , 
20.7733846, 0.0817426, , , , , , , 20.7733846, 0.0589151, , , , , , , 20.7733846, 0.0877852, , , , , , , 20.7733846, -0.0052033, , , , , , , , , , , , , , , , , , , , , , , , , , , , 
20.7739038, 0.0642863, , , , , , , 20.7739038, 0.0659648, , , , , , , 20.7739038, 0.1030594, , , , , , , 20.7739038, -0.0125887, , , , , , , , , , , , , , , , , , , , , , , , , , , , 
20.7744231, 0.040116, , , , , , , 20.7744231, 0.0850996, , , , , , , 20.7744231, 0.10692, , , , , , , 20.7744231, -0.0179599, , , , , , , , , , , , , , , , , , , , , , , , , , , , 
20.7749423, 0.0203098, , , , , , , 20.7749423, 0.1121233, , , , , , , 20.7749423, 0.0990311, , , , , , , 20.7749423, -0.0209812, , , , , , , , , , , , , , , , , , , , , , , , , , , , 
20.7754615, 0.0109102, , , , , , , 20.7754615, 0.1117876, , , , , , , 20.7754615, 0.0850996, , , , , , , 20.7754615, -0.0229953, , , , , , , , , , , , , , , , , , , , , , , , , , , , 
20.7759808, 0.0028534, , , , , , , 20.7759808, 0.0736858, , , , , , , 20.7759808, 0.06009, , , , , , , 20.7759808, -0.0193027, , , , , , , , , , , , , , , , , , , , , , , , , , , , 
20.7765, -0.0075532, , , , , , , 20.7765, 0.0293736, , , , , , , 20.7765, 0.0224918, , , , , , , 20.7765, -0.0135958, , , , , , , , , , , , , , , , , , , , , , , , , , , , 
20.7770192, -0.0218204, , , , , , , 20.7770192, -0.0016785, , , , , , , 20.7770192, -0.0260166, , , , , , , 20.7770192, -0.008896, , , , , , , , , , , , , , , , , , , , , , , , , , , , 
20.7775385, -0.0339055, , , , , , , 20.7775385, -0.0248417, , , , , , , 20.7775385, -0.0782177, , , , , , , 20.7775385, -0.0068818, , , , , , , , , , , , , , , , , , , , , , , , , , , , 
20.7780577, -0.0364233, , , , , , , 20.7780577, -0.0438087, , , , , , , 20.7780577, -0.1287404, , , , , , , 20.7780577, -0.0043641, , , , , , , , , , , , , , , , , , , , , , , , , , , , 
20.7785769, -0.0344091, , , , , , , 20.7785769, -0.0548867, , , , , , , 20.7785769, -0.173724, , , , , , , 20.7785769, -0.0005035, , , , , , , , , , , , , , , , , , , , , , , , , , , , 
20.7790962, -0.0323949, , , , , , , 20.7790962, -0.0639506, , , , , , , 20.7790962, -0.2103151, , , , , , , 20.7790962, 0.0058747, , , , , , , , , , , , , , , , , , , , , , , , , , , , 
20.7796154, -0.0317235, , , , , , , 20.7796154, -0.0683146, , , , , , , 20.7796154, -0.24271, , , , , , , 20.7796154, 0.0119173, , , , , , , , , , , , , , , , , , , , , , , , , , , , 
20.7801346, -0.0297093, , , , , , , 20.7801346, -0.061265, , , , , , , 20.7801346, -0.2677195, , , , , , , 20.7801346, 0.0139315, , , , , , , , , , , , , , , , , , , , , , , , , , , , 
20.7806538, -0.0196384, , , , , , , 20.7806538, -0.0614328, , , , , , , 20.7806538, -0.2757763, , , , , , , 20.7806538, 0.01561, , , , , , , , , , , , , , , , , , , , , , , , , , , , 
20.7811731, -0.0048676, , , , , , , 20.7811731, -0.0820783, , , , , , , 20.7811731, -0.2683909, , , , , , , 20.7811731, 0.0216526, , , , , , , , , , , , , , , , , , , , , , , , , , , , 
20.7816923, 0.0058747, , , , , , , 20.7816923, -0.1028916, , , , , , , 20.7816923, -0.2537881, , , , , , , 20.7816923, 0.0287022, , , , , , , , , , , , , , , , , , , , , , , , , , , , 
20.7822115, 0.0112459, , , , , , , 20.7822115, -0.1028916, , , , , , , 20.7822115, -0.232639, , , , , , , 20.7822115, 0.0297093, , , , , , , , , , , , , , , , , , , , , , , , , , , , 
20.7827308, 0.0152743, , , , , , , 20.7827308, -0.0741894, , , , , , , 20.7827308, -0.2049439, , , , , , , 20.7827308, 0.0218204, , , , , , , , , , , , , , , , , , , , , , , , , , , , 
20.78325, 0.0213169, , , , , , , 20.78325, -0.0310521, , , , , , , 20.78325, -0.1804379, , , , , , , 20.78325, 0.0099031, , , , , , , , , , , , , , , , , , , , , , , , , , , , 
20.7837692, 0.0313878, , , , , , , 20.7837692, 0.002182, , , , , , , 20.7837692, -0.1589532, , , , , , , 20.7837692, -0.002182, , , , , , , , , , , , , , , , , , , , , , , , , , , , 
20.7842885, 0.0438087, , , , , , , 20.7842885, 0.0172885, , , , , , , 20.7842885, -0.13579, , , , , , , 20.7842885, -0.012253, , , , , , , , , , , , , , , , , , , , , , , , , , , , 
20.7848077, 0.0475013, , , , , , , 20.7848077, 0.0213169, , , , , , , 20.7848077, -0.1067521, , , , , , , 20.7848077, -0.0142672, , , , , , , , , , , , , , , , , , , , , , , , , , , , 
20.7853269, 0.0522011, , , , , , , 20.7853269, 0.0045319, , , , , , , 20.7853269, -0.0713359, , , , , , , 20.7853269, -0.0139315, , , , , , , , , , , , , , , , , , , , , , , , , , , , 
20.7858462, 0.0575723, , , , , , , 20.7858462, -0.0290379, , , , , , , 20.7858462, -0.0186313, , , , , , , 20.7858462, -0.0166171, , , , , , , , , , , , , , , , , , , , , , , , , , , , 
20.7863654, 0.0575723, , , , , , , 20.7863654, -0.0475013, , , , , , , 20.7863654, 0.0475013, , , , , , , 20.7863654, -0.0223239, , , , , , , , , , , , , , , , , , , , , , , , , , , , 
20.7868846, 0.0569009, , , , , , , 20.7868846, -0.0313878, , , , , , , 20.7868846, 0.1030594, , , , , , , 20.7868846, -0.0258488, , , , , , , , , , , , , , , , , , , , , , , , , , , , 
20.7874038, 0.0548867, , , , , , , 20.7874038, 0.0001678, , , , , , , 20.7874038, 0.1371328, , , , , , , 20.7874038, -0.0280308, , , , , , , , , , , , , , , , , , , , , , , , , , , , 
20.7879231, 0.0500191, , , , , , , 20.7879231, 0.0146029, , , , , , , 20.7879231, 0.1616388, , , , , , , 20.7879231, -0.0310521, , , , , , , , , , , , , , , , , , , , , , , , , , , , 
20.7884423, 0.0453193, , , , , , , 20.7884423, 0.0065461, , , , , , , 20.7884423, 0.1757382, , , , , , , 20.7884423, -0.0337377, , , , , , , , , , , , , , , , , , , , , , , , , , , , 
20.7889615, 0.0428016, , , , , , , 20.7889615, -0.0095674, , , , , , , 20.7889615, 0.1656672, , , , , , , 20.7889615, -0.0357519, , , , , , , , , , , , , , , , , , , , , , , , , , , , 
20.7894808, 0.0394446, , , , , , , 20.7894808, -0.0283665, , , , , , , 20.7894808, 0.1273976, , , , , , , 20.7894808, -0.0384375, , , , , , , , , , , , , , , , , , , , , , , , , , , , 
20.79, 0.0448157, , , , , , , 20.79, -0.0471656, , , , , , , 20.79, 0.0696574, , , , , , , 20.79, -0.0438087, , , , , , , , , , , , , , , , , , , , , , , , , , , , 
20.7905192, 0.0614328, , , , , , , 20.7905192, -0.0673075, , , , , , , 20.7905192, 0.0090639, , , , , , , 20.7905192, -0.0480049, , , , , , , , , , , , , , , , , , , , , , , , , , , , 
20.7910385, 0.0763714, , , , , , , 20.7910385, -0.0800641, , , , , , , 20.7910385, -0.0374304, , , , , , , 20.7910385, -0.0476692, , , , , , , , , , , , , , , , , , , , , , , , , , , , 
20.7915577, 0.0869459, , , , , , , 20.7915577, -0.0686503, , , , , , , 20.7915577, -0.0641184, , , , , , , 20.7915577, -0.0417945, , , , , , , , , , , , , , , , , , , , , , , , , , , , 
20.7920769, 0.0931563, , , , , , , 20.7920769, -0.0377661, , , , , , , 20.7920769, -0.0718395, , , , , , , 20.7920769, -0.0337377, , , , , , , , , , , , , , , , , , , , , , , , , , , , 
20.7925962, 0.0965133, , , , , , , 20.7925962, -0.0082246, , , , , , , 20.7925962, -0.0592508, , , , , , , 20.7925962, -0.0253452, , , , , , , , , , , , , , , , , , , , , , , , , , , , 
20.7931154, 0.0929885, , , , , , , 20.7931154, 0.0065461, , , , , , , 20.7931154, -0.0287022, , , , , , , 20.7931154, -0.0146029, , , , , , , , , , , , , , , , , , , , , , , , , , , , 
20.7936346, 0.0830854, , , , , , , 20.7936346, 0.0085603, , , , , , , 20.7936346, 0.0112459, , , , , , , 20.7936346, 0.0005035, , , , , , , , , , , , , , , , , , , , , , , , , , , , 
20.7941538, 0.0696574, , , , , , , 20.7941538, 0.0085603, , , , , , , 20.7941538, 0.0491798, , , , , , , 20.7941538, 0.0172885, , , , , , , , , , , , , , , , , , , , , , , , , , , , 
20.7946731, 0.054551, , , , , , , 20.7946731, 0.0072175, , , , , , , 20.7946731, 0.0757, , , , , , , 20.7946731, 0.0345769, , , , , , , , , , , , , , , , , , , , , , , , , , , , 
20.7951923, 0.0411231, , , , , , , 20.7951923, 0.0092317, , , , , , , 20.7951923, 0.0903029, , , , , , , 20.7951923, 0.0491798, , , , , , , , , , , , , , , , , , , , , , , , , , , , 
20.7957115, 0.0307164, , , , , , , 20.7957115, 0.0193027, , , , , , , 20.7957115, 0.0911421, , , , , , , 20.7957115, 0.0592508, , , , , , , , , , , , , , , , , , , , , , , , , , , , 
20.7962308, 0.018967, , , , , , , 20.7962308, 0.0421302, , , , , , , 20.7962308, 0.0770428, , , , , , , 20.7962308, 0.0686503, , , , , , , , , , , , , , , , , , , , , , , , , , , , 
20.79675, -0.0018463, , , , , , , 20.79675, 0.0696574, , , , , , , 20.79675, 0.0535439, , , , , , , 20.79675, 0.0770428, , , , , , , , , , , , , , , , , , , , , , , , , , , , 
20.7972692, -0.0256809, , , , , , , 20.7972692, 0.0884565, , , , , , , 20.7972692, 0.026688, , , , , , , 20.7972692, 0.0770428, , , , , , , , , , , , , , , , , , , , , , , , , , , , 
20.7977885, -0.0424659, , , , , , , 20.7977885, 0.0861067, , , , , , , 20.7977885, 0.0065461, , , , , , , 20.7977885, 0.0720073, , , , , , , , , , , , , , , , , , , , , , , , , , , , 
20.7983077, -0.0585794, , , , , , , 20.7983077, 0.0760357, , , , , , , 20.7983077, -0.0035248, , , , , , , 20.7983077, 0.0699931, , , , , , , , , , , , , , , , , , , , , , , , , , , , 
20.7988269, -0.0740215, , , , , , , 20.7988269, 0.0736858, , , , , , , 20.7988269, -0.0095674, , , , , , , 20.7988269, 0.0710002, , , , , , , , , , , , , , , , , , , , , , , , , , , , 
20.7993462, -0.0909743, , , , , , , 20.7993462, 0.0535439, , , , , , , 20.7993462, -0.012253, , , , , , , 20.7993462, 0.0750286, , , , , , , , , , , , , , , , , , , , , , , , , , , , 
20.7998654, -0.1022202, , , , , , , 20.7998654, 0.008896, , , , , , , 20.7998654, -0.0082246, , , , , , , 20.7998654, 0.0753643, , , , , , , , , , , , , , , , , , , , , , , , , , , , 
20.8003846, -0.0976883, , , , , , , 20.8003846, -0.0412909, , , , , , , 20.8003846, 0.0031891, , , , , , , 20.8003846, 0.0683146, , , , , , , , , , , , , , , , , , , , , , , , , , , , 
20.8009038, -0.0861067, , , , , , , 20.8009038, -0.0619364, , , , , , , 20.8009038, 0.0186313, , , , , , , 20.8009038, 0.0555581, , , , , , , , , , , , , , , , , , , , , , , , , , , , 
20.8014231, -0.0780499, , , , , , , 20.8014231, -0.040116, , , , , , , 20.8014231, 0.0379339, , , , , , , 20.8014231, 0.0441444, , , , , , , , , , , , , , , , , , , , , , , , , , , , 
20.8019423, -0.0753643, , , , , , , 20.8019423, 0.0025177, , , , , , , 20.8019423, 0.0506905, , , , , , , 20.8019423, 0.0364233, , , , , , , , , , , , , , , , , , , , , , , , , , , , 
20.8024615, -0.0785534, , , , , , , 20.8024615, 0.040116, , , , , , , 20.8024615, 0.054551, , , , , , , 20.8024615, 0.0302129, , , , , , , , , , , , , , , , , , , , , , , , , , , , 
20.8029808, -0.0809033, , , , , , , 20.8029808, 0.0587472, , , , , , , 20.8029808, 0.0605936, , , , , , , 20.8029808, 0.026688, , , , , , , , , , , , , , , , , , , , , , , , , , , , 
20.8035, -0.0867781, , , , , , , 20.8035, 0.0454871, , , , , , , 20.8035, 0.0693217, , , , , , , 20.8035, 0.024506, , , , , , , , , , , , , , , , , , , , , , , , , , , , 
20.8040192, -0.0911421, , , , , , , 20.8040192, 0.0099031, , , , , , , 20.8040192, 0.0775463, , , , , , , 20.8040192, 0.0236667, , , , , , , , , , , , , , , , , , , , , , , , , , , , 
20.8045385, -0.0847639, , , , , , , 20.8045385, -0.0280308, , , , , , , 20.8045385, 0.0931563, , , , , , , 20.8045385, 0.026688, , , , , , , , , , , , , , , , , , , , , , , , , , , , 
20.8050577, -0.0656291, , , , , , , 20.8050577, -0.0652934, , , , , , , 20.8050577, 0.1166552, , , , , , , 20.8050577, 0.0293736, , , , , , , , , , , , , , , , , , , , , , , , , , , , 
20.8055769, -0.0454871, , , , , , , 20.8055769, -0.1049058, , , , , , , 20.8055769, 0.1324331, , , , , , , 20.8055769, 0.0340734, , , , , , , , , , , , , , , , , , , , , , , , , , , , 
20.8060962, -0.0290379, , , , , , , 20.8060962, -0.1384756, , , , , , , 20.8060962, 0.1341115, , , , , , , 20.8060962, 0.036759, , , , , , , , , , , , , , , , , , , , , , , , , , , , 
20.8066154, -0.0142672, , , , , , , 20.8066154, -0.1448539, , , , , , , 20.8066154, 0.1263905, , , , , , , 20.8066154, 0.0323949, , , , , , , , , , , , , , , , , , , , , , , , , , , , 
20.8071346, -0.0058747, , , , , , , 20.8071346, -0.1173266, , , , , , , 20.8071346, 0.112459, , , , , , , 20.8071346, 0.026688, , , , , , , , , , , , , , , , , , , , , , , , , , , , 
20.8076538, -0.0011749, , , , , , , 20.8076538, -0.0787213, , , , , , , 20.8076538, 0.0931563, , , , , , , 20.8076538, 0.0224918, , , , , , , , , , , , , , , , , , , , , , , , , , , , 
20.8081731, 0.0025177, , , , , , , 20.8081731, -0.0552224, , , , , , , 20.8081731, 0.0641184, , , , , , , 20.8081731, 0.0164492, , , , , , , , , , , , , , , , , , , , , , , , , , , , 
20.8086923, 0.0015106, , , , , , , 20.8086923, -0.0540475, , , , , , , 20.8086923, 0.026688, , , , , , , 20.8086923, 0.0075532, , , , , , , , , , , , , , , , , , , , , , , , , , , , 
20.8092115, -0.0028534, , , , , , , 20.8092115, -0.0632792, , , , , , , 20.8092115, 0.0052033, , , , , , , 20.8092115, -0.0045319, , , , , , , , , , , , , , , , , , , , , , , , , , , , 
20.8097308, 0.0018463, , , , , , , 20.8097308, -0.0592508, , , , , , , 20.8097308, 0.0135958, , , , , , , 20.8097308, -0.0191348, , , , , , , , , , , , , , , , , , , , , , , , , , , , 
20.81025, 0.0139315, , , , , , , 20.81025, -0.0370947, , , , , , , 20.81025, 0.0303807, , , , , , , 20.81025, -0.0359197, , , , , , , , , , , , , , , , , , , , , , , , , , , , 
20.8107692, 0.0290379, , , , , , , 20.8107692, -0.0176242, , , , , , , 20.8107692, 0.0347448, , , , , , , 20.8107692, -0.0518654, , , , , , , , , , , , , , , , , , , , , , , , , , , , 
20.8112885, 0.0354162, , , , , , , 20.8112885, -0.0166171, , , , , , , 20.8112885, 0.0263523, , , , , , , 20.8112885, -0.0607614, , , , , , , , , , , , , , , , , , , , , , , , , , , , 
20.8118077, 0.033402, , , , , , , 20.8118077, -0.0219883, , , , , , , 20.8118077, 0.0102388, , , , , , , 20.8118077, -0.061265, , , , , , , , , , , , , , , , , , , , , , , , , , , , 
20.8123269, 0.0387732, , , , , , , 20.8123269, -0.012253, , , , , , , 20.8123269, -0.008896, , , , , , , 20.8123269, -0.0572366, , , , , , , , , , , , , , , , , , , , , , , , , , , , 
20.8128462, 0.051194, , , , , , , 20.8128462, 0.0085603, , , , , , , 20.8128462, -0.0307164, , , , , , , 20.8128462, -0.0552224, , , , , , , , , , , , , , , , , , , , , , , , , , , , 
20.8133654, 0.0575723, , , , , , , 20.8133654, 0.0270237, , , , , , , 20.8133654, -0.064622, , , , , , , 20.8133654, -0.0515297, , , , , , , , , , , , , , , , , , , , , , , , , , , , 
20.8138846, 0.0542153, , , , , , , 20.8138846, 0.0414588, , , , , , , 20.8138846, -0.1176623, , , , , , , 20.8138846, -0.0419623, , , , , , , , , , , , , , , , , , , , , , , , , , , , 
20.8144038, 0.0431373, , , , , , , 20.8144038, 0.0448157, , , , , , , 20.8144038, -0.1836271, , , , , , , 20.8144038, -0.0293736, , , , , , , , , , , , , , , , , , , , , , , , , , , , 
20.8149231, 0.0344091, , , , , , , 20.8149231, 0.0359197, , , , , , , 20.8149231, -0.2447242, , , , , , , 20.8149231, -0.018967, , , , , , , , , , , , , , , , , , , , , , , , , , , , 
20.8154423, 0.0320592, , , , , , , 20.8154423, 0.0246738, , , , , , , 20.8154423, -0.2824903, , , , , , , 20.8154423, -0.0104067, , , , , , , , , , , , , , , , , , , , , , , , , , , , 
20.8159615, 0.0243381, , , , , , , 20.8159615, 0.0260166, , , , , , , 20.8159615, -0.2915541, , , , , , , 20.8159615, 0.0015106, , , , , , , , , , , , , , , , , , , , , , , , , , , , 
20.8164808, 0.0045319, , , , , , , 20.8164808, 0.0310521, , , , , , , 20.8164808, -0.2845045, , , , , , , 20.8164808, 0.0115816, , , , , , , , , , , , , , , , , , , , , , , , , , , , 
20.817, -0.0149386, , , , , , , 20.817, 0.033402, , , , , , , 20.817, -0.269398, , , , , , , 20.817, 0.0196384, , , , , , , , , , , , , , , , , , , , , , , , , , , , 
20.8175192, -0.0290379, , , , , , , 20.8175192, 0.0480049, , , , , , , 20.8175192, -0.2462348, , , , , , , 20.8175192, 0.030045, , , , , , , , , , , , , , , , , , , , , , , , , , , , 
20.8180385, -0.0424659, , , , , , , 20.8180385, 0.0820783, , , , , , , 20.8180385, -0.2113222, , , , , , , 20.8180385, 0.0394446, , , , , , , , , , , , , , , , , , , , , , , , , , , , 
20.8185577, -0.0525368, , , , , , , 20.8185577, 0.1065843, , , , , , , 20.8185577, -0.1646601, , , , , , , 20.8185577, 0.0481727, , , , , , , , , , , , , , , , , , , , , , , , , , , , 
20.8190769, -0.0572366, , , , , , , 20.8190769, 0.0844282, , , , , , , 20.8190769, -0.1223621, , , , , , , 20.8190769, 0.0621042, , , , , , , , , , , , , , , , , , , , , , , , , , , , 
20.8195962, -0.0642863, , , , , , , 20.8195962, 0.0354162, , , , , , , 20.8195962, -0.1012131, , , , , , , 20.8195962, 0.0741894, , , , , , , , , , , , , , , , , , , , , , , , , , , , 
20.8201154, -0.0693217, , , , , , , 20.8201154, -0.0010071, , , , , , , 20.8201154, -0.0961776, , , , , , , 20.8201154, 0.0803998, , , , , , , , , , , , , , , , , , , , , , , , , , , , 
20.8206346, -0.0609293, , , , , , , 20.8206346, -0.0068818, , , , , , , 20.8206346, -0.0909743, , , , , , , 20.8206346, 0.0814069, , , , , , , , , , , , , , , , , , , , , , , , , , , , 
20.8211538, -0.0438087, , , , , , , 20.8211538, -0.0048676, , , , , , , 20.8211538, -0.0830854, , , , , , , 20.8211538, 0.0815747, , , , , , , , , , , , , , , , , , , , , , , , , , , , 
20.8216731, -0.0273594, , , , , , , 20.8216731, -0.0206455, , , , , , , 20.8216731, -0.0715038, , , , , , , 20.8216731, 0.079057, , , , , , , , , , , , , , , , , , , , , , , , , , , , 
20.8221923, -0.012253, , , , , , , 20.8221923, -0.033402, , , , , , , 20.8221923, -0.0501869, , , , , , , 20.8221923, 0.068986, , , , , , , , , , , , , , , , , , , , , , , , , , , , 
20.8227115, 0.0025177, , , , , , , 20.8227115, -0.0015106, , , , , , , 20.8227115, -0.0176242, , , , , , , 20.8227115, 0.0585794, , , , , , , , , , , , , , , , , , , , , , , , , , , , 
20.8232308, 0.0139315, , , , , , , 20.8232308, 0.0589151, , , , , , , 20.8232308, 0.0193027, , , , , , , 20.8232308, 0.0500191, , , , , , , , , , , , , , , , , , , , , , , , , , , , 
20.82375, 0.0179599, , , , , , , 20.82375, 0.064622, , , , , , , 20.82375, 0.0508583, , , , , , , 20.82375, 0.0421302, , , , , , , , , , , , , , , , , , , , , , , , , , , , 
20.8242692, 0.021149, , , , , , , 20.8242692, 0.0105745, , , , , , , 20.8242692, 0.0681468, , , , , , , 20.8242692, 0.0327306, , , , , , , , , , , , , , , , , , , , , , , , , , , , 
20.8247885, 0.0280308, , , , , , , 20.8247885, -0.0347448, , , , , , , 20.8247885, 0.0659648, , , , , , , 20.8247885, 0.0240024, , , , , , , , , , , , , , , , , , , , , , , , , , , , 
20.8253077, 0.033402, , , , , , , 20.8253077, -0.0377661, , , , , , , 20.8253077, 0.0516976, , , , , , , 20.8253077, 0.0199741, , , , , , , , , , , , , , , , , , , , , , , , , , , , 
20.8258269, 0.0397803, , , , , , , 20.8258269, -0.0196384, , , , , , , 20.8258269, 0.033402, , , , , , , 20.8258269, 0.0179599, , , , , , , , , , , , , , , , , , , , , , , , , , , , 
20.8263462, 0.0448157, , , , , , , 20.8263462, -0.0167849, , , , , , , 20.8263462, 0.0223239, , , , , , , 20.8263462, 0.017792, , , , , , , , , , , , , , , , , , , , , , , , , , , , 
20.8268654, 0.0453193, , , , , , , 20.8268654, -0.0364233, , , , , , , 20.8268654, 0.0253452, , , , , , , 20.8268654, 0.01561, , , , , , , , , , , , , , , , , , , , , , , , , , , , 
20.8273846, 0.043473, , , , , , , 20.8273846, -0.0599222, , , , , , , 20.8273846, 0.0448157, , , , , , , 20.8273846, 0.008896, , , , , , , , , , , , , , , , , , , , , , , , , , , , 
20.8279038, 0.0407874, , , , , , , 20.8279038, -0.0720073, , , , , , , 20.8279038, 0.0750286, , , , , , , 20.8279038, 0.0031891, , , , , , , , , , , , , , , , , , , , , , , , , , , , 
20.8284231, 0.0394446, , , , , , , 20.8284231, -0.0518654, , , , , , , 20.8284231, 0.0978561, , , , , , , 20.8284231, -0.0001678, , , , , , , , , , , , , , , , , , , , , , , , , , , , 
20.8289423, 0.0441444, , , , , , , 20.8289423, -0.0052033, , , , , , , 20.8289423, 0.1012131, , , , , , , 20.8289423, -0.0031891, , , , , , , , , , , , , , , , , , , , , , , , , , , , 
20.8294615, 0.0508583, , , , , , , 20.8294615, 0.0246738, , , , , , , 20.8294615, 0.094667, , , , , , , 20.8294615, -0.0062104, , , , , , , , , , , , , , , , , , , , , , , , , , , , 
20.8299808, 0.0614328, , , , , , , 20.8299808, 0.0186313, , , , , , , 20.8299808, 0.0847639, , , , , , , 20.8299808, -0.0124208, , , , , , , , , , , , , , , , , , , , , , , , , , , , 
20.8305, 0.0803998, , , , , , , 20.8305, 0.0102388, , , , , , , 20.8305, 0.0642863, , , , , , , 20.8305, -0.023331, , , , , , , , , , , , , , , , , , , , , , , , , , , , 
20.8310192, 0.0981918, , , , , , , 20.8310192, 0.0152743, , , , , , , 20.8310192, 0.0280308, , , , , , , 20.8310192, -0.0310521, , , , , , , , , , , , , , , , , , , , , , , , , , , , 
20.8315385, 0.1085985, , , , , , , 20.8315385, 0.014435, , , , , , , 20.8315385, -0.0095674, , , , , , , 20.8315385, -0.0337377, , , , , , , , , , , , , , , , , , , , , , , , , , , , 
20.8320577, 0.1139696, , , , , , , 20.8320577, 0.0062104, , , , , , , 20.8320577, -0.0381018, , , , , , , 20.8320577, -0.0387732, , , , , , , , , , , , , , , , , , , , , , , , , , , , 
20.8325769, 0.1173266, , , , , , , 20.8325769, 0.0005035, , , , , , , 20.8325769, -0.052369, , , , , , , 20.8325769, -0.0424659, , , , , , , , , , , , , , , , , , , , , , , , , , , , 
20.8330962, 0.1176623, , , , , , , 20.8330962, -0.0058747, , , , , , , 20.8330962, -0.0506905, , , , , , , 20.8330962, -0.0404517, , , , , , , , , , , , , , , , , , , , , , , , , , , , 
20.8336154, 0.1119554, , , , , , , 20.8336154, -0.0125887, , , , , , , 20.8336154, -0.0360876, , , , , , , 20.8336154, -0.0339055, , , , , , , , , , , , , , , , , , , , , , , , , , , , 
20.8341346, 0.1017166, , , , , , , 20.8341346, -0.0297093, , , , , , , 20.8341346, -0.0114137, , , , , , , 20.8341346, -0.0219883, , , , , , , , , , , , , , , , , , , , , , , , , , , , 
20.8346538, 0.0887922, , , , , , , 20.8346538, -0.0532082, , , , , , , 20.8346538, 0.0179599, , , , , , , 20.8346538, -0.0073854, , , , , , , , , , , , , , , , , , , , , , , , , , , , 
20.8351731, 0.0767071, , , , , , , 20.8351731, -0.054551, , , , , , , 20.8351731, 0.0414588, , , , , , , 20.8351731, 0.0070497, , , , , , , , , , , , , , , , , , , , , , , , , , , , 
20.8356923, 0.063447, , , , , , , 20.8356923, -0.0379339, , , , , , , 20.8356923, 0.0592508, , , , , , , 20.8356923, 0.0184634, , , , , , , , , , , , , , , , , , , , , , , , , , , , 
20.8362115, 0.0493477, , , , , , , 20.8362115, -0.0162814, , , , , , , 20.8362115, 0.0736858, , , , , , , 20.8362115, 0.0263523, , , , , , , , , , , , , , , , , , , , , , , , , , , , 
20.8367308, 0.0293736, , , , , , , 20.8367308, -0.0038605, , , , , , , 20.8367308, 0.0815747, , , , , , , 20.8367308, 0.0345769, , , , , , , , , , , , , , , , , , , , , , , , , , , , 
20.83725, 0.0083925, , , , , , , 20.83725, -0.0132601, , , , , , , 20.83725, 0.079057, , , , , , , 20.83725, 0.0481727, , , , , , , , , , , , , , , , , , , , , , , , , , , , 
20.8377692, -0.0068818, , , , , , , 20.8377692, -0.0184634, , , , , , , 20.8377692, 0.0706645, , , , , , , 20.8377692, 0.0622721, , , , , , , , , , , , , , , , , , , , , , , , , , , , 
20.8382885, -0.0119173, , , , , , , 20.8382885, -0.008896, , , , , , , 20.8382885, 0.0607614, , , , , , , 20.8382885, 0.072343, , , , , , , , , , , , , , , , , , , , , , , , , , , , 
20.8388077, -0.0208133, , , , , , , 20.8388077, -0.0142672, , , , , , , 20.8388077, 0.0542153, , , , , , , 20.8388077, 0.0817426, , , , , , , , , , , , , , , , , , , , , , , , , , , , 
20.8393269, -0.0327306, , , , , , , 20.8393269, -0.0424659, , , , , , , 20.8393269, 0.0572366, , , , , , , 20.8393269, 0.0894636, , , , , , , , , , , , , , , , , , , , , , , , , , , , 
20.8398462, -0.0374304, , , , , , , 20.8398462, -0.068986, , , , , , , 20.8398462, 0.0627756, , , , , , , 20.8398462, 0.093492, , , , , , , , , , , , , , , , , , , , , , , , , , , , 
20.8403654, -0.0317235, , , , , , , 20.8403654, -0.0716716, , , , , , , 20.8403654, 0.0605936, , , , , , , 20.8403654, 0.0928206, , , , , , , , , , , , , , , , , , , , , , , , , , , , 
20.8408846, -0.0209812, , , , , , , 20.8408846, -0.0475013, , , , , , , 20.8408846, 0.0481727, , , , , , , 20.8408846, 0.0829175, , , , , , , , , , , , , , , , , , , , , , , , , , , , 
20.8414038, -0.0102388, , , , , , , 20.8414038, -0.0226596, , , , , , , 20.8414038, 0.0293736, , , , , , , 20.8414038, 0.0656291, , , , , , , , , , , , , , , , , , , , , , , , , , , , 
20.8419231, -0.0016785, , , , , , , 20.8419231, -0.0169528, , , , , , , 20.8419231, 0.018967, , , , , , , 20.8419231, 0.0515297, , , , , , , , , , , , , , , , , , , , , , , , , , , , 
20.8424423, 0.0082246, , , , , , , 20.8424423, -0.018967, , , , , , , 20.8424423, 0.0206455, , , , , , , 20.8424423, 0.0406195, , , , , , , , , , , , , , , , , , , , , , , , , , , , 
20.8429615, 0.0199741, , , , , , , 20.8429615, 0.0001678, , , , , , , 20.8429615, 0.0240024, , , , , , , 20.8429615, 0.0276951, , , , , , , , , , , , , , , , , , , , , , , , , , , , 
20.8434808, 0.0293736, , , , , , , 20.8434808, 0.0186313, , , , , , , 20.8434808, 0.0240024, , , , , , , 20.8434808, 0.01561, , , , , , , , , , , , , , , , , , , , , , , , , , , , 
20.844, 0.0337377, , , , , , , 20.844, 0.0030213, , , , , , , 20.844, 0.0248417, , , , , , , 20.844, 0.0058747, , , , , , , , , , , , , , , , , , , , , , , , , , , , 
20.8445192, 0.0354162, , , , , , , 20.8445192, -0.0317235, , , , , , , 20.8445192, 0.023331, , , , , , , 20.8445192, -0.0028534, , , , , , , , , , , , , , , , , , , , , , , , , , , , 
20.8450385, 0.0347448, , , , , , , 20.8450385, -0.0515297, , , , , , , 20.8450385, 0.0152743, , , , , , , 20.8450385, -0.0102388, , , , , , , , , , , , , , , , , , , , , , , , , , , , 
20.8455577, 0.0307164, , , , , , , 20.8455577, -0.0193027, , , , , , , 20.8455577, 0.0075532, , , , , , , 20.8455577, -0.0162814, , , , , , , , , , , , , , , , , , , , , , , , , , , , 
20.8460769, 0.0265202, , , , , , , 20.8460769, 0.0411231, , , , , , , 20.8460769, 0.0025177, , , , , , , 20.8460769, -0.0199741, , , , , , , , , , , , , , , , , , , , , , , , , , , , 
20.8465962, 0.0253452, , , , , , , 20.8465962, 0.0693217, , , , , , , 20.8465962, -0.0016785, , , , , , , 20.8465962, -0.0206455, , , , , , , , , , , , , , , , , , , , , , , , , , , , 
20.8471154, 0.0280308, , , , , , , 20.8471154, 0.0609293, , , , , , , 20.8471154, -0.0041962, , , , , , , 20.8471154, -0.0223239, , , , , , , , , , , , , , , , , , , , , , , , , , , , 
20.8476346, 0.0330663, , , , , , , 20.8476346, 0.0412909, , , , , , , 20.8476346, -0.0043641, , , , , , , 20.8476346, -0.0253452, , , , , , , , , , , , , , , , , , , , , , , , , , , , 
20.8481538, 0.0359197, , , , , , , 20.8481538, 0.0196384, , , , , , , 20.8481538, 0.0005035, , , , , , , 20.8481538, -0.0310521, , , , , , , , , , , , , , , , , , , , , , , , , , , , 
20.8486731, 0.0357519, , , , , , , 20.8486731, -0.0169528, , , , , , , 20.8486731, 0.0045319, , , , , , , 20.8486731, -0.040116, , , , , , , , , , , , , , , , , , , , , , , , , , , , 
20.8491923, 0.0347448, , , , , , , 20.8491923, -0.064622, , , , , , , 20.8491923, 0.0048676, , , , , , , 20.8491923, -0.0485084, , , , , , , , , , , , , , , , , , , , , , , , , , , , 
20.8497115, 0.0394446, , , , , , , 20.8497115, -0.0929885, , , , , , , 20.8497115, 0.0105745, , , , , , , 20.8497115, -0.0533761, , , , , , , , , , , , , , , , , , , , , , , , , , , , 
20.8502308, 0.0522011, , , , , , , 20.8502308, -0.0767071, , , , , , , 20.8502308, 0.0226596, , , , , , , 20.8502308, -0.0560616, , , , , , , , , , , , , , , , , , , , , , , , , , , , 
20.85075, 0.0676432, , , , , , , 20.85075, -0.0206455, , , , , , , 20.85075, 0.0357519, , , , , , , 20.85075, -0.057908, , , , , , , , , , , , , , , , , , , , , , , , , , , , 
20.8512692, 0.0810712, , , , , , , 20.8512692, 0.0565652, , , , , , , 20.8512692, 0.0397803, , , , , , , 20.8512692, -0.057908, , , , , , , , , , , , , , , , , , , , , , , , , , , , 
20.8517885, 0.0938277, , , , , , , 20.8517885, 0.1351186, , , , , , , 20.8517885, 0.0374304, , , , , , , 20.8517885, -0.0558938, , , , , , , , , , , , , , , , , , , , , , , , , , , , 
20.8523077, 0.0991989, , , , , , , 20.8523077, 0.1851377, , , , , , , 20.8523077, 0.0347448, , , , , , , 20.8523077, -0.0538796, , , , , , , , , , , , , , , , , , , , , , , , , , , , 
20.8528269, 0.0985275, , , , , , , 20.8528269, 0.1797665, , , , , , , 20.8528269, 0.0340734, , , , , , , 20.8528269, -0.0532082, , , , , , , , , , , , , , , , , , , , , , , , , , , , 
20.8533462, 0.0963455, , , , , , , 20.8533462, 0.1364614, , , , , , , 20.8533462, 0.0433051, , , , , , , 20.8533462, -0.0525368, , , , , , , , , , , , , , , , , , , , , , , , , , , , 
20.8538654, 0.087953, , , , , , , 20.8538654, 0.0757, , , , , , , 20.8538654, 0.0532082, , , , , , , 20.8538654, -0.0471656, , , , , , , , , , , , , , , , , , , , , , , , , , , , 
20.8543846, 0.0736858, , , , , , , 20.8543846, -0.0015106, , , , , , , 20.8543846, 0.0448157, , , , , , , 20.8543846, -0.0387732, , , , , , , , , , , , , , , , , , , , , , , , , , , , 
20.8549038, 0.0589151, , , , , , , 20.8549038, -0.085771, , , , , , , 20.8549038, 0.0065461, , , , , , , 20.8549038, -0.0290379, , , , , , , , , , , , , , , , , , , , , , , , , , , , 
20.8554231, 0.0458228, , , , , , , 20.8554231, -0.1500572, , , , , , , 20.8554231, -0.0506905, , , , , , , 20.8554231, -0.01561, , , , , , , , , , , , , , , , , , , , , , , , , , , , 
20.8559423, 0.0317235, , , , , , , 20.8559423, -0.1653315, , , , , , , 20.8559423, -0.0976883, , , , , , , 20.8559423, -0.0003357, , , , , , , , , , , , , , , , , , , , , , , , , , , , 
20.8564615, 0.0124208, , , , , , , 20.8564615, -0.1440146, , , , , , , 20.8564615, -0.1216907, , , , , , , 20.8564615, 0.0151064, , , , , , , , , , , , , , , , , , , , , , , , , , , , 
20.8569808, -0.0052033, , , , , , , 20.8569808, -0.1317617, , , , , , , 20.8569808, -0.1344472, , , , , , , 20.8569808, 0.0327306, , , , , , , , , , , , , , , , , , , , , , , , , , , , 
20.8575, -0.0203098, , , , , , , 20.8575, -0.1284047, , , , , , , 20.8575, -0.1384756, , , , , , , 20.8575, 0.0558938, , , , , , , , , , , , , , , , , , , , , , , , , , , , 
20.8580192, -0.0330663, , , , , , , 20.8580192, -0.0948348, , , , , , , 20.8580192, -0.1367971, , , , , , , 20.8580192, 0.0891279, , , , , , , , , , , , , , , , , , , , , , , , , , , , 
20.8585385, -0.0441444, , , , , , , 20.8585385, -0.0471656, , , , , , , 20.8585385, -0.1366293, , , , , , , 20.8585385, 0.1242084, , , , , , , , , , , , , , , , , , , , , , , , , , , , 
20.8590577, -0.0565652, , , , , , , 20.8590577, -0.0330663, , , , , , , 20.8590577, -0.1461967, , , , , , , 20.8590577, 0.1478752, , , , , , , , , , , , , , , , , , , , , , , , , , , , 
20.8595769, -0.0647898, , , , , , , 20.8595769, -0.061265, , , , , , , 20.8595769, -0.1562676, , , , , , , 20.8595769, 0.1515679, , , , , , , , , , , , , , , , , , , , , , , , , , , , 
20.8600962, -0.0619364, , , , , , , 20.8600962, -0.0941634, , , , , , , 20.8600962, -0.163653, , , , , , , 20.8600962, 0.1347829, , , , , , , , , , , , , , , , , , , , , , , , , , , , 
20.8606154, -0.054551, , , , , , , 20.8606154, -0.0861067, , , , , , , 20.8606154, -0.1606317, , , , , , , 20.8606154, 0.1085985, , , , , , , , , , , , , , , , , , , , , , , , , , , , 
20.8611346, -0.0488441, , , , , , , 20.8611346, -0.0417945, , , , , , , 20.8611346, -0.1411612, , , , , , , 20.8611346, 0.0837568, , , , , , , , , , , , , , , , , , , , , , , , , , , , 
20.8616538, -0.0439765, , , , , , , 20.8616538, -0.0169528, , , , , , , 20.8616538, -0.1075914, , , , , , , 20.8616538, 0.0619364, , , , , , , , , , , , , , , , , , , , , , , , , , , , 
20.8621731, -0.0404517, , , , , , , 20.8621731, -0.0293736, , , , , , , 20.8621731, -0.0616007, , , , , , , 20.8621731, 0.0414588, , , , , , , , , , , , , , , , , , , , , , , , , , , , 
20.8626923, -0.0354162, , , , , , , 20.8626923, -0.0466621, , , , , , , 20.8626923, -0.0218204, , , , , , , 20.8626923, 0.0231632, , , , , , , , , , , , , , , , , , , , , , , , , , , , 
20.8632115, -0.0280308, , , , , , , 20.8632115, -0.0459907, , , , , , , 20.8632115, 0.0085603, , , , , , , 20.8632115, 0.0130922, , , , , , , , , , , , , , , , , , , , , , , , , , , , 
20.8637308, -0.0162814, , , , , , , 20.8637308, -0.0223239, , , , , , , 20.8637308, 0.0339055, , , , , , , 20.8637308, 0.0090639, , , , , , , , , , , , , , , , , , , , , , , , , , , , 
20.86425, -0.0129244, , , , , , , 20.86425, 0.012253, , , , , , , 20.86425, 0.0461585, , , , , , , 20.86425, 0.0065461, , , , , , , , , , , , , , , , , , , , , , , , , , , , 
20.8647692, -0.0105745, , , , , , , 20.8647692, 0.0475013, , , , , , , 20.8647692, 0.047837, , , , , , , 20.8647692, 0.0028534, , , , , , , , , , , , , , , , , , , , , , , , , , , , 
20.8652885, -0.0028534, , , , , , , 20.8652885, 0.0639506, , , , , , , 20.8652885, 0.0396124, , , , , , , 20.8652885, -0.002182, , , , , , , , , , , , , , , , , , , , , , , , , , , , 
20.8658077, -0.002182, , , , , , , 20.8658077, 0.0676432, , , , , , , 20.8658077, 0.023331, , , , , , , 20.8658077, -0.0082246, , , , , , , , , , , , , , , , , , , , , , , , , , , , 
20.8663269, -0.0048676, , , , , , , 20.8663269, 0.0755322, , , , , , , 20.8663269, 0.0038605, , , , , , , 20.8663269, -0.0135958, , , , , , , , , , , , , , , , , , , , , , , , , , , , 
20.8668462, -0.0015106, , , , , , , 20.8668462, 0.0861067, , , , , , , 20.8668462, -0.0191348, , , , , , , 20.8668462, -0.0187991, , , , , , , , , , , , , , , , , , , , , , , , , , , , 
20.8673654, 0.0068818, , , , , , , 20.8673654, 0.0924849, , , , , , , 20.8673654, -0.0399481, , , , , , , 20.8673654, -0.021149, , , , , , , , , , , , , , , , , , , , , , , , , , , , 
20.8678846, 0.0102388, , , , , , , 20.8678846, 0.0955062, , , , , , , 20.8678846, -0.0464942, , , , , , , 20.8678846, -0.0229953, , , , , , , , , , , , , , , , , , , , , , , , , , , , 
20.8684038, 0.0090639, , , , , , , 20.8684038, 0.0783856, , , , , , , 20.8684038, -0.0370947, , , , , , , 20.8684038, -0.0231632, , , , , , , , , , , , , , , , , , , , , , , , , , , , 
20.8689231, 0.0092317, , , , , , , 20.8689231, 0.0293736, , , , , , , 20.8689231, -0.0223239, , , , , , , 20.8689231, -0.0219883, , , , , , , , , , , , , , , , , , , , , , , , , , , , 
20.8694423, 0.0125887, , , , , , , 20.8694423, -0.0193027, , , , , , , 20.8694423, -0.0068818, , , , , , , 20.8694423, -0.0198062, , , , , , , , , , , , , , , , , , , , , , , , , , , , 
20.8699615, 0.0209812, , , , , , , 20.8699615, -0.0381018, , , , , , , 20.8699615, -0.0001678, , , , , , , 20.8699615, -0.0199741, , , , , , , , , , , , , , , , , , , , , , , , , , , , 
20.8704808, 0.0374304, , , , , , , 20.8704808, -0.0350805, , , , , , , 20.8704808, -0.0102388, , , , , , , 20.8704808, -0.0250095, , , , , , , , , , , , , , , , , , , , , , , , , , , , 
20.871, 0.0548867, , , , , , , 20.871, -0.0317235, , , , , , , 20.871, -0.0307164, , , , , , , 20.871, -0.0327306, , , , , , , , , , , , , , , , , , , , , , , , , , , , 
20.8715192, 0.0616007, , , , , , , 20.8715192, -0.0344091, , , , , , , 20.8715192, -0.0495155, , , , , , , 20.8715192, -0.040116, , , , , , , , , , , , , , , , , , , , , , , , , , , , 
20.8720385, 0.0589151, , , , , , , 20.8720385, -0.0344091, , , , , , , 20.8720385, -0.0609293, , , , , , , 20.8720385, -0.04448, , , , , , , , , , , , , , , , , , , , , , , , , , , , 
20.8725577, 0.0548867, , , , , , , 20.8725577, -0.0290379, , , , , , , 20.8725577, -0.061265, , , , , , , 20.8725577, -0.0412909, , , , , , , , , , , , , , , , , , , , , , , , , , , , 
20.8730769, 0.043473, , , , , , , 20.8730769, -0.0052033, , , , , , , 20.8730769, -0.0441444, , , , , , , 20.8730769, -0.030045, , , , , , , , , , , , , , , , , , , , , , , , , , , , 
20.8735962, 0.0258488, , , , , , , 20.8735962, 0.0293736, , , , , , , 20.8735962, -0.017792, , , , , , , 20.8735962, -0.0149386, , , , , , , , , , , , , , , , , , , , , , , , , , , , 
20.8741154, 0.0099031, , , , , , , 20.8741154, 0.0387732, , , , , , , 20.8741154, 0.0078889, , , , , , , 20.8741154, -0.002182, , , , , , , , , , , , , , , , , , , , , , , , , , , , 
20.8746346, -0.0043641, , , , , , , 20.8746346, 0.0169528, , , , , , , 20.8746346, 0.0273594, , , , , , , 20.8746346, 0.0052033, , , , , , , , , , , , , , , , , , , , , , , , , , , , 
20.8751538, -0.0219883, , , , , , , 20.8751538, -0.0125887, , , , , , , 20.8751538, 0.0357519, , , , , , , 20.8751538, 0.008896, , , , , , , , , , , , , , , , , , , , , , , , , , , , 
20.8756731, -0.0350805, , , , , , , 20.8756731, -0.0283665, , , , , , , 20.8756731, 0.0350805, , , , , , , 20.8756731, 0.0112459, , , , , , , , , , , , , , , , , , , , , , , , , , , , 
20.8761923, -0.0441444, , , , , , , 20.8761923, -0.0263523, , , , , , , 20.8761923, 0.0273594, , , , , , , 20.8761923, 0.0119173, , , , , , , , , , , , , , , , , , , , , , , , , , , , 
20.8767115, -0.0525368, , , , , , , 20.8767115, -0.0193027, , , , , , , 20.8767115, 0.0146029, , , , , , , 20.8767115, 0.0159457, , , , , , , , , , , , , , , , , , , , , , , , , , , , 
20.8772308, -0.0663005, , , , , , , 20.8772308, -0.0090639, , , , , , , 20.8772308, 0.0035248, , , , , , , 20.8772308, 0.0253452, , , , , , , , , , , , , , , , , , , , , , , , , , , , 
20.87775, -0.0827497, , , , , , , 20.87775, 0.0038605, , , , , , , 20.87775, -0.0031891, , , , , , , 20.87775, 0.0381018, , , , , , , , , , , , , , , , , , , , , , , , , , , , 
20.8782692, -0.0921492, , , , , , , 20.8782692, 0.0129244, , , , , , , 20.8782692, -0.0031891, , , , , , , 20.8782692, 0.0565652, , , , , , , , , , , , , , , , , , , , , , , , , , , , 
20.8787885, -0.0944991, , , , , , , 20.8787885, 0.0179599, , , , , , , 20.8787885, 0.0041962, , , , , , , 20.8787885, 0.079057, , , , , , , , , , , , , , , , , , , , , , , , , , , , 
20.8793077, -0.1025559, , , , , , , 20.8793077, 0.0149386, , , , , , , 20.8793077, 0.0250095, , , , , , , 20.8793077, 0.1022202, , , , , , , , , , , , , , , , , , , , , , , , , , , , 
20.8798269, -0.1055772, , , , , , , 20.8798269, 0.0105745, , , , , , , 20.8798269, 0.0636149, , , , , , , 20.8798269, 0.1156481, , , , , , , , , , , , , , , , , , , , , , , , , , , , 
20.8803462, -0.0924849, , , , , , , 20.8803462, 0.0152743, , , , , , , 20.8803462, 0.1122911, , , , , , , 20.8803462, 0.1164874, , , , , , , , , , , , , , , , , , , , , , , , , , , , 
20.8808654, -0.0681468, , , , , , , 20.8808654, 0.0159457, , , , , , , 20.8808654, 0.1633173, , , , , , , 20.8808654, 0.1055772, , , , , , , , , , , , , , , , , , , , , , , , , , , , 
20.8813846, -0.0466621, , , , , , , 20.8813846, -0.0015106, , , , , , , 20.8813846, 0.1975586, , , , , , , 20.8813846, 0.0871138, , , , , , , , , , , , , , , , , , , , , , , , , , , , 
20.8819038, -0.0337377, , , , , , , 20.8819038, -0.0125887, , , , , , , 20.8819038, 0.2002441, , , , , , , 20.8819038, 0.066804, , , , , , , , , , , , , , , , , , , , , , , , , , , , 
20.8824231, -0.0256809, , , , , , , 20.8824231, 0.0001678, , , , , , , 20.8824231, 0.1824521, , , , , , , 20.8824231, 0.0533761, , , , , , , , , , , , , , , , , , , , , , , , , , , , 
20.8829423, -0.0169528, , , , , , , 20.8829423, 0.0159457, , , , , , , 20.8829423, 0.1646601, , , , , , , 20.8829423, 0.0488441, , , , , , , , , , , , , , , , , , , , , , , , , , , , 
20.8834615, -0.0063783, , , , , , , 20.8834615, 0.0119173, , , , , , , 20.8834615, 0.1388113, , , , , , , 20.8834615, 0.0414588, , , , , , , , , , , , , , , , , , , , , , , , , , , , 
20.8839808, 0.0043641, , , , , , , 20.8839808, -0.0105745, , , , , , , 20.8839808, 0.0830854, , , , , , , 20.8839808, 0.0302129, , , , , , , , , , , , , , , , , , , , , , , , , , , , 
20.8845, 0.0179599, , , , , , , 20.8845, -0.0454871, , , , , , , 20.8845, -0.002182, , , , , , , 20.8845, 0.0191348, , , , , , , , , , , , , , , , , , , , , , , , , , , , 
20.8850192, 0.026688, , , , , , , 20.8850192, -0.0710002, , , , , , , 20.8850192, -0.0998703, , , , , , , 20.8850192, 0.0090639, , , , , , , , , , , , , , , , , , , , , , , , , , , , 
20.8855385, 0.0298772, , , , , , , 20.8855385, -0.066804, , , , , , , 20.8855385, -0.1868162, , , , , , , 20.8855385, 0.0003357, , , , , , , , , , , , , , , , , , , , , , , , , , , , 
20.8860577, 0.033402, , , , , , , 20.8860577, -0.0384375, , , , , , , 20.8860577, -0.2391852, , , , , , , 20.8860577, -0.0090639, , , , , , , , , , , , , , , , , , , , , , , , , , , , 
20.8865769, 0.0344091, , , , , , , 20.8865769, -0.0203098, , , , , , , 20.8865769, -0.2526131, , , , , , , 20.8865769, -0.0162814, , , , , , , , , , , , , , , , , , , , , , , , , , , , 
20.8870962, 0.0340734, , , , , , , 20.8870962, -0.0290379, , , , , , , 20.8870962, -0.2386816, , , , , , , 20.8870962, -0.0213169, , , , , , , , , , , , , , , , , , , , , , , , , , , , 
20.8876154, 0.0370947, , , , , , , 20.8876154, -0.0253452, , , , , , , 20.8876154, -0.2076295, , , , , , , 20.8876154, -0.0285344, , , , , , , , , , , , , , , , , , , , , , , , , , , , 
20.8881346, 0.0407874, , , , , , , 20.8881346, 0.0213169, , , , , , , 20.8881346, -0.1720455, , , , , , , 20.8881346, -0.0386053, , , , , , , , , , , , , , , , , , , , , , , , , , , , 
20.8886538, 0.0439765, , , , , , , 20.8886538, 0.0777142, , , , , , , 20.8886538, -0.1414969, , , , , , , 20.8886538, -0.0451514, , , , , , , , , , , , , , , , , , , , , , , , , , , , 
20.8891731, 0.0461585, , , , , , , 20.8891731, 0.0988632, , , , , , , 20.8891731, -0.1089342, , , , , , , 20.8891731, -0.0451514, , , , , , , , , , , , , , , , , , , , , , , , , , , , 
20.8896923, 0.0527047, , , , , , , 20.8896923, 0.079057, , , , , , , 20.8896923, -0.0760357, , , , , , , 20.8896923, -0.043473, , , , , , , , , , , , , , , , , , , , , , , , , , , , 
20.8902115, 0.072343, , , , , , , 20.8902115, 0.0387732, , , , , , , 20.8902115, -0.0538796, , , , , , , 20.8902115, -0.0451514, , , , , , , , , , , , , , , , , , , , , , , , , , , , 
20.8907308, 0.0924849, , , , , , , 20.8907308, -0.0001678, , , , , , , 20.8907308, -0.0370947, , , , , , , 20.8907308, -0.047837, , , , , , , , , , , , , , , , , , , , , , , , , , , , 
20.89125, 0.0990311, , , , , , , 20.89125, -0.0407874, , , , , , , 20.89125, -0.012253, , , , , , , 20.89125, -0.0475013, , , , , , , , , , , , , , , , , , , , , , , , , , , , 
20.8917692, 0.103563, , , , , , , 20.8917692, -0.0840925, , , , , , , 20.8917692, 0.026688, , , , , , , 20.8917692, -0.0464942, , , , , , , , , , , , , , , , , , , , , , , , , , , , 
20.8922885, 0.111284, , , , , , , 20.8922885, -0.1077592, , , , , , , 20.8922885, 0.0750286, , , , , , , 20.8922885, -0.0486763, , , , , , , , , , , , , , , , , , , , , , , , , , , , 
20.8928077, 0.1099413, , , , , , , 20.8928077, -0.0998703, , , , , , , 20.8928077, 0.1267262, , , , , , , 20.8928077, -0.047837, , , , , , , , , , , , , , , , , , , , , , , , , , , , 
20.8933269, 0.1044022, , , , , , , 20.8933269, -0.0609293, , , , , , , 20.8933269, 0.1649958, , , , , , , 20.8933269, -0.0428016, , , , , , , , , , , , , , , , , , , , , , , , , , , , 
20.8938462, 0.0928206, , , , , , , 20.8938462, -0.0062104, , , , , , , 20.8938462, 0.1740597, , , , , , , 20.8938462, -0.0397803, , , , , , , , , , , , , , , , , , , , , , , , , , , , 
20.8943654, 0.0716716, , , , , , , 20.8943654, 0.026688, , , , , , , 20.8943654, 0.1567712, , , , , , , 20.8943654, -0.0344091, , , , , , , , , , , , , , , , , , , , , , , , , , , , 
20.8948846, 0.0485084, , , , , , , 20.8948846, 0.0360876, , , , , , , 20.8948846, 0.1398184, , , , , , , 20.8948846, -0.0236667, , , , , , , , , , , , , , , , , , , , , , , , , , , , 
20.8954038, 0.0354162, , , , , , , 20.8954038, 0.0347448, , , , , , , 20.8954038, 0.1351186, , , , , , , 20.8954038, -0.0125887, , , , , , , , , , , , , , , , , , , , , , , , , , , , 
20.8959231, 0.0283665, , , , , , , 20.8959231, 0.0169528, , , , , , , 20.8959231, 0.1253834, , , , , , , 20.8959231, 0.002182, , , , , , , , , , , , , , , , , , , , , , , , , , , , 
20.8964423, 0.0159457, , , , , , , 20.8964423, -0.0006714, , , , , , , 20.8964423, 0.0978561, , , , , , , 20.8964423, 0.0209812, , , , , , , , , , , , , , , , , , , , , , , , , , , , 
20.8969615, 0.0001678, , , , , , , 20.8969615, 0.0058747, , , , , , , 20.8969615, 0.0548867, , , , , , , 20.8969615, 0.0387732, , , , , , , , , , , , , , , , , , , , , , , , , , , , 
20.8974808, -0.012253, , , , , , , 20.8974808, 0.0159457, , , , , , , 20.8974808, 0.0011749, , , , , , , 20.8974808, 0.0582437, , , , , , , , , , , , , , , , , , , , , , , , , , , , 
20.898, -0.0172885, , , , , , , 20.898, 0.0052033, , , , , , , 20.898, -0.0525368, , , , , , , 20.898, 0.0770428, , , , , , , , , , , , , , , , , , , , , , , , , , , , 
20.8985192, -0.0263523, , , , , , , 20.8985192, -0.0035248, , , , , , , 20.8985192, -0.0916457, , , , , , , 20.8985192, 0.0908064, , , , , , , , , , , , , , , , , , , , , , , , , , , , 
20.8990385, -0.0357519, , , , , , , 20.8990385, 0.0132601, , , , , , , 20.8990385, -0.1082628, , , , , , , 20.8990385, 0.096849, , , , , , , , , , , , , , , , , , , , , , , , , , , , 
20.8995577, -0.0397803, , , , , , , 20.8995577, 0.0226596, , , , , , , 20.8995577, -0.1153124, , , , , , , 20.8995577, 0.0944991, , , , , , , , , , , , , , , , , , , , , , , , , , , , 
20.9000769, -0.0360876, , , , , , , 20.9000769, 0.0018463, , , , , , , 20.9000769, -0.1226978, , , , , , , 20.9000769, 0.0856031, , , , , , , , , , , , , , , , , , , , , , , , , , , , 
20.9005962, -0.0283665, , , , , , , 20.9005962, -0.0330663, , , , , , , 20.9005962, -0.1351186, , , , , , , 20.9005962, 0.0730144, , , , , , , , , , , , , , , , , , , , , , , , , , , , 
20.9011154, -0.0166171, , , , , , , 20.9011154, -0.0558938, , , , , , , 20.9011154, -0.1431754, , , , , , , 20.9011154, 0.0592508, , , , , , , , , , , , , , , , , , , , , , , , , , , , 
20.9016346, -0.0041962, , , , , , , 20.9016346, -0.0626078, , , , , , , 20.9016346, -0.1485466, , , , , , , 20.9016346, 0.0441444, , , , , , , , , , , , , , , , , , , , , , , , , , , , 
20.9021538, 0.0048676, , , , , , , 20.9021538, -0.0495155, , , , , , , 20.9021538, -0.1596246, , , , , , , 20.9021538, 0.026688, , , , , , , , , , , , , , , , , , , , , , , , , , , , 
20.9026731, 0.0169528, , , , , , , 20.9026731, -0.0109102, , , , , , , 20.9026731, -0.1707027, , , , , , , 20.9026731, 0.0119173, , , , , , , , , , , , , , , , , , , , , , , , , , , , 
20.9031923, 0.0276951, , , , , , , 20.9031923, 0.0290379, , , , , , , 20.9031923, -0.1626459, , , , , , , 20.9031923, 0.0001678, , , , , , , , , , , , , , , , , , , , , , , , , , , , 
20.9037115, 0.0332341, , , , , , , 20.9037115, 0.0320592, , , , , , , 20.9037115, -0.1319295, , , , , , , 20.9037115, -0.0072175, , , , , , , , , , , , , , , , , , , , , , , , , , , , 
20.9042308, 0.0340734, , , , , , , 20.9042308, 0.0097353, , , , , , , 20.9042308, -0.0894636, , , , , , , 20.9042308, -0.0095674, , , , , , , , , , , , , , , , , , , , , , , , , , , , 
20.90475, 0.0276951, , , , , , , 20.90475, -0.0031891, , , , , , , 20.90475, -0.0485084, , , , , , , 20.90475, -0.0099031, , , , , , , , , , , , , , , , , , , , , , , , , , , , 
20.9052692, 0.0186313, , , , , , , 20.9052692, -0.0246738, , , , , , , 20.9052692, -0.0112459, , , , , , , 20.9052692, -0.0048676, , , , , , , , , , , , , , , , , , , , , , , , , , , , 
20.9057885, 0.0102388, , , , , , , 20.9057885, -0.0602579, , , , , , , 20.9057885, 0.023331, , , , , , , 20.9057885, 0.0011749, , , , , , , , , , , , , , , , , , , , , , , , , , , , 
20.9063077, -0.002182, , , , , , , 20.9063077, -0.0713359, , , , , , , 20.9063077, 0.0501869, , , , , , , 20.9063077, 0.0025177, , , , , , , , , , , , , , , , , , , , , , , , , , , , 
20.9068269, -0.0085603, , , , , , , 20.9068269, -0.0609293, , , , , , , 20.9068269, 0.0602579, , , , , , , 20.9068269, 0.0018463, , , , , , , , , , , , , , , , , , , , , , , , , , , , 
20.9073462, -0.0105745, , , , , , , 20.9073462, -0.0669718, , , , , , , 20.9073462, 0.054551, , , , , , , 20.9073462, 0.002182, , , , , , , , , , , , , , , , , , , , , , , , , , , , 
20.9078654, -0.014435, , , , , , , 20.9078654, -0.0800641, , , , , , , 20.9078654, 0.0441444, , , , , , , 20.9078654, 0.0031891, , , , , , , , , , , , , , , , , , , , , , , , , , , , 
20.9083846, -0.0149386, , , , , , , 20.9083846, -0.0616007, , , , , , , 20.9083846, 0.036759, , , , , , , 20.9083846, 0.0003357, , , , , , , , , , , , , , , , , , , , , , , , , , , , 
20.9089038, -0.0119173, , , , , , , 20.9089038, -0.0001678, , , , , , , 20.9089038, 0.0313878, , , , , , , 20.9089038, -0.0063783, , , , , , , , , , , , , , , , , , , , , , , , , , , , 
20.9094231, -0.0050355, , , , , , , 20.9094231, 0.0584115, , , , , , , 20.9094231, 0.0384375, , , , , , , 20.9094231, -0.0073854, , , , , , , , , , , , , , , , , , , , , , , , , , , , 
20.9099423, 0.0068818, , , , , , , 20.9099423, 0.072343, , , , , , , 20.9099423, 0.0642863, , , , , , , 20.9099423, -0.0025177, , , , , , , , , , , , , , , , , , , , , , , , , , , , 
20.9104615, 0.0206455, , , , , , , 20.9104615, 0.0562295, , , , , , , 20.9104615, 0.0931563, , , , , , , 20.9104615, 0.0048676, , , , , , , , , , , , , , , , , , , , , , , , , , , , 
20.9109808, 0.0330663, , , , , , , 20.9109808, 0.0270237, , , , , , , 20.9109808, 0.1092699, , , , , , , 20.9109808, 0.014435, , , , , , , , , , , , , , , , , , , , , , , , , , , , 
20.9115, 0.0409552, , , , , , , 20.9115, -0.0048676, , , , , , , 20.9115, 0.1059129, , , , , , , 20.9115, 0.0193027, , , , , , , , , , , , , , , , , , , , , , , , , , , , 
20.9120192, 0.0463264, , , , , , , 20.9120192, -0.008896, , , , , , , 20.9120192, 0.0931563, , , , , , , 20.9120192, 0.0224918, , , , , , , , , , , , , , , , , , , , , , , , , , , , 
20.9125385, 0.0560616, , , , , , , 20.9125385, 0.0320592, , , , , , , 20.9125385, 0.0793927, , , , , , , 20.9125385, 0.0250095, , , , , , , , , , , , , , , , , , , , , , , , , , , , 
20.9130577, 0.0663005, , , , , , , 20.9130577, 0.0753643, , , , , , , 20.9130577, 0.0699931, , , , , , , 20.9130577, 0.0263523, , , , , , , , , , , , , , , , , , , , , , , , , , , , 
20.9135769, 0.0726787, , , , , , , 20.9135769, 0.0807355, , , , , , , 20.9135769, 0.0679789, , , , , , , 20.9135769, 0.0270237, , , , , , , , , , , , , , , , , , , , , , , , , , , , 
20.9140962, 0.0743572, , , , , , , 20.9140962, 0.0605936, , , , , , , 20.9140962, 0.0629435, , , , , , , 20.9140962, 0.027863, , , , , , , , , , , , , , , , , , , , , , , , , , , , 
20.9146154, 0.0696574, , , , , , , 20.9146154, 0.0397803, , , , , , , 20.9146154, 0.0527047, , , , , , , 20.9146154, 0.030045, , , , , , , , , , , , , , , , , , , , , , , , , , , , 
20.9151346, 0.0605936, , , , , , , 20.9151346, 0.033402, , , , , , , 20.9151346, 0.043473, , , , , , , 20.9151346, 0.0253452, , , , , , , , , , , , , , , , , , , , , , , , , , , , 
20.9156538, 0.051194, , , , , , , 20.9156538, 0.0307164, , , , , , , 20.9156538, 0.0386053, , , , , , , 20.9156538, 0.0132601, , , , , , , , , , , , , , , , , , , , , , , , , , , , 
20.9161731, 0.0347448, , , , , , , 20.9161731, 0.0203098, , , , , , , 20.9161731, 0.0347448, , , , , , , 20.9161731, 0.0052033, , , , , , , , , , , , , , , , , , , , , , , , , , , , 
20.9166923, 0.0078889, , , , , , , 20.9166923, 0.0011749, , , , , , , 20.9166923, 0.026688, , , , , , , 20.9166923, 0.0043641, , , , , , , , , , , , , , , , , , , , , , , , , , , , 
20.9172115, -0.0176242, , , , , , , 20.9172115, -0.0193027, , , , , , , 20.9172115, 0.0218204, , , , , , , 20.9172115, 0.0038605, , , , , , , , , , , , , , , , , , , , , , , , , , , , 
20.9177308, -0.0354162, , , , , , , 20.9177308, -0.0461585, , , , , , , 20.9177308, 0.0297093, , , , , , , 20.9177308, 0.0062104, , , , , , , , , , , , , , , , , , , , , , , , , , , , 
20.91825, -0.0471656, , , , , , , 20.91825, -0.0827497, , , , , , , 20.91825, 0.0488441, , , , , , , 20.91825, 0.012253, , , , , , , , , , , , , , , , , , , , , , , , , , , , 
20.9187692, -0.0589151, , , , , , , 20.9187692, -0.1243763, , , , , , , 20.9187692, 0.0696574, , , , , , , 20.9187692, 0.0219883, , , , , , , , , , , , , , , , , , , , , , , , , , , , 
20.9192885, -0.0683146, , , , , , , 20.9192885, -0.1552605, , , , , , , 20.9192885, 0.0767071, , , , , , , 20.9192885, 0.0293736, , , , , , , , , , , , , , , , , , , , , , , , , , , , 
20.9198077, -0.0733501, , , , , , , 20.9198077, -0.1398184, , , , , , , 20.9198077, 0.0673075, , , , , , , 20.9198077, 0.0323949, , , , , , , , , , , , , , , , , , , , , , , , , , , , 
20.9203269, -0.064622, , , , , , , 20.9203269, -0.0827497, , , , , , , 20.9203269, 0.0562295, , , , , , , 20.9203269, 0.0313878, , , , , , , , , , , , , , , , , , , , , , , , , , , , 
20.9208462, -0.0475013, , , , , , , 20.9208462, -0.056733, , , , , , , 20.9208462, 0.0475013, , , , , , , 20.9208462, 0.026688, , , , , , , , , , , , , , , , , , , , , , , , , , , , 
20.9213654, -0.0340734, , , , , , , 20.9213654, -0.096849, , , , , , , 20.9213654, 0.0339055, , , , , , , 20.9213654, 0.0179599, , , , , , , , , , , , , , , , , , , , , , , , , , , , 
20.9218846, -0.0250095, , , , , , , 20.9218846, -0.1465324, , , , , , , 20.9218846, 0.0248417, , , , , , , 20.9218846, 0.0092317, , , , , , , , , , , , , , , , , , , , , , , , , , , , 
20.9224038, -0.0169528, , , , , , , 20.9224038, -0.1472038, , , , , , , 20.9224038, 0.0414588, , , , , , , 20.9224038, 0.0025177, , , , , , , , , , , , , , , , , , , , , , , , , , , , 
20.9229231, -0.0003357, , , , , , , 20.9229231, -0.1121233, , , , , , , 20.9229231, 0.0676432, , , , , , , 20.9229231, -0.0028534, , , , , , , , , , , , , , , , , , , , , , , , , , , , 
20.9234423, 0.0236667, , , , , , , 20.9234423, -0.0844282, , , , , , , 20.9234423, 0.0777142, , , , , , , 20.9234423, -0.0085603, , , , , , , , , , , , , , , , , , , , , , , , , , , , 
20.9239615, 0.0381018, , , , , , , 20.9239615, -0.0787213, , , , , , , 20.9239615, 0.0656291, , , , , , , 20.9239615, -0.0152743, , , , , , , , , , , , , , , , , , , , , , , , , , , , 
20.9244808, 0.0414588, , , , , , , 20.9244808, -0.0827497, , , , , , , 20.9244808, 0.0506905, , , , , , , 20.9244808, -0.0162814, , , , , , , , , , , , , , , , , , , , , , , , , , , , 
20.925, 0.0461585, , , , , , , 20.925, -0.082414, , , , , , , 20.925, 0.0414588, , , , , , , 20.925, -0.0112459, , , , , , , , , , , , , , , , , , , , , , , , , , , , 
20.9255192, 0.0508583, , , , , , , 20.9255192, -0.0840925, , , , , , , 20.9255192, 0.0115816, , , , , , , 20.9255192, -0.008896, , , , , , , , , , , , , , , , , , , , , , , , , , , , 
20.9260385, 0.0569009, , , , , , , 20.9260385, -0.0730144, , , , , , , 20.9260385, -0.0391089, , , , , , , 20.9260385, -0.008896, , , , , , , , , , , , , , , , , , , , , , , , , , , , 
20.9265577, 0.0619364, , , , , , , 20.9265577, -0.0411231, , , , , , , 20.9265577, -0.082414, , , , , , , 20.9265577, -0.012253, , , , , , , , , , , , , , , , , , , , , , , , , , , , 
20.9270769, 0.0595865, , , , , , , 20.9270769, -0.0115816, , , , , , , 20.9270769, -0.1198444, , , , , , , 20.9270769, -0.0135958, , , , , , , , , , , , , , , , , , , , , , , , , , , , 
20.9275962, 0.0481727, , , , , , , 20.9275962, 0.008896, , , , , , , 20.9275962, -0.1686885, , , , , , , 20.9275962, -0.0129244, , , , , , , , , , , , , , , , , , , , , , , , , , , , 
20.9281154, 0.0374304, , , , , , , 20.9281154, 0.0307164, , , , , , , 20.9281154, -0.2240787, , , , , , , 20.9281154, -0.0139315, , , , , , , , , , , , , , , , , , , , , , , , , , , , 
20.9286346, 0.0340734, , , , , , , 20.9286346, 0.056733, , , , , , , 20.9286346, -0.272755, , , , , , , 20.9286346, -0.0149386, , , , , , , , , , , , , , , , , , , , , , , , , , , , 
20.9291538, 0.0374304, , , , , , , 20.9291538, 0.0820783, , , , , , , 20.9291538, -0.3120317, , , , , , , 20.9291538, -0.0139315, , , , , , , , , , , , , , , , , , , , , , , , , , , , 
20.9296731, 0.0468299, , , , , , , 20.9296731, 0.0965133, , , , , , , 20.9296731, -0.3385519, , , , , , , 20.9296731, -0.0109102, , , , , , , , , , , , , , , , , , , , , , , , , , , , 
20.9301923, 0.061265, , , , , , , 20.9301923, 0.096849, , , , , , , 20.9301923, -0.3392233, , , , , , , 20.9301923, -0.0102388, , , , , , , , , , , , , , , , , , , , , , , , , , , , 
20.9307115, 0.076875, , , , , , , 20.9307115, 0.0844282, , , , , , , 20.9307115, -0.3130388, , , , , , , 20.9307115, -0.0104067, , , , , , , , , , , , , , , , , , , , , , , , , , , , 
20.9312308, 0.0877852, , , , , , , 20.9312308, 0.0632792, , , , , , , 20.9312308, -0.2737621, , , , , , , 20.9312308, -0.0097353, , , , , , , , , , , , , , , , , , , , , , , , , , , , 
20.93175, 0.0948348, , , , , , , 20.93175, 0.0381018, , , , , , , 20.93175, -0.2301213, , , , , , , 20.93175, -0.0065461, , , , , , , , , , , , , , , , , , , , , , , , , , , , 
20.9322692, 0.0985275, , , , , , , 20.9322692, 0.0172885, , , , , , , 20.9322692, -0.1827878, , , , , , , 20.9322692, 0.0025177, , , , , , , , , , , , , , , , , , , , , , , , , , , , 
20.9327885, 0.0998703, , , , , , , 20.9327885, 0.0105745, , , , , , , 20.9327885, -0.1364614, , , , , , , 20.9327885, 0.0206455, , , , , , , , , , , , , , , , , , , , , , , , , , , , 
20.9333077, 0.0926528, , , , , , , 20.9333077, 0.0224918, , , , , , , 20.9333077, -0.0975204, , , , , , , 20.9333077, 0.0412909, , , , , , , , , , , , , , , , , , , , , , , , , , , , 
20.9338269, 0.0797284, , , , , , , 20.9338269, 0.0384375, , , , , , , 20.9338269, -0.0755322, , , , , , , 20.9338269, 0.0616007, , , , , , , , , , , , , , , , , , , , , , , , , , , , 
20.9343462, 0.0652934, , , , , , , 20.9343462, 0.0522011, , , , , , , 20.9343462, -0.0699931, , , , , , , 20.9343462, 0.0773785, , , , , , , , , , , , , , , , , , , , , , , , , , , , 
20.9348654, 0.0528725, , , , , , , 20.9348654, 0.068986, , , , , , , 20.9348654, -0.0572366, , , , , , , 20.9348654, 0.0881209, , , , , , , , , , , , , , , , , , , , , , , , , , , , 
20.9353846, 0.0412909, , , , , , , 20.9353846, 0.0867781, , , , , , , 20.9353846, -0.0280308, , , , , , , 20.9353846, 0.0938277, , , , , , , , , , , , , , , , , , , , , , , , , , , , 
20.9359038, 0.0280308, , , , , , , 20.9359038, 0.0916457, , , , , , , 20.9359038, 0.0058747, , , , , , , 20.9359038, 0.0891279, , , , , , , , , , , , , , , , , , , , , , , , , , , , 
20.9364231, 0.0092317, , , , , , , 20.9364231, 0.0877852, , , , , , , 20.9364231, 0.0394446, , , , , , , 20.9364231, 0.0777142, , , , , , , , , , , , , , , , , , , , , , , , , , , , 
20.9369423, -0.0119173, , , , , , , 20.9369423, 0.0897993, , , , , , , 20.9369423, 0.0817426, , , , , , , 20.9369423, 0.064622, , , , , , , , , , , , , , , , , , , , , , , , , , , , 
20.9374615, -0.0283665, , , , , , , 20.9374615, 0.0991989, , , , , , , 20.9374615, 0.1428397, , , , , , , 20.9374615, 0.0565652, , , , , , , , , , , , , , , , , , , , , , , , , , , , 
20.9379808, -0.0392767, , , , , , , 20.9379808, 0.0971847, , , , , , , 20.9379808, 0.1965515, , , , , , , 20.9379808, 0.0491798, , , , , , , , , , , , , , , , , , , , , , , , , , , , 
20.9385, -0.0448157, , , , , , , 20.9385, 0.0589151, , , , , , , 20.9385, 0.2180362, , , , , , , 20.9385, 0.0406195, , , , , , , , , , , , , , , , , , , , , , , , , , , , 
20.9390192, -0.0508583, , , , , , , 20.9390192, -0.0018463, , , , , , , 20.9390192, 0.209308, , , , , , , 20.9390192, 0.0354162, , , , , , , , , , , , , , , , , , , , , , , , , , , , 
20.9395385, -0.0585794, , , , , , , 20.9395385, -0.0411231, , , , , , , 20.9395385, 0.1869841, , , , , , , 20.9395385, 0.0297093, , , , , , , , , , , , , , , , , , , , , , , , , , , , 
20.9400577, -0.0585794, , , , , , , 20.9400577, -0.0582437, , , , , , , 20.9400577, 0.1559319, , , , , , , 20.9400577, 0.0186313, , , , , , , , , , , , , , , , , , , , , , , , , , , , 
20.9405769, -0.04448, , , , , , , 20.9405769, -0.0793927, , , , , , , 20.9405769, 0.1273976, , , , , , , 20.9405769, 0.0063783, , , , , , , , , , , , , , , , , , , , , , , , , , , , 
20.9410962, -0.030045, , , , , , , 20.9410962, -0.0981918, , , , , , , 20.9410962, 0.1044022, , , , , , , 20.9410962, -0.0015106, , , , , , , , , , , , , , , , , , , , , , , , , , , , 
20.9416154, -0.0209812, , , , , , , 20.9416154, -0.0896315, , , , , , , 20.9416154, 0.0837568, , , , , , , 20.9416154, -0.0041962, , , , , , , , , , , , , , , , , , , , , , , , , , , , 
20.9421346, -0.0162814, , , , , , , 20.9421346, -0.0538796, , , , , , , 20.9421346, 0.0726787, , , , , , , 20.9421346, -0.0058747, , , , , , , , , , , , , , , , , , , , , , , , , , , , 
20.9426538, -0.0109102, , , , , , , 20.9426538, -0.0077211, , , , , , , 20.9426538, 0.0632792, , , , , , , 20.9426538, -0.0077211, , , , , , , , , , , , , , , , , , , , , , , , , , , , 
20.9431731, -0.0043641, , , , , , , 20.9431731, 0.0293736, , , , , , , 20.9431731, 0.0451514, , , , , , , 20.9431731, -0.0104067, , , , , , , , , , , , , , , , , , , , , , , , , , , , 
20.9436923, 0.0001678, , , , , , , 20.9436923, 0.0572366, , , , , , , 20.9436923, 0.0256809, , , , , , , 20.9436923, -0.0149386, , , , , , , , , , , , , , , , , , , , , , , , , , , , 
20.9442115, 0.0075532, , , , , , , 20.9442115, 0.0676432, , , , , , , 20.9442115, 0.0193027, , , , , , , 20.9442115, -0.0166171, , , , , , , , , , , , , , , , , , , , , , , , , , , , 
20.9447308, 0.0119173, , , , , , , 20.9447308, 0.0495155, , , , , , , 20.9447308, 0.0397803, , , , , , , 20.9447308, -0.012253, , , , , , , , , , , , , , , , , , , , , , , , , , , , 
20.94525, 0.0159457, , , , , , , 20.94525, 0.0424659, , , , , , , 20.94525, 0.0716716, , , , , , , 20.94525, -0.0015106, , , , , , , , , , , , , , , , , , , , , , , , , , , , 
20.9457692, 0.0213169, , , , , , , 20.9457692, 0.0656291, , , , , , , 20.9457692, 0.0829175, , , , , , , 20.9457692, 0.0129244, , , , , , , , , , , , , , , , , , , , , , , , , , , , 
20.9462885, 0.023331, , , , , , , 20.9462885, 0.0703288, , , , , , , 20.9462885, 0.0676432, , , , , , , 20.9462885, 0.0240024, , , , , , , , , , , , , , , , , , , , , , , , , , , , 
20.9468077, 0.0218204, , , , , , , 20.9468077, 0.0374304, , , , , , , 20.9468077, 0.0475013, , , , , , , 20.9468077, 0.0307164, , , , , , , , , , , , , , , , , , , , , , , , , , , , 
20.9473269, 0.0209812, , , , , , , 20.9473269, 0.0008392, , , , , , , 20.9473269, 0.0206455, , , , , , , 20.9473269, 0.0344091, , , , , , , , , , , , , , , , , , , , , , , , , , , , 
20.9478462, 0.0221561, , , , , , , 20.9478462, -0.0313878, , , , , , , 20.9478462, -0.0124208, , , , , , , 20.9478462, 0.0337377, , , , , , , , , , , , , , , , , , , , , , , , , , , , 
20.9483654, 0.0243381, , , , , , , 20.9483654, -0.0535439, , , , , , , 20.9483654, -0.0431373, , , , , , , 20.9483654, 0.0330663, , , , , , , , , , , , , , , , , , , , , , , , , , , , 
20.9488846, 0.026688, , , , , , , 20.9488846, -0.0542153, , , , , , , 20.9488846, -0.0663005, , , , , , , 20.9488846, 0.0317235, , , , , , , , , , , , , , , , , , , , , , , , , , , , 
20.9494038, 0.03122, , , , , , , 20.9494038, -0.0520333, , , , , , , 20.9494038, -0.0825818, , , , , , , 20.9494038, 0.0276951, , , , , , , , , , , , , , , , , , , , , , , , , , , , 
20.9499231, 0.043473, , , , , , , 20.9499231, -0.0471656, , , , , , , 20.9499231, -0.0852674, , , , , , , 20.9499231, 0.0206455, , , , , , , , , , , , , , , , , , , , , , , , , , , , 
20.9504423, 0.0602579, , , , , , , 20.9504423, -0.0313878, , , , , , , 20.9504423, -0.0713359, , , , , , , 20.9504423, 0.0078889, , , , , , , , , , , , , , , , , , , , , , , , , , , , 
20.9509615, 0.0652934, , , , , , , 20.9509615, -0.0394446, , , , , , , 20.9509615, -0.0498512, , , , , , , 20.9509615, -0.0028534, , , , , , , , , , , , , , , , , , , , , , , , , , , , 
20.9514808, 0.0592508, , , , , , , 20.9514808, -0.0720073, , , , , , , 20.9514808, -0.0260166, , , , , , , 20.9514808, -0.0095674, , , , , , , , , , , , , , , , , , , , , , , , , , , , 
20.952, 0.051194, , , , , , , 20.952, -0.0810712, , , , , , , 20.952, -0.0001678, , , , , , , 20.952, -0.0132601, , , , , , , , , , , , , , , , , , , , , , , , , , , , 
20.9525192, 0.0454871, , , , , , , 20.9525192, -0.0636149, , , , , , , 20.9525192, 0.0146029, , , , , , , 20.9525192, -0.0129244, , , , , , , , , , , , , , , , , , , , , , , , , , , , 
20.9530385, 0.0414588, , , , , , , 20.9530385, -0.0540475, , , , , , , 20.9530385, 0.0005035, , , , , , , 20.9530385, -0.0062104, , , , , , , , , , , , , , , , , , , , , , , , , , , , 
20.9535577, 0.0417945, , , , , , , 20.9535577, -0.0652934, , , , , , , 20.9535577, -0.036759, , , , , , , 20.9535577, 0.0043641, , , , , , , , , , , , , , , , , , , , , , , , , , , , 
20.9540769, 0.0386053, , , , , , , 20.9540769, -0.0693217, , , , , , , 20.9540769, -0.0652934, , , , , , , 20.9540769, 0.0162814, , , , , , , , , , , , , , , , , , , , , , , , , , , , 
20.9545962, 0.0290379, , , , , , , 20.9545962, -0.0438087, , , , , , , 20.9545962, -0.0622721, , , , , , , 20.9545962, 0.0263523, , , , , , , , , , , , , , , , , , , , , , , , , , , , 
20.9551154, 0.0213169, , , , , , , 20.9551154, -0.0072175, , , , , , , 20.9551154, -0.0256809, , , , , , , 20.9551154, 0.0310521, , , , , , , , , , , , , , , , , , , , , , , , , , , , 
20.9556346, 0.0112459, , , , , , , 20.9556346, 0.0132601, , , , , , , 20.9556346, 0.0240024, , , , , , , 20.9556346, 0.030045, , , , , , , , , , , , , , , , , , , , , , , , , , , , 
20.9561538, -0.0043641, , , , , , , 20.9561538, 0.01561, , , , , , , 20.9561538, 0.0589151, , , , , , , 20.9561538, 0.0263523, , , , , , , , , , , , , , , , , , , , , , , , , , , , 
20.9566731, -0.0234989, , , , , , , 20.9566731, 0.0243381, , , , , , , 20.9566731, 0.0842603, , , , , , , 20.9566731, 0.0246738, , , , , , , , , , , , , , , , , , , , , , , , , , , , 
20.9571923, -0.0392767, , , , , , , 20.9571923, 0.0426337, , , , , , , 20.9571923, 0.1240406, , , , , , , 20.9571923, 0.026688, , , , , , , , , , , , , , , , , , , , , , , , , , , , 
20.9577115, -0.0515297, , , , , , , 20.9577115, 0.0508583, , , , , , , 20.9577115, 0.1666743, , , , , , , 20.9577115, 0.0280308, , , , , , , , , , , , , , , , , , , , , , , , , , , , 
20.9582308, -0.0621042, , , , , , , 20.9582308, 0.0397803, , , , , , , 20.9582308, 0.1811093, , , , , , , 20.9582308, 0.0256809, , , , , , , , , , , , , , , , , , , , , , , , , , , , 
20.95875, -0.0730144, , , , , , , 20.95875, 0.0092317, , , , , , , 20.95875, 0.156939, , , , , , , 20.95875, 0.0199741, , , , , , , , , , , , , , , , , , , , , , , , , , , , 
20.9592692, -0.0814069, , , , , , , 20.9592692, -0.036759, , , , , , , 20.9592692, 0.0998703, , , , , , , 20.9592692, 0.0132601, , , , , , , , , , , , , , , , , , , , , , , , , , , , 
20.9597885, -0.0780499, , , , , , , 20.9597885, -0.0854353, , , , , , , 20.9597885, 0.0196384, , , , , , , 20.9597885, 0.005539, , , , , , , , , , , , , , , , , , , , , , , , , , , , 
20.9603077, -0.0683146, , , , , , , 20.9603077, -0.110277, , , , , , , 20.9603077, -0.0703288, , , , , , , 20.9603077, -0.0005035, , , , , , , , , , , , , , , , , , , , , , , , , , , , 
20.9608269, -0.0542153, , , , , , , 20.9608269, -0.1042344, , , , , , , 20.9608269, -0.1411612, , , , , , , 20.9608269, -0.0045319, , , , , , , , , , , , , , , , , , , , , , , , , , , , 
20.9613462, -0.0352483, , , , , , , 20.9613462, -0.0827497, , , , , , , 20.9613462, -0.1633173, , , , , , , 20.9613462, -0.0041962, , , , , , , , , , , , , , , , , , , , , , , , , , , , 
20.9618654, -0.0176242, , , , , , , 20.9618654, -0.0532082, , , , , , , 20.9618654, -0.1695277, , , , , , , 20.9618654, -0.0008392, , , , , , , , , , , , , , , , , , , , , , , , , , , , 
20.9623846, -0.0072175, , , , , , , 20.9623846, -0.0273594, , , , , , , 20.9623846, -0.1898375, , , , , , , 20.9623846, 0.0008392, , , , , , , , , , , , , , , , , , , , , , , , , , , , 
20.9629038, -0.0016785, , , , , , , 20.9629038, -0.0176242, , , , , , , 20.9629038, -0.2029297, , , , , , , 20.9629038, -0.0031891, , , , , , , , , , , , , , , , , , , , , , , , , , , , 
20.9634231, 0.0065461, , , , , , , 20.9634231, -0.0125887, , , , , , , 20.9634231, -0.1921874, , , , , , , 20.9634231, -0.0105745, , , , , , , , , , , , , , , , , , , , , , , , , , , , 
20.9639423, 0.0199741, , , , , , , 20.9639423, -0.0058747, , , , , , , 20.9639423, -0.1769131, , , , , , , 20.9639423, -0.0216526, , , , , , , , , , , , , , , , , , , , , , , , , , , , 
20.9644615, 0.0307164, , , , , , , 20.9644615, -0.0008392, , , , , , , 20.9644615, -0.1720455, , , , , , , 20.9644615, -0.0313878, , , , , , , , , , , , , , , , , , , , , , , , , , , , 
20.9649808, 0.0352483, , , , , , , 20.9649808, 0.0159457, , , , , , , 20.9649808, -0.178088, , , , , , , 20.9649808, -0.0384375, , , , , , , , , , , , , , , , , , , , , , , , , , , , 
20.9655, 0.0381018, , , , , , , 20.9655, 0.0394446, , , , , , , 20.9655, -0.1868162, , , , , , , 20.9655, -0.0414588, , , , , , , , , , , , , , , , , , , , , , , , , , , , 
20.9660192, 0.0431373, , , , , , , 20.9660192, 0.0622721, , , , , , , 20.9660192, -0.1790951, , , , , , , 20.9660192, -0.0424659, , , , , , , , , , , , , , , , , , , , , , , , , , , , 
20.9665385, 0.047837, , , , , , , 20.9665385, 0.0810712, , , , , , , 20.9665385, -0.1512322, , , , , , , 20.9665385, -0.0364233, , , , , , , , , , , , , , , , , , , , , , , , , , , , 
20.9670577, 0.0473335, , , , , , , 20.9670577, 0.082414, , , , , , , 20.9670577, -0.1059129, , , , , , , 20.9670577, -0.0263523, , , , , , , , , , , , , , , , , , , , , , , , , , , , 
20.9675769, 0.0407874, , , , , , , 20.9675769, 0.0693217, , , , , , , 20.9675769, -0.0532082, , , , , , , 20.9675769, -0.0139315, , , , , , , , , , , , , , , , , , , , , , , , , , , , 
20.9680962, 0.0330663, , , , , , , 20.9680962, 0.0387732, , , , , , , 20.9680962, -0.0196384, , , , , , , 20.9680962, 0.0025177, , , , , , , , , , , , , , , , , , , , , , , , , , , , 
20.9686154, 0.026688, , , , , , , 20.9686154, -0.0119173, , , , , , , 20.9686154, -0.0135958, , , , , , , 20.9686154, 0.0149386, , , , , , , , , , , , , , , , , , , , , , , , , , , , 
20.9691346, 0.0216526, , , , , , , 20.9691346, -0.0673075, , , , , , , 20.9691346, -0.0219883, , , , , , , 20.9691346, 0.0196384, , , , , , , , , , , , , , , , , , , , , , , , , , , , 
20.9696538, 0.0199741, , , , , , , 20.9696538, -0.0861067, , , , , , , 20.9696538, -0.0382696, , , , , , , 20.9696538, 0.0199741, , , , , , , , , , , , , , , , , , , , , , , , , , , , 
20.9701731, 0.0298772, , , , , , , 20.9701731, -0.0639506, , , , , , , 20.9701731, -0.066804, , , , , , , 20.9701731, 0.0166171, , , , , , , , , , , , , , , , , , , , , , , , , , , , 
20.9706923, 0.0476692, , , , , , , 20.9706923, -0.0280308, , , , , , , 20.9706923, -0.0877852, , , , , , , 20.9706923, 0.0157778, , , , , , , , , , , , , , , , , , , , , , , , , , , , 
20.9712115, 0.0585794, , , , , , , 20.9712115, 0.0008392, , , , , , , 20.9712115, -0.0795605, , , , , , , 20.9712115, 0.0186313, , , , , , , , , , , , , , , , , , , , , , , , , , , , 
20.9717308, 0.0616007, , , , , , , 20.9717308, 0.0250095, , , , , , , 20.9717308, -0.0515297, , , , , , , 20.9717308, 0.0209812, , , , , , , , , , , , , , , , , , , , , , , , , , , , 
20.97225, 0.0656291, , , , , , , 20.97225, 0.0428016, , , , , , , 20.97225, -0.0159457, , , , , , , 20.97225, 0.0276951, , , , , , , , , , , , , , , , , , , , , , , , , , , , 
20.9727692, 0.0679789, , , , , , , 20.9727692, 0.0508583, , , , , , , 20.9727692, 0.0186313, , , , , , , 20.9727692, 0.0458228, , , , , , , , , , , , , , , , , , , , , , , , , , , , 
20.9732885, 0.0622721, , , , , , , 20.9732885, 0.0575723, , , , , , , 20.9732885, 0.0414588, , , , , , , 20.9732885, 0.0683146, , , , , , , , , , , , , , , , , , , , , , , , , , , , 
20.9738077, 0.0438087, , , , , , , 20.9738077, 0.0622721, , , , , , , 20.9738077, 0.0518654, , , , , , , 20.9738077, 0.0850996, , , , , , , , , , , , , , , , , , , , , , , , , , , , 
20.9743269, 0.0206455, , , , , , , 20.9743269, 0.1079271, , , , , , , 20.9743269, 0.0548867, , , , , , , 20.9743269, 0.0881209, , , , , , , , , , , , , , , , , , , , , , , , , , , , 
20.9748462, 0.0035248, , , , , , , 20.9748462, 0.2234073, , , , , , , 20.9748462, 0.0562295, , , , , , , 20.9748462, 0.079057, , , , , , , , , , , , , , , , , , , , , , , , , , , , 
20.9753654, -0.0031891, , , , , , , 20.9753654, 0.300618, , , , , , , 20.9753654, 0.0669718, , , , , , , 20.9753654, 0.0694896, , , , , , , , , , , , , , , , , , , , , , , , , , , , 
20.9758846, -0.0135958, , , , , , , 20.9758846, 0.2601663, , , , , , , 20.9758846, 0.0840925, , , , , , , 20.9758846, 0.0622721, , , , , , , , , , , , , , , , , , , , , , , , , , , , 
20.9764038, -0.0325628, , , , , , , 20.9764038, 0.1537499, , , , , , , 20.9764038, 0.0951705, , , , , , , 20.9764038, 0.0532082, , , , , , , , , , , , , , , , , , , , , , , , , , , , 
20.9769231, -0.0480049, , , , , , , 20.9769231, 0.0642863, , , , , , , 20.9769231, 0.1045701, , , , , , , 20.9769231, 0.0414588, , , , , , , , , , , , , , , , , , , , , , , , , , , , 
20.9774423, -0.0565652, , , , , , , 20.9774423, 0.0196384, , , , , , , 20.9774423, 0.1206836, , , , , , , 20.9774423, 0.0293736, , , , , , , , , , , , , , , , , , , , , , , , , , , , 
20.9779615, -0.0616007, , , , , , , 20.9779615, -0.0186313, , , , , , , 20.9779615, 0.1401541, , , , , , , 20.9779615, 0.0208133, , , , , , , , , , , , , , , , , , , , , , , , , , , , 
20.9784808, -0.0599222, , , , , , , 20.9784808, -0.0721752, , , , , , , 20.9784808, 0.1629816, , , , , , , 20.9784808, 0.0112459, , , , , , , , , , , , , , , , , , , , , , , , , , , , 
20.979, -0.054551, , , , , , , 20.979, -0.1116197, , , , , , , 20.979, 0.1842985, , , , , , , 20.979, 0.0008392, , , , , , , , , , , , , , , , , , , , , , , , , , , , 
20.9795192, -0.0558938, , , , , , , 20.9795192, -0.1428397, , , , , , , 20.9795192, 0.1913481, , , , , , , 20.9795192, -0.005539, , , , , , , , , , , , , , , , , , , , , , , , , , , , 
20.9800385, -0.0562295, , , , , , , 20.9800385, -0.2227359, , , , , , , 20.9800385, 0.1794308, , , , , , , 20.9800385, -0.0102388, , , , , , , , , , , , , , , , , , , , , , , , , , , , 
20.9805577, -0.0532082, , , , , , , 20.9805577, -0.3546654, , , , , , , 20.9805577, 0.1604639, , , , , , , 20.9805577, -0.0149386, , , , , , , , , , , , , , , , , , , , , , , , , , , , 
20.9810769, -0.047837, , , , , , , 20.9810769, -0.4536965, , , , , , , 20.9810769, 0.1388113, , , , , , , 20.9810769, -0.0196384, , , , , , , , , , , , , , , , , , , , , , , , , , , , 
20.9815962, -0.0381018, , , , , , , 20.9815962, -0.4530251, , , , , , , 20.9815962, 0.1159838, , , , , , , 20.9815962, -0.0209812, , , , , , , , , , , , , , , , , , , , , , , , , , , , 
20.9821154, -0.0276951, , , , , , , 20.9821154, -0.3355306, , , , , , , 20.9821154, 0.0931563, , , , , , , 20.9821154, -0.0181277, , , , , , , , , , , , , , , , , , , , , , , , , , , , 
20.9826346, -0.0182956, , , , , , , 20.9826346, -0.164828, , , , , , , 20.9826346, 0.068986, , , , , , , 20.9826346, -0.0104067, , , , , , , , , , , , , , , , , , , , , , , , , , , , 
20.9831538, -0.0102388, , , , , , , 20.9831538, -0.0310521, , , , , , , 20.9831538, 0.0431373, , , , , , , 20.9831538, -0.0048676, , , , , , , , , , , , , , , , , , , , , , , , , , , , 
20.9836731, -0.0038605, , , , , , , 20.9836731, 0.0730144, , , , , , , 20.9836731, 0.0191348, , , , , , , 20.9836731, -0.0030213, , , , , , , , , , , , , , , , , , , , , , , , , , , , 
20.9841923, 0.005539, , , , , , , 20.9841923, 0.1414969, , , , , , , 20.9841923, 0.0008392, , , , , , , 20.9841923, -0.0045319, , , , , , , , , , , , , , , , , , , , , , , , , , , , 
20.9847115, 0.01561, , , , , , , 20.9847115, 0.1270619, , , , , , , 20.9847115, -0.0119173, , , , , , , 20.9847115, -0.0058747, , , , , , , , , , , , , , , , , , , , , , , , , , , , 
20.9852308, 0.0206455, , , , , , , 20.9852308, 0.0520333, , , , , , , 20.9852308, -0.0030213, , , , , , , 20.9852308, -0.0095674, , , , , , , , , , , , , , , , , , , , , , , , , , , , 
20.98575, 0.0130922, , , , , , , 20.98575, -0.0394446, , , , , , , 20.98575, 0.0317235, , , , , , , 20.98575, -0.0109102, , , , , , , , , , , , , , , , , , , , , , , , , , , , 
20.9862692, 0.0078889, , , , , , , 20.9862692, -0.0975204, , , , , , , 20.9862692, 0.0758679, , , , , , , 20.9862692, -0.0063783, , , , , , , , , , , , , , , , , , , , , , , , , , , , 
20.9867885, 0.01561, , , , , , , 20.9867885, -0.1075914, , , , , , , 20.9867885, 0.1408255, , , , , , , 20.9867885, 0.0031891, , , , , , , , , , , , , , , , , , , , , , , , , , , , 
20.9873077, 0.0226596, , , , , , , 20.9873077, -0.0869459, , , , , , , 20.9873077, 0.200412, , , , , , , 20.9873077, 0.0099031, , , , , , , , , , , , , , , , , , , , , , , , , , , , 
20.9878269, 0.0246738, , , , , , , 20.9878269, -0.0364233, , , , , , , 20.9878269, 0.2368353, , , , , , , 20.9878269, 0.0117494, , , , , , , , , , , , , , , , , , , , , , , , , , , , 
20.9883462, 0.0283665, , , , , , , 20.9883462, 0.0357519, , , , , , , 20.9883462, 0.2730907, , , , , , , 20.9883462, 0.0085603, , , , , , , , , , , , , , , , , , , , , , , , , , , , 
20.9888654, 0.0293736, , , , , , , 20.9888654, 0.0803998, , , , , , , 20.9888654, 0.2823224, , , , , , , 20.9888654, 0.0031891, , , , , , , , , , , , , , , , , , , , , , , , , , , , 
20.9893846, 0.0253452, , , , , , , 20.9893846, 0.0652934, , , , , , , 20.9893846, 0.2391852, , , , , , , 20.9893846, -0.0036927, , , , , , , , , , , , , , , , , , , , , , , , , , , , 
20.9899038, 0.0263523, , , , , , , 20.9899038, 0.0062104, , , , , , , 20.9899038, 0.1639887, , , , , , , 20.9899038, -0.0135958, , , , , , , , , , , , , , , , , , , , , , , , , , , , 
20.9904231, 0.0374304, , , , , , , 20.9904231, -0.0459907, , , , , , , 20.9904231, 0.0763714, , , , , , , 20.9904231, -0.021149, , , , , , , , , , , , , , , , , , , , , , , , , , , , 
20.9909423, 0.047837, , , , , , , 20.9909423, -0.0552224, , , , , , , 20.9909423, -0.0221561, , , , , , , 20.9909423, -0.0243381, , , , , , , , , , , , , , , , , , , , , , , , , , , , 
20.9914615, 0.051194, , , , , , , 20.9914615, -0.0031891, , , , , , , 20.9914615, -0.131426, , , , , , , 20.9914615, -0.0276951, , , , , , , , , , , , , , , , , , , , , , , , , , , , 
20.9919808, 0.0558938, , , , , , , 20.9919808, 0.0800641, , , , , , , 20.9919808, -0.244892, , , , , , , 20.9919808, -0.0317235, , , , , , , , , , , , , , , , , , , , , , , , , , , , 
20.9925, 0.0669718, , , , , , , 20.9925, 0.1144732, , , , , , , 20.9925, -0.3452659, , , , , , , 20.9925, -0.0318914, , , , , , , , , , , , , , , , , , , , , , , , , , , , 
20.9930192, 0.0762036, , , , , , , 20.9930192, 0.0626078, , , , , , , 20.9930192, -0.4145876, , , , , , , 20.9930192, -0.0287022, , , , , , , , , , , , , , , , , , , , , , , , , , , , 
20.9935385, 0.0750286, , , , , , , 20.9935385, -0.0169528, , , , , , , 20.9935385, -0.4416114, , , , , , , 20.9935385, -0.026688, , , , , , , , , , , , , , , , , , , , , , , , , , , , 
20.9940577, 0.0656291, , , , , , , 20.9940577, -0.0565652, , , , , , , 20.9940577, -0.4318761, , , , , , , 20.9940577, -0.0273594, , , , , , , , , , , , , , , , , , , , , , , , , , , , 
20.9945769, 0.0535439, , , , , , , 20.9945769, -0.0691539, , , , , , , 20.9945769, -0.4070344, , , , , , , 20.9945769, -0.0270237, , , , , , , , , , , , , , , , , , , , , , , , , , , , 
20.9950962, 0.0454871, , , , , , , 20.9950962, -0.0903029, , , , , , , 20.9950962, -0.3904173, , , , , , , 20.9950962, -0.0256809, , , , , , , , , , , , , , , , , , , , , , , , , , , , 
20.9956154, 0.0412909, , , , , , , 20.9956154, -0.1122911, , , , , , , 20.9956154, -0.3744717, , , , , , , 20.9956154, -0.0231632, , , , , , , , , , , , , , , , , , , , , , , , , , , , 
20.9961346, 0.0340734, , , , , , , 20.9961346, -0.1028916, , , , , , , 20.9961346, -0.3321736, , , , , , , 20.9961346, -0.0172885, , , , , , , , , , , , , , , , , , , , , , , , , , , , 
20.9966538, 0.0204776, , , , , , , 20.9966538, -0.0726787, , , , , , , 20.9966538, -0.2606699, , , , , , , 20.9966538, -0.0092317, , , , , , , , , , , , , , , , , , , , , , , , , , , , 
20.9971731, 0.0038605, , , , , , , 20.9971731, -0.0540475, , , , , , , 20.9971731, -0.1895018, , , , , , , 20.9971731, 0.0018463, , , , , , , , , , , , , , , , , , , , , , , , , , , , 
20.9976923, -0.0157778, , , , , , , 20.9976923, -0.0330663, , , , , , , 20.9976923, -0.139147, , , , , , , 20.9976923, 0.0139315, , , , , , , , , , , , , , , , , , , , , , , , , , , , 
20.9982115, -0.0317235, , , , , , , 20.9982115, -0.005539, , , , , , , 20.9982115, -0.0847639, , , , , , , 20.9982115, 0.0285344, , , , , , , , , , , , , , , , , , , , , , , , , , , , 
20.9987308, -0.0411231, , , , , , , 20.9987308, 0.023331, , , , , , , 20.9987308, 0.0048676, , , , , , , 20.9987308, 0.0426337, , , , , , , , , , , , , , , , , , , , , , , , , , , , 
20.99925, -0.0431373, , , , , , , 20.99925, 0.063447, , , , , , , 20.99925, 0.0892958, , , , , , , 20.99925, 0.0515297, , , , , , , , , , , , , , , , , , , , , , , , , , , , 
20.9997692, -0.0381018, , , , , , , 20.9997692, 0.1126268, , , , , , , 20.9997692, 0.1153124, , , , , , , 20.9997692, 0.0518654, , , , , , , , , , , , , , , , , , , , , , , , , , , , 
21.0002885, -0.023331, , , , , , , 21.0002885, 0.1465324, , , , , , , 21.0002885, 0.0951705, , , , , , , 21.0002885, 0.043473, , , , , , , , , , , , , , , , , , , , , , , , , , , , 
21.0008077, -0.008896, , , , , , , 21.0008077, 0.1367971, , , , , , , 21.0008077, 0.0647898, , , , , , , 21.0008077, 0.0350805, , , , , , , , , , , , , , , , , , , , , , , , , , , , 
21.0013269, 0.0001678, , , , , , , 21.0013269, 0.0871138, , , , , , , 21.0013269, 0.040116, , , , , , , 21.0013269, 0.0292058, , , , , , , , , , , , , , , , , , , , , , , , , , , , 
21.0018462, 0.005539, , , , , , , 21.0018462, 0.0325628, , , , , , , 21.0018462, 0.01561, , , , , , , 21.0018462, 0.0256809, , , , , , , , , , , , , , , , , , , , , , , , , , , , 
21.0023654, 0.0109102, , , , , , , 21.0023654, 0.0072175, , , , , , , 21.0023654, -0.0068818, , , , , , , 21.0023654, 0.0260166, , , , , , , , , , , , , , , , , , , , , , , , , , , , 
21.0028846, 0.0221561, , , , , , , 21.0028846, 0.0119173, , , , , , , 21.0028846, -0.0287022, , , , , , , 21.0028846, 0.0275273, , , , , , , , , , , , , , , , , , , , , , , , , , , , 
21.0034038, 0.033402, , , , , , , 21.0034038, 0.0186313, , , , , , , 21.0034038, -0.0412909, , , , , , , 21.0034038, 0.0263523, , , , , , , , , , , , , , , , , , , , , , , , , , , , 
21.0039231, 0.0414588, , , , , , , 21.0039231, 0.0253452, , , , , , , 21.0039231, -0.0372625, , , , , , , 21.0039231, 0.0327306, , , , , , , , , , , , , , , , , , , , , , , , , , , , 
21.0044423, 0.0407874, , , , , , , 21.0044423, 0.0679789, , , , , , , 21.0044423, 0.0003357, , , , , , , 21.0044423, 0.0498512, , , , , , , , , , , , , , , , , , , , , , , , , , , , 
21.0049615, 0.0414588, , , , , , , 21.0049615, 0.1461967, , , , , , , 21.0049615, 0.0647898, , , , , , , 21.0049615, 0.0746929, , , , , , , , , , , , , , , , , , , , , , , , , , , , 
21.0054808, 0.0454871, , , , , , , 21.0054808, 0.1972229, , , , , , , 21.0054808, 0.100206, , , , , , , 21.0054808, 0.0997024, , , , , , , , , , , , , , , , , , , , , , , , , , , , 
21.006, 0.0414588, , , , , , , 21.006, 0.199237, , , , , , , 21.006, 0.0991989, , , , , , , 21.006, 0.1166552, , , , , , , , , , , , , , , , , , , , , , , , , , , , 
21.0065192, 0.0347448, , , , , , , 21.0065192, 0.1696956, , , , , , , 21.0065192, 0.0938277, , , , , , , 21.0065192, 0.1196765, , , , , , , , , , , , , , , , , , , , , , , , , , , , 
21.0070385, 0.0337377, , , , , , , 21.0070385, 0.140322, , , , , , , 21.0070385, 0.0975204, , , , , , , 21.0070385, 0.1079271, , , , , , , , , , , , , , , , , , , , , , , , , , , , 
21.0075577, 0.0357519, , , , , , , 21.0075577, 0.1341115, , , , , , , 21.0075577, 0.1065843, , , , , , , 21.0075577, 0.0918135, , , , , , , , , , , , , , , , , , , , , , , , , , , , 
21.0080769, 0.035584, , , , , , , 21.0080769, 0.1327687, , , , , , , 21.0080769, 0.1122911, , , , , , , 21.0080769, 0.0763714, , , , , , , , , , , , , , , , , , , , , , , , , , , , 
21.0085962, 0.0320592, , , , , , , 21.0085962, 0.0795605, , , , , , , 21.0085962, 0.1082628, , , , , , , 21.0085962, 0.061265, , , , , , , , , , , , , , , , , , , , , , , , , , , , 
21.0091154, 0.0276951, , , , , , , 21.0091154, -0.0253452, , , , , , , 21.0091154, 0.0971847, , , , , , , 21.0091154, 0.0468299, , , , , , , , , , , , , , , , , , , , , , , , , , , , 
21.0096346, 0.0293736, , , , , , , 21.0096346, -0.1149767, , , , , , , 21.0096346, 0.0827497, , , , , , , 21.0096346, 0.0320592, , , , , , , , , , , , , , , , , , , , , , , , , , , , 
21.0101538, 0.040116, , , , , , , 21.0101538, -0.1519036, , , , , , , 21.0101538, 0.0757, , , , , , , 21.0101538, 0.0193027, , , , , , , , , , , , , , , , , , , , , , , , , , , , 
21.0106731, 0.0481727, , , , , , , 21.0106731, -0.1816129, , , , , , , 21.0106731, 0.0572366, , , , , , , 21.0106731, 0.0065461, , , , , , , , , , , , , , , , , , , , , , , , , , , , 
21.0111923, 0.0480049, , , , , , , 21.0111923, -0.2250858, , , , , , , 21.0111923, 0.0072175, , , , , , , 21.0111923, -0.005539, , , , , , , , , , , , , , , , , , , , , , , , , , , , 
21.0117115, 0.0485084, , , , , , , 21.0117115, -0.2124971, , , , , , , 21.0117115, -0.0518654, , , , , , , 21.0117115, -0.012253, , , , , , , , , , , , , , , , , , , , , , , , , , , , 
21.0122308, 0.0538796, , , , , , , 21.0122308, -0.1277333, , , , , , , 21.0122308, -0.0874495, , , , , , , 21.0122308, -0.01561, , , , , , , , , , , , , , , , , , , , , , , , , , , , 
21.01275, 0.0599222, , , , , , , 21.01275, -0.0481727, , , , , , , 21.01275, -0.0983597, , , , , , , 21.01275, -0.0182956, , , , , , , , , , , , , , , , , , , , , , , , , , , , 
21.0132692, 0.0575723, , , , , , , 21.0132692, -0.018967, , , , , , , 21.0132692, -0.0995346, , , , , , , 21.0132692, -0.018967, , , , , , , , , , , , , , , , , , , , , , , , , , , , 
21.0137885, 0.0508583, , , , , , , 21.0137885, -0.030045, , , , , , , 21.0137885, -0.093492, , , , , , , 21.0137885, -0.0198062, , , , , , , , , , , , , , , , , , , , , , , , , , , , 
21.0143077, 0.04448, , , , , , , 21.0143077, -0.0699931, , , , , , , 21.0143077, -0.0807355, , , , , , , 21.0143077, -0.017792, , , , , , , , , , , , , , , , , , , , , , , , , , , , 
21.0148269, 0.0374304, , , , , , , 21.0148269, -0.1159838, , , , , , , 21.0148269, -0.0599222, , , , , , , 21.0148269, -0.0139315, , , , , , , , , , , , , , , , , , , , , , , , , , , , 
21.0153462, 0.0280308, , , , , , , 21.0153462, -0.1317617, , , , , , , 21.0153462, -0.0253452, , , , , , , 21.0153462, -0.012253, , , , , , , , , , , , , , , , , , , , , , , , , , , , 
21.0158654, 0.018967, , , , , , , 21.0158654, -0.1132982, , , , , , , 21.0158654, 0.0431373, , , , , , , 21.0158654, -0.0085603, , , , , , , , , , , , , , , , , , , , , , , , , , , , 
21.0163846, 0.0085603, , , , , , , 21.0163846, -0.0814069, , , , , , , 21.0163846, 0.145861, , , , , , , 21.0163846, -0.0011749, , , , , , , , , , , , , , , , , , , , , , , , , , , , 
21.0169038, -0.0018463, , , , , , , 21.0169038, -0.0285344, , , , , , , 21.0169038, 0.249424, , , , , , , 21.0169038, 0.0058747, , , , , , , , , , , , , , , , , , , , , , , , , , , , 
21.0174231, -0.0075532, , , , , , , 21.0174231, 0.0386053, , , , , , , 21.0174231, 0.3291524, , , , , , , 21.0174231, 0.0149386, , , , , , , , , , , , , , , , , , , , , , , , , , , , 
21.0179423, -0.0129244, , , , , , , 21.0179423, 0.0760357, , , , , , , 21.0179423, 0.3831998, , , , , , , 21.0179423, 0.0206455, , , , , , , , , , , , , , , , , , , , , , , , , , , , 
21.0184615, -0.0223239, , , , , , , 21.0184615, 0.0417945, , , , , , , 21.0184615, 0.4040131, , , , , , , 21.0184615, 0.0199741, , , , , , , , , , , , , , , , , , , , , , , , , , , , 
21.0189808, -0.0340734, , , , , , , 21.0189808, -0.0585794, , , , , , , 21.0189808, 0.3764858, , , , , , , 21.0189808, 0.0182956, , , , , , , , , , , , , , , , , , , , , , , , , , , , 
21.0195, -0.0417945, , , , , , , 21.0195, -0.1433433, , , , , , , 21.0195, 0.3207599, , , , , , , 21.0195, 0.0142672, , , , , , , , , , , , , , , , , , , , , , , , , , , , 
21.0200192, -0.0357519, , , , , , , 21.0200192, -0.1576104, , , , , , , 21.0200192, 0.2798047, , , , , , , 21.0200192, 0.0099031, , , , , , , , , , , , , , , , , , , , , , , , , , , , 
21.0205385, -0.0099031, , , , , , , 21.0205385, -0.1233692, , , , , , , 21.0205385, 0.251606, , , , , , , 21.0205385, 0.0065461, , , , , , , , , , , , , , , , , , , , , , , , , , , , 
21.0210577, 0.0171206, , , , , , , 21.0210577, -0.0767071, , , , , , , 21.0210577, 0.1898375, , , , , , , 21.0210577, 0.0008392, , , , , , , , , , , , , , , , , , , , , , , , , , , , 
21.0215769, 0.0303807, , , , , , , 21.0215769, -0.0297093, , , , , , , 21.0215769, 0.070161, , , , , , , 21.0215769, -0.0052033, , , , , , , , , , , , , , , , , , , , , , , , , , , , 
21.0220962, 0.0359197, , , , , , , 21.0220962, 0.0146029, , , , , , , 21.0220962, -0.0956741, , , , , , , 21.0220962, -0.0109102, , , , , , , , , , , , , , , , , , , , , , , , , , , , 
21.0226154, 0.0387732, , , , , , , 21.0226154, 0.0498512, , , , , , , 21.0226154, -0.2789654, , , , , , , 21.0226154, -0.0152743, , , , , , , , , , , , , , , , , , , , , , , , , , , , 
21.0231346, 0.0424659, , , , , , , 21.0231346, 0.0468299, , , , , , , 21.0231346, -0.4493324, , , , , , , 21.0231346, -0.018967, , , , , , , , , , , , , , , , , , , , , , , , , , , , 
21.0236538, 0.04448, , , , , , , 21.0236538, 0.0052033, , , , , , , 21.0236538, -0.5750515, , , , , , , 21.0236538, -0.0213169, , , , , , , , , , , , , , , , , , , , , , , , , , , , 
21.0241731, 0.047837, , , , , , , 21.0241731, -0.0287022, , , , , , , 21.0241731, -0.6450446, , , , , , , 21.0241731, -0.024506, , , , , , , , , , , , , , , , , , , , , , , , , , , , 
21.0246923, 0.0518654, , , , , , , 21.0246923, -0.0203098, , , , , , , 21.0246923, -0.6682078, , , , , , , 21.0246923, -0.0273594, , , , , , , , , , , , , , , , , , , , , , , , , , , , 
21.0252115, 0.0540475, , , , , , , 21.0252115, 0.012253, , , , , , , 21.0252115, -0.6542763, , , , , , , 21.0252115, -0.0263523, , , , , , , , , , , , , , , , , , , , , , , , , , , , 
21.0257308, 0.0562295, , , , , , , 21.0257308, 0.0419623, , , , , , , 21.0257308, -0.6141604, , , , , , , 21.0257308, -0.0236667, , , , , , , , , , , , , , , , , , , , , , , , , , , , 
21.02625, 0.0599222, , , , , , , 21.02625, 0.0605936, , , , , , , 21.02625, -0.5537346, , , , , , , 21.02625, -0.0191348, , , , , , , , , , , , , , , , , , , , , , , , , , , , 
21.0267692, 0.0609293, , , , , , , 21.0267692, 0.0730144, , , , , , , 21.0267692, -0.4845808, , , , , , , 21.0267692, -0.0124208, , , , , , , , , , , , , , , , , , , , , , , , , , , , 
21.0272885, 0.0599222, , , , , , , 21.0272885, 0.0887922, , , , , , , 21.0272885, -0.4154269, , , , , , , 21.0272885, -0.0041962, , , , , , , , , , , , , , , , , , , , , , , , , , , , 
21.0278077, 0.0582437, , , , , , , 21.0278077, 0.1072557, , , , , , , 21.0278077, -0.340734, , , , , , , 21.0278077, 0.0085603, , , , , , , , , , , , , , , , , , , , , , , , , , , , 
21.0283269, 0.0589151, , , , , , , 21.0283269, 0.1166552, , , , , , , 21.0283269, -0.2428779, , , , , , , 21.0283269, 0.023331, , , , , , , , , , , , , , , , , , , , , , , , , , , , 
21.0288462, 0.06009, , , , , , , 21.0288462, 0.1203479, , , , , , , 21.0288462, -0.1169909, , , , , , , 21.0288462, 0.0320592, , , , , , , , , , , , , , , , , , , , , , , , , , , , 
21.0293654, 0.0609293, , , , , , , 21.0293654, 0.1287404, , , , , , , 21.0293654, 0.0115816, , , , , , , 21.0293654, 0.0417945, , , , , , , , , , , , , , , , , , , , , , , , , , , , 
21.0298846, 0.0679789, , , , , , , 21.0298846, 0.1196765, , , , , , , 21.0298846, 0.1159838, , , , , , , 21.0298846, 0.054551, , , , , , , , , , , , , , , , , , , , , , , , , , , , 
21.0304038, 0.0817426, , , , , , , 21.0304038, 0.0730144, , , , , , , 21.0304038, 0.173724, , , , , , , 21.0304038, 0.0575723, , , , , , , , , , , , , , , , , , , , , , , , , , , , 
21.0309231, 0.0897993, , , , , , , 21.0309231, 0.0305486, , , , , , , 21.0309231, 0.1831235, , , , , , , 21.0309231, 0.0518654, , , , , , , , , , , , , , , , , , , , , , , , , , , , 
21.0314423, 0.090135, , , , , , , 21.0314423, 0.0132601, , , , , , , 21.0314423, 0.1623102, , , , , , , 21.0314423, 0.0486763, , , , , , , , , , , , , , , , , , , , , , , , , , , , 
21.0319615, 0.0864424, , , , , , , 21.0319615, 0.0025177, , , , , , , 21.0319615, 0.1305867, , , , , , , 21.0319615, 0.0464942, , , , , , , , , , , , , , , , , , , , , , , , , , , , 
21.0324808, 0.0803998, , , , , , , 21.0324808, -0.0149386, , , , , , , 21.0324808, 0.1111162, , , , , , , 21.0324808, 0.040116, , , , , , , , , , , , , , , , , , , , , , , , , , , , 
21.033, 0.072343, , , , , , , 21.033, -0.0250095, , , , , , , 21.033, 0.111284, , , , , , , 21.033, 0.033402, , , , , , , , , , , , , , , , , , , , , , , , , , , , 
21.0335192, 0.0616007, , , , , , , 21.0335192, -0.0216526, , , , , , , 21.0335192, 0.1206836, , , , , , , 21.0335192, 0.0293736, , , , , , , , , , , , , , , , , , , , , , , , , , , , 
21.0340385, 0.0471656, , , , , , , 21.0340385, -0.0105745, , , , , , , 21.0340385, 0.1294118, , , , , , , 21.0340385, 0.0260166, , , , , , , , , , , , , , , , , , , , , , , , , , , , 
21.0345577, 0.026688, , , , , , , 21.0345577, 0.008896, , , , , , , 21.0345577, 0.1292439, , , , , , , 21.0345577, 0.0226596, , , , , , , , , , , , , , , , , , , , , , , , , , , , 
21.0350769, -0.0001678, , , , , , , 21.0350769, 0.0347448, , , , , , , 21.0350769, 0.124712, , , , , , , 21.0350769, 0.0216526, , , , , , , , , , , , , , , , , , , , , , , , , , , , 
21.0355962, -0.0330663, , , , , , , 21.0355962, 0.040116, , , , , , , 21.0355962, 0.1300832, , , , , , , 21.0355962, 0.0276951, , , , , , , , , , , , , , , , , , , , , , , , , , , , 
21.0361154, -0.0676432, , , , , , , 21.0361154, 0.0240024, , , , , , , 21.0361154, 0.1327687, , , , , , , 21.0361154, 0.040116, , , , , , , , , , , , , , , , , , , , , , , , , , , , 
21.0366346, -0.103563, , , , , , , 21.0366346, -0.0008392, , , , , , , 21.0366346, 0.1361257, , , , , , , 21.0366346, 0.0592508, , , , , , , , , , , , , , , , , , , , , , , , , , , , 
21.0371538, -0.1354543, , , , , , , 21.0371538, -0.0209812, , , , , , , 21.0371538, 0.1515679, , , , , , , 21.0371538, 0.0783856, , , , , , , , , , , , , , , , , , , , , , , , , , , , 
21.0376731, -0.1601282, , , , , , , 21.0376731, -0.0337377, , , , , , , 21.0376731, 0.1767453, , , , , , , 21.0376731, 0.0911421, , , , , , , , , , , , , , , , , , , , , , , , , , , , 
21.0381923, -0.1750668, , , , , , , 21.0381923, -0.0330663, , , , , , , 21.0381923, 0.1935302, , , , , , , 21.0381923, 0.0931563, , , , , , , , , , , , , , , , , , , , , , , , , , , , 
21.0387115, -0.1784237, , , , , , , 21.0387115, -0.01561, , , , , , , 21.0387115, 0.1958801, , , , , , , 21.0387115, 0.0856031, , , , , , , , , , , , , , , , , , , , , , , , , , , , 
21.0392308, -0.1743954, , , , , , , 21.0392308, 0.0045319, , , , , , , 21.0392308, 0.1931945, , , , , , , 21.0392308, 0.0686503, , , , , , , , , , , , , , , , , , , , , , , , , , , , 
21.03975, -0.1644923, , , , , , , 21.03975, 0.0082246, , , , , , , 21.03975, 0.1878233, , , , , , , 21.03975, 0.0481727, , , , , , , , , , , , , , , , , , , , , , , , , , , , 
21.0402692, -0.1431754, , , , , , , 21.0402692, 0.0038605, , , , , , , 21.0402692, 0.1824521, , , , , , , 21.0402692, 0.0280308, , , , , , , , , , , , , , , , , , , , , , , , , , , , 
21.0407885, -0.1129625, , , , , , , 21.0407885, 0.0041962, , , , , , , 21.0407885, 0.1811093, , , , , , , 21.0407885, 0.0075532, , , , , , , , , , , , , , , , , , , , , , , , , , , , 
21.0413077, -0.0914778, , , , , , , 21.0413077, 0.0011749, , , , , , , 21.0413077, 0.1878233, , , , , , , 21.0413077, -0.0095674, , , , , , , , , , , , , , , , , , , , , , , , , , , , 
21.0418269, -0.0746929, , , , , , , 21.0418269, -0.0135958, , , , , , , 21.0418269, 0.1962158, , , , , , , 21.0418269, -0.0193027, , , , , , , , , , , , , , , , , , , , , , , , , , , , 
21.0423462, -0.0540475, , , , , , , 21.0423462, -0.0303807, , , , , , , 21.0423462, 0.1952087, , , , , , , 21.0423462, -0.0250095, , , , , , , , , , , , , , , , , , , , , , , , , , , , 
21.0428654, -0.0374304, , , , , , , 21.0428654, -0.0501869, , , , , , , 21.0428654, 0.1876555, , , , , , , 21.0428654, -0.0323949, , , , , , , , , , , , , , , , , , , , , , , , , , , , 
21.0433846, -0.0253452, , , , , , , 21.0433846, -0.0861067, , , , , , , 21.0433846, 0.1743954, , , , , , , 21.0433846, -0.0411231, , , , , , , , , , , , , , , , , , , , , , , , , , , , 
21.0439038, -0.010071, , , , , , , 21.0439038, -0.1294118, , , , , , , 21.0439038, 0.1594568, , , , , , , 21.0439038, -0.051194, , , , , , , , , , , , , , , , , , , , , , , , , , , , 
21.0444231, 0.0038605, , , , , , , 21.0444231, -0.163653, , , , , , , 21.0444231, 0.163653, , , , , , , 21.0444231, -0.0572366, , , , , , , , , , , , , , , , , , , , , , , , , , , , 
21.0449423, 0.0092317, , , , , , , 21.0449423, -0.1623102, , , , , , , 21.0449423, 0.1834592, , , , , , , 21.0449423, -0.057908, , , , , , , , , , , , , , , , , , , , , , , , , , , , 
21.0454615, 0.014435, , , , , , , 21.0454615, -0.1163195, , , , , , , 21.0454615, 0.1931945, , , , , , , 21.0454615, -0.0558938, , , , , , , , , , , , , , , , , , , , , , , , , , , , 
21.0459808, 0.026688, , , , , , , 21.0459808, -0.0763714, , , , , , , 21.0459808, 0.1851377, , , , , , , 21.0459808, -0.0552224, , , , , , , , , , , , , , , , , , , , , , , , , , , , 
21.0465, 0.0354162, , , , , , , 21.0465, -0.0726787, , , , , , , 21.0465, 0.1599603, , , , , , , 21.0465, -0.0560616, , , , , , , , , , , , , , , , , , , , , , , , , , , , 
21.0470192, 0.036759, , , , , , , 21.0470192, -0.0605936, , , , , , , 21.0470192, 0.1265583, , , , , , , 21.0470192, -0.054551, , , , , , , , , , , , , , , , , , , , , , , , , , , , 
21.0475385, 0.0359197, , , , , , , 21.0475385, 0.0075532, , , , , , , 21.0475385, 0.1005417, , , , , , , 21.0475385, -0.0548867, , , , , , , , , , , , , , , , , , , , , , , , , , , , 
21.0480577, 0.0381018, , , , , , , 21.0480577, 0.1300832, , , , , , , 21.0480577, 0.0830854, , , , , , , 21.0480577, -0.057908, , , , , , , , , , , , , , , , , , , , , , , , , , , , 
21.0485769, 0.0448157, , , , , , , 21.0485769, 0.2227359, , , , , , , 21.0485769, 0.0574044, , , , , , , 21.0485769, -0.06009, , , , , , , , , , , , , , , , , , , , , , , , , , , , 
21.0490962, 0.0448157, , , , , , , 21.0490962, 0.2244144, , , , , , , 21.0490962, 0.0261845, , , , , , , 21.0490962, -0.0558938, , , , , , , , , , , , , , , , , , , , , , , , , , , , 
21.0496154, 0.0458228, , , , , , , 21.0496154, 0.2036011, , , , , , , 21.0496154, 0.0072175, , , , , , , 21.0496154, -0.0508583, , , , , , , , , , , , , , , , , , , , , , , , , , , , 
21.0501346, 0.0574044, , , , , , , 21.0501346, 0.2197147, , , , , , , 21.0501346, -0.0199741, , , , , , , 21.0501346, -0.0481727, , , , , , , , , , , , , , , , , , , , , , , , , , , , 
21.0506538, 0.0760357, , , , , , , 21.0506538, 0.2388495, , , , , , , 21.0506538, -0.0713359, , , , , , , 21.0506538, -0.0404517, , , , , , , , , , , , , , , , , , , , , , , , , , , , 
21.0511731, 0.0904707, , , , , , , 21.0511731, 0.219379, , , , , , , 21.0511731, -0.1398184, , , , , , , 21.0511731, -0.026688, , , , , , , , , , , , , , , , , , , , , , , , , , , , 
21.0516923, 0.096849, , , , , , , 21.0516923, 0.1297475, , , , , , , 21.0516923, -0.2156863, , , , , , , 21.0516923, -0.0139315, , , , , , , , , , , , , , , , , , , , , , , , , , , , 
21.0522115, 0.0983597, , , , , , , 21.0522115, -0.0481727, , , , , , , 21.0522115, -0.2836652, , , , , , , 21.0522115, -0.0082246, , , , , , , , , , , , , , , , , , , , , , , , , , , , 
21.0527308, 0.0938277, , , , , , , 21.0527308, -0.2396887, , , , , , , 21.0527308, -0.3432517, , , , , , , 21.0527308, -0.0060426, , , , , , , , , , , , , , , , , , , , , , , , , , , , 
21.05325, 0.082414, , , , , , , 21.05325, -0.3449302, , , , , , , 21.05325, -0.3877317, , , , , , , 21.05325, 0.0001678, , , , , , , , , , , , , , , , , , , , , , , , , , , , 
21.0537692, 0.0666361, , , , , , , 21.0537692, -0.3788357, , , , , , , 21.0537692, -0.4120699, , , , , , , 21.0537692, 0.0112459, , , , , , , , , , , , , , , , , , , , , , , , , , , , 
21.0542885, 0.0501869, , , , , , , 21.0542885, -0.4087129, , , , , , , 21.0542885, -0.4301976, , , , , , , 21.0542885, 0.0229953, , , , , , , , , , , , , , , , , , , , , , , , , , , , 
21.0548077, 0.0317235, , , , , , , 21.0548077, -0.4268406, , , , , , , 21.0548077, -0.4288548, , , , , , , 21.0548077, 0.0350805, , , , , , , , , , , , , , , , , , , , , , , , , , , , 
21.0553269, 0.0157778, , , , , , , 21.0553269, -0.4036774, , , , , , , 21.0553269, -0.3889067, , , , , , , 21.0553269, 0.049012, , , , , , , , , , , , , , , , , , , , , , , , , , , , 
21.0558462, 0.0018463, , , , , , , 21.0558462, -0.3130388, , , , , , , 21.0558462, -0.3242847, , , , , , , 21.0558462, 0.0629435, , , , , , , , , , , , , , , , , , , , , , , , , , , , 
21.0563654, -0.0117494, , , , , , , 21.0563654, -0.1508965, , , , , , , 21.0563654, -0.2388495, , , , , , , 21.0563654, 0.0803998, , , , , , , , , , , , , , , , , , , , , , , , , , , , 
21.0568846, -0.0327306, , , , , , , 21.0568846, 0.0428016, , , , , , , 21.0568846, -0.1451896, , , , , , , 21.0568846, 0.0991989, , , , , , , , , , , , , , , , , , , , , , , , , , , , 
21.0574038, -0.0585794, , , , , , , 21.0574038, 0.1868162, , , , , , , 21.0574038, -0.076875, , , , , , , 21.0574038, 0.1136339, , , , , , , , , , , , , , , , , , , , , , , , , , , , 
21.0579231, -0.0793927, , , , , , , 21.0579231, 0.2247501, , , , , , , 21.0579231, -0.0491798, , , , , , , 21.0579231, 0.1211872, , , , , , , , , , , , , , , , , , , , , , , , , , , , 
21.0584423, -0.0928206, , , , , , , 21.0584423, 0.1921874, , , , , , , 21.0584423, -0.0412909, , , , , , , 21.0584423, 0.1240406, , , , , , , , , , , , , , , , , , , , , , , , , , , , 
21.0589615, -0.1018845, , , , , , , 21.0589615, 0.1626459, , , , , , , 21.0589615, -0.0149386, , , , , , , 21.0589615, 0.1242084, , , , , , , , , , , , , , , , , , , , , , , , , , , , 
21.0594808, -0.1038987, , , , , , , 21.0594808, 0.1643244, , , , , , , 21.0594808, 0.0448157, , , , , , , 21.0594808, 0.1149767, , , , , , , , , , , , , , , , , , , , , , , , , , , , 
21.06, -0.0919814, , , , , , , 21.06, 0.1750668, , , , , , , 21.06, 0.1169909, , , , , , , 21.06, 0.0958419, , , , , , , , , , , , , , , , , , , , , , , , , , , , 
21.0605192, -0.0693217, , , , , , , 21.0605192, 0.1495537, , , , , , , 21.0605192, 0.1824521, , , , , , , 21.0605192, 0.0686503, , , , , , , , , , , , , , , , , , , , , , , , , , , , 
21.0610385, -0.0451514, , , , , , , 21.0610385, 0.072343, , , , , , , 21.0610385, 0.2311284, , , , , , , 21.0610385, 0.0406195, , , , , , , , , , , , , , , , , , , , , , , , , , , , 
21.0615577, -0.0218204, , , , , , , 21.0615577, -0.0263523, , , , , , , 21.0615577, 0.2542916, , , , , , , 21.0615577, 0.01561, , , , , , , , , , , , , , , , , , , , , , , , , , , , 
21.0620769, -0.0015106, , , , , , , 21.0620769, -0.111284, , , , , , , 21.0620769, 0.261677, , , , , , , 21.0620769, -0.0036927, , , , , , , , , , , , , , , , , , , , , , , , , , , , 
21.0625962, 0.0119173, , , , , , , 21.0625962, -0.199237, , , , , , , 21.0625962, 0.2366674, , , , , , , 21.0625962, -0.017792, , , , , , , , , , , , , , , , , , , , , , , , , , , , 
21.0631154, 0.0186313, , , , , , , 21.0631154, -0.3036393, , , , , , , 21.0631154, 0.160296, , , , , , , 21.0631154, -0.0297093, , , , , , , , , , , , , , , , , , , , , , , , , , , , 
21.0636346, 0.0203098, , , , , , , 21.0636346, -0.3680934, , , , , , , 21.0636346, 0.047837, , , , , , , 21.0636346, -0.0399481, , , , , , , , , , , , , , , , , , , , , , , , , , , , 
21.0641538, 0.0219883, , , , , , , 21.0641538, -0.3642329, , , , , , , 21.0641538, -0.0652934, , , , , , , 21.0641538, -0.0453193, , , , , , , , , , , , , , , , , , , , , , , , , , , , 
21.0646731, 0.0283665, , , , , , , 21.0646731, -0.3197528, , , , , , , 21.0646731, -0.1560998, , , , , , , 21.0646731, -0.0485084, , , , , , , , , , , , , , , , , , , , , , , , , , , , 
21.0651923, 0.0441444, , , , , , , 21.0651923, -0.2344854, , , , , , , 21.0651923, -0.2227359, , , , , , , 21.0651923, -0.0473335, , , , , , , , , , , , , , , , , , , , , , , , , , , , 
21.0657115, 0.0649577, , , , , , , 21.0657115, -0.1270619, , , , , , , 21.0657115, -0.2737621, , , , , , , 21.0657115, -0.0414588, , , , , , , , , , , , , , , , , , , , , , , , , , , , 
21.0662308, 0.0760357, , , , , , , 21.0662308, -0.0411231, , , , , , , 21.0662308, -0.3093462, , , , , , , 21.0662308, -0.0330663, , , , , , , , , , , , , , , , , , , , , , , , , , , , 
21.06675, 0.0763714, , , , , , , 21.06675, 0.0159457, , , , , , , 21.06675, -0.3291524, , , , , , , 21.06675, -0.0253452, , , , , , , , , , , , , , , , , , , , , , , , , , , , 
21.0672692, 0.0753643, , , , , , , 21.0672692, 0.0594186, , , , , , , 21.0672692, -0.3466087, , , , , , , 21.0672692, -0.018967, , , , , , , , , , , , , , , , , , , , , , , , , , , , 
21.0677885, 0.0777142, , , , , , , 21.0677885, 0.094667, , , , , , , 21.0677885, -0.3519799, , , , , , , 21.0677885, -0.0142672, , , , , , , , , , , , , , , , , , , , , , , , , , , , 
21.0683077, 0.0721752, , , , , , , 21.0683077, 0.1203479, , , , , , , 21.0683077, -0.3167315, , , , , , , 21.0683077, -0.0072175, , , , , , , , , , , , , , , , , , , , , , , , , , , , 
21.0688269, 0.0629435, , , , , , , 21.0688269, 0.131426, , , , , , , 21.0688269, -0.252781, , , , , , , 21.0688269, 0.0041962, , , , , , , , , , , , , , , , , , , , , , , , , , , , 
21.0693462, 0.0616007, , , , , , , 21.0693462, 0.1404898, , , , , , , 21.0693462, -0.1811093, , , , , , , 21.0693462, 0.0092317, , , , , , , , , , , , , , , , , , , , , , , , , , , , 
21.0698654, 0.0683146, , , , , , , 21.0698654, 0.1643244, , , , , , , 21.0698654, -0.0887922, , , , , , , 21.0698654, 0.0092317, , , , , , , , , , , , , , , , , , , , , , , , , , , , 
21.0703846, 0.0797284, , , , , , , 21.0703846, 0.1841306, , , , , , , 21.0703846, 0.0186313, , , , , , , 21.0703846, 0.0117494, , , , , , , , , , , , , , , , , , , , , , , , , , , , 
21.0709038, 0.0867781, , , , , , , 21.0709038, 0.1730526, , , , , , , 21.0709038, 0.1085985, , , , , , , 21.0709038, 0.0166171, , , , , , , , , , , , , , , , , , , , , , , , , , , , 
21.0714231, 0.0850996, , , , , , , 21.0714231, 0.149218, , , , , , , 21.0714231, 0.1609674, , , , , , , 21.0714231, 0.023331, , , , , , , , , , , , , , , , , , , , , , , , , , , , 
21.0719423, 0.0770428, , , , , , , 21.0719423, 0.1408255, , , , , , , 21.0719423, 0.1740597, , , , , , , 21.0719423, 0.0287022, , , , , , , , , , , , , , , , , , , , , , , , , , , , 
21.0724615, 0.0704967, , , , , , , 21.0724615, 0.1502251, , , , , , , 21.0724615, 0.1609674, , , , , , , 21.0724615, 0.0364233, , , , , , , , , , , , , , , , , , , , , , , , , , , , 
21.0729808, 0.0693217, , , , , , , 21.0729808, 0.1623102, , , , , , , 21.0729808, 0.1337758, , , , , , , 21.0729808, 0.0438087, , , , , , , , , , , , , , , , , , , , , , , , , , , , 
21.0735, 0.063447, , , , , , , 21.0735, 0.1757382, , , , , , , 21.0735, 0.0991989, , , , , , , 21.0735, 0.0461585, , , , , , , , , , , , , , , , , , , , , , , , , , , , 
21.0740192, 0.0488441, , , , , , , 21.0740192, 0.2183719, , , , , , , 21.0740192, 0.0803998, , , , , , , 21.0740192, 0.0411231, , , , , , , , , , , , , , , , , , , , , , , , , , , , 
21.0745385, 0.0365911, , , , , , , 21.0745385, 0.2536202, , , , , , , 21.0745385, 0.0844282, , , , , , , 21.0745385, 0.0374304, , , , , , , , , , , , , , , , , , , , , , , , , , , , 
21.0750577, 0.0283665, , , , , , , 21.0750577, 0.209308, , , , , , , 21.0750577, 0.0971847, , , , , , , 21.0750577, 0.0364233, , , , , , , , , , , , , , , , , , , , , , , , , , , , 
21.0755769, 0.0164492, , , , , , , 21.0755769, 0.1250477, , , , , , , 21.0755769, 0.1139696, , , , , , , 21.0755769, 0.0347448, , , , , , , , , , , , , , , , , , , , , , , , , , , , 
21.0760962, 0.0008392, , , , , , , 21.0760962, 0.0481727, , , , , , , 21.0760962, 0.128069, , , , , , , 21.0760962, 0.0317235, , , , , , , , , , , , , , , , , , , , , , , , , , , , 
21.0766154, -0.0209812, , , , , , , 21.0766154, -0.0310521, , , , , , , 21.0766154, 0.1279011, , , , , , , 21.0766154, 0.0243381, , , , , , , , , , , , , , , , , , , , , , , , , , , , 
21.0771346, -0.0394446, , , , , , , 21.0771346, -0.0973526, , , , , , , 21.0771346, 0.121355, , , , , , , 21.0771346, 0.0142672, , , , , , , , , , , , , , , , , , , , , , , , , , , , 
21.0776538, -0.051194, , , , , , , 21.0776538, -0.1143053, , , , , , , 21.0776538, 0.1233692, , , , , , , 21.0776538, 0.0075532, , , , , , , , , , , , , , , , , , , , , , , , , , , , 
21.0781731, -0.0530404, , , , , , , 21.0781731, -0.1065843, , , , , , , 21.0781731, 0.1200122, , , , , , , 21.0781731, 0.0048676, , , , , , , , , , , , , , , , , , , , , , , , , , , , 
21.0786923, -0.0560616, , , , , , , 21.0786923, -0.0995346, , , , , , , 21.0786923, 0.111284, , , , , , , 21.0786923, 0.0025177, , , , , , , , , , , , , , , , , , , , , , , , , , , , 
21.0792115, -0.0602579, , , , , , , 21.0792115, -0.1012131, , , , , , , 21.0792115, 0.1052415, , , , , , , 21.0792115, 0.0005035, , , , , , , , , , , , , , , , , , , , , , , , , , , , 
21.0797308, -0.0585794, , , , , , , 21.0797308, -0.1122911, , , , , , , 21.0797308, 0.1042344, , , , , , , 21.0797308, -0.0025177, , , , , , , , , , , , , , , , , , , , , , , , , , , , 
21.08025, -0.0433051, , , , , , , 21.08025, -0.1223621, , , , , , , 21.08025, 0.1132982, , , , , , , 21.08025, -0.0078889, , , , , , , , , , , , , , , , , , , , , , , , , , , , 
21.0807692, -0.0179599, , , , , , , 21.0807692, -0.1143053, , , , , , , 21.0807692, 0.1220264, , , , , , , 21.0807692, -0.0149386, , , , , , , , , , , , , , , , , , , , , , , , , , , , 
21.0812885, 0.0077211, , , , , , , 21.0812885, -0.0866102, , , , , , , 21.0812885, 0.1210193, , , , , , , 21.0812885, -0.0236667, , , , , , , , , , , , , , , , , , , , , , , , , , , , 
21.0818077, 0.0216526, , , , , , , 21.0818077, -0.0720073, , , , , , , 21.0818077, 0.121355, , , , , , , 21.0818077, -0.0280308, , , , , , , , , , , , , , , , , , , , , , , , , , , , 
21.0823269, 0.033402, , , , , , , 21.0823269, -0.093492, , , , , , , 21.0823269, 0.1347829, , , , , , , 21.0823269, -0.0209812, , , , , , , , , , , , , , , , , , , , , , , , , , , , 
21.0828462, 0.0468299, , , , , , , 21.0828462, -0.1203479, , , , , , , 21.0828462, 0.1508965, , , , , , , 21.0828462, -0.012253, , , , , , , , , , , , , , , , , , , , , , , , , , , , 
21.0833654, 0.0515297, , , , , , , 21.0833654, -0.1428397, , , , , , , 21.0833654, 0.1508965, , , , , , , 21.0833654, -0.0102388, , , , , , , , , , , , , , , , , , , , , , , , , , , , 
21.0838846, 0.0468299, , , , , , , 21.0838846, -0.1606317, , , , , , , 21.0838846, 0.1304189, , , , , , , 21.0838846, -0.0125887, , , , , , , , , , , , , , , , , , , , , , , , , , , , 
21.0844038, 0.0387732, , , , , , , 21.0844038, -0.1626459, , , , , , , 21.0844038, 0.1005417, , , , , , , 21.0844038, -0.0097353, , , , , , , , , , , , , , , , , , , , , , , , , , , , 
21.0849231, 0.0323949, , , , , , , 21.0849231, -0.1346151, , , , , , , 21.0849231, 0.0666361, , , , , , , 21.0849231, -0.0015106, , , , , , , , , , , , , , , , , , , , , , , , , , , , 
21.0854423, 0.030045, , , , , , , 21.0854423, -0.0919814, , , , , , , 21.0854423, 0.0253452, , , , , , , 21.0854423, 0.0031891, , , , , , , , , , , , , , , , , , , , , , , , , , , , 
21.0859615, 0.0297093, , , , , , , 21.0859615, -0.0793927, , , , , , , 21.0859615, -0.0137636, , , , , , , 21.0859615, 0.0058747, , , , , , , , , , , , , , , , , , , , , , , , , , , , 
21.0864808, 0.0256809, , , , , , , 21.0864808, -0.0746929, , , , , , , 21.0864808, -0.0459907, , , , , , , 21.0864808, 0.0078889, , , , , , , , , , , , , , , , , , , , , , , , , , , , 
21.087, 0.0273594, , , , , , , 21.087, -0.0048676, , , , , , , 21.087, -0.0652934, , , , , , , 21.087, 0.0052033, , , , , , , , , , , , , , , , , , , , , , , , , , , , 
21.0875192, 0.0354162, , , , , , , 21.0875192, 0.0971847, , , , , , , 21.0875192, -0.0663005, , , , , , , 21.0875192, -0.002182, , , , , , , , , , , , , , , , , , , , , , , , , , , , 
21.0880385, 0.0419623, , , , , , , 21.0880385, 0.1426719, , , , , , , 21.0880385, -0.0424659, , , , , , , 21.0880385, -0.0087282, , , , , , , , , , , , , , , , , , , , , , , , , , , , 
21.0885577, 0.0424659, , , , , , , 21.0885577, 0.1331044, , , , , , , 21.0885577, -0.0223239, , , , , , , 21.0885577, -0.0085603, , , , , , , , , , , , , , , , , , , , , , , , , , , , 
21.0890769, 0.040116, , , , , , , 21.0890769, 0.1028916, , , , , , , 21.0890769, -0.0323949, , , , , , , 21.0890769, -0.0008392, , , , , , , , , , , , , , , , , , , , , , , , , , , , 
21.0895962, 0.0407874, , , , , , , 21.0895962, 0.0562295, , , , , , , 21.0895962, -0.0659648, , , , , , , 21.0895962, 0.0137636, , , , , , , , , , , , , , , , , , , , , , , , , , , , 
21.0901154, 0.0515297, , , , , , , 21.0901154, 0.018967, , , , , , , 21.0901154, -0.0951705, , , , , , , 21.0901154, 0.0317235, , , , , , , , , , , , , , , , , , , , , , , , , , , , 
21.0906346, 0.064622, , , , , , , 21.0906346, 0.0139315, , , , , , , 21.0906346, -0.1028916, , , , , , , 21.0906346, 0.0486763, , , , , , , , , , , , , , , , , , , , , , , , , , , , 
21.0911538, 0.0710002, , , , , , , 21.0911538, 0.0307164, , , , , , , 21.0911538, -0.0944991, , , , , , , 21.0911538, 0.0629435, , , , , , , , , , , , , , , , , , , , , , , , , , , , 
21.0916731, 0.079057, , , , , , , 21.0916731, 0.047837, , , , , , , 21.0916731, -0.0820783, , , , , , , 21.0916731, 0.0693217, , , , , , , , , , , , , , , , , , , , , , , , , , , , 
21.0921923, 0.0874495, , , , , , , 21.0921923, 0.0473335, , , , , , , 21.0921923, -0.0854353, , , , , , , 21.0921923, 0.0676432, , , , , , , , , , , , , , , , , , , , , , , , , , , , 
21.0927115, 0.0871138, , , , , , , 21.0927115, 0.0253452, , , , , , , 21.0927115, -0.1119554, , , , , , , 21.0927115, 0.0602579, , , , , , , , , , , , , , , , , , , , , , , , , , , , 
21.0932308, 0.0767071, , , , , , , 21.0932308, 0.0075532, , , , , , , 21.0932308, -0.1579461, , , , , , , 21.0932308, 0.0488441, , , , , , , , , , , , , , , , , , , , , , , , , , , , 
21.09375, 0.057908, , , , , , , 21.09375, 0.011078, , , , , , , 21.09375, -0.19823, , , , , , , 21.09375, 0.0386053, , , , , , , , , , , , , , , , , , , , , , , , , , , , 
21.0942692, 0.040116, , , , , , , 21.0942692, 0.0287022, , , , , , , 21.0942692, -0.2046082, , , , , , , 21.0942692, 0.0369268, , , , , , , , , , , , , , , , , , , , , , , , , , , , 
21.0947885, 0.0293736, , , , , , , 21.0947885, 0.0428016, , , , , , , 21.0947885, -0.1801022, , , , , , , 21.0947885, 0.0397803, , , , , , , , , , , , , , , , , , , , , , , , , , , , 
21.0953077, 0.0124208, , , , , , , 21.0953077, 0.0501869, , , , , , , 21.0953077, -0.1398184, , , , , , , 21.0953077, 0.0448157, , , , , , , , , , , , , , , , , , , , , , , , , , , , 
21.0958269, -0.0085603, , , , , , , 21.0958269, 0.0532082, , , , , , , 21.0958269, -0.100206, , , , , , , 21.0958269, 0.0522011, , , , , , , , , , , , , , , , , , , , , , , , , , , , 
21.0963462, -0.0332341, , , , , , , 21.0963462, 0.0614328, , , , , , , 21.0963462, -0.0817426, , , , , , , 21.0963462, 0.0616007, , , , , , , , , , , , , , , , , , , , , , , , , , , , 
21.0968654, -0.0535439, , , , , , , 21.0968654, 0.073518, , , , , , , 21.0968654, -0.0903029, , , , , , , 21.0968654, 0.0673075, , , , , , , , , , , , , , , , , , , , , , , , , , , , 
21.0973846, -0.0664683, , , , , , , 21.0973846, 0.0750286, , , , , , , 21.0973846, -0.1008774, , , , , , , 21.0973846, 0.0710002, , , , , , , , , , , , , , , , , , , , , , , , , , , , 
21.0979038, -0.0760357, , , , , , , 21.0979038, 0.0585794, , , , , , , 21.0979038, -0.0904707, , , , , , , 21.0979038, 0.0753643, , , , , , , , , , , , , , , , , , , , , , , , , , , , 
21.0984231, -0.0820783, , , , , , , 21.0984231, 0.030045, , , , , , , 21.0984231, -0.0654612, , , , , , , 21.0984231, 0.0760357, , , , , , , , , , , , , , , , , , , , , , , , , , , , 
21.0989423, -0.0923171, , , , , , , 21.0989423, -0.0030213, , , , , , , 21.0989423, -0.0370947, , , , , , , 21.0989423, 0.0750286, , , , , , , , , , , , , , , , , , , , , , , , , , , , 
21.0994615, -0.0990311, , , , , , , 21.0994615, -0.0375982, , , , , , , 21.0994615, -0.018967, , , , , , , 21.0994615, 0.0708324, , , , , , , , , , , , , , , , , , , , , , , , , , , , 
21.0999808, -0.0908064, , , , , , , 21.0999808, -0.057908, , , , , , , 21.0999808, -0.0172885, , , , , , , 21.0999808, 0.0582437, , , , , , , , , , , , , , , , , , , , , , , , , , , , 
21.1005, -0.0720073, , , , , , , 21.1005, -0.0589151, , , , , , , 21.1005, -0.0287022, , , , , , , 21.1005, 0.0417945, , , , , , , , , , , , , , , , , , , , , , , , , , , , 
21.1010192, -0.0542153, , , , , , , 21.1010192, -0.0498512, , , , , , , 21.1010192, -0.0454871, , , , , , , 21.1010192, 0.0287022, , , , , , , , , , , , , , , , , , , , , , , , , , , , 
21.1015385, -0.0394446, , , , , , , 21.1015385, -0.0285344, , , , , , , 21.1015385, -0.0532082, , , , , , , 21.1015385, 0.0226596, , , , , , , , , , , , , , , , , , , , , , , , , , , , 
21.1020577, -0.0273594, , , , , , , 21.1020577, -0.0030213, , , , , , , 21.1020577, -0.0417945, , , , , , , 21.1020577, 0.0218204, , , , , , , , , , , , , , , , , , , , , , , , , , , , 
21.1025769, -0.0203098, , , , , , , 21.1025769, 0.0095674, , , , , , , 21.1025769, -0.01561, , , , , , , 21.1025769, 0.0184634, , , , , , , , , , , , , , , , , , , , , , , , , , , , 
21.1030962, -0.0172885, , , , , , , 21.1030962, 0.0260166, , , , , , , 21.1030962, 0.01561, , , , , , , 21.1030962, 0.014435, , , , , , , , , , , , , , , , , , , , , , , , , , , , 
21.1036154, -0.0114137, , , , , , , 21.1036154, 0.056733, , , , , , , 21.1036154, 0.0394446, , , , , , , 21.1036154, 0.0117494, , , , , , , , , , , , , , , , , , , , , , , , , , , , 
21.1041346, -0.0018463, , , , , , , 21.1041346, 0.0750286, , , , , , , 21.1041346, 0.0533761, , , , , , , 21.1041346, 0.0045319, , , , , , , , , , , , , , , , , , , , , , , , , , , , 
21.1046538, 0.0090639, , , , , , , 21.1046538, 0.093492, , , , , , , 21.1046538, 0.066804, , , , , , , 21.1046538, -0.005539, , , , , , , , , , , , , , , , , , , , , , , , , , , , 
21.1051731, 0.0159457, , , , , , , 21.1051731, 0.1663386, , , , , , , 21.1051731, 0.0837568, , , , , , , 21.1051731, -0.0129244, , , , , , , , , , , , , , , , , , , , , , , , , , , , 
21.1056923, 0.0240024, , , , , , , 21.1056923, 0.2341497, , , , , , , 21.1056923, 0.0976883, , , , , , , 21.1056923, -0.0142672, , , , , , , , , , , , , , , , , , , , , , , , , , , , 
21.1062115, 0.0374304, , , , , , , 21.1062115, 0.2227359, , , , , , , 21.1062115, 0.1126268, , , , , , , 21.1062115, -0.0129244, , , , , , , , , , , , , , , , , , , , , , , , , , , , 
21.1067308, 0.0458228, , , , , , , 21.1067308, 0.1901732, , , , , , , 21.1067308, 0.1287404, , , , , , , 21.1067308, -0.0179599, , , , , , , , , , , , , , , , , , , , , , , , , , , , 
21.10725, 0.0461585, , , , , , , 21.10725, 0.1816129, , , , , , , 21.10725, 0.1448539, , , , , , , 21.10725, -0.0287022, , , , , , , , , , , , , , , , , , , , , , , , , , , , 
21.1077692, 0.0471656, , , , , , , 21.1077692, 0.1441825, , , , , , , 21.1077692, 0.1676814, , , , , , , 21.1077692, -0.0404517, , , , , , , , , , , , , , , , , , , , , , , , , , , , 
21.1082885, 0.0522011, , , , , , , 21.1082885, 0.0636149, , , , , , , 21.1082885, 0.1871519, , , , , , , 21.1082885, -0.0515297, , , , , , , , , , , , , , , , , , , , , , , , , , , , 
21.1088077, 0.0538796, , , , , , , 21.1088077, -0.0140993, , , , , , , 21.1088077, 0.1931945, , , , , , , 21.1088077, -0.0592508, , , , , , , , , , , , , , , , , , , , , , , , , , , , 
21.1093269, 0.064622, , , , , , , 21.1093269, -0.0458228, , , , , , , 21.1093269, 0.1895018, , , , , , , 21.1093269, -0.0626078, , , , , , , , , , , , , , , , , , , , , , , , , , , , 
21.1098462, 0.0891279, , , , , , , 21.1098462, -0.0303807, , , , , , , 21.1098462, 0.185977, , , , , , , 21.1098462, -0.0632792, , , , , , , , , , , , , , , , , , , , , , , , , , , , 
21.1103654, 0.1116197, , , , , , , 21.1103654, -0.0458228, , , , , , , 21.1103654, 0.1945373, , , , , , , 21.1103654, -0.0619364, , , , , , , , , , , , , , , , , , , , , , , , , , , , 
21.1108846, 0.1196765, , , , , , , 21.1108846, -0.1609674, , , , , , , 21.1108846, 0.2057832, , , , , , , 21.1108846, -0.0599222, , , , , , , , , , , , , , , , , , , , , , , , , , , , 
21.1114038, 0.1173266, , , , , , , 21.1114038, -0.3069963, , , , , , , 21.1114038, 0.2111543, , , , , , , 21.1114038, -0.0594186, , , , , , , , , , , , , , , , , , , , , , , , , , , , 
21.1119231, 0.1099413, , , , , , , 21.1119231, -0.4110628, , , , , , , 21.1119231, 0.1955444, , , , , , , 21.1119231, -0.061265, , , , , , , , , , , , , , , , , , , , , , , , , , , , 
21.1124423, 0.1022202, , , , , , , 21.1124423, -0.4634318, , , , , , , 21.1124423, 0.1347829, , , , , , , 21.1124423, -0.0642863, , , , , , , , , , , , , , , , , , , , , , , , , , , , 
21.1129615, 0.0981918, , , , , , , 21.1129615, -0.4382544, , , , , , , 21.1129615, 0.0379339, , , , , , , 21.1129615, -0.0626078, , , , , , , , , , , , , , , , , , , , , , , , , , , , 
21.1134808, 0.0929885, , , , , , , 21.1134808, -0.3459373, , , , , , , 21.1134808, -0.0827497, , , , , , , 21.1134808, -0.057908, , , , , , , , , , , , , , , , , , , , , , , , , , , , 
21.114, 0.0837568, , , , , , , 21.114, -0.2603342, , , , , , , 21.114, -0.19823, , , , , , , 21.114, -0.0565652, , , , , , , , , , , , , , , , , , , , , , , , , , , , 
21.1145192, 0.0706645, , , , , , , 21.1145192, -0.2217288, , , , , , , 21.1145192, -0.2714122, , , , , , , 21.1145192, -0.0538796, , , , , , , , , , , , , , , , , , , , , , , , , , , , 
21.1150385, 0.0558938, , , , , , , 21.1150385, -0.2099794, , , , , , , 21.1150385, -0.2881971, , , , , , , 21.1150385, -0.0417945, , , , , , , , , , , , , , , , , , , , , , , , , , , , 
21.1155577, 0.0397803, , , , , , , 21.1155577, -0.1720455, , , , , , , 21.1155577, -0.276112, , , , , , , 21.1155577, -0.0199741, , , , , , , , , , , , , , , , , , , , , , , , , , , , 
21.1160769, 0.0219883, , , , , , , 21.1160769, -0.1065843, , , , , , , 21.1160769, -0.2707408, , , , , , , 21.1160769, 0.0052033, , , , , , , , , , , , , , , , , , , , , , , , , , , , 
21.1165962, -0.0023499, , , , , , , 21.1165962, -0.0605936, , , , , , , 21.1165962, -0.2908827, , , , , , , 21.1165962, 0.0273594, , , , , , , , , , , , , , , , , , , , , , , , , , , , 
21.1171154, -0.0290379, , , , , , , 21.1171154, -0.0310521, , , , , , , 21.1171154, -0.3331807, , , , , , , 21.1171154, 0.0406195, , , , , , , , , , , , , , , , , , , , , , , , , , , , 
21.1176346, -0.0552224, , , , , , , 21.1176346, -0.002182, , , , , , , 21.1176346, -0.3600366, , , , , , , 21.1176346, 0.0461585, , , , , , , , , , , , , , , , , , , , , , , , , , , , 
21.1181538, -0.0783856, , , , , , , 21.1181538, 0.0203098, , , , , , , 21.1181538, -0.3388876, , , , , , , 21.1181538, 0.0501869, , , , , , , , , , , , , , , , , , , , , , , , , , , , 
21.1186731, -0.0981918, , , , , , , 21.1186731, 0.033402, , , , , , , 21.1186731, -0.279469, , , , , , , 21.1186731, 0.0555581, , , , , , , , , , , , , , , , , , , , , , , , , , , , 
21.1191923, -0.110277, , , , , , , 21.1191923, 0.04448, , , , , , , 21.1191923, -0.2074617, , , , , , , 21.1191923, 0.0555581, , , , , , , , , , , , , , , , , , , , , , , , , , , , 
21.1197115, -0.1116197, , , , , , , 21.1197115, 0.0537118, , , , , , , 21.1197115, -0.144686, , , , , , , 21.1197115, 0.0527047, , , , , , , , , , , , , , , , , , , , , , , , , , , , 
21.1202308, -0.103563, , , , , , , 21.1202308, 0.0589151, , , , , , , 21.1202308, -0.1022202, , , , , , , 21.1202308, 0.0488441, , , , , , , , , , , , , , , , , , , , , , , , , , , , 
21.12075, -0.0896315, , , , , , , 21.12075, 0.0637827, , , , , , , 21.12075, -0.0746929, , , , , , , 21.12075, 0.0454871, , , , , , , , , , , , , , , , , , , , , , , , , , , , 
21.1212692, -0.0750286, , , , , , , 21.1212692, 0.0706645, , , , , , , 21.1212692, -0.0468299, , , , , , , 21.1212692, 0.0464942, , , , , , , , , , , , , , , , , , , , , , , , , , , , 
21.1217885, -0.0552224, , , , , , , 21.1217885, 0.0797284, , , , , , , 21.1217885, -0.0176242, , , , , , , 21.1217885, 0.0565652, , , , , , , , , , , , , , , , , , , , , , , , , , , , 
21.1223077, -0.0386053, , , , , , , 21.1223077, 0.0837568, , , , , , , 21.1223077, 0.012253, , , , , , , 21.1223077, 0.079057, , , , , , , , , , , , , , , , , , , , , , , , , , , , 
21.1228269, -0.0307164, , , , , , , 21.1228269, 0.0783856, , , , , , , 21.1228269, 0.0411231, , , , , , , 21.1228269, 0.103563, , , , , , , , , , , , , , , , , , , , , , , , , , , , 
21.1233462, -0.0229953, , , , , , , 21.1233462, 0.0780499, , , , , , , 21.1233462, 0.0694896, , , , , , , 21.1233462, 0.114641, , , , , , , , , , , , , , , , , , , , , , , , , , , , 
21.1238654, -0.0097353, , , , , , , 21.1238654, 0.0889601, , , , , , , 21.1238654, 0.0924849, , , , , , , 21.1238654, 0.1159838, , , , , , , , , , , , , , , , , , , , , , , , , , , , 
21.1243846, 0.0062104, , , , , , , 21.1243846, 0.1007095, , , , , , , 21.1243846, 0.1025559, , , , , , , 21.1243846, 0.1129625, , , , , , , , , , , , , , , , , , , , , , , , , , , , 
21.1249038, 0.0166171, , , , , , , 21.1249038, 0.1079271, , , , , , , 21.1249038, 0.10692, , , , , , , 21.1249038, 0.0981918, , , , , , , , , , , , , , , , , , , , , , , , , , , , 
21.1254231, 0.0213169, , , , , , , 21.1254231, 0.1169909, , , , , , , 21.1254231, 0.1237049, , , , , , , 21.1254231, 0.0743572, , , , , , , , , , , , , , , , , , , , , , , , , , , , 
21.1259423, 0.0226596, , , , , , , 21.1259423, 0.114641, , , , , , , 21.1259423, 0.1461967, , , , , , , 21.1259423, 0.047837, , , , , , , , , , , , , , , , , , , , , , , , , , , , 
21.1264615, 0.0193027, , , , , , , 21.1264615, 0.0991989, , , , , , , 21.1264615, 0.1572747, , , , , , , 21.1264615, 0.0196384, , , , , , , , , , , , , , , , , , , , , , , , , , , , 
21.1269808, 0.0132601, , , , , , , 21.1269808, 0.1015488, , , , , , , 21.1269808, 0.1497215, , , , , , , 21.1269808, -0.0038605, , , , , , , , , , , , , , , , , , , , , , , , , , , , 
21.1275, 0.0149386, , , , , , , 21.1275, 0.1166552, , , , , , , 21.1275, 0.1364614, , , , , , , 21.1275, -0.0179599, , , , , , , , , , , , , , , , , , , , , , , , , , , , 
21.1280192, 0.0142672, , , , , , , 21.1280192, 0.1089342, , , , , , , 21.1280192, 0.1294118, , , , , , , 21.1280192, -0.0256809, , , , , , , , , , , , , , , , , , , , , , , , , , , , 
21.1285385, 0.0065461, , , , , , , 21.1285385, 0.0923171, , , , , , , 21.1285385, 0.1260548, , , , , , , 21.1285385, -0.0323949, , , , , , , , , , , , , , , , , , , , , , , , , , , , 
21.1290577, 0.0018463, , , , , , , 21.1290577, 0.0454871, , , , , , , 21.1290577, 0.1211872, , , , , , , 21.1290577, -0.0359197, , , , , , , , , , , , , , , , , , , , , , , , , , , , 
21.1295769, 0.0082246, , , , , , , 21.1295769, -0.0485084, , , , , , , 21.1295769, 0.114641, , , , , , , 21.1295769, -0.0350805, , , , , , , , , , , , , , , , , , , , , , , , , , , , 
21.1300962, 0.023331, , , , , , , 21.1300962, -0.1025559, , , , , , , 21.1300962, 0.1072557, , , , , , , 21.1300962, -0.0344091, , , , , , , , , , , , , , , , , , , , , , , , , , , , 
21.1306154, 0.0394446, , , , , , , 21.1306154, -0.0728466, , , , , , , 21.1306154, 0.1049058, , , , , , , 21.1306154, -0.0317235, , , , , , , , , , , , , , , , , , , , , , , , , , , , 
21.1311346, 0.0481727, , , , , , , 21.1311346, -0.0196384, , , , , , , 21.1311346, 0.1126268, , , , , , , 21.1311346, -0.0283665, , , , , , , , , , , , , , , , , , , , , , , , , , , , 
21.1316538, 0.051194, , , , , , , 21.1316538, 0.0558938, , , , , , , 21.1316538, 0.1245441, , , , , , , 21.1316538, -0.0216526, , , , , , , , , , , , , , , , , , , , , , , , , , , , 
21.1321731, 0.0542153, , , , , , , 21.1321731, 0.1448539, , , , , , , 21.1321731, 0.1284047, , , , , , , 21.1321731, -0.0095674, , , , , , , , , , , , , , , , , , , , , , , , , , , , 
21.1326923, 0.0582437, , , , , , , 21.1326923, 0.1774166, , , , , , , 21.1326923, 0.1200122, , , , , , , 21.1326923, -0.0028534, , , , , , , , , , , , , , , , , , , , , , , , , , , , 
21.1332115, 0.0599222, , , , , , , 21.1332115, 0.1727169, , , , , , , 21.1332115, 0.1062486, , , , , , , 21.1332115, -0.0048676, , , , , , , , , , , , , , , , , , , , , , , , , , , , 
21.1337308, 0.0569009, , , , , , , 21.1337308, 0.1549248, , , , , , , 21.1337308, 0.0918135, , , , , , , 21.1337308, -0.0099031, , , , , , , , , , , , , , , , , , , , , , , , , , , , 
21.13425, 0.0488441, , , , , , , 21.13425, 0.1059129, , , , , , , 21.13425, 0.0849317, , , , , , , 21.13425, -0.0102388, , , , , , , , , , , , , , , , , , , , , , , , , , , , 
21.1347692, 0.0428016, , , , , , , 21.1347692, 0.0525368, , , , , , , 21.1347692, 0.0985275, , , , , , , 21.1347692, -0.0041962, , , , , , , , , , , , , , , , , , , , , , , , , , , , 
21.1352885, 0.0379339, , , , , , , 21.1352885, 0.0083925, , , , , , , 21.1352885, 0.1203479, , , , , , , 21.1352885, 0.0011749, , , , , , , , , , , , , , , , , , , , , , , , , , , , 
21.1358077, 0.0271916, , , , , , , 21.1358077, -0.0404517, , , , , , , 21.1358077, 0.1223621, , , , , , , 21.1358077, 0.0010071, , , , , , , , , , , , , , , , , , , , , , , , , , , , 
21.1363269, 0.0216526, , , , , , , 21.1363269, -0.0896315, , , , , , , 21.1363269, 0.0955062, , , , , , , 21.1363269, -0.0018463, , , , , , , , , , , , , , , , , , , , , , , , , , , , 
21.1368462, 0.0199741, , , , , , , 21.1368462, -0.1203479, , , , , , , 21.1368462, 0.0515297, , , , , , , 21.1368462, -0.0048676, , , , , , , , , , , , , , , , , , , , , , , , , , , , 
21.1373654, 0.0132601, , , , , , , 21.1373654, -0.1386435, , , , , , , 21.1373654, 0.0052033, , , , , , , 21.1373654, -0.005539, , , , , , , , , , , , , , , , , , , , , , , , , , , , 
21.1378846, 0.0018463, , , , , , , 21.1378846, -0.1733883, , , , , , , 21.1378846, -0.0198062, , , , , , , 21.1378846, -0.0031891, , , , , , , , , , , , , , , , , , , , , , , , , , , , 
21.1384038, -0.0102388, , , , , , , 21.1384038, -0.2512703, , , , , , , 21.1384038, -0.0198062, , , , , , , 21.1384038, 0.0011749, , , , , , , , , , , , , , , , , , , , , , , , , , , , 
21.1389231, -0.0199741, , , , , , , 21.1389231, -0.3476158, , , , , , , 21.1389231, -0.0048676, , , , , , , 21.1389231, 0.0065461, , , , , , , , , , , , , , , , , , , , , , , , , , , , 
21.1394423, -0.0265202, , , , , , , 21.1394423, -0.4009918, , , , , , , 21.1394423, -0.0035248, , , , , , , 21.1394423, 0.0092317, , , , , , , , , , , , , , , , , , , , , , , , , , , , 
21.1399615, -0.0297093, , , , , , , 21.1399615, -0.3714504, , , , , , , 21.1399615, -0.0431373, , , , , , , 21.1399615, 0.0092317, , , , , , , , , , , , , , , , , , , , , , , , , , , , 
21.1404808, -0.0243381, , , , , , , 21.1404808, -0.2903792, , , , , , , 21.1404808, -0.1270619, , , , , , , 21.1404808, 0.0060426, , , , , , , , , , , , , , , , , , , , , , , , , , , , 
21.141, -0.0109102, , , , , , , 21.141, -0.2042725, , , , , , , 21.141, -0.2247501, , , , , , , 21.141, 0.0048676, , , , , , , , , , , , , , , , , , , , , , , , , , , , 
21.1415192, 0.0092317, , , , , , , 21.1415192, -0.1198444, , , , , , , 21.1415192, -0.2962539, , , , , , , 21.1415192, 0.0075532, , , , , , , , , , , , , , , , , , , , , , , , , , , , 
21.1420385, 0.0226596, , , , , , , 21.1420385, -0.0411231, , , , , , , 21.1420385, -0.3080034, , , , , , , 21.1420385, 0.0132601, , , , , , , , , , , , , , , , , , , , , , , , , , , , 
21.1425577, 0.0273594, , , , , , , 21.1425577, 0.0142672, , , , , , , 21.1425577, -0.2756085, , , , , , , 21.1425577, 0.0172885, , , , , , , , , , , , , , , , , , , , , , , , , , , , 
21.1430769, 0.0246738, , , , , , , 21.1430769, 0.0354162, , , , , , , 21.1430769, -0.2539559, , , , , , , 21.1430769, 0.0226596, , , , , , , , , , , , , , , , , , , , , , , , , , , , 
21.1435962, 0.0193027, , , , , , , 21.1435962, 0.0169528, , , , , , , 21.1435962, -0.2640269, , , , , , , 21.1435962, 0.0320592, , , , , , , , , , , , , , , , , , , , , , , , , , , , 
21.1441154, 0.0125887, , , , , , , 21.1441154, -0.0199741, , , , , , , 21.1441154, -0.282826, , , , , , , 21.1441154, 0.0464942, , , , , , , , , , , , , , , , , , , , , , , , , , , , 
21.1446346, 0.0082246, , , , , , , 21.1446346, -0.0360876, , , , , , , 21.1446346, -0.2915541, , , , , , , 21.1446346, 0.0585794, , , , , , , , , , , , , , , , , , , , , , , , , , , , 
21.1451538, 0.0080568, , , , , , , 21.1451538, -0.0062104, , , , , , , 21.1451538, -0.2935683, , , , , , , 21.1451538, 0.0626078, , , , , , , , , , , , , , , , , , , , , , , , , , , , 
21.1456731, 0.0105745, , , , , , , 21.1456731, 0.0642863, , , , , , , 21.1456731, -0.2892042, , , , , , , 21.1456731, 0.0629435, , , , , , , , , , , , , , , , , , , , , , , , , , , , 
21.1461923, 0.0112459, , , , , , , 21.1461923, 0.1324331, , , , , , , 21.1461923, -0.2573129, , , , , , , 21.1461923, 0.06009, , , , , , , , , , , , , , , , , , , , , , , , , , , , 
21.1467115, 0.0139315, , , , , , , 21.1467115, 0.1305867, , , , , , , 21.1467115, -0.1784237, , , , , , , 21.1467115, 0.0508583, , , , , , , , , , , , , , , , , , , , , , , , , , , , 
21.1472308, 0.0182956, , , , , , , 21.1472308, 0.0748608, , , , , , , 21.1472308, -0.0753643, , , , , , , 21.1472308, 0.0350805, , , , , , , , , , , , , , , , , , , , , , , , , , , , 
21.14775, 0.0240024, , , , , , , 21.14775, 0.0303807, , , , , , , 21.14775, 0.0078889, , , , , , , 21.14775, 0.017792, , , , , , , , , , , , , , , , , , , , , , , , , , , , 
21.1482692, 0.0287022, , , , , , , 21.1482692, 0.0226596, , , , , , , 21.1482692, 0.0562295, , , , , , , 21.1482692, 0.0045319, , , , , , , , , , , , , , , , , , , , , , , , , , , , 
21.1487885, 0.0357519, , , , , , , 21.1487885, 0.036759, , , , , , , 21.1487885, 0.0743572, , , , , , , 21.1487885, -0.0068818, , , , , , , , , , , , , , , , , , , , , , , , , , , , 
21.1493077, 0.0411231, , , , , , , 21.1493077, 0.051194, , , , , , , 21.1493077, 0.0817426, , , , , , , 21.1493077, -0.0125887, , , , , , , , , , , , , , , , , , , , , , , , , , , , 
21.1498269, 0.051194, , , , , , , 21.1498269, 0.043473, , , , , , , 21.1498269, 0.0897993, , , , , , , 21.1498269, -0.012253, , , , , , , , , , , , , , , , , , , , , , , , , , , , 
21.1503462, 0.0647898, , , , , , , 21.1503462, 0.0135958, , , , , , , 21.1503462, 0.0871138, , , , , , , 21.1503462, -0.0135958, , , , , , , , , , , , , , , , , , , , , , , , , , , , 
21.1508654, 0.0726787, , , , , , , 21.1508654, -0.0377661, , , , , , , 21.1508654, 0.0669718, , , , , , , 21.1508654, -0.0169528, , , , , , , , , , , , , , , , , , , , , , , , , , , , 
21.1513846, 0.0762036, , , , , , , 21.1513846, -0.0830854, , , , , , , 21.1513846, 0.0323949, , , , , , , 21.1513846, -0.0196384, , , , , , , , , , , , , , , , , , , , , , , , , , , , 
21.1519038, 0.0767071, , , , , , , 21.1519038, -0.0708324, , , , , , , 21.1519038, -0.0058747, , , , , , , 21.1519038, -0.0229953, , , , , , , , , , , , , , , , , , , , , , , , , , , , 
21.1524231, 0.0817426, , , , , , , 21.1524231, 0.012253, , , , , , , 21.1524231, -0.0135958, , , , , , , 21.1524231, -0.0253452, , , , , , , , , , , , , , , , , , , , , , , , , , , , 
21.1529423, 0.0847639, , , , , , , 21.1529423, 0.1347829, , , , , , , 21.1529423, 0.0209812, , , , , , , 21.1529423, -0.0253452, , , , , , , , , , , , , , , , , , , , , , , , , , , , 
21.1534615, 0.0730144, , , , , , , 21.1534615, 0.194873, , , , , , , 21.1534615, 0.0733501, , , , , , , 21.1534615, -0.0238346, , , , , , , , , , , , , , , , , , , , , , , , , , , , 
21.1539808, 0.0569009, , , , , , , 21.1539808, 0.1868162, , , , , , , 21.1539808, 0.1169909, , , , , , , 21.1539808, -0.018967, , , , , , , , , , , , , , , , , , , , , , , , , , , , 
21.1545, 0.0476692, , , , , , , 21.1545, 0.1723812, , , , , , , 21.1545, 0.1482109, , , , , , , 21.1545, -0.0041962, , , , , , , , , , , , , , , , , , , , , , , , , , , , 
21.1550192, 0.0360876, , , , , , , 21.1550192, 0.1485466, , , , , , , 21.1550192, 0.1748989, , , , , , , 21.1550192, 0.0172885, , , , , , , , , , , , , , , , , , , , , , , , , , , , 
21.1555385, 0.0199741, , , , , , , 21.1555385, 0.1025559, , , , , , , 21.1555385, 0.1997406, , , , , , , 21.1555385, 0.0337377, , , , , , , , , , , , , , , , , , , , , , , , , , , , 
21.1560577, 0.0015106, , , , , , , 21.1560577, 0.0532082, , , , , , , 21.1560577, 0.1995727, , , , , , , 21.1560577, 0.0377661, , , , , , , , , , , , , , , , , , , , , , , , , , , , 
21.1565769, -0.0151064, , , , , , , 21.1565769, 0.0206455, , , , , , , 21.1565769, 0.1656672, , , , , , , 21.1565769, 0.0374304, , , , , , , , , , , , , , , , , , , , , , , , , , , , 
21.1570962, -0.0276951, , , , , , , 21.1570962, 0.0018463, , , , , , , 21.1570962, 0.1190051, , , , , , , 21.1570962, 0.0404517, , , , , , , , , , , , , , , , , , , , , , , , , , , , 
21.1576154, -0.0377661, , , , , , , 21.1576154, -0.005539, , , , , , , 21.1576154, 0.0746929, , , , , , , 21.1576154, 0.0421302, , , , , , , , , , , , , , , , , , , , , , , , , , , , 
21.1581346, -0.0446479, , , , , , , 21.1581346, 0.0028534, , , , , , , 21.1581346, 0.043473, , , , , , , 21.1581346, 0.0369268, , , , , , , , , , , , , , , , , , , , , , , , , , , , 
21.1586538, -0.056733, , , , , , , 21.1586538, 0.0018463, , , , , , , 21.1586538, 0.0287022, , , , , , , 21.1586538, 0.0260166, , , , , , , , , , , , , , , , , , , , , , , , , , , , 
21.1591731, -0.0713359, , , , , , , 21.1591731, -0.0649577, , , , , , , 21.1591731, 0.0280308, , , , , , , 21.1591731, 0.0152743, , , , , , , , , , , , , , , , , , , , , , , , , , , , 
21.1596923, -0.0762036, , , , , , , 21.1596923, -0.1582818, , , , , , , 21.1596923, 0.0381018, , , , , , , 21.1596923, 0.0050355, , , , , , , , , , , , , , , , , , , , , , , , , , , , 
21.1602115, -0.0632792, , , , , , , 21.1602115, -0.191516, , , , , , , 21.1602115, 0.0575723, , , , , , , 21.1602115, -0.0005035, , , , , , , , , , , , , , , , , , , , , , , , , , , , 
21.1607308, -0.0412909, , , , , , , 21.1607308, -0.1514, , , , , , , 21.1607308, 0.0800641, , , , , , , 21.1607308, -0.0015106, , , , , , , , , , , , , , , , , , , , , , , , , , , , 
21.16125, -0.0209812, , , , , , , 21.16125, -0.0693217, , , , , , , 21.16125, 0.1038987, , , , , , , 21.16125, 0.0003357, , , , , , , , , , , , , , , , , , , , , , , , , , , , 
21.1617692, -0.0035248, , , , , , , 21.1617692, 0.0078889, , , , , , , 21.1617692, 0.1169909, , , , , , , 21.1617692, 0.0041962, , , , , , , , , , , , , , , , , , , , , , , , , , , , 
21.1622885, 0.0025177, , , , , , , 21.1622885, 0.0394446, , , , , , , 21.1622885, 0.1055772, , , , , , , 21.1622885, 0.0082246, , , , , , , , , , , , , , , , , , , , , , , , , , , , 
21.1628077, -0.0090639, , , , , , , 21.1628077, 0.0414588, , , , , , , 21.1628077, 0.0746929, , , , , , , 21.1628077, 0.0115816, , , , , , , , , , , , , , , , , , , , , , , , , , , , 
21.1633269, -0.0157778, , , , , , , 21.1633269, 0.0330663, , , , , , , 21.1633269, 0.0270237, , , , , , , 21.1633269, 0.0164492, , , , , , , , , , , , , , , , , , , , , , , , , , , , 
21.1638462, -0.0035248, , , , , , , 21.1638462, 0.0194705, , , , , , , 21.1638462, -0.030045, , , , , , , 21.1638462, 0.023331, , , , , , , , , , , , , , , , , , , , , , , , , , , , 
21.1643654, 0.0132601, , , , , , , 21.1643654, 0.0290379, , , , , , , 21.1643654, -0.0921492, , , , , , , 21.1643654, 0.0270237, , , , , , , , , , , , , , , , , , , , , , , , , , , , 
21.1648846, 0.0206455, , , , , , , 21.1648846, 0.072343, , , , , , , 21.1648846, -0.1445182, , , , , , , 21.1648846, 0.030045, , , , , , , , , , , , , , , , , , , , , , , , , , , , 
21.1654038, 0.023331, , , , , , , 21.1654038, 0.111284, , , , , , , 21.1654038, -0.1535821, , , , , , , 21.1654038, 0.0428016, , , , , , , , , , , , , , , , , , , , , , , , , , , , 
21.1659231, 0.0293736, , , , , , , 21.1659231, 0.1482109, , , , , , , 21.1659231, -0.1216907, , , , , , , 21.1659231, 0.0642863, , , , , , , , , , , , , , , , , , , , , , , , , , , , 
21.1664423, 0.0414588, , , , , , , 21.1664423, 0.1883268, , , , , , , 21.1664423, -0.0941634, , , , , , , 21.1664423, 0.0783856, , , , , , , , , , , , , , , , , , , , , , , , , , , , 
21.1669615, 0.0505226, , , , , , , 21.1669615, 0.1676814, , , , , , , 21.1669615, -0.1089342, , , , , , , 21.1669615, 0.0770428, , , , , , , , , , , , , , , , , , , , , , , , , , , , 
21.1674808, 0.0505226, , , , , , , 21.1674808, 0.0877852, , , , , , , 21.1674808, -0.1505608, , , , , , , 21.1674808, 0.0703288, , , , , , , , , , , , , , , , , , , , , , , , , , , , 
21.168, 0.0454871, , , , , , , 21.168, -0.0018463, , , , , , , 21.168, -0.1586175, , , , , , , 21.168, 0.0696574, , , , , , , , , , , , , , , , , , , , , , , , , , , , 
21.1685192, 0.0381018, , , , , , , 21.1685192, -0.0861067, , , , , , , 21.1685192, -0.1116197, , , , , , , 21.1685192, 0.068986, , , , , , , , , , , , , , , , , , , , , , , , , , , , 
21.1690385, 0.0347448, , , , , , , 21.1690385, -0.1586175, , , , , , , 21.1690385, -0.064622, , , , , , , 21.1690385, 0.0609293, , , , , , , , , , , , , , , , , , , , , , , , , , , , 
21.1695577, 0.0384375, , , , , , , 21.1695577, -0.1989014, , , , , , , 21.1695577, -0.0599222, , , , , , , 21.1695577, 0.043473, , , , , , , , , , , , , , , , , , , , , , , , , , , , 
21.1700769, 0.0491798, , , , , , , 21.1700769, -0.1908446, , , , , , , 21.1700769, -0.0837568, , , , , , , 21.1700769, 0.0206455, , , , , , , , , , , , , , , , , , , , , , , , , , , , 
21.1705962, 0.061265, , , , , , , 21.1705962, -0.1519036, , , , , , , 21.1705962, -0.111284, , , , , , , 21.1705962, -0.0015106, , , , , , , , , , , , , , , , , , , , , , , , , , , , 
21.1711154, 0.0683146, , , , , , , 21.1711154, -0.1253834, , , , , , , 21.1711154, -0.1468681, , , , , , , 21.1711154, -0.0179599, , , , , , , , , , , , , , , , , , , , , , , , , , , , 
21.1716346, 0.0706645, , , , , , , 21.1716346, -0.1284047, , , , , , , 21.1716346, -0.194873, , , , , , , 21.1716346, -0.0290379, , , , , , , , , , , , , , , , , , , , , , , , , , , , 
21.1721538, 0.0683146, , , , , , , 21.1721538, -0.1445182, , , , , , , 21.1721538, -0.2432136, , , , , , , 21.1721538, -0.0382696, , , , , , , , , , , , , , , , , , , , , , , , , , , , 
21.1726731, 0.06009, , , , , , , 21.1726731, -0.1443503, , , , , , , 21.1726731, -0.2657053, , , , , , , 21.1726731, -0.0404517, , , , , , , , , , , , , , , , , , , , , , , , , , , , 
21.1731923, 0.0515297, , , , , , , 21.1731923, -0.1185016, , , , , , , 21.1731923, -0.2428779, , , , , , , 21.1731923, -0.0337377, , , , , , , , , , , , , , , , , , , , , , , , , , , , 
21.1737115, 0.0404517, , , , , , , 21.1737115, -0.0881209, , , , , , , 21.1737115, -0.1767453, , , , , , , 21.1737115, -0.0231632, , , , , , , , , , , , , , , , , , , , , , , , , , , , 
21.1742308, 0.0238346, , , , , , , 21.1742308, -0.0720073, , , , , , , 21.1742308, -0.0981918, , , , , , , 21.1742308, -0.0137636, , , , , , , , , , , , , , , , , , , , , , , , , , , , 
21.17475, 0.005539, , , , , , , 21.17475, -0.0726787, , , , , , , 21.17475, -0.0391089, , , , , , , 21.17475, -0.0085603, , , , , , , , , , , , , , , , , , , , , , , , , , , , 
21.1752692, -0.0058747, , , , , , , 21.1752692, -0.072343, , , , , , , 21.1752692, -0.0003357, , , , , , , 21.1752692, -0.0062104, , , , , , , , , , , , , , , , , , , , , , , , , , , , 
21.1757885, -0.0135958, , , , , , , 21.1757885, -0.0629435, , , , , , , 21.1757885, 0.0381018, , , , , , , 21.1757885, -0.0062104, , , , , , , , , , , , , , , , , , , , , , , , , , , , 
21.1763077, -0.0292058, , , , , , , 21.1763077, -0.051194, , , , , , , 21.1763077, 0.0844282, , , , , , , 21.1763077, -0.005539, , , , , , , , , , , , , , , , , , , , , , , , , , , , 
21.1768269, -0.0458228, , , , , , , 21.1768269, -0.0406195, , , , , , , 21.1768269, 0.1367971, , , , , , , 21.1768269, -0.0031891, , , , , , , , , , , , , , , , , , , , , , , , , , , , 
21.1773462, -0.0574044, , , , , , , 21.1773462, -0.0226596, , , , , , , 21.1773462, 0.2052796, , , , , , , 21.1773462, 0.0035248, , , , , , , , , , , , , , , , , , , , , , , , , , , , 
21.1778654, -0.0624399, , , , , , , 21.1778654, 0.0060426, , , , , , , 21.1778654, 0.2858473, , , , , , , 21.1778654, 0.012253, , , , , , , , , , , , , , , , , , , , , , , , , , , , 
21.1783846, -0.0652934, , , , , , , 21.1783846, 0.0344091, , , , , , , 21.1783846, 0.3419089, , , , , , , 21.1783846, 0.0246738, , , , , , , , , , , , , , , , , , , , , , , , , , , , 
21.1789038, -0.0626078, , , , , , , 21.1789038, 0.0491798, , , , , , , 21.1789038, 0.3560082, , , , , , , 21.1789038, 0.0421302, , , , , , , , , , , , , , , , , , , , , , , , , , , , 
21.1794231, -0.0491798, , , , , , , 21.1794231, 0.0498512, , , , , , , 21.1794231, 0.3456016, , , , , , , 21.1794231, 0.0622721, , , , , , , , , , , , , , , , , , , , , , , , , , , , 
21.1799423, -0.0243381, , , , , , , 21.1799423, 0.0475013, , , , , , , 21.1799423, 0.3167315, , , , , , , 21.1799423, 0.0730144, , , , , , , , , , , , , , , , , , , , , , , , , , , , 
21.1804615, 0.0028534, , , , , , , 21.1804615, 0.0481727, , , , , , , 21.1804615, 0.2606699, , , , , , , 21.1804615, 0.0703288, , , , , , , , , , , , , , , , , , , , , , , , , , , , 
21.1809808, 0.0169528, , , , , , , 21.1809808, 0.051194, , , , , , , 21.1809808, 0.1634852, , , , , , , 21.1809808, 0.0616007, , , , , , , , , , , , , , , , , , , , , , , , , , , , 
21.1815, 0.0206455, , , , , , , 21.1815, 0.0548867, , , , , , , 21.1815, 0.0327306, , , , , , , 21.1815, 0.0515297, , , , , , , , , , , , , , , , , , , , , , , , , , , , 
21.1820192, 0.021149, , , , , , , 21.1820192, 0.0575723, , , , , , , 21.1820192, -0.0869459, , , , , , , 21.1820192, 0.0414588, , , , , , , , , , , , , , , , , , , , , , , , , , , , 
21.1825385, 0.0219883, , , , , , , 21.1825385, 0.0605936, , , , , , , 21.1825385, -0.1559319, , , , , , , 21.1825385, 0.03122, , , , , , , , , , , , , , , , , , , , , , , , , , , , 
21.1830577, 0.0231632, , , , , , , 21.1830577, 0.0599222, , , , , , , 21.1830577, -0.184802, , , , , , , 21.1830577, 0.0219883, , , , , , , , , , , , , , , , , , , , , , , , , , , , 
21.1835769, 0.0260166, , , , , , , 21.1835769, 0.0488441, , , , , , , 21.1835769, -0.1968872, , , , , , , 21.1835769, 0.0142672, , , , , , , , , , , , , , , , , , , , , , , , , , , , 
21.1840962, 0.0303807, , , , , , , 21.1840962, 0.0350805, , , , , , , 21.1840962, -0.2019226, , , , , , , 21.1840962, 0.0015106, , , , , , , , , , , , , , , , , , , , , , , , , , , , 
21.1846154, 0.0350805, , , , , , , 21.1846154, 0.0283665, , , , , , , 21.1846154, -0.2056153, , , , , , , 21.1846154, -0.0169528, , , , , , , , , , , , , , , , , , , , , , , , , , , , 
21.1851346, 0.0394446, , , , , , , 21.1851346, 0.030045, , , , , , , 21.1851346, -0.216022, , , , , , , 21.1851346, -0.0354162, , , , , , , , , , , , , , , , , , , , , , , , , , , , 
21.1856538, 0.0381018, , , , , , , 21.1856538, 0.0436408, , , , , , , 21.1856538, -0.2358282, , , , , , , 21.1856538, -0.0518654, , , , , , , , , , , , , , , , , , , , , , , , , , , , 
21.1861731, 0.0307164, , , , , , , 21.1861731, 0.0629435, , , , , , , 21.1861731, -0.2489204, , , , , , , 21.1861731, -0.0602579, , , , , , , , , , , , , , , , , , , , , , , , , , , , 
21.1866923, 0.0229953, , , , , , , 21.1866923, 0.0669718, , , , , , , 21.1866923, -0.2339818, , , , , , , 21.1866923, -0.0562295, , , , , , , , , , , , , , , , , , , , , , , , , , , , 
21.1872115, 0.0199741, , , , , , , 21.1872115, 0.0569009, , , , , , , 21.1872115, -0.1935302, , , , , , , 21.1872115, -0.04448, , , , , , , , , , , , , , , , , , , , , , , , , , , , 
21.1877308, 0.0196384, , , , , , , 21.1877308, 0.0518654, , , , , , , 21.1877308, -0.1559319, , , , , , , 21.1877308, -0.0327306, , , , , , , , , , , , , , , , , , , , , , , , , , , , 
21.18825, 0.017792, , , , , , , 21.18825, 0.0589151, , , , , , , 21.18825, -0.1156481, , , , , , , 21.18825, -0.0256809, , , , , , , , , , , , , , , , , , , , , , , , , , , , 
21.1887692, 0.0172885, , , , , , , 21.1887692, 0.0686503, , , , , , , 21.1887692, -0.0491798, , , , , , , 21.1887692, -0.0176242, , , , , , , , , , , , , , , , , , , , , , , , , , , , 
21.1892885, 0.0184634, , , , , , , 21.1892885, 0.0663005, , , , , , , 21.1892885, 0.0287022, , , , , , , 21.1892885, -0.0102388, , , , , , , , , , , , , , , , , , , , , , , , , , , , 
21.1898077, 0.0224918, , , , , , , 21.1898077, 0.0488441, , , , , , , 21.1898077, 0.0944991, , , , , , , 21.1898077, -0.0129244, , , , , , , , , , , , , , , , , , , , , , , , , , , , 
21.1903269, 0.0374304, , , , , , , 21.1903269, 0.0303807, , , , , , , 21.1903269, 0.1589532, , , , , , , 21.1903269, -0.023331, , , , , , , , , , , , , , , , , , , , , , , , , , , , 
21.1908462, 0.0522011, , , , , , , 21.1908462, 0.0236667, , , , , , , 21.1908462, 0.2321355, , , , , , , 21.1908462, -0.0330663, , , , , , , , , , , , , , , , , , , , , , , , , , , , 
21.1913654, 0.0513619, , , , , , , 21.1913654, 0.0072175, , , , , , , 21.1913654, 0.2868544, , , , , , , 21.1913654, -0.0394446, , , , , , , , , , , , , , , , , , , , , , , , , , , , 
21.1918846, 0.0488441, , , , , , , 21.1918846, -0.0273594, , , , , , , 21.1918846, 0.3053178, , , , , , , 21.1918846, -0.0404517, , , , , , , , , , , , , , , , , , , , , , , , , , , , 
21.1924038, 0.0515297, , , , , , , 21.1924038, -0.061265, , , , , , , 21.1924038, 0.3063249, , , , , , , 21.1924038, -0.0320592, , , , , , , , , , , , , , , , , , , , , , , , , , , , 
21.1929231, 0.0518654, , , , , , , 21.1929231, -0.0916457, , , , , , , 21.1929231, 0.3063249, , , , , , , 21.1929231, -0.0112459, , , , , , , , , , , , , , , , , , , , , , , , , , , , 
21.1934423, 0.0441444, , , , , , , 21.1934423, -0.1129625, , , , , , , 21.1934423, 0.2962539, , , , , , , 21.1934423, 0.0186313, , , , , , , , , , , , , , , , , , , , , , , , , , , , 
21.1939615, 0.0313878, , , , , , , 21.1939615, -0.1143053, , , , , , , 21.1939615, 0.2589914, , , , , , , 21.1939615, 0.0488441, , , , , , , , , , , , , , , , , , , , , , , , , , , , 
21.1944808, 0.0209812, , , , , , , 21.1944808, -0.0988632, , , , , , , 21.1944808, 0.1858091, , , , , , , 21.1944808, 0.0730144, , , , , , , , , , , , , , , , , , , , , , , , , , , , 
21.195, 0.017792, , , , , , , 21.195, -0.0733501, , , , , , , 21.195, 0.0817426, , , , , , , 21.195, 0.0864424, , , , , , , , , , , , , , , , , , , , , , , , , , , , 
21.1955192, 0.0130922, , , , , , , 21.1955192, -0.0616007, , , , , , , 21.1955192, -0.0451514, , , , , , , 21.1955192, 0.0847639, , , , , , , , , , , , , , , , , , , , , , , , , , , , 
21.1960385, 0.0043641, , , , , , , 21.1960385, -0.0595865, , , , , , , 21.1960385, -0.1740597, , , , , , , 21.1960385, 0.0706645, , , , , , , , , , , , , , , , , , , , , , , , , , , , 
21.1965577, -0.0077211, , , , , , , 21.1965577, -0.0330663, , , , , , , 21.1965577, -0.2680552, , , , , , , 21.1965577, 0.0532082, , , , , , , , , , , , , , , , , , , , , , , , , , , , 
21.1970769, -0.0213169, , , , , , , 21.1970769, 0.0216526, , , , , , , 21.1970769, -0.303975, , , , , , , 21.1970769, 0.0428016, , , , , , , , , , , , , , , , , , , , , , , , , , , , 
21.1975962, -0.0305486, , , , , , , 21.1975962, 0.0720073, , , , , , , 21.1975962, -0.2942397, , , , , , , 21.1975962, 0.0396124, , , , , , , , , , , , , , , , , , , , , , , , , , , , 
21.1981154, -0.0397803, , , , , , , 21.1981154, 0.1109483, , , , , , , 21.1981154, -0.2646983, , , , , , , 21.1981154, 0.0454871, , , , , , , , , , , , , , , , , , , , , , , , , , , , 
21.1986346, -0.0505226, , , , , , , 21.1986346, 0.1257191, , , , , , , 21.1986346, -0.2312963, , , , , , , 21.1986346, 0.0582437, , , , , , , , , , , , , , , , , , , , , , , , , , , , 
21.1991538, -0.0602579, , , , , , , 21.1991538, 0.1065843, , , , , , , 21.1991538, -0.1955444, , , , , , , 21.1991538, 0.0777142, , , , , , , , , , , , , , , , , , , , , , , , , , , , 
21.1996731, -0.0639506, , , , , , , 21.1996731, 0.066804, , , , , , , 21.1996731, -0.1633173, , , , , , , 21.1996731, 0.0971847, , , , , , , , , , , , , , , , , , , , , , , , , , , , 
21.2001923, -0.0627756, , , , , , , 21.2001923, 0.0099031, , , , , , , 21.2001923, -0.1084306, , , , , , , 21.2001923, 0.1092699, , , , , , , , , , , , , , , , , , , , , , , , , , , , 
21.2007115, -0.0599222, , , , , , , 21.2007115, -0.0527047, , , , , , , 21.2007115, -0.0290379, , , , , , , 21.2007115, 0.1079271, , , , , , , , , , , , , , , , , , , , , , , , , , , , 
21.2012308, -0.0555581, , , , , , , 21.2012308, -0.0991989, , , , , , , 21.2012308, 0.0461585, , , , , , , 21.2012308, 0.0958419, , , , , , , , , , , , , , , , , , , , , , , , , , , , 
21.20175, -0.0475013, , , , , , , 21.20175, -0.1015488, , , , , , , 21.20175, 0.1070878, , , , , , , 21.20175, 0.0817426, , , , , , , , , , , , , , , , , , , , , , , , , , , , 
21.2022692, -0.036759, , , , , , , 21.2022692, -0.0730144, , , , , , , 21.2022692, 0.1502251, , , , , , , 21.2022692, 0.0681468, , , , , , , , , , , , , , , , , , , , , , , , , , , , 
21.2027885, -0.0240024, , , , , , , 21.2027885, -0.0538796, , , , , , , 21.2027885, 0.1821164, , , , , , , 21.2027885, 0.0495155, , , , , , , , , , , , , , , , , , , , , , , , , , , , 
21.2033077, -0.0172885, , , , , , , 21.2033077, -0.0451514, , , , , , , 21.2033077, 0.209308, , , , , , , 21.2033077, 0.0271916, , , , , , , , , , , , , , , , , , , , , , , , , , , , 
21.2038269, -0.0109102, , , , , , , 21.2038269, -0.0370947, , , , , , , 21.2038269, 0.2297856, , , , , , , 21.2038269, 0.0078889, , , , , , , , , , , , , , , , , , , , , , , , , , , , 
21.2043462, -0.0011749, , , , , , , 21.2043462, -0.0337377, , , , , , , 21.2043462, 0.2348211, , , , , , , 21.2043462, -0.0095674, , , , , , , , , , , , , , , , , , , , , , , , , , , , 
21.2048654, 0.008896, , , , , , , 21.2048654, -0.0438087, , , , , , , 21.2048654, 0.2200504, , , , , , , 21.2048654, -0.0243381, , , , , , , , , , , , , , , , , , , , , , , , , , , , 
21.2053846, 0.0184634, , , , , , , 21.2053846, -0.0542153, , , , , , , 21.2053846, 0.1842985, , , , , , , 21.2053846, -0.0357519, , , , , , , , , , , , , , , , , , , , , , , , , , , , 
21.2059038, 0.0246738, , , , , , , 21.2059038, -0.057908, , , , , , , 21.2059038, 0.1399863, , , , , , , 21.2059038, -0.0441444, , , , , , , , , , , , , , , , , , , , , , , , , , , , 
21.2064231, 0.0293736, , , , , , , 21.2064231, -0.0632792, , , , , , , 21.2064231, 0.1109483, , , , , , , 21.2064231, -0.0461585, , , , , , , , , , , , , , , , , , , , , , , , , , , , 
21.2069423, 0.0344091, , , , , , , 21.2069423, -0.0758679, , , , , , , 21.2069423, 0.1050736, , , , , , , 21.2069423, -0.0485084, , , , , , , , , , , , , , , , , , , , , , , , , , , , 
21.2074615, 0.0394446, , , , , , , 21.2074615, -0.0921492, , , , , , , 21.2074615, 0.1085985, , , , , , , 21.2074615, -0.0505226, , , , , , , , , , , , , , , , , , , , , , , , , , , , 
21.2079808, 0.0404517, , , , , , , 21.2079808, -0.096849, , , , , , , 21.2079808, 0.1206836, , , , , , , 21.2079808, -0.0501869, , , , , , , , , , , , , , , , , , , , , , , , , , , , 
21.2085, 0.0394446, , , , , , , 21.2085, -0.0809033, , , , , , , 21.2085, 0.1210193, , , , , , , 21.2085, -0.0488441, , , , , , , , , , , , , , , , , , , , , , , , , , , , 
21.2090192, 0.0394446, , , , , , , 21.2090192, -0.054551, , , , , , , 21.2090192, 0.0830854, , , , , , , 21.2090192, -0.0468299, , , , , , , , , , , , , , , , , , , , , , , , , , , , 
21.2095385, 0.0441444, , , , , , , 21.2095385, -0.0283665, , , , , , , 21.2095385, 0.0193027, , , , , , , 21.2095385, -0.0461585, , , , , , , , , , , , , , , , , , , , , , , , , , , , 
21.2100577, 0.056733, , , , , , , 21.2100577, -0.0085603, , , , , , , 21.2100577, -0.0525368, , , , , , , 21.2100577, -0.0464942, , , , , , , , , , , , , , , , , , , , , , , , , , , , 
21.2105769, 0.0679789, , , , , , , 21.2105769, -0.0011749, , , , , , , 21.2105769, -0.1015488, , , , , , , 21.2105769, -0.04448, , , , , , , , , , , , , , , , , , , , , , , , , , , , 
21.2110962, 0.0750286, , , , , , , 21.2110962, 0.0035248, , , , , , , 21.2110962, -0.1277333, , , , , , , 21.2110962, -0.0411231, , , , , , , , , , , , , , , , , , , , , , , , , , , , 
21.2116154, 0.0767071, , , , , , , 21.2116154, 0.0137636, , , , , , , 21.2116154, -0.1562676, , , , , , , 21.2116154, -0.0397803, , , , , , , , , , , , , , , , , , , , , , , , , , , , 
21.2121346, 0.0757, , , , , , , 21.2121346, 0.0226596, , , , , , , 21.2121346, -0.19823, , , , , , , 21.2121346, -0.0374304, , , , , , , , , , , , , , , , , , , , , , , , , , , , 
21.2126538, 0.0710002, , , , , , , 21.2126538, 0.0283665, , , , , , , 21.2126538, -0.2532845, , , , , , , 21.2126538, -0.0303807, , , , , , , , , , , , , , , , , , , , , , , , , , , , 
21.2131731, 0.0595865, , , , , , , 21.2131731, 0.0461585, , , , , , , 21.2131731, -0.3167315, , , , , , , 21.2131731, -0.0193027, , , , , , , , , , , , , , , , , , , , , , , , , , , , 
21.2136923, 0.0424659, , , , , , , 21.2136923, 0.082414, , , , , , , 21.2136923, -0.3650721, , , , , , , 21.2136923, -0.0082246, , , , , , , , , , , , , , , , , , , , , , , , , , , , 
21.2142115, 0.0226596, , , , , , , 21.2142115, 0.124712, , , , , , , 21.2142115, -0.3795071, , , , , , , 21.2142115, 0.0018463, , , , , , , , , , , , , , , , , , , , , , , , , , , , 
21.2147308, 0.0139315, , , , , , , 21.2147308, 0.1487144, , , , , , , 21.2147308, -0.3560082, , , , , , , 21.2147308, 0.0048676, , , , , , , , , , , , , , , , , , , , , , , , , , , , 
21.21525, 0.0092317, , , , , , , 21.21525, 0.1514, , , , , , , 21.21525, -0.3056535, , , , , , , 21.21525, 0.0065461, , , , , , , , , , , , , , , , , , , , , , , , , , , , 
21.2157692, 0.0031891, , , , , , , 21.2157692, 0.145861, , , , , , , 21.2157692, -0.2563058, , , , , , , 21.2157692, 0.0085603, , , , , , , , , , , , , , , , , , , , , , , , , , , , 
21.2162885, -0.0018463, , , , , , , 21.2162885, 0.1284047, , , , , , , 21.2162885, -0.218204, , , , , , , 21.2162885, 0.0099031, , , , , , , , , , , , , , , , , , , , , , , , , , , , 
21.2168077, -0.0097353, , , , , , , 21.2168077, 0.1015488, , , , , , , 21.2168077, -0.190341, , , , , , , 21.2168077, 0.0142672, , , , , , , , , , , , , , , , , , , , , , , , , , , , 
21.2173269, -0.0203098, , , , , , , 21.2173269, 0.0929885, , , , , , , 21.2173269, -0.1616388, , , , , , , 21.2173269, 0.026688, , , , , , , , , , , , , , , , , , , , , , , , , , , , 
21.2178462, -0.0293736, , , , , , , 21.2178462, 0.1225299, , , , , , , 21.2178462, -0.110277, , , , , , , 21.2178462, 0.0454871, , , , , , , , , , , , , , , , , , , , , , , , , , , , 
21.2183654, -0.0317235, , , , , , , 21.2183654, 0.1601282, , , , , , , 21.2183654, -0.0433051, , , , , , , 21.2183654, 0.0616007, , , , , , , , , , , , , , , , , , , , , , , , , , , , 
21.2188846, -0.0293736, , , , , , , 21.2188846, 0.1854734, , , , , , , 21.2188846, 0.0011749, , , , , , , 21.2188846, 0.0696574, , , , , , , , , , , , , , , , , , , , , , , , , , , , 
21.2194038, -0.0270237, , , , , , , 21.2194038, 0.2099794, , , , , , , 21.2194038, 0.0115816, , , , , , , 21.2194038, 0.0688182, , , , , , , , , , , , , , , , , , , , , , , , , , , , 
21.2199231, -0.0216526, , , , , , , 21.2199231, 0.1989014, , , , , , , 21.2199231, 0.0117494, , , , , , , 21.2199231, 0.0616007, , , , , , , , , , , , , , , , , , , , , , , , , , , , 
21.2204423, -0.0149386, , , , , , , 21.2204423, 0.124712, , , , , , , 21.2204423, 0.0209812, , , , , , , 21.2204423, 0.0525368, , , , , , , , , , , , , , , , , , , , , , , , , , , , 
21.2209615, -0.0109102, , , , , , , 21.2209615, 0.0095674, , , , , , , 21.2209615, 0.0407874, , , , , , , 21.2209615, 0.0453193, , , , , , , , , , , , , , , , , , , , , , , , , , , , 
21.2214808, -0.0072175, , , , , , , 21.2214808, -0.1008774, , , , , , , 21.2214808, 0.0626078, , , , , , , 21.2214808, 0.0375982, , , , , , , , , , , , , , , , , , , , , , , , , , , , 
21.222, 0.0005035, , , , , , , 21.222, -0.1552605, , , , , , , 21.222, 0.0861067, , , , , , , 21.222, 0.0283665, , , , , , , , , , , , , , , , , , , , , , , , , , , , 
21.2225192, 0.011078, , , , , , , 21.2225192, -0.1485466, , , , , , , 21.2225192, 0.128069, , , , , , , 21.2225192, 0.0186313, , , , , , , , , , , , , , , , , , , , , , , , , , , , 
21.2230385, 0.0209812, , , , , , , 21.2230385, -0.1473716, , , , , , , 21.2230385, 0.1955444, , , , , , , 21.2230385, 0.0105745, , , , , , , , , , , , , , , , , , , , , , , , , , , , 
21.2235577, 0.026688, , , , , , , 21.2235577, -0.1962158, , , , , , , 21.2235577, 0.2613413, , , , , , , 21.2235577, 0.0052033, , , , , , , , , , , , , , , , , , , , , , , , , , , , 
21.2240769, 0.0280308, , , , , , , 21.2240769, -0.2425422, , , , , , , 21.2240769, 0.3046464, , , , , , , 21.2240769, -0.0011749, , , , , , , , , , , , , , , , , , , , , , , , , , , , 
21.2245962, 0.033402, , , , , , , 21.2245962, -0.230457, , , , , , , 21.2245962, 0.3372091, , , , , , , 21.2245962, -0.005539, , , , , , , , , , , , , , , , , , , , , , , , , , , , 
21.2251154, 0.0414588, , , , , , , 21.2251154, -0.1945373, , , , , , , 21.2251154, 0.3670863, , , , , , , 21.2251154, -0.0109102, , , , , , , , , , , , , , , , , , , , , , , , , , , , 
21.2256346, 0.0431373, , , , , , , 21.2256346, -0.219379, , , , , , , 21.2256346, 0.3848783, , , , , , , 21.2256346, -0.0162814, , , , , , , , , , , , , , , , , , , , , , , , , , , , 
21.2261538, 0.0350805, , , , , , , 21.2261538, -0.3170672, , , , , , , 21.2261538, 0.3758145, , , , , , , 21.2261538, -0.0216526, , , , , , , , , , , , , , , , , , , , , , , , , , , , 
21.2266731, 0.0223239, , , , , , , 21.2266731, -0.4301976, , , , , , , 21.2266731, 0.3368734, , , , , , , 21.2266731, -0.0236667, , , , , , , , , , , , , , , , , , , , , , , , , , , , 
21.2271923, 0.0166171, , , , , , , 21.2271923, -0.4768597, , , , , , , 21.2271923, 0.2804761, , , , , , , 21.2271923, -0.0186313, , , , , , , , , , , , , , , , , , , , , , , , , , , , 
21.2277115, 0.0199741, , , , , , , 21.2277115, -0.4221408, , , , , , , 21.2277115, 0.2227359, , , , , , , 21.2277115, -0.0109102, , , , , , , , , , , , , , , , , , , , , , , , , , , , 
21.2282308, 0.0219883, , , , , , , 21.2282308, -0.3170672, , , , , , , 21.2282308, 0.1576104, , , , , , , 21.2282308, -0.008896, , , , , , , , , , , , , , , , , , , , , , , , , , , , 
21.22875, 0.0221561, , , , , , , 21.22875, -0.2136721, , , , , , , 21.22875, 0.0745251, , , , , , , 21.22875, -0.0115816, , , , , , , , , , , , , , , , , , , , , , , , , , , , 
21.2292692, 0.0307164, , , , , , , 21.2292692, -0.1089342, , , , , , , 21.2292692, -0.0224918, , , , , , , 21.2292692, -0.0152743, , , , , , , , , , , , , , , , , , , , , , , , , , , , 
21.2297885, 0.0454871, , , , , , , 21.2297885, -0.012253, , , , , , , 21.2297885, -0.1201801, , , , , , , 21.2297885, -0.0162814, , , , , , , , , , , , , , , , , , , , , , , , , , , , 
21.2303077, 0.0565652, , , , , , , 21.2303077, 0.0458228, , , , , , , 21.2303077, -0.2143435, , , , , , , 21.2303077, -0.0124208, , , , , , , , , , , , , , , , , , , , , , , , , , , , 
21.2308269, 0.0609293, , , , , , , 21.2308269, 0.0614328, , , , , , , 21.2308269, -0.2957504, , , , , , , 21.2308269, -0.0041962, , , , , , , , , , , , , , , , , , , , , , , , , , , , 
21.2313462, 0.0663005, , , , , , , 21.2313462, 0.0555581, , , , , , , 21.2313462, -0.3553368, , , , , , , 21.2313462, 0.0080568, , , , , , , , , , , , , , , , , , , , , , , , , , , , 
21.2318654, 0.0699931, , , , , , , 21.2318654, 0.054551, , , , , , , 21.2318654, -0.3915923, , , , , , , 21.2318654, 0.0223239, , , , , , , , , , , , , , , , , , , , , , , , , , , , 
21.2323846, 0.0661326, , , , , , , 21.2323846, 0.0663005, , , , , , , 21.2323846, -0.4174411, , , , , , , 21.2323846, 0.0354162, , , , , , , , , , , , , , , , , , , , , , , , , , , , 
21.2329038, 0.0569009, , , , , , , 21.2329038, 0.0773785, , , , , , , 21.2329038, -0.4577249, , , , , , , 21.2329038, 0.0448157, , , , , , , , , , , , , , , , , , , , , , , , , , , , 
21.2334231, 0.0454871, , , , , , , 21.2334231, 0.0757, , , , , , , 21.2334231, -0.4788739, , , , , , , 21.2334231, 0.0585794, , , , , , , , , , , , , , , , , , , , , , , , , , , , 
21.2339423, 0.0357519, , , , , , , 21.2339423, 0.0659648, , , , , , , 21.2339423, -0.44094, , , , , , , 21.2339423, 0.0829175, , , , , , , , , , , , , , , , , , , , , , , , , , , , 
21.2344615, 0.0213169, , , , , , , 21.2344615, 0.0622721, , , , , , , 21.2344615, -0.3724575, , , , , , , 21.2344615, 0.1018845, , , , , , , , , , , , , , , , , , , , , , , , , , , , 
21.2349808, 0.005539, , , , , , , 21.2349808, 0.0599222, , , , , , , 21.2349808, -0.3127031, , , , , , , 21.2349808, 0.1045701, , , , , , , , , , , , , , , , , , , , , , , , , , , , 
21.2355, -0.0102388, , , , , , , 21.2355, 0.0553902, , , , , , , 21.2355, -0.2507668, , , , , , , 21.2355, 0.0995346, , , , , , , , , , , , , , , , , , , , , , , , , , , , 
21.2360192, -0.0246738, , , , , , , 21.2360192, 0.0560616, , , , , , , 21.2360192, -0.1629816, , , , , , , 21.2360192, 0.0903029, , , , , , , , , , , , , , , , , , , , , , , , , , , , 
21.2365385, -0.0417945, , , , , , , 21.2365385, 0.0656291, , , , , , , 21.2365385, -0.0605936, , , , , , , 21.2365385, 0.0763714, , , , , , , , , , , , , , , , , , , , , , , , , , , , 
21.2370577, -0.0558938, , , , , , , 21.2370577, 0.0837568, , , , , , , 21.2370577, 0.054551, , , , , , , 21.2370577, 0.0626078, , , , , , , , , , , , , , , , , , , , , , , , , , , , 
21.2375769, -0.0621042, , , , , , , 21.2375769, 0.0810712, , , , , , , 21.2375769, 0.1549248, , , , , , , 21.2375769, 0.0520333, , , , , , , , , , , , , , , , , , , , , , , , , , , , 
21.2380962, -0.0663005, , , , , , , 21.2380962, 0.0555581, , , , , , , 21.2380962, 0.2104829, , , , , , , 21.2380962, 0.0433051, , , , , , , , , , , , , , , , , , , , , , , , , , , , 
21.2386154, -0.0740215, , , , , , , 21.2386154, 0.0364233, , , , , , , 21.2386154, 0.2239109, , , , , , , 21.2386154, 0.0354162, , , , , , , , , , , , , , , , , , , , , , , , , , , , 
21.2391346, -0.0746929, , , , , , , 21.2391346, 0.0414588, , , , , , , 21.2391346, 0.2200504, , , , , , , 21.2391346, 0.0273594, , , , , , , , , , , , , , , , , , , , , , , , , , , , 
21.2396538, -0.0676432, , , , , , , 21.2396538, 0.0589151, , , , , , , 21.2396538, 0.2213931, , , , , , , 21.2396538, 0.0176242, , , , , , , , , , , , , , , , , , , , , , , , , , , , 
21.2401731, -0.0565652, , , , , , , 21.2401731, 0.064622, , , , , , , 21.2401731, 0.2264286, , , , , , , 21.2401731, 0.0025177, , , , , , , , , , , , , , , , , , , , , , , , , , , , 
21.2406923, -0.0417945, , , , , , , 21.2406923, 0.0555581, , , , , , , 21.2406923, 0.2180362, , , , , , , 21.2406923, -0.0125887, , , , , , , , , , , , , , , , , , , , , , , , , , , , 
21.2412115, -0.0251774, , , , , , , 21.2412115, 0.0488441, , , , , , , 21.2412115, 0.191516, , , , , , , 21.2412115, -0.018967, , , , , , , , , , , , , , , , , , , , , , , , , , , , 
21.2417308, -0.0105745, , , , , , , 21.2417308, 0.0532082, , , , , , , 21.2417308, 0.1596246, , , , , , , 21.2417308, -0.0216526, , , , , , , , , , , , , , , , , , , , , , , , , , , , 
21.24225, 0.002182, , , , , , , 21.24225, 0.0575723, , , , , , , 21.24225, 0.128069, , , , , , , 21.24225, -0.0258488, , , , , , , , , , , , , , , , , , , , , , , , , , , , 
21.2427692, 0.0166171, , , , , , , 21.2427692, 0.0562295, , , , , , , 21.2427692, 0.0971847, , , , , , , 21.2427692, -0.0297093, , , , , , , , , , , , , , , , , , , , , , , , , , , , 
21.2432885, 0.0347448, , , , , , , 21.2432885, 0.056733, , , , , , , 21.2432885, 0.0595865, , , , , , , 21.2432885, -0.033402, , , , , , , , , , , , , , , , , , , , , , , , , , , , 
21.2438077, 0.0439765, , , , , , , 21.2438077, 0.0624399, , , , , , , 21.2438077, 0.0151064, , , , , , , 21.2438077, -0.0374304, , , , , , , , , , , , , , , , , , , , , , , , , , , , 
21.2443269, 0.0464942, , , , , , , 21.2443269, 0.068986, , , , , , , 21.2443269, -0.0270237, , , , , , , 21.2443269, -0.0414588, , , , , , , , , , , , , , , , , , , , , , , , , , , , 
21.2448462, 0.0508583, , , , , , , 21.2448462, 0.072343, , , , , , , 21.2448462, -0.0589151, , , , , , , 21.2448462, -0.04448, , , , , , , , , , , , , , , , , , , , , , , , , , , , 
21.2453654, 0.0589151, , , , , , , 21.2453654, 0.068986, , , , , , , 21.2453654, -0.0882887, , , , , , , 21.2453654, -0.04448, , , , , , , , , , , , , , , , , , , , , , , , , , , , 
21.2458846, 0.0647898, , , , , , , 21.2458846, 0.0622721, , , , , , , 21.2458846, -0.1190051, , , , , , , 21.2458846, -0.0412909, , , , , , , , , , , , , , , , , , , , , , , , , , , , 
21.2464038, 0.0669718, , , , , , , 21.2464038, 0.0569009, , , , , , , 21.2464038, -0.1431754, , , , , , , 21.2464038, -0.0340734, , , , , , , , , , , , , , , , , , , , , , , , , , , , 
21.2469231, 0.0736858, , , , , , , 21.2469231, 0.0522011, , , , , , , 21.2469231, -0.1438468, , , , , , , 21.2469231, -0.0240024, , , , , , , , , , , , , , , , , , , , , , , , , , , , 
21.2474423, 0.0797284, , , , , , , 21.2474423, 0.0495155, , , , , , , 21.2474423, -0.1164874, , , , , , , 21.2474423, -0.01561, , , , , , , , , , , , , , , , , , , , , , , , , , , , 
21.2479615, 0.0803998, , , , , , , 21.2479615, 0.0448157, , , , , , , 21.2479615, -0.0820783, , , , , , , 21.2479615, -0.0068818, , , , , , , , , , , , , , , , , , , , , , , , , , , , 
21.2484808, 0.0763714, , , , , , , 21.2484808, 0.0374304, , , , , , , 21.2484808, -0.0639506, , , , , , , 21.2484808, 0.0045319, , , , , , , , , , , , , , , , , , , , , , , , , , , , 
21.249, 0.068986, , , , , , , 21.249, 0.0318914, , , , , , , 21.249, -0.0716716, , , , , , , 21.249, 0.0146029, , , , , , , , , , , , , , , , , , , , , , , , , , , , 
21.2495192, 0.0666361, , , , , , , 21.2495192, 0.026688, , , , , , , 21.2495192, -0.0861067, , , , , , , 21.2495192, 0.0186313, , , , , , , , , , , , , , , , , , , , , , , , , , , , 
21.2500385, 0.0713359, , , , , , , 21.2500385, 0.0199741, , , , , , , 21.2500385, -0.0891279, , , , , , , 21.2500385, 0.0172885, , , , , , , , , , , , , , , , , , , , , , , , , , , , 
21.2505577, 0.0787213, , , , , , , 21.2505577, 0.0151064, , , , , , , 21.2505577, -0.0867781, , , , , , , 21.2505577, 0.0119173, , , , , , , , , , , , , , , , , , , , , , , , , , , , 
21.2510769, 0.0847639, , , , , , , 21.2510769, 0.0119173, , , , , , , 21.2510769, -0.0837568, , , , , , , 21.2510769, 0.0052033, , , , , , , , , , , , , , , , , , , , , , , , , , , , 
21.2515962, 0.0884565, , , , , , , 21.2515962, 0.0095674, , , , , , , 21.2515962, -0.0699931, , , , , , , 21.2515962, 0.0010071, , , , , , , , , , , , , , , , , , , , , , , , , , , , 
21.2521154, 0.0867781, , , , , , , 21.2521154, 0.0072175, , , , , , , 21.2521154, -0.023331, , , , , , , 21.2521154, -0.0025177, , , , , , , , , , , , , , , , , , , , , , , , , , , , 
21.2526346, 0.0743572, , , , , , , 21.2526346, 0.0038605, , , , , , , 21.2526346, 0.04448, , , , , , , 21.2526346, -0.0038605, , , , , , , , , , , , , , , , , , , , , , , , , , , , 
21.2531538, 0.0555581, , , , , , , 21.2531538, 0.0011749, , , , , , , 21.2531538, 0.0911421, , , , , , , 21.2531538, 0.0001678, , , , , , , , , , , , , , , , , , , , , , , , , , , , 
21.2536731, 0.0325628, , , , , , , 21.2536731, -0.0018463, , , , , , , 21.2536731, 0.1149767, , , , , , , 21.2536731, 0.0070497, , , , , , , , , , , , , , , , , , , , , , , , , , , , 
21.2541923, 0.0119173, , , , , , , 21.2541923, -0.0052033, , , , , , , 21.2541923, 0.1327687, , , , , , , 21.2541923, 0.0132601, , , , , , , , , , , , , , , , , , , , , , , , , , , , 
21.2547115, -0.0048676, , , , , , , 21.2547115, -0.0102388, , , , , , , 21.2547115, 0.1488823, , , , , , , 21.2547115, 0.0182956, , , , , , , , , , , , , , , , , , , , , , , , , , , , 
21.2552308, -0.0203098, , , , , , , 21.2552308, -0.0129244, , , , , , , 21.2552308, 0.1592889, , , , , , , 21.2552308, 0.0226596, , , , , , , , , , , , , , , , , , , , , , , , , , , , 
21.25575, -0.0364233, , , , , , , 21.25575, -0.0159457, , , , , , , 21.25575, 0.1623102, , , , , , , 21.25575, 0.0250095, , , , , , , , , , , , , , , , , , , , , , , , , , , , 
21.2562692, -0.0481727, , , , , , , 21.2562692, -0.018967, , , , , , , 21.2562692, 0.1616388, , , , , , , 21.2562692, 0.0270237, , , , , , , , , , , , , , , , , , , , , , , , , , , , 
21.2567885, -0.0538796, , , , , , , 21.2567885, -0.0226596, , , , , , , 21.2567885, 0.1656672, , , , , , , 21.2567885, 0.0283665, , , , , , , , , , , , , , , , , , , , , , , , , , , , 
21.2573077, -0.0622721, , , , , , , 21.2573077, -0.0270237, , , , , , , 21.2573077, 0.1656672, , , , , , , 21.2573077, 0.0303807, , , , , , , , , , , , , , , , , , , , , , , , , , , , 
21.2578269, -0.0693217, , , , , , , 21.2578269, -0.0323949, , , , , , , 21.2578269, 0.1552605, , , , , , , 21.2578269, 0.036759, , , , , , , , , , , , , , , , , , , , , , , , , , , , 
21.2583462, -0.0740215, , , , , , , 21.2583462, -0.0384375, , , , , , , 21.2583462, 0.1367971, , , , , , , 21.2583462, 0.051194, , , , , , , , , , , , , , , , , , , , , , , , , , , , 
21.2588654, -0.0770428, , , , , , , 21.2588654, -0.0421302, , , , , , , 21.2588654, 0.1144732, , , , , , , 21.2588654, 0.0699931, , , , , , , , , , , , , , , , , , , , , , , , , , , , 
21.2593846, -0.0807355, , , , , , , 21.2593846, -0.0417945, , , , , , , 21.2593846, 0.0956741, , , , , , , 21.2593846, 0.0847639, , , , , , , , , , , , , , , , , , , , , , , , , , , , 
21.2599038, -0.0743572, , , , , , , 21.2599038, -0.0404517, , , , , , , 21.2599038, 0.0803998, , , , , , , 21.2599038, 0.0921492, , , , , , , , , , , , , , , , , , , , , , , , , , , , 
21.2604231, -0.057908, , , , , , , 21.2604231, -0.0399481, , , , , , , 21.2604231, 0.0589151, , , , , , , 21.2604231, 0.0924849, , , , , , , , , , , , , , , , , , , , , , , , , , , , 
21.2609423, -0.0424659, , , , , , , 21.2609423, -0.0431373, , , , , , , 21.2609423, 0.0186313, , , , , , , 21.2609423, 0.0844282, , , , , , , , , , , , , , , , , , , , , , , , , , , , 
21.2614615, -0.033402, , , , , , , 21.2614615, -0.0481727, , , , , , , 21.2614615, -0.026688, , , , , , , 21.2614615, 0.0736858, , , , , , , , , , , , , , , , , , , , , , , , , , , , 
21.2619808, -0.0253452, , , , , , , 21.2619808, -0.0399481, , , , , , , 21.2619808, -0.0505226, , , , , , , 21.2619808, 0.0678111, , , , , , , , , , , , , , , , , , , , , , , , , , , , 
21.2625, -0.0149386, , , , , , , 21.2625, -0.0031891, , , , , , , 21.2625, -0.0558938, , , , , , , 21.2625, 0.061265, , , , , , , , , , , , , , , , , , , , , , , , , , , , 
21.2630192, -0.0020142, , , , , , , 21.2630192, 0.026688, , , , , , , 21.2630192, -0.0629435, , , , , , , 21.2630192, 0.0475013, , , , , , , , , , , , , , , , , , , , , , , , , , , , 
21.2635385, 0.0109102, , , , , , , 21.2635385, 0.0270237, , , , , , , 21.2635385, -0.0693217, , , , , , , 21.2635385, 0.0307164, , , , , , , , , , , , , , , , , , , , , , , , , , , , 
21.2640577, 0.018967, , , , , , , 21.2640577, 0.0236667, , , , , , , 21.2640577, -0.0683146, , , , , , , 21.2640577, 0.0132601, , , , , , , , , , , , , , , , , , , , , , , , , , , , 
21.2645769, 0.023331, , , , , , , 21.2645769, 0.0327306, , , , , , , 21.2645769, -0.066804, , , , , , , 21.2645769, -0.0041962, , , , , , , , , , , , , , , , , , , , , , , , , , , , 
21.2650962, 0.0256809, , , , , , , 21.2650962, 0.0290379, , , , , , , 21.2650962, -0.0688182, , , , , , , 21.2650962, -0.012253, , , , , , , , , , , , , , , , , , , , , , , , , , , , 
21.2656154, 0.0280308, , , , , , , 21.2656154, -0.0115816, , , , , , , 21.2656154, -0.0736858, , , , , , , 21.2656154, -0.0149386, , , , , , , , , , , , , , , , , , , , , , , , , , , , 
21.2661346, 0.0313878, , , , , , , 21.2661346, -0.0424659, , , , , , , 21.2661346, -0.0834211, , , , , , , 21.2661346, -0.0193027, , , , , , , , , , , , , , , , , , , , , , , , , , , , 
21.2666538, 0.0392767, , , , , , , 21.2666538, -0.0303807, , , , , , , 21.2666538, -0.1049058, , , , , , , 21.2666538, -0.0216526, , , , , , , , , , , , , , , , , , , , , , , , , , , , 
21.2671731, 0.0454871, , , , , , , 21.2671731, -0.0224918, , , , , , , 21.2671731, -0.1263905, , , , , , , 21.2671731, -0.0216526, , , , , , , , , , , , , , , , , , , , , , , , , , , , 
21.2676923, 0.0448157, , , , , , , 21.2676923, -0.0515297, , , , , , , 21.2676923, -0.1277333, , , , , , , 21.2676923, -0.0206455, , , , , , , , , , , , , , , , , , , , , , , , , , , , 
21.2682115, 0.0412909, , , , , , , 21.2682115, -0.0877852, , , , , , , 21.2682115, -0.111284, , , , , , , 21.2682115, -0.0199741, , , , , , , , , , , , , , , , , , , , , , , , , , , , 
21.2687308, 0.0417945, , , , , , , 21.2687308, -0.096849, , , , , , , 21.2687308, -0.0944991, , , , , , , 21.2687308, -0.0193027, , , , , , , , , , , , , , , , , , , , , , , , , , , , 
21.26925, 0.0446479, , , , , , , 21.26925, -0.0847639, , , , , , , 21.26925, -0.082414, , , , , , , 21.26925, -0.01561, , , , , , , , , , , , , , , , , , , , , , , , , , , , 
21.2697692, 0.054551, , , , , , , 21.2697692, -0.0703288, , , , , , , 21.2697692, -0.068986, , , , , , , 21.2697692, -0.0129244, , , , , , , , , , , , , , , , , , , , , , , , , , , , 
21.2702885, 0.0716716, , , , , , , 21.2702885, -0.0589151, , , , , , , 21.2702885, -0.0501869, , , , , , , 21.2702885, -0.0182956, , , , , , , , , , , , , , , , , , , , , , , , , , , , 
21.2708077, 0.0830854, , , , , , , 21.2708077, -0.0454871, , , , , , , 21.2708077, -0.0297093, , , , , , , 21.2708077, -0.0270237, , , , , , , , , , , , , , , , , , , , , , , , , , , , 
21.2713269, 0.0864424, , , , , , , 21.2713269, -0.0253452, , , , , , , 21.2713269, -0.0162814, , , , , , , 21.2713269, -0.0303807, , , , , , , , , , , , , , , , , , , , , , , , , , , , 
21.2718462, 0.0891279, , , , , , , 21.2718462, -0.0041962, , , , , , , 21.2718462, -0.0102388, , , , , , , 21.2718462, -0.0317235, , , , , , , , , , , , , , , , , , , , , , , , , , , , 
21.2723654, 0.0924849, , , , , , , 21.2723654, 0.0028534, , , , , , , 21.2723654, -0.0068818, , , , , , , 21.2723654, -0.0352483, , , , , , , , , , , , , , , , , , , , , , , , , , , , 
21.2728846, 0.0891279, , , , , , , 21.2728846, -0.005539, , , , , , , 21.2728846, -0.0062104, , , , , , , 21.2728846, -0.033402, , , , , , , , , , , , , , , , , , , , , , , , , , , , 
21.2734038, 0.0854353, , , , , , , 21.2734038, -0.0149386, , , , , , , 21.2734038, 0.0043641, , , , , , , 21.2734038, -0.0263523, , , , , , , , , , , , , , , , , , , , , , , , , , , , 
21.2739231, 0.0777142, , , , , , , 21.2739231, -0.0135958, , , , , , , 21.2739231, 0.0426337, , , , , , , 21.2739231, -0.0208133, , , , , , , , , , , , , , , , , , , , , , , , , , , , 
21.2744423, 0.061265, , , , , , , 21.2744423, -0.0142672, , , , , , , 21.2744423, 0.0876173, , , , , , , 21.2744423, -0.0193027, , , , , , , , , , , , , , , , , , , , , , , , , , , , 
21.2749615, 0.042298, , , , , , , 21.2749615, -0.030045, , , , , , , 21.2749615, 0.1166552, , , , , , , 21.2749615, -0.021149, , , , , , , , , , , , , , , , , , , , , , , , , , , , 
21.2754808, 0.023331, , , , , , , 21.2754808, -0.0475013, , , , , , , 21.2754808, 0.1230335, , , , , , , 21.2754808, -0.0193027, , , , , , , , , , , , , , , , , , , , , , , , , , , , 
21.276, 0.0035248, , , , , , , 21.276, -0.0495155, , , , , , , 21.276, 0.1226978, , , , , , , 21.276, -0.0135958, , , , , , , , , , , , , , , , , , , , , , , , , , , , 
21.2765192, -0.0176242, , , , , , , 21.2765192, -0.0391089, , , , , , , 21.2765192, 0.1435111, , , , , , , 21.2765192, -0.0099031, , , , , , , , , , , , , , , , , , , , , , , , , , , , 
21.2770385, -0.0345769, , , , , , , 21.2770385, -0.0310521, , , , , , , 21.2770385, 0.170367, , , , , , , 21.2770385, -0.0068818, , , , , , , , , , , , , , , , , , , , , , , , , , , , 
21.2775577, -0.0483406, , , , , , , 21.2775577, -0.0258488, , , , , , , 21.2775577, 0.1740597, , , , , , , 21.2775577, 0.0011749, , , , , , , , , , , , , , , , , , , , , , , , , , , , 
21.2780769, -0.0636149, , , , , , , 21.2780769, -0.0169528, , , , , , , 21.2780769, 0.1421683, , , , , , , 21.2780769, 0.0119173, , , , , , , , , , , , , , , , , , , , , , , , , , , , 
21.2785962, -0.0767071, , , , , , , 21.2785962, -0.0062104, , , , , , , 21.2785962, 0.0743572, , , , , , , 21.2785962, 0.0229953, , , , , , , , , , , , , , , , , , , , , , , , , , , , 
21.2791154, -0.0807355, , , , , , , 21.2791154, 0.0025177, , , , , , , 21.2791154, -0.0149386, , , , , , , 21.2791154, 0.0330663, , , , , , , , , , , , , , , , , , , , , , , , , , , , 
21.2796346, -0.079057, , , , , , , 21.2796346, 0.0112459, , , , , , , 21.2796346, -0.1022202, , , , , , , 21.2796346, 0.043473, , , , , , , , , , , , , , , , , , , , , , , , , , , , 
21.2801538, -0.0720073, , , , , , , 21.2801538, 0.0236667, , , , , , , 21.2801538, -0.1740597, , , , , , , 21.2801538, 0.0503548, , , , , , , , , , , , , , , , , , , , , , , , , , , , 
21.2806731, -0.0609293, , , , , , , 21.2806731, 0.0330663, , , , , , , 21.2806731, -0.2358282, , , , , , , 21.2806731, 0.0522011, , , , , , , , , , , , , , , , , , , , , , , , , , , , 
21.2811923, -0.047837, , , , , , , 21.2811923, 0.0421302, , , , , , , 21.2811923, -0.2687266, , , , , , , 21.2811923, 0.0543832, , , , , , , , , , , , , , , , , , , , , , , , , , , , 
21.2817115, -0.0325628, , , , , , , 21.2817115, 0.0602579, , , , , , , 21.2817115, -0.2615091, , , , , , , 21.2817115, 0.0562295, , , , , , , , , , , , , , , , , , , , , , , , , , , , 
21.2822308, -0.0176242, , , , , , , 21.2822308, 0.0961776, , , , , , , 21.2822308, -0.2299535, , , , , , , 21.2822308, 0.0495155, , , , , , , , , , , , , , , , , , , , , , , , , , , , 
21.28275, -0.0078889, , , , , , , 21.28275, 0.1388113, , , , , , , 21.28275, -0.1854734, , , , , , , 21.28275, 0.0360876, , , , , , , , , , , , , , , , , , , , , , , , , , , , 
21.2832692, -0.002182, , , , , , , 21.2832692, 0.1579461, , , , , , , 21.2832692, -0.1371328, , , , , , , 21.2832692, 0.0216526, , , , , , , , , , , , , , , , , , , , , , , , , , , , 
21.2837885, 0.0028534, , , , , , , 21.2837885, 0.1507286, , , , , , , 21.2837885, -0.1037308, , , , , , , 21.2837885, 0.0105745, , , , , , , , , , , , , , , , , , , , , , , , , , , , 
21.2843077, 0.0092317, , , , , , , 21.2843077, 0.1367971, , , , , , , 21.2843077, -0.0877852, , , , , , , 21.2843077, 0.0016785, , , , , , , , , , , , , , , , , , , , , , , , , , , , 
21.2848269, 0.0142672, , , , , , , 21.2848269, 0.1243763, , , , , , , 21.2848269, -0.0746929, , , , , , , 21.2848269, 0.0008392, , , , , , , , , , , , , , , , , , , , , , , , , , , , 
21.2853462, 0.0159457, , , , , , , 21.2853462, 0.0894636, , , , , , , 21.2853462, -0.0609293, , , , , , , 21.2853462, 0.0065461, , , , , , , , , , , , , , , , , , , , , , , , , , , , 
21.2858654, 0.0193027, , , , , , , 21.2858654, 0.0050355, , , , , , , 21.2858654, -0.0488441, , , , , , , 21.2858654, 0.0149386, , , , , , , , , , , , , , , , , , , , , , , , , , , , 
21.2863846, 0.0226596, , , , , , , 21.2863846, -0.1176623, , , , , , , 21.2863846, -0.0243381, , , , , , , 21.2863846, 0.0224918, , , , , , , , , , , , , , , , , , , , , , , , , , , , 
21.2869038, 0.0213169, , , , , , , 21.2869038, -0.219379, , , , , , , 21.2869038, 0.0258488, , , , , , , 21.2869038, 0.0260166, , , , , , , , , , , , , , , , , , , , , , , , , , , , 
21.2874231, 0.0216526, , , , , , , 21.2874231, -0.2485847, , , , , , , 21.2874231, 0.0797284, , , , , , , 21.2874231, 0.0248417, , , , , , , , , , , , , , , , , , , , , , , , , , , , 
21.2879423, 0.026688, , , , , , , 21.2879423, -0.209308, , , , , , , 21.2879423, 0.1032273, , , , , , , 21.2879423, 0.0209812, , , , , , , , , , , , , , , , , , , , , , , , , , , , 
21.2884615, 0.0337377, , , , , , , 21.2884615, -0.139147, , , , , , , 21.2884615, 0.0943313, , , , , , , 21.2884615, 0.0125887, , , , , , , , , , , , , , , , , , , , , , , , , , , , 
21.2889808, 0.0354162, , , , , , , 21.2889808, -0.0909743, , , , , , , 21.2889808, 0.0703288, , , , , , , 21.2889808, 0.0041962, , , , , , , , , , , , , , , , , , , , , , , , , , , , 
21.2895, 0.0344091, , , , , , , 21.2895, -0.1012131, , , , , , , 21.2895, 0.0426337, , , , , , , 21.2895, -0.002182, , , , , , , , , , , , , , , , , , , , , , , , , , , , 
21.2900192, 0.0411231, , , , , , , 21.2900192, -0.1411612, , , , , , , 21.2900192, 0.0119173, , , , , , , 21.2900192, -0.0085603, , , , , , , , , , , , , , , , , , , , , , , , , , , , 
21.2905385, 0.0518654, , , , , , , 21.2905385, -0.1673457, , , , , , , 21.2905385, -0.0203098, , , , , , , 21.2905385, -0.0162814, , , , , , , , , , , , , , , , , , , , , , , , , , , , 
21.2910577, 0.057908, , , , , , , 21.2910577, -0.1681849, , , , , , , 21.2910577, -0.0461585, , , , , , , 21.2910577, -0.0209812, , , , , , , , , , , , , , , , , , , , , , , , , , , , 
21.2915769, 0.0656291, , , , , , , 21.2915769, -0.1374685, , , , , , , 21.2915769, -0.0654612, , , , , , , 21.2915769, -0.018967, , , , , , , , , , , , , , , , , , , , , , , , , , , , 
21.2920962, 0.0710002, , , , , , , 21.2920962, -0.0861067, , , , , , , 21.2920962, -0.0887922, , , , , , , 21.2920962, -0.0062104, , , , , , , , , , , , , , , , , , , , , , , , , , , , 
21.2926154, 0.0696574, , , , , , , 21.2926154, -0.0394446, , , , , , , 21.2926154, -0.111284, , , , , , , 21.2926154, 0.0137636, , , , , , , , , , , , , , , , , , , , , , , , , , , , 
21.2931346, 0.0616007, , , , , , , 21.2931346, -0.012253, , , , , , , 21.2931346, -0.1196765, , , , , , , 21.2931346, 0.0313878, , , , , , , , , , , , , , , , , , , , , , , , , , , , 
21.2936538, 0.0485084, , , , , , , 21.2936538, -0.0023499, , , , , , , 21.2936538, -0.1055772, , , , , , , 21.2936538, 0.0392767, , , , , , , , , , , , , , , , , , , , , , , , , , , , 
21.2941731, 0.0350805, , , , , , , 21.2941731, -0.0041962, , , , , , , 21.2941731, -0.0713359, , , , , , , 21.2941731, 0.0421302, , , , , , , , , , , , , , , , , , , , , , , , , , , , 
21.2946923, 0.0248417, , , , , , , 21.2946923, -0.0062104, , , , , , , 21.2946923, -0.0297093, , , , , , , 21.2946923, 0.0417945, , , , , , , , , , , , , , , , , , , , , , , , , , , , 
21.2952115, 0.017792, , , , , , , 21.2952115, -0.0011749, , , , , , , 21.2952115, 0.0085603, , , , , , , 21.2952115, 0.043473, , , , , , , , , , , , , , , , , , , , , , , , , , , , 
21.2957308, 0.0065461, , , , , , , 21.2957308, 0.0119173, , , , , , , 21.2957308, 0.0327306, , , , , , , 21.2957308, 0.0441444, , , , , , , , , , , , , , , , , , , , , , , , , , , , 
21.29625, -0.0082246, , , , , , , 21.29625, 0.0253452, , , , , , , 21.29625, 0.0354162, , , , , , , 21.29625, 0.0379339, , , , , , , , , , , , , , , , , , , , , , , , , , , , 
21.2967692, -0.0199741, , , , , , , 21.2967692, 0.0381018, , , , , , , 21.2967692, 0.0162814, , , , , , , 21.2967692, 0.0253452, , , , , , , , , , , , , , , , , , , , , , , , , , , , 
21.2972885, -0.0256809, , , , , , , 21.2972885, 0.0493477, , , , , , , 21.2972885, -0.0149386, , , , , , , 21.2972885, 0.0102388, , , , , , , , , , , , , , , , , , , , , , , , , , , , 
21.2978077, -0.0364233, , , , , , , 21.2978077, 0.0575723, , , , , , , 21.2978077, -0.0404517, , , , , , , 21.2978077, -0.0015106, , , , , , , , , , , , , , , , , , , , , , , , , , , , 
21.2983269, -0.0491798, , , , , , , 21.2983269, 0.0592508, , , , , , , 21.2983269, -0.0374304, , , , , , , 21.2983269, -0.0057069, , , , , , , , , , , , , , , , , , , , , , , , , , , , 
21.2988462, -0.0569009, , , , , , , 21.2988462, 0.0599222, , , , , , , 21.2988462, 0.0038605, , , , , , , 21.2988462, -0.0015106, , , , , , , , , , , , , , , , , , , , , , , , , , , , 
21.2993654, -0.0555581, , , , , , , 21.2993654, 0.0592508, , , , , , , 21.2993654, 0.0676432, , , , , , , 21.2993654, 0.0048676, , , , , , , , , , , , , , , , , , , , , , , , , , , , 
21.2998846, -0.04448, , , , , , , 21.2998846, 0.0580758, , , , , , , 21.2998846, 0.1190051, , , , , , , 21.2998846, 0.0062104, , , , , , , , , , , , , , , , , , , , , , , , , , , , 
21.3004038, -0.0310521, , , , , , , 21.3004038, 0.0580758, , , , , , , 21.3004038, 0.1532464, , , , , , , 21.3004038, 0.0025177, , , , , , , , , , , , , , , , , , , , , , , , , , , , 
21.3009231, -0.0171206, , , , , , , 21.3009231, 0.0589151, , , , , , , 21.3009231, 0.1750668, , , , , , , 21.3009231, -0.002182, , , , , , , , , , , , , , , , , , , , , , , , , , , , 
21.3014423, -0.0031891, , , , , , , 21.3014423, 0.0575723, , , , , , , 21.3014423, 0.1878233, , , , , , , 21.3014423, -0.003357, , , , , , , , , , , , , , , , , , , , , , , , , , , , 
21.3019615, 0.008896, , , , , , , 21.3019615, 0.0485084, , , , , , , 21.3019615, 0.1911803, , , , , , , 21.3019615, -0.0015106, , , , , , , , , , , , , , , , , , , , , , , , , , , , 
21.3024808, 0.0169528, , , , , , , 21.3024808, 0.03122, , , , , , , 21.3024808, 0.1789273, , , , , , , 21.3024808, 0.0031891, , , , , , , , , , , , , , , , , , , , , , , , , , , , 
21.303, 0.0236667, , , , , , , 21.303, 0.0154421, , , , , , , 21.303, 0.1515679, , , , , , , 21.303, 0.0095674, , , , , , , , , , , , , , , , , , , , , , , , , , , , 
21.3035192, 0.0287022, , , , , , , 21.3035192, 0.0085603, , , , , , , 21.3035192, 0.1143053, , , , , , , 21.3035192, 0.0146029, , , , , , , , , , , , , , , , , , , , , , , , , , , , 
21.3040385, 0.0297093, , , , , , , 21.3040385, 0.0025177, , , , , , , 21.3040385, 0.064622, , , , , , , 21.3040385, 0.017792, , , , , , , , , , , , , , , , , , , , , , , , , , , , 
21.3045577, 0.0246738, , , , , , , 21.3045577, -0.0045319, , , , , , , 21.3045577, 0.0001678, , , , , , , 21.3045577, 0.0219883, , , , , , , , , , , , , , , , , , , , , , , , , , , , 
21.3050769, 0.0186313, , , , , , , 21.3050769, 0.0038605, , , , , , , 21.3050769, -0.068986, , , , , , , 21.3050769, 0.0273594, , , , , , , , , , , , , , , , , , , , , , , , , , , , 
21.3055962, 0.0124208, , , , , , , 21.3055962, 0.0246738, , , , , , , 21.3055962, -0.124712, , , , , , , 21.3055962, 0.0340734, , , , , , , , , , , , , , , , , , , , , , , , , , , , 
21.3061154, 0.0092317, , , , , , , 21.3061154, 0.0365911, , , , , , , 21.3061154, -0.1507286, , , , , , , 21.3061154, 0.0431373, , , , , , , , , , , , , , , , , , , , , , , , , , , , 
21.3066346, 0.0065461, , , , , , , 21.3066346, 0.0260166, , , , , , , 21.3066346, -0.1507286, , , , , , , 21.3066346, 0.0501869, , , , , , , , , , , , , , , , , , , , , , , , , , , , 
21.3071538, 0.0058747, , , , , , , 21.3071538, -0.0005035, , , , , , , 21.3071538, -0.1373007, , , , , , , 21.3071538, 0.0535439, , , , , , , , , , , , , , , , , , , , , , , , , , , , 
21.3076731, 0.0115816, , , , , , , 21.3076731, -0.018967, , , , , , , 21.3076731, -0.1075914, , , , , , , 21.3076731, 0.0527047, , , , , , , , , , , , , , , , , , , , , , , , , , , , 
21.3081923, 0.0213169, , , , , , , 21.3081923, -0.0270237, , , , , , , 21.3081923, -0.0699931, , , , , , , 21.3081923, 0.0481727, , , , , , , , , , , , , , , , , , , , , , , , , , , , 
21.3087115, 0.0276951, , , , , , , 21.3087115, -0.0391089, , , , , , , 21.3087115, -0.0169528, , , , , , , 21.3087115, 0.040116, , , , , , , , , , , , , , , , , , , , , , , , , , , , 
21.3092308, 0.0345769, , , , , , , 21.3092308, -0.0538796, , , , , , , 21.3092308, 0.0468299, , , , , , , 21.3092308, 0.0352483, , , , , , , , , , , , , , , , , , , , , , , , , , , , 
21.30975, 0.042298, , , , , , , 21.30975, -0.0424659, , , , , , , 21.30975, 0.1080949, , , , , , , 21.30975, 0.0293736, , , , , , , , , , , , , , , , , , , , , , , , , , , , 
21.3102692, 0.0522011, , , , , , , 21.3102692, 0.0025177, , , , , , , 21.3102692, 0.1599603, , , , , , , 21.3102692, 0.0199741, , , , , , , , , , , , , , , , , , , , , , , , , , , , 
21.3107885, 0.0649577, , , , , , , 21.3107885, 0.0411231, , , , , , , 21.3107885, 0.18262, , , , , , , 21.3107885, 0.0092317, , , , , , , , , , , , , , , , , , , , , , , , , , , , 
21.3113077, 0.0720073, , , , , , , 21.3113077, 0.0491798, , , , , , , 21.3113077, 0.1653315, , , , , , , 21.3113077, 0.0031891, , , , , , , , , , , , , , , , , , , , , , , , , , , , 
21.3118269, 0.0767071, , , , , , , 21.3118269, 0.0411231, , , , , , , 21.3118269, 0.1253834, , , , , , , 21.3118269, -0.0010071, , , , , , , , , , , , , , , , , , , , , , , , , , , , 
21.3123462, 0.082414, , , , , , , 21.3123462, 0.0330663, , , , , , , 21.3123462, 0.085771, , , , , , , 21.3123462, -0.0057069, , , , , , , , , , , , , , , , , , , , , , , , , , , , 
21.3128654, 0.0829175, , , , , , , 21.3128654, 0.0219883, , , , , , , 21.3128654, 0.0710002, , , , , , , 21.3128654, -0.0109102, , , , , , , , , , , , , , , , , , , , , , , , , , , , 
21.3133846, 0.0748608, , , , , , , 21.3133846, 0.0028534, , , , , , , 21.3133846, 0.0696574, , , , , , , 21.3133846, -0.01561, , , , , , , , , , , , , , , , , , , , , , , , , , , , 
21.3139038, 0.061265, , , , , , , 21.3139038, -0.0223239, , , , , , , 21.3139038, 0.0488441, , , , , , , 21.3139038, -0.021149, , , , , , , , , , , , , , , , , , , , , , , , , , , , 
21.3144231, 0.0485084, , , , , , , 21.3144231, -0.0226596, , , , , , , 21.3144231, 0.0016785, , , , , , , 21.3144231, -0.0270237, , , , , , , , , , , , , , , , , , , , , , , , , , , , 
21.3149423, 0.0399481, , , , , , , 21.3149423, 0.0142672, , , , , , , 21.3149423, -0.0491798, , , , , , , 21.3149423, -0.0320592, , , , , , , , , , , , , , , , , , , , , , , , , , , , 
21.3154615, 0.0327306, , , , , , , 21.3154615, 0.0480049, , , , , , , 21.3154615, -0.0908064, , , , , , , 21.3154615, -0.0340734, , , , , , , , , , , , , , , , , , , , , , , , , , , , 
21.3159808, 0.0199741, , , , , , , 21.3159808, 0.0525368, , , , , , , 21.3159808, -0.128069, , , , , , , 21.3159808, -0.0323949, , , , , , , , , , , , , , , , , , , , , , , , , , , , 
21.3165, 0.0068818, , , , , , , 21.3165, 0.0325628, , , , , , , 21.3165, -0.1649958, , , , , , , 21.3165, -0.0243381, , , , , , , , , , , , , , , , , , , , , , , , , , , , 
21.3170192, 0.0001678, , , , , , , 21.3170192, 0.010071, , , , , , , 21.3170192, -0.2042725, , , , , , , 21.3170192, -0.012253, , , , , , , , , , , , , , , , , , , , , , , , , , , , 
21.3175385, -0.0065461, , , , , , , 21.3175385, 0.0052033, , , , , , , 21.3175385, -0.2479133, , , , , , , 21.3175385, -0.0016785, , , , , , , , , , , , , , , , , , , , , , , , , , , , 
21.3180577, -0.0149386, , , , , , , 21.3180577, 0.0109102, , , , , , , 21.3180577, -0.2784619, , , , , , , 21.3180577, 0.0077211, , , , , , , , , , , , , , , , , , , , , , , , , , , , 
21.3185769, -0.0236667, , , , , , , 21.3185769, 0.0085603, , , , , , , 21.3185769, -0.2818189, , , , , , , 21.3185769, 0.0164492, , , , , , , , , , , , , , , , , , , , , , , , , , , , 
21.3190962, -0.0317235, , , , , , , 21.3190962, 0.0011749, , , , , , , 21.3190962, -0.2734264, , , , , , , 21.3190962, 0.026688, , , , , , , , , , , , , , , , , , , , , , , , , , , , 
21.3196154, -0.0303807, , , , , , , 21.3196154, 0.0124208, , , , , , , 21.3196154, -0.2626841, , , , , , , 21.3196154, 0.0323949, , , , , , , , , , , , , , , , , , , , , , , , , , , , 
21.3201346, -0.0218204, , , , , , , 21.3201346, 0.0310521, , , , , , , 21.3201346, -0.2462348, , , , , , , 21.3201346, 0.0332341, , , , , , , , , , , , , , , , , , , , , , , , , , , , 
21.3206538, -0.0125887, , , , , , , 21.3206538, 0.0340734, , , , , , , 21.3206538, -0.2250858, , , , , , , 21.3206538, 0.0345769, , , , , , , , , , , , , , , , , , , , , , , , , , , , 
21.3211731, -0.0041962, , , , , , , 21.3211731, 0.0109102, , , , , , , 21.3211731, -0.193698, , , , , , , 21.3211731, 0.0439765, , , , , , , , , , , , , , , , , , , , , , , , , , , , 
21.3216923, -0.0008392, , , , , , , 21.3216923, -0.0337377, , , , , , , 21.3216923, -0.1428397, , , , , , , 21.3216923, 0.0572366, , , , , , , , , , , , , , , , , , , , , , , , , , , , 
21.3222115, -0.0031891, , , , , , , 21.3222115, -0.0636149, , , , , , , 21.3222115, -0.0834211, , , , , , , 21.3222115, 0.0703288, , , , , , , , , , , , , , , , , , , , , , , , , , , , 
21.3227308, -0.005539, , , , , , , 21.3227308, -0.0616007, , , , , , , 21.3227308, -0.0287022, , , , , , , 21.3227308, 0.0847639, , , , , , , , , , , , , , , , , , , , , , , , , , , , 
21.32325, -0.0072175, , , , , , , 21.32325, -0.0585794, , , , , , , 21.32325, 0.0166171, , , , , , , 21.32325, 0.1025559, , , , , , , , , , , , , , , , , , , , , , , , , , , , 
21.3237692, -0.008896, , , , , , , 21.3237692, -0.0703288, , , , , , , 21.3237692, 0.0535439, , , , , , , 21.3237692, 0.1109483, , , , , , , , , , , , , , , , , , , , , , , , , , , , 
21.3242885, -0.0045319, , , , , , , 21.3242885, -0.0713359, , , , , , , 21.3242885, 0.0924849, , , , , , , 21.3242885, 0.1032273, , , , , , , , , , , , , , , , , , , , , , , , , , , , 
21.3248077, -0.0036927, , , , , , , 21.3248077, -0.0495155, , , , , , , 21.3248077, 0.1351186, , , , , , , 21.3248077, 0.0844282, , , , , , , , , , , , , , , , , , , , , , , , , , , , 
21.3253269, -0.0041962, , , , , , , 21.3253269, -0.0287022, , , , , , , 21.3253269, 0.1633173, , , , , , , 21.3253269, 0.0621042, , , , , , , , , , , , , , , , , , , , , , , , , , , , 
21.3258462, -0.005539, , , , , , , 21.3258462, -0.0417945, , , , , , , 21.3258462, 0.1701991, , , , , , , 21.3258462, 0.0374304, , , , , , , , , , , , , , , , , , , , , , , , , , , , 
21.3263654, -0.0092317, , , , , , , 21.3263654, -0.0830854, , , , , , , 21.3263654, 0.1700313, , , , , , , 21.3263654, 0.0164492, , , , , , , , , , , , , , , , , , , , , , , , , , , , 
21.3268846, -0.0135958, , , , , , , 21.3268846, -0.1237049, , , , , , , 21.3268846, 0.1730526, , , , , , , 21.3268846, 0.0025177, , , , , , , , , , , , , , , , , , , , , , , , , , , , 
21.3274038, -0.01561, , , , , , , 21.3274038, -0.124712, , , , , , , 21.3274038, 0.1782559, , , , , , , 21.3274038, -0.0078889, , , , , , , , , , , , , , , , , , , , , , , , , , , , 
21.3279231, -0.0146029, , , , , , , 21.3279231, -0.0850996, , , , , , , 21.3279231, 0.1747311, , , , , , , 21.3279231, -0.017792, , , , , , , , , , , , , , , , , , , , , , , , , , , , 
21.3284423, -0.0135958, , , , , , , 21.3284423, -0.0433051, , , , , , , 21.3284423, 0.1582818, , , , , , , 21.3284423, -0.0250095, , , , , , , , , , , , , , , , , , , , , , , , , , , , 
21.3289615, -0.0115816, , , , , , , 21.3289615, -0.0050355, , , , , , , 21.3289615, 0.1381399, , , , , , , 21.3289615, -0.0297093, , , , , , , , , , , , , , , , , , , , , , , , , , , , 
21.3294808, 0.0005035, , , , , , , 21.3294808, 0.043473, , , , , , , 21.3294808, 0.1166552, , , , , , , 21.3294808, -0.0325628, , , , , , , , , , , , , , , , , , , , , , , , , , , , 
21.33, 0.0260166, , , , , , , 21.33, 0.072343, , , , , , , 21.33, 0.0931563, , , , , , , 21.33, -0.0350805, , , , , , , , , , , , , , , , , , , , , , , , , , , , 
21.3305192, 0.0488441, , , , , , , 21.3305192, 0.0451514, , , , , , , 21.3305192, 0.0713359, , , , , , , 21.3305192, -0.0350805, , , , , , , , , , , , , , , , , , , , , , , , , , , , 
21.3310385, 0.0639506, , , , , , , 21.3310385, -0.0075532, , , , , , , 21.3310385, 0.0515297, , , , , , , 21.3310385, -0.0293736, , , , , , , , , , , , , , , , , , , , , , , , , , , , 
21.3315577, 0.0763714, , , , , , , 21.3315577, -0.0481727, , , , , , , 21.3315577, 0.0387732, , , , , , , 21.3315577, -0.0246738, , , , , , , , , , , , , , , , , , , , , , , , , , , , 
21.3320769, 0.085771, , , , , , , 21.3320769, -0.0810712, , , , , , , 21.3320769, 0.0468299, , , , , , , 21.3320769, -0.023331, , , , , , , , , , , , , , , , , , , , , , , , , , , , 
21.3325962, 0.0887922, , , , , , , 21.3325962, -0.1022202, , , , , , , 21.3325962, 0.0560616, , , , , , , 21.3325962, -0.0206455, , , , , , , , , , , , , , , , , , , , , , , , , , , , 
21.3331154, 0.0864424, , , , , , , 21.3331154, -0.096849, , , , , , , 21.3331154, 0.0414588, , , , , , , 21.3331154, -0.0137636, , , , , , , , , , , , , , , , , , , , , , , , , , , , 
21.3336346, 0.0830854, , , , , , , 21.3336346, -0.0753643, , , , , , , 21.3336346, 0.0082246, , , , , , , 21.3336346, -0.0018463, , , , , , , , , , , , , , , , , , , , , , , , , , , , 
21.3341538, 0.0797284, , , , , , , 21.3341538, -0.0540475, , , , , , , 21.3341538, -0.021149, , , , , , , 21.3341538, 0.0083925, , , , , , , , , , , , , , , , , , , , , , , , , , , , 
21.3346731, 0.0730144, , , , , , , 21.3346731, -0.0350805, , , , , , , 21.3346731, -0.0330663, , , , , , , 21.3346731, 0.0129244, , , , , , , , , , , , , , , , , , , , , , , , , , , , 
21.3351923, 0.0582437, , , , , , , 21.3351923, -0.0105745, , , , , , , 21.3351923, -0.0339055, , , , , , , 21.3351923, 0.0179599, , , , , , , , , , , , , , , , , , , , , , , , , , , , 
21.3357115, 0.0404517, , , , , , , 21.3357115, 0.0058747, , , , , , , 21.3357115, -0.0397803, , , , , , , 21.3357115, 0.0260166, , , , , , , , , , , , , , , , , , , , , , , , , , , , 
21.3362308, 0.0226596, , , , , , , 21.3362308, 0.0026856, , , , , , , 21.3362308, -0.0424659, , , , , , , 21.3362308, 0.0344091, , , , , , , , , , , , , , , , , , , , , , , , , , , , 
21.33675, -0.0018463, , , , , , , 21.33675, -0.0015106, , , , , , , 21.33675, -0.0357519, , , , , , , 21.33675, 0.0441444, , , , , , , , , , , , , , , , , , , , , , , , , , , , 
21.3372692, -0.024506, , , , , , , 21.3372692, 0.0129244, , , , , , , 21.3372692, -0.0364233, , , , , , , 21.3372692, 0.0525368, , , , , , , , , , , , , , , , , , , , , , , , , , , , 
21.3377885, -0.0350805, , , , , , , 21.3377885, 0.024506, , , , , , , 21.3377885, -0.057908, , , , , , , 21.3377885, 0.0572366, , , , , , , , , , , , , , , , , , , , , , , , , , , , 
21.3383077, -0.0431373, , , , , , , 21.3383077, 0.01561, , , , , , , 21.3383077, -0.0921492, , , , , , , 21.3383077, 0.0589151, , , , , , , , , , , , , , , , , , , , , , , , , , , , 
21.3388269, -0.0538796, , , , , , , 21.3388269, 0.0043641, , , , , , , 21.3388269, -0.1272297, , , , , , , 21.3388269, 0.0639506, , , , , , , , , , , , , , , , , , , , , , , , , , , , 
21.3393462, -0.0609293, , , , , , , 21.3393462, 0.005539, , , , , , , 21.3393462, -0.1438468, , , , , , , 21.3393462, 0.0673075, , , , , , , , , , , , , , , , , , , , , , , , , , , , 
21.3398654, -0.057908, , , , , , , 21.3398654, 0.0119173, , , , , , , 21.3398654, -0.1384756, , , , , , , 21.3398654, 0.06009, , , , , , , , , , , , , , , , , , , , , , , , , , , , 
21.3403846, -0.0426337, , , , , , , 21.3403846, 0.014435, , , , , , , 21.3403846, -0.1250477, , , , , , , 21.3403846, 0.0454871, , , , , , , , , , , , , , , , , , , , , , , , , , , , 
21.3409038, -0.0273594, , , , , , , 21.3409038, 0.0078889, , , , , , , 21.3409038, -0.1127947, , , , , , , 21.3409038, 0.0271916, , , , , , , , , , , , , , , , , , , , , , , , , , , , 
21.3414231, -0.018967, , , , , , , 21.3414231, -0.0048676, , , , , , , 21.3414231, -0.0810712, , , , , , , 21.3414231, 0.0112459, , , , , , , , , , , , , , , , , , , , , , , , , , , , 
21.3419423, -0.0125887, , , , , , , 21.3419423, -0.014435, , , , , , , 21.3419423, -0.0354162, , , , , , , 21.3419423, 0.0003357, , , , , , , , , , , , , , , , , , , , , , , , , , , , 
21.3424615, -0.005539, , , , , , , 21.3424615, -0.0263523, , , , , , , 21.3424615, 0.0172885, , , , , , , 21.3424615, -0.0075532, , , , , , , , , , , , , , , , , , , , , , , , , , , , 
21.3429808, 0.0038605, , , , , , , 21.3429808, -0.0323949, , , , , , , 21.3429808, 0.0696574, , , , , , , 21.3429808, -0.0159457, , , , , , , , , , , , , , , , , , , , , , , , , , , , 
21.3435, 0.0115816, , , , , , , 21.3435, -0.0203098, , , , , , , 21.3435, 0.0975204, , , , , , , 21.3435, -0.0256809, , , , , , , , , , , , , , , , , , , , , , , , , , , , 
21.3440192, 0.0186313, , , , , , , 21.3440192, -0.0072175, , , , , , , 21.3440192, 0.0975204, , , , , , , 21.3440192, -0.0323949, , , , , , , , , , , , , , , , , , , , , , , , , , , , 
21.3445385, 0.0287022, , , , , , , 21.3445385, -0.0001678, , , , , , , 21.3445385, 0.0881209, , , , , , , 21.3445385, -0.0360876, , , , , , , , , , , , , , , , , , , , , , , , , , , , 
21.3450577, 0.0431373, , , , , , , 21.3450577, 0.0112459, , , , , , , 21.3450577, 0.0820783, , , , , , , 21.3450577, -0.0357519, , , , , , , , , , , , , , , , , , , , , , , , , , , , 
21.3455769, 0.0555581, , , , , , , 21.3455769, 0.0270237, , , , , , , 21.3455769, 0.0797284, , , , , , , 21.3455769, -0.0337377, , , , , , , , , , , , , , , , , , , , , , , , , , , , 
21.3460962, 0.0621042, , , , , , , 21.3460962, 0.0377661, , , , , , , 21.3460962, 0.0798962, , , , , , , 21.3460962, -0.0313878, , , , , , , , , , , , , , , , , , , , , , , , , , , , 
21.3466154, 0.0639506, , , , , , , 21.3466154, 0.0411231, , , , , , , 21.3466154, 0.0720073, , , , , , , 21.3466154, -0.0276951, , , , , , , , , , , , , , , , , , , , , , , , , , , , 
21.3471346, 0.0609293, , , , , , , 21.3471346, 0.0421302, , , , , , , 21.3471346, 0.0516976, , , , , , , 21.3471346, -0.0224918, , , , , , , , , , , , , , , , , , , , , , , , , , , , 
21.3476538, 0.0558938, , , , , , , 21.3476538, 0.0386053, , , , , , , 21.3476538, 0.0206455, , , , , , , 21.3476538, -0.018967, , , , , , , , , , , , , , , , , , , , , , , , , , , , 
21.3481731, 0.0515297, , , , , , , 21.3481731, 0.026688, , , , , , , 21.3481731, -0.01561, , , , , , , 21.3481731, -0.0142672, , , , , , , , , , , , , , , , , , , , , , , , , , , , 
21.3486923, 0.0508583, , , , , , , 21.3486923, 0.0238346, , , , , , , 21.3486923, -0.0438087, , , , , , , 21.3486923, -0.0018463, , , , , , , , , , , , , , , , , , , , , , , , , , , , 
21.3492115, 0.0500191, , , , , , , 21.3492115, 0.0543832, , , , , , , 21.3492115, -0.0515297, , , , , , , 21.3492115, 0.0179599, , , , , , , , , , , , , , , , , , , , , , , , , , , , 
21.3497308, 0.0485084, , , , , , , 21.3497308, 0.1059129, , , , , , , 21.3497308, -0.0515297, , , , , , , 21.3497308, 0.0392767, , , , , , , , , , , , , , , , , , , , , , , , , , , , 
21.35025, 0.0525368, , , , , , , 21.35025, 0.1273976, , , , , , , 21.35025, -0.0656291, , , , , , , 21.35025, 0.0506905, , , , , , , , , , , , , , , , , , , , , , , , , , , , 
21.3507692, 0.0582437, , , , , , , 21.3507692, 0.1190051, , , , , , , 21.3507692, -0.0864424, , , , , , , 21.3507692, 0.0532082, , , , , , , , , , , , , , , , , , , , , , , , , , , , 
21.3512885, 0.0616007, , , , , , , 21.3512885, 0.1223621, , , , , , , 21.3512885, -0.0904707, , , , , , , 21.3512885, 0.0575723, , , , , , , , , , , , , , , , , , , , , , , , , , , , 
21.3518077, 0.0528725, , , , , , , 21.3518077, 0.1418326, , , , , , , 21.3518077, -0.0666361, , , , , , , 21.3518077, 0.0683146, , , , , , , , , , , , , , , , , , , , , , , , , , , , 
21.3523269, 0.0438087, , , , , , , 21.3523269, 0.1205158, , , , , , , 21.3523269, -0.0320592, , , , , , , 21.3523269, 0.079057, , , , , , , , , , , , , , , , , , , , , , , , , , , , 
21.3528462, 0.040116, , , , , , , 21.3528462, 0.040116, , , , , , , 21.3528462, -0.0132601, , , , , , , 21.3528462, 0.0760357, , , , , , , , , , , , , , , , , , , , , , , , , , , , 
21.3533654, 0.0340734, , , , , , , 21.3533654, -0.027863, , , , , , , 21.3533654, -0.0129244, , , , , , , 21.3533654, 0.0602579, , , , , , , , , , , , , , , , , , , , , , , , , , , , 
21.3538846, 0.0209812, , , , , , , 21.3538846, -0.0391089, , , , , , , 21.3538846, -0.0169528, , , , , , , 21.3538846, 0.0495155, , , , , , , , , , , , , , , , , , , , , , , , , , , , 
21.3544038, 0.008896, , , , , , , 21.3544038, -0.0485084, , , , , , , 21.3544038, -0.0151064, , , , , , , 21.3544038, 0.0428016, , , , , , , , , , , , , , , , , , , , , , , , , , , , 
21.3549231, -0.0008392, , , , , , , 21.3549231, -0.0975204, , , , , , , 21.3549231, -0.0041962, , , , , , , 21.3549231, 0.0317235, , , , , , , , , , , , , , , , , , , , , , , , , , , , 
21.3554423, -0.0135958, , , , , , , 21.3554423, -0.1431754, , , , , , , 21.3554423, 0.0099031, , , , , , , 21.3554423, 0.0166171, , , , , , , , , , , , , , , , , , , , , , , , , , , , 
21.3559615, -0.0313878, , , , , , , 21.3559615, -0.1406577, , , , , , , 21.3559615, 0.0125887, , , , , , , 21.3559615, 0.0063783, , , , , , , , , , , , , , , , , , , , , , , , , , , , 
21.3564808, -0.047837, , , , , , , 21.3564808, -0.0983597, , , , , , , 21.3564808, 0.0041962, , , , , , , 21.3564808, -0.0001678, , , , , , , , , , , , , , , , , , , , , , , , , , , , 
21.357, -0.0565652, , , , , , , 21.357, -0.0439765, , , , , , , 21.357, -0.0082246, , , , , , , 21.357, -0.0082246, , , , , , , , , , , , , , , , , , , , , , , , , , , , 
21.3575192, -0.0592508, , , , , , , 21.3575192, -0.0082246, , , , , , , 21.3575192, -0.0219883, , , , , , , 21.3575192, -0.0172885, , , , , , , , , , , , , , , , , , , , , , , , , , , , 
21.3580385, -0.0594186, , , , , , , 21.3580385, 0.0011749, , , , , , , 21.3580385, -0.0287022, , , , , , , 21.3580385, -0.0250095, , , , , , , , , , , , , , , , , , , , , , , , , , , , 
21.3585577, -0.063447, , , , , , , 21.3585577, -0.0179599, , , , , , , 21.3585577, -0.0216526, , , , , , , 21.3585577, -0.0303807, , , , , , , , , , , , , , , , , , , , , , , , , , , , 
21.3590769, -0.0696574, , , , , , , 21.3590769, -0.0453193, , , , , , , 21.3590769, -0.0072175, , , , , , , 21.3590769, -0.0344091, , , , , , , , , , , , , , , , , , , , , , , , , , , , 
21.3595962, -0.0733501, , , , , , , 21.3595962, -0.0676432, , , , , , , 21.3595962, -0.0058747, , , , , , , 21.3595962, -0.036759, , , , , , , , , , , , , , , , , , , , , , , , , , , , 
21.3601154, -0.0679789, , , , , , , 21.3601154, -0.1017166, , , , , , , 21.3601154, -0.0229953, , , , , , , 21.3601154, -0.0399481, , , , , , , , , , , , , , , , , , , , , , , , , , , , 
21.3606346, -0.0542153, , , , , , , 21.3606346, -0.1465324, , , , , , , 21.3606346, -0.0384375, , , , , , , 21.3606346, -0.0412909, , , , , , , , , , , , , , , , , , , , , , , , , , , , 
21.3611538, -0.0323949, , , , , , , 21.3611538, -0.1666743, , , , , , , 21.3611538, -0.0357519, , , , , , , 21.3611538, -0.0397803, , , , , , , , , , , , , , , , , , , , , , , , , , , , 
21.3616731, -0.0149386, , , , , , , 21.3616731, -0.1508965, , , , , , , 21.3616731, -0.0231632, , , , , , , 21.3616731, -0.0377661, , , , , , , , , , , , , , , , , , , , , , , , , , , , 
21.3621923, -0.0041962, , , , , , , 21.3621923, -0.1223621, , , , , , , 21.3621923, -0.0149386, , , , , , , 21.3621923, -0.0384375, , , , , , , , , , , , , , , , , , , , , , , , , , , , 
21.3627115, 0.0010071, , , , , , , 21.3627115, -0.0971847, , , , , , , 21.3627115, -0.0072175, , , , , , , 21.3627115, -0.0365911, , , , , , , , , , , , , , , , , , , , , , , , , , , , 
21.3632308, 0.008896, , , , , , , 21.3632308, -0.0743572, , , , , , , 21.3632308, 0.0077211, , , , , , , 21.3632308, -0.0297093, , , , , , , , , , , , , , , , , , , , , , , , , , , , 
21.36375, 0.0166171, , , , , , , 21.36375, -0.0370947, , , , , , , 21.36375, 0.023331, , , , , , , 21.36375, -0.0250095, , , , , , , , , , , , , , , , , , , , , , , , , , , , 
21.3642692, 0.0203098, , , , , , , 21.3642692, 0.0172885, , , , , , , 21.3642692, 0.0320592, , , , , , , 21.3642692, -0.0199741, , , , , , , , , , , , , , , , , , , , , , , , , , , , 
21.3647885, 0.0236667, , , , , , , 21.3647885, 0.070161, , , , , , , 21.3647885, 0.0439765, , , , , , , 21.3647885, -0.0139315, , , , , , , , , , , , , , , , , , , , , , , , , , , , 
21.3653077, 0.0219883, , , , , , , 21.3653077, 0.1042344, , , , , , , 21.3653077, 0.0607614, , , , , , , 21.3653077, -0.0082246, , , , , , , , , , , , , , , , , , , , , , , , , , , , 
21.3658269, 0.0159457, , , , , , , 21.3658269, 0.0998703, , , , , , , 21.3658269, 0.0706645, , , , , , , 21.3658269, -0.0028534, , , , , , , , , , , , , , , , , , , , , , , , , , , , 
21.3663462, 0.0132601, , , , , , , 21.3663462, 0.0626078, , , , , , , 21.3663462, 0.0538796, , , , , , , 21.3663462, 0.0018463, , , , , , , , , , , , , , , , , , , , , , , , , , , , 
21.3668654, 0.0172885, , , , , , , 21.3668654, 0.0260166, , , , , , , 21.3668654, 0.0018463, , , , , , , 21.3668654, 0.005539, , , , , , , , , , , , , , , , , , , , , , , , , , , , 
21.3673846, 0.0209812, , , , , , , 21.3673846, 0.008896, , , , , , , 21.3673846, -0.06009, , , , , , , 21.3673846, 0.0078889, , , , , , , , , , , , , , , , , , , , , , , , , , , , 
21.3679038, 0.0193027, , , , , , , 21.3679038, 0.0018463, , , , , , , 21.3679038, -0.0956741, , , , , , , 21.3679038, 0.0119173, , , , , , , , , , , , , , , , , , , , , , , , , , , , 
21.3684231, 0.0182956, , , , , , , 21.3684231, 0.0005035, , , , , , , 21.3684231, -0.0948348, , , , , , , 21.3684231, 0.0146029, , , , , , , , , , , , , , , , , , , , , , , , , , , , 
21.3689423, 0.0182956, , , , , , , 21.3689423, 0.0223239, , , , , , , 21.3689423, -0.0758679, , , , , , , 21.3689423, 0.0149386, , , , , , , , , , , , , , , , , , , , , , , , , , , , 
21.3694615, 0.0208133, , , , , , , 21.3694615, 0.056733, , , , , , , 21.3694615, -0.0629435, , , , , , , 21.3694615, 0.0132601, , , , , , , , , , , , , , , , , , , , , , , , , , , , 
21.3699808, 0.0307164, , , , , , , 21.3699808, 0.068986, , , , , , , 21.3699808, -0.0426337, , , , , , , 21.3699808, 0.0092317, , , , , , , , , , , , , , , , , , , , , , , , , , , , 
21.3705, 0.0448157, , , , , , , 21.3705, 0.0501869, , , , , , , 21.3705, -0.0005035, , , , , , , 21.3705, 0.0065461, , , , , , , , , , , , , , , , , , , , , , , , , , , , 
21.3710192, 0.0528725, , , , , , , 21.3710192, 0.0186313, , , , , , , 21.3710192, 0.0377661, , , , , , , 21.3710192, 0.0065461, , , , , , , , , , , , , , , , , , , , , , , , , , , , 
21.3715385, 0.0589151, , , , , , , 21.3715385, -0.0115816, , , , , , , 21.3715385, 0.0589151, , , , , , , 21.3715385, 0.0057069, , , , , , , , , , , , , , , , , , , , , , , , , , , , 
21.3720577, 0.0636149, , , , , , , 21.3720577, -0.0394446, , , , , , , 21.3720577, 0.0666361, , , , , , , 21.3720577, -0.002182, , , , , , , , , , , , , , , , , , , , , , , , , , , , 
21.3725769, 0.0649577, , , , , , , 21.3725769, -0.0558938, , , , , , , 21.3725769, 0.0686503, , , , , , , 21.3725769, -0.0102388, , , , , , , , , , , , , , , , , , , , , , , , , , , , 
21.3730962, 0.0609293, , , , , , , 21.3730962, -0.0525368, , , , , , , 21.3730962, 0.0599222, , , , , , , 21.3730962, -0.0130922, , , , , , , , , , , , , , , , , , , , , , , , , , , , 
21.3736154, 0.0522011, , , , , , , 21.3736154, -0.0263523, , , , , , , 21.3736154, 0.0347448, , , , , , , 21.3736154, -0.0115816, , , , , , , , , , , , , , , , , , , , , , , , , , , , 
21.3741346, 0.0421302, , , , , , , 21.3741346, 0.0112459, , , , , , , 21.3741346, -0.0025177, , , , , , , 21.3741346, -0.0085603, , , , , , , , , , , , , , , , , , , , , , , , , , , , 
21.3746538, 0.033402, , , , , , , 21.3746538, 0.0287022, , , , , , , 21.3746538, -0.0424659, , , , , , , 21.3746538, -0.0062104, , , , , , , , , , , , , , , , , , , , , , , , , , , , 
21.3751731, 0.0260166, , , , , , , 21.3751731, 0.0062104, , , , , , , 21.3751731, -0.076875, , , , , , , 21.3751731, -0.0023499, , , , , , , , , , , , , , , , , , , , , , , , , , , , 
21.3756923, 0.0186313, , , , , , , 21.3756923, -0.033402, , , , , , , 21.3756923, -0.1018845, , , , , , , 21.3756923, 0.0031891, , , , , , , , , , , , , , , , , , , , , , , , , , , , 
21.3762115, 0.0058747, , , , , , , 21.3762115, -0.0575723, , , , , , , 21.3762115, -0.1136339, , , , , , , 21.3762115, 0.0119173, , , , , , , , , , , , , , , , , , , , , , , , , , , , 
21.3767308, -0.008896, , , , , , , 21.3767308, -0.0404517, , , , , , , 21.3767308, -0.1136339, , , , , , , 21.3767308, 0.0216526, , , , , , , , , , , , , , , , , , , , , , , , , , , , 
21.37725, -0.0172885, , , , , , , 21.37725, 0.0016785, , , , , , , 21.37725, -0.110277, , , , , , , 21.37725, 0.0260166, , , , , , , , , , , , , , , , , , , , , , , , , , , , 
21.3777692, -0.0216526, , , , , , , 21.3777692, 0.0280308, , , , , , , 21.3777692, -0.1013809, , , , , , , 21.3777692, 0.0250095, , , , , , , , , , , , , , , , , , , , , , , , , , , , 
21.3782885, -0.0256809, , , , , , , 21.3782885, 0.0357519, , , , , , , 21.3782885, -0.0894636, , , , , , , 21.3782885, 0.0213169, , , , , , , , , , , , , , , , , , , , , , , , , , , , 
21.3788077, -0.0337377, , , , , , , 21.3788077, 0.0421302, , , , , , , 21.3788077, -0.0914778, , , , , , , 21.3788077, 0.0206455, , , , , , , , , , , , , , , , , , , , , , , , , , , , 
21.3793269, -0.0411231, , , , , , , 21.3793269, 0.0575723, , , , , , , 21.3793269, -0.1159838, , , , , , , 21.3793269, 0.0253452, , , , , , , , , , , , , , , , , , , , , , , , , , , , 
21.3798462, -0.0384375, , , , , , , 21.3798462, 0.0607614, , , , , , , 21.3798462, -0.1260548, , , , , , , 21.3798462, 0.0384375, , , , , , , , , , , , , , , , , , , , , , , , , , , , 
21.3803654, -0.0273594, , , , , , , 21.3803654, 0.0337377, , , , , , , 21.3803654, -0.0938277, , , , , , , 21.3803654, 0.0616007, , , , , , , , , , , , , , , , , , , , , , , , , , , , 
21.3808846, -0.0176242, , , , , , , 21.3808846, -0.0001678, , , , , , , 21.3808846, -0.0391089, , , , , , , 21.3808846, 0.0847639, , , , , , , , , , , , , , , , , , , , , , , , , , , , 
21.3814038, -0.0142672, , , , , , , 21.3814038, -0.0182956, , , , , , , 21.3814038, 0.0132601, , , , , , , 21.3814038, 0.0941634, , , , , , , , , , , , , , , , , , , , , , , , , , , , 
21.3819231, -0.012253, , , , , , , 21.3819231, -0.0276951, , , , , , , 21.3819231, 0.0540475, , , , , , , 21.3819231, 0.0928206, , , , , , , , , , , , , , , , , , , , , , , , , , , , 
21.3824423, -0.0095674, , , , , , , 21.3824423, -0.0370947, , , , , , , 21.3824423, 0.082414, , , , , , , 21.3824423, 0.0921492, , , , , , , , , , , , , , , , , , , , , , , , , , , , 
21.3829615, -0.0045319, , , , , , , 21.3829615, -0.061265, , , , , , , 21.3829615, 0.0958419, , , , , , , 21.3829615, 0.0931563, , , , , , , , , , , , , , , , , , , , , , , , , , , , 
21.3834808, 0.0038605, , , , , , , 21.3834808, -0.0975204, , , , , , , 21.3834808, 0.0889601, , , , , , , 21.3834808, 0.093492, , , , , , , , , , , , , , , , , , , , , , , , , , , , 
21.384, 0.0104067, , , , , , , 21.384, -0.0963455, , , , , , , 21.384, 0.0663005, , , , , , , 21.384, 0.0897993, , , , , , , , , , , , , , , , , , , , , , , , , , , , 
21.3845192, 0.0105745, , , , , , , 21.3845192, -0.033402, , , , , , , 21.3845192, 0.0394446, , , , , , , 21.3845192, 0.0746929, , , , , , , , , , , , , , , , , , , , , , , , , , , , 
21.3850385, 0.0097353, , , , , , , 21.3850385, 0.0458228, , , , , , , 21.3850385, 0.0179599, , , , , , , 21.3850385, 0.0508583, , , , , , , , , , , , , , , , , , , , , , , , , , , , 
21.3855577, 0.0092317, , , , , , , 21.3855577, 0.0871138, , , , , , , 21.3855577, 0.0015106, , , , , , , 21.3855577, 0.0261845, , , , , , , , , , , , , , , , , , , , , , , , , , , , 
21.3860769, 0.0038605, , , , , , , 21.3860769, 0.0871138, , , , , , , 21.3860769, -0.0095674, , , , , , , 21.3860769, 0.0099031, , , , , , , , , , , , , , , , , , , , , , , , , , , , 
21.3865962, 0.0018463, , , , , , , 21.3865962, 0.0679789, , , , , , , 21.3865962, -0.0135958, , , , , , , 21.3865962, 0.0008392, , , , , , , , , , , , , , , , , , , , , , , , , , , , 
21.3871154, 0.0078889, , , , , , , 21.3871154, 0.0481727, , , , , , , 21.3871154, -0.0085603, , , , , , , 21.3871154, -0.0050355, , , , , , , , , , , , , , , , , , , , , , , , , , , , 
21.3876346, 0.0172885, , , , , , , 21.3876346, 0.0396124, , , , , , , 21.3876346, 0.0025177, , , , , , , 21.3876346, -0.0092317, , , , , , , , , , , , , , , , , , , , , , , , , , , , 
21.3881538, 0.0238346, , , , , , , 21.3881538, 0.0365911, , , , , , , 21.3881538, 0.0092317, , , , , , , 21.3881538, -0.0115816, , , , , , , , , , , , , , , , , , , , , , , , , , , , 
21.3886731, 0.027863, , , , , , , 21.3886731, 0.0105745, , , , , , , 21.3886731, 0.0125887, , , , , , , 21.3886731, -0.01561, , , , , , , , , , , , , , , , , , , , , , , , , , , , 
21.3891923, 0.0354162, , , , , , , 21.3891923, -0.0411231, , , , , , , 21.3891923, 0.0209812, , , , , , , 21.3891923, -0.0191348, , , , , , , , , , , , , , , , , , , , , , , , , , , , 
21.3897115, 0.0508583, , , , , , , 21.3897115, -0.0795605, , , , , , , 21.3897115, 0.0475013, , , , , , , 21.3897115, -0.023331, , , , , , , , , , , , , , , , , , , , , , , , , , , , 
21.3902308, 0.0686503, , , , , , , 21.3902308, -0.0908064, , , , , , , 21.3902308, 0.0894636, , , , , , , 21.3902308, -0.0260166, , , , , , , , , , , , , , , , , , , , , , , , , , , , 
21.39075, 0.0780499, , , , , , , 21.39075, -0.0961776, , , , , , , 21.39075, 0.1545892, , , , , , , 21.39075, -0.0243381, , , , , , , , , , , , , , , , , , , , , , , , , , , , 
21.3912692, 0.0810712, , , , , , , 21.3912692, -0.1059129, , , , , , , 21.3912692, 0.2509346, , , , , , , 21.3912692, -0.0203098, , , , , , , , , , , , , , , , , , , , , , , , , , , , 
21.3917885, 0.0854353, , , , , , , 21.3917885, -0.1136339, , , , , , , 21.3917885, 0.3422446, , , , , , , 21.3917885, -0.0182956, , , , , , , , , , , , , , , , , , , , , , , , , , , , 
21.3923077, 0.0830854, , , , , , , 21.3923077, -0.1018845, , , , , , , 21.3923077, 0.3791714, , , , , , , 21.3923077, -0.0135958, , , , , , , , , , , , , , , , , , , , , , , , , , , , 
21.3928269, 0.077882, , , , , , , 21.3928269, -0.0599222, , , , , , , 21.3928269, 0.3633936, , , , , , , 21.3928269, -0.0015106, , , , , , , , , , , , , , , , , , , , , , , , , , , , 
21.3933462, 0.0699931, , , , , , , 21.3933462, -0.0102388, , , , , , , 21.3933462, 0.3288167, , , , , , , 21.3933462, 0.0129244, , , , , , , , , , , , , , , , , , , , , , , , , , , , 
21.3938654, 0.0599222, , , , , , , 21.3938654, 0.0078889, , , , , , , 21.3938654, 0.2845045, , , , , , , 21.3938654, 0.0216526, , , , , , , , , , , , , , , , , , , , , , , , , , , , 
21.3943846, 0.0508583, , , , , , , 21.3943846, 0.0006714, , , , , , , 21.3943846, 0.2166934, , , , , , , 21.3943846, 0.0260166, , , , , , , , , , , , , , , , , , , , , , , , , , , , 
21.3949038, 0.043473, , , , , , , 21.3949038, -0.0025177, , , , , , , 21.3949038, 0.1226978, , , , , , , 21.3949038, 0.027863, , , , , , , , , , , , , , , , , , , , , , , , , , , , 
21.3954231, 0.0357519, , , , , , , 21.3954231, 0.0058747, , , , , , , 21.3954231, 0.005539, , , , , , , 21.3954231, 0.0287022, , , , , , , , , , , , , , , , , , , , , , , , , , , , 
21.3959423, 0.0219883, , , , , , , 21.3959423, 0.0159457, , , , , , , 21.3959423, -0.1324331, , , , , , , 21.3959423, 0.0297093, , , , , , , , , , , , , , , , , , , , , , , , , , , , 
21.3964615, 0.0023499, , , , , , , 21.3964615, 0.0193027, , , , , , , 21.3964615, -0.2774548, , , , , , , 21.3964615, 0.026688, , , , , , , , , , , , , , , , , , , , , , , , , , , , 
21.3969808, -0.0152743, , , , , , , 21.3969808, 0.0313878, , , , , , , 21.3969808, -0.3976349, , , , , , , 21.3969808, 0.0226596, , , , , , , , , , , , , , , , , , , , , , , , , , , , 
21.3975, -0.0273594, , , , , , , 21.3975, 0.0518654, , , , , , , 21.3975, -0.4761883, , , , , , , 21.3975, 0.0166171, , , , , , , , , , , , , , , , , , , , , , , , , , , , 
21.3980192, -0.0360876, , , , , , , 21.3980192, 0.0582437, , , , , , , 21.3980192, -0.5060655, , , , , , , 21.3980192, 0.0085603, , , , , , , , , , , , , , , , , , , , , , , , , , , , 
21.3985385, -0.0404517, , , , , , , 21.3985385, 0.0475013, , , , , , , 21.3985385, -0.4829023, , , , , , , 21.3985385, 0.0031891, , , , , , , , , , , , , , , , , , , , , , , , , , , , 
21.3990577, -0.0407874, , , , , , , 21.3990577, 0.0381018, , , , , , , 21.3990577, -0.4432898, , , , , , , 21.3990577, 0.0041962, , , , , , , , , , , , , , , , , , , , , , , , , , , , 
21.3995769, -0.0337377, , , , , , , 21.3995769, 0.0340734, , , , , , , 21.3995769, -0.411902, , , , , , , 21.3995769, 0.0112459, , , , , , , , , , , , , , , , , , , , , , , , , , , , 
21.4000962, -0.0182956, , , , , , , 21.4000962, 0.0305486, , , , , , , 21.4000962, -0.3785, , , , , , , 21.4000962, 0.0223239, , , , , , , , , , , , , , , , , , , , , , , , , , , , 
21.4006154, -0.0001678, , , , , , , 21.4006154, 0.0260166, , , , , , , 21.4006154, -0.3247883, , , , , , , 21.4006154, 0.0307164, , , , , , , , , , , , , , , , , , , , , , , , , , , , 
21.4011346, 0.0139315, , , , , , , 21.4011346, 0.0082246, , , , , , , 21.4011346, -0.2512703, , , , , , , 21.4011346, 0.0317235, , , , , , , , , , , , , , , , , , , , , , , , , , , , 
21.4016538, 0.0224918, , , , , , , 21.4016538, -0.0152743, , , , , , , 21.4016538, -0.1696956, , , , , , , 21.4016538, 0.0273594, , , , , , , , , , , , , , , , , , , , , , , , , , , , 
21.4021731, 0.0293736, , , , , , , 21.4021731, -0.0273594, , , , , , , 21.4021731, -0.0995346, , , , , , , 21.4021731, 0.0231632, , , , , , , , , , , , , , , , , , , , , , , , , , , , 
21.4026923, 0.0374304, , , , , , , 21.4026923, -0.0240024, , , , , , , 21.4026923, -0.0414588, , , , , , , 21.4026923, 0.017792, , , , , , , , , , , , , , , , , , , , , , , , , , , , 
21.4032115, 0.04448, , , , , , , 21.4032115, -0.0162814, , , , , , , 21.4032115, 0.0099031, , , , , , , 21.4032115, 0.0092317, , , , , , , , , , , , , , , , , , , , , , , , , , , , 
21.4037308, 0.0451514, , , , , , , 21.4037308, -0.0092317, , , , , , , 21.4037308, 0.0495155, , , , , , , 21.4037308, 0.0018463, , , , , , , , , , , , , , , , , , , , , , , , , , , , 
21.40425, 0.0421302, , , , , , , 21.40425, 0.0052033, , , , , , , 21.40425, 0.0803998, , , , , , , 21.40425, -0.0005035, , , , , , , , , , , , , , , , , , , , , , , , , , , , 
21.4047692, 0.0406195, , , , , , , 21.4047692, 0.0340734, , , , , , , 21.4047692, 0.1099413, , , , , , , 21.4047692, 0.0048676, , , , , , , , , , , , , , , , , , , , , , , , , , , , 
21.4052885, 0.0424659, , , , , , , 21.4052885, 0.0605936, , , , , , , 21.4052885, 0.1381399, , , , , , , 21.4052885, 0.0142672, , , , , , , , , , , , , , , , , , , , , , , , , , , , 
21.4058077, 0.036759, , , , , , , 21.4058077, 0.0599222, , , , , , , 21.4058077, 0.1586175, , , , , , , 21.4058077, 0.0253452, , , , , , , , , , , , , , , , , , , , , , , , , , , , 
21.4063269, 0.0280308, , , , , , , 21.4063269, 0.0377661, , , , , , , 21.4063269, 0.1690242, , , , , , , 21.4063269, 0.0374304, , , , , , , , , , , , , , , , , , , , , , , , , , , , 
21.4068462, 0.0206455, , , , , , , 21.4068462, 0.0253452, , , , , , , 21.4068462, 0.1784237, , , , , , , 21.4068462, 0.0468299, , , , , , , , , , , , , , , , , , , , , , , , , , , , 
21.4073654, 0.0186313, , , , , , , 21.4073654, 0.0250095, , , , , , , 21.4073654, 0.1837949, , , , , , , 21.4073654, 0.0471656, , , , , , , , , , , , , , , , , , , , , , , , , , , , 
21.4078846, 0.0159457, , , , , , , 21.4078846, 0.0082246, , , , , , , 21.4078846, 0.1844663, , , , , , , 21.4078846, 0.0381018, , , , , , , , , , , , , , , , , , , , , , , , , , , , 
21.4084038, 0.0085603, , , , , , , 21.4084038, -0.0238346, , , , , , , 21.4084038, 0.1824521, , , , , , , 21.4084038, 0.0303807, , , , , , , , , , , , , , , , , , , , , , , , , , , , 
21.4089231, 0.0028534, , , , , , , 21.4089231, -0.0501869, , , , , , , 21.4089231, 0.1864805, , , , , , , 21.4089231, 0.0256809, , , , , , , , , , , , , , , , , , , , , , , , , , , , 
21.4094423, 0.0052033, , , , , , , 21.4094423, -0.0666361, , , , , , , 21.4094423, 0.1938659, , , , , , , 21.4094423, 0.0186313, , , , , , , , , , , , , , , , , , , , , , , , , , , , 
21.4099615, 0.0172885, , , , , , , 21.4099615, -0.0760357, , , , , , , 21.4099615, 0.1955444, , , , , , , 21.4099615, 0.0065461, , , , , , , , , , , , , , , , , , , , , , , , , , , , 
21.4104808, 0.0330663, , , , , , , 21.4104808, -0.0834211, , , , , , , 21.4104808, 0.184802, , , , , , , 21.4104808, -0.0072175, , , , , , , , , , , , , , , , , , , , , , , , , , , , 
21.411, 0.0448157, , , , , , , 21.411, -0.0861067, , , , , , , 21.411, 0.1606317, , , , , , , 21.411, -0.0196384, , , , , , , , , , , , , , , , , , , , , , , , , , , , 
21.4115192, 0.0471656, , , , , , , 21.4115192, -0.0881209, , , , , , , 21.4115192, 0.1334401, , , , , , , 21.4115192, -0.0285344, , , , , , , , , , , , , , , , , , , , , , , , , , , , 
21.4120385, 0.049012, , , , , , , 21.4120385, -0.0955062, , , , , , , 21.4120385, 0.1064164, , , , , , , 21.4120385, -0.0360876, , , , , , , , , , , , , , , , , , , , , , , , , , , , 
21.4125577, 0.0505226, , , , , , , 21.4125577, -0.1050736, , , , , , , 21.4125577, 0.0716716, , , , , , , 21.4125577, -0.0439765, , , , , , , , , , , , , , , , , , , , , , , , , , , , 
21.4130769, 0.0495155, , , , , , , 21.4130769, -0.1038987, , , , , , , 21.4130769, 0.0313878, , , , , , , 21.4130769, -0.047837, , , , , , , , , , , , , , , , , , , , , , , , , , , , 
21.4135962, 0.0481727, , , , , , , 21.4135962, -0.0861067, , , , , , , 21.4135962, -0.0104067, , , , , , , 21.4135962, -0.0451514, , , , , , , , , , , , , , , , , , , , , , , , , , , , 
21.4141154, 0.0454871, , , , , , , 21.4141154, -0.0605936, , , , , , , 21.4141154, -0.0466621, , , , , , , 21.4141154, -0.0397803, , , , , , , , , , , , , , , , , , , , , , , , , , , , 
21.4146346, 0.0384375, , , , , , , 21.4146346, -0.036759, , , , , , , 21.4146346, -0.0716716, , , , , , , 21.4146346, -0.0337377, , , , , , , , , , , , , , , , , , , , , , , , , , , , 
21.4151538, 0.0320592, , , , , , , 21.4151538, -0.0102388, , , , , , , 21.4151538, -0.0981918, , , , , , , 21.4151538, -0.0250095, , , , , , , , , , , , , , , , , , , , , , , , , , , , 
21.4156731, 0.0223239, , , , , , , 21.4156731, 0.0151064, , , , , , , 21.4156731, -0.1440146, , , , , , , 21.4156731, -0.0162814, , , , , , , , , , , , , , , , , , , , , , , , , , , , 
21.4161923, 0.0046998, , , , , , , 21.4161923, 0.0253452, , , , , , , 21.4161923, -0.212665, , , , , , , 21.4161923, -0.0104067, , , , , , , , , , , , , , , , , , , , , , , , , , , , 
21.4167115, -0.0139315, , , , , , , 21.4167115, 0.030045, , , , , , , 21.4167115, -0.2514382, , , , , , , 21.4167115, -0.0062104, , , , , , , , , , , , , , , , , , , , , , , , , , , , 
21.4172308, -0.030045, , , , , , , 21.4172308, 0.0488441, , , , , , , 21.4172308, -0.2331426, , , , , , , 21.4172308, 0.0008392, , , , , , , , , , , , , , , , , , , , , , , , , , , , 
21.41775, -0.043473, , , , , , , 21.41775, 0.072343, , , , , , , 21.41775, -0.1836271, , , , , , , 21.41775, 0.0139315, , , , , , , , , , , , , , , , , , , , , , , , , , , , 
21.4182692, -0.054551, , , , , , , 21.4182692, 0.0830854, , , , , , , 21.4182692, -0.1384756, , , , , , , 21.4182692, 0.0283665, , , , , , , , , , , , , , , , , , , , , , , , , , , , 
21.4187885, -0.0619364, , , , , , , 21.4187885, 0.0780499, , , , , , , 21.4187885, -0.1015488, , , , , , , 21.4187885, 0.0359197, , , , , , , , , , , , , , , , , , , , , , , , , , , , 
21.4193077, -0.0683146, , , , , , , 21.4193077, 0.0609293, , , , , , , 21.4193077, -0.0708324, , , , , , , 21.4193077, 0.0421302, , , , , , , , , , , , , , , , , , , , , , , , , , , , 
21.4198269, -0.0629435, , , , , , , 21.4198269, 0.0397803, , , , , , , 21.4198269, -0.0468299, , , , , , , 21.4198269, 0.054551, , , , , , , , , , , , , , , , , , , , , , , , , , , , 
21.4203462, -0.0505226, , , , , , , 21.4203462, 0.0263523, , , , , , , 21.4203462, -0.0270237, , , , , , , 21.4203462, 0.0746929, , , , , , , , , , , , , , , , , , , , , , , , , , , , 
21.4208654, -0.0352483, , , , , , , 21.4208654, 0.0186313, , , , , , , 21.4208654, -0.0050355, , , , , , , 21.4208654, 0.0924849, , , , , , , , , , , , , , , , , , , , , , , , , , , , 
21.4213846, -0.0229953, , , , , , , 21.4213846, 0.0146029, , , , , , , 21.4213846, 0.0256809, , , , , , , 21.4213846, 0.1005417, , , , , , , , , , , , , , , , , , , , , , , , , , , , 
21.4219038, -0.0140993, , , , , , , 21.4219038, 0.0221561, , , , , , , 21.4219038, 0.0520333, , , , , , , 21.4219038, 0.0978561, , , , , , , , , , , , , , , , , , , , , , , , , , , , 
21.4224231, -0.005539, , , , , , , 21.4224231, 0.0199741, , , , , , , 21.4224231, 0.0461585, , , , , , , 21.4224231, 0.0871138, , , , , , , , , , , , , , , , , , , , , , , , , , , , 
21.4229423, 0.0038605, , , , , , , 21.4229423, -0.0159457, , , , , , , 21.4229423, 0.0199741, , , , , , , 21.4229423, 0.0733501, , , , , , , , , , , , , , , , , , , , , , , , , , , , 
21.4234615, 0.0092317, , , , , , , 21.4234615, -0.0746929, , , , , , , 21.4234615, 0.0011749, , , , , , , 21.4234615, 0.0614328, , , , , , , , , , , , , , , , , , , , , , , , , , , , 
21.4239808, 0.0092317, , , , , , , 21.4239808, -0.1079271, , , , , , , 21.4239808, -0.005539, , , , , , , 21.4239808, 0.0485084, , , , , , , , , , , , , , , , , , , , , , , , , , , , 
21.4245, 0.0102388, , , , , , , 21.4245, -0.0864424, , , , , , , 21.4245, -0.0046998, , , , , , , 21.4245, 0.0354162, , , , , , , , , , , , , , , , , , , , , , , , , , , , 
21.4250192, 0.0142672, , , , , , , 21.4250192, -0.0253452, , , , , , , 21.4250192, 0.0035248, , , , , , , 21.4250192, 0.0260166, , , , , , , , , , , , , , , , , , , , , , , , , , , , 
21.4255385, 0.0199741, , , , , , , 21.4255385, 0.026688, , , , , , , 21.4255385, 0.0125887, , , , , , , 21.4255385, 0.0179599, , , , , , , , , , , , , , , , , , , , , , , , , , , , 
21.4260577, 0.0203098, , , , , , , 21.4260577, 0.018967, , , , , , , 21.4260577, 0.0016785, , , , , , , 21.4260577, 0.0099031, , , , , , , , , , , , , , , , , , , , , , , , , , , , 
21.4265769, 0.0152743, , , , , , , 21.4265769, -0.0451514, , , , , , , 21.4265769, -0.0238346, , , , , , , 21.4265769, 0.0030213, , , , , , , , , , , , , , , , , , , , , , , , , , , , 
21.4270962, 0.0058747, , , , , , , 21.4270962, -0.1089342, , , , , , , 21.4270962, -0.0303807, , , , , , , 21.4270962, -0.0020142, , , , , , , , , , , , , , , , , , , , , , , , , , , , 
21.4276154, -0.005539, , , , , , , 21.4276154, -0.139147, , , , , , , 21.4276154, -0.0162814, , , , , , , 21.4276154, -0.0052033, , , , , , , , , , , , , , , , , , , , , , , , , , , , 
21.4281346, -0.0169528, , , , , , , 21.4281346, -0.1579461, , , , , , , 21.4281346, -0.0038605, , , , , , , 21.4281346, -0.008896, , , , , , , , , , , , , , , , , , , , , , , , , , , , 
21.4286538, -0.024506, , , , , , , 21.4286538, -0.1680171, , , , , , , 21.4286538, -0.0028534, , , , , , , 21.4286538, -0.0176242, , , , , , , , , , , , , , , , , , , , , , , , , , , , 
21.4291731, -0.0176242, , , , , , , 21.4291731, -0.1467002, , , , , , , 21.4291731, 0.0008392, , , , , , , 21.4291731, -0.0310521, , , , , , , , , , , , , , , , , , , , , , , , , , , , 
21.4296923, 0.005539, , , , , , , 21.4296923, -0.1022202, , , , , , , 21.4296923, 0.0323949, , , , , , , 21.4296923, -0.0439765, , , , , , , , , , , , , , , , , , , , , , , , , , , , 
21.4302115, 0.0310521, , , , , , , 21.4302115, -0.0553902, , , , , , , 21.4302115, 0.0906386, , , , , , , 21.4302115, -0.0535439, , , , , , , , , , , , , , , , , , , , , , , , , , , , 
21.4307308, 0.0458228, , , , , , , 21.4307308, -0.0179599, , , , , , , 21.4307308, 0.1455253, , , , , , , 21.4307308, -0.0585794, , , , , , , , , , , , , , , , , , , , , , , , , , , , 
21.43125, 0.0562295, , , , , , , 21.43125, 0.0078889, , , , , , , 21.43125, 0.1743954, , , , , , , 21.43125, -0.0602579, , , , , , , , , , , , , , , , , , , , , , , , , , , , 
21.4317692, 0.0726787, , , , , , , 21.4317692, 0.033402, , , , , , , 21.4317692, 0.1824521, , , , , , , 21.4317692, -0.0599222, , , , , , , , , , , , , , , , , , , , , , , , , , , , 
21.4322885, 0.0908064, , , , , , , 21.4322885, 0.0616007, , , , , , , 21.4322885, 0.1858091, , , , , , , 21.4322885, -0.0542153, , , , , , , , , , , , , , , , , , , , , , , , , , , , 
21.4328077, 0.0931563, , , , , , , 21.4328077, 0.0864424, , , , , , , 21.4328077, 0.188159, , , , , , , 21.4328077, -0.0458228, , , , , , , , , , , , , , , , , , , , , , , , , , , , 
21.4333269, 0.0877852, , , , , , , 21.4333269, 0.1122911, , , , , , , 21.4333269, 0.1750668, , , , , , , 21.4333269, -0.0394446, , , , , , , , , , , , , , , , , , , , , , , , , , , , 
21.4338462, 0.0803998, , , , , , , 21.4338462, 0.1272297, , , , , , , 21.4338462, 0.1435111, , , , , , , 21.4338462, -0.0323949, , , , , , , , , , , , , , , , , , , , , , , , , , , , 
21.4343654, 0.0726787, , , , , , , 21.4343654, 0.1210193, , , , , , , 21.4343654, 0.1010452, , , , , , , 21.4343654, -0.023331, , , , , , , , , , , , , , , , , , , , , , , , , , , , 
21.4348846, 0.0629435, , , , , , , 21.4348846, 0.1139696, , , , , , , 21.4348846, 0.0384375, , , , , , , 21.4348846, -0.0149386, , , , , , , , , , , , , , , , , , , , , , , , , , , , 
21.4354038, 0.0493477, , , , , , , 21.4354038, 0.1265583, , , , , , , 21.4354038, -0.0397803, , , , , , , 21.4354038, -0.0041962, , , , , , , , , , , , , , , , , , , , , , , , , , , , 
21.4359231, 0.033402, , , , , , , 21.4359231, 0.1414969, , , , , , , 21.4359231, -0.1104448, , , , , , , 21.4359231, 0.0129244, , , , , , , , , , , , , , , , , , , , , , , , , , , , 
21.4364423, 0.0146029, , , , , , , 21.4364423, 0.139147, , , , , , , 21.4364423, -0.1613031, , , , , , , 21.4364423, 0.0397803, , , , , , , , , , , , , , , , , , , , , , , , , , , , 
21.4369615, -0.0109102, , , , , , , 21.4369615, 0.1099413, , , , , , , 21.4369615, -0.1895018, , , , , , , 21.4369615, 0.0763714, , , , , , , , , , , , , , , , , , , , , , , , , , , , 
21.4374808, -0.036759, , , , , , , 21.4374808, 0.0622721, , , , , , , 21.4374808, -0.2077974, , , , , , , 21.4374808, 0.1059129, , , , , , , , , , , , , , , , , , , , , , , , , , , , 
21.438, -0.054551, , , , , , , 21.438, 0.0159457, , , , , , , 21.438, -0.2339818, , , , , , , 21.438, 0.117998, , , , , , , , , , , , , , , , , , , , , , , , , , , , 
21.4385192, -0.0713359, , , , , , , 21.4385192, -0.0365911, , , , , , , 21.4385192, -0.2620127, , , , , , , 21.4385192, 0.1203479, , , , , , , , , , , , , , , , , , , , , , , , , , , , 
21.4390385, -0.0830854, , , , , , , 21.4390385, -0.1084306, , , , , , , 21.4390385, -0.2777905, , , , , , , 21.4390385, 0.1233692, , , , , , , , , , , , , , , , , , , , , , , , , , , , 
21.4395577, -0.0847639, , , , , , , 21.4395577, -0.1700313, , , , , , , 21.4395577, -0.2606699, , , , , , , 21.4395577, 0.1240406, , , , , , , , , , , , , , , , , , , , , , , , , , , , 
21.4400769, -0.0757, , , , , , , 21.4400769, -0.1693599, , , , , , , 21.4400769, -0.2009155, , , , , , , 21.4400769, 0.1119554, , , , , , , , , , , , , , , , , , , , , , , , , , , , 
21.4405962, -0.0592508, , , , , , , 21.4405962, -0.1304189, , , , , , , 21.4405962, -0.1300832, , , , , , , 21.4405962, 0.0871138, , , , , , , , , , , , , , , , , , , , , , , , , , , , 
21.4411154, -0.0404517, , , , , , , 21.4411154, -0.1200122, , , , , , , 21.4411154, -0.072343, , , , , , , 21.4411154, 0.0584115, , , , , , , , , , , , , , , , , , , , , , , , , , , , 
21.4416346, -0.0240024, , , , , , , 21.4416346, -0.1310903, , , , , , , 21.4416346, -0.0310521, , , , , , , 21.4416346, 0.0360876, , , , , , , , , , , , , , , , , , , , , , , , , , , , 
21.4421538, -0.0149386, , , , , , , 21.4421538, -0.1240406, , , , , , , 21.4421538, -0.0018463, , , , , , , 21.4421538, 0.0219883, , , , , , , , , , , , , , , , , , , , , , , , , , , , 
21.4426731, -0.0124208, , , , , , , 21.4426731, -0.100206, , , , , , , 21.4426731, 0.0226596, , , , , , , 21.4426731, 0.0109102, , , , , , , , , , , , , , , , , , , , , , , , , , , , 
21.4431923, -0.0068818, , , , , , , 21.4431923, -0.0710002, , , , , , , 21.4431923, 0.0486763, , , , , , , 21.4431923, 0.0016785, , , , , , , , , , , , , , , , , , , , , , , , , , , , 
21.4437115, 0.0038605, , , , , , , 21.4437115, -0.0473335, , , , , , , 21.4437115, 0.0770428, , , , , , , 21.4437115, -0.0045319, , , , , , , , , , , , , , , , , , , , , , , , , , , , 
21.4442308, 0.0139315, , , , , , , 21.4442308, -0.0292058, , , , , , , 21.4442308, 0.1163195, , , , , , , 21.4442308, -0.0078889, , , , , , , , , , , , , , , , , , , , , , , , , , , , 
21.44475, 0.0213169, , , , , , , 21.44475, -0.0092317, , , , , , , 21.44475, 0.1713741, , , , , , , 21.44475, -0.012253, , , , , , , , , , , , , , , , , , , , , , , , , , , , 
21.4452692, 0.0270237, , , , , , , 21.4452692, 0.0119173, , , , , , , 21.4452692, 0.2334783, , , , , , , 21.4452692, -0.0182956, , , , , , , , , , , , , , , , , , , , , , , , , , , , 
21.4457885, 0.036759, , , , , , , 21.4457885, 0.0243381, , , , , , , 21.4457885, 0.2975967, , , , , , , 21.4457885, -0.0223239, , , , , , , , , , , , , , , , , , , , , , , , , , , , 
21.4463077, 0.0370947, , , , , , , 21.4463077, 0.0256809, , , , , , , 21.4463077, 0.3632258, , , , , , , 21.4463077, -0.023331, , , , , , , , , , , , , , , , , , , , , , , , , , , , 
21.4468269, 0.0354162, , , , , , , 21.4468269, 0.0213169, , , , , , , 21.4468269, 0.4103914, , , , , , , 21.4468269, -0.0236667, , , , , , , , , , , , , , , , , , , , , , , , , , , , 
21.4473462, 0.0357519, , , , , , , 21.4473462, 0.0119173, , , , , , , 21.4473462, 0.4312047, , , , , , , 21.4473462, -0.0243381, , , , , , , , , , , , , , , , , , , , , , , , , , , , 
21.4478654, 0.0375982, , , , , , , 21.4478654, -0.0011749, , , , , , , 21.4478654, 0.4265049, , , , , , , 21.4478654, -0.0238346, , , , , , , , , , , , , , , , , , , , , , , , , , , , 
21.4483846, 0.0407874, , , , , , , 21.4483846, -0.0102388, , , , , , , 21.4483846, 0.3972992, , , , , , , 21.4483846, -0.0216526, , , , , , , , , , , , , , , , , , , , , , , , , , , , 
21.4489038, 0.0438087, , , , , , , 21.4489038, -0.0077211, , , , , , , 21.4489038, 0.3469444, , , , , , , 21.4489038, -0.0243381, , , , , , , , , , , , , , , , , , , , , , , , , , , , 
21.4494231, 0.0491798, , , , , , , 21.4494231, 0.0083925, , , , , , , 21.4494231, 0.2764477, , , , , , , 21.4494231, -0.0270237, , , , , , , , , , , , , , , , , , , , , , , , , , , , 
21.4499423, 0.0616007, , , , , , , 21.4499423, 0.0307164, , , , , , , 21.4499423, 0.1868162, , , , , , , 21.4499423, -0.0303807, , , , , , , , , , , , , , , , , , , , , , , , , , , , 
21.4504615, 0.073518, , , , , , , 21.4504615, 0.0428016, , , , , , , 21.4504615, 0.0817426, , , , , , , 21.4504615, -0.0320592, , , , , , , , , , , , , , , , , , , , , , , , , , , , 
21.4509808, 0.0763714, , , , , , , 21.4509808, 0.045655, , , , , , , 21.4509808, -0.0438087, , , , , , , 21.4509808, -0.0323949, , , , , , , , , , , , , , , , , , , , , , , , , , , , 
21.4515, 0.0773785, , , , , , , 21.4515, 0.061265, , , , , , , 21.4515, -0.1834592, , , , , , , 21.4515, -0.0344091, , , , , , , , , , , , , , , , , , , , , , , , , , , , 
21.4520192, 0.0840925, , , , , , , 21.4520192, 0.0958419, , , , , , , 21.4520192, -0.31841, , , , , , , 21.4520192, -0.0350805, , , , , , , , , , , , , , , , , , , , , , , , , , , , 
21.4525385, 0.0874495, , , , , , , 21.4525385, 0.1218585, , , , , , , 21.4525385, -0.4318761, , , , , , , 21.4525385, -0.0354162, , , , , , , , , , , , , , , , , , , , , , , , , , , , 
21.4530577, 0.0830854, , , , , , , 21.4530577, 0.117998, , , , , , , 21.4530577, -0.5238575, , , , , , , 21.4530577, -0.0354162, , , , , , , , , , , , , , , , , , , , , , , , , , , , 
21.4535769, 0.0743572, , , , , , , 21.4535769, 0.0991989, , , , , , , 21.4535769, -0.5918364, , , , , , , 21.4535769, -0.0339055, , , , , , , , , , , , , , , , , , , , , , , , , , , , 
21.4540962, 0.0622721, , , , , , , 21.4540962, 0.0803998, , , , , , , 21.4540962, -0.6232242, , , , , , , 21.4540962, -0.0297093, , , , , , , , , , , , , , , , , , , , , , , , , , , , 
21.4546154, 0.0508583, , , , , , , 21.4546154, 0.0558938, , , , , , , 21.4546154, -0.5992218, , , , , , , 21.4546154, -0.0223239, , , , , , , , , , , , , , , , , , , , , , , , , , , , 
21.4551346, 0.0414588, , , , , , , 21.4551346, 0.0310521, , , , , , , 21.4551346, -0.4983444, , , , , , , 21.4551346, -0.008896, , , , , , , , , , , , , , , , , , , , , , , , , , , , 
21.4556538, 0.0263523, , , , , , , 21.4556538, 0.0172885, , , , , , , 21.4556538, -0.3556725, , , , , , , 21.4556538, 0.0115816, , , , , , , , , , , , , , , , , , , , , , , , , , , , 
21.4561731, 0.0075532, , , , , , , 21.4561731, 0.0087282, , , , , , , 21.4561731, -0.2197147, , , , , , , 21.4561731, 0.0347448, , , , , , , , , , , , , , , , , , , , , , , , , , , , 
21.4566923, -0.0075532, , , , , , , 21.4566923, 0.0077211, , , , , , , 21.4566923, -0.10692, , , , , , , 21.4566923, 0.0505226, , , , , , , , , , , , , , , , , , , , , , , , , , , , 
21.4572115, -0.0219883, , , , , , , 21.4572115, 0.0209812, , , , , , , 21.4572115, -0.0323949, , , , , , , 21.4572115, 0.0555581, , , , , , , , , , , , , , , , , , , , , , , , , , , , 
21.4577308, -0.0344091, , , , , , , 21.4577308, 0.0364233, , , , , , , 21.4577308, -0.0109102, , , , , , , 21.4577308, 0.0548867, , , , , , , , , , , , , , , , , , , , , , , , , , , , 
21.45825, -0.0451514, , , , , , , 21.45825, 0.0330663, , , , , , , 21.45825, -0.0391089, , , , , , , 21.45825, 0.0527047, , , , , , , , , , , , , , , , , , , , , , , , , , , , 
21.4587692, -0.0525368, , , , , , , 21.4587692, 0.0223239, , , , , , , 21.4587692, -0.0904707, , , , , , , 21.4587692, 0.0515297, , , , , , , , , , , , , , , , , , , , , , , , , , , , 
21.4592885, -0.0513619, , , , , , , 21.4592885, 0.0273594, , , , , , , 21.4592885, -0.1394827, , , , , , , 21.4592885, 0.0448157, , , , , , , , , , , , , , , , , , , , , , , , , , , , 
21.4598077, -0.051194, , , , , , , 21.4598077, 0.0307164, , , , , , , 21.4598077, -0.1878233, , , , , , , 21.4598077, 0.033402, , , , , , , , , , , , , , , , , , , , , , , , , , , , 
21.4603269, -0.0424659, , , , , , , 21.4603269, 0.0246738, , , , , , , 21.4603269, -0.2314641, , , , , , , 21.4603269, 0.0261845, , , , , , , , , , , , , , , , , , , , , , , , , , , , 
21.4608462, -0.0303807, , , , , , , 21.4608462, 0.0236667, , , , , , , 21.4608462, -0.2512703, , , , , , , 21.4608462, 0.0231632, , , , , , , , , , , , , , , , , , , , , , , , , , , , 
21.4613654, -0.0199741, , , , , , , 21.4613654, 0.0199741, , , , , , , 21.4613654, -0.235996, , , , , , , 21.4613654, 0.0191348, , , , , , , , , , , , , , , , , , , , , , , , , , , , 
21.4618846, -0.0149386, , , , , , , 21.4618846, -0.0062104, , , , , , , 21.4618846, -0.1942016, , , , , , , 21.4618846, 0.0182956, , , , , , , , , , , , , , , , , , , , , , , , , , , , 
21.4624038, -0.0135958, , , , , , , 21.4624038, -0.0485084, , , , , , , 21.4624038, -0.1488823, , , , , , , 21.4624038, 0.0231632, , , , , , , , , , , , , , , , , , , , , , , , , , , , 
21.4629231, -0.0058747, , , , , , , 21.4629231, -0.0704967, , , , , , , 21.4629231, -0.0867781, , , , , , , 21.4629231, 0.0313878, , , , , , , , , , , , , , , , , , , , , , , , , , , , 
21.4634423, 0.005539, , , , , , , 21.4634423, -0.0558938, , , , , , , 21.4634423, 0.0005035, , , , , , , 21.4634423, 0.0357519, , , , , , , , , , , , , , , , , , , , , , , , , , , , 
21.4639615, 0.0171206, , , , , , , 21.4639615, -0.0330663, , , , , , , 21.4639615, 0.0981918, , , , , , , 21.4639615, 0.0347448, , , , , , , , , , , , , , , , , , , , , , , , , , , , 
21.4644808, 0.0234989, , , , , , , 21.4644808, -0.0379339, , , , , , , 21.4644808, 0.1784237, , , , , , , 21.4644808, 0.0313878, , , , , , , , , , , , , , , , , , , , , , , , , , , , 
21.465, 0.021149, , , , , , , 21.465, -0.0800641, , , , , , , 21.465, 0.2328069, , , , , , , 21.465, 0.026688, , , , , , , , , , , , , , , , , , , , , , , , , , , , 
21.4655192, 0.0159457, , , , , , , 21.4655192, -0.1263905, , , , , , , 21.4655192, 0.2710765, , , , , , , 21.4655192, 0.0179599, , , , , , , , , , , , , , , , , , , , , , , , , , , , 
21.4660385, 0.0146029, , , , , , , 21.4660385, -0.1367971, , , , , , , 21.4660385, 0.2895399, , , , , , , 21.4660385, 0.0062104, , , , , , , , , , , , , , , , , , , , , , , , , , , , 
21.4665577, 0.0162814, , , , , , , 21.4665577, -0.1200122, , , , , , , 21.4665577, 0.2818189, , , , , , , 21.4665577, -0.0025177, , , , , , , , , , , , , , , , , , , , , , , , , , , , 
21.4670769, 0.0206455, , , , , , , 21.4670769, -0.0970169, , , , , , , 21.4670769, 0.2544594, , , , , , , 21.4670769, -0.0048676, , , , , , , , , , , , , , , , , , , , , , , , , , , , 
21.4675962, 0.0250095, , , , , , , 21.4675962, -0.0659648, , , , , , , 21.4675962, 0.2106508, , , , , , , 21.4675962, 0.0038605, , , , , , , , , , , , , , , , , , , , , , , , , , , , 
21.4681154, 0.026688, , , , , , , 21.4681154, -0.0276951, , , , , , , 21.4681154, 0.1555962, , , , , , , 21.4681154, 0.0213169, , , , , , , , , , , , , , , , , , , , , , , , , , , , 
21.4686346, 0.0305486, , , , , , , 21.4686346, 0.0011749, , , , , , , 21.4686346, 0.0963455, , , , , , , 21.4686346, 0.0372625, , , , , , , , , , , , , , , , , , , , , , , , , , , , 
21.4691538, 0.0387732, , , , , , , 21.4691538, 0.0223239, , , , , , , 21.4691538, 0.0407874, , , , , , , 21.4691538, 0.0391089, , , , , , , , , , , , , , , , , , , , , , , , , , , , 
21.4696731, 0.0522011, , , , , , , 21.4696731, 0.04448, , , , , , , 21.4696731, -0.0015106, , , , , , , 21.4696731, 0.0360876, , , , , , , , , , , , , , , , , , , , , , , , , , , , 
21.4701923, 0.0681468, , , , , , , 21.4701923, 0.0555581, , , , , , , 21.4701923, -0.0152743, , , , , , , 21.4701923, 0.0370947, , , , , , , , , , , , , , , , , , , , , , , , , , , , 
21.4707115, 0.079057, , , , , , , 21.4707115, 0.043473, , , , , , , 21.4707115, -0.0125887, , , , , , , 21.4707115, 0.0394446, , , , , , , , , , , , , , , , , , , , , , , , , , , , 
21.4712308, 0.082414, , , , , , , 21.4712308, 0.0265202, , , , , , , 21.4712308, -0.01561, , , , , , , 21.4712308, 0.0345769, , , , , , , , , , , , , , , , , , , , , , , , , , , , 
21.47175, 0.0830854, , , , , , , 21.47175, 0.0154421, , , , , , , 21.47175, -0.0229953, , , , , , , 21.47175, 0.0256809, , , , , , , , , , , , , , , , , , , , , , , , , , , , 
21.4722692, 0.0822461, , , , , , , 21.4722692, 0.0062104, , , , , , , 21.4722692, -0.0152743, , , , , , , 21.4722692, 0.0176242, , , , , , , , , , , , , , , , , , , , , , , , , , , , 
21.4727885, 0.0740215, , , , , , , 21.4727885, -0.0038605, , , , , , , 21.4727885, 0.008896, , , , , , , 21.4727885, 0.0172885, , , , , , , , , , , , , , , , , , , , , , , , , , , , 
21.4733077, 0.0548867, , , , , , , 21.4733077, -0.0223239, , , , , , , 21.4733077, 0.0340734, , , , , , , 21.4733077, 0.023331, , , , , , , , , , , , , , , , , , , , , , , , , , , , 
21.4738269, 0.0305486, , , , , , , 21.4738269, -0.0464942, , , , , , , 21.4738269, 0.0530404, , , , , , , 21.4738269, 0.0253452, , , , , , , , , , , , , , , , , , , , , , , , , , , , 
21.4743462, 0.0105745, , , , , , , 21.4743462, -0.0676432, , , , , , , 21.4743462, 0.0706645, , , , , , , 21.4743462, 0.0179599, , , , , , , , , , , , , , , , , , , , , , , , , , , , 
21.4748654, -0.0048676, , , , , , , 21.4748654, -0.0844282, , , , , , , 21.4748654, 0.0867781, , , , , , , 21.4748654, 0.0045319, , , , , , , , , , , , , , , , , , , , , , , , , , , , 
21.4753846, -0.0157778, , , , , , , 21.4753846, -0.0783856, , , , , , , 21.4753846, 0.1149767, , , , , , , 21.4753846, -0.0114137, , , , , , , , , , , , , , , , , , , , , , , , , , , , 
21.4759038, -0.0253452, , , , , , , 21.4759038, -0.0461585, , , , , , , 21.4759038, 0.1596246, , , , , , , 21.4759038, -0.0283665, , , , , , , , , , , , , , , , , , , , , , , , , , , , 
21.4764231, -0.0394446, , , , , , , 21.4764231, -0.0199741, , , , , , , 21.4764231, 0.2012512, , , , , , , 21.4764231, -0.0360876, , , , , , , , , , , , , , , , , , , , , , , , , , , , 
21.4769423, -0.0552224, , , , , , , 21.4769423, -0.0246738, , , , , , , 21.4769423, 0.2257572, , , , , , , 21.4769423, -0.0354162, , , , , , , , , , , , , , , , , , , , , , , , , , , , 
21.4774615, -0.0659648, , , , , , , 21.4774615, -0.0317235, , , , , , , 21.4774615, 0.2391852, , , , , , , 21.4774615, -0.0317235, , , , , , , , , , , , , , , , , , , , , , , , , , , , 
21.4779808, -0.0708324, , , , , , , 21.4779808, -0.0209812, , , , , , , 21.4779808, 0.2489204, , , , , , , 21.4779808, -0.0263523, , , , , , , , , , , , , , , , , , , , , , , , , , , , 
21.4785, -0.0757, , , , , , , 21.4785, -0.0162814, , , , , , , 21.4785, 0.2566415, , , , , , , 21.4785, -0.0204776, , , , , , , , , , , , , , , , , , , , , , , , , , , , 
21.4790192, -0.0773785, , , , , , , 21.4790192, -0.0337377, , , , , , , 21.4790192, 0.2541238, , , , , , , 21.4790192, -0.0172885, , , , , , , , , , , , , , , , , , , , , , , , , , , , 
21.4795385, -0.0710002, , , , , , , 21.4795385, -0.0505226, , , , , , , 21.4795385, 0.230457, , , , , , , 21.4795385, -0.0162814, , , , , , , , , , , , , , , , , , , , , , , , , , , , 
21.4800577, -0.0532082, , , , , , , 21.4800577, -0.0516976, , , , , , , 21.4800577, 0.1764096, , , , , , , 21.4800577, -0.0125887, , , , , , , , , , , , , , , , , , , , , , , , , , , , 
21.4805769, -0.033402, , , , , , , 21.4805769, -0.0384375, , , , , , , 21.4805769, 0.1015488, , , , , , , 21.4805769, -0.0058747, , , , , , , , , , , , , , , , , , , , , , , , , , , , 
21.4810962, -0.0213169, , , , , , , 21.4810962, -0.0229953, , , , , , , 21.4810962, 0.0250095, , , , , , , 21.4810962, 0.0031891, , , , , , , , , , , , , , , , , , , , , , , , , , , , 
21.4816154, -0.0112459, , , , , , , 21.4816154, -0.0431373, , , , , , , 21.4816154, -0.0451514, , , , , , , 21.4816154, 0.0166171, , , , , , , , , , , , , , , , , , , , , , , , , , , , 
21.4821346, -0.0058747, , , , , , , 21.4821346, -0.1038987, , , , , , , 21.4821346, -0.1045701, , , , , , , 21.4821346, 0.0394446, , , , , , , , , , , , , , , , , , , , , , , , , , , , 
21.4826538, -0.0041962, , , , , , , 21.4826538, -0.1472038, , , , , , , 21.4826538, -0.1514, , , , , , , 21.4826538, 0.0718395, , , , , , , , , , , , , , , , , , , , , , , , , , , , 
21.4831731, -0.002182, , , , , , , 21.4831731, -0.1344472, , , , , , , 21.4831731, -0.1918517, , , , , , , 21.4831731, 0.1012131, , , , , , , , , , , , , , , , , , , , , , , , , , , , 
21.4836923, -0.0008392, , , , , , , 21.4836923, -0.100206, , , , , , , 21.4836923, -0.2411994, , , , , , , 21.4836923, 0.1072557, , , , , , , , , , , , , , , , , , , , , , , , , , , , 
21.4842115, -0.0001678, , , , , , , 21.4842115, -0.0830854, , , , , , , 21.4842115, -0.293904, , , , , , , 21.4842115, 0.0950027, , , , , , , , , , , , , , , , , , , , , , , , , , , , 
21.4847308, 0.0011749, , , , , , , 21.4847308, -0.0716716, , , , , , , 21.4847308, -0.3163958, , , , , , , 21.4847308, 0.0830854, , , , , , , , , , , , , , , , , , , , , , , , , , , , 
21.48525, 0.0048676, , , , , , , 21.48525, -0.0525368, , , , , , , 21.48525, -0.2999466, , , , , , , 21.48525, 0.0770428, , , , , , , , , , , , , , , , , , , , , , , , , , , , 
21.4857692, 0.0132601, , , , , , , 21.4857692, -0.0287022, , , , , , , 21.4857692, -0.2569772, , , , , , , 21.4857692, 0.068986, , , , , , , , , , , , , , , , , , , , , , , , , , , , 
21.4862885, 0.027863, , , , , , , 21.4862885, -0.0015106, , , , , , , 21.4862885, -0.194873, , , , , , , 21.4862885, 0.0532082, , , , , , , , , , , , , , , , , , , , , , , , , , , , 
21.4868077, 0.036759, , , , , , , 21.4868077, 0.0240024, , , , , , , 21.4868077, -0.1223621, , , , , , , 21.4868077, 0.0350805, , , , , , , , , , , , , , , , , , , , , , , , , , , , 
21.4873269, 0.0417945, , , , , , , 21.4873269, 0.0344091, , , , , , , 21.4873269, -0.0582437, , , , , , , 21.4873269, 0.0206455, , , , , , , , , , , , , , , , , , , , , , , , , , , , 
21.4878462, 0.0458228, , , , , , , 21.4878462, 0.0365911, , , , , , , 21.4878462, -0.0104067, , , , , , , 21.4878462, 0.0105745, , , , , , , , , , , , , , , , , , , , , , , , , , , , 
21.4883654, 0.0525368, , , , , , , 21.4883654, 0.0345769, , , , , , , 21.4883654, 0.0223239, , , , , , , 21.4883654, 0.0025177, , , , , , , , , , , , , , , , , , , , , , , , , , , , 
21.4888846, 0.0552224, , , , , , , 21.4888846, 0.0310521, , , , , , , 21.4888846, 0.0468299, , , , , , , 21.4888846, -0.0041962, , , , , , , , , , , , , , , , , , , , , , , , , , , , 
21.4894038, 0.057908, , , , , , , 21.4894038, 0.0276951, , , , , , , 21.4894038, 0.0703288, , , , , , , 21.4894038, -0.0129244, , , , , , , , , , , , , , , , , , , , , , , , , , , , 
21.4899231, 0.0699931, , , , , , , 21.4899231, 0.0303807, , , , , , , 21.4899231, 0.0891279, , , , , , , 21.4899231, -0.023331, , , , , , , , , , , , , , , , , , , , , , , , , , , , 
21.4904423, 0.0782177, , , , , , , 21.4904423, 0.0381018, , , , , , , 21.4904423, 0.0955062, , , , , , , 21.4904423, -0.0345769, , , , , , , , , , , , , , , , , , , , , , , , , , , , 
21.4909615, 0.0777142, , , , , , , 21.4909615, 0.0453193, , , , , , , 21.4909615, 0.0904707, , , , , , , 21.4909615, -0.0449836, , , , , , , , , , , , , , , , , , , , , , , , , , , , 
21.4914808, 0.079057, , , , , , , 21.4914808, 0.0475013, , , , , , , 21.4914808, 0.0763714, , , , , , , 21.4914808, -0.0505226, , , , , , , , , , , , , , , , , , , , , , , , , , , , 
21.492, 0.0767071, , , , , , , 21.492, 0.0411231, , , , , , , 21.492, 0.0528725, , , , , , , 21.492, -0.0522011, , , , , , , , , , , , , , , , , , , , , , , , , , , , 
21.4925192, 0.0728466, , , , , , , 21.4925192, 0.033402, , , , , , , 21.4925192, 0.0256809, , , , , , , 21.4925192, -0.0532082, , , , , , , , , , , , , , , , , , , , , , , , , , , , 
21.4930385, 0.0713359, , , , , , , 21.4930385, 0.0313878, , , , , , , 21.4930385, -0.0030213, , , , , , , 21.4930385, -0.051194, , , , , , , , , , , , , , , , , , , , , , , , , , , , 
21.4935577, 0.063447, , , , , , , 21.4935577, 0.033402, , , , , , , 21.4935577, -0.0307164, , , , , , , 21.4935577, -0.047837, , , , , , , , , , , , , , , , , , , , , , , , , , , , 
21.4940769, 0.0498512, , , , , , , 21.4940769, 0.0414588, , , , , , , 21.4940769, -0.0485084, , , , , , , 21.4940769, -0.0417945, , , , , , , , , , , , , , , , , , , , , , , , , , , , 
21.4945962, 0.0359197, , , , , , , 21.4945962, 0.0605936, , , , , , , 21.4945962, -0.0595865, , , , , , , 21.4945962, -0.0354162, , , , , , , , , , , , , , , , , , , , , , , , , , , , 
21.4951154, 0.0287022, , , , , , , 21.4951154, 0.079057, , , , , , , 21.4951154, -0.0736858, , , , , , , 21.4951154, -0.0323949, , , , , , , , , , , , , , , , , , , , , , , , , , , , 
21.4956346, 0.0260166, , , , , , , 21.4956346, 0.0856031, , , , , , , 21.4956346, -0.0862745, , , , , , , 21.4956346, -0.0287022, , , , , , , , , , , , , , , , , , , , , , , , , , , , 
21.4961538, 0.0135958, , , , , , , 21.4961538, 0.0864424, , , , , , , 21.4961538, -0.0881209, , , , , , , 21.4961538, -0.018967, , , , , , , , , , , , , , , , , , , , , , , , , , , , 
21.4966731, -0.0052033, , , , , , , 21.4966731, 0.0847639, , , , , , , 21.4966731, -0.0795605, , , , , , , 21.4966731, -0.0072175, , , , , , , , , , , , , , , , , , , , , , , , , , , , 
21.4971923, -0.0169528, , , , , , , 21.4971923, 0.0750286, , , , , , , 21.4971923, -0.0716716, , , , , , , 21.4971923, 0.0031891, , , , , , , , , , , , , , , , , , , , , , , , , , , , 
21.4977115, -0.0243381, , , , , , , 21.4977115, 0.0706645, , , , , , , 21.4977115, -0.0642863, , , , , , , 21.4977115, 0.0152743, , , , , , , , , , , , , , , , , , , , , , , , , , , , 
21.4982308, -0.0347448, , , , , , , 21.4982308, 0.0659648, , , , , , , 21.4982308, -0.0485084, , , , , , , 21.4982308, 0.0340734, , , , , , , , , , , , , , , , , , , , , , , , , , , , 
21.49875, -0.04448, , , , , , , 21.49875, 0.0438087, , , , , , , 21.49875, -0.0171206, , , , , , , 21.49875, 0.0599222, , , , , , , , , , , , , , , , , , , , , , , , , , , , 
21.4992692, -0.0471656, , , , , , , 21.4992692, 0.0182956, , , , , , , 21.4992692, 0.0219883, , , , , , , 21.4992692, 0.0844282, , , , , , , , , , , , , , , , , , , , , , , , , , , , 
21.4997885, -0.0384375, , , , , , , 21.4997885, 0.0095674, , , , , , , 21.4997885, 0.0548867, , , , , , , 21.4997885, 0.1025559, , , , , , , , , , , , , , , , , , , , , , , , , , , , 
21.5003077, -0.0287022, , , , , , , 21.5003077, -0.0038605, , , , , , , 21.5003077, 0.0767071, , , , , , , 21.5003077, 0.1089342, , , , , , , , , , , , , , , , , , , , , , , , , , , , 
21.5008269, -0.0219883, , , , , , , 21.5008269, -0.04448, , , , , , , 21.5008269, 0.0862745, , , , , , , 21.5008269, 0.0998703, , , , , , , , , , , , , , , , , , , , , , , , , , , , 
21.5013462, -0.0184634, , , , , , , 21.5013462, -0.0866102, , , , , , , 21.5013462, 0.0837568, , , , , , , 21.5013462, 0.0777142, , , , , , , , , , , , , , , , , , , , , , , , , , , , 
21.5018654, -0.0162814, , , , , , , 21.5018654, -0.1005417, , , , , , , 21.5018654, 0.0736858, , , , , , , 21.5018654, 0.0532082, , , , , , , , , , , , , , , , , , , , , , , , , , , , 
21.5023846, -0.0149386, , , , , , , 21.5023846, -0.0877852, , , , , , , 21.5023846, 0.0642863, , , , , , , 21.5023846, 0.0347448, , , , , , , , , , , , , , , , , , , , , , , , , , , , 
21.5029038, -0.012253, , , , , , , 21.5029038, -0.0666361, , , , , , , 21.5029038, 0.0582437, , , , , , , 21.5029038, 0.0216526, , , , , , , , , , , , , , , , , , , , , , , , , , , , 
21.5034231, -0.0129244, , , , , , , 21.5034231, -0.0538796, , , , , , , 21.5034231, 0.0495155, , , , , , , 21.5034231, 0.0085603, , , , , , , , , , , , , , , , , , , , , , , , , , , , 
21.5039423, -0.0184634, , , , , , , 21.5039423, -0.0605936, , , , , , , 21.5039423, 0.0386053, , , , , , , 21.5039423, -0.0015106, , , , , , , , , , , , , , , , , , , , , , , , , , , , 
21.5044615, -0.0179599, , , , , , , 21.5044615, -0.0827497, , , , , , , 21.5044615, 0.036759, , , , , , , 21.5044615, -0.0041962, , , , , , , , , , , , , , , , , , , , , , , , , , , , 
21.5049808, -0.0139315, , , , , , , 21.5049808, -0.0928206, , , , , , , 21.5049808, 0.043473, , , , , , , 21.5049808, -0.0035248, , , , , , , , , , , , , , , , , , , , , , , , , , , , 
21.5055, -0.0083925, , , , , , , 21.5055, -0.0757, , , , , , , 21.5055, 0.0449836, , , , , , , 21.5055, -0.0008392, , , , , , , , , , , , , , , , , , , , , , , , , , , , 
21.5060192, -0.0048676, , , , , , , 21.5060192, -0.0411231, , , , , , , 21.5060192, 0.0411231, , , , , , , 21.5060192, 0.0018463, , , , , , , , , , , , , , , , , , , , , , , , , , , , 
21.5065385, -0.0028534, , , , , , , 21.5065385, -0.0099031, , , , , , , 21.5065385, 0.030045, , , , , , , 21.5065385, 0.0018463, , , , , , , , , , , , , , , , , , , , , , , , , , , , 
21.5070577, -0.0028534, , , , , , , 21.5070577, 0.0112459, , , , , , , 21.5070577, 0.0052033, , , , , , , 21.5070577, -0.0008392, , , , , , , , , , , , , , , , , , , , , , , , , , , , 
21.5075769, 0.0038605, , , , , , , 21.5075769, 0.0236667, , , , , , , 21.5075769, -0.0323949, , , , , , , 21.5075769, -0.0041962, , , , , , , , , , , , , , , , , , , , , , , , , , , , 
21.5080962, 0.0146029, , , , , , , 21.5080962, 0.0260166, , , , , , , 21.5080962, -0.0736858, , , , , , , 21.5080962, -0.0077211, , , , , , , , , , , , , , , , , , , , , , , , , , , , 
21.5086154, 0.0199741, , , , , , , 21.5086154, 0.0209812, , , , , , , 21.5086154, -0.1092699, , , , , , , 21.5086154, -0.0109102, , , , , , , , , , , , , , , , , , , , , , , , , , , , 
21.5091346, 0.0243381, , , , , , , 21.5091346, 0.0179599, , , , , , , 21.5091346, -0.1384756, , , , , , , 21.5091346, -0.0135958, , , , , , , , , , , , , , , , , , , , , , , , , , , , 
21.5096538, 0.0386053, , , , , , , 21.5096538, 0.0243381, , , , , , , 21.5096538, -0.1713741, , , , , , , 21.5096538, -0.0229953, , , , , , , , , , , , , , , , , , , , , , , , , , , , 
21.5101731, 0.0599222, , , , , , , 21.5101731, 0.0414588, , , , , , , 21.5101731, -0.2029297, , , , , , , 21.5101731, -0.0330663, , , , , , , , , , , , , , , , , , , , , , , , , , , , 
21.5106923, 0.0710002, , , , , , , 21.5106923, 0.0639506, , , , , , , 21.5106923, -0.2076295, , , , , , , 21.5106923, -0.036759, , , , , , , , , , , , , , , , , , , , , , , , , , , , 
21.5112115, 0.0760357, , , , , , , 21.5112115, 0.0797284, , , , , , , 21.5112115, -0.1730526, , , , , , , 21.5112115, -0.0359197, , , , , , , , , , , , , , , , , , , , , , , , , , , , 
21.5117308, 0.0844282, , , , , , , 21.5117308, 0.0871138, , , , , , , 21.5117308, -0.1203479, , , , , , , 21.5117308, -0.0344091, , , , , , , , , , , , , , , , , , , , , , , , , , , , 
21.51225, 0.0921492, , , , , , , 21.51225, 0.0908064, , , , , , , 21.51225, -0.0706645, , , , , , , 21.51225, -0.0320592, , , , , , , , , , , , , , , , , , , , , , , , , , , , 
21.5127692, 0.0928206, , , , , , , 21.5127692, 0.0889601, , , , , , , 21.5127692, -0.0297093, , , , , , , 21.5127692, -0.0285344, , , , , , , , , , , , , , , , , , , , , , , , , , , , 
21.5132885, 0.0871138, , , , , , , 21.5132885, 0.0736858, , , , , , , 21.5132885, 0.0018463, , , , , , , 21.5132885, -0.0256809, , , , , , , , , , , , , , , , , , , , , , , , , , , , 
21.5138077, 0.0716716, , , , , , , 21.5138077, 0.0347448, , , , , , , 21.5138077, 0.0135958, , , , , , , 21.5138077, -0.018967, , , , , , , , , , , , , , , , , , , , , , , , , , , , 
21.5143269, 0.0565652, , , , , , , 21.5143269, -0.0216526, , , , , , , 21.5143269, -0.0068818, , , , , , , 21.5143269, -0.0083925, , , , , , , , , , , , , , , , , , , , , , , , , , , , 
21.5148462, 0.0468299, , , , , , , 21.5148462, -0.0552224, , , , , , , 21.5148462, -0.0433051, , , , , , , 21.5148462, 0.0025177, , , , , , , , , , , , , , , , , , , , , , , , , , , , 
21.5153654, 0.0374304, , , , , , , 21.5153654, -0.0642863, , , , , , , 21.5153654, -0.0520333, , , , , , , 21.5153654, 0.0117494, , , , , , , , , , , , , , , , , , , , , , , , , , , , 
21.5158846, 0.0253452, , , , , , , 21.5158846, -0.0773785, , , , , , , 21.5158846, -0.01561, , , , , , , 21.5158846, 0.023331, , , , , , , , , , , , , , , , , , , , , , , , , , , , 
21.5164038, 0.0058747, , , , , , , 21.5164038, -0.1062486, , , , , , , 21.5164038, 0.0448157, , , , , , , 21.5164038, 0.0377661, , , , , , , , , , , , , , , , , , , , , , , , , , , , 
21.5169231, -0.0176242, , , , , , , 21.5169231, -0.13579, , , , , , , 21.5169231, 0.1163195, , , , , , , 21.5169231, 0.0501869, , , , , , , , , , , , , , , , , , , , , , , , , , , , 
21.5174423, -0.0350805, , , , , , , 21.5174423, -0.1381399, , , , , , , 21.5174423, 0.1824521, , , , , , , 21.5174423, 0.06009, , , , , , , , , , , , , , , , , , , , , , , , , , , , 
21.5179615, -0.04448, , , , , , , 21.5179615, -0.1008774, , , , , , , 21.5179615, 0.2341497, , , , , , , 21.5179615, 0.068986, , , , , , , , , , , , , , , , , , , , , , , , , , , , 
21.5184808, -0.0495155, , , , , , , 21.5184808, -0.057908, , , , , , , 21.5184808, 0.265034, , , , , , , 21.5184808, 0.0716716, , , , , , , , , , , , , , , , , , , , , , , , , , , , 
21.519, -0.0532082, , , , , , , 21.519, -0.047837, , , , , , , 21.519, 0.2784619, , , , , , , 21.519, 0.0669718, , , , , , , , , , , , , , , , , , , , , , , , , , , , 
21.5195192, -0.0565652, , , , , , , 21.5195192, -0.0582437, , , , , , , 21.5195192, 0.2784619, , , , , , , 21.5195192, 0.0558938, , , , , , , , , , , , , , , , , , , , , , , , , , , , 
21.5200385, -0.0515297, , , , , , , 21.5200385, -0.0609293, , , , , , , 21.5200385, 0.261677, , , , , , , 21.5200385, 0.0441444, , , , , , , , , , , , , , , , , , , , , , , , , , , , 
21.5205577, -0.0404517, , , , , , , 21.5205577, -0.0473335, , , , , , , 21.5205577, 0.2244144, , , , , , , 21.5205577, 0.0364233, , , , , , , , , , , , , , , , , , , , , , , , , , , , 
21.5210769, -0.0290379, , , , , , , 21.5210769, -0.0265202, , , , , , , 21.5210769, 0.1673457, , , , , , , 21.5210769, 0.0302129, , , , , , , , , , , , , , , , , , , , , , , , , , , , 
21.5215962, -0.017792, , , , , , , 21.5215962, -0.0112459, , , , , , , 21.5215962, 0.0978561, , , , , , , 21.5215962, 0.023331, , , , , , , , , , , , , , , , , , , , , , , , , , , , 
21.5221154, -0.0048676, , , , , , , 21.5221154, -0.0038605, , , , , , , 21.5221154, 0.0115816, , , , , , , 21.5221154, 0.0152743, , , , , , , , , , , , , , , , , , , , , , , , , , , , 
21.5226346, 0.0065461, , , , , , , 21.5226346, 0.0001678, , , , , , , 21.5226346, -0.096849, , , , , , , 21.5226346, 0.0078889, , , , , , , , , , , , , , , , , , , , , , , , , , , , 
21.5231538, 0.0162814, , , , , , , 21.5231538, 0.0065461, , , , , , , 21.5231538, -0.2029297, , , , , , , 21.5231538, 0.0031891, , , , , , , , , , , , , , , , , , , , , , , , , , , , 
21.5236731, 0.0246738, , , , , , , 21.5236731, 0.0099031, , , , , , , 21.5236731, -0.2875257, , , , , , , 21.5236731, -0.0011749, , , , , , , , , , , , , , , , , , , , , , , , , , , , 
21.5241923, 0.030045, , , , , , , 21.5241923, 0.0112459, , , , , , , 21.5241923, -0.3472801, , , , , , , 21.5241923, -0.0036927, , , , , , , , , , , , , , , , , , , , , , , , , , , , 
21.5247115, 0.0327306, , , , , , , 21.5247115, 0.0090639, , , , , , , 21.5247115, -0.388571, , , , , , , 21.5247115, -0.0018463, , , , , , , , , , , , , , , , , , , , , , , , , , , , 
21.5252308, 0.0354162, , , , , , , 21.5252308, 0.0045319, , , , , , , 21.5252308, -0.4127413, , , , , , , 21.5252308, -0.0011749, , , , , , , , , , , , , , , , , , , , , , , , , , , , 
21.52575, 0.0354162, , , , , , , 21.52575, 0.0028534, , , , , , , 21.52575, -0.3956207, , , , , , , 21.52575, -0.0001678, , , , , , , , , , , , , , , , , , , , , , , , , , , , 
21.5262692, 0.0381018, , , , , , , 21.5262692, 0.006714, , , , , , , 21.5262692, -0.3210956, , , , , , , 21.5262692, 0.0045319, , , , , , , , , , , , , , , , , , , , , , , , , , , , 
21.5267885, 0.0417945, , , , , , , 21.5267885, 0.0142672, , , , , , , 21.5267885, -0.2217288, , , , , , , 21.5267885, 0.0068818, , , , , , , , , , , , , , , , , , , , , , , , , , , , 
21.5273077, 0.0381018, , , , , , , 21.5273077, 0.0166171, , , , , , , 21.5273077, -0.142504, , , , , , , 21.5273077, 0.0025177, , , , , , , , , , , , , , , , , , , , , , , , , , , , 
21.5278269, 0.033402, , , , , , , 21.5278269, 0.023331, , , , , , , 21.5278269, -0.1193408, , , , , , , 21.5278269, -0.005539, , , , , , , , , , , , , , , , , , , , , , , , , , , , 
21.5283462, 0.0374304, , , , , , , 21.5283462, 0.0495155, , , , , , , 21.5283462, -0.1426719, , , , , , , 21.5283462, -0.017792, , , , , , , , , , , , , , , , , , , , , , , , , , , , 
21.5288654, 0.0486763, , , , , , , 21.5288654, 0.079057, , , , , , , 21.5288654, -0.1586175, , , , , , , 21.5288654, -0.0290379, , , , , , , , , , , , , , , , , , , , , , , , , , , , 
21.5293846, 0.061265, , , , , , , 21.5293846, 0.0864424, , , , , , , 21.5293846, -0.1485466, , , , , , , 21.5293846, -0.0310521, , , , , , , , , , , , , , , , , , , , , , , , , , , , 
21.5299038, 0.0777142, , , , , , , 21.5299038, 0.0730144, , , , , , , 21.5299038, -0.1393149, , , , , , , 21.5299038, -0.0240024, , , , , , , , , , , , , , , , , , , , , , , , , , , , 
21.5304231, 0.0931563, , , , , , , 21.5304231, 0.054551, , , , , , , 21.5304231, -0.142504, , , , , , , 21.5304231, -0.0142672, , , , , , , , , , , , , , , , , , , , , , , , , , , , 
21.5309423, 0.1037308, , , , , , , 21.5309423, 0.0421302, , , , , , , 21.5309423, -0.1331044, , , , , , , 21.5309423, -0.0068818, , , , , , , , , , , , , , , , , , , , , , , , , , , , 
21.5314615, 0.10692, , , , , , , 21.5314615, 0.0359197, , , , , , , 21.5314615, -0.0923171, , , , , , , 21.5314615, -0.0036927, , , , , , , , , , , , , , , , , , , , , , , , , , , , 
21.5319808, 0.1042344, , , , , , , 21.5319808, 0.0320592, , , , , , , 21.5319808, -0.0397803, , , , , , , 21.5319808, -0.002182, , , , , , , , , , , , , , , , , , , , , , , , , , , , 
21.5325, 0.0990311, , , , , , , 21.5325, 0.0260166, , , , , , , 21.5325, 0.0005035, , , , , , , 21.5325, -0.0008392, , , , , , , , , , , , , , , , , , , , , , , , , , , , 
21.5330192, 0.0896315, , , , , , , 21.5330192, 0.0152743, , , , , , , 21.5330192, 0.023331, , , , , , , 21.5330192, -0.0008392, , , , , , , , , , , , , , , , , , , , , , , , , , , , 
21.5335385, 0.0746929, , , , , , , 21.5335385, 0.0063783, , , , , , , 21.5335385, 0.0364233, , , , , , , 21.5335385, 0.0001678, , , , , , , , , , , , , , , , , , , , , , , , , , , , 
21.5340577, 0.0562295, , , , , , , 21.5340577, 0.0031891, , , , , , , 21.5340577, 0.0505226, , , , , , , 21.5340577, 0.0050355, , , , , , , , , , , , , , , , , , , , , , , , , , , , 
21.5345769, 0.036759, , , , , , , 21.5345769, -0.0065461, , , , , , , 21.5345769, 0.072343, , , , , , , 21.5345769, 0.0169528, , , , , , , , , , , , , , , , , , , , , , , , , , , , 
21.5350962, 0.0186313, , , , , , , 21.5350962, -0.0263523, , , , , , , 21.5350962, 0.0995346, , , , , , , 21.5350962, 0.0372625, , , , , , , , , , , , , , , , , , , , , , , , , , , , 
21.5356154, -0.0018463, , , , , , , 21.5356154, -0.0350805, , , , , , , 21.5356154, 0.1186694, , , , , , , 21.5356154, 0.0663005, , , , , , , , , , , , , , , , , , , , , , , , , , , , 
21.5361346, -0.0337377, , , , , , , 21.5361346, -0.0350805, , , , , , , 21.5361346, 0.1232013, , , , , , , 21.5361346, 0.0958419, , , , , , , , , , , , , , , , , , , , , , , , , , , , 
21.5366538, -0.0679789, , , , , , , 21.5366538, -0.0297093, , , , , , , 21.5366538, 0.1238727, , , , , , , 21.5366538, 0.1230335, , , , , , , , , , , , , , , , , , , , , , , , , , , , 
21.5371731, -0.0914778, , , , , , , 21.5371731, -0.0167849, , , , , , , 21.5371731, 0.1384756, , , , , , , 21.5371731, 0.1411612, , , , , , , , , , , , , , , , , , , , , , , , , , , , 
21.5376923, -0.1075914, , , , , , , 21.5376923, -0.0146029, , , , , , , 21.5376923, 0.1639887, , , , , , , 21.5376923, 0.1418326, , , , , , , , , , , , , , , , , , , , , , , , , , , , 
21.5382115, -0.119173, , , , , , , 21.5382115, -0.01561, , , , , , , 21.5382115, 0.1809415, , , , , , , 21.5382115, 0.1253834, , , , , , , , , , , , , , , , , , , , , , , , , , , , 
21.5387308, -0.1253834, , , , , , , 21.5387308, -0.0020142, , , , , , , 21.5387308, 0.1901732, , , , , , , 21.5387308, 0.1038987, , , , , , , , , , , , , , , , , , , , , , , , , , , , 
21.53925, -0.1279011, , , , , , , 21.53925, 0.0117494, , , , , , , 21.53925, 0.1844663, , , , , , , 21.53925, 0.0807355, , , , , , , , , , , , , , , , , , , , , , , , , , , , 
21.5397692, -0.1132982, , , , , , , 21.5397692, 0.0025177, , , , , , , 21.5397692, 0.1566033, , , , , , , 21.5397692, 0.056733, , , , , , , , , , , , , , , , , , , , , , , , , , , , 
21.5402885, -0.082414, , , , , , , 21.5402885, -0.0384375, , , , , , , 21.5402885, 0.1223621, , , , , , , 21.5402885, 0.0320592, , , , , , , , , , , , , , , , , , , , , , , , , , , , 
21.5408077, -0.0558938, , , , , , , 21.5408077, -0.0884565, , , , , , , 21.5408077, 0.100206, , , , , , , 21.5408077, 0.0125887, , , , , , , , , , , , , , , , , , , , , , , , , , , , 
21.5413269, -0.0404517, , , , , , , 21.5413269, -0.110277, , , , , , , 21.5413269, 0.0887922, , , , , , , 21.5413269, -0.0005035, , , , , , , , , , , , , , , , , , , , , , , , , , , , 
21.5418462, -0.0327306, , , , , , , 21.5418462, -0.100206, , , , , , , 21.5418462, 0.0815747, , , , , , , 21.5418462, -0.0077211, , , , , , , , , , , , , , , , , , , , , , , , , , , , 
21.5423654, -0.0256809, , , , , , , 21.5423654, -0.0787213, , , , , , , 21.5423654, 0.0678111, , , , , , , 21.5423654, -0.0119173, , , , , , , , , , , , , , , , , , , , , , , , , , , , 
21.5428846, -0.0176242, , , , , , , 21.5428846, -0.051194, , , , , , , 21.5428846, 0.0515297, , , , , , , 21.5428846, -0.0127565, , , , , , , , , , , , , , , , , , , , , , , , , , , , 
21.5434038, -0.0097353, , , , , , , 21.5434038, -0.0075532, , , , , , , 21.5434038, 0.0464942, , , , , , , 21.5434038, -0.0117494, , , , , , , , , , , , , , , , , , , , , , , , , , , , 
21.5439231, -0.0001678, , , , , , , 21.5439231, 0.054551, , , , , , , 21.5439231, 0.0528725, , , , , , , 21.5439231, -0.0157778, , , , , , , , , , , , , , , , , , , , , , , , , , , , 
21.5444423, 0.0151064, , , , , , , 21.5444423, 0.0916457, , , , , , , 21.5444423, 0.0605936, , , , , , , 21.5444423, -0.0246738, , , , , , , , , , , , , , , , , , , , , , , , , , , , 
21.5449615, 0.030045, , , , , , , 21.5449615, 0.0780499, , , , , , , 21.5449615, 0.0616007, , , , , , , 21.5449615, -0.0337377, , , , , , , , , , , , , , , , , , , , , , , , , , , , 
21.5454808, 0.0394446, , , , , , , 21.5454808, 0.0501869, , , , , , , 21.5454808, 0.0575723, , , , , , , 21.5454808, -0.0397803, , , , , , , , , , , , , , , , , , , , , , , , , , , , 
21.546, 0.0419623, , , , , , , 21.546, 0.0219883, , , , , , , 21.546, 0.0508583, , , , , , , 21.546, -0.0466621, , , , , , , , , , , , , , , , , , , , , , , , , , , , 
21.5465192, 0.0461585, , , , , , , 21.5465192, -0.0068818, , , , , , , 21.5465192, 0.0468299, , , , , , , 21.5465192, -0.0532082, , , , , , , , , , , , , , , , , , , , , , , , , , , , 
21.5470385, 0.0518654, , , , , , , 21.5470385, -0.0404517, , , , , , , 21.5470385, 0.0548867, , , , , , , 21.5470385, -0.0495155, , , , , , , , , , , , , , , , , , , , , , , , , , , , 
21.5475577, 0.0569009, , , , , , , 21.5475577, -0.0908064, , , , , , , 21.5475577, 0.0694896, , , , , , , 21.5475577, -0.040116, , , , , , , , , , , , , , , , , , , , , , , , , , , , 
21.5480769, 0.0629435, , , , , , , 21.5480769, -0.1374685, , , , , , , 21.5480769, 0.0785534, , , , , , , 21.5480769, -0.0283665, , , , , , , , , , , , , , , , , , , , , , , , , , , , 
21.5485962, 0.0656291, , , , , , , 21.5485962, -0.1690242, , , , , , , 21.5485962, 0.0810712, , , , , , , 21.5485962, -0.0157778, , , , , , , , , , , , , , , , , , , , , , , , , , , , 
21.5491154, 0.0616007, , , , , , , 21.5491154, -0.1874876, , , , , , , 21.5491154, 0.0763714, , , , , , , 21.5491154, -0.0057069, , , , , , , , , , , , , , , , , , , , , , , , , , , , 
21.5496346, 0.0574044, , , , , , , 21.5496346, -0.1821164, , , , , , , 21.5496346, 0.0666361, , , , , , , 21.5496346, -0.0035248, , , , , , , , , , , , , , , , , , , , , , , , , , , , 
21.5501538, 0.0639506, , , , , , , 21.5501538, -0.149218, , , , , , , 21.5501538, 0.0518654, , , , , , , 21.5501538, -0.0072175, , , , , , , , , , , , , , , , , , , , , , , , , , , , 
21.5506731, 0.0753643, , , , , , , 21.5506731, -0.0975204, , , , , , , 21.5506731, 0.0251774, , , , , , , 21.5506731, -0.0115816, , , , , , , , , , , , , , , , , , , , , , , , , , , , 
21.5511923, 0.0834211, , , , , , , 21.5511923, -0.0411231, , , , , , , 21.5511923, -0.0112459, , , , , , , 21.5511923, -0.0159457, , , , , , , , , , , , , , , , , , , , , , , , , , , , 
21.5517115, 0.085771, , , , , , , 21.5517115, -0.0050355, , , , , , , 21.5517115, -0.0458228, , , , , , , 21.5517115, -0.0149386, , , , , , , , , , , , , , , , , , , , , , , , , , , , 
21.5522308, 0.0844282, , , , , , , 21.5522308, -0.0031891, , , , , , , 21.5522308, -0.0686503, , , , , , , 21.5522308, -0.0062104, , , , , , , , , , , , , , , , , , , , , , , , , , , , 
21.55275, 0.0793927, , , , , , , 21.55275, -0.0223239, , , , , , , 21.55275, -0.0840925, , , , , , , 21.55275, 0.0050355, , , , , , , , , , , , , , , , , , , , , , , , , , , , 
21.5532692, 0.0713359, , , , , , , 21.5532692, -0.0270237, , , , , , , 21.5532692, -0.0933242, , , , , , , 21.5532692, 0.0218204, , , , , , , , , , , , , , , , , , , , , , , , , , , , 
21.5537885, 0.0589151, , , , , , , 21.5537885, -0.0068818, , , , , , , 21.5537885, -0.0861067, , , , , , , 21.5537885, 0.0441444, , , , , , , , , , , , , , , , , , , , , , , , , , , , 
21.5543077, 0.0387732, , , , , , , 21.5543077, 0.0164492, , , , , , , 21.5543077, -0.0699931, , , , , , , 21.5543077, 0.0642863, , , , , , , , , , , , , , , , , , , , , , , , , , , , 
21.5548269, 0.0199741, , , , , , , 21.5548269, 0.030045, , , , , , , 21.5548269, -0.0666361, , , , , , , 21.5548269, 0.0783856, , , , , , , , , , , , , , , , , , , , , , , , , , , , 
21.5553462, 0.011078, , , , , , , 21.5553462, 0.0354162, , , , , , , 21.5553462, -0.0787213, , , , , , , 21.5553462, 0.0850996, , , , , , , , , , , , , , , , , , , , , , , , , , , , 
21.5558654, 0.0028534, , , , , , , 21.5558654, 0.036759, , , , , , , 21.5558654, -0.090135, , , , , , , 21.5558654, 0.0827497, , , , , , , , , , , , , , , , , , , , , , , , , , , , 
21.5563846, -0.0135958, , , , , , , 21.5563846, 0.0369268, , , , , , , 21.5563846, -0.0929885, , , , , , , 21.5563846, 0.0730144, , , , , , , , , , , , , , , , , , , , , , , , , , , , 
21.5569038, -0.0307164, , , , , , , 21.5569038, 0.035584, , , , , , , 21.5569038, -0.0914778, , , , , , , 21.5569038, 0.0629435, , , , , , , , , , , , , , , , , , , , , , , , , , , , 
21.5574231, -0.0411231, , , , , , , 21.5574231, 0.033402, , , , , , , 21.5574231, -0.0867781, , , , , , , 21.5574231, 0.0542153, , , , , , , , , , , , , , , , , , , , , , , , , , , , 
21.5579423, -0.0471656, , , , , , , 21.5579423, 0.0342412, , , , , , , 21.5579423, -0.0787213, , , , , , , 21.5579423, 0.0438087, , , , , , , , , , , , , , , , , , , , , , , , , , , , 
21.5584615, -0.0505226, , , , , , , 21.5584615, 0.0461585, , , , , , , 21.5584615, -0.0762036, , , , , , , 21.5584615, 0.0330663, , , , , , , , , , , , , , , , , , , , , , , , , , , , 
21.5589808, -0.0552224, , , , , , , 21.5589808, 0.0589151, , , , , , , 21.5589808, -0.0837568, , , , , , , 21.5589808, 0.0219883, , , , , , , , , , , , , , , , , , , , , , , , , , , , 
21.5595, -0.0555581, , , , , , , 21.5595, 0.0619364, , , , , , , 21.5595, -0.0871138, , , , , , , 21.5595, 0.0132601, , , , , , , , , , , , , , , , , , , , , , , , , , , , 
21.5600192, -0.0428016, , , , , , , 21.5600192, 0.064622, , , , , , , 21.5600192, -0.0887922, , , , , , , 21.5600192, 0.0050355, , , , , , , , , , , , , , , , , , , , , , , , , , , , 
21.5605385, -0.0270237, , , , , , , 21.5605385, 0.0656291, , , , , , , 21.5605385, -0.0971847, , , , , , , 21.5605385, -0.0031891, , , , , , , , , , , , , , , , , , , , , , , , , , , , 
21.5610577, -0.0135958, , , , , , , 21.5610577, 0.057908, , , , , , , 21.5610577, -0.1092699, , , , , , , 21.5610577, -0.008896, , , , , , , , , , , , , , , , , , , , , , , , , , , , 
21.5615769, -0.002182, , , , , , , 21.5615769, 0.0411231, , , , , , , 21.5615769, -0.1159838, , , , , , , 21.5615769, -0.0125887, , , , , , , , , , , , , , , , , , , , , , , , , , , , 
21.5620962, 0.0102388, , , , , , , 21.5620962, 0.0193027, , , , , , , 21.5620962, -0.10692, , , , , , , 21.5620962, -0.0146029, , , , , , , , , , , , , , , , , , , , , , , , , , , , 
21.5626154, 0.0213169, , , , , , , 21.5626154, 0.0105745, , , , , , , 21.5626154, -0.0807355, , , , , , , 21.5626154, -0.0169528, , , , , , , , , , , , , , , , , , , , , , , , , , , , 
21.5631346, 0.0280308, , , , , , , 21.5631346, 0.0193027, , , , , , , 21.5631346, -0.0480049, , , , , , , 21.5631346, -0.018967, , , , , , , , , , , , , , , , , , , , , , , , , , , , 
21.5636538, 0.0332341, , , , , , , 21.5636538, 0.0223239, , , , , , , 21.5636538, -0.0219883, , , , , , , 21.5636538, -0.0226596, , , , , , , , , , , , , , , , , , , , , , , , , , , , 
21.5641731, 0.0360876, , , , , , , 21.5641731, 0.0063783, , , , , , , 21.5641731, -0.0015106, , , , , , , 21.5641731, -0.0250095, , , , , , , , , , , , , , , , , , , , , , , , , , , , 
21.5646923, 0.0347448, , , , , , , 21.5646923, -0.0166171, , , , , , , 21.5646923, 0.0152743, , , , , , , 21.5646923, -0.0243381, , , , , , , , , , , , , , , , , , , , , , , , , , , , 
21.5652115, 0.0320592, , , , , , , 21.5652115, -0.0191348, , , , , , , 21.5652115, 0.030045, , , , , , , 21.5652115, -0.0199741, , , , , , , , , , , , , , , , , , , , , , , , , , , , 
21.5657308, 0.033402, , , , , , , 21.5657308, 0.0092317, , , , , , , 21.5657308, 0.0454871, , , , , , , 21.5657308, -0.01561, , , , , , , , , , , , , , , , , , , , , , , , , , , , 
21.56625, 0.0339055, , , , , , , 21.56625, 0.0515297, , , , , , , 21.56625, 0.0518654, , , , , , , 21.56625, -0.0135958, , , , , , , , , , , , , , , , , , , , , , , , , , , , 
21.5667692, 0.0323949, , , , , , , 21.5667692, 0.0822461, , , , , , , 21.5667692, 0.0505226, , , , , , , 21.5667692, -0.0092317, , , , , , , , , , , , , , , , , , , , , , , , , , , , 
21.5672885, 0.0307164, , , , , , , 21.5672885, 0.1005417, , , , , , , 21.5672885, 0.0515297, , , , , , , 21.5672885, -0.0035248, , , , , , , , , , , , , , , , , , , , , , , , , , , , 
21.5678077, 0.0250095, , , , , , , 21.5678077, 0.1287404, , , , , , , 21.5678077, 0.0441444, , , , , , , 21.5678077, 0.0057069, , , , , , , , , , , , , , , , , , , , , , , , , , , , 
21.5683269, 0.0240024, , , , , , , 21.5683269, 0.1643244, , , , , , , 21.5683269, 0.0236667, , , , , , , 21.5683269, 0.0186313, , , , , , , , , , , , , , , , , , , , , , , , , , , , 
21.5688462, 0.0280308, , , , , , , 21.5688462, 0.1728847, , , , , , , 21.5688462, -0.0003357, , , , , , , 21.5688462, 0.033402, , , , , , , , , , , , , , , , , , , , , , , , , , , , 
21.5693654, 0.0320592, , , , , , , 21.5693654, 0.1153124, , , , , , , 21.5693654, -0.0157778, , , , , , , 21.5693654, 0.0428016, , , , , , , , , , , , , , , , , , , , , , , , , , , , 
21.5698846, 0.0439765, , , , , , , 21.5698846, 0.018967, , , , , , , 21.5698846, -0.0209812, , , , , , , 21.5698846, 0.0421302, , , , , , , , , , , , , , , , , , , , , , , , , , , , 
21.5704038, 0.0589151, , , , , , , 21.5704038, -0.0538796, , , , , , , 21.5704038, -0.0176242, , , , , , , 21.5704038, 0.0323949, , , , , , , , , , , , , , , , , , , , , , , , , , , , 
21.5709231, 0.0652934, , , , , , , 21.5709231, -0.0802319, , , , , , , 21.5709231, 0.0005035, , , , , , , 21.5709231, 0.0258488, , , , , , , , , , , , , , , , , , , , , , , , , , , , 
21.5714423, 0.0636149, , , , , , , 21.5714423, -0.0971847, , , , , , , 21.5714423, 0.0320592, , , , , , , 21.5714423, 0.0283665, , , , , , , , , , , , , , , , , , , , , , , , , , , , 
21.5719615, 0.0602579, , , , , , , 21.5719615, -0.1216907, , , , , , , 21.5719615, 0.0605936, , , , , , , 21.5719615, 0.0364233, , , , , , , , , , , , , , , , , , , , , , , , , , , , 
21.5724808, 0.0535439, , , , , , , 21.5724808, -0.1245441, , , , , , , 21.5724808, 0.0797284, , , , , , , 21.5724808, 0.0424659, , , , , , , , , , , , , , , , , , , , , , , , , , , , 
21.573, 0.0458228, , , , , , , 21.573, -0.0710002, , , , , , , 21.573, 0.0995346, , , , , , , 21.573, 0.0394446, , , , , , , , , , , , , , , , , , , , , , , , , , , , 
21.5735192, 0.0360876, , , , , , , 21.5735192, -0.0008392, , , , , , , 21.5735192, 0.1193408, , , , , , , 21.5735192, 0.03122, , , , , , , , , , , , , , , , , , , , , , , , , , , , 
21.5740385, 0.0223239, , , , , , , 21.5740385, 0.0010071, , , , , , , 21.5740385, 0.1230335, , , , , , , 21.5740385, 0.0196384, , , , , , , , , , , , , , , , , , , , , , , , , , , , 
21.5745577, 0.0085603, , , , , , , 21.5745577, -0.0847639, , , , , , , 21.5745577, 0.0983597, , , , , , , 21.5745577, 0.0072175, , , , , , , , , , , , , , , , , , , , , , , , , , , , 
21.5750769, 0.0005035, , , , , , , 21.5750769, -0.2104829, , , , , , , 21.5750769, 0.0542153, , , , , , , 21.5750769, -0.0018463, , , , , , , , , , , , , , , , , , , , , , , , , , , , 
21.5755962, -0.0085603, , , , , , , 21.5755962, -0.2811475, , , , , , , 21.5755962, 0.0075532, , , , , , , 21.5755962, -0.0075532, , , , , , , , , , , , , , , , , , , , , , , , , , , , 
21.5761154, -0.0203098, , , , , , , 21.5761154, -0.2519417, , , , , , , 21.5761154, -0.0323949, , , , , , , 21.5761154, -0.0068818, , , , , , , , , , , , , , , , , , , , , , , , , , , , 
21.5766346, -0.0273594, , , , , , , 21.5766346, -0.1733883, , , , , , , 21.5766346, -0.0626078, , , , , , , 21.5766346, -0.0011749, , , , , , , , , , , , , , , , , , , , , , , , , , , , 
21.5771538, -0.0350805, , , , , , , 21.5771538, -0.1116197, , , , , , , 21.5771538, -0.0834211, , , , , , , 21.5771538, 0.0052033, , , , , , , , , , , , , , , , , , , , , , , , , , , , 
21.5776731, -0.0454871, , , , , , , 21.5776731, -0.0793927, , , , , , , 21.5776731, -0.0891279, , , , , , , 21.5776731, 0.0057069, , , , , , , , , , , , , , , , , , , , , , , , , , , , 
21.5781923, -0.0505226, , , , , , , 21.5781923, -0.0659648, , , , , , , 21.5781923, -0.0780499, , , , , , , 21.5781923, 0.0030213, , , , , , , , , , , , , , , , , , , , , , , , , , , , 
21.5787115, -0.0522011, , , , , , , 21.5787115, -0.0592508, , , , , , , 21.5787115, -0.0619364, , , , , , , 21.5787115, -0.0008392, , , , , , , , , , , , , , , , , , , , , , , , , , , , 
21.5792308, -0.0548867, , , , , , , 21.5792308, -0.0501869, , , , , , , 21.5792308, -0.0558938, , , , , , , 21.5792308, -0.0038605, , , , , , , , , , , , , , , , , , , , , , , , , , , , 
21.57975, -0.0522011, , , , , , , 21.57975, -0.0508583, , , , , , , 21.57975, -0.0575723, , , , , , , 21.57975, -0.0082246, , , , , , , , , , , , , , , , , , , , , , , , , , , , 
21.5802692, -0.0381018, , , , , , , 21.5802692, -0.0464942, , , , , , , 21.5802692, -0.0558938, , , , , , , 21.5802692, -0.0135958, , , , , , , , , , , , , , , , , , , , , , , , , , , , 
21.5807885, -0.0216526, , , , , , , 21.5807885, -0.0263523, , , , , , , 21.5807885, -0.0505226, , , , , , , 21.5807885, -0.0193027, , , , , , , , , , , , , , , , , , , , , , , , , , , , 
21.5813077, -0.0135958, , , , , , , 21.5813077, 0.0008392, , , , , , , 21.5813077, -0.047837, , , , , , , 21.5813077, -0.0223239, , , , , , , , , , , , , , , , , , , , , , , , , , , , 
21.5818269, -0.0082246, , , , , , , 21.5818269, 0.0203098, , , , , , , 21.5818269, -0.0508583, , , , , , , 21.5818269, -0.0226596, , , , , , , , , , , , , , , , , , , , , , , , , , , , 
21.5823462, -0.0082246, , , , , , , 21.5823462, 0.0256809, , , , , , , 21.5823462, -0.0569009, , , , , , , 21.5823462, -0.0199741, , , , , , , , , , , , , , , , , , , , , , , , , , , , 
21.5828654, -0.008896, , , , , , , 21.5828654, 0.0273594, , , , , , , 21.5828654, -0.0592508, , , , , , , 21.5828654, -0.012253, , , , , , , , , , , , , , , , , , , , , , , , , , , , 
21.5833846, -0.0015106, , , , , , , 21.5833846, 0.0313878, , , , , , , 21.5833846, -0.0520333, , , , , , , 21.5833846, -0.002182, , , , , , , , , , , , , , , , , , , , , , , , , , , , 
21.5839038, 0.0078889, , , , , , , 21.5839038, 0.0370947, , , , , , , 21.5839038, -0.0337377, , , , , , , 21.5839038, 0.0041962, , , , , , , , , , , , , , , , , , , , , , , , , , , , 
21.5844231, 0.0146029, , , , , , , 21.5844231, 0.054551, , , , , , , 21.5844231, -0.0085603, , , , , , , 21.5844231, 0.0099031, , , , , , , , , , , , , , , , , , , , , , , , , , , , 
21.5849423, 0.026688, , , , , , , 21.5849423, 0.0783856, , , , , , , 21.5849423, 0.0157778, , , , , , , 21.5849423, 0.017792, , , , , , , , , , , , , , , , , , , , , , , , , , , , 
21.5854615, 0.0379339, , , , , , , 21.5854615, 0.0911421, , , , , , , 21.5854615, 0.0471656, , , , , , , 21.5854615, 0.0297093, , , , , , , , , , , , , , , , , , , , , , , , , , , , 
21.5859808, 0.0396124, , , , , , , 21.5859808, 0.093492, , , , , , , 21.5859808, 0.0877852, , , , , , , 21.5859808, 0.0454871, , , , , , , , , , , , , , , , , , , , , , , , , , , , 
21.5865, 0.0414588, , , , , , , 21.5865, 0.0881209, , , , , , , 21.5865, 0.117998, , , , , , , 21.5865, 0.0616007, , , , , , , , , , , , , , , , , , , , , , , , , , , , 
21.5870192, 0.0459907, , , , , , , 21.5870192, 0.082414, , , , , , , 21.5870192, 0.1240406, , , , , , , 21.5870192, 0.072343, , , , , , , , , , , , , , , , , , , , , , , , , , , , 
21.5875385, 0.0433051, , , , , , , 21.5875385, 0.0918135, , , , , , , 21.5875385, 0.1122911, , , , , , , 21.5875385, 0.0750286, , , , , , , , , , , , , , , , , , , , , , , , , , , , 
21.5880577, 0.0337377, , , , , , , 21.5880577, 0.10692, , , , , , , 21.5880577, 0.0961776, , , , , , , 21.5880577, 0.0696574, , , , , , , , , , , , , , , , , , , , , , , , , , , , 
21.5885769, 0.0271916, , , , , , , 21.5885769, 0.1072557, , , , , , , 21.5885769, 0.0760357, , , , , , , 21.5885769, 0.0592508, , , , , , , , , , , , , , , , , , , , , , , , , , , , 
21.5890962, 0.0260166, , , , , , , 21.5890962, 0.0891279, , , , , , , 21.5890962, 0.0501869, , , , , , , 21.5890962, 0.0486763, , , , , , , , , , , , , , , , , , , , , , , , , , , , 
21.5896154, 0.0317235, , , , , , , 21.5896154, 0.0575723, , , , , , , 21.5896154, 0.0206455, , , , , , , 21.5896154, 0.04448, , , , , , , , , , , , , , , , , , , , , , , , , , , , 
21.5901346, 0.0417945, , , , , , , 21.5901346, 0.0253452, , , , , , , 21.5901346, -0.0179599, , , , , , , 21.5901346, 0.0446479, , , , , , , , , , , , , , , , , , , , , , , , , , , , 
21.5906538, 0.0468299, , , , , , , 21.5906538, 0.017792, , , , , , , 21.5906538, -0.0780499, , , , , , , 21.5906538, 0.0364233, , , , , , , , , , , , , , , , , , , , , , , , , , , , 
21.5911731, 0.0438087, , , , , , , 21.5911731, 0.0095674, , , , , , , 21.5911731, -0.1468681, , , , , , , 21.5911731, 0.0226596, , , , , , , , , , , , , , , , , , , , , , , , , , , , 
21.5916923, 0.0411231, , , , , , , 21.5916923, -0.040116, , , , , , , 21.5916923, -0.1821164, , , , , , , 21.5916923, 0.0135958, , , , , , , , , , , , , , , , , , , , , , , , , , , , 
21.5922115, 0.0421302, , , , , , , 21.5922115, -0.1049058, , , , , , , 21.5922115, -0.1770809, , , , , , , 21.5922115, 0.0085603, , , , , , , , , , , , , , , , , , , , , , , , , , , , 
21.5927308, 0.0412909, , , , , , , 21.5927308, -0.1285725, , , , , , , 21.5927308, -0.161471, , , , , , , 21.5927308, 0.0006714, , , , , , , , , , , , , , , , , , , , , , , , , , , , 
21.59325, 0.0315557, , , , , , , 21.59325, -0.1109483, , , , , , , 21.59325, -0.1535821, , , , , , , 21.59325, -0.0102388, , , , , , , , , , , , , , , , , , , , , , , , , , , , 
21.5937692, 0.0240024, , , , , , , 21.5937692, -0.1008774, , , , , , , 21.5937692, -0.1532464, , , , , , , 21.5937692, -0.0203098, , , , , , , , , , , , , , , , , , , , , , , , , , , , 
21.5942885, 0.0179599, , , , , , , 21.5942885, -0.1139696, , , , , , , 21.5942885, -0.1460288, , , , , , , 21.5942885, -0.0283665, , , , , , , , , , , , , , , , , , , , , , , , , , , , 
21.5948077, 0.0057069, , , , , , , 21.5948077, -0.128069, , , , , , , 21.5948077, -0.1304189, , , , , , , 21.5948077, -0.0293736, , , , , , , , , , , , , , , , , , , , , , , , , , , , 
21.5953269, -0.0035248, , , , , , , 21.5953269, -0.111284, , , , , , , 21.5953269, -0.1082628, , , , , , , 21.5953269, -0.0223239, , , , , , , , , , , , , , , , , , , , , , , , , , , , 
21.5958462, -0.0062104, , , , , , , 21.5958462, -0.0686503, , , , , , , 21.5958462, -0.0817426, , , , , , , 21.5958462, -0.0095674, , , , , , , , , , , , , , , , , , , , , , , , , , , , 
21.5963654, -0.0075532, , , , , , , 21.5963654, -0.0290379, , , , , , , 21.5963654, -0.0397803, , , , , , , 21.5963654, 0.0025177, , , , , , , , , , , , , , , , , , , , , , , , , , , , 
21.5968846, -0.0117494, , , , , , , 21.5968846, -0.0035248, , , , , , , 21.5968846, 0.0172885, , , , , , , 21.5968846, 0.0062104, , , , , , , , , , , , , , , , , , , , , , , , , , , , 
21.5974038, -0.0152743, , , , , , , 21.5974038, 0.0125887, , , , , , , 21.5974038, 0.0803998, , , , , , , 21.5974038, 0.0008392, , , , , , , , , , , , , , , , , , , , , , , , , , , , 
21.5979231, -0.0182956, , , , , , , 21.5979231, 0.0236667, , , , , , , 21.5979231, 0.1351186, , , , , , , 21.5979231, -0.0030213, , , , , , , , , , , , , , , , , , , , , , , , , , , , 
21.5984423, -0.0218204, , , , , , , 21.5984423, 0.0330663, , , , , , , 21.5984423, 0.1613031, , , , , , , 21.5984423, 0.0001678, , , , , , , , , , , , , , , , , , , , , , , , , , , , 
21.5989615, -0.0288701, , , , , , , 21.5989615, 0.0370947, , , , , , , 21.5989615, 0.1522393, , , , , , , 21.5989615, 0.0031891, , , , , , , , , , , , , , , , , , , , , , , , , , , , 
21.5994808, -0.0327306, , , , , , , 21.5994808, 0.0340734, , , , , , , 21.5994808, 0.1220264, , , , , , , 21.5994808, 0.0065461, , , , , , , , , , , , , , , , , , , , , , , , , , , , 
21.6, -0.0236667, , , , , , , 21.6, 0.0280308, , , , , , , 21.6, 0.0844282, , , , , , , 21.6, 0.0176242, , , , , , , , , , , , , , , , , , , , , , , , , , , , 
21.6005192, -0.0102388, , , , , , , 21.6005192, 0.0280308, , , , , , , 21.6005192, 0.049012, , , , , , , 21.6005192, 0.0293736, , , , , , , , , , , , , , , , , , , , , , , , , , , , 
21.6010385, -0.0001678, , , , , , , 21.6010385, 0.0364233, , , , , , , 21.6010385, 0.021149, , , , , , , 21.6010385, 0.0374304, , , , , , , , , , , , , , , , , , , , , , , , , , , , 
21.6015577, 0.0038605, , , , , , , 21.6015577, 0.0461585, , , , , , , 21.6015577, -0.0095674, , , , , , , 21.6015577, 0.0411231, , , , , , , , , , , , , , , , , , , , , , , , , , , , 
21.6020769, 0.0041962, , , , , , , 21.6020769, 0.0498512, , , , , , , 21.6020769, -0.0394446, , , , , , , 21.6020769, 0.036759, , , , , , , , , , , , , , , , , , , , , , , , , , , , 
21.6025962, 0.0048676, , , , , , , 21.6025962, 0.0508583, , , , , , , 21.6025962, -0.0585794, , , , , , , 21.6025962, 0.0280308, , , , , , , , , , , , , , , , , , , , , , , , , , , , 
21.6031154, 0.0085603, , , , , , , 21.6031154, 0.0558938, , , , , , , 21.6031154, -0.0572366, , , , , , , 21.6031154, 0.0213169, , , , , , , , , , , , , , , , , , , , , , , , , , , , 
21.6036346, 0.0159457, , , , , , , 21.6036346, 0.0533761, , , , , , , 21.6036346, -0.0522011, , , , , , , 21.6036346, 0.017792, , , , , , , , , , , , , , , , , , , , , , , , , , , , 
21.6041538, 0.0226596, , , , , , , 21.6041538, 0.0347448, , , , , , , 21.6041538, -0.0674754, , , , , , , 21.6041538, 0.0171206, , , , , , , , , , , , , , , , , , , , , , , , , , , , 
21.6046731, 0.0280308, , , , , , , 21.6046731, 0.012253, , , , , , , 21.6046731, -0.103563, , , , , , , 21.6046731, 0.017792, , , , , , , , , , , , , , , , , , , , , , , , , , , , 
21.6051923, 0.0313878, , , , , , , 21.6051923, 0.0005035, , , , , , , 21.6051923, -0.1257191, , , , , , , 21.6051923, 0.0166171, , , , , , , , , , , , , , , , , , , , , , , , , , , , 
21.6057115, 0.0344091, , , , , , , 21.6057115, 0.002182, , , , , , , 21.6057115, -0.1163195, , , , , , , 21.6057115, 0.0132601, , , , , , , , , , , , , , , , , , , , , , , , , , , , 
21.6062308, 0.036759, , , , , , , 21.6062308, 0.0036927, , , , , , , 21.6062308, -0.0928206, , , , , , , 21.6062308, 0.011078, , , , , , , , , , , , , , , , , , , , , , , , , , , , 
21.60675, 0.0357519, , , , , , , 21.60675, -0.0050355, , , , , , , 21.60675, -0.0720073, , , , , , , 21.60675, 0.0078889, , , , , , , , , , , , , , , , , , , , , , , , , , , , 
21.6072692, 0.0377661, , , , , , , 21.6072692, -0.0102388, , , , , , , 21.6072692, -0.0505226, , , , , , , 21.6072692, 0.0031891, , , , , , , , , , , , , , , , , , , , , , , , , , , , 
21.6077885, 0.0451514, , , , , , , 21.6077885, -0.0025177, , , , , , , 21.6077885, -0.0199741, , , , , , , 21.6077885, -0.002182, , , , , , , , , , , , , , , , , , , , , , , , , , , , 
21.6083077, 0.0439765, , , , , , , 21.6083077, 0.0099031, , , , , , , 21.6083077, 0.0179599, , , , , , , 21.6083077, -0.0072175, , , , , , , , , , , , , , , , , , , , , , , , , , , , 
21.6088269, 0.040116, , , , , , , 21.6088269, 0.0130922, , , , , , , 21.6088269, 0.0535439, , , , , , , 21.6088269, -0.012253, , , , , , , , , , , , , , , , , , , , , , , , , , , , 
21.6093462, 0.0441444, , , , , , , 21.6093462, 0.0031891, , , , , , , 21.6093462, 0.0763714, , , , , , , 21.6093462, -0.0206455, , , , , , , , , , , , , , , , , , , , , , , , , , , , 
21.6098654, 0.0582437, , , , , , , 21.6098654, -0.0068818, , , , , , , 21.6098654, 0.0924849, , , , , , , 21.6098654, -0.0287022, , , , , , , , , , , , , , , , , , , , , , , , , , , , 
21.6103846, 0.0716716, , , , , , , 21.6103846, -0.0031891, , , , , , , 21.6103846, 0.1109483, , , , , , , 21.6103846, -0.0303807, , , , , , , , , , , , , , , , , , , , , , , , , , , , 
21.6109038, 0.0762036, , , , , , , 21.6109038, 0.0105745, , , , , , , 21.6109038, 0.1364614, , , , , , , 21.6109038, -0.027863, , , , , , , , , , , , , , , , , , , , , , , , , , , , 
21.6114231, 0.0760357, , , , , , , 21.6114231, 0.0194705, , , , , , , 21.6114231, 0.1696956, , , , , , , 21.6114231, -0.0216526, , , , , , , , , , , , , , , , , , , , , , , , , , , , 
21.6119423, 0.0710002, , , , , , , 21.6119423, 0.0104067, , , , , , , 21.6119423, 0.1983978, , , , , , , 21.6119423, -0.0164492, , , , , , , , , , , , , , , , , , , , , , , , , , , , 
21.6124615, 0.061265, , , , , , , 21.6124615, -0.0005035, , , , , , , 21.6124615, 0.2138399, , , , , , , 21.6124615, -0.0137636, , , , , , , , , , , , , , , , , , , , , , , , , , , , 
21.6129808, 0.0525368, , , , , , , 21.6129808, 0.0072175, , , , , , , 21.6129808, 0.2118257, , , , , , , 21.6129808, -0.0102388, , , , , , , , , , , , , , , , , , , , , , , , , , , , 
21.6135, 0.0441444, , , , , , , 21.6135, 0.0052033, , , , , , , 21.6135, 0.1874876, , , , , , , 21.6135, -0.002182, , , , , , , , , , , , , , , , , , , , , , , , , , , , 
21.6140192, 0.03122, , , , , , , 21.6140192, -0.0305486, , , , , , , 21.6140192, 0.1428397, , , , , , , 21.6140192, 0.0114137, , , , , , , , , , , , , , , , , , , , , , , , , , , , 
21.6145385, 0.0124208, , , , , , , 21.6145385, -0.068986, , , , , , , 21.6145385, 0.0760357, , , , , , , 21.6145385, 0.0280308, , , , , , , , , , , , , , , , , , , , , , , , , , , , 
21.6150577, -0.002182, , , , , , , 21.6150577, -0.0874495, , , , , , , 21.6150577, -0.0062104, , , , , , , 21.6150577, 0.0384375, , , , , , , , , , , , , , , , , , , , , , , , , , , , 
21.6155769, -0.0102388, , , , , , , 21.6155769, -0.0944991, , , , , , , 21.6155769, -0.0867781, , , , , , , 21.6155769, 0.0424659, , , , , , , , , , , , , , , , , , , , , , , , , , , , 
21.6160962, -0.0206455, , , , , , , 21.6160962, -0.0995346, , , , , , , 21.6160962, -0.1576104, , , , , , , 21.6160962, 0.0464942, , , , , , , , , , , , , , , , , , , , , , , , , , , , 
21.6166154, -0.030045, , , , , , , 21.6166154, -0.0840925, , , , , , , 21.6166154, -0.2153506, , , , , , , 21.6166154, 0.0548867, , , , , , , , , , , , , , , , , , , , , , , , , , , , 
21.6171346, -0.0438087, , , , , , , 21.6171346, -0.0449836, , , , , , , 21.6171346, -0.2475776, , , , , , , 21.6171346, 0.0713359, , , , , , , , , , , , , , , , , , , , , , , , , , , , 
21.6176538, -0.0528725, , , , , , , 21.6176538, -0.0250095, , , , , , , 21.6176538, -0.2472419, , , , , , , 21.6176538, 0.082414, , , , , , , , , , , , , , , , , , , , , , , , , , , , 
21.6181731, -0.0558938, , , , , , , 21.6181731, -0.0451514, , , , , , , 21.6181731, -0.2250858, , , , , , , 21.6181731, 0.0750286, , , , , , , , , , , , , , , , , , , , , , , , , , , , 
21.6186923, -0.0599222, , , , , , , 21.6186923, -0.0605936, , , , , , , 21.6186923, -0.1844663, , , , , , , 21.6186923, 0.0589151, , , , , , , , , , , , , , , , , , , , , , , , , , , , 
21.6192115, -0.0629435, , , , , , , 21.6192115, -0.0317235, , , , , , , 21.6192115, -0.1176623, , , , , , , 21.6192115, 0.0538796, , , , , , , , , , , , , , , , , , , , , , , , , , , , 
21.6197308, -0.0552224, , , , , , , 21.6197308, 0.0104067, , , , , , , 21.6197308, -0.0379339, , , , , , , 21.6197308, 0.0518654, , , , , , , , , , , , , , , , , , , , , , , , , , , , 
21.62025, -0.0417945, , , , , , , 21.62025, 0.023331, , , , , , , 21.62025, 0.0219883, , , , , , , 21.62025, 0.040116, , , , , , , , , , , , , , , , , , , , , , , , , , , , 
21.6207692, -0.0283665, , , , , , , 21.6207692, 0.0087282, , , , , , , 21.6207692, 0.0528725, , , , , , , 21.6207692, 0.0209812, , , , , , , , , , , , , , , , , , , , , , , , , , , , 
21.6212885, -0.0157778, , , , , , , 21.6212885, -0.0082246, , , , , , , 21.6212885, 0.0726787, , , , , , , 21.6212885, 0.0035248, , , , , , , , , , , , , , , , , , , , , , , , , , , , 
21.6218077, -0.0102388, , , , , , , 21.6218077, -0.008896, , , , , , , 21.6218077, 0.0923171, , , , , , , 21.6218077, -0.0068818, , , , , , , , , , , , , , , , , , , , , , , , , , , , 
21.6223269, -0.0057069, , , , , , , 21.6223269, 0.0112459, , , , , , , 21.6223269, 0.0995346, , , , , , , 21.6223269, -0.0132601, , , , , , , , , , , , , , , , , , , , , , , , , , , , 
21.6228462, -0.0015106, , , , , , , 21.6228462, 0.0179599, , , , , , , 21.6228462, 0.0924849, , , , , , , 21.6228462, -0.0179599, , , , , , , , , , , , , , , , , , , , , , , , , , , , 
21.6233654, 0.0018463, , , , , , , 21.6233654, -0.0095674, , , , , , , 21.6233654, 0.0881209, , , , , , , 21.6233654, -0.017792, , , , , , , , , , , , , , , , , , , , , , , , , , , , 
21.6238846, 0.0031891, , , , , , , 21.6238846, -0.033402, , , , , , , 21.6238846, 0.0897993, , , , , , , 21.6238846, -0.01561, , , , , , , , , , , , , , , , , , , , , , , , , , , , 
21.6244038, 0.0092317, , , , , , , 21.6244038, -0.0303807, , , , , , , 21.6244038, 0.0884565, , , , , , , 21.6244038, -0.012253, , , , , , , , , , , , , , , , , , , , , , , , , , , , 
21.6249231, 0.0176242, , , , , , , 21.6249231, -0.0250095, , , , , , , 21.6249231, 0.0839246, , , , , , , 21.6249231, -0.0082246, , , , , , , , , , , , , , , , , , , , , , , , , , , , 
21.6254423, 0.0206455, , , , , , , 21.6254423, -0.0186313, , , , , , , 21.6254423, 0.0770428, , , , , , , 21.6254423, -0.0030213, , , , , , , , , , , , , , , , , , , , , , , , , , , , 
21.6259615, 0.0236667, , , , , , , 21.6259615, -0.005539, , , , , , , 21.6259615, 0.056733, , , , , , , 21.6259615, -0.0018463, , , , , , , , , , , , , , , , , , , , , , , , , , , , 
21.6264808, 0.0307164, , , , , , , 21.6264808, 0.0085603, , , , , , , 21.6264808, 0.012253, , , , , , , 21.6264808, -0.0050355, , , , , , , , , , , , , , , , , , , , , , , , , , , , 
21.627, 0.0381018, , , , , , , 21.627, -0.0028534, , , , , , , 21.627, -0.0562295, , , , , , , 21.627, -0.005539, , , , , , , , , , , , , , , , , , , , , , , , , , , , 
21.6275192, 0.0397803, , , , , , , 21.6275192, -0.0387732, , , , , , , 21.6275192, -0.1297475, , , , , , , 21.6275192, 0.0058747, , , , , , , , , , , , , , , , , , , , , , , , , , , , 
21.6280385, 0.0381018, , , , , , , 21.6280385, -0.0763714, , , , , , , 21.6280385, -0.1811093, , , , , , , 21.6280385, 0.0263523, , , , , , , , , , , , , , , , , , , , , , , , , , , , 
21.6285577, 0.0359197, , , , , , , 21.6285577, -0.1017166, , , , , , , 21.6285577, -0.2044404, , , , , , , 21.6285577, 0.0491798, , , , , , , , , , , , , , , , , , , , , , , , , , , , 
21.6290769, 0.0340734, , , , , , , 21.6290769, -0.1109483, , , , , , , 21.6290769, -0.2089723, , , , , , , 21.6290769, 0.0656291, , , , , , , , , , , , , , , , , , , , , , , , , , , , 
21.6295962, 0.0417945, , , , , , , 21.6295962, -0.0978561, , , , , , , 21.6295962, -0.203769, , , , , , , 21.6295962, 0.0703288, , , , , , , , , , , , , , , , , , , , , , , , , , , , 
21.6301154, 0.0565652, , , , , , , 21.6301154, -0.0656291, , , , , , , 21.6301154, -0.1908446, , , , , , , 21.6301154, 0.0649577, , , , , , , , , , , , , , , , , , , , , , , , , , , , 
21.6306346, 0.0696574, , , , , , , 21.6306346, -0.0260166, , , , , , , 21.6306346, -0.16701, , , , , , , 21.6306346, 0.0569009, , , , , , , , , , , , , , , , , , , , , , , , , , , , 
21.6311538, 0.0740215, , , , , , , 21.6311538, 0.0179599, , , , , , , 21.6311538, -0.1307546, , , , , , , 21.6311538, 0.0468299, , , , , , , , , , , , , , , , , , , , , , , , , , , , 
21.6316731, 0.0760357, , , , , , , 21.6316731, 0.0387732, , , , , , , 21.6316731, -0.0924849, , , , , , , 21.6316731, 0.0327306, , , , , , , , , , , , , , , , , , , , , , , , , , , , 
21.6321923, 0.0787213, , , , , , , 21.6321923, 0.0337377, , , , , , , 21.6321923, -0.0592508, , , , , , , 21.6321923, 0.0159457, , , , , , , , , , , , , , , , , , , , , , , , , , , , 
21.6327115, 0.0746929, , , , , , , 21.6327115, 0.026688, , , , , , , 21.6327115, -0.0313878, , , , , , , 21.6327115, 0.0011749, , , , , , , , , , , , , , , , , , , , , , , , , , , , 
21.6332308, 0.0617685, , , , , , , 21.6332308, 0.0287022, , , , , , , 21.6332308, -0.0075532, , , , , , , 21.6332308, -0.0112459, , , , , , , , , , , , , , , , , , , , , , , , , , , , 
21.63375, 0.0468299, , , , , , , 21.63375, 0.040116, , , , , , , 21.63375, 0.0085603, , , , , , , 21.63375, -0.0186313, , , , , , , , , , , , , , , , , , , , , , , , , , , , 
21.6342692, 0.0320592, , , , , , , 21.6342692, 0.0562295, , , , , , , 21.6342692, 0.0253452, , , , , , , 21.6342692, -0.0213169, , , , , , , , , , , , , , , , , , , , , , , , , , , , 
21.6347885, 0.0199741, , , , , , , 21.6347885, 0.064622, , , , , , , 21.6347885, 0.0468299, , , , , , , 21.6347885, -0.0187991, , , , , , , , , , , , , , , , , , , , , , , , , , , , 
21.6353077, 0.0031891, , , , , , , 21.6353077, 0.0555581, , , , , , , 21.6353077, 0.0626078, , , , , , , 21.6353077, -0.0135958, , , , , , , , , , , , , , , , , , , , , , , , , , , , 
21.6358269, -0.0124208, , , , , , , 21.6358269, 0.0404517, , , , , , , 21.6358269, 0.0696574, , , , , , , 21.6358269, -0.0085603, , , , , , , , , , , , , , , , , , , , , , , , , , , , 
21.6363462, -0.021149, , , , , , , 21.6363462, 0.0317235, , , , , , , 21.6363462, 0.0743572, , , , , , , 21.6363462, -0.0043641, , , , , , , , , , , , , , , , , , , , , , , , , , , , 
21.6368654, -0.0347448, , , , , , , 21.6368654, 0.0213169, , , , , , , 21.6368654, 0.0871138, , , , , , , 21.6368654, -0.002182, , , , , , , , , , , , , , , , , , , , , , , , , , , , 
21.6373846, -0.0498512, , , , , , , 21.6373846, 0.0025177, , , , , , , 21.6373846, 0.1025559, , , , , , , 21.6373846, 0.0008392, , , , , , , , , , , , , , , , , , , , , , , , , , , , 
21.6379038, -0.0542153, , , , , , , 21.6379038, -0.0117494, , , , , , , 21.6379038, 0.1106126, , , , , , , 21.6379038, 0.0045319, , , , , , , , , , , , , , , , , , , , , , , , , , , , 
21.6384231, -0.0525368, , , , , , , 21.6384231, -0.0109102, , , , , , , 21.6384231, 0.1106126, , , , , , , 21.6384231, 0.0057069, , , , , , , , , , , , , , , , , , , , , , , , , , , , 
21.6389423, -0.0525368, , , , , , , 21.6389423, -0.0015106, , , , , , , 21.6389423, 0.1085985, , , , , , , 21.6389423, 0.0041962, , , , , , , , , , , , , , , , , , , , , , , , , , , , 
21.6394615, -0.0471656, , , , , , , 21.6394615, -0.0048676, , , , , , , 21.6394615, 0.1032273, , , , , , , 21.6394615, 0.0050355, , , , , , , , , , , , , , , , , , , , , , , , , , , , 
21.6399808, -0.0317235, , , , , , , 21.6399808, -0.0258488, , , , , , , 21.6399808, 0.0951705, , , , , , , 21.6399808, 0.0062104, , , , , , , , , , , , , , , , , , , , , , , , , , , , 
21.6405, -0.0179599, , , , , , , 21.6405, -0.0463264, , , , , , , 21.6405, 0.082414, , , , , , , 21.6405, 0.0052033, , , , , , , , , , , , , , , , , , , , , , , , , , , , 
21.6410192, -0.0112459, , , , , , , 21.6410192, -0.051194, , , , , , , 21.6410192, 0.063447, , , , , , , 21.6410192, 0.0025177, , , , , , , , , , , , , , , , , , , , , , , , , , , , 
21.6415385, -0.0035248, , , , , , , 21.6415385, -0.0473335, , , , , , , 21.6415385, 0.043473, , , , , , , 21.6415385, 0.0058747, , , , , , , , , , , , , , , , , , , , , , , , , , , , 
21.6420577, 0.0010071, , , , , , , 21.6420577, -0.0424659, , , , , , , 21.6420577, 0.0303807, , , , , , , 21.6420577, 0.0105745, , , , , , , , , , , , , , , , , , , , , , , , , , , , 
21.6425769, -0.0052033, , , , , , , 21.6425769, -0.0176242, , , , , , , 21.6425769, 0.0204776, , , , , , , 21.6425769, 0.0139315, , , , , , , , , , , , , , , , , , , , , , , , , , , , 
21.6430962, -0.0115816, , , , , , , 21.6430962, 0.0428016, , , , , , , 21.6430962, 0.0068818, , , , , , , 21.6430962, 0.0152743, , , , , , , , , , , , , , , , , , , , , , , , , , , , 
21.6436154, -0.0119173, , , , , , , 21.6436154, 0.1038987, , , , , , , 21.6436154, -0.0124208, , , , , , , 21.6436154, 0.0104067, , , , , , , , , , , , , , , , , , , , , , , , , , , , 
21.6441346, -0.0097353, , , , , , , 21.6441346, 0.1388113, , , , , , , 21.6441346, -0.0271916, , , , , , , 21.6441346, 0.0045319, , , , , , , , , , , , , , , , , , , , , , , , , , , , 
21.6446538, -0.0058747, , , , , , , 21.6446538, 0.1618067, , , , , , , 21.6446538, -0.0297093, , , , , , , 21.6446538, 0.0038605, , , , , , , , , , , , , , , , , , , , , , , , , , , , 
21.6451731, -0.0016785, , , , , , , 21.6451731, 0.1784237, , , , , , , 21.6451731, -0.0297093, , , , , , , 21.6451731, 0.0057069, , , , , , , , , , , , , , , , , , , , , , , , , , , , 
21.6456923, 0.0025177, , , , , , , 21.6456923, 0.1722133, , , , , , , 21.6456923, -0.0377661, , , , , , , 21.6456923, 0.0045319, , , , , , , , , , , , , , , , , , , , , , , , , , , , 
21.6462115, 0.0058747, , , , , , , 21.6462115, 0.1435111, , , , , , , 21.6462115, -0.047837, , , , , , , 21.6462115, 0.0048676, , , , , , , , , , , , , , , , , , , , , , , , , , , , 
21.6467308, 0.0090639, , , , , , , 21.6467308, 0.098024, , , , , , , 21.6467308, -0.0532082, , , , , , , 21.6467308, 0.0082246, , , , , , , , , , , , , , , , , , , , , , , , , , , , 
21.64725, 0.0099031, , , , , , , 21.64725, 0.0532082, , , , , , , 21.64725, -0.0572366, , , , , , , 21.64725, 0.0119173, , , , , , , , , , , , , , , , , , , , , , , , , , , , 
21.6477692, 0.0058747, , , , , , , 21.6477692, 0.0236667, , , , , , , 21.6477692, -0.0610971, , , , , , , 21.6477692, 0.012253, , , , , , , , , , , , , , , , , , , , , , , , , , , , 
21.6482885, 0.0092317, , , , , , , 21.6482885, -0.0250095, , , , , , , 21.6482885, -0.064622, , , , , , , 21.6482885, 0.0139315, , , , , , , , , , , , , , , , , , , , , , , , , , , , 
21.6488077, 0.0179599, , , , , , , 21.6488077, -0.1307546, , , , , , , 21.6488077, -0.0632792, , , , , , , 21.6488077, 0.0196384, , , , , , , , , , , , , , , , , , , , , , , , , , , , 
21.6493269, 0.0287022, , , , , , , 21.6493269, -0.2653696, , , , , , , 21.6493269, -0.054551, , , , , , , 21.6493269, 0.0253452, , , , , , , , , , , , , , , , , , , , , , , , , , , , 
21.6498462, 0.0438087, , , , , , , 21.6498462, -0.3415732, , , , , , , 21.6498462, -0.0436408, , , , , , , 21.6498462, 0.0226596, , , , , , , , , , , , , , , , , , , , , , , , , , , , 
21.6503654, 0.0609293, , , , , , , 21.6503654, -0.3257954, , , , , , , 21.6503654, -0.0318914, , , , , , , 21.6503654, 0.0139315, , , , , , , , , , , , , , , , , , , , , , , , , , , , 
21.6508846, 0.0763714, , , , , , , 21.6508846, -0.2593271, , , , , , , 21.6508846, -0.018967, , , , , , , 21.6508846, 0.0065461, , , , , , , , , , , , , , , , , , , , , , , , , , , , 
21.6514038, 0.0874495, , , , , , , 21.6514038, -0.1742275, , , , , , , 21.6514038, -0.0057069, , , , , , , 21.6514038, -0.0001678, , , , , , , , , , , , , , , , , , , , , , , , , , , , 
21.6519231, 0.0951705, , , , , , , 21.6519231, -0.0887922, , , , , , , 21.6519231, 0.0030213, , , , , , , 21.6519231, -0.005539, , , , , , , , , , , , , , , , , , , , , , , , , , , , 
21.6524423, 0.0958419, , , , , , , 21.6524423, -0.0137636, , , , , , , 21.6524423, 0.0048676, , , , , , , 21.6524423, -0.0115816, , , , , , , , , , , , , , , , , , , , , , , , , , , , 
21.6529615, 0.0929885, , , , , , , 21.6529615, 0.0339055, , , , , , , 21.6529615, 0.0035248, , , , , , , 21.6529615, -0.0152743, , , , , , , , , , , , , , , , , , , , , , , , , , , , 
21.6534808, 0.0928206, , , , , , , 21.6534808, 0.0461585, , , , , , , 21.6534808, 0.0092317, , , , , , , 21.6534808, -0.0172885, , , , , , , , , , , , , , , , , , , , , , , , , , , , 
21.654, 0.0884565, , , , , , , 21.654, 0.0330663, , , , , , , 21.654, 0.023331, , , , , , , 21.654, -0.0182956, , , , , , , , , , , , , , , , , , , , , , , , , , , , 
21.6545192, 0.0800641, , , , , , , 21.6545192, 0.0196384, , , , , , , 21.6545192, 0.0337377, , , , , , , 21.6545192, -0.018967, , , , , , , , , , , , , , , , , , , , , , , , , , , , 
21.6550385, 0.0676432, , , , , , , 21.6550385, 0.0226596, , , , , , , 21.6550385, 0.0377661, , , , , , , 21.6550385, -0.0162814, , , , , , , , , , , , , , , , , , , , , , , , , , , , 
21.6555577, 0.0555581, , , , , , , 21.6555577, 0.0198062, , , , , , , 21.6555577, 0.0431373, , , , , , , 21.6555577, -0.0078889, , , , , , , , , , , , , , , , , , , , , , , , , , , , 
21.6560769, 0.0411231, , , , , , , 21.6560769, -0.0085603, , , , , , , 21.6560769, 0.0527047, , , , , , , 21.6560769, 0.0038605, , , , , , , , , , , , , , , , , , , , , , , , , , , , 
21.6565962, 0.0251774, , , , , , , 21.6565962, -0.0360876, , , , , , , 21.6565962, 0.0589151, , , , , , , 21.6565962, 0.018967, , , , , , , , , , , , , , , , , , , , , , , , , , , , 
21.6571154, 0.0058747, , , , , , , 21.6571154, -0.0372625, , , , , , , 21.6571154, 0.0639506, , , , , , , 21.6571154, 0.0325628, , , , , , , , , , , , , , , , , , , , , , , , , , , , 
21.6576346, -0.012253, , , , , , , 21.6576346, -0.023331, , , , , , , 21.6576346, 0.0693217, , , , , , , 21.6576346, 0.0397803, , , , , , , , , , , , , , , , , , , , , , , , , , , , 
21.6581538, -0.0253452, , , , , , , 21.6581538, -0.0041962, , , , , , , 21.6581538, 0.079057, , , , , , , 21.6581538, 0.0426337, , , , , , , , , , , , , , , , , , , , , , , , , , , , 
21.6586731, -0.0365911, , , , , , , 21.6586731, 0.0068818, , , , , , , 21.6586731, 0.0936599, , , , , , , 21.6586731, 0.0453193, , , , , , , , , , , , , , , , , , , , , , , , , , , , 
21.6591923, -0.0481727, , , , , , , 21.6591923, 0.0052033, , , , , , , 21.6591923, 0.1129625, , , , , , , 21.6591923, 0.0414588, , , , , , , , , , , , , , , , , , , , , , , , , , , , 
21.6597115, -0.0518654, , , , , , , 21.6597115, 0.0052033, , , , , , , 21.6597115, 0.1418326, , , , , , , 21.6597115, 0.0327306, , , , , , , , , , , , , , , , , , , , , , , , , , , , 
21.6602308, -0.0421302, , , , , , , 21.6602308, 0.0132601, , , , , , , 21.6602308, 0.1671778, , , , , , , 21.6602308, 0.0219883, , , , , , , , , , , , , , , , , , , , , , , , , , , , 
21.66075, -0.0317235, , , , , , , 21.66075, 0.008896, , , , , , , 21.66075, 0.1819486, , , , , , , 21.66075, 0.0115816, , , , , , , , , , , , , , , , , , , , , , , , , , , , 
21.6612692, -0.0303807, , , , , , , 21.6612692, -0.0015106, , , , , , , 21.6612692, 0.1938659, , , , , , , 21.6612692, 0.0062104, , , , , , , , , , , , , , , , , , , , , , , , , , , , 
21.6617885, -0.0250095, , , , , , , 21.6617885, -0.0005035, , , , , , , 21.6617885, 0.1905089, , , , , , , 21.6617885, 0.0085603, , , , , , , , , , , , , , , , , , , , , , , , , , , , 
21.6623077, -0.018967, , , , , , , 21.6623077, 0.0040284, , , , , , , 21.6623077, 0.1601282, , , , , , , 21.6623077, 0.0125887, , , , , , , , , , , , , , , , , , , , , , , , , , , , 
21.6628269, -0.012253, , , , , , , 21.6628269, 0.0065461, , , , , , , 21.6628269, 0.1065843, , , , , , , 21.6628269, 0.0151064, , , , , , , , , , , , , , , , , , , , , , , , , , , , 
21.6633462, -0.0092317, , , , , , , 21.6633462, 0.0099031, , , , , , , 21.6633462, 0.0370947, , , , , , , 21.6633462, 0.017792, , , , , , , , , , , , , , , , , , , , , , , , , , , , 
21.6638654, -0.005539, , , , , , , 21.6638654, 0.0105745, , , , , , , 21.6638654, -0.0454871, , , , , , , 21.6638654, 0.0193027, , , , , , , , , , , , , , , , , , , , , , , , , , , , 
21.6643846, -0.0008392, , , , , , , 21.6643846, 0.0068818, , , , , , , 21.6643846, -0.1317617, , , , , , , 21.6643846, 0.0216526, , , , , , , , , , , , , , , , , , , , , , , , , , , , 
21.6649038, -0.0008392, , , , , , , 21.6649038, 0.0011749, , , , , , , 21.6649038, -0.2143435, , , , , , , 21.6649038, 0.026688, , , , , , , , , , , , , , , , , , , , , , , , , , , , 
21.6654231, 0.0011749, , , , , , , 21.6654231, 0.0005035, , , , , , , 21.6654231, -0.2895399, , , , , , , 21.6654231, 0.0313878, , , , , , , , , , , , , , , , , , , , , , , , , , , , 
21.6659423, 0.0057069, , , , , , , 21.6659423, 0.0048676, , , , , , , 21.6659423, -0.3556725, , , , , , , 21.6659423, 0.0330663, , , , , , , , , , , , , , , , , , , , , , , , , , , , 
21.6664615, 0.0065461, , , , , , , 21.6664615, 0.0077211, , , , , , , 21.6664615, -0.4025025, , , , , , , 21.6664615, 0.0280308, , , , , , , , , , , , , , , , , , , , , , , , , , , , 
21.6669808, 0.0085603, , , , , , , 21.6669808, 0.0077211, , , , , , , 21.6669808, -0.4263371, , , , , , , 21.6669808, 0.0199741, , , , , , , , , , , , , , , , , , , , , , , , , , , , 
21.6675, 0.01561, , , , , , , 21.6675, 0.0065461, , , , , , , 21.6675, -0.4199588, , , , , , , 21.6675, 0.0142672, , , , , , , , , , , , , , , , , , , , , , , , , , , , 
21.6680192, 0.0229953, , , , , , , 21.6680192, 0.0082246, , , , , , , 21.6680192, -0.4016632, , , , , , , 21.6680192, 0.0169528, , , , , , , , , , , , , , , , , , , , , , , , , , , , 
21.6685385, 0.0246738, , , , , , , 21.6685385, 0.0124208, , , , , , , 21.6685385, -0.3808499, , , , , , , 21.6685385, 0.0263523, , , , , , , , , , , , , , , , , , , , , , , , , , , , 
21.6690577, 0.026688, , , , , , , 21.6690577, 0.0176242, , , , , , , 21.6690577, -0.3445945, , , , , , , 21.6690577, 0.0317235, , , , , , , , , , , , , , , , , , , , , , , , , , , , 
21.6695769, 0.0391089, , , , , , , 21.6695769, 0.0182956, , , , , , , 21.6695769, -0.2935683, , , , , , , 21.6695769, 0.0273594, , , , , , , , , , , , , , , , , , , , , , , , , , , , 
21.6700962, 0.0585794, , , , , , , 21.6700962, 0.0169528, , , , , , , 21.6700962, -0.2286107, , , , , , , 21.6700962, 0.0198062, , , , , , , , , , , , , , , , , , , , , , , , , , , , 
21.6706154, 0.072343, , , , , , , 21.6706154, 0.0179599, , , , , , , 21.6706154, -0.1621424, , , , , , , 21.6706154, 0.0119173, , , , , , , , , , , , , , , , , , , , , , , , , , , , 
21.6711346, 0.081239, , , , , , , 21.6711346, 0.0206455, , , , , , , 21.6711346, -0.1008774, , , , , , , 21.6711346, 0.0025177, , , , , , , , , , , , , , , , , , , , , , , , , , , , 
21.6716538, 0.0909743, , , , , , , 21.6716538, 0.0216526, , , , , , , 21.6716538, -0.0411231, , , , , , , 21.6716538, -0.0068818, , , , , , , , , , , , , , , , , , , , , , , , , , , , 
21.6721731, 0.0971847, , , , , , , 21.6721731, 0.0218204, , , , , , , 21.6721731, 0.0172885, , , , , , , 21.6721731, -0.0139315, , , , , , , , , , , , , , , , , , , , , , , , , , , , 
21.6726923, 0.0951705, , , , , , , 21.6726923, 0.0250095, , , , , , , 21.6726923, 0.0616007, , , , , , , 21.6726923, -0.0154421, , , , , , , , , , , , , , , , , , , , , , , , , , , , 
21.6732115, 0.0830854, , , , , , , 21.6732115, 0.0263523, , , , , , , 21.6732115, 0.0822461, , , , , , , 21.6732115, -0.0109102, , , , , , , , , , , , , , , , , , , , , , , , , , , , 
21.6737308, 0.0629435, , , , , , , 21.6737308, 0.0243381, , , , , , , 21.6737308, 0.0854353, , , , , , , 21.6737308, -0.0030213, , , , , , , , , , , , , , , , , , , , , , , , , , , , 
21.67425, 0.0454871, , , , , , , 21.67425, 0.0179599, , , , , , , 21.67425, 0.0861067, , , , , , , 21.67425, 0.0048676, , , , , , , , , , , , , , , , , , , , , , , , , , , , 
21.6747692, 0.0320592, , , , , , , 21.6747692, 0.0008392, , , , , , , 21.6747692, 0.0950027, , , , , , , 21.6747692, 0.0171206, , , , , , , , , , , , , , , , , , , , , , , , , , , , 
21.6752885, 0.0209812, , , , , , , 21.6752885, -0.0159457, , , , , , , 21.6752885, 0.111284, , , , , , , 21.6752885, 0.0313878, , , , , , , , , , , , , , , , , , , , , , , , , , , , 
21.6758077, 0.0011749, , , , , , , 21.6758077, -0.0203098, , , , , , , 21.6758077, 0.1364614, , , , , , , 21.6758077, 0.0424659, , , , , , , , , , , , , , , , , , , , , , , , , , , , 
21.6763269, -0.0186313, , , , , , , 21.6763269, -0.01561, , , , , , , 21.6763269, 0.1649958, , , , , , , 21.6763269, 0.0508583, , , , , , , , , , , , , , , , , , , , , , , , , , , , 
21.6768462, -0.033402, , , , , , , 21.6768462, -0.0109102, , , , , , , 21.6768462, 0.1817807, , , , , , , 21.6768462, 0.054551, , , , , , , , , , , , , , , , , , , , , , , , , , , , 
21.6773654, -0.0448157, , , , , , , 21.6773654, -0.0135958, , , , , , , 21.6773654, 0.1816129, , , , , , , 21.6773654, 0.0468299, , , , , , , , , , , , , , , , , , , , , , , , , , , , 
21.6778846, -0.0528725, , , , , , , 21.6778846, -0.018967, , , , , , , 21.6778846, 0.1661707, , , , , , , 21.6778846, 0.0307164, , , , , , , , , , , , , , , , , , , , , , , , , , , , 
21.6784038, -0.0552224, , , , , , , 21.6784038, -0.014435, , , , , , , 21.6784038, 0.1428397, , , , , , , 21.6784038, 0.0152743, , , , , , , , , , , , , , , , , , , , , , , , , , , , 
21.6789231, -0.0548867, , , , , , , 21.6789231, 0.0038605, , , , , , , 21.6789231, 0.114641, , , , , , , 21.6789231, 0.0099031, , , , , , , , , , , , , , , , , , , , , , , , , , , , 
21.6794423, -0.0532082, , , , , , , 21.6794423, 0.0226596, , , , , , , 21.6794423, 0.0840925, , , , , , , 21.6794423, 0.0105745, , , , , , , , , , , , , , , , , , , , , , , , , , , , 
21.6799615, -0.0466621, , , , , , , 21.6799615, 0.0325628, , , , , , , 21.6799615, 0.0575723, , , , , , , 21.6799615, 0.0105745, , , , , , , , , , , , , , , , , , , , , , , , , , , , 
21.6804808, -0.0377661, , , , , , , 21.6804808, 0.0453193, , , , , , , 21.6804808, 0.0407874, , , , , , , 21.6804808, 0.0065461, , , , , , , , , , , , , , , , , , , , , , , , , , , , 
21.681, -0.0236667, , , , , , , 21.681, 0.0570687, , , , , , , 21.681, 0.0325628, , , , , , , 21.681, 0.0023499, , , , , , , , , , , , , , , , , , , , , , , , , , , , 
21.6815192, -0.0112459, , , , , , , 21.6815192, 0.0493477, , , , , , , 21.6815192, 0.0226596, , , , , , , 21.6815192, 0.0018463, , , , , , , , , , , , , , , , , , , , , , , , , , , , 
21.6820385, -0.0048676, , , , , , , 21.6820385, 0.0159457, , , , , , , 21.6820385, 0.0159457, , , , , , , 21.6820385, 0.0038605, , , , , , , , , , , , , , , , , , , , , , , , , , , , 
21.6825577, -0.0018463, , , , , , , 21.6825577, -0.0260166, , , , , , , 21.6825577, 0.0219883, , , , , , , 21.6825577, 0.0058747, , , , , , , , , , , , , , , , , , , , , , , , , , , , 
21.6830769, -0.0028534, , , , , , , 21.6830769, -0.0592508, , , , , , , 21.6830769, 0.0397803, , , , , , , 21.6830769, 0.0048676, , , , , , , , , , , , , , , , , , , , , , , , , , , , 
21.6835962, -0.0052033, , , , , , , 21.6835962, -0.0834211, , , , , , , 21.6835962, 0.0542153, , , , , , , 21.6835962, 0.0045319, , , , , , , , , , , , , , , , , , , , , , , , , , , , 
21.6841154, -0.0045319, , , , , , , 21.6841154, -0.0965133, , , , , , , 21.6841154, 0.0669718, , , , , , , 21.6841154, 0.0058747, , , , , , , , , , , , , , , , , , , , , , , , , , , , 
21.6846346, 0.0010071, , , , , , , 21.6846346, -0.0908064, , , , , , , 21.6846346, 0.0844282, , , , , , , 21.6846346, 0.0090639, , , , , , , , , , , , , , , , , , , , , , , , , , , , 
21.6851538, 0.0045319, , , , , , , 21.6851538, -0.0636149, , , , , , , 21.6851538, 0.1003738, , , , , , , 21.6851538, 0.0119173, , , , , , , , , , , , , , , , , , , , , , , , , , , , 
21.6856731, 0.0052033, , , , , , , 21.6856731, -0.0339055, , , , , , , 21.6856731, 0.0990311, , , , , , , 21.6856731, 0.0135958, , , , , , , , , , , , , , , , , , , , , , , , , , , , 
21.6861923, 0.0041962, , , , , , , 21.6861923, -0.0176242, , , , , , , 21.6861923, 0.0803998, , , , , , , 21.6861923, 0.0142672, , , , , , , , , , , , , , , , , , , , , , , , , , , , 
21.6867115, 0.0018463, , , , , , , 21.6867115, -0.0176242, , , , , , , 21.6867115, 0.0595865, , , , , , , 21.6867115, 0.0142672, , , , , , , , , , , , , , , , , , , , , , , , , , , , 
21.6872308, 0.0011749, , , , , , , 21.6872308, -0.0219883, , , , , , , 21.6872308, 0.043473, , , , , , , 21.6872308, 0.0083925, , , , , , , , , , , , , , , , , , , , , , , , , , , , 
21.68775, 0.0025177, , , , , , , 21.68775, -0.018967, , , , , , , 21.68775, 0.0256809, , , , , , , 21.68775, 0.0008392, , , , , , , , , , , , , , , , , , , , , , , , , , , , 
21.6882692, 0.0072175, , , , , , , 21.6882692, -0.0015106, , , , , , , 21.6882692, -0.0048676, , , , , , , 21.6882692, -0.0028534, , , , , , , , , , , , , , , , , , , , , , , , , , , , 
21.6887885, 0.0159457, , , , , , , 21.6887885, 0.0125887, , , , , , , 21.6887885, -0.04448, , , , , , , 21.6887885, -0.0035248, , , , , , , , , , , , , , , , , , , , , , , , , , , , 
21.6893077, 0.0226596, , , , , , , 21.6893077, 0.0092317, , , , , , , 21.6893077, -0.0760357, , , , , , , 21.6893077, -0.0041962, , , , , , , , , , , , , , , , , , , , , , , , , , , , 
21.6898269, 0.0354162, , , , , , , 21.6898269, -0.0001678, , , , , , , 21.6898269, -0.0921492, , , , , , , 21.6898269, -0.0052033, , , , , , , , , , , , , , , , , , , , , , , , , , , , 
21.6903462, 0.0495155, , , , , , , 21.6903462, -0.0018463, , , , , , , 21.6903462, -0.1085985, , , , , , , 21.6903462, -0.0102388, , , , , , , , , , , , , , , , , , , , , , , , , , , , 
21.6908654, 0.0599222, , , , , , , 21.6908654, 0.0031891, , , , , , , 21.6908654, -0.1240406, , , , , , , 21.6908654, -0.0172885, , , , , , , , , , , , , , , , , , , , , , , , , , , , 
21.6913846, 0.0666361, , , , , , , 21.6913846, 0.0072175, , , , , , , 21.6913846, -0.1243763, , , , , , , 21.6913846, -0.0176242, , , , , , , , , , , , , , , , , , , , , , , , , , , , 
21.6919038, 0.0679789, , , , , , , 21.6919038, 0.0065461, , , , , , , 21.6919038, -0.110277, , , , , , , 21.6919038, -0.0109102, , , , , , , , , , , , , , , , , , , , , , , , , , , , 
21.6924231, 0.0622721, , , , , , , 21.6924231, 0.0052033, , , , , , , 21.6924231, -0.0955062, , , , , , , 21.6924231, -0.0018463, , , , , , , , , , , , , , , , , , , , , , , , , , , , 
21.6929423, 0.061265, , , , , , , 21.6929423, 0.0041962, , , , , , , 21.6929423, -0.0861067, , , , , , , 21.6929423, 0.0057069, , , , , , , , , , , , , , , , , , , , , , , , , , , , 
21.6934615, 0.0632792, , , , , , , 21.6934615, -0.005539, , , , , , , 21.6934615, -0.0837568, , , , , , , 21.6934615, 0.0105745, , , , , , , , , , , , , , , , , , , , , , , , , , , , 
21.6939808, 0.0565652, , , , , , , 21.6939808, -0.0229953, , , , , , , 21.6939808, -0.0810712, , , , , , , 21.6939808, 0.0166171, , , , , , , , , , , , , , , , , , , , , , , , , , , , 
21.6945, 0.0453193, , , , , , , 21.6945, -0.0370947, , , , , , , 21.6945, -0.0669718, , , , , , , 21.6945, 0.026688, , , , , , , , , , , , , , , , , , , , , , , , , , , , 
21.6950192, 0.0354162, , , , , , , 21.6950192, -0.0471656, , , , , , , 21.6950192, -0.0454871, , , , , , , 21.6950192, 0.0372625, , , , , , , , , , , , , , , , , , , , , , , , , , , , 
21.6955385, 0.0234989, , , , , , , 21.6955385, -0.0498512, , , , , , , 21.6955385, -0.0219883, , , , , , , 21.6955385, 0.0468299, , , , , , , , , , , , , , , , , , , , , , , , , , , , 
21.6960577, 0.0068818, , , , , , , 21.6960577, -0.0451514, , , , , , , 21.6960577, 0.008896, , , , , , , 21.6960577, 0.0548867, , , , , , , , , , , , , , , , , , , , , , , , , , , , 
21.6965769, -0.0058747, , , , , , , 21.6965769, -0.0283665, , , , , , , 21.6965769, 0.0495155, , , , , , , 21.6965769, 0.0585794, , , , , , , , , , , , , , , , , , , , , , , , , , , , 
21.6970962, -0.0132601, , , , , , , 21.6970962, -0.0001678, , , , , , , 21.6970962, 0.0911421, , , , , , , 21.6970962, 0.0589151, , , , , , , , , , , , , , , , , , , , , , , , , , , , 
21.6976154, -0.0196384, , , , , , , 21.6976154, 0.0206455, , , , , , , 21.6976154, 0.1200122, , , , , , , 21.6976154, 0.0555581, , , , , , , , , , , , , , , , , , , , , , , , , , , , 
21.6981346, -0.0229953, , , , , , , 21.6981346, 0.018967, , , , , , , 21.6981346, 0.1337758, , , , , , , 21.6981346, 0.051194, , , , , , , , , , , , , , , , , , , , , , , , , , , , 
21.6986538, -0.0285344, , , , , , , 21.6986538, -0.0025177, , , , , , , 21.6986538, 0.1455253, , , , , , , 21.6986538, 0.0461585, , , , , , , , , , , , , , , , , , , , , , , , , , , , 
21.6991731, -0.0360876, , , , , , , 21.6991731, -0.0280308, , , , , , , 21.6991731, 0.1596246, , , , , , , 21.6991731, 0.040116, , , , , , , , , , , , , , , , , , , , , , , , , , , , 
21.6996923, -0.0327306, , , , , , , 21.6996923, -0.0501869, , , , , , , 21.6996923, 0.1701991, , , , , , , 21.6996923, 0.0320592, , , , , , , , , , , , , , , , , , , , , , , , , , , , 
21.7002115, -0.0186313, , , , , , , 21.7002115, -0.0659648, , , , , , , 21.7002115, 0.1618067, , , , , , , 21.7002115, 0.0224918, , , , , , , , , , , , , , , , , , , , , , , , , , , , 
21.7007308, -0.005539, , , , , , , 21.7007308, -0.0639506, , , , , , , 21.7007308, 0.1404898, , , , , , , 21.7007308, 0.0164492, , , , , , , , , , , , , , , , , , , , , , , , , , , , 
21.70125, 0.0005035, , , , , , , 21.70125, -0.0386053, , , , , , , 21.70125, 0.114641, , , , , , , 21.70125, 0.0146029, , , , , , , , , , , , , , , , , , , , , , , , , , , , 
21.7017692, 0.005539, , , , , , , 21.7017692, -0.0090639, , , , , , , 21.7017692, 0.0871138, , , , , , , 21.7017692, 0.0125887, , , , , , , , , , , , , , , , , , , , , , , , , , , , 
21.7022885, 0.0149386, , , , , , , 21.7022885, 0.0112459, , , , , , , 21.7022885, 0.054551, , , , , , , 21.7022885, 0.0078889, , , , , , , , , , , , , , , , , , , , , , , , , , , , 
21.7028077, 0.021149, , , , , , , 21.7028077, 0.0360876, , , , , , , 21.7028077, 0.0105745, , , , , , , 21.7028077, 0.0008392, , , , , , , , , , , , , , , , , , , , , , , , , , , , 
21.7033269, 0.0240024, , , , , , , 21.7033269, 0.0572366, , , , , , , 21.7033269, -0.0344091, , , , , , , 21.7033269, -0.0045319, , , , , , , , , , , , , , , , , , , , , , , , , , , , 
21.7038462, 0.0172885, , , , , , , 21.7038462, 0.0636149, , , , , , , 21.7038462, -0.0736858, , , , , , , 21.7038462, -0.0063783, , , , , , , , , , , , , , , , , , , , , , , , , , , , 
21.7043654, -0.0347448, , , , , , , 21.7043654, 0.0485084, , , , , , , 21.7043654, -0.1136339, , , , , , , 21.7043654, -0.0068818, , , , , , , , , , , , , , , , , , , , , , , , , , , , 
21.7048846, -0.0694896, , , , , , , 21.7048846, 0.008896, , , , , , , 21.7048846, -0.1493858, , , , , , , 21.7048846, -0.008896, , , , , , , , , , , , , , , , , , , , , , , , , , , , 
21.7054038, -0.0622721, , , , , , , 21.7054038, -0.0360876, , , , , , , 21.7054038, -0.1747311, , , , , , , 21.7054038, -0.0109102, , , , , , , , , , , , , , , , , , , , , , , , , , , , 
21.7059231, -0.04448, , , , , , , 21.7059231, -0.0572366, , , , , , , 21.7059231, -0.2012512, , , , , , , 21.7059231, -0.0135958, , , , , , , , , , , , , , , , , , , , , , , , , , , , 
21.7064423, -0.0273594, , , , , , , 21.7064423, -0.0431373, , , , , , , 21.7064423, -0.2220645, , , , , , , 21.7064423, -0.018967, , , , , , , , , , , , , , , , , , , , , , , , , , , , 
21.7069615, -0.0109102, , , , , , , 21.7069615, -0.0048676, , , , , , , 21.7069615, -0.2198825, , , , , , , 21.7069615, -0.0250095, , , , , , , , , , , , , , , , , , , , , , , , , , , , 
21.7074808, 0.0023499, , , , , , , 21.7074808, 0.0199741, , , , , , , 21.7074808, -0.2009155, , , , , , , 21.7074808, -0.026688, , , , , , , , , , , , , , , , , , , , , , , , , , , , 
21.708, 0.0105745, , , , , , , 21.708, 0.0139315, , , , , , , 21.708, -0.1782559, , , , , , , 21.708, -0.0243381, , , , , , , , , , , , , , , , , , , , , , , , , , , , 
21.7085192, 0.0164492, , , , , , , 21.7085192, -0.0015106, , , , , , , 21.7085192, -0.1572747, , , , , , , 21.7085192, -0.0184634, , , , , , , , , , , , , , , , , , , , , , , , , , , , 
21.7090385, 0.0240024, , , , , , , 21.7090385, -0.0270237, , , , , , , 21.7090385, -0.1362936, , , , , , , 21.7090385, -0.0129244, , , , , , , , , , , , , , , , , , , , , , , , , , , , 
21.7095577, 0.0407874, , , , , , , 21.7095577, -0.0582437, , , , , , , 21.7095577, -0.1237049, , , , , , , 21.7095577, -0.0142672, , , , , , , , , , , , , , , , , , , , , , , , , , , , 
21.7100769, 0.0632792, , , , , , , 21.7100769, -0.0639506, , , , , , , 21.7100769, -0.1164874, , , , , , , 21.7100769, -0.0137636, , , , , , , , , , , , , , , , , , , , , , , , , , , , 
21.7105962, 0.0810712, , , , , , , 21.7105962, -0.0391089, , , , , , , 21.7105962, -0.1008774, , , , , , , 21.7105962, -0.0112459, , , , , , , , , , , , , , , , , , , , , , , , , , , , 
21.7111154, 0.090135, , , , , , , 21.7111154, -0.012253, , , , , , , 21.7111154, -0.0731823, , , , , , , 21.7111154, -0.0109102, , , , , , , , , , , , , , , , , , , , , , , , , , , , 
21.7116346, 0.0928206, , , , , , , 21.7116346, -0.0025177, , , , , , , 21.7116346, -0.0404517, , , , , , , 21.7116346, -0.0099031, , , , , , , , , , , , , , , , , , , , , , , , , , , , 
21.7121538, 0.093492, , , , , , , 21.7121538, -0.0085603, , , , , , , 21.7121538, -0.0109102, , , , , , , 21.7121538, -0.0085603, , , , , , , , , , , , , , , , , , , , , , , , , , , , 
21.7126731, 0.0897993, , , , , , , 21.7126731, -0.0151064, , , , , , , 21.7126731, 0.0182956, , , , , , , 21.7126731, -0.0045319, , , , , , , , , , , , , , , , , , , , , , , , , , , , 
21.7131923, 0.0800641, , , , , , , 21.7131923, -0.018967, , , , , , , 21.7131923, 0.0569009, , , , , , , 21.7131923, 0.0028534, , , , , , , , , , , , , , , , , , , , , , , , , , , , 
21.7137115, 0.0651255, , , , , , , 21.7137115, -0.0253452, , , , , , , 21.7137115, 0.1059129, , , , , , , 21.7137115, 0.0099031, , , , , , , , , , , , , , , , , , , , , , , , , , , , 
21.7142308, 0.0441444, , , , , , , 21.7142308, -0.01561, , , , , , , 21.7142308, 0.1594568, , , , , , , 21.7142308, 0.0204776, , , , , , , , , , , , , , , , , , , , , , , , , , , , 
21.71475, 0.0213169, , , , , , , 21.71475, -0.0016785, , , , , , , 21.71475, 0.2032654, , , , , , , 21.71475, 0.0347448, , , , , , , , , , , , , , , , , , , , , , , , , , , , 
21.7152692, 0.0062104, , , , , , , 21.7152692, -0.0026856, , , , , , , 21.7152692, 0.2344854, , , , , , , 21.7152692, 0.0503548, , , , , , , , , , , , , , , , , , , , , , , , , , , , 
21.7157885, -0.0072175, , , , , , , 21.7157885, 0.008896, , , , , , , 21.7157885, 0.2479133, , , , , , , 21.7157885, 0.0572366, , , , , , , , , , , , , , , , , , , , , , , , , , , , 
21.7163077, -0.0231632, , , , , , , 21.7163077, 0.040116, , , , , , , 21.7163077, 0.2331426, , , , , , , 21.7163077, 0.0535439, , , , , , , , , , , , , , , , , , , , , , , , , , , , 
21.7168269, -0.0359197, , , , , , , 21.7168269, 0.0535439, , , , , , , 21.7168269, 0.2096437, , , , , , , 21.7168269, 0.0491798, , , , , , , , , , , , , , , , , , , , , , , , , , , , 
21.7173462, -0.04448, , , , , , , 21.7173462, 0.0532082, , , , , , , 21.7173462, 0.1910124, , , , , , , 21.7173462, 0.0475013, , , , , , , , , , , , , , , , , , , , , , , , , , , , 
21.7178654, -0.0491798, , , , , , , 21.7178654, 0.0652934, , , , , , , 21.7178654, 0.1626459, , , , , , , 21.7178654, 0.047837, , , , , , , , , , , , , , , , , , , , , , , , , , , , 
21.7183846, -0.0552224, , , , , , , 21.7183846, 0.0649577, , , , , , , 21.7183846, 0.1052415, , , , , , , 21.7183846, 0.0475013, , , , , , , , , , , , , , , , , , , , , , , , , , , , 
21.7189038, -0.0636149, , , , , , , 21.7189038, 0.0315557, , , , , , , 21.7189038, 0.0132601, , , , , , , 21.7189038, 0.0424659, , , , , , , , , , , , , , , , , , , , , , , , , , , , 
21.7194231, -0.0673075, , , , , , , 21.7194231, -0.0193027, , , , , , , 21.7194231, -0.1015488, , , , , , , 21.7194231, 0.033402, , , , , , , , , , , , , , , , , , , , , , , , , , , , 
21.7199423, -0.054551, , , , , , , 21.7199423, -0.0572366, , , , , , , 21.7199423, -0.2123293, , , , , , , 21.7199423, 0.0209812, , , , , , , , , , , , , , , , , , , , , , , , , , , , 
21.7204615, -0.0364233, , , , , , , 21.7204615, -0.068986, , , , , , , 21.7204615, -0.3002823, , , , , , , 21.7204615, 0.0135958, , , , , , , , , , , , , , , , , , , , , , , , , , , , 
21.7209808, -0.018967, , , , , , , 21.7209808, -0.0728466, , , , , , , 21.7209808, -0.3576867, , , , , , , 21.7209808, 0.0146029, , , , , , , , , , , , , , , , , , , , , , , , , , , , 
21.7215, -0.0035248, , , , , , , 21.7215, -0.0891279, , , , , , , 21.7215, -0.3704433, , , , , , , 21.7215, 0.0171206, , , , , , , , , , , , , , , , , , , , , , , , , , , , 
21.7220192, 0.0125887, , , , , , , 21.7220192, -0.111284, , , , , , , 21.7220192, -0.3367056, , , , , , , 21.7220192, 0.0119173, , , , , , , , , , , , , , , , , , , , , , , , , , , , 
21.7225385, 0.0263523, , , , , , , 21.7225385, -0.1183337, , , , , , , 21.7225385, -0.2754406, , , , , , , 21.7225385, 0.0078889, , , , , , , , , , , , , , , , , , , , , , , , , , , , 
21.7230577, 0.0350805, , , , , , , 21.7230577, -0.0936599, , , , , , , 21.7230577, -0.2190433, , , , , , , 21.7230577, 0.0082246, , , , , , , , , , , , , , , , , , , , , , , , , , , , 
21.7235769, 0.0441444, , , , , , , 21.7235769, -0.0424659, , , , , , , 21.7235769, -0.1649958, , , , , , , 21.7235769, 0.0146029, , , , , , , , , , , , , , , , , , , , , , , , , , , , 
21.7240962, 0.054551, , , , , , , 21.7240962, 0.0105745, , , , , , , 21.7240962, -0.1085985, , , , , , , 21.7240962, 0.0219883, , , , , , , , , , , , , , , , , , , , , , , , , , , , 
21.7246154, 0.0609293, , , , , , , 21.7246154, 0.0391089, , , , , , , 21.7246154, -0.0542153, , , , , , , 21.7246154, 0.0253452, , , , , , , , , , , , , , , , , , , , , , , , , , , , 
21.7251346, 0.0621042, , , , , , , 21.7251346, 0.0428016, , , , , , , 21.7251346, -0.0011749, , , , , , , 21.7251346, 0.0209812, , , , , , , , , , , , , , , , , , , , , , , , , , , , 
21.7256538, 0.0602579, , , , , , , 21.7256538, 0.0475013, , , , , , , 21.7256538, 0.0481727, , , , , , , 21.7256538, 0.0099031, , , , , , , , , , , , , , , , , , , , , , , , , , , , 
21.7261731, 0.0619364, , , , , , , 21.7261731, 0.0867781, , , , , , , 21.7261731, 0.0891279, , , , , , , 21.7261731, -0.0016785, , , , , , , , , , , , , , , , , , , , , , , , , , , , 
21.7266923, 0.0642863, , , , , , , 21.7266923, 0.1378042, , , , , , , 21.7266923, 0.1183337, , , , , , , 21.7266923, -0.0099031, , , , , , , , , , , , , , , , , , , , , , , , , , , , 
21.7272115, 0.0607614, , , , , , , 21.7272115, 0.1587854, , , , , , , 21.7272115, 0.1465324, , , , , , , 21.7272115, -0.008896, , , , , , , , , , , , , , , , , , , , , , , , , , , , 
21.7277308, 0.0582437, , , , , , , 21.7277308, 0.1616388, , , , , , , 21.7277308, 0.1760739, , , , , , , 21.7277308, -0.0025177, , , , , , , , , , , , , , , , , , , , , , , , , , , , 
21.72825, 0.0595865, , , , , , , 21.72825, 0.1515679, , , , , , , 21.72825, 0.1931945, , , , , , , 21.72825, 0.0025177, , , , , , , , , , , , , , , , , , , , , , , , , , , , 
21.7287692, 0.0636149, , , , , , , 21.7287692, 0.1119554, , , , , , , 21.7287692, 0.190341, , , , , , , 21.7287692, 0.0072175, , , , , , , , , , , , , , , , , , , , , , , , , , , , 
21.7292885, 0.0770428, , , , , , , 21.7292885, 0.0438087, , , , , , , 21.7292885, 0.1696956, , , , , , , 21.7292885, 0.0119173, , , , , , , , , , , , , , , , , , , , , , , , , , , , 
21.7298077, 0.0884565, , , , , , , 21.7298077, -0.0280308, , , , , , , 21.7298077, 0.1404898, , , , , , , 21.7298077, 0.0172885, , , , , , , , , , , , , , , , , , , , , , , , , , , , 
21.7303269, 0.0924849, , , , , , , 21.7303269, -0.0842603, , , , , , , 21.7303269, 0.1099413, , , , , , , 21.7303269, 0.0193027, , , , , , , , , , , , , , , , , , , , , , , , , , , , 
21.7308462, 0.0931563, , , , , , , 21.7308462, -0.1178302, , , , , , , 21.7308462, 0.0780499, , , , , , , 21.7308462, 0.0169528, , , , , , , , , , , , , , , , , , , , , , , , , , , , 
21.7313654, 0.090135, , , , , , , 21.7313654, -0.1388113, , , , , , , 21.7313654, 0.0424659, , , , , , , 21.7313654, 0.0119173, , , , , , , , , , , , , , , , , , , , , , , , , , , , 
21.7318846, 0.0810712, , , , , , , 21.7318846, -0.1508965, , , , , , , 21.7318846, -0.0010071, , , , , , , 21.7318846, 0.0052033, , , , , , , , , , , , , , , , , , , , , , , , , , , , 
21.7324038, 0.0681468, , , , , , , 21.7324038, -0.1472038, , , , , , , 21.7324038, -0.0468299, , , , , , , 21.7324038, -0.0028534, , , , , , , , , , , , , , , , , , , , , , , , , , , , 
21.7329231, 0.0485084, , , , , , , 21.7329231, -0.1549248, , , , , , , 21.7329231, -0.0854353, , , , , , , 21.7329231, -0.0050355, , , , , , , , , , , , , , , , , , , , , , , , , , , , 
21.7334423, 0.0260166, , , , , , , 21.7334423, -0.1895018, , , , , , , 21.7334423, -0.1054093, , , , , , , 21.7334423, 0.0011749, , , , , , , , , , , , , , , , , , , , , , , , , , , , 
21.7339615, 0.0072175, , , , , , , 21.7339615, -0.2076295, , , , , , , 21.7339615, -0.1072557, , , , , , , 21.7339615, 0.0092317, , , , , , , , , , , , , , , , , , , , , , , , , , , , 
21.7344808, -0.0125887, , , , , , , 21.7344808, -0.1821164, , , , , , , 21.7344808, -0.0941634, , , , , , , 21.7344808, 0.0146029, , , , , , , , , , , , , , , , , , , , , , , , , , , , 
21.735, -0.0290379, , , , , , , 21.735, -0.1317617, , , , , , , 21.735, -0.0706645, , , , , , , 21.735, 0.021149, , , , , , , , , , , , , , , , , , , , , , , , , , , , 
21.7355192, -0.040116, , , , , , , 21.7355192, -0.0770428, , , , , , , 21.7355192, -0.04448, , , , , , , 21.7355192, 0.0226596, , , , , , , , , , , , , , , , , , , , , , , , , , , , 
21.7360385, -0.0464942, , , , , , , 21.7360385, -0.0330663, , , , , , , 21.7360385, -0.0250095, , , , , , , 21.7360385, 0.01561, , , , , , , , , , , , , , , , , , , , , , , , , , , , 
21.7365577, -0.0498512, , , , , , , 21.7365577, -0.0048676, , , , , , , 21.7365577, -0.0115816, , , , , , , 21.7365577, 0.0075532, , , , , , , , , , , , , , , , , , , , , , , , , , , , 
21.7370769, -0.0575723, , , , , , , 21.7370769, 0.0132601, , , , , , , 21.7370769, 0.0008392, , , , , , , 21.7370769, 0.0035248, , , , , , , , , , , , , , , , , , , , , , , , , , , , 
21.7375962, -0.0632792, , , , , , , 21.7375962, 0.0317235, , , , , , , 21.7375962, 0.0065461, , , , , , , 21.7375962, 0.002182, , , , , , , , , , , , , , , , , , , , , , , , , , , , 
21.7381154, -0.0626078, , , , , , , 21.7381154, 0.054551, , , , , , , 21.7381154, 0.0025177, , , , , , , 21.7381154, 0.0025177, , , , , , , , , , , , , , , , , , , , , , , , , , , , 
21.7386346, -0.061265, , , , , , , 21.7386346, 0.0736858, , , , , , , 21.7386346, 0.0020142, , , , , , , 21.7386346, 0.0052033, , , , , , , , , , , , , , , , , , , , , , , , , , , , 
21.7391538, -0.0619364, , , , , , , 21.7391538, 0.0758679, , , , , , , 21.7391538, 0.0179599, , , , , , , 21.7391538, 0.0078889, , , , , , , , , , , , , , , , , , , , , , , , , , , , 
21.7396731, -0.0555581, , , , , , , 21.7396731, 0.0622721, , , , , , , 21.7396731, 0.0397803, , , , , , , 21.7396731, 0.0075532, , , , , , , , , , , , , , , , , , , , , , , , , , , , 
21.7401923, -0.040116, , , , , , , 21.7401923, 0.0441444, , , , , , , 21.7401923, 0.0572366, , , , , , , 21.7401923, 0.0052033, , , , , , , , , , , , , , , , , , , , , , , , , , , , 
21.7407115, -0.0229953, , , , , , , 21.7407115, 0.040116, , , , , , , 21.7407115, 0.0773785, , , , , , , 21.7407115, 0.0083925, , , , , , , , , , , , , , , , , , , , , , , , , , , , 
21.7412308, -0.0104067, , , , , , , 21.7412308, 0.0592508, , , , , , , 21.7412308, 0.0988632, , , , , , , 21.7412308, 0.018967, , , , , , , , , , , , , , , , , , , , , , , , , , , , 
21.74175, 0.002182, , , , , , , 21.74175, 0.0871138, , , , , , , 21.74175, 0.1119554, , , , , , , 21.74175, 0.0280308, , , , , , , , , , , , , , , , , , , , , , , , , , , , 
21.7422692, 0.0137636, , , , , , , 21.7422692, 0.1008774, , , , , , , 21.7422692, 0.1223621, , , , , , , 21.7422692, 0.0320592, , , , , , , , , , , , , , , , , , , , , , , , , , , , 
21.7427885, 0.0236667, , , , , , , 21.7427885, 0.0783856, , , , , , , 21.7427885, 0.1346151, , , , , , , 21.7427885, 0.0344091, , , , , , , , , , , , , , , , , , , , , , , , , , , , 
21.7433077, 0.0253452, , , , , , , 21.7433077, 0.0459907, , , , , , , 21.7433077, 0.1441825, , , , , , , 21.7433077, 0.0409552, , , , , , , , , , , , , , , , , , , , , , , , , , , , 
21.7438269, 0.0219883, , , , , , , 21.7438269, 0.0256809, , , , , , , 21.7438269, 0.1408255, , , , , , , 21.7438269, 0.0518654, , , , , , , , , , , , , , , , , , , , , , , , , , , , 
21.7443462, 0.0193027, , , , , , , 21.7443462, 0.0099031, , , , , , , 21.7443462, 0.1193408, , , , , , , 21.7443462, 0.0572366, , , , , , , , , , , , , , , , , , , , , , , , , , , , 
21.7448654, 0.0199741, , , , , , , 21.7448654, -0.0001678, , , , , , , 21.7448654, 0.0850996, , , , , , , 21.7448654, 0.0532082, , , , , , , , , , , , , , , , , , , , , , , , , , , , 
21.7453846, 0.0203098, , , , , , , 21.7453846, 0.0050355, , , , , , , 21.7453846, 0.0421302, , , , , , , 21.7453846, 0.043473, , , , , , , , , , , , , , , , , , , , , , , , , , , , 
21.7459038, 0.0236667, , , , , , , 21.7459038, 0.0276951, , , , , , , 21.7459038, -0.0063783, , , , , , , 21.7459038, 0.0313878, , , , , , , , , , , , , , , , , , , , , , , , , , , , 
21.7464231, 0.0318914, , , , , , , 21.7464231, 0.0438087, , , , , , , 21.7464231, -0.0498512, , , , , , , 21.7464231, 0.018967, , , , , , , , , , , , , , , , , , , , , , , , , , , , 
21.7469423, 0.0374304, , , , , , , 21.7469423, 0.0199741, , , , , , , 21.7469423, -0.0842603, , , , , , , 21.7469423, 0.0115816, , , , , , , , , , , , , , , , , , , , , , , , , , , , 
21.7474615, 0.033402, , , , , , , 21.7474615, -0.0337377, , , , , , , 21.7474615, -0.1085985, , , , , , , 21.7474615, 0.0092317, , , , , , , , , , , , , , , , , , , , , , , , , , , , 
21.7479808, 0.0285344, , , , , , , 21.7479808, -0.0740215, , , , , , , 21.7479808, -0.1200122, , , , , , , 21.7479808, 0.0085603, , , , , , , , , , , , , , , , , , , , , , , , , , , , 
21.7485, 0.0273594, , , , , , , 21.7485, -0.0867781, , , , , , , 21.7485, -0.1198444, , , , , , , 21.7485, 0.0046998, , , , , , , , , , , , , , , , , , , , , , , , , , , , 
21.7490192, 0.0303807, , , , , , , 21.7490192, -0.0847639, , , , , , , 21.7490192, -0.110277, , , , , , , 21.7490192, -0.0025177, , , , , , , , , , , , , , , , , , , , , , , , , , , , 
21.7495385, 0.0414588, , , , , , , 21.7495385, -0.0679789, , , , , , , 21.7495385, -0.0929885, , , , , , , 21.7495385, -0.0109102, , , , , , , , , , , , , , , , , , , , , , , , , , , , 
21.7500577, 0.0562295, , , , , , , 21.7500577, -0.0417945, , , , , , , 21.7500577, -0.0787213, , , , , , , 21.7500577, -0.0199741, , , , , , , , , , , , , , , , , , , , , , , , , , , , 
21.7505769, 0.0674754, , , , , , , 21.7505769, -0.0216526, , , , , , , 21.7505769, -0.0753643, , , , , , , 21.7505769, -0.0280308, , , , , , , , , , , , , , , , , , , , , , , , , , , , 
21.7510962, 0.0736858, , , , , , , 21.7510962, -0.0127565, , , , , , , 21.7510962, -0.0740215, , , , , , , 21.7510962, -0.036759, , , , , , , , , , , , , , , , , , , , , , , , , , , , 
21.7516154, 0.0777142, , , , , , , 21.7516154, -0.0062104, , , , , , , 21.7516154, -0.0652934, , , , , , , 21.7516154, -0.04448, , , , , , , , , , , , , , , , , , , , , , , , , , , , 
21.7521346, 0.0810712, , , , , , , 21.7521346, 0.0031891, , , , , , , 21.7521346, -0.0498512, , , , , , , 21.7521346, -0.0471656, , , , , , , , , , , , , , , , , , , , , , , , , , , , 
21.7526538, 0.0777142, , , , , , , 21.7526538, 0.0065461, , , , , , , 21.7526538, -0.0310521, , , , , , , 21.7526538, -0.0454871, , , , , , , , , , , , , , , , , , , , , , , , , , , , 
21.7531731, 0.0663005, , , , , , , 21.7531731, 0.0102388, , , , , , , 21.7531731, -0.0162814, , , , , , , 21.7531731, -0.0438087, , , , , , , , , , , , , , , , , , , , , , , , , , , , 
21.7536923, 0.0522011, , , , , , , 21.7536923, 0.0213169, , , , , , , 21.7536923, -0.008896, , , , , , , 21.7536923, -0.043473, , , , , , , , , , , , , , , , , , , , , , , , , , , , 
21.7542115, 0.0414588, , , , , , , 21.7542115, 0.0323949, , , , , , , 21.7542115, -0.0095674, , , , , , , 21.7542115, -0.0414588, , , , , , , , , , , , , , , , , , , , , , , , , , , , 
21.7547308, 0.0360876, , , , , , , 21.7547308, 0.0337377, , , , , , , 21.7547308, -0.0095674, , , , , , , 21.7547308, -0.0357519, , , , , , , , , , , , , , , , , , , , , , , , , , , , 
21.75525, 0.0280308, , , , , , , 21.75525, 0.0293736, , , , , , , 21.75525, -0.0035248, , , , , , , 21.75525, -0.0250095, , , , , , , , , , , , , , , , , , , , , , , , , , , , 
21.7557692, 0.0152743, , , , , , , 21.7557692, 0.0260166, , , , , , , 21.7557692, 0.0132601, , , , , , , 21.7557692, -0.012253, , , , , , , , , , , , , , , , , , , , , , , , , , , , 
21.7562885, 0.0075532, , , , , , , 21.7562885, 0.0236667, , , , , , , 21.7562885, 0.0339055, , , , , , , 21.7562885, -0.0008392, , , , , , , , , , , , , , , , , , , , , , , , , , , , 
21.7568077, -0.002182, , , , , , , 21.7568077, 0.0203098, , , , , , , 21.7568077, 0.045655, , , , , , , 21.7568077, 0.0095674, , , , , , , , , , , , , , , , , , , , , , , , , , , , 
21.7573269, -0.0124208, , , , , , , 21.7573269, 0.0199741, , , , , , , 21.7573269, 0.047837, , , , , , , 21.7573269, 0.0196384, , , , , , , , , , , , , , , , , , , , , , , , , , , , 
21.7578462, -0.0216526, , , , , , , 21.7578462, 0.018967, , , , , , , 21.7578462, 0.04448, , , , , , , 21.7578462, 0.0292058, , , , , , , , , , , , , , , , , , , , , , , , , , , , 
21.7583654, -0.0293736, , , , , , , 21.7583654, 0.0179599, , , , , , , 21.7583654, 0.0392767, , , , , , , 21.7583654, 0.0428016, , , , , , , , , , , , , , , , , , , , , , , , , , , , 
21.7588846, -0.0344091, , , , , , , 21.7588846, 0.0169528, , , , , , , 21.7588846, 0.0280308, , , , , , , 21.7588846, 0.0629435, , , , , , , , , , , , , , , , , , , , , , , , , , , , 
21.7594038, -0.0339055, , , , , , , 21.7594038, 0.0186313, , , , , , , 21.7594038, 0.0052033, , , , , , , 21.7594038, 0.0827497, , , , , , , , , , , , , , , , , , , , , , , , , , , , 
21.7599231, -0.0287022, , , , , , , 21.7599231, 0.0213169, , , , , , , 21.7599231, -0.0223239, , , , , , , 21.7599231, 0.0938277, , , , , , , , , , , , , , , , , , , , , , , , , , , , 
21.7604423, -0.0240024, , , , , , , 21.7604423, 0.0186313, , , , , , , 21.7604423, -0.0569009, , , , , , , 21.7604423, 0.0938277, , , , , , , , , , , , , , , , , , , , , , , , , , , , 
21.7609615, -0.0216526, , , , , , , 21.7609615, 0.0095674, , , , , , , 21.7609615, -0.1010452, , , , , , , 21.7609615, 0.0891279, , , , , , , , , , , , , , , , , , , , , , , , , , , , 
21.7614808, -0.0209812, , , , , , , 21.7614808, -0.0005035, , , , , , , 21.7614808, -0.1465324, , , , , , , 21.7614808, 0.0837568, , , , , , , , , , , , , , , , , , , , , , , , , , , , 
21.762, -0.0199741, , , , , , , 21.762, -0.0038605, , , , , , , 21.762, -0.1767453, , , , , , , 21.762, 0.0777142, , , , , , , , , , , , , , , , , , , , , , , , , , , , 
21.7625192, -0.0179599, , , , , , , 21.7625192, -0.0102388, , , , , , , 21.7625192, -0.1854734, , , , , , , 21.7625192, 0.0656291, , , , , , , , , , , , , , , , , , , , , , , , , , , , 
21.7630385, -0.0142672, , , , , , , 21.7630385, -0.0303807, , , , , , , 21.7630385, -0.173724, , , , , , , 21.7630385, 0.0495155, , , , , , , , , , , , , , , , , , , , , , , , , , , , 
21.7635577, -0.0132601, , , , , , , 21.7635577, -0.0527047, , , , , , , 21.7635577, -0.1413291, , , , , , , 21.7635577, 0.0360876, , , , , , , , , , , , , , , , , , , , , , , , , , , , 
21.7640769, -0.0130922, , , , , , , 21.7640769, -0.06009, , , , , , , 21.7640769, -0.0971847, , , , , , , 21.7640769, 0.0276951, , , , , , , , , , , , , , , , , , , , , , , , , , , , 
21.7645962, -0.0102388, , , , , , , 21.7645962, -0.057908, , , , , , , 21.7645962, -0.0592508, , , , , , , 21.7645962, 0.0238346, , , , , , , , , , , , , , , , , , , , , , , , , , , , 
21.7651154, -0.0102388, , , , , , , 21.7651154, -0.0555581, , , , , , , 21.7651154, -0.0357519, , , , , , , 21.7651154, 0.018967, , , , , , , , , , , , , , , , , , , , , , , , , , , , 
21.7656346, -0.0082246, , , , , , , 21.7656346, -0.0485084, , , , , , , 21.7656346, -0.0263523, , , , , , , 21.7656346, 0.0117494, , , , , , , , , , , , , , , , , , , , , , , , , , , , 
21.7661538, 0.002182, , , , , , , 21.7661538, -0.0350805, , , , , , , 21.7661538, -0.0209812, , , , , , , 21.7661538, 0.0045319, , , , , , , , , , , , , , , , , , , , , , , , , , , , 
21.7666731, 0.0139315, , , , , , , 21.7666731, -0.0270237, , , , , , , 21.7666731, -0.0052033, , , , , , , 21.7666731, -0.0011749, , , , , , , , , , , , , , , , , , , , , , , , , , , , 
21.7671923, 0.0206455, , , , , , , 21.7671923, -0.0246738, , , , , , , 21.7671923, 0.0159457, , , , , , , 21.7671923, -0.005539, , , , , , , , , , , , , , , , , , , , , , , , , , , , 
21.7677115, 0.024506, , , , , , , 21.7677115, -0.0196384, , , , , , , 21.7677115, 0.027863, , , , , , , 21.7677115, -0.0082246, , , , , , , , , , , , , , , , , , , , , , , , , , , , 
21.7682308, 0.0290379, , , , , , , 21.7682308, -0.0070497, , , , , , , 21.7682308, 0.0327306, , , , , , , 21.7682308, -0.0095674, , , , , , , , , , , , , , , , , , , , , , , , , , , , 
21.76875, 0.0323949, , , , , , , 21.76875, 0.0052033, , , , , , , 21.76875, 0.036759, , , , , , , 21.76875, -0.0099031, , , , , , , , , , , , , , , , , , , , , , , , , , , , 
21.7692692, 0.0419623, , , , , , , 21.7692692, 0.0142672, , , , , , , 21.7692692, 0.0354162, , , , , , , 21.7692692, -0.0115816, , , , , , , , , , , , , , , , , , , , , , , , , , , , 
21.7697885, 0.0562295, , , , , , , 21.7697885, 0.0186313, , , , , , , 21.7697885, 0.0246738, , , , , , , 21.7697885, -0.0142672, , , , , , , , , , , , , , , , , , , , , , , , , , , , 
21.7703077, 0.0616007, , , , , , , 21.7703077, 0.0172885, , , , , , , 21.7703077, 0.0109102, , , , , , , 21.7703077, -0.0130922, , , , , , , , , , , , , , , , , , , , , , , , , , , , 
21.7708269, 0.0609293, , , , , , , 21.7708269, 0.0142672, , , , , , , 21.7708269, 0.0030213, , , , , , , 21.7708269, -0.0072175, , , , , , , , , , , , , , , , , , , , , , , , , , , , 
21.7713462, 0.0656291, , , , , , , 21.7713462, 0.0193027, , , , , , , 21.7713462, -0.0011749, , , , , , , 21.7713462, -0.0016785, , , , , , , , , , , , , , , , , , , , , , , , , , , , 
21.7718654, 0.0716716, , , , , , , 21.7718654, 0.0273594, , , , , , , 21.7718654, -0.0031891, , , , , , , 21.7718654, -0.002182, , , , , , , , , , , , , , , , , , , , , , , , , , , , 
21.7723846, 0.0720073, , , , , , , 21.7723846, 0.0229953, , , , , , , 21.7723846, 0.0001678, , , , , , , 21.7723846, -0.0058747, , , , , , , , , , , , , , , , , , , , , , , , , , , , 
21.7729038, 0.0666361, , , , , , , 21.7729038, 0.0058747, , , , , , , 21.7729038, 0.0119173, , , , , , , 21.7729038, -0.0082246, , , , , , , , , , , , , , , , , , , , , , , , , , , , 
21.7734231, 0.0569009, , , , , , , 21.7734231, -0.011078, , , , , , , 21.7734231, 0.0293736, , , , , , , 21.7734231, -0.0038605, , , , , , , , , , , , , , , , , , , , , , , , , , , , 
21.7739423, 0.0421302, , , , , , , 21.7739423, -0.0223239, , , , , , , 21.7739423, 0.0448157, , , , , , , 21.7739423, 0.0028534, , , , , , , , , , , , , , , , , , , , , , , , , , , , 
21.7744615, 0.0246738, , , , , , , 21.7744615, -0.0302129, , , , , , , 21.7744615, 0.0528725, , , , , , , 21.7744615, 0.0065461, , , , , , , , , , , , , , , , , , , , , , , , , , , , 
21.7749808, 0.0072175, , , , , , , 21.7749808, -0.0303807, , , , , , , 21.7749808, 0.0548867, , , , , , , 21.7749808, 0.0072175, , , , , , , , , , , , , , , , , , , , , , , , , , , , 
21.7755, -0.0129244, , , , , , , 21.7755, -0.023331, , , , , , , 21.7755, 0.0569009, , , , , , , 21.7755, 0.0072175, , , , , , , , , , , , , , , , , , , , , , , , , , , , 
21.7760192, -0.0350805, , , , , , , 21.7760192, -0.012253, , , , , , , 21.7760192, 0.057908, , , , , , , 21.7760192, 0.0099031, , , , , , , , , , , , , , , , , , , , , , , , , , , , 
21.7765385, -0.0518654, , , , , , , 21.7765385, 0.0045319, , , , , , , 21.7765385, 0.056733, , , , , , , 21.7765385, 0.0146029, , , , , , , , , , , , , , , , , , , , , , , , , , , , 
21.7770577, -0.0599222, , , , , , , 21.7770577, 0.0283665, , , , , , , 21.7770577, 0.0552224, , , , , , , 21.7770577, 0.0206455, , , , , , , , , , , , , , , , , , , , , , , , , , , , 
21.7775769, -0.0659648, , , , , , , 21.7775769, 0.0448157, , , , , , , 21.7775769, 0.0505226, , , , , , , 21.7775769, 0.030045, , , , , , , , , , , , , , , , , , , , , , , , , , , , 
21.7780962, -0.0733501, , , , , , , 21.7780962, 0.0513619, , , , , , , 21.7780962, 0.043473, , , , , , , 21.7780962, 0.0411231, , , , , , , , , , , , , , , , , , , , , , , , , , , , 
21.7786154, -0.076875, , , , , , , 21.7786154, 0.0421302, , , , , , , 21.7786154, 0.036759, , , , , , , 21.7786154, 0.0486763, , , , , , , , , , , , , , , , , , , , , , , , , , , , 
21.7791346, -0.0720073, , , , , , , 21.7791346, 0.0176242, , , , , , , 21.7791346, 0.0344091, , , , , , , 21.7791346, 0.0515297, , , , , , , , , , , , , , , , , , , , , , , , , , , , 
21.7796538, -0.0569009, , , , , , , 21.7796538, -0.0043641, , , , , , , 21.7796538, 0.0407874, , , , , , , 21.7796538, 0.0468299, , , , , , , , , , , , , , , , , , , , , , , , , , , , 
21.7801731, -0.0337377, , , , , , , 21.7801731, -0.0065461, , , , , , , 21.7801731, 0.0533761, , , , , , , 21.7801731, 0.0360876, , , , , , , , , , , , , , , , , , , , , , , , , , , , 
21.7806923, -0.0179599, , , , , , , 21.7806923, 0.0152743, , , , , , , 21.7806923, 0.0649577, , , , , , , 21.7806923, 0.0253452, , , , , , , , , , , , , , , , , , , , , , , , , , , , 
21.7812115, -0.0077211, , , , , , , 21.7812115, 0.0320592, , , , , , , 21.7812115, 0.0746929, , , , , , , 21.7812115, 0.0186313, , , , , , , , , , , , , , , , , , , , , , , , , , , , 
21.7817308, 0.0005035, , , , , , , 21.7817308, 0.0062104, , , , , , , 21.7817308, 0.0802319, , , , , , , 21.7817308, 0.0152743, , , , , , , , , , , , , , , , , , , , , , , , , , , , 
21.78225, 0.0072175, , , , , , , 21.78225, -0.0582437, , , , , , , 21.78225, 0.0867781, , , , , , , 21.78225, 0.0117494, , , , , , , , , , , , , , , , , , , , , , , , , , , , 
21.7827692, 0.0085603, , , , , , , 21.7827692, -0.1000381, , , , , , , 21.7827692, 0.0985275, , , , , , , 21.7827692, 0.0099031, , , , , , , , , , , , , , , , , , , , , , , , , , , , 
21.7832885, 0.0097353, , , , , , , 21.7832885, -0.0810712, , , , , , , 21.7832885, 0.1062486, , , , , , , 21.7832885, 0.0077211, , , , , , , , , , , , , , , , , , , , , , , , , , , , 
21.7838077, 0.0095674, , , , , , , 21.7838077, -0.0592508, , , , , , , 21.7838077, 0.0867781, , , , , , , 21.7838077, 0.0038605, , , , , , , , , , , , , , , , , , , , , , , , , , , , 
21.7843269, 0.0130922, , , , , , , 21.7843269, -0.0699931, , , , , , , 21.7843269, 0.0330663, , , , , , , 21.7843269, -0.0001678, , , , , , , , , , , , , , , , , , , , , , , , , , , , 
21.7848462, 0.0182956, , , , , , , 21.7848462, -0.0800641, , , , , , , 21.7848462, -0.0386053, , , , , , , 21.7848462, -0.0001678, , , , , , , , , , , , , , , , , , , , , , , , , , , , 
21.7853654, 0.0199741, , , , , , , 21.7853654, -0.0864424, , , , , , , 21.7853654, -0.1049058, , , , , , , 21.7853654, 0.0025177, , , , , , , , , , , , , , , , , , , , , , , , , , , , 
21.7858846, 0.0182956, , , , , , , 21.7858846, -0.1072557, , , , , , , 21.7858846, -0.1478752, , , , , , , 21.7858846, 0.005539, , , , , , , , , , , , , , , , , , , , , , , , , , , , 
21.7864038, 0.0159457, , , , , , , 21.7864038, -0.1287404, , , , , , , 21.7864038, -0.1727169, , , , , , , 21.7864038, 0.0058747, , , , , , , , , , , , , , , , , , , , , , , , , , , , 
21.7869231, 0.0166171, , , , , , , 21.7869231, -0.1384756, , , , , , , 21.7869231, -0.1861448, , , , , , , 21.7869231, 0.0052033, , , , , , , , , , , , , , , , , , , , , , , , , , , , 
21.7874423, 0.0142672, , , , , , , 21.7874423, -0.1297475, , , , , , , 21.7874423, -0.1968872, , , , , , , 21.7874423, 0.0008392, , , , , , , , , , , , , , , , , , , , , , , , , , , , 
21.7879615, 0.0132601, , , , , , , 21.7879615, -0.0844282, , , , , , , 21.7879615, -0.2029297, , , , , , , 21.7879615, -0.008896, , , , , , , , , , , , , , , , , , , , , , , , , , , , 
21.7884808, 0.0186313, , , , , , , 21.7884808, -0.0162814, , , , , , , 21.7884808, -0.197055, , , , , , , 21.7884808, -0.0196384, , , , , , , , , , , , , , , , , , , , , , , , , , , , 
21.789, 0.0287022, , , , , , , 21.789, 0.0384375, , , , , , , 21.789, -0.1774166, , , , , , , 21.789, -0.023331, , , , , , , , , , , , , , , , , , , , , , , , , , , , 
21.7895192, 0.0421302, , , , , , , 21.7895192, 0.072343, , , , , , , 21.7895192, -0.1589532, , , , , , , 21.7895192, -0.0256809, , , , , , , , , , , , , , , , , , , , , , , , , , , , 
21.7900385, 0.061265, , , , , , , 21.7900385, 0.0928206, , , , , , , 21.7900385, -0.152575, , , , , , , 21.7900385, -0.0283665, , , , , , , , , , , , , , , , , , , , , , , , , , , , 
21.7905577, 0.0740215, , , , , , , 21.7905577, 0.0985275, , , , , , , 21.7905577, -0.1421683, , , , , , , 21.7905577, -0.0287022, , , , , , , , , , , , , , , , , , , , , , , , , , , , 
21.7910769, 0.079057, , , , , , , 21.7910769, 0.0706645, , , , , , , 21.7910769, -0.1129625, , , , , , , 21.7910769, -0.0229953, , , , , , , , , , , , , , , , , , , , , , , , , , , , 
21.7915962, 0.0797284, , , , , , , 21.7915962, 0.0223239, , , , , , , 21.7915962, -0.0673075, , , , , , , 21.7915962, -0.0179599, , , , , , , , , , , , , , , , , , , , , , , , , , , , 
21.7921154, 0.0763714, , , , , , , 21.7921154, -0.0151064, , , , , , , 21.7921154, -0.0196384, , , , , , , 21.7921154, -0.0179599, , , , , , , , , , , , , , , , , , , , , , , , , , , , 
21.7926346, 0.0763714, , , , , , , 21.7926346, -0.0283665, , , , , , , 21.7926346, 0.0142672, , , , , , , 21.7926346, -0.0206455, , , , , , , , , , , , , , , , , , , , , , , , , , , , 
21.7931538, 0.0718395, , , , , , , 21.7931538, -0.0090639, , , , , , , 21.7931538, 0.0307164, , , , , , , 21.7931538, -0.0216526, , , , , , , , , , , , , , , , , , , , , , , , , , , , 
21.7936731, 0.0602579, , , , , , , 21.7936731, 0.0359197, , , , , , , 21.7936731, 0.0357519, , , , , , , 21.7936731, -0.0199741, , , , , , , , , , , , , , , , , , , , , , , , , , , , 
21.7941923, 0.0468299, , , , , , , 21.7941923, 0.0424659, , , , , , , 21.7941923, 0.0340734, , , , , , , 21.7941923, -0.01561, , , , , , , , , , , , , , , , , , , , , , , , , , , , 
21.7947115, 0.0407874, , , , , , , 21.7947115, 0.0011749, , , , , , , 21.7947115, 0.0313878, , , , , , , 21.7947115, -0.0078889, , , , , , , , , , , , , , , , , , , , , , , , , , , , 
21.7952308, 0.0394446, , , , , , , 21.7952308, -0.0330663, , , , , , , 21.7952308, 0.0340734, , , , , , , 21.7952308, 0.0072175, , , , , , , , , , , , , , , , , , , , , , , , , , , , 
21.79575, 0.0283665, , , , , , , 21.79575, -0.0339055, , , , , , , 21.79575, 0.040116, , , , , , , 21.79575, 0.0287022, , , , , , , , , , , , , , , , , , , , , , , , , , , , 
21.7962692, 0.008896, , , , , , , 21.7962692, -0.0337377, , , , , , , 21.7962692, 0.0340734, , , , , , , 21.7962692, 0.0451514, , , , , , , , , , , , , , , , , , , , , , , , , , , , 
21.7967885, -0.0062104, , , , , , , 21.7967885, -0.0525368, , , , , , , 21.7967885, 0.0132601, , , , , , , 21.7967885, 0.0515297, , , , , , , , , , , , , , , , , , , , , , , , , , , , 
21.7973077, -0.01561, , , , , , , 21.7973077, -0.0673075, , , , , , , 21.7973077, -0.0058747, , , , , , , 21.7973077, 0.0535439, , , , , , , , , , , , , , , , , , , , , , , , , , , , 
21.7978269, -0.0229953, , , , , , , 21.7978269, -0.0582437, , , , , , , 21.7978269, -0.0125887, , , , , , , 21.7978269, 0.0542153, , , , , , , , , , , , , , , , , , , , , , , , , , , , 
21.7983462, -0.0310521, , , , , , , 21.7983462, -0.0370947, , , , , , , 21.7983462, -0.0095674, , , , , , , 21.7983462, 0.054551, , , , , , , , , , , , , , , , , , , , , , , , , , , , 
21.7988654, -0.0350805, , , , , , , 21.7988654, -0.0283665, , , , , , , 21.7988654, 0.0028534, , , , , , , 21.7988654, 0.0569009, , , , , , , , , , , , , , , , , , , , , , , , , , , , 
21.7993846, -0.0340734, , , , , , , 21.7993846, -0.0337377, , , , , , , 21.7993846, 0.0236667, , , , , , , 21.7993846, 0.0607614, , , , , , , , , , , , , , , , , , , , , , , , , , , , 
21.7999038, -0.0287022, , , , , , , 21.7999038, -0.0340734, , , , , , , 21.7999038, 0.0515297, , , , , , , 21.7999038, 0.070161, , , , , , , , , , , , , , , , , , , , , , , , , , , , 
21.8004231, -0.0203098, , , , , , , 21.8004231, -0.0169528, , , , , , , 21.8004231, 0.0780499, , , , , , , 21.8004231, 0.0820783, , , , , , , , , , , , , , , , , , , , , , , , , , , , 
21.8009423, -0.0162814, , , , , , , 21.8009423, 0.0102388, , , , , , , 21.8009423, 0.0956741, , , , , , , 21.8009423, 0.0891279, , , , , , , , , , , , , , , , , , , , , , , , , , , , 
21.8014615, -0.0176242, , , , , , , 21.8014615, 0.033402, , , , , , , 21.8014615, 0.1012131, , , , , , , 21.8014615, 0.0918135, , , , , , , , , , , , , , , , , , , , , , , , , , , , 
21.8019808, -0.0243381, , , , , , , 21.8019808, 0.0421302, , , , , , , 21.8019808, 0.0941634, , , , , , , 21.8019808, 0.0894636, , , , , , , , , , , , , , , , , , , , , , , , , , , , 
21.8025, -0.0270237, , , , , , , 21.8025, 0.0414588, , , , , , , 21.8025, 0.0793927, , , , , , , 21.8025, 0.0800641, , , , , , , , , , , , , , , , , , , , , , , , , , , , 
21.8030192, -0.0240024, , , , , , , 21.8030192, 0.0508583, , , , , , , 21.8030192, 0.0656291, , , , , , , 21.8030192, 0.0679789, , , , , , , , , , , , , , , , , , , , , , , , , , , , 
21.8035385, -0.0206455, , , , , , , 21.8035385, 0.0626078, , , , , , , 21.8035385, 0.0540475, , , , , , , 21.8035385, 0.0542153, , , , , , , , , , , , , , , , , , , , , , , , , , , , 
21.8040577, -0.0179599, , , , , , , 21.8040577, 0.0518654, , , , , , , 21.8040577, 0.0466621, , , , , , , 21.8040577, 0.0374304, , , , , , , , , , , , , , , , , , , , , , , , , , , , 
21.8045769, -0.0149386, , , , , , , 21.8045769, 0.0256809, , , , , , , 21.8045769, 0.0458228, , , , , , , 21.8045769, 0.0236667, , , , , , , , , , , , , , , , , , , , , , , , , , , , 
21.8050962, -0.005539, , , , , , , 21.8050962, 0.0045319, , , , , , , 21.8050962, 0.0441444, , , , , , , 21.8050962, 0.0146029, , , , , , , , , , , , , , , , , , , , , , , , , , , , 
21.8056154, 0.0045319, , , , , , , 21.8056154, -0.0045319, , , , , , , 21.8056154, 0.0364233, , , , , , , 21.8056154, 0.006714, , , , , , , , , , , , , , , , , , , , , , , , , , , , 
21.8061346, 0.0078889, , , , , , , 21.8061346, -0.0035248, , , , , , , 21.8061346, 0.0223239, , , , , , , 21.8061346, -0.0011749, , , , , , , , , , , , , , , , , , , , , , , , , , , , 
21.8066538, 0.0119173, , , , , , , 21.8066538, -0.0048676, , , , , , , 21.8066538, 0.0031891, , , , , , , 21.8066538, -0.0048676, , , , , , , , , , , , , , , , , , , , , , , , , , , , 
21.8071731, 0.0159457, , , , , , , 21.8071731, -0.0193027, , , , , , , 21.8071731, -0.018967, , , , , , , 21.8071731, -0.0082246, , , , , , , , , , , , , , , , , , , , , , , , , , , , 
21.8076923, 0.0135958, , , , , , , 21.8076923, -0.0372625, , , , , , , 21.8076923, -0.0344091, , , , , , , 21.8076923, -0.0146029, , , , , , , , , , , , , , , , , , , , , , , , , , , , 
21.8082115, 0.0130922, , , , , , , 21.8082115, -0.040116, , , , , , , 21.8082115, -0.0370947, , , , , , , 21.8082115, -0.018967, , , , , , , , , , , , , , , , , , , , , , , , , , , , 
21.8087308, 0.0186313, , , , , , , 21.8087308, -0.0270237, , , , , , , 21.8087308, -0.0293736, , , , , , , 21.8087308, -0.0213169, , , , , , , , , , , , , , , , , , , , , , , , , , , , 
21.80925, 0.0290379, , , , , , , 21.80925, -0.0075532, , , , , , , 21.80925, -0.0169528, , , , , , , 21.80925, -0.0256809, , , , , , , , , , , , , , , , , , , , , , , , , , , , 
21.8097692, 0.0461585, , , , , , , 21.8097692, 0.0078889, , , , , , , 21.8097692, -0.0109102, , , , , , , 21.8097692, -0.0290379, , , , , , , , , , , , , , , , , , , , , , , , , , , , 
21.8102885, 0.0622721, , , , , , , 21.8102885, 0.0280308, , , , , , , 21.8102885, -0.0099031, , , , , , , 21.8102885, -0.0320592, , , , , , , , , , , , , , , , , , , , , , , , , , , , 
21.8108077, 0.072343, , , , , , , 21.8108077, 0.0454871, , , , , , , 21.8108077, -0.0085603, , , , , , , 21.8108077, -0.033402, , , , , , , , , , , , , , , , , , , , , , , , , , , , 
21.8113269, 0.0783856, , , , , , , 21.8113269, 0.0431373, , , , , , , 21.8113269, -0.0035248, , , , , , , 21.8113269, -0.0323949, , , , , , , , , , , , , , , , , , , , , , , , , , , , 
21.8118462, 0.0810712, , , , , , , 21.8118462, 0.0206455, , , , , , , 21.8118462, 0.0030213, , , , , , , 21.8118462, -0.0298772, , , , , , , , , , , , , , , , , , , , , , , , , , , , 
21.8123654, 0.0783856, , , , , , , 21.8123654, -0.0045319, , , , , , , 21.8123654, 0.0068818, , , , , , , 21.8123654, -0.0263523, , , , , , , , , , , , , , , , , , , , , , , , , , , , 
21.8128846, 0.0750286, , , , , , , 21.8128846, -0.0176242, , , , , , , 21.8128846, 0.0082246, , , , , , , 21.8128846, -0.0208133, , , , , , , , , , , , , , , , , , , , , , , , , , , , 
21.8134038, 0.0708324, , , , , , , 21.8134038, -0.012253, , , , , , , 21.8134038, 0.008896, , , , , , , 21.8134038, -0.01561, , , , , , , , , , , , , , , , , , , , , , , , , , , , 
21.8139231, 0.0592508, , , , , , , 21.8139231, -0.0115816, , , , , , , 21.8139231, 0.005539, , , , , , , 21.8139231, -0.0115816, , , , , , , , , , , , , , , , , , , , , , , , , , , , 
21.8144423, 0.0471656, , , , , , , 21.8144423, -0.033402, , , , , , , 21.8144423, -0.002182, , , , , , , 21.8144423, -0.0082246, , , , , , , , , , , , , , , , , , , , , , , , , , , , 
21.8149615, 0.0340734, , , , , , , 21.8149615, -0.0594186, , , , , , , 21.8149615, -0.012253, , , , , , , 21.8149615, -0.0058747, , , , , , , , , , , , , , , , , , , , , , , , , , , , 
21.8154808, 0.0213169, , , , , , , 21.8154808, -0.0757, , , , , , , 21.8154808, -0.0199741, , , , , , , 21.8154808, -0.005539, , , , , , , , , , , , , , , , , , , , , , , , , , , , 
21.816, 0.010071, , , , , , , 21.816, -0.0820783, , , , , , , 21.816, -0.0250095, , , , , , , 21.816, -0.0058747, , , , , , , , , , , , , , , , , , , , , , , , , , , , 
21.8165192, -0.0035248, , , , , , , 21.8165192, -0.0793927, , , , , , , 21.8165192, -0.0283665, , , , , , , 21.8165192, -0.0045319, , , , , , , , , , , , , , , , , , , , , , , , , , , , 
21.8170385, -0.0209812, , , , , , , 21.8170385, -0.0683146, , , , , , , 21.8170385, -0.0307164, , , , , , , 21.8170385, -0.0015106, , , , , , , , , , , , , , , , , , , , , , , , , , , , 
21.8175577, -0.0340734, , , , , , , 21.8175577, -0.0491798, , , , , , , 21.8175577, -0.0340734, , , , , , , 21.8175577, 0.0018463, , , , , , , , , , , , , , , , , , , , , , , , , , , , 
21.8180769, -0.0391089, , , , , , , 21.8180769, -0.0290379, , , , , , , 21.8180769, -0.0350805, , , , , , , 21.8180769, 0.0095674, , , , , , , , , , , , , , , , , , , , , , , , , , , , 
21.8185962, -0.0421302, , , , , , , 21.8185962, -0.0115816, , , , , , , 21.8185962, -0.0213169, , , , , , , 21.8185962, 0.0199741, , , , , , , , , , , , , , , , , , , , , , , , , , , , 
21.8191154, -0.0458228, , , , , , , 21.8191154, 0.0105745, , , , , , , 21.8191154, 0.0065461, , , , , , , 21.8191154, 0.0250095, , , , , , , , , , , , , , , , , , , , , , , , , , , , 
21.8196346, -0.043473, , , , , , , 21.8196346, 0.0364233, , , , , , , 21.8196346, 0.0283665, , , , , , , 21.8196346, 0.0218204, , , , , , , , , , , , , , , , , , , , , , , , , , , , 
21.8201538, -0.0297093, , , , , , , 21.8201538, 0.0639506, , , , , , , 21.8201538, 0.0354162, , , , , , , 21.8201538, 0.01561, , , , , , , , , , , , , , , , , , , , , , , , , , , , 
21.8206731, -0.0129244, , , , , , , 21.8206731, 0.0822461, , , , , , , 21.8206731, 0.0347448, , , , , , , 21.8206731, 0.0125887, , , , , , , , , , , , , , , , , , , , , , , , , , , , 
21.8211923, 0.0008392, , , , , , , 21.8211923, 0.0871138, , , , , , , 21.8211923, 0.0339055, , , , , , , 21.8211923, 0.0132601, , , , , , , , , , , , , , , , , , , , , , , , , , , , 
21.8217115, 0.008896, , , , , , , 21.8217115, 0.0810712, , , , , , , 21.8217115, 0.0293736, , , , , , , 21.8217115, 0.0142672, , , , , , , , , , , , , , , , , , , , , , , , , , , , 
21.8222308, 0.0135958, , , , , , , 21.8222308, 0.0572366, , , , , , , 21.8222308, 0.0216526, , , , , , , 21.8222308, 0.0130922, , , , , , , , , , , , , , , , , , , , , , , , , , , , 
21.82275, 0.0162814, , , , , , , 21.82275, 0.0206455, , , , , , , 21.82275, 0.0171206, , , , , , , 21.82275, 0.0127565, , , , , , , , , , , , , , , , , , , , , , , , , , , , 
21.8232692, 0.0219883, , , , , , , 21.8232692, -0.0078889, , , , , , , 21.8232692, 0.0139315, , , , , , , 21.8232692, 0.0146029, , , , , , , , , , , , , , , , , , , , , , , , , , , , 
21.8237885, 0.0317235, , , , , , , 21.8237885, -0.018967, , , , , , , 21.8237885, 0.008896, , , , , , , 21.8237885, 0.0199741, , , , , , , , , , , , , , , , , , , , , , , , , , , , 
21.8243077, 0.0381018, , , , , , , 21.8243077, -0.0209812, , , , , , , 21.8243077, 0.0041962, , , , , , , 21.8243077, 0.0290379, , , , , , , , , , , , , , , , , , , , , , , , , , , , 
21.8248269, 0.040116, , , , , , , 21.8248269, -0.0340734, , , , , , , 21.8248269, 0.0078889, , , , , , , 21.8248269, 0.0370947, , , , , , , , , , , , , , , , , , , , , , , , , , , , 
21.8253462, 0.0345769, , , , , , , 21.8253462, -0.057908, , , , , , , 21.8253462, 0.0172885, , , , , , , 21.8253462, 0.0387732, , , , , , , , , , , , , , , , , , , , , , , , , , , , 
21.8258654, 0.0219883, , , , , , , 21.8258654, -0.0673075, , , , , , , 21.8258654, 0.0218204, , , , , , , 21.8258654, 0.0320592, , , , , , , , , , , , , , , , , , , , , , , , , , , , 
21.8263846, 0.0166171, , , , , , , 21.8263846, -0.0518654, , , , , , , 21.8263846, 0.0238346, , , , , , , 21.8263846, 0.026688, , , , , , , , , , , , , , , , , , , , , , , , , , , , 
21.8269038, 0.0151064, , , , , , , 21.8269038, -0.0250095, , , , , , , 21.8269038, 0.018967, , , , , , , 21.8269038, 0.0270237, , , , , , , , , , , , , , , , , , , , , , , , , , , , 
21.8274231, 0.0125887, , , , , , , 21.8274231, 0.0068818, , , , , , , 21.8274231, -0.0045319, , , , , , , 21.8274231, 0.0303807, , , , , , , , , , , , , , , , , , , , , , , , , , , , 
21.8279423, 0.0085603, , , , , , , 21.8279423, 0.0387732, , , , , , , 21.8279423, -0.0475013, , , , , , , 21.8279423, 0.033402, , , , , , , , , , , , , , , , , , , , , , , , , , , , 
21.8284615, 0.0045319, , , , , , , 21.8284615, 0.0614328, , , , , , , 21.8284615, -0.1106126, , , , , , , 21.8284615, 0.0310521, , , , , , , , , , , , , , , , , , , , , , , , , , , , 
21.8289808, 0.0062104, , , , , , , 21.8289808, 0.0703288, , , , , , , 21.8289808, -0.1834592, , , , , , , 21.8289808, 0.0246738, , , , , , , , , , , , , , , , , , , , , , , , , , , , 
21.8295, 0.0182956, , , , , , , 21.8295, 0.0641184, , , , , , , 21.8295, -0.2475776, , , , , , , 21.8295, 0.0139315, , , , , , , , , , , , , , , , , , , , , , , , , , , , 
21.8300192, 0.0317235, , , , , , , 21.8300192, 0.0480049, , , , , , , 21.8300192, -0.2928969, , , , , , , 21.8300192, 0.0018463, , , , , , , , , , , , , , , , , , , , , , , , , , , , 
21.8305385, 0.0377661, , , , , , , 21.8305385, 0.0318914, , , , , , , 21.8305385, -0.311696, , , , , , , 21.8305385, -0.0045319, , , , , , , , , , , , , , , , , , , , , , , , , , , , 
21.8310577, 0.0438087, , , , , , , 21.8310577, 0.0142672, , , , , , , 21.8310577, -0.3066606, , , , , , , 21.8310577, -0.0036927, , , , , , , , , , , , , , , , , , , , , , , , , , , , 
21.8315769, 0.0488441, , , , , , , 21.8315769, -0.0035248, , , , , , , 21.8315769, -0.286183, , , , , , , 21.8315769, -0.0008392, , , , , , , , , , , , , , , , , , , , , , , , , , , , 
21.8320962, 0.0491798, , , , , , , 21.8320962, -0.0182956, , , , , , , 21.8320962, -0.2479133, , , , , , , 21.8320962, 0.0065461, , , , , , , , , , , , , , , , , , , , , , , , , , , , 
21.8326154, 0.0458228, , , , , , , 21.8326154, -0.0270237, , , , , , , 21.8326154, -0.1905089, , , , , , , 21.8326154, 0.0157778, , , , , , , , , , , , , , , , , , , , , , , , , , , , 
21.8331346, 0.0387732, , , , , , , 21.8331346, -0.0320592, , , , , , , 21.8331346, -0.1243763, , , , , , , 21.8331346, 0.0199741, , , , , , , , , , , , , , , , , , , , , , , , , , , , 
21.8336538, 0.0293736, , , , , , , 21.8336538, -0.0404517, , , , , , , 21.8336538, -0.0582437, , , , , , , 21.8336538, 0.0191348, , , , , , , , , , , , , , , , , , , , , , , , , , , , 
21.8341731, 0.0172885, , , , , , , 21.8341731, -0.0533761, , , , , , , 21.8341731, -0.0001678, , , , , , , 21.8341731, 0.0159457, , , , , , , , , , , , , , , , , , , , , , , , , , , , 
21.8346923, 0.0050355, , , , , , , 21.8346923, -0.0659648, , , , , , , 21.8346923, 0.0464942, , , , , , , 21.8346923, 0.0125887, , , , , , , , , , , , , , , , , , , , , , , , , , , , 
21.8352115, -0.0072175, , , , , , , 21.8352115, -0.0834211, , , , , , , 21.8352115, 0.0777142, , , , , , , 21.8352115, 0.0109102, , , , , , , , , , , , , , , , , , , , , , , , , , , , 
21.8357308, -0.0199741, , , , , , , 21.8357308, -0.0981918, , , , , , , 21.8357308, 0.0941634, , , , , , , 21.8357308, 0.0109102, , , , , , , , , , , , , , , , , , , , , , , , , , , , 
21.83625, -0.027863, , , , , , , 21.83625, -0.0958419, , , , , , , 21.83625, 0.1084306, , , , , , , 21.83625, 0.0090639, , , , , , , , , , , , , , , , , , , , , , , , , , , , 
21.8367692, -0.0285344, , , , , , , 21.8367692, -0.0762036, , , , , , , 21.8367692, 0.1284047, , , , , , , 21.8367692, 0.0058747, , , , , , , , , , , , , , , , , , , , , , , , , , , , 
21.8372885, -0.0250095, , , , , , , 21.8372885, -0.0538796, , , , , , , 21.8372885, 0.1520714, , , , , , , 21.8372885, 0.0006714, , , , , , , , , , , , , , , , , , , , , , , , , , , , 
21.8378077, -0.027863, , , , , , , 21.8378077, -0.0381018, , , , , , , 21.8378077, 0.173724, , , , , , , 21.8378077, -0.0031891, , , , , , , , , , , , , , , , , , , , , , , , , , , , 
21.8383269, -0.0350805, , , , , , , 21.8383269, -0.0229953, , , , , , , 21.8383269, 0.1884947, , , , , , , 21.8383269, -0.0025177, , , , , , , , , , , , , , , , , , , , , , , , , , , , 
21.8388462, -0.0411231, , , , , , , 21.8388462, 0.0005035, , , , , , , 21.8388462, 0.1931945, , , , , , , 21.8388462, -0.0005035, , , , , , , , , , , , , , , , , , , , , , , , , , , , 
21.8393654, -0.0370947, , , , , , , 21.8393654, 0.0280308, , , , , , , 21.8393654, 0.1864805, , , , , , , 21.8393654, -0.0035248, , , , , , , , , , , , , , , , , , , , , , , , , , , , 
21.8398846, -0.0224918, , , , , , , 21.8398846, 0.0387732, , , , , , , 21.8398846, 0.1743954, , , , , , , 21.8398846, -0.0095674, , , , , , , , , , , , , , , , , , , , , , , , , , , , 
21.8404038, -0.0031891, , , , , , , 21.8404038, 0.0340734, , , , , , , 21.8404038, 0.1626459, , , , , , , 21.8404038, -0.0135958, , , , , , , , , , , , , , , , , , , , , , , , , , , , 
21.8409231, 0.0099031, , , , , , , 21.8409231, 0.0276951, , , , , , , 21.8409231, 0.1502251, , , , , , , 21.8409231, -0.0109102, , , , , , , , , , , , , , , , , , , , , , , , , , , , 
21.8414423, 0.0182956, , , , , , , 21.8414423, 0.0354162, , , , , , , 21.8414423, 0.1398184, , , , , , , 21.8414423, -0.0082246, , , , , , , , , , , , , , , , , , , , , , , , , , , , 
21.8419615, 0.026688, , , , , , , 21.8419615, 0.0538796, , , , , , , 21.8419615, 0.1341115, , , , , , , 21.8419615, -0.008896, , , , , , , , , , , , , , , , , , , , , , , , , , , , 
21.8424808, 0.0305486, , , , , , , 21.8424808, 0.0654612, , , , , , , 21.8424808, 0.1210193, , , , , , , 21.8424808, -0.0065461, , , , , , , , , , , , , , , , , , , , , , , , , , , , 
21.843, 0.0318914, , , , , , , 21.843, 0.0659648, , , , , , , 21.843, 0.0904707, , , , , , , 21.843, -0.0001678, , , , , , , , , , , , , , , , , , , , , , , , , , , , 
21.8435192, 0.0364233, , , , , , , 21.8435192, 0.072343, , , , , , , 21.8435192, 0.0468299, , , , , , , 21.8435192, 0.0085603, , , , , , , , , , , , , , , , , , , , , , , , , , , , 
21.8440385, 0.040116, , , , , , , 21.8440385, 0.0773785, , , , , , , 21.8440385, -0.0035248, , , , , , , 21.8440385, 0.0199741, , , , , , , , , , , , , , , , , , , , , , , , , , , , 
21.8445577, 0.0374304, , , , , , , 21.8445577, 0.0663005, , , , , , , 21.8445577, -0.0621042, , , , , , , 21.8445577, 0.0307164, , , , , , , , , , , , , , , , , , , , , , , , , , , , 
21.8450769, 0.0347448, , , , , , , 21.8450769, 0.0441444, , , , , , , 21.8450769, -0.1225299, , , , , , , 21.8450769, 0.0347448, , , , , , , , , , , , , , , , , , , , , , , , , , , , 
21.8455962, 0.0303807, , , , , , , 21.8455962, 0.0213169, , , , , , , 21.8455962, -0.1649958, , , , , , , 21.8455962, 0.0327306, , , , , , , , , , , , , , , , , , , , , , , , , , , , 
21.8461154, 0.0213169, , , , , , , 21.8461154, 0.0015106, , , , , , , 21.8461154, -0.1861448, , , , , , , 21.8461154, 0.0313878, , , , , , , , , , , , , , , , , , , , , , , , , , , , 
21.8466346, 0.0149386, , , , , , , 21.8466346, -0.012253, , , , , , , 21.8466346, -0.1945373, , , , , , , 21.8466346, 0.0357519, , , , , , , , , , , , , , , , , , , , , , , , , , , , 
21.8471538, 0.0112459, , , , , , , 21.8471538, -0.0263523, , , , , , , 21.8471538, -0.19823, , , , , , , 21.8471538, 0.0431373, , , , , , , , , , , , , , , , , , , , , , , , , , , , 
21.8476731, 0.0072175, , , , , , , 21.8476731, -0.0501869, , , , , , , 21.8476731, -0.1935302, , , , , , , 21.8476731, 0.0495155, , , , , , , , , , , , , , , , , , , , , , , , , , , , 
21.8481923, 0.0025177, , , , , , , 21.8481923, -0.0703288, , , , , , , 21.8481923, -0.1707027, , , , , , , 21.8481923, 0.054551, , , , , , , , , , , , , , , , , , , , , , , , , , , , 
21.8487115, 0.0003357, , , , , , , 21.8487115, -0.0683146, , , , , , , 21.8487115, -0.1331044, , , , , , , 21.8487115, 0.0542153, , , , , , , , , , , , , , , , , , , , , , , , , , , , 
21.8492308, 0.0031891, , , , , , , 21.8492308, -0.0518654, , , , , , , 21.8492308, -0.0911421, , , , , , , 21.8492308, 0.047837, , , , , , , , , , , , , , , , , , , , , , , , , , , , 
21.84975, 0.0102388, , , , , , , 21.84975, -0.0421302, , , , , , , 21.84975, -0.0520333, , , , , , , 21.84975, 0.036759, , , , , , , , , , , , , , , , , , , , , , , , , , , , 
21.8502692, 0.0246738, , , , , , , 21.8502692, -0.0394446, , , , , , , 21.8502692, -0.0226596, , , , , , , 21.8502692, 0.0236667, , , , , , , , , , , , , , , , , , , , , , , , , , , , 
21.8507885, 0.0407874, , , , , , , 21.8507885, -0.0354162, , , , , , , 21.8507885, -0.0058747, , , , , , , 21.8507885, 0.0092317, , , , , , , , , , , , , , , , , , , , , , , , , , , , 
21.8513077, 0.0454871, , , , , , , 21.8513077, -0.0381018, , , , , , , 21.8513077, 0.0008392, , , , , , , 21.8513077, -0.0045319, , , , , , , , , , , , , , , , , , , , , , , , , , , , 
21.8518269, 0.0433051, , , , , , , 21.8518269, -0.0535439, , , , , , , 21.8518269, -0.0008392, , , , , , , 21.8518269, -0.0139315, , , , , , , , , , , , , , , , , , , , , , , , , , , , 
21.8523462, 0.0387732, , , , , , , 21.8523462, -0.0706645, , , , , , , 21.8523462, 0.0005035, , , , , , , 21.8523462, -0.0176242, , , , , , , , , , , , , , , , , , , , , , , , , , , , 
21.8528654, 0.0325628, , , , , , , 21.8528654, -0.0652934, , , , , , , 21.8528654, 0.0119173, , , , , , , 21.8528654, -0.0159457, , , , , , , , , , , , , , , , , , , , , , , , , , , , 
21.8533846, 0.0280308, , , , , , , 21.8533846, -0.0370947, , , , , , , 21.8533846, 0.0337377, , , , , , , 21.8533846, -0.0146029, , , , , , , , , , , , , , , , , , , , , , , , , , , , 
21.8539038, 0.0270237, , , , , , , 21.8539038, -0.0166171, , , , , , , 21.8539038, 0.0602579, , , , , , , 21.8539038, -0.0135958, , , , , , , , , , , , , , , , , , , , , , , , , , , , 
21.8544231, 0.0250095, , , , , , , 21.8544231, -0.0115816, , , , , , , 21.8544231, 0.0891279, , , , , , , 21.8544231, -0.0102388, , , , , , , , , , , , , , , , , , , , , , , , , , , , 
21.8549423, 0.0203098, , , , , , , 21.8549423, -0.0015106, , , , , , , 21.8549423, 0.1186694, , , , , , , 21.8549423, -0.005539, , , , , , , , , , , , , , , , , , , , , , , , , , , , 
21.8554615, 0.0135958, , , , , , , 21.8554615, 0.0146029, , , , , , , 21.8554615, 0.1478752, , , , , , , 21.8554615, -0.0015106, , , , , , , , , , , , , , , , , , , , , , , , , , , , 
21.8559808, 0.0058747, , , , , , , 21.8559808, -0.0035248, , , , , , , 21.8559808, 0.1720455, , , , , , , 21.8559808, 0.0028534, , , , , , , , , , , , , , , , , , , , , , , , , , , , 
21.8565, -0.005539, , , , , , , 21.8565, -0.0642863, , , , , , , 21.8565, 0.1824521, , , , , , , 21.8565, 0.0065461, , , , , , , , , , , , , , , , , , , , , , , , , , , , 
21.8570192, -0.0216526, , , , , , , 21.8570192, -0.1242084, , , , , , , 21.8570192, 0.1757382, , , , , , , 21.8570192, 0.0070497, , , , , , , , , , , , , , , , , , , , , , , , , , , , 
21.8575385, -0.0374304, , , , , , , 21.8575385, -0.1472038, , , , , , , 21.8575385, 0.16701, , , , , , , 21.8575385, 0.0052033, , , , , , , , , , , , , , , , , , , , , , , , , , , , 
21.8580577, -0.0473335, , , , , , , 21.8580577, -0.1331044, , , , , , , 21.8580577, 0.1639887, , , , , , , 21.8580577, 0.005539, , , , , , , , , , , , , , , , , , , , , , , , , , , , 
21.8585769, -0.0501869, , , , , , , 21.8585769, -0.0850996, , , , , , , 21.8585769, 0.1582818, , , , , , , 21.8585769, 0.0083925, , , , , , , , , , , , , , , , , , , , , , , , , , , , 
21.8590962, -0.0429694, , , , , , , 21.8590962, -0.018967, , , , , , , 21.8590962, 0.1394827, , , , , , , 21.8590962, 0.0137636, , , , , , , , , , , , , , , , , , , , , , , , , , , , 
21.8596154, -0.0263523, , , , , , , 21.8596154, 0.026688, , , , , , , 21.8596154, 0.1038987, , , , , , , 21.8596154, 0.018967, , , , , , , , , , , , , , , , , , , , , , , , , , , , 
21.8601346, -0.0082246, , , , , , , 21.8601346, 0.0285344, , , , , , , 21.8601346, 0.0548867, , , , , , , 21.8601346, 0.0240024, , , , , , , , , , , , , , , , , , , , , , , , , , , , 
21.8606538, 0.003357, , , , , , , 21.8606538, 0.0082246, , , , , , , 21.8606538, -0.0031891, , , , , , , 21.8606538, 0.0293736, , , , , , , , , , , , , , , , , , , , , , , , , , , , 
21.8611731, 0.0137636, , , , , , , 21.8611731, -0.002182, , , , , , , 21.8611731, -0.068986, , , , , , , 21.8611731, 0.0340734, , , , , , , , , , , , , , , , , , , , , , , , , , , , 
21.8616923, 0.0226596, , , , , , , 21.8616923, 0.0025177, , , , , , , 21.8616923, -0.1317617, , , , , , , 21.8616923, 0.0354162, , , , , , , , , , , , , , , , , , , , , , , , , , , , 
21.8622115, 0.0285344, , , , , , , 21.8622115, 0.0065461, , , , , , , 21.8622115, -0.1690242, , , , , , , 21.8622115, 0.0307164, , , , , , , , , , , , , , , , , , , , , , , , , , , , 
21.8627308, 0.033402, , , , , , , 21.8627308, 0.0082246, , , , , , , 21.8627308, -0.1834592, , , , , , , 21.8627308, 0.0253452, , , , , , , , , , , , , , , , , , , , , , , , , , , , 
21.86325, 0.0354162, , , , , , , 21.86325, 0.0169528, , , , , , , 21.86325, -0.1989014, , , , , , , 21.86325, 0.023331, , , , , , , , , , , , , , , , , , , , , , , , , , , , 
21.8637692, 0.0357519, , , , , , , 21.8637692, 0.0240024, , , , , , , 21.8637692, -0.2232395, , , , , , , 21.8637692, 0.0236667, , , , , , , , , , , , , , , , , , , , , , , , , , , , 
21.8642885, 0.0339055, , , , , , , 21.8642885, 0.0246738, , , , , , , 21.8642885, -0.2297856, , , , , , , 21.8642885, 0.0246738, , , , , , , , , , , , , , , , , , , , , , , , , , , , 
21.8648077, 0.0283665, , , , , , , 21.8648077, 0.0263523, , , , , , , 21.8648077, -0.1962158, , , , , , , 21.8648077, 0.0310521, , , , , , , , , , , , , , , , , , , , , , , , , , , , 
21.8653269, 0.0270237, , , , , , , 21.8653269, 0.0293736, , , , , , , 21.8653269, -0.1364614, , , , , , , 21.8653269, 0.0384375, , , , , , , , , , , , , , , , , , , , , , , , , , , , 
21.8658462, 0.0276951, , , , , , , 21.8658462, 0.0313878, , , , , , , 21.8658462, -0.0807355, , , , , , , 21.8658462, 0.0414588, , , , , , , , , , , , , , , , , , , , , , , , , , , , 
21.8663654, 0.0213169, , , , , , , 21.8663654, 0.0305486, , , , , , , 21.8663654, -0.040116, , , , , , , 21.8663654, 0.040116, , , , , , , , , , , , , , , , , , , , , , , , , , , , 
21.8668846, 0.0105745, , , , , , , 21.8668846, 0.0256809, , , , , , , 21.8668846, -0.0229953, , , , , , , 21.8668846, 0.0354162, , , , , , , , , , , , , , , , , , , , , , , , , , , , 
21.8674038, 0.0031891, , , , , , , 21.8674038, 0.0199741, , , , , , , 21.8674038, -0.0344091, , , , , , , 21.8674038, 0.0273594, , , , , , , , , , , , , , , , , , , , , , , , , , , , 
21.8679231, -0.0018463, , , , , , , 21.8679231, 0.0182956, , , , , , , 21.8679231, -0.0552224, , , , , , , 21.8679231, 0.0193027, , , , , , , , , , , , , , , , , , , , , , , , , , , , 
21.8684423, -0.0020142, , , , , , , 21.8684423, 0.0199741, , , , , , , 21.8684423, -0.0699931, , , , , , , 21.8684423, 0.0132601, , , , , , , , , , , , , , , , , , , , , , , , , , , , 
21.8689615, 0.0018463, , , , , , , 21.8689615, 0.0166171, , , , , , , 21.8689615, -0.0656291, , , , , , , 21.8689615, 0.0068818, , , , , , , , , , , , , , , , , , , , , , , , , , , , 
21.8694808, 0.0132601, , , , , , , 21.8694808, 0.0152743, , , , , , , 21.8694808, -0.0407874, , , , , , , 21.8694808, 0.0003357, , , , , , , , , , , , , , , , , , , , , , , , , , , , 
21.87, 0.0307164, , , , , , , 21.87, 0.0219883, , , , , , , 21.87, -0.0129244, , , , , , , 21.87, -0.0041962, , , , , , , , , , , , , , , , , , , , , , , , , , , , 
21.8705192, 0.047837, , , , , , , 21.8705192, 0.0315557, , , , , , , 21.8705192, 0.0090639, , , , , , , 21.8705192, -0.0099031, , , , , , , , , , , , , , , , , , , , , , , , , , , , 
21.8710385, 0.0607614, , , , , , , 21.8710385, 0.0448157, , , , , , , 21.8710385, 0.0199741, , , , , , , 21.8710385, -0.0162814, , , , , , , , , , , , , , , , , , , , , , , , , , , , 
21.8715577, 0.0676432, , , , , , , 21.8715577, 0.0636149, , , , , , , 21.8715577, 0.0099031, , , , , , , 21.8715577, -0.0216526, , , , , , , , , , , , , , , , , , , , , , , , , , , , 
21.8720769, 0.0710002, , , , , , , 21.8720769, 0.0757, , , , , , , 21.8720769, -0.0310521, , , , , , , 21.8720769, -0.0238346, , , , , , , , , , , , , , , , , , , , , , , , , , , , 
21.8725962, 0.0726787, , , , , , , 21.8725962, 0.0743572, , , , , , , 21.8725962, -0.0834211, , , , , , , 21.8725962, -0.0223239, , , , , , , , , , , , , , , , , , , , , , , , , , , , 
21.8731154, 0.072343, , , , , , , 21.8731154, 0.0599222, , , , , , , 21.8731154, -0.1134661, , , , , , , 21.8731154, -0.0172885, , , , , , , , , , , , , , , , , , , , , , , , , , , , 
21.8736346, 0.0664683, , , , , , , 21.8736346, 0.0344091, , , , , , , 21.8736346, -0.1166552, , , , , , , 21.8736346, -0.008896, , , , , , , , , , , , , , , , , , , , , , , , , , , , 
21.8741538, 0.0569009, , , , , , , 21.8741538, 0.0072175, , , , , , , 21.8741538, -0.1062486, , , , , , , 21.8741538, 0.0025177, , , , , , , , , , , , , , , , , , , , , , , , , , , , 
21.8746731, 0.0481727, , , , , , , 21.8746731, -0.0132601, , , , , , , 21.8746731, -0.0827497, , , , , , , 21.8746731, 0.0149386, , , , , , , , , , , , , , , , , , , , , , , , , , , , 
21.8751923, 0.0421302, , , , , , , 21.8751923, -0.0213169, , , , , , , 21.8751923, -0.047837, , , , , , , 21.8751923, 0.0228275, , , , , , , , , , , , , , , , , , , , , , , , , , , , 
21.8757115, 0.0307164, , , , , , , 21.8757115, 0.0011749, , , , , , , 21.8757115, -0.0151064, , , , , , , 21.8757115, 0.024506, , , , , , , , , , , , , , , , , , , , , , , , , , , , 
21.8762308, 0.0162814, , , , , , , 21.8762308, 0.0626078, , , , , , , 21.8762308, 0.008896, , , , , , , 21.8762308, 0.0246738, , , , , , , , , , , , , , , , , , , , , , , , , , , , 
21.87675, 0.0062104, , , , , , , 21.87675, 0.0991989, , , , , , , 21.87675, 0.0250095, , , , , , , 21.87675, 0.0240024, , , , , , , , , , , , , , , , , , , , , , , , , , , , 
21.8772692, 0.0011749, , , , , , , 21.8772692, 0.0632792, , , , , , , 21.8772692, 0.0414588, , , , , , , 21.8772692, 0.0271916, , , , , , , , , , , , , , , , , , , , , , , , , , , , 
21.8777885, -0.0057069, , , , , , , 21.8777885, -0.026688, , , , , , , 21.8777885, 0.0595865, , , , , , , 21.8777885, 0.033402, , , , , , , , , , , , , , , , , , , , , , , , , , , , 
21.8783077, -0.0223239, , , , , , , 21.8783077, -0.1032273, , , , , , , 21.8783077, 0.0777142, , , , , , , 21.8783077, 0.0397803, , , , , , , , , , , , , , , , , , , , , , , , , , , , 
21.8788269, -0.0379339, , , , , , , 21.8788269, -0.1317617, , , , , , , 21.8788269, 0.0847639, , , , , , , 21.8788269, 0.0448157, , , , , , , , , , , , , , , , , , , , , , , , , , , , 
21.8793462, -0.0414588, , , , , , , 21.8793462, -0.1334401, , , , , , , 21.8793462, 0.0773785, , , , , , , 21.8793462, 0.0498512, , , , , , , , , , , , , , , , , , , , , , , , , , , , 
21.8798654, -0.0330663, , , , , , , 21.8798654, -0.1367971, , , , , , , 21.8798654, 0.0757, , , , , , , 21.8798654, 0.0528725, , , , , , , , , , , , , , , , , , , , , , , , , , , , 
21.8803846, -0.0206455, , , , , , , 21.8803846, -0.1502251, , , , , , , 21.8803846, 0.0914778, , , , , , , 21.8803846, 0.0513619, , , , , , , , , , , , , , , , , , , , , , , , , , , , 
21.8809038, -0.0169528, , , , , , , 21.8809038, -0.1507286, , , , , , , 21.8809038, 0.1099413, , , , , , , 21.8809038, 0.0458228, , , , , , , , , , , , , , , , , , , , , , , , , , , , 
21.8814231, -0.018967, , , , , , , 21.8814231, -0.1344472, , , , , , , 21.8814231, 0.1173266, , , , , , , 21.8814231, 0.0419623, , , , , , , , , , , , , , , , , , , , , , , , , , , , 
21.8819423, -0.0182956, , , , , , , 21.8819423, -0.1270619, , , , , , , 21.8819423, 0.1200122, , , , , , , 21.8819423, 0.0384375, , , , , , , , , , , , , , , , , , , , , , , , , , , , 
21.8824615, -0.0162814, , , , , , , 21.8824615, -0.1196765, , , , , , , 21.8824615, 0.1310903, , , , , , , 21.8824615, 0.030045, , , , , , , , , , , , , , , , , , , , , , , , , , , , 
21.8829808, -0.0166171, , , , , , , 21.8829808, -0.0889601, , , , , , , 21.8829808, 0.1250477, , , , , , , 21.8829808, 0.0213169, , , , , , , , , , , , , , , , , , , , , , , , , , , , 
21.8835, -0.018967, , , , , , , 21.8835, -0.0508583, , , , , , , 21.8835, 0.0887922, , , , , , , 21.8835, 0.0169528, , , , , , , , , , , , , , , , , , , , , , , , , , , , 
21.8840192, -0.0179599, , , , , , , 21.8840192, -0.0226596, , , , , , , 21.8840192, 0.0495155, , , , , , , 21.8840192, 0.0176242, , , , , , , , , , , , , , , , , , , , , , , , , , , , 
21.8845385, -0.014435, , , , , , , 21.8845385, 0.0226596, , , , , , , 21.8845385, 0.0280308, , , , , , , 21.8845385, 0.0162814, , , , , , , , , , , , , , , , , , , , , , , , , , , , 
21.8850577, -0.0109102, , , , , , , 21.8850577, 0.0809033, , , , , , , 21.8850577, 0.01561, , , , , , , 21.8850577, 0.0119173, , , , , , , , , , , , , , , , , , , , , , , , , , , , 
21.8855769, -0.0038605, , , , , , , 21.8855769, 0.1176623, , , , , , , 21.8855769, -0.0025177, , , , , , , 21.8855769, 0.0045319, , , , , , , , , , , , , , , , , , , , , , , , , , , , 
21.8860962, 0.0018463, , , , , , , 21.8860962, 0.1196765, , , , , , , 21.8860962, -0.0263523, , , , , , , 21.8860962, -0.0068818, , , , , , , , , , , , , , , , , , , , , , , , , , , , 
21.8866154, 0.0078889, , , , , , , 21.8866154, 0.0921492, , , , , , , 21.8866154, -0.0528725, , , , , , , 21.8866154, -0.0203098, , , , , , , , , , , , , , , , , , , , , , , , , , , , 
21.8871346, 0.0172885, , , , , , , 21.8871346, 0.0569009, , , , , , , 21.8871346, -0.0830854, , , , , , , 21.8871346, -0.0298772, , , , , , , , , , , , , , , , , , , , , , , , , , , , 
21.8876538, 0.0292058, , , , , , , 21.8876538, 0.0307164, , , , , , , 21.8876538, -0.1173266, , , , , , , 21.8876538, -0.0344091, , , , , , , , , , , , , , , , , , , , , , , , , , , , 
21.8881731, 0.0387732, , , , , , , 21.8881731, 0.0162814, , , , , , , 21.8881731, -0.144686, , , , , , , 21.8881731, -0.0350805, , , , , , , , , , , , , , , , , , , , , , , , , , , , 
21.8886923, 0.0441444, , , , , , , 21.8886923, 0.0057069, , , , , , , 21.8886923, -0.1549248, , , , , , , 21.8886923, -0.0327306, , , , , , , , , , , , , , , , , , , , , , , , , , , , 
21.8892115, 0.0558938, , , , , , , 21.8892115, -0.005539, , , , , , , 21.8892115, -0.1448539, , , , , , , 21.8892115, -0.0330663, , , , , , , , , , , , , , , , , , , , , , , , , , , , 
21.8897308, 0.0777142, , , , , , , 21.8897308, -0.0125887, , , , , , , 21.8897308, -0.1190051, , , , , , , 21.8897308, -0.0317235, , , , , , , , , , , , , , , , , , , , , , , , , , , , 
21.89025, 0.0936599, , , , , , , 21.89025, -0.0157778, , , , , , , 21.89025, -0.0834211, , , , , , , 21.89025, -0.0250095, , , , , , , , , , , , , , , , , , , , , , , , , , , , 
21.8907692, 0.1052415, , , , , , , 21.8907692, -0.0162814, , , , , , , 21.8907692, -0.0448157, , , , , , , 21.8907692, -0.0169528, , , , , , , , , , , , , , , , , , , , , , , , , , , , 
21.8912885, 0.111284, , , , , , , 21.8912885, -0.0082246, , , , , , , 21.8912885, -0.0169528, , , , , , , 21.8912885, -0.0152743, , , , , , , , , , , , , , , , , , , , , , , , , , , , 
21.8918077, 0.1052415, , , , , , , 21.8918077, 0.002182, , , , , , , 21.8918077, -0.0092317, , , , , , , 21.8918077, -0.0166171, , , , , , , , , , , , , , , , , , , , , , , , , , , , 
21.8923269, 0.1005417, , , , , , , 21.8923269, 0.0105745, , , , , , , 21.8923269, -0.0166171, , , , , , , 21.8923269, -0.0169528, , , , , , , , , , , , , , , , , , , , , , , , , , , , 
21.8928462, 0.0928206, , , , , , , 21.8928462, 0.0139315, , , , , , , 21.8928462, -0.0112459, , , , , , , 21.8928462, -0.0135958, , , , , , , , , , , , , , , , , , , , , , , , , , , , 
21.8933654, 0.0787213, , , , , , , 21.8933654, 0.0038605, , , , , , , 21.8933654, 0.0172885, , , , , , , 21.8933654, -0.0075532, , , , , , , , , , , , , , , , , , , , , , , , , , , , 
21.8938846, 0.061265, , , , , , , 21.8938846, -0.0149386, , , , , , , 21.8938846, 0.0602579, , , , , , , 21.8938846, 0.0025177, , , , , , , , , , , , , , , , , , , , , , , , , , , , 
21.8944038, 0.0417945, , , , , , , 21.8944038, -0.0283665, , , , , , , 21.8944038, 0.103563, , , , , , , 21.8944038, 0.0166171, , , , , , , , , , , , , , , , , , , , , , , , , , , , 
21.8949231, 0.0271916, , , , , , , 21.8949231, -0.0263523, , , , , , , 21.8949231, 0.1371328, , , , , , , 21.8949231, 0.0273594, , , , , , , , , , , , , , , , , , , , , , , , , , , , 
21.8954423, 0.0186313, , , , , , , 21.8954423, -0.0250095, , , , , , , 21.8954423, 0.1582818, , , , , , , 21.8954423, 0.0381018, , , , , , , , , , , , , , , , , , , , , , , , , , , , 
21.8959615, 0.0065461, , , , , , , 21.8959615, -0.0357519, , , , , , , 21.8959615, 0.1666743, , , , , , , 21.8959615, 0.0557259, , , , , , , , , , , , , , , , , , , , , , , , , , , , 
21.8964808, -0.0082246, , , , , , , 21.8964808, -0.04448, , , , , , , 21.8964808, 0.1633173, , , , , , , 21.8964808, 0.0720073, , , , , , , , , , , , , , , , , , , , , , , , , , , , 
21.897, -0.0209812, , , , , , , 21.897, -0.0357519, , , , , , , 21.897, 0.1468681, , , , , , , 21.897, 0.0757, , , , , , , , , , , , , , , , , , , , , , , , , , , , 
21.8975192, -0.0377661, , , , , , , 21.8975192, -0.0149386, , , , , , , 21.8975192, 0.1136339, , , , , , , 21.8975192, 0.0686503, , , , , , , , , , , , , , , , , , , , , , , , , , , , 
21.8980385, -0.0552224, , , , , , , 21.8980385, 0.0117494, , , , , , , 21.8980385, 0.0610971, , , , , , , 21.8980385, 0.0582437, , , , , , , , , , , , , , , , , , , , , , , , , , , , 
21.8985577, -0.0673075, , , , , , , 21.8985577, 0.0340734, , , , , , , 21.8985577, -0.0062104, , , , , , , 21.8985577, 0.0448157, , , , , , , , , , , , , , , , , , , , , , , , , , , , 
21.8990769, -0.0743572, , , , , , , 21.8990769, 0.0357519, , , , , , , 21.8990769, -0.0673075, , , , , , , 21.8990769, 0.03122, , , , , , , , , , , , , , , , , , , , , , , , , , , , 
21.8995962, -0.0770428, , , , , , , 21.8995962, 0.0166171, , , , , , , 21.8995962, -0.1144732, , , , , , , 21.8995962, 0.0199741, , , , , , , , , , , , , , , , , , , , , , , , , , , , 
21.9001154, -0.0726787, , , , , , , 21.9001154, -0.0077211, , , , , , , 21.9001154, -0.1519036, , , , , , , 21.9001154, 0.0129244, , , , , , , , , , , , , , , , , , , , , , , , , , , , 
21.9006346, -0.0632792, , , , , , , 21.9006346, -0.0310521, , , , , , , 21.9006346, -0.1754025, , , , , , , 21.9006346, 0.0104067, , , , , , , , , , , , , , , , , , , , , , , , , , , , 
21.9011538, -0.0527047, , , , , , , 21.9011538, -0.0439765, , , , , , , 21.9011538, -0.178088, , , , , , , 21.9011538, 0.0125887, , , , , , , , , , , , , , , , , , , , , , , , , , , , 
21.9016731, -0.0448157, , , , , , , 21.9016731, -0.0464942, , , , , , , 21.9016731, -0.1656672, , , , , , , 21.9016731, 0.0182956, , , , , , , , , , , , , , , , , , , , , , , , , , , , 
21.9021923, -0.040116, , , , , , , 21.9021923, -0.0404517, , , , , , , 21.9021923, -0.1505608, , , , , , , 21.9021923, 0.0240024, , , , , , , , , , , , , , , , , , , , , , , , , , , , 
21.9027115, -0.0347448, , , , , , , 21.9027115, -0.0250095, , , , , , , 21.9027115, -0.1346151, , , , , , , 21.9027115, 0.0280308, , , , , , , , , , , , , , , , , , , , , , , , , , , , 
21.9032308, -0.030045, , , , , , , 21.9032308, -0.0013428, , , , , , , 21.9032308, -0.1171588, , , , , , , 21.9032308, 0.0307164, , , , , , , , , , , , , , , , , , , , , , , , , , , , 
21.90375, -0.026688, , , , , , , 21.90375, 0.0132601, , , , , , , 21.90375, -0.093492, , , , , , , 21.90375, 0.0280308, , , , , , , , , , , , , , , , , , , , , , , , , , , , 
21.9042692, -0.0196384, , , , , , , 21.9042692, 0.0087282, , , , , , , 21.9042692, -0.0656291, , , , , , , 21.9042692, 0.0159457, , , , , , , , , , , , , , , , , , , , , , , , , , , , 
21.9047885, -0.0099031, , , , , , , 21.9047885, 0.0005035, , , , , , , 21.9047885, -0.0396124, , , , , , , 21.9047885, 0.0008392, , , , , , , , , , , , , , , , , , , , , , , , , , , , 
21.9053077, -0.0085603, , , , , , , 21.9053077, 0.0041962, , , , , , , 21.9053077, -0.0196384, , , , , , , 21.9053077, -0.0105745, , , , , , , , , , , , , , , , , , , , , , , , , , , , 
21.9058269, -0.0105745, , , , , , , 21.9058269, 0.0129244, , , , , , , 21.9058269, -0.0038605, , , , , , , 21.9058269, -0.0135958, , , , , , , , , , , , , , , , , , , , , , , , , , , , 
21.9063462, -0.0099031, , , , , , , 21.9063462, 0.0137636, , , , , , , 21.9063462, 0.0151064, , , , , , , 21.9063462, -0.0129244, , , , , , , , , , , , , , , , , , , , , , , , , , , , 
21.9068654, -0.0041962, , , , , , , 21.9068654, 0.0043641, , , , , , , 21.9068654, 0.0283665, , , , , , , 21.9068654, -0.0146029, , , , , , , , , , , , , , , , , , , , , , , , , , , , 
21.9073846, 0.005539, , , , , , , 21.9073846, -0.0152743, , , , , , , 21.9073846, 0.0374304, , , , , , , 21.9073846, -0.0161135, , , , , , , , , , , , , , , , , , , , , , , , , , , , 
21.9079038, 0.0132601, , , , , , , 21.9079038, -0.0411231, , , , , , , 21.9079038, 0.045655, , , , , , , 21.9079038, -0.0152743, , , , , , , , , , , , , , , , , , , , , , , , , , , , 
21.9084231, 0.0169528, , , , , , , 21.9084231, -0.054551, , , , , , , 21.9084231, 0.0522011, , , , , , , 21.9084231, -0.0149386, , , , , , , , , , , , , , , , , , , , , , , , , , , , 
21.9089423, 0.0226596, , , , , , , 21.9089423, -0.0575723, , , , , , , 21.9089423, 0.0585794, , , , , , , 21.9089423, -0.01561, , , , , , , , , , , , , , , , , , , , , , , , , , , , 
21.9094615, 0.036759, , , , , , , 21.9094615, -0.0639506, , , , , , , 21.9094615, 0.0706645, , , , , , , 21.9094615, -0.0139315, , , , , , , , , , , , , , , , , , , , , , , , , , , , 
21.9099808, 0.0525368, , , , , , , 21.9099808, -0.0713359, , , , , , , 21.9099808, 0.0897993, , , , , , , 21.9099808, -0.0085603, , , , , , , , , , , , , , , , , , , , , , , , , , , , 
21.9105, 0.0632792, , , , , , , 21.9105, -0.0673075, , , , , , , 21.9105, 0.1070878, , , , , , , 21.9105, -0.0001678, , , , , , , , , , , , , , , , , , , , , , , , , , , , 
21.9110192, 0.0710002, , , , , , , 21.9110192, -0.0542153, , , , , , , 21.9110192, 0.1233692, , , , , , , 21.9110192, 0.0085603, , , , , , , , , , , , , , , , , , , , , , , , , , , , 
21.9115385, 0.0736858, , , , , , , 21.9115385, -0.0424659, , , , , , , 21.9115385, 0.1394827, , , , , , , 21.9115385, 0.0146029, , , , , , , , , , , , , , , , , , , , , , , , , , , , 
21.9120577, 0.0736858, , , , , , , 21.9120577, -0.0327306, , , , , , , 21.9120577, 0.1485466, , , , , , , 21.9120577, 0.0139315, , , , , , , , , , , , , , , , , , , , , , , , , , , , 
21.9125769, 0.0787213, , , , , , , 21.9125769, -0.0166171, , , , , , , 21.9125769, 0.1502251, , , , , , , 21.9125769, 0.0052033, , , , , , , , , , , , , , , , , , , , , , , , , , , , 
21.9130962, 0.0827497, , , , , , , 21.9130962, 0.0072175, , , , , , , 21.9130962, 0.1455253, , , , , , , 21.9130962, -0.002182, , , , , , , , , , , , , , , , , , , , , , , , , , , , 
21.9136154, 0.0780499, , , , , , , 21.9136154, 0.0313878, , , , , , , 21.9136154, 0.1435111, , , , , , , 21.9136154, -0.0052033, , , , , , , , , , , , , , , , , , , , , , , , , , , , 
21.9141346, 0.0629435, , , , , , , 21.9141346, 0.0433051, , , , , , , 21.9141346, 0.145861, , , , , , , 21.9141346, -0.005539, , , , , , , , , , , , , , , , , , , , , , , , , , , , 
21.9146538, 0.047837, , , , , , , 21.9146538, 0.0421302, , , , , , , 21.9146538, 0.1421683, , , , , , , 21.9146538, -0.0041962, , , , , , , , , , , , , , , , , , , , , , , , , , , , 
21.9151731, 0.0320592, , , , , , , 21.9151731, 0.0350805, , , , , , , 21.9151731, 0.1277333, , , , , , , 21.9151731, -0.0036927, , , , , , , , , , , , , , , , , , , , , , , , , , , , 
21.9156923, 0.0146029, , , , , , , 21.9156923, 0.0280308, , , , , , , 21.9156923, 0.1018845, , , , , , , 21.9156923, -0.0023499, , , , , , , , , , , , , , , , , , , , , , , , , , , , 
21.9162115, -0.0028534, , , , , , , 21.9162115, 0.0218204, , , , , , , 21.9162115, 0.063447, , , , , , , 21.9162115, 0.0011749, , , , , , , , , , , , , , , , , , , , , , , , , , , , 
21.9167308, -0.0149386, , , , , , , 21.9167308, 0.0199741, , , , , , , 21.9167308, 0.0203098, , , , , , , 21.9167308, 0.0065461, , , , , , , , , , , , , , , , , , , , , , , , , , , , 
21.91725, -0.0270237, , , , , , , 21.91725, 0.0209812, , , , , , , 21.91725, -0.0226596, , , , , , , 21.91725, 0.0125887, , , , , , , , , , , , , , , , , , , , , , , , , , , , 
21.9177692, -0.0347448, , , , , , , 21.9177692, 0.0184634, , , , , , , 21.9177692, -0.0676432, , , , , , , 21.9177692, 0.0171206, , , , , , , , , , , , , , , , , , , , , , , , , , , , 
21.9182885, -0.0337377, , , , , , , 21.9182885, 0.0179599, , , , , , , 21.9182885, -0.1176623, , , , , , , 21.9182885, 0.0209812, , , , , , , , , , , , , , , , , , , , , , , , , , , , 
21.9188077, -0.036759, , , , , , , 21.9188077, 0.0216526, , , , , , , 21.9188077, -0.1619745, , , , , , , 21.9188077, 0.0213169, , , , , , , , , , , , , , , , , , , , , , , , , , , , 
21.9193269, -0.0344091, , , , , , , 21.9193269, 0.0271916, , , , , , , 21.9193269, -0.1849699, , , , , , , 21.9193269, 0.0216526, , , , , , , , , , , , , , , , , , , , , , , , , , , , 
21.9198462, -0.0251774, , , , , , , 21.9198462, 0.033402, , , , , , , 21.9198462, -0.1884947, , , , , , , 21.9198462, 0.0248417, , , , , , , , , , , , , , , , , , , , , , , , , , , , 
21.9203654, -0.0186313, , , , , , , 21.9203654, 0.0381018, , , , , , , 21.9203654, -0.1989014, , , , , , , 21.9203654, 0.0283665, , , , , , , , , , , , , , , , , , , , , , , , , , , , 
21.9208846, -0.0149386, , , , , , , 21.9208846, 0.0394446, , , , , , , 21.9208846, -0.2163577, , , , , , , 21.9208846, 0.0313878, , , , , , , , , , , , , , , , , , , , , , , , , , , , 
21.9214038, -0.0075532, , , , , , , 21.9214038, 0.0344091, , , , , , , 21.9214038, -0.2089723, , , , , , , 21.9214038, 0.0354162, , , , , , , , , , , , , , , , , , , , , , , , , , , , 
21.9219231, 0.0025177, , , , , , , 21.9219231, 0.0293736, , , , , , , 21.9219231, -0.1660029, , , , , , , 21.9219231, 0.0379339, , , , , , , , , , , , , , , , , , , , , , , , , , , , 
21.9224423, 0.0105745, , , , , , , 21.9224423, 0.0290379, , , , , , , 21.9224423, -0.1050736, , , , , , , 21.9224423, 0.0340734, , , , , , , , , , , , , , , , , , , , , , , , , , , , 
21.9229615, 0.0159457, , , , , , , 21.9229615, 0.030045, , , , , , , 21.9229615, -0.0555581, , , , , , , 21.9229615, 0.0253452, , , , , , , , , , , , , , , , , , , , , , , , , , , , 
21.9234808, 0.0229953, , , , , , , 21.9234808, 0.0287022, , , , , , , 21.9234808, -0.0330663, , , , , , , 21.9234808, 0.0172885, , , , , , , , , , , , , , , , , , , , , , , , , , , , 
21.924, 0.0325628, , , , , , , 21.924, 0.0270237, , , , , , , 21.924, -0.0374304, , , , , , , 21.924, 0.0105745, , , , , , , , , , , , , , , , , , , , , , , , , , , , 
21.9245192, 0.0374304, , , , , , , 21.9245192, 0.0290379, , , , , , , 21.9245192, -0.0664683, , , , , , , 21.9245192, 0.0031891, , , , , , , , , , , , , , , , , , , , , , , , , , , , 
21.9250385, 0.0428016, , , , , , , 21.9250385, 0.0320592, , , , , , , 21.9250385, -0.1022202, , , , , , , 21.9250385, -0.0031891, , , , , , , , , , , , , , , , , , , , , , , , , , , , 
21.9255577, 0.0481727, , , , , , , 21.9255577, 0.0372625, , , , , , , 21.9255577, -0.1290761, , , , , , , 21.9255577, -0.0028534, , , , , , , , , , , , , , , , , , , , , , , , , , , , 
21.9260769, 0.0495155, , , , , , , 21.9260769, 0.0419623, , , , , , , 21.9260769, -0.1445182, , , , , , , 21.9260769, 0.0048676, , , , , , , , , , , , , , , , , , , , , , , , , , , , 
21.9265962, 0.0488441, , , , , , , 21.9265962, 0.0347448, , , , , , , 21.9265962, -0.1589532, , , , , , , 21.9265962, 0.0105745, , , , , , , , , , , , , , , , , , , , , , , , , , , , 
21.9271154, 0.051194, , , , , , , 21.9271154, 0.0105745, , , , , , , 21.9271154, -0.1787594, , , , , , , 21.9271154, 0.0095674, , , , , , , , , , , , , , , , , , , , , , , , , , , , 
21.9276346, 0.0528725, , , , , , , 21.9276346, -0.0208133, , , , , , , 21.9276346, -0.1804379, , , , , , , 21.9276346, 0.0058747, , , , , , , , , , , , , , , , , , , , , , , , , , , , 
21.9281538, 0.0535439, , , , , , , 21.9281538, -0.0337377, , , , , , , 21.9281538, -0.1535821, , , , , , , 21.9281538, 0.0085603, , , , , , , , , , , , , , , , , , , , , , , , , , , , 
21.9286731, 0.0547189, , , , , , , 21.9286731, -0.0246738, , , , , , , 21.9286731, -0.1052415, , , , , , , 21.9286731, 0.0186313, , , , , , , , , , , , , , , , , , , , , , , , , , , , 
21.9291923, 0.0552224, , , , , , , 21.9291923, -0.012253, , , , , , , 21.9291923, -0.0493477, , , , , , , 21.9291923, 0.0234989, , , , , , , , , , , , , , , , , , , , , , , , , , , , 
21.9297115, 0.0589151, , , , , , , 21.9297115, -0.0186313, , , , , , , 21.9297115, -0.0005035, , , , , , , 21.9297115, 0.0209812, , , , , , , , , , , , , , , , , , , , , , , , , , , , 
21.9302308, 0.0642863, , , , , , , 21.9302308, -0.0528725, , , , , , , 21.9302308, 0.0433051, , , , , , , 21.9302308, 0.0182956, , , , , , , , , , , , , , , , , , , , , , , , , , , , 
21.93075, 0.0629435, , , , , , , 21.93075, -0.0981918, , , , , , , 21.93075, 0.0837568, , , , , , , 21.93075, 0.0186313, , , , , , , , , , , , , , , , , , , , , , , , , , , , 
21.9312692, 0.0595865, , , , , , , 21.9312692, -0.131426, , , , , , , 21.9312692, 0.1183337, , , , , , , 21.9312692, 0.0216526, , , , , , , , , , , , , , , , , , , , , , , , , , , , 
21.9317885, 0.0575723, , , , , , , 21.9317885, -0.1406577, , , , , , , 21.9317885, 0.1399863, , , , , , , 21.9317885, 0.0226596, , , , , , , , , , , , , , , , , , , , , , , , , , , , 
21.9323077, 0.0454871, , , , , , , 21.9323077, -0.1277333, , , , , , , 21.9323077, 0.149218, , , , , , , 21.9323077, 0.0208133, , , , , , , , , , , , , , , , , , , , , , , , , , , , 
21.9328269, 0.0292058, , , , , , , 21.9328269, -0.1005417, , , , , , , 21.9328269, 0.1529107, , , , , , , 21.9328269, 0.0169528, , , , , , , , , , , , , , , , , , , , , , , , , , , , 
21.9333462, 0.0166171, , , , , , , 21.9333462, -0.0740215, , , , , , , 21.9333462, 0.1567712, , , , , , , 21.9333462, 0.0140993, , , , , , , , , , , , , , , , , , , , , , , , , , , , 
21.9338654, 0.0078889, , , , , , , 21.9338654, -0.0616007, , , , , , , 21.9338654, 0.156939, , , , , , , 21.9338654, 0.0092317, , , , , , , , , , , , , , , , , , , , , , , , , , , , 
21.9343846, -0.0031891, , , , , , , 21.9343846, -0.064622, , , , , , , 21.9343846, 0.1508965, , , , , , , 21.9343846, 0.0018463, , , , , , , , , , , , , , , , , , , , , , , , , , , , 
21.9349038, -0.012253, , , , , , , 21.9349038, -0.0726787, , , , , , , 21.9349038, 0.1435111, , , , , , , 21.9349038, -0.0057069, , , , , , , , , , , , , , , , , , , , , , , , , , , , 
21.9354231, -0.0172885, , , , , , , 21.9354231, -0.0733501, , , , , , , 21.9354231, 0.1414969, , , , , , , 21.9354231, -0.0115816, , , , , , , , , , , , , , , , , , , , , , , , , , , , 
21.9359423, -0.0276951, , , , , , , 21.9359423, -0.0713359, , , , , , , 21.9359423, 0.1441825, , , , , , , 21.9359423, -0.0146029, , , , , , , , , , , , , , , , , , , , , , , , , , , , 
21.9364615, -0.0404517, , , , , , , 21.9364615, -0.0572366, , , , , , , 21.9364615, 0.1408255, , , , , , , 21.9364615, -0.0139315, , , , , , , , , , , , , , , , , , , , , , , , , , , , 
21.9369808, -0.0471656, , , , , , , 21.9369808, -0.0229953, , , , , , , 21.9369808, 0.1173266, , , , , , , 21.9369808, -0.012253, , , , , , , , , , , , , , , , , , , , , , , , , , , , 
21.9375, -0.0446479, , , , , , , 21.9375, 0.012253, , , , , , , 21.9375, 0.0703288, , , , , , , 21.9375, -0.005539, , , , , , , , , , , , , , , , , , , , , , , , , , , , 
21.9380192, -0.0431373, , , , , , , 21.9380192, 0.0318914, , , , , , , 21.9380192, 0.0048676, , , , , , , 21.9380192, 0.0041962, , , , , , , , , , , , , , , , , , , , , , , , , , , , 
21.9385385, -0.0468299, , , , , , , 21.9385385, 0.0374304, , , , , , , 21.9385385, -0.0706645, , , , , , , 21.9385385, 0.0152743, , , , , , , , , , , , , , , , , , , , , , , , , , , , 
21.9390577, -0.0426337, , , , , , , 21.9390577, 0.040116, , , , , , , 21.9390577, -0.1411612, , , , , , , 21.9390577, 0.0240024, , , , , , , , , , , , , , , , , , , , , , , , , , , , 
21.9395769, -0.0236667, , , , , , , 21.9395769, 0.0495155, , , , , , , 21.9395769, -0.1916838, , , , , , , 21.9395769, 0.0250095, , , , , , , , , , , , , , , , , , , , , , , , , , , , 
21.9400962, -0.0041962, , , , , , , 21.9400962, 0.0800641, , , , , , , 21.9400962, -0.2197147, , , , , , , 21.9400962, 0.0193027, , , , , , , , , , , , , , , , , , , , , , , , , , , , 
21.9406154, 0.005539, , , , , , , 21.9406154, 0.1153124, , , , , , , 21.9406154, -0.2294499, , , , , , , 21.9406154, 0.0132601, , , , , , , , , , , , , , , , , , , , , , , , , , , , 
21.9411346, 0.0105745, , , , , , , 21.9411346, 0.1169909, , , , , , , 21.9411346, -0.2244144, , , , , , , 21.9411346, 0.0119173, , , , , , , , , , , , , , , , , , , , , , , , , , , , 
21.9416538, 0.0127565, , , , , , , 21.9416538, 0.0921492, , , , , , , 21.9416538, -0.2062867, , , , , , , 21.9416538, 0.0179599, , , , , , , , , , , , , , , , , , , , , , , , , , , , 
21.9421731, 0.0179599, , , , , , , 21.9421731, 0.0589151, , , , , , , 21.9421731, -0.1713741, , , , , , , 21.9421731, 0.033402, , , , , , , , , , , , , , , , , , , , , , , , , , , , 
21.9426923, 0.0236667, , , , , , , 21.9426923, 0.03122, , , , , , , 21.9426923, -0.1196765, , , , , , , 21.9426923, 0.0528725, , , , , , , , , , , , , , , , , , , , , , , , , , , , 
21.9432115, 0.0246738, , , , , , , 21.9432115, 0.0112459, , , , , , , 21.9432115, -0.0683146, , , , , , , 21.9432115, 0.0720073, , , , , , , , , , , , , , , , , , , , , , , , , , , , 
21.9437308, 0.0179599, , , , , , , 21.9437308, 0.0011749, , , , , , , 21.9437308, -0.0283665, , , , , , , 21.9437308, 0.0867781, , , , , , , , , , , , , , , , , , , , , , , , , , , , 
21.94425, 0.0109102, , , , , , , 21.94425, -0.0068818, , , , , , , 21.94425, 0.0052033, , , , , , , 21.94425, 0.0918135, , , , , , , , , , , , , , , , , , , , , , , , , , , , 
21.9447692, 0.0052033, , , , , , , 21.9447692, -0.0162814, , , , , , , 21.9447692, 0.0318914, , , , , , , 21.9447692, 0.0861067, , , , , , , , , , , , , , , , , , , , , , , , , , , , 
21.9452885, 0.0038605, , , , , , , 21.9452885, -0.0258488, , , , , , , 21.9452885, 0.0481727, , , , , , , 21.9452885, 0.072343, , , , , , , , , , , , , , , , , , , , , , , , , , , , 
21.9458077, 0.0005035, , , , , , , 21.9458077, -0.0270237, , , , , , , 21.9458077, 0.0592508, , , , , , , 21.9458077, 0.0553902, , , , , , , , , , , , , , , , , , , , , , , , , , , , 
21.9463269, -0.0008392, , , , , , , 21.9463269, -0.0240024, , , , , , , 21.9463269, 0.0736858, , , , , , , 21.9463269, 0.0384375, , , , , , , , , , , , , , , , , , , , , , , , , , , , 
21.9468462, 0.0031891, , , , , , , 21.9468462, -0.0293736, , , , , , , 21.9468462, 0.0889601, , , , , , , 21.9468462, 0.0236667, , , , , , , , , , , , , , , , , , , , , , , , , , , , 
21.9473654, 0.0129244, , , , , , , 21.9473654, -0.0340734, , , , , , , 21.9473654, 0.1015488, , , , , , , 21.9473654, 0.0095674, , , , , , , , , , , , , , , , , , , , , , , , , , , , 
21.9478846, 0.0198062, , , , , , , 21.9478846, -0.0287022, , , , , , , 21.9478846, 0.1116197, , , , , , , 21.9478846, -0.0041962, , , , , , , , , , , , , , , , , , , , , , , , , , , , 
21.9484038, 0.017792, , , , , , , 21.9484038, -0.0164492, , , , , , , 21.9484038, 0.1159838, , , , , , , 21.9484038, -0.0142672, , , , , , , , , , , , , , , , , , , , , , , , , , , , 
21.9489231, 0.0112459, , , , , , , 21.9489231, -0.0125887, , , , , , , 21.9489231, 0.1196765, , , , , , , 21.9489231, -0.0176242, , , , , , , , , , , , , , , , , , , , , , , , , , , , 
21.9494423, 0.0179599, , , , , , , 21.9494423, -0.0369268, , , , , , , 21.9494423, 0.1317617, , , , , , , 21.9494423, -0.0209812, , , , , , , , , , , , , , , , , , , , , , , , , , , , 
21.9499615, 0.0354162, , , , , , , 21.9499615, -0.0837568, , , , , , , 21.9499615, 0.1502251, , , , , , , 21.9499615, -0.0229953, , , , , , , , , , , , , , , , , , , , , , , , , , , , 
21.9504808, 0.0481727, , , , , , , 21.9504808, -0.1166552, , , , , , , 21.9504808, 0.1668421, , , , , , , 21.9504808, -0.0182956, , , , , , , , , , , , , , , , , , , , , , , , , , , , 
21.951, 0.0522011, , , , , , , 21.951, -0.1176623, , , , , , , 21.951, 0.1755703, , , , , , , 21.951, -0.0129244, , , , , , , , , , , , , , , , , , , , , , , , , , , , 
21.9515192, 0.0528725, , , , , , , 21.9515192, -0.0990311, , , , , , , 21.9515192, 0.1609674, , , , , , , 21.9515192, -0.0132601, , , , , , , , , , , , , , , , , , , , , , , , , , , , 
21.9520385, 0.0528725, , , , , , , 21.9520385, -0.0745251, , , , , , , 21.9520385, 0.1287404, , , , , , , 21.9520385, -0.0109102, , , , , , , , , , , , , , , , , , , , , , , , , , , , 
21.9525577, 0.0495155, , , , , , , 21.9525577, -0.0528725, , , , , , , 21.9525577, 0.0928206, , , , , , , 21.9525577, -0.0030213, , , , , , , , , , , , , , , , , , , , , , , , , , , , 
21.9530769, 0.047837, , , , , , , 21.9530769, -0.0344091, , , , , , , 21.9530769, 0.0515297, , , , , , , 21.9530769, 0.0057069, , , , , , , , , , , , , , , , , , , , , , , , , , , , 
21.9535962, 0.0438087, , , , , , , 21.9535962, -0.0041962, , , , , , , 21.9535962, 0.0052033, , , , , , , 21.9535962, 0.0092317, , , , , , , , , , , , , , , , , , , , , , , , , , , , 
21.9541154, 0.0330663, , , , , , , 21.9541154, 0.0179599, , , , , , , 21.9541154, -0.0414588, , , , , , , 21.9541154, 0.0052033, , , , , , , , , , , , , , , , , , , , , , , , , , , , 
21.9546346, 0.0198062, , , , , , , 21.9546346, 0.0303807, , , , , , , 21.9546346, -0.0874495, , , , , , , 21.9546346, 0.0018463, , , , , , , , , , , , , , , , , , , , , , , , , , , , 
21.9551538, 0.0092317, , , , , , , 21.9551538, 0.0522011, , , , , , , 21.9551538, -0.1310903, , , , , , , 21.9551538, 0.0072175, , , , , , , , , , , , , , , , , , , , , , , , , , , , 
21.9556731, -0.0010071, , , , , , , 21.9556731, 0.0896315, , , , , , , 21.9556731, -0.164828, , , , , , , 21.9556731, 0.0172885, , , , , , , , , , , , , , , , , , , , , , , , , , , , 
21.9561923, -0.01561, , , , , , , 21.9561923, 0.1186694, , , , , , , 21.9561923, -0.1787594, , , , , , , 21.9561923, 0.0273594, , , , , , , , , , , , , , , , , , , , , , , , , , , , 
21.9567115, -0.0297093, , , , , , , 21.9567115, 0.111284, , , , , , , 21.9567115, -0.1821164, , , , , , , 21.9567115, 0.0357519, , , , , , , , , , , , , , , , , , , , , , , , , , , , 
21.9572308, -0.0384375, , , , , , , 21.9572308, 0.0803998, , , , , , , 21.9572308, -0.1837949, , , , , , , 21.9572308, 0.0370947, , , , , , , , , , , , , , , , , , , , , , , , , , , , 
21.95775, -0.0411231, , , , , , , 21.95775, 0.0421302, , , , , , , 21.95775, -0.1962158, , , , , , , 21.95775, 0.0280308, , , , , , , , , , , , , , , , , , , , , , , , , , , , 
21.9582692, -0.0412909, , , , , , , 21.9582692, 0.0052033, , , , , , , 21.9582692, -0.2207218, , , , , , , 21.9582692, 0.0137636, , , , , , , , , , , , , , , , , , , , , , , , , , , , 
21.9587885, -0.0391089, , , , , , , 21.9587885, -0.0307164, , , , , , , 21.9587885, -0.2366674, , , , , , , 21.9587885, 0.0025177, , , , , , , , , , , , , , , , , , , , , , , , , , , , 
21.9593077, -0.0344091, , , , , , , 21.9593077, -0.0716716, , , , , , , 21.9593077, -0.235996, , , , , , , 21.9593077, -0.0023499, , , , , , , , , , , , , , , , , , , , , , , , , , , , 
21.9598269, -0.0243381, , , , , , , 21.9598269, -0.1049058, , , , , , , 21.9598269, -0.2155184, , , , , , , 21.9598269, -0.0003357, , , , , , , , , , , , , , , , , , , , , , , , , , , , 
21.9603462, -0.0092317, , , , , , , 21.9603462, -0.1148089, , , , , , , 21.9603462, -0.1861448, , , , , , , 21.9603462, 0.0030213, , , , , , , , , , , , , , , , , , , , , , , , , , , , 
21.9608654, 0.0011749, , , , , , , 21.9608654, -0.1116197, , , , , , , 21.9608654, -0.1656672, , , , , , , 21.9608654, 0.003357, , , , , , , , , , , , , , , , , , , , , , , , , , , , 
21.9613846, 0.0075532, , , , , , , 21.9613846, -0.0961776, , , , , , , 21.9613846, -0.1478752, , , , , , , 21.9613846, -0.0001678, , , , , , , , , , , , , , , , , , , , , , , , , , , , 
21.9619038, 0.0132601, , , , , , , 21.9619038, -0.0580758, , , , , , , 21.9619038, -0.1094377, , , , , , , 21.9619038, -0.002182, , , , , , , , , , , , , , , , , , , , , , , , , , , , 
21.9624231, 0.0196384, , , , , , , 21.9624231, -0.0099031, , , , , , , 21.9624231, -0.0513619, , , , , , , 21.9624231, 0.0008392, , , , , , , , , , , , , , , , , , , , , , , , , , , , 
21.9629423, 0.0243381, , , , , , , 21.9629423, 0.0231632, , , , , , , 21.9629423, 0.0035248, , , , , , , 21.9629423, 0.0065461, , , , , , , , , , , , , , , , , , , , , , , , , , , , 
21.9634615, 0.0256809, , , , , , , 21.9634615, 0.0354162, , , , , , , 21.9634615, 0.0428016, , , , , , , 21.9634615, 0.0105745, , , , , , , , , , , , , , , , , , , , , , , , , , , , 
21.9639808, 0.0283665, , , , , , , 21.9639808, 0.0305486, , , , , , , 21.9639808, 0.0763714, , , , , , , 21.9639808, 0.0137636, , , , , , , , , , , , , , , , , , , , , , , , , , , , 
21.9645, 0.0320592, , , , , , , 21.9645, 0.023331, , , , , , , 21.9645, 0.1136339, , , , , , , 21.9645, 0.0125887, , , , , , , , , , , , , , , , , , , , , , , , , , , , 
21.9650192, 0.0337377, , , , , , , 21.9650192, 0.0317235, , , , , , , 21.9650192, 0.1478752, , , , , , , 21.9650192, 0.0092317, , , , , , , , , , , , , , , , , , , , , , , , , , , , 
21.9655385, 0.0360876, , , , , , , 21.9655385, 0.0491798, , , , , , , 21.9655385, 0.1790951, , , , , , , 21.9655385, 0.0087282, , , , , , , , , , , , , , , , , , , , , , , , , , , , 
21.9660577, 0.0391089, , , , , , , 21.9660577, 0.0486763, , , , , , , 21.9660577, 0.212665, , , , , , , 21.9660577, 0.0140993, , , , , , , , , , , , , , , , , , , , , , , , , , , , 
21.9665769, 0.0397803, , , , , , , 21.9665769, 0.0250095, , , , , , , 21.9665769, 0.2348211, , , , , , , 21.9665769, 0.018967, , , , , , , , , , , , , , , , , , , , , , , , , , , , 
21.9670962, 0.040116, , , , , , , 21.9670962, 0.0028534, , , , , , , 21.9670962, 0.2321355, , , , , , , 21.9670962, 0.018967, , , , , , , , , , , , , , , , , , , , , , , , , , , , 
21.9676154, 0.0424659, , , , , , , 21.9676154, -0.0001678, , , , , , , 21.9676154, 0.2079652, , , , , , , 21.9676154, 0.0146029, , , , , , , , , , , , , , , , , , , , , , , , , , , , 
21.9681346, 0.0377661, , , , , , , 21.9681346, 0.0082246, , , , , , , 21.9681346, 0.1742275, , , , , , , 21.9681346, 0.0152743, , , , , , , , , , , , , , , , , , , , , , , , , , , , 
21.9686538, 0.033402, , , , , , , 21.9686538, 0.0075532, , , , , , , 21.9686538, 0.1465324, , , , , , , 21.9686538, 0.0209812, , , , , , , , , , , , , , , , , , , , , , , , , , , , 
21.9691731, 0.033402, , , , , , , 21.9691731, -0.0092317, , , , , , , 21.9691731, 0.1294118, , , , , , , 21.9691731, 0.0209812, , , , , , , , , , , , , , , , , , , , , , , , , , , , 
21.9696923, 0.036759, , , , , , , 21.9696923, -0.0231632, , , , , , , 21.9696923, 0.111284, , , , , , , 21.9696923, 0.0152743, , , , , , , , , , , , , , , , , , , , , , , , , , , , 
21.9702115, 0.0438087, , , , , , , 21.9702115, -0.03122, , , , , , , 21.9702115, 0.0814069, , , , , , , 21.9702115, 0.0112459, , , , , , , , , , , , , , , , , , , , , , , , , , , , 
21.9707308, 0.0513619, , , , , , , 21.9707308, -0.0501869, , , , , , , 21.9707308, 0.0377661, , , , , , , 21.9707308, 0.0075532, , , , , , , , , , , , , , , , , , , , , , , , , , , , 
21.97125, 0.0616007, , , , , , , 21.97125, -0.068986, , , , , , , 21.97125, -0.0142672, , , , , , , 21.97125, 0.0011749, , , , , , , , , , , , , , , , , , , , , , , , , , , , 
21.9717692, 0.0703288, , , , , , , 21.9717692, -0.0679789, , , , , , , 21.9717692, -0.063447, , , , , , , 21.9717692, -0.0028534, , , , , , , , , , , , , , , , , , , , , , , , , , , , 
21.9722885, 0.0730144, , , , , , , 21.9722885, -0.0649577, , , , , , , 21.9722885, -0.1008774, , , , , , , 21.9722885, -0.0018463, , , , , , , , , , , , , , , , , , , , , , , , , , , , 
21.9728077, 0.0649577, , , , , , , 21.9728077, -0.0767071, , , , , , , 21.9728077, -0.1257191, , , , , , , 21.9728077, 0.0048676, , , , , , , , , , , , , , , , , , , , , , , , , , , , 
21.9733269, 0.0468299, , , , , , , 21.9733269, -0.0810712, , , , , , , 21.9733269, -0.1418326, , , , , , , 21.9733269, 0.0159457, , , , , , , , , , , , , , , , , , , , , , , , , , , , 
21.9738462, 0.0256809, , , , , , , 21.9738462, -0.0629435, , , , , , , 21.9738462, -0.1500572, , , , , , , 21.9738462, 0.026688, , , , , , , , , , , , , , , , , , , , , , , , , , , , 
21.9743654, 0.0099031, , , , , , , 21.9743654, -0.0417945, , , , , , , 21.9743654, -0.1529107, , , , , , , 21.9743654, 0.030045, , , , , , , , , , , , , , , , , , , , , , , , , , , , 
21.9748846, -0.0011749, , , , , , , 21.9748846, -0.0270237, , , , , , , 21.9748846, -0.1527428, , , , , , , 21.9748846, 0.0246738, , , , , , , , , , , , , , , , , , , , , , , , , , , , 
21.9754038, -0.0124208, , , , , , , 21.9754038, -0.008896, , , , , , , 21.9754038, -0.1445182, , , , , , , 21.9754038, 0.0213169, , , , , , , , , , , , , , , , , , , , , , , , , , , , 
21.9759231, -0.0270237, , , , , , , 21.9759231, 0.0125887, , , , , , , 21.9759231, -0.1062486, , , , , , , 21.9759231, 0.0219883, , , , , , , , , , , , , , , , , , , , , , , , , , , , 
21.9764423, -0.0417945, , , , , , , 21.9764423, 0.0240024, , , , , , , 21.9764423, -0.0498512, , , , , , , 21.9764423, 0.0199741, , , , , , , , , , , , , , , , , , , , , , , , , , , , 
21.9769615, -0.0525368, , , , , , , 21.9769615, 0.0218204, , , , , , , 21.9769615, -0.0031891, , , , , , , 21.9769615, 0.0132601, , , , , , , , , , , , , , , , , , , , , , , , , , , , 
21.9774808, -0.0565652, , , , , , , 21.9774808, 0.0166171, , , , , , , 21.9774808, 0.0360876, , , , , , , 21.9774808, 0.0062104, , , , , , , , , , , , , , , , , , , , , , , , , , , , 
21.978, -0.0558938, , , , , , , 21.978, 0.0209812, , , , , , , 21.978, 0.0743572, , , , , , , 21.978, 0.0018463, , , , , , , , , , , , , , , , , , , , , , , , , , , , 
21.9785192, -0.054551, , , , , , , 21.9785192, 0.0327306, , , , , , , 21.9785192, 0.1045701, , , , , , , 21.9785192, 0.0005035, , , , , , , , , , , , , , , , , , , , , , , , , , , , 
21.9790385, -0.0454871, , , , , , , 21.9790385, 0.0424659, , , , , , , 21.9790385, 0.1225299, , , , , , , 21.9790385, 0.0018463, , , , , , , , , , , , , , , , , , , , , , , , , , , , 
21.9795577, -0.0285344, , , , , , , 21.9795577, 0.0485084, , , , , , , 21.9795577, 0.1324331, , , , , , , 21.9795577, 0.0035248, , , , , , , , , , , , , , , , , , , , , , , , , , , , 
21.9800769, -0.0135958, , , , , , , 21.9800769, 0.0552224, , , , , , , 21.9800769, 0.1394827, , , , , , , 21.9800769, 0.0035248, , , , , , , , , , , , , , , , , , , , , , , , , , , , 
21.9805962, -0.0010071, , , , , , , 21.9805962, 0.0602579, , , , , , , 21.9805962, 0.1287404, , , , , , , 21.9805962, 0.002182, , , , , , , , , , , , , , , , , , , , , , , , , , , , 
21.9811154, 0.0142672, , , , , , , 21.9811154, 0.0614328, , , , , , , 21.9811154, 0.0965133, , , , , , , 21.9811154, 0.0016785, , , , , , , , , , , , , , , , , , , , , , , , , , , , 
21.9816346, 0.0260166, , , , , , , 21.9816346, 0.054551, , , , , , , 21.9816346, 0.0463264, , , , , , , 21.9816346, 0.0038605, , , , , , , , , , , , , , , , , , , , , , , , , , , , 
21.9821538, 0.0305486, , , , , , , 21.9821538, 0.033402, , , , , , , 21.9821538, -0.018967, , , , , , , 21.9821538, 0.0065461, , , , , , , , , , , , , , , , , , , , , , , , , , , , 
21.9826731, 0.0330663, , , , , , , 21.9826731, 0.0035248, , , , , , , 21.9826731, -0.0921492, , , , , , , 21.9826731, 0.0078889, , , , , , , , , , , , , , , , , , , , , , , , , , , , 
21.9831923, 0.0340734, , , , , , , 21.9831923, -0.0186313, , , , , , , 21.9831923, -0.1488823, , , , , , , 21.9831923, 0.0109102, , , , , , , , , , , , , , , , , , , , , , , , , , , , 
21.9837115, 0.0340734, , , , , , , 21.9837115, -0.0251774, , , , , , , 21.9837115, -0.1628138, , , , , , , 21.9837115, 0.021149, , , , , , , , , , , , , , , , , , , , , , , , , , , , 
21.9842308, 0.0340734, , , , , , , 21.9842308, -0.0261845, , , , , , , 21.9842308, -0.1472038, , , , , , , 21.9842308, 0.0320592, , , , , , , , , , , , , , , , , , , , , , , , , , , , 
21.98475, 0.0287022, , , , , , , 21.98475, -0.0260166, , , , , , , 21.98475, -0.1384756, , , , , , , 21.98475, 0.0374304, , , , , , , , , , , , , , , , , , , , , , , , , , , , 
21.9852692, 0.0149386, , , , , , , 21.9852692, -0.0250095, , , , , , , 21.9852692, -0.1383078, , , , , , , 21.9852692, 0.040116, , , , , , , , , , , , , , , , , , , , , , , , , , , , 
21.9857885, 0.0025177, , , , , , , 21.9857885, -0.0253452, , , , , , , 21.9857885, -0.1320974, , , , , , , 21.9857885, 0.0421302, , , , , , , , , , , , , , , , , , , , , , , , , , , , 
21.9863077, -0.0085603, , , , , , , 21.9863077, -0.0243381, , , , , , , 21.9863077, -0.1106126, , , , , , , 21.9863077, 0.0451514, , , , , , , , , , , , , , , , , , , , , , , , , , , , 
21.9868269, -0.0129244, , , , , , , 21.9868269, -0.0176242, , , , , , , 21.9868269, -0.0797284, , , , , , , 21.9868269, 0.0431373, , , , , , , , , , , , , , , , , , , , , , , , , , , , 
21.9873462, -0.0082246, , , , , , , 21.9873462, -0.0082246, , , , , , , 21.9873462, -0.0522011, , , , , , , 21.9873462, 0.0354162, , , , , , , , , , , , , , , , , , , , , , , , , , , , 
21.9878654, -0.0063783, , , , , , , 21.9878654, -0.0028534, , , , , , , 21.9878654, -0.0218204, , , , , , , 21.9878654, 0.0256809, , , , , , , , , , , , , , , , , , , , , , , , , , , , 
21.9883846, -0.0085603, , , , , , , 21.9883846, 0.0052033, , , , , , , 21.9883846, 0.0213169, , , , , , , 21.9883846, 0.0159457, , , , , , , , , , , , , , , , , , , , , , , , , , , , 
21.9889038, -0.0041962, , , , , , , 21.9889038, 0.0142672, , , , , , , 21.9889038, 0.0703288, , , , , , , 21.9889038, 0.0077211, , , , , , , , , , , , , , , , , , , , , , , , , , , , 
21.9894231, 0.0075532, , , , , , , 21.9894231, 0.0117494, , , , , , , 21.9894231, 0.1138018, , , , , , , 21.9894231, -0.0015106, , , , , , , , , , , , , , , , , , , , , , , , , , , , 
21.9899423, 0.0219883, , , , , , , 21.9899423, 0.0011749, , , , , , , 21.9899423, 0.1555962, , , , , , , 21.9899423, -0.010071, , , , , , , , , , , , , , , , , , , , , , , , , , , , 
21.9904615, 0.0313878, , , , , , , 21.9904615, -0.0046998, , , , , , , 21.9904615, 0.1918517, , , , , , , 21.9904615, -0.0169528, , , , , , , , , , , , , , , , , , , , , , , , , , , , 
21.9909808, 0.0397803, , , , , , , 21.9909808, -0.0057069, , , , , , , 21.9909808, 0.212665, , , , , , , 21.9909808, -0.0209812, , , , , , , , , , , , , , , , , , , , , , , , , , , , 
21.9915, 0.0476692, , , , , , , 21.9915, -0.0068818, , , , , , , 21.9915, 0.2203861, , , , , , , 21.9915, -0.0199741, , , , , , , , , , , , , , , , , , , , , , , , , , , , 
21.9920192, 0.0495155, , , , , , , 21.9920192, -0.0057069, , , , , , , 21.9920192, 0.2146792, , , , , , , 21.9920192, -0.0152743, , , , , , , , , , , , , , , , , , , , , , , , , , , , 
21.9925385, 0.04448, , , , , , , 21.9925385, 0.0062104, , , , , , , 21.9925385, 0.1985657, , , , , , , 21.9925385, -0.0102388, , , , , , , , , , , , , , , , , , , , , , , , , , , , 
21.9930577, 0.0407874, , , , , , , 21.9930577, 0.0310521, , , , , , , 21.9930577, 0.1795987, , , , , , , 21.9930577, -0.0041962, , , , , , , , , , , , , , , , , , , , , , , , , , , , 
21.9935769, 0.040116, , , , , , , 21.9935769, 0.0569009, , , , , , , 21.9935769, 0.1535821, , , , , , , 21.9935769, 0.0031891, , , , , , , , , , , , , , , , , , , , , , , , , , , , 
21.9940962, 0.0411231, , , , , , , 21.9940962, 0.072343, , , , , , , 21.9940962, 0.1132982, , , , , , , 21.9940962, 0.0072175, , , , , , , , , , , , , , , , , , , , , , , , , , , , 
21.9946154, 0.0404517, , , , , , , 21.9946154, 0.0743572, , , , , , , 21.9946154, 0.056733, , , , , , , 21.9946154, 0.0085603, , , , , , , , , , , , , , , , , , , , , , , , , , , , 
21.9951346, 0.0320592, , , , , , , 21.9951346, 0.0743572, , , , , , , 21.9951346, -0.0068818, , , , , , , 21.9951346, 0.0092317, , , , , , , , , , , , , , , , , , , , , , , , , , , , 
21.9956538, 0.0176242, , , , , , , 21.9956538, 0.0716716, , , , , , , 21.9956538, -0.0652934, , , , , , , 21.9956538, 0.0146029, , , , , , , , , , , , , , , , , , , , , , , , , , , , 
21.9961731, 0.005539, , , , , , , 21.9961731, 0.0585794, , , , , , , 21.9961731, -0.1122911, , , , , , , 21.9961731, 0.0243381, , , , , , , , , , , , , , , , , , , , , , , , , , , , 
21.9966923, -0.0015106, , , , , , , 21.9966923, 0.0347448, , , , , , , 21.9966923, -0.1515679, , , , , , , 21.9966923, 0.0320592, , , , , , , , , , , , , , , , , , , , , , , , , , , , 
21.9972115, -0.0065461, , , , , , , 21.9972115, 0.0078889, , , , , , , 21.9972115, -0.1962158, , , , , , , 21.9972115, 0.0344091, , , , , , , , , , , , , , , , , , , , , , , , , , , , 
21.9977308, -0.0115816, , , , , , , 21.9977308, -0.0209812, , , , , , , 21.9977308, -0.2569772, , , , , , , 21.9977308, 0.0344091, , , , , , , , , , , , , , , , , , , , , , , , , , , , 
21.99825, -0.0166171, , , , , , , 21.99825, -0.0673075, , , , , , , 21.99825, -0.3170672, , , , , , , 21.99825, 0.0327306, , , , , , , , , , , , , , , , , , , , , , , , , , , , 
21.9987692, -0.0166171, , , , , , , 21.9987692, -0.1327687, , , , , , , 21.9987692, -0.3570153, , , , , , , 21.9987692, 0.0276951, , , , , , , , , , , , , , , , , , , , , , , , , , , , 
21.9992885, -0.008896, , , , , , , 21.9992885, -0.1965515, , , , , , , 21.9992885, -0.3667506, , , , , , , 21.9992885, 0.0186313, , , , , , , , , , , , , , , , , , , , , , , , , , , , 
21.9998077, -0.0015106, , , , , , , 21.9998077, -0.2317998, , , , , , , 21.9998077, -0.3415732, , , , , , , 21.9998077, 0.0129244, , , , , , , , , , , , , , , , , , , , , , , , , , , , 
22.0003269, 0.0050355, , , , , , , 22.0003269, -0.2170291, , , , , , , 22.0003269, -0.2964218, , , , , , , 22.0003269, 0.008896, , , , , , , , , , , , , , , , , , , , , , , , , , , , 
22.0008462, 0.0119173, , , , , , , 22.0008462, -0.1539178, , , , , , , 22.0008462, -0.2512703, , , , , , , 22.0008462, 0.0052033, , , , , , , , , , , , , , , , , , , , , , , , , , , , 
22.0013654, 0.0179599, , , , , , , 22.0013654, -0.0780499, , , , , , , 22.0013654, -0.2098116, , , , , , , 22.0013654, 0.0018463, , , , , , , , , , , , , , , , , , , , , , , , , , , , 
22.0018846, 0.0231632, , , , , , , 22.0018846, -0.0028534, , , , , , , 22.0018846, -0.1710384, , , , , , , 22.0018846, -0.0023499, , , , , , , , , , , , , , , , , , , , , , , , , , , , 
22.0024038, 0.0246738, , , , , , , 22.0024038, 0.0726787, , , , , , , 22.0024038, -0.1243763, , , , , , , 22.0024038, -0.0031891, , , , , , , , , , , , , , , , , , , , , , , , , , , , 
22.0029231, 0.0216526, , , , , , , 22.0029231, 0.1084306, , , , , , , 22.0029231, -0.0730144, , , , , , , 22.0029231, 0.0025177, , , , , , , , , , , , , , , , , , , , , , , , , , , , 
22.0034423, 0.0224918, , , , , , , 22.0034423, 0.0763714, , , , , , , 22.0034423, -0.0263523, , , , , , , 22.0034423, 0.0129244, , , , , , , , , , , , , , , , , , , , , , , , , , , , 
22.0039615, 0.0240024, , , , , , , 22.0039615, 0.0199741, , , , , , , 22.0039615, 0.0172885, , , , , , , 22.0039615, 0.0198062, , , , , , , , , , , , , , , , , , , , , , , , , , , , 
22.0044808, 0.0196384, , , , , , , 22.0044808, -0.012253, , , , , , , 22.0044808, 0.0607614, , , , , , , 22.0044808, 0.0199741, , , , , , , , , , , , , , , , , , , , , , , , , , , , 
22.005, 0.0149386, , , , , , , 22.005, -0.0172885, , , , , , , 22.005, 0.0988632, , , , , , , 22.005, 0.0204776, , , , , , , , , , , , , , , , , , , , , , , , , , , , 
22.0055192, 0.0146029, , , , , , , 22.0055192, 0.0062104, , , , , , , 22.0055192, 0.1282368, , , , , , , 22.0055192, 0.0240024, , , , , , , , , , , , , , , , , , , , , , , , , , , , 
22.0060385, 0.0125887, , , , , , , 22.0060385, 0.0318914, , , , , , , 22.0060385, 0.149218, , , , , , , 22.0060385, 0.0283665, , , , , , , , , , , , , , , , , , , , , , , , , , , , 
22.0065577, 0.0082246, , , , , , , 22.0065577, 0.040116, , , , , , , 22.0065577, 0.1641566, , , , , , , 22.0065577, 0.030045, , , , , , , , , , , , , , , , , , , , , , , , , , , , 
22.0070769, 0.0062104, , , , , , , 22.0070769, 0.0374304, , , , , , , 22.0070769, 0.1710384, , , , , , , 22.0070769, 0.0347448, , , , , , , , , , , , , , , , , , , , , , , , , , , , 
22.0075962, 0.0035248, , , , , , , 22.0075962, 0.0276951, , , , , , , 22.0075962, 0.1685206, , , , , , , 22.0075962, 0.0414588, , , , , , , , , , , , , , , , , , , , , , , , , , , , 
22.0081154, 0.0015106, , , , , , , 22.0081154, 0.0092317, , , , , , , 22.0081154, 0.1555962, , , , , , , 22.0081154, 0.0433051, , , , , , , , , , , , , , , , , , , , , , , , , , , , 
22.0086346, -0.0005035, , , , , , , 22.0086346, -0.0135958, , , , , , , 22.0086346, 0.1341115, , , , , , , 22.0086346, 0.0354162, , , , , , , , , , , , , , , , , , , , , , , , , , , , 
22.0091538, 0.0031891, , , , , , , 22.0091538, -0.064622, , , , , , , 22.0091538, 0.1085985, , , , , , , 22.0091538, 0.0182956, , , , , , , , , , , , , , , , , , , , , , , , , , , , 
22.0096731, 0.0146029, , , , , , , 22.0096731, -0.1398184, , , , , , , 22.0096731, 0.0884565, , , , , , , 22.0096731, 0.0011749, , , , , , , , , , , , , , , , , , , , , , , , , , , , 
22.0101923, 0.0318914, , , , , , , 22.0101923, -0.1794308, , , , , , , 22.0101923, 0.0797284, , , , , , , 22.0101923, -0.0048676, , , , , , , , , , , , , , , , , , , , , , , , , , , , 
22.0107115, 0.0473335, , , , , , , 22.0107115, -0.1532464, , , , , , , 22.0107115, 0.0783856, , , , , , , 22.0107115, -0.0020142, , , , , , , , , , , , , , , , , , , , , , , , , , , , 
22.0112308, 0.0555581, , , , , , , 22.0112308, -0.090135, , , , , , , 22.0112308, 0.0757, , , , , , , 22.0112308, 0.0005035, , , , , , , , , , , , , , , , , , , , , , , , , , , , 
22.01175, 0.0582437, , , , , , , 22.01175, -0.0280308, , , , , , , 22.01175, 0.0636149, , , , , , , 22.01175, -0.0045319, , , , , , , , , , , , , , , , , , , , , , , , , , , , 
22.0122692, 0.06009, , , , , , , 22.0122692, 0.0152743, , , , , , , 22.0122692, 0.04448, , , , , , , 22.0122692, -0.0162814, , , , , , , , , , , , , , , , , , , , , , , , , , , , 
22.0127885, 0.0616007, , , , , , , 22.0127885, 0.0441444, , , , , , , 22.0127885, 0.0323949, , , , , , , 22.0127885, -0.0290379, , , , , , , , , , , , , , , , , , , , , , , , , , , , 
22.0133077, 0.0547189, , , , , , , 22.0133077, 0.0609293, , , , , , , 22.0133077, 0.0387732, , , , , , , 22.0133077, -0.033402, , , , , , , , , , , , , , , , , , , , , , , , , , , , 
22.0138269, 0.0448157, , , , , , , 22.0138269, 0.0661326, , , , , , , 22.0138269, 0.051194, , , , , , , 22.0138269, -0.0292058, , , , , , , , , , , , , , , , , , , , , , , , , , , , 
22.0143462, 0.0347448, , , , , , , 22.0143462, 0.0743572, , , , , , , 22.0143462, 0.0616007, , , , , , , 22.0143462, -0.0240024, , , , , , , , , , , , , , , , , , , , , , , , , , , , 
22.0148654, 0.0293736, , , , , , , 22.0148654, 0.0867781, , , , , , , 22.0148654, 0.0639506, , , , , , , 22.0148654, -0.0219883, , , , , , , , , , , , , , , , , , , , , , , , , , , , 
22.0153846, 0.0243381, , , , , , , 22.0153846, 0.0874495, , , , , , , 22.0153846, 0.0605936, , , , , , , 22.0153846, -0.0186313, , , , , , , , , , , , , , , , , , , , , , , , , , , , 
22.0159038, 0.0152743, , , , , , , 22.0159038, 0.0716716, , , , , , , 22.0159038, 0.0575723, , , , , , , 22.0159038, -0.0139315, , , , , , , , , , , , , , , , , , , , , , , , , , , , 
22.0164231, 0.0072175, , , , , , , 22.0164231, 0.0522011, , , , , , , 22.0164231, 0.0555581, , , , , , , 22.0164231, -0.0072175, , , , , , , , , , , , , , , , , , , , , , , , , , , , 
22.0169423, -0.0050355, , , , , , , 22.0169423, 0.0384375, , , , , , , 22.0169423, 0.0464942, , , , , , , 22.0169423, 0.0018463, , , , , , , , , , , , , , , , , , , , , , , , , , , , 
22.0174615, -0.0226596, , , , , , , 22.0174615, 0.0251774, , , , , , , 22.0174615, 0.026688, , , , , , , 22.0174615, 0.012253, , , , , , , , , , , , , , , , , , , , , , , , , , , , 
22.0179808, -0.0397803, , , , , , , 22.0179808, 0.0015106, , , , , , , 22.0179808, -0.0008392, , , , , , , 22.0179808, 0.0238346, , , , , , , , , , , , , , , , , , , , , , , , , , , , 
22.0185, -0.0542153, , , , , , , 22.0185, -0.0357519, , , , , , , 22.0185, -0.0290379, , , , , , , 22.0185, 0.0323949, , , , , , , , , , , , , , , , , , , , , , , , , , , , 
22.0190192, -0.0592508, , , , , , , 22.0190192, -0.0673075, , , , , , , 22.0190192, -0.0508583, , , , , , , 22.0190192, 0.0337377, , , , , , , , , , , , , , , , , , , , , , , , , , , , 
22.0195385, -0.0501869, , , , , , , 22.0195385, -0.0704967, , , , , , , 22.0195385, -0.0637827, , , , , , , 22.0195385, 0.0347448, , , , , , , , , , , , , , , , , , , , , , , , , , , , 
22.0200577, -0.0337377, , , , , , , 22.0200577, -0.0466621, , , , , , , 22.0200577, -0.0740215, , , , , , , 22.0200577, 0.0421302, , , , , , , , , , , , , , , , , , , , , , , , , , , , 
22.0205769, -0.0223239, , , , , , , 22.0205769, -0.0149386, , , , , , , 22.0205769, -0.0929885, , , , , , , 22.0205769, 0.0558938, , , , , , , , , , , , , , , , , , , , , , , , , , , , 
22.0210962, -0.017792, , , , , , , 22.0210962, 0.008896, , , , , , , 22.0210962, -0.1178302, , , , , , , 22.0210962, 0.0736858, , , , , , , , , , , , , , , , , , , , , , , , , , , , 
22.0216154, -0.0162814, , , , , , , 22.0216154, 0.021149, , , , , , , 22.0216154, -0.1331044, , , , , , , 22.0216154, 0.090135, , , , , , , , , , , , , , , , , , , , , , , , , , , , 
22.0221346, -0.0166171, , , , , , , 22.0221346, 0.0253452, , , , , , , 22.0221346, -0.1331044, , , , , , , 22.0221346, 0.0924849, , , , , , , , , , , , , , , , , , , , , , , , , , , , 
22.0226538, -0.0172885, , , , , , , 22.0226538, 0.0224918, , , , , , , 22.0226538, -0.1257191, , , , , , , 22.0226538, 0.0795605, , , , , , , , , , , , , , , , , , , , , , , , , , , , 
22.0231731, -0.0196384, , , , , , , 22.0231731, 0.0159457, , , , , , , 22.0231731, -0.1089342, , , , , , , 22.0231731, 0.0666361, , , , , , , , , , , , , , , , , , , , , , , , , , , , 
22.0236923, -0.0176242, , , , , , , 22.0236923, 0.0105745, , , , , , , 22.0236923, -0.0699931, , , , , , , 22.0236923, 0.0582437, , , , , , , , , , , , , , , , , , , , , , , , , , , , 
22.0242115, -0.0129244, , , , , , , 22.0242115, -0.0001678, , , , , , , 22.0242115, -0.0226596, , , , , , , 22.0242115, 0.0473335, , , , , , , , , , , , , , , , , , , , , , , , , , , , 
22.0247308, -0.011078, , , , , , , 22.0247308, -0.0146029, , , , , , , 22.0247308, 0.0050355, , , , , , , 22.0247308, 0.0347448, , , , , , , , , , , , , , , , , , , , , , , , , , , , 
22.02525, -0.0075532, , , , , , , 22.02525, -0.0176242, , , , , , , 22.02525, 0.0125887, , , , , , , 22.02525, 0.0214847, , , , , , , , , , , , , , , , , , , , , , , , , , , , 
22.0257692, 0.0011749, , , , , , , 22.0257692, -0.0035248, , , , , , , 22.0257692, 0.0146029, , , , , , , 22.0257692, 0.0102388, , , , , , , , , , , , , , , , , , , , , , , , , , , , 
22.0262885, 0.0068818, , , , , , , 22.0262885, 0.0048676, , , , , , , 22.0262885, 0.0132601, , , , , , , 22.0262885, 0.0005035, , , , , , , , , , , , , , , , , , , , , , , , , , , , 
22.0268077, 0.0062104, , , , , , , 22.0268077, -0.0025177, , , , , , , 22.0268077, 0.0119173, , , , , , , 22.0268077, -0.0082246, , , , , , , , , , , , , , , , , , , , , , , , , , , , 
22.0273269, 0.0115816, , , , , , , 22.0273269, -0.0149386, , , , , , , 22.0273269, 0.0182956, , , , , , , 22.0273269, -0.0142672, , , , , , , , , , , , , , , , , , , , , , , , , , , , 
22.0278462, 0.0213169, , , , , , , 22.0278462, -0.0256809, , , , , , , 22.0278462, 0.0320592, , , , , , , 22.0278462, -0.0179599, , , , , , , , , , , , , , , , , , , , , , , , , , , , 
22.0283654, 0.0256809, , , , , , , 22.0283654, -0.0364233, , , , , , , 22.0283654, 0.0461585, , , , , , , 22.0283654, -0.0179599, , , , , , , , , , , , , , , , , , , , , , , , , , , , 
22.0288846, 0.0293736, , , , , , , 22.0288846, -0.0485084, , , , , , , 22.0288846, 0.0508583, , , , , , , 22.0288846, -0.0186313, , , , , , , , , , , , , , , , , , , , , , , , , , , , 
22.0294038, 0.0407874, , , , , , , 22.0294038, -0.0602579, , , , , , , 22.0294038, 0.049012, , , , , , , 22.0294038, -0.0240024, , , , , , , , , , , , , , , , , , , , , , , , , , , , 
22.0299231, 0.0609293, , , , , , , 22.0299231, -0.0636149, , , , , , , 22.0299231, 0.0468299, , , , , , , 22.0299231, -0.030045, , , , , , , , , , , , , , , , , , , , , , , , , , , , 
22.0304423, 0.0777142, , , , , , , 22.0304423, -0.0639506, , , , , , , 22.0304423, 0.0454871, , , , , , , 22.0304423, -0.0315557, , , , , , , , , , , , , , , , , , , , , , , , , , , , 
22.0309615, 0.0820783, , , , , , , 22.0309615, -0.0693217, , , , , , , 22.0309615, 0.0461585, , , , , , , 22.0309615, -0.0305486, , , , , , , , , , , , , , , , , , , , , , , , , , , , 
22.0314808, 0.0837568, , , , , , , 22.0314808, -0.0743572, , , , , , , 22.0314808, 0.0505226, , , , , , , 22.0314808, -0.0313878, , , , , , , , , , , , , , , , , , , , , , , , , , , , 
22.032, 0.0850996, , , , , , , 22.032, -0.0763714, , , , , , , 22.032, 0.0589151, , , , , , , 22.032, -0.033402, , , , , , , , , , , , , , , , , , , , , , , , , , , , 
22.0325192, 0.0829175, , , , , , , 22.0325192, -0.0763714, , , , , , , 22.0325192, 0.0592508, , , , , , , 22.0325192, -0.0317235, , , , , , , , , , , , , , , , , , , , , , , , , , , , 
22.0330385, 0.0746929, , , , , , , 22.0330385, -0.0582437, , , , , , , 22.0330385, 0.0454871, , , , , , , 22.0330385, -0.0248417, , , , , , , , , , , , , , , , , , , , , , , , , , , , 
22.0335577, 0.0629435, , , , , , , 22.0335577, -0.0219883, , , , , , , 22.0335577, 0.030045, , , , , , , 22.0335577, -0.0171206, , , , , , , , , , , , , , , , , , , , , , , , , , , , 
22.0340769, 0.0522011, , , , , , , 22.0340769, 0.014435, , , , , , , 22.0340769, 0.0223239, , , , , , , 22.0340769, -0.0109102, , , , , , , , , , , , , , , , , , , , , , , , , , , , 
22.0345962, 0.0449836, , , , , , , 22.0345962, 0.0407874, , , , , , , 22.0345962, 0.0199741, , , , , , , 22.0345962, -0.0038605, , , , , , , , , , , , , , , , , , , , , , , , , , , , 
22.0351154, 0.0370947, , , , , , , 22.0351154, 0.0542153, , , , , , , 22.0351154, 0.0169528, , , , , , , 22.0351154, 0.002182, , , , , , , , , , , , , , , , , , , , , , , , , , , , 
22.0356346, 0.0246738, , , , , , , 22.0356346, 0.0532082, , , , , , , 22.0356346, 0.0085603, , , , , , , 22.0356346, 0.0065461, , , , , , , , , , , , , , , , , , , , , , , , , , , , 
22.0361538, 0.0115816, , , , , , , 22.0361538, 0.0438087, , , , , , , 22.0361538, -0.0082246, , , , , , , 22.0361538, 0.0107424, , , , , , , , , , , , , , , , , , , , , , , , , , , , 
22.0366731, 0.0025177, , , , , , , 22.0366731, 0.0357519, , , , , , , 22.0366731, -0.0414588, , , , , , , 22.0366731, 0.0137636, , , , , , , , , , , , , , , , , , , , , , , , , , , , 
22.0371923, -0.0048676, , , , , , , 22.0371923, 0.0428016, , , , , , , 22.0371923, -0.0924849, , , , , , , 22.0371923, 0.0166171, , , , , , , , , , , , , , , , , , , , , , , , , , , , 
22.0377115, -0.0157778, , , , , , , 22.0377115, 0.0594186, , , , , , , 22.0377115, -0.1445182, , , , , , , 22.0377115, 0.0219883, , , , , , , , , , , , , , , , , , , , , , , , , , , , 
22.0382308, -0.0276951, , , , , , , 22.0382308, 0.0528725, , , , , , , 22.0382308, -0.1827878, , , , , , , 22.0382308, 0.0280308, , , , , , , , , , , , , , , , , , , , , , , , , , , , 
22.03875, -0.0377661, , , , , , , 22.03875, 0.0206455, , , , , , , 22.03875, -0.2099794, , , , , , , 22.03875, 0.033402, , , , , , , , , , , , , , , , , , , , , , , , , , , , 
22.0392692, -0.0394446, , , , , , , 22.0392692, -0.0041962, , , , , , , 22.0392692, -0.2244144, , , , , , , 22.0392692, 0.0327306, , , , , , , , , , , , , , , , , , , , , , , , , , , , 
22.0397885, -0.0290379, , , , , , , 22.0397885, -0.0025177, , , , , , , 22.0397885, -0.2150149, , , , , , , 22.0397885, 0.0280308, , , , , , , , , , , , , , , , , , , , , , , , , , , , 
22.0403077, -0.0206455, , , , , , , 22.0403077, 0.0035248, , , , , , , 22.0403077, -0.1827878, , , , , , , 22.0403077, 0.030045, , , , , , , , , , , , , , , , , , , , , , , , , , , , 
22.0408269, -0.0139315, , , , , , , 22.0408269, -0.0139315, , , , , , , 22.0408269, -0.1453574, , , , , , , 22.0408269, 0.0337377, , , , , , , , , , , , , , , , , , , , , , , , , , , , 
22.0413462, -0.010071, , , , , , , 22.0413462, -0.0394446, , , , , , , 22.0413462, -0.117998, , , , , , , 22.0413462, 0.0303807, , , , , , , , , , , , , , , , , , , , , , , , , , , , 
22.0418654, -0.0068818, , , , , , , 22.0418654, -0.0446479, , , , , , , 22.0418654, -0.0850996, , , , , , , 22.0418654, 0.0240024, , , , , , , , , , , , , , , , , , , , , , , , , , , , 
22.0423846, -0.0031891, , , , , , , 22.0423846, -0.0260166, , , , , , , 22.0423846, -0.0310521, , , , , , , 22.0423846, 0.0209812, , , , , , , , , , , , , , , , , , , , , , , , , , , , 
22.0429038, 0.0020142, , , , , , , 22.0429038, -0.0058747, , , , , , , 22.0429038, 0.0280308, , , , , , , 22.0429038, 0.0186313, , , , , , , , , , , , , , , , , , , , , , , , , , , , 
22.0434231, 0.005539, , , , , , , 22.0434231, -0.0010071, , , , , , , 22.0434231, 0.066804, , , , , , , 22.0434231, 0.0191348, , , , , , , , , , , , , , , , , , , , , , , , , , , , 
22.0439423, 0.0082246, , , , , , , 22.0439423, -0.0018463, , , , , , , 22.0439423, 0.0854353, , , , , , , 22.0439423, 0.0213169, , , , , , , , , , , , , , , , , , , , , , , , , , , , 
22.0444615, 0.0159457, , , , , , , 22.0444615, 0.0102388, , , , , , , 22.0444615, 0.0975204, , , , , , , 22.0444615, 0.0198062, , , , , , , , , , , , , , , , , , , , , , , , , , , , 
22.0449808, 0.0253452, , , , , , , 22.0449808, 0.0288701, , , , , , , 22.0449808, 0.109102, , , , , , , 22.0449808, 0.0152743, , , , , , , , , , , , , , , , , , , , , , , , , , , , 
22.0455, 0.0287022, , , , , , , 22.0455, 0.0414588, , , , , , , 22.0455, 0.1166552, , , , , , , 22.0455, 0.0129244, , , , , , , , , , , , , , , , , , , , , , , , , , , , 
22.0460192, 0.0276951, , , , , , , 22.0460192, 0.04448, , , , , , , 22.0460192, 0.1119554, , , , , , , 22.0460192, 0.0105745, , , , , , , , , , , , , , , , , , , , , , , , , , , , 
22.0465385, 0.0270237, , , , , , , 22.0465385, 0.0261845, , , , , , , 22.0465385, 0.0881209, , , , , , , 22.0465385, 0.0065461, , , , , , , , , , , , , , , , , , , , , , , , , , , , 
22.0470577, 0.0271916, , , , , , , 22.0470577, -0.0052033, , , , , , , 22.0470577, 0.0461585, , , , , , , 22.0470577, -0.0001678, , , , , , , , , , , , , , , , , , , , , , , , , , , , 
22.0475769, 0.0293736, , , , , , , 22.0475769, -0.026688, , , , , , , 22.0475769, -0.0045319, , , , , , , 22.0475769, -0.0078889, , , , , , , , , , , , , , , , , , , , , , , , , , , , 
22.0480962, 0.0320592, , , , , , , 22.0480962, -0.0290379, , , , , , , 22.0480962, -0.0488441, , , , , , , 22.0480962, -0.0130922, , , , , , , , , , , , , , , , , , , , , , , , , , , , 
22.0486154, 0.0377661, , , , , , , 22.0486154, -0.0198062, , , , , , , 22.0486154, -0.0760357, , , , , , , 22.0486154, -0.0154421, , , , , , , , , , , , , , , , , , , , , , , , , , , , 
22.0491346, 0.047837, , , , , , , 22.0491346, -0.011078, , , , , , , 22.0491346, -0.0861067, , , , , , , 22.0491346, -0.0162814, , , , , , , , , , , , , , , , , , , , , , , , , , , , 
22.0496538, 0.0636149, , , , , , , 22.0496538, -0.0075532, , , , , , , 22.0496538, -0.0874495, , , , , , , 22.0496538, -0.0105745, , , , , , , , , , , , , , , , , , , , , , , , , , , , 
22.0501731, 0.072343, , , , , , , 22.0501731, -0.0095674, , , , , , , 22.0501731, -0.0918135, , , , , , , 22.0501731, 0.0018463, , , , , , , , , , , , , , , , , , , , , , , , , , , , 
22.0506923, 0.0741894, , , , , , , 22.0506923, -0.0206455, , , , , , , 22.0506923, -0.0931563, , , , , , , 22.0506923, 0.0179599, , , , , , , , , , , , , , , , , , , , , , , , , , , , 
22.0512115, 0.0743572, , , , , , , 22.0512115, -0.0392767, , , , , , , 22.0512115, -0.0797284, , , , , , , 22.0512115, 0.0327306, , , , , , , , , , , , , , , , , , , , , , , , , , , , 
22.0517308, 0.0708324, , , , , , , 22.0517308, -0.0565652, , , , , , , 22.0517308, -0.057908, , , , , , , 22.0517308, 0.0372625, , , , , , , , , , , , , , , , , , , , , , , , , , , , 
22.05225, 0.0669718, , , , , , , 22.05225, -0.0663005, , , , , , , 22.05225, -0.0276951, , , , , , , 22.05225, 0.0352483, , , , , , , , , , , , , , , , , , , , , , , , , , , , 
22.0527692, 0.0589151, , , , , , , 22.0527692, -0.0619364, , , , , , , 22.0527692, 0.0132601, , , , , , , 22.0527692, 0.0320592, , , , , , , , , , , , , , , , , , , , , , , , , , , , 
22.0532885, 0.0438087, , , , , , , 22.0532885, -0.0446479, , , , , , , 22.0532885, 0.0495155, , , , , , , 22.0532885, 0.0293736, , , , , , , , , , , , , , , , , , , , , , , , , , , , 
22.0538077, 0.0258488, , , , , , , 22.0538077, -0.0283665, , , , , , , 22.0538077, 0.0718395, , , , , , , 22.0538077, 0.0293736, , , , , , , , , , , , , , , , , , , , , , , , , , , , 
22.0543269, 0.012253, , , , , , , 22.0543269, -0.0236667, , , , , , , 22.0543269, 0.0797284, , , , , , , 22.0543269, 0.0315557, , , , , , , , , , , , , , , , , , , , , , , , , , , , 
22.0548462, 0.0015106, , , , , , , 22.0548462, -0.0292058, , , , , , , 22.0548462, 0.0773785, , , , , , , 22.0548462, 0.0337377, , , , , , , , , , , , , , , , , , , , , , , , , , , , 
22.0553654, -0.0099031, , , , , , , 22.0553654, -0.0448157, , , , , , , 22.0553654, 0.0710002, , , , , , , 22.0553654, 0.0374304, , , , , , , , , , , , , , , , , , , , , , , , , , , , 
22.0558846, -0.024506, , , , , , , 22.0558846, -0.0522011, , , , , , , 22.0558846, 0.0693217, , , , , , , 22.0558846, 0.0471656, , , , , , , , , , , , , , , , , , , , , , , , , , , , 
22.0564038, -0.0391089, , , , , , , 22.0564038, -0.0384375, , , , , , , 22.0564038, 0.072343, , , , , , , 22.0564038, 0.0595865, , , , , , , , , , , , , , , , , , , , , , , , , , , , 
22.0569231, -0.051194, , , , , , , 22.0569231, -0.0082246, , , , , , , 22.0569231, 0.072343, , , , , , , 22.0569231, 0.0710002, , , , , , , , , , , , , , , , , , , , , , , , , , , , 
22.0574423, -0.0569009, , , , , , , 22.0574423, 0.0330663, , , , , , , 22.0574423, 0.0673075, , , , , , , 22.0574423, 0.0777142, , , , , , , , , , , , , , , , , , , , , , , , , , , , 
22.0579615, -0.0595865, , , , , , , 22.0579615, 0.0743572, , , , , , , 22.0579615, 0.0547189, , , , , , , 22.0579615, 0.0763714, , , , , , , , , , , , , , , , , , , , , , , , , , , , 
22.0584808, -0.0594186, , , , , , , 22.0584808, 0.096849, , , , , , , 22.0584808, 0.0290379, , , , , , , 22.0584808, 0.0666361, , , , , , , , , , , , , , , , , , , , , , , , , , , , 
22.059, -0.0533761, , , , , , , 22.059, 0.0757, , , , , , , 22.059, -0.0016785, , , , , , , 22.059, 0.0522011, , , , , , , , , , , , , , , , , , , , , , , , , , , , 
22.0595192, -0.0438087, , , , , , , 22.0595192, 0.0226596, , , , , , , 22.0595192, -0.0270237, , , , , , , 22.0595192, 0.0344091, , , , , , , , , , , , , , , , , , , , , , , , , , , , 
22.0600385, -0.0364233, , , , , , , 22.0600385, -0.0193027, , , , , , , 22.0600385, -0.0374304, , , , , , , 22.0600385, 0.01561, , , , , , , , , , , , , , , , , , , , , , , , , , , , 
22.0605577, -0.0297093, , , , , , , 22.0605577, -0.0297093, , , , , , , 22.0605577, -0.0359197, , , , , , , 22.0605577, 0.0038605, , , , , , , , , , , , , , , , , , , , , , , , , , , , 
22.0610769, -0.0179599, , , , , , , 22.0610769, -0.0231632, , , , , , , 22.0610769, -0.0297093, , , , , , , 22.0610769, -0.0008392, , , , , , , , , , , , , , , , , , , , , , , , , , , , 
22.0615962, -0.0075532, , , , , , , 22.0615962, -0.0146029, , , , , , , 22.0615962, -0.0236667, , , , , , , 22.0615962, -0.0035248, , , , , , , , , , , , , , , , , , , , , , , , , , , , 
22.0621154, -0.0052033, , , , , , , 22.0621154, -0.0105745, , , , , , , 22.0621154, -0.0162814, , , , , , , 22.0621154, -0.0082246, , , , , , , , , , , , , , , , , , , , , , , , , , , , 
22.0626346, -0.0068818, , , , , , , 22.0626346, -0.0045319, , , , , , , 22.0626346, -0.0095674, , , , , , , 22.0626346, -0.0129244, , , , , , , , , , , , , , , , , , , , , , , , , , , , 
22.0631538, -0.0063783, , , , , , , 22.0631538, -0.0028534, , , , , , , 22.0631538, 0.0008392, , , , , , , 22.0631538, -0.0149386, , , , , , , , , , , , , , , , , , , , , , , , , , , , 
22.0636731, -0.0001678, , , , , , , 22.0636731, -0.0117494, , , , , , , 22.0636731, 0.0146029, , , , , , , 22.0636731, -0.0139315, , , , , , , , , , , , , , , , , , , , , , , , , , , , 
22.0641923, 0.0078889, , , , , , , 22.0641923, -0.0236667, , , , , , , 22.0641923, 0.023331, , , , , , , 22.0641923, -0.0112459, , , , , , , , , , , , , , , , , , , , , , , , , , , , 
22.0647115, 0.0132601, , , , , , , 22.0647115, -0.0206455, , , , , , , 22.0647115, 0.0253452, , , , , , , 22.0647115, -0.0058747, , , , , , , , , , , , , , , , , , , , , , , , , , , , 
22.0652308, 0.0115816, , , , , , , 22.0652308, -0.0041962, , , , , , , 22.0652308, 0.0276951, , , , , , , 22.0652308, -0.005539, , , , , , , , , , , , , , , , , , , , , , , , , , , , 
22.06575, 0.0139315, , , , , , , 22.06575, 0.0073854, , , , , , , 22.06575, 0.0330663, , , , , , , 22.06575, -0.0095674, , , , , , , , , , , , , , , , , , , , , , , , , , , , 
22.0662692, 0.0206455, , , , , , , 22.0662692, 0.0077211, , , , , , , 22.0662692, 0.036759, , , , , , , 22.0662692, -0.0169528, , , , , , , , , , , , , , , , , , , , , , , , , , , , 
22.0667885, 0.0260166, , , , , , , 22.0667885, -0.0008392, , , , , , , 22.0667885, 0.0354162, , , , , , , 22.0667885, -0.0280308, , , , , , , , , , , , , , , , , , , , , , , , , , , , 
22.0673077, 0.0196384, , , , , , , 22.0673077, -0.0176242, , , , , , , 22.0673077, 0.0246738, , , , , , , 22.0673077, -0.0370947, , , , , , , , , , , , , , , , , , , , , , , , , , , , 
22.0678269, 0.0166171, , , , , , , 22.0678269, -0.0384375, , , , , , , 22.0678269, 0.0109102, , , , , , , 22.0678269, -0.0381018, , , , , , , , , , , , , , , , , , , , , , , , , , , , 
22.0683462, 0.0203098, , , , , , , 22.0683462, -0.0569009, , , , , , , 22.0683462, 0.0005035, , , , , , , 22.0683462, -0.0330663, , , , , , , , , , , , , , , , , , , , , , , , , , , , 
22.0688654, 0.0280308, , , , , , , 22.0688654, -0.0699931, , , , , , , 22.0688654, -0.008896, , , , , , , 22.0688654, -0.030045, , , , , , , , , , , , , , , , , , , , , , , , , , , , 
22.0693846, 0.0394446, , , , , , , 22.0693846, -0.068986, , , , , , , 22.0693846, -0.0216526, , , , , , , 22.0693846, -0.030045, , , , , , , , , , , , , , , , , , , , , , , , , , , , 
22.0699038, 0.0542153, , , , , , , 22.0699038, -0.0599222, , , , , , , 22.0699038, -0.0354162, , , , , , , 22.0699038, -0.0320592, , , , , , , , , , , , , , , , , , , , , , , , , , , , 
22.0704231, 0.064622, , , , , , , 22.0704231, -0.0480049, , , , , , , 22.0704231, -0.0491798, , , , , , , 22.0704231, -0.0305486, , , , , , , , , , , , , , , , , , , , , , , , , , , , 
22.0709423, 0.0674754, , , , , , , 22.0709423, -0.0325628, , , , , , , 22.0709423, -0.0574044, , , , , , , 22.0709423, -0.0253452, , , , , , , , , , , , , , , , , , , , , , , , , , , , 
22.0714615, 0.0694896, , , , , , , 22.0714615, -0.0193027, , , , , , , 22.0714615, -0.0518654, , , , , , , 22.0714615, -0.0179599, , , , , , , , , , , , , , , , , , , , , , , , , , , , 
22.0719808, 0.0721752, , , , , , , 22.0719808, -0.0095674, , , , , , , 22.0719808, -0.0320592, , , , , , , 22.0719808, -0.012253, , , , , , , , , , , , , , , , , , , , , , , , , , , , 
22.0725, 0.0720073, , , , , , , 22.0725, 0.0073854, , , , , , , 22.0725, -0.0023499, , , , , , , 22.0725, -0.005539, , , , , , , , , , , , , , , , , , , , , , , , , , , , 
22.0730192, 0.0656291, , , , , , , 22.0730192, 0.0323949, , , , , , , 22.0730192, 0.0204776, , , , , , , 22.0730192, 0.0038605, , , , , , , , , , , , , , , , , , , , , , , , , , , , 
22.0735385, 0.0580758, , , , , , , 22.0735385, 0.0399481, , , , , , , 22.0735385, 0.026688, , , , , , , 22.0735385, 0.0159457, , , , , , , , , , , , , , , , , , , , , , , , , , , , 
22.0740577, 0.0498512, , , , , , , 22.0740577, 0.0246738, , , , , , , 22.0740577, 0.0253452, , , , , , , 22.0740577, 0.0253452, , , , , , , , , , , , , , , , , , , , , , , , , , , , 
22.0745769, 0.0370947, , , , , , , 22.0745769, 0.0057069, , , , , , , 22.0745769, 0.0223239, , , , , , , 22.0745769, 0.0352483, , , , , , , , , , , , , , , , , , , , , , , , , , , , 
22.0750962, 0.0218204, , , , , , , 22.0750962, -0.0065461, , , , , , , 22.0750962, 0.0213169, , , , , , , 22.0750962, 0.0458228, , , , , , , , , , , , , , , , , , , , , , , , , , , , 
22.0756154, 0.0068818, , , , , , , 22.0756154, -0.0114137, , , , , , , 22.0756154, 0.0219883, , , , , , , 22.0756154, 0.0552224, , , , , , , , , , , , , , , , , , , , , , , , , , , , 
22.0761346, -0.0104067, , , , , , , 22.0761346, -0.0065461, , , , , , , 22.0761346, 0.0213169, , , , , , , 22.0761346, 0.0605936, , , , , , , , , , , , , , , , , , , , , , , , , , , , 
22.0766538, -0.0218204, , , , , , , 22.0766538, 0.0099031, , , , , , , 22.0766538, 0.0179599, , , , , , , 22.0766538, 0.0592508, , , , , , , , , , , , , , , , , , , , , , , , , , , , 
22.0771731, -0.0307164, , , , , , , 22.0771731, 0.0280308, , , , , , , 22.0771731, 0.0038605, , , , , , , 22.0771731, 0.0548867, , , , , , , , , , , , , , , , , , , , , , , , , , , , 
22.0776923, -0.0404517, , , , , , , 22.0776923, 0.0320592, , , , , , , 22.0776923, -0.0208133, , , , , , , 22.0776923, 0.0520333, , , , , , , , , , , , , , , , , , , , , , , , , , , , 
22.0782115, -0.0535439, , , , , , , 22.0782115, 0.0226596, , , , , , , 22.0782115, -0.0501869, , , , , , , 22.0782115, 0.0516976, , , , , , , , , , , , , , , , , , , , , , , , , , , , 
22.0787308, -0.0683146, , , , , , , 22.0787308, 0.0135958, , , , , , , 22.0787308, -0.0746929, , , , , , , 22.0787308, 0.0468299, , , , , , , , , , , , , , , , , , , , , , , , , , , , 
22.07925, -0.0693217, , , , , , , 22.07925, 0.0104067, , , , , , , 22.07925, -0.0928206, , , , , , , 22.07925, 0.0394446, , , , , , , , , , , , , , , , , , , , , , , , , , , , 
22.0797692, -0.0558938, , , , , , , 22.0797692, 0.0090639, , , , , , , 22.0797692, -0.1085985, , , , , , , 22.0797692, 0.0317235, , , , , , , , , , , , , , , , , , , , , , , , , , , , 
22.0802885, -0.0407874, , , , , , , 22.0802885, 0.0010071, , , , , , , 22.0802885, -0.1211872, , , , , , , 22.0802885, 0.0226596, , , , , , , , , , , , , , , , , , , , , , , , , , , , 
22.0808077, -0.0337377, , , , , , , 22.0808077, -0.0129244, , , , , , , 22.0808077, -0.1193408, , , , , , , 22.0808077, 0.0159457, , , , , , , , , , , , , , , , , , , , , , , , , , , , 
22.0813269, -0.0243381, , , , , , , 22.0813269, -0.0280308, , , , , , , 22.0813269, -0.1012131, , , , , , , 22.0813269, 0.0119173, , , , , , , , , , , , , , , , , , , , , , , , , , , , 
22.0818462, -0.0104067, , , , , , , 22.0818462, -0.0283665, , , , , , , 22.0818462, -0.0770428, , , , , , , 22.0818462, 0.0093996, , , , , , , , , , , , , , , , , , , , , , , , , , , , 
22.0823654, -0.0011749, , , , , , , 22.0823654, -0.008896, , , , , , , 22.0823654, -0.0532082, , , , , , , 22.0823654, 0.0078889, , , , , , , , , , , , , , , , , , , , , , , , , , , , 
22.0828846, 0.0045319, , , , , , , 22.0828846, 0.0078889, , , , , , , 22.0828846, -0.0256809, , , , , , , 22.0828846, 0.0052033, , , , , , , , , , , , , , , , , , , , , , , , , , , , 
22.0834038, 0.0132601, , , , , , , 22.0834038, 0.0035248, , , , , , , 22.0834038, 0.0052033, , , , , , , 22.0834038, -0.002182, , , , , , , , , , , , , , , , , , , , , , , , , , , , 
22.0839231, 0.0186313, , , , , , , 22.0839231, -0.0243381, , , , , , , 22.0839231, 0.0320592, , , , , , , 22.0839231, -0.0075532, , , , , , , , , , , , , , , , , , , , , , , , , , , , 
22.0844423, 0.0213169, , , , , , , 22.0844423, -0.0540475, , , , , , , 22.0844423, 0.0451514, , , , , , , 22.0844423, -0.0119173, , , , , , , , , , , , , , , , , , , , , , , , , , , , 
22.0849615, 0.0261845, , , , , , , 22.0849615, -0.051194, , , , , , , 22.0849615, 0.0488441, , , , , , , 22.0849615, -0.0179599, , , , , , , , , , , , , , , , , , , , , , , , , , , , 
22.0854808, 0.033402, , , , , , , 22.0854808, -0.0216526, , , , , , , 22.0854808, 0.0560616, , , , , , , 22.0854808, -0.0196384, , , , , , , , , , , , , , , , , , , , , , , , , , , , 
22.086, 0.0394446, , , , , , , 22.086, 0.0031891, , , , , , , 22.086, 0.0656291, , , , , , , 22.086, -0.0157778, , , , , , , , , , , , , , , , , , , , , , , , , , , , 
22.0865192, 0.0424659, , , , , , , 22.0865192, 0.0152743, , , , , , , 22.0865192, 0.0676432, , , , , , , 22.0865192, -0.012253, , , , , , , , , , , , , , , , , , , , , , , , , , , , 
22.0870385, 0.0428016, , , , , , , 22.0870385, 0.0287022, , , , , , , 22.0870385, 0.0555581, , , , , , , 22.0870385, -0.0130922, , , , , , , , , , , , , , , , , , , , , , , , , , , , 
22.0875577, 0.0454871, , , , , , , 22.0875577, 0.0323949, , , , , , , 22.0875577, 0.0320592, , , , , , , 22.0875577, -0.0119173, , , , , , , , , , , , , , , , , , , , , , , , , , , , 
22.0880769, 0.0468299, , , , , , , 22.0880769, 0.0193027, , , , , , , 22.0880769, 0.0031891, , , , , , , 22.0880769, -0.008896, , , , , , , , , , , , , , , , , , , , , , , , , , , , 
22.0885962, 0.047837, , , , , , , 22.0885962, 0.0025177, , , , , , , 22.0885962, -0.0307164, , , , , , , 22.0885962, -0.0043641, , , , , , , , , , , , , , , , , , , , , , , , , , , , 
22.0891154, 0.0547189, , , , , , , 22.0891154, -0.008896, , , , , , , 22.0891154, -0.0659648, , , , , , , 22.0891154, 0.0001678, , , , , , , , , , , , , , , , , , , , , , , , , , , , 
22.0896346, 0.0656291, , , , , , , 22.0896346, -0.0149386, , , , , , , 22.0896346, -0.0965133, , , , , , , 22.0896346, 0.0028534, , , , , , , , , , , , , , , , , , , , , , , , , , , , 
22.0901538, 0.0706645, , , , , , , 22.0901538, -0.0142672, , , , , , , 22.0901538, -0.1223621, , , , , , , 22.0901538, 0.0038605, , , , , , , , , , , , , , , , , , , , , , , , , , , , 
22.0906731, 0.0743572, , , , , , , 22.0906731, -0.0092317, , , , , , , 22.0906731, -0.1414969, , , , , , , 22.0906731, 0.0092317, , , , , , , , , , , , , , , , , , , , , , , , , , , , 
22.0911923, 0.0783856, , , , , , , 22.0911923, -0.0082246, , , , , , , 22.0911923, -0.1487144, , , , , , , 22.0911923, 0.0209812, , , , , , , , , , , , , , , , , , , , , , , , , , , , 
22.0917115, 0.0788891, , , , , , , 22.0917115, -0.0132601, , , , , , , 22.0917115, -0.139147, , , , , , , 22.0917115, 0.0340734, , , , , , , , , , , , , , , , , , , , , , , , , , , , 
22.0922308, 0.0720073, , , , , , , 22.0922308, -0.0109102, , , , , , , 22.0922308, -0.1143053, , , , , , , 22.0922308, 0.0459907, , , , , , , , , , , , , , , , , , , , , , , , , , , , 
22.09275, 0.0605936, , , , , , , 22.09275, 0.0015106, , , , , , , 22.09275, -0.0847639, , , , , , , 22.09275, 0.0575723, , , , , , , , , , , , , , , , , , , , , , , , , , , , 
22.0932692, 0.0508583, , , , , , , 22.0932692, 0.0193027, , , , , , , 22.0932692, -0.0540475, , , , , , , 22.0932692, 0.0669718, , , , , , , , , , , , , , , , , , , , , , , , , , , , 
22.0937885, 0.0381018, , , , , , , 22.0937885, 0.043473, , , , , , , 22.0937885, -0.0206455, , , , , , , 22.0937885, 0.0693217, , , , , , , , , , , , , , , , , , , , , , , , , , , , 
22.0943077, 0.0226596, , , , , , , 22.0943077, 0.0515297, , , , , , , 22.0943077, 0.0011749, , , , , , , 22.0943077, 0.0642863, , , , , , , , , , , , , , , , , , , , , , , , , , , , 
22.0948269, 0.0099031, , , , , , , 22.0948269, 0.0392767, , , , , , , 22.0948269, 0.0030213, , , , , , , 22.0948269, 0.0572366, , , , , , , , , , , , , , , , , , , , , , , , , , , , 
22.0953462, -0.0041962, , , , , , , 22.0953462, 0.0253452, , , , , , , 22.0953462, -0.0001678, , , , , , , 22.0953462, 0.0501869, , , , , , , , , , , , , , , , , , , , , , , , , , , , 
22.0958654, -0.0176242, , , , , , , 22.0958654, 0.0132601, , , , , , , 22.0958654, 0.0030213, , , , , , , 22.0958654, 0.0424659, , , , , , , , , , , , , , , , , , , , , , , , , , , , 
22.0963846, -0.0297093, , , , , , , 22.0963846, -0.0006714, , , , , , , 22.0963846, 0.0166171, , , , , , , 22.0963846, 0.0344091, , , , , , , , , , , , , , , , , , , , , , , , , , , , 
22.0969038, -0.0364233, , , , , , , 22.0969038, -0.0213169, , , , , , , 22.0969038, 0.0360876, , , , , , , 22.0969038, 0.0270237, , , , , , , , , , , , , , , , , , , , , , , , , , , , 
22.0974231, -0.036759, , , , , , , 22.0974231, -0.0481727, , , , , , , 22.0974231, 0.0542153, , , , , , , 22.0974231, 0.0226596, , , , , , , , , , , , , , , , , , , , , , , , , , , , 
22.0979423, -0.040116, , , , , , , 22.0979423, -0.0834211, , , , , , , 22.0979423, 0.0740215, , , , , , , 22.0979423, 0.0157778, , , , , , , , , , , , , , , , , , , , , , , , , , , , 
22.0984615, -0.0463264, , , , , , , 22.0984615, -0.1136339, , , , , , , 22.0984615, 0.0991989, , , , , , , 22.0984615, 0.0085603, , , , , , , , , , , , , , , , , , , , , , , , , , , , 
22.0989808, -0.0518654, , , , , , , 22.0989808, -0.117998, , , , , , , 22.0989808, 0.1200122, , , , , , , 22.0989808, 0.0011749, , , , , , , , , , , , , , , , , , , , , , , , , , , , 
22.0995, -0.0515297, , , , , , , 22.0995, -0.0938277, , , , , , , 22.0995, 0.1299153, , , , , , , 22.0995, -0.0065461, , , , , , , , , , , , , , , , , , , , , , , , , , , , 
22.1000192, -0.0417945, , , , , , , 22.1000192, -0.0605936, , , , , , , 22.1000192, 0.1317617, , , , , , , 22.1000192, -0.0112459, , , , , , , , , , , , , , , , , , , , , , , , , , , , 
22.1005385, -0.0273594, , , , , , , 22.1005385, -0.0417945, , , , , , , 22.1005385, 0.1312581, , , , , , , 22.1005385, -0.0132601, , , , , , , , , , , , , , , , , , , , , , , , , , , , 
22.1010577, -0.014435, , , , , , , 22.1010577, -0.0315557, , , , , , , 22.1010577, 0.1295796, , , , , , , 22.1010577, -0.0129244, , , , , , , , , , , , , , , , , , , , , , , , , , , , 
22.1015769, -0.0028534, , , , , , , 22.1015769, -0.0250095, , , , , , , 22.1015769, 0.1253834, , , , , , , 22.1015769, -0.0099031, , , , , , , , , , , , , , , , , , , , , , , , , , , , 
22.1020962, 0.0062104, , , , , , , 22.1020962, -0.0209812, , , , , , , 22.1020962, 0.1186694, , , , , , , 22.1020962, -0.0078889, , , , , , , , , , , , , , , , , , , , , , , , , , , , 
22.1026154, 0.0119173, , , , , , , 22.1026154, -0.0058747, , , , , , , 22.1026154, 0.1085985, , , , , , , 22.1026154, -0.0062104, , , , , , , , , , , , , , , , , , , , , , , , , , , , 
22.1031346, 0.0162814, , , , , , , 22.1031346, 0.0139315, , , , , , , 22.1031346, 0.0896315, , , , , , , 22.1031346, -0.0031891, , , , , , , , , , , , , , , , , , , , , , , , , , , , 
22.1036538, 0.0219883, , , , , , , 22.1036538, 0.0159457, , , , , , , 22.1036538, 0.0522011, , , , , , , 22.1036538, -0.0018463, , , , , , , , , , , , , , , , , , , , , , , , , , , , 
22.1041731, 0.0280308, , , , , , , 22.1041731, 0.0058747, , , , , , , 22.1041731, 0.0031891, , , , , , , 22.1041731, -0.0036927, , , , , , , , , , , , , , , , , , , , , , , , , , , , 
22.1046923, 0.0359197, , , , , , , 22.1046923, 0.0038605, , , , , , , 22.1046923, -0.043473, , , , , , , 22.1046923, -0.0048676, , , , , , , , , , , , , , , , , , , , , , , , , , , , 
22.1052115, 0.0458228, , , , , , , 22.1052115, 0.0099031, , , , , , , 22.1052115, -0.0726787, , , , , , , 22.1052115, -0.0025177, , , , , , , , , , , , , , , , , , , , , , , , , , , , 
22.1057308, 0.0468299, , , , , , , 22.1057308, 0.0065461, , , , , , , 22.1057308, -0.0820783, , , , , , , 22.1057308, 0.0052033, , , , , , , , , , , , , , , , , , , , , , , , , , , , 
22.10625, 0.0428016, , , , , , , 22.10625, -0.0112459, , , , , , , 22.10625, -0.0730144, , , , , , , 22.10625, 0.0146029, , , , , , , , , , , , , , , , , , , , , , , , , , , , 
22.1067692, 0.0421302, , , , , , , 22.1067692, -0.0216526, , , , , , , 22.1067692, -0.0558938, , , , , , , 22.1067692, 0.0213169, , , , , , , , , , , , , , , , , , , , , , , , , , , , 
22.1072885, 0.0491798, , , , , , , 22.1072885, -0.0063783, , , , , , , 22.1072885, -0.051194, , , , , , , 22.1072885, 0.0253452, , , , , , , , , , , , , , , , , , , , , , , , , , , , 
22.1078077, 0.0515297, , , , , , , 22.1078077, 0.0199741, , , , , , , 22.1078077, -0.0683146, , , , , , , 22.1078077, 0.0293736, , , , , , , , , , , , , , , , , , , , , , , , , , , , 
22.1083269, 0.0515297, , , , , , , 22.1083269, 0.0360876, , , , , , , 22.1083269, -0.0896315, , , , , , , 22.1083269, 0.0327306, , , , , , , , , , , , , , , , , , , , , , , , , , , , 
22.1088462, 0.0565652, , , , , , , 22.1088462, 0.0387732, , , , , , , 22.1088462, -0.0948348, , , , , , , 22.1088462, 0.0297093, , , , , , , , , , , , , , , , , , , , , , , , , , , , 
22.1093654, 0.0669718, , , , , , , 22.1093654, 0.0330663, , , , , , , 22.1093654, -0.0820783, , , , , , , 22.1093654, 0.0196384, , , , , , , , , , , , , , , , , , , , , , , , , , , , 
22.1098846, 0.0750286, , , , , , , 22.1098846, 0.024506, , , , , , , 22.1098846, -0.0587472, , , , , , , 22.1098846, 0.0139315, , , , , , , , , , , , , , , , , , , , , , , , , , , , 
22.1104038, 0.0763714, , , , , , , 22.1104038, 0.0171206, , , , , , , 22.1104038, -0.0421302, , , , , , , 22.1104038, 0.0112459, , , , , , , , , , , , , , , , , , , , , , , , , , , , 
22.1109231, 0.0736858, , , , , , , 22.1109231, 0.0152743, , , , , , , 22.1109231, -0.0394446, , , , , , , 22.1109231, 0.0060426, , , , , , , , , , , , , , , , , , , , , , , , , , , , 
22.1114423, 0.0688182, , , , , , , 22.1114423, 0.018967, , , , , , , 22.1114423, -0.0498512, , , , , , , 22.1114423, 0.0011749, , , , , , , , , , , , , , , , , , , , , , , , , , , , 
22.1119615, 0.0602579, , , , , , , 22.1119615, 0.023331, , , , , , , 22.1119615, -0.0589151, , , , , , , 22.1119615, 0.0005035, , , , , , , , , , , , , , , , , , , , , , , , , , , , 
22.1124808, 0.0461585, , , , , , , 22.1124808, 0.0263523, , , , , , , 22.1124808, -0.0527047, , , , , , , 22.1124808, 0.0020142, , , , , , , , , , , , , , , , , , , , , , , , , , , , 
22.113, 0.0280308, , , , , , , 22.113, 0.026688, , , , , , , 22.113, -0.0318914, , , , , , , 22.113, 0.0068818, , , , , , , , , , , , , , , , , , , , , , , , , , , , 
22.1135192, 0.0112459, , , , , , , 22.1135192, 0.0219883, , , , , , , 22.1135192, -0.0112459, , , , , , , 22.1135192, 0.0159457, , , , , , , , , , , , , , , , , , , , , , , , , , , , 
22.1140385, -0.0018463, , , , , , , 22.1140385, 0.0172885, , , , , , , 22.1140385, -0.0038605, , , , , , , 22.1140385, 0.0224918, , , , , , , , , , , , , , , , , , , , , , , , , , , , 
22.1145577, -0.0152743, , , , , , , 22.1145577, 0.0162814, , , , , , , 22.1145577, -0.0109102, , , , , , , 22.1145577, 0.0221561, , , , , , , , , , , , , , , , , , , , , , , , , , , , 
22.1150769, -0.0243381, , , , , , , 22.1150769, 0.0191348, , , , , , , 22.1150769, -0.0226596, , , , , , , 22.1150769, 0.0172885, , , , , , , , , , , , , , , , , , , , , , , , , , , , 
22.1155962, -0.033402, , , , , , , 22.1155962, 0.0287022, , , , , , , 22.1155962, -0.0270237, , , , , , , 22.1155962, 0.0135958, , , , , , , , , , , , , , , , , , , , , , , , , , , , 
22.1161154, -0.0431373, , , , , , , 22.1161154, 0.0377661, , , , , , , 22.1161154, -0.0236667, , , , , , , 22.1161154, 0.0099031, , , , , , , , , , , , , , , , , , , , , , , , , , , , 
22.1166346, -0.0485084, , , , , , , 22.1166346, 0.0381018, , , , , , , 22.1166346, -0.0135958, , , , , , , 22.1166346, 0.0078889, , , , , , , , , , , , , , , , , , , , , , , , , , , , 
22.1171538, -0.0506905, , , , , , , 22.1171538, 0.0243381, , , , , , , 22.1171538, -0.0015106, , , , , , , 22.1171538, 0.0119173, , , , , , , , , , , , , , , , , , , , , , , , , , , , 
22.1176731, -0.0491798, , , , , , , 22.1176731, 0.0041962, , , , , , , 22.1176731, 0.0031891, , , , , , , 22.1176731, 0.01561, , , , , , , , , , , , , , , , , , , , , , , , , , , , 
22.1181923, -0.0473335, , , , , , , 22.1181923, -0.0162814, , , , , , , 22.1181923, -0.0065461, , , , , , , 22.1181923, 0.0139315, , , , , , , , , , , , , , , , , , , , , , , , , , , , 
22.1187115, -0.0498512, , , , , , , 22.1187115, -0.0255131, , , , , , , 22.1187115, -0.0213169, , , , , , , 22.1187115, 0.0115816, , , , , , , , , , , , , , , , , , , , , , , , , , , , 
22.1192308, -0.047837, , , , , , , 22.1192308, -0.002182, , , , , , , 22.1192308, -0.0276951, , , , , , , 22.1192308, 0.0085603, , , , , , , , , , , , , , , , , , , , , , , , , , , , 
22.11975, -0.0364233, , , , , , , 22.11975, 0.0231632, , , , , , , 22.11975, -0.0236667, , , , , , , 22.11975, 0.005539, , , , , , , , , , , , , , , , , , , , , , , , , , , , 
22.1202692, -0.0182956, , , , , , , 22.1202692, 0.0172885, , , , , , , 22.1202692, -0.0182956, , , , , , , 22.1202692, 0.0052033, , , , , , , , , , , , , , , , , , , , , , , , , , , , 
22.1207885, -0.0035248, , , , , , , 22.1207885, -0.0102388, , , , , , , 22.1207885, -0.0146029, , , , , , , 22.1207885, 0.0063783, , , , , , , , , , , , , , , , , , , , , , , , , , , , 
22.1213077, 0.0001678, , , , , , , 22.1213077, -0.0370947, , , , , , , 22.1213077, -0.0157778, , , , , , , 22.1213077, 0.0052033, , , , , , , , , , , , , , , , , , , , , , , , , , , , 
22.1218269, -0.0001678, , , , , , , 22.1218269, -0.0632792, , , , , , , 22.1218269, -0.0258488, , , , , , , 22.1218269, 0.0031891, , , , , , , , , , , , , , , , , , , , , , , , , , , , 
22.1223462, 0.0025177, , , , , , , 22.1223462, -0.0887922, , , , , , , 22.1223462, -0.0407874, , , , , , , 22.1223462, 0.0035248, , , , , , , , , , , , , , , , , , , , , , , , , , , , 
22.1228654, 0.0058747, , , , , , , 22.1228654, -0.1089342, , , , , , , 22.1228654, -0.0562295, , , , , , , 22.1228654, 0.0072175, , , , , , , , , , , , , , , , , , , , , , , , , , , , 
22.1233846, 0.0052033, , , , , , , 22.1233846, -0.1240406, , , , , , , 22.1233846, -0.0656291, , , , , , , 22.1233846, 0.0129244, , , , , , , , , , , , , , , , , , , , , , , , , , , , 
22.1239038, 0.0050355, , , , , , , 22.1239038, -0.1277333, , , , , , , 22.1239038, -0.0657969, , , , , , , 22.1239038, 0.017792, , , , , , , , , , , , , , , , , , , , , , , , , , , , 
22.1244231, 0.0115816, , , , , , , 22.1244231, -0.1022202, , , , , , , 22.1244231, -0.063447, , , , , , , 22.1244231, 0.0199741, , , , , , , , , , , , , , , , , , , , , , , , , , , , 
22.1249423, 0.018967, , , , , , , 22.1249423, -0.0522011, , , , , , , 22.1249423, -0.0636149, , , , , , , 22.1249423, 0.0182956, , , , , , , , , , , , , , , , , , , , , , , , , , , , 
22.1254615, 0.0199741, , , , , , , 22.1254615, -0.0085603, , , , , , , 22.1254615, -0.0595865, , , , , , , 22.1254615, 0.0109102, , , , , , , , , , , , , , , , , , , , , , , , , , , , 
22.1259808, 0.0179599, , , , , , , 22.1259808, 0.0065461, , , , , , , 22.1259808, -0.0317235, , , , , , , 22.1259808, 0.0016785, , , , , , , , , , , , , , , , , , , , , , , , , , , , 
22.1265, 0.0191348, , , , , , , 22.1265, -0.0030213, , , , , , , 22.1265, 0.0172885, , , , , , , 22.1265, -0.0045319, , , , , , , , , , , , , , , , , , , , , , , , , , , , 
22.1270192, 0.0146029, , , , , , , 22.1270192, -0.0050355, , , , , , , 22.1270192, 0.0669718, , , , , , , 22.1270192, -0.0112459, , , , , , , , , , , , , , , , , , , , , , , , , , , , 
22.1275385, 0.0046998, , , , , , , 22.1275385, 0.0127565, , , , , , , 22.1275385, 0.1055772, , , , , , , 22.1275385, -0.0152743, , , , , , , , , , , , , , , , , , , , , , , , , , , , 
22.1280577, 0.0018463, , , , , , , 22.1280577, 0.0283665, , , , , , , 22.1280577, 0.1361257, , , , , , , 22.1280577, -0.0162814, , , , , , , , , , , , , , , , , , , , , , , , , , , , 
22.1285769, 0.0062104, , , , , , , 22.1285769, 0.0283665, , , , , , , 22.1285769, 0.1582818, , , , , , , 22.1285769, -0.0152743, , , , , , , , , , , , , , , , , , , , , , , , , , , , 
22.1290962, 0.0164492, , , , , , , 22.1290962, 0.0240024, , , , , , , 22.1290962, 0.1680171, , , , , , , 22.1290962, -0.0140993, , , , , , , , , , , , , , , , , , , , , , , , , , , , 
22.1296154, 0.0320592, , , , , , , 22.1296154, 0.0204776, , , , , , , 22.1296154, 0.1666743, , , , , , , 22.1296154, -0.0132601, , , , , , , , , , , , , , , , , , , , , , , , , , , , 
22.1301346, 0.0468299, , , , , , , 22.1301346, 0.0125887, , , , , , , 22.1301346, 0.1579461, , , , , , , 22.1301346, -0.0172885, , , , , , , , , , , , , , , , , , , , , , , , , , , , 
22.1306538, 0.0602579, , , , , , , 22.1306538, 0.0048676, , , , , , , 22.1306538, 0.1399863, , , , , , , 22.1306538, -0.0209812, , , , , , , , , , , , , , , , , , , , , , , , , , , , 
22.1311731, 0.0681468, , , , , , , 22.1311731, -0.0048676, , , , , , , 22.1311731, 0.110277, , , , , , , 22.1311731, -0.0209812, , , , , , , , , , , , , , , , , , , , , , , , , , , , 
22.1316923, 0.0693217, , , , , , , 22.1316923, -0.0297093, , , , , , , 22.1316923, 0.0674754, , , , , , , 22.1316923, -0.0182956, , , , , , , , , , , , , , , , , , , , , , , , , , , , 
22.1322115, 0.0656291, , , , , , , 22.1322115, -0.0656291, , , , , , , 22.1322115, 0.0176242, , , , , , , 22.1322115, -0.0102388, , , , , , , , , , , , , , , , , , , , , , , , , , , , 
22.1327308, 0.0605936, , , , , , , 22.1327308, -0.0847639, , , , , , , 22.1327308, -0.0273594, , , , , , , 22.1327308, 0.0016785, , , , , , , , , , , , , , , , , , , , , , , , , , , , 
22.13325, 0.0515297, , , , , , , 22.13325, -0.0666361, , , , , , , 22.13325, -0.061265, , , , , , , 22.13325, 0.0172885, , , , , , , , , , , , , , , , , , , , , , , , , , , , 
22.1337692, 0.0414588, , , , , , , 22.1337692, -0.0246738, , , , , , , 22.1337692, -0.0908064, , , , , , , 22.1337692, 0.0350805, , , , , , , , , , , , , , , , , , , , , , , , , , , , 
22.1342885, 0.0374304, , , , , , , 22.1342885, 0.0204776, , , , , , , 22.1342885, -0.1243763, , , , , , , 22.1342885, 0.0495155, , , , , , , , , , , , , , , , , , , , , , , , , , , , 
22.1348077, 0.0339055, , , , , , , 22.1348077, 0.0518654, , , , , , , 22.1348077, -0.1586175, , , , , , , 22.1348077, 0.0626078, , , , , , , , , , , , , , , , , , , , , , , , , , , , 
22.1353269, 0.026688, , , , , , , 22.1353269, 0.0730144, , , , , , , 22.1353269, -0.1910124, , , , , , , 22.1353269, 0.0736858, , , , , , , , , , , , , , , , , , , , , , , , , , , , 
22.1358462, 0.0176242, , , , , , , 22.1358462, 0.0773785, , , , , , , 22.1358462, -0.2096437, , , , , , , 22.1358462, 0.0830854, , , , , , , , , , , , , , , , , , , , , , , , , , , , 
22.1363654, 0.0105745, , , , , , , 22.1363654, 0.0469978, , , , , , , 22.1363654, -0.1995727, , , , , , , 22.1363654, 0.0871138, , , , , , , , , , , , , , , , , , , , , , , , , , , , 
22.1368846, 0.0015106, , , , , , , 22.1368846, -0.0048676, , , , , , , 22.1368846, -0.1673457, , , , , , , 22.1368846, 0.0803998, , , , , , , , , , , , , , , , , , , , , , , , , , , , 
22.1374038, -0.0146029, , , , , , , 22.1374038, -0.040116, , , , , , , 22.1374038, -0.1250477, , , , , , , 22.1374038, 0.0683146, , , , , , , , , , , , , , , , , , , , , , , , , , , , 
22.1379231, -0.0290379, , , , , , , 22.1379231, -0.0560616, , , , , , , 22.1379231, -0.0820783, , , , , , , 22.1379231, 0.0599222, , , , , , , , , , , , , , , , , , , , , , , , , , , , 
22.1384423, -0.036759, , , , , , , 22.1384423, -0.066804, , , , , , , 22.1384423, -0.0471656, , , , , , , 22.1384423, 0.0518654, , , , , , , , , , , , , , , , , , , , , , , , , , , , 
22.1389615, -0.0411231, , , , , , , 22.1389615, -0.061265, , , , , , , 22.1389615, -0.0256809, , , , , , , 22.1389615, 0.0397803, , , , , , , , , , , , , , , , , , , , , , , , , , , , 
22.1394808, -0.0397803, , , , , , , 22.1394808, -0.0397803, , , , , , , 22.1394808, -0.0105745, , , , , , , 22.1394808, 0.0253452, , , , , , , , , , , , , , , , , , , , , , , , , , , , 
22.14, -0.0318914, , , , , , , 22.14, -0.0229953, , , , , , , 22.14, 0.0068818, , , , , , , 22.14, 0.0129244, , , , , , , , , , , , , , , , , , , , , , , , , , , , 
22.1405192, -0.0283665, , , , , , , 22.1405192, -0.0320592, , , , , , , 22.1405192, 0.0219883, , , , , , , 22.1405192, 0.0030213, , , , , , , , , , , , , , , , , , , , , , , , , , , , 
22.1410385, -0.0310521, , , , , , , 22.1410385, -0.0656291, , , , , , , 22.1410385, 0.0258488, , , , , , , 22.1410385, -0.0058747, , , , , , , , , , , , , , , , , , , , , , , , , , , , 
22.1415577, -0.0328985, , , , , , , 22.1415577, -0.0887922, , , , , , , 22.1415577, 0.0276951, , , , , , , 22.1415577, -0.008896, , , , , , , , , , , , , , , , , , , , , , , , , , , , 
22.1420769, -0.0323949, , , , , , , 22.1420769, -0.0827497, , , , , , , 22.1420769, 0.0332341, , , , , , , 22.1420769, -0.0040284, , , , , , , , , , , , , , , , , , , , , , , , , , , , 
22.1425962, -0.0240024, , , , , , , 22.1425962, -0.0632792, , , , , , , 22.1425962, 0.0350805, , , , , , , 22.1425962, -0.0015106, , , , , , , , , , , , , , , , , , , , , , , , , , , , 
22.1431154, -0.0115816, , , , , , , 22.1431154, -0.0532082, , , , , , , 22.1431154, 0.0332341, , , , , , , 22.1431154, -0.0018463, , , , , , , , , , , , , , , , , , , , , , , , , , , , 
22.1436346, -0.0015106, , , , , , , 22.1436346, -0.042298, , , , , , , 22.1436346, 0.0290379, , , , , , , 22.1436346, -0.002182, , , , , , , , , , , , , , , , , , , , , , , , , , , , 
22.1441538, 0.0035248, , , , , , , 22.1441538, -0.0226596, , , , , , , 22.1441538, 0.0280308, , , , , , , 22.1441538, -0.0035248, , , , , , , , , , , , , , , , , , , , , , , , , , , , 
22.1446731, 0.0035248, , , , , , , 22.1446731, -0.0240024, , , , , , , 22.1446731, 0.0344091, , , , , , , 22.1446731, -0.0038605, , , , , , , , , , , , , , , , , , , , , , , , , , , , 
22.1451923, 0.0043641, , , , , , , 22.1451923, -0.047837, , , , , , , 22.1451923, 0.0458228, , , , , , , 22.1451923, -0.0018463, , , , , , , , , , , , , , , , , , , , , , , , , , , , 
22.1457115, 0.0082246, , , , , , , 22.1457115, -0.0602579, , , , , , , 22.1457115, 0.0533761, , , , , , , 22.1457115, 0.0008392, , , , , , , , , , , , , , , , , , , , , , , , , , , , 
22.1462308, 0.012253, , , , , , , 22.1462308, -0.0448157, , , , , , , 22.1462308, 0.0558938, , , , , , , 22.1462308, -0.0001678, , , , , , , , , , , , , , , , , , , , , , , , , , , , 
22.14675, 0.0169528, , , , , , , 22.14675, -0.0164492, , , , , , , 22.14675, 0.0575723, , , , , , , 22.14675, -0.0016785, , , , , , , , , , , , , , , , , , , , , , , , , , , , 
22.1472692, 0.0226596, , , , , , , 22.1472692, 0.0063783, , , , , , , 22.1472692, 0.0599222, , , , , , , 22.1472692, 0.0030213, , , , , , , , , , , , , , , , , , , , , , , , , , , , 
22.1477885, 0.0293736, , , , , , , 22.1477885, 0.0152743, , , , , , , 22.1477885, 0.061265, , , , , , , 22.1477885, 0.0092317, , , , , , , , , , , , , , , , , , , , , , , , , , , , 
22.1483077, 0.0297093, , , , , , , 22.1483077, 0.017792, , , , , , , 22.1483077, 0.0589151, , , , , , , 22.1483077, 0.012253, , , , , , , , , , , , , , , , , , , , , , , , , , , , 
22.1488269, 0.0347448, , , , , , , 22.1488269, 0.0226596, , , , , , , 22.1488269, 0.0542153, , , , , , , 22.1488269, 0.0105745, , , , , , , , , , , , , , , , , , , , , , , , , , , , 
22.1493462, 0.051194, , , , , , , 22.1493462, 0.0340734, , , , , , , 22.1493462, 0.0501869, , , , , , , 22.1493462, 0.0058747, , , , , , , , , , , , , , , , , , , , , , , , , , , , 
22.1498654, 0.070161, , , , , , , 22.1498654, 0.0495155, , , , , , , 22.1498654, 0.0486763, , , , , , , 22.1498654, 0.0015106, , , , , , , , , , , , , , , , , , , , , , , , , , , , 
22.1503846, 0.0803998, , , , , , , 22.1503846, 0.0652934, , , , , , , 22.1503846, 0.0535439, , , , , , , 22.1503846, 0.0011749, , , , , , , , , , , , , , , , , , , , , , , , , , , , 
22.1509038, 0.0840925, , , , , , , 22.1509038, 0.0850996, , , , , , , 22.1509038, 0.057908, , , , , , , 22.1509038, 0.0018463, , , , , , , , , , , , , , , , , , , , , , , , , , , , 
22.1514231, 0.0864424, , , , , , , 22.1514231, 0.1052415, , , , , , , 22.1514231, 0.0589151, , , , , , , 22.1514231, -0.0010071, , , , , , , , , , , , , , , , , , , , , , , , , , , , 
22.1519423, 0.0877852, , , , , , , 22.1519423, 0.1106126, , , , , , , 22.1519423, 0.0547189, , , , , , , 22.1519423, -0.008896, , , , , , , , , , , , , , , , , , , , , , , , , , , , 
22.1524615, 0.0877852, , , , , , , 22.1524615, 0.1012131, , , , , , , 22.1524615, 0.0475013, , , , , , , 22.1524615, -0.0179599, , , , , , , , , , , , , , , , , , , , , , , , , , , , 
22.1529808, 0.0807355, , , , , , , 22.1529808, 0.0908064, , , , , , , 22.1529808, 0.0387732, , , , , , , 22.1529808, -0.0250095, , , , , , , , , , , , , , , , , , , , , , , , , , , , 
22.1535, 0.0639506, , , , , , , 22.1535, 0.0807355, , , , , , , 22.1535, 0.0236667, , , , , , , 22.1535, -0.0263523, , , , , , , , , , , , , , , , , , , , , , , , , , , , 
22.1540192, 0.0466621, , , , , , , 22.1540192, 0.0683146, , , , , , , 22.1540192, -0.0028534, , , , , , , 22.1540192, -0.0229953, , , , , , , , , , , , , , , , , , , , , , , , , , , , 
22.1545385, 0.0350805, , , , , , , 22.1545385, 0.0495155, , , , , , , 22.1545385, -0.0391089, , , , , , , 22.1545385, -0.0142672, , , , , , , , , , , , , , , , , , , , , , , , , , , , 
22.1550577, 0.0229953, , , , , , , 22.1550577, 0.0127565, , , , , , , 22.1550577, -0.0783856, , , , , , , 22.1550577, -0.0041962, , , , , , , , , , , , , , , , , , , , , , , , , , , , 
22.1555769, 0.0036927, , , , , , , 22.1555769, -0.0276951, , , , , , , 22.1555769, -0.1119554, , , , , , , 22.1555769, 0.0048676, , , , , , , , , , , , , , , , , , , , , , , , , , , , 
22.1560962, -0.0162814, , , , , , , 22.1560962, -0.0558938, , , , , , , 22.1560962, -0.1344472, , , , , , , 22.1560962, 0.0124208, , , , , , , , , , , , , , , , , , , , , , , , , , , , 
22.1566154, -0.0325628, , , , , , , 22.1566154, -0.063447, , , , , , , 22.1566154, -0.1465324, , , , , , , 22.1566154, 0.0182956, , , , , , , , , , , , , , , , , , , , , , , , , , , , 
22.1571346, -0.0426337, , , , , , , 22.1571346, -0.064622, , , , , , , 22.1571346, -0.1438468, , , , , , , 22.1571346, 0.0223239, , , , , , , , , , , , , , , , , , , , , , , , , , , , 
22.1576538, -0.0485084, , , , , , , 22.1576538, -0.0710002, , , , , , , 22.1576538, -0.1267262, , , , , , , 22.1576538, 0.0280308, , , , , , , , , , , , , , , , , , , , , , , , , , , , 
22.1581731, -0.0522011, , , , , , , 22.1581731, -0.0683146, , , , , , , 22.1581731, -0.1032273, , , , , , , 22.1581731, 0.0365911, , , , , , , , , , , , , , , , , , , , , , , , , , , , 
22.1586923, -0.0560616, , , , , , , 22.1586923, -0.0491798, , , , , , , 22.1586923, -0.0773785, , , , , , , 22.1586923, 0.0424659, , , , , , , , , , , , , , , , , , , , , , , , , , , , 
22.1592115, -0.0562295, , , , , , , 22.1592115, -0.0256809, , , , , , , 22.1592115, -0.051194, , , , , , , 22.1592115, 0.0438087, , , , , , , , , , , , , , , , , , , , , , , , , , , , 
22.1597308, -0.0464942, , , , , , , 22.1597308, -0.0099031, , , , , , , 22.1597308, -0.027863, , , , , , , 22.1597308, 0.0424659, , , , , , , , , , , , , , , , , , , , , , , , , , , , 
22.16025, -0.0310521, , , , , , , 22.16025, -0.0031891, , , , , , , 22.16025, -0.0048676, , , , , , , 22.16025, 0.0424659, , , , , , , , , , , , , , , , , , , , , , , , , , , , 
22.1607692, -0.0142672, , , , , , , 22.1607692, 0.0031891, , , , , , , 22.1607692, 0.0162814, , , , , , , 22.1607692, 0.0501869, , , , , , , , , , , , , , , , , , , , , , , , , , , , 
22.1612885, 0.0035248, , , , , , , 22.1612885, 0.0102388, , , , , , , 22.1612885, 0.0263523, , , , , , , 22.1612885, 0.0632792, , , , , , , , , , , , , , , , , , , , , , , , , , , , 
22.1618077, 0.0152743, , , , , , , 22.1618077, 0.0130922, , , , , , , 22.1618077, 0.0199741, , , , , , , 22.1618077, 0.0710002, , , , , , , , , , , , , , , , , , , , , , , , , , , , 
22.1623269, 0.0240024, , , , , , , 22.1623269, 0.0095674, , , , , , , 22.1623269, 0.0036927, , , , , , , 22.1623269, 0.0696574, , , , , , , , , , , , , , , , , , , , , , , , , , , , 
22.1628462, 0.0308843, , , , , , , 22.1628462, 0.0025177, , , , , , , 22.1628462, -0.0179599, , , , , , , 22.1628462, 0.0575723, , , , , , , , , , , , , , , , , , , , , , , , , , , , 
22.1633654, 0.0325628, , , , , , , 22.1633654, -0.0052033, , , , , , , 22.1633654, -0.0364233, , , , , , , 22.1633654, 0.0419623, , , , , , , , , , , , , , , , , , , , , , , , , , , , 
22.1638846, 0.0315557, , , , , , , 22.1638846, -0.0095674, , , , , , , 22.1638846, -0.0411231, , , , , , , 22.1638846, 0.0287022, , , , , , , , , , , , , , , , , , , , , , , , , , , , 
22.1644038, 0.0330663, , , , , , , 22.1644038, -0.0062104, , , , , , , 22.1644038, -0.0307164, , , , , , , 22.1644038, 0.0172885, , , , , , , , , , , , , , , , , , , , , , , , , , , , 
22.1649231, 0.036759, , , , , , , 22.1649231, 0.0025177, , , , , , , 22.1649231, -0.0135958, , , , , , , 22.1649231, 0.0085603, , , , , , , , , , , , , , , , , , , , , , , , , , , , 
22.1654423, 0.0381018, , , , , , , 22.1654423, 0.0117494, , , , , , , 22.1654423, 0.0018463, , , , , , , 22.1654423, -0.0005035, , , , , , , , , , , , , , , , , , , , , , , , , , , , 
22.1659615, 0.0354162, , , , , , , 22.1659615, 0.0204776, , , , , , , 22.1659615, 0.0058747, , , , , , , 22.1659615, -0.008896, , , , , , , , , , , , , , , , , , , , , , , , , , , , 
22.1664808, 0.0354162, , , , , , , 22.1664808, 0.0313878, , , , , , , 22.1664808, 0.0038605, , , , , , , 22.1664808, -0.0115816, , , , , , , , , , , , , , , , , , , , , , , , , , , , 
22.167, 0.0412909, , , , , , , 22.167, 0.043473, , , , , , , 22.167, 0.0068818, , , , , , , 22.167, -0.0062104, , , , , , , , , , , , , , , , , , , , , , , , , , , , 
22.1675192, 0.0417945, , , , , , , 22.1675192, 0.0527047, , , , , , , 22.1675192, 0.01561, , , , , , , 22.1675192, -0.0018463, , , , , , , , , , , , , , , , , , , , , , , , , , , , 
22.1680385, 0.0370947, , , , , , , 22.1680385, 0.0505226, , , , , , , 22.1680385, 0.0240024, , , , , , , 22.1680385, 0.0028534, , , , , , , , , , , , , , , , , , , , , , , , , , , , 
22.1685577, 0.0384375, , , , , , , 22.1685577, 0.0448157, , , , , , , 22.1685577, 0.0256809, , , , , , , 22.1685577, 0.0058747, , , , , , , , , , , , , , , , , , , , , , , , , , , , 
22.1690769, 0.0461585, , , , , , , 22.1690769, 0.0424659, , , , , , , 22.1690769, 0.0172885, , , , , , , 22.1690769, 0.0050355, , , , , , , , , , , , , , , , , , , , , , , , , , , , 
22.1695962, 0.0562295, , , , , , , 22.1695962, 0.0392767, , , , , , , 22.1695962, 0.0036927, , , , , , , 22.1695962, -0.0005035, , , , , , , , , , , , , , , , , , , , , , , , , , , , 
22.1701154, 0.0642863, , , , , , , 22.1701154, 0.0476692, , , , , , , 22.1701154, -0.0135958, , , , , , , 22.1701154, -0.0036927, , , , , , , , , , , , , , , , , , , , , , , , , , , , 
22.1706346, 0.0636149, , , , , , , 22.1706346, 0.0669718, , , , , , , 22.1706346, -0.0246738, , , , , , , 22.1706346, -0.0015106, , , , , , , , , , , , , , , , , , , , , , , , , , , , 
22.1711538, 0.0627756, , , , , , , 22.1711538, 0.0770428, , , , , , , 22.1711538, -0.0258488, , , , , , , 22.1711538, 0.003357, , , , , , , , , , , , , , , , , , , , , , , , , , , , 
22.1716731, 0.061265, , , , , , , 22.1716731, 0.0803998, , , , , , , 22.1716731, -0.0236667, , , , , , , 22.1716731, 0.008896, , , , , , , , , , , , , , , , , , , , , , , , , , , , 
22.1721923, 0.0574044, , , , , , , 22.1721923, 0.0626078, , , , , , , 22.1721923, -0.021149, , , , , , , 22.1721923, 0.0125887, , , , , , , , , , , , , , , , , , , , , , , , , , , , 
22.1727115, 0.0485084, , , , , , , 22.1727115, 0.0085603, , , , , , , 22.1727115, -0.012253, , , , , , , 22.1727115, 0.0149386, , , , , , , , , , , , , , , , , , , , , , , , , , , , 
22.1732308, 0.0323949, , , , , , , 22.1732308, -0.0486763, , , , , , , 22.1732308, 0.0166171, , , , , , , 22.1732308, 0.0193027, , , , , , , , , , , , , , , , , , , , , , , , , , , , 
22.17375, 0.0146029, , , , , , , 22.17375, -0.0807355, , , , , , , 22.17375, 0.0642863, , , , , , , 22.17375, 0.0226596, , , , , , , , , , , , , , , , , , , , , , , , , , , , 
22.1742692, 0.0018463, , , , , , , 22.1742692, -0.1092699, , , , , , , 22.1742692, 0.1122911, , , , , , , 22.1742692, 0.0198062, , , , , , , , , , , , , , , , , , , , , , , , , , , , 
22.1747885, -0.005539, , , , , , , 22.1747885, -0.1290761, , , , , , , 22.1747885, 0.1475395, , , , , , , 22.1747885, 0.0149386, , , , , , , , , , , , , , , , , , , , , , , , , , , , 
22.1753077, -0.0152743, , , , , , , 22.1753077, -0.1203479, , , , , , , 22.1753077, 0.1713741, , , , , , , 22.1753077, 0.0129244, , , , , , , , , , , , , , , , , , , , , , , , , , , , 
22.1758269, -0.0256809, , , , , , , 22.1758269, -0.0955062, , , , , , , 22.1758269, 0.1871519, , , , , , , 22.1758269, 0.0119173, , , , , , , , , , , , , , , , , , , , , , , , , , , , 
22.1763462, -0.0391089, , , , , , , 22.1763462, -0.0792248, , , , , , , 22.1763462, 0.1999084, , , , , , , 22.1763462, 0.0119173, , , , , , , , , , , , , , , , , , , , , , , , , , , , 
22.1768654, -0.0535439, , , , , , , 22.1768654, -0.0733501, , , , , , , 22.1768654, 0.205951, , , , , , , 22.1768654, 0.012253, , , , , , , , , , , , , , , , , , , , , , , , , , , , 
22.1773846, -0.0659648, , , , , , , 22.1773846, -0.0760357, , , , , , , 22.1773846, 0.1972229, , , , , , , 22.1773846, 0.0142672, , , , , , , , , , , , , , , , , , , , , , , , , , , , 
22.1779038, -0.0793927, , , , , , , 22.1779038, -0.0928206, , , , , , , 22.1779038, 0.1680171, , , , , , , 22.1779038, 0.0193027, , , , , , , , , , , , , , , , , , , , , , , , , , , , 
22.1784231, -0.090135, , , , , , , 22.1784231, -0.1183337, , , , , , , 22.1784231, 0.1233692, , , , , , , 22.1784231, 0.0260166, , , , , , , , , , , , , , , , , , , , , , , , , , , , 
22.1789423, -0.0914778, , , , , , , 22.1789423, -0.1366293, , , , , , , 22.1789423, 0.0710002, , , , , , , 22.1789423, 0.0280308, , , , , , , , , , , , , , , , , , , , , , , , , , , , 
22.1794615, -0.0827497, , , , , , , 22.1794615, -0.1294118, , , , , , , 22.1794615, 0.0075532, , , , , , , 22.1794615, 0.0236667, , , , , , , , , , , , , , , , , , , , , , , , , , , , 
22.1799808, -0.064622, , , , , , , 22.1799808, -0.0995346, , , , , , , 22.1799808, -0.0696574, , , , , , , 22.1799808, 0.0166171, , , , , , , , , , , , , , , , , , , , , , , , , , , , 
22.1805, -0.0414588, , , , , , , 22.1805, -0.0693217, , , , , , , 22.1805, -0.1478752, , , , , , , 22.1805, 0.0092317, , , , , , , , , , , , , , , , , , , , , , , , , , , , 
22.1810192, -0.0223239, , , , , , , 22.1810192, -0.0454871, , , , , , , 22.1810192, -0.2096437, , , , , , , 22.1810192, 0.0041962, , , , , , , , , , , , , , , , , , , , , , , , , , , , 
22.1815385, -0.0078889, , , , , , , 22.1815385, -0.0253452, , , , , , , 22.1815385, -0.2514382, , , , , , , 22.1815385, -0.0008392, , , , , , , , , , , , , , , , , , , , , , , , , , , , 
22.1820577, 0.0078889, , , , , , , 22.1820577, -0.0095674, , , , , , , 22.1820577, -0.2996109, , , , , , , 22.1820577, -0.0043641, , , , , , , , , , , , , , , , , , , , , , , , , , , , 
22.1825769, 0.0216526, , , , , , , 22.1825769, -0.0031891, , , , , , , 22.1825769, -0.3637293, , , , , , , 22.1825769, -0.0058747, , , , , , , , , , , , , , , , , , , , , , , , , , , , 
22.1830962, 0.0270237, , , , , , , 22.1830962, 0.0001678, , , , , , , 22.1830962, -0.4134127, , , , , , , 22.1830962, -0.0048676, , , , , , , , , , , , , , , , , , , , , , , , , , , , 
22.1836154, 0.0318914, , , , , , , 22.1836154, 0.0124208, , , , , , , 22.1836154, -0.4117342, , , , , , , 22.1836154, -0.0005035, , , , , , , , , , , , , , , , , , , , , , , , , , , , 
22.1841346, 0.0370947, , , , , , , 22.1841346, 0.0275273, , , , , , , 22.1841346, -0.3605402, , , , , , , 22.1841346, 0.0065461, , , , , , , , , , , , , , , , , , , , , , , , , , , , 
22.1846538, 0.0394446, , , , , , , 22.1846538, 0.0337377, , , , , , , 22.1846538, -0.2855116, , , , , , , 22.1846538, 0.0139315, , , , , , , , , , , , , , , , , , , , , , , , , , , , 
22.1851731, 0.0424659, , , , , , , 22.1851731, 0.0317235, , , , , , , 22.1851731, -0.2069581, , , , , , , 22.1851731, 0.01561, , , , , , , , , , , , , , , , , , , , , , , , , , , , 
22.1856923, 0.043473, , , , , , , 22.1856923, 0.0323949, , , , , , , 22.1856923, -0.1399863, , , , , , , 22.1856923, 0.0129244, , , , , , , , , , , , , , , , , , , , , , , , , , , , 
22.1862115, 0.0428016, , , , , , , 22.1862115, 0.0381018, , , , , , , 22.1862115, -0.0960098, , , , , , , 22.1862115, 0.0105745, , , , , , , , , , , , , , , , , , , , , , , , , , , , 
22.1867308, 0.0451514, , , , , , , 22.1867308, 0.0407874, , , , , , , 22.1867308, -0.0663005, , , , , , , 22.1867308, 0.0072175, , , , , , , , , , , , , , , , , , , , , , , , , , , , 
22.18725, 0.0454871, , , , , , , 22.18725, 0.0332341, , , , , , , 22.18725, -0.0391089, , , , , , , 22.18725, 0.0045319, , , , , , , , , , , , , , , , , , , , , , , , , , , , 
22.1877692, 0.0471656, , , , , , , 22.1877692, 0.0182956, , , , , , , 22.1877692, -0.008896, , , , , , , 22.1877692, 0.0052033, , , , , , , , , , , , , , , , , , , , , , , , , , , , 
22.1882885, 0.0481727, , , , , , , 22.1882885, 0.002182, , , , , , , 22.1882885, 0.0219883, , , , , , , 22.1882885, 0.0092317, , , , , , , , , , , , , , , , , , , , , , , , , , , , 
22.1888077, 0.047837, , , , , , , 22.1888077, -0.0058747, , , , , , , 22.1888077, 0.0464942, , , , , , , 22.1888077, 0.0125887, , , , , , , , , , , , , , , , , , , , , , , , , , , , 
22.1893269, 0.0569009, , , , , , , 22.1893269, -0.0001678, , , , , , , 22.1893269, 0.0629435, , , , , , , 22.1893269, 0.0135958, , , , , , , , , , , , , , , , , , , , , , , , , , , , 
22.1898462, 0.0669718, , , , , , , 22.1898462, 0.0186313, , , , , , , 22.1898462, 0.0802319, , , , , , , 22.1898462, 0.0115816, , , , , , , , , , , , , , , , , , , , , , , , , , , , 
22.1903654, 0.0715038, , , , , , , 22.1903654, 0.0327306, , , , , , , 22.1903654, 0.0978561, , , , , , , 22.1903654, 0.0065461, , , , , , , , , , , , , , , , , , , , , , , , , , , , 
22.1908846, 0.0730144, , , , , , , 22.1908846, 0.0320592, , , , , , , 22.1908846, 0.1089342, , , , , , , 22.1908846, 0.0062104, , , , , , , , , , , , , , , , , , , , , , , , , , , , 
22.1914038, 0.0706645, , , , , , , 22.1914038, 0.017792, , , , , , , 22.1914038, 0.1153124, , , , , , , 22.1914038, 0.0114137, , , , , , , , , , , , , , , , , , , , , , , , , , , , 
22.1919231, 0.0616007, , , , , , , 22.1919231, -0.0092317, , , , , , , 22.1919231, 0.1200122, , , , , , , 22.1919231, 0.0135958, , , , , , , , , , , , , , , , , , , , , , , , , , , , 
22.1924423, 0.0468299, , , , , , , 22.1924423, -0.033402, , , , , , , 22.1924423, 0.1216907, , , , , , , 22.1924423, 0.0102388, , , , , , , , , , , , , , , , , , , , , , , , , , , , 
22.1929615, 0.0332341, , , , , , , 22.1929615, -0.0297093, , , , , , , 22.1929615, 0.1200122, , , , , , , 22.1929615, 0.0052033, , , , , , , , , , , , , , , , , , , , , , , , , , , , 
22.1934808, 0.0224918, , , , , , , 22.1934808, -0.0112459, , , , , , , 22.1934808, 0.1173266, , , , , , , 22.1934808, 0.0011749, , , , , , , , , , , , , , , , , , , , , , , , , , , , 
22.194, 0.0146029, , , , , , , 22.194, -0.0119173, , , , , , , 22.194, 0.1117876, , , , , , , 22.194, 0.0025177, , , , , , , , , , , , , , , , , , , , , , , , , , , , 
22.1945192, 0.0052033, , , , , , , 22.1945192, -0.0441444, , , , , , , 22.1945192, 0.0971847, , , , , , , 22.1945192, 0.0085603, , , , , , , , , , , , , , , , , , , , , , , , , , , , 
22.1950385, -0.0082246, , , , , , , 22.1950385, -0.0775463, , , , , , , 22.1950385, 0.0726787, , , , , , , 22.1950385, 0.0172885, , , , , , , , , , , , , , , , , , , , , , , , , , , , 
22.1955577, -0.018967, , , , , , , 22.1955577, -0.0827497, , , , , , , 22.1955577, 0.0448157, , , , , , , 22.1955577, 0.0265202, , , , , , , , , , , , , , , , , , , , , , , , , , , , 
22.1960769, -0.0283665, , , , , , , 22.1960769, -0.070161, , , , , , , 22.1960769, 0.0250095, , , , , , , 22.1960769, 0.0347448, , , , , , , , , , , , , , , , , , , , , , , , , , , , 
22.1965962, -0.0357519, , , , , , , 22.1965962, -0.0589151, , , , , , , 22.1965962, 0.0152743, , , , , , , 22.1965962, 0.0381018, , , , , , , , , , , , , , , , , , , , , , , , , , , , 
22.1971154, -0.0417945, , , , , , , 22.1971154, -0.0562295, , , , , , , 22.1971154, 0.012253, , , , , , , 22.1971154, 0.0340734, , , , , , , , , , , , , , , , , , , , , , , , , , , , 
22.1976346, -0.0458228, , , , , , , 22.1976346, -0.0572366, , , , , , , 22.1976346, 0.0072175, , , , , , , 22.1976346, 0.0318914, , , , , , , , , , , , , , , , , , , , , , , , , , , , 
22.1981538, -0.0493477, , , , , , , 22.1981538, -0.0461585, , , , , , , 22.1981538, -0.0028534, , , , , , , 22.1981538, 0.0347448, , , , , , , , , , , , , , , , , , , , , , , , , , , , 
22.1986731, -0.0491798, , , , , , , 22.1986731, -0.0125887, , , , , , , 22.1986731, -0.0166171, , , , , , , 22.1986731, 0.0386053, , , , , , , , , , , , , , , , , , , , , , , , , , , , 
22.1991923, -0.0459907, , , , , , , 22.1991923, 0.0256809, , , , , , , 22.1991923, -0.0219883, , , , , , , 22.1991923, 0.0441444, , , , , , , , , , , , , , , , , , , , , , , , , , , , 
22.1997115, -0.0350805, , , , , , , 22.1997115, 0.0458228, , , , , , , 22.1997115, -0.0041962, , , , , , , 22.1997115, 0.0488441, , , , , , , , , , , , , , , , , , , , , , , , , , , , 
22.2002308, -0.0194705, , , , , , , 22.2002308, 0.0555581, , , , , , , 22.2002308, 0.0271916, , , , , , , 22.2002308, 0.0428016, , , , , , , , , , , , , , , , , , , , , , , , , , , , 
22.20075, -0.0095674, , , , , , , 22.20075, 0.0614328, , , , , , , 22.20075, 0.0535439, , , , , , , 22.20075, 0.0271916, , , , , , , , , , , , , , , , , , , , , , , , , , , , 
22.2012692, -0.0008392, , , , , , , 22.2012692, 0.0480049, , , , , , , 22.2012692, 0.068986, , , , , , , 22.2012692, 0.0112459, , , , , , , , , , , , , , , , , , , , , , , , , , , , 
22.2017885, 0.0092317, , , , , , , 22.2017885, 0.0209812, , , , , , , 22.2017885, 0.0741894, , , , , , , 22.2017885, 0.002182, , , , , , , , , , , , , , , , , , , , , , , , , , , , 
22.2023077, 0.0146029, , , , , , , 22.2023077, 0.0031891, , , , , , , 22.2023077, 0.0777142, , , , , , , 22.2023077, -0.0015106, , , , , , , , , , , , , , , , , , , , , , , , , , , , 
22.2028269, 0.0196384, , , , , , , 22.2028269, 0.0058747, , , , , , , 22.2028269, 0.0822461, , , , , , , 22.2028269, -0.0041962, , , , , , , , , , , , , , , , , , , , , , , , , , , , 
22.2033462, 0.0236667, , , , , , , 22.2033462, 0.0199741, , , , , , , 22.2033462, 0.0809033, , , , , , , 22.2033462, -0.0068818, , , , , , , , , , , , , , , , , , , , , , , , , , , , 
22.2038654, 0.0253452, , , , , , , 22.2038654, 0.0344091, , , , , , , 22.2038654, 0.0676432, , , , , , , 22.2038654, -0.0102388, , , , , , , , , , , , , , , , , , , , , , , , , , , , 
22.2043846, 0.0276951, , , , , , , 22.2043846, 0.043473, , , , , , , 22.2043846, 0.0464942, , , , , , , 22.2043846, -0.0130922, , , , , , , , , , , , , , , , , , , , , , , , , , , , 
22.2049038, 0.0303807, , , , , , , 22.2049038, 0.0515297, , , , , , , 22.2049038, 0.0204776, , , , , , , 22.2049038, -0.0130922, , , , , , , , , , , , , , , , , , , , , , , , , , , , 
22.2054231, 0.0290379, , , , , , , 22.2054231, 0.0636149, , , , , , , 22.2054231, -0.0010071, , , , , , , 22.2054231, -0.0068818, , , , , , , , , , , , , , , , , , , , , , , , , , , , 
22.2059423, 0.026688, , , , , , , 22.2059423, 0.0829175, , , , , , , 22.2059423, -0.0129244, , , , , , , 22.2059423, 0.0008392, , , , , , , , , , , , , , , , , , , , , , , , , , , , 
22.2064615, 0.0307164, , , , , , , 22.2064615, 0.1109483, , , , , , , 22.2064615, -0.0179599, , , , , , , 22.2064615, 0.0043641, , , , , , , , , , , , , , , , , , , , , , , , , , , , 
22.2069808, 0.0374304, , , , , , , 22.2069808, 0.1300832, , , , , , , 22.2069808, -0.0152743, , , , , , , 22.2069808, 0.0025177, , , , , , , , , , , , , , , , , , , , , , , , , , , , 
22.2075, 0.0414588, , , , , , , 22.2075, 0.1132982, , , , , , , 22.2075, -0.0082246, , , , , , , 22.2075, -0.0011749, , , , , , , , , , , , , , , , , , , , , , , , , , , , 
22.2080192, 0.0448157, , , , , , , 22.2080192, 0.0557259, , , , , , , 22.2080192, -0.008896, , , , , , , 22.2080192, -0.002182, , , , , , , , , , , , , , , , , , , , , , , , , , , , 
22.2085385, 0.0491798, , , , , , , 22.2085385, -0.005539, , , , , , , 22.2085385, -0.0198062, , , , , , , 22.2085385, -0.0028534, , , , , , , , , , , , , , , , , , , , , , , , , , , , 
22.2090577, 0.0558938, , , , , , , 22.2090577, -0.0525368, , , , , , , 22.2090577, -0.0350805, , , , , , , 22.2090577, -0.0068818, , , , , , , , , , , , , , , , , , , , , , , , , , , , 
22.2095769, 0.0715038, , , , , , , 22.2095769, -0.0850996, , , , , , , 22.2095769, -0.0431373, , , , , , , 22.2095769, -0.0109102, , , , , , , , , , , , , , , , , , , , , , , , , , , , 
22.2100962, 0.0877852, , , , , , , 22.2100962, -0.0975204, , , , , , , 22.2100962, -0.0446479, , , , , , , 22.2100962, -0.0119173, , , , , , , , , , , , , , , , , , , , , , , , , , , , 
22.2106154, 0.0978561, , , , , , , 22.2106154, -0.0924849, , , , , , , 22.2106154, -0.0394446, , , , , , , 22.2106154, -0.0109102, , , , , , , , , , , , , , , , , , , , , , , , , , , , 
22.2111346, 0.0991989, , , , , , , 22.2111346, -0.0720073, , , , , , , 22.2111346, -0.0317235, , , , , , , 22.2111346, -0.0097353, , , , , , , , , , , , , , , , , , , , , , , , , , , , 
22.2116538, 0.0944991, , , , , , , 22.2116538, -0.0471656, , , , , , , 22.2116538, -0.0280308, , , , , , , 22.2116538, -0.0097353, , , , , , , , , , , , , , , , , , , , , , , , , , , , 
22.2121731, 0.0889601, , , , , , , 22.2121731, -0.0433051, , , , , , , 22.2121731, -0.040116, , , , , , , 22.2121731, -0.0115816, , , , , , , , , , , , , , , , , , , , , , , , , , , , 
22.2126923, 0.0807355, , , , , , , 22.2126923, -0.064622, , , , , , , 22.2126923, -0.0592508, , , , , , , 22.2126923, -0.0102388, , , , , , , , , , , , , , , , , , , , , , , , , , , , 
22.2132115, 0.0622721, , , , , , , 22.2132115, -0.0800641, , , , , , , 22.2132115, -0.0676432, , , , , , , 22.2132115, -0.002182, , , , , , , , , , , , , , , , , , , , , , , , , , , , 
22.2137308, 0.0417945, , , , , , , 22.2137308, -0.0673075, , , , , , , 22.2137308, -0.0659648, , , , , , , 22.2137308, 0.0115816, , , , , , , , , , , , , , , , , , , , , , , , , , , , 
22.21425, 0.0250095, , , , , , , 22.21425, -0.0246738, , , , , , , 22.21425, -0.063447, , , , , , , 22.21425, 0.0290379, , , , , , , , , , , , , , , , , , , , , , , , , , , , 
22.2147692, 0.0166171, , , , , , , 22.2147692, 0.0216526, , , , , , , 22.2147692, -0.0713359, , , , , , , 22.2147692, 0.0417945, , , , , , , , , , , , , , , , , , , , , , , , , , , , 
22.2152885, 0.0072175, , , , , , , 22.2152885, 0.0495155, , , , , , , 22.2152885, -0.0897993, , , , , , , 22.2152885, 0.0468299, , , , , , , , , , , , , , , , , , , , , , , , , , , , 
22.2158077, -0.0119173, , , , , , , 22.2158077, 0.0481727, , , , , , , 22.2158077, -0.1099413, , , , , , , 22.2158077, 0.0580758, , , , , , , , , , , , , , , , , , , , , , , , , , , , 
22.2163269, -0.0303807, , , , , , , 22.2163269, 0.0172885, , , , , , , 22.2163269, -0.1089342, , , , , , , 22.2163269, 0.0777142, , , , , , , , , , , , , , , , , , , , , , , , , , , , 
22.2168462, -0.0433051, , , , , , , 22.2168462, -0.0216526, , , , , , , 22.2168462, -0.0713359, , , , , , , 22.2168462, 0.0929885, , , , , , , , , , , , , , , , , , , , , , , , , , , , 
22.2173654, -0.0525368, , , , , , , 22.2173654, -0.0454871, , , , , , , 22.2173654, -0.012253, , , , , , , 22.2173654, 0.0944991, , , , , , , , , , , , , , , , , , , , , , , , , , , , 
22.2178846, -0.061265, , , , , , , 22.2178846, -0.0562295, , , , , , , 22.2178846, 0.0485084, , , , , , , 22.2178846, 0.0849317, , , , , , , , , , , , , , , , , , , , , , , , , , , , 
22.2184038, -0.0716716, , , , , , , 22.2184038, -0.056733, , , , , , , 22.2184038, 0.0882887, , , , , , , 22.2184038, 0.0663005, , , , , , , , , , , , , , , , , , , , , , , , , , , , 
22.2189231, -0.0800641, , , , , , , 22.2189231, -0.047837, , , , , , , 22.2189231, 0.109102, , , , , , , 22.2189231, 0.0466621, , , , , , , , , , , , , , , , , , , , , , , , , , , , 
22.2194423, -0.0803998, , , , , , , 22.2194423, -0.0365911, , , , , , , 22.2194423, 0.1226978, , , , , , , 22.2194423, 0.0285344, , , , , , , , , , , , , , , , , , , , , , , , , , , , 
22.2199615, -0.0736858, , , , , , , 22.2199615, -0.0285344, , , , , , , 22.2199615, 0.1282368, , , , , , , 22.2199615, 0.0125887, , , , , , , , , , , , , , , , , , , , , , , , , , , , 
22.2204808, -0.0666361, , , , , , , 22.2204808, -0.0337377, , , , , , , 22.2204808, 0.1240406, , , , , , , 22.2204808, 0.0011749, , , , , , , , , , , , , , , , , , , , , , , , , , , , 
22.221, -0.0585794, , , , , , , 22.221, -0.0488441, , , , , , , 22.221, 0.1082628, , , , , , , 22.221, -0.0075532, , , , , , , , , , , , , , , , , , , , , , , , , , , , 
22.2215192, -0.047837, , , , , , , 22.2215192, -0.0619364, , , , , , , 22.2215192, 0.0810712, , , , , , , 22.2215192, -0.0135958, , , , , , , , , , , , , , , , , , , , , , , , , , , , 
22.2220385, -0.0350805, , , , , , , 22.2220385, -0.0647898, , , , , , , 22.2220385, 0.0466621, , , , , , , 22.2220385, -0.01561, , , , , , , , , , , , , , , , , , , , , , , , , , , , 
22.2225577, -0.0213169, , , , , , , 22.2225577, -0.0569009, , , , , , , 22.2225577, 0.0105745, , , , , , , 22.2225577, -0.01561, , , , , , , , , , , , , , , , , , , , , , , , , , , , 
22.2230769, -0.0083925, , , , , , , 22.2230769, -0.036759, , , , , , , 22.2230769, -0.0216526, , , , , , , 22.2230769, -0.0161135, , , , , , , , , , , , , , , , , , , , , , , , , , , , 
22.2235962, 0.0010071, , , , , , , 22.2235962, -0.0127565, , , , , , , 22.2235962, -0.0552224, , , , , , , 22.2235962, -0.0142672, , , , , , , , , , , , , , , , , , , , , , , , , , , , 
22.2241154, 0.0085603, , , , , , , 22.2241154, 0.0159457, , , , , , , 22.2241154, -0.0882887, , , , , , , 22.2241154, -0.0115816, , , , , , , , , , , , , , , , , , , , , , , , , , , , 
22.2246346, 0.01561, , , , , , , 22.2246346, 0.0528725, , , , , , , 22.2246346, -0.1092699, , , , , , , 22.2246346, -0.0102388, , , , , , , , , , , , , , , , , , , , , , , , , , , , 
22.2251538, 0.0213169, , , , , , , 22.2251538, 0.0787213, , , , , , , 22.2251538, -0.1205158, , , , , , , 22.2251538, -0.0068818, , , , , , , , , , , , , , , , , , , , , , , , , , , , 
22.2256731, 0.0261845, , , , , , , 22.2256731, 0.0716716, , , , , , , 22.2256731, -0.1384756, , , , , , , 22.2256731, -0.0025177, , , , , , , , , , , , , , , , , , , , , , , , , , , , 
22.2261923, 0.0276951, , , , , , , 22.2261923, 0.0461585, , , , , , , 22.2261923, -0.1700313, , , , , , , 22.2261923, -0.0015106, , , , , , , , , , , , , , , , , , , , , , , , , , , , 
22.2267115, 0.0260166, , , , , , , 22.2267115, 0.0265202, , , , , , , 22.2267115, -0.1943694, , , , , , , 22.2267115, 0.0001678, , , , , , , , , , , , , , , , , , , , , , , , , , , , 
22.2272308, 0.0248417, , , , , , , 22.2272308, 0.0124208, , , , , , , 22.2272308, -0.1908446, , , , , , , 22.2272308, 0.0041962, , , , , , , , , , , , , , , , , , , , , , , , , , , , 
22.22775, 0.0203098, , , , , , , 22.22775, -0.0043641, , , , , , , 22.22775, -0.1639887, , , , , , , 22.22775, 0.0078889, , , , , , , , , , , , , , , , , , , , , , , , , , , , 
22.2282692, 0.0196384, , , , , , , 22.2282692, -0.012253, , , , , , , 22.2282692, -0.1319295, , , , , , , 22.2282692, 0.0062104, , , , , , , , , , , , , , , , , , , , , , , , , , , , 
22.2287885, 0.0271916, , , , , , , 22.2287885, -0.0008392, , , , , , , 22.2287885, -0.1055772, , , , , , , 22.2287885, 0.0008392, , , , , , , , , , , , , , , , , , , , , , , , , , , , 
22.2293077, 0.033402, , , , , , , 22.2293077, 0.0139315, , , , , , , 22.2293077, -0.0820783, , , , , , , 22.2293077, -0.002182, , , , , , , , , , , , , , , , , , , , , , , , , , , , 
22.2298269, 0.0394446, , , , , , , 22.2298269, 0.0132601, , , , , , , 22.2298269, -0.0639506, , , , , , , 22.2298269, -0.002182, , , , , , , , , , , , , , , , , , , , , , , , , , , , 
22.2303462, 0.0428016, , , , , , , 22.2303462, 0.0015106, , , , , , , 22.2303462, -0.0453193, , , , , , , 22.2303462, -0.0011749, , , , , , , , , , , , , , , , , , , , , , , , , , , , 
22.2308654, 0.0448157, , , , , , , 22.2308654, -0.018967, , , , , , , 22.2308654, -0.0236667, , , , , , , 22.2308654, -0.0015106, , , , , , , , , , , , , , , , , , , , , , , , , , , , 
22.2313846, 0.0495155, , , , , , , 22.2313846, -0.0387732, , , , , , , 22.2313846, -0.0045319, , , , , , , 22.2313846, -0.0048676, , , , , , , , , , , , , , , , , , , , , , , , , , , , 
22.2319038, 0.0552224, , , , , , , 22.2319038, -0.0448157, , , , , , , 22.2319038, 0.0092317, , , , , , , 22.2319038, -0.0068818, , , , , , , , , , , , , , , , , , , , , , , , , , , , 
22.2324231, 0.0599222, , , , , , , 22.2324231, -0.04448, , , , , , , 22.2324231, 0.0199741, , , , , , , 22.2324231, -0.0045319, , , , , , , , , , , , , , , , , , , , , , , , , , , , 
22.2329423, 0.0632792, , , , , , , 22.2329423, -0.0525368, , , , , , , 22.2329423, 0.0327306, , , , , , , 22.2329423, -0.0035248, , , , , , , , , , , , , , , , , , , , , , , , , , , , 
22.2334615, 0.0587472, , , , , , , 22.2334615, -0.0592508, , , , , , , 22.2334615, 0.0491798, , , , , , , 22.2334615, -0.0035248, , , , , , , , , , , , , , , , , , , , , , , , , , , , 
22.2339808, 0.0471656, , , , , , , 22.2339808, -0.0500191, , , , , , , 22.2339808, 0.0663005, , , , , , , 22.2339808, -0.0028534, , , , , , , , , , , , , , , , , , , , , , , , , , , , 
22.2345, 0.040116, , , , , , , 22.2345, -0.0317235, , , , , , , 22.2345, 0.0793927, , , , , , , 22.2345, -0.0001678, , , , , , , , , , , , , , , , , , , , , , , , , , , , 
22.2350192, 0.0394446, , , , , , , 22.2350192, -0.0206455, , , , , , , 22.2350192, 0.0871138, , , , , , , 22.2350192, 0.0045319, , , , , , , , , , , , , , , , , , , , , , , , , , , , 
22.2355385, 0.0360876, , , , , , , 22.2355385, -0.0139315, , , , , , , 22.2355385, 0.0891279, , , , , , , 22.2355385, 0.012253, , , , , , , , , , , , , , , , , , , , , , , , , , , , 
22.2360577, 0.023331, , , , , , , 22.2360577, -0.0063783, , , , , , , 22.2360577, 0.0938277, , , , , , , 22.2360577, 0.0206455, , , , , , , , , , , , , , , , , , , , , , , , , , , , 
22.2365769, 0.0077211, , , , , , , 22.2365769, -0.0102388, , , , , , , 22.2365769, 0.1121233, , , , , , , 22.2365769, 0.027863, , , , , , , , , , , , , , , , , , , , , , , , , , , , 
22.2370962, 0.0003357, , , , , , , 22.2370962, -0.0206455, , , , , , , 22.2370962, 0.1361257, , , , , , , 22.2370962, 0.0387732, , , , , , , , , , , , , , , , , , , , , , , , , , , , 
22.2376154, -0.003357, , , , , , , 22.2376154, -0.0209812, , , , , , , 22.2376154, 0.1515679, , , , , , , 22.2376154, 0.0481727, , , , , , , , , , , , , , , , , , , , , , , , , , , , 
22.2381346, -0.0095674, , , , , , , 22.2381346, -0.0018463, , , , , , , 22.2381346, 0.152575, , , , , , , 22.2381346, 0.0532082, , , , , , , , , , , , , , , , , , , , , , , , , , , , 
22.2386538, -0.0149386, , , , , , , 22.2386538, 0.023331, , , , , , , 22.2386538, 0.1435111, , , , , , , 22.2386538, 0.0542153, , , , , , , , , , , , , , , , , , , , , , , , , , , , 
22.2391731, -0.0162814, , , , , , , 22.2391731, 0.0426337, , , , , , , 22.2391731, 0.1304189, , , , , , , 22.2391731, 0.0528725, , , , , , , , , , , , , , , , , , , , , , , , , , , , 
22.2396923, -0.0135958, , , , , , , 22.2396923, 0.0508583, , , , , , , 22.2396923, 0.1176623, , , , , , , 22.2396923, 0.0506905, , , , , , , , , , , , , , , , , , , , , , , , , , , , 
22.2402115, -0.0068818, , , , , , , 22.2402115, 0.0461585, , , , , , , 22.2402115, 0.1085985, , , , , , , 22.2402115, 0.0491798, , , , , , , , , , , , , , , , , , , , , , , , , , , , 
22.2407308, -0.002182, , , , , , , 22.2407308, 0.0364233, , , , , , , 22.2407308, 0.1059129, , , , , , , 22.2407308, 0.0501869, , , , , , , , , , , , , , , , , , , , , , , , , , , , 
22.24125, -0.0010071, , , , , , , 22.24125, 0.0280308, , , , , , , 22.24125, 0.1027237, , , , , , , 22.24125, 0.0496834, , , , , , , , , , , , , , , , , , , , , , , , , , , , 
22.2417692, 0.0025177, , , , , , , 22.2417692, 0.0246738, , , , , , , 22.2417692, 0.0894636, , , , , , , 22.2417692, 0.0433051, , , , , , , , , , , , , , , , , , , , , , , , , , , , 
22.2422885, 0.0058747, , , , , , , 22.2422885, 0.0159457, , , , , , , 22.2422885, 0.0572366, , , , , , , 22.2422885, 0.0330663, , , , , , , , , , , , , , , , , , , , , , , , , , , , 
22.2428077, 0.0023499, , , , , , , 22.2428077, -0.0102388, , , , , , , 22.2428077, 0.0025177, , , , , , , 22.2428077, 0.0226596, , , , , , , , , , , , , , , , , , , , , , , , , , , , 
22.2433269, -0.0041962, , , , , , , 22.2433269, -0.0317235, , , , , , , 22.2433269, -0.0652934, , , , , , , 22.2433269, 0.0130922, , , , , , , , , , , , , , , , , , , , , , , , , , , , 
22.2438462, -0.0068818, , , , , , , 22.2438462, -0.0243381, , , , , , , 22.2438462, -0.1310903, , , , , , , 22.2438462, 0.0065461, , , , , , , , , , , , , , , , , , , , , , , , , , , , 
22.2443654, -0.0068818, , , , , , , 22.2443654, 0.0038605, , , , , , , 22.2443654, -0.1854734, , , , , , , 22.2443654, 0.0025177, , , , , , , , , , , , , , , , , , , , , , , , , , , , 
22.2448846, -0.0057069, , , , , , , 22.2448846, 0.0213169, , , , , , , 22.2448846, -0.2358282, , , , , , , 22.2448846, -0.0031891, , , , , , , , , , , , , , , , , , , , , , , , , , , , 
22.2454038, -0.0038605, , , , , , , 22.2454038, 0.0149386, , , , , , , 22.2454038, -0.2949111, , , , , , , 22.2454038, -0.0082246, , , , , , , , , , , , , , , , , , , , , , , , , , , , 
22.2459231, -0.0025177, , , , , , , 22.2459231, 0.0025177, , , , , , , 22.2459231, -0.3415732, , , , , , , 22.2459231, -0.0095674, , , , , , , , , , , , , , , , , , , , , , , , , , , , 
22.2464423, -0.002182, , , , , , , 22.2464423, 0.0030213, , , , , , , 22.2464423, -0.3479515, , , , , , , 22.2464423, -0.005539, , , , , , , , , , , , , , , , , , , , , , , , , , , , 
22.2469615, -0.0011749, , , , , , , 22.2469615, 0.0102388, , , , , , , 22.2469615, -0.311696, , , , , , , 22.2469615, -0.0001678, , , , , , , , , , , , , , , , , , , , , , , , , , , , 
22.2474808, 0.0001678, , , , , , , 22.2474808, -0.002182, , , , , , , 22.2474808, -0.2499275, , , , , , , 22.2474808, 0.0036927, , , , , , , , , , , , , , , , , , , , , , , , , , , , 
22.248, 0.0031891, , , , , , , 22.248, -0.0337377, , , , , , , 22.248, -0.1797665, , , , , , , 22.248, 0.0062104, , , , , , , , , , , , , , , , , , , , , , , , , , , , 
22.2485192, 0.0092317, , , , , , , 22.2485192, -0.0605936, , , , , , , 22.2485192, -0.1132982, , , , , , , 22.2485192, 0.0078889, , , , , , , , , , , , , , , , , , , , , , , , , , , , 
22.2490385, 0.0226596, , , , , , , 22.2490385, -0.0659648, , , , , , , 22.2490385, -0.0589151, , , , , , , 22.2490385, 0.0041962, , , , , , , , , , , , , , , , , , , , , , , , , , , , 
22.2495577, 0.0438087, , , , , , , 22.2495577, -0.0585794, , , , , , , 22.2495577, -0.0204776, , , , , , , 22.2495577, -0.0046998, , , , , , , , , , , , , , , , , , , , , , , , , , , , 
22.2500769, 0.0619364, , , , , , , 22.2500769, -0.0532082, , , , , , , 22.2500769, 0.0041962, , , , , , , 22.2500769, -0.0127565, , , , , , , , , , , , , , , , , , , , , , , , , , , , 
22.2505962, 0.0750286, , , , , , , 22.2505962, -0.0451514, , , , , , , 22.2505962, 0.0203098, , , , , , , 22.2505962, -0.017792, , , , , , , , , , , , , , , , , , , , , , , , , , , , 
22.2511154, 0.0817426, , , , , , , 22.2511154, -0.0270237, , , , , , , 22.2511154, 0.0317235, , , , , , , 22.2511154, -0.0196384, , , , , , , , , , , , , , , , , , , , , , , , , , , , 
22.2516346, 0.0817426, , , , , , , 22.2516346, -0.0035248, , , , , , , 22.2516346, 0.0428016, , , , , , , 22.2516346, -0.0219883, , , , , , , , , , , , , , , , , , , , , , , , , , , , 
22.2521538, 0.0797284, , , , , , , 22.2521538, 0.0119173, , , , , , , 22.2521538, 0.0533761, , , , , , , 22.2521538, -0.0229953, , , , , , , , , , , , , , , , , , , , , , , , , , , , 
22.2526731, 0.0763714, , , , , , , 22.2526731, 0.0142672, , , , , , , 22.2526731, 0.0629435, , , , , , , 22.2526731, -0.0216526, , , , , , , , , , , , , , , , , , , , , , , , , , , , 
22.2531923, 0.0666361, , , , , , , 22.2531923, 0.0095674, , , , , , , 22.2531923, 0.0746929, , , , , , , 22.2531923, -0.0169528, , , , , , , , , , , , , , , , , , , , , , , , , , , , 
22.2537115, 0.054551, , , , , , , 22.2537115, 0.0070497, , , , , , , 22.2537115, 0.0881209, , , , , , , 22.2537115, -0.0159457, , , , , , , , , , , , , , , , , , , , , , , , , , , , 
22.2542308, 0.0426337, , , , , , , 22.2542308, 0.0099031, , , , , , , 22.2542308, 0.1052415, , , , , , , 22.2542308, -0.0172885, , , , , , , , , , , , , , , , , , , , , , , , , , , , 
22.25475, 0.033402, , , , , , , 22.25475, 0.0140993, , , , , , , 22.25475, 0.128069, , , , , , , 22.25475, -0.0159457, , , , , , , , , , , , , , , , , , , , , , , , , , , , 
22.2552692, 0.0234989, , , , , , , 22.2552692, 0.0149386, , , , , , , 22.2552692, 0.1500572, , , , , , , 22.2552692, -0.0109102, , , , , , , , , , , , , , , , , , , , , , , , , , , , 
22.2557885, 0.0139315, , , , , , , 22.2557885, 0.014435, , , , , , , 22.2557885, 0.1676814, , , , , , , 22.2557885, -0.0031891, , , , , , , , , , , , , , , , , , , , , , , , , , , , 
22.2563077, -0.0031891, , , , , , , 22.2563077, 0.0115816, , , , , , , 22.2563077, 0.1831235, , , , , , , 22.2563077, 0.0058747, , , , , , , , , , , , , , , , , , , , , , , , , , , , 
22.2568269, -0.017792, , , , , , , 22.2568269, 0.0083925, , , , , , , 22.2568269, 0.1958801, , , , , , , 22.2568269, 0.0129244, , , , , , , , , , , , , , , , , , , , , , , , , , , , 
22.2573462, -0.0260166, , , , , , , 22.2573462, 0.008896, , , , , , , 22.2573462, 0.2052796, , , , , , , 22.2573462, 0.0184634, , , , , , , , , , , , , , , , , , , , , , , , , , , , 
22.2578654, -0.0330663, , , , , , , 22.2578654, 0.011078, , , , , , , 22.2578654, 0.2079652, , , , , , , 22.2578654, 0.0219883, , , , , , , , , , , , , , , , , , , , , , , , , , , , 
22.2583846, -0.0370947, , , , , , , 22.2583846, 0.0090639, , , , , , , 22.2583846, 0.1957122, , , , , , , 22.2583846, 0.0204776, , , , , , , , , , , , , , , , , , , , , , , , , , , , 
22.2589038, -0.0370947, , , , , , , 22.2589038, 0.0052033, , , , , , , 22.2589038, 0.1700313, , , , , , , 22.2589038, 0.0146029, , , , , , , , , , , , , , , , , , , , , , , , , , , , 
22.2594231, -0.0297093, , , , , , , 22.2594231, 0.0072175, , , , , , , 22.2594231, 0.139147, , , , , , , 22.2594231, 0.0120851, , , , , , , , , , , , , , , , , , , , , , , , , , , , 
22.2599423, -0.0186313, , , , , , , 22.2599423, 0.0172885, , , , , , , 22.2599423, 0.0951705, , , , , , , 22.2599423, 0.0139315, , , , , , , , , , , , , , , , , , , , , , , , , , , , 
22.2604615, -0.0102388, , , , , , , 22.2604615, 0.0287022, , , , , , , 22.2604615, 0.0263523, , , , , , , 22.2604615, 0.017792, , , , , , , , , , , , , , , , , , , , , , , , , , , , 
22.2609808, -0.0031891, , , , , , , 22.2609808, 0.0332341, , , , , , , 22.2609808, -0.0585794, , , , , , , 22.2609808, 0.0219883, , , , , , , , , , , , , , , , , , , , , , , , , , , , 
22.2615, 0.0018463, , , , , , , 22.2615, 0.0303807, , , , , , , 22.2615, -0.1361257, , , , , , , 22.2615, 0.0271916, , , , , , , , , , , , , , , , , , , , , , , , , , , , 
22.2620192, 0.0045319, , , , , , , 22.2620192, 0.0194705, , , , , , , 22.2620192, -0.1940337, , , , , , , 22.2620192, 0.0305486, , , , , , , , , , , , , , , , , , , , , , , , , , , , 
22.2625385, 0.0095674, , , , , , , 22.2625385, 0.0109102, , , , , , , 22.2625385, -0.2264286, , , , , , , 22.2625385, 0.0327306, , , , , , , , , , , , , , , , , , , , , , , , , , , , 
22.2630577, 0.014435, , , , , , , 22.2630577, 0.0166171, , , , , , , 22.2630577, -0.2418708, , , , , , , 22.2630577, 0.0360876, , , , , , , , , , , , , , , , , , , , , , , , , , , , 
22.2635769, 0.0169528, , , , , , , 22.2635769, 0.0438087, , , , , , , 22.2635769, -0.2569772, , , , , , , 22.2635769, 0.040116, , , , , , , , , , , , , , , , , , , , , , , , , , , , 
22.2640962, 0.0226596, , , , , , , 22.2640962, 0.0775463, , , , , , , 22.2640962, -0.269398, , , , , , , 22.2640962, 0.0439765, , , , , , , , , , , , , , , , , , , , , , , , , , , , 
22.2646154, 0.0317235, , , , , , , 22.2646154, 0.1064164, , , , , , , 22.2646154, -0.2519417, , , , , , , 22.2646154, 0.0468299, , , , , , , , , , , , , , , , , , , , , , , , , , , , 
22.2651346, 0.0394446, , , , , , , 22.2651346, 0.1324331, , , , , , , 22.2651346, -0.2019226, , , , , , , 22.2651346, 0.0458228, , , , , , , , , , , , , , , , , , , , , , , , , , , , 
22.2656538, 0.0464942, , , , , , , 22.2656538, 0.1198444, , , , , , , 22.2656538, -0.1540856, , , , , , , 22.2656538, 0.0392767, , , , , , , , , , , , , , , , , , , , , , , , , , , , 
22.2661731, 0.0535439, , , , , , , 22.2661731, 0.0542153, , , , , , , 22.2661731, -0.1185016, , , , , , , 22.2661731, 0.0287022, , , , , , , , , , , , , , , , , , , , , , , , , , , , 
22.2666923, 0.0528725, , , , , , , 22.2666923, -0.0285344, , , , , , , 22.2666923, -0.0847639, , , , , , , 22.2666923, 0.0206455, , , , , , , , , , , , , , , , , , , , , , , , , , , , 
22.2672115, 0.0461585, , , , , , , 22.2672115, -0.0874495, , , , , , , 22.2672115, -0.0505226, , , , , , , 22.2672115, 0.0159457, , , , , , , , , , , , , , , , , , , , , , , , , , , , 
22.2677308, 0.0414588, , , , , , , 22.2677308, -0.1122911, , , , , , , 22.2677308, -0.0236667, , , , , , , 22.2677308, 0.0112459, , , , , , , , , , , , , , , , , , , , , , , , , , , , 
22.26825, 0.0347448, , , , , , , 22.26825, -0.1220264, , , , , , , 22.26825, -0.0109102, , , , , , , 22.26825, 0.0038605, , , , , , , , , , , , , , , , , , , , , , , , , , , , 
22.2687692, 0.0357519, , , , , , , 22.2687692, -0.1226978, , , , , , , 22.2687692, -0.005539, , , , , , , 22.2687692, -0.0035248, , , , , , , , , , , , , , , , , , , , , , , , , , , , 
22.2692885, 0.0535439, , , , , , , 22.2692885, -0.1119554, , , , , , , 22.2692885, 0.0006714, , , , , , , 22.2692885, -0.0078889, , , , , , , , , , , , , , , , , , , , , , , , , , , , 
22.2698077, 0.0676432, , , , , , , 22.2698077, -0.1045701, , , , , , , 22.2698077, 0.0102388, , , , , , , 22.2698077, -0.005539, , , , , , , , , , , , , , , , , , , , , , , , , , , , 
22.2703269, 0.0710002, , , , , , , 22.2703269, -0.1052415, , , , , , , 22.2703269, 0.0250095, , , , , , , 22.2703269, 0.0011749, , , , , , , , , , , , , , , , , , , , , , , , , , , , 
22.2708462, 0.0688182, , , , , , , 22.2708462, -0.0928206, , , , , , , 22.2708462, 0.0411231, , , , , , , 22.2708462, 0.0109102, , , , , , , , , , , , , , , , , , , , , , , , , , , , 
22.2713654, 0.0605936, , , , , , , 22.2713654, -0.0621042, , , , , , , 22.2713654, 0.0572366, , , , , , , 22.2713654, 0.0260166, , , , , , , , , , , , , , , , , , , , , , , , , , , , 
22.2718846, 0.0454871, , , , , , , 22.2718846, -0.0330663, , , , , , , 22.2718846, 0.0699931, , , , , , , 22.2718846, 0.0464942, , , , , , , , , , , , , , , , , , , , , , , , , , , , 
22.2724038, 0.0243381, , , , , , , 22.2724038, -0.0135958, , , , , , , 22.2724038, 0.0736858, , , , , , , 22.2724038, 0.0654612, , , , , , , , , , , , , , , , , , , , , , , , , , , , 
22.2729231, 0.0001678, , , , , , , 22.2729231, -0.0092317, , , , , , , 22.2729231, 0.0708324, , , , , , , 22.2729231, 0.0750286, , , , , , , , , , , , , , , , , , , , , , , , , , , , 
22.2734423, -0.023331, , , , , , , 22.2734423, -0.0102388, , , , , , , 22.2734423, 0.0666361, , , , , , , 22.2734423, 0.0663005, , , , , , , , , , , , , , , , , , , , , , , , , , , , 
22.2739615, -0.0419623, , , , , , , 22.2739615, -0.0095674, , , , , , , 22.2739615, 0.0649577, , , , , , , 22.2739615, 0.0488441, , , , , , , , , , , , , , , , , , , , , , , , , , , , 
22.2744808, -0.057908, , , , , , , 22.2744808, -0.0129244, , , , , , , 22.2744808, 0.0636149, , , , , , , 22.2744808, 0.0377661, , , , , , , , , , , , , , , , , , , , , , , , , , , , 
22.275, -0.0696574, , , , , , , 22.275, -0.0194705, , , , , , , 22.275, 0.0595865, , , , , , , 22.275, 0.0327306, , , , , , , , , , , , , , , , , , , , , , , , , , , , 
22.2755192, -0.0770428, , , , , , , 22.2755192, -0.0260166, , , , , , , 22.2755192, 0.0542153, , , , , , , 22.2755192, 0.0283665, , , , , , , , , , , , , , , , , , , , , , , , , , , , 
22.2760385, -0.0827497, , , , , , , 22.2760385, -0.0404517, , , , , , , 22.2760385, 0.0498512, , , , , , , 22.2760385, 0.0229953, , , , , , , , , , , , , , , , , , , , , , , , , , , , 
22.2765577, -0.0914778, , , , , , , 22.2765577, -0.0572366, , , , , , , 22.2765577, 0.0461585, , , , , , , 22.2765577, 0.0179599, , , , , , , , , , , , , , , , , , , , , , , , , , , , 
22.2770769, -0.1017166, , , , , , , 22.2770769, -0.0800641, , , , , , , 22.2770769, 0.0417945, , , , , , , 22.2770769, 0.0149386, , , , , , , , , , , , , , , , , , , , , , , , , , , , 
22.2775962, -0.1044022, , , , , , , 22.2775962, -0.1055772, , , , , , , 22.2775962, 0.0377661, , , , , , , 22.2775962, 0.0119173, , , , , , , , , , , , , , , , , , , , , , , , , , , , 
22.2781154, -0.0990311, , , , , , , 22.2781154, -0.1062486, , , , , , , 22.2781154, 0.0332341, , , , , , , 22.2781154, 0.0052033, , , , , , , , , , , , , , , , , , , , , , , , , , , , 
22.2786346, -0.0914778, , , , , , , 22.2786346, -0.0867781, , , , , , , 22.2786346, 0.0307164, , , , , , , 22.2786346, 0.0006714, , , , , , , , , , , , , , , , , , , , , , , , , , , , 
22.2791538, -0.0788891, , , , , , , 22.2791538, -0.0840925, , , , , , , 22.2791538, 0.033402, , , , , , , 22.2791538, -0.0028534, , , , , , , , , , , , , , , , , , , , , , , , , , , , 
22.2796731, -0.0553902, , , , , , , 22.2796731, -0.0973526, , , , , , , 22.2796731, 0.0409552, , , , , , , 22.2796731, -0.0073854, , , , , , , , , , , , , , , , , , , , , , , , , , , , 
22.2801923, -0.0317235, , , , , , , 22.2801923, -0.1022202, , , , , , , 22.2801923, 0.0516976, , , , , , , 22.2801923, -0.0115816, , , , , , , , , , , , , , , , , , , , , , , , , , , , 
22.2807115, -0.0142672, , , , , , , 22.2807115, -0.0944991, , , , , , , 22.2807115, 0.0616007, , , , , , , 22.2807115, -0.0083925, , , , , , , , , , , , , , , , , , , , , , , , , , , , 
22.2812308, -0.0016785, , , , , , , 22.2812308, -0.0713359, , , , , , , 22.2812308, 0.0703288, , , , , , , 22.2812308, -0.0057069, , , , , , , , , , , , , , , , , , , , , , , , , , , , 
22.28175, 0.0095674, , , , , , , 22.28175, -0.0318914, , , , , , , 22.28175, 0.0770428, , , , , , , 22.28175, -0.0062104, , , , , , , , , , , , , , , , , , , , , , , , , , , , 
22.2822692, 0.0196384, , , , , , , 22.2822692, -0.0011749, , , , , , , 22.2822692, 0.0829175, , , , , , , 22.2822692, -0.0085603, , , , , , , , , , , , , , , , , , , , , , , , , , , , 
22.2827885, 0.0347448, , , , , , , 22.2827885, 0.0036927, , , , , , , 22.2827885, 0.0864424, , , , , , , 22.2827885, -0.014435, , , , , , , , , , , , , , , , , , , , , , , , , , , , 
22.2833077, 0.0428016, , , , , , , 22.2833077, 0.0030213, , , , , , , 22.2833077, 0.0852674, , , , , , , 22.2833077, -0.0209812, , , , , , , , , , , , , , , , , , , , , , , , , , , , 
22.2838269, 0.0485084, , , , , , , 22.2838269, 0.0119173, , , , , , , 22.2838269, 0.0803998, , , , , , , 22.2838269, -0.0260166, , , , , , , , , , , , , , , , , , , , , , , , , , , , 
22.2843462, 0.0560616, , , , , , , 22.2843462, 0.018967, , , , , , , 22.2843462, 0.0767071, , , , , , , 22.2843462, -0.0276951, , , , , , , , , , , , , , , , , , , , , , , , , , , , 
22.2848654, 0.0595865, , , , , , , 22.2848654, 0.0240024, , , , , , , 22.2848654, 0.0770428, , , , , , , 22.2848654, -0.0263523, , , , , , , , , , , , , , , , , , , , , , , , , , , , 
22.2853846, 0.061265, , , , , , , 22.2853846, 0.0377661, , , , , , , 22.2853846, 0.0773785, , , , , , , 22.2853846, -0.0223239, , , , , , , , , , , , , , , , , , , , , , , , , , , , 
22.2859038, 0.0683146, , , , , , , 22.2859038, 0.0626078, , , , , , , 22.2859038, 0.0710002, , , , , , , 22.2859038, -0.0203098, , , , , , , , , , , , , , , , , , , , , , , , , , , , 
22.2864231, 0.0777142, , , , , , , 22.2864231, 0.0830854, , , , , , , 22.2864231, 0.0527047, , , , , , , 22.2864231, -0.018967, , , , , , , , , , , , , , , , , , , , , , , , , , , , 
22.2869423, 0.0807355, , , , , , , 22.2869423, 0.0975204, , , , , , , 22.2869423, 0.0169528, , , , , , , 22.2869423, -0.0149386, , , , , , , , , , , , , , , , , , , , , , , , , , , , 
22.2874615, 0.0802319, , , , , , , 22.2874615, 0.121355, , , , , , , 22.2874615, -0.033402, , , , , , , 22.2874615, -0.0099031, , , , , , , , , , , , , , , , , , , , , , , , , , , , 
22.2879808, 0.0767071, , , , , , , 22.2879808, 0.1589532, , , , , , , 22.2879808, -0.0897993, , , , , , , 22.2879808, -0.0052033, , , , , , , , , , , , , , , , , , , , , , , , , , , , 
22.2885, 0.0720073, , , , , , , 22.2885, 0.184802, , , , , , , 22.2885, -0.1411612, , , , , , , 22.2885, -0.0008392, , , , , , , , , , , , , , , , , , , , , , , , , , , , 
22.2890192, 0.0716716, , , , , , , 22.2890192, 0.178088, , , , , , , 22.2890192, -0.1854734, , , , , , , 22.2890192, 0.0011749, , , , , , , , , , , , , , , , , , , , , , , , , , , , 
22.2895385, 0.0788891, , , , , , , 22.2895385, 0.1352865, , , , , , , 22.2895385, -0.2177005, , , , , , , 22.2895385, 0.0011749, , , , , , , , , , , , , , , , , , , , , , , , , , , , 
22.2900577, 0.090135, , , , , , , 22.2900577, 0.0783856, , , , , , , 22.2900577, -0.240528, , , , , , , 22.2900577, 0.0038605, , , , , , , , , , , , , , , , , , , , , , , , , , , , 
22.2905769, 0.0951705, , , , , , , 22.2905769, 0.0466621, , , , , , , 22.2905769, -0.2554665, , , , , , , 22.2905769, 0.0152743, , , , , , , , , , , , , , , , , , , , , , , , , , , , 
22.2910962, 0.0916457, , , , , , , 22.2910962, 0.0421302, , , , , , , 22.2910962, -0.251606, , , , , , , 22.2910962, 0.0340734, , , , , , , , , , , , , , , , , , , , , , , , , , , , 
22.2916154, 0.0844282, , , , , , , 22.2916154, 0.0323949, , , , , , , 22.2916154, -0.2254215, , , , , , , 22.2916154, 0.0505226, , , , , , , , , , , , , , , , , , , , , , , , , , , , 
22.2921346, 0.0750286, , , , , , , 22.2921346, 0.0015106, , , , , , , 22.2921346, -0.1891661, , , , , , , 22.2921346, 0.0602579, , , , , , , , , , , , , , , , , , , , , , , , , , , , 
22.2926538, 0.0649577, , , , , , , 22.2926538, -0.054551, , , , , , , 22.2926538, -0.1512322, , , , , , , 22.2926538, 0.0639506, , , , , , , , , , , , , , , , , , , , , , , , , , , , 
22.2931731, 0.0522011, , , , , , , 22.2931731, -0.1176623, , , , , , , 22.2931731, -0.1156481, , , , , , , 22.2931731, 0.0609293, , , , , , , , , , , , , , , , , , , , , , , , , , , , 
22.2936923, 0.0352483, , , , , , , 22.2936923, -0.1567712, , , , , , , 22.2936923, -0.0814069, , , , , , , 22.2936923, 0.0562295, , , , , , , , , , , , , , , , , , , , , , , , , , , , 
22.2942115, 0.0203098, , , , , , , 22.2942115, -0.1639887, , , , , , , 22.2942115, -0.0458228, , , , , , , 22.2942115, 0.0533761, , , , , , , , , , , , , , , , , , , , , , , , , , , , 
22.2947308, 0.008896, , , , , , , 22.2947308, -0.1540856, , , , , , , 22.2947308, -0.0139315, , , , , , , 22.2947308, 0.0495155, , , , , , , , , , , , , , , , , , , , , , , , , , , , 
22.29525, -0.0072175, , , , , , , 22.29525, -0.1426719, , , , , , , 22.29525, 0.0092317, , , , , , , 22.29525, 0.0426337, , , , , , , , , , , , , , , , , , , , , , , , , , , , 
22.2957692, -0.0297093, , , , , , , 22.2957692, -0.1277333, , , , , , , 22.2957692, 0.0219883, , , , , , , 22.2957692, 0.0340734, , , , , , , , , , , , , , , , , , , , , , , , , , , , 
22.2962885, -0.0485084, , , , , , , 22.2962885, -0.0928206, , , , , , , 22.2962885, 0.0325628, , , , , , , 22.2962885, 0.0285344, , , , , , , , , , , , , , , , , , , , , , , , , , , , 
22.2968077, -0.064622, , , , , , , 22.2968077, -0.0370947, , , , , , , 22.2968077, 0.0431373, , , , , , , 22.2968077, 0.0253452, , , , , , , , , , , , , , , , , , , , , , , , , , , , 
22.2973269, -0.0775463, , , , , , , 22.2973269, 0.0219883, , , , , , , 22.2973269, 0.051194, , , , , , , 22.2973269, 0.0221561, , , , , , , , , , , , , , , , , , , , , , , , , , , , 
22.2978462, -0.0854353, , , , , , , 22.2978462, 0.0656291, , , , , , , 22.2978462, 0.0572366, , , , , , , 22.2978462, 0.0193027, , , , , , , , , , , , , , , , , , , , , , , , , , , , 
22.2983654, -0.0889601, , , , , , , 22.2983654, 0.0956741, , , , , , , 22.2983654, 0.063447, , , , , , , 22.2983654, 0.0179599, , , , , , , , , , , , , , , , , , , , , , , , , , , , 
22.2988846, -0.0864424, , , , , , , 22.2988846, 0.1220264, , , , , , , 22.2988846, 0.0741894, , , , , , , 22.2988846, 0.0154421, , , , , , , , , , , , , , , , , , , , , , , , , , , , 
22.2994038, -0.0731823, , , , , , , 22.2994038, 0.1495537, , , , , , , 22.2994038, 0.0871138, , , , , , , 22.2994038, 0.0105745, , , , , , , , , , , , , , , , , , , , , , , , , , , , 
22.2999231, -0.0486763, , , , , , , 22.2999231, 0.1735561, , , , , , , 22.2999231, 0.0941634, , , , , , , 22.2999231, 0.0058747, , , , , , , , , , , , , , , , , , , , , , , , , , , , 
22.3004423, -0.0270237, , , , , , , 22.3004423, 0.1676814, , , , , , , 22.3004423, 0.0921492, , , , , , , 22.3004423, 0.0048676, , , , , , , , , , , , , , , , , , , , , , , , , , , , 
22.3009615, -0.0115816, , , , , , , 22.3009615, 0.110277, , , , , , , 22.3009615, 0.085771, , , , , , , 22.3009615, 0.0065461, , , , , , , , , , , , , , , , , , , , , , , , , , , , 
22.3014808, -0.0028534, , , , , , , 22.3014808, 0.0240024, , , , , , , 22.3014808, 0.0736858, , , , , , , 22.3014808, 0.005539, , , , , , , , , , , , , , , , , , , , , , , , , , , , 
22.302, 0.0018463, , , , , , , 22.302, -0.0580758, , , , , , , 22.302, 0.0555581, , , , , , , 22.302, 0.0001678, , , , , , , , , , , , , , , , , , , , , , , , , , , , 
22.3025192, 0.0092317, , , , , , , 22.3025192, -0.1253834, , , , , , , 22.3025192, 0.036759, , , , , , , 22.3025192, -0.0041962, , , , , , , , , , , , , , , , , , , , , , , , , , , , 
22.3030385, 0.0157778, , , , , , , 22.3030385, -0.1707027, , , , , , , 22.3030385, 0.0209812, , , , , , , 22.3030385, -0.0038605, , , , , , , , , , , , , , , , , , , , , , , , , , , , 
22.3035577, 0.0226596, , , , , , , 22.3035577, -0.1935302, , , , , , , 22.3035577, 0.0115816, , , , , , , 22.3035577, -0.0010071, , , , , , , , , , , , , , , , , , , , , , , , , , , , 
22.3040769, 0.0307164, , , , , , , 22.3040769, -0.1938659, , , , , , , 22.3040769, 0.0025177, , , , , , , 22.3040769, -0.0010071, , , , , , , , , , , , , , , , , , , , , , , , , , , , 
22.3045962, 0.0339055, , , , , , , 22.3045962, -0.1633173, , , , , , , 22.3045962, -0.0112459, , , , , , , 22.3045962, -0.0043641, , , , , , , , , , , , , , , , , , , , , , , , , , , , 
22.3051154, 0.0359197, , , , , , , 22.3051154, -0.1055772, , , , , , , 22.3051154, -0.0298772, , , , , , , 22.3051154, -0.0063783, , , , , , , , , , , , , , , , , , , , , , , , , , , , 
22.3056346, 0.040116, , , , , , , 22.3056346, -0.0458228, , , , , , , 22.3056346, -0.0453193, , , , , , , 22.3056346, -0.0062104, , , , , , , , , , , , , , , , , , , , , , , , , , , , 
22.3061538, 0.0414588, , , , , , , 22.3061538, 0.0105745, , , , , , , 22.3061538, -0.054551, , , , , , , 22.3061538, -0.0062104, , , , , , , , , , , , , , , , , , , , , , , , , , , , 
22.3066731, 0.0345769, , , , , , , 22.3066731, 0.0585794, , , , , , , 22.3066731, -0.0594186, , , , , , , 22.3066731, -0.0052033, , , , , , , , , , , , , , , , , , , , , , , , , , , , 
22.3071923, 0.0297093, , , , , , , 22.3071923, 0.0673075, , , , , , , 22.3071923, -0.0621042, , , , , , , 22.3071923, -0.0018463, , , , , , , , , , , , , , , , , , , , , , , , , , , , 
22.3077115, 0.0387732, , , , , , , 22.3077115, 0.0307164, , , , , , , 22.3077115, -0.0726787, , , , , , , 22.3077115, -0.0015106, , , , , , , , , , , , , , , , , , , , , , , , , , , , 
22.3082308, 0.0520333, , , , , , , 22.3082308, -0.0176242, , , , , , , 22.3082308, -0.0844282, , , , , , , 22.3082308, -0.0048676, , , , , , , , , , , , , , , , , , , , , , , , , , , , 
22.30875, 0.0572366, , , , , , , 22.30875, -0.0522011, , , , , , , 22.30875, -0.0800641, , , , , , , 22.30875, -0.0075532, , , , , , , , , , , , , , , , , , , , , , , , , , , , 
22.3092692, 0.0642863, , , , , , , 22.3092692, -0.0639506, , , , , , , 22.3092692, -0.0673075, , , , , , , 22.3092692, -0.0075532, , , , , , , , , , , , , , , , , , , , , , , , , , , , 
22.3097885, 0.0767071, , , , , , , 22.3097885, -0.0580758, , , , , , , 22.3097885, -0.0572366, , , , , , , 22.3097885, -0.0048676, , , , , , , , , , , , , , , , , , , , , , , , , , , , 
22.3103077, 0.0814069, , , , , , , 22.3103077, -0.0417945, , , , , , , 22.3103077, -0.0471656, , , , , , , 22.3103077, -0.002182, , , , , , , , , , , , , , , , , , , , , , , , , , , , 
22.3108269, 0.0844282, , , , , , , 22.3108269, -0.0229953, , , , , , , 22.3108269, -0.0310521, , , , , , , 22.3108269, -0.0005035, , , , , , , , , , , , , , , , , , , , , , , , , , , , 
22.3113462, 0.0921492, , , , , , , 22.3113462, -0.0082246, , , , , , , 22.3113462, -0.0119173, , , , , , , 22.3113462, 0.0001678, , , , , , , , , , , , , , , , , , , , , , , , , , , , 
22.3118654, 0.0931563, , , , , , , 22.3118654, -0.0052033, , , , , , , 22.3118654, -0.0001678, , , , , , , 22.3118654, -0.002182, , , , , , , , , , , , , , , , , , , , , , , , , , , , 
22.3123846, 0.0864424, , , , , , , 22.3123846, -0.0035248, , , , , , , 22.3123846, -0.0065461, , , , , , , 22.3123846, -0.0011749, , , , , , , , , , , , , , , , , , , , , , , , , , , , 
22.3129038, 0.0755322, , , , , , , 22.3129038, 0.0065461, , , , , , , 22.3129038, -0.0186313, , , , , , , 22.3129038, 0.0078889, , , , , , , , , , , , , , , , , , , , , , , , , , , , 
22.3134231, 0.0592508, , , , , , , 22.3134231, 0.0209812, , , , , , , 22.3134231, -0.0243381, , , , , , , 22.3134231, 0.0166171, , , , , , , , , , , , , , , , , , , , , , , , , , , , 
22.3139423, 0.0424659, , , , , , , 22.3139423, 0.0313878, , , , , , , 22.3139423, -0.027863, , , , , , , 22.3139423, 0.021149, , , , , , , , , , , , , , , , , , , , , , , , , , , , 
22.3144615, 0.0238346, , , , , , , 22.3144615, 0.036759, , , , , , , 22.3144615, -0.0317235, , , , , , , 22.3144615, 0.0260166, , , , , , , , , , , , , , , , , , , , , , , , , , , , 
22.3149808, 0.0057069, , , , , , , 22.3149808, 0.0399481, , , , , , , 22.3149808, -0.0354162, , , , , , , 22.3149808, 0.030045, , , , , , , , , , , , , , , , , , , , , , , , , , , , 
22.3155, -0.0097353, , , , , , , 22.3155, 0.040116, , , , , , , 22.3155, -0.0350805, , , , , , , 22.3155, 0.0320592, , , , , , , , , , , , , , , , , , , , , , , , , , , , 
22.3160192, -0.0208133, , , , , , , 22.3160192, 0.0357519, , , , , , , 22.3160192, -0.0246738, , , , , , , 22.3160192, 0.0332341, , , , , , , , , , , , , , , , , , , , , , , , , , , , 
22.3165385, -0.0307164, , , , , , , 22.3165385, 0.0320592, , , , , , , 22.3165385, 0.002182, , , , , , , 22.3165385, 0.0290379, , , , , , , , , , , , , , , , , , , , , , , , , , , , 
22.3170577, -0.0397803, , , , , , , 22.3170577, 0.0307164, , , , , , , 22.3170577, 0.0394446, , , , , , , 22.3170577, 0.024506, , , , , , , , , , , , , , , , , , , , , , , , , , , , 
22.3175769, -0.0453193, , , , , , , 22.3175769, 0.0307164, , , , , , , 22.3175769, 0.0767071, , , , , , , 22.3175769, 0.0260166, , , , , , , , , , , , , , , , , , , , , , , , , , , , 
22.3180962, -0.0475013, , , , , , , 22.3180962, 0.0327306, , , , , , , 22.3180962, 0.1045701, , , , , , , 22.3180962, 0.0327306, , , , , , , , , , , , , , , , , , , , , , , , , , , , 
22.3186154, -0.0498512, , , , , , , 22.3186154, 0.0344091, , , , , , , 22.3186154, 0.1253834, , , , , , , 22.3186154, 0.0372625, , , , , , , , , , , , , , , , , , , , , , , , , , , , 
22.3191346, -0.0448157, , , , , , , 22.3191346, 0.03122, , , , , , , 22.3191346, 0.142504, , , , , , , 22.3191346, 0.0372625, , , , , , , , , , , , , , , , , , , , , , , , , , , , 
22.3196538, -0.0323949, , , , , , , 22.3196538, 0.0219883, , , , , , , 22.3196538, 0.1508965, , , , , , , 22.3196538, 0.0327306, , , , , , , , , , , , , , , , , , , , , , , , , , , , 
22.3201731, -0.0280308, , , , , , , 22.3201731, 0.0129244, , , , , , , 22.3201731, 0.1485466, , , , , , , 22.3201731, 0.0251774, , , , , , , , , , , , , , , , , , , , , , , , , , , , 
22.3206923, -0.0320592, , , , , , , 22.3206923, 0.0109102, , , , , , , 22.3206923, 0.1354543, , , , , , , 22.3206923, 0.0179599, , , , , , , , , , , , , , , , , , , , , , , , , , , , 
22.3212115, -0.0290379, , , , , , , 22.3212115, 0.0169528, , , , , , , 22.3212115, 0.1055772, , , , , , , 22.3212115, 0.0132601, , , , , , , , , , , , , , , , , , , , , , , , , , , , 
22.3217308, -0.0204776, , , , , , , 22.3217308, 0.0159457, , , , , , , 22.3217308, 0.0572366, , , , , , , 22.3217308, 0.0090639, , , , , , , , , , , , , , , , , , , , , , , , , , , , 
22.32225, -0.0139315, , , , , , , 22.32225, 0.0052033, , , , , , , 22.32225, 0.0023499, , , , , , , 22.32225, 0.0050355, , , , , , , , , , , , , , , , , , , , , , , , , , , , 
22.3227692, -0.0078889, , , , , , , 22.3227692, -0.011078, , , , , , , 22.3227692, -0.0448157, , , , , , , 22.3227692, 0.0018463, , , , , , , , , , , , , , , , , , , , , , , , , , , , 
22.3232885, -0.0045319, , , , , , , 22.3232885, -0.0273594, , , , , , , 22.3232885, -0.082414, , , , , , , 22.3232885, -0.0008392, , , , , , , , , , , , , , , , , , , , , , , , , , , , 
22.3238077, -0.0068818, , , , , , , 22.3238077, -0.0377661, , , , , , , 22.3238077, -0.1169909, , , , , , , 22.3238077, 0.0041962, , , , , , , , , , , , , , , , , , , , , , , , , , , , 
22.3243269, -0.0078889, , , , , , , 22.3243269, -0.0387732, , , , , , , 22.3243269, -0.1428397, , , , , , , 22.3243269, 0.0196384, , , , , , , , , , , , , , , , , , , , , , , , , , , , 
22.3248462, -0.0070497, , , , , , , 22.3248462, -0.0364233, , , , , , , 22.3248462, -0.1505608, , , , , , , 22.3248462, 0.036759, , , , , , , , , , , , , , , , , , , , , , , , , , , , 
22.3253654, -0.0048676, , , , , , , 22.3253654, -0.0330663, , , , , , , 22.3253654, -0.1435111, , , , , , , 22.3253654, 0.0491798, , , , , , , , , , , , , , , , , , , , , , , , , , , , 
22.3258846, -0.0023499, , , , , , , 22.3258846, -0.0258488, , , , , , , 22.3258846, -0.1374685, , , , , , , 22.3258846, 0.0508583, , , , , , , , , , , , , , , , , , , , , , , , , , , , 
22.3264038, -0.0001678, , , , , , , 22.3264038, -0.0182956, , , , , , , 22.3264038, -0.1418326, , , , , , , 22.3264038, 0.0409552, , , , , , , , , , , , , , , , , , , , , , , , , , , , 
22.3269231, 0.0052033, , , , , , , 22.3269231, -0.0112459, , , , , , , 22.3269231, -0.1529107, , , , , , , 22.3269231, 0.0276951, , , , , , , , , , , , , , , , , , , , , , , , , , , , 
22.3274423, 0.0105745, , , , , , , 22.3274423, -0.0105745, , , , , , , 22.3274423, -0.1539178, , , , , , , 22.3274423, 0.01561, , , , , , , , , , , , , , , , , , , , , , , , , , , , 
22.3279615, 0.0159457, , , , , , , 22.3279615, -0.0151064, , , , , , , 22.3279615, -0.1362936, , , , , , , 22.3279615, 0.0041962, , , , , , , , , , , , , , , , , , , , , , , , , , , , 
22.3284808, 0.024506, , , , , , , 22.3284808, -0.0169528, , , , , , , 22.3284808, -0.1114519, , , , , , , 22.3284808, -0.0025177, , , , , , , , , , , , , , , , , , , , , , , , , , , , 
22.329, 0.0370947, , , , , , , 22.329, -0.0117494, , , , , , , 22.329, -0.0867781, , , , , , , 22.329, -0.0090639, , , , , , , , , , , , , , , , , , , , , , , , , , , , 
22.3295192, 0.054551, , , , , , , 22.3295192, -0.0109102, , , , , , , 22.3295192, -0.0639506, , , , , , , 22.3295192, -0.0162814, , , , , , , , , , , , , , , , , , , , , , , , , , , , 
22.3300385, 0.0699931, , , , , , , 22.3300385, -0.0149386, , , , , , , 22.3300385, -0.0451514, , , , , , , 22.3300385, -0.0226596, , , , , , , , , , , , , , , , , , , , , , , , , , , , 
22.3305577, 0.0817426, , , , , , , 22.3305577, -0.0176242, , , , , , , 22.3305577, -0.0280308, , , , , , , 22.3305577, -0.0260166, , , , , , , , , , , , , , , , , , , , , , , , , , , , 
22.3310769, 0.0908064, , , , , , , 22.3310769, -0.0142672, , , , , , , 22.3310769, -0.0075532, , , , , , , 22.3310769, -0.0236667, , , , , , , , , , , , , , , , , , , , , , , , , , , , 
22.3315962, 0.0936599, , , , , , , 22.3315962, -0.0078889, , , , , , , 22.3315962, 0.0196384, , , , , , , 22.3315962, -0.0209812, , , , , , , , , , , , , , , , , , , , , , , , , , , , 
22.3321154, 0.0882887, , , , , , , 22.3321154, -0.0048676, , , , , , , 22.3321154, 0.0441444, , , , , , , 22.3321154, -0.0182956, , , , , , , , , , , , , , , , , , , , , , , , , , , , 
22.3326346, 0.0757, , , , , , , 22.3326346, -0.0058747, , , , , , , 22.3326346, 0.0609293, , , , , , , 22.3326346, -0.0159457, , , , , , , , , , , , , , , , , , , , , , , , , , , , 
22.3331538, 0.06009, , , , , , , 22.3331538, -0.0102388, , , , , , , 22.3331538, 0.0706645, , , , , , , 22.3331538, -0.0119173, , , , , , , , , , , , , , , , , , , , , , , , , , , , 
22.3336731, 0.0468299, , , , , , , 22.3336731, -0.0151064, , , , , , , 22.3336731, 0.0753643, , , , , , , 22.3336731, -0.002182, , , , , , , , , , , , , , , , , , , , , , , , , , , , 
22.3341923, 0.0394446, , , , , , , 22.3341923, -0.0162814, , , , , , , 22.3341923, 0.0839246, , , , , , , 22.3341923, 0.0139315, , , , , , , , , , , , , , , , , , , , , , , , , , , , 
22.3347115, 0.0287022, , , , , , , 22.3347115, -0.0166171, , , , , , , 22.3347115, 0.100206, , , , , , , 22.3347115, 0.0337377, , , , , , , , , , , , , , , , , , , , , , , , , , , , 
22.3352308, 0.0058747, , , , , , , 22.3352308, -0.0162814, , , , , , , 22.3352308, 0.1166552, , , , , , , 22.3352308, 0.0555581, , , , , , , , , , , , , , , , , , , , , , , , , , , , 
22.33575, -0.0216526, , , , , , , 22.33575, -0.012253, , , , , , , 22.33575, 0.1258869, , , , , , , 22.33575, 0.0736858, , , , , , , , , , , , , , , , , , , , , , , , , , , , 
22.3362692, -0.0421302, , , , , , , 22.3362692, -0.0072175, , , , , , , 22.3362692, 0.1300832, , , , , , , 22.3362692, 0.0810712, , , , , , , , , , , , , , , , , , , , , , , , , , , , 
22.3367885, -0.0542153, , , , , , , 22.3367885, -0.0003357, , , , , , , 22.3367885, 0.1346151, , , , , , , 22.3367885, 0.0793927, , , , , , , , , , , , , , , , , , , , , , , , , , , , 
22.3373077, -0.0721752, , , , , , , 22.3373077, 0.0169528, , , , , , , 22.3373077, 0.1320974, , , , , , , 22.3373077, 0.0730144, , , , , , , , , , , , , , , , , , , , , , , , , , , , 
22.3378269, -0.0861067, , , , , , , 22.3378269, 0.0330663, , , , , , , 22.3378269, 0.114641, , , , , , , 22.3378269, 0.0626078, , , , , , , , , , , , , , , , , , , , , , , , , , , , 
22.3383462, -0.090135, , , , , , , 22.3383462, 0.03122, , , , , , , 22.3383462, 0.0874495, , , , , , , 22.3383462, 0.0488441, , , , , , , , , , , , , , , , , , , , , , , , , , , , 
22.3388654, -0.0834211, , , , , , , 22.3388654, 0.0280308, , , , , , , 22.3388654, 0.0599222, , , , , , , 22.3388654, 0.0384375, , , , , , , , , , , , , , , , , , , , , , , , , , , , 
22.3393846, -0.0679789, , , , , , , 22.3393846, 0.0344091, , , , , , , 22.3393846, 0.0318914, , , , , , , 22.3393846, 0.0270237, , , , , , , , , , , , , , , , , , , , , , , , , , , , 
22.3399038, -0.047837, , , , , , , 22.3399038, 0.0370947, , , , , , , 22.3399038, 0.0072175, , , , , , , 22.3399038, 0.0159457, , , , , , , , , , , , , , , , , , , , , , , , , , , , 
22.3404231, -0.0317235, , , , , , , 22.3404231, 0.0273594, , , , , , , 22.3404231, -0.0115816, , , , , , , 22.3404231, 0.008896, , , , , , , , , , , , , , , , , , , , , , , , , , , , 
22.3409423, -0.0209812, , , , , , , 22.3409423, 0.0095674, , , , , , , 22.3409423, -0.0265202, , , , , , , 22.3409423, 0.0043641, , , , , , , , , , , , , , , , , , , , , , , , , , , , 
22.3414615, -0.0104067, , , , , , , 22.3414615, -0.0062104, , , , , , , 22.3414615, -0.0397803, , , , , , , 22.3414615, 0.0011749, , , , , , , , , , , , , , , , , , , , , , , , , , , , 
22.3419808, 0.0041962, , , , , , , 22.3419808, -0.0196384, , , , , , , 22.3419808, -0.0518654, , , , , , , 22.3419808, -0.0035248, , , , , , , , , , , , , , , , , , , , , , , , , , , , 
22.3425, 0.0129244, , , , , , , 22.3425, -0.0323949, , , , , , , 22.3425, -0.0649577, , , , , , , 22.3425, -0.0062104, , , , , , , , , , , , , , , , , , , , , , , , , , , , 
22.3430192, 0.0159457, , , , , , , 22.3430192, -0.0485084, , , , , , , 22.3430192, -0.0757, , , , , , , 22.3430192, -0.0085603, , , , , , , , , , , , , , , , , , , , , , , , , , , , 
22.3435385, 0.0213169, , , , , , , 22.3435385, -0.0582437, , , , , , , 22.3435385, -0.0840925, , , , , , , 22.3435385, -0.0159457, , , , , , , , , , , , , , , , , , , , , , , , , , , , 
22.3440577, 0.0330663, , , , , , , 22.3440577, -0.0525368, , , , , , , 22.3440577, -0.0894636, , , , , , , 22.3440577, -0.0229953, , , , , , , , , , , , , , , , , , , , , , , , , , , , 
22.3445769, 0.0407874, , , , , , , 22.3445769, -0.0337377, , , , , , , 22.3445769, -0.0840925, , , , , , , 22.3445769, -0.0226596, , , , , , , , , , , , , , , , , , , , , , , , , , , , 
22.3450962, 0.0417945, , , , , , , 22.3450962, -0.0119173, , , , , , , 22.3450962, -0.0720073, , , , , , , 22.3450962, -0.0159457, , , , , , , , , , , , , , , , , , , , , , , , , , , , 
22.3456154, 0.0431373, , , , , , , 22.3456154, 0.0003357, , , , , , , 22.3456154, -0.0580758, , , , , , , 22.3456154, -0.0092317, , , , , , , , , , , , , , , , , , , , , , , , , , , , 
22.3461346, 0.0454871, , , , , , , 22.3461346, 0.0052033, , , , , , , 22.3461346, -0.0429694, , , , , , , 22.3461346, -0.0045319, , , , , , , , , , , , , , , , , , , , , , , , , , , , 
22.3466538, 0.0464942, , , , , , , 22.3466538, 0.0062104, , , , , , , 22.3466538, -0.023331, , , , , , , 22.3466538, -0.0025177, , , , , , , , , , , , , , , , , , , , , , , , , , , , 
22.3471731, 0.0468299, , , , , , , 22.3471731, 0.0092317, , , , , , , 22.3471731, -0.0062104, , , , , , , 22.3471731, -0.0025177, , , , , , , , , , , , , , , , , , , , , , , , , , , , 
22.3476923, 0.0464942, , , , , , , 22.3476923, 0.0072175, , , , , , , 22.3476923, 0.0015106, , , , , , , 22.3476923, -0.0010071, , , , , , , , , , , , , , , , , , , , , , , , , , , , 
22.3482115, 0.0424659, , , , , , , 22.3482115, 0.0043641, , , , , , , 22.3482115, 0.0025177, , , , , , , 22.3482115, 0.0045319, , , , , , , , , , , , , , , , , , , , , , , , , , , , 
22.3487308, 0.0399481, , , , , , , 22.3487308, -0.0005035, , , , , , , 22.3487308, -0.0062104, , , , , , , 22.3487308, 0.0092317, , , , , , , , , , , , , , , , , , , , , , , , , , , , 
22.34925, 0.0495155, , , , , , , 22.34925, -0.0236667, , , , , , , 22.34925, -0.0250095, , , , , , , 22.34925, 0.0085603, , , , , , , , , , , , , , , , , , , , , , , , , , , , 
22.3497692, 0.0661326, , , , , , , 22.3497692, -0.0518654, , , , , , , 22.3497692, -0.0441444, , , , , , , 22.3497692, 0.0011749, , , , , , , , , , , , , , , , , , , , , , , , , , , , 
22.3502885, 0.0788891, , , , , , , 22.3502885, -0.0513619, , , , , , , 22.3502885, -0.0533761, , , , , , , 22.3502885, -0.0058747, , , , , , , , , , , , , , , , , , , , , , , , , , , , 
22.3508077, 0.0807355, , , , , , , 22.3508077, -0.012253, , , , , , , 22.3508077, -0.0468299, , , , , , , 22.3508077, -0.0062104, , , , , , , , , , , , , , , , , , , , , , , , , , , , 
22.3513269, 0.0783856, , , , , , , 22.3513269, 0.0273594, , , , , , , 22.3513269, -0.0273594, , , , , , , 22.3513269, 0.0010071, , , , , , , , , , , , , , , , , , , , , , , , , , , , 
22.3518462, 0.0750286, , , , , , , 22.3518462, 0.0394446, , , , , , , 22.3518462, -0.0068818, , , , , , , 22.3518462, 0.0129244, , , , , , , , , , , , , , , , , , , , , , , , , , , , 
22.3523654, 0.0750286, , , , , , , 22.3523654, 0.0386053, , , , , , , 22.3523654, 0.0109102, , , , , , , 22.3523654, 0.0276951, , , , , , , , , , , , , , , , , , , , , , , , , , , , 
22.3528846, 0.0748608, , , , , , , 22.3528846, 0.0431373, , , , , , , 22.3528846, 0.0276951, , , , , , , 22.3528846, 0.0352483, , , , , , , , , , , , , , , , , , , , , , , , , , , , 
22.3534038, 0.0686503, , , , , , , 22.3534038, 0.0595865, , , , , , , 22.3534038, 0.0428016, , , , , , , 22.3534038, 0.0253452, , , , , , , , , , , , , , , , , , , , , , , , , , , , 
22.3539231, 0.0592508, , , , , , , 22.3539231, 0.0733501, , , , , , , 22.3539231, 0.0585794, , , , , , , 22.3539231, 0.0095674, , , , , , , , , , , , , , , , , , , , , , , , , , , , 
22.3544423, 0.0461585, , , , , , , 22.3544423, 0.0681468, , , , , , , 22.3544423, 0.073518, , , , , , , 22.3544423, 0.0048676, , , , , , , , , , , , , , , , , , , , , , , , , , , , 
22.3549615, 0.0273594, , , , , , , 22.3549615, 0.0421302, , , , , , , 22.3549615, 0.0803998, , , , , , , 22.3549615, 0.0082246, , , , , , , , , , , , , , , , , , , , , , , , , , , , 
22.3554808, 0.0099031, , , , , , , 22.3554808, 0.0209812, , , , , , , 22.3554808, 0.0797284, , , , , , , 22.3554808, 0.0092317, , , , , , , , , , , , , , , , , , , , , , , , , , , , 
22.356, -0.0045319, , , , , , , 22.356, 0.0045319, , , , , , , 22.356, 0.0783856, , , , , , , 22.356, 0.008896, , , , , , , , , , , , , , , , , , , , , , , , , , , , 
22.3565192, -0.0196384, , , , , , , 22.3565192, -0.0344091, , , , , , , 22.3565192, 0.0746929, , , , , , , 22.3565192, 0.0099031, , , , , , , , , , , , , , , , , , , , , , , , , , , , 
22.3570385, -0.0342412, , , , , , , 22.3570385, -0.0908064, , , , , , , 22.3570385, 0.0582437, , , , , , , 22.3570385, 0.0117494, , , , , , , , , , , , , , , , , , , , , , , , , , , , 
22.3575577, -0.0461585, , , , , , , 22.3575577, -0.1351186, , , , , , , 22.3575577, 0.0313878, , , , , , , 22.3575577, 0.0112459, , , , , , , , , , , , , , , , , , , , , , , , , , , , 
22.3580769, -0.0575723, , , , , , , 22.3580769, -0.1475395, , , , , , , 22.3580769, -0.0015106, , , , , , , 22.3580769, 0.0119173, , , , , , , , , , , , , , , , , , , , , , , , , , , , 
22.3585962, -0.0636149, , , , , , , 22.3585962, -0.1426719, , , , , , , 22.3585962, -0.0391089, , , , , , , 22.3585962, 0.0132601, , , , , , , , , , , , , , , , , , , , , , , , , , , , 
22.3591154, -0.061265, , , , , , , 22.3591154, -0.1401541, , , , , , , 22.3591154, -0.0753643, , , , , , , 22.3591154, 0.0159457, , , , , , , , , , , , , , , , , , , , , , , , , , , , 
22.3596346, -0.0495155, , , , , , , 22.3596346, -0.1394827, , , , , , , 22.3596346, -0.1037308, , , , , , , 22.3596346, 0.0176242, , , , , , , , , , , , , , , , , , , , , , , , , , , , 
22.3601538, -0.0424659, , , , , , , 22.3601538, -0.1386435, , , , , , , 22.3601538, -0.1186694, , , , , , , 22.3601538, 0.0171206, , , , , , , , , , , , , , , , , , , , , , , , , , , , 
22.3606731, -0.043473, , , , , , , 22.3606731, -0.1337758, , , , , , , 22.3606731, -0.1230335, , , , , , , 22.3606731, 0.0206455, , , , , , , , , , , , , , , , , , , , , , , , , , , , 
22.3611923, -0.0417945, , , , , , , 22.3611923, -0.112459, , , , , , , 22.3611923, -0.1171588, , , , , , , 22.3611923, 0.0303807, , , , , , , , , , , , , , , , , , , , , , , , , , , , 
22.3617115, -0.0372625, , , , , , , 22.3617115, -0.0730144, , , , , , , 22.3617115, -0.1028916, , , , , , , 22.3617115, 0.043473, , , , , , , , , , , , , , , , , , , , , , , , , , , , 
22.3622308, -0.0320592, , , , , , , 22.3622308, -0.0263523, , , , , , , 22.3622308, -0.0943313, , , , , , , 22.3622308, 0.0515297, , , , , , , , , , , , , , , , , , , , , , , , , , , , 
22.36275, -0.0263523, , , , , , , 22.36275, 0.0119173, , , , , , , 22.36275, -0.0938277, , , , , , , 22.36275, 0.0527047, , , , , , , , , , , , , , , , , , , , , , , , , , , , 
22.3632692, -0.018967, , , , , , , 22.3632692, 0.0342412, , , , , , , 22.3632692, -0.0887922, , , , , , , 22.3632692, 0.0475013, , , , , , , , , , , , , , , , , , , , , , , , , , , , 
22.3637885, -0.0095674, , , , , , , 22.3637885, 0.0441444, , , , , , , 22.3637885, -0.072343, , , , , , , 22.3637885, 0.0340734, , , , , , , , , , , , , , , , , , , , , , , , , , , , 
22.3643077, -0.0075532, , , , , , , 22.3643077, 0.0448157, , , , , , , 22.3643077, -0.0495155, , , , , , , 22.3643077, 0.0209812, , , , , , , , , , , , , , , , , , , , , , , , , , , , 
22.3648269, -0.0063783, , , , , , , 22.3648269, 0.0307164, , , , , , , 22.3648269, -0.0273594, , , , , , , 22.3648269, 0.0166171, , , , , , , , , , , , , , , , , , , , , , , , , , , , 
22.3653462, 0.0045319, , , , , , , 22.3653462, 0.0001678, , , , , , , 22.3653462, -0.0119173, , , , , , , 22.3653462, 0.0166171, , , , , , , , , , , , , , , , , , , , , , , , , , , , 
22.3658654, 0.0179599, , , , , , , 22.3658654, -0.0323949, , , , , , , 22.3658654, -0.0031891, , , , , , , 22.3658654, 0.0129244, , , , , , , , , , , , , , , , , , , , , , , , , , , , 
22.3663846, 0.0263523, , , , , , , 22.3663846, -0.0572366, , , , , , , 22.3663846, -0.0038605, , , , , , , 22.3663846, 0.0052033, , , , , , , , , , , , , , , , , , , , , , , , , , , , 
22.3669038, 0.0303807, , , , , , , 22.3669038, -0.0755322, , , , , , , 22.3669038, -0.012253, , , , , , , 22.3669038, -0.0028534, , , , , , , , , , , , , , , , , , , , , , , , , , , , 
22.3674231, 0.0307164, , , , , , , 22.3674231, -0.0743572, , , , , , , 22.3674231, -0.0243381, , , , , , , 22.3674231, -0.008896, , , , , , , , , , , , , , , , , , , , , , , , , , , , 
22.3679423, 0.0354162, , , , , , , 22.3679423, -0.0417945, , , , , , , 22.3679423, -0.0360876, , , , , , , 22.3679423, -0.0105745, , , , , , , , , , , , , , , , , , , , , , , , , , , , 
22.3684615, 0.0421302, , , , , , , 22.3684615, 0.0052033, , , , , , , 22.3684615, -0.040116, , , , , , , 22.3684615, -0.0124208, , , , , , , , , , , , , , , , , , , , , , , , , , , , 
22.3689808, 0.0520333, , , , , , , 22.3689808, 0.0458228, , , , , , , 22.3689808, -0.0377661, , , , , , , 22.3689808, -0.0151064, , , , , , , , , , , , , , , , , , , , , , , , , , , , 
22.3695, 0.0669718, , , , , , , 22.3695, 0.0716716, , , , , , , 22.3695, -0.0293736, , , , , , , 22.3695, -0.017792, , , , , , , , , , , , , , , , , , , , , , , , , , , , 
22.3700192, 0.079057, , , , , , , 22.3700192, 0.079057, , , , , , , 22.3700192, -0.0142672, , , , , , , 22.3700192, -0.0193027, , , , , , , , , , , , , , , , , , , , , , , , , , , , 
22.3705385, 0.0850996, , , , , , , 22.3705385, 0.0616007, , , , , , , 22.3705385, 0.0025177, , , , , , , 22.3705385, -0.0169528, , , , , , , , , , , , , , , , , , , , , , , , , , , , 
22.3710577, 0.0874495, , , , , , , 22.3710577, 0.033402, , , , , , , 22.3710577, 0.0169528, , , , , , , 22.3710577, -0.0142672, , , , , , , , , , , , , , , , , , , , , , , , , , , , 
22.3715769, 0.0844282, , , , , , , 22.3715769, 0.0206455, , , , , , , 22.3715769, 0.0303807, , , , , , , 22.3715769, -0.0082246, , , , , , , , , , , , , , , , , , , , , , , , , , , , 
22.3720962, 0.0750286, , , , , , , 22.3720962, 0.0105745, , , , , , , 22.3720962, 0.0421302, , , , , , , 22.3720962, 0.0011749, , , , , , , , , , , , , , , , , , , , , , , , , , , , 
22.3726154, 0.0636149, , , , , , , 22.3726154, -0.0125887, , , , , , , 22.3726154, 0.0555581, , , , , , , 22.3726154, 0.0065461, , , , , , , , , , , , , , , , , , , , , , , , , , , , 
22.3731346, 0.0532082, , , , , , , 22.3731346, -0.0317235, , , , , , , 22.3731346, 0.0666361, , , , , , , 22.3731346, 0.0097353, , , , , , , , , , , , , , , , , , , , , , , , , , , , 
22.3736538, 0.0377661, , , , , , , 22.3736538, -0.0310521, , , , , , , 22.3736538, 0.0713359, , , , , , , 22.3736538, 0.0114137, , , , , , , , , , , , , , , , , , , , , , , , , , , , 
22.3741731, 0.0231632, , , , , , , 22.3741731, -0.017792, , , , , , , 22.3741731, 0.072343, , , , , , , 22.3741731, 0.0142672, , , , , , , , , , , , , , , , , , , , , , , , , , , , 
22.3746923, 0.0159457, , , , , , , 22.3746923, -0.005539, , , , , , , 22.3746923, 0.0753643, , , , , , , 22.3746923, 0.0196384, , , , , , , , , , , , , , , , , , , , , , , , , , , , 
22.3752115, 0.0102388, , , , , , , 22.3752115, 0.0001678, , , , , , , 22.3752115, 0.0783856, , , , , , , 22.3752115, 0.0263523, , , , , , , , , , , , , , , , , , , , , , , , , , , , 
22.3757308, -0.0048676, , , , , , , 22.3757308, 0.0028534, , , , , , , 22.3757308, 0.0800641, , , , , , , 22.3757308, 0.0354162, , , , , , , , , , , , , , , , , , , , , , , , , , , , 
22.37625, -0.0246738, , , , , , , 22.37625, 0.0082246, , , , , , , 22.37625, 0.0809033, , , , , , , 22.37625, 0.0461585, , , , , , , , , , , , , , , , , , , , , , , , , , , , 
22.3767692, -0.0354162, , , , , , , 22.3767692, 0.0166171, , , , , , , 22.3767692, 0.0780499, , , , , , , 22.3767692, 0.0540475, , , , , , , , , , , , , , , , , , , , , , , , , , , , 
22.3772885, -0.0377661, , , , , , , 22.3772885, 0.0179599, , , , , , , 22.3772885, 0.0716716, , , , , , , 22.3772885, 0.0533761, , , , , , , , , , , , , , , , , , , , , , , , , , , , 
22.3778077, -0.0471656, , , , , , , 22.3778077, 0.0132601, , , , , , , 22.3778077, 0.0639506, , , , , , , 22.3778077, 0.0473335, , , , , , , , , , , , , , , , , , , , , , , , , , , , 
22.3783269, -0.0565652, , , , , , , 22.3783269, 0.0146029, , , , , , , 22.3783269, 0.0580758, , , , , , , 22.3783269, 0.0387732, , , , , , , , , , , , , , , , , , , , , , , , , , , , 
22.3788462, -0.0565652, , , , , , , 22.3788462, 0.0219883, , , , , , , 22.3788462, 0.0558938, , , , , , , 22.3788462, 0.0283665, , , , , , , , , , , , , , , , , , , , , , , , , , , , 
22.3793654, -0.0486763, , , , , , , 22.3793654, 0.0273594, , , , , , , 22.3793654, 0.0553902, , , , , , , 22.3793654, 0.0152743, , , , , , , , , , , , , , , , , , , , , , , , , , , , 
22.3798846, -0.0305486, , , , , , , 22.3798846, 0.030045, , , , , , , 22.3798846, 0.0515297, , , , , , , 22.3798846, 0.0045319, , , , , , , , , , , , , , , , , , , , , , , , , , , , 
22.3804038, -0.0115816, , , , , , , 22.3804038, 0.0374304, , , , , , , 22.3804038, 0.0486763, , , , , , , 22.3804038, -0.0041962, , , , , , , , , , , , , , , , , , , , , , , , , , , , 
22.3809231, 0.0008392, , , , , , , 22.3809231, 0.0481727, , , , , , , 22.3809231, 0.0522011, , , , , , , 22.3809231, -0.0095674, , , , , , , , , , , , , , , , , , , , , , , , , , , , 
22.3814423, 0.0115816, , , , , , , 22.3814423, 0.0501869, , , , , , , 22.3814423, 0.0555581, , , , , , , 22.3814423, -0.0124208, , , , , , , , , , , , , , , , , , , , , , , , , , , , 
22.3819615, 0.0182956, , , , , , , 22.3819615, 0.0411231, , , , , , , 22.3819615, 0.0548867, , , , , , , 22.3819615, -0.0127565, , , , , , , , , , , , , , , , , , , , , , , , , , , , 
22.3824808, 0.024506, , , , , , , 22.3824808, 0.0280308, , , , , , , 22.3824808, 0.0475013, , , , , , , 22.3824808, -0.0125887, , , , , , , , , , , , , , , , , , , , , , , , , , , , 
22.383, 0.0270237, , , , , , , 22.383, 0.0226596, , , , , , , 22.383, 0.0303807, , , , , , , 22.383, -0.0135958, , , , , , , , , , , , , , , , , , , , , , , , , , , , 
22.3835192, 0.0226596, , , , , , , 22.3835192, 0.0229953, , , , , , , 22.3835192, 0.0085603, , , , , , , 22.3835192, -0.0166171, , , , , , , , , , , , , , , , , , , , , , , , , , , , 
22.3840385, 0.0199741, , , , , , , 22.3840385, 0.0209812, , , , , , , 22.3840385, -0.0223239, , , , , , , 22.3840385, -0.0206455, , , , , , , , , , , , , , , , , , , , , , , , , , , , 
22.3845577, 0.0219883, , , , , , , 22.3845577, 0.0223239, , , , , , , 22.3845577, -0.0740215, , , , , , , 22.3845577, -0.0283665, , , , , , , , , , , , , , , , , , , , , , , , , , , , 
22.3850769, 0.0260166, , , , , , , 22.3850769, 0.0317235, , , , , , , 22.3850769, -0.1441825, , , , , , , 22.3850769, -0.0287022, , , , , , , , , , , , , , , , , , , , , , , , , , , , 
22.3855962, 0.0280308, , , , , , , 22.3855962, 0.0428016, , , , , , , 22.3855962, -0.1962158, , , , , , , 22.3855962, -0.0196384, , , , , , , , , , , , , , , , , , , , , , , , , , , , 
22.3861154, 0.0292058, , , , , , , 22.3861154, 0.0503548, , , , , , , 22.3861154, -0.2096437, , , , , , , 22.3861154, -0.0072175, , , , , , , , , , , , , , , , , , , , , , , , , , , , 
22.3866346, 0.030045, , , , , , , 22.3866346, 0.0528725, , , , , , , 22.3866346, -0.1975586, , , , , , , 22.3866346, 0.0057069, , , , , , , , , , , , , , , , , , , , , , , , , , , , 
22.3871538, 0.0313878, , , , , , , 22.3871538, 0.054551, , , , , , , 22.3871538, -0.1871519, , , , , , , 22.3871538, 0.0186313, , , , , , , , , , , , , , , , , , , , , , , , , , , , 
22.3876731, 0.0330663, , , , , , , 22.3876731, 0.0589151, , , , , , , 22.3876731, -0.1858091, , , , , , , 22.3876731, 0.0280308, , , , , , , , , , , , , , , , , , , , , , , , , , , , 
22.3881923, 0.036759, , , , , , , 22.3881923, 0.0525368, , , , , , , 22.3881923, -0.1874876, , , , , , , 22.3881923, 0.0344091, , , , , , , , , , , , , , , , , , , , , , , , , , , , 
22.3887115, 0.0468299, , , , , , , 22.3887115, 0.026688, , , , , , , 22.3887115, -0.184802, , , , , , , 22.3887115, 0.0387732, , , , , , , , , , , , , , , , , , , , , , , , , , , , 
22.3892308, 0.0629435, , , , , , , 22.3892308, -0.0112459, , , , , , , 22.3892308, -0.1727169, , , , , , , 22.3892308, 0.0350805, , , , , , , , , , , , , , , , , , , , , , , , , , , , 
22.38975, 0.0750286, , , , , , , 22.38975, -0.0525368, , , , , , , 22.38975, -0.1592889, , , , , , , 22.38975, 0.0260166, , , , , , , , , , , , , , , , , , , , , , , , , , , , 
22.3902692, 0.085771, , , , , , , 22.3902692, -0.0809033, , , , , , , 22.3902692, -0.1478752, , , , , , , 22.3902692, 0.0184634, , , , , , , , , , , , , , , , , , , , , , , , , , , , 
22.3907885, 0.0956741, , , , , , , 22.3907885, -0.0897993, , , , , , , 22.3907885, -0.1267262, , , , , , , 22.3907885, 0.0105745, , , , , , , , , , , , , , , , , , , , , , , , , , , , 
22.3913077, 0.0941634, , , , , , , 22.3913077, -0.0894636, , , , , , , 22.3913077, -0.0931563, , , , , , , 22.3913077, 0.0036927, , , , , , , , , , , , , , , , , , , , , , , , , , , , 
22.3918269, 0.0850996, , , , , , , 22.3918269, -0.0842603, , , , , , , 22.3918269, -0.0582437, , , , , , , 22.3918269, 0.0025177, , , , , , , , , , , , , , , , , , , , , , , , , , , , 
22.3923462, 0.073518, , , , , , , 22.3923462, -0.0706645, , , , , , , 22.3923462, -0.0250095, , , , , , , 22.3923462, 0.0105745, , , , , , , , , , , , , , , , , , , , , , , , , , , , 
22.3928654, 0.0589151, , , , , , , 22.3928654, -0.0532082, , , , , , , 22.3928654, 0.0124208, , , , , , , 22.3928654, 0.0250095, , , , , , , , , , , , , , , , , , , , , , , , , , , , 
22.3933846, 0.0417945, , , , , , , 22.3933846, -0.0391089, , , , , , , 22.3933846, 0.0542153, , , , , , , 22.3933846, 0.0382696, , , , , , , , , , , , , , , , , , , , , , , , , , , , 
22.3939038, 0.0260166, , , , , , , 22.3939038, -0.0317235, , , , , , , 22.3939038, 0.0897993, , , , , , , 22.3939038, 0.0471656, , , , , , , , , , , , , , , , , , , , , , , , , , , , 
22.3944231, 0.0105745, , , , , , , 22.3944231, -0.0344091, , , , , , , 22.3944231, 0.1094377, , , , , , , 22.3944231, 0.0548867, , , , , , , , , , , , , , , , , , , , , , , , , , , , 
22.3949423, -0.0052033, , , , , , , 22.3949423, -0.0424659, , , , , , , 22.3949423, 0.1099413, , , , , , , 22.3949423, 0.0616007, , , , , , , , , , , , , , , , , , , , , , , , , , , , 
22.3954615, -0.0216526, , , , , , , 22.3954615, -0.04448, , , , , , , 22.3954615, 0.0970169, , , , , , , 22.3954615, 0.0602579, , , , , , , , , , , , , , , , , , , , , , , , , , , , 
22.3959808, -0.0391089, , , , , , , 22.3959808, -0.0354162, , , , , , , 22.3959808, 0.0793927, , , , , , , 22.3959808, 0.0552224, , , , , , , , , , , , , , , , , , , , , , , , , , , , 
22.3965, -0.0557259, , , , , , , 22.3965, -0.0169528, , , , , , , 22.3965, 0.0602579, , , , , , , 22.3965, 0.0454871, , , , , , , , , , , , , , , , , , , , , , , , , , , , 
22.3970192, -0.0726787, , , , , , , 22.3970192, 0.0109102, , , , , , , 22.3970192, 0.0411231, , , , , , , 22.3970192, 0.0327306, , , , , , , , , , , , , , , , , , , , , , , , , , , , 
22.3975385, -0.0820783, , , , , , , 22.3975385, 0.0446479, , , , , , , 22.3975385, 0.023331, , , , , , , 22.3975385, 0.0199741, , , , , , , , , , , , , , , , , , , , , , , , , , , , 
22.3980577, -0.0867781, , , , , , , 22.3980577, 0.0626078, , , , , , , 22.3980577, 0.0041962, , , , , , , 22.3980577, 0.0130922, , , , , , , , , , , , , , , , , , , , , , , , , , , , 
22.3985769, -0.0894636, , , , , , , 22.3985769, 0.0508583, , , , , , , 22.3985769, -0.01561, , , , , , , 22.3985769, 0.008896, , , , , , , , , , , , , , , , , , , , , , , , , , , , 
22.3990962, -0.0867781, , , , , , , 22.3990962, 0.0260166, , , , , , , 22.3990962, -0.0364233, , , , , , , 22.3990962, 0.0018463, , , , , , , , , , , , , , , , , , , , , , , , , , , , 
22.3996154, -0.0733501, , , , , , , 22.3996154, 0.0075532, , , , , , , 22.3996154, -0.0485084, , , , , , , 22.3996154, -0.002182, , , , , , , , , , , , , , , , , , , , , , , , , , , , 
22.4001346, -0.0525368, , , , , , , 22.4001346, -0.0036927, , , , , , , 22.4001346, -0.0464942, , , , , , , 22.4001346, -0.0010071, , , , , , , , , , , , , , , , , , , , , , , , , , , , 
22.4006538, -0.036759, , , , , , , 22.4006538, 0.0008392, , , , , , , 22.4006538, -0.0370947, , , , , , , 22.4006538, 0.0018463, , , , , , , , , , , , , , , , , , , , , , , , , , , , 
22.4011731, -0.0250095, , , , , , , 22.4011731, 0.0354162, , , , , , , 22.4011731, -0.021149, , , , , , , 22.4011731, 0.0078889, , , , , , , , , , , , , , , , , , , , , , , , , , , , 
22.4016923, -0.0115816, , , , , , , 22.4016923, 0.0706645, , , , , , , 22.4016923, -0.0041962, , , , , , , 22.4016923, 0.0139315, , , , , , , , , , , , , , , , , , , , , , , , , , , , 
22.4022115, 0.0011749, , , , , , , 22.4022115, 0.0609293, , , , , , , 22.4022115, 0.0104067, , , , , , , 22.4022115, 0.0142672, , , , , , , , , , , , , , , , , , , , , , , , , , , , 
22.4027308, 0.0050355, , , , , , , 22.4027308, 0.0172885, , , , , , , 22.4027308, 0.0287022, , , , , , , 22.4027308, 0.0085603, , , , , , , , , , , , , , , , , , , , , , , , , , , , 
22.40325, 0.0065461, , , , , , , 22.40325, -0.0176242, , , , , , , 22.40325, 0.0528725, , , , , , , 22.40325, 0.0015106, , , , , , , , , , , , , , , , , , , , , , , , , , , , 
22.4037692, 0.0124208, , , , , , , 22.4037692, -0.0270237, , , , , , , 22.4037692, 0.072343, , , , , , , 22.4037692, 0.0016785, , , , , , , , , , , , , , , , , , , , , , , , , , , , 
22.4042885, 0.0206455, , , , , , , 22.4042885, -0.0340734, , , , , , , 22.4042885, 0.0809033, , , , , , , 22.4042885, 0.0132601, , , , , , , , , , , , , , , , , , , , , , , , , , , , 
22.4048077, 0.0223239, , , , , , , 22.4048077, -0.0637827, , , , , , , 22.4048077, 0.0850996, , , , , , , 22.4048077, 0.030045, , , , , , , , , , , , , , , , , , , , , , , , , , , , 
22.4053269, 0.0226596, , , , , , , 22.4053269, -0.1092699, , , , , , , 22.4053269, 0.0908064, , , , , , , 22.4053269, 0.0384375, , , , , , , , , , , , , , , , , , , , , , , , , , , , 
22.4058462, 0.0280308, , , , , , , 22.4058462, -0.1441825, , , , , , , 22.4058462, 0.0928206, , , , , , , 22.4058462, 0.0374304, , , , , , , , , , , , , , , , , , , , , , , , , , , , 
22.4063654, 0.0340734, , , , , , , 22.4063654, -0.1371328, , , , , , , 22.4063654, 0.0894636, , , , , , , 22.4063654, 0.0320592, , , , , , , , , , , , , , , , , , , , , , , , , , , , 
22.4068846, 0.0391089, , , , , , , 22.4068846, -0.0867781, , , , , , , 22.4068846, 0.0877852, , , , , , , 22.4068846, 0.0263523, , , , , , , , , , , , , , , , , , , , , , , , , , , , 
22.4074038, 0.0438087, , , , , , , 22.4074038, -0.0448157, , , , , , , 22.4074038, 0.0897993, , , , , , , 22.4074038, 0.0182956, , , , , , , , , , , , , , , , , , , , , , , , , , , , 
22.4079231, 0.0454871, , , , , , , 22.4079231, -0.0406195, , , , , , , 22.4079231, 0.0871138, , , , , , , 22.4079231, 0.008896, , , , , , , , , , , , , , , , , , , , , , , , , , , , 
22.4084423, 0.0438087, , , , , , , 22.4084423, -0.0473335, , , , , , , 22.4084423, 0.072343, , , , , , , 22.4084423, -0.0031891, , , , , , , , , , , , , , , , , , , , , , , , , , , , 
22.4089615, 0.0485084, , , , , , , 22.4089615, -0.0347448, , , , , , , 22.4089615, 0.0505226, , , , , , , 22.4089615, -0.0135958, , , , , , , , , , , , , , , , , , , , , , , , , , , , 
22.4094808, 0.0599222, , , , , , , 22.4094808, -0.0238346, , , , , , , 22.4094808, 0.0360876, , , , , , , 22.4094808, -0.0186313, , , , , , , , , , , , , , , , , , , , , , , , , , , , 
22.41, 0.0669718, , , , , , , 22.41, -0.0339055, , , , , , , 22.41, 0.0374304, , , , , , , 22.41, -0.0191348, , , , , , , , , , , , , , , , , , , , , , , , , , , , 
22.4105192, 0.0669718, , , , , , , 22.4105192, -0.0610971, , , , , , , 22.4105192, 0.0428016, , , , , , , 22.4105192, -0.0193027, , , , , , , , , , , , , , , , , , , , , , , , , , , , 
22.4110385, 0.064622, , , , , , , 22.4110385, -0.085771, , , , , , , 22.4110385, 0.0441444, , , , , , , 22.4110385, -0.0176242, , , , , , , , , , , , , , , , , , , , , , , , , , , , 
22.4115577, 0.0621042, , , , , , , 22.4115577, -0.0854353, , , , , , , 22.4115577, 0.0364233, , , , , , , 22.4115577, -0.0171206, , , , , , , , , , , , , , , , , , , , , , , , , , , , 
22.4120769, 0.0585794, , , , , , , 22.4120769, -0.0669718, , , , , , , 22.4120769, 0.0263523, , , , , , , 22.4120769, -0.0176242, , , , , , , , , , , , , , , , , , , , , , , , , , , , 
22.4125962, 0.0548867, , , , , , , 22.4125962, -0.0473335, , , , , , , 22.4125962, 0.01561, , , , , , , 22.4125962, -0.0149386, , , , , , , , , , , , , , , , , , , , , , , , , , , , 
22.4131154, 0.0488441, , , , , , , 22.4131154, -0.033402, , , , , , , 22.4131154, 0.0041962, , , , , , , 22.4131154, -0.0109102, , , , , , , , , , , , , , , , , , , , , , , , , , , , 
22.4136346, 0.0360876, , , , , , , 22.4136346, -0.0196384, , , , , , , 22.4136346, -0.0035248, , , , , , , 22.4136346, -0.0075532, , , , , , , , , , , , , , , , , , , , , , , , , , , , 
22.4141538, 0.0219883, , , , , , , 22.4141538, -0.0005035, , , , , , , 22.4141538, -0.0099031, , , , , , , 22.4141538, -0.0065461, , , , , , , , , , , , , , , , , , , , , , , , , , , , 
22.4146731, 0.012253, , , , , , , 22.4146731, 0.01561, , , , , , , 22.4146731, -0.0142672, , , , , , , 22.4146731, -0.0048676, , , , , , , , , , , , , , , , , , , , , , , , , , , , 
22.4151923, 0.0038605, , , , , , , 22.4151923, 0.0172885, , , , , , , 22.4151923, -0.0135958, , , , , , , 22.4151923, -0.0001678, , , , , , , , , , , , , , , , , , , , , , , , , , , , 
22.4157115, -0.0062104, , , , , , , 22.4157115, 0.0119173, , , , , , , 22.4157115, -0.0162814, , , , , , , 22.4157115, 0.008896, , , , , , , , , , , , , , , , , , , , , , , , , , , , 
22.4162308, -0.0166171, , , , , , , 22.4162308, 0.0137636, , , , , , , 22.4162308, -0.0339055, , , , , , , 22.4162308, 0.0193027, , , , , , , , , , , , , , , , , , , , , , , , , , , , 
22.41675, -0.0260166, , , , , , , 22.41675, 0.0263523, , , , , , , 22.41675, -0.0621042, , , , , , , 22.41675, 0.0287022, , , , , , , , , , , , , , , , , , , , , , , , , , , , 
22.4172692, -0.0323949, , , , , , , 22.4172692, 0.040116, , , , , , , 22.4172692, -0.0830854, , , , , , , 22.4172692, 0.0357519, , , , , , , , , , , , , , , , , , , , , , , , , , , , 
22.4177885, -0.0344091, , , , , , , 22.4177885, 0.0515297, , , , , , , 22.4177885, -0.0918135, , , , , , , 22.4177885, 0.0387732, , , , , , , , , , , , , , , , , , , , , , , , , , , , 
22.4183077, -0.0406195, , , , , , , 22.4183077, 0.079057, , , , , , , 22.4183077, -0.0988632, , , , , , , 22.4183077, 0.0354162, , , , , , , , , , , , , , , , , , , , , , , , , , , , 
22.4188269, -0.04448, , , , , , , 22.4188269, 0.1072557, , , , , , , 22.4188269, -0.1104448, , , , , , , 22.4188269, 0.0290379, , , , , , , , , , , , , , , , , , , , , , , , , , , , 
22.4193462, -0.0365911, , , , , , , 22.4193462, 0.121355, , , , , , , 22.4193462, -0.1220264, , , , , , , 22.4193462, 0.0213169, , , , , , , , , , , , , , , , , , , , , , , , , , , , 
22.4198654, -0.0216526, , , , , , , 22.4198654, 0.117998, , , , , , , 22.4198654, -0.1267262, , , , , , , 22.4198654, 0.01561, , , , , , , , , , , , , , , , , , , , , , , , , , , , 
22.4203846, -0.0085603, , , , , , , 22.4203846, 0.0988632, , , , , , , 22.4203846, -0.1250477, , , , , , , 22.4203846, 0.0119173, , , , , , , , , , , , , , , , , , , , , , , , , , , , 
22.4209038, -0.0016785, , , , , , , 22.4209038, 0.061265, , , , , , , 22.4209038, -0.1250477, , , , , , , 22.4209038, 0.008896, , , , , , , , , , , , , , , , , , , , , , , , , , , , 
22.4214231, 0.0058747, , , , , , , 22.4214231, 0.0125887, , , , , , , 22.4214231, -0.1334401, , , , , , , 22.4214231, 0.0035248, , , , , , , , , , , , , , , , , , , , , , , , , , , , 
22.4219423, 0.0154421, , , , , , , 22.4219423, -0.03122, , , , , , , 22.4219423, -0.1478752, , , , , , , 22.4219423, -0.0031891, , , , , , , , , , , , , , , , , , , , , , , , , , , , 
22.4224615, 0.0246738, , , , , , , 22.4224615, -0.0649577, , , , , , , 22.4224615, -0.1606317, , , , , , , 22.4224615, -0.0025177, , , , , , , , , , , , , , , , , , , , , , , , , , , , 
22.4229808, 0.0285344, , , , , , , 22.4229808, -0.0904707, , , , , , , 22.4229808, -0.1643244, , , , , , , 22.4229808, 0.0070497, , , , , , , , , , , , , , , , , , , , , , , , , , , , 
22.4235, 0.0313878, , , , , , , 22.4235, -0.1169909, , , , , , , 22.4235, -0.1475395, , , , , , , 22.4235, 0.0218204, , , , , , , , , , , , , , , , , , , , , , , , , , , , 
22.4240192, 0.033402, , , , , , , 22.4240192, -0.1374685, , , , , , , 22.4240192, -0.110277, , , , , , , 22.4240192, 0.0325628, , , , , , , , , , , , , , , , , , , , , , , , , , , , 
22.4245385, 0.0357519, , , , , , , 22.4245385, -0.1253834, , , , , , , 22.4245385, -0.0679789, , , , , , , 22.4245385, 0.0347448, , , , , , , , , , , , , , , , , , , , , , , , , , , , 
22.4250577, 0.0347448, , , , , , , 22.4250577, -0.0854353, , , , , , , 22.4250577, -0.0330663, , , , , , , 22.4250577, 0.0293736, , , , , , , , , , , , , , , , , , , , , , , , , , , , 
22.4255769, 0.0313878, , , , , , , 22.4255769, -0.0481727, , , , , , , 22.4255769, -0.0018463, , , , , , , 22.4255769, 0.023331, , , , , , , , , , , , , , , , , , , , , , , , , , , , 
22.4260962, 0.026688, , , , , , , 22.4260962, -0.0323949, , , , , , , 22.4260962, 0.0302129, , , , , , , 22.4260962, 0.0218204, , , , , , , , , , , , , , , , , , , , , , , , , , , , 
22.4266154, 0.0219883, , , , , , , 22.4266154, -0.0317235, , , , , , , 22.4266154, 0.0552224, , , , , , , 22.4266154, 0.023331, , , , , , , , , , , , , , , , , , , , , , , , , , , , 
22.4271346, 0.0186313, , , , , , , 22.4271346, -0.0293736, , , , , , , 22.4271346, 0.0720073, , , , , , , 22.4271346, 0.0226596, , , , , , , , , , , , , , , , , , , , , , , , , , , , 
22.4276538, 0.0206455, , , , , , , 22.4276538, -0.0206455, , , , , , , 22.4276538, 0.093492, , , , , , , 22.4276538, 0.0219883, , , , , , , , , , , , , , , , , , , , , , , , , , , , 
22.4281731, 0.0240024, , , , , , , 22.4281731, -0.0082246, , , , , , , 22.4281731, 0.1173266, , , , , , , 22.4281731, 0.0218204, , , , , , , , , , , , , , , , , , , , , , , , , , , , 
22.4286923, 0.0260166, , , , , , , 22.4286923, 0.0075532, , , , , , , 22.4286923, 0.1337758, , , , , , , 22.4286923, 0.0216526, , , , , , , , , , , , , , , , , , , , , , , , , , , , 
22.4292115, 0.0374304, , , , , , , 22.4292115, 0.0199741, , , , , , , 22.4292115, 0.1404898, , , , , , , 22.4292115, 0.0226596, , , , , , , , , , , , , , , , , , , , , , , , , , , , 
22.4297308, 0.0533761, , , , , , , 22.4297308, 0.0240024, , , , , , , 22.4297308, 0.1408255, , , , , , , 22.4297308, 0.0231632, , , , , , , , , , , , , , , , , , , , , , , , , , , , 
22.43025, 0.0622721, , , , , , , 22.43025, 0.0203098, , , , , , , 22.43025, 0.1374685, , , , , , , 22.43025, 0.0182956, , , , , , , , , , , , , , , , , , , , , , , , , , , , 
22.4307692, 0.0627756, , , , , , , 22.4307692, 0.0191348, , , , , , , 22.4307692, 0.1284047, , , , , , , 22.4307692, 0.0125887, , , , , , , , , , , , , , , , , , , , , , , , , , , , 
22.4312885, 0.0622721, , , , , , , 22.4312885, 0.0213169, , , , , , , 22.4312885, 0.1116197, , , , , , , 22.4312885, 0.0085603, , , , , , , , , , , , , , , , , , , , , , , , , , , , 
22.4318077, 0.0602579, , , , , , , 22.4318077, 0.0176242, , , , , , , 22.4318077, 0.0887922, , , , , , , 22.4318077, 0.0052033, , , , , , , , , , , , , , , , , , , , , , , , , , , , 
22.4323269, 0.0575723, , , , , , , 22.4323269, 0.0125887, , , , , , , 22.4323269, 0.0582437, , , , , , , 22.4323269, 0.0028534, , , , , , , , , , , , , , , , , , , , , , , , , , , , 
22.4328462, 0.0515297, , , , , , , 22.4328462, 0.0146029, , , , , , , 22.4328462, 0.0193027, , , , , , , 22.4328462, 0.0016785, , , , , , , , , , , , , , , , , , , , , , , , , , , , 
22.4333654, 0.0428016, , , , , , , 22.4333654, 0.0182956, , , , , , , 22.4333654, -0.0216526, , , , , , , 22.4333654, 0.002182, , , , , , , , , , , , , , , , , , , , , , , , , , , , 
22.4338846, 0.033402, , , , , , , 22.4338846, 0.0193027, , , , , , , 22.4338846, -0.057908, , , , , , , 22.4338846, 0.0031891, , , , , , , , , , , , , , , , , , , , , , , , , , , , 
22.4344038, 0.0246738, , , , , , , 22.4344038, 0.0226596, , , , , , , 22.4344038, -0.0861067, , , , , , , 22.4344038, 0.0025177, , , , , , , , , , , , , , , , , , , , , , , , , , , , 
22.4349231, 0.0159457, , , , , , , 22.4349231, 0.0370947, , , , , , , 22.4349231, -0.109102, , , , , , , 22.4349231, -0.0005035, , , , , , , , , , , , , , , , , , , , , , , , , , , , 
22.4354423, 0.0072175, , , , , , , 22.4354423, 0.054551, , , , , , , 22.4354423, -0.1203479, , , , , , , 22.4354423, -0.0031891, , , , , , , , , , , , , , , , , , , , , , , , , , , , 
22.4359615, -0.0035248, , , , , , , 22.4359615, 0.0605936, , , , , , , 22.4359615, -0.1161517, , , , , , , 22.4359615, -0.0016785, , , , , , , , , , , , , , , , , , , , , , , , , , , , 
22.4364808, -0.0149386, , , , , , , 22.4364808, 0.0562295, , , , , , , 22.4364808, -0.0961776, , , , , , , 22.4364808, 0.0031891, , , , , , , , , , , , , , , , , , , , , , , , , , , , 
22.437, -0.030045, , , , , , , 22.437, 0.0495155, , , , , , , 22.437, -0.0585794, , , , , , , 22.437, 0.0119173, , , , , , , , , , , , , , , , , , , , , , , , , , , , 
22.4375192, -0.0454871, , , , , , , 22.4375192, 0.0364233, , , , , , , 22.4375192, -0.0125887, , , , , , , 22.4375192, 0.0187991, , , , , , , , , , , , , , , , , , , , , , , , , , , , 
22.4380385, -0.0558938, , , , , , , 22.4380385, 0.0152743, , , , , , , 22.4380385, 0.0283665, , , , , , , 22.4380385, 0.0172885, , , , , , , , , , , , , , , , , , , , , , , , , , , , 
22.4385577, -0.0562295, , , , , , , 22.4385577, 0.0011749, , , , , , , 22.4385577, 0.056733, , , , , , , 22.4385577, 0.0146029, , , , , , , , , , , , , , , , , , , , , , , , , , , , 
22.4390769, -0.047837, , , , , , , 22.4390769, 0.0072175, , , , , , , 22.4390769, 0.0688182, , , , , , , 22.4390769, 0.0139315, , , , , , , , , , , , , , , , , , , , , , , , , , , , 
22.4395962, -0.0310521, , , , , , , 22.4395962, 0.0261845, , , , , , , 22.4395962, 0.0693217, , , , , , , 22.4395962, 0.0095674, , , , , , , , , , , , , , , , , , , , , , , , , , , , 
22.4401154, -0.0135958, , , , , , , 22.4401154, 0.0394446, , , , , , , 22.4401154, 0.0594186, , , , , , , 22.4401154, 0.0052033, , , , , , , , , , , , , , , , , , , , , , , , , , , , 
22.4406346, -0.0016785, , , , , , , 22.4406346, 0.0340734, , , , , , , 22.4406346, 0.0397803, , , , , , , 22.4406346, 0.0011749, , , , , , , , , , , , , , , , , , , , , , , , , , , , 
22.4411538, 0.0085603, , , , , , , 22.4411538, 0.0152743, , , , , , , 22.4411538, 0.0085603, , , , , , , 22.4411538, 0.0005035, , , , , , , , , , , , , , , , , , , , , , , , , , , , 
22.4416731, 0.0167849, , , , , , , 22.4416731, -0.0036927, , , , , , , 22.4416731, -0.0260166, , , , , , , 22.4416731, 0.0025177, , , , , , , , , , , , , , , , , , , , , , , , , , , , 
22.4421923, 0.0209812, , , , , , , 22.4421923, -0.0176242, , , , , , , 22.4421923, -0.0518654, , , , , , , 22.4421923, 0.0104067, , , , , , , , , , , , , , , , , , , , , , , , , , , , 
22.4427115, 0.023331, , , , , , , 22.4427115, -0.0323949, , , , , , , 22.4427115, -0.0641184, , , , , , , 22.4427115, 0.0263523, , , , , , , , , , , , , , , , , , , , , , , , , , , , 
22.4432308, 0.0218204, , , , , , , 22.4432308, -0.0505226, , , , , , , 22.4432308, -0.0716716, , , , , , , 22.4432308, 0.0441444, , , , , , , , , , , , , , , , , , , , , , , , , , , , 
22.44375, 0.017792, , , , , , , 22.44375, -0.0599222, , , , , , , 22.44375, -0.082414, , , , , , , 22.44375, 0.0533761, , , , , , , , , , , , , , , , , , , , , , , , , , , , 
22.4442692, 0.014435, , , , , , , 22.4442692, -0.0505226, , , , , , , 22.4442692, -0.0924849, , , , , , , 22.4442692, 0.0491798, , , , , , , , , , , , , , , , , , , , , , , , , , , , 
22.4447885, 0.0132601, , , , , , , 22.4447885, -0.0256809, , , , , , , 22.4447885, -0.0983597, , , , , , , 22.4447885, 0.0384375, , , , , , , , , , , , , , , , , , , , , , , , , , , , 
22.4453077, 0.0092317, , , , , , , 22.4453077, -0.0025177, , , , , , , 22.4453077, -0.0971847, , , , , , , 22.4453077, 0.0298772, , , , , , , , , , , , , , , , , , , , , , , , , , , , 
22.4458269, 0.0072175, , , , , , , 22.4458269, 0.0105745, , , , , , , 22.4458269, -0.0854353, , , , , , , 22.4458269, 0.0229953, , , , , , , , , , , , , , , , , , , , , , , , , , , , 
22.4463462, 0.0048676, , , , , , , 22.4463462, 0.0236667, , , , , , , 22.4463462, -0.0654612, , , , , , , 22.4463462, 0.0164492, , , , , , , , , , , , , , , , , , , , , , , , , , , , 
22.4468654, 0.0050355, , , , , , , 22.4468654, 0.0307164, , , , , , , 22.4468654, -0.040116, , , , , , , 22.4468654, 0.0078889, , , , , , , , , , , , , , , , , , , , , , , , , , , , 
22.4473846, 0.0062104, , , , , , , 22.4473846, 0.0240024, , , , , , , 22.4473846, -0.0149386, , , , , , , 22.4473846, -0.0015106, , , , , , , , , , , , , , , , , , , , , , , , , , , , 
22.4479038, 0.0068818, , , , , , , 22.4479038, 0.0159457, , , , , , , 22.4479038, 0.0070497, , , , , , , 22.4479038, -0.0102388, , , , , , , , , , , , , , , , , , , , , , , , , , , , 
22.4484231, 0.0099031, , , , , , , 22.4484231, 0.0082246, , , , , , , 22.4484231, 0.0224918, , , , , , , 22.4484231, -0.0125887, , , , , , , , , , , , , , , , , , , , , , , , , , , , 
22.4489423, 0.0186313, , , , , , , 22.4489423, -0.0092317, , , , , , , 22.4489423, 0.0323949, , , , , , , 22.4489423, -0.0135958, , , , , , , , , , , , , , , , , , , , , , , , , , , , 
22.4494615, 0.0290379, , , , , , , 22.4494615, -0.0310521, , , , , , , 22.4494615, 0.0391089, , , , , , , 22.4494615, -0.0159457, , , , , , , , , , , , , , , , , , , , , , , , , , , , 
22.4499808, 0.0340734, , , , , , , 22.4499808, -0.0481727, , , , , , , 22.4499808, 0.0421302, , , , , , , 22.4499808, -0.01561, , , , , , , , , , , , , , , , , , , , , , , , , , , , 
22.4505, 0.0387732, , , , , , , 22.4505, -0.0491798, , , , , , , 22.4505, 0.0424659, , , , , , , 22.4505, -0.0119173, , , , , , , , , , , , , , , , , , , , , , , , , , , , 
22.4510192, 0.0438087, , , , , , , 22.4510192, -0.0339055, , , , , , , 22.4510192, 0.0394446, , , , , , , 22.4510192, -0.0112459, , , , , , , , , , , , , , , , , , , , , , , , , , , , 
22.4515385, 0.0461585, , , , , , , 22.4515385, -0.0216526, , , , , , , 22.4515385, 0.0381018, , , , , , , 22.4515385, -0.0112459, , , , , , , , , , , , , , , , , , , , , , , , , , , , 
22.4520577, 0.0459907, , , , , , , 22.4520577, -0.0169528, , , , , , , 22.4520577, 0.0381018, , , , , , , 22.4520577, -0.008896, , , , , , , , , , , , , , , , , , , , , , , , , , , , 
22.4525769, 0.036759, , , , , , , 22.4525769, -0.0075532, , , , , , , 22.4525769, 0.0397803, , , , , , , 22.4525769, -0.0065461, , , , , , , , , , , , , , , , , , , , , , , , , , , , 
22.4530962, 0.0219883, , , , , , , 22.4530962, 0.0078889, , , , , , , 22.4530962, 0.0448157, , , , , , , 22.4530962, -0.0041962, , , , , , , , , , , , , , , , , , , , , , , , , , , , 
22.4536154, 0.0102388, , , , , , , 22.4536154, 0.0298772, , , , , , , 22.4536154, 0.0542153, , , , , , , 22.4536154, 0.0011749, , , , , , , , , , , , , , , , , , , , , , , , , , , , 
22.4541346, 0.0048676, , , , , , , 22.4541346, 0.0481727, , , , , , , 22.4541346, 0.064622, , , , , , , 22.4541346, 0.0058747, , , , , , , , , , , , , , , , , , , , , , , , , , , , 
22.4546538, 0.0003357, , , , , , , 22.4546538, 0.0580758, , , , , , , 22.4546538, 0.0750286, , , , , , , 22.4546538, 0.0119173, , , , , , , , , , , , , , , , , , , , , , , , , , , , 
22.4551731, -0.0092317, , , , , , , 22.4551731, 0.051194, , , , , , , 22.4551731, 0.0938277, , , , , , , 22.4551731, 0.0176242, , , , , , , , , , , , , , , , , , , , , , , , , , , , 
22.4556923, -0.0206455, , , , , , , 22.4556923, 0.0297093, , , , , , , 22.4556923, 0.1151446, , , , , , , 22.4556923, 0.0179599, , , , , , , , , , , , , , , , , , , , , , , , , , , , 
22.4562115, -0.0290379, , , , , , , 22.4562115, 0.0001678, , , , , , , 22.4562115, 0.1287404, , , , , , , 22.4562115, 0.0176242, , , , , , , , , , , , , , , , , , , , , , , , , , , , 
22.4567308, -0.0327306, , , , , , , 22.4567308, -0.0337377, , , , , , , 22.4567308, 0.1270619, , , , , , , 22.4567308, 0.0162814, , , , , , , , , , , , , , , , , , , , , , , , , , , , 
22.45725, -0.0391089, , , , , , , 22.45725, -0.0626078, , , , , , , 22.45725, 0.1126268, , , , , , , 22.45725, 0.0139315, , , , , , , , , , , , , , , , , , , , , , , , , , , , 
22.4577692, -0.043473, , , , , , , 22.4577692, -0.0726787, , , , , , , 22.4577692, 0.1008774, , , , , , , 22.4577692, 0.0132601, , , , , , , , , , , , , , , , , , , , , , , , , , , , 
22.4582885, -0.0404517, , , , , , , 22.4582885, -0.0706645, , , , , , , 22.4582885, 0.093492, , , , , , , 22.4582885, 0.012253, , , , , , , , , , , , , , , , , , , , , , , , , , , , 
22.4588077, -0.0332341, , , , , , , 22.4588077, -0.0844282, , , , , , , 22.4588077, 0.0750286, , , , , , , 22.4588077, 0.0102388, , , , , , , , , , , , , , , , , , , , , , , , , , , , 
22.4593269, -0.0203098, , , , , , , 22.4593269, -0.1116197, , , , , , , 22.4593269, 0.0387732, , , , , , , 22.4593269, 0.0083925, , , , , , , , , , , , , , , , , , , , , , , , , , , , 
22.4598462, -0.002182, , , , , , , 22.4598462, -0.1297475, , , , , , , 22.4598462, -0.0149386, , , , , , , 22.4598462, 0.0048676, , , , , , , , , , , , , , , , , , , , , , , , , , , , 
22.4603654, 0.0132601, , , , , , , 22.4603654, -0.1351186, , , , , , , 22.4603654, -0.0715038, , , , , , , 22.4603654, 0.0011749, , , , , , , , , , , , , , , , , , , , , , , , , , , , 
22.4608846, 0.0226596, , , , , , , 22.4608846, -0.1272297, , , , , , , 22.4608846, -0.1215229, , , , , , , 22.4608846, 0.0018463, , , , , , , , , , , , , , , , , , , , , , , , , , , , 
22.4614038, 0.0310521, , , , , , , 22.4614038, -0.1062486, , , , , , , 22.4614038, -0.1686885, , , , , , , 22.4614038, 0.0038605, , , , , , , , , , , , , , , , , , , , , , , , , , , , 
22.4619231, 0.0360876, , , , , , , 22.4619231, -0.0740215, , , , , , , 22.4619231, -0.2190433, , , , , , , 22.4619231, 0.0045319, , , , , , , , , , , , , , , , , , , , , , , , , , , , 
22.4624423, 0.0364233, , , , , , , 22.4624423, -0.0303807, , , , , , , 22.4624423, -0.2643626, , , , , , , 22.4624423, 0.0082246, , , , , , , , , , , , , , , , , , , , , , , , , , , , 
22.4629615, 0.0332341, , , , , , , 22.4629615, 0.0052033, , , , , , , 22.4629615, -0.2888685, , , , , , , 22.4629615, 0.0172885, , , , , , , , , , , , , , , , , , , , , , , , , , , , 
22.4634808, 0.0287022, , , , , , , 22.4634808, 0.0157778, , , , , , , 22.4634808, -0.290547, , , , , , , 22.4634808, 0.0292058, , , , , , , , , , , , , , , , , , , , , , , , , , , , 
22.464, 0.0240024, , , , , , , 22.464, 0.0119173, , , , , , , 22.464, -0.2678874, , , , , , , 22.464, 0.0481727, , , , , , , , , , , , , , , , , , , , , , , , , , , , 
22.4645192, 0.0213169, , , , , , , 22.4645192, 0.0031891, , , , , , , 22.4645192, -0.223743, , , , , , , 22.4645192, 0.0706645, , , , , , , , , , , , , , , , , , , , , , , , , , , , 
22.4650385, 0.0139315, , , , , , , 22.4650385, -0.0008392, , , , , , , 22.4650385, -0.1693599, , , , , , , 22.4650385, 0.0877852, , , , , , , , , , , , , , , , , , , , , , , , , , , , 
22.4655577, 0.0078889, , , , , , , 22.4655577, -0.002182, , , , , , , 22.4655577, -0.1173266, , , , , , , 22.4655577, 0.0914778, , , , , , , , , , , , , , , , , , , , , , , , , , , , 
22.4660769, 0.0152743, , , , , , , 22.4660769, -0.0050355, , , , , , , 22.4660769, -0.0733501, , , , , , , 22.4660769, 0.082414, , , , , , , , , , , , , , , , , , , , , , , , , , , , 
22.4665962, 0.023331, , , , , , , 22.4665962, -0.0015106, , , , , , , 22.4665962, -0.0357519, , , , , , , 22.4665962, 0.073518, , , , , , , , , , , , , , , , , , , , , , , , , , , , 
22.4671154, 0.0191348, , , , , , , 22.4671154, 0.0099031, , , , , , , 22.4671154, -0.0011749, , , , , , , 22.4671154, 0.0676432, , , , , , , , , , , , , , , , , , , , , , , , , , , , 
22.4676346, 0.0102388, , , , , , , 22.4676346, 0.0219883, , , , , , , 22.4676346, 0.0271916, , , , , , , 22.4676346, 0.0589151, , , , , , , , , , , , , , , , , , , , , , , , , , , , 
22.4681538, 0.0078889, , , , , , , 22.4681538, 0.0231632, , , , , , , 22.4681538, 0.0491798, , , , , , , 22.4681538, 0.0428016, , , , , , , , , , , , , , , , , , , , , , , , , , , , 
22.4686731, 0.0151064, , , , , , , 22.4686731, 0.0045319, , , , , , , 22.4686731, 0.0676432, , , , , , , 22.4686731, 0.0223239, , , , , , , , , , , , , , , , , , , , , , , , , , , , 
22.4691923, 0.0260166, , , , , , , 22.4691923, -0.0186313, , , , , , , 22.4691923, 0.0864424, , , , , , , 22.4691923, 0.0030213, , , , , , , , , , , , , , , , , , , , , , , , , , , , 
22.4697115, 0.0305486, , , , , , , 22.4697115, -0.0265202, , , , , , , 22.4697115, 0.105745, , , , , , , 22.4697115, -0.008896, , , , , , , , , , , , , , , , , , , , , , , , , , , , 
22.4702308, 0.033402, , , , , , , 22.4702308, -0.0246738, , , , , , , 22.4702308, 0.1243763, , , , , , , 22.4702308, -0.0159457, , , , , , , , , , , , , , , , , , , , , , , , , , , , 
22.47075, 0.0424659, , , , , , , 22.47075, -0.0337377, , , , , , , 22.47075, 0.1406577, , , , , , , 22.47075, -0.0196384, , , , , , , , , , , , , , , , , , , , , , , , , , , , 
22.4712692, 0.0528725, , , , , , , 22.4712692, -0.0518654, , , , , , , 22.4712692, 0.1512322, , , , , , , 22.4712692, -0.0219883, , , , , , , , , , , , , , , , , , , , , , , , , , , , 
22.4717885, 0.0582437, , , , , , , 22.4717885, -0.0679789, , , , , , , 22.4717885, 0.156939, , , , , , , 22.4717885, -0.0273594, , , , , , , , , , , , , , , , , , , , , , , , , , , , 
22.4723077, 0.0515297, , , , , , , 22.4723077, -0.0726787, , , , , , , 22.4723077, 0.1577783, , , , , , , 22.4723077, -0.0340734, , , , , , , , , , , , , , , , , , , , , , , , , , , , 
22.4728269, 0.0381018, , , , , , , 22.4728269, -0.0532082, , , , , , , 22.4728269, 0.1552605, , , , , , , 22.4728269, -0.0377661, , , , , , , , , , , , , , , , , , , , , , , , , , , , 
22.4733462, 0.026688, , , , , , , 22.4733462, -0.0058747, , , , , , , 22.4733462, 0.1470359, , , , , , , 22.4733462, -0.0386053, , , , , , , , , , , , , , , , , , , , , , , , , , , , 
22.4738654, 0.0216526, , , , , , , 22.4738654, 0.0481727, , , , , , , 22.4738654, 0.1287404, , , , , , , 22.4738654, -0.0357519, , , , , , , , , , , , , , , , , , , , , , , , , , , , 
22.4743846, 0.0258488, , , , , , , 22.4743846, 0.0817426, , , , , , , 22.4743846, 0.1062486, , , , , , , 22.4743846, -0.030045, , , , , , , , , , , , , , , , , , , , , , , , , , , , 
22.4749038, 0.0307164, , , , , , , 22.4749038, 0.0802319, , , , , , , 22.4749038, 0.0864424, , , , , , , 22.4749038, -0.0231632, , , , , , , , , , , , , , , , , , , , , , , , , , , , 
22.4754231, 0.0283665, , , , , , , 22.4754231, 0.0535439, , , , , , , 22.4754231, 0.0681468, , , , , , , 22.4754231, -0.0112459, , , , , , , , , , , , , , , , , , , , , , , , , , , , 
22.4759423, 0.0203098, , , , , , , 22.4759423, 0.0179599, , , , , , , 22.4759423, 0.04448, , , , , , , 22.4759423, -0.0001678, , , , , , , , , , , , , , , , , , , , , , , , , , , , 
22.4764615, 0.0152743, , , , , , , 22.4764615, -0.002182, , , , , , , 22.4764615, 0.0117494, , , , , , , 22.4764615, 0.005539, , , , , , , , , , , , , , , , , , , , , , , , , , , , 
22.4769808, 0.0095674, , , , , , , 22.4769808, 0.0005035, , , , , , , 22.4769808, -0.0394446, , , , , , , 22.4769808, 0.0078889, , , , , , , , , , , , , , , , , , , , , , , , , , , , 
22.4775, 0.0048676, , , , , , , 22.4775, 0.0065461, , , , , , , 22.4775, -0.1117876, , , , , , , 22.4775, 0.0119173, , , , , , , , , , , , , , , , , , , , , , , , , , , , 
22.4780192, -0.0008392, , , , , , , 22.4780192, 0.0109102, , , , , , , 22.4780192, -0.1901732, , , , , , , 22.4780192, 0.01561, , , , , , , , , , , , , , , , , , , , , , , , , , , , 
22.4785385, -0.0072175, , , , , , , 22.4785385, 0.0169528, , , , , , , 22.4785385, -0.2505989, , , , , , , 22.4785385, 0.0181277, , , , , , , , , , , , , , , , , , , , , , , , , , , , 
22.4790577, -0.0068818, , , , , , , 22.4790577, 0.0193027, , , , , , , 22.4790577, -0.2868544, , , , , , , 22.4790577, 0.0186313, , , , , , , , , , , , , , , , , , , , , , , , , , , , 
22.4795769, 0.002182, , , , , , , 22.4795769, 0.012253, , , , , , , 22.4795769, -0.3059892, , , , , , , 22.4795769, 0.0219883, , , , , , , , , , , , , , , , , , , , , , , , , , , , 
22.4800962, 0.0102388, , , , , , , 22.4800962, -0.0129244, , , , , , , 22.4800962, -0.297261, , , , , , , 22.4800962, 0.0365911, , , , , , , , , , , , , , , , , , , , , , , , , , , , 
22.4806154, 0.0125887, , , , , , , 22.4806154, -0.0461585, , , , , , , 22.4806154, -0.2603342, , , , , , , 22.4806154, 0.0587472, , , , , , , , , , , , , , , , , , , , , , , , , , , , 
22.4811346, 0.0090639, , , , , , , 22.4811346, -0.0673075, , , , , , , 22.4811346, -0.2089723, , , , , , , 22.4811346, 0.0782177, , , , , , , , , , , , , , , , , , , , , , , , , , , , 
22.4816538, 0.0068818, , , , , , , 22.4816538, -0.0663005, , , , , , , 22.4816538, -0.154757, , , , , , , 22.4816538, 0.0897993, , , , , , , , , , , , , , , , , , , , , , , , , , , , 
22.4821731, 0.0035248, , , , , , , 22.4821731, -0.0485084, , , , , , , 22.4821731, -0.1054093, , , , , , , 22.4821731, 0.0904707, , , , , , , , , , , , , , , , , , , , , , , , , , , , 
22.4826923, 0.002182, , , , , , , 22.4826923, -0.023331, , , , , , , 22.4826923, -0.0659648, , , , , , , 22.4826923, 0.0817426, , , , , , , , , , , , , , , , , , , , , , , , , , , , 
22.4832115, 0.0028534, , , , , , , 22.4832115, -0.0038605, , , , , , , 22.4832115, -0.0307164, , , , , , , 22.4832115, 0.070161, , , , , , , , , , , , , , , , , , , , , , , , , , , , 
22.4837308, -0.0008392, , , , , , , 22.4837308, 0.0078889, , , , , , , 22.4837308, 0.0031891, , , , , , , 22.4837308, 0.0555581, , , , , , , , , , , , , , , , , , , , , , , , , , , , 
22.48425, -0.008896, , , , , , , 22.48425, 0.0102388, , , , , , , 22.48425, 0.0325628, , , , , , , 22.48425, 0.0391089, , , , , , , , , , , , , , , , , , , , , , , , , , , , 
22.4847692, -0.0119173, , , , , , , 22.4847692, 0.0104067, , , , , , , 22.4847692, 0.0548867, , , , , , , 22.4847692, 0.0255131, , , , , , , , , , , , , , , , , , , , , , , , , , , , 
22.4852885, -0.0095674, , , , , , , 22.4852885, 0.0216526, , , , , , , 22.4852885, 0.0715038, , , , , , , 22.4852885, 0.0157778, , , , , , , , , , , , , , , , , , , , , , , , , , , , 
22.4858077, -0.0151064, , , , , , , 22.4858077, 0.0340734, , , , , , , 22.4858077, 0.0847639, , , , , , , 22.4858077, 0.0068818, , , , , , , , , , , , , , , , , , , , , , , , , , , , 
22.4863269, -0.0186313, , , , , , , 22.4863269, 0.0337377, , , , , , , 22.4863269, 0.0988632, , , , , , , 22.4863269, -0.0001678, , , , , , , , , , , , , , , , , , , , , , , , , , , , 
22.4868462, -0.0176242, , , , , , , 22.4868462, 0.0226596, , , , , , , 22.4868462, 0.1132982, , , , , , , 22.4868462, -0.0048676, , , , , , , , , , , , , , , , , , , , , , , , , , , , 
22.4873654, -0.0172885, , , , , , , 22.4873654, 0.0119173, , , , , , , 22.4873654, 0.1263905, , , , , , , 22.4873654, -0.0092317, , , , , , , , , , , , , , , , , , , , , , , , , , , , 
22.4878846, -0.0142672, , , , , , , 22.4878846, 0.0035248, , , , , , , 22.4878846, 0.1371328, , , , , , , 22.4878846, -0.0135958, , , , , , , , , , , , , , , , , , , , , , , , , , , , 
22.4884038, -0.0041962, , , , , , , 22.4884038, -0.0035248, , , , , , , 22.4884038, 0.1414969, , , , , , , 22.4884038, -0.0149386, , , , , , , , , , , , , , , , , , , , , , , , , , , , 
22.4889231, 0.0132601, , , , , , , 22.4889231, -0.0092317, , , , , , , 22.4889231, 0.139147, , , , , , , 22.4889231, -0.0172885, , , , , , , , , , , , , , , , , , , , , , , , , , , , 
22.4894423, 0.0337377, , , , , , , 22.4894423, -0.011078, , , , , , , 22.4894423, 0.1300832, , , , , , , 22.4894423, -0.0209812, , , , , , , , , , , , , , , , , , , , , , , , , , , , 
22.4899615, 0.0527047, , , , , , , 22.4899615, -0.0058747, , , , , , , 22.4899615, 0.1188373, , , , , , , 22.4899615, -0.0216526, , , , , , , , , , , , , , , , , , , , , , , , , , , , 
22.4904808, 0.0661326, , , , , , , 22.4904808, 0.0065461, , , , , , , 22.4904808, 0.10692, , , , , , , 22.4904808, -0.0216526, , , , , , , , , , , , , , , , , , , , , , , , , , , , 
22.491, 0.0773785, , , , , , , 22.491, 0.0105745, , , , , , , 22.491, 0.0928206, , , , , , , 22.491, -0.0226596, , , , , , , , , , , , , , , , , , , , , , , , , , , , 
22.4915192, 0.0850996, , , , , , , 22.4915192, 0.0011749, , , , , , , 22.4915192, 0.0750286, , , , , , , 22.4915192, -0.023331, , , , , , , , , , , , , , , , , , , , , , , , , , , , 
22.4920385, 0.0854353, , , , , , , 22.4920385, -0.0030213, , , , , , , 22.4920385, 0.057908, , , , , , , 22.4920385, -0.0209812, , , , , , , , , , , , , , , , , , , , , , , , , , , , 
22.4925577, 0.0787213, , , , , , , 22.4925577, 0.0078889, , , , , , , 22.4925577, 0.0424659, , , , , , , 22.4925577, -0.0169528, , , , , , , , , , , , , , , , , , , , , , , , , , , , 
22.4930769, 0.068986, , , , , , , 22.4930769, 0.0196384, , , , , , , 22.4930769, 0.0240024, , , , , , , 22.4930769, -0.0135958, , , , , , , , , , , , , , , , , , , , , , , , , , , , 
22.4935962, 0.0553902, , , , , , , 22.4935962, 0.0193027, , , , , , , 22.4935962, -0.0008392, , , , , , , 22.4935962, -0.008896, , , , , , , , , , , , , , , , , , , , , , , , , , , , 
22.4941154, 0.0431373, , , , , , , 22.4941154, 0.0125887, , , , , , , 22.4941154, -0.026688, , , , , , , 22.4941154, -0.0031891, , , , , , , , , , , , , , , , , , , , , , , , , , , , 
22.4946346, 0.0327306, , , , , , , 22.4946346, 0.0075532, , , , , , , 22.4946346, -0.0498512, , , , , , , 22.4946346, 0.0048676, , , , , , , , , , , , , , , , , , , , , , , , , , , , 
22.4951538, 0.0166171, , , , , , , 22.4951538, 0.0115816, , , , , , , 22.4951538, -0.0666361, , , , , , , 22.4951538, 0.0125887, , , , , , , , , , , , , , , , , , , , , , , , , , , , 
22.4956731, -0.0018463, , , , , , , 22.4956731, 0.0206455, , , , , , , 22.4956731, -0.0708324, , , , , , , 22.4956731, 0.01561, , , , , , , , , , , , , , , , , , , , , , , , , , , , 
22.4961923, -0.014435, , , , , , , 22.4961923, 0.0226596, , , , , , , 22.4961923, -0.0666361, , , , , , , 22.4961923, 0.0157778, , , , , , , , , , , , , , , , , , , , , , , , , , , , 
22.4967115, -0.0250095, , , , , , , 22.4967115, 0.0119173, , , , , , , 22.4967115, -0.0654612, , , , , , , 22.4967115, 0.0176242, , , , , , , , , , , , , , , , , , , , , , , , , , , , 
22.4972308, -0.03122, , , , , , , 22.4972308, -0.0005035, , , , , , , 22.4972308, -0.0649577, , , , , , , 22.4972308, 0.0213169, , , , , , , , , , , , , , , , , , , , , , , , , , , , 
22.49775, -0.0352483, , , , , , , 22.49775, -0.0028534, , , , , , , 22.49775, -0.0538796, , , , , , , 22.49775, 0.0263523, , , , , , , , , , , , , , , , , , , , , , , , , , , , 
22.4982692, -0.0374304, , , , , , , 22.4982692, 0.0063783, , , , , , , 22.4982692, -0.0287022, , , , , , , 22.4982692, 0.0320592, , , , , , , , , , , , , , , , , , , , , , , , , , , , 
22.4987885, -0.0310521, , , , , , , 22.4987885, 0.0184634, , , , , , , 22.4987885, -0.002182, , , , , , , 22.4987885, 0.0293736, , , , , , , , , , , , , , , , , , , , , , , , , , , , 
22.4993077, -0.0219883, , , , , , , 22.4993077, 0.0293736, , , , , , , 22.4993077, 0.0112459, , , , , , , 22.4993077, 0.0186313, , , , , , , , , , , , , , , , , , , , , , , , , , , , 
22.4998269, -0.0129244, , , , , , , 22.4998269, 0.0454871, , , , , , , 22.4998269, 0.0117494, , , , , , , 22.4998269, 0.0112459, , , , , , , , , , , , , , , , , , , , , , , , , , , , 
22.5003462, -0.0048676, , , , , , , 22.5003462, 0.0710002, , , , , , , 22.5003462, 0.0052033, , , , , , , 22.5003462, 0.011078, , , , , , , , , , , , , , , , , , , , , , , , , , , , 
22.5008654, 0.0005035, , , , , , , 22.5008654, 0.0941634, , , , , , , 22.5008654, -0.0010071, , , , , , , 22.5008654, 0.0125887, , , , , , , , , , , , , , , , , , , , , , , , , , , , 
22.5013846, 0.0078889, , , , , , , 22.5013846, 0.0938277, , , , , , , 22.5013846, 0.002182, , , , , , , 22.5013846, 0.0105745, , , , , , , , , , , , , , , , , , , , , , , , , , , , 
22.5019038, 0.0166171, , , , , , , 22.5019038, 0.0693217, , , , , , , 22.5019038, 0.0102388, , , , , , , 22.5019038, 0.0065461, , , , , , , , , , , , , , , , , , , , , , , , , , , , 
22.5024231, 0.0166171, , , , , , , 22.5024231, 0.0451514, , , , , , , 22.5024231, 0.0199741, , , , , , , 22.5024231, 0.0031891, , , , , , , , , , , , , , , , , , , , , , , , , , , , 
22.5029423, 0.0119173, , , , , , , 22.5029423, 0.0458228, , , , , , , 22.5029423, 0.0303807, , , , , , , 22.5029423, -0.0001678, , , , , , , , , , , , , , , , , , , , , , , , , , , , 
22.5034615, 0.0115816, , , , , , , 22.5034615, 0.0448157, , , , , , , 22.5034615, 0.0352483, , , , , , , 22.5034615, -0.0075532, , , , , , , , , , , , , , , , , , , , , , , , , , , , 
22.5039808, 0.017792, , , , , , , 22.5039808, 0.0119173, , , , , , , 22.5039808, 0.0323949, , , , , , , 22.5039808, -0.0142672, , , , , , , , , , , , , , , , , , , , , , , , , , , , 
22.5045, 0.021149, , , , , , , 22.5045, -0.0340734, , , , , , , 22.5045, 0.0260166, , , , , , , 22.5045, -0.0182956, , , , , , , , , , , , , , , , , , , , , , , , , , , , 
22.5050192, 0.0213169, , , , , , , 22.5050192, -0.0704967, , , , , , , 22.5050192, 0.0129244, , , , , , , 22.5050192, -0.0193027, , , , , , , , , , , , , , , , , , , , , , , , , , , , 
22.5055385, 0.0226596, , , , , , , 22.5055385, -0.0916457, , , , , , , 22.5055385, -0.0095674, , , , , , , 22.5055385, -0.0206455, , , , , , , , , , , , , , , , , , , , , , , , , , , , 
22.5060577, 0.026688, , , , , , , 22.5060577, -0.0971847, , , , , , , 22.5060577, -0.0372625, , , , , , , 22.5060577, -0.0204776, , , , , , , , , , , , , , , , , , , , , , , , , , , , 
22.5065769, 0.0313878, , , , , , , 22.5065769, -0.1022202, , , , , , , 22.5065769, -0.0669718, , , , , , , 22.5065769, -0.0182956, , , , , , , , , , , , , , , , , , , , , , , , , , , , 
22.5070962, 0.0340734, , , , , , , 22.5070962, -0.119173, , , , , , , 22.5070962, -0.0924849, , , , , , , 22.5070962, -0.0132601, , , , , , , , , , , , , , , , , , , , , , , , , , , , 
22.5076154, 0.0344091, , , , , , , 22.5076154, -0.1413291, , , , , , , 22.5076154, -0.109102, , , , , , , 22.5076154, -0.0028534, , , , , , , , , , , , , , , , , , , , , , , , , , , , 
22.5081346, 0.0360876, , , , , , , 22.5081346, -0.1460288, , , , , , , 22.5081346, -0.1139696, , , , , , , 22.5081346, 0.0065461, , , , , , , , , , , , , , , , , , , , , , , , , , , , 
22.5086538, 0.0387732, , , , , , , 22.5086538, -0.1366293, , , , , , , 22.5086538, -0.1106126, , , , , , , 22.5086538, 0.0140993, , , , , , , , , , , , , , , , , , , , , , , , , , , , 
22.5091731, 0.047837, , , , , , , 22.5091731, -0.1341115, , , , , , , 22.5091731, -0.1082628, , , , , , , 22.5091731, 0.0253452, , , , , , , , , , , , , , , , , , , , , , , , , , , , 
22.5096923, 0.0558938, , , , , , , 22.5096923, -0.1257191, , , , , , , 22.5096923, -0.1049058, , , , , , , 22.5096923, 0.0360876, , , , , , , , , , , , , , , , , , , , , , , , , , , , 
22.5102115, 0.0570687, , , , , , , 22.5102115, -0.0874495, , , , , , , 22.5102115, -0.0971847, , , , , , , 22.5102115, 0.0461585, , , , , , , , , , , , , , , , , , , , , , , , , , , , 
22.5107308, 0.0589151, , , , , , , 22.5107308, -0.0374304, , , , , , , 22.5107308, -0.0852674, , , , , , , 22.5107308, 0.0538796, , , , , , , , , , , , , , , , , , , , , , , , , , , , 
22.51125, 0.061265, , , , , , , 22.51125, -0.0082246, , , , , , , 22.51125, -0.0713359, , , , , , , 22.51125, 0.0594186, , , , , , , , , , , , , , , , , , , , , , , , , , , , 
22.5117692, 0.0616007, , , , , , , 22.5117692, -0.0008392, , , , , , , 22.5117692, -0.0602579, , , , , , , 22.5117692, 0.0661326, , , , , , , , , , , , , , , , , , , , , , , , , , , , 
22.5122885, 0.0592508, , , , , , , 22.5122885, 0.0025177, , , , , , , 22.5122885, -0.0518654, , , , , , , 22.5122885, 0.0720073, , , , , , , , , , , , , , , , , , , , , , , , , , , , 
22.5128077, 0.0475013, , , , , , , 22.5128077, 0.0105745, , , , , , , 22.5128077, -0.0354162, , , , , , , 22.5128077, 0.0743572, , , , , , , , , , , , , , , , , , , , , , , , , , , , 
22.5133269, 0.0328985, , , , , , , 22.5133269, 0.0129244, , , , , , , 22.5133269, -0.005539, , , , , , , 22.5133269, 0.0683146, , , , , , , , , , , , , , , , , , , , , , , , , , , , 
22.5138462, 0.0213169, , , , , , , 22.5138462, 0.0072175, , , , , , , 22.5138462, 0.0293736, , , , , , , 22.5138462, 0.0585794, , , , , , , , , , , , , , , , , , , , , , , , , , , , 
22.5143654, 0.01561, , , , , , , 22.5143654, 0.0060426, , , , , , , 22.5143654, 0.0595865, , , , , , , 22.5143654, 0.0481727, , , , , , , , , , , , , , , , , , , , , , , , , , , , 
22.5148846, 0.0083925, , , , , , , 22.5148846, 0.0102388, , , , , , , 22.5148846, 0.0867781, , , , , , , 22.5148846, 0.0421302, , , , , , , , , , , , , , , , , , , , , , , , , , , , 
22.5154038, -0.005539, , , , , , , 22.5154038, 0.0129244, , , , , , , 22.5154038, 0.1094377, , , , , , , 22.5154038, 0.0407874, , , , , , , , , , , , , , , , , , , , , , , , , , , , 
22.5159231, -0.0213169, , , , , , , 22.5159231, 0.0115816, , , , , , , 22.5159231, 0.1233692, , , , , , , 22.5159231, 0.0428016, , , , , , , , , , , , , , , , , , , , , , , , , , , , 
22.5164423, -0.0350805, , , , , , , 22.5164423, 0.0078889, , , , , , , 22.5164423, 0.1310903, , , , , , , 22.5164423, 0.043473, , , , , , , , , , , , , , , , , , , , , , , , , , , , 
22.5169615, -0.0468299, , , , , , , 22.5169615, 0.0052033, , , , , , , 22.5169615, 0.1319295, , , , , , , 22.5169615, 0.0431373, , , , , , , , , , , , , , , , , , , , , , , , , , , , 
22.5174808, -0.0589151, , , , , , , 22.5174808, 0.0005035, , , , , , , 22.5174808, 0.1198444, , , , , , , 22.5174808, 0.0407874, , , , , , , , , , , , , , , , , , , , , , , , , , , , 
22.518, -0.068986, , , , , , , 22.518, -0.0075532, , , , , , , 22.518, 0.0938277, , , , , , , 22.518, 0.0360876, , , , , , , , , , , , , , , , , , , , , , , , , , , , 
22.5185192, -0.0740215, , , , , , , 22.5185192, -0.0099031, , , , , , , 22.5185192, 0.0595865, , , , , , , 22.5185192, 0.0276951, , , , , , , , , , , , , , , , , , , , , , , , , , , , 
22.5190385, -0.0694896, , , , , , , 22.5190385, -0.0001678, , , , , , , 22.5190385, 0.0303807, , , , , , , 22.5190385, 0.0152743, , , , , , , , , , , , , , , , , , , , , , , , , , , , 
22.5195577, -0.0569009, , , , , , , 22.5195577, 0.0246738, , , , , , , 22.5195577, 0.0078889, , , , , , , 22.5195577, 0.0025177, , , , , , , , , , , , , , , , , , , , , , , , , , , , 
22.5200769, -0.0433051, , , , , , , 22.5200769, 0.0562295, , , , , , , 22.5200769, -0.0102388, , , , , , , 22.5200769, -0.0048676, , , , , , , , , , , , , , , , , , , , , , , , , , , , 
22.5205962, -0.0310521, , , , , , , 22.5205962, 0.0772107, , , , , , , 22.5205962, -0.026688, , , , , , , 22.5205962, -0.0095674, , , , , , , , , , , , , , , , , , , , , , , , , , , , 
22.5211154, -0.0223239, , , , , , , 22.5211154, 0.0807355, , , , , , , 22.5211154, -0.04448, , , , , , , 22.5211154, -0.01561, , , , , , , , , , , , , , , , , , , , , , , , , , , , 
22.5216346, -0.0134279, , , , , , , 22.5216346, 0.0669718, , , , , , , 22.5216346, -0.0569009, , , , , , , 22.5216346, -0.0204776, , , , , , , , , , , , , , , , , , , , , , , , , , , , 
22.5221538, -0.0072175, , , , , , , 22.5221538, 0.0397803, , , , , , , 22.5221538, -0.061265, , , , , , , 22.5221538, -0.0256809, , , , , , , , , , , , , , , , , , , , , , , , , , , , 
22.5226731, -0.0005035, , , , , , , 22.5226731, 0.0095674, , , , , , , 22.5226731, -0.0666361, , , , , , , 22.5226731, -0.0310521, , , , , , , , , , , , , , , , , , , , , , , , , , , , 
22.5231923, 0.0075532, , , , , , , 22.5231923, -0.0142672, , , , , , , 22.5231923, -0.0736858, , , , , , , 22.5231923, -0.0320592, , , , , , , , , , , , , , , , , , , , , , , , , , , , 
22.5237115, 0.0166171, , , , , , , 22.5237115, -0.0303807, , , , , , , 22.5237115, -0.0763714, , , , , , , 22.5237115, -0.0263523, , , , , , , , , , , , , , , , , , , , , , , , , , , , 
22.5242308, 0.023331, , , , , , , 22.5242308, -0.0357519, , , , , , , 22.5242308, -0.0676432, , , , , , , 22.5242308, -0.0166171, , , , , , , , , , , , , , , , , , , , , , , , , , , , 
22.52475, 0.0285344, , , , , , , 22.52475, -0.0364233, , , , , , , 22.52475, -0.0518654, , , , , , , 22.52475, -0.0075532, , , , , , , , , , , , , , , , , , , , , , , , , , , , 
22.5252692, 0.0337377, , , , , , , 22.5252692, -0.047837, , , , , , , 22.5252692, -0.0391089, , , , , , , 22.5252692, -0.0005035, , , , , , , , , , , , , , , , , , , , , , , , , , , , 
22.5257885, 0.0374304, , , , , , , 22.5257885, -0.0696574, , , , , , , 22.5257885, -0.0297093, , , , , , , 22.5257885, 0.0045319, , , , , , , , , , , , , , , , , , , , , , , , , , , , 
22.5263077, 0.0392767, , , , , , , 22.5263077, -0.0814069, , , , , , , 22.5263077, -0.0162814, , , , , , , 22.5263077, 0.0092317, , , , , , , , , , , , , , , , , , , , , , , , , , , , 
22.5268269, 0.040116, , , , , , , 22.5268269, -0.0767071, , , , , , , 22.5268269, -0.0041962, , , , , , , 22.5268269, 0.0146029, , , , , , , , , , , , , , , , , , , , , , , , , , , , 
22.5273462, 0.0387732, , , , , , , 22.5273462, -0.0659648, , , , , , , 22.5273462, -0.0011749, , , , , , , 22.5273462, 0.0174563, , , , , , , , , , , , , , , , , , , , , , , , , , , , 
22.5278654, 0.0364233, , , , , , , 22.5278654, -0.0582437, , , , , , , 22.5278654, -0.0102388, , , , , , , 22.5278654, 0.0149386, , , , , , , , , , , , , , , , , , , , , , , , , , , , 
22.5283846, 0.0350805, , , , , , , 22.5283846, -0.0491798, , , , , , , 22.5283846, -0.0240024, , , , , , , 22.5283846, 0.0092317, , , , , , , , , , , , , , , , , , , , , , , , , , , , 
22.5289038, 0.0374304, , , , , , , 22.5289038, -0.0344091, , , , , , , 22.5289038, -0.0344091, , , , , , , 22.5289038, 0.0005035, , , , , , , , , , , , , , , , , , , , , , , , , , , , 
22.5294231, 0.0461585, , , , , , , 22.5294231, -0.0196384, , , , , , , 22.5294231, -0.0394446, , , , , , , 22.5294231, -0.0028534, , , , , , , , , , , , , , , , , , , , , , , , , , , , 
22.5299423, 0.0518654, , , , , , , 22.5299423, -0.0077211, , , , , , , 22.5299423, -0.0491798, , , , , , , 22.5299423, 0.0005035, , , , , , , , , , , , , , , , , , , , , , , , , , , , 
22.5304615, 0.0538796, , , , , , , 22.5304615, 0.0011749, , , , , , , 22.5304615, -0.0659648, , , , , , , 22.5304615, 0.0041962, , , , , , , , , , , , , , , , , , , , , , , , , , , , 
22.5309808, 0.0552224, , , , , , , 22.5309808, 0.0005035, , , , , , , 22.5309808, -0.0706645, , , , , , , 22.5309808, 0.0062104, , , , , , , , , , , , , , , , , , , , , , , , , , , , 
22.5315, 0.0522011, , , , , , , 22.5315, -0.0142672, , , , , , , 22.5315, -0.0461585, , , , , , , 22.5315, 0.0083925, , , , , , , , , , , , , , , , , , , , , , , , , , , , 
22.5320192, 0.0439765, , , , , , , 22.5320192, -0.0270237, , , , , , , 22.5320192, -0.0065461, , , , , , , 22.5320192, 0.0124208, , , , , , , , , , , , , , , , , , , , , , , , , , , , 
22.5325385, 0.0374304, , , , , , , 22.5325385, -0.0236667, , , , , , , 22.5325385, 0.0320592, , , , , , , 22.5325385, 0.0199741, , , , , , , , , , , , , , , , , , , , , , , , , , , , 
22.5330577, 0.0285344, , , , , , , 22.5330577, -0.011078, , , , , , , 22.5330577, 0.0629435, , , , , , , 22.5330577, 0.0303807, , , , , , , , , , , , , , , , , , , , , , , , , , , , 
22.5335769, 0.0196384, , , , , , , 22.5335769, 0.0005035, , , , , , , 22.5335769, 0.0884565, , , , , , , 22.5335769, 0.0327306, , , , , , , , , , , , , , , , , , , , , , , , , , , , 
22.5340962, 0.0176242, , , , , , , 22.5340962, 0.0078889, , , , , , , 22.5340962, 0.1008774, , , , , , , 22.5340962, 0.0251774, , , , , , , , , , , , , , , , , , , , , , , , , , , , 
22.5346154, 0.0176242, , , , , , , 22.5346154, 0.0186313, , , , , , , 22.5346154, 0.0951705, , , , , , , 22.5346154, 0.0172885, , , , , , , , , , , , , , , , , , , , , , , , , , , , 
22.5351346, 0.0090639, , , , , , , 22.5351346, 0.0305486, , , , , , , 22.5351346, 0.0681468, , , , , , , 22.5351346, 0.0117494, , , , , , , , , , , , , , , , , , , , , , , , , , , , 
22.5356538, -0.0046998, , , , , , , 22.5356538, 0.0236667, , , , , , , 22.5356538, 0.0236667, , , , , , , 22.5356538, 0.0062104, , , , , , , , , , , , , , , , , , , , , , , , , , , , 
22.5361731, -0.0169528, , , , , , , 22.5361731, 0.0092317, , , , , , , 22.5361731, -0.0203098, , , , , , , 22.5361731, -0.002182, , , , , , , , , , , , , , , , , , , , , , , , , , , , 
22.5366923, -0.0275273, , , , , , , 22.5366923, 0.0169528, , , , , , , 22.5366923, -0.0498512, , , , , , , 22.5366923, -0.0085603, , , , , , , , , , , , , , , , , , , , , , , , , , , , 
22.5372115, -0.0330663, , , , , , , 22.5372115, 0.0421302, , , , , , , 22.5372115, -0.0676432, , , , , , , 22.5372115, -0.0119173, , , , , , , , , , , , , , , , , , , , , , , , , , , , 
22.5377308, -0.0364233, , , , , , , 22.5377308, 0.0552224, , , , , , , 22.5377308, -0.0834211, , , , , , , 22.5377308, -0.0115816, , , , , , , , , , , , , , , , , , , , , , , , , , , , 
22.53825, -0.0374304, , , , , , , 22.53825, 0.0555581, , , , , , , 22.53825, -0.1025559, , , , , , , 22.53825, -0.0104067, , , , , , , , , , , , , , , , , , , , , , , , , , , , 
22.5387692, -0.0320592, , , , , , , 22.5387692, 0.0673075, , , , , , , 22.5387692, -0.1267262, , , , , , , 22.5387692, -0.008896, , , , , , , , , , , , , , , , , , , , , , , , , , , , 
22.5392885, -0.0182956, , , , , , , 22.5392885, 0.0850996, , , , , , , 22.5392885, -0.1465324, , , , , , , 22.5392885, -0.005539, , , , , , , , , , , , , , , , , , , , , , , , , , , , 
22.5398077, -0.0068818, , , , , , , 22.5398077, 0.0844282, , , , , , , 22.5398077, -0.1440146, , , , , , , 22.5398077, 0.0001678, , , , , , , , , , , , , , , , , , , , , , , , , , , , 
22.5403269, 0.0011749, , , , , , , 22.5403269, 0.0642863, , , , , , , 22.5403269, -0.1190051, , , , , , , 22.5403269, 0.0063783, , , , , , , , , , , , , , , , , , , , , , , , , , , , 
22.5408462, 0.010071, , , , , , , 22.5408462, 0.0495155, , , , , , , 22.5408462, -0.0876173, , , , , , , 22.5408462, 0.0082246, , , , , , , , , , , , , , , , , , , , , , , , , , , , 
22.5413654, 0.018967, , , , , , , 22.5413654, 0.0438087, , , , , , , 22.5413654, -0.0570687, , , , , , , 22.5413654, 0.0078889, , , , , , , , , , , , , , , , , , , , , , , , , , , , 
22.5418846, 0.0258488, , , , , , , 22.5418846, 0.0364233, , , , , , , 22.5418846, -0.0297093, , , , , , , 22.5418846, 0.0078889, , , , , , , , , , , , , , , , , , , , , , , , , , , , 
22.5424038, 0.0292058, , , , , , , 22.5424038, 0.0072175, , , , , , , 22.5424038, -0.0065461, , , , , , , 22.5424038, 0.0065461, , , , , , , , , , , , , , , , , , , , , , , , , , , , 
22.5429231, 0.0313878, , , , , , , 22.5429231, -0.0535439, , , , , , , 22.5429231, 0.0075532, , , , , , , 22.5429231, 0.0045319, , , , , , , , , , , , , , , , , , , , , , , , , , , , 
22.5434423, 0.0340734, , , , , , , 22.5434423, -0.121355, , , , , , , 22.5434423, 0.0095674, , , , , , , 22.5434423, 0.008896, , , , , , , , , , , , , , , , , , , , , , , , , , , , 
22.5439615, 0.0320592, , , , , , , 22.5439615, -0.1587854, , , , , , , 22.5439615, 0.0171206, , , , , , , 22.5439615, 0.0213169, , , , , , , , , , , , , , , , , , , , , , , , , , , , 
22.5444808, 0.0280308, , , , , , , 22.5444808, -0.1529107, , , , , , , 22.5444808, 0.0399481, , , , , , , 22.5444808, 0.0379339, , , , , , , , , , , , , , , , , , , , , , , , , , , , 
22.545, 0.0256809, , , , , , , 22.545, -0.1230335, , , , , , , 22.545, 0.0683146, , , , , , , 22.545, 0.054551, , , , , , , , , , , , , , , , , , , , , , , , , , , , 
22.5455192, 0.0213169, , , , , , , 22.5455192, -0.0921492, , , , , , , 22.5455192, 0.0884565, , , , , , , 22.5455192, 0.0676432, , , , , , , , , , , , , , , , , , , , , , , , , , , , 
22.5460385, 0.0164492, , , , , , , 22.5460385, -0.0619364, , , , , , , 22.5460385, 0.0988632, , , , , , , 22.5460385, 0.0740215, , , , , , , , , , , , , , , , , , , , , , , , , , , , 
22.5465577, 0.0152743, , , , , , , 22.5465577, -0.0216526, , , , , , , 22.5465577, 0.0988632, , , , , , , 22.5465577, 0.068986, , , , , , , , , , , , , , , , , , , , , , , , , , , , 
22.5470769, 0.0139315, , , , , , , 22.5470769, 0.0132601, , , , , , , 22.5470769, 0.0861067, , , , , , , 22.5470769, 0.0565652, , , , , , , , , , , , , , , , , , , , , , , , , , , , 
22.5475962, 0.0092317, , , , , , , 22.5475962, 0.0149386, , , , , , , 22.5475962, 0.0669718, , , , , , , 22.5475962, 0.0426337, , , , , , , , , , , , , , , , , , , , , , , , , , , , 
22.5481154, 0.0102388, , , , , , , 22.5481154, -0.0018463, , , , , , , 22.5481154, 0.0528725, , , , , , , 22.5481154, 0.030045, , , , , , , , , , , , , , , , , , , , , , , , , , , , 
22.5486346, 0.0172885, , , , , , , 22.5486346, -0.0041962, , , , , , , 22.5486346, 0.0438087, , , , , , , 22.5486346, 0.0166171, , , , , , , , , , , , , , , , , , , , , , , , , , , , 
22.5491538, 0.0332341, , , , , , , 22.5491538, 0.0105745, , , , , , , 22.5491538, 0.0473335, , , , , , , 22.5491538, 0.0005035, , , , , , , , , , , , , , , , , , , , , , , , , , , , 
22.5496731, 0.0488441, , , , , , , 22.5496731, 0.0263523, , , , , , , 22.5496731, 0.0622721, , , , , , , 22.5496731, -0.008896, , , , , , , , , , , , , , , , , , , , , , , , , , , , 
22.5501923, 0.0582437, , , , , , , 22.5501923, 0.0339055, , , , , , , 22.5501923, 0.0683146, , , , , , , 22.5501923, -0.0135958, , , , , , , , , , , , , , , , , , , , , , , , , , , , 
22.5507115, 0.0616007, , , , , , , 22.5507115, 0.0505226, , , , , , , 22.5507115, 0.0622721, , , , , , , 22.5507115, -0.0149386, , , , , , , , , , , , , , , , , , , , , , , , , , , , 
22.5512308, 0.0629435, , , , , , , 22.5512308, 0.0847639, , , , , , , 22.5512308, 0.0542153, , , , , , , 22.5512308, -0.0146029, , , , , , , , , , , , , , , , , , , , , , , , , , , , 
22.55175, 0.0609293, , , , , , , 22.55175, 0.114641, , , , , , , 22.55175, 0.0518654, , , , , , , 22.55175, -0.0139315, , , , , , , , , , , , , , , , , , , , , , , , , , , , 
22.5522692, 0.0569009, , , , , , , 22.5522692, 0.1284047, , , , , , , 22.5522692, 0.0532082, , , , , , , 22.5522692, -0.0142672, , , , , , , , , , , , , , , , , , , , , , , , , , , , 
22.5527885, 0.0518654, , , , , , , 22.5527885, 0.1163195, , , , , , , 22.5527885, 0.0548867, , , , , , , 22.5527885, -0.0179599, , , , , , , , , , , , , , , , , , , , , , , , , , , , 
22.5533077, 0.0384375, , , , , , , 22.5533077, 0.0726787, , , , , , , 22.5533077, 0.0501869, , , , , , , 22.5533077, -0.0209812, , , , , , , , , , , , , , , , , , , , , , , , , , , , 
22.5538269, 0.026688, , , , , , , 22.5538269, 0.0172885, , , , , , , 22.5538269, 0.0357519, , , , , , , 22.5538269, -0.0243381, , , , , , , , , , , , , , , , , , , , , , , , , , , , 
22.5543462, 0.0209812, , , , , , , 22.5543462, -0.0317235, , , , , , , 22.5543462, 0.0132601, , , , , , , 22.5543462, -0.0292058, , , , , , , , , , , , , , , , , , , , , , , , , , , , 
22.5548654, 0.0179599, , , , , , , 22.5548654, -0.0622721, , , , , , , 22.5548654, -0.0112459, , , , , , , 22.5548654, -0.030045, , , , , , , , , , , , , , , , , , , , , , , , , , , , 
22.5553846, 0.012253, , , , , , , 22.5553846, -0.0663005, , , , , , , 22.5553846, -0.0327306, , , , , , , 22.5553846, -0.0263523, , , , , , , , , , , , , , , , , , , , , , , , , , , , 
22.5559038, 0.002182, , , , , , , 22.5559038, -0.0562295, , , , , , , 22.5559038, -0.0370947, , , , , , , 22.5559038, -0.0196384, , , , , , , , , , , , , , , , , , , , , , , , , , , , 
22.5564231, -0.0095674, , , , , , , 22.5564231, -0.0461585, , , , , , , 22.5564231, -0.0223239, , , , , , , 22.5564231, -0.0125887, , , , , , , , , , , , , , , , , , , , , , , , , , , , 
22.5569423, -0.0240024, , , , , , , 22.5569423, -0.0441444, , , , , , , 22.5569423, -0.0117494, , , , , , , 22.5569423, -0.0104067, , , , , , , , , , , , , , , , , , , , , , , , , , , , 
22.5574615, -0.0397803, , , , , , , 22.5574615, -0.0597543, , , , , , , 22.5574615, -0.0206455, , , , , , , 22.5574615, -0.0124208, , , , , , , , , , , , , , , , , , , , , , , , , , , , 
22.5579808, -0.0525368, , , , , , , 22.5579808, -0.0956741, , , , , , , 22.5579808, -0.04448, , , , , , , 22.5579808, -0.0119173, , , , , , , , , , , , , , , , , , , , , , , , , , , , 
22.5585, -0.0592508, , , , , , , 22.5585, -0.1297475, , , , , , , 22.5585, -0.064622, , , , , , , 22.5585, -0.0109102, , , , , , , , , , , , , , , , , , , , , , , , , , , , 
22.5590192, -0.057908, , , , , , , 22.5590192, -0.1223621, , , , , , , 22.5590192, -0.0706645, , , , , , , 22.5590192, -0.008896, , , , , , , , , , , , , , , , , , , , , , , , , , , , 
22.5595385, -0.0468299, , , , , , , 22.5595385, -0.0807355, , , , , , , 22.5595385, -0.0720073, , , , , , , 22.5595385, -0.0052033, , , , , , , , , , , , , , , , , , , , , , , , , , , , 
22.5600577, -0.0320592, , , , , , , 22.5600577, -0.0471656, , , , , , , 22.5600577, -0.0683146, , , , , , , 22.5600577, 0.0003357, , , , , , , , , , , , , , , , , , , , , , , , , , , , 
22.5605769, -0.024506, , , , , , , 22.5605769, -0.036759, , , , , , , 22.5605769, -0.0485084, , , , , , , 22.5605769, 0.0135958, , , , , , , , , , , , , , , , , , , , , , , , , , , , 
22.5610962, -0.0226596, , , , , , , 22.5610962, -0.0448157, , , , , , , 22.5610962, -0.0172885, , , , , , , 22.5610962, 0.0374304, , , , , , , , , , , , , , , , , , , , , , , , , , , , 
22.5616154, -0.0149386, , , , , , , 22.5616154, -0.0693217, , , , , , , 22.5616154, 0.0072175, , , , , , , 22.5616154, 0.0649577, , , , , , , , , , , , , , , , , , , , , , , , , , , , 
22.5621346, -0.0028534, , , , , , , 22.5621346, -0.090135, , , , , , , 22.5621346, 0.0095674, , , , , , , 22.5621346, 0.0871138, , , , , , , , , , , , , , , , , , , , , , , , , , , , 
22.5626538, 0.0092317, , , , , , , 22.5626538, -0.0817426, , , , , , , 22.5626538, -0.0058747, , , , , , , 22.5626538, 0.1018845, , , , , , , , , , , , , , , , , , , , , , , , , , , , 
22.5631731, 0.0159457, , , , , , , 22.5631731, -0.0663005, , , , , , , 22.5631731, -0.027863, , , , , , , 22.5631731, 0.1092699, , , , , , , , , , , , , , , , , , , , , , , , , , , , 
22.5636923, 0.0166171, , , , , , , 22.5636923, -0.0757, , , , , , , 22.5636923, -0.0461585, , , , , , , 22.5636923, 0.1079271, , , , , , , , , , , , , , , , , , , , , , , , , , , , 
22.5642115, 0.0146029, , , , , , , 22.5642115, -0.0830854, , , , , , , 22.5642115, -0.0621042, , , , , , , 22.5642115, 0.0965133, , , , , , , , , , , , , , , , , , , , , , , , , , , , 
22.5647308, 0.0125887, , , , , , , 22.5647308, -0.0599222, , , , , , , 22.5647308, -0.082414, , , , , , , 22.5647308, 0.0770428, , , , , , , , , , , , , , , , , , , , , , , , , , , , 
22.56525, 0.0146029, , , , , , , 22.56525, -0.0203098, , , , , , , 22.56525, -0.1143053, , , , , , , 22.56525, 0.0548867, , , , , , , , , , , , , , , , , , , , , , , , , , , , 
22.5657692, 0.0171206, , , , , , , 22.5657692, 0.0129244, , , , , , , 22.5657692, -0.149218, , , , , , , 22.5657692, 0.0357519, , , , , , , , , , , , , , , , , , , , , , , , , , , , 
22.5662885, 0.0196384, , , , , , , 22.5662885, 0.0265202, , , , , , , 22.5662885, -0.1639887, , , , , , , 22.5662885, 0.0182956, , , , , , , , , , , , , , , , , , , , , , , , , , , , 
22.5668077, 0.0186313, , , , , , , 22.5668077, 0.0273594, , , , , , , 22.5668077, -0.1505608, , , , , , , 22.5668077, 0.0072175, , , , , , , , , , , , , , , , , , , , , , , , , , , , 
22.5673269, 0.0206455, , , , , , , 22.5673269, 0.0260166, , , , , , , 22.5673269, -0.1166552, , , , , , , 22.5673269, 0.002182, , , , , , , , , , , , , , , , , , , , , , , , , , , , 
22.5678462, 0.0246738, , , , , , , 22.5678462, 0.0298772, , , , , , , 22.5678462, -0.0743572, , , , , , , 22.5678462, -0.0028534, , , , , , , , , , , , , , , , , , , , , , , , , , , , 
22.5683654, 0.0273594, , , , , , , 22.5683654, 0.0387732, , , , , , , 22.5683654, -0.036759, , , , , , , 22.5683654, -0.005539, , , , , , , , , , , , , , , , , , , , , , , , , , , , 
22.5688846, 0.03122, , , , , , , 22.5688846, 0.0461585, , , , , , , 22.5688846, -0.0102388, , , , , , , 22.5688846, -0.0109102, , , , , , , , , , , , , , , , , , , , , , , , , , , , 
22.5694038, 0.0387732, , , , , , , 22.5694038, 0.0473335, , , , , , , 22.5694038, 0.0062104, , , , , , , 22.5694038, -0.018967, , , , , , , , , , , , , , , , , , , , , , , , , , , , 
22.5699231, 0.0505226, , , , , , , 22.5699231, 0.0411231, , , , , , , 22.5699231, 0.0198062, , , , , , , 22.5699231, -0.0236667, , , , , , , , , , , , , , , , , , , , , , , , , , , , 
22.5704423, 0.0607614, , , , , , , 22.5704423, 0.0360876, , , , , , , 22.5704423, 0.0359197, , , , , , , 22.5704423, -0.0243381, , , , , , , , , , , , , , , , , , , , , , , , , , , , 
22.5709615, 0.0663005, , , , , , , 22.5709615, 0.0454871, , , , , , , 22.5709615, 0.0527047, , , , , , , 22.5709615, -0.0229953, , , , , , , , , , , , , , , , , , , , , , , , , , , , 
22.5714808, 0.0721752, , , , , , , 22.5714808, 0.0575723, , , , , , , 22.5714808, 0.0641184, , , , , , , 22.5714808, -0.0236667, , , , , , , , , , , , , , , , , , , , , , , , , , , , 
22.572, 0.0750286, , , , , , , 22.572, 0.0513619, , , , , , , 22.572, 0.0642863, , , , , , , 22.572, -0.0216526, , , , , , , , , , , , , , , , , , , , , , , , , , , , 
22.5725192, 0.0713359, , , , , , , 22.5725192, 0.0347448, , , , , , , 22.5725192, 0.0565652, , , , , , , 22.5725192, -0.0162814, , , , , , , , , , , , , , , , , , , , , , , , , , , , 
22.5730385, 0.0602579, , , , , , , 22.5730385, 0.0273594, , , , , , , 22.5730385, 0.0488441, , , , , , , 22.5730385, -0.0031891, , , , , , , , , , , , , , , , , , , , , , , , , , , , 
22.5735577, 0.0501869, , , , , , , 22.5735577, 0.0310521, , , , , , , 22.5735577, 0.0404517, , , , , , , 22.5735577, 0.0115816, , , , , , , , , , , , , , , , , , , , , , , , , , , , 
22.5740769, 0.0421302, , , , , , , 22.5740769, 0.0407874, , , , , , , 22.5740769, 0.0280308, , , , , , , 22.5740769, 0.0219883, , , , , , , , , , , , , , , , , , , , , , , , , , , , 
22.5745962, 0.0337377, , , , , , , 22.5745962, 0.0433051, , , , , , , 22.5745962, 0.0169528, , , , , , , 22.5745962, 0.0260166, , , , , , , , , , , , , , , , , , , , , , , , , , , , 
22.5751154, 0.0246738, , , , , , , 22.5751154, 0.040116, , , , , , , 22.5751154, 0.0226596, , , , , , , 22.5751154, 0.0253452, , , , , , , , , , , , , , , , , , , , , , , , , , , , 
22.5756346, 0.0112459, , , , , , , 22.5756346, 0.0468299, , , , , , , 22.5756346, 0.0451514, , , , , , , 22.5756346, 0.0273594, , , , , , , , , , , , , , , , , , , , , , , , , , , , 
22.5761538, -0.0041962, , , , , , , 22.5761538, 0.057908, , , , , , , 22.5761538, 0.0696574, , , , , , , 22.5761538, 0.0327306, , , , , , , , , , , , , , , , , , , , , , , , , , , , 
22.5766731, -0.0162814, , , , , , , 22.5766731, 0.0518654, , , , , , , 22.5766731, 0.0891279, , , , , , , 22.5766731, 0.0374304, , , , , , , , , , , , , , , , , , , , , , , , , , , , 
22.5771923, -0.0280308, , , , , , , 22.5771923, 0.0297093, , , , , , , 22.5771923, 0.100206, , , , , , , 22.5771923, 0.0354162, , , , , , , , , , , , , , , , , , , , , , , , , , , , 
22.5777115, -0.0411231, , , , , , , 22.5777115, 0.0102388, , , , , , , 22.5777115, 0.1025559, , , , , , , 22.5777115, 0.0298772, , , , , , , , , , , , , , , , , , , , , , , , , , , , 
22.5782308, -0.0518654, , , , , , , 22.5782308, -0.0058747, , , , , , , 22.5782308, 0.1012131, , , , , , , 22.5782308, 0.0246738, , , , , , , , , , , , , , , , , , , , , , , , , , , , 
22.57875, -0.0518654, , , , , , , 22.57875, -0.0270237, , , , , , , 22.57875, 0.0991989, , , , , , , 22.57875, 0.0191348, , , , , , , , , , , , , , , , , , , , , , , , , , , , 
22.5792692, -0.0394446, , , , , , , 22.5792692, -0.0602579, , , , , , , 22.5792692, 0.0986954, , , , , , , 22.5792692, 0.0135958, , , , , , , , , , , , , , , , , , , , , , , , , , , , 
22.5797885, -0.0209812, , , , , , , 22.5797885, -0.0990311, , , , , , , 22.5797885, 0.0976883, , , , , , , 22.5797885, 0.0068818, , , , , , , , , , , , , , , , , , , , , , , , , , , , 
22.5803077, -0.0125887, , , , , , , 22.5803077, -0.1166552, , , , , , , 22.5803077, 0.0903029, , , , , , , 22.5803077, 0.0008392, , , , , , , , , , , , , , , , , , , , , , , , , , , , 
22.5808269, -0.0082246, , , , , , , 22.5808269, -0.0950027, , , , , , , 22.5808269, 0.0757, , , , , , , 22.5808269, -0.0015106, , , , , , , , , , , , , , , , , , , , , , , , , , , , 
22.5813462, -0.0030213, , , , , , , 22.5813462, -0.0538796, , , , , , , 22.5813462, 0.0552224, , , , , , , 22.5813462, -0.0041962, , , , , , , , , , , , , , , , , , , , , , , , , , , , 
22.5818654, 0.0005035, , , , , , , 22.5818654, -0.0256809, , , , , , , 22.5818654, 0.0253452, , , , , , , 22.5818654, -0.0048676, , , , , , , , , , , , , , , , , , , , , , , , , , , , 
22.5823846, 0.0060426, , , , , , , 22.5823846, -0.0169528, , , , , , , 22.5823846, -0.0135958, , , , , , , 22.5823846, -0.0035248, , , , , , , , , , , , , , , , , , , , , , , , , , , , 
22.5829038, 0.0119173, , , , , , , 22.5829038, -0.012253, , , , , , , 22.5829038, -0.06009, , , , , , , 22.5829038, -0.0036927, , , , , , , , , , , , , , , , , , , , , , , , , , , , 
22.5834231, 0.0149386, , , , , , , 22.5834231, -0.0052033, , , , , , , 22.5834231, -0.115816, , , , , , , 22.5834231, -0.0023499, , , , , , , , , , , , , , , , , , , , , , , , , , , , 
22.5839423, 0.0186313, , , , , , , 22.5839423, -0.0035248, , , , , , , 22.5839423, -0.1824521, , , , , , , 22.5839423, -0.0015106, , , , , , , , , , , , , , , , , , , , , , , , , , , , 
22.5844615, 0.021149, , , , , , , 22.5844615, -0.0041962, , , , , , , 22.5844615, -0.2522774, , , , , , , 22.5844615, 0.0011749, , , , , , , , , , , , , , , , , , , , , , , , , , , , 
22.5849808, 0.0223239, , , , , , , 22.5849808, -0.0028534, , , , , , , 22.5849808, -0.3029679, , , , , , , 22.5849808, 0.0072175, , , , , , , , , , , , , , , , , , , , , , , , , , , , 
22.5855, 0.0159457, , , , , , , 22.5855, 0.0045319, , , , , , , 22.5855, -0.3254597, , , , , , , 22.5855, 0.0132601, , , , , , , , , , , , , , , , , , , , , , , , , , , , 
22.5860192, 0.0105745, , , , , , , 22.5860192, 0.0159457, , , , , , , 22.5860192, -0.3281453, , , , , , , 22.5860192, 0.0193027, , , , , , , , , , , , , , , , , , , , , , , , , , , , 
22.5865385, 0.012253, , , , , , , 22.5865385, 0.0213169, , , , , , , 22.5865385, -0.3098497, , , , , , , 22.5865385, 0.0229953, , , , , , , , , , , , , , , , , , , , , , , , , , , , 
22.5870577, 0.0132601, , , , , , , 22.5870577, 0.0151064, , , , , , , 22.5870577, -0.2593271, , , , , , , 22.5870577, 0.0263523, , , , , , , , , , , , , , , , , , , , , , , , , , , , 
22.5875769, 0.012253, , , , , , , 22.5875769, 0.0065461, , , , , , , 22.5875769, -0.1844663, , , , , , , 22.5875769, 0.0354162, , , , , , , , , , , , , , , , , , , , , , , , , , , , 
22.5880962, 0.0146029, , , , , , , 22.5880962, 0.0035248, , , , , , , 22.5880962, -0.1106126, , , , , , , 22.5880962, 0.0458228, , , , , , , , , , , , , , , , , , , , , , , , , , , , 
22.5886154, 0.0213169, , , , , , , 22.5886154, 0.0025177, , , , , , , 22.5886154, -0.0516976, , , , , , , 22.5886154, 0.0458228, , , , , , , , , , , , , , , , , , , , , , , , , , , , 
22.5891346, 0.0307164, , , , , , , 22.5891346, -0.0005035, , , , , , , 22.5891346, -0.005539, , , , , , , 22.5891346, 0.0359197, , , , , , , , , , , , , , , , , , , , , , , , , , , , 
22.5896538, 0.0424659, , , , , , , 22.5896538, -0.0028534, , , , , , , 22.5896538, 0.0317235, , , , , , , 22.5896538, 0.0240024, , , , , , , , , , , , , , , , , , , , , , , , , , , , 
22.5901731, 0.0498512, , , , , , , 22.5901731, -0.0008392, , , , , , , 22.5901731, 0.0572366, , , , , , , 22.5901731, 0.0166171, , , , , , , , , , , , , , , , , , , , , , , , , , , , 
22.5906923, 0.0525368, , , , , , , 22.5906923, 0.0041962, , , , , , , 22.5906923, 0.0757, , , , , , , 22.5906923, 0.014435, , , , , , , , , , , , , , , , , , , , , , , , , , , , 
22.5912115, 0.0542153, , , , , , , 22.5912115, 0.0063783, , , , , , , 22.5912115, 0.0881209, , , , , , , 22.5912115, 0.0125887, , , , , , , , , , , , , , , , , , , , , , , , , , , , 
22.5917308, 0.051194, , , , , , , 22.5917308, 0.0005035, , , , , , , 22.5917308, 0.0904707, , , , , , , 22.5917308, 0.0092317, , , , , , , , , , , , , , , , , , , , , , , , , , , , 
22.59225, 0.0451514, , , , , , , 22.59225, -0.0043641, , , , , , , 22.59225, 0.0876173, , , , , , , 22.59225, 0.0062104, , , , , , , , , , , , , , , , , , , , , , , , , , , , 
22.5927692, 0.0377661, , , , , , , 22.5927692, 0.0005035, , , , , , , 22.5927692, 0.0876173, , , , , , , 22.5927692, 0.0028534, , , , , , , , , , , , , , , , , , , , , , , , , , , , 
22.5932885, 0.0320592, , , , , , , 22.5932885, 0.0109102, , , , , , , 22.5932885, 0.0904707, , , , , , , 22.5932885, -0.0038605, , , , , , , , , , , , , , , , , , , , , , , , , , , , 
22.5938077, 0.0179599, , , , , , , 22.5938077, 0.0186313, , , , , , , 22.5938077, 0.0904707, , , , , , , 22.5938077, -0.0109102, , , , , , , , , , , , , , , , , , , , , , , , , , , , 
22.5943269, 0.0041962, , , , , , , 22.5943269, 0.018967, , , , , , , 22.5943269, 0.0850996, , , , , , , 22.5943269, -0.0146029, , , , , , , , , , , , , , , , , , , , , , , , , , , , 
22.5948462, -0.005539, , , , , , , 22.5948462, 0.012253, , , , , , , 22.5948462, 0.0730144, , , , , , , 22.5948462, -0.0169528, , , , , , , , , , , , , , , , , , , , , , , , , , , , 
22.5953654, -0.01561, , , , , , , 22.5953654, 0.0070497, , , , , , , 22.5953654, 0.0580758, , , , , , , 22.5953654, -0.0166171, , , , , , , , , , , , , , , , , , , , , , , , , , , , 
22.5958846, -0.0216526, , , , , , , 22.5958846, 0.0099031, , , , , , , 22.5958846, 0.0454871, , , , , , , 22.5958846, -0.012253, , , , , , , , , , , , , , , , , , , , , , , , , , , , 
22.5964038, -0.0243381, , , , , , , 22.5964038, 0.0151064, , , , , , , 22.5964038, 0.0344091, , , , , , , 22.5964038, -0.0075532, , , , , , , , , , , , , , , , , , , , , , , , , , , , 
22.5969231, -0.0310521, , , , , , , 22.5969231, 0.0273594, , , , , , , 22.5969231, 0.0206455, , , , , , , 22.5969231, -0.0050355, , , , , , , , , , , , , , , , , , , , , , , , , , , , 
22.5974423, -0.0340734, , , , , , , 22.5974423, 0.0454871, , , , , , , 22.5974423, 0.0082246, , , , , , , 22.5974423, -0.0038605, , , , , , , , , , , , , , , , , , , , , , , , , , , , 
22.5979615, -0.0339055, , , , , , , 22.5979615, 0.0542153, , , , , , , 22.5979615, 0.0025177, , , , , , , 22.5979615, -0.0041962, , , , , , , , , , , , , , , , , , , , , , , , , , , , 
22.5984808, -0.0317235, , , , , , , 22.5984808, 0.0458228, , , , , , , 22.5984808, 0.0025177, , , , , , , 22.5984808, -0.0023499, , , , , , , , , , , , , , , , , , , , , , , , , , , , 
22.599, -0.0260166, , , , , , , 22.599, 0.0313878, , , , , , , 22.599, 0.0048676, , , , , , , 22.599, 0.0010071, , , , , , , , , , , , , , , , , , , , , , , , , , , , 
22.5995192, -0.0164492, , , , , , , 22.5995192, 0.0374304, , , , , , , 22.5995192, 0.0072175, , , , , , , 22.5995192, -0.0001678, , , , , , , , , , , , , , , , , , , , , , , , , , , , 
22.6000385, -0.005539, , , , , , , 22.6000385, 0.0538796, , , , , , , 22.6000385, 0.0159457, , , , , , , 22.6000385, -0.0003357, , , , , , , , , , , , , , , , , , , , , , , , , , , , 
22.6005577, 0.0048676, , , , , , , 22.6005577, 0.0500191, , , , , , , 22.6005577, 0.0344091, , , , , , , 22.6005577, 0.0036927, , , , , , , , , , , , , , , , , , , , , , , , , , , , 
22.6010769, 0.0102388, , , , , , , 22.6010769, 0.0199741, , , , , , , 22.6010769, 0.0626078, , , , , , , 22.6010769, 0.0125887, , , , , , , , , , , , , , , , , , , , , , , , , , , , 
22.6015962, 0.0125887, , , , , , , 22.6015962, -0.0229953, , , , , , , 22.6015962, 0.0965133, , , , , , , 22.6015962, 0.0280308, , , , , , , , , , , , , , , , , , , , , , , , , , , , 
22.6021154, 0.0159457, , , , , , , 22.6021154, -0.0686503, , , , , , , 22.6021154, 0.1361257, , , , , , , 22.6021154, 0.0464942, , , , , , , , , , , , , , , , , , , , , , , , , , , , 
22.6026346, 0.0203098, , , , , , , 22.6026346, -0.096849, , , , , , , 22.6026346, 0.1730526, , , , , , , 22.6026346, 0.0639506, , , , , , , , , , , , , , , , , , , , , , , , , , , , 
22.6031538, 0.0236667, , , , , , , 22.6031538, -0.0941634, , , , , , , 22.6031538, 0.1955444, , , , , , , 22.6031538, 0.0757, , , , , , , , , , , , , , , , , , , , , , , , , , , , 
22.6036731, 0.0250095, , , , , , , 22.6036731, -0.0847639, , , , , , , 22.6036731, 0.19823, , , , , , , 22.6036731, 0.0736858, , , , , , , , , , , , , , , , , , , , , , , , , , , , 
22.6041923, 0.0280308, , , , , , , 22.6041923, -0.0730144, , , , , , , 22.6041923, 0.1878233, , , , , , , 22.6041923, 0.0622721, , , , , , , , , , , , , , , , , , , , , , , , , , , , 
22.6047115, 0.0271916, , , , , , , 22.6047115, -0.0622721, , , , , , , 22.6047115, 0.1824521, , , , , , , 22.6047115, 0.0535439, , , , , , , , , , , , , , , , , , , , , , , , , , , , 
22.6052308, 0.0219883, , , , , , , 22.6052308, -0.0720073, , , , , , , 22.6052308, 0.1824521, , , , , , , 22.6052308, 0.0488441, , , , , , , , , , , , , , , , , , , , , , , , , , , , 
22.60575, 0.0184634, , , , , , , 22.60575, -0.0995346, , , , , , , 22.60575, 0.163653, , , , , , , 22.60575, 0.0446479, , , , , , , , , , , , , , , , , , , , , , , , , , , , 
22.6062692, 0.0186313, , , , , , , 22.6062692, -0.1257191, , , , , , , 22.6062692, 0.1153124, , , , , , , 22.6062692, 0.0392767, , , , , , , , , , , , , , , , , , , , , , , , , , , , 
22.6067885, 0.021149, , , , , , , 22.6067885, -0.1361257, , , , , , , 22.6067885, 0.0428016, , , , , , , 22.6067885, 0.0293736, , , , , , , , , , , , , , , , , , , , , , , , , , , , 
22.6073077, 0.0179599, , , , , , , 22.6073077, -0.1279011, , , , , , , 22.6073077, -0.0407874, , , , , , , 22.6073077, 0.0191348, , , , , , , , , , , , , , , , , , , , , , , , , , , , 
22.6078269, 0.0159457, , , , , , , 22.6078269, -0.1052415, , , , , , , 22.6078269, -0.1183337, , , , , , , 22.6078269, 0.0119173, , , , , , , , , , , , , , , , , , , , , , , , , , , , 
22.6083462, 0.0179599, , , , , , , 22.6083462, -0.0720073, , , , , , , 22.6083462, -0.1874876, , , , , , , 22.6083462, 0.0048676, , , , , , , , , , , , , , , , , , , , , , , , , , , , 
22.6088654, 0.0260166, , , , , , , 22.6088654, -0.0428016, , , , , , , 22.6088654, -0.2573129, , , , , , , 22.6088654, -0.0046998, , , , , , , , , , , , , , , , , , , , , , , , , , , , 
22.6093846, 0.0428016, , , , , , , 22.6093846, -0.0340734, , , , , , , 22.6093846, -0.3214313, , , , , , , 22.6093846, -0.0182956, , , , , , , , , , , , , , , , , , , , , , , , , , , , 
22.6099038, 0.0585794, , , , , , , 22.6099038, -0.0391089, , , , , , , 22.6099038, -0.3560082, , , , , , , 22.6099038, -0.0305486, , , , , , , , , , , , , , , , , , , , , , , , , , , , 
22.6104231, 0.0626078, , , , , , , 22.6104231, -0.0458228, , , , , , , 22.6104231, -0.3563439, , , , , , , 22.6104231, -0.0339055, , , , , , , , , , , , , , , , , , , , , , , , , , , , 
22.6109423, 0.0602579, , , , , , , 22.6109423, -0.0572366, , , , , , , 22.6109423, -0.3338521, , , , , , , 22.6109423, -0.0297093, , , , , , , , , , , , , , , , , , , , , , , , , , , , 
22.6114615, 0.0582437, , , , , , , 22.6114615, -0.0622721, , , , , , , 22.6114615, -0.2955825, , , , , , , 22.6114615, -0.0209812, , , , , , , , , , , , , , , , , , , , , , , , , , , , 
22.6119808, 0.0575723, , , , , , , 22.6119808, -0.0498512, , , , , , , 22.6119808, -0.2475776, , , , , , , 22.6119808, -0.0142672, , , , , , , , , , , , , , , , , , , , , , , , , , , , 
22.6125, 0.0515297, , , , , , , 22.6125, -0.0199741, , , , , , , 22.6125, -0.1942016, , , , , , , 22.6125, -0.0102388, , , , , , , , , , , , , , , , , , , , , , , , , , , , 
22.6130192, 0.0406195, , , , , , , 22.6130192, 0.01561, , , , , , , 22.6130192, -0.139147, , , , , , , 22.6130192, -0.005539, , , , , , , , , , , , , , , , , , , , , , , , , , , , 
22.6135385, 0.0339055, , , , , , , 22.6135385, 0.0407874, , , , , , , 22.6135385, -0.0871138, , , , , , , 22.6135385, -0.0036927, , , , , , , , , , , , , , , , , , , , , , , , , , , , 
22.6140577, 0.027863, , , , , , , 22.6140577, 0.0441444, , , , , , , 22.6140577, -0.040116, , , , , , , 22.6140577, -0.0041962, , , , , , , , , , , , , , , , , , , , , , , , , , , , 
22.6145769, 0.0182956, , , , , , , 22.6145769, 0.0323949, , , , , , , 22.6145769, 0.002182, , , , , , , 22.6145769, 0.0011749, , , , , , , , , , , , , , , , , , , , , , , , , , , , 
22.6150962, 0.0052033, , , , , , , 22.6150962, 0.026688, , , , , , , 22.6150962, 0.0399481, , , , , , , 22.6150962, 0.0139315, , , , , , , , , , , , , , , , , , , , , , , , , , , , 
22.6156154, -0.0052033, , , , , , , 22.6156154, 0.0327306, , , , , , , 22.6156154, 0.0683146, , , , , , , 22.6156154, 0.0287022, , , , , , , , , , , , , , , , , , , , , , , , , , , , 
22.6161346, -0.01561, , , , , , , 22.6161346, 0.0317235, , , , , , , 22.6161346, 0.0931563, , , , , , , 22.6161346, 0.0428016, , , , , , , , , , , , , , , , , , , , , , , , , , , , 
22.6166538, -0.0218204, , , , , , , 22.6166538, 0.0223239, , , , , , , 22.6166538, 0.117998, , , , , , , 22.6166538, 0.0508583, , , , , , , , , , , , , , , , , , , , , , , , , , , , 
22.6171731, -0.023331, , , , , , , 22.6171731, 0.0137636, , , , , , , 22.6171731, 0.1320974, , , , , , , 22.6171731, 0.0575723, , , , , , , , , , , , , , , , , , , , , , , , , , , , 
22.6176923, -0.0270237, , , , , , , 22.6176923, 0.0142672, , , , , , , 22.6176923, 0.1284047, , , , , , , 22.6176923, 0.0605936, , , , , , , , , , , , , , , , , , , , , , , , , , , , 
22.6182115, -0.0297093, , , , , , , 22.6182115, 0.0186313, , , , , , , 22.6182115, 0.1079271, , , , , , , 22.6182115, 0.0589151, , , , , , , , , , , , , , , , , , , , , , , , , , , , 
22.6187308, -0.0263523, , , , , , , 22.6187308, 0.0159457, , , , , , , 22.6187308, 0.0830854, , , , , , , 22.6187308, 0.051194, , , , , , , , , , , , , , , , , , , , , , , , , , , , 
22.61925, -0.0169528, , , , , , , 22.61925, 0.0038605, , , , , , , 22.61925, 0.0605936, , , , , , , 22.61925, 0.036759, , , , , , , , , , , , , , , , , , , , , , , , , , , , 
22.6197692, -0.0072175, , , , , , , 22.6197692, -0.0139315, , , , , , , 22.6197692, 0.0387732, , , , , , , 22.6197692, 0.0176242, , , , , , , , , , , , , , , , , , , , , , , , , , , , 
22.6202885, 0.0038605, , , , , , , 22.6202885, -0.0209812, , , , , , , 22.6202885, 0.0162814, , , , , , , 22.6202885, 0.0005035, , , , , , , , , , , , , , , , , , , , , , , , , , , , 
22.6208077, 0.0099031, , , , , , , 22.6208077, -0.0082246, , , , , , , 22.6208077, -0.0045319, , , , , , , 22.6208077, -0.0065461, , , , , , , , , , , , , , , , , , , , , , , , , , , , 
22.6213269, 0.0105745, , , , , , , 22.6213269, 0.0025177, , , , , , , 22.6213269, -0.0171206, , , , , , , 22.6213269, -0.0062104, , , , , , , , , , , , , , , , , , , , , , , , , , , , 
22.6218462, 0.0125887, , , , , , , 22.6218462, 0.0030213, , , , , , , 22.6218462, -0.0218204, , , , , , , 22.6218462, -0.0048676, , , , , , , , , , , , , , , , , , , , , , , , , , , , 
22.6223654, 0.0172885, , , , , , , 22.6223654, 0.0099031, , , , , , , 22.6223654, -0.017792, , , , , , , 22.6223654, -0.0031891, , , , , , , , , , , , , , , , , , , , , , , , , , , , 
22.6228846, 0.0229953, , , , , , , 22.6228846, 0.0283665, , , , , , , 22.6228846, -0.0057069, , , , , , , 22.6228846, -0.0008392, , , , , , , , , , , , , , , , , , , , , , , , , , , , 
22.6234038, 0.0256809, , , , , , , 22.6234038, 0.0360876, , , , , , , 22.6234038, 0.0137636, , , , , , , 22.6234038, 0.0015106, , , , , , , , , , , , , , , , , , , , , , , , , , , , 
22.6239231, 0.0240024, , , , , , , 22.6239231, 0.0292058, , , , , , , 22.6239231, 0.033402, , , , , , , 22.6239231, 0.0068818, , , , , , , , , , , , , , , , , , , , , , , , , , , , 
22.6244423, 0.0196384, , , , , , , 22.6244423, 0.0226596, , , , , , , 22.6244423, 0.0454871, , , , , , , 22.6244423, 0.0137636, , , , , , , , , , , , , , , , , , , , , , , , , , , , 
22.6249615, 0.0164492, , , , , , , 22.6249615, 0.0280308, , , , , , , 22.6249615, 0.0448157, , , , , , , 22.6249615, 0.0159457, , , , , , , , , , , , , , , , , , , , , , , , , , , , 
22.6254808, 0.0119173, , , , , , , 22.6254808, 0.0372625, , , , , , , 22.6254808, 0.0394446, , , , , , , 22.6254808, 0.01561, , , , , , , , , , , , , , , , , , , , , , , , , , , , 
22.626, 0.0065461, , , , , , , 22.626, 0.0307164, , , , , , , 22.626, 0.0387732, , , , , , , 22.626, 0.0164492, , , , , , , , , , , , , , , , , , , , , , , , , , , , 
22.6265192, 0.0025177, , , , , , , 22.6265192, 0.0092317, , , , , , , 22.6265192, 0.0414588, , , , , , , 22.6265192, 0.0172885, , , , , , , , , , , , , , , , , , , , , , , , , , , , 
22.6270385, -0.0011749, , , , , , , 22.6270385, -0.0072175, , , , , , , 22.6270385, 0.0364233, , , , , , , 22.6270385, 0.0159457, , , , , , , , , , , , , , , , , , , , , , , , , , , , 
22.6275577, -0.0095674, , , , , , , 22.6275577, -0.0062104, , , , , , , 22.6275577, 0.0253452, , , , , , , 22.6275577, 0.0117494, , , , , , , , , , , , , , , , , , , , , , , , , , , , 
22.6280769, -0.0166171, , , , , , , 22.6280769, 0.0028534, , , , , , , 22.6280769, 0.0172885, , , , , , , 22.6280769, 0.0092317, , , , , , , , , , , , , , , , , , , , , , , , , , , , 
22.6285962, -0.0109102, , , , , , , 22.6285962, 0.0099031, , , , , , , 22.6285962, 0.0070497, , , , , , , 22.6285962, 0.0065461, , , , , , , , , , , , , , , , , , , , , , , , , , , , 
22.6291154, 0.008896, , , , , , , 22.6291154, 0.0092317, , , , , , , 22.6291154, -0.0109102, , , , , , , 22.6291154, 0.0005035, , , , , , , , , , , , , , , , , , , , , , , , , , , , 
22.6296346, 0.0307164, , , , , , , 22.6296346, 0.0011749, , , , , , , 22.6296346, -0.0323949, , , , , , , 22.6296346, -0.0068818, , , , , , , , , , , , , , , , , , , , , , , , , , , , 
22.6301538, 0.0498512, , , , , , , 22.6301538, -0.0115816, , , , , , , 22.6301538, -0.051194, , , , , , , 22.6301538, -0.0129244, , , , , , , , , , , , , , , , , , , , , , , , , , , , 
22.6306731, 0.0679789, , , , , , , 22.6306731, -0.0152743, , , , , , , 22.6306731, -0.0575723, , , , , , , 22.6306731, -0.01561, , , , , , , , , , , , , , , , , , , , , , , , , , , , 
22.6311923, 0.0793927, , , , , , , 22.6311923, -0.0015106, , , , , , , 22.6311923, -0.0522011, , , , , , , 22.6311923, -0.0182956, , , , , , , , , , , , , , , , , , , , , , , , , , , , 
22.6317115, 0.0782177, , , , , , , 22.6317115, 0.0199741, , , , , , , 22.6317115, -0.0391089, , , , , , , 22.6317115, -0.0193027, , , , , , , , , , , , , , , , , , , , , , , , , , , , 
22.6322308, 0.0767071, , , , , , , 22.6322308, 0.0320592, , , , , , , 22.6322308, -0.0206455, , , , , , , 22.6322308, -0.0166171, , , , , , , , , , , , , , , , , , , , , , , , , , , , 
22.63275, 0.0770428, , , , , , , 22.63275, 0.0370947, , , , , , , 22.63275, -0.0038605, , , , , , , 22.63275, -0.0109102, , , , , , , , , , , , , , , , , , , , , , , , , , , , 
22.6332692, 0.0733501, , , , , , , 22.6332692, 0.0438087, , , , , , , 22.6332692, 0.0072175, , , , , , , 22.6332692, -0.0045319, , , , , , , , , , , , , , , , , , , , , , , , , , , , 
22.6337885, 0.0652934, , , , , , , 22.6337885, 0.0508583, , , , , , , 22.6337885, 0.0146029, , , , , , , 22.6337885, -0.0018463, , , , , , , , , , , , , , , , , , , , , , , , , , , , 
22.6343077, 0.0505226, , , , , , , 22.6343077, 0.0592508, , , , , , , 22.6343077, 0.0234989, , , , , , , 22.6343077, -0.0015106, , , , , , , , , , , , , , , , , , , , , , , , , , , , 
22.6348269, 0.0360876, , , , , , , 22.6348269, 0.0696574, , , , , , , 22.6348269, 0.0327306, , , , , , , 22.6348269, 0.0025177, , , , , , , , , , , , , , , , , , , , , , , , , , , , 
22.6353462, 0.0209812, , , , , , , 22.6353462, 0.0710002, , , , , , , 22.6353462, 0.0407874, , , , , , , 22.6353462, 0.0085603, , , , , , , , , , , , , , , , , , , , , , , , , , , , 
22.6358654, 0.0011749, , , , , , , 22.6358654, 0.0616007, , , , , , , 22.6358654, 0.0485084, , , , , , , 22.6358654, 0.0152743, , , , , , , , , , , , , , , , , , , , , , , , , , , , 
22.6363846, -0.0147707, , , , , , , 22.6363846, 0.0498512, , , , , , , 22.6363846, 0.0574044, , , , , , , 22.6363846, 0.0226596, , , , , , , , , , , , , , , , , , , , , , , , , , , , 
22.6369038, -0.026688, , , , , , , 22.6369038, 0.0318914, , , , , , , 22.6369038, 0.0609293, , , , , , , 22.6369038, 0.0283665, , , , , , , , , , , , , , , , , , , , , , , , , , , , 
22.6374231, -0.0364233, , , , , , , 22.6374231, -0.0075532, , , , , , , 22.6374231, 0.0540475, , , , , , , 22.6374231, 0.0352483, , , , , , , , , , , , , , , , , , , , , , , , , , , , 
22.6379423, -0.0458228, , , , , , , 22.6379423, -0.0577401, , , , , , , 22.6379423, 0.0372625, , , , , , , 22.6379423, 0.043473, , , , , , , , , , , , , , , , , , , , , , , , , , , , 
22.6384615, -0.0518654, , , , , , , 22.6384615, -0.0966812, , , , , , , 22.6384615, 0.0135958, , , , , , , 22.6384615, 0.0468299, , , , , , , , , , , , , , , , , , , , , , , , , , , , 
22.6389808, -0.0480049, , , , , , , 22.6389808, -0.1173266, , , , , , , 22.6389808, -0.0186313, , , , , , , 22.6389808, 0.0414588, , , , , , , , , , , , , , , , , , , , , , , , , , , , 
22.6395, -0.0384375, , , , , , , 22.6395, -0.1183337, , , , , , , 22.6395, -0.0570687, , , , , , , 22.6395, 0.0330663, , , , , , , , , , , , , , , , , , , , , , , , , , , , 
22.6400192, -0.0263523, , , , , , , 22.6400192, -0.1062486, , , , , , , 22.6400192, -0.0944991, , , , , , , 22.6400192, 0.030045, , , , , , , , , , , , , , , , , , , , , , , , , , , , 
22.6405385, -0.0166171, , , , , , , 22.6405385, -0.0882887, , , , , , , 22.6405385, -0.1200122, , , , , , , 22.6405385, 0.0320592, , , , , , , , , , , , , , , , , , , , , , , , , , , , 
22.6410577, -0.0129244, , , , , , , 22.6410577, -0.0652934, , , , , , , 22.6410577, -0.1317617, , , , , , , 22.6410577, 0.0303807, , , , , , , , , , , , , , , , , , , , , , , , , , , , 
22.6415769, -0.0099031, , , , , , , 22.6415769, -0.0610971, , , , , , , 22.6415769, -0.1284047, , , , , , , 22.6415769, 0.0226596, , , , , , , , , , , , , , , , , , , , , , , , , , , , 
22.6420962, -0.0082246, , , , , , , 22.6420962, -0.0866102, , , , , , , 22.6420962, -0.1116197, , , , , , , 22.6420962, 0.0159457, , , , , , , , , , , , , , , , , , , , , , , , , , , , 
22.6426154, -0.005539, , , , , , , 22.6426154, -0.1092699, , , , , , , 22.6426154, -0.0921492, , , , , , , 22.6426154, 0.0119173, , , , , , , , , , , , , , , , , , , , , , , , , , , , 
22.6431346, -0.0010071, , , , , , , 22.6431346, -0.1015488, , , , , , , 22.6431346, -0.0760357, , , , , , , 22.6431346, 0.0102388, , , , , , , , , , , , , , , , , , , , , , , , , , , , 
22.6436538, 0.0025177, , , , , , , 22.6436538, -0.0748608, , , , , , , 22.6436538, -0.0548867, , , , , , , 22.6436538, 0.0119173, , , , , , , , , , , , , , , , , , , , , , , , , , , , 
22.6441731, 0.0058747, , , , , , , 22.6441731, -0.0532082, , , , , , , 22.6441731, -0.0297093, , , , , , , 22.6441731, 0.0139315, , , , , , , , , , , , , , , , , , , , , , , , , , , , 
22.6446923, 0.0057069, , , , , , , 22.6446923, -0.0464942, , , , , , , 22.6446923, -0.002182, , , , , , , 22.6446923, 0.0132601, , , , , , , , , , , , , , , , , , , , , , , , , , , , 
22.6452115, 0.0023499, , , , , , , 22.6452115, -0.0421302, , , , , , , 22.6452115, 0.0280308, , , , , , , 22.6452115, 0.0115816, , , , , , , , , , , , , , , , , , , , , , , , , , , , 
22.6457308, 0.0031891, , , , , , , 22.6457308, -0.0265202, , , , , , , 22.6457308, 0.054551, , , , , , , 22.6457308, 0.0058747, , , , , , , , , , , , , , , , , , , , , , , , , , , , 
22.64625, 0.0085603, , , , , , , 22.64625, 0.0010071, , , , , , , 22.64625, 0.0649577, , , , , , , 22.64625, -0.0031891, , , , , , , , , , , , , , , , , , , , , , , , , , , , 
22.6467692, 0.0179599, , , , , , , 22.6467692, 0.0459907, , , , , , , 22.6467692, 0.0584115, , , , , , , 22.6467692, -0.0109102, , , , , , , , , , , , , , , , , , , , , , , , , , , , 
22.6472885, 0.030045, , , , , , , 22.6472885, 0.1092699, , , , , , , 22.6472885, 0.0448157, , , , , , , 22.6472885, -0.017792, , , , , , , , , , , , , , , , , , , , , , , , , , , , 
22.6478077, 0.0350805, , , , , , , 22.6478077, 0.1649958, , , , , , , 22.6478077, 0.030045, , , , , , , 22.6478077, -0.0246738, , , , , , , , , , , , , , , , , , , , , , , , , , , , 
22.6483269, 0.0448157, , , , , , , 22.6483269, 0.173724, , , , , , , 22.6483269, 0.0176242, , , , , , , 22.6483269, -0.0313878, , , , , , , , , , , , , , , , , , , , , , , , , , , , 
22.6488462, 0.0616007, , , , , , , 22.6488462, 0.1367971, , , , , , , 22.6488462, 0.0031891, , , , , , , 22.6488462, -0.0374304, , , , , , , , , , , , , , , , , , , , , , , , , , , , 
22.6493654, 0.079057, , , , , , , 22.6493654, 0.0871138, , , , , , , 22.6493654, -0.018967, , , , , , , 22.6493654, -0.0441444, , , , , , , , , , , , , , , , , , , , , , , , , , , , 
22.6498846, 0.0882887, , , , , , , 22.6498846, 0.0498512, , , , , , , 22.6498846, -0.047837, , , , , , , 22.6498846, -0.0464942, , , , , , , , , , , , , , , , , , , , , , , , , , , , 
22.6504038, 0.0924849, , , , , , , 22.6504038, 0.0387732, , , , , , , 22.6504038, -0.0844282, , , , , , , 22.6504038, -0.04448, , , , , , , , , , , , , , , , , , , , , , , , , , , , 
22.6509231, 0.0975204, , , , , , , 22.6509231, 0.0508583, , , , , , , 22.6509231, -0.1218585, , , , , , , 22.6509231, -0.0404517, , , , , , , , , , , , , , , , , , , , , , , , , , , , 
22.6514423, 0.0988632, , , , , , , 22.6514423, 0.0656291, , , , , , , 22.6514423, -0.1411612, , , , , , , 22.6514423, -0.0317235, , , , , , , , , , , , , , , , , , , , , , , , , , , , 
22.6519615, 0.0958419, , , , , , , 22.6519615, 0.0548867, , , , , , , 22.6519615, -0.1344472, , , , , , , 22.6519615, -0.0186313, , , , , , , , , , , , , , , , , , , , , , , , , , , , 
22.6524808, 0.0924849, , , , , , , 22.6524808, 0.0251774, , , , , , , 22.6524808, -0.1149767, , , , , , , 22.6524808, -0.0052033, , , , , , , , , , , , , , , , , , , , , , , , , , , , 
22.653, 0.085771, , , , , , , 22.653, -0.0057069, , , , , , , 22.653, -0.1042344, , , , , , , 22.653, 0.0065461, , , , , , , , , , , , , , , , , , , , , , , , , , , , 
22.6535192, 0.0716716, , , , , , , 22.6535192, -0.0382696, , , , , , , 22.6535192, -0.096849, , , , , , , 22.6535192, 0.0169528, , , , , , , , , , , , , , , , , , , , , , , , , , , , 
22.6540385, 0.057908, , , , , , , 22.6540385, -0.0699931, , , , , , , 22.6540385, -0.0673075, , , , , , , 22.6540385, 0.027863, , , , , , , , , , , , , , , , , , , , , , , , , , , , 
22.6545577, 0.0399481, , , , , , , 22.6545577, -0.0928206, , , , , , , 22.6545577, -0.0176242, , , , , , , 22.6545577, 0.0392767, , , , , , , , , , , , , , , , , , , , , , , , , , , , 
22.6550769, 0.0132601, , , , , , , 22.6550769, -0.110277, , , , , , , 22.6550769, 0.030045, , , , , , , 22.6550769, 0.0535439, , , , , , , , , , , , , , , , , , , , , , , , , , , , 
22.6555962, -0.0182956, , , , , , , 22.6555962, -0.1320974, , , , , , , 22.6555962, 0.073518, , , , , , , 22.6555962, 0.0683146, , , , , , , , , , , , , , , , , , , , , , , , , , , , 
22.6561154, -0.0498512, , , , , , , 22.6561154, -0.1475395, , , , , , , 22.6561154, 0.1193408, , , , , , , 22.6561154, 0.0847639, , , , , , , , , , , , , , , , , , , , , , , , , , , , 
22.6566346, -0.0728466, , , , , , , 22.6566346, -0.1426719, , , , , , , 22.6566346, 0.160296, , , , , , , 22.6566346, 0.1012131, , , , , , , , , , , , , , , , , , , , , , , , , , , , 
22.6571538, -0.0908064, , , , , , , 22.6571538, -0.128069, , , , , , , 22.6571538, 0.1891661, , , , , , , 22.6571538, 0.1163195, , , , , , , , , , , , , , , , , , , , , , , , , , , , 
22.6576731, -0.1049058, , , , , , , 22.6576731, -0.1143053, , , , , , , 22.6576731, 0.2052796, , , , , , , 22.6576731, 0.1240406, , , , , , , , , , , , , , , , , , , , , , , , , , , , 
22.6581923, -0.1129625, , , , , , , 22.6581923, -0.1017166, , , , , , , 22.6581923, 0.1999084, , , , , , , 22.6581923, 0.1159838, , , , , , , , , , , , , , , , , , , , , , , , , , , , 
22.6587115, -0.1122911, , , , , , , 22.6587115, -0.0877852, , , , , , , 22.6587115, 0.1673457, , , , , , , 22.6587115, 0.0971847, , , , , , , , , , , , , , , , , , , , , , , , , , , , 
22.6592308, -0.1003738, , , , , , , 22.6592308, -0.0715038, , , , , , , 22.6592308, 0.1164874, , , , , , , 22.6592308, 0.0782177, , , , , , , , , , , , , , , , , , , , , , , , , , , , 
22.65975, -0.082414, , , , , , , 22.65975, -0.0569009, , , , , , , 22.65975, 0.0609293, , , , , , , 22.65975, 0.0605936, , , , , , , , , , , , , , , , , , , , , , , , , , , , 
22.6602692, -0.0663005, , , , , , , 22.6602692, -0.0459907, , , , , , , 22.6602692, 0.0078889, , , , , , , 22.6602692, 0.0439765, , , , , , , , , , , , , , , , , , , , , , , , , , , , 
22.6607885, -0.0501869, , , , , , , 22.6607885, -0.0424659, , , , , , , 22.6607885, -0.0370947, , , , , , , 22.6607885, 0.0271916, , , , , , , , , , , , , , , , , , , , , , , , , , , , 
22.6613077, -0.0357519, , , , , , , 22.6613077, -0.0404517, , , , , , , 22.6613077, -0.0686503, , , , , , , 22.6613077, 0.0142672, , , , , , , , , , , , , , , , , , , , , , , , , , , , 
22.6618269, -0.0243381, , , , , , , 22.6618269, -0.0270237, , , , , , , 22.6618269, -0.0903029, , , , , , , 22.6618269, 0.0058747, , , , , , , , , , , , , , , , , , , , , , , , , , , , 
22.6623462, -0.0149386, , , , , , , 22.6623462, -0.0041962, , , , , , , 22.6623462, -0.1075914, , , , , , , 22.6623462, -0.0008392, , , , , , , , , , , , , , , , , , , , , , , , , , , , 
22.6628654, -0.0052033, , , , , , , 22.6628654, 0.0152743, , , , , , , 22.6628654, -0.1230335, , , , , , , 22.6628654, -0.005539, , , , , , , , , , , , , , , , , , , , , , , , , , , , 
22.6633846, 0.0085603, , , , , , , 22.6633846, 0.0240024, , , , , , , 22.6633846, -0.1341115, , , , , , , 22.6633846, -0.0109102, , , , , , , , , , , , , , , , , , , , , , , , , , , , 
22.6639038, 0.023331, , , , , , , 22.6639038, 0.0206455, , , , , , , 22.6639038, -0.1364614, , , , , , , 22.6639038, -0.0182956, , , , , , , , , , , , , , , , , , , , , , , , , , , , 
22.6644231, 0.036759, , , , , , , 22.6644231, 0.0099031, , , , , , , 22.6644231, -0.1334401, , , , , , , 22.6644231, -0.0250095, , , , , , , , , , , , , , , , , , , , , , , , , , , , 
22.6649423, 0.0454871, , , , , , , 22.6649423, 0.0045319, , , , , , , 22.6649423, -0.1290761, , , , , , , 22.6649423, -0.0256809, , , , , , , , , , , , , , , , , , , , , , , , , , , , 
22.6654615, 0.0485084, , , , , , , 22.6654615, 0.0119173, , , , , , , 22.6654615, -0.1109483, , , , , , , 22.6654615, -0.0256809, , , , , , , , , , , , , , , , , , , , , , , , , , , , 
22.6659808, 0.0501869, , , , , , , 22.6659808, 0.0216526, , , , , , , 22.6659808, -0.073518, , , , , , , 22.6659808, -0.0260166, , , , , , , , , , , , , , , , , , , , , , , , , , , , 
22.6665, 0.0515297, , , , , , , 22.6665, 0.0250095, , , , , , , 22.6665, -0.0303807, , , , , , , 22.6665, -0.0263523, , , , , , , , , , , , , , , , , , , , , , , , , , , , 
22.6670192, 0.0505226, , , , , , , 22.6670192, 0.036759, , , , , , , 22.6670192, 0.0038605, , , , , , , 22.6670192, -0.0283665, , , , , , , , , , , , , , , , , , , , , , , , , , , , 
22.6675385, 0.0453193, , , , , , , 22.6675385, 0.0555581, , , , , , , 22.6675385, 0.0250095, , , , , , , 22.6675385, -0.0310521, , , , , , , , , , , , , , , , , , , , , , , , , , , , 
22.6680577, 0.0384375, , , , , , , 22.6680577, 0.0716716, , , , , , , 22.6680577, 0.0327306, , , , , , , 22.6680577, -0.0320592, , , , , , , , , , , , , , , , , , , , , , , , , , , , 
22.6685769, 0.0407874, , , , , , , 22.6685769, 0.0908064, , , , , , , 22.6685769, 0.0327306, , , , , , , 22.6685769, -0.030045, , , , , , , , , , , , , , , , , , , , , , , , , , , , 
22.6690962, 0.0558938, , , , , , , 22.6690962, 0.1072557, , , , , , , 22.6690962, 0.030045, , , , , , , 22.6690962, -0.0287022, , , , , , , , , , , , , , , , , , , , , , , , , , , , 
22.6696154, 0.0691539, , , , , , , 22.6696154, 0.1028916, , , , , , , 22.6696154, 0.0213169, , , , , , , 22.6696154, -0.0270237, , , , , , , , , , , , , , , , , , , , , , , , , , , , 
22.6701346, 0.0736858, , , , , , , 22.6701346, 0.079057, , , , , , , 22.6701346, 0.0036927, , , , , , , 22.6701346, -0.0238346, , , , , , , , , , , , , , , , , , , , , , , , , , , , 
22.6706538, 0.0748608, , , , , , , 22.6706538, 0.051194, , , , , , , 22.6706538, -0.0198062, , , , , , , 22.6706538, -0.0179599, , , , , , , , , , , , , , , , , , , , , , , , , , , , 
22.6711731, 0.0733501, , , , , , , 22.6711731, 0.0203098, , , , , , , 22.6711731, -0.0387732, , , , , , , 22.6711731, -0.0045319, , , , , , , , , , , , , , , , , , , , , , , , , , , , 
22.6716923, 0.0693217, , , , , , , 22.6716923, -0.0203098, , , , , , , 22.6716923, -0.0446479, , , , , , , 22.6716923, 0.0125887, , , , , , , , , , , , , , , , , , , , , , , , , , , , 
22.6722115, 0.0605936, , , , , , , 22.6722115, -0.0491798, , , , , , , 22.6722115, -0.0417945, , , , , , , 22.6722115, 0.023331, , , , , , , , , , , , , , , , , , , , , , , , , , , , 
22.6727308, 0.0525368, , , , , , , 22.6727308, -0.0441444, , , , , , , 22.6727308, -0.0323949, , , , , , , 22.6727308, 0.0290379, , , , , , , , , , , , , , , , , , , , , , , , , , , , 
22.67325, 0.0441444, , , , , , , 22.67325, -0.0169528, , , , , , , 22.67325, -0.0151064, , , , , , , 22.67325, 0.033402, , , , , , , , , , , , , , , , , , , , , , , , , , , , 
22.6737692, 0.0313878, , , , , , , 22.6737692, 0.008896, , , , , , , 22.6737692, 0.0048676, , , , , , , 22.6737692, 0.0374304, , , , , , , , , , , , , , , , , , , , , , , , , , , , 
22.6742885, 0.0226596, , , , , , , 22.6742885, 0.018967, , , , , , , 22.6742885, 0.0219883, , , , , , , 22.6742885, 0.0381018, , , , , , , , , , , , , , , , , , , , , , , , , , , , 
22.6748077, 0.0092317, , , , , , , 22.6748077, 0.0166171, , , , , , , 22.6748077, 0.033402, , , , , , , 22.6748077, 0.0340734, , , , , , , , , , , , , , , , , , , , , , , , , , , , 
22.6753269, -0.0072175, , , , , , , 22.6753269, 0.0092317, , , , , , , 22.6753269, 0.0424659, , , , , , , 22.6753269, 0.0303807, , , , , , , , , , , , , , , , , , , , , , , , , , , , 
22.6758462, -0.0196384, , , , , , , 22.6758462, 0.0031891, , , , , , , 22.6758462, 0.0464942, , , , , , , 22.6758462, 0.0260166, , , , , , , , , , , , , , , , , , , , , , , , , , , , 
22.6763654, -0.0260166, , , , , , , 22.6763654, -0.0010071, , , , , , , 22.6763654, 0.0461585, , , , , , , 22.6763654, 0.0236667, , , , , , , , , , , , , , , , , , , , , , , , , , , , 
22.6768846, -0.0344091, , , , , , , 22.6768846, -0.0063783, , , , , , , 22.6768846, 0.0451514, , , , , , , 22.6768846, 0.0253452, , , , , , , , , , , , , , , , , , , , , , , , , , , , 
22.6774038, -0.0431373, , , , , , , 22.6774038, -0.0090639, , , , , , , 22.6774038, 0.0473335, , , , , , , 22.6774038, 0.0260166, , , , , , , , , , , , , , , , , , , , , , , , , , , , 
22.6779231, -0.0488441, , , , , , , 22.6779231, -0.0104067, , , , , , , 22.6779231, 0.0491798, , , , , , , 22.6779231, 0.0223239, , , , , , , , , , , , , , , , , , , , , , , , , , , , 
22.6784423, -0.0451514, , , , , , , 22.6784423, -0.01561, , , , , , , 22.6784423, 0.0454871, , , , , , , 22.6784423, 0.0199741, , , , , , , , , , , , , , , , , , , , , , , , , , , , 
22.6789615, -0.0317235, , , , , , , 22.6789615, -0.0209812, , , , , , , 22.6789615, 0.0431373, , , , , , , 22.6789615, 0.0219883, , , , , , , , , , , , , , , , , , , , , , , , , , , , 
22.6794808, -0.0159457, , , , , , , 22.6794808, -0.0203098, , , , , , , 22.6794808, 0.0501869, , , , , , , 22.6794808, 0.0234989, , , , , , , , , , , , , , , , , , , , , , , , , , , , 
22.68, -0.0015106, , , , , , , 22.68, -0.0025177, , , , , , , 22.68, 0.0629435, , , , , , , 22.68, 0.0243381, , , , , , , , , , , , , , , , , , , , , , , , , , , , 
22.6805192, 0.0072175, , , , , , , 22.6805192, 0.0283665, , , , , , , 22.6805192, 0.0726787, , , , , , , 22.6805192, 0.0246738, , , , , , , , , , , , , , , , , , , , , , , , , , , , 
22.6810385, 0.0078889, , , , , , , 22.6810385, 0.0441444, , , , , , , 22.6810385, 0.068986, , , , , , , 22.6810385, 0.0219883, , , , , , , , , , , , , , , , , , , , , , , , , , , , 
22.6815577, 0.0078889, , , , , , , 22.6815577, 0.0354162, , , , , , , 22.6815577, 0.0463264, , , , , , , 22.6815577, 0.0219883, , , , , , , , , , , , , , , , , , , , , , , , , , , , 
22.6820769, 0.0073854, , , , , , , 22.6820769, 0.0240024, , , , , , , 22.6820769, 0.0159457, , , , , , , 22.6820769, 0.0253452, , , , , , , , , , , , , , , , , , , , , , , , , , , , 
22.6825962, 0.0063783, , , , , , , 22.6825962, 0.0280308, , , , , , , 22.6825962, -0.0146029, , , , , , , 22.6825962, 0.0256809, , , , , , , , , , , , , , , , , , , , , , , , , , , , 
22.6831154, 0.0052033, , , , , , , 22.6831154, 0.0384375, , , , , , , 22.6831154, -0.0438087, , , , , , , 22.6831154, 0.0203098, , , , , , , , , , , , , , , , , , , , , , , , , , , , 
22.6836346, 0.0011749, , , , , , , 22.6836346, 0.0377661, , , , , , , 22.6836346, -0.0710002, , , , , , , 22.6836346, 0.0119173, , , , , , , , , , , , , , , , , , , , , , , , , , , , 
22.6841538, -0.0035248, , , , , , , 22.6841538, 0.0320592, , , , , , , 22.6841538, -0.0881209, , , , , , , 22.6841538, 0.0036927, , , , , , , , , , , , , , , , , , , , , , , , , , , , 
22.6846731, 0.0031891, , , , , , , 22.6846731, 0.0377661, , , , , , , 22.6846731, -0.0929885, , , , , , , 22.6846731, -0.0028534, , , , , , , , , , , , , , , , , , , , , , , , , , , , 
22.6851923, 0.0152743, , , , , , , 22.6851923, 0.0464942, , , , , , , 22.6851923, -0.0861067, , , , , , , 22.6851923, -0.0057069, , , , , , , , , , , , , , , , , , , , , , , , , , , , 
22.6857115, 0.0246738, , , , , , , 22.6857115, 0.0293736, , , , , , , 22.6857115, -0.0726787, , , , , , , 22.6857115, -0.0041962, , , , , , , , , , , , , , , , , , , , , , , , , , , , 
22.6862308, 0.0263523, , , , , , , 22.6862308, -0.0297093, , , , , , , 22.6862308, -0.0522011, , , , , , , 22.6862308, -0.0008392, , , , , , , , , , , , , , , , , , , , , , , , , , , , 
22.68675, 0.0226596, , , , , , , 22.68675, -0.1022202, , , , , , , 22.68675, -0.0263523, , , , , , , 22.68675, 0.0025177, , , , , , , , , , , , , , , , , , , , , , , , , , , , 
22.6872692, 0.0186313, , , , , , , 22.6872692, -0.1460288, , , , , , , 22.6872692, -0.0015106, , , , , , , 22.6872692, 0.0028534, , , , , , , , , , , , , , , , , , , , , , , , , , , , 
22.6877885, 0.0206455, , , , , , , 22.6877885, -0.1589532, , , , , , , 22.6877885, 0.0132601, , , , , , , 22.6877885, -0.0035248, , , , , , , , , , , , , , , , , , , , , , , , , , , , 
22.6883077, 0.0229953, , , , , , , 22.6883077, -0.1445182, , , , , , , 22.6883077, 0.0092317, , , , , , , 22.6883077, -0.0099031, , , , , , , , , , , , , , , , , , , , , , , , , , , , 
22.6888269, 0.0347448, , , , , , , 22.6888269, -0.1149767, , , , , , , 22.6888269, -0.0095674, , , , , , , 22.6888269, -0.0142672, , , , , , , , , , , , , , , , , , , , , , , , , , , , 
22.6893462, 0.0485084, , , , , , , 22.6893462, -0.093492, , , , , , , 22.6893462, -0.0350805, , , , , , , 22.6893462, -0.018967, , , , , , , , , , , , , , , , , , , , , , , , , , , , 
22.6898654, 0.0555581, , , , , , , 22.6898654, -0.1096056, , , , , , , 22.6898654, -0.0520333, , , , , , , 22.6898654, -0.0196384, , , , , , , , , , , , , , , , , , , , , , , , , , , , 
22.6903846, 0.0585794, , , , , , , 22.6903846, -0.1498894, , , , , , , 22.6903846, -0.0542153, , , , , , , 22.6903846, -0.0135958, , , , , , , , , , , , , , , , , , , , , , , , , , , , 
22.6909038, 0.0562295, , , , , , , 22.6909038, -0.1633173, , , , , , , 22.6909038, -0.0498512, , , , , , , 22.6909038, -0.0038605, , , , , , , , , , , , , , , , , , , , , , , , , , , , 
22.6914231, 0.054551, , , , , , , 22.6914231, -0.1284047, , , , , , , 22.6914231, -0.0471656, , , , , , , 22.6914231, 0.0052033, , , , , , , , , , , , , , , , , , , , , , , , , , , , 
22.6919423, 0.0548867, , , , , , , 22.6919423, -0.0679789, , , , , , , 22.6919423, -0.0491798, , , , , , , 22.6919423, 0.0169528, , , , , , , , , , , , , , , , , , , , , , , , , , , , 
22.6924615, 0.0508583, , , , , , , 22.6924615, -0.0125887, , , , , , , 22.6924615, -0.0505226, , , , , , , 22.6924615, 0.0276951, , , , , , , , , , , , , , , , , , , , , , , , , , , , 
22.6929808, 0.0441444, , , , , , , 22.6929808, 0.0125887, , , , , , , 22.6929808, -0.0503548, , , , , , , 22.6929808, 0.0337377, , , , , , , , , , , , , , , , , , , , , , , , , , , , 
22.6935, 0.0320592, , , , , , , 22.6935, 0.0077211, , , , , , , 22.6935, -0.0458228, , , , , , , 22.6935, 0.0360876, , , , , , , , , , , , , , , , , , , , , , , , , , , , 
22.6940192, 0.0199741, , , , , , , 22.6940192, -0.0063783, , , , , , , 22.6940192, -0.0411231, , , , , , , 22.6940192, 0.0360876, , , , , , , , , , , , , , , , , , , , , , , , , , , , 
22.6945385, 0.0129244, , , , , , , 22.6945385, -0.0105745, , , , , , , 22.6945385, -0.0317235, , , , , , , 22.6945385, 0.0354162, , , , , , , , , , , , , , , , , , , , , , , , , , , , 
22.6950577, 0.0065461, , , , , , , 22.6950577, -0.008896, , , , , , , 22.6950577, -0.012253, , , , , , , 22.6950577, 0.0360876, , , , , , , , , , , , , , , , , , , , , , , , , , , , 
22.6955769, -0.0028534, , , , , , , 22.6955769, -0.0146029, , , , , , , 22.6955769, 0.0092317, , , , , , , 22.6955769, 0.0394446, , , , , , , , , , , , , , , , , , , , , , , , , , , , 
22.6960962, -0.0139315, , , , , , , 22.6960962, -0.0273594, , , , , , , 22.6960962, 0.0287022, , , , , , , 22.6960962, 0.0412909, , , , , , , , , , , , , , , , , , , , , , , , , , , , 
22.6966154, -0.0236667, , , , , , , 22.6966154, -0.0303807, , , , , , , 22.6966154, 0.0506905, , , , , , , 22.6966154, 0.0407874, , , , , , , , , , , , , , , , , , , , , , , , , , , , 
22.6971346, -0.0307164, , , , , , , 22.6971346, -0.017792, , , , , , , 22.6971346, 0.0741894, , , , , , , 22.6971346, 0.0397803, , , , , , , , , , , , , , , , , , , , , , , , , , , , 
22.6976538, -0.0370947, , , , , , , 22.6976538, 0.0023499, , , , , , , 22.6976538, 0.0928206, , , , , , , 22.6976538, 0.0364233, , , , , , , , , , , , , , , , , , , , , , , , , , , , 
22.6981731, -0.0438087, , , , , , , 22.6981731, 0.0240024, , , , , , , 22.6981731, 0.1065843, , , , , , , 22.6981731, 0.030045, , , , , , , , , , , , , , , , , , , , , , , , , , , , 
22.6986923, -0.0448157, , , , , , , 22.6986923, 0.0374304, , , , , , , 22.6986923, 0.1210193, , , , , , , 22.6986923, 0.0199741, , , , , , , , , , , , , , , , , , , , , , , , , , , , 
22.6992115, -0.0323949, , , , , , , 22.6992115, 0.0461585, , , , , , , 22.6992115, 0.1351186, , , , , , , 22.6992115, 0.0099031, , , , , , , , , , , , , , , , , , , , , , , , , , , , 
22.6997308, -0.0162814, , , , , , , 22.6997308, 0.0555581, , , , , , , 22.6997308, 0.1428397, , , , , , , 22.6997308, -0.002182, , , , , , , , , , , , , , , , , , , , , , , , , , , , 
22.70025, -0.0068818, , , , , , , 22.70025, 0.0669718, , , , , , , 22.70025, 0.1401541, , , , , , , 22.70025, -0.0130922, , , , , , , , , , , , , , , , , , , , , , , , , , , , 
22.7007692, -0.002182, , , , , , , 22.7007692, 0.0750286, , , , , , , 22.7007692, 0.1347829, , , , , , , 22.7007692, -0.0166171, , , , , , , , , , , , , , , , , , , , , , , , , , , , 
22.7012885, 0.0065461, , , , , , , 22.7012885, 0.0787213, , , , , , , 22.7012885, 0.1290761, , , , , , , 22.7012885, -0.0176242, , , , , , , , , , , , , , , , , , , , , , , , , , , , 
22.7018077, 0.0109102, , , , , , , 22.7018077, 0.0736858, , , , , , , 22.7018077, 0.1139696, , , , , , , 22.7018077, -0.0196384, , , , , , , , , , , , , , , , , , , , , , , , , , , , 
22.7023269, 0.0132601, , , , , , , 22.7023269, 0.0589151, , , , , , , 22.7023269, 0.0842603, , , , , , , 22.7023269, -0.0203098, , , , , , , , , , , , , , , , , , , , , , , , , , , , 
22.7028462, 0.0223239, , , , , , , 22.7028462, 0.040116, , , , , , , 22.7028462, 0.043473, , , , , , , 22.7028462, -0.018967, , , , , , , , , , , , , , , , , , , , , , , , , , , , 
22.7033654, 0.0332341, , , , , , , 22.7033654, 0.0320592, , , , , , , 22.7033654, -0.0025177, , , , , , , 22.7033654, -0.0162814, , , , , , , , , , , , , , , , , , , , , , , , , , , , 
22.7038846, 0.040116, , , , , , , 22.7038846, 0.0344091, , , , , , , 22.7038846, -0.0481727, , , , , , , 22.7038846, -0.0124208, , , , , , , , , , , , , , , , , , , , , , , , , , , , 
22.7044038, 0.0468299, , , , , , , 22.7044038, 0.033402, , , , , , , 22.7044038, -0.0894636, , , , , , , 22.7044038, -0.0097353, , , , , , , , , , , , , , , , , , , , , , , , , , , , 
22.7049231, 0.0535439, , , , , , , 22.7049231, 0.018967, , , , , , , 22.7049231, -0.1265583, , , , , , , 22.7049231, -0.005539, , , , , , , , , , , , , , , , , , , , , , , , , , , , 
22.7054423, 0.0582437, , , , , , , 22.7054423, -0.0030213, , , , , , , 22.7054423, -0.1653315, , , , , , , 22.7054423, -0.0008392, , , , , , , , , , , , , , , , , , , , , , , , , , , , 
22.7059615, 0.0572366, , , , , , , 22.7059615, -0.0139315, , , , , , , 22.7059615, -0.202594, , , , , , , 22.7059615, 0.0025177, , , , , , , , , , , , , , , , , , , , , , , , , , , , 
22.7064808, 0.0528725, , , , , , , 22.7064808, -0.0025177, , , , , , , 22.7064808, -0.2319677, , , , , , , 22.7064808, 0.0058747, , , , , , , , , , , , , , , , , , , , , , , , , , , , 
22.707, 0.0528725, , , , , , , 22.707, 0.0213169, , , , , , , 22.707, -0.2593271, , , , , , , 22.707, 0.0109102, , , , , , , , , , , , , , , , , , , , , , , , , , , , 
22.7075192, 0.0505226, , , , , , , 22.7075192, 0.0360876, , , , , , , 22.7075192, -0.2787976, , , , , , , 22.7075192, 0.0226596, , , , , , , , , , , , , , , , , , , , , , , , , , , , 
22.7080385, 0.0454871, , , , , , , 22.7080385, 0.0253452, , , , , , , 22.7080385, -0.2628519, , , , , , , 22.7080385, 0.0419623, , , , , , , , , , , , , , , , , , , , , , , , , , , , 
22.7085577, 0.0428016, , , , , , , 22.7085577, 0.0052033, , , , , , , 22.7085577, -0.2166934, , , , , , , 22.7085577, 0.0587472, , , , , , , , , , , , , , , , , , , , , , , , , , , , 
22.7090769, 0.0458228, , , , , , , 22.7090769, -0.0035248, , , , , , , 22.7090769, -0.1676814, , , , , , , 22.7090769, 0.0642863, , , , , , , , , , , , , , , , , , , , , , , , , , , , 
22.7095962, 0.0575723, , , , , , , 22.7095962, -0.0068818, , , , , , , 22.7095962, -0.1218585, , , , , , , 22.7095962, 0.0632792, , , , , , , , , , , , , , , , , , , , , , , , , , , , 
22.7101154, 0.0656291, , , , , , , 22.7101154, -0.0152743, , , , , , , 22.7101154, -0.0787213, , , , , , , 22.7101154, 0.0575723, , , , , , , , , , , , , , , , , , , , , , , , , , , , 
22.7106346, 0.0642863, , , , , , , 22.7106346, -0.0236667, , , , , , , 22.7106346, -0.0461585, , , , , , , 22.7106346, 0.0495155, , , , , , , , , , , , , , , , , , , , , , , , , , , , 
22.7111538, 0.0599222, , , , , , , 22.7111538, -0.030045, , , , , , , 22.7111538, -0.0251774, , , , , , , 22.7111538, 0.0407874, , , , , , , , , , , , , , , , , , , , , , , , , , , , 
22.7116731, 0.054551, , , , , , , 22.7116731, -0.0330663, , , , , , , 22.7116731, -0.0127565, , , , , , , 22.7116731, 0.030045, , , , , , , , , , , , , , , , , , , , , , , , , , , , 
22.7121923, 0.0481727, , , , , , , 22.7121923, -0.0283665, , , , , , , 22.7121923, -0.0068818, , , , , , , 22.7121923, 0.0198062, , , , , , , , , , , , , , , , , , , , , , , , , , , , 
22.7127115, 0.0364233, , , , , , , 22.7127115, -0.0182956, , , , , , , 22.7127115, -0.0008392, , , , , , , 22.7127115, 0.0129244, , , , , , , , , , , , , , , , , , , , , , , , , , , , 
22.7132308, 0.0186313, , , , , , , 22.7132308, -0.0095674, , , , , , , 22.7132308, 0.010071, , , , , , , 22.7132308, 0.0082246, , , , , , , , , , , , , , , , , , , , , , , , , , , , 
22.71375, -0.002182, , , , , , , 22.71375, -0.003357, , , , , , , 22.71375, 0.0271916, , , , , , , 22.71375, 0.0035248, , , , , , , , , , , , , , , , , , , , , , , , , , , , 
22.7142692, -0.0196384, , , , , , , 22.7142692, 0.0015106, , , , , , , 22.7142692, 0.0481727, , , , , , , 22.7142692, -0.0028534, , , , , , , , , , , , , , , , , , , , , , , , , , , , 
22.7147885, -0.0276951, , , , , , , 22.7147885, -0.0015106, , , , , , , 22.7147885, 0.0656291, , , , , , , 22.7147885, -0.011078, , , , , , , , , , , , , , , , , , , , , , , , , , , , 
22.7153077, -0.0406195, , , , , , , 22.7153077, -0.0112459, , , , , , , 22.7153077, 0.072343, , , , , , , 22.7153077, -0.0162814, , , , , , , , , , , , , , , , , , , , , , , , , , , , 
22.7158269, -0.0547189, , , , , , , 22.7158269, -0.0199741, , , , , , , 22.7158269, 0.0710002, , , , , , , 22.7158269, -0.0159457, , , , , , , , , , , , , , , , , , , , , , , , , , , , 
22.7163462, -0.0632792, , , , , , , 22.7163462, -0.0213169, , , , , , , 22.7163462, 0.0694896, , , , , , , 22.7163462, -0.0142672, , , , , , , , , , , , , , , , , , , , , , , , , , , , 
22.7168654, -0.0696574, , , , , , , 22.7168654, -0.0181277, , , , , , , 22.7168654, 0.0708324, , , , , , , 22.7168654, -0.0115816, , , , , , , , , , , , , , , , , , , , , , , , , , , , 
22.7173846, -0.0721752, , , , , , , 22.7173846, -0.0140993, , , , , , , 22.7173846, 0.0710002, , , , , , , 22.7173846, -0.0082246, , , , , , , , , , , , , , , , , , , , , , , , , , , , 
22.7179038, -0.0710002, , , , , , , 22.7179038, -0.0095674, , , , , , , 22.7179038, 0.0666361, , , , , , , 22.7179038, -0.0068818, , , , , , , , , , , , , , , , , , , , , , , , , , , , 
22.7184231, -0.0663005, , , , , , , 22.7184231, -0.0001678, , , , , , , 22.7184231, 0.057908, , , , , , , 22.7184231, -0.0065461, , , , , , , , , , , , , , , , , , , , , , , , , , , , 
22.7189423, -0.0522011, , , , , , , 22.7189423, 0.0129244, , , , , , , 22.7189423, 0.0468299, , , , , , , 22.7189423, -0.0090639, , , , , , , , , , , , , , , , , , , , , , , , , , , , 
22.7194615, -0.0339055, , , , , , , 22.7194615, 0.0273594, , , , , , , 22.7194615, 0.0360876, , , , , , , 22.7194615, -0.0135958, , , , , , , , , , , , , , , , , , , , , , , , , , , , 
22.7199808, -0.0186313, , , , , , , 22.7199808, 0.0404517, , , , , , , 22.7199808, 0.0302129, , , , , , , 22.7199808, -0.01561, , , , , , , , , , , , , , , , , , , , , , , , , , , , 
22.7205, -0.0028534, , , , , , , 22.7205, 0.0438087, , , , , , , 22.7205, 0.0344091, , , , , , , 22.7205, -0.012253, , , , , , , , , , , , , , , , , , , , , , , , , , , , 
22.7210192, 0.0129244, , , , , , , 22.7210192, 0.0323949, , , , , , , 22.7210192, 0.0448157, , , , , , , 22.7210192, -0.0048676, , , , , , , , , , , , , , , , , , , , , , , , , , , , 
22.7215385, 0.026688, , , , , , , 22.7215385, 0.0260166, , , , , , , 22.7215385, 0.0542153, , , , , , , 22.7215385, 0.0050355, , , , , , , , , , , , , , , , , , , , , , , , , , , , 
22.7220577, 0.0372625, , , , , , , 22.7220577, 0.0374304, , , , , , , 22.7220577, 0.0629435, , , , , , , 22.7220577, 0.0179599, , , , , , , , , , , , , , , , , , , , , , , , , , , , 
22.7225769, 0.040116, , , , , , , 22.7225769, 0.0528725, , , , , , , 22.7225769, 0.0713359, , , , , , , 22.7225769, 0.0350805, , , , , , , , , , , , , , , , , , , , , , , , , , , , 
22.7230962, 0.0360876, , , , , , , 22.7230962, 0.0528725, , , , , , , 22.7230962, 0.0736858, , , , , , , 22.7230962, 0.0501869, , , , , , , , , , , , , , , , , , , , , , , , , , , , 
22.7236154, 0.033402, , , , , , , 22.7236154, 0.0287022, , , , , , , 22.7236154, 0.0703288, , , , , , , 22.7236154, 0.0574044, , , , , , , , , , , , , , , , , , , , , , , , , , , , 
22.7241346, 0.0307164, , , , , , , 22.7241346, 0.0015106, , , , , , , 22.7241346, 0.0669718, , , , , , , 22.7241346, 0.0589151, , , , , , , , , , , , , , , , , , , , , , , , , , , , 
22.7246538, 0.0280308, , , , , , , 22.7246538, -0.0048676, , , , , , , 22.7246538, 0.0696574, , , , , , , 22.7246538, 0.0555581, , , , , , , , , , , , , , , , , , , , , , , , , , , , 
22.7251731, 0.0339055, , , , , , , 22.7251731, 0.0005035, , , , , , , 22.7251731, 0.0800641, , , , , , , 22.7251731, 0.0563973, , , , , , , , , , , , , , , , , , , , , , , , , , , , 
22.7256923, 0.0382696, , , , , , , 22.7256923, 0.0119173, , , , , , , 22.7256923, 0.0936599, , , , , , , 22.7256923, 0.0622721, , , , , , , , , , , , , , , , , , , , , , , , , , , , 
22.7262115, 0.0276951, , , , , , , 22.7262115, 0.0219883, , , , , , , 22.7262115, 0.0991989, , , , , , , 22.7262115, 0.0629435, , , , , , , , , , , , , , , , , , , , , , , , , , , , 
22.7267308, 0.0129244, , , , , , , 22.7267308, 0.0184634, , , , , , , 22.7267308, 0.0904707, , , , , , , 22.7267308, 0.0572366, , , , , , , , , , , , , , , , , , , , , , , , , , , , 
22.72725, 0.008896, , , , , , , 22.72725, 0.0001678, , , , , , , 22.72725, 0.0679789, , , , , , , 22.72725, 0.0506905, , , , , , , , , , , , , , , , , , , , , , , , , , , , 
22.7277692, 0.0092317, , , , , , , 22.7277692, -0.0263523, , , , , , , 22.7277692, 0.0374304, , , , , , , 22.7277692, 0.0448157, , , , , , , , , , , , , , , , , , , , , , , , , , , , 
22.7282885, 0.0104067, , , , , , , 22.7282885, -0.0448157, , , , , , , 22.7282885, 0.0035248, , , , , , , 22.7282885, 0.0340734, , , , , , , , , , , , , , , , , , , , , , , , , , , , 
22.7288077, 0.014435, , , , , , , 22.7288077, -0.0464942, , , , , , , 22.7288077, -0.0310521, , , , , , , 22.7288077, 0.0194705, , , , , , , , , , , , , , , , , , , , , , , , , , , , 
22.7293269, 0.03122, , , , , , , 22.7293269, -0.0481727, , , , , , , 22.7293269, -0.0652934, , , , , , , 22.7293269, 0.0092317, , , , , , , , , , , , , , , , , , , , , , , , , , , , 
22.7298462, 0.0488441, , , , , , , 22.7298462, -0.0720073, , , , , , , 22.7298462, -0.0938277, , , , , , , 22.7298462, 0.0062104, , , , , , , , , , , , , , , , , , , , , , , , , , , , 
22.7303654, 0.0602579, , , , , , , 22.7303654, -0.1092699, , , , , , , 22.7303654, -0.1122911, , , , , , , 22.7303654, 0.0025177, , , , , , , , , , , , , , , , , , , , , , , , , , , , 
22.7308846, 0.0636149, , , , , , , 22.7308846, -0.1451896, , , , , , , 22.7308846, -0.1250477, , , , , , , 22.7308846, -0.0045319, , , , , , , , , , , , , , , , , , , , , , , , , , , , 
22.7314038, 0.0652934, , , , , , , 22.7314038, -0.1755703, , , , , , , 22.7314038, -0.1344472, , , , , , , 22.7314038, -0.0172885, , , , , , , , , , , , , , , , , , , , , , , , , , , , 
22.7319231, 0.0666361, , , , , , , 22.7319231, -0.1965515, , , , , , , 22.7319231, -0.1404898, , , , , , , 22.7319231, -0.0273594, , , , , , , , , , , , , , , , , , , , , , , , , , , , 
22.7324423, 0.0683146, , , , , , , 22.7324423, -0.2030976, , , , , , , 22.7324423, -0.1394827, , , , , , , 22.7324423, -0.0310521, , , , , , , , , , , , , , , , , , , , , , , , , , , , 
22.7329615, 0.0679789, , , , , , , 22.7329615, -0.1827878, , , , , , , 22.7329615, -0.1270619, , , , , , , 22.7329615, -0.0320592, , , , , , , , , , , , , , , , , , , , , , , , , , , , 
22.7334808, 0.061265, , , , , , , 22.7334808, -0.1384756, , , , , , , 22.7334808, -0.1022202, , , , , , , 22.7334808, -0.0298772, , , , , , , , , , , , , , , , , , , , , , , , , , , , 
22.734, 0.0488441, , , , , , , 22.734, -0.0871138, , , , , , , 22.734, -0.0753643, , , , , , , 22.734, -0.0243381, , , , , , , , , , , , , , , , , , , , , , , , , , , , 
22.7345192, 0.0394446, , , , , , , 22.7345192, -0.0438087, , , , , , , 22.7345192, -0.0572366, , , , , , , 22.7345192, -0.0216526, , , , , , , , , , , , , , , , , , , , , , , , , , , , 
22.7350385, 0.0350805, , , , , , , 22.7350385, -0.0125887, , , , , , , 22.7350385, -0.0459907, , , , , , , 22.7350385, -0.0216526, , , , , , , , , , , , , , , , , , , , , , , , , , , , 
22.7355577, 0.0240024, , , , , , , 22.7355577, 0.0102388, , , , , , , 22.7355577, -0.0377661, , , , , , , 22.7355577, -0.0206455, , , , , , , , , , , , , , , , , , , , , , , , , , , , 
22.7360769, 0.0068818, , , , , , , 22.7360769, 0.0251774, , , , , , , 22.7360769, -0.0287022, , , , , , , 22.7360769, -0.0152743, , , , , , , , , , , , , , , , , , , , , , , , , , , , 
22.7365962, -0.0112459, , , , , , , 22.7365962, 0.030045, , , , , , , 22.7365962, -0.0152743, , , , , , , 22.7365962, -0.0065461, , , , , , , , , , , , , , , , , , , , , , , , , , , , 
22.7371154, -0.0246738, , , , , , , 22.7371154, 0.0303807, , , , , , , 22.7371154, -0.005539, , , , , , , 22.7371154, 0.0001678, , , , , , , , , , , , , , , , , , , , , , , , , , , , 
22.7376346, -0.0347448, , , , , , , 22.7376346, 0.0327306, , , , , , , 22.7376346, -0.0023499, , , , , , , 22.7376346, 0.0041962, , , , , , , , , , , , , , , , , , , , , , , , , , , , 
22.7381538, -0.04448, , , , , , , 22.7381538, 0.033402, , , , , , , 22.7381538, 0.0062104, , , , , , , 22.7381538, 0.0085603, , , , , , , , , , , , , , , , , , , , , , , , , , , , 
22.7386731, -0.051194, , , , , , , 22.7386731, 0.0256809, , , , , , , 22.7386731, 0.0209812, , , , , , , 22.7386731, 0.0179599, , , , , , , , , , , , , , , , , , , , , , , , , , , , 
22.7391923, -0.0485084, , , , , , , 22.7391923, 0.0236667, , , , , , , 22.7391923, 0.0345769, , , , , , , 22.7391923, 0.0288701, , , , , , , , , , , , , , , , , , , , , , , , , , , , 
22.7397115, -0.0360876, , , , , , , 22.7397115, 0.0357519, , , , , , , 22.7397115, 0.0428016, , , , , , , 22.7397115, 0.0347448, , , , , , , , , , , , , , , , , , , , , , , , , , , , 
22.7402308, -0.0297093, , , , , , , 22.7402308, 0.0441444, , , , , , , 22.7402308, 0.0464942, , , , , , , 22.7402308, 0.0374304, , , , , , , , , , , , , , , , , , , , , , , , , , , , 
22.74075, -0.0327306, , , , , , , 22.74075, 0.0428016, , , , , , , 22.74075, 0.0471656, , , , , , , 22.74075, 0.0374304, , , , , , , , , , , , , , , , , , , , , , , , , , , , 
22.7412692, -0.0344091, , , , , , , 22.7412692, 0.0439765, , , , , , , 22.7412692, 0.0424659, , , , , , , 22.7412692, 0.0394446, , , , , , , , , , , , , , , , , , , , , , , , , , , , 
22.7417885, -0.0297093, , , , , , , 22.7417885, 0.040116, , , , , , , 22.7417885, 0.0280308, , , , , , , 22.7417885, 0.0431373, , , , , , , , , , , , , , , , , , , , , , , , , , , , 
22.7423077, -0.0276951, , , , , , , 22.7423077, 0.0320592, , , , , , , 22.7423077, 0.0119173, , , , , , , 22.7423077, 0.0461585, , , , , , , , , , , , , , , , , , , , , , , , , , , , 
22.7428269, -0.0271916, , , , , , , 22.7428269, 0.0265202, , , , , , , 22.7428269, 0.0010071, , , , , , , 22.7428269, 0.0441444, , , , , , , , , , , , , , , , , , , , , , , , , , , , 
22.7433462, -0.0219883, , , , , , , 22.7433462, 0.0151064, , , , , , , 22.7433462, -0.0102388, , , , , , , 22.7433462, 0.0382696, , , , , , , , , , , , , , , , , , , , , , , , , , , , 
22.7438654, -0.0135958, , , , , , , 22.7438654, 0.0018463, , , , , , , 22.7438654, -0.0297093, , , , , , , 22.7438654, 0.0315557, , , , , , , , , , , , , , , , , , , , , , , , , , , , 
22.7443846, -0.0068818, , , , , , , 22.7443846, -0.0008392, , , , , , , 22.7443846, -0.0516976, , , , , , , 22.7443846, 0.0258488, , , , , , , , , , , , , , , , , , , , , , , , , , , , 
22.7449038, -0.0028534, , , , , , , 22.7449038, -0.0038605, , , , , , , 22.7449038, -0.0663005, , , , , , , 22.7449038, 0.0186313, , , , , , , , , , , , , , , , , , , , , , , , , , , , 
22.7454231, -0.0001678, , , , , , , 22.7454231, -0.023331, , , , , , , 22.7454231, -0.0676432, , , , , , , 22.7454231, 0.0112459, , , , , , , , , , , , , , , , , , , , , , , , , , , , 
22.7459423, 0.0005035, , , , , , , 22.7459423, -0.0448157, , , , , , , 22.7459423, -0.0626078, , , , , , , 22.7459423, 0.0072175, , , , , , , , , , , , , , , , , , , , , , , , , , , , 
22.7464615, -0.0015106, , , , , , , 22.7464615, -0.0485084, , , , , , , 22.7464615, -0.0572366, , , , , , , 22.7464615, 0.0075532, , , , , , , , , , , , , , , , , , , , , , , , , , , , 
22.7469808, -0.0001678, , , , , , , 22.7469808, -0.0411231, , , , , , , 22.7469808, -0.0518654, , , , , , , 22.7469808, 0.0105745, , , , , , , , , , , , , , , , , , , , , , , , , , , , 
22.7475, 0.0075532, , , , , , , 22.7475, -0.0310521, , , , , , , 22.7475, -0.043473, , , , , , , 22.7475, 0.0129244, , , , , , , , , , , , , , , , , , , , , , , , , , , , 
22.7480192, 0.0179599, , , , , , , 22.7480192, -0.0203098, , , , , , , 22.7480192, -0.0292058, , , , , , , 22.7480192, 0.0095674, , , , , , , , , , , , , , , , , , , , , , , , , , , , 
22.7485385, 0.0307164, , , , , , , 22.7485385, -0.0137636, , , , , , , 22.7485385, -0.0149386, , , , , , , 22.7485385, 0.0011749, , , , , , , , , , , , , , , , , , , , , , , , , , , , 
22.7490577, 0.0458228, , , , , , , 22.7490577, -0.008896, , , , , , , 22.7490577, -0.0052033, , , , , , , 22.7490577, -0.0078889, , , , , , , , , , , , , , , , , , , , , , , , , , , , 
22.7495769, 0.0629435, , , , , , , 22.7495769, -0.0001678, , , , , , , 22.7495769, -0.0045319, , , , , , , 22.7495769, -0.0152743, , , , , , , , , , , , , , , , , , , , , , , , , , , , 
22.7500962, 0.0767071, , , , , , , 22.7500962, 0.0062104, , , , , , , 22.7500962, -0.0099031, , , , , , , 22.7500962, -0.0229953, , , , , , , , , , , , , , , , , , , , , , , , , , , , 
22.7506154, 0.0844282, , , , , , , 22.7506154, 0.0119173, , , , , , , 22.7506154, -0.0095674, , , , , , , 22.7506154, -0.026688, , , , , , , , , , , , , , , , , , , , , , , , , , , , 
22.7511346, 0.0908064, , , , , , , 22.7511346, 0.0169528, , , , , , , 22.7511346, -0.0016785, , , , , , , 22.7511346, -0.0285344, , , , , , , , , , , , , , , , , , , , , , , , , , , , 
22.7516538, 0.0921492, , , , , , , 22.7516538, 0.0135958, , , , , , , 22.7516538, 0.0092317, , , , , , , 22.7516538, -0.0287022, , , , , , , , , , , , , , , , , , , , , , , , , , , , 
22.7521731, 0.0867781, , , , , , , 22.7521731, 0.0078889, , , , , , , 22.7521731, 0.0320592, , , , , , , 22.7521731, -0.024506, , , , , , , , , , , , , , , , , , , , , , , , , , , , 
22.7526923, 0.0746929, , , , , , , 22.7526923, 0.0099031, , , , , , , 22.7526923, 0.0669718, , , , , , , 22.7526923, -0.0139315, , , , , , , , , , , , , , , , , , , , , , , , , , , , 
22.7532115, 0.0654612, , , , , , , 22.7532115, 0.0186313, , , , , , , 22.7532115, 0.0985275, , , , , , , 22.7532115, -0.0001678, , , , , , , , , , , , , , , , , , , , , , , , , , , , 
22.7537308, 0.0585794, , , , , , , 22.7537308, 0.026688, , , , , , , 22.7537308, 0.1185016, , , , , , , 22.7537308, 0.0125887, , , , , , , , , , , , , , , , , , , , , , , , , , , , 
22.75425, 0.0468299, , , , , , , 22.75425, 0.0275273, , , , , , , 22.75425, 0.1203479, , , , , , , 22.75425, 0.0236667, , , , , , , , , , , , , , , , , , , , , , , , , , , , 
22.7547692, 0.0310521, , , , , , , 22.7547692, 0.024506, , , , , , , 22.7547692, 0.1079271, , , , , , , 22.7547692, 0.0293736, , , , , , , , , , , , , , , , , , , , , , , , , , , , 
22.7552885, 0.0162814, , , , , , , 22.7552885, 0.023331, , , , , , , 22.7552885, 0.0891279, , , , , , , 22.7552885, 0.0293736, , , , , , , , , , , , , , , , , , , , , , , , , , , , 
22.7558077, -0.005539, , , , , , , 22.7558077, 0.023331, , , , , , , 22.7558077, 0.0669718, , , , , , , 22.7558077, 0.0310521, , , , , , , , , , , , , , , , , , , , , , , , , , , , 
22.7563269, -0.0297093, , , , , , , 22.7563269, 0.0229953, , , , , , , 22.7563269, 0.0421302, , , , , , , 22.7563269, 0.0377661, , , , , , , , , , , , , , , , , , , , , , , , , , , , 
22.7568462, -0.0438087, , , , , , , 22.7568462, 0.0219883, , , , , , , 22.7568462, 0.0140993, , , , , , , 22.7568462, 0.0433051, , , , , , , , , , , , , , , , , , , , , , , , , , , , 
22.7573654, -0.0518654, , , , , , , 22.7573654, 0.0199741, , , , , , , 22.7573654, -0.0149386, , , , , , , 22.7573654, 0.0508583, , , , , , , , , , , , , , , , , , , , , , , , , , , , 
22.7578846, -0.0592508, , , , , , , 22.7578846, 0.0199741, , , , , , , 22.7578846, -0.040116, , , , , , , 22.7578846, 0.0629435, , , , , , , , , , , , , , , , , , , , , , , , , , , , 
22.7584038, -0.0681468, , , , , , , 22.7584038, 0.0193027, , , , , , , 22.7584038, -0.0619364, , , , , , , 22.7584038, 0.0721752, , , , , , , , , , , , , , , , , , , , , , , , , , , , 
22.7589231, -0.0686503, , , , , , , 22.7589231, 0.0105745, , , , , , , 22.7589231, -0.0814069, , , , , , , 22.7589231, 0.0703288, , , , , , , , , , , , , , , , , , , , , , , , , , , , 
22.7594423, -0.0574044, , , , , , , 22.7594423, -0.0035248, , , , , , , 22.7594423, -0.0955062, , , , , , , 22.7594423, 0.0626078, , , , , , , , , , , , , , , , , , , , , , , , , , , , 
22.7599615, -0.0464942, , , , , , , 22.7599615, -0.0112459, , , , , , , 22.7599615, -0.1042344, , , , , , , 22.7599615, 0.0535439, , , , , , , , , , , , , , , , , , , , , , , , , , , , 
22.7604808, -0.0404517, , , , , , , 22.7604808, -0.0130922, , , , , , , 22.7604808, -0.1156481, , , , , , , 22.7604808, 0.0421302, , , , , , , , , , , , , , , , , , , , , , , , , , , , 
22.761, -0.0357519, , , , , , , 22.761, -0.0164492, , , , , , , 22.761, -0.1297475, , , , , , , 22.761, 0.0271916, , , , , , , , , , , , , , , , , , , , , , , , , , , , 
22.7615192, -0.0270237, , , , , , , 22.7615192, -0.0193027, , , , , , , 22.7615192, -0.139147, , , , , , , 22.7615192, 0.0149386, , , , , , , , , , , , , , , , , , , , , , , , , , , , 
22.7620385, -0.0152743, , , , , , , 22.7620385, -0.0125887, , , , , , , 22.7620385, -0.1411612, , , , , , , 22.7620385, 0.0099031, , , , , , , , , , , , , , , , , , , , , , , , , , , , 
22.7625577, -0.0035248, , , , , , , 22.7625577, -0.0011749, , , , , , , 22.7625577, -0.1317617, , , , , , , 22.7625577, 0.008896, , , , , , , , , , , , , , , , , , , , , , , , , , , , 
22.7630769, 0.0008392, , , , , , , 22.7630769, 0.0075532, , , , , , , 22.7630769, -0.0963455, , , , , , , 22.7630769, 0.0072175, , , , , , , , , , , , , , , , , , , , , , , , , , , , 
22.7635962, 0.0028534, , , , , , , 22.7635962, 0.0132601, , , , , , , 22.7635962, -0.0468299, , , , , , , 22.7635962, 0.0065461, , , , , , , , , , , , , , , , , , , , , , , , , , , , 
22.7641154, 0.0068818, , , , , , , 22.7641154, 0.0115816, , , , , , , 22.7641154, -0.0083925, , , , , , , 22.7641154, 0.0041962, , , , , , , , , , , , , , , , , , , , , , , , , , , , 
22.7646346, 0.014435, , , , , , , 22.7646346, 0.0050355, , , , , , , 22.7646346, 0.0114137, , , , , , , 22.7646346, 0.0005035, , , , , , , , , , , , , , , , , , , , , , , , , , , , 
22.7651538, 0.0223239, , , , , , , 22.7651538, -0.0008392, , , , , , , 22.7651538, 0.0219883, , , , , , , 22.7651538, -0.0018463, , , , , , , , , , , , , , , , , , , , , , , , , , , , 
22.7656731, 0.0303807, , , , , , , 22.7656731, -0.008896, , , , , , , 22.7656731, 0.0287022, , , , , , , 22.7656731, -0.0035248, , , , , , , , , , , , , , , , , , , , , , , , , , , , 
22.7661923, 0.040116, , , , , , , 22.7661923, -0.0179599, , , , , , , 22.7661923, 0.0310521, , , , , , , 22.7661923, -0.0045319, , , , , , , , , , , , , , , , , , , , , , , , , , , , 
22.7667115, 0.0461585, , , , , , , 22.7667115, -0.0307164, , , , , , , 22.7667115, 0.0276951, , , , , , , 22.7667115, -0.0041962, , , , , , , , , , , , , , , , , , , , , , , , , , , , 
22.7672308, 0.0475013, , , , , , , 22.7672308, -0.0448157, , , , , , , 22.7672308, 0.0186313, , , , , , , 22.7672308, -0.0035248, , , , , , , , , , , , , , , , , , , , , , , , , , , , 
22.76775, 0.0454871, , , , , , , 22.76775, -0.0508583, , , , , , , 22.76775, 0.0065461, , , , , , , 22.76775, -0.0048676, , , , , , , , , , , , , , , , , , , , , , , , , , , , 
22.7682692, 0.0480049, , , , , , , 22.7682692, -0.0488441, , , , , , , 22.7682692, -0.0068818, , , , , , , 22.7682692, -0.0099031, , , , , , , , , , , , , , , , , , , , , , , , , , , , 
22.7687885, 0.0592508, , , , , , , 22.7687885, -0.0381018, , , , , , , 22.7687885, -0.0209812, , , , , , , 22.7687885, -0.0142672, , , , , , , , , , , , , , , , , , , , , , , , , , , , 
22.7693077, 0.0706645, , , , , , , 22.7693077, -0.0198062, , , , , , , 22.7693077, -0.0292058, , , , , , , 22.7693077, -0.014435, , , , , , , , , , , , , , , , , , , , , , , , , , , , 
22.7698269, 0.0763714, , , , , , , 22.7698269, 0.0025177, , , , , , , 22.7698269, -0.0213169, , , , , , , 22.7698269, -0.012253, , , , , , , , , , , , , , , , , , , , , , , , , , , , 
22.7703462, 0.0783856, , , , , , , 22.7703462, 0.0162814, , , , , , , 22.7703462, 0.0011749, , , , , , , 22.7703462, -0.0099031, , , , , , , , , , , , , , , , , , , , , , , , , , , , 
22.7708654, 0.0817426, , , , , , , 22.7708654, 0.0129244, , , , , , , 22.7708654, 0.0276951, , , , , , , 22.7708654, -0.0052033, , , , , , , , , , , , , , , , , , , , , , , , , , , , 
22.7713846, 0.0849317, , , , , , , 22.7713846, 0.0097353, , , , , , , 22.7713846, 0.0501869, , , , , , , 22.7713846, -0.0035248, , , , , , , , , , , , , , , , , , , , , , , , , , , , 
22.7719038, 0.0850996, , , , , , , 22.7719038, 0.0125887, , , , , , , 22.7719038, 0.0656291, , , , , , , 22.7719038, -0.0062104, , , , , , , , , , , , , , , , , , , , , , , , , , , , 
22.7724231, 0.0787213, , , , , , , 22.7724231, 0.0092317, , , , , , , 22.7724231, 0.0733501, , , , , , , 22.7724231, -0.0085603, , , , , , , , , , , , , , , , , , , , , , , , , , , , 
22.7729423, 0.0679789, , , , , , , 22.7729423, -0.008896, , , , , , , 22.7729423, 0.0753643, , , , , , , 22.7729423, -0.0072175, , , , , , , , , , , , , , , , , , , , , , , , , , , , 
22.7734615, 0.0584115, , , , , , , 22.7734615, -0.0276951, , , , , , , 22.7734615, 0.0770428, , , , , , , 22.7734615, -0.0062104, , , , , , , , , , , , , , , , , , , , , , , , , , , , 
22.7739808, 0.0481727, , , , , , , 22.7739808, -0.0287022, , , , , , , 22.7739808, 0.079057, , , , , , , 22.7739808, -0.0065461, , , , , , , , , , , , , , , , , , , , , , , , , , , , 
22.7745, 0.0394446, , , , , , , 22.7745, -0.012253, , , , , , , 22.7745, 0.079057, , , , , , , 22.7745, -0.0068818, , , , , , , , , , , , , , , , , , , , , , , , , , , , 
22.7750192, 0.0253452, , , , , , , 22.7750192, 0.0015106, , , , , , , 22.7750192, 0.0763714, , , , , , , 22.7750192, -0.0018463, , , , , , , , , , , , , , , , , , , , , , , , , , , , 
22.7755385, 0.0038605, , , , , , , 22.7755385, -0.0026856, , , , , , , 22.7755385, 0.0703288, , , , , , , 22.7755385, 0.0050355, , , , , , , , , , , , , , , , , , , , , , , , , , , , 
22.7760577, -0.0124208, , , , , , , 22.7760577, -0.0283665, , , , , , , 22.7760577, 0.0520333, , , , , , , 22.7760577, 0.0099031, , , , , , , , , , , , , , , , , , , , , , , , , , , , 
22.7765769, -0.0223239, , , , , , , 22.7765769, -0.051194, , , , , , , 22.7765769, 0.0231632, , , , , , , 22.7765769, 0.0119173, , , , , , , , , , , , , , , , , , , , , , , , , , , , 
22.7770962, -0.0337377, , , , , , , 22.7770962, -0.0602579, , , , , , , 22.7770962, -0.01561, , , , , , , 22.7770962, 0.0142672, , , , , , , , , , , , , , , , , , , , , , , , , , , , 
22.7776154, -0.0441444, , , , , , , 22.7776154, -0.0616007, , , , , , , 22.7776154, -0.0538796, , , , , , , 22.7776154, 0.0182956, , , , , , , , , , , , , , , , , , , , , , , , , , , , 
22.7781346, -0.0486763, , , , , , , 22.7781346, -0.0616007, , , , , , , 22.7781346, -0.0837568, , , , , , , 22.7781346, 0.0223239, , , , , , , , , , , , , , , , , , , , , , , , , , , , 
22.7786538, -0.0464942, , , , , , , 22.7786538, -0.0501869, , , , , , , 22.7786538, -0.1079271, , , , , , , 22.7786538, 0.0243381, , , , , , , , , , , , , , , , , , , , , , , , , , , , 
22.7791731, -0.0370947, , , , , , , 22.7791731, -0.0179599, , , , , , , 22.7791731, -0.1277333, , , , , , , 22.7791731, 0.024506, , , , , , , , , , , , , , , , , , , , , , , , , , , , 
22.7796923, -0.0209812, , , , , , , 22.7796923, 0.0159457, , , , , , , 22.7796923, -0.1364614, , , , , , , 22.7796923, 0.0253452, , , , , , , , , , , , , , , , , , , , , , , , , , , , 
22.7802115, -0.008896, , , , , , , 22.7802115, 0.0327306, , , , , , , 22.7802115, -0.1346151, , , , , , , 22.7802115, 0.0246738, , , , , , , , , , , , , , , , , , , , , , , , , , , , 
22.7807308, -0.0028534, , , , , , , 22.7807308, 0.0387732, , , , , , , 22.7807308, -0.1225299, , , , , , , 22.7807308, 0.0270237, , , , , , , , , , , , , , , , , , , , , , , , , , , , 
22.78125, 0.0011749, , , , , , , 22.78125, 0.0476692, , , , , , , 22.78125, -0.103563, , , , , , , 22.78125, 0.033402, , , , , , , , , , , , , , , , , , , , , , , , , , , , 
22.7817692, 0.0092317, , , , , , , 22.7817692, 0.0679789, , , , , , , 22.7817692, -0.0861067, , , , , , , 22.7817692, 0.0372625, , , , , , , , , , , , , , , , , , , , , , , , , , , , 
22.7822885, 0.0229953, , , , , , , 22.7822885, 0.0874495, , , , , , , 22.7822885, -0.0733501, , , , , , , 22.7822885, 0.033402, , , , , , , , , , , , , , , , , , , , , , , , , , , , 
22.7828077, 0.026688, , , , , , , 22.7828077, 0.0803998, , , , , , , 22.7828077, -0.064622, , , , , , , 22.7828077, 0.0280308, , , , , , , , , , , , , , , , , , , , , , , , , , , , 
22.7833269, 0.0223239, , , , , , , 22.7833269, 0.0448157, , , , , , , 22.7833269, -0.0614328, , , , , , , 22.7833269, 0.026688, , , , , , , , , , , , , , , , , , , , , , , , , , , , 
22.7838462, 0.0223239, , , , , , , 22.7838462, 0.0068818, , , , , , , 22.7838462, -0.0562295, , , , , , , 22.7838462, 0.024506, , , , , , , , , , , , , , , , , , , , , , , , , , , , 
22.7843654, 0.0253452, , , , , , , 22.7843654, -0.0068818, , , , , , , 22.7843654, -0.0431373, , , , , , , 22.7843654, 0.0196384, , , , , , , , , , , , , , , , , , , , , , , , , , , , 
22.7848846, 0.0263523, , , , , , , 22.7848846, -0.0115816, , , , , , , 22.7848846, -0.0184634, , , , , , , 22.7848846, 0.0137636, , , , , , , , , , , , , , , , , , , , , , , , , , , , 
22.7854038, 0.0243381, , , , , , , 22.7854038, -0.0377661, , , , , , , 22.7854038, 0.0139315, , , , , , , 22.7854038, 0.0065461, , , , , , , , , , , , , , , , , , , , , , , , , , , , 
22.7859231, 0.0209812, , , , , , , 22.7859231, -0.0736858, , , , , , , 22.7859231, 0.0481727, , , , , , , 22.7859231, 0.0005035, , , , , , , , , , , , , , , , , , , , , , , , , , , , 
22.7864423, 0.018967, , , , , , , 22.7864423, -0.0921492, , , , , , , 22.7864423, 0.0763714, , , , , , , 22.7864423, -0.0035248, , , , , , , , , , , , , , , , , , , , , , , , , , , , 
22.7869615, 0.0223239, , , , , , , 22.7869615, -0.0891279, , , , , , , 22.7869615, 0.0951705, , , , , , , 22.7869615, -0.0062104, , , , , , , , , , , , , , , , , , , , , , , , , , , , 
22.7874808, 0.0287022, , , , , , , 22.7874808, -0.0760357, , , , , , , 22.7874808, 0.1072557, , , , , , , 22.7874808, -0.0068818, , , , , , , , , , , , , , , , , , , , , , , , , , , , 
22.788, 0.0360876, , , , , , , 22.788, -0.0659648, , , , , , , 22.788, 0.1196765, , , , , , , 22.788, -0.0060426, , , , , , , , , , , , , , , , , , , , , , , , , , , , 
22.7885192, 0.0451514, , , , , , , 22.7885192, -0.06009, , , , , , , 22.7885192, 0.1260548, , , , , , , 22.7885192, -0.0045319, , , , , , , , , , , , , , , , , , , , , , , , , , , , 
22.7890385, 0.0552224, , , , , , , 22.7890385, -0.0464942, , , , , , , 22.7890385, 0.117998, , , , , , , 22.7890385, -0.0031891, , , , , , , , , , , , , , , , , , , , , , , , , , , , 
22.7895577, 0.0649577, , , , , , , 22.7895577, -0.0261845, , , , , , , 22.7895577, 0.0978561, , , , , , , 22.7895577, -0.0008392, , , , , , , , , , , , , , , , , , , , , , , , , , , , 
22.7900769, 0.0686503, , , , , , , 22.7900769, 0.0005035, , , , , , , 22.7900769, 0.0763714, , , , , , , 22.7900769, 0.0065461, , , , , , , , , , , , , , , , , , , , , , , , , , , , 
22.7905962, 0.0669718, , , , , , , 22.7905962, 0.0270237, , , , , , , 22.7905962, 0.0575723, , , , , , , 22.7905962, 0.0182956, , , , , , , , , , , , , , , , , , , , , , , , , , , , 
22.7911154, 0.0582437, , , , , , , 22.7911154, 0.0339055, , , , , , , 22.7911154, 0.0406195, , , , , , , 22.7911154, 0.0287022, , , , , , , , , , , , , , , , , , , , , , , , , , , , 
22.7916346, 0.0438087, , , , , , , 22.7916346, 0.0151064, , , , , , , 22.7916346, 0.0213169, , , , , , , 22.7916346, 0.0350805, , , , , , , , , , , , , , , , , , , , , , , , , , , , 
22.7921538, 0.0263523, , , , , , , 22.7921538, 0.0001678, , , , , , , 22.7921538, 0.0005035, , , , , , , 22.7921538, 0.0404517, , , , , , , , , , , , , , , , , , , , , , , , , , , , 
22.7926731, 0.0134279, , , , , , , 22.7926731, 0.0191348, , , , , , , 22.7926731, -0.0273594, , , , , , , 22.7926731, 0.04448, , , , , , , , , , , , , , , , , , , , , , , , , , , , 
22.7931923, 0.0048676, , , , , , , 22.7931923, 0.0595865, , , , , , , 22.7931923, -0.0582437, , , , , , , 22.7931923, 0.0481727, , , , , , , , , , , , , , , , , , , , , , , , , , , , 
22.7937115, 0.0001678, , , , , , , 22.7937115, 0.072343, , , , , , , 22.7937115, -0.0767071, , , , , , , 22.7937115, 0.0528725, , , , , , , , , , , , , , , , , , , , , , , , , , , , 
22.7942308, -0.0050355, , , , , , , 22.7942308, 0.0454871, , , , , , , 22.7942308, -0.0793927, , , , , , , 22.7942308, 0.0565652, , , , , , , , , , , , , , , , , , , , , , , , , , , , 
22.79475, -0.0125887, , , , , , , 22.79475, 0.0031891, , , , , , , 22.79475, -0.0767071, , , , , , , 22.79475, 0.0569009, , , , , , , , , , , , , , , , , , , , , , , , , , , , 
22.7952692, -0.0236667, , , , , , , 22.7952692, -0.0263523, , , , , , , 22.7952692, -0.0746929, , , , , , , 22.7952692, 0.0548867, , , , , , , , , , , , , , , , , , , , , , , , , , , , 
22.7957885, -0.0337377, , , , , , , 22.7957885, -0.0525368, , , , , , , 22.7957885, -0.0721752, , , , , , , 22.7957885, 0.0485084, , , , , , , , , , , , , , , , , , , , , , , , , , , , 
22.7963077, -0.0446479, , , , , , , 22.7963077, -0.0849317, , , , , , , 22.7963077, -0.0651255, , , , , , , 22.7963077, 0.0387732, , , , , , , , , , , , , , , , , , , , , , , , , , , , 
22.7968269, -0.0589151, , , , , , , 22.7968269, -0.1106126, , , , , , , 22.7968269, -0.0584115, , , , , , , 22.7968269, 0.0270237, , , , , , , , , , , , , , , , , , , , , , , , , , , , 
22.7973462, -0.0726787, , , , , , , 22.7973462, -0.1178302, , , , , , , 22.7973462, -0.0498512, , , , , , , 22.7973462, 0.0152743, , , , , , , , , , , , , , , , , , , , , , , , , , , , 
22.7978654, -0.0788891, , , , , , , 22.7978654, -0.103563, , , , , , , 22.7978654, -0.0290379, , , , , , , 22.7978654, 0.0065461, , , , , , , , , , , , , , , , , , , , , , , , , , , , 
22.7983846, -0.0777142, , , , , , , 22.7983846, -0.0820783, , , , , , , 22.7983846, 0.0045319, , , , , , , 22.7983846, 0.0018463, , , , , , , , , , , , , , , , , , , , , , , , , , , , 
22.7989038, -0.0703288, , , , , , , 22.7989038, -0.0721752, , , , , , , 22.7989038, 0.0372625, , , , , , , 22.7989038, -0.0028534, , , , , , , , , , , , , , , , , , , , , , , , , , , , 
22.7994231, -0.0585794, , , , , , , 22.7994231, -0.0652934, , , , , , , 22.7994231, 0.0626078, , , , , , , 22.7994231, -0.0072175, , , , , , , , , , , , , , , , , , , , , , , , , , , , 
22.7999423, -0.047837, , , , , , , 22.7999423, -0.0505226, , , , , , , 22.7999423, 0.0844282, , , , , , , 22.7999423, -0.0129244, , , , , , , , , , , , , , , , , , , , , , , , , , , , 
22.8004615, -0.0411231, , , , , , , 22.8004615, -0.0270237, , , , , , , 22.8004615, 0.1186694, , , , , , , 22.8004615, -0.0176242, , , , , , , , , , , , , , , , , , , , , , , , , , , , 
22.8009808, -0.0313878, , , , , , , 22.8009808, 0.0068818, , , , , , , 22.8009808, 0.1596246, , , , , , , 22.8009808, -0.0186313, , , , , , , , , , , , , , , , , , , , , , , , , , , , 
22.8015, -0.018967, , , , , , , 22.8015, 0.0397803, , , , , , , 22.8015, 0.1858091, , , , , , , 22.8015, -0.0198062, , , , , , , , , , , , , , , , , , , , , , , , , , , , 
22.8020192, -0.0062104, , , , , , , 22.8020192, 0.0535439, , , , , , , 22.8020192, 0.1911803, , , , , , , 22.8020192, -0.0226596, , , , , , , , , , , , , , , , , , , , , , , , , , , , 
22.8025385, 0.0041962, , , , , , , 22.8025385, 0.0493477, , , , , , , 22.8025385, 0.1774166, , , , , , , 22.8025385, -0.0253452, , , , , , , , , , , , , , , , , , , , , , , , , , , , 
22.8030577, 0.0099031, , , , , , , 22.8030577, 0.0468299, , , , , , , 22.8030577, 0.1535821, , , , , , , 22.8030577, -0.026688, , , , , , , , , , , , , , , , , , , , , , , , , , , , 
22.8035769, 0.0179599, , , , , , , 22.8035769, 0.0555581, , , , , , , 22.8035769, 0.1193408, , , , , , , 22.8035769, -0.0263523, , , , , , , , , , , , , , , , , , , , , , , , , , , , 
22.8040962, 0.0303807, , , , , , , 22.8040962, 0.0605936, , , , , , , 22.8040962, 0.0710002, , , , , , , 22.8040962, -0.0206455, , , , , , , , , , , , , , , , , , , , , , , , , , , , 
22.8046154, 0.0411231, , , , , , , 22.8046154, 0.056733, , , , , , , 22.8046154, 0.0152743, , , , , , , 22.8046154, -0.0135958, , , , , , , , , , , , , , , , , , , , , , , , , , , , 
22.8051346, 0.0448157, , , , , , , 22.8051346, 0.0454871, , , , , , , 22.8051346, -0.0409552, , , , , , , 22.8051346, -0.0057069, , , , , , , , , , , , , , , , , , , , , , , , , , , , 
22.8056538, 0.0446479, , , , , , , 22.8056538, 0.0298772, , , , , , , 22.8056538, -0.0941634, , , , , , , 22.8056538, -0.0005035, , , , , , , , , , , , , , , , , , , , , , , , , , , , 
22.8061731, 0.047837, , , , , , , 22.8061731, 0.0159457, , , , , , , 22.8061731, -0.1461967, , , , , , , 22.8061731, 0.0028534, , , , , , , , , , , , , , , , , , , , , , , , , , , , 
22.8066923, 0.0542153, , , , , , , 22.8066923, 0.0159457, , , , , , , 22.8066923, -0.1935302, , , , , , , 22.8066923, 0.0062104, , , , , , , , , , , , , , , , , , , , , , , , , , , , 
22.8072115, 0.0532082, , , , , , , 22.8072115, 0.0280308, , , , , , , 22.8072115, -0.224918, , , , , , , 22.8072115, 0.0115816, , , , , , , , , , , , , , , , , , , , , , , , , , , , 
22.8077308, 0.0448157, , , , , , , 22.8077308, 0.040116, , , , , , , 22.8077308, -0.2373388, , , , , , , 22.8077308, 0.0169528, , , , , , , , , , , , , , , , , , , , , , , , , , , , 
22.80825, 0.0414588, , , , , , , 22.80825, 0.0466621, , , , , , , 22.80825, -0.2334783, , , , , , , 22.80825, 0.018967, , , , , , , , , , , , , , , , , , , , , , , , , , , , 
22.8087692, 0.0495155, , , , , , , 22.8087692, 0.0506905, , , , , , , 22.8087692, -0.2294499, , , , , , , 22.8087692, 0.0209812, , , , , , , , , , , , , , , , , , , , , , , , , , , , 
22.8092885, 0.0642863, , , , , , , 22.8092885, 0.0466621, , , , , , , 22.8092885, -0.2354925, , , , , , , 22.8092885, 0.024506, , , , , , , , , , , , , , , , , , , , , , , , , , , , 
22.8098077, 0.0721752, , , , , , , 22.8098077, 0.0240024, , , , , , , 22.8098077, -0.2346532, , , , , , , 22.8098077, 0.0285344, , , , , , , , , , , , , , , , , , , , , , , , , , , , 
22.8103269, 0.0743572, , , , , , , 22.8103269, -0.0176242, , , , , , , 22.8103269, -0.2203861, , , , , , , 22.8103269, 0.03122, , , , , , , , , , , , , , , , , , , , , , , , , , , , 
22.8108462, 0.0757, , , , , , , 22.8108462, -0.056733, , , , , , , 22.8108462, -0.205951, , , , , , , 22.8108462, 0.0293736, , , , , , , , , , , , , , , , , , , , , , , , , , , , 
22.8113654, 0.0777142, , , , , , , 22.8113654, -0.0706645, , , , , , , 22.8113654, -0.1888304, , , , , , , 22.8113654, 0.0256809, , , , , , , , , , , , , , , , , , , , , , , , , , , , 
22.8118846, 0.0753643, , , , , , , 22.8118846, -0.072343, , , , , , , 22.8118846, -0.1596246, , , , , , , 22.8118846, 0.0238346, , , , , , , , , , , , , , , , , , , , , , , , , , , , 
22.8124038, 0.0632792, , , , , , , 22.8124038, -0.0736858, , , , , , , 22.8124038, -0.1193408, , , , , , , 22.8124038, 0.0203098, , , , , , , , , , , , , , , , , , , , , , , , , , , , 
22.8129231, 0.0468299, , , , , , , 22.8129231, -0.0726787, , , , , , , 22.8129231, -0.076875, , , , , , , 22.8129231, 0.01561, , , , , , , , , , , , , , , , , , , , , , , , , , , , 
22.8134423, 0.0330663, , , , , , , 22.8134423, -0.0738537, , , , , , , 22.8134423, -0.0424659, , , , , , , 22.8134423, 0.0132601, , , , , , , , , , , , , , , , , , , , , , , , , , , , 
22.8139615, 0.0246738, , , , , , , 22.8139615, -0.0746929, , , , , , , 22.8139615, -0.0154421, , , , , , , 22.8139615, 0.0167849, , , , , , , , , , , , , , , , , , , , , , , , , , , , 
22.8144808, 0.0146029, , , , , , , 22.8144808, -0.0683146, , , , , , , 22.8144808, 0.010071, , , , , , , 22.8144808, 0.0240024, , , , , , , , , , , , , , , , , , , , , , , , , , , , 
22.815, -0.0045319, , , , , , , 22.815, -0.0542153, , , , , , , 22.815, 0.0374304, , , , , , , 22.815, 0.0313878, , , , , , , , , , , , , , , , , , , , , , , , , , , , 
22.8155192, -0.0223239, , , , , , , 22.8155192, -0.043473, , , , , , , 22.8155192, 0.0622721, , , , , , , 22.8155192, 0.0323949, , , , , , , , , , , , , , , , , , , , , , , , , , , , 
22.8160385, -0.0290379, , , , , , , 22.8160385, -0.0357519, , , , , , , 22.8160385, 0.0788891, , , , , , , 22.8160385, 0.0240024, , , , , , , , , , , , , , , , , , , , , , , , , , , , 
22.8165577, -0.0330663, , , , , , , 22.8165577, -0.0265202, , , , , , , 22.8165577, 0.0882887, , , , , , , 22.8165577, 0.0151064, , , , , , , , , , , , , , , , , , , , , , , , , , , , 
22.8170769, -0.0370947, , , , , , , 22.8170769, -0.0182956, , , , , , , 22.8170769, 0.0971847, , , , , , , 22.8170769, 0.0095674, , , , , , , , , , , , , , , , , , , , , , , , , , , , 
22.8175962, -0.0357519, , , , , , , 22.8175962, -0.0129244, , , , , , , 22.8175962, 0.1054093, , , , , , , 22.8175962, 0.0057069, , , , , , , , , , , , , , , , , , , , , , , , , , , , 
22.8181154, -0.0337377, , , , , , , 22.8181154, -0.0068818, , , , , , , 22.8181154, 0.1089342, , , , , , , 22.8181154, 0.0016785, , , , , , , , , , , , , , , , , , , , , , , , , , , , 
22.8186346, -0.0265202, , , , , , , 22.8186346, 0.0018463, , , , , , , 22.8186346, 0.1085985, , , , , , , 22.8186346, -0.0015106, , , , , , , , , , , , , , , , , , , , , , , , , , , , 
22.8191538, -0.0112459, , , , , , , 22.8191538, 0.0112459, , , , , , , 22.8191538, 0.1055772, , , , , , , 22.8191538, -0.0048676, , , , , , , , , , , , , , , , , , , , , , , , , , , , 
22.8196731, 0.0015106, , , , , , , 22.8196731, 0.0196384, , , , , , , 22.8196731, 0.1005417, , , , , , , 22.8196731, -0.0092317, , , , , , , , , , , , , , , , , , , , , , , , , , , , 
22.8201923, 0.0078889, , , , , , , 22.8201923, 0.0258488, , , , , , , 22.8201923, 0.0978561, , , , , , , 22.8201923, -0.0099031, , , , , , , , , , , , , , , , , , , , , , , , , , , , 
22.8207115, 0.0115816, , , , , , , 22.8207115, 0.0297093, , , , , , , 22.8207115, 0.096849, , , , , , , 22.8207115, -0.0041962, , , , , , , , , , , , , , , , , , , , , , , , , , , , 
22.8212308, 0.0130922, , , , , , , 22.8212308, 0.0320592, , , , , , , 22.8212308, 0.0983597, , , , , , , 22.8212308, 0.002182, , , , , , , , , , , , , , , , , , , , , , , , , , , , 
22.82175, 0.0172885, , , , , , , 22.82175, 0.0323949, , , , , , , 22.82175, 0.0983597, , , , , , , 22.82175, 0.0045319, , , , , , , , , , , , , , , , , , , , , , , , , , , , 
22.8222692, 0.0273594, , , , , , , 22.8222692, 0.0280308, , , , , , , 22.8222692, 0.0931563, , , , , , , 22.8222692, 0.0050355, , , , , , , , , , , , , , , , , , , , , , , , , , , , 
22.8227885, 0.0364233, , , , , , , 22.8227885, 0.0340734, , , , , , , 22.8227885, 0.0837568, , , , , , , 22.8227885, 0.0048676, , , , , , , , , , , , , , , , , , , , , , , , , , , , 
22.8233077, 0.0317235, , , , , , , 22.8233077, 0.0448157, , , , , , , 22.8233077, 0.0736858, , , , , , , 22.8233077, 0.0062104, , , , , , , , , , , , , , , , , , , , , , , , , , , , 
22.8238269, 0.0216526, , , , , , , 22.8238269, 0.0528725, , , , , , , 22.8238269, 0.0656291, , , , , , , 22.8238269, 0.0146029, , , , , , , , , , , , , , , , , , , , , , , , , , , , 
22.8243462, 0.0151064, , , , , , , 22.8243462, 0.0647898, , , , , , , 22.8243462, 0.0609293, , , , , , , 22.8243462, 0.0243381, , , , , , , , , , , , , , , , , , , , , , , , , , , , 
22.8248654, 0.0092317, , , , , , , 22.8248654, 0.0803998, , , , , , , 22.8248654, 0.0602579, , , , , , , 22.8248654, 0.030045, , , , , , , , , , , , , , , , , , , , , , , , , , , , 
22.8253846, 0.0041962, , , , , , , 22.8253846, 0.0931563, , , , , , , 22.8253846, 0.0666361, , , , , , , 22.8253846, 0.0384375, , , , , , , , , , , , , , , , , , , , , , , , , , , , 
22.8259038, 0.0005035, , , , , , , 22.8259038, 0.0918135, , , , , , , 22.8259038, 0.0763714, , , , , , , 22.8259038, 0.0518654, , , , , , , , , , , , , , , , , , , , , , , , , , , , 
22.8264231, -0.005539, , , , , , , 22.8264231, 0.0696574, , , , , , , 22.8264231, 0.0777142, , , , , , , 22.8264231, 0.0609293, , , , , , , , , , , , , , , , , , , , , , , , , , , , 
22.8269423, -0.0135958, , , , , , , 22.8269423, 0.0179599, , , , , , , 22.8269423, 0.0649577, , , , , , , 22.8269423, 0.0589151, , , , , , , , , , , , , , , , , , , , , , , , , , , , 
22.8274615, -0.0196384, , , , , , , 22.8274615, -0.0515297, , , , , , , 22.8274615, 0.040116, , , , , , , 22.8274615, 0.0538796, , , , , , , , , , , , , , , , , , , , , , , , , , , , 
22.8279808, -0.0219883, , , , , , , 22.8279808, -0.0961776, , , , , , , 22.8279808, 0.0085603, , , , , , , 22.8279808, 0.0468299, , , , , , , , , , , , , , , , , , , , , , , , , , , , 
22.8285, -0.01561, , , , , , , 22.8285, -0.1092699, , , , , , , 22.8285, -0.0236667, , , , , , , 22.8285, 0.0374304, , , , , , , , , , , , , , , , , , , , , , , , , , , , 
22.8290192, 0.0028534, , , , , , , 22.8290192, -0.1201801, , , , , , , 22.8290192, -0.0525368, , , , , , , 22.8290192, 0.0322271, , , , , , , , , , , , , , , , , , , , , , , , , , , , 
22.8295385, 0.0256809, , , , , , , 22.8295385, -0.1317617, , , , , , , 22.8295385, -0.0750286, , , , , , , 22.8295385, 0.030045, , , , , , , , , , , , , , , , , , , , , , , , , , , , 
22.8300577, 0.0419623, , , , , , , 22.8300577, -0.1250477, , , , , , , 22.8300577, -0.090135, , , , , , , 22.8300577, 0.0219883, , , , , , , , , , , , , , , , , , , , , , , , , , , , 
22.8305769, 0.0528725, , , , , , , 22.8305769, -0.0938277, , , , , , , 22.8305769, -0.0990311, , , , , , , 22.8305769, 0.0104067, , , , , , , , , , , , , , , , , , , , , , , , , , , , 
22.8310962, 0.0656291, , , , , , , 22.8310962, -0.0582437, , , , , , , 22.8310962, -0.0985275, , , , , , , 22.8310962, 0.0015106, , , , , , , , , , , , , , , , , , , , , , , , , , , , 
22.8316154, 0.0736858, , , , , , , 22.8316154, -0.0394446, , , , , , , 22.8316154, -0.0827497, , , , , , , 22.8316154, -0.0025177, , , , , , , , , , , , , , , , , , , , , , , , , , , , 
22.8321346, 0.0681468, , , , , , , 22.8321346, -0.0339055, , , , , , , 22.8321346, -0.057908, , , , , , , 22.8321346, -0.0048676, , , , , , , , , , , , , , , , , , , , , , , , , , , , 
22.8326538, 0.0580758, , , , , , , 22.8326538, -0.0246738, , , , , , , 22.8326538, -0.0350805, , , , , , , 22.8326538, -0.0075532, , , , , , , , , , , , , , , , , , , , , , , , , , , , 
22.8331731, 0.0485084, , , , , , , 22.8331731, -0.012253, , , , , , , 22.8331731, -0.0186313, , , , , , , 22.8331731, -0.0092317, , , , , , , , , , , , , , , , , , , , , , , , , , , , 
22.8336923, 0.0384375, , , , , , , 22.8336923, -0.005539, , , , , , , 22.8336923, -0.0078889, , , , , , , 22.8336923, -0.0082246, , , , , , , , , , , , , , , , , , , , , , , , , , , , 
22.8342115, 0.0276951, , , , , , , 22.8342115, -0.0058747, , , , , , , 22.8342115, -0.0045319, , , , , , , 22.8342115, -0.0068818, , , , , , , , , , , , , , , , , , , , , , , , , , , , 
22.8347308, 0.017792, , , , , , , 22.8347308, -0.011078, , , , , , , 22.8347308, -0.0092317, , , , , , , 22.8347308, -0.0063783, , , , , , , , , , , , , , , , , , , , , , , , , , , , 
22.83525, 0.011078, , , , , , , 22.83525, -0.0139315, , , , , , , 22.83525, -0.0142672, , , , , , , 22.83525, -0.0041962, , , , , , , , , , , , , , , , , , , , , , , , , , , , 
22.8357692, 0.0023499, , , , , , , 22.8357692, -0.0112459, , , , , , , 22.8357692, -0.0102388, , , , , , , 22.8357692, -0.0015106, , , , , , , , , , , , , , , , , , , , , , , , , , , , 
22.8362885, -0.0095674, , , , , , , 22.8362885, -0.0062104, , , , , , , 22.8362885, 0.0025177, , , , , , , 22.8362885, -0.0001678, , , , , , , , , , , , , , , , , , , , , , , , , , , , 
22.8368077, -0.0229953, , , , , , , 22.8368077, 0.0010071, , , , , , , 22.8368077, 0.0125887, , , , , , , 22.8368077, 0.0005035, , , , , , , , , , , , , , , , , , , , , , , , , , , , 
22.8373269, -0.0330663, , , , , , , 22.8373269, 0.0072175, , , , , , , 22.8373269, 0.0172885, , , , , , , 22.8373269, 0.0011749, , , , , , , , , , , , , , , , , , , , , , , , , , , , 
22.8378462, -0.0352483, , , , , , , 22.8378462, 0.0216526, , , , , , , 22.8378462, 0.0231632, , , , , , , 22.8378462, 0.002182, , , , , , , , , , , , , , , , , , , , , , , , , , , , 
22.8383654, -0.0310521, , , , , , , 22.8383654, 0.0480049, , , , , , , 22.8383654, 0.0320592, , , , , , , 22.8383654, 0.0003357, , , , , , , , , , , , , , , , , , , , , , , , , , , , 
22.8388846, -0.0198062, , , , , , , 22.8388846, 0.0669718, , , , , , , 22.8388846, 0.0417945, , , , , , , 22.8388846, -0.0038605, , , , , , , , , , , , , , , , , , , , , , , , , , , , 
22.8394038, -0.0077211, , , , , , , 22.8394038, 0.0585794, , , , , , , 22.8394038, 0.0433051, , , , , , , 22.8394038, -0.0065461, , , , , , , , , , , , , , , , , , , , , , , , , , , , 
22.8399231, 0.002182, , , , , , , 22.8399231, 0.0253452, , , , , , , 22.8399231, 0.0320592, , , , , , , 22.8399231, -0.005539, , , , , , , , , , , , , , , , , , , , , , , , , , , , 
22.8404423, 0.0078889, , , , , , , 22.8404423, -0.008896, , , , , , , 22.8404423, 0.0095674, , , , , , , 22.8404423, -0.0008392, , , , , , , , , , , , , , , , , , , , , , , , , , , , 
22.8409615, 0.0142672, , , , , , , 22.8409615, -0.0339055, , , , , , , 22.8409615, -0.0224918, , , , , , , 22.8409615, 0.0052033, , , , , , , , , , , , , , , , , , , , , , , , , , , , 
22.8414808, 0.0191348, , , , , , , 22.8414808, -0.043473, , , , , , , 22.8414808, -0.0552224, , , , , , , 22.8414808, 0.0082246, , , , , , , , , , , , , , , , , , , , , , , , , , , , 
22.842, 0.0243381, , , , , , , 22.842, -0.0330663, , , , , , , 22.842, -0.0793927, , , , , , , 22.842, 0.0092317, , , , , , , , , , , , , , , , , , , , , , , , , , , , 
22.8425192, 0.0293736, , , , , , , 22.8425192, -0.0028534, , , , , , , 22.8425192, -0.0995346, , , , , , , 22.8425192, 0.0125887, , , , , , , , , , , , , , , , , , , , , , , , , , , , 
22.8430385, 0.0354162, , , , , , , 22.8430385, 0.0424659, , , , , , , 22.8430385, -0.1230335, , , , , , , 22.8430385, 0.0199741, , , , , , , , , , , , , , , , , , , , , , , , , , , , 
22.8435577, 0.0377661, , , , , , , 22.8435577, 0.0814069, , , , , , , 22.8435577, -0.1461967, , , , , , , 22.8435577, 0.0263523, , , , , , , , , , , , , , , , , , , , , , , , , , , , 
22.8440769, 0.0377661, , , , , , , 22.8440769, 0.1017166, , , , , , , 22.8440769, -0.1592889, , , , , , , 22.8440769, 0.0285344, , , , , , , , , , , , , , , , , , , , , , , , , , , , 
22.8445962, 0.0411231, , , , , , , 22.8445962, 0.1159838, , , , , , , 22.8445962, -0.1559319, , , , , , , 22.8445962, 0.030045, , , , , , , , , , , , , , , , , , , , , , , , , , , , 
22.8451154, 0.0441444, , , , , , , 22.8451154, 0.1099413, , , , , , , 22.8451154, -0.1364614, , , , , , , 22.8451154, 0.0330663, , , , , , , , , , , , , , , , , , , , , , , , , , , , 
22.8456346, 0.0397803, , , , , , , 22.8456346, 0.0788891, , , , , , , 22.8456346, -0.1008774, , , , , , , 22.8456346, 0.0335698, , , , , , , , , , , , , , , , , , , , , , , , , , , , 
22.8461538, 0.0327306, , , , , , , 22.8461538, 0.0387732, , , , , , , 22.8461538, -0.0569009, , , , , , , 22.8461538, 0.0293736, , , , , , , , , , , , , , , , , , , , , , , , , , , , 
22.8466731, 0.030045, , , , , , , 22.8466731, 0.0008392, , , , , , , 22.8466731, -0.0191348, , , , , , , 22.8466731, 0.0270237, , , , , , , , , , , , , , , , , , , , , , , , , , , , 
22.8471923, 0.023331, , , , , , , 22.8471923, -0.0310521, , , , , , , 22.8471923, 0.0149386, , , , , , , 22.8471923, 0.0263523, , , , , , , , , , , , , , , , , , , , , , , , , , , , 
22.8477115, 0.0105745, , , , , , , 22.8477115, -0.0495155, , , , , , , 22.8477115, 0.0525368, , , , , , , 22.8477115, 0.0226596, , , , , , , , , , , , , , , , , , , , , , , , , , , , 
22.8482308, 0.0015106, , , , , , , 22.8482308, -0.054551, , , , , , , 22.8482308, 0.0842603, , , , , , , 22.8482308, 0.0172885, , , , , , , , , , , , , , , , , , , , , , , , , , , , 
22.84875, 0.0072175, , , , , , , 22.84875, -0.0552224, , , , , , , 22.84875, 0.0981918, , , , , , , 22.84875, 0.0119173, , , , , , , , , , , , , , , , , , , , , , , , , , , , 
22.8492692, 0.0280308, , , , , , , 22.8492692, -0.0505226, , , , , , , 22.8492692, 0.0874495, , , , , , , 22.8492692, 0.0048676, , , , , , , , , , , , , , , , , , , , , , , , , , , , 
22.8497885, 0.0448157, , , , , , , 22.8497885, -0.0500191, , , , , , , 22.8497885, 0.0558938, , , , , , , 22.8497885, -0.0015106, , , , , , , , , , , , , , , , , , , , , , , , , , , , 
22.8503077, 0.0473335, , , , , , , 22.8503077, -0.0609293, , , , , , , 22.8503077, 0.0246738, , , , , , , 22.8503077, -0.002182, , , , , , , , , , , , , , , , , , , , , , , , , , , , 
22.8508269, 0.0451514, , , , , , , 22.8508269, -0.0676432, , , , , , , 22.8508269, 0.0119173, , , , , , , 22.8508269, -0.0008392, , , , , , , , , , , , , , , , , , , , , , , , , , , , 
22.8513462, 0.0475013, , , , , , , 22.8513462, -0.0669718, , , , , , , 22.8513462, 0.0082246, , , , , , , 22.8513462, -0.002182, , , , , , , , , , , , , , , , , , , , , , , , , , , , 
22.8518654, 0.0466621, , , , , , , 22.8518654, -0.072343, , , , , , , 22.8518654, -0.0035248, , , , , , , 22.8518654, -0.0078889, , , , , , , , , , , , , , , , , , , , , , , , , , , , 
22.8523846, 0.0384375, , , , , , , 22.8523846, -0.0834211, , , , , , , 22.8523846, -0.0283665, , , , , , , 22.8523846, -0.012253, , , , , , , , , , , , , , , , , , , , , , , , , , , , 
22.8529038, 0.0260166, , , , , , , 22.8529038, -0.0834211, , , , , , , 22.8529038, -0.0673075, , , , , , , 22.8529038, -0.0149386, , , , , , , , , , , , , , , , , , , , , , , , , , , , 
22.8534231, 0.0199741, , , , , , , 22.8534231, -0.0755322, , , , , , , 22.8534231, -0.1119554, , , , , , , 22.8534231, -0.0142672, , , , , , , , , , , , , , , , , , , , , , , , , , , , 
22.8539423, 0.0149386, , , , , , , 22.8539423, -0.0597543, , , , , , , 22.8539423, -0.1508965, , , , , , , 22.8539423, -0.008896, , , , , , , , , , , , , , , , , , , , , , , , , , , , 
22.8544615, 0.0065461, , , , , , , 22.8544615, -0.0337377, , , , , , , 22.8544615, -0.1654994, , , , , , , 22.8544615, -0.002182, , , , , , , , , , , , , , , , , , , , , , , , , , , , 
22.8549808, -0.0015106, , , , , , , 22.8549808, -0.005539, , , , , , , 22.8549808, -0.1488823, , , , , , , 22.8549808, 0.0048676, , , , , , , , , , , , , , , , , , , , , , , , , , , , 
22.8555, -0.008896, , , , , , , 22.8555, 0.01561, , , , , , , 22.8555, -0.1203479, , , , , , , 22.8555, 0.0109102, , , , , , , , , , , , , , , , , , , , , , , , , , , , 
22.8560192, -0.0149386, , , , , , , 22.8560192, 0.0226596, , , , , , , 22.8560192, -0.1008774, , , , , , , 22.8560192, 0.0146029, , , , , , , , , , , , , , , , , , , , , , , , , , , , 
22.8565385, -0.0203098, , , , , , , 22.8565385, 0.0213169, , , , , , , 22.8565385, -0.0876173, , , , , , , 22.8565385, 0.0191348, , , , , , , , , , , , , , , , , , , , , , , , , , , , 
22.8570577, -0.0283665, , , , , , , 22.8570577, 0.0139315, , , , , , , 22.8570577, -0.0669718, , , , , , , 22.8570577, 0.023331, , , , , , , , , , , , , , , , , , , , , , , , , , , , 
22.8575769, -0.0381018, , , , , , , 22.8575769, 0.0008392, , , , , , , 22.8575769, -0.0384375, , , , , , , 22.8575769, 0.0287022, , , , , , , , , , , , , , , , , , , , , , , , , , , , 
22.8580962, -0.0458228, , , , , , , 22.8580962, -0.0137636, , , , , , , 22.8580962, -0.0063783, , , , , , , 22.8580962, 0.0337377, , , , , , , , , , , , , , , , , , , , , , , , , , , , 
22.8586154, -0.0495155, , , , , , , 22.8586154, -0.0253452, , , , , , , 22.8586154, 0.0285344, , , , , , , 22.8586154, 0.0354162, , , , , , , , , , , , , , , , , , , , , , , , , , , , 
22.8591346, -0.0394446, , , , , , , 22.8591346, -0.0337377, , , , , , , 22.8591346, 0.0622721, , , , , , , 22.8591346, 0.0325628, , , , , , , , , , , , , , , , , , , , , , , , , , , , 
22.8596538, -0.0226596, , , , , , , 22.8596538, -0.0379339, , , , , , , 22.8596538, 0.0864424, , , , , , , 22.8596538, 0.0280308, , , , , , , , , , , , , , , , , , , , , , , , , , , , 
22.8601731, -0.0115816, , , , , , , 22.8601731, -0.0354162, , , , , , , 22.8601731, 0.0985275, , , , , , , 22.8601731, 0.0256809, , , , , , , , , , , , , , , , , , , , , , , , , , , , 
22.8606923, -0.0102388, , , , , , , 22.8606923, -0.0283665, , , , , , , 22.8606923, 0.1049058, , , , , , , 22.8606923, 0.0250095, , , , , , , , , , , , , , , , , , , , , , , , , , , , 
22.8612115, -0.0078889, , , , , , , 22.8612115, -0.0149386, , , , , , , 22.8612115, 0.1082628, , , , , , , 22.8612115, 0.0270237, , , , , , , , , , , , , , , , , , , , , , , , , , , , 
22.8617308, -0.0015106, , , , , , , 22.8617308, 0.0065461, , , , , , , 22.8617308, 0.1064164, , , , , , , 22.8617308, 0.0307164, , , , , , , , , , , , , , , , , , , , , , , , , , , , 
22.86225, -0.0008392, , , , , , , 22.86225, 0.0287022, , , , , , , 22.86225, 0.1000381, , , , , , , 22.86225, 0.0313878, , , , , , , , , , , , , , , , , , , , , , , , , , , , 
22.8627692, -0.0062104, , , , , , , 22.8627692, 0.040116, , , , , , , 22.8627692, 0.0904707, , , , , , , 22.8627692, 0.026688, , , , , , , , , , , , , , , , , , , , , , , , , , , , 
22.8632885, -0.0090639, , , , , , , 22.8632885, 0.0293736, , , , , , , 22.8632885, 0.079057, , , , , , , 22.8632885, 0.0213169, , , , , , , , , , , , , , , , , , , , , , , , , , , , 
22.8638077, -0.012253, , , , , , , 22.8638077, 0.0196384, , , , , , , 22.8638077, 0.0627756, , , , , , , 22.8638077, 0.018967, , , , , , , , , , , , , , , , , , , , , , , , , , , , 
22.8643269, -0.0149386, , , , , , , 22.8643269, 0.033402, , , , , , , 22.8643269, 0.0481727, , , , , , , 22.8643269, 0.0194705, , , , , , , , , , , , , , , , , , , , , , , , , , , , 
22.8648462, -0.0139315, , , , , , , 22.8648462, 0.0528725, , , , , , , 22.8648462, 0.036759, , , , , , , 22.8648462, 0.0196384, , , , , , , , , , , , , , , , , , , , , , , , , , , , 
22.8653654, -0.0129244, , , , , , , 22.8653654, 0.0575723, , , , , , , 22.8653654, 0.0260166, , , , , , , 22.8653654, 0.0151064, , , , , , , , , , , , , , , , , , , , , , , , , , , , 
22.8658846, -0.0109102, , , , , , , 22.8658846, 0.0417945, , , , , , , 22.8658846, 0.0166171, , , , , , , 22.8658846, 0.0115816, , , , , , , , , , , , , , , , , , , , , , , , , , , , 
22.8664038, -0.0018463, , , , , , , 22.8664038, 0.0129244, , , , , , , 22.8664038, 0.0104067, , , , , , , 22.8664038, 0.0075532, , , , , , , , , , , , , , , , , , , , , , , , , , , , 
22.8669231, 0.0078889, , , , , , , 22.8669231, -0.0130922, , , , , , , 22.8669231, 0.0140993, , , , , , , 22.8669231, 0.002182, , , , , , , , , , , , , , , , , , , , , , , , , , , , 
22.8674423, 0.0139315, , , , , , , 22.8674423, -0.0265202, , , , , , , 22.8674423, 0.0275273, , , , , , , 22.8674423, -0.0025177, , , , , , , , , , , , , , , , , , , , , , , , , , , , 
22.8679615, 0.0213169, , , , , , , 22.8679615, -0.0350805, , , , , , , 22.8679615, 0.0461585, , , , , , , 22.8679615, -0.0048676, , , , , , , , , , , , , , , , , , , , , , , , , , , , 
22.8684808, 0.0354162, , , , , , , 22.8684808, -0.0454871, , , , , , , 22.8684808, 0.0683146, , , , , , , 22.8684808, -0.0078889, , , , , , , , , , , , , , , , , , , , , , , , , , , , 
22.869, 0.0552224, , , , , , , 22.869, -0.0548867, , , , , , , 22.869, 0.0830854, , , , , , , 22.869, -0.0132601, , , , , , , , , , , , , , , , , , , , , , , , , , , , 
22.8695192, 0.0763714, , , , , , , 22.8695192, -0.0673075, , , , , , , 22.8695192, 0.0810712, , , , , , , 22.8695192, -0.0191348, , , , , , , , , , , , , , , , , , , , , , , , , , , , 
22.8700385, 0.0882887, , , , , , , 22.8700385, -0.0681468, , , , , , , 22.8700385, 0.054551, , , , , , , 22.8700385, -0.0209812, , , , , , , , , , , , , , , , , , , , , , , , , , , , 
22.8705577, 0.093492, , , , , , , 22.8705577, -0.0532082, , , , , , , 22.8705577, 0.0146029, , , , , , , 22.8705577, -0.0186313, , , , , , , , , , , , , , , , , , , , , , , , , , , , 
22.8710769, 0.0975204, , , , , , , 22.8710769, -0.0327306, , , , , , , 22.8710769, -0.0216526, , , , , , , 22.8710769, -0.0166171, , , , , , , , , , , , , , , , , , , , , , , , , , , , 
22.8715962, 0.1015488, , , , , , , 22.8715962, 0.0018463, , , , , , , 22.8715962, -0.0468299, , , , , , , 22.8715962, -0.0139315, , , , , , , , , , , , , , , , , , , , , , , , , , , , 
22.8721154, 0.1025559, , , , , , , 22.8721154, 0.0468299, , , , , , , 22.8721154, -0.0626078, , , , , , , 22.8721154, -0.005539, , , , , , , , , , , , , , , , , , , , , , , , , , , , 
22.8726346, 0.0924849, , , , , , , 22.8726346, 0.0773785, , , , , , , 22.8726346, -0.0819104, , , , , , , 22.8726346, 0.0048676, , , , , , , , , , , , , , , , , , , , , , , , , , , , 
22.8731538, 0.0762036, , , , , , , 22.8731538, 0.0777142, , , , , , , 22.8731538, -0.1089342, , , , , , , 22.8731538, 0.0083925, , , , , , , , , , , , , , , , , , , , , , , , , , , , 
22.8736731, 0.0575723, , , , , , , 22.8736731, 0.0572366, , , , , , , 22.8736731, -0.1374685, , , , , , , 22.8736731, 0.0075532, , , , , , , , , , , , , , , , , , , , , , , , , , , , 
22.8741923, 0.0419623, , , , , , , 22.8741923, 0.0287022, , , , , , , 22.8741923, -0.1539178, , , , , , , 22.8741923, 0.0092317, , , , , , , , , , , , , , , , , , , , , , , , , , , , 
22.8747115, 0.0273594, , , , , , , 22.8747115, -0.0082246, , , , , , , 22.8747115, -0.1495537, , , , , , , 22.8747115, 0.01561, , , , , , , , , , , , , , , , , , , , , , , , , , , , 
22.8752308, 0.0124208, , , , , , , 22.8752308, -0.0471656, , , , , , , 22.8752308, -0.131426, , , , , , , 22.8752308, 0.0250095, , , , , , , , , , , , , , , , , , , , , , , , , , , , 
22.87575, -0.0045319, , , , , , , 22.87575, -0.0713359, , , , , , , 22.87575, -0.1052415, , , , , , , 22.87575, 0.0337377, , , , , , , , , , , , , , , , , , , , , , , , , , , , 
22.8762692, -0.0166171, , , , , , , 22.8762692, -0.0616007, , , , , , , 22.8762692, -0.0814069, , , , , , , 22.8762692, 0.040116, , , , , , , , , , , , , , , , , , , , , , , , , , , , 
22.8767885, -0.0248417, , , , , , , 22.8767885, -0.0303807, , , , , , , 22.8767885, -0.0599222, , , , , , , 22.8767885, 0.0441444, , , , , , , , , , , , , , , , , , , , , , , , , , , , 
22.8773077, -0.0394446, , , , , , , 22.8773077, 0.0035248, , , , , , , 22.8773077, -0.0382696, , , , , , , 22.8773077, 0.047837, , , , , , , , , , , , , , , , , , , , , , , , , , , , 
22.8778269, -0.0532082, , , , , , , 22.8778269, 0.0246738, , , , , , , 22.8778269, -0.0270237, , , , , , , 22.8778269, 0.0518654, , , , , , , , , , , , , , , , , , , , , , , , , , , , 
22.8783462, -0.0565652, , , , , , , 22.8783462, 0.0196384, , , , , , , 22.8783462, -0.0229953, , , , , , , 22.8783462, 0.0547189, , , , , , , , , , , , , , , , , , , , , , , , , , , , 
22.8788654, -0.0505226, , , , , , , 22.8788654, -0.0068818, , , , , , , 22.8788654, -0.0166171, , , , , , , 22.8788654, 0.0528725, , , , , , , , , , , , , , , , , , , , , , , , , , , , 
22.8793846, -0.0438087, , , , , , , 22.8793846, -0.0285344, , , , , , , 22.8793846, -0.0097353, , , , , , , 22.8793846, 0.0495155, , , , , , , , , , , , , , , , , , , , , , , , , , , , 
22.8799038, -0.0417945, , , , , , , 22.8799038, -0.0285344, , , , , , , 22.8799038, -0.0041962, , , , , , , 22.8799038, 0.0431373, , , , , , , , , , , , , , , , , , , , , , , , , , , , 
22.8804231, -0.0364233, , , , , , , 22.8804231, -0.0115816, , , , , , , 22.8804231, 0.0065461, , , , , , , 22.8804231, 0.0377661, , , , , , , , , , , , , , , , , , , , , , , , , , , , 
22.8809423, -0.0287022, , , , , , , 22.8809423, 0.0010071, , , , , , , 22.8809423, 0.023331, , , , , , , 22.8809423, 0.0330663, , , , , , , , , , , , , , , , , , , , , , , , , , , , 
22.8814615, -0.0209812, , , , , , , 22.8814615, 0.0065461, , , , , , , 22.8814615, 0.0392767, , , , , , , 22.8814615, 0.0253452, , , , , , , , , , , , , , , , , , , , , , , , , , , , 
22.8819808, -0.0124208, , , , , , , 22.8819808, 0.0105745, , , , , , , 22.8819808, 0.0468299, , , , , , , 22.8819808, 0.0176242, , , , , , , , , , , , , , , , , , , , , , , , , , , , 
22.8825, -0.005539, , , , , , , 22.8825, 0.0092317, , , , , , , 22.8825, 0.0468299, , , , , , , 22.8825, 0.0139315, , , , , , , , , , , , , , , , , , , , , , , , , , , , 
22.8830192, 0.0018463, , , , , , , 22.8830192, -0.0036927, , , , , , , 22.8830192, 0.0461585, , , , , , , 22.8830192, 0.0105745, , , , , , , , , , , , , , , , , , , , , , , , , , , , 
22.8835385, 0.0125887, , , , , , , 22.8835385, -0.0236667, , , , , , , 22.8835385, 0.0481727, , , , , , , 22.8835385, 0.0025177, , , , , , , , , , , , , , , , , , , , , , , , , , , , 
22.8840577, 0.0176242, , , , , , , 22.8840577, -0.0330663, , , , , , , 22.8840577, 0.0488441, , , , , , , 22.8840577, -0.0052033, , , , , , , , , , , , , , , , , , , , , , , , , , , , 
22.8845769, 0.0179599, , , , , , , 22.8845769, -0.03122, , , , , , , 22.8845769, 0.051194, , , , , , , 22.8845769, -0.0082246, , , , , , , , , , , , , , , , , , , , , , , , , , , , 
22.8850962, 0.0193027, , , , , , , 22.8850962, -0.0327306, , , , , , , 22.8850962, 0.0565652, , , , , , , 22.8850962, -0.0087282, , , , , , , , , , , , , , , , , , , , , , , , , , , , 
22.8856154, 0.0234989, , , , , , , 22.8856154, -0.0421302, , , , , , , 22.8856154, 0.0627756, , , , , , , 22.8856154, -0.0068818, , , , , , , , , , , , , , , , , , , , , , , , , , , , 
22.8861346, 0.0297093, , , , , , , 22.8861346, -0.0542153, , , , , , , 22.8861346, 0.0683146, , , , , , , 22.8861346, -0.0068818, , , , , , , , , , , , , , , , , , , , , , , , , , , , 
22.8866538, 0.0364233, , , , , , , 22.8866538, -0.0652934, , , , , , , 22.8866538, 0.0757, , , , , , , 22.8866538, -0.0062104, , , , , , , , , , , , , , , , , , , , , , , , , , , , 
22.8871731, 0.0377661, , , , , , , 22.8871731, -0.0803998, , , , , , , 22.8871731, 0.0810712, , , , , , , 22.8871731, -0.0028534, , , , , , , , , , , , , , , , , , , , , , , , , , , , 
22.8876923, 0.0340734, , , , , , , 22.8876923, -0.0948348, , , , , , , 22.8876923, 0.0757, , , , , , , 22.8876923, -0.0031891, , , , , , , , , , , , , , , , , , , , , , , , , , , , 
22.8882115, 0.0360876, , , , , , , 22.8882115, -0.0944991, , , , , , , 22.8882115, 0.0617685, , , , , , , 22.8882115, -0.0065461, , , , , , , , , , , , , , , , , , , , , , , , , , , , 
22.8887308, 0.0508583, , , , , , , 22.8887308, -0.0767071, , , , , , , 22.8887308, 0.0454871, , , , , , , 22.8887308, -0.0097353, , , , , , , , , , , , , , , , , , , , , , , , , , , , 
22.88925, 0.0683146, , , , , , , 22.88925, -0.047837, , , , , , , 22.88925, 0.0256809, , , , , , , 22.88925, -0.008896, , , , , , , , , , , , , , , , , , , , , , , , , , , , 
22.8897692, 0.0810712, , , , , , , 22.8897692, -0.0171206, , , , , , , 22.8897692, 0.0075532, , , , , , , 22.8897692, -0.0035248, , , , , , , , , , , , , , , , , , , , , , , , , , , , 
22.8902885, 0.0877852, , , , , , , 22.8902885, 0.0063783, , , , , , , 22.8902885, -0.0010071, , , , , , , 22.8902885, 0.0031891, , , , , , , , , , , , , , , , , , , , , , , , , , , , 
22.8908077, 0.0854353, , , , , , , 22.8908077, 0.0193027, , , , , , , 22.8908077, -0.0062104, , , , , , , 22.8908077, 0.008896, , , , , , , , , , , , , , , , , , , , , , , , , , , , 
22.8913269, 0.0788891, , , , , , , 22.8913269, 0.0219883, , , , , , , 22.8913269, -0.0171206, , , , , , , 22.8913269, 0.0112459, , , , , , , , , , , , , , , , , , , , , , , , , , , , 
22.8918462, 0.0683146, , , , , , , 22.8918462, 0.0171206, , , , , , , 22.8918462, -0.0364233, , , , , , , 22.8918462, 0.0124208, , , , , , , , , , , , , , , , , , , , , , , , , , , , 
22.8923654, 0.0572366, , , , , , , 22.8923654, 0.0132601, , , , , , , 22.8923654, -0.0602579, , , , , , , 22.8923654, 0.0139315, , , , , , , , , , , , , , , , , , , , , , , , , , , , 
22.8928846, 0.0426337, , , , , , , 22.8928846, 0.0171206, , , , , , , 22.8928846, -0.0800641, , , , , , , 22.8928846, 0.0159457, , , , , , , , , , , , , , , , , , , , , , , , , , , , 
22.8934038, 0.0273594, , , , , , , 22.8934038, 0.0271916, , , , , , , 22.8934038, -0.0800641, , , , , , , 22.8934038, 0.0203098, , , , , , , , , , , , , , , , , , , , , , , , , , , , 
22.8939231, 0.0162814, , , , , , , 22.8939231, 0.0396124, , , , , , , 22.8939231, -0.063447, , , , , , , 22.8939231, 0.0236667, , , , , , , , , , , , , , , , , , , , , , , , , , , , 
22.8944423, 0.0031891, , , , , , , 22.8944423, 0.0505226, , , , , , , 22.8944423, -0.0471656, , , , , , , 22.8944423, 0.0219883, , , , , , , , , , , , , , , , , , , , , , , , , , , , 
22.8949615, -0.0152743, , , , , , , 22.8949615, 0.0528725, , , , , , , 22.8949615, -0.0330663, , , , , , , 22.8949615, 0.0181277, , , , , , , , , , , , , , , , , , , , , , , , , , , , 
22.8954808, -0.0320592, , , , , , , 22.8954808, 0.042298, , , , , , , 22.8954808, -0.0176242, , , , , , , 22.8954808, 0.0174563, , , , , , , , , , , , , , , , , , , , , , , , , , , , 
22.896, -0.0458228, , , , , , , 22.896, 0.0256809, , , , , , , 22.896, -0.0045319, , , , , , , 22.896, 0.0206455, , , , , , , , , , , , , , , , , , , , , , , , , , , , 
22.8965192, -0.0569009, , , , , , , 22.8965192, 0.0154421, , , , , , , 22.8965192, -0.0031891, , , , , , , 22.8965192, 0.0238346, , , , , , , , , , , , , , , , , , , , , , , , , , , , 
22.8970385, -0.0622721, , , , , , , 22.8970385, 0.0193027, , , , , , , 22.8970385, -0.0119173, , , , , , , 22.8970385, 0.0251774, , , , , , , , , , , , , , , , , , , , , , , , , , , , 
22.8975577, -0.0649577, , , , , , , 22.8975577, 0.0374304, , , , , , , 22.8975577, -0.0243381, , , , , , , 22.8975577, 0.0253452, , , , , , , , , , , , , , , , , , , , , , , , , , , , 
22.8980769, -0.068986, , , , , , , 22.8980769, 0.0491798, , , , , , , 22.8980769, -0.0350805, , , , , , , 22.8980769, 0.0243381, , , , , , , , , , , , , , , , , , , , , , , , , , , , 
22.8985962, -0.0619364, , , , , , , 22.8985962, 0.0412909, , , , , , , 22.8985962, -0.0391089, , , , , , , 22.8985962, 0.0214847, , , , , , , , , , , , , , , , , , , , , , , , , , , , 
22.8991154, -0.0458228, , , , , , , 22.8991154, 0.0199741, , , , , , , 22.8991154, -0.0384375, , , , , , , 22.8991154, 0.0162814, , , , , , , , , , , , , , , , , , , , , , , , , , , , 
22.8996346, -0.0303807, , , , , , , 22.8996346, -0.0001678, , , , , , , 22.8996346, -0.0387732, , , , , , , 22.8996346, 0.0129244, , , , , , , , , , , , , , , , , , , , , , , , , , , , 
22.9001538, -0.0223239, , , , , , , 22.9001538, -0.0060426, , , , , , , 22.9001538, -0.0391089, , , , , , , 22.9001538, 0.0146029, , , , , , , , , , , , , , , , , , , , , , , , , , , , 
22.9006731, -0.0135958, , , , , , , 22.9006731, 0.0129244, , , , , , , 22.9006731, -0.0370947, , , , , , , 22.9006731, 0.0166171, , , , , , , , , , , , , , , , , , , , , , , , , , , , 
22.9011923, -0.0041962, , , , , , , 22.9011923, 0.0374304, , , , , , , 22.9011923, -0.0384375, , , , , , , 22.9011923, 0.0172885, , , , , , , , , , , , , , , , , , , , , , , , , , , , 
22.9017115, 0.0035248, , , , , , , 22.9017115, 0.0397803, , , , , , , 22.9017115, -0.043473, , , , , , , 22.9017115, 0.0216526, , , , , , , , , , , , , , , , , , , , , , , , , , , , 
22.9022308, 0.0112459, , , , , , , 22.9022308, 0.0159457, , , , , , , 22.9022308, -0.0476692, , , , , , , 22.9022308, 0.0263523, , , , , , , , , , , , , , , , , , , , , , , , , , , , 
22.90275, 0.0179599, , , , , , , 22.90275, -0.018967, , , , , , , 22.90275, -0.0488441, , , , , , , 22.90275, 0.0297093, , , , , , , , , , , , , , , , , , , , , , , , , , , , 
22.9032692, 0.0206455, , , , , , , 22.9032692, -0.0516976, , , , , , , 22.9032692, -0.0522011, , , , , , , 22.9032692, 0.0303807, , , , , , , , , , , , , , , , , , , , , , , , , , , , 
22.9037885, 0.0213169, , , , , , , 22.9037885, -0.0753643, , , , , , , 22.9037885, -0.0528725, , , , , , , 22.9037885, 0.0246738, , , , , , , , , , , , , , , , , , , , , , , , , , , , 
22.9043077, 0.0204776, , , , , , , 22.9043077, -0.0730144, , , , , , , 22.9043077, -0.0458228, , , , , , , 22.9043077, 0.0105745, , , , , , , , , , , , , , , , , , , , , , , , , , , , 
22.9048269, 0.0198062, , , , , , , 22.9048269, -0.0471656, , , , , , , 22.9048269, -0.0337377, , , , , , , 22.9048269, -0.005539, , , , , , , , , , , , , , , , , , , , , , , , , , , , 
22.9053462, 0.027863, , , , , , , 22.9053462, -0.0204776, , , , , , , 22.9053462, -0.0236667, , , , , , , 22.9053462, -0.0191348, , , , , , , , , , , , , , , , , , , , , , , , , , , , 
22.9058654, 0.0374304, , , , , , , 22.9058654, -0.0109102, , , , , , , 22.9058654, -0.0182956, , , , , , , 22.9058654, -0.0310521, , , , , , , , , , , , , , , , , , , , , , , , , , , , 
22.9063846, 0.0404517, , , , , , , 22.9063846, -0.0142672, , , , , , , 22.9063846, -0.0209812, , , , , , , 22.9063846, -0.0392767, , , , , , , , , , , , , , , , , , , , , , , , , , , , 
22.9069038, 0.0407874, , , , , , , 22.9069038, -0.0172885, , , , , , , 22.9069038, -0.0365911, , , , , , , 22.9069038, -0.0404517, , , , , , , , , , , , , , , , , , , , , , , , , , , , 
22.9074231, 0.0464942, , , , , , , 22.9074231, -0.0125887, , , , , , , 22.9074231, -0.0582437, , , , , , , 22.9074231, -0.0323949, , , , , , , , , , , , , , , , , , , , , , , , , , , , 
22.9079423, 0.0532082, , , , , , , 22.9079423, -0.008896, , , , , , , 22.9079423, -0.0775463, , , , , , , 22.9079423, -0.0236667, , , , , , , , , , , , , , , , , , , , , , , , , , , , 
22.9084615, 0.06009, , , , , , , 22.9084615, -0.0063783, , , , , , , 22.9084615, -0.0928206, , , , , , , 22.9084615, -0.0179599, , , , , , , , , , , , , , , , , , , , , , , , , , , , 
22.9089808, 0.0736858, , , , , , , 22.9089808, 0.0031891, , , , , , , 22.9089808, -0.0991989, , , , , , , 22.9089808, -0.012253, , , , , , , , , , , , , , , , , , , , , , , , , , , , 
22.9095, 0.085771, , , , , , , 22.9095, 0.0310521, , , , , , , 22.9095, -0.0981918, , , , , , , 22.9095, -0.0102388, , , , , , , , , , , , , , , , , , , , , , , , , , , , 
22.9100192, 0.0918135, , , , , , , 22.9100192, 0.0508583, , , , , , , 22.9100192, -0.0891279, , , , , , , 22.9100192, -0.0095674, , , , , , , , , , , , , , , , , , , , , , , , , , , , 
22.9105385, 0.0921492, , , , , , , 22.9105385, 0.051194, , , , , , , 22.9105385, -0.0693217, , , , , , , 22.9105385, -0.0050355, , , , , , , , , , , , , , , , , , , , , , , , , , , , 
22.9110577, 0.0876173, , , , , , , 22.9110577, 0.0468299, , , , , , , 22.9110577, -0.043473, , , , , , , 22.9110577, -0.0010071, , , , , , , , , , , , , , , , , , , , , , , , , , , , 
22.9115769, 0.0803998, , , , , , , 22.9115769, 0.0488441, , , , , , , 22.9115769, -0.0203098, , , , , , , 22.9115769, 0.0036927, , , , , , , , , , , , , , , , , , , , , , , , , , , , 
22.9120962, 0.0716716, , , , , , , 22.9120962, 0.0501869, , , , , , , 22.9120962, 0.0045319, , , , , , , 22.9120962, 0.0169528, , , , , , , , , , , , , , , , , , , , , , , , , , , , 
22.9126154, 0.0569009, , , , , , , 22.9126154, 0.0327306, , , , , , , 22.9126154, 0.0399481, , , , , , , 22.9126154, 0.0412909, , , , , , , , , , , , , , , , , , , , , , , , , , , , 
22.9131346, 0.0391089, , , , , , , 22.9131346, -0.0062104, , , , , , , 22.9131346, 0.0787213, , , , , , , 22.9131346, 0.0755322, , , , , , , , , , , , , , , , , , , , , , , , , , , , 
22.9136538, 0.0253452, , , , , , , 22.9136538, -0.0485084, , , , , , , 22.9136538, 0.1143053, , , , , , , 22.9136538, 0.1085985, , , , , , , , , , , , , , , , , , , , , , , , , , , , 
22.9141731, 0.0149386, , , , , , , 22.9141731, -0.0713359, , , , , , , 22.9141731, 0.1448539, , , , , , , 22.9141731, 0.1245441, , , , , , , , , , , , , , , , , , , , , , , , , , , , 
22.9146923, 0.0011749, , , , , , , 22.9146923, -0.0844282, , , , , , , 22.9146923, 0.1619745, , , , , , , 22.9146923, 0.1270619, , , , , , , , , , , , , , , , , , , , , , , , , , , , 
22.9152115, -0.0198062, , , , , , , 22.9152115, -0.1082628, , , , , , , 22.9152115, 0.1623102, , , , , , , 22.9152115, 0.1226978, , , , , , , , , , , , , , , , , , , , , , , , , , , , 
22.9157308, -0.0417945, , , , , , , 22.9157308, -0.1223621, , , , , , , 22.9157308, 0.1475395, , , , , , , 22.9157308, 0.1082628, , , , , , , , , , , , , , , , , , , , , , , , , , , , 
22.91625, -0.0589151, , , , , , , 22.91625, -0.1109483, , , , , , , 22.91625, 0.1223621, , , , , , , 22.91625, 0.0827497, , , , , , , , , , , , , , , , , , , , , , , , , , , , 
22.9167692, -0.0652934, , , , , , , 22.9167692, -0.0889601, , , , , , , 22.9167692, 0.0956741, , , , , , , 22.9167692, 0.0542153, , , , , , , , , , , , , , , , , , , , , , , , , , , , 
22.9172885, -0.0647898, , , , , , , 22.9172885, -0.0721752, , , , , , , 22.9172885, 0.0750286, , , , , , , 22.9172885, 0.033402, , , , , , , , , , , , , , , , , , , , , , , , , , , , 
22.9178077, -0.0713359, , , , , , , 22.9178077, -0.064622, , , , , , , 22.9178077, 0.0629435, , , , , , , 22.9178077, 0.023331, , , , , , , , , , , , , , , , , , , , , , , , , , , , 
22.9183269, -0.0793927, , , , , , , 22.9183269, -0.0548867, , , , , , , 22.9183269, 0.0535439, , , , , , , 22.9183269, 0.0139315, , , , , , , , , , , , , , , , , , , , , , , , , , , , 
22.9188462, -0.0726787, , , , , , , 22.9188462, -0.0305486, , , , , , , 22.9188462, 0.0424659, , , , , , , 22.9188462, 0.0006714, , , , , , , , , , , , , , , , , , , , , , , , , , , , 
22.9193654, -0.0562295, , , , , , , 22.9193654, 0.0045319, , , , , , , 22.9193654, 0.0276951, , , , , , , 22.9193654, -0.0099031, , , , , , , , , , , , , , , , , , , , , , , , , , , , 
22.9198846, -0.0406195, , , , , , , 22.9198846, 0.030045, , , , , , , 22.9198846, 0.0151064, , , , , , , 22.9198846, -0.014435, , , , , , , , , , , , , , , , , , , , , , , , , , , , 
22.9204038, -0.0283665, , , , , , , 22.9204038, 0.0354162, , , , , , , 22.9204038, 0.0075532, , , , , , , 22.9204038, -0.0179599, , , , , , , , , , , , , , , , , , , , , , , , , , , , 
22.9209231, -0.0176242, , , , , , , 22.9209231, 0.0256809, , , , , , , 22.9209231, 0.0018463, , , , , , , 22.9209231, -0.0199741, , , , , , , , , , , , , , , , , , , , , , , , , , , , 
22.9214423, -0.0082246, , , , , , , 22.9214423, 0.0119173, , , , , , , 22.9214423, 0.0025177, , , , , , , 22.9214423, -0.0216526, , , , , , , , , , , , , , , , , , , , , , , , , , , , 
22.9219615, -0.0015106, , , , , , , 22.9219615, 0.0018463, , , , , , , 22.9219615, 0.0119173, , , , , , , 22.9219615, -0.0236667, , , , , , , , , , , , , , , , , , , , , , , , , , , , 
22.9224808, 0.0038605, , , , , , , 22.9224808, -0.0031891, , , , , , , 22.9224808, 0.0307164, , , , , , , 22.9224808, -0.0248417, , , , , , , , , , , , , , , , , , , , , , , , , , , , 
22.923, 0.0092317, , , , , , , 22.923, -0.0104067, , , , , , , 22.923, 0.0602579, , , , , , , 22.923, -0.0260166, , , , , , , , , , , , , , , , , , , , , , , , , , , , 
22.9235192, 0.0125887, , , , , , , 22.9235192, -0.0167849, , , , , , , 22.9235192, 0.0914778, , , , , , , 22.9235192, -0.0263523, , , , , , , , , , , , , , , , , , , , , , , , , , , , 
22.9240385, 0.0151064, , , , , , , 22.9240385, -0.0164492, , , , , , , 22.9240385, 0.1085985, , , , , , , 22.9240385, -0.0303807, , , , , , , , , , , , , , , , , , , , , , , , , , , , 
22.9245577, 0.0172885, , , , , , , 22.9245577, -0.0102388, , , , , , , 22.9245577, 0.1037308, , , , , , , 22.9245577, -0.0370947, , , , , , , , , , , , , , , , , , , , , , , , , , , , 
22.9250769, 0.0213169, , , , , , , 22.9250769, -0.002182, , , , , , , 22.9250769, 0.0891279, , , , , , , 22.9250769, -0.0384375, , , , , , , , , , , , , , , , , , , , , , , , , , , , 
22.9255962, 0.0253452, , , , , , , 22.9255962, 0.0038605, , , , , , , 22.9255962, 0.0757, , , , , , , 22.9255962, -0.0384375, , , , , , , , , , , , , , , , , , , , , , , , , , , , 
22.9261154, 0.0276951, , , , , , , 22.9261154, 0.0117494, , , , , , , 22.9261154, 0.0589151, , , , , , , 22.9261154, -0.0394446, , , , , , , , , , , , , , , , , , , , , , , , , , , , 
22.9266346, 0.0339055, , , , , , , 22.9266346, 0.0276951, , , , , , , 22.9266346, 0.0354162, , , , , , , 22.9266346, -0.0391089, , , , , , , , , , , , , , , , , , , , , , , , , , , , 
22.9271538, 0.0424659, , , , , , , 22.9271538, 0.0569009, , , , , , , 22.9271538, -0.0015106, , , , , , , 22.9271538, -0.0364233, , , , , , , , , , , , , , , , , , , , , , , , , , , , 
22.9276731, 0.0520333, , , , , , , 22.9276731, 0.0835889, , , , , , , 22.9276731, -0.0565652, , , , , , , 22.9276731, -0.0327306, , , , , , , , , , , , , , , , , , , , , , , , , , , , 
22.9281923, 0.0642863, , , , , , , 22.9281923, 0.0891279, , , , , , , 22.9281923, -0.1220264, , , , , , , 22.9281923, -0.0305486, , , , , , , , , , , , , , , , , , , , , , , , , , , , 
22.9287115, 0.0817426, , , , , , , 22.9287115, 0.0780499, , , , , , , 22.9287115, -0.191516, , , , , , , 22.9287115, -0.0297093, , , , , , , , , , , , , , , , , , , , , , , , , , , , 
22.9292308, 0.0965133, , , , , , , 22.9292308, 0.0629435, , , , , , , 22.9292308, -0.2606699, , , , , , , 22.9292308, -0.0283665, , , , , , , , , , , , , , , , , , , , , , , , , , , , 
22.92975, 0.1049058, , , , , , , 22.92975, 0.0518654, , , , , , , 22.92975, -0.3123674, , , , , , , 22.92975, -0.0260166, , , , , , , , , , , , , , , , , , , , , , , , , , , , 
22.9302692, 0.1092699, , , , , , , 22.9302692, 0.0454871, , , , , , , 22.9302692, -0.3385519, , , , , , , 22.9302692, -0.0226596, , , , , , , , , , , , , , , , , , , , , , , , , , , , 
22.9307885, 0.1151446, , , , , , , 22.9307885, 0.0387732, , , , , , , 22.9307885, -0.3365377, , , , , , , 22.9307885, -0.0184634, , , , , , , , , , , , , , , , , , , , , , , , , , , , 
22.9313077, 0.1106126, , , , , , , 22.9313077, 0.0307164, , , , , , , 22.9313077, -0.3064927, , , , , , , 22.9313077, -0.0090639, , , , , , , , , , , , , , , , , , , , , , , , , , , , 
22.9318269, 0.0951705, , , , , , , 22.9318269, 0.0206455, , , , , , , 22.9318269, -0.2663767, , , , , , , 22.9318269, 0.0065461, , , , , , , , , , , , , , , , , , , , , , , , , , , , 
22.9323462, 0.0810712, , , , , , , 22.9323462, 0.005539, , , , , , , 22.9323462, -0.233814, , , , , , , 22.9323462, 0.0258488, , , , , , , , , , , , , , , , , , , , , , , , , , , , 
22.9328654, 0.0693217, , , , , , , 22.9328654, -0.0169528, , , , , , , 22.9328654, -0.2032654, , , , , , , 22.9328654, 0.0439765, , , , , , , , , , , , , , , , , , , , , , , , , , , , 
22.9333846, 0.0547189, , , , , , , 22.9333846, -0.0438087, , , , , , , 22.9333846, -0.1628138, , , , , , , 22.9333846, 0.0592508, , , , , , , , , , , , , , , , , , , , , , , , , , , , 
22.9339038, 0.0357519, , , , , , , 22.9339038, -0.0659648, , , , , , , 22.9339038, -0.1099413, , , , , , , 22.9339038, 0.0750286, , , , , , , , , , , , , , , , , , , , , , , , , , , , 
22.9344231, 0.0213169, , , , , , , 22.9344231, -0.0740215, , , , , , , 22.9344231, -0.0553902, , , , , , , 22.9344231, 0.0904707, , , , , , , , , , , , , , , , , , , , , , , , , , , , 
22.9349423, 0.0068818, , , , , , , 22.9349423, -0.0699931, , , , , , , 22.9349423, -0.0078889, , , , , , , 22.9349423, 0.0958419, , , , , , , , , , , , , , , , , , , , , , , , , , , , 
22.9354615, -0.0135958, , , , , , , 22.9354615, -0.0632792, , , , , , , 22.9354615, 0.0270237, , , , , , , 22.9354615, 0.090135, , , , , , , , , , , , , , , , , , , , , , , , , , , , 
22.9359808, -0.0357519, , , , , , , 22.9359808, -0.0552224, , , , , , , 22.9359808, 0.0438087, , , , , , , 22.9359808, 0.0814069, , , , , , , , , , , , , , , , , , , , , , , , , , , , 
22.9365, -0.0565652, , , , , , , 22.9365, -0.0486763, , , , , , , 22.9365, 0.0560616, , , , , , , 22.9365, 0.0767071, , , , , , , , , , , , , , , , , , , , , , , , , , , , 
22.9370192, -0.0740215, , , , , , , 22.9370192, -0.0417945, , , , , , , 22.9370192, 0.0750286, , , , , , , 22.9370192, 0.0730144, , , , , , , , , , , , , , , , , , , , , , , , , , , , 
22.9375385, -0.0872816, , , , , , , 22.9375385, -0.0307164, , , , , , , 22.9375385, 0.0924849, , , , , , , 22.9375385, 0.0629435, , , , , , , , , , , , , , , , , , , , , , , , , , , , 
22.9380577, -0.0956741, , , , , , , 22.9380577, -0.008896, , , , , , , 22.9380577, 0.1065843, , , , , , , 22.9380577, 0.0488441, , , , , , , , , , , , , , , , , , , , , , , , , , , , 
22.9385769, -0.0965133, , , , , , , 22.9385769, 0.0169528, , , , , , , 22.9385769, 0.1205158, , , , , , , 22.9385769, 0.0360876, , , , , , , , , , , , , , , , , , , , , , , , , , , , 
22.9390962, -0.0867781, , , , , , , 22.9390962, 0.0369268, , , , , , , 22.9390962, 0.1307546, , , , , , , 22.9390962, 0.0271916, , , , , , , , , , , , , , , , , , , , , , , , , , , , 
22.9396154, -0.072343, , , , , , , 22.9396154, 0.0424659, , , , , , , 22.9396154, 0.1399863, , , , , , , 22.9396154, 0.0218204, , , , , , , , , , , , , , , , , , , , , , , , , , , , 
22.9401346, -0.0595865, , , , , , , 22.9401346, 0.0439765, , , , , , , 22.9401346, 0.1472038, , , , , , , 22.9401346, 0.0171206, , , , , , , , , , , , , , , , , , , , , , , , , , , , 
22.9406538, -0.0508583, , , , , , , 22.9406538, 0.0387732, , , , , , , 22.9406538, 0.1472038, , , , , , , 22.9406538, 0.0119173, , , , , , , , , , , , , , , , , , , , , , , , , , , , 
22.9411731, -0.0458228, , , , , , , 22.9411731, 0.0068818, , , , , , , 22.9411731, 0.1376364, , , , , , , 22.9411731, 0.0057069, , , , , , , , , , , , , , , , , , , , , , , , , , , , 
22.9416923, -0.0397803, , , , , , , 22.9416923, -0.0471656, , , , , , , 22.9416923, 0.1206836, , , , , , , 22.9416923, 0.0005035, , , , , , , , , , , , , , , , , , , , , , , , , , , , 
22.9422115, -0.0317235, , , , , , , 22.9422115, -0.0995346, , , , , , , 22.9422115, 0.0975204, , , , , , , 22.9422115, 0.0016785, , , , , , , , , , , , , , , , , , , , , , , , , , , , 
22.9427308, -0.0253452, , , , , , , 22.9427308, -0.1233692, , , , , , , 22.9427308, 0.0694896, , , , , , , 22.9427308, 0.0041962, , , , , , , , , , , , , , , , , , , , , , , , , , , , 
22.94325, -0.0218204, , , , , , , 22.94325, -0.117998, , , , , , , 22.94325, 0.0421302, , , , , , , 22.94325, 0.0031891, , , , , , , , , , , , , , , , , , , , , , , , , , , , 
22.9437692, -0.0209812, , , , , , , 22.9437692, -0.10692, , , , , , , 22.9437692, 0.0223239, , , , , , , 22.9437692, -0.0041962, , , , , , , , , , , , , , , , , , , , , , , , , , , , 
22.9442885, -0.0162814, , , , , , , 22.9442885, -0.0975204, , , , , , , 22.9442885, 0.0083925, , , , , , , 22.9442885, -0.0129244, , , , , , , , , , , , , , , , , , , , , , , , , , , , 
22.9448077, -0.0115816, , , , , , , 22.9448077, -0.0988632, , , , , , , 22.9448077, -0.0082246, , , , , , , 22.9448077, -0.0206455, , , , , , , , , , , , , , , , , , , , , , , , , , , , 
22.9453269, -0.0052033, , , , , , , 22.9453269, -0.1106126, , , , , , , 22.9453269, -0.0298772, , , , , , , 22.9453269, -0.0270237, , , , , , , , , , , , , , , , , , , , , , , , , , , , 
22.9458462, 0.0018463, , , , , , , 22.9458462, -0.100206, , , , , , , 22.9458462, -0.04448, , , , , , , 22.9458462, -0.0337377, , , , , , , , , , , , , , , , , , , , , , , , , , , , 
22.9463654, 0.012253, , , , , , , 22.9463654, -0.0666361, , , , , , , 22.9463654, -0.043473, , , , , , , 22.9463654, -0.0377661, , , , , , , , , , , , , , , , , , , , , , , , , , , , 
22.9468846, 0.0250095, , , , , , , 22.9468846, -0.0391089, , , , , , , 22.9468846, -0.0384375, , , , , , , 22.9468846, -0.0360876, , , , , , , , , , , , , , , , , , , , , , , , , , , , 
22.9474038, 0.0377661, , , , , , , 22.9474038, -0.018967, , , , , , , 22.9474038, -0.0350805, , , , , , , 22.9474038, -0.0365911, , , , , , , , , , , , , , , , , , , , , , , , , , , , 
22.9479231, 0.0468299, , , , , , , 22.9479231, 0.0025177, , , , , , , 22.9479231, -0.0273594, , , , , , , 22.9479231, -0.0374304, , , , , , , , , , , , , , , , , , , , , , , , , , , , 
22.9484423, 0.0565652, , , , , , , 22.9484423, 0.018967, , , , , , , 22.9484423, -0.0179599, , , , , , , 22.9484423, -0.0340734, , , , , , , , , , , , , , , , , , , , , , , , , , , , 
22.9489615, 0.0703288, , , , , , , 22.9489615, 0.0226596, , , , , , , 22.9489615, -0.0149386, , , , , , , 22.9489615, -0.0337377, , , , , , , , , , , , , , , , , , , , , , , , , , , , 
22.9494808, 0.0814069, , , , , , , 22.9494808, 0.0293736, , , , , , , 22.9494808, -0.0169528, , , , , , , 22.9494808, -0.0357519, , , , , , , , , , , , , , , , , , , , , , , , , , , , 
22.95, 0.0887922, , , , , , , 22.95, 0.0438087, , , , , , , 22.95, -0.0224918, , , , , , , 22.95, -0.0337377, , , , , , , , , , , , , , , , , , , , , , , , , , , , 
22.9505192, 0.0938277, , , , , , , 22.9505192, 0.0505226, , , , , , , 22.9505192, -0.0344091, , , , , , , 22.9505192, -0.0290379, , , , , , , , , , , , , , , , , , , , , , , , , , , , 
22.9510385, 0.0978561, , , , , , , 22.9510385, 0.0421302, , , , , , , 22.9510385, -0.0495155, , , , , , , 22.9510385, -0.0253452, , , , , , , , , , , , , , , , , , , , , , , , , , , , 
22.9515577, 0.0998703, , , , , , , 22.9515577, 0.0270237, , , , , , , 22.9515577, -0.0582437, , , , , , , 22.9515577, -0.0229953, , , , , , , , , , , , , , , , , , , , , , , , , , , , 
22.9520769, 0.0951705, , , , , , , 22.9520769, 0.0206455, , , , , , , 22.9520769, -0.0498512, , , , , , , 22.9520769, -0.0151064, , , , , , , , , , , , , , , , , , , , , , , , , , , , 
22.9525962, 0.0834211, , , , , , , 22.9525962, 0.030045, , , , , , , 22.9525962, -0.0290379, , , , , , , 22.9525962, -0.0003357, , , , , , , , , , , , , , , , , , , , , , , , , , , , 
22.9531154, 0.0699931, , , , , , , 22.9531154, 0.0515297, , , , , , , 22.9531154, -0.0068818, , , , , , , 22.9531154, 0.0209812, , , , , , , , , , , , , , , , , , , , , , , , , , , , 
22.9536346, 0.0580758, , , , , , , 22.9536346, 0.0757, , , , , , , 22.9536346, 0.0092317, , , , , , , 22.9536346, 0.047837, , , , , , , , , , , , , , , , , , , , , , , , , , , , 
22.9541538, 0.0480049, , , , , , , 22.9541538, 0.087953, , , , , , , 22.9541538, 0.0199741, , , , , , , 22.9541538, 0.0728466, , , , , , , , , , , , , , , , , , , , , , , , , , , , 
22.9546731, 0.0354162, , , , , , , 22.9546731, 0.0963455, , , , , , , 22.9546731, 0.0256809, , , , , , , 22.9546731, 0.0897993, , , , , , , , , , , , , , , , , , , , , , , , , , , , 
22.9551923, 0.0172885, , , , , , , 22.9551923, 0.096849, , , , , , , 22.9551923, 0.0243381, , , , , , , 22.9551923, 0.1012131, , , , , , , , , , , , , , , , , , , , , , , , , , , , 
22.9557115, -0.0015106, , , , , , , 22.9557115, 0.0763714, , , , , , , 22.9557115, 0.0193027, , , , , , , 22.9557115, 0.1085985, , , , , , , , , , , , , , , , , , , , , , , , , , , , 
22.9562308, -0.018967, , , , , , , 22.9562308, 0.0468299, , , , , , , 22.9562308, 0.0198062, , , , , , , 22.9562308, 0.1084306, , , , , , , , , , , , , , , , , , , , , , , , , , , , 
22.95675, -0.03122, , , , , , , 22.95675, 0.0226596, , , , , , , 22.95675, 0.0265202, , , , , , , 22.95675, 0.100206, , , , , , , , , , , , , , , , , , , , , , , , , , , , 
22.9572692, -0.0377661, , , , , , , 22.9572692, 0.0031891, , , , , , , 22.9572692, 0.0379339, , , , , , , 22.9572692, 0.0864424, , , , , , , , , , , , , , , , , , , , , , , , , , , , 
22.9577885, -0.0391089, , , , , , , 22.9577885, -0.018967, , , , , , , 22.9577885, 0.0461585, , , , , , , 22.9577885, 0.0710002, , , , , , , , , , , , , , , , , , , , , , , , , , , , 
22.9583077, -0.0406195, , , , , , , 22.9583077, -0.0421302, , , , , , , 22.9583077, 0.040116, , , , , , , 22.9583077, 0.054551, , , , , , , , , , , , , , , , , , , , , , , , , , , , 
22.9588269, -0.0391089, , , , , , , 22.9588269, -0.0518654, , , , , , , 22.9588269, 0.0199741, , , , , , , 22.9588269, 0.0381018, , , , , , , , , , , , , , , , , , , , , , , , , , , , 
22.9593462, -0.0283665, , , , , , , 22.9593462, -0.0451514, , , , , , , 22.9593462, -0.0046998, , , , , , , 22.9593462, 0.0219883, , , , , , , , , , , , , , , , , , , , , , , , , , , , 
22.9598654, -0.0142672, , , , , , , 22.9598654, -0.0325628, , , , , , , 22.9598654, -0.0280308, , , , , , , 22.9598654, 0.0109102, , , , , , , , , , , , , , , , , , , , , , , , , , , , 
22.9603846, -0.0048676, , , , , , , 22.9603846, -0.0263523, , , , , , , 22.9603846, -0.0438087, , , , , , , 22.9603846, 0.0058747, , , , , , , , , , , , , , , , , , , , , , , , , , , , 
22.9609038, -0.0001678, , , , , , , 22.9609038, -0.0370947, , , , , , , 22.9609038, -0.0407874, , , , , , , 22.9609038, 0.0011749, , , , , , , , , , , , , , , , , , , , , , , , , , , , 
22.9614231, 0.0038605, , , , , , , 22.9614231, -0.0572366, , , , , , , 22.9614231, -0.0196384, , , , , , , 22.9614231, -0.0005035, , , , , , , , , , , , , , , , , , , , , , , , , , , , 
22.9619423, 0.0112459, , , , , , , 22.9619423, -0.0721752, , , , , , , 22.9619423, -0.0025177, , , , , , , 22.9619423, -0.0031891, , , , , , , , , , , , , , , , , , , , , , , , , , , , 
22.9624615, 0.0186313, , , , , , , 22.9624615, -0.0793927, , , , , , , 22.9624615, 0.0011749, , , , , , , 22.9624615, -0.0082246, , , , , , , , , , , , , , , , , , , , , , , , , , , , 
22.9629808, 0.0209812, , , , , , , 22.9629808, -0.0797284, , , , , , , 22.9629808, 0.0011749, , , , , , , 22.9629808, -0.0099031, , , , , , , , , , , , , , , , , , , , , , , , , , , , 
22.9635, 0.0226596, , , , , , , 22.9635, -0.0654612, , , , , , , 22.9635, 0.0058747, , , , , , , 22.9635, -0.0078889, , , , , , , , , , , , , , , , , , , , , , , , , , , , 
22.9640192, 0.0270237, , , , , , , 22.9640192, -0.0260166, , , , , , , 22.9640192, 0.0166171, , , , , , , 22.9640192, -0.005539, , , , , , , , , , , , , , , , , , , , , , , , , , , , 
22.9645385, 0.0293736, , , , , , , 22.9645385, 0.0186313, , , , , , , 22.9645385, 0.0280308, , , , , , , 22.9645385, -0.0036927, , , , , , , , , , , , , , , , , , , , , , , , , , , , 
22.9650577, 0.0307164, , , , , , , 22.9650577, 0.0407874, , , , , , , 22.9650577, 0.0293736, , , , , , , 22.9650577, -0.0001678, , , , , , , , , , , , , , , , , , , , , , , , , , , , 
22.9655769, 0.0293736, , , , , , , 22.9655769, 0.0344091, , , , , , , 22.9655769, 0.0199741, , , , , , , 22.9655769, 0.0035248, , , , , , , , , , , , , , , , , , , , , , , , , , , , 
22.9660962, 0.0285344, , , , , , , 22.9660962, 0.01561, , , , , , , 22.9660962, -0.0035248, , , , , , , 22.9660962, 0.002182, , , , , , , , , , , , , , , , , , , , , , , , , , , , 
22.9666154, 0.0293736, , , , , , , 22.9666154, -0.0068818, , , , , , , 22.9666154, -0.0350805, , , , , , , 22.9666154, -0.0015106, , , , , , , , , , , , , , , , , , , , , , , , , , , , 
22.9671346, 0.03122, , , , , , , 22.9671346, -0.0256809, , , , , , , 22.9671346, -0.064622, , , , , , , 22.9671346, -0.0035248, , , , , , , , , , , , , , , , , , , , , , , , , , , , 
22.9676538, 0.0307164, , , , , , , 22.9676538, -0.0275273, , , , , , , 22.9676538, -0.0847639, , , , , , , 22.9676538, -0.0043641, , , , , , , , , , , , , , , , , , , , , , , , , , , , 
22.9681731, 0.0280308, , , , , , , 22.9681731, -0.0172885, , , , , , , 22.9681731, -0.0944991, , , , , , , 22.9681731, -0.002182, , , , , , , , , , , , , , , , , , , , , , , , , , , , 
22.9686923, 0.0340734, , , , , , , 22.9686923, -0.0068818, , , , , , , 22.9686923, -0.1008774, , , , , , , 22.9686923, 0.0023499, , , , , , , , , , , , , , , , , , , , , , , , , , , , 
22.9692115, 0.0468299, , , , , , , 22.9692115, 0.0016785, , , , , , , 22.9692115, -0.1015488, , , , , , , 22.9692115, 0.0052033, , , , , , , , , , , , , , , , , , , , , , , , , , , , 
22.9697308, 0.0565652, , , , , , , 22.9697308, 0.0082246, , , , , , , 22.9697308, -0.0876173, , , , , , , 22.9697308, 0.0075532, , , , , , , , , , , , , , , , , , , , , , , , , , , , 
22.97025, 0.0629435, , , , , , , 22.97025, 0.0236667, , , , , , , 22.97025, -0.0686503, , , , , , , 22.97025, 0.0092317, , , , , , , , , , , , , , , , , , , , , , , , , , , , 
22.9707692, 0.0652934, , , , , , , 22.9707692, 0.0464942, , , , , , , 22.9707692, -0.051194, , , , , , , 22.9707692, 0.0119173, , , , , , , , , , , , , , , , , , , , , , , , , , , , 
22.9712885, 0.0649577, , , , , , , 22.9712885, 0.0589151, , , , , , , 22.9712885, -0.0350805, , , , , , , 22.9712885, 0.01561, , , , , , , , , , , , , , , , , , , , , , , , , , , , 
22.9718077, 0.0602579, , , , , , , 22.9718077, 0.0553902, , , , , , , 22.9718077, -0.0184634, , , , , , , 22.9718077, 0.0176242, , , , , , , , , , , , , , , , , , , , , , , , , , , , 
22.9723269, 0.0535439, , , , , , , 22.9723269, 0.0381018, , , , , , , 22.9723269, -0.0062104, , , , , , , 22.9723269, 0.01561, , , , , , , , , , , , , , , , , , , , , , , , , , , , 
22.9728462, 0.0438087, , , , , , , 22.9728462, 0.0151064, , , , , , , 22.9728462, 0.0005035, , , , , , , 22.9728462, 0.0119173, , , , , , , , , , , , , , , , , , , , , , , , , , , , 
22.9733654, 0.033402, , , , , , , 22.9733654, -0.002182, , , , , , , 22.9733654, -0.0008392, , , , , , , 22.9733654, 0.0092317, , , , , , , , , , , , , , , , , , , , , , , , , , , , 
22.9738846, 0.0240024, , , , , , , 22.9738846, -0.0045319, , , , , , , 22.9738846, -0.0092317, , , , , , , 22.9738846, 0.0062104, , , , , , , , , , , , , , , , , , , , , , , , , , , , 
22.9744038, 0.0159457, , , , , , , 22.9744038, 0.0011749, , , , , , , 22.9744038, -0.0193027, , , , , , , 22.9744038, 0.0052033, , , , , , , , , , , , , , , , , , , , , , , , , , , , 
22.9749231, 0.0072175, , , , , , , 22.9749231, -0.0008392, , , , , , , 22.9749231, -0.0250095, , , , , , , 22.9749231, 0.0070497, , , , , , , , , , , , , , , , , , , , , , , , , , , , 
22.9754423, -0.0015106, , , , , , , 22.9754423, -0.0135958, , , , , , , 22.9754423, -0.0243381, , , , , , , 22.9754423, 0.0105745, , , , , , , , , , , , , , , , , , , , , , , , , , , , 
22.9759615, -0.0129244, , , , , , , 22.9759615, -0.0273594, , , , , , , 22.9759615, -0.0172885, , , , , , , 22.9759615, 0.0109102, , , , , , , , , , , , , , , , , , , , , , , , , , , , 
22.9764808, -0.0229953, , , , , , , 22.9764808, -0.0384375, , , , , , , 22.9764808, -0.0046998, , , , , , , 22.9764808, 0.010071, , , , , , , , , , , , , , , , , , , , , , , , , , , , 
22.977, -0.0352483, , , , , , , 22.977, -0.0485084, , , , , , , 22.977, 0.0045319, , , , , , , 22.977, 0.0104067, , , , , , , , , , , , , , , , , , , , , , , , , , , , 
22.9775192, -0.0491798, , , , , , , 22.9775192, -0.0582437, , , , , , , 22.9775192, 0.0090639, , , , , , , 22.9775192, 0.0092317, , , , , , , , , , , , , , , , , , , , , , , , , , , , 
22.9780385, -0.0560616, , , , , , , 22.9780385, -0.0649577, , , , , , , 22.9780385, 0.0149386, , , , , , , 22.9780385, 0.0070497, , , , , , , , , , , , , , , , , , , , , , , , , , , , 
22.9785577, -0.0525368, , , , , , , 22.9785577, -0.057908, , , , , , , 22.9785577, 0.0251774, , , , , , , 22.9785577, 0.0035248, , , , , , , , , , , , , , , , , , , , , , , , , , , , 
22.9790769, -0.0404517, , , , , , , 22.9790769, -0.0251774, , , , , , , 22.9790769, 0.040116, , , , , , , 22.9790769, -0.002182, , , , , , , , , , , , , , , , , , , , , , , , , , , , 
22.9795962, -0.0251774, , , , , , , 22.9795962, 0.0105745, , , , , , , 22.9795962, 0.0535439, , , , , , , 22.9795962, -0.0082246, , , , , , , , , , , , , , , , , , , , , , , , , , , , 
22.9801154, -0.0112459, , , , , , , 22.9801154, 0.005539, , , , , , , 22.9801154, 0.0589151, , , , , , , 22.9801154, -0.012253, , , , , , , , , , , , , , , , , , , , , , , , , , , , 
22.9806346, -0.0003357, , , , , , , 22.9806346, -0.0258488, , , , , , , 22.9806346, 0.0575723, , , , , , , 22.9806346, -0.0135958, , , , , , , , , , , , , , , , , , , , , , , , , , , , 
22.9811538, 0.0072175, , , , , , , 22.9811538, -0.0347448, , , , , , , 22.9811538, 0.051194, , , , , , , 22.9811538, -0.0117494, , , , , , , , , , , , , , , , , , , , , , , , , , , , 
22.9816731, 0.0112459, , , , , , , 22.9816731, -0.0146029, , , , , , , 22.9816731, 0.0426337, , , , , , , 22.9816731, -0.0109102, , , , , , , , , , , , , , , , , , , , , , , , , , , , 
22.9821923, 0.0149386, , , , , , , 22.9821923, 0.0117494, , , , , , , 22.9821923, 0.036759, , , , , , , 22.9821923, -0.0090639, , , , , , , , , , , , , , , , , , , , , , , , , , , , 
22.9827115, 0.0226596, , , , , , , 22.9827115, 0.0226596, , , , , , , 22.9827115, 0.0340734, , , , , , , 22.9827115, -0.0028534, , , , , , , , , , , , , , , , , , , , , , , , , , , , 
22.9832308, 0.0283665, , , , , , , 22.9832308, 0.0193027, , , , , , , 22.9832308, 0.0337377, , , , , , , 22.9832308, 0.0068818, , , , , , , , , , , , , , , , , , , , , , , , , , , , 
22.98375, 0.0280308, , , , , , , 22.98375, 0.0115816, , , , , , , 22.98375, 0.040116, , , , , , , 22.98375, 0.0172885, , , , , , , , , , , , , , , , , , , , , , , , , , , , 
22.9842692, 0.0283665, , , , , , , 22.9842692, 0.0001678, , , , , , , 22.9842692, 0.0481727, , , , , , , 22.9842692, 0.0240024, , , , , , , , , , , , , , , , , , , , , , , , , , , , 
22.9847885, 0.033402, , , , , , , 22.9847885, -0.0132601, , , , , , , 22.9847885, 0.0582437, , , , , , , 22.9847885, 0.0283665, , , , , , , , , , , , , , , , , , , , , , , , , , , , 
22.9853077, 0.030045, , , , , , , 22.9853077, -0.018967, , , , , , , 22.9853077, 0.0733501, , , , , , , 22.9853077, 0.0352483, , , , , , , , , , , , , , , , , , , , , , , , , , , , 
22.9858269, 0.0199741, , , , , , , 22.9858269, -0.0181277, , , , , , , 22.9858269, 0.0908064, , , , , , , 22.9858269, 0.0409552, , , , , , , , , , , , , , , , , , , , , , , , , , , , 
22.9863462, 0.0112459, , , , , , , 22.9863462, -0.0204776, , , , , , , 22.9863462, 0.1032273, , , , , , , 22.9863462, 0.0424659, , , , , , , , , , , , , , , , , , , , , , , , , , , , 
22.9868654, 0.0065461, , , , , , , 22.9868654, -0.0270237, , , , , , , 22.9868654, 0.1072557, , , , , , , 22.9868654, 0.0414588, , , , , , , , , , , , , , , , , , , , , , , , , , , , 
22.9873846, 0.0052033, , , , , , , 22.9873846, -0.0394446, , , , , , , 22.9873846, 0.10692, , , , , , , 22.9873846, 0.0448157, , , , , , , , , , , , , , , , , , , , , , , , , , , , 
22.9879038, 0.0031891, , , , , , , 22.9879038, -0.0538796, , , , , , , 22.9879038, 0.105745, , , , , , , 22.9879038, 0.0501869, , , , , , , , , , , , , , , , , , , , , , , , , , , , 
22.9884231, 0.0045319, , , , , , , 22.9884231, -0.0495155, , , , , , , 22.9884231, 0.0908064, , , , , , , 22.9884231, 0.0528725, , , , , , , , , , , , , , , , , , , , , , , , , , , , 
22.9889423, 0.01561, , , , , , , 22.9889423, -0.0270237, , , , , , , 22.9889423, 0.0616007, , , , , , , 22.9889423, 0.0498512, , , , , , , , , , , , , , , , , , , , , , , , , , , , 
22.9894615, 0.0287022, , , , , , , 22.9894615, -0.0176242, , , , , , , 22.9894615, 0.0344091, , , , , , , 22.9894615, 0.0412909, , , , , , , , , , , , , , , , , , , , , , , , , , , , 
22.9899808, 0.0370947, , , , , , , 22.9899808, -0.0213169, , , , , , , 22.9899808, 0.0157778, , , , , , , 22.9899808, 0.0297093, , , , , , , , , , , , , , , , , , , , , , , , , , , , 
22.9905, 0.0397803, , , , , , , 22.9905, -0.0129244, , , , , , , 22.9905, 0.0052033, , , , , , , 22.9905, 0.0182956, , , , , , , , , , , , , , , , , , , , , , , , , , , , 
22.9910192, 0.0387732, , , , , , , 22.9910192, 0.0159457, , , , , , , 22.9910192, -0.0082246, , , , , , , 22.9910192, 0.0085603, , , , , , , , , , , , , , , , , , , , , , , , , , , , 
22.9915385, 0.0360876, , , , , , , 22.9915385, 0.0347448, , , , , , , 22.9915385, -0.0310521, , , , , , , 22.9915385, -0.002182, , , , , , , , , , , , , , , , , , , , , , , , , , , , 
22.9920577, 0.0318914, , , , , , , 22.9920577, 0.0283665, , , , , , , 22.9920577, -0.0673075, , , , , , , 22.9920577, -0.0135958, , , , , , , , , , , , , , , , , , , , , , , , , , , , 
22.9925769, 0.0253452, , , , , , , 22.9925769, 0.0132601, , , , , , , 22.9925769, -0.100206, , , , , , , 22.9925769, -0.0196384, , , , , , , , , , , , , , , , , , , , , , , , , , , , 
22.9930962, 0.0169528, , , , , , , 22.9930962, 0.0005035, , , , , , , 22.9930962, -0.1149767, , , , , , , 22.9930962, -0.0199741, , , , , , , , , , , , , , , , , , , , , , , , , , , , 
22.9936154, 0.0068818, , , , , , , 22.9936154, -0.0109102, , , , , , , 22.9936154, -0.1139696, , , , , , , 22.9936154, -0.01561, , , , , , , , , , , , , , , , , , , , , , , , , , , , 
22.9941346, -0.0018463, , , , , , , 22.9941346, -0.0186313, , , , , , , 22.9941346, -0.1042344, , , , , , , 22.9941346, -0.0048676, , , , , , , , , , , , , , , , , , , , , , , , , , , , 
22.9946538, -0.0109102, , , , , , , 22.9946538, -0.0176242, , , , , , , 22.9946538, -0.0928206, , , , , , , 22.9946538, 0.0072175, , , , , , , , , , , , , , , , , , , , , , , , , , , , 
22.9951731, -0.0203098, , , , , , , 22.9951731, -0.0082246, , , , , , , 22.9951731, -0.0820783, , , , , , , 22.9951731, 0.0146029, , , , , , , , , , , , , , , , , , , , , , , , , , , , 
22.9956923, -0.0280308, , , , , , , 22.9956923, 0.0073854, , , , , , , 22.9956923, -0.0733501, , , , , , , 22.9956923, 0.01561, , , , , , , , , , , , , , , , , , , , , , , , , , , , 
22.9962115, -0.0323949, , , , , , , 22.9962115, 0.0258488, , , , , , , 22.9962115, -0.0652934, , , , , , , 22.9962115, 0.0159457, , , , , , , , , , , , , , , , , , , , , , , , , , , , 
22.9967308, -0.0364233, , , , , , , 22.9967308, 0.0318914, , , , , , , 22.9967308, -0.0622721, , , , , , , 22.9967308, 0.0172885, , , , , , , , , , , , , , , , , , , , , , , , , , , , 
22.99725, -0.0438087, , , , , , , 22.99725, 0.0216526, , , , , , , 22.99725, -0.0679789, , , , , , , 22.99725, 0.0172885, , , , , , , , , , , , , , , , , , , , , , , , , , , , 
22.9977692, -0.0498512, , , , , , , 22.9977692, 0.0038605, , , , , , , 22.9977692, -0.0807355, , , , , , , 22.9977692, 0.0199741, , , , , , , , , , , , , , , , , , , , , , , , , , , , 
22.9982885, -0.0496834, , , , , , , 22.9982885, -0.0243381, , , , , , , 22.9982885, -0.1017166, , , , , , , 22.9982885, 0.0240024, , , , , , , , , , , , , , , , , , , , , , , , , , , , 
22.9988077, -0.0424659, , , , , , , 22.9988077, -0.0547189, , , , , , , 22.9988077, -0.1290761, , , , , , , 22.9988077, 0.0280308, , , , , , , , , , , , , , , , , , , , , , , , , , , , 
22.9993269, -0.0317235, , , , , , , 22.9993269, -0.0699931, , , , , , , 22.9993269, -0.163653, , , , , , , 22.9993269, 0.0327306, , , , , , , , , , , , , , , , , , , , , , , , , , , , 
22.9998462, -0.023331, , , , , , , 22.9998462, -0.0733501, , , , , , , 22.9998462, -0.2052796, , , , , , , 22.9998462, 0.0320592, , , , , , , , , , , , , , , , , , , , , , , , , , , , 
23.0003654, -0.0135958, , , , , , , 23.0003654, -0.0730144, , , , , , , 23.0003654, -0.2339818, , , , , , , 23.0003654, 0.0270237, , , , , , , , , , , , , , , , , , , , , , , , , , , , 
23.0008846, -0.0038605, , , , , , , 23.0008846, -0.064622, , , , , , , 23.0008846, -0.2354925, , , , , , , 23.0008846, 0.0229953, , , , , , , , , , , , , , , , , , , , , , , , , , , , 
23.0014038, 0.0020142, , , , , , , 23.0014038, -0.0438087, , , , , , , 23.0014038, -0.2150149, , , , , , , 23.0014038, 0.0176242, , , , , , , , , , , , , , , , , , , , , , , , , , , , 
23.0019231, 0.005539, , , , , , , 23.0019231, -0.0240024, , , , , , , 23.0019231, -0.1764096, , , , , , , 23.0019231, 0.0099031, , , , , , , , , , , , , , , , , , , , , , , , , , , , 
23.0024423, 0.011078, , , , , , , 23.0024423, -0.014435, , , , , , , 23.0024423, -0.1290761, , , , , , , 23.0024423, 0.0041962, , , , , , , , , , , , , , , , , , , , , , , , , , , , 
23.0029615, 0.0199741, , , , , , , 23.0029615, -0.0083925, , , , , , , 23.0029615, -0.0955062, , , , , , , 23.0029615, 0.0005035, , , , , , , , , , , , , , , , , , , , , , , , , , , , 
23.0034808, 0.03122, , , , , , , 23.0034808, -0.0048676, , , , , , , 23.0034808, -0.0783856, , , , , , , 23.0034808, -0.0038605, , , , , , , , , , , , , , , , , , , , , , , , , , , , 
23.004, 0.0381018, , , , , , , 23.004, -0.0048676, , , , , , , 23.004, -0.0673075, , , , , , , 23.004, -0.008896, , , , , , , , , , , , , , , , , , , , , , , , , , , , 
23.0045192, 0.0387732, , , , , , , 23.0045192, -0.0063783, , , , , , , 23.0045192, -0.0552224, , , , , , , 23.0045192, -0.0149386, , , , , , , , , , , , , , , , , , , , , , , , , , , , 
23.0050385, 0.0360876, , , , , , , 23.0050385, -0.0095674, , , , , , , 23.0050385, -0.0396124, , , , , , , 23.0050385, -0.0164492, , , , , , , , , , , , , , , , , , , , , , , , , , , , 
23.0055577, 0.0327306, , , , , , , 23.0055577, -0.0078889, , , , , , , 23.0055577, -0.0238346, , , , , , , 23.0055577, -0.0146029, , , , , , , , , , , , , , , , , , , , , , , , , , , , 
23.0060769, 0.0340734, , , , , , , 23.0060769, 0.0031891, , , , , , , 23.0060769, -0.0125887, , , , , , , 23.0060769, -0.0135958, , , , , , , , , , , , , , , , , , , , , , , , , , , , 
23.0065962, 0.0360876, , , , , , , 23.0065962, 0.0179599, , , , , , , 23.0065962, -0.0058747, , , , , , , 23.0065962, -0.0129244, , , , , , , , , , , , , , , , , , , , , , , , , , , , 
23.0071154, 0.0374304, , , , , , , 23.0071154, 0.0283665, , , , , , , 23.0071154, 0.005539, , , , , , , 23.0071154, -0.0119173, , , , , , , , , , , , , , , , , , , , , , , , , , , , 
23.0076346, 0.0454871, , , , , , , 23.0076346, 0.0327306, , , , , , , 23.0076346, 0.0270237, , , , , , , 23.0076346, -0.008896, , , , , , , , , , , , , , , , , , , , , , , , , , , , 
23.0081538, 0.0582437, , , , , , , 23.0081538, 0.0417945, , , , , , , 23.0081538, 0.051194, , , , , , , 23.0081538, -0.0035248, , , , , , , , , , , , , , , , , , , , , , , , , , , , 
23.0086731, 0.068986, , , , , , , 23.0086731, 0.0557259, , , , , , , 23.0086731, 0.0706645, , , , , , , 23.0086731, 0.0011749, , , , , , , , , , , , , , , , , , , , , , , , , , , , 
23.0091923, 0.0772107, , , , , , , 23.0091923, 0.0654612, , , , , , , 23.0091923, 0.0850996, , , , , , , 23.0091923, 0.0070497, , , , , , , , , , , , , , , , , , , , , , , , , , , , 
23.0097115, 0.0820783, , , , , , , 23.0097115, 0.0649577, , , , , , , 23.0097115, 0.0931563, , , , , , , 23.0097115, 0.0166171, , , , , , , , , , , , , , , , , , , , , , , , , , , , 
23.0102308, 0.0882887, , , , , , , 23.0102308, 0.0696574, , , , , , , 23.0102308, 0.103563, , , , , , , 23.0102308, 0.0260166, , , , , , , , , , , , , , , , , , , , , , , , , , , , 
23.01075, 0.0938277, , , , , , , 23.01075, 0.0896315, , , , , , , 23.01075, 0.114641, , , , , , , 23.01075, 0.0344091, , , , , , , , , , , , , , , , , , , , , , , , , , , , 
23.0112692, 0.0951705, , , , , , , 23.0112692, 0.1085985, , , , , , , 23.0112692, 0.1153124, , , , , , , 23.0112692, 0.043473, , , , , , , , , , , , , , , , , , , , , , , , , , , , 
23.0117885, 0.0955062, , , , , , , 23.0117885, 0.1044022, , , , , , , 23.0117885, 0.1050736, , , , , , , 23.0117885, 0.054551, , , , , , , , , , , , , , , , , , , , , , , , , , , , 
23.0123077, 0.0847639, , , , , , , 23.0123077, 0.0757, , , , , , , 23.0123077, 0.0997024, , , , , , , 23.0123077, 0.0602579, , , , , , , , , , , , , , , , , , , , , , , , , , , , 
23.0128269, 0.0679789, , , , , , , 23.0128269, 0.0421302, , , , , , , 23.0128269, 0.1082628, , , , , , , 23.0128269, 0.0595865, , , , , , , , , , , , , , , , , , , , , , , , , , , , 
23.0133462, 0.0540475, , , , , , , 23.0133462, 0.0146029, , , , , , , 23.0133462, 0.1270619, , , , , , , 23.0133462, 0.0575723, , , , , , , , , , , , , , , , , , , , , , , , , , , , 
23.0138654, 0.0374304, , , , , , , 23.0138654, -0.0031891, , , , , , , 23.0138654, 0.1478752, , , , , , , 23.0138654, 0.0535439, , , , , , , , , , , , , , , , , , , , , , , , , , , , 
23.0143846, 0.0112459, , , , , , , 23.0143846, -0.0246738, , , , , , , 23.0143846, 0.1675135, , , , , , , 23.0143846, 0.0501869, , , , , , , , , , , , , , , , , , , , , , , , , , , , 
23.0149038, -0.0174563, , , , , , , 23.0149038, -0.056733, , , , , , , 23.0149038, 0.1824521, , , , , , , 23.0149038, 0.0520333, , , , , , , , , , , , , , , , , , , , , , , , , , , , 
23.0154231, -0.0411231, , , , , , , 23.0154231, -0.0760357, , , , , , , 23.0154231, 0.1849699, , , , , , , 23.0154231, 0.0540475, , , , , , , , , , , , , , , , , , , , , , , , , , , , 
23.0159423, -0.0605936, , , , , , , 23.0159423, -0.0773785, , , , , , , 23.0159423, 0.1775845, , , , , , , 23.0159423, 0.051194, , , , , , , , , , , , , , , , , , , , , , , , , , , , 
23.0164615, -0.0773785, , , , , , , 23.0164615, -0.0693217, , , , , , , 23.0164615, 0.1696956, , , , , , , 23.0164615, 0.0448157, , , , , , , , , , , , , , , , , , , , , , , , , , , , 
23.0169808, -0.0887922, , , , , , , 23.0169808, -0.0642863, , , , , , , 23.0169808, 0.1596246, , , , , , , 23.0169808, 0.0387732, , , , , , , , , , , , , , , , , , , , , , , , , , , , 
23.0175, -0.0936599, , , , , , , 23.0175, -0.0746929, , , , , , , 23.0175, 0.1435111, , , , , , , 23.0175, 0.0332341, , , , , , , , , , , , , , , , , , , , , , , , , , , , 
23.0180192, -0.0933242, , , , , , , 23.0180192, -0.0894636, , , , , , , 23.0180192, 0.1203479, , , , , , , 23.0180192, 0.0253452, , , , , , , , , , , , , , , , , , , , , , , , , , , , 
23.0185385, -0.085771, , , , , , , 23.0185385, -0.0921492, , , , , , , 23.0185385, 0.0877852, , , , , , , 23.0185385, 0.01561, , , , , , , , , , , , , , , , , , , , , , , , , , , , 
23.0190577, -0.0676432, , , , , , , 23.0190577, -0.0842603, , , , , , , 23.0190577, 0.0461585, , , , , , , 23.0190577, 0.0038605, , , , , , , , , , , , , , , , , , , , , , , , , , , , 
23.0195769, -0.0471656, , , , , , , 23.0195769, -0.0686503, , , , , , , 23.0195769, 0.0008392, , , , , , , 23.0195769, -0.0075532, , , , , , , , , , , , , , , , , , , , , , , , , , , , 
23.0200962, -0.027863, , , , , , , 23.0200962, -0.0488441, , , , , , , 23.0200962, -0.0453193, , , , , , , 23.0200962, -0.0159457, , , , , , , , , , , , , , , , , , , , , , , , , , , , 
23.0206154, -0.0102388, , , , , , , 23.0206154, -0.0317235, , , , , , , 23.0206154, -0.0882887, , , , , , , 23.0206154, -0.017792, , , , , , , , , , , , , , , , , , , , , , , , , , , , 
23.0211346, 0.0028534, , , , , , , 23.0211346, -0.018967, , , , , , , 23.0211346, -0.1257191, , , , , , , 23.0211346, -0.0176242, , , , , , , , , , , , , , , , , , , , , , , , , , , , 
23.0216538, 0.0112459, , , , , , , 23.0216538, -0.0139315, , , , , , , 23.0216538, -0.1539178, , , , , , , 23.0216538, -0.0199741, , , , , , , , , , , , , , , , , , , , , , , , , , , , 
23.0221731, 0.0181277, , , , , , , 23.0221731, -0.0166171, , , , , , , 23.0221731, -0.1673457, , , , , , , 23.0221731, -0.023331, , , , , , , , , , , , , , , , , , , , , , , , , , , , 
23.0226923, 0.0271916, , , , , , , 23.0226923, -0.0182956, , , , , , , 23.0226923, -0.1653315, , , , , , , 23.0226923, -0.0243381, , , , , , , , , , , , , , , , , , , , , , , , , , , , 
23.0232115, 0.033402, , , , , , , 23.0232115, -0.0203098, , , , , , , 23.0232115, -0.1559319, , , , , , , 23.0232115, -0.0218204, , , , , , , , , , , , , , , , , , , , , , , , , , , , 
23.0237308, 0.0340734, , , , , , , 23.0237308, -0.0243381, , , , , , , 23.0237308, -0.1478752, , , , , , , 23.0237308, -0.0186313, , , , , , , , , , , , , , , , , , , , , , , , , , , , 
23.02425, 0.0354162, , , , , , , 23.02425, -0.0293736, , , , , , , 23.02425, -0.1327687, , , , , , , 23.02425, -0.0154421, , , , , , , , , , , , , , , , , , , , , , , , , , , , 
23.0247692, 0.0386053, , , , , , , 23.0247692, -0.0347448, , , , , , , 23.0247692, -0.1037308, , , , , , , 23.0247692, -0.0105745, , , , , , , , , , , , , , , , , , , , , , , , , , , , 
23.0252885, 0.0453193, , , , , , , 23.0252885, -0.0431373, , , , , , , 23.0252885, -0.0659648, , , , , , , 23.0252885, -0.0075532, , , , , , , , , , , , , , , , , , , , , , , , , , , , 
23.0258077, 0.0441444, , , , , , , 23.0258077, -0.0446479, , , , , , , 23.0258077, -0.0288701, , , , , , , 23.0258077, -0.0077211, , , , , , , , , , , , , , , , , , , , , , , , , , , , 
23.0263269, 0.0419623, , , , , , , 23.0263269, -0.0310521, , , , , , , 23.0263269, -0.0035248, , , , , , , 23.0263269, -0.0075532, , , , , , , , , , , , , , , , , , , , , , , , , , , , 
23.0268462, 0.0438087, , , , , , , 23.0268462, -0.0115816, , , , , , , 23.0268462, 0.0077211, , , , , , , 23.0268462, -0.002182, , , , , , , , , , , , , , , , , , , , , , , , , , , , 
23.0273654, 0.0464942, , , , , , , 23.0273654, 0.0052033, , , , , , , 23.0273654, 0.0092317, , , , , , , 23.0273654, 0.0062104, , , , , , , , , , , , , , , , , , , , , , , , , , , , 
23.0278846, 0.04448, , , , , , , 23.0278846, 0.0248417, , , , , , , 23.0278846, -0.0015106, , , , , , , 23.0278846, 0.0112459, , , , , , , , , , , , , , , , , , , , , , , , , , , , 
23.0284038, 0.0446479, , , , , , , 23.0284038, 0.0481727, , , , , , , 23.0284038, -0.0196384, , , , , , , 23.0284038, 0.0112459, , , , , , , , , , , , , , , , , , , , , , , , , , , , 
23.0289231, 0.0535439, , , , , , , 23.0289231, 0.0696574, , , , , , , 23.0289231, -0.0384375, , , , , , , 23.0289231, 0.0078889, , , , , , , , , , , , , , , , , , , , , , , , , , , , 
23.0294423, 0.0673075, , , , , , , 23.0294423, 0.0850996, , , , , , , 23.0294423, -0.0574044, , , , , , , 23.0294423, 0.0001678, , , , , , , , , , , , , , , , , , , , , , , , , , , , 
23.0299615, 0.0783856, , , , , , , 23.0299615, 0.0837568, , , , , , , 23.0299615, -0.0730144, , , , , , , 23.0299615, -0.0072175, , , , , , , , , , , , , , , , , , , , , , , , , , , , 
23.0304808, 0.0803998, , , , , , , 23.0304808, 0.066804, , , , , , , 23.0304808, -0.0787213, , , , , , , 23.0304808, -0.0099031, , , , , , , , , , , , , , , , , , , , , , , , , , , , 
23.031, 0.0787213, , , , , , , 23.031, 0.0498512, , , , , , , 23.031, -0.0757, , , , , , , 23.031, -0.0082246, , , , , , , , , , , , , , , , , , , , , , , , , , , , 
23.0315192, 0.0777142, , , , , , , 23.0315192, 0.0317235, , , , , , , 23.0315192, -0.072343, , , , , , , 23.0315192, -0.0031891, , , , , , , , , , , , , , , , , , , , , , , , , , , , 
23.0320385, 0.0757, , , , , , , 23.0320385, -0.0005035, , , , , , , 23.0320385, -0.068986, , , , , , , 23.0320385, 0.0011749, , , , , , , , , , , , , , , , , , , , , , , , , , , , 
23.0325577, 0.0663005, , , , , , , 23.0325577, -0.0310521, , , , , , , 23.0325577, -0.0552224, , , , , , , 23.0325577, 0.0062104, , , , , , , , , , , , , , , , , , , , , , , , , , , , 
23.0330769, 0.0555581, , , , , , , 23.0330769, -0.0438087, , , , , , , 23.0330769, -0.0323949, , , , , , , 23.0330769, 0.0095674, , , , , , , , , , , , , , , , , , , , , , , , , , , , 
23.0335962, 0.0454871, , , , , , , 23.0335962, -0.0428016, , , , , , , 23.0335962, -0.0146029, , , , , , , 23.0335962, 0.012253, , , , , , , , , , , , , , , , , , , , , , , , , , , , 
23.0341154, 0.0320592, , , , , , , 23.0341154, -0.0384375, , , , , , , 23.0341154, 0.0015106, , , , , , , 23.0341154, 0.0186313, , , , , , , , , , , , , , , , , , , , , , , , , , , , 
23.0346346, 0.0179599, , , , , , , 23.0346346, -0.0354162, , , , , , , 23.0346346, 0.0260166, , , , , , , 23.0346346, 0.0293736, , , , , , , , , , , , , , , , , , , , , , , , , , , , 
23.0351538, 0.0016785, , , , , , , 23.0351538, -0.0350805, , , , , , , 23.0351538, 0.0535439, , , , , , , 23.0351538, 0.0369268, , , , , , , , , , , , , , , , , , , , , , , , , , , , 
23.0356731, -0.0171206, , , , , , , 23.0356731, -0.0441444, , , , , , , 23.0356731, 0.072343, , , , , , , 23.0356731, 0.0387732, , , , , , , , , , , , , , , , , , , , , , , , , , , , 
23.0361923, -0.0347448, , , , , , , 23.0361923, -0.0592508, , , , , , , 23.0361923, 0.0802319, , , , , , , 23.0361923, 0.0391089, , , , , , , , , , , , , , , , , , , , , , , , , , , , 
23.0367115, -0.0501869, , , , , , , 23.0367115, -0.0681468, , , , , , , 23.0367115, 0.0862745, , , , , , , 23.0367115, 0.0438087, , , , , , , , , , , , , , , , , , , , , , , , , , , , 
23.0372308, -0.064622, , , , , , , 23.0372308, -0.066804, , , , , , , 23.0372308, 0.0891279, , , , , , , 23.0372308, 0.0454871, , , , , , , , , , , , , , , , , , , , , , , , , , , , 
23.03775, -0.0767071, , , , , , , 23.03775, -0.0602579, , , , , , , 23.03775, 0.0842603, , , , , , , 23.03775, 0.0433051, , , , , , , , , , , , , , , , , , , , , , , , , , , , 
23.0382692, -0.0773785, , , , , , , 23.0382692, -0.0459907, , , , , , , 23.0382692, 0.0770428, , , , , , , 23.0382692, 0.0414588, , , , , , , , , , , , , , , , , , , , , , , , , , , , 
23.0387885, -0.0656291, , , , , , , 23.0387885, -0.0229953, , , , , , , 23.0387885, 0.0649577, , , , , , , 23.0387885, 0.0360876, , , , , , , , , , , , , , , , , , , , , , , , , , , , 
23.0393077, -0.0558938, , , , , , , 23.0393077, -0.0018463, , , , , , , 23.0393077, 0.0438087, , , , , , , 23.0393077, 0.0275273, , , , , , , , , , , , , , , , , , , , , , , , , , , , 
23.0398269, -0.0515297, , , , , , , 23.0398269, 0.0097353, , , , , , , 23.0398269, 0.0193027, , , , , , , 23.0398269, 0.0199741, , , , , , , , , , , , , , , , , , , , , , , , , , , , 
23.0403462, -0.0438087, , , , , , , 23.0403462, 0.0184634, , , , , , , 23.0403462, -0.0001678, , , , , , , 23.0403462, 0.0149386, , , , , , , , , , , , , , , , , , , , , , , , , , , , 
23.0408654, -0.0386053, , , , , , , 23.0408654, 0.0273594, , , , , , , 23.0408654, -0.0129244, , , , , , , 23.0408654, 0.0097353, , , , , , , , , , , , , , , , , , , , , , , , , , , , 
23.0413846, -0.0374304, , , , , , , 23.0413846, 0.0297093, , , , , , , 23.0413846, -0.0236667, , , , , , , 23.0413846, 0.0058747, , , , , , , , , , , , , , , , , , , , , , , , , , , , 
23.0419038, -0.0317235, , , , , , , 23.0419038, 0.0179599, , , , , , , 23.0419038, -0.0350805, , , , , , , 23.0419038, 0.0038605, , , , , , , , , , , , , , , , , , , , , , , , , , , , 
23.0424231, -0.0229953, , , , , , , 23.0424231, 0.0025177, , , , , , , 23.0424231, -0.0421302, , , , , , , 23.0424231, 0.0035248, , , , , , , , , , , , , , , , , , , , , , , , , , , , 
23.0429423, -0.0182956, , , , , , , 23.0429423, -0.0035248, , , , , , , 23.0429423, -0.0417945, , , , , , , 23.0429423, 0.0052033, , , , , , , , , , , , , , , , , , , , , , , , , , , , 
23.0434615, -0.0129244, , , , , , , 23.0434615, -0.005539, , , , , , , 23.0434615, -0.0344091, , , , , , , 23.0434615, 0.0065461, , , , , , , , , , , , , , , , , , , , , , , , , , , , 
23.0439808, -0.0050355, , , , , , , 23.0439808, -0.0115816, , , , , , , 23.0439808, -0.0238346, , , , , , , 23.0439808, 0.0082246, , , , , , , , , , , , , , , , , , , , , , , , , , , , 
23.0445, 0.0018463, , , , , , , 23.0445, -0.0198062, , , , , , , 23.0445, -0.017792, , , , , , , 23.0445, 0.0082246, , , , , , , , , , , , , , , , , , , , , , , , , , , , 
23.0450192, 0.0068818, , , , , , , 23.0450192, -0.0224918, , , , , , , 23.0450192, -0.0151064, , , , , , , 23.0450192, 0.0072175, , , , , , , , , , , , , , , , , , , , , , , , , , , , 
23.0455385, 0.0105745, , , , , , , 23.0455385, -0.012253, , , , , , , 23.0455385, -0.0075532, , , , , , , 23.0455385, 0.005539, , , , , , , , , , , , , , , , , , , , , , , , , , , , 
23.0460577, 0.0199741, , , , , , , 23.0460577, 0.0023499, , , , , , , 23.0460577, 0.0018463, , , , , , , 23.0460577, 0.0003357, , , , , , , , , , , , , , , , , , , , , , , , , , , , 
23.0465769, 0.03122, , , , , , , 23.0465769, 0.0018463, , , , , , , 23.0465769, 0.0082246, , , , , , , 23.0465769, -0.0060426, , , , , , , , , , , , , , , , , , , , , , , , , , , , 
23.0470962, 0.0340734, , , , , , , 23.0470962, -0.0139315, , , , , , , 23.0470962, 0.0048676, , , , , , , 23.0470962, -0.0092317, , , , , , , , , , , , , , , , , , , , , , , , , , , , 
23.0476154, 0.0360876, , , , , , , 23.0476154, -0.0184634, , , , , , , 23.0476154, -0.0015106, , , , , , , 23.0476154, -0.0102388, , , , , , , , , , , , , , , , , , , , , , , , , , , , 
23.0481346, 0.04448, , , , , , , 23.0481346, -0.0025177, , , , , , , 23.0481346, 0.0043641, , , , , , , 23.0481346, -0.0149386, , , , , , , , , , , , , , , , , , , , , , , , , , , , 
23.0486538, 0.0585794, , , , , , , 23.0486538, 0.0135958, , , , , , , 23.0486538, 0.0166171, , , , , , , 23.0486538, -0.0219883, , , , , , , , , , , , , , , , , , , , , , , , , , , , 
23.0491731, 0.0728466, , , , , , , 23.0491731, 0.0191348, , , , , , , 23.0491731, 0.0193027, , , , , , , 23.0491731, -0.0258488, , , , , , , , , , , , , , , , , , , , , , , , , , , , 
23.0496923, 0.0837568, , , , , , , 23.0496923, 0.017792, , , , , , , 23.0496923, 0.0119173, , , , , , , 23.0496923, -0.0297093, , , , , , , , , , , , , , , , , , , , , , , , , , , , 
23.0502115, 0.0924849, , , , , , , 23.0502115, 0.0171206, , , , , , , 23.0502115, 0.0035248, , , , , , , 23.0502115, -0.0330663, , , , , , , , , , , , , , , , , , , , , , , , , , , , 
23.0507308, 0.0938277, , , , , , , 23.0507308, 0.0206455, , , , , , , 23.0507308, 0.0008392, , , , , , , 23.0507308, -0.0327306, , , , , , , , , , , , , , , , , , , , , , , , , , , , 
23.05125, 0.0929885, , , , , , , 23.05125, 0.0246738, , , , , , , 23.05125, 0.0057069, , , , , , , 23.05125, -0.0303807, , , , , , , , , , , , , , , , , , , , , , , , , , , , 
23.0517692, 0.0965133, , , , , , , 23.0517692, 0.0199741, , , , , , , 23.0517692, 0.0077211, , , , , , , 23.0517692, -0.0276951, , , , , , , , , , , , , , , , , , , , , , , , , , , , 
23.0522885, 0.0950027, , , , , , , 23.0522885, 0.0179599, , , , , , , 23.0522885, 0.0087282, , , , , , , 23.0522885, -0.0243381, , , , , , , , , , , , , , , , , , , , , , , , , , , , 
23.0528077, 0.0741894, , , , , , , 23.0528077, 0.0280308, , , , , , , 23.0528077, 0.0137636, , , , , , , 23.0528077, -0.0182956, , , , , , , , , , , , , , , , , , , , , , , , , , , , 
23.0533269, 0.0528725, , , , , , , 23.0533269, 0.0417945, , , , , , , 23.0533269, 0.0240024, , , , , , , 23.0533269, -0.0063783, , , , , , , , , , , , , , , , , , , , , , , , , , , , 
23.0538462, 0.0391089, , , , , , , 23.0538462, 0.0508583, , , , , , , 23.0538462, 0.036759, , , , , , , 23.0538462, 0.0112459, , , , , , , , , , , , , , , , , , , , , , , , , , , , 
23.0543654, 0.0246738, , , , , , , 23.0543654, 0.0589151, , , , , , , 23.0543654, 0.0424659, , , , , , , 23.0543654, 0.0344091, , , , , , , , , , , , , , , , , , , , , , , , , , , , 
23.0548846, 0.0035248, , , , , , , 23.0548846, 0.0629435, , , , , , , 23.0548846, 0.0303807, , , , , , , 23.0548846, 0.0602579, , , , , , , , , , , , , , , , , , , , , , , , , , , , 
23.0554038, -0.0166171, , , , , , , 23.0554038, 0.0518654, , , , , , , 23.0554038, 0.0072175, , , , , , , 23.0554038, 0.0871138, , , , , , , , , , , , , , , , , , , , , , , , , , , , 
23.0559231, -0.0285344, , , , , , , 23.0559231, 0.0283665, , , , , , , 23.0559231, -0.0176242, , , , , , , 23.0559231, 0.1082628, , , , , , , , , , , , , , , , , , , , , , , , , , , , 
23.0564423, -0.0323949, , , , , , , 23.0564423, 0.0115816, , , , , , , 23.0564423, -0.04448, , , , , , , 23.0564423, 0.1139696, , , , , , , , , , , , , , , , , , , , , , , , , , , , 
23.0569615, -0.0377661, , , , , , , 23.0569615, 0.0095674, , , , , , , 23.0569615, -0.073518, , , , , , , 23.0569615, 0.1059129, , , , , , , , , , , , , , , , , , , , , , , , , , , , 
23.0574808, -0.0451514, , , , , , , 23.0574808, -0.002182, , , , , , , 23.0574808, -0.1017166, , , , , , , 23.0574808, 0.0956741, , , , , , , , , , , , , , , , , , , , , , , , , , , , 
23.058, -0.0498512, , , , , , , 23.058, -0.0337377, , , , , , , 23.058, -0.1211872, , , , , , , 23.058, 0.0891279, , , , , , , , , , , , , , , , , , , , , , , , , , , , 
23.0585192, -0.0459907, , , , , , , 23.0585192, -0.0659648, , , , , , , 23.0585192, -0.1317617, , , , , , , 23.0585192, 0.0767071, , , , , , , , , , , , , , , , , , , , , , , , , , , , 
23.0590385, -0.036759, , , , , , , 23.0590385, -0.0699931, , , , , , , 23.0590385, -0.1384756, , , , , , , 23.0590385, 0.057908, , , , , , , , , , , , , , , , , , , , , , , , , , , , 
23.0595577, -0.0256809, , , , , , , 23.0595577, -0.0461585, , , , , , , 23.0595577, -0.1455253, , , , , , , 23.0595577, 0.0417945, , , , , , , , , , , , , , , , , , , , , , , , , , , , 
23.0600769, -0.0142672, , , , , , , 23.0600769, -0.0203098, , , , , , , 23.0600769, -0.1498894, , , , , , , 23.0600769, 0.0270237, , , , , , , , , , , , , , , , , , , , , , , , , , , , 
23.0605962, -0.0038605, , , , , , , 23.0605962, -0.0082246, , , , , , , 23.0605962, -0.1431754, , , , , , , 23.0605962, 0.0146029, , , , , , , , , , , , , , , , , , , , , , , , , , , , 
23.0611154, 0.0057069, , , , , , , 23.0611154, -0.0057069, , , , , , , 23.0611154, -0.1310903, , , , , , , 23.0611154, 0.0057069, , , , , , , , , , , , , , , , , , , , , , , , , , , , 
23.0616346, 0.0125887, , , , , , , 23.0616346, 0.0011749, , , , , , , 23.0616346, -0.1252155, , , , , , , 23.0616346, -0.0001678, , , , , , , , , , , , , , , , , , , , , , , , , , , , 
23.0621538, 0.017792, , , , , , , 23.0621538, -0.005539, , , , , , , 23.0621538, -0.1300832, , , , , , , 23.0621538, -0.0062104, , , , , , , , , , , , , , , , , , , , , , , , , , , , 
23.0626731, 0.018967, , , , , , , 23.0626731, -0.043473, , , , , , , 23.0626731, -0.1366293, , , , , , , 23.0626731, -0.0135958, , , , , , , , , , , , , , , , , , , , , , , , , , , , 
23.0631923, 0.0186313, , , , , , , 23.0631923, -0.0854353, , , , , , , 23.0631923, -0.1290761, , , , , , , 23.0631923, -0.0176242, , , , , , , , , , , , , , , , , , , , , , , , , , , , 
23.0637115, 0.0219883, , , , , , , 23.0637115, -0.0951705, , , , , , , 23.0637115, -0.0978561, , , , , , , 23.0637115, -0.0162814, , , , , , , , , , , , , , , , , , , , , , , , , , , , 
23.0642308, 0.0240024, , , , , , , 23.0642308, -0.0740215, , , , , , , 23.0642308, -0.0515297, , , , , , , 23.0642308, -0.0142672, , , , , , , , , , , , , , , , , , , , , , , , , , , , 
23.06475, 0.0240024, , , , , , , 23.06475, -0.0498512, , , , , , , 23.06475, -0.008896, , , , , , , 23.06475, -0.0159457, , , , , , , , , , , , , , , , , , , , , , , , , , , , 
23.0652692, 0.0246738, , , , , , , 23.0652692, -0.0377661, , , , , , , 23.0652692, 0.0219883, , , , , , , 23.0652692, -0.018967, , , , , , , , , , , , , , , , , , , , , , , , , , , , 
23.0657885, 0.0263523, , , , , , , 23.0657885, -0.0330663, , , , , , , 23.0657885, 0.0475013, , , , , , , 23.0657885, -0.0199741, , , , , , , , , , , , , , , , , , , , , , , , , , , , 
23.0663077, 0.0213169, , , , , , , 23.0663077, -0.0330663, , , , , , , 23.0663077, 0.0733501, , , , , , , 23.0663077, -0.0203098, , , , , , , , , , , , , , , , , , , , , , , , , , , , 
23.0668269, 0.014435, , , , , , , 23.0668269, -0.0466621, , , , , , , 23.0668269, 0.0963455, , , , , , , 23.0668269, -0.0213169, , , , , , , , , , , , , , , , , , , , , , , , , , , , 
23.0673462, 0.0099031, , , , , , , 23.0673462, -0.0632792, , , , , , , 23.0673462, 0.1129625, , , , , , , 23.0673462, -0.0204776, , , , , , , , , , , , , , , , , , , , , , , , , , , , 
23.0678654, 0.0075532, , , , , , , 23.0678654, -0.0706645, , , , , , , 23.0678654, 0.1240406, , , , , , , 23.0678654, -0.0162814, , , , , , , , , , , , , , , , , , , , , , , , , , , , 
23.0683846, 0.0112459, , , , , , , 23.0683846, -0.0674754, , , , , , , 23.0683846, 0.1327687, , , , , , , 23.0683846, -0.0062104, , , , , , , , , , , , , , , , , , , , , , , , , , , , 
23.0689038, 0.0240024, , , , , , , 23.0689038, -0.0522011, , , , , , , 23.0689038, 0.133608, , , , , , , 23.0689038, -0.0001678, , , , , , , , , , , , , , , , , , , , , , , , , , , , 
23.0694231, 0.0347448, , , , , , , 23.0694231, -0.0290379, , , , , , , 23.0694231, 0.124712, , , , , , , 23.0694231, 0.0001678, , , , , , , , , , , , , , , , , , , , , , , , , , , , 
23.0699423, 0.036759, , , , , , , 23.0699423, -0.0082246, , , , , , , 23.0699423, 0.1117876, , , , , , , 23.0699423, -0.0008392, , , , , , , , , , , , , , , , , , , , , , , , , , , , 
23.0704615, 0.0417945, , , , , , , 23.0704615, 0.0057069, , , , , , , 23.0704615, 0.0963455, , , , , , , 23.0704615, -0.0052033, , , , , , , , , , , , , , , , , , , , , , , , , , , , 
23.0709808, 0.0558938, , , , , , , 23.0709808, 0.0213169, , , , , , , 23.0709808, 0.0844282, , , , , , , 23.0709808, -0.0105745, , , , , , , , , , , , , , , , , , , , , , , , , , , , 
23.0715, 0.0676432, , , , , , , 23.0715, 0.0525368, , , , , , , 23.0715, 0.0770428, , , , , , , 23.0715, -0.0075532, , , , , , , , , , , , , , , , , , , , , , , , , , , , 
23.0720192, 0.0679789, , , , , , , 23.0720192, 0.0941634, , , , , , , 23.0720192, 0.0669718, , , , , , , 23.0720192, 0.0030213, , , , , , , , , , , , , , , , , , , , , , , , , , , , 
23.0725385, 0.0602579, , , , , , , 23.0725385, 0.1270619, , , , , , , 23.0725385, 0.0548867, , , , , , , 23.0725385, 0.0176242, , , , , , , , , , , , , , , , , , , , , , , , , , , , 
23.0730577, 0.0528725, , , , , , , 23.0730577, 0.1438468, , , , , , , 23.0730577, 0.0392767, , , , , , , 23.0730577, 0.0283665, , , , , , , , , , , , , , , , , , , , , , , , , , , , 
23.0735769, 0.0454871, , , , , , , 23.0735769, 0.131426, , , , , , , 23.0735769, 0.0184634, , , , , , , 23.0735769, 0.0340734, , , , , , , , , , , , , , , , , , , , , , , , , , , , 
23.0740962, 0.036759, , , , , , , 23.0740962, 0.0985275, , , , , , , 23.0740962, -0.0015106, , , , , , , 23.0740962, 0.0397803, , , , , , , , , , , , , , , , , , , , , , , , , , , , 
23.0746154, 0.0265202, , , , , , , 23.0746154, 0.0594186, , , , , , , 23.0746154, -0.0169528, , , , , , , 23.0746154, 0.0485084, , , , , , , , , , , , , , , , , , , , , , , , , , , , 
23.0751346, 0.012253, , , , , , , 23.0751346, 0.0139315, , , , , , , 23.0751346, -0.0290379, , , , , , , 23.0751346, 0.0575723, , , , , , , , , , , , , , , , , , , , , , , , , , , , 
23.0756538, -0.0015106, , , , , , , 23.0756538, -0.0404517, , , , , , , 23.0756538, -0.0330663, , , , , , , 23.0756538, 0.0629435, , , , , , , , , , , , , , , , , , , , , , , , , , , , 
23.0761731, -0.0152743, , , , , , , 23.0761731, -0.096849, , , , , , , 23.0761731, -0.0199741, , , , , , , 23.0761731, 0.0636149, , , , , , , , , , , , , , , , , , , , , , , , , , , , 
23.0766923, -0.0260166, , , , , , , 23.0766923, -0.1344472, , , , , , , 23.0766923, 0.0001678, , , , , , , 23.0766923, 0.0587472, , , , , , , , , , , , , , , , , , , , , , , , , , , , 
23.0772115, -0.030045, , , , , , , 23.0772115, -0.142504, , , , , , , 23.0772115, 0.0112459, , , , , , , 23.0772115, 0.0498512, , , , , , , , , , , , , , , , , , , , , , , , , , , , 
23.0777308, -0.033402, , , , , , , 23.0777308, -0.1253834, , , , , , , 23.0777308, 0.0085603, , , , , , , 23.0777308, 0.0414588, , , , , , , , , , , , , , , , , , , , , , , , , , , , 
23.07825, -0.0365911, , , , , , , 23.07825, -0.1032273, , , , , , , 23.07825, -0.0065461, , , , , , , 23.07825, 0.0340734, , , , , , , , , , , , , , , , , , , , , , , , , , , , 
23.0787692, -0.0317235, , , , , , , 23.0787692, -0.0985275, , , , , , , 23.0787692, -0.0236667, , , , , , , 23.0787692, 0.0253452, , , , , , , , , , , , , , , , , , , , , , , , , , , , 
23.0792885, -0.0191348, , , , , , , 23.0792885, -0.1075914, , , , , , , 23.0792885, -0.0270237, , , , , , , 23.0792885, 0.0152743, , , , , , , , , , , , , , , , , , , , , , , , , , , , 
23.0798077, -0.0169528, , , , , , , 23.0798077, -0.1059129, , , , , , , 23.0798077, -0.0203098, , , , , , , 23.0798077, 0.0095674, , , , , , , , , , , , , , , , , , , , , , , , , , , , 
23.0803269, -0.0152743, , , , , , , 23.0803269, -0.0834211, , , , , , , 23.0803269, -0.0162814, , , , , , , 23.0803269, 0.0058747, , , , , , , , , , , , , , , , , , , , , , , , , , , , 
23.0808462, -0.0099031, , , , , , , 23.0808462, -0.0552224, , , , , , , 23.0808462, -0.0293736, , , , , , , 23.0808462, -0.0028534, , , , , , , , , , , , , , , , , , , , , , , , , , , , 
23.0813654, -0.0052033, , , , , , , 23.0813654, -0.0323949, , , , , , , 23.0813654, -0.056733, , , , , , , 23.0813654, -0.0135958, , , , , , , , , , , , , , , , , , , , , , , , , , , , 
23.0818846, -0.0036927, , , , , , , 23.0818846, -0.0135958, , , , , , , 23.0818846, -0.0797284, , , , , , , 23.0818846, -0.0209812, , , , , , , , , , , , , , , , , , , , , , , , , , , , 
23.0824038, -0.0028534, , , , , , , 23.0824038, 0.0011749, , , , , , , 23.0824038, -0.0938277, , , , , , , 23.0824038, -0.0250095, , , , , , , , , , , , , , , , , , , , , , , , , , , , 
23.0829231, -0.0041962, , , , , , , 23.0829231, 0.0115816, , , , , , , 23.0829231, -0.1052415, , , , , , , 23.0829231, -0.0221561, , , , , , , , , , , , , , , , , , , , , , , , , , , , 
23.0834423, -0.0041962, , , , , , , 23.0834423, 0.0182956, , , , , , , 23.0834423, -0.1089342, , , , , , , 23.0834423, -0.01561, , , , , , , , , , , , , , , , , , , , , , , , , , , , 
23.0839615, -0.0028534, , , , , , , 23.0839615, 0.0213169, , , , , , , 23.0839615, -0.0988632, , , , , , , 23.0839615, -0.0095674, , , , , , , , , , , , , , , , , , , , , , , , , , , , 
23.0844808, -0.002182, , , , , , , 23.0844808, 0.0203098, , , , , , , 23.0844808, -0.0874495, , , , , , , 23.0844808, -0.006714, , , , , , , , , , , , , , , , , , , , , , , , , , , , 
23.085, 0.0016785, , , , , , , 23.085, 0.0199741, , , , , , , 23.085, -0.0877852, , , , , , , 23.085, -0.0045319, , , , , , , , , , , , , , , , , , , , , , , , , , , , 
23.0855192, 0.0077211, , , , , , , 23.0855192, 0.0293736, , , , , , , 23.0855192, -0.0955062, , , , , , , 23.0855192, -0.0030213, , , , , , , , , , , , , , , , , , , , , , , , , , , , 
23.0860385, 0.0114137, , , , , , , 23.0860385, 0.0501869, , , , , , , 23.0860385, -0.0975204, , , , , , , 23.0860385, 0.0015106, , , , , , , , , , , , , , , , , , , , , , , , , , , , 
23.0865577, 0.0119173, , , , , , , 23.0865577, 0.0696574, , , , , , , 23.0865577, -0.0830854, , , , , , , 23.0865577, 0.0092317, , , , , , , , , , , , , , , , , , , , , , , , , , , , 
23.0870769, 0.0119173, , , , , , , 23.0870769, 0.0849317, , , , , , , 23.0870769, -0.0515297, , , , , , , 23.0870769, 0.0162814, , , , , , , , , , , , , , , , , , , , , , , , , , , , 
23.0875962, 0.0142672, , , , , , , 23.0875962, 0.0943313, , , , , , , 23.0875962, -0.0209812, , , , , , , 23.0875962, 0.018967, , , , , , , , , , , , , , , , , , , , , , , , , , , , 
23.0881154, 0.0182956, , , , , , , 23.0881154, 0.0931563, , , , , , , 23.0881154, 0.0038605, , , , , , , 23.0881154, 0.0186313, , , , , , , , , , , , , , , , , , , , , , , , , , , , 
23.0886346, 0.0250095, , , , , , , 23.0886346, 0.0736858, , , , , , , 23.0886346, 0.024506, , , , , , , 23.0886346, 0.0172885, , , , , , , , , , , , , , , , , , , , , , , , , , , , 
23.0891538, 0.0354162, , , , , , , 23.0891538, 0.0468299, , , , , , , 23.0891538, 0.0381018, , , , , , , 23.0891538, 0.0182956, , , , , , , , , , , , , , , , , , , , , , , , , , , , 
23.0896731, 0.0417945, , , , , , , 23.0896731, 0.0285344, , , , , , , 23.0896731, 0.0431373, , , , , , , 23.0896731, 0.0226596, , , , , , , , , , , , , , , , , , , , , , , , , , , , 
23.0901923, 0.0475013, , , , , , , 23.0901923, 0.0194705, , , , , , , 23.0901923, 0.0454871, , , , , , , 23.0901923, 0.0263523, , , , , , , , , , , , , , , , , , , , , , , , , , , , 
23.0907115, 0.0572366, , , , , , , 23.0907115, 0.008896, , , , , , , 23.0907115, 0.0498512, , , , , , , 23.0907115, 0.0287022, , , , , , , , , , , , , , , , , , , , , , , , , , , , 
23.0912308, 0.0639506, , , , , , , 23.0912308, -0.0045319, , , , , , , 23.0912308, 0.054551, , , , , , , 23.0912308, 0.0293736, , , , , , , , , , , , , , , , , , , , , , , , , , , , 
23.09175, 0.0626078, , , , , , , 23.09175, -0.0255131, , , , , , , 23.09175, 0.0589151, , , , , , , 23.09175, 0.0263523, , , , , , , , , , , , , , , , , , , , , , , , , , , , 
23.0922692, 0.0607614, , , , , , , 23.0922692, -0.0431373, , , , , , , 23.0922692, 0.0622721, , , , , , , 23.0922692, 0.0193027, , , , , , , , , , , , , , , , , , , , , , , , , , , , 
23.0927885, 0.0552224, , , , , , , 23.0927885, -0.0438087, , , , , , , 23.0927885, 0.0647898, , , , , , , 23.0927885, 0.012253, , , , , , , , , , , , , , , , , , , , , , , , , , , , 
23.0933077, 0.0387732, , , , , , , 23.0933077, -0.0365911, , , , , , , 23.0933077, 0.0673075, , , , , , , 23.0933077, 0.0078889, , , , , , , , , , , , , , , , , , , , , , , , , , , , 
23.0938269, 0.0261845, , , , , , , 23.0938269, -0.0297093, , , , , , , 23.0938269, 0.072343, , , , , , , 23.0938269, 0.0045319, , , , , , , , , , , , , , , , , , , , , , , , , , , , 
23.0943462, 0.0226596, , , , , , , 23.0943462, -0.0125887, , , , , , , 23.0943462, 0.0803998, , , , , , , 23.0943462, -0.0001678, , , , , , , , , , , , , , , , , , , , , , , , , , , , 
23.0948654, 0.01561, , , , , , , 23.0948654, 0.0092317, , , , , , , 23.0948654, 0.0884565, , , , , , , 23.0948654, -0.0041962, , , , , , , , , , , , , , , , , , , , , , , , , , , , 
23.0953846, 0.0035248, , , , , , , 23.0953846, 0.0072175, , , , , , , 23.0953846, 0.0911421, , , , , , , 23.0953846, -0.005539, , , , , , , , , , , , , , , , , , , , , , , , , , , , 
23.0959038, -0.0068818, , , , , , , 23.0959038, -0.0204776, , , , , , , 23.0959038, 0.0847639, , , , , , , 23.0959038, -0.0077211, , , , , , , , , , , , , , , , , , , , , , , , , , , , 
23.0964231, -0.0152743, , , , , , , 23.0964231, -0.0493477, , , , , , , 23.0964231, 0.0725109, , , , , , , 23.0964231, -0.0075532, , , , , , , , , , , , , , , , , , , , , , , , , , , , 
23.0969423, -0.0223239, , , , , , , 23.0969423, -0.0673075, , , , , , , 23.0969423, 0.0595865, , , , , , , 23.0969423, -0.0038605, , , , , , , , , , , , , , , , , , , , , , , , , , , , 
23.0974615, -0.0287022, , , , , , , 23.0974615, -0.0767071, , , , , , , 23.0974615, 0.051194, , , , , , , 23.0974615, -0.0016785, , , , , , , , , , , , , , , , , , , , , , , , , , , , 
23.0979808, -0.0273594, , , , , , , 23.0979808, -0.0746929, , , , , , , 23.0979808, 0.0441444, , , , , , , 23.0979808, 0.0011749, , , , , , , , , , , , , , , , , , , , , , , , , , , , 
23.0985, -0.0203098, , , , , , , 23.0985, -0.0652934, , , , , , , 23.0985, 0.0293736, , , , , , , 23.0985, 0.0011749, , , , , , , , , , , , , , , , , , , , , , , , , , , , 
23.0990192, -0.0149386, , , , , , , 23.0990192, -0.0538796, , , , , , , 23.0990192, -0.002182, , , , , , , 23.0990192, -0.0015106, , , , , , , , , , , , , , , , , , , , , , , , , , , , 
23.0995385, -0.0095674, , , , , , , 23.0995385, -0.0391089, , , , , , , 23.0995385, -0.0407874, , , , , , , 23.0995385, -0.0025177, , , , , , , , , , , , , , , , , , , , , , , , , , , , 
23.1000577, -0.0005035, , , , , , , 23.1000577, -0.0231632, , , , , , , 23.1000577, -0.0726787, , , , , , , 23.1000577, 0.0005035, , , , , , , , , , , , , , , , , , , , , , , , , , , , 
23.1005769, 0.0075532, , , , , , , 23.1005769, -0.0095674, , , , , , , 23.1005769, -0.096849, , , , , , , 23.1005769, 0.0065461, , , , , , , , , , , , , , , , , , , , , , , , , , , , 
23.1010962, 0.0132601, , , , , , , 23.1010962, 0.002182, , , , , , , 23.1010962, -0.1190051, , , , , , , 23.1010962, 0.0127565, , , , , , , , , , , , , , , , , , , , , , , , , , , , 
23.1016154, 0.0186313, , , , , , , 23.1016154, 0.0124208, , , , , , , 23.1016154, -0.1421683, , , , , , , 23.1016154, 0.018967, , , , , , , , , , , , , , , , , , , , , , , , , , , , 
23.1021346, 0.0250095, , , , , , , 23.1021346, 0.0199741, , , , , , , 23.1021346, -0.1641566, , , , , , , 23.1021346, 0.0263523, , , , , , , , , , , , , , , , , , , , , , , , , , , , 
23.1026538, 0.0292058, , , , , , , 23.1026538, 0.0209812, , , , , , , 23.1026538, -0.1777523, , , , , , , 23.1026538, 0.0359197, , , , , , , , , , , , , , , , , , , , , , , , , , , , 
23.1031731, 0.0256809, , , , , , , 23.1031731, 0.0142672, , , , , , , 23.1031731, -0.1686885, , , , , , , 23.1031731, 0.0475013, , , , , , , , , , , , , , , , , , , , , , , , , , , , 
23.1036923, 0.0199741, , , , , , , 23.1036923, 0.0048676, , , , , , , 23.1036923, -0.1304189, , , , , , , 23.1036923, 0.0584115, , , , , , , , , , , , , , , , , , , , , , , , , , , , 
23.1042115, 0.0152743, , , , , , , 23.1042115, 0.0011749, , , , , , , 23.1042115, -0.0780499, , , , , , , 23.1042115, 0.0642863, , , , , , , , , , , , , , , , , , , , , , , , , , , , 
23.1047308, 0.0099031, , , , , , , 23.1047308, 0.0008392, , , , , , , 23.1047308, -0.0370947, , , , , , , 23.1047308, 0.0609293, , , , , , , , , , , , , , , , , , , , , , , , , , , , 
23.10525, 0.0078889, , , , , , , 23.10525, -0.005539, , , , , , , 23.10525, -0.0095674, , , , , , , 23.10525, 0.0522011, , , , , , , , , , , , , , , , , , , , , , , , , , , , 
23.1057692, 0.0112459, , , , , , , 23.1057692, -0.0102388, , , , , , , 23.1057692, 0.0119173, , , , , , , 23.1057692, 0.043473, , , , , , , , , , , , , , , , , , , , , , , , , , , , 
23.1062885, 0.0186313, , , , , , , 23.1062885, -0.0060426, , , , , , , 23.1062885, 0.0293736, , , , , , , 23.1062885, 0.0345769, , , , , , , , , , , , , , , , , , , , , , , , , , , , 
23.1068077, 0.0199741, , , , , , , 23.1068077, 0.0050355, , , , , , , 23.1068077, 0.0381018, , , , , , , 23.1068077, 0.0243381, , , , , , , , , , , , , , , , , , , , , , , , , , , , 
23.1073269, 0.0223239, , , , , , , 23.1073269, 0.0287022, , , , , , , 23.1073269, 0.0433051, , , , , , , 23.1073269, 0.0164492, , , , , , , , , , , , , , , , , , , , , , , , , , , , 
23.1078462, 0.0246738, , , , , , , 23.1078462, 0.0587472, , , , , , , 23.1078462, 0.0515297, , , , , , , 23.1078462, 0.0107424, , , , , , , , , , , , , , , , , , , , , , , , , , , , 
23.1083654, 0.0273594, , , , , , , 23.1083654, 0.0850996, , , , , , , 23.1083654, 0.0609293, , , , , , , 23.1083654, 0.0031891, , , , , , , , , , , , , , , , , , , , , , , , , , , , 
23.1088846, 0.0391089, , , , , , , 23.1088846, 0.0956741, , , , , , , 23.1088846, 0.0679789, , , , , , , 23.1088846, -0.0063783, , , , , , , , , , , , , , , , , , , , , , , , , , , , 
23.1094038, 0.0553902, , , , , , , 23.1094038, 0.0938277, , , , , , , 23.1094038, 0.072343, , , , , , , 23.1094038, -0.0129244, , , , , , , , , , , , , , , , , , , , , , , , , , , , 
23.1099231, 0.0627756, , , , , , , 23.1099231, 0.0867781, , , , , , , 23.1099231, 0.0746929, , , , , , , 23.1099231, -0.0142672, , , , , , , , , , , , , , , , , , , , , , , , , , , , 
23.1104423, 0.0624399, , , , , , , 23.1104423, 0.0636149, , , , , , , 23.1104423, 0.0740215, , , , , , , 23.1104423, -0.0137636, , , , , , , , , , , , , , , , , , , , , , , , , , , , 
23.1109615, 0.063447, , , , , , , 23.1109615, 0.017792, , , , , , , 23.1109615, 0.0753643, , , , , , , 23.1109615, -0.0159457, , , , , , , , , , , , , , , , , , , , , , , , , , , , 
23.1114808, 0.0676432, , , , , , , 23.1114808, -0.0317235, , , , , , , 23.1114808, 0.0807355, , , , , , , 23.1114808, -0.0193027, , , , , , , , , , , , , , , , , , , , , , , , , , , , 
23.112, 0.0666361, , , , , , , 23.112, -0.0626078, , , , , , , 23.112, 0.0874495, , , , , , , 23.112, -0.0236667, , , , , , , , , , , , , , , , , , , , , , , , , , , , 
23.1125192, 0.0575723, , , , , , , 23.1125192, -0.0757, , , , , , , 23.1125192, 0.0877852, , , , , , , 23.1125192, -0.0287022, , , , , , , , , , , , , , , , , , , , , , , , , , , , 
23.1130385, 0.0449836, , , , , , , 23.1130385, -0.0740215, , , , , , , 23.1130385, 0.0785534, , , , , , , 23.1130385, -0.030045, , , , , , , , , , , , , , , , , , , , , , , , , , , , 
23.1135577, 0.0360876, , , , , , , 23.1135577, -0.0585794, , , , , , , 23.1135577, 0.0696574, , , , , , , 23.1135577, -0.0256809, , , , , , , , , , , , , , , , , , , , , , , , , , , , 
23.1140769, 0.0313878, , , , , , , 23.1140769, -0.0451514, , , , , , , 23.1140769, 0.0609293, , , , , , , 23.1140769, -0.0193027, , , , , , , , , , , , , , , , , , , , , , , , , , , , 
23.1145962, 0.0271916, , , , , , , 23.1145962, -0.0399481, , , , , , , 23.1145962, 0.0416266, , , , , , , 23.1145962, -0.0149386, , , , , , , , , , , , , , , , , , , , , , , , , , , , 
23.1151154, 0.0172885, , , , , , , 23.1151154, -0.0352483, , , , , , , 23.1151154, 0.01561, , , , , , , 23.1151154, -0.0072175, , , , , , , , , , , , , , , , , , , , , , , , , , , , 
23.1156346, 0.0045319, , , , , , , 23.1156346, -0.0283665, , , , , , , 23.1156346, -0.012253, , , , , , , 23.1156346, 0.0011749, , , , , , , , , , , , , , , , , , , , , , , , , , , , 
23.1161538, -0.0075532, , , , , , , 23.1161538, -0.0203098, , , , , , , 23.1161538, -0.0411231, , , , , , , 23.1161538, 0.0078889, , , , , , , , , , , , , , , , , , , , , , , , , , , , 
23.1166731, -0.0152743, , , , , , , 23.1166731, -0.0109102, , , , , , , 23.1166731, -0.0710002, , , , , , , 23.1166731, 0.0139315, , , , , , , , , , , , , , , , , , , , , , , , , , , , 
23.1171923, -0.0218204, , , , , , , 23.1171923, 0.0005035, , , , , , , 23.1171923, -0.0976883, , , , , , , 23.1171923, 0.0186313, , , , , , , , , , , , , , , , , , , , , , , , , , , , 
23.1177115, -0.0276951, , , , , , , 23.1177115, 0.0085603, , , , , , , 23.1177115, -0.1203479, , , , , , , 23.1177115, 0.0191348, , , , , , , , , , , , , , , , , , , , , , , , , , , , 
23.1182308, -0.0298772, , , , , , , 23.1182308, 0.0172885, , , , , , , 23.1182308, -0.1404898, , , , , , , 23.1182308, 0.0179599, , , , , , , , , , , , , , , , , , , , , , , , , , , , 
23.11875, -0.0270237, , , , , , , 23.11875, 0.0307164, , , , , , , 23.11875, -0.1545892, , , , , , , 23.11875, 0.0193027, , , , , , , , , , , , , , , , , , , , , , , , , , , , 
23.1192692, -0.0152743, , , , , , , 23.1192692, 0.0357519, , , , , , , 23.1192692, -0.1599603, , , , , , , 23.1192692, 0.0236667, , , , , , , , , , , , , , , , , , , , , , , , , , , , 
23.1197885, -0.0008392, , , , , , , 23.1197885, 0.0260166, , , , , , , 23.1197885, -0.1572747, , , , , , , 23.1197885, 0.0313878, , , , , , , , , , , , , , , , , , , , , , , , , , , , 
23.1203077, 0.0031891, , , , , , , 23.1203077, 0.0129244, , , , , , , 23.1203077, -0.1493858, , , , , , , 23.1203077, 0.0475013, , , , , , , , , , , , , , , , , , , , , , , , , , , , 
23.1208269, -0.0028534, , , , , , , 23.1208269, 0.0135958, , , , , , , 23.1208269, -0.1371328, , , , , , , 23.1208269, 0.0681468, , , , , , , , , , , , , , , , , , , , , , , , , , , , 
23.1213462, -0.0090639, , , , , , , 23.1213462, 0.0182956, , , , , , , 23.1213462, -0.1223621, , , , , , , 23.1213462, 0.0814069, , , , , , , , , , , , , , , , , , , , , , , , , , , , 
23.1218654, -0.0082246, , , , , , , 23.1218654, 0.0072175, , , , , , , 23.1218654, -0.1096056, , , , , , , 23.1218654, 0.0810712, , , , , , , , , , , , , , , , , , , , , , , , , , , , 
23.1223846, -0.005539, , , , , , , 23.1223846, -0.0129244, , , , , , , 23.1223846, -0.102388, , , , , , , 23.1223846, 0.072343, , , , , , , , , , , , , , , , , , , , , , , , , , , , 
23.1229038, -0.0082246, , , , , , , 23.1229038, -0.0320592, , , , , , , 23.1229038, -0.0894636, , , , , , , 23.1229038, 0.0602579, , , , , , , , , , , , , , , , , , , , , , , , , , , , 
23.1234231, -0.011078, , , , , , , 23.1234231, -0.0538796, , , , , , , 23.1234231, -0.0589151, , , , , , , 23.1234231, 0.0459907, , , , , , , , , , , , , , , , , , , , , , , , , , , , 
23.1239423, -0.0109102, , , , , , , 23.1239423, -0.0614328, , , , , , , 23.1239423, -0.0199741, , , , , , , 23.1239423, 0.0303807, , , , , , , , , , , , , , , , , , , , , , , , , , , , 
23.1244615, -0.011078, , , , , , , 23.1244615, -0.051194, , , , , , , 23.1244615, 0.0130922, , , , , , , 23.1244615, 0.01561, , , , , , , , , , , , , , , , , , , , , , , , , , , , 
23.1249808, -0.0139315, , , , , , , 23.1249808, -0.0414588, , , , , , , 23.1249808, 0.0382696, , , , , , , 23.1249808, 0.0048676, , , , , , , , , , , , , , , , , , , , , , , , , , , , 
23.1255, -0.0176242, , , , , , , 23.1255, -0.0273594, , , , , , , 23.1255, 0.0589151, , , , , , , 23.1255, -0.0003357, , , , , , , , , , , , , , , , , , , , , , , , , , , , 
23.1260192, -0.0169528, , , , , , , 23.1260192, -0.0250095, , , , , , , 23.1260192, 0.0736858, , , , , , , 23.1260192, -0.0048676, , , , , , , , , , , , , , , , , , , , , , , , , , , , 
23.1265385, -0.0125887, , , , , , , 23.1265385, -0.0451514, , , , , , , 23.1265385, 0.0780499, , , , , , , 23.1265385, -0.0112459, , , , , , , , , , , , , , , , , , , , , , , , , , , , 
23.1270577, -0.0095674, , , , , , , 23.1270577, -0.0609293, , , , , , , 23.1270577, 0.0730144, , , , , , , 23.1270577, -0.0157778, , , , , , , , , , , , , , , , , , , , , , , , , , , , 
23.1275769, -0.0083925, , , , , , , 23.1275769, -0.063447, , , , , , , 23.1275769, 0.0602579, , , , , , , 23.1275769, -0.0182956, , , , , , , , , , , , , , , , , , , , , , , , , , , , 
23.1280962, -0.0035248, , , , , , , 23.1280962, -0.0605936, , , , , , , 23.1280962, 0.0417945, , , , , , , 23.1280962, -0.0216526, , , , , , , , , , , , , , , , , , , , , , , , , , , , 
23.1286154, 0.0058747, , , , , , , 23.1286154, -0.0513619, , , , , , , 23.1286154, 0.0226596, , , , , , , 23.1286154, -0.0236667, , , , , , , , , , , , , , , , , , , , , , , , , , , , 
23.1291346, 0.0184634, , , , , , , 23.1291346, -0.0394446, , , , , , , 23.1291346, 0.0048676, , , , , , , 23.1291346, -0.0258488, , , , , , , , , , , , , , , , , , , , , , , , , , , , 
23.1296538, 0.0280308, , , , , , , 23.1296538, -0.0391089, , , , , , , 23.1296538, -0.0095674, , , , , , , 23.1296538, -0.0246738, , , , , , , , , , , , , , , , , , , , , , , , , , , , 
23.1301731, 0.0374304, , , , , , , 23.1301731, -0.0538796, , , , , , , 23.1301731, -0.0149386, , , , , , , 23.1301731, -0.0203098, , , , , , , , , , , , , , , , , , , , , , , , , , , , 
23.1306923, 0.0505226, , , , , , , 23.1306923, -0.0609293, , , , , , , 23.1306923, -0.0085603, , , , , , , 23.1306923, -0.0179599, , , , , , , , , , , , , , , , , , , , , , , , , , , , 
23.1312115, 0.063447, , , , , , , 23.1312115, -0.0498512, , , , , , , 23.1312115, 0.0099031, , , , , , , 23.1312115, -0.0149386, , , , , , , , , , , , , , , , , , , , , , , , , , , , 
23.1317308, 0.0676432, , , , , , , 23.1317308, -0.0297093, , , , , , , 23.1317308, 0.0315557, , , , , , , 23.1317308, -0.0095674, , , , , , , , , , , , , , , , , , , , , , , , , , , , 
23.13225, 0.0616007, , , , , , , 23.13225, -0.0142672, , , , , , , 23.13225, 0.0458228, , , , , , , 23.13225, -0.0028534, , , , , , , , , , , , , , , , , , , , , , , , , , , , 
23.1327692, 0.0552224, , , , , , , 23.1327692, -0.0010071, , , , , , , 23.1327692, 0.0522011, , , , , , , 23.1327692, 0.0016785, , , , , , , , , , , , , , , , , , , , , , , , , , , , 
23.1332885, 0.0522011, , , , , , , 23.1332885, 0.0109102, , , , , , , 23.1332885, 0.0555581, , , , , , , 23.1332885, 0.0015106, , , , , , , , , , , , , , , , , , , , , , , , , , , , 
23.1338077, 0.0468299, , , , , , , 23.1338077, 0.0179599, , , , , , , 23.1338077, 0.0622721, , , , , , , 23.1338077, 0.0013428, , , , , , , , , , , , , , , , , , , , , , , , , , , , 
23.1343269, 0.036759, , , , , , , 23.1343269, 0.0179599, , , , , , , 23.1343269, 0.0659648, , , , , , , 23.1343269, 0.0058747, , , , , , , , , , , , , , , , , , , , , , , , , , , , 
23.1348462, 0.0199741, , , , , , , 23.1348462, 0.0166171, , , , , , , 23.1348462, 0.0629435, , , , , , , 23.1348462, 0.0125887, , , , , , , , , , , , , , , , , , , , , , , , , , , , 
23.1353654, 0.0025177, , , , , , , 23.1353654, 0.0186313, , , , , , , 23.1353654, 0.0569009, , , , , , , 23.1353654, 0.0179599, , , , , , , , , , , , , , , , , , , , , , , , , , , , 
23.1358846, -0.0130922, , , , , , , 23.1358846, 0.0263523, , , , , , , 23.1358846, 0.051194, , , , , , , 23.1358846, 0.0246738, , , , , , , , , , , , , , , , , , , , , , , , , , , , 
23.1364038, -0.0240024, , , , , , , 23.1364038, 0.0317235, , , , , , , 23.1364038, 0.0439765, , , , , , , 23.1364038, 0.0293736, , , , , , , , , , , , , , , , , , , , , , , , , , , , 
23.1369231, -0.0320592, , , , , , , 23.1369231, 0.0297093, , , , , , , 23.1369231, 0.0384375, , , , , , , 23.1369231, 0.0320592, , , , , , , , , , , , , , , , , , , , , , , , , , , , 
23.1374423, -0.0424659, , , , , , , 23.1374423, 0.0213169, , , , , , , 23.1374423, 0.0307164, , , , , , , 23.1374423, 0.0347448, , , , , , , , , , , , , , , , , , , , , , , , , , , , 
23.1379615, -0.0498512, , , , , , , 23.1379615, 0.0058747, , , , , , , 23.1379615, 0.0172885, , , , , , , 23.1379615, 0.0360876, , , , , , , , , , , , , , , , , , , , , , , , , , , , 
23.1384808, -0.0485084, , , , , , , 23.1384808, -0.0102388, , , , , , , 23.1384808, 0.0001678, , , , , , , 23.1384808, 0.0357519, , , , , , , , , , , , , , , , , , , , , , , , , , , , 
23.139, -0.0347448, , , , , , , 23.139, -0.0151064, , , , , , , 23.139, -0.0280308, , , , , , , 23.139, 0.0379339, , , , , , , , , , , , , , , , , , , , , , , , , , , , 
23.1395192, -0.0172885, , , , , , , 23.1395192, -0.0058747, , , , , , , 23.1395192, -0.0716716, , , , , , , 23.1395192, 0.0475013, , , , , , , , , , , , , , , , , , , , , , , , , , , , 
23.1400385, -0.005539, , , , , , , 23.1400385, 0.0031891, , , , , , , 23.1400385, -0.1122911, , , , , , , 23.1400385, 0.0616007, , , , , , , , , , , , , , , , , , , , , , , , , , , , 
23.1405577, 0.0018463, , , , , , , 23.1405577, 0.0008392, , , , , , , 23.1405577, -0.1304189, , , , , , , 23.1405577, 0.0669718, , , , , , , , , , , , , , , , , , , , , , , , , , , , 
23.1410769, 0.0062104, , , , , , , 23.1410769, -0.0030213, , , , , , , 23.1410769, -0.1257191, , , , , , , 23.1410769, 0.057908, , , , , , , , , , , , , , , , , , , , , , , , , , , , 
23.1415962, 0.0085603, , , , , , , 23.1415962, 0.0016785, , , , , , , 23.1415962, -0.1059129, , , , , , , 23.1415962, 0.0421302, , , , , , , , , , , , , , , , , , , , , , , , , , , , 
23.1421154, 0.0099031, , , , , , , 23.1421154, 0.0041962, , , , , , , 23.1421154, -0.0867781, , , , , , , 23.1421154, 0.026688, , , , , , , , , , , , , , , , , , , , , , , , , , , , 
23.1426346, 0.0102388, , , , , , , 23.1426346, 0.0018463, , , , , , , 23.1426346, -0.0730144, , , , , , , 23.1426346, 0.0129244, , , , , , , , , , , , , , , , , , , , , , , , , , , , 
23.1431538, 0.0119173, , , , , , , 23.1431538, -0.0062104, , , , , , , 23.1431538, -0.061265, , , , , , , 23.1431538, 0.0011749, , , , , , , , , , , , , , , , , , , , , , , , , , , , 
23.1436731, 0.0132601, , , , , , , 23.1436731, -0.0198062, , , , , , , 23.1436731, -0.0471656, , , , , , , 23.1436731, -0.0058747, , , , , , , , , , , , , , , , , , , , , , , , , , , , 
23.1441923, 0.0119173, , , , , , , 23.1441923, -0.0337377, , , , , , , 23.1441923, -0.0337377, , , , , , , 23.1441923, -0.0065461, , , , , , , , , , , , , , , , , , , , , , , , , , , , 
23.1447115, 0.0109102, , , , , , , 23.1447115, -0.0404517, , , , , , , 23.1447115, -0.0238346, , , , , , , 23.1447115, -0.0028534, , , , , , , , , , , , , , , , , , , , , , , , , , , , 
23.1452308, 0.0109102, , , , , , , 23.1452308, -0.0411231, , , , , , , 23.1452308, -0.0196384, , , , , , , 23.1452308, -0.0028534, , , , , , , , , , , , , , , , , , , , , , , , , , , , 
23.14575, 0.0109102, , , , , , , 23.14575, -0.0364233, , , , , , , 23.14575, -0.0176242, , , , , , , 23.14575, -0.0025177, , , , , , , , , , , , , , , , , , , , , , , , , , , , 
23.1462692, 0.0179599, , , , , , , 23.1462692, -0.0228275, , , , , , , 23.1462692, -0.0135958, , , , , , , 23.1462692, -0.0001678, , , , , , , , , , , , , , , , , , , , , , , , , , , , 
23.1467885, 0.0307164, , , , , , , 23.1467885, 0.0041962, , , , , , , 23.1467885, -0.0149386, , , , , , , 23.1467885, -0.0015106, , , , , , , , , , , , , , , , , , , , , , , , , , , , 
23.1473077, 0.0354162, , , , , , , 23.1473077, 0.0317235, , , , , , , 23.1473077, -0.01561, , , , , , , 23.1473077, -0.005539, , , , , , , , , , , , , , , , , , , , , , , , , , , , 
23.1478269, 0.036759, , , , , , , 23.1478269, 0.0354162, , , , , , , 23.1478269, -0.0082246, , , , , , , 23.1478269, -0.0078889, , , , , , , , , , , , , , , , , , , , , , , , , , , , 
23.1483462, 0.0419623, , , , , , , 23.1483462, 0.0213169, , , , , , , 23.1483462, 0.0016785, , , , , , , 23.1483462, -0.0099031, , , , , , , , , , , , , , , , , , , , , , , , , , , , 
23.1488654, 0.0548867, , , , , , , 23.1488654, 0.0115816, , , , , , , 23.1488654, 0.0075532, , , , , , , 23.1488654, -0.0129244, , , , , , , , , , , , , , , , , , , , , , , , , , , , 
23.1493846, 0.0676432, , , , , , , 23.1493846, 0.01561, , , , , , , 23.1493846, 0.0129244, , , , , , , 23.1493846, -0.012253, , , , , , , , , , , , , , , , , , , , , , , , , , , , 
23.1499038, 0.0696574, , , , , , , 23.1499038, 0.0260166, , , , , , , 23.1499038, 0.0184634, , , , , , , 23.1499038, -0.008896, , , , , , , , , , , , , , , , , , , , , , , , , , , , 
23.1504231, 0.0721752, , , , , , , 23.1504231, 0.0357519, , , , , , , 23.1504231, 0.0251774, , , , , , , 23.1504231, -0.0008392, , , , , , , , , , , , , , , , , , , , , , , , , , , , 
23.1509423, 0.0773785, , , , , , , 23.1509423, 0.0428016, , , , , , , 23.1509423, 0.0307164, , , , , , , 23.1509423, 0.0102388, , , , , , , , , , , , , , , , , , , , , , , , , , , , 
23.1514615, 0.0757, , , , , , , 23.1514615, 0.0468299, , , , , , , 23.1514615, 0.0377661, , , , , , , 23.1514615, 0.0199741, , , , , , , , , , , , , , , , , , , , , , , , , , , , 
23.1519808, 0.0716716, , , , , , , 23.1519808, 0.0387732, , , , , , , 23.1519808, 0.0488441, , , , , , , 23.1519808, 0.0240024, , , , , , , , , , , , , , , , , , , , , , , , , , , , 
23.1525, 0.0656291, , , , , , , 23.1525, 0.0105745, , , , , , , 23.1525, 0.064622, , , , , , , 23.1525, 0.0260166, , , , , , , , , , , , , , , , , , , , , , , , , , , , 
23.1530192, 0.0569009, , , , , , , 23.1530192, -0.0035248, , , , , , , 23.1530192, 0.0842603, , , , , , , 23.1530192, 0.0283665, , , , , , , , , , , , , , , , , , , , , , , , , , , , 
23.1535385, 0.0486763, , , , , , , 23.1535385, 0.0243381, , , , , , , 23.1535385, 0.0978561, , , , , , , 23.1535385, 0.0280308, , , , , , , , , , , , , , , , , , , , , , , , , , , , 
23.1540577, 0.0404517, , , , , , , 23.1540577, 0.0783856, , , , , , , 23.1540577, 0.1037308, , , , , , , 23.1540577, 0.0240024, , , , , , , , , , , , , , , , , , , , , , , , , , , , 
23.1545769, 0.0273594, , , , , , , 23.1545769, 0.1138018, , , , , , , 23.1545769, 0.1079271, , , , , , , 23.1545769, 0.0236667, , , , , , , , , , , , , , , , , , , , , , , , , , , , 
23.1550962, 0.0105745, , , , , , , 23.1550962, 0.103563, , , , , , , 23.1550962, 0.1153124, , , , , , , 23.1550962, 0.0320592, , , , , , , , , , , , , , , , , , , , , , , , , , , , 
23.1556154, -0.003357, , , , , , , 23.1556154, 0.0574044, , , , , , , 23.1556154, 0.1186694, , , , , , , 23.1556154, 0.0402838, , , , , , , , , , , , , , , , , , , , , , , , , , , , 
23.1561346, -0.0102388, , , , , , , 23.1561346, -0.0016785, , , , , , , 23.1561346, 0.1070878, , , , , , , 23.1561346, 0.0387732, , , , , , , , , , , , , , , , , , , , , , , , , , , , 
23.1566538, -0.0216526, , , , , , , 23.1566538, -0.0572366, , , , , , , 23.1566538, 0.0809033, , , , , , , 23.1566538, 0.0359197, , , , , , , , , , , , , , , , , , , , , , , , , , , , 
23.1571731, -0.0370947, , , , , , , 23.1571731, -0.1119554, , , , , , , 23.1571731, 0.0461585, , , , , , , 23.1571731, 0.0391089, , , , , , , , , , , , , , , , , , , , , , , , , , , , 
23.1576923, -0.0498512, , , , , , , 23.1576923, -0.1628138, , , , , , , 23.1576923, 0.0090639, , , , , , , 23.1576923, 0.0459907, , , , , , , , , , , , , , , , , , , , , , , , , , , , 
23.1582115, -0.0572366, , , , , , , 23.1582115, -0.1921874, , , , , , , 23.1582115, -0.0258488, , , , , , , 23.1582115, 0.0506905, , , , , , , , , , , , , , , , , , , , , , , , , , , , 
23.1587308, -0.0589151, , , , , , , 23.1587308, -0.1827878, , , , , , , 23.1587308, -0.0528725, , , , , , , 23.1587308, 0.0466621, , , , , , , , , , , , , , , , , , , , , , , , , , , , 
23.15925, -0.0528725, , , , , , , 23.15925, -0.1468681, , , , , , , 23.15925, -0.0741894, , , , , , , 23.15925, 0.0364233, , , , , , , , , , , , , , , , , , , , , , , , , , , , 
23.1597692, -0.0391089, , , , , , , 23.1597692, -0.1045701, , , , , , , 23.1597692, -0.096849, , , , , , , 23.1597692, 0.0250095, , , , , , , , , , , , , , , , , , , , , , , , , , , , 
23.1602885, -0.0290379, , , , , , , 23.1602885, -0.0706645, , , , , , , 23.1602885, -0.128069, , , , , , , 23.1602885, 0.0146029, , , , , , , , , , , , , , , , , , , , , , , , , , , , 
23.1608077, -0.0256809, , , , , , , 23.1608077, -0.0453193, , , , , , , 23.1608077, -0.1559319, , , , , , , 23.1608077, 0.0072175, , , , , , , , , , , , , , , , , , , , , , , , , , , , 
23.1613269, -0.0198062, , , , , , , 23.1613269, -0.0179599, , , , , , , 23.1613269, -0.1639887, , , , , , , 23.1613269, 0.0031891, , , , , , , , , , , , , , , , , , , , , , , , , , , , 
23.1618462, -0.0109102, , , , , , , 23.1618462, -0.0015106, , , , , , , 23.1618462, -0.1545892, , , , , , , 23.1618462, 0.0005035, , , , , , , , , , , , , , , , , , , , , , , , , , , , 
23.1623654, -0.0035248, , , , , , , 23.1623654, -0.008896, , , , , , , 23.1623654, -0.1384756, , , , , , , 23.1623654, -0.0035248, , , , , , , , , , , , , , , , , , , , , , , , , , , , 
23.1628846, 0.0038605, , , , , , , 23.1628846, -0.0226596, , , , , , , 23.1628846, -0.1211872, , , , , , , 23.1628846, -0.005539, , , , , , , , , , , , , , , , , , , , , , , , , , , , 
23.1634038, 0.0119173, , , , , , , 23.1634038, -0.0270237, , , , , , , 23.1634038, -0.1072557, , , , , , , 23.1634038, -0.0058747, , , , , , , , , , , , , , , , , , , , , , , , , , , , 
23.1639231, 0.0172885, , , , , , , 23.1639231, -0.0139315, , , , , , , 23.1639231, -0.0928206, , , , , , , 23.1639231, -0.005539, , , , , , , , , , , , , , , , , , , , , , , , , , , , 
23.1644423, 0.0209812, , , , , , , 23.1644423, 0.0139315, , , , , , , 23.1644423, -0.0716716, , , , , , , 23.1644423, -0.0031891, , , , , , , , , , , , , , , , , , , , , , , , , , , , 
23.1649615, 0.0251774, , , , , , , 23.1649615, 0.0394446, , , , , , , 23.1649615, -0.0384375, , , , , , , 23.1649615, 0.0062104, , , , , , , , , , , , , , , , , , , , , , , , , , , , 
23.1654808, 0.024506, , , , , , , 23.1654808, 0.0461585, , , , , , , 23.1654808, 0.0038605, , , , , , , 23.1654808, 0.0172885, , , , , , , , , , , , , , , , , , , , , , , , , , , , 
23.166, 0.0191348, , , , , , , 23.166, 0.0370947, , , , , , , 23.166, 0.0397803, , , , , , , 23.166, 0.0226596, , , , , , , , , , , , , , , , , , , , , , , , , , , , 
23.1665192, 0.0159457, , , , , , , 23.1665192, 0.0280308, , , , , , , 23.1665192, 0.0626078, , , , , , , 23.1665192, 0.0203098, , , , , , , , , , , , , , , , , , , , , , , , , , , , 
23.1670385, 0.0172885, , , , , , , 23.1670385, 0.030045, , , , , , , 23.1670385, 0.0803998, , , , , , , 23.1670385, 0.0146029, , , , , , , , , , , , , , , , , , , , , , , , , , , , 
23.1675577, 0.0193027, , , , , , , 23.1675577, 0.0454871, , , , , , , 23.1675577, 0.0963455, , , , , , , 23.1675577, 0.0052033, , , , , , , , , , , , , , , , , , , , , , , , , , , , 
23.1680769, 0.0209812, , , , , , , 23.1680769, 0.0715038, , , , , , , 23.1680769, 0.1018845, , , , , , , 23.1680769, -0.0052033, , , , , , , , , , , , , , , , , , , , , , , , , , , , 
23.1685962, 0.0307164, , , , , , , 23.1685962, 0.0976883, , , , , , , 23.1685962, 0.093492, , , , , , , 23.1685962, -0.014435, , , , , , , , , , , , , , , , , , , , , , , , , , , , 
23.1691154, 0.0485084, , , , , , , 23.1691154, 0.1072557, , , , , , , 23.1691154, 0.0753643, , , , , , , 23.1691154, -0.0223239, , , , , , , , , , , , , , , , , , , , , , , , , , , , 
23.1696346, 0.0610971, , , , , , , 23.1696346, 0.0985275, , , , , , , 23.1696346, 0.0515297, , , , , , , 23.1696346, -0.0287022, , , , , , , , , , , , , , , , , , , , , , , , , , , , 
23.1701538, 0.0681468, , , , , , , 23.1701538, 0.082414, , , , , , , 23.1701538, 0.0256809, , , , , , , 23.1701538, -0.0327306, , , , , , , , , , , , , , , , , , , , , , , , , , , , 
23.1706731, 0.0730144, , , , , , , 23.1706731, 0.0595865, , , , , , , 23.1706731, 0.0035248, , , , , , , 23.1706731, -0.0327306, , , , , , , , , , , , , , , , , , , , , , , , , , , , 
23.1711923, 0.0777142, , , , , , , 23.1711923, 0.0337377, , , , , , , 23.1711923, -0.01561, , , , , , , 23.1711923, -0.027863, , , , , , , , , , , , , , , , , , , , , , , , , , , , 
23.1717115, 0.0850996, , , , , , , 23.1717115, 0.0125887, , , , , , , 23.1717115, -0.0303807, , , , , , , 23.1717115, -0.0196384, , , , , , , , , , , , , , , , , , , , , , , , , , , , 
23.1722308, 0.0840925, , , , , , , 23.1722308, -0.0135958, , , , , , , 23.1722308, -0.0464942, , , , , , , 23.1722308, -0.0115816, , , , , , , , , , , , , , , , , , , , , , , , , , , , 
23.17275, 0.0716716, , , , , , , 23.17275, -0.0493477, , , , , , , 23.17275, -0.0656291, , , , , , , 23.17275, -0.0062104, , , , , , , , , , , , , , , , , , , , , , , , , , , , 
23.1732692, 0.0594186, , , , , , , 23.1732692, -0.073518, , , , , , , 23.1732692, -0.0814069, , , , , , , 23.1732692, -0.0023499, , , , , , , , , , , , , , , , , , , , , , , , , , , , 
23.1737885, 0.0498512, , , , , , , 23.1737885, -0.0716716, , , , , , , 23.1737885, -0.0887922, , , , , , , 23.1737885, -0.0001678, , , , , , , , , , , , , , , , , , , , , , , , , , , , 
23.1743077, 0.0332341, , , , , , , 23.1743077, -0.0575723, , , , , , , 23.1743077, -0.0874495, , , , , , , 23.1743077, 0.0030213, , , , , , , , , , , , , , , , , , , , , , , , , , , , 
23.1748269, 0.0139315, , , , , , , 23.1748269, -0.0555581, , , , , , , 23.1748269, -0.0787213, , , , , , , 23.1748269, 0.0109102, , , , , , , , , , , , , , , , , , , , , , , , , , , , 
23.1753462, -0.0052033, , , , , , , 23.1753462, -0.0706645, , , , , , , 23.1753462, -0.0632792, , , , , , , 23.1753462, 0.0206455, , , , , , , , , , , , , , , , , , , , , , , , , , , , 
23.1758654, -0.023331, , , , , , , 23.1758654, -0.0834211, , , , , , , 23.1758654, -0.0485084, , , , , , , 23.1758654, 0.0307164, , , , , , , , , , , , , , , , , , , , , , , , , , , , 
23.1763846, -0.036759, , , , , , , 23.1763846, -0.0696574, , , , , , , 23.1763846, -0.0354162, , , , , , , 23.1763846, 0.0407874, , , , , , , , , , , , , , , , , , , , , , , , , , , , 
23.1769038, -0.0475013, , , , , , , 23.1769038, -0.0369268, , , , , , , 23.1769038, -0.0199741, , , , , , , 23.1769038, 0.0473335, , , , , , , , , , , , , , , , , , , , , , , , , , , , 
23.1774231, -0.0592508, , , , , , , 23.1774231, -0.0223239, , , , , , , 23.1774231, -0.0035248, , , , , , , 23.1774231, 0.0513619, , , , , , , , , , , , , , , , , , , , , , , , , , , , 
23.1779423, -0.0659648, , , , , , , 23.1779423, -0.0407874, , , , , , , 23.1779423, 0.0006714, , , , , , , 23.1779423, 0.0493477, , , , , , , , , , , , , , , , , , , , , , , , , , , , 
23.1784615, -0.0629435, , , , , , , 23.1784615, -0.0753643, , , , , , , 23.1784615, -0.008896, , , , , , , 23.1784615, 0.0414588, , , , , , , , , , , , , , , , , , , , , , , , , , , , 
23.1789808, -0.0515297, , , , , , , 23.1789808, -0.1008774, , , , , , , 23.1789808, -0.0209812, , , , , , , 23.1789808, 0.033402, , , , , , , , , , , , , , , , , , , , , , , , , , , , 
23.1795, -0.0364233, , , , , , , 23.1795, -0.0981918, , , , , , , 23.1795, -0.0213169, , , , , , , 23.1795, 0.0273594, , , , , , , , , , , , , , , , , , , , , , , , , , , , 
23.1800192, -0.0256809, , , , , , , 23.1800192, -0.0746929, , , , , , , 23.1800192, -0.0085603, , , , , , , 23.1800192, 0.0209812, , , , , , , , , , , , , , , , , , , , , , , , , , , , 
23.1805385, -0.0169528, , , , , , , 23.1805385, -0.0565652, , , , , , , 23.1805385, 0.0058747, , , , , , , 23.1805385, 0.0124208, , , , , , , , , , , , , , , , , , , , , , , , , , , , 
23.1810577, -0.008896, , , , , , , 23.1810577, -0.0515297, , , , , , , 23.1810577, 0.0105745, , , , , , , 23.1810577, -0.0001678, , , , , , , , , , , , , , , , , , , , , , , , , , , , 
23.1815769, -0.0031891, , , , , , , 23.1815769, -0.0468299, , , , , , , 23.1815769, 0.0011749, , , , , , , 23.1815769, -0.0104067, , , , , , , , , , , , , , , , , , , , , , , , , , , , 
23.1820962, -0.0001678, , , , , , , 23.1820962, -0.0317235, , , , , , , 23.1820962, -0.0135958, , , , , , , 23.1820962, -0.0132601, , , , , , , , , , , , , , , , , , , , , , , , , , , , 
23.1826154, -0.0001678, , , , , , , 23.1826154, -0.0102388, , , , , , , 23.1826154, -0.0236667, , , , , , , 23.1826154, -0.0102388, , , , , , , , , , , , , , , , , , , , , , , , , , , , 
23.1831346, 0.0036927, , , , , , , 23.1831346, 0.0087282, , , , , , , 23.1831346, -0.021149, , , , , , , 23.1831346, -0.0075532, , , , , , , , , , , , , , , , , , , , , , , , , , , , 
23.1836538, 0.0092317, , , , , , , 23.1836538, 0.0213169, , , , , , , 23.1836538, -0.0135958, , , , , , , 23.1836538, -0.0072175, , , , , , , , , , , , , , , , , , , , , , , , , , , , 
23.1841731, 0.0115816, , , , , , , 23.1841731, 0.0347448, , , , , , , 23.1841731, -0.0031891, , , , , , , 23.1841731, -0.0068818, , , , , , , , , , , , , , , , , , , , , , , , , , , , 
23.1846923, 0.0137636, , , , , , , 23.1846923, 0.0557259, , , , , , , 23.1846923, 0.0162814, , , , , , , 23.1846923, -0.0065461, , , , , , , , , , , , , , , , , , , , , , , , , , , , 
23.1852115, 0.0196384, , , , , , , 23.1852115, 0.0773785, , , , , , , 23.1852115, 0.0377661, , , , , , , 23.1852115, -0.0058747, , , , , , , , , , , , , , , , , , , , , , , , , , , , 
23.1857308, 0.0270237, , , , , , , 23.1857308, 0.0891279, , , , , , , 23.1857308, 0.0548867, , , , , , , 23.1857308, -0.0062104, , , , , , , , , , , , , , , , , , , , , , , , , , , , 
23.18625, 0.0357519, , , , , , , 23.18625, 0.0921492, , , , , , , 23.18625, 0.0673075, , , , , , , 23.18625, -0.005539, , , , , , , , , , , , , , , , , , , , , , , , , , , , 
23.1867692, 0.0411231, , , , , , , 23.1867692, 0.0877852, , , , , , , 23.1867692, 0.0741894, , , , , , , 23.1867692, -0.0001678, , , , , , , , , , , , , , , , , , , , , , , , , , , , 
23.1872885, 0.0431373, , , , , , , 23.1872885, 0.0743572, , , , , , , 23.1872885, 0.0741894, , , , , , , 23.1872885, 0.0090639, , , , , , , , , , , , , , , , , , , , , , , , , , , , 
23.1878077, 0.0397803, , , , , , , 23.1878077, 0.0616007, , , , , , , 23.1878077, 0.0710002, , , , , , , 23.1878077, 0.0146029, , , , , , , , , , , , , , , , , , , , , , , , , , , , 
23.1883269, 0.0438087, , , , , , , 23.1883269, 0.0493477, , , , , , , 23.1883269, 0.0686503, , , , , , , 23.1883269, 0.0226596, , , , , , , , , , , , , , , , , , , , , , , , , , , , 
23.1888462, 0.0542153, , , , , , , 23.1888462, 0.0307164, , , , , , , 23.1888462, 0.0673075, , , , , , , 23.1888462, 0.0360876, , , , , , , , , , , , , , , , , , , , , , , , , , , , 
23.1893654, 0.0629435, , , , , , , 23.1893654, 0.0045319, , , , , , , 23.1893654, 0.0641184, , , , , , , 23.1893654, 0.0495155, , , , , , , , , , , , , , , , , , , , , , , , , , , , 
23.1898846, 0.0696574, , , , , , , 23.1898846, -0.0125887, , , , , , , 23.1898846, 0.0558938, , , , , , , 23.1898846, 0.0565652, , , , , , , , , , , , , , , , , , , , , , , , , , , , 
23.1904038, 0.0713359, , , , , , , 23.1904038, -0.0162814, , , , , , , 23.1904038, 0.04448, , , , , , , 23.1904038, 0.0548867, , , , , , , , , , , , , , , , , , , , , , , , , , , , 
23.1909231, 0.0736858, , , , , , , 23.1909231, -0.0340734, , , , , , , 23.1909231, 0.0307164, , , , , , , 23.1909231, 0.0501869, , , , , , , , , , , , , , , , , , , , , , , , , , , , 
23.1914423, 0.0730144, , , , , , , 23.1914423, -0.072343, , , , , , , 23.1914423, 0.0199741, , , , , , , 23.1914423, 0.0431373, , , , , , , , , , , , , , , , , , , , , , , , , , , , 
23.1919615, 0.0683146, , , , , , , 23.1919615, -0.0965133, , , , , , , 23.1919615, 0.0159457, , , , , , , 23.1919615, 0.0350805, , , , , , , , , , , , , , , , , , , , , , , , , , , , 
23.1924808, 0.063447, , , , , , , 23.1924808, -0.0904707, , , , , , , 23.1924808, 0.0152743, , , , , , , 23.1924808, 0.026688, , , , , , , , , , , , , , , , , , , , , , , , , , , , 
23.193, 0.0572366, , , , , , , 23.193, -0.066804, , , , , , , 23.193, 0.0058747, , , , , , , 23.193, 0.0193027, , , , , , , , , , , , , , , , , , , , , , , , , , , , 
23.1935192, 0.0461585, , , , , , , 23.1935192, -0.0374304, , , , , , , 23.1935192, -0.0149386, , , , , , , 23.1935192, 0.0149386, , , , , , , , , , , , , , , , , , , , , , , , , , , , 
23.1940385, 0.0330663, , , , , , , 23.1940385, -0.0142672, , , , , , , 23.1940385, -0.0377661, , , , , , , 23.1940385, 0.0125887, , , , , , , , , , , , , , , , , , , , , , , , , , , , 
23.1945577, 0.0209812, , , , , , , 23.1945577, 0.0023499, , , , , , , 23.1945577, -0.0555581, , , , , , , 23.1945577, 0.0075532, , , , , , , , , , , , , , , , , , , , , , , , , , , , 
23.1950769, 0.0082246, , , , , , , 23.1950769, 0.0112459, , , , , , , 23.1950769, -0.0713359, , , , , , , 23.1950769, 0.0043641, , , , , , , , , , , , , , , , , , , , , , , , , , , , 
23.1955962, -0.0077211, , , , , , , 23.1955962, 0.0025177, , , , , , , 23.1955962, -0.0938277, , , , , , , 23.1955962, 0.0077211, , , , , , , , , , , , , , , , , , , , , , , , , , , , 
23.1961154, -0.0226596, , , , , , , 23.1961154, -0.0087282, , , , , , , 23.1961154, -0.1243763, , , , , , , 23.1961154, 0.0125887, , , , , , , , , , , , , , , , , , , , , , , , , , , , 
23.1966346, -0.0350805, , , , , , , 23.1966346, -0.0052033, , , , , , , 23.1966346, -0.1508965, , , , , , , 23.1966346, 0.0142672, , , , , , , , , , , , , , , , , , , , , , , , , , , , 
23.1971538, -0.0485084, , , , , , , 23.1971538, 0.0028534, , , , , , , 23.1971538, -0.1633173, , , , , , , 23.1971538, 0.0078889, , , , , , , , , , , , , , , , , , , , , , , , , , , , 
23.1976731, -0.0569009, , , , , , , 23.1976731, 0.0058747, , , , , , , 23.1976731, -0.1693599, , , , , , , 23.1976731, 0.0005035, , , , , , , , , , , , , , , , , , , , , , , , , , , , 
23.1981923, -0.0528725, , , , , , , 23.1981923, 0.0078889, , , , , , , 23.1981923, -0.1710384, , , , , , , 23.1981923, -0.0015106, , , , , , , , , , , , , , , , , , , , , , , , , , , , 
23.1987115, -0.0397803, , , , , , , 23.1987115, 0.0129244, , , , , , , 23.1987115, -0.1599603, , , , , , , 23.1987115, 0.0008392, , , , , , , , , , , , , , , , , , , , , , , , , , , , 
23.1992308, -0.0256809, , , , , , , 23.1992308, 0.0199741, , , , , , , 23.1992308, -0.1312581, , , , , , , 23.1992308, 0.0018463, , , , , , , , , , , , , , , , , , , , , , , , , , , , 
23.19975, -0.012253, , , , , , , 23.19975, 0.0251774, , , , , , , 23.19975, -0.0998703, , , , , , , 23.19975, 0.002182, , , , , , , , , , , , , , , , , , , , , , , , , , , , 
23.2002692, -0.0001678, , , , , , , 23.2002692, 0.0260166, , , , , , , 23.2002692, -0.0748608, , , , , , , 23.2002692, 0.0016785, , , , , , , , , , , , , , , , , , , , , , , , , , , , 
23.2007885, 0.0082246, , , , , , , 23.2007885, 0.0283665, , , , , , , 23.2007885, -0.0538796, , , , , , , 23.2007885, -0.0003357, , , , , , , , , , , , , , , , , , , , , , , , , , , , 
23.2013077, 0.0075532, , , , , , , 23.2013077, 0.0216526, , , , , , , 23.2013077, -0.0372625, , , , , , , 23.2013077, -0.0041962, , , , , , , , , , , , , , , , , , , , , , , , , , , , 
23.2018269, 0.0045319, , , , , , , 23.2018269, 0.0085603, , , , , , , 23.2018269, -0.0236667, , , , , , , 23.2018269, -0.0048676, , , , , , , , , , , , , , , , , , , , , , , , , , , , 
23.2023462, 0.0058747, , , , , , , 23.2023462, 0.0023499, , , , , , , 23.2023462, -0.012253, , , , , , , 23.2023462, 0.0031891, , , , , , , , , , , , , , , , , , , , , , , , , , , , 
23.2028654, 0.0075532, , , , , , , 23.2028654, 0.0062104, , , , , , , 23.2028654, -0.0135958, , , , , , , 23.2028654, 0.0171206, , , , , , , , , , , , , , , , , , , , , , , , , , , , 
23.2033846, 0.0045319, , , , , , , 23.2033846, 0.0152743, , , , , , , 23.2033846, -0.0219883, , , , , , , 23.2033846, 0.0273594, , , , , , , , , , , , , , , , , , , , , , , , , , , , 
23.2039038, 0.0025177, , , , , , , 23.2039038, 0.0171206, , , , , , , 23.2039038, -0.0223239, , , , , , , 23.2039038, 0.0292058, , , , , , , , , , , , , , , , , , , , , , , , , , , , 
23.2044231, 0.0041962, , , , , , , 23.2044231, 0.0078889, , , , , , , 23.2044231, -0.012253, , , , , , , 23.2044231, 0.0246738, , , , , , , , , , , , , , , , , , , , , , , , , , , , 
23.2049423, 0.0058747, , , , , , , 23.2049423, -0.0001678, , , , , , , 23.2049423, 0.0018463, , , , , , , 23.2049423, 0.0213169, , , , , , , , , , , , , , , , , , , , , , , , , , , , 
23.2054615, 0.0050355, , , , , , , 23.2054615, 0.0036927, , , , , , , 23.2054615, 0.0129244, , , , , , , 23.2054615, 0.024506, , , , , , , , , , , , , , , , , , , , , , , , , , , , 
23.2059808, 0.0041962, , , , , , , 23.2059808, 0.021149, , , , , , , 23.2059808, 0.0204776, , , , , , , 23.2059808, 0.0339055, , , , , , , , , , , , , , , , , , , , , , , , , , , , 
23.2065, 0.0058747, , , , , , , 23.2065, 0.0303807, , , , , , , 23.2065, 0.0240024, , , , , , , 23.2065, 0.0419623, , , , , , , , , , , , , , , , , , , , , , , , , , , , 
23.2070192, 0.0043641, , , , , , , 23.2070192, 0.0206455, , , , , , , 23.2070192, 0.027863, , , , , , , 23.2070192, 0.0448157, , , , , , , , , , , , , , , , , , , , , , , , , , , , 
23.2075385, 0.0011749, , , , , , , 23.2075385, 0.0095674, , , , , , , 23.2075385, 0.0394446, , , , , , , 23.2075385, 0.0454871, , , , , , , , , , , , , , , , , , , , , , , , , , , , 
23.2080577, 0.0038605, , , , , , , 23.2080577, 0.0085603, , , , , , , 23.2080577, 0.0558938, , , , , , , 23.2080577, 0.0428016, , , , , , , , , , , , , , , , , , , , , , , , , , , , 
23.2085769, 0.0129244, , , , , , , 23.2085769, 0.0109102, , , , , , , 23.2085769, 0.0721752, , , , , , , 23.2085769, 0.0352483, , , , , , , , , , , , , , , , , , , , , , , , , , , , 
23.2090962, 0.0253452, , , , , , , 23.2090962, 0.0216526, , , , , , , 23.2090962, 0.0834211, , , , , , , 23.2090962, 0.026688, , , , , , , , , , , , , , , , , , , , , , , , , , , , 
23.2096154, 0.0374304, , , , , , , 23.2096154, 0.0407874, , , , , , , 23.2096154, 0.085771, , , , , , , 23.2096154, 0.026688, , , , , , , , , , , , , , , , , , , , , , , , , , , , 
23.2101346, 0.0428016, , , , , , , 23.2101346, 0.0411231, , , , , , , 23.2101346, 0.085771, , , , , , , 23.2101346, 0.0340734, , , , , , , , , , , , , , , , , , , , , , , , , , , , 
23.2106538, 0.0454871, , , , , , , 23.2106538, 0.0109102, , , , , , , 23.2106538, 0.0891279, , , , , , , 23.2106538, 0.0397803, , , , , , , , , , , , , , , , , , , , , , , , , , , , 
23.2111731, 0.0448157, , , , , , , 23.2111731, -0.0387732, , , , , , , 23.2111731, 0.0950027, , , , , , , 23.2111731, 0.0381018, , , , , , , , , , , , , , , , , , , , , , , , , , , , 
23.2116923, 0.0381018, , , , , , , 23.2116923, -0.0891279, , , , , , , 23.2116923, 0.1017166, , , , , , , 23.2116923, 0.0325628, , , , , , , , , , , , , , , , , , , , , , , , , , , , 
23.2122115, 0.0315557, , , , , , , 23.2122115, -0.1310903, , , , , , , 23.2122115, 0.1055772, , , , , , , 23.2122115, 0.0283665, , , , , , , , , , , , , , , , , , , , , , , , , , , , 
23.2127308, 0.0251774, , , , , , , 23.2127308, -0.1505608, , , , , , , 23.2127308, 0.0998703, , , , , , , 23.2127308, 0.0226596, , , , , , , , , , , , , , , , , , , , , , , , , , , , 
23.21325, 0.0162814, , , , , , , 23.21325, -0.1514, , , , , , , 23.21325, 0.085771, , , , , , , 23.21325, 0.0152743, , , , , , , , , , , , , , , , , , , , , , , , , , , , 
23.2137692, 0.0097353, , , , , , , 23.2137692, -0.1572747, , , , , , , 23.2137692, 0.0693217, , , , , , , 23.2137692, 0.0099031, , , , , , , , , , , , , , , , , , , , , , , , , , , , 
23.2142885, 0.0099031, , , , , , , 23.2142885, -0.1693599, , , , , , , 23.2142885, 0.0535439, , , , , , , 23.2142885, 0.005539, , , , , , , , , , , , , , , , , , , , , , , , , , , , 
23.2148077, 0.003357, , , , , , , 23.2148077, -0.1680171, , , , , , , 23.2148077, 0.0387732, , , , , , , 23.2148077, 0.0011749, , , , , , , , , , , , , , , , , , , , , , , , , , , , 
23.2153269, -0.0102388, , , , , , , 23.2153269, -0.1495537, , , , , , , 23.2153269, 0.026688, , , , , , , 23.2153269, -0.0041962, , , , , , , , , , , , , , , , , , , , , , , , , , , , 
23.2158462, -0.0231632, , , , , , , 23.2158462, -0.1163195, , , , , , , 23.2158462, 0.0213169, , , , , , , 23.2158462, -0.0065461, , , , , , , , , , , , , , , , , , , , , , , , , , , , 
23.2163654, -0.0290379, , , , , , , 23.2163654, -0.0780499, , , , , , , 23.2163654, 0.0226596, , , , , , , 23.2163654, -0.0072175, , , , , , , , , , , , , , , , , , , , , , , , , , , , 
23.2168846, -0.0325628, , , , , , , 23.2168846, -0.0528725, , , , , , , 23.2168846, 0.0253452, , , , , , , 23.2168846, -0.0065461, , , , , , , , , , , , , , , , , , , , , , , , , , , , 
23.2174038, -0.0411231, , , , , , , 23.2174038, -0.0438087, , , , , , , 23.2174038, 0.0256809, , , , , , , 23.2174038, -0.0041962, , , , , , , , , , , , , , , , , , , , , , , , , , , , 
23.2179231, -0.0438087, , , , , , , 23.2179231, -0.0349126, , , , , , , 23.2179231, 0.030045, , , , , , , 23.2179231, -0.0015106, , , , , , , , , , , , , , , , , , , , , , , , , , , , 
23.2184423, -0.0364233, , , , , , , 23.2184423, -0.0224918, , , , , , , 23.2184423, 0.043473, , , , , , , 23.2184423, -0.0010071, , , , , , , , , , , , , , , , , , , , , , , , , , , , 
23.2189615, -0.0246738, , , , , , , 23.2189615, -0.0115816, , , , , , , 23.2189615, 0.051194, , , , , , , 23.2189615, -0.0028534, , , , , , , , , , , , , , , , , , , , , , , , , , , , 
23.2194808, -0.012253, , , , , , , 23.2194808, -0.0001678, , , , , , , 23.2194808, 0.043473, , , , , , , 23.2194808, -0.002182, , , , , , , , , , , , , , , , , , , , , , , , , , , , 
23.22, -0.002182, , , , , , , 23.22, 0.0219883, , , , , , , 23.22, 0.0260166, , , , , , , 23.22, -0.0018463, , , , , , , , , , , , , , , , , , , , , , , , , , , , 
23.2205192, 0.0058747, , , , , , , 23.2205192, 0.0508583, , , , , , , 23.2205192, 0.0105745, , , , , , , 23.2205192, -0.0041962, , , , , , , , , , , , , , , , , , , , , , , , , , , , 
23.2210385, 0.0130922, , , , , , , 23.2210385, 0.0669718, , , , , , , 23.2210385, 0.0015106, , , , , , , 23.2210385, -0.0068818, , , , , , , , , , , , , , , , , , , , , , , , , , , , 
23.2215577, 0.0223239, , , , , , , 23.2215577, 0.0669718, , , , , , , 23.2215577, -0.0129244, , , , , , , 23.2215577, -0.005539, , , , , , , , , , , , , , , , , , , , , , , , , , , , 
23.2220769, 0.0303807, , , , , , , 23.2220769, 0.0649577, , , , , , , 23.2220769, -0.0354162, , , , , , , 23.2220769, -0.0025177, , , , , , , , , , , , , , , , , , , , , , , , , , , , 
23.2225962, 0.0347448, , , , , , , 23.2225962, 0.0699931, , , , , , , 23.2225962, -0.0602579, , , , , , , 23.2225962, 0.0005035, , , , , , , , , , , , , , , , , , , , , , , , , , , , 
23.2231154, 0.0354162, , , , , , , 23.2231154, 0.0782177, , , , , , , 23.2231154, -0.0840925, , , , , , , 23.2231154, 0.0025177, , , , , , , , , , , , , , , , , , , , , , , , , , , , 
23.2236346, 0.0381018, , , , , , , 23.2236346, 0.0814069, , , , , , , 23.2236346, -0.10692, , , , , , , 23.2236346, 0.0035248, , , , , , , , , , , , , , , , , , , , , , , , , , , , 
23.2241538, 0.0439765, , , , , , , 23.2241538, 0.076875, , , , , , , 23.2241538, -0.1233692, , , , , , , 23.2241538, 0.0018463, , , , , , , , , , , , , , , , , , , , , , , , , , , , 
23.2246731, 0.0473335, , , , , , , 23.2246731, 0.0647898, , , , , , , 23.2246731, -0.1339437, , , , , , , 23.2246731, 0.002182, , , , , , , , , , , , , , , , , , , , , , , , , , , , 
23.2251923, 0.0486763, , , , , , , 23.2251923, 0.0508583, , , , , , , 23.2251923, -0.1455253, , , , , , , 23.2251923, 0.0036927, , , , , , , , , , , , , , , , , , , , , , , , , , , , 
23.2257115, 0.04448, , , , , , , 23.2257115, 0.0303807, , , , , , , 23.2257115, -0.1619745, , , , , , , 23.2257115, 0.0018463, , , , , , , , , , , , , , , , , , , , , , , , , , , , 
23.2262308, 0.0407874, , , , , , , 23.2262308, -0.0035248, , , , , , , 23.2262308, -0.1735561, , , , , , , 23.2262308, -0.0008392, , , , , , , , , , , , , , , , , , , , , , , , , , , , 
23.22675, 0.0424659, , , , , , , 23.22675, -0.0307164, , , , , , , 23.22675, -0.1660029, , , , , , , 23.22675, -0.0010071, , , , , , , , , , , , , , , , , , , , , , , , , , , , 
23.2272692, 0.0433051, , , , , , , 23.2272692, -0.0323949, , , , , , , 23.2272692, -0.1428397, , , , , , , 23.2272692, 0.0011749, , , , , , , , , , , , , , , , , , , , , , , , , , , , 
23.2277885, 0.0438087, , , , , , , 23.2277885, -0.0186313, , , , , , , 23.2277885, -0.1132982, , , , , , , 23.2277885, 0.0023499, , , , , , , , , , , , , , , , , , , , , , , , , , , , 
23.2283077, 0.0468299, , , , , , , 23.2283077, -0.0068818, , , , , , , 23.2283077, -0.0783856, , , , , , , 23.2283077, -0.0015106, , , , , , , , , , , , , , , , , , , , , , , , , , , , 
23.2288269, 0.057908, , , , , , , 23.2288269, -0.0015106, , , , , , , 23.2288269, -0.0370947, , , , , , , 23.2288269, -0.0075532, , , , , , , , , , , , , , , , , , , , , , , , , , , , 
23.2293462, 0.0710002, , , , , , , 23.2293462, 0.0031891, , , , , , , 23.2293462, 0.0018463, , , , , , , 23.2293462, -0.0125887, , , , , , , , , , , , , , , , , , , , , , , , , , , , 
23.2298654, 0.0817426, , , , , , , 23.2298654, 0.008896, , , , , , , 23.2298654, 0.033402, , , , , , , 23.2298654, -0.0142672, , , , , , , , , , , , , , , , , , , , , , , , , , , , 
23.2303846, 0.0884565, , , , , , , 23.2303846, 0.0166171, , , , , , , 23.2303846, 0.0580758, , , , , , , 23.2303846, -0.0135958, , , , , , , , , , , , , , , , , , , , , , , , , , , , 
23.2309038, 0.0889601, , , , , , , 23.2309038, 0.0224918, , , , , , , 23.2309038, 0.0728466, , , , , , , 23.2309038, -0.0140993, , , , , , , , , , , , , , , , , , , , , , , , , , , , 
23.2314231, 0.0884565, , , , , , , 23.2314231, 0.0303807, , , , , , , 23.2314231, 0.0775463, , , , , , , 23.2314231, -0.0142672, , , , , , , , , , , , , , , , , , , , , , , , , , , , 
23.2319423, 0.0834211, , , , , , , 23.2319423, 0.0414588, , , , , , , 23.2319423, 0.0787213, , , , , , , 23.2319423, -0.0119173, , , , , , , , , , , , , , , , , , , , , , , , , , , , 
23.2324615, 0.0750286, , , , , , , 23.2324615, 0.0454871, , , , , , , 23.2324615, 0.0847639, , , , , , , 23.2324615, -0.0072175, , , , , , , , , , , , , , , , , , , , , , , , , , , , 
23.2329808, 0.0629435, , , , , , , 23.2329808, 0.0283665, , , , , , , 23.2329808, 0.1005417, , , , , , , 23.2329808, -0.0028534, , , , , , , , , , , , , , , , , , , , , , , , , , , , 
23.2335, 0.0468299, , , , , , , 23.2335, 0.0035248, , , , , , , 23.2335, 0.1163195, , , , , , , 23.2335, 0.0016785, , , , , , , , , , , , , , , , , , , , , , , , , , , , 
23.2340192, 0.033402, , , , , , , 23.2340192, -0.0048676, , , , , , , 23.2340192, 0.1200122, , , , , , , 23.2340192, 0.008896, , , , , , , , , , , , , , , , , , , , , , , , , , , , 
23.2345385, 0.0246738, , , , , , , 23.2345385, 0.0087282, , , , , , , 23.2345385, 0.1136339, , , , , , , 23.2345385, 0.0196384, , , , , , , , , , , , , , , , , , , , , , , , , , , , 
23.2350577, 0.0125887, , , , , , , 23.2350577, 0.0246738, , , , , , , 23.2350577, 0.1005417, , , , , , , 23.2350577, 0.0270237, , , , , , , , , , , , , , , , , , , , , , , , , , , , 
23.2355769, -0.002182, , , , , , , 23.2355769, 0.0280308, , , , , , , 23.2355769, 0.0803998, , , , , , , 23.2355769, 0.0293736, , , , , , , , , , , , , , , , , , , , , , , , , , , , 
23.2360962, -0.0166171, , , , , , , 23.2360962, 0.0196384, , , , , , , 23.2360962, 0.0528725, , , , , , , 23.2360962, 0.030045, , , , , , , , , , , , , , , , , , , , , , , , , , , , 
23.2366154, -0.0297093, , , , , , , 23.2366154, 0.0078889, , , , , , , 23.2366154, 0.0218204, , , , , , , 23.2366154, 0.0313878, , , , , , , , , , , , , , , , , , , , , , , , , , , , 
23.2371346, -0.0411231, , , , , , , 23.2371346, -0.0003357, , , , , , , 23.2371346, -0.012253, , , , , , , 23.2371346, 0.036759, , , , , , , , , , , , , , , , , , , , , , , , , , , , 
23.2376538, -0.0532082, , , , , , , 23.2376538, 0.0018463, , , , , , , 23.2376538, -0.0464942, , , , , , , 23.2376538, 0.0431373, , , , , , , , , , , , , , , , , , , , , , , , , , , , 
23.2381731, -0.0656291, , , , , , , 23.2381731, 0.008896, , , , , , , 23.2381731, -0.0757, , , , , , , 23.2381731, 0.0491798, , , , , , , , , , , , , , , , , , , , , , , , , , , , 
23.2386923, -0.0686503, , , , , , , 23.2386923, 0.0137636, , , , , , , 23.2386923, -0.0978561, , , , , , , 23.2386923, 0.0542153, , , , , , , , , , , , , , , , , , , , , , , , , , , , 
23.2392115, -0.0619364, , , , , , , 23.2392115, 0.0112459, , , , , , , 23.2392115, -0.1129625, , , , , , , 23.2392115, 0.0535439, , , , , , , , , , , , , , , , , , , , , , , , , , , , 
23.2397308, -0.051194, , , , , , , 23.2397308, 0.0063783, , , , , , , 23.2397308, -0.1196765, , , , , , , 23.2397308, 0.0481727, , , , , , , , , , , , , , , , , , , , , , , , , , , , 
23.24025, -0.043473, , , , , , , 23.24025, -0.0001678, , , , , , , 23.24025, -0.124712, , , , , , , 23.24025, 0.0441444, , , , , , , , , , , , , , , , , , , , , , , , , , , , 
23.2407692, -0.0384375, , , , , , , 23.2407692, -0.008896, , , , , , , 23.2407692, -0.1320974, , , , , , , 23.2407692, 0.0431373, , , , , , , , , , , , , , , , , , , , , , , , , , , , 
23.2412885, -0.0293736, , , , , , , 23.2412885, -0.0229953, , , , , , , 23.2412885, -0.1406577, , , , , , , 23.2412885, 0.0428016, , , , , , , , , , , , , , , , , , , , , , , , , , , , 
23.2418077, -0.0219883, , , , , , , 23.2418077, -0.0464942, , , , , , , 23.2418077, -0.1487144, , , , , , , 23.2418077, 0.0384375, , , , , , , , , , , , , , , , , , , , , , , , , , , , 
23.2423269, -0.0179599, , , , , , , 23.2423269, -0.0647898, , , , , , , 23.2423269, -0.149218, , , , , , , 23.2423269, 0.030045, , , , , , , , , , , , , , , , , , , , , , , , , , , , 
23.2428462, -0.0152743, , , , , , , 23.2428462, -0.0632792, , , , , , , 23.2428462, -0.1364614, , , , , , , 23.2428462, 0.0240024, , , , , , , , , , , , , , , , , , , , , , , , , , , , 
23.2433654, -0.0139315, , , , , , , 23.2433654, -0.0451514, , , , , , , 23.2433654, -0.1156481, , , , , , , 23.2433654, 0.023331, , , , , , , , , , , , , , , , , , , , , , , , , , , , 
23.2438846, -0.0102388, , , , , , , 23.2438846, -0.0303807, , , , , , , 23.2438846, -0.093492, , , , , , , 23.2438846, 0.0236667, , , , , , , , , , , , , , , , , , , , , , , , , , , , 
23.2444038, -0.0011749, , , , , , , 23.2444038, -0.0323949, , , , , , , 23.2444038, -0.0728466, , , , , , , 23.2444038, 0.0243381, , , , , , , , , , , , , , , , , , , , , , , , , , , , 
23.2449231, 0.0050355, , , , , , , 23.2449231, -0.0428016, , , , , , , 23.2449231, -0.0533761, , , , , , , 23.2449231, 0.027863, , , , , , , , , , , , , , , , , , , , , , , , , , , , 
23.2454423, 0.0018463, , , , , , , 23.2454423, -0.0414588, , , , , , , 23.2454423, -0.043473, , , , , , , 23.2454423, 0.0313878, , , , , , , , , , , , , , , , , , , , , , , , , , , , 
23.2459615, -0.0028534, , , , , , , 23.2459615, -0.0345769, , , , , , , 23.2459615, -0.04448, , , , , , , 23.2459615, 0.0303807, , , , , , , , , , , , , , , , , , , , , , , , , , , , 
23.2464808, -0.0001678, , , , , , , 23.2464808, -0.0340734, , , , , , , 23.2464808, -0.0394446, , , , , , , 23.2464808, 0.0273594, , , , , , , , , , , , , , , , , , , , , , , , , , , , 
23.247, 0.0065461, , , , , , , 23.247, -0.0350805, , , , , , , 23.247, -0.0162814, , , , , , , 23.247, 0.0253452, , , , , , , , , , , , , , , , , , , , , , , , , , , , 
23.2475192, 0.0125887, , , , , , , 23.2475192, -0.0179599, , , , , , , 23.2475192, 0.0142672, , , , , , , 23.2475192, 0.0226596, , , , , , , , , , , , , , , , , , , , , , , , , , , , 
23.2480385, 0.017792, , , , , , , 23.2480385, 0.0169528, , , , , , , 23.2480385, 0.0428016, , , , , , , 23.2480385, 0.0206455, , , , , , , , , , , , , , , , , , , , , , , , , , , , 
23.2485577, 0.0260166, , , , , , , 23.2485577, 0.0421302, , , , , , , 23.2485577, 0.0649577, , , , , , , 23.2485577, 0.0125887, , , , , , , , , , , , , , , , , , , , , , , , , , , , 
23.2490769, 0.0404517, , , , , , , 23.2490769, 0.043473, , , , , , , 23.2490769, 0.0763714, , , , , , , 23.2490769, -0.0015106, , , , , , , , , , , , , , , , , , , , , , , , , , , , 
23.2495962, 0.0532082, , , , , , , 23.2495962, 0.0303807, , , , , , , 23.2495962, 0.0803998, , , , , , , 23.2495962, -0.0152743, , , , , , , , , , , , , , , , , , , , , , , , , , , , 
23.2501154, 0.0629435, , , , , , , 23.2501154, 0.0191348, , , , , , , 23.2501154, 0.0844282, , , , , , , 23.2501154, -0.0246738, , , , , , , , , , , , , , , , , , , , , , , , , , , , 
23.2506346, 0.0703288, , , , , , , 23.2506346, 0.0132601, , , , , , , 23.2506346, 0.093492, , , , , , , 23.2506346, -0.0292058, , , , , , , , , , , , , , , , , , , , , , , , , , , , 
23.2511538, 0.0703288, , , , , , , 23.2511538, 0.0099031, , , , , , , 23.2511538, 0.1044022, , , , , , , 23.2511538, -0.0307164, , , , , , , , , , , , , , , , , , , , , , , , , , , , 
23.2516731, 0.0639506, , , , , , , 23.2516731, 0.0105745, , , , , , , 23.2516731, 0.1075914, , , , , , , 23.2516731, -0.0285344, , , , , , , , , , , , , , , , , , , , , , , , , , , , 
23.2521923, 0.0552224, , , , , , , 23.2521923, 0.0058747, , , , , , , 23.2521923, 0.0991989, , , , , , , 23.2521923, -0.0270237, , , , , , , , , , , , , , , , , , , , , , , , , , , , 
23.2527115, 0.0481727, , , , , , , 23.2527115, -0.0109102, , , , , , , 23.2527115, 0.0830854, , , , , , , 23.2527115, -0.0273594, , , , , , , , , , , , , , , , , , , , , , , , , , , , 
23.2532308, 0.040116, , , , , , , 23.2532308, -0.0162814, , , , , , , 23.2532308, 0.0676432, , , , , , , 23.2532308, -0.0270237, , , , , , , , , , , , , , , , , , , , , , , , , , , , 
23.25375, 0.0298772, , , , , , , 23.25375, 0.005539, , , , , , , 23.25375, 0.0582437, , , , , , , 23.25375, -0.0251774, , , , , , , , , , , , , , , , , , , , , , , , , , , , 
23.2542692, 0.0216526, , , , , , , 23.2542692, 0.0250095, , , , , , , 23.2542692, 0.0525368, , , , , , , 23.2542692, -0.0226596, , , , , , , , , , , , , , , , , , , , , , , , , , , , 
23.2547885, 0.0132601, , , , , , , 23.2547885, 0.0172885, , , , , , , 23.2547885, 0.040116, , , , , , , 23.2547885, -0.0172885, , , , , , , , , , , , , , , , , , , , , , , , , , , , 
23.2553077, -0.0015106, , , , , , , 23.2553077, -0.0125887, , , , , , , 23.2553077, 0.0226596, , , , , , , 23.2553077, -0.0117494, , , , , , , , , , , , , , , , , , , , , , , , , , , , 
23.2558269, -0.0097353, , , , , , , 23.2558269, -0.0391089, , , , , , , 23.2558269, 0.0046998, , , , , , , 23.2558269, -0.0048676, , , , , , , , , , , , , , , , , , , , , , , , , , , , 
23.2563462, -0.0135958, , , , , , , 23.2563462, -0.0572366, , , , , , , 23.2563462, -0.0075532, , , , , , , 23.2563462, 0.0057069, , , , , , , , , , , , , , , , , , , , , , , , , , , , 
23.2568654, -0.018967, , , , , , , 23.2568654, -0.0807355, , , , , , , 23.2568654, -0.0057069, , , , , , , 23.2568654, 0.0196384, , , , , , , , , , , , , , , , , , , , , , , , , , , , 
23.2573846, -0.0260166, , , , , , , 23.2573846, -0.1106126, , , , , , , 23.2573846, 0.0035248, , , , , , , 23.2573846, 0.0340734, , , , , , , , , , , , , , , , , , , , , , , , , , , , 
23.2579038, -0.0337377, , , , , , , 23.2579038, -0.1250477, , , , , , , 23.2579038, 0.0095674, , , , , , , 23.2579038, 0.0411231, , , , , , , , , , , , , , , , , , , , , , , , , , , , 
23.2584231, -0.0372625, , , , , , , 23.2584231, -0.1132982, , , , , , , 23.2584231, 0.0243381, , , , , , , 23.2584231, 0.0421302, , , , , , , , , , , , , , , , , , , , , , , , , , , , 
23.2589423, -0.0297093, , , , , , , 23.2589423, -0.0834211, , , , , , , 23.2589423, 0.0542153, , , , , , , 23.2589423, 0.0438087, , , , , , , , , , , , , , , , , , , , , , , , , , , , 
23.2594615, -0.0179599, , , , , , , 23.2594615, -0.0501869, , , , , , , 23.2594615, 0.0757, , , , , , , 23.2594615, 0.0468299, , , , , , , , , , , , , , , , , , , , , , , , , , , , 
23.2599808, -0.012253, , , , , , , 23.2599808, -0.0377661, , , , , , , 23.2599808, 0.0726787, , , , , , , 23.2599808, 0.0495155, , , , , , , , , , , , , , , , , , , , , , , , , , , , 
23.2605, -0.0124208, , , , , , , 23.2605, -0.0471656, , , , , , , 23.2605, 0.0602579, , , , , , , 23.2605, 0.0518654, , , , , , , , , , , , , , , , , , , , , , , , , , , , 
23.2610192, -0.0125887, , , , , , , 23.2610192, -0.0552224, , , , , , , 23.2610192, 0.0533761, , , , , , , 23.2610192, 0.0518654, , , , , , , , , , , , , , , , , , , , , , , , , , , , 
23.2615385, -0.0073854, , , , , , , 23.2615385, -0.0527047, , , , , , , 23.2615385, 0.0522011, , , , , , , 23.2615385, 0.0480049, , , , , , , , , , , , , , , , , , , , , , , , , , , , 
23.2620577, 0.0015106, , , , , , , 23.2620577, -0.0466621, , , , , , , 23.2620577, 0.0486763, , , , , , , 23.2620577, 0.0411231, , , , , , , , , , , , , , , , , , , , , , , , , , , , 
23.2625769, 0.0112459, , , , , , , 23.2625769, -0.0459907, , , , , , , 23.2625769, 0.0330663, , , , , , , 23.2625769, 0.0323949, , , , , , , , , , , , , , , , , , , , , , , , , , , , 
23.2630962, 0.0213169, , , , , , , 23.2630962, -0.0488441, , , , , , , 23.2630962, 0.0052033, , , , , , , 23.2630962, 0.0219883, , , , , , , , , , , , , , , , , , , , , , , , , , , , 
23.2636154, 0.0280308, , , , , , , 23.2636154, -0.043473, , , , , , , 23.2636154, -0.0292058, , , , , , , 23.2636154, 0.0109102, , , , , , , , , , , , , , , , , , , , , , , , , , , , 
23.2641346, 0.0320592, , , , , , , 23.2641346, -0.0218204, , , , , , , 23.2641346, -0.0666361, , , , , , , 23.2641346, -0.0001678, , , , , , , , , , , , , , , , , , , , , , , , , , , , 
23.2646538, 0.0340734, , , , , , , 23.2646538, 0.0068818, , , , , , , 23.2646538, -0.1045701, , , , , , , 23.2646538, -0.011078, , , , , , , , , , , , , , , , , , , , , , , , , , , , 
23.2651731, 0.0352483, , , , , , , 23.2651731, 0.0290379, , , , , , , 23.2651731, -0.1461967, , , , , , , 23.2651731, -0.0219883, , , , , , , , , , , , , , , , , , , , , , , , , , , , 
23.2656923, 0.0370947, , , , , , , 23.2656923, 0.0397803, , , , , , , 23.2656923, -0.1858091, , , , , , , 23.2656923, -0.0287022, , , , , , , , , , , , , , , , , , , , , , , , , , , , 
23.2662115, 0.0377661, , , , , , , 23.2662115, 0.0501869, , , , , , , 23.2662115, -0.2056153, , , , , , , 23.2662115, -0.0280308, , , , , , , , , , , , , , , , , , , , , , , , , , , , 
23.2667308, 0.0381018, , , , , , , 23.2667308, 0.0674754, , , , , , , 23.2667308, -0.2042725, , , , , , , 23.2667308, -0.0229953, , , , , , , , , , , , , , , , , , , , , , , , , , , , 
23.26725, 0.0384375, , , , , , , 23.26725, 0.0780499, , , , , , , 23.26725, -0.19823, , , , , , , 23.26725, -0.0172885, , , , , , , , , , , , , , , , , , , , , , , , , , , , 
23.2677692, 0.0387732, , , , , , , 23.2677692, 0.0800641, , , , , , , 23.2677692, -0.2002441, , , , , , , 23.2677692, -0.0139315, , , , , , , , , , , , , , , , , , , , , , , , , , , , 
23.2682885, 0.0471656, , , , , , , 23.2682885, 0.0852674, , , , , , , 23.2682885, -0.2010834, , , , , , , 23.2682885, -0.0146029, , , , , , , , , , , , , , , , , , , , , , , , , , , , 
23.2688077, 0.0570687, , , , , , , 23.2688077, 0.0981918, , , , , , , 23.2688077, -0.1827878, , , , , , , 23.2688077, -0.0176242, , , , , , , , , , , , , , , , , , , , , , , , , , , , 
23.2693269, 0.0676432, , , , , , , 23.2693269, 0.1065843, , , , , , , 23.2693269, -0.1448539, , , , , , , 23.2693269, -0.0159457, , , , , , , , , , , , , , , , , , , , , , , , , , , , 
23.2698462, 0.0788891, , , , , , , 23.2698462, 0.1012131, , , , , , , 23.2698462, -0.0981918, , , , , , , 23.2698462, -0.0102388, , , , , , , , , , , , , , , , , , , , , , , , , , , , 
23.2703654, 0.0844282, , , , , , , 23.2703654, 0.0803998, , , , , , , 23.2703654, -0.0495155, , , , , , , 23.2703654, -0.0068818, , , , , , , , , , , , , , , , , , , , , , , , , , , , 
23.2708846, 0.0842603, , , , , , , 23.2708846, 0.0414588, , , , , , , 23.2708846, -0.0082246, , , , , , , 23.2708846, -0.003357, , , , , , , , , , , , , , , , , , , , , , , , , , , , 
23.2714038, 0.0797284, , , , , , , 23.2714038, -0.0115816, , , , , , , 23.2714038, 0.021149, , , , , , , 23.2714038, 0.0018463, , , , , , , , , , , , , , , , , , , , , , , , , , , , 
23.2719231, 0.0743572, , , , , , , 23.2719231, -0.0424659, , , , , , , 23.2719231, 0.0411231, , , , , , , 23.2719231, 0.0119173, , , , , , , , , , , , , , , , , , , , , , , , , , , , 
23.2724423, 0.0585794, , , , , , , 23.2724423, -0.0318914, , , , , , , 23.2724423, 0.0589151, , , , , , , 23.2724423, 0.0250095, , , , , , , , , , , , , , , , , , , , , , , , , , , , 
23.2729615, 0.0347448, , , , , , , 23.2729615, -0.0035248, , , , , , , 23.2729615, 0.076875, , , , , , , 23.2729615, 0.0391089, , , , , , , , , , , , , , , , , , , , , , , , , , , , 
23.2734808, 0.0164492, , , , , , , 23.2734808, 0.0157778, , , , , , , 23.2734808, 0.0877852, , , , , , , 23.2734808, 0.047837, , , , , , , , , , , , , , , , , , , , , , , , , , , , 
23.274, 0.0062104, , , , , , , 23.274, 0.0219883, , , , , , , 23.274, 0.090135, , , , , , , 23.274, 0.0475013, , , , , , , , , , , , , , , , , , , , , , , , , , , , 
23.2745192, -0.0028534, , , , , , , 23.2745192, 0.0149386, , , , , , , 23.2745192, 0.0894636, , , , , , , 23.2745192, 0.0406195, , , , , , , , , , , , , , , , , , , , , , , , , , , , 
23.2750385, -0.0142672, , , , , , , 23.2750385, -0.0018463, , , , , , , 23.2750385, 0.0904707, , , , , , , 23.2750385, 0.033402, , , , , , , , , , , , , , , , , , , , , , , , , , , , 
23.2755577, -0.0287022, , , , , , , 23.2755577, -0.0283665, , , , , , , 23.2755577, 0.0914778, , , , , , , 23.2755577, 0.0293736, , , , , , , , , , , , , , , , , , , , , , , , , , , , 
23.2760769, -0.0417945, , , , , , , 23.2760769, -0.0641184, , , , , , , 23.2760769, 0.0944991, , , , , , , 23.2760769, 0.0320592, , , , , , , , , , , , , , , , , , , , , , , , , , , , 
23.2765962, -0.0530404, , , , , , , 23.2765962, -0.1032273, , , , , , , 23.2765962, 0.0958419, , , , , , , 23.2765962, 0.0386053, , , , , , , , , , , , , , , , , , , , , , , , , , , , 
23.2771154, -0.0673075, , , , , , , 23.2771154, -0.1334401, , , , , , , 23.2771154, 0.0928206, , , , , , , 23.2771154, 0.0411231, , , , , , , , , , , , , , , , , , , , , , , , , , , , 
23.2776346, -0.0803998, , , , , , , 23.2776346, -0.1472038, , , , , , , 23.2776346, 0.0827497, , , , , , , 23.2776346, 0.0428016, , , , , , , , , , , , , , , , , , , , , , , , , , , , 
23.2781538, -0.0810712, , , , , , , 23.2781538, -0.1431754, , , , , , , 23.2781538, 0.0703288, , , , , , , 23.2781538, 0.0451514, , , , , , , , , , , , , , , , , , , , , , , , , , , , 
23.2786731, -0.0740215, , , , , , , 23.2786731, -0.1252155, , , , , , , 23.2786731, 0.0629435, , , , , , , 23.2786731, 0.0421302, , , , , , , , , , , , , , , , , , , , , , , , , , , , 
23.2791923, -0.0626078, , , , , , , 23.2791923, -0.0978561, , , , , , , 23.2791923, 0.0622721, , , , , , , 23.2791923, 0.0364233, , , , , , , , , , , , , , , , , , , , , , , , , , , , 
23.2797115, -0.0505226, , , , , , , 23.2797115, -0.0666361, , , , , , , 23.2797115, 0.0683146, , , , , , , 23.2797115, 0.0327306, , , , , , , , , , , , , , , , , , , , , , , , , , , , 
23.2802308, -0.0404517, , , , , , , 23.2802308, -0.0391089, , , , , , , 23.2802308, 0.0788891, , , , , , , 23.2802308, 0.0310521, , , , , , , , , , , , , , , , , , , , , , , , , , , , 
23.28075, -0.0310521, , , , , , , 23.28075, -0.0193027, , , , , , , 23.28075, 0.0897993, , , , , , , 23.28075, 0.0270237, , , , , , , , , , , , , , , , , , , , , , , , , , , , 
23.2812692, -0.0169528, , , , , , , 23.2812692, 0.0146029, , , , , , , 23.2812692, 0.1032273, , , , , , , 23.2812692, 0.0176242, , , , , , , , , , , , , , , , , , , , , , , , , , , , 
23.2817885, -0.0006714, , , , , , , 23.2817885, 0.0652934, , , , , , , 23.2817885, 0.1193408, , , , , , , 23.2817885, 0.005539, , , , , , , , , , , , , , , , , , , , , , , , , , , , 
23.2823077, 0.0052033, , , , , , , 23.2823077, 0.0918135, , , , , , , 23.2823077, 0.124712, , , , , , , 23.2823077, -0.002182, , , , , , , , , , , , , , , , , , , , , , , , , , , , 
23.2828269, 0.0075532, , , , , , , 23.2828269, 0.0814069, , , , , , , 23.2828269, 0.1153124, , , , , , , 23.2828269, -0.0058747, , , , , , , , , , , , , , , , , , , , , , , , , , , , 
23.2833462, 0.0146029, , , , , , , 23.2833462, 0.0602579, , , , , , , 23.2833462, 0.100206, , , , , , , 23.2833462, -0.0102388, , , , , , , , , , , , , , , , , , , , , , , , , , , , 
23.2838654, 0.0260166, , , , , , , 23.2838654, 0.0387732, , , , , , , 23.2838654, 0.0777142, , , , , , , 23.2838654, -0.0149386, , , , , , , , , , , , , , , , , , , , , , , , , , , , 
23.2843846, 0.0345769, , , , , , , 23.2843846, 0.0216526, , , , , , , 23.2843846, 0.0471656, , , , , , , 23.2843846, -0.0171206, , , , , , , , , , , , , , , , , , , , , , , , , , , , 
23.2849038, 0.0370947, , , , , , , 23.2849038, 0.0253452, , , , , , , 23.2849038, 0.0043641, , , , , , , 23.2849038, -0.0162814, , , , , , , , , , , , , , , , , , , , , , , , , , , , 
23.2854231, 0.0421302, , , , , , , 23.2854231, 0.0501869, , , , , , , 23.2854231, -0.0417945, , , , , , , 23.2854231, -0.0135958, , , , , , , , , , , , , , , , , , , , , , , , , , , , 
23.2859423, 0.0522011, , , , , , , 23.2859423, 0.0757, , , , , , , 23.2859423, -0.0834211, , , , , , , 23.2859423, -0.0135958, , , , , , , , , , , , , , , , , , , , , , , , , , , , 
23.2864615, 0.06009, , , , , , , 23.2864615, 0.0817426, , , , , , , 23.2864615, -0.1163195, , , , , , , 23.2864615, -0.0129244, , , , , , , , , , , , , , , , , , , , , , , , , , , , 
23.2869808, 0.0642863, , , , , , , 23.2869808, 0.070161, , , , , , , 23.2869808, -0.1445182, , , , , , , 23.2869808, -0.008896, , , , , , , , , , , , , , , , , , , , , , , , , , , , 
23.2875, 0.0676432, , , , , , , 23.2875, 0.0515297, , , , , , , 23.2875, -0.1727169, , , , , , , 23.2875, -0.0062104, , , , , , , , , , , , , , , , , , , , , , , , , , , , 
23.2880192, 0.070161, , , , , , , 23.2880192, 0.0260166, , , , , , , 23.2880192, -0.1989014, , , , , , , 23.2880192, -0.0063783, , , , , , , , , , , , , , , , , , , , , , , , , , , , 
23.2885385, 0.0775463, , , , , , , 23.2885385, -0.0162814, , , , , , , 23.2885385, -0.2213931, , , , , , , 23.2885385, -0.0119173, , , , , , , , , , , , , , , , , , , , , , , , , , , , 
23.2890577, 0.0887922, , , , , , , 23.2890577, -0.0663005, , , , , , , 23.2890577, -0.240528, , , , , , , 23.2890577, -0.0176242, , , , , , , , , , , , , , , , , , , , , , , , , , , , 
23.2895769, 0.0906386, , , , , , , 23.2895769, -0.110277, , , , , , , 23.2895769, -0.2563058, , , , , , , 23.2895769, -0.0199741, , , , , , , , , , , , , , , , , , , , , , , , , , , , 
23.2900962, 0.0874495, , , , , , , 23.2900962, -0.1406577, , , , , , , 23.2900962, -0.2673838, , , , , , , 23.2900962, -0.017792, , , , , , , , , , , , , , , , , , , , , , , , , , , , 
23.2906154, 0.0861067, , , , , , , 23.2906154, -0.1438468, , , , , , , 23.2906154, -0.2596628, , , , , , , 23.2906154, -0.0105745, , , , , , , , , , , , , , , , , , , , , , , , , , , , 
23.2911346, 0.0803998, , , , , , , 23.2911346, -0.121355, , , , , , , 23.2911346, -0.2264286, , , , , , , 23.2911346, 0.002182, , , , , , , , , , , , , , , , , , , , , , , , , , , , 
23.2916538, 0.0636149, , , , , , , 23.2916538, -0.0748608, , , , , , , 23.2916538, -0.1898375, , , , , , , 23.2916538, 0.0193027, , , , , , , , , , , , , , , , , , , , , , , , , , , , 
23.2921731, 0.0439765, , , , , , , 23.2921731, -0.0203098, , , , , , , 23.2921731, -0.1629816, , , , , , , 23.2921731, 0.0360876, , , , , , , , , , , , , , , , , , , , , , , , , , , , 
23.2926923, 0.0246738, , , , , , , 23.2926923, 0.0206455, , , , , , , 23.2926923, -0.1344472, , , , , , , 23.2926923, 0.0481727, , , , , , , , , , , , , , , , , , , , , , , , , , , , 
23.2932115, 0.0082246, , , , , , , 23.2932115, 0.0406195, , , , , , , 23.2932115, -0.0921492, , , , , , , 23.2932115, 0.0555581, , , , , , , , , , , , , , , , , , , , , , , , , , , , 
23.2937308, -0.0048676, , , , , , , 23.2937308, 0.0441444, , , , , , , 23.2937308, -0.0491798, , , , , , , 23.2937308, 0.0572366, , , , , , , , , , , , , , , , , , , , , , , , , , , , 
23.29425, -0.0186313, , , , , , , 23.29425, 0.0370947, , , , , , , 23.29425, -0.0129244, , , , , , , 23.29425, 0.0553902, , , , , , , , , , , , , , , , , , , , , , , , , , , , 
23.2947692, -0.0302129, , , , , , , 23.2947692, 0.0238346, , , , , , , 23.2947692, 0.0253452, , , , , , , 23.2947692, 0.0508583, , , , , , , , , , , , , , , , , , , , , , , , , , , , 
23.2952885, -0.0350805, , , , , , , 23.2952885, 0.0070497, , , , , , , 23.2952885, 0.0632792, , , , , , , 23.2952885, 0.0468299, , , , , , , , , , , , , , , , , , , , , , , , , , , , 
23.2958077, -0.0426337, , , , , , , 23.2958077, -0.0099031, , , , , , , 23.2958077, 0.0921492, , , , , , , 23.2958077, 0.0414588, , , , , , , , , , , , , , , , , , , , , , , , , , , , 
23.2963269, -0.0525368, , , , , , , 23.2963269, -0.0236667, , , , , , , 23.2963269, 0.1045701, , , , , , , 23.2963269, 0.0357519, , , , , , , , , , , , , , , , , , , , , , , , , , , , 
23.2968462, -0.0599222, , , , , , , 23.2968462, -0.0303807, , , , , , , 23.2968462, 0.1012131, , , , , , , 23.2968462, 0.0297093, , , , , , , , , , , , , , , , , , , , , , , , , , , , 
23.2973654, -0.0652934, , , , , , , 23.2973654, -0.0270237, , , , , , , 23.2973654, 0.0924849, , , , , , , 23.2973654, 0.024506, , , , , , , , , , , , , , , , , , , , , , , , , , , , 
23.2978846, -0.0673075, , , , , , , 23.2978846, -0.0142672, , , , , , , 23.2978846, 0.0871138, , , , , , , 23.2978846, 0.0196384, , , , , , , , , , , , , , , , , , , , , , , , , , , , 
23.2984038, -0.0632792, , , , , , , 23.2984038, 0.0043641, , , , , , , 23.2984038, 0.0867781, , , , , , , 23.2984038, 0.0090639, , , , , , , , , , , , , , , , , , , , , , , , , , , , 
23.2989231, -0.051194, , , , , , , 23.2989231, 0.024506, , , , , , , 23.2989231, 0.0864424, , , , , , , 23.2989231, -0.002182, , , , , , , , , , , , , , , , , , , , , , , , , , , , 
23.2994423, -0.0357519, , , , , , , 23.2994423, 0.0419623, , , , , , , 23.2994423, 0.085771, , , , , , , 23.2994423, -0.0097353, , , , , , , , , , , , , , , , , , , , , , , , , , , , 
23.2999615, -0.0226596, , , , , , , 23.2999615, 0.0575723, , , , , , , 23.2999615, 0.0889601, , , , , , , 23.2999615, -0.014435, , , , , , , , , , , , , , , , , , , , , , , , , , , , 
23.3004808, -0.0135958, , , , , , , 23.3004808, 0.0706645, , , , , , , 23.3004808, 0.0904707, , , , , , , 23.3004808, -0.01561, , , , , , , , , , , , , , , , , , , , , , , , , , , , 
23.301, -0.002182, , , , , , , 23.301, 0.0837568, , , , , , , 23.301, 0.0866102, , , , , , , 23.301, -0.0162814, , , , , , , , , , , , , , , , , , , , , , , , , , , , 
23.3015192, 0.0132601, , , , , , , 23.3015192, 0.0948348, , , , , , , 23.3015192, 0.0803998, , , , , , , 23.3015192, -0.0182956, , , , , , , , , , , , , , , , , , , , , , , , , , , , 
23.3020385, 0.0248417, , , , , , , 23.3020385, 0.0931563, , , , , , , 23.3020385, 0.0736858, , , , , , , 23.3020385, -0.0179599, , , , , , , , , , , , , , , , , , , , , , , , , , , , 
23.3025577, 0.0293736, , , , , , , 23.3025577, 0.0679789, , , , , , , 23.3025577, 0.0629435, , , , , , , 23.3025577, -0.0179599, , , , , , , , , , , , , , , , , , , , , , , , , , , , 
23.3030769, 0.033402, , , , , , , 23.3030769, 0.0407874, , , , , , , 23.3030769, 0.0522011, , , , , , , 23.3030769, -0.0172885, , , , , , , , , , , , , , , , , , , , , , , , , , , , 
23.3035962, 0.0412909, , , , , , , 23.3035962, 0.0350805, , , , , , , 23.3035962, 0.0481727, , , , , , , 23.3035962, -0.0099031, , , , , , , , , , , , , , , , , , , , , , , , , , , , 
23.3041154, 0.0453193, , , , , , , 23.3041154, 0.0253452, , , , , , , 23.3041154, 0.0528725, , , , , , , 23.3041154, 0.0006714, , , , , , , , , , , , , , , , , , , , , , , , , , , , 
23.3046346, 0.0454871, , , , , , , 23.3046346, -0.008896, , , , , , , 23.3046346, 0.0555581, , , , , , , 23.3046346, 0.0092317, , , , , , , , , , , , , , , , , , , , , , , , , , , , 
23.3051538, 0.04448, , , , , , , 23.3051538, -0.0485084, , , , , , , 23.3051538, 0.0528725, , , , , , , 23.3051538, 0.0166171, , , , , , , , , , , , , , , , , , , , , , , , , , , , 
23.3056731, 0.0461585, , , , , , , 23.3056731, -0.0706645, , , , , , , 23.3056731, 0.0384375, , , , , , , 23.3056731, 0.0196384, , , , , , , , , , , , , , , , , , , , , , , , , , , , 
23.3061923, 0.0458228, , , , , , , 23.3061923, -0.0814069, , , , , , , 23.3061923, 0.0132601, , , , , , , 23.3061923, 0.0229953, , , , , , , , , , , , , , , , , , , , , , , , , , , , 
23.3067115, 0.0428016, , , , , , , 23.3067115, -0.0986954, , , , , , , 23.3067115, -0.008896, , , , , , , 23.3067115, 0.0310521, , , , , , , , , , , , , , , , , , , , , , , , , , , , 
23.3072308, 0.033402, , , , , , , 23.3072308, -0.1277333, , , , , , , 23.3072308, -0.0238346, , , , , , , 23.3072308, 0.0438087, , , , , , , , , , , , , , , , , , , , , , , , , , , , 
23.30775, 0.0226596, , , , , , , 23.30775, -0.1517357, , , , , , , 23.30775, -0.0287022, , , , , , , 23.30775, 0.054551, , , , , , , , , , , , , , , , , , , , , , , , , , , , 
23.3082692, 0.0199741, , , , , , , 23.3082692, -0.139147, , , , , , , 23.3082692, -0.0263523, , , , , , , 23.3082692, 0.0543832, , , , , , , , , , , , , , , , , , , , , , , , , , , , 
23.3087885, 0.0287022, , , , , , , 23.3087885, -0.0807355, , , , , , , 23.3087885, -0.0263523, , , , , , , 23.3087885, 0.0441444, , , , , , , , , , , , , , , , , , , , , , , , , , , , 
23.3093077, 0.0354162, , , , , , , 23.3093077, -0.0229953, , , , , , , 23.3093077, -0.0283665, , , , , , , 23.3093077, 0.0337377, , , , , , , , , , , , , , , , , , , , , , , , , , , , 
23.3098269, 0.0394446, , , , , , , 23.3098269, -0.012253, , , , , , , 23.3098269, -0.0290379, , , , , , , 23.3098269, 0.0265202, , , , , , , , , , , , , , , , , , , , , , , , , , , , 
23.3103462, 0.0438087, , , , , , , 23.3103462, -0.0330663, , , , , , , 23.3103462, -0.0263523, , , , , , , 23.3103462, 0.0206455, , , , , , , , , , , , , , , , , , , , , , , , , , , , 
23.3108654, 0.0498512, , , , , , , 23.3108654, -0.0475013, , , , , , , 23.3108654, -0.0135958, , , , , , , 23.3108654, 0.0159457, , , , , , , , , , , , , , , , , , , , , , , , , , , , 
23.3113846, 0.0547189, , , , , , , 23.3113846, -0.051194, , , , , , , 23.3113846, 0.0065461, , , , , , , 23.3113846, 0.0140993, , , , , , , , , , , , , , , , , , , , , , , , , , , , 
23.3119038, 0.0560616, , , , , , , 23.3119038, -0.043473, , , , , , , 23.3119038, 0.0263523, , , , , , , 23.3119038, 0.0132601, , , , , , , , , , , , , , , , , , , , , , , , , , , , 
23.3124231, 0.0506905, , , , , , , 23.3124231, -0.0256809, , , , , , , 23.3124231, 0.040116, , , , , , , 23.3124231, 0.0099031, , , , , , , , , , , , , , , , , , , , , , , , , , , , 
23.3129423, 0.0414588, , , , , , , 23.3129423, -0.0075532, , , , , , , 23.3129423, 0.0475013, , , , , , , 23.3129423, 0.0078889, , , , , , , , , , , , , , , , , , , , , , , , , , , , 
23.3134615, 0.0317235, , , , , , , 23.3134615, 0.0092317, , , , , , , 23.3134615, 0.0542153, , , , , , , 23.3134615, 0.0095674, , , , , , , , , , , , , , , , , , , , , , , , , , , , 
23.3139808, 0.0246738, , , , , , , 23.3139808, 0.0270237, , , , , , , 23.3139808, 0.064622, , , , , , , 23.3139808, 0.0132601, , , , , , , , , , , , , , , , , , , , , , , , , , , , 
23.3145, 0.0171206, , , , , , , 23.3145, 0.0276951, , , , , , , 23.3145, 0.0763714, , , , , , , 23.3145, 0.0159457, , , , , , , , , , , , , , , , , , , , , , , , , , , , 
23.3150192, 0.0043641, , , , , , , 23.3150192, 0.0070497, , , , , , , 23.3150192, 0.0803998, , , , , , , 23.3150192, 0.0179599, , , , , , , , , , , , , , , , , , , , , , , , , , , , 
23.3155385, -0.0082246, , , , , , , 23.3155385, -0.0142672, , , , , , , 23.3155385, 0.0743572, , , , , , , 23.3155385, 0.0186313, , , , , , , , , , , , , , , , , , , , , , , , , , , , 
23.3160577, -0.0196384, , , , , , , 23.3160577, -0.0246738, , , , , , , 23.3160577, 0.0589151, , , , , , , 23.3160577, 0.0151064, , , , , , , , , , , , , , , , , , , , , , , , , , , , 
23.3165769, -0.0337377, , , , , , , 23.3165769, -0.0391089, , , , , , , 23.3165769, 0.030045, , , , , , , 23.3165769, 0.0095674, , , , , , , , , , , , , , , , , , , , , , , , , , , , 
23.3170962, -0.0475013, , , , , , , 23.3170962, -0.0592508, , , , , , , 23.3170962, -0.0099031, , , , , , , 23.3170962, 0.0075532, , , , , , , , , , , , , , , , , , , , , , , , , , , , 
23.3176154, -0.0594186, , , , , , , 23.3176154, -0.0663005, , , , , , , 23.3176154, -0.0525368, , , , , , , 23.3176154, 0.0085603, , , , , , , , , , , , , , , , , , , , , , , , , , , , 
23.3181346, -0.0654612, , , , , , , 23.3181346, -0.0491798, , , , , , , 23.3181346, -0.0976883, , , , , , , 23.3181346, 0.0109102, , , , , , , , , , , , , , , , , , , , , , , , , , , , 
23.3186538, -0.0599222, , , , , , , 23.3186538, -0.0290379, , , , , , , 23.3186538, -0.1443503, , , , , , , 23.3186538, 0.0129244, , , , , , , , , , , , , , , , , , , , , , , , , , , , 
23.3191731, -0.0451514, , , , , , , 23.3191731, -0.0169528, , , , , , , 23.3191731, -0.1790951, , , , , , , 23.3191731, 0.0132601, , , , , , , , , , , , , , , , , , , , , , , , , , , , 
23.3196923, -0.03122, , , , , , , 23.3196923, 0.0052033, , , , , , , 23.3196923, -0.1896696, , , , , , , 23.3196923, 0.0109102, , , , , , , , , , , , , , , , , , , , , , , , , , , , 
23.3202115, -0.021149, , , , , , , 23.3202115, 0.0506905, , , , , , , 23.3202115, -0.1868162, , , , , , , 23.3202115, 0.0072175, , , , , , , , , , , , , , , , , , , , , , , , , , , , 
23.3207308, -0.012253, , , , , , , 23.3207308, 0.0928206, , , , , , , 23.3207308, -0.1764096, , , , , , , 23.3207308, 0.0045319, , , , , , , , , , , , , , , , , , , , , , , , , , , , 
23.32125, -0.0023499, , , , , , , 23.32125, 0.1040665, , , , , , , 23.32125, -0.1515679, , , , , , , 23.32125, 0.0025177, , , , , , , , , , , , , , , , , , , , , , , , , , , , 
23.3217692, 0.0090639, , , , , , , 23.3217692, 0.0941634, , , , , , , 23.3217692, -0.1176623, , , , , , , 23.3217692, -0.0003357, , , , , , , , , , , , , , , , , , , , , , , , , , , , 
23.3222885, 0.021149, , , , , , , 23.3222885, 0.0877852, , , , , , , 23.3222885, -0.0827497, , , , , , , 23.3222885, -0.0015106, , , , , , , , , , , , , , , , , , , , , , , , , , , , 
23.3228077, 0.0270237, , , , , , , 23.3228077, 0.0867781, , , , , , , 23.3228077, -0.0495155, , , , , , , 23.3228077, 0.0018463, , , , , , , , , , , , , , , , , , , , , , , , , , , , 
23.3233269, 0.0298772, , , , , , , 23.3233269, 0.0663005, , , , , , , 23.3233269, -0.0176242, , , , , , , 23.3233269, 0.0099031, , , , , , , , , , , , , , , , , , , , , , , , , , , , 
23.3238462, 0.0287022, , , , , , , 23.3238462, 0.0253452, , , , , , , 23.3238462, 0.0095674, , , , , , , 23.3238462, 0.0186313, , , , , , , , , , , , , , , , , , , , , , , , , , , , 
23.3243654, 0.0246738, , , , , , , 23.3243654, -0.0162814, , , , , , , 23.3243654, 0.026688, , , , , , , 23.3243654, 0.026688, , , , , , , , , , , , , , , , , , , , , , , , , , , , 
23.3248846, 0.0209812, , , , , , , 23.3248846, -0.0414588, , , , , , , 23.3248846, 0.0320592, , , , , , , 23.3248846, 0.0340734, , , , , , , , , , , , , , , , , , , , , , , , , , , , 
23.3254038, 0.0209812, , , , , , , 23.3254038, -0.0486763, , , , , , , 23.3254038, 0.0280308, , , , , , , 23.3254038, 0.0369268, , , , , , , , , , , , , , , , , , , , , , , , , , , , 
23.3259231, 0.0218204, , , , , , , 23.3259231, -0.0552224, , , , , , , 23.3259231, 0.0199741, , , , , , , 23.3259231, 0.036759, , , , , , , , , , , , , , , , , , , , , , , , , , , , 
23.3264423, 0.0219883, , , , , , , 23.3264423, -0.0748608, , , , , , , 23.3264423, 0.0082246, , , , , , , 23.3264423, 0.0293736, , , , , , , , , , , , , , , , , , , , , , , , , , , , 
23.3269615, 0.0226596, , , , , , , 23.3269615, -0.0891279, , , , , , , 23.3269615, -0.0005035, , , , , , , 23.3269615, 0.0186313, , , , , , , , , , , , , , , , , , , , , , , , , , , , 
23.3274808, 0.0223239, , , , , , , 23.3274808, -0.0830854, , , , , , , 23.3274808, -0.0045319, , , , , , , 23.3274808, 0.0102388, , , , , , , , , , , , , , , , , , , , , , , , , , , , 
23.328, 0.0240024, , , , , , , 23.328, -0.068986, , , , , , , 23.328, -0.0028534, , , , , , , 23.328, 0.0031891, , , , , , , , , , , , , , , , , , , , , , , , , , , , 
23.3285192, 0.0327306, , , , , , , 23.3285192, -0.0592508, , , , , , , 23.3285192, 0.0001678, , , , , , , 23.3285192, -0.0008392, , , , , , , , , , , , , , , , , , , , , , , , , , , , 
23.3290385, 0.0412909, , , , , , , 23.3290385, -0.0488441, , , , , , , 23.3290385, 0.0092317, , , , , , , 23.3290385, 0.0005035, , , , , , , , , , , , , , , , , , , , , , , , , , , , 
23.3295577, 0.0473335, , , , , , , 23.3295577, -0.0344091, , , , , , , 23.3295577, 0.023331, , , , , , , 23.3295577, 0.0062104, , , , , , , , , , , , , , , , , , , , , , , , , , , , 
23.3300769, 0.0595865, , , , , , , 23.3300769, -0.0193027, , , , , , , 23.3300769, 0.0441444, , , , , , , 23.3300769, 0.0052033, , , , , , , , , , , , , , , , , , , , , , , , , , , , 
23.3305962, 0.0720073, , , , , , , 23.3305962, 0.0041962, , , , , , , 23.3305962, 0.0817426, , , , , , , 23.3305962, -0.005539, , , , , , , , , , , , , , , , , , , , , , , , , , , , 
23.3311154, 0.0730144, , , , , , , 23.3311154, 0.0428016, , , , , , , 23.3311154, 0.128069, , , , , , , 23.3311154, -0.018967, , , , , , , , , , , , , , , , , , , , , , , , , , , , 
23.3316346, 0.0688182, , , , , , , 23.3316346, 0.072343, , , , , , , 23.3316346, 0.1604639, , , , , , , 23.3316346, -0.0298772, , , , , , , , , , , , , , , , , , , , , , , , , , , , 
23.3321538, 0.0642863, , , , , , , 23.3321538, 0.0787213, , , , , , , 23.3321538, 0.1730526, , , , , , , 23.3321538, -0.0339055, , , , , , , , , , , , , , , , , , , , , , , , , , , , 
23.3326731, 0.0533761, , , , , , , 23.3326731, 0.0763714, , , , , , , 23.3326731, 0.1730526, , , , , , , 23.3326731, -0.0307164, , , , , , , , , , , , , , , , , , , , , , , , , , , , 
23.3331923, 0.0454871, , , , , , , 23.3331923, 0.0793927, , , , , , , 23.3331923, 0.1698634, , , , , , , 23.3331923, -0.0246738, , , , , , , , , , , , , , , , , , , , , , , , , , , , 
23.3337115, 0.0448157, , , , , , , 23.3337115, 0.0856031, , , , , , , 23.3337115, 0.1616388, , , , , , , 23.3337115, -0.01561, , , , , , , , , , , , , , , , , , , , , , , , , , , , 
23.3342308, 0.0433051, , , , , , , 23.3342308, 0.0775463, , , , , , , 23.3342308, 0.1441825, , , , , , , 23.3342308, -0.0082246, , , , , , , , , , , , , , , , , , , , , , , , , , , , 
23.33475, 0.0365911, , , , , , , 23.33475, 0.0589151, , , , , , , 23.33475, 0.1139696, , , , , , , 23.33475, -0.0018463, , , , , , , , , , , , , , , , , , , , , , , , , , , , 
23.3352692, 0.0253452, , , , , , , 23.3352692, 0.0387732, , , , , , , 23.3352692, 0.0629435, , , , , , , 23.3352692, 0.0031891, , , , , , , , , , , , , , , , , , , , , , , , , , , , 
23.3357885, 0.0135958, , , , , , , 23.3357885, 0.0179599, , , , , , , 23.3357885, -0.0171206, , , , , , , 23.3357885, 0.0082246, , , , , , , , , , , , , , , , , , , , , , , , , , , , 
23.3363077, -0.0045319, , , , , , , 23.3363077, -0.0048676, , , , , , , 23.3363077, -0.1210193, , , , , , , 23.3363077, 0.0172885, , , , , , , , , , , , , , , , , , , , , , , , , , , , 
23.3368269, -0.0209812, , , , , , , 23.3368269, -0.0250095, , , , , , , 23.3368269, -0.2254215, , , , , , , 23.3368269, 0.0273594, , , , , , , , , , , , , , , , , , , , , , , , , , , , 
23.3373462, -0.0317235, , , , , , , 23.3373462, -0.0448157, , , , , , , 23.3373462, -0.3019608, , , , , , , 23.3373462, 0.033402, , , , , , , , , , , , , , , , , , , , , , , , , , , , 
23.3378654, -0.0421302, , , , , , , 23.3378654, -0.0639506, , , , , , , 23.3378654, -0.3368734, , , , , , , 23.3378654, 0.0359197, , , , , , , , , , , , , , , , , , , , , , , , , , , , 
23.3383846, -0.0485084, , , , , , , 23.3383846, -0.0793927, , , , , , , 23.3383846, -0.3325093, , , , , , , 23.3383846, 0.0407874, , , , , , , , , , , , , , , , , , , , , , , , , , , , 
23.3389038, -0.0475013, , , , , , , 23.3389038, -0.0874495, , , , , , , 23.3389038, -0.3049821, , , , , , , 23.3389038, 0.0525368, , , , , , , , , , , , , , , , , , , , , , , , , , , , 
23.3394231, -0.0471656, , , , , , , 23.3394231, -0.0908064, , , , , , , 23.3394231, -0.2808118, , , , , , , 23.3394231, 0.0720073, , , , , , , , , , , , , , , , , , , , , , , , , , , , 
23.3399423, -0.0491798, , , , , , , 23.3399423, -0.0914778, , , , , , , 23.3399423, -0.2707408, , , , , , , 23.3399423, 0.0877852, , , , , , , , , , , , , , , , , , , , , , , , , , , , 
23.3404615, -0.0501869, , , , , , , 23.3404615, -0.0921492, , , , , , , 23.3404615, -0.2552987, , , , , , , 23.3404615, 0.0951705, , , , , , , , , , , , , , , , , , , , , , , , , , , , 
23.3409808, -0.0454871, , , , , , , 23.3409808, -0.0867781, , , , , , , 23.3409808, -0.2072938, , , , , , , 23.3409808, 0.0958419, , , , , , , , , , , , , , , , , , , , , , , , , , , , 
23.3415, -0.0359197, , , , , , , 23.3415, -0.0693217, , , , , , , 23.3415, -0.1361257, , , , , , , 23.3415, 0.0892958, , , , , , , , , , , , , , , , , , , , , , , , , , , , 
23.3420192, -0.0250095, , , , , , , 23.3420192, -0.0473335, , , , , , , 23.3420192, -0.0663005, , , , , , , 23.3420192, 0.0755322, , , , , , , , , , , , , , , , , , , , , , , , , , , , 
23.3425385, -0.0132601, , , , , , , 23.3425385, -0.0317235, , , , , , , 23.3425385, -0.0117494, , , , , , , 23.3425385, 0.0575723, , , , , , , , , , , , , , , , , , , , , , , , , , , , 
23.3430577, -0.0052033, , , , , , , 23.3430577, -0.0243381, , , , , , , 23.3430577, 0.0260166, , , , , , , 23.3430577, 0.0397803, , , , , , , , , , , , , , , , , , , , , , , , , , , , 
23.3435769, 0.0011749, , , , , , , 23.3435769, -0.0213169, , , , , , , 23.3435769, 0.0495155, , , , , , , 23.3435769, 0.0243381, , , , , , , , , , , , , , , , , , , , , , , , , , , , 
23.3440962, 0.0077211, , , , , , , 23.3440962, -0.0142672, , , , , , , 23.3440962, 0.0649577, , , , , , , 23.3440962, 0.0132601, , , , , , , , , , , , , , , , , , , , , , , , , , , , 
23.3446154, 0.0117494, , , , , , , 23.3446154, -0.0028534, , , , , , , 23.3446154, 0.0736858, , , , , , , 23.3446154, 0.0058747, , , , , , , , , , , , , , , , , , , , , , , , , , , , 
23.3451346, 0.0105745, , , , , , , 23.3451346, 0.0062104, , , , , , , 23.3451346, 0.0810712, , , , , , , 23.3451346, -0.0011749, , , , , , , , , , , , , , , , , , , , , , , , , , , , 
23.3456538, 0.0092317, , , , , , , 23.3456538, 0.008896, , , , , , , 23.3456538, 0.0877852, , , , , , , 23.3456538, -0.0082246, , , , , , , , , , , , , , , , , , , , , , , , , , , , 
23.3461731, 0.0078889, , , , , , , 23.3461731, 0.0083925, , , , , , , 23.3461731, 0.0938277, , , , , , , 23.3461731, -0.0125887, , , , , , , , , , , , , , , , , , , , , , , , , , , , 
23.3466923, 0.0105745, , , , , , , 23.3466923, 0.0135958, , , , , , , 23.3466923, 0.0990311, , , , , , , 23.3466923, -0.01561, , , , , , , , , , , , , , , , , , , , , , , , , , , , 
23.3472115, 0.0146029, , , , , , , 23.3472115, 0.0287022, , , , , , , 23.3472115, 0.1018845, , , , , , , 23.3472115, -0.0166171, , , , , , , , , , , , , , , , , , , , , , , , , , , , 
23.3477308, 0.0203098, , , , , , , 23.3477308, 0.0454871, , , , , , , 23.3477308, 0.1027237, , , , , , , 23.3477308, -0.0218204, , , , , , , , , , , , , , , , , , , , , , , , , , , , 
23.34825, 0.0297093, , , , , , , 23.34825, 0.0525368, , , , , , , 23.34825, 0.1005417, , , , , , , 23.34825, -0.0323949, , , , , , , , , , , , , , , , , , , , , , , , , , , , 
23.3487692, 0.0488441, , , , , , , 23.3487692, 0.0485084, , , , , , , 23.3487692, 0.0965133, , , , , , , 23.3487692, -0.0421302, , , , , , , , , , , , , , , , , , , , , , , , , , , , 
23.3492885, 0.0736858, , , , , , , 23.3492885, 0.04448, , , , , , , 23.3492885, 0.0938277, , , , , , , 23.3492885, -0.04448, , , , , , , , , , , , , , , , , , , , , , , , , , , , 
23.3498077, 0.0871138, , , , , , , 23.3498077, 0.0424659, , , , , , , 23.3498077, 0.0950027, , , , , , , 23.3498077, -0.0417945, , , , , , , , , , , , , , , , , , , , , , , , , , , , 
23.3503269, 0.0881209, , , , , , , 23.3503269, 0.0370947, , , , , , , 23.3503269, 0.0951705, , , , , , , 23.3503269, -0.0407874, , , , , , , , , , , , , , , , , , , , , , , , , , , , 
23.3508462, 0.0866102, , , , , , , 23.3508462, 0.0240024, , , , , , , 23.3508462, 0.0918135, , , , , , , 23.3508462, -0.0404517, , , , , , , , , , , , , , , , , , , , , , , , , , , , 
23.3513654, 0.0877852, , , , , , , 23.3513654, 0.0075532, , , , , , , 23.3513654, 0.085771, , , , , , , 23.3513654, -0.0381018, , , , , , , , , , , , , , , , , , , , , , , , , , , , 
23.3518846, 0.0850996, , , , , , , 23.3518846, -0.0045319, , , , , , , 23.3518846, 0.0793927, , , , , , , 23.3518846, -0.0344091, , , , , , , , , , , , , , , , , , , , , , , , , , , , 
23.3524038, 0.0730144, , , , , , , 23.3524038, -0.0109102, , , , , , , 23.3524038, 0.0736858, , , , , , , 23.3524038, -0.0303807, , , , , , , , , , , , , , , , , , , , , , , , , , , , 
23.3529231, 0.0592508, , , , , , , 23.3529231, -0.0142672, , , , , , , 23.3529231, 0.0683146, , , , , , , 23.3529231, -0.024506, , , , , , , , , , , , , , , , , , , , , , , , , , , , 
23.3534423, 0.0481727, , , , , , , 23.3534423, -0.0246738, , , , , , , 23.3534423, 0.0627756, , , , , , , 23.3534423, -0.0181277, , , , , , , , , , , , , , , , , , , , , , , , , , , , 
23.3539615, 0.0374304, , , , , , , 23.3539615, -0.0404517, , , , , , , 23.3539615, 0.0569009, , , , , , , 23.3539615, -0.012253, , , , , , , , , , , , , , , , , , , , , , , , , , , , 
23.3544808, 0.0206455, , , , , , , 23.3544808, -0.0441444, , , , , , , 23.3544808, 0.0522011, , , , , , , 23.3544808, -0.002182, , , , , , , , , , , , , , , , , , , , , , , , , , , , 
23.355, 0.0048676, , , , , , , 23.355, -0.0310521, , , , , , , 23.355, 0.0589151, , , , , , , 23.355, 0.0117494, , , , , , , , , , , , , , , , , , , , , , , , , , , , 
23.3555192, -0.0075532, , , , , , , 23.3555192, -0.018967, , , , , , , 23.3555192, 0.0741894, , , , , , , 23.3555192, 0.026688, , , , , , , , , , , , , , , , , , , , , , , , , , , , 
23.3560385, -0.0159457, , , , , , , 23.3560385, -0.0176242, , , , , , , 23.3560385, 0.0904707, , , , , , , 23.3560385, 0.0411231, , , , , , , , , , , , , , , , , , , , , , , , , , , , 
23.3565577, -0.0229953, , , , , , , 23.3565577, -0.0075532, , , , , , , 23.3565577, 0.0995346, , , , , , , 23.3565577, 0.0515297, , , , , , , , , , , , , , , , , , , , , , , , , , , , 
23.3570769, -0.0297093, , , , , , , 23.3570769, 0.0139315, , , , , , , 23.3570769, 0.0897993, , , , , , , 23.3570769, 0.0589151, , , , , , , , , , , , , , , , , , , , , , , , , , , , 
23.3575962, -0.033402, , , , , , , 23.3575962, 0.0166171, , , , , , , 23.3575962, 0.0632792, , , , , , , 23.3575962, 0.0649577, , , , , , , , , , , , , , , , , , , , , , , , , , , , 
23.3581154, -0.0337377, , , , , , , 23.3581154, -0.0028534, , , , , , , 23.3581154, 0.0290379, , , , , , , 23.3581154, 0.0649577, , , , , , , , , , , , , , , , , , , , , , , , , , , , 
23.3586346, -0.0273594, , , , , , , 23.3586346, -0.0199741, , , , , , , 23.3586346, -0.005539, , , , , , , 23.3586346, 0.0548867, , , , , , , , , , , , , , , , , , , , , , , , , , , , 
23.3591538, -0.0152743, , , , , , , 23.3591538, -0.0182956, , , , , , , 23.3591538, -0.0303807, , , , , , , 23.3591538, 0.0421302, , , , , , , , , , , , , , , , , , , , , , , , , , , , 
23.3596731, -0.0016785, , , , , , , 23.3596731, -0.0011749, , , , , , , 23.3596731, -0.0424659, , , , , , , 23.3596731, 0.0354162, , , , , , , , , , , , , , , , , , , , , , , , , , , , 
23.3601923, 0.0099031, , , , , , , 23.3601923, 0.0253452, , , , , , , 23.3601923, -0.0485084, , , , , , , 23.3601923, 0.0320592, , , , , , , , , , , , , , , , , , , , , , , , , , , , 
23.3607115, 0.0119173, , , , , , , 23.3607115, 0.043473, , , , , , , 23.3607115, -0.0558938, , , , , , , 23.3607115, 0.0303807, , , , , , , , , , , , , , , , , , , , , , , , , , , , 
23.3612308, 0.008896, , , , , , , 23.3612308, 0.043473, , , , , , , 23.3612308, -0.0694896, , , , , , , 23.3612308, 0.026688, , , , , , , , , , , , , , , , , , , , , , , , , , , , 
23.36175, 0.0085603, , , , , , , 23.36175, 0.0219883, , , , , , , 23.36175, -0.0871138, , , , , , , 23.36175, 0.0216526, , , , , , , , , , , , , , , , , , , , , , , , , , , , 
23.3622692, 0.0070497, , , , , , , 23.3622692, -0.0146029, , , , , , , 23.3622692, -0.1052415, , , , , , , 23.3622692, 0.0186313, , , , , , , , , , , , , , , , , , , , , , , , , , , , 
23.3627885, 0.0045319, , , , , , , 23.3627885, -0.043473, , , , , , , 23.3627885, -0.1159838, , , , , , , 23.3627885, 0.0139315, , , , , , , , , , , , , , , , , , , , , , , , , , , , 
23.3633077, -0.0008392, , , , , , , 23.3633077, -0.0602579, , , , , , , 23.3633077, -0.1129625, , , , , , , 23.3633077, 0.0102388, , , , , , , , , , , , , , , , , , , , , , , , , , , , 
23.3638269, -0.0041962, , , , , , , 23.3638269, -0.0753643, , , , , , , 23.3638269, -0.1012131, , , , , , , 23.3638269, 0.0119173, , , , , , , , , , , , , , , , , , , , , , , , , , , , 
23.3643462, -0.0028534, , , , , , , 23.3643462, -0.0840925, , , , , , , 23.3643462, -0.0921492, , , , , , , 23.3643462, 0.0151064, , , , , , , , , , , , , , , , , , , , , , , , , , , , 
23.3648654, -0.0018463, , , , , , , 23.3648654, -0.0758679, , , , , , , 23.3648654, -0.0909743, , , , , , , 23.3648654, 0.0179599, , , , , , , , , , , , , , , , , , , , , , , , , , , , 
23.3653846, 0.0011749, , , , , , , 23.3653846, -0.0522011, , , , , , , 23.3653846, -0.0871138, , , , , , , 23.3653846, 0.0182956, , , , , , , , , , , , , , , , , , , , , , , , , , , , 
23.3659038, 0.0087282, , , , , , , 23.3659038, -0.027863, , , , , , , 23.3659038, -0.0721752, , , , , , , 23.3659038, 0.0166171, , , , , , , , , , , , , , , , , , , , , , , , , , , , 
23.3664231, 0.0149386, , , , , , , 23.3664231, -0.0105745, , , , , , , 23.3664231, -0.0513619, , , , , , , 23.3664231, 0.0146029, , , , , , , , , , , , , , , , , , , , , , , , , , , , 
23.3669423, 0.0172885, , , , , , , 23.3669423, 0.0025177, , , , , , , 23.3669423, -0.0250095, , , , , , , 23.3669423, 0.0085603, , , , , , , , , , , , , , , , , , , , , , , , , , , , 
23.3674615, 0.0146029, , , , , , , 23.3674615, 0.008896, , , , , , , 23.3674615, 0.002182, , , , , , , 23.3674615, -0.0003357, , , , , , , , , , , , , , , , , , , , , , , , , , , , 
23.3679808, 0.0171206, , , , , , , 23.3679808, 0.008896, , , , , , , 23.3679808, 0.0176242, , , , , , , 23.3679808, -0.0075532, , , , , , , , , , , , , , , , , , , , , , , , , , , , 
23.3685, 0.0344091, , , , , , , 23.3685, 0.0109102, , , , , , , 23.3685, 0.0213169, , , , , , , 23.3685, -0.0135958, , , , , , , , , , , , , , , , , , , , , , , , , , , , 
23.3690192, 0.0562295, , , , , , , 23.3690192, 0.0179599, , , , , , , 23.3690192, 0.0238346, , , , , , , 23.3690192, -0.018967, , , , , , , , , , , , , , , , , , , , , , , , , , , , 
23.3695385, 0.0669718, , , , , , , 23.3695385, 0.0250095, , , , , , , 23.3695385, 0.0273594, , , , , , , 23.3695385, -0.023331, , , , , , , , , , , , , , , , , , , , , , , , , , , , 
23.3700577, 0.0694896, , , , , , , 23.3700577, 0.0354162, , , , , , , 23.3700577, 0.0273594, , , , , , , 23.3700577, -0.0263523, , , , , , , , , , , , , , , , , , , , , , , , , , , , 
23.3705769, 0.0757, , , , , , , 23.3705769, 0.0481727, , , , , , , 23.3705769, 0.021149, , , , , , , 23.3705769, -0.026688, , , , , , , , , , , , , , , , , , , , , , , , , , , , 
23.3710962, 0.0834211, , , , , , , 23.3710962, 0.0602579, , , , , , , 23.3710962, 0.0090639, , , , , , , 23.3710962, -0.0224918, , , , , , , , , , , , , , , , , , , , , , , , , , , , 
23.3716154, 0.0820783, , , , , , , 23.3716154, 0.0750286, , , , , , , 23.3716154, -0.0112459, , , , , , , 23.3716154, -0.0162814, , , , , , , , , , , , , , , , , , , , , , , , , , , , 
23.3721346, 0.0730144, , , , , , , 23.3721346, 0.0730144, , , , , , , 23.3721346, -0.0407874, , , , , , , 23.3721346, -0.0070497, , , , , , , , , , , , , , , , , , , , , , , , , , , , 
23.3726538, 0.061265, , , , , , , 23.3726538, 0.0468299, , , , , , , 23.3726538, -0.0696574, , , , , , , 23.3726538, 0.0050355, , , , , , , , , , , , , , , , , , , , , , , , , , , , 
23.3731731, 0.0454871, , , , , , , 23.3731731, 0.0193027, , , , , , , 23.3731731, -0.0874495, , , , , , , 23.3731731, 0.0171206, , , , , , , , , , , , , , , , , , , , , , , , , , , , 
23.3736923, 0.030045, , , , , , , 23.3736923, 0.0028534, , , , , , , 23.3736923, -0.0944991, , , , , , , 23.3736923, 0.0293736, , , , , , , , , , , , , , , , , , , , , , , , , , , , 
23.3742115, 0.0186313, , , , , , , 23.3742115, -0.012253, , , , , , , 23.3742115, -0.0928206, , , , , , , 23.3742115, 0.0421302, , , , , , , , , , , , , , , , , , , , , , , , , , , , 
23.3747308, 0.0045319, , , , , , , 23.3747308, -0.0223239, , , , , , , 23.3747308, -0.0867781, , , , , , , 23.3747308, 0.0522011, , , , , , , , , , , , , , , , , , , , , , , , , , , , 
23.37525, -0.0135958, , , , , , , 23.37525, -0.024506, , , , , , , 23.37525, -0.0815747, , , , , , , 23.37525, 0.0575723, , , , , , , , , , , , , , , , , , , , , , , , , , , , 
23.3757692, -0.0292058, , , , , , , 23.3757692, -0.0310521, , , , , , , 23.3757692, -0.0780499, , , , , , , 23.3757692, 0.0595865, , , , , , , , , , , , , , , , , , , , , , , , , , , , 
23.3762885, -0.0399481, , , , , , , 23.3762885, -0.0448157, , , , , , , 23.3762885, -0.0827497, , , , , , , 23.3762885, 0.0575723, , , , , , , , , , , , , , , , , , , , , , , , , , , , 
23.3768077, -0.0558938, , , , , , , 23.3768077, -0.061265, , , , , , , 23.3768077, -0.1022202, , , , , , , 23.3768077, 0.0548867, , , , , , , , , , , , , , , , , , , , , , , , , , , , 
23.3773269, -0.0713359, , , , , , , 23.3773269, -0.0642863, , , , , , , 23.3773269, -0.1210193, , , , , , , 23.3773269, 0.0513619, , , , , , , , , , , , , , , , , , , , , , , , , , , , 
23.3778462, -0.0814069, , , , , , , 23.3778462, -0.0641184, , , , , , , 23.3778462, -0.1206836, , , , , , , 23.3778462, 0.0441444, , , , , , , , , , , , , , , , , , , , , , , , , , , , 
23.3783654, -0.0819104, , , , , , , 23.3783654, -0.0706645, , , , , , , 23.3783654, -0.1059129, , , , , , , 23.3783654, 0.0360876, , , , , , , , , , , , , , , , , , , , , , , , , , , , 
23.3788846, -0.0741894, , , , , , , 23.3788846, -0.0750286, , , , , , , 23.3788846, -0.0914778, , , , , , , 23.3788846, 0.0290379, , , , , , , , , , , , , , , , , , , , , , , , , , , , 
23.3794038, -0.0663005, , , , , , , 23.3794038, -0.0673075, , , , , , , 23.3794038, -0.0827497, , , , , , , 23.3794038, 0.0213169, , , , , , , , , , , , , , , , , , , , , , , , , , , , 
23.3799231, -0.0592508, , , , , , , 23.3799231, -0.047837, , , , , , , 23.3799231, -0.0795605, , , , , , , 23.3799231, 0.0137636, , , , , , , , , , , , , , , , , , , , , , , , , , , , 
23.3804423, -0.0518654, , , , , , , 23.3804423, -0.0283665, , , , , , , 23.3804423, -0.0753643, , , , , , , 23.3804423, 0.0062104, , , , , , , , , , , , , , , , , , , , , , , , , , , , 
23.3809615, -0.0411231, , , , , , , 23.3809615, -0.0159457, , , , , , , 23.3809615, -0.0616007, , , , , , , 23.3809615, 0.0003357, , , , , , , , , , , , , , , , , , , , , , , , , , , , 
23.3814808, -0.0293736, , , , , , , 23.3814808, -0.0102388, , , , , , , 23.3814808, -0.0374304, , , , , , , 23.3814808, -0.0020142, , , , , , , , , , , , , , , , , , , , , , , , , , , , 
23.382, -0.0176242, , , , , , , 23.382, -0.0072175, , , , , , , 23.382, -0.0112459, , , , , , , 23.382, -0.0025177, , , , , , , , , , , , , , , , , , , , , , , , , , , , 
23.3825192, -0.0036927, , , , , , , 23.3825192, -0.0058747, , , , , , , 23.3825192, 0.0099031, , , , , , , 23.3825192, -0.0035248, , , , , , , , , , , , , , , , , , , , , , , , , , , , 
23.3830385, 0.0082246, , , , , , , 23.3830385, -0.0015106, , , , , , , 23.3830385, 0.0271916, , , , , , , 23.3830385, -0.0075532, , , , , , , , , , , , , , , , , , , , , , , , , , , , 
23.3835577, 0.0166171, , , , , , , 23.3835577, 0.0053712, , , , , , , 23.3835577, 0.0446479, , , , , , , 23.3835577, -0.0112459, , , , , , , , , , , , , , , , , , , , , , , , , , , , 
23.3840769, 0.0260166, , , , , , , 23.3840769, 0.01561, , , , , , , 23.3840769, 0.057908, , , , , , , 23.3840769, -0.0135958, , , , , , , , , , , , , , , , , , , , , , , , , , , , 
23.3845962, 0.0340734, , , , , , , 23.3845962, 0.0307164, , , , , , , 23.3845962, 0.0663005, , , , , , , 23.3845962, -0.0152743, , , , , , , , , , , , , , , , , , , , , , , , , , , , 
23.3851154, 0.0397803, , , , , , , 23.3851154, 0.0522011, , , , , , , 23.3851154, 0.068986, , , , , , , 23.3851154, -0.0162814, , , , , , , , , , , , , , , , , , , , , , , , , , , , 
23.3856346, 0.0454871, , , , , , , 23.3856346, 0.0750286, , , , , , , 23.3856346, 0.0669718, , , , , , , 23.3856346, -0.018967, , , , , , , , , , , , , , , , , , , , , , , , , , , , 
23.3861538, 0.0555581, , , , , , , 23.3861538, 0.0882887, , , , , , , 23.3861538, 0.0636149, , , , , , , 23.3861538, -0.0191348, , , , , , , , , , , , , , , , , , , , , , , , , , , , 
23.3866731, 0.0659648, , , , , , , 23.3866731, 0.0891279, , , , , , , 23.3866731, 0.0616007, , , , , , , 23.3866731, -0.0176242, , , , , , , , , , , , , , , , , , , , , , , , , , , , 
23.3871923, 0.0656291, , , , , , , 23.3871923, 0.0750286, , , , , , , 23.3871923, 0.0669718, , , , , , , 23.3871923, -0.0166171, , , , , , , , , , , , , , , , , , , , , , , , , , , , 
23.3877115, 0.061265, , , , , , , 23.3877115, 0.0616007, , , , , , , 23.3877115, 0.0797284, , , , , , , 23.3877115, -0.0152743, , , , , , , , , , , , , , , , , , , , , , , , , , , , 
23.3882308, 0.0696574, , , , , , , 23.3882308, 0.0632792, , , , , , , 23.3882308, 0.0911421, , , , , , , 23.3882308, -0.0102388, , , , , , , , , , , , , , , , , , , , , , , , , , , , 
23.38875, 0.0844282, , , , , , , 23.38875, 0.0622721, , , , , , , 23.38875, 0.0988632, , , , , , , 23.38875, -0.0025177, , , , , , , , , , , , , , , , , , , , , , , , , , , , 
23.3892692, 0.096849, , , , , , , 23.3892692, 0.0374304, , , , , , , 23.3892692, 0.1018845, , , , , , , 23.3892692, 0.0048676, , , , , , , , , , , , , , , , , , , , , , , , , , , , 
23.3897885, 0.1012131, , , , , , , 23.3897885, -0.0005035, , , , , , , 23.3897885, 0.0998703, , , , , , , 23.3897885, 0.0070497, , , , , , , , , , , , , , , , , , , , , , , , , , , , 
23.3903077, 0.0975204, , , , , , , 23.3903077, -0.0377661, , , , , , , 23.3903077, 0.0936599, , , , , , , 23.3903077, 0.0035248, , , , , , , , , , , , , , , , , , , , , , , , , , , , 
23.3908269, 0.0924849, , , , , , , 23.3908269, -0.077882, , , , , , , 23.3908269, 0.0830854, , , , , , , 23.3908269, 0.0011749, , , , , , , , , , , , , , , , , , , , , , , , , , , , 
23.3913462, 0.0822461, , , , , , , 23.3913462, -0.128069, , , , , , , 23.3913462, 0.0730144, , , , , , , 23.3913462, 0.0048676, , , , , , , , , , , , , , , , , , , , , , , , , , , , 
23.3918654, 0.0649577, , , , , , , 23.3918654, -0.1708705, , , , , , , 23.3918654, 0.068986, , , , , , , 23.3918654, 0.0139315, , , , , , , , , , , , , , , , , , , , , , , , , , , , 
23.3923846, 0.0454871, , , , , , , 23.3923846, -0.1895018, , , , , , , 23.3923846, 0.0693217, , , , , , , 23.3923846, 0.0260166, , , , , , , , , , , , , , , , , , , , , , , , , , , , 
23.3929038, 0.0265202, , , , , , , 23.3929038, -0.1760739, , , , , , , 23.3929038, 0.0683146, , , , , , , 23.3929038, 0.0387732, , , , , , , , , , , , , , , , , , , , , , , , , , , , 
23.3934231, 0.0102388, , , , , , , 23.3934231, -0.1331044, , , , , , , 23.3934231, 0.0649577, , , , , , , 23.3934231, 0.0461585, , , , , , , , , , , , , , , , , , , , , , , , , , , , 
23.3939423, -0.0038605, , , , , , , 23.3939423, -0.082414, , , , , , , 23.3939423, 0.0632792, , , , , , , 23.3939423, 0.0495155, , , , , , , , , , , , , , , , , , , , , , , , , , , , 
23.3944615, -0.0182956, , , , , , , 23.3944615, -0.04448, , , , , , , 23.3944615, 0.0703288, , , , , , , 23.3944615, 0.0572366, , , , , , , , , , , , , , , , , , , , , , , , , , , , 
23.3949808, -0.0303807, , , , , , , 23.3949808, -0.0290379, , , , , , , 23.3949808, 0.0849317, , , , , , , 23.3949808, 0.0669718, , , , , , , , , , , , , , , , , , , , , , , , , , , , 
23.3955, -0.0381018, , , , , , , 23.3955, -0.0323949, , , , , , , 23.3955, 0.0944991, , , , , , , 23.3955, 0.0674754, , , , , , , , , , , , , , , , , , , , , , , , , , , , 
23.3960192, -0.0411231, , , , , , , 23.3960192, -0.0377661, , , , , , , 23.3960192, 0.0869459, , , , , , , 23.3960192, 0.057908, , , , , , , , , , , , , , , , , , , , , , , , , , , , 
23.3965385, -0.0451514, , , , , , , 23.3965385, -0.0307164, , , , , , , 23.3965385, 0.0659648, , , , , , , 23.3965385, 0.0461585, , , , , , , , , , , , , , , , , , , , , , , , , , , , 
23.3970577, -0.0481727, , , , , , , 23.3970577, -0.0129244, , , , , , , 23.3970577, 0.0360876, , , , , , , 23.3970577, 0.0384375, , , , , , , , , , , , , , , , , , , , , , , , , , , , 
23.3975769, -0.0468299, , , , , , , 23.3975769, -0.0001678, , , , , , , 23.3975769, -0.0011749, , , , , , , 23.3975769, 0.0354162, , , , , , , , , , , , , , , , , , , , , , , , , , , , 
23.3980962, -0.0397803, , , , , , , 23.3980962, -0.0035248, , , , , , , 23.3980962, -0.0404517, , , , , , , 23.3980962, 0.03122, , , , , , , , , , , , , , , , , , , , , , , , , , , , 
23.3986154, -0.0303807, , , , , , , 23.3986154, -0.0015106, , , , , , , 23.3986154, -0.0740215, , , , , , , 23.3986154, 0.0204776, , , , , , , , , , , , , , , , , , , , , , , , , , , , 
23.3991346, -0.0223239, , , , , , , 23.3991346, 0.0219883, , , , , , , 23.3991346, -0.1005417, , , , , , , 23.3991346, 0.0082246, , , , , , , , , , , , , , , , , , , , , , , , , , , , 
23.3996538, -0.012253, , , , , , , 23.3996538, 0.0441444, , , , , , , 23.3996538, -0.1168231, , , , , , , 23.3996538, 0.0003357, , , , , , , , , , , , , , , , , , , , , , , , , , , , 
23.4001731, 0.0011749, , , , , , , 23.4001731, 0.0475013, , , , , , , 23.4001731, -0.1216907, , , , , , , 23.4001731, -0.0068818, , , , , , , , , , , , , , , , , , , , , , , , , , , , 
23.4006923, 0.01561, , , , , , , 23.4006923, 0.04448, , , , , , , 23.4006923, -0.1190051, , , , , , , 23.4006923, -0.011078, , , , , , , , , , , , , , , , , , , , , , , , , , , , 
23.4012115, 0.026688, , , , , , , 23.4012115, 0.054551, , , , , , , 23.4012115, -0.1109483, , , , , , , 23.4012115, -0.0105745, , , , , , , , , , , , , , , , , , , , , , , , , , , , 
23.4017308, 0.0337377, , , , , , , 23.4017308, 0.0654612, , , , , , , 23.4017308, -0.0955062, , , , , , , 23.4017308, -0.0082246, , , , , , , , , , , , , , , , , , , , , , , , , , , , 
23.40225, 0.0354162, , , , , , , 23.40225, 0.0572366, , , , , , , 23.40225, -0.0775463, , , , , , , 23.40225, -0.0095674, , , , , , , , , , , , , , , , , , , , , , , , , , , , 
23.4027692, 0.0354162, , , , , , , 23.4027692, 0.033402, , , , , , , 23.4027692, -0.064622, , , , , , , 23.4027692, -0.0127565, , , , , , , , , , , , , , , , , , , , , , , , , , , , 
23.4032885, 0.036759, , , , , , , 23.4032885, 0.0062104, , , , , , , 23.4032885, -0.0532082, , , , , , , 23.4032885, -0.012253, , , , , , , , , , , , , , , , , , , , , , , , , , , , 
23.4038077, 0.0360876, , , , , , , 23.4038077, -0.018967, , , , , , , 23.4038077, -0.0426337, , , , , , , 23.4038077, -0.0080568, , , , , , , , , , , , , , , , , , , , , , , , , , , , 
23.4043269, 0.0360876, , , , , , , 23.4043269, -0.0323949, , , , , , , 23.4043269, -0.0310521, , , , , , , 23.4043269, -0.0048676, , , , , , , , , , , , , , , , , , , , , , , , , , , , 
23.4048462, 0.0327306, , , , , , , 23.4048462, -0.0359197, , , , , , , 23.4048462, -0.0109102, , , , , , , 23.4048462, -0.005539, , , , , , , , , , , , , , , , , , , , , , , , , , , , 
23.4053654, 0.0271916, , , , , , , 23.4053654, -0.0364233, , , , , , , 23.4053654, 0.0146029, , , , , , , 23.4053654, -0.0058747, , , , , , , , , , , , , , , , , , , , , , , , , , , , 
23.4058846, 0.0273594, , , , , , , 23.4058846, -0.0229953, , , , , , , 23.4058846, 0.033402, , , , , , , 23.4058846, -0.0018463, , , , , , , , , , , , , , , , , , , , , , , , , , , , 
23.4064038, 0.0280308, , , , , , , 23.4064038, 0.0099031, , , , , , , 23.4064038, 0.0374304, , , , , , , 23.4064038, 0.0041962, , , , , , , , , , , , , , , , , , , , , , , , , , , , 
23.4069231, 0.0273594, , , , , , , 23.4069231, 0.0330663, , , , , , , 23.4069231, 0.0280308, , , , , , , 23.4069231, 0.0105745, , , , , , , , , , , , , , , , , , , , , , , , , , , , 
23.4074423, 0.0253452, , , , , , , 23.4074423, 0.0193027, , , , , , , 23.4074423, 0.0119173, , , , , , , 23.4074423, 0.0146029, , , , , , , , , , , , , , , , , , , , , , , , , , , , 
23.4079615, 0.0238346, , , , , , , 23.4079615, -0.0082246, , , , , , , 23.4079615, -0.0003357, , , , , , , 23.4079615, 0.0193027, , , , , , , , , , , , , , , , , , , , , , , , , , , , 
23.4084808, 0.027863, , , , , , , 23.4084808, -0.0250095, , , , , , , 23.4084808, -0.0065461, , , , , , , 23.4084808, 0.0280308, , , , , , , , , , , , , , , , , , , , , , , , , , , , 
23.409, 0.0354162, , , , , , , 23.409, -0.0290379, , , , , , , 23.409, -0.0135958, , , , , , , 23.409, 0.0347448, , , , , , , , , , , , , , , , , , , , , , , , , , , , 
23.4095192, 0.0428016, , , , , , , 23.4095192, -0.0275273, , , , , , , 23.4095192, -0.0253452, , , , , , , 23.4095192, 0.0337377, , , , , , , , , , , , , , , , , , , , , , , , , , , , 
23.4100385, 0.0448157, , , , , , , 23.4100385, -0.0297093, , , , , , , 23.4100385, -0.0357519, , , , , , , 23.4100385, 0.0253452, , , , , , , , , , , , , , , , , , , , , , , , , , , , 
23.4105577, 0.0384375, , , , , , , 23.4105577, -0.0350805, , , , , , , 23.4105577, -0.0411231, , , , , , , 23.4105577, 0.0172885, , , , , , , , , , , , , , , , , , , , , , , , , , , , 
23.4110769, 0.0303807, , , , , , , 23.4110769, -0.0347448, , , , , , , 23.4110769, -0.0431373, , , , , , , 23.4110769, 0.012253, , , , , , , , , , , , , , , , , , , , , , , , , , , , 
23.4115962, 0.0253452, , , , , , , 23.4115962, -0.0340734, , , , , , , 23.4115962, -0.0424659, , , , , , , 23.4115962, 0.0092317, , , , , , , , , , , , , , , , , , , , , , , , , , , , 
23.4121154, 0.018967, , , , , , , 23.4121154, -0.0290379, , , , , , , 23.4121154, -0.0431373, , , , , , , 23.4121154, 0.0072175, , , , , , , , , , , , , , , , , , , , , , , , , , , , 
23.4126346, 0.0077211, , , , , , , 23.4126346, -0.0057069, , , , , , , 23.4126346, -0.0495155, , , , , , , 23.4126346, 0.0046998, , , , , , , , , , , , , , , , , , , , , , , , , , , , 
23.4131538, -0.0025177, , , , , , , 23.4131538, 0.030045, , , , , , , 23.4131538, -0.0565652, , , , , , , 23.4131538, 0.0052033, , , , , , , , , , , , , , , , , , , , , , , , , , , , 
23.4136731, -0.0068818, , , , , , , 23.4136731, 0.0548867, , , , , , , 23.4136731, -0.0542153, , , , , , , 23.4136731, 0.0058747, , , , , , , , , , , , , , , , , , , , , , , , , , , , 
23.4141923, -0.0125887, , , , , , , 23.4141923, 0.0649577, , , , , , , 23.4141923, -0.0438087, , , , , , , 23.4141923, 0.0065461, , , , , , , , , , , , , , , , , , , , , , , , , , , , 
23.4147115, -0.0213169, , , , , , , 23.4147115, 0.068986, , , , , , , 23.4147115, -0.0337377, , , , , , , 23.4147115, 0.0109102, , , , , , , , , , , , , , , , , , , , , , , , , , , , 
23.4152308, -0.0317235, , , , , , , 23.4152308, 0.0669718, , , , , , , 23.4152308, -0.0273594, , , , , , , 23.4152308, 0.0166171, , , , , , , , , , , , , , , , , , , , , , , , , , , , 
23.41575, -0.0417945, , , , , , , 23.41575, 0.061265, , , , , , , 23.41575, -0.024506, , , , , , , 23.41575, 0.0198062, , , , , , , , , , , , , , , , , , , , , , , , , , , , 
23.4162692, -0.0451514, , , , , , , 23.4162692, 0.0602579, , , , , , , 23.4162692, -0.0203098, , , , , , , 23.4162692, 0.0229953, , , , , , , , , , , , , , , , , , , , , , , , , , , , 
23.4167885, -0.043473, , , , , , , 23.4167885, 0.0585794, , , , , , , 23.4167885, -0.0095674, , , , , , , 23.4167885, 0.0280308, , , , , , , , , , , , , , , , , , , , , , , , , , , , 
23.4173077, -0.0458228, , , , , , , 23.4173077, 0.0414588, , , , , , , 23.4173077, -0.0005035, , , , , , , 23.4173077, 0.0330663, , , , , , , , , , , , , , , , , , , , , , , , , , , , 
23.4178269, -0.047837, , , , , , , 23.4178269, 0.0132601, , , , , , , 23.4178269, 0.0045319, , , , , , , 23.4178269, 0.0374304, , , , , , , , , , , , , , , , , , , , , , , , , , , , 
23.4183462, -0.0370947, , , , , , , 23.4183462, -0.0109102, , , , , , , 23.4183462, 0.0058747, , , , , , , 23.4183462, 0.0386053, , , , , , , , , , , , , , , , , , , , , , , , , , , , 
23.4188654, -0.0157778, , , , , , , 23.4188654, -0.0417945, , , , , , , 23.4188654, 0.0075532, , , , , , , 23.4188654, 0.0340734, , , , , , , , , , , , , , , , , , , , , , , , , , , , 
23.4193846, 0.0038605, , , , , , , 23.4193846, -0.082414, , , , , , , 23.4193846, 0.008896, , , , , , , 23.4193846, 0.0223239, , , , , , , , , , , , , , , , , , , , , , , , , , , , 
23.4199038, 0.0132601, , , , , , , 23.4199038, -0.1122911, , , , , , , 23.4199038, 0.0077211, , , , , , , 23.4199038, 0.0099031, , , , , , , , , , , , , , , , , , , , , , , , , , , , 
23.4204231, 0.0159457, , , , , , , 23.4204231, -0.1250477, , , , , , , 23.4204231, 0.0058747, , , , , , , 23.4204231, 0.0028534, , , , , , , , , , , , , , , , , , , , , , , , , , , , 
23.4209423, 0.021149, , , , , , , 23.4209423, -0.1220264, , , , , , , 23.4209423, 0.0065461, , , , , , , 23.4209423, 0.0011749, , , , , , , , , , , , , , , , , , , , , , , , , , , , 
23.4214615, 0.0293736, , , , , , , 23.4214615, -0.0985275, , , , , , , 23.4214615, 0.008896, , , , , , , 23.4214615, -0.0015106, , , , , , , , , , , , , , , , , , , , , , , , , , , , 
23.4219808, 0.0354162, , , , , , , 23.4219808, -0.0683146, , , , , , , 23.4219808, 0.0092317, , , , , , , 23.4219808, -0.0048676, , , , , , , , , , , , , , , , , , , , , , , , , , , , 
23.4225, 0.0407874, , , , , , , 23.4225, -0.0468299, , , , , , , 23.4225, 0.008896, , , , , , , 23.4225, -0.0070497, , , , , , , , , , , , , , , , , , , , , , , , , , , , 
23.4230192, 0.0471656, , , , , , , 23.4230192, -0.0310521, , , , , , , 23.4230192, 0.0018463, , , , , , , 23.4230192, -0.0082246, , , , , , , , , , , , , , , , , , , , , , , , , , , , 
23.4235385, 0.0505226, , , , , , , 23.4235385, -0.0196384, , , , , , , 23.4235385, -0.0082246, , , , , , , 23.4235385, -0.0065461, , , , , , , , , , , , , , , , , , , , , , , , , , , , 
23.4240577, 0.0473335, , , , , , , 23.4240577, -0.0115816, , , , , , , 23.4240577, -0.0109102, , , , , , , 23.4240577, -0.0035248, , , , , , , , , , , , , , , , , , , , , , , , , , , , 
23.4245769, 0.0431373, , , , , , , 23.4245769, -0.0028534, , , , , , , 23.4245769, -0.0075532, , , , , , , 23.4245769, -0.0001678, , , , , , , , , , , , , , , , , , , , , , , , , , , , 
23.4250962, 0.0441444, , , , , , , 23.4250962, 0.0060426, , , , , , , 23.4250962, -0.0058747, , , , , , , 23.4250962, 0.0018463, , , , , , , , , , , , , , , , , , , , , , , , , , , , 
23.4256154, 0.0424659, , , , , , , 23.4256154, 0.0105745, , , , , , , 23.4256154, 0.0005035, , , , , , , 23.4256154, 0.0023499, , , , , , , , , , , , , , , , , , , , , , , , , , , , 
23.4261346, 0.0327306, , , , , , , 23.4261346, 0.0149386, , , , , , , 23.4261346, 0.0196384, , , , , , , 23.4261346, 0.0038605, , , , , , , , , , , , , , , , , , , , , , , , , , , , 
23.4266538, 0.0270237, , , , , , , 23.4266538, 0.021149, , , , , , , 23.4266538, 0.0464942, , , , , , , 23.4266538, 0.0078889, , , , , , , , , , , , , , , , , , , , , , , , , , , , 
23.4271731, 0.0223239, , , , , , , 23.4271731, 0.0256809, , , , , , , 23.4271731, 0.0673075, , , , , , , 23.4271731, 0.0135958, , , , , , , , , , , , , , , , , , , , , , , , , , , , 
23.4276923, 0.0172885, , , , , , , 23.4276923, 0.026688, , , , , , , 23.4276923, 0.0726787, , , , , , , 23.4276923, 0.0182956, , , , , , , , , , , , , , , , , , , , , , , , , , , , 
23.4282115, 0.0152743, , , , , , , 23.4282115, 0.0315557, , , , , , , 23.4282115, 0.0663005, , , , , , , 23.4282115, 0.0226596, , , , , , , , , , , , , , , , , , , , , , , , , , , , 
23.4287308, 0.0193027, , , , , , , 23.4287308, 0.0360876, , , , , , , 23.4287308, 0.0565652, , , , , , , 23.4287308, 0.0246738, , , , , , , , , , , , , , , , , , , , , , , , , , , , 
23.42925, 0.0270237, , , , , , , 23.42925, 0.033402, , , , , , , 23.42925, 0.0481727, , , , , , , 23.42925, 0.0213169, , , , , , , , , , , , , , , , , , , , , , , , , , , , 
23.4297692, 0.0342412, , , , , , , 23.4297692, 0.0246738, , , , , , , 23.4297692, 0.0419623, , , , , , , 23.4297692, 0.0139315, , , , , , , , , , , , , , , , , , , , , , , , , , , , 
23.4302885, 0.0428016, , , , , , , 23.4302885, 0.0162814, , , , , , , 23.4302885, 0.0407874, , , , , , , 23.4302885, 0.0052033, , , , , , , , , , , , , , , , , , , , , , , , , , , , 
23.4308077, 0.0475013, , , , , , , 23.4308077, 0.0125887, , , , , , , 23.4308077, 0.0468299, , , , , , , 23.4308077, -0.0008392, , , , , , , , , , , , , , , , , , , , , , , , , , , , 
23.4313269, 0.0454871, , , , , , , 23.4313269, 0.0135958, , , , , , , 23.4313269, 0.0501869, , , , , , , 23.4313269, -0.0011749, , , , , , , , , , , , , , , , , , , , , , , , , , , , 
23.4318462, 0.0360876, , , , , , , 23.4318462, 0.0124208, , , , , , , 23.4318462, 0.0360876, , , , , , , 23.4318462, -0.0008392, , , , , , , , , , , , , , , , , , , , , , , , , , , , 
23.4323654, 0.0246738, , , , , , , 23.4323654, 0.0041962, , , , , , , 23.4323654, 0.0052033, , , , , , , 23.4323654, -0.0025177, , , , , , , , , , , , , , , , , , , , , , , , , , , , 
23.4328846, 0.017792, , , , , , , 23.4328846, 0.0015106, , , , , , , 23.4328846, -0.0409552, , , , , , , 23.4328846, -0.0008392, , , , , , , , , , , , , , , , , , , , , , , , , , , , 
23.4334038, 0.0129244, , , , , , , 23.4334038, -0.0001678, , , , , , , 23.4334038, -0.1022202, , , , , , , 23.4334038, -0.0001678, , , , , , , , , , , , , , , , , , , , , , , , , , , , 
23.4339231, 0.0045319, , , , , , , 23.4339231, -0.0125887, , , , , , , 23.4339231, -0.16701, , , , , , , 23.4339231, 0.0015106, , , , , , , , , , , , , , , , , , , , , , , , , , , , 
23.4344423, -0.0109102, , , , , , , 23.4344423, -0.0261845, , , , , , , 23.4344423, -0.2205539, , , , , , , 23.4344423, 0.0052033, , , , , , , , , , , , , , , , , , , , , , , , , , , , 
23.4349615, -0.0213169, , , , , , , 23.4349615, -0.0297093, , , , , , , 23.4349615, -0.2408637, , , , , , , 23.4349615, 0.0125887, , , , , , , , , , , , , , , , , , , , , , , , , , , , 
23.4354808, -0.0253452, , , , , , , 23.4354808, -0.023331, , , , , , , 23.4354808, -0.2284428, , , , , , , 23.4354808, 0.0236667, , , , , , , , , , , , , , , , , , , , , , , , , , , , 
23.436, -0.0340734, , , , , , , 23.436, -0.0162814, , , , , , , 23.436, -0.2051118, , , , , , , 23.436, 0.0313878, , , , , , , , , , , , , , , , , , , , , , , , , , , , 
23.4365192, -0.0407874, , , , , , , 23.4365192, -0.01561, , , , , , , 23.4365192, -0.1842985, , , , , , , 23.4365192, 0.033402, , , , , , , , , , , , , , , , , , , , , , , , , , , , 
23.4370385, -0.0461585, , , , , , , 23.4370385, -0.0206455, , , , , , , 23.4370385, -0.1562676, , , , , , , 23.4370385, 0.0357519, , , , , , , , , , , , , , , , , , , , , , , , , , , , 
23.4375577, -0.0481727, , , , , , , 23.4375577, -0.0246738, , , , , , , 23.4375577, -0.1196765, , , , , , , 23.4375577, 0.0374304, , , , , , , , , , , , , , , , , , , , , , , , , , , , 
23.4380769, -0.0431373, , , , , , , 23.4380769, -0.026688, , , , , , , 23.4380769, -0.0839246, , , , , , , 23.4380769, 0.0357519, , , , , , , , , , , , , , , , , , , , , , , , , , , , 
23.4385962, -0.0330663, , , , , , , 23.4385962, -0.0318914, , , , , , , 23.4385962, -0.0565652, , , , , , , 23.4385962, 0.0374304, , , , , , , , , , , , , , , , , , , , , , , , , , , , 
23.4391154, -0.0223239, , , , , , , 23.4391154, -0.0364233, , , , , , , 23.4391154, -0.0347448, , , , , , , 23.4391154, 0.0399481, , , , , , , , , , , , , , , , , , , , , , , , , , , , 
23.4396346, -0.0142672, , , , , , , 23.4396346, -0.0387732, , , , , , , 23.4396346, -0.0140993, , , , , , , 23.4396346, 0.0394446, , , , , , , , , , , , , , , , , , , , , , , , , , , , 
23.4401538, -0.0078889, , , , , , , 23.4401538, -0.0340734, , , , , , , 23.4401538, 0.0102388, , , , , , , 23.4401538, 0.0337377, , , , , , , , , , , , , , , , , , , , , , , , , , , , 
23.4406731, 0.0011749, , , , , , , 23.4406731, -0.0250095, , , , , , , 23.4406731, 0.03122, , , , , , , 23.4406731, 0.0236667, , , , , , , , , , , , , , , , , , , , , , , , , , , , 
23.4411923, 0.0105745, , , , , , , 23.4411923, -0.0219883, , , , , , , 23.4411923, 0.0441444, , , , , , , 23.4411923, 0.0146029, , , , , , , , , , , , , , , , , , , , , , , , , , , , 
23.4417115, 0.01561, , , , , , , 23.4417115, -0.0236667, , , , , , , 23.4417115, 0.0515297, , , , , , , 23.4417115, 0.0085603, , , , , , , , , , , , , , , , , , , , , , , , , , , , 
23.4422308, 0.0166171, , , , , , , 23.4422308, -0.0186313, , , , , , , 23.4422308, 0.054551, , , , , , , 23.4422308, 0.005539, , , , , , , , , , , , , , , , , , , , , , , , , , , , 
23.44275, 0.0193027, , , , , , , 23.44275, -0.0129244, , , , , , , 23.44275, 0.0585794, , , , , , , 23.44275, 0.0048676, , , , , , , , , , , , , , , , , , , , , , , , , , , , 
23.4432692, 0.0250095, , , , , , , 23.4432692, -0.0099031, , , , , , , 23.4432692, 0.0679789, , , , , , , 23.4432692, 0.0057069, , , , , , , , , , , , , , , , , , , , , , , , , , , , 
23.4437885, 0.0313878, , , , , , , 23.4437885, -0.0001678, , , , , , , 23.4437885, 0.0777142, , , , , , , 23.4437885, 0.0035248, , , , , , , , , , , , , , , , , , , , , , , , , , , , 
23.4443077, 0.0318914, , , , , , , 23.4443077, 0.0179599, , , , , , , 23.4443077, 0.0840925, , , , , , , 23.4443077, 0.0011749, , , , , , , , , , , , , , , , , , , , , , , , , , , , 
23.4448269, 0.0298772, , , , , , , 23.4448269, 0.0320592, , , , , , , 23.4448269, 0.0844282, , , , , , , 23.4448269, 0.0011749, , , , , , , , , , , , , , , , , , , , , , , , , , , , 
23.4453462, 0.0307164, , , , , , , 23.4453462, 0.0394446, , , , , , , 23.4453462, 0.0803998, , , , , , , 23.4453462, 0.0023499, , , , , , , , , , , , , , , , , , , , , , , , , , , , 
23.4458654, 0.033402, , , , , , , 23.4458654, 0.0461585, , , , , , , 23.4458654, 0.0743572, , , , , , , 23.4458654, 0.0011749, , , , , , , , , , , , , , , , , , , , , , , , , , , , 
23.4463846, 0.0345769, , , , , , , 23.4463846, 0.0473335, , , , , , , 23.4463846, 0.0693217, , , , , , , 23.4463846, -0.0005035, , , , , , , , , , , , , , , , , , , , , , , , , , , , 
23.4469038, 0.0303807, , , , , , , 23.4469038, 0.0396124, , , , , , , 23.4469038, 0.0669718, , , , , , , 23.4469038, -0.0028534, , , , , , , , , , , , , , , , , , , , , , , , , , , , 
23.4474231, 0.026688, , , , , , , 23.4474231, 0.0263523, , , , , , , 23.4474231, 0.064622, , , , , , , 23.4474231, -0.0058747, , , , , , , , , , , , , , , , , , , , , , , , , , , , 
23.4479423, 0.0325628, , , , , , , 23.4479423, 0.0135958, , , , , , , 23.4479423, 0.061265, , , , , , , 23.4479423, -0.0092317, , , , , , , , , , , , , , , , , , , , , , , , , , , , 
23.4484615, 0.0436408, , , , , , , 23.4484615, 0.0065461, , , , , , , 23.4484615, 0.0488441, , , , , , , 23.4484615, -0.0132601, , , , , , , , , , , , , , , , , , , , , , , , , , , , 
23.4489808, 0.0595865, , , , , , , 23.4489808, 0.008896, , , , , , , 23.4489808, 0.0320592, , , , , , , 23.4489808, -0.0176242, , , , , , , , , , , , , , , , , , , , , , , , , , , , 
23.4495, 0.0736858, , , , , , , 23.4495, 0.0152743, , , , , , , 23.4495, 0.0224918, , , , , , , 23.4495, -0.0186313, , , , , , , , , , , , , , , , , , , , , , , , , , , , 
23.4500192, 0.0830854, , , , , , , 23.4500192, 0.0146029, , , , , , , 23.4500192, 0.0253452, , , , , , , 23.4500192, -0.0167849, , , , , , , , , , , , , , , , , , , , , , , , , , , , 
23.4505385, 0.0867781, , , , , , , 23.4505385, 0.0035248, , , , , , , 23.4505385, 0.0397803, , , , , , , 23.4505385, -0.0172885, , , , , , , , , , , , , , , , , , , , , , , , , , , , 
23.4510577, 0.0840925, , , , , , , 23.4510577, -0.010071, , , , , , , 23.4510577, 0.0589151, , , , , , , 23.4510577, -0.0196384, , , , , , , , , , , , , , , , , , , , , , , , , , , , 
23.4515769, 0.0809033, , , , , , , 23.4515769, -0.0199741, , , , , , , 23.4515769, 0.0763714, , , , , , , 23.4515769, -0.0196384, , , , , , , , , , , , , , , , , , , , , , , , , , , , 
23.4520962, 0.0787213, , , , , , , 23.4520962, -0.0256809, , , , , , , 23.4520962, 0.0830854, , , , , , , 23.4520962, -0.0176242, , , , , , , , , , , , , , , , , , , , , , , , , , , , 
23.4526154, 0.0703288, , , , , , , 23.4526154, -0.0344091, , , , , , , 23.4526154, 0.0753643, , , , , , , 23.4526154, -0.0146029, , , , , , , , , , , , , , , , , , , , , , , , , , , , 
23.4531346, 0.0555581, , , , , , , 23.4531346, -0.04448, , , , , , , 23.4531346, 0.0481727, , , , , , , 23.4531346, -0.014435, , , , , , , , , , , , , , , , , , , , , , , , , , , , 
23.4536538, 0.0404517, , , , , , , 23.4536538, -0.0453193, , , , , , , 23.4536538, 0.0031891, , , , , , , 23.4536538, -0.0142672, , , , , , , , , , , , , , , , , , , , , , , , , , , , 
23.4541731, 0.0318914, , , , , , , 23.4541731, -0.036759, , , , , , , 23.4541731, -0.0451514, , , , , , , 23.4541731, -0.0092317, , , , , , , , , , , , , , , , , , , , , , , , , , , , 
23.4546923, 0.0219883, , , , , , , 23.4546923, -0.0313878, , , , , , , 23.4546923, -0.0854353, , , , , , , 23.4546923, -0.0005035, , , , , , , , , , , , , , , , , , , , , , , , , , , , 
23.4552115, 0.0058747, , , , , , , 23.4552115, -0.0377661, , , , , , , 23.4552115, -0.1190051, , , , , , , 23.4552115, 0.0105745, , , , , , , , , , , , , , , , , , , , , , , , , , , , 
23.4557308, -0.0135958, , , , , , , 23.4557308, -0.0458228, , , , , , , 23.4557308, -0.1488823, , , , , , , 23.4557308, 0.0213169, , , , , , , , , , , , , , , , , , , , , , , , , , , , 
23.45625, -0.0337377, , , , , , , 23.45625, -0.0464942, , , , , , , 23.45625, -0.1713741, , , , , , , 23.45625, 0.0273594, , , , , , , , , , , , , , , , , , , , , , , , , , , , 
23.4567692, -0.0495155, , , , , , , 23.4567692, -0.0407874, , , , , , , 23.4567692, -0.1816129, , , , , , , 23.4567692, 0.0307164, , , , , , , , , , , , , , , , , , , , , , , , , , , , 
23.4572885, -0.0585794, , , , , , , 23.4572885, -0.0305486, , , , , , , 23.4572885, -0.1760739, , , , , , , 23.4572885, 0.0344091, , , , , , , , , , , , , , , , , , , , , , , , , , , , 
23.4578077, -0.0642863, , , , , , , 23.4578077, -0.0213169, , , , , , , 23.4578077, -0.1616388, , , , , , , 23.4578077, 0.0404517, , , , , , , , , , , , , , , , , , , , , , , , , , , , 
23.4583269, -0.0572366, , , , , , , 23.4583269, -0.0036927, , , , , , , 23.4583269, -0.1482109, , , , , , , 23.4583269, 0.0468299, , , , , , , , , , , , , , , , , , , , , , , , , , , , 
23.4588462, -0.0473335, , , , , , , 23.4588462, 0.0238346, , , , , , , 23.4588462, -0.1317617, , , , , , , 23.4588462, 0.0515297, , , , , , , , , , , , , , , , , , , , , , , , , , , , 
23.4593654, -0.0379339, , , , , , , 23.4593654, 0.0419623, , , , , , , 23.4593654, -0.1005417, , , , , , , 23.4593654, 0.057908, , , , , , , , , , , , , , , , , , , , , , , , , , , , 
23.4598846, -0.0297093, , , , , , , 23.4598846, 0.0459907, , , , , , , 23.4598846, -0.0589151, , , , , , , 23.4598846, 0.0663005, , , , , , , , , , , , , , , , , , , , , , , , , , , , 
23.4604038, -0.0251774, , , , , , , 23.4604038, 0.0448157, , , , , , , 23.4604038, -0.0196384, , , , , , , 23.4604038, 0.0710002, , , , , , , , , , , , , , , , , , , , , , , , , , , , 
23.4609231, -0.0169528, , , , , , , 23.4609231, 0.0280308, , , , , , , 23.4609231, 0.0115816, , , , , , , 23.4609231, 0.0716716, , , , , , , , , , , , , , , , , , , , , , , , , , , , 
23.4614423, -0.0038605, , , , , , , 23.4614423, -0.0035248, , , , , , , 23.4614423, 0.0357519, , , , , , , 23.4614423, 0.068986, , , , , , , , , , , , , , , , , , , , , , , , , , , , 
23.4619615, 0.0041962, , , , , , , 23.4619615, -0.0216526, , , , , , , 23.4619615, 0.0651255, , , , , , , 23.4619615, 0.0610971, , , , , , , , , , , , , , , , , , , , , , , , , , , , 
23.4624808, 0.0038605, , , , , , , 23.4624808, -0.0146029, , , , , , , 23.4624808, 0.100206, , , , , , , 23.4624808, 0.0501869, , , , , , , , , , , , , , , , , , , , , , , , , , , , 
23.463, 0.0036927, , , , , , , 23.463, 0.0078889, , , , , , , 23.463, 0.1307546, , , , , , , 23.463, 0.0397803, , , , , , , , , , , , , , , , , , , , , , , , , , , , 
23.4635192, 0.0065461, , , , , , , 23.4635192, 0.0280308, , , , , , , 23.4635192, 0.161471, , , , , , , 23.4635192, 0.0287022, , , , , , , , , , , , , , , , , , , , , , , , , , , , 
23.4640385, 0.0065461, , , , , , , 23.4640385, 0.033402, , , , , , , 23.4640385, 0.1916838, , , , , , , 23.4640385, 0.0186313, , , , , , , , , , , , , , , , , , , , , , , , , , , , 
23.4645577, 0.005539, , , , , , , 23.4645577, 0.0129244, , , , , , , 23.4645577, 0.209308, , , , , , , 23.4645577, 0.0146029, , , , , , , , , , , , , , , , , , , , , , , , , , , , 
23.4650769, 0.0073854, , , , , , , 23.4650769, -0.0260166, , , , , , , 23.4650769, 0.2146792, , , , , , , 23.4650769, 0.0166171, , , , , , , , , , , , , , , , , , , , , , , , , , , , 
23.4655962, 0.0068818, , , , , , , 23.4655962, -0.0569009, , , , , , , 23.4655962, 0.2113222, , , , , , , 23.4655962, 0.0209812, , , , , , , , , , , , , , , , , , , , , , , , , , , , 
23.4661154, 0.0052033, , , , , , , 23.4661154, -0.0632792, , , , , , , 23.4661154, 0.2012512, , , , , , , 23.4661154, 0.0213169, , , , , , , , , , , , , , , , , , , , , , , , , , , , 
23.4666346, 0.0075532, , , , , , , 23.4666346, -0.0636149, , , , , , , 23.4666346, 0.1821164, , , , , , , 23.4666346, 0.017792, , , , , , , , , , , , , , , , , , , , , , , , , , , , 
23.4671538, 0.0112459, , , , , , , 23.4671538, -0.0676432, , , , , , , 23.4671538, 0.1468681, , , , , , , 23.4671538, 0.0132601, , , , , , , , , , , , , , , , , , , , , , , , , , , , 
23.4676731, 0.0186313, , , , , , , 23.4676731, -0.0626078, , , , , , , 23.4676731, 0.0955062, , , , , , , 23.4676731, 0.0105745, , , , , , , , , , , , , , , , , , , , , , , , , , , , 
23.4681923, 0.0293736, , , , , , , 23.4681923, -0.0485084, , , , , , , 23.4681923, 0.0374304, , , , , , , 23.4681923, 0.0036927, , , , , , , , , , , , , , , , , , , , , , , , , , , , 
23.4687115, 0.043473, , , , , , , 23.4687115, -0.0342412, , , , , , , 23.4687115, -0.0193027, , , , , , , 23.4687115, -0.0075532, , , , , , , , , , , , , , , , , , , , , , , , , , , , 
23.4692308, 0.0582437, , , , , , , 23.4692308, -0.0226596, , , , , , , 23.4692308, -0.0693217, , , , , , , 23.4692308, -0.01561, , , , , , , , , , , , , , , , , , , , , , , , , , , , 
23.46975, 0.0696574, , , , , , , 23.46975, -0.0151064, , , , , , , 23.46975, -0.1104448, , , , , , , 23.46975, -0.018967, , , , , , , , , , , , , , , , , , , , , , , , , , , , 
23.4702692, 0.079057, , , , , , , 23.4702692, -0.0030213, , , , , , , 23.4702692, -0.1485466, , , , , , , 23.4702692, -0.0221561, , , , , , , , , , , , , , , , , , , , , , , , , , , , 
23.4707885, 0.0854353, , , , , , , 23.4707885, 0.014435, , , , , , , 23.4707885, -0.1916838, , , , , , , 23.4707885, -0.0263523, , , , , , , , , , , , , , , , , , , , , , , , , , , , 
23.4713077, 0.0820783, , , , , , , 23.4713077, 0.0236667, , , , , , , 23.4713077, -0.240528, , , , , , , 23.4713077, -0.0276951, , , , , , , , , , , , , , , , , , , , , , , , , , , , 
23.4718269, 0.0746929, , , , , , , 23.4718269, 0.0159457, , , , , , , 23.4718269, -0.2845045, , , , , , , 23.4718269, -0.0250095, , , , , , , , , , , , , , , , , , , , , , , , , , , , 
23.4723462, 0.0636149, , , , , , , 23.4723462, -0.0038605, , , , , , , 23.4723462, -0.3207599, , , , , , , 23.4723462, -0.0176242, , , , , , , , , , , , , , , , , , , , , , , , , , , , 
23.4728654, 0.0513619, , , , , , , 23.4728654, -0.0216526, , , , , , , 23.4728654, -0.3351949, , , , , , , 23.4728654, -0.0050355, , , , , , , , , , , , , , , , , , , , , , , , , , , , 
23.4733846, 0.0414588, , , , , , , 23.4733846, -0.0260166, , , , , , , 23.4733846, -0.3044785, , , , , , , 23.4733846, 0.0075532, , , , , , , , , , , , , , , , , , , , , , , , , , , , 
23.4739038, 0.0307164, , , , , , , 23.4739038, -0.0238346, , , , , , , 23.4739038, -0.2375067, , , , , , , 23.4739038, 0.0142672, , , , , , , , , , , , , , , , , , , , , , , , , , , , 
23.4744231, 0.0166171, , , , , , , 23.4744231, -0.0209812, , , , , , , 23.4744231, -0.1686885, , , , , , , 23.4744231, 0.0176242, , , , , , , , , , , , , , , , , , , , , , , , , , , , 
23.4749423, -0.0015106, , , , , , , 23.4749423, -0.0129244, , , , , , , 23.4749423, -0.1129625, , , , , , , 23.4749423, 0.0209812, , , , , , , , , , , , , , , , , , , , , , , , , , , , 
23.4754615, -0.0172885, , , , , , , 23.4754615, -0.002182, , , , , , , 23.4754615, -0.0676432, , , , , , , 23.4754615, 0.0251774, , , , , , , , , , , , , , , , , , , , , , , , , , , , 
23.4759808, -0.0288701, , , , , , , 23.4759808, 0.0162814, , , , , , , 23.4759808, -0.0330663, , , , , , , 23.4759808, 0.0292058, , , , , , , , , , , , , , , , , , , , , , , , , , , , 
23.4765, -0.036759, , , , , , , 23.4765, 0.0438087, , , , , , , 23.4765, -0.0112459, , , , , , , 23.4765, 0.030045, , , , , , , , , , , , , , , , , , , , , , , , , , , , 
23.4770192, -0.04448, , , , , , , 23.4770192, 0.0505226, , , , , , , 23.4770192, -0.0001678, , , , , , , 23.4770192, 0.0283665, , , , , , , , , , , , , , , , , , , , , , , , , , , , 
23.4775385, -0.054551, , , , , , , 23.4775385, 0.0283665, , , , , , , 23.4775385, 0.0105745, , , , , , , 23.4775385, 0.0283665, , , , , , , , , , , , , , , , , , , , , , , , , , , , 
23.4780577, -0.0602579, , , , , , , 23.4780577, 0.0092317, , , , , , , 23.4780577, 0.0199741, , , , , , , 23.4780577, 0.0265202, , , , , , , , , , , , , , , , , , , , , , , , , , , , 
23.4785769, -0.051194, , , , , , , 23.4785769, 0.0092317, , , , , , , 23.4785769, 0.026688, , , , , , , 23.4785769, 0.0196384, , , , , , , , , , , , , , , , , , , , , , , , , , , , 
23.4790962, -0.0344091, , , , , , , 23.4790962, 0.0077211, , , , , , , 23.4790962, 0.0327306, , , , , , , 23.4790962, 0.0129244, , , , , , , , , , , , , , , , , , , , , , , , , , , , 
23.4796154, -0.0229953, , , , , , , 23.4796154, -0.0085603, , , , , , , 23.4796154, 0.0438087, , , , , , , 23.4796154, 0.0095674, , , , , , , , , , , , , , , , , , , , , , , , , , , , 
23.4801346, -0.0176242, , , , , , , 23.4801346, -0.0196384, , , , , , , 23.4801346, 0.061265, , , , , , , 23.4801346, 0.0092317, , , , , , , , , , , , , , , , , , , , , , , , , , , , 
23.4806538, -0.012253, , , , , , , 23.4806538, -0.0052033, , , , , , , 23.4806538, 0.0783856, , , , , , , 23.4806538, 0.0075532, , , , , , , , , , , , , , , , , , , , , , , , , , , , 
23.4811731, -0.0015106, , , , , , , 23.4811731, 0.0308843, , , , , , , 23.4811731, 0.0914778, , , , , , , 23.4811731, 0.0078889, , , , , , , , , , , , , , , , , , , , , , , , , , , , 
23.4816923, 0.0078889, , , , , , , 23.4816923, 0.0669718, , , , , , , 23.4816923, 0.1038987, , , , , , , 23.4816923, 0.0130922, , , , , , , , , , , , , , , , , , , , , , , , , , , , 
23.4822115, 0.0129244, , , , , , , 23.4822115, 0.0877852, , , , , , , 23.4822115, 0.1153124, , , , , , , 23.4822115, 0.0219883, , , , , , , , , , , , , , , , , , , , , , , , , , , , 
23.4827308, 0.0179599, , , , , , , 23.4827308, 0.1025559, , , , , , , 23.4827308, 0.1226978, , , , , , , 23.4827308, 0.0287022, , , , , , , , , , , , , , , , , , , , , , , , , , , , 
23.48325, 0.0231632, , , , , , , 23.48325, 0.114641, , , , , , , 23.48325, 0.1272297, , , , , , , 23.48325, 0.0307164, , , , , , , , , , , , , , , , , , , , , , , , , , , , 
23.4837692, 0.0273594, , , , , , , 23.4837692, 0.1085985, , , , , , , 23.4837692, 0.1260548, , , , , , , 23.4837692, 0.0307164, , , , , , , , , , , , , , , , , , , , , , , , , , , , 
23.4842885, 0.0307164, , , , , , , 23.4842885, 0.0696574, , , , , , , 23.4842885, 0.1136339, , , , , , , 23.4842885, 0.030045, , , , , , , , , , , , , , , , , , , , , , , , , , , , 
23.4848077, 0.0240024, , , , , , , 23.4848077, -0.005539, , , , , , , 23.4848077, 0.0985275, , , , , , , 23.4848077, 0.0270237, , , , , , , , , , , , , , , , , , , , , , , , , , , , 
23.4853269, 0.021149, , , , , , , 23.4853269, -0.094667, , , , , , , 23.4853269, 0.087953, , , , , , , 23.4853269, 0.021149, , , , , , , , , , , , , , , , , , , , , , , , , , , , 
23.4858462, 0.0276951, , , , , , , 23.4858462, -0.1656672, , , , , , , 23.4858462, 0.0770428, , , , , , , 23.4858462, 0.0146029, , , , , , , , , , , , , , , , , , , , , , , , , , , , 
23.4863654, 0.0273594, , , , , , , 23.4863654, -0.1968872, , , , , , , 23.4863654, 0.0595865, , , , , , , 23.4863654, 0.0105745, , , , , , , , , , , , , , , , , , , , , , , , , , , , 
23.4868846, 0.0186313, , , , , , , 23.4868846, -0.1854734, , , , , , , 23.4868846, 0.040116, , , , , , , 23.4868846, 0.0075532, , , , , , , , , , , , , , , , , , , , , , , , , , , , 
23.4874038, 0.0104067, , , , , , , 23.4874038, -0.1502251, , , , , , , 23.4874038, 0.0253452, , , , , , , 23.4874038, 0.0025177, , , , , , , , , , , , , , , , , , , , , , , , , , , , 
23.4879231, 0.0092317, , , , , , , 23.4879231, -0.1151446, , , , , , , 23.4879231, 0.0209812, , , , , , , 23.4879231, -0.002182, , , , , , , , , , , , , , , , , , , , , , , , , , , , 
23.4884423, 0.0182956, , , , , , , 23.4884423, -0.093492, , , , , , , 23.4884423, 0.0236667, , , , , , , 23.4884423, -0.0095674, , , , , , , , , , , , , , , , , , , , , , , , , , , , 
23.4889615, 0.033402, , , , , , , 23.4889615, -0.0763714, , , , , , , 23.4889615, 0.0240024, , , , , , , 23.4889615, -0.0142672, , , , , , , , , , , , , , , , , , , , , , , , , , , , 
23.4894808, 0.0446479, , , , , , , 23.4894808, -0.0602579, , , , , , , 23.4894808, 0.0219883, , , , , , , 23.4894808, -0.0182956, , , , , , , , , , , , , , , , , , , , , , , , , , , , 
23.49, 0.0481727, , , , , , , 23.49, -0.0528725, , , , , , , 23.49, 0.0182956, , , , , , , 23.49, -0.0216526, , , , , , , , , , , , , , , , , , , , , , , , , , , , 
23.4905192, 0.0468299, , , , , , , 23.4905192, -0.0417945, , , , , , , 23.4905192, 0.0119173, , , , , , , 23.4905192, -0.0236667, , , , , , , , , , , , , , , , , , , , , , , , , , , , 
23.4910385, 0.0451514, , , , , , , 23.4910385, -0.0216526, , , , , , , 23.4910385, 0.0025177, , , , , , , 23.4910385, -0.0224918, , , , , , , , , , , , , , , , , , , , , , , , , , , , 
23.4915577, 0.0449836, , , , , , , 23.4915577, -0.0045319, , , , , , , 23.4915577, -0.0083925, , , , , , , 23.4915577, -0.0191348, , , , , , , , , , , , , , , , , , , , , , , , , , , , 
23.4920769, 0.0421302, , , , , , , 23.4920769, 0.0010071, , , , , , , 23.4920769, -0.0203098, , , , , , , 23.4920769, -0.0139315, , , , , , , , , , , , , , , , , , , , , , , , , , , , 
23.4925962, 0.0340734, , , , , , , 23.4925962, 0, , , , , , , 23.4925962, -0.0337377, , , , , , , 23.4925962, -0.0082246, , , , , , , , , , , , , , , , , , , , , , , , , , , , 
23.4931154, 0.024506, , , , , , , 23.4931154, -0.0008392, , , , , , , 23.4931154, -0.0451514, , , , , , , 23.4931154, 0.0008392, , , , , , , , , , , , , , , , , , , , , , , , , , , , 
23.4936346, 0.0166171, , , , , , , 23.4936346, -0.0015106, , , , , , , 23.4936346, -0.0532082, , , , , , , 23.4936346, 0.0092317, , , , , , , , , , , , , , , , , , , , , , , , , , , , 
23.4941538, 0.0119173, , , , , , , 23.4941538, -0.0095674, , , , , , , 23.4941538, -0.057908, , , , , , , 23.4941538, 0.0146029, , , , , , , , , , , , , , , , , , , , , , , , , , , , 
23.4946731, 0.0036927, , , , , , , 23.4946731, -0.0203098, , , , , , , 23.4946731, -0.0569009, , , , , , , 23.4946731, 0.0152743, , , , , , , , , , , , , , , , , , , , , , , , , , , , 
23.4951923, -0.0102388, , , , , , , 23.4951923, -0.027863, , , , , , , 23.4951923, -0.0485084, , , , , , , 23.4951923, 0.0172885, , , , , , , , , , , , , , , , , , , , , , , , , , , , 
23.4957115, -0.0209812, , , , , , , 23.4957115, -0.0364233, , , , , , , 23.4957115, -0.0354162, , , , , , , 23.4957115, 0.023331, , , , , , , , , , , , , , , , , , , , , , , , , , , , 
23.4962308, -0.0256809, , , , , , , 23.4962308, -0.0481727, , , , , , , 23.4962308, -0.0250095, , , , , , , 23.4962308, 0.0292058, , , , , , , , , , , , , , , , , , , , , , , , , , , , 
23.49675, -0.0310521, , , , , , , 23.49675, -0.0513619, , , , , , , 23.49675, -0.0199741, , , , , , , 23.49675, 0.0345769, , , , , , , , , , , , , , , , , , , , , , , , , , , , 
23.4972692, -0.0352483, , , , , , , 23.4972692, -0.0293736, , , , , , , 23.4972692, -0.0166171, , , , , , , 23.4972692, 0.0374304, , , , , , , , , , , , , , , , , , , , , , , , , , , , 
23.4977885, -0.0377661, , , , , , , 23.4977885, 0.0119173, , , , , , , 23.4977885, -0.0085603, , , , , , , 23.4977885, 0.0370947, , , , , , , , , , , , , , , , , , , , , , , , , , , , 
23.4983077, -0.0337377, , , , , , , 23.4983077, 0.0461585, , , , , , , 23.4983077, -0.0028534, , , , , , , 23.4983077, 0.0354162, , , , , , , , , , , , , , , , , , , , , , , , , , , , 
23.4988269, -0.0193027, , , , , , , 23.4988269, 0.0589151, , , , , , , 23.4988269, -0.0082246, , , , , , , 23.4988269, 0.0293736, , , , , , , , , , , , , , , , , , , , , , , , , , , , 
23.4993462, -0.0082246, , , , , , , 23.4993462, 0.0535439, , , , , , , 23.4993462, -0.0216526, , , , , , , 23.4993462, 0.0229953, , , , , , , , , , , , , , , , , , , , , , , , , , , , 
23.4998654, -0.0001678, , , , , , , 23.4998654, 0.036759, , , , , , , 23.4998654, -0.0337377, , , , , , , 23.4998654, 0.0179599, , , , , , , , , , , , , , , , , , , , , , , , , , , , 
23.5003846, 0.008896, , , , , , , 23.5003846, 0.0169528, , , , , , , 23.5003846, -0.0384375, , , , , , , 23.5003846, 0.0132601, , , , , , , , , , , , , , , , , , , , , , , , , , , , 
23.5009038, 0.0169528, , , , , , , 23.5009038, 0.0058747, , , , , , , 23.5009038, -0.0396124, , , , , , , 23.5009038, 0.0078889, , , , , , , , , , , , , , , , , , , , , , , , , , , , 
23.5014231, 0.0226596, , , , , , , 23.5014231, -0.0005035, , , , , , , 23.5014231, -0.043473, , , , , , , 23.5014231, 0.0048676, , , , , , , , , , , , , , , , , , , , , , , , , , , , 
23.5019423, 0.0240024, , , , , , , 23.5019423, -0.0075532, , , , , , , 23.5019423, -0.047837, , , , , , , 23.5019423, 0.0052033, , , , , , , , , , , , , , , , , , , , , , , , , , , , 
23.5024615, 0.0246738, , , , , , , 23.5024615, -0.008896, , , , , , , 23.5024615, -0.0458228, , , , , , , 23.5024615, 0.0072175, , , , , , , , , , , , , , , , , , , , , , , , , , , , 
23.5029808, 0.0276951, , , , , , , 23.5029808, -0.0001678, , , , , , , 23.5029808, -0.0364233, , , , , , , 23.5029808, 0.0075532, , , , , , , , , , , , , , , , , , , , , , , , , , , , 
23.5035, 0.0318914, , , , , , , 23.5035, 0.0129244, , , , , , , 23.5035, -0.024506, , , , , , , 23.5035, 0.0065461, , , , , , , , , , , , , , , , , , , , , , , , , , , , 
23.5040192, 0.0310521, , , , , , , 23.5040192, 0.0209812, , , , , , , 23.5040192, -0.0127565, , , , , , , 23.5040192, 0.0078889, , , , , , , , , , , , , , , , , , , , , , , , , , , , 
23.5045385, 0.0256809, , , , , , , 23.5045385, 0.0209812, , , , , , , 23.5045385, 0.0008392, , , , , , , 23.5045385, 0.0099031, , , , , , , , , , , , , , , , , , , , , , , , , , , , 
23.5050577, 0.0204776, , , , , , , 23.5050577, 0.0179599, , , , , , , 23.5050577, 0.012253, , , , , , , 23.5050577, 0.0132601, , , , , , , , , , , , , , , , , , , , , , , , , , , , 
23.5055769, 0.0203098, , , , , , , 23.5055769, 0.0193027, , , , , , , 23.5055769, 0.0204776, , , , , , , 23.5055769, 0.0226596, , , , , , , , , , , , , , , , , , , , , , , , , , , , 
23.5060962, 0.0213169, , , , , , , 23.5060962, 0.0219883, , , , , , , 23.5060962, 0.0263523, , , , , , , 23.5060962, 0.0317235, , , , , , , , , , , , , , , , , , , , , , , , , , , , 
23.5066154, 0.0196384, , , , , , , 23.5066154, 0.0219883, , , , , , , 23.5066154, 0.0280308, , , , , , , 23.5066154, 0.0345769, , , , , , , , , , , , , , , , , , , , , , , , , , , , 
23.5071346, 0.0193027, , , , , , , 23.5071346, 0.0206455, , , , , , , 23.5071346, 0.0240024, , , , , , , 23.5071346, 0.0360876, , , , , , , , , , , , , , , , , , , , , , , , , , , , 
23.5076538, 0.0199741, , , , , , , 23.5076538, 0.0229953, , , , , , , 23.5076538, 0.0176242, , , , , , , 23.5076538, 0.0397803, , , , , , , , , , , , , , , , , , , , , , , , , , , , 
23.5081731, 0.026688, , , , , , , 23.5081731, 0.030045, , , , , , , 23.5081731, 0.0085603, , , , , , , 23.5081731, 0.0372625, , , , , , , , , , , , , , , , , , , , , , , , , , , , 
23.5086923, 0.0407874, , , , , , , 23.5086923, 0.0360876, , , , , , , 23.5086923, -0.0045319, , , , , , , 23.5086923, 0.0280308, , , , , , , , , , , , , , , , , , , , , , , , , , , , 
23.5092115, 0.0535439, , , , , , , 23.5092115, 0.0352483, , , , , , , 23.5092115, -0.0184634, , , , , , , 23.5092115, 0.0223239, , , , , , , , , , , , , , , , , , , , , , , , , , , , 
23.5097308, 0.057908, , , , , , , 23.5097308, 0.0293736, , , , , , , 23.5097308, -0.030045, , , , , , , 23.5097308, 0.0182956, , , , , , , , , , , , , , , , , , , , , , , , , , , , 
23.51025, 0.0582437, , , , , , , 23.51025, 0.023331, , , , , , , 23.51025, -0.0421302, , , , , , , 23.51025, 0.014435, , , , , , , , , , , , , , , , , , , , , , , , , , , , 
23.5107692, 0.0629435, , , , , , , 23.5107692, 0.0179599, , , , , , , 23.5107692, -0.0602579, , , , , , , 23.5107692, 0.0099031, , , , , , , , , , , , , , , , , , , , , , , , , , , , 
23.5112885, 0.0686503, , , , , , , 23.5112885, 0.014435, , , , , , , 23.5112885, -0.0740215, , , , , , , 23.5112885, 0.0065461, , , , , , , , , , , , , , , , , , , , , , , , , , , , 
23.5118077, 0.0619364, , , , , , , 23.5118077, 0.008896, , , , , , , 23.5118077, -0.068986, , , , , , , 23.5118077, 0.0072175, , , , , , , , , , , , , , , , , , , , , , , , , , , , 
23.5123269, 0.0488441, , , , , , , 23.5123269, 0.0058747, , , , , , , 23.5123269, -0.047837, , , , , , , 23.5123269, 0.0105745, , , , , , , , , , , , , , , , , , , , , , , , , , , , 
23.5128462, 0.0384375, , , , , , , 23.5128462, 0.0085603, , , , , , , 23.5128462, -0.0216526, , , , , , , 23.5128462, 0.0125887, , , , , , , , , , , , , , , , , , , , , , , , , , , , 
23.5133654, 0.0283665, , , , , , , 23.5133654, 0.0070497, , , , , , , 23.5133654, 0.002182, , , , , , , 23.5133654, 0.0119173, , , , , , , , , , , , , , , , , , , , , , , , , , , , 
23.5138846, 0.01561, , , , , , , 23.5138846, -0.0025177, , , , , , , 23.5138846, 0.0226596, , , , , , , 23.5138846, 0.0099031, , , , , , , , , , , , , , , , , , , , , , , , , , , , 
23.5144038, 0.0031891, , , , , , , 23.5144038, -0.0203098, , , , , , , 23.5144038, 0.0359197, , , , , , , 23.5144038, 0.0112459, , , , , , , , , , , , , , , , , , , , , , , , , , , , 
23.5149231, -0.0053712, , , , , , , 23.5149231, -0.0397803, , , , , , , 23.5149231, 0.0412909, , , , , , , 23.5149231, 0.0132601, , , , , , , , , , , , , , , , , , , , , , , , , , , , 
23.5154423, -0.0129244, , , , , , , 23.5154423, -0.0525368, , , , , , , 23.5154423, 0.0464942, , , , , , , 23.5154423, 0.0124208, , , , , , , , , , , , , , , , , , , , , , , , , , , , 
23.5159615, -0.0223239, , , , , , , 23.5159615, -0.0522011, , , , , , , 23.5159615, 0.0548867, , , , , , , 23.5159615, 0.0119173, , , , , , , , , , , , , , , , , , , , , , , , , , , , 
23.5164808, -0.0307164, , , , , , , 23.5164808, -0.0412909, , , , , , , 23.5164808, 0.064622, , , , , , , 23.5164808, 0.011078, , , , , , , , , , , , , , , , , , , , , , , , , , , , 
23.517, -0.0364233, , , , , , , 23.517, -0.0216526, , , , , , , 23.517, 0.0708324, , , , , , , 23.517, 0.0104067, , , , , , , , , , , , , , , , , , , , , , , , , , , , 
23.5175192, -0.0421302, , , , , , , 23.5175192, 0.0016785, , , , , , , 23.5175192, 0.0654612, , , , , , , 23.5175192, 0.0119173, , , , , , , , , , , , , , , , , , , , , , , , , , , , 
23.5180385, -0.0417945, , , , , , , 23.5180385, 0.0130922, , , , , , , 23.5180385, 0.0464942, , , , , , , 23.5180385, 0.0142672, , , , , , , , , , , , , , , , , , , , , , , , , , , , 
23.5185577, -0.0297093, , , , , , , 23.5185577, 0.0075532, , , , , , , 23.5185577, 0.0216526, , , , , , , 23.5185577, 0.0112459, , , , , , , , , , , , , , , , , , , , , , , , , , , , 
23.5190769, -0.0112459, , , , , , , 23.5190769, -0.0005035, , , , , , , 23.5190769, 0.0005035, , , , , , , 23.5190769, 0.0038605, , , , , , , , , , , , , , , , , , , , , , , , , , , , 
23.5195962, 0.0025177, , , , , , , 23.5195962, -0.002182, , , , , , , 23.5195962, -0.0099031, , , , , , , 23.5195962, -0.0005035, , , , , , , , , , , , , , , , , , , , , , , , , , , , 
23.5201154, 0.0129244, , , , , , , 23.5201154, 0.0005035, , , , , , , 23.5201154, -0.0095674, , , , , , , 23.5201154, -0.0018463, , , , , , , , , , , , , , , , , , , , , , , , , , , , 
23.5206346, 0.0236667, , , , , , , 23.5206346, 0.0038605, , , , , , , 23.5206346, -0.0041962, , , , , , , 23.5206346, -0.0041962, , , , , , , , , , , , , , , , , , , , , , , , , , , , 
23.5211538, 0.030045, , , , , , , 23.5211538, 0.0058747, , , , , , , 23.5211538, -0.0003357, , , , , , , 23.5211538, -0.0085603, , , , , , , , , , , , , , , , , , , , , , , , , , , , 
23.5216731, 0.033402, , , , , , , 23.5216731, 0.0085603, , , , , , , 23.5216731, 0.0005035, , , , , , , 23.5216731, -0.0082246, , , , , , , , , , , , , , , , , , , , , , , , , , , , 
23.5221923, 0.030045, , , , , , , 23.5221923, 0.0099031, , , , , , , 23.5221923, 0.0008392, , , , , , , 23.5221923, -0.0028534, , , , , , , , , , , , , , , , , , , , , , , , , , , , 
23.5227115, 0.0258488, , , , , , , 23.5227115, 0.0068818, , , , , , , 23.5227115, -0.0041962, , , , , , , 23.5227115, 0.005539, , , , , , , , , , , , , , , , , , , , , , , , , , , , 
23.5232308, 0.0223239, , , , , , , 23.5232308, 0.0052033, , , , , , , 23.5232308, -0.0082246, , , , , , , 23.5232308, 0.0125887, , , , , , , , , , , , , , , , , , , , , , , , , , , , 
23.52375, 0.0159457, , , , , , , 23.52375, 0.005539, , , , , , , 23.52375, -0.0095674, , , , , , , 23.52375, 0.018967, , , , , , , , , , , , , , , , , , , , , , , , , , , , 
23.5242692, 0.0072175, , , , , , , 23.5242692, 0.0005035, , , , , , , 23.5242692, -0.0162814, , , , , , , 23.5242692, 0.0271916, , , , , , , , , , , , , , , , , , , , , , , , , , , , 
23.5247885, -0.0001678, , , , , , , 23.5247885, -0.0082246, , , , , , , 23.5247885, -0.0303807, , , , , , , 23.5247885, 0.0347448, , , , , , , , , , , , , , , , , , , , , , , , , , , , 
23.5253077, -0.0036927, , , , , , , 23.5253077, -0.0119173, , , , , , , 23.5253077, -0.0585794, , , , , , , 23.5253077, 0.040116, , , , , , , , , , , , , , , , , , , , , , , , , , , , 
23.5258269, -0.0031891, , , , , , , 23.5258269, -0.01561, , , , , , , 23.5258269, -0.0981918, , , , , , , 23.5258269, 0.0438087, , , , , , , , , , , , , , , , , , , , , , , , , , , , 
23.5263462, -0.0043641, , , , , , , 23.5263462, -0.0226596, , , , , , , 23.5263462, -0.1393149, , , , , , , 23.5263462, 0.0441444, , , , , , , , , , , , , , , , , , , , , , , , , , , , 
23.5268654, -0.0035248, , , , , , , 23.5268654, -0.0234989, , , , , , , 23.5268654, -0.170367, , , , , , , 23.5268654, 0.0392767, , , , , , , , , , , , , , , , , , , , , , , , , , , , 
23.5273846, 0.0028534, , , , , , , 23.5273846, -0.0062104, , , , , , , 23.5273846, -0.1836271, , , , , , , 23.5273846, 0.0330663, , , , , , , , , , , , , , , , , , , , , , , , , , , , 
23.5279038, 0.0092317, , , , , , , 23.5279038, 0.018967, , , , , , , 23.5279038, -0.1794308, , , , , , , 23.5279038, 0.0256809, , , , , , , , , , , , , , , , , , , , , , , , , , , , 
23.5284231, 0.0169528, , , , , , , 23.5284231, 0.0265202, , , , , , , 23.5284231, -0.1707027, , , , , , , 23.5284231, 0.0172885, , , , , , , , , , , , , , , , , , , , , , , , , , , , 
23.5289423, 0.0246738, , , , , , , 23.5289423, 0.0124208, , , , , , , 23.5289423, -0.1701991, , , , , , , 23.5289423, 0.0095674, , , , , , , , , , , , , , , , , , , , , , , , , , , , 
23.5294615, 0.0317235, , , , , , , 23.5294615, -0.0045319, , , , , , , 23.5294615, -0.1666743, , , , , , , 23.5294615, 0.0065461, , , , , , , , , , , , , , , , , , , , , , , , , , , , 
23.5299808, 0.040116, , , , , , , 23.5299808, -0.0078889, , , , , , , 23.5299808, -0.142504, , , , , , , 23.5299808, 0.0052033, , , , , , , , , , , , , , , , , , , , , , , , , , , , 
23.5305, 0.0498512, , , , , , , 23.5305, -0.0075532, , , , , , , 23.5305, -0.1022202, , , , , , , 23.5305, 0.0025177, , , , , , , , , , , , , , , , , , , , , , , , , , , , 
23.5310192, 0.0528725, , , , , , , 23.5310192, -0.0256809, , , , , , , 23.5310192, -0.0649577, , , , , , , 23.5310192, -0.0015106, , , , , , , , , , , , , , , , , , , , , , , , , , , , 
23.5315385, 0.0475013, , , , , , , 23.5315385, -0.0607614, , , , , , , 23.5315385, -0.0360876, , , , , , , 23.5315385, -0.0038605, , , , , , , , , , , , , , , , , , , , , , , , , , , , 
23.5320577, 0.0384375, , , , , , , 23.5320577, -0.0867781, , , , , , , 23.5320577, -0.008896, , , , , , , 23.5320577, -0.0035248, , , , , , , , , , , , , , , , , , , , , , , , , , , , 
23.5325769, 0.033402, , , , , , , 23.5325769, -0.0867781, , , , , , , 23.5325769, 0.0209812, , , , , , , 23.5325769, -0.0048676, , , , , , , , , , , , , , , , , , , , , , , , , , , , 
23.5330962, 0.033402, , , , , , , 23.5330962, -0.072343, , , , , , , 23.5330962, 0.0495155, , , , , , , 23.5330962, -0.008896, , , , , , , , , , , , , , , , , , , , , , , , , , , , 
23.5336154, 0.0307164, , , , , , , 23.5336154, -0.0592508, , , , , , , 23.5336154, 0.0703288, , , , , , , 23.5336154, -0.0109102, , , , , , , , , , , , , , , , , , , , , , , , , , , , 
23.5341346, 0.021149, , , , , , , 23.5341346, -0.0471656, , , , , , , 23.5341346, 0.0770428, , , , , , , 23.5341346, -0.0114137, , , , , , , , , , , , , , , , , , , , , , , , , , , , 
23.5346538, 0.0092317, , , , , , , 23.5346538, -0.0263523, , , , , , , 23.5346538, 0.0780499, , , , , , , 23.5346538, -0.0095674, , , , , , , , , , , , , , , , , , , , , , , , , , , , 
23.5351731, -0.0008392, , , , , , , 23.5351731, 0.0052033, , , , , , , 23.5351731, 0.079057, , , , , , , 23.5351731, -0.0031891, , , , , , , , , , , , , , , , , , , , , , , , , , , , 
23.5356923, -0.0062104, , , , , , , 23.5356923, 0.0292058, , , , , , , 23.5356923, 0.0803998, , , , , , , 23.5356923, 0.003357, , , , , , , , , , , , , , , , , , , , , , , , , , , , 
23.5362115, -0.0102388, , , , , , , 23.5362115, 0.0337377, , , , , , , 23.5362115, 0.0750286, , , , , , , 23.5362115, 0.0060426, , , , , , , , , , , , , , , , , , , , , , , , , , , , 
23.5367308, -0.0166171, , , , , , , 23.5367308, 0.024506, , , , , , , 23.5367308, 0.064622, , , , , , , 23.5367308, 0.0063783, , , , , , , , , , , , , , , , , , , , , , , , , , , , 
23.53725, -0.0229953, , , , , , , 23.53725, 0.0125887, , , , , , , 23.53725, 0.0522011, , , , , , , 23.53725, 0.0072175, , , , , , , , , , , , , , , , , , , , , , , , , , , , 
23.5377692, -0.0243381, , , , , , , 23.5377692, 0.0083925, , , , , , , 23.5377692, 0.0354162, , , , , , , 23.5377692, 0.0078889, , , , , , , , , , , , , , , , , , , , , , , , , , , , 
23.5382885, -0.0162814, , , , , , , 23.5382885, 0.0179599, , , , , , , 23.5382885, 0.0159457, , , , , , , 23.5382885, 0.0052033, , , , , , , , , , , , , , , , , , , , , , , , , , , , 
23.5388077, -0.0038605, , , , , , , 23.5388077, 0.0448157, , , , , , , 23.5388077, -0.0001678, , , , , , , 23.5388077, -0.0015106, , , , , , , , , , , , , , , , , , , , , , , , , , , , 
23.5393269, 0.0082246, , , , , , , 23.5393269, 0.0706645, , , , , , , 23.5393269, -0.0095674, , , , , , , 23.5393269, -0.0068818, , , , , , , , , , , , , , , , , , , , , , , , , , , , 
23.5398462, 0.0139315, , , , , , , 23.5398462, 0.0663005, , , , , , , 23.5398462, -0.0135958, , , , , , , 23.5398462, -0.0073854, , , , , , , , , , , , , , , , , , , , , , , , , , , , 
23.5403654, 0.0166171, , , , , , , 23.5403654, 0.0307164, , , , , , , 23.5403654, -0.0166171, , , , , , , 23.5403654, -0.0048676, , , , , , , , , , , , , , , , , , , , , , , , , , , , 
23.5408846, 0.0172885, , , , , , , 23.5408846, -0.0095674, , , , , , , 23.5408846, -0.0203098, , , , , , , 23.5408846, -0.0001678, , , , , , , , , , , , , , , , , , , , , , , , , , , , 
23.5414038, 0.0226596, , , , , , , 23.5414038, -0.0354162, , , , , , , 23.5414038, -0.0196384, , , , , , , 23.5414038, 0.0063783, , , , , , , , , , , , , , , , , , , , , , , , , , , , 
23.5419231, 0.0287022, , , , , , , 23.5419231, -0.0407874, , , , , , , 23.5419231, -0.0095674, , , , , , , 23.5419231, 0.0146029, , , , , , , , , , , , , , , , , , , , , , , , , , , , 
23.5424423, 0.0280308, , , , , , , 23.5424423, -0.0330663, , , , , , , 23.5424423, 0.0117494, , , , , , , 23.5424423, 0.023331, , , , , , , , , , , , , , , , , , , , , , , , , , , , 
23.5429615, 0.023331, , , , , , , 23.5429615, -0.0320592, , , , , , , 23.5429615, 0.0327306, , , , , , , 23.5429615, 0.0273594, , , , , , , , , , , , , , , , , , , , , , , , , , , , 
23.5434808, 0.018967, , , , , , , 23.5434808, -0.0387732, , , , , , , 23.5434808, 0.0411231, , , , , , , 23.5434808, 0.0260166, , , , , , , , , , , , , , , , , , , , , , , , , , , , 
23.544, 0.0157778, , , , , , , 23.544, -0.0396124, , , , , , , 23.544, 0.040116, , , , , , , 23.544, 0.023331, , , , , , , , , , , , , , , , , , , , , , , , , , , , 
23.5445192, 0.0146029, , , , , , , 23.5445192, -0.0327306, , , , , , , 23.5445192, 0.0342412, , , , , , , 23.5445192, 0.0199741, , , , , , , , , , , , , , , , , , , , , , , , , , , , 
23.5450385, 0.0119173, , , , , , , 23.5450385, -0.0332341, , , , , , , 23.5450385, 0.0297093, , , , , , , 23.5450385, 0.0179599, , , , , , , , , , , , , , , , , , , , , , , , , , , , 
23.5455577, 0.0090639, , , , , , , 23.5455577, -0.0488441, , , , , , , 23.5455577, 0.0290379, , , , , , , 23.5455577, 0.0146029, , , , , , , , , , , , , , , , , , , , , , , , , , , , 
23.5460769, 0.0063783, , , , , , , 23.5460769, -0.0629435, , , , , , , 23.5460769, 0.027863, , , , , , , 23.5460769, 0.0146029, , , , , , , , , , , , , , , , , , , , , , , , , , , , 
23.5465962, 0.0015106, , , , , , , 23.5465962, -0.0605936, , , , , , , 23.5465962, 0.0240024, , , , , , , 23.5465962, 0.0226596, , , , , , , , , , , , , , , , , , , , , , , , , , , , 
23.5471154, -0.0063783, , , , , , , 23.5471154, -0.0468299, , , , , , , 23.5471154, 0.021149, , , , , , , 23.5471154, 0.0317235, , , , , , , , , , , , , , , , , , , , , , , , , , , , 
23.5476346, -0.0102388, , , , , , , 23.5476346, -0.0253452, , , , , , , 23.5476346, 0.0208133, , , , , , , 23.5476346, 0.0350805, , , , , , , , , , , , , , , , , , , , , , , , , , , , 
23.5481538, -0.0058747, , , , , , , 23.5481538, -0.0030213, , , , , , , 23.5481538, 0.0221561, , , , , , , 23.5481538, 0.0313878, , , , , , , , , , , , , , , , , , , , , , , , , , , , 
23.5486731, 0.0090639, , , , , , , 23.5486731, 0.0135958, , , , , , , 23.5486731, 0.0226596, , , , , , , 23.5486731, 0.0219883, , , , , , , , , , , , , , , , , , , , , , , , , , , , 
23.5491923, 0.0240024, , , , , , , 23.5491923, 0.0209812, , , , , , , 23.5491923, 0.0182956, , , , , , , 23.5491923, 0.0092317, , , , , , , , , , , , , , , , , , , , , , , , , , , , 
23.5497115, 0.0290379, , , , , , , 23.5497115, 0.0099031, , , , , , , 23.5497115, 0.0149386, , , , , , , 23.5497115, 0.0011749, , , , , , , , , , , , , , , , , , , , , , , , , , , , 
23.5502308, 0.0350805, , , , , , , 23.5502308, -0.0182956, , , , , , , 23.5502308, 0.0199741, , , , , , , 23.5502308, -0.0015106, , , , , , , , , , , , , , , , , , , , , , , , , , , , 
23.55075, 0.0441444, , , , , , , 23.55075, -0.0495155, , , , , , , 23.55075, 0.0293736, , , , , , , 23.55075, -0.002182, , , , , , , , , , , , , , , , , , , , , , , , , , , , 
23.5512692, 0.0508583, , , , , , , 23.5512692, -0.0731823, , , , , , , 23.5512692, 0.0365911, , , , , , , 23.5512692, -0.0035248, , , , , , , , , , , , , , , , , , , , , , , , , , , , 
23.5517885, 0.0565652, , , , , , , 23.5517885, -0.0793927, , , , , , , 23.5517885, 0.0404517, , , , , , , 23.5517885, -0.0028534, , , , , , , , , , , , , , , , , , , , , , , , , , , , 
23.5523077, 0.0528725, , , , , , , 23.5523077, -0.0683146, , , , , , , 23.5523077, 0.0414588, , , , , , , 23.5523077, 0.0035248, , , , , , , , , , , , , , , , , , , , , , , , , , , , 
23.5528269, 0.04448, , , , , , , 23.5528269, -0.0575723, , , , , , , 23.5528269, 0.0441444, , , , , , , 23.5528269, 0.0092317, , , , , , , , , , , , , , , , , , , , , , , , , , , , 
23.5533462, 0.0374304, , , , , , , 23.5533462, -0.0562295, , , , , , , 23.5533462, 0.0451514, , , , , , , 23.5533462, 0.0095674, , , , , , , , , , , , , , , , , , , , , , , , , , , , 
23.5538654, 0.0313878, , , , , , , 23.5538654, -0.0404517, , , , , , , 23.5538654, 0.0448157, , , , , , , 23.5538654, 0.0083925, , , , , , , , , , , , , , , , , , , , , , , , , , , , 
23.5543846, 0.0199741, , , , , , , 23.5543846, -0.0035248, , , , , , , 23.5543846, 0.0426337, , , , , , , 23.5543846, 0.0109102, , , , , , , , , , , , , , , , , , , , , , , , , , , , 
23.5549038, 0.0058747, , , , , , , 23.5549038, 0.0186313, , , , , , , 23.5549038, 0.0392767, , , , , , , 23.5549038, 0.0151064, , , , , , , , , , , , , , , , , , , , , , , , , , , , 
23.5554231, -0.008896, , , , , , , 23.5554231, 0.0119173, , , , , , , 23.5554231, 0.0340734, , , , , , , 23.5554231, 0.0193027, , , , , , , , , , , , , , , , , , , , , , , , , , , , 
23.5559423, -0.0216526, , , , , , , 23.5559423, -0.0035248, , , , , , , 23.5559423, 0.0213169, , , , , , , 23.5559423, 0.0229953, , , , , , , , , , , , , , , , , , , , , , , , , , , , 
23.5564615, -0.0297093, , , , , , , 23.5564615, -0.0119173, , , , , , , 23.5564615, -0.0015106, , , , , , , 23.5564615, 0.0256809, , , , , , , , , , , , , , , , , , , , , , , , , , , , 
23.5569808, -0.0317235, , , , , , , 23.5569808, -0.0219883, , , , , , , 23.5569808, -0.0263523, , , , , , , 23.5569808, 0.0287022, , , , , , , , , , , , , , , , , , , , , , , , , , , , 
23.5575, -0.0330663, , , , , , , 23.5575, -0.0344091, , , , , , , 23.5575, -0.0458228, , , , , , , 23.5575, 0.033402, , , , , , , , , , , , , , , , , , , , , , , , , , , , 
23.5580192, -0.0332341, , , , , , , 23.5580192, -0.0414588, , , , , , , 23.5580192, -0.0602579, , , , , , , 23.5580192, 0.0360876, , , , , , , , , , , , , , , , , , , , , , , , , , , , 
23.5585385, -0.0283665, , , , , , , 23.5585385, -0.0364233, , , , , , , 23.5585385, -0.0726787, , , , , , , 23.5585385, 0.033402, , , , , , , , , , , , , , , , , , , , , , , , , , , , 
23.5590577, -0.0193027, , , , , , , 23.5590577, -0.0198062, , , , , , , 23.5590577, -0.0891279, , , , , , , 23.5590577, 0.0283665, , , , , , , , , , , , , , , , , , , , , , , , , , , , 
23.5595769, -0.0085603, , , , , , , 23.5595769, -0.0050355, , , , , , , 23.5595769, -0.1030594, , , , , , , 23.5595769, 0.0213169, , , , , , , , , , , , , , , , , , , , , , , , , , , , 
23.5600962, 0.0005035, , , , , , , 23.5600962, 0.0015106, , , , , , , 23.5600962, -0.1075914, , , , , , , 23.5600962, 0.0162814, , , , , , , , , , , , , , , , , , , , , , , , , , , , 
23.5606154, 0.0065461, , , , , , , 23.5606154, 0.0132601, , , , , , , 23.5606154, -0.1008774, , , , , , , 23.5606154, 0.0135958, , , , , , , , , , , , , , , , , , , , , , , , , , , , 
23.5611346, 0.0102388, , , , , , , 23.5611346, 0.0347448, , , , , , , 23.5611346, -0.0793927, , , , , , , 23.5611346, 0.0146029, , , , , , , , , , , , , , , , , , , , , , , , , , , , 
23.5616538, 0.0104067, , , , , , , 23.5616538, 0.0525368, , , , , , , 23.5616538, -0.0491798, , , , , , , 23.5616538, 0.0139315, , , , , , , , , , , , , , , , , , , , , , , , , , , , 
23.5621731, 0.012253, , , , , , , 23.5621731, 0.0522011, , , , , , , 23.5621731, -0.0203098, , , , , , , 23.5621731, 0.0105745, , , , , , , , , , , , , , , , , , , , , , , , , , , , 
23.5626923, 0.0149386, , , , , , , 23.5626923, 0.040116, , , , , , , 23.5626923, 0.002182, , , , , , , 23.5626923, 0.0065461, , , , , , , , , , , , , , , , , , , , , , , , , , , , 
23.5632115, 0.0164492, , , , , , , 23.5632115, 0.0246738, , , , , , , 23.5632115, 0.0132601, , , , , , , 23.5632115, 0.0052033, , , , , , , , , , , , , , , , , , , , , , , , , , , , 
23.5637308, 0.01561, , , , , , , 23.5637308, 0.0045319, , , , , , , 23.5637308, 0.0152743, , , , , , , 23.5637308, 0.0031891, , , , , , , , , , , , , , , , , , , , , , , , , , , , 
23.56425, 0.0182956, , , , , , , 23.56425, -0.0095674, , , , , , , 23.56425, 0.0124208, , , , , , , 23.56425, -0.0003357, , , , , , , , , , , , , , , , , , , , , , , , , , , , 
23.5647692, 0.0226596, , , , , , , 23.5647692, -0.012253, , , , , , , 23.5647692, 0.0072175, , , , , , , 23.5647692, -0.002182, , , , , , , , , , , , , , , , , , , , , , , , , , , , 
23.5652885, 0.0258488, , , , , , , 23.5652885, -0.0018463, , , , , , , 23.5652885, -0.0008392, , , , , , , 23.5652885, -0.0008392, , , , , , , , , , , , , , , , , , , , , , , , , , , , 
23.5658077, 0.0213169, , , , , , , 23.5658077, 0.0213169, , , , , , , 23.5658077, -0.0146029, , , , , , , 23.5658077, -0.0001678, , , , , , , , , , , , , , , , , , , , , , , , , , , , 
23.5663269, 0.0176242, , , , , , , 23.5663269, 0.0481727, , , , , , , 23.5663269, -0.0320592, , , , , , , 23.5663269, -0.0011749, , , , , , , , , , , , , , , , , , , , , , , , , , , , 
23.5668462, 0.0149386, , , , , , , 23.5668462, 0.0649577, , , , , , , 23.5668462, -0.0485084, , , , , , , 23.5668462, -0.0025177, , , , , , , , , , , , , , , , , , , , , , , , , , , , 
23.5673654, 0.01561, , , , , , , 23.5673654, 0.0652934, , , , , , , 23.5673654, -0.0575723, , , , , , , 23.5673654, -0.0025177, , , , , , , , , , , , , , , , , , , , , , , , , , , , 
23.5678846, 0.0226596, , , , , , , 23.5678846, 0.0565652, , , , , , , 23.5678846, -0.0582437, , , , , , , 23.5678846, -0.0023499, , , , , , , , , , , , , , , , , , , , , , , , , , , , 
23.5684038, 0.0357519, , , , , , , 23.5684038, 0.0594186, , , , , , , 23.5684038, -0.0540475, , , , , , , 23.5684038, -0.0041962, , , , , , , , , , , , , , , , , , , , , , , , , , , , 
23.5689231, 0.0495155, , , , , , , 23.5689231, 0.0750286, , , , , , , 23.5689231, -0.0458228, , , , , , , 23.5689231, -0.0041962, , , , , , , , , , , , , , , , , , , , , , , , , , , , 
23.5694423, 0.0582437, , , , , , , 23.5694423, 0.0956741, , , , , , , 23.5694423, -0.0354162, , , , , , , 23.5694423, -0.0003357, , , , , , , , , , , , , , , , , , , , , , , , , , , , 
23.5699615, 0.064622, , , , , , , 23.5699615, 0.1139696, , , , , , , 23.5699615, -0.0213169, , , , , , , 23.5699615, 0.0038605, , , , , , , , , , , , , , , , , , , , , , , , , , , , 
23.5704808, 0.0710002, , , , , , , 23.5704808, 0.1109483, , , , , , , 23.5704808, -0.0065461, , , , , , , 23.5704808, 0.0065461, , , , , , , , , , , , , , , , , , , , , , , , , , , , 
23.571, 0.0721752, , , , , , , 23.571, 0.0666361, , , , , , , 23.571, 0.0048676, , , , , , , 23.571, 0.0093996, , , , , , , , , , , , , , , , , , , , , , , , , , , , 
23.5715192, 0.0683146, , , , , , , 23.5715192, -0.0159457, , , , , , , 23.5715192, 0.0132601, , , , , , , 23.5715192, 0.012253, , , , , , , , , , , , , , , , , , , , , , , , , , , , 
23.5720385, 0.0595865, , , , , , , 23.5720385, -0.1062486, , , , , , , 23.5720385, 0.0250095, , , , , , , 23.5720385, 0.0159457, , , , , , , , , , , , , , , , , , , , , , , , , , , , 
23.5725577, 0.0500191, , , , , , , 23.5725577, -0.1671778, , , , , , , 23.5725577, 0.0364233, , , , , , , 23.5725577, 0.0172885, , , , , , , , , , , , , , , , , , , , , , , , , , , , 
23.5730769, 0.0419623, , , , , , , 23.5730769, -0.1918517, , , , , , , 23.5730769, 0.0360876, , , , , , , 23.5730769, 0.0166171, , , , , , , , , , , , , , , , , , , , , , , , , , , , 
23.5735962, 0.0297093, , , , , , , 23.5735962, -0.1962158, , , , , , , 23.5735962, 0.0276951, , , , , , , 23.5735962, 0.0166171, , , , , , , , , , , , , , , , , , , , , , , , , , , , 
23.5741154, 0.0149386, , , , , , , 23.5741154, -0.1898375, , , , , , , 23.5741154, 0.0193027, , , , , , , 23.5741154, 0.0172885, , , , , , , , , , , , , , , , , , , , , , , , , , , , 
23.5746346, -0.0015106, , , , , , , 23.5746346, -0.1713741, , , , , , , 23.5746346, 0.0137636, , , , , , , 23.5746346, 0.0179599, , , , , , , , , , , , , , , , , , , , , , , , , , , , 
23.5751538, -0.0164492, , , , , , , 23.5751538, -0.1334401, , , , , , , 23.5751538, 0.0152743, , , , , , , 23.5751538, 0.0159457, , , , , , , , , , , , , , , , , , , , , , , , , , , , 
23.5756731, -0.0270237, , , , , , , 23.5756731, -0.0809033, , , , , , , 23.5756731, 0.0206455, , , , , , , 23.5756731, 0.0140993, , , , , , , , , , , , , , , , , , , , , , , , , , , , 
23.5761923, -0.0327306, , , , , , , 23.5761923, -0.0327306, , , , , , , 23.5761923, 0.0260166, , , , , , , 23.5761923, 0.0132601, , , , , , , , , , , , , , , , , , , , , , , , , , , , 
23.5767115, -0.0340734, , , , , , , 23.5767115, -0.0015106, , , , , , , 23.5767115, 0.030045, , , , , , , 23.5767115, 0.0115816, , , , , , , , , , , , , , , , , , , , , , , , , , , , 
23.5772308, -0.0344091, , , , , , , 23.5772308, 0.0151064, , , , , , , 23.5772308, 0.030045, , , , , , , 23.5772308, 0.0109102, , , , , , , , , , , , , , , , , , , , , , , , , , , , 
23.57775, -0.036759, , , , , , , 23.57775, 0.0250095, , , , , , , 23.57775, 0.0273594, , , , , , , 23.57775, 0.0125887, , , , , , , , , , , , , , , , , , , , , , , , , , , , 
23.5782692, -0.0330663, , , , , , , 23.5782692, 0.0357519, , , , , , , 23.5782692, 0.0236667, , , , , , , 23.5782692, 0.0129244, , , , , , , , , , , , , , , , , , , , , , , , , , , , 
23.5787885, -0.0193027, , , , , , , 23.5787885, 0.0464942, , , , , , , 23.5787885, 0.0179599, , , , , , , 23.5787885, 0.0104067, , , , , , , , , , , , , , , , , , , , , , , , , , , , 
23.5793077, -0.0068818, , , , , , , 23.5793077, 0.0548867, , , , , , , 23.5793077, 0.0065461, , , , , , , 23.5793077, 0.0095674, , , , , , , , , , , , , , , , , , , , , , , , , , , , 
23.5798269, 0.0092317, , , , , , , 23.5798269, 0.0629435, , , , , , , 23.5798269, -0.0172885, , , , , , , 23.5798269, 0.0115816, , , , , , , , , , , , , , , , , , , , , , , , , , , , 
23.5803462, 0.0196384, , , , , , , 23.5803462, 0.0656291, , , , , , , 23.5803462, -0.049012, , , , , , , 23.5803462, 0.0146029, , , , , , , , , , , , , , , , , , , , , , , , , , , , 
23.5808654, 0.0226596, , , , , , , 23.5808654, 0.0602579, , , , , , , 23.5808654, -0.0780499, , , , , , , 23.5808654, 0.0151064, , , , , , , , , , , , , , , , , , , , , , , , , , , , 
23.5813846, 0.0240024, , , , , , , 23.5813846, 0.0565652, , , , , , , 23.5813846, -0.1005417, , , , , , , 23.5813846, 0.0172885, , , , , , , , , , , , , , , , , , , , , , , , , , , , 
23.5819038, 0.0250095, , , , , , , 23.5819038, 0.0602579, , , , , , , 23.5819038, -0.1122911, , , , , , , 23.5819038, 0.0253452, , , , , , , , , , , , , , , , , , , , , , , , , , , , 
23.5824231, 0.0240024, , , , , , , 23.5824231, 0.0686503, , , , , , , 23.5824231, -0.1089342, , , , , , , 23.5824231, 0.0384375, , , , , , , , , , , , , , , , , , , , , , , , , , , , 
23.5829423, 0.0223239, , , , , , , 23.5829423, 0.0713359, , , , , , , 23.5829423, -0.0948348, , , , , , , 23.5829423, 0.0528725, , , , , , , , , , , , , , , , , , , , , , , , , , , , 
23.5834615, 0.0223239, , , , , , , 23.5834615, 0.0669718, , , , , , , 23.5834615, -0.0797284, , , , , , , 23.5834615, 0.0619364, , , , , , , , , , , , , , , , , , , , , , , , , , , , 
23.5839808, 0.023331, , , , , , , 23.5839808, 0.0699931, , , , , , , 23.5839808, -0.0780499, , , , , , , 23.5839808, 0.063447, , , , , , , , , , , , , , , , , , , , , , , , , , , , 
23.5845, 0.0179599, , , , , , , 23.5845, 0.0928206, , , , , , , 23.5845, -0.0877852, , , , , , , 23.5845, 0.0636149, , , , , , , , , , , , , , , , , , , , , , , , , , , , 
23.5850192, 0.0038605, , , , , , , 23.5850192, 0.1018845, , , , , , , 23.5850192, -0.093492, , , , , , , 23.5850192, 0.0636149, , , , , , , , , , , , , , , , , , , , , , , , , , , , 
23.5855385, -0.0115816, , , , , , , 23.5855385, 0.0696574, , , , , , , 23.5855385, -0.0777142, , , , , , , 23.5855385, 0.0663005, , , , , , , , , , , , , , , , , , , , , , , , , , , , 
23.5860577, -0.0206455, , , , , , , 23.5860577, 0.017792, , , , , , , 23.5860577, -0.0458228, , , , , , , 23.5860577, 0.0669718, , , , , , , , , , , , , , , , , , , , , , , , , , , , 
23.5865769, -0.0209812, , , , , , , 23.5865769, -0.0246738, , , , , , , 23.5865769, -0.0149386, , , , , , , 23.5865769, 0.0622721, , , , , , , , , , , , , , , , , , , , , , , , , , , , 
23.5870962, -0.0169528, , , , , , , 23.5870962, -0.0518654, , , , , , , 23.5870962, 0.0085603, , , , , , , 23.5870962, 0.0522011, , , , , , , , , , , , , , , , , , , , , , , , , , , , 
23.5876154, -0.0117494, , , , , , , 23.5876154, -0.064622, , , , , , , 23.5876154, 0.0273594, , , , , , , 23.5876154, 0.0384375, , , , , , , , , , , , , , , , , , , , , , , , , , , , 
23.5881346, -0.0025177, , , , , , , 23.5881346, -0.0639506, , , , , , , 23.5881346, 0.0381018, , , , , , , 23.5881346, 0.0243381, , , , , , , , , , , , , , , , , , , , , , , , , , , , 
23.5886538, 0.0139315, , , , , , , 23.5886538, -0.0674754, , , , , , , 23.5886538, 0.04448, , , , , , , 23.5886538, 0.0095674, , , , , , , , , , , , , , , , , , , , , , , , , , , , 
23.5891731, 0.030045, , , , , , , 23.5891731, -0.090135, , , , , , , 23.5891731, 0.0498512, , , , , , , 23.5891731, -0.0035248, , , , , , , , , , , , , , , , , , , , , , , , , , , , 
23.5896923, 0.0448157, , , , , , , 23.5896923, -0.1122911, , , , , , , 23.5896923, 0.0508583, , , , , , , 23.5896923, -0.0099031, , , , , , , , , , , , , , , , , , , , , , , , , , , , 
23.5902115, 0.0542153, , , , , , , 23.5902115, -0.1163195, , , , , , , 23.5902115, 0.0464942, , , , , , , 23.5902115, -0.0129244, , , , , , , , , , , , , , , , , , , , , , , , , , , , 
23.5907308, 0.0569009, , , , , , , 23.5907308, -0.1079271, , , , , , , 23.5907308, 0.0421302, , , , , , , 23.5907308, -0.01561, , , , , , , , , , , , , , , , , , , , , , , , , , , , 
23.59125, 0.0558938, , , , , , , 23.59125, -0.0971847, , , , , , , 23.59125, 0.0391089, , , , , , , 23.59125, -0.0208133, , , , , , , , , , , , , , , , , , , , , , , , , , , , 
23.5917692, 0.0505226, , , , , , , 23.5917692, -0.0840925, , , , , , , 23.5917692, 0.0360876, , , , , , , 23.5917692, -0.0243381, , , , , , , , , , , , , , , , , , , , , , , , , , , , 
23.5922885, 0.0451514, , , , , , , 23.5922885, -0.0673075, , , , , , , 23.5922885, 0.033402, , , , , , , 23.5922885, -0.023331, , , , , , , , , , , , , , , , , , , , , , , , , , , , 
23.5928077, 0.0369268, , , , , , , 23.5928077, -0.0501869, , , , , , , 23.5928077, 0.0302129, , , , , , , 23.5928077, -0.0209812, , , , , , , , , , , , , , , , , , , , , , , , , , , , 
23.5933269, 0.0287022, , , , , , , 23.5933269, -0.0381018, , , , , , , 23.5933269, 0.0293736, , , , , , , 23.5933269, -0.0193027, , , , , , , , , , , , , , , , , , , , , , , , , , , , 
23.5938462, 0.0196384, , , , , , , 23.5938462, -0.0270237, , , , , , , 23.5938462, 0.033402, , , , , , , 23.5938462, -0.0171206, , , , , , , , , , , , , , , , , , , , , , , , , , , , 
23.5943654, 0.0065461, , , , , , , 23.5943654, -0.012253, , , , , , , 23.5943654, 0.0396124, , , , , , , 23.5943654, -0.0129244, , , , , , , , , , , , , , , , , , , , , , , , , , , , 
23.5948846, -0.0062104, , , , , , , 23.5948846, 0.0038605, , , , , , , 23.5948846, 0.0468299, , , , , , , 23.5948846, -0.0078889, , , , , , , , , , , , , , , , , , , , , , , , , , , , 
23.5954038, -0.0159457, , , , , , , 23.5954038, 0.0105745, , , , , , , 23.5954038, 0.0515297, , , , , , , 23.5954038, -0.0052033, , , , , , , , , , , , , , , , , , , , , , , , , , , , 
23.5959231, -0.0243381, , , , , , , 23.5959231, 0.0052033, , , , , , , 23.5959231, 0.0515297, , , , , , , 23.5959231, -0.0018463, , , , , , , , , , , , , , , , , , , , , , , , , , , , 
23.5964423, -0.03122, , , , , , , 23.5964423, 0.0028534, , , , , , , 23.5964423, 0.0572366, , , , , , , 23.5964423, 0.0041962, , , , , , , , , , , , , , , , , , , , , , , , , , , , 
23.5969615, -0.0364233, , , , , , , 23.5969615, 0.0169528, , , , , , , 23.5969615, 0.0710002, , , , , , , 23.5969615, 0.0109102, , , , , , , , , , , , , , , , , , , , , , , , , , , , 
23.5974808, -0.0387732, , , , , , , 23.5974808, 0.0354162, , , , , , , 23.5974808, 0.0787213, , , , , , , 23.5974808, 0.0132601, , , , , , , , , , , , , , , , , , , , , , , , , , , , 
23.598, -0.0379339, , , , , , , 23.598, 0.0421302, , , , , , , 23.598, 0.0757, , , , , , , 23.598, 0.0119173, , , , , , , , , , , , , , , , , , , , , , , , , , , , 
23.5985192, -0.0283665, , , , , , , 23.5985192, 0.0377661, , , , , , , 23.5985192, 0.0589151, , , , , , , 23.5985192, 0.0097353, , , , , , , , , , , , , , , , , , , , , , , , , , , , 
23.5990385, -0.01561, , , , , , , 23.5990385, 0.0428016, , , , , , , 23.5990385, 0.0307164, , , , , , , 23.5990385, 0.0085603, , , , , , , , , , , , , , , , , , , , , , , , , , , , 
23.5995577, -0.0078889, , , , , , , 23.5995577, 0.0636149, , , , , , , 23.5995577, 0.0065461, , , , , , , 23.5995577, 0.0058747, , , , , , , , , , , , , , , , , , , , , , , , , , , , 
23.6000769, -0.0041962, , , , , , , 23.6000769, 0.0763714, , , , , , , 23.6000769, -0.0041962, , , , , , , 23.6000769, 0.005539, , , , , , , , , , , , , , , , , , , , , , , , , , , , 
23.6005962, 0.0011749, , , , , , , 23.6005962, 0.0683146, , , , , , , 23.6005962, -0.0127565, , , , , , , 23.6005962, 0.0095674, , , , , , , , , , , , , , , , , , , , , , , , , , , , 
23.6011154, 0.0075532, , , , , , , 23.6011154, 0.0535439, , , , , , , 23.6011154, -0.0298772, , , , , , , 23.6011154, 0.0115816, , , , , , , , , , , , , , , , , , , , , , , , , , , , 
23.6016346, 0.01561, , , , , , , 23.6016346, 0.0532082, , , , , , , 23.6016346, -0.0505226, , , , , , , 23.6016346, 0.0105745, , , , , , , , , , , , , , , , , , , , , , , , , , , , 
23.6021538, 0.0209812, , , , , , , 23.6021538, 0.064622, , , , , , , 23.6021538, -0.0641184, , , , , , , 23.6021538, 0.0068818, , , , , , , , , , , , , , , , , , , , , , , , , , , , 
23.6026731, 0.0250095, , , , , , , 23.6026731, 0.064622, , , , , , , 23.6026731, -0.0726787, , , , , , , 23.6026731, 0.0043641, , , , , , , , , , , , , , , , , , , , , , , , , , , , 
23.6031923, 0.0246738, , , , , , , 23.6031923, 0.0475013, , , , , , , 23.6031923, -0.0787213, , , , , , , 23.6031923, 0.0063783, , , , , , , , , , , , , , , , , , , , , , , , , , , , 
23.6037115, 0.0260166, , , , , , , 23.6037115, 0.0166171, , , , , , , 23.6037115, -0.0814069, , , , , , , 23.6037115, 0.0077211, , , , , , , , , , , , , , , , , , , , , , , , , , , , 
23.6042308, 0.0298772, , , , , , , 23.6042308, -0.011078, , , , , , , 23.6042308, -0.0748608, , , , , , , 23.6042308, 0.0062104, , , , , , , , , , , , , , , , , , , , , , , , , , , , 
23.60475, 0.0307164, , , , , , , 23.60475, -0.0169528, , , , , , , 23.60475, -0.0599222, , , , , , , 23.60475, 0.0038605, , , , , , , , , , , , , , , , , , , , , , , , , , , , 
23.6052692, 0.0357519, , , , , , , 23.6052692, -0.0139315, , , , , , , 23.6052692, -0.0431373, , , , , , , 23.6052692, 0.0028534, , , , , , , , , , , , , , , , , , , , , , , , , , , , 
23.6057885, 0.0454871, , , , , , , 23.6057885, -0.0471656, , , , , , , 23.6057885, -0.0280308, , , , , , , 23.6057885, 0.0035248, , , , , , , , , , , , , , , , , , , , , , , , , , , , 
23.6063077, 0.0448157, , , , , , , 23.6063077, -0.1225299, , , , , , , 23.6063077, -0.0208133, , , , , , , 23.6063077, 0.0045319, , , , , , , , , , , , , , , , , , , , , , , , , , , , 
23.6068269, 0.0370947, , , , , , , 23.6068269, -0.1869841, , , , , , , 23.6068269, -0.0345769, , , , , , , 23.6068269, 0.0058747, , , , , , , , , , , , , , , , , , , , , , , , , , , , 
23.6073462, 0.0360876, , , , , , , 23.6073462, -0.2042725, , , , , , , 23.6073462, -0.0676432, , , , , , , 23.6073462, 0.0048676, , , , , , , , , , , , , , , , , , , , , , , , , , , , 
23.6078654, 0.040116, , , , , , , 23.6078654, -0.1908446, , , , , , , 23.6078654, -0.0936599, , , , , , , 23.6078654, 0.0038605, , , , , , , , , , , , , , , , , , , , , , , , , , , , 
23.6083846, 0.0475013, , , , , , , 23.6083846, -0.1710384, , , , , , , 23.6083846, -0.100206, , , , , , , 23.6083846, 0.0018463, , , , , , , , , , , , , , , , , , , , , , , , , , , , 
23.6089038, 0.0582437, , , , , , , 23.6089038, -0.1453574, , , , , , , 23.6089038, -0.1022202, , , , , , , 23.6089038, -0.0005035, , , , , , , , , , , , , , , , , , , , , , , , , , , , 
23.6094231, 0.0716716, , , , , , , 23.6094231, -0.1089342, , , , , , , 23.6094231, -0.1065843, , , , , , , 23.6094231, -0.0011749, , , , , , , , , , , , , , , , , , , , , , , , , , , , 
23.6099423, 0.0814069, , , , , , , 23.6099423, -0.0674754, , , , , , , 23.6099423, -0.103563, , , , , , , 23.6099423, 0.0011749, , , , , , , , , , , , , , , , , , , , , , , , , , , , 
23.6104615, 0.0837568, , , , , , , 23.6104615, -0.0357519, , , , , , , 23.6104615, -0.0891279, , , , , , , 23.6104615, 0.005539, , , , , , , , , , , , , , , , , , , , , , , , , , , , 
23.6109808, 0.0810712, , , , , , , 23.6109808, -0.0176242, , , , , , , 23.6109808, -0.0666361, , , , , , , 23.6109808, 0.0085603, , , , , , , , , , , , , , , , , , , , , , , , , , , , 
23.6115, 0.0703288, , , , , , , 23.6115, -0.0028534, , , , , , , 23.6115, -0.0421302, , , , , , , 23.6115, 0.0115816, , , , , , , , , , , , , , , , , , , , , , , , , , , , 
23.6120192, 0.0582437, , , , , , , 23.6120192, 0.0125887, , , , , , , 23.6120192, -0.0196384, , , , , , , 23.6120192, 0.0166171, , , , , , , , , , , , , , , , , , , , , , , , , , , , 
23.6125385, 0.04448, , , , , , , 23.6125385, 0.0231632, , , , , , , 23.6125385, 0.0008392, , , , , , , 23.6125385, 0.0256809, , , , , , , , , , , , , , , , , , , , , , , , , , , , 
23.6130577, 0.0325628, , , , , , , 23.6130577, 0.0280308, , , , , , , 23.6130577, 0.0209812, , , , , , , 23.6130577, 0.0310521, , , , , , , , , , , , , , , , , , , , , , , , , , , , 
23.6135769, 0.0240024, , , , , , , 23.6135769, 0.030045, , , , , , , 23.6135769, 0.0407874, , , , , , , 23.6135769, 0.0313878, , , , , , , , , , , , , , , , , , , , , , , , , , , , 
23.6140962, 0.0102388, , , , , , , 23.6140962, 0.0330663, , , , , , , 23.6140962, 0.054551, , , , , , , 23.6140962, 0.0320592, , , , , , , , , , , , , , , , , , , , , , , , , , , , 
23.6146154, -0.0075532, , , , , , , 23.6146154, 0.0381018, , , , , , , 23.6146154, 0.0652934, , , , , , , 23.6146154, 0.0354162, , , , , , , , , , , , , , , , , , , , , , , , , , , , 
23.6151346, -0.0243381, , , , , , , 23.6151346, 0.0454871, , , , , , , 23.6151346, 0.0760357, , , , , , , 23.6151346, 0.0370947, , , , , , , , , , , , , , , , , , , , , , , , , , , , 
23.6156538, -0.0381018, , , , , , , 23.6156538, 0.0515297, , , , , , , 23.6156538, 0.0854353, , , , , , , 23.6156538, 0.036759, , , , , , , , , , , , , , , , , , , , , , , , , , , , 
23.6161731, -0.0481727, , , , , , , 23.6161731, 0.0569009, , , , , , , 23.6161731, 0.0871138, , , , , , , 23.6161731, 0.036759, , , , , , , , , , , , , , , , , , , , , , , , , , , , 
23.6166923, -0.0542153, , , , , , , 23.6166923, 0.0607614, , , , , , , 23.6166923, 0.0817426, , , , , , , 23.6166923, 0.0387732, , , , , , , , , , , , , , , , , , , , , , , , , , , , 
23.6172115, -0.0632792, , , , , , , 23.6172115, 0.068986, , , , , , , 23.6172115, 0.0703288, , , , , , , 23.6172115, 0.0421302, , , , , , , , , , , , , , , , , , , , , , , , , , , , 
23.6177308, -0.0713359, , , , , , , 23.6177308, 0.0988632, , , , , , , 23.6177308, 0.0506905, , , , , , , 23.6177308, 0.0397803, , , , , , , , , , , , , , , , , , , , , , , , , , , , 
23.61825, -0.0676432, , , , , , , 23.61825, 0.1374685, , , , , , , 23.61825, 0.0213169, , , , , , , 23.61825, 0.0320592, , , , , , , , , , , , , , , , , , , , , , , , , , , , 
23.6187692, -0.0540475, , , , , , , 23.6187692, 0.1576104, , , , , , , 23.6187692, -0.0119173, , , , , , , 23.6187692, 0.023331, , , , , , , , , , , , , , , , , , , , , , , , , , , , 
23.6192885, -0.0377661, , , , , , , 23.6192885, 0.1606317, , , , , , , 23.6192885, -0.0360876, , , , , , , 23.6192885, 0.0171206, , , , , , , , , , , , , , , , , , , , , , , , , , , , 
23.6198077, -0.0273594, , , , , , , 23.6198077, 0.156939, , , , , , , 23.6198077, -0.0528725, , , , , , , 23.6198077, 0.01561, , , , , , , , , , , , , , , , , , , , , , , , , , , , 
23.6203269, -0.018967, , , , , , , 23.6203269, 0.1542535, , , , , , , 23.6203269, -0.0720073, , , , , , , 23.6203269, 0.0142672, , , , , , , , , , , , , , , , , , , , , , , , , , , , 
23.6208462, -0.0105745, , , , , , , 23.6208462, 0.1555962, , , , , , , 23.6208462, -0.0941634, , , , , , , 23.6208462, 0.0119173, , , , , , , , , , , , , , , , , , , , , , , , , , , , 
23.6213654, -0.0050355, , , , , , , 23.6213654, 0.1596246, , , , , , , 23.6213654, -0.1052415, , , , , , , 23.6213654, 0.0102388, , , , , , , , , , , , , , , , , , , , , , , , , , , , 
23.6218846, -0.0001678, , , , , , , 23.6218846, 0.1495537, , , , , , , 23.6218846, -0.0998703, , , , , , , 23.6218846, 0.0124208, , , , , , , , , , , , , , , , , , , , , , , , , , , , 
23.6224038, 0.0058747, , , , , , , 23.6224038, 0.1273976, , , , , , , 23.6224038, -0.0840925, , , , , , , 23.6224038, 0.0169528, , , , , , , , , , , , , , , , , , , , , , , , , , , , 
23.6229231, 0.0105745, , , , , , , 23.6229231, 0.1072557, , , , , , , 23.6229231, -0.0652934, , , , , , , 23.6229231, 0.0196384, , , , , , , , , , , , , , , , , , , , , , , , , , , , 
23.6234423, 0.0172885, , , , , , , 23.6234423, 0.056733, , , , , , , 23.6234423, -0.0441444, , , , , , , 23.6234423, 0.0196384, , , , , , , , , , , , , , , , , , , , , , , , , , , , 
23.6239615, 0.0206455, , , , , , , 23.6239615, -0.0652934, , , , , , , 23.6239615, -0.0132601, , , , , , , 23.6239615, 0.0179599, , , , , , , , , , , , , , , , , , , , , , , , , , , , 
23.6244808, 0.0171206, , , , , , , 23.6244808, -0.2151827, , , , , , , 23.6244808, 0.0219883, , , , , , , 23.6244808, 0.0146029, , , , , , , , , , , , , , , , , , , , , , , , , , , , 
23.625, 0.0146029, , , , , , , 23.625, -0.307332, , , , , , , 23.625, 0.0501869, , , , , , , 23.625, 0.0119173, , , , , , , , , , , , , , , , , , , , , , , , , , , , 
23.6255192, 0.0152743, , , , , , , 23.6255192, -0.3291524, , , , , , , 23.6255192, 0.0673075, , , , , , , 23.6255192, 0.0092317, , , , , , , , , , , , , , , , , , , , , , , , , , , , 
23.6260385, 0.0186313, , , , , , , 23.6260385, -0.315053, , , , , , , 23.6260385, 0.068986, , , , , , , 23.6260385, 0.0075532, , , , , , , , , , , , , , , , , , , , , , , , , , , , 
23.6265577, 0.018967, , , , , , , 23.6265577, -0.2821546, , , , , , , 23.6265577, 0.0565652, , , , , , , 23.6265577, 0.0065461, , , , , , , , , , , , , , , , , , , , , , , , , , , , 
23.6270769, 0.0206455, , , , , , , 23.6270769, -0.2485847, , , , , , , 23.6270769, 0.036759, , , , , , , 23.6270769, 0.0043641, , , , , , , , , , , , , , , , , , , , , , , , , , , , 
23.6275962, 0.0280308, , , , , , , 23.6275962, -0.2254215, , , , , , , 23.6275962, 0.0172885, , , , , , , 23.6275962, 0.0005035, , , , , , , , , , , , , , , , , , , , , , , , , , , , 
23.6281154, 0.0381018, , , , , , , 23.6281154, -0.2049439, , , , , , , 23.6281154, 0.0011749, , , , , , , 23.6281154, -0.0045319, , , , , , , , , , , , , , , , , , , , , , , , , , , , 
23.6286346, 0.0485084, , , , , , , 23.6286346, -0.1774166, , , , , , , 23.6286346, -0.0129244, , , , , , , 23.6286346, -0.0095674, , , , , , , , , , , , , , , , , , , , , , , , , , , , 
23.6291538, 0.0565652, , , , , , , 23.6291538, -0.1421683, , , , , , , 23.6291538, -0.0253452, , , , , , , 23.6291538, -0.0109102, , , , , , , , , , , , , , , , , , , , , , , , , , , , 
23.6296731, 0.0642863, , , , , , , 23.6296731, -0.1085985, , , , , , , 23.6296731, -0.0347448, , , , , , , 23.6296731, -0.0104067, , , , , , , , , , , , , , , , , , , , , , , , , , , , 
23.6301923, 0.0710002, , , , , , , 23.6301923, -0.0834211, , , , , , , 23.6301923, -0.0411231, , , , , , , 23.6301923, -0.0105745, , , , , , , , , , , , , , , , , , , , , , , , , , , , 
23.6307115, 0.077882, , , , , , , 23.6307115, -0.063447, , , , , , , 23.6307115, -0.0397803, , , , , , , 23.6307115, -0.0124208, , , , , , , , , , , , , , , , , , , , , , , , , , , , 
23.6312308, 0.0830854, , , , , , , 23.6312308, -0.0433051, , , , , , , 23.6312308, -0.0379339, , , , , , , 23.6312308, -0.0137636, , , , , , , , , , , , , , , , , , , , , , , , , , , , 
23.63175, 0.0787213, , , , , , , 23.63175, -0.0238346, , , , , , , 23.63175, -0.0431373, , , , , , , 23.63175, -0.0142672, , , , , , , , , , , , , , , , , , , , , , , , , , , , 
23.6322692, 0.0674754, , , , , , , 23.6322692, -0.0082246, , , , , , , 23.6322692, -0.0458228, , , , , , , 23.6322692, -0.012253, , , , , , , , , , , , , , , , , , , , , , , , , , , , 
23.6327885, 0.0555581, , , , , , , 23.6327885, -0.0005035, , , , , , , 23.6327885, -0.0424659, , , , , , , 23.6327885, -0.0082246, , , , , , , , , , , , , , , , , , , , , , , , , , , , 
23.6333077, 0.0407874, , , , , , , 23.6333077, 0.0125887, , , , , , , 23.6333077, -0.0377661, , , , , , , 23.6333077, -0.0048676, , , , , , , , , , , , , , , , , , , , , , , , , , , , 
23.6338269, 0.0263523, , , , , , , 23.6338269, 0.0428016, , , , , , , 23.6338269, -0.0332341, , , , , , , 23.6338269, -0.0023499, , , , , , , , , , , , , , , , , , , , , , , , , , , , 
23.6343462, 0.0102388, , , , , , , 23.6343462, 0.0760357, , , , , , , 23.6343462, -0.0317235, , , , , , , 23.6343462, 0.0015106, , , , , , , , , , , , , , , , , , , , , , , , , , , , 
23.6348654, -0.0065461, , , , , , , 23.6348654, 0.1052415, , , , , , , 23.6348654, -0.0318914, , , , , , , 23.6348654, 0.0045319, , , , , , , , , , , , , , , , , , , , , , , , , , , , 
23.6353846, -0.0216526, , , , , , , 23.6353846, 0.1284047, , , , , , , 23.6353846, -0.0238346, , , , , , , 23.6353846, 0.0058747, , , , , , , , , , , , , , , , , , , , , , , , , , , , 
23.6359038, -0.0310521, , , , , , , 23.6359038, 0.1529107, , , , , , , 23.6359038, -0.0085603, , , , , , , 23.6359038, 0.0092317, , , , , , , , , , , , , , , , , , , , , , , , , , , , 
23.6364231, -0.0374304, , , , , , , 23.6364231, 0.1824521, , , , , , , 23.6364231, 0.005539, , , , , , , 23.6364231, 0.01561, , , , , , , , , , , , , , , , , , , , , , , , , , , , 
23.6369423, -0.0424659, , , , , , , 23.6369423, 0.202594, , , , , , , 23.6369423, 0.0140993, , , , , , , 23.6369423, 0.0196384, , , , , , , , , , , , , , , , , , , , , , , , , , , , 
23.6374615, -0.0424659, , , , , , , 23.6374615, 0.1891661, , , , , , , 23.6374615, 0.0219883, , , , , , , 23.6374615, 0.0213169, , , , , , , , , , , , , , , , , , , , , , , , , , , , 
23.6379808, -0.0370947, , , , , , , 23.6379808, 0.1317617, , , , , , , 23.6379808, 0.0359197, , , , , , , 23.6379808, 0.0236667, , , , , , , , , , , , , , , , , , , , , , , , , , , , 
23.6385, -0.0256809, , , , , , , 23.6385, 0.0616007, , , , , , , 23.6385, 0.0505226, , , , , , , 23.6385, 0.023331, , , , , , , , , , , , , , , , , , , , , , , , , , , , 
23.6390192, -0.0082246, , , , , , , 23.6390192, 0.026688, , , , , , , 23.6390192, 0.0589151, , , , , , , 23.6390192, 0.0186313, , , , , , , , , , , , , , , , , , , , , , , , , , , , 
23.6395385, 0.0078889, , , , , , , 23.6395385, 0.0354162, , , , , , , 23.6395385, 0.0626078, , , , , , , 23.6395385, 0.0146029, , , , , , , , , , , , , , , , , , , , , , , , , , , , 
23.6400577, 0.01561, , , , , , , 23.6400577, 0.0676432, , , , , , , 23.6400577, 0.0629435, , , , , , , 23.6400577, 0.0135958, , , , , , , , , , , , , , , , , , , , , , , , , , , , 
23.6405769, 0.0240024, , , , , , , 23.6405769, 0.0622721, , , , , , , 23.6405769, 0.0607614, , , , , , , 23.6405769, 0.0125887, , , , , , , , , , , , , , , , , , , , , , , , , , , , 
23.6410962, 0.0320592, , , , , , , 23.6410962, -0.0015106, , , , , , , 23.6410962, 0.0572366, , , , , , , 23.6410962, 0.0105745, , , , , , , , , , , , , , , , , , , , , , , , , , , , 
23.6416154, 0.030045, , , , , , , 23.6416154, -0.0629435, , , , , , , 23.6416154, 0.0527047, , , , , , , 23.6416154, 0.0104067, , , , , , , , , , , , , , , , , , , , , , , , , , , , 
23.6421346, 0.0260166, , , , , , , 23.6421346, -0.0882887, , , , , , , 23.6421346, 0.0480049, , , , , , , 23.6421346, 0.0132601, , , , , , , , , , , , , , , , , , , , , , , , , , , , 
23.6426538, 0.0253452, , , , , , , 23.6426538, -0.0815747, , , , , , , 23.6426538, 0.0461585, , , , , , , 23.6426538, 0.0196384, , , , , , , , , , , , , , , , , , , , , , , , , , , , 
23.6431731, 0.0243381, , , , , , , 23.6431731, -0.0632792, , , , , , , 23.6431731, 0.0397803, , , , , , , 23.6431731, 0.0283665, , , , , , , , , , , , , , , , , , , , , , , , , , , , 
23.6436923, 0.0206455, , , , , , , 23.6436923, -0.0428016, , , , , , , 23.6436923, 0.0246738, , , , , , , 23.6436923, 0.0320592, , , , , , , , , , , , , , , , , , , , , , , , , , , , 
23.6442115, 0.0119173, , , , , , , 23.6442115, -0.030045, , , , , , , 23.6442115, 0.0095674, , , , , , , 23.6442115, 0.033402, , , , , , , , , , , , , , , , , , , , , , , , , , , , 
23.6447308, 0.0015106, , , , , , , 23.6447308, -0.0421302, , , , , , , 23.6447308, -0.0026856, , , , , , , 23.6447308, 0.0360876, , , , , , , , , , , , , , , , , , , , , , , , , , , , 
23.64525, -0.0085603, , , , , , , 23.64525, -0.0726787, , , , , , , 23.64525, -0.0157778, , , , , , , 23.64525, 0.0387732, , , , , , , , , , , , , , , , , , , , , , , , , , , , 
23.6457692, -0.0125887, , , , , , , 23.6457692, -0.0995346, , , , , , , 23.6457692, -0.0283665, , , , , , , 23.6457692, 0.0424659, , , , , , , , , , , , , , , , , , , , , , , , , , , , 
23.6462885, -0.0117494, , , , , , , 23.6462885, -0.1064164, , , , , , , 23.6462885, -0.0379339, , , , , , , 23.6462885, 0.04448, , , , , , , , , , , , , , , , , , , , , , , , , , , , 
23.6468077, -0.0135958, , , , , , , 23.6468077, -0.0834211, , , , , , , 23.6468077, -0.0424659, , , , , , , 23.6468077, 0.0458228, , , , , , , , , , , , , , , , , , , , , , , , , , , , 
23.6473269, -0.0130922, , , , , , , 23.6473269, -0.0587472, , , , , , , 23.6473269, -0.0384375, , , , , , , 23.6473269, 0.0448157, , , , , , , , , , , , , , , , , , , , , , , , , , , , 
23.6478462, -0.0048676, , , , , , , 23.6478462, -0.0552224, , , , , , , 23.6478462, -0.0307164, , , , , , , 23.6478462, 0.0377661, , , , , , , , , , , , , , , , , , , , , , , , , , , , 
23.6483654, 0.0068818, , , , , , , 23.6483654, -0.0614328, , , , , , , 23.6483654, -0.0238346, , , , , , , 23.6483654, 0.0280308, , , , , , , , , , , , , , , , , , , , , , , , , , , , 
23.6488846, 0.0203098, , , , , , , 23.6488846, -0.0538796, , , , , , , 23.6488846, -0.0196384, , , , , , , 23.6488846, 0.0206455, , , , , , , , , , , , , , , , , , , , , , , , , , , , 
23.6494038, 0.0297093, , , , , , , 23.6494038, -0.0330663, , , , , , , 23.6494038, -0.0199741, , , , , , , 23.6494038, 0.0146029, , , , , , , , , , , , , , , , , , , , , , , , , , , , 
23.6499231, 0.0354162, , , , , , , 23.6499231, -0.0152743, , , , , , , 23.6499231, -0.0191348, , , , , , , 23.6499231, 0.0119173, , , , , , , , , , , , , , , , , , , , , , , , , , , , 
23.6504423, 0.0394446, , , , , , , 23.6504423, 0.011078, , , , , , , 23.6504423, -0.0142672, , , , , , , 23.6504423, 0.0083925, , , , , , , , , , , , , , , , , , , , , , , , , , , , 
23.6509615, 0.0414588, , , , , , , 23.6509615, 0.0441444, , , , , , , 23.6509615, -0.0095674, , , , , , , 23.6509615, 0.0031891, , , , , , , , , , , , , , , , , , , , , , , , , , , , 
23.6514808, 0.0428016, , , , , , , 23.6514808, 0.0599222, , , , , , , 23.6514808, -0.0068818, , , , , , , 23.6514808, -0.0031891, , , , , , , , , , , , , , , , , , , , , , , , , , , , 
23.652, 0.0399481, , , , , , , 23.652, 0.0421302, , , , , , , 23.652, -0.0075532, , , , , , , 23.652, -0.0068818, , , , , , , , , , , , , , , , , , , , , , , , , , , , 
23.6525192, 0.0320592, , , , , , , 23.6525192, 0.012253, , , , , , , 23.6525192, -0.0082246, , , , , , , 23.6525192, -0.0072175, , , , , , , , , , , , , , , , , , , , , , , , , , , , 
23.6530385, 0.0253452, , , , , , , 23.6530385, -0.002182, , , , , , , 23.6530385, -0.0050355, , , , , , , 23.6530385, -0.0058747, , , , , , , , , , , , , , , , , , , , , , , , , , , , 
23.6535577, 0.0213169, , , , , , , 23.6535577, 0.0018463, , , , , , , 23.6535577, -0.0005035, , , , , , , 23.6535577, -0.0041962, , , , , , , , , , , , , , , , , , , , , , , , , , , , 
23.6540769, 0.0140993, , , , , , , 23.6540769, 0.0157778, , , , , , , 23.6540769, 0.0078889, , , , , , , 23.6540769, -0.0015106, , , , , , , , , , , , , , , , , , , , , , , , , , , , 
23.6545962, 0.0018463, , , , , , , 23.6545962, 0.0293736, , , , , , , 23.6545962, 0.0196384, , , , , , , 23.6545962, 0.0010071, , , , , , , , , , , , , , , , , , , , , , , , , , , , 
23.6551154, -0.012253, , , , , , , 23.6551154, 0.0404517, , , , , , , 23.6551154, 0.0270237, , , , , , , 23.6551154, 0.0045319, , , , , , , , , , , , , , , , , , , , , , , , , , , , 
23.6556346, -0.0250095, , , , , , , 23.6556346, 0.0441444, , , , , , , 23.6556346, 0.0313878, , , , , , , 23.6556346, 0.0097353, , , , , , , , , , , , , , , , , , , , , , , , , , , , 
23.6561538, -0.0327306, , , , , , , 23.6561538, 0.0406195, , , , , , , 23.6561538, 0.0339055, , , , , , , 23.6561538, 0.0115816, , , , , , , , , , , , , , , , , , , , , , , , , , , , 
23.6566731, -0.0417945, , , , , , , 23.6566731, 0.033402, , , , , , , 23.6566731, 0.0344091, , , , , , , 23.6566731, 0.0105745, , , , , , , , , , , , , , , , , , , , , , , , , , , , 
23.6571923, -0.0508583, , , , , , , 23.6571923, 0.021149, , , , , , , 23.6571923, 0.0381018, , , , , , , 23.6571923, 0.0102388, , , , , , , , , , , , , , , , , , , , , , , , , , , , 
23.6577115, -0.0560616, , , , , , , 23.6577115, 0.0050355, , , , , , , 23.6577115, 0.0458228, , , , , , , 23.6577115, 0.0102388, , , , , , , , , , , , , , , , , , , , , , , , , , , , 
23.6582308, -0.0506905, , , , , , , 23.6582308, -0.0041962, , , , , , , 23.6582308, 0.0508583, , , , , , , 23.6582308, 0.0063783, , , , , , , , , , , , , , , , , , , , , , , , , , , , 
23.65875, -0.0340734, , , , , , , 23.65875, -0.0075532, , , , , , , 23.65875, 0.0485084, , , , , , , 23.65875, 0.0025177, , , , , , , , , , , , , , , , , , , , , , , , , , , , 
23.6592692, -0.0162814, , , , , , , 23.6592692, -0.0068818, , , , , , , 23.6592692, 0.040116, , , , , , , 23.6592692, 0.0030213, , , , , , , , , , , , , , , , , , , , , , , , , , , , 
23.6597885, -0.0008392, , , , , , , 23.6597885, -0.0008392, , , , , , , 23.6597885, 0.0320592, , , , , , , 23.6597885, 0.0045319, , , , , , , , , , , , , , , , , , , , , , , , , , , , 
23.6603077, 0.0092317, , , , , , , 23.6603077, -0.0001678, , , , , , , 23.6603077, 0.0186313, , , , , , , 23.6603077, 0.0065461, , , , , , , , , , , , , , , , , , , , , , , , , , , , 
23.6608269, 0.0152743, , , , , , , 23.6608269, -0.005539, , , , , , , 23.6608269, -0.0001678, , , , , , , 23.6608269, 0.0085603, , , , , , , , , , , , , , , , , , , , , , , , , , , , 
23.6613462, 0.0172885, , , , , , , 23.6613462, -0.0099031, , , , , , , 23.6613462, -0.0176242, , , , , , , 23.6613462, 0.0115816, , , , , , , , , , , , , , , , , , , , , , , , , , , , 
23.6618654, 0.0203098, , , , , , , 23.6618654, -0.0068818, , , , , , , 23.6618654, -0.0327306, , , , , , , 23.6618654, 0.0132601, , , , , , , , , , , , , , , , , , , , , , , , , , , , 
23.6623846, 0.0250095, , , , , , , 23.6623846, -0.0025177, , , , , , , 23.6623846, -0.054551, , , , , , , 23.6623846, 0.0130922, , , , , , , , , , , , , , , , , , , , , , , , , , , , 
23.6629038, 0.0337377, , , , , , , 23.6629038, -0.012253, , , , , , , 23.6629038, -0.0892958, , , , , , , 23.6629038, 0.0142672, , , , , , , , , , , , , , , , , , , , , , , , , , , , 
23.6634231, 0.0394446, , , , , , , 23.6634231, -0.0226596, , , , , , , 23.6634231, -0.1233692, , , , , , , 23.6634231, 0.0196384, , , , , , , , , , , , , , , , , , , , , , , , , , , , 
23.6639423, 0.0397803, , , , , , , 23.6639423, -0.0169528, , , , , , , 23.6639423, -0.145861, , , , , , , 23.6639423, 0.0238346, , , , , , , , , , , , , , , , , , , , , , , , , , , , 
23.6644615, 0.0394446, , , , , , , 23.6644615, 0.0011749, , , , , , , 23.6644615, -0.1532464, , , , , , , 23.6644615, 0.0219883, , , , , , , , , , , , , , , , , , , , , , , , , , , , 
23.6649808, 0.0407874, , , , , , , 23.6649808, 0.0204776, , , , , , , 23.6649808, -0.1441825, , , , , , , 23.6649808, 0.0199741, , , , , , , , , , , , , , , , , , , , , , , , , , , , 
23.6655, 0.0448157, , , , , , , 23.6655, 0.0297093, , , , , , , 23.6655, -0.1186694, , , , , , , 23.6655, 0.0196384, , , , , , , , , , , , , , , , , , , , , , , , , , , , 
23.6660192, 0.0495155, , , , , , , 23.6660192, 0.0287022, , , , , , , 23.6660192, -0.0887922, , , , , , , 23.6660192, 0.0193027, , , , , , , , , , , , , , , , , , , , , , , , , , , , 
23.6665385, 0.0513619, , , , , , , 23.6665385, 0.0318914, , , , , , , 23.6665385, -0.0666361, , , , , , , 23.6665385, 0.0169528, , , , , , , , , , , , , , , , , , , , , , , , , , , , 
23.6670577, 0.0466621, , , , , , , 23.6670577, 0.0421302, , , , , , , 23.6670577, -0.051194, , , , , , , 23.6670577, 0.0125887, , , , , , , , , , , , , , , , , , , , , , , , , , , , 
23.6675769, 0.04448, , , , , , , 23.6675769, 0.0461585, , , , , , , 23.6675769, -0.0381018, , , , , , , 23.6675769, 0.0092317, , , , , , , , , , , , , , , , , , , , , , , , , , , , 
23.6680962, 0.0535439, , , , , , , 23.6680962, 0.0374304, , , , , , , 23.6680962, -0.0260166, , , , , , , 23.6680962, 0.0048676, , , , , , , , , , , , , , , , , , , , , , , , , , , , 
23.6686154, 0.0666361, , , , , , , 23.6686154, 0.0203098, , , , , , , 23.6686154, -0.0213169, , , , , , , 23.6686154, -0.0011749, , , , , , , , , , , , , , , , , , , , , , , , , , , , 
23.6691346, 0.0763714, , , , , , , 23.6691346, -0.0005035, , , , , , , 23.6691346, -0.0206455, , , , , , , 23.6691346, -0.0058747, , , , , , , , , , , , , , , , , , , , , , , , , , , , 
23.6696538, 0.0842603, , , , , , , 23.6696538, -0.0213169, , , , , , , 23.6696538, -0.0140993, , , , , , , 23.6696538, -0.0095674, , , , , , , , , , , , , , , , , , , , , , , , , , , , 
23.6701731, 0.0903029, , , , , , , 23.6701731, -0.0365911, , , , , , , 23.6701731, -0.0005035, , , , , , , 23.6701731, -0.0132601, , , , , , , , , , , , , , , , , , , , , , , , , , , , 
23.6706923, 0.0891279, , , , , , , 23.6706923, -0.0431373, , , , , , , 23.6706923, 0.0142672, , , , , , , 23.6706923, -0.01561, , , , , , , , , , , , , , , , , , , , , , , , , , , , 
23.6712115, 0.0814069, , , , , , , 23.6712115, -0.0458228, , , , , , , 23.6712115, 0.0246738, , , , , , , 23.6712115, -0.0139315, , , , , , , , , , , , , , , , , , , , , , , , , , , , 
23.6717308, 0.0726787, , , , , , , 23.6717308, -0.0417945, , , , , , , 23.6717308, 0.0360876, , , , , , , 23.6717308, -0.0109102, , , , , , , , , , , , , , , , , , , , , , , , , , , , 
23.67225, 0.0589151, , , , , , , 23.67225, -0.0206455, , , , , , , 23.67225, 0.0508583, , , , , , , 23.67225, -0.0087282, , , , , , , , , , , , , , , , , , , , , , , , , , , , 
23.6727692, 0.0441444, , , , , , , 23.6727692, 0.0016785, , , , , , , 23.6727692, 0.0656291, , , , , , , 23.6727692, -0.0082246, , , , , , , , , , , , , , , , , , , , , , , , , , , , 
23.6732885, 0.0345769, , , , , , , 23.6732885, 0.0082246, , , , , , , 23.6732885, 0.0827497, , , , , , , 23.6732885, -0.0078889, , , , , , , , , , , , , , , , , , , , , , , , , , , , 
23.6738077, 0.0213169, , , , , , , 23.6738077, 0.0058747, , , , , , , 23.6738077, 0.0965133, , , , , , , 23.6738077, -0.0036927, , , , , , , , , , , , , , , , , , , , , , , , , , , , 
23.6743269, 0.0025177, , , , , , , 23.6743269, 0.0028534, , , , , , , 23.6743269, 0.1015488, , , , , , , 23.6743269, 0.0052033, , , , , , , , , , , , , , , , , , , , , , , , , , , , 
23.6748462, -0.0162814, , , , , , , 23.6748462, 0.0036927, , , , , , , 23.6748462, 0.0943313, , , , , , , 23.6748462, 0.0159457, , , , , , , , , , , , , , , , , , , , , , , , , , , , 
23.6753654, -0.030045, , , , , , , 23.6753654, 0.0078889, , , , , , , 23.6753654, 0.0750286, , , , , , , 23.6753654, 0.0236667, , , , , , , , , , , , , , , , , , , , , , , , , , , , 
23.6758846, -0.0397803, , , , , , , 23.6758846, 0.0124208, , , , , , , 23.6758846, 0.0505226, , , , , , , 23.6758846, 0.0243381, , , , , , , , , , , , , , , , , , , , , , , , , , , , 
23.6764038, -0.047837, , , , , , , 23.6764038, 0.0058747, , , , , , , 23.6764038, 0.0199741, , , , , , , 23.6764038, 0.0218204, , , , , , , , , , , , , , , , , , , , , , , , , , , , 
23.6769231, -0.0535439, , , , , , , 23.6769231, -0.0090639, , , , , , , 23.6769231, -0.012253, , , , , , , 23.6769231, 0.0234989, , , , , , , , , , , , , , , , , , , , , , , , , , , , 
23.6774423, -0.0592508, , , , , , , 23.6774423, -0.0196384, , , , , , , 23.6774423, -0.0424659, , , , , , , 23.6774423, 0.0297093, , , , , , , , , , , , , , , , , , , , , , , , , , , , 
23.6779615, -0.0629435, , , , , , , 23.6779615, -0.0229953, , , , , , , 23.6779615, -0.0706645, , , , , , , 23.6779615, 0.0360876, , , , , , , , , , , , , , , , , , , , , , , , , , , , 
23.6784808, -0.0558938, , , , , , , 23.6784808, -0.0186313, , , , , , , 23.6784808, -0.0921492, , , , , , , 23.6784808, 0.0406195, , , , , , , , , , , , , , , , , , , , , , , , , , , , 
23.679, -0.0386053, , , , , , , 23.679, -0.005539, , , , , , , 23.679, -0.103563, , , , , , , 23.679, 0.0448157, , , , , , , , , , , , , , , , , , , , , , , , , , , , 
23.6795192, -0.0240024, , , , , , , 23.6795192, 0.0082246, , , , , , , 23.6795192, -0.1085985, , , , , , , 23.6795192, 0.0475013, , , , , , , , , , , , , , , , , , , , , , , , , , , , 
23.6800385, -0.0162814, , , , , , , 23.6800385, 0.0028534, , , , , , , 23.6800385, -0.110277, , , , , , , 23.6800385, 0.0488441, , , , , , , , , , , , , , , , , , , , , , , , , , , , 
23.6805577, -0.0125887, , , , , , , 23.6805577, -0.0104067, , , , , , , 23.6805577, -0.109102, , , , , , , 23.6805577, 0.0480049, , , , , , , , , , , , , , , , , , , , , , , , , , , , 
23.6810769, -0.0062104, , , , , , , 23.6810769, -0.0028534, , , , , , , 23.6810769, -0.1049058, , , , , , , 23.6810769, 0.043473, , , , , , , , , , , , , , , , , , , , , , , , , , , , 
23.6815962, 0.003357, , , , , , , 23.6815962, 0.0364233, , , , , , , 23.6815962, -0.0990311, , , , , , , 23.6815962, 0.0360876, , , , , , , , , , , , , , , , , , , , , , , , , , , , 
23.6821154, 0.008896, , , , , , , 23.6821154, 0.0871138, , , , , , , 23.6821154, -0.0965133, , , , , , , 23.6821154, 0.0325628, , , , , , , , , , , , , , , , , , , , , , , , , , , , 
23.6826346, 0.0152743, , , , , , , 23.6826346, 0.1186694, , , , , , , 23.6826346, -0.0908064, , , , , , , 23.6826346, 0.0344091, , , , , , , , , , , , , , , , , , , , , , , , , , , , 
23.6831538, 0.0223239, , , , , , , 23.6831538, 0.1206836, , , , , , , 23.6831538, -0.0780499, , , , , , , 23.6831538, 0.0357519, , , , , , , , , , , , , , , , , , , , , , , , , , , , 
23.6836731, 0.0258488, , , , , , , 23.6836731, 0.0835889, , , , , , , 23.6836731, -0.0605936, , , , , , , 23.6836731, 0.0340734, , , , , , , , , , , , , , , , , , , , , , , , , , , , 
23.6841923, 0.0246738, , , , , , , 23.6841923, 0.012253, , , , , , , 23.6841923, -0.0391089, , , , , , , 23.6841923, 0.0285344, , , , , , , , , , , , , , , , , , , , , , , , , , , , 
23.6847115, 0.0223239, , , , , , , 23.6847115, -0.0563973, , , , , , , 23.6847115, -0.0176242, , , , , , , 23.6847115, 0.0209812, , , , , , , , , , , , , , , , , , , , , , , , , , , , 
23.6852308, 0.0223239, , , , , , , 23.6852308, -0.0887922, , , , , , , 23.6852308, -0.0001678, , , , , , , 23.6852308, 0.0146029, , , , , , , , , , , , , , , , , , , , , , , , , , , , 
23.68575, 0.0250095, , , , , , , 23.68575, -0.1022202, , , , , , , 23.68575, 0.0102388, , , , , , , 23.68575, 0.0099031, , , , , , , , , , , , , , , , , , , , , , , , , , , , 
23.6862692, 0.0256809, , , , , , , 23.6862692, -0.1284047, , , , , , , 23.6862692, 0.0162814, , , , , , , 23.6862692, 0.0092317, , , , , , , , , , , , , , , , , , , , , , , , , , , , 
23.6867885, 0.0240024, , , , , , , 23.6867885, -0.1613031, , , , , , , 23.6867885, 0.0196384, , , , , , , 23.6867885, 0.0050355, , , , , , , , , , , , , , , , , , , , , , , , , , , , 
23.6873077, 0.0226596, , , , , , , 23.6873077, -0.1686885, , , , , , , 23.6873077, 0.0214847, , , , , , , 23.6873077, -0.0015106, , , , , , , , , , , , , , , , , , , , , , , , , , , , 
23.6878269, 0.0290379, , , , , , , 23.6878269, -0.1613031, , , , , , , 23.6878269, 0.0240024, , , , , , , 23.6878269, -0.0048676, , , , , , , , , , , , , , , , , , , , , , , , , , , , 
23.6883462, 0.0407874, , , , , , , 23.6883462, -0.1754025, , , , , , , 23.6883462, 0.0276951, , , , , , , 23.6883462, -0.0062104, , , , , , , , , , , , , , , , , , , , , , , , , , , , 
23.6888654, 0.0508583, , , , , , , 23.6888654, -0.2019226, , , , , , , 23.6888654, 0.0339055, , , , , , , 23.6888654, -0.0072175, , , , , , , , , , , , , , , , , , , , , , , , , , , , 
23.6893846, 0.0569009, , , , , , , 23.6893846, -0.2042725, , , , , , , 23.6893846, 0.0419623, , , , , , , 23.6893846, -0.008896, , , , , , , , , , , , , , , , , , , , , , , , , , , , 
23.6899038, 0.0642863, , , , , , , 23.6899038, -0.1717098, , , , , , , 23.6899038, 0.0532082, , , , , , , 23.6899038, -0.0124208, , , , , , , , , , , , , , , , , , , , , , , , , , , , 
23.6904231, 0.0726787, , , , , , , 23.6904231, -0.1270619, , , , , , , 23.6904231, 0.0666361, , , , , , , 23.6904231, -0.0166171, , , , , , , , , , , , , , , , , , , , , , , , , , , , 
23.6909423, 0.0741894, , , , , , , 23.6909423, -0.0891279, , , , , , , 23.6909423, 0.0800641, , , , , , , 23.6909423, -0.0162814, , , , , , , , , , , , , , , , , , , , , , , , , , , , 
23.6914615, 0.0629435, , , , , , , 23.6914615, -0.0570687, , , , , , , 23.6914615, 0.0924849, , , , , , , 23.6914615, -0.0135958, , , , , , , , , , , , , , , , , , , , , , , , , , , , 
23.6919808, 0.0461585, , , , , , , 23.6919808, -0.0344091, , , , , , , 23.6919808, 0.1045701, , , , , , , 23.6919808, -0.0102388, , , , , , , , , , , , , , , , , , , , , , , , , , , , 
23.6925, 0.0330663, , , , , , , 23.6925, -0.0206455, , , , , , , 23.6925, 0.1143053, , , , , , , 23.6925, -0.0048676, , , , , , , , , , , , , , , , , , , , , , , , , , , , 
23.6930192, 0.0209812, , , , , , , 23.6930192, -0.0065461, , , , , , , 23.6930192, 0.1216907, , , , , , , 23.6930192, -0.0018463, , , , , , , , , , , , , , , , , , , , , , , , , , , , 
23.6935385, 0.008896, , , , , , , 23.6935385, 0.002182, , , , , , , 23.6935385, 0.1270619, , , , , , , 23.6935385, -0.0008392, , , , , , , , , , , , , , , , , , , , , , , , , , , , 
23.6940577, -0.0068818, , , , , , , 23.6940577, 0.0058747, , , , , , , 23.6940577, 0.1230335, , , , , , , 23.6940577, 0.002182, , , , , , , , , , , , , , , , , , , , , , , , , , , , 
23.6945769, -0.0243381, , , , , , , 23.6945769, 0.0135958, , , , , , , 23.6945769, 0.1059129, , , , , , , 23.6945769, 0.0065461, , , , , , , , , , , , , , , , , , , , , , , , , , , , 
23.6950962, -0.0391089, , , , , , , 23.6950962, 0.026688, , , , , , , 23.6950962, 0.0726787, , , , , , , 23.6950962, 0.0090639, , , , , , , , , , , , , , , , , , , , , , , , , , , , 
23.6956154, -0.0501869, , , , , , , 23.6956154, 0.040116, , , , , , , 23.6956154, 0.026688, , , , , , , 23.6956154, 0.0132601, , , , , , , , , , , , , , , , , , , , , , , , , , , , 
23.6961346, -0.057908, , , , , , , 23.6961346, 0.0495155, , , , , , , 23.6961346, -0.0240024, , , , , , , 23.6961346, 0.0199741, , , , , , , , , , , , , , , , , , , , , , , , , , , , 
23.6966538, -0.0629435, , , , , , , 23.6966538, 0.0535439, , , , , , , 23.6966538, -0.0666361, , , , , , , 23.6966538, 0.0213169, , , , , , , , , , , , , , , , , , , , , , , , , , , , 
23.6971731, -0.0683146, , , , , , , 23.6971731, 0.0515297, , , , , , , 23.6971731, -0.0918135, , , , , , , 23.6971731, 0.0213169, , , , , , , , , , , , , , , , , , , , , , , , , , , , 
23.6976923, -0.0713359, , , , , , , 23.6976923, 0.0513619, , , , , , , 23.6976923, -0.1055772, , , , , , , 23.6976923, 0.023331, , , , , , , , , , , , , , , , , , , , , , , , , , , , 
23.6982115, -0.0632792, , , , , , , 23.6982115, 0.0666361, , , , , , , 23.6982115, -0.1163195, , , , , , , 23.6982115, 0.0236667, , , , , , , , , , , , , , , , , , , , , , , , , , , , 
23.6987308, -0.0424659, , , , , , , 23.6987308, 0.0938277, , , , , , , 23.6987308, -0.1237049, , , , , , , 23.6987308, 0.0206455, , , , , , , , , , , , , , , , , , , , , , , , , , , , 
23.69925, -0.0226596, , , , , , , 23.69925, 0.1085985, , , , , , , 23.69925, -0.1226978, , , , , , , 23.69925, 0.0186313, , , , , , , , , , , , , , , , , , , , , , , , , , , , 
23.6997692, -0.0085603, , , , , , , 23.6997692, 0.100206, , , , , , , 23.6997692, -0.1096056, , , , , , , 23.6997692, 0.0186313, , , , , , , , , , , , , , , , , , , , , , , , , , , , 
23.7002885, 0.0092317, , , , , , , 23.7002885, 0.0827497, , , , , , , 23.7002885, -0.0921492, , , , , , , 23.7002885, 0.0169528, , , , , , , , , , , , , , , , , , , , , , , , , , , , 
23.7008077, 0.0199741, , , , , , , 23.7008077, 0.0666361, , , , , , , 23.7008077, -0.0787213, , , , , , , 23.7008077, 0.0169528, , , , , , , , , , , , , , , , , , , , , , , , , , , , 
23.7013269, 0.0253452, , , , , , , 23.7013269, 0.0498512, , , , , , , 23.7013269, -0.0757, , , , , , , 23.7013269, 0.0199741, , , , , , , , , , , , , , , , , , , , , , , , , , , , 
23.7018462, 0.0280308, , , , , , , 23.7018462, 0.0323949, , , , , , , 23.7018462, -0.0746929, , , , , , , 23.7018462, 0.0229953, , , , , , , , , , , , , , , , , , , , , , , , , , , , 
23.7023654, 0.0293736, , , , , , , 23.7023654, 0.01561, , , , , , , 23.7023654, -0.0669718, , , , , , , 23.7023654, 0.0213169, , , , , , , , , , , , , , , , , , , , , , , , , , , , 
23.7028846, 0.0293736, , , , , , , 23.7028846, -0.0001678, , , , , , , 23.7028846, -0.0525368, , , , , , , 23.7028846, 0.017792, , , , , , , , , , , , , , , , , , , , , , , , , , , , 
23.7034038, 0.0339055, , , , , , , 23.7034038, -0.0092317, , , , , , , 23.7034038, -0.036759, , , , , , , 23.7034038, 0.0149386, , , , , , , , , , , , , , , , , , , , , , , , , , , , 
23.7039231, 0.0354162, , , , , , , 23.7039231, -0.0129244, , , , , , , 23.7039231, -0.0243381, , , , , , , 23.7039231, 0.0191348, , , , , , , , , , , , , , , , , , , , , , , , , , , , 
23.7044423, 0.0320592, , , , , , , 23.7044423, -0.0166171, , , , , , , 23.7044423, -0.0149386, , , , , , , 23.7044423, 0.0253452, , , , , , , , , , , , , , , , , , , , , , , , , , , , 
23.7049615, 0.0293736, , , , , , , 23.7049615, -0.0229953, , , , , , , 23.7049615, -0.0052033, , , , , , , 23.7049615, 0.027863, , , , , , , , , , , , , , , , , , , , , , , , , , , , 
23.7054808, 0.0243381, , , , , , , 23.7054808, -0.0323949, , , , , , , 23.7054808, 0.0072175, , , , , , , 23.7054808, 0.026688, , , , , , , , , , , , , , , , , , , , , , , , , , , , 
23.706, 0.0253452, , , , , , , 23.706, -0.0303807, , , , , , , 23.706, 0.0159457, , , , , , , 23.706, 0.0258488, , , , , , , , , , , , , , , , , , , , , , , , , , , , 
23.7065192, 0.0307164, , , , , , , 23.7065192, -0.0105745, , , , , , , 23.7065192, 0.0196384, , , , , , , 23.7065192, 0.0246738, , , , , , , , , , , , , , , , , , , , , , , , , , , , 
23.7070385, 0.0305486, , , , , , , 23.7070385, 0.0065461, , , , , , , 23.7070385, 0.0246738, , , , , , , 23.7070385, 0.0199741, , , , , , , , , , , , , , , , , , , , , , , , , , , , 
23.7075577, 0.0246738, , , , , , , 23.7075577, 0.0065461, , , , , , , 23.7075577, 0.0307164, , , , , , , 23.7075577, 0.0146029, , , , , , , , , , , , , , , , , , , , , , , , , , , , 
23.7080769, 0.0287022, , , , , , , 23.7080769, 0.0025177, , , , , , , 23.7080769, 0.0347448, , , , , , , 23.7080769, 0.008896, , , , , , , , , , , , , , , , , , , , , , , , , , , , 
23.7085962, 0.0448157, , , , , , , 23.7085962, 0.0099031, , , , , , , 23.7085962, 0.0374304, , , , , , , 23.7085962, 0.0028534, , , , , , , , , , , , , , , , , , , , , , , , , , , , 
23.7091154, 0.0589151, , , , , , , 23.7091154, 0.0283665, , , , , , , 23.7091154, 0.0396124, , , , , , , 23.7091154, -0.0015106, , , , , , , , , , , , , , , , , , , , , , , , , , , , 
23.7096346, 0.0632792, , , , , , , 23.7096346, 0.0491798, , , , , , , 23.7096346, 0.0407874, , , , , , , 23.7096346, -0.0048676, , , , , , , , , , , , , , , , , , , , , , , , , , , , 
23.7101538, 0.0636149, , , , , , , 23.7101538, 0.0703288, , , , , , , 23.7101538, 0.040116, , , , , , , 23.7101538, -0.0077211, , , , , , , , , , , , , , , , , , , , , , , , , , , , 
23.7106731, 0.0666361, , , , , , , 23.7106731, 0.0721752, , , , , , , 23.7106731, 0.0360876, , , , , , , 23.7106731, -0.008896, , , , , , , , , , , , , , , , , , , , , , , , , , , , 
23.7111923, 0.0679789, , , , , , , 23.7111923, 0.0481727, , , , , , , 23.7111923, 0.0280308, , , , , , , 23.7111923, -0.0062104, , , , , , , , , , , , , , , , , , , , , , , , , , , , 
23.7117115, 0.0639506, , , , , , , 23.7117115, 0.0219883, , , , , , , 23.7117115, 0.0166171, , , , , , , 23.7117115, 0.0003357, , , , , , , , , , , , , , , , , , , , , , , , , , , , 
23.7122308, 0.0532082, , , , , , , 23.7122308, 0.0132601, , , , , , , 23.7122308, 0.0028534, , , , , , , 23.7122308, 0.0045319, , , , , , , , , , , , , , , , , , , , , , , , , , , , 
23.71275, 0.0370947, , , , , , , 23.71275, 0.0253452, , , , , , , 23.71275, -0.0070497, , , , , , , 23.71275, 0.0065461, , , , , , , , , , , , , , , , , , , , , , , , , , , , 
23.7132692, 0.0223239, , , , , , , 23.7132692, 0.0542153, , , , , , , 23.7132692, -0.008896, , , , , , , 23.7132692, 0.0082246, , , , , , , , , , , , , , , , , , , , , , , , , , , , 
23.7137885, 0.0166171, , , , , , , 23.7137885, 0.0649577, , , , , , , 23.7137885, -0.0023499, , , , , , , 23.7137885, 0.0075532, , , , , , , , , , , , , , , , , , , , , , , , , , , , 
23.7143077, 0.0052033, , , , , , , 23.7143077, 0.0381018, , , , , , , 23.7143077, 0.0062104, , , , , , , 23.7143077, 0.0065461, , , , , , , , , , , , , , , , , , , , , , , , , , , , 
23.7148269, -0.0129244, , , , , , , 23.7148269, 0.0031891, , , , , , , 23.7148269, 0.0159457, , , , , , , 23.7148269, 0.0092317, , , , , , , , , , , , , , , , , , , , , , , , , , , , 
23.7153462, -0.0285344, , , , , , , 23.7153462, -0.018967, , , , , , , 23.7153462, 0.0287022, , , , , , , 23.7153462, 0.0115816, , , , , , , , , , , , , , , , , , , , , , , , , , , , 
23.7158654, -0.040116, , , , , , , 23.7158654, -0.0491798, , , , , , , 23.7158654, 0.0394446, , , , , , , 23.7158654, 0.0117494, , , , , , , , , , , , , , , , , , , , , , , , , , , , 
23.7163846, -0.0485084, , , , , , , 23.7163846, -0.1042344, , , , , , , 23.7163846, 0.0438087, , , , , , , 23.7163846, 0.0109102, , , , , , , , , , , , , , , , , , , , , , , , , , , , 
23.7169038, -0.0569009, , , , , , , 23.7169038, -0.1572747, , , , , , , 23.7169038, 0.043473, , , , , , , 23.7169038, 0.0065461, , , , , , , , , , , , , , , , , , , , , , , , , , , , 
23.7174231, -0.0619364, , , , , , , 23.7174231, -0.1688563, , , , , , , 23.7174231, 0.0491798, , , , , , , 23.7174231, 0.0065461, , , , , , , , , , , , , , , , , , , , , , , , , , , , 
23.7179423, -0.061265, , , , , , , 23.7179423, -0.1428397, , , , , , , 23.7179423, 0.0575723, , , , , , , 23.7179423, 0.0092317, , , , , , , , , , , , , , , , , , , , , , , , , , , , 
23.7184615, -0.0515297, , , , , , , 23.7184615, -0.1193408, , , , , , , 23.7184615, 0.0627756, , , , , , , 23.7184615, 0.0105745, , , , , , , , , , , , , , , , , , , , , , , , , , , , 
23.7189808, -0.0350805, , , , , , , 23.7189808, -0.1122911, , , , , , , 23.7189808, 0.0624399, , , , , , , 23.7189808, 0.0099031, , , , , , , , , , , , , , , , , , , , , , , , , , , , 
23.7195, -0.0226596, , , , , , , 23.7195, -0.1049058, , , , , , , 23.7195, 0.0599222, , , , , , , 23.7195, 0.0058747, , , , , , , , , , , , , , , , , , , , , , , , , , , , 
23.7200192, -0.0179599, , , , , , , 23.7200192, -0.0891279, , , , , , , 23.7200192, 0.0520333, , , , , , , 23.7200192, 0.0011749, , , , , , , , , , , , , , , , , , , , , , , , , , , , 
23.7205385, -0.0105745, , , , , , , 23.7205385, -0.0621042, , , , , , , 23.7205385, 0.0340734, , , , , , , 23.7205385, 0.0005035, , , , , , , , , , , , , , , , , , , , , , , , , , , , 
23.7210577, -0.0003357, , , , , , , 23.7210577, -0.0198062, , , , , , , 23.7210577, 0.0062104, , , , , , , 23.7210577, 0.0011749, , , , , , , , , , , , , , , , , , , , , , , , , , , , 
23.7215769, 0.0058747, , , , , , , 23.7215769, 0.0209812, , , , , , , 23.7215769, -0.0283665, , , , , , , 23.7215769, 0.0030213, , , , , , , , , , , , , , , , , , , , , , , , , , , , 
23.7220962, 0.0124208, , , , , , , 23.7220962, 0.0404517, , , , , , , 23.7220962, -0.0706645, , , , , , , 23.7220962, 0.0077211, , , , , , , , , , , , , , , , , , , , , , , , , , , , 
23.7226154, 0.0179599, , , , , , , 23.7226154, 0.0352483, , , , , , , 23.7226154, -0.1188373, , , , , , , 23.7226154, 0.0119173, , , , , , , , , , , , , , , , , , , , , , , , , , , , 
23.7231346, 0.0224918, , , , , , , 23.7231346, 0.0226596, , , , , , , 23.7231346, -0.1633173, , , , , , , 23.7231346, 0.0132601, , , , , , , , , , , , , , , , , , , , , , , , , , , , 
23.7236538, 0.0293736, , , , , , , 23.7236538, 0.018967, , , , , , , 23.7236538, -0.1928588, , , , , , , 23.7236538, 0.0102388, , , , , , , , , , , , , , , , , , , , , , , , , , , , 
23.7241731, 0.0357519, , , , , , , 23.7241731, 0.0196384, , , , , , , 23.7241731, -0.2015869, , , , , , , 23.7241731, 0.0065461, , , , , , , , , , , , , , , , , , , , , , , , , , , , 
23.7246923, 0.0377661, , , , , , , 23.7246923, 0.0193027, , , , , , , 23.7246923, -0.1884947, , , , , , , 23.7246923, 0.0065461, , , , , , , , , , , , , , , , , , , , , , , , , , , , 
23.7252115, 0.0374304, , , , , , , 23.7252115, 0.0226596, , , , , , , 23.7252115, -0.154757, , , , , , , 23.7252115, 0.0048676, , , , , , , , , , , , , , , , , , , , , , , , , , , , 
23.7257308, 0.036759, , , , , , , 23.7257308, 0.0357519, , , , , , , 23.7257308, -0.112459, , , , , , , 23.7257308, 0.0025177, , , , , , , , , , , , , , , , , , , , , , , , , , , , 
23.72625, 0.0387732, , , , , , , 23.72625, 0.0535439, , , , , , , 23.72625, -0.0686503, , , , , , , 23.72625, 0.0005035, , , , , , , , , , , , , , , , , , , , , , , , , , , , 
23.7267692, 0.0439765, , , , , , , 23.7267692, 0.0626078, , , , , , , 23.7267692, -0.0240024, , , , , , , 23.7267692, 0.0005035, , , , , , , , , , , , , , , , , , , , , , , , , , , , 
23.7272885, 0.0555581, , , , , , , 23.7272885, 0.0562295, , , , , , , 23.7272885, 0.0115816, , , , , , , 23.7272885, 0.002182, , , , , , , , , , , , , , , , , , , , , , , , , , , , 
23.7278077, 0.0676432, , , , , , , 23.7278077, 0.0501869, , , , , , , 23.7278077, 0.0327306, , , , , , , 23.7278077, 0.0023499, , , , , , , , , , , , , , , , , , , , , , , , , , , , 
23.7283269, 0.0787213, , , , , , , 23.7283269, 0.0636149, , , , , , , 23.7283269, 0.0468299, , , , , , , 23.7283269, 0.0018463, , , , , , , , , , , , , , , , , , , , , , , , , , , , 
23.7288462, 0.0891279, , , , , , , 23.7288462, 0.0944991, , , , , , , 23.7288462, 0.0532082, , , , , , , 23.7288462, 0.0025177, , , , , , , , , , , , , , , , , , , , , , , , , , , , 
23.7293654, 0.0971847, , , , , , , 23.7293654, 0.1032273, , , , , , , 23.7293654, 0.0518654, , , , , , , 23.7293654, 0.005539, , , , , , , , , , , , , , , , , , , , , , , , , , , , 
23.7298846, 0.1018845, , , , , , , 23.7298846, 0.0616007, , , , , , , 23.7298846, 0.0421302, , , , , , , 23.7298846, 0.0078889, , , , , , , , , , , , , , , , , , , , , , , , , , , , 
23.7304038, 0.1044022, , , , , , , 23.7304038, 0.0010071, , , , , , , 23.7304038, 0.0196384, , , , , , , 23.7304038, 0.0102388, , , , , , , , , , , , , , , , , , , , , , , , , , , , 
23.7309231, 0.1015488, , , , , , , 23.7309231, -0.0391089, , , , , , , 23.7309231, -0.0070497, , , , , , , 23.7309231, 0.0162814, , , , , , , , , , , , , , , , , , , , , , , , , , , , 
23.7314423, 0.0884565, , , , , , , 23.7314423, -0.0475013, , , , , , , 23.7314423, -0.0273594, , , , , , , 23.7314423, 0.0303807, , , , , , , , , , , , , , , , , , , , , , , , , , , , 
23.7319615, 0.0679789, , , , , , , 23.7319615, -0.0303807, , , , , , , 23.7319615, -0.0384375, , , , , , , 23.7319615, 0.0468299, , , , , , , , , , , , , , , , , , , , , , , , , , , , 
23.7324808, 0.0461585, , , , , , , 23.7324808, -0.0075532, , , , , , , 23.7324808, -0.0446479, , , , , , , 23.7324808, 0.0609293, , , , , , , , , , , , , , , , , , , , , , , , , , , , 
23.733, 0.0290379, , , , , , , 23.733, -0.0011749, , , , , , , 23.733, -0.0522011, , , , , , , 23.733, 0.0746929, , , , , , , , , , , , , , , , , , , , , , , , , , , , 
23.7335192, 0.0124208, , , , , , , 23.7335192, -0.0104067, , , , , , , 23.7335192, -0.0569009, , , , , , , 23.7335192, 0.085771, , , , , , , , , , , , , , , , , , , , , , , , , , , , 
23.7340385, -0.0057069, , , , , , , 23.7340385, -0.0303807, , , , , , , 23.7340385, -0.0552224, , , , , , , 23.7340385, 0.0894636, , , , , , , , , , , , , , , , , , , , , , , , , , , , 
23.7345577, -0.0280308, , , , , , , 23.7345577, -0.0639506, , , , , , , 23.7345577, -0.0505226, , , , , , , 23.7345577, 0.0817426, , , , , , , , , , , , , , , , , , , , , , , , , , , , 
23.7350769, -0.051194, , , , , , , 23.7350769, -0.1171588, , , , , , , 23.7350769, -0.0458228, , , , , , , 23.7350769, 0.0679789, , , , , , , , , , , , , , , , , , , , , , , , , , , , 
23.7355962, -0.0699931, , , , , , , 23.7355962, -0.1713741, , , , , , , 23.7355962, -0.0386053, , , , , , , 23.7355962, 0.0582437, , , , , , , , , , , , , , , , , , , , , , , , , , , , 
23.7361154, -0.0834211, , , , , , , 23.7361154, -0.1942016, , , , , , , 23.7361154, -0.0253452, , , , , , , 23.7361154, 0.0518654, , , , , , , , , , , , , , , , , , , , , , , , , , , , 
23.7366346, -0.0923171, , , , , , , 23.7366346, -0.1713741, , , , , , , 23.7366346, -0.0075532, , , , , , , 23.7366346, 0.043473, , , , , , , , , , , , , , , , , , , , , , , , , , , , 
23.7371538, -0.1017166, , , , , , , 23.7371538, -0.111284, , , , , , , 23.7371538, 0.0087282, , , , , , , 23.7371538, 0.0340734, , , , , , , , , , , , , , , , , , , , , , , , , , , , 
23.7376731, -0.1072557, , , , , , , 23.7376731, -0.0417945, , , , , , , 23.7376731, 0.0240024, , , , , , , 23.7376731, 0.0258488, , , , , , , , , , , , , , , , , , , , , , , , , , , , 
23.7381923, -0.0961776, , , , , , , 23.7381923, -0.0162814, , , , , , , 23.7381923, 0.0364233, , , , , , , 23.7381923, 0.0193027, , , , , , , , , , , , , , , , , , , , , , , , , , , , 
23.7387115, -0.0716716, , , , , , , 23.7387115, -0.0337377, , , , , , , 23.7387115, 0.04448, , , , , , , 23.7387115, 0.0119173, , , , , , , , , , , , , , , , , , , , , , , , , , , , 
23.7392308, -0.0532082, , , , , , , 23.7392308, -0.0471656, , , , , , , 23.7392308, 0.0495155, , , , , , , 23.7392308, 0.0063783, , , , , , , , , , , , , , , , , , , , , , , , , , , , 
23.73975, -0.0446479, , , , , , , 23.73975, -0.0399481, , , , , , , 23.73975, 0.0555581, , , , , , , 23.73975, 0.0018463, , , , , , , , , , , , , , , , , , , , , , , , , , , , 
23.7402692, -0.0350805, , , , , , , 23.7402692, -0.0238346, , , , , , , 23.7402692, 0.0636149, , , , , , , 23.7402692, -0.0010071, , , , , , , , , , , , , , , , , , , , , , , , , , , , 
23.7407885, -0.0224918, , , , , , , 23.7407885, -0.0099031, , , , , , , 23.7407885, 0.0676432, , , , , , , 23.7407885, -0.0048676, , , , , , , , , , , , , , , , , , , , , , , , , , , , 
23.7413077, -0.01561, , , , , , , 23.7413077, -0.0003357, , , , , , , 23.7413077, 0.0663005, , , , , , , 23.7413077, -0.0109102, , , , , , , , , , , , , , , , , , , , , , , , , , , , 
23.7418269, -0.0085603, , , , , , , 23.7418269, 0.0057069, , , , , , , 23.7418269, 0.0649577, , , , , , , 23.7418269, -0.012253, , , , , , , , , , , , , , , , , , , , , , , , , , , , 
23.7423462, 0.0001678, , , , , , , 23.7423462, 0.0102388, , , , , , , 23.7423462, 0.063447, , , , , , , 23.7423462, -0.0109102, , , , , , , , , , , , , , , , , , , , , , , , , , , , 
23.7428654, 0.0109102, , , , , , , 23.7428654, 0.0125887, , , , , , , 23.7428654, 0.0616007, , , , , , , 23.7428654, -0.0125887, , , , , , , , , , , , , , , , , , , , , , , , , , , , 
23.7433846, 0.0164492, , , , , , , 23.7433846, 0.0129244, , , , , , , 23.7433846, 0.0569009, , , , , , , 23.7433846, -0.0139315, , , , , , , , , , , , , , , , , , , , , , , , , , , , 
23.7439038, 0.0223239, , , , , , , 23.7439038, 0.0152743, , , , , , , 23.7439038, 0.0441444, , , , , , , 23.7439038, -0.0157778, , , , , , , , , , , , , , , , , , , , , , , , , , , , 
23.7444231, 0.0307164, , , , , , , 23.7444231, 0.0203098, , , , , , , 23.7444231, 0.0243381, , , , , , , 23.7444231, -0.0179599, , , , , , , , , , , , , , , , , , , , , , , , , , , , 
23.7449423, 0.0357519, , , , , , , 23.7449423, 0.0256809, , , , , , , 23.7449423, 0.0052033, , , , , , , 23.7449423, -0.0186313, , , , , , , , , , , , , , , , , , , , , , , , , , , , 
23.7454615, 0.0377661, , , , , , , 23.7454615, 0.0288701, , , , , , , 23.7454615, -0.0112459, , , , , , , 23.7454615, -0.018967, , , , , , , , , , , , , , , , , , , , , , , , , , , , 
23.7459808, 0.0381018, , , , , , , 23.7459808, 0.0313878, , , , , , , 23.7459808, -0.0270237, , , , , , , 23.7459808, -0.0193027, , , , , , , , , , , , , , , , , , , , , , , , , , , , 
23.7465, 0.0407874, , , , , , , 23.7465, 0.0360876, , , , , , , 23.7465, -0.0407874, , , , , , , 23.7465, -0.0236667, , , , , , , , , , , , , , , , , , , , , , , , , , , , 
23.7470192, 0.0464942, , , , , , , 23.7470192, 0.0392767, , , , , , , 23.7470192, -0.0506905, , , , , , , 23.7470192, -0.0250095, , , , , , , , , , , , , , , , , , , , , , , , , , , , 
23.7475385, 0.0508583, , , , , , , 23.7475385, 0.0407874, , , , , , , 23.7475385, -0.0542153, , , , , , , 23.7475385, -0.0224918, , , , , , , , , , , , , , , , , , , , , , , , , , , , 
23.7480577, 0.0582437, , , , , , , 23.7480577, 0.0438087, , , , , , , 23.7480577, -0.0542153, , , , , , , 23.7480577, -0.0223239, , , , , , , , , , , , , , , , , , , , , , , , , , , , 
23.7485769, 0.0708324, , , , , , , 23.7485769, 0.0607614, , , , , , , 23.7485769, -0.0552224, , , , , , , 23.7485769, -0.0243381, , , , , , , , , , , , , , , , , , , , , , , , , , , , 
23.7490962, 0.0884565, , , , , , , 23.7490962, 0.0867781, , , , , , , 23.7490962, -0.0505226, , , , , , , 23.7490962, -0.0258488, , , , , , , , , , , , , , , , , , , , , , , , , , , , 
23.7496154, 0.0998703, , , , , , , 23.7496154, 0.0965133, , , , , , , 23.7496154, -0.0417945, , , , , , , 23.7496154, -0.0236667, , , , , , , , , , , , , , , , , , , , , , , , , , , , 
23.7501346, 0.1032273, , , , , , , 23.7501346, 0.0844282, , , , , , , 23.7501346, -0.0323949, , , , , , , 23.7501346, -0.0199741, , , , , , , , , , , , , , , , , , , , , , , , , , , , 
23.7506538, 0.1059129, , , , , , , 23.7506538, 0.0716716, , , , , , , 23.7506538, -0.0166171, , , , , , , 23.7506538, -0.0169528, , , , , , , , , , , , , , , , , , , , , , , , , , , , 
23.7511731, 0.109102, , , , , , , 23.7511731, 0.0636149, , , , , , , 23.7511731, 0.0018463, , , , , , , 23.7511731, -0.0135958, , , , , , , , , , , , , , , , , , , , , , , , , , , , 
23.7516923, 0.1059129, , , , , , , 23.7516923, 0.0565652, , , , , , , 23.7516923, 0.0162814, , , , , , , 23.7516923, -0.0068818, , , , , , , , , , , , , , , , , , , , , , , , , , , , 
23.7522115, 0.093492, , , , , , , 23.7522115, 0.0468299, , , , , , , 23.7522115, 0.0265202, , , , , , , 23.7522115, -0.0001678, , , , , , , , , , , , , , , , , , , , , , , , , , , , 
23.7527308, 0.0777142, , , , , , , 23.7527308, 0.0258488, , , , , , , 23.7527308, 0.0327306, , , , , , , 23.7527308, 0.0057069, , , , , , , , , , , , , , , , , , , , , , , , , , , , 
23.75325, 0.0659648, , , , , , , 23.75325, 0.0031891, , , , , , , 23.75325, 0.0313878, , , , , , , 23.75325, 0.0119173, , , , , , , , , , , , , , , , , , , , , , , , , , , , 
23.7537692, 0.0528725, , , , , , , 23.7537692, -0.0025177, , , , , , , 23.7537692, 0.0263523, , , , , , , 23.7537692, 0.0186313, , , , , , , , , , , , , , , , , , , , , , , , , , , , 
23.7542885, 0.0387732, , , , , , , 23.7542885, -0.0001678, , , , , , , 23.7542885, 0.0223239, , , , , , , 23.7542885, 0.0270237, , , , , , , , , , , , , , , , , , , , , , , , , , , , 
23.7548077, 0.0172885, , , , , , , 23.7548077, -0.005539, , , , , , , 23.7548077, 0.0166171, , , , , , , 23.7548077, 0.0384375, , , , , , , , , , , , , , , , , , , , , , , , , , , , 
23.7553269, -0.0062104, , , , , , , 23.7553269, -0.0082246, , , , , , , 23.7553269, 0.010071, , , , , , , 23.7553269, 0.0501869, , , , , , , , , , , , , , , , , , , , , , , , , , , , 
23.7558462, -0.0276951, , , , , , , 23.7558462, 0.0025177, , , , , , , 23.7558462, 0.0058747, , , , , , , 23.7558462, 0.0592508, , , , , , , , , , , , , , , , , , , , , , , , , , , , 
23.7563654, -0.0486763, , , , , , , 23.7563654, 0.0172885, , , , , , , 23.7563654, -0.0008392, , , , , , , 23.7563654, 0.0642863, , , , , , , , , , , , , , , , , , , , , , , , , , , , 
23.7568846, -0.064622, , , , , , , 23.7568846, 0.0250095, , , , , , , 23.7568846, -0.0142672, , , , , , , 23.7568846, 0.0659648, , , , , , , , , , , , , , , , , , , , , , , , , , , , 
23.7574038, -0.0746929, , , , , , , 23.7574038, 0.026688, , , , , , , 23.7574038, -0.0330663, , , , , , , 23.7574038, 0.0656291, , , , , , , , , , , , , , , , , , , , , , , , , , , , 
23.7579231, -0.0783856, , , , , , , 23.7579231, 0.0357519, , , , , , , 23.7579231, -0.0538796, , , , , , , 23.7579231, 0.0641184, , , , , , , , , , , , , , , , , , , , , , , , , , , , 
23.7584423, -0.0699931, , , , , , , 23.7584423, 0.0491798, , , , , , , 23.7584423, -0.0699931, , , , , , , 23.7584423, 0.0572366, , , , , , , , , , , , , , , , , , , , , , , , , , , , 
23.7589615, -0.0548867, , , , , , , 23.7589615, 0.0508583, , , , , , , 23.7589615, -0.072343, , , , , , , 23.7589615, 0.0454871, , , , , , , , , , , , , , , , , , , , , , , , , , , , 
23.7594808, -0.0431373, , , , , , , 23.7594808, 0.0481727, , , , , , , 23.7594808, -0.0626078, , , , , , , 23.7594808, 0.0377661, , , , , , , , , , , , , , , , , , , , , , , , , , , , 
23.76, -0.0337377, , , , , , , 23.76, 0.0350805, , , , , , , 23.76, -0.0516976, , , , , , , 23.76, 0.0327306, , , , , , , , , , , , , , , , , , , , , , , , , , , , 
23.7605192, -0.0256809, , , , , , , 23.7605192, 0.0082246, , , , , , , 23.7605192, -0.040116, , , , , , , 23.7605192, 0.0287022, , , , , , , , , , , , , , , , , , , , , , , , , , , , 
23.7610385, -0.0169528, , , , , , , 23.7610385, -0.036759, , , , , , , 23.7610385, -0.0297093, , , , , , , 23.7610385, 0.0280308, , , , , , , , , , , , , , , , , , , , , , , , , , , , 
23.7615577, -0.0099031, , , , , , , 23.7615577, -0.1116197, , , , , , , 23.7615577, -0.0240024, , , , , , , 23.7615577, 0.0276951, , , , , , , , , , , , , , , , , , , , , , , , , , , , 
23.7620769, -0.0105745, , , , , , , 23.7620769, -0.2106508, , , , , , , 23.7620769, -0.0216526, , , , , , , 23.7620769, 0.0250095, , , , , , , , , , , , , , , , , , , , , , , , , , , , 
23.7625962, -0.0140993, , , , , , , 23.7625962, -0.2908827, , , , , , , 23.7625962, -0.0196384, , , , , , , 23.7625962, 0.0229953, , , , , , , , , , , , , , , , , , , , , , , , , , , , 
23.7631154, -0.0169528, , , , , , , 23.7631154, -0.315053, , , , , , , 23.7631154, -0.0216526, , , , , , , 23.7631154, 0.0203098, , , , , , , , , , , , , , , , , , , , , , , , , , , , 
23.7636346, -0.01561, , , , , , , 23.7636346, -0.2821546, , , , , , , 23.7636346, -0.0240024, , , , , , , 23.7636346, 0.0172885, , , , , , , , , , , , , , , , , , , , , , , , , , , , 
23.7641538, -0.0085603, , , , , , , 23.7641538, -0.2136721, , , , , , , 23.7641538, -0.0196384, , , , , , , 23.7641538, 0.0146029, , , , , , , , , , , , , , , , , , , , , , , , , , , , 
23.7646731, -0.0005035, , , , , , , 23.7646731, -0.1485466, , , , , , , 23.7646731, -0.0159457, , , , , , , 23.7646731, 0.0105745, , , , , , , , , , , , , , , , , , , , , , , , , , , , 
23.7651923, 0.0048676, , , , , , , 23.7651923, -0.1022202, , , , , , , 23.7651923, -0.0182956, , , , , , , 23.7651923, 0.0058747, , , , , , , , , , , , , , , , , , , , , , , , , , , , 
23.7657115, 0.0060426, , , , , , , 23.7657115, -0.0673075, , , , , , , 23.7657115, -0.0203098, , , , , , , 23.7657115, 0.002182, , , , , , , , , , , , , , , , , , , , , , , , , , , , 
23.7662308, 0.0085603, , , , , , , 23.7662308, -0.0426337, , , , , , , 23.7662308, -0.0146029, , , , , , , 23.7662308, 0.0025177, , , , , , , , , , , , , , , , , , , , , , , , , , , , 
23.76675, 0.0132601, , , , , , , 23.76675, -0.0347448, , , , , , , 23.76675, -0.0005035, , , , , , , 23.76675, 0.0018463, , , , , , , , , , , , , , , , , , , , , , , , , , , , 
23.7672692, 0.0166171, , , , , , , 23.7672692, -0.0360876, , , , , , , 23.7672692, 0.0132601, , , , , , , 23.7672692, -0.0008392, , , , , , , , , , , , , , , , , , , , , , , , , , , , 
23.7677885, 0.0280308, , , , , , , 23.7677885, -0.0263523, , , , , , , 23.7677885, 0.0219883, , , , , , , 23.7677885, -0.0038605, , , , , , , , , , , , , , , , , , , , , , , , , , , , 
23.7683077, 0.0476692, , , , , , , 23.7683077, -0.0041962, , , , , , , 23.7683077, 0.0293736, , , , , , , 23.7683077, -0.0065461, , , , , , , , , , , , , , , , , , , , , , , , , , , , 
23.7688269, 0.0666361, , , , , , , 23.7688269, 0.0203098, , , , , , , 23.7688269, 0.0381018, , , , , , , 23.7688269, -0.0095674, , , , , , , , , , , , , , , , , , , , , , , , , , , , 
23.7693462, 0.0770428, , , , , , , 23.7693462, 0.0421302, , , , , , , 23.7693462, 0.0461585, , , , , , , 23.7693462, -0.0129244, , , , , , , , , , , , , , , , , , , , , , , , , , , , 
23.7698654, 0.082414, , , , , , , 23.7698654, 0.0508583, , , , , , , 23.7698654, 0.0535439, , , , , , , 23.7698654, -0.0135958, , , , , , , , , , , , , , , , , , , , , , , , , , , , 
23.7703846, 0.0861067, , , , , , , 23.7703846, 0.0461585, , , , , , , 23.7703846, 0.0595865, , , , , , , 23.7703846, -0.0124208, , , , , , , , , , , , , , , , , , , , , , , , , , , , 
23.7709038, 0.0837568, , , , , , , 23.7709038, 0.0381018, , , , , , , 23.7709038, 0.0622721, , , , , , , 23.7709038, -0.0109102, , , , , , , , , , , , , , , , , , , , , , , , , , , , 
23.7714231, 0.0736858, , , , , , , 23.7714231, 0.033402, , , , , , , 23.7714231, 0.0629435, , , , , , , 23.7714231, -0.0097353, , , , , , , , , , , , , , , , , , , , , , , , , , , , 
23.7719423, 0.061265, , , , , , , 23.7719423, 0.0293736, , , , , , , 23.7719423, 0.0609293, , , , , , , 23.7719423, -0.0068818, , , , , , , , , , , , , , , , , , , , , , , , , , , , 
23.7724615, 0.0498512, , , , , , , 23.7724615, 0.030045, , , , , , , 23.7724615, 0.0607614, , , , , , , 23.7724615, -0.0028534, , , , , , , , , , , , , , , , , , , , , , , , , , , , 
23.7729808, 0.040116, , , , , , , 23.7729808, 0.0394446, , , , , , , 23.7729808, 0.0694896, , , , , , , 23.7729808, 0.0015106, , , , , , , , , , , , , , , , , , , , , , , , , , , , 
23.7735, 0.0330663, , , , , , , 23.7735, 0.0481727, , , , , , , 23.7735, 0.0773785, , , , , , , 23.7735, 0.0057069, , , , , , , , , , , , , , , , , , , , , , , , , , , , 
23.7740192, 0.0226596, , , , , , , 23.7740192, 0.0636149, , , , , , , 23.7740192, 0.0710002, , , , , , , 23.7740192, 0.0099031, , , , , , , , , , , , , , , , , , , , , , , , , , , , 
23.7745385, 0.0062104, , , , , , , 23.7745385, 0.0938277, , , , , , , 23.7745385, 0.0481727, , , , , , , 23.7745385, 0.0152743, , , , , , , , , , , , , , , , , , , , , , , , , , , , 
23.7750577, -0.0078889, , , , , , , 23.7750577, 0.1132982, , , , , , , 23.7750577, 0.0129244, , , , , , , 23.7750577, 0.017792, , , , , , , , , , , , , , , , , , , , , , , , , , , , 
23.7755769, -0.017792, , , , , , , 23.7755769, 0.0914778, , , , , , , 23.7755769, -0.0162814, , , , , , , 23.7755769, 0.0166171, , , , , , , , , , , , , , , , , , , , , , , , , , , , 
23.7760962, -0.0297093, , , , , , , 23.7760962, 0.0448157, , , , , , , 23.7760962, -0.0263523, , , , , , , 23.7760962, 0.0184634, , , , , , , , , , , , , , , , , , , , , , , , , , , , 
23.7766154, -0.0407874, , , , , , , 23.7766154, 0.0048676, , , , , , , 23.7766154, -0.0287022, , , , , , , 23.7766154, 0.0216526, , , , , , , , , , , , , , , , , , , , , , , , , , , , 
23.7771346, -0.0498512, , , , , , , 23.7771346, -0.0171206, , , , , , , 23.7771346, -0.0347448, , , , , , , 23.7771346, 0.0219883, , , , , , , , , , , , , , , , , , , , , , , , , , , , 
23.7776538, -0.0538796, , , , , , , 23.7776538, -0.0293736, , , , , , , 23.7776538, -0.0441444, , , , , , , 23.7776538, 0.0224918, , , , , , , , , , , , , , , , , , , , , , , , , , , , 
23.7781731, -0.0463264, , , , , , , 23.7781731, -0.0428016, , , , , , , 23.7781731, -0.0552224, , , , , , , 23.7781731, 0.0213169, , , , , , , , , , , , , , , , , , , , , , , , , , , , 
23.7786923, -0.03122, , , , , , , 23.7786923, -0.0552224, , , , , , , 23.7786923, -0.0713359, , , , , , , 23.7786923, 0.0186313, , , , , , , , , , , , , , , , , , , , , , , , , , , , 
23.7792115, -0.0204776, , , , , , , 23.7792115, -0.0572366, , , , , , , 23.7792115, -0.0936599, , , , , , , 23.7792115, 0.0172885, , , , , , , , , , , , , , , , , , , , , , , , , , , , 
23.7797308, -0.0182956, , , , , , , 23.7797308, -0.0475013, , , , , , , 23.7797308, -0.1132982, , , , , , , 23.7797308, 0.0159457, , , , , , , , , , , , , , , , , , , , , , , , , , , , 
23.78025, -0.0162814, , , , , , , 23.78025, -0.0317235, , , , , , , 23.78025, -0.1190051, , , , , , , 23.78025, 0.0139315, , , , , , , , , , , , , , , , , , , , , , , , , , , , 
23.7807692, -0.0102388, , , , , , , 23.7807692, -0.0154421, , , , , , , 23.7807692, -0.1111162, , , , , , , 23.7807692, 0.0146029, , , , , , , , , , , , , , , , , , , , , , , , , , , , 
23.7812885, -0.0001678, , , , , , , 23.7812885, -0.0001678, , , , , , , 23.7812885, -0.1018845, , , , , , , 23.7812885, 0.01561, , , , , , , , , , , , , , , , , , , , , , , , , , , , 
23.7818077, 0.0058747, , , , , , , 23.7818077, 0.0095674, , , , , , , 23.7818077, -0.0995346, , , , , , , 23.7818077, 0.0135958, , , , , , , , , , , , , , , , , , , , , , , , , , , , 
23.7823269, 0.0146029, , , , , , , 23.7823269, 0.0142672, , , , , , , 23.7823269, -0.0981918, , , , , , , 23.7823269, 0.0137636, , , , , , , , , , , , , , , , , , , , , , , , , , , , 
23.7828462, 0.0240024, , , , , , , 23.7828462, 0.0186313, , , , , , , 23.7828462, -0.0847639, , , , , , , 23.7828462, 0.0166171, , , , , , , , , , , , , , , , , , , , , , , , , , , , 
23.7833654, 0.0273594, , , , , , , 23.7833654, 0.0224918, , , , , , , 23.7833654, -0.0595865, , , , , , , 23.7833654, 0.0216526, , , , , , , , , , , , , , , , , , , , , , , , , , , , 
23.7838846, 0.0290379, , , , , , , 23.7838846, 0.023331, , , , , , , 23.7838846, -0.0357519, , , , , , , 23.7838846, 0.0240024, , , , , , , , , , , , , , , , , , , , , , , , , , , , 
23.7844038, 0.033402, , , , , , , 23.7844038, 0.0250095, , , , , , , 23.7844038, -0.0276951, , , , , , , 23.7844038, 0.0253452, , , , , , , , , , , , , , , , , , , , , , , , , , , , 
23.7849231, 0.036759, , , , , , , 23.7849231, 0.0297093, , , , , , , 23.7849231, -0.0350805, , , , , , , 23.7849231, 0.0238346, , , , , , , , , , , , , , , , , , , , , , , , , , , , 
23.7854423, 0.0381018, , , , , , , 23.7854423, 0.0317235, , , , , , , 23.7854423, -0.054551, , , , , , , 23.7854423, 0.0199741, , , , , , , , , , , , , , , , , , , , , , , , , , , , 
23.7859615, 0.0391089, , , , , , , 23.7859615, 0.0307164, , , , , , , 23.7859615, -0.0721752, , , , , , , 23.7859615, 0.0169528, , , , , , , , , , , , , , , , , , , , , , , , , , , , 
23.7864808, 0.0381018, , , , , , , 23.7864808, 0.0280308, , , , , , , 23.7864808, -0.0726787, , , , , , , 23.7864808, 0.0149386, , , , , , , , , , , , , , , , , , , , , , , , , , , , 
23.787, 0.036759, , , , , , , 23.787, 0.0243381, , , , , , , 23.787, -0.0614328, , , , , , , 23.787, 0.0132601, , , , , , , , , , , , , , , , , , , , , , , , , , , , 
23.7875192, 0.0359197, , , , , , , 23.7875192, 0.0166171, , , , , , , 23.7875192, -0.0520333, , , , , , , 23.7875192, 0.0099031, , , , , , , , , , , , , , , , , , , , , , , , , , , , 
23.7880385, 0.0414588, , , , , , , 23.7880385, 0.0099031, , , , , , , 23.7880385, -0.0458228, , , , , , , 23.7880385, 0.0045319, , , , , , , , , , , , , , , , , , , , , , , , , , , , 
23.7885577, 0.0580758, , , , , , , 23.7885577, 0.0016785, , , , , , , 23.7885577, -0.0391089, , , , , , , 23.7885577, -0.0031891, , , , , , , , , , , , , , , , , , , , , , , , , , , , 
23.7890769, 0.0733501, , , , , , , 23.7890769, -0.0031891, , , , , , , 23.7890769, -0.03122, , , , , , , 23.7890769, -0.0102388, , , , , , , , , , , , , , , , , , , , , , , , , , , , 
23.7895962, 0.076875, , , , , , , 23.7895962, -0.002182, , , , , , , 23.7895962, -0.0270237, , , , , , , 23.7895962, -0.012253, , , , , , , , , , , , , , , , , , , , , , , , , , , , 
23.7901154, 0.0753643, , , , , , , 23.7901154, 0.0011749, , , , , , , 23.7901154, -0.0229953, , , , , , , 23.7901154, -0.0117494, , , , , , , , , , , , , , , , , , , , , , , , , , , , 
23.7906346, 0.0760357, , , , , , , 23.7906346, 0.0052033, , , , , , , 23.7906346, -0.0151064, , , , , , , 23.7906346, -0.012253, , , , , , , , , , , , , , , , , , , , , , , , , , , , 
23.7911538, 0.0757, , , , , , , 23.7911538, 0.0082246, , , , , , , 23.7911538, -0.0025177, , , , , , , 23.7911538, -0.0146029, , , , , , , , , , , , , , , , , , , , , , , , , , , , 
23.7916731, 0.0656291, , , , , , , 23.7916731, 0.0092317, , , , , , , 23.7916731, 0.012253, , , , , , , 23.7916731, -0.0115816, , , , , , , , , , , , , , , , , , , , , , , , , , , , 
23.7921923, 0.0501869, , , , , , , 23.7921923, 0.0105745, , , , , , , 23.7921923, 0.0240024, , , , , , , 23.7921923, -0.0062104, , , , , , , , , , , , , , , , , , , , , , , , , , , , 
23.7927115, 0.0357519, , , , , , , 23.7927115, 0.0082246, , , , , , , 23.7927115, 0.0280308, , , , , , , 23.7927115, 0.0008392, , , , , , , , , , , , , , , , , , , , , , , , , , , , 
23.7932308, 0.0260166, , , , , , , 23.7932308, 0.0011749, , , , , , , 23.7932308, 0.0246738, , , , , , , 23.7932308, 0.0087282, , , , , , , , , , , , , , , , , , , , , , , , , , , , 
23.79375, 0.0194705, , , , , , , 23.79375, 0.0001678, , , , , , , 23.79375, 0.0182956, , , , , , , 23.79375, 0.0162814, , , , , , , , , , , , , , , , , , , , , , , , , , , , 
23.7942692, 0.008896, , , , , , , 23.7942692, 0.0025177, , , , , , , 23.7942692, 0.0152743, , , , , , , 23.7942692, 0.0251774, , , , , , , , , , , , , , , , , , , , , , , , , , , , 
23.7947885, -0.0068818, , , , , , , 23.7947885, 0.0005035, , , , , , , 23.7947885, 0.018967, , , , , , , 23.7947885, 0.0357519, , , , , , , , , , , , , , , , , , , , , , , , , , , , 
23.7953077, -0.0263523, , , , , , , 23.7953077, -0.0072175, , , , , , , 23.7953077, 0.0253452, , , , , , , 23.7953077, 0.0495155, , , , , , , , , , , , , , , , , , , , , , , , , , , , 
23.7958269, -0.0412909, , , , , , , 23.7958269, -0.0166171, , , , , , , 23.7958269, 0.0285344, , , , , , , 23.7958269, 0.0580758, , , , , , , , , , , , , , , , , , , , , , , , , , , , 
23.7963462, -0.0515297, , , , , , , 23.7963462, -0.0251774, , , , , , , 23.7963462, 0.0307164, , , , , , , 23.7963462, 0.057908, , , , , , , , , , , , , , , , , , , , , , , , , , , , 
23.7968654, -0.0626078, , , , , , , 23.7968654, -0.0135958, , , , , , , 23.7968654, 0.0370947, , , , , , , 23.7968654, 0.054551, , , , , , , , , , , , , , , , , , , , , , , , , , , , 
23.7973846, -0.0726787, , , , , , , 23.7973846, 0.0124208, , , , , , , 23.7973846, 0.0506905, , , , , , , 23.7973846, 0.0498512, , , , , , , , , , , , , , , , , , , , , , , , , , , , 
23.7979038, -0.0726787, , , , , , , 23.7979038, 0.0297093, , , , , , , 23.7979038, 0.0622721, , , , , , , 23.7979038, 0.0438087, , , , , , , , , , , , , , , , , , , , , , , , , , , , 
23.7984231, -0.0619364, , , , , , , 23.7984231, 0.0154421, , , , , , , 23.7984231, 0.0679789, , , , , , , 23.7984231, 0.0381018, , , , , , , , , , , , , , , , , , , , , , , , , , , , 
23.7989423, -0.0480049, , , , , , , 23.7989423, -0.0270237, , , , , , , 23.7989423, 0.0673075, , , , , , , 23.7989423, 0.0350805, , , , , , , , , , , , , , , , , , , , , , , , , , , , 
23.7994615, -0.0379339, , , , , , , 23.7994615, -0.0632792, , , , , , , 23.7994615, 0.0602579, , , , , , , 23.7994615, 0.0325628, , , , , , , , , , , , , , , , , , , , , , , , , , , , 
23.7999808, -0.0323949, , , , , , , 23.7999808, -0.0746929, , , , , , , 23.7999808, 0.0491798, , , , , , , 23.7999808, 0.0271916, , , , , , , , , , , , , , , , , , , , , , , , , , , , 
23.8005, -0.0240024, , , , , , , 23.8005, -0.0720073, , , , , , , 23.8005, 0.0458228, , , , , , , 23.8005, 0.0209812, , , , , , , , , , , , , , , , , , , , , , , , , , , , 
23.8010192, -0.0137636, , , , , , , 23.8010192, -0.0673075, , , , , , , 23.8010192, 0.0493477, , , , , , , 23.8010192, 0.0137636, , , , , , , , , , , , , , , , , , , , , , , , , , , , 
23.8015385, -0.0065461, , , , , , , 23.8015385, -0.0595865, , , , , , , 23.8015385, 0.0501869, , , , , , , 23.8015385, 0.0078889, , , , , , , , , , , , , , , , , , , , , , , , , , , , 
23.8020577, -0.0015106, , , , , , , 23.8020577, -0.0431373, , , , , , , 23.8020577, 0.0459907, , , , , , , 23.8020577, 0.0038605, , , , , , , , , , , , , , , , , , , , , , , , , , , , 
23.8025769, 0.0038605, , , , , , , 23.8025769, -0.0253452, , , , , , , 23.8025769, 0.0394446, , , , , , , 23.8025769, 0.0023499, , , , , , , , , , , , , , , , , , , , , , , , , , , , 
23.8030962, 0.008896, , , , , , , 23.8030962, -0.014435, , , , , , , 23.8030962, 0.0305486, , , , , , , 23.8030962, -0.0015106, , , , , , , , , , , , , , , , , , , , , , , , , , , , 
23.8036154, 0.0129244, , , , , , , 23.8036154, -0.012253, , , , , , , 23.8036154, 0.0223239, , , , , , , 23.8036154, -0.0048676, , , , , , , , , , , , , , , , , , , , , , , , , , , , 
23.8041346, 0.0164492, , , , , , , 23.8041346, -0.0162814, , , , , , , 23.8041346, 0.0137636, , , , , , , 23.8041346, -0.0092317, , , , , , , , , , , , , , , , , , , , , , , , , , , , 
23.8046538, 0.0204776, , , , , , , 23.8046538, -0.012253, , , , , , , 23.8046538, 0.0028534, , , , , , , 23.8046538, -0.012253, , , , , , , , , , , , , , , , , , , , , , , , , , , , 
23.8051731, 0.0276951, , , , , , , 23.8051731, 0.0065461, , , , , , , 23.8051731, -0.0099031, , , , , , , 23.8051731, -0.0112459, , , , , , , , , , , , , , , , , , , , , , , , , , , , 
23.8056923, 0.033402, , , , , , , 23.8056923, 0.0209812, , , , , , , 23.8056923, -0.0176242, , , , , , , 23.8056923, -0.0085603, , , , , , , , , , , , , , , , , , , , , , , , , , , , 
23.8062115, 0.0350805, , , , , , , 23.8062115, 0.0226596, , , , , , , 23.8062115, -0.0203098, , , , , , , 23.8062115, -0.005539, , , , , , , , , , , , , , , , , , , , , , , , , , , , 
23.8067308, 0.0332341, , , , , , , 23.8067308, 0.0323949, , , , , , , 23.8067308, -0.0256809, , , , , , , 23.8067308, -0.0046998, , , , , , , , , , , , , , , , , , , , , , , , , , , , 
23.80725, 0.0313878, , , , , , , 23.80725, 0.0605936, , , , , , , 23.80725, -0.0350805, , , , , , , 23.80725, -0.0035248, , , , , , , , , , , , , , , , , , , , , , , , , , , , 
23.8077692, 0.0407874, , , , , , , 23.8077692, 0.1045701, , , , , , , 23.8077692, -0.0424659, , , , , , , 23.8077692, -0.0048676, , , , , , , , , , , , , , , , , , , , , , , , , , , , 
23.8082885, 0.0599222, , , , , , , 23.8082885, 0.1408255, , , , , , , 23.8082885, -0.0411231, , , , , , , 23.8082885, -0.008896, , , , , , , , , , , , , , , , , , , , , , , , , , , , 
23.8088077, 0.0721752, , , , , , , 23.8088077, 0.1418326, , , , , , , 23.8088077, -0.0290379, , , , , , , 23.8088077, -0.0102388, , , , , , , , , , , , , , , , , , , , , , , , , , , , 
23.8093269, 0.0770428, , , , , , , 23.8093269, 0.1136339, , , , , , , 23.8093269, -0.0135958, , , , , , , 23.8093269, -0.0092317, , , , , , , , , , , , , , , , , , , , , , , , , , , , 
23.8098462, 0.0787213, , , , , , , 23.8098462, 0.0659648, , , , , , , 23.8098462, -0.0015106, , , , , , , 23.8098462, -0.0109102, , , , , , , , , , , , , , , , , , , , , , , , , , , , 
23.8103654, 0.0809033, , , , , , , 23.8103654, 0.0137636, , , , , , , 23.8103654, 0.0078889, , , , , , , 23.8103654, -0.0105745, , , , , , , , , , , , , , , , , , , , , , , , , , , , 
23.8108846, 0.0862745, , , , , , , 23.8108846, -0.0538796, , , , , , , 23.8108846, 0.0169528, , , , , , , 23.8108846, -0.0095674, , , , , , , , , , , , , , , , , , , , , , , , , , , , 
23.8114038, 0.0861067, , , , , , , 23.8114038, -0.1287404, , , , , , , 23.8114038, 0.0283665, , , , , , , 23.8114038, -0.0072175, , , , , , , , , , , , , , , , , , , , , , , , , , , , 
23.8119231, 0.0740215, , , , , , , 23.8119231, -0.1606317, , , , , , , 23.8119231, 0.040116, , , , , , , 23.8119231, -0.0031891, , , , , , , , , , , , , , , , , , , , , , , , , , , , 
23.8124423, 0.0562295, , , , , , , 23.8124423, -0.1290761, , , , , , , 23.8124423, 0.0464942, , , , , , , 23.8124423, 0.0005035, , , , , , , , , , , , , , , , , , , , , , , , , , , , 
23.8129615, 0.0394446, , , , , , , 23.8129615, -0.0767071, , , , , , , 23.8129615, 0.0441444, , , , , , , 23.8129615, 0.0045319, , , , , , , , , , , , , , , , , , , , , , , , , , , , 
23.8134808, 0.0240024, , , , , , , 23.8134808, -0.0431373, , , , , , , 23.8134808, 0.0320592, , , , , , , 23.8134808, 0.0075532, , , , , , , , , , , , , , , , , , , , , , , , , , , , 
23.814, 0.0097353, , , , , , , 23.814, -0.0364233, , , , , , , 23.814, 0.0176242, , , , , , , 23.814, 0.0095674, , , , , , , , , , , , , , , , , , , , , , , , , , , , 
23.8145192, -0.0041962, , , , , , , 23.8145192, -0.0439765, , , , , , , 23.8145192, 0.0011749, , , , , , , 23.8145192, 0.0140993, , , , , , , , , , , , , , , , , , , , , , , , , , , , 
23.8150385, -0.0139315, , , , , , , 23.8150385, -0.0525368, , , , , , , 23.8150385, -0.0176242, , , , , , , 23.8150385, 0.0176242, , , , , , , , , , , , , , , , , , , , , , , , , , , , 
23.8155577, -0.0203098, , , , , , , 23.8155577, -0.0694896, , , , , , , 23.8155577, -0.0325628, , , , , , , 23.8155577, 0.021149, , , , , , , , , , , , , , , , , , , , , , , , , , , , 
23.8160769, -0.023331, , , , , , , 23.8160769, -0.0998703, , , , , , , 23.8160769, -0.0381018, , , , , , , 23.8160769, 0.0240024, , , , , , , , , , , , , , , , , , , , , , , , , , , , 
23.8165962, -0.0285344, , , , , , , 23.8165962, -0.1270619, , , , , , , 23.8165962, -0.0374304, , , , , , , 23.8165962, 0.0285344, , , , , , , , , , , , , , , , , , , , , , , , , , , , 
23.8171154, -0.0374304, , , , , , , 23.8171154, -0.1196765, , , , , , , 23.8171154, -0.0404517, , , , , , , 23.8171154, 0.0357519, , , , , , , , , , , , , , , , , , , , , , , , , , , , 
23.8176346, -0.0411231, , , , , , , 23.8176346, -0.0918135, , , , , , , 23.8176346, -0.0508583, , , , , , , 23.8176346, 0.0438087, , , , , , , , , , , , , , , , , , , , , , , , , , , , 
23.8181538, -0.0384375, , , , , , , 23.8181538, -0.0793927, , , , , , , 23.8181538, -0.0619364, , , , , , , 23.8181538, 0.0451514, , , , , , , , , , , , , , , , , , , , , , , , , , , , 
23.8186731, -0.0310521, , , , , , , 23.8186731, -0.0864424, , , , , , , 23.8186731, -0.0699931, , , , , , , 23.8186731, 0.0428016, , , , , , , , , , , , , , , , , , , , , , , , , , , , 
23.8191923, -0.0216526, , , , , , , 23.8191923, -0.1005417, , , , , , , 23.8191923, -0.068986, , , , , , , 23.8191923, 0.0397803, , , , , , , , , , , , , , , , , , , , , , , , , , , , 
23.8197115, -0.0179599, , , , , , , 23.8197115, -0.1149767, , , , , , , 23.8197115, -0.0629435, , , , , , , 23.8197115, 0.0397803, , , , , , , , , , , , , , , , , , , , , , , , , , , , 
23.8202308, -0.0176242, , , , , , , 23.8202308, -0.1176623, , , , , , , 23.8202308, -0.0595865, , , , , , , 23.8202308, 0.0406195, , , , , , , , , , , , , , , , , , , , , , , , , , , , 
23.82075, -0.012253, , , , , , , 23.82075, -0.0985275, , , , , , , 23.82075, -0.0582437, , , , , , , 23.82075, 0.036759, , , , , , , , , , , , , , , , , , , , , , , , , , , , 
23.8212692, -0.0008392, , , , , , , 23.8212692, -0.0555581, , , , , , , 23.8212692, -0.0553902, , , , , , , 23.8212692, 0.0293736, , , , , , , , , , , , , , , , , , , , , , , , , , , , 
23.8217885, 0.0099031, , , , , , , 23.8217885, -0.0115816, , , , , , , 23.8217885, -0.0475013, , , , , , , 23.8217885, 0.0231632, , , , , , , , , , , , , , , , , , , , , , , , , , , , 
23.8223077, 0.0099031, , , , , , , 23.8223077, 0.0135958, , , , , , , 23.8223077, -0.0384375, , , , , , , 23.8223077, 0.0206455, , , , , , , , , , , , , , , , , , , , , , , , , , , , 
23.8228269, 0.0058747, , , , , , , 23.8228269, 0.0307164, , , , , , , 23.8228269, -0.0325628, , , , , , , 23.8228269, 0.0203098, , , , , , , , , , , , , , , , , , , , , , , , , , , , 
23.8233462, 0.0015106, , , , , , , 23.8233462, 0.0475013, , , , , , , 23.8233462, -0.0270237, , , , , , , 23.8233462, 0.0223239, , , , , , , , , , , , , , , , , , , , , , , , , , , , 
23.8238654, -0.0038605, , , , , , , 23.8238654, 0.0595865, , , , , , , 23.8238654, -0.0216526, , , , , , , 23.8238654, 0.0240024, , , , , , , , , , , , , , , , , , , , , , , , , , , , 
23.8243846, -0.008896, , , , , , , 23.8243846, 0.0632792, , , , , , , 23.8243846, -0.0146029, , , , , , , 23.8243846, 0.0246738, , , , , , , , , , , , , , , , , , , , , , , , , , , , 
23.8249038, -0.0102388, , , , , , , 23.8249038, 0.0642863, , , , , , , 23.8249038, -0.0078889, , , , , , , 23.8249038, 0.0226596, , , , , , , , , , , , , , , , , , , , , , , , , , , , 
23.8254231, -0.0057069, , , , , , , 23.8254231, 0.072343, , , , , , , 23.8254231, -0.0035248, , , , , , , 23.8254231, 0.0193027, , , , , , , , , , , , , , , , , , , , , , , , , , , , 
23.8259423, 0.0018463, , , , , , , 23.8259423, 0.0862745, , , , , , , 23.8259423, 0.0031891, , , , , , , 23.8259423, 0.0139315, , , , , , , , , , , , , , , , , , , , , , , , , , , , 
23.8264615, 0.0031891, , , , , , , 23.8264615, 0.0894636, , , , , , , 23.8264615, 0.0135958, , , , , , , 23.8264615, 0.0072175, , , , , , , , , , , , , , , , , , , , , , , , , , , , 
23.8269808, 0.0038605, , , , , , , 23.8269808, 0.0773785, , , , , , , 23.8269808, 0.021149, , , , , , , 23.8269808, 0.0041962, , , , , , , , , , , , , , , , , , , , , , , , , , , , 
23.8275, 0.0099031, , , , , , , 23.8275, 0.0616007, , , , , , , 23.8275, 0.0199741, , , , , , , 23.8275, 0.0035248, , , , , , , , , , , , , , , , , , , , , , , , , , , , 
23.8280192, 0.0226596, , , , , , , 23.8280192, 0.0501869, , , , , , , 23.8280192, 0.0115816, , , , , , , 23.8280192, 0.0001678, , , , , , , , , , , , , , , , , , , , , , , , , , , , 
23.8285385, 0.040116, , , , , , , 23.8285385, 0.0414588, , , , , , , 23.8285385, 0.0068818, , , , , , , 23.8285385, -0.005539, , , , , , , , , , , , , , , , , , , , , , , , , , , , 
23.8290577, 0.0515297, , , , , , , 23.8290577, 0.0287022, , , , , , , 23.8290577, 0.0099031, , , , , , , 23.8290577, -0.0109102, , , , , , , , , , , , , , , , , , , , , , , , , , , , 
23.8295769, 0.0592508, , , , , , , 23.8295769, 0.012253, , , , , , , 23.8295769, 0.0149386, , , , , , , 23.8295769, -0.0142672, , , , , , , , , , , , , , , , , , , , , , , , , , , , 
23.8300962, 0.0686503, , , , , , , 23.8300962, 0.0011749, , , , , , , 23.8300962, 0.0199741, , , , , , , 23.8300962, -0.0167849, , , , , , , , , , , , , , , , , , , , , , , , , , , , 
23.8306154, 0.0750286, , , , , , , 23.8306154, 0.002182, , , , , , , 23.8306154, 0.0246738, , , , , , , 23.8306154, -0.0149386, , , , , , , , , , , , , , , , , , , , , , , , , , , , 
23.8311346, 0.0728466, , , , , , , 23.8311346, 0.0046998, , , , , , , 23.8311346, 0.0273594, , , , , , , 23.8311346, -0.0082246, , , , , , , , , , , , , , , , , , , , , , , , , , , , 
23.8316538, 0.0652934, , , , , , , 23.8316538, -0.0149386, , , , , , , 23.8316538, 0.0320592, , , , , , , 23.8316538, -0.0052033, , , , , , , , , , , , , , , , , , , , , , , , , , , , 
23.8321731, 0.0500191, , , , , , , 23.8321731, -0.0461585, , , , , , , 23.8321731, 0.0394446, , , , , , , 23.8321731, -0.0046998, , , , , , , , , , , , , , , , , , , , , , , , , , , , 
23.8326923, 0.0357519, , , , , , , 23.8326923, -0.054551, , , , , , , 23.8326923, 0.0508583, , , , , , , 23.8326923, -0.0041962, , , , , , , , , , , , , , , , , , , , , , , , , , , , 
23.8332115, 0.0260166, , , , , , , 23.8332115, -0.0340734, , , , , , , 23.8332115, 0.0656291, , , , , , , 23.8332115, -0.0001678, , , , , , , , , , , , , , , , , , , , , , , , , , , , 
23.8337308, 0.0179599, , , , , , , 23.8337308, -0.0139315, , , , , , , 23.8337308, 0.0746929, , , , , , , 23.8337308, 0.0031891, , , , , , , , , , , , , , , , , , , , , , , , , , , , 
23.83425, 0.0105745, , , , , , , 23.83425, -0.0132601, , , , , , , 23.83425, 0.0783856, , , , , , , 23.83425, 0.0072175, , , , , , , , , , , , , , , , , , , , , , , , , , , , 
23.8347692, -0.0016785, , , , , , , 23.8347692, -0.0253452, , , , , , , 23.8347692, 0.0757, , , , , , , 23.8347692, 0.014435, , , , , , , , , , , , , , , , , , , , , , , , , , , , 
23.8352885, -0.0176242, , , , , , , 23.8352885, -0.0347448, , , , , , , 23.8352885, 0.0686503, , , , , , , 23.8352885, 0.0216526, , , , , , , , , , , , , , , , , , , , , , , , , , , , 
23.8358077, -0.0339055, , , , , , , 23.8358077, -0.0397803, , , , , , , 23.8358077, 0.0599222, , , , , , , 23.8358077, 0.0287022, , , , , , , , , , , , , , , , , , , , , , , , , , , , 
23.8363269, -0.0439765, , , , , , , 23.8363269, -0.0386053, , , , , , , 23.8363269, 0.0522011, , , , , , , 23.8363269, 0.0347448, , , , , , , , , , , , , , , , , , , , , , , , , , , , 
23.8368462, -0.0508583, , , , , , , 23.8368462, -0.0303807, , , , , , , 23.8368462, 0.0464942, , , , , , , 23.8368462, 0.0394446, , , , , , , , , , , , , , , , , , , , , , , , , , , , 
23.8373654, -0.0572366, , , , , , , 23.8373654, -0.0206455, , , , , , , 23.8373654, 0.0381018, , , , , , , 23.8373654, 0.0412909, , , , , , , , , , , , , , , , , , , , , , , , , , , , 
23.8378846, -0.0555581, , , , , , , 23.8378846, -0.0125887, , , , , , , 23.8378846, 0.0203098, , , , , , , 23.8378846, 0.0386053, , , , , , , , , , , , , , , , , , , , , , , , , , , , 
23.8384038, -0.0414588, , , , , , , 23.8384038, 0.0052033, , , , , , , 23.8384038, -0.008896, , , , , , , 23.8384038, 0.0332341, , , , , , , , , , , , , , , , , , , , , , , , , , , , 
23.8389231, -0.0236667, , , , , , , 23.8389231, 0.0292058, , , , , , , 23.8389231, -0.0384375, , , , , , , 23.8389231, 0.0273594, , , , , , , , , , , , , , , , , , , , , , , , , , , , 
23.8394423, -0.0095674, , , , , , , 23.8394423, 0.040116, , , , , , , 23.8394423, -0.0683146, , , , , , , 23.8394423, 0.0240024, , , , , , , , , , , , , , , , , , , , , , , , , , , , 
23.8399615, -0.0008392, , , , , , , 23.8399615, 0.036759, , , , , , , 23.8399615, -0.0997024, , , , , , , 23.8399615, 0.0219883, , , , , , , , , , , , , , , , , , , , , , , , , , , , 
23.8404808, 0.0018463, , , , , , , 23.8404808, 0.0293736, , , , , , , 23.8404808, -0.1163195, , , , , , , 23.8404808, 0.0206455, , , , , , , , , , , , , , , , , , , , , , , , , , , , 
23.841, 0.0038605, , , , , , , 23.841, 0.0381018, , , , , , , 23.841, -0.1136339, , , , , , , 23.841, 0.0186313, , , , , , , , , , , , , , , , , , , , , , , , , , , , 
23.8415192, 0.0102388, , , , , , , 23.8415192, 0.0713359, , , , , , , 23.8415192, -0.10692, , , , , , , 23.8415192, 0.0135958, , , , , , , , , , , , , , , , , , , , , , , , , , , , 
23.8420385, 0.0196384, , , , , , , 23.8420385, 0.0965133, , , , , , , 23.8420385, -0.1018845, , , , , , , 23.8420385, 0.0065461, , , , , , , , , , , , , , , , , , , , , , , , , , , , 
23.8425577, 0.0290379, , , , , , , 23.8425577, 0.0887922, , , , , , , 23.8425577, -0.0988632, , , , , , , 23.8425577, 0.0025177, , , , , , , , , , , , , , , , , , , , , , , , , , , , 
23.8430769, 0.0313878, , , , , , , 23.8430769, 0.0619364, , , , , , , 23.8430769, -0.0961776, , , , , , , 23.8430769, 0.0018463, , , , , , , , , , , , , , , , , , , , , , , , , , , , 
23.8435962, 0.033402, , , , , , , 23.8435962, 0.0438087, , , , , , , 23.8435962, -0.090135, , , , , , , 23.8435962, 0.0028534, , , , , , , , , , , , , , , , , , , , , , , , , , , , 
23.8441154, 0.0414588, , , , , , , 23.8441154, 0.0424659, , , , , , , 23.8441154, -0.0827497, , , , , , , 23.8441154, 0.0035248, , , , , , , , , , , , , , , , , , , , , , , , , , , , 
23.8446346, 0.0501869, , , , , , , 23.8446346, 0.043473, , , , , , , 23.8446346, -0.0726787, , , , , , , 23.8446346, 0.0025177, , , , , , , , , , , , , , , , , , , , , , , , , , , , 
23.8451538, 0.0535439, , , , , , , 23.8451538, 0.0370947, , , , , , , 23.8451538, -0.0649577, , , , , , , 23.8451538, -0.0001678, , , , , , , , , , , , , , , , , , , , , , , , , , , , 
23.8456731, 0.0506905, , , , , , , 23.8456731, 0.0193027, , , , , , , 23.8456731, -0.0616007, , , , , , , 23.8456731, -0.0041962, , , , , , , , , , , , , , , , , , , , , , , , , , , , 
23.8461923, 0.0491798, , , , , , , 23.8461923, -0.0058747, , , , , , , 23.8461923, -0.0558938, , , , , , , 23.8461923, -0.0062104, , , , , , , , , , , , , , , , , , , , , , , , , , , , 
23.8467115, 0.0475013, , , , , , , 23.8467115, -0.0350805, , , , , , , 23.8467115, -0.0424659, , , , , , , 23.8467115, -0.0010071, , , , , , , , , , , , , , , , , , , , , , , , , , , , 
23.8472308, 0.0466621, , , , , , , 23.8472308, -0.0706645, , , , , , , 23.8472308, -0.0221561, , , , , , , 23.8472308, 0.0035248, , , , , , , , , , , , , , , , , , , , , , , , , , , , 
23.84775, 0.0491798, , , , , , , 23.84775, -0.103563, , , , , , , 23.84775, 0.0018463, , , , , , , 23.84775, 0.0048676, , , , , , , , , , , , , , , , , , , , , , , , , , , , 
23.8482692, 0.0575723, , , , , , , 23.8482692, -0.1169909, , , , , , , 23.8482692, 0.0260166, , , , , , , 23.8482692, 0.0038605, , , , , , , , , , , , , , , , , , , , , , , , , , , , 
23.8487885, 0.0720073, , , , , , , 23.8487885, -0.1017166, , , , , , , 23.8487885, 0.0458228, , , , , , , 23.8487885, -0.0008392, , , , , , , , , , , , , , , , , , , , , , , , , , , , 
23.8493077, 0.079057, , , , , , , 23.8493077, -0.0666361, , , , , , , 23.8493077, 0.0575723, , , , , , , 23.8493077, -0.0062104, , , , , , , , , , , , , , , , , , , , , , , , , , , , 
23.8498269, 0.0820783, , , , , , , 23.8498269, -0.0248417, , , , , , , 23.8498269, 0.0589151, , , , , , , 23.8498269, -0.0068818, , , , , , , , , , , , , , , , , , , , , , , , , , , , 
23.8503462, 0.0854353, , , , , , , 23.8503462, 0.0062104, , , , , , , 23.8503462, 0.0433051, , , , , , , 23.8503462, -0.0038605, , , , , , , , , , , , , , , , , , , , , , , , , , , , 
23.8508654, 0.0837568, , , , , , , 23.8508654, 0.0193027, , , , , , , 23.8508654, 0.0090639, , , , , , , 23.8508654, 0.0003357, , , , , , , , , , , , , , , , , , , , , , , , , , , , 
23.8513846, 0.0777142, , , , , , , 23.8513846, 0.0253452, , , , , , , 23.8513846, -0.0280308, , , , , , , 23.8513846, 0.0038605, , , , , , , , , , , , , , , , , , , , , , , , , , , , 
23.8519038, 0.068986, , , , , , , 23.8519038, 0.0246738, , , , , , , 23.8519038, -0.0575723, , , , , , , 23.8519038, 0.0063783, , , , , , , , , , , , , , , , , , , , , , , , , , , , 
23.8524231, 0.0508583, , , , , , , 23.8524231, 0.0182956, , , , , , , 23.8524231, -0.0777142, , , , , , , 23.8524231, 0.0092317, , , , , , , , , , , , , , , , , , , , , , , , , , , , 
23.8529423, 0.0280308, , , , , , , 23.8529423, 0.0209812, , , , , , , 23.8529423, -0.0884565, , , , , , , 23.8529423, 0.0092317, , , , , , , , , , , , , , , , , , , , , , , , , , , , 
23.8534615, 0.0095674, , , , , , , 23.8534615, 0.0313878, , , , , , , 23.8534615, -0.0955062, , , , , , , 23.8534615, 0.0099031, , , , , , , , , , , , , , , , , , , , , , , , , , , , 
23.8539808, -0.0095674, , , , , , , 23.8539808, 0.0454871, , , , , , , 23.8539808, -0.1018845, , , , , , , 23.8539808, 0.0152743, , , , , , , , , , , , , , , , , , , , , , , , , , , , 
23.8545, -0.0290379, , , , , , , 23.8545, 0.0542153, , , , , , , 23.8545, -0.1055772, , , , , , , 23.8545, 0.0226596, , , , , , , , , , , , , , , , , , , , , , , , , , , , 
23.8550192, -0.0471656, , , , , , , 23.8550192, 0.0397803, , , , , , , 23.8550192, -0.1119554, , , , , , , 23.8550192, 0.0280308, , , , , , , , , , , , , , , , , , , , , , , , , , , , 
23.8555385, -0.057908, , , , , , , 23.8555385, 0.0172885, , , , , , , 23.8555385, -0.1183337, , , , , , , 23.8555385, 0.0310521, , , , , , , , , , , , , , , , , , , , , , , , , , , , 
23.8560577, -0.0639506, , , , , , , 23.8560577, 0.0104067, , , , , , , 23.8560577, -0.10692, , , , , , , 23.8560577, 0.0320592, , , , , , , , , , , , , , , , , , , , , , , , , , , , 
23.8565769, -0.0699931, , , , , , , 23.8565769, 0.0085603, , , , , , , 23.8565769, -0.0736858, , , , , , , 23.8565769, 0.0344091, , , , , , , , , , , , , , , , , , , , , , , , , , , , 
23.8570962, -0.0767071, , , , , , , 23.8570962, -0.0135958, , , , , , , 23.8570962, -0.0347448, , , , , , , 23.8570962, 0.0392767, , , , , , , , , , , , , , , , , , , , , , , , , , , , 
23.8576154, -0.0785534, , , , , , , 23.8576154, -0.0471656, , , , , , , 23.8576154, -0.0001678, , , , , , , 23.8576154, 0.0414588, , , , , , , , , , , , , , , , , , , , , , , , , , , , 
23.8581346, -0.0726787, , , , , , , 23.8581346, -0.0584115, , , , , , , 23.8581346, 0.0263523, , , , , , , 23.8581346, 0.0412909, , , , , , , , , , , , , , , , , , , , , , , , , , , , 
23.8586538, -0.0605936, , , , , , , 23.8586538, -0.0216526, , , , , , , 23.8586538, 0.0480049, , , , , , , 23.8586538, 0.0377661, , , , , , , , , , , , , , , , , , , , , , , , , , , , 
23.8591731, -0.0438087, , , , , , , 23.8591731, 0.035584, , , , , , , 23.8591731, 0.0703288, , , , , , , 23.8591731, 0.0307164, , , , , , , , , , , , , , , , , , , , , , , , , , , , 
23.8596923, -0.0236667, , , , , , , 23.8596923, 0.0562295, , , , , , , 23.8596923, 0.0867781, , , , , , , 23.8596923, 0.024506, , , , , , , , , , , , , , , , , , , , , , , , , , , , 
23.8602115, -0.012253, , , , , , , 23.8602115, 0.0307164, , , , , , , 23.8602115, 0.093492, , , , , , , 23.8602115, 0.0169528, , , , , , , , , , , , , , , , , , , , , , , , , , , , 
23.8607308, -0.0062104, , , , , , , 23.8607308, -0.0075532, , , , , , , 23.8607308, 0.0958419, , , , , , , 23.8607308, 0.0083925, , , , , , , , , , , , , , , , , , , , , , , , , , , , 
23.86125, -0.0005035, , , , , , , 23.86125, -0.0339055, , , , , , , 23.86125, 0.0943313, , , , , , , 23.86125, 0.0058747, , , , , , , , , , , , , , , , , , , , , , , , , , , , 
23.8617692, 0.0065461, , , , , , , 23.8617692, -0.0513619, , , , , , , 23.8617692, 0.0854353, , , , , , , 23.8617692, 0.0052033, , , , , , , , , , , , , , , , , , , , , , , , , , , , 
23.8622885, 0.0142672, , , , , , , 23.8622885, -0.0740215, , , , , , , 23.8622885, 0.0703288, , , , , , , 23.8622885, 0.0035248, , , , , , , , , , , , , , , , , , , , , , , , , , , , 
23.8628077, 0.0151064, , , , , , , 23.8628077, -0.1116197, , , , , , , 23.8628077, 0.051194, , , , , , , 23.8628077, -0.0005035, , , , , , , , , , , , , , , , , , , , , , , , , , , , 
23.8633269, 0.0115816, , , , , , , 23.8633269, -0.1461967, , , , , , , 23.8633269, 0.0293736, , , , , , , 23.8633269, -0.0030213, , , , , , , , , , , , , , , , , , , , , , , , , , , , 
23.8638462, 0.0083925, , , , , , , 23.8638462, -0.1455253, , , , , , , 23.8638462, 0.0092317, , , , , , , 23.8638462, -0.0031891, , , , , , , , , , , , , , , , , , , , , , , , , , , , 
23.8643654, 0.0117494, , , , , , , 23.8643654, -0.1273976, , , , , , , 23.8643654, -0.0058747, , , , , , , 23.8643654, -0.0023499, , , , , , , , , , , , , , , , , , , , , , , , , , , , 
23.8648846, 0.0196384, , , , , , , 23.8648846, -0.1294118, , , , , , , 23.8648846, -0.0146029, , , , , , , 23.8648846, -0.0008392, , , , , , , , , , , , , , , , , , , , , , , , , , , , 
23.8654038, 0.0240024, , , , , , , 23.8654038, -0.1411612, , , , , , , 23.8654038, -0.0199741, , , , , , , 23.8654038, -0.0015106, , , , , , , , , , , , , , , , , , , , , , , , , , , , 
23.8659231, 0.0270237, , , , , , , 23.8659231, -0.1406577, , , , , , , 23.8659231, -0.0236667, , , , , , , 23.8659231, -0.0018463, , , , , , , , , , , , , , , , , , , , , , , , , , , , 
23.8664423, 0.0347448, , , , , , , 23.8664423, -0.1310903, , , , , , , 23.8664423, -0.0203098, , , , , , , 23.8664423, -0.0023499, , , , , , , , , , , , , , , , , , , , , , , , , , , , 
23.8669615, 0.0414588, , , , , , , 23.8669615, -0.1159838, , , , , , , 23.8669615, -0.0102388, , , , , , , 23.8669615, 0.0025177, , , , , , , , , , , , , , , , , , , , , , , , , , , , 
23.8674808, 0.047837, , , , , , , 23.8674808, -0.0971847, , , , , , , 23.8674808, 0.002182, , , , , , , 23.8674808, 0.011078, , , , , , , , , , , , , , , , , , , , , , , , , , , , 
23.868, 0.0629435, , , , , , , 23.868, -0.0706645, , , , , , , 23.868, 0.0135958, , , , , , , 23.868, 0.0142672, , , , , , , , , , , , , , , , , , , , , , , , , , , , 
23.8685192, 0.0830854, , , , , , , 23.8685192, -0.0352483, , , , , , , 23.8685192, 0.0246738, , , , , , , 23.8685192, 0.0092317, , , , , , , , , , , , , , , , , , , , , , , , , , , , 
23.8690385, 0.0951705, , , , , , , 23.8690385, -0.0016785, , , , , , , 23.8690385, 0.0347448, , , , , , , 23.8690385, 0.0025177, , , , , , , , , , , , , , , , , , , , , , , , , , , , 
23.8695577, 0.1005417, , , , , , , 23.8695577, 0.0216526, , , , , , , 23.8695577, 0.040116, , , , , , , 23.8695577, -0.0015106, , , , , , , , , , , , , , , , , , , , , , , , , , , , 
23.8700769, 0.1005417, , , , , , , 23.8700769, 0.0360876, , , , , , , 23.8700769, 0.036759, , , , , , , 23.8700769, -0.002182, , , , , , , , , , , , , , , , , , , , , , , , , , , , 
23.8705962, 0.0938277, , , , , , , 23.8705962, 0.0438087, , , , , , , 23.8705962, 0.0287022, , , , , , , 23.8705962, -0.0005035, , , , , , , , , , , , , , , , , , , , , , , , , , , , 
23.8711154, 0.0820783, , , , , , , 23.8711154, 0.0461585, , , , , , , 23.8711154, 0.0236667, , , , , , , 23.8711154, 0.0018463, , , , , , , , , , , , , , , , , , , , , , , , , , , , 
23.8716346, 0.0683146, , , , , , , 23.8716346, 0.0448157, , , , , , , 23.8716346, 0.0276951, , , , , , , 23.8716346, 0.0065461, , , , , , , , , , , , , , , , , , , , , , , , , , , , 
23.8721538, 0.0493477, , , , , , , 23.8721538, 0.0468299, , , , , , , 23.8721538, 0.0307164, , , , , , , 23.8721538, 0.0152743, , , , , , , , , , , , , , , , , , , , , , , , , , , , 
23.8726731, 0.026688, , , , , , , 23.8726731, 0.0528725, , , , , , , 23.8726731, 0.0186313, , , , , , , 23.8726731, 0.0238346, , , , , , , , , , , , , , , , , , , , , , , , , , , , 
23.8731923, 0.0045319, , , , , , , 23.8731923, 0.0642863, , , , , , , 23.8731923, 0.0008392, , , , , , , 23.8731923, 0.0240024, , , , , , , , , , , , , , , , , , , , , , , , , , , , 
23.8737115, -0.0129244, , , , , , , 23.8737115, 0.0797284, , , , , , , 23.8737115, -0.0085603, , , , , , , 23.8737115, 0.0223239, , , , , , , , , , , , , , , , , , , , , , , , , , , , 
23.8742308, -0.0273594, , , , , , , 23.8742308, 0.0904707, , , , , , , 23.8742308, -0.0068818, , , , , , , 23.8742308, 0.0243381, , , , , , , , , , , , , , , , , , , , , , , , , , , , 
23.87475, -0.0421302, , , , , , , 23.87475, 0.0896315, , , , , , , 23.87475, 0.0005035, , , , , , , 23.87475, 0.0263523, , , , , , , , , , , , , , , , , , , , , , , , , , , , 
23.8752692, -0.0495155, , , , , , , 23.8752692, 0.082414, , , , , , , 23.8752692, 0.005539, , , , , , , 23.8752692, 0.0253452, , , , , , , , , , , , , , , , , , , , , , , , , , , , 
23.8757885, -0.051194, , , , , , , 23.8757885, 0.0733501, , , , , , , 23.8757885, 0.0099031, , , , , , , 23.8757885, 0.0226596, , , , , , , , , , , , , , , , , , , , , , , , , , , , 
23.8763077, -0.0616007, , , , , , , 23.8763077, 0.0713359, , , , , , , 23.8763077, 0.0172885, , , , , , , 23.8763077, 0.023331, , , , , , , , , , , , , , , , , , , , , , , , , , , , 
23.8768269, -0.0703288, , , , , , , 23.8768269, 0.079057, , , , , , , 23.8768269, 0.024506, , , , , , , 23.8768269, 0.0226596, , , , , , , , , , , , , , , , , , , , , , , , , , , , 
23.8773462, -0.0740215, , , , , , , 23.8773462, 0.0924849, , , , , , , 23.8773462, 0.0313878, , , , , , , 23.8773462, 0.0203098, , , , , , , , , , , , , , , , , , , , , , , , , , , , 
23.8778654, -0.0661326, , , , , , , 23.8778654, 0.1075914, , , , , , , 23.8778654, 0.0406195, , , , , , , 23.8778654, 0.0152743, , , , , , , , , , , , , , , , , , , , , , , , , , , , 
23.8783846, -0.0491798, , , , , , , 23.8783846, 0.1092699, , , , , , , 23.8783846, 0.0532082, , , , , , , 23.8783846, 0.0085603, , , , , , , , , , , , , , , , , , , , , , , , , , , , 
23.8789038, -0.0307164, , , , , , , 23.8789038, 0.0877852, , , , , , , 23.8789038, 0.0609293, , , , , , , 23.8789038, 0.0005035, , , , , , , , , , , , , , , , , , , , , , , , , , , , 
23.8794231, -0.0169528, , , , , , , 23.8794231, 0.0360876, , , , , , , 23.8794231, 0.0616007, , , , , , , 23.8794231, -0.0068818, , , , , , , , , , , , , , , , , , , , , , , , , , , , 
23.8799423, -0.0082246, , , , , , , 23.8799423, -0.0350805, , , , , , , 23.8799423, 0.0572366, , , , , , , 23.8799423, -0.0075532, , , , , , , , , , , , , , , , , , , , , , , , , , , , 
23.8804615, 0.0023499, , , , , , , 23.8804615, -0.094667, , , , , , , 23.8804615, 0.0508583, , , , , , , 23.8804615, -0.0063783, , , , , , , , , , , , , , , , , , , , , , , , , , , , 
23.8809808, 0.0119173, , , , , , , 23.8809808, -0.1267262, , , , , , , 23.8809808, 0.042298, , , , , , , 23.8809808, -0.0058747, , , , , , , , , , , , , , , , , , , , , , , , , , , , 
23.8815, 0.0203098, , , , , , , 23.8815, -0.1284047, , , , , , , 23.8815, 0.0310521, , , , , , , 23.8815, -0.0052033, , , , , , , , , , , , , , , , , , , , , , , , , , , , 
23.8820192, 0.0290379, , , , , , , 23.8820192, -0.103563, , , , , , , 23.8820192, 0.0139315, , , , , , , 23.8820192, -0.0052033, , , , , , , , , , , , , , , , , , , , , , , , , , , , 
23.8825385, 0.0313878, , , , , , , 23.8825385, -0.0673075, , , , , , , 23.8825385, -0.0058747, , , , , , , 23.8825385, -0.0028534, , , , , , , , , , , , , , , , , , , , , , , , , , , , 
23.8830577, 0.0320592, , , , , , , 23.8830577, -0.043473, , , , , , , 23.8830577, -0.0273594, , , , , , , 23.8830577, 0.0018463, , , , , , , , , , , , , , , , , , , , , , , , , , , , 
23.8835769, 0.0344091, , , , , , , 23.8835769, -0.043473, , , , , , , 23.8835769, -0.0485084, , , , , , , 23.8835769, 0.0038605, , , , , , , , , , , , , , , , , , , , , , , , , , , , 
23.8840962, 0.0350805, , , , , , , 23.8840962, -0.0565652, , , , , , , 23.8840962, -0.0696574, , , , , , , 23.8840962, 0.0031891, , , , , , , , , , , , , , , , , , , , , , , , , , , , 
23.8846154, 0.0320592, , , , , , , 23.8846154, -0.0592508, , , , , , , 23.8846154, -0.0866102, , , , , , , 23.8846154, 0.0036927, , , , , , , , , , , , , , , , , , , , , , , , , , , , 
23.8851346, 0.0307164, , , , , , , 23.8851346, -0.0532082, , , , , , , 23.8851346, -0.0971847, , , , , , , 23.8851346, 0.0072175, , , , , , , , , , , , , , , , , , , , , , , , , , , , 
23.8856538, 0.030045, , , , , , , 23.8856538, -0.054551, , , , , , , 23.8856538, -0.1055772, , , , , , , 23.8856538, 0.0139315, , , , , , , , , , , , , , , , , , , , , , , , , , , , 
23.8861731, 0.0240024, , , , , , , 23.8861731, -0.0706645, , , , , , , 23.8861731, -0.1126268, , , , , , , 23.8861731, 0.0223239, , , , , , , , , , , , , , , , , , , , , , , , , , , , 
23.8866923, 0.0152743, , , , , , , 23.8866923, -0.0762036, , , , , , , 23.8866923, -0.1109483, , , , , , , 23.8866923, 0.0347448, , , , , , , , , , , , , , , , , , , , , , , , , , , , 
23.8872115, 0.014435, , , , , , , 23.8872115, -0.0488441, , , , , , , 23.8872115, -0.10692, , , , , , , 23.8872115, 0.0493477, , , , , , , , , , , , , , , , , , , , , , , , , , , , 
23.8877308, 0.0229953, , , , , , , 23.8877308, -0.0132601, , , , , , , 23.8877308, -0.103563, , , , , , , 23.8877308, 0.0528725, , , , , , , , , , , , , , , , , , , , , , , , , , , , 
23.88825, 0.0357519, , , , , , , 23.88825, 0.0005035, , , , , , , 23.88825, -0.0881209, , , , , , , 23.88825, 0.0424659, , , , , , , , , , , , , , , , , , , , , , , , , , , , 
23.8887692, 0.0528725, , , , , , , 23.8887692, -0.005539, , , , , , , 23.8887692, -0.0589151, , , , , , , 23.8887692, 0.0297093, , , , , , , , , , , , , , , , , , , , , , , , , , , , 
23.8892885, 0.0674754, , , , , , , 23.8892885, -0.0104067, , , , , , , 23.8892885, -0.0276951, , , , , , , 23.8892885, 0.0218204, , , , , , , , , , , , , , , , , , , , , , , , , , , , 
23.8898077, 0.0736858, , , , , , , 23.8898077, -0.0072175, , , , , , , 23.8898077, -0.0038605, , , , , , , 23.8898077, 0.0142672, , , , , , , , , , , , , , , , , , , , , , , , , , , , 
23.8903269, 0.0783856, , , , , , , 23.8903269, 0.0006714, , , , , , , 23.8903269, 0.0152743, , , , , , , 23.8903269, 0.0060426, , , , , , , , , , , , , , , , , , , , , , , , , , , , 
23.8908462, 0.0807355, , , , , , , 23.8908462, 0.005539, , , , , , , 23.8908462, 0.0287022, , , , , , , 23.8908462, 0.0003357, , , , , , , , , , , , , , , , , , , , , , , , , , , , 
23.8913654, 0.0736858, , , , , , , 23.8913654, 0.008896, , , , , , , 23.8913654, 0.03122, , , , , , , 23.8913654, -0.002182, , , , , , , , , , , , , , , , , , , , , , , , , , , , 
23.8918846, 0.0626078, , , , , , , 23.8918846, 0.0182956, , , , , , , 23.8918846, 0.0260166, , , , , , , 23.8918846, -0.002182, , , , , , , , , , , , , , , , , , , , , , , , , , , , 
23.8924038, 0.0538796, , , , , , , 23.8924038, 0.0350805, , , , , , , 23.8924038, 0.0229953, , , , , , , 23.8924038, -0.002182, , , , , , , , , , , , , , , , , , , , , , , , , , , , 
23.8929231, 0.0461585, , , , , , , 23.8929231, 0.0505226, , , , , , , 23.8929231, 0.0240024, , , , , , , 23.8929231, -0.0031891, , , , , , , , , , , , , , , , , , , , , , , , , , , , 
23.8934423, 0.033402, , , , , , , 23.8934423, 0.0696574, , , , , , , 23.8934423, 0.0199741, , , , , , , 23.8934423, -0.0052033, , , , , , , , , , , , , , , , , , , , , , , , , , , , 
23.8939615, 0.0198062, , , , , , , 23.8939615, 0.0991989, , , , , , , 23.8939615, 0.0078889, , , , , , , 23.8939615, -0.0041962, , , , , , , , , , , , , , , , , , , , , , , , , , , , 
23.8944808, 0.0097353, , , , , , , 23.8944808, 0.117998, , , , , , , 23.8944808, -0.0102388, , , , , , , 23.8944808, 0.0001678, , , , , , , , , , , , , , , , , , , , , , , , , , , , 
23.895, -0.0008392, , , , , , , 23.895, 0.1176623, , , , , , , 23.895, -0.0303807, , , , , , , 23.895, 0.0025177, , , , , , , , , , , , , , , , , , , , , , , , , , , , 
23.8955192, -0.0152743, , , , , , , 23.8955192, 0.1099413, , , , , , , 23.8955192, -0.0503548, , , , , , , 23.8955192, 0.0050355, , , , , , , , , , , , , , , , , , , , , , , , , , , , 
23.8960385, -0.026688, , , , , , , 23.8960385, 0.1122911, , , , , , , 23.8960385, -0.0666361, , , , , , , 23.8960385, 0.0082246, , , , , , , , , , , , , , , , , , , , , , , , , , , , 
23.8965577, -0.0350805, , , , , , , 23.8965577, 0.1089342, , , , , , , 23.8965577, -0.0733501, , , , , , , 23.8965577, 0.012253, , , , , , , , , , , , , , , , , , , , , , , , , , , , 
23.8970769, -0.0441444, , , , , , , 23.8970769, 0.0834211, , , , , , , 23.8970769, -0.0704967, , , , , , , 23.8970769, 0.0198062, , , , , , , , , , , , , , , , , , , , , , , , , , , , 
23.8975962, -0.0471656, , , , , , , 23.8975962, 0.0565652, , , , , , , 23.8975962, -0.0673075, , , , , , , 23.8975962, 0.0240024, , , , , , , , , , , , , , , , , , , , , , , , , , , , 
23.8981154, -0.0428016, , , , , , , 23.8981154, 0.0580758, , , , , , , 23.8981154, -0.0721752, , , , , , , 23.8981154, 0.0229953, , , , , , , , , , , , , , , , , , , , , , , , , , , , 
23.8986346, -0.0320592, , , , , , , 23.8986346, 0.0656291, , , , , , , 23.8986346, -0.0787213, , , , , , , 23.8986346, 0.0213169, , , , , , , , , , , , , , , , , , , , , , , , , , , , 
23.8991538, -0.01561, , , , , , , 23.8991538, 0.0330663, , , , , , , 23.8991538, -0.0807355, , , , , , , 23.8991538, 0.0186313, , , , , , , , , , , , , , , , , , , , , , , , , , , , 
23.8996731, 0.0005035, , , , , , , 23.8996731, -0.0515297, , , , , , , 23.8996731, -0.0787213, , , , , , , 23.8996731, 0.0171206, , , , , , , , , , , , , , , , , , , , , , , , , , , , 
23.9001923, 0.0048676, , , , , , , 23.9001923, -0.1589532, , , , , , , 23.9001923, -0.0753643, , , , , , , 23.9001923, 0.0159457, , , , , , , , , , , , , , , , , , , , , , , , , , , , 
23.9007115, 0.0008392, , , , , , , 23.9007115, -0.2391852, , , , , , , 23.9007115, -0.072343, , , , , , , 23.9007115, 0.0206455, , , , , , , , , , , , , , , , , , , , , , , , , , , , 
23.9012308, -0.0008392, , , , , , , 23.9012308, -0.2673838, , , , , , , 23.9012308, -0.0607614, , , , , , , 23.9012308, 0.0287022, , , , , , , , , , , , , , , , , , , , , , , , , , , , 
23.90175, 0.0031891, , , , , , , 23.90175, -0.2554665, , , , , , , 23.90175, -0.0357519, , , , , , , 23.90175, 0.0365911, , , , , , , , , , , , , , , , , , , , , , , , , , , , 
23.9022692, 0.0072175, , , , , , , 23.9022692, -0.2203861, , , , , , , 23.9022692, -0.0090639, , , , , , , 23.9022692, 0.0458228, , , , , , , , , , , , , , , , , , , , , , , , , , , , 
23.9027885, 0.0125887, , , , , , , 23.9027885, -0.1673457, , , , , , , 23.9027885, 0.0092317, , , , , , , 23.9027885, 0.0555581, , , , , , , , , , , , , , , , , , , , , , , , , , , , 
23.9033077, 0.0132601, , , , , , , 23.9033077, -0.1049058, , , , , , , 23.9033077, 0.023331, , , , , , , 23.9033077, 0.0602579, , , , , , , , , , , , , , , , , , , , , , , , , , , , 
23.9038269, 0.012253, , , , , , , 23.9038269, -0.0515297, , , , , , , 23.9038269, 0.0360876, , , , , , , 23.9038269, 0.0572366, , , , , , , , , , , , , , , , , , , , , , , , , , , , 
23.9043462, 0.0095674, , , , , , , 23.9043462, -0.0182956, , , , , , , 23.9043462, 0.0493477, , , , , , , 23.9043462, 0.0495155, , , , , , , , , , , , , , , , , , , , , , , , , , , , 
23.9048654, 0.0099031, , , , , , , 23.9048654, -0.002182, , , , , , , 23.9048654, 0.0547189, , , , , , , 23.9048654, 0.0428016, , , , , , , , , , , , , , , , , , , , , , , , , , , , 
23.9053846, 0.0075532, , , , , , , 23.9053846, 0.0031891, , , , , , , 23.9053846, 0.0528725, , , , , , , 23.9053846, 0.0374304, , , , , , , , , , , , , , , , , , , , , , , , , , , , 
23.9059038, 0.0025177, , , , , , , 23.9059038, 0.0072175, , , , , , , 23.9059038, 0.0485084, , , , , , , 23.9059038, 0.0290379, , , , , , , , , , , , , , , , , , , , , , , , , , , , 
23.9064231, -0.0001678, , , , , , , 23.9064231, 0.0253452, , , , , , , 23.9064231, 0.0461585, , , , , , , 23.9064231, 0.0209812, , , , , , , , , , , , , , , , , , , , , , , , , , , , 
23.9069423, -0.0001678, , , , , , , 23.9069423, 0.0522011, , , , , , , 23.9069423, 0.0448157, , , , , , , 23.9069423, 0.0139315, , , , , , , , , , , , , , , , , , , , , , , , , , , , 
23.9074615, 0.0045319, , , , , , , 23.9074615, 0.0666361, , , , , , , 23.9074615, 0.0441444, , , , , , , 23.9074615, 0.0058747, , , , , , , , , , , , , , , , , , , , , , , , , , , , 
23.9079808, 0.0179599, , , , , , , 23.9079808, 0.0636149, , , , , , , 23.9079808, 0.0480049, , , , , , , 23.9079808, -0.0031891, , , , , , , , , , , , , , , , , , , , , , , , , , , , 
23.9085, 0.0327306, , , , , , , 23.9085, 0.0555581, , , , , , , 23.9085, 0.0555581, , , , , , , 23.9085, -0.0135958, , , , , , , , , , , , , , , , , , , , , , , , , , , , 
23.9090192, 0.0417945, , , , , , , 23.9090192, 0.047837, , , , , , , 23.9090192, 0.0626078, , , , , , , 23.9090192, -0.0216526, , , , , , , , , , , , , , , , , , , , , , , , , , , , 
23.9095385, 0.0522011, , , , , , , 23.9095385, 0.0453193, , , , , , , 23.9095385, 0.0676432, , , , , , , 23.9095385, -0.0256809, , , , , , , , , , , , , , , , , , , , , , , , , , , , 
23.9100577, 0.0626078, , , , , , , 23.9100577, 0.0575723, , , , , , , 23.9100577, 0.0733501, , , , , , , 23.9100577, -0.0283665, , , , , , , , , , , , , , , , , , , , , , , , , , , , 
23.9105769, 0.0669718, , , , , , , 23.9105769, 0.0706645, , , , , , , 23.9105769, 0.0750286, , , , , , , 23.9105769, -0.03122, , , , , , , , , , , , , , , , , , , , , , , , , , , , 
23.9110962, 0.0696574, , , , , , , 23.9110962, 0.057908, , , , , , , 23.9110962, 0.0703288, , , , , , , 23.9110962, -0.0317235, , , , , , , , , , , , , , , , , , , , , , , , , , , , 
23.9116154, 0.070161, , , , , , , 23.9116154, 0.0287022, , , , , , , 23.9116154, 0.0560616, , , , , , , 23.9116154, -0.0260166, , , , , , , , , , , , , , , , , , , , , , , , , , , , 
23.9121346, 0.064622, , , , , , , 23.9121346, 0.0112459, , , , , , , 23.9121346, 0.0270237, , , , , , , 23.9121346, -0.0199741, , , , , , , , , , , , , , , , , , , , , , , , , , , , 
23.9126538, 0.0491798, , , , , , , 23.9126538, 0.0078889, , , , , , , 23.9126538, -0.0068818, , , , , , , 23.9126538, -0.0162814, , , , , , , , , , , , , , , , , , , , , , , , , , , , 
23.9131731, 0.0293736, , , , , , , 23.9131731, 0.0105745, , , , , , , 23.9131731, -0.0323949, , , , , , , 23.9131731, -0.012253, , , , , , , , , , , , , , , , , , , , , , , , , , , , 
23.9136923, 0.0146029, , , , , , , 23.9136923, 0.0236667, , , , , , , 23.9136923, -0.047837, , , , , , , 23.9136923, -0.0063783, , , , , , , , , , , , , , , , , , , , , , , , , , , , 
23.9142115, 0.0025177, , , , , , , 23.9142115, 0.0454871, , , , , , , 23.9142115, -0.0535439, , , , , , , 23.9142115, 0.0035248, , , , , , , , , , , , , , , , , , , , , , , , , , , , 
23.9147308, -0.0129244, , , , , , , 23.9147308, 0.0577401, , , , , , , 23.9147308, -0.0476692, , , , , , , 23.9147308, 0.0162814, , , , , , , , , , , , , , , , , , , , , , , , , , , , 
23.91525, -0.0270237, , , , , , , 23.91525, 0.0407874, , , , , , , 23.91525, -0.0384375, , , , , , , 23.91525, 0.0290379, , , , , , , , , , , , , , , , , , , , , , , , , , , , 
23.9157692, -0.0297093, , , , , , , 23.9157692, -0.0015106, , , , , , , 23.9157692, -0.0365911, , , , , , , 23.9157692, 0.0386053, , , , , , , , , , , , , , , , , , , , , , , , , , , , 
23.9162885, -0.0292058, , , , , , , 23.9162885, -0.0666361, , , , , , , 23.9162885, -0.0377661, , , , , , , 23.9162885, 0.0439765, , , , , , , , , , , , , , , , , , , , , , , , , , , , 
23.9168077, -0.0431373, , , , , , , 23.9168077, -0.1519036, , , , , , , 23.9168077, -0.0347448, , , , , , , 23.9168077, 0.047837, , , , , , , , , , , , , , , , , , , , , , , , , , , , 
23.9173269, -0.0602579, , , , , , , 23.9173269, -0.2197147, , , , , , , 23.9173269, -0.0285344, , , , , , , 23.9173269, 0.0493477, , , , , , , , , , , , , , , , , , , , , , , , , , , , 
23.9178462, -0.0686503, , , , , , , 23.9178462, -0.2358282, , , , , , , 23.9178462, -0.0204776, , , , , , , 23.9178462, 0.0481727, , , , , , , , , , , , , , , , , , , , , , , , , , , , 
23.9183654, -0.0616007, , , , , , , 23.9183654, -0.1817807, , , , , , , 23.9183654, -0.0134279, , , , , , , 23.9183654, 0.0438087, , , , , , , , , , , , , , , , , , , , , , , , , , , , 
23.9188846, -0.0473335, , , , , , , 23.9188846, -0.0887922, , , , , , , 23.9188846, -0.0046998, , , , , , , 23.9188846, 0.036759, , , , , , , , , , , , , , , , , , , , , , , , , , , , 
23.9194038, -0.0354162, , , , , , , 23.9194038, -0.0290379, , , , , , , 23.9194038, 0.0045319, , , , , , , 23.9194038, 0.0290379, , , , , , , , , , , , , , , , , , , , , , , , , , , , 
23.9199231, -0.0253452, , , , , , , 23.9199231, -0.0090639, , , , , , , 23.9199231, 0.0092317, , , , , , , 23.9199231, 0.0253452, , , , , , , , , , , , , , , , , , , , , , , , , , , , 
23.9204423, -0.0149386, , , , , , , 23.9204423, 0.0157778, , , , , , , 23.9204423, 0.0105745, , , , , , , 23.9204423, 0.0236667, , , , , , , , , , , , , , , , , , , , , , , , , , , , 
23.9209615, -0.0060426, , , , , , , 23.9209615, 0.0518654, , , , , , , 23.9209615, 0.0124208, , , , , , , 23.9209615, 0.0213169, , , , , , , , , , , , , , , , , , , , , , , , , , , , 
23.9214808, -0.0018463, , , , , , , 23.9214808, 0.0715038, , , , , , , 23.9214808, 0.0213169, , , , , , , 23.9214808, 0.0152743, , , , , , , , , , , , , , , , , , , , , , , , , , , , 
23.922, 0.0030213, , , , , , , 23.922, 0.0708324, , , , , , , 23.922, 0.033402, , , , , , , 23.922, 0.0068818, , , , , , , , , , , , , , , , , , , , , , , , , , , , 
23.9225192, 0.0119173, , , , , , , 23.9225192, 0.0592508, , , , , , , 23.9225192, 0.0419623, , , , , , , 23.9225192, 0.0011749, , , , , , , , , , , , , , , , , , , , , , , , , , , , 
23.9230385, 0.0234989, , , , , , , 23.9230385, 0.0486763, , , , , , , 23.9230385, 0.0451514, , , , , , , 23.9230385, -0.0010071, , , , , , , , , , , , , , , , , , , , , , , , , , , , 
23.9235577, 0.0328985, , , , , , , 23.9235577, 0.0337377, , , , , , , 23.9235577, 0.0454871, , , , , , , 23.9235577, -0.0035248, , , , , , , , , , , , , , , , , , , , , , , , , , , , 
23.9240769, 0.0337377, , , , , , , 23.9240769, 0.0065461, , , , , , , 23.9240769, 0.0451514, , , , , , , 23.9240769, -0.0062104, , , , , , , , , , , , , , , , , , , , , , , , , , , , 
23.9245962, 0.033402, , , , , , , 23.9245962, -0.0327306, , , , , , , 23.9245962, 0.0404517, , , , , , , 23.9245962, -0.0062104, , , , , , , , , , , , , , , , , , , , , , , , , , , , 
23.9251154, 0.0344091, , , , , , , 23.9251154, -0.0694896, , , , , , , 23.9251154, 0.033402, , , , , , , 23.9251154, -0.0060426, , , , , , , , , , , , , , , , , , , , , , , , , , , , 
23.9256346, 0.0337377, , , , , , , 23.9256346, -0.0864424, , , , , , , 23.9256346, 0.0280308, , , , , , , 23.9256346, -0.0068818, , , , , , , , , , , , , , , , , , , , , , , , , , , , 
23.9261538, 0.0344091, , , , , , , 23.9261538, -0.0803998, , , , , , , 23.9261538, 0.0209812, , , , , , , 23.9261538, -0.008896, , , , , , , , , , , , , , , , , , , , , , , , , , , , 
23.9266731, 0.0339055, , , , , , , 23.9266731, -0.0552224, , , , , , , 23.9266731, 0.0048676, , , , , , , 23.9266731, -0.0077211, , , , , , , , , , , , , , , , , , , , , , , , , , , , 
23.9271923, 0.0350805, , , , , , , 23.9271923, -0.0298772, , , , , , , 23.9271923, -0.0125887, , , , , , , 23.9271923, -0.005539, , , , , , , , , , , , , , , , , , , , , , , , , , , , 
23.9277115, 0.0448157, , , , , , , 23.9277115, -0.0115816, , , , , , , 23.9277115, -0.0219883, , , , , , , 23.9277115, -0.0065461, , , , , , , , , , , , , , , , , , , , , , , , , , , , 
23.9282308, 0.0632792, , , , , , , 23.9282308, 0.0052033, , , , , , , 23.9282308, -0.030045, , , , , , , 23.9282308, -0.0109102, , , , , , , , , , , , , , , , , , , , , , , , , , , , 
23.92875, 0.0834211, , , , , , , 23.92875, 0.0323949, , , , , , , 23.92875, -0.04448, , , , , , , 23.92875, -0.0127565, , , , , , , , , , , , , , , , , , , , , , , , , , , , 
23.9292692, 0.0951705, , , , , , , 23.9292692, 0.0651255, , , , , , , 23.9292692, -0.0627756, , , , , , , 23.9292692, -0.0117494, , , , , , , , , , , , , , , , , , , , , , , , , , , , 
23.9297885, 0.1045701, , , , , , , 23.9297885, 0.0850996, , , , , , , 23.9297885, -0.0757, , , , , , , 23.9297885, -0.008896, , , , , , , , , , , , , , , , , , , , , , , , , , , , 
23.9303077, 0.1065843, , , , , , , 23.9303077, 0.0830854, , , , , , , 23.9303077, -0.0840925, , , , , , , 23.9303077, -0.0035248, , , , , , , , , , , , , , , , , , , , , , , , , , , , 
23.9308269, 0.0998703, , , , , , , 23.9308269, 0.0706645, , , , , , , 23.9308269, -0.0871138, , , , , , , 23.9308269, 0.0031891, , , , , , , , , , , , , , , , , , , , , , , , , , , , 
23.9313462, 0.0884565, , , , , , , 23.9313462, 0.0528725, , , , , , , 23.9313462, -0.0891279, , , , , , , 23.9313462, 0.0099031, , , , , , , , , , , , , , , , , , , , , , , , , , , , 
23.9318654, 0.0750286, , , , , , , 23.9318654, 0.0357519, , , , , , , 23.9318654, -0.0948348, , , , , , , 23.9318654, 0.0171206, , , , , , , , , , , , , , , , , , , , , , , , , , , , 
23.9323846, 0.0619364, , , , , , , 23.9323846, 0.026688, , , , , , , 23.9323846, -0.10692, , , , , , , 23.9323846, 0.023331, , , , , , , , , , , , , , , , , , , , , , , , , , , , 
23.9329038, 0.0522011, , , , , , , 23.9329038, 0.023331, , , , , , , 23.9329038, -0.121355, , , , , , , 23.9329038, 0.0253452, , , , , , , , , , , , , , , , , , , , , , , , , , , , 
23.9334231, 0.0414588, , , , , , , 23.9334231, 0.030045, , , , , , , 23.9334231, -0.13579, , , , , , , 23.9334231, 0.0255131, , , , , , , , , , , , , , , , , , , , , , , , , , , , 
23.9339423, 0.0216526, , , , , , , 23.9339423, 0.0394446, , , , , , , 23.9339423, -0.1475395, , , , , , , 23.9339423, 0.0287022, , , , , , , , , , , , , , , , , , , , , , , , , , , , 
23.9344615, -0.0038605, , , , , , , 23.9344615, 0.0391089, , , , , , , 23.9344615, -0.1579461, , , , , , , 23.9344615, 0.0330663, , , , , , , , , , , , , , , , , , , , , , , , , , , , 
23.9349808, -0.0216526, , , , , , , 23.9349808, 0.0330663, , , , , , , 23.9349808, -0.1596246, , , , , , , 23.9349808, 0.0397803, , , , , , , , , , , , , , , , , , , , , , , , , , , , 
23.9355, -0.0327306, , , , , , , 23.9355, 0.0250095, , , , , , , 23.9355, -0.142504, , , , , , , 23.9355, 0.0505226, , , , , , , , , , , , , , , , , , , , , , , , , , , , 
23.9360192, -0.0485084, , , , , , , 23.9360192, 0.0090639, , , , , , , 23.9360192, -0.1166552, , , , , , , 23.9360192, 0.0594186, , , , , , , , , , , , , , , , , , , , , , , , , , , , 
23.9365385, -0.0666361, , , , , , , 23.9365385, -0.0099031, , , , , , , 23.9365385, -0.0928206, , , , , , , 23.9365385, 0.0636149, , , , , , , , , , , , , , , , , , , , , , , , , , , , 
23.9370577, -0.082414, , , , , , , 23.9370577, -0.0250095, , , , , , , 23.9370577, -0.0726787, , , , , , , 23.9370577, 0.0639506, , , , , , , , , , , , , , , , , , , , , , , , , , , , 
23.9375769, -0.0891279, , , , , , , 23.9375769, -0.0441444, , , , , , , 23.9375769, -0.0475013, , , , , , , 23.9375769, 0.0602579, , , , , , , , , , , , , , , , , , , , , , , , , , , , 
23.9380962, -0.0834211, , , , , , , 23.9380962, -0.0679789, , , , , , , 23.9380962, -0.0176242, , , , , , , 23.9380962, 0.0538796, , , , , , , , , , , , , , , , , , , , , , , , , , , , 
23.9386154, -0.0686503, , , , , , , 23.9386154, -0.082414, , , , , , , 23.9386154, 0.0092317, , , , , , , 23.9386154, 0.0428016, , , , , , , , , , , , , , , , , , , , , , , , , , , , 
23.9391346, -0.0505226, , , , , , , 23.9391346, -0.0793927, , , , , , , 23.9391346, 0.0303807, , , , , , , 23.9391346, 0.0347448, , , , , , , , , , , , , , , , , , , , , , , , , , , , 
23.9396538, -0.0372625, , , , , , , 23.9396538, -0.0720073, , , , , , , 23.9396538, 0.0464942, , , , , , , 23.9396538, 0.0280308, , , , , , , , , , , , , , , , , , , , , , , , , , , , 
23.9401731, -0.0276951, , , , , , , 23.9401731, -0.0632792, , , , , , , 23.9401731, 0.0582437, , , , , , , 23.9401731, 0.0176242, , , , , , , , , , , , , , , , , , , , , , , , , , , , 
23.9406923, -0.0176242, , , , , , , 23.9406923, -0.0451514, , , , , , , 23.9406923, 0.0674754, , , , , , , 23.9406923, 0.0070497, , , , , , , , , , , , , , , , , , , , , , , , , , , , 
23.9412115, -0.0099031, , , , , , , 23.9412115, -0.0203098, , , , , , , 23.9412115, 0.0780499, , , , , , , 23.9412115, 0.0003357, , , , , , , , , , , , , , , , , , , , , , , , , , , , 
23.9417308, -0.0085603, , , , , , , 23.9417308, 0.0018463, , , , , , , 23.9417308, 0.0871138, , , , , , , 23.9417308, -0.0030213, , , , , , , , , , , , , , , , , , , , , , , , , , , , 
23.94225, -0.0068818, , , , , , , 23.94225, 0.0082246, , , , , , , 23.94225, 0.1003738, , , , , , , 23.94225, -0.0035248, , , , , , , , , , , , , , , , , , , , , , , , , , , , 
23.9427692, 0.0018463, , , , , , , 23.9427692, 0.0008392, , , , , , , 23.9427692, 0.1164874, , , , , , , 23.9427692, -0.0030213, , , , , , , , , , , , , , , , , , , , , , , , , , , , 
23.9432885, 0.0115816, , , , , , , 23.9432885, -0.0172885, , , , , , , 23.9432885, 0.1273976, , , , , , , 23.9432885, -0.0025177, , , , , , , , , , , , , , , , , , , , , , , , , , , , 
23.9438077, 0.0146029, , , , , , , 23.9438077, -0.0297093, , , , , , , 23.9438077, 0.1317617, , , , , , , 23.9438077, -0.0023499, , , , , , , , , , , , , , , , , , , , , , , , , , , , 
23.9443269, 0.0157778, , , , , , , 23.9443269, -0.0176242, , , , , , , 23.9443269, 0.1327687, , , , , , , 23.9443269, -0.002182, , , , , , , , , , , , , , , , , , , , , , , , , , , , 
23.9448462, 0.0179599, , , , , , , 23.9448462, -0.0114137, , , , , , , 23.9448462, 0.128069, , , , , , , 23.9448462, -0.0041962, , , , , , , , , , , , , , , , , , , , , , , , , , , , 
23.9453654, 0.0193027, , , , , , , 23.9453654, -0.0251774, , , , , , , 23.9453654, 0.1126268, , , , , , , 23.9453654, -0.0077211, , , , , , , , , , , , , , , , , , , , , , , , , , , , 
23.9458846, 0.0171206, , , , , , , 23.9458846, -0.0381018, , , , , , , 23.9458846, 0.0881209, , , , , , , 23.9458846, -0.008896, , , , , , , , , , , , , , , , , , , , , , , , , , , , 
23.9464038, 0.0146029, , , , , , , 23.9464038, -0.0439765, , , , , , , 23.9464038, 0.06009, , , , , , , 23.9464038, -0.0082246, , , , , , , , , , , , , , , , , , , , , , , , , , , , 
23.9469231, 0.0179599, , , , , , , 23.9469231, -0.0428016, , , , , , , 23.9469231, 0.0323949, , , , , , , 23.9469231, -0.0041962, , , , , , , , , , , , , , , , , , , , , , , , , , , , 
23.9474423, 0.0303807, , , , , , , 23.9474423, -0.0297093, , , , , , , 23.9474423, 0.0068818, , , , , , , 23.9474423, -0.0018463, , , , , , , , , , , , , , , , , , , , , , , , , , , , 
23.9479615, 0.0481727, , , , , , , 23.9479615, -0.0124208, , , , , , , 23.9479615, -0.0139315, , , , , , , 23.9479615, -0.0052033, , , , , , , , , , , , , , , , , , , , , , , , , , , , 
23.9484808, 0.0693217, , , , , , , 23.9484808, 0.0005035, , , , , , , 23.9484808, -0.0330663, , , , , , , 23.9484808, -0.0109102, , , , , , , , , , , , , , , , , , , , , , , , , , , , 
23.949, 0.0840925, , , , , , , 23.949, 0.0130922, , , , , , , 23.949, -0.0498512, , , , , , , 23.949, -0.0159457, , , , , , , , , , , , , , , , , , , , , , , , , , , , 
23.9495192, 0.0928206, , , , , , , 23.9495192, 0.0226596, , , , , , , 23.9495192, -0.0604257, , , , , , , 23.9495192, -0.018967, , , , , , , , , , , , , , , , , , , , , , , , , , , , 
23.9500385, 0.1028916, , , , , , , 23.9500385, 0.0240024, , , , , , , 23.9500385, -0.0731823, , , , , , , 23.9500385, -0.0213169, , , , , , , , , , , , , , , , , , , , , , , , , , , , 
23.9505577, 0.1072557, , , , , , , 23.9505577, 0.012253, , , , , , , 23.9505577, -0.0842603, , , , , , , 23.9505577, -0.0246738, , , , , , , , , , , , , , , , , , , , , , , , , , , , 
23.9510769, 0.1055772, , , , , , , 23.9510769, 0.0005035, , , , , , , 23.9510769, -0.0887922, , , , , , , 23.9510769, -0.0253452, , , , , , , , , , , , , , , , , , , , , , , , , , , , 
23.9515962, 0.0985275, , , , , , , 23.9515962, -0.0062104, , , , , , , 23.9515962, -0.0903029, , , , , , , 23.9515962, -0.0231632, , , , , , , , , , , , , , , , , , , , , , , , , , , , 
23.9521154, 0.0871138, , , , , , , 23.9521154, -0.0129244, , , , , , , 23.9521154, -0.0861067, , , , , , , 23.9521154, -0.0169528, , , , , , , , , , , , , , , , , , , , , , , , , , , , 
23.9526346, 0.0763714, , , , , , , 23.9526346, -0.0203098, , , , , , , 23.9526346, -0.0673075, , , , , , , 23.9526346, -0.0045319, , , , , , , , , , , , , , , , , , , , , , , , , , , , 
23.9531538, 0.0622721, , , , , , , 23.9531538, -0.017792, , , , , , , 23.9531538, -0.0446479, , , , , , , 23.9531538, 0.0052033, , , , , , , , , , , , , , , , , , , , , , , , , , , , 
23.9536731, 0.0475013, , , , , , , 23.9536731, -0.0001678, , , , , , , 23.9536731, -0.033402, , , , , , , 23.9536731, 0.0119173, , , , , , , , , , , , , , , , , , , , , , , , , , , , 
23.9541923, 0.0347448, , , , , , , 23.9541923, 0.0253452, , , , , , , 23.9541923, -0.0337377, , , , , , , 23.9541923, 0.0176242, , , , , , , , , , , , , , , , , , , , , , , , , , , , 
23.9547115, 0.018967, , , , , , , 23.9547115, 0.0473335, , , , , , , 23.9547115, -0.0377661, , , , , , , 23.9547115, 0.026688, , , , , , , , , , , , , , , , , , , , , , , , , , , , 
23.9552308, 0.002182, , , , , , , 23.9552308, 0.061265, , , , , , , 23.9552308, -0.0431373, , , , , , , 23.9552308, 0.0347448, , , , , , , , , , , , , , , , , , , , , , , , , , , , 
23.95575, -0.0104067, , , , , , , 23.95575, 0.0547189, , , , , , , 23.95575, -0.040116, , , , , , , 23.95575, 0.0374304, , , , , , , , , , , , , , , , , , , , , , , , , , , , 
23.9562692, -0.0206455, , , , , , , 23.9562692, 0.0226596, , , , , , , 23.9562692, -0.0250095, , , , , , , 23.9562692, 0.0374304, , , , , , , , , , , , , , , , , , , , , , , , , , , , 
23.9567885, -0.0337377, , , , , , , 23.9567885, -0.0008392, , , , , , , 23.9567885, -0.0095674, , , , , , , 23.9567885, 0.0357519, , , , , , , , , , , , , , , , , , , , , , , , , , , , 
23.9573077, -0.0565652, , , , , , , 23.9573077, -0.0070497, , , , , , , 23.9573077, 0.002182, , , , , , , 23.9573077, 0.0381018, , , , , , , , , , , , , , , , , , , , , , , , , , , , 
23.9578269, -0.0720073, , , , , , , 23.9578269, -0.023331, , , , , , , 23.9578269, 0.0119173, , , , , , , 23.9578269, 0.04448, , , , , , , , , , , , , , , , , , , , , , , , , , , , 
23.9583462, -0.0746929, , , , , , , 23.9583462, -0.0565652, , , , , , , 23.9583462, 0.0199741, , , , , , , 23.9583462, 0.0464942, , , , , , , , , , , , , , , , , , , , , , , , , , , , 
23.9588654, -0.0706645, , , , , , , 23.9588654, -0.0852674, , , , , , , 23.9588654, 0.0256809, , , , , , , 23.9588654, 0.0468299, , , , , , , , , , , , , , , , , , , , , , , , , , , , 
23.9593846, -0.0639506, , , , , , , 23.9593846, -0.0929885, , , , , , , 23.9593846, 0.0307164, , , , , , , 23.9593846, 0.0488441, , , , , , , , , , , , , , , , , , , , , , , , , , , , 
23.9599038, -0.0582437, , , , , , , 23.9599038, -0.0814069, , , , , , , 23.9599038, 0.0340734, , , , , , , 23.9599038, 0.0505226, , , , , , , , , , , , , , , , , , , , , , , , , , , , 
23.9604231, -0.0505226, , , , , , , 23.9604231, -0.0533761, , , , , , , 23.9604231, 0.0360876, , , , , , , 23.9604231, 0.0491798, , , , , , , , , , , , , , , , , , , , , , , , , , , , 
23.9609423, -0.040116, , , , , , , 23.9609423, -0.0219883, , , , , , , 23.9609423, 0.0357519, , , , , , , 23.9609423, 0.0419623, , , , , , , , , , , , , , , , , , , , , , , , , , , , 
23.9614615, -0.0273594, , , , , , , 23.9614615, 0.0038605, , , , , , , 23.9614615, 0.033402, , , , , , , 23.9614615, 0.0327306, , , , , , , , , , , , , , , , , , , , , , , , , , , , 
23.9619808, -0.0162814, , , , , , , 23.9619808, 0.0240024, , , , , , , 23.9619808, 0.030045, , , , , , , 23.9619808, 0.0258488, , , , , , , , , , , , , , , , , , , , , , , , , , , , 
23.9625, -0.008896, , , , , , , 23.9625, 0.04448, , , , , , , 23.9625, 0.026688, , , , , , , 23.9625, 0.0219883, , , , , , , , , , , , , , , , , , , , , , , , , , , , 
23.9630192, -0.0015106, , , , , , , 23.9630192, 0.0522011, , , , , , , 23.9630192, 0.0231632, , , , , , , 23.9630192, 0.0162814, , , , , , , , , , , , , , , , , , , , , , , , , , , , 
23.9635385, 0.0078889, , , , , , , 23.9635385, 0.0246738, , , , , , , 23.9635385, 0.0219883, , , , , , , 23.9635385, 0.0085603, , , , , , , , , , , , , , , , , , , , , , , , , , , , 
23.9640577, 0.0135958, , , , , , , 23.9640577, -0.0256809, , , , , , , 23.9640577, 0.0206455, , , , , , , 23.9640577, 0.0045319, , , , , , , , , , , , , , , , , , , , , , , , , , , , 
23.9645769, 0.0166171, , , , , , , 23.9645769, -0.0542153, , , , , , , 23.9645769, 0.0179599, , , , , , , 23.9645769, 0.0045319, , , , , , , , , , , , , , , , , , , , , , , , , , , , 
23.9650962, 0.0171206, , , , , , , 23.9650962, -0.0386053, , , , , , , 23.9650962, 0.0162814, , , , , , , 23.9650962, 0.0038605, , , , , , , , , , , , , , , , , , , , , , , , , , , , 
23.9656154, 0.0206455, , , , , , , 23.9656154, 0.0105745, , , , , , , 23.9656154, 0.0142672, , , , , , , 23.9656154, 0.002182, , , , , , , , , , , , , , , , , , , , , , , , , , , , 
23.9661346, 0.0243381, , , , , , , 23.9661346, 0.0542153, , , , , , , 23.9661346, 0.0112459, , , , , , , 23.9661346, 0.0045319, , , , , , , , , , , , , , , , , , , , , , , , , , , , 
23.9666538, 0.0236667, , , , , , , 23.9666538, 0.068986, , , , , , , 23.9666538, 0.0099031, , , , , , , 23.9666538, 0.0065461, , , , , , , , , , , , , , , , , , , , , , , , , , , , 
23.9671731, 0.0240024, , , , , , , 23.9671731, 0.0548867, , , , , , , 23.9671731, 0.0112459, , , , , , , 23.9671731, 0.0045319, , , , , , , , , , , , , , , , , , , , , , , , , , , , 
23.9676923, 0.0317235, , , , , , , 23.9676923, 0.023331, , , , , , , 23.9676923, 0.0154421, , , , , , , 23.9676923, -0.0023499, , , , , , , , , , , , , , , , , , , , , , , , , , , , 
23.9682115, 0.0522011, , , , , , , 23.9682115, -0.008896, , , , , , , 23.9682115, 0.0226596, , , , , , , 23.9682115, -0.0114137, , , , , , , , , , , , , , , , , , , , , , , , , , , , 
23.9687308, 0.0763714, , , , , , , 23.9687308, -0.0327306, , , , , , , 23.9687308, 0.0283665, , , , , , , 23.9687308, -0.0209812, , , , , , , , , , , , , , , , , , , , , , , , , , , , 
23.96925, 0.0894636, , , , , , , 23.96925, -0.0552224, , , , , , , 23.96925, 0.0293736, , , , , , , 23.96925, -0.0256809, , , , , , , , , , , , , , , , , , , , , , , , , , , , 
23.9697692, 0.0948348, , , , , , , 23.9697692, -0.0753643, , , , , , , 23.9697692, 0.0251774, , , , , , , 23.9697692, -0.0263523, , , , , , , , , , , , , , , , , , , , , , , , , , , , 
23.9702885, 0.1005417, , , , , , , 23.9702885, -0.0740215, , , , , , , 23.9702885, 0.0250095, , , , , , , 23.9702885, -0.026688, , , , , , , , , , , , , , , , , , , , , , , , , , , , 
23.9708077, 0.0978561, , , , , , , 23.9708077, -0.0485084, , , , , , , 23.9708077, 0.0276951, , , , , , , 23.9708077, -0.0246738, , , , , , , , , , , , , , , , , , , , , , , , , , , , 
23.9713269, 0.0874495, , , , , , , 23.9713269, -0.0206455, , , , , , , 23.9713269, 0.0290379, , , , , , , 23.9713269, -0.0193027, , , , , , , , , , , , , , , , , , , , , , , , , , , , 
23.9718462, 0.0736858, , , , , , , 23.9718462, -0.0179599, , , , , , , 23.9718462, 0.0271916, , , , , , , 23.9718462, -0.014435, , , , , , , , , , , , , , , , , , , , , , , , , , , , 
23.9723654, 0.0594186, , , , , , , 23.9723654, -0.0337377, , , , , , , 23.9723654, 0.0193027, , , , , , , 23.9723654, -0.0112459, , , , , , , , , , , , , , , , , , , , , , , , , , , , 
23.9728846, 0.043473, , , , , , , 23.9728846, -0.0273594, , , , , , , 23.9728846, 0.0085603, , , , , , , 23.9728846, -0.0050355, , , , , , , , , , , , , , , , , , , , , , , , , , , , 
23.9734038, 0.0327306, , , , , , , 23.9734038, -0.0075532, , , , , , , 23.9734038, -0.0008392, , , , , , , 23.9734038, -0.0001678, , , , , , , , , , , , , , , , , , , , , , , , , , , , 
23.9739231, 0.0240024, , , , , , , 23.9739231, -0.002182, , , , , , , 23.9739231, -0.0115816, , , , , , , 23.9739231, 0.0050355, , , , , , , , , , , , , , , , , , , , , , , , , , , , 
23.9744423, 0.0041962, , , , , , , 23.9744423, -0.0135958, , , , , , , 23.9744423, -0.023331, , , , , , , 23.9744423, 0.0082246, , , , , , , , , , , , , , , , , , , , , , , , , , , , 
23.9749615, -0.0209812, , , , , , , 23.9749615, -0.023331, , , , , , , 23.9749615, -0.0303807, , , , , , , 23.9749615, 0.0095674, , , , , , , , , , , , , , , , , , , , , , , , , , , , 
23.9754808, -0.0345769, , , , , , , 23.9754808, -0.0015106, , , , , , , 23.9754808, -0.0350805, , , , , , , 23.9754808, 0.0115816, , , , , , , , , , , , , , , , , , , , , , , , , , , , 
23.976, -0.043473, , , , , , , 23.976, 0.0439765, , , , , , , 23.976, -0.0417945, , , , , , , 23.976, 0.0169528, , , , , , , , , , , , , , , , , , , , , , , , , , , , 
23.9765192, -0.0572366, , , , , , , 23.9765192, 0.0683146, , , , , , , 23.9765192, -0.0552224, , , , , , , 23.9765192, 0.0209812, , , , , , , , , , , , , , , , , , , , , , , , , , , , 
23.9770385, -0.0699931, , , , , , , 23.9770385, 0.0508583, , , , , , , 23.9770385, -0.0720073, , , , , , , 23.9770385, 0.0263523, , , , , , , , , , , , , , , , , , , , , , , , , , , , 
23.9775577, -0.0783856, , , , , , , 23.9775577, 0.0181277, , , , , , , 23.9775577, -0.0780499, , , , , , , 23.9775577, 0.0303807, , , , , , , , , , , , , , , , , , , , , , , , , , , , 
23.9780769, -0.0755322, , , , , , , 23.9780769, 0.008896, , , , , , , 23.9780769, -0.0686503, , , , , , , 23.9780769, 0.0330663, , , , , , , , , , , , , , , , , , , , , , , , , , , , 
23.9785962, -0.0599222, , , , , , , 23.9785962, 0.0347448, , , , , , , 23.9785962, -0.0532082, , , , , , , 23.9785962, 0.0330663, , , , , , , , , , , , , , , , , , , , , , , , , , , , 
23.9791154, -0.0404517, , , , , , , 23.9791154, 0.0830854, , , , , , , 23.9791154, -0.0428016, , , , , , , 23.9791154, 0.0297093, , , , , , , , , , , , , , , , , , , , , , , , , , , , 
23.9796346, -0.023331, , , , , , , 23.9796346, 0.1126268, , , , , , , 23.9796346, -0.0463264, , , , , , , 23.9796346, 0.0253452, , , , , , , , , , , , , , , , , , , , , , , , , , , , 
23.9801538, -0.0119173, , , , , , , 23.9801538, 0.1085985, , , , , , , 23.9801538, -0.06009, , , , , , , 23.9801538, 0.0196384, , , , , , , , , , , , , , , , , , , , , , , , , , , , 
23.9806731, -0.0057069, , , , , , , 23.9806731, 0.0814069, , , , , , , 23.9806731, -0.0733501, , , , , , , 23.9806731, 0.0139315, , , , , , , , , , , , , , , , , , , , , , , , , , , , 
23.9811923, -0.0028534, , , , , , , 23.9811923, 0.0391089, , , , , , , 23.9811923, -0.0822461, , , , , , , 23.9811923, 0.0132601, , , , , , , , , , , , , , , , , , , , , , , , , , , , 
23.9817115, 0.0005035, , , , , , , 23.9817115, -0.0035248, , , , , , , 23.9817115, -0.0871138, , , , , , , 23.9817115, 0.01561, , , , , , , , , , , , , , , , , , , , , , , , , , , , 
23.9822308, 0.0072175, , , , , , , 23.9822308, -0.0290379, , , , , , , 23.9822308, -0.0861067, , , , , , , 23.9822308, 0.0146029, , , , , , , , , , , , , , , , , , , , , , , , , , , , 
23.98275, 0.0159457, , , , , , , 23.98275, -0.0251774, , , , , , , 23.98275, -0.0810712, , , , , , , 23.98275, 0.0119173, , , , , , , , , , , , , , , , , , , , , , , , , , , , 
23.9832692, 0.0186313, , , , , , , 23.9832692, -0.0223239, , , , , , , 23.9832692, -0.0736858, , , , , , , 23.9832692, 0.0139315, , , , , , , , , , , , , , , , , , , , , , , , , , , , 
23.9837885, 0.0166171, , , , , , , 23.9837885, -0.0290379, , , , , , , 23.9837885, -0.0639506, , , , , , , 23.9837885, 0.0226596, , , , , , , , , , , , , , , , , , , , , , , , , , , , 
23.9843077, 0.0139315, , , , , , , 23.9843077, -0.0320592, , , , , , , 23.9843077, -0.054551, , , , , , , 23.9843077, 0.0302129, , , , , , , , , , , , , , , , , , , , , , , , , , , , 
23.9848269, 0.0146029, , , , , , , 23.9848269, -0.0337377, , , , , , , 23.9848269, -0.0458228, , , , , , , 23.9848269, 0.0357519, , , , , , , , , , , , , , , , , , , , , , , , , , , , 
23.9853462, 0.01561, , , , , , , 23.9853462, -0.0466621, , , , , , , 23.9853462, -0.0377661, , , , , , , 23.9853462, 0.0387732, , , , , , , , , , , , , , , , , , , , , , , , , , , , 
23.9858654, 0.0151064, , , , , , , 23.9858654, -0.0758679, , , , , , , 23.9858654, -0.0273594, , , , , , , 23.9858654, 0.0397803, , , , , , , , , , , , , , , , , , , , , , , , , , , , 
23.9863846, 0.0166171, , , , , , , 23.9863846, -0.096849, , , , , , , 23.9863846, -0.0149386, , , , , , , 23.9863846, 0.0384375, , , , , , , , , , , , , , , , , , , , , , , , , , , , 
23.9869038, 0.0213169, , , , , , , 23.9869038, -0.0881209, , , , , , , 23.9869038, -0.0005035, , , , , , , 23.9869038, 0.0370947, , , , , , , , , , , , , , , , , , , , , , , , , , , , 
23.9874231, 0.0283665, , , , , , , 23.9874231, -0.072343, , , , , , , 23.9874231, 0.0137636, , , , , , , 23.9874231, 0.0354162, , , , , , , , , , , , , , , , , , , , , , , , , , , , 
23.9879423, 0.0382696, , , , , , , 23.9879423, -0.0810712, , , , , , , 23.9879423, 0.0246738, , , , , , , 23.9879423, 0.0318914, , , , , , , , , , , , , , , , , , , , , , , , , , , , 
23.9884615, 0.0565652, , , , , , , 23.9884615, -0.1055772, , , , , , , 23.9884615, 0.0328985, , , , , , , 23.9884615, 0.0248417, , , , , , , , , , , , , , , , , , , , , , , , , , , , 
23.9889808, 0.0746929, , , , , , , 23.9889808, -0.1008774, , , , , , , 23.9889808, 0.0386053, , , , , , , 23.9889808, 0.0172885, , , , , , , , , , , , , , , , , , , , , , , , , , , , 
23.9895, 0.0850996, , , , , , , 23.9895, -0.0466621, , , , , , , 23.9895, 0.0431373, , , , , , , 23.9895, 0.0085603, , , , , , , , , , , , , , , , , , , , , , , , , , , , 
23.9900192, 0.0871138, , , , , , , 23.9900192, 0.0317235, , , , , , , 23.9900192, 0.0428016, , , , , , , 23.9900192, -0.0008392, , , , , , , , , , , , , , , , , , , , , , , , , , , , 
23.9905385, 0.082414, , , , , , , 23.9905385, 0.0819104, , , , , , , 23.9905385, 0.0412909, , , , , , , 23.9905385, -0.0097353, , , , , , , , , , , , , , , , , , , , , , , , , , , , 
23.9910577, 0.0757, , , , , , , 23.9910577, 0.0871138, , , , , , , 23.9910577, 0.0387732, , , , , , , 23.9910577, -0.0129244, , , , , , , , , , , , , , , , , , , , , , , , , , , , 
23.9915769, 0.0750286, , , , , , , 23.9915769, 0.0558938, , , , , , , 23.9915769, 0.0360876, , , , , , , 23.9915769, -0.0124208, , , , , , , , , , , , , , , , , , , , , , , , , , , , 
23.9920962, 0.0652934, , , , , , , 23.9920962, 0.0090639, , , , , , , 23.9920962, 0.0317235, , , , , , , 23.9920962, -0.008896, , , , , , , , , , , , , , , , , , , , , , , , , , , , 
23.9926154, 0.0488441, , , , , , , 23.9926154, -0.026688, , , , , , , 23.9926154, 0.0293736, , , , , , , 23.9926154, -0.002182, , , , , , , , , , , , , , , , , , , , , , , , , , , , 
23.9931346, 0.0374304, , , , , , , 23.9931346, -0.0387732, , , , , , , 23.9931346, 0.0273594, , , , , , , 23.9931346, 0.0031891, , , , , , , , , , , , , , , , , , , , , , , , , , , , 
23.9936538, 0.0243381, , , , , , , 23.9936538, -0.0344091, , , , , , , 23.9936538, 0.023331, , , , , , , 23.9936538, 0.0035248, , , , , , , , , , , , , , , , , , , , , , , , , , , , 
23.9941731, 0.0072175, , , , , , , 23.9941731, -0.0142672, , , , , , , 23.9941731, 0.0186313, , , , , , , 23.9941731, 0.0035248, , , , , , , , , , , , , , , , , , , , , , , , , , , , 
23.9946923, -0.012253, , , , , , , 23.9946923, 0.0028534, , , , , , , 23.9946923, 0.0117494, , , , , , , 23.9946923, 0.0063783, , , , , , , , , , , , , , , , , , , , , , , , , , , , 
23.9952115, -0.030045, , , , , , , 23.9952115, -0.012253, , , , , , , 23.9952115, 0.005539, , , , , , , 23.9952115, 0.0119173, , , , , , , , , , , , , , , , , , , , , , , , , , , , 
23.9957308, -0.0426337, , , , , , , 23.9957308, -0.057908, , , , , , , 23.9957308, 0.0031891, , , , , , , 23.9957308, 0.0176242, , , , , , , , , , , , , , , , , , , , , , , , , , , , 
23.99625, -0.0532082, , , , , , , 23.99625, -0.0928206, , , , , , , 23.99625, 0.0008392, , , , , , , 23.99625, 0.0219883, , , , , , , , , , , , , , , , , , , , , , , , , , , , 
23.9967692, -0.0580758, , , , , , , 23.9967692, -0.0854353, , , , , , , 23.9967692, -0.0018463, , , , , , , 23.9967692, 0.0263523, , , , , , , , , , , , , , , , , , , , , , , , , , , , 
23.9972885, -0.0562295, , , , , , , 23.9972885, -0.0585794, , , , , , , 23.9972885, -0.0023499, , , , , , , 23.9972885, 0.0293736, , , , , , , , , , , , , , , , , , , , , , , , , , , , 
23.9978077, -0.0565652, , , , , , , 23.9978077, -0.0481727, , , , , , , 23.9978077, -0.002182, , , , , , , 23.9978077, 0.0270237, , , , , , , , , , , , , , , , , , , , , , , , , , , , 
23.9983269, -0.0495155, , , , , , , 23.9983269, -0.0379339, , , , , , , 23.9983269, -0.0041962, , , , , , , 23.9983269, 0.0219883, , , , , , , , , , , , , , , , , , , , , , , , , , , , 
23.9988462, -0.0330663, , , , , , , 23.9988462, 0.0045319, , , , , , , 23.9988462, -0.0072175, , , , , , , 23.9988462, 0.0166171, , , , , , , , , , , , , , , , , , , , , , , , , , , , 
23.9993654, -0.0196384, , , , , , , 23.9993654, 0.0589151, , , , , , , 23.9993654, -0.0052033, , , , , , , 23.9993654, 0.0132601, , , , , , , , , , , , , , , , , , , , , , , , , , , , 
23.9998846, -0.0099031, , , , , , , 23.9998846, 0.0814069, , , , , , , 23.9998846, 0.0001678, , , , , , , 23.9998846, 0.0125887, , , , , , , , , , , , , , , , , , , , , , , , , , , , 
24.0004038, -0.0011749, , , , , , , 24.0004038, 0.0585794, , , , , , , 24.0004038, 0.002182, , , , , , , 24.0004038, 0.0139315, , , , , , , , , , , , , , , , , , , , , , , , , , , , 
24.0009231, 0.0082246, , , , , , , 24.0009231, 0.0132601, , , , , , , 24.0009231, 0.0038605, , , , , , , 24.0009231, 0.0186313, , , , , , , , , , , , , , , , , , , , , , , , , , , , 
24.0014423, 0.021149, , , , , , , 24.0014423, -0.030045, , , , , , , 24.0014423, 0.0105745, , , , , , , 24.0014423, 0.0246738, , , , , , , , , , , , , , , , , , , , , , , , , , , , 
24.0019615, 0.0273594, , , , , , , 24.0019615, -0.0572366, , , , , , , 24.0019615, 0.0216526, , , , , , , 24.0019615, 0.026688, , , , , , , , , , , , , , , , , , , , , , , , , , , , 
24.0024808, 0.0251774, , , , , , , 24.0024808, -0.0706645, , , , , , , 24.0024808, 0.0285344, , , , , , , 24.0024808, 0.0243381, , , , , , , , , , , , , , , , , , , , , , , , , , , , 
24.003, 0.018967, , , , , , , 24.003, -0.0844282, , , , , , , 24.003, 0.0287022, , , , , , , 24.003, 0.023331, , , , , , , , , , , , , , , , , , , , , , , , , , , , 
24.0035192, 0.0132601, , , , , , , 24.0035192, -0.1013809, , , , , , , 24.0035192, 0.0253452, , , , , , , 24.0035192, 0.0236667, , , , , , , , , , , , , , , , , , , , , , , , , , , , 
24.0040385, 0.0125887, , , , , , , 24.0040385, -0.1008774, , , , , , , 24.0040385, 0.0213169, , , , , , , 24.0040385, 0.0213169, , , , , , , , , , , , , , , , , , , , , , , , , , , , 
24.0045577, 0.0099031, , , , , , , 24.0045577, -0.0767071, , , , , , , 24.0045577, 0.0179599, , , , , , , 24.0045577, 0.0166171, , , , , , , , , , , , , , , , , , , , , , , , , , , , 
24.0050769, 0.0065461, , , , , , , 24.0050769, -0.0587472, , , , , , , 24.0050769, 0.0142672, , , , , , , 24.0050769, 0.012253, , , , , , , , , , , , , , , , , , , , , , , , , , , , 
24.0055962, 0.0072175, , , , , , , 24.0055962, -0.0569009, , , , , , , 24.0055962, 0.0058747, , , , , , , 24.0055962, 0.0105745, , , , , , , , , , , , , , , , , , , , , , , , , , , , 
24.0061154, 0.0075532, , , , , , , 24.0061154, -0.0515297, , , , , , , 24.0061154, -0.0048676, , , , , , , 24.0061154, 0.0102388, , , , , , , , , , , , , , , , , , , , , , , , , , , , 
24.0066346, 0.0075532, , , , , , , 24.0066346, -0.0297093, , , , , , , 24.0066346, -0.0182956, , , , , , , 24.0066346, 0.0072175, , , , , , , , , , , , , , , , , , , , , , , , , , , , 
24.0071538, 0.0078889, , , , , , , 24.0071538, 0.0065461, , , , , , , 24.0071538, -0.0290379, , , , , , , 24.0071538, 0.0018463, , , , , , , , , , , , , , , , , , , , , , , , , , , , 
24.0076731, 0.0181277, , , , , , , 24.0076731, 0.0409552, , , , , , , 24.0076731, -0.0290379, , , , , , , 24.0076731, -0.0048676, , , , , , , , , , , , , , , , , , , , , , , , , , , , 
24.0081923, 0.0424659, , , , , , , 24.0081923, 0.0649577, , , , , , , 24.0081923, -0.0223239, , , , , , , 24.0081923, -0.012253, , , , , , , , , , , , , , , , , , , , , , , , , , , , 
24.0087115, 0.0669718, , , , , , , 24.0087115, 0.0757, , , , , , , 24.0087115, -0.0172885, , , , , , , 24.0087115, -0.0159457, , , , , , , , , , , , , , , , , , , , , , , , , , , , 
24.0092308, 0.082414, , , , , , , 24.0092308, 0.0706645, , , , , , , 24.0092308, -0.0149386, , , , , , , 24.0092308, -0.0146029, , , , , , , , , , , , , , , , , , , , , , , , , , , , 
24.00975, 0.0891279, , , , , , , 24.00975, 0.0605936, , , , , , , 24.00975, -0.0139315, , , , , , , 24.00975, -0.0115816, , , , , , , , , , , , , , , , , , , , , , , , , , , , 
24.0102692, 0.0948348, , , , , , , 24.0102692, 0.0522011, , , , , , , 24.0102692, -0.0105745, , , , , , , 24.0102692, -0.0085603, , , , , , , , , , , , , , , , , , , , , , , , , , , , 
24.0107885, 0.0965133, , , , , , , 24.0107885, 0.0438087, , , , , , , 24.0107885, -0.0043641, , , , , , , 24.0107885, -0.0065461, , , , , , , , , , , , , , , , , , , , , , , , , , , , 
24.0113077, 0.0867781, , , , , , , 24.0113077, 0.0344091, , , , , , , 24.0113077, 0.0072175, , , , , , , 24.0113077, -0.0058747, , , , , , , , , , , , , , , , , , , , , , , , , , , , 
24.0118269, 0.0703288, , , , , , , 24.0118269, 0.0251774, , , , , , , 24.0118269, 0.0219883, , , , , , , 24.0118269, -0.0025177, , , , , , , , , , , , , , , , , , , , , , , , , , , , 
24.0123462, 0.0548867, , , , , , , 24.0123462, 0.0287022, , , , , , , 24.0123462, 0.0340734, , , , , , , 24.0123462, 0.0038605, , , , , , , , , , , , , , , , , , , , , , , , , , , , 
24.0128654, 0.0419623, , , , , , , 24.0128654, 0.0458228, , , , , , , 24.0128654, 0.036759, , , , , , , 24.0128654, 0.0095674, , , , , , , , , , , , , , , , , , , , , , , , , , , , 
24.0133846, 0.0320592, , , , , , , 24.0133846, 0.0501869, , , , , , , 24.0133846, 0.0280308, , , , , , , 24.0133846, 0.0115816, , , , , , , , , , , , , , , , , , , , , , , , , , , , 
24.0139038, 0.0193027, , , , , , , 24.0139038, 0.0302129, , , , , , , 24.0139038, 0.0152743, , , , , , , 24.0139038, 0.0112459, , , , , , , , , , , , , , , , , , , , , , , , , , , , 
24.0144231, 0.0008392, , , , , , , 24.0144231, 0.0105745, , , , , , , 24.0144231, 0.0045319, , , , , , , 24.0144231, 0.0135958, , , , , , , , , , , , , , , , , , , , , , , , , , , , 
24.0149423, -0.0182956, , , , , , , 24.0149423, 0.0065461, , , , , , , 24.0149423, -0.0001678, , , , , , , 24.0149423, 0.0196384, , , , , , , , , , , , , , , , , , , , , , , , , , , , 
24.0154615, -0.0357519, , , , , , , 24.0154615, 0.0085603, , , , , , , 24.0154615, 0.0031891, , , , , , , 24.0154615, 0.0258488, , , , , , , , , , , , , , , , , , , , , , , , , , , , 
24.0159808, -0.0488441, , , , , , , 24.0159808, 0.0082246, , , , , , , 24.0159808, 0.0107424, , , , , , , 24.0159808, 0.0297093, , , , , , , , , , , , , , , , , , , , , , , , , , , , 
24.0165, -0.0574044, , , , , , , 24.0165, 0.0065461, , , , , , , 24.0165, 0.0092317, , , , , , , 24.0165, 0.0307164, , , , , , , , , , , , , , , , , , , , , , , , , , , , 
24.0170192, -0.0673075, , , , , , , 24.0170192, 0.0057069, , , , , , , 24.0170192, -0.0087282, , , , , , , 24.0170192, 0.0297093, , , , , , , , , , , , , , , , , , , , , , , , , , , , 
24.0175385, -0.0740215, , , , , , , 24.0175385, 0.0045319, , , , , , , 24.0175385, -0.0372625, , , , , , , 24.0175385, 0.0290379, , , , , , , , , , , , , , , , , , , , , , , , , , , , 
24.0180577, -0.068986, , , , , , , 24.0180577, 0.0065461, , , , , , , 24.0180577, -0.0664683, , , , , , , 24.0180577, 0.0276951, , , , , , , , , , , , , , , , , , , , , , , , , , , , 
24.0185769, -0.0515297, , , , , , , 24.0185769, 0.0078889, , , , , , , 24.0185769, -0.0849317, , , , , , , 24.0185769, 0.0253452, , , , , , , , , , , , , , , , , , , , , , , , , , , , 
24.0190962, -0.0317235, , , , , , , 24.0190962, 0.005539, , , , , , , 24.0190962, -0.0924849, , , , , , , 24.0190962, 0.023331, , , , , , , , , , , , , , , , , , , , , , , , , , , , 
24.0196154, 0.0209812, , , , , , , 24.0196154, 0.003357, , , , , , , 24.0196154, -0.0991989, , , , , , , 24.0196154, 0.0193027, , , , , , , , , , , , , , , , , , , , , , , , , , , , 
24.0201346, 0.2401923, , , , , , , 24.0201346, 0.0048676, , , , , , , 24.0201346, -0.1106126, , , , , , , 24.0201346, 0.0172885, , , , , , , , , , , , , , , , , , , , , , , , , , , , 
24.0206538, 0.3509728, , , , , , , 24.0206538, 0.0068818, , , , , , , 24.0206538, -0.1237049, , , , , , , 24.0206538, 0.0182956, , , , , , , , , , , , , , , , , , , , , , , , , , , , 
24.0211731, 0.2096437, , , , , , , 24.0211731, 0.0015106, , , , , , , 24.0211731, -0.1361257, , , , , , , 24.0211731, 0.0253452, , , , , , , , , , , , , , , , , , , , , , , , , , , , 
24.0216923, 0.0553902, , , , , , , 24.0216923, -0.0082246, , , , , , , 24.0216923, -0.1426719, , , , , , , 24.0216923, 0.0330663, , , , , , , , , , , , , , , , , , , , , , , , , , , , 
24.0222115, 0.0726787, , , , , , , 24.0222115, -0.0135958, , , , , , , 24.0222115, -0.1371328, , , , , , , 24.0222115, 0.0360876, , , , , , , , , , , , , , , , , , , , , , , , , , , , 
24.0227308, 0.1240406, , , , , , , 24.0227308, -0.0135958, , , , , , , 24.0227308, -0.1203479, , , , , , , 24.0227308, 0.0344091, , , , , , , , , , , , , , , , , , , , , , , , , , , , 
24.02325, 0.0522011, , , , , , , 24.02325, -0.0115816, , , , , , , 24.02325, -0.1022202, , , , , , , 24.02325, 0.0290379, , , , , , , , , , , , , , , , , , , , , , , , , , , , 
24.0237692, -0.051194, , , , , , , 24.0237692, -0.0085603, , , , , , , 24.0237692, -0.0887922, , , , , , , 24.0237692, 0.0236667, , , , , , , , , , , , , , , , , , , , , , , , , , , , 
24.0242885, -0.0441444, , , , , , , 24.0242885, -0.0065461, , , , , , , 24.0242885, -0.0750286, , , , , , , 24.0242885, 0.0199741, , , , , , , , , , , , , , , , , , , , , , , , , , , , 
24.0248077, 0.033402, , , , , , , 24.0248077, -0.0062104, , , , , , , 24.0248077, -0.0609293, , , , , , , 24.0248077, 0.0169528, , , , , , , , , , , , , , , , , , , , , , , , , , , , 
24.0253269, 0.0411231, , , , , , , 24.0253269, -0.0078889, , , , , , , 24.0253269, -0.0498512, , , , , , , 24.0253269, 0.0151064, , , , , , , , , , , , , , , , , , , , , , , , , , , , 
24.0258462, -0.0339055, , , , , , , 24.0258462, -0.0075532, , , , , , , 24.0258462, -0.0424659, , , , , , , 24.0258462, 0.0139315, , , , , , , , , , , , , , , , , , , , , , , , , , , , 
24.0263654, -0.0757, , , , , , , 24.0263654, -0.002182, , , , , , , 24.0263654, -0.0391089, , , , , , , 24.0263654, 0.0112459, , , , , , , , , , , , , , , , , , , , , , , , , , , , 
24.0268846, -0.0399481, , , , , , , 24.0268846, 0.0099031, , , , , , , 24.0268846, -0.0379339, , , , , , , 24.0268846, 0.0078889, , , , , , , , , , , , , , , , , , , , , , , , , , , , 
24.0274038, -0.0016785, , , , , , , 24.0274038, 0.0238346, , , , , , , 24.0274038, -0.0391089, , , , , , , 24.0274038, 0.0050355, , , , , , , , , , , , , , , , , , , , , , , , , , , , 
24.0279231, -0.0102388, , , , , , , 24.0279231, 0.0240024, , , , , , , 24.0279231, -0.0406195, , , , , , , 24.0279231, -0.0001678, , , , , , , , , , , , , , , , , , , , , , , , , , , , 
24.0284423, -0.0287022, , , , , , , 24.0284423, 0.0221561, , , , , , , 24.0284423, -0.0360876, , , , , , , 24.0284423, -0.0057069, , , , , , , , , , , , , , , , , , , , , , , , , , , , 
24.0289615, -0.0135958, , , , , , , 24.0289615, 0.0253452, , , , , , , 24.0289615, -0.0209812, , , , , , , 24.0289615, -0.0095674, , , , , , , , , , , , , , , , , , , , , , , , , , , , 
24.0294808, 0.0246738, , , , , , , 24.0294808, 0.0226596, , , , , , , 24.0294808, 0.0025177, , , , , , , 24.0294808, -0.0112459, , , , , , , , , , , , , , , , , , , , , , , , , , , , 
24.03, 0.0458228, , , , , , , 24.03, 0.012253, , , , , , , 24.03, 0.0240024, , , , , , , 24.03, -0.012253, , , , , , , , , , , , , , , , , , , , , , , , , , , , 
24.0305192, 0.0359197, , , , , , , 24.0305192, 0.0003357, , , , , , , 24.0305192, 0.0414588, , , , , , , 24.0305192, -0.012253, , , , , , , , , , , , , , , , , , , , , , , , , , , , 
24.0310385, 0.0179599, , , , , , , 24.0310385, -0.0041962, , , , , , , 24.0310385, 0.0572366, , , , , , , 24.0310385, -0.0119173, , , , , , , , , , , , , , , , , , , , , , , , , , , , 
24.0315577, 0.0142672, , , , , , , 24.0315577, 0.0142672, , , , , , , 24.0315577, 0.0708324, , , , , , , 24.0315577, -0.011078, , , , , , , , , , , , , , , , , , , , , , , , , , , , 
24.0320769, 0.01561, , , , , , , 24.0320769, 0.0350805, , , , , , , 24.0320769, 0.0803998, , , , , , , 24.0320769, -0.0092317, , , , , , , , , , , , , , , , , , , , , , , , , , , , 
24.0325962, 0.005539, , , , , , , 24.0325962, 0.030045, , , , , , , 24.0325962, 0.0871138, , , , , , , 24.0325962, -0.0058747, , , , , , , , , , , , , , , , , , , , , , , , , , , , 
24.0331154, -0.012253, , , , , , , 24.0331154, 0.0092317, , , , , , , 24.0331154, 0.0955062, , , , , , , 24.0331154, -0.0052033, , , , , , , , , , , , , , , , , , , , , , , , , , , , 
24.0336346, -0.0263523, , , , , , , 24.0336346, 0.0028534, , , , , , , 24.0336346, 0.1028916, , , , , , , 24.0336346, -0.0035248, , , , , , , , , , , , , , , , , , , , , , , , , , , , 
24.0341538, -0.0377661, , , , , , , 24.0341538, 0.0198062, , , , , , , 24.0341538, 0.1052415, , , , , , , 24.0341538, -0.0001678, , , , , , , , , , , , , , , , , , , , , , , , , , , , 
24.0346731, -0.0535439, , , , , , , 24.0346731, 0.0508583, , , , , , , 24.0346731, 0.0978561, , , , , , , 24.0346731, 0.0062104, , , , , , , , , , , , , , , , , , , , , , , , , , , , 
24.0351923, -0.0683146, , , , , , , 24.0351923, 0.0861067, , , , , , , 24.0351923, 0.082414, , , , , , , 24.0351923, 0.0132601, , , , , , , , , , , , , , , , , , , , , , , , , , , , 
24.0357115, -0.0783856, , , , , , , 24.0357115, 0.0903029, , , , , , , 24.0357115, 0.0622721, , , , , , , 24.0357115, 0.0172885, , , , , , , , , , , , , , , , , , , , , , , , , , , , 
24.0362308, -0.0871138, , , , , , , 24.0362308, 0.0555581, , , , , , , 24.0362308, 0.0421302, , , , , , , 24.0362308, 0.018967, , , , , , , , , , , , , , , , , , , , , , , , , , , , 
24.03675, -0.0948348, , , , , , , 24.03675, 0.03122, , , , , , , 24.03675, 0.0251774, , , , , , , 24.03675, 0.0198062, , , , , , , , , , , , , , , , , , , , , , , , , , , , 
24.0372692, -0.0981918, , , , , , , 24.0372692, 0.0287022, , , , , , , 24.0372692, 0.0129244, , , , , , , 24.0372692, 0.0221561, , , , , , , , , , , , , , , , , , , , , , , , , , , , 
24.0377885, -0.0921492, , , , , , , 24.0377885, -0.002182, , , , , , , 24.0377885, 0.0045319, , , , , , , 24.0377885, 0.0226596, , , , , , , , , , , , , , , , , , , , , , , , , , , , 
24.0383077, -0.0763714, , , , , , , 24.0383077, -0.0716716, , , , , , , 24.0383077, -0.0068818, , , , , , , 24.0383077, 0.0206455, , , , , , , , , , , , , , , , , , , , , , , , , , , , 
24.0388269, -0.047837, , , , , , , 24.0388269, -0.1364614, , , , , , , 24.0388269, -0.0179599, , , , , , , 24.0388269, 0.0186313, , , , , , , , , , , , , , , , , , , , , , , , , , , , 
24.0393462, -0.0219883, , , , , , , 24.0393462, -0.1660029, , , , , , , 24.0393462, -0.0229953, , , , , , , 24.0393462, 0.0199741, , , , , , , , , , , , , , , , , , , , , , , , , , , , 
24.0398654, -0.0072175, , , , , , , 24.0398654, -0.1720455, , , , , , , 24.0398654, -0.0209812, , , , , , , 24.0398654, 0.0229953, , , , , , , , , , , , , , , , , , , , , , , , , , , , 
24.0403846, -0.002182, , , , , , , 24.0403846, -0.1757382, , , , , , , 24.0403846, -0.0146029, , , , , , , 24.0403846, 0.0287022, , , , , , , , , , , , , , , , , , , , , , , , , , , , 
24.0409038, 0.0008392, , , , , , , 24.0409038, -0.1888304, , , , , , , 24.0409038, -0.0077211, , , , , , , 24.0409038, 0.0327306, , , , , , , , , , , , , , , , , , , , , , , , , , , , 
24.0414231, 0.0078889, , , , , , , 24.0414231, -0.1955444, , , , , , , 24.0414231, -0.0035248, , , , , , , 24.0414231, 0.0317235, , , , , , , , , , , , , , , , , , , , , , , , , , , , 
24.0419423, 0.0130922, , , , , , , 24.0419423, -0.1831235, , , , , , , 24.0419423, -0.0041962, , , , , , , 24.0419423, 0.0276951, , , , , , , , , , , , , , , , , , , , , , , , , , , , 
24.0424615, 0.0135958, , , , , , , 24.0424615, -0.1566033, , , , , , , 24.0424615, -0.0078889, , , , , , , 24.0424615, 0.0243381, , , , , , , , , , , , , , , , , , , , , , , , , , , , 
24.0429808, 0.0112459, , , , , , , 24.0429808, -0.1354543, , , , , , , 24.0429808, -0.0075532, , , , , , , 24.0429808, 0.0219883, , , , , , , , , , , , , , , , , , , , , , , , , , , , 
24.0435, 0.0104067, , , , , , , 24.0435, -0.1320974, , , , , , , 24.0435, -0.0018463, , , , , , , 24.0435, 0.0193027, , , , , , , , , , , , , , , , , , , , , , , , , , , , 
24.0440192, 0.0112459, , , , , , , 24.0440192, -0.1206836, , , , , , , 24.0440192, 0.0052033, , , , , , , 24.0440192, 0.0164492, , , , , , , , , , , , , , , , , , , , , , , , , , , , 
24.0445385, 0.0077211, , , , , , , 24.0445385, -0.0788891, , , , , , , 24.0445385, 0.0099031, , , , , , , 24.0445385, 0.0166171, , , , , , , , , , , , , , , , , , , , , , , , , , , , 
24.0450577, 0.0035248, , , , , , , 24.0450577, -0.0256809, , , , , , , 24.0450577, 0.012253, , , , , , , 24.0450577, 0.018967, , , , , , , , , , , , , , , , , , , , , , , , , , , , 
24.0455769, 0.0011749, , , , , , , 24.0455769, 0.0072175, , , , , , , 24.0455769, 0.0169528, , , , , , , 24.0455769, 0.0184634, , , , , , , , , , , , , , , , , , , , , , , , , , , , 
24.0460962, 0.0058747, , , , , , , 24.0460962, 0.0132601, , , , , , , 24.0460962, 0.0236667, , , , , , , 24.0460962, 0.0172885, , , , , , , , , , , , , , , , , , , , , , , , , , , , 
24.0466154, 0.0196384, , , , , , , 24.0466154, 0.0085603, , , , , , , 24.0466154, 0.0307164, , , , , , , 24.0466154, 0.0152743, , , , , , , , , , , , , , , , , , , , , , , , , , , , 
24.0471346, 0.0287022, , , , , , , 24.0471346, 0.0132601, , , , , , , 24.0471346, 0.0387732, , , , , , , 24.0471346, 0.0149386, , , , , , , , , , , , , , , , , , , , , , , , , , , , 
24.0476538, 0.0381018, , , , , , , 24.0476538, 0.0287022, , , , , , , 24.0476538, 0.0471656, , , , , , , 24.0476538, 0.0139315, , , , , , , , , , , , , , , , , , , , , , , , , , , , 
24.0481731, 0.0575723, , , , , , , 24.0481731, 0.0223239, , , , , , , 24.0481731, 0.0609293, , , , , , , 24.0481731, 0.0112459, , , , , , , , , , , , , , , , , , , , , , , , , , , , 
24.0486923, 0.079057, , , , , , , 24.0486923, -0.0125887, , , , , , , 24.0486923, 0.0770428, , , , , , , 24.0486923, 0.0102388, , , , , , , , , , , , , , , , , , , , , , , , , , , , 
24.0492115, 0.0921492, , , , , , , 24.0492115, -0.0438087, , , , , , , 24.0492115, 0.0877852, , , , , , , 24.0492115, 0.0119173, , , , , , , , , , , , , , , , , , , , , , , , , , , , 
24.0497308, 0.0965133, , , , , , , 24.0497308, -0.0485084, , , , , , , 24.0497308, 0.0911421, , , , , , , 24.0497308, 0.0104067, , , , , , , , , , , , , , , , , , , , , , , , , , , , 
24.05025, 0.0998703, , , , , , , 24.05025, -0.03122, , , , , , , 24.05025, 0.0861067, , , , , , , 24.05025, 0.0041962, , , , , , , , , , , , , , , , , , , , , , , , , , , , 
24.0507692, 0.1018845, , , , , , , 24.0507692, -0.0162814, , , , , , , 24.0507692, 0.0720073, , , , , , , 24.0507692, 0.0005035, , , , , , , , , , , , , , , , , , , , , , , , , , , , 
24.0512885, 0.1008774, , , , , , , 24.0512885, -0.0115816, , , , , , , 24.0512885, 0.0488441, , , , , , , 24.0512885, 0.0011749, , , , , , , , , , , , , , , , , , , , , , , , , , , , 
24.0518077, 0.085771, , , , , , , 24.0518077, -0.0005035, , , , , , , 24.0518077, 0.0139315, , , , , , , 24.0518077, 0.0011749, , , , , , , , , , , , , , , , , , , , , , , , , , , , 
24.0523269, 0.0642863, , , , , , , 24.0523269, 0.0246738, , , , , , , 24.0523269, -0.0261845, , , , , , , 24.0523269, -0.0008392, , , , , , , , , , , , , , , , , , , , , , , , , , , , 
24.0528462, 0.0468299, , , , , , , 24.0528462, 0.0589151, , , , , , , 24.0528462, -0.06009, , , , , , , 24.0528462, -0.0015106, , , , , , , , , , , , , , , , , , , , , , , , , , , , 
24.0533654, 0.0364233, , , , , , , 24.0533654, 0.0864424, , , , , , , 24.0533654, -0.0814069, , , , , , , 24.0533654, -0.0008392, , , , , , , , , , , , , , , , , , , , , , , , , , , , 
24.0538846, 0.0273594, , , , , , , 24.0538846, 0.0911421, , , , , , , 24.0538846, -0.0936599, , , , , , , 24.0538846, 0.0008392, , , , , , , , , , , , , , , , , , , , , , , , , , , , 
24.0544038, 0.0125887, , , , , , , 24.0544038, 0.0777142, , , , , , , 24.0544038, -0.1008774, , , , , , , 24.0544038, 0.0065461, , , , , , , , , , , , , , , , , , , , , , , , , , , , 
24.0549231, -0.0028534, , , , , , , 24.0549231, 0.0491798, , , , , , , 24.0549231, -0.1028916, , , , , , , 24.0549231, 0.0115816, , , , , , , , , , , , , , , , , , , , , , , , , , , , 
24.0554423, -0.0203098, , , , , , , 24.0554423, 0.0172885, , , , , , , 24.0554423, -0.1054093, , , , , , , 24.0554423, 0.0129244, , , , , , , , , , , , , , , , , , , , , , , , , , , , 
24.0559615, -0.0340734, , , , , , , 24.0559615, 0.0015106, , , , , , , 24.0559615, -0.1075914, , , , , , , 24.0559615, 0.0176242, , , , , , , , , , , , , , , , , , , , , , , , , , , , 
24.0564808, -0.0421302, , , , , , , 24.0564808, 0.0095674, , , , , , , 24.0564808, -0.103563, , , , , , , 24.0564808, 0.0231632, , , , , , , , , , , , , , , , , , , , , , , , , , , , 
24.057, -0.0535439, , , , , , , 24.057, 0.0332341, , , , , , , 24.057, -0.0941634, , , , , , , 24.057, 0.026688, , , , , , , , , , , , , , , , , , , , , , , , , , , , 
24.0575192, -0.0629435, , , , , , , 24.0575192, 0.0585794, , , , , , , 24.0575192, -0.0820783, , , , , , , 24.0575192, 0.0276951, , , , , , , , , , , , , , , , , , , , , , , , , , , , 
24.0580385, -0.054551, , , , , , , 24.0580385, 0.0730144, , , , , , , 24.0580385, -0.0669718, , , , , , , 24.0580385, 0.0240024, , , , , , , , , , , , , , , , , , , , , , , , , , , , 
24.0585577, -0.0364233, , , , , , , 24.0585577, 0.0683146, , , , , , , 24.0585577, -0.0503548, , , , , , , 24.0585577, 0.0186313, , , , , , , , , , , , , , , , , , , , , , , , , , , , 
24.0590769, -0.0263523, , , , , , , 24.0590769, 0.0424659, , , , , , , 24.0590769, -0.0354162, , , , , , , 24.0590769, 0.0152743, , , , , , , , , , , , , , , , , , , , , , , , , , , , 
24.0595962, -0.0186313, , , , , , , 24.0595962, 0.0119173, , , , , , , 24.0595962, -0.027863, , , , , , , 24.0595962, 0.0142672, , , , , , , , , , , , , , , , , , , , , , , , , , , , 
24.0601154, -0.0109102, , , , , , , 24.0601154, -0.0172885, , , , , , , 24.0601154, -0.0229953, , , , , , , 24.0601154, 0.0164492, , , , , , , , , , , , , , , , , , , , , , , , , , , , 
24.0606346, -0.0063783, , , , , , , 24.0606346, -0.0518654, , , , , , , 24.0606346, -0.0112459, , , , , , , 24.0606346, 0.0179599, , , , , , , , , , , , , , , , , , , , , , , , , , , , 
24.0611538, 0.0016785, , , , , , , 24.0611538, -0.0800641, , , , , , , 24.0611538, 0.0025177, , , , , , , 24.0611538, 0.0198062, , , , , , , , , , , , , , , , , , , , , , , , , , , , 
24.0616731, 0.0129244, , , , , , , 24.0616731, -0.0740215, , , , , , , 24.0616731, 0.0082246, , , , , , , 24.0616731, 0.0246738, , , , , , , , , , , , , , , , , , , , , , , , , , , , 
24.0621923, 0.0213169, , , , , , , 24.0621923, -0.0273594, , , , , , , 24.0621923, 0.0028534, , , , , , , 24.0621923, 0.0280308, , , , , , , , , , , , , , , , , , , , , , , , , , , , 
24.0627115, 0.0240024, , , , , , , 24.0627115, 0.0179599, , , , , , , 24.0627115, -0.0057069, , , , , , , 24.0627115, 0.0260166, , , , , , , , , , , , , , , , , , , , , , , , , , , , 
24.0632308, 0.023331, , , , , , , 24.0632308, 0.0339055, , , , , , , 24.0632308, -0.0135958, , , , , , , 24.0632308, 0.0203098, , , , , , , , , , , , , , , , , , , , , , , , , , , , 
24.06375, 0.0231632, , , , , , , 24.06375, 0.033402, , , , , , , 24.06375, -0.0203098, , , , , , , 24.06375, 0.0176242, , , , , , , , , , , , , , , , , , , , , , , , , , , , 
24.0642692, 0.0243381, , , , , , , 24.0642692, 0.0397803, , , , , , , 24.0642692, -0.0213169, , , , , , , 24.0642692, 0.0152743, , , , , , , , , , , , , , , , , , , , , , , , , , , , 
24.0647885, 0.0303807, , , , , , , 24.0647885, 0.0589151, , , , , , , 24.0647885, -0.0102388, , , , , , , 24.0647885, 0.0105745, , , , , , , , , , , , , , , , , , , , , , , , , , , , 
24.0653077, 0.0310521, , , , , , , 24.0653077, 0.0773785, , , , , , , 24.0653077, 0.0078889, , , , , , , 24.0653077, 0.0043641, , , , , , , , , , , , , , , , , , , , , , , , , , , , 
24.0658269, 0.0273594, , , , , , , 24.0658269, 0.0696574, , , , , , , 24.0658269, 0.0250095, , , , , , , 24.0658269, -0.0011749, , , , , , , , , , , , , , , , , , , , , , , , , , , , 
24.0663462, 0.0285344, , , , , , , 24.0663462, 0.0379339, , , , , , , 24.0663462, 0.0374304, , , , , , , 24.0663462, -0.0028534, , , , , , , , , , , , , , , , , , , , , , , , , , , , 
24.0668654, 0.0290379, , , , , , , 24.0668654, 0.0256809, , , , , , , 24.0668654, 0.0438087, , , , , , , 24.0668654, -0.0028534, , , , , , , , , , , , , , , , , , , , , , , , , , , , 
24.0673846, 0.0307164, , , , , , , 24.0673846, 0.0436408, , , , , , , 24.0673846, 0.0498512, , , , , , , 24.0673846, -0.0016785, , , , , , , , , , , , , , , , , , , , , , , , , , , , 
24.0679038, 0.0454871, , , , , , , 24.0679038, 0.0679789, , , , , , , 24.0679038, 0.0575723, , , , , , , 24.0679038, -0.0023499, , , , , , , , , , , , , , , , , , , , , , , , , , , , 
24.0684231, 0.0730144, , , , , , , 24.0684231, 0.0894636, , , , , , , 24.0684231, 0.0616007, , , , , , , 24.0684231, -0.0048676, , , , , , , , , , , , , , , , , , , , , , , , , , , , 
24.0689423, 0.0944991, , , , , , , 24.0689423, 0.1139696, , , , , , , 24.0689423, 0.0553902, , , , , , , 24.0689423, -0.0087282, , , , , , , , , , , , , , , , , , , , , , , , , , , , 
24.0694615, 0.1052415, , , , , , , 24.0694615, 0.1307546, , , , , , , 24.0694615, 0.0387732, , , , , , , 24.0694615, -0.0109102, , , , , , , , , , , , , , , , , , , , , , , , , , , , 
24.0699808, 0.1089342, , , , , , , 24.0699808, 0.1153124, , , , , , , 24.0699808, 0.0159457, , , , , , , 24.0699808, -0.012253, , , , , , , , , , , , , , , , , , , , , , , , , , , , 
24.0705, 0.103563, , , , , , , 24.0705, 0.0669718, , , , , , , 24.0705, -0.012253, , , , , , , 24.0705, -0.0119173, , , , , , , , , , , , , , , , , , , , , , , , , , , , 
24.0710192, 0.0911421, , , , , , , 24.0710192, 0.0036927, , , , , , , 24.0710192, -0.0411231, , , , , , , 24.0710192, -0.0115816, , , , , , , , , , , , , , , , , , , , , , , , , , , , 
24.0715385, 0.079057, , , , , , , 24.0715385, -0.0594186, , , , , , , 24.0715385, -0.0659648, , , , , , , 24.0715385, -0.0082246, , , , , , , , , , , , , , , , , , , , , , , , , , , , 
24.0720577, 0.0656291, , , , , , , 24.0720577, -0.1166552, , , , , , , 24.0720577, -0.0800641, , , , , , , 24.0720577, -0.0028534, , , , , , , , , , , , , , , , , , , , , , , , , , , , 
24.0725769, 0.0495155, , , , , , , 24.0725769, -0.1539178, , , , , , , 24.0725769, -0.0835889, , , , , , , 24.0725769, -0.0001678, , , , , , , , , , , , , , , , , , , , , , , , , , , , 
24.0730962, 0.0317235, , , , , , , 24.0730962, -0.1596246, , , , , , , 24.0730962, -0.0809033, , , , , , , 24.0730962, 0.0031891, , , , , , , , , , , , , , , , , , , , , , , , , , , , 
24.0736154, 0.0152743, , , , , , , 24.0736154, -0.1451896, , , , , , , 24.0736154, -0.0767071, , , , , , , 24.0736154, 0.0097353, , , , , , , , , , , , , , , , , , , , , , , , , , , , 
24.0741346, -0.0035248, , , , , , , 24.0741346, -0.1378042, , , , , , , 24.0741346, -0.068986, , , , , , , 24.0741346, 0.0169528, , , , , , , , , , , , , , , , , , , , , , , , , , , , 
24.0746538, -0.0236667, , , , , , , 24.0746538, -0.1384756, , , , , , , 24.0746538, -0.0599222, , , , , , , 24.0746538, 0.0258488, , , , , , , , , , , , , , , , , , , , , , , , , , , , 
24.0751731, -0.0428016, , , , , , , 24.0751731, -0.1237049, , , , , , , 24.0751731, -0.0515297, , , , , , , 24.0751731, 0.035584, , , , , , , , , , , , , , , , , , , , , , , , , , , , 
24.0756923, -0.0599222, , , , , , , 24.0756923, -0.0867781, , , , , , , 24.0756923, -0.0426337, , , , , , , 24.0756923, 0.0458228, , , , , , , , , , , , , , , , , , , , , , , , , , , , 
24.0762115, -0.0760357, , , , , , , 24.0762115, -0.0438087, , , , , , , 24.0762115, -0.0337377, , , , , , , 24.0762115, 0.0522011, , , , , , , , , , , , , , , , , , , , , , , , , , , , 
24.0767308, -0.0876173, , , , , , , 24.0767308, -0.008896, , , , , , , 24.0767308, -0.03122, , , , , , , 24.0767308, 0.0542153, , , , , , , , , , , , , , , , , , , , , , , , , , , , 
24.07725, -0.0997024, , , , , , , 24.07725, 0.0068818, , , , , , , 24.07725, -0.0273594, , , , , , , 24.07725, 0.0535439, , , , , , , , , , , , , , , , , , , , , , , , , , , , 
24.0777692, -0.103563, , , , , , , 24.0777692, 0.0003357, , , , , , , 24.0777692, -0.0146029, , , , , , , 24.0777692, 0.0518654, , , , , , , , , , , , , , , , , , , , , , , , , , , , 
24.0782885, -0.0896315, , , , , , , 24.0782885, -0.0216526, , , , , , , 24.0782885, -0.0015106, , , , , , , 24.0782885, 0.0454871, , , , , , , , , , , , , , , , , , , , , , , , , , , , 
24.0788077, -0.0710002, , , , , , , 24.0788077, -0.0384375, , , , , , , 24.0788077, 0.0038605, , , , , , , 24.0788077, 0.0340734, , , , , , , , , , , , , , , , , , , , , , , , , , , , 
24.0793269, -0.0589151, , , , , , , 24.0793269, -0.0357519, , , , , , , 24.0793269, 0.0065461, , , , , , , 24.0793269, 0.0226596, , , , , , , , , , , , , , , , , , , , , , , , , , , , 
24.0798462, -0.0508583, , , , , , , 24.0798462, -0.0109102, , , , , , , 24.0798462, 0.0162814, , , , , , , 24.0798462, 0.0179599, , , , , , , , , , , , , , , , , , , , , , , , , , , , 
24.0803654, -0.0384375, , , , , , , 24.0803654, 0.0234989, , , , , , , 24.0803654, 0.0265202, , , , , , , 24.0803654, 0.0142672, , , , , , , , , , , , , , , , , , , , , , , , , , , , 
24.0808846, -0.0250095, , , , , , , 24.0808846, 0.047837, , , , , , , 24.0808846, 0.0280308, , , , , , , 24.0808846, 0.0092317, , , , , , , , , , , , , , , , , , , , , , , , , , , , 
24.0814038, -0.0137636, , , , , , , 24.0814038, 0.0562295, , , , , , , 24.0814038, 0.0224918, , , , , , , 24.0814038, 0.0018463, , , , , , , , , , , , , , , , , , , , , , , , , , , , 
24.0819231, -0.0085603, , , , , , , 24.0819231, 0.0548867, , , , , , , 24.0819231, 0.023331, , , , , , , 24.0819231, -0.0018463, , , , , , , , , , , , , , , , , , , , , , , , , , , , 
24.0824423, -0.0025177, , , , , , , 24.0824423, 0.0458228, , , , , , , 24.0824423, 0.0293736, , , , , , , 24.0824423, -0.0031891, , , , , , , , , , , , , , , , , , , , , , , , , , , , 
24.0829615, 0.0099031, , , , , , , 24.0829615, 0.0298772, , , , , , , 24.0829615, 0.0323949, , , , , , , 24.0829615, -0.0028534, , , , , , , , , , , , , , , , , , , , , , , , , , , , 
24.0834808, 0.0186313, , , , , , , 24.0834808, 0.0229953, , , , , , , 24.0834808, 0.0359197, , , , , , , 24.0834808, -0.0016785, , , , , , , , , , , , , , , , , , , , , , , , , , , , 
24.084, 0.0196384, , , , , , , 24.084, 0.0382696, , , , , , , 24.084, 0.0392767, , , , , , , 24.084, -0.0018463, , , , , , , , , , , , , , , , , , , , , , , , , , , , 
24.0845192, 0.0250095, , , , , , , 24.0845192, 0.0528725, , , , , , , 24.0845192, 0.0381018, , , , , , , 24.0845192, -0.0030213, , , , , , , , , , , , , , , , , , , , , , , , , , , , 
24.0850385, 0.0364233, , , , , , , 24.0850385, 0.0458228, , , , , , , 24.0850385, 0.0327306, , , , , , , 24.0850385, -0.0043641, , , , , , , , , , , , , , , , , , , , , , , , , , , , 
24.0855577, 0.0446479, , , , , , , 24.0855577, 0.0273594, , , , , , , 24.0855577, 0.0224918, , , , , , , 24.0855577, -0.002182, , , , , , , , , , , , , , , , , , , , , , , , , , , , 
24.0860769, 0.0475013, , , , , , , 24.0860769, 0.0095674, , , , , , , 24.0860769, 0.0083925, , , , , , , 24.0860769, 0.0005035, , , , , , , , , , , , , , , , , , , , , , , , , , , , 
24.0865962, 0.0515297, , , , , , , 24.0865962, -0.0146029, , , , , , , 24.0865962, 0.0011749, , , , , , , 24.0865962, 0.0038605, , , , , , , , , , , , , , , , , , , , , , , , , , , , 
24.0871154, 0.0589151, , , , , , , 24.0871154, -0.0491798, , , , , , , 24.0871154, 0.0031891, , , , , , , 24.0871154, 0.0058747, , , , , , , , , , , , , , , , , , , , , , , , , , , , 
24.0876346, 0.0679789, , , , , , , 24.0876346, -0.0787213, , , , , , , 24.0876346, 0.0045319, , , , , , , 24.0876346, 0.0082246, , , , , , , , , , , , , , , , , , , , , , , , , , , , 
24.0881538, 0.0800641, , , , , , , 24.0881538, -0.0941634, , , , , , , 24.0881538, 0.0038605, , , , , , , 24.0881538, 0.0078889, , , , , , , , , , , , , , , , , , , , , , , , , , , , 
24.0886731, 0.0978561, , , , , , , 24.0886731, -0.0941634, , , , , , , 24.0886731, -0.0001678, , , , , , , 24.0886731, 0.0025177, , , , , , , , , , , , , , , , , , , , , , , , , , , , 
24.0891923, 0.1092699, , , , , , , 24.0891923, -0.0793927, , , , , , , 24.0891923, -0.0109102, , , , , , , 24.0891923, -0.005539, , , , , , , , , , , , , , , , , , , , , , , , , , , , 
24.0897115, 0.110277, , , , , , , 24.0897115, -0.0525368, , , , , , , 24.0897115, -0.0216526, , , , , , , 24.0897115, -0.0112459, , , , , , , , , , , , , , , , , , , , , , , , , , , , 
24.0902308, 0.1049058, , , , , , , 24.0902308, -0.0052033, , , , , , , 24.0902308, -0.0256809, , , , , , , 24.0902308, -0.0073854, , , , , , , , , , , , , , , , , , , , , , , , , , , , 
24.09075, 0.0988632, , , , , , , 24.09075, 0.0491798, , , , , , , 24.09075, -0.0256809, , , , , , , 24.09075, 0.0015106, , , , , , , , , , , , , , , , , , , , , , , , , , , , 
24.0912692, 0.0916457, , , , , , , 24.0912692, 0.0743572, , , , , , , 24.0912692, -0.0276951, , , , , , , 24.0912692, 0.0102388, , , , , , , , , , , , , , , , , , , , , , , , , , , , 
24.0917885, 0.0797284, , , , , , , 24.0917885, 0.0641184, , , , , , , 24.0917885, -0.0317235, , , , , , , 24.0917885, 0.0179599, , , , , , , , , , , , , , , , , , , , , , , , , , , , 
24.0923077, 0.0572366, , , , , , , 24.0923077, 0.0347448, , , , , , , 24.0923077, -0.0344091, , , , , , , 24.0923077, 0.0261845, , , , , , , , , , , , , , , , , , , , , , , , , , , , 
24.0928269, 0.0344091, , , , , , , 24.0928269, -0.0031891, , , , , , , 24.0928269, -0.0317235, , , , , , , 24.0928269, 0.030045, , , , , , , , , , , , , , , , , , , , , , , , , , , , 
24.0933462, 0.0172885, , , , , , , 24.0933462, -0.0347448, , , , , , , 24.0933462, -0.0204776, , , , , , , 24.0933462, 0.0285344, , , , , , , , , , , , , , , , , , , , , , , , , , , , 
24.0938654, 0.0045319, , , , , , , 24.0938654, -0.0515297, , , , , , , 24.0938654, 0.0035248, , , , , , , 24.0938654, 0.0263523, , , , , , , , , , , , , , , , , , , , , , , , , , , , 
24.0943846, -0.0085603, , , , , , , 24.0943846, -0.0505226, , , , , , , 24.0943846, 0.0303807, , , , , , , 24.0943846, 0.0293736, , , , , , , , , , , , , , , , , , , , , , , , , , , , 
24.0949038, -0.0260166, , , , , , , 24.0949038, -0.0360876, , , , , , , 24.0949038, 0.0451514, , , , , , , 24.0949038, 0.0330663, , , , , , , , , , , , , , , , , , , , , , , , , , , , 
24.0954231, -0.0491798, , , , , , , 24.0954231, -0.0250095, , , , , , , 24.0954231, 0.0506905, , , , , , , 24.0954231, 0.0318914, , , , , , , , , , , , , , , , , , , , , , , , , , , , 
24.0959423, -0.0703288, , , , , , , 24.0959423, -0.0399481, , , , , , , 24.0959423, 0.0542153, , , , , , , 24.0959423, 0.0332341, , , , , , , , , , , , , , , , , , , , , , , , , , , , 
24.0964615, -0.0874495, , , , , , , 24.0964615, -0.0649577, , , , , , , 24.0964615, 0.0553902, , , , , , , 24.0964615, 0.0372625, , , , , , , , , , , , , , , , , , , , , , , , , , , , 
24.0969808, -0.0983597, , , , , , , 24.0969808, -0.0726787, , , , , , , 24.0969808, 0.0515297, , , , , , , 24.0969808, 0.0397803, , , , , , , , , , , , , , , , , , , , , , , , , , , , 
24.0975, -0.1042344, , , , , , , 24.0975, -0.0663005, , , , , , , 24.0975, 0.0441444, , , , , , , 24.0975, 0.0421302, , , , , , , , , , , , , , , , , , , , , , , , , , , , 
24.0980192, -0.096849, , , , , , , 24.0980192, -0.051194, , , , , , , 24.0980192, 0.0293736, , , , , , , 24.0980192, 0.0417945, , , , , , , , , , , , , , , , , , , , , , , , , , , , 
24.0985385, -0.0733501, , , , , , , 24.0985385, -0.0206455, , , , , , , 24.0985385, 0.0031891, , , , , , , 24.0985385, 0.0340734, , , , , , , , , , , , , , , , , , , , , , , , , , , , 
24.0990577, -0.047837, , , , , , , 24.0990577, 0.0129244, , , , , , , 24.0990577, -0.0327306, , , , , , , 24.0990577, 0.023331, , , , , , , , , , , , , , , , , , , , , , , , , , , , 
24.0995769, -0.0303807, , , , , , , 24.0995769, 0.0307164, , , , , , , 24.0995769, -0.0656291, , , , , , , 24.0995769, 0.01561, , , , , , , , , , , , , , , , , , , , , , , , , , , , 
24.1000962, -0.01561, , , , , , , 24.1000962, 0.0475013, , , , , , , 24.1000962, -0.0914778, , , , , , , 24.1000962, 0.0092317, , , , , , , , , , , , , , , , , , , , , , , , , , , , 
24.1006154, -0.0041962, , , , , , , 24.1006154, 0.0629435, , , , , , , 24.1006154, -0.1104448, , , , , , , 24.1006154, 0.0011749, , , , , , , , , , , , , , , , , , , , , , , , , , , , 
24.1011346, 0.0031891, , , , , , , 24.1011346, 0.0454871, , , , , , , 24.1011346, -0.1223621, , , , , , , 24.1011346, -0.0048676, , , , , , , , , , , , , , , , , , , , , , , , , , , , 
24.1016538, 0.0102388, , , , , , , 24.1016538, 0.0052033, , , , , , , 24.1016538, -0.124712, , , , , , , 24.1016538, -0.0063783, , , , , , , , , , , , , , , , , , , , , , , , , , , , 
24.1021731, 0.0162814, , , , , , , 24.1021731, -0.0135958, , , , , , , 24.1021731, -0.1173266, , , , , , , 24.1021731, -0.0063783, , , , , , , , , , , , , , , , , , , , , , , , , , , , 
24.1026923, 0.0166171, , , , , , , 24.1026923, -0.0062104, , , , , , , 24.1026923, -0.1042344, , , , , , , 24.1026923, -0.0082246, , , , , , , , , , , , , , , , , , , , , , , , , , , , 
24.1032115, 0.0179599, , , , , , , 24.1032115, -0.0028534, , , , , , , 24.1032115, -0.0914778, , , , , , , 24.1032115, -0.0125887, , , , , , , , , , , , , , , , , , , , , , , , , , , , 
24.1037308, 0.0224918, , , , , , , 24.1037308, -0.0045319, , , , , , , 24.1037308, -0.0887922, , , , , , , 24.1037308, -0.0176242, , , , , , , , , , , , , , , , , , , , , , , , , , , , 
24.10425, 0.0209812, , , , , , , 24.10425, 0.012253, , , , , , , 24.10425, -0.0861067, , , , , , , 24.10425, -0.0182956, , , , , , , , , , , , , , , , , , , , , , , , , , , , 
24.1047692, 0.0169528, , , , , , , 24.1047692, 0.0438087, , , , , , , 24.1047692, -0.0755322, , , , , , , 24.1047692, -0.011078, , , , , , , , , , , , , , , , , , , , , , , , , , , , 
24.1052885, 0.0179599, , , , , , , 24.1052885, 0.06009, , , , , , , 24.1052885, -0.0632792, , , , , , , 24.1052885, -0.0010071, , , , , , , , , , , , , , , , , , , , , , , , , , , , 
24.1058077, 0.0213169, , , , , , , 24.1058077, 0.0656291, , , , , , , 24.1058077, -0.0542153, , , , , , , 24.1058077, 0.0058747, , , , , , , , , , , , , , , , , , , , , , , , , , , , 
24.1063269, 0.0253452, , , , , , , 24.1063269, 0.070161, , , , , , , 24.1063269, -0.0448157, , , , , , , 24.1063269, 0.0075532, , , , , , , , , , , , , , , , , , , , , , , , , , , , 
24.1068462, 0.0288701, , , , , , , 24.1068462, 0.04448, , , , , , , 24.1068462, -0.0337377, , , , , , , 24.1068462, 0.0087282, , , , , , , , , , , , , , , , , , , , , , , , , , , , 
24.1073654, 0.0320592, , , , , , , 24.1073654, -0.0182956, , , , , , , 24.1073654, -0.0186313, , , , , , , 24.1073654, 0.0105745, , , , , , , , , , , , , , , , , , , , , , , , , , , , 
24.1078846, 0.0421302, , , , , , , 24.1078846, -0.0706645, , , , , , , 24.1078846, 0.0005035, , , , , , , 24.1078846, 0.0095674, , , , , , , , , , , , , , , , , , , , , , , , , , , , 
24.1084038, 0.0639506, , , , , , , 24.1084038, -0.0609293, , , , , , , 24.1084038, 0.0146029, , , , , , , 24.1084038, 0.0031891, , , , , , , , , , , , , , , , , , , , , , , , , , , , 
24.1089231, 0.0854353, , , , , , , 24.1089231, 0.0125887, , , , , , , 24.1089231, 0.0216526, , , , , , , 24.1089231, -0.0031891, , , , , , , , , , , , , , , , , , , , , , , , , , , , 
24.1094423, 0.0965133, , , , , , , 24.1094423, 0.0777142, , , , , , , 24.1094423, 0.0251774, , , , , , , 24.1094423, -0.0065461, , , , , , , , , , , , , , , , , , , , , , , , , , , , 
24.1099615, 0.0988632, , , , , , , 24.1099615, 0.043473, , , , , , , 24.1099615, 0.0293736, , , , , , , 24.1099615, -0.0109102, , , , , , , , , , , , , , , , , , , , , , , , , , , , 
24.1104808, 0.0973526, , , , , , , 24.1104808, -0.0810712, , , , , , , 24.1104808, 0.0354162, , , , , , , 24.1104808, -0.0176242, , , , , , , , , , , , , , , , , , , , , , , , , , , , 
24.111, 0.0944991, , , , , , , 24.111, -0.1851377, , , , , , , 24.111, 0.0441444, , , , , , , 24.111, -0.021149, , , , , , , , , , , , , , , , , , , , , , , , , , , , 
24.1115192, 0.0891279, , , , , , , 24.1115192, -0.2083009, , , , , , , 24.1115192, 0.0565652, , , , , , , 24.1115192, -0.0169528, , , , , , , , , , , , , , , , , , , , , , , , , , , , 
24.1120385, 0.0783856, , , , , , , 24.1120385, -0.1693599, , , , , , , 24.1120385, 0.0710002, , , , , , , 24.1120385, -0.0062104, , , , , , , , , , , , , , , , , , , , , , , , , , , , 
24.1125577, 0.0609293, , , , , , , 24.1125577, -0.1257191, , , , , , , 24.1125577, 0.0844282, , , , , , , 24.1125577, 0.0050355, , , , , , , , , , , , , , , , , , , , , , , , , , , , 
24.1130769, 0.0438087, , , , , , , 24.1130769, -0.1109483, , , , , , , 24.1130769, 0.093492, , , , , , , 24.1130769, 0.0129244, , , , , , , , , , , , , , , , , , , , , , , , , , , , 
24.1135962, 0.0265202, , , , , , , 24.1135962, -0.1049058, , , , , , , 24.1135962, 0.0948348, , , , , , , 24.1135962, 0.0223239, , , , , , , , , , , , , , , , , , , , , , , , , , , , 
24.1141154, 0.0090639, , , , , , , 24.1141154, -0.0918135, , , , , , , 24.1141154, 0.0924849, , , , , , , 24.1141154, 0.0357519, , , , , , , , , , , , , , , , , , , , , , , , , , , , 
24.1146346, -0.0099031, , , , , , , 24.1146346, -0.0800641, , , , , , , 24.1146346, 0.0854353, , , , , , , 24.1146346, 0.0491798, , , , , , , , , , , , , , , , , , , , , , , , , , , , 
24.1151538, -0.026688, , , , , , , 24.1151538, -0.0713359, , , , , , , 24.1151538, 0.0753643, , , , , , , 24.1151538, 0.0616007, , , , , , , , , , , , , , , , , , , , , , , , , , , , 
24.1156731, -0.0365911, , , , , , , 24.1156731, -0.0699931, , , , , , , 24.1156731, 0.0602579, , , , , , , 24.1156731, 0.0710002, , , , , , , , , , , , , , , , , , , , , , , , , , , , 
24.1161923, -0.0464942, , , , , , , 24.1161923, -0.0773785, , , , , , , 24.1161923, 0.0374304, , , , , , , 24.1161923, 0.0743572, , , , , , , , , , , , , , , , , , , , , , , , , , , , 
24.1167115, -0.0605936, , , , , , , 24.1167115, -0.0666361, , , , , , , 24.1167115, 0.0124208, , , , , , , 24.1167115, 0.0730144, , , , , , , , , , , , , , , , , , , , , , , , , , , , 
24.1172308, -0.0730144, , , , , , , 24.1172308, -0.0270237, , , , , , , 24.1172308, -0.0097353, , , , , , , 24.1172308, 0.0669718, , , , , , , , , , , , , , , , , , , , , , , , , , , , 
24.11775, -0.0720073, , , , , , , 24.11775, 0.011078, , , , , , , 24.11775, -0.0258488, , , , , , , 24.11775, 0.0582437, , , , , , , , , , , , , , , , , , , , , , , , , , , , 
24.1182692, -0.0535439, , , , , , , 24.1182692, 0.033402, , , , , , , 24.1182692, -0.0323949, , , , , , , 24.1182692, 0.0495155, , , , , , , , , , , , , , , , , , , , , , , , , , , , 
24.1187885, -0.0280308, , , , , , , 24.1187885, 0.0468299, , , , , , , 24.1187885, -0.0290379, , , , , , , 24.1187885, 0.0428016, , , , , , , , , , , , , , , , , , , , , , , , , , , , 
24.1193077, -0.0095674, , , , , , , 24.1193077, 0.0574044, , , , , , , 24.1193077, -0.023331, , , , , , , 24.1193077, 0.0396124, , , , , , , , , , , , , , , , , , , , , , , , , , , , 
24.1198269, 0.002182, , , , , , , 24.1198269, 0.064622, , , , , , , 24.1198269, -0.0125887, , , , , , , 24.1198269, 0.036759, , , , , , , , , , , , , , , , , , , , , , , , , , , , 
24.1203462, 0.0102388, , , , , , , 24.1203462, 0.0683146, , , , , , , 24.1203462, 0.005539, , , , , , , 24.1203462, 0.033402, , , , , , , , , , , , , , , , , , , , , , , , , , , , 
24.1208654, 0.0162814, , , , , , , 24.1208654, 0.068986, , , , , , , 24.1208654, 0.0240024, , , , , , , 24.1208654, 0.0280308, , , , , , , , , , , , , , , , , , , , , , , , , , , , 
24.1213846, 0.0196384, , , , , , , 24.1213846, 0.068986, , , , , , , 24.1213846, 0.0344091, , , , , , , 24.1213846, 0.0206455, , , , , , , , , , , , , , , , , , , , , , , , , , , , 
24.1219038, 0.0186313, , , , , , , 24.1219038, 0.0706645, , , , , , , 24.1219038, 0.035584, , , , , , , 24.1219038, 0.0115816, , , , , , , , , , , , , , , , , , , , , , , , , , , , 
24.1224231, 0.0203098, , , , , , , 24.1224231, 0.0730144, , , , , , , 24.1224231, 0.0357519, , , , , , , 24.1224231, 0.0052033, , , , , , , , , , , , , , , , , , , , , , , , , , , , 
24.1229423, 0.023331, , , , , , , 24.1229423, 0.0861067, , , , , , , 24.1229423, 0.0360876, , , , , , , 24.1229423, 0.0001678, , , , , , , , , , , , , , , , , , , , , , , , , , , , 
24.1234615, 0.0260166, , , , , , , 24.1234615, 0.1320974, , , , , , , 24.1234615, 0.0340734, , , , , , , 24.1234615, -0.0052033, , , , , , , , , , , , , , , , , , , , , , , , , , , , 
24.1239808, 0.0258488, , , , , , , 24.1239808, 0.2064546, , , , , , , 24.1239808, 0.0287022, , , , , , , 24.1239808, -0.0075532, , , , , , , , , , , , , , , , , , , , , , , , , , , , 
24.1245, 0.0260166, , , , , , , 24.1245, 0.2536202, , , , , , , 24.1245, 0.01561, , , , , , , 24.1245, -0.0075532, , , , , , , , , , , , , , , , , , , , , , , , , , , , 
24.1250192, 0.0246738, , , , , , , 24.1250192, 0.2395209, , , , , , , 24.1250192, -0.0035248, , , , , , , 24.1250192, -0.0073854, , , , , , , , , , , , , , , , , , , , , , , , , , , , 
24.1255385, 0.023331, , , , , , , 24.1255385, 0.1851377, , , , , , , 24.1255385, -0.0223239, , , , , , , 24.1255385, -0.0082246, , , , , , , , , , , , , , , , , , , , , , , , , , , , 
24.1260577, 0.0246738, , , , , , , 24.1260577, 0.1198444, , , , , , , 24.1260577, -0.0377661, , , , , , , 24.1260577, -0.012253, , , , , , , , , , , , , , , , , , , , , , , , , , , , 
24.1265769, 0.0260166, , , , , , , 24.1265769, 0.0535439, , , , , , , 24.1265769, -0.0505226, , , , , , , 24.1265769, -0.0162814, , , , , , , , , , , , , , , , , , , , , , , , , , , , 
24.1270962, 0.0287022, , , , , , , 24.1270962, -0.0082246, , , , , , , 24.1270962, -0.0592508, , , , , , , 24.1270962, -0.0149386, , , , , , , , , , , , , , , , , , , , , , , , , , , , 
24.1276154, 0.0374304, , , , , , , 24.1276154, -0.0753643, , , , , , , 24.1276154, -0.0642863, , , , , , , 24.1276154, -0.0152743, , , , , , , , , , , , , , , , , , , , , , , , , , , , 
24.1281346, 0.0560616, , , , , , , 24.1281346, -0.1371328, , , , , , , 24.1281346, -0.0713359, , , , , , , 24.1281346, -0.0231632, , , , , , , , , , , , , , , , , , , , , , , , , , , , 
24.1286538, 0.0757, , , , , , , 24.1286538, -0.1535821, , , , , , , 24.1286538, -0.0760357, , , , , , , 24.1286538, -0.0310521, , , , , , , , , , , , , , , , , , , , , , , , , , , , 
24.1291731, 0.0877852, , , , , , , 24.1291731, -0.1253834, , , , , , , 24.1291731, -0.0745251, , , , , , , 24.1291731, -0.0327306, , , , , , , , , , , , , , , , , , , , , , , , , , , , 
24.1296923, 0.0938277, , , , , , , 24.1296923, -0.1042344, , , , , , , 24.1296923, -0.0699931, , , , , , , 24.1296923, -0.0337377, , , , , , , , , , , , , , , , , , , , , , , , , , , , 
24.1302115, 0.1005417, , , , , , , 24.1302115, -0.1129625, , , , , , , 24.1302115, -0.0595865, , , , , , , 24.1302115, -0.0357519, , , , , , , , , , , , , , , , , , , , , , , , , , , , 
24.1307308, 0.1018845, , , , , , , 24.1307308, -0.1220264, , , , , , , 24.1307308, -0.0461585, , , , , , , 24.1307308, -0.0330663, , , , , , , , , , , , , , , , , , , , , , , , , , , , 
24.13125, 0.0965133, , , , , , , 24.13125, -0.0997024, , , , , , , 24.13125, -0.036759, , , , , , , 24.13125, -0.0243381, , , , , , , , , , , , , , , , , , , , , , , , , , , , 
24.1317692, 0.0844282, , , , , , , 24.1317692, -0.0673075, , , , , , , 24.1317692, -0.0357519, , , , , , , 24.1317692, -0.0119173, , , , , , , , , , , , , , , , , , , , , , , , , , , , 
24.1322885, 0.0673075, , , , , , , 24.1322885, -0.0639506, , , , , , , 24.1322885, -0.043473, , , , , , , 24.1322885, -0.0015106, , , , , , , , , , , , , , , , , , , , , , , , , , , , 
24.1328077, 0.0468299, , , , , , , 24.1328077, -0.0748608, , , , , , , 24.1328077, -0.0528725, , , , , , , 24.1328077, 0.0068818, , , , , , , , , , , , , , , , , , , , , , , , , , , , 
24.1333269, 0.030045, , , , , , , 24.1333269, -0.0508583, , , , , , , 24.1333269, -0.0582437, , , , , , , 24.1333269, 0.0115816, , , , , , , , , , , , , , , , , , , , , , , , , , , , 
24.1338462, 0.0119173, , , , , , , 24.1338462, -0.0050355, , , , , , , 24.1338462, -0.0649577, , , , , , , 24.1338462, 0.0167849, , , , , , , , , , , , , , , , , , , , , , , , , , , , 
24.1343654, -0.0119173, , , , , , , 24.1343654, 0.0085603, , , , , , , 24.1343654, -0.0699931, , , , , , , 24.1343654, 0.0253452, , , , , , , , , , , , , , , , , , , , , , , , , , , , 
24.1348846, -0.0394446, , , , , , , 24.1348846, -0.0082246, , , , , , , 24.1348846, -0.0659648, , , , , , , 24.1348846, 0.033402, , , , , , , , , , , , , , , , , , , , , , , , , , , , 
24.1354038, -0.063447, , , , , , , 24.1354038, -0.0283665, , , , , , , 24.1354038, -0.0533761, , , , , , , 24.1354038, 0.0407874, , , , , , , , , , , , , , , , , , , , , , , , , , , , 
24.1359231, -0.0793927, , , , , , , 24.1359231, -0.0292058, , , , , , , 24.1359231, -0.0386053, , , , , , , 24.1359231, 0.0454871, , , , , , , , , , , , , , , , , , , , , , , , , , , , 
24.1364423, -0.0840925, , , , , , , 24.1364423, -0.0082246, , , , , , , 24.1364423, -0.0297093, , , , , , , 24.1364423, 0.047837, , , , , , , , , , , , , , , , , , , , , , , , , , , , 
24.1369615, -0.0881209, , , , , , , 24.1369615, 0.0115816, , , , , , , 24.1369615, -0.0290379, , , , , , , 24.1369615, 0.0481727, , , , , , , , , , , , , , , , , , , , , , , , , , , , 
24.1374808, -0.0924849, , , , , , , 24.1374808, 0.0115816, , , , , , , 24.1374808, -0.0365911, , , , , , , 24.1374808, 0.0461585, , , , , , , , , , , , , , , , , , , , , , , , , , , , 
24.138, -0.0867781, , , , , , , 24.138, 0.0001678, , , , , , , 24.138, -0.0424659, , , , , , , 24.138, 0.0414588, , , , , , , , , , , , , , , , , , , , , , , , , , , , 
24.1385192, -0.0706645, , , , , , , 24.1385192, -0.0186313, , , , , , , 24.1385192, -0.0404517, , , , , , , 24.1385192, 0.0360876, , , , , , , , , , , , , , , , , , , , , , , , , , , , 
24.1390385, -0.0542153, , , , , , , 24.1390385, -0.0411231, , , , , , , 24.1390385, -0.0303807, , , , , , , 24.1390385, 0.0303807, , , , , , , , , , , , , , , , , , , , , , , , , , , , 
24.1395577, -0.0417945, , , , , , , 24.1395577, -0.0522011, , , , , , , 24.1395577, -0.0129244, , , , , , , 24.1395577, 0.0246738, , , , , , , , , , , , , , , , , , , , , , , , , , , , 
24.1400769, -0.0317235, , , , , , , 24.1400769, -0.0461585, , , , , , , 24.1400769, 0.0139315, , , , , , , 24.1400769, 0.0186313, , , , , , , , , , , , , , , , , , , , , , , , , , , , 
24.1405962, -0.0203098, , , , , , , 24.1405962, -0.0260166, , , , , , , 24.1405962, 0.0454871, , , , , , , 24.1405962, 0.0135958, , , , , , , , , , , , , , , , , , , , , , , , , , , , 
24.1411154, -0.0102388, , , , , , , 24.1411154, -0.0075532, , , , , , , 24.1411154, 0.0699931, , , , , , , 24.1411154, 0.0104067, , , , , , , , , , , , , , , , , , , , , , , , , , , , 
24.1416346, -0.0015106, , , , , , , 24.1416346, 0.0035248, , , , , , , 24.1416346, 0.0817426, , , , , , , 24.1416346, 0.0083925, , , , , , , , , , , , , , , , , , , , , , , , , , , , 
24.1421538, 0.0090639, , , , , , , 24.1421538, 0.0290379, , , , , , , 24.1421538, 0.0830854, , , , , , , 24.1421538, 0.005539, , , , , , , , , , , , , , , , , , , , , , , , , , , , 
24.1426731, 0.0186313, , , , , , , 24.1426731, 0.0616007, , , , , , , 24.1426731, 0.0822461, , , , , , , 24.1426731, 0.0025177, , , , , , , , , , , , , , , , , , , , , , , , , , , , 
24.1431923, 0.0243381, , , , , , , 24.1431923, 0.0525368, , , , , , , 24.1431923, 0.0817426, , , , , , , 24.1431923, 0.0011749, , , , , , , , , , , , , , , , , , , , , , , , , , , , 
24.1437115, 0.026688, , , , , , , 24.1437115, -0.0082246, , , , , , , 24.1437115, 0.0780499, , , , , , , 24.1437115, 0.0005035, , , , , , , , , , , , , , , , , , , , , , , , , , , , 
24.1442308, 0.026688, , , , , , , 24.1442308, -0.0649577, , , , , , , 24.1442308, 0.0654612, , , , , , , 24.1442308, -0.0015106, , , , , , , , , , , , , , , , , , , , , , , , , , , , 
24.14475, 0.0270237, , , , , , , 24.14475, -0.082414, , , , , , , 24.14475, 0.0468299, , , , , , , 24.14475, -0.0008392, , , , , , , , , , , , , , , , , , , , , , , , , , , , 
24.1452692, 0.0317235, , , , , , , 24.1452692, -0.0642863, , , , , , , 24.1452692, 0.0280308, , , , , , , 24.1452692, 0.0025177, , , , , , , , , , , , , , , , , , , , , , , , , , , , 
24.1457885, 0.0394446, , , , , , , 24.1457885, -0.0360876, , , , , , , 24.1457885, 0.0102388, , , , , , , 24.1457885, 0.0038605, , , , , , , , , , , , , , , , , , , , , , , , , , , , 
24.1463077, 0.0394446, , , , , , , 24.1463077, -0.018967, , , , , , , 24.1463077, -0.0028534, , , , , , , 24.1463077, 0.0050355, , , , , , , , , , , , , , , , , , , , , , , , , , , , 
24.1468269, 0.0347448, , , , , , , 24.1468269, 0.0036927, , , , , , , 24.1468269, -0.0099031, , , , , , , 24.1468269, 0.0075532, , , , , , , , , , , , , , , , , , , , , , , , , , , , 
24.1473462, 0.0354162, , , , , , , 24.1473462, 0.0468299, , , , , , , 24.1473462, -0.0159457, , , , , , , 24.1473462, 0.0092317, , , , , , , , , , , , , , , , , , , , , , , , , , , , 
24.1478654, 0.0540475, , , , , , , 24.1478654, 0.0772107, , , , , , , 24.1478654, -0.0223239, , , , , , , 24.1478654, 0.0058747, , , , , , , , , , , , , , , , , , , , , , , , , , , , 
24.1483846, 0.0871138, , , , , , , 24.1483846, 0.0654612, , , , , , , 24.1483846, -0.0323949, , , , , , , 24.1483846, 0.0008392, , , , , , , , , , , , , , , , , , , , , , , , , , , , 
24.1489038, 0.1099413, , , , , , , 24.1489038, 0.0354162, , , , , , , 24.1489038, -0.0448157, , , , , , , 24.1489038, -0.0020142, , , , , , , , , , , , , , , , , , , , , , , , , , , , 
24.1494231, 0.1186694, , , , , , , 24.1494231, 0.0151064, , , , , , , 24.1494231, -0.0555581, , , , , , , 24.1494231, -0.0001678, , , , , , , , , , , , , , , , , , , , , , , , , , , , 
24.1499423, 0.1201801, , , , , , , 24.1499423, -0.0020142, , , , , , , 24.1499423, -0.0699931, , , , , , , 24.1499423, -0.0006714, , , , , , , , , , , , , , , , , , , , , , , , , , , , 
24.1504615, 0.1186694, , , , , , , 24.1504615, -0.0166171, , , , , , , 24.1504615, -0.0894636, , , , , , , 24.1504615, -0.003357, , , , , , , , , , , , , , , , , , , , , , , , , , , , 
24.1509808, 0.111284, , , , , , , 24.1509808, -0.0258488, , , , , , , 24.1509808, -0.1082628, , , , , , , 24.1509808, -0.0015106, , , , , , , , , , , , , , , , , , , , , , , , , , , , 
24.1515, 0.0928206, , , , , , , 24.1515, -0.0290379, , , , , , , 24.1515, -0.1159838, , , , , , , 24.1515, 0.0075532, , , , , , , , , , , , , , , , , , , , , , , , , , , , 
24.1520192, 0.068986, , , , , , , 24.1520192, -0.0246738, , , , , , , 24.1520192, -0.1037308, , , , , , , 24.1520192, 0.01561, , , , , , , , , , , , , , , , , , , , , , , , , , , , 
24.1525385, 0.0448157, , , , , , , 24.1525385, -0.0303807, , , , , , , 24.1525385, -0.0802319, , , , , , , 24.1525385, 0.0193027, , , , , , , , , , , , , , , , , , , , , , , , , , , , 
24.1530577, 0.0240024, , , , , , , 24.1530577, -0.0495155, , , , , , , 24.1530577, -0.0552224, , , , , , , 24.1530577, 0.0209812, , , , , , , , , , , , , , , , , , , , , , , , , , , , 
24.1535769, 0.008896, , , , , , , 24.1535769, -0.0473335, , , , , , , 24.1535769, -0.0337377, , , , , , , 24.1535769, 0.0240024, , , , , , , , , , , , , , , , , , , , , , , , , , , , 
24.1540962, -0.0105745, , , , , , , 24.1540962, -0.0082246, , , , , , , 24.1540962, -0.0176242, , , , , , , 24.1540962, 0.0293736, , , , , , , , , , , , , , , , , , , , , , , , , , , , 
24.1546154, -0.0337377, , , , , , , 24.1546154, 0.0508583, , , , , , , 24.1546154, -0.0099031, , , , , , , 24.1546154, 0.0330663, , , , , , , , , , , , , , , , , , , , , , , , , , , , 
24.1551346, -0.0547189, , , , , , , 24.1551346, 0.10692, , , , , , , 24.1551346, -0.0063783, , , , , , , 24.1551346, 0.0357519, , , , , , , , , , , , , , , , , , , , , , , , , , , , 
24.1556538, -0.0713359, , , , , , , 24.1556538, 0.1378042, , , , , , , 24.1556538, -0.0011749, , , , , , , 24.1556538, 0.0370947, , , , , , , , , , , , , , , , , , , , , , , , , , , , 
24.1561731, -0.0820783, , , , , , , 24.1561731, 0.1361257, , , , , , , 24.1561731, 0.0018463, , , , , , , 24.1561731, 0.0399481, , , , , , , , , , , , , , , , , , , , , , , , , , , , 
24.1566923, -0.0921492, , , , , , , 24.1566923, 0.10692, , , , , , , 24.1566923, -0.0010071, , , , , , , 24.1566923, 0.043473, , , , , , , , , , , , , , , , , , , , , , , , , , , , 
24.1572115, -0.0988632, , , , , , , 24.1572115, 0.0699931, , , , , , , 24.1572115, -0.0038605, , , , , , , 24.1572115, 0.0483406, , , , , , , , , , , , , , , , , , , , , , , , , , , , 
24.1577308, -0.0988632, , , , , , , 24.1577308, 0.0317235, , , , , , , 24.1577308, -0.0036927, , , , , , , 24.1577308, 0.0508583, , , , , , , , , , , , , , , , , , , , , , , , , , , , 
24.15825, -0.0854353, , , , , , , 24.15825, -0.0199741, , , , , , , 24.15825, 0.0015106, , , , , , , 24.15825, 0.0471656, , , , , , , , , , , , , , , , , , , , , , , , , , , , 
24.1587692, -0.0619364, , , , , , , 24.1587692, -0.0760357, , , , , , , 24.1587692, 0.0068818, , , , , , , 24.1587692, 0.0391089, , , , , , , , , , , , , , , , , , , , , , , , , , , , 
24.1592885, -0.0438087, , , , , , , 24.1592885, -0.1075914, , , , , , , 24.1592885, 0.0129244, , , , , , , 24.1592885, 0.0330663, , , , , , , , , , , , , , , , , , , , , , , , , , , , 
24.1598077, -0.0381018, , , , , , , 24.1598077, -0.0981918, , , , , , , 24.1598077, 0.0172885, , , , , , , 24.1598077, 0.0310521, , , , , , , , , , , , , , , , , , , , , , , , , , , , 
24.1603269, -0.0354162, , , , , , , 24.1603269, -0.0508583, , , , , , , 24.1603269, 0.0198062, , , , , , , 24.1603269, 0.0313878, , , , , , , , , , , , , , , , , , , , , , , , , , , , 
24.1608462, -0.0287022, , , , , , , 24.1608462, -0.0115816, , , , , , , 24.1608462, 0.0226596, , , , , , , 24.1608462, 0.0307164, , , , , , , , , , , , , , , , , , , , , , , , , , , , 
24.1613654, -0.0179599, , , , , , , 24.1613654, -0.0075532, , , , , , , 24.1613654, 0.0246738, , , , , , , 24.1613654, 0.0270237, , , , , , , , , , , , , , , , , , , , , , , , , , , , 
24.1618846, -0.0082246, , , , , , , 24.1618846, -0.0169528, , , , , , , 24.1618846, 0.0240024, , , , , , , 24.1618846, 0.0224918, , , , , , , , , , , , , , , , , , , , , , , , , , , , 
24.1624038, -0.0025177, , , , , , , 24.1624038, -0.0270237, , , , , , , 24.1624038, 0.0240024, , , , , , , 24.1624038, 0.0172885, , , , , , , , , , , , , , , , , , , , , , , , , , , , 
24.1629231, -0.0005035, , , , , , , 24.1629231, -0.0431373, , , , , , , 24.1629231, 0.026688, , , , , , , 24.1629231, 0.0152743, , , , , , , , , , , , , , , , , , , , , , , , , , , , 
24.1634423, 0.0035248, , , , , , , 24.1634423, -0.0703288, , , , , , , 24.1634423, 0.0298772, , , , , , , 24.1634423, 0.0146029, , , , , , , , , , , , , , , , , , , , , , , , , , , , 
24.1639615, 0.0068818, , , , , , , 24.1639615, -0.1062486, , , , , , , 24.1639615, 0.0323949, , , , , , , 24.1639615, 0.0139315, , , , , , , , , , , , , , , , , , , , , , , , , , , , 
24.1644808, 0.0083925, , , , , , , 24.1644808, -0.1258869, , , , , , , 24.1644808, 0.0374304, , , , , , , 24.1644808, 0.0102388, , , , , , , , , , , , , , , , , , , , , , , , , , , , 
24.165, 0.0085603, , , , , , , 24.165, -0.1080949, , , , , , , 24.165, 0.0431373, , , , , , , 24.165, 0.0068818, , , , , , , , , , , , , , , , , , , , , , , , , , , , 
24.1655192, 0.0078889, , , , , , , 24.1655192, -0.0767071, , , , , , , 24.1655192, 0.0498512, , , , , , , 24.1655192, 0.0068818, , , , , , , , , , , , , , , , , , , , , , , , , , , , 
24.1660385, 0.0082246, , , , , , , 24.1660385, -0.0594186, , , , , , , 24.1660385, 0.0614328, , , , , , , 24.1660385, 0.008896, , , , , , , , , , , , , , , , , , , , , , , , , , , , 
24.1665577, 0.0115816, , , , , , , 24.1665577, -0.0411231, , , , , , , 24.1665577, 0.0810712, , , , , , , 24.1665577, 0.0065461, , , , , , , , , , , , , , , , , , , , , , , , , , , , 
24.1670769, 0.0224918, , , , , , , 24.1670769, 0.002182, , , , , , , 24.1670769, 0.1012131, , , , , , , 24.1670769, -0.002182, , , , , , , , , , , , , , , , , , , , , , , , , , , , 
24.1675962, 0.0407874, , , , , , , 24.1675962, 0.0656291, , , , , , , 24.1675962, 0.1038987, , , , , , , 24.1675962, -0.0135958, , , , , , , , , , , , , , , , , , , , , , , , , , , , 
24.1681154, 0.0649577, , , , , , , 24.1681154, 0.0998703, , , , , , , 24.1681154, 0.0924849, , , , , , , 24.1681154, -0.0276951, , , , , , , , , , , , , , , , , , , , , , , , , , , , 
24.1686346, 0.090135, , , , , , , 24.1686346, 0.0703288, , , , , , , 24.1686346, 0.0810712, , , , , , , 24.1686346, -0.0370947, , , , , , , , , , , , , , , , , , , , , , , , , , , , 
24.1691538, 0.1064164, , , , , , , 24.1691538, 0.0052033, , , , , , , 24.1691538, 0.0713359, , , , , , , 24.1691538, -0.0417945, , , , , , , , , , , , , , , , , , , , , , , , , , , , 
24.1696731, 0.1173266, , , , , , , 24.1696731, -0.0428016, , , , , , , 24.1696731, 0.0589151, , , , , , , 24.1696731, -0.04448, , , , , , , , , , , , , , , , , , , , , , , , , , , , 
24.1701923, 0.1277333, , , , , , , 24.1701923, -0.0505226, , , , , , , 24.1701923, 0.0438087, , , , , , , 24.1701923, -0.0458228, , , , , , , , , , , , , , , , , , , , , , , , , , , , 
24.1707115, 0.1320974, , , , , , , 24.1707115, -0.0317235, , , , , , , 24.1707115, 0.0253452, , , , , , , 24.1707115, -0.04448, , , , , , , , , , , , , , , , , , , , , , , , , , , , 
24.1712308, 0.1240406, , , , , , , 24.1712308, -0.0196384, , , , , , , 24.1712308, 0.0058747, , , , , , , 24.1712308, -0.0407874, , , , , , , , , , , , , , , , , , , , , , , , , , , , 
24.17175, 0.10692, , , , , , , 24.17175, -0.0229953, , , , , , , 24.17175, -0.0095674, , , , , , , 24.17175, -0.0357519, , , , , , , , , , , , , , , , , , , , , , , , , , , , 
24.1722692, 0.0908064, , , , , , , 24.1722692, -0.0236667, , , , , , , 24.1722692, -0.0229953, , , , , , , 24.1722692, -0.0297093, , , , , , , , , , , , , , , , , , , , , , , , , , , , 
24.1727885, 0.0787213, , , , , , , 24.1727885, -0.0132601, , , , , , , 24.1727885, -0.0357519, , , , , , , 24.1727885, -0.0226596, , , , , , , , , , , , , , , , , , , , , , , , , , , , 
24.1733077, 0.0575723, , , , , , , 24.1733077, 0.0031891, , , , , , , 24.1733077, -0.0486763, , , , , , , 24.1733077, -0.01561, , , , , , , , , , , , , , , , , , , , , , , , , , , , 
24.1738269, 0.0344091, , , , , , , 24.1738269, 0.0149386, , , , , , , 24.1738269, -0.0614328, , , , , , , 24.1738269, -0.0062104, , , , , , , , , , , , , , , , , , , , , , , , , , , , 
24.1743462, 0.0105745, , , , , , , 24.1743462, 0.0196384, , , , , , , 24.1743462, -0.070161, , , , , , , 24.1743462, 0.0058747, , , , , , , , , , , , , , , , , , , , , , , , , , , , 
24.1748654, -0.0151064, , , , , , , 24.1748654, 0.0132601, , , , , , , 24.1748654, -0.0757, , , , , , , 24.1748654, 0.0198062, , , , , , , , , , , , , , , , , , , , , , , , , , , , 
24.1753846, -0.0386053, , , , , , , 24.1753846, -0.0083925, , , , , , , 24.1753846, -0.0834211, , , , , , , 24.1753846, 0.0327306, , , , , , , , , , , , , , , , , , , , , , , , , , , , 
24.1759038, -0.0592508, , , , , , , 24.1759038, -0.0337377, , , , , , , 24.1759038, -0.0894636, , , , , , , 24.1759038, 0.0453193, , , , , , , , , , , , , , , , , , , , , , , , , , , , 
24.1764231, -0.076875, , , , , , , 24.1764231, -0.0518654, , , , , , , 24.1764231, -0.0877852, , , , , , , 24.1764231, 0.0602579, , , , , , , , , , , , , , , , , , , , , , , , , , , , 
24.1769423, -0.0961776, , , , , , , 24.1769423, -0.0542153, , , , , , , 24.1769423, -0.0834211, , , , , , , 24.1769423, 0.0753643, , , , , , , , , , , , , , , , , , , , , , , , , , , , 
24.1774615, -0.1055772, , , , , , , 24.1774615, -0.0327306, , , , , , , 24.1774615, -0.0837568, , , , , , , 24.1774615, 0.0847639, , , , , , , , , , , , , , , , , , , , , , , , , , , , 
24.1779808, -0.093492, , , , , , , 24.1779808, 0.0025177, , , , , , , 24.1779808, -0.090135, , , , , , , 24.1779808, 0.082414, , , , , , , , , , , , , , , , , , , , , , , , , , , , 
24.1785, -0.0663005, , , , , , , 24.1785, 0.0357519, , , , , , , 24.1785, -0.0961776, , , , , , , 24.1785, 0.0703288, , , , , , , , , , , , , , , , , , , , , , , , , , , , 
24.1790192, -0.0411231, , , , , , , 24.1790192, 0.0485084, , , , , , , 24.1790192, -0.1005417, , , , , , , 24.1790192, 0.0599222, , , , , , , , , , , , , , , , , , , , , , , , , , , , 
24.1795385, -0.0240024, , , , , , , 24.1795385, 0.0387732, , , , , , , 24.1795385, -0.1025559, , , , , , , 24.1795385, 0.0505226, , , , , , , , , , , , , , , , , , , , , , , , , , , , 
24.1800577, -0.0109102, , , , , , , 24.1800577, 0.0169528, , , , , , , 24.1800577, -0.0971847, , , , , , , 24.1800577, 0.040116, , , , , , , , , , , , , , , , , , , , , , , , , , , , 
24.1805769, 0.0018463, , , , , , , 24.1805769, -0.0129244, , , , , , , 24.1805769, -0.0807355, , , , , , , 24.1805769, 0.0283665, , , , , , , , , , , , , , , , , , , , , , , , , , , , 
24.1810962, 0.0099031, , , , , , , 24.1810962, -0.0424659, , , , , , , 24.1810962, -0.0565652, , , , , , , 24.1810962, 0.0199741, , , , , , , , , , , , , , , , , , , , , , , , , , , , 
24.1816154, 0.0152743, , , , , , , 24.1816154, -0.0426337, , , , , , , 24.1816154, -0.0283665, , , , , , , 24.1816154, 0.0139315, , , , , , , , , , , , , , , , , , , , , , , , , , , , 
24.1821346, 0.0258488, , , , , , , 24.1821346, -0.0041962, , , , , , , 24.1821346, -0.0008392, , , , , , , 24.1821346, 0.0077211, , , , , , , , , , , , , , , , , , , , , , , , , , , , 
24.1826538, 0.036759, , , , , , , 24.1826538, 0.0448157, , , , , , , 24.1826538, 0.0243381, , , , , , , 24.1826538, 0.0001678, , , , , , , , , , , , , , , , , , , , , , , , , , , , 
24.1831731, 0.0431373, , , , , , , 24.1831731, 0.0803998, , , , , , , 24.1831731, 0.0438087, , , , , , , 24.1831731, -0.0041962, , , , , , , , , , , , , , , , , , , , , , , , , , , , 
24.1836923, 0.0441444, , , , , , , 24.1836923, 0.0923171, , , , , , , 24.1836923, 0.0565652, , , , , , , 24.1836923, -0.0036927, , , , , , , , , , , , , , , , , , , , , , , , , , , , 
24.1842115, 0.0428016, , , , , , , 24.1842115, 0.0829175, , , , , , , 24.1842115, 0.0629435, , , , , , , 24.1842115, -0.0025177, , , , , , , , , , , , , , , , , , , , , , , , , , , , 
24.1847308, 0.0417945, , , , , , , 24.1847308, 0.0659648, , , , , , , 24.1847308, 0.0622721, , , , , , , 24.1847308, -0.0035248, , , , , , , , , , , , , , , , , , , , , , , , , , , , 
24.18525, 0.0397803, , , , , , , 24.18525, 0.057908, , , , , , , 24.18525, 0.0562295, , , , , , , 24.18525, -0.0035248, , , , , , , , , , , , , , , , , , , , , , , , , , , , 
24.1857692, 0.040116, , , , , , , 24.1857692, 0.0686503, , , , , , , 24.1857692, 0.0411231, , , , , , , 24.1857692, 0.0015106, , , , , , , , , , , , , , , , , , , , , , , , , , , , 
24.1862885, 0.0433051, , , , , , , 24.1862885, 0.0740215, , , , , , , 24.1862885, 0.0146029, , , , , , , 24.1862885, 0.0065461, , , , , , , , , , , , , , , , , , , , , , , , , , , , 
24.1868077, 0.0381018, , , , , , , 24.1868077, 0.0448157, , , , , , , 24.1868077, -0.01561, , , , , , , 24.1868077, 0.0078889, , , , , , , , , , , , , , , , , , , , , , , , , , , , 
24.1873269, 0.0379339, , , , , , , 24.1873269, -0.012253, , , , , , , 24.1873269, -0.0394446, , , , , , , 24.1873269, 0.0065461, , , , , , , , , , , , , , , , , , , , , , , , , , , , 
24.1878462, 0.0508583, , , , , , , 24.1878462, -0.0448157, , , , , , , 24.1878462, -0.0572366, , , , , , , 24.1878462, -0.0005035, , , , , , , , , , , , , , , , , , , , , , , , , , , , 
24.1883654, 0.0736858, , , , , , , 24.1883654, -0.0240024, , , , , , , 24.1883654, -0.0686503, , , , , , , 24.1883654, -0.0083925, , , , , , , , , , , , , , , , , , , , , , , , , , , , 
24.1888846, 0.0884565, , , , , , , 24.1888846, 0.0102388, , , , , , , 24.1888846, -0.0686503, , , , , , , 24.1888846, -0.0109102, , , , , , , , , , , , , , , , , , , , , , , , , , , , 
24.1894038, 0.0955062, , , , , , , 24.1894038, 0.0057069, , , , , , , 24.1894038, -0.0555581, , , , , , , 24.1894038, -0.0102388, , , , , , , , , , , , , , , , , , , , , , , , , , , , 
24.1899231, 0.0998703, , , , , , , 24.1899231, -0.0433051, , , , , , , 24.1899231, -0.0407874, , , , , , , 24.1899231, -0.0102388, , , , , , , , , , , , , , , , , , , , , , , , , , , , 
24.1904423, 0.1032273, , , , , , , 24.1904423, -0.1059129, , , , , , , 24.1904423, -0.0344091, , , , , , , 24.1904423, -0.0099031, , , , , , , , , , , , , , , , , , , , , , , , , , , , 
24.1909615, 0.0976883, , , , , , , 24.1909615, -0.1435111, , , , , , , 24.1909615, -0.0265202, , , , , , , 24.1909615, -0.0095674, , , , , , , , , , , , , , , , , , , , , , , , , , , , 
24.1914808, 0.0867781, , , , , , , 24.1914808, -0.1378042, , , , , , , 24.1914808, -0.0109102, , , , , , , 24.1914808, -0.0078889, , , , , , , , , , , , , , , , , , , , , , , , , , , , 
24.192, 0.0703288, , , , , , , 24.192, -0.1038987, , , , , , , 24.192, 0.0068818, , , , , , , 24.192, -0.0001678, , , , , , , , , , , , , , , , , , , , , , , , , , , , 
24.1925192, 0.0555581, , , , , , , 24.1925192, -0.0716716, , , , , , , 24.1925192, 0.0152743, , , , , , , 24.1925192, 0.0104067, , , , , , , , , , , , , , , , , , , , , , , , , , , , 
24.1930385, 0.040116, , , , , , , 24.1930385, -0.0585794, , , , , , , 24.1930385, 0.0132601, , , , , , , 24.1930385, 0.0216526, , , , , , , , , , , , , , , , , , , , , , , , , , , , 
24.1935577, 0.0194705, , , , , , , 24.1935577, -0.054551, , , , , , , 24.1935577, 0.0172885, , , , , , , 24.1935577, 0.0310521, , , , , , , , , , , , , , , , , , , , , , , , , , , , 
24.1940769, -0.0031891, , , , , , , 24.1940769, -0.047837, , , , , , , 24.1940769, 0.024506, , , , , , , 24.1940769, 0.0394446, , , , , , , , , , , , , , , , , , , , , , , , , , , , 
24.1945962, -0.0293736, , , , , , , 24.1945962, -0.0384375, , , , , , , 24.1945962, 0.0298772, , , , , , , 24.1945962, 0.0468299, , , , , , , , , , , , , , , , , , , , , , , , , , , , 
24.1951154, -0.0592508, , , , , , , 24.1951154, -0.0317235, , , , , , , 24.1951154, 0.033402, , , , , , , 24.1951154, 0.0528725, , , , , , , , , , , , , , , , , , , , , , , , , , , , 
24.1956346, -0.0854353, , , , , , , 24.1956346, -0.0260166, , , , , , , 24.1956346, 0.0387732, , , , , , , 24.1956346, 0.0565652, , , , , , , , , , , , , , , , , , , , , , , , , , , , 
24.1961538, -0.1012131, , , , , , , 24.1961538, -0.0191348, , , , , , , 24.1961538, 0.0454871, , , , , , , 24.1961538, 0.0589151, , , , , , , , , , , , , , , , , , , , , , , , , , , , 
24.1966731, -0.1085985, , , , , , , 24.1966731, -0.0085603, , , , , , , 24.1966731, 0.0448157, , , , , , , 24.1966731, 0.0575723, , , , , , , , , , , , , , , , , , , , , , , , , , , , 
24.1971923, -0.1116197, , , , , , , 24.1971923, 0.0005035, , , , , , , 24.1971923, 0.0320592, , , , , , , 24.1971923, 0.0515297, , , , , , , , , , , , , , , , , , , , , , , , , , , , 
24.1977115, -0.1042344, , , , , , , 24.1977115, 0.0099031, , , , , , , 24.1977115, 0.0117494, , , , , , , 24.1977115, 0.0409552, , , , , , , , , , , , , , , , , , , , , , , , , , , , 
24.1982308, -0.0827497, , , , , , , 24.1982308, 0.0310521, , , , , , , 24.1982308, -0.0102388, , , , , , , 24.1982308, 0.0302129, , , , , , , , , , , , , , , , , , , , , , , , , , , , 
24.19875, -0.0558938, , , , , , , 24.19875, 0.0481727, , , , , , , 24.19875, -0.0290379, , , , , , , 24.19875, 0.0213169, , , , , , , , , , , , , , , , , , , , , , , , , , , , 
24.1992692, -0.0323949, , , , , , , 24.1992692, 0.0532082, , , , , , , 24.1992692, -0.0428016, , , , , , , 24.1992692, 0.0152743, , , , , , , , , , , , , , , , , , , , , , , , , , , , 
24.1997885, -0.0152743, , , , , , , 24.1997885, 0.0582437, , , , , , , 24.1997885, -0.0493477, , , , , , , 24.1997885, 0.0109102, , , , , , , , , , , , , , , , , , , , , , , , , , , , 
24.2003077, -0.0062104, , , , , , , 24.2003077, 0.0599222, , , , , , , 24.2003077, -0.0485084, , , , , , , 24.2003077, 0.0078889, , , , , , , , , , , , , , , , , , , , , , , , , , , , 
24.2008269, 0.0018463, , , , , , , 24.2008269, 0.0560616, , , , , , , 24.2008269, -0.0439765, , , , , , , 24.2008269, 0.0036927, , , , , , , , , , , , , , , , , , , , , , , , , , , , 
24.2013462, 0.0102388, , , , , , , 24.2013462, 0.0595865, , , , , , , 24.2013462, -0.0424659, , , , , , , 24.2013462, -0.0008392, , , , , , , , , , , , , , , , , , , , , , , , , , , , 
24.2018654, 0.0146029, , , , , , , 24.2018654, 0.0715038, , , , , , , 24.2018654, -0.0428016, , , , , , , 24.2018654, -0.0041962, , , , , , , , , , , , , , , , , , , , , , , , , , , , 
24.2023846, 0.0199741, , , , , , , 24.2023846, 0.0783856, , , , , , , 24.2023846, -0.0438087, , , , , , , 24.2023846, -0.0035248, , , , , , , , , , , , , , , , , , , , , , , , , , , , 
24.2029038, 0.0317235, , , , , , , 24.2029038, 0.0750286, , , , , , , 24.2029038, -0.0424659, , , , , , , 24.2029038, -0.003357, , , , , , , , , , , , , , , , , , , , , , , , , , , , 
24.2034231, 0.0417945, , , , , , , 24.2034231, 0.068986, , , , , , , 24.2034231, -0.0404517, , , , , , , 24.2034231, -0.0041962, , , , , , , , , , , , , , , , , , , , , , , , , , , , 
24.2039423, 0.0495155, , , , , , , 24.2039423, 0.0585794, , , , , , , 24.2039423, -0.0354162, , , , , , , 24.2039423, -0.0050355, , , , , , , , , , , , , , , , , , , , , , , , , , , , 
24.2044615, 0.0542153, , , , , , , 24.2044615, 0.0307164, , , , , , , 24.2044615, -0.0307164, , , , , , , 24.2044615, -0.0068818, , , , , , , , , , , , , , , , , , , , , , , , , , , , 
24.2049808, 0.0555581, , , , , , , 24.2049808, -0.0176242, , , , , , , 24.2049808, -0.0270237, , , , , , , 24.2049808, -0.0095674, , , , , , , , , , , , , , , , , , , , , , , , , , , , 
24.2055, 0.0528725, , , , , , , 24.2055, -0.0834211, , , , , , , 24.2055, -0.0203098, , , , , , , 24.2055, -0.0082246, , , , , , , , , , , , , , , , , , , , , , , , , , , , 
24.2060192, 0.0501869, , , , , , , 24.2060192, -0.1566033, , , , , , , 24.2060192, -0.0082246, , , , , , , 24.2060192, -0.0068818, , , , , , , , , , , , , , , , , , , , , , , , , , , , 
24.2065385, 0.0459907, , , , , , , 24.2065385, -0.1958801, , , , , , , 24.2065385, 0.0070497, , , , , , , 24.2065385, -0.0062104, , , , , , , , , , , , , , , , , , , , , , , , , , , , 
24.2070577, 0.0419623, , , , , , , 24.2070577, -0.1688563, , , , , , , 24.2070577, 0.0199741, , , , , , , 24.2070577, -0.0035248, , , , , , , , , , , , , , , , , , , , , , , , , , , , 
24.2075769, 0.0475013, , , , , , , 24.2075769, -0.1109483, , , , , , , 24.2075769, 0.0287022, , , , , , , 24.2075769, -0.0025177, , , , , , , , , , , , , , , , , , , , , , , , , , , , 
24.2080962, 0.064622, , , , , , , 24.2080962, -0.0788891, , , , , , , 24.2080962, 0.03122, , , , , , , 24.2080962, -0.0043641, , , , , , , , , , , , , , , , , , , , , , , , , , , , 
24.2086154, 0.0864424, , , , , , , 24.2086154, -0.0802319, , , , , , , 24.2086154, 0.0283665, , , , , , , 24.2086154, -0.0028534, , , , , , , , , , , , , , , , , , , , , , , , , , , , 
24.2091346, 0.1005417, , , , , , , 24.2091346, -0.0923171, , , , , , , 24.2091346, 0.0226596, , , , , , , 24.2091346, 0.0011749, , , , , , , , , , , , , , , , , , , , , , , , , , , , 
24.2096538, 0.1059129, , , , , , , 24.2096538, -0.0767071, , , , , , , 24.2096538, 0.0196384, , , , , , , 24.2096538, 0.0028534, , , , , , , , , , , , , , , , , , , , , , , , , , , , 
24.2101731, 0.1099413, , , , , , , 24.2101731, -0.0176242, , , , , , , 24.2101731, 0.018967, , , , , , , 24.2101731, 0.002182, , , , , , , , , , , , , , , , , , , , , , , , , , , , 
24.2106923, 0.1075914, , , , , , , 24.2106923, 0.0347448, , , , , , , 24.2106923, 0.0179599, , , , , , , 24.2106923, -0.0008392, , , , , , , , , , , , , , , , , , , , , , , , , , , , 
24.2112115, 0.0943313, , , , , , , 24.2112115, 0.0535439, , , , , , , 24.2112115, 0.0149386, , , , , , , 24.2112115, -0.0035248, , , , , , , , , , , , , , , , , , , , , , , , , , , , 
24.2117308, 0.0746929, , , , , , , 24.2117308, 0.0587472, , , , , , , 24.2117308, 0.0112459, , , , , , , 24.2117308, -0.0041962, , , , , , , , , , , , , , , , , , , , , , , , , , , , 
24.21225, 0.0569009, , , , , , , 24.21225, 0.043473, , , , , , , 24.21225, 0.0070497, , , , , , , 24.21225, -0.0041962, , , , , , , , , , , , , , , , , , , , , , , , , , , , 
24.2127692, 0.0426337, , , , , , , 24.2127692, 0.0142672, , , , , , , 24.2127692, 0.008896, , , , , , , 24.2127692, -0.0048676, , , , , , , , , , , , , , , , , , , , , , , , , , , , 
24.2132885, 0.0310521, , , , , , , 24.2132885, -0.0048676, , , , , , , 24.2132885, 0.0146029, , , , , , , 24.2132885, -0.0038605, , , , , , , , , , , , , , , , , , , , , , , , , , , , 
24.2138077, 0.012253, , , , , , , 24.2138077, -0.012253, , , , , , , 24.2138077, 0.0162814, , , , , , , 24.2138077, -0.0035248, , , , , , , , , , , , , , , , , , , , , , , , , , , , 
24.2143269, -0.0162814, , , , , , , 24.2143269, -0.0209812, , , , , , , 24.2143269, 0.0142672, , , , , , , 24.2143269, -0.0023499, , , , , , , , , , , , , , , , , , , , , , , , , , , , 
24.2148462, -0.0421302, , , , , , , 24.2148462, -0.0350805, , , , , , , 24.2148462, 0.012253, , , , , , , 24.2148462, 0.0031891, , , , , , , , , , , , , , , , , , , , , , , , , , , , 
24.2153654, -0.0592508, , , , , , , 24.2153654, -0.0431373, , , , , , , 24.2153654, 0.0102388, , , , , , , 24.2153654, 0.0115816, , , , , , , , , , , , , , , , , , , , , , , , , , , , 
24.2158846, -0.0750286, , , , , , , 24.2158846, -0.0364233, , , , , , , 24.2158846, 0.0058747, , , , , , , 24.2158846, 0.018967, , , , , , , , , , , , , , , , , , , , , , , , , , , , 
24.2164038, -0.0891279, , , , , , , 24.2164038, -0.0297093, , , , , , , 24.2164038, -0.0005035, , , , , , , 24.2164038, 0.0258488, , , , , , , , , , , , , , , , , , , , , , , , , , , , 
24.2169231, -0.0988632, , , , , , , 24.2169231, -0.0350805, , , , , , , 24.2169231, -0.0077211, , , , , , , 24.2169231, 0.0327306, , , , , , , , , , , , , , , , , , , , , , , , , , , , 
24.2174423, -0.1008774, , , , , , , 24.2174423, -0.0449836, , , , , , , 24.2174423, -0.0130922, , , , , , , 24.2174423, 0.0354162, , , , , , , , , , , , , , , , , , , , , , , , , , , , 
24.2179615, -0.0884565, , , , , , , 24.2179615, -0.0357519, , , , , , , 24.2179615, -0.0203098, , , , , , , 24.2179615, 0.0307164, , , , , , , , , , , , , , , , , , , , , , , , , , , , 
24.2184808, -0.0632792, , , , , , , 24.2184808, -0.0146029, , , , , , , 24.2184808, -0.0263523, , , , , , , 24.2184808, 0.0256809, , , , , , , , , , , , , , , , , , , , , , , , , , , , 
24.219, -0.040116, , , , , , , 24.219, -0.0186313, , , , , , , 24.219, -0.0276951, , , , , , , 24.219, 0.0216526, , , , , , , , , , , , , , , , , , , , , , , , , , , , 
24.2195192, -0.0246738, , , , , , , 24.2195192, -0.0399481, , , , , , , 24.2195192, -0.0256809, , , , , , , 24.2195192, 0.0198062, , , , , , , , , , , , , , , , , , , , , , , , , , , , 
24.2200385, -0.0117494, , , , , , , 24.2200385, -0.0419623, , , , , , , 24.2200385, -0.0219883, , , , , , , 24.2200385, 0.0226596, , , , , , , , , , , , , , , , , , , , , , , , , , , , 
24.2205577, -0.0001678, , , , , , , 24.2205577, -0.0159457, , , , , , , 24.2205577, -0.0172885, , , , , , , 24.2205577, 0.0307164, , , , , , , , , , , , , , , , , , , , , , , , , , , , 
24.2210769, 0.0078889, , , , , , , 24.2210769, 0.0184634, , , , , , , 24.2210769, -0.0099031, , , , , , , 24.2210769, 0.042298, , , , , , , , , , , , , , , , , , , , , , , , , , , , 
24.2215962, 0.0117494, , , , , , , 24.2215962, 0.0428016, , , , , , , 24.2215962, -0.0016785, , , , , , , 24.2215962, 0.0555581, , , , , , , , , , , , , , , , , , , , , , , , , , , , 
24.2221154, 0.0115816, , , , , , , 24.2221154, 0.0518654, , , , , , , 24.2221154, 0.008896, , , , , , , 24.2221154, 0.0663005, , , , , , , , , , , , , , , , , , , , , , , , , , , , 
24.2226346, 0.0105745, , , , , , , 24.2226346, 0.0626078, , , , , , , 24.2226346, 0.0206455, , , , , , , 24.2226346, 0.0757, , , , , , , , , , , , , , , , , , , , , , , , , , , , 
24.2231538, 0.0099031, , , , , , , 24.2231538, 0.0921492, , , , , , , 24.2231538, 0.027863, , , , , , , 24.2231538, 0.0817426, , , , , , , , , , , , , , , , , , , , , , , , , , , , 
24.2236731, 0.0057069, , , , , , , 24.2236731, 0.1200122, , , , , , , 24.2236731, 0.033402, , , , , , , 24.2236731, 0.081239, , , , , , , , , , , , , , , , , , , , , , , , , , , , 
24.2241923, -0.0001678, , , , , , , 24.2241923, 0.1393149, , , , , , , 24.2241923, 0.0414588, , , , , , , 24.2241923, 0.0730144, , , , , , , , , , , , , , , , , , , , , , , , , , , , 
24.2247115, -0.0062104, , , , , , , 24.2247115, 0.1582818, , , , , , , 24.2247115, 0.0505226, , , , , , , 24.2247115, 0.0647898, , , , , , , , , , , , , , , , , , , , , , , , , , , , 
24.2252308, -0.0109102, , , , , , , 24.2252308, 0.178088, , , , , , , 24.2252308, 0.0548867, , , , , , , 24.2252308, 0.0569009, , , , , , , , , , , , , , , , , , , , , , , , , , , , 
24.22575, -0.0102388, , , , , , , 24.22575, 0.178088, , , , , , , 24.22575, 0.0535439, , , , , , , 24.22575, 0.0461585, , , , , , , , , , , , , , , , , , , , , , , , , , , , 
24.2262692, -0.0035248, , , , , , , 24.2262692, 0.1465324, , , , , , , 24.2262692, 0.0501869, , , , , , , 24.2262692, 0.0317235, , , , , , , , , , , , , , , , , , , , , , , , , , , , 
24.2267885, 0.0062104, , , , , , , 24.2267885, 0.0864424, , , , , , , 24.2267885, 0.047837, , , , , , , 24.2267885, 0.0146029, , , , , , , , , , , , , , , , , , , , , , , , , , , , 
24.2273077, 0.0130922, , , , , , , 24.2273077, 0.0132601, , , , , , , 24.2273077, 0.0446479, , , , , , , 24.2273077, -0.0010071, , , , , , , , , , , , , , , , , , , , , , , , , , , , 
24.2278269, 0.0303807, , , , , , , 24.2278269, -0.0464942, , , , , , , 24.2278269, 0.0347448, , , , , , , 24.2278269, -0.01561, , , , , , , , , , , , , , , , , , , , , , , , , , , , 
24.2283462, 0.0585794, , , , , , , 24.2283462, -0.0847639, , , , , , , 24.2283462, 0.018967, , , , , , , 24.2283462, -0.030045, , , , , , , , , , , , , , , , , , , , , , , , , , , , 
24.2288654, 0.079057, , , , , , , 24.2288654, -0.1198444, , , , , , , 24.2288654, 0.0045319, , , , , , , 24.2288654, -0.0419623, , , , , , , , , , , , , , , , , , , , , , , , , , , , 
24.2293846, 0.0897993, , , , , , , 24.2293846, -0.1634852, , , , , , , 24.2293846, -0.0072175, , , , , , , 24.2293846, -0.051194, , , , , , , , , , , , , , , , , , , , , , , , , , , , 
24.2299038, 0.0990311, , , , , , , 24.2299038, -0.199237, , , , , , , 24.2299038, -0.0216526, , , , , , , 24.2299038, -0.057908, , , , , , , , , , , , , , , , , , , , , , , , , , , , 
24.2304231, 0.1072557, , , , , , , 24.2304231, -0.2170291, , , , , , , 24.2304231, -0.0347448, , , , , , , 24.2304231, -0.0605936, , , , , , , , , , , , , , , , , , , , , , , , , , , , 
24.2309423, 0.1064164, , , , , , , 24.2309423, -0.2153506, , , , , , , 24.2309423, -0.0451514, , , , , , , 24.2309423, -0.0592508, , , , , , , , , , , , , , , , , , , , , , , , , , , , 
24.2314615, 0.0938277, , , , , , , 24.2314615, -0.1957122, , , , , , , 24.2314615, -0.057908, , , , , , , 24.2314615, -0.054551, , , , , , , , , , , , , , , , , , , , , , , , , , , , 
24.2319808, 0.0743572, , , , , , , 24.2319808, -0.1747311, , , , , , , 24.2319808, -0.0743572, , , , , , , 24.2319808, -0.0464942, , , , , , , , , , , , , , , , , , , , , , , , , , , , 
24.2325, 0.0575723, , , , , , , 24.2325, -0.1613031, , , , , , , 24.2325, -0.0941634, , , , , , , 24.2325, -0.0381018, , , , , , , , , , , , , , , , , , , , , , , , , , , , 
24.2330192, 0.0488441, , , , , , , 24.2330192, -0.1545892, , , , , , , 24.2330192, -0.1106126, , , , , , , 24.2330192, -0.0290379, , , , , , , , , , , , , , , , , , , , , , , , , , , , 
24.2335385, 0.0391089, , , , , , , 24.2335385, -0.1378042, , , , , , , 24.2335385, -0.1084306, , , , , , , 24.2335385, -0.0166171, , , , , , , , , , , , , , , , , , , , , , , , , , , , 
24.2340577, 0.0209812, , , , , , , 24.2340577, -0.0887922, , , , , , , 24.2340577, -0.0961776, , , , , , , 24.2340577, -0.002182, , , , , , , , , , , , , , , , , , , , , , , , , , , , 
24.2345769, -0.0031891, , , , , , , 24.2345769, -0.0236667, , , , , , , 24.2345769, -0.0840925, , , , , , , 24.2345769, 0.0105745, , , , , , , , , , , , , , , , , , , , , , , , , , , , 
24.2350962, -0.0290379, , , , , , , 24.2350962, 0.0216526, , , , , , , 24.2350962, -0.0736858, , , , , , , 24.2350962, 0.021149, , , , , , , , , , , , , , , , , , , , , , , , , , , , 
24.2356154, -0.0500191, , , , , , , 24.2356154, 0.0466621, , , , , , , 24.2356154, -0.0636149, , , , , , , 24.2356154, 0.0280308, , , , , , , , , , , , , , , , , , , , , , , , , , , , 
24.2361346, -0.0679789, , , , , , , 24.2361346, 0.0642863, , , , , , , 24.2361346, -0.0505226, , , , , , , 24.2361346, 0.0347448, , , , , , , , , , , , , , , , , , , , , , , , , , , , 
24.2366538, -0.0854353, , , , , , , 24.2366538, 0.0636149, , , , , , , 24.2366538, -0.0370947, , , , , , , 24.2366538, 0.0448157, , , , , , , , , , , , , , , , , , , , , , , , , , , , 
24.2371731, -0.0988632, , , , , , , 24.2371731, 0.0464942, , , , , , , 24.2371731, -0.0298772, , , , , , , 24.2371731, 0.0522011, , , , , , , , , , , , , , , , , , , , , , , , , , , , 
24.2376923, -0.100206, , , , , , , 24.2376923, 0.0414588, , , , , , , 24.2376923, -0.0263523, , , , , , , 24.2376923, 0.0548867, , , , , , , , , , , , , , , , , , , , , , , , , , , , 
24.2382115, -0.0834211, , , , , , , 24.2382115, 0.0491798, , , , , , , 24.2382115, -0.0203098, , , , , , , 24.2382115, 0.0522011, , , , , , , , , , , , , , , , , , , , , , , , , , , , 
24.2387308, -0.0599222, , , , , , , 24.2387308, 0.0602579, , , , , , , 24.2387308, -0.0109102, , , , , , , 24.2387308, 0.0448157, , , , , , , , , , , , , , , , , , , , , , , , , , , , 
24.23925, -0.0424659, , , , , , , 24.23925, 0.0856031, , , , , , , 24.23925, 0.0011749, , , , , , , 24.23925, 0.0360876, , , , , , , , , , , , , , , , , , , , , , , , , , , , 
24.2397692, -0.0271916, , , , , , , 24.2397692, 0.1327687, , , , , , , 24.2397692, 0.0125887, , , , , , , 24.2397692, 0.0285344, , , , , , , , , , , , , , , , , , , , , , , , , , , , 
24.2402885, -0.0082246, , , , , , , 24.2402885, 0.1586175, , , , , , , 24.2402885, 0.0204776, , , , , , , 24.2402885, 0.026688, , , , , , , , , , , , , , , , , , , , , , , , , , , , 
24.2408077, 0.0038605, , , , , , , 24.2408077, 0.1435111, , , , , , , 24.2408077, 0.0246738, , , , , , , 24.2408077, 0.0283665, , , , , , , , , , , , , , , , , , , , , , , , , , , , 
24.2413269, 0.0151064, , , , , , , 24.2413269, 0.1205158, , , , , , , 24.2413269, 0.026688, , , , , , , 24.2413269, 0.0285344, , , , , , , , , , , , , , , , , , , , , , , , , , , , 
24.2418462, 0.0224918, , , , , , , 24.2418462, 0.1065843, , , , , , , 24.2418462, 0.0287022, , , , , , , 24.2418462, 0.0273594, , , , , , , , , , , , , , , , , , , , , , , , , , , , 
24.2423654, 0.0250095, , , , , , , 24.2423654, 0.1111162, , , , , , , 24.2423654, 0.0293736, , , , , , , 24.2423654, 0.0258488, , , , , , , , , , , , , , , , , , , , , , , , , , , , 
24.2428846, 0.0320592, , , , , , , 24.2428846, 0.1240406, , , , , , , 24.2428846, 0.0253452, , , , , , , 24.2428846, 0.0258488, , , , , , , , , , , , , , , , , , , , , , , , , , , , 
24.2434038, 0.0387732, , , , , , , 24.2434038, 0.0958419, , , , , , , 24.2434038, 0.0182956, , , , , , , 24.2434038, 0.0250095, , , , , , , , , , , , , , , , , , , , , , , , , , , , 
24.2439231, 0.0399481, , , , , , , 24.2439231, 0.0297093, , , , , , , 24.2439231, 0.0109102, , , , , , , 24.2439231, 0.0199741, , , , , , , , , , , , , , , , , , , , , , , , , , , , 
24.2444423, 0.0426337, , , , , , , 24.2444423, 0.0065461, , , , , , , 24.2444423, -0.0018463, , , , , , , 24.2444423, 0.0137636, , , , , , , , , , , , , , , , , , , , , , , , , , , , 
24.2449615, 0.0464942, , , , , , , 24.2449615, 0.0392767, , , , , , , 24.2449615, -0.0169528, , , , , , , 24.2449615, 0.008896, , , , , , , , , , , , , , , , , , , , , , , , , , , , 
24.2454808, 0.0451514, , , , , , , 24.2454808, 0.0468299, , , , , , , 24.2454808, -0.0271916, , , , , , , 24.2454808, 0.0063783, , , , , , , , , , , , , , , , , , , , , , , , , , , , 
24.246, 0.0347448, , , , , , , 24.246, 0.002182, , , , , , , 24.246, -0.033402, , , , , , , 24.246, 0.0082246, , , , , , , , , , , , , , , , , , , , , , , , , , , , 
24.2465192, 0.0234989, , , , , , , 24.2465192, -0.0636149, , , , , , , 24.2465192, -0.0370947, , , , , , , 24.2465192, 0.0109102, , , , , , , , , , , , , , , , , , , , , , , , , , , , 
24.2470385, 0.0186313, , , , , , , 24.2470385, -0.1132982, , , , , , , 24.2470385, -0.0386053, , , , , , , 24.2470385, 0.0099031, , , , , , , , , , , , , , , , , , , , , , , , , , , , 
24.2475577, 0.0263523, , , , , , , 24.2475577, -0.1337758, , , , , , , 24.2475577, -0.0406195, , , , , , , 24.2475577, 0.0018463, , , , , , , , , , , , , , , , , , , , , , , , , , , , 
24.2480769, 0.0505226, , , , , , , 24.2480769, -0.1337758, , , , , , , 24.2480769, -0.040116, , , , , , , 24.2480769, -0.0135958, , , , , , , , , , , , , , , , , , , , , , , , , , , , 
24.2485962, 0.0782177, , , , , , , 24.2485962, -0.1297475, , , , , , , 24.2485962, -0.0327306, , , , , , , 24.2485962, -0.0256809, , , , , , , , , , , , , , , , , , , , , , , , , , , , 
24.2491154, 0.0978561, , , , , , , 24.2491154, -0.1287404, , , , , , , 24.2491154, -0.0203098, , , , , , , 24.2491154, -0.0330663, , , , , , , , , , , , , , , , , , , , , , , , , , , , 
24.2496346, 0.1104448, , , , , , , 24.2496346, -0.1243763, , , , , , , 24.2496346, -0.0105745, , , , , , , 24.2496346, -0.0381018, , , , , , , , , , , , , , , , , , , , , , , , , , , , 
24.2501538, 0.1200122, , , , , , , 24.2501538, -0.1257191, , , , , , , 24.2501538, -0.0068818, , , , , , , 24.2501538, -0.0394446, , , , , , , , , , , , , , , , , , , , , , , , , , , , 
24.2506731, 0.1240406, , , , , , , 24.2506731, -0.1171588, , , , , , , 24.2506731, -0.0092317, , , , , , , 24.2506731, -0.0364233, , , , , , , , , , , , , , , , , , , , , , , , , , , , 
24.2511923, 0.1163195, , , , , , , 24.2511923, -0.0911421, , , , , , , 24.2511923, -0.0102388, , , , , , , 24.2511923, -0.0310521, , , , , , , , , , , , , , , , , , , , , , , , , , , , 
24.2517115, 0.096849, , , , , , , 24.2517115, -0.0681468, , , , , , , 24.2517115, -0.0085603, , , , , , , 24.2517115, -0.0209812, , , , , , , , , , , , , , , , , , , , , , , , , , , , 
24.2522308, 0.0713359, , , , , , , 24.2522308, -0.061265, , , , , , , 24.2522308, -0.0082246, , , , , , , 24.2522308, -0.0099031, , , , , , , , , , , , , , , , , , , , , , , , , , , , 
24.25275, 0.0491798, , , , , , , 24.25275, -0.0522011, , , , , , , 24.25275, -0.0119173, , , , , , , 24.25275, 0.0006714, , , , , , , , , , , , , , , , , , , , , , , , , , , , 
24.2532692, 0.0325628, , , , , , , 24.2532692, -0.0330663, , , , , , , 24.2532692, -0.0186313, , , , , , , 24.2532692, 0.0102388, , , , , , , , , , , , , , , , , , , , , , , , , , , , 
24.2537885, 0.0132601, , , , , , , 24.2537885, 0.0077211, , , , , , , 24.2537885, -0.018967, , , , , , , 24.2537885, 0.0223239, , , , , , , , , , , , , , , , , , , , , , , , , , , , 
24.2543077, -0.0152743, , , , , , , 24.2543077, 0.0820783, , , , , , , 24.2543077, -0.0109102, , , , , , , 24.2543077, 0.0350805, , , , , , , , , , , , , , , , , , , , , , , , , , , , 
24.2548269, -0.0428016, , , , , , , 24.2548269, 0.1683528, , , , , , , 24.2548269, -0.0015106, , , , , , , 24.2548269, 0.0428016, , , , , , , , , , , , , , , , , , , , , , , , , , , , 
24.2553462, -0.0642863, , , , , , , 24.2553462, 0.2046082, , , , , , , 24.2553462, 0.0085603, , , , , , , 24.2553462, 0.0468299, , , , , , , , , , , , , , , , , , , , , , , , , , , , 
24.2558654, -0.0877852, , , , , , , 24.2558654, 0.1482109, , , , , , , 24.2558654, 0.0209812, , , , , , , 24.2558654, 0.0501869, , , , , , , , , , , , , , , , , , , , , , , , , , , , 
24.2563846, -0.1092699, , , , , , , 24.2563846, 0.0669718, , , , , , , 24.2563846, 0.0394446, , , , , , , 24.2563846, 0.0500191, , , , , , , , , , , , , , , , , , , , , , , , , , , , 
24.2569038, -0.1210193, , , , , , , 24.2569038, 0.0271916, , , , , , , 24.2569038, 0.0674754, , , , , , , 24.2569038, 0.0485084, , , , , , , , , , , , , , , , , , , , , , , , , , , , 
24.2574231, -0.1210193, , , , , , , 24.2574231, 0.0317235, , , , , , , 24.2574231, 0.0997024, , , , , , , 24.2574231, 0.0498512, , , , , , , , , , , , , , , , , , , , , , , , , , , , 
24.2579423, -0.1038987, , , , , , , 24.2579423, 0.0652934, , , , , , , 24.2579423, 0.1273976, , , , , , , 24.2579423, 0.051194, , , , , , , , , , , , , , , , , , , , , , , , , , , , 
24.2584615, -0.0780499, , , , , , , 24.2584615, 0.0929885, , , , , , , 24.2584615, 0.139147, , , , , , , 24.2584615, 0.0481727, , , , , , , , , , , , , , , , , , , , , , , , , , , , 
24.2589808, -0.0508583, , , , , , , 24.2589808, 0.0874495, , , , , , , 24.2589808, 0.139147, , , , , , , 24.2589808, 0.0438087, , , , , , , , , , , , , , , , , , , , , , , , , , , , 
24.2595, -0.0298772, , , , , , , 24.2595, 0.0441444, , , , , , , 24.2595, 0.1394827, , , , , , , 24.2595, 0.0394446, , , , , , , , , , , , , , , , , , , , , , , , , , , , 
24.2600192, -0.0176242, , , , , , , 24.2600192, -0.0186313, , , , , , , 24.2600192, 0.13579, , , , , , , 24.2600192, 0.0357519, , , , , , , , , , , , , , , , , , , , , , , , , , , , 
24.2605385, -0.0085603, , , , , , , 24.2605385, -0.0726787, , , , , , , 24.2605385, 0.1193408, , , , , , , 24.2605385, 0.0327306, , , , , , , , , , , , , , , , , , , , , , , , , , , , 
24.2610577, -0.0018463, , , , , , , 24.2610577, -0.1104448, , , , , , , 24.2610577, 0.0876173, , , , , , , 24.2610577, 0.0290379, , , , , , , , , , , , , , , , , , , , , , , , , , , , 
24.2615769, 0.0058747, , , , , , , 24.2615769, -0.131426, , , , , , , 24.2615769, 0.0428016, , , , , , , 24.2615769, 0.0224918, , , , , , , , , , , , , , , , , , , , , , , , , , , , 
24.2620962, 0.0124208, , , , , , , 24.2620962, -0.1468681, , , , , , , 24.2620962, -0.0154421, , , , , , , 24.2620962, 0.01561, , , , , , , , , , , , , , , , , , , , , , , , , , , , 
24.2626154, 0.0152743, , , , , , , 24.2626154, -0.1653315, , , , , , , 24.2626154, -0.0793927, , , , , , , 24.2626154, 0.0102388, , , , , , , , , , , , , , , , , , , , , , , , , , , , 
24.2631346, 0.0166171, , , , , , , 24.2631346, -0.1686885, , , , , , , 24.2631346, -0.1337758, , , , , , , 24.2631346, 0.0052033, , , , , , , , , , , , , , , , , , , , , , , , , , , , 
24.2636538, 0.0176242, , , , , , , 24.2636538, -0.1572747, , , , , , , 24.2636538, -0.1673457, , , , , , , 24.2636538, 0.0025177, , , , , , , , , , , , , , , , , , , , , , , , , , , , 
24.2641731, 0.0219883, , , , , , , 24.2641731, -0.1545892, , , , , , , 24.2641731, -0.1807736, , , , , , , 24.2641731, 0.0025177, , , , , , , , , , , , , , , , , , , , , , , , , , , , 
24.2646923, 0.0307164, , , , , , , 24.2646923, -0.1681849, , , , , , , 24.2646923, -0.1767453, , , , , , , 24.2646923, 0.003357, , , , , , , , , , , , , , , , , , , , , , , , , , , , 
24.2652115, 0.0347448, , , , , , , 24.2652115, -0.16701, , , , , , , 24.2652115, -0.1628138, , , , , , , 24.2652115, 0.0038605, , , , , , , , , , , , , , , , , , , , , , , , , , , , 
24.2657308, 0.0339055, , , , , , , 24.2657308, -0.1310903, , , , , , , 24.2657308, -0.1435111, , , , , , , 24.2657308, 0.0058747, , , , , , , , , , , , , , , , , , , , , , , , , , , , 
24.26625, 0.0360876, , , , , , , 24.26625, -0.0854353, , , , , , , 24.26625, -0.1198444, , , , , , , 24.26625, 0.0072175, , , , , , , , , , , , , , , , , , , , , , , , , , , , 
24.2667692, 0.0374304, , , , , , , 24.2667692, -0.0505226, , , , , , , 24.2667692, -0.0918135, , , , , , , 24.2667692, 0.0025177, , , , , , , , , , , , , , , , , , , , , , , , , , , , 
24.2672885, 0.0426337, , , , , , , 24.2672885, -0.0292058, , , , , , , 24.2672885, -0.0622721, , , , , , , 24.2672885, -0.0085603, , , , , , , , , , , , , , , , , , , , , , , , , , , , 
24.2678077, 0.0572366, , , , , , , 24.2678077, -0.0229953, , , , , , , 24.2678077, -0.0461585, , , , , , , 24.2678077, -0.023331, , , , , , , , , , , , , , , , , , , , , , , , , , , , 
24.2683269, 0.0829175, , , , , , , 24.2683269, -0.0030213, , , , , , , 24.2683269, -0.0485084, , , , , , , 24.2683269, -0.0350805, , , , , , , , , , , , , , , , , , , , , , , , , , , , 
24.2688462, 0.1018845, , , , , , , 24.2688462, 0.0522011, , , , , , , 24.2688462, -0.0589151, , , , , , , 24.2688462, -0.0411231, , , , , , , , , , , , , , , , , , , , , , , , , , , , 
24.2693654, 0.1085985, , , , , , , 24.2693654, 0.1176623, , , , , , , 24.2693654, -0.0736858, , , , , , , 24.2693654, -0.0438087, , , , , , , , , , , , , , , , , , , , , , , , , , , , 
24.2698846, 0.111284, , , , , , , 24.2698846, 0.1629816, , , , , , , 24.2698846, -0.0837568, , , , , , , 24.2698846, -0.043473, , , , , , , , , , , , , , , , , , , , , , , , , , , , 
24.2704038, 0.1132982, , , , , , , 24.2704038, 0.1817807, , , , , , , 24.2704038, -0.0854353, , , , , , , 24.2704038, -0.0386053, , , , , , , , , , , , , , , , , , , , , , , , , , , , 
24.2709231, 0.1119554, , , , , , , 24.2709231, 0.1764096, , , , , , , 24.2709231, -0.0807355, , , , , , , 24.2709231, -0.0325628, , , , , , , , , , , , , , , , , , , , , , , , , , , , 
24.2714423, 0.1012131, , , , , , , 24.2714423, 0.1455253, , , , , , , 24.2714423, -0.0740215, , , , , , , 24.2714423, -0.0250095, , , , , , , , , , , , , , , , , , , , , , , , , , , , 
24.2719615, 0.0840925, , , , , , , 24.2719615, 0.1055772, , , , , , , 24.2719615, -0.0666361, , , , , , , 24.2719615, -0.0166171, , , , , , , , , , , , , , , , , , , , , , , , , , , , 
24.2724808, 0.0632792, , , , , , , 24.2724808, 0.0652934, , , , , , , 24.2724808, -0.0605936, , , , , , , 24.2724808, -0.008896, , , , , , , , , , , , , , , , , , , , , , , , , , , , 
24.273, 0.0428016, , , , , , , 24.273, 0.0265202, , , , , , , 24.273, -0.0605936, , , , , , , 24.273, -0.0005035, , , , , , , , , , , , , , , , , , , , , , , , , , , , 
24.2735192, 0.0236667, , , , , , , 24.2735192, 0.0119173, , , , , , , 24.2735192, -0.0656291, , , , , , , 24.2735192, 0.008896, , , , , , , , , , , , , , , , , , , , , , , , , , , , 
24.2740385, -0.0025177, , , , , , , 24.2740385, 0.0347448, , , , , , , 24.2740385, -0.0666361, , , , , , , 24.2740385, 0.0218204, , , , , , , , , , , , , , , , , , , , , , , , , , , , 
24.2745577, -0.03122, , , , , , , 24.2745577, 0.0461585, , , , , , , 24.2745577, -0.0538796, , , , , , , 24.2745577, 0.0318914, , , , , , , , , , , , , , , , , , , , , , , , , , , , 
24.2750769, -0.0585794, , , , , , , 24.2750769, 0.011078, , , , , , , 24.2750769, -0.0305486, , , , , , , 24.2750769, 0.036759, , , , , , , , , , , , , , , , , , , , , , , , , , , , 
24.2755962, -0.0817426, , , , , , , 24.2755962, -0.0236667, , , , , , , 24.2755962, -0.0085603, , , , , , , 24.2755962, 0.0438087, , , , , , , , , , , , , , , , , , , , , , , , , , , , 
24.2761154, -0.102388, , , , , , , 24.2761154, -0.0008392, , , , , , , 24.2761154, 0.005539, , , , , , , 24.2761154, 0.0575723, , , , , , , , , , , , , , , , , , , , , , , , , , , , 
24.2766346, -0.121355, , , , , , , 24.2766346, 0.0313878, , , , , , , 24.2766346, 0.0172885, , , , , , , 24.2766346, 0.0733501, , , , , , , , , , , , , , , , , , , , , , , , , , , , 
24.2771538, -0.1319295, , , , , , , 24.2771538, 0.0092317, , , , , , , 24.2771538, 0.0287022, , , , , , , 24.2771538, 0.0874495, , , , , , , , , , , , , , , , , , , , , , , , , , , , 
24.2776731, -0.1250477, , , , , , , 24.2776731, -0.0421302, , , , , , , 24.2776731, 0.0414588, , , , , , , 24.2776731, 0.0936599, , , , , , , , , , , , , , , , , , , , , , , , , , , , 
24.2781923, -0.100206, , , , , , , 24.2781923, -0.0733501, , , , , , , 24.2781923, 0.0522011, , , , , , , 24.2781923, 0.0869459, , , , , , , , , , , , , , , , , , , , , , , , , , , , 
24.2787115, -0.0728466, , , , , , , 24.2787115, -0.0686503, , , , , , , 24.2787115, 0.0595865, , , , , , , 24.2787115, 0.072343, , , , , , , , , , , , , , , , , , , , , , , , , , , , 
24.2792308, -0.0525368, , , , , , , 24.2792308, -0.0548867, , , , , , , 24.2792308, 0.0654612, , , , , , , 24.2792308, 0.0595865, , , , , , , , , , , , , , , , , , , , , , , , , , , , 
24.27975, -0.0347448, , , , , , , 24.27975, -0.064622, , , , , , , 24.27975, 0.0686503, , , , , , , 24.27975, 0.0491798, , , , , , , , , , , , , , , , , , , , , , , , , , , , 
24.2802692, -0.0135958, , , , , , , 24.2802692, -0.0877852, , , , , , , 24.2802692, 0.0683146, , , , , , , 24.2802692, 0.0394446, , , , , , , , , , , , , , , , , , , , , , , , , , , , 
24.2807885, 0.0085603, , , , , , , 24.2807885, -0.093492, , , , , , , 24.2807885, 0.0642863, , , , , , , 24.2807885, 0.0293736, , , , , , , , , , , , , , , , , , , , , , , , , , , , 
24.2813077, 0.0199741, , , , , , , 24.2813077, -0.0592508, , , , , , , 24.2813077, 0.0575723, , , , , , , 24.2813077, 0.0209812, , , , , , , , , , , , , , , , , , , , , , , , , , , , 
24.2818269, 0.0246738, , , , , , , 24.2818269, -0.002182, , , , , , , 24.2818269, 0.0548867, , , , , , , 24.2818269, 0.0152743, , , , , , , , , , , , , , , , , , , , , , , , , , , , 
24.2823462, 0.0263523, , , , , , , 24.2823462, 0.023331, , , , , , , 24.2823462, 0.0532082, , , , , , , 24.2823462, 0.0099031, , , , , , , , , , , , , , , , , , , , , , , , , , , , 
24.2828654, 0.0263523, , , , , , , 24.2828654, 0.0130922, , , , , , , 24.2828654, 0.049012, , , , , , , 24.2828654, 0.0038605, , , , , , , , , , , , , , , , , , , , , , , , , , , , 
24.2833846, 0.0270237, , , , , , , 24.2833846, -0.0031891, , , , , , , 24.2833846, 0.0438087, , , , , , , 24.2833846, -0.0015106, , , , , , , , , , , , , , , , , , , , , , , , , , , , 
24.2839038, 0.0273594, , , , , , , 24.2839038, -0.0132601, , , , , , , 24.2839038, 0.0387732, , , , , , , 24.2839038, -0.0038605, , , , , , , , , , , , , , , , , , , , , , , , , , , , 
24.2844231, 0.030045, , , , , , , 24.2844231, -0.0203098, , , , , , , 24.2844231, 0.0339055, , , , , , , 24.2844231, -0.0031891, , , , , , , , , , , , , , , , , , , , , , , , , , , , 
24.2849423, 0.0332341, , , , , , , 24.2849423, -0.0142672, , , , , , , 24.2849423, 0.027863, , , , , , , 24.2849423, -0.0036927, , , , , , , , , , , , , , , , , , , , , , , , , , , , 
24.2854615, 0.0339055, , , , , , , 24.2854615, 0.0065461, , , , , , , 24.2854615, 0.0196384, , , , , , , 24.2854615, -0.0052033, , , , , , , , , , , , , , , , , , , , , , , , , , , , 
24.2859808, 0.0354162, , , , , , , 24.2859808, 0.0337377, , , , , , , 24.2859808, 0.0169528, , , , , , , 24.2859808, -0.0046998, , , , , , , , , , , , , , , , , , , , , , , , , , , , 
24.2865, 0.0360876, , , , , , , 24.2865, 0.0696574, , , , , , , 24.2865, 0.0229953, , , , , , , 24.2865, 0.0005035, , , , , , , , , , , , , , , , , , , , , , , , , , , , 
24.2870192, 0.0340734, , , , , , , 24.2870192, 0.1045701, , , , , , , 24.2870192, 0.030045, , , , , , , 24.2870192, 0.0057069, , , , , , , , , , , , , , , , , , , , , , , , , , , , 
24.2875385, 0.040116, , , , , , , 24.2875385, 0.1111162, , , , , , , 24.2875385, 0.0313878, , , , , , , 24.2875385, 0.0025177, , , , , , , , , , , , , , , , , , , , , , , , , , , , 
24.2880577, 0.0607614, , , , , , , 24.2880577, 0.0850996, , , , , , , 24.2880577, 0.0280308, , , , , , , 24.2880577, -0.0109102, , , , , , , , , , , , , , , , , , , , , , , , , , , , 
24.2885769, 0.0877852, , , , , , , 24.2885769, 0.0485084, , , , , , , 24.2885769, 0.0283665, , , , , , , 24.2885769, -0.0224918, , , , , , , , , , , , , , , , , , , , , , , , , , , , 
24.2890962, 0.1089342, , , , , , , 24.2890962, 0.0436408, , , , , , , 24.2890962, 0.0307164, , , , , , , 24.2890962, -0.0229953, , , , , , , , , , , , , , , , , , , , , , , , , , , , 
24.2896154, 0.1196765, , , , , , , 24.2896154, 0.0498512, , , , , , , 24.2896154, 0.0345769, , , , , , , 24.2896154, -0.0196384, , , , , , , , , , , , , , , , , , , , , , , , , , , , 
24.2901346, 0.124712, , , , , , , 24.2901346, 0.0199741, , , , , , , 24.2901346, 0.0364233, , , , , , , 24.2901346, -0.0169528, , , , , , , , , , , , , , , , , , , , , , , , , , , , 
24.2906538, 0.1253834, , , , , , , 24.2906538, -0.0394446, , , , , , , 24.2906538, 0.0344091, , , , , , , 24.2906538, -0.01561, , , , , , , , , , , , , , , , , , , , , , , , , , , , 
24.2911731, 0.1206836, , , , , , , 24.2911731, -0.0758679, , , , , , , 24.2911731, 0.0280308, , , , , , , 24.2911731, -0.0151064, , , , , , , , , , , , , , , , , , , , , , , , , , , , 
24.2916923, 0.1085985, , , , , , , 24.2916923, -0.0760357, , , , , , , 24.2916923, 0.0229953, , , , , , , 24.2916923, -0.012253, , , , , , , , , , , , , , , , , , , , , , , , , , , , 
24.2922115, 0.0850996, , , , , , , 24.2922115, -0.0770428, , , , , , , 24.2922115, 0.0203098, , , , , , , 24.2922115, -0.0045319, , , , , , , , , , , , , , , , , , , , , , , , , , , , 
24.2927308, 0.0642863, , , , , , , 24.2927308, -0.0840925, , , , , , , 24.2927308, 0.0186313, , , , , , , 24.2927308, 0.0011749, , , , , , , , , , , , , , , , , , , , , , , , , , , , 
24.29325, 0.051194, , , , , , , 24.29325, -0.0748608, , , , , , , 24.29325, 0.0166171, , , , , , , 24.29325, 0.0038605, , , , , , , , , , , , , , , , , , , , , , , , , , , , 
24.2937692, 0.0347448, , , , , , , 24.2937692, -0.0676432, , , , , , , 24.2937692, 0.0129244, , , , , , , 24.2937692, 0.0085603, , , , , , , , , , , , , , , , , , , , , , , , , , , , 
24.2942885, 0.0105745, , , , , , , 24.2942885, -0.0861067, , , , , , , 24.2942885, 0.0060426, , , , , , , 24.2942885, 0.0162814, , , , , , , , , , , , , , , , , , , , , , , , , , , , 
24.2948077, -0.0224918, , , , , , , 24.2948077, -0.1190051, , , , , , , 24.2948077, 0.0008392, , , , , , , 24.2948077, 0.0240024, , , , , , , , , , , , , , , , , , , , , , , , , , , , 
24.2953269, -0.0515297, , , , , , , 24.2953269, -0.1453574, , , , , , , 24.2953269, 0.0011749, , , , , , , 24.2953269, 0.0303807, , , , , , , , , , , , , , , , , , , , , , , , , , , , 
24.2958462, -0.0736858, , , , , , , 24.2958462, -0.1482109, , , , , , , 24.2958462, 0.0102388, , , , , , , 24.2958462, 0.0359197, , , , , , , , , , , , , , , , , , , , , , , , , , , , 
24.2963654, -0.0861067, , , , , , , 24.2963654, -0.110277, , , , , , , 24.2963654, 0.023331, , , , , , , 24.2963654, 0.0396124, , , , , , , , , , , , , , , , , , , , , , , , , , , , 
24.2968846, -0.0881209, , , , , , , 24.2968846, -0.0337377, , , , , , , 24.2968846, 0.030045, , , , , , , 24.2968846, 0.0417945, , , , , , , , , , , , , , , , , , , , , , , , , , , , 
24.2974038, -0.0820783, , , , , , , 24.2974038, 0.0411231, , , , , , , 24.2974038, 0.0253452, , , , , , , 24.2974038, 0.0387732, , , , , , , , , , , , , , , , , , , , , , , , , , , , 
24.2979231, 0.0238346, , , , , , , 24.2979231, 0.0797284, , , , , , , 24.2979231, 0.0146029, , , , , , , 24.2979231, 0.0332341, , , , , , , , , , , , , , , , , , , , , , , , , , , , 
24.2984423, 0.2804761, , , , , , , 24.2984423, 0.0793927, , , , , , , 24.2984423, 0.0018463, , , , , , , 24.2984423, 0.0273594, , , , , , , , , , , , , , , , , , , , , , , , , , , , 
24.2989615, 0.4134127, , , , , , , 24.2989615, 0.0480049, , , , , , , 24.2989615, -0.0092317, , , , , , , 24.2989615, 0.021149, , , , , , , , , , , , , , , , , , , , , , , , , , , , 
24.2994808, 0.3801785, , , , , , , 24.2994808, -0.0043641, , , , , , , 24.2994808, -0.0219883, , , , , , , 24.2994808, 0.014435, , , , , , , , , , , , , , , , , , , , , , , , , , , , 
24.3, 0.321767, , , , , , , 24.3, -0.0532082, , , , , , , 24.3, -0.0372625, , , , , , , 24.3, 0.0104067, , , , , , , , , , , , , , , , , , , , , , , , , , , , 
24.3005192, 0.2845045, , , , , , , 24.3005192, -0.0787213, , , , , , , 24.3005192, -0.0542153, , , , , , , 24.3005192, 0.0078889, , , , , , , , , , , , , , , , , , , , , , , , , , , , 
24.3010385, 0.2529488, , , , , , , 24.3010385, -0.0861067, , , , , , , 24.3010385, -0.0673075, , , , , , , 24.3010385, 0.0048676, , , , , , , , , , , , , , , , , , , , , , , , , , , , 
24.3015577, 0.2109865, , , , , , , 24.3015577, -0.0743572, , , , , , , 24.3015577, -0.0753643, , , , , , , 24.3015577, 0.0011749, , , , , , , , , , , , , , , , , , , , , , , , , , , , 
24.3020769, 0.1616388, , , , , , , 24.3020769, -0.0340734, , , , , , , 24.3020769, -0.0767071, , , , , , , 24.3020769, -0.0028534, , , , , , , , , , , , , , , , , , , , , , , , , , , , 
24.3025962, 0.1159838, , , , , , , 24.3025962, 0.0082246, , , , , , , 24.3025962, -0.0736858, , , , , , , 24.3025962, -0.0057069, , , , , , , , , , , , , , , , , , , , , , , , , , , , 
24.3031154, 0.0817426, , , , , , , 24.3031154, 0.0260166, , , , , , , 24.3031154, -0.0678111, , , , , , , 24.3031154, -0.0052033, , , , , , , , , , , , , , , , , , , , , , , , , , , , 
24.3036346, 0.0503548, , , , , , , 24.3036346, 0.0310521, , , , , , , 24.3036346, -0.0605936, , , , , , , 24.3036346, -0.0023499, , , , , , , , , , , , , , , , , , , , , , , , , , , , 
24.3041538, 0.018967, , , , , , , 24.3041538, 0.0407874, , , , , , , 24.3041538, -0.0501869, , , , , , , 24.3041538, 0.0018463, , , , , , , , , , , , , , , , , , , , , , , , , , , , 
24.3046731, -0.0045319, , , , , , , 24.3046731, 0.0572366, , , , , , , 24.3046731, -0.0399481, , , , , , , 24.3046731, 0.0085603, , , , , , , , , , , , , , , , , , , , , , , , , , , , 
24.3051923, -0.0236667, , , , , , , 24.3051923, 0.0686503, , , , , , , 24.3051923, -0.0370947, , , , , , , 24.3051923, 0.0146029, , , , , , , , , , , , , , , , , , , , , , , , , , , , 
24.3057115, -0.0438087, , , , , , , 24.3057115, 0.0770428, , , , , , , 24.3057115, -0.0411231, , , , , , , 24.3057115, 0.0186313, , , , , , , , , , , , , , , , , , , , , , , , , , , , 
24.3062308, -0.0555581, , , , , , , 24.3062308, 0.0904707, , , , , , , 24.3062308, -0.0473335, , , , , , , 24.3062308, 0.0236667, , , , , , , , , , , , , , , , , , , , , , , , , , , , 
24.30675, -0.0619364, , , , , , , 24.30675, 0.0904707, , , , , , , 24.30675, -0.0481727, , , , , , , 24.30675, 0.0287022, , , , , , , , , , , , , , , , , , , , , , , , , , , , 
24.3072692, -0.0679789, , , , , , , 24.3072692, 0.0710002, , , , , , , 24.3072692, -0.0417945, , , , , , , 24.3072692, 0.0318914, , , , , , , , , , , , , , , , , , , , , , , , , , , , 
24.3077885, -0.06009, , , , , , , 24.3077885, 0.0525368, , , , , , , 24.3077885, -0.0283665, , , , , , , 24.3077885, 0.0285344, , , , , , , , , , , , , , , , , , , , , , , , , , , , 
24.3083077, -0.0407874, , , , , , , 24.3083077, 0.0374304, , , , , , , 24.3083077, -0.0135958, , , , , , , 24.3083077, 0.0191348, , , , , , , , , , , , , , , , , , , , , , , , , , , , 
24.3088269, -0.0263523, , , , , , , 24.3088269, 0.0441444, , , , , , , 24.3088269, -0.0068818, , , , , , , 24.3088269, 0.0112459, , , , , , , , , , , , , , , , , , , , , , , , , , , , 
24.3093462, -0.0218204, , , , , , , 24.3093462, 0.0810712, , , , , , , 24.3093462, -0.0095674, , , , , , , 24.3093462, 0.005539, , , , , , , , , , , , , , , , , , , , , , , , , , , , 
24.3098654, -0.0172885, , , , , , , 24.3098654, 0.1176623, , , , , , , 24.3098654, -0.0166171, , , , , , , 24.3098654, 0.0001678, , , , , , , , , , , , , , , , , , , , , , , , , , , , 
24.3103846, -0.012253, , , , , , , 24.3103846, 0.1388113, , , , , , , 24.3103846, -0.0203098, , , , , , , 24.3103846, -0.002182, , , , , , , , , , , , , , , , , , , , , , , , , , , , 
24.3109038, -0.0109102, , , , , , , 24.3109038, 0.1421683, , , , , , , 24.3109038, -0.0240024, , , , , , , 24.3109038, -0.0028534, , , , , , , , , , , , , , , , , , , , , , , , , , , , 
24.3114231, -0.0142672, , , , , , , 24.3114231, 0.1032273, , , , , , , 24.3114231, -0.0292058, , , , , , , 24.3114231, -0.0011749, , , , , , , , , , , , , , , , , , , , , , , , , , , , 
24.3119423, -0.0350805, , , , , , , 24.3119423, 0.0179599, , , , , , , 24.3119423, -0.0364233, , , , , , , 24.3119423, 0.0018463, , , , , , , , , , , , , , , , , , , , , , , , , , , , 
24.3124615, -0.0666361, , , , , , , 24.3124615, -0.0552224, , , , , , , 24.3124615, -0.0377661, , , , , , , 24.3124615, 0.0065461, , , , , , , , , , , , , , , , , , , , , , , , , , , , 
24.3129808, -0.0918135, , , , , , , 24.3129808, -0.1049058, , , , , , , 24.3129808, -0.0328985, , , , , , , 24.3129808, 0.0132601, , , , , , , , , , , , , , , , , , , , , , , , , , , , 
24.3135, -0.1119554, , , , , , , 24.3135, -0.1668421, , , , , , , 24.3135, -0.0270237, , , , , , , 24.3135, 0.0176242, , , , , , , , , , , , , , , , , , , , , , , , , , , , 
24.3140192, -0.1351186, , , , , , , 24.3140192, -0.212665, , , , , , , 24.3140192, -0.0283665, , , , , , , 24.3140192, 0.0199741, , , , , , , , , , , , , , , , , , , , , , , , , , , , 
24.3145385, -0.1613031, , , , , , , 24.3145385, -0.2130007, , , , , , , 24.3145385, -0.0290379, , , , , , , 24.3145385, 0.023331, , , , , , , , , , , , , , , , , , , , , , , , , , , , 
24.3150577, -0.1876555, , , , , , , 24.3150577, -0.1943694, , , , , , , 24.3150577, -0.0203098, , , , , , , 24.3150577, 0.0280308, , , , , , , , , , , , , , , , , , , , , , , , , , , , 
24.3155769, -0.2083009, , , , , , , 24.3155769, -0.1747311, , , , , , , 24.3155769, -0.0065461, , , , , , , 24.3155769, 0.0337377, , , , , , , , , , , , , , , , , , , , , , , , , , , , 
24.3160962, -0.2210575, , , , , , , 24.3160962, -0.1414969, , , , , , , 24.3160962, 0.0057069, , , , , , , 24.3160962, 0.0397803, , , , , , , , , , , , , , , , , , , , , , , , , , , , 
24.3166154, -0.2297856, , , , , , , 24.3166154, -0.0975204, , , , , , , 24.3166154, 0.0152743, , , , , , , 24.3166154, 0.0459907, , , , , , , , , , , , , , , , , , , , , , , , , , , , 
24.3171346, -0.237171, , , , , , , 24.3171346, -0.0540475, , , , , , , 24.3171346, 0.0276951, , , , , , , 24.3171346, 0.0515297, , , , , , , , , , , , , , , , , , , , , , , , , , , , 
24.3176538, -0.2324712, , , , , , , 24.3176538, -0.0203098, , , , , , , 24.3176538, 0.0424659, , , , , , , 24.3176538, 0.0495155, , , , , , , , , , , , , , , , , , , , , , , , , , , , 
24.3181731, -0.2096437, , , , , , , 24.3181731, 0.0030213, , , , , , , 24.3181731, 0.0575723, , , , , , , 24.3181731, 0.0370947, , , , , , , , , , , , , , , , , , , , , , , , , , , , 
24.3186923, -0.1817807, , , , , , , 24.3186923, 0.0142672, , , , , , , 24.3186923, 0.0710002, , , , , , , 24.3186923, 0.0223239, , , , , , , , , , , , , , , , , , , , , , , , , , , , 
24.3192115, -0.1592889, , , , , , , 24.3192115, 0.0186313, , , , , , , 24.3192115, 0.0844282, , , , , , , 24.3192115, 0.0109102, , , , , , , , , , , , , , , , , , , , , , , , , , , , 
24.3197308, -0.139147, , , , , , , 24.3197308, 0.0240024, , , , , , , 24.3197308, 0.0938277, , , , , , , 24.3197308, -0.0018463, , , , , , , , , , , , , , , , , , , , , , , , , , , , 
24.32025, -0.1196765, , , , , , , 24.32025, 0.0063783, , , , , , , 24.32025, 0.0975204, , , , , , , 24.32025, -0.0129244, , , , , , , , , , , , , , , , , , , , , , , , , , , , 
24.3207692, -0.100206, , , , , , , 24.3207692, -0.0229953, , , , , , , 24.3207692, 0.0931563, , , , , , , 24.3207692, -0.0182956, , , , , , , , , , , , , , , , , , , , , , , , , , , , 
24.3212885, -0.0817426, , , , , , , 24.3212885, -0.0370947, , , , , , , 24.3212885, 0.0760357, , , , , , , 24.3212885, -0.0196384, , , , , , , , , , , , , , , , , , , , , , , , , , , , 
24.3218077, -0.0730144, , , , , , , 24.3218077, -0.0313878, , , , , , , 24.3218077, 0.0558938, , , , , , , 24.3218077, -0.0157778, , , , , , , , , , , , , , , , , , , , , , , , , , , , 
24.3223269, -0.0654612, , , , , , , 24.3223269, 0.0095674, , , , , , , 24.3223269, 0.0387732, , , , , , , 24.3223269, -0.0109102, , , , , , , , , , , , , , , , , , , , , , , , , , , , 
24.3228462, -0.0528725, , , , , , , 24.3228462, 0.0871138, , , , , , , 24.3228462, 0.0199741, , , , , , , 24.3228462, -0.0065461, , , , , , , , , , , , , , , , , , , , , , , , , , , , 
24.3233654, -0.0391089, , , , , , , 24.3233654, 0.1388113, , , , , , , 24.3233654, -0.0018463, , , , , , , 24.3233654, -0.0001678, , , , , , , , , , , , , , , , , , , , , , , , , , , , 
24.3238846, -0.0246738, , , , , , , 24.3238846, 0.1455253, , , , , , , 24.3238846, -0.0229953, , , , , , , 24.3238846, 0.0048676, , , , , , , , , , , , , , , , , , , , , , , , , , , , 
24.3244038, -0.0152743, , , , , , , 24.3244038, 0.1320974, , , , , , , 24.3244038, -0.043473, , , , , , , 24.3244038, 0.0048676, , , , , , , , , , , , , , , , , , , , , , , , , , , , 
24.3249231, -0.0070497, , , , , , , 24.3249231, 0.0904707, , , , , , , 24.3249231, -0.0664683, , , , , , , 24.3249231, 0.0018463, , , , , , , , , , , , , , , , , , , , , , , , , , , , 
24.3254423, 0.0011749, , , , , , , 24.3254423, 0.0280308, , , , , , , 24.3254423, -0.0918135, , , , , , , 24.3254423, -0.003357, , , , , , , , , , , , , , , , , , , , , , , , , , , , 
24.3259615, 0.0070497, , , , , , , 24.3259615, -0.0082246, , , , , , , 24.3259615, -0.1129625, , , , , , , 24.3259615, -0.0078889, , , , , , , , , , , , , , , , , , , , , , , , , , , , 
24.3264808, 0.0112459, , , , , , , 24.3264808, -0.0010071, , , , , , , 24.3264808, -0.1250477, , , , , , , 24.3264808, -0.0072175, , , , , , , , , , , , , , , , , , , , , , , , , , , , 
24.327, 0.0206455, , , , , , , 24.327, 0.0063783, , , , , , , 24.327, -0.1307546, , , , , , , 24.327, -0.0038605, , , , , , , , , , , , , , , , , , , , , , , , , , , , 
24.3275192, 0.0387732, , , , , , , 24.3275192, -0.017792, , , , , , , 24.3275192, -0.1297475, , , , , , , 24.3275192, -0.002182, , , , , , , , , , , , , , , , , , , , , , , , , , , , 
24.3280385, 0.0602579, , , , , , , 24.3280385, -0.057908, , , , , , , 24.3280385, -0.1206836, , , , , , , 24.3280385, -0.005539, , , , , , , , , , , , , , , , , , , , , , , , , , , , 
24.3285577, 0.0809033, , , , , , , 24.3285577, -0.0850996, , , , , , , 24.3285577, -0.1049058, , , , , , , 24.3285577, -0.0114137, , , , , , , , , , , , , , , , , , , , , , , , , , , , 
24.3290769, 0.0971847, , , , , , , 24.3290769, -0.0990311, , , , , , , 24.3290769, -0.0834211, , , , , , , 24.3290769, -0.012253, , , , , , , , , , , , , , , , , , , , , , , , , , , , 
24.3295962, 0.1092699, , , , , , , 24.3295962, -0.1038987, , , , , , , 24.3295962, -0.0626078, , , , , , , 24.3295962, -0.0083925, , , , , , , , , , , , , , , , , , , , , , , , , , , , 
24.3301154, 0.1166552, , , , , , , 24.3301154, -0.1116197, , , , , , , 24.3301154, -0.0448157, , , , , , , 24.3301154, -0.0008392, , , , , , , , , , , , , , , , , , , , , , , , , , , , 
24.3306346, 0.1186694, , , , , , , 24.3306346, -0.1082628, , , , , , , 24.3306346, -0.026688, , , , , , , 24.3306346, 0.0109102, , , , , , , , , , , , , , , , , , , , , , , , , , , , 
24.3311538, 0.1143053, , , , , , , 24.3311538, -0.0760357, , , , , , , 24.3311538, -0.0132601, , , , , , , 24.3311538, 0.0219883, , , , , , , , , , , , , , , , , , , , , , , , , , , , 
24.3316731, 0.1018845, , , , , , , 24.3316731, -0.0414588, , , , , , , 24.3316731, -0.0058747, , , , , , , 24.3316731, 0.0287022, , , , , , , , , , , , , , , , , , , , , , , , , , , , 
24.3321923, 0.0793927, , , , , , , 24.3321923, -0.0303807, , , , , , , 24.3321923, -0.0011749, , , , , , , 24.3321923, 0.0307164, , , , , , , , , , , , , , , , , , , , , , , , , , , , 
24.3327115, 0.0548867, , , , , , , 24.3327115, -0.0209812, , , , , , , 24.3327115, 0.0041962, , , , , , , 24.3327115, 0.0307164, , , , , , , , , , , , , , , , , , , , , , , , , , , , 
24.3332308, 0.0317235, , , , , , , 24.3332308, 0.0072175, , , , , , , 24.3332308, 0.0102388, , , , , , , 24.3332308, 0.0327306, , , , , , , , , , , , , , , , , , , , , , , , , , , , 
24.33375, 0.0038605, , , , , , , 24.33375, 0.0411231, , , , , , , 24.33375, 0.0151064, , , , , , , 24.33375, 0.0384375, , , , , , , , , , , , , , , , , , , , , , , , , , , , 
24.3342692, -0.0243381, , , , , , , 24.3342692, 0.0599222, , , , , , , 24.3342692, 0.0186313, , , , , , , 24.3342692, 0.0458228, , , , , , , , , , , , , , , , , , , , , , , , , , , , 
24.3347885, -0.047837, , , , , , , 24.3347885, 0.0562295, , , , , , , 24.3347885, 0.0193027, , , , , , , 24.3347885, 0.0532082, , , , , , , , , , , , , , , , , , , , , , , , , , , , 
24.3353077, -0.0716716, , , , , , , 24.3353077, 0.0315557, , , , , , , 24.3353077, 0.0157778, , , , , , , 24.3353077, 0.0602579, , , , , , , , , , , , , , , , , , , , , , , , , , , , 
24.3358269, -0.0887922, , , , , , , 24.3358269, -0.0046998, , , , , , , 24.3358269, 0.0132601, , , , , , , 24.3358269, 0.0622721, , , , , , , , , , , , , , , , , , , , , , , , , , , , 
24.3363462, -0.0988632, , , , , , , 24.3363462, -0.0424659, , , , , , , 24.3363462, 0.0159457, , , , , , , 24.3363462, 0.063447, , , , , , , , , , , , , , , , , , , , , , , , , , , , 
24.3368654, -0.1109483, , , , , , , 24.3368654, -0.0862745, , , , , , , 24.3368654, 0.0206455, , , , , , , 24.3368654, 0.0637827, , , , , , , , , , , , , , , , , , , , , , , , , , , , 
24.3373846, -0.1186694, , , , , , , 24.3373846, -0.1169909, , , , , , , 24.3373846, 0.0216526, , , , , , , 24.3373846, 0.0582437, , , , , , , , , , , , , , , , , , , , , , , , , , , , 
24.3379038, -0.1109483, , , , , , , 24.3379038, -0.1003738, , , , , , , 24.3379038, 0.0206455, , , , , , , 24.3379038, 0.0454871, , , , , , , , , , , , , , , , , , , , , , , , , , , , 
24.3384231, -0.0874495, , , , , , , 24.3384231, -0.0538796, , , , , , , 24.3384231, 0.017792, , , , , , , 24.3384231, 0.030045, , , , , , , , , , , , , , , , , , , , , , , , , , , , 
24.3389423, -0.0595865, , , , , , , 24.3389423, -0.0162814, , , , , , , 24.3389423, 0.0105745, , , , , , , 24.3389423, 0.0171206, , , , , , , , , , , , , , , , , , , , , , , , , , , , 
24.3394615, -0.0337377, , , , , , , 24.3394615, 0.0119173, , , , , , , 24.3394615, -0.0018463, , , , , , , 24.3394615, 0.008896, , , , , , , , , , , , , , , , , , , , , , , , , , , , 
24.3399808, -0.0095674, , , , , , , 24.3399808, 0.0439765, , , , , , , 24.3399808, -0.0129244, , , , , , , 24.3399808, 0.0018463, , , , , , , , , , , , , , , , , , , , , , , , , , , , 
24.3405, 0.012253, , , , , , , 24.3405, 0.079057, , , , , , , 24.3405, -0.0162814, , , , , , , 24.3405, -0.0035248, , , , , , , , , , , , , , , , , , , , , , , , , , , , 
24.3410192, 0.030045, , , , , , , 24.3410192, 0.111284, , , , , , , 24.3410192, -0.012253, , , , , , , 24.3410192, -0.0068818, , , , , , , , , , , , , , , , , , , , , , , , , , , , 
24.3415385, 0.0406195, , , , , , , 24.3415385, 0.1300832, , , , , , , 24.3415385, 0.0070497, , , , , , , 24.3415385, -0.0109102, , , , , , , , , , , , , , , , , , , , , , , , , , , , 
24.3420577, 0.0454871, , , , , , , 24.3420577, 0.1337758, , , , , , , 24.3420577, 0.0387732, , , , , , , 24.3420577, -0.0115816, , , , , , , , , , , , , , , , , , , , , , , , , , , , 
24.3425769, 0.0498512, , , , , , , 24.3425769, 0.119173, , , , , , , 24.3425769, 0.0693217, , , , , , , 24.3425769, -0.0085603, , , , , , , , , , , , , , , , , , , , , , , , , , , , 
24.3430962, 0.0558938, , , , , , , 24.3430962, 0.0975204, , , , , , , 24.3430962, 0.0955062, , , , , , , 24.3430962, -0.005539, , , , , , , , , , , , , , , , , , , , , , , , , , , , 
24.3436154, 0.06009, , , , , , , 24.3436154, 0.0681468, , , , , , , 24.3436154, 0.1211872, , , , , , , 24.3436154, -0.0068818, , , , , , , , , , , , , , , , , , , , , , , , , , , , 
24.3441346, 0.0614328, , , , , , , 24.3441346, 0.0397803, , , , , , , 24.3441346, 0.1394827, , , , , , , 24.3441346, -0.0078889, , , , , , , , , , , , , , , , , , , , , , , , , , , , 
24.3446538, 0.0616007, , , , , , , 24.3446538, 0.0495155, , , , , , , 24.3446538, 0.1367971, , , , , , , 24.3446538, -0.0052033, , , , , , , , , , , , , , , , , , , , , , , , , , , , 
24.3451731, 0.0649577, , , , , , , 24.3451731, 0.0809033, , , , , , , 24.3451731, 0.1132982, , , , , , , 24.3451731, -0.0005035, , , , , , , , , , , , , , , , , , , , , , , , , , , , 
24.3456923, 0.0730144, , , , , , , 24.3456923, 0.0988632, , , , , , , 24.3456923, 0.0762036, , , , , , , 24.3456923, 0.0062104, , , , , , , , , , , , , , , , , , , , , , , , , , , , 
24.3462115, 0.0817426, , , , , , , 24.3462115, 0.1284047, , , , , , , 24.3462115, 0.0280308, , , , , , , 24.3462115, 0.0146029, , , , , , , , , , , , , , , , , , , , , , , , , , , , 
24.3467308, 0.0850996, , , , , , , 24.3467308, 0.1414969, , , , , , , 24.3467308, -0.0219883, , , , , , , 24.3467308, 0.0206455, , , , , , , , , , , , , , , , , , , , , , , , , , , , 
24.34725, 0.0887922, , , , , , , 24.34725, 0.0921492, , , , , , , 24.34725, -0.0663005, , , , , , , 24.34725, 0.0169528, , , , , , , , , , , , , , , , , , , , , , , , , , , , 
24.3477692, 0.1084306, , , , , , , 24.3477692, 0.0041962, , , , , , , 24.3477692, -0.0944991, , , , , , , 24.3477692, 0.0058747, , , , , , , , , , , , , , , , , , , , , , , , , , , , 
24.3482885, 0.1430076, , , , , , , 24.3482885, -0.0693217, , , , , , , 24.3482885, -0.10692, , , , , , , 24.3482885, -0.0065461, , , , , , , , , , , , , , , , , , , , , , , , , , , , 
24.3488077, 0.1623102, , , , , , , 24.3488077, -0.1186694, , , , , , , 24.3488077, -0.1106126, , , , , , , 24.3488077, -0.0162814, , , , , , , , , , , , , , , , , , , , , , , , , , , , 
24.3493269, 0.1633173, , , , , , , 24.3493269, -0.1666743, , , , , , , 24.3493269, -0.114641, , , , , , , 24.3493269, -0.0213169, , , , , , , , , , , , , , , , , , , , , , , , , , , , 
24.3498462, 0.1601282, , , , , , , 24.3498462, -0.2230716, , , , , , , 24.3498462, -0.1205158, , , , , , , 24.3498462, -0.0223239, , , , , , , , , , , , , , , , , , , , , , , , , , , , 
24.3503654, 0.1592889, , , , , , , 24.3503654, -0.2559701, , , , , , , 24.3503654, -0.1258869, , , , , , , 24.3503654, -0.0193027, , , , , , , , , , , , , , , , , , , , , , , , , , , , 
24.3508846, 0.1515679, , , , , , , 24.3508846, -0.2294499, , , , , , , 24.3508846, -0.1284047, , , , , , , 24.3508846, -0.012253, , , , , , , , , , , , , , , , , , , , , , , , , , , , 
24.3514038, 0.131426, , , , , , , 24.3514038, -0.1359579, , , , , , , 24.3514038, -0.1277333, , , , , , , 24.3514038, -0.0008392, , , , , , , , , , , , , , , , , , , , , , , , , , , , 
24.3519231, 0.1059129, , , , , , , 24.3519231, -0.0176242, , , , , , , 24.3519231, -0.1240406, , , , , , , 24.3519231, 0.0159457, , , , , , , , , , , , , , , , , , , , , , , , , , , , 
24.3524423, 0.0830854, , , , , , , 24.3524423, 0.0814069, , , , , , , 24.3524423, -0.1163195, , , , , , , 24.3524423, 0.0290379, , , , , , , , , , , , , , , , , , , , , , , , , , , , 
24.3529615, 0.0629435, , , , , , , 24.3529615, 0.1164874, , , , , , , 24.3529615, -0.1054093, , , , , , , 24.3529615, 0.0337377, , , , , , , , , , , , , , , , , , , , , , , , , , , , 
24.3534808, 0.0414588, , , , , , , 24.3534808, 0.0864424, , , , , , , 24.3534808, -0.0906386, , , , , , , 24.3534808, 0.0374304, , , , , , , , , , , , , , , , , , , , , , , , , , , , 
24.354, 0.0166171, , , , , , , 24.354, 0.0209812, , , , , , , 24.354, -0.0740215, , , , , , , 24.354, 0.0431373, , , , , , , , , , , , , , , , , , , , , , , , , , , , 
24.3545192, -0.0129244, , , , , , , 24.3545192, -0.0310521, , , , , , , 24.3545192, -0.0518654, , , , , , , 24.3545192, 0.0495155, , , , , , , , , , , , , , , , , , , , , , , , , , , , 
24.3550385, -0.0414588, , , , , , , 24.3550385, -0.0461585, , , , , , , 24.3550385, -0.0293736, , , , , , , 24.3550385, 0.0562295, , , , , , , , , , , , , , , , , , , , , , , , , , , , 
24.3555577, -0.0663005, , , , , , , 24.3555577, -0.0673075, , , , , , , 24.3555577, -0.0132601, , , , , , , 24.3555577, 0.0599222, , , , , , , , , , , , , , , , , , , , , , , , , , , , 
24.3560769, -0.0877852, , , , , , , 24.3560769, -0.0928206, , , , , , , 24.3560769, 0.0016785, , , , , , , 24.3560769, 0.0602579, , , , , , , , , , , , , , , , , , , , , , , , , , , , 
24.3565962, -0.1075914, , , , , , , 24.3565962, -0.1038987, , , , , , , 24.3565962, 0.0142672, , , , , , , 24.3565962, 0.0595865, , , , , , , , , , , , , , , , , , , , , , , , , , , , 
24.3571154, -0.1183337, , , , , , , 24.3571154, -0.0995346, , , , , , , 24.3571154, 0.021149, , , , , , , 24.3571154, 0.0569009, , , , , , , , , , , , , , , , , , , , , , , , , , , , 
24.3576346, -0.1122911, , , , , , , 24.3576346, -0.0990311, , , , , , , 24.3576346, 0.0246738, , , , , , , 24.3576346, 0.0505226, , , , , , , , , , , , , , , , , , , , , , , , , , , , 
24.3581538, -0.090135, , , , , , , 24.3581538, -0.1038987, , , , , , , 24.3581538, 0.0297093, , , , , , , 24.3581538, 0.040116, , , , , , , , , , , , , , , , , , , , , , , , , , , , 
24.3586731, -0.0637827, , , , , , , 24.3586731, -0.1052415, , , , , , , 24.3586731, 0.0384375, , , , , , , 24.3586731, 0.0280308, , , , , , , , , , , , , , , , , , , , , , , , , , , , 
24.3591923, -0.0407874, , , , , , , 24.3591923, -0.0755322, , , , , , , 24.3591923, 0.0508583, , , , , , , 24.3591923, 0.0172885, , , , , , , , , , , , , , , , , , , , , , , , , , , , 
24.3597115, -0.0236667, , , , , , , 24.3597115, -0.0172885, , , , , , , 24.3597115, 0.0639506, , , , , , , 24.3597115, 0.0125887, , , , , , , , , , , , , , , , , , , , , , , , , , , , 
24.3602308, -0.0109102, , , , , , , 24.3602308, 0.0297093, , , , , , , 24.3602308, 0.0713359, , , , , , , 24.3602308, 0.0062104, , , , , , , , , , , , , , , , , , , , , , , , , , , , 
24.36075, 0.002182, , , , , , , 24.36075, 0.0350805, , , , , , , 24.36075, 0.0730144, , , , , , , 24.36075, -0.0011749, , , , , , , , , , , , , , , , , , , , , , , , , , , , 
24.3612692, 0.0172885, , , , , , , 24.3612692, 0.0072175, , , , , , , 24.3612692, 0.0736858, , , , , , , 24.3612692, -0.0025177, , , , , , , , , , , , , , , , , , , , , , , , , , , , 
24.3617885, 0.0317235, , , , , , , 24.3617885, -0.0182956, , , , , , , 24.3617885, 0.0716716, , , , , , , 24.3617885, 0.0006714, , , , , , , , , , , , , , , , , , , , , , , , , , , , 
24.3623077, 0.0407874, , , , , , , 24.3623077, -0.018967, , , , , , , 24.3623077, 0.068986, , , , , , , 24.3623077, 0.002182, , , , , , , , , , , , , , , , , , , , , , , , , , , , 
24.3628269, 0.0481727, , , , , , , 24.3628269, -0.010071, , , , , , , 24.3628269, 0.0656291, , , , , , , 24.3628269, 0.0008392, , , , , , , , , , , , , , , , , , , , , , , , , , , , 
24.3633462, 0.0562295, , , , , , , 24.3633462, -0.0068818, , , , , , , 24.3633462, 0.0555581, , , , , , , 24.3633462, -0.0008392, , , , , , , , , , , , , , , , , , , , , , , , , , , , 
24.3638654, 0.0575723, , , , , , , 24.3638654, 0.0028534, , , , , , , 24.3638654, 0.0360876, , , , , , , 24.3638654, -0.0043641, , , , , , , , , , , , , , , , , , , , , , , , , , , , 
24.3643846, 0.0560616, , , , , , , 24.3643846, 0.0146029, , , , , , , 24.3643846, 0.0125887, , , , , , , 24.3643846, -0.0109102, , , , , , , , , , , , , , , , , , , , , , , , , , , , 
24.3649038, 0.0555581, , , , , , , 24.3649038, 0.0129244, , , , , , , 24.3649038, -0.0078889, , , , , , , 24.3649038, -0.0129244, , , , , , , , , , , , , , , , , , , , , , , , , , , , 
24.3654231, 0.0552224, , , , , , , 24.3654231, 0.0152743, , , , , , , 24.3654231, -0.0226596, , , , , , , 24.3654231, -0.008896, , , , , , , , , , , , , , , , , , , , , , , , , , , , 
24.3659423, 0.0535439, , , , , , , 24.3659423, 0.0327306, , , , , , , 24.3659423, -0.0364233, , , , , , , 24.3659423, -0.005539, , , , , , , , , , , , , , , , , , , , , , , , , , , , 
24.3664615, 0.0501869, , , , , , , 24.3664615, 0.0488441, , , , , , , 24.3664615, -0.0475013, , , , , , , 24.3664615, -0.0035248, , , , , , , , , , , , , , , , , , , , , , , , , , , , 
24.3669808, 0.0525368, , , , , , , 24.3669808, 0.0602579, , , , , , , 24.3669808, -0.0491798, , , , , , , 24.3669808, -0.0008392, , , , , , , , , , , , , , , , , , , , , , , , , , , , 
24.3675, 0.0676432, , , , , , , 24.3675, 0.0736858, , , , , , , 24.3675, -0.0448157, , , , , , , 24.3675, -0.0001678, , , , , , , , , , , , , , , , , , , , , , , , , , , , 
24.3680192, 0.0950027, , , , , , , 24.3680192, 0.0800641, , , , , , , 24.3680192, -0.0396124, , , , , , , 24.3680192, -0.0035248, , , , , , , , , , , , , , , , , , , , , , , , , , , , 
24.3685385, 0.1190051, , , , , , , 24.3685385, 0.0661326, , , , , , , 24.3685385, -0.0330663, , , , , , , 24.3685385, -0.0041962, , , , , , , , , , , , , , , , , , , , , , , , , , , , 
24.3690577, 0.1327687, , , , , , , 24.3690577, 0.0424659, , , , , , , 24.3690577, -0.0219883, , , , , , , 24.3690577, -0.005539, , , , , , , , , , , , , , , , , , , , , , , , , , , , 
24.3695769, 0.1401541, , , , , , , 24.3695769, 0.0292058, , , , , , , 24.3695769, -0.0062104, , , , , , , 24.3695769, -0.0129244, , , , , , , , , , , , , , , , , , , , , , , , , , , , 
24.3700962, 0.1421683, , , , , , , 24.3700962, 0.0130922, , , , , , , 24.3700962, 0.0065461, , , , , , , 24.3700962, -0.0209812, , , , , , , , , , , , , , , , , , , , , , , , , , , , 
24.3706154, 0.1394827, , , , , , , 24.3706154, -0.0102388, , , , , , , 24.3706154, 0.0166171, , , , , , , 24.3706154, -0.0250095, , , , , , , , , , , , , , , , , , , , , , , , , , , , 
24.3711346, 0.128069, , , , , , , 24.3711346, -0.0208133, , , , , , , 24.3711346, 0.0256809, , , , , , , 24.3711346, -0.0251774, , , , , , , , , , , , , , , , , , , , , , , , , , , , 
24.3716538, 0.1059129, , , , , , , 24.3716538, -0.0332341, , , , , , , 24.3716538, 0.0305486, , , , , , , 24.3716538, -0.0251774, , , , , , , , , , , , , , , , , , , , , , , , , , , , 
24.3721731, 0.0802319, , , , , , , 24.3721731, -0.0755322, , , , , , , 24.3721731, 0.0260166, , , , , , , 24.3721731, -0.0253452, , , , , , , , , , , , , , , , , , , , , , , , , , , , 
24.3726923, 0.0585794, , , , , , , 24.3726923, -0.1193408, , , , , , , 24.3726923, 0.0179599, , , , , , , 24.3726923, -0.0256809, , , , , , , , , , , , , , , , , , , , , , , , , , , , 
24.3732115, 0.0387732, , , , , , , 24.3732115, -0.1287404, , , , , , , 24.3732115, 0.0083925, , , , , , , 24.3732115, -0.0229953, , , , , , , , , , , , , , , , , , , , , , , , , , , , 
24.3737308, 0.0196384, , , , , , , 24.3737308, -0.1240406, , , , , , , 24.3737308, -0.0015106, , , , , , , 24.3737308, -0.0171206, , , , , , , , , , , , , , , , , , , , , , , , , , , , 
24.37425, -0.0063783, , , , , , , 24.37425, -0.1300832, , , , , , , 24.37425, -0.0099031, , , , , , , 24.37425, -0.0068818, , , , , , , , , , , , , , , , , , , , , , , , , , , , 
24.3747692, -0.0374304, , , , , , , 24.3747692, -0.1290761, , , , , , , 24.3747692, -0.0176242, , , , , , , 24.3747692, 0.0018463, , , , , , , , , , , , , , , , , , , , , , , , , , , , 
24.3752885, -0.0616007, , , , , , , 24.3752885, -0.1139696, , , , , , , 24.3752885, -0.0216526, , , , , , , 24.3752885, 0.0125887, , , , , , , , , , , , , , , , , , , , , , , , , , , , 
24.3758077, -0.0793927, , , , , , , 24.3758077, -0.0891279, , , , , , , 24.3758077, -0.0213169, , , , , , , 24.3758077, 0.0273594, , , , , , , , , , , , , , , , , , , , , , , , , , , , 
24.3763269, -0.0941634, , , , , , , 24.3763269, -0.0448157, , , , , , , 24.3763269, -0.0198062, , , , , , , 24.3763269, 0.0394446, , , , , , , , , , , , , , , , , , , , , , , , , , , , 
24.3768462, -0.10692, , , , , , , 24.3768462, 0.0151064, , , , , , , 24.3768462, -0.0186313, , , , , , , 24.3768462, 0.0441444, , , , , , , , , , , , , , , , , , , , , , , , , , , , 
24.3773654, -0.114641, , , , , , , 24.3773654, 0.061265, , , , , , , 24.3773654, -0.0193027, , , , , , , 24.3773654, 0.0421302, , , , , , , , , , , , , , , , , , , , , , , , , , , , 
24.3778846, -0.1062486, , , , , , , 24.3778846, 0.0817426, , , , , , , 24.3778846, -0.0203098, , , , , , , 24.3778846, 0.0360876, , , , , , , , , , , , , , , , , , , , , , , , , , , , 
24.3784038, -0.0814069, , , , , , , 24.3784038, 0.1059129, , , , , , , 24.3784038, -0.0229953, , , , , , , 24.3784038, 0.0280308, , , , , , , , , , , , , , , , , , , , , , , , , , , , 
24.3789231, -0.0562295, , , , , , , 24.3789231, 0.1435111, , , , , , , 24.3789231, -0.023331, , , , , , , 24.3789231, 0.0219883, , , , , , , , , , , , , , , , , , , , , , , , , , , , 
24.3794423, -0.0381018, , , , , , , 24.3794423, 0.1740597, , , , , , , 24.3794423, -0.0196384, , , , , , , 24.3794423, 0.0219883, , , , , , , , , , , , , , , , , , , , , , , , , , , , 
24.3799615, -0.0209812, , , , , , , 24.3799615, 0.1750668, , , , , , , 24.3799615, -0.0135958, , , , , , , 24.3799615, 0.0303807, , , , , , , , , , , , , , , , , , , , , , , , , , , , 
24.3804808, -0.002182, , , , , , , 24.3804808, 0.1461967, , , , , , , 24.3804808, -0.008896, , , , , , , 24.3804808, 0.0397803, , , , , , , , , , , , , , , , , , , , , , , , , , , , 
24.381, 0.0149386, , , , , , , 24.381, 0.1260548, , , , , , , 24.381, -0.0045319, , , , , , , 24.381, 0.0469978, , , , , , , , , , , , , , , , , , , , , , , , , , , , 
24.3815192, 0.0199741, , , , , , , 24.3815192, 0.1143053, , , , , , , 24.3815192, 0.0038605, , , , , , , 24.3815192, 0.0555581, , , , , , , , , , , , , , , , , , , , , , , , , , , , 
24.3820385, 0.0159457, , , , , , , 24.3820385, 0.0548867, , , , , , , 24.3820385, 0.0119173, , , , , , , 24.3820385, 0.0639506, , , , , , , , , , , , , , , , , , , , , , , , , , , , 
24.3825577, 0.014435, , , , , , , 24.3825577, -0.0352483, , , , , , , 24.3825577, 0.0193027, , , , , , , 24.3825577, 0.0652934, , , , , , , , , , , , , , , , , , , , , , , , , , , , 
24.3830769, 0.0194705, , , , , , , 24.3830769, -0.072343, , , , , , , 24.3830769, 0.0246738, , , , , , , 24.3830769, 0.0632792, , , , , , , , , , , , , , , , , , , , , , , , , , , , 
24.3835962, 0.0283665, , , , , , , 24.3835962, -0.0498512, , , , , , , 24.3835962, 0.0275273, , , , , , , 24.3835962, 0.0656291, , , , , , , , , , , , , , , , , , , , , , , , , , , , 
24.3841154, 0.0318914, , , , , , , 24.3841154, -0.0337377, , , , , , , 24.3841154, 0.0292058, , , , , , , 24.3841154, 0.0673075, , , , , , , , , , , , , , , , , , , , , , , , , , , , 
24.3846346, 0.0305486, , , , , , , 24.3846346, -0.054551, , , , , , , 24.3846346, 0.0290379, , , , , , , 24.3846346, 0.0616007, , , , , , , , , , , , , , , , , , , , , , , , , , , , 
24.3851538, 0.0250095, , , , , , , 24.3851538, -0.0814069, , , , , , , 24.3851538, 0.0258488, , , , , , , 24.3851538, 0.0552224, , , , , , , , , , , , , , , , , , , , , , , , , , , , 
24.3856731, 0.0186313, , , , , , , 24.3856731, -0.0941634, , , , , , , 24.3856731, 0.023331, , , , , , , 24.3856731, 0.0485084, , , , , , , , , , , , , , , , , , , , , , , , , , , , 
24.3861923, 0.0166171, , , , , , , 24.3861923, -0.1042344, , , , , , , 24.3861923, 0.0203098, , , , , , , 24.3861923, 0.0397803, , , , , , , , , , , , , , , , , , , , , , , , , , , , 
24.3867115, 0.0199741, , , , , , , 24.3867115, -0.1015488, , , , , , , 24.3867115, 0.01561, , , , , , , 24.3867115, 0.0323949, , , , , , , , , , , , , , , , , , , , , , , , , , , , 
24.3872308, 0.0271916, , , , , , , 24.3872308, -0.0864424, , , , , , , 24.3872308, 0.0075532, , , , , , , 24.3872308, 0.0261845, , , , , , , , , , , , , , , , , , , , , , , , , , , , 
24.38775, 0.0454871, , , , , , , 24.38775, -0.0740215, , , , , , , 24.38775, -0.0025177, , , , , , , 24.38775, 0.0125887, , , , , , , , , , , , , , , , , , , , , , , , , , , , 
24.3882692, 0.0783856, , , , , , , 24.3882692, -0.0580758, , , , , , , 24.3882692, -0.0109102, , , , , , , 24.3882692, -0.0065461, , , , , , , , , , , , , , , , , , , , , , , , , , , , 
24.3887885, 0.1072557, , , , , , , 24.3887885, -0.0394446, , , , , , , 24.3887885, -0.0159457, , , , , , , 24.3887885, -0.0229953, , , , , , , , , , , , , , , , , , , , , , , , , , , , 
24.3893077, 0.1171588, , , , , , , 24.3893077, -0.0384375, , , , , , , 24.3893077, -0.0182956, , , , , , , 24.3893077, -0.0327306, , , , , , , , , , , , , , , , , , , , , , , , , , , , 
24.3898269, 0.1193408, , , , , , , 24.3898269, -0.0464942, , , , , , , 24.3898269, -0.0216526, , , , , , , 24.3898269, -0.0391089, , , , , , , , , , , , , , , , , , , , , , , , , , , , 
24.3903462, 0.1200122, , , , , , , 24.3903462, -0.0354162, , , , , , , 24.3903462, -0.0283665, , , , , , , 24.3903462, -0.0433051, , , , , , , , , , , , , , , , , , , , , , , , , , , , 
24.3908654, 0.1126268, , , , , , , 24.3908654, 0.0006714, , , , , , , 24.3908654, -0.0308843, , , , , , , 24.3908654, -0.0428016, , , , , , , , , , , , , , , , , , , , , , , , , , , , 
24.3913846, 0.0991989, , , , , , , 24.3913846, 0.0374304, , , , , , , 24.3913846, -0.0273594, , , , , , , 24.3913846, -0.0394446, , , , , , , , , , , , , , , , , , , , , , , , , , , , 
24.3919038, 0.0835889, , , , , , , 24.3919038, 0.04448, , , , , , , 24.3919038, -0.0256809, , , , , , , 24.3919038, -0.0339055, , , , , , , , , , , , , , , , , , , , , , , , , , , , 
24.3924231, 0.0636149, , , , , , , 24.3924231, 0.0481727, , , , , , , 24.3924231, -0.0270237, , , , , , , 24.3924231, -0.026688, , , , , , , , , , , , , , , , , , , , , , , , , , , , 
24.3929423, 0.043473, , , , , , , 24.3929423, 0.0753643, , , , , , , 24.3929423, -0.0285344, , , , , , , 24.3929423, -0.018967, , , , , , , , , , , , , , , , , , , , , , , , , , , , 
24.3934615, 0.0229953, , , , , , , 24.3934615, 0.0908064, , , , , , , 24.3934615, -0.0297093, , , , , , , 24.3934615, -0.0125887, , , , , , , , , , , , , , , , , , , , , , , , , , , , 
24.3939808, -0.0028534, , , , , , , 24.3939808, 0.0775463, , , , , , , 24.3939808, -0.0320592, , , , , , , 24.3939808, -0.005539, , , , , , , , , , , , , , , , , , , , , , , , , , , , 
24.3945, -0.030045, , , , , , , 24.3945, 0.072343, , , , , , , 24.3945, -0.0323949, , , , , , , 24.3945, 0.0038605, , , , , , , , , , , , , , , , , , , , , , , , , , , , 
24.3950192, -0.0528725, , , , , , , 24.3950192, 0.0874495, , , , , , , 24.3950192, -0.0270237, , , , , , , 24.3950192, 0.0105745, , , , , , , , , , , , , , , , , , , , , , , , , , , , 
24.3955385, -0.0686503, , , , , , , 24.3955385, 0.0904707, , , , , , , 24.3955385, -0.0223239, , , , , , , 24.3955385, 0.01561, , , , , , , , , , , , , , , , , , , , , , , , , , , , 
24.3960577, -0.0817426, , , , , , , 24.3960577, 0.0642863, , , , , , , 24.3960577, -0.0219883, , , , , , , 24.3960577, 0.0219883, , , , , , , , , , , , , , , , , , , , , , , , , , , , 
24.3965769, -0.0955062, , , , , , , 24.3965769, 0.0424659, , , , , , , 24.3965769, -0.0206455, , , , , , , 24.3965769, 0.0276951, , , , , , , , , , , , , , , , , , , , , , , , , , , , 
24.3970962, -0.103563, , , , , , , 24.3970962, 0.0468299, , , , , , , 24.3970962, -0.0209812, , , , , , , 24.3970962, 0.0307164, , , , , , , , , , , , , , , , , , , , , , , , , , , , 
24.3976154, -0.102388, , , , , , , 24.3976154, 0.0454871, , , , , , , 24.3976154, -0.0243381, , , , , , , 24.3976154, 0.030045, , , , , , , , , , , , , , , , , , , , , , , , , , , , 
24.3981346, -0.0874495, , , , , , , 24.3981346, 0.0139315, , , , , , , 24.3981346, -0.0276951, , , , , , , 24.3981346, 0.0273594, , , , , , , , , , , , , , , , , , , , , , , , , , , , 
24.3986538, -0.0688182, , , , , , , 24.3986538, -0.0226596, , , , , , , 24.3986538, -0.0287022, , , , , , , 24.3986538, 0.0243381, , , , , , , , , , , , , , , , , , , , , , , , , , , , 
24.3991731, -0.0535439, , , , , , , 24.3991731, -0.0438087, , , , , , , 24.3991731, -0.0276951, , , , , , , 24.3991731, 0.0246738, , , , , , , , , , , , , , , , , , , , , , , , , , , , 
24.3996923, -0.0428016, , , , , , , 24.3996923, -0.0310521, , , , , , , 24.3996923, -0.0238346, , , , , , , 24.3996923, 0.0280308, , , , , , , , , , , , , , , , , , , , , , , , , , , , 
24.4002115, -0.0323949, , , , , , , 24.4002115, 0.0105745, , , , , , , 24.4002115, -0.0213169, , , , , , , 24.4002115, 0.0292058, , , , , , , , , , , , , , , , , , , , , , , , , , , , 
24.4007308, -0.0196384, , , , , , , 24.4007308, 0.0186313, , , , , , , 24.4007308, -0.0229953, , , , , , , 24.4007308, 0.0240024, , , , , , , , , , , , , , , , , , , , , , , , , , , , 
24.40125, -0.0109102, , , , , , , 24.40125, -0.0491798, , , , , , , 24.40125, -0.0253452, , , , , , , 24.40125, 0.0159457, , , , , , , , , , , , , , , , , , , , , , , , , , , , 
24.4017692, -0.0057069, , , , , , , 24.4017692, -0.1549248, , , , , , , 24.4017692, -0.0250095, , , , , , , 24.4017692, 0.0112459, , , , , , , , , , , , , , , , , , , , , , , , , , , , 
24.4022885, 0.0052033, , , , , , , 24.4022885, -0.2381781, , , , , , , 24.4022885, -0.0209812, , , , , , , 24.4022885, 0.0078889, , , , , , , , , , , , , , , , , , , , , , , , , , , , 
24.4028077, 0.0119173, , , , , , , 24.4028077, -0.2734264, , , , , , , 24.4028077, -0.0172885, , , , , , , 24.4028077, 0.0018463, , , , , , , , , , , , , , , , , , , , , , , , , , , , 
24.4033269, 0.0157778, , , , , , , 24.4033269, -0.2626841, , , , , , , 24.4033269, -0.0157778, , , , , , , 24.4033269, -0.0005035, , , , , , , , , , , , , , , , , , , , , , , , , , , , 
24.4038462, 0.0186313, , , , , , , 24.4038462, -0.219379, , , , , , , 24.4038462, -0.0135958, , , , , , , 24.4038462, -0.0001678, , , , , , , , , , , , , , , , , , , , , , , , , , , , 
24.4043654, 0.0213169, , , , , , , 24.4043654, -0.1566033, , , , , , , 24.4043654, -0.011078, , , , , , , 24.4043654, 0.0001678, , , , , , , , , , , , , , , , , , , , , , , , , , , , 
24.4048846, 0.0240024, , , , , , , 24.4048846, -0.0881209, , , , , , , 24.4048846, -0.0068818, , , , , , , 24.4048846, 0.0025177, , , , , , , , , , , , , , , , , , , , , , , , , , , , 
24.4054038, 0.0283665, , , , , , , 24.4054038, -0.0280308, , , , , , , 24.4054038, -0.0048676, , , , , , , 24.4054038, 0.0036927, , , , , , , , , , , , , , , , , , , , , , , , , , , , 
24.4059231, 0.0293736, , , , , , , 24.4059231, 0.0092317, , , , , , , 24.4059231, -0.0036927, , , , , , , 24.4059231, 0.0065461, , , , , , , , , , , , , , , , , , , , , , , , , , , , 
24.4064423, 0.030045, , , , , , , 24.4064423, 0.0280308, , , , , , , 24.4064423, -0.0015106, , , , , , , 24.4064423, 0.0117494, , , , , , , , , , , , , , , , , , , , , , , , , , , , 
24.4069615, 0.0365911, , , , , , , 24.4069615, 0.0394446, , , , , , , 24.4069615, -0.0015106, , , , , , , 24.4069615, 0.0115816, , , , , , , , , , , , , , , , , , , , , , , , , , , , 
24.4074808, 0.0542153, , , , , , , 24.4074808, 0.0439765, , , , , , , 24.4074808, -0.0048676, , , , , , , 24.4074808, 0.0015106, , , , , , , , , , , , , , , , , , , , , , , , , , , , 
24.408, 0.082414, , , , , , , 24.408, 0.0441444, , , , , , , 24.408, -0.0065461, , , , , , , 24.408, -0.0139315, , , , , , , , , , , , , , , , , , , , , , , , , , , , 
24.4085192, 0.1079271, , , , , , , 24.4085192, 0.0486763, , , , , , , 24.4085192, -0.0045319, , , , , , , 24.4085192, -0.0256809, , , , , , , , , , , , , , , , , , , , , , , , , , , , 
24.4090385, 0.1226978, , , , , , , 24.4090385, 0.0535439, , , , , , , 24.4090385, -0.0035248, , , , , , , 24.4090385, -0.0287022, , , , , , , , , , , , , , , , , , , , , , , , , , , , 
24.4095577, 0.1326009, , , , , , , 24.4095577, 0.0501869, , , , , , , 24.4095577, -0.0068818, , , , , , , 24.4095577, -0.0303807, , , , , , , , , , , , , , , , , , , , , , , , , , , , 
24.4100769, 0.1374685, , , , , , , 24.4100769, 0.0419623, , , , , , , 24.4100769, -0.0114137, , , , , , , 24.4100769, -0.0337377, , , , , , , , , , , , , , , , , , , , , , , , , , , , 
24.4105962, 0.1310903, , , , , , , 24.4105962, 0.0240024, , , , , , , 24.4105962, -0.0162814, , , , , , , 24.4105962, -0.0310521, , , , , , , , , , , , , , , , , , , , , , , , , , , , 
24.4111154, 0.1153124, , , , , , , 24.4111154, 0.0005035, , , , , , , 24.4111154, -0.0162814, , , , , , , 24.4111154, -0.0198062, , , , , , , , , , , , , , , , , , , , , , , , , , , , 
24.4116346, 0.0943313, , , , , , , 24.4116346, -0.0018463, , , , , , , 24.4116346, -0.0062104, , , , , , , 24.4116346, -0.0041962, , , , , , , , , , , , , , , , , , , , , , , , , , , , 
24.4121538, 0.0686503, , , , , , , 24.4121538, 0.0159457, , , , , , , 24.4121538, 0.0092317, , , , , , , 24.4121538, 0.0095674, , , , , , , , , , , , , , , , , , , , , , , , , , , , 
24.4126731, 0.0454871, , , , , , , 24.4126731, 0.0374304, , , , , , , 24.4126731, 0.0203098, , , , , , , 24.4126731, 0.0166171, , , , , , , , , , , , , , , , , , , , , , , , , , , , 
24.4131923, 0.0253452, , , , , , , 24.4131923, 0.0599222, , , , , , , 24.4131923, 0.0379339, , , , , , , 24.4131923, 0.0196384, , , , , , , , , , , , , , , , , , , , , , , , , , , , 
24.4137115, 0.0062104, , , , , , , 24.4137115, 0.0780499, , , , , , , 24.4137115, 0.0627756, , , , , , , 24.4137115, 0.023331, , , , , , , , , , , , , , , , , , , , , , , , , , , , 
24.4142308, -0.0191348, , , , , , , 24.4142308, 0.0770428, , , , , , , 24.4142308, 0.0783856, , , , , , , 24.4142308, 0.0280308, , , , , , , , , , , , , , , , , , , , , , , , , , , , 
24.41475, -0.0458228, , , , , , , 24.41475, 0.0661326, , , , , , , 24.41475, 0.0810712, , , , , , , 24.41475, 0.0330663, , , , , , , , , , , , , , , , , , , , , , , , , , , , 
24.4152692, -0.070161, , , , , , , 24.4152692, 0.0604257, , , , , , , 24.4152692, 0.073518, , , , , , , 24.4152692, 0.0374304, , , , , , , , , , , , , , , , , , , , , , , , , , , , 
24.4157885, -0.0908064, , , , , , , 24.4157885, 0.0528725, , , , , , , 24.4157885, 0.061265, , , , , , , 24.4157885, 0.0406195, , , , , , , , , , , , , , , , , , , , , , , , , , , , 
24.4163077, -0.1111162, , , , , , , 24.4163077, 0.0404517, , , , , , , 24.4163077, 0.0397803, , , , , , , 24.4163077, 0.0441444, , , , , , , , , , , , , , , , , , , , , , , , , , , , 
24.4168269, -0.1270619, , , , , , , 24.4168269, 0.0387732, , , , , , , 24.4168269, 0.0105745, , , , , , , 24.4168269, 0.0473335, , , , , , , , , , , , , , , , , , , , , , , , , , , , 
24.4173462, -0.1326009, , , , , , , 24.4173462, 0.0481727, , , , , , , 24.4173462, -0.0130922, , , , , , , 24.4173462, 0.0461585, , , , , , , , , , , , , , , , , , , , , , , , , , , , 
24.4178654, -0.1226978, , , , , , , 24.4178654, 0.0428016, , , , , , , 24.4178654, -0.026688, , , , , , , 24.4178654, 0.0384375, , , , , , , , , , , , , , , , , , , , , , , , , , , , 
24.4183846, -0.0963455, , , , , , , 24.4183846, 0.0226596, , , , , , , 24.4183846, -0.0357519, , , , , , , 24.4183846, 0.026688, , , , , , , , , , , , , , , , , , , , , , , , , , , , 
24.4189038, -0.0703288, , , , , , , 24.4189038, -0.0011749, , , , , , , 24.4189038, -0.0453193, , , , , , , 24.4189038, 0.0169528, , , , , , , , , , , , , , , , , , , , , , , , , , , , 
24.4194231, -0.0513619, , , , , , , 24.4194231, -0.0323949, , , , , , , 24.4194231, -0.0552224, , , , , , , 24.4194231, 0.01561, , , , , , , , , , , , , , , , , , , , , , , , , , , , 
24.4199423, -0.0330663, , , , , , , 24.4199423, -0.0654612, , , , , , , 24.4199423, -0.0595865, , , , , , , 24.4199423, 0.0182956, , , , , , , , , , , , , , , , , , , , , , , , , , , , 
24.4204615, -0.012253, , , , , , , 24.4204615, -0.0906386, , , , , , , 24.4204615, -0.0626078, , , , , , , 24.4204615, 0.021149, , , , , , , , , , , , , , , , , , , , , , , , , , , , 
24.4209808, 0.0048676, , , , , , , 24.4209808, -0.10692, , , , , , , 24.4209808, -0.0642863, , , , , , , 24.4209808, 0.0218204, , , , , , , , , , , , , , , , , , , , , , , , , , , , 
24.4215, 0.01561, , , , , , , 24.4215, -0.0961776, , , , , , , 24.4215, -0.0626078, , , , , , , 24.4215, 0.0219883, , , , , , , , , , , , , , , , , , , , , , , , , , , , 
24.4220192, 0.0246738, , , , , , , 24.4220192, -0.0585794, , , , , , , 24.4220192, -0.0562295, , , , , , , 24.4220192, 0.0229953, , , , , , , , , , , , , , , , , , , , , , , , , , , , 
24.4225385, 0.0287022, , , , , , , 24.4225385, -0.0250095, , , , , , , 24.4225385, -0.0491798, , , , , , , 24.4225385, 0.0256809, , , , , , , , , , , , , , , , , , , , , , , , , , , , 
24.4230577, 0.0273594, , , , , , , 24.4230577, -0.0082246, , , , , , , 24.4230577, -0.047837, , , , , , , 24.4230577, 0.03122, , , , , , , , , , , , , , , , , , , , , , , , , , , , 
24.4235769, 0.0273594, , , , , , , 24.4235769, 0.0125887, , , , , , , 24.4235769, -0.0513619, , , , , , , 24.4235769, 0.0350805, , , , , , , , , , , , , , , , , , , , , , , , , , , , 
24.4240962, 0.0313878, , , , , , , 24.4240962, 0.0428016, , , , , , , 24.4240962, -0.0538796, , , , , , , 24.4240962, 0.0352483, , , , , , , , , , , , , , , , , , , , , , , , , , , , 
24.4246154, 0.0313878, , , , , , , 24.4246154, 0.064622, , , , , , , 24.4246154, -0.0513619, , , , , , , 24.4246154, 0.0350805, , , , , , , , , , , , , , , , , , , , , , , , , , , , 
24.4251346, 0.0273594, , , , , , , 24.4251346, 0.0750286, , , , , , , 24.4251346, -0.0441444, , , , , , , 24.4251346, 0.0332341, , , , , , , , , , , , , , , , , , , , , , , , , , , , 
24.4256538, 0.0273594, , , , , , , 24.4256538, 0.0830854, , , , , , , 24.4256538, -0.0377661, , , , , , , 24.4256538, 0.0293736, , , , , , , , , , , , , , , , , , , , , , , , , , , , 
24.4261731, 0.0280308, , , , , , , 24.4261731, 0.0844282, , , , , , , 24.4261731, -0.0340734, , , , , , , 24.4261731, 0.0226596, , , , , , , , , , , , , , , , , , , , , , , , , , , , 
24.4266923, 0.0265202, , , , , , , 24.4266923, 0.0755322, , , , , , , 24.4266923, -0.0327306, , , , , , , 24.4266923, 0.0125887, , , , , , , , , , , , , , , , , , , , , , , , , , , , 
24.4272115, 0.0307164, , , , , , , 24.4272115, 0.0533761, , , , , , , 24.4272115, -0.0339055, , , , , , , 24.4272115, 0.0038605, , , , , , , , , , , , , , , , , , , , , , , , , , , , 
24.4277308, 0.0495155, , , , , , , 24.4277308, 0.0251774, , , , , , , 24.4277308, -0.0364233, , , , , , , 24.4277308, -0.0058747, , , , , , , , , , , , , , , , , , , , , , , , , , , , 
24.42825, 0.0770428, , , , , , , 24.42825, 0.0005035, , , , , , , 24.42825, -0.0317235, , , , , , , 24.42825, -0.0184634, , , , , , , , , , , , , , , , , , , , , , , , , , , , 
24.4287692, 0.0961776, , , , , , , 24.4287692, -0.0172885, , , , , , , 24.4287692, -0.0258488, , , , , , , 24.4287692, -0.0265202, , , , , , , , , , , , , , , , , , , , , , , , , , , , 
24.4292885, 0.115816, , , , , , , 24.4292885, -0.0250095, , , , , , , 24.4292885, -0.0236667, , , , , , , 24.4292885, -0.0290379, , , , , , , , , , , , , , , , , , , , , , , , , , , , 
24.4298077, 0.1294118, , , , , , , 24.4298077, -0.0219883, , , , , , , 24.4298077, -0.0208133, , , , , , , 24.4298077, -0.0297093, , , , , , , , , , , , , , , , , , , , , , , , , , , , 
24.4303269, 0.1327687, , , , , , , 24.4303269, 0.0083925, , , , , , , 24.4303269, -0.0171206, , , , , , , 24.4303269, -0.0317235, , , , , , , , , , , , , , , , , , , , , , , , , , , , 
24.4308462, 0.1287404, , , , , , , 24.4308462, 0.0323949, , , , , , , 24.4308462, -0.0129244, , , , , , , 24.4308462, -0.0283665, , , , , , , , , , , , , , , , , , , , , , , , , , , , 
24.4313654, 0.1166552, , , , , , , 24.4313654, 0.0025177, , , , , , , 24.4313654, -0.0112459, , , , , , , 24.4313654, -0.0182956, , , , , , , , , , , , , , , , , , , , , , , , , , , , 
24.4318846, 0.0978561, , , , , , , 24.4318846, -0.0632792, , , , , , , 24.4318846, -0.0112459, , , , , , , 24.4318846, -0.0052033, , , , , , , , , , , , , , , , , , , , , , , , , , , , 
24.4324038, 0.0783856, , , , , , , 24.4324038, -0.1003738, , , , , , , 24.4324038, -0.0085603, , , , , , , 24.4324038, 0.0041962, , , , , , , , , , , , , , , , , , , , , , , , , , , , 
24.4329231, 0.0619364, , , , , , , 24.4329231, -0.0923171, , , , , , , 24.4329231, -0.0030213, , , , , , , 24.4329231, 0.008896, , , , , , , , , , , , , , , , , , , , , , , , , , , , 
24.4334423, 0.0441444, , , , , , , 24.4334423, -0.0726787, , , , , , , 24.4334423, -0.0001678, , , , , , , 24.4334423, 0.0119173, , , , , , , , , , , , , , , , , , , , , , , , , , , , 
24.4339615, 0.0176242, , , , , , , 24.4339615, -0.0703288, , , , , , , 24.4339615, 0.002182, , , , , , , 24.4339615, 0.0186313, , , , , , , , , , , , , , , , , , , , , , , , , , , , 
24.4344808, -0.01561, , , , , , , 24.4344808, -0.0827497, , , , , , , 24.4344808, 0.0038605, , , , , , , 24.4344808, 0.030045, , , , , , , , , , , , , , , , , , , , , , , , , , , , 
24.435, -0.0417945, , , , , , , 24.435, -0.1052415, , , , , , , 24.435, 0.0038605, , , , , , , 24.435, 0.043473, , , , , , , , , , , , , , , , , , , , , , , , , , , , 
24.4355192, -0.0619364, , , , , , , 24.4355192, -0.1242084, , , , , , , 24.4355192, 0.0041962, , , , , , , 24.4355192, 0.0575723, , , , , , , , , , , , , , , , , , , , , , , , , , , , 
24.4360385, -0.0780499, , , , , , , 24.4360385, -0.1317617, , , , , , , 24.4360385, 0.0092317, , , , , , , 24.4360385, 0.0699931, , , , , , , , , , , , , , , , , , , , , , , , , , , , 
24.4365577, -0.0914778, , , , , , , 24.4365577, -0.13579, , , , , , , 24.4365577, 0.0171206, , , , , , , 24.4365577, 0.0810712, , , , , , , , , , , , , , , , , , , , , , , , , , , , 
24.4370769, -0.1005417, , , , , , , 24.4370769, -0.1317617, , , , , , , 24.4370769, 0.024506, , , , , , , 24.4370769, 0.0877852, , , , , , , , , , , , , , , , , , , , , , , , , , , , 
24.4375962, -0.0991989, , , , , , , 24.4375962, -0.1070878, , , , , , , 24.4375962, 0.0280308, , , , , , , 24.4375962, 0.0864424, , , , , , , , , , , , , , , , , , , , , , , , , , , , 
24.4381154, -0.0807355, , , , , , , 24.4381154, -0.0622721, , , , , , , 24.4381154, 0.0273594, , , , , , , 24.4381154, 0.0736858, , , , , , , , , , , , , , , , , , , , , , , , , , , , 
24.4386346, -0.0547189, , , , , , , 24.4386346, 0.0005035, , , , , , , 24.4386346, 0.0283665, , , , , , , 24.4386346, 0.0555581, , , , , , , , , , , , , , , , , , , , , , , , , , , , 
24.4391538, -0.0344091, , , , , , , 24.4391538, 0.0810712, , , , , , , 24.4391538, 0.0307164, , , , , , , 24.4391538, 0.0381018, , , , , , , , , , , , , , , , , , , , , , , , , , , , 
24.4396731, -0.017792, , , , , , , 24.4396731, 0.1367971, , , , , , , 24.4396731, 0.0340734, , , , , , , 24.4396731, 0.023331, , , , , , , , , , , , , , , , , , , , , , , , , , , , 
24.4401923, -0.0043641, , , , , , , 24.4401923, 0.1586175, , , , , , , 24.4401923, 0.0359197, , , , , , , 24.4401923, 0.0105745, , , , , , , , , , , , , , , , , , , , , , , , , , , , 
24.4407115, 0.0070497, , , , , , , 24.4407115, 0.1748989, , , , , , , 24.4407115, 0.0325628, , , , , , , 24.4407115, 0.0005035, , , , , , , , , , , , , , , , , , , , , , , , , , , , 
24.4412308, 0.0159457, , , , , , , 24.4412308, 0.1821164, , , , , , , 24.4412308, 0.026688, , , , , , , 24.4412308, -0.0082246, , , , , , , , , , , , , , , , , , , , , , , , , , , , 
24.44175, 0.0236667, , , , , , , 24.44175, 0.1824521, , , , , , , 24.44175, 0.0216526, , , , , , , 24.44175, -0.0139315, , , , , , , , , , , , , , , , , , , , , , , , , , , , 
24.4422692, 0.0307164, , , , , , , 24.4422692, 0.1723812, , , , , , , 24.4422692, 0.0172885, , , , , , , 24.4422692, -0.0130922, , , , , , , , , , , , , , , , , , , , , , , , , , , , 
24.4427885, 0.0347448, , , , , , , 24.4427885, 0.1205158, , , , , , , 24.4427885, 0.0129244, , , , , , , 24.4427885, -0.0095674, , , , , , , , , , , , , , , , , , , , , , , , , , , , 
24.4433077, 0.0287022, , , , , , , 24.4433077, 0.0542153, , , , , , , 24.4433077, 0.0078889, , , , , , , 24.4433077, -0.0082246, , , , , , , , , , , , , , , , , , , , , , , , , , , , 
24.4438269, 0.0213169, , , , , , , 24.4438269, -0.0035248, , , , , , , 24.4438269, 0.0078889, , , , , , , 24.4438269, -0.0092317, , , , , , , , , , , , , , , , , , , , , , , , , , , , 
24.4443462, 0.0193027, , , , , , , 24.4443462, -0.0787213, , , , , , , 24.4443462, 0.0199741, , , , , , , 24.4443462, -0.0095674, , , , , , , , , , , , , , , , , , , , , , , , , , , , 
24.4448654, 0.0169528, , , , , , , 24.4448654, -0.1587854, , , , , , , 24.4448654, 0.0417945, , , , , , , 24.4448654, -0.0058747, , , , , , , , , , , , , , , , , , , , , , , , , , , , 
24.4453846, 0.0171206, , , , , , , 24.4453846, -0.1782559, , , , , , , 24.4453846, 0.0589151, , , , , , , 24.4453846, -0.0020142, , , , , , , , , , , , , , , , , , , , , , , , , , , , 
24.4459038, 0.0169528, , , , , , , 24.4459038, -0.1238727, , , , , , , 24.4459038, 0.0674754, , , , , , , 24.4459038, -0.0038605, , , , , , , , , , , , , , , , , , , , , , , , , , , , 
24.4464231, 0.0176242, , , , , , , 24.4464231, -0.0864424, , , , , , , 24.4464231, 0.0770428, , , , , , , 24.4464231, -0.0045319, , , , , , , , , , , , , , , , , , , , , , , , , , , , 
24.4469423, 0.0213169, , , , , , , 24.4469423, -0.0904707, , , , , , , 24.4469423, 0.0908064, , , , , , , 24.4469423, -0.0028534, , , , , , , , , , , , , , , , , , , , , , , , , , , , 
24.4474615, 0.0332341, , , , , , , 24.4474615, -0.0438087, , , , , , , 24.4474615, 0.1027237, , , , , , , 24.4474615, -0.0072175, , , , , , , , , , , , , , , , , , , , , , , , , , , , 
24.4479808, 0.0607614, , , , , , , 24.4479808, 0.0448157, , , , , , , 24.4479808, 0.1119554, , , , , , , 24.4479808, -0.018967, , , , , , , , , , , , , , , , , , , , , , , , , , , , 
24.4485, 0.0897993, , , , , , , 24.4485, 0.0609293, , , , , , , 24.4485, 0.1139696, , , , , , , 24.4485, -0.0293736, , , , , , , , , , , , , , , , , , , , , , , , , , , , 
24.4490192, 0.1055772, , , , , , , 24.4490192, -0.0119173, , , , , , , 24.4490192, 0.1099413, , , , , , , 24.4490192, -0.0369268, , , , , , , , , , , , , , , , , , , , , , , , , , , , 
24.4495385, 0.114641, , , , , , , 24.4495385, -0.1163195, , , , , , , 24.4495385, 0.1176623, , , , , , , 24.4495385, -0.0424659, , , , , , , , , , , , , , , , , , , , , , , , , , , , 
24.4500577, 0.124712, , , , , , , 24.4500577, -0.1928588, , , , , , , 24.4500577, 0.1240406, , , , , , , 24.4500577, -0.04448, , , , , , , , , , , , , , , , , , , , , , , , , , , , 
24.4505769, 0.1257191, , , , , , , 24.4505769, -0.2030976, , , , , , , 24.4505769, 0.1139696, , , , , , , 24.4505769, -0.04448, , , , , , , , , , , , , , , , , , , , , , , , , , , , 
24.4510962, 0.1169909, , , , , , , 24.4510962, -0.1512322, , , , , , , 24.4510962, 0.0854353, , , , , , , 24.4510962, -0.0424659, , , , , , , , , , , , , , , , , , , , , , , , , , , , 
24.4516154, 0.1025559, , , , , , , 24.4516154, -0.0884565, , , , , , , 24.4516154, 0.043473, , , , , , , 24.4516154, -0.0337377, , , , , , , , , , , , , , , , , , , , , , , , , , , , 
24.4521346, 0.0827497, , , , , , , 24.4521346, -0.0773785, , , , , , , 24.4521346, -0.0117494, , , , , , , 24.4521346, -0.0223239, , , , , , , , , , , , , , , , , , , , , , , , , , , , 
24.4526538, 0.0572366, , , , , , , 24.4526538, -0.1270619, , , , , , , 24.4526538, -0.0773785, , , , , , , 24.4526538, -0.012253, , , , , , , , , , , , , , , , , , , , , , , , , , , , 
24.4531731, 0.0313878, , , , , , , 24.4531731, -0.1905089, , , , , , , 24.4531731, -0.1418326, , , , , , , 24.4531731, -0.0065461, , , , , , , , , , , , , , , , , , , , , , , , , , , , 
24.4536923, 0.0052033, , , , , , , 24.4536923, -0.2150149, , , , , , , 24.4536923, -0.2007477, , , , , , , 24.4536923, 0.0011749, , , , , , , , , , , , , , , , , , , , , , , , , , , , 
24.4542115, -0.0226596, , , , , , , 24.4542115, -0.1764096, , , , , , , 24.4542115, -0.2499275, , , , , , , 24.4542115, 0.0119173, , , , , , , , , , , , , , , , , , , , , , , , , , , , 
24.4547308, -0.0495155, , , , , , , 24.4547308, -0.0991989, , , , , , , 24.4547308, -0.282826, , , , , , , 24.4547308, 0.0199741, , , , , , , , , , , , , , , , , , , , , , , , , , , , 
24.45525, -0.0740215, , , , , , , 24.45525, -0.0377661, , , , , , , 24.45525, -0.2868544, , , , , , , 24.45525, 0.026688, , , , , , , , , , , , , , , , , , , , , , , , , , , , 
24.4557692, -0.0961776, , , , , , , 24.4557692, -0.0149386, , , , , , , 24.4557692, -0.2630198, , , , , , , 24.4557692, 0.0350805, , , , , , , , , , , , , , , , , , , , , , , , , , , , 
24.4562885, -0.110277, , , , , , , 24.4562885, -0.0075532, , , , , , , 24.4562885, -0.2321355, , , , , , , 24.4562885, 0.0458228, , , , , , , , , , , , , , , , , , , , , , , , , , , , 
24.4568077, -0.1216907, , , , , , , 24.4568077, 0.0132601, , , , , , , 24.4568077, -0.2005798, , , , , , , 24.4568077, 0.0562295, , , , , , , , , , , , , , , , , , , , , , , , , , , , 
24.4573269, -0.1233692, , , , , , , 24.4573269, 0.04448, , , , , , , 24.4573269, -0.1673457, , , , , , , 24.4573269, 0.0605936, , , , , , , , , , , , , , , , , , , , , , , , , , , , 
24.4578462, -0.110277, , , , , , , 24.4578462, 0.0663005, , , , , , , 24.4578462, -0.1371328, , , , , , , 24.4578462, 0.0535439, , , , , , , , , , , , , , , , , , , , , , , , , , , , 
24.4583654, -0.0881209, , , , , , , 24.4583654, 0.0773785, , , , , , , 24.4583654, -0.1117876, , , , , , , 24.4583654, 0.0407874, , , , , , , , , , , , , , , , , , , , , , , , , , , , 
24.4588846, -0.070161, , , , , , , 24.4588846, 0.0894636, , , , , , , 24.4588846, -0.090135, , , , , , , 24.4588846, 0.0340734, , , , , , , , , , , , , , , , , , , , , , , , , , , , 
24.4594038, -0.0532082, , , , , , , 24.4594038, 0.10692, , , , , , , 24.4594038, -0.0716716, , , , , , , 24.4594038, 0.0350805, , , , , , , , , , , , , , , , , , , , , , , , , , , , 
24.4599231, -0.0323949, , , , , , , 24.4599231, 0.1263905, , , , , , , 24.4599231, -0.0599222, , , , , , , 24.4599231, 0.0428016, , , , , , , , , , , , , , , , , , , , , , , , , , , , 
24.4604423, -0.0130922, , , , , , , 24.4604423, 0.1448539, , , , , , , 24.4604423, -0.0535439, , , , , , , 24.4604423, 0.0575723, , , , , , , , , , , , , , , , , , , , , , , , , , , , 
24.4609615, -0.0048676, , , , , , , 24.4609615, 0.1542535, , , , , , , 24.4609615, -0.0441444, , , , , , , 24.4609615, 0.0710002, , , , , , , , , , , , , , , , , , , , , , , , , , , , 
24.4614808, -0.0003357, , , , , , , 24.4614808, 0.1545892, , , , , , , 24.4614808, -0.026688, , , , , , , 24.4614808, 0.0741894, , , , , , , , , , , , , , , , , , , , , , , , , , , , 
24.462, 0.0062104, , , , , , , 24.462, 0.1448539, , , , , , , 24.462, -0.0068818, , , , , , , 24.462, 0.0686503, , , , , , , , , , , , , , , , , , , , , , , , , , , , 
24.4625192, 0.0159457, , , , , , , 24.4625192, 0.1334401, , , , , , , 24.4625192, 0.0075532, , , , , , , 24.4625192, 0.0621042, , , , , , , , , , , , , , , , , , , , , , , , , , , , 
24.4630385, 0.0287022, , , , , , , 24.4630385, 0.1324331, , , , , , , 24.4630385, 0.0172885, , , , , , , 24.4630385, 0.0585794, , , , , , , , , , , , , , , , , , , , , , , , , , , , 
24.4635577, 0.0350805, , , , , , , 24.4635577, 0.1220264, , , , , , , 24.4635577, 0.0280308, , , , , , , 24.4635577, 0.0527047, , , , , , , , , , , , , , , , , , , , , , , , , , , , 
24.4640769, 0.0357519, , , , , , , 24.4640769, 0.0995346, , , , , , , 24.4640769, 0.0387732, , , , , , , 24.4640769, 0.0448157, , , , , , , , , , , , , , , , , , , , , , , , , , , , 
24.4645962, 0.0391089, , , , , , , 24.4645962, 0.0897993, , , , , , , 24.4645962, 0.0468299, , , , , , , 24.4645962, 0.0360876, , , , , , , , , , , , , , , , , , , , , , , , , , , , 
24.4651154, 0.0412909, , , , , , , 24.4651154, 0.0750286, , , , , , , 24.4651154, 0.0562295, , , , , , , 24.4651154, 0.0290379, , , , , , , , , , , , , , , , , , , , , , , , , , , , 
24.4656346, 0.0381018, , , , , , , 24.4656346, 0.0602579, , , , , , , 24.4656346, 0.068986, , , , , , , 24.4656346, 0.021149, , , , , , , , , , , , , , , , , , , , , , , , , , , , 
24.4661538, 0.033402, , , , , , , 24.4661538, 0.066804, , , , , , , 24.4661538, 0.0884565, , , , , , , 24.4661538, 0.0112459, , , , , , , , , , , , , , , , , , , , , , , , , , , , 
24.4666731, 0.0305486, , , , , , , 24.4666731, 0.0840925, , , , , , , 24.4666731, 0.1077592, , , , , , , 24.4666731, 0.0043641, , , , , , , , , , , , , , , , , , , , , , , , , , , , 
24.4671923, 0.0347448, , , , , , , 24.4671923, 0.0944991, , , , , , , 24.4671923, 0.1129625, , , , , , , 24.4671923, -0.002182, , , , , , , , , , , , , , , , , , , , , , , , , , , , 
24.4677115, 0.0485084, , , , , , , 24.4677115, 0.0995346, , , , , , , 24.4677115, 0.1085985, , , , , , , 24.4677115, -0.0132601, , , , , , , , , , , , , , , , , , , , , , , , , , , , 
24.4682308, 0.0713359, , , , , , , 24.4682308, 0.082414, , , , , , , 24.4682308, 0.0985275, , , , , , , 24.4682308, -0.026688, , , , , , , , , , , , , , , , , , , , , , , , , , , , 
24.46875, 0.0944991, , , , , , , 24.46875, 0.0407874, , , , , , , 24.46875, 0.0800641, , , , , , , 24.46875, -0.0381018, , , , , , , , , , , , , , , , , , , , , , , , , , , , 
24.4692692, 0.1131304, , , , , , , 24.4692692, 0.0325628, , , , , , , 24.4692692, 0.0562295, , , , , , , 24.4692692, -0.0471656, , , , , , , , , , , , , , , , , , , , , , , , , , , , 
24.4697885, 0.124712, , , , , , , 24.4697885, 0.0817426, , , , , , , 24.4697885, 0.0387732, , , , , , , 24.4697885, -0.0513619, , , , , , , , , , , , , , , , , , , , , , , , , , , , 
24.4703077, 0.1284047, , , , , , , 24.4703077, 0.1166552, , , , , , , 24.4703077, 0.0275273, , , , , , , 24.4703077, -0.0520333, , , , , , , , , , , , , , , , , , , , , , , , , , , , 
24.4708269, 0.1253834, , , , , , , 24.4708269, 0.0876173, , , , , , , 24.4708269, 0.0193027, , , , , , , 24.4708269, -0.0528725, , , , , , , , , , , , , , , , , , , , , , , , , , , , 
24.4713462, 0.1089342, , , , , , , 24.4713462, 0.0340734, , , , , , , 24.4713462, 0.0172885, , , , , , , 24.4713462, -0.0513619, , , , , , , , , , , , , , , , , , , , , , , , , , , , 
24.4718654, 0.0829175, , , , , , , 24.4718654, -0.0179599, , , , , , , 24.4718654, 0.0162814, , , , , , , 24.4718654, -0.0466621, , , , , , , , , , , , , , , , , , , , , , , , , , , , 
24.4723846, 0.061265, , , , , , , 24.4723846, -0.076875, , , , , , , 24.4723846, 0.0112459, , , , , , , 24.4723846, -0.0379339, , , , , , , , , , , , , , , , , , , , , , , , , , , , 
24.4729038, 0.0505226, , , , , , , 24.4729038, -0.1552605, , , , , , , 24.4729038, -0.0015106, , , , , , , 24.4729038, -0.0297093, , , , , , , , , , , , , , , , , , , , , , , , , , , , 
24.4734231, 0.036759, , , , , , , 24.4734231, -0.2317998, , , , , , , 24.4734231, -0.0176242, , , , , , , 24.4734231, -0.0196384, , , , , , , , , , , , , , , , , , , , , , , , , , , , 
24.4739423, 0.0125887, , , , , , , 24.4739423, -0.2724193, , , , , , , 24.4739423, -0.0323949, , , , , , , 24.4739423, -0.005539, , , , , , , , , , , , , , , , , , , , , , , , , , , , 
24.4744615, -0.0171206, , , , , , , 24.4744615, -0.2902113, , , , , , , 24.4744615, -0.0411231, , , , , , , 24.4744615, 0.0065461, , , , , , , , , , , , , , , , , , , , , , , , , , , , 
24.4749808, -0.0431373, , , , , , , 24.4749808, -0.2754406, , , , , , , 24.4749808, -0.0451514, , , , , , , 24.4749808, 0.0169528, , , , , , , , , , , , , , , , , , , , , , , , , , , , 
24.4755, -0.0605936, , , , , , , 24.4755, -0.2047761, , , , , , , 24.4755, -0.0538796, , , , , , , 24.4755, 0.0280308, , , , , , , , , , , , , , , , , , , , , , , , , , , , 
24.4760192, -0.0753643, , , , , , , 24.4760192, -0.1097734, , , , , , , 24.4760192, -0.0666361, , , , , , , 24.4760192, 0.0391089, , , , , , , , , , , , , , , , , , , , , , , , , , , , 
24.4765385, -0.090135, , , , , , , 24.4765385, -0.0350805, , , , , , , 24.4765385, -0.0740215, , , , , , , 24.4765385, 0.0522011, , , , , , , , , , , , , , , , , , , , , , , , , , , , 
24.4770577, -0.0995346, , , , , , , 24.4770577, 0.0062104, , , , , , , 24.4770577, -0.0666361, , , , , , , 24.4770577, 0.0663005, , , , , , , , , , , , , , , , , , , , , , , , , , , , 
24.4775769, -0.0995346, , , , , , , 24.4775769, 0.0057069, , , , , , , 24.4775769, -0.0458228, , , , , , , 24.4775769, 0.0736858, , , , , , , , , , , , , , , , , , , , , , , , , , , , 
24.4780962, -0.0867781, , , , , , , 24.4780962, -0.0374304, , , , , , , 24.4780962, -0.0236667, , , , , , , 24.4780962, 0.0726787, , , , , , , , , , , , , , , , , , , , , , , , , , , , 
24.4786154, -0.0666361, , , , , , , 24.4786154, -0.0750286, , , , , , , 24.4786154, -0.0095674, , , , , , , 24.4786154, 0.0683146, , , , , , , , , , , , , , , , , , , , , , , , , , , , 
24.4791346, -0.0515297, , , , , , , 24.4791346, -0.0767071, , , , , , , 24.4791346, 0.0035248, , , , , , , 24.4791346, 0.0647898, , , , , , , , , , , , , , , , , , , , , , , , , , , , 
24.4796538, -0.0431373, , , , , , , 24.4796538, -0.0710002, , , , , , , 24.4796538, 0.0182956, , , , , , , 24.4796538, 0.061265, , , , , , , , , , , , , , , , , , , , , , , , , , , , 
24.4801731, -0.0352483, , , , , , , 24.4801731, -0.0951705, , , , , , , 24.4801731, 0.0246738, , , , , , , 24.4801731, 0.0537118, , , , , , , , , , , , , , , , , , , , , , , , , , , , 
24.4806923, -0.0273594, , , , , , , 24.4806923, -0.1149767, , , , , , , 24.4806923, 0.0253452, , , , , , , 24.4806923, 0.0431373, , , , , , , , , , , , , , , , , , , , , , , , , , , , 
24.4812115, -0.0199741, , , , , , , 24.4812115, -0.0864424, , , , , , , 24.4812115, 0.0253452, , , , , , , 24.4812115, 0.0370947, , , , , , , , , , , , , , , , , , , , , , , , , , , , 
24.4817308, -0.0102388, , , , , , , 24.4817308, -0.0352483, , , , , , , 24.4817308, 0.0258488, , , , , , , 24.4817308, 0.0339055, , , , , , , , , , , , , , , , , , , , , , , , , , , , 
24.48225, -0.0001678, , , , , , , 24.48225, -0.0176242, , , , , , , 24.48225, 0.0260166, , , , , , , 24.48225, 0.03122, , , , , , , , , , , , , , , , , , , , , , , , , , , , 
24.4827692, 0.0099031, , , , , , , 24.4827692, -0.0360876, , , , , , , 24.4827692, 0.0226596, , , , , , , 24.4827692, 0.026688, , , , , , , , , , , , , , , , , , , , , , , , , , , , 
24.4832885, 0.0186313, , , , , , , 24.4832885, -0.0569009, , , , , , , 24.4832885, 0.0186313, , , , , , , 24.4832885, 0.0169528, , , , , , , , , , , , , , , , , , , , , , , , , , , , 
24.4838077, 0.0196384, , , , , , , 24.4838077, -0.0632792, , , , , , , 24.4838077, 0.0152743, , , , , , , 24.4838077, 0.0065461, , , , , , , , , , , , , , , , , , , , , , , , , , , , 
24.4843269, 0.0213169, , , , , , , 24.4843269, -0.0518654, , , , , , , 24.4843269, 0.0125887, , , , , , , 24.4843269, 0.0011749, , , , , , , , , , , , , , , , , , , , , , , , , , , , 
24.4848462, 0.0288701, , , , , , , 24.4848462, -0.0327306, , , , , , , 24.4848462, 0.0137636, , , , , , , 24.4848462, -0.0018463, , , , , , , , , , , , , , , , , , , , , , , , , , , , 
24.4853654, 0.0347448, , , , , , , 24.4853654, -0.0204776, , , , , , , 24.4853654, 0.01561, , , , , , , 24.4853654, -0.0062104, , , , , , , , , , , , , , , , , , , , , , , , , , , , 
24.4858846, 0.0340734, , , , , , , 24.4858846, -0.005539, , , , , , , 24.4858846, 0.0149386, , , , , , , 24.4858846, -0.0109102, , , , , , , , , , , , , , , , , , , , , , , , , , , , 
24.4864038, 0.0307164, , , , , , , 24.4864038, 0.0203098, , , , , , , 24.4864038, 0.0092317, , , , , , , 24.4864038, -0.0127565, , , , , , , , , , , , , , , , , , , , , , , , , , , , 
24.4869231, 0.030045, , , , , , , 24.4869231, 0.0433051, , , , , , , 24.4869231, 0.0045319, , , , , , , 24.4869231, -0.0102388, , , , , , , , , , , , , , , , , , , , , , , , , , , , 
24.4874423, 0.0381018, , , , , , , 24.4874423, 0.0495155, , , , , , , 24.4874423, 0.0048676, , , , , , , 24.4874423, -0.0109102, , , , , , , , , , , , , , , , , , , , , , , , , , , , 
24.4879615, 0.0569009, , , , , , , 24.4879615, 0.0443122, , , , , , , 24.4879615, 0.008896, , , , , , , 24.4879615, -0.0203098, , , , , , , , , , , , , , , , , , , , , , , , , , , , 
24.4884808, 0.0820783, , , , , , , 24.4884808, 0.033402, , , , , , , 24.4884808, 0.0152743, , , , , , , 24.4884808, -0.0310521, , , , , , , , , , , , , , , , , , , , , , , , , , , , 
24.489, 0.0985275, , , , , , , 24.489, 0.0203098, , , , , , , 24.489, 0.0216526, , , , , , , 24.489, -0.0350805, , , , , , , , , , , , , , , , , , , , , , , , , , , , 
24.4895192, 0.1045701, , , , , , , 24.4895192, 0.0157778, , , , , , , 24.4895192, 0.0216526, , , , , , , 24.4895192, -0.0357519, , , , , , , , , , , , , , , , , , , , , , , , , , , , 
24.4900385, 0.0991989, , , , , , , 24.4900385, 0.0381018, , , , , , , 24.4900385, 0.0139315, , , , , , , 24.4900385, -0.0357519, , , , , , , , , , , , , , , , , , , , , , , , , , , , 
24.4905577, 0.0921492, , , , , , , 24.4905577, 0.0948348, , , , , , , 24.4905577, 0.0058747, , , , , , , 24.4905577, -0.0344091, , , , , , , , , , , , , , , , , , , , , , , , , , , , 
24.4910769, 0.0877852, , , , , , , 24.4910769, 0.181445, , , , , , , 24.4910769, -0.0011749, , , , , , , 24.4910769, -0.0310521, , , , , , , , , , , , , , , , , , , , , , , , , , , , 
24.4915962, 0.0755322, , , , , , , 24.4915962, 0.2469062, , , , , , , 24.4915962, -0.0075532, , , , , , , 24.4915962, -0.0251774, , , , , , , , , , , , , , , , , , , , , , , , , , , , 
24.4921154, 0.0595865, , , , , , , 24.4921154, 0.2307927, , , , , , , 24.4921154, -0.010071, , , , , , , 24.4921154, -0.0162814, , , , , , , , , , , , , , , , , , , , , , , , , , , , 
24.4926346, 0.0475013, , , , , , , 24.4926346, 0.1361257, , , , , , , 24.4926346, -0.0018463, , , , , , , 24.4926346, -0.0062104, , , , , , , , , , , , , , , , , , , , , , , , , , , , 
24.4931538, 0.033402, , , , , , , 24.4931538, 0.0357519, , , , , , , 24.4931538, 0.0082246, , , , , , , 24.4931538, 0.0052033, , , , , , , , , , , , , , , , , , , , , , , , , , , , 
24.4936731, 0.008896, , , , , , , 24.4936731, -0.0132601, , , , , , , 24.4936731, 0.0132601, , , , , , , 24.4936731, 0.0172885, , , , , , , , , , , , , , , , , , , , , , , , , , , , 
24.4941923, -0.01561, , , , , , , 24.4941923, -0.0323949, , , , , , , 24.4941923, 0.0112459, , , , , , , 24.4941923, 0.0310521, , , , , , , , , , , , , , , , , , , , , , , , , , , , 
24.4947115, -0.033402, , , , , , , 24.4947115, -0.0448157, , , , , , , 24.4947115, 0.0045319, , , , , , , 24.4947115, 0.0464942, , , , , , , , , , , , , , , , , , , , , , , , , , , , 
24.4952308, -0.0481727, , , , , , , 24.4952308, -0.036759, , , , , , , 24.4952308, -0.0023499, , , , , , , 24.4952308, 0.061265, , , , , , , , , , , , , , , , , , , , , , , , , , , , 
24.49575, -0.0636149, , , , , , , 24.49575, -0.0166171, , , , , , , 24.49575, -0.0082246, , , , , , , 24.49575, 0.0750286, , , , , , , , , , , , , , , , , , , , , , , , , , , , 
24.4962692, -0.0783856, , , , , , , 24.4962692, -0.0364233, , , , , , , 24.4962692, -0.0142672, , , , , , , 24.4962692, 0.0844282, , , , , , , , , , , , , , , , , , , , , , , , , , , , 
24.4967885, -0.0911421, , , , , , , 24.4967885, -0.1062486, , , , , , , 24.4967885, -0.0199741, , , , , , , 24.4967885, 0.0837568, , , , , , , , , , , , , , , , , , , , , , , , , , , , 
24.4973077, -0.1022202, , , , , , , 24.4973077, -0.1534142, , , , , , , 24.4973077, -0.0219883, , , , , , , 24.4973077, 0.0763714, , , , , , , , , , , , , , , , , , , , , , , , , , , , 
24.4978269, -0.0948348, , , , , , , 24.4978269, -0.1428397, , , , , , , 24.4978269, -0.0162814, , , , , , , 24.4978269, 0.0649577, , , , , , , , , , , , , , , , , , , , , , , , , , , , 
24.4983462, -0.0740215, , , , , , , 24.4983462, -0.1045701, , , , , , , 24.4983462, -0.0070497, , , , , , , 24.4983462, 0.0525368, , , , , , , , , , , , , , , , , , , , , , , , , , , , 
24.4988654, -0.0513619, , , , , , , 24.4988654, -0.054551, , , , , , , 24.4988654, -0.0020142, , , , , , , 24.4988654, 0.040116, , , , , , , , , , , , , , , , , , , , , , , , , , , , 
24.4993846, -0.0320592, , , , , , , 24.4993846, -0.0092317, , , , , , , 24.4993846, -0.0005035, , , , , , , 24.4993846, 0.0290379, , , , , , , , , , , , , , , , , , , , , , , , , , , , 
24.4999038, -0.0164492, , , , , , , 24.4999038, 0.0162814, , , , , , , 24.4999038, -0.0036927, , , , , , , 24.4999038, 0.0201419, , , , , , , , , , , , , , , , , , , , , , , , , , , , 
24.5004231, -0.0041962, , , , , , , 24.5004231, 0.0360876, , , , , , , 24.5004231, -0.0125887, , , , , , , 24.5004231, 0.0119173, , , , , , , , , , , , , , , , , , , , , , , , , , , , 
24.5009423, 0.0048676, , , , , , , 24.5009423, 0.0683146, , , , , , , 24.5009423, -0.023331, , , , , , , 24.5009423, 0.0062104, , , , , , , , , , , , , , , , , , , , , , , , , , , , 
24.5014615, 0.0132601, , , , , , , 24.5014615, 0.0924849, , , , , , , 24.5014615, -0.0339055, , , , , , , 24.5014615, 0.0018463, , , , , , , , , , , , , , , , , , , , , , , , , , , , 
24.5019808, 0.0260166, , , , , , , 24.5019808, 0.0918135, , , , , , , 24.5019808, -0.0451514, , , , , , , 24.5019808, -0.0028534, , , , , , , , , , , , , , , , , , , , , , , , , , , , 
24.5025, 0.0374304, , , , , , , 24.5025, 0.0763714, , , , , , , 24.5025, -0.054551, , , , , , , 24.5025, -0.0060426, , , , , , , , , , , , , , , , , , , , , , , , , , , , 
24.5030192, 0.0431373, , , , , , , 24.5030192, 0.0528725, , , , , , , 24.5030192, -0.0605936, , , , , , , 24.5030192, -0.0065461, , , , , , , , , , , , , , , , , , , , , , , , , , , , 
24.5035385, 0.0458228, , , , , , , 24.5035385, 0.03122, , , , , , , 24.5035385, -0.0632792, , , , , , , 24.5035385, -0.006714, , , , , , , , , , , , , , , , , , , , , , , , , , , , 
24.5040577, 0.0471656, , , , , , , 24.5040577, 0.0441444, , , , , , , 24.5040577, -0.061265, , , , , , , 24.5040577, -0.0090639, , , , , , , , , , , , , , , , , , , , , , , , , , , , 
24.5045769, 0.0473335, , , , , , , 24.5045769, 0.0636149, , , , , , , 24.5045769, -0.0569009, , , , , , , 24.5045769, -0.0124208, , , , , , , , , , , , , , , , , , , , , , , , , , , , 
24.5050962, 0.0475013, , , , , , , 24.5050962, 0.054551, , , , , , , 24.5050962, -0.0532082, , , , , , , 24.5050962, -0.0149386, , , , , , , , , , , , , , , , , , , , , , , , , , , , 
24.5056154, 0.0493477, , , , , , , 24.5056154, 0.0595865, , , , , , , 24.5056154, -0.0500191, , , , , , , 24.5056154, -0.0154421, , , , , , , , , , , , , , , , , , , , , , , , , , , , 
24.5061346, 0.051194, , , , , , , 24.5061346, 0.0951705, , , , , , , 24.5061346, -0.0488441, , , , , , , 24.5061346, -0.0130922, , , , , , , , , , , , , , , , , , , , , , , , , , , , 
24.5066538, 0.0505226, , , , , , , 24.5066538, 0.0903029, , , , , , , 24.5066538, -0.0491798, , , , , , , 24.5066538, -0.0104067, , , , , , , , , , , , , , , , , , , , , , , , , , , , 
24.5071731, 0.0518654, , , , , , , 24.5071731, 0.0381018, , , , , , , 24.5071731, -0.04448, , , , , , , 24.5071731, -0.0095674, , , , , , , , , , , , , , , , , , , , , , , , , , , , 
24.5076923, 0.0647898, , , , , , , 24.5076923, 0.0015106, , , , , , , 24.5076923, -0.0344091, , , , , , , 24.5076923, -0.0162814, , , , , , , , , , , , , , , , , , , , , , , , , , , , 
24.5082115, 0.0864424, , , , , , , 24.5082115, -0.012253, , , , , , , 24.5082115, -0.0260166, , , , , , , 24.5082115, -0.0234989, , , , , , , , , , , , , , , , , , , , , , , , , , , , 
24.5087308, 0.1027237, , , , , , , 24.5087308, -0.0223239, , , , , , , 24.5087308, -0.0206455, , , , , , , 24.5087308, -0.0236667, , , , , , , , , , , , , , , , , , , , , , , , , , , , 
24.50925, 0.114641, , , , , , , 24.50925, -0.0404517, , , , , , , 24.50925, -0.0139315, , , , , , , 24.50925, -0.0216526, , , , , , , , , , , , , , , , , , , , , , , , , , , , 
24.5097692, 0.1237049, , , , , , , 24.5097692, -0.0696574, , , , , , , 24.5097692, -0.002182, , , , , , , 24.5097692, -0.017792, , , , , , , , , , , , , , , , , , , , , , , , , , , , 
24.5102885, 0.1253834, , , , , , , 24.5102885, -0.1119554, , , , , , , 24.5102885, 0.0105745, , , , , , , 24.5102885, -0.012253, , , , , , , , , , , , , , , , , , , , , , , , , , , , 
24.5108077, 0.114641, , , , , , , 24.5108077, -0.1683528, , , , , , , 24.5108077, 0.018967, , , , , , , 24.5108077, -0.0038605, , , , , , , , , , , , , , , , , , , , , , , , , , , , 
24.5113269, 0.096849, , , , , , , 24.5113269, -0.2224002, , , , , , , 24.5113269, 0.0229953, , , , , , , 24.5113269, 0.0072175, , , , , , , , , , , , , , , , , , , , , , , , , , , , 
24.5118462, 0.0750286, , , , , , , 24.5118462, -0.2472419, , , , , , , 24.5118462, 0.0256809, , , , , , , 24.5118462, 0.0203098, , , , , , , , , , , , , , , , , , , , , , , , , , , , 
24.5123654, 0.0535439, , , , , , , 24.5123654, -0.2438849, , , , , , , 24.5123654, 0.030045, , , , , , , 24.5123654, 0.0327306, , , , , , , , , , , , , , , , , , , , , , , , , , , , 
24.5128846, 0.0360876, , , , , , , 24.5128846, -0.2260929, , , , , , , 24.5128846, 0.0307164, , , , , , , 24.5128846, 0.0438087, , , , , , , , , , , , , , , , , , , , , , , , , , , , 
24.5134038, 0.0199741, , , , , , , 24.5134038, -0.202594, , , , , , , 24.5134038, 0.0258488, , , , , , , 24.5134038, 0.0520333, , , , , , , , , , , , , , , , , , , , , , , , , , , , 
24.5139231, -0.0011749, , , , , , , 24.5139231, -0.1787594, , , , , , , 24.5139231, 0.0193027, , , , , , , 24.5139231, 0.0569009, , , , , , , , , , , , , , , , , , , , , , , , , , , , 
24.5144423, -0.026688, , , , , , , 24.5144423, -0.1265583, , , , , , , 24.5144423, 0.011078, , , , , , , 24.5144423, 0.0587472, , , , , , , , , , , , , , , , , , , , , , , , , , , , 
24.5149615, -0.047837, , , , , , , 24.5149615, -0.0448157, , , , , , , 24.5149615, 0.0030213, , , , , , , 24.5149615, 0.0572366, , , , , , , , , , , , , , , , , , , , , , , , , , , , 
24.5154808, -0.0637827, , , , , , , 24.5154808, 0.0243381, , , , , , , 24.5154808, -0.0035248, , , , , , , 24.5154808, 0.056733, , , , , , , , , , , , , , , , , , , , , , , , , , , , 
24.516, -0.0750286, , , , , , , 24.516, 0.0553902, , , , , , , 24.516, -0.0075532, , , , , , , 24.516, 0.057908, , , , , , , , , , , , , , , , , , , , , , , , , , , , 
24.5165192, -0.0874495, , , , , , , 24.5165192, 0.0552224, , , , , , , 24.5165192, -0.0035248, , , , , , , 24.5165192, 0.0558938, , , , , , , , , , , , , , , , , , , , , , , , , , , , 
24.5170385, -0.1008774, , , , , , , 24.5170385, 0.0407874, , , , , , , 24.5170385, 0.0068818, , , , , , , 24.5170385, 0.0488441, , , , , , , , , , , , , , , , , , , , , , , , , , , , 
24.5175577, -0.1012131, , , , , , , 24.5175577, 0.0223239, , , , , , , 24.5175577, 0.0140993, , , , , , , 24.5175577, 0.0387732, , , , , , , , , , , , , , , , , , , , , , , , , , , , 
24.5180769, -0.0844282, , , , , , , 24.5180769, 0.0038605, , , , , , , 24.5180769, 0.026688, , , , , , , 24.5180769, 0.0263523, , , , , , , , , , , , , , , , , , , , , , , , , , , , 
24.5185962, -0.0641184, , , , , , , 24.5185962, -0.0075532, , , , , , , 24.5185962, 0.0515297, , , , , , , 24.5185962, 0.0139315, , , , , , , , , , , , , , , , , , , , , , , , , , , , 
24.5191154, -0.0525368, , , , , , , 24.5191154, 0.0191348, , , , , , , 24.5191154, 0.0669718, , , , , , , 24.5191154, 0.0045319, , , , , , , , , , , , , , , , , , , , , , , , , , , , 
24.5196346, -0.0473335, , , , , , , 24.5196346, 0.0871138, , , , , , , 24.5196346, 0.0599222, , , , , , , 24.5196346, -0.0008392, , , , , , , , , , , , , , , , , , , , , , , , , , , , 
24.5201538, -0.0364233, , , , , , , 24.5201538, 0.1374685, , , , , , , 24.5201538, 0.040116, , , , , , , 24.5201538, -0.0025177, , , , , , , , , , , , , , , , , , , , , , , , , , , , 
24.5206731, -0.021149, , , , , , , 24.5206731, 0.139147, , , , , , , 24.5206731, 0.0186313, , , , , , , 24.5206731, -0.0035248, , , , , , , , , , , , , , , , , , , , , , , , , , , , 
24.5211923, -0.0112459, , , , , , , 24.5211923, 0.1173266, , , , , , , 24.5211923, -0.0041962, , , , , , , 24.5211923, -0.0068818, , , , , , , , , , , , , , , , , , , , , , , , , , , , 
24.5217115, -0.002182, , , , , , , 24.5217115, 0.1055772, , , , , , , 24.5217115, -0.0273594, , , , , , , 24.5217115, -0.0077211, , , , , , , , , , , , , , , , , , , , , , , , , , , , 
24.5222308, 0.0082246, , , , , , , 24.5222308, 0.1240406, , , , , , , 24.5222308, -0.0485084, , , , , , , 24.5222308, -0.0065461, , , , , , , , , , , , , , , , , , , , , , , , , , , , 
24.52275, 0.0172885, , , , , , , 24.52275, 0.1404898, , , , , , , 24.52275, -0.0649577, , , , , , , 24.52275, -0.0065461, , , , , , , , , , , , , , , , , , , , , , , , , , , , 
24.5232692, 0.0283665, , , , , , , 24.5232692, 0.1284047, , , , , , , 24.5232692, -0.0726787, , , , , , , 24.5232692, -0.0052033, , , , , , , , , , , , , , , , , , , , , , , , , , , , 
24.5237885, 0.0387732, , , , , , , 24.5237885, 0.1079271, , , , , , , 24.5237885, -0.0713359, , , , , , , 24.5237885, -0.0058747, , , , , , , , , , , , , , , , , , , , , , , , , , , , 
24.5243077, 0.0379339, , , , , , , 24.5243077, 0.0777142, , , , , , , 24.5243077, -0.0686503, , , , , , , 24.5243077, -0.0085603, , , , , , , , , , , , , , , , , , , , , , , , , , , , 
24.5248269, 0.0345769, , , , , , , 24.5248269, 0.0062104, , , , , , , 24.5248269, -0.064622, , , , , , , 24.5248269, -0.0105745, , , , , , , , , , , , , , , , , , , , , , , , , , , , 
24.5253462, 0.030045, , , , , , , 24.5253462, -0.0894636, , , , , , , 24.5253462, -0.0622721, , , , , , , 24.5253462, -0.008896, , , , , , , , , , , , , , , , , , , , , , , , , , , , 
24.5258654, 0.0297093, , , , , , , 24.5258654, -0.1522393, , , , , , , 24.5258654, -0.0636149, , , , , , , 24.5258654, -0.0041962, , , , , , , , , , , , , , , , , , , , , , , , , , , , 
24.5263846, 0.0327306, , , , , , , 24.5263846, -0.1594568, , , , , , , 24.5263846, -0.0621042, , , , , , , 24.5263846, 0.003357, , , , , , , , , , , , , , , , , , , , , , , , , , , , 
24.5269038, 0.0354162, , , , , , , 24.5269038, -0.1253834, , , , , , , 24.5269038, -0.0548867, , , , , , , 24.5269038, 0.0129244, , , , , , , , , , , , , , , , , , , , , , , , , , , , 
24.5274231, 0.0428016, , , , , , , 24.5274231, -0.1052415, , , , , , , 24.5274231, -0.0471656, , , , , , , 24.5274231, 0.0182956, , , , , , , , , , , , , , , , , , , , , , , , , , , , 
24.5279423, 0.0595865, , , , , , , 24.5279423, -0.1282368, , , , , , , 24.5279423, -0.0399481, , , , , , , 24.5279423, 0.0171206, , , , , , , , , , , , , , , , , , , , , , , , , , , , 
24.5284615, 0.0746929, , , , , , , 24.5284615, -0.1707027, , , , , , , 24.5284615, -0.0323949, , , , , , , 24.5284615, 0.0105745, , , , , , , , , , , , , , , , , , , , , , , , , , , , 
24.5289808, 0.0837568, , , , , , , 24.5289808, -0.1888304, , , , , , , 24.5289808, -0.0224918, , , , , , , 24.5289808, 0.0038605, , , , , , , , , , , , , , , , , , , , , , , , , , , , 
24.5295, 0.0908064, , , , , , , 24.5295, -0.1646601, , , , , , , 24.5295, -0.0119173, , , , , , , 24.5295, -0.0008392, , , , , , , , , , , , , , , , , , , , , , , , , , , , 
24.5300192, 0.100206, , , , , , , 24.5300192, -0.1277333, , , , , , , 24.5300192, -0.0036927, , , , , , , 24.5300192, -0.0058747, , , , , , , , , , , , , , , , , , , , , , , , , , , , 
24.5305385, 0.1079271, , , , , , , 24.5305385, -0.0914778, , , , , , , 24.5305385, 0.0023499, , , , , , , 24.5305385, -0.0115816, , , , , , , , , , , , , , , , , , , , , , , , , , , , 
24.5310577, 0.1059129, , , , , , , 24.5310577, -0.0404517, , , , , , , 24.5310577, 0.0063783, , , , , , , 24.5310577, -0.0129244, , , , , , , , , , , , , , , , , , , , , , , , , , , , 
24.5315769, 0.0929885, , , , , , , 24.5315769, 0.0082246, , , , , , , 24.5315769, 0.0052033, , , , , , , 24.5315769, -0.0109102, , , , , , , , , , , , , , , , , , , , , , , , , , , , 
24.5320962, 0.0713359, , , , , , , 24.5320962, 0.0307164, , , , , , , 24.5320962, -0.0025177, , , , , , , 24.5320962, -0.0063783, , , , , , , , , , , , , , , , , , , , , , , , , , , , 
24.5326154, 0.0535439, , , , , , , 24.5326154, 0.0344091, , , , , , , 24.5326154, -0.0104067, , , , , , , 24.5326154, 0.0006714, , , , , , , , , , , , , , , , , , , , , , , , , , , , 
24.5331346, 0.0428016, , , , , , , 24.5331346, 0.0703288, , , , , , , 24.5331346, -0.0154421, , , , , , , 24.5331346, 0.0085603, , , , , , , , , , , , , , , , , , , , , , , , , , , , 
24.5336538, 0.0280308, , , , , , , 24.5336538, 0.1502251, , , , , , , 24.5336538, -0.0181277, , , , , , , 24.5336538, 0.0179599, , , , , , , , , , , , , , , , , , , , , , , , , , , , 
24.5341731, 0.0058747, , , , , , , 24.5341731, 0.2113222, , , , , , , 24.5341731, -0.0199741, , , , , , , 24.5341731, 0.0313878, , , , , , , , , , , , , , , , , , , , , , , , , , , , 
24.5346923, -0.0203098, , , , , , , 24.5346923, 0.2314641, , , , , , , 24.5346923, -0.0229953, , , , , , , 24.5346923, 0.0458228, , , , , , , , , , , , , , , , , , , , , , , , , , , , 
24.5352115, -0.0463264, , , , , , , 24.5352115, 0.2370031, , , , , , , 24.5352115, -0.0229953, , , , , , , 24.5352115, 0.0552224, , , , , , , , , , , , , , , , , , , , , , , , , , , , 
24.5357308, -0.0652934, , , , , , , 24.5357308, 0.2500954, , , , , , , 24.5357308, -0.0234989, , , , , , , 24.5357308, 0.0602579, , , , , , , , , , , , , , , , , , , , , , , , , , , , 
24.53625, -0.079057, , , , , , , 24.53625, 0.2771191, , , , , , , 24.53625, -0.0256809, , , , , , , 24.53625, 0.0652934, , , , , , , , , , , , , , , , , , , , , , , , , , , , 
24.5367692, -0.0941634, , , , , , , 24.5367692, 0.2831617, , , , , , , 24.5367692, -0.0223239, , , , , , , 24.5367692, 0.072343, , , , , , , , , , , , , , , , , , , , , , , , , , , , 
24.5372885, -0.0985275, , , , , , , 24.5372885, 0.2331426, , , , , , , 24.5372885, -0.0129244, , , , , , , 24.5372885, 0.0787213, , , , , , , , , , , , , , , , , , , , , , , , , , , , 
24.5378077, -0.0914778, , , , , , , 24.5378077, 0.1304189, , , , , , , 24.5378077, -0.0025177, , , , , , , 24.5378077, 0.0763714, , , , , , , , , , , , , , , , , , , , , , , , , , , , 
24.5383269, -0.0755322, , , , , , , 24.5383269, -0.0095674, , , , , , , 24.5383269, 0.0050355, , , , , , , 24.5383269, 0.0663005, , , , , , , , , , , , , , , , , , , , , , , , , , , , 
24.5388462, -0.061265, , , , , , , 24.5388462, -0.1498894, , , , , , , 24.5388462, 0.0082246, , , , , , , 24.5388462, 0.0562295, , , , , , , , , , , , , , , , , , , , , , , , , , , , 
24.5393654, -0.0528725, , , , , , , 24.5393654, -0.2552987, , , , , , , 24.5393654, 0.0125887, , , , , , , 24.5393654, 0.0454871, , , , , , , , , , , , , , , , , , , , , , , , , , , , 
24.5398846, -0.0464942, , , , , , , 24.5398846, -0.3036393, , , , , , , 24.5398846, 0.0159457, , , , , , , 24.5398846, 0.036759, , , , , , , , , , , , , , , , , , , , , , , , , , , , 
24.5404038, -0.0377661, , , , , , , 24.5404038, -0.2918898, , , , , , , 24.5404038, 0.0229953, , , , , , , 24.5404038, 0.030045, , , , , , , , , , , , , , , , , , , , , , , , , , , , 
24.5409231, -0.0290379, , , , , , , 24.5409231, -0.2391852, , , , , , , 24.5409231, 0.0384375, , , , , , , 24.5409231, 0.0246738, , , , , , , , , , , , , , , , , , , , , , , , , , , , 
24.5414423, -0.0256809, , , , , , , 24.5414423, -0.1666743, , , , , , , 24.5414423, 0.0508583, , , , , , , 24.5414423, 0.0209812, , , , , , , , , , , , , , , , , , , , , , , , , , , , 
24.5419615, -0.0229953, , , , , , , 24.5419615, -0.0924849, , , , , , , 24.5419615, 0.0562295, , , , , , , 24.5419615, 0.0193027, , , , , , , , , , , , , , , , , , , , , , , , , , , , 
24.5424808, -0.0179599, , , , , , , 24.5424808, -0.0562295, , , , , , , 24.5424808, 0.0574044, , , , , , , 24.5424808, 0.0169528, , , , , , , , , , , , , , , , , , , , , , , , , , , , 
24.543, -0.01561, , , , , , , 24.543, -0.054551, , , , , , , 24.543, 0.054551, , , , , , , 24.543, 0.0092317, , , , , , , , , , , , , , , , , , , , , , , , , , , , 
24.5435192, -0.0109102, , , , , , , 24.5435192, -0.0438087, , , , , , , 24.5435192, 0.0468299, , , , , , , 24.5435192, -0.0008392, , , , , , , , , , , , , , , , , , , , , , , , , , , , 
24.5440385, -0.0013428, , , , , , , 24.5440385, -0.011078, , , , , , , 24.5440385, 0.0350805, , , , , , , 24.5440385, -0.0082246, , , , , , , , , , , , , , , , , , , , , , , , , , , , 
24.5445577, 0.0102388, , , , , , , 24.5445577, -0.0003357, , , , , , , 24.5445577, 0.0224918, , , , , , , 24.5445577, -0.0120851, , , , , , , , , , , , , , , , , , , , , , , , , , , , 
24.5450769, 0.0193027, , , , , , , 24.5450769, -0.0297093, , , , , , , 24.5450769, 0.0129244, , , , , , , 24.5450769, -0.0142672, , , , , , , , , , , , , , , , , , , , , , , , , , , , 
24.5455962, 0.0229953, , , , , , , 24.5455962, -0.0594186, , , , , , , 24.5455962, 0.0052033, , , , , , , 24.5455962, -0.0129244, , , , , , , , , , , , , , , , , , , , , , , , , , , , 
24.5461154, 0.0256809, , , , , , , 24.5461154, -0.0626078, , , , , , , 24.5461154, -0.0023499, , , , , , , 24.5461154, -0.0132601, , , , , , , , , , , , , , , , , , , , , , , , , , , , 
24.5466346, 0.0287022, , , , , , , 24.5466346, -0.0513619, , , , , , , 24.5466346, -0.0050355, , , , , , , 24.5466346, -0.0181277, , , , , , , , , , , , , , , , , , , , , , , , , , , , 
24.5471538, 0.0327306, , , , , , , 24.5471538, -0.0377661, , , , , , , 24.5471538, -0.0031891, , , , , , , 24.5471538, -0.0240024, , , , , , , , , , , , , , , , , , , , , , , , , , , , 
24.5476731, 0.0464942, , , , , , , 24.5476731, -0.0270237, , , , , , , 24.5476731, -0.0036927, , , , , , , 24.5476731, -0.0330663, , , , , , , , , , , , , , , , , , , , , , , , , , , , 
24.5481923, 0.0720073, , , , , , , 24.5481923, -0.0204776, , , , , , , 24.5481923, -0.0112459, , , , , , , 24.5481923, -0.0431373, , , , , , , , , , , , , , , , , , , , , , , , , , , , 
24.5487115, 0.0958419, , , , , , , 24.5487115, -0.0125887, , , , , , , 24.5487115, -0.0196384, , , , , , , 24.5487115, -0.0485084, , , , , , , , , , , , , , , , , , , , , , , , , , , , 
24.5492308, 0.1082628, , , , , , , 24.5492308, 0.0011749, , , , , , , 24.5492308, -0.0226596, , , , , , , 24.5492308, -0.0498512, , , , , , , , , , , , , , , , , , , , , , , , , , , , 
24.54975, 0.1153124, , , , , , , 24.54975, 0.0146029, , , , , , , 24.54975, -0.0219883, , , , , , , 24.54975, -0.0471656, , , , , , , , , , , , , , , , , , , , , , , , , , , , 
24.5502692, 0.1226978, , , , , , , 24.5502692, 0.0199741, , , , , , , 24.5502692, -0.0236667, , , , , , , 24.5502692, -0.0379339, , , , , , , , , , , , , , , , , , , , , , , , , , , , 
24.5507885, 0.1240406, , , , , , , 24.5507885, 0.0219883, , , , , , , 24.5507885, -0.0258488, , , , , , , 24.5507885, -0.0223239, , , , , , , , , , , , , , , , , , , , , , , , , , , , 
24.5513077, 0.1119554, , , , , , , 24.5513077, 0.0231632, , , , , , , 24.5513077, -0.0246738, , , , , , , 24.5513077, -0.0060426, , , , , , , , , , , , , , , , , , , , , , , , , , , , 
24.5518269, 0.0921492, , , , , , , 24.5518269, 0.0240024, , , , , , , 24.5518269, -0.0196384, , , , , , , 24.5518269, 0.0092317, , , , , , , , , , , , , , , , , , , , , , , , , , , , 
24.5523462, 0.0767071, , , , , , , 24.5523462, 0.026688, , , , , , , 24.5523462, -0.0176242, , , , , , , 24.5523462, 0.0203098, , , , , , , , , , , , , , , , , , , , , , , , , , , , 
24.5528654, 0.0637827, , , , , , , 24.5528654, 0.0323949, , , , , , , 24.5528654, -0.0209812, , , , , , , 24.5528654, 0.023331, , , , , , , , , , , , , , , , , , , , , , , , , , , , 
24.5533846, 0.0441444, , , , , , , 24.5533846, 0.0365911, , , , , , , 24.5533846, -0.024506, , , , , , , 24.5533846, 0.0216526, , , , , , , , , , , , , , , , , , , , , , , , , , , , 
24.5539038, 0.0193027, , , , , , , 24.5539038, 0.040116, , , , , , , 24.5539038, -0.0263523, , , , , , , 24.5539038, 0.0231632, , , , , , , , , , , , , , , , , , , , , , , , , , , , 
24.5544231, -0.0036927, , , , , , , 24.5544231, 0.0448157, , , , , , , 24.5544231, -0.024506, , , , , , , 24.5544231, 0.0320592, , , , , , , , , , , , , , , , , , , , , , , , , , , , 
24.5549423, -0.0196384, , , , , , , 24.5549423, 0.0473335, , , , , , , 24.5549423, -0.0179599, , , , , , , 24.5549423, 0.0387732, , , , , , , , , , , , , , , , , , , , , , , , , , , , 
24.5554615, -0.0339055, , , , , , , 24.5554615, 0.0475013, , , , , , , 24.5554615, -0.0125887, , , , , , , 24.5554615, 0.0407874, , , , , , , , , , , , , , , , , , , , , , , , , , , , 
24.5559808, -0.0491798, , , , , , , 24.5559808, 0.0485084, , , , , , , 24.5559808, -0.0102388, , , , , , , 24.5559808, 0.0412909, , , , , , , , , , , , , , , , , , , , , , , , , , , , 
24.5565, -0.0605936, , , , , , , 24.5565, 0.0535439, , , , , , , 24.5565, -0.0095674, , , , , , , 24.5565, 0.04448, , , , , , , , , , , , , , , , , , , , , , , , , , , , 
24.5570192, -0.0673075, , , , , , , 24.5570192, 0.0585794, , , , , , , 24.5570192, -0.0082246, , , , , , , 24.5570192, 0.0468299, , , , , , , , , , , , , , , , , , , , , , , , , , , , 
24.5575385, -0.0683146, , , , , , , 24.5575385, 0.0574044, , , , , , , 24.5575385, -0.0077211, , , , , , , 24.5575385, 0.0424659, , , , , , , , , , , , , , , , , , , , , , , , , , , , 
24.5580577, -0.0605936, , , , , , , 24.5580577, 0.0538796, , , , , , , 24.5580577, -0.0090639, , , , , , , 24.5580577, 0.0320592, , , , , , , , , , , , , , , , , , , , , , , , , , , , 
24.5585769, -0.0448157, , , , , , , 24.5585769, 0.1003738, , , , , , , 24.5585769, -0.012253, , , , , , , 24.5585769, 0.0206455, , , , , , , , , , , , , , , , , , , , , , , , , , , , 
24.5590962, -0.0273594, , , , , , , 24.5590962, 0.1888304, , , , , , , 24.5590962, -0.0142672, , , , , , , 24.5590962, 0.0125887, , , , , , , , , , , , , , , , , , , , , , , , , , , , 
24.5596154, -0.0137636, , , , , , , 24.5596154, 0.2307927, , , , , , , 24.5596154, -0.0152743, , , , , , , 24.5596154, 0.0078889, , , , , , , , , , , , , , , , , , , , , , , , , , , , 
24.5601346, -0.0062104, , , , , , , 24.5601346, 0.1965515, , , , , , , 24.5601346, -0.0182956, , , , , , , 24.5601346, 0.0031891, , , , , , , , , , , , , , , , , , , , , , , , , , , , 
24.5606538, -0.0015106, , , , , , , 24.5606538, 0.1305867, , , , , , , 24.5606538, -0.0186313, , , , , , , 24.5606538, 0.0001678, , , , , , , , , , , , , , , , , , , , , , , , , , , , 
24.5611731, 0.0018463, , , , , , , 24.5611731, 0.0825818, , , , , , , 24.5611731, -0.0132601, , , , , , , 24.5611731, 0.0018463, , , , , , , , , , , , , , , , , , , , , , , , , , , , 
24.5616923, 0.0085603, , , , , , , 24.5616923, 0.0381018, , , , , , , 24.5616923, -0.0083925, , , , , , , 24.5616923, 0.0075532, , , , , , , , , , , , , , , , , , , , , , , , , , , , 
24.5622115, 0.0166171, , , , , , , 24.5622115, -0.0431373, , , , , , , 24.5622115, -0.0052033, , , , , , , 24.5622115, 0.0129244, , , , , , , , , , , , , , , , , , , , , , , , , , , , 
24.5627308, 0.026688, , , , , , , 24.5627308, -0.1445182, , , , , , , 24.5627308, -0.0001678, , , , , , , 24.5627308, 0.0166171, , , , , , , , , , , , , , , , , , , , , , , , , , , , 
24.56325, 0.0352483, , , , , , , 24.56325, -0.2109865, , , , , , , 24.56325, 0.0038605, , , , , , , 24.56325, 0.0223239, , , , , , , , , , , , , , , , , , , , , , , , , , , , 
24.5637692, 0.0347448, , , , , , , 24.5637692, -0.2370031, , , , , , , 24.5637692, 0.0015106, , , , , , , 24.5637692, 0.0317235, , , , , , , , , , , , , , , , , , , , , , , , , , , , 
24.5642885, 0.0340734, , , , , , , 24.5642885, -0.2385138, , , , , , , 24.5642885, -0.0023499, , , , , , , 24.5642885, 0.0397803, , , , , , , , , , , , , , , , , , , , , , , , , , , , 
24.5648077, 0.0276951, , , , , , , 24.5648077, -0.2140078, , , , , , , 24.5648077, -0.005539, , , , , , , 24.5648077, 0.0424659, , , , , , , , , , , , , , , , , , , , , , , , , , , , 
24.5653269, 0.0226596, , , , , , , 24.5653269, -0.1468681, , , , , , , 24.5653269, -0.0062104, , , , , , , 24.5653269, 0.0421302, , , , , , , , , , , , , , , , , , , , , , , , , , , , 
24.5658462, 0.0216526, , , , , , , 24.5658462, -0.0495155, , , , , , , 24.5658462, -0.0016785, , , , , , , 24.5658462, 0.0394446, , , , , , , , , , , , , , , , , , , , , , , , , , , , 
24.5663654, 0.0218204, , , , , , , 24.5663654, 0.0293736, , , , , , , 24.5663654, 0.0035248, , , , , , , 24.5663654, 0.0354162, , , , , , , , , , , , , , , , , , , , , , , , , , , , 
24.5668846, 0.0236667, , , , , , , 24.5668846, 0.0428016, , , , , , , 24.5668846, 0.0099031, , , , , , , 24.5668846, 0.03122, , , , , , , , , , , , , , , , , , , , , , , , , , , , 
24.5674038, 0.0287022, , , , , , , 24.5674038, -0.0018463, , , , , , , 24.5674038, 0.0187991, , , , , , , 24.5674038, 0.0223239, , , , , , , , , , , , , , , , , , , , , , , , , , , , 
24.5679231, 0.0419623, , , , , , , 24.5679231, -0.0706645, , , , , , , 24.5679231, 0.023331, , , , , , , 24.5679231, 0.0072175, , , , , , , , , , , , , , , , , , , , , , , , , , , , 
24.5684423, 0.0629435, , , , , , , 24.5684423, -0.1478752, , , , , , , 24.5684423, 0.0206455, , , , , , , 24.5684423, -0.0035248, , , , , , , , , , , , , , , , , , , , , , , , , , , , 
24.5689615, 0.0777142, , , , , , , 24.5689615, -0.2096437, , , , , , , 24.5689615, 0.0130922, , , , , , , 24.5689615, -0.0102388, , , , , , , , , , , , , , , , , , , , , , , , , , , , 
24.5694808, 0.0793927, , , , , , , 24.5694808, -0.2458991, , , , , , , 24.5694808, 0.0077211, , , , , , , 24.5694808, -0.018967, , , , , , , , , , , , , , , , , , , , , , , , , , , , 
24.57, 0.0753643, , , , , , , 24.57, -0.2385138, , , , , , , 24.57, 0.0041962, , , , , , , 24.57, -0.0276951, , , , , , , , , , , , , , , , , , , , , , , , , , , , 
24.5705192, 0.0676432, , , , , , , 24.5705192, -0.1621424, , , , , , , 24.5705192, -0.0018463, , , , , , , 24.5705192, -0.0318914, , , , , , , , , , , , , , , , , , , , , , , , , , , , 
24.5710385, 0.0582437, , , , , , , 24.5710385, -0.0748608, , , , , , , 24.5710385, -0.0062104, , , , , , , 24.5710385, -0.0293736, , , , , , , , , , , , , , , , , , , , , , , , , , , , 
24.5715577, 0.0488441, , , , , , , 24.5715577, -0.0317235, , , , , , , 24.5715577, -0.0082246, , , , , , , 24.5715577, -0.0213169, , , , , , , , , , , , , , , , , , , , , , , , , , , , 
24.5720769, 0.0387732, , , , , , , 24.5720769, -0.0057069, , , , , , , 24.5720769, -0.008896, , , , , , , 24.5720769, -0.012253, , , , , , , , , , , , , , , , , , , , , , , , , , , , 
24.5725962, 0.0258488, , , , , , , 24.5725962, 0.0350805, , , , , , , 24.5725962, -0.0065461, , , , , , , 24.5725962, -0.0048676, , , , , , , , , , , , , , , , , , , , , , , , , , , , 
24.5731154, 0.0127565, , , , , , , 24.5731154, 0.0622721, , , , , , , 24.5731154, -0.0068818, , , , , , , 24.5731154, -0.0006714, , , , , , , , , , , , , , , , , , , , , , , , , , , , 
24.5736346, -0.0015106, , , , , , , 24.5736346, 0.0703288, , , , , , , 24.5736346, -0.0087282, , , , , , , 24.5736346, 0.0052033, , , , , , , , , , , , , , , , , , , , , , , , , , , , 
24.5741538, -0.0196384, , , , , , , 24.5741538, 0.079057, , , , , , , 24.5741538, -0.0082246, , , , , , , 24.5741538, 0.0146029, , , , , , , , , , , , , , , , , , , , , , , , , , , , 
24.5746731, -0.0394446, , , , , , , 24.5746731, 0.0770428, , , , , , , 24.5746731, -0.0063783, , , , , , , 24.5746731, 0.0246738, , , , , , , , , , , , , , , , , , , , , , , , , , , , 
24.5751923, -0.057908, , , , , , , 24.5751923, 0.0508583, , , , , , , 24.5751923, -0.0048676, , , , , , , 24.5751923, 0.0347448, , , , , , , , , , , , , , , , , , , , , , , , , , , , 
24.5757115, -0.0715038, , , , , , , 24.5757115, 0.0354162, , , , , , , 24.5757115, -0.0038605, , , , , , , 24.5757115, 0.0448157, , , , , , , , , , , , , , , , , , , , , , , , , , , , 
24.5762308, -0.076875, , , , , , , 24.5762308, 0.0548867, , , , , , , 24.5762308, -0.0082246, , , , , , , 24.5762308, 0.0522011, , , , , , , , , , , , , , , , , , , , , , , , , , , , 
24.57675, -0.0815747, , , , , , , 24.57675, 0.0706645, , , , , , , 24.57675, -0.0179599, , , , , , , 24.57675, 0.0553902, , , , , , , , , , , , , , , , , , , , , , , , , , , , 
24.5772692, -0.0827497, , , , , , , 24.5772692, 0.0522011, , , , , , , 24.5772692, -0.0260166, , , , , , , 24.5772692, 0.051194, , , , , , , , , , , , , , , , , , , , , , , , , , , , 
24.5777885, -0.0686503, , , , , , , 24.5777885, 0.0307164, , , , , , , 24.5777885, -0.0290379, , , , , , , 24.5777885, 0.0406195, , , , , , , , , , , , , , , , , , , , , , , , , , , , 
24.5783077, -0.0485084, , , , , , , 24.5783077, 0.0381018, , , , , , , 24.5783077, -0.0292058, , , , , , , 24.5783077, 0.0280308, , , , , , , , , , , , , , , , , , , , , , , , , , , , 
24.5788269, -0.0283665, , , , , , , 24.5788269, 0.0443122, , , , , , , 24.5788269, -0.0238346, , , , , , , 24.5788269, 0.0186313, , , , , , , , , , , , , , , , , , , , , , , , , , , , 
24.5793462, -0.0125887, , , , , , , 24.5793462, 0.0414588, , , , , , , 24.5793462, -0.012253, , , , , , , 24.5793462, 0.0102388, , , , , , , , , , , , , , , , , , , , , , , , , , , , 
24.5798654, -0.0005035, , , , , , , 24.5798654, 0.0636149, , , , , , , 24.5798654, 0.0078889, , , , , , , 24.5798654, 0.0018463, , , , , , , , , , , , , , , , , , , , , , , , , , , , 
24.5803846, 0.0132601, , , , , , , 24.5803846, 0.0716716, , , , , , , 24.5803846, 0.0273594, , , , , , , 24.5803846, -0.002182, , , , , , , , , , , , , , , , , , , , , , , , , , , , 
24.5809038, 0.0204776, , , , , , , 24.5809038, 0.0166171, , , , , , , 24.5809038, 0.0426337, , , , , , , 24.5809038, -0.003357, , , , , , , , , , , , , , , , , , , , , , , , , , , , 
24.5814231, 0.0246738, , , , , , , 24.5814231, -0.0438087, , , , , , , 24.5814231, 0.072343, , , , , , , 24.5814231, -0.0028534, , , , , , , , , , , , , , , , , , , , , , , , , , , , 
24.5819423, 0.0283665, , , , , , , 24.5819423, -0.0777142, , , , , , , 24.5819423, 0.1059129, , , , , , , 24.5819423, -0.0015106, , , , , , , , , , , , , , , , , , , , , , , , , , , , 
24.5824615, 0.0273594, , , , , , , 24.5824615, -0.0944991, , , , , , , 24.5824615, 0.1149767, , , , , , , 24.5824615, -0.0008392, , , , , , , , , , , , , , , , , , , , , , , , , , , , 
24.5829808, 0.0283665, , , , , , , 24.5829808, -0.0861067, , , , , , , 24.5829808, 0.0921492, , , , , , , 24.5829808, -0.0008392, , , , , , , , , , , , , , , , , , , , , , , , , , , , 
24.5835, 0.0305486, , , , , , , 24.5835, -0.0505226, , , , , , , 24.5835, 0.0542153, , , , , , , 24.5835, 0.0011749, , , , , , , , , , , , , , , , , , , , , , , , , , , , 
24.5840192, 0.0365911, , , , , , , 24.5840192, -0.0028534, , , , , , , 24.5840192, 0.0157778, , , , , , , 24.5840192, 0.0045319, , , , , , , , , , , , , , , , , , , , , , , , , , , , 
24.5845385, 0.0441444, , , , , , , 24.5845385, 0.0310521, , , , , , , 24.5845385, -0.0270237, , , , , , , 24.5845385, 0.0092317, , , , , , , , , , , , , , , , , , , , , , , , , , , , 
24.5850577, 0.0488441, , , , , , , 24.5850577, 0.0313878, , , , , , , 24.5850577, -0.0726787, , , , , , , 24.5850577, 0.0125887, , , , , , , , , , , , , , , , , , , , , , , , , , , , 
24.5855769, 0.0505226, , , , , , , 24.5855769, 0.0125887, , , , , , , 24.5855769, -0.1149767, , , , , , , 24.5855769, 0.011078, , , , , , , , , , , , , , , , , , , , , , , , , , , , 
24.5860962, 0.0481727, , , , , , , 24.5860962, 0.0018463, , , , , , , 24.5860962, -0.1495537, , , , , , , 24.5860962, 0.0058747, , , , , , , , , , , , , , , , , , , , , , , , , , , , 
24.5866154, 0.04448, , , , , , , 24.5866154, -0.01561, , , , , , , 24.5866154, -0.1707027, , , , , , , 24.5866154, -0.0018463, , , , , , , , , , , , , , , , , , , , , , , , , , , , 
24.5871346, 0.0461585, , , , , , , 24.5871346, -0.0332341, , , , , , , 24.5871346, -0.1730526, , , , , , , 24.5871346, -0.0078889, , , , , , , , , , , , , , , , , , , , , , , , , , , , 
24.5876538, 0.0548867, , , , , , , 24.5876538, -0.0169528, , , , , , , 24.5876538, -0.1609674, , , , , , , 24.5876538, -0.0176242, , , , , , , , , , , , , , , , , , , , , , , , , , , , 
24.5881731, 0.068986, , , , , , , 24.5881731, 0.0161135, , , , , , , 24.5881731, -0.142504, , , , , , , 24.5881731, -0.0303807, , , , , , , , , , , , , , , , , , , , , , , , , , , , 
24.5886923, 0.0782177, , , , , , , 24.5886923, 0.0307164, , , , , , , 24.5886923, -0.1216907, , , , , , , 24.5886923, -0.0350805, , , , , , , , , , , , , , , , , , , , , , , , , , , , 
24.5892115, 0.0817426, , , , , , , 24.5892115, 0.0240024, , , , , , , 24.5892115, -0.0985275, , , , , , , 24.5892115, -0.0250095, , , , , , , , , , , , , , , , , , , , , , , , , , , , 
24.5897308, 0.0800641, , , , , , , 24.5897308, 0.0078889, , , , , , , 24.5897308, -0.0767071, , , , , , , 24.5897308, -0.0115816, , , , , , , , , , , , , , , , , , , , , , , , , , , , 
24.59025, 0.0814069, , , , , , , 24.59025, -0.0152743, , , , , , , 24.59025, -0.0605936, , , , , , , 24.59025, -0.0023499, , , , , , , , , , , , , , , , , , , , , , , , , , , , 
24.5907692, 0.0877852, , , , , , , 24.5907692, -0.0250095, , , , , , , 24.5907692, -0.0506905, , , , , , , 24.5907692, 0.0025177, , , , , , , , , , , , , , , , , , , , , , , , , , , , 
24.5912885, 0.0884565, , , , , , , 24.5912885, -0.0008392, , , , , , , 24.5912885, -0.0461585, , , , , , , 24.5912885, 0.0062104, , , , , , , , , , , , , , , , , , , , , , , , , , , , 
24.5918077, 0.0726787, , , , , , , 24.5918077, 0.0495155, , , , , , , 24.5918077, -0.0464942, , , , , , , 24.5918077, 0.0117494, , , , , , , , , , , , , , , , , , , , , , , , , , , , 
24.5923269, 0.0552224, , , , , , , 24.5923269, 0.0770428, , , , , , , 24.5923269, -0.0438087, , , , , , , 24.5923269, 0.0203098, , , , , , , , , , , , , , , , , , , , , , , , , , , , 
24.5928462, 0.0441444, , , , , , , 24.5928462, 0.0572366, , , , , , , 24.5928462, -0.0347448, , , , , , , 24.5928462, 0.0285344, , , , , , , , , , , , , , , , , , , , , , , , , , , , 
24.5933654, 0.030045, , , , , , , 24.5933654, 0.0166171, , , , , , , 24.5933654, -0.0229953, , , , , , , 24.5933654, 0.0345769, , , , , , , , , , , , , , , , , , , , , , , , , , , , 
24.5938846, 0.0099031, , , , , , , 24.5938846, -0.0305486, , , , , , , 24.5938846, -0.0109102, , , , , , , 24.5938846, 0.0426337, , , , , , , , , , , , , , , , , , , , , , , , , , , , 
24.5944038, -0.012253, , , , , , , 24.5944038, -0.066804, , , , , , , 24.5944038, 0.0005035, , , , , , , 24.5944038, 0.0527047, , , , , , , , , , , , , , , , , , , , , , , , , , , , 
24.5949231, -0.0323949, , , , , , , 24.5949231, -0.0379339, , , , , , , 24.5949231, 0.0129244, , , , , , , 24.5949231, 0.0616007, , , , , , , , , , , , , , , , , , , , , , , , , , , , 
24.5954423, -0.0471656, , , , , , , 24.5954423, 0.047837, , , , , , , 24.5954423, 0.0293736, , , , , , , 24.5954423, 0.0656291, , , , , , , , , , , , , , , , , , , , , , , , , , , , 
24.5959615, -0.0580758, , , , , , , 24.5959615, 0.1085985, , , , , , , 24.5959615, 0.0439765, , , , , , , 24.5959615, 0.0649577, , , , , , , , , , , , , , , , , , , , , , , , , , , , 
24.5964808, -0.0652934, , , , , , , 24.5964808, 0.1441825, , , , , , , 24.5964808, 0.0532082, , , , , , , 24.5964808, 0.0629435, , , , , , , , , , , , , , , , , , , , , , , , , , , , 
24.597, -0.0693217, , , , , , , 24.597, 0.1641566, , , , , , , 24.597, 0.0570687, , , , , , , 24.597, 0.0585794, , , , , , , , , , , , , , , , , , , , , , , , , , , , 
24.5975192, -0.066804, , , , , , , 24.5975192, 0.1431754, , , , , , , 24.5975192, 0.0569009, , , , , , , 24.5975192, 0.0522011, , , , , , , , , , , , , , , , , , , , , , , , , , , , 
24.5980385, -0.0582437, , , , , , , 24.5980385, 0.085771, , , , , , , 24.5980385, 0.0560616, , , , , , , 24.5980385, 0.0461585, , , , , , , , , , , , , , , , , , , , , , , , , , , , 
24.5985577, -0.0458228, , , , , , , 24.5985577, 0.0250095, , , , , , , 24.5985577, 0.054551, , , , , , , 24.5985577, 0.0399481, , , , , , , , , , , , , , , , , , , , , , , , , , , , 
24.5990769, -0.0374304, , , , , , , 24.5990769, -0.0364233, , , , , , , 24.5990769, 0.0518654, , , , , , , 24.5990769, 0.0310521, , , , , , , , , , , , , , , , , , , , , , , , , , , , 
24.5995962, -0.0360876, , , , , , , 24.5995962, -0.1132982, , , , , , , 24.5995962, 0.0575723, , , , , , , 24.5995962, 0.021149, , , , , , , , , , , , , , , , , , , , , , , , , , , , 
24.6001154, -0.0330663, , , , , , , 24.6001154, -0.1921874, , , , , , , 24.6001154, 0.0730144, , , , , , , 24.6001154, 0.0166171, , , , , , , , , , , , , , , , , , , , , , , , , , , , 
24.6006346, -0.0263523, , , , , , , 24.6006346, -0.2317998, , , , , , , 24.6006346, 0.0797284, , , , , , , 24.6006346, 0.0166171, , , , , , , , , , , , , , , , , , , , , , , , , , , , 
24.6011538, -0.0206455, , , , , , , 24.6011538, -0.235996, , , , , , , 24.6011538, 0.0676432, , , , , , , 24.6011538, 0.0142672, , , , , , , , , , , , , , , , , , , , , , , , , , , , 
24.6016731, -0.0203098, , , , , , , 24.6016731, -0.2366674, , , , , , , 24.6016731, 0.0471656, , , , , , , 24.6016731, 0.0095674, , , , , , , , , , , , , , , , , , , , , , , , , , , , 
24.6021923, -0.0229953, , , , , , , 24.6021923, -0.2311284, , , , , , , 24.6021923, 0.0280308, , , , , , , 24.6021923, 0.0041962, , , , , , , , , , , , , , , , , , , , , , , , , , , , 
24.6027115, -0.0194705, , , , , , , 24.6027115, -0.2150149, , , , , , , 24.6027115, 0.010071, , , , , , , 24.6027115, 0.0035248, , , , , , , , , , , , , , , , , , , , , , , , , , , , 
24.6032308, -0.0112459, , , , , , , 24.6032308, -0.1884947, , , , , , , 24.6032308, -0.0072175, , , , , , , 24.6032308, 0.005539, , , , , , , , , , , , , , , , , , , , , , , , , , , , 
24.60375, -0.0062104, , , , , , , 24.60375, -0.1435111, , , , , , , 24.60375, -0.0186313, , , , , , , 24.60375, 0.0036927, , , , , , , , , , , , , , , , , , , , , , , , , , , , 
24.6042692, 0.0005035, , , , , , , 24.6042692, -0.0887922, , , , , , , 24.6042692, -0.0219883, , , , , , , 24.6042692, -0.0016785, , , , , , , , , , , , , , , , , , , , , , , , , , , , 
24.6047885, 0.0117494, , , , , , , 24.6047885, -0.0354162, , , , , , , 24.6047885, -0.0196384, , , , , , , 24.6047885, -0.0070497, , , , , , , , , , , , , , , , , , , , , , , , , , , , 
24.6053077, 0.0135958, , , , , , , 24.6053077, 0.0048676, , , , , , , 24.6053077, -0.0135958, , , , , , , 24.6053077, -0.0090639, , , , , , , , , , , , , , , , , , , , , , , , , , , , 
24.6058269, 0.0090639, , , , , , , 24.6058269, 0.0293736, , , , , , , 24.6058269, -0.0035248, , , , , , , 24.6058269, -0.0085603, , , , , , , , , , , , , , , , , , , , , , , , , , , , 
24.6063462, 0.0102388, , , , , , , 24.6063462, 0.0448157, , , , , , , 24.6063462, 0.0052033, , , , , , , 24.6063462, -0.0117494, , , , , , , , , , , , , , , , , , , , , , , , , , , , 
24.6068654, 0.0186313, , , , , , , 24.6068654, 0.0626078, , , , , , , 24.6068654, 0.0125887, , , , , , , 24.6068654, -0.0157778, , , , , , , , , , , , , , , , , , , , , , , , , , , , 
24.6073846, 0.0357519, , , , , , , 24.6073846, 0.0941634, , , , , , , 24.6073846, 0.0186313, , , , , , , 24.6073846, -0.0236667, , , , , , , , , , , , , , , , , , , , , , , , , , , , 
24.6079038, 0.0599222, , , , , , , 24.6079038, 0.1099413, , , , , , , 24.6079038, 0.0186313, , , , , , , 24.6079038, -0.0350805, , , , , , , , , , , , , , , , , , , , , , , , , , , , 
24.6084231, 0.0767071, , , , , , , 24.6084231, 0.090135, , , , , , , 24.6084231, 0.012253, , , , , , , 24.6084231, -0.040116, , , , , , , , , , , , , , , , , , , , , , , , , , , , 
24.6089423, 0.0867781, , , , , , , 24.6089423, 0.0750286, , , , , , , 24.6089423, 0.0038605, , , , , , , 24.6089423, -0.0384375, , , , , , , , , , , , , , , , , , , , , , , , , , , , 
24.6094615, 0.0923171, , , , , , , 24.6094615, 0.1038987, , , , , , , 24.6094615, -0.0030213, , , , , , , 24.6094615, -0.0354162, , , , , , , , , , , , , , , , , , , , , , , , , , , , 
24.6099808, 0.0975204, , , , , , , 24.6099808, 0.1461967, , , , , , , 24.6099808, -0.0142672, , , , , , , 24.6099808, -0.0313878, , , , , , , , , , , , , , , , , , , , , , , , , , , , 
24.6105, 0.0995346, , , , , , , 24.6105, 0.1435111, , , , , , , 24.6105, -0.0273594, , , , , , , 24.6105, -0.0283665, , , , , , , , , , , , , , , , , , , , , , , , , , , , 
24.6110192, 0.0924849, , , , , , , 24.6110192, 0.0983597, , , , , , , 24.6110192, -0.0381018, , , , , , , 24.6110192, -0.0256809, , , , , , , , , , , , , , , , , , , , , , , , , , , , 
24.6115385, 0.079057, , , , , , , 24.6115385, 0.0473335, , , , , , , 24.6115385, -0.043473, , , , , , , 24.6115385, -0.0166171, , , , , , , , , , , , , , , , , , , , , , , , , , , , 
24.6120577, 0.0599222, , , , , , , 24.6120577, 0.0179599, , , , , , , 24.6120577, -0.0421302, , , , , , , 24.6120577, -0.0028534, , , , , , , , , , , , , , , , , , , , , , , , , , , , 
24.6125769, 0.0426337, , , , , , , 24.6125769, 0.0166171, , , , , , , 24.6125769, -0.0391089, , , , , , , 24.6125769, 0.0099031, , , , , , , , , , , , , , , , , , , , , , , , , , , , 
24.6130962, 0.0243381, , , , , , , 24.6130962, 0.036759, , , , , , , 24.6130962, -0.0350805, , , , , , , 24.6130962, 0.0159457, , , , , , , , , , , , , , , , , , , , , , , , , , , , 
24.6136154, 0.0048676, , , , , , , 24.6136154, 0.0639506, , , , , , , 24.6136154, -0.0292058, , , , , , , 24.6136154, 0.0166171, , , , , , , , , , , , , , , , , , , , , , , , , , , , 
24.6141346, -0.0159457, , , , , , , 24.6141346, 0.0877852, , , , , , , 24.6141346, -0.0216526, , , , , , , 24.6141346, 0.0223239, , , , , , , , , , , , , , , , , , , , , , , , , , , , 
24.6146538, -0.0352483, , , , , , , 24.6146538, 0.0783856, , , , , , , 24.6146538, -0.0117494, , , , , , , 24.6146538, 0.0317235, , , , , , , , , , , , , , , , , , , , , , , , , , , , 
24.6151731, -0.0498512, , , , , , , 24.6151731, 0.011078, , , , , , , 24.6151731, -0.0028534, , , , , , , 24.6151731, 0.0397803, , , , , , , , , , , , , , , , , , , , , , , , , , , , 
24.6156923, -0.0614328, , , , , , , 24.6156923, -0.1005417, , , , , , , 24.6156923, -0.0011749, , , , , , , 24.6156923, 0.0475013, , , , , , , , , , , , , , , , , , , , , , , , , , , , 
24.6162115, -0.0669718, , , , , , , 24.6162115, -0.2039368, , , , , , , 24.6162115, -0.0072175, , , , , , , 24.6162115, 0.0560616, , , , , , , , , , , , , , , , , , , , , , , , , , , , 
24.6167308, -0.0696574, , , , , , , 24.6167308, -0.2636912, , , , , , , 24.6167308, -0.0179599, , , , , , , 24.6167308, 0.0614328, , , , , , , , , , , , , , , , , , , , , , , , , , , , 
24.61725, -0.066804, , , , , , , 24.61725, -0.2579843, , , , , , , 24.61725, -0.0293736, , , , , , , 24.61725, 0.0582437, , , , , , , , , , , , , , , , , , , , , , , , , , , , 
24.6177692, -0.056733, , , , , , , 24.6177692, -0.1836271, , , , , , , 24.6177692, -0.0344091, , , , , , , 24.6177692, 0.0453193, , , , , , , , , , , , , , , , , , , , , , , , , , , , 
24.6182885, -0.0446479, , , , , , , 24.6182885, -0.0882887, , , , , , , 24.6182885, -0.0256809, , , , , , , 24.6182885, 0.027863, , , , , , , , , , , , , , , , , , , , , , , , , , , , 
24.6188077, -0.0428016, , , , , , , 24.6188077, -0.043473, , , , , , , 24.6188077, -0.005539, , , , , , , 24.6188077, 0.01561, , , , , , , , , , , , , , , , , , , , , , , , , , , , 
24.6193269, -0.0404517, , , , , , , 24.6193269, -0.0377661, , , , , , , 24.6193269, 0.0105745, , , , , , , 24.6193269, 0.0132601, , , , , , , , , , , , , , , , , , , , , , , , , , , , 
24.6198462, -0.0276951, , , , , , , 24.6198462, -0.0250095, , , , , , , 24.6198462, 0.0152743, , , , , , , 24.6198462, 0.0142672, , , , , , , , , , , , , , , , , , , , , , , , , , , , 
24.6203654, -0.0097353, , , , , , , 24.6203654, -0.002182, , , , , , , 24.6203654, 0.0092317, , , , , , , 24.6203654, 0.0152743, , , , , , , , , , , , , , , , , , , , , , , , , , , , 
24.6208846, 0.0038605, , , , , , , 24.6208846, 0.0206455, , , , , , , 24.6208846, -0.0015106, , , , , , , 24.6208846, 0.0179599, , , , , , , , , , , , , , , , , , , , , , , , , , , , 
24.6214038, 0.011078, , , , , , , 24.6214038, 0.0360876, , , , , , , 24.6214038, -0.0115816, , , , , , , 24.6214038, 0.0213169, , , , , , , , , , , , , , , , , , , , , , , , , , , , 
24.6219231, 0.0166171, , , , , , , 24.6219231, 0.043473, , , , , , , 24.6219231, -0.0179599, , , , , , , 24.6219231, 0.0271916, , , , , , , , , , , , , , , , , , , , , , , , , , , , 
24.6224423, 0.0219883, , , , , , , 24.6224423, 0.0468299, , , , , , , 24.6224423, -0.0162814, , , , , , , 24.6224423, 0.0298772, , , , , , , , , , , , , , , , , , , , , , , , , , , , 
24.6229615, 0.0248417, , , , , , , 24.6229615, 0.0480049, , , , , , , 24.6229615, -0.0125887, , , , , , , 24.6229615, 0.0250095, , , , , , , , , , , , , , , , , , , , , , , , , , , , 
24.6234808, 0.0253452, , , , , , , 24.6234808, 0.0461585, , , , , , , 24.6234808, -0.0115816, , , , , , , 24.6234808, 0.017792, , , , , , , , , , , , , , , , , , , , , , , , , , , , 
24.624, 0.0236667, , , , , , , 24.624, 0.0310521, , , , , , , 24.624, -0.0097353, , , , , , , 24.624, 0.0149386, , , , , , , , , , , , , , , , , , , , , , , , , , , , 
24.6245192, 0.0240024, , , , , , , 24.6245192, 0.0065461, , , , , , , 24.6245192, -0.0045319, , , , , , , 24.6245192, 0.014435, , , , , , , , , , , , , , , , , , , , , , , , , , , , 
24.6250385, 0.0305486, , , , , , , 24.6250385, -0.0169528, , , , , , , 24.6250385, 0.0018463, , , , , , , 24.6250385, 0.0142672, , , , , , , , , , , , , , , , , , , , , , , , , , , , 
24.6255577, 0.0364233, , , , , , , 24.6255577, -0.03122, , , , , , , 24.6255577, 0.0018463, , , , , , , 24.6255577, 0.0105745, , , , , , , , , , , , , , , , , , , , , , , , , , , , 
24.6260769, 0.0360876, , , , , , , 24.6260769, -0.0181277, , , , , , , 24.6260769, -0.0001678, , , , , , , 24.6260769, 0.0062104, , , , , , , , , , , , , , , , , , , , , , , , , , , , 
24.6265962, 0.0347448, , , , , , , 24.6265962, 0.0495155, , , , , , , 24.6265962, -0.0005035, , , , , , , 24.6265962, 0.0031891, , , , , , , , , , , , , , , , , , , , , , , , , , , , 
24.6271154, 0.0419623, , , , , , , 24.6271154, 0.1386435, , , , , , , 24.6271154, -0.0052033, , , , , , , 24.6271154, 0.0005035, , , , , , , , , , , , , , , , , , , , , , , , , , , , 
24.6276346, 0.0569009, , , , , , , 24.6276346, 0.1900053, , , , , , , 24.6276346, -0.0142672, , , , , , , 24.6276346, -0.0068818, , , , , , , , , , , , , , , , , , , , , , , , , , , , 
24.6281538, 0.0743572, , , , , , , 24.6281538, 0.1972229, , , , , , , 24.6281538, -0.0172885, , , , , , , 24.6281538, -0.0130922, , , , , , , , , , , , , , , , , , , , , , , , , , , , 
24.6286731, 0.0897993, , , , , , , 24.6286731, 0.1787594, , , , , , , 24.6286731, -0.012253, , , , , , , 24.6286731, -0.017792, , , , , , , , , , , , , , , , , , , , , , , , , , , , 
24.6291923, 0.100206, , , , , , , 24.6291923, 0.1500572, , , , , , , 24.6291923, -0.0078889, , , , , , , 24.6291923, -0.023331, , , , , , , , , , , , , , , , , , , , , , , , , , , , 
24.6297115, 0.105745, , , , , , , 24.6297115, 0.1012131, , , , , , , 24.6297115, -0.0070497, , , , , , , 24.6297115, -0.0265202, , , , , , , , , , , , , , , , , , , , , , , , , , , , 
24.6302308, 0.1042344, , , , , , , 24.6302308, 0.0340734, , , , , , , 24.6302308, -0.0048676, , , , , , , 24.6302308, -0.0253452, , , , , , , , , , , , , , , , , , , , , , , , , , , , 
24.63075, 0.0990311, , , , , , , 24.63075, 0.0018463, , , , , , , 24.63075, 0.0011749, , , , , , , 24.63075, -0.0191348, , , , , , , , , , , , , , , , , , , , , , , , , , , , 
24.6312692, 0.1018845, , , , , , , 24.6312692, 0.0417945, , , , , , , 24.6312692, 0.0070497, , , , , , , 24.6312692, -0.0097353, , , , , , , , , , , , , , , , , , , , , , , , , , , , 
24.6317885, 0.1122911, , , , , , , 24.6317885, 0.1096056, , , , , , , 24.6317885, 0.0065461, , , , , , , 24.6317885, 0.0006714, , , , , , , , , , , , , , , , , , , , , , , , , , , , 
24.6323077, 0.0997024, , , , , , , 24.6323077, 0.1257191, , , , , , , 24.6323077, 0.0011749, , , , , , , 24.6323077, 0.0125887, , , , , , , , , , , , , , , , , , , , , , , , , , , , 
24.6328269, 0.0760357, , , , , , , 24.6328269, 0.0743572, , , , , , , 24.6328269, -0.0045319, , , , , , , 24.6328269, 0.0246738, , , , , , , , , , , , , , , , , , , , , , , , , , , , 
24.6333462, 0.0548867, , , , , , , 24.6333462, -0.0090639, , , , , , , 24.6333462, -0.01561, , , , , , , 24.6333462, 0.0325628, , , , , , , , , , , , , , , , , , , , , , , , , , , , 
24.6338654, 0.0307164, , , , , , , 24.6338654, -0.0973526, , , , , , , 24.6338654, -0.0298772, , , , , , , 24.6338654, 0.0359197, , , , , , , , , , , , , , , , , , , , , , , , , , , , 
24.6343846, 0.0018463, , , , , , , 24.6343846, -0.1539178, , , , , , , 24.6343846, -0.0417945, , , , , , , 24.6343846, 0.0407874, , , , , , , , , , , , , , , , , , , , , , , , , , , , 
24.6349038, -0.0276951, , , , , , , 24.6349038, -0.1723812, , , , , , , 24.6349038, -0.051194, , , , , , , 24.6349038, 0.0451514, , , , , , , , , , , , , , , , , , , , , , , , , , , , 
24.6354231, -0.0475013, , , , , , , 24.6354231, -0.1710384, , , , , , , 24.6354231, -0.0555581, , , , , , , 24.6354231, 0.0473335, , , , , , , , , , , , , , , , , , , , , , , , , , , , 
24.6359423, -0.061265, , , , , , , 24.6359423, -0.1596246, , , , , , , 24.6359423, -0.0540475, , , , , , , 24.6359423, 0.0471656, , , , , , , , , , , , , , , , , , , , , , , , , , , , 
24.6364615, -0.0787213, , , , , , , 24.6364615, -0.1339437, , , , , , , 24.6364615, -0.0505226, , , , , , , 24.6364615, 0.0473335, , , , , , , , , , , , , , , , , , , , , , , , , , , , 
24.6369808, -0.0941634, , , , , , , 24.6369808, -0.1126268, , , , , , , 24.6369808, -0.0439765, , , , , , , 24.6369808, 0.0481727, , , , , , , , , , , , , , , , , , , , , , , , , , , , 
24.6375, -0.0961776, , , , , , , 24.6375, -0.1273976, , , , , , , 24.6375, -0.0339055, , , , , , , 24.6375, 0.043473, , , , , , , , , , , , , , , , , , , , , , , , , , , , 
24.6380192, -0.0820783, , , , , , , 24.6380192, -0.1500572, , , , , , , 24.6380192, -0.0260166, , , , , , , 24.6380192, 0.0327306, , , , , , , , , , , , , , , , , , , , , , , , , , , , 
24.6385385, -0.0605936, , , , , , , 24.6385385, -0.1408255, , , , , , , 24.6385385, -0.0219883, , , , , , , 24.6385385, 0.0219883, , , , , , , , , , , , , , , , , , , , , , , , , , , , 
24.6390577, -0.0384375, , , , , , , 24.6390577, -0.124712, , , , , , , 24.6390577, -0.0169528, , , , , , , 24.6390577, 0.0146029, , , , , , , , , , , , , , , , , , , , , , , , , , , , 
24.6395769, -0.018967, , , , , , , 24.6395769, -0.1243763, , , , , , , 24.6395769, -0.0115816, , , , , , , 24.6395769, 0.0115816, , , , , , , , , , , , , , , , , , , , , , , , , , , , 
24.6400962, -0.0062104, , , , , , , 24.6400962, -0.1190051, , , , , , , 24.6400962, -0.0099031, , , , , , , 24.6400962, 0.0124208, , , , , , , , , , , , , , , , , , , , , , , , , , , , 
24.6406154, 0.0010071, , , , , , , 24.6406154, -0.1050736, , , , , , , 24.6406154, -0.0124208, , , , , , , 24.6406154, 0.0146029, , , , , , , , , , , , , , , , , , , , , , , , , , , , 
24.6411346, 0.0052033, , , , , , , 24.6411346, -0.0849317, , , , , , , 24.6411346, -0.01561, , , , , , , 24.6411346, 0.0157778, , , , , , , , , , , , , , , , , , , , , , , , , , , , 
24.6416538, 0.0048676, , , , , , , 24.6416538, -0.0458228, , , , , , , 24.6416538, -0.0135958, , , , , , , 24.6416538, 0.0179599, , , , , , , , , , , , , , , , , , , , , , , , , , , , 
24.6421731, 0.0008392, , , , , , , 24.6421731, 0.0078889, , , , , , , 24.6421731, -0.005539, , , , , , , 24.6421731, 0.0193027, , , , , , , , , , , , , , , , , , , , , , , , , , , , 
24.6426923, -0.0035248, , , , , , , 24.6426923, 0.0451514, , , , , , , 24.6426923, 0.0010071, , , , , , , 24.6426923, 0.0172885, , , , , , , , , , , , , , , , , , , , , , , , , , , , 
24.6432115, -0.0038605, , , , , , , 24.6432115, 0.051194, , , , , , , 24.6432115, 0.0011749, , , , , , , 24.6432115, 0.0102388, , , , , , , , , , , , , , , , , , , , , , , , , , , , 
24.6437308, -0.0018463, , , , , , , 24.6437308, 0.06009, , , , , , , 24.6437308, 0.0005035, , , , , , , 24.6437308, 0.0038605, , , , , , , , , , , , , , , , , , , , , , , , , , , , 
24.64425, -0.0005035, , , , , , , 24.64425, 0.0763714, , , , , , , 24.64425, 0.0025177, , , , , , , 24.64425, -0.0001678, , , , , , , , , , , , , , , , , , , , , , , , , , , , 
24.6447692, -0.0015106, , , , , , , 24.6447692, 0.0817426, , , , , , , 24.6447692, 0.0078889, , , , , , , 24.6447692, -0.005539, , , , , , , , , , , , , , , , , , , , , , , , , , , , 
24.6452885, -0.0015106, , , , , , , 24.6452885, 0.0721752, , , , , , , 24.6452885, 0.0119173, , , , , , , 24.6452885, -0.0130922, , , , , , , , , , , , , , , , , , , , , , , , , , , , 
24.6458077, -0.0038605, , , , , , , 24.6458077, 0.0666361, , , , , , , 24.6458077, 0.0129244, , , , , , , 24.6458077, -0.0193027, , , , , , , , , , , , , , , , , , , , , , , , , , , , 
24.6463269, -0.0048676, , , , , , , 24.6463269, 0.0753643, , , , , , , 24.6463269, 0.0129244, , , , , , , 24.6463269, -0.0213169, , , , , , , , , , , , , , , , , , , , , , , , , , , , 
24.6468462, -0.0050355, , , , , , , 24.6468462, 0.0716716, , , , , , , 24.6468462, 0.0159457, , , , , , , 24.6468462, -0.0219883, , , , , , , , , , , , , , , , , , , , , , , , , , , , 
24.6473654, 0.0105745, , , , , , , 24.6473654, 0.0347448, , , , , , , 24.6473654, 0.0209812, , , , , , , 24.6473654, -0.0248417, , , , , , , , , , , , , , , , , , , , , , , , , , , , 
24.6478846, 0.0441444, , , , , , , 24.6478846, -0.0320592, , , , , , , 24.6478846, 0.0270237, , , , , , , 24.6478846, -0.0283665, , , , , , , , , , , , , , , , , , , , , , , , , , , , 
24.6484038, 0.0716716, , , , , , , 24.6484038, -0.061265, , , , , , , 24.6484038, 0.0327306, , , , , , , 24.6484038, -0.0310521, , , , , , , , , , , , , , , , , , , , , , , , , , , , 
24.6489231, 0.0834211, , , , , , , 24.6489231, -0.026688, , , , , , , 24.6489231, 0.036759, , , , , , , 24.6489231, -0.0317235, , , , , , , , , , , , , , , , , , , , , , , , , , , , 
24.6494423, 0.0817426, , , , , , , 24.6494423, 0.0213169, , , , , , , 24.6494423, 0.0535439, , , , , , , 24.6494423, -0.0307164, , , , , , , , , , , , , , , , , , , , , , , , , , , , 
24.6499615, 0.0773785, , , , , , , 24.6499615, 0.0589151, , , , , , , 24.6499615, 0.0850996, , , , , , , 24.6499615, -0.0276951, , , , , , , , , , , , , , , , , , , , , , , , , , , , 
24.6504808, 0.0736858, , , , , , , 24.6504808, 0.1079271, , , , , , , 24.6504808, 0.1008774, , , , , , , 24.6504808, -0.0209812, , , , , , , , , , , , , , , , , , , , , , , , , , , , 
24.651, 0.0696574, , , , , , , 24.651, 0.1488823, , , , , , , 24.651, 0.0882887, , , , , , , 24.651, -0.0092317, , , , , , , , , , , , , , , , , , , , , , , , , , , , 
24.6515192, 0.0636149, , , , , , , 24.6515192, 0.1230335, , , , , , , 24.6515192, 0.0661326, , , , , , , 24.6515192, 0.0068818, , , , , , , , , , , , , , , , , , , , , , , , , , , , 
24.6520385, 0.0518654, , , , , , , 24.6520385, 0.0384375, , , , , , , 24.6520385, 0.0464942, , , , , , , 24.6520385, 0.0226596, , , , , , , , , , , , , , , , , , , , , , , , , , , , 
24.6525577, 0.040116, , , , , , , 24.6525577, -0.0607614, , , , , , , 24.6525577, 0.0297093, , , , , , , 24.6525577, 0.0313878, , , , , , , , , , , , , , , , , , , , , , , , , , , , 
24.6530769, 0.033402, , , , , , , 24.6530769, -0.1411612, , , , , , , 24.6530769, 0.0105745, , , , , , , 24.6530769, 0.0317235, , , , , , , , , , , , , , , , , , , , , , , , , , , , 
24.6535962, 0.0253452, , , , , , , 24.6535962, -0.1807736, , , , , , , 24.6535962, -0.0102388, , , , , , , 24.6535962, 0.0320592, , , , , , , , , , , , , , , , , , , , , , , , , , , , 
24.6541154, 0.0102388, , , , , , , 24.6541154, -0.181445, , , , , , , 24.6541154, -0.0317235, , , , , , , 24.6541154, 0.0340734, , , , , , , , , , , , , , , , , , , , , , , , , , , , 
24.6546346, -0.0082246, , , , , , , 24.6546346, -0.1594568, , , , , , , 24.6546346, -0.0501869, , , , , , , 24.6546346, 0.0407874, , , , , , , , , , , , , , , , , , , , , , , , , , , , 
24.6551538, -0.0179599, , , , , , , 24.6551538, -0.1465324, , , , , , , 24.6551538, -0.0622721, , , , , , , 24.6551538, 0.0471656, , , , , , , , , , , , , , , , , , , , , , , , , , , , 
24.6556731, -0.0263523, , , , , , , 24.6556731, -0.1576104, , , , , , , 24.6556731, -0.0652934, , , , , , , 24.6556731, 0.0495155, , , , , , , , , , , , , , , , , , , , , , , , , , , , 
24.6561923, -0.0414588, , , , , , , 24.6561923, -0.1599603, , , , , , , 24.6561923, -0.0641184, , , , , , , 24.6561923, 0.0527047, , , , , , , , , , , , , , , , , , , , , , , , , , , , 
24.6567115, -0.0575723, , , , , , , 24.6567115, -0.1250477, , , , , , , 24.6567115, -0.0632792, , , , , , , 24.6567115, 0.0532082, , , , , , , , , , , , , , , , , , , , , , , , , , , , 
24.6572308, -0.0626078, , , , , , , 24.6572308, -0.0676432, , , , , , , 24.6572308, -0.0652934, , , , , , , 24.6572308, 0.0468299, , , , , , , , , , , , , , , , , , , , , , , , , , , , 
24.65775, -0.0543832, , , , , , , 24.65775, -0.0099031, , , , , , , 24.65775, -0.0676432, , , , , , , 24.65775, 0.0384375, , , , , , , , , , , , , , , , , , , , , , , , , , , , 
24.6582692, -0.0364233, , , , , , , 24.6582692, 0.0414588, , , , , , , 24.6582692, -0.0674754, , , , , , , 24.6582692, 0.0323949, , , , , , , , , , , , , , , , , , , , , , , , , , , , 
24.6587885, -0.018967, , , , , , , 24.6587885, 0.0656291, , , , , , , 24.6587885, -0.0629435, , , , , , , 24.6587885, 0.0270237, , , , , , , , , , , , , , , , , , , , , , , , , , , , 
24.6593077, -0.0139315, , , , , , , 24.6593077, 0.0488441, , , , , , , 24.6593077, -0.0540475, , , , , , , 24.6593077, 0.0283665, , , , , , , , , , , , , , , , , , , , , , , , , , , , 
24.6598269, -0.0073854, , , , , , , 24.6598269, 0.0115816, , , , , , , 24.6598269, -0.043473, , , , , , , 24.6598269, 0.0384375, , , , , , , , , , , , , , , , , , , , , , , , , , , , 
24.6603462, -0.0001678, , , , , , , 24.6603462, -0.0112459, , , , , , , 24.6603462, -0.0345769, , , , , , , 24.6603462, 0.0518654, , , , , , , , , , , , , , , , , , , , , , , , , , , , 
24.6608654, 0.0031891, , , , , , , 24.6608654, -0.0041962, , , , , , , 24.6608654, -0.0273594, , , , , , , 24.6608654, 0.0649577, , , , , , , , , , , , , , , , , , , , , , , , , , , , 
24.6613846, 0.0062104, , , , , , , 24.6613846, 0.0243381, , , , , , , 24.6613846, -0.0223239, , , , , , , 24.6613846, 0.072343, , , , , , , , , , , , , , , , , , , , , , , , , , , , 
24.6619038, 0.0075532, , , , , , , 24.6619038, 0.0488441, , , , , , , 24.6619038, -0.0176242, , , , , , , 24.6619038, 0.0726787, , , , , , , , , , , , , , , , , , , , , , , , , , , , 
24.6624231, 0.0112459, , , , , , , 24.6624231, 0.0629435, , , , , , , 24.6624231, -0.0048676, , , , , , , 24.6624231, 0.0654612, , , , , , , , , , , , , , , , , , , , , , , , , , , , 
24.6629423, 0.0132601, , , , , , , 24.6629423, 0.0699931, , , , , , , 24.6629423, 0.0146029, , , , , , , 24.6629423, 0.0493477, , , , , , , , , , , , , , , , , , , , , , , , , , , , 
24.6634615, 0.0142672, , , , , , , 24.6634615, 0.0726787, , , , , , , 24.6634615, 0.0354162, , , , , , , 24.6634615, 0.0303807, , , , , , , , , , , , , , , , , , , , , , , , , , , , 
24.6639808, 0.0162814, , , , , , , 24.6639808, 0.0703288, , , , , , , 24.6639808, 0.0552224, , , , , , , 24.6639808, 0.0162814, , , , , , , , , , , , , , , , , , , , , , , , , , , , 
24.6645, 0.0206455, , , , , , , 24.6645, 0.0683146, , , , , , , 24.6645, 0.0686503, , , , , , , 24.6645, 0.0078889, , , , , , , , , , , , , , , , , , , , , , , , , , , , 
24.6650192, 0.0253452, , , , , , , 24.6650192, 0.0642863, , , , , , , 24.6650192, 0.0736858, , , , , , , 24.6650192, 0.0008392, , , , , , , , , , , , , , , , , , , , , , , , , , , , 
24.6655385, 0.0283665, , , , , , , 24.6655385, 0.051194, , , , , , , 24.6655385, 0.0676432, , , , , , , 24.6655385, -0.0068818, , , , , , , , , , , , , , , , , , , , , , , , , , , , 
24.6660577, 0.0280308, , , , , , , 24.6660577, 0.0448157, , , , , , , 24.6660577, 0.0532082, , , , , , , 24.6660577, -0.014435, , , , , , , , , , , , , , , , , , , , , , , , , , , , 
24.6665769, 0.0317235, , , , , , , 24.6665769, 0.0446479, , , , , , , 24.6665769, 0.0318914, , , , , , , 24.6665769, -0.0219883, , , , , , , , , , , , , , , , , , , , , , , , , , , , 
24.6670962, 0.0411231, , , , , , , 24.6670962, 0.0528725, , , , , , , 24.6670962, 0.0052033, , , , , , , 24.6670962, -0.0297093, , , , , , , , , , , , , , , , , , , , , , , , , , , , 
24.6676154, 0.0542153, , , , , , , 24.6676154, 0.0736858, , , , , , , 24.6676154, -0.0226596, , , , , , , 24.6676154, -0.040116, , , , , , , , , , , , , , , , , , , , , , , , , , , , 
24.6681346, 0.0716716, , , , , , , 24.6681346, 0.117998, , , , , , , 24.6681346, -0.0473335, , , , , , , 24.6681346, -0.0518654, , , , , , , , , , , , , , , , , , , , , , , , , , , , 
24.6686538, 0.0837568, , , , , , , 24.6686538, 0.1675135, , , , , , , 24.6686538, -0.0656291, , , , , , , 24.6686538, -0.061265, , , , , , , , , , , , , , , , , , , , , , , , , , , , 
24.6691731, 0.0891279, , , , , , , 24.6691731, 0.1572747, , , , , , , 24.6691731, -0.0783856, , , , , , , 24.6691731, -0.0656291, , , , , , , , , , , , , , , , , , , , , , , , , , , , 
24.6696923, 0.0956741, , , , , , , 24.6696923, 0.0840925, , , , , , , 24.6696923, -0.0835889, , , , , , , 24.6696923, -0.0616007, , , , , , , , , , , , , , , , , , , , , , , , , , , , 
24.6702115, 0.1012131, , , , , , , 24.6702115, 0.0095674, , , , , , , 24.6702115, -0.0822461, , , , , , , 24.6702115, -0.0518654, , , , , , , , , , , , , , , , , , , , , , , , , , , , 
24.6707308, 0.0998703, , , , , , , 24.6707308, -0.0219883, , , , , , , 24.6707308, -0.0783856, , , , , , , 24.6707308, -0.0404517, , , , , , , , , , , , , , , , , , , , , , , , , , , , 
24.67125, 0.0903029, , , , , , , 24.67125, -0.0481727, , , , , , , 24.67125, -0.0726787, , , , , , , 24.67125, -0.0276951, , , , , , , , , , , , , , , , , , , , , , , , , , , , 
24.6717692, 0.0743572, , , , , , , 24.6717692, -0.0882887, , , , , , , 24.6717692, -0.064622, , , , , , , 24.6717692, -0.012253, , , , , , , , , , , , , , , , , , , , , , , , , , , , 
24.6722885, 0.0629435, , , , , , , 24.6722885, -0.1008774, , , , , , , 24.6722885, -0.0518654, , , , , , , 24.6722885, 0.0048676, , , , , , , , , , , , , , , , , , , , , , , , , , , , 
24.6728077, 0.0501869, , , , , , , 24.6728077, -0.0876173, , , , , , , 24.6728077, -0.0357519, , , , , , , 24.6728077, 0.0226596, , , , , , , , , , , , , , , , , , , , , , , , , , , , 
24.6733269, 0.03122, , , , , , , 24.6733269, -0.0810712, , , , , , , 24.6733269, -0.0276951, , , , , , , 24.6733269, 0.0397803, , , , , , , , , , , , , , , , , , , , , , , , , , , , 
24.6738462, 0.0011749, , , , , , , 24.6738462, -0.0871138, , , , , , , 24.6738462, -0.0270237, , , , , , , 24.6738462, 0.0542153, , , , , , , , , , , , , , , , , , , , , , , , , , , , 
24.6743654, -0.0339055, , , , , , , 24.6743654, -0.0955062, , , , , , , 24.6743654, -0.0229953, , , , , , , 24.6743654, 0.0649577, , , , , , , , , , , , , , , , , , , , , , , , , , , , 
24.6748846, -0.0605936, , , , , , , 24.6748846, -0.0733501, , , , , , , 24.6748846, -0.0146029, , , , , , , 24.6748846, 0.0708324, , , , , , , , , , , , , , , , , , , , , , , , , , , , 
24.6754038, -0.0726787, , , , , , , 24.6754038, -0.0542153, , , , , , , 24.6754038, -0.0068818, , , , , , , 24.6754038, 0.0726787, , , , , , , , , , , , , , , , , , , , , , , , , , , , 
24.6759231, -0.0810712, , , , , , , 24.6759231, -0.0866102, , , , , , , 24.6759231, 0.0008392, , , , , , , 24.6759231, 0.0755322, , , , , , , , , , , , , , , , , , , , , , , , , , , , 
24.6764423, -0.0944991, , , , , , , 24.6764423, -0.1144732, , , , , , , 24.6764423, 0.0072175, , , , , , , 24.6764423, 0.0770428, , , , , , , , , , , , , , , , , , , , , , , , , , , , 
24.6769615, -0.1065843, , , , , , , 24.6769615, -0.0817426, , , , , , , 24.6769615, 0.0137636, , , , , , , 24.6769615, 0.072343, , , , , , , , , , , , , , , , , , , , , , , , , , , , 
24.6774808, -0.1062486, , , , , , , 24.6774808, -0.0283665, , , , , , , 24.6774808, 0.0203098, , , , , , , 24.6774808, 0.0602579, , , , , , , , , , , , , , , , , , , , , , , , , , , , 
24.678, -0.0894636, , , , , , , 24.678, -0.0162814, , , , , , , 24.678, 0.023331, , , , , , , 24.678, 0.0436408, , , , , , , , , , , , , , , , , , , , , , , , , , , , 
24.6785192, -0.0659648, , , , , , , 24.6785192, -0.0256809, , , , , , , 24.6785192, 0.023331, , , , , , , 24.6785192, 0.0288701, , , , , , , , , , , , , , , , , , , , , , , , , , , , 
24.6790385, -0.0498512, , , , , , , 24.6790385, -0.0085603, , , , , , , 24.6790385, 0.0236667, , , , , , , 24.6790385, 0.0179599, , , , , , , , , , , , , , , , , , , , , , , , , , , , 
24.6795577, -0.0394446, , , , , , , 24.6795577, 0.0246738, , , , , , , 24.6795577, 0.0253452, , , , , , , 24.6795577, 0.0112459, , , , , , , , , , , , , , , , , , , , , , , , , , , , 
24.6800769, -0.0270237, , , , , , , 24.6800769, 0.0297093, , , , , , , 24.6800769, 0.0263523, , , , , , , 24.6800769, 0.0065461, , , , , , , , , , , , , , , , , , , , , , , , , , , , 
24.6805962, -0.0142672, , , , , , , 24.6805962, -0.0052033, , , , , , , 24.6805962, 0.0253452, , , , , , , 24.6805962, 0.0025177, , , , , , , , , , , , , , , , , , , , , , , , , , , , 
24.6811154, -0.0045319, , , , , , , 24.6811154, -0.0458228, , , , , , , 24.6811154, 0.0248417, , , , , , , 24.6811154, 0.0018463, , , , , , , , , , , , , , , , , , , , , , , , , , , , 
24.6816346, 0.0011749, , , , , , , 24.6816346, -0.0908064, , , , , , , 24.6816346, 0.0250095, , , , , , , 24.6816346, 0.0003357, , , , , , , , , , , , , , , , , , , , , , , , , , , , 
24.6821538, 0.0050355, , , , , , , 24.6821538, -0.1431754, , , , , , , 24.6821538, 0.0280308, , , , , , , 24.6821538, -0.002182, , , , , , , , , , , , , , , , , , , , , , , , , , , , 
24.6826731, 0.0075532, , , , , , , 24.6826731, -0.149218, , , , , , , 24.6826731, 0.033402, , , , , , , 24.6826731, -0.0048676, , , , , , , , , , , , , , , , , , , , , , , , , , , , 
24.6831923, 0.0065461, , , , , , , 24.6831923, -0.1015488, , , , , , , 24.6831923, 0.036759, , , , , , , 24.6831923, -0.0082246, , , , , , , , , , , , , , , , , , , , , , , , , , , , 
24.6837115, 0.0078889, , , , , , , 24.6837115, -0.0431373, , , , , , , 24.6837115, 0.0347448, , , , , , , 24.6837115, -0.0102388, , , , , , , , , , , , , , , , , , , , , , , , , , , , 
24.6842308, 0.0125887, , , , , , , 24.6842308, 0.0025177, , , , , , , 24.6842308, 0.0347448, , , , , , , 24.6842308, -0.0102388, , , , , , , , , , , , , , , , , , , , , , , , , , , , 
24.68475, 0.0166171, , , , , , , 24.68475, 0.0347448, , , , , , , 24.68475, 0.0374304, , , , , , , 24.68475, -0.0095674, , , , , , , , , , , , , , , , , , , , , , , , , , , , 
24.6852692, 0.0213169, , , , , , , 24.6852692, 0.0491798, , , , , , , 24.6852692, 0.0374304, , , , , , , 24.6852692, -0.0095674, , , , , , , , , , , , , , , , , , , , , , , , , , , , 
24.6857885, 0.0285344, , , , , , , 24.6857885, 0.0471656, , , , , , , 24.6857885, 0.033402, , , , , , , 24.6857885, -0.0095674, , , , , , , , , , , , , , , , , , , , , , , , , , , , 
24.6863077, 0.0305486, , , , , , , 24.6863077, 0.0394446, , , , , , , 24.6863077, 0.026688, , , , , , , 24.6863077, -0.008896, , , , , , , , , , , , , , , , , , , , , , , , , , , , 
24.6868269, 0.0320592, , , , , , , 24.6868269, 0.033402, , , , , , , 24.6868269, 0.0172885, , , , , , , 24.6868269, -0.0114137, , , , , , , , , , , , , , , , , , , , , , , , , , , , 
24.6873462, 0.0399481, , , , , , , 24.6873462, 0.023331, , , , , , , 24.6873462, 0.0063783, , , , , , , 24.6873462, -0.0179599, , , , , , , , , , , , , , , , , , , , , , , , , , , , 
24.6878654, 0.0572366, , , , , , , 24.6878654, 0.0179599, , , , , , , 24.6878654, -0.005539, , , , , , , 24.6878654, -0.0276951, , , , , , , , , , , , , , , , , , , , , , , , , , , , 
24.6883846, 0.0770428, , , , , , , 24.6883846, 0.0240024, , , , , , , 24.6883846, -0.014435, , , , , , , 24.6883846, -0.0354162, , , , , , , , , , , , , , , , , , , , , , , , , , , , 
24.6889038, 0.0876173, , , , , , , 24.6889038, 0.0125887, , , , , , , 24.6889038, -0.0213169, , , , , , , 24.6889038, -0.0404517, , , , , , , , , , , , , , , , , , , , , , , , , , , , 
24.6894231, 0.0918135, , , , , , , 24.6894231, -0.0276951, , , , , , , 24.6894231, -0.0265202, , , , , , , 24.6894231, -0.0436408, , , , , , , , , , , , , , , , , , , , , , , , , , , , 
24.6899423, 0.096849, , , , , , , 24.6899423, -0.0532082, , , , , , , 24.6899423, -0.0223239, , , , , , , 24.6899423, -0.0424659, , , , , , , , , , , , , , , , , , , , , , , , , , , , 
24.6904615, 0.0971847, , , , , , , 24.6904615, -0.0379339, , , , , , , 24.6904615, -0.0115816, , , , , , , 24.6904615, -0.0370947, , , , , , , , , , , , , , , , , , , , , , , , , , , , 
24.6909808, 0.0931563, , , , , , , 24.6909808, 0.0078889, , , , , , , 24.6909808, -0.0095674, , , , , , , 24.6909808, -0.0337377, , , , , , , , , , , , , , , , , , , , , , , , , , , , 
24.6915, 0.085771, , , , , , , 24.6915, 0.054551, , , , , , , 24.6915, -0.0213169, , , , , , , 24.6915, -0.0317235, , , , , , , , , , , , , , , , , , , , , , , , , , , , 
24.6920192, 0.0788891, , , , , , , 24.6920192, 0.0840925, , , , , , , 24.6920192, -0.0384375, , , , , , , 24.6920192, -0.0240024, , , , , , , , , , , , , , , , , , , , , , , , , , , , 
24.6925385, 0.0683146, , , , , , , 24.6925385, 0.1042344, , , , , , , 24.6925385, -0.054551, , , , , , , 24.6925385, -0.0114137, , , , , , , , , , , , , , , , , , , , , , , , , , , , 
24.6930577, 0.051194, , , , , , , 24.6930577, 0.1297475, , , , , , , 24.6930577, -0.0666361, , , , , , , 24.6930577, -0.0015106, , , , , , , , , , , , , , , , , , , , , , , , , , , , 
24.6935769, 0.0307164, , , , , , , 24.6935769, 0.1272297, , , , , , , 24.6935769, -0.0693217, , , , , , , 24.6935769, 0.0065461, , , , , , , , , , , , , , , , , , , , , , , , , , , , 
24.6940962, 0.0099031, , , , , , , 24.6940962, 0.0844282, , , , , , , 24.6940962, -0.0626078, , , , , , , 24.6940962, 0.0146029, , , , , , , , , , , , , , , , , , , , , , , , , , , , 
24.6946154, -0.008896, , , , , , , 24.6946154, 0.0495155, , , , , , , 24.6946154, -0.0464942, , , , , , , 24.6946154, 0.0204776, , , , , , , , , , , , , , , , , , , , , , , , , , , , 
24.6951346, -0.0283665, , , , , , , 24.6951346, 0.0352483, , , , , , , 24.6951346, -0.0265202, , , , , , , 24.6951346, 0.0290379, , , , , , , , , , , , , , , , , , , , , , , , , , , , 
24.6956538, -0.0458228, , , , , , , 24.6956538, 0.0070497, , , , , , , 24.6956538, -0.0162814, , , , , , , 24.6956538, 0.0428016, , , , , , , , , , , , , , , , , , , , , , , , , , , , 
24.6961731, -0.0538796, , , , , , , 24.6961731, -0.0364233, , , , , , , 24.6961731, -0.0162814, , , , , , , 24.6961731, 0.057908, , , , , , , , , , , , , , , , , , , , , , , , , , , , 
24.6966923, -0.0535439, , , , , , , 24.6966923, -0.054551, , , , , , , 24.6966923, -0.0209812, , , , , , , 24.6966923, 0.0696574, , , , , , , , , , , , , , , , , , , , , , , , , , , , 
24.6972115, -0.0459907, , , , , , , 24.6972115, -0.040116, , , , , , , 24.6972115, -0.0256809, , , , , , , 24.6972115, 0.0750286, , , , , , , , , , , , , , , , , , , , , , , , , , , , 
24.6977308, -0.0330663, , , , , , , 24.6977308, -0.0157778, , , , , , , 24.6977308, -0.0270237, , , , , , , 24.6977308, 0.068986, , , , , , , , , , , , , , , , , , , , , , , , , , , , 
24.69825, -0.0152743, , , , , , , 24.69825, -0.0052033, , , , , , , 24.69825, -0.0283665, , , , , , , 24.69825, 0.0565652, , , , , , , , , , , , , , , , , , , , , , , , , , , , 
24.6987692, -0.0005035, , , , , , , 24.6987692, -0.0082246, , , , , , , 24.6987692, -0.0287022, , , , , , , 24.6987692, 0.0461585, , , , , , , , , , , , , , , , , , , , , , , , , , , , 
24.6992885, 0.0137636, , , , , , , 24.6992885, -0.0105745, , , , , , , 24.6992885, -0.0283665, , , , , , , 24.6992885, 0.040116, , , , , , , , , , , , , , , , , , , , , , , , , , , , 
24.6998077, 0.0179599, , , , , , , 24.6998077, -0.0062104, , , , , , , 24.6998077, -0.0270237, , , , , , , 24.6998077, 0.0374304, , , , , , , , , , , , , , , , , , , , , , , , , , , , 
24.7003269, 0.0112459, , , , , , , 24.7003269, 0.0025177, , , , , , , 24.7003269, -0.0270237, , , , , , , 24.7003269, 0.0359197, , , , , , , , , , , , , , , , , , , , , , , , , , , , 
24.7008462, 0.0060426, , , , , , , 24.7008462, 0.0327306, , , , , , , 24.7008462, -0.0280308, , , , , , , 24.7008462, 0.0374304, , , , , , , , , , , , , , , , , , , , , , , , , , , , 
24.7013654, 0.0078889, , , , , , , 24.7013654, 0.085771, , , , , , , 24.7013654, -0.0240024, , , , , , , 24.7013654, 0.042298, , , , , , , , , , , , , , , , , , , , , , , , , , , , 
24.7018846, 0.0132601, , , , , , , 24.7018846, 0.1273976, , , , , , , 24.7018846, -0.0149386, , , , , , , 24.7018846, 0.0505226, , , , , , , , , , , , , , , , , , , , , , , , , , , , 
24.7024038, 0.0182956, , , , , , , 24.7024038, 0.1310903, , , , , , , 24.7024038, -0.0028534, , , , , , , 24.7024038, 0.0560616, , , , , , , , , , , , , , , , , , , , , , , , , , , , 
24.7029231, 0.01561, , , , , , , 24.7029231, 0.0998703, , , , , , , 24.7029231, 0.0159457, , , , , , , 24.7029231, 0.0555581, , , , , , , , , , , , , , , , , , , , , , , , , , , , 
24.7034423, 0.0062104, , , , , , , 24.7034423, 0.0468299, , , , , , , 24.7034423, 0.0374304, , , , , , , 24.7034423, 0.0495155, , , , , , , , , , , , , , , , , , , , , , , , , , , , 
24.7039615, 0.0045319, , , , , , , 24.7039615, -0.0137636, , , , , , , 24.7039615, 0.0481727, , , , , , , 24.7039615, 0.043473, , , , , , , , , , , , , , , , , , , , , , , , , , , , 
24.7044808, 0.0072175, , , , , , , 24.7044808, -0.0555581, , , , , , , 24.7044808, 0.0454871, , , , , , , 24.7044808, 0.0381018, , , , , , , , , , , , , , , , , , , , , , , , , , , , 
24.705, 0.0085603, , , , , , , 24.705, -0.0820783, , , , , , , 24.705, 0.0303807, , , , , , , 24.705, 0.0340734, , , , , , , , , , , , , , , , , , , , , , , , , , , , 
24.7055192, 0.0112459, , , , , , , 24.7055192, -0.1206836, , , , , , , 24.7055192, 0.0062104, , , , , , , 24.7055192, 0.0293736, , , , , , , , , , , , , , , , , , , , , , , , , , , , 
24.7060385, 0.0132601, , , , , , , 24.7060385, -0.1539178, , , , , , , 24.7060385, -0.0209812, , , , , , , 24.7060385, 0.0226596, , , , , , , , , , , , , , , , , , , , , , , , , , , , 
24.7065577, 0.0115816, , , , , , , 24.7065577, -0.1223621, , , , , , , 24.7065577, -0.0322271, , , , , , , 24.7065577, 0.0166171, , , , , , , , , , , , , , , , , , , , , , , , , , , , 
24.7070769, 0.0092317, , , , , , , 24.7070769, -0.0406195, , , , , , , 24.7070769, -0.027863, , , , , , , 24.7070769, 0.0105745, , , , , , , , , , , , , , , , , , , , , , , , , , , , 
24.7075962, 0.0206455, , , , , , , 24.7075962, 0.0501869, , , , , , , 24.7075962, -0.0187991, , , , , , , 24.7075962, -0.0003357, , , , , , , , , , , , , , , , , , , , , , , , , , , , 
24.7081154, 0.0441444, , , , , , , 24.7081154, 0.1126268, , , , , , , 24.7081154, -0.0115816, , , , , , , 24.7081154, -0.0146029, , , , , , , , , , , , , , , , , , , , , , , , , , , , 
24.7086346, 0.066804, , , , , , , 24.7086346, 0.0970169, , , , , , , 24.7086346, -0.0095674, , , , , , , 24.7086346, -0.0236667, , , , , , , , , , , , , , , , , , , , , , , , , , , , 
24.7091538, 0.0803998, , , , , , , 24.7091538, -0.0025177, , , , , , , 24.7091538, -0.0125887, , , , , , , 24.7091538, -0.0297093, , , , , , , , , , , , , , , , , , , , , , , , , , , , 
24.7096731, 0.0844282, , , , , , , 24.7096731, -0.1164874, , , , , , , 24.7096731, -0.0199741, , , , , , , 24.7096731, -0.0330663, , , , , , , , , , , , , , , , , , , , , , , , , , , , 
24.7101923, 0.0834211, , , , , , , 24.7101923, -0.235996, , , , , , , 24.7101923, -0.0287022, , , , , , , 24.7101923, -0.0337377, , , , , , , , , , , , , , , , , , , , , , , , , , , , 
24.7107115, 0.0800641, , , , , , , 24.7107115, -0.3682612, , , , , , , 24.7107115, -0.0360876, , , , , , , 24.7107115, -0.0317235, , , , , , , , , , , , , , , , , , , , , , , , , , , , 
24.7112308, 0.073518, , , , , , , 24.7112308, -0.3882353, , , , , , , 24.7112308, -0.0330663, , , , , , , 24.7112308, -0.0276951, , , , , , , , , , , , , , , , , , , , , , , , , , , , 
24.71175, 0.0639506, , , , , , , 24.71175, -0.2563058, , , , , , , 24.71175, -0.0226596, , , , , , , 24.71175, -0.0196384, , , , , , , , , , , , , , , , , , , , , , , , , , , , 
24.7122692, 0.0547189, , , , , , , 24.7122692, -0.1117876, , , , , , , 24.7122692, -0.005539, , , , , , , 24.7122692, -0.0095674, , , , , , , , , , , , , , , , , , , , , , , , , , , , 
24.7127885, 0.043473, , , , , , , 24.7127885, -0.0414588, , , , , , , 24.7127885, 0.0350805, , , , , , , 24.7127885, -0.0023499, , , , , , , , , , , , , , , , , , , , , , , , , , , , 
24.7133077, 0.0213169, , , , , , , 24.7133077, -0.0218204, , , , , , , 24.7133077, 0.110277, , , , , , , 24.7133077, 0.0041962, , , , , , , , , , , , , , , , , , , , , , , , , , , , 
24.7138269, -0.0025177, , , , , , , 24.7138269, -0.005539, , , , , , , 24.7138269, 0.1821164, , , , , , , 24.7138269, 0.0132601, , , , , , , , , , , , , , , , , , , , , , , , , , , , 
24.7143462, -0.024506, , , , , , , 24.7143462, 0.0323949, , , , , , , 24.7143462, 0.2066224, , , , , , , 24.7143462, 0.0226596, , , , , , , , , , , , , , , , , , , , , , , , , , , , 
24.7148654, -0.0424659, , , , , , , 24.7148654, 0.0827497, , , , , , , 24.7148654, 0.1851377, , , , , , , 24.7148654, 0.0293736, , , , , , , , , , , , , , , , , , , , , , , , , , , , 
24.7153846, -0.057908, , , , , , , 24.7153846, 0.1240406, , , , , , , 24.7153846, 0.13579, , , , , , , 24.7153846, 0.0325628, , , , , , , , , , , , , , , , , , , , , , , , , , , , 
24.7159038, -0.0704967, , , , , , , 24.7159038, 0.1472038, , , , , , , 24.7159038, 0.0733501, , , , , , , 24.7159038, 0.033402, , , , , , , , , , , , , , , , , , , , , , , , , , , , 
24.7164231, -0.0773785, , , , , , , 24.7164231, 0.1574426, , , , , , , 24.7164231, 0.0166171, , , , , , , 24.7164231, 0.0419623, , , , , , , , , , , , , , , , , , , , , , , , , , , , 
24.7169423, -0.0830854, , , , , , , 24.7169423, 0.1468681, , , , , , , 24.7169423, -0.0234989, , , , , , , 24.7169423, 0.0547189, , , , , , , , , , , , , , , , , , , , , , , , , , , , 
24.7174615, -0.0815747, , , , , , , 24.7174615, 0.0985275, , , , , , , 24.7174615, -0.0518654, , , , , , , 24.7174615, 0.0562295, , , , , , , , , , , , , , , , , , , , , , , , , , , , 
24.7179808, -0.0676432, , , , , , , 24.7179808, 0.0293736, , , , , , , 24.7179808, -0.0793927, , , , , , , 24.7179808, 0.047837, , , , , , , , , , , , , , , , , , , , , , , , , , , , 
24.7185, -0.047837, , , , , , , 24.7185, -0.012253, , , , , , , 24.7185, -0.10692, , , , , , , 24.7185, 0.0394446, , , , , , , , , , , , , , , , , , , , , , , , , , , , 
24.7190192, -0.0337377, , , , , , , 24.7190192, 0.0015106, , , , , , , 24.7190192, -0.1319295, , , , , , , 24.7190192, 0.0344091, , , , , , , , , , , , , , , , , , , , , , , , , , , , 
24.7195385, -0.0283665, , , , , , , 24.7195385, 0.0199741, , , , , , , 24.7195385, -0.1498894, , , , , , , 24.7195385, 0.030045, , , , , , , , , , , , , , , , , , , , , , , , , , , , 
24.7200577, -0.0243381, , , , , , , 24.7200577, -0.0083925, , , , , , , 24.7200577, -0.1616388, , , , , , , 24.7200577, 0.0206455, , , , , , , , , , , , , , , , , , , , , , , , , , , , 
24.7205769, -0.0151064, , , , , , , 24.7205769, -0.0461585, , , , , , , 24.7205769, -0.1680171, , , , , , , 24.7205769, 0.0085603, , , , , , , , , , , , , , , , , , , , , , , , , , , , 
24.7210962, -0.0068818, , , , , , , 24.7210962, -0.0760357, , , , , , , 24.7210962, -0.1653315, , , , , , , 24.7210962, 0.0003357, , , , , , , , , , , , , , , , , , , , , , , , , , , , 
24.7216154, -0.0018463, , , , , , , 24.7216154, -0.0636149, , , , , , , 24.7216154, -0.1505608, , , , , , , 24.7216154, -0.005539, , , , , , , , , , , , , , , , , , , , , , , , , , , , 
24.7221346, 0.0018463, , , , , , , 24.7221346, -0.0097353, , , , , , , 24.7221346, -0.1331044, , , , , , , 24.7221346, -0.0132601, , , , , , , , , , , , , , , , , , , , , , , , , , , , 
24.7226538, 0.0070497, , , , , , , 24.7226538, 0.0052033, , , , , , , 24.7226538, -0.117998, , , , , , , 24.7226538, -0.0193027, , , , , , , , , , , , , , , , , , , , , , , , , , , , 
24.7231731, 0.012253, , , , , , , 24.7231731, -0.0149386, , , , , , , 24.7231731, -0.1075914, , , , , , , 24.7231731, -0.023331, , , , , , , , , , , , , , , , , , , , , , , , , , , , 
24.7236923, 0.0186313, , , , , , , 24.7236923, -0.0236667, , , , , , , 24.7236923, -0.1000381, , , , , , , 24.7236923, -0.0260166, , , , , , , , , , , , , , , , , , , , , , , , , , , , 
24.7242115, 0.0253452, , , , , , , 24.7242115, -0.0258488, , , , , , , 24.7242115, -0.0921492, , , , , , , 24.7242115, -0.0240024, , , , , , , , , , , , , , , , , , , , , , , , , , , , 
24.7247308, 0.0297093, , , , , , , 24.7247308, -0.0392767, , , , , , , 24.7247308, -0.0834211, , , , , , , 24.7247308, -0.0139315, , , , , , , , , , , , , , , , , , , , , , , , , , , , 
24.72525, 0.0364233, , , , , , , 24.72525, -0.0476692, , , , , , , 24.72525, -0.0720073, , , , , , , 24.72525, 0.0003357, , , , , , , , , , , , , , , , , , , , , , , , , , , , 
24.7257692, 0.0419623, , , , , , , 24.7257692, -0.0339055, , , , , , , 24.7257692, -0.061265, , , , , , , 24.7257692, 0.0125887, , , , , , , , , , , , , , , , , , , , , , , , , , , , 
24.7262885, 0.0481727, , , , , , , 24.7262885, 0.0058747, , , , , , , 24.7262885, -0.0522011, , , , , , , 24.7262885, 0.017792, , , , , , , , , , , , , , , , , , , , , , , , , , , , 
24.7268077, 0.0488441, , , , , , , 24.7268077, 0.0500191, , , , , , , 24.7268077, -0.0417945, , , , , , , 24.7268077, 0.0179599, , , , , , , , , , , , , , , , , , , , , , , , , , , , 
24.7273269, 0.0481727, , , , , , , 24.7273269, 0.0515297, , , , , , , 24.7273269, -0.0229953, , , , , , , 24.7273269, 0.012253, , , , , , , , , , , , , , , , , , , , , , , , , , , , 
24.7278462, 0.0609293, , , , , , , 24.7278462, 0.010071, , , , , , , 24.7278462, -0.0028534, , , , , , , 24.7278462, 0.0025177, , , , , , , , , , , , , , , , , , , , , , , , , , , , 
24.7283654, 0.0837568, , , , , , , 24.7283654, -0.0270237, , , , , , , 24.7283654, 0.0146029, , , , , , , 24.7283654, -0.005539, , , , , , , , , , , , , , , , , , , , , , , , , , , , 
24.7288846, 0.0975204, , , , , , , 24.7288846, -0.0399481, , , , , , , 24.7288846, 0.0288701, , , , , , , 24.7288846, -0.0109102, , , , , , , , , , , , , , , , , , , , , , , , , , , , 
24.7294038, 0.1015488, , , , , , , 24.7294038, -0.0652934, , , , , , , 24.7294038, 0.0387732, , , , , , , 24.7294038, -0.0176242, , , , , , , , , , , , , , , , , , , , , , , , , , , , 
24.7299231, 0.1025559, , , , , , , 24.7299231, -0.1307546, , , , , , , 24.7299231, 0.0475013, , , , , , , 24.7299231, -0.0203098, , , , , , , , , , , , , , , , , , , , , , , , , , , , 
24.7304423, 0.1028916, , , , , , , 24.7304423, -0.1935302, , , , , , , 24.7304423, 0.0565652, , , , , , , 24.7304423, -0.0130922, , , , , , , , , , , , , , , , , , , , , , , , , , , , 
24.7309615, 0.103563, , , , , , , 24.7309615, -0.1849699, , , , , , , 24.7309615, 0.0661326, , , , , , , 24.7309615, 0.0031891, , , , , , , , , , , , , , , , , , , , , , , , , , , , 
24.7314808, 0.0978561, , , , , , , 24.7314808, -0.1169909, , , , , , , 24.7314808, 0.0740215, , , , , , , 24.7314808, 0.0270237, , , , , , , , , , , , , , , , , , , , , , , , , , , , 
24.732, 0.0800641, , , , , , , 24.732, -0.0659648, , , , , , , 24.732, 0.0797284, , , , , , , 24.732, 0.0527047, , , , , , , , , , , , , , , , , , , , , , , , , , , , 
24.7325192, 0.0569009, , , , , , , 24.7325192, -0.0417945, , , , , , , 24.7325192, 0.082414, , , , , , , 24.7325192, 0.0706645, , , , , , , , , , , , , , , , , , , , , , , , , , , , 
24.7330385, 0.0411231, , , , , , , 24.7330385, -0.0028534, , , , , , , 24.7330385, 0.0782177, , , , , , , 24.7330385, 0.0736858, , , , , , , , , , , , , , , , , , , , , , , , , , , , 
24.7335577, 0.0270237, , , , , , , 24.7335577, 0.0532082, , , , , , , 24.7335577, 0.0706645, , , , , , , 24.7335577, 0.0694896, , , , , , , , , , , , , , , , , , , , , , , , , , , , 
24.7340769, 0.0102388, , , , , , , 24.7340769, 0.096849, , , , , , , 24.7340769, 0.0629435, , , , , , , 24.7340769, 0.0639506, , , , , , , , , , , , , , , , , , , , , , , , , , , , 
24.7345962, -0.0052033, , , , , , , 24.7345962, 0.1099413, , , , , , , 24.7345962, 0.0542153, , , , , , , 24.7345962, 0.0585794, , , , , , , , , , , , , , , , , , , , , , , , , , , , 
24.7351154, -0.0186313, , , , , , , 24.7351154, 0.1109483, , , , , , , 24.7351154, 0.0468299, , , , , , , 24.7351154, 0.0542153, , , , , , , , , , , , , , , , , , , , , , , , , , , , 
24.7356346, -0.0310521, , , , , , , 24.7356346, 0.1337758, , , , , , , 24.7356346, 0.0428016, , , , , , , 24.7356346, 0.0505226, , , , , , , , , , , , , , , , , , , , , , , , , , , , 
24.7361538, -0.0464942, , , , , , , 24.7361538, 0.1710384, , , , , , , 24.7361538, 0.0384375, , , , , , , 24.7361538, 0.043473, , , , , , , , , , , , , , , , , , , , , , , , , , , , 
24.7366731, -0.0609293, , , , , , , 24.7366731, 0.1619745, , , , , , , 24.7366731, 0.0347448, , , , , , , 24.7366731, 0.0332341, , , , , , , , , , , , , , , , , , , , , , , , , , , , 
24.7371923, -0.0632792, , , , , , , 24.7371923, 0.1413291, , , , , , , 24.7371923, 0.0303807, , , , , , , 24.7371923, 0.0263523, , , , , , , , , , , , , , , , , , , , , , , , , , , , 
24.7377115, -0.0538796, , , , , , , 24.7377115, 0.1767453, , , , , , , 24.7377115, 0.0250095, , , , , , , 24.7377115, 0.0176242, , , , , , , , , , , , , , , , , , , , , , , , , , , , 
24.7382308, -0.0387732, , , , , , , 24.7382308, 0.2213931, , , , , , , 24.7382308, 0.0218204, , , , , , , 24.7382308, 0.0058747, , , , , , , , , , , , , , , , , , , , , , , , , , , , 
24.73875, -0.0283665, , , , , , , 24.73875, 0.2109865, , , , , , , 24.73875, 0.0193027, , , , , , , 24.73875, -0.002182, , , , , , , , , , , , , , , , , , , , , , , , , , , , 
24.7392692, -0.0218204, , , , , , , 24.7392692, 0.1579461, , , , , , , 24.7392692, 0.0152743, , , , , , , 24.7392692, -0.0058747, , , , , , , , , , , , , , , , , , , , , , , , , , , , 
24.7397885, -0.0109102, , , , , , , 24.7397885, 0.1017166, , , , , , , 24.7397885, 0.0078889, , , , , , , 24.7397885, -0.011078, , , , , , , , , , , , , , , , , , , , , , , , , , , , 
24.7403077, 0.0011749, , , , , , , 24.7403077, 0.0673075, , , , , , , 24.7403077, -0.0008392, , , , , , , 24.7403077, -0.0166171, , , , , , , , , , , , , , , , , , , , , , , , , , , , 
24.7408269, 0.0109102, , , , , , , 24.7408269, 0.0340734, , , , , , , 24.7408269, -0.0082246, , , , , , , 24.7408269, -0.0203098, , , , , , , , , , , , , , , , , , , , , , , , , , , , 
24.7413462, 0.0099031, , , , , , , 24.7413462, -0.0260166, , , , , , , 24.7413462, -0.012253, , , , , , , 24.7413462, -0.0169528, , , , , , , , , , , , , , , , , , , , , , , , , , , , 
24.7418654, 0.0015106, , , , , , , 24.7418654, -0.0928206, , , , , , , 24.7418654, -0.0176242, , , , , , , 24.7418654, -0.0115816, , , , , , , , , , , , , , , , , , , , , , , , , , , , 
24.7423846, -0.0015106, , , , , , , 24.7423846, -0.1297475, , , , , , , 24.7423846, -0.0250095, , , , , , , 24.7423846, -0.0068818, , , , , , , , , , , , , , , , , , , , , , , , , , , , 
24.7429038, 0.0058747, , , , , , , 24.7429038, -0.1320974, , , , , , , 24.7429038, -0.0271916, , , , , , , 24.7429038, 0.0005035, , , , , , , , , , , , , , , , , , , , , , , , , , , , 
24.7434231, 0.0166171, , , , , , , 24.7434231, -0.0773785, , , , , , , 24.7434231, -0.018967, , , , , , , 24.7434231, 0.0105745, , , , , , , , , , , , , , , , , , , , , , , , , , , , 
24.7439423, 0.0224918, , , , , , , 24.7439423, -0.01561, , , , , , , 24.7439423, -0.005539, , , , , , , 24.7439423, 0.0172885, , , , , , , , , , , , , , , , , , , , , , , , , , , , 
24.7444615, 0.0240024, , , , , , , 24.7444615, -0.0313878, , , , , , , 24.7444615, 0.0082246, , , , , , , 24.7444615, 0.0226596, , , , , , , , , , , , , , , , , , , , , , , , , , , , 
24.7449808, 0.0243381, , , , , , , 24.7449808, -0.0715038, , , , , , , 24.7449808, 0.0199741, , , , , , , 24.7449808, 0.0270237, , , , , , , , , , , , , , , , , , , , , , , , , , , , 
24.7455, 0.0238346, , , , , , , 24.7455, -0.0944991, , , , , , , 24.7455, 0.0285344, , , , , , , 24.7455, 0.0273594, , , , , , , , , , , , , , , , , , , , , , , , , , , , 
24.7460192, 0.0253452, , , , , , , 24.7460192, -0.1284047, , , , , , , 24.7460192, 0.030045, , , , , , , 24.7460192, 0.0246738, , , , , , , , , , , , , , , , , , , , , , , , , , , , 
24.7465385, 0.026688, , , , , , , 24.7465385, -0.1740597, , , , , , , 24.7465385, 0.0223239, , , , , , , 24.7465385, 0.0199741, , , , , , , , , , , , , , , , , , , , , , , , , , , , 
24.7470577, 0.024506, , , , , , , 24.7470577, -0.2286107, , , , , , , 24.7470577, 0.0097353, , , , , , , 24.7470577, 0.0124208, , , , , , , , , , , , , , , , , , , , , , , , , , , , 
24.7475769, 0.0271916, , , , , , , 24.7475769, -0.3026322, , , , , , , 24.7475769, 0.0025177, , , , , , , 24.7475769, 0.0031891, , , , , , , , , , , , , , , , , , , , , , , , , , , , 
24.7480962, 0.0347448, , , , , , , 24.7480962, -0.353994, , , , , , , 24.7480962, 0.0045319, , , , , , , 24.7480962, -0.0048676, , , , , , , , , , , , , , , , , , , , , , , , , , , , 
24.7486154, 0.0382696, , , , , , , 24.7486154, -0.3096818, , , , , , , 24.7486154, 0.0085603, , , , , , , 24.7486154, -0.0083925, , , , , , , , , , , , , , , , , , , , , , , , , , , , 
24.7491346, 0.0391089, , , , , , , 24.7491346, -0.1821164, , , , , , , 24.7491346, 0.0137636, , , , , , , 24.7491346, -0.0099031, , , , , , , , , , , , , , , , , , , , , , , , , , , , 
24.7496538, 0.0381018, , , , , , , 24.7496538, -0.0508583, , , , , , , 24.7496538, 0.0186313, , , , , , , 24.7496538, -0.0124208, , , , , , , , , , , , , , , , , , , , , , , , , , , , 
24.7501731, 0.0428016, , , , , , , 24.7501731, -0.002182, , , , , , , 24.7501731, 0.0182956, , , , , , , 24.7501731, -0.0099031, , , , , , , , , , , , , , , , , , , , , , , , , , , , 
24.7506923, 0.0491798, , , , , , , 24.7506923, -0.0283665, , , , , , , 24.7506923, 0.0159457, , , , , , , 24.7506923, -0.002182, , , , , , , , , , , , , , , , , , , , , , , , , , , , 
24.7512115, 0.0491798, , , , , , , 24.7512115, -0.0599222, , , , , , , 24.7512115, 0.0171206, , , , , , , 24.7512115, 0.0062104, , , , , , , , , , , , , , , , , , , , , , , , , , , , 
24.7517308, 0.0428016, , , , , , , 24.7517308, -0.0488441, , , , , , , 24.7517308, 0.0199741, , , , , , , 24.7517308, 0.0105745, , , , , , , , , , , , , , , , , , , , , , , , , , , , 
24.75225, 0.0381018, , , , , , , 24.75225, -0.002182, , , , , , , 24.75225, 0.0250095, , , , , , , 24.75225, 0.0139315, , , , , , , , , , , , , , , , , , , , , , , , , , , , 
24.7527692, 0.0307164, , , , , , , 24.7527692, 0.0307164, , , , , , , 24.7527692, 0.026688, , , , , , , 24.7527692, 0.0161135, , , , , , , , , , , , , , , , , , , , , , , , , , , , 
24.7532885, 0.0246738, , , , , , , 24.7532885, 0.0441444, , , , , , , 24.7532885, 0.0224918, , , , , , , 24.7532885, 0.0213169, , , , , , , , , , , , , , , , , , , , , , , , , , , , 
24.7538077, 0.0109102, , , , , , , 24.7538077, 0.0605936, , , , , , , 24.7538077, 0.0162814, , , , , , , 24.7538077, 0.0293736, , , , , , , , , , , , , , , , , , , , , , , , , , , , 
24.7543269, -0.0124208, , , , , , , 24.7543269, 0.0785534, , , , , , , 24.7543269, 0.0159457, , , , , , , 24.7543269, 0.0370947, , , , , , , , , , , , , , , , , , , , , , , , , , , , 
24.7548462, -0.0330663, , , , , , , 24.7548462, 0.0760357, , , , , , , 24.7548462, 0.0208133, , , , , , , 24.7548462, 0.0414588, , , , , , , , , , , , , , , , , , , , , , , , , , , , 
24.7553654, -0.0439765, , , , , , , 24.7553654, 0.0632792, , , , , , , 24.7553654, 0.0231632, , , , , , , 24.7553654, 0.0433051, , , , , , , , , , , , , , , , , , , , , , , , , , , , 
24.7558846, -0.0503548, , , , , , , 24.7558846, 0.0664683, , , , , , , 24.7558846, 0.0166171, , , , , , , 24.7558846, 0.0439765, , , , , , , , , , , , , , , , , , , , , , , , , , , , 
24.7564038, -0.054551, , , , , , , 24.7564038, 0.0755322, , , , , , , 24.7564038, 0.0048676, , , , , , , 24.7564038, 0.0419623, , , , , , , , , , , , , , , , , , , , , , , , , , , , 
24.7569231, -0.0555581, , , , , , , 24.7569231, 0.0760357, , , , , , , 24.7569231, -0.0078889, , , , , , , 24.7569231, 0.0381018, , , , , , , , , , , , , , , , , , , , , , , , , , , , 
24.7574423, -0.051194, , , , , , , 24.7574423, 0.0736858, , , , , , , 24.7574423, -0.0199741, , , , , , , 24.7574423, 0.0339055, , , , , , , , , , , , , , , , , , , , , , , , , , , , 
24.7579615, -0.040116, , , , , , , 24.7579615, 0.082414, , , , , , , 24.7579615, -0.0303807, , , , , , , 24.7579615, 0.0253452, , , , , , , , , , , , , , , , , , , , , , , , , , , , 
24.7584808, -0.0273594, , , , , , , 24.7584808, 0.1017166, , , , , , , 24.7584808, -0.0397803, , , , , , , 24.7584808, 0.0157778, , , , , , , , , , , , , , , , , , , , , , , , , , , , 
24.759, -0.0135958, , , , , , , 24.759, 0.1030594, , , , , , , 24.759, -0.0498512, , , , , , , 24.759, 0.0095674, , , , , , , , , , , , , , , , , , , , , , , , , , , , 
24.7595192, -0.0001678, , , , , , , 24.7595192, 0.0720073, , , , , , , 24.7595192, -0.0572366, , , , , , , 24.7595192, 0.0045319, , , , , , , , , , , , , , , , , , , , , , , , , , , , 
24.7600385, 0.0135958, , , , , , , 24.7600385, 0.0542153, , , , , , , 24.7600385, -0.0622721, , , , , , , 24.7600385, -0.0015106, , , , , , , , , , , , , , , , , , , , , , , , , , , , 
24.7605577, 0.0253452, , , , , , , 24.7605577, 0.0652934, , , , , , , 24.7605577, -0.0659648, , , , , , , 24.7605577, -0.005539, , , , , , , , , , , , , , , , , , , , , , , , , , , , 
24.7610769, 0.033402, , , , , , , 24.7610769, 0.0602579, , , , , , , 24.7610769, -0.0679789, , , , , , , 24.7610769, -0.008896, , , , , , , , , , , , , , , , , , , , , , , , , , , , 
24.7615962, 0.0317235, , , , , , , 24.7615962, 0.0166171, , , , , , , 24.7615962, -0.0683146, , , , , , , 24.7615962, -0.0117494, , , , , , , , , , , , , , , , , , , , , , , , , , , , 
24.7621154, 0.0260166, , , , , , , 24.7621154, -0.0431373, , , , , , , 24.7621154, -0.0622721, , , , , , , 24.7621154, -0.0149386, , , , , , , , , , , , , , , , , , , , , , , , , , , , 
24.7626346, 0.0260166, , , , , , , 24.7626346, -0.0609293, , , , , , , 24.7626346, -0.0498512, , , , , , , 24.7626346, -0.0166171, , , , , , , , , , , , , , , , , , , , , , , , , , , , 
24.7631538, 0.0297093, , , , , , , 24.7631538, -0.0364233, , , , , , , 24.7631538, -0.0303807, , , , , , , 24.7631538, -0.0149386, , , , , , , , , , , , , , , , , , , , , , , , , , , , 
24.7636731, 0.0313878, , , , , , , 24.7636731, -0.0182956, , , , , , , 24.7636731, -0.0146029, , , , , , , 24.7636731, -0.0149386, , , , , , , , , , , , , , , , , , , , , , , , , , , , 
24.7641923, 0.0317235, , , , , , , 24.7641923, -0.0109102, , , , , , , 24.7641923, -0.0082246, , , , , , , 24.7641923, -0.0184634, , , , , , , , , , , , , , , , , , , , , , , , , , , , 
24.7647115, 0.0332341, , , , , , , 24.7647115, 0.0018463, , , , , , , 24.7647115, -0.0135958, , , , , , , 24.7647115, -0.0213169, , , , , , , , , , , , , , , , , , , , , , , , , , , , 
24.7652308, 0.0344091, , , , , , , 24.7652308, 0.0172885, , , , , , , 24.7652308, -0.0354162, , , , , , , 24.7652308, -0.0206455, , , , , , , , , , , , , , , , , , , , , , , , , , , , 
24.76575, 0.0323949, , , , , , , 24.76575, 0.0285344, , , , , , , 24.76575, -0.0599222, , , , , , , 24.76575, -0.0176242, , , , , , , , , , , , , , , , , , , , , , , , , , , , 
24.7662692, 0.0347448, , , , , , , 24.7662692, 0.0347448, , , , , , , 24.7662692, -0.0716716, , , , , , , 24.7662692, -0.012253, , , , , , , , , , , , , , , , , , , , , , , , , , , , 
24.7667885, 0.0448157, , , , , , , 24.7667885, 0.0374304, , , , , , , 24.7667885, -0.0663005, , , , , , , 24.7667885, -0.0092317, , , , , , , , , , , , , , , , , , , , , , , , , , , , 
24.7673077, 0.0553902, , , , , , , 24.7673077, 0.0364233, , , , , , , 24.7673077, -0.0535439, , , , , , , 24.7673077, -0.0132601, , , , , , , , , , , , , , , , , , , , , , , , , , , , 
24.7678269, 0.0683146, , , , , , , 24.7678269, 0.0226596, , , , , , , 24.7678269, -0.0377661, , , , , , , 24.7678269, -0.0213169, , , , , , , , , , , , , , , , , , , , , , , , , , , , 
24.7683462, 0.0829175, , , , , , , 24.7683462, 0.002182, , , , , , , 24.7683462, -0.0253452, , , , , , , 24.7683462, -0.0280308, , , , , , , , , , , , , , , , , , , , , , , , , , , , 
24.7688654, 0.0931563, , , , , , , 24.7688654, -0.0075532, , , , , , , 24.7688654, -0.0303807, , , , , , , 24.7688654, -0.0323949, , , , , , , , , , , , , , , , , , , , , , , , , , , , 
24.7693846, 0.0998703, , , , , , , 24.7693846, -0.002182, , , , , , , 24.7693846, -0.0552224, , , , , , , 24.7693846, -0.0323949, , , , , , , , , , , , , , , , , , , , , , , , , , , , 
24.7699038, 0.1012131, , , , , , , 24.7699038, 0.0011749, , , , , , , 24.7699038, -0.090135, , , , , , , 24.7699038, -0.030045, , , , , , , , , , , , , , , , , , , , , , , , , , , , 
24.7704231, 0.096849, , , , , , , 24.7704231, -0.002182, , , , , , , 24.7704231, -0.1169909, , , , , , , 24.7704231, -0.0283665, , , , , , , , , , , , , , , , , , , , , , , , , , , , 
24.7709423, 0.0877852, , , , , , , 24.7709423, -0.0068818, , , , , , , 24.7709423, -0.1273976, , , , , , , 24.7709423, -0.0240024, , , , , , , , , , , , , , , , , , , , , , , , , , , , 
24.7714615, 0.0733501, , , , , , , 24.7714615, -0.0119173, , , , , , , 24.7714615, -0.1216907, , , , , , , 24.7714615, -0.01561, , , , , , , , , , , , , , , , , , , , , , , , , , , , 
24.7719808, 0.0555581, , , , , , , 24.7719808, -0.0135958, , , , , , , 24.7719808, -0.1075914, , , , , , , 24.7719808, -0.0068818, , , , , , , , , , , , , , , , , , , , , , , , , , , , 
24.7725, 0.0381018, , , , , , , 24.7725, -0.0075532, , , , , , , 24.7725, -0.0874495, , , , , , , 24.7725, 0.0005035, , , , , , , , , , , , , , , , , , , , , , , , , , , , 
24.7730192, 0.0199741, , , , , , , 24.7730192, 0.002182, , , , , , , 24.7730192, -0.064622, , , , , , , 24.7730192, 0.0087282, , , , , , , , , , , , , , , , , , , , , , , , , , , , 
24.7735385, 0.0052033, , , , , , , 24.7735385, 0.0018463, , , , , , , 24.7735385, -0.043473, , , , , , , 24.7735385, 0.0226596, , , , , , , , , , , , , , , , , , , , , , , , , , , , 
24.7740577, -0.0085603, , , , , , , 24.7740577, -0.0176242, , , , , , , 24.7740577, -0.0276951, , , , , , , 24.7740577, 0.0394446, , , , , , , , , , , , , , , , , , , , , , , , , , , , 
24.7745769, -0.0219883, , , , , , , 24.7745769, -0.0391089, , , , , , , 24.7745769, -0.0176242, , , , , , , 24.7745769, 0.0575723, , , , , , , , , , , , , , , , , , , , , , , , , , , , 
24.7750962, -0.0330663, , , , , , , 24.7750962, -0.0394446, , , , , , , 24.7750962, -0.0159457, , , , , , , 24.7750962, 0.0767071, , , , , , , , , , , , , , , , , , , , , , , , , , , , 
24.7756154, -0.043473, , , , , , , 24.7756154, -0.0216526, , , , , , , 24.7756154, -0.0182956, , , , , , , 24.7756154, 0.0938277, , , , , , , , , , , , , , , , , , , , , , , , , , , , 
24.7761346, -0.0515297, , , , , , , 24.7761346, 0.0036927, , , , , , , 24.7761346, -0.01561, , , , , , , 24.7761346, 0.1054093, , , , , , , , , , , , , , , , , , , , , , , , , , , , 
24.7766538, -0.0585794, , , , , , , 24.7766538, 0.0357519, , , , , , , 24.7766538, -0.0035248, , , , , , , 24.7766538, 0.1099413, , , , , , , , , , , , , , , , , , , , , , , , , , , , 
24.7771731, -0.0609293, , , , , , , 24.7771731, 0.0669718, , , , , , , 24.7771731, 0.0119173, , , , , , , 24.7771731, 0.1052415, , , , , , , , , , , , , , , , , , , , , , , , , , , , 
24.7776923, -0.0558938, , , , , , , 24.7776923, 0.0772107, , , , , , , 24.7776923, 0.0240024, , , , , , , 24.7776923, 0.0924849, , , , , , , , , , , , , , , , , , , , , , , , , , , , 
24.7782115, -0.0475013, , , , , , , 24.7782115, 0.0532082, , , , , , , 24.7782115, 0.0320592, , , , , , , 24.7782115, 0.076875, , , , , , , , , , , , , , , , , , , , , , , , , , , , 
24.7787308, -0.0439765, , , , , , , 24.7787308, 0.0072175, , , , , , , 24.7787308, 0.0364233, , , , , , , 24.7787308, 0.0616007, , , , , , , , , , , , , , , , , , , , , , , , , , , , 
24.77925, -0.0428016, , , , , , , 24.77925, -0.0226596, , , , , , , 24.77925, 0.0384375, , , , , , , 24.77925, 0.0481727, , , , , , , , , , , , , , , , , , , , , , , , , , , , 
24.7797692, -0.0394446, , , , , , , 24.7797692, -0.012253, , , , , , , 24.7797692, 0.036759, , , , , , , 24.7797692, 0.0357519, , , , , , , , , , , , , , , , , , , , , , , , , , , , 
24.7802885, -0.0340734, , , , , , , 24.7802885, 0.0394446, , , , , , , 24.7802885, 0.0352483, , , , , , , 24.7802885, 0.0240024, , , , , , , , , , , , , , , , , , , , , , , , , , , , 
24.7808077, -0.0313878, , , , , , , 24.7808077, 0.0985275, , , , , , , 24.7808077, 0.0332341, , , , , , , 24.7808077, 0.0132601, , , , , , , , , , , , , , , , , , , , , , , , , , , , 
24.7813269, -0.0229953, , , , , , , 24.7813269, 0.110277, , , , , , , 24.7813269, 0.0290379, , , , , , , 24.7813269, 0.0031891, , , , , , , , , , , , , , , , , , , , , , , , , , , , 
24.7818462, -0.0149386, , , , , , , 24.7818462, 0.0944991, , , , , , , 24.7818462, 0.0226596, , , , , , , 24.7818462, -0.0025177, , , , , , , , , , , , , , , , , , , , , , , , , , , , 
24.7823654, -0.0151064, , , , , , , 24.7823654, 0.0710002, , , , , , , 24.7823654, 0.0166171, , , , , , , 24.7823654, -0.0093996, , , , , , , , , , , , , , , , , , , , , , , , , , , , 
24.7828846, -0.0149386, , , , , , , 24.7828846, 0.0219883, , , , , , , 24.7828846, 0.0139315, , , , , , , 24.7828846, -0.01561, , , , , , , , , , , , , , , , , , , , , , , , , , , , 
24.7834038, -0.0073854, , , , , , , 24.7834038, -0.0370947, , , , , , , 24.7834038, 0.0146029, , , , , , , 24.7834038, -0.018967, , , , , , , , , , , , , , , , , , , , , , , , , , , , 
24.7839231, 0.0011749, , , , , , , 24.7839231, -0.0903029, , , , , , , 24.7839231, 0.0226596, , , , , , , 24.7839231, -0.0184634, , , , , , , , , , , , , , , , , , , , , , , , , , , , 
24.7844423, 0.0018463, , , , , , , 24.7844423, -0.1435111, , , , , , , 24.7844423, 0.0377661, , , , , , , 24.7844423, -0.01561, , , , , , , , , , , , , , , , , , , , , , , , , , , , 
24.7849615, -0.0035248, , , , , , , 24.7849615, -0.1895018, , , , , , , 24.7849615, 0.0488441, , , , , , , 24.7849615, -0.005539, , , , , , , , , , , , , , , , , , , , , , , , , , , , 
24.7854808, -0.005539, , , , , , , 24.7854808, -0.1990692, , , , , , , 24.7854808, 0.0508583, , , , , , , 24.7854808, 0.0112459, , , , , , , , , , , , , , , , , , , , , , , , , , , , 
24.786, -0.0035248, , , , , , , 24.786, -0.1398184, , , , , , , 24.786, 0.0498512, , , , , , , 24.786, 0.0287022, , , , , , , , , , , , , , , , , , , , , , , , , , , , 
24.7865192, 0.0005035, , , , , , , 24.7865192, -0.0010071, , , , , , , 24.7865192, 0.0464942, , , , , , , 24.7865192, 0.0414588, , , , , , , , , , , , , , , , , , , , , , , , , , , , 
24.7870385, 0.0082246, , , , , , , 24.7870385, 0.1448539, , , , , , , 24.7870385, 0.0431373, , , , , , , 24.7870385, 0.0436408, , , , , , , , , , , , , , , , , , , , , , , , , , , , 
24.7875577, 0.0226596, , , , , , , 24.7875577, 0.2005798, , , , , , , 24.7875577, 0.0414588, , , , , , , 24.7875577, 0.0320592, , , , , , , , , , , , , , , , , , , , , , , , , , , , 
24.7880769, 0.040116, , , , , , , 24.7880769, 0.1626459, , , , , , , 24.7880769, 0.0407874, , , , , , , 24.7880769, 0.0172885, , , , , , , , , , , , , , , , , , , , , , , , , , , , 
24.7885962, 0.0542153, , , , , , , 24.7885962, 0.0703288, , , , , , , 24.7885962, 0.0360876, , , , , , , 24.7885962, 0.008896, , , , , , , , , , , , , , , , , , , , , , , , , , , , 
24.7891154, 0.0602579, , , , , , , 24.7891154, -0.0360876, , , , , , , 24.7891154, 0.030045, , , , , , , 24.7891154, 0.0016785, , , , , , , , , , , , , , , , , , , , , , , , , , , , 
24.7896346, 0.0642863, , , , , , , 24.7896346, -0.1646601, , , , , , , 24.7896346, 0.0253452, , , , , , , 24.7896346, -0.0058747, , , , , , , , , , , , , , , , , , , , , , , , , , , , 
24.7901538, 0.0669718, , , , , , , 24.7901538, -0.3076677, , , , , , , 24.7901538, 0.0186313, , , , , , , 24.7901538, -0.011078, , , , , , , , , , , , , , , , , , , , , , , , , , , , 
24.7906731, 0.0718395, , , , , , , 24.7906731, -0.3868925, , , , , , , 24.7906731, 0.0105745, , , , , , , 24.7906731, -0.0140993, , , , , , , , , , , , , , , , , , , , , , , , , , , , 
24.7911923, 0.0763714, , , , , , , 24.7911923, -0.3701076, , , , , , , 24.7911923, 0.0058747, , , , , , , 24.7911923, -0.0166171, , , , , , , , , , , , , , , , , , , , , , , , , , , , 
24.7917115, 0.0703288, , , , , , , 24.7917115, -0.2902113, , , , , , , 24.7917115, 0.0062104, , , , , , , 24.7917115, -0.0157778, , , , , , , , , , , , , , , , , , , , , , , , , , , , 
24.7922308, 0.0533761, , , , , , , 24.7922308, -0.1854734, , , , , , , 24.7922308, 0.0102388, , , , , , , 24.7922308, -0.0104067, , , , , , , , , , , , , , , , , , , , , , , , , , , , 
24.79275, 0.0354162, , , , , , , 24.79275, -0.0963455, , , , , , , 24.79275, 0.0129244, , , , , , , 24.79275, -0.0018463, , , , , , , , , , , , , , , , , , , , , , , , , , , , 
24.7932692, 0.0176242, , , , , , , 24.7932692, -0.0532082, , , , , , , 24.7932692, 0.0132601, , , , , , , 24.7932692, 0.0072175, , , , , , , , , , , , , , , , , , , , , , , , , , , , 
24.7937885, -0.0008392, , , , , , , 24.7937885, -0.0305486, , , , , , , 24.7937885, 0.011078, , , , , , , 24.7937885, 0.0172885, , , , , , , , , , , , , , , , , , , , , , , , , , , , 
24.7943077, -0.0209812, , , , , , , 24.7943077, 0.0196384, , , , , , , 24.7943077, 0.010071, , , , , , , 24.7943077, 0.0307164, , , , , , , , , , , , , , , , , , , , , , , , , , , , 
24.7948269, -0.0350805, , , , , , , 24.7948269, 0.0607614, , , , , , , 24.7948269, 0.0169528, , , , , , , 24.7948269, 0.0441444, , , , , , , , , , , , , , , , , , , , , , , , , , , , 
24.7953462, -0.0404517, , , , , , , 24.7953462, 0.0501869, , , , , , , 24.7953462, 0.023331, , , , , , , 24.7953462, 0.047837, , , , , , , , , , , , , , , , , , , , , , , , , , , , 
24.7958654, -0.0424659, , , , , , , 24.7958654, 0.0105745, , , , , , , 24.7958654, 0.0182956, , , , , , , 24.7958654, 0.04448, , , , , , , , , , , , , , , , , , , , , , , , , , , , 
24.7963846, -0.0485084, , , , , , , 24.7963846, -0.0265202, , , , , , , 24.7963846, 0.0095674, , , , , , , 24.7963846, 0.0417945, , , , , , , , , , , , , , , , , , , , , , , , , , , , 
24.7969038, -0.0552224, , , , , , , 24.7969038, -0.056733, , , , , , , 24.7969038, 0.0025177, , , , , , , 24.7969038, 0.0412909, , , , , , , , , , , , , , , , , , , , , , , , , , , , 
24.7974231, -0.0565652, , , , , , , 24.7974231, -0.0713359, , , , , , , 24.7974231, 0.0031891, , , , , , , 24.7974231, 0.0399481, , , , , , , , , , , , , , , , , , , , , , , , , , , , 
24.7979423, -0.0491798, , , , , , , 24.7979423, -0.0656291, , , , , , , 24.7979423, 0.0139315, , , , , , , 24.7979423, 0.0313878, , , , , , , , , , , , , , , , , , , , , , , , , , , , 
24.7984615, -0.0391089, , , , , , , 24.7984615, -0.068986, , , , , , , 24.7984615, 0.0344091, , , , , , , 24.7984615, 0.0219883, , , , , , , , , , , , , , , , , , , , , , , , , , , , 
24.7989808, -0.0285344, , , , , , , 24.7989808, -0.070161, , , , , , , 24.7989808, 0.0622721, , , , , , , 24.7989808, 0.0164492, , , , , , , , , , , , , , , , , , , , , , , , , , , , 
24.7995, -0.01561, , , , , , , 24.7995, -0.0461585, , , , , , , 24.7995, 0.0830854, , , , , , , 24.7995, 0.014435, , , , , , , , , , , , , , , , , , , , , , , , , , , , 
24.8000192, -0.0028534, , , , , , , 24.8000192, -0.0129244, , , , , , , 24.8000192, 0.0884565, , , , , , , 24.8000192, 0.0119173, , , , , , , , , , , , , , , , , , , , , , , , , , , , 
24.8005385, 0.0068818, , , , , , , 24.8005385, 0.030045, , , , , , , 24.8005385, 0.0763714, , , , , , , 24.8005385, 0.0087282, , , , , , , , , , , , , , , , , , , , , , , , , , , , 
24.8010577, 0.0119173, , , , , , , 24.8010577, 0.0733501, , , , , , , 24.8010577, 0.0518654, , , , , , , 24.8010577, 0.0045319, , , , , , , , , , , , , , , , , , , , , , , , , , , , 
24.8015769, 0.0151064, , , , , , , 24.8015769, 0.0951705, , , , , , , 24.8015769, 0.0199741, , , , , , , 24.8015769, 0.0038605, , , , , , , , , , , , , , , , , , , , , , , , , , , , 
24.8020962, 0.0199741, , , , , , , 24.8020962, 0.1049058, , , , , , , 24.8020962, -0.0127565, , , , , , , 24.8020962, 0.008896, , , , , , , , , , , , , , , , , , , , , , , , , , , , 
24.8026154, 0.0265202, , , , , , , 24.8026154, 0.1136339, , , , , , , 24.8026154, -0.0417945, , , , , , , 24.8026154, 0.0115816, , , , , , , , , , , , , , , , , , , , , , , , , , , , 
24.8031346, 0.0287022, , , , , , , 24.8031346, 0.1072557, , , , , , , 24.8031346, -0.0654612, , , , , , , 24.8031346, 0.0095674, , , , , , , , , , , , , , , , , , , , , , , , , , , , 
24.8036538, 0.0273594, , , , , , , 24.8036538, 0.0763714, , , , , , , 24.8036538, -0.0849317, , , , , , , 24.8036538, 0.0062104, , , , , , , , , , , , , , , , , , , , , , , , , , , , 
24.8041731, 0.0250095, , , , , , , 24.8041731, 0.057908, , , , , , , 24.8041731, -0.0956741, , , , , , , 24.8041731, 0.0035248, , , , , , , , , , , , , , , , , , , , , , , , , , , , 
24.8046923, 0.0238346, , , , , , , 24.8046923, 0.0820783, , , , , , , 24.8046923, -0.103563, , , , , , , 24.8046923, -0.0008392, , , , , , , , , , , , , , , , , , , , , , , , , , , , 
24.8052115, 0.0213169, , , , , , , 24.8052115, 0.1153124, , , , , , , 24.8052115, -0.1126268, , , , , , , 24.8052115, -0.0072175, , , , , , , , , , , , , , , , , , , , , , , , , , , , 
24.8057308, 0.01561, , , , , , , 24.8057308, 0.1065843, , , , , , , 24.8057308, -0.1200122, , , , , , , 24.8057308, -0.01561, , , , , , , , , , , , , , , , , , , , , , , , , , , , 
24.80625, 0.0095674, , , , , , , 24.80625, 0.0602579, , , , , , , 24.80625, -0.1277333, , , , , , , 24.80625, -0.0191348, , , , , , , , , , , , , , , , , , , , , , , , , , , , 
24.8067692, 0.0152743, , , , , , , 24.8067692, 0.0171206, , , , , , , 24.8067692, -0.1344472, , , , , , , 24.8067692, -0.0176242, , , , , , , , , , , , , , , , , , , , , , , , , , , , 
24.8072885, 0.0347448, , , , , , , 24.8072885, 0.0035248, , , , , , , 24.8072885, -0.1331044, , , , , , , 24.8072885, -0.021149, , , , , , , , , , , , , , , , , , , , , , , , , , , , 
24.8078077, 0.0495155, , , , , , , 24.8078077, 0.0011749, , , , , , , 24.8078077, -0.1223621, , , , , , , 24.8078077, -0.0303807, , , , , , , , , , , , , , , , , , , , , , , , , , , , 
24.8083269, 0.0575723, , , , , , , 24.8083269, -0.0193027, , , , , , , 24.8083269, -0.1079271, , , , , , , 24.8083269, -0.035584, , , , , , , , , , , , , , , , , , , , , , , , , , , , 
24.8088462, 0.0666361, , , , , , , 24.8088462, -0.0471656, , , , , , , 24.8088462, -0.0931563, , , , , , , 24.8088462, -0.0352483, , , , , , , , , , , , , , , , , , , , , , , , , , , , 
24.8093654, 0.0795605, , , , , , , 24.8093654, -0.0453193, , , , , , , 24.8093654, -0.0777142, , , , , , , 24.8093654, -0.0339055, , , , , , , , , , , , , , , , , , , , , , , , , , , , 
24.8098846, 0.0911421, , , , , , , 24.8098846, -0.0256809, , , , , , , 24.8098846, -0.0654612, , , , , , , 24.8098846, -0.0323949, , , , , , , , , , , , , , , , , , , , , , , , , , , , 
24.8104038, 0.1000381, , , , , , , 24.8104038, -0.0203098, , , , , , , 24.8104038, -0.0585794, , , , , , , 24.8104038, -0.0283665, , , , , , , , , , , , , , , , , , , , , , , , , , , , 
24.8109231, 0.103563, , , , , , , 24.8109231, -0.0276951, , , , , , , 24.8109231, -0.0498512, , , , , , , 24.8109231, -0.0229953, , , , , , , , , , , , , , , , , , , , , , , , , , , , 
24.8114423, 0.0924849, , , , , , , 24.8114423, -0.0370947, , , , , , , 24.8114423, -0.0464942, , , , , , , 24.8114423, -0.0179599, , , , , , , , , , , , , , , , , , , , , , , , , , , , 
24.8119615, 0.0703288, , , , , , , 24.8119615, -0.0485084, , , , , , , 24.8119615, -0.0518654, , , , , , , 24.8119615, -0.0115816, , , , , , , , , , , , , , , , , , , , , , , , , , , , 
24.8124808, 0.0542153, , , , , , , 24.8124808, -0.0498512, , , , , , , 24.8124808, -0.0527047, , , , , , , 24.8124808, -0.0036927, , , , , , , , , , , , , , , , , , , , , , , , , , , , 
24.813, 0.0438087, , , , , , , 24.813, -0.0297093, , , , , , , 24.813, -0.0404517, , , , , , , 24.813, 0.0038605, , , , , , , , , , , , , , , , , , , , , , , , , , , , 
24.8135192, 0.0330663, , , , , , , 24.8135192, -0.0078889, , , , , , , 24.8135192, -0.0179599, , , , , , , 24.8135192, 0.0124208, , , , , , , , , , , , , , , , , , , , , , , , , , , , 
24.8140385, 0.0199741, , , , , , , 24.8140385, 0.0052033, , , , , , , 24.8140385, 0.0065461, , , , , , , 24.8140385, 0.0213169, , , , , , , , , , , , , , , , , , , , , , , , , , , , 
24.8145577, 0.0065461, , , , , , , 24.8145577, 0.0260166, , , , , , , 24.8145577, 0.0317235, , , , , , , 24.8145577, 0.0270237, , , , , , , , , , , , , , , , , , , , , , , , , , , , 
24.8150769, -0.0046998, , , , , , , 24.8150769, 0.0535439, , , , , , , 24.8150769, 0.0555581, , , , , , , 24.8150769, 0.0313878, , , , , , , , , , , , , , , , , , , , , , , , , , , , 
24.8155962, -0.0152743, , , , , , , 24.8155962, 0.068986, , , , , , , 24.8155962, 0.0686503, , , , , , , 24.8155962, 0.0370947, , , , , , , , , , , , , , , , , , , , , , , , , , , , 
24.8161154, -0.0276951, , , , , , , 24.8161154, 0.0736858, , , , , , , 24.8161154, 0.0696574, , , , , , , 24.8161154, 0.042298, , , , , , , , , , , , , , , , , , , , , , , , , , , , 
24.8166346, -0.0372625, , , , , , , 24.8166346, 0.0884565, , , , , , , 24.8166346, 0.0621042, , , , , , , 24.8166346, 0.0461585, , , , , , , , , , , , , , , , , , , , , , , , , , , , 
24.8171538, -0.0397803, , , , , , , 24.8171538, 0.081239, , , , , , , 24.8171538, 0.0508583, , , , , , , 24.8171538, 0.0475013, , , , , , , , , , , , , , , , , , , , , , , , , , , , 
24.8176731, -0.0381018, , , , , , , 24.8176731, 0.0562295, , , , , , , 24.8176731, 0.0391089, , , , , , , 24.8176731, 0.0475013, , , , , , , , , , , , , , , , , , , , , , , , , , , , 
24.8181923, -0.0391089, , , , , , , 24.8181923, 0.0446479, , , , , , , 24.8181923, 0.0320592, , , , , , , 24.8181923, 0.0458228, , , , , , , , , , , , , , , , , , , , , , , , , , , , 
24.8187115, -0.0364233, , , , , , , 24.8187115, 0.0495155, , , , , , , 24.8187115, 0.0292058, , , , , , , 24.8187115, 0.0461585, , , , , , , , , , , , , , , , , , , , , , , , , , , , 
24.8192308, -0.0293736, , , , , , , 24.8192308, 0.0656291, , , , , , , 24.8192308, 0.0256809, , , , , , , 24.8192308, 0.0475013, , , , , , , , , , , , , , , , , , , , , , , , , , , , 
24.81975, -0.0253452, , , , , , , 24.81975, 0.0703288, , , , , , , 24.81975, 0.0219883, , , , , , , 24.81975, 0.0441444, , , , , , , , , , , , , , , , , , , , , , , , , , , , 
24.8202692, -0.0209812, , , , , , , 24.8202692, 0.0469978, , , , , , , 24.8202692, 0.018967, , , , , , , 24.8202692, 0.040116, , , , , , , , , , , , , , , , , , , , , , , , , , , , 
24.8207885, -0.0109102, , , , , , , 24.8207885, 0.008896, , , , , , , 24.8207885, 0.0182956, , , , , , , 24.8207885, 0.0357519, , , , , , , , , , , , , , , , , , , , , , , , , , , , 
24.8213077, -0.0058747, , , , , , , 24.8213077, -0.0171206, , , , , , , 24.8213077, 0.017792, , , , , , , 24.8213077, 0.0290379, , , , , , , , , , , , , , , , , , , , , , , , , , , , 
24.8218269, -0.0001678, , , , , , , 24.8218269, -0.0125887, , , , , , , 24.8218269, 0.0159457, , , , , , , 24.8218269, 0.0240024, , , , , , , , , , , , , , , , , , , , , , , , , , , , 
24.8223462, 0.0117494, , , , , , , 24.8223462, -0.0041962, , , , , , , 24.8223462, 0.0139315, , , , , , , 24.8223462, 0.0221561, , , , , , , , , , , , , , , , , , , , , , , , , , , , 
24.8228654, 0.0209812, , , , , , , 24.8228654, -0.0248417, , , , , , , 24.8228654, 0.0129244, , , , , , , 24.8228654, 0.0198062, , , , , , , , , , , , , , , , , , , , , , , , , , , , 
24.8233846, 0.0181277, , , , , , , 24.8233846, -0.0616007, , , , , , , 24.8233846, 0.0115816, , , , , , , 24.8233846, 0.0169528, , , , , , , , , , , , , , , , , , , , , , , , , , , , 
24.8239038, 0.0132601, , , , , , , 24.8239038, -0.0844282, , , , , , , 24.8239038, 0.0078889, , , , , , , 24.8239038, 0.0092317, , , , , , , , , , , , , , , , , , , , , , , , , , , , 
24.8244231, 0.0135958, , , , , , , 24.8244231, -0.0834211, , , , , , , 24.8244231, 0.0018463, , , , , , , 24.8244231, 0.0011749, , , , , , , , , , , , , , , , , , , , , , , , , , , , 
24.8249423, 0.0152743, , , , , , , 24.8249423, -0.0535439, , , , , , , 24.8249423, -0.0045319, , , , , , , 24.8249423, -0.0011749, , , , , , , , , , , , , , , , , , , , , , , , , , , , 
24.8254615, 0.0199741, , , , , , , 24.8254615, 0.0087282, , , , , , , 24.8254615, -0.0082246, , , , , , , 24.8254615, -0.0035248, , , , , , , , , , , , , , , , , , , , , , , , , , , , 
24.8259808, 0.0203098, , , , , , , 24.8259808, 0.0595865, , , , , , , 24.8259808, -0.0082246, , , , , , , 24.8259808, -0.0043641, , , , , , , , , , , , , , , , , , , , , , , , , , , , 
24.8265, 0.0146029, , , , , , , 24.8265, 0.0565652, , , , , , , 24.8265, -0.0062104, , , , , , , 24.8265, -0.002182, , , , , , , , , , , , , , , , , , , , , , , , , , , , 
24.8270192, 0.01561, , , , , , , 24.8270192, 0.0293736, , , , , , , 24.8270192, -0.005539, , , , , , , 24.8270192, -0.0045319, , , , , , , , , , , , , , , , , , , , , , , , , , , , 
24.8275385, 0.0307164, , , , , , , 24.8275385, 0.0179599, , , , , , , 24.8275385, -0.005539, , , , , , , 24.8275385, -0.0146029, , , , , , , , , , , , , , , , , , , , , , , , , , , , 
24.8280577, 0.0486763, , , , , , , 24.8280577, 0.0246738, , , , , , , 24.8280577, -0.0065461, , , , , , , 24.8280577, -0.0250095, , , , , , , , , , , , , , , , , , , , , , , , , , , , 
24.8285769, 0.0595865, , , , , , , 24.8285769, 0.0105745, , , , , , , 24.8285769, -0.0068818, , , , , , , 24.8285769, -0.0276951, , , , , , , , , , , , , , , , , , , , , , , , , , , , 
24.8290962, 0.0674754, , , , , , , 24.8290962, -0.0377661, , , , , , , 24.8290962, -0.0102388, , , , , , , 24.8290962, -0.0251774, , , , , , , , , , , , , , , , , , , , , , , , , , , , 
24.8296154, 0.0706645, , , , , , , 24.8296154, -0.0753643, , , , , , , 24.8296154, -0.0149386, , , , , , , 24.8296154, -0.0224918, , , , , , , , , , , , , , , , , , , , , , , , , , , , 
24.8301346, 0.0710002, , , , , , , 24.8301346, -0.0713359, , , , , , , 24.8301346, -0.0152743, , , , , , , 24.8301346, -0.0219883, , , , , , , , , , , , , , , , , , , , , , , , , , , , 
24.8306538, 0.0716716, , , , , , , 24.8306538, -0.033402, , , , , , , 24.8306538, -0.008896, , , , , , , 24.8306538, -0.0216526, , , , , , , , , , , , , , , , , , , , , , , , , , , , 
24.8311731, 0.0679789, , , , , , , 24.8311731, 0.0092317, , , , , , , 24.8311731, 0.0078889, , , , , , , 24.8311731, -0.0172885, , , , , , , , , , , , , , , , , , , , , , , , , , , , 
24.8316923, 0.0609293, , , , , , , 24.8316923, 0.0412909, , , , , , , 24.8316923, 0.0354162, , , , , , , 24.8316923, -0.0105745, , , , , , , , , , , , , , , , , , , , , , , , , , , , 
24.8322115, 0.0548867, , , , , , , 24.8322115, 0.0647898, , , , , , , 24.8322115, 0.0569009, , , , , , , 24.8322115, -0.0095674, , , , , , , , , , , , , , , , , , , , , , , , , , , , 
24.8327308, 0.0495155, , , , , , , 24.8327308, 0.0594186, , , , , , , 24.8327308, 0.0515297, , , , , , , 24.8327308, -0.0099031, , , , , , , , , , , , , , , , , , , , , , , , , , , , 
24.83325, 0.0406195, , , , , , , 24.83325, 0.008896, , , , , , , 24.83325, 0.0226596, , , , , , , 24.83325, -0.0062104, , , , , , , , , , , , , , , , , , , , , , , , , , , , 
24.8337692, 0.026688, , , , , , , 24.8337692, -0.0730144, , , , , , , 24.8337692, -0.0062104, , , , , , , 24.8337692, 0.005539, , , , , , , , , , , , , , , , , , , , , , , , , , , , 
24.8342885, 0.0142672, , , , , , , 24.8342885, -0.1406577, , , , , , , 24.8342885, -0.0229953, , , , , , , 24.8342885, 0.0236667, , , , , , , , , , , , , , , , , , , , , , , , , , , , 
24.8348077, -0.0011749, , , , , , , 24.8348077, -0.1537499, , , , , , , 24.8348077, -0.0283665, , , , , , , 24.8348077, 0.0426337, , , , , , , , , , , , , , , , , , , , , , , , , , , , 
24.8353269, -0.014435, , , , , , , 24.8353269, -0.1478752, , , , , , , 24.8353269, -0.0280308, , , , , , , 24.8353269, 0.0621042, , , , , , , , , , , , , , , , , , , , , , , , , , , , 
24.8358462, -0.0260166, , , , , , , 24.8358462, -0.152575, , , , , , , 24.8358462, -0.023331, , , , , , , 24.8358462, 0.0775463, , , , , , , , , , , , , , , , , , , , , , , , , , , , 
24.8363654, -0.0407874, , , , , , , 24.8363654, -0.128069, , , , , , , 24.8363654, -0.01561, , , , , , , 24.8363654, 0.0844282, , , , , , , , , , , , , , , , , , , , , , , , , , , , 
24.8368846, -0.0518654, , , , , , , 24.8368846, -0.064622, , , , , , , 24.8368846, -0.0085603, , , , , , , 24.8368846, 0.0829175, , , , , , , , , , , , , , , , , , , , , , , , , , , , 
24.8374038, -0.0515297, , , , , , , 24.8374038, 0.0035248, , , , , , , 24.8374038, -0.011078, , , , , , , 24.8374038, 0.0743572, , , , , , , , , , , , , , , , , , , , , , , , , , , , 
24.8379231, -0.0428016, , , , , , , 24.8379231, 0.0548867, , , , , , , 24.8379231, -0.0216526, , , , , , , 24.8379231, 0.0595865, , , , , , , , , , , , , , , , , , , , , , , , , , , , 
24.8384423, -0.0320592, , , , , , , 24.8384423, 0.0763714, , , , , , , 24.8384423, -0.0327306, , , , , , , 24.8384423, 0.0448157, , , , , , , , , , , , , , , , , , , , , , , , , , , , 
24.8389615, -0.023331, , , , , , , 24.8389615, 0.0671397, , , , , , , 24.8389615, -0.0441444, , , , , , , 24.8389615, 0.0330663, , , , , , , , , , , , , , , , , , , , , , , , , , , , 
24.8394808, -0.0162814, , , , , , , 24.8394808, 0.0501869, , , , , , , 24.8394808, -0.051194, , , , , , , 24.8394808, 0.0248417, , , , , , , , , , , , , , , , , , , , , , , , , , , , 
24.84, -0.0077211, , , , , , , 24.84, 0.0360876, , , , , , , 24.84, -0.0481727, , , , , , , 24.84, 0.018967, , , , , , , , , , , , , , , , , , , , , , , , , , , , 
24.8405192, 0.0035248, , , , , , , 24.8405192, 0.0129244, , , , , , , 24.8405192, -0.0424659, , , , , , , 24.8405192, 0.0142672, , , , , , , , , , , , , , , , , , , , , , , , , , , , 
24.8410385, 0.0159457, , , , , , , 24.8410385, -0.0162814, , , , , , , 24.8410385, -0.0364233, , , , , , , 24.8410385, 0.0135958, , , , , , , , , , , , , , , , , , , , , , , , , , , , 
24.8415577, 0.0218204, , , , , , , 24.8415577, -0.0052033, , , , , , , 24.8415577, -0.0297093, , , , , , , 24.8415577, 0.0186313, , , , , , , , , , , , , , , , , , , , , , , , , , , , 
24.8420769, 0.0206455, , , , , , , 24.8420769, 0.0404517, , , , , , , 24.8420769, -0.023331, , , , , , , 24.8420769, 0.0263523, , , , , , , , , , , , , , , , , , , , , , , , , , , , 
24.8425962, 0.0152743, , , , , , , 24.8425962, 0.0540475, , , , , , , 24.8425962, -0.0186313, , , , , , , 24.8425962, 0.0352483, , , , , , , , , , , , , , , , , , , , , , , , , , , , 
24.8431154, 0.0082246, , , , , , , 24.8431154, 0.0293736, , , , , , , 24.8431154, -0.0164492, , , , , , , 24.8431154, 0.0495155, , , , , , , , , , , , , , , , , , , , , , , , , , , , 
24.8436346, 0.0045319, , , , , , , 24.8436346, -0.0129244, , , , , , , 24.8436346, -0.0130922, , , , , , , 24.8436346, 0.0642863, , , , , , , , , , , , , , , , , , , , , , , , , , , , 
24.8441538, 0.0057069, , , , , , , 24.8441538, -0.0589151, , , , , , , 24.8441538, -0.0035248, , , , , , , 24.8441538, 0.070161, , , , , , , , , , , , , , , , , , , , , , , , , , , , 
24.8446731, 0.0112459, , , , , , , 24.8446731, -0.1049058, , , , , , , 24.8446731, 0.0072175, , , , , , , 24.8446731, 0.0703288, , , , , , , , , , , , , , , , , , , , , , , , , , , , 
24.8451923, 0.0167849, , , , , , , 24.8451923, -0.1218585, , , , , , , 24.8451923, 0.0139315, , , , , , , 24.8451923, 0.0708324, , , , , , , , , , , , , , , , , , , , , , , , , , , , 
24.8457115, 0.0213169, , , , , , , 24.8457115, -0.1273976, , , , , , , 24.8457115, 0.01561, , , , , , , 24.8457115, 0.0642863, , , , , , , , , , , , , , , , , , , , , , , , , , , , 
24.8462308, 0.0260166, , , , , , , 24.8462308, -0.1713741, , , , , , , 24.8462308, 0.0139315, , , , , , , 24.8462308, 0.0495155, , , , , , , , , , , , , , , , , , , , , , , , , , , , 
24.84675, 0.0280308, , , , , , , 24.84675, -0.2123293, , , , , , , 24.84675, 0.0105745, , , , , , , 24.84675, 0.0323949, , , , , , , , , , , , , , , , , , , , , , , , , , , , 
24.8472692, 0.0231632, , , , , , , 24.8472692, -0.2111543, , , , , , , 24.8472692, 0.0058747, , , , , , , 24.8472692, 0.0139315, , , , , , , , , , , , , , , , , , , , , , , , , , , , 
24.8477885, 0.0219883, , , , , , , 24.8477885, -0.1841306, , , , , , , 24.8477885, 0.0023499, , , , , , , 24.8477885, -0.0041962, , , , , , , , , , , , , , , , , , , , , , , , , , , , 
24.8483077, 0.0219883, , , , , , , 24.8483077, -0.1378042, , , , , , , 24.8483077, 0.0010071, , , , , , , 24.8483077, -0.0186313, , , , , , , , , , , , , , , , , , , , , , , , , , , , 
24.8488269, 0.0229953, , , , , , , 24.8488269, -0.0699931, , , , , , , 24.8488269, -0.0005035, , , , , , , 24.8488269, -0.0276951, , , , , , , , , , , , , , , , , , , , , , , , , , , , 
24.8493462, 0.0253452, , , , , , , 24.8493462, -0.0078889, , , , , , , 24.8493462, -0.0046998, , , , , , , 24.8493462, -0.0337377, , , , , , , , , , , , , , , , , , , , , , , , , , , , 
24.8498654, 0.0276951, , , , , , , 24.8498654, 0.017792, , , , , , , 24.8498654, -0.0075532, , , , , , , 24.8498654, -0.0387732, , , , , , , , , , , , , , , , , , , , , , , , , , , , 
24.8503846, 0.0251774, , , , , , , 24.8503846, 0.0092317, , , , , , , 24.8503846, -0.0068818, , , , , , , 24.8503846, -0.0414588, , , , , , , , , , , , , , , , , , , , , , , , , , , , 
24.8509038, 0.0213169, , , , , , , 24.8509038, -0.0050355, , , , , , , 24.8509038, -0.0058747, , , , , , , 24.8509038, -0.0391089, , , , , , , , , , , , , , , , , , , , , , , , , , , , 
24.8514231, 0.0193027, , , , , , , 24.8514231, -0.0001678, , , , , , , 24.8514231, -0.0070497, , , , , , , 24.8514231, -0.0330663, , , , , , , , , , , , , , , , , , , , , , , , , , , , 
24.8519423, 0.0109102, , , , , , , 24.8519423, 0.0159457, , , , , , , 24.8519423, -0.011078, , , , , , , 24.8519423, -0.0270237, , , , , , , , , , , , , , , , , , , , , , , , , , , , 
24.8524615, 0.0025177, , , , , , , 24.8524615, 0.0451514, , , , , , , 24.8524615, -0.0149386, , , , , , , 24.8524615, -0.0229953, , , , , , , , , , , , , , , , , , , , , , , , , , , , 
24.8529808, 0.0005035, , , , , , , 24.8529808, 0.1025559, , , , , , , 24.8529808, -0.0166171, , , , , , , 24.8529808, -0.0209812, , , , , , , , , , , , , , , , , , , , , , , , , , , , 
24.8535, 0.002182, , , , , , , 24.8535, 0.1371328, , , , , , , 24.8535, -0.0157778, , , , , , , 24.8535, -0.0196384, , , , , , , , , , , , , , , , , , , , , , , , , , , , 
24.8540192, 0.0018463, , , , , , , 24.8540192, 0.1171588, , , , , , , 24.8540192, -0.0135958, , , , , , , 24.8540192, -0.0162814, , , , , , , , , , , , , , , , , , , , , , , , , , , , 
24.8545385, -0.0068818, , , , , , , 24.8545385, 0.0822461, , , , , , , 24.8545385, -0.012253, , , , , , , 24.8545385, -0.0090639, , , , , , , , , , , , , , , , , , , , , , , , , , , , 
24.8550577, -0.021149, , , , , , , 24.8550577, 0.0498512, , , , , , , 24.8550577, -0.0129244, , , , , , , 24.8550577, -0.0008392, , , , , , , , , , , , , , , , , , , , , , , , , , , , 
24.8555769, -0.0337377, , , , , , , 24.8555769, 0.0196384, , , , , , , 24.8555769, -0.0120851, , , , , , , 24.8555769, 0.0070497, , , , , , , , , , , , , , , , , , , , , , , , , , , , 
24.8560962, -0.0441444, , , , , , , 24.8560962, 0.0085603, , , , , , , 24.8560962, -0.0102388, , , , , , , 24.8560962, 0.0115816, , , , , , , , , , , , , , , , , , , , , , , , , , , , 
24.8566154, -0.0498512, , , , , , , 24.8566154, 0.023331, , , , , , , 24.8566154, -0.0077211, , , , , , , 24.8566154, 0.017792, , , , , , , , , , , , , , , , , , , , , , , , , , , , 
24.8571346, -0.0501869, , , , , , , 24.8571346, 0.0441444, , , , , , , 24.8571346, -0.0075532, , , , , , , 24.8571346, 0.0219883, , , , , , , , , , , , , , , , , , , , , , , , , , , , 
24.8576538, -0.040116, , , , , , , 24.8576538, 0.033402, , , , , , , 24.8576538, -0.0085603, , , , , , , 24.8576538, 0.0179599, , , , , , , , , , , , , , , , , , , , , , , , , , , , 
24.8581731, -0.0229953, , , , , , , 24.8581731, 0.0038605, , , , , , , 24.8581731, -0.0075532, , , , , , , 24.8581731, 0.0092317, , , , , , , , , , , , , , , , , , , , , , , , , , , , 
24.8586923, -0.0119173, , , , , , , 24.8586923, 0.0030213, , , , , , , 24.8586923, -0.0065461, , , , , , , 24.8586923, 0.0031891, , , , , , , , , , , , , , , , , , , , , , , , , , , , 
24.8592115, -0.0102388, , , , , , , 24.8592115, 0.0206455, , , , , , , 24.8592115, -0.0078889, , , , , , , 24.8592115, 0.0011749, , , , , , , , , , , , , , , , , , , , , , , , , , , , 
24.8597308, -0.0078889, , , , , , , 24.8597308, 0.0275273, , , , , , , 24.8597308, -0.0092317, , , , , , , 24.8597308, -0.0008392, , , , , , , , , , , , , , , , , , , , , , , , , , , , 
24.86025, -0.0025177, , , , , , , 24.86025, 0.0297093, , , , , , , 24.86025, -0.0075532, , , , , , , 24.86025, -0.0031891, , , , , , , , , , , , , , , , , , , , , , , , , , , , 
24.8607692, 0.0078889, , , , , , , 24.8607692, 0.0522011, , , , , , , 24.8607692, -0.0035248, , , , , , , 24.8607692, -0.002182, , , , , , , , , , , , , , , , , , , , , , , , , , , , 
24.8612885, 0.0221561, , , , , , , 24.8612885, 0.1220264, , , , , , , 24.8612885, 0.0018463, , , , , , , 24.8612885, -0.0010071, , , , , , , , , , , , , , , , , , , , , , , , , , , , 
24.8618077, 0.0258488, , , , , , , 24.8618077, 0.2239109, , , , , , , 24.8618077, 0.0030213, , , , , , , 24.8618077, -0.0001678, , , , , , , , , , , , , , , , , , , , , , , , , , , , 
24.8623269, 0.0226596, , , , , , , 24.8623269, 0.2868544, , , , , , , 24.8623269, 0.0025177, , , , , , , 24.8623269, 0.0036927, , , , , , , , , , , , , , , , , , , , , , , , , , , , 
24.8628462, 0.0236667, , , , , , , 24.8628462, 0.2870222, , , , , , , 24.8628462, 0.0030213, , , , , , , 24.8628462, 0.0062104, , , , , , , , , , , , , , , , , , , , , , , , , , , , 
24.8633654, 0.0260166, , , , , , , 24.8633654, 0.2442206, , , , , , , 24.8633654, 0.0038605, , , , , , , 24.8633654, 0.0072175, , , , , , , , , , , , , , , , , , , , , , , , , , , , 
24.8638846, 0.0263523, , , , , , , 24.8638846, 0.1918517, , , , , , , 24.8638846, 0.0025177, , , , , , , 24.8638846, 0.0065461, , , , , , , , , , , , , , , , , , , , , , , , , , , , 
24.8644038, 0.0271916, , , , , , , 24.8644038, 0.0928206, , , , , , , 24.8644038, 0.0001678, , , , , , , 24.8644038, 0.0043641, , , , , , , , , , , , , , , , , , , , , , , , , , , , 
24.8649231, 0.0256809, , , , , , , 24.8649231, -0.0565652, , , , , , , 24.8649231, -0.0008392, , , , , , , 24.8649231, 0.0058747, , , , , , , , , , , , , , , , , , , , , , , , , , , , 
24.8654423, 0.026688, , , , , , , 24.8654423, -0.165835, , , , , , , 24.8654423, 0.0005035, , , , , , , 24.8654423, 0.0057069, , , , , , , , , , , , , , , , , , , , , , , , , , , , 
24.8659615, 0.0347448, , , , , , , 24.8659615, -0.2119936, , , , , , , 24.8659615, -0.0011749, , , , , , , 24.8659615, 0.0045319, , , , , , , , , , , , , , , , , , , , , , , , , , , , 
24.8664808, 0.0414588, , , , , , , 24.8664808, -0.2452277, , , , , , , 24.8664808, -0.0048676, , , , , , , 24.8664808, 0.0072175, , , , , , , , , , , , , , , , , , , , , , , , , , , , 
24.867, 0.0468299, , , , , , , 24.867, -0.276112, , , , , , , 24.867, -0.0041962, , , , , , , 24.867, 0.0119173, , , , , , , , , , , , , , , , , , , , , , , , , , , , 
24.8675192, 0.0580758, , , , , , , 24.8675192, -0.2667124, , , , , , , 24.8675192, -0.0008392, , , , , , , 24.8675192, 0.0092317, , , , , , , , , , , , , , , , , , , , , , , , , , , , 
24.8680385, 0.0703288, , , , , , , 24.8680385, -0.2361639, , , , , , , 24.8680385, 0.0015106, , , , , , , 24.8680385, 0.0011749, , , , , , , , , , , , , , , , , , , , , , , , , , , , 
24.8685577, 0.0763714, , , , , , , 24.8685577, -0.2140078, , , , , , , 24.8685577, 0.0025177, , , , , , , 24.8685577, -0.0065461, , , , , , , , , , , , , , , , , , , , , , , , , , , , 
24.8690769, 0.0797284, , , , , , , 24.8690769, -0.1764096, , , , , , , 24.8690769, 0.0031891, , , , , , , 24.8690769, -0.0099031, , , , , , , , , , , , , , , , , , , , , , , , , , , , 
24.8695962, 0.082414, , , , , , , 24.8695962, -0.1163195, , , , , , , 24.8695962, -0.0001678, , , , , , , 24.8695962, -0.0120851, , , , , , , , , , , , , , , , , , , , , , , , , , , , 
24.8701154, 0.0830854, , , , , , , 24.8701154, -0.0381018, , , , , , , 24.8701154, -0.0052033, , , , , , , 24.8701154, -0.0137636, , , , , , , , , , , , , , , , , , , , , , , , , , , , 
24.8706346, 0.079057, , , , , , , 24.8706346, 0.0253452, , , , , , , 24.8706346, -0.0119173, , , , , , , 24.8706346, -0.0149386, , , , , , , , , , , , , , , , , , , , , , , , , , , , 
24.8711538, 0.0696574, , , , , , , 24.8711538, 0.0599222, , , , , , , 24.8711538, -0.0162814, , , , , , , 24.8711538, -0.01561, , , , , , , , , , , , , , , , , , , , , , , , , , , , 
24.8716731, 0.0629435, , , , , , , 24.8716731, 0.0955062, , , , , , , 24.8716731, -0.0179599, , , , , , , 24.8716731, -0.0135958, , , , , , , , , , , , , , , , , , , , , , , , , , , , 
24.8721923, 0.056733, , , , , , , 24.8721923, 0.1367971, , , , , , , 24.8721923, -0.0196384, , , , , , , 24.8721923, -0.0082246, , , , , , , , , , , , , , , , , , , , , , , , , , , , 
24.8727115, 0.0441444, , , , , , , 24.8727115, 0.1559319, , , , , , , 24.8727115, -0.0229953, , , , , , , 24.8727115, -0.0015106, , , , , , , , , , , , , , , , , , , , , , , , , , , , 
24.8732308, 0.0308843, , , , , , , 24.8732308, 0.1445182, , , , , , , 24.8732308, -0.0270237, , , , , , , 24.8732308, 0.0050355, , , , , , , , , , , , , , , , , , , , , , , , , , , , 
24.87375, 0.0176242, , , , , , , 24.87375, 0.1139696, , , , , , , 24.87375, -0.0260166, , , , , , , 24.87375, 0.0132601, , , , , , , , , , , , , , , , , , , , , , , , , , , , 
24.8742692, 0.0102388, , , , , , , 24.8742692, 0.0726787, , , , , , , 24.8742692, -0.0236667, , , , , , , 24.8742692, 0.0226596, , , , , , , , , , , , , , , , , , , , , , , , , , , , 
24.8747885, 0.0052033, , , , , , , 24.8747885, 0.0085603, , , , , , , 24.8747885, -0.0229953, , , , , , , 24.8747885, 0.0317235, , , , , , , , , , , , , , , , , , , , , , , , , , , , 
24.8753077, -0.0058747, , , , , , , 24.8753077, -0.0505226, , , , , , , 24.8753077, -0.0246738, , , , , , , 24.8753077, 0.0374304, , , , , , , , , , , , , , , , , , , , , , , , , , , , 
24.8758269, -0.0157778, , , , , , , 24.8758269, -0.0809033, , , , , , , 24.8758269, -0.0256809, , , , , , , 24.8758269, 0.0407874, , , , , , , , , , , , , , , , , , , , , , , , , , , , 
24.8763462, -0.024506, , , , , , , 24.8763462, -0.1092699, , , , , , , 24.8763462, -0.0246738, , , , , , , 24.8763462, 0.0428016, , , , , , , , , , , , , , , , , , , , , , , , , , , , 
24.8768654, -0.0340734, , , , , , , 24.8768654, -0.1455253, , , , , , , 24.8768654, -0.0229953, , , , , , , 24.8768654, 0.0431373, , , , , , , , , , , , , , , , , , , , , , , , , , , , 
24.8773846, -0.0379339, , , , , , , 24.8773846, -0.1742275, , , , , , , 24.8773846, -0.018967, , , , , , , 24.8773846, 0.0417945, , , , , , , , , , , , , , , , , , , , , , , , , , , , 
24.8779038, -0.0323949, , , , , , , 24.8779038, -0.1779202, , , , , , , 24.8779038, -0.0152743, , , , , , , 24.8779038, 0.040116, , , , , , , , , , , , , , , , , , , , , , , , , , , , 
24.8784231, -0.0243381, , , , , , , 24.8784231, -0.1455253, , , , , , , 24.8784231, -0.0159457, , , , , , , 24.8784231, 0.0433051, , , , , , , , , , , , , , , , , , , , , , , , , , , , 
24.8789423, -0.0193027, , , , , , , 24.8789423, -0.0884565, , , , , , , 24.8789423, -0.01561, , , , , , , 24.8789423, 0.0488441, , , , , , , , , , , , , , , , , , , , , , , , , , , , 
24.8794615, -0.017792, , , , , , , 24.8794615, -0.0263523, , , , , , , 24.8794615, -0.0135958, , , , , , , 24.8794615, 0.0569009, , , , , , , , , , , , , , , , , , , , , , , , , , , , 
24.8799808, -0.0186313, , , , , , , 24.8799808, 0.0219883, , , , , , , 24.8799808, -0.012253, , , , , , , 24.8799808, 0.0654612, , , , , , , , , , , , , , , , , , , , , , , , , , , , 
24.8805, -0.018967, , , , , , , 24.8805, 0.0439765, , , , , , , 24.8805, -0.008896, , , , , , , 24.8805, 0.0710002, , , , , , , , , , , , , , , , , , , , , , , , , , , , 
24.8810192, -0.0152743, , , , , , , 24.8810192, 0.0421302, , , , , , , 24.8810192, -0.0043641, , , , , , , 24.8810192, 0.0750286, , , , , , , , , , , , , , , , , , , , , , , , , , , , 
24.8815385, -0.0068818, , , , , , , 24.8815385, 0.0297093, , , , , , , 24.8815385, -0.0005035, , , , , , , 24.8815385, 0.0763714, , , , , , , , , , , , , , , , , , , , , , , , , , , , 
24.8820577, -0.0008392, , , , , , , 24.8820577, 0.0085603, , , , , , , 24.8820577, 0.002182, , , , , , , 24.8820577, 0.0736858, , , , , , , , , , , , , , , , , , , , , , , , , , , , 
24.8825769, 0.0028534, , , , , , , 24.8825769, -0.0169528, , , , , , , 24.8825769, 0.0045319, , , , , , , 24.8825769, 0.0656291, , , , , , , , , , , , , , , , , , , , , , , , , , , , 
24.8830962, 0.0092317, , , , , , , 24.8830962, -0.0139315, , , , , , , 24.8830962, 0.0057069, , , , , , , 24.8830962, 0.054551, , , , , , , , , , , , , , , , , , , , , , , , , , , , 
24.8836154, 0.0119173, , , , , , , 24.8836154, 0.0513619, , , , , , , 24.8836154, 0.0075532, , , , , , , 24.8836154, 0.0421302, , , , , , , , , , , , , , , , , , , , , , , , , , , , 
24.8841346, 0.0135958, , , , , , , 24.8841346, 0.1468681, , , , , , , 24.8841346, 0.0095674, , , , , , , 24.8841346, 0.0307164, , , , , , , , , , , , , , , , , , , , , , , , , , , , 
24.8846538, 0.01561, , , , , , , 24.8846538, 0.205951, , , , , , , 24.8846538, 0.0072175, , , , , , , 24.8846538, 0.0231632, , , , , , , , , , , , , , , , , , , , , , , , , , , , 
24.8851731, 0.0172885, , , , , , , 24.8851731, 0.2015869, , , , , , , 24.8851731, 0.0011749, , , , , , , 24.8851731, 0.0172885, , , , , , , , , , , , , , , , , , , , , , , , , , , , 
24.8856923, 0.0179599, , , , , , , 24.8856923, 0.1613031, , , , , , , 24.8856923, 0.0031891, , , , , , , 24.8856923, 0.0102388, , , , , , , , , , , , , , , , , , , , , , , , , , , , 
24.8862115, 0.0213169, , , , , , , 24.8862115, 0.1050736, , , , , , , 24.8862115, 0.0105745, , , , , , , 24.8862115, 0.0038605, , , , , , , , , , , , , , , , , , , , , , , , , , , , 
24.8867308, 0.0275273, , , , , , , 24.8867308, 0.0293736, , , , , , , 24.8867308, 0.01561, , , , , , , 24.8867308, -0.0048676, , , , , , , , , , , , , , , , , , , , , , , , , , , , 
24.88725, 0.0350805, , , , , , , 24.88725, -0.0602579, , , , , , , 24.88725, 0.0219883, , , , , , , 24.88725, -0.0179599, , , , , , , , , , , , , , , , , , , , , , , , , , , , 
24.8877692, 0.0448157, , , , , , , 24.8877692, -0.1438468, , , , , , , 24.8877692, 0.0293736, , , , , , , 24.8877692, -0.0297093, , , , , , , , , , , , , , , , , , , , , , , , , , , , 
24.8882885, 0.0548867, , , , , , , 24.8882885, -0.1747311, , , , , , , 24.8882885, 0.0287022, , , , , , , 24.8882885, -0.0379339, , , , , , , , , , , , , , , , , , , , , , , , , , , , 
24.8888077, 0.0619364, , , , , , , 24.8888077, -0.1619745, , , , , , , 24.8888077, 0.0193027, , , , , , , 24.8888077, -0.0438087, , , , , , , , , , , , , , , , , , , , , , , , , , , , 
24.8893269, 0.0679789, , , , , , , 24.8893269, -0.1359579, , , , , , , 24.8893269, 0.0092317, , , , , , , 24.8893269, -0.0438087, , , , , , , , , , , , , , , , , , , , , , , , , , , , 
24.8898462, 0.0736858, , , , , , , 24.8898462, -0.1151446, , , , , , , 24.8898462, 0.0041962, , , , , , , 24.8898462, -0.0391089, , , , , , , , , , , , , , , , , , , , , , , , , , , , 
24.8903654, 0.0763714, , , , , , , 24.8903654, -0.1038987, , , , , , , 24.8903654, 0.0028534, , , , , , , 24.8903654, -0.0318914, , , , , , , , , , , , , , , , , , , , , , , , , , , , 
24.8908846, 0.0730144, , , , , , , 24.8908846, -0.0931563, , , , , , , 24.8908846, 0.0048676, , , , , , , 24.8908846, -0.0243381, , , , , , , , , , , , , , , , , , , , , , , , , , , , 
24.8914038, 0.0629435, , , , , , , 24.8914038, -0.0780499, , , , , , , 24.8914038, 0.0072175, , , , , , , 24.8914038, -0.0166171, , , , , , , , , , , , , , , , , , , , , , , , , , , , 
24.8919231, 0.0515297, , , , , , , 24.8919231, -0.0602579, , , , , , , 24.8919231, 0.0068818, , , , , , , 24.8919231, -0.0085603, , , , , , , , , , , , , , , , , , , , , , , , , , , , 
24.8924423, 0.0448157, , , , , , , 24.8924423, -0.0404517, , , , , , , 24.8924423, -0.0030213, , , , , , , 24.8924423, -0.0003357, , , , , , , , , , , , , , , , , , , , , , , , , , , , 
24.8929615, 0.0404517, , , , , , , 24.8929615, -0.0377661, , , , , , , 24.8929615, -0.0238346, , , , , , , 24.8929615, 0.0085603, , , , , , , , , , , , , , , , , , , , , , , , , , , , 
24.8934808, 0.0285344, , , , , , , 24.8934808, -0.0414588, , , , , , , 24.8934808, -0.051194, , , , , , , 24.8934808, 0.0149386, , , , , , , , , , , , , , , , , , , , , , , , , , , , 
24.894, 0.0112459, , , , , , , 24.894, -0.0350805, , , , , , , 24.894, -0.0716716, , , , , , , 24.894, 0.023331, , , , , , , , , , , , , , , , , , , , , , , , , , , , 
24.8945192, -0.0057069, , , , , , , 24.8945192, -0.0179599, , , , , , , 24.8945192, -0.0767071, , , , , , , 24.8945192, 0.0337377, , , , , , , , , , , , , , , , , , , , , , , , , , , , 
24.8950385, -0.0203098, , , , , , , 24.8950385, 0.0041962, , , , , , , 24.8950385, -0.0699931, , , , , , , 24.8950385, 0.0421302, , , , , , , , , , , , , , , , , , , , , , , , , , , , 
24.8955577, -0.0337377, , , , , , , 24.8955577, 0.0246738, , , , , , , 24.8955577, -0.0619364, , , , , , , 24.8955577, 0.0475013, , , , , , , , , , , , , , , , , , , , , , , , , , , , 
24.8960769, -0.047837, , , , , , , 24.8960769, 0.0276951, , , , , , , 24.8960769, -0.061265, , , , , , , 24.8960769, 0.047837, , , , , , , , , , , , , , , , , , , , , , , , , , , , 
24.8965962, -0.0619364, , , , , , , 24.8965962, 0.0172885, , , , , , , 24.8965962, -0.0676432, , , , , , , 24.8965962, 0.0481727, , , , , , , , , , , , , , , , , , , , , , , , , , , , 
24.8971154, -0.0659648, , , , , , , 24.8971154, 0.0191348, , , , , , , 24.8971154, -0.0746929, , , , , , , 24.8971154, 0.0454871, , , , , , , , , , , , , , , , , , , , , , , , , , , , 
24.8976346, -0.0585794, , , , , , , 24.8976346, 0.0386053, , , , , , , 24.8976346, -0.0726787, , , , , , , 24.8976346, 0.0391089, , , , , , , , , , , , , , , , , , , , , , , , , , , , 
24.8981538, -0.0515297, , , , , , , 24.8981538, 0.0666361, , , , , , , 24.8981538, -0.0647898, , , , , , , 24.8981538, 0.0323949, , , , , , , , , , , , , , , , , , , , , , , , , , , , 
24.8986731, -0.0505226, , , , , , , 24.8986731, 0.081239, , , , , , , 24.8986731, -0.0518654, , , , , , , 24.8986731, 0.0297093, , , , , , , , , , , , , , , , , , , , , , , , , , , , 
24.8991923, -0.0498512, , , , , , , 24.8991923, 0.0713359, , , , , , , 24.8991923, -0.0347448, , , , , , , 24.8991923, 0.0253452, , , , , , , , , , , , , , , , , , , , , , , , , , , , 
24.8997115, -0.0407874, , , , , , , 24.8997115, 0.0506905, , , , , , , 24.8997115, -0.0182956, , , , , , , 24.8997115, 0.0186313, , , , , , , , , , , , , , , , , , , , , , , , , , , , 
24.9002308, -0.0203098, , , , , , , 24.9002308, 0.0350805, , , , , , , 24.9002308, -0.0046998, , , , , , , 24.9002308, 0.0169528, , , , , , , , , , , , , , , , , , , , , , , , , , , , 
24.90075, -0.0015106, , , , , , , 24.90075, 0.0152743, , , , , , , 24.90075, 0.0057069, , , , , , , 24.90075, 0.018967, , , , , , , , , , , , , , , , , , , , , , , , , , , , 
24.9012692, 0.0104067, , , , , , , 24.9012692, -0.0164492, , , , , , , 24.9012692, 0.0119173, , , , , , , 24.9012692, 0.0193027, , , , , , , , , , , , , , , , , , , , , , , , , , , , 
24.9017885, 0.0186313, , , , , , , 24.9017885, -0.0397803, , , , , , , 24.9017885, 0.0137636, , , , , , , 24.9017885, 0.0152743, , , , , , , , , , , , , , , , , , , , , , , , , , , , 
24.9023077, 0.0172885, , , , , , , 24.9023077, -0.0374304, , , , , , , 24.9023077, 0.0119173, , , , , , , 24.9023077, 0.0112459, , , , , , , , , , , , , , , , , , , , , , , , , , , , 
24.9028269, 0.0186313, , , , , , , 24.9028269, -0.0263523, , , , , , , 24.9028269, 0.0097353, , , , , , , 24.9028269, 0.008896, , , , , , , , , , , , , , , , , , , , , , , , , , , , 
24.9033462, 0.0280308, , , , , , , 24.9033462, -0.0238346, , , , , , , 24.9033462, 0.0078889, , , , , , , 24.9033462, 0.0092317, , , , , , , , , , , , , , , , , , , , , , , , , , , , 
24.9038654, 0.0337377, , , , , , , 24.9038654, -0.0270237, , , , , , , 24.9038654, 0.0090639, , , , , , , 24.9038654, 0.008896, , , , , , , , , , , , , , , , , , , , , , , , , , , , 
24.9043846, 0.0327306, , , , , , , 24.9043846, -0.018967, , , , , , , 24.9043846, 0.0078889, , , , , , , 24.9043846, 0.010071, , , , , , , , , , , , , , , , , , , , , , , , , , , , 
24.9049038, 0.0337377, , , , , , , 24.9049038, 0.0010071, , , , , , , 24.9049038, 0.0031891, , , , , , , 24.9049038, 0.0105745, , , , , , , , , , , , , , , , , , , , , , , , , , , , 
24.9054231, 0.0365911, , , , , , , 24.9054231, 0.0058747, , , , , , , 24.9054231, 0.0011749, , , , , , , 24.9054231, 0.0115816, , , , , , , , , , , , , , , , , , , , , , , , , , , , 
24.9059423, 0.0377661, , , , , , , 24.9059423, -0.0015106, , , , , , , 24.9059423, 0.005539, , , , , , , 24.9059423, 0.0119173, , , , , , , , , , , , , , , , , , , , , , , , , , , , 
24.9064615, 0.0384375, , , , , , , 24.9064615, -0.0031891, , , , , , , 24.9064615, 0.0099031, , , , , , , 24.9064615, 0.0095674, , , , , , , , , , , , , , , , , , , , , , , , , , , , 
24.9069808, 0.0377661, , , , , , , 24.9069808, 0.0011749, , , , , , , 24.9069808, 0.0129244, , , , , , , 24.9069808, 0.0036927, , , , , , , , , , , , , , , , , , , , , , , , , , , , 
24.9075, 0.0407874, , , , , , , 24.9075, 0.005539, , , , , , , 24.9075, 0.0137636, , , , , , , 24.9075, -0.0078889, , , , , , , , , , , , , , , , , , , , , , , , , , , , 
24.9080192, 0.0535439, , , , , , , 24.9080192, 0.0105745, , , , , , , 24.9080192, 0.0105745, , , , , , , 24.9080192, -0.0216526, , , , , , , , , , , , , , , , , , , , , , , , , , , , 
24.9085385, 0.0669718, , , , , , , 24.9085385, 0.017792, , , , , , , 24.9085385, 0.0062104, , , , , , , 24.9085385, -0.0305486, , , , , , , , , , , , , , , , , , , , , , , , , , , , 
24.9090577, 0.072343, , , , , , , 24.9090577, 0.0250095, , , , , , , 24.9090577, 0.0125887, , , , , , , 24.9090577, -0.0354162, , , , , , , , , , , , , , , , , , , , , , , , , , , , 
24.9095769, 0.0730144, , , , , , , 24.9095769, 0.036759, , , , , , , 24.9095769, 0.0119173, , , , , , , 24.9095769, -0.0370947, , , , , , , , , , , , , , , , , , , , , , , , , , , , 
24.9100962, 0.0773785, , , , , , , 24.9100962, 0.0589151, , , , , , , 24.9100962, -0.0030213, , , , , , , 24.9100962, -0.0354162, , , , , , , , , , , , , , , , , , , , , , , , , , , , 
24.9106154, 0.0793927, , , , , , , 24.9106154, 0.0763714, , , , , , , 24.9106154, -0.0152743, , , , , , , 24.9106154, -0.0339055, , , , , , , , , , , , , , , , , , , , , , , , , , , , 
24.9111346, 0.0706645, , , , , , , 24.9111346, 0.0726787, , , , , , , 24.9111346, -0.01561, , , , , , , 24.9111346, -0.0305486, , , , , , , , , , , , , , , , , , , , , , , , , , , , 
24.9116538, 0.0575723, , , , , , , 24.9116538, 0.0569009, , , , , , , 24.9116538, -0.0045319, , , , , , , 24.9116538, -0.023331, , , , , , , , , , , , , , , , , , , , , , , , , , , , 
24.9121731, 0.0475013, , , , , , , 24.9121731, 0.0374304, , , , , , , 24.9121731, 0.0119173, , , , , , , 24.9121731, -0.0152743, , , , , , , , , , , , , , , , , , , , , , , , , , , , 
24.9126923, 0.0421302, , , , , , , 24.9126923, 0.0293736, , , , , , , 24.9126923, 0.0293736, , , , , , , 24.9126923, -0.0085603, , , , , , , , , , , , , , , , , , , , , , , , , , , , 
24.9132115, 0.0394446, , , , , , , 24.9132115, 0.0428016, , , , , , , 24.9132115, 0.0414588, , , , , , , 24.9132115, -0.0015106, , , , , , , , , , , , , , , , , , , , , , , , , , , , 
24.9137308, 0.0387732, , , , , , , 24.9137308, 0.0985275, , , , , , , 24.9137308, 0.0438087, , , , , , , 24.9137308, 0.0105745, , , , , , , , , , , , , , , , , , , , , , , , , , , , 
24.91425, 0.0354162, , , , , , , 24.91425, 0.1834592, , , , , , , 24.91425, 0.0354162, , , , , , , 24.91425, 0.0263523, , , , , , , , , , , , , , , , , , , , , , , , , , , , 
24.9147692, 0.0226596, , , , , , , 24.9147692, 0.2286107, , , , , , , 24.9147692, 0.0186313, , , , , , , 24.9147692, 0.0448157, , , , , , , , , , , , , , , , , , , , , , , , , , , , 
24.9152885, 0.0031891, , , , , , , 24.9152885, 0.212665, , , , , , , 24.9152885, 0.0008392, , , , , , , 24.9152885, 0.0585794, , , , , , , , , , , , , , , , , , , , , , , , , , , , 
24.9158077, -0.0208133, , , , , , , 24.9158077, 0.128069, , , , , , , 24.9158077, -0.0104067, , , , , , , 24.9158077, 0.0686503, , , , , , , , , , , , , , , , , , , , , , , , , , , , 
24.9163269, -0.0438087, , , , , , , 24.9163269, 0.0058747, , , , , , , 24.9163269, -0.0137636, , , , , , , 24.9163269, 0.0782177, , , , , , , , , , , , , , , , , , , , , , , , , , , , 
24.9168462, -0.0632792, , , , , , , 24.9168462, -0.0958419, , , , , , , 24.9168462, -0.0135958, , , , , , , 24.9168462, 0.0854353, , , , , , , , , , , , , , , , , , , , , , , , , , , , 
24.9173654, -0.0679789, , , , , , , 24.9173654, -0.1451896, , , , , , , 24.9173654, -0.012253, , , , , , , 24.9173654, 0.0871138, , , , , , , , , , , , , , , , , , , , , , , , , , , , 
24.9178846, -0.0642863, , , , , , , 24.9178846, -0.13579, , , , , , , 24.9178846, -0.010071, , , , , , , 24.9178846, 0.0842603, , , , , , , , , , , , , , , , , , , , , , , , , , , , 
24.9184038, -0.057908, , , , , , , 24.9184038, -0.0552224, , , , , , , 24.9184038, -0.0078889, , , , , , , 24.9184038, 0.079057, , , , , , , , , , , , , , , , , , , , , , , , , , , , 
24.9189231, -0.0488441, , , , , , , 24.9189231, 0.0454871, , , , , , , 24.9189231, -0.0065461, , , , , , , 24.9189231, 0.0716716, , , , , , , , , , , , , , , , , , , , , , , , , , , , 
24.9194423, -0.036759, , , , , , , 24.9194423, 0.0553902, , , , , , , 24.9194423, -0.0092317, , , , , , , 24.9194423, 0.0629435, , , , , , , , , , , , , , , , , , , , , , , , , , , , 
24.9199615, -0.0283665, , , , , , , 24.9199615, -0.0495155, , , , , , , 24.9199615, -0.0124208, , , , , , , 24.9199615, 0.0535439, , , , , , , , , , , , , , , , , , , , , , , , , , , , 
24.9204808, -0.0236667, , , , , , , 24.9204808, -0.1683528, , , , , , , 24.9204808, -0.0142672, , , , , , , 24.9204808, 0.0407874, , , , , , , , , , , , , , , , , , , , , , , , , , , , 
24.921, -0.012253, , , , , , , 24.921, -0.2022583, , , , , , , 24.921, -0.0139315, , , , , , , 24.921, 0.0293736, , , , , , , , , , , , , , , , , , , , , , , , , , , , 
24.9215192, -0.002182, , , , , , , 24.9215192, -0.2177005, , , , , , , 24.9215192, -0.0109102, , , , , , , 24.9215192, 0.0216526, , , , , , , , , , , , , , , , , , , , , , , , , , , , 
24.9220385, -0.0015106, , , , , , , 24.9220385, -0.286183, , , , , , , 24.9220385, -0.0072175, , , , , , , 24.9220385, 0.0140993, , , , , , , , , , , , , , , , , , , , , , , , , , , , 
24.9225577, -0.005539, , , , , , , 24.9225577, -0.353994, , , , , , , 24.9225577, -0.0082246, , , , , , , 24.9225577, 0.0065461, , , , , , , , , , , , , , , , , , , , , , , , , , , , 
24.9230769, -0.0048676, , , , , , , 24.9230769, -0.3268025, , , , , , , 24.9230769, -0.010071, , , , , , , 24.9230769, 0.0006714, , , , , , , , , , , , , , , , , , , , , , , , , , , , 
24.9235962, 0.0016785, , , , , , , 24.9235962, -0.184802, , , , , , , 24.9235962, -0.0125887, , , , , , , 24.9235962, -0.0028534, , , , , , , , , , , , , , , , , , , , , , , , , , , , 
24.9241154, 0.0092317, , , , , , , 24.9241154, -0.0485084, , , , , , , 24.9241154, -0.0151064, , , , , , , 24.9241154, -0.0068818, , , , , , , , , , , , , , , , , , , , , , , , , , , , 
24.9246346, 0.0125887, , , , , , , 24.9246346, 0.0030213, , , , , , , 24.9246346, -0.01561, , , , , , , 24.9246346, -0.0125887, , , , , , , , , , , , , , , , , , , , , , , , , , , , 
24.9251538, 0.0142672, , , , , , , 24.9251538, 0.0011749, , , , , , , 24.9251538, -0.0135958, , , , , , , 24.9251538, -0.01561, , , , , , , , , , , , , , , , , , , , , , , , , , , , 
24.9256731, 0.0209812, , , , , , , 24.9256731, -0.0135958, , , , , , , 24.9256731, -0.0129244, , , , , , , 24.9256731, -0.0176242, , , , , , , , , , , , , , , , , , , , , , , , , , , , 
24.9261923, 0.0280308, , , , , , , 24.9261923, -0.0485084, , , , , , , 24.9261923, -0.0129244, , , , , , , 24.9261923, -0.0194705, , , , , , , , , , , , , , , , , , , , , , , , , , , , 
24.9267115, 0.0256809, , , , , , , 24.9267115, -0.1038987, , , , , , , 24.9267115, -0.0135958, , , , , , , 24.9267115, -0.0203098, , , , , , , , , , , , , , , , , , , , , , , , , , , , 
24.9272308, 0.0251774, , , , , , , 24.9272308, -0.1186694, , , , , , , 24.9272308, -0.0139315, , , , , , , 24.9272308, -0.0243381, , , , , , , , , , , , , , , , , , , , , , , , , , , , 
24.92775, 0.0365911, , , , , , , 24.92775, -0.0652934, , , , , , , 24.92775, -0.0152743, , , , , , , 24.92775, -0.0303807, , , , , , , , , , , , , , , , , , , , , , , , , , , , 
24.9282692, 0.0542153, , , , , , , 24.9282692, 0.0005035, , , , , , , 24.9282692, -0.0152743, , , , , , , 24.9282692, -0.035584, , , , , , , , , , , , , , , , , , , , , , , , , , , , 
24.9287885, 0.0652934, , , , , , , 24.9287885, 0.0287022, , , , , , , 24.9287885, -0.0130922, , , , , , , 24.9287885, -0.0384375, , , , , , , , , , , , , , , , , , , , , , , , , , , , 
24.9293077, 0.0651255, , , , , , , 24.9293077, 0.0280308, , , , , , , 24.9293077, -0.0132601, , , , , , , 24.9293077, -0.0381018, , , , , , , , , , , , , , , , , , , , , , , , , , , , 
24.9298269, 0.0656291, , , , , , , 24.9298269, 0.0280308, , , , , , , 24.9298269, -0.0152743, , , , , , , 24.9298269, -0.0350805, , , , , , , , , , , , , , , , , , , , , , , , , , , , 
24.9303462, 0.064622, , , , , , , 24.9303462, 0.0340734, , , , , , , 24.9303462, -0.0132601, , , , , , , 24.9303462, -0.033402, , , , , , , , , , , , , , , , , , , , , , , , , , , , 
24.9308654, 0.0626078, , , , , , , 24.9308654, 0.0229953, , , , , , , 24.9308654, -0.0099031, , , , , , , 24.9308654, -0.0307164, , , , , , , , , , , , , , , , , , , , , , , , , , , , 
24.9313846, 0.0518654, , , , , , , 24.9313846, -0.005539, , , , , , , 24.9313846, -0.0095674, , , , , , , 24.9313846, -0.0226596, , , , , , , , , , , , , , , , , , , , , , , , , , , , 
24.9319038, 0.0332341, , , , , , , 24.9319038, -0.0041962, , , , , , , 24.9319038, -0.0119173, , , , , , , 24.9319038, -0.0125887, , , , , , , , , , , , , , , , , , , , , , , , , , , , 
24.9324231, 0.0209812, , , , , , , 24.9324231, 0.0513619, , , , , , , 24.9324231, -0.0125887, , , , , , , 24.9324231, -0.0035248, , , , , , , , , , , , , , , , , , , , , , , , , , , , 
24.9329423, 0.0172885, , , , , , , 24.9329423, 0.1408255, , , , , , , 24.9329423, -0.012253, , , , , , , 24.9329423, 0.0018463, , , , , , , , , , , , , , , , , , , , , , , , , , , , 
24.9334615, 0.0085603, , , , , , , 24.9334615, 0.199237, , , , , , , 24.9334615, -0.0119173, , , , , , , 24.9334615, 0.0068818, , , , , , , , , , , , , , , , , , , , , , , , , , , , 
24.9339808, -0.008896, , , , , , , 24.9339808, 0.1665064, , , , , , , 24.9339808, -0.0125887, , , , , , , 24.9339808, 0.0119173, , , , , , , , , , , , , , , , , , , , , , , , , , , , 
24.9345, -0.0243381, , , , , , , 24.9345, 0.0669718, , , , , , , 24.9345, -0.0124208, , , , , , , 24.9345, 0.0146029, , , , , , , , , , , , , , , , , , , , , , , , , , , , 
24.9350192, -0.0394446, , , , , , , 24.9350192, -0.0344091, , , , , , , 24.9350192, -0.0130922, , , , , , , 24.9350192, 0.0179599, , , , , , , , , , , , , , , , , , , , , , , , , , , , 
24.9355385, -0.0525368, , , , , , , 24.9355385, -0.0896315, , , , , , , 24.9355385, -0.012253, , , , , , , 24.9355385, 0.0229953, , , , , , , , , , , , , , , , , , , , , , , , , , , , 
24.9360577, -0.0565652, , , , , , , 24.9360577, -0.096849, , , , , , , 24.9360577, -0.0095674, , , , , , , 24.9360577, 0.0280308, , , , , , , , , , , , , , , , , , , , , , , , , , , , 
24.9365769, -0.0555581, , , , , , , 24.9365769, -0.0773785, , , , , , , 24.9365769, -0.006714, , , , , , , 24.9365769, 0.0313878, , , , , , , , , , , , , , , , , , , , , , , , , , , , 
24.9370962, -0.0498512, , , , , , , 24.9370962, -0.0647898, , , , , , , 24.9370962, -0.0057069, , , , , , , 24.9370962, 0.0310521, , , , , , , , , , , , , , , , , , , , , , , , , , , , 
24.9376154, -0.0397803, , , , , , , 24.9376154, -0.0622721, , , , , , , 24.9376154, -0.0065461, , , , , , , 24.9376154, 0.0275273, , , , , , , , , , , , , , , , , , , , , , , , , , , , 
24.9381346, -0.0287022, , , , , , , 24.9381346, -0.0532082, , , , , , , 24.9381346, -0.0072175, , , , , , , 24.9381346, 0.0226596, , , , , , , , , , , , , , , , , , , , , , , , , , , , 
24.9386538, -0.0246738, , , , , , , 24.9386538, -0.0364233, , , , , , , 24.9386538, -0.005539, , , , , , , 24.9386538, 0.0199741, , , , , , , , , , , , , , , , , , , , , , , , , , , , 
24.9391731, -0.0209812, , , , , , , 24.9391731, -0.0196384, , , , , , , 24.9391731, -0.0035248, , , , , , , 24.9391731, 0.0179599, , , , , , , , , , , , , , , , , , , , , , , , , , , , 
24.9396923, -0.0127565, , , , , , , 24.9396923, -0.0068818, , , , , , , 24.9396923, -0.0035248, , , , , , , 24.9396923, 0.0159457, , , , , , , , , , , , , , , , , , , , , , , , , , , , 
24.9402115, -0.002182, , , , , , , 24.9402115, 0.0058747, , , , , , , 24.9402115, -0.0031891, , , , , , , 24.9402115, 0.0132601, , , , , , , , , , , , , , , , , , , , , , , , , , , , 
24.9407308, 0.0092317, , , , , , , 24.9407308, 0.0216526, , , , , , , 24.9407308, -0.003357, , , , , , , 24.9407308, 0.0119173, , , , , , , , , , , , , , , , , , , , , , , , , , , , 
24.94125, 0.0176242, , , , , , , 24.94125, 0.0414588, , , , , , , 24.94125, -0.0045319, , , , , , , 24.94125, 0.0119173, , , , , , , , , , , , , , , , , , , , , , , , , , , , 
24.9417692, 0.0223239, , , , , , , 24.9417692, 0.0656291, , , , , , , 24.9417692, -0.0057069, , , , , , , 24.9417692, 0.0119173, , , , , , , , , , , , , , , , , , , , , , , , , , , , 
24.9422885, 0.0246738, , , , , , , 24.9422885, 0.0849317, , , , , , , 24.9422885, -0.0043641, , , , , , , 24.9422885, 0.0073854, , , , , , , , , , , , , , , , , , , , , , , , , , , , 
24.9428077, 0.0226596, , , , , , , 24.9428077, 0.0948348, , , , , , , 24.9428077, -0.0041962, , , , , , , 24.9428077, 0.0041962, , , , , , , , , , , , , , , , , , , , , , , , , , , , 
24.9433269, 0.0206455, , , , , , , 24.9433269, 0.0803998, , , , , , , 24.9433269, -0.0070497, , , , , , , 24.9433269, 0.0058747, , , , , , , , , , , , , , , , , , , , , , , , , , , , 
24.9438462, 0.0223239, , , , , , , 24.9438462, 0.0475013, , , , , , , 24.9438462, -0.0090639, , , , , , , 24.9438462, 0.0072175, , , , , , , , , , , , , , , , , , , , , , , , , , , , 
24.9443654, 0.0223239, , , , , , , 24.9443654, 0.0240024, , , , , , , 24.9443654, -0.0082246, , , , , , , 24.9443654, 0.0099031, , , , , , , , , , , , , , , , , , , , , , , , , , , , 
24.9448846, 0.0172885, , , , , , , 24.9448846, 0.0179599, , , , , , , 24.9448846, -0.0068818, , , , , , , 24.9448846, 0.0129244, , , , , , , , , , , , , , , , , , , , , , , , , , , , 
24.9454038, 0.0112459, , , , , , , 24.9454038, 0.0354162, , , , , , , 24.9454038, -0.008896, , , , , , , 24.9454038, 0.0157778, , , , , , , , , , , , , , , , , , , , , , , , , , , , 
24.9459231, 0.0109102, , , , , , , 24.9459231, 0.0636149, , , , , , , 24.9459231, -0.008896, , , , , , , 24.9459231, 0.0176242, , , , , , , , , , , , , , , , , , , , , , , , , , , , 
24.9464423, 0.0114137, , , , , , , 24.9464423, 0.0669718, , , , , , , 24.9464423, -0.0102388, , , , , , , 24.9464423, 0.0162814, , , , , , , , , , , , , , , , , , , , , , , , , , , , 
24.9469615, 0.01561, , , , , , , 24.9469615, 0.0582437, , , , , , , 24.9469615, -0.0129244, , , , , , , 24.9469615, 0.0130922, , , , , , , , , , , , , , , , , , , , , , , , , , , , 
24.9474808, 0.0253452, , , , , , , 24.9474808, 0.0726787, , , , , , , 24.9474808, -0.0142672, , , , , , , 24.9474808, 0.0058747, , , , , , , , , , , , , , , , , , , , , , , , , , , , 
24.948, 0.0387732, , , , , , , 24.948, 0.096849, , , , , , , 24.948, -0.0142672, , , , , , , 24.948, -0.0028534, , , , , , , , , , , , , , , , , , , , , , , , , , , , 
24.9485192, 0.0485084, , , , , , , 24.9485192, 0.1059129, , , , , , , 24.9485192, -0.0129244, , , , , , , 24.9485192, -0.008896, , , , , , , , , , , , , , , , , , , , , , , , , , , , 
24.9490385, 0.0582437, , , , , , , 24.9490385, 0.0995346, , , , , , , 24.9490385, -0.0132601, , , , , , , 24.9490385, -0.0109102, , , , , , , , , , , , , , , , , , , , , , , , , , , , 
24.9495577, 0.066804, , , , , , , 24.9495577, 0.0740215, , , , , , , 24.9495577, -0.0149386, , , , , , , 24.9495577, -0.0139315, , , , , , , , , , , , , , , , , , , , , , , , , , , , 
24.9500769, 0.0686503, , , , , , , 24.9500769, 0.0203098, , , , , , , 24.9500769, -0.0164492, , , , , , , 24.9500769, -0.0171206, , , , , , , , , , , , , , , , , , , , , , , , , , , , 
24.9505962, 0.064622, , , , , , , 24.9505962, -0.061265, , , , , , , 24.9505962, -0.018967, , , , , , , 24.9505962, -0.0179599, , , , , , , , , , , , , , , , , , , , , , , , , , , , 
24.9511154, 0.0582437, , , , , , , 24.9511154, -0.1284047, , , , , , , 24.9511154, -0.0186313, , , , , , , 24.9511154, -0.0129244, , , , , , , , , , , , , , , , , , , , , , , , , , , , 
24.9516346, 0.0475013, , , , , , , 24.9516346, -0.1428397, , , , , , , 24.9516346, -0.0166171, , , , , , , 24.9516346, -0.0062104, , , , , , , , , , , , , , , , , , , , , , , , , , , , 
24.9521538, 0.0397803, , , , , , , 24.9521538, -0.1273976, , , , , , , 24.9521538, -0.01561, , , , , , , 24.9521538, -0.0003357, , , , , , , , , , , , , , , , , , , , , , , , , , , , 
24.9526731, 0.0327306, , , , , , , 24.9526731, -0.1122911, , , , , , , 24.9526731, -0.0137636, , , , , , , 24.9526731, 0.0041962, , , , , , , , , , , , , , , , , , , , , , , , , , , , 
24.9531923, 0.0199741, , , , , , , 24.9531923, -0.0973526, , , , , , , 24.9531923, -0.0095674, , , , , , , 24.9531923, 0.0104067, , , , , , , , , , , , , , , , , , , , , , , , , , , , 
24.9537115, 0.0078889, , , , , , , 24.9537115, -0.0834211, , , , , , , 24.9537115, -0.005539, , , , , , , 24.9537115, 0.018967, , , , , , , , , , , , , , , , , , , , , , , , , , , , 
24.9542308, -0.0011749, , , , , , , 24.9542308, -0.0699931, , , , , , , 24.9542308, -0.0030213, , , , , , , 24.9542308, 0.0280308, , , , , , , , , , , , , , , , , , , , , , , , , , , , 
24.95475, -0.0119173, , , , , , , 24.95475, -0.0485084, , , , , , , 24.95475, -0.0011749, , , , , , , 24.95475, 0.0360876, , , , , , , , , , , , , , , , , , , , , , , , , , , , 
24.9552692, -0.0223239, , , , , , , 24.9552692, -0.0186313, , , , , , , 24.9552692, 0.0011749, , , , , , , 24.9552692, 0.0438087, , , , , , , , , , , , , , , , , , , , , , , , , , , , 
24.9557885, -0.0313878, , , , , , , 24.9557885, 0.010071, , , , , , , 24.9557885, 0.003357, , , , , , , 24.9557885, 0.0485084, , , , , , , , , , , , , , , , , , , , , , , , , , , , 
24.9563077, -0.0481727, , , , , , , 24.9563077, 0.0129244, , , , , , , 24.9563077, 0.0058747, , , , , , , 24.9563077, 0.0532082, , , , , , , , , , , , , , , , , , , , , , , , , , , , 
24.9568269, -0.0642863, , , , , , , 24.9568269, -0.008896, , , , , , , 24.9568269, 0.0078889, , , , , , , 24.9568269, 0.0565652, , , , , , , , , , , , , , , , , , , , , , , , , , , , 
24.9573462, -0.0654612, , , , , , , 24.9573462, -0.0256809, , , , , , , 24.9573462, 0.0090639, , , , , , , 24.9573462, 0.0557259, , , , , , , , , , , , , , , , , , , , , , , , , , , , 
24.9578654, -0.0530404, , , , , , , 24.9578654, -0.0313878, , , , , , , 24.9578654, 0.0078889, , , , , , , 24.9578654, 0.0495155, , , , , , , , , , , , , , , , , , , , , , , , , , , , 
24.9583846, -0.0411231, , , , , , , 24.9583846, -0.0411231, , , , , , , 24.9583846, 0.0078889, , , , , , , 24.9583846, 0.0431373, , , , , , , , , , , , , , , , , , , , , , , , , , , , 
24.9589038, -0.0344091, , , , , , , 24.9589038, -0.0515297, , , , , , , 24.9589038, 0.0072175, , , , , , , 24.9589038, 0.0386053, , , , , , , , , , , , , , , , , , , , , , , , , , , , 
24.9594231, -0.0271916, , , , , , , 24.9594231, -0.0488441, , , , , , , 24.9594231, 0.0065461, , , , , , , 24.9594231, 0.033402, , , , , , , , , , , , , , , , , , , , , , , , , , , , 
24.9599423, -0.0179599, , , , , , , 24.9599423, -0.0330663, , , , , , , 24.9599423, 0.0072175, , , , , , , 24.9599423, 0.0303807, , , , , , , , , , , , , , , , , , , , , , , , , , , , 
24.9604615, -0.0090639, , , , , , , 24.9604615, -0.0176242, , , , , , , 24.9604615, 0.0068818, , , , , , , 24.9604615, 0.0285344, , , , , , , , , , , , , , , , , , , , , , , , , , , , 
24.9609808, -0.0031891, , , , , , , 24.9609808, -0.0082246, , , , , , , 24.9609808, 0.0052033, , , , , , , 24.9609808, 0.0240024, , , , , , , , , , , , , , , , , , , , , , , , , , , , 
24.9615, 0.0030213, , , , , , , 24.9615, -0.0028534, , , , , , , 24.9615, 0.0031891, , , , , , , 24.9615, 0.0226596, , , , , , , , , , , , , , , , , , , , , , , , , , , , 
24.9620192, 0.0072175, , , , , , , 24.9620192, -0.0008392, , , , , , , 24.9620192, 0.002182, , , , , , , 24.9620192, 0.0206455, , , , , , , , , , , , , , , , , , , , , , , , , , , , 
24.9625385, 0.0139315, , , , , , , 24.9625385, 0.0025177, , , , , , , 24.9625385, 0.0025177, , , , , , , 24.9625385, 0.018967, , , , , , , , , , , , , , , , , , , , , , , , , , , , 
24.9630577, 0.0243381, , , , , , , 24.9630577, 0.0132601, , , , , , , 24.9630577, 0.0025177, , , , , , , 24.9630577, 0.0149386, , , , , , , , , , , , , , , , , , , , , , , , , , , , 
24.9635769, 0.0293736, , , , , , , 24.9635769, 0.0193027, , , , , , , 24.9635769, 0.0038605, , , , , , , 24.9635769, 0.0105745, , , , , , , , , , , , , , , , , , , , , , , , , , , , 
24.9640962, 0.0263523, , , , , , , 24.9640962, 0.0260166, , , , , , , 24.9640962, -0.0008392, , , , , , , 24.9640962, 0.008896, , , , , , , , , , , , , , , , , , , , , , , , , , , , 
24.9646154, 0.0224918, , , , , , , 24.9646154, 0.0498512, , , , , , , 24.9646154, -0.0104067, , , , , , , 24.9646154, 0.0092317, , , , , , , , , , , , , , , , , , , , , , , , , , , , 
24.9651346, 0.0234989, , , , , , , 24.9651346, 0.0924849, , , , , , , 24.9651346, -0.0172885, , , , , , , 24.9651346, 0.0099031, , , , , , , , , , , , , , , , , , , , , , , , , , , , 
24.9656538, 0.0276951, , , , , , , 24.9656538, 0.1270619, , , , , , , 24.9656538, -0.0206455, , , , , , , 24.9656538, 0.0104067, , , , , , , , , , , , , , , , , , , , , , , , , , , , 
24.9661731, 0.0287022, , , , , , , 24.9661731, 0.1166552, , , , , , , 24.9661731, -0.0229953, , , , , , , 24.9661731, 0.0085603, , , , , , , , , , , , , , , , , , , , , , , , , , , , 
24.9666923, 0.0285344, , , , , , , 24.9666923, 0.1008774, , , , , , , 24.9666923, -0.0243381, , , , , , , 24.9666923, 0.0052033, , , , , , , , , , , , , , , , , , , , , , , , , , , , 
24.9672115, 0.0381018, , , , , , , 24.9672115, 0.0970169, , , , , , , 24.9672115, -0.0236667, , , , , , , 24.9672115, 0.0011749, , , , , , , , , , , , , , , , , , , , , , , , , , , , 
24.9677308, 0.0535439, , , , , , , 24.9677308, 0.0431373, , , , , , , 24.9677308, -0.0229953, , , , , , , 24.9677308, -0.0062104, , , , , , , , , , , , , , , , , , , , , , , , , , , , 
24.96825, 0.0627756, , , , , , , 24.96825, -0.0592508, , , , , , , 24.96825, -0.0236667, , , , , , , 24.96825, -0.0125887, , , , , , , , , , , , , , , , , , , , , , , , , , , , 
24.9687692, 0.0688182, , , , , , , 24.9687692, -0.1384756, , , , , , , 24.9687692, -0.0229953, , , , , , , 24.9687692, -0.0146029, , , , , , , , , , , , , , , , , , , , , , , , , , , , 
24.9692885, 0.0810712, , , , , , , 24.9692885, -0.1359579, , , , , , , 24.9692885, -0.0216526, , , , , , , 24.9692885, -0.0159457, , , , , , , , , , , , , , , , , , , , , , , , , , , , 
24.9698077, 0.0864424, , , , , , , 24.9698077, -0.0706645, , , , , , , 24.9698077, -0.0216526, , , , , , , 24.9698077, -0.0164492, , , , , , , , , , , , , , , , , , , , , , , , , , , , 
24.9703269, 0.0856031, , , , , , , 24.9703269, -0.0216526, , , , , , , 24.9703269, -0.0203098, , , , , , , 24.9703269, -0.0152743, , , , , , , , , , , , , , , , , , , , , , , , , , , , 
24.9708462, 0.0817426, , , , , , , 24.9708462, -0.012253, , , , , , , 24.9708462, -0.01561, , , , , , , 24.9708462, -0.0102388, , , , , , , , , , , , , , , , , , , , , , , , , , , , 
24.9713654, 0.0763714, , , , , , , 24.9713654, 0.005539, , , , , , , 24.9713654, -0.0105745, , , , , , , 24.9713654, -0.0038605, , , , , , , , , , , , , , , , , , , , , , , , , , , , 
24.9718846, 0.0683146, , , , , , , 24.9718846, 0.0171206, , , , , , , 24.9718846, -0.0085603, , , , , , , 24.9718846, 0.0011749, , , , , , , , , , , , , , , , , , , , , , , , , , , , 
24.9724038, 0.0609293, , , , , , , 24.9724038, -0.0260166, , , , , , , 24.9724038, -0.0082246, , , , , , , 24.9724038, 0.0035248, , , , , , , , , , , , , , , , , , , , , , , , , , , , 
24.9729231, 0.0562295, , , , , , , 24.9729231, -0.0693217, , , , , , , 24.9729231, -0.0092317, , , , , , , 24.9729231, 0.0065461, , , , , , , , , , , , , , , , , , , , , , , , , , , , 
24.9734423, 0.0508583, , , , , , , 24.9734423, -0.0414588, , , , , , , 24.9734423, -0.01561, , , , , , , 24.9734423, 0.0092317, , , , , , , , , , , , , , , , , , , , , , , , , , , , 
24.9739615, 0.0387732, , , , , , , 24.9739615, 0.0115816, , , , , , , 24.9739615, -0.023331, , , , , , , 24.9739615, 0.0119173, , , , , , , , , , , , , , , , , , , , , , , , , , , , 
24.9744808, 0.0223239, , , , , , , 24.9744808, 0.0162814, , , , , , , 24.9744808, -0.024506, , , , , , , 24.9744808, 0.0152743, , , , , , , , , , , , , , , , , , , , , , , , , , , , 
24.975, 0.002182, , , , , , , 24.975, -0.0005035, , , , , , , 24.975, -0.0226596, , , , , , , 24.975, 0.0193027, , , , , , , , , , , , , , , , , , , , , , , , , , , , 
24.9755192, -0.0182956, , , , , , , 24.9755192, 0.0199741, , , , , , , 24.9755192, -0.0213169, , , , , , , 24.9755192, 0.0229953, , , , , , , , , , , , , , , , , , , , , , , , , , , , 
24.9760385, -0.0315557, , , , , , , 24.9760385, 0.0481727, , , , , , , 24.9760385, -0.0196384, , , , , , , 24.9760385, 0.026688, , , , , , , , , , , , , , , , , , , , , , , , , , , , 
24.9765577, -0.0350805, , , , , , , 24.9765577, 0.033402, , , , , , , 24.9765577, -0.0204776, , , , , , , 24.9765577, 0.0293736, , , , , , , , , , , , , , , , , , , , , , , , , , , , 
24.9770769, -0.0273594, , , , , , , 24.9770769, -0.0097353, , , , , , , 24.9770769, -0.0198062, , , , , , , 24.9770769, 0.0323949, , , , , , , , , , , , , , , , , , , , , , , , , , , , 
24.9775962, -0.0075532, , , , , , , 24.9775962, -0.0280308, , , , , , , 24.9775962, -0.0169528, , , , , , , 24.9775962, 0.0325628, , , , , , , , , , , , , , , , , , , , , , , , , , , , 
24.9781154, 0.0142672, , , , , , , 24.9781154, -0.0323949, , , , , , , 24.9781154, -0.0157778, , , , , , , 24.9781154, 0.0297093, , , , , , , , , , , , , , , , , , , , , , , , , , , , 
24.9786346, 0.0240024, , , , , , , 24.9786346, -0.0921492, , , , , , , 24.9786346, -0.018967, , , , , , , 24.9786346, 0.0253452, , , , , , , , , , , , , , , , , , , , , , , , , , , , 
24.9791538, 0.0240024, , , , , , , 24.9791538, -0.1693599, , , , , , , 24.9791538, -0.021149, , , , , , , 24.9791538, 0.0246738, , , , , , , , , , , , , , , , , , , , , , , , , , , , 
24.9796731, 0.0199741, , , , , , , 24.9796731, -0.1707027, , , , , , , 24.9796731, -0.0204776, , , , , , , 24.9796731, 0.0260166, , , , , , , , , , , , , , , , , , , , , , , , , , , , 
24.9801923, 0.0146029, , , , , , , 24.9801923, -0.1092699, , , , , , , 24.9801923, -0.0182956, , , , , , , 24.9801923, 0.0240024, , , , , , , , , , , , , , , , , , , , , , , , , , , , 
24.9807115, 0.0068818, , , , , , , 24.9807115, -0.0555581, , , , , , , 24.9807115, -0.01561, , , , , , , 24.9807115, 0.0213169, , , , , , , , , , , , , , , , , , , , , , , , , , , , 
24.9812308, 0.0025177, , , , , , , 24.9812308, -0.0283665, , , , , , , 24.9812308, -0.0119173, , , , , , , 24.9812308, 0.0203098, , , , , , , , , , , , , , , , , , , , , , , , , , , , 
24.98175, 0.0025177, , , , , , , 24.98175, -0.0090639, , , , , , , 24.98175, -0.0075532, , , , , , , 24.98175, 0.0193027, , , , , , , , , , , , , , , , , , , , , , , , , , , , 
24.9822692, 0.0040284, , , , , , , 24.9822692, 0.0186313, , , , , , , 24.9822692, -0.0058747, , , , , , , 24.9822692, 0.0193027, , , , , , , , , , , , , , , , , , , , , , , , , , , , 
24.9827885, 0.0072175, , , , , , , 24.9827885, 0.0471656, , , , , , , 24.9827885, -0.0057069, , , , , , , 24.9827885, 0.0206455, , , , , , , , , , , , , , , , , , , , , , , , , , , , 
24.9833077, 0.0070497, , , , , , , 24.9833077, 0.0491798, , , , , , , 24.9833077, -0.0045319, , , , , , , 24.9833077, 0.0216526, , , , , , , , , , , , , , , , , , , , , , , , , , , , 
24.9838269, 0.0045319, , , , , , , 24.9838269, 0.033402, , , , , , , 24.9838269, -0.002182, , , , , , , 24.9838269, 0.0206455, , , , , , , , , , , , , , , , , , , , , , , , , , , , 
24.9843462, 0.0052033, , , , , , , 24.9843462, 0.0441444, , , , , , , 24.9843462, -0.0001678, , , , , , , 24.9843462, 0.0199741, , , , , , , , , , , , , , , , , , , , , , , , , , , , 
24.9848654, 0.0057069, , , , , , , 24.9848654, 0.0834211, , , , , , , 24.9848654, 0.0015106, , , , , , , 24.9848654, 0.0182956, , , , , , , , , , , , , , , , , , , , , , , , , , , , 
24.9853846, 0.0065461, , , , , , , 24.9853846, 0.1205158, , , , , , , 24.9853846, 0.0031891, , , , , , , 24.9853846, 0.0149386, , , , , , , , , , , , , , , , , , , , , , , , , , , , 
24.9859038, 0.0152743, , , , , , , 24.9859038, 0.128069, , , , , , , 24.9859038, 0.0048676, , , , , , , 24.9859038, 0.0109102, , , , , , , , , , , , , , , , , , , , , , , , , , , , 
24.9864231, 0.0253452, , , , , , , 24.9864231, 0.0918135, , , , , , , 24.9864231, 0.0052033, , , , , , , 24.9864231, 0.0052033, , , , , , , , , , , , , , , , , , , , , , , , , , , , 
24.9869423, 0.0357519, , , , , , , 24.9869423, 0.0238346, , , , , , , 24.9869423, 0.0068818, , , , , , , 24.9869423, -0.0065461, , , , , , , , , , , , , , , , , , , , , , , , , , , , 
24.9874615, 0.0451514, , , , , , , 24.9874615, -0.012253, , , , , , , 24.9874615, 0.0082246, , , , , , , 24.9874615, -0.0193027, , , , , , , , , , , , , , , , , , , , , , , , , , , , 
24.9879808, 0.0475013, , , , , , , 24.9879808, 0.0015106, , , , , , , 24.9879808, 0.0065461, , , , , , , 24.9879808, -0.0287022, , , , , , , , , , , , , , , , , , , , , , , , , , , , 
24.9885, 0.0461585, , , , , , , 24.9885, 0.018967, , , , , , , 24.9885, 0.0038605, , , , , , , 24.9885, -0.0310521, , , , , , , , , , , , , , , , , , , , , , , , , , , , 
24.9890192, 0.0454871, , , , , , , 24.9890192, 0.0072175, , , , , , , 24.9890192, 0.0041962, , , , , , , 24.9890192, -0.0290379, , , , , , , , , , , , , , , , , , , , , , , , , , , , 
24.9895385, 0.0495155, , , , , , , 24.9895385, -0.0448157, , , , , , , 24.9895385, 0.0048676, , , , , , , 24.9895385, -0.0258488, , , , , , , , , , , , , , , , , , , , , , , , , , , , 
24.9900577, 0.0481727, , , , , , , 24.9900577, -0.1173266, , , , , , , 24.9900577, 0.0031891, , , , , , , 24.9900577, -0.0213169, , , , , , , , , , , , , , , , , , , , , , , , , , , , 
24.9905769, 0.0407874, , , , , , , 24.9905769, -0.1733883, , , , , , , 24.9905769, 0.0008392, , , , , , , 24.9905769, -0.012253, , , , , , , , , , , , , , , , , , , , , , , , , , , , 
24.9910962, 0.0323949, , , , , , , 24.9910962, -0.1908446, , , , , , , 24.9910962, -0.0011749, , , , , , , 24.9910962, 0.0003357, , , , , , , , , , , , , , , , , , , , , , , , , , , , 
24.9916154, 0.0206455, , , , , , , 24.9916154, -0.197055, , , , , , , 24.9916154, -0.0025177, , , , , , , 24.9916154, 0.0132601, , , , , , , , , , , , , , , , , , , , , , , , , , , , 
24.9921346, 0.0130922, , , , , , , 24.9921346, -0.1876555, , , , , , , 24.9921346, -0.002182, , , , , , , 24.9921346, 0.0240024, , , , , , , , , , , , , , , , , , , , , , , , , , , , 
24.9926538, 0.011078, , , , , , , 24.9926538, -0.1367971, , , , , , , 24.9926538, -0.0005035, , , , , , , 24.9926538, 0.0310521, , , , , , , , , , , , , , , , , , , , , , , , , , , , 
24.9931731, 0.0035248, , , , , , , 24.9931731, -0.0958419, , , , , , , 24.9931731, 0.0008392, , , , , , , 24.9931731, 0.0394446, , , , , , , , , , , , , , , , , , , , , , , , , , , , 
24.9936923, -0.0142672, , , , , , , 24.9936923, -0.1015488, , , , , , , 24.9936923, 0.0026856, , , , , , , 24.9936923, 0.0480049, , , , , , , , , , , , , , , , , , , , , , , , , , , , 
24.9942115, -0.0283665, , , , , , , 24.9942115, -0.0746929, , , , , , , 24.9942115, 0.0031891, , , , , , , 24.9942115, 0.0542153, , , , , , , , , , , , , , , , , , , , , , , , , , , , 
24.9947308, -0.0292058, , , , , , , 24.9947308, 0.0256809, , , , , , , 24.9947308, 0.0023499, , , , , , , 24.9947308, 0.0589151, , , , , , , , , , , , , , , , , , , , , , , , , , , , 
24.99525, -0.0290379, , , , , , , 24.99525, 0.1012131, , , , , , , 24.99525, 0.0016785, , , , , , , 24.99525, 0.0649577, , , , , , , , , , , , , , , , , , , , , , , , , , , , 
24.9957692, -0.0379339, , , , , , , 24.9957692, 0.1079271, , , , , , , 24.9957692, -0.0001678, , , , , , , 24.9957692, 0.0683146, , , , , , , , , , , , , , , , , , , , , , , , , , , , 
24.9962885, -0.0480049, , , , , , , 24.9962885, 0.0830854, , , , , , , 24.9962885, -0.0001678, , , , , , , 24.9962885, 0.0652934, , , , , , , , , , , , , , , , , , , , , , , , , , , , 
24.9968077, -0.0592508, , , , , , , 24.9968077, 0.0501869, , , , , , , 24.9968077, 0.0006714, , , , , , , 24.9968077, 0.0565652, , , , , , , , , , , , , , , , , , , , , , , , , , , , 
24.9973269, -0.0589151, , , , , , , 24.9973269, 0.0085603, , , , , , , 24.9973269, -0.0001678, , , , , , , 24.9973269, 0.0468299, , , , , , , , , , , , , , , , , , , , , , , , , , , , 
24.9978462, -0.0480049, , , , , , , 24.9978462, -0.0283665, , , , , , , 24.9978462, -0.0041962, , , , , , , 24.9978462, 0.0387732, , , , , , , , , , , , , , , , , , , , , , , , , , , , 
24.9983654, -0.0384375, , , , , , , 24.9983654, -0.0330663, , , , , , , 24.9983654, -0.0068818, , , , , , , 24.9983654, 0.0298772, , , , , , , , , , , , , , , , , , , , , , , , , , , , 
24.9988846, -0.0320592, , , , , , , 24.9988846, -0.0273594, , , , , , , 24.9988846, -0.0063783, , , , , , , 24.9988846, 0.0193027, , , , , , , , , , , , , , , , , , , , , , , , , , , , 
24.9994038, -0.0270237, , , , , , , 24.9994038, -0.0253452, , , , , , , 24.9994038, -0.0068818, , , , , , , 24.9994038, 0.0125887, , , , , , , , , , , , , , , , , , , , , , , , , , , , 
24.9999231, -0.0216526, , , , , , , 24.9999231, -0.0219883, , , , , , , 24.9999231, -0.0085603, , , , , , , 24.9999231, 0.0085603, , , , , , , , , , , , , , , , , , , , , , , , , , , , 
25.0004423, -0.01561, , , , , , , 25.0004423, -0.0260166, , , , , , , 25.0004423, -0.0072175, , , , , , , 25.0004423, 0.0057069, , , , , , , , , , , , , , , , , , , , , , , , , , , , 
25.0009615, -0.0068818, , , , , , , 25.0009615, -0.0270237, , , , , , , 25.0009615, -0.0065461, , , , , , , 25.0009615, 0.0045319, , , , , , , , , , , , , , , , , , , , , , , , , , , , 
25.0014808, -0.002182, , , , , , , 25.0014808, 0.0025177, , , , , , , 25.0014808, -0.0068818, , , , , , , 25.0014808, 0.0048676, , , , , , , , , , , , , , , , , , , , , , , , , , , , 
25.002, 0.0008392, , , , , , , 25.002, 0.0417945, , , , , , , 25.002, -0.0062104, , , , , , , 25.002, 0.0052033, , , , , , , , , , , , , , , , , , , , , , , , , , , , 
25.0025192, 0.0078889, , , , , , , 25.0025192, 0.0515297, , , , , , , 25.0025192, -0.0075532, , , , , , , 25.0025192, 0.0030213, , , , , , , , , , , , , , , , , , , , , , , , , , , , 
25.0030385, 0.0125887, , , , , , , 25.0030385, 0.0250095, , , , , , , 25.0030385, -0.0095674, , , , , , , 25.0030385, -0.0008392, , , , , , , , , , , , , , , , , , , , , , , , , , , , 
25.0035577, 0.0139315, , , , , , , 25.0035577, -0.0048676, , , , , , , 25.0035577, -0.0092317, , , , , , , 25.0035577, -0.0025177, , , , , , , , , , , , , , , , , , , , , , , , , , , , 
25.0040769, 0.0125887, , , , , , , 25.0040769, -0.0149386, , , , , , , 25.0040769, -0.003357, , , , , , , 25.0040769, -0.0048676, , , , , , , , , , , , , , , , , , , , , , , , , , , , 
25.0045962, 0.0112459, , , , , , , 25.0045962, -0.0028534, , , , , , , 25.0045962, 0.0057069, , , , , , , 25.0045962, -0.0058747, , , , , , , , , , , , , , , , , , , , , , , , , , , , 
25.0051154, 0.0152743, , , , , , , 25.0051154, 0.018967, , , , , , , 25.0051154, 0.0137636, , , , , , , 25.0051154, -0.0048676, , , , , , , , , , , , , , , , , , , , , , , , , , , , 
25.0056346, 0.0182956, , , , , , , 25.0056346, 0.0303807, , , , , , , 25.0056346, 0.0152743, , , , , , , 25.0056346, -0.0015106, , , , , , , , , , , , , , , , , , , , , , , , , , , , 
25.0061538, 0.0199741, , , , , , , 25.0061538, 0.0290379, , , , , , , 25.0061538, 0.0099031, , , , , , , 25.0061538, 0.0008392, , , , , , , , , , , , , , , , , , , , , , , , , , , , 
25.0066731, 0.0240024, , , , , , , 25.0066731, 0.0253452, , , , , , , 25.0066731, 0.0025177, , , , , , , 25.0066731, 0.0001678, , , , , , , , , , , , , , , , , , , , , , , , , , , , 
25.0071923, 0.0290379, , , , , , , 25.0071923, 0.0219883, , , , , , , 25.0071923, -0.0048676, , , , , , , 25.0071923, -0.0016785, , , , , , , , , , , , , , , , , , , , , , , , , , , , 
25.0077115, 0.033402, , , , , , , 25.0077115, 0.0203098, , , , , , , 25.0077115, -0.0112459, , , , , , , 25.0077115, -0.0075532, , , , , , , , , , , , , , , , , , , , , , , , , , , , 
25.0082308, 0.0391089, , , , , , , 25.0082308, 0.0213169, , , , , , , 25.0082308, -0.0176242, , , , , , , 25.0082308, -0.0135958, , , , , , , , , , , , , , , , , , , , , , , , , , , , 
25.00875, 0.0454871, , , , , , , 25.00875, 0.0250095, , , , , , , 25.00875, -0.0204776, , , , , , , 25.00875, -0.0151064, , , , , , , , , , , , , , , , , , , , , , , , , , , , 
25.0092692, 0.0570687, , , , , , , 25.0092692, 0.0280308, , , , , , , 25.0092692, -0.0209812, , , , , , , 25.0092692, -0.0115816, , , , , , , , , , , , , , , , , , , , , , , , , , , , 
25.0097885, 0.0750286, , , , , , , 25.0097885, 0.0313878, , , , , , , 25.0097885, -0.0193027, , , , , , , 25.0097885, -0.0102388, , , , , , , , , , , , , , , , , , , , , , , , , , , , 
25.0103077, 0.0839246, , , , , , , 25.0103077, 0.0297093, , , , , , , 25.0103077, -0.018967, , , , , , , 25.0103077, -0.008896, , , , , , , , , , , , , , , , , , , , , , , , , , , , 
25.0108269, 0.0803998, , , , , , , 25.0108269, 0.0199741, , , , , , , 25.0108269, -0.0206455, , , , , , , 25.0108269, -0.0036927, , , , , , , , , , , , , , , , , , , , , , , , , , , , 
25.0113462, 0.0693217, , , , , , , 25.0113462, 0.0112459, , , , , , , 25.0113462, -0.0223239, , , , , , , 25.0113462, 0.0005035, , , , , , , , , , , , , , , , , , , , , , , , , , , , 
25.0118654, 0.0542153, , , , , , , 25.0118654, 0.0041962, , , , , , , 25.0118654, -0.023331, , , , , , , 25.0118654, 0.0050355, , , , , , , , , , , , , , , , , , , , , , , , , , , , 
25.0123846, 0.036759, , , , , , , 25.0123846, -0.002182, , , , , , , 25.0123846, -0.0251774, , , , , , , 25.0123846, 0.0092317, , , , , , , , , , , , , , , , , , , , , , , , , , , , 
25.0129038, 0.0179599, , , , , , , 25.0129038, -0.0075532, , , , , , , 25.0129038, -0.0260166, , , , , , , 25.0129038, 0.0139315, , , , , , , , , , , , , , , , , , , , , , , , , , , , 
25.0134231, 0.0023499, , , , , , , 25.0134231, -0.0117494, , , , , , , 25.0134231, -0.0270237, , , , , , , 25.0134231, 0.0206455, , , , , , , , , , , , , , , , , , , , , , , , , , , , 
25.0139423, -0.0068818, , , , , , , 25.0139423, -0.0023499, , , , , , , 25.0139423, -0.0256809, , , , , , , 25.0139423, 0.0292058, , , , , , , , , , , , , , , , , , , , , , , , , , , , 
25.0144615, -0.0102388, , , , , , , 25.0144615, 0.0359197, , , , , , , 25.0144615, -0.024506, , , , , , , 25.0144615, 0.0344091, , , , , , , , , , , , , , , , , , , , , , , , , , , , 
25.0149808, -0.0162814, , , , , , , 25.0149808, 0.072343, , , , , , , 25.0149808, -0.023331, , , , , , , 25.0149808, 0.036759, , , , , , , , , , , , , , , , , , , , , , , , , , , , 
25.0155, -0.0297093, , , , , , , 25.0155, 0.0763714, , , , , , , 25.0155, -0.0229953, , , , , , , 25.0155, 0.0374304, , , , , , , , , , , , , , , , , , , , , , , , , , , , 
25.0160192, -0.0471656, , , , , , , 25.0160192, 0.0595865, , , , , , , 25.0160192, -0.0219883, , , , , , , 25.0160192, 0.0387732, , , , , , , , , , , , , , , , , , , , , , , , , , , , 
25.0165385, -0.0565652, , , , , , , 25.0165385, 0.0505226, , , , , , , 25.0165385, -0.0236667, , , , , , , 25.0165385, 0.0404517, , , , , , , , , , , , , , , , , , , , , , , , , , , , 
25.0170577, -0.0525368, , , , , , , 25.0170577, 0.070161, , , , , , , 25.0170577, -0.024506, , , , , , , 25.0170577, 0.0407874, , , , , , , , , , , , , , , , , , , , , , , , , , , , 
25.0175769, -0.0364233, , , , , , , 25.0175769, 0.1028916, , , , , , , 25.0175769, -0.018967, , , , , , , 25.0175769, 0.0357519, , , , , , , , , , , , , , , , , , , , , , , , , , , , 
25.0180962, -0.0119173, , , , , , , 25.0180962, 0.1163195, , , , , , , 25.0180962, -0.0016785, , , , , , , 25.0180962, 0.0285344, , , , , , , , , , , , , , , , , , , , , , , , , , , , 
25.0186154, 0.0125887, , , , , , , 25.0186154, 0.1089342, , , , , , , 25.0186154, 0.0139315, , , , , , , 25.0186154, 0.0213169, , , , , , , , , , , , , , , , , , , , , , , , , , , , 
25.0191346, 0.0283665, , , , , , , 25.0191346, 0.0995346, , , , , , , 25.0191346, 0.0182956, , , , , , , 25.0191346, 0.0151064, , , , , , , , , , , , , , , , , , , , , , , , , , , , 
25.0196538, 0.0340734, , , , , , , 25.0196538, 0.0896315, , , , , , , 25.0196538, 0.0213169, , , , , , , 25.0196538, 0.0112459, , , , , , , , , , , , , , , , , , , , , , , , , , , , 
25.0201731, 0.0360876, , , , , , , 25.0201731, 0.0703288, , , , , , , 25.0201731, 0.0250095, , , , , , , 25.0201731, 0.0099031, , , , , , , , , , , , , , , , , , , , , , , , , , , , 
25.0206923, 0.0387732, , , , , , , 25.0206923, 0.0198062, , , , , , , 25.0206923, 0.0229953, , , , , , , 25.0206923, 0.0090639, , , , , , , , , , , , , , , , , , , , , , , , , , , , 
25.0212115, 0.0446479, , , , , , , 25.0212115, -0.056733, , , , , , , 25.0212115, 0.0137636, , , , , , , 25.0212115, 0.008896, , , , , , , , , , , , , , , , , , , , , , , , , , , , 
25.0217308, 0.0525368, , , , , , , 25.0217308, -0.0904707, , , , , , , 25.0217308, -0.0016785, , , , , , , 25.0217308, 0.008896, , , , , , , , , , , , , , , , , , , , , , , , , , , , 
25.02225, 0.0683146, , , , , , , 25.02225, -0.0661326, , , , , , , 25.02225, -0.0194705, , , , , , , 25.02225, 0.0045319, , , , , , , , , , , , , , , , , , , , , , , , , , , , 
25.0227692, 0.0753643, , , , , , , 25.0227692, -0.036759, , , , , , , 25.0227692, -0.0357519, , , , , , , 25.0227692, -0.0065461, , , , , , , , , , , , , , , , , , , , , , , , , , , , 
25.0232885, 0.0688182, , , , , , , 25.0232885, -0.0344091, , , , , , , 25.0232885, -0.0466621, , , , , , , 25.0232885, -0.0203098, , , , , , , , , , , , , , , , , , , , , , , , , , , , 
25.0238077, 0.0560616, , , , , , , 25.0238077, -0.0614328, , , , , , , 25.0238077, -0.0495155, , , , , , , 25.0238077, -0.0246738, , , , , , , , , , , , , , , , , , , , , , , , , , , , 
25.0243269, 0.051194, , , , , , , 25.0243269, -0.0931563, , , , , , , 25.0243269, -0.0458228, , , , , , , 25.0243269, -0.0229953, , , , , , , , , , , , , , , , , , , , , , , , , , , , 
25.0248462, 0.0535439, , , , , , , 25.0248462, -0.0914778, , , , , , , 25.0248462, -0.0397803, , , , , , , 25.0248462, -0.021149, , , , , , , , , , , , , , , , , , , , , , , , , , , , 
25.0253654, 0.0558938, , , , , , , 25.0253654, -0.040116, , , , , , , 25.0253654, -0.0320592, , , , , , , 25.0253654, -0.0179599, , , , , , , , , , , , , , , , , , , , , , , , , , , , 
25.0258846, 0.0518654, , , , , , , 25.0258846, 0.0209812, , , , , , , 25.0258846, -0.0240024, , , , , , , 25.0258846, -0.0125887, , , , , , , , , , , , , , , , , , , , , , , , , , , , 
25.0264038, 0.0428016, , , , , , , 25.0264038, 0.0414588, , , , , , , 25.0264038, -0.0164492, , , , , , , 25.0264038, -0.005539, , , , , , , , , , , , , , , , , , , , , , , , , , , , 
25.0269231, 0.0360876, , , , , , , 25.0269231, 0.0099031, , , , , , , 25.0269231, -0.0102388, , , , , , , 25.0269231, 0.0030213, , , , , , , , , , , , , , , , , , , , , , , , , , , , 
25.0274423, 0.0360876, , , , , , , 25.0274423, -0.0458228, , , , , , , 25.0274423, -0.0085603, , , , , , , 25.0274423, 0.0099031, , , , , , , , , , , , , , , , , , , , , , , , , , , , 
25.0279615, 0.0397803, , , , , , , 25.0279615, -0.110277, , , , , , , 25.0279615, -0.0082246, , , , , , , 25.0279615, 0.018967, , , , , , , , , , , , , , , , , , , , , , , , , , , , 
25.0284808, 0.0406195, , , , , , , 25.0284808, -0.1995727, , , , , , , 25.0284808, -0.0058747, , , , , , , 25.0284808, 0.0313878, , , , , , , , , , , , , , , , , , , , , , , , , , , , 
25.029, 0.0359197, , , , , , , 25.029, -0.2902113, , , , , , , 25.029, -0.0001678, , , , , , , 25.029, 0.040116, , , , , , , , , , , , , , , , , , , , , , , , , , , , 
25.0295192, 0.026688, , , , , , , 25.0295192, -0.3420768, , , , , , , 25.0295192, 0.0023499, , , , , , , 25.0295192, 0.0475013, , , , , , , , , , , , , , , , , , , , , , , , , , , , 
25.0300385, 0.0182956, , , , , , , 25.0300385, -0.3321736, , , , , , , 25.0300385, 0.002182, , , , , , , 25.0300385, 0.0520333, , , , , , , , , , , , , , , , , , , , , , , , , , , , 
25.0305577, 0.0125887, , , , , , , 25.0305577, -0.2385138, , , , , , , 25.0305577, 0.0052033, , , , , , , 25.0305577, 0.0538796, , , , , , , , , , , , , , , , , , , , , , , , , , , , 
25.0310769, 0.0025177, , , , , , , 25.0310769, -0.1032273, , , , , , , 25.0310769, 0.0115816, , , , , , , 25.0310769, 0.0575723, , , , , , , , , , , , , , , , , , , , , , , , , , , , 
25.0315962, -0.0085603, , , , , , , 25.0315962, 0.0015106, , , , , , , 25.0315962, 0.0169528, , , , , , , 25.0315962, 0.0592508, , , , , , , , , , , , , , , , , , , , , , , , , , , , 
25.0321154, -0.0179599, , , , , , , 25.0321154, 0.0404517, , , , , , , 25.0321154, 0.0199741, , , , , , , 25.0321154, 0.0535439, , , , , , , , , , , , , , , , , , , , , , , , , , , , 
25.0326346, -0.0253452, , , , , , , 25.0326346, 0.0219883, , , , , , , 25.0326346, 0.0198062, , , , , , , 25.0326346, 0.0414588, , , , , , , , , , , , , , , , , , , , , , , , , , , , 
25.0331538, -0.0307164, , , , , , , 25.0331538, -0.0115816, , , , , , , 25.0331538, 0.0213169, , , , , , , 25.0331538, 0.0303807, , , , , , , , , , , , , , , , , , , , , , , , , , , , 
25.0336731, -0.0354162, , , , , , , 25.0336731, -0.0270237, , , , , , , 25.0336731, 0.0246738, , , , , , , 25.0336731, 0.0263523, , , , , , , , , , , , , , , , , , , , , , , , , , , , 
25.0341923, -0.0441444, , , , , , , 25.0341923, -0.0337377, , , , , , , 25.0341923, 0.0213169, , , , , , , 25.0341923, 0.0293736, , , , , , , , , , , , , , , , , , , , , , , , , , , , 
25.0347115, -0.057908, , , , , , , 25.0347115, -0.0411231, , , , , , , 25.0347115, 0.0125887, , , , , , , 25.0347115, 0.0325628, , , , , , , , , , , , , , , , , , , , , , , , , , , , 
25.0352308, -0.0673075, , , , , , , 25.0352308, -0.0397803, , , , , , , 25.0352308, 0.0065461, , , , , , , 25.0352308, 0.033402, , , , , , , , , , , , , , , , , , , , , , , , , , , , 
25.03575, -0.0642863, , , , , , , 25.03575, -0.0263523, , , , , , , 25.03575, 0.0038605, , , , , , , 25.03575, 0.0313878, , , , , , , , , , , , , , , , , , , , , , , , , , , , 
25.0362692, -0.0552224, , , , , , , 25.0362692, -0.0028534, , , , , , , 25.0362692, 0.0036927, , , , , , , 25.0362692, 0.0288701, , , , , , , , , , , , , , , , , , , , , , , , , , , , 
25.0367885, -0.0481727, , , , , , , 25.0367885, 0.0112459, , , , , , , 25.0367885, 0.0070497, , , , , , , 25.0367885, 0.026688, , , , , , , , , , , , , , , , , , , , , , , , , , , , 
25.0373077, -0.0471656, , , , , , , 25.0373077, 0.018967, , , , , , , 25.0373077, 0.0105745, , , , , , , 25.0373077, 0.0219883, , , , , , , , , , , , , , , , , , , , , , , , , , , , 
25.0378269, -0.0404517, , , , , , , 25.0378269, 0.0347448, , , , , , , 25.0378269, 0.0112459, , , , , , , 25.0378269, 0.0132601, , , , , , , , , , , , , , , , , , , , , , , , , , , , 
25.0383462, -0.0219883, , , , , , , 25.0383462, 0.0522011, , , , , , , 25.0383462, 0.0109102, , , , , , , 25.0383462, 0.0065461, , , , , , , , , , , , , , , , , , , , , , , , , , , , 
25.0388654, 0.0038605, , , , , , , 25.0388654, 0.072343, , , , , , , 25.0388654, 0.0112459, , , , , , , 25.0388654, 0.0028534, , , , , , , , , , , , , , , , , , , , , , , , , , , , 
25.0393846, 0.0270237, , , , , , , 25.0393846, 0.0894636, , , , , , , 25.0393846, 0.0092317, , , , , , , 25.0393846, -0.0001678, , , , , , , , , , , , , , , , , , , , , , , , , , , , 
25.0399038, 0.0404517, , , , , , , 25.0399038, 0.0809033, , , , , , , 25.0399038, 0.0011749, , , , , , , 25.0399038, -0.0065461, , , , , , , , , , , , , , , , , , , , , , , , , , , , 
25.0404231, 0.0428016, , , , , , , 25.0404231, 0.0506905, , , , , , , 25.0404231, -0.0063783, , , , , , , 25.0404231, -0.0139315, , , , , , , , , , , , , , , , , , , , , , , , , , , , 
25.0409423, 0.0365911, , , , , , , 25.0409423, 0.0290379, , , , , , , 25.0409423, -0.0099031, , , , , , , 25.0409423, -0.0176242, , , , , , , , , , , , , , , , , , , , , , , , , , , , 
25.0414615, 0.0287022, , , , , , , 25.0414615, 0.0132601, , , , , , , 25.0414615, -0.0139315, , , , , , , 25.0414615, -0.0162814, , , , , , , , , , , , , , , , , , , , , , , , , , , , 
25.0419808, 0.0250095, , , , , , , 25.0419808, -0.0065461, , , , , , , 25.0419808, -0.0223239, , , , , , , 25.0419808, -0.0152743, , , , , , , , , , , , , , , , , , , , , , , , , , , , 
25.0425, 0.0226596, , , , , , , 25.0425, -0.0112459, , , , , , , 25.0425, -0.0349126, , , , , , , 25.0425, -0.0172885, , , , , , , , , , , , , , , , , , , , , , , , , , , , 
25.0430192, 0.0224918, , , , , , , 25.0430192, 0.0011749, , , , , , , 25.0430192, -0.0454871, , , , , , , 25.0430192, -0.0198062, , , , , , , , , , , , , , , , , , , , , , , , , , , , 
25.0435385, 0.0253452, , , , , , , 25.0435385, 0.0224918, , , , , , , 25.0435385, -0.0481727, , , , , , , 25.0435385, -0.0169528, , , , , , , , , , , , , , , , , , , , , , , , , , , , 
25.0440577, 0.0283665, , , , , , , 25.0440577, 0.0370947, , , , , , , 25.0440577, -0.04448, , , , , , , 25.0440577, -0.0075532, , , , , , , , , , , , , , , , , , , , , , , , , , , , 
25.0445769, 0.03122, , , , , , , 25.0445769, 0.0280308, , , , , , , 25.0445769, -0.0391089, , , , , , , 25.0445769, 0.0031891, , , , , , , , , , , , , , , , , , , , , , , , , , , , 
25.0450962, 0.0320592, , , , , , , 25.0450962, 0.0198062, , , , , , , 25.0450962, -0.0337377, , , , , , , 25.0450962, 0.0114137, , , , , , , , , , , , , , , , , , , , , , , , , , , , 
25.0456154, 0.0344091, , , , , , , 25.0456154, 0.0374304, , , , , , , 25.0456154, -0.0283665, , , , , , , 25.0456154, 0.01561, , , , , , , , , , , , , , , , , , , , , , , , , , , , 
25.0461346, 0.033402, , , , , , , 25.0461346, 0.0354162, , , , , , , 25.0461346, -0.0229953, , , , , , , 25.0461346, 0.0176242, , , , , , , , , , , , , , , , , , , , , , , , , , , , 
25.0466538, 0.0293736, , , , , , , 25.0466538, 0.0015106, , , , , , , 25.0466538, -0.0196384, , , , , , , 25.0466538, 0.0198062, , , , , , , , , , , , , , , , , , , , , , , , , , , , 
25.0471731, 0.0290379, , , , , , , 25.0471731, -0.0005035, , , , , , , 25.0471731, -0.0182956, , , , , , , 25.0471731, 0.0182956, , , , , , , , , , , , , , , , , , , , , , , , , , , , 
25.0476923, 0.0374304, , , , , , , 25.0476923, 0.0330663, , , , , , , 25.0476923, -0.0182956, , , , , , , 25.0476923, 0.0132601, , , , , , , , , , , , , , , , , , , , , , , , , , , , 
25.0482115, 0.0505226, , , , , , , 25.0482115, 0.0391089, , , , , , , 25.0482115, -0.0139315, , , , , , , 25.0482115, 0.0085603, , , , , , , , , , , , , , , , , , , , , , , , , , , , 
25.0487308, 0.0626078, , , , , , , 25.0487308, 0.0135958, , , , , , , 25.0487308, -0.0018463, , , , , , , 25.0487308, 0.0038605, , , , , , , , , , , , , , , , , , , , , , , , , , , , 
25.04925, 0.0696574, , , , , , , 25.04925, -0.0028534, , , , , , , 25.04925, 0.0077211, , , , , , , 25.04925, -0.0005035, , , , , , , , , , , , , , , , , , , , , , , , , , , , 
25.0497692, 0.0699931, , , , , , , 25.0497692, 0.0125887, , , , , , , 25.0497692, 0.0038605, , , , , , , 25.0497692, -0.0048676, , , , , , , , , , , , , , , , , , , , , , , , , , , , 
25.0502885, 0.0676432, , , , , , , 25.0502885, 0.0518654, , , , , , , 25.0502885, -0.0157778, , , , , , , 25.0502885, -0.0082246, , , , , , , , , , , , , , , , , , , , , , , , , , , , 
25.0508077, 0.0669718, , , , , , , 25.0508077, 0.111284, , , , , , , 25.0508077, -0.0391089, , , , , , , 25.0508077, -0.0109102, , , , , , , , , , , , , , , , , , , , , , , , , , , , 
25.0513269, 0.0757, , , , , , , 25.0513269, 0.1448539, , , , , , , 25.0513269, -0.0498512, , , , , , , 25.0513269, -0.008896, , , , , , , , , , , , , , , , , , , , , , , , , , , , 
25.0518462, 0.0750286, , , , , , , 25.0518462, 0.1005417, , , , , , , 25.0518462, -0.0505226, , , , , , , 25.0518462, -0.0072175, , , , , , , , , , , , , , , , , , , , , , , , , , , , 
25.0523654, 0.0592508, , , , , , , 25.0523654, 0.0102388, , , , , , , 25.0523654, -0.0461585, , , , , , , 25.0523654, -0.0062104, , , , , , , , , , , , , , , , , , , , , , , , , , , , 
25.0528846, 0.0387732, , , , , , , 25.0528846, -0.0535439, , , , , , , 25.0528846, -0.0377661, , , , , , , 25.0528846, -0.0030213, , , , , , , , , , , , , , , , , , , , , , , , , , , , 
25.0534038, 0.0186313, , , , , , , 25.0534038, -0.0486763, , , , , , , 25.0534038, -0.0243381, , , , , , , 25.0534038, -0.0001678, , , , , , , , , , , , , , , , , , , , , , , , , , , , 
25.0539231, -0.0018463, , , , , , , 25.0539231, 0.0152743, , , , , , , 25.0539231, -0.0041962, , , , , , , 25.0539231, 0.0052033, , , , , , , , , , , , , , , , , , , , , , , , , , , , 
25.0544423, -0.0169528, , , , , , , 25.0544423, 0.0777142, , , , , , , 25.0544423, 0.0172885, , , , , , , 25.0544423, 0.0105745, , , , , , , , , , , , , , , , , , , , , , , , , , , , 
25.0549615, -0.0209812, , , , , , , 25.0549615, 0.0971847, , , , , , , 25.0549615, 0.0354162, , , , , , , 25.0549615, 0.0172885, , , , , , , , , , , , , , , , , , , , , , , , , , , , 
25.0554808, -0.0219883, , , , , , , 25.0554808, 0.0636149, , , , , , , 25.0554808, 0.0454871, , , , , , , 25.0554808, 0.0250095, , , , , , , , , , , , , , , , , , , , , , , , , , , , 
25.056, -0.0260166, , , , , , , 25.056, -0.0169528, , , , , , , 25.056, 0.0451514, , , , , , , 25.056, 0.0317235, , , , , , , , , , , , , , , , , , , , , , , , , , , , 
25.0565192, -0.0303807, , , , , , , 25.0565192, -0.0871138, , , , , , , 25.0565192, 0.0360876, , , , , , , 25.0565192, 0.0360876, , , , , , , , , , , , , , , , , , , , , , , , , , , , 
25.0570385, -0.0320592, , , , , , , 25.0570385, -0.0923171, , , , , , , 25.0570385, 0.0236667, , , , , , , 25.0570385, 0.0364233, , , , , , , , , , , , , , , , , , , , , , , , , , , , 
25.0575577, -0.0270237, , , , , , , 25.0575577, -0.0659648, , , , , , , 25.0575577, 0.0115816, , , , , , , 25.0575577, 0.0347448, , , , , , , , , , , , , , , , , , , , , , , , , , , , 
25.0580769, -0.01561, , , , , , , 25.0580769, -0.0391089, , , , , , , 25.0580769, 0.0005035, , , , , , , 25.0580769, 0.0359197, , , , , , , , , , , , , , , , , , , , , , , , , , , , 
25.0585962, -0.0095674, , , , , , , 25.0585962, -0.0216526, , , , , , , 25.0585962, -0.0092317, , , , , , , 25.0585962, 0.0354162, , , , , , , , , , , , , , , , , , , , , , , , , , , , 
25.0591154, -0.0075532, , , , , , , 25.0591154, -0.0223239, , , , , , , 25.0591154, -0.0171206, , , , , , , 25.0591154, 0.0287022, , , , , , , , , , , , , , , , , , , , , , , , , , , , 
25.0596346, -0.005539, , , , , , , 25.0596346, -0.0149386, , , , , , , 25.0596346, -0.023331, , , , , , , 25.0596346, 0.023331, , , , , , , , , , , , , , , , , , , , , , , , , , , , 
25.0601538, -0.0005035, , , , , , , 25.0601538, 0.0028534, , , , , , , 25.0601538, -0.0256809, , , , , , , 25.0601538, 0.023331, , , , , , , , , , , , , , , , , , , , , , , , , , , , 
25.0606731, 0.0041962, , , , , , , 25.0606731, -0.0184634, , , , , , , 25.0606731, -0.0256809, , , , , , , 25.0606731, 0.0219883, , , , , , , , , , , , , , , , , , , , , , , , , , , , 
25.0611923, 0.0038605, , , , , , , 25.0611923, -0.0693217, , , , , , , 25.0611923, -0.0243381, , , , , , , 25.0611923, 0.0137636, , , , , , , , , , , , , , , , , , , , , , , , , , , , 
25.0617115, 0.0038605, , , , , , , 25.0617115, -0.0619364, , , , , , , 25.0617115, -0.0223239, , , , , , , 25.0617115, 0.0058747, , , , , , , , , , , , , , , , , , , , , , , , , , , , 
25.0622308, 0.0031891, , , , , , , 25.0622308, 0.0025177, , , , , , , 25.0622308, -0.0203098, , , , , , , 25.0622308, -0.0010071, , , , , , , , , , , , , , , , , , , , , , , , , , , , 
25.06275, -0.0008392, , , , , , , 25.06275, 0.0130922, , , , , , , 25.06275, -0.0196384, , , , , , , 25.06275, -0.0068818, , , , , , , , , , , , , , , , , , , , , , , , , , , , 
25.0632692, -0.0015106, , , , , , , 25.0632692, -0.0377661, , , , , , , 25.0632692, -0.0203098, , , , , , , 25.0632692, -0.0087282, , , , , , , , , , , , , , , , , , , , , , , , , , , , 
25.0637885, 0.0043641, , , , , , , 25.0637885, -0.0589151, , , , , , , 25.0637885, -0.0206455, , , , , , , 25.0637885, -0.008896, , , , , , , , , , , , , , , , , , , , , , , , , , , , 
25.0643077, 0.0011749, , , , , , , 25.0643077, -0.0548867, , , , , , , 25.0643077, -0.018967, , , , , , , 25.0643077, -0.012253, , , , , , , , , , , , , , , , , , , , , , , , , , , , 
25.0648269, -0.0041962, , , , , , , 25.0648269, -0.0783856, , , , , , , 25.0648269, -0.0172885, , , , , , , 25.0648269, -0.0146029, , , , , , , , , , , , , , , , , , , , , , , , , , , , 
25.0653462, -0.0058747, , , , , , , 25.0653462, -0.1324331, , , , , , , 25.0653462, -0.0152743, , , , , , , 25.0653462, -0.0135958, , , , , , , , , , , , , , , , , , , , , , , , , , , , 
25.0658654, -0.0117494, , , , , , , 25.0658654, -0.1784237, , , , , , , 25.0658654, -0.0125887, , , , , , , 25.0658654, -0.0129244, , , , , , , , , , , , , , , , , , , , , , , , , , , , 
25.0663846, -0.018967, , , , , , , 25.0663846, -0.1801022, , , , , , , 25.0663846, -0.0095674, , , , , , , 25.0663846, -0.0124208, , , , , , , , , , , , , , , , , , , , , , , , , , , , 
25.0669038, -0.0179599, , , , , , , 25.0669038, -0.1628138, , , , , , , 25.0669038, -0.0062104, , , , , , , 25.0669038, -0.0142672, , , , , , , , , , , , , , , , , , , , , , , , , , , , 
25.0674231, -0.0099031, , , , , , , 25.0674231, -0.1431754, , , , , , , 25.0674231, -0.0025177, , , , , , , 25.0674231, -0.018967, , , , , , , , , , , , , , , , , , , , , , , , , , , , 
25.0679423, 0.0038605, , , , , , , 25.0679423, -0.1109483, , , , , , , 25.0679423, -0.0028534, , , , , , , 25.0679423, -0.0229953, , , , , , , , , , , , , , , , , , , , , , , , , , , , 
25.0684615, 0.0149386, , , , , , , 25.0684615, -0.0730144, , , , , , , 25.0684615, -0.0063783, , , , , , , 25.0684615, -0.0229953, , , , , , , , , , , , , , , , , , , , , , , , , , , , 
25.0689808, 0.0250095, , , , , , , 25.0689808, -0.0464942, , , , , , , 25.0689808, -0.0082246, , , , , , , 25.0689808, -0.0209812, , , , , , , , , , , , , , , , , , , , , , , , , , , , 
25.0695, 0.0347448, , , , , , , 25.0695, -0.0310521, , , , , , , 25.0695, -0.0065461, , , , , , , 25.0695, -0.0182956, , , , , , , , , , , , , , , , , , , , , , , , , , , , 
25.0700192, 0.0428016, , , , , , , 25.0700192, -0.0191348, , , , , , , 25.0700192, -0.0048676, , , , , , , 25.0700192, -0.0159457, , , , , , , , , , , , , , , , , , , , , , , , , , , , 
25.0705385, 0.0454871, , , , , , , 25.0705385, -0.0149386, , , , , , , 25.0705385, -0.0048676, , , , , , , 25.0705385, -0.0135958, , , , , , , , , , , , , , , , , , , , , , , , , , , , 
25.0710577, 0.0443122, , , , , , , 25.0710577, -0.0149386, , , , , , , 25.0710577, -0.0082246, , , , , , , 25.0710577, -0.0102388, , , , , , , , , , , , , , , , , , , , , , , , , , , , 
25.0715769, 0.0407874, , , , , , , 25.0715769, -0.0045319, , , , , , , 25.0715769, -0.0119173, , , , , , , 25.0715769, -0.0065461, , , , , , , , , , , , , , , , , , , , , , , , , , , , 
25.0720962, 0.0347448, , , , , , , 25.0720962, 0.0171206, , , , , , , 25.0720962, -0.0112459, , , , , , , 25.0720962, -0.0018463, , , , , , , , , , , , , , , , , , , , , , , , , , , , 
25.0726154, 0.0256809, , , , , , , 25.0726154, 0.0365911, , , , , , , 25.0726154, -0.0082246, , , , , , , 25.0726154, 0.0038605, , , , , , , , , , , , , , , , , , , , , , , , , , , , 
25.0731346, 0.0125887, , , , , , , 25.0731346, 0.0461585, , , , , , , 25.0731346, -0.0052033, , , , , , , 25.0731346, 0.0095674, , , , , , , , , , , , , , , , , , , , , , , , , , , , 
25.0736538, -0.0028534, , , , , , , 25.0736538, 0.0493477, , , , , , , 25.0736538, -0.0011749, , , , , , , 25.0736538, 0.0172885, , , , , , , , , , , , , , , , , , , , , , , , , , , , 
25.0741731, -0.0223239, , , , , , , 25.0741731, 0.0508583, , , , , , , 25.0741731, 0.0031891, , , , , , , 25.0741731, 0.0253452, , , , , , , , , , , , , , , , , , , , , , , , , , , , 
25.0746923, -0.0397803, , , , , , , 25.0746923, 0.0520333, , , , , , , 25.0746923, 0.0065461, , , , , , , 25.0746923, 0.033402, , , , , , , , , , , , , , , , , , , , , , , , , , , , 
25.0752115, -0.0488441, , , , , , , 25.0752115, 0.0535439, , , , , , , 25.0752115, 0.0097353, , , , , , , 25.0752115, 0.040116, , , , , , , , , , , , , , , , , , , , , , , , , , , , 
25.0757308, -0.0498512, , , , , , , 25.0757308, 0.0614328, , , , , , , 25.0757308, 0.0112459, , , , , , , 25.0757308, 0.0438087, , , , , , , , , , , , , , , , , , , , , , , , , , , , 
25.07625, -0.0488441, , , , , , , 25.07625, 0.0706645, , , , , , , 25.07625, 0.0097353, , , , , , , 25.07625, 0.0461585, , , , , , , , , , , , , , , , , , , , , , , , , , , , 
25.0767692, -0.0441444, , , , , , , 25.0767692, 0.0762036, , , , , , , 25.0767692, 0.0099031, , , , , , , 25.0767692, 0.0464942, , , , , , , , , , , , , , , , , , , , , , , , , , , , 
25.0772885, -0.0305486, , , , , , , 25.0772885, 0.0736858, , , , , , , 25.0772885, 0.0090639, , , , , , , 25.0772885, 0.0424659, , , , , , , , , , , , , , , , , , , , , , , , , , , , 
25.0778077, -0.0135958, , , , , , , 25.0778077, 0.064622, , , , , , , 25.0778077, 0.0065461, , , , , , , 25.0778077, 0.0357519, , , , , , , , , , , , , , , , , , , , , , , , , , , , 
25.0783269, 0.0045319, , , , , , , 25.0783269, 0.0538796, , , , , , , 25.0783269, 0.0038605, , , , , , , 25.0783269, 0.0303807, , , , , , , , , , , , , , , , , , , , , , , , , , , , 
25.0788462, 0.0196384, , , , , , , 25.0788462, 0.0433051, , , , , , , 25.0788462, -0.0010071, , , , , , , 25.0788462, 0.0253452, , , , , , , , , , , , , , , , , , , , , , , , , , , , 
25.0793654, 0.0313878, , , , , , , 25.0793654, 0.0303807, , , , , , , 25.0793654, -0.0038605, , , , , , , 25.0793654, 0.0226596, , , , , , , , , , , , , , , , , , , , , , , , , , , , 
25.0798846, 0.0414588, , , , , , , 25.0798846, 0.0213169, , , , , , , 25.0798846, -0.002182, , , , , , , 25.0798846, 0.0213169, , , , , , , , , , , , , , , , , , , , , , , , , , , , 
25.0804038, 0.0488441, , , , , , , 25.0804038, 0.0240024, , , , , , , 25.0804038, 0.0005035, , , , , , , 25.0804038, 0.0209812, , , , , , , , , , , , , , , , , , , , , , , , , , , , 
25.0809231, 0.0527047, , , , , , , 25.0809231, 0.0354162, , , , , , , 25.0809231, 0.0015106, , , , , , , 25.0809231, 0.0218204, , , , , , , , , , , , , , , , , , , , , , , , , , , , 
25.0814423, 0.0621042, , , , , , , 25.0814423, 0.0421302, , , , , , , 25.0814423, 0.002182, , , , , , , 25.0814423, 0.0246738, , , , , , , , , , , , , , , , , , , , , , , , , , , , 
25.0819615, 0.0787213, , , , , , , 25.0819615, 0.0417945, , , , , , , 25.0819615, 0.0008392, , , , , , , 25.0819615, 0.0246738, , , , , , , , , , , , , , , , , , , , , , , , , , , , 
25.0824808, 0.0983597, , , , , , , 25.0824808, 0.0417945, , , , , , , 25.0824808, -0.0008392, , , , , , , 25.0824808, 0.0213169, , , , , , , , , , , , , , , , , , , , , , , , , , , , 
25.083, 0.1153124, , , , , , , 25.083, 0.0387732, , , , , , , 25.083, -0.0025177, , , , , , , 25.083, 0.0213169, , , , , , , , , , , , , , , , , , , , , , , , , , , , 
25.0835192, 0.139147, , , , , , , 25.0835192, 0.0280308, , , , , , , 25.0835192, -0.0036927, , , , , , , 25.0835192, 0.0240024, , , , , , , , , , , , , , , , , , , , , , , , , , , , 
25.0840385, 0.1690242, , , , , , , 25.0840385, 0.0172885, , , , , , , 25.0840385, -0.0035248, , , , , , , 25.0840385, 0.0213169, , , , , , , , , , , , , , , , , , , , , , , , , , , , 
25.0845577, 0.1958801, , , , , , , 25.0845577, 0.0119173, , , , , , , 25.0845577, -0.0028534, , , , , , , 25.0845577, 0.0159457, , , , , , , , , , , , , , , , , , , , , , , , , , , , 
25.0850769, 0.2166934, , , , , , , 25.0850769, 0.0052033, , , , , , , 25.0850769, -0.0031891, , , , , , , 25.0850769, 0.0132601, , , , , , , , , , , , , , , , , , , , , , , , , , , , 
25.0855962, 0.2024262, , , , , , , 25.0855962, -0.0068818, , , , , , , 25.0855962, -0.0026856, , , , , , , 25.0855962, 0.0093996, , , , , , , , , , , , , , , , , , , , , , , , , , , , 
25.0861154, 0.1555962, , , , , , , 25.0861154, -0.026688, , , , , , , 25.0861154, -0.0018463, , , , , , , 25.0861154, 0.0018463, , , , , , , , , , , , , , , , , , , , , , , , , , , , 
25.0866346, 0.111284, , , , , , , 25.0866346, -0.0381018, , , , , , , 25.0866346, -0.0041962, , , , , , , 25.0866346, -0.0038605, , , , , , , , , , , , , , , , , , , , , , , , , , , , 
25.0871538, 0.0847639, , , , , , , 25.0871538, -0.0360876, , , , , , , 25.0871538, -0.008896, , , , , , , 25.0871538, -0.0082246, , , , , , , , , , , , , , , , , , , , , , , , , , , , 
25.0876731, 0.0753643, , , , , , , 25.0876731, -0.0287022, , , , , , , 25.0876731, -0.0109102, , , , , , , 25.0876731, -0.0130922, , , , , , , , , , , , , , , , , , , , , , , , , , , , 
25.0881923, 0.0683146, , , , , , , 25.0881923, -0.0213169, , , , , , , 25.0881923, -0.0072175, , , , , , , 25.0881923, -0.0162814, , , , , , , , , , , , , , , , , , , , , , , , , , , , 
25.0887115, 0.0605936, , , , , , , 25.0887115, -0.0164492, , , , , , , 25.0887115, -0.0028534, , , , , , , 25.0887115, -0.0149386, , , , , , , , , , , , , , , , , , , , , , , , , , , , 
25.0892308, 0.0448157, , , , , , , 25.0892308, -0.0139315, , , , , , , 25.0892308, 0.0025177, , , , , , , 25.0892308, -0.0102388, , , , , , , , , , , , , , , , , , , , , , , , , , , , 
25.08975, 0.0293736, , , , , , , 25.08975, -0.0149386, , , , , , , 25.08975, 0.0072175, , , , , , , 25.08975, -0.005539, , , , , , , , , , , , , , , , , , , , , , , , , , , , 
25.0902692, 0.0223239, , , , , , , 25.0902692, -0.0176242, , , , , , , 25.0902692, 0.0073854, , , , , , , 25.0902692, -0.0041962, , , , , , , , , , , , , , , , , , , , , , , , , , , , 
25.0907885, 0.0099031, , , , , , , 25.0907885, -0.0182956, , , , , , , 25.0907885, -0.0005035, , , , , , , 25.0907885, -0.0035248, , , , , , , , , , , , , , , , , , , , , , , , , , , , 
25.0913077, -0.0186313, , , , , , , 25.0913077, -0.0181277, , , , , , , 25.0913077, -0.0142672, , , , , , , 25.0913077, 0.0025177, , , , , , , , , , , , , , , , , , , , , , , , , , , , 
25.0918269, -0.0485084, , , , , , , 25.0918269, -0.01561, , , , , , , 25.0918269, -0.0273594, , , , , , , 25.0918269, 0.01561, , , , , , , , , , , , , , , , , , , , , , , , , , , , 
25.0923462, -0.0656291, , , , , , , 25.0923462, -0.0001678, , , , , , , 25.0923462, -0.0310521, , , , , , , 25.0923462, 0.0273594, , , , , , , , , , , , , , , , , , , , , , , , , , , , 
25.0928654, -0.0788891, , , , , , , 25.0928654, 0.0260166, , , , , , , 25.0928654, -0.0256809, , , , , , , 25.0928654, 0.0323949, , , , , , , , , , , , , , , , , , , , , , , , , , , , 
25.0933846, -0.0950027, , , , , , , 25.0933846, 0.047837, , , , , , , 25.0933846, -0.0172885, , , , , , , 25.0933846, 0.0374304, , , , , , , , , , , , , , , , , , , , , , , , , , , , 
25.0939038, -0.110277, , , , , , , 25.0939038, 0.0585794, , , , , , , 25.0939038, -0.0068818, , , , , , , 25.0939038, 0.0438087, , , , , , , , , , , , , , , , , , , , , , , , , , , , 
25.0944231, -0.1223621, , , , , , , 25.0944231, 0.0605936, , , , , , , 25.0944231, 0.0104067, , , , , , , 25.0944231, 0.047837, , , , , , , , , , , , , , , , , , , , , , , , , , , , 
25.0949423, -0.13579, , , , , , , 25.0949423, 0.0548867, , , , , , , 25.0949423, 0.0280308, , , , , , , 25.0949423, 0.0468299, , , , , , , , , , , , , , , , , , , , , , , , , , , , 
25.0954615, -0.1498894, , , , , , , 25.0954615, 0.040116, , , , , , , 25.0954615, 0.0370947, , , , , , , 25.0954615, 0.0518654, , , , , , , , , , , , , , , , , , , , , , , , , , , , 
25.0959808, -0.1552605, , , , , , , 25.0959808, 0.0072175, , , , , , , 25.0959808, 0.0379339, , , , , , , 25.0959808, 0.0616007, , , , , , , , , , , , , , , , , , , , , , , , , , , , 
25.0965, -0.149218, , , , , , , 25.0965, -0.0298772, , , , , , , 25.0965, 0.0357519, , , , , , , 25.0965, 0.0693217, , , , , , , , , , , , , , , , , , , , , , , , , , , , 
25.0970192, -0.13579, , , , , , , 25.0970192, -0.0498512, , , , , , , 25.0970192, 0.0276951, , , , , , , 25.0970192, 0.0730144, , , , , , , , , , , , , , , , , , , , , , , , , , , , 
25.0975385, -0.1190051, , , , , , , 25.0975385, -0.0538796, , , , , , , 25.0975385, 0.0078889, , , , , , , 25.0975385, 0.0713359, , , , , , , , , , , , , , , , , , , , , , , , , , , , 
25.0980577, -0.096849, , , , , , , 25.0980577, -0.057908, , , , , , , 25.0980577, -0.0152743, , , , , , , 25.0980577, 0.070161, , , , , , , , , , , , , , , , , , , , , , , , , , , , 
25.0985769, -0.0693217, , , , , , , 25.0985769, -0.0679789, , , , , , , 25.0985769, -0.0364233, , , , , , , 25.0985769, 0.0683146, , , , , , , , , , , , , , , , , , , , , , , , , , , , 
25.0990962, -0.0379339, , , , , , , 25.0990962, -0.0632792, , , , , , , 25.0990962, -0.0542153, , , , , , , 25.0990962, 0.0642863, , , , , , , , , , , , , , , , , , , , , , , , , , , , 
25.0996154, -0.008896, , , , , , , 25.0996154, -0.0491798, , , , , , , 25.0996154, -0.0679789, , , , , , , 25.0996154, 0.0607614, , , , , , , , , , , , , , , , , , , , , , , , , , , , 
25.1001346, 0.0068818, , , , , , , 25.1001346, -0.047837, , , , , , , 25.1001346, -0.079057, , , , , , , 25.1001346, 0.0528725, , , , , , , , , , , , , , , , , , , , , , , , , , , , 
25.1006538, 0.0139315, , , , , , , 25.1006538, -0.0569009, , , , , , , 25.1006538, -0.0849317, , , , , , , 25.1006538, 0.0387732, , , , , , , , , , , , , , , , , , , , , , , , , , , , 
25.1011731, 0.0320592, , , , , , , 25.1011731, -0.0629435, , , , , , , 25.1011731, -0.0834211, , , , , , , 25.1011731, 0.0248417, , , , , , , , , , , , , , , , , , , , , , , , , , , , 
25.1016923, 0.0622721, , , , , , , 25.1016923, -0.0397803, , , , , , , 25.1016923, -0.0780499, , , , , , , 25.1016923, 0.0179599, , , , , , , , , , , , , , , , , , , , , , , , , , , , 
25.1022115, 0.0891279, , , , , , , 25.1022115, -0.0015106, , , , , , , 25.1022115, -0.0758679, , , , , , , 25.1022115, 0.0196384, , , , , , , , , , , , , , , , , , , , , , , , , , , , 
25.1027308, 0.1042344, , , , , , , 25.1027308, -0.0031891, , , , , , , 25.1027308, -0.0760357, , , , , , , 25.1027308, 0.0203098, , , , , , , , , , , , , , , , , , , , , , , , , , , , 
25.10325, 0.1122911, , , , , , , 25.10325, -0.0476692, , , , , , , 25.10325, -0.0740215, , , , , , , 25.10325, 0.0171206, , , , , , , , , , , , , , , , , , , , , , , , , , , , 
25.1037692, 0.1240406, , , , , , , 25.1037692, -0.090135, , , , , , , 25.1037692, -0.0686503, , , , , , , 25.1037692, 0.0125887, , , , , , , , , , , , , , , , , , , , , , , , , , , , 
25.1042885, 0.1404898, , , , , , , 25.1042885, -0.1279011, , , , , , , 25.1042885, -0.0605936, , , , , , , 25.1042885, 0.0062104, , , , , , , , , , , , , , , , , , , , , , , , , , , , 
25.1048077, 0.1455253, , , , , , , 25.1048077, -0.1560998, , , , , , , 25.1048077, -0.0522011, , , , , , , 25.1048077, 0.0005035, , , , , , , , , , , , , , , , , , , , , , , , , , , , 
25.1053269, 0.1399863, , , , , , , 25.1053269, -0.1270619, , , , , , , 25.1053269, -0.0431373, , , , , , , 25.1053269, -0.0030213, , , , , , , , , , , , , , , , , , , , , , , , , , , , 
25.1058462, 0.1307546, , , , , , , 25.1058462, -0.0468299, , , , , , , 25.1058462, -0.0330663, , , , , , , 25.1058462, -0.0048676, , , , , , , , , , , , , , , , , , , , , , , , , , , , 
25.1063654, 0.1176623, , , , , , , 25.1063654, 0.0099031, , , , , , , 25.1063654, -0.0216526, , , , , , , 25.1063654, -0.0065461, , , , , , , , , , , , , , , , , , , , , , , , , , , , 
25.1068846, 0.1085985, , , , , , , 25.1068846, 0.0169528, , , , , , , 25.1068846, -0.0057069, , , , , , , 25.1068846, -0.0120851, , , , , , , , , , , , , , , , , , , , , , , , , , , , 
25.1074038, 0.10692, , , , , , , 25.1074038, 0.0045319, , , , , , , 25.1074038, 0.012253, , , , , , , 25.1074038, -0.0196384, , , , , , , , , , , , , , , , , , , , , , , , , , , , 
25.1079231, 0.1079271, , , , , , , 25.1079231, -0.0036927, , , , , , , 25.1079231, 0.0287022, , , , , , , 25.1079231, -0.0260166, , , , , , , , , , , , , , , , , , , , , , , , , , , , 
25.1084423, 0.1104448, , , , , , , 25.1084423, -0.0083925, , , , , , , 25.1084423, 0.0394446, , , , , , , 25.1084423, -0.0276951, , , , , , , , , , , , , , , , , , , , , , , , , , , , 
25.1089615, 0.1085985, , , , , , , 25.1089615, -0.012253, , , , , , , 25.1089615, 0.0441444, , , , , , , 25.1089615, -0.0283665, , , , , , , , , , , , , , , , , , , , , , , , , , , , 
25.1094808, 0.0995346, , , , , , , 25.1094808, -0.0193027, , , , , , , 25.1094808, 0.0426337, , , , , , , 25.1094808, -0.0303807, , , , , , , , , , , , , , , , , , , , , , , , , , , , 
25.11, 0.0881209, , , , , , , 25.11, -0.0226596, , , , , , , 25.11, 0.0377661, , , , , , , 25.11, -0.0317235, , , , , , , , , , , , , , , , , , , , , , , , , , , , 
25.1105192, 0.0770428, , , , , , , 25.1105192, -0.0115816, , , , , , , 25.1105192, 0.0327306, , , , , , , 25.1105192, -0.0323949, , , , , , , , , , , , , , , , , , , , , , , , , , , , 
25.1110385, 0.0629435, , , , , , , 25.1110385, -0.002182, , , , , , , 25.1110385, 0.0298772, , , , , , , 25.1110385, -0.0313878, , , , , , , , , , , , , , , , , , , , , , , , , , , , 
25.1115577, 0.0508583, , , , , , , 25.1115577, -0.0035248, , , , , , , 25.1115577, 0.027863, , , , , , , 25.1115577, -0.0303807, , , , , , , , , , , , , , , , , , , , , , , , , , , , 
25.1120769, 0.0412909, , , , , , , 25.1120769, -0.0068818, , , , , , , 25.1120769, 0.0206455, , , , , , , 25.1120769, -0.0270237, , , , , , , , , , , , , , , , , , , , , , , , , , , , 
25.1125962, 0.0273594, , , , , , , 25.1125962, 0.0018463, , , , , , , 25.1125962, 0.0146029, , , , , , , 25.1125962, -0.0216526, , , , , , , , , , , , , , , , , , , , , , , , , , , , 
25.1131154, 0.0125887, , , , , , , 25.1131154, 0.0226596, , , , , , , 25.1131154, 0.0125887, , , , , , , 25.1131154, -0.0142672, , , , , , , , , , , , , , , , , , , , , , , , , , , , 
25.1136346, 0.0058747, , , , , , , 25.1136346, 0.04448, , , , , , , 25.1136346, 0.0119173, , , , , , , 25.1136346, -0.0062104, , , , , , , , , , , , , , , , , , , , , , , , , , , , 
25.1141538, 0.0078889, , , , , , , 25.1141538, 0.0555581, , , , , , , 25.1141538, 0.0124208, , , , , , , 25.1141538, 0.0015106, , , , , , , , , , , , , , , , , , , , , , , , , , , , 
25.1146731, 0.008896, , , , , , , 25.1146731, 0.0548867, , , , , , , 25.1146731, 0.0112459, , , , , , , 25.1146731, 0.0105745, , , , , , , , , , , , , , , , , , , , , , , , , , , , 
25.1151923, 0.0085603, , , , , , , 25.1151923, 0.0575723, , , , , , , 25.1151923, 0.008896, , , , , , , 25.1151923, 0.0206455, , , , , , , , , , , , , , , , , , , , , , , , , , , , 
25.1157115, 0.0125887, , , , , , , 25.1157115, 0.0803998, , , , , , , 25.1157115, 0.0072175, , , , , , , 25.1157115, 0.0283665, , , , , , , , , , , , , , , , , , , , , , , , , , , , 
25.1162308, 0.026688, , , , , , , 25.1162308, 0.1143053, , , , , , , 25.1162308, 0.0062104, , , , , , , 25.1162308, 0.0340734, , , , , , , , , , , , , , , , , , , , , , , , , , , , 
25.11675, 0.0575723, , , , , , , 25.11675, 0.1218585, , , , , , , 25.11675, 0.005539, , , , , , , 25.11675, 0.0374304, , , , , , , , , , , , , , , , , , , , , , , , , , , , 
25.1172692, 0.0971847, , , , , , , 25.1172692, 0.1008774, , , , , , , 25.1172692, 0.0050355, , , , , , , 25.1172692, 0.0381018, , , , , , , , , , , , , , , , , , , , , , , , , , , , 
25.1177885, 0.1307546, , , , , , , 25.1177885, 0.1005417, , , , , , , 25.1177885, 0.0041962, , , , , , , 25.1177885, 0.0337377, , , , , , , , , , , , , , , , , , , , , , , , , , , , 
25.1183077, 0.1414969, , , , , , , 25.1183077, 0.1279011, , , , , , , 25.1183077, 0.002182, , , , , , , 25.1183077, 0.0292058, , , , , , , , , , , , , , , , , , , , , , , , , , , , 
25.1188269, 0.1465324, , , , , , , 25.1188269, 0.1502251, , , , , , , 25.1188269, -0.0010071, , , , , , , 25.1188269, 0.0250095, , , , , , , , , , , , , , , , , , , , , , , , , , , , 
25.1193462, 0.1634852, , , , , , , 25.1193462, 0.1408255, , , , , , , 25.1193462, -0.0015106, , , , , , , 25.1193462, 0.0186313, , , , , , , , , , , , , , , , , , , , , , , , , , , , 
25.1198654, 0.1999084, , , , , , , 25.1198654, 0.0921492, , , , , , , 25.1198654, -0.0028534, , , , , , , 25.1198654, 0.0149386, , , , , , , , , , , , , , , , , , , , , , , , , , , , 
25.1203846, 0.2418708, , , , , , , 25.1203846, 0.0157778, , , , , , , 25.1203846, -0.0050355, , , , , , , 25.1203846, 0.0117494, , , , , , , , , , , , , , , , , , , , , , , , , , , , 
25.1209038, 0.2603342, , , , , , , 25.1209038, -0.093492, , , , , , , 25.1209038, -0.0050355, , , , , , , 25.1209038, 0.0018463, , , , , , , , , , , , , , , , , , , , , , , , , , , , 
25.1214231, 0.2522774, , , , , , , 25.1214231, -0.2198825, , , , , , , 25.1214231, -0.005539, , , , , , , 25.1214231, -0.011078, , , , , , , , , , , , , , , , , , , , , , , , , , , , 
25.1219423, 0.2361639, , , , , , , 25.1219423, -0.3049821, , , , , , , 25.1219423, -0.0072175, , , , , , , 25.1219423, -0.0182956, , , , , , , , , , , , , , , , , , , , , , , , , , , , 
25.1224615, 0.2260929, , , , , , , 25.1224615, -0.2902113, , , , , , , 25.1224615, -0.0075532, , , , , , , 25.1224615, -0.018967, , , , , , , , , , , , , , , , , , , , , , , , , , , , 
25.1229808, 0.2046082, , , , , , , 25.1229808, -0.1905089, , , , , , , 25.1229808, -0.0075532, , , , , , , 25.1229808, -0.0162814, , , , , , , , , , , , , , , , , , , , , , , , , , , , 
25.1235, 0.191516, , , , , , , 25.1235, -0.1082628, , , , , , , 25.1235, -0.0082246, , , , , , , 25.1235, -0.012253, , , , , , , , , , , , , , , , , , , , , , , , , , , , 
25.1240192, 0.25832, , , , , , , 25.1240192, -0.0891279, , , , , , , 25.1240192, -0.0077211, , , , , , , 25.1240192, -0.0058747, , , , , , , , , , , , , , , , , , , , , , , , , , , , 
25.1245385, 0.3543297, , , , , , , 25.1245385, -0.0897993, , , , , , , 25.1245385, -0.005539, , , , , , , 25.1245385, 0.0028534, , , , , , , , , , , , , , , , , , , , , , , , , , , , 
25.1250577, 0.31841, , , , , , , 25.1250577, -0.0696574, , , , , , , 25.1250577, -0.0052033, , , , , , , 25.1250577, 0.0149386, , , , , , , , , , , , , , , , , , , , , , , , , , , , 
25.1255769, 0.1911803, , , , , , , 25.1255769, -0.0360876, , , , , , , 25.1255769, -0.0063783, , , , , , , 25.1255769, 0.0273594, , , , , , , , , , , , , , , , , , , , , , , , , , , , 
25.1260962, 0.0802319, , , , , , , 25.1260962, -0.0072175, , , , , , , 25.1260962, -0.0082246, , , , , , , 25.1260962, 0.0397803, , , , , , , , , , , , , , , , , , , , , , , , , , , , 
25.1266154, 0.0038605, , , , , , , 25.1266154, 0.0229953, , , , , , , 25.1266154, -0.0062104, , , , , , , 25.1266154, 0.0481727, , , , , , , , , , , , , , , , , , , , , , , , , , , , 
25.1271346, -0.057908, , , , , , , 25.1271346, 0.0441444, , , , , , , 25.1271346, -0.0058747, , , , , , , 25.1271346, 0.0501869, , , , , , , , , , , , , , , , , , , , , , , , , , , , 
25.1276538, -0.1055772, , , , , , , 25.1276538, 0.0407874, , , , , , , 25.1276538, -0.0077211, , , , , , , 25.1276538, 0.0466621, , , , , , , , , , , , , , , , , , , , , , , , , , , , 
25.1281731, -0.1423362, , , , , , , 25.1281731, 0.0172885, , , , , , , 25.1281731, -0.0078889, , , , , , , 25.1281731, 0.0448157, , , , , , , , , , , , , , , , , , , , , , , , , , , , 
25.1286923, -0.170367, , , , , , , 25.1286923, -0.0075532, , , , , , , 25.1286923, -0.008896, , , , , , , 25.1286923, 0.043473, , , , , , , , , , , , , , , , , , , , , , , , , , , , 
25.1292115, -0.1908446, , , , , , , 25.1292115, -0.0209812, , , , , , , 25.1292115, -0.0102388, , , , , , , 25.1292115, 0.0391089, , , , , , , , , , , , , , , , , , , , , , , , , , , , 
25.1297308, -0.2072938, , , , , , , 25.1297308, -0.0270237, , , , , , , 25.1297308, -0.0095674, , , , , , , 25.1297308, 0.0303807, , , , , , , , , , , , , , , , , , , , , , , , , , , , 
25.13025, -0.2208896, , , , , , , 25.13025, -0.0283665, , , , , , , 25.13025, -0.0097353, , , , , , , 25.13025, 0.0226596, , , , , , , , , , , , , , , , , , , , , , , , , , , , 
25.1307692, -0.2364996, , , , , , , 25.1307692, -0.0186313, , , , , , , 25.1307692, -0.0104067, , , , , , , 25.1307692, 0.0213169, , , , , , , , , , , , , , , , , , , , , , , , , , , , 
25.1312885, -0.2519417, , , , , , , 25.1312885, 0.0041962, , , , , , , 25.1312885, -0.0102388, , , , , , , 25.1312885, 0.0236667, , , , , , , , , , , , , , , , , , , , , , , , , , , , 
25.1318077, -0.2677195, , , , , , , 25.1318077, 0.0273594, , , , , , , 25.1318077, -0.0115816, , , , , , , 25.1318077, 0.026688, , , , , , , , , , , , , , , , , , , , , , , , , , , , 
25.1323269, -0.2781262, , , , , , , 25.1323269, 0.0323949, , , , , , , 25.1323269, -0.0140993, , , , , , , 25.1323269, 0.0290379, , , , , , , , , , , , , , , , , , , , , , , , , , , , 
25.1328462, -0.2821546, , , , , , , 25.1328462, 0.0263523, , , , , , , 25.1328462, -0.0137636, , , , , , , 25.1328462, 0.0310521, , , , , , , , , , , , , , , , , , , , , , , , , , , , 
25.1333654, -0.2868544, , , , , , , 25.1333654, 0.023331, , , , , , , 25.1333654, -0.012253, , , , , , , 25.1333654, 0.0347448, , , , , , , , , , , , , , , , , , , , , , , , , , , , 
25.1338846, -0.2986038, , , , , , , 25.1338846, 0.0287022, , , , , , , 25.1338846, -0.0109102, , , , , , , 25.1338846, 0.0397803, , , , , , , , , , , , , , , , , , , , , , , , , , , , 
25.1344038, -0.3143816, , , , , , , 25.1344038, 0.0340734, , , , , , , 25.1344038, -0.0117494, , , , , , , 25.1344038, 0.0439765, , , , , , , , , , , , , , , , , , , , , , , , , , , , 
25.1349231, -0.3291524, , , , , , , 25.1349231, 0.0340734, , , , , , , 25.1349231, -0.012253, , , , , , , 25.1349231, 0.0461585, , , , , , , , , , , , , , , , , , , , , , , , , , , , 
25.1354423, -0.3538262, , , , , , , 25.1354423, 0.0293736, , , , , , , 25.1354423, -0.0095674, , , , , , , 25.1354423, 0.0491798, , , , , , , , , , , , , , , , , , , , , , , , , , , , 
25.1359615, -0.3917601, , , , , , , 25.1359615, 0.0176242, , , , , , , 25.1359615, -0.0073854, , , , , , , 25.1359615, 0.0527047, , , , , , , , , , , , , , , , , , , , , , , , , , , , 
25.1364808, -0.4113985, , , , , , , 25.1364808, 0.0072175, , , , , , , 25.1364808, -0.0077211, , , , , , , 25.1364808, 0.0522011, , , , , , , , , , , , , , , , , , , , , , , , , , , , 
25.137, -0.4083772, , , , , , , 25.137, 0.0045319, , , , , , , 25.137, -0.0068818, , , , , , , 25.137, 0.0453193, , , , , , , , , , , , , , , , , , , , , , , , , , , , 
25.1375192, -0.3936065, , , , , , , 25.1375192, -0.0035248, , , , , , , 25.1375192, -0.0070497, , , , , , , 25.1375192, 0.033402, , , , , , , , , , , , , , , , , , , , , , , , , , , , 
25.1380385, -0.3949493, , , , , , , 25.1380385, -0.0243381, , , , , , , 25.1380385, -0.0092317, , , , , , , 25.1380385, 0.0243381, , , , , , , , , , , , , , , , , , , , , , , , , , , , 
25.1385577, -0.4070344, , , , , , , 25.1385577, -0.0441444, , , , , , , 25.1385577, -0.0104067, , , , , , , 25.1385577, 0.0159457, , , , , , , , , , , , , , , , , , , , , , , , , , , , 
25.1390769, -0.3999847, , , , , , , 25.1390769, -0.0458228, , , , , , , 25.1390769, -0.0102388, , , , , , , 25.1390769, 0.0099031, , , , , , , , , , , , , , , , , , , , , , , , , , , , 
25.1395962, -0.3790036, , , , , , , 25.1395962, -0.0391089, , , , , , , 25.1395962, -0.0083925, , , , , , , 25.1395962, 0.0031891, , , , , , , , , , , , , , , , , , , , , , , , , , , , 
25.1401154, -0.3602045, , , , , , , 25.1401154, -0.0381018, , , , , , , 25.1401154, -0.0085603, , , , , , , 25.1401154, -0.0038605, , , , , , , , , , , , , , , , , , , , , , , , , , , , 
25.1406346, -0.3439231, , , , , , , 25.1406346, -0.0298772, , , , , , , 25.1406346, -0.008896, , , , , , , 25.1406346, -0.010071, , , , , , , , , , , , , , , , , , , , , , , , , , , , 
25.1411538, -0.3221027, , , , , , , 25.1411538, -0.0050355, , , , , , , 25.1411538, -0.008896, , , , , , , 25.1411538, -0.0149386, , , , , , , , , , , , , , , , , , , , , , , , , , , , 
25.1416731, -0.2898756, , , , , , , 25.1416731, 0.0260166, , , , , , , 25.1416731, -0.0072175, , , , , , , 25.1416731, -0.0198062, , , , , , , , , , , , , , , , , , , , , , , , , , , , 
25.1421923, -0.2613413, , , , , , , 25.1421923, 0.0441444, , , , , , , 25.1421923, -0.0068818, , , , , , , 25.1421923, -0.021149, , , , , , , , , , , , , , , , , , , , , , , , , , , , 
25.1427115, -0.2353246, , , , , , , 25.1427115, 0.0454871, , , , , , , 25.1427115, -0.0083925, , , , , , , 25.1427115, -0.0199741, , , , , , , , , , , , , , , , , , , , , , , , , , , , 
25.1432308, -0.1997406, , , , , , , 25.1432308, 0.0327306, , , , , , , 25.1432308, -0.0102388, , , , , , , 25.1432308, -0.0204776, , , , , , , , , , , , , , , , , , , , , , , , , , , , 
25.14375, -0.1639887, , , , , , , 25.14375, 0.0099031, , , , , , , 25.14375, -0.0109102, , , , , , , 25.14375, -0.021149, , , , , , , , , , , , , , , , , , , , , , , , , , , , 
25.1442692, -0.1339437, , , , , , , 25.1442692, -0.0209812, , , , , , , 25.1442692, -0.0115816, , , , , , , 25.1442692, -0.0196384, , , , , , , , , , , , , , , , , , , , , , , , , , , , 
25.1447885, -0.0991989, , , , , , , 25.1447885, -0.0540475, , , , , , , 25.1447885, -0.0115816, , , , , , , 25.1447885, -0.0196384, , , , , , , , , , , , , , , , , , , , , , , , , , , , 
25.1453077, -0.0632792, , , , , , , 25.1453077, -0.0720073, , , , , , , 25.1453077, -0.0102388, , , , , , , 25.1453077, -0.0196384, , , , , , , , , , , , , , , , , , , , , , , , , , , , 
25.1458269, -0.0253452, , , , , , , 25.1458269, -0.0619364, , , , , , , 25.1458269, -0.0082246, , , , , , , 25.1458269, -0.0193027, , , , , , , , , , , , , , , , , , , , , , , , , , , , 
25.1463462, 0.0142672, , , , , , , 25.1463462, -0.0360876, , , , , , , 25.1463462, -0.0082246, , , , , , , 25.1463462, -0.0196384, , , , , , , , , , , , , , , , , , , , , , , , , , , , 
25.1468654, 0.0488441, , , , , , , 25.1468654, -0.0169528, , , , , , , 25.1468654, -0.0065461, , , , , , , 25.1468654, -0.0223239, , , , , , , , , , , , , , , , , , , , , , , , , , , , 
25.1473846, 0.079057, , , , , , , 25.1473846, -0.0063783, , , , , , , 25.1473846, -0.005539, , , , , , , 25.1473846, -0.0260166, , , , , , , , , , , , , , , , , , , , , , , , , , , , 
25.1479038, 0.10692, , , , , , , 25.1479038, 0.0011749, , , , , , , 25.1479038, -0.0077211, , , , , , , 25.1479038, -0.0313878, , , , , , , , , , , , , , , , , , , , , , , , , , , , 
25.1484231, 0.131426, , , , , , , 25.1484231, 0.0041962, , , , , , , 25.1484231, -0.0092317, , , , , , , 25.1484231, -0.0337377, , , , , , , , , , , , , , , , , , , , , , , , , , , , 
25.1489423, 0.1475395, , , , , , , 25.1489423, 0.0025177, , , , , , , 25.1489423, -0.0090639, , , , , , , 25.1489423, -0.0360876, , , , , , , , , , , , , , , , , , , , , , , , , , , , 
25.1494615, 0.1463645, , , , , , , 25.1494615, -0.0005035, , , , , , , 25.1494615, -0.0087282, , , , , , , 25.1494615, -0.0377661, , , , , , , , , , , , , , , , , , , , , , , , , , , , 
25.1499808, 0.1344472, , , , , , , 25.1499808, -0.0030213, , , , , , , 25.1499808, -0.0082246, , , , , , , 25.1499808, -0.0345769, , , , , , , , , , , , , , , , , , , , , , , , , , , , 
25.1505, 0.1186694, , , , , , , 25.1505, -0.0075532, , , , , , , 25.1505, -0.0082246, , , , , , , 25.1505, -0.0280308, , , , , , , , , , , , , , , , , , , , , , , , , , , , 
25.1510192, 0.0988632, , , , , , , 25.1510192, -0.011078, , , , , , , 25.1510192, -0.008896, , , , , , , 25.1510192, -0.0206455, , , , , , , , , , , , , , , , , , , , , , , , , , , , 
25.1515385, 0.079057, , , , , , , 25.1515385, -0.0112459, , , , , , , 25.1515385, -0.0097353, , , , , , , 25.1515385, -0.0135958, , , , , , , , , , , , , , , , , , , , , , , , , , , , 
25.1520577, 0.0686503, , , , , , , 25.1520577, -0.0082246, , , , , , , 25.1520577, -0.008896, , , , , , , 25.1520577, -0.0068818, , , , , , , , , , , , , , , , , , , , , , , , , , , , 
25.1525769, 0.0663005, , , , , , , 25.1525769, -0.0045319, , , , , , , 25.1525769, -0.0062104, , , , , , , 25.1525769, 0.0005035, , , , , , , , , , , , , , , , , , , , , , , , , , , , 
25.1530962, 0.0589151, , , , , , , 25.1530962, -0.0015106, , , , , , , 25.1530962, -0.0052033, , , , , , , 25.1530962, 0.0075532, , , , , , , , , , , , , , , , , , , , , , , , , , , , 
25.1536154, 0.0323949, , , , , , , 25.1536154, 0.0011749, , , , , , , 25.1536154, -0.0058747, , , , , , , 25.1536154, 0.01561, , , , , , , , , , , , , , , , , , , , , , , , , , , , 
25.1541346, -0.0223239, , , , , , , 25.1541346, 0.0063783, , , , , , , 25.1541346, -0.0062104, , , , , , , 25.1541346, 0.0246738, , , , , , , , , , , , , , , , , , , , , , , , , , , , 
25.1546538, -0.0834211, , , , , , , 25.1546538, 0.0112459, , , , , , , 25.1546538, -0.0058747, , , , , , , 25.1546538, 0.0298772, , , , , , , , , , , , , , , , , , , , , , , , , , , , 
25.1551731, -0.1196765, , , , , , , 25.1551731, 0.0092317, , , , , , , 25.1551731, -0.0070497, , , , , , , 25.1551731, 0.0339055, , , , , , , , , , , , , , , , , , , , , , , , , , , , 
25.1556923, -0.1290761, , , , , , , 25.1556923, 0.0025177, , , , , , , 25.1556923, -0.0072175, , , , , , , 25.1556923, 0.0374304, , , , , , , , , , , , , , , , , , , , , , , , , , , , 
25.1562115, -0.1185016, , , , , , , 25.1562115, -0.0045319, , , , , , , 25.1562115, -0.0072175, , , , , , , 25.1562115, 0.0409552, , , , , , , , , , , , , , , , , , , , , , , , , , , , 
25.1567308, -0.0948348, , , , , , , 25.1567308, -0.005539, , , , , , , 25.1567308, -0.0068818, , , , , , , 25.1567308, 0.0417945, , , , , , , , , , , , , , , , , , , , , , , , , , , , 
25.15725, -0.0726787, , , , , , , 25.15725, -0.0015106, , , , , , , 25.15725, -0.0052033, , , , , , , 25.15725, 0.0377661, , , , , , , , , , , , , , , , , , , , , , , , , , , , 
25.1577692, -0.0458228, , , , , , , 25.1577692, 0.0030213, , , , , , , 25.1577692, -0.0031891, , , , , , , 25.1577692, 0.0303807, , , , , , , , , , , , , , , , , , , , , , , , , , , , 
25.1582885, -0.0154421, , , , , , , 25.1582885, 0.005539, , , , , , , 25.1582885, -0.0028534, , , , , , , 25.1582885, 0.0219883, , , , , , , , , , , , , , , , , , , , , , , , , , , , 
25.1588077, -0.0041962, , , , , , , 25.1588077, 0.0068818, , , , , , , 25.1588077, -0.0038605, , , , , , , 25.1588077, 0.0159457, , , , , , , , , , , , , , , , , , , , , , , , , , , , 
25.1593269, 0.0057069, , , , , , , 25.1593269, 0.0075532, , , , , , , 25.1593269, -0.0035248, , , , , , , 25.1593269, 0.0132601, , , , , , , , , , , , , , , , , , , , , , , , , , , , 
25.1598462, 0.0270237, , , , , , , 25.1598462, 0.0072175, , , , , , , 25.1598462, -0.0008392, , , , , , , 25.1598462, 0.0130922, , , , , , , , , , , , , , , , , , , , , , , , , , , , 
25.1603654, 0.0498512, , , , , , , 25.1603654, 0.0048676, , , , , , , 25.1603654, 0.0025177, , , , , , , 25.1603654, 0.0149386, , , , , , , , , , , , , , , , , , , , , , , , , , , , 
25.1608846, 0.0622721, , , , , , , 25.1608846, -0.0016785, , , , , , , 25.1608846, 0.0105745, , , , , , , 25.1608846, 0.0162814, , , , , , , , , , , , , , , , , , , , , , , , , , , , 
25.1614038, 0.0710002, , , , , , , 25.1614038, -0.0082246, , , , , , , 25.1614038, 0.023331, , , , , , , 25.1614038, 0.0146029, , , , , , , , , , , , , , , , , , , , , , , , , , , , 
25.1619231, 0.0884565, , , , , , , 25.1619231, -0.0125887, , , , , , , 25.1619231, 0.0292058, , , , , , , 25.1619231, 0.0129244, , , , , , , , , , , , , , , , , , , , , , , , , , , , 
25.1624423, 0.1122911, , , , , , , 25.1624423, -0.0139315, , , , , , , 25.1624423, 0.0240024, , , , , , , 25.1624423, 0.0132601, , , , , , , , , , , , , , , , , , , , , , , , , , , , 
25.1629615, 0.1347829, , , , , , , 25.1629615, -0.0109102, , , , , , , 25.1629615, 0.0152743, , , , , , , 25.1629615, 0.0152743, , , , , , , , , , , , , , , , , , , , , , , , , , , , 
25.1634808, 0.1542535, , , , , , , 25.1634808, -0.0041962, , , , , , , 25.1634808, 0.0068818, , , , , , , 25.1634808, 0.018967, , , , , , , , , , , , , , , , , , , , , , , , , , , , 
25.164, 0.1790951, , , , , , , 25.164, 0.0045319, , , , , , , 25.164, -0.0031891, , , , , , , 25.164, 0.0203098, , , , , , , , , , , , , , , , , , , , , , , , , , , , 
25.1645192, 0.2062867, , , , , , , 25.1645192, 0.008896, , , , , , , 25.1645192, -0.01561, , , , , , , 25.1645192, 0.0186313, , , , , , , , , , , , , , , , , , , , , , , , , , , , 
25.1650385, 0.2297856, , , , , , , 25.1650385, 0.0075532, , , , , , , 25.1650385, -0.027863, , , , , , , 25.1650385, 0.0162814, , , , , , , , , , , , , , , , , , , , , , , , , , , , 
25.1655577, 0.2569772, , , , , , , 25.1655577, 0.0031891, , , , , , , 25.1655577, -0.0391089, , , , , , , 25.1655577, 0.0151064, , , , , , , , , , , , , , , , , , , , , , , , , , , , 
25.1660769, 0.2898756, , , , , , , 25.1660769, -0.0015106, , , , , , , 25.1660769, -0.0495155, , , , , , , 25.1660769, 0.0164492, , , , , , , , , , , , , , , , , , , , , , , , , , , , 
25.1665962, 0.3180743, , , , , , , 25.1665962, -0.0031891, , , , , , , 25.1665962, -0.0572366, , , , , , , 25.1665962, 0.018967, , , , , , , , , , , , , , , , , , , , , , , , , , , , 
25.1671154, 0.3422446, , , , , , , 25.1671154, 0.0065461, , , , , , , 25.1671154, -0.0592508, , , , , , , 25.1671154, 0.0149386, , , , , , , , , , , , , , , , , , , , , , , , , , , , 
25.1676346, 0.3650721, , , , , , , 25.1676346, 0.026688, , , , , , , 25.1676346, -0.0538796, , , , , , , 25.1676346, 0.0065461, , , , , , , , , , , , , , , , , , , , , , , , , , , , 
25.1681538, 0.3743038, , , , , , , 25.1681538, 0.040116, , , , , , , 25.1681538, -0.0485084, , , , , , , 25.1681538, 0.0008392, , , , , , , , , , , , , , , , , , , , , , , , , , , , 
25.1686731, 0.3711147, , , , , , , 25.1686731, 0.0377661, , , , , , , 25.1686731, -0.04448, , , , , , , 25.1686731, -0.0035248, , , , , , , , , , , , , , , , , , , , , , , , , , , , 
25.1691923, 0.3754788, , , , , , , 25.1691923, 0.0213169, , , , , , , 25.1691923, -0.0384375, , , , , , , 25.1691923, -0.0068818, , , , , , , , , , , , , , , , , , , , , , , , , , , , 
25.1697115, 0.3924315, , , , , , , 25.1697115, -0.0048676, , , , , , , 25.1697115, -0.0330663, , , , , , , 25.1697115, -0.0062104, , , , , , , , , , , , , , , , , , , , , , , , , , , , 
25.1702308, 0.4107271, , , , , , , 25.1702308, -0.0307164, , , , , , , 25.1702308, -0.0297093, , , , , , , 25.1702308, -0.0048676, , , , , , , , , , , , , , , , , , , , , , , , , , , , 
25.17075, 0.4261692, , , , , , , 25.17075, -0.0616007, , , , , , , 25.17075, -0.0273594, , , , , , , 25.17075, -0.0025177, , , , , , , , , , , , , , , , , , , , , , , , , , , , 
25.1712692, 0.4436255, , , , , , , 25.1712692, -0.0884565, , , , , , , 25.1712692, -0.0271916, , , , , , , 25.1712692, 0.0048676, , , , , , , , , , , , , , , , , , , , , , , , , , , , 
25.1717885, 0.4674601, , , , , , , 25.1717885, -0.0847639, , , , , , , 25.1717885, -0.0283665, , , , , , , 25.1717885, 0.0142672, , , , , , , , , , , , , , , , , , , , , , , , , , , , 
25.1723077, 0.4735027, , , , , , , 25.1723077, -0.0471656, , , , , , , 25.1723077, -0.0258488, , , , , , , 25.1723077, 0.0219883, , , , , , , , , , , , , , , , , , , , , , , , , , , , 
25.1728269, 0.4602426, , , , , , , 25.1728269, -0.0135958, , , , , , , 25.1728269, -0.0216526, , , , , , , 25.1728269, 0.0281987, , , , , , , , , , , , , , , , , , , , , , , , , , , , 
25.1733462, 0.4422827, , , , , , , 25.1733462, -0.0149386, , , , , , , 25.1733462, -0.0184634, , , , , , , 25.1733462, 0.0365911, , , , , , , , , , , , , , , , , , , , , , , , , , , , 
25.1738654, 0.4305333, , , , , , , 25.1738654, -0.0260166, , , , , , , 25.1738654, -0.0149386, , , , , , , 25.1738654, 0.0451514, , , , , , , , , , , , , , , , , , , , , , , , , , , , 
25.1743846, 0.4281834, , , , , , , 25.1743846, -0.0206455, , , , , , , 25.1743846, -0.0104067, , , , , , , 25.1743846, 0.0535439, , , , , , , , , , , , , , , , , , , , , , , , , , , , 
25.1749038, 0.437583, , , , , , , 25.1749038, -0.0038605, , , , , , , 25.1749038, -0.0068818, , , , , , , 25.1749038, 0.0599222, , , , , , , , , , , , , , , , , , , , , , , , , , , , 
25.1754231, 0.4624247, , , , , , , 25.1754231, 0.0025177, , , , , , , 25.1754231, -0.0048676, , , , , , , 25.1754231, 0.0642863, , , , , , , , , , , , , , , , , , , , , , , , , , , , 
25.1759423, 0.4852522, , , , , , , 25.1759423, -0.0157778, , , , , , , 25.1759423, -0.002182, , , , , , , 25.1759423, 0.0673075, , , , , , , , , , , , , , , , , , , , , , , , , , , , 
25.1764615, 0.4547036, , , , , , , 25.1764615, -0.0399481, , , , , , , 25.1764615, 0.0025177, , , , , , , 25.1764615, 0.0686503, , , , , , , , , , , , , , , , , , , , , , , , , , , , 
25.1769808, 0.3858854, , , , , , , 25.1769808, -0.0454871, , , , , , , 25.1769808, 0.0058747, , , , , , , 25.1769808, 0.0673075, , , , , , , , , , , , , , , , , , , , , , , , , , , , 
25.1775, 0.3439231, , , , , , , 25.1775, -0.0344091, , , , , , , 25.1775, 0.0083925, , , , , , , 25.1775, 0.0636149, , , , , , , , , , , , , , , , , , , , , , , , , , , , 
25.1780192, 0.342916, , , , , , , 25.1780192, -0.0199741, , , , , , , 25.1780192, 0.0095674, , , , , , , 25.1780192, 0.0558938, , , , , , , , , , , , , , , , , , , , , , , , , , , , 
25.1785385, 0.3738003, , , , , , , 25.1785385, -0.0129244, , , , , , , 25.1785385, 0.0078889, , , , , , , 25.1785385, 0.0481727, , , , , , , , , , , , , , , , , , , , , , , , , , , , 
25.1790577, 0.395285, , , , , , , 25.1790577, -0.008896, , , , , , , 25.1790577, 0.0043641, , , , , , , 25.1790577, 0.0454871, , , , , , , , , , , , , , , , , , , , , , , , , , , , 
25.1795769, 0.3301595, , , , , , , 25.1795769, 0.0031891, , , , , , , 25.1795769, 0.0025177, , , , , , , 25.1795769, 0.0431373, , , , , , , , , , , , , , , , , , , , , , , , , , , , 
25.1800962, 0.2106508, , , , , , , 25.1800962, 0.0203098, , , , , , , 25.1800962, 0.0025177, , , , , , , 25.1800962, 0.0407874, , , , , , , , , , , , , , , , , , , , , , , , , , , , 
25.1806154, 0.1070878, , , , , , , 25.1806154, 0.0391089, , , , , , , 25.1806154, 0.0028534, , , , , , , 25.1806154, 0.0382696, , , , , , , , , , , , , , , , , , , , , , , , , , , , 
25.1811346, 0.0287022, , , , , , , 25.1811346, 0.057908, , , , , , , 25.1811346, 0.0030213, , , , , , , 25.1811346, 0.0360876, , , , , , , , , , , , , , , , , , , , , , , , , , , , 
25.1816538, -0.0412909, , , , , , , 25.1816538, 0.0641184, , , , , , , 25.1816538, 0.0062104, , , , , , , 25.1816538, 0.0357519, , , , , , , , , , , , , , , , , , , , , , , , , , , , 
25.1821731, -0.1028916, , , , , , , 25.1821731, 0.043473, , , , , , , 25.1821731, 0.0102388, , , , , , , 25.1821731, 0.0313878, , , , , , , , , , , , , , , , , , , , , , , , , , , , 
25.1826923, -0.1514, , , , , , , 25.1826923, -0.0048676, , , , , , , 25.1826923, 0.0117494, , , , , , , 25.1826923, 0.0240024, , , , , , , , , , , , , , , , , , , , , , , , , , , , 
25.1832115, -0.1911803, , , , , , , 25.1832115, -0.0508583, , , , , , , 25.1832115, 0.012253, , , , , , , 25.1832115, 0.0199741, , , , , , , , , , , , , , , , , , , , , , , , , , , , 
25.1837308, -0.223743, , , , , , , 25.1837308, -0.0595865, , , , , , , 25.1837308, 0.012253, , , , , , , 25.1837308, 0.0172885, , , , , , , , , , , , , , , , , , , , , , , , , , , , 
25.18425, -0.2500954, , , , , , , 25.18425, -0.0391089, , , , , , , 25.18425, 0.0099031, , , , , , , 25.18425, 0.0159457, , , , , , , , , , , , , , , , , , , , , , , , , , , , 
25.1847692, -0.2710765, , , , , , , 25.1847692, -0.0099031, , , , , , , 25.1847692, 0.0072175, , , , , , , 25.1847692, 0.0149386, , , , , , , , , , , , , , , , , , , , , , , , , , , , 
25.1852885, -0.2875257, , , , , , , 25.1852885, 0.0077211, , , , , , , 25.1852885, 0.0065461, , , , , , , 25.1852885, 0.0112459, , , , , , , , , , , , , , , , , , , , , , , , , , , , 
25.1858077, -0.3016251, , , , , , , 25.1858077, -0.0011749, , , , , , , 25.1858077, 0.005539, , , , , , , 25.1858077, 0.0078889, , , , , , , , , , , , , , , , , , , , , , , , , , , , 
25.1863269, -0.311696, , , , , , , 25.1863269, -0.0149386, , , , , , , 25.1863269, 0.0041962, , , , , , , 25.1863269, 0.0058747, , , , , , , , , , , , , , , , , , , , , , , , , , , , 
25.1868462, -0.3190814, , , , , , , 25.1868462, -0.0313878, , , , , , , 25.1868462, 0.0025177, , , , , , , 25.1868462, 0.0006714, , , , , , , , , , , , , , , , , , , , , , , , , , , , 
25.1873654, -0.3205921, , , , , , , 25.1873654, -0.0354162, , , , , , , 25.1873654, 0.002182, , , , , , , 25.1873654, -0.0097353, , , , , , , , , , , , , , , , , , , , , , , , , , , , 
25.1878846, -0.311696, , , , , , , 25.1878846, -0.01561, , , , , , , 25.1878846, 0.0031891, , , , , , , 25.1878846, -0.0203098, , , , , , , , , , , , , , , , , , , , , , , , , , , , 
25.1884038, -0.2937362, , , , , , , 25.1884038, 0.0052033, , , , , , , 25.1884038, 0.0048676, , , , , , , 25.1884038, -0.0283665, , , , , , , , , , , , , , , , , , , , , , , , , , , , 
25.1889231, -0.2740978, , , , , , , 25.1889231, 0.0109102, , , , , , , 25.1889231, 0.0011749, , , , , , , 25.1889231, -0.0323949, , , , , , , , , , , , , , , , , , , , , , , , , , , , 
25.1894423, -0.2573129, , , , , , , 25.1894423, 0.0199741, , , , , , , 25.1894423, -0.0036927, , , , , , , 25.1894423, -0.0340734, , , , , , , , , , , , , , , , , , , , , , , , , , , , 
25.1899615, -0.2465705, , , , , , , 25.1899615, 0.0562295, , , , , , , 25.1899615, -0.0075532, , , , , , , 25.1899615, -0.0327306, , , , , , , , , , , , , , , , , , , , , , , , , , , , 
25.1904808, -0.2400244, , , , , , , 25.1904808, 0.0931563, , , , , , , 25.1904808, -0.0119173, , , , , , , 25.1904808, -0.030045, , , , , , , , , , , , , , , , , , , , , , , , , , , , 
25.191, -0.2415351, , , , , , , 25.191, 0.0830854, , , , , , , 25.191, -0.0149386, , , , , , , 25.191, -0.0263523, , , , , , , , , , , , , , , , , , , , , , , , , , , , 
25.1915192, -0.2469062, , , , , , , 25.1915192, 0.0234989, , , , , , , 25.1915192, -0.018967, , , , , , , 25.1915192, -0.0216526, , , , , , , , , , , , , , , , , , , , , , , , , , , , 
25.1920385, -0.2499275, , , , , , , 25.1920385, -0.0411231, , , , , , , 25.1920385, -0.0265202, , , , , , , 25.1920385, -0.0184634, , , , , , , , , , , , , , , , , , , , , , , , , , , , 
25.1925577, -0.2472419, , , , , , , 25.1925577, -0.0656291, , , , , , , 25.1925577, -0.030045, , , , , , , 25.1925577, -0.0162814, , , , , , , , , , , , , , , , , , , , , , , , , , , , 
25.1930769, -0.2422065, , , , , , , 25.1930769, -0.0525368, , , , , , , 25.1930769, -0.0276951, , , , , , , 25.1930769, -0.0140993, , , , , , , , , , , , , , , , , , , , , , , , , , , , 
25.1935962, -0.2395209, , , , , , , 25.1935962, -0.0323949, , , , , , , 25.1935962, -0.0226596, , , , , , , 25.1935962, -0.0075532, , , , , , , , , , , , , , , , , , , , , , , , , , , , 
25.1941154, -0.240528, , , , , , , 25.1941154, -0.0263523, , , , , , , 25.1941154, -0.0129244, , , , , , , 25.1941154, 0.0001678, , , , , , , , , , , , , , , , , , , , , , , , , , , , 
25.1946346, -0.2415351, , , , , , , 25.1946346, -0.0347448, , , , , , , 25.1946346, -0.003357, , , , , , , 25.1946346, 0.0038605, , , , , , , , , , , , , , , , , , , , , , , , , , , , 
25.1951538, -0.2385138, , , , , , , 25.1951538, -0.0587472, , , , , , , 25.1951538, 0.0025177, , , , , , , 25.1951538, 0.0058747, , , , , , , , , , , , , , , , , , , , , , , , , , , , 
25.1956731, -0.2324712, , , , , , , 25.1956731, -0.0956741, , , , , , , 25.1956731, 0.0045319, , , , , , , 25.1956731, 0.0102388, , , , , , , , , , , , , , , , , , , , , , , , , , , , 
25.1961923, -0.2274357, , , , , , , 25.1961923, -0.1262226, , , , , , , 25.1961923, 0.0045319, , , , , , , 25.1961923, 0.0157778, , , , , , , , , , , , , , , , , , , , , , , , , , , , 
25.1967115, -0.2177005, , , , , , , 25.1967115, -0.124712, , , , , , , 25.1967115, 0.0048676, , , , , , , 25.1967115, 0.0193027, , , , , , , , , , , , , , , , , , , , , , , , , , , , 
25.1972308, -0.2046082, , , , , , , 25.1972308, -0.1008774, , , , , , , 25.1972308, 0.002182, , , , , , , 25.1972308, 0.017792, , , , , , , , , , , , , , , , , , , , , , , , , , , , 
25.19775, -0.191516, , , , , , , 25.19775, -0.0780499, , , , , , , 25.19775, -0.0008392, , , , , , , 25.19775, 0.0099031, , , , , , , , , , , , , , , , , , , , , , , , , , , , 
25.1982692, -0.1794308, , , , , , , 25.1982692, -0.0582437, , , , , , , 25.1982692, -0.002182, , , , , , , 25.1982692, 0.0018463, , , , , , , , , , , , , , , , , , , , , , , , , , , , 
25.1987885, -0.1589532, , , , , , , 25.1987885, -0.0337377, , , , , , , 25.1987885, -0.0008392, , , , , , , 25.1987885, -0.0041962, , , , , , , , , , , , , , , , , , , , , , , , , , , , 
25.1993077, -0.1394827, , , , , , , 25.1993077, -0.005539, , , , , , , 25.1993077, 0.0010071, , , , , , , 25.1993077, -0.0065461, , , , , , , , , , , , , , , , , , , , , , , , , , , , 
25.1998269, -0.1273976, , , , , , , 25.1998269, 0.0119173, , , , , , , 25.1998269, 0.0011749, , , , , , , 25.1998269, -0.0062104, , , , , , , , , , , , , , , , , , , , , , , , , , , , 
25.2003462, -0.1196765, , , , , , , 25.2003462, 0.0149386, , , , , , , 25.2003462, -0.0015106, , , , , , , 25.2003462, -0.005539, , , , , , , , , , , , , , , , , , , , , , , , , , , , 
25.2008654, -0.1121233, , , , , , , 25.2008654, 0.0246738, , , , , , , 25.2008654, -0.0018463, , , , , , , 25.2008654, -0.0041962, , , , , , , , , , , , , , , , , , , , , , , , , , , , 
25.2013846, -0.1008774, , , , , , , 25.2013846, 0.0703288, , , , , , , 25.2013846, -0.0008392, , , , , , , 25.2013846, -0.0028534, , , , , , , , , , , , , , , , , , , , , , , , , , , , 
25.2019038, -0.0924849, , , , , , , 25.2019038, 0.1260548, , , , , , , 25.2019038, -0.0025177, , , , , , , 25.2019038, -0.002182, , , , , , , , , , , , , , , , , , , , , , , , , , , , 
25.2024231, -0.0847639, , , , , , , 25.2024231, 0.1327687, , , , , , , 25.2024231, -0.008896, , , , , , , 25.2024231, -0.002182, , , , , , , , , , , , , , , , , , , , , , , , , , , , 
25.2029423, -0.0777142, , , , , , , 25.2029423, 0.0911421, , , , , , , 25.2029423, -0.0193027, , , , , , , 25.2029423, -0.0001678, , , , , , , , , , , , , , , , , , , , , , , , , , , , 
25.2034615, -0.0720073, , , , , , , 25.2034615, 0.0421302, , , , , , , 25.2034615, -0.024506, , , , , , , 25.2034615, 0.0025177, , , , , , , , , , , , , , , , , , , , , , , , , , , , 
25.2039808, -0.0626078, , , , , , , 25.2039808, 0.0023499, , , , , , , 25.2039808, -0.0261845, , , , , , , 25.2039808, 0.0041962, , , , , , , , , , , , , , , , , , , , , , , , , , , , 
25.2045, -0.0528725, , , , , , , 25.2045, -0.0417945, , , , , , , 25.2045, -0.0285344, , , , , , , 25.2045, 0.0028534, , , , , , , , , , , , , , , , , , , , , , , , , , , , 
25.2050192, -0.0471656, , , , , , , 25.2050192, -0.119173, , , , , , , 25.2050192, -0.0283665, , , , , , , 25.2050192, 0.0005035, , , , , , , , , , , , , , , , , , , , , , , , , , , , 
25.2055385, -0.0419623, , , , , , , 25.2055385, -0.1801022, , , , , , , 25.2055385, -0.0236667, , , , , , , 25.2055385, 0.0018463, , , , , , , , , , , , , , , , , , , , , , , , , , , , 
25.2060577, -0.0323949, , , , , , , 25.2060577, -0.1520714, , , , , , , 25.2060577, -0.0194705, , , , , , , 25.2060577, 0.0062104, , , , , , , , , , , , , , , , , , , , , , , , , , , , 
25.2065769, -0.0203098, , , , , , , 25.2065769, -0.076875, , , , , , , 25.2065769, -0.01561, , , , , , , 25.2065769, 0.0092317, , , , , , , , , , , , , , , , , , , , , , , , , , , , 
25.2070962, -0.0072175, , , , , , , 25.2070962, -0.0323949, , , , , , , 25.2070962, -0.0102388, , , , , , , 25.2070962, 0.0078889, , , , , , , , , , , , , , , , , , , , , , , , , , , , 
25.2076154, 0.0078889, , , , , , , 25.2076154, -0.0216526, , , , , , , 25.2076154, -0.0057069, , , , , , , 25.2076154, 0.0041962, , , , , , , , , , , , , , , , , , , , , , , , , , , , 
25.2081346, 0.0238346, , , , , , , 25.2081346, -0.0129244, , , , , , , 25.2081346, -0.0050355, , , , , , , 25.2081346, 0.0018463, , , , , , , , , , , , , , , , , , , , , , , , , , , , 
25.2086538, 0.0374304, , , , , , , 25.2086538, -0.005539, , , , , , , 25.2086538, -0.0070497, , , , , , , 25.2086538, -0.0001678, , , , , , , , , , , , , , , , , , , , , , , , , , , , 
25.2091731, 0.0488441, , , , , , , 25.2091731, -0.0068818, , , , , , , 25.2091731, -0.0112459, , , , , , , 25.2091731, -0.0038605, , , , , , , , , , , , , , , , , , , , , , , , , , , , 
25.2096923, 0.0629435, , , , , , , 25.2096923, -0.0062104, , , , , , , 25.2096923, -0.0135958, , , , , , , 25.2096923, -0.0048676, , , , , , , , , , , , , , , , , , , , , , , , , , , , 
25.2102115, 0.0763714, , , , , , , 25.2102115, 0.0005035, , , , , , , 25.2102115, -0.0151064, , , , , , , 25.2102115, -0.0030213, , , , , , , , , , , , , , , , , , , , , , , , , , , , 
25.2107308, 0.082414, , , , , , , 25.2107308, 0.0062104, , , , , , , 25.2107308, -0.0176242, , , , , , , 25.2107308, -0.0008392, , , , , , , , , , , , , , , , , , , , , , , , , , , , 
25.21125, 0.0844282, , , , , , , 25.21125, 0.0082246, , , , , , , 25.21125, -0.0204776, , , , , , , 25.21125, 0.0041962, , , , , , , , , , , , , , , , , , , , , , , , , , , , 
25.2117692, 0.0867781, , , , , , , 25.2117692, 0.0105745, , , , , , , 25.2117692, -0.0196384, , , , , , , 25.2117692, 0.0119173, , , , , , , , , , , , , , , , , , , , , , , , , , , , 
25.2122885, 0.0844282, , , , , , , 25.2122885, 0.0172885, , , , , , , 25.2122885, -0.01561, , , , , , , 25.2122885, 0.0182956, , , , , , , , , , , , , , , , , , , , , , , , , , , , 
25.2128077, 0.0703288, , , , , , , 25.2128077, 0.0216526, , , , , , , 25.2128077, -0.0115816, , , , , , , 25.2128077, 0.0238346, , , , , , , , , , , , , , , , , , , , , , , , , , , , 
25.2133269, 0.0569009, , , , , , , 25.2133269, 0.0229953, , , , , , , 25.2133269, -0.0048676, , , , , , , 25.2133269, 0.0293736, , , , , , , , , , , , , , , , , , , , , , , , , , , , 
25.2138462, 0.0481727, , , , , , , 25.2138462, 0.0246738, , , , , , , 25.2138462, 0.0023499, , , , , , , 25.2138462, 0.0354162, , , , , , , , , , , , , , , , , , , , , , , , , , , , 
25.2143654, 0.042298, , , , , , , 25.2143654, 0.0283665, , , , , , , 25.2143654, 0.0052033, , , , , , , 25.2143654, 0.0428016, , , , , , , , , , , , , , , , , , , , , , , , , , , , 
25.2148846, 0.033402, , , , , , , 25.2148846, 0.0347448, , , , , , , 25.2148846, 0.0038605, , , , , , , 25.2148846, 0.0495155, , , , , , , , , , , , , , , , , , , , , , , , , , , , 
25.2154038, 0.026688, , , , , , , 25.2154038, 0.0384375, , , , , , , 25.2154038, 0.0052033, , , , , , , 25.2154038, 0.0528725, , , , , , , , , , , , , , , , , , , , , , , , , , , , 
25.2159231, 0.0206455, , , , , , , 25.2159231, 0.0327306, , , , , , , 25.2159231, 0.0078889, , , , , , , 25.2159231, 0.0560616, , , , , , , , , , , , , , , , , , , , , , , , , , , , 
25.2164423, 0.0184634, , , , , , , 25.2164423, 0.0258488, , , , , , , 25.2164423, 0.0099031, , , , , , , 25.2164423, 0.0595865, , , , , , , , , , , , , , , , , , , , , , , , , , , , 
25.2169615, 0.0206455, , , , , , , 25.2169615, 0.0253452, , , , , , , 25.2169615, 0.0105745, , , , , , , 25.2169615, 0.0602579, , , , , , , , , , , , , , , , , , , , , , , , , , , , 
25.2174808, 0.0250095, , , , , , , 25.2174808, 0.0273594, , , , , , , 25.2174808, 0.0065461, , , , , , , 25.2174808, 0.0535439, , , , , , , , , , , , , , , , , , , , , , , , , , , , 
25.218, 0.0305486, , , , , , , 25.218, 0.0246738, , , , , , , 25.218, -0.0015106, , , , , , , 25.218, 0.0451514, , , , , , , , , , , , , , , , , , , , , , , , , , , , 
25.2185192, 0.0337377, , , , , , , 25.2185192, 0.0208133, , , , , , , 25.2185192, -0.0095674, , , , , , , 25.2185192, 0.0397803, , , , , , , , , , , , , , , , , , , , , , , , , , , , 
25.2190385, 0.0360876, , , , , , , 25.2190385, 0.0186313, , , , , , , 25.2190385, -0.0142672, , , , , , , 25.2190385, 0.0365911, , , , , , , , , , , , , , , , , , , , , , , , , , , , 
25.2195577, 0.0394446, , , , , , , 25.2195577, 0.0166171, , , , , , , 25.2195577, -0.0171206, , , , , , , 25.2195577, 0.0330663, , , , , , , , , , , , , , , , , , , , , , , , , , , , 
25.2200769, 0.0428016, , , , , , , 25.2200769, 0.0142672, , , , , , , 25.2200769, -0.0186313, , , , , , , 25.2200769, 0.0317235, , , , , , , , , , , , , , , , , , , , , , , , , , , , 
25.2205962, 0.0454871, , , , , , , 25.2205962, 0.0117494, , , , , , , 25.2205962, -0.0196384, , , , , , , 25.2205962, 0.0320592, , , , , , , , , , , , , , , , , , , , , , , , , , , , 
25.2211154, 0.0466621, , , , , , , 25.2211154, 0.0082246, , , , , , , 25.2211154, -0.0166171, , , , , , , 25.2211154, 0.0302129, , , , , , , , , , , , , , , , , , , , , , , , , , , , 
25.2216346, 0.0471656, , , , , , , 25.2216346, 0.0025177, , , , , , , 25.2216346, -0.0082246, , , , , , , 25.2216346, 0.0280308, , , , , , , , , , , , , , , , , , , , , , , , , , , , 
25.2221538, 0.0421302, , , , , , , 25.2221538, -0.0008392, , , , , , , 25.2221538, 0.0018463, , , , , , , 25.2221538, 0.0280308, , , , , , , , , , , , , , , , , , , , , , , , , , , , 
25.2226731, 0.0357519, , , , , , , 25.2226731, -0.0015106, , , , , , , 25.2226731, 0.0119173, , , , , , , 25.2226731, 0.0270237, , , , , , , , , , , , , , , , , , , , , , , , , , , , 
25.2231923, 0.0382696, , , , , , , 25.2231923, -0.002182, , , , , , , 25.2231923, 0.0181277, , , , , , , 25.2231923, 0.0216526, , , , , , , , , , , , , , , , , , , , , , , , , , , , 
25.2237115, 0.0495155, , , , , , , 25.2237115, -0.002182, , , , , , , 25.2237115, 0.0172885, , , , , , , 25.2237115, 0.0132601, , , , , , , , , , , , , , , , , , , , , , , , , , , , 
25.2242308, 0.0636149, , , , , , , 25.2242308, -0.0018463, , , , , , , 25.2242308, 0.0105745, , , , , , , 25.2242308, 0.0082246, , , , , , , , , , , , , , , , , , , , , , , , , , , , 
25.22475, 0.072343, , , , , , , 25.22475, -0.0028534, , , , , , , 25.22475, 0.0005035, , , , , , , 25.22475, 0.0062104, , , , , , , , , , , , , , , , , , , , , , , , , , , , 
25.2252692, 0.0815747, , , , , , , 25.2252692, -0.005539, , , , , , , 25.2252692, -0.0109102, , , , , , , 25.2252692, 0.0030213, , , , , , , , , , , , , , , , , , , , , , , , , , , , 
25.2257885, 0.0985275, , , , , , , 25.2257885, -0.0075532, , , , , , , 25.2257885, -0.0229953, , , , , , , 25.2257885, 0.0011749, , , , , , , , , , , , , , , , , , , , , , , , , , , , 
25.2263077, 0.1117876, , , , , , , 25.2263077, -0.0082246, , , , , , , 25.2263077, -0.0297093, , , , , , , 25.2263077, 0.0005035, , , , , , , , , , , , , , , , , , , , , , , , , , , , 
25.2268269, 0.114641, , , , , , , 25.2268269, -0.0062104, , , , , , , 25.2268269, -0.0317235, , , , , , , 25.2268269, -0.0050355, , , , , , , , , , , , , , , , , , , , , , , , , , , , 
25.2273462, 0.110277, , , , , , , 25.2273462, -0.005539, , , , , , , 25.2273462, -0.033402, , , , , , , 25.2273462, -0.0124208, , , , , , , , , , , , , , , , , , , , , , , , , , , , 
25.2278654, 0.1025559, , , , , , , 25.2278654, -0.0068818, , , , , , , 25.2278654, -0.0317235, , , , , , , 25.2278654, -0.018967, , , , , , , , , , , , , , , , , , , , , , , , , , , , 
25.2283846, 0.0950027, , , , , , , 25.2283846, -0.0085603, , , , , , , 25.2283846, -0.0290379, , , , , , , 25.2283846, -0.0256809, , , , , , , , , , , , , , , , , , , , , , , , , , , , 
25.2289038, 0.0884565, , , , , , , 25.2289038, -0.0115816, , , , , , , 25.2289038, -0.0256809, , , , , , , 25.2289038, -0.0370947, , , , , , , , , , , , , , , , , , , , , , , , , , , , 
25.2294231, 0.0827497, , , , , , , 25.2294231, -0.0135958, , , , , , , 25.2294231, -0.0216526, , , , , , , 25.2294231, -0.0471656, , , , , , , , , , , , , , , , , , , , , , , , , , , , 
25.2299423, 0.0763714, , , , , , , 25.2299423, -0.0152743, , , , , , , 25.2299423, -0.0182956, , , , , , , 25.2299423, -0.0480049, , , , , , , , , , , , , , , , , , , , , , , , , , , , 
25.2304615, 0.0726787, , , , , , , 25.2304615, -0.0151064, , , , , , , 25.2304615, -0.0137636, , , , , , , 25.2304615, -0.0404517, , , , , , , , , , , , , , , , , , , , , , , , , , , , 
25.2309808, 0.0616007, , , , , , , 25.2309808, -0.0129244, , , , , , , 25.2309808, -0.0068818, , , , , , , 25.2309808, -0.0287022, , , , , , , , , , , , , , , , , , , , , , , , , , , , 
25.2315, 0.043473, , , , , , , 25.2315, -0.012253, , , , , , , 25.2315, -0.0015106, , , , , , , 25.2315, -0.0166171, , , , , , , , , , , , , , , , , , , , , , , , , , , , 
25.2320192, 0.0263523, , , , , , , 25.2320192, -0.014435, , , , , , , 25.2320192, 0.002182, , , , , , , 25.2320192, -0.0035248, , , , , , , , , , , , , , , , , , , , , , , , , , , , 
25.2325385, 0.0132601, , , , , , , 25.2325385, -0.01561, , , , , , , 25.2325385, 0.0048676, , , , , , , 25.2325385, 0.0102388, , , , , , , , , , , , , , , , , , , , , , , , , , , , 
25.2330577, 0.0011749, , , , , , , 25.2330577, -0.01561, , , , , , , 25.2330577, 0.008896, , , , , , , 25.2330577, 0.0218204, , , , , , , , , , , , , , , , , , , , , , , , , , , , 
25.2335769, -0.0095674, , , , , , , 25.2335769, -0.0152743, , , , , , , 25.2335769, 0.0142672, , , , , , , 25.2335769, 0.0323949, , , , , , , , , , , , , , , , , , , , , , , , , , , , 
25.2340962, -0.0115816, , , , , , , 25.2340962, -0.0152743, , , , , , , 25.2340962, 0.0182956, , , , , , , 25.2340962, 0.0417945, , , , , , , , , , , , , , , , , , , , , , , , , , , , 
25.2346154, -0.0072175, , , , , , , 25.2346154, -0.0135958, , , , , , , 25.2346154, 0.0209812, , , , , , , 25.2346154, 0.0454871, , , , , , , , , , , , , , , , , , , , , , , , , , , , 
25.2351346, -0.0077211, , , , , , , 25.2351346, -0.0119173, , , , , , , 25.2351346, 0.0196384, , , , , , , 25.2351346, 0.0475013, , , , , , , , , , , , , , , , , , , , , , , , , , , , 
25.2356538, -0.0152743, , , , , , , 25.2356538, -0.0105745, , , , , , , 25.2356538, 0.0129244, , , , , , , 25.2356538, 0.0522011, , , , , , , , , , , , , , , , , , , , , , , , , , , , 
25.2361731, -0.0146029, , , , , , , 25.2361731, -0.0075532, , , , , , , 25.2361731, 0.0062104, , , , , , , 25.2361731, 0.0548867, , , , , , , , , , , , , , , , , , , , , , , , , , , , 
25.2366923, -0.005539, , , , , , , 25.2366923, -0.0040284, , , , , , , 25.2366923, -0.0005035, , , , , , , 25.2366923, 0.0501869, , , , , , , , , , , , , , , , , , , , , , , , , , , , 
25.2372115, 0.0028534, , , , , , , 25.2372115, -0.0050355, , , , , , , 25.2372115, -0.008896, , , , , , , 25.2372115, 0.0357519, , , , , , , , , , , , , , , , , , , , , , , , , , , , 
25.2377308, 0.0092317, , , , , , , 25.2377308, -0.0102388, , , , , , , 25.2377308, -0.0172885, , , , , , , 25.2377308, 0.0213169, , , , , , , , , , , , , , , , , , , , , , , , , , , , 
25.23825, 0.0154421, , , , , , , 25.23825, -0.0109102, , , , , , , 25.23825, -0.0226596, , , , , , , 25.23825, 0.0132601, , , , , , , , , , , , , , , , , , , , , , , , , , , , 
25.2387692, 0.0216526, , , , , , , 25.2387692, -0.0085603, , , , , , , 25.2387692, -0.0276951, , , , , , , 25.2387692, 0.0102388, , , , , , , , , , , , , , , , , , , , , , , , , , , , 
25.2392885, 0.0305486, , , , , , , 25.2392885, -0.0082246, , , , , , , 25.2392885, -0.0303807, , , , , , , 25.2392885, 0.0083925, , , , , , , , , , , , , , , , , , , , , , , , , , , , 
25.2398077, 0.0357519, , , , , , , 25.2398077, -0.0119173, , , , , , , 25.2398077, -0.0292058, , , , , , , 25.2398077, 0.0052033, , , , , , , , , , , , , , , , , , , , , , , , , , , , 
25.2403269, 0.0354162, , , , , , , 25.2403269, -0.0169528, , , , , , , 25.2403269, -0.0298772, , , , , , , 25.2403269, 0.0015106, , , , , , , , , , , , , , , , , , , , , , , , , , , , 
25.2408462, 0.030045, , , , , , , 25.2408462, -0.0193027, , , , , , , 25.2408462, -0.0292058, , , , , , , 25.2408462, -0.0008392, , , , , , , , , , , , , , , , , , , , , , , , , , , , 
25.2413654, 0.0231632, , , , , , , 25.2413654, -0.017792, , , , , , , 25.2413654, -0.0256809, , , , , , , 25.2413654, -0.0008392, , , , , , , , , , , , , , , , , , , , , , , , , , , , 
25.2418846, 0.0209812, , , , , , , 25.2418846, -0.0149386, , , , , , , 25.2418846, -0.0256809, , , , , , , 25.2418846, 0.0011749, , , , , , , , , , , , , , , , , , , , , , , , , , , , 
25.2424038, 0.023331, , , , , , , 25.2424038, -0.0149386, , , , , , , 25.2424038, -0.0270237, , , , , , , 25.2424038, 0.0018463, , , , , , , , , , , , , , , , , , , , , , , , , , , , 
25.2429231, 0.0213169, , , , , , , 25.2429231, -0.0151064, , , , , , , 25.2429231, -0.0260166, , , , , , , 25.2429231, 0.0011749, , , , , , , , , , , , , , , , , , , , , , , , , , , , 
25.2434423, 0.0206455, , , , , , , 25.2434423, -0.0129244, , , , , , , 25.2434423, -0.0236667, , , , , , , 25.2434423, -0.0008392, , , , , , , , , , , , , , , , , , , , , , , , , , , , 
25.2439615, 0.0223239, , , , , , , 25.2439615, -0.0048676, , , , , , , 25.2439615, -0.0226596, , , , , , , 25.2439615, -0.0031891, , , , , , , , , , , , , , , , , , , , , , , , , , , , 
25.2444808, 0.0246738, , , , , , , 25.2444808, 0.0065461, , , , , , , 25.2444808, -0.0216526, , , , , , , 25.2444808, -0.0041962, , , , , , , , , , , , , , , , , , , , , , , , , , , , 
25.245, 0.0236667, , , , , , , 25.245, 0.0109102, , , , , , , 25.245, -0.0184634, , , , , , , 25.245, 0.0018463, , , , , , , , , , , , , , , , , , , , , , , , , , , , 
25.2455192, 0.0172885, , , , , , , 25.2455192, 0.0099031, , , , , , , 25.2455192, -0.0146029, , , , , , , 25.2455192, 0.0092317, , , , , , , , , , , , , , , , , , , , , , , , , , , , 
25.2460385, 0.0102388, , , , , , , 25.2460385, 0.0135958, , , , , , , 25.2460385, -0.0117494, , , , , , , 25.2460385, 0.0112459, , , , , , , , , , , , , , , , , , , , , , , , , , , , 
25.2465577, 0.0077211, , , , , , , 25.2465577, 0.0240024, , , , , , , 25.2465577, -0.0085603, , , , , , , 25.2465577, 0.008896, , , , , , , , , , , , , , , , , , , , , , , , , , , , 
25.2470769, 0.0166171, , , , , , , 25.2470769, 0.0337377, , , , , , , 25.2470769, -0.0038605, , , , , , , 25.2470769, 0.0016785, , , , , , , , , , , , , , , , , , , , , , , , , , , , 
25.2475962, 0.0370947, , , , , , , 25.2475962, 0.0293736, , , , , , , 25.2475962, -0.0001678, , , , , , , 25.2475962, -0.0035248, , , , , , , , , , , , , , , , , , , , , , , , , , , , 
25.2481154, 0.0602579, , , , , , , 25.2481154, 0.0038605, , , , , , , 25.2481154, 0.0025177, , , , , , , 25.2481154, -0.0045319, , , , , , , , , , , , , , , , , , , , , , , , , , , , 
25.2486346, 0.0861067, , , , , , , 25.2486346, -0.0263523, , , , , , , 25.2486346, 0.0041962, , , , , , , 25.2486346, -0.0058747, , , , , , , , , , , , , , , , , , , , , , , , , , , , 
25.2491538, 0.111284, , , , , , , 25.2491538, -0.0468299, , , , , , , 25.2491538, 0.0052033, , , , , , , 25.2491538, -0.0085603, , , , , , , , , , , , , , , , , , , , , , , , , , , , 
25.2496731, 0.1267262, , , , , , , 25.2496731, -0.0607614, , , , , , , 25.2496731, 0.0068818, , , , , , , 25.2496731, -0.0077211, , , , , , , , , , , , , , , , , , , , , , , , , , , , 
25.2501923, 0.1277333, , , , , , , 25.2501923, -0.0733501, , , , , , , 25.2501923, 0.0075532, , , , , , , 25.2501923, -0.0015106, , , , , , , , , , , , , , , , , , , , , , , , , , , , 
25.2507115, 0.1153124, , , , , , , 25.2507115, -0.0785534, , , , , , , 25.2507115, 0.0075532, , , , , , , 25.2507115, 0.0095674, , , , , , , , , , , , , , , , , , , , , , , , , , , , 
25.2512308, 0.096849, , , , , , , 25.2512308, -0.0652934, , , , , , , 25.2512308, 0.0078889, , , , , , , 25.2512308, 0.0162814, , , , , , , , , , , , , , , , , , , , , , , , , , , , 
25.25175, 0.0783856, , , , , , , 25.25175, -0.0411231, , , , , , , 25.25175, 0.0095674, , , , , , , 25.25175, 0.0172885, , , , , , , , , , , , , , , , , , , , , , , , , , , , 
25.2522692, 0.0629435, , , , , , , 25.2522692, -0.0229953, , , , , , , 25.2522692, 0.0102388, , , , , , , 25.2522692, 0.0182956, , , , , , , , , , , , , , , , , , , , , , , , , , , , 
25.2527885, 0.0515297, , , , , , , 25.2527885, -0.0151064, , , , , , , 25.2527885, 0.0115816, , , , , , , 25.2527885, 0.0199741, , , , , , , , , , , , , , , , , , , , , , , , , , , , 
25.2533077, 0.0360876, , , , , , , 25.2533077, -0.0135958, , , , , , , 25.2533077, 0.0092317, , , , , , , 25.2533077, 0.0250095, , , , , , , , , , , , , , , , , , , , , , , , , , , , 
25.2538269, 0.0213169, , , , , , , 25.2538269, -0.0119173, , , , , , , 25.2538269, 0.0065461, , , , , , , 25.2538269, 0.0325628, , , , , , , , , , , , , , , , , , , , , , , , , , , , 
25.2543462, 0.0075532, , , , , , , 25.2543462, -0.0092317, , , , , , , 25.2543462, 0.0048676, , , , , , , 25.2543462, 0.0381018, , , , , , , , , , , , , , , , , , , , , , , , , , , , 
25.2548654, -0.0015106, , , , , , , 25.2548654, -0.0057069, , , , , , , 25.2548654, 0.0035248, , , , , , , 25.2548654, 0.0417945, , , , , , , , , , , , , , , , , , , , , , , , , , , , 
25.2553846, -0.002182, , , , , , , 25.2553846, -0.0016785, , , , , , , 25.2553846, 0.0031891, , , , , , , 25.2553846, 0.047837, , , , , , , , , , , , , , , , , , , , , , , , , , , , 
25.2559038, -0.002182, , , , , , , 25.2559038, -0.0008392, , , , , , , 25.2559038, 0.0031891, , , , , , , 25.2559038, 0.0515297, , , , , , , , , , , , , , , , , , , , , , , , , , , , 
25.2564231, -0.0062104, , , , , , , 25.2564231, -0.0035248, , , , , , , 25.2564231, 0.0018463, , , , , , , 25.2564231, 0.0538796, , , , , , , , , , , , , , , , , , , , , , , , , , , , 
25.2569423, -0.0097353, , , , , , , 25.2569423, -0.0070497, , , , , , , 25.2569423, 0.0005035, , , , , , , 25.2569423, 0.0532082, , , , , , , , , , , , , , , , , , , , , , , , , , , , 
25.2574615, -0.0062104, , , , , , , 25.2574615, -0.0092317, , , , , , , 25.2574615, -0.0015106, , , , , , , 25.2574615, 0.0458228, , , , , , , , , , , , , , , , , , , , , , , , , , , , 
25.2579808, 0.0038605, , , , , , , 25.2579808, -0.0127565, , , , , , , 25.2579808, -0.0038605, , , , , , , 25.2579808, 0.036759, , , , , , , , , , , , , , , , , , , , , , , , , , , , 
25.2585, 0.0166171, , , , , , , 25.2585, -0.0182956, , , , , , , 25.2585, -0.0082246, , , , , , , 25.2585, 0.0305486, , , , , , , , , , , , , , , , , , , , , , , , , , , , 
25.2590192, 0.0293736, , , , , , , 25.2590192, -0.0223239, , , , , , , 25.2590192, -0.012253, , , , , , , 25.2590192, 0.0276951, , , , , , , , , , , , , , , , , , , , , , , , , , , , 
25.2595385, 0.0428016, , , , , , , 25.2595385, -0.0209812, , , , , , , 25.2595385, -0.0146029, , , , , , , 25.2595385, 0.0246738, , , , , , , , , , , , , , , , , , , , , , , , , , , , 
25.2600577, 0.0525368, , , , , , , 25.2600577, -0.0164492, , , , , , , 25.2600577, -0.0159457, , , , , , , 25.2600577, 0.0182956, , , , , , , , , , , , , , , , , , , , , , , , , , , , 
25.2605769, 0.0547189, , , , , , , 25.2605769, -0.014435, , , , , , , 25.2605769, -0.0146029, , , , , , , 25.2605769, 0.0137636, , , , , , , , , , , , , , , , , , , , , , , , , , , , 
25.2610962, 0.0515297, , , , , , , 25.2610962, -0.0125887, , , , , , , 25.2610962, -0.0124208, , , , , , , 25.2610962, 0.0119173, , , , , , , , , , , , , , , , , , , , , , , , , , , , 
25.2616154, 0.0446479, , , , , , , 25.2616154, -0.0038605, , , , , , , 25.2616154, -0.0117494, , , , , , , 25.2616154, 0.0125887, , , , , , , , , , , , , , , , , , , , , , , , , , , , 
25.2621346, 0.0414588, , , , , , , 25.2621346, 0.0065461, , , , , , , 25.2621346, -0.0115816, , , , , , , 25.2621346, 0.0119173, , , , , , , , , , , , , , , , , , , , , , , , , , , , 
25.2626538, 0.0424659, , , , , , , 25.2626538, 0.008896, , , , , , , 25.2626538, -0.008896, , , , , , , 25.2626538, 0.0105745, , , , , , , , , , , , , , , , , , , , , , , , , , , , 
25.2631731, 0.0441444, , , , , , , 25.2631731, 0.0057069, , , , , , , 25.2631731, -0.0075532, , , , , , , 25.2631731, 0.0085603, , , , , , , , , , , , , , , , , , , , , , , , , , , , 
25.2636923, 0.0428016, , , , , , , 25.2636923, 0.0031891, , , , , , , 25.2636923, -0.0078889, , , , , , , 25.2636923, 0.0058747, , , , , , , , , , , , , , , , , , , , , , , , , , , , 
25.2642115, 0.0381018, , , , , , , 25.2642115, 0.0083925, , , , , , , 25.2642115, -0.0072175, , , , , , , 25.2642115, 0.0048676, , , , , , , , , , , , , , , , , , , , , , , , , , , , 
25.2647308, 0.0293736, , , , , , , 25.2647308, 0.0224918, , , , , , , 25.2647308, -0.0068818, , , , , , , 25.2647308, 0.0052033, , , , , , , , , , , , , , , , , , , , , , , , , , , , 
25.26525, 0.0216526, , , , , , , 25.26525, 0.0377661, , , , , , , 25.26525, -0.0082246, , , , , , , 25.26525, 0.0058747, , , , , , , , , , , , , , , , , , , , , , , , , , , , 
25.2657692, 0.0179599, , , , , , , 25.2657692, 0.0424659, , , , , , , 25.2657692, -0.0082246, , , , , , , 25.2657692, 0.0082246, , , , , , , , , , , , , , , , , , , , , , , , , , , , 
25.2662885, 0.0179599, , , , , , , 25.2662885, 0.0313878, , , , , , , 25.2662885, -0.0062104, , , , , , , 25.2662885, 0.0099031, , , , , , , , , , , , , , , , , , , , , , , , , , , , 
25.2668077, 0.0146029, , , , , , , 25.2668077, 0.0085603, , , , , , , 25.2668077, -0.005539, , , , , , , 25.2668077, 0.0068818, , , , , , , , , , , , , , , , , , , , , , , , , , , , 
25.2673269, 0.0149386, , , , , , , 25.2673269, -0.0162814, , , , , , , 25.2673269, -0.0063783, , , , , , , 25.2673269, -0.0001678, , , , , , , , , , , , , , , , , , , , , , , , , , , , 
25.2678462, 0.0193027, , , , , , , 25.2678462, -0.0360876, , , , , , , 25.2678462, -0.0072175, , , , , , , 25.2678462, -0.0058747, , , , , , , , , , , , , , , , , , , , , , , , , , , , 
25.2683654, 0.0186313, , , , , , , 25.2683654, -0.0533761, , , , , , , 25.2683654, -0.0109102, , , , , , , 25.2683654, -0.0077211, , , , , , , , , , , , , , , , , , , , , , , , , , , , 
25.2688846, 0.0149386, , , , , , , 25.2688846, -0.051194, , , , , , , 25.2688846, -0.0151064, , , , , , , 25.2688846, -0.0085603, , , , , , , , , , , , , , , , , , , , , , , , , , , , 
25.2694038, 0.0213169, , , , , , , 25.2694038, -0.0287022, , , , , , , 25.2694038, -0.0176242, , , , , , , 25.2694038, -0.0102388, , , , , , , , , , , , , , , , , , , , , , , , , , , , 
25.2699231, 0.0374304, , , , , , , 25.2699231, -0.0070497, , , , , , , 25.2699231, -0.0193027, , , , , , , 25.2699231, -0.008896, , , , , , , , , , , , , , , , , , , , , , , , , , , , 
25.2704423, 0.0448157, , , , , , , 25.2704423, 0.0025177, , , , , , , 25.2704423, -0.0209812, , , , , , , 25.2704423, -0.0016785, , , , , , , , , , , , , , , , , , , , , , , , , , , , 
25.2709615, 0.0402838, , , , , , , 25.2709615, 0.0038605, , , , , , , 25.2709615, -0.0223239, , , , , , , 25.2709615, 0.0073854, , , , , , , , , , , , , , , , , , , , , , , , , , , , 
25.2714808, 0.0441444, , , , , , , 25.2714808, 0.0025177, , , , , , , 25.2714808, -0.0216526, , , , , , , 25.2714808, 0.0149386, , , , , , , , , , , , , , , , , , , , , , , , , , , , 
25.272, 0.0569009, , , , , , , 25.272, 0.0008392, , , , , , , 25.272, -0.018967, , , , , , , 25.272, 0.0199741, , , , , , , , , , , , , , , , , , , , , , , , , , , , 
25.2725192, 0.0589151, , , , , , , 25.2725192, 0.0031891, , , , , , , 25.2725192, -0.0169528, , , , , , , 25.2725192, 0.0213169, , , , , , , , , , , , , , , , , , , , , , , , , , , , 
25.2730385, 0.0433051, , , , , , , 25.2730385, 0.0052033, , , , , , , 25.2730385, -0.0149386, , , , , , , 25.2730385, 0.0260166, , , , , , , , , , , , , , , , , , , , , , , , , , , , 
25.2735577, 0.0186313, , , , , , , 25.2735577, 0.0045319, , , , , , , 25.2735577, -0.0115816, , , , , , , 25.2735577, 0.0320592, , , , , , , , , , , , , , , , , , , , , , , , , , , , 
25.2740769, -0.0028534, , , , , , , 25.2740769, 0.0018463, , , , , , , 25.2740769, -0.0043641, , , , , , , 25.2740769, 0.0372625, , , , , , , , , , , , , , , , , , , , , , , , , , , , 
25.2745962, -0.0169528, , , , , , , 25.2745962, -0.0001678, , , , , , , 25.2745962, -0.0005035, , , , , , , 25.2745962, 0.0428016, , , , , , , , , , , , , , , , , , , , , , , , , , , , 
25.2751154, -0.0276951, , , , , , , 25.2751154, -0.0028534, , , , , , , 25.2751154, -0.0005035, , , , , , , 25.2751154, 0.0468299, , , , , , , , , , , , , , , , , , , , , , , , , , , , 
25.2756346, -0.0391089, , , , , , , 25.2756346, -0.0041962, , , , , , , 25.2756346, -0.0018463, , , , , , , 25.2756346, 0.0488441, , , , , , , , , , , , , , , , , , , , , , , , , , , , 
25.2761538, -0.0451514, , , , , , , 25.2761538, -0.0011749, , , , , , , 25.2761538, -0.002182, , , , , , , 25.2761538, 0.0475013, , , , , , , , , , , , , , , , , , , , , , , , , , , , 
25.2766731, -0.04448, , , , , , , 25.2766731, 0.0092317, , , , , , , 25.2766731, -0.0041962, , , , , , , 25.2766731, 0.0439765, , , , , , , , , , , , , , , , , , , , , , , , , , , , 
25.2771923, -0.0424659, , , , , , , 25.2771923, 0.0263523, , , , , , , 25.2771923, -0.0041962, , , , , , , 25.2771923, 0.0397803, , , , , , , , , , , , , , , , , , , , , , , , , , , , 
25.2777115, -0.0399481, , , , , , , 25.2777115, 0.0377661, , , , , , , 25.2777115, -0.0035248, , , , , , , 25.2777115, 0.0365911, , , , , , , , , , , , , , , , , , , , , , , , , , , , 
25.2782308, -0.0317235, , , , , , , 25.2782308, 0.0293736, , , , , , , 25.2782308, -0.0038605, , , , , , , 25.2782308, 0.0315557, , , , , , , , , , , , , , , , , , , , , , , , , , , , 
25.27875, -0.0186313, , , , , , , 25.27875, 0.0102388, , , , , , , 25.27875, -0.0050355, , , , , , , 25.27875, 0.0250095, , , , , , , , , , , , , , , , , , , , , , , , , , , , 
25.2792692, -0.0112459, , , , , , , 25.2792692, -0.0102388, , , , , , , 25.2792692, -0.0050355, , , , , , , 25.2792692, 0.0203098, , , , , , , , , , , , , , , , , , , , , , , , , , , , 
25.2797885, -0.0075532, , , , , , , 25.2797885, -0.0297093, , , , , , , 25.2797885, -0.0041962, , , , , , , 25.2797885, 0.0162814, , , , , , , , , , , , , , , , , , , , , , , , , , , , 
25.2803077, -0.0072175, , , , , , , 25.2803077, -0.0491798, , , , , , , 25.2803077, -0.0035248, , , , , , , 25.2803077, 0.0132601, , , , , , , , , , , , , , , , , , , , , , , , , , , , 
25.2808269, -0.0031891, , , , , , , 25.2808269, -0.0609293, , , , , , , 25.2808269, -0.0030213, , , , , , , 25.2808269, 0.0132601, , , , , , , , , , , , , , , , , , , , , , , , , , , , 
25.2813462, 0.0166171, , , , , , , 25.2813462, -0.0505226, , , , , , , 25.2813462, -0.002182, , , , , , , 25.2813462, 0.0125887, , , , , , , , , , , , , , , , , , , , , , , , , , , , 
25.2818654, 0.0364233, , , , , , , 25.2818654, -0.0271916, , , , , , , 25.2818654, -0.0025177, , , , , , , 25.2818654, 0.0104067, , , , , , , , , , , , , , , , , , , , , , , , , , , , 
25.2823846, 0.0392767, , , , , , , 25.2823846, -0.008896, , , , , , , 25.2823846, -0.0035248, , , , , , , 25.2823846, 0.0068818, , , , , , , , , , , , , , , , , , , , , , , , , , , , 
25.2829038, 0.0354162, , , , , , , 25.2829038, 0.0016785, , , , , , , 25.2829038, -0.0038605, , , , , , , 25.2829038, 0.0038605, , , , , , , , , , , , , , , , , , , , , , , , , , , , 
25.2834231, 0.0428016, , , , , , , 25.2834231, 0.0092317, , , , , , , 25.2834231, -0.0041962, , , , , , , 25.2834231, 0.0031891, , , , , , , , , , , , , , , , , , , , , , , , , , , , 
25.2839423, 0.0736858, , , , , , , 25.2839423, 0.0137636, , , , , , , 25.2839423, -0.0062104, , , , , , , 25.2839423, 0.003357, , , , , , , , , , , , , , , , , , , , , , , , , , , , 
25.2844615, 0.1052415, , , , , , , 25.2844615, 0.014435, , , , , , , 25.2844615, -0.0082246, , , , , , , 25.2844615, 0.0018463, , , , , , , , , , , , , , , , , , , , , , , , , , , , 
25.2849808, 0.1126268, , , , , , , 25.2849808, 0.0115816, , , , , , , 25.2849808, -0.0095674, , , , , , , 25.2849808, -0.0015106, , , , , , , , , , , , , , , , , , , , , , , , , , , , 
25.2855, 0.0991989, , , , , , , 25.2855, 0.0038605, , , , , , , 25.2855, -0.0095674, , , , , , , 25.2855, -0.0036927, , , , , , , , , , , , , , , , , , , , , , , , , , , , 
25.2860192, 0.0777142, , , , , , , 25.2860192, -0.0035248, , , , , , , 25.2860192, -0.0072175, , , , , , , 25.2860192, -0.0062104, , , , , , , , , , , , , , , , , , , , , , , , , , , , 
25.2865385, 0.0589151, , , , , , , 25.2865385, -0.0095674, , , , , , , 25.2865385, -0.0048676, , , , , , , 25.2865385, -0.0099031, , , , , , , , , , , , , , , , , , , , , , , , , , , , 
25.2870577, 0.0495155, , , , , , , 25.2870577, -0.01561, , , , , , , 25.2870577, -0.0062104, , , , , , , 25.2870577, -0.01561, , , , , , , , , , , , , , , , , , , , , , , , , , , , 
25.2875769, 0.0485084, , , , , , , 25.2875769, -0.0229953, , , , , , , 25.2875769, -0.0078889, , , , , , , 25.2875769, -0.0221561, , , , , , , , , , , , , , , , , , , , , , , , , , , , 
25.2880962, 0.0481727, , , , , , , 25.2880962, -0.0256809, , , , , , , 25.2880962, -0.0062104, , , , , , , 25.2880962, -0.0263523, , , , , , , , , , , , , , , , , , , , , , , , , , , , 
25.2886154, 0.0458228, , , , , , , 25.2886154, -0.0164492, , , , , , , 25.2886154, -0.0008392, , , , , , , 25.2886154, -0.026688, , , , , , , , , , , , , , , , , , , , , , , , , , , , 
25.2891346, 0.0441444, , , , , , , 25.2891346, -0.0041962, , , , , , , 25.2891346, 0.0052033, , , , , , , 25.2891346, -0.0271916, , , , , , , , , , , , , , , , , , , , , , , , , , , , 
25.2896538, 0.0441444, , , , , , , 25.2896538, 0.0132601, , , , , , , 25.2896538, 0.0070497, , , , , , , 25.2896538, -0.0283665, , , , , , , , , , , , , , , , , , , , , , , , , , , , 
25.2901731, 0.043473, , , , , , , 25.2901731, 0.0273594, , , , , , , 25.2901731, 0.0041962, , , , , , , 25.2901731, -0.0276951, , , , , , , , , , , , , , , , , , , , , , , , , , , , 
25.2906923, 0.0359197, , , , , , , 25.2906923, 0.01561, , , , , , , 25.2906923, 0.0011749, , , , , , , 25.2906923, -0.0229953, , , , , , , , , , , , , , , , , , , , , , , , , , , , 
25.2912115, 0.0243381, , , , , , , 25.2912115, -0.0198062, , , , , , , 25.2912115, -0.0035248, , , , , , , 25.2912115, -0.0159457, , , , , , , , , , , , , , , , , , , , , , , , , , , , 
25.2917308, 0.0125887, , , , , , , 25.2917308, -0.0428016, , , , , , , 25.2917308, -0.012253, , , , , , , 25.2917308, -0.0102388, , , , , , , , , , , , , , , , , , , , , , , , , , , , 
25.29225, 0.0038605, , , , , , , 25.29225, -0.0318914, , , , , , , 25.29225, -0.0206455, , , , , , , 25.29225, -0.0048676, , , , , , , , , , , , , , , , , , , , , , , , , , , , 
25.2927692, 0.0025177, , , , , , , 25.2927692, 0.0149386, , , , , , , 25.2927692, -0.0260166, , , , , , , 25.2927692, 0.0030213, , , , , , , , , , , , , , , , , , , , , , , , , , , , 
25.2932885, 0.0045319, , , , , , , 25.2932885, 0.0616007, , , , , , , 25.2932885, -0.0253452, , , , , , , 25.2932885, 0.0104067, , , , , , , , , , , , , , , , , , , , , , , , , , , , 
25.2938077, -0.0075532, , , , , , , 25.2938077, 0.0391089, , , , , , , 25.2938077, -0.0182956, , , , , , , 25.2938077, 0.0171206, , , , , , , , , , , , , , , , , , , , , , , , , , , , 
25.2943269, -0.0243381, , , , , , , 25.2943269, -0.0394446, , , , , , , 25.2943269, -0.011078, , , , , , , 25.2943269, 0.0228275, , , , , , , , , , , , , , , , , , , , , , , , , , , , 
25.2948462, -0.0377661, , , , , , , 25.2948462, -0.103563, , , , , , , 25.2948462, -0.0070497, , , , , , , 25.2948462, 0.026688, , , , , , , , , , , , , , , , , , , , , , , , , , , , 
25.2953654, -0.0498512, , , , , , , 25.2953654, -0.1210193, , , , , , , 25.2953654, -0.0063783, , , , , , , 25.2953654, 0.0297093, , , , , , , , , , , , , , , , , , , , , , , , , , , , 
25.2958846, -0.0666361, , , , , , , 25.2958846, -0.10692, , , , , , , 25.2958846, -0.0057069, , , , , , , 25.2958846, 0.0340734, , , , , , , , , , , , , , , , , , , , , , , , , , , , 
25.2964038, -0.0800641, , , , , , , 25.2964038, -0.0830854, , , , , , , 25.2964038, -0.0048676, , , , , , , 25.2964038, 0.0381018, , , , , , , , , , , , , , , , , , , , , , , , , , , , 
25.2969231, -0.0834211, , , , , , , 25.2969231, -0.0535439, , , , , , , 25.2969231, -0.0031891, , , , , , , 25.2969231, 0.040116, , , , , , , , , , , , , , , , , , , , , , , , , , , , 
25.2974423, -0.0770428, , , , , , , 25.2974423, -0.0243381, , , , , , , 25.2974423, -0.0015106, , , , , , , 25.2974423, 0.0370947, , , , , , , , , , , , , , , , , , , , , , , , , , , , 
25.2979615, -0.0666361, , , , , , , 25.2979615, -0.0041962, , , , , , , 25.2979615, -0.0041962, , , , , , , 25.2979615, 0.0313878, , , , , , , , , , , , , , , , , , , , , , , , , , , , 
25.2984808, -0.0552224, , , , , , , 25.2984808, -0.0008392, , , , , , , 25.2984808, -0.0095674, , , , , , , 25.2984808, 0.026688, , , , , , , , , , , , , , , , , , , , , , , , , , , , 
25.299, -0.051194, , , , , , , 25.299, -0.0176242, , , , , , , 25.299, -0.012253, , , , , , , 25.299, 0.023331, , , , , , , , , , , , , , , , , , , , , , , , , , , , 
25.2995192, -0.0542153, , , , , , , 25.2995192, -0.0330663, , , , , , , 25.2995192, -0.0124208, , , , , , , 25.2995192, 0.0193027, , , , , , , , , , , , , , , , , , , , , , , , , , , , 
25.3000385, -0.054551, , , , , , , 25.3000385, -0.0213169, , , , , , , 25.3000385, -0.0129244, , , , , , , 25.3000385, 0.0078889, , , , , , , , , , , , , , , , , , , , , , , , , , , , 
25.3005577, -0.0495155, , , , , , , 25.3005577, 0.0068818, , , , , , , 25.3005577, -0.0129244, , , , , , , 25.3005577, -0.0048676, , , , , , , , , , , , , , , , , , , , , , , , , , , , 
25.3010769, -0.04448, , , , , , , 25.3010769, 0.030045, , , , , , , 25.3010769, -0.0149386, , , , , , , 25.3010769, -0.0115816, , , , , , , , , , , , , , , , , , , , , , , , , , , , 
25.3015962, -0.0325628, , , , , , , 25.3015962, 0.0365911, , , , , , , 25.3015962, -0.0179599, , , , , , , 25.3015962, -0.0109102, , , , , , , , , , , , , , , , , , , , , , , , , , , , 
25.3021154, -0.0179599, , , , , , , 25.3021154, 0.0223239, , , , , , , 25.3021154, -0.0206455, , , , , , , 25.3021154, -0.0065461, , , , , , , , , , , , , , , , , , , , , , , , , , , , 
25.3026346, -0.0115816, , , , , , , 25.3026346, 0.0031891, , , , , , , 25.3026346, -0.0219883, , , , , , , 25.3026346, -0.0018463, , , , , , , , , , , , , , , , , , , , , , , , , , , , 
25.3031538, -0.0104067, , , , , , , 25.3031538, -0.002182, , , , , , , 25.3031538, -0.0229953, , , , , , , 25.3031538, 0.0052033, , , , , , , , , , , , , , , , , , , , , , , , , , , , 
25.3036731, -0.0075532, , , , , , , 25.3036731, -0.0058747, , , , , , , 25.3036731, -0.0246738, , , , , , , 25.3036731, 0.0132601, , , , , , , , , , , , , , , , , , , , , , , , , , , , 
25.3041923, -0.0063783, , , , , , , 25.3041923, -0.0204776, , , , , , , 25.3041923, -0.0236667, , , , , , , 25.3041923, 0.0203098, , , , , , , , , , , , , , , , , , , , , , , , , , , , 
25.3047115, -0.0075532, , , , , , , 25.3047115, -0.0344091, , , , , , , 25.3047115, -0.0203098, , , , , , , 25.3047115, 0.0273594, , , , , , , , , , , , , , , , , , , , , , , , , , , , 
25.3052308, -0.0075532, , , , , , , 25.3052308, -0.0386053, , , , , , , 25.3052308, -0.0179599, , , , , , , 25.3052308, 0.0340734, , , , , , , , , , , , , , , , , , , , , , , , , , , , 
25.30575, -0.0052033, , , , , , , 25.30575, -0.0431373, , , , , , , 25.30575, -0.0166171, , , , , , , 25.30575, 0.0394446, , , , , , , , , , , , , , , , , , , , , , , , , , , , 
25.3062692, -0.0008392, , , , , , , 25.3062692, -0.0448157, , , , , , , 25.3062692, -0.0135958, , , , , , , 25.3062692, 0.0448157, , , , , , , , , , , , , , , , , , , , , , , , , , , , 
25.3067885, 0.0095674, , , , , , , 25.3067885, -0.0344091, , , , , , , 25.3067885, -0.0102388, , , , , , , 25.3067885, 0.0448157, , , , , , , , , , , , , , , , , , , , , , , , , , , , 
25.3073077, 0.0146029, , , , , , , 25.3073077, -0.0162814, , , , , , , 25.3073077, -0.0109102, , , , , , , 25.3073077, 0.0409552, , , , , , , , , , , , , , , , , , , , , , , , , , , , 
25.3078269, 0.0206455, , , , , , , 25.3078269, -0.0003357, , , , , , , 25.3078269, -0.014435, , , , , , , 25.3078269, 0.0317235, , , , , , , , , , , , , , , , , , , , , , , , , , , , 
25.3083462, 0.0337377, , , , , , , 25.3083462, 0.0099031, , , , , , , 25.3083462, -0.0151064, , , , , , , 25.3083462, 0.0159457, , , , , , , , , , , , , , , , , , , , , , , , , , , , 
25.3088654, 0.0441444, , , , , , , 25.3088654, 0.0139315, , , , , , , 25.3088654, -0.0135958, , , , , , , 25.3088654, 0.002182, , , , , , , , , , , , , , , , , , , , , , , , , , , , 
25.3093846, 0.0461585, , , , , , , 25.3093846, 0.0157778, , , , , , , 25.3093846, -0.0102388, , , , , , , 25.3093846, -0.0075532, , , , , , , , , , , , , , , , , , , , , , , , , , , , 
25.3099038, 0.0441444, , , , , , , 25.3099038, 0.0191348, , , , , , , 25.3099038, -0.0078889, , , , , , , 25.3099038, -0.0142672, , , , , , , , , , , , , , , , , , , , , , , , , , , , 
25.3104231, 0.040116, , , , , , , 25.3104231, 0.0240024, , , , , , , 25.3104231, -0.0092317, , , , , , , 25.3104231, -0.017792, , , , , , , , , , , , , , , , , , , , , , , , , , , , 
25.3109423, 0.0352483, , , , , , , 25.3109423, 0.0260166, , , , , , , 25.3109423, -0.011078, , , , , , , 25.3109423, -0.0209812, , , , , , , , , , , , , , , , , , , , , , , , , , , , 
25.3114615, 0.0320592, , , , , , , 25.3114615, 0.0260166, , , , , , , 25.3114615, -0.0115816, , , , , , , 25.3114615, -0.0256809, , , , , , , , , , , , , , , , , , , , , , , , , , , , 
25.3119808, 0.0287022, , , , , , , 25.3119808, 0.0243381, , , , , , , 25.3119808, -0.0135958, , , , , , , 25.3119808, -0.0273594, , , , , , , , , , , , , , , , , , , , , , , , , , , , 
25.3125, 0.0216526, , , , , , , 25.3125, 0.0182956, , , , , , , 25.3125, -0.0142672, , , , , , , 25.3125, -0.0223239, , , , , , , , , , , , , , , , , , , , , , , , , , , , 
25.3130192, 0.0083925, , , , , , , 25.3130192, 0.0085603, , , , , , , 25.3130192, -0.012253, , , , , , , 25.3130192, -0.0105745, , , , , , , , , , , , , , , , , , , , , , , , , , , , 
25.3135385, -0.002182, , , , , , , 25.3135385, -0.0028534, , , , , , , 25.3135385, -0.0112459, , , , , , , 25.3135385, 0.0043641, , , , , , , , , , , , , , , , , , , , , , , , , , , , 
25.3140577, -0.0078889, , , , , , , 25.3140577, -0.0169528, , , , , , , 25.3140577, -0.0139315, , , , , , , 25.3140577, 0.0161135, , , , , , , , , , , , , , , , , , , , , , , , , , , , 
25.3145769, -0.0095674, , , , , , , 25.3145769, -0.0240024, , , , , , , 25.3145769, -0.0157778, , , , , , , 25.3145769, 0.024506, , , , , , , , , , , , , , , , , , , , , , , , , , , , 
25.3150962, -0.012253, , , , , , , 25.3150962, -0.0176242, , , , , , , 25.3150962, -0.0149386, , , , , , , 25.3150962, 0.0337377, , , , , , , , , , , , , , , , , , , , , , , , , , , , 
25.3156154, -0.0169528, , , , , , , 25.3156154, -0.0068818, , , , , , , 25.3156154, -0.0129244, , , , , , , 25.3156154, 0.040116, , , , , , , , , , , , , , , , , , , , , , , , , , , , 
25.3161346, -0.0223239, , , , , , , 25.3161346, 0.0008392, , , , , , , 25.3161346, -0.0102388, , , , , , , 25.3161346, 0.0454871, , , , , , , , , , , , , , , , , , , , , , , , , , , , 
25.3166538, -0.0303807, , , , , , , 25.3166538, 0.0041962, , , , , , , 25.3166538, -0.0045319, , , , , , , 25.3166538, 0.0486763, , , , , , , , , , , , , , , , , , , , , , , , , , , , 
25.3171731, -0.0320592, , , , , , , 25.3171731, 0.0062104, , , , , , , 25.3171731, 0.0018463, , , , , , , 25.3171731, 0.0451514, , , , , , , , , , , , , , , , , , , , , , , , , , , , 
25.3176923, -0.0256809, , , , , , , 25.3176923, 0.0085603, , , , , , , 25.3176923, 0.0082246, , , , , , , 25.3176923, 0.0387732, , , , , , , , , , , , , , , , , , , , , , , , , , , , 
25.3182115, -0.0203098, , , , , , , 25.3182115, 0.0085603, , , , , , , 25.3182115, 0.0124208, , , , , , , 25.3182115, 0.0352483, , , , , , , , , , , , , , , , , , , , , , , , , , , , 
25.3187308, -0.0151064, , , , , , , 25.3187308, 0.0041962, , , , , , , 25.3187308, 0.0146029, , , , , , , 25.3187308, 0.03122, , , , , , , , , , , , , , , , , , , , , , , , , , , , 
25.31925, -0.0105745, , , , , , , 25.31925, 0.0025177, , , , , , , 25.31925, 0.0179599, , , , , , , 25.31925, 0.026688, , , , , , , , , , , , , , , , , , , , , , , , , , , , 
25.3197692, -0.0045319, , , , , , , 25.3197692, 0.0030213, , , , , , , 25.3197692, 0.0196384, , , , , , , 25.3197692, 0.0250095, , , , , , , , , , , , , , , , , , , , , , , , , , , , 
25.3202885, 0.0052033, , , , , , , 25.3202885, 0.0010071, , , , , , , 25.3202885, 0.0152743, , , , , , , 25.3202885, 0.0251774, , , , , , , , , , , , , , , , , , , , , , , , , , , , 
25.3208077, 0.0090639, , , , , , , 25.3208077, -0.0010071, , , , , , , 25.3208077, 0.0048676, , , , , , , 25.3208077, 0.0236667, , , , , , , , , , , , , , , , , , , , , , , , , , , , 
25.3213269, 0.0082246, , , , , , , 25.3213269, -0.0041962, , , , , , , 25.3213269, -0.0068818, , , , , , , 25.3213269, 0.0213169, , , , , , , , , , , , , , , , , , , , , , , , , , , , 
25.3218462, 0.0092317, , , , , , , 25.3218462, -0.0072175, , , , , , , 25.3218462, -0.0105745, , , , , , , 25.3218462, 0.0196384, , , , , , , , , , , , , , , , , , , , , , , , , , , , 
25.3223654, 0.0152743, , , , , , , 25.3223654, -0.0046998, , , , , , , 25.3223654, -0.0075532, , , , , , , 25.3223654, 0.01561, , , , , , , , , , , , , , , , , , , , , , , , , , , , 
25.3228846, 0.0193027, , , , , , , 25.3228846, -0.0005035, , , , , , , 25.3228846, -0.0008392, , , , , , , 25.3228846, 0.0112459, , , , , , , , , , , , , , , , , , , , , , , , , , , , 
25.3234038, 0.0226596, , , , , , , 25.3234038, 0.0005035, , , , , , , 25.3234038, 0.0031891, , , , , , , 25.3234038, 0.0085603, , , , , , , , , , , , , , , , , , , , , , , , , , , , 
25.3239231, 0.0236667, , , , , , , 25.3239231, 0.0008392, , , , , , , 25.3239231, 0.0043641, , , , , , , 25.3239231, 0.0078889, , , , , , , , , , , , , , , , , , , , , , , , , , , , 
25.3244423, 0.0204776, , , , , , , 25.3244423, 0.0065461, , , , , , , 25.3244423, 0.0038605, , , , , , , 25.3244423, 0.0078889, , , , , , , , , , , , , , , , , , , , , , , , , , , , 
25.3249615, 0.0171206, , , , , , , 25.3249615, 0.0142672, , , , , , , 25.3249615, 0.0045319, , , , , , , 25.3249615, 0.0090639, , , , , , , , , , , , , , , , , , , , , , , , , , , , 
25.3254808, 0.014435, , , , , , , 25.3254808, 0.0159457, , , , , , , 25.3254808, 0.0075532, , , , , , , 25.3254808, 0.0105745, , , , , , , , , , , , , , , , , , , , , , , , , , , , 
25.326, 0.0119173, , , , , , , 25.326, 0.0105745, , , , , , , 25.326, 0.0097353, , , , , , , 25.326, 0.0092317, , , , , , , , , , , , , , , , , , , , , , , , , , , , 
25.3265192, 0.0119173, , , , , , , 25.3265192, -0.0008392, , , , , , , 25.3265192, 0.0092317, , , , , , , 25.3265192, 0.0038605, , , , , , , , , , , , , , , , , , , , , , , , , , , , 
25.3270385, 0.0172885, , , , , , , 25.3270385, -0.012253, , , , , , , 25.3270385, 0.0092317, , , , , , , 25.3270385, -0.0015106, , , , , , , , , , , , , , , , , , , , , , , , , , , , 
25.3275577, 0.0263523, , , , , , , 25.3275577, -0.0125887, , , , , , , 25.3275577, 0.0092317, , , , , , , 25.3275577, -0.0072175, , , , , , , , , , , , , , , , , , , , , , , , , , , , 
25.3280769, 0.0357519, , , , , , , 25.3280769, -0.0025177, , , , , , , 25.3280769, 0.0068818, , , , , , , 25.3280769, -0.0109102, , , , , , , , , , , , , , , , , , , , , , , , , , , , 
25.3285962, 0.0417945, , , , , , , 25.3285962, 0.0062104, , , , , , , 25.3285962, 0.0031891, , , , , , , 25.3285962, -0.0102388, , , , , , , , , , , , , , , , , , , , , , , , , , , , 
25.3291154, 0.0441444, , , , , , , 25.3291154, 0.0085603, , , , , , , 25.3291154, -0.0045319, , , , , , , 25.3291154, -0.0095674, , , , , , , , , , , , , , , , , , , , , , , , , , , , 
25.3296346, 0.0441444, , , , , , , 25.3296346, 0.0038605, , , , , , , 25.3296346, -0.012253, , , , , , , 25.3296346, -0.0109102, , , , , , , , , , , , , , , , , , , , , , , , , , , , 
25.3301538, 0.0464942, , , , , , , 25.3301538, -0.0090639, , , , , , , 25.3301538, -0.0152743, , , , , , , 25.3301538, -0.0078889, , , , , , , , , , , , , , , , , , , , , , , , , , , , 
25.3306731, 0.0508583, , , , , , , 25.3306731, -0.0265202, , , , , , , 25.3306731, -0.01561, , , , , , , 25.3306731, -0.0005035, , , , , , , , , , , , , , , , , , , , , , , , , , , , 
25.3311923, 0.0535439, , , , , , , 25.3311923, -0.0404517, , , , , , , 25.3311923, -0.0176242, , , , , , , 25.3311923, 0.0058747, , , , , , , , , , , , , , , , , , , , , , , , , , , , 
25.3317115, 0.0441444, , , , , , , 25.3317115, -0.0518654, , , , , , , 25.3317115, -0.018967, , , , , , , 25.3317115, 0.0092317, , , , , , , , , , , , , , , , , , , , , , , , , , , , 
25.3322308, 0.0290379, , , , , , , 25.3322308, -0.0562295, , , , , , , 25.3322308, -0.0213169, , , , , , , 25.3322308, 0.0075532, , , , , , , , , , , , , , , , , , , , , , , , , , , , 
25.33275, 0.0243381, , , , , , , 25.33275, -0.0453193, , , , , , , 25.33275, -0.0250095, , , , , , , 25.33275, 0.0052033, , , , , , , , , , , , , , , , , , , , , , , , , , , , 
25.3332692, 0.0196384, , , , , , , 25.3332692, -0.0287022, , , , , , , 25.3332692, -0.0263523, , , , , , , 25.3332692, 0.0082246, , , , , , , , , , , , , , , , , , , , , , , , , , , , 
25.3337885, 0.0102388, , , , , , , 25.3337885, -0.0194705, , , , , , , 25.3337885, -0.024506, , , , , , , 25.3337885, 0.0130922, , , , , , , , , , , , , , , , , , , , , , , , , , , , 
25.3343077, -0.0023499, , , , , , , 25.3343077, -0.0169528, , , , , , , 25.3343077, -0.0216526, , , , , , , 25.3343077, 0.0193027, , , , , , , , , , , , , , , , , , , , , , , , , , , , 
25.3348269, -0.0119173, , , , , , , 25.3348269, -0.0146029, , , , , , , 25.3348269, -0.0196384, , , , , , , 25.3348269, 0.0270237, , , , , , , , , , , , , , , , , , , , , , , , , , , , 
25.3353462, -0.0186313, , , , , , , 25.3353462, -0.008896, , , , , , , 25.3353462, -0.0209812, , , , , , , 25.3353462, 0.0354162, , , , , , , , , , , , , , , , , , , , , , , , , , , , 
25.3358654, -0.0243381, , , , , , , 25.3358654, -0.0041962, , , , , , , 25.3358654, -0.0196384, , , , , , , 25.3358654, 0.0428016, , , , , , , , , , , , , , , , , , , , , , , , , , , , 
25.3363846, -0.0337377, , , , , , , 25.3363846, -0.0038605, , , , , , , 25.3363846, -0.0169528, , , , , , , 25.3363846, 0.0464942, , , , , , , , , , , , , , , , , , , , , , , , , , , , 
25.3369038, -0.0431373, , , , , , , 25.3369038, -0.0058747, , , , , , , 25.3369038, -0.0169528, , , , , , , 25.3369038, 0.0454871, , , , , , , , , , , , , , , , , , , , , , , , , , , , 
25.3374231, -0.0431373, , , , , , , 25.3374231, -0.0065461, , , , , , , 25.3374231, -0.014435, , , , , , , 25.3374231, 0.0428016, , , , , , , , , , , , , , , , , , , , , , , , , , , , 
25.3379423, -0.0290379, , , , , , , 25.3379423, -0.0023499, , , , , , , 25.3379423, -0.0129244, , , , , , , 25.3379423, 0.0387732, , , , , , , , , , , , , , , , , , , , , , , , , , , , 
25.3384615, -0.0078889, , , , , , , 25.3384615, 0.0011749, , , , , , , 25.3384615, -0.0142672, , , , , , , 25.3384615, 0.0374304, , , , , , , , , , , , , , , , , , , , , , , , , , , , 
25.3389808, 0.0112459, , , , , , , 25.3389808, -0.0015106, , , , , , , 25.3389808, -0.0151064, , , , , , , 25.3389808, 0.0381018, , , , , , , , , , , , , , , , , , , , , , , , , , , , 
25.3395, 0.0243381, , , , , , , 25.3395, -0.0070497, , , , , , , 25.3395, -0.0149386, , , , , , , 25.3395, 0.0372625, , , , , , , , , , , , , , , , , , , , , , , , , , , , 
25.3400192, 0.0347448, , , , , , , 25.3400192, -0.0092317, , , , , , , 25.3400192, -0.0182956, , , , , , , 25.3400192, 0.0325628, , , , , , , , , , , , , , , , , , , , , , , , , , , , 
25.3405385, 0.0404517, , , , , , , 25.3405385, -0.0068818, , , , , , , 25.3405385, -0.018967, , , , , , , 25.3405385, 0.024506, , , , , , , , , , , , , , , , , , , , , , , , , , , , 
25.3410577, 0.0428016, , , , , , , 25.3410577, -0.0045319, , , , , , , 25.3410577, -0.01561, , , , , , , 25.3410577, 0.0159457, , , , , , , , , , , , , , , , , , , , , , , , , , , , 
25.3415769, 0.0508583, , , , , , , 25.3415769, -0.002182, , , , , , , 25.3415769, -0.0097353, , , , , , , 25.3415769, 0.0105745, , , , , , , , , , , , , , , , , , , , , , , , , , , , 
25.3420962, 0.061265, , , , , , , 25.3420962, -0.0018463, , , , , , , 25.3420962, -0.0035248, , , , , , , 25.3420962, 0.0072175, , , , , , , , , , , , , , , , , , , , , , , , , , , , 
25.3426154, 0.0627756, , , , , , , 25.3426154, -0.0018463, , , , , , , 25.3426154, 0.0005035, , , , , , , 25.3426154, 0.005539, , , , , , , , , , , , , , , , , , , , , , , , , , , , 
25.3431346, 0.0527047, , , , , , , 25.3431346, -0.0008392, , , , , , , 25.3431346, -0.0001678, , , , , , , 25.3431346, 0.002182, , , , , , , , , , , , , , , , , , , , , , , , , , , , 
25.3436538, 0.0394446, , , , , , , 25.3436538, -0.0015106, , , , , , , 25.3436538, -0.0041962, , , , , , , 25.3436538, 0.0003357, , , , , , , , , , , , , , , , , , , , , , , , , , , , 
25.3441731, 0.0350805, , , , , , , 25.3441731, -0.0031891, , , , , , , 25.3441731, -0.0068818, , , , , , , 25.3441731, -0.0018463, , , , , , , , , , , , , , , , , , , , , , , , , , , , 
25.3446923, 0.0411231, , , , , , , 25.3446923, -0.0065461, , , , , , , 25.3446923, -0.0092317, , , , , , , 25.3446923, -0.0028534, , , , , , , , , , , , , , , , , , , , , , , , , , , , 
25.3452115, 0.043473, , , , , , , 25.3452115, -0.0115816, , , , , , , 25.3452115, -0.0102388, , , , , , , 25.3452115, 0.0005035, , , , , , , , , , , , , , , , , , , , , , , , , , , , 
25.3457308, 0.0421302, , , , , , , 25.3457308, -0.0149386, , , , , , , 25.3457308, -0.0115816, , , , , , , 25.3457308, 0.0035248, , , , , , , , , , , , , , , , , , , , , , , , , , , , 
25.34625, 0.040116, , , , , , , 25.34625, -0.0139315, , , , , , , 25.34625, -0.012253, , , , , , , 25.34625, 0.0008392, , , , , , , , , , , , , , , , , , , , , , , , , , , , 
25.3467692, 0.0414588, , , , , , , 25.3467692, -0.0129244, , , , , , , 25.3467692, -0.0109102, , , , , , , 25.3467692, -0.006714, , , , , , , , , , , , , , , , , , , , , , , , , , , , 
25.3472885, 0.0475013, , , , , , , 25.3472885, -0.0119173, , , , , , , 25.3472885, -0.0072175, , , , , , , 25.3472885, -0.0182956, , , , , , , , , , , , , , , , , , , , , , , , , , , , 
25.3478077, 0.0493477, , , , , , , 25.3478077, -0.0095674, , , , , , , 25.3478077, -0.0063783, , , , , , , 25.3478077, -0.0256809, , , , , , , , , , , , , , , , , , , , , , , , , , , , 
25.3483269, 0.0528725, , , , , , , 25.3483269, -0.0082246, , , , , , , 25.3483269, -0.0085603, , , , , , , 25.3483269, -0.0250095, , , , , , , , , , , , , , , , , , , , , , , , , , , , 
25.3488462, 0.0595865, , , , , , , 25.3488462, -0.0075532, , , , , , , 25.3488462, -0.0078889, , , , , , , 25.3488462, -0.0216526, , , , , , , , , , , , , , , , , , , , , , , , , , , , 
25.3493654, 0.0649577, , , , , , , 25.3493654, -0.0038605, , , , , , , 25.3493654, -0.0062104, , , , , , , 25.3493654, -0.0199741, , , , , , , , , , , , , , , , , , , , , , , , , , , , 
25.3498846, 0.0679789, , , , , , , 25.3498846, 0.0001678, , , , , , , 25.3498846, -0.0065461, , , , , , , 25.3498846, -0.017792, , , , , , , , , , , , , , , , , , , , , , , , , , , , 
25.3504038, 0.0669718, , , , , , , 25.3504038, 0.0011749, , , , , , , 25.3504038, -0.0102388, , , , , , , 25.3504038, -0.0132601, , , , , , , , , , , , , , , , , , , , , , , , , , , , 
25.3509231, 0.0595865, , , , , , , 25.3509231, -0.0015106, , , , , , , 25.3509231, -0.012253, , , , , , , 25.3509231, -0.0058747, , , , , , , , , , , , , , , , , , , , , , , , , , , , 
25.3514423, 0.0553902, , , , , , , 25.3514423, -0.0031891, , , , , , , 25.3514423, -0.0105745, , , , , , , 25.3514423, 0.0011749, , , , , , , , , , , , , , , , , , , , , , , , , , , , 
25.3519615, 0.0535439, , , , , , , 25.3519615, -0.0011749, , , , , , , 25.3519615, -0.0077211, , , , , , , 25.3519615, 0.0058747, , , , , , , , , , , , , , , , , , , , , , , , , , , , 
25.3524808, 0.0441444, , , , , , , 25.3524808, 0.0005035, , , , , , , 25.3524808, -0.0065461, , , , , , , 25.3524808, 0.011078, , , , , , , , , , , , , , , , , , , , , , , , , , , , 
25.353, 0.0307164, , , , , , , 25.353, 0.0005035, , , , , , , 25.353, -0.0075532, , , , , , , 25.353, 0.0219883, , , , , , , , , , , , , , , , , , , , , , , , , , , , 
25.3535192, 0.0162814, , , , , , , 25.3535192, 0.0005035, , , , , , , 25.3535192, -0.0085603, , , , , , , 25.3535192, 0.033402, , , , , , , , , , , , , , , , , , , , , , , , , , , , 
25.3540385, -0.0008392, , , , , , , 25.3540385, -0.0001678, , , , , , , 25.3540385, -0.008896, , , , , , , 25.3540385, 0.0396124, , , , , , , , , , , , , , , , , , , , , , , , , , , , 
25.3545577, -0.0162814, , , , , , , 25.3545577, -0.0057069, , , , , , , 25.3545577, -0.0115816, , , , , , , 25.3545577, 0.043473, , , , , , , , , , , , , , , , , , , , , , , , , , , , 
25.3550769, -0.0224918, , , , , , , 25.3550769, -0.0105745, , , , , , , 25.3550769, -0.0112459, , , , , , , 25.3550769, 0.0488441, , , , , , , , , , , , , , , , , , , , , , , , , , , , 
25.3555962, -0.0236667, , , , , , , 25.3555962, -0.002182, , , , , , , 25.3555962, -0.0072175, , , , , , , 25.3555962, 0.054551, , , , , , , , , , , , , , , , , , , , , , , , , , , , 
25.3561154, -0.0253452, , , , , , , 25.3561154, 0.0171206, , , , , , , 25.3561154, -0.0035248, , , , , , , 25.3561154, 0.0569009, , , , , , , , , , , , , , , , , , , , , , , , , , , , 
25.3566346, -0.0283665, , , , , , , 25.3566346, 0.030045, , , , , , , 25.3566346, -0.0031891, , , , , , , 25.3566346, 0.054551, , , , , , , , , , , , , , , , , , , , , , , , , , , , 
25.3571538, -0.0285344, , , , , , , 25.3571538, 0.0283665, , , , , , , 25.3571538, -0.0045319, , , , , , , 25.3571538, 0.0488441, , , , , , , , , , , , , , , , , , , , , , , , , , , , 
25.3576731, -0.023331, , , , , , , 25.3576731, 0.0105745, , , , , , , 25.3576731, -0.0058747, , , , , , , 25.3576731, 0.040116, , , , , , , , , , , , , , , , , , , , , , , , , , , , 
25.3581923, -0.0135958, , , , , , , 25.3581923, -0.0149386, , , , , , , 25.3581923, -0.0057069, , , , , , , 25.3581923, 0.0320592, , , , , , , , , , , , , , , , , , , , , , , , , , , , 
25.3587115, -0.0038605, , , , , , , 25.3587115, -0.0364233, , , , , , , 25.3587115, -0.0028534, , , , , , , 25.3587115, 0.0260166, , , , , , , , , , , , , , , , , , , , , , , , , , , , 
25.3592308, -0.0001678, , , , , , , 25.3592308, -0.051194, , , , , , , 25.3592308, -0.0015106, , , , , , , 25.3592308, 0.023331, , , , , , , , , , , , , , , , , , , , , , , , , , , , 
25.35975, -0.0001678, , , , , , , 25.35975, -0.064622, , , , , , , 25.35975, -0.0018463, , , , , , , 25.35975, 0.0206455, , , , , , , , , , , , , , , , , , , , , , , , , , , , 
25.3602692, 0.0028534, , , , , , , 25.3602692, -0.0619364, , , , , , , 25.3602692, -0.0031891, , , , , , , 25.3602692, 0.0179599, , , , , , , , , , , , , , , , , , , , , , , , , , , , 
25.3607885, 0.0085603, , , , , , , 25.3607885, -0.0424659, , , , , , , 25.3607885, -0.0035248, , , , , , , 25.3607885, 0.0142672, , , , , , , , , , , , , , , , , , , , , , , , , , , , 
25.3613077, 0.0035248, , , , , , , 25.3613077, -0.0229953, , , , , , , 25.3613077, -0.0031891, , , , , , , 25.3613077, 0.0105745, , , , , , , , , , , , , , , , , , , , , , , , , , , , 
25.3618269, 0.0008392, , , , , , , 25.3618269, -0.0119173, , , , , , , 25.3618269, -0.0038605, , , , , , , 25.3618269, 0.0065461, , , , , , , , , , , , , , , , , , , , , , , , , , , , 
25.3623462, 0.0063783, , , , , , , 25.3623462, -0.0052033, , , , , , , 25.3623462, -0.0041962, , , , , , , 25.3623462, 0.0045319, , , , , , , , , , , , , , , , , , , , , , , , , , , , 
25.3628654, 0.0132601, , , , , , , 25.3628654, -0.0025177, , , , , , , 25.3628654, -0.005539, , , , , , , 25.3628654, 0.0041962, , , , , , , , , , , , , , , , , , , , , , , , , , , , 
25.3633846, 0.0166171, , , , , , , 25.3633846, -0.0041962, , , , , , , 25.3633846, -0.0072175, , , , , , , 25.3633846, 0.0025177, , , , , , , , , , , , , , , , , , , , , , , , , , , , 
25.3639038, 0.0199741, , , , , , , 25.3639038, -0.0075532, , , , , , , 25.3639038, -0.0075532, , , , , , , 25.3639038, 0.0001678, , , , , , , , , , , , , , , , , , , , , , , , , , , , 
25.3644231, 0.023331, , , , , , , 25.3644231, -0.0082246, , , , , , , 25.3644231, -0.0072175, , , , , , , 25.3644231, -0.0001678, , , , , , , , , , , , , , , , , , , , , , , , , , , , 
25.3649423, 0.0258488, , , , , , , 25.3649423, -0.0070497, , , , , , , 25.3649423, -0.0068818, , , , , , , 25.3649423, 0.0003357, , , , , , , , , , , , , , , , , , , , , , , , , , , , 
25.3654615, 0.0243381, , , , , , , 25.3654615, -0.0072175, , , , , , , 25.3654615, -0.0068818, , , , , , , 25.3654615, -0.0001678, , , , , , , , , , , , , , , , , , , , , , , , , , , , 
25.3659808, 0.0209812, , , , , , , 25.3659808, -0.0075532, , , , , , , 25.3659808, -0.0065461, , , , , , , 25.3659808, -0.0016785, , , , , , , , , , , , , , , , , , , , , , , , , , , , 
25.3665, 0.0193027, , , , , , , 25.3665, -0.008896, , , , , , , 25.3665, -0.0068818, , , , , , , 25.3665, -0.0050355, , , , , , , , , , , , , , , , , , , , , , , , , , , , 
25.3670192, 0.0226596, , , , , , , 25.3670192, -0.0112459, , , , , , , 25.3670192, -0.0068818, , , , , , , 25.3670192, -0.0119173, , , , , , , , , , , , , , , , , , , , , , , , , , , , 
25.3675385, 0.0325628, , , , , , , 25.3675385, -0.0112459, , , , , , , 25.3675385, -0.0038605, , , , , , , 25.3675385, -0.0193027, , , , , , , , , , , , , , , , , , , , , , , , , , , , 
25.3680577, 0.0384375, , , , , , , 25.3680577, -0.0102388, , , , , , , 25.3680577, -0.0016785, , , , , , , 25.3680577, -0.0253452, , , , , , , , , , , , , , , , , , , , , , , , , , , , 
25.3685769, 0.0379339, , , , , , , 25.3685769, -0.0082246, , , , , , , 25.3685769, -0.0018463, , , , , , , 25.3685769, -0.0270237, , , , , , , , , , , , , , , , , , , , , , , , , , , , 
25.3690962, 0.0347448, , , , , , , 25.3690962, -0.0068818, , , , , , , 25.3690962, -0.0028534, , , , , , , 25.3690962, -0.0250095, , , , , , , , , , , , , , , , , , , , , , , , , , , , 
25.3696154, 0.0307164, , , , , , , 25.3696154, -0.0063783, , , , , , , 25.3696154, -0.0028534, , , , , , , 25.3696154, -0.0236667, , , , , , , , , , , , , , , , , , , , , , , , , , , , 
25.3701346, 0.0229953, , , , , , , 25.3701346, -0.005539, , , , , , , 25.3701346, -0.002182, , , , , , , 25.3701346, -0.0229953, , , , , , , , , , , , , , , , , , , , , , , , , , , , 
25.3706538, 0.0159457, , , , , , , 25.3706538, 0.0028534, , , , , , , 25.3706538, -0.0015106, , , , , , , 25.3706538, -0.0203098, , , , , , , , , , , , , , , , , , , , , , , , , , , , 
25.3711731, 0.0142672, , , , , , , 25.3711731, 0.0209812, , , , , , , 25.3711731, -0.0041962, , , , , , , 25.3711731, -0.0135958, , , , , , , , , , , , , , , , , , , , , , , , , , , , 
25.3716923, 0.0129244, , , , , , , 25.3716923, 0.0419623, , , , , , , 25.3716923, -0.0068818, , , , , , , 25.3716923, -0.0035248, , , , , , , , , , , , , , , , , , , , , , , , , , , , 
25.3722115, 0.0097353, , , , , , , 25.3722115, 0.0582437, , , , , , , 25.3722115, -0.0082246, , , , , , , 25.3722115, 0.0060426, , , , , , , , , , , , , , , , , , , , , , , , , , , , 
25.3727308, 0.0025177, , , , , , , 25.3727308, 0.0589151, , , , , , , 25.3727308, -0.0099031, , , , , , , 25.3727308, 0.0142672, , , , , , , , , , , , , , , , , , , , , , , , , , , , 
25.37325, -0.0038605, , , , , , , 25.37325, 0.040116, , , , , , , 25.37325, -0.0135958, , , , , , , 25.37325, 0.0226596, , , , , , , , , , , , , , , , , , , , , , , , , , , , 
25.3737692, -0.0072175, , , , , , , 25.3737692, 0.0125887, , , , , , , 25.3737692, -0.0149386, , , , , , , 25.3737692, 0.0302129, , , , , , , , , , , , , , , , , , , , , , , , , , , , 
25.3742885, -0.0115816, , , , , , , 25.3742885, -0.0139315, , , , , , , 25.3742885, -0.012253, , , , , , , 25.3742885, 0.0360876, , , , , , , , , , , , , , , , , , , , , , , , , , , , 
25.3748077, -0.0226596, , , , , , , 25.3748077, -0.0471656, , , , , , , 25.3748077, -0.0112459, , , , , , , 25.3748077, 0.0414588, , , , , , , , , , , , , , , , , , , , , , , , , , , , 
25.3753269, -0.0276951, , , , , , , 25.3753269, -0.0861067, , , , , , , 25.3753269, -0.0135958, , , , , , , 25.3753269, 0.0468299, , , , , , , , , , , , , , , , , , , , , , , , , , , , 
25.3758462, -0.0283665, , , , , , , 25.3758462, -0.1012131, , , , , , , 25.3758462, -0.0151064, , , , , , , 25.3758462, 0.0503548, , , , , , , , , , , , , , , , , , , , , , , , , , , , 
25.3763654, -0.0310521, , , , , , , 25.3763654, -0.0822461, , , , , , , 25.3763654, -0.0135958, , , , , , , 25.3763654, 0.0495155, , , , , , , , , , , , , , , , , , , , , , , , , , , , 
25.3768846, -0.0292058, , , , , , , 25.3768846, -0.0498512, , , , , , , 25.3768846, -0.0095674, , , , , , , 25.3768846, 0.0471656, , , , , , , , , , , , , , , , , , , , , , , , , , , , 
25.3774038, -0.0184634, , , , , , , 25.3774038, -0.0216526, , , , , , , 25.3774038, -0.0082246, , , , , , , 25.3774038, 0.043473, , , , , , , , , , , , , , , , , , , , , , , , , , , , 
25.3779231, -0.0099031, , , , , , , 25.3779231, -0.0046998, , , , , , , 25.3779231, -0.008896, , , , , , , 25.3779231, 0.0370947, , , , , , , , , , , , , , , , , , , , , , , , , , , , 
25.3784423, -0.0057069, , , , , , , 25.3784423, 0.0023499, , , , , , , 25.3784423, -0.0075532, , , , , , , 25.3784423, 0.0313878, , , , , , , , , , , , , , , , , , , , , , , , , , , , 
25.3789615, -0.0062104, , , , , , , 25.3789615, 0.0028534, , , , , , , 25.3789615, -0.0078889, , , , , , , 25.3789615, 0.026688, , , , , , , , , , , , , , , , , , , , , , , , , , , , 
25.3794808, -0.0068818, , , , , , , 25.3794808, -0.0015106, , , , , , , 25.3794808, -0.0105745, , , , , , , 25.3794808, 0.0253452, , , , , , , , , , , , , , , , , , , , , , , , , , , , 
25.38, -0.0041962, , , , , , , 25.38, -0.0078889, , , , , , , 25.38, -0.0125887, , , , , , , 25.38, 0.023331, , , , , , , , , , , , , , , , , , , , , , , , , , , , 
25.3805192, 0.0008392, , , , , , , 25.3805192, -0.0125887, , , , , , , 25.3805192, -0.012253, , , , , , , 25.3805192, 0.0208133, , , , , , , , , , , , , , , , , , , , , , , , , , , , 
25.3810385, 0.0062104, , , , , , , 25.3810385, -0.0167849, , , , , , , 25.3810385, -0.0095674, , , , , , , 25.3810385, 0.0196384, , , , , , , , , , , , , , , , , , , , , , , , , , , , 
25.3815577, 0.0119173, , , , , , , 25.3815577, -0.0191348, , , , , , , 25.3815577, -0.0082246, , , , , , , 25.3815577, 0.0186313, , , , , , , , , , , , , , , , , , , , , , , , , , , , 
25.3820769, 0.0159457, , , , , , , 25.3820769, -0.0186313, , , , , , , 25.3820769, -0.0092317, , , , , , , 25.3820769, 0.0159457, , , , , , , , , , , , , , , , , , , , , , , , , , , , 
25.3825962, 0.0164492, , , , , , , 25.3825962, -0.014435, , , , , , , 25.3825962, -0.0085603, , , , , , , 25.3825962, 0.0135958, , , , , , , , , , , , , , , , , , , , , , , , , , , , 
25.3831154, 0.01561, , , , , , , 25.3831154, -0.0139315, , , , , , , 25.3831154, -0.0057069, , , , , , , 25.3831154, 0.0119173, , , , , , , , , , , , , , , , , , , , , , , , , , , , 
25.3836346, 0.0130922, , , , , , , 25.3836346, -0.0162814, , , , , , , 25.3836346, -0.0041962, , , , , , , 25.3836346, 0.0102388, , , , , , , , , , , , , , , , , , , , , , , , , , , , 
25.3841538, 0.0092317, , , , , , , 25.3841538, -0.0132601, , , , , , , 25.3841538, -0.0052033, , , , , , , 25.3841538, 0.0085603, , , , , , , , , , , , , , , , , , , , , , , , , , , , 
25.3846731, 0.0048676, , , , , , , 25.3846731, -0.0083925, , , , , , , 25.3846731, -0.005539, , , , , , , 25.3846731, 0.0085603, , , , , , , , , , , , , , , , , , , , , , , , , , , , 
25.3851923, 0.0011749, , , , , , , 25.3851923, -0.005539, , , , , , , 25.3851923, -0.0028534, , , , , , , 25.3851923, 0.008896, , , , , , , , , , , , , , , , , , , , , , , , , , , , 
25.3857115, -0.0001678, , , , , , , 25.3857115, -0.0025177, , , , , , , 25.3857115, 0.0011749, , , , , , , 25.3857115, 0.0075532, , , , , , , , , , , , , , , , , , , , , , , , , , , , 
25.3862308, -0.0008392, , , , , , , 25.3862308, 0.0025177, , , , , , , 25.3862308, 0.0038605, , , , , , , 25.3862308, 0.0065461, , , , , , , , , , , , , , , , , , , , , , , , , , , , 
25.38675, 0.0072175, , , , , , , 25.38675, 0.0062104, , , , , , , 25.38675, 0.0041962, , , , , , , 25.38675, 0.0038605, , , , , , , , , , , , , , , , , , , , , , , , , , , , 
25.3872692, 0.0231632, , , , , , , 25.3872692, 0.0078889, , , , , , , 25.3872692, 0.0025177, , , , , , , 25.3872692, -0.0035248, , , , , , , , , , , , , , , , , , , , , , , , , , , , 
25.3877885, 0.0431373, , , , , , , 25.3877885, 0.0117494, , , , , , , 25.3877885, 0.0005035, , , , , , , 25.3877885, -0.0129244, , , , , , , , , , , , , , , , , , , , , , , , , , , , 
25.3883077, 0.0562295, , , , , , , 25.3883077, 0.0146029, , , , , , , 25.3883077, -0.0035248, , , , , , , 25.3883077, -0.0182956, , , , , , , , , , , , , , , , , , , , , , , , , , , , 
25.3888269, 0.068986, , , , , , , 25.3888269, 0.0129244, , , , , , , 25.3888269, -0.0082246, , , , , , , 25.3888269, -0.0172885, , , , , , , , , , , , , , , , , , , , , , , , , , , , 
25.3893462, 0.0850996, , , , , , , 25.3893462, 0.0072175, , , , , , , 25.3893462, -0.0115816, , , , , , , 25.3893462, -0.0149386, , , , , , , , , , , , , , , , , , , , , , , , , , , , 
25.3898654, 0.0943313, , , , , , , 25.3898654, 0.0011749, , , , , , , 25.3898654, -0.0135958, , , , , , , 25.3898654, -0.0142672, , , , , , , , , , , , , , , , , , , , , , , , , , , , 
25.3903846, 0.0894636, , , , , , , 25.3903846, -0.0028534, , , , , , , 25.3903846, -0.0137636, , , , , , , 25.3903846, -0.014435, , , , , , , , , , , , , , , , , , , , , , , , , , , , 
25.3909038, 0.0746929, , , , , , , 25.3909038, -0.005539, , , , , , , 25.3909038, -0.0139315, , , , , , , 25.3909038, -0.0142672, , , , , , , , , , , , , , , , , , , , , , , , , , , , 
25.3914231, 0.0574044, , , , , , , 25.3914231, -0.0063783, , , , , , , 25.3914231, -0.0149386, , , , , , , 25.3914231, -0.0078889, , , , , , , , , , , , , , , , , , , , , , , , , , , , 
25.3919423, 0.0431373, , , , , , , 25.3919423, -0.0035248, , , , , , , 25.3919423, -0.0135958, , , , , , , 25.3919423, 0.0025177, , , , , , , , , , , , , , , , , , , , , , , , , , , , 
25.3924615, 0.0293736, , , , , , , 25.3924615, 0.0072175, , , , , , , 25.3924615, -0.008896, , , , , , , 25.3924615, 0.0109102, , , , , , , , , , , , , , , , , , , , , , , , , , , , 
25.3929808, 0.0097353, , , , , , , 25.3929808, 0.0209812, , , , , , , 25.3929808, -0.0068818, , , , , , , 25.3929808, 0.0159457, , , , , , , , , , , , , , , , , , , , , , , , , , , , 
25.3935, -0.0109102, , , , , , , 25.3935, 0.0246738, , , , , , , 25.3935, -0.0072175, , , , , , , 25.3935, 0.0246738, , , , , , , , , , , , , , , , , , , , , , , , , , , , 
25.3940192, -0.0261845, , , , , , , 25.3940192, 0.0159457, , , , , , , 25.3940192, -0.0070497, , , , , , , 25.3940192, 0.0344091, , , , , , , , , , , , , , , , , , , , , , , , , , , , 
25.3945385, -0.0323949, , , , , , , 25.3945385, -0.0001678, , , , , , , 25.3945385, -0.005539, , , , , , , 25.3945385, 0.0407874, , , , , , , , , , , , , , , , , , , , , , , , , , , , 
25.3950577, -0.0317235, , , , , , , 25.3950577, -0.0109102, , , , , , , 25.3950577, -0.0048676, , , , , , , 25.3950577, 0.0448157, , , , , , , , , , , , , , , , , , , , , , , , , , , , 
25.3955769, -0.0323949, , , , , , , 25.3955769, -0.0157778, , , , , , , 25.3955769, -0.0041962, , , , , , , 25.3955769, 0.0488441, , , , , , , , , , , , , , , , , , , , , , , , , , , , 
25.3960962, -0.0370947, , , , , , , 25.3960962, -0.0261845, , , , , , , 25.3960962, -0.0031891, , , , , , , 25.3960962, 0.0527047, , , , , , , , , , , , , , , , , , , , , , , , , , , , 
25.3966154, -0.0424659, , , , , , , 25.3966154, -0.0407874, , , , , , , 25.3966154, -0.002182, , , , , , , 25.3966154, 0.0528725, , , , , , , , , , , , , , , , , , , , , , , , , , , , 
25.3971346, -0.040116, , , , , , , 25.3971346, -0.0417945, , , , , , , 25.3971346, -0.0028534, , , , , , , 25.3971346, 0.0451514, , , , , , , , , , , , , , , , , , , , , , , , , , , , 
25.3976538, -0.0276951, , , , , , , 25.3976538, -0.0258488, , , , , , , 25.3976538, -0.0050355, , , , , , , 25.3976538, 0.0337377, , , , , , , , , , , , , , , , , , , , , , , , , , , , 
25.3981731, -0.0115816, , , , , , , 25.3981731, -0.0095674, , , , , , , 25.3981731, -0.0077211, , , , , , , 25.3981731, 0.0240024, , , , , , , , , , , , , , , , , , , , , , , , , , , , 
25.3986923, 0.0028534, , , , , , , 25.3986923, -0.0005035, , , , , , , 25.3986923, -0.008896, , , , , , , 25.3986923, 0.0166171, , , , , , , , , , , , , , , , , , , , , , , , , , , , 
25.3992115, 0.0085603, , , , , , , 25.3992115, -0.0025177, , , , , , , 25.3992115, -0.0082246, , , , , , , 25.3992115, 0.012253, , , , , , , , , , , , , , , , , , , , , , , , , , , , 
25.3997308, 0.0038605, , , , , , , 25.3997308, -0.0095674, , , , , , , 25.3997308, -0.0085603, , , , , , , 25.3997308, 0.0125887, , , , , , , , , , , , , , , , , , , , , , , , , , , , 
25.40025, 0.0025177, , , , , , , 25.40025, -0.0124208, , , , , , , 25.40025, -0.0097353, , , , , , , 25.40025, 0.0139315, , , , , , , , , , , , , , , , , , , , , , , , , , , , 
25.4007692, 0.0052033, , , , , , , 25.4007692, -0.0137636, , , , , , , 25.4007692, -0.008896, , , , , , , 25.4007692, 0.0142672, , , , , , , , , , , , , , , , , , , , , , , , , , , , 
25.4012885, 0.0068818, , , , , , , 25.4012885, -0.0186313, , , , , , , 25.4012885, -0.0078889, , , , , , , 25.4012885, 0.0109102, , , , , , , , , , , , , , , , , , , , , , , , , , , , 
25.4018077, 0.0050355, , , , , , , 25.4018077, -0.0261845, , , , , , , 25.4018077, -0.0095674, , , , , , , 25.4018077, 0.0062104, , , , , , , , , , , , , , , , , , , , , , , , , , , , 
25.4023269, 0.0065461, , , , , , , 25.4023269, -0.0340734, , , , , , , 25.4023269, -0.0115816, , , , , , , 25.4023269, 0.0041962, , , , , , , , , , , , , , , , , , , , , , , , , , , , 
25.4028462, 0.0105745, , , , , , , 25.4028462, -0.0317235, , , , , , , 25.4028462, -0.0112459, , , , , , , 25.4028462, 0.005539, , , , , , , , , , , , , , , , , , , , , , , , , , , , 
25.4033654, 0.0166171, , , , , , , 25.4033654, -0.0166171, , , , , , , 25.4033654, -0.0102388, , , , , , , 25.4033654, 0.0052033, , , , , , , , , , , , , , , , , , , , , , , , , , , , 
25.4038846, 0.021149, , , , , , , 25.4038846, -0.0095674, , , , , , , 25.4038846, -0.0092317, , , , , , , 25.4038846, 0.0028534, , , , , , , , , , , , , , , , , , , , , , , , , , , , 
25.4044038, 0.0209812, , , , , , , 25.4044038, -0.0166171, , , , , , , 25.4044038, -0.0109102, , , , , , , 25.4044038, 0.0008392, , , , , , , , , , , , , , , , , , , , , , , , , , , , 
25.4049231, 0.018967, , , , , , , 25.4049231, -0.0196384, , , , , , , 25.4049231, -0.0135958, , , , , , , 25.4049231, 0.0018463, , , , , , , , , , , , , , , , , , , , , , , , , , , , 
25.4054423, 0.0166171, , , , , , , 25.4054423, -0.0135958, , , , , , , 25.4054423, -0.0125887, , , , , , , 25.4054423, 0.0038605, , , , , , , , , , , , , , , , , , , , , , , , , , , , 
25.4059615, 0.0186313, , , , , , , 25.4059615, -0.0102388, , , , , , , 25.4059615, -0.0082246, , , , , , , 25.4059615, 0.0031891, , , , , , , , , , , , , , , , , , , , , , , , , , , , 
25.4064808, 0.0240024, , , , , , , 25.4064808, -0.0085603, , , , , , , 25.4064808, -0.0062104, , , , , , , 25.4064808, -0.0008392, , , , , , , , , , , , , , , , , , , , , , , , , , , , 
25.407, 0.0359197, , , , , , , 25.407, -0.0058747, , , , , , , 25.407, -0.0095674, , , , , , , 25.407, -0.0062104, , , , , , , , , , , , , , , , , , , , , , , , , , , , 
25.4075192, 0.0481727, , , , , , , 25.4075192, -0.0015106, , , , , , , 25.4075192, -0.0112459, , , , , , , 25.4075192, -0.0129244, , , , , , , , , , , , , , , , , , , , , , , , , , , , 
25.4080385, 0.0515297, , , , , , , 25.4080385, 0.0132601, , , , , , , 25.4080385, -0.0115816, , , , , , , 25.4080385, -0.0169528, , , , , , , , , , , , , , , , , , , , , , , , , , , , 
25.4085577, 0.0518654, , , , , , , 25.4085577, 0.0352483, , , , , , , 25.4085577, -0.011078, , , , , , , 25.4085577, -0.0203098, , , , , , , , , , , , , , , , , , , , , , , , , , , , 
25.4090769, 0.0508583, , , , , , , 25.4090769, 0.0428016, , , , , , , 25.4090769, -0.0109102, , , , , , , 25.4090769, -0.0219883, , , , , , , , , , , , , , , , , , , , , , , , , , , , 
25.4095962, 0.0515297, , , , , , , 25.4095962, 0.0260166, , , , , , , 25.4095962, -0.0129244, , , , , , , 25.4095962, -0.0223239, , , , , , , , , , , , , , , , , , , , , , , , , , , , 
25.4101154, 0.0518654, , , , , , , 25.4101154, -0.002182, , , , , , , 25.4101154, -0.0142672, , , , , , , 25.4101154, -0.0174563, , , , , , , , , , , , , , , , , , , , , , , , , , , , 
25.4106346, 0.0475013, , , , , , , 25.4106346, -0.0224918, , , , , , , 25.4106346, -0.0139315, , , , , , , 25.4106346, -0.0095674, , , , , , , , , , , , , , , , , , , , , , , , , , , , 
25.4111538, 0.0386053, , , , , , , 25.4111538, -0.0196384, , , , , , , 25.4111538, -0.0104067, , , , , , , 25.4111538, -0.0025177, , , , , , , , , , , , , , , , , , , , , , , , , , , , 
25.4116731, 0.0287022, , , , , , , 25.4116731, -0.0036927, , , , , , , 25.4116731, -0.0073854, , , , , , , 25.4116731, 0.0045319, , , , , , , , , , , , , , , , , , , , , , , , , , , , 
25.4121923, 0.0206455, , , , , , , 25.4121923, 0.0015106, , , , , , , 25.4121923, -0.0082246, , , , , , , 25.4121923, 0.0115816, , , , , , , , , , , , , , , , , , , , , , , , , , , , 
25.4127115, 0.0119173, , , , , , , 25.4127115, -0.0025177, , , , , , , 25.4127115, -0.0087282, , , , , , , 25.4127115, 0.0179599, , , , , , , , , , , , , , , , , , , , , , , , , , , , 
25.4132308, 0.0008392, , , , , , , 25.4132308, 0.0078889, , , , , , , 25.4132308, -0.0075532, , , , , , , 25.4132308, 0.0256809, , , , , , , , , , , , , , , , , , , , , , , , , , , , 
25.41375, -0.0095674, , , , , , , 25.41375, 0.0364233, , , , , , , 25.41375, -0.0058747, , , , , , , 25.41375, 0.0317235, , , , , , , , , , , , , , , , , , , , , , , , , , , , 
25.4142692, -0.012253, , , , , , , 25.4142692, 0.0464942, , , , , , , 25.4142692, -0.005539, , , , , , , 25.4142692, 0.0391089, , , , , , , , , , , , , , , , , , , , , , , , , , , , 
25.4147885, -0.0075532, , , , , , , 25.4147885, 0.0354162, , , , , , , 25.4147885, -0.0035248, , , , , , , 25.4147885, 0.0461585, , , , , , , , , , , , , , , , , , , , , , , , , , , , 
25.4153077, -0.0031891, , , , , , , 25.4153077, 0.026688, , , , , , , 25.4153077, 0.0008392, , , , , , , 25.4153077, 0.0520333, , , , , , , , , , , , , , , , , , , , , , , , , , , , 
25.4158269, -0.0015106, , , , , , , 25.4158269, 0.0240024, , , , , , , 25.4158269, 0.0025177, , , , , , , 25.4158269, 0.0580758, , , , , , , , , , , , , , , , , , , , , , , , , , , , 
25.4163462, -0.0045319, , , , , , , 25.4163462, 0.012253, , , , , , , 25.4163462, 0.0015106, , , , , , , 25.4163462, 0.0617685, , , , , , , , , , , , , , , , , , , , , , , , , , , , 
25.4168654, -0.0112459, , , , , , , 25.4168654, -0.008896, , , , , , , 25.4168654, -0.0001678, , , , , , , 25.4168654, 0.0602579, , , , , , , , , , , , , , , , , , , , , , , , , , , , 
25.4173846, -0.0146029, , , , , , , 25.4173846, -0.0303807, , , , , , , 25.4173846, -0.0015106, , , , , , , 25.4173846, 0.0522011, , , , , , , , , , , , , , , , , , , , , , , , , , , , 
25.4179038, -0.0095674, , , , , , , 25.4179038, -0.0448157, , , , , , , 25.4179038, -0.0028534, , , , , , , 25.4179038, 0.0424659, , , , , , , , , , , , , , , , , , , , , , , , , , , , 
25.4184231, 0.0008392, , , , , , , 25.4184231, -0.0441444, , , , , , , 25.4184231, -0.005539, , , , , , , 25.4184231, 0.0339055, , , , , , , , , , , , , , , , , , , , , , , , , , , , 
25.4189423, 0.0077211, , , , , , , 25.4189423, -0.040116, , , , , , , 25.4189423, -0.0077211, , , , , , , 25.4189423, 0.0283665, , , , , , , , , , , , , , , , , , , , , , , , , , , , 
25.4194615, 0.0092317, , , , , , , 25.4194615, -0.0501869, , , , , , , 25.4194615, -0.0072175, , , , , , , 25.4194615, 0.0246738, , , , , , , , , , , , , , , , , , , , , , , , , , , , 
25.4199808, 0.0105745, , , , , , , 25.4199808, -0.0589151, , , , , , , 25.4199808, -0.0062104, , , , , , , 25.4199808, 0.0219883, , , , , , , , , , , , , , , , , , , , , , , , , , , , 
25.4205, 0.0119173, , , , , , , 25.4205, -0.0505226, , , , , , , 25.4205, -0.0065461, , , , , , , 25.4205, 0.0209812, , , , , , , , , , , , , , , , , , , , , , , , , , , , 
25.4210192, 0.0132601, , , , , , , 25.4210192, -0.0357519, , , , , , , 25.4210192, -0.0075532, , , , , , , 25.4210192, 0.0179599, , , , , , , , , , , , , , , , , , , , , , , , , , , , 
25.4215385, 0.0172885, , , , , , , 25.4215385, -0.0340734, , , , , , , 25.4215385, -0.0099031, , , , , , , 25.4215385, 0.0159457, , , , , , , , , , , , , , , , , , , , , , , , , , , , 
25.4220577, 0.0221561, , , , , , , 25.4220577, -0.0454871, , , , , , , 25.4220577, -0.0112459, , , , , , , 25.4220577, 0.0152743, , , , , , , , , , , , , , , , , , , , , , , , , , , , 
25.4225769, 0.0265202, , , , , , , 25.4225769, -0.0553902, , , , , , , 25.4225769, -0.0114137, , , , , , , 25.4225769, 0.0119173, , , , , , , , , , , , , , , , , , , , , , , , , , , , 
25.4230962, 0.0263523, , , , , , , 25.4230962, -0.0592508, , , , , , , 25.4230962, -0.0112459, , , , , , , 25.4230962, 0.0083925, , , , , , , , , , , , , , , , , , , , , , , , , , , , 
25.4236154, 0.0219883, , , , , , , 25.4236154, -0.057908, , , , , , , 25.4236154, -0.0102388, , , , , , , 25.4236154, 0.0031891, , , , , , , , , , , , , , , , , , , , , , , , , , , , 
25.4241346, 0.0193027, , , , , , , 25.4241346, -0.0585794, , , , , , , 25.4241346, -0.008896, , , , , , , 25.4241346, -0.0015106, , , , , , , , , , , , , , , , , , , , , , , , , , , , 
25.4246538, 0.0219883, , , , , , , 25.4246538, -0.0558938, , , , , , , 25.4246538, -0.0082246, , , , , , , 25.4246538, -0.0036927, , , , , , , , , , , , , , , , , , , , , , , , , , , , 
25.4251731, 0.0246738, , , , , , , 25.4251731, -0.0384375, , , , , , , 25.4251731, -0.0082246, , , , , , , 25.4251731, -0.002182, , , , , , , , , , , , , , , , , , , , , , , , , , , , 
25.4256923, 0.0229953, , , , , , , 25.4256923, -0.0159457, , , , , , , 25.4256923, -0.0095674, , , , , , , 25.4256923, -0.0005035, , , , , , , , , , , , , , , , , , , , , , , , , , , , 
25.4262115, 0.0218204, , , , , , , 25.4262115, -0.0020142, , , , , , , 25.4262115, -0.0109102, , , , , , , 25.4262115, -0.0001678, , , , , , , , , , , , , , , , , , , , , , , , , , , , 
25.4267308, 0.0246738, , , , , , , 25.4267308, 0.005539, , , , , , , 25.4267308, -0.0109102, , , , , , , 25.4267308, -0.0016785, , , , , , , , , , , , , , , , , , , , , , , , , , , , 
25.42725, 0.0320592, , , , , , , 25.42725, 0.0095674, , , , , , , 25.42725, -0.0112459, , , , , , , 25.42725, -0.0075532, , , , , , , , , , , , , , , , , , , , , , , , , , , , 
25.4277692, 0.0396124, , , , , , , 25.4277692, 0.0119173, , , , , , , 25.4277692, -0.0075532, , , , , , , 25.4277692, -0.01561, , , , , , , , , , , , , , , , , , , , , , , , , , , , 
25.4282885, 0.0532082, , , , , , , 25.4282885, 0.0102388, , , , , , , 25.4282885, -0.0018463, , , , , , , 25.4282885, -0.0219883, , , , , , , , , , , , , , , , , , , , , , , , , , , , 
25.4288077, 0.0614328, , , , , , , 25.4288077, 0.0087282, , , , , , , 25.4288077, 0.0001678, , , , , , , 25.4288077, -0.0243381, , , , , , , , , , , , , , , , , , , , , , , , , , , , 
25.4293269, 0.0632792, , , , , , , 25.4293269, 0.014435, , , , , , , 25.4293269, 0.0005035, , , , , , , 25.4293269, -0.0216526, , , , , , , , , , , , , , , , , , , , , , , , , , , , 
25.4298462, 0.0599222, , , , , , , 25.4298462, 0.0231632, , , , , , , 25.4298462, -0.0005035, , , , , , , 25.4298462, -0.0204776, , , , , , , , , , , , , , , , , , , , , , , , , , , , 
25.4303654, 0.0555581, , , , , , , 25.4303654, 0.0285344, , , , , , , 25.4303654, -0.0036927, , , , , , , 25.4303654, -0.0196384, , , , , , , , , , , , , , , , , , , , , , , , , , , , 
25.4308846, 0.0522011, , , , , , , 25.4308846, 0.0275273, , , , , , , 25.4308846, -0.0090639, , , , , , , 25.4308846, -0.0125887, , , , , , , , , , , , , , , , , , , , , , , , , , , , 
25.4314038, 0.0454871, , , , , , , 25.4314038, 0.0206455, , , , , , , 25.4314038, -0.0149386, , , , , , , 25.4314038, -0.0038605, , , , , , , , , , , , , , , , , , , , , , , , , , , , 
25.4319231, 0.036759, , , , , , , 25.4319231, 0.0117494, , , , , , , 25.4319231, -0.0204776, , , , , , , 25.4319231, 0.0041962, , , , , , , , , , , , , , , , , , , , , , , , , , , , 
25.4324423, 0.0263523, , , , , , , 25.4324423, 0.0025177, , , , , , , 25.4324423, -0.0253452, , , , , , , 25.4324423, 0.0092317, , , , , , , , , , , , , , , , , , , , , , , , , , , , 
25.4329615, 0.0149386, , , , , , , 25.4329615, -0.0072175, , , , , , , 25.4329615, -0.027863, , , , , , , 25.4329615, 0.01561, , , , , , , , , , , , , , , , , , , , , , , , , , , , 
25.4334808, 0.0025177, , , , , , , 25.4334808, -0.0146029, , , , , , , 25.4334808, -0.027863, , , , , , , 25.4334808, 0.0246738, , , , , , , , , , , , , , , , , , , , , , , , , , , , 
25.434, -0.0085603, , , , , , , 25.434, -0.0129244, , , , , , , 25.434, -0.0256809, , , , , , , 25.434, 0.0347448, , , , , , , , , , , , , , , , , , , , , , , , , , , , 
25.4345192, -0.0182956, , , , , , , 25.4345192, -0.0052033, , , , , , , 25.4345192, -0.0216526, , , , , , , 25.4345192, 0.0428016, , , , , , , , , , , , , , , , , , , , , , , , , , , , 
25.4350385, -0.0276951, , , , , , , 25.4350385, 0.0028534, , , , , , , 25.4350385, -0.0164492, , , , , , , 25.4350385, 0.0471656, , , , , , , , , , , , , , , , , , , , , , , , , , , , 
25.4355577, -0.0297093, , , , , , , 25.4355577, 0.0117494, , , , , , , 25.4355577, -0.0132601, , , , , , , 25.4355577, 0.0495155, , , , , , , , , , , , , , , , , , , , , , , , , , , , 
25.4360769, -0.0260166, , , , , , , 25.4360769, 0.0293736, , , , , , , 25.4360769, -0.0115816, , , , , , , 25.4360769, 0.0508583, , , , , , , , , , , , , , , , , , , , , , , , , , , , 
25.4365962, -0.0236667, , , , , , , 25.4365962, 0.0569009, , , , , , , 25.4365962, -0.0097353, , , , , , , 25.4365962, 0.0513619, , , , , , , , , , , , , , , , , , , , , , , , , , , , 
25.4371154, -0.0199741, , , , , , , 25.4371154, 0.0874495, , , , , , , 25.4371154, -0.0072175, , , , , , , 25.4371154, 0.0464942, , , , , , , , , , , , , , , , , , , , , , , , , , , , 
25.4376346, -0.0198062, , , , , , , 25.4376346, 0.10692, , , , , , , 25.4376346, -0.0052033, , , , , , , 25.4376346, 0.0370947, , , , , , , , , , , , , , , , , , , , , , , , , , , , 
25.4381538, -0.0182956, , , , , , , 25.4381538, 0.1032273, , , , , , , 25.4381538, -0.0046998, , , , , , , 25.4381538, 0.0307164, , , , , , , , , , , , , , , , , , , , , , , , , , , , 
25.4386731, -0.0085603, , , , , , , 25.4386731, 0.0750286, , , , , , , 25.4386731, -0.0041962, , , , , , , 25.4386731, 0.0270237, , , , , , , , , , , , , , , , , , , , , , , , , , , , 
25.4391923, -0.0005035, , , , , , , 25.4391923, 0.0325628, , , , , , , 25.4391923, -0.0048676, , , , , , , 25.4391923, 0.0213169, , , , , , , , , , , , , , , , , , , , , , , , , , , , 
25.4397115, -0.0031891, , , , , , , 25.4397115, -0.0169528, , , , , , , 25.4397115, -0.0045319, , , , , , , 25.4397115, 0.0171206, , , , , , , , , , , , , , , , , , , , , , , , , , , , 
25.4402308, -0.0065461, , , , , , , 25.4402308, -0.0669718, , , , , , , 25.4402308, -0.0038605, , , , , , , 25.4402308, 0.0152743, , , , , , , , , , , , , , , , , , , , , , , , , , , , 
25.44075, -0.005539, , , , , , , 25.44075, -0.1075914, , , , , , , 25.44075, -0.0035248, , , , , , , 25.44075, 0.0132601, , , , , , , , , , , , , , , , , , , , , , , , , , , , 
25.4412692, -0.0011749, , , , , , , 25.4412692, -0.1284047, , , , , , , 25.4412692, -0.0028534, , , , , , , 25.4412692, 0.0099031, , , , , , , , , , , , , , , , , , , , , , , , , , , , 
25.4417885, 0.0065461, , , , , , , 25.4417885, -0.1216907, , , , , , , 25.4417885, -0.0025177, , , , , , , 25.4417885, 0.0083925, , , , , , , , , , , , , , , , , , , , , , , , , , , , 
25.4423077, 0.0129244, , , , , , , 25.4423077, -0.0928206, , , , , , , 25.4423077, -0.0001678, , , , , , , 25.4423077, 0.0078889, , , , , , , , , , , , , , , , , , , , , , , , , , , , 
25.4428269, 0.0159457, , , , , , , 25.4428269, -0.064622, , , , , , , 25.4428269, 0.0057069, , , , , , , 25.4428269, 0.0065461, , , , , , , , , , , , , , , , , , , , , , , , , , , , 
25.4433462, 0.0186313, , , , , , , 25.4433462, -0.04448, , , , , , , 25.4433462, 0.0095674, , , , , , , 25.4433462, 0.0038605, , , , , , , , , , , , , , , , , , , , , , , , , , , , 
25.4438654, 0.0229953, , , , , , , 25.4438654, -0.0297093, , , , , , , 25.4438654, 0.0099031, , , , , , , 25.4438654, 0.002182, , , , , , , , , , , , , , , , , , , , , , , , , , , , 
25.4443846, 0.0219883, , , , , , , 25.4443846, -0.0171206, , , , , , , 25.4443846, 0.0083925, , , , , , , 25.4443846, 0.0031891, , , , , , , , , , , , , , , , , , , , , , , , , , , , 
25.4449038, 0.0125887, , , , , , , 25.4449038, -0.0065461, , , , , , , 25.4449038, 0.0075532, , , , , , , 25.4449038, 0.003357, , , , , , , , , , , , , , , , , , , , , , , , , , , , 
25.4454231, 0.0041962, , , , , , , 25.4454231, -0.0001678, , , , , , , 25.4454231, 0.0078889, , , , , , , 25.4454231, 0.0036927, , , , , , , , , , , , , , , , , , , , , , , , , , , , 
25.4459423, 0.0038605, , , , , , , 25.4459423, 0.0065461, , , , , , , 25.4459423, 0.0048676, , , , , , , 25.4459423, 0.0025177, , , , , , , , , , , , , , , , , , , , , , , , , , , , 
25.4464615, 0.0132601, , , , , , , 25.4464615, 0.0142672, , , , , , , 25.4464615, -0.0008392, , , , , , , 25.4464615, -0.0003357, , , , , , , , , , , , , , , , , , , , , , , , , , , , 
25.4469808, 0.0275273, , , , , , , 25.4469808, 0.0221561, , , , , , , 25.4469808, -0.0048676, , , , , , , 25.4469808, -0.0068818, , , , , , , , , , , , , , , , , , , , , , , , , , , , 
25.4475, 0.040116, , , , , , , 25.4475, 0.026688, , , , , , , 25.4475, -0.005539, , , , , , , 25.4475, -0.01561, , , , , , , , , , , , , , , , , , , , , , , , , , , , 
25.4480192, 0.0461585, , , , , , , 25.4480192, 0.0204776, , , , , , , 25.4480192, -0.0041962, , , , , , , 25.4480192, -0.0216526, , , , , , , , , , , , , , , , , , , , , , , , , , , , 
25.4485385, 0.0505226, , , , , , , 25.4485385, 0.0085603, , , , , , , 25.4485385, 0.0008392, , , , , , , 25.4485385, -0.0219883, , , , , , , , , , , , , , , , , , , , , , , , , , , , 
25.4490577, 0.0501869, , , , , , , 25.4490577, 0.0015106, , , , , , , 25.4490577, 0.0028534, , , , , , , 25.4490577, -0.0240024, , , , , , , , , , , , , , , , , , , , , , , , , , , , 
25.4495769, 0.0468299, , , , , , , 25.4495769, -0.0028534, , , , , , , 25.4495769, 0.0005035, , , , , , , 25.4495769, -0.0270237, , , , , , , , , , , , , , , , , , , , , , , , , , , , 
25.4500962, 0.0454871, , , , , , , 25.4500962, -0.0068818, , , , , , , 25.4500962, -0.0063783, , , , , , , 25.4500962, -0.0256809, , , , , , , , , , , , , , , , , , , , , , , , , , , , 
25.4506154, 0.0441444, , , , , , , 25.4506154, -0.0075532, , , , , , , 25.4506154, -0.01561, , , , , , , 25.4506154, -0.0172885, , , , , , , , , , , , , , , , , , , , , , , , , , , , 
25.4511346, 0.0387732, , , , , , , 25.4511346, -0.0041962, , , , , , , 25.4511346, -0.0236667, , , , , , , 25.4511346, -0.0085603, , , , , , , , , , , , , , , , , , , , , , , , , , , , 
25.4516538, 0.0313878, , , , , , , 25.4516538, -0.0025177, , , , , , , 25.4516538, -0.0253452, , , , , , , 25.4516538, -0.0008392, , , , , , , , , , , , , , , , , , , , , , , , , , , , 
25.4521731, 0.0293736, , , , , , , 25.4521731, -0.0028534, , , , , , , 25.4521731, -0.0260166, , , , , , , 25.4521731, 0.0058747, , , , , , , , , , , , , , , , , , , , , , , , , , , , 
25.4526923, 0.0313878, , , , , , , 25.4526923, -0.002182, , , , , , , 25.4526923, -0.0258488, , , , , , , 25.4526923, 0.0119173, , , , , , , , , , , , , , , , , , , , , , , , , , , , 
25.4532115, 0.0283665, , , , , , , 25.4532115, -0.0011749, , , , , , , 25.4532115, -0.0238346, , , , , , , 25.4532115, 0.0191348, , , , , , , , , , , , , , , , , , , , , , , , , , , , 
25.4537308, 0.0191348, , , , , , , 25.4537308, -0.0010071, , , , , , , 25.4537308, -0.0221561, , , , , , , 25.4537308, 0.026688, , , , , , , , , , , , , , , , , , , , , , , , , , , , 
25.45425, 0.0119173, , , , , , , 25.45425, -0.0015106, , , , , , , 25.45425, -0.0204776, , , , , , , 25.45425, 0.0332341, , , , , , , , , , , , , , , , , , , , , , , , , , , , 
25.4547692, 0.0117494, , , , , , , 25.4547692, -0.0030213, , , , , , , 25.4547692, -0.0206455, , , , , , , 25.4547692, 0.0394446, , , , , , , , , , , , , , , , , , , , , , , , , , , , 
25.4552885, 0.01561, , , , , , , 25.4552885, -0.0035248, , , , , , , 25.4552885, -0.0221561, , , , , , , 25.4552885, 0.0431373, , , , , , , , , , , , , , , , , , , , , , , , , , , , 
25.4558077, 0.0132601, , , , , , , 25.4558077, -0.0016785, , , , , , , 25.4558077, -0.0231632, , , , , , , 25.4558077, 0.0454871, , , , , , , , , , , , , , , , , , , , , , , , , , , , 
25.4563269, 0.0072175, , , , , , , 25.4563269, -0.0023499, , , , , , , 25.4563269, -0.0221561, , , , , , , 25.4563269, 0.0498512, , , , , , , , , , , , , , , , , , , , , , , , , , , , 
25.4568462, 0.0001678, , , , , , , 25.4568462, -0.0041962, , , , , , , 25.4568462, -0.0184634, , , , , , , 25.4568462, 0.0508583, , , , , , , , , , , , , , , , , , , , , , , , , , , , 
25.4573654, -0.0010071, , , , , , , 25.4573654, -0.0048676, , , , , , , 25.4573654, -0.0149386, , , , , , , 25.4573654, 0.0464942, , , , , , , , , , , , , , , , , , , , , , , , , , , , 
25.4578846, 0.0030213, , , , , , , 25.4578846, -0.0057069, , , , , , , 25.4578846, -0.0129244, , , , , , , 25.4578846, 0.0426337, , , , , , , , , , , , , , , , , , , , , , , , , , , , 
25.4584038, 0.0052033, , , , , , , 25.4584038, -0.0070497, , , , , , , 25.4584038, -0.0129244, , , , , , , 25.4584038, 0.0387732, , , , , , , , , , , , , , , , , , , , , , , , , , , , 
25.4589231, 0.0038605, , , , , , , 25.4589231, -0.0073854, , , , , , , 25.4589231, -0.0135958, , , , , , , 25.4589231, 0.0354162, , , , , , , , , , , , , , , , , , , , , , , , , , , , 
25.4594423, -0.0028534, , , , , , , 25.4594423, -0.005539, , , , , , , 25.4594423, -0.0146029, , , , , , , 25.4594423, 0.0320592, , , , , , , , , , , , , , , , , , , , , , , , , , , , 
25.4599615, -0.0075532, , , , , , , 25.4599615, -0.0025177, , , , , , , 25.4599615, -0.0146029, , , , , , , 25.4599615, 0.0270237, , , , , , , , , , , , , , , , , , , , , , , , , , , , 
25.4604808, -0.0075532, , , , , , , 25.4604808, -0.0038605, , , , , , , 25.4604808, -0.012253, , , , , , , 25.4604808, 0.0226596, , , , , , , , , , , , , , , , , , , , , , , , , , , , 
25.461, -0.008896, , , , , , , 25.461, -0.0082246, , , , , , , 25.461, -0.0112459, , , , , , , 25.461, 0.0186313, , , , , , , , , , , , , , , , , , , , , , , , , , , , 
25.4615192, -0.0112459, , , , , , , 25.4615192, -0.0095674, , , , , , , 25.4615192, -0.0132601, , , , , , , 25.4615192, 0.0135958, , , , , , , , , , , , , , , , , , , , , , , , , , , , 
25.4620385, -0.008896, , , , , , , 25.4620385, -0.0083925, , , , , , , 25.4620385, -0.0135958, , , , , , , 25.4620385, 0.0119173, , , , , , , , , , , , , , , , , , , , , , , , , , , , 
25.4625577, 0.0011749, , , , , , , 25.4625577, -0.0065461, , , , , , , 25.4625577, -0.0125887, , , , , , , 25.4625577, 0.0132601, , , , , , , , , , , , , , , , , , , , , , , , , , , , 
25.4630769, 0.0099031, , , , , , , 25.4630769, -0.0068818, , , , , , , 25.4630769, -0.008896, , , , , , , 25.4630769, 0.0132601, , , , , , , , , , , , , , , , , , , , , , , , , , , , 
25.4635962, 0.0075532, , , , , , , 25.4635962, -0.0082246, , , , , , , 25.4635962, -0.005539, , , , , , , 25.4635962, 0.0132601, , , , , , , , , , , , , , , , , , , , , , , , , , , , 
25.4641154, -0.0011749, , , , , , , 25.4641154, -0.0082246, , , , , , , 25.4641154, -0.0038605, , , , , , , 25.4641154, 0.0139315, , , , , , , , , , , , , , , , , , , , , , , , , , , , 
25.4646346, -0.0062104, , , , , , , 25.4646346, -0.0099031, , , , , , , 25.4646346, -0.0035248, , , , , , , 25.4646346, 0.012253, , , , , , , , , , , , , , , , , , , , , , , , , , , , 
25.4651538, -0.0036927, , , , , , , 25.4651538, -0.0132601, , , , , , , 25.4651538, -0.0031891, , , , , , , 25.4651538, 0.0075532, , , , , , , , , , , , , , , , , , , , , , , , , , , , 
25.4656731, 0.0035248, , , , , , , 25.4656731, -0.01561, , , , , , , 25.4656731, -0.0036927, , , , , , , 25.4656731, 0.0041962, , , , , , , , , , , , , , , , , , , , , , , , , , , , 
25.4661923, 0.0102388, , , , , , , 25.4661923, -0.0129244, , , , , , , 25.4661923, -0.0035248, , , , , , , 25.4661923, 0.0003357, , , , , , , , , , , , , , , , , , , , , , , , , , , , 
25.4667115, 0.01561, , , , , , , 25.4667115, -0.0068818, , , , , , , 25.4667115, -0.0015106, , , , , , , 25.4667115, -0.0031891, , , , , , , , , , , , , , , , , , , , , , , , , , , , 
25.4672308, 0.0280308, , , , , , , 25.4672308, 0.0011749, , , , , , , 25.4672308, -0.0016785, , , , , , , 25.4672308, -0.008896, , , , , , , , , , , , , , , , , , , , , , , , , , , , 
25.46775, 0.0431373, , , , , , , 25.46775, 0.0052033, , , , , , , 25.46775, -0.002182, , , , , , , 25.46775, -0.0149386, , , , , , , , , , , , , , , , , , , , , , , , , , , , 
25.4682692, 0.051194, , , , , , , 25.4682692, 0.002182, , , , , , , 25.4682692, 0.0005035, , , , , , , 25.4682692, -0.0196384, , , , , , , , , , , , , , , , , , , , , , , , , , , , 
25.4687885, 0.0535439, , , , , , , 25.4687885, -0.0028534, , , , , , , 25.4687885, 0.0043641, , , , , , , 25.4687885, -0.0246738, , , , , , , , , , , , , , , , , , , , , , , , , , , , 
25.4693077, 0.0488441, , , , , , , 25.4693077, -0.0099031, , , , , , , 25.4693077, 0.0052033, , , , , , , 25.4693077, -0.0256809, , , , , , , , , , , , , , , , , , , , , , , , , , , , 
25.4698269, 0.0486763, , , , , , , 25.4698269, -0.0149386, , , , , , , 25.4698269, 0.0048676, , , , , , , 25.4698269, -0.0203098, , , , , , , , , , , , , , , , , , , , , , , , , , , , 
25.4703462, 0.0515297, , , , , , , 25.4703462, -0.0203098, , , , , , , 25.4703462, 0.0046998, , , , , , , 25.4703462, -0.0152743, , , , , , , , , , , , , , , , , , , , , , , , , , , , 
25.4708654, 0.0438087, , , , , , , 25.4708654, -0.0273594, , , , , , , 25.4708654, 0.0048676, , , , , , , 25.4708654, -0.0105745, , , , , , , , , , , , , , , , , , , , , , , , , , , , 
25.4713846, 0.030045, , , , , , , 25.4713846, -0.0323949, , , , , , , 25.4713846, 0.0058747, , , , , , , 25.4713846, -0.0035248, , , , , , , , , , , , , , , , , , , , , , , , , , , , 
25.4719038, 0.0196384, , , , , , , 25.4719038, -0.0323949, , , , , , , 25.4719038, 0.0048676, , , , , , , 25.4719038, 0.0045319, , , , , , , , , , , , , , , , , , , , , , , , , , , , 
25.4724231, 0.0105745, , , , , , , 25.4724231, -0.0317235, , , , , , , 25.4724231, 0.0005035, , , , , , , 25.4724231, 0.0119173, , , , , , , , , , , , , , , , , , , , , , , , , , , , 
25.4729423, -0.0015106, , , , , , , 25.4729423, -0.0317235, , , , , , , 25.4729423, -0.0018463, , , , , , , 25.4729423, 0.017792, , , , , , , , , , , , , , , , , , , , , , , , , , , , 
25.4734615, -0.0115816, , , , , , , 25.4734615, -0.030045, , , , , , , 25.4734615, -0.0023499, , , , , , , 25.4734615, 0.0273594, , , , , , , , , , , , , , , , , , , , , , , , , , , , 
25.4739808, -0.0146029, , , , , , , 25.4739808, -0.0256809, , , , , , , 25.4739808, -0.0028534, , , , , , , 25.4739808, 0.0360876, , , , , , , , , , , , , , , , , , , , , , , , , , , , 
25.4745, -0.0139315, , , , , , , 25.4745, -0.0182956, , , , , , , 25.4745, -0.0023499, , , , , , , 25.4745, 0.0387732, , , , , , , , , , , , , , , , , , , , , , , , , , , , 
25.4750192, -0.01561, , , , , , , 25.4750192, -0.014435, , , , , , , 25.4750192, -0.0030213, , , , , , , 25.4750192, 0.040116, , , , , , , , , , , , , , , , , , , , , , , , , , , , 
25.4755385, -0.0216526, , , , , , , 25.4755385, -0.0142672, , , , , , , 25.4755385, -0.0028534, , , , , , , 25.4755385, 0.0417945, , , , , , , , , , , , , , , , , , , , , , , , , , , , 
25.4760577, -0.0313878, , , , , , , 25.4760577, -0.0139315, , , , , , , 25.4760577, -0.0036927, , , , , , , 25.4760577, 0.04448, , , , , , , , , , , , , , , , , , , , , , , , , , , , 
25.4765769, -0.0352483, , , , , , , 25.4765769, -0.012253, , , , , , , 25.4765769, -0.0036927, , , , , , , 25.4765769, 0.0464942, , , , , , , , , , , , , , , , , , , , , , , , , , , , 
25.4770962, -0.0297093, , , , , , , 25.4770962, -0.0087282, , , , , , , 25.4770962, -0.0028534, , , , , , , 25.4770962, 0.043473, , , , , , , , , , , , , , , , , , , , , , , , , , , , 
25.4776154, -0.0193027, , , , , , , 25.4776154, -0.005539, , , , , , , 25.4776154, -0.0036927, , , , , , , 25.4776154, 0.0354162, , , , , , , , , , , , , , , , , , , , , , , , , , , , 
25.4781346, -0.0139315, , , , , , , 25.4781346, -0.0052033, , , , , , , 25.4781346, -0.0062104, , , , , , , 25.4781346, 0.0280308, , , , , , , , , , , , , , , , , , , , , , , , , , , , 
25.4786538, -0.0099031, , , , , , , 25.4786538, -0.0070497, , , , , , , 25.4786538, -0.0078889, , , , , , , 25.4786538, 0.0236667, , , , , , , , , , , , , , , , , , , , , , , , , , , , 
25.4791731, -0.0072175, , , , , , , 25.4791731, -0.0095674, , , , , , , 25.4791731, -0.0077211, , , , , , , 25.4791731, 0.0194705, , , , , , , , , , , , , , , , , , , , , , , , , , , , 
25.4796923, -0.0011749, , , , , , , 25.4796923, -0.0072175, , , , , , , 25.4796923, -0.0082246, , , , , , , 25.4796923, 0.0132601, , , , , , , , , , , , , , , , , , , , , , , , , , , , 
25.4802115, 0.0058747, , , , , , , 25.4802115, -0.0028534, , , , , , , 25.4802115, -0.008896, , , , , , , 25.4802115, 0.0085603, , , , , , , , , , , , , , , , , , , , , , , , , , , , 
25.4807308, 0.0068818, , , , , , , 25.4807308, -0.0028534, , , , , , , 25.4807308, -0.0102388, , , , , , , 25.4807308, 0.0060426, , , , , , , , , , , , , , , , , , , , , , , , , , , , 
25.48125, 0.0018463, , , , , , , 25.48125, -0.0031891, , , , , , , 25.48125, -0.0102388, , , , , , , 25.48125, 0.0052033, , , , , , , , , , , , , , , , , , , , , , , , , , , , 
25.4817692, -0.0005035, , , , , , , 25.4817692, -0.0011749, , , , , , , 25.4817692, -0.0109102, , , , , , , 25.4817692, 0.0052033, , , , , , , , , , , , , , , , , , , , , , , , , , , , 
25.4822885, 0.0036927, , , , , , , 25.4822885, 0.0008392, , , , , , , 25.4822885, -0.0102388, , , , , , , 25.4822885, 0.0052033, , , , , , , , , , , , , , , , , , , , , , , , , , , , 
25.4828077, 0.0008392, , , , , , , 25.4828077, 0.0018463, , , , , , , 25.4828077, -0.0104067, , , , , , , 25.4828077, 0.0058747, , , , , , , , , , , , , , , , , , , , , , , , , , , , 
25.4833269, -0.002182, , , , , , , 25.4833269, 0.0001678, , , , , , , 25.4833269, -0.0125887, , , , , , , 25.4833269, 0.0065461, , , , , , , , , , , , , , , , , , , , , , , , , , , , 
25.4838462, 0.0001678, , , , , , , 25.4838462, -0.0008392, , , , , , , 25.4838462, -0.0142672, , , , , , , 25.4838462, 0.0058747, , , , , , , , , , , , , , , , , , , , , , , , , , , , 
25.4843654, 0.0048676, , , , , , , 25.4843654, -0.0028534, , , , , , , 25.4843654, -0.0149386, , , , , , , 25.4843654, 0.0048676, , , , , , , , , , , , , , , , , , , , , , , , , , , , 
25.4848846, 0.0115816, , , , , , , 25.4848846, -0.0035248, , , , , , , 25.4848846, -0.0146029, , , , , , , 25.4848846, 0.0041962, , , , , , , , , , , , , , , , , , , , , , , , , , , , 
25.4854038, 0.0199741, , , , , , , 25.4854038, -0.0018463, , , , , , , 25.4854038, -0.012253, , , , , , , 25.4854038, 0.0065461, , , , , , , , , , , , , , , , , , , , , , , , , , , , 
25.4859231, 0.0287022, , , , , , , 25.4859231, -0.0015106, , , , , , , 25.4859231, -0.0095674, , , , , , , 25.4859231, 0.0085603, , , , , , , , , , , , , , , , , , , , , , , , , , , , 
25.4864423, 0.0360876, , , , , , , 25.4864423, -0.0041962, , , , , , , 25.4864423, -0.008896, , , , , , , 25.4864423, 0.0048676, , , , , , , , , , , , , , , , , , , , , , , , , , , , 
25.4869615, 0.0464942, , , , , , , 25.4869615, -0.0072175, , , , , , , 25.4869615, -0.0115816, , , , , , , 25.4869615, -0.0028534, , , , , , , , , , , , , , , , , , , , , , , , , , , , 
25.4874808, 0.0632792, , , , , , , 25.4874808, -0.0075532, , , , , , , 25.4874808, -0.0115816, , , , , , , 25.4874808, -0.0115816, , , , , , , , , , , , , , , , , , , , , , , , , , , , 
25.488, 0.0787213, , , , , , , 25.488, -0.0063783, , , , , , , 25.488, -0.008896, , , , , , , 25.488, -0.0181277, , , , , , , , , , , , , , , , , , , , , , , , , , , , 
25.4885192, 0.0803998, , , , , , , 25.4885192, -0.0043641, , , , , , , 25.4885192, -0.0082246, , , , , , , 25.4885192, -0.0223239, , , , , , , , , , , , , , , , , , , , , , , , , , , , 
25.4890385, 0.0736858, , , , , , , 25.4890385, -0.0028534, , , , , , , 25.4890385, -0.008896, , , , , , , 25.4890385, -0.0243381, , , , , , , , , , , , , , , , , , , , , , , , , , , , 
25.4895577, 0.0666361, , , , , , , 25.4895577, -0.0018463, , , , , , , 25.4895577, -0.0097353, , , , , , , 25.4895577, -0.0250095, , , , , , , , , , , , , , , , , , , , , , , , , , , , 
25.4900769, 0.0616007, , , , , , , 25.4900769, 0.0008392, , , , , , , 25.4900769, -0.0097353, , , , , , , 25.4900769, -0.0229953, , , , , , , , , , , , , , , , , , , , , , , , , , , , 
25.4905962, 0.057908, , , , , , , 25.4905962, 0.0008392, , , , , , , 25.4905962, -0.0083925, , , , , , , 25.4905962, -0.0139315, , , , , , , , , , , , , , , , , , , , , , , , , , , , 
25.4911154, 0.0495155, , , , , , , 25.4911154, 0.0001678, , , , , , , 25.4911154, -0.0073854, , , , , , , 25.4911154, -0.0048676, , , , , , , , , , , , , , , , , , , , , , , , , , , , 
25.4916346, 0.0347448, , , , , , , 25.4916346, -0.0015106, , , , , , , 25.4916346, -0.008896, , , , , , , 25.4916346, 0.0005035, , , , , , , , , , , , , , , , , , , , , , , , , , , , 
25.4921538, 0.0208133, , , , , , , 25.4921538, -0.0025177, , , , , , , 25.4921538, -0.0092317, , , , , , , 25.4921538, 0.0045319, , , , , , , , , , , , , , , , , , , , , , , , , , , , 
25.4926731, 0.0166171, , , , , , , 25.4926731, -0.002182, , , , , , , 25.4926731, -0.0085603, , , , , , , 25.4926731, 0.0105745, , , , , , , , , , , , , , , , , , , , , , , , , , , , 
25.4931923, 0.0127565, , , , , , , 25.4931923, -0.003357, , , , , , , 25.4931923, -0.0078889, , , , , , , 25.4931923, 0.0172885, , , , , , , , , , , , , , , , , , , , , , , , , , , , 
25.4937115, 0.0025177, , , , , , , 25.4937115, -0.0031891, , , , , , , 25.4937115, -0.005539, , , , , , , 25.4937115, 0.0276951, , , , , , , , , , , , , , , , , , , , , , , , , , , , 
25.4942308, -0.008896, , , , , , , 25.4942308, 0.0008392, , , , , , , 25.4942308, -0.0038605, , , , , , , 25.4942308, 0.0360876, , , , , , , , , , , , , , , , , , , , , , , , , , , , 
25.49475, -0.0169528, , , , , , , 25.49475, 0.0045319, , , , , , , 25.49475, -0.0028534, , , , , , , 25.49475, 0.0417945, , , , , , , , , , , , , , , , , , , , , , , , , , , , 
25.4952692, -0.0260166, , , , , , , 25.4952692, 0.005539, , , , , , , 25.4952692, -0.0015106, , , , , , , 25.4952692, 0.0466621, , , , , , , , , , , , , , , , , , , , , , , , , , , , 
25.4957885, -0.0307164, , , , , , , 25.4957885, 0.0028534, , , , , , , 25.4957885, -0.0011749, , , , , , , 25.4957885, 0.051194, , , , , , , , , , , , , , , , , , , , , , , , , , , , 
25.4963077, -0.0350805, , , , , , , 25.4963077, 0.0025177, , , , , , , 25.4963077, -0.0011749, , , , , , , 25.4963077, 0.0542153, , , , , , , , , , , , , , , , , , , , , , , , , , , , 
25.4968269, -0.0360876, , , , , , , 25.4968269, 0.0070497, , , , , , , 25.4968269, -0.0010071, , , , , , , 25.4968269, 0.0542153, , , , , , , , , , , , , , , , , , , , , , , , , , , , 
25.4973462, -0.0318914, , , , , , , 25.4973462, 0.0102388, , , , , , , 25.4973462, -0.0015106, , , , , , , 25.4973462, 0.0481727, , , , , , , , , , , , , , , , , , , , , , , , , , , , 
25.4978654, -0.0213169, , , , , , , 25.4978654, 0.0085603, , , , , , , 25.4978654, -0.0035248, , , , , , , 25.4978654, 0.0379339, , , , , , , , , , , , , , , , , , , , , , , , , , , , 
25.4983846, -0.0099031, , , , , , , 25.4983846, 0.0041962, , , , , , , 25.4983846, -0.0045319, , , , , , , 25.4983846, 0.0310521, , , , , , , , , , , , , , , , , , , , , , , , , , , , 
25.4989038, -0.0008392, , , , , , , 25.4989038, 0.0015106, , , , , , , 25.4989038, -0.0041962, , , , , , , 25.4989038, 0.0260166, , , , , , , , , , , , , , , , , , , , , , , , , , , , 
25.4994231, 0.0052033, , , , , , , 25.4994231, 0.0058747, , , , , , , 25.4994231, -0.0041962, , , , , , , 25.4994231, 0.0199741, , , , , , , , , , , , , , , , , , , , , , , , , , , , 
25.4999423, 0.0072175, , , , , , , 25.4999423, 0.0162814, , , , , , , 25.4999423, -0.0057069, , , , , , , 25.4999423, 0.0162814, , , , , , , , , , , , , , , , , , , , , , , , , , , , 
25.5004615, 0.0092317, , , , , , , 25.5004615, 0.0152743, , , , , , , 25.5004615, -0.008896, , , , , , , 25.5004615, 0.01561, , , , , , , , , , , , , , , , , , , , , , , , , , , , 
25.5009808, 0.0139315, , , , , , , 25.5009808, -0.0005035, , , , , , , 25.5009808, -0.0090639, , , , , , , 25.5009808, 0.0134279, , , , , , , , , , , , , , , , , , , , , , , , , , , , 
25.5015, 0.0157778, , , , , , , 25.5015, -0.01561, , , , , , , 25.5015, -0.0052033, , , , , , , 25.5015, 0.0102388, , , , , , , , , , , , , , , , , , , , , , , , , , , , 
25.5020192, 0.0152743, , , , , , , 25.5020192, -0.03122, , , , , , , 25.5020192, -0.0045319, , , , , , , 25.5020192, 0.0109102, , , , , , , , , , , , , , , , , , , , , , , , , , , , 
25.5025385, 0.017792, , , , , , , 25.5025385, -0.0555581, , , , , , , 25.5025385, -0.0070497, , , , , , , 25.5025385, 0.0129244, , , , , , , , , , , , , , , , , , , , , , , , , , , , 
25.5030577, 0.0182956, , , , , , , 25.5030577, -0.0763714, , , , , , , 25.5030577, -0.0085603, , , , , , , 25.5030577, 0.0112459, , , , , , , , , , , , , , , , , , , , , , , , , , , , 
25.5035769, 0.01561, , , , , , , 25.5035769, -0.0867781, , , , , , , 25.5035769, -0.0099031, , , , , , , 25.5035769, 0.0085603, , , , , , , , , , , , , , , , , , , , , , , , , , , , 
25.5040962, 0.0152743, , , , , , , 25.5040962, -0.0793927, , , , , , , 25.5040962, -0.012253, , , , , , , 25.5040962, 0.0065461, , , , , , , , , , , , , , , , , , , , , , , , , , , , 
25.5046154, 0.0162814, , , , , , , 25.5046154, -0.0540475, , , , , , , 25.5046154, -0.0129244, , , , , , , 25.5046154, 0.0048676, , , , , , , , , , , , , , , , , , , , , , , , , , , , 
25.5051346, 0.0169528, , , , , , , 25.5051346, -0.0209812, , , , , , , 25.5051346, -0.0129244, , , , , , , 25.5051346, 0.0031891, , , , , , , , , , , , , , , , , , , , , , , , , , , , 
25.5056538, 0.0193027, , , , , , , 25.5056538, 0.0078889, , , , , , , 25.5056538, -0.0129244, , , , , , , 25.5056538, 0.0018463, , , , , , , , , , , , , , , , , , , , , , , , , , , , 
25.5061731, 0.0219883, , , , , , , 25.5061731, 0.0229953, , , , , , , 25.5061731, -0.0112459, , , , , , , 25.5061731, 0.0003357, , , , , , , , , , , , , , , , , , , , , , , , , , , , 
25.5066923, 0.0246738, , , , , , , 25.5066923, 0.0206455, , , , , , , 25.5066923, -0.0112459, , , , , , , 25.5066923, -0.0035248, , , , , , , , , , , , , , , , , , , , , , , , , , , , 
25.5072115, 0.0280308, , , , , , , 25.5072115, 0.0083925, , , , , , , 25.5072115, -0.0129244, , , , , , , 25.5072115, -0.0112459, , , , , , , , , , , , , , , , , , , , , , , , , , , , 
25.5077308, 0.0354162, , , , , , , 25.5077308, -0.0095674, , , , , , , 25.5077308, -0.0149386, , , , , , , 25.5077308, -0.0201419, , , , , , , , , , , , , , , , , , , , , , , , , , , , 
25.50825, 0.0480049, , , , , , , 25.50825, -0.0265202, , , , , , , 25.50825, -0.0142672, , , , , , , 25.50825, -0.0243381, , , , , , , , , , , , , , , , , , , , , , , , , , , , 
25.5087692, 0.061265, , , , , , , 25.5087692, -0.0337377, , , , , , , 25.5087692, -0.0115816, , , , , , , 25.5087692, -0.0250095, , , , , , , , , , , , , , , , , , , , , , , , , , , , 
25.5092885, 0.0649577, , , , , , , 25.5092885, -0.0340734, , , , , , , 25.5092885, -0.0078889, , , , , , , 25.5092885, -0.0276951, , , , , , , , , , , , , , , , , , , , , , , , , , , , 
25.5098077, 0.0553902, , , , , , , 25.5098077, -0.0271916, , , , , , , 25.5098077, -0.0082246, , , , , , , 25.5098077, -0.026688, , , , , , , , , , , , , , , , , , , , , , , , , , , , 
25.5103269, 0.0431373, , , , , , , 25.5103269, -0.011078, , , , , , , 25.5103269, -0.0109102, , , , , , , 25.5103269, -0.0196384, , , , , , , , , , , , , , , , , , , , , , , , , , , , 
25.5108462, 0.0347448, , , , , , , 25.5108462, 0.0078889, , , , , , , 25.5108462, -0.0102388, , , , , , , 25.5108462, -0.0105745, , , , , , , , , , , , , , , , , , , , , , , , , , , , 
25.5113654, 0.0273594, , , , , , , 25.5113654, 0.0142672, , , , , , , 25.5113654, -0.0095674, , , , , , , 25.5113654, -0.0035248, , , , , , , , , , , , , , , , , , , , , , , , , , , , 
25.5118846, 0.0169528, , , , , , , 25.5118846, 0.0078889, , , , , , , 25.5118846, -0.0095674, , , , , , , 25.5118846, 0.0011749, , , , , , , , , , , , , , , , , , , , , , , , , , , , 
25.5124038, 0.0109102, , , , , , , 25.5124038, -0.0035248, , , , , , , 25.5124038, -0.0109102, , , , , , , 25.5124038, 0.0070497, , , , , , , , , , , , , , , , , , , , , , , , , , , , 
25.5129231, 0.0078889, , , , , , , 25.5129231, -0.0139315, , , , , , , 25.5129231, -0.0112459, , , , , , , 25.5129231, 0.0176242, , , , , , , , , , , , , , , , , , , , , , , , , , , , 
25.5134423, 0.0001678, , , , , , , 25.5134423, -0.0223239, , , , , , , 25.5134423, -0.0109102, , , , , , , 25.5134423, 0.0293736, , , , , , , , , , , , , , , , , , , , , , , , , , , , 
25.5139615, -0.012253, , , , , , , 25.5139615, -0.0283665, , , , , , , 25.5139615, -0.0082246, , , , , , , 25.5139615, 0.0381018, , , , , , , , , , , , , , , , , , , , , , , , , , , , 
25.5144808, -0.0226596, , , , , , , 25.5144808, -0.0250095, , , , , , , 25.5144808, -0.0041962, , , , , , , 25.5144808, 0.0414588, , , , , , , , , , , , , , , , , , , , , , , , , , , , 
25.515, -0.0295415, , , , , , , 25.515, -0.012253, , , , , , , 25.515, -0.0035248, , , , , , , 25.515, 0.0453193, , , , , , , , , , , , , , , , , , , , , , , , , , , , 
25.5155192, -0.0360876, , , , , , , 25.5155192, -0.0008392, , , , , , , 25.5155192, -0.0048676, , , , , , , 25.5155192, 0.0486763, , , , , , , , , , , , , , , , , , , , , , , , , , , , 
25.5160385, -0.0421302, , , , , , , 25.5160385, 0.0041962, , , , , , , 25.5160385, -0.0045319, , , , , , , 25.5160385, 0.0528725, , , , , , , , , , , , , , , , , , , , , , , , , , , , 
25.5165577, -0.04448, , , , , , , 25.5165577, 0.0052033, , , , , , , 25.5165577, -0.0028534, , , , , , , 25.5165577, 0.0535439, , , , , , , , , , , , , , , , , , , , , , , , , , , , 
25.5170769, -0.0468299, , , , , , , 25.5170769, 0.0025177, , , , , , , 25.5170769, -0.002182, , , , , , , 25.5170769, 0.047837, , , , , , , , , , , , , , , , , , , , , , , , , , , , 
25.5175962, -0.0448157, , , , , , , 25.5175962, 0.0031891, , , , , , , 25.5175962, -0.0035248, , , , , , , 25.5175962, 0.0370947, , , , , , , , , , , , , , , , , , , , , , , , , , , , 
25.5181154, -0.0377661, , , , , , , 25.5181154, 0.0083925, , , , , , , 25.5181154, -0.0058747, , , , , , , 25.5181154, 0.030045, , , , , , , , , , , , , , , , , , , , , , , , , , , , 
25.5186346, -0.0229953, , , , , , , 25.5186346, 0.0196384, , , , , , , 25.5186346, -0.0052033, , , , , , , 25.5186346, 0.0253452, , , , , , , , , , , , , , , , , , , , , , , , , , , , 
25.5191538, -0.0045319, , , , , , , 25.5191538, 0.0307164, , , , , , , 25.5191538, -0.0038605, , , , , , , 25.5191538, 0.0186313, , , , , , , , , , , , , , , , , , , , , , , , , , , , 
25.5196731, 0.012253, , , , , , , 25.5196731, 0.036759, , , , , , , 25.5196731, -0.0041962, , , , , , , 25.5196731, 0.0115816, , , , , , , , , , , , , , , , , , , , , , , , , , , , 
25.5201923, 0.024506, , , , , , , 25.5201923, 0.0339055, , , , , , , 25.5201923, -0.005539, , , , , , , 25.5201923, 0.008896, , , , , , , , , , , , , , , , , , , , , , , , , , , , 
25.5207115, 0.0320592, , , , , , , 25.5207115, 0.0236667, , , , , , , 25.5207115, -0.0075532, , , , , , , 25.5207115, 0.011078, , , , , , , , , , , , , , , , , , , , , , , , , , , , 
25.5212308, 0.0377661, , , , , , , 25.5212308, 0.012253, , , , , , , 25.5212308, -0.0099031, , , , , , , 25.5212308, 0.0127565, , , , , , , , , , , , , , , , , , , , , , , , , , , , 
25.52175, 0.0387732, , , , , , , 25.52175, 0.0015106, , , , , , , 25.52175, -0.0115816, , , , , , , 25.52175, 0.0105745, , , , , , , , , , , , , , , , , , , , , , , , , , , , 
25.5222692, 0.0337377, , , , , , , 25.5222692, -0.0085603, , , , , , , 25.5222692, -0.0102388, , , , , , , 25.5222692, 0.008896, , , , , , , , , , , , , , , , , , , , , , , , , , , , 
25.5227885, 0.0354162, , , , , , , 25.5227885, -0.0191348, , , , , , , 25.5227885, -0.0102388, , , , , , , 25.5227885, 0.0087282, , , , , , , , , , , , , , , , , , , , , , , , , , , , 
25.5233077, 0.0384375, , , , , , , 25.5233077, -0.0206455, , , , , , , 25.5233077, -0.0102388, , , , , , , 25.5233077, 0.0087282, , , , , , , , , , , , , , , , , , , , , , , , , , , , 
25.5238269, 0.043473, , , , , , , 25.5238269, -0.012253, , , , , , , 25.5238269, -0.0090639, , , , , , , 25.5238269, 0.0105745, , , , , , , , , , , , , , , , , , , , , , , , , , , , 
25.5243462, 0.0451514, , , , , , , 25.5243462, -0.0062104, , , , , , , 25.5243462, -0.0078889, , , , , , , 25.5243462, 0.0139315, , , , , , , , , , , , , , , , , , , , , , , , , , , , 
25.5248654, 0.0441444, , , , , , , 25.5248654, -0.0095674, , , , , , , 25.5248654, -0.0068818, , , , , , , 25.5248654, 0.0142672, , , , , , , , , , , , , , , , , , , , , , , , , , , , 
25.5253846, 0.0473335, , , , , , , 25.5253846, -0.0209812, , , , , , , 25.5253846, -0.0058747, , , , , , , 25.5253846, 0.0129244, , , , , , , , , , , , , , , , , , , , , , , , , , , , 
25.5259038, 0.0471656, , , , , , , 25.5259038, -0.0332341, , , , , , , 25.5259038, -0.0072175, , , , , , , 25.5259038, 0.0105745, , , , , , , , , , , , , , , , , , , , , , , , , , , , 
25.5264231, 0.0404517, , , , , , , 25.5264231, -0.0451514, , , , , , , 25.5264231, -0.008896, , , , , , , 25.5264231, 0.0062104, , , , , , , , , , , , , , , , , , , , , , , , , , , , 
25.5269423, 0.0387732, , , , , , , 25.5269423, -0.0538796, , , , , , , 25.5269423, -0.0095674, , , , , , , 25.5269423, 0.0001678, , , , , , , , , , , , , , , , , , , , , , , , , , , , 
25.5274615, 0.0451514, , , , , , , 25.5274615, -0.0485084, , , , , , , 25.5274615, -0.008896, , , , , , , 25.5274615, -0.0065461, , , , , , , , , , , , , , , , , , , , , , , , , , , , 
25.5279808, 0.0522011, , , , , , , 25.5279808, -0.0344091, , , , , , , 25.5279808, -0.0082246, , , , , , , 25.5279808, -0.0115816, , , , , , , , , , , , , , , , , , , , , , , , , , , , 
25.5285, 0.0540475, , , , , , , 25.5285, -0.0229953, , , , , , , 25.5285, -0.0095674, , , , , , , 25.5285, -0.0139315, , , , , , , , , , , , , , , , , , , , , , , , , , , , 
25.5290192, 0.0560616, , , , , , , 25.5290192, -0.0162814, , , , , , , 25.5290192, -0.0115816, , , , , , , 25.5290192, -0.017792, , , , , , , , , , , , , , , , , , , , , , , , , , , , 
25.5295385, 0.0590829, , , , , , , 25.5295385, -0.011078, , , , , , , 25.5295385, -0.0129244, , , , , , , 25.5295385, -0.0204776, , , , , , , , , , , , , , , , , , , , , , , , , , , , 
25.5300577, 0.0575723, , , , , , , 25.5300577, -0.0095674, , , , , , , 25.5300577, -0.014435, , , , , , , 25.5300577, -0.017792, , , , , , , , , , , , , , , , , , , , , , , , , , , , 
25.5305769, 0.0481727, , , , , , , 25.5305769, -0.0095674, , , , , , , 25.5305769, -0.0159457, , , , , , , 25.5305769, -0.012253, , , , , , , , , , , , , , , , , , , , , , , , , , , , 
25.5310962, 0.0359197, , , , , , , 25.5310962, -0.0109102, , , , , , , 25.5310962, -0.0176242, , , , , , , 25.5310962, -0.0058747, , , , , , , , , , , , , , , , , , , , , , , , , , , , 
25.5316154, 0.0229953, , , , , , , 25.5316154, -0.0109102, , , , , , , 25.5316154, -0.0176242, , , , , , , 25.5316154, 0.0008392, , , , , , , , , , , , , , , , , , , , , , , , , , , , 
25.5321346, 0.0146029, , , , , , , 25.5321346, -0.0095674, , , , , , , 25.5321346, -0.0176242, , , , , , , 25.5321346, 0.0075532, , , , , , , , , , , , , , , , , , , , , , , , , , , , 
25.5326538, 0.0092317, , , , , , , 25.5326538, -0.0072175, , , , , , , 25.5326538, -0.0169528, , , , , , , 25.5326538, 0.0146029, , , , , , , , , , , , , , , , , , , , , , , , , , , , 
25.5331731, -0.0005035, , , , , , , 25.5331731, -0.0062104, , , , , , , 25.5331731, -0.0169528, , , , , , , 25.5331731, 0.0213169, , , , , , , , , , , , , , , , , , , , , , , , , , , , 
25.5336923, -0.0154421, , , , , , , 25.5336923, -0.0075532, , , , , , , 25.5336923, -0.0157778, , , , , , , 25.5336923, 0.0290379, , , , , , , , , , , , , , , , , , , , , , , , , , , , 
25.5342115, -0.0297093, , , , , , , 25.5342115, -0.0102388, , , , , , , 25.5342115, -0.012253, , , , , , , 25.5342115, 0.040116, , , , , , , , , , , , , , , , , , , , , , , , , , , , 
25.5347308, -0.0374304, , , , , , , 25.5347308, -0.0095674, , , , , , , 25.5347308, -0.0090639, , , , , , , 25.5347308, 0.0508583, , , , , , , , , , , , , , , , , , , , , , , , , , , , 
25.53525, -0.0428016, , , , , , , 25.53525, -0.0075532, , , , , , , 25.53525, -0.0082246, , , , , , , 25.53525, 0.0558938, , , , , , , , , , , , , , , , , , , , , , , , , , , , 
25.5357692, -0.047837, , , , , , , 25.5357692, -0.005539, , , , , , , 25.5357692, -0.0087282, , , , , , , 25.5357692, 0.0575723, , , , , , , , , , , , , , , , , , , , , , , , , , , , 
25.5362885, -0.0485084, , , , , , , 25.5362885, -0.002182, , , , , , , 25.5362885, -0.0075532, , , , , , , 25.5362885, 0.0592508, , , , , , , , , , , , , , , , , , , , , , , , , , , , 
25.5368077, -0.0505226, , , , , , , 25.5368077, -0.0015106, , , , , , , 25.5368077, -0.0062104, , , , , , , 25.5368077, 0.0582437, , , , , , , , , , , , , , , , , , , , , , , , , , , , 
25.5373269, -0.0471656, , , , , , , 25.5373269, -0.0001678, , , , , , , 25.5373269, -0.0052033, , , , , , , 25.5373269, 0.0518654, , , , , , , , , , , , , , , , , , , , , , , , , , , , 
25.5378462, -0.036759, , , , , , , 25.5378462, 0.0005035, , , , , , , 25.5378462, -0.0038605, , , , , , , 25.5378462, 0.0424659, , , , , , , , , , , , , , , , , , , , , , , , , , , , 
25.5383654, -0.0256809, , , , , , , 25.5383654, 0.0005035, , , , , , , 25.5383654, -0.0008392, , , , , , , 25.5383654, 0.0347448, , , , , , , , , , , , , , , , , , , , , , , , , , , , 
25.5388846, -0.0159457, , , , , , , 25.5388846, 0.0011749, , , , , , , 25.5388846, -0.002182, , , , , , , 25.5388846, 0.0293736, , , , , , , , , , , , , , , , , , , , , , , , , , , , 
25.5394038, -0.0109102, , , , , , , 25.5394038, 0.0025177, , , , , , , 25.5394038, -0.0048676, , , , , , , 25.5394038, 0.0250095, , , , , , , , , , , , , , , , , , , , , , , , , , , , 
25.5399231, -0.0075532, , , , , , , 25.5399231, 0.0025177, , , , , , , 25.5399231, -0.0058747, , , , , , , 25.5399231, 0.0196384, , , , , , , , , , , , , , , , , , , , , , , , , , , , 
25.5404423, -0.0001678, , , , , , , 25.5404423, 0.0035248, , , , , , , 25.5404423, -0.0048676, , , , , , , 25.5404423, 0.01561, , , , , , , , , , , , , , , , , , , , , , , , , , , , 
25.5409615, 0.0058747, , , , , , , 25.5409615, 0.0048676, , , , , , , 25.5409615, -0.0031891, , , , , , , 25.5409615, 0.0112459, , , , , , , , , , , , , , , , , , , , , , , , , , , , 
25.5414808, 0.005539, , , , , , , 25.5414808, 0.0031891, , , , , , , 25.5414808, -0.0008392, , , , , , , 25.5414808, 0.0092317, , , , , , , , , , , , , , , , , , , , , , , , , , , , 
25.542, 0.0058747, , , , , , , 25.542, 0.0001678, , , , , , , 25.542, -0.0011749, , , , , , , 25.542, 0.0095674, , , , , , , , , , , , , , , , , , , , , , , , , , , , 
25.5425192, 0.0052033, , , , , , , 25.5425192, -0.0028534, , , , , , , 25.5425192, -0.0028534, , , , , , , 25.5425192, 0.0065461, , , , , , , , , , , , , , , , , , , , , , , , , , , , 
25.5430385, 0.0065461, , , , , , , 25.5430385, -0.0031891, , , , , , , 25.5430385, -0.0048676, , , , , , , 25.5430385, 0.0052033, , , , , , , , , , , , , , , , , , , , , , , , , , , , 
25.5435577, 0.0095674, , , , , , , 25.5435577, -0.002182, , , , , , , 25.5435577, -0.0068818, , , , , , , 25.5435577, 0.0052033, , , , , , , , , , , , , , , , , , , , , , , , , , , , 
25.5440769, 0.0099031, , , , , , , 25.5440769, -0.0011749, , , , , , , 25.5440769, -0.0078889, , , , , , , 25.5440769, 0.0018463, , , , , , , , , , , , , , , , , , , , , , , , , , , , 
25.5445962, 0.0085603, , , , , , , 25.5445962, -0.0028534, , , , , , , 25.5445962, -0.0068818, , , , , , , 25.5445962, -0.0001678, , , , , , , , , , , , , , , , , , , , , , , , , , , , 
25.5451154, 0.0072175, , , , , , , 25.5451154, -0.0052033, , , , , , , 25.5451154, -0.0058747, , , , , , , 25.5451154, -0.0001678, , , , , , , , , , , , , , , , , , , , , , , , , , , , 
25.5456346, 0.0045319, , , , , , , 25.5456346, -0.0048676, , , , , , , 25.5456346, -0.0068818, , , , , , , 25.5456346, 0.0018463, , , , , , , , , , , , , , , , , , , , , , , , , , , , 
25.5461538, 0.0038605, , , , , , , 25.5461538, -0.0041962, , , , , , , 25.5461538, -0.0068818, , , , , , , 25.5461538, 0.0011749, , , , , , , , , , , , , , , , , , , , , , , , , , , , 
25.5466731, 0.0072175, , , , , , , 25.5466731, -0.005539, , , , , , , 25.5466731, -0.0062104, , , , , , , 25.5466731, -0.0038605, , , , , , , , , , , , , , , , , , , , , , , , , , , , 
25.5471923, 0.0196384, , , , , , , 25.5471923, -0.0062104, , , , , , , 25.5471923, -0.0062104, , , , , , , 25.5471923, -0.0149386, , , , , , , , , , , , , , , , , , , , , , , , , , , , 
25.5477115, 0.0347448, , , , , , , 25.5477115, -0.0068818, , , , , , , 25.5477115, -0.0075532, , , , , , , 25.5477115, -0.0231632, , , , , , , , , , , , , , , , , , , , , , , , , , , , 
25.5482308, 0.0464942, , , , , , , 25.5482308, -0.0082246, , , , , , , 25.5482308, -0.0077211, , , , , , , 25.5482308, -0.0263523, , , , , , , , , , , , , , , , , , , , , , , , , , , , 
25.54875, 0.0582437, , , , , , , 25.54875, -0.0082246, , , , , , , 25.54875, -0.0075532, , , , , , , 25.54875, -0.0256809, , , , , , , , , , , , , , , , , , , , , , , , , , , , 
25.5492692, 0.0696574, , , , , , , 25.5492692, -0.0068818, , , , , , , 25.5492692, -0.0062104, , , , , , , 25.5492692, -0.0256809, , , , , , , , , , , , , , , , , , , , , , , , , , , , 
25.5497885, 0.0767071, , , , , , , 25.5497885, -0.005539, , , , , , , 25.5497885, -0.0062104, , , , , , , 25.5497885, -0.0263523, , , , , , , , , , , , , , , , , , , , , , , , , , , , 
25.5503077, 0.0696574, , , , , , , 25.5503077, -0.0041962, , , , , , , 25.5503077, -0.0099031, , , , , , , 25.5503077, -0.0219883, , , , , , , , , , , , , , , , , , , , , , , , , , , , 
25.5508269, 0.0580758, , , , , , , 25.5508269, -0.0062104, , , , , , , 25.5508269, -0.0169528, , , , , , , 25.5508269, -0.0146029, , , , , , , , , , , , , , , , , , , , , , , , , , , , 
25.5513462, 0.0498512, , , , , , , 25.5513462, -0.0097353, , , , , , , 25.5513462, -0.0169528, , , , , , , 25.5513462, -0.0063783, , , , , , , , , , , , , , , , , , , , , , , , , , , , 
25.5518654, 0.0421302, , , , , , , 25.5518654, -0.0109102, , , , , , , 25.5518654, -0.0102388, , , , , , , 25.5518654, 0.0005035, , , , , , , , , , , , , , , , , , , , , , , , , , , , 
25.5523846, 0.0344091, , , , , , , 25.5523846, -0.0041962, , , , , , , 25.5523846, -0.0072175, , , , , , , 25.5523846, 0.0070497, , , , , , , , , , , , , , , , , , , , , , , , , , , , 
25.5529038, 0.0243381, , , , , , , 25.5529038, 0.0085603, , , , , , , 25.5529038, -0.005539, , , , , , , 25.5529038, 0.0146029, , , , , , , , , , , , , , , , , , , , , , , , , , , , 
25.5534231, 0.008896, , , , , , , 25.5534231, 0.0152743, , , , , , , 25.5534231, 0.0011749, , , , , , , 25.5534231, 0.026688, , , , , , , , , , , , , , , , , , , , , , , , , , , , 
25.5539423, -0.0075532, , , , , , , 25.5539423, 0.0099031, , , , , , , 25.5539423, 0.0075532, , , , , , , 25.5539423, 0.0370947, , , , , , , , , , , , , , , , , , , , , , , , , , , , 
25.5544615, -0.0184634, , , , , , , 25.5544615, -0.0015106, , , , , , , 25.5544615, 0.0068818, , , , , , , 25.5544615, 0.0438087, , , , , , , , , , , , , , , , , , , , , , , , , , , , 
25.5549808, -0.0243381, , , , , , , 25.5549808, -0.008896, , , , , , , 25.5549808, 0.0011749, , , , , , , 25.5549808, 0.0481727, , , , , , , , , , , , , , , , , , , , , , , , , , , , 
25.5555, -0.0250095, , , , , , , 25.5555, -0.0109102, , , , , , , 25.5555, -0.0035248, , , , , , , 25.5555, 0.0525368, , , , , , , , , , , , , , , , , , , , , , , , , , , , 
25.5560192, -0.0223239, , , , , , , 25.5560192, -0.014435, , , , , , , 25.5560192, -0.0048676, , , , , , , 25.5560192, 0.0548867, , , , , , , , , , , , , , , , , , , , , , , , , , , , 
25.5565385, -0.021149, , , , , , , 25.5565385, -0.0234989, , , , , , , 25.5565385, -0.0035248, , , , , , , 25.5565385, 0.051194, , , , , , , , , , , , , , , , , , , , , , , , , , , , 
25.5570577, -0.0196384, , , , , , , 25.5570577, -0.0310521, , , , , , , 25.5570577, -0.0031891, , , , , , , 25.5570577, 0.0426337, , , , , , , , , , , , , , , , , , , , , , , , , , , , 
25.5575769, -0.0172885, , , , , , , 25.5575769, -0.0317235, , , , , , , 25.5575769, -0.0065461, , , , , , , 25.5575769, 0.0347448, , , , , , , , , , , , , , , , , , , , , , , , , , , , 
25.5580962, -0.0132601, , , , , , , 25.5580962, -0.0283665, , , , , , , 25.5580962, -0.0085603, , , , , , , 25.5580962, 0.0292058, , , , , , , , , , , , , , , , , , , , , , , , , , , , 
25.5586154, -0.0095674, , , , , , , 25.5586154, -0.0251774, , , , , , , 25.5586154, -0.0082246, , , , , , , 25.5586154, 0.0250095, , , , , , , , , , , , , , , , , , , , , , , , , , , , 
25.5591346, -0.0041962, , , , , , , 25.5591346, -0.0218204, , , , , , , 25.5591346, -0.0068818, , , , , , , 25.5591346, 0.0226596, , , , , , , , , , , , , , , , , , , , , , , , , , , , 
25.5596538, 0.0052033, , , , , , , 25.5596538, -0.0186313, , , , , , , 25.5596538, -0.0072175, , , , , , , 25.5596538, 0.0199741, , , , , , , , , , , , , , , , , , , , , , , , , , , , 
25.5601731, 0.0199741, , , , , , , 25.5601731, -0.0157778, , , , , , , 25.5601731, -0.008896, , , , , , , 25.5601731, 0.0169528, , , , , , , , , , , , , , , , , , , , , , , , , , , , 
25.5606923, 0.0347448, , , , , , , 25.5606923, -0.0125887, , , , , , , 25.5606923, -0.0102388, , , , , , , 25.5606923, 0.0129244, , , , , , , , , , , , , , , , , , , , , , , , , , , , 
25.5612115, 0.0431373, , , , , , , 25.5612115, -0.0095674, , , , , , , 25.5612115, -0.0092317, , , , , , , 25.5612115, 0.0112459, , , , , , , , , , , , , , , , , , , , , , , , , , , , 
25.5617308, 0.0414588, , , , , , , 25.5617308, -0.0090639, , , , , , , 25.5617308, -0.0102388, , , , , , , 25.5617308, 0.0102388, , , , , , , , , , , , , , , , , , , , , , , , , , , , 
25.56225, 0.0327306, , , , , , , 25.56225, -0.0095674, , , , , , , 25.56225, -0.011078, , , , , , , 25.56225, 0.0057069, , , , , , , , , , , , , , , , , , , , , , , , , , , , 
25.5627692, 0.0271916, , , , , , , 25.5627692, -0.0083925, , , , , , , 25.5627692, -0.0082246, , , , , , , 25.5627692, 0.0036927, , , , , , , , , , , , , , , , , , , , , , , , , , , , 
25.5632885, 0.0280308, , , , , , , 25.5632885, -0.0068818, , , , , , , 25.5632885, -0.0043641, , , , , , , 25.5632885, 0.0045319, , , , , , , , , , , , , , , , , , , , , , , , , , , , 
25.5638077, 0.0307164, , , , , , , 25.5638077, -0.005539, , , , , , , 25.5638077, -0.002182, , , , , , , 25.5638077, 0.005539, , , , , , , , , , , , , , , , , , , , , , , , , , , , 
25.5643269, 0.0330663, , , , , , , 25.5643269, -0.0052033, , , , , , , 25.5643269, -0.002182, , , , , , , 25.5643269, 0.0062104, , , , , , , , , , , , , , , , , , , , , , , , , , , , 
25.5648462, 0.0344091, , , , , , , 25.5648462, -0.0062104, , , , , , , 25.5648462, -0.0041962, , , , , , , 25.5648462, 0.0065461, , , , , , , , , , , , , , , , , , , , , , , , , , , , 
25.5653654, 0.036759, , , , , , , 25.5653654, -0.0075532, , , , , , , 25.5653654, -0.0119173, , , , , , , 25.5653654, 0.0075532, , , , , , , , , , , , , , , , , , , , , , , , , , , , 
25.5658846, 0.0370947, , , , , , , 25.5658846, -0.0058747, , , , , , , 25.5658846, -0.0169528, , , , , , , 25.5658846, 0.0092317, , , , , , , , , , , , , , , , , , , , , , , , , , , , 
25.5664038, 0.0340734, , , , , , , 25.5664038, -0.002182, , , , , , , 25.5664038, -0.0162814, , , , , , , 25.5664038, 0.0078889, , , , , , , , , , , , , , , , , , , , , , , , , , , , 
25.5669231, 0.0350805, , , , , , , 25.5669231, 0.0005035, , , , , , , 25.5669231, -0.0137636, , , , , , , 25.5669231, 0.003357, , , , , , , , , , , , , , , , , , , , , , , , , , , , 
25.5674423, 0.0409552, , , , , , , 25.5674423, -0.0001678, , , , , , , 25.5674423, -0.0159457, , , , , , , 25.5674423, -0.0052033, , , , , , , , , , , , , , , , , , , , , , , , , , , , 
25.5679615, 0.0458228, , , , , , , 25.5679615, -0.0028534, , , , , , , 25.5679615, -0.018967, , , , , , , 25.5679615, -0.0146029, , , , , , , , , , , , , , , , , , , , , , , , , , , , 
25.5684808, 0.047837, , , , , , , 25.5684808, -0.0052033, , , , , , , 25.5684808, -0.0191348, , , , , , , 25.5684808, -0.0213169, , , , , , , , , , , , , , , , , , , , , , , , , , , , 
25.569, 0.0532082, , , , , , , 25.569, -0.0058747, , , , , , , 25.569, -0.018967, , , , , , , 25.569, -0.0236667, , , , , , , , , , , , , , , , , , , , , , , , , , , , 
25.5695192, 0.0569009, , , , , , , 25.5695192, -0.0048676, , , , , , , 25.5695192, -0.0182956, , , , , , , 25.5695192, -0.0243381, , , , , , , , , , , , , , , , , , , , , , , , , , , , 
25.5700385, 0.0562295, , , , , , , 25.5700385, -0.0038605, , , , , , , 25.5700385, -0.0171206, , , , , , , 25.5700385, -0.0223239, , , , , , , , , , , , , , , , , , , , , , , , , , , , 
25.5705577, 0.0522011, , , , , , , 25.5705577, -0.0040284, , , , , , , 25.5705577, -0.0182956, , , , , , , 25.5705577, -0.0146029, , , , , , , , , , , , , , , , , , , , , , , , , , , , 
25.5710769, 0.047837, , , , , , , 25.5710769, -0.0041962, , , , , , , 25.5710769, -0.018967, , , , , , , 25.5710769, -0.0041962, , , , , , , , , , , , , , , , , , , , , , , , , , , , 
25.5715962, 0.0451514, , , , , , , 25.5715962, -0.0041962, , , , , , , 25.5715962, -0.017792, , , , , , , 25.5715962, 0.0048676, , , , , , , , , , , , , , , , , , , , , , , , , , , , 
25.5721154, 0.0374304, , , , , , , 25.5721154, -0.0031891, , , , , , , 25.5721154, -0.0154421, , , , , , , 25.5721154, 0.0105745, , , , , , , , , , , , , , , , , , , , , , , , , , , , 
25.5726346, 0.0209812, , , , , , , 25.5726346, -0.0038605, , , , , , , 25.5726346, -0.012253, , , , , , , 25.5726346, 0.0149386, , , , , , , , , , , , , , , , , , , , , , , , , , , , 
25.5731538, -0.0008392, , , , , , , 25.5731538, -0.0058747, , , , , , , 25.5731538, -0.0102388, , , , , , , 25.5731538, 0.0229953, , , , , , , , , , , , , , , , , , , , , , , , , , , , 
25.5736731, -0.01561, , , , , , , 25.5736731, -0.0068818, , , , , , , 25.5736731, -0.0095674, , , , , , , 25.5736731, 0.0325628, , , , , , , , , , , , , , , , , , , , , , , , , , , , 
25.5741923, -0.0243381, , , , , , , 25.5741923, -0.0073854, , , , , , , 25.5741923, -0.0083925, , , , , , , 25.5741923, 0.0424659, , , , , , , , , , , , , , , , , , , , , , , , , , , , 
25.5747115, -0.0323949, , , , , , , 25.5747115, -0.0083925, , , , , , , 25.5747115, -0.0082246, , , , , , , 25.5747115, 0.0522011, , , , , , , , , , , , , , , , , , , , , , , , , , , , 
25.5752308, -0.0412909, , , , , , , 25.5752308, -0.008896, , , , , , , 25.5752308, -0.0075532, , , , , , , 25.5752308, 0.0599222, , , , , , , , , , , , , , , , , , , , , , , , , , , , 
25.57575, -0.0498512, , , , , , , 25.57575, -0.0090639, , , , , , , 25.57575, -0.005539, , , , , , , 25.57575, 0.0649577, , , , , , , , , , , , , , , , , , , , , , , , , , , , 
25.5762692, -0.0518654, , , , , , , 25.5762692, -0.006714, , , , , , , 25.5762692, -0.0045319, , , , , , , 25.5762692, 0.0666361, , , , , , , , , , , , , , , , , , , , , , , , , , , , 
25.5767885, -0.0451514, , , , , , , 25.5767885, -0.0050355, , , , , , , 25.5767885, -0.0048676, , , , , , , 25.5767885, 0.0602579, , , , , , , , , , , , , , , , , , , , , , , , , , , , 
25.5773077, -0.0404517, , , , , , , 25.5773077, -0.0075532, , , , , , , 25.5773077, -0.0058747, , , , , , , 25.5773077, 0.0501869, , , , , , , , , , , , , , , , , , , , , , , , , , , , 
25.5778269, -0.0350805, , , , , , , 25.5778269, -0.0117494, , , , , , , 25.5778269, -0.005539, , , , , , , 25.5778269, 0.040116, , , , , , , , , , , , , , , , , , , , , , , , , , , , 
25.5783462, -0.0250095, , , , , , , 25.5783462, -0.0135958, , , , , , , 25.5783462, -0.0041962, , , , , , , 25.5783462, 0.0327306, , , , , , , , , , , , , , , , , , , , , , , , , , , , 
25.5788654, -0.0132601, , , , , , , 25.5788654, -0.012253, , , , , , , 25.5788654, -0.0041962, , , , , , , 25.5788654, 0.026688, , , , , , , , , , , , , , , , , , , , , , , , , , , , 
25.5793846, -0.0095674, , , , , , , 25.5793846, -0.0099031, , , , , , , 25.5793846, -0.0035248, , , , , , , 25.5793846, 0.0204776, , , , , , , , , , , , , , , , , , , , , , , , , , , , 
25.5799038, -0.0130922, , , , , , , 25.5799038, -0.0092317, , , , , , , 25.5799038, -0.0025177, , , , , , , 25.5799038, 0.0146029, , , , , , , , , , , , , , , , , , , , , , , , , , , , 
25.5804231, -0.0152743, , , , , , , 25.5804231, -0.0075532, , , , , , , 25.5804231, -0.0016785, , , , , , , 25.5804231, 0.0124208, , , , , , , , , , , , , , , , , , , , , , , , , , , , 
25.5809423, -0.0102388, , , , , , , 25.5809423, -0.0062104, , , , , , , 25.5809423, -0.002182, , , , , , , 25.5809423, 0.0109102, , , , , , , , , , , , , , , , , , , , , , , , , , , , 
25.5814615, -0.005539, , , , , , , 25.5814615, -0.0062104, , , , , , , 25.5814615, -0.0030213, , , , , , , 25.5814615, 0.0078889, , , , , , , , , , , , , , , , , , , , , , , , , , , , 
25.5819808, -0.0058747, , , , , , , 25.5819808, -0.0072175, , , , , , , 25.5819808, -0.0031891, , , , , , , 25.5819808, 0.0043641, , , , , , , , , , , , , , , , , , , , , , , , , , , , 
25.5825, -0.0045319, , , , , , , 25.5825, -0.0062104, , , , , , , 25.5825, -0.0028534, , , , , , , 25.5825, 0.0035248, , , , , , , , , , , , , , , , , , , , , , , , , , , , 
25.5830192, -0.0006714, , , , , , , 25.5830192, -0.005539, , , , , , , 25.5830192, -0.0031891, , , , , , , 25.5830192, 0.0050355, , , , , , , , , , , , , , , , , , , , , , , , , , , , 
25.5835385, 0.0028534, , , , , , , 25.5835385, -0.0063783, , , , , , , 25.5835385, -0.0041962, , , , , , , 25.5835385, 0.0031891, , , , , , , , , , , , , , , , , , , , , , , , , , , , 
25.5840577, 0.0038605, , , , , , , 25.5840577, -0.0078889, , , , , , , 25.5840577, -0.0065461, , , , , , , 25.5840577, -0.0015106, , , , , , , , , , , , , , , , , , , , , , , , , , , , 
25.5845769, 0.0132601, , , , , , , 25.5845769, -0.0075532, , , , , , , 25.5845769, -0.0077211, , , , , , , 25.5845769, -0.0038605, , , , , , , , , , , , , , , , , , , , , , , , , , , , 
25.5850962, 0.0293736, , , , , , , 25.5850962, -0.0052033, , , , , , , 25.5850962, -0.0075532, , , , , , , 25.5850962, -0.0025177, , , , , , , , , , , , , , , , , , , , , , , , , , , , 
25.5856154, 0.0424659, , , , , , , 25.5856154, -0.0025177, , , , , , , 25.5856154, -0.0075532, , , , , , , 25.5856154, -0.0015106, , , , , , , , , , , , , , , , , , , , , , , , , , , , 
25.5861346, 0.0475013, , , , , , , 25.5861346, -0.0035248, , , , , , , 25.5861346, -0.0085603, , , , , , , 25.5861346, -0.0028534, , , , , , , , , , , , , , , , , , , , , , , , , , , , 
25.5866538, 0.0516976, , , , , , , 25.5866538, -0.0070497, , , , , , , 25.5866538, -0.0095674, , , , , , , 25.5866538, -0.0077211, , , , , , , , , , , , , , , , , , , , , , , , , , , , 
25.5871731, 0.057908, , , , , , , 25.5871731, -0.0095674, , , , , , , 25.5871731, -0.0102388, , , , , , , 25.5871731, -0.0151064, , , , , , , , , , , , , , , , , , , , , , , , , , , , 
25.5876923, 0.0663005, , , , , , , 25.5876923, -0.0095674, , , , , , , 25.5876923, -0.0095674, , , , , , , 25.5876923, -0.0229953, , , , , , , , , , , , , , , , , , , , , , , , , , , , 
25.5882115, 0.0683146, , , , , , , 25.5882115, -0.0099031, , , , , , , 25.5882115, -0.0077211, , , , , , , 25.5882115, -0.0258488, , , , , , , , , , , , , , , , , , , , , , , , , , , , 
25.5887308, 0.0641184, , , , , , , 25.5887308, -0.0115816, , , , , , , 25.5887308, -0.0057069, , , , , , , 25.5887308, -0.0246738, , , , , , , , , , , , , , , , , , , , , , , , , , , , 
25.58925, 0.0621042, , , , , , , 25.58925, -0.0142672, , , , , , , 25.58925, -0.0062104, , , , , , , 25.58925, -0.0216526, , , , , , , , , , , , , , , , , , , , , , , , , , , , 
25.5897692, 0.063447, , , , , , , 25.5897692, -0.0139315, , , , , , , 25.5897692, -0.0062104, , , , , , , 25.5897692, -0.0209812, , , , , , , , , , , , , , , , , , , , , , , , , , , , 
25.5902885, 0.0683146, , , , , , , 25.5902885, -0.0050355, , , , , , , 25.5902885, -0.008896, , , , , , , 25.5902885, -0.0229953, , , , , , , , , , , , , , , , , , , , , , , , , , , , 
25.5908077, 0.0642863, , , , , , , 25.5908077, 0.0137636, , , , , , , 25.5908077, -0.0109102, , , , , , , 25.5908077, -0.0176242, , , , , , , , , , , , , , , , , , , , , , , , , , , , 
25.5913269, 0.0542153, , , , , , , 25.5913269, 0.0307164, , , , , , , 25.5913269, -0.0099031, , , , , , , 25.5913269, -0.005539, , , , , , , , , , , , , , , , , , , , , , , , , , , , 
25.5918462, 0.0414588, , , , , , , 25.5918462, 0.0374304, , , , , , , 25.5918462, -0.0070497, , , , , , , 25.5918462, 0.0048676, , , , , , , , , , , , , , , , , , , , , , , , , , , , 
25.5923654, 0.0320592, , , , , , , 25.5923654, 0.0293736, , , , , , , 25.5923654, -0.0072175, , , , , , , 25.5923654, 0.0114137, , , , , , , , , , , , , , , , , , , , , , , , , , , , 
25.5928846, 0.0246738, , , , , , , 25.5928846, 0.0082246, , , , , , , 25.5928846, -0.0057069, , , , , , , 25.5928846, 0.0184634, , , , , , , , , , , , , , , , , , , , , , , , , , , , 
25.5934038, 0.0139315, , , , , , , 25.5934038, -0.01561, , , , , , , 25.5934038, -0.0041962, , , , , , , 25.5934038, 0.0280308, , , , , , , , , , , , , , , , , , , , , , , , , , , , 
25.5939231, -0.0015106, , , , , , , 25.5939231, -0.0320592, , , , , , , 25.5939231, -0.0060426, , , , , , , 25.5939231, 0.0387732, , , , , , , , , , , , , , , , , , , , , , , , , , , , 
25.5944423, -0.0166171, , , , , , , 25.5944423, -0.0463264, , , , , , , 25.5944423, -0.0052033, , , , , , , 25.5944423, 0.0458228, , , , , , , , , , , , , , , , , , , , , , , , , , , , 
25.5949615, -0.0290379, , , , , , , 25.5949615, -0.0542153, , , , , , , 25.5949615, -0.0031891, , , , , , , 25.5949615, 0.0501869, , , , , , , , , , , , , , , , , , , , , , , , , , , , 
25.5954808, -0.0347448, , , , , , , 25.5954808, -0.036759, , , , , , , 25.5954808, -0.0031891, , , , , , , 25.5954808, 0.0540475, , , , , , , , , , , , , , , , , , , , , , , , , , , , 
25.596, -0.0350805, , , , , , , 25.596, -0.0018463, , , , , , , 25.596, -0.0045319, , , , , , , 25.596, 0.0569009, , , , , , , , , , , , , , , , , , , , , , , , , , , , 
25.5965192, -0.0374304, , , , , , , 25.5965192, 0.0186313, , , , , , , 25.5965192, -0.0052033, , , , , , , 25.5965192, 0.0565652, , , , , , , , , , , , , , , , , , , , , , , , , , , , 
25.5970385, -0.0404517, , , , , , , 25.5970385, 0.0149386, , , , , , , 25.5970385, -0.0068818, , , , , , , 25.5970385, 0.0518654, , , , , , , , , , , , , , , , , , , , , , , , , , , , 
25.5975577, -0.0387732, , , , , , , 25.5975577, -0.0031891, , , , , , , 25.5975577, -0.0060426, , , , , , , 25.5975577, 0.0441444, , , , , , , , , , , , , , , , , , , , , , , , , , , , 
25.5980769, -0.0307164, , , , , , , 25.5980769, -0.0263523, , , , , , , 25.5980769, -0.0041962, , , , , , , 25.5980769, 0.0360876, , , , , , , , , , , , , , , , , , , , , , , , , , , , 
25.5985962, -0.0219883, , , , , , , 25.5985962, -0.0461585, , , , , , , 25.5985962, -0.0052033, , , , , , , 25.5985962, 0.0307164, , , , , , , , , , , , , , , , , , , , , , , , , , , , 
25.5991154, -0.01561, , , , , , , 25.5991154, -0.0585794, , , , , , , 25.5991154, -0.0078889, , , , , , , 25.5991154, 0.026688, , , , , , , , , , , , , , , , , , , , , , , , , , , , 
25.5996346, -0.0135958, , , , , , , 25.5996346, -0.064622, , , , , , , 25.5996346, -0.0082246, , , , , , , 25.5996346, 0.0196384, , , , , , , , , , , , , , , , , , , , , , , , , , , , 
25.6001538, -0.0137636, , , , , , , 25.6001538, -0.061265, , , , , , , 25.6001538, -0.0075532, , , , , , , 25.6001538, 0.0139315, , , , , , , , , , , , , , , , , , , , , , , , , , , , 
25.6006731, -0.0109102, , , , , , , 25.6006731, -0.0394446, , , , , , , 25.6006731, -0.0072175, , , , , , , 25.6006731, 0.0132601, , , , , , , , , , , , , , , , , , , , , , , , , , , , 
25.6011923, -0.0048676, , , , , , , 25.6011923, -0.01561, , , , , , , 25.6011923, -0.0062104, , , , , , , 25.6011923, 0.0112459, , , , , , , , , , , , , , , , , , , , , , , , , , , , 
25.6017115, 0.0050355, , , , , , , 25.6017115, -0.0063783, , , , , , , 25.6017115, -0.0068818, , , , , , , 25.6017115, 0.0068818, , , , , , , , , , , , , , , , , , , , , , , , , , , , 
25.6022308, 0.0151064, , , , , , , 25.6022308, -0.0035248, , , , , , , 25.6022308, -0.008896, , , , , , , 25.6022308, 0.002182, , , , , , , , , , , , , , , , , , , , , , , , , , , , 
25.60275, 0.0196384, , , , , , , 25.60275, 0.0011749, , , , , , , 25.60275, -0.008896, , , , , , , 25.60275, 0.0008392, , , , , , , , , , , , , , , , , , , , , , , , , , , , 
25.6032692, 0.0240024, , , , , , , 25.6032692, 0.0050355, , , , , , , 25.6032692, -0.0068818, , , , , , , 25.6032692, 0.0005035, , , , , , , , , , , , , , , , , , , , , , , , , , , , 
25.6037885, 0.0327306, , , , , , , 25.6037885, 0.010071, , , , , , , 25.6037885, -0.0068818, , , , , , , 25.6037885, -0.0031891, , , , , , , , , , , , , , , , , , , , , , , , , , , , 
25.6043077, 0.036759, , , , , , , 25.6043077, 0.0129244, , , , , , , 25.6043077, -0.0075532, , , , , , , 25.6043077, -0.0048676, , , , , , , , , , , , , , , , , , , , , , , , , , , , 
25.6048269, 0.0394446, , , , , , , 25.6048269, 0.0146029, , , , , , , 25.6048269, -0.0072175, , , , , , , 25.6048269, -0.0038605, , , , , , , , , , , , , , , , , , , , , , , , , , , , 
25.6053462, 0.0439765, , , , , , , 25.6053462, 0.0159457, , , , , , , 25.6053462, -0.0085603, , , , , , , 25.6053462, -0.0011749, , , , , , , , , , , , , , , , , , , , , , , , , , , , 
25.6058654, 0.043473, , , , , , , 25.6058654, 0.012253, , , , , , , 25.6058654, -0.0090639, , , , , , , 25.6058654, 0.0005035, , , , , , , , , , , , , , , , , , , , , , , , , , , , 
25.6063846, 0.0421302, , , , , , , 25.6063846, 0.0030213, , , , , , , 25.6063846, -0.0109102, , , , , , , 25.6063846, -0.0016785, , , , , , , , , , , , , , , , , , , , , , , , , , , , 
25.6069038, 0.0475013, , , , , , , 25.6069038, -0.0058747, , , , , , , 25.6069038, -0.0129244, , , , , , , 25.6069038, -0.0115816, , , , , , , , , , , , , , , , , , , , , , , , , , , , 
25.6074231, 0.0616007, , , , , , , 25.6074231, -0.0112459, , , , , , , 25.6074231, -0.0142672, , , , , , , 25.6074231, -0.0226596, , , , , , , , , , , , , , , , , , , , , , , , , , , , 
25.6079423, 0.0720073, , , , , , , 25.6079423, -0.0199741, , , , , , , 25.6079423, -0.0139315, , , , , , , 25.6079423, -0.0263523, , , , , , , , , , , , , , , , , , , , , , , , , , , , 
25.6084615, 0.0726787, , , , , , , 25.6084615, -0.0238346, , , , , , , 25.6084615, -0.0115816, , , , , , , 25.6084615, -0.0283665, , , , , , , , , , , , , , , , , , , , , , , , , , , , 
25.6089808, 0.0716716, , , , , , , 25.6089808, -0.018967, , , , , , , 25.6089808, -0.0102388, , , , , , , 25.6089808, -0.0303807, , , , , , , , , , , , , , , , , , , , , , , , , , , , 
25.6095, 0.0683146, , , , , , , 25.6095, -0.0109102, , , , , , , 25.6095, -0.0119173, , , , , , , 25.6095, -0.0292058, , , , , , , , , , , , , , , , , , , , , , , , , , , , 
25.6100192, 0.0595865, , , , , , , 25.6100192, -0.0068818, , , , , , , 25.6100192, -0.01561, , , , , , , 25.6100192, -0.0250095, , , , , , , , , , , , , , , , , , , , , , , , , , , , 
25.6105385, 0.0485084, , , , , , , 25.6105385, -0.0092317, , , , , , , 25.6105385, -0.0166171, , , , , , , 25.6105385, -0.0164492, , , , , , , , , , , , , , , , , , , , , , , , , , , , 
25.6110577, 0.0384375, , , , , , , 25.6110577, -0.0109102, , , , , , , 25.6110577, -0.0135958, , , , , , , 25.6110577, -0.0068818, , , , , , , , , , , , , , , , , , , , , , , , , , , , 
25.6115769, 0.0293736, , , , , , , 25.6115769, -0.0075532, , , , , , , 25.6115769, -0.0102388, , , , , , , 25.6115769, -0.0008392, , , , , , , , , , , , , , , , , , , , , , , , , , , , 
25.6120962, 0.0204776, , , , , , , 25.6120962, -0.002182, , , , , , , 25.6120962, -0.0102388, , , , , , , 25.6120962, 0.0046998, , , , , , , , , , , , , , , , , , , , , , , , , , , , 
25.6126154, 0.0142672, , , , , , , 25.6126154, 0.0035248, , , , , , , 25.6126154, -0.0109102, , , , , , , 25.6126154, 0.0119173, , , , , , , , , , , , , , , , , , , , , , , , , , , , 
25.6131346, 0.0077211, , , , , , , 25.6131346, 0.0077211, , , , , , , 25.6131346, -0.0125887, , , , , , , 25.6131346, 0.0216526, , , , , , , , , , , , , , , , , , , , , , , , , , , , 
25.6136538, -0.0057069, , , , , , , 25.6136538, 0.0065461, , , , , , , 25.6136538, -0.0125887, , , , , , , 25.6136538, 0.0332341, , , , , , , , , , , , , , , , , , , , , , , , , , , , 
25.6141731, -0.018967, , , , , , , 25.6141731, -0.0001678, , , , , , , 25.6141731, -0.011078, , , , , , , 25.6141731, 0.0441444, , , , , , , , , , , , , , , , , , , , , , , , , , , , 
25.6146923, -0.0226596, , , , , , , 25.6146923, -0.0105745, , , , , , , 25.6146923, -0.0102388, , , , , , , 25.6146923, 0.0508583, , , , , , , , , , , , , , , , , , , , , , , , , , , , 
25.6152115, -0.0243381, , , , , , , 25.6152115, -0.018967, , , , , , , 25.6152115, -0.0092317, , , , , , , 25.6152115, 0.0535439, , , , , , , , , , , , , , , , , , , , , , , , , , , , 
25.6157308, -0.0236667, , , , , , , 25.6157308, -0.0204776, , , , , , , 25.6157308, -0.0070497, , , , , , , 25.6157308, 0.0557259, , , , , , , , , , , , , , , , , , , , , , , , , , , , 
25.61625, -0.0229953, , , , , , , 25.61625, -0.018967, , , , , , , 25.61625, -0.0053712, , , , , , , 25.61625, 0.0602579, , , , , , , , , , , , , , , , , , , , , , , , , , , , 
25.6167692, -0.0184634, , , , , , , 25.6167692, -0.0149386, , , , , , , 25.6167692, -0.0045319, , , , , , , 25.6167692, 0.0602579, , , , , , , , , , , , , , , , , , , , , , , , , , , , 
25.6172885, -0.0115816, , , , , , , 25.6172885, -0.0099031, , , , , , , 25.6172885, -0.0035248, , , , , , , 25.6172885, 0.0515297, , , , , , , , , , , , , , , , , , , , , , , , , , , , 
25.6178077, -0.0125887, , , , , , , 25.6178077, 0.0011749, , , , , , , 25.6178077, -0.0035248, , , , , , , 25.6178077, 0.0394446, , , , , , , , , , , , , , , , , , , , , , , , , , , , 
25.6183269, -0.0154421, , , , , , , 25.6183269, 0.0216526, , , , , , , 25.6183269, -0.0052033, , , , , , , 25.6183269, 0.0293736, , , , , , , , , , , , , , , , , , , , , , , , , , , , 
25.6188462, -0.0152743, , , , , , , 25.6188462, 0.036759, , , , , , , 25.6188462, -0.0063783, , , , , , , 25.6188462, 0.0246738, , , , , , , , , , , , , , , , , , , , , , , , , , , , 
25.6193654, -0.0166171, , , , , , , 25.6193654, 0.0307164, , , , , , , 25.6193654, -0.005539, , , , , , , 25.6193654, 0.0213169, , , , , , , , , , , , , , , , , , , , , , , , , , , , 
25.6198846, -0.0142672, , , , , , , 25.6198846, 0.0132601, , , , , , , 25.6198846, -0.0041962, , , , , , , 25.6198846, 0.0182956, , , , , , , , , , , , , , , , , , , , , , , , , , , , 
25.6204038, -0.008896, , , , , , , 25.6204038, -0.0005035, , , , , , , 25.6204038, -0.0041962, , , , , , , 25.6204038, 0.0152743, , , , , , , , , , , , , , , , , , , , , , , , , , , , 
25.6209231, -0.0068818, , , , , , , 25.6209231, -0.0095674, , , , , , , 25.6209231, -0.0041962, , , , , , , 25.6209231, 0.0132601, , , , , , , , , , , , , , , , , , , , , , , , , , , , 
25.6214423, -0.0035248, , , , , , , 25.6214423, -0.0124208, , , , , , , 25.6214423, -0.0028534, , , , , , , 25.6214423, 0.0129244, , , , , , , , , , , , , , , , , , , , , , , , , , , , 
25.6219615, 0.0052033, , , , , , , 25.6219615, -0.0102388, , , , , , , 25.6219615, -0.0046998, , , , , , , 25.6219615, 0.0146029, , , , , , , , , , , , , , , , , , , , , , , , , , , , 
25.6224808, 0.0119173, , , , , , , 25.6224808, -0.0105745, , , , , , , 25.6224808, -0.0048676, , , , , , , 25.6224808, 0.0135958, , , , , , , , , , , , , , , , , , , , , , , , , , , , 
25.623, 0.0169528, , , , , , , 25.623, -0.0119173, , , , , , , 25.623, -0.0038605, , , , , , , 25.623, 0.0109102, , , , , , , , , , , , , , , , , , , , , , , , , , , , 
25.6235192, 0.0206455, , , , , , , 25.6235192, -0.0082246, , , , , , , 25.6235192, -0.003357, , , , , , , 25.6235192, 0.0112459, , , , , , , , , , , , , , , , , , , , , , , , , , , , 
25.6240385, 0.0199741, , , , , , , 25.6240385, -0.0041962, , , , , , , 25.6240385, -0.0041962, , , , , , , 25.6240385, 0.0109102, , , , , , , , , , , , , , , , , , , , , , , , , , , , 
25.6245577, 0.0179599, , , , , , , 25.6245577, -0.0077211, , , , , , , 25.6245577, -0.0062104, , , , , , , 25.6245577, 0.0082246, , , , , , , , , , , , , , , , , , , , , , , , , , , , 
25.6250769, 0.0193027, , , , , , , 25.6250769, -0.01561, , , , , , , 25.6250769, -0.0075532, , , , , , , 25.6250769, 0.0045319, , , , , , , , , , , , , , , , , , , , , , , , , , , , 
25.6255962, 0.0223239, , , , , , , 25.6255962, -0.0166171, , , , , , , 25.6255962, -0.008896, , , , , , , 25.6255962, 0.0038605, , , , , , , , , , , , , , , , , , , , , , , , , , , , 
25.6261154, 0.0218204, , , , , , , 25.6261154, -0.011078, , , , , , , 25.6261154, -0.008896, , , , , , , 25.6261154, 0.0043641, , , , , , , , , , , , , , , , , , , , , , , , , , , , 
25.6266346, 0.0206455, , , , , , , 25.6266346, -0.0062104, , , , , , , 25.6266346, -0.008896, , , , , , , 25.6266346, 0.0008392, , , , , , , , , , , , , , , , , , , , , , , , , , , , 
25.6271538, 0.0276951, , , , , , , 25.6271538, -0.0048676, , , , , , , 25.6271538, -0.0077211, , , , , , , 25.6271538, -0.0072175, , , , , , , , , , , , , , , , , , , , , , , , , , , , 
25.6276731, 0.0384375, , , , , , , 25.6276731, -0.0052033, , , , , , , 25.6276731, -0.0070497, , , , , , , 25.6276731, -0.01561, , , , , , , , , , , , , , , , , , , , , , , , , , , , 
25.6281923, 0.0421302, , , , , , , 25.6281923, -0.0053712, , , , , , , 25.6281923, -0.0078889, , , , , , , 25.6281923, -0.0229953, , , , , , , , , , , , , , , , , , , , , , , , , , , , 
25.6287115, 0.0451514, , , , , , , 25.6287115, -0.0038605, , , , , , , 25.6287115, -0.0095674, , , , , , , 25.6287115, -0.030045, , , , , , , , , , , , , , , , , , , , , , , , , , , , 
25.6292308, 0.0491798, , , , , , , 25.6292308, -0.0041962, , , , , , , 25.6292308, -0.0112459, , , , , , , 25.6292308, -0.0318914, , , , , , , , , , , , , , , , , , , , , , , , , , , , 
25.62975, 0.0495155, , , , , , , 25.62975, -0.0035248, , , , , , , 25.62975, -0.0104067, , , , , , , 25.62975, -0.0290379, , , , , , , , , , , , , , , , , , , , , , , , , , , , 
25.6302692, 0.0480049, , , , , , , 25.6302692, -0.0001678, , , , , , , 25.6302692, -0.0082246, , , , , , , 25.6302692, -0.021149, , , , , , , , , , , , , , , , , , , , , , , , , , , , 
25.6307885, 0.0458228, , , , , , , 25.6307885, 0.0005035, , , , , , , 25.6307885, -0.0060426, , , , , , , 25.6307885, -0.0115816, , , , , , , , , , , , , , , , , , , , , , , , , , , , 
25.6313077, 0.040116, , , , , , , 25.6313077, -0.0052033, , , , , , , 25.6313077, -0.0062104, , , , , , , 25.6313077, -0.0043641, , , , , , , , , , , , , , , , , , , , , , , , , , , , 
25.6318269, 0.0347448, , , , , , , 25.6318269, -0.0117494, , , , , , , 25.6318269, -0.0062104, , , , , , , 25.6318269, 0.0011749, , , , , , , , , , , , , , , , , , , , , , , , , , , , 
25.6323462, 0.0313878, , , , , , , 25.6323462, -0.0162814, , , , , , , 25.6323462, -0.005539, , , , , , , 25.6323462, 0.0048676, , , , , , , , , , , , , , , , , , , , , , , , , , , , 
25.6328654, 0.0283665, , , , , , , 25.6328654, -0.018967, , , , , , , 25.6328654, -0.0048676, , , , , , , 25.6328654, 0.0078889, , , , , , , , , , , , , , , , , , , , , , , , , , , , 
25.6333846, 0.0213169, , , , , , , 25.6333846, -0.0181277, , , , , , , 25.6333846, -0.0050355, , , , , , , 25.6333846, 0.017792, , , , , , , , , , , , , , , , , , , , , , , , , , , , 
25.6339038, 0.0075532, , , , , , , 25.6339038, -0.0182956, , , , , , , 25.6339038, -0.0050355, , , , , , , 25.6339038, 0.0293736, , , , , , , , , , , , , , , , , , , , , , , , , , , , 
25.6344231, -0.0063783, , , , , , , 25.6344231, -0.0198062, , , , , , , 25.6344231, -0.0025177, , , , , , , 25.6344231, 0.0407874, , , , , , , , , , , , , , , , , , , , , , , , , , , , 
25.6349423, -0.0179599, , , , , , , 25.6349423, -0.0226596, , , , , , , 25.6349423, -0.0001678, , , , , , , 25.6349423, 0.0501869, , , , , , , , , , , , , , , , , , , , , , , , , , , , 
25.6354615, -0.0310521, , , , , , , 25.6354615, -0.0273594, , , , , , , 25.6354615, -0.0008392, , , , , , , 25.6354615, 0.0535439, , , , , , , , , , , , , , , , , , , , , , , , , , , , 
25.6359808, -0.043473, , , , , , , 25.6359808, -0.0310521, , , , , , , 25.6359808, -0.002182, , , , , , , 25.6359808, 0.0555581, , , , , , , , , , , , , , , , , , , , , , , , , , , , 
25.6365, -0.0498512, , , , , , , 25.6365, -0.0323949, , , , , , , 25.6365, -0.0001678, , , , , , , 25.6365, 0.057908, , , , , , , , , , , , , , , , , , , , , , , , , , , , 
25.6370192, -0.047837, , , , , , , 25.6370192, -0.0293736, , , , , , , 25.6370192, 0.0015106, , , , , , , 25.6370192, 0.0548867, , , , , , , , , , , , , , , , , , , , , , , , , , , , 
25.6375385, -0.0391089, , , , , , , 25.6375385, -0.0256809, , , , , , , 25.6375385, 0.0013428, , , , , , , 25.6375385, 0.0475013, , , , , , , , , , , , , , , , , , , , , , , , , , , , 
25.6380577, -0.027863, , , , , , , 25.6380577, -0.0209812, , , , , , , 25.6380577, -0.0015106, , , , , , , 25.6380577, 0.0407874, , , , , , , , , , , , , , , , , , , , , , , , , , , , 
25.6385769, -0.0162814, , , , , , , 25.6385769, -0.0142672, , , , , , , 25.6385769, -0.0041962, , , , , , , 25.6385769, 0.0332341, , , , , , , , , , , , , , , , , , , , , , , , , , , , 
25.6390962, -0.0115816, , , , , , , 25.6390962, -0.0085603, , , , , , , 25.6390962, -0.0048676, , , , , , , 25.6390962, 0.0293736, , , , , , , , , , , , , , , , , , , , , , , , , , , , 
25.6396154, -0.0099031, , , , , , , 25.6396154, -0.0082246, , , , , , , 25.6396154, -0.0050355, , , , , , , 25.6396154, 0.0275273, , , , , , , , , , , , , , , , , , , , , , , , , , , , 
25.6401346, -0.0038605, , , , , , , 25.6401346, -0.0102388, , , , , , , 25.6401346, -0.0062104, , , , , , , 25.6401346, 0.023331, , , , , , , , , , , , , , , , , , , , , , , , , , , , 
25.6406538, 0.0050355, , , , , , , 25.6406538, -0.0102388, , , , , , , 25.6406538, -0.0075532, , , , , , , 25.6406538, 0.0191348, , , , , , , , , , , , , , , , , , , , , , , , , , , , 
25.6411731, 0.0124208, , , , , , , 25.6411731, -0.0057069, , , , , , , 25.6411731, -0.0082246, , , , , , , 25.6411731, 0.0132601, , , , , , , , , , , , , , , , , , , , , , , , , , , , 
25.6416923, 0.0199741, , , , , , , 25.6416923, 0.0057069, , , , , , , 25.6416923, -0.0083925, , , , , , , 25.6416923, 0.0090639, , , , , , , , , , , , , , , , , , , , , , , , , , , , 
25.6422115, 0.0246738, , , , , , , 25.6422115, 0.0199741, , , , , , , 25.6422115, -0.0090639, , , , , , , 25.6422115, 0.0077211, , , , , , , , , , , , , , , , , , , , , , , , , , , , 
25.6427308, 0.0231632, , , , , , , 25.6427308, 0.0303807, , , , , , , 25.6427308, -0.0112459, , , , , , , 25.6427308, 0.0062104, , , , , , , , , , , , , , , , , , , , , , , , , , , , 
25.64325, 0.0213169, , , , , , , 25.64325, 0.0290379, , , , , , , 25.64325, -0.0129244, , , , , , , 25.64325, 0.0065461, , , , , , , , , , , , , , , , , , , , , , , , , , , , 
25.6437692, 0.0213169, , , , , , , 25.6437692, 0.0213169, , , , , , , 25.6437692, -0.0129244, , , , , , , 25.6437692, 0.0077211, , , , , , , , , , , , , , , , , , , , , , , , , , , , 
25.6442885, 0.0226596, , , , , , , 25.6442885, 0.0132601, , , , , , , 25.6442885, -0.012253, , , , , , , 25.6442885, 0.0085603, , , , , , , , , , , , , , , , , , , , , , , , , , , , 
25.6448077, 0.0240024, , , , , , , 25.6448077, 0.0070497, , , , , , , 25.6448077, -0.0130922, , , , , , , 25.6448077, 0.0078889, , , , , , , , , , , , , , , , , , , , , , , , , , , , 
25.6453269, 0.0253452, , , , , , , 25.6453269, 0.0028534, , , , , , , 25.6453269, -0.0151064, , , , , , , 25.6453269, 0.0075532, , , , , , , , , , , , , , , , , , , , , , , , , , , , 
25.6458462, 0.0258488, , , , , , , 25.6458462, -0.0003357, , , , , , , 25.6458462, -0.01561, , , , , , , 25.6458462, 0.0085603, , , , , , , , , , , , , , , , , , , , , , , , , , , , 
25.6463654, 0.0246738, , , , , , , 25.6463654, -0.0041962, , , , , , , 25.6463654, -0.0142672, , , , , , , 25.6463654, 0.0062104, , , , , , , , , , , , , , , , , , , , , , , , , , , , 
25.6468846, 0.0293736, , , , , , , 25.6468846, -0.0075532, , , , , , , 25.6468846, -0.0129244, , , , , , , 25.6468846, -0.0008392, , , , , , , , , , , , , , , , , , , , , , , , , , , , 
25.6474038, 0.0399481, , , , , , , 25.6474038, -0.0102388, , , , , , , 25.6474038, -0.0135958, , , , , , , 25.6474038, -0.012253, , , , , , , , , , , , , , , , , , , , , , , , , , , , 
25.6479231, 0.0508583, , , , , , , 25.6479231, -0.0129244, , , , , , , 25.6479231, -0.0142672, , , , , , , 25.6479231, -0.0203098, , , , , , , , , , , , , , , , , , , , , , , , , , , , 
25.6484423, 0.0585794, , , , , , , 25.6484423, -0.0124208, , , , , , , 25.6484423, -0.0149386, , , , , , , 25.6484423, -0.0238346, , , , , , , , , , , , , , , , , , , , , , , , , , , , 
25.6489615, 0.0622721, , , , , , , 25.6489615, -0.0082246, , , , , , , 25.6489615, -0.0146029, , , , , , , 25.6489615, -0.0256809, , , , , , , , , , , , , , , , , , , , , , , , , , , , 
25.6494808, 0.0616007, , , , , , , 25.6494808, -0.0028534, , , , , , , 25.6494808, -0.0146029, , , , , , , 25.6494808, -0.0260166, , , , , , , , , , , , , , , , , , , , , , , , , , , , 
25.65, 0.0589151, , , , , , , 25.65, 0.0052033, , , , , , , 25.65, -0.0125887, , , , , , , 25.65, -0.0236667, , , , , , , , , , , , , , , , , , , , , , , , , , , , 
25.6505192, 0.0602579, , , , , , , 25.6505192, 0.012253, , , , , , , 25.6505192, -0.0115816, , , , , , , 25.6505192, -0.0176242, , , , , , , , , , , , , , , , , , , , , , , , , , , , 
25.6510385, 0.0589151, , , , , , , 25.6510385, 0.012253, , , , , , , 25.6510385, -0.0119173, , , , , , , 25.6510385, -0.0085603, , , , , , , , , , , , , , , , , , , , , , , , , , , , 
25.6515577, 0.0488441, , , , , , , 25.6515577, 0.0062104, , , , , , , 25.6515577, -0.0124208, , , , , , , 25.6515577, -0.0005035, , , , , , , , , , , , , , , , , , , , , , , , , , , , 
25.6520769, 0.0350805, , , , , , , 25.6520769, 0.0011749, , , , , , , 25.6520769, -0.0105745, , , , , , , 25.6520769, 0.0078889, , , , , , , , , , , , , , , , , , , , , , , , , , , , 
25.6525962, 0.0216526, , , , , , , 25.6525962, -0.0025177, , , , , , , 25.6525962, -0.0077211, , , , , , , 25.6525962, 0.017792, , , , , , , , , , , , , , , , , , , , , , , , , , , , 
25.6531154, 0.0065461, , , , , , , 25.6531154, -0.005539, , , , , , , 25.6531154, -0.0057069, , , , , , , 25.6531154, 0.0263523, , , , , , , , , , , , , , , , , , , , , , , , , , , , 
25.6536346, -0.0068818, , , , , , , 25.6536346, -0.0075532, , , , , , , 25.6536346, -0.0031891, , , , , , , 25.6536346, 0.033402, , , , , , , , , , , , , , , , , , , , , , , , , , , , 
25.6541538, -0.0176242, , , , , , , 25.6541538, -0.0102388, , , , , , , 25.6541538, -0.002182, , , , , , , 25.6541538, 0.0411231, , , , , , , , , , , , , , , , , , , , , , , , , , , , 
25.6546731, -0.024506, , , , , , , 25.6546731, -0.0124208, , , , , , , 25.6546731, -0.0041962, , , , , , , 25.6546731, 0.0488441, , , , , , , , , , , , , , , , , , , , , , , , , , , , 
25.6551923, -0.0310521, , , , , , , 25.6551923, -0.0162814, , , , , , , 25.6551923, -0.0060426, , , , , , , 25.6551923, 0.0542153, , , , , , , , , , , , , , , , , , , , , , , , , , , , 
25.6557115, -0.0370947, , , , , , , 25.6557115, -0.0193027, , , , , , , 25.6557115, -0.0052033, , , , , , , 25.6557115, 0.0582437, , , , , , , , , , , , , , , , , , , , , , , , , , , , 
25.6562308, -0.0424659, , , , , , , 25.6562308, -0.0198062, , , , , , , 25.6562308, -0.0030213, , , , , , , 25.6562308, 0.0609293, , , , , , , , , , , , , , , , , , , , , , , , , , , , 
25.65675, -0.0431373, , , , , , , 25.65675, -0.0184634, , , , , , , 25.65675, -0.0015106, , , , , , , 25.65675, 0.0622721, , , , , , , , , , , , , , , , , , , , , , , , , , , , 
25.6572692, -0.0327306, , , , , , , 25.6572692, -0.0176242, , , , , , , 25.6572692, 0.0011749, , , , , , , 25.6572692, 0.0558938, , , , , , , , , , , , , , , , , , , , , , , , , , , , 
25.6577885, -0.0146029, , , , , , , 25.6577885, -0.0176242, , , , , , , 25.6577885, 0.0005035, , , , , , , 25.6577885, 0.0454871, , , , , , , , , , , , , , , , , , , , , , , , , , , , 
25.6583077, -0.0048676, , , , , , , 25.6583077, -0.0186313, , , , , , , 25.6583077, -0.0031891, , , , , , , 25.6583077, 0.0374304, , , , , , , , , , , , , , , , , , , , , , , , , , , , 
25.6588269, -0.002182, , , , , , , 25.6588269, -0.0193027, , , , , , , 25.6588269, -0.0041962, , , , , , , 25.6588269, 0.0307164, , , , , , , , , , , , , , , , , , , , , , , , , , , , 
25.6593462, -0.0016785, , , , , , , 25.6593462, -0.0193027, , , , , , , 25.6593462, -0.0035248, , , , , , , 25.6593462, 0.0246738, , , , , , , , , , , , , , , , , , , , , , , , , , , , 
25.6598654, 0.0003357, , , , , , , 25.6598654, -0.0191348, , , , , , , 25.6598654, -0.0058747, , , , , , , 25.6598654, 0.0196384, , , , , , , , , , , , , , , , , , , , , , , , , , , , 
25.6603846, 0.0045319, , , , , , , 25.6603846, -0.0203098, , , , , , , 25.6603846, -0.0082246, , , , , , , 25.6603846, 0.0193027, , , , , , , , , , , , , , , , , , , , , , , , , , , , 
25.6609038, 0.0085603, , , , , , , 25.6609038, -0.023331, , , , , , , 25.6609038, -0.0082246, , , , , , , 25.6609038, 0.0166171, , , , , , , , , , , , , , , , , , , , , , , , , , , , 
25.6614231, 0.0107424, , , , , , , 25.6614231, -0.0236667, , , , , , , 25.6614231, -0.0075532, , , , , , , 25.6614231, 0.0112459, , , , , , , , , , , , , , , , , , , , , , , , , , , , 
25.6619423, 0.012253, , , , , , , 25.6619423, -0.0216526, , , , , , , 25.6619423, -0.0082246, , , , , , , 25.6619423, 0.0097353, , , , , , , , , , , , , , , , , , , , , , , , , , , , 
25.6624615, 0.0125887, , , , , , , 25.6624615, -0.0179599, , , , , , , 25.6624615, -0.0102388, , , , , , , 25.6624615, 0.008896, , , , , , , , , , , , , , , , , , , , , , , , , , , , 
25.6629808, 0.0152743, , , , , , , 25.6629808, -0.0142672, , , , , , , 25.6629808, -0.0099031, , , , , , , 25.6629808, 0.0075532, , , , , , , , , , , , , , , , , , , , , , , , , , , , 
25.6635, 0.0193027, , , , , , , 25.6635, -0.0092317, , , , , , , 25.6635, -0.0102388, , , , , , , 25.6635, 0.0045319, , , , , , , , , , , , , , , , , , , , , , , , , , , , 
25.6640192, 0.0182956, , , , , , , 25.6640192, -0.005539, , , , , , , 25.6640192, -0.0119173, , , , , , , 25.6640192, 0.0010071, , , , , , , , , , , , , , , , , , , , , , , , , , , , 
25.6645385, 0.0169528, , , , , , , 25.6645385, -0.0035248, , , , , , , 25.6645385, -0.011078, , , , , , , 25.6645385, -0.0001678, , , , , , , , , , , , , , , , , , , , , , , , , , , , 
25.6650577, 0.0135958, , , , , , , 25.6650577, -0.0038605, , , , , , , 25.6650577, -0.0090639, , , , , , , 25.6650577, -0.0015106, , , , , , , , , , , , , , , , , , , , , , , , , , , , 
25.6655769, 0.0085603, , , , , , , 25.6655769, -0.0028534, , , , , , , 25.6655769, -0.008896, , , , , , , 25.6655769, -0.0023499, , , , , , , , , , , , , , , , , , , , , , , , , , , , 
25.6660962, 0.0119173, , , , , , , 25.6660962, -0.0035248, , , , , , , 25.6660962, -0.0095674, , , , , , , 25.6660962, -0.0045319, , , , , , , , , , , , , , , , , , , , , , , , , , , , 
25.6666154, 0.023331, , , , , , , 25.6666154, -0.0068818, , , , , , , 25.6666154, -0.0102388, , , , , , , 25.6666154, -0.0083925, , , , , , , , , , , , , , , , , , , , , , , , , , , , 
25.6671346, 0.036759, , , , , , , 25.6671346, -0.0109102, , , , , , , 25.6671346, -0.0102388, , , , , , , 25.6671346, -0.0166171, , , , , , , , , , , , , , , , , , , , , , , , , , , , 
25.6676538, 0.0500191, , , , , , , 25.6676538, -0.0140993, , , , , , , 25.6676538, -0.008896, , , , , , , 25.6676538, -0.0256809, , , , , , , , , , , , , , , , , , , , , , , , , , , , 
25.6681731, 0.0626078, , , , , , , 25.6681731, -0.014435, , , , , , , 25.6681731, -0.0065461, , , , , , , 25.6681731, -0.030045, , , , , , , , , , , , , , , , , , , , , , , , , , , , 
25.6686923, 0.0703288, , , , , , , 25.6686923, -0.0130922, , , , , , , 25.6686923, -0.0068818, , , , , , , 25.6686923, -0.03122, , , , , , , , , , , , , , , , , , , , , , , , , , , , 
25.6692115, 0.0726787, , , , , , , 25.6692115, -0.0109102, , , , , , , 25.6692115, -0.0085603, , , , , , , 25.6692115, -0.030045, , , , , , , , , , , , , , , , , , , , , , , , , , , , 
25.6697308, 0.0693217, , , , , , , 25.6697308, -0.008896, , , , , , , 25.6697308, -0.0102388, , , , , , , 25.6697308, -0.026688, , , , , , , , , , , , , , , , , , , , , , , , , , , , 
25.67025, 0.0666361, , , , , , , 25.67025, -0.0068818, , , , , , , 25.67025, -0.0105745, , , , , , , 25.67025, -0.0229953, , , , , , , , , , , , , , , , , , , , , , , , , , , , 
25.6707692, 0.0636149, , , , , , , 25.6707692, -0.0038605, , , , , , , 25.6707692, -0.008896, , , , , , , 25.6707692, -0.0166171, , , , , , , , , , , , , , , , , , , , , , , , , , , , 
25.6712885, 0.0599222, , , , , , , 25.6712885, -0.0018463, , , , , , , 25.6712885, -0.005539, , , , , , , 25.6712885, -0.008896, , , , , , , , , , , , , , , , , , , , , , , , , , , , 
25.6718077, 0.0491798, , , , , , , 25.6718077, -0.0015106, , , , , , , 25.6718077, -0.0036927, , , , , , , 25.6718077, -0.0008392, , , , , , , , , , , , , , , , , , , , , , , , , , , , 
25.6723269, 0.0327306, , , , , , , 25.6723269, -0.0015106, , , , , , , 25.6723269, -0.0048676, , , , , , , 25.6723269, 0.005539, , , , , , , , , , , , , , , , , , , , , , , , , , , , 
25.6728462, 0.0151064, , , , , , , 25.6728462, -0.0018463, , , , , , , 25.6728462, -0.0062104, , , , , , , 25.6728462, 0.0129244, , , , , , , , , , , , , , , , , , , , , , , , , , , , 
25.6733654, -0.0016785, , , , , , , 25.6733654, -0.0048676, , , , , , , 25.6733654, -0.005539, , , , , , , 25.6733654, 0.0240024, , , , , , , , , , , , , , , , , , , , , , , , , , , , 
25.6738846, -0.0125887, , , , , , , 25.6738846, -0.0048676, , , , , , , 25.6738846, -0.0041962, , , , , , , 25.6738846, 0.0374304, , , , , , , , , , , , , , , , , , , , , , , , , , , , 
25.6744038, -0.021149, , , , , , , 25.6744038, -0.0028534, , , , , , , 25.6744038, -0.005539, , , , , , , 25.6744038, 0.0475013, , , , , , , , , , , , , , , , , , , , , , , , , , , , 
25.6749231, -0.0290379, , , , , , , 25.6749231, -0.0016785, , , , , , , 25.6749231, -0.0048676, , , , , , , 25.6749231, 0.0535439, , , , , , , , , , , , , , , , , , , , , , , , , , , , 
25.6754423, -0.0357519, , , , , , , 25.6754423, -0.0003357, , , , , , , 25.6754423, -0.0031891, , , , , , , 25.6754423, 0.0574044, , , , , , , , , , , , , , , , , , , , , , , , , , , , 
25.6759615, -0.0451514, , , , , , , 25.6759615, 0.0023499, , , , , , , 25.6759615, -0.0028534, , , , , , , 25.6759615, 0.0575723, , , , , , , , , , , , , , , , , , , , , , , , , , , , 
25.6764808, -0.0535439, , , , , , , 25.6764808, 0.0010071, , , , , , , 25.6764808, -0.0008392, , , , , , , 25.6764808, 0.0555581, , , , , , , , , , , , , , , , , , , , , , , , , , , , 
25.677, -0.0575723, , , , , , , 25.677, -0.0041962, , , , , , , 25.677, -0.0008392, , , , , , , 25.677, 0.0468299, , , , , , , , , , , , , , , , , , , , , , , , , , , , 
25.6775192, -0.0513619, , , , , , , 25.6775192, -0.0082246, , , , , , , 25.6775192, -0.0041962, , , , , , , 25.6775192, 0.0364233, , , , , , , , , , , , , , , , , , , , , , , , , , , , 
25.6780385, -0.0392767, , , , , , , 25.6780385, -0.0090639, , , , , , , 25.6780385, -0.0057069, , , , , , , 25.6780385, 0.0263523, , , , , , , , , , , , , , , , , , , , , , , , , , , , 
25.6785577, -0.0290379, , , , , , , 25.6785577, -0.0082246, , , , , , , 25.6785577, -0.0048676, , , , , , , 25.6785577, 0.017792, , , , , , , , , , , , , , , , , , , , , , , , , , , , 
25.6790769, -0.0191348, , , , , , , 25.6790769, -0.0065461, , , , , , , 25.6790769, -0.0048676, , , , , , , 25.6790769, 0.0125887, , , , , , , , , , , , , , , , , , , , , , , , , , , , 
25.6795962, -0.0132601, , , , , , , 25.6795962, -0.0078889, , , , , , , 25.6795962, -0.0065461, , , , , , , 25.6795962, 0.0115816, , , , , , , , , , , , , , , , , , , , , , , , , , , , 
25.6801154, -0.0092317, , , , , , , 25.6801154, -0.0099031, , , , , , , 25.6801154, -0.0072175, , , , , , , 25.6801154, 0.0105745, , , , , , , , , , , , , , , , , , , , , , , , , , , , 
25.6806346, -0.0028534, , , , , , , 25.6806346, -0.0112459, , , , , , , 25.6806346, -0.0068818, , , , , , , 25.6806346, 0.008896, , , , , , , , , , , , , , , , , , , , , , , , , , , , 
25.6811538, 0.0036927, , , , , , , 25.6811538, -0.0099031, , , , , , , 25.6811538, -0.0075532, , , , , , , 25.6811538, 0.0095674, , , , , , , , , , , , , , , , , , , , , , , , , , , , 
25.6816731, 0.0102388, , , , , , , 25.6816731, -0.0068818, , , , , , , 25.6816731, -0.0085603, , , , , , , 25.6816731, 0.0105745, , , , , , , , , , , , , , , , , , , , , , , , , , , , 
25.6821923, 0.0203098, , , , , , , 25.6821923, -0.0062104, , , , , , , 25.6821923, -0.0082246, , , , , , , 25.6821923, 0.0109102, , , , , , , , , , , , , , , , , , , , , , , , , , , , 
25.6827115, 0.0372625, , , , , , , 25.6827115, -0.0095674, , , , , , , 25.6827115, -0.0068818, , , , , , , 25.6827115, 0.0119173, , , , , , , , , , , , , , , , , , , , , , , , , , , , 
25.6832308, 0.0481727, , , , , , , 25.6832308, -0.012253, , , , , , , 25.6832308, -0.005539, , , , , , , 25.6832308, 0.0115816, , , , , , , , , , , , , , , , , , , , , , , , , , , , 
25.68375, 0.0438087, , , , , , , 25.68375, -0.0129244, , , , , , , 25.68375, -0.005539, , , , , , , 25.68375, 0.0115816, , , , , , , , , , , , , , , , , , , , , , , , , , , , 
25.6842692, 0.03122, , , , , , , 25.6842692, -0.0104067, , , , , , , 25.6842692, -0.0077211, , , , , , , 25.6842692, 0.0099031, , , , , , , , , , , , , , , , , , , , , , , , , , , , 
25.6847885, 0.0246738, , , , , , , 25.6847885, -0.0070497, , , , , , , 25.6847885, -0.0102388, , , , , , , 25.6847885, 0.0045319, , , , , , , , , , , , , , , , , , , , , , , , , , , , 
25.6853077, 0.018967, , , , , , , 25.6853077, -0.0058747, , , , , , , 25.6853077, -0.0119173, , , , , , , 25.6853077, 0.0005035, , , , , , , , , , , , , , , , , , , , , , , , , , , , 
25.6858269, 0.0161135, , , , , , , 25.6858269, -0.0082246, , , , , , , 25.6858269, -0.012253, , , , , , , 25.6858269, 0.0048676, , , , , , , , , , , , , , , , , , , , , , , , , , , , 
25.6863462, 0.0213169, , , , , , , 25.6863462, -0.0095674, , , , , , , 25.6863462, -0.0102388, , , , , , , 25.6863462, 0.0077211, , , , , , , , , , , , , , , , , , , , , , , , , , , , 
25.6868654, 0.0370947, , , , , , , 25.6868654, -0.0068818, , , , , , , 25.6868654, -0.0072175, , , , , , , 25.6868654, -0.0008392, , , , , , , , , , , , , , , , , , , , , , , , , , , , 
25.6873846, 0.0555581, , , , , , , 25.6873846, -0.0041962, , , , , , , 25.6873846, -0.0082246, , , , , , , 25.6873846, -0.0149386, , , , , , , , , , , , , , , , , , , , , , , , , , , , 
25.6879038, 0.0649577, , , , , , , 25.6879038, -0.0052033, , , , , , , 25.6879038, -0.0115816, , , , , , , 25.6879038, -0.0246738, , , , , , , , , , , , , , , , , , , , , , , , , , , , 
25.6884231, 0.0669718, , , , , , , 25.6884231, -0.0018463, , , , , , , 25.6884231, -0.0137636, , , , , , , 25.6884231, -0.0263523, , , , , , , , , , , , , , , , , , , , , , , , , , , , 
25.6889423, 0.0753643, , , , , , , 25.6889423, 0.0146029, , , , , , , 25.6889423, -0.0125887, , , , , , , 25.6889423, -0.0256809, , , , , , , , , , , , , , , , , , , , , , , , , , , , 
25.6894615, 0.081239, , , , , , , 25.6894615, 0.0303807, , , , , , , 25.6894615, -0.012253, , , , , , , 25.6894615, -0.0243381, , , , , , , , , , , , , , , , , , , , , , , , , , , , 
25.6899808, 0.0777142, , , , , , , 25.6899808, 0.033402, , , , , , , 25.6899808, -0.0139315, , , , , , , 25.6899808, -0.0213169, , , , , , , , , , , , , , , , , , , , , , , , , , , , 
25.6905, 0.0696574, , , , , , , 25.6905, 0.0213169, , , , , , , 25.6905, -0.0142672, , , , , , , 25.6905, -0.0162814, , , , , , , , , , , , , , , , , , , , , , , , , , , , 
25.6910192, 0.0582437, , , , , , , 25.6910192, 0.0003357, , , , , , , 25.6910192, -0.0149386, , , , , , , 25.6910192, -0.0083925, , , , , , , , , , , , , , , , , , , , , , , , , , , , 
25.6915385, 0.0461585, , , , , , , 25.6915385, -0.0216526, , , , , , , 25.6915385, -0.0142672, , , , , , , 25.6915385, 0.0005035, , , , , , , , , , , , , , , , , , , , , , , , , , , , 
25.6920577, 0.030045, , , , , , , 25.6920577, -0.0386053, , , , , , , 25.6920577, -0.0112459, , , , , , , 25.6920577, 0.0065461, , , , , , , , , , , , , , , , , , , , , , , , , , , , 
25.6925769, 0.0157778, , , , , , , 25.6925769, -0.0508583, , , , , , , 25.6925769, -0.0095674, , , , , , , 25.6925769, 0.0125887, , , , , , , , , , , , , , , , , , , , , , , , , , , , 
25.6930962, 0.0035248, , , , , , , 25.6930962, -0.0580758, , , , , , , 25.6930962, -0.0075532, , , , , , , 25.6930962, 0.023331, , , , , , , , , , , , , , , , , , , , , , , , , , , , 
25.6936154, -0.0082246, , , , , , , 25.6936154, -0.043473, , , , , , , 25.6936154, -0.0082246, , , , , , , 25.6936154, 0.0327306, , , , , , , , , , , , , , , , , , , , , , , , , , , , 
25.6941346, -0.0213169, , , , , , , 25.6941346, -0.012253, , , , , , , 25.6941346, -0.0082246, , , , , , , 25.6941346, 0.0391089, , , , , , , , , , , , , , , , , , , , , , , , , , , , 
25.6946538, -0.0384375, , , , , , , 25.6946538, 0.0075532, , , , , , , 25.6946538, -0.0068818, , , , , , , 25.6946538, 0.0451514, , , , , , , , , , , , , , , , , , , , , , , , , , , , 
25.6951731, -0.0528725, , , , , , , 25.6951731, 0.0102388, , , , , , , 25.6951731, -0.0048676, , , , , , , 25.6951731, 0.0506905, , , , , , , , , , , , , , , , , , , , , , , , , , , , 
25.6956923, -0.0609293, , , , , , , 25.6956923, 0.0030213, , , , , , , 25.6956923, -0.0038605, , , , , , , 25.6956923, 0.0547189, , , , , , , , , , , , , , , , , , , , , , , , , , , , 
25.6962115, -0.0609293, , , , , , , 25.6962115, -0.0072175, , , , , , , 25.6962115, -0.0043641, , , , , , , 25.6962115, 0.0555581, , , , , , , , , , , , , , , , , , , , , , , , , , , , 
25.6967308, -0.0548867, , , , , , , 25.6967308, -0.0162814, , , , , , , 25.6967308, -0.0038605, , , , , , , 25.6967308, 0.0495155, , , , , , , , , , , , , , , , , , , , , , , , , , , , 
25.69725, -0.0424659, , , , , , , 25.69725, -0.0256809, , , , , , , 25.69725, -0.0010071, , , , , , , 25.69725, 0.0394446, , , , , , , , , , , , , , , , , , , , , , , , , , , , 
25.6977692, -0.0196384, , , , , , , 25.6977692, -0.0344091, , , , , , , 25.6977692, -0.0011749, , , , , , , 25.6977692, 0.0287022, , , , , , , , , , , , , , , , , , , , , , , , , , , , 
25.6982885, 0.0038605, , , , , , , 25.6982885, -0.0407874, , , , , , , 25.6982885, -0.0035248, , , , , , , 25.6982885, 0.0208133, , , , , , , , , , , , , , , , , , , , , , , , , , , , 
25.6988077, 0.0152743, , , , , , , 25.6988077, -0.0384375, , , , , , , 25.6988077, -0.0038605, , , , , , , 25.6988077, 0.0159457, , , , , , , , , , , , , , , , , , , , , , , , , , , , 
25.6993269, 0.0179599, , , , , , , 25.6993269, -0.0270237, , , , , , , 25.6993269, -0.0031891, , , , , , , 25.6993269, 0.0139315, , , , , , , , , , , , , , , , , , , , , , , , , , , , 
25.6998462, 0.0182956, , , , , , , 25.6998462, -0.0140993, , , , , , , 25.6998462, -0.0041962, , , , , , , 25.6998462, 0.0099031, , , , , , , , , , , , , , , , , , , , , , , , , , , , 
25.7003654, 0.0193027, , , , , , , 25.7003654, -0.005539, , , , , , , 25.7003654, -0.005539, , , , , , , 25.7003654, -0.0008392, , , , , , , , , , , , , , , , , , , , , , , , , , , , 
25.7008846, 0.0204776, , , , , , , 25.7008846, -0.0028534, , , , , , , 25.7008846, -0.0058747, , , , , , , 25.7008846, -0.0129244, , , , , , , , , , , , , , , , , , , , , , , , , , , , 
25.7014038, 0.0216526, , , , , , , 25.7014038, -0.0045319, , , , , , , 25.7014038, -0.005539, , , , , , , 25.7014038, -0.0169528, , , , , , , , , , , , , , , , , , , , , , , , , , , , 
25.7019231, 0.018967, , , , , , , 25.7019231, -0.0048676, , , , , , , 25.7019231, -0.0045319, , , , , , , 25.7019231, -0.0137636, , , , , , , , , , , , , , , , , , , , , , , , , , , , 
25.7024423, 0.0149386, , , , , , , 25.7024423, -0.0050355, , , , , , , 25.7024423, -0.005539, , , , , , , 25.7024423, -0.0095674, , , , , , , , , , , , , , , , , , , , , , , , , , , , 
25.7029615, 0.0140993, , , , , , , 25.7029615, -0.0068818, , , , , , , 25.7029615, -0.0075532, , , , , , , 25.7029615, -0.0065461, , , , , , , , , , , , , , , , , , , , , , , , , , , , 
25.7034808, 0.0112459, , , , , , , 25.7034808, -0.0099031, , , , , , , 25.7034808, -0.0095674, , , , , , , 25.7034808, -0.0008392, , , , , , , , , , , , , , , , , , , , , , , , , , , , 
25.704, 0.0099031, , , , , , , 25.704, -0.0109102, , , , , , , 25.704, -0.0099031, , , , , , , 25.704, 0.0077211, , , , , , , , , , , , , , , , , , , , , , , , , , , , 
25.7045192, 0.0146029, , , , , , , 25.7045192, -0.0099031, , , , , , , 25.7045192, -0.0092317, , , , , , , 25.7045192, 0.0139315, , , , , , , , , , , , , , , , , , , , , , , , , , , , 
25.7050385, 0.0186313, , , , , , , 25.7050385, -0.0075532, , , , , , , 25.7050385, -0.0095674, , , , , , , 25.7050385, 0.0176242, , , , , , , , , , , , , , , , , , , , , , , , , , , , 
25.7055577, 0.0216526, , , , , , , 25.7055577, -0.0041962, , , , , , , 25.7055577, -0.012253, , , , , , , 25.7055577, 0.0193027, , , , , , , , , , , , , , , , , , , , , , , , , , , , 
25.7060769, 0.0240024, , , , , , , 25.7060769, -0.0031891, , , , , , , 25.7060769, -0.0132601, , , , , , , 25.7060769, 0.0193027, , , , , , , , , , , , , , , , , , , , , , , , , , , , 
25.7065962, 0.0303807, , , , , , , 25.7065962, -0.0048676, , , , , , , 25.7065962, -0.0124208, , , , , , , 25.7065962, 0.0142672, , , , , , , , , , , , , , , , , , , , , , , , , , , , 
25.7071154, 0.0421302, , , , , , , 25.7071154, -0.0041962, , , , , , , 25.7071154, -0.0119173, , , , , , , 25.7071154, 0.0031891, , , , , , , , , , , , , , , , , , , , , , , , , , , , 
25.7076346, 0.0528725, , , , , , , 25.7076346, -0.0003357, , , , , , , 25.7076346, -0.012253, , , , , , , 25.7076346, -0.0105745, , , , , , , , , , , , , , , , , , , , , , , , , , , , 
25.7081538, 0.0582437, , , , , , , 25.7081538, 0.0125887, , , , , , , 25.7081538, -0.0137636, , , , , , , 25.7081538, -0.0209812, , , , , , , , , , , , , , , , , , , , , , , , , , , , 
25.7086731, 0.0602579, , , , , , , 25.7086731, 0.0330663, , , , , , , 25.7086731, -0.0142672, , , , , , , 25.7086731, -0.0243381, , , , , , , , , , , , , , , , , , , , , , , , , , , , 
25.7091923, 0.0607614, , , , , , , 25.7091923, 0.0441444, , , , , , , 25.7091923, -0.0115816, , , , , , , 25.7091923, -0.0258488, , , , , , , , , , , , , , , , , , , , , , , , , , , , 
25.7097115, 0.0641184, , , , , , , 25.7097115, 0.040116, , , , , , , 25.7097115, -0.0099031, , , , , , , 25.7097115, -0.0250095, , , , , , , , , , , , , , , , , , , , , , , , , , , , 
25.7102308, 0.0649577, , , , , , , 25.7102308, 0.023331, , , , , , , 25.7102308, -0.0102388, , , , , , , 25.7102308, -0.0196384, , , , , , , , , , , , , , , , , , , , , , , , , , , , 
25.71075, 0.0585794, , , , , , , 25.71075, -0.0016785, , , , , , , 25.71075, -0.0105745, , , , , , , 25.71075, -0.0095674, , , , , , , , , , , , , , , , , , , , , , , , , , , , 
25.7112692, 0.0458228, , , , , , , 25.7112692, -0.0223239, , , , , , , 25.7112692, -0.0083925, , , , , , , 25.7112692, 0.0025177, , , , , , , , , , , , , , , , , , , , , , , , , , , , 
25.7117885, 0.0327306, , , , , , , 25.7117885, -0.0327306, , , , , , , 25.7117885, -0.005539, , , , , , , 25.7117885, 0.0135958, , , , , , , , , , , , , , , , , , , , , , , , , , , , 
25.7123077, 0.0186313, , , , , , , 25.7123077, -0.0394446, , , , , , , 25.7123077, -0.0065461, , , , , , , 25.7123077, 0.0226596, , , , , , , , , , , , , , , , , , , , , , , , , , , , 
25.7128269, 0.0035248, , , , , , , 25.7128269, -0.0428016, , , , , , , 25.7128269, -0.0085603, , , , , , , 25.7128269, 0.0347448, , , , , , , , , , , , , , , , , , , , , , , , , , , , 
25.7133462, -0.0139315, , , , , , , 25.7133462, -0.0354162, , , , , , , 25.7133462, -0.0092317, , , , , , , 25.7133462, 0.0448157, , , , , , , , , , , , , , , , , , , , , , , , , , , , 
25.7138654, -0.0290379, , , , , , , 25.7138654, -0.0216526, , , , , , , 25.7138654, -0.0104067, , , , , , , 25.7138654, 0.0508583, , , , , , , , , , , , , , , , , , , , , , , , , , , , 
25.7143846, -0.0391089, , , , , , , 25.7143846, -0.0099031, , , , , , , 25.7143846, -0.0109102, , , , , , , 25.7143846, 0.0584115, , , , , , , , , , , , , , , , , , , , , , , , , , , , 
25.7149038, -0.0451514, , , , , , , 25.7149038, -0.0031891, , , , , , , 25.7149038, -0.0092317, , , , , , , 25.7149038, 0.0663005, , , , , , , , , , , , , , , , , , , , , , , , , , , , 
25.7154231, -0.0513619, , , , , , , 25.7154231, -0.0023499, , , , , , , 25.7154231, -0.008896, , , , , , , 25.7154231, 0.0716716, , , , , , , , , , , , , , , , , , , , , , , , , , , , 
25.7159423, -0.0580758, , , , , , , 25.7159423, -0.0046998, , , , , , , 25.7159423, -0.0078889, , , , , , , 25.7159423, 0.0757, , , , , , , , , , , , , , , , , , , , , , , , , , , , 
25.7164615, -0.0585794, , , , , , , 25.7164615, -0.0068818, , , , , , , 25.7164615, -0.0048676, , , , , , , 25.7164615, 0.0757, , , , , , , , , , , , , , , , , , , , , , , , , , , , 
25.7169808, -0.054551, , , , , , , 25.7169808, -0.0072175, , , , , , , 25.7169808, -0.0023499, , , , , , , 25.7169808, 0.0693217, , , , , , , , , , , , , , , , , , , , , , , , , , , , 
25.7175, -0.0475013, , , , , , , 25.7175, -0.0072175, , , , , , , 25.7175, -0.0028534, , , , , , , 25.7175, 0.0594186, , , , , , , , , , , , , , , , , , , , , , , , , , , , 
25.7180192, -0.0391089, , , , , , , 25.7180192, -0.0095674, , , , , , , 25.7180192, -0.0045319, , , , , , , 25.7180192, 0.0505226, , , , , , , , , , , , , , , , , , , , , , , , , , , , 
25.7185385, -0.0290379, , , , , , , 25.7185385, -0.0115816, , , , , , , 25.7185385, -0.0048676, , , , , , , 25.7185385, 0.0407874, , , , , , , , , , , , , , , , , , , , , , , , , , , , 
25.7190577, -0.0179599, , , , , , , 25.7190577, -0.0109102, , , , , , , 25.7190577, -0.0062104, , , , , , , 25.7190577, 0.0287022, , , , , , , , , , , , , , , , , , , , , , , , , , , , 
25.7195769, -0.012253, , , , , , , 25.7195769, -0.0082246, , , , , , , 25.7195769, -0.0072175, , , , , , , 25.7195769, 0.0186313, , , , , , , , , , , , , , , , , , , , , , , , , , , , 
25.7200962, -0.0068818, , , , , , , 25.7200962, -0.005539, , , , , , , 25.7200962, -0.0075532, , , , , , , 25.7200962, 0.0125887, , , , , , , , , , , , , , , , , , , , , , , , , , , , 
25.7206154, -0.0025177, , , , , , , 25.7206154, -0.0036927, , , , , , , 25.7206154, -0.0095674, , , , , , , 25.7206154, 0.0085603, , , , , , , , , , , , , , , , , , , , , , , , , , , , 
25.7211346, 0.0008392, , , , , , , 25.7211346, -0.0016785, , , , , , , 25.7211346, -0.0125887, , , , , , , 25.7211346, 0.0062104, , , , , , , , , , , , , , , , , , , , , , , , , , , , 
25.7216538, 0.0068818, , , , , , , 25.7216538, -0.002182, , , , , , , 25.7216538, -0.014435, , , , , , , 25.7216538, 0.0063783, , , , , , , , , , , , , , , , , , , , , , , , , , , , 
25.7221731, 0.0099031, , , , , , , 25.7221731, -0.0045319, , , , , , , 25.7221731, -0.0135958, , , , , , , 25.7221731, 0.0058747, , , , , , , , , , , , , , , , , , , , , , , , , , , , 
25.7226923, 0.0090639, , , , , , , 25.7226923, -0.0048676, , , , , , , 25.7226923, -0.0124208, , , , , , , 25.7226923, 0.0038605, , , , , , , , , , , , , , , , , , , , , , , , , , , , 
25.7232115, 0.0115816, , , , , , , 25.7232115, -0.0035248, , , , , , , 25.7232115, -0.0105745, , , , , , , 25.7232115, 0.0050355, , , , , , , , , , , , , , , , , , , , , , , , , , , , 
25.7237308, 0.0186313, , , , , , , 25.7237308, -0.0031891, , , , , , , 25.7237308, -0.0092317, , , , , , , 25.7237308, 0.0085603, , , , , , , , , , , , , , , , , , , , , , , , , , , , 
25.72425, 0.0240024, , , , , , , 25.72425, -0.0041962, , , , , , , 25.72425, -0.0092317, , , , , , , 25.72425, 0.0082246, , , , , , , , , , , , , , , , , , , , , , , , , , , , 
25.7247692, 0.0253452, , , , , , , 25.7247692, -0.0045319, , , , , , , 25.7247692, -0.0095674, , , , , , , 25.7247692, 0.0038605, , , , , , , , , , , , , , , , , , , , , , , , , , , , 
25.7252885, 0.0263523, , , , , , , 25.7252885, -0.005539, , , , , , , 25.7252885, -0.0095674, , , , , , , 25.7252885, -0.0082246, , , , , , , , , , , , , , , , , , , , , , , , , , , , 
25.7258077, 0.0253452, , , , , , , 25.7258077, -0.0058747, , , , , , , 25.7258077, -0.0105745, , , , , , , 25.7258077, -0.0182956, , , , , , , , , , , , , , , , , , , , , , , , , , , , 
25.7263269, 0.0290379, , , , , , , 25.7263269, -0.0045319, , , , , , , 25.7263269, -0.0109102, , , , , , , 25.7263269, -0.023331, , , , , , , , , , , , , , , , , , , , , , , , , , , , 
25.7268462, 0.0396124, , , , , , , 25.7268462, -0.0035248, , , , , , , 25.7268462, -0.0129244, , , , , , , 25.7268462, -0.0310521, , , , , , , , , , , , , , , , , , , , , , , , , , , , 
25.7273654, 0.0491798, , , , , , , 25.7273654, -0.0028534, , , , , , , 25.7273654, -0.01561, , , , , , , 25.7273654, -0.0406195, , , , , , , , , , , , , , , , , , , , , , , , , , , , 
25.7278846, 0.0569009, , , , , , , 25.7278846, 0.0065461, , , , , , , 25.7278846, -0.0169528, , , , , , , 25.7278846, -0.0438087, , , , , , , , , , , , , , , , , , , , , , , , , , , , 
25.7284038, 0.0619364, , , , , , , 25.7284038, 0.0240024, , , , , , , 25.7284038, -0.018967, , , , , , , 25.7284038, -0.0424659, , , , , , , , , , , , , , , , , , , , , , , , , , , , 
25.7289231, 0.0594186, , , , , , , 25.7289231, 0.0387732, , , , , , , 25.7289231, -0.0196384, , , , , , , 25.7289231, -0.0372625, , , , , , , , , , , , , , , , , , , , , , , , , , , , 
25.7294423, 0.0575723, , , , , , , 25.7294423, 0.0386053, , , , , , , 25.7294423, -0.0186313, , , , , , , 25.7294423, -0.0297093, , , , , , , , , , , , , , , , , , , , , , , , , , , , 
25.7299615, 0.0552224, , , , , , , 25.7299615, 0.0226596, , , , , , , 25.7299615, -0.0164492, , , , , , , 25.7299615, -0.0203098, , , , , , , , , , , , , , , , , , , , , , , , , , , , 
25.7304808, 0.0471656, , , , , , , 25.7304808, 0.0008392, , , , , , , 25.7304808, -0.0159457, , , , , , , 25.7304808, -0.0048676, , , , , , , , , , , , , , , , , , , , , , , , , , , , 
25.731, 0.0354162, , , , , , , 25.731, -0.0219883, , , , , , , 25.731, -0.0142672, , , , , , , 25.731, 0.0119173, , , , , , , , , , , , , , , , , , , , , , , , , , , , 
25.7315192, 0.0196384, , , , , , , 25.7315192, -0.0391089, , , , , , , 25.7315192, -0.0132601, , , , , , , 25.7315192, 0.0224918, , , , , , , , , , , , , , , , , , , , , , , , , , , , 
25.7320385, 0.0099031, , , , , , , 25.7320385, -0.0446479, , , , , , , 25.7320385, -0.0135958, , , , , , , 25.7320385, 0.0285344, , , , , , , , , , , , , , , , , , , , , , , , , , , , 
25.7325577, 0.0025177, , , , , , , 25.7325577, -0.0459907, , , , , , , 25.7325577, -0.012253, , , , , , , 25.7325577, 0.0374304, , , , , , , , , , , , , , , , , , , , , , , , , , , , 
25.7330769, -0.0048676, , , , , , , 25.7330769, -0.0459907, , , , , , , 25.7330769, -0.0085603, , , , , , , 25.7330769, 0.0481727, , , , , , , , , , , , , , , , , , , , , , , , , , , , 
25.7335962, -0.0095674, , , , , , , 25.7335962, -0.0354162, , , , , , , 25.7335962, -0.0062104, , , , , , , 25.7335962, 0.0538796, , , , , , , , , , , , , , , , , , , , , , , , , , , , 
25.7341154, -0.0146029, , , , , , , 25.7341154, -0.018967, , , , , , , 25.7341154, -0.0058747, , , , , , , 25.7341154, 0.0522011, , , , , , , , , , , , , , , , , , , , , , , , , , , , 
25.7346346, -0.0176242, , , , , , , 25.7346346, -0.0062104, , , , , , , 25.7346346, -0.0035248, , , , , , , 25.7346346, 0.0505226, , , , , , , , , , , , , , , , , , , , , , , , , , , , 
25.7351538, -0.018967, , , , , , , 25.7351538, 0.0025177, , , , , , , 25.7351538, 0.0006714, , , , , , , 25.7351538, 0.0538796, , , , , , , , , , , , , , , , , , , , , , , , , , , , 
25.7356731, -0.0271916, , , , , , , 25.7356731, 0.0045319, , , , , , , 25.7356731, 0.0031891, , , , , , , 25.7356731, 0.0599222, , , , , , , , , , , , , , , , , , , , , , , , , , , , 
25.7361923, -0.0387732, , , , , , , 25.7361923, -0.002182, , , , , , , 25.7361923, 0.0031891, , , , , , , 25.7361923, 0.0636149, , , , , , , , , , , , , , , , , , , , , , , , , , , , 
25.7367115, -0.0404517, , , , , , , 25.7367115, -0.0085603, , , , , , , 25.7367115, 0.002182, , , , , , , 25.7367115, 0.0602579, , , , , , , , , , , , , , , , , , , , , , , , , , , , 
25.7372308, -0.0313878, , , , , , , 25.7372308, -0.0109102, , , , , , , 25.7372308, 0.0025177, , , , , , , 25.7372308, 0.0501869, , , , , , , , , , , , , , , , , , , , , , , , , , , , 
25.73775, -0.0243381, , , , , , , 25.73775, -0.0142672, , , , , , , 25.73775, 0.0008392, , , , , , , 25.73775, 0.0381018, , , , , , , , , , , , , , , , , , , , , , , , , , , , 
25.7382692, -0.017792, , , , , , , 25.7382692, -0.0179599, , , , , , , 25.7382692, -0.0018463, , , , , , , 25.7382692, 0.0283665, , , , , , , , , , , , , , , , , , , , , , , , , , , , 
25.7387885, -0.0065461, , , , , , , 25.7387885, -0.0203098, , , , , , , 25.7387885, -0.0041962, , , , , , , 25.7387885, 0.0218204, , , , , , , , , , , , , , , , , , , , , , , , , , , , 
25.7393077, -0.0011749, , , , , , , 25.7393077, -0.0193027, , , , , , , 25.7393077, -0.0035248, , , , , , , 25.7393077, 0.0149386, , , , , , , , , , , , , , , , , , , , , , , , , , , , 
25.7398269, 0.0011749, , , , , , , 25.7398269, -0.0142672, , , , , , , 25.7398269, -0.0028534, , , , , , , 25.7398269, 0.0082246, , , , , , , , , , , , , , , , , , , , , , , , , , , , 
25.7403462, 0.0062104, , , , , , , 25.7403462, -0.0082246, , , , , , , 25.7403462, -0.0045319, , , , , , , 25.7403462, 0.0025177, , , , , , , , , , , , , , , , , , , , , , , , , , , , 
25.7408654, 0.0135958, , , , , , , 25.7408654, -0.0052033, , , , , , , 25.7408654, -0.0082246, , , , , , , 25.7408654, -0.0015106, , , , , , , , , , , , , , , , , , , , , , , , , , , , 
25.7413846, 0.0213169, , , , , , , 25.7413846, -0.0058747, , , , , , , 25.7413846, -0.0082246, , , , , , , 25.7413846, -0.0038605, , , , , , , , , , , , , , , , , , , , , , , , , , , , 
25.7419038, 0.0263523, , , , , , , 25.7419038, -0.0075532, , , , , , , 25.7419038, -0.0068818, , , , , , , 25.7419038, -0.0075532, , , , , , , , , , , , , , , , , , , , , , , , , , , , 
25.7424231, 0.0327306, , , , , , , 25.7424231, -0.0085603, , , , , , , 25.7424231, -0.0075532, , , , , , , 25.7424231, -0.0085603, , , , , , , , , , , , , , , , , , , , , , , , , , , , 
25.7429423, 0.0387732, , , , , , , 25.7429423, -0.0077211, , , , , , , 25.7429423, -0.0095674, , , , , , , 25.7429423, -0.0072175, , , , , , , , , , , , , , , , , , , , , , , , , , , , 
25.7434615, 0.0466621, , , , , , , 25.7434615, -0.0065461, , , , , , , 25.7434615, -0.0090639, , , , , , , 25.7434615, -0.0057069, , , , , , , , , , , , , , , , , , , , , , , , , , , , 
25.7439808, 0.0501869, , , , , , , 25.7439808, -0.005539, , , , , , , 25.7439808, -0.0063783, , , , , , , 25.7439808, -0.0062104, , , , , , , , , , , , , , , , , , , , , , , , , , , , 
25.7445, 0.0495155, , , , , , , 25.7445, -0.0062104, , , , , , , 25.7445, -0.0052033, , , , , , , 25.7445, -0.0052033, , , , , , , , , , , , , , , , , , , , , , , , , , , , 
25.7450192, 0.0486763, , , , , , , 25.7450192, -0.0068818, , , , , , , 25.7450192, -0.0062104, , , , , , , 25.7450192, -0.0050355, , , , , , , , , , , , , , , , , , , , , , , , , , , , 
25.7455385, 0.0466621, , , , , , , 25.7455385, -0.008896, , , , , , , 25.7455385, -0.0062104, , , , , , , 25.7455385, -0.0068818, , , , , , , , , , , , , , , , , , , , , , , , , , , , 
25.7460577, 0.0439765, , , , , , , 25.7460577, -0.0085603, , , , , , , 25.7460577, -0.0063783, , , , , , , 25.7460577, -0.008896, , , , , , , , , , , , , , , , , , , , , , , , , , , , 
25.7465769, 0.0454871, , , , , , , 25.7465769, -0.0048676, , , , , , , 25.7465769, -0.0068818, , , , , , , 25.7465769, -0.0142672, , , , , , , , , , , , , , , , , , , , , , , , , , , , 
25.7470962, 0.0552224, , , , , , , 25.7470962, -0.0041962, , , , , , , 25.7470962, -0.0073854, , , , , , , 25.7470962, -0.0250095, , , , , , , , , , , , , , , , , , , , , , , , , , , , 
25.7476154, 0.0681468, , , , , , , 25.7476154, -0.0075532, , , , , , , 25.7476154, -0.0095674, , , , , , , 25.7476154, -0.0359197, , , , , , , , , , , , , , , , , , , , , , , , , , , , 
25.7481346, 0.0746929, , , , , , , 25.7481346, -0.0085603, , , , , , , 25.7481346, -0.0099031, , , , , , , 25.7481346, -0.0404517, , , , , , , , , , , , , , , , , , , , , , , , , , , , 
25.7486538, 0.0760357, , , , , , , 25.7486538, -0.0062104, , , , , , , 25.7486538, -0.0072175, , , , , , , 25.7486538, -0.0404517, , , , , , , , , , , , , , , , , , , , , , , , , , , , 
25.7491731, 0.0753643, , , , , , , 25.7491731, -0.0045319, , , , , , , 25.7491731, -0.0048676, , , , , , , 25.7491731, -0.0384375, , , , , , , , , , , , , , , , , , , , , , , , , , , , 
25.7496923, 0.068986, , , , , , , 25.7496923, -0.0028534, , , , , , , 25.7496923, -0.005539, , , , , , , 25.7496923, -0.0330663, , , , , , , , , , , , , , , , , , , , , , , , , , , , 
25.7502115, 0.0602579, , , , , , , 25.7502115, -0.0028534, , , , , , , 25.7502115, -0.008896, , , , , , , 25.7502115, -0.0250095, , , , , , , , , , , , , , , , , , , , , , , , , , , , 
25.7507308, 0.0501869, , , , , , , 25.7507308, -0.0045319, , , , , , , 25.7507308, -0.012253, , , , , , , 25.7507308, -0.01561, , , , , , , , , , , , , , , , , , , , , , , , , , , , 
25.75125, 0.0386053, , , , , , , 25.75125, -0.0057069, , , , , , , 25.75125, -0.012253, , , , , , , 25.75125, -0.0062104, , , , , , , , , , , , , , , , , , , , , , , , , , , , 
25.7517692, 0.0287022, , , , , , , 25.7517692, -0.0068818, , , , , , , 25.7517692, -0.0092317, , , , , , , 25.7517692, 0.0018463, , , , , , , , , , , , , , , , , , , , , , , , , , , , 
25.7522885, 0.0196384, , , , , , , 25.7522885, -0.0058747, , , , , , , 25.7522885, -0.0058747, , , , , , , 25.7522885, 0.0072175, , , , , , , , , , , , , , , , , , , , , , , , , , , , 
25.7528077, 0.0045319, , , , , , , 25.7528077, -0.0052033, , , , , , , 25.7528077, -0.005539, , , , , , , 25.7528077, 0.0159457, , , , , , , , , , , , , , , , , , , , , , , , , , , , 
25.7533269, -0.0072175, , , , , , , 25.7533269, -0.0062104, , , , , , , 25.7533269, -0.005539, , , , , , , 25.7533269, 0.0293736, , , , , , , , , , , , , , , , , , , , , , , , , , , , 
25.7538462, -0.0149386, , , , , , , 25.7538462, -0.0075532, , , , , , , 25.7538462, -0.0058747, , , , , , , 25.7538462, 0.0417945, , , , , , , , , , , , , , , , , , , , , , , , , , , , 
25.7543654, -0.0236667, , , , , , , 25.7543654, -0.0068818, , , , , , , 25.7543654, -0.0065461, , , , , , , 25.7543654, 0.0505226, , , , , , , , , , , , , , , , , , , , , , , , , , , , 
25.7548846, -0.0330663, , , , , , , 25.7548846, -0.0050355, , , , , , , 25.7548846, -0.0041962, , , , , , , 25.7548846, 0.0555581, , , , , , , , , , , , , , , , , , , , , , , , , , , , 
25.7554038, -0.0417945, , , , , , , 25.7554038, -0.0058747, , , , , , , 25.7554038, -0.002182, , , , , , , 25.7554038, 0.0589151, , , , , , , , , , , , , , , , , , , , , , , , , , , , 
25.7559231, -0.0491798, , , , , , , 25.7559231, -0.0095674, , , , , , , 25.7559231, -0.0015106, , , , , , , 25.7559231, 0.0639506, , , , , , , , , , , , , , , , , , , , , , , , , , , , 
25.7564423, -0.054551, , , , , , , 25.7564423, -0.0105745, , , , , , , 25.7564423, -0.0015106, , , , , , , 25.7564423, 0.0661326, , , , , , , , , , , , , , , , , , , , , , , , , , , , 
25.7569615, -0.051194, , , , , , , 25.7569615, -0.0082246, , , , , , , 25.7569615, -0.0001678, , , , , , , 25.7569615, 0.061265, , , , , , , , , , , , , , , , , , , , , , , , , , , , 
25.7574808, -0.0357519, , , , , , , 25.7574808, -0.0072175, , , , , , , 25.7574808, -0.0008392, , , , , , , 25.7574808, 0.0501869, , , , , , , , , , , , , , , , , , , , , , , , , , , , 
25.758, -0.0172885, , , , , , , 25.758, -0.0068818, , , , , , , 25.758, -0.0008392, , , , , , , 25.758, 0.0394446, , , , , , , , , , , , , , , , , , , , , , , , , , , , 
25.7585192, -0.0063783, , , , , , , 25.7585192, -0.0068818, , , , , , , 25.7585192, -0.0008392, , , , , , , 25.7585192, 0.0320592, , , , , , , , , , , , , , , , , , , , , , , , , , , , 
25.7590385, -0.0031891, , , , , , , 25.7590385, -0.0077211, , , , , , , 25.7590385, -0.0008392, , , , , , , 25.7590385, 0.026688, , , , , , , , , , , , , , , , , , , , , , , , , , , , 
25.7595577, -0.0025177, , , , , , , 25.7595577, -0.0085603, , , , , , , 25.7595577, -0.0028534, , , , , , , 25.7595577, 0.0203098, , , , , , , , , , , , , , , , , , , , , , , , , , , , 
25.7600769, 0.0038605, , , , , , , 25.7600769, -0.0078889, , , , , , , 25.7600769, -0.0062104, , , , , , , 25.7600769, 0.0139315, , , , , , , , , , , , , , , , , , , , , , , , , , , , 
25.7605962, 0.0135958, , , , , , , 25.7605962, -0.005539, , , , , , , 25.7605962, -0.0095674, , , , , , , 25.7605962, 0.002182, , , , , , , , , , , , , , , , , , , , , , , , , , , , 
25.7611154, 0.0243381, , , , , , , 25.7611154, -0.005539, , , , , , , 25.7611154, -0.0102388, , , , , , , 25.7611154, -0.0095674, , , , , , , , , , , , , , , , , , , , , , , , , , , , 
25.7616346, 0.03122, , , , , , , 25.7616346, -0.0099031, , , , , , , 25.7616346, -0.0099031, , , , , , , 25.7616346, -0.0166171, , , , , , , , , , , , , , , , , , , , , , , , , , , , 
25.7621538, 0.0327306, , , , , , , 25.7621538, -0.0129244, , , , , , , 25.7621538, -0.0102388, , , , , , , 25.7621538, -0.0166171, , , , , , , , , , , , , , , , , , , , , , , , , , , , 
25.7626731, 0.0327306, , , , , , , 25.7626731, -0.0119173, , , , , , , 25.7626731, -0.0102388, , , , , , , 25.7626731, -0.0092317, , , , , , , , , , , , , , , , , , , , , , , , , , , , 
25.7631923, 0.0347448, , , , , , , 25.7631923, -0.0095674, , , , , , , 25.7631923, -0.0102388, , , , , , , 25.7631923, -0.0020142, , , , , , , , , , , , , , , , , , , , , , , , , , , , 
25.7637115, 0.0354162, , , , , , , 25.7637115, -0.0095674, , , , , , , 25.7637115, -0.0115816, , , , , , , 25.7637115, 0.0058747, , , , , , , , , , , , , , , , , , , , , , , , , , , , 
25.7642308, 0.0381018, , , , , , , 25.7642308, -0.0105745, , , , , , , 25.7642308, -0.0115816, , , , , , , 25.7642308, 0.0159457, , , , , , , , , , , , , , , , , , , , , , , , , , , , 
25.76475, 0.0407874, , , , , , , 25.76475, -0.0109102, , , , , , , 25.76475, -0.0109102, , , , , , , 25.76475, 0.0226596, , , , , , , , , , , , , , , , , , , , , , , , , , , , 
25.7652692, 0.0414588, , , , , , , 25.7652692, -0.0102388, , , , , , , 25.7652692, -0.0092317, , , , , , , 25.7652692, 0.0276951, , , , , , , , , , , , , , , , , , , , , , , , , , , , 
25.7657885, 0.0448157, , , , , , , 25.7657885, -0.0095674, , , , , , , 25.7657885, -0.0087282, , , , , , , 25.7657885, 0.0310521, , , , , , , , , , , , , , , , , , , , , , , , , , , , 
25.7663077, 0.0508583, , , , , , , 25.7663077, -0.008896, , , , , , , 25.7663077, -0.0092317, , , , , , , 25.7663077, 0.0327306, , , , , , , , , , , , , , , , , , , , , , , , , , , , 
25.7668269, 0.0626078, , , , , , , 25.7668269, -0.0040284, , , , , , , 25.7668269, -0.0095674, , , , , , , 25.7668269, 0.0261845, , , , , , , , , , , , , , , , , , , , , , , , , , , , 
25.7673462, 0.0763714, , , , , , , 25.7673462, 0.0052033, , , , , , , 25.7673462, -0.0085603, , , , , , , 25.7673462, 0.0132601, , , , , , , , , , , , , , , , , , , , , , , , , , , , 
25.7678654, 0.0830854, , , , , , , 25.7678654, 0.0129244, , , , , , , 25.7678654, -0.008896, , , , , , , 25.7678654, 0.0050355, , , , , , , , , , , , , , , , , , , , , , , , , , , , 
25.7683846, 0.085771, , , , , , , 25.7683846, 0.01561, , , , , , , 25.7683846, -0.0095674, , , , , , , 25.7683846, -0.0035248, , , , , , , , , , , , , , , , , , , , , , , , , , , , 
25.7689038, 0.0874495, , , , , , , 25.7689038, 0.0146029, , , , , , , 25.7689038, -0.0095674, , , , , , , 25.7689038, -0.0166171, , , , , , , , , , , , , , , , , , , , , , , , , , , , 
25.7694231, 0.0867781, , , , , , , 25.7694231, 0.0104067, , , , , , , 25.7694231, -0.011078, , , , , , , 25.7694231, -0.0273594, , , , , , , , , , , , , , , , , , , , , , , , , , , , 
25.7699423, 0.0829175, , , , , , , 25.7699423, 0.0001678, , , , , , , 25.7699423, -0.012253, , , , , , , 25.7699423, -0.0280308, , , , , , , , , , , , , , , , , , , , , , , , , , , , 
25.7704615, 0.0733501, , , , , , , 25.7704615, -0.0132601, , , , , , , 25.7704615, -0.0142672, , , , , , , 25.7704615, -0.0234989, , , , , , , , , , , , , , , , , , , , , , , , , , , , 
25.7709808, 0.0585794, , , , , , , 25.7709808, -0.0246738, , , , , , , 25.7709808, -0.0169528, , , , , , , 25.7709808, -0.0162814, , , , , , , , , , , , , , , , , , , , , , , , , , , , 
25.7715, 0.0466621, , , , , , , 25.7715, -0.0359197, , , , , , , 25.7715, -0.0169528, , , , , , , 25.7715, -0.0092317, , , , , , , , , , , , , , , , , , , , , , , , , , , , 
25.7720192, 0.0347448, , , , , , , 25.7720192, -0.0431373, , , , , , , 25.7720192, -0.0139315, , , , , , , 25.7720192, -0.0008392, , , , , , , , , , , , , , , , , , , , , , , , , , , , 
25.7725385, 0.0253452, , , , , , , 25.7725385, -0.0384375, , , , , , , 25.7725385, -0.0105745, , , , , , , 25.7725385, 0.0119173, , , , , , , , , , , , , , , , , , , , , , , , , , , , 
25.7730577, 0.0159457, , , , , , , 25.7730577, -0.0256809, , , , , , , 25.7730577, -0.0104067, , , , , , , 25.7730577, 0.0263523, , , , , , , , , , , , , , , , , , , , , , , , , , , , 
25.7735769, -0.0008392, , , , , , , 25.7735769, -0.0162814, , , , , , , 25.7735769, -0.0112459, , , , , , , 25.7735769, 0.0392767, , , , , , , , , , , , , , , , , , , , , , , , , , , , 
25.7740962, -0.0209812, , , , , , , 25.7740962, -0.0115816, , , , , , , 25.7740962, -0.0095674, , , , , , , 25.7740962, 0.0505226, , , , , , , , , , , , , , , , , , , , , , , , , , , , 
25.7746154, -0.0377661, , , , , , , 25.7746154, -0.010071, , , , , , , 25.7746154, -0.0072175, , , , , , , 25.7746154, 0.0595865, , , , , , , , , , , , , , , , , , , , , , , , , , , , 
25.7751346, -0.0498512, , , , , , , 25.7751346, -0.0097353, , , , , , , 25.7751346, -0.0065461, , , , , , , 25.7751346, 0.0632792, , , , , , , , , , , , , , , , , , , , , , , , , , , , 
25.7756538, -0.0562295, , , , , , , 25.7756538, -0.008896, , , , , , , 25.7756538, -0.0048676, , , , , , , 25.7756538, 0.0636149, , , , , , , , , , , , , , , , , , , , , , , , , , , , 
25.7761731, -0.061265, , , , , , , 25.7761731, -0.0072175, , , , , , , 25.7761731, -0.0018463, , , , , , , 25.7761731, 0.0632792, , , , , , , , , , , , , , , , , , , , , , , , , , , , 
25.7766923, -0.064622, , , , , , , 25.7766923, -0.0063783, , , , , , , 25.7766923, 0.0001678, , , , , , , 25.7766923, 0.0589151, , , , , , , , , , , , , , , , , , , , , , , , , , , , 
25.7772115, -0.057908, , , , , , , 25.7772115, -0.0068818, , , , , , , 25.7772115, -0.0005035, , , , , , , 25.7772115, 0.0515297, , , , , , , , , , , , , , , , , , , , , , , , , , , , 
25.7777308, -0.0431373, , , , , , , 25.7777308, -0.008896, , , , , , , 25.7777308, -0.0018463, , , , , , , 25.7777308, 0.0421302, , , , , , , , , , , , , , , , , , , , , , , , , , , , 
25.77825, -0.0298772, , , , , , , 25.77825, -0.0082246, , , , , , , 25.77825, -0.0016785, , , , , , , 25.77825, 0.0340734, , , , , , , , , , , , , , , , , , , , , , , , , , , , 
25.7787692, -0.0206455, , , , , , , 25.7787692, -0.0082246, , , , , , , 25.7787692, -0.002182, , , , , , , 25.7787692, 0.026688, , , , , , , , , , , , , , , , , , , , , , , , , , , , 
25.7792885, -0.0082246, , , , , , , 25.7792885, -0.0085603, , , , , , , 25.7792885, -0.0008392, , , , , , , 25.7792885, 0.0203098, , , , , , , , , , , , , , , , , , , , , , , , , , , , 
25.7798077, 0.0001678, , , , , , , 25.7798077, -0.002182, , , , , , , 25.7798077, -0.0015106, , , , , , , 25.7798077, 0.0159457, , , , , , , , , , , , , , , , , , , , , , , , , , , , 
25.7803269, 0.0023499, , , , , , , 25.7803269, 0.01561, , , , , , , 25.7803269, -0.0041962, , , , , , , 25.7803269, 0.0135958, , , , , , , , , , , , , , , , , , , , , , , , , , , , 
25.7808462, 0.0030213, , , , , , , 25.7808462, 0.03122, , , , , , , 25.7808462, -0.0046998, , , , , , , 25.7808462, 0.0087282, , , , , , , , , , , , , , , , , , , , , , , , , , , , 
25.7813654, 0.0092317, , , , , , , 25.7813654, 0.033402, , , , , , , 25.7813654, -0.005539, , , , , , , 25.7813654, 0.0038605, , , , , , , , , , , , , , , , , , , , , , , , , , , , 
25.7818846, 0.0203098, , , , , , , 25.7818846, 0.0240024, , , , , , , 25.7818846, -0.0065461, , , , , , , 25.7818846, 0.0025177, , , , , , , , , , , , , , , , , , , , , , , , , , , , 
25.7824038, 0.0283665, , , , , , , 25.7824038, 0.0072175, , , , , , , 25.7824038, -0.0060426, , , , , , , 25.7824038, 0.0015106, , , , , , , , , , , , , , , , , , , , , , , , , , , , 
25.7829231, 0.0280308, , , , , , , 25.7829231, -0.0117494, , , , , , , 25.7829231, -0.0052033, , , , , , , 25.7829231, -0.0011749, , , , , , , , , , , , , , , , , , , , , , , , , , , , 
25.7834423, 0.0218204, , , , , , , 25.7834423, -0.0260166, , , , , , , 25.7834423, -0.0062104, , , , , , , 25.7834423, -0.0028534, , , , , , , , , , , , , , , , , , , , , , , , , , , , 
25.7839615, 0.0152743, , , , , , , 25.7839615, -0.0350805, , , , , , , 25.7839615, -0.0077211, , , , , , , 25.7839615, -0.0016785, , , , , , , , , , , , , , , , , , , , , , , , , , , , 
25.7844808, 0.0132601, , , , , , , 25.7844808, -0.04448, , , , , , , 25.7844808, -0.0068818, , , , , , , 25.7844808, -0.0020142, , , , , , , , , , , , , , , , , , , , , , , , , , , , 
25.785, 0.0112459, , , , , , , 25.785, -0.0426337, , , , , , , 25.785, -0.0062104, , , , , , , 25.785, -0.0015106, , , , , , , , , , , , , , , , , , , , , , , , , , , , 
25.7855192, 0.0058747, , , , , , , 25.7855192, -0.0273594, , , , , , , 25.7855192, -0.0062104, , , , , , , 25.7855192, 0.0005035, , , , , , , , , , , , , , , , , , , , , , , , , , , , 
25.7860385, 0.0011749, , , , , , , 25.7860385, -0.0146029, , , , , , , 25.7860385, -0.0092317, , , , , , , 25.7860385, 0.0001678, , , , , , , , , , , , , , , , , , , , , , , , , , , , 
25.7865577, 0.0092317, , , , , , , 25.7865577, -0.0102388, , , , , , , 25.7865577, -0.0119173, , , , , , , 25.7865577, -0.005539, , , , , , , , , , , , , , , , , , , , , , , , , , , , 
25.7870769, 0.0236667, , , , , , , 25.7870769, -0.0082246, , , , , , , 25.7870769, -0.0129244, , , , , , , 25.7870769, -0.0199741, , , , , , , , , , , , , , , , , , , , , , , , , , , , 
25.7875962, 0.0350805, , , , , , , 25.7875962, -0.0097353, , , , , , , 25.7875962, -0.012253, , , , , , , 25.7875962, -0.0320592, , , , , , , , , , , , , , , , , , , , , , , , , , , , 
25.7881154, 0.043473, , , , , , , 25.7881154, -0.0099031, , , , , , , 25.7881154, -0.0112459, , , , , , , 25.7881154, -0.0340734, , , , , , , , , , , , , , , , , , , , , , , , , , , , 
25.7886346, 0.0501869, , , , , , , 25.7886346, -0.0075532, , , , , , , 25.7886346, -0.0092317, , , , , , , 25.7886346, -0.0330663, , , , , , , , , , , , , , , , , , , , , , , , , , , , 
25.7891538, 0.0522011, , , , , , , 25.7891538, -0.0048676, , , , , , , 25.7891538, -0.0070497, , , , , , , 25.7891538, -0.0337377, , , , , , , , , , , , , , , , , , , , , , , , , , , , 
25.7896731, 0.0535439, , , , , , , 25.7896731, -0.0038605, , , , , , , 25.7896731, -0.0070497, , , , , , , 25.7896731, -0.0330663, , , , , , , , , , , , , , , , , , , , , , , , , , , , 
25.7901923, 0.0528725, , , , , , , 25.7901923, -0.0050355, , , , , , , 25.7901923, -0.008896, , , , , , , 25.7901923, -0.0263523, , , , , , , , , , , , , , , , , , , , , , , , , , , , 
25.7907115, 0.0491798, , , , , , , 25.7907115, -0.005539, , , , , , , 25.7907115, -0.0114137, , , , , , , 25.7907115, -0.014435, , , , , , , , , , , , , , , , , , , , , , , , , , , , 
25.7912308, 0.0416266, , , , , , , 25.7912308, -0.005539, , , , , , , 25.7912308, -0.012253, , , , , , , 25.7912308, -0.0038605, , , , , , , , , , , , , , , , , , , , , , , , , , , , 
25.79175, 0.0323949, , , , , , , 25.79175, -0.0062104, , , , , , , 25.79175, -0.0117494, , , , , , , 25.79175, 0.0035248, , , , , , , , , , , , , , , , , , , , , , , , , , , , 
25.7922692, 0.0253452, , , , , , , 25.7922692, -0.0092317, , , , , , , 25.7922692, -0.012253, , , , , , , 25.7922692, 0.0090639, , , , , , , , , , , , , , , , , , , , , , , , , , , , 
25.7927885, 0.0166171, , , , , , , 25.7927885, -0.0112459, , , , , , , 25.7927885, -0.0129244, , , , , , , 25.7927885, 0.0135958, , , , , , , , , , , , , , , , , , , , , , , , , , , , 
25.7933077, -0.0031891, , , , , , , 25.7933077, -0.008896, , , , , , , 25.7933077, -0.0112459, , , , , , , 25.7933077, 0.0219883, , , , , , , , , , , , , , , , , , , , , , , , , , , , 
25.7938269, -0.0223239, , , , , , , 25.7938269, -0.0065461, , , , , , , 25.7938269, -0.0109102, , , , , , , 25.7938269, 0.0320592, , , , , , , , , , , , , , , , , , , , , , , , , , , , 
25.7943462, -0.0392767, , , , , , , 25.7943462, -0.005539, , , , , , , 25.7943462, -0.0102388, , , , , , , 25.7943462, 0.0431373, , , , , , , , , , , , , , , , , , , , , , , , , , , , 
25.7948654, -0.054551, , , , , , , 25.7948654, -0.0045319, , , , , , , 25.7948654, -0.008896, , , , , , , 25.7948654, 0.0515297, , , , , , , , , , , , , , , , , , , , , , , , , , , , 
25.7953846, -0.0679789, , , , , , , 25.7953846, -0.0050355, , , , , , , 25.7953846, -0.0075532, , , , , , , 25.7953846, 0.0569009, , , , , , , , , , , , , , , , , , , , , , , , , , , , 
25.7959038, -0.0755322, , , , , , , 25.7959038, -0.0068818, , , , , , , 25.7959038, -0.0068818, , , , , , , 25.7959038, 0.0589151, , , , , , , , , , , , , , , , , , , , , , , , , , , , 
25.7964231, -0.0797284, , , , , , , 25.7964231, -0.0068818, , , , , , , 25.7964231, -0.0078889, , , , , , , 25.7964231, 0.0575723, , , , , , , , , , , , , , , , , , , , , , , , , , , , 
25.7969423, -0.0740215, , , , , , , 25.7969423, -0.0063783, , , , , , , 25.7969423, -0.008896, , , , , , , 25.7969423, 0.0522011, , , , , , , , , , , , , , , , , , , , , , , , , , , , 
25.7974615, -0.0575723, , , , , , , 25.7974615, -0.005539, , , , , , , 25.7974615, -0.0083925, , , , , , , 25.7974615, 0.0441444, , , , , , , , , , , , , , , , , , , , , , , , , , , , 
25.7979808, -0.0458228, , , , , , , 25.7979808, -0.0058747, , , , , , , 25.7979808, -0.0072175, , , , , , , 25.7979808, 0.0347448, , , , , , , , , , , , , , , , , , , , , , , , , , , , 
25.7985, -0.0391089, , , , , , , 25.7985, -0.0052033, , , , , , , 25.7985, -0.0062104, , , , , , , 25.7985, 0.0273594, , , , , , , , , , , , , , , , , , , , , , , , , , , , 
25.7990192, -0.0297093, , , , , , , 25.7990192, -0.0035248, , , , , , , 25.7990192, -0.0041962, , , , , , , 25.7990192, 0.0231632, , , , , , , , , , , , , , , , , , , , , , , , , , , , 
25.7995385, -0.0203098, , , , , , , 25.7995385, -0.0016785, , , , , , , 25.7995385, -0.0041962, , , , , , , 25.7995385, 0.0196384, , , , , , , , , , , , , , , , , , , , , , , , , , , , 
25.8000577, -0.0151064, , , , , , , 25.8000577, -0.0015106, , , , , , , 25.8000577, -0.0045319, , , , , , , 25.8000577, 0.0162814, , , , , , , , , , , , , , , , , , , , , , , , , , , , 
25.8005769, -0.0137636, , , , , , , 25.8005769, -0.0028534, , , , , , , 25.8005769, -0.005539, , , , , , , 25.8005769, 0.0119173, , , , , , , , , , , , , , , , , , , , , , , , , , , , 
25.8010962, -0.0142672, , , , , , , 25.8010962, -0.0048676, , , , , , , 25.8010962, -0.0063783, , , , , , , 25.8010962, 0.0065461, , , , , , , , , , , , , , , , , , , , , , , , , , , , 
25.8016154, -0.0112459, , , , , , , 25.8016154, -0.0075532, , , , , , , 25.8016154, -0.0050355, , , , , , , 25.8016154, 0.0041962, , , , , , , , , , , , , , , , , , , , , , , , , , , , 
25.8021346, -0.0035248, , , , , , , 25.8021346, -0.0075532, , , , , , , 25.8021346, -0.0031891, , , , , , , 25.8021346, 0.0038605, , , , , , , , , , , , , , , , , , , , , , , , , , , , 
25.8026538, 0.0045319, , , , , , , 25.8026538, -0.0072175, , , , , , , 25.8026538, -0.0035248, , , , , , , 25.8026538, 0.0048676, , , , , , , , , , , , , , , , , , , , , , , , , , , , 
25.8031731, 0.0072175, , , , , , , 25.8031731, -0.0058747, , , , , , , 25.8031731, -0.0068818, , , , , , , 25.8031731, 0.0062104, , , , , , , , , , , , , , , , , , , , , , , , , , , , 
25.8036923, 0.011078, , , , , , , 25.8036923, -0.0052033, , , , , , , 25.8036923, -0.0082246, , , , , , , 25.8036923, 0.0072175, , , , , , , , , , , , , , , , , , , , , , , , , , , , 
25.8042115, 0.0166171, , , , , , , 25.8042115, -0.005539, , , , , , , 25.8042115, -0.0072175, , , , , , , 25.8042115, 0.0070497, , , , , , , , , , , , , , , , , , , , , , , , , , , , 
25.8047308, 0.0203098, , , , , , , 25.8047308, -0.0050355, , , , , , , 25.8047308, -0.0057069, , , , , , , 25.8047308, 0.0065461, , , , , , , , , , , , , , , , , , , , , , , , , , , , 
25.80525, 0.0193027, , , , , , , 25.80525, -0.0043641, , , , , , , 25.80525, -0.0057069, , , , , , , 25.80525, 0.0075532, , , , , , , , , , , , , , , , , , , , , , , , , , , , 
25.8057692, 0.0209812, , , , , , , 25.8057692, -0.0052033, , , , , , , 25.8057692, -0.0078889, , , , , , , 25.8057692, 0.0082246, , , , , , , , , , , , , , , , , , , , , , , , , , , , 
25.8062885, 0.026688, , , , , , , 25.8062885, -0.0050355, , , , , , , 25.8062885, -0.0085603, , , , , , , 25.8062885, 0.002182, , , , , , , , , , , , , , , , , , , , , , , , , , , , 
25.8068077, 0.0347448, , , , , , , 25.8068077, -0.0053712, , , , , , , 25.8068077, -0.0095674, , , , , , , 25.8068077, -0.008896, , , , , , , , , , , , , , , , , , , , , , , , , , , , 
25.8073269, 0.0485084, , , , , , , 25.8073269, -0.0075532, , , , , , , 25.8073269, -0.0117494, , , , , , , 25.8073269, -0.0186313, , , , , , , , , , , , , , , , , , , , , , , , , , , , 
25.8078462, 0.0616007, , , , , , , 25.8078462, -0.008896, , , , , , , 25.8078462, -0.0125887, , , , , , , 25.8078462, -0.0248417, , , , , , , , , , , , , , , , , , , , , , , , , , , , 
25.8083654, 0.0703288, , , , , , , 25.8083654, -0.0095674, , , , , , , 25.8083654, -0.0117494, , , , , , , 25.8083654, -0.0310521, , , , , , , , , , , , , , , , , , , , , , , , , , , , 
25.8088846, 0.0758679, , , , , , , 25.8088846, -0.0095674, , , , , , , 25.8088846, -0.0119173, , , , , , , 25.8088846, -0.033402, , , , , , , , , , , , , , , , , , , , , , , , , , , , 
25.8094038, 0.0773785, , , , , , , 25.8094038, -0.0104067, , , , , , , 25.8094038, -0.0125887, , , , , , , 25.8094038, -0.0297093, , , , , , , , , , , , , , , , , , , , , , , , , , , , 
25.8099231, 0.0720073, , , , , , , 25.8099231, -0.010071, , , , , , , 25.8099231, -0.0135958, , , , , , , 25.8099231, -0.0256809, , , , , , , , , , , , , , , , , , , , , , , , , , , , 
25.8104423, 0.0619364, , , , , , , 25.8104423, -0.0099031, , , , , , , 25.8104423, -0.0132601, , , , , , , 25.8104423, -0.0199741, , , , , , , , , , , , , , , , , , , , , , , , , , , , 
25.8109615, 0.0522011, , , , , , , 25.8109615, -0.0115816, , , , , , , 25.8109615, -0.0119173, , , , , , , 25.8109615, -0.0097353, , , , , , , , , , , , , , , , , , , , , , , , , , , , 
25.8114808, 0.0446479, , , , , , , 25.8114808, -0.012253, , , , , , , 25.8114808, -0.0117494, , , , , , , 25.8114808, 0.002182, , , , , , , , , , , , , , , , , , , , , , , , , , , , 
25.812, 0.036759, , , , , , , 25.812, -0.0130922, , , , , , , 25.812, -0.012253, , , , , , , 25.812, 0.0117494, , , , , , , , , , , , , , , , , , , , , , , , , , , , 
25.8125192, 0.0276951, , , , , , , 25.8125192, -0.0114137, , , , , , , 25.8125192, -0.012253, , , , , , , 25.8125192, 0.0203098, , , , , , , , , , , , , , , , , , , , , , , , , , , , 
25.8130385, 0.0169528, , , , , , , 25.8130385, 0.0008392, , , , , , , 25.8130385, -0.010071, , , , , , , 25.8130385, 0.0322271, , , , , , , , , , , , , , , , , , , , , , , , , , , , 
25.8135577, 0.0038605, , , , , , , 25.8135577, 0.0179599, , , , , , , 25.8135577, -0.008896, , , , , , , 25.8135577, 0.0428016, , , , , , , , , , , , , , , , , , , , , , , , , , , , 
25.8140769, -0.011078, , , , , , , 25.8140769, 0.0260166, , , , , , , 25.8140769, -0.0070497, , , , , , , 25.8140769, 0.0508583, , , , , , , , , , , , , , , , , , , , , , , , , , , , 
25.8145962, -0.0240024, , , , , , , 25.8145962, 0.0206455, , , , , , , 25.8145962, -0.0048676, , , , , , , 25.8145962, 0.0602579, , , , , , , , , , , , , , , , , , , , , , , , , , , , 
25.8151154, -0.0320592, , , , , , , 25.8151154, 0.0072175, , , , , , , 25.8151154, -0.0068818, , , , , , , 25.8151154, 0.068986, , , , , , , , , , , , , , , , , , , , , , , , , , , , 
25.8156346, -0.0357519, , , , , , , 25.8156346, -0.008896, , , , , , , 25.8156346, -0.0082246, , , , , , , 25.8156346, 0.0713359, , , , , , , , , , , , , , , , , , , , , , , , , , , , 
25.8161538, -0.0407874, , , , , , , 25.8161538, -0.0229953, , , , , , , 25.8161538, -0.0075532, , , , , , , 25.8161538, 0.0676432, , , , , , , , , , , , , , , , , , , , , , , , , , , , 
25.8166731, -0.0404517, , , , , , , 25.8166731, -0.0313878, , , , , , , 25.8166731, -0.0068818, , , , , , , 25.8166731, 0.0589151, , , , , , , , , , , , , , , , , , , , , , , , , , , , 
25.8171923, -0.0310521, , , , , , , 25.8171923, -0.0391089, , , , , , , 25.8171923, -0.0062104, , , , , , , 25.8171923, 0.0500191, , , , , , , , , , , , , , , , , , , , , , , , , , , , 
25.8177115, -0.0243381, , , , , , , 25.8177115, -0.0459907, , , , , , , 25.8177115, -0.0058747, , , , , , , 25.8177115, 0.0397803, , , , , , , , , , , , , , , , , , , , , , , , , , , , 
25.8182308, -0.0169528, , , , , , , 25.8182308, -0.0417945, , , , , , , 25.8182308, -0.0060426, , , , , , , 25.8182308, 0.030045, , , , , , , , , , , , , , , , , , , , , , , , , , , , 
25.81875, -0.0068818, , , , , , , 25.81875, -0.0285344, , , , , , , 25.81875, -0.0062104, , , , , , , 25.81875, 0.0213169, , , , , , , , , , , , , , , , , , , , , , , , , , , , 
25.8192692, 0.0072175, , , , , , , 25.8192692, -0.0169528, , , , , , , 25.8192692, -0.0077211, , , , , , , 25.8192692, 0.0139315, , , , , , , , , , , , , , , , , , , , , , , , , , , , 
25.8197885, 0.0226596, , , , , , , 25.8197885, -0.0125887, , , , , , , 25.8197885, -0.0092317, , , , , , , 25.8197885, 0.0092317, , , , , , , , , , , , , , , , , , , , , , , , , , , , 
25.8203077, 0.0330663, , , , , , , 25.8203077, -0.0109102, , , , , , , 25.8203077, -0.008896, , , , , , , 25.8203077, 0.0092317, , , , , , , , , , , , , , , , , , , , , , , , , , , , 
25.8208269, 0.0414588, , , , , , , 25.8208269, -0.0068818, , , , , , , 25.8208269, -0.0082246, , , , , , , 25.8208269, 0.0109102, , , , , , , , , , , , , , , , , , , , , , , , , , , , 
25.8213462, 0.0449836, , , , , , , 25.8213462, -0.0041962, , , , , , , 25.8213462, -0.0109102, , , , , , , 25.8213462, 0.0099031, , , , , , , , , , , , , , , , , , , , , , , , , , , , 
25.8218654, 0.0347448, , , , , , , 25.8218654, -0.0048676, , , , , , , 25.8218654, -0.0125887, , , , , , , 25.8218654, 0.0078889, , , , , , , , , , , , , , , , , , , , , , , , , , , , 
25.8223846, 0.0193027, , , , , , , 25.8223846, -0.0031891, , , , , , , 25.8223846, -0.0102388, , , , , , , 25.8223846, 0.0078889, , , , , , , , , , , , , , , , , , , , , , , , , , , , 
25.8229038, 0.0099031, , , , , , , 25.8229038, -0.0035248, , , , , , , 25.8229038, -0.0090639, , , , , , , 25.8229038, 0.0092317, , , , , , , , , , , , , , , , , , , , , , , , , , , , 
25.8234231, 0.005539, , , , , , , 25.8234231, -0.005539, , , , , , , 25.8234231, -0.008896, , , , , , , 25.8234231, 0.0099031, , , , , , , , , , , , , , , , , , , , , , , , , , , , 
25.8239423, 0.0072175, , , , , , , 25.8239423, -0.0082246, , , , , , , 25.8239423, -0.0092317, , , , , , , 25.8239423, 0.0065461, , , , , , , , , , , , , , , , , , , , , , , , , , , , 
25.8244615, 0.0092317, , , , , , , 25.8244615, -0.0082246, , , , , , , 25.8244615, -0.0077211, , , , , , , 25.8244615, 0.0028534, , , , , , , , , , , , , , , , , , , , , , , , , , , , 
25.8249808, 0.0105745, , , , , , , 25.8249808, -0.0075532, , , , , , , 25.8249808, -0.0058747, , , , , , , 25.8249808, 0.0008392, , , , , , , , , , , , , , , , , , , , , , , , , , , , 
25.8255, 0.0159457, , , , , , , 25.8255, -0.0048676, , , , , , , 25.8255, -0.0045319, , , , , , , 25.8255, 0.0008392, , , , , , , , , , , , , , , , , , , , , , , , , , , , 
25.8260192, 0.0250095, , , , , , , 25.8260192, -0.0011749, , , , , , , 25.8260192, -0.0060426, , , , , , , 25.8260192, 0.002182, , , , , , , , , , , , , , , , , , , , , , , , , , , , 
25.8265385, 0.0344091, , , , , , , 25.8265385, -0.0018463, , , , , , , 25.8265385, -0.0075532, , , , , , , 25.8265385, -0.002182, , , , , , , , , , , , , , , , , , , , , , , , , , , , 
25.8270577, 0.0508583, , , , , , , 25.8270577, -0.005539, , , , , , , 25.8270577, -0.0092317, , , , , , , 25.8270577, -0.0125887, , , , , , , , , , , , , , , , , , , , , , , , , , , , 
25.8275769, 0.0699931, , , , , , , 25.8275769, -0.0075532, , , , , , , 25.8275769, -0.0115816, , , , , , , 25.8275769, -0.0216526, , , , , , , , , , , , , , , , , , , , , , , , , , , , 
25.8280962, 0.087953, , , , , , , 25.8280962, -0.0082246, , , , , , , 25.8280962, -0.0135958, , , , , , , 25.8280962, -0.0256809, , , , , , , , , , , , , , , , , , , , , , , , , , , , 
25.8286154, 0.1045701, , , , , , , 25.8286154, -0.0077211, , , , , , , 25.8286154, -0.0130922, , , , , , , 25.8286154, -0.0270237, , , , , , , , , , , , , , , , , , , , , , , , , , , , 
25.8291346, 0.1111162, , , , , , , 25.8291346, -0.0058747, , , , , , , 25.8291346, -0.0112459, , , , , , , 25.8291346, -0.0256809, , , , , , , , , , , , , , , , , , , , , , , , , , , , 
25.8296538, 0.1059129, , , , , , , 25.8296538, -0.0041962, , , , , , , 25.8296538, -0.0102388, , , , , , , 25.8296538, -0.0218204, , , , , , , , , , , , , , , , , , , , , , , , , , , , 
25.8301731, 0.0931563, , , , , , , 25.8301731, -0.0045319, , , , , , , 25.8301731, -0.0095674, , , , , , , 25.8301731, -0.014435, , , , , , , , , , , , , , , , , , , , , , , , , , , , 
25.8306923, 0.0775463, , , , , , , 25.8306923, -0.0041962, , , , , , , 25.8306923, -0.0070497, , , , , , , 25.8306923, -0.0015106, , , , , , , , , , , , , , , , , , , , , , , , , , , , 
25.8312115, 0.0594186, , , , , , , 25.8312115, -0.0025177, , , , , , , 25.8312115, -0.0073854, , , , , , , 25.8312115, 0.0097353, , , , , , , , , , , , , , , , , , , , , , , , , , , , 
25.8317308, 0.0441444, , , , , , , 25.8317308, -0.0028534, , , , , , , 25.8317308, -0.0099031, , , , , , , 25.8317308, 0.0142672, , , , , , , , , , , , , , , , , , , , , , , , , , , , 
25.83225, 0.03122, , , , , , , 25.83225, -0.0058747, , , , , , , 25.83225, -0.0095674, , , , , , , 25.83225, 0.0186313, , , , , , , , , , , , , , , , , , , , , , , , , , , , 
25.8327692, 0.0139315, , , , , , , 25.8327692, -0.0073854, , , , , , , 25.8327692, -0.0083925, , , , , , , 25.8327692, 0.026688, , , , , , , , , , , , , , , , , , , , , , , , , , , , 
25.8332885, -0.0045319, , , , , , , 25.8332885, -0.0068818, , , , , , , 25.8332885, -0.0072175, , , , , , , 25.8332885, 0.036759, , , , , , , , , , , , , , , , , , , , , , , , , , , , 
25.8338077, -0.0256809, , , , , , , 25.8338077, -0.0050355, , , , , , , 25.8338077, -0.0082246, , , , , , , 25.8338077, 0.0454871, , , , , , , , , , , , , , , , , , , , , , , , , , , , 
25.8343269, -0.0417945, , , , , , , 25.8343269, -0.0043641, , , , , , , 25.8343269, -0.0082246, , , , , , , 25.8343269, 0.0518654, , , , , , , , , , , , , , , , , , , , , , , , , , , , 
25.8348462, -0.0528725, , , , , , , 25.8348462, -0.0075532, , , , , , , 25.8348462, -0.0036927, , , , , , , 25.8348462, 0.0562295, , , , , , , , , , , , , , , , , , , , , , , , , , , , 
25.8353654, -0.0621042, , , , , , , 25.8353654, -0.0099031, , , , , , , 25.8353654, 0.0010071, , , , , , , 25.8353654, 0.0614328, , , , , , , , , , , , , , , , , , , , , , , , , , , , 
25.8358846, -0.0673075, , , , , , , 25.8358846, -0.0095674, , , , , , , 25.8358846, 0.0011749, , , , , , , 25.8358846, 0.0641184, , , , , , , , , , , , , , , , , , , , , , , , , , , , 
25.8364038, -0.0666361, , , , , , , 25.8364038, -0.0082246, , , , , , , 25.8364038, -0.0015106, , , , , , , 25.8364038, 0.0609293, , , , , , , , , , , , , , , , , , , , , , , , , , , , 
25.8369231, -0.0542153, , , , , , , 25.8369231, -0.0058747, , , , , , , 25.8369231, -0.0015106, , , , , , , 25.8369231, 0.0538796, , , , , , , , , , , , , , , , , , , , , , , , , , , , 
25.8374423, -0.0417945, , , , , , , 25.8374423, -0.0043641, , , , , , , 25.8374423, -0.0025177, , , , , , , 25.8374423, 0.0449836, , , , , , , , , , , , , , , , , , , , , , , , , , , , 
25.8379615, -0.0340734, , , , , , , 25.8379615, -0.0078889, , , , , , , 25.8379615, -0.0041962, , , , , , , 25.8379615, 0.0359197, , , , , , , , , , , , , , , , , , , , , , , , , , , , 
25.8384808, -0.0243381, , , , , , , 25.8384808, -0.0109102, , , , , , , 25.8384808, -0.0052033, , , , , , , 25.8384808, 0.0246738, , , , , , , , , , , , , , , , , , , , , , , , , , , , 
25.839, -0.0117494, , , , , , , 25.839, -0.0095674, , , , , , , 25.839, -0.0070497, , , , , , , 25.839, 0.014435, , , , , , , , , , , , , , , , , , , , , , , , , , , , 
25.8395192, -0.0005035, , , , , , , 25.8395192, -0.0048676, , , , , , , 25.8395192, -0.0068818, , , , , , , 25.8395192, 0.0099031, , , , , , , , , , , , , , , , , , , , , , , , , , , , 
25.8400385, 0.0023499, , , , , , , 25.8400385, -0.0035248, , , , , , , 25.8400385, -0.0065461, , , , , , , 25.8400385, 0.0078889, , , , , , , , , , , , , , , , , , , , , , , , , , , , 
25.8405577, 0.0052033, , , , , , , 25.8405577, -0.0062104, , , , , , , 25.8405577, -0.0075532, , , , , , , 25.8405577, 0.0025177, , , , , , , , , , , , , , , , , , , , , , , , , , , , 
25.8410769, 0.0132601, , , , , , , 25.8410769, -0.0082246, , , , , , , 25.8410769, -0.0077211, , , , , , , 25.8410769, 0.0003357, , , , , , , , , , , , , , , , , , , , , , , , , , , , 
25.8415962, 0.0193027, , , , , , , 25.8415962, -0.0078889, , , , , , , 25.8415962, -0.008896, , , , , , , 25.8415962, -0.0018463, , , , , , , , , , , , , , , , , , , , , , , , , , , , 
25.8421154, 0.023331, , , , , , , 25.8421154, -0.0075532, , , , , , , 25.8421154, -0.0092317, , , , , , , 25.8421154, -0.0119173, , , , , , , , , , , , , , , , , , , , , , , , , , , , 
25.8426346, 0.0246738, , , , , , , 25.8426346, -0.0083925, , , , , , , 25.8426346, -0.0068818, , , , , , , 25.8426346, -0.021149, , , , , , , , , , , , , , , , , , , , , , , , , , , , 
25.8431538, 0.0219883, , , , , , , 25.8431538, -0.008896, , , , , , , 25.8431538, -0.0062104, , , , , , , 25.8431538, -0.0246738, , , , , , , , , , , , , , , , , , , , , , , , , , , , 
25.8436731, 0.0226596, , , , , , , 25.8436731, -0.0085603, , , , , , , 25.8436731, -0.0072175, , , , , , , 25.8436731, -0.0213169, , , , , , , , , , , , , , , , , , , , , , , , , , , , 
25.8441923, 0.0246738, , , , , , , 25.8441923, -0.0062104, , , , , , , 25.8441923, -0.008896, , , , , , , 25.8441923, -0.0152743, , , , , , , , , , , , , , , , , , , , , , , , , , , , 
25.8447115, 0.023331, , , , , , , 25.8447115, -0.0048676, , , , , , , 25.8447115, -0.0072175, , , , , , , 25.8447115, -0.008896, , , , , , , , , , , , , , , , , , , , , , , , , , , , 
25.8452308, 0.0287022, , , , , , , 25.8452308, -0.0048676, , , , , , , 25.8452308, -0.005539, , , , , , , 25.8452308, -0.0020142, , , , , , , , , , , , , , , , , , , , , , , , , , , , 
25.84575, 0.0384375, , , , , , , 25.84575, -0.0041962, , , , , , , 25.84575, -0.0058747, , , , , , , 25.84575, 0.0058747, , , , , , , , , , , , , , , , , , , , , , , , , , , , 
25.8462692, 0.0481727, , , , , , , 25.8462692, -0.0036927, , , , , , , 25.8462692, -0.0062104, , , , , , , 25.8462692, 0.0085603, , , , , , , , , , , , , , , , , , , , , , , , , , , , 
25.8467885, 0.0609293, , , , , , , 25.8467885, -0.005539, , , , , , , 25.8467885, -0.0052033, , , , , , , 25.8467885, 0.0028534, , , , , , , , , , , , , , , , , , , , , , , , , , , , 
25.8473077, 0.072343, , , , , , , 25.8473077, -0.005539, , , , , , , 25.8473077, -0.0082246, , , , , , , 25.8473077, -0.0058747, , , , , , , , , , , , , , , , , , , , , , , , , , , , 
25.8478269, 0.0793927, , , , , , , 25.8478269, -0.0058747, , , , , , , 25.8478269, -0.0109102, , , , , , , 25.8478269, -0.0109102, , , , , , , , , , , , , , , , , , , , , , , , , , , , 
25.8483462, 0.0844282, , , , , , , 25.8483462, -0.0068818, , , , , , , 25.8483462, -0.012253, , , , , , , 25.8483462, -0.0124208, , , , , , , , , , , , , , , , , , , , , , , , , , , , 
25.8488654, 0.0884565, , , , , , , 25.8488654, -0.0082246, , , , , , , 25.8488654, -0.012253, , , , , , , 25.8488654, -0.0112459, , , , , , , , , , , , , , , , , , , , , , , , , , , , 
25.8493846, 0.0911421, , , , , , , 25.8493846, -0.0083925, , , , , , , 25.8493846, -0.0115816, , , , , , , 25.8493846, -0.0083925, , , , , , , , , , , , , , , , , , , , , , , , , , , , 
25.8499038, 0.0877852, , , , , , , 25.8499038, -0.0068818, , , , , , , 25.8499038, -0.0135958, , , , , , , 25.8499038, -0.008896, , , , , , , , , , , , , , , , , , , , , , , , , , , , 
25.8504231, 0.0777142, , , , , , , 25.8504231, -0.0048676, , , , , , , 25.8504231, -0.0169528, , , , , , , 25.8504231, -0.0095674, , , , , , , , , , , , , , , , , , , , , , , , , , , , 
25.8509423, 0.068986, , , , , , , 25.8509423, -0.0041962, , , , , , , 25.8509423, -0.0169528, , , , , , , 25.8509423, -0.0028534, , , , , , , , , , , , , , , , , , , , , , , , , , , , 
25.8514615, 0.057908, , , , , , , 25.8514615, -0.0058747, , , , , , , 25.8514615, -0.0137636, , , , , , , 25.8514615, 0.0058747, , , , , , , , , , , , , , , , , , , , , , , , , , , , 
25.8519808, 0.0481727, , , , , , , 25.8519808, -0.0092317, , , , , , , 25.8519808, -0.012253, , , , , , , 25.8519808, 0.0092317, , , , , , , , , , , , , , , , , , , , , , , , , , , , 
25.8525, 0.0394446, , , , , , , 25.8525, -0.0099031, , , , , , , 25.8525, -0.0099031, , , , , , , 25.8525, 0.0109102, , , , , , , , , , , , , , , , , , , , , , , , , , , , 
25.8530192, 0.023331, , , , , , , 25.8530192, -0.010071, , , , , , , 25.8530192, -0.008896, , , , , , , 25.8530192, 0.0162814, , , , , , , , , , , , , , , , , , , , , , , , , , , , 
25.8535385, 0.0008392, , , , , , , 25.8535385, -0.0095674, , , , , , , 25.8535385, -0.0075532, , , , , , , 25.8535385, 0.0246738, , , , , , , , , , , , , , , , , , , , , , , , , , , , 
25.8540577, -0.0176242, , , , , , , 25.8540577, -0.0095674, , , , , , , 25.8540577, -0.0062104, , , , , , , 25.8540577, 0.0327306, , , , , , , , , , , , , , , , , , , , , , , , , , , , 
25.8545769, -0.0337377, , , , , , , 25.8545769, -0.0104067, , , , , , , 25.8545769, -0.0041962, , , , , , , 25.8545769, 0.0404517, , , , , , , , , , , , , , , , , , , , , , , , , , , , 
25.8550962, -0.0518654, , , , , , , 25.8550962, -0.0115816, , , , , , , 25.8550962, -0.0035248, , , , , , , 25.8550962, 0.0468299, , , , , , , , , , , , , , , , , , , , , , , , , , , , 
25.8556154, -0.064622, , , , , , , 25.8556154, -0.0124208, , , , , , , 25.8556154, -0.0041962, , , , , , , 25.8556154, 0.0535439, , , , , , , , , , , , , , , , , , , , , , , , , , , , 
25.8561346, -0.0740215, , , , , , , 25.8561346, -0.0137636, , , , , , , 25.8561346, -0.0031891, , , , , , , 25.8561346, 0.0569009, , , , , , , , , , , , , , , , , , , , , , , , , , , , 
25.8566538, -0.0770428, , , , , , , 25.8566538, -0.0142672, , , , , , , 25.8566538, -0.0025177, , , , , , , 25.8566538, 0.0522011, , , , , , , , , , , , , , , , , , , , , , , , , , , , 
25.8571731, -0.0663005, , , , , , , 25.8571731, -0.0112459, , , , , , , 25.8571731, -0.0025177, , , , , , , 25.8571731, 0.0424659, , , , , , , , , , , , , , , , , , , , , , , , , , , , 
25.8576923, -0.0471656, , , , , , , 25.8576923, -0.0062104, , , , , , , 25.8576923, -0.0045319, , , , , , , 25.8576923, 0.0350805, , , , , , , , , , , , , , , , , , , , , , , , , , , , 
25.8582115, -0.0298772, , , , , , , 25.8582115, -0.0045319, , , , , , , 25.8582115, -0.0045319, , , , , , , 25.8582115, 0.0327306, , , , , , , , , , , , , , , , , , , , , , , , , , , , 
25.8587308, -0.0179599, , , , , , , 25.8587308, -0.0052033, , , , , , , 25.8587308, -0.0035248, , , , , , , 25.8587308, 0.0303807, , , , , , , , , , , , , , , , , , , , , , , , , , , , 
25.85925, -0.0097353, , , , , , , 25.85925, -0.0035248, , , , , , , 25.85925, -0.0035248, , , , , , , 25.85925, 0.026688, , , , , , , , , , , , , , , , , , , , , , , , , , , , 
25.8597692, -0.0028534, , , , , , , 25.8597692, -0.0030213, , , , , , , 25.8597692, -0.0045319, , , , , , , 25.8597692, 0.0236667, , , , , , , , , , , , , , , , , , , , , , , , , , , , 
25.8602885, 0.0038605, , , , , , , 25.8602885, -0.0035248, , , , , , , 25.8602885, -0.0062104, , , , , , , 25.8602885, 0.0209812, , , , , , , , , , , , , , , , , , , , , , , , , , , , 
25.8608077, 0.0025177, , , , , , , 25.8608077, -0.005539, , , , , , , 25.8608077, -0.0075532, , , , , , , 25.8608077, 0.0176242, , , , , , , , , , , , , , , , , , , , , , , , , , , , 
25.8613269, 0.0035248, , , , , , , 25.8613269, -0.0082246, , , , , , , 25.8613269, -0.0075532, , , , , , , 25.8613269, 0.0132601, , , , , , , , , , , , , , , , , , , , , , , , , , , , 
25.8618462, 0.0112459, , , , , , , 25.8618462, -0.0075532, , , , , , , 25.8618462, -0.005539, , , , , , , 25.8618462, 0.0117494, , , , , , , , , , , , , , , , , , , , , , , , , , , , 
25.8623654, 0.0182956, , , , , , , 25.8623654, -0.0075532, , , , , , , 25.8623654, -0.0052033, , , , , , , 25.8623654, 0.0099031, , , , , , , , , , , , , , , , , , , , , , , , , , , , 
25.8628846, 0.0226596, , , , , , , 25.8628846, -0.0085603, , , , , , , 25.8628846, -0.0057069, , , , , , , 25.8628846, 0.0075532, , , , , , , , , , , , , , , , , , , , , , , , , , , , 
25.8634038, 0.0273594, , , , , , , 25.8634038, -0.0085603, , , , , , , 25.8634038, -0.0070497, , , , , , , 25.8634038, 0.0025177, , , , , , , , , , , , , , , , , , , , , , , , , , , , 
25.8639231, 0.0273594, , , , , , , 25.8639231, -0.0109102, , , , , , , 25.8639231, -0.0072175, , , , , , , 25.8639231, 0.0015106, , , , , , , , , , , , , , , , , , , , , , , , , , , , 
25.8644423, 0.0196384, , , , , , , 25.8644423, -0.0125887, , , , , , , 25.8644423, -0.0068818, , , , , , , 25.8644423, 0.0058747, , , , , , , , , , , , , , , , , , , , , , , , , , , , 
25.8649615, 0.0159457, , , , , , , 25.8649615, -0.0090639, , , , , , , 25.8649615, -0.0082246, , , , , , , 25.8649615, 0.0072175, , , , , , , , , , , , , , , , , , , , , , , , , , , , 
25.8654808, 0.01561, , , , , , , 25.8654808, -0.0028534, , , , , , , 25.8654808, -0.0078889, , , , , , , 25.8654808, 0.0043641, , , , , , , , , , , , , , , , , , , , , , , , , , , , 
25.866, 0.0179599, , , , , , , 25.866, 0.0025177, , , , , , , 25.866, -0.005539, , , , , , , 25.866, 0.0016785, , , , , , , , , , , , , , , , , , , , , , , , , , , , 
25.8665192, 0.026688, , , , , , , 25.8665192, 0.0062104, , , , , , , 25.8665192, -0.0048676, , , , , , , 25.8665192, -0.0058747, , , , , , , , , , , , , , , , , , , , , , , , , , , , 
25.8670385, 0.0446479, , , , , , , 25.8670385, 0.0102388, , , , , , , 25.8670385, -0.0062104, , , , , , , 25.8670385, -0.0171206, , , , , , , , , , , , , , , , , , , , , , , , , , , , 
25.8675577, 0.0609293, , , , , , , 25.8675577, 0.0125887, , , , , , , 25.8675577, -0.0085603, , , , , , , 25.8675577, -0.0250095, , , , , , , , , , , , , , , , , , , , , , , , , , , , 
25.8680769, 0.0688182, , , , , , , 25.8680769, 0.0102388, , , , , , , 25.8680769, -0.0095674, , , , , , , 25.8680769, -0.0281987, , , , , , , , , , , , , , , , , , , , , , , , , , , , 
25.8685962, 0.0713359, , , , , , , 25.8685962, 0.0048676, , , , , , , 25.8685962, -0.0105745, , , , , , , 25.8685962, -0.0292058, , , , , , , , , , , , , , , , , , , , , , , , , , , , 
25.8691154, 0.0716716, , , , , , , 25.8691154, -0.002182, , , , , , , 25.8691154, -0.012253, , , , , , , 25.8691154, -0.0297093, , , , , , , , , , , , , , , , , , , , , , , , , , , , 
25.8696346, 0.0683146, , , , , , , 25.8696346, -0.012253, , , , , , , 25.8696346, -0.0119173, , , , , , , 25.8696346, -0.0293736, , , , , , , , , , , , , , , , , , , , , , , , , , , , 
25.8701538, 0.0632792, , , , , , , 25.8701538, -0.0199741, , , , , , , 25.8701538, -0.012253, , , , , , , 25.8701538, -0.0256809, , , , , , , , , , , , , , , , , , , , , , , , , , , , 
25.8706731, 0.054551, , , , , , , 25.8706731, -0.0270237, , , , , , , 25.8706731, -0.01561, , , , , , , 25.8706731, -0.0176242, , , , , , , , , , , , , , , , , , , , , , , , , , , , 
25.8711923, 0.0441444, , , , , , , 25.8711923, -0.0347448, , , , , , , 25.8711923, -0.0152743, , , , , , , 25.8711923, -0.0082246, , , , , , , , , , , , , , , , , , , , , , , , , , , , 
25.8717115, 0.0340734, , , , , , , 25.8717115, -0.0357519, , , , , , , 25.8717115, -0.0119173, , , , , , , 25.8717115, 0.0028534, , , , , , , , , , , , , , , , , , , , , , , , , , , , 
25.8722308, 0.0238346, , , , , , , 25.8722308, -0.0283665, , , , , , , 25.8722308, -0.0092317, , , , , , , 25.8722308, 0.0132601, , , , , , , , , , , , , , , , , , , , , , , , , , , , 
25.87275, 0.0097353, , , , , , , 25.87275, -0.0198062, , , , , , , 25.87275, -0.0068818, , , , , , , 25.87275, 0.0240024, , , , , , , , , , , , , , , , , , , , , , , , , , , , 
25.8732692, -0.0057069, , , , , , , 25.8732692, -0.0135958, , , , , , , 25.8732692, -0.0043641, , , , , , , 25.8732692, 0.0370947, , , , , , , , , , , , , , , , , , , , , , , , , , , , 
25.8737885, -0.0193027, , , , , , , 25.8737885, -0.0102388, , , , , , , 25.8737885, -0.0041962, , , , , , , 25.8737885, 0.0468299, , , , , , , , , , , , , , , , , , , , , , , , , , , , 
25.8743077, -0.0323949, , , , , , , 25.8743077, -0.0095674, , , , , , , 25.8743077, -0.0028534, , , , , , , 25.8743077, 0.0540475, , , , , , , , , , , , , , , , , , , , , , , , , , , , 
25.8748269, -0.0411231, , , , , , , 25.8748269, -0.0095674, , , , , , , 25.8748269, -0.0028534, , , , , , , 25.8748269, 0.0626078, , , , , , , , , , , , , , , , , , , , , , , , , , , , 
25.8753462, -0.0475013, , , , , , , 25.8753462, -0.0092317, , , , , , , 25.8753462, -0.0035248, , , , , , , 25.8753462, 0.0716716, , , , , , , , , , , , , , , , , , , , , , , , , , , , 
25.8758654, -0.051194, , , , , , , 25.8758654, -0.0075532, , , , , , , 25.8758654, -0.0011749, , , , , , , 25.8758654, 0.079057, , , , , , , , , , , , , , , , , , , , , , , , , , , , 
25.8763846, -0.0500191, , , , , , , 25.8763846, -0.0082246, , , , , , , 25.8763846, 0.0011749, , , , , , , 25.8763846, 0.0793927, , , , , , , , , , , , , , , , , , , , , , , , , , , , 
25.8769038, -0.0451514, , , , , , , 25.8769038, -0.0104067, , , , , , , 25.8769038, 0.0018463, , , , , , , 25.8769038, 0.0710002, , , , , , , , , , , , , , , , , , , , , , , , , , , , 
25.8774231, -0.0317235, , , , , , , 25.8774231, -0.0115816, , , , , , , 25.8774231, 0.0008392, , , , , , , 25.8774231, 0.0580758, , , , , , , , , , , , , , , , , , , , , , , , , , , , 
25.8779423, -0.0132601, , , , , , , 25.8779423, -0.0082246, , , , , , , 25.8779423, -0.0025177, , , , , , , 25.8779423, 0.0481727, , , , , , , , , , , , , , , , , , , , , , , , , , , , 
25.8784615, 0.0025177, , , , , , , 25.8784615, -0.0041962, , , , , , , 25.8784615, -0.0048676, , , , , , , 25.8784615, 0.0419623, , , , , , , , , , , , , , , , , , , , , , , , , , , , 
25.8789808, 0.0132601, , , , , , , 25.8789808, -0.0031891, , , , , , , 25.8789808, -0.005539, , , , , , , 25.8789808, 0.0344091, , , , , , , , , , , , , , , , , , , , , , , , , , , , 
25.8795, 0.0193027, , , , , , , 25.8795, -0.0018463, , , , , , , 25.8795, -0.005539, , , , , , , 25.8795, 0.0270237, , , , , , , , , , , , , , , , , , , , , , , , , , , , 
25.8800192, 0.0253452, , , , , , , 25.8800192, -0.0005035, , , , , , , 25.8800192, -0.0045319, , , , , , , 25.8800192, 0.0223239, , , , , , , , , , , , , , , , , , , , , , , , , , , , 
25.8805385, 0.0276951, , , , , , , 25.8805385, -0.0001678, , , , , , , 25.8805385, -0.0025177, , , , , , , 25.8805385, 0.018967, , , , , , , , , , , , , , , , , , , , , , , , , , , , 
25.8810577, 0.0270237, , , , , , , 25.8810577, -0.0020142, , , , , , , 25.8810577, -0.0028534, , , , , , , 25.8810577, 0.0152743, , , , , , , , , , , , , , , , , , , , , , , , , , , , 
25.8815769, 0.0270237, , , , , , , 25.8815769, -0.0068818, , , , , , , 25.8815769, -0.0045319, , , , , , , 25.8815769, 0.0105745, , , , , , , , , , , , , , , , , , , , , , , , , , , , 
25.8820962, 0.0317235, , , , , , , 25.8820962, -0.0125887, , , , , , , 25.8820962, -0.0048676, , , , , , , 25.8820962, 0.0052033, , , , , , , , , , , , , , , , , , , , , , , , , , , , 
25.8826154, 0.0397803, , , , , , , 25.8826154, -0.0124208, , , , , , , 25.8826154, -0.0045319, , , , , , , 25.8826154, 0.0025177, , , , , , , , , , , , , , , , , , , , , , , , , , , , 
25.8831346, 0.0486763, , , , , , , 25.8831346, -0.008896, , , , , , , 25.8831346, -0.0045319, , , , , , , 25.8831346, -0.0001678, , , , , , , , , , , , , , , , , , , , , , , , , , , , 
25.8836538, 0.0547189, , , , , , , 25.8836538, -0.0078889, , , , , , , 25.8836538, -0.0041962, , , , , , , 25.8836538, -0.0028534, , , , , , , , , , , , , , , , , , , , , , , , , , , , 
25.8841731, 0.0552224, , , , , , , 25.8841731, -0.0078889, , , , , , , 25.8841731, -0.0045319, , , , , , , 25.8841731, -0.0028534, , , , , , , , , , , , , , , , , , , , , , , , , , , , 
25.8846923, 0.0501869, , , , , , , 25.8846923, -0.0075532, , , , , , , 25.8846923, -0.005539, , , , , , , 25.8846923, -0.0031891, , , , , , , , , , , , , , , , , , , , , , , , , , , , 
25.8852115, 0.0421302, , , , , , , 25.8852115, -0.0062104, , , , , , , 25.8852115, -0.0072175, , , , , , , 25.8852115, -0.0038605, , , , , , , , , , , , , , , , , , , , , , , , , , , , 
25.8857308, 0.0354162, , , , , , , 25.8857308, -0.0063783, , , , , , , 25.8857308, -0.0099031, , , , , , , 25.8857308, -0.002182, , , , , , , , , , , , , , , , , , , , , , , , , , , , 
25.88625, 0.0345769, , , , , , , 25.88625, -0.0082246, , , , , , , 25.88625, -0.0137636, , , , , , , 25.88625, -0.0041962, , , , , , , , , , , , , , , , , , , , , , , , , , , , 
25.8867692, 0.040116, , , , , , , 25.8867692, -0.0095674, , , , , , , 25.8867692, -0.0137636, , , , , , , 25.8867692, -0.0132601, , , , , , , , , , , , , , , , , , , , , , , , , , , , 
25.8872885, 0.0508583, , , , , , , 25.8872885, -0.0102388, , , , , , , 25.8872885, -0.0125887, , , , , , , 25.8872885, -0.023331, , , , , , , , , , , , , , , , , , , , , , , , , , , , 
25.8878077, 0.054551, , , , , , , 25.8878077, -0.0109102, , , , , , , 25.8878077, -0.0135958, , , , , , , 25.8878077, -0.0283665, , , , , , , , , , , , , , , , , , , , , , , , , , , , 
25.8883269, 0.0533761, , , , , , , 25.8883269, -0.0109102, , , , , , , 25.8883269, -0.0169528, , , , , , , 25.8883269, -0.030045, , , , , , , , , , , , , , , , , , , , , , , , , , , , 
25.8888462, 0.0548867, , , , , , , 25.8888462, -0.0102388, , , , , , , 25.8888462, -0.0199741, , , , , , , 25.8888462, -0.0327306, , , , , , , , , , , , , , , , , , , , , , , , , , , , 
25.8893654, 0.0575723, , , , , , , 25.8893654, -0.0092317, , , , , , , 25.8893654, -0.0209812, , , , , , , 25.8893654, -0.0345769, , , , , , , , , , , , , , , , , , , , , , , , , , , , 
25.8898846, 0.0562295, , , , , , , 25.8898846, -0.0062104, , , , , , , 25.8898846, -0.0203098, , , , , , , 25.8898846, -0.0330663, , , , , , , , , , , , , , , , , , , , , , , , , , , , 
25.8904038, 0.0468299, , , , , , , 25.8904038, -0.0035248, , , , , , , 25.8904038, -0.0203098, , , , , , , 25.8904038, -0.0285344, , , , , , , , , , , , , , , , , , , , , , , , , , , , 
25.8909231, 0.0354162, , , , , , , 25.8909231, -0.0025177, , , , , , , 25.8909231, -0.0203098, , , , , , , 25.8909231, -0.0209812, , , , , , , , , , , , , , , , , , , , , , , , , , , , 
25.8914423, 0.0236667, , , , , , , 25.8914423, -0.0035248, , , , , , , 25.8914423, -0.0159457, , , , , , , 25.8914423, -0.0139315, , , , , , , , , , , , , , , , , , , , , , , , , , , , 
25.8919615, 0.0139315, , , , , , , 25.8919615, -0.0062104, , , , , , , 25.8919615, -0.011078, , , , , , , 25.8919615, -0.0058747, , , , , , , , , , , , , , , , , , , , , , , , , , , , 
25.8924808, 0.0038605, , , , , , , 25.8924808, -0.008896, , , , , , , 25.8924808, -0.0112459, , , , , , , 25.8924808, 0.005539, , , , , , , , , , , , , , , , , , , , , , , , , , , , 
25.893, -0.011078, , , , , , , 25.893, -0.0078889, , , , , , , 25.893, -0.012253, , , , , , , 25.893, 0.0176242, , , , , , , , , , , , , , , , , , , , , , , , , , , , 
25.8935192, -0.0290379, , , , , , , 25.8935192, -0.005539, , , , , , , 25.8935192, -0.008896, , , , , , , 25.8935192, 0.0287022, , , , , , , , , , , , , , , , , , , , , , , , , , , , 
25.8940385, -0.0433051, , , , , , , 25.8940385, -0.002182, , , , , , , 25.8940385, -0.0041962, , , , , , , 25.8940385, 0.0406195, , , , , , , , , , , , , , , , , , , , , , , , , , , , 
25.8945577, -0.0552224, , , , , , , 25.8945577, -0.0028534, , , , , , , 25.8945577, -0.0018463, , , , , , , 25.8945577, 0.0527047, , , , , , , , , , , , , , , , , , , , , , , , , , , , 
25.8950769, -0.0686503, , , , , , , 25.8950769, -0.005539, , , , , , , 25.8950769, -0.0035248, , , , , , , 25.8950769, 0.0582437, , , , , , , , , , , , , , , , , , , , , , , , , , , , 
25.8955962, -0.0797284, , , , , , , 25.8955962, -0.0075532, , , , , , , 25.8955962, -0.0048676, , , , , , , 25.8955962, 0.0582437, , , , , , , , , , , , , , , , , , , , , , , , , , , , 
25.8961154, -0.0827497, , , , , , , 25.8961154, -0.0095674, , , , , , , 25.8961154, -0.0038605, , , , , , , 25.8961154, 0.0587472, , , , , , , , , , , , , , , , , , , , , , , , , , , , 
25.8966346, -0.0757, , , , , , , 25.8966346, -0.010071, , , , , , , 25.8966346, -0.0035248, , , , , , , 25.8966346, 0.0535439, , , , , , , , , , , , , , , , , , , , , , , , , , , , 
25.8971538, -0.0639506, , , , , , , 25.8971538, -0.0085603, , , , , , , 25.8971538, -0.0041962, , , , , , , 25.8971538, 0.040116, , , , , , , , , , , , , , , , , , , , , , , , , , , , 
25.8976731, -0.0506905, , , , , , , 25.8976731, -0.0058747, , , , , , , 25.8976731, -0.0052033, , , , , , , 25.8976731, 0.0287022, , , , , , , , , , , , , , , , , , , , , , , , , , , , 
25.8981923, -0.0377661, , , , , , , 25.8981923, -0.005539, , , , , , , 25.8981923, -0.0068818, , , , , , , 25.8981923, 0.0218204, , , , , , , , , , , , , , , , , , , , , , , , , , , , 
25.8987115, -0.0271916, , , , , , , 25.8987115, -0.0068818, , , , , , , 25.8987115, -0.0095674, , , , , , , 25.8987115, 0.018967, , , , , , , , , , , , , , , , , , , , , , , , , , , , 
25.8992308, -0.0176242, , , , , , , 25.8992308, -0.0075532, , , , , , , 25.8992308, -0.0090639, , , , , , , 25.8992308, 0.0166171, , , , , , , , , , , , , , , , , , , , , , , , , , , , 
25.89975, -0.0090639, , , , , , , 25.89975, -0.0062104, , , , , , , 25.89975, -0.0092317, , , , , , , 25.89975, 0.0159457, , , , , , , , , , , , , , , , , , , , , , , , , , , , 
25.9002692, -0.0005035, , , , , , , 25.9002692, -0.0058747, , , , , , , 25.9002692, -0.0102388, , , , , , , 25.9002692, 0.0146029, , , , , , , , , , , , , , , , , , , , , , , , , , , , 
25.9007885, 0.0063783, , , , , , , 25.9007885, -0.0072175, , , , , , , 25.9007885, -0.008896, , , , , , , 25.9007885, 0.0104067, , , , , , , , , , , , , , , , , , , , , , , , , , , , 
25.9013077, 0.0048676, , , , , , , 25.9013077, -0.0080568, , , , , , , 25.9013077, -0.0082246, , , , , , , 25.9013077, 0.0072175, , , , , , , , , , , , , , , , , , , , , , , , , , , , 
25.9018269, 0.0038605, , , , , , , 25.9018269, -0.0082246, , , , , , , 25.9018269, -0.0087282, , , , , , , 25.9018269, 0.0052033, , , , , , , , , , , , , , , , , , , , , , , , , , , , 
25.9023462, 0.0063783, , , , , , , 25.9023462, -0.0095674, , , , , , , 25.9023462, -0.0072175, , , , , , , 25.9023462, 0.0048676, , , , , , , , , , , , , , , , , , , , , , , , , , , , 
25.9028654, 0.0078889, , , , , , , 25.9028654, -0.0109102, , , , , , , 25.9028654, -0.005539, , , , , , , 25.9028654, 0.0052033, , , , , , , , , , , , , , , , , , , , , , , , , , , , 
25.9033846, 0.0112459, , , , , , , 25.9033846, -0.0109102, , , , , , , 25.9033846, -0.0052033, , , , , , , 25.9033846, 0.0085603, , , , , , , , , , , , , , , , , , , , , , , , , , , , 
25.9039038, 0.0166171, , , , , , , 25.9039038, -0.0105745, , , , , , , 25.9039038, -0.0045319, , , , , , , 25.9039038, 0.0075532, , , , , , , , , , , , , , , , , , , , , , , , , , , , 
25.9044231, 0.0186313, , , , , , , 25.9044231, -0.0109102, , , , , , , 25.9044231, -0.0041962, , , , , , , 25.9044231, -0.002182, , , , , , , , , , , , , , , , , , , , , , , , , , , , 
25.9049423, 0.0149386, , , , , , , 25.9049423, -0.012253, , , , , , , 25.9049423, -0.0041962, , , , , , , 25.9049423, -0.0146029, , , , , , , , , , , , , , , , , , , , , , , , , , , , 
25.9054615, 0.0083925, , , , , , , 25.9054615, -0.0119173, , , , , , , 25.9054615, -0.0043641, , , , , , , 25.9054615, -0.0169528, , , , , , , , , , , , , , , , , , , , , , , , , , , , 
25.9059808, 0.0090639, , , , , , , 25.9059808, -0.0112459, , , , , , , 25.9059808, -0.0072175, , , , , , , 25.9059808, -0.0129244, , , , , , , , , , , , , , , , , , , , , , , , , , , , 
25.9065, 0.0191348, , , , , , , 25.9065, -0.0092317, , , , , , , 25.9065, -0.0082246, , , , , , , 25.9065, -0.0135958, , , , , , , , , , , , , , , , , , , , , , , , , , , , 
25.9070192, 0.0340734, , , , , , , 25.9070192, -0.0075532, , , , , , , 25.9070192, -0.0078889, , , , , , , 25.9070192, -0.0159457, , , , , , , , , , , , , , , , , , , , , , , , , , , , 
25.9075385, 0.0495155, , , , , , , 25.9075385, -0.005539, , , , , , , 25.9075385, -0.0072175, , , , , , , 25.9075385, -0.0149386, , , , , , , , , , , , , , , , , , , , , , , , , , , , 
25.9080577, 0.0626078, , , , , , , 25.9080577, -0.0031891, , , , , , , 25.9080577, -0.0082246, , , , , , , 25.9080577, -0.012253, , , , , , , , , , , , , , , , , , , , , , , , , , , , 
25.9085769, 0.0757, , , , , , , 25.9085769, 0.0085603, , , , , , , 25.9085769, -0.008896, , , , , , , 25.9085769, -0.008896, , , , , , , , , , , , , , , , , , , , , , , , , , , , 
25.9090962, 0.0867781, , , , , , , 25.9090962, 0.0240024, , , , , , , 25.9090962, -0.012253, , , , , , , 25.9090962, -0.0068818, , , , , , , , , , , , , , , , , , , , , , , , , , , , 
25.9096154, 0.0924849, , , , , , , 25.9096154, 0.0317235, , , , , , , 25.9096154, -0.0146029, , , , , , , 25.9096154, -0.0035248, , , , , , , , , , , , , , , , , , , , , , , , , , , , 
25.9101346, 0.0887922, , , , , , , 25.9101346, 0.0256809, , , , , , , 25.9101346, -0.0135958, , , , , , , 25.9101346, 0.002182, , , , , , , , , , , , , , , , , , , , , , , , , , , , 
25.9106538, 0.0743572, , , , , , , 25.9106538, 0.0092317, , , , , , , 25.9106538, -0.012253, , , , , , , 25.9106538, 0.0078889, , , , , , , , , , , , , , , , , , , , , , , , , , , , 
25.9111731, 0.0602579, , , , , , , 25.9111731, -0.0125887, , , , , , , 25.9111731, -0.0109102, , , , , , , 25.9111731, 0.01561, , , , , , , , , , , , , , , , , , , , , , , , , , , , 
25.9116923, 0.0500191, , , , , , , 25.9116923, -0.0283665, , , , , , , 25.9116923, -0.0104067, , , , , , , 25.9116923, 0.0240024, , , , , , , , , , , , , , , , , , , , , , , , , , , , 
25.9122115, 0.0377661, , , , , , , 25.9122115, -0.0370947, , , , , , , 25.9122115, -0.0102388, , , , , , , 25.9122115, 0.0256809, , , , , , , , , , , , , , , , , , , , , , , , , , , , 
25.9127308, 0.0253452, , , , , , , 25.9127308, -0.0468299, , , , , , , 25.9127308, -0.0078889, , , , , , , 25.9127308, 0.0253452, , , , , , , , , , , , , , , , , , , , , , , , , , , , 
25.91325, 0.0112459, , , , , , , 25.91325, -0.0532082, , , , , , , 25.91325, -0.005539, , , , , , , 25.91325, 0.0317235, , , , , , , , , , , , , , , , , , , , , , , , , , , , 
25.9137692, -0.0028534, , , , , , , 25.9137692, -0.0451514, , , , , , , 25.9137692, -0.0045319, , , , , , , 25.9137692, 0.0417945, , , , , , , , , , , , , , , , , , , , , , , , , , , , 
25.9142885, -0.0146029, , , , , , , 25.9142885, -0.0276951, , , , , , , 25.9142885, -0.0035248, , , , , , , 25.9142885, 0.0501869, , , , , , , , , , , , , , , , , , , , , , , , , , , , 
25.9148077, -0.0327306, , , , , , , 25.9148077, -0.0169528, , , , , , , 25.9148077, -0.0028534, , , , , , , 25.9148077, 0.0548867, , , , , , , , , , , , , , , , , , , , , , , , , , , , 
25.9153269, -0.0498512, , , , , , , 25.9153269, -0.0146029, , , , , , , 25.9153269, -0.0045319, , , , , , , 25.9153269, 0.054551, , , , , , , , , , , , , , , , , , , , , , , , , , , , 
25.9158462, -0.056733, , , , , , , 25.9158462, -0.0129244, , , , , , , 25.9158462, -0.0068818, , , , , , , 25.9158462, 0.0528725, , , , , , , , , , , , , , , , , , , , , , , , , , , , 
25.9163654, -0.0518654, , , , , , , 25.9163654, -0.0085603, , , , , , , 25.9163654, -0.0062104, , , , , , , 25.9163654, 0.0508583, , , , , , , , , , , , , , , , , , , , , , , , , , , , 
25.9168846, -0.0392767, , , , , , , 25.9168846, -0.005539, , , , , , , 25.9168846, -0.0035248, , , , , , , 25.9168846, 0.0421302, , , , , , , , , , , , , , , , , , , , , , , , , , , , 
25.9174038, -0.0270237, , , , , , , 25.9174038, -0.0041962, , , , , , , 25.9174038, -0.0028534, , , , , , , 25.9174038, 0.0292058, , , , , , , , , , , , , , , , , , , , , , , , , , , , 
25.9179231, -0.0213169, , , , , , , 25.9179231, -0.0028534, , , , , , , 25.9179231, -0.005539, , , , , , , 25.9179231, 0.0213169, , , , , , , , , , , , , , , , , , , , , , , , , , , , 
25.9184423, -0.0176242, , , , , , , 25.9184423, -0.0035248, , , , , , , 25.9184423, -0.0082246, , , , , , , 25.9184423, 0.0172885, , , , , , , , , , , , , , , , , , , , , , , , , , , , 
25.9189615, -0.0107424, , , , , , , 25.9189615, -0.0035248, , , , , , , 25.9189615, -0.0085603, , , , , , , 25.9189615, 0.0132601, , , , , , , , , , , , , , , , , , , , , , , , , , , , 
25.9194808, -0.0031891, , , , , , , 25.9194808, -0.0015106, , , , , , , 25.9194808, -0.0082246, , , , , , , 25.9194808, 0.0112459, , , , , , , , , , , , , , , , , , , , , , , , , , , , 
25.92, 0.0045319, , , , , , , 25.92, 0.0011749, , , , , , , 25.92, -0.0082246, , , , , , , 25.92, 0.0112459, , , , , , , , , , , , , , , , , , , , , , , , , , , , 
25.9205192, 0.0105745, , , , , , , 25.9205192, 0.0011749, , , , , , , 25.9205192, -0.0078889, , , , , , , 25.9205192, 0.0105745, , , , , , , , , , , , , , , , , , , , , , , , , , , , 
25.9210385, 0.0179599, , , , , , , 25.9210385, -0.0018463, , , , , , , 25.9210385, -0.0062104, , , , , , , 25.9210385, 0.0125887, , , , , , , , , , , , , , , , , , , , , , , , , , , , 
25.9215577, 0.023331, , , , , , , 25.9215577, -0.0041962, , , , , , , 25.9215577, -0.0048676, , , , , , , 25.9215577, 0.0139315, , , , , , , , , , , , , , , , , , , , , , , , , , , , 
25.9220769, 0.0246738, , , , , , , 25.9220769, -0.0041962, , , , , , , 25.9220769, -0.0058747, , , , , , , 25.9220769, 0.0105745, , , , , , , , , , , , , , , , , , , , , , , , , , , , 
25.9225962, 0.0229953, , , , , , , 25.9225962, -0.0023499, , , , , , , 25.9225962, -0.0077211, , , , , , , 25.9225962, 0.0050355, , , , , , , , , , , , , , , , , , , , , , , , , , , , 
25.9231154, 0.0218204, , , , , , , 25.9231154, 0.0023499, , , , , , , 25.9231154, -0.0092317, , , , , , , 25.9231154, 0.0001678, , , , , , , , , , , , , , , , , , , , , , , , , , , , 
25.9236346, 0.0236667, , , , , , , 25.9236346, 0.0030213, , , , , , , 25.9236346, -0.0090639, , , , , , , 25.9236346, -0.0015106, , , , , , , , , , , , , , , , , , , , , , , , , , , , 
25.9241538, 0.0253452, , , , , , , 25.9241538, -0.0011749, , , , , , , 25.9241538, -0.0095674, , , , , , , 25.9241538, -0.0018463, , , , , , , , , , , , , , , , , , , , , , , , , , , , 
25.9246731, 0.0236667, , , , , , , 25.9246731, -0.0035248, , , , , , , 25.9246731, -0.008896, , , , , , , 25.9246731, -0.0018463, , , , , , , , , , , , , , , , , , , , , , , , , , , , 
25.9251923, 0.0213169, , , , , , , 25.9251923, -0.0041962, , , , , , , 25.9251923, -0.0085603, , , , , , , 25.9251923, 0.0005035, , , , , , , , , , , , , , , , , , , , , , , , , , , , 
25.9257115, 0.0231632, , , , , , , 25.9257115, -0.005539, , , , , , , 25.9257115, -0.008896, , , , , , , 25.9257115, 0.0058747, , , , , , , , , , , , , , , , , , , , , , , , , , , , 
25.9262308, 0.0310521, , , , , , , 25.9262308, -0.0068818, , , , , , , 25.9262308, -0.0070497, , , , , , , 25.9262308, 0.0080568, , , , , , , , , , , , , , , , , , , , , , , , , , , , 
25.92675, 0.0441444, , , , , , , 25.92675, -0.0078889, , , , , , , 25.92675, -0.0065461, , , , , , , 25.92675, 0.0018463, , , , , , , , , , , , , , , , , , , , , , , , , , , , 
25.9272692, 0.0584115, , , , , , , 25.9272692, -0.0075532, , , , , , , 25.9272692, -0.0070497, , , , , , , 25.9272692, -0.0092317, , , , , , , , , , , , , , , , , , , , , , , , , , , , 
25.9277885, 0.072343, , , , , , , 25.9277885, -0.0058747, , , , , , , 25.9277885, -0.0095674, , , , , , , 25.9277885, -0.0157778, , , , , , , , , , , , , , , , , , , , , , , , , , , , 
25.9283077, 0.079057, , , , , , , 25.9283077, -0.0035248, , , , , , , 25.9283077, -0.0117494, , , , , , , 25.9283077, -0.0179599, , , , , , , , , , , , , , , , , , , , , , , , , , , , 
25.9288269, 0.0770428, , , , , , , 25.9288269, -0.0015106, , , , , , , 25.9288269, -0.0115816, , , , , , , 25.9288269, -0.0181277, , , , , , , , , , , , , , , , , , , , , , , , , , , , 
25.9293462, 0.0693217, , , , , , , 25.9293462, -0.0015106, , , , , , , 25.9293462, -0.011078, , , , , , , 25.9293462, -0.0191348, , , , , , , , , , , , , , , , , , , , , , , , , , , , 
25.9298654, 0.0616007, , , , , , , 25.9298654, -0.0035248, , , , , , , 25.9298654, -0.0112459, , , , , , , 25.9298654, -0.0203098, , , , , , , , , , , , , , , , , , , , , , , , , , , , 
25.9303846, 0.0475013, , , , , , , 25.9303846, -0.0041962, , , , , , , 25.9303846, -0.0099031, , , , , , , 25.9303846, -0.0162814, , , , , , , , , , , , , , , , , , , , , , , , , , , , 
25.9309038, 0.0298772, , , , , , , 25.9309038, -0.0045319, , , , , , , 25.9309038, -0.0099031, , , , , , , 25.9309038, -0.0092317, , , , , , , , , , , , , , , , , , , , , , , , , , , , 
25.9314231, 0.0182956, , , , , , , 25.9314231, -0.0068818, , , , , , , 25.9314231, -0.0109102, , , , , , , 25.9314231, -0.002182, , , , , , , , , , , , , , , , , , , , , , , , , , , , 
25.9319423, 0.0092317, , , , , , , 25.9319423, -0.0082246, , , , , , , 25.9319423, -0.0104067, , , , , , , 25.9319423, 0.0035248, , , , , , , , , , , , , , , , , , , , , , , , , , , , 
25.9324615, 0.0031891, , , , , , , 25.9324615, -0.0095674, , , , , , , 25.9324615, -0.0105745, , , , , , , 25.9324615, 0.0104067, , , , , , , , , , , , , , , , , , , , , , , , , , , , 
25.9329808, 0.0005035, , , , , , , 25.9329808, -0.0112459, , , , , , , 25.9329808, -0.0102388, , , , , , , 25.9329808, 0.0191348, , , , , , , , , , , , , , , , , , , , , , , , , , , , 
25.9335, -0.0028534, , , , , , , 25.9335, -0.011078, , , , , , , 25.9335, -0.0085603, , , , , , , 25.9335, 0.026688, , , , , , , , , , , , , , , , , , , , , , , , , , , , 
25.9340192, -0.0124208, , , , , , , 25.9340192, -0.0099031, , , , , , , 25.9340192, -0.0045319, , , , , , , 25.9340192, 0.0313878, , , , , , , , , , , , , , , , , , , , , , , , , , , , 
25.9345385, -0.0240024, , , , , , , 25.9345385, -0.0095674, , , , , , , 25.9345385, -0.0018463, , , , , , , 25.9345385, 0.0347448, , , , , , , , , , , , , , , , , , , , , , , , , , , , 
25.9350577, -0.033402, , , , , , , 25.9350577, -0.0082246, , , , , , , 25.9350577, -0.0035248, , , , , , , 25.9350577, 0.0354162, , , , , , , , , , , , , , , , , , , , , , , , , , , , 
25.9355769, -0.040116, , , , , , , 25.9355769, -0.0065461, , , , , , , 25.9355769, -0.0031891, , , , , , , 25.9355769, 0.0364233, , , , , , , , , , , , , , , , , , , , , , , , , , , , 
25.9360962, -0.0433051, , , , , , , 25.9360962, -0.0045319, , , , , , , 25.9360962, -0.0031891, , , , , , , 25.9360962, 0.0392767, , , , , , , , , , , , , , , , , , , , , , , , , , , , 
25.9366154, -0.0409552, , , , , , , 25.9366154, -0.0041962, , , , , , , 25.9366154, -0.0041962, , , , , , , 25.9366154, 0.040116, , , , , , , , , , , , , , , , , , , , , , , , , , , , 
25.9371346, -0.0325628, , , , , , , 25.9371346, -0.0068818, , , , , , , 25.9371346, -0.0065461, , , , , , , 25.9371346, 0.033402, , , , , , , , , , , , , , , , , , , , , , , , , , , , 
25.9376538, -0.0159457, , , , , , , 25.9376538, -0.0085603, , , , , , , 25.9376538, -0.0083925, , , , , , , 25.9376538, 0.0240024, , , , , , , , , , , , , , , , , , , , , , , , , , , , 
25.9381731, 0.0016785, , , , , , , 25.9381731, -0.0082246, , , , , , , 25.9381731, -0.0070497, , , , , , , 25.9381731, 0.0176242, , , , , , , , , , , , , , , , , , , , , , , , , , , , 
25.9386923, 0.0149386, , , , , , , 25.9386923, -0.0068818, , , , , , , 25.9386923, -0.0031891, , , , , , , 25.9386923, 0.0146029, , , , , , , , , , , , , , , , , , , , , , , , , , , , 
25.9392115, 0.023331, , , , , , , 25.9392115, -0.0072175, , , , , , , 25.9392115, -0.0011749, , , , , , , 25.9392115, 0.0132601, , , , , , , , , , , , , , , , , , , , , , , , , , , , 
25.9397308, 0.0280308, , , , , , , 25.9397308, -0.0087282, , , , , , , 25.9397308, -0.0031891, , , , , , , 25.9397308, 0.0102388, , , , , , , , , , , , , , , , , , , , , , , , , , , , 
25.94025, 0.0347448, , , , , , , 25.94025, -0.0085603, , , , , , , 25.94025, -0.0068818, , , , , , , 25.94025, 0.0065461, , , , , , , , , , , , , , , , , , , , , , , , , , , , 
25.9407692, 0.0428016, , , , , , , 25.9407692, -0.0072175, , , , , , , 25.9407692, -0.0082246, , , , , , , 25.9407692, 0.0028534, , , , , , , , , , , , , , , , , , , , , , , , , , , , 
25.9412885, 0.0518654, , , , , , , 25.9412885, -0.0068818, , , , , , , 25.9412885, -0.0078889, , , , , , , 25.9412885, 0.0018463, , , , , , , , , , , , , , , , , , , , , , , , , , , , 
25.9418077, 0.0535439, , , , , , , 25.9418077, -0.0092317, , , , , , , 25.9418077, -0.0082246, , , , , , , 25.9418077, 0.0031891, , , , , , , , , , , , , , , , , , , , , , , , , , , , 
25.9423269, 0.0508583, , , , , , , 25.9423269, -0.0124208, , , , , , , 25.9423269, -0.0102388, , , , , , , 25.9423269, 0.0041962, , , , , , , , , , , , , , , , , , , , , , , , , , , , 
25.9428462, 0.0498512, , , , , , , 25.9428462, -0.0139315, , , , , , , 25.9428462, -0.0095674, , , , , , , 25.9428462, 0.0035248, , , , , , , , , , , , , , , , , , , , , , , , , , , , 
25.9433654, 0.0493477, , , , , , , 25.9433654, -0.0130922, , , , , , , 25.9433654, -0.0082246, , , , , , , 25.9433654, 0.0031891, , , , , , , , , , , , , , , , , , , , , , , , , , , , 
25.9438846, 0.0498512, , , , , , , 25.9438846, -0.011078, , , , , , , 25.9438846, -0.0085603, , , , , , , 25.9438846, 0.0031891, , , , , , , , , , , , , , , , , , , , , , , , , , , , 
25.9444038, 0.0518654, , , , , , , 25.9444038, -0.0109102, , , , , , , 25.9444038, -0.0109102, , , , , , , 25.9444038, 0.0031891, , , , , , , , , , , , , , , , , , , , , , , , , , , , 
25.9449231, 0.0495155, , , , , , , 25.9449231, -0.012253, , , , , , , 25.9449231, -0.0115816, , , , , , , 25.9449231, 0.0035248, , , , , , , , , , , , , , , , , , , , , , , , , , , , 
25.9454423, 0.0458228, , , , , , , 25.9454423, -0.012253, , , , , , , 25.9454423, -0.0099031, , , , , , , 25.9454423, 0.0025177, , , , , , , , , , , , , , , , , , , , , , , , , , , , 
25.9459615, 0.0454871, , , , , , , 25.9459615, -0.012253, , , , , , , 25.9459615, -0.0078889, , , , , , , 25.9459615, -0.0015106, , , , , , , , , , , , , , , , , , , , , , , , , , , , 
25.9464808, 0.0528725, , , , , , , 25.9464808, -0.012253, , , , , , , 25.9464808, -0.0073854, , , , , , , 25.9464808, -0.0109102, , , , , , , , , , , , , , , , , , , , , , , , , , , , 
25.947, 0.066804, , , , , , , 25.947, -0.0085603, , , , , , , 25.947, -0.0092317, , , , , , , 25.947, -0.0226596, , , , , , , , , , , , , , , , , , , , , , , , , , , , 
25.9475192, 0.0763714, , , , , , , 25.9475192, -0.0028534, , , , , , , 25.9475192, -0.012253, , , , , , , 25.9475192, -0.0297093, , , , , , , , , , , , , , , , , , , , , , , , , , , , 
25.9480385, 0.0814069, , , , , , , 25.9480385, -0.0005035, , , , , , , 25.9480385, -0.0139315, , , , , , , 25.9480385, -0.0323949, , , , , , , , , , , , , , , , , , , , , , , , , , , , 
25.9485577, 0.0844282, , , , , , , 25.9485577, -0.0028534, , , , , , , 25.9485577, -0.0139315, , , , , , , 25.9485577, -0.0323949, , , , , , , , , , , , , , , , , , , , , , , , , , , , 
25.9490769, 0.0877852, , , , , , , 25.9490769, -0.0058747, , , , , , , 25.9490769, -0.012253, , , , , , , 25.9490769, -0.0290379, , , , , , , , , , , , , , , , , , , , , , , , , , , , 
25.9495962, 0.082414, , , , , , , 25.9495962, -0.0063783, , , , , , , 25.9495962, -0.0112459, , , , , , , 25.9495962, -0.0219883, , , , , , , , , , , , , , , , , , , , , , , , , , , , 
25.9501154, 0.0733501, , , , , , , 25.9501154, -0.0072175, , , , , , , 25.9501154, -0.0129244, , , , , , , 25.9501154, -0.0154421, , , , , , , , , , , , , , , , , , , , , , , , , , , , 
25.9506346, 0.0676432, , , , , , , 25.9506346, -0.0083925, , , , , , , 25.9506346, -0.0142672, , , , , , , 25.9506346, -0.0099031, , , , , , , , , , , , , , , , , , , , , , , , , , , , 
25.9511538, 0.0642863, , , , , , , 25.9511538, -0.0068818, , , , , , , 25.9511538, -0.0115816, , , , , , , 25.9511538, -0.0025177, , , , , , , , , , , , , , , , , , , , , , , , , , , , 
25.9516731, 0.0609293, , , , , , , 25.9516731, -0.0041962, , , , , , , 25.9516731, -0.0092317, , , , , , , 25.9516731, 0.0082246, , , , , , , , , , , , , , , , , , , , , , , , , , , , 
25.9521923, 0.051194, , , , , , , 25.9521923, -0.0041962, , , , , , , 25.9521923, -0.0085603, , , , , , , 25.9521923, 0.0198062, , , , , , , , , , , , , , , , , , , , , , , , , , , , 
25.9527115, 0.0345769, , , , , , , 25.9527115, -0.005539, , , , , , , 25.9527115, -0.0085603, , , , , , , 25.9527115, 0.0320592, , , , , , , , , , , , , , , , , , , , , , , , , , , , 
25.9532308, 0.0146029, , , , , , , 25.9532308, -0.0075532, , , , , , , 25.9532308, -0.0063783, , , , , , , 25.9532308, 0.0461585, , , , , , , , , , , , , , , , , , , , , , , , , , , , 
25.95375, -0.0035248, , , , , , , 25.95375, -0.0105745, , , , , , , 25.95375, -0.0028534, , , , , , , 25.95375, 0.0575723, , , , , , , , , , , , , , , , , , , , , , , , , , , , 
25.9542692, -0.0161135, , , , , , , 25.9542692, -0.0109102, , , , , , , 25.9542692, -0.0001678, , , , , , , 25.9542692, 0.0642863, , , , , , , , , , , , , , , , , , , , , , , , , , , , 
25.9547885, -0.0260166, , , , , , , 25.9547885, -0.0095674, , , , , , , 25.9547885, -0.0003357, , , , , , , 25.9547885, 0.0683146, , , , , , , , , , , , , , , , , , , , , , , , , , , , 
25.9553077, -0.0438087, , , , , , , 25.9553077, -0.0083925, , , , , , , 25.9553077, -0.0018463, , , , , , , 25.9553077, 0.0699931, , , , , , , , , , , , , , , , , , , , , , , , , , , , 
25.9558269, -0.0636149, , , , , , , 25.9558269, -0.0077211, , , , , , , 25.9558269, -0.0008392, , , , , , , 25.9558269, 0.0726787, , , , , , , , , , , , , , , , , , , , , , , , , , , , 
25.9563462, -0.0763714, , , , , , , 25.9563462, -0.0082246, , , , , , , 25.9563462, 0.0003357, , , , , , , 25.9563462, 0.0720073, , , , , , , , , , , , , , , , , , , , , , , , , , , , 
25.9568654, -0.0760357, , , , , , , 25.9568654, -0.0082246, , , , , , , 25.9568654, 0.0005035, , , , , , , 25.9568654, 0.0652934, , , , , , , , , , , , , , , , , , , , , , , , , , , , 
25.9573846, -0.0661326, , , , , , , 25.9573846, -0.0095674, , , , , , , 25.9573846, 0.0008392, , , , , , , 25.9573846, 0.0532082, , , , , , , , , , , , , , , , , , , , , , , , , , , , 
25.9579038, -0.0552224, , , , , , , 25.9579038, -0.0109102, , , , , , , 25.9579038, 0.0026856, , , , , , , 25.9579038, 0.0424659, , , , , , , , , , , , , , , , , , , , , , , , , , , , 
25.9584231, -0.0475013, , , , , , , 25.9584231, -0.0099031, , , , , , , 25.9584231, 0.0030213, , , , , , , 25.9584231, 0.0357519, , , , , , , , , , , , , , , , , , , , , , , , , , , , 
25.9589423, -0.0411231, , , , , , , 25.9589423, -0.0082246, , , , , , , 25.9589423, 0.0011749, , , , , , , 25.9589423, 0.0327306, , , , , , , , , , , , , , , , , , , , , , , , , , , , 
25.9594615, -0.0337377, , , , , , , 25.9594615, -0.008896, , , , , , , 25.9594615, -0.0008392, , , , , , , 25.9594615, 0.0280308, , , , , , , , , , , , , , , , , , , , , , , , , , , , 
25.9599808, -0.0270237, , , , , , , 25.9599808, -0.0102388, , , , , , , 25.9599808, -0.0041962, , , , , , , 25.9599808, 0.0216526, , , , , , , , , , , , , , , , , , , , , , , , , , , , 
25.9605, -0.0204776, , , , , , , 25.9605, -0.0095674, , , , , , , 25.9605, -0.0075532, , , , , , , 25.9605, 0.0186313, , , , , , , , , , , , , , , , , , , , , , , , , , , , 
25.9610192, -0.012253, , , , , , , 25.9610192, -0.0085603, , , , , , , 25.9610192, -0.0092317, , , , , , , 25.9610192, 0.0159457, , , , , , , , , , , , , , , , , , , , , , , , , , , , 
25.9615385, -0.0041962, , , , , , , 25.9615385, -0.0095674, , , , , , , 25.9615385, -0.0085603, , , , , , , 25.9615385, 0.0129244, , , , , , , , , , , , , , , , , , , , , , , , , , , , 
25.9620577, 0, , , , , , , 25.9620577, -0.0109102, , , , , , , 25.9620577, -0.0109102, , , , , , , 25.9620577, 0.0102388, , , , , , , , , , , , , , , , , , , , , , , , , , , , 
25.9625769, -0.0018463, , , , , , , 25.9625769, -0.0085603, , , , , , , 25.9625769, -0.012253, , , , , , , 25.9625769, 0.0062104, , , , , , , , , , , , , , , , , , , , , , , , , , , , 
25.9630962, -0.0038605, , , , , , , 25.9630962, -0.0085603, , , , , , , 25.9630962, -0.0119173, , , , , , , 25.9630962, 0.0025177, , , , , , , , , , , , , , , , , , , , , , , , , , , , 
25.9636154, -0.0031891, , , , , , , 25.9636154, -0.008896, , , , , , , 25.9636154, -0.0112459, , , , , , , 25.9636154, -0.0008392, , , , , , , , , , , , , , , , , , , , , , , , , , , , 
25.9641346, 0.0015106, , , , , , , 25.9641346, -0.0075532, , , , , , , 25.9641346, -0.012253, , , , , , , 25.9641346, -0.0018463, , , , , , , , , , , , , , , , , , , , , , , , , , , , 
25.9646538, 0.0031891, , , , , , , 25.9646538, -0.0062104, , , , , , , 25.9646538, -0.0115816, , , , , , , 25.9646538, 0.0008392, , , , , , , , , , , , , , , , , , , , , , , , , , , , 
25.9651731, -0.0025177, , , , , , , 25.9651731, -0.0062104, , , , , , , 25.9651731, -0.0125887, , , , , , , 25.9651731, 0.0035248, , , , , , , , , , , , , , , , , , , , , , , , , , , , 
25.9656923, -0.008896, , , , , , , 25.9656923, -0.0062104, , , , , , , 25.9656923, -0.0140993, , , , , , , 25.9656923, 0.0031891, , , , , , , , , , , , , , , , , , , , , , , , , , , , 
25.9662115, -0.0065461, , , , , , , 25.9662115, -0.0062104, , , , , , , 25.9662115, -0.0135958, , , , , , , 25.9662115, 0.002182, , , , , , , , , , , , , , , , , , , , , , , , , , , , 
25.9667308, 0.0090639, , , , , , , 25.9667308, -0.005539, , , , , , , 25.9667308, -0.0129244, , , , , , , 25.9667308, -0.0030213, , , , , , , , , , , , , , , , , , , , , , , , , , , , 
25.96725, 0.0297093, , , , , , , 25.96725, -0.005539, , , , , , , 25.96725, -0.0139315, , , , , , , 25.96725, -0.0127565, , , , , , , , , , , , , , , , , , , , , , , , , , , , 
25.9677692, 0.0399481, , , , , , , 25.9677692, -0.0052033, , , , , , , 25.9677692, -0.0149386, , , , , , , 25.9677692, -0.018967, , , , , , , , , , , , , , , , , , , , , , , , , , , , 
25.9682885, 0.0448157, , , , , , , 25.9682885, -0.0048676, , , , , , , 25.9682885, -0.0142672, , , , , , , 25.9682885, -0.018967, , , , , , , , , , , , , , , , , , , , , , , , , , , , 
25.9688077, 0.0461585, , , , , , , 25.9688077, -0.0038605, , , , , , , 25.9688077, -0.0132601, , , , , , , 25.9688077, -0.0157778, , , , , , , , , , , , , , , , , , , , , , , , , , , , 
25.9693269, 0.0431373, , , , , , , 25.9693269, -0.003357, , , , , , , 25.9693269, -0.012253, , , , , , , 25.9693269, -0.0112459, , , , , , , , , , , , , , , , , , , , , , , , , , , , 
25.9698462, 0.036759, , , , , , , 25.9698462, -0.0041962, , , , , , , 25.9698462, -0.0115816, , , , , , , 25.9698462, -0.0052033, , , , , , , , , , , , , , , , , , , , , , , , , , , , 
25.9703654, 0.0273594, , , , , , , 25.9703654, -0.0058747, , , , , , , 25.9703654, -0.0125887, , , , , , , 25.9703654, 0.0018463, , , , , , , , , , , , , , , , , , , , , , , , , , , , 
25.9708846, 0.0142672, , , , , , , 25.9708846, -0.0072175, , , , , , , 25.9708846, -0.0125887, , , , , , , 25.9708846, 0.0072175, , , , , , , , , , , , , , , , , , , , , , , , , , , , 
25.9714038, 0.0001678, , , , , , , 25.9714038, -0.0082246, , , , , , , 25.9714038, -0.0107424, , , , , , , 25.9714038, 0.0132601, , , , , , , , , , , , , , , , , , , , , , , , , , , , 
25.9719231, -0.0137636, , , , , , , 25.9719231, -0.0095674, , , , , , , 25.9719231, -0.008896, , , , , , , 25.9719231, 0.0203098, , , , , , , , , , , , , , , , , , , , , , , , , , , , 
25.9724423, -0.0251774, , , , , , , 25.9724423, -0.0095674, , , , , , , 25.9724423, -0.0095674, , , , , , , 25.9724423, 0.0273594, , , , , , , , , , , , , , , , , , , , , , , , , , , , 
25.9729615, -0.0320592, , , , , , , 25.9729615, -0.0082246, , , , , , , 25.9729615, -0.0090639, , , , , , , 25.9729615, 0.0330663, , , , , , , , , , , , , , , , , , , , , , , , , , , , 
25.9734808, -0.0384375, , , , , , , 25.9734808, -0.0075532, , , , , , , 25.9734808, -0.0075532, , , , , , , 25.9734808, 0.040116, , , , , , , , , , , , , , , , , , , , , , , , , , , , 
25.974, -0.0424659, , , , , , , 25.974, -0.0075532, , , , , , , 25.974, -0.0068818, , , , , , , 25.974, 0.0481727, , , , , , , , , , , , , , , , , , , , , , , , , , , , 
25.9745192, -0.0485084, , , , , , , 25.9745192, -0.0082246, , , , , , , 25.9745192, -0.0068818, , , , , , , 25.9745192, 0.054551, , , , , , , , , , , , , , , , , , , , , , , , , , , , 
25.9750385, -0.0552224, , , , , , , 25.9750385, -0.008896, , , , , , , 25.9750385, -0.0035248, , , , , , , 25.9750385, 0.0592508, , , , , , , , , , , , , , , , , , , , , , , , , , , , 
25.9755577, -0.0626078, , , , , , , 25.9755577, -0.0070497, , , , , , , 25.9755577, -0.0003357, , , , , , , 25.9755577, 0.0626078, , , , , , , , , , , , , , , , , , , , , , , , , , , , 
25.9760769, -0.066804, , , , , , , 25.9760769, -0.0062104, , , , , , , 25.9760769, -0.0001678, , , , , , , 25.9760769, 0.0621042, , , , , , , , , , , , , , , , , , , , , , , , , , , , 
25.9765962, -0.0629435, , , , , , , 25.9765962, -0.0062104, , , , , , , 25.9765962, -0.0031891, , , , , , , 25.9765962, 0.0538796, , , , , , , , , , , , , , , , , , , , , , , , , , , , 
25.9771154, -0.0475013, , , , , , , 25.9771154, -0.0063783, , , , , , , 25.9771154, -0.0048676, , , , , , , 25.9771154, 0.0404517, , , , , , , , , , , , , , , , , , , , , , , , , , , , 
25.9776346, -0.0287022, , , , , , , 25.9776346, -0.0068818, , , , , , , 25.9776346, -0.0041962, , , , , , , 25.9776346, 0.0307164, , , , , , , , , , , , , , , , , , , , , , , , , , , , 
25.9781538, -0.0191348, , , , , , , 25.9781538, -0.0087282, , , , , , , 25.9781538, -0.0043641, , , , , , , 25.9781538, 0.0250095, , , , , , , , , , , , , , , , , , , , , , , , , , , , 
25.9786731, -0.0134279, , , , , , , 25.9786731, -0.008896, , , , , , , 25.9786731, -0.0062104, , , , , , , 25.9786731, 0.0193027, , , , , , , , , , , , , , , , , , , , , , , , , , , , 
25.9791923, -0.0063783, , , , , , , 25.9791923, -0.0075532, , , , , , , 25.9791923, -0.0075532, , , , , , , 25.9791923, 0.0139315, , , , , , , , , , , , , , , , , , , , , , , , , , , , 
25.9797115, -0.0006714, , , , , , , 25.9797115, -0.0062104, , , , , , , 25.9797115, -0.0085603, , , , , , , 25.9797115, 0.0085603, , , , , , , , , , , , , , , , , , , , , , , , , , , , 
25.9802308, 0.0052033, , , , , , , 25.9802308, -0.0063783, , , , , , , 25.9802308, -0.0105745, , , , , , , 25.9802308, 0.0038605, , , , , , , , , , , , , , , , , , , , , , , , , , , , 
25.98075, 0.0132601, , , , , , , 25.98075, -0.0058747, , , , , , , 25.98075, -0.0112459, , , , , , , 25.98075, 0.0008392, , , , , , , , , , , , , , , , , , , , , , , , , , , , 
25.9812692, 0.0229953, , , , , , , 25.9812692, -0.0028534, , , , , , , 25.9812692, -0.0109102, , , , , , , 25.9812692, -0.002182, , , , , , , , , , , , , , , , , , , , , , , , , , , , 
25.9817885, 0.030045, , , , , , , 25.9817885, -0.0018463, , , , , , , 25.9817885, -0.0125887, , , , , , , 25.9817885, -0.0057069, , , , , , , , , , , , , , , , , , , , , , , , , , , , 
25.9823077, 0.030045, , , , , , , 25.9823077, -0.0041962, , , , , , , 25.9823077, -0.0135958, , , , , , , 25.9823077, -0.0082246, , , , , , , , , , , , , , , , , , , , , , , , , , , , 
25.9828269, 0.0310521, , , , , , , 25.9828269, -0.0075532, , , , , , , 25.9828269, -0.0115816, , , , , , , 25.9828269, -0.0075532, , , , , , , , , , , , , , , , , , , , , , , , , , , , 
25.9833462, 0.036759, , , , , , , 25.9833462, -0.0082246, , , , , , , 25.9833462, -0.012253, , , , , , , 25.9833462, -0.0046998, , , , , , , , , , , , , , , , , , , , , , , , , , , , 
25.9838654, 0.0428016, , , , , , , 25.9838654, -0.0062104, , , , , , , 25.9838654, -0.0119173, , , , , , , 25.9838654, -0.0065461, , , , , , , , , , , , , , , , , , , , , , , , , , , , 
25.9843846, 0.0441444, , , , , , , 25.9843846, -0.0062104, , , , , , , 25.9843846, -0.0119173, , , , , , , 25.9843846, -0.0102388, , , , , , , , , , , , , , , , , , , , , , , , , , , , 
25.9849038, 0.0468299, , , , , , , 25.9849038, -0.0073854, , , , , , , 25.9849038, -0.0119173, , , , , , , 25.9849038, -0.0097353, , , , , , , , , , , , , , , , , , , , , , , , , , , , 
25.9854231, 0.0515297, , , , , , , 25.9854231, -0.0077211, , , , , , , 25.9854231, -0.0109102, , , , , , , 25.9854231, -0.0063783, , , , , , , , , , , , , , , , , , , , , , , , , , , , 
25.9859423, 0.0533761, , , , , , , 25.9859423, -0.0090639, , , , , , , 25.9859423, -0.0095674, , , , , , , 25.9859423, -0.0048676, , , , , , , , , , , , , , , , , , , , , , , , , , , , 
25.9864615, 0.0518654, , , , , , , 25.9864615, -0.0085603, , , , , , , 25.9864615, -0.0095674, , , , , , , 25.9864615, -0.0082246, , , , , , , , , , , , , , , , , , , , , , , , , , , , 
25.9869808, 0.0525368, , , , , , , 25.9869808, -0.0082246, , , , , , , 25.9869808, -0.0129244, , , , , , , 25.9869808, -0.0176242, , , , , , , , , , , , , , , , , , , , , , , , , , , , 
25.9875, 0.0548867, , , , , , , 25.9875, -0.0105745, , , , , , , 25.9875, -0.0157778, , , , , , , 25.9875, -0.027863, , , , , , , , , , , , , , , , , , , , , , , , , , , , 
25.9880192, 0.0609293, , , , , , , 25.9880192, -0.0129244, , , , , , , 25.9880192, -0.0169528, , , , , , , 25.9880192, -0.0344091, , , , , , , , , , , , , , , , , , , , , , , , , , , , 
25.9885385, 0.0691539, , , , , , , 25.9885385, -0.0132601, , , , , , , 25.9885385, -0.0167849, , , , , , , 25.9885385, -0.0354162, , , , , , , , , , , , , , , , , , , , , , , , , , , , 
25.9890577, 0.0703288, , , , , , , 25.9890577, -0.0119173, , , , , , , 25.9890577, -0.0169528, , , , , , , 25.9890577, -0.0320592, , , , , , , , , , , , , , , , , , , , , , , , , , , , 
25.9895769, 0.0659648, , , , , , , 25.9895769, -0.0124208, , , , , , , 25.9895769, -0.0174563, , , , , , , 25.9895769, -0.0276951, , , , , , , , , , , , , , , , , , , , , , , , , , , , 
25.9900962, 0.0574044, , , , , , , 25.9900962, -0.011078, , , , , , , 25.9900962, -0.0182956, , , , , , , 25.9900962, -0.0193027, , , , , , , , , , , , , , , , , , , , , , , , , , , , 
25.9906154, 0.049012, , , , , , , 25.9906154, -0.0068818, , , , , , , 25.9906154, -0.01561, , , , , , , 25.9906154, -0.0085603, , , , , , , , , , , , , , , , , , , , , , , , , , , , 
25.9911346, 0.0407874, , , , , , , 25.9911346, -0.0062104, , , , , , , 25.9911346, -0.0095674, , , , , , , 25.9911346, -0.0001678, , , , , , , , , , , , , , , , , , , , , , , , , , , , 
25.9916538, 0.0330663, , , , , , , 25.9916538, -0.0082246, , , , , , , 25.9916538, -0.0068818, , , , , , , 25.9916538, 0.0052033, , , , , , , , , , , , , , , , , , , , , , , , , , , , 
25.9921731, 0.026688, , , , , , , 25.9921731, -0.0095674, , , , , , , 25.9921731, -0.0075532, , , , , , , 25.9921731, 0.0117494, , , , , , , , , , , , , , , , , , , , , , , , , , , , 
25.9926923, 0.0219883, , , , , , , 25.9926923, -0.0090639, , , , , , , 25.9926923, -0.0063783, , , , , , , 25.9926923, 0.0199741, , , , , , , , , , , , , , , , , , , , , , , , , , , , 
25.9932115, 0.0090639, , , , , , , 25.9932115, -0.0109102, , , , , , , 25.9932115, -0.0028534, , , , , , , 25.9932115, 0.0303807, , , , , , , , , , , , , , , , , , , , , , , , , , , , 
25.9937308, -0.0072175, , , , , , , 25.9937308, -0.0115816, , , , , , , 25.9937308, -0.0001678, , , , , , , 25.9937308, 0.0387732, , , , , , , , , , , , , , , , , , , , , , , , , , , , 
25.99425, -0.0193027, , , , , , , 25.99425, -0.0125887, , , , , , , 25.99425, -0.0001678, , , , , , , 25.99425, 0.0448157, , , , , , , , , , , , , , , , , , , , , , , , , , , , 
25.9947692, -0.0253452, , , , , , , 25.9947692, -0.0135958, , , , , , , 25.9947692, -0.0005035, , , , , , , 25.9947692, 0.0505226, , , , , , , , , , , , , , , , , , , , , , , , , , , , 
25.9952885, -0.0310521, , , , , , , 25.9952885, -0.012253, , , , , , , 25.9952885, 0.0025177, , , , , , , 25.9952885, 0.0552224, , , , , , , , , , , , , , , , , , , , , , , , , , , , 
25.9958077, -0.0411231, , , , , , , 25.9958077, -0.0095674, , , , , , , 25.9958077, 0.0038605, , , , , , , 25.9958077, 0.0582437, , , , , , , , , , , , , , , , , , , , , , , , , , , , 
25.9963269, -0.0485084, , , , , , , 25.9963269, -0.0065461, , , , , , , 25.9963269, 0.0031891, , , , , , , 25.9963269, 0.0542153, , , , , , , , , , , , , , , , , , , , , , , , , , , , 
25.9968462, -0.04448, , , , , , , 25.9968462, -0.0041962, , , , , , , 25.9968462, -0.0006714, , , , , , , 25.9968462, 0.0359197, , , , , , , , , , , , , , , , , , , , , , , , , , , , 
25.9973654, -0.0323949, , , , , , , 25.9973654, -0.0036927, , , , , , , 25.9973654, -0.0028534, , , , , , , 25.9973654, 0.01561, , , , , , , , , , , , , , , , , , , , , , , , , , , , 
25.9978846, -0.0246738, , , , , , , 25.9978846, -0.0036927, , , , , , , 25.9978846, -0.002182, , , , , , , 25.9978846, 0.0058747, , , , , , , , , , , , , , , , , , , , , , , , , , , , 
25.9984038, -0.0142672, , , , , , , 25.9984038, -0.0015106, , , , , , , 25.9984038, -0.002182, , , , , , , 25.9984038, 0.0062104, , , , , , , , , , , , , , , , , , , , , , , , , , , , 
25.9989231, -0.005539, , , , , , , 25.9989231, 0.0001678, , , , , , , 25.9989231, -0.0016785, , , , , , , 25.9989231, 0.0125887, , , , , , , , , , , , , , , , , , , , , , , , , , , , 
25.9994423, -0.0001678, , , , , , , 25.9994423, 0.0011749, , , , , , , 25.9994423, 0.0005035, , , , , , , 25.9994423, 0.0182956, , , , , , , , , , , , , , , , , , , , , , , , , , , , 
25.9999615, 0.0063783, , , , , , , 25.9999615, 0.0005035, , , , , , , 25.9999615, 0.0005035, , , , , , , 25.9999615, 0.0199741, , , , , , , , , , , , , , , , , , , , , , , , , , , , 
26.0004808, 0.0132601, , , , , , , 26.0004808, -0.0006714, , , , , , , 26.0004808, -0.0015106, , , , , , , 26.0004808, 0.0213169, , , , , , , , , , , , , , , , , , , , , , , , , , , , 
26.001, 0.0172885, , , , , , , 26.001, -0.003357, , , , , , , 26.001, -0.002182, , , , , , , 26.001, 0.0224918, , , , , , , , , , , , , , , , , , , , , , , , , , , , 
26.0015192, 0.01561, , , , , , , 26.0015192, -0.0065461, , , , , , , 26.0015192, -0.0035248, , , , , , , 26.0015192, 0.0236667, , , , , , , , , , , , , , , , , , , , , , , , , , , , 
26.0020385, 0.0125887, , , , , , , 26.0020385, -0.008896, , , , , , , 26.0020385, -0.0052033, , , , , , , 26.0020385, 0.0246738, , , , , , , , , , , , , , , , , , , , , , , , , , , , 
26.0025577, 0.0151064, , , , , , , 26.0025577, -0.0090639, , , , , , , 26.0025577, -0.005539, , , , , , , 26.0025577, 0.0248417, , , , , , , , , , , , , , , , , , , , , , , , , , , , 
26.0030769, 0.0219883, , , , , , , 26.0030769, -0.0102388, , , , , , , 26.0030769, -0.0041962, , , , , , , 26.0030769, 0.0260166, , , , , , , , , , , , , , , , , , , , , , , , , , , , 
26.0035962, 0.0226596, , , , , , , 26.0035962, -0.0105745, , , , , , , 26.0035962, -0.0023499, , , , , , , 26.0035962, 0.033402, , , , , , , , , , , , , , , , , , , , , , , , , , , , 
26.0041154, 0.018967, , , , , , , 26.0041154, -0.012253, , , , , , , 26.0041154, -0.002182, , , , , , , 26.0041154, 0.0370947, , , , , , , , , , , , , , , , , , , , , , , , , , , , 
26.0046346, 0.0203098, , , , , , , 26.0046346, -0.01561, , , , , , , 26.0046346, -0.0035248, , , , , , , 26.0046346, 0.0307164, , , , , , , , , , , , , , , , , , , , , , , , , , , , 
26.0051538, 0.026688, , , , , , , 26.0051538, -0.0152743, , , , , , , 26.0051538, -0.0041962, , , , , , , 26.0051538, 0.0223239, , , , , , , , , , , , , , , , , , , , , , , , , , , , 
26.0056731, 0.0330663, , , , , , , 26.0056731, -0.0129244, , , , , , , 26.0056731, -0.0062104, , , , , , , 26.0056731, 0.0193027, , , , , , , , , , , , , , , , , , , , , , , , , , , , 
26.0061923, 0.0364233, , , , , , , 26.0061923, -0.0115816, , , , , , , 26.0061923, -0.0062104, , , , , , , 26.0061923, 0.0171206, , , , , , , , , , , , , , , , , , , , , , , , , , , , 
26.0067115, 0.0407874, , , , , , , 26.0067115, -0.0102388, , , , , , , 26.0067115, -0.0077211, , , , , , , 26.0067115, 0.0092317, , , , , , , , , , , , , , , , , , , , , , , , , , , , 
26.0072308, 0.0471656, , , , , , , 26.0072308, -0.0075532, , , , , , , 26.0072308, -0.0109102, , , , , , , 26.0072308, -0.0041962, , , , , , , , , , , , , , , , , , , , , , , , , , , , 
26.00775, 0.0548867, , , , , , , 26.00775, -0.005539, , , , , , , 26.00775, -0.0129244, , , , , , , 26.00775, -0.018967, , , , , , , , , , , , , , , , , , , , , , , , , , , , 
26.0082692, 0.064622, , , , , , , 26.0082692, -0.0062104, , , , , , , 26.0082692, -0.0135958, , , , , , , 26.0082692, -0.0290379, , , , , , , , , , , , , , , , , , , , , , , , , , , , 
26.0087885, 0.0720073, , , , , , , 26.0087885, -0.0075532, , , , , , , 26.0087885, -0.014435, , , , , , , 26.0087885, -0.0287022, , , , , , , , , , , , , , , , , , , , , , , , , , , , 
26.0093077, 0.0652934, , , , , , , 26.0093077, -0.0082246, , , , , , , 26.0093077, -0.0149386, , , , , , , 26.0093077, -0.0229953, , , , , , , , , , , , , , , , , , , , , , , , , , , , 
26.0098269, 0.054551, , , , , , , 26.0098269, -0.0058747, , , , , , , 26.0098269, -0.0149386, , , , , , , 26.0098269, -0.0172885, , , , , , , , , , , , , , , , , , , , , , , , , , , , 
26.0103462, 0.0459907, , , , , , , 26.0103462, -0.0057069, , , , , , , 26.0103462, -0.0132601, , , , , , , 26.0103462, -0.012253, , , , , , , , , , , , , , , , , , , , , , , , , , , , 
26.0108654, 0.0354162, , , , , , , 26.0108654, -0.0085603, , , , , , , 26.0108654, -0.0109102, , , , , , , 26.0108654, -0.0043641, , , , , , , , , , , , , , , , , , , , , , , , , , , , 
26.0113846, 0.0213169, , , , , , , 26.0113846, -0.0095674, , , , , , , 26.0113846, -0.0115816, , , , , , , 26.0113846, 0.0031891, , , , , , , , , , , , , , , , , , , , , , , , , , , , 
26.0119038, 0.0115816, , , , , , , 26.0119038, -0.0085603, , , , , , , 26.0119038, -0.012253, , , , , , , 26.0119038, 0.0093996, , , , , , , , , , , , , , , , , , , , , , , , , , , , 
26.0124231, 0.0072175, , , , , , , 26.0124231, -0.0062104, , , , , , , 26.0124231, -0.0109102, , , , , , , 26.0124231, 0.0172885, , , , , , , , , , , , , , , , , , , , , , , , , , , , 
26.0129423, 0.0006714, , , , , , , 26.0129423, -0.0065461, , , , , , , 26.0129423, -0.0075532, , , , , , , 26.0129423, 0.027863, , , , , , , , , , , , , , , , , , , , , , , , , , , , 
26.0134615, -0.0124208, , , , , , , 26.0134615, -0.008896, , , , , , , 26.0134615, -0.0052033, , , , , , , 26.0134615, 0.036759, , , , , , , , , , , , , , , , , , , , , , , , , , , , 
26.0139808, -0.0250095, , , , , , , 26.0139808, -0.0092317, , , , , , , 26.0139808, -0.0036927, , , , , , , 26.0139808, 0.0431373, , , , , , , , , , , , , , , , , , , , , , , , , , , , 
26.0145, -0.0354162, , , , , , , 26.0145, -0.0083925, , , , , , , 26.0145, -0.0041962, , , , , , , 26.0145, 0.0468299, , , , , , , , , , , , , , , , , , , , , , , , , , , , 
26.0150192, -0.0458228, , , , , , , 26.0150192, -0.008896, , , , , , , 26.0150192, -0.0052033, , , , , , , 26.0150192, 0.0518654, , , , , , , , , , , , , , , , , , , , , , , , , , , , 
26.0155385, -0.0555581, , , , , , , 26.0155385, -0.0097353, , , , , , , 26.0155385, -0.0052033, , , , , , , 26.0155385, 0.0582437, , , , , , , , , , , , , , , , , , , , , , , , , , , , 
26.0160577, -0.057908, , , , , , , 26.0160577, -0.0115816, , , , , , , 26.0160577, -0.0041962, , , , , , , 26.0160577, 0.0594186, , , , , , , , , , , , , , , , , , , , , , , , , , , , 
26.0165769, -0.0535439, , , , , , , 26.0165769, -0.0135958, , , , , , , 26.0165769, -0.0041962, , , , , , , 26.0165769, 0.0548867, , , , , , , , , , , , , , , , , , , , , , , , , , , , 
26.0170962, -0.0466621, , , , , , , 26.0170962, -0.0135958, , , , , , , 26.0170962, -0.003357, , , , , , , 26.0170962, 0.0476692, , , , , , , , , , , , , , , , , , , , , , , , , , , , 
26.0176154, -0.0344091, , , , , , , 26.0176154, -0.0119173, , , , , , , 26.0176154, -0.0043641, , , , , , , 26.0176154, 0.0377661, , , , , , , , , , , , , , , , , , , , , , , , , , , , 
26.0181346, -0.0238346, , , , , , , 26.0181346, -0.0102388, , , , , , , 26.0181346, -0.0045319, , , , , , , 26.0181346, 0.026688, , , , , , , , , , , , , , , , , , , , , , , , , , , , 
26.0186538, -0.01561, , , , , , , 26.0186538, -0.0105745, , , , , , , 26.0186538, -0.0035248, , , , , , , 26.0186538, 0.0199741, , , , , , , , , , , , , , , , , , , , , , , , , , , , 
26.0191731, -0.0072175, , , , , , , 26.0191731, -0.0082246, , , , , , , 26.0191731, -0.0038605, , , , , , , 26.0191731, 0.0176242, , , , , , , , , , , , , , , , , , , , , , , , , , , , 
26.0196923, -0.0001678, , , , , , , 26.0196923, -0.0068818, , , , , , , 26.0196923, -0.0065461, , , , , , , 26.0196923, 0.0146029, , , , , , , , , , , , , , , , , , , , , , , , , , , , 
26.0202115, 0.0065461, , , , , , , 26.0202115, -0.008896, , , , , , , 26.0202115, -0.008896, , , , , , , 26.0202115, 0.0119173, , , , , , , , , , , , , , , , , , , , , , , , , , , , 
26.0207308, 0.0142672, , , , , , , 26.0207308, -0.008896, , , , , , , 26.0207308, -0.0085603, , , , , , , 26.0207308, 0.0119173, , , , , , , , , , , , , , , , , , , , , , , , , , , , 
26.02125, 0.0219883, , , , , , , 26.02125, -0.0072175, , , , , , , 26.02125, -0.0077211, , , , , , , 26.02125, 0.0117494, , , , , , , , , , , , , , , , , , , , , , , , , , , , 
26.0217692, 0.0243381, , , , , , , 26.0217692, -0.0057069, , , , , , , 26.0217692, -0.0104067, , , , , , , 26.0217692, 0.0099031, , , , , , , , , , , , , , , , , , , , , , , , , , , , 
26.0222885, 0.0219883, , , , , , , 26.0222885, -0.0043641, , , , , , , 26.0222885, -0.011078, , , , , , , 26.0222885, 0.0078889, , , , , , , , , , , , , , , , , , , , , , , , , , , , 
26.0228077, 0.0166171, , , , , , , 26.0228077, -0.0035248, , , , , , , 26.0228077, -0.0105745, , , , , , , 26.0228077, 0.0065461, , , , , , , , , , , , , , , , , , , , , , , , , , , , 
26.0233269, 0.0146029, , , , , , , 26.0233269, -0.0038605, , , , , , , 26.0233269, -0.0115816, , , , , , , 26.0233269, 0.0058747, , , , , , , , , , , , , , , , , , , , , , , , , , , , 
26.0238462, 0.0196384, , , , , , , 26.0238462, -0.0045319, , , , , , , 26.0238462, -0.0095674, , , , , , , 26.0238462, 0.0041962, , , , , , , , , , , , , , , , , , , , , , , , , , , , 
26.0243654, 0.0293736, , , , , , , 26.0243654, -0.0048676, , , , , , , 26.0243654, -0.0068818, , , , , , , 26.0243654, 0.0050355, , , , , , , , , , , , , , , , , , , , , , , , , , , , 
26.0248846, 0.0381018, , , , , , , 26.0248846, -0.0070497, , , , , , , 26.0248846, -0.0062104, , , , , , , 26.0248846, 0.0038605, , , , , , , , , , , , , , , , , , , , , , , , , , , , 
26.0254038, 0.0381018, , , , , , , 26.0254038, -0.0080568, , , , , , , 26.0254038, -0.0065461, , , , , , , 26.0254038, -0.0005035, , , , , , , , , , , , , , , , , , , , , , , , , , , , 
26.0259231, 0.0357519, , , , , , , 26.0259231, -0.0062104, , , , , , , 26.0259231, -0.0058747, , , , , , , 26.0259231, -0.0048676, , , , , , , , , , , , , , , , , , , , , , , , , , , , 
26.0264423, 0.0391089, , , , , , , 26.0264423, -0.005539, , , , , , , 26.0264423, -0.0072175, , , , , , , 26.0264423, -0.0129244, , , , , , , , , , , , , , , , , , , , , , , , , , , , 
26.0269615, 0.0495155, , , , , , , 26.0269615, -0.0057069, , , , , , , 26.0269615, -0.0105745, , , , , , , 26.0269615, -0.0229953, , , , , , , , , , , , , , , , , , , , , , , , , , , , 
26.0274808, 0.0619364, , , , , , , 26.0274808, -0.0041962, , , , , , , 26.0274808, -0.0129244, , , , , , , 26.0274808, -0.0293736, , , , , , , , , , , , , , , , , , , , , , , , , , , , 
26.028, 0.0706645, , , , , , , 26.028, -0.0041962, , , , , , , 26.028, -0.012253, , , , , , , 26.028, -0.033402, , , , , , , , , , , , , , , , , , , , , , , , , , , , 
26.0285192, 0.072343, , , , , , , 26.0285192, -0.005539, , , , , , , 26.0285192, -0.0139315, , , , , , , 26.0285192, -0.0350805, , , , , , , , , , , , , , , , , , , , , , , , , , , , 
26.0290385, 0.0674754, , , , , , , 26.0290385, -0.0045319, , , , , , , 26.0290385, -0.0164492, , , , , , , 26.0290385, -0.0337377, , , , , , , , , , , , , , , , , , , , , , , , , , , , 
26.0295577, 0.0595865, , , , , , , 26.0295577, -0.0041962, , , , , , , 26.0295577, -0.0157778, , , , , , , 26.0295577, -0.0318914, , , , , , , , , , , , , , , , , , , , , , , , , , , , 
26.0300769, 0.0555581, , , , , , , 26.0300769, -0.005539, , , , , , , 26.0300769, -0.0130922, , , , , , , 26.0300769, -0.0283665, , , , , , , , , , , , , , , , , , , , , , , , , , , , 
26.0305962, 0.0513619, , , , , , , 26.0305962, -0.0063783, , , , , , , 26.0305962, -0.0119173, , , , , , , 26.0305962, -0.0184634, , , , , , , , , , , , , , , , , , , , , , , , , , , , 
26.0311154, 0.0407874, , , , , , , 26.0311154, -0.0082246, , , , , , , 26.0311154, -0.0129244, , , , , , , 26.0311154, -0.0068818, , , , , , , , , , , , , , , , , , , , , , , , , , , , 
26.0316346, 0.0313878, , , , , , , 26.0316346, -0.0099031, , , , , , , 26.0316346, -0.0129244, , , , , , , 26.0316346, 0.0018463, , , , , , , , , , , , , , , , , , , , , , , , , , , , 
26.0321538, 0.023331, , , , , , , 26.0321538, -0.0099031, , , , , , , 26.0321538, -0.012253, , , , , , , 26.0321538, 0.0092317, , , , , , , , , , , , , , , , , , , , , , , , , , , , 
26.0326731, 0.0115816, , , , , , , 26.0326731, -0.0095674, , , , , , , 26.0326731, -0.0104067, , , , , , , 26.0326731, 0.0159457, , , , , , , , , , , , , , , , , , , , , , , , , , , , 
26.0331923, -0.0018463, , , , , , , 26.0331923, -0.0119173, , , , , , , 26.0331923, -0.0083925, , , , , , , 26.0331923, 0.0240024, , , , , , , , , , , , , , , , , , , , , , , , , , , , 
26.0337115, -0.0146029, , , , , , , 26.0337115, -0.0135958, , , , , , , 26.0337115, -0.0072175, , , , , , , 26.0337115, 0.0330663, , , , , , , , , , , , , , , , , , , , , , , , , , , , 
26.0342308, -0.0256809, , , , , , , 26.0342308, -0.0119173, , , , , , , 26.0342308, -0.0065461, , , , , , , 26.0342308, 0.0411231, , , , , , , , , , , , , , , , , , , , , , , , , , , , 
26.03475, -0.0344091, , , , , , , 26.03475, -0.008896, , , , , , , 26.03475, -0.0052033, , , , , , , 26.03475, 0.0475013, , , , , , , , , , , , , , , , , , , , , , , , , , , , 
26.0352692, -0.0404517, , , , , , , 26.0352692, -0.0058747, , , , , , , 26.0352692, -0.0035248, , , , , , , 26.0352692, 0.0558938, , , , , , , , , , , , , , , , , , , , , , , , , , , , 
26.0357885, -0.0451514, , , , , , , 26.0357885, -0.0057069, , , , , , , 26.0357885, -0.0018463, , , , , , , 26.0357885, 0.0585794, , , , , , , , , , , , , , , , , , , , , , , , , , , , 
26.0363077, -0.0528725, , , , , , , 26.0363077, -0.0082246, , , , , , , 26.0363077, -0.002182, , , , , , , 26.0363077, 0.0522011, , , , , , , , , , , , , , , , , , , , , , , , , , , , 
26.0368269, -0.0538796, , , , , , , 26.0368269, -0.0095674, , , , , , , 26.0368269, -0.0030213, , , , , , , 26.0368269, 0.0431373, , , , , , , , , , , , , , , , , , , , , , , , , , , , 
26.0373462, -0.0471656, , , , , , , 26.0373462, -0.012253, , , , , , , 26.0373462, -0.0041962, , , , , , , 26.0373462, 0.0347448, , , , , , , , , , , , , , , , , , , , , , , , , , , , 
26.0378654, -0.0397803, , , , , , , 26.0378654, -0.0135958, , , , , , , 26.0378654, -0.0062104, , , , , , , 26.0378654, 0.0263523, , , , , , , , , , , , , , , , , , , , , , , , , , , , 
26.0383846, -0.0345769, , , , , , , 26.0383846, -0.0125887, , , , , , , 26.0383846, -0.0095674, , , , , , , 26.0383846, 0.0172885, , , , , , , , , , , , , , , , , , , , , , , , , , , , 
26.0389038, -0.030045, , , , , , , 26.0389038, -0.0112459, , , , , , , 26.0389038, -0.0102388, , , , , , , 26.0389038, 0.008896, , , , , , , , , , , , , , , , , , , , , , , , , , , , 
26.0394231, -0.0292058, , , , , , , 26.0394231, -0.0097353, , , , , , , 26.0394231, -0.0102388, , , , , , , 26.0394231, 0.0048676, , , , , , , , , , , , , , , , , , , , , , , , , , , , 
26.0399423, -0.0292058, , , , , , , 26.0399423, -0.0109102, , , , , , , 26.0399423, -0.0099031, , , , , , , 26.0399423, 0.0048676, , , , , , , , , , , , , , , , , , , , , , , , , , , , 
26.0404615, -0.0270237, , , , , , , 26.0404615, -0.0112459, , , , , , , 26.0404615, -0.0085603, , , , , , , 26.0404615, 0.0058747, , , , , , , , , , , , , , , , , , , , , , , , , , , , 
26.0409808, -0.0209812, , , , , , , 26.0409808, -0.0102388, , , , , , , 26.0409808, -0.0075532, , , , , , , 26.0409808, 0.008896, , , , , , , , , , , , , , , , , , , , , , , , , , , , 
26.0415, -0.0149386, , , , , , , 26.0415, -0.0082246, , , , , , , 26.0415, -0.0082246, , , , , , , 26.0415, 0.0109102, , , , , , , , , , , , , , , , , , , , , , , , , , , , 
26.0420192, -0.0109102, , , , , , , 26.0420192, -0.0068818, , , , , , , 26.0420192, -0.0090639, , , , , , , 26.0420192, 0.0105745, , , , , , , , , , , , , , , , , , , , , , , , , , , , 
26.0425385, -0.0082246, , , , , , , 26.0425385, -0.0085603, , , , , , , 26.0425385, -0.0075532, , , , , , , 26.0425385, 0.008896, , , , , , , , , , , , , , , , , , , , , , , , , , , , 
26.0430577, -0.0043641, , , , , , , 26.0430577, -0.0112459, , , , , , , 26.0430577, -0.0058747, , , , , , , 26.0430577, 0.0078889, , , , , , , , , , , , , , , , , , , , , , , , , , , , 
26.0435769, 0.0025177, , , , , , , 26.0435769, -0.0109102, , , , , , , 26.0435769, -0.0050355, , , , , , , 26.0435769, 0.0072175, , , , , , , , , , , , , , , , , , , , , , , , , , , , 
26.0440962, 0.0112459, , , , , , , 26.0440962, -0.0095674, , , , , , , 26.0440962, -0.0038605, , , , , , , 26.0440962, 0.0092317, , , , , , , , , , , , , , , , , , , , , , , , , , , , 
26.0446154, 0.0203098, , , , , , , 26.0446154, -0.0065461, , , , , , , 26.0446154, -0.0048676, , , , , , , 26.0446154, 0.0117494, , , , , , , , , , , , , , , , , , , , , , , , , , , , 
26.0451346, 0.0293736, , , , , , , 26.0451346, -0.0052033, , , , , , , 26.0451346, -0.0058747, , , , , , , 26.0451346, 0.011078, , , , , , , , , , , , , , , , , , , , , , , , , , , , 
26.0456538, 0.0384375, , , , , , , 26.0456538, -0.0035248, , , , , , , 26.0456538, -0.0050355, , , , , , , 26.0456538, 0.0092317, , , , , , , , , , , , , , , , , , , , , , , , , , , , 
26.0461731, 0.0491798, , , , , , , 26.0461731, 0.0011749, , , , , , , 26.0461731, -0.0057069, , , , , , , 26.0461731, 0.0052033, , , , , , , , , , , , , , , , , , , , , , , , , , , , 
26.0466923, 0.0607614, , , , , , , 26.0466923, 0.0038605, , , , , , , 26.0466923, -0.0083925, , , , , , , 26.0466923, -0.0036927, , , , , , , , , , , , , , , , , , , , , , , , , , , , 
26.0472115, 0.0676432, , , , , , , 26.0472115, 0.0041962, , , , , , , 26.0472115, -0.011078, , , , , , , 26.0472115, -0.012253, , , , , , , , , , , , , , , , , , , , , , , , , , , , 
26.0477308, 0.072343, , , , , , , 26.0477308, 0.0031891, , , , , , , 26.0477308, -0.0102388, , , , , , , 26.0477308, -0.0164492, , , , , , , , , , , , , , , , , , , , , , , , , , , , 
26.04825, 0.0837568, , , , , , , 26.04825, 0.0003357, , , , , , , 26.04825, -0.0112459, , , , , , , 26.04825, -0.0169528, , , , , , , , , , , , , , , , , , , , , , , , , , , , 
26.0487692, 0.0985275, , , , , , , 26.0487692, -0.0015106, , , , , , , 26.0487692, -0.0146029, , , , , , , 26.0487692, -0.017792, , , , , , , , , , , , , , , , , , , , , , , , , , , , 
26.0492885, 0.1080949, , , , , , , 26.0492885, -0.0008392, , , , , , , 26.0492885, -0.0162814, , , , , , , 26.0492885, -0.0179599, , , , , , , , , , , , , , , , , , , , , , , , , , , , 
26.0498077, 0.1018845, , , , , , , 26.0498077, -0.0035248, , , , , , , 26.0498077, -0.0146029, , , , , , , 26.0498077, -0.0149386, , , , , , , , , , , , , , , , , , , , , , , , , , , , 
26.0503269, 0.0911421, , , , , , , 26.0503269, -0.0085603, , , , , , , 26.0503269, -0.0146029, , , , , , , 26.0503269, -0.0082246, , , , , , , , , , , , , , , , , , , , , , , , , , , , 
26.0508462, 0.079057, , , , , , , 26.0508462, -0.0099031, , , , , , , 26.0508462, -0.014435, , , , , , , 26.0508462, -0.0001678, , , , , , , , , , , , , , , , , , , , , , , , , , , , 
26.0513654, 0.0649577, , , , , , , 26.0513654, -0.0099031, , , , , , , 26.0513654, -0.0130922, , , , , , , 26.0513654, 0.0065461, , , , , , , , , , , , , , , , , , , , , , , , , , , , 
26.0518846, 0.0528725, , , , , , , 26.0518846, -0.011078, , , , , , , 26.0518846, -0.011078, , , , , , , 26.0518846, 0.0112459, , , , , , , , , , , , , , , , , , , , , , , , , , , , 
26.0524038, 0.043473, , , , , , , 26.0524038, -0.0135958, , , , , , , 26.0524038, -0.0085603, , , , , , , 26.0524038, 0.01561, , , , , , , , , , , , , , , , , , , , , , , , , , , , 
26.0529231, 0.0283665, , , , , , , 26.0529231, -0.0135958, , , , , , , 26.0529231, -0.0057069, , , , , , , 26.0529231, 0.023331, , , , , , , , , , , , , , , , , , , , , , , , , , , , 
26.0534423, 0.0065461, , , , , , , 26.0534423, -0.0132601, , , , , , , 26.0534423, -0.0038605, , , , , , , 26.0534423, 0.0317235, , , , , , , , , , , , , , , , , , , , , , , , , , , , 
26.0539615, -0.0135958, , , , , , , 26.0539615, -0.012253, , , , , , , 26.0539615, -0.0035248, , , , , , , 26.0539615, 0.0381018, , , , , , , , , , , , , , , , , , , , , , , , , , , , 
26.0544808, -0.0243381, , , , , , , 26.0544808, -0.0105745, , , , , , , 26.0544808, -0.0041962, , , , , , , 26.0544808, 0.0419623, , , , , , , , , , , , , , , , , , , , , , , , , , , , 
26.055, -0.0270237, , , , , , , 26.055, -0.0092317, , , , , , , 26.055, -0.0038605, , , , , , , 26.055, 0.0414588, , , , , , , , , , , , , , , , , , , , , , , , , , , , 
26.0555192, -0.0364233, , , , , , , 26.0555192, -0.0092317, , , , , , , 26.0555192, -0.0028534, , , , , , , 26.0555192, 0.0387732, , , , , , , , , , , , , , , , , , , , , , , , , , , , 
26.0560385, -0.0498512, , , , , , , 26.0560385, -0.008896, , , , , , , 26.0560385, -0.0041962, , , , , , , 26.0560385, 0.0377661, , , , , , , , , , , , , , , , , , , , , , , , , , , , 
26.0565577, -0.0528725, , , , , , , 26.0565577, -0.0085603, , , , , , , 26.0565577, -0.0065461, , , , , , , 26.0565577, 0.0340734, , , , , , , , , , , , , , , , , , , , , , , , , , , , 
26.0570769, -0.0417945, , , , , , , 26.0570769, -0.0082246, , , , , , , 26.0570769, -0.005539, , , , , , , 26.0570769, 0.0270237, , , , , , , , , , , , , , , , , , , , , , , , , , , , 
26.0575962, -0.0290379, , , , , , , 26.0575962, -0.0085603, , , , , , , 26.0575962, -0.0058747, , , , , , , 26.0575962, 0.023331, , , , , , , , , , , , , , , , , , , , , , , , , , , , 
26.0581154, -0.0209812, , , , , , , 26.0581154, -0.0082246, , , , , , , 26.0581154, -0.0063783, , , , , , , 26.0581154, 0.0234989, , , , , , , , , , , , , , , , , , , , , , , , , , , , 
26.0586346, -0.0146029, , , , , , , 26.0586346, -0.005539, , , , , , , 26.0586346, -0.0062104, , , , , , , 26.0586346, 0.0240024, , , , , , , , , , , , , , , , , , , , , , , , , , , , 
26.0591538, -0.0068818, , , , , , , 26.0591538, -0.0048676, , , , , , , 26.0591538, -0.0058747, , , , , , , 26.0591538, 0.0236667, , , , , , , , , , , , , , , , , , , , , , , , , , , , 
26.0596731, -0.0010071, , , , , , , 26.0596731, -0.0072175, , , , , , , 26.0596731, -0.0048676, , , , , , , 26.0596731, 0.0260166, , , , , , , , , , , , , , , , , , , , , , , , , , , , 
26.0601923, 0.003357, , , , , , , 26.0601923, -0.0102388, , , , , , , 26.0601923, -0.0048676, , , , , , , 26.0601923, 0.0287022, , , , , , , , , , , , , , , , , , , , , , , , , , , , 
26.0607115, 0.0065461, , , , , , , 26.0607115, -0.0105745, , , , , , , 26.0607115, -0.0062104, , , , , , , 26.0607115, 0.0280308, , , , , , , , , , , , , , , , , , , , , , , , , , , , 
26.0612308, 0.0092317, , , , , , , 26.0612308, -0.0095674, , , , , , , 26.0612308, -0.005539, , , , , , , 26.0612308, 0.0253452, , , , , , , , , , , , , , , , , , , , , , , , , , , , 
26.06175, 0.0119173, , , , , , , 26.06175, -0.008896, , , , , , , 26.06175, -0.0041962, , , , , , , 26.06175, 0.0246738, , , , , , , , , , , , , , , , , , , , , , , , , , , , 
26.0622692, 0.0146029, , , , , , , 26.0622692, -0.008896, , , , , , , 26.0622692, -0.0057069, , , , , , , 26.0622692, 0.0213169, , , , , , , , , , , , , , , , , , , , , , , , , , , , 
26.0627885, 0.0209812, , , , , , , 26.0627885, -0.0085603, , , , , , , 26.0627885, -0.0085603, , , , , , , 26.0627885, 0.0166171, , , , , , , , , , , , , , , , , , , , , , , , , , , , 
26.0633077, 0.0253452, , , , , , , 26.0633077, -0.0078889, , , , , , , 26.0633077, -0.0075532, , , , , , , 26.0633077, 0.0139315, , , , , , , , , , , , , , , , , , , , , , , , , , , , 
26.0638269, 0.0287022, , , , , , , 26.0638269, -0.0065461, , , , , , , 26.0638269, -0.0058747, , , , , , , 26.0638269, 0.0129244, , , , , , , , , , , , , , , , , , , , , , , , , , , , 
26.0643462, 0.0307164, , , , , , , 26.0643462, -0.0043641, , , , , , , 26.0643462, -0.0068818, , , , , , , 26.0643462, 0.0099031, , , , , , , , , , , , , , , , , , , , , , , , , , , , 
26.0648654, 0.0317235, , , , , , , 26.0648654, -0.005539, , , , , , , 26.0648654, -0.008896, , , , , , , 26.0648654, 0.0072175, , , , , , , , , , , , , , , , , , , , , , , , , , , , 
26.0653846, 0.0354162, , , , , , , 26.0653846, -0.0085603, , , , , , , 26.0653846, -0.0090639, , , , , , , 26.0653846, 0.0052033, , , , , , , , , , , , , , , , , , , , , , , , , , , , 
26.0659038, 0.0421302, , , , , , , 26.0659038, -0.0090639, , , , , , , 26.0659038, -0.0078889, , , , , , , 26.0659038, 0.0025177, , , , , , , , , , , , , , , , , , , , , , , , , , , , 
26.0664231, 0.0485084, , , , , , , 26.0664231, -0.0092317, , , , , , , 26.0664231, -0.0090639, , , , , , , 26.0664231, -0.0015106, , , , , , , , , , , , , , , , , , , , , , , , , , , , 
26.0669423, 0.0565652, , , , , , , 26.0669423, -0.0082246, , , , , , , 26.0669423, -0.0135958, , , , , , , 26.0669423, -0.008896, , , , , , , , , , , , , , , , , , , , , , , , , , , , 
26.0674615, 0.0673075, , , , , , , 26.0674615, -0.0068818, , , , , , , 26.0674615, -0.0149386, , , , , , , 26.0674615, -0.0151064, , , , , , , , , , , , , , , , , , , , , , , , , , , , 
26.0679808, 0.0773785, , , , , , , 26.0679808, -0.0075532, , , , , , , 26.0679808, -0.0130922, , , , , , , 26.0679808, -0.0162814, , , , , , , , , , , , , , , , , , , , , , , , , , , , 
26.0685, 0.0802319, , , , , , , 26.0685, -0.0065461, , , , , , , 26.0685, -0.0114137, , , , , , , 26.0685, -0.01561, , , , , , , , , , , , , , , , , , , , , , , , , , , , 
26.0690192, 0.0787213, , , , , , , 26.0690192, -0.0036927, , , , , , , 26.0690192, -0.012253, , , , , , , 26.0690192, -0.0169528, , , , , , , , , , , , , , , , , , , , , , , , , , , , 
26.0695385, 0.0850996, , , , , , , 26.0695385, -0.0015106, , , , , , , 26.0695385, -0.0129244, , , , , , , 26.0695385, -0.0166171, , , , , , , , , , , , , , , , , , , , , , , , , , , , 
26.0700577, 0.0903029, , , , , , , 26.0700577, -0.002182, , , , , , , 26.0700577, -0.0140993, , , , , , , 26.0700577, -0.012253, , , , , , , , , , , , , , , , , , , , , , , , , , , , 
26.0705769, 0.0814069, , , , , , , 26.0705769, -0.0038605, , , , , , , 26.0705769, -0.0132601, , , , , , , 26.0705769, -0.0068818, , , , , , , , , , , , , , , , , , , , , , , , , , , , 
26.0710962, 0.0652934, , , , , , , 26.0710962, -0.0050355, , , , , , , 26.0710962, -0.0109102, , , , , , , 26.0710962, -0.002182, , , , , , , , , , , , , , , , , , , , , , , , , , , , 
26.0716154, 0.0528725, , , , , , , 26.0716154, -0.0062104, , , , , , , 26.0716154, -0.0102388, , , , , , , 26.0716154, 0.0048676, , , , , , , , , , , , , , , , , , , , , , , , , , , , 
26.0721346, 0.0464942, , , , , , , 26.0721346, -0.0072175, , , , , , , 26.0721346, -0.0109102, , , , , , , 26.0721346, 0.0124208, , , , , , , , , , , , , , , , , , , , , , , , , , , , 
26.0726538, 0.0421302, , , , , , , 26.0726538, -0.0082246, , , , , , , 26.0726538, -0.0095674, , , , , , , 26.0726538, 0.0206455, , , , , , , , , , , , , , , , , , , , , , , , , , , , 
26.0731731, 0.0320592, , , , , , , 26.0731731, -0.0077211, , , , , , , 26.0731731, -0.0058747, , , , , , , 26.0731731, 0.0287022, , , , , , , , , , , , , , , , , , , , , , , , , , , , 
26.0736923, 0.0152743, , , , , , , 26.0736923, -0.0068818, , , , , , , 26.0736923, -0.0041962, , , , , , , 26.0736923, 0.036759, , , , , , , , , , , , , , , , , , , , , , , , , , , , 
26.0742115, 0.0020142, , , , , , , 26.0742115, -0.0085603, , , , , , , 26.0742115, -0.0028534, , , , , , , 26.0742115, 0.047837, , , , , , , , , , , , , , , , , , , , , , , , , , , , 
26.0747308, -0.0020142, , , , , , , 26.0747308, -0.0102388, , , , , , , 26.0747308, -0.0018463, , , , , , , 26.0747308, 0.0562295, , , , , , , , , , , , , , , , , , , , , , , , , , , , 
26.07525, -0.0048676, , , , , , , 26.07525, -0.0102388, , , , , , , 26.07525, -0.0018463, , , , , , , 26.07525, 0.0602579, , , , , , , , , , , , , , , , , , , , , , , , , , , , 
26.0757692, -0.0105745, , , , , , , 26.0757692, -0.011078, , , , , , , 26.0757692, -0.0015106, , , , , , , 26.0757692, 0.0626078, , , , , , , , , , , , , , , , , , , , , , , , , , , , 
26.0762885, -0.0129244, , , , , , , 26.0762885, -0.0124208, , , , , , , 26.0762885, -0.0015106, , , , , , , 26.0762885, 0.0582437, , , , , , , , , , , , , , , , , , , , , , , , , , , , 
26.0768077, -0.0102388, , , , , , , 26.0768077, -0.012253, , , , , , , 26.0768077, -0.0018463, , , , , , , 26.0768077, 0.0481727, , , , , , , , , , , , , , , , , , , , , , , , , , , , 
26.0773269, -0.0030213, , , , , , , 26.0773269, -0.0105745, , , , , , , 26.0773269, -0.0023499, , , , , , , 26.0773269, 0.0384375, , , , , , , , , , , , , , , , , , , , , , , , , , , , 
26.0778462, 0.0052033, , , , , , , 26.0778462, -0.0085603, , , , , , , 26.0778462, -0.003357, , , , , , , 26.0778462, 0.033402, , , , , , , , , , , , , , , , , , , , , , , , , , , , 
26.0783654, 0.0146029, , , , , , , 26.0783654, -0.0072175, , , , , , , 26.0783654, -0.0035248, , , , , , , 26.0783654, 0.030045, , , , , , , , , , , , , , , , , , , , , , , , , , , , 
26.0788846, 0.0246738, , , , , , , 26.0788846, -0.0068818, , , , , , , 26.0788846, -0.0031891, , , , , , , 26.0788846, 0.0270237, , , , , , , , , , , , , , , , , , , , , , , , , , , , 
26.0794038, 0.0240024, , , , , , , 26.0794038, -0.0048676, , , , , , , 26.0794038, -0.002182, , , , , , , 26.0794038, 0.0216526, , , , , , , , , , , , , , , , , , , , , , , , , , , , 
26.0799231, 0.018967, , , , , , , 26.0799231, -0.0041962, , , , , , , 26.0799231, -0.0030213, , , , , , , 26.0799231, 0.0172885, , , , , , , , , , , , , , , , , , , , , , , , , , , , 
26.0804423, 0.0186313, , , , , , , 26.0804423, -0.0058747, , , , , , , 26.0804423, -0.0048676, , , , , , , 26.0804423, 0.0135958, , , , , , , , , , , , , , , , , , , , , , , , , , , , 
26.0809615, 0.0240024, , , , , , , 26.0809615, -0.008896, , , , , , , 26.0809615, -0.0050355, , , , , , , 26.0809615, 0.0005035, , , , , , , , , , , , , , , , , , , , , , , , , , , , 
26.0814808, 0.0260166, , , , , , , 26.0814808, -0.012253, , , , , , , 26.0814808, -0.0062104, , , , , , , 26.0814808, -0.0176242, , , , , , , , , , , , , , , , , , , , , , , , , , , , 
26.082, 0.0240024, , , , , , , 26.082, -0.0135958, , , , , , , 26.082, -0.0070497, , , , , , , 26.082, -0.0243381, , , , , , , , , , , , , , , , , , , , , , , , , , , , 
26.0825192, 0.0218204, , , , , , , 26.0825192, -0.0139315, , , , , , , 26.0825192, -0.0082246, , , , , , , 26.0825192, -0.0196384, , , , , , , , , , , , , , , , , , , , , , , , , , , , 
26.0830385, 0.0209812, , , , , , , 26.0830385, -0.0115816, , , , , , , 26.0830385, -0.0085603, , , , , , , 26.0830385, -0.0109102, , , , , , , , , , , , , , , , , , , , , , , , , , , , 
26.0835577, 0.0206455, , , , , , , 26.0835577, -0.0099031, , , , , , , 26.0835577, -0.0083925, , , , , , , 26.0835577, -0.0025177, , , , , , , , , , , , , , , , , , , , , , , , , , , , 
26.0840769, 0.0193027, , , , , , , 26.0840769, -0.008896, , , , , , , 26.0840769, -0.0075532, , , , , , , 26.0840769, 0.0052033, , , , , , , , , , , , , , , , , , , , , , , , , , , , 
26.0845962, 0.0166171, , , , , , , 26.0845962, -0.0065461, , , , , , , 26.0845962, -0.0075532, , , , , , , 26.0845962, 0.0125887, , , , , , , , , , , , , , , , , , , , , , , , , , , , 
26.0851154, 0.0124208, , , , , , , 26.0851154, -0.0058747, , , , , , , 26.0851154, -0.0083925, , , , , , , 26.0851154, 0.0166171, , , , , , , , , , , , , , , , , , , , , , , , , , , , 
26.0856346, 0.0104067, , , , , , , 26.0856346, -0.0072175, , , , , , , 26.0856346, -0.0092317, , , , , , , 26.0856346, 0.0186313, , , , , , , , , , , , , , , , , , , , , , , , , , , , 
26.0861538, 0.0132601, , , , , , , 26.0861538, -0.0077211, , , , , , , 26.0861538, -0.008896, , , , , , , 26.0861538, 0.0169528, , , , , , , , , , , , , , , , , , , , , , , , , , , , 
26.0866731, 0.0169528, , , , , , , 26.0866731, -0.0048676, , , , , , , 26.0866731, -0.0095674, , , , , , , 26.0866731, 0.0068818, , , , , , , , , , , , , , , , , , , , , , , , , , , , 
26.0871923, 0.0213169, , , , , , , 26.0871923, -0.0028534, , , , , , , 26.0871923, -0.0117494, , , , , , , 26.0871923, -0.0028534, , , , , , , , , , , , , , , , , , , , , , , , , , , , 
26.0877115, 0.0260166, , , , , , , 26.0877115, -0.0035248, , , , , , , 26.0877115, -0.0129244, , , , , , , 26.0877115, -0.0072175, , , , , , , , , , , , , , , , , , , , , , , , , , , , 
26.0882308, 0.0317235, , , , , , , 26.0882308, -0.0041962, , , , , , , 26.0882308, -0.0142672, , , , , , , 26.0882308, -0.0125887, , , , , , , , , , , , , , , , , , , , , , , , , , , , 
26.08875, 0.040116, , , , , , , 26.08875, -0.0038605, , , , , , , 26.08875, -0.0152743, , , , , , , 26.08875, -0.0203098, , , , , , , , , , , , , , , , , , , , , , , , , , , , 
26.0892692, 0.0433051, , , , , , , 26.0892692, -0.0025177, , , , , , , 26.0892692, -0.0149386, , , , , , , 26.0892692, -0.0250095, , , , , , , , , , , , , , , , , , , , , , , , , , , , 
26.0897885, 0.0387732, , , , , , , 26.0897885, -0.0018463, , , , , , , 26.0897885, -0.014435, , , , , , , 26.0897885, -0.0226596, , , , , , , , , , , , , , , , , , , , , , , , , , , , 
26.0903077, 0.0280308, , , , , , , 26.0903077, -0.0025177, , , , , , , 26.0903077, -0.0146029, , , , , , , 26.0903077, -0.0151064, , , , , , , , , , , , , , , , , , , , , , , , , , , , 
26.0908269, 0.0199741, , , , , , , 26.0908269, -0.0058747, , , , , , , 26.0908269, -0.0139315, , , , , , , 26.0908269, -0.0075532, , , , , , , , , , , , , , , , , , , , , , , , , , , , 
26.0913462, 0.0115816, , , , , , , 26.0913462, -0.0085603, , , , , , , 26.0913462, -0.0125887, , , , , , , 26.0913462, -0.0001678, , , , , , , , , , , , , , , , , , , , , , , , , , , , 
26.0918654, 0.0031891, , , , , , , 26.0918654, -0.0078889, , , , , , , 26.0918654, -0.0125887, , , , , , , 26.0918654, 0.0041962, , , , , , , , , , , , , , , , , , , , , , , , , , , , 
26.0923846, -0.002182, , , , , , , 26.0923846, -0.0072175, , , , , , , 26.0923846, -0.0125887, , , , , , , 26.0923846, 0.0102388, , , , , , , , , , , , , , , , , , , , , , , , , , , , 
26.0929038, -0.0135958, , , , , , , 26.0929038, -0.0072175, , , , , , , 26.0929038, -0.0095674, , , , , , , 26.0929038, 0.0204776, , , , , , , , , , , , , , , , , , , , , , , , , , , , 
26.0934231, -0.0256809, , , , , , , 26.0934231, -0.0097353, , , , , , , 26.0934231, -0.0072175, , , , , , , 26.0934231, 0.0313878, , , , , , , , , , , , , , , , , , , , , , , , , , , , 
26.0939423, -0.0323949, , , , , , , 26.0939423, -0.0119173, , , , , , , 26.0939423, -0.0052033, , , , , , , 26.0939423, 0.040116, , , , , , , , , , , , , , , , , , , , , , , , , , , , 
26.0944615, -0.0372625, , , , , , , 26.0944615, -0.012253, , , , , , , 26.0944615, -0.0038605, , , , , , , 26.0944615, 0.0461585, , , , , , , , , , , , , , , , , , , , , , , , , , , , 
26.0949808, -0.0438087, , , , , , , 26.0949808, -0.012253, , , , , , , 26.0949808, -0.0028534, , , , , , , 26.0949808, 0.0501869, , , , , , , , , , , , , , , , , , , , , , , , , , , , 
26.0955, -0.0525368, , , , , , , 26.0955, -0.0102388, , , , , , , 26.0955, -0.0028534, , , , , , , 26.0955, 0.0555581, , , , , , , , , , , , , , , , , , , , , , , , , , , , 
26.0960192, -0.056733, , , , , , , 26.0960192, -0.0075532, , , , , , , 26.0960192, -0.0041962, , , , , , , 26.0960192, 0.0552224, , , , , , , , , , , , , , , , , , , , , , , , , , , , 
26.0965385, -0.0532082, , , , , , , 26.0965385, -0.0072175, , , , , , , 26.0965385, -0.0041962, , , , , , , 26.0965385, 0.04448, , , , , , , , , , , , , , , , , , , , , , , , , , , , 
26.0970577, -0.0441444, , , , , , , 26.0970577, -0.0090639, , , , , , , 26.0970577, -0.0025177, , , , , , , 26.0970577, 0.0303807, , , , , , , , , , , , , , , , , , , , , , , , , , , , 
26.0975769, -0.0350805, , , , , , , 26.0975769, -0.0095674, , , , , , , 26.0975769, -0.0016785, , , , , , , 26.0975769, 0.0176242, , , , , , , , , , , , , , , , , , , , , , , , , , , , 
26.0980962, -0.026688, , , , , , , 26.0980962, -0.0092317, , , , , , , 26.0980962, -0.0028534, , , , , , , 26.0980962, 0.0092317, , , , , , , , , , , , , , , , , , , , , , , , , , , , 
26.0986154, -0.0206455, , , , , , , 26.0986154, -0.0075532, , , , , , , 26.0986154, -0.0052033, , , , , , , 26.0986154, 0.0052033, , , , , , , , , , , , , , , , , , , , , , , , , , , , 
26.0991346, -0.0191348, , , , , , , 26.0991346, -0.0072175, , , , , , , 26.0991346, -0.0068818, , , , , , , 26.0991346, 0.0045319, , , , , , , , , , , , , , , , , , , , , , , , , , , , 
26.0996538, -0.0162814, , , , , , , 26.0996538, -0.0058747, , , , , , , 26.0996538, -0.0075532, , , , , , , 26.0996538, 0.0038605, , , , , , , , , , , , , , , , , , , , , , , , , , , , 
26.1001731, -0.0092317, , , , , , , 26.1001731, -0.0057069, , , , , , , 26.1001731, -0.0078889, , , , , , , 26.1001731, 0.0018463, , , , , , , , , , , , , , , , , , , , , , , , , , , , 
26.1006923, -0.0041962, , , , , , , 26.1006923, -0.0082246, , , , , , , 26.1006923, -0.0078889, , , , , , , 26.1006923, -0.0018463, , , , , , , , , , , , , , , , , , , , , , , , , , , , 
26.1012115, 0.0048676, , , , , , , 26.1012115, -0.0099031, , , , , , , 26.1012115, -0.0095674, , , , , , , 26.1012115, -0.0028534, , , , , , , , , , , , , , , , , , , , , , , , , , , , 
26.1017308, 0.008896, , , , , , , 26.1017308, -0.0092317, , , , , , , 26.1017308, -0.011078, , , , , , , 26.1017308, -0.0025177, , , , , , , , , , , , , , , , , , , , , , , , , , , , 
26.10225, 0.0075532, , , , , , , 26.10225, -0.0095674, , , , , , , 26.10225, -0.0115816, , , , , , , 26.10225, -0.0018463, , , , , , , , , , , , , , , , , , , , , , , , , , , , 
26.1027692, 0.0117494, , , , , , , 26.1027692, -0.0083925, , , , , , , 26.1027692, -0.0129244, , , , , , , 26.1027692, -0.0008392, , , , , , , , , , , , , , , , , , , , , , , , , , , , 
26.1032885, 0.0213169, , , , , , , 26.1032885, -0.0072175, , , , , , , 26.1032885, -0.012253, , , , , , , 26.1032885, 0.0005035, , , , , , , , , , , , , , , , , , , , , , , , , , , , 
26.1038077, 0.0209812, , , , , , , 26.1038077, -0.0082246, , , , , , , 26.1038077, -0.0112459, , , , , , , 26.1038077, 0.0035248, , , , , , , , , , , , , , , , , , , , , , , , , , , , 
26.1043269, 0.0179599, , , , , , , 26.1043269, -0.0070497, , , , , , , 26.1043269, -0.0115816, , , , , , , 26.1043269, 0.005539, , , , , , , , , , , , , , , , , , , , , , , , , , , , 
26.1048462, 0.0172885, , , , , , , 26.1048462, -0.005539, , , , , , , 26.1048462, -0.0104067, , , , , , , 26.1048462, 0.0052033, , , , , , , , , , , , , , , , , , , , , , , , , , , , 
26.1053654, 0.0193027, , , , , , , 26.1053654, -0.0045319, , , , , , , 26.1053654, -0.0085603, , , , , , , 26.1053654, 0.0063783, , , , , , , , , , , , , , , , , , , , , , , , , , , , 
26.1058846, 0.0219883, , , , , , , 26.1058846, -0.0041962, , , , , , , 26.1058846, -0.0082246, , , , , , , 26.1058846, 0.0078889, , , , , , , , , , , , , , , , , , , , , , , , , , , , 
26.1064038, 0.026688, , , , , , , 26.1064038, -0.005539, , , , , , , 26.1064038, -0.0072175, , , , , , , 26.1064038, 0.0011749, , , , , , , , , , , , , , , , , , , , , , , , , , , , 
26.1069231, 0.0364233, , , , , , , 26.1069231, -0.0062104, , , , , , , 26.1069231, -0.0065461, , , , , , , 26.1069231, -0.0085603, , , , , , , , , , , , , , , , , , , , , , , , , , , , 
26.1074423, 0.043473, , , , , , , 26.1074423, -0.0065461, , , , , , , 26.1074423, -0.0065461, , , , , , , 26.1074423, -0.0149386, , , , , , , , , , , , , , , , , , , , , , , , , , , , 
26.1079615, 0.0454871, , , , , , , 26.1079615, -0.0068818, , , , , , , 26.1079615, -0.0095674, , , , , , , 26.1079615, -0.01561, , , , , , , , , , , , , , , , , , , , , , , , , , , , 
26.1084808, 0.04448, , , , , , , 26.1084808, -0.0063783, , , , , , , 26.1084808, -0.0115816, , , , , , , 26.1084808, -0.0162814, , , , , , , , , , , , , , , , , , , , , , , , , , , , 
26.109, 0.0428016, , , , , , , 26.109, -0.0077211, , , , , , , 26.109, -0.0102388, , , , , , , 26.109, -0.0146029, , , , , , , , , , , , , , , , , , , , , , , , , , , , 
26.1095192, 0.0381018, , , , , , , 26.1095192, -0.0092317, , , , , , , 26.1095192, -0.0095674, , , , , , , 26.1095192, -0.0112459, , , , , , , , , , , , , , , , , , , , , , , , , , , , 
26.1100385, 0.0313878, , , , , , , 26.1100385, -0.0068818, , , , , , , 26.1100385, -0.0092317, , , , , , , 26.1100385, -0.0068818, , , , , , , , , , , , , , , , , , , , , , , , , , , , 
26.1105577, 0.0216526, , , , , , , 26.1105577, -0.0048676, , , , , , , 26.1105577, -0.0099031, , , , , , , 26.1105577, 0.0001678, , , , , , , , , , , , , , , , , , , , , , , , , , , , 
26.1110769, 0.0139315, , , , , , , 26.1110769, -0.0072175, , , , , , , 26.1110769, -0.0099031, , , , , , , 26.1110769, 0.0070497, , , , , , , , , , , , , , , , , , , , , , , , , , , , 
26.1115962, 0.0129244, , , , , , , 26.1115962, -0.0085603, , , , , , , 26.1115962, -0.0075532, , , , , , , 26.1115962, 0.014435, , , , , , , , , , , , , , , , , , , , , , , , , , , , 
26.1121154, 0.0105745, , , , , , , 26.1121154, -0.0072175, , , , , , , 26.1121154, -0.005539, , , , , , , 26.1121154, 0.0224918, , , , , , , , , , , , , , , , , , , , , , , , , , , , 
26.1126346, -0.0005035, , , , , , , 26.1126346, -0.0062104, , , , , , , 26.1126346, -0.0048676, , , , , , , 26.1126346, 0.0297093, , , , , , , , , , , , , , , , , , , , , , , , , , , , 
26.1131538, -0.0162814, , , , , , , 26.1131538, -0.0090639, , , , , , , 26.1131538, -0.0062104, , , , , , , 26.1131538, 0.0364233, , , , , , , , , , , , , , , , , , , , , , , , , , , , 
26.1136731, -0.0243381, , , , , , , 26.1136731, -0.0102388, , , , , , , 26.1136731, -0.0048676, , , , , , , 26.1136731, 0.0428016, , , , , , , , , , , , , , , , , , , , , , , , , , , , 
26.1141923, -0.0246738, , , , , , , 26.1141923, -0.0083925, , , , , , , 26.1141923, -0.0015106, , , , , , , 26.1141923, 0.0488441, , , , , , , , , , , , , , , , , , , , , , , , , , , , 
26.1147115, -0.0313878, , , , , , , 26.1147115, -0.0075532, , , , , , , 26.1147115, 0.0005035, , , , , , , 26.1147115, 0.0525368, , , , , , , , , , , , , , , , , , , , , , , , , , , , 
26.1152308, -0.0424659, , , , , , , 26.1152308, -0.0072175, , , , , , , 26.1152308, 0.0018463, , , , , , , 26.1152308, 0.0562295, , , , , , , , , , , , , , , , , , , , , , , , , , , , 
26.11575, -0.0491798, , , , , , , 26.11575, -0.0075532, , , , , , , 26.11575, 0.0023499, , , , , , , 26.11575, 0.0605936, , , , , , , , , , , , , , , , , , , , , , , , , , , , 
26.1162692, -0.0453193, , , , , , , 26.1162692, -0.0082246, , , , , , , 26.1162692, 0.0005035, , , , , , , 26.1162692, 0.0587472, , , , , , , , , , , , , , , , , , , , , , , , , , , , 
26.1167885, -0.0337377, , , , , , , 26.1167885, -0.0082246, , , , , , , 26.1167885, -0.002182, , , , , , , 26.1167885, 0.0480049, , , , , , , , , , , , , , , , , , , , , , , , , , , , 
26.1173077, -0.0263523, , , , , , , 26.1173077, -0.0050355, , , , , , , 26.1173077, -0.0036927, , , , , , , 26.1173077, 0.0360876, , , , , , , , , , , , , , , , , , , , , , , , , , , , 
26.1178269, -0.0194705, , , , , , , 26.1178269, -0.0048676, , , , , , , 26.1178269, -0.0035248, , , , , , , 26.1178269, 0.026688, , , , , , , , , , , , , , , , , , , , , , , , , , , , 
26.1183462, -0.0124208, , , , , , , 26.1183462, -0.0058747, , , , , , , 26.1183462, -0.0031891, , , , , , , 26.1183462, 0.0209812, , , , , , , , , , , , , , , , , , , , , , , , , , , , 
26.1188654, -0.0078889, , , , , , , 26.1188654, -0.0068818, , , , , , , 26.1188654, -0.005539, , , , , , , 26.1188654, 0.0181277, , , , , , , , , , , , , , , , , , , , , , , , , , , , 
26.1193846, -0.0035248, , , , , , , 26.1193846, -0.0048676, , , , , , , 26.1193846, -0.006714, , , , , , , 26.1193846, 0.0179599, , , , , , , , , , , , , , , , , , , , , , , , , , , , 
26.1199038, 0.0038605, , , , , , , 26.1199038, -0.0036927, , , , , , , 26.1199038, -0.0077211, , , , , , , 26.1199038, 0.0162814, , , , , , , , , , , , , , , , , , , , , , , , , , , , 
26.1204231, 0.012253, , , , , , , 26.1204231, -0.0045319, , , , , , , 26.1204231, -0.0085603, , , , , , , 26.1204231, 0.01561, , , , , , , , , , , , , , , , , , , , , , , , , , , , 
26.1209423, 0.0182956, , , , , , , 26.1209423, -0.0075532, , , , , , , 26.1209423, -0.008896, , , , , , , 26.1209423, 0.0135958, , , , , , , , , , , , , , , , , , , , , , , , , , , , 
26.1214615, 0.0193027, , , , , , , 26.1214615, -0.0095674, , , , , , , 26.1214615, -0.0083925, , , , , , , 26.1214615, 0.0105745, , , , , , , , , , , , , , , , , , , , , , , , , , , , 
26.1219808, 0.0166171, , , , , , , 26.1219808, -0.008896, , , , , , , 26.1219808, -0.0085603, , , , , , , 26.1219808, 0.0092317, , , , , , , , , , , , , , , , , , , , , , , , , , , , 
26.1225, 0.0166171, , , , , , , 26.1225, -0.0083925, , , , , , , 26.1225, -0.0090639, , , , , , , 26.1225, 0.008896, , , , , , , , , , , , , , , , , , , , , , , , , , , , 
26.1230192, 0.0176242, , , , , , , 26.1230192, -0.0099031, , , , , , , 26.1230192, -0.0099031, , , , , , , 26.1230192, 0.0085603, , , , , , , , , , , , , , , , , , , , , , , , , , , , 
26.1235385, 0.0166171, , , , , , , 26.1235385, -0.0109102, , , , , , , 26.1235385, -0.0095674, , , , , , , 26.1235385, 0.0078889, , , , , , , , , , , , , , , , , , , , , , , , , , , , 
26.1240577, 0.0182956, , , , , , , 26.1240577, -0.0102388, , , , , , , 26.1240577, -0.0083925, , , , , , , 26.1240577, 0.0092317, , , , , , , , , , , , , , , , , , , , , , , , , , , , 
26.1245769, 0.0206455, , , , , , , 26.1245769, -0.0065461, , , , , , , 26.1245769, -0.0078889, , , , , , , 26.1245769, 0.0105745, , , , , , , , , , , , , , , , , , , , , , , , , , , , 
26.1250962, 0.0166171, , , , , , , 26.1250962, -0.0041962, , , , , , , 26.1250962, -0.0075532, , , , , , , 26.1250962, 0.008896, , , , , , , , , , , , , , , , , , , , , , , , , , , , 
26.1256154, 0.0078889, , , , , , , 26.1256154, -0.0048676, , , , , , , 26.1256154, -0.0082246, , , , , , , 26.1256154, 0.0045319, , , , , , , , , , , , , , , , , , , , , , , , , , , , 
26.1261346, 0.0065461, , , , , , , 26.1261346, -0.0078889, , , , , , , 26.1261346, -0.0095674, , , , , , , 26.1261346, 0.0005035, , , , , , , , , , , , , , , , , , , , , , , , , , , , 
26.1266538, 0.0119173, , , , , , , 26.1266538, -0.008896, , , , , , , 26.1266538, -0.0115816, , , , , , , 26.1266538, -0.0062104, , , , , , , , , , , , , , , , , , , , , , , , , , , , 
26.1271731, 0.021149, , , , , , , 26.1271731, -0.0075532, , , , , , , 26.1271731, -0.0142672, , , , , , , 26.1271731, -0.0125887, , , , , , , , , , , , , , , , , , , , , , , , , , , , 
26.1276923, 0.0276951, , , , , , , 26.1276923, -0.0083925, , , , , , , 26.1276923, -0.0164492, , , , , , , 26.1276923, -0.0172885, , , , , , , , , , , , , , , , , , , , , , , , , , , , 
26.1282115, 0.0303807, , , , , , , 26.1282115, -0.0099031, , , , , , , 26.1282115, -0.0176242, , , , , , , 26.1282115, -0.0213169, , , , , , , , , , , , , , , , , , , , , , , , , , , , 
26.1287308, 0.0307164, , , , , , , 26.1287308, -0.0109102, , , , , , , 26.1287308, -0.0169528, , , , , , , 26.1287308, -0.0243381, , , , , , , , , , , , , , , , , , , , , , , , , , , , 
26.12925, 0.0303807, , , , , , , 26.12925, -0.0092317, , , , , , , 26.12925, -0.0135958, , , , , , , 26.12925, -0.0229953, , , , , , , , , , , , , , , , , , , , , , , , , , , , 
26.1297692, 0.0330663, , , , , , , 26.1297692, -0.0085603, , , , , , , 26.1297692, -0.0099031, , , , , , , 26.1297692, -0.0176242, , , , , , , , , , , , , , , , , , , , , , , , , , , , 
26.1302885, 0.0352483, , , , , , , 26.1302885, -0.0090639, , , , , , , 26.1302885, -0.0070497, , , , , , , 26.1302885, -0.0132601, , , , , , , , , , , , , , , , , , , , , , , , , , , , 
26.1308077, 0.0253452, , , , , , , 26.1308077, -0.0063783, , , , , , , 26.1308077, -0.0052033, , , , , , , 26.1308077, -0.005539, , , , , , , , , , , , , , , , , , , , , , , , , , , , 
26.1313269, 0.014435, , , , , , , 26.1313269, -0.0048676, , , , , , , 26.1313269, -0.0072175, , , , , , , 26.1313269, 0.0043641, , , , , , , , , , , , , , , , , , , , , , , , , , , , 
26.1318462, 0.0090639, , , , , , , 26.1318462, -0.0075532, , , , , , , 26.1318462, -0.0099031, , , , , , , 26.1318462, 0.0097353, , , , , , , , , , , , , , , , , , , , , , , , , , , , 
26.1323654, 0.0072175, , , , , , , 26.1323654, -0.0104067, , , , , , , 26.1323654, -0.0099031, , , , , , , 26.1323654, 0.0102388, , , , , , , , , , , , , , , , , , , , , , , , , , , , 
26.1328846, 0.0008392, , , , , , , 26.1328846, -0.0112459, , , , , , , 26.1328846, -0.0082246, , , , , , , 26.1328846, 0.0151064, , , , , , , , , , , , , , , , , , , , , , , , , , , , 
26.1334038, -0.0082246, , , , , , , 26.1334038, -0.0107424, , , , , , , 26.1334038, -0.0072175, , , , , , , 26.1334038, 0.0243381, , , , , , , , , , , , , , , , , , , , , , , , , , , , 
26.1339231, -0.0109102, , , , , , , 26.1339231, -0.012253, , , , , , , 26.1339231, -0.0082246, , , , , , , 26.1339231, 0.0320592, , , , , , , , , , , , , , , , , , , , , , , , , , , , 
26.1344423, -0.0125887, , , , , , , 26.1344423, -0.0142672, , , , , , , 26.1344423, -0.0075532, , , , , , , 26.1344423, 0.0384375, , , , , , , , , , , , , , , , , , , , , , , , , , , , 
26.1349615, -0.0154421, , , , , , , 26.1349615, -0.0130922, , , , , , , 26.1349615, -0.0070497, , , , , , , 26.1349615, 0.0441444, , , , , , , , , , , , , , , , , , , , , , , , , , , , 
26.1354808, -0.0182956, , , , , , , 26.1354808, -0.0083925, , , , , , , 26.1354808, -0.0072175, , , , , , , 26.1354808, 0.0481727, , , , , , , , , , , , , , , , , , , , , , , , , , , , 
26.136, -0.0149386, , , , , , , 26.136, -0.0058747, , , , , , , 26.136, -0.0062104, , , , , , , 26.136, 0.0488441, , , , , , , , , , , , , , , , , , , , , , , , , , , , 
26.1365192, -0.0082246, , , , , , , 26.1365192, -0.0060426, , , , , , , 26.1365192, -0.0045319, , , , , , , 26.1365192, 0.04448, , , , , , , , , , , , , , , , , , , , , , , , , , , , 
26.1370385, 0.0005035, , , , , , , 26.1370385, -0.0078889, , , , , , , 26.1370385, -0.002182, , , , , , , 26.1370385, 0.0372625, , , , , , , , , , , , , , , , , , , , , , , , , , , , 
26.1375577, 0.0115816, , , , , , , 26.1375577, -0.0082246, , , , , , , 26.1375577, -0.0016785, , , , , , , 26.1375577, 0.030045, , , , , , , , , , , , , , , , , , , , , , , , , , , , 
26.1380769, 0.0186313, , , , , , , 26.1380769, -0.0072175, , , , , , , 26.1380769, -0.0015106, , , , , , , 26.1380769, 0.0223239, , , , , , , , , , , , , , , , , , , , , , , , , , , , 
26.1385962, 0.0213169, , , , , , , 26.1385962, -0.0062104, , , , , , , 26.1385962, -0.0041962, , , , , , , 26.1385962, 0.0182956, , , , , , , , , , , , , , , , , , , , , , , , , , , , 
26.1391154, 0.0307164, , , , , , , 26.1391154, -0.0065461, , , , , , , 26.1391154, -0.005539, , , , , , , 26.1391154, 0.0146029, , , , , , , , , , , , , , , , , , , , , , , , , , , , 
26.1396346, 0.040116, , , , , , , 26.1396346, -0.0085603, , , , , , , 26.1396346, -0.0052033, , , , , , , 26.1396346, 0.0132601, , , , , , , , , , , , , , , , , , , , , , , , , , , , 
26.1401538, 0.0448157, , , , , , , 26.1401538, -0.0087282, , , , , , , 26.1401538, -0.0048676, , , , , , , 26.1401538, 0.0132601, , , , , , , , , , , , , , , , , , , , , , , , , , , , 
26.1406731, 0.0468299, , , , , , , 26.1406731, -0.0075532, , , , , , , 26.1406731, -0.0057069, , , , , , , 26.1406731, 0.0125887, , , , , , , , , , , , , , , , , , , , , , , , , , , , 
26.1411923, 0.0495155, , , , , , , 26.1411923, -0.0068818, , , , , , , 26.1411923, -0.0082246, , , , , , , 26.1411923, 0.0092317, , , , , , , , , , , , , , , , , , , , , , , , , , , , 
26.1417115, 0.0515297, , , , , , , 26.1417115, -0.0062104, , , , , , , 26.1417115, -0.0097353, , , , , , , 26.1417115, 0.0072175, , , , , , , , , , , , , , , , , , , , , , , , , , , , 
26.1422308, 0.0485084, , , , , , , 26.1422308, -0.0075532, , , , , , , 26.1422308, -0.0109102, , , , , , , 26.1422308, 0.0065461, , , , , , , , , , , , , , , , , , , , , , , , , , , , 
26.14275, 0.0461585, , , , , , , 26.14275, -0.008896, , , , , , , 26.14275, -0.011078, , , , , , , 26.14275, 0.0078889, , , , , , , , , , , , , , , , , , , , , , , , , , , , 
26.1432692, 0.0459907, , , , , , , 26.1432692, -0.0083925, , , , , , , 26.1432692, -0.0078889, , , , , , , 26.1432692, 0.0058747, , , , , , , , , , , , , , , , , , , , , , , , , , , , 
26.1437885, 0.0488441, , , , , , , 26.1437885, -0.0062104, , , , , , , 26.1437885, -0.0057069, , , , , , , 26.1437885, 0.0041962, , , , , , , , , , , , , , , , , , , , , , , , , , , , 
26.1443077, 0.0488441, , , , , , , 26.1443077, -0.0065461, , , , , , , 26.1443077, -0.008896, , , , , , , 26.1443077, 0.0053712, , , , , , , , , , , , , , , , , , , , , , , , , , , , 
26.1448269, 0.0464942, , , , , , , 26.1448269, -0.0082246, , , , , , , 26.1448269, -0.0130922, , , , , , , 26.1448269, 0.0052033, , , , , , , , , , , , , , , , , , , , , , , , , , , , 
26.1453462, 0.0438087, , , , , , , 26.1453462, -0.008896, , , , , , , 26.1453462, -0.0146029, , , , , , , 26.1453462, 0.0048676, , , , , , , , , , , , , , , , , , , , , , , , , , , , 
26.1458654, 0.0407874, , , , , , , 26.1458654, -0.0095674, , , , , , , 26.1458654, -0.012253, , , , , , , 26.1458654, 0.0023499, , , , , , , , , , , , , , , , , , , , , , , , , , , , 
26.1463846, 0.04448, , , , , , , 26.1463846, -0.0078889, , , , , , , 26.1463846, -0.0109102, , , , , , , 26.1463846, -0.0041962, , , , , , , , , , , , , , , , , , , , , , , , , , , , 
26.1469038, 0.0569009, , , , , , , 26.1469038, -0.0058747, , , , , , , 26.1469038, -0.0112459, , , , , , , 26.1469038, -0.012253, , , , , , , , , , , , , , , , , , , , , , , , , , , , 
26.1474231, 0.0673075, , , , , , , 26.1474231, -0.0072175, , , , , , , 26.1474231, -0.0135958, , , , , , , 26.1474231, -0.0176242, , , , , , , , , , , , , , , , , , , , , , , , , , , , 
26.1479423, 0.0720073, , , , , , , 26.1479423, -0.0099031, , , , , , , 26.1479423, -0.0149386, , , , , , , 26.1479423, -0.0198062, , , , , , , , , , , , , , , , , , , , , , , , , , , , 
26.1484615, 0.0762036, , , , , , , 26.1484615, -0.008896, , , , , , , 26.1484615, -0.0159457, , , , , , , 26.1484615, -0.0229953, , , , , , , , , , , , , , , , , , , , , , , , , , , , 
26.1489808, 0.0743572, , , , , , , 26.1489808, -0.0062104, , , , , , , 26.1489808, -0.0176242, , , , , , , 26.1489808, -0.0250095, , , , , , , , , , , , , , , , , , , , , , , , , , , , 
26.1495, 0.072343, , , , , , , 26.1495, -0.0068818, , , , , , , 26.1495, -0.0182956, , , , , , , 26.1495, -0.0218204, , , , , , , , , , , , , , , , , , , , , , , , , , , , 
26.1500192, 0.0698253, , , , , , , 26.1500192, -0.0075532, , , , , , , 26.1500192, -0.0162814, , , , , , , 26.1500192, -0.0172885, , , , , , , , , , , , , , , , , , , , , , , , , , , , 
26.1505385, 0.0595865, , , , , , , 26.1505385, -0.0075532, , , , , , , 26.1505385, -0.0129244, , , , , , , 26.1505385, -0.012253, , , , , , , , , , , , , , , , , , , , , , , , , , , , 
26.1510577, 0.0481727, , , , , , , 26.1510577, -0.0065461, , , , , , , 26.1510577, -0.0115816, , , , , , , 26.1510577, -0.0048676, , , , , , , , , , , , , , , , , , , , , , , , , , , , 
26.1515769, 0.0428016, , , , , , , 26.1515769, -0.0072175, , , , , , , 26.1515769, -0.0109102, , , , , , , 26.1515769, 0.0010071, , , , , , , , , , , , , , , , , , , , , , , , , , , , 
26.1520962, 0.0404517, , , , , , , 26.1520962, -0.0109102, , , , , , , 26.1520962, -0.0095674, , , , , , , 26.1520962, 0.0072175, , , , , , , , , , , , , , , , , , , , , , , , , , , , 
26.1526154, 0.0352483, , , , , , , 26.1526154, -0.012253, , , , , , , 26.1526154, -0.0085603, , , , , , , 26.1526154, 0.0152743, , , , , , , , , , , , , , , , , , , , , , , , , , , , 
26.1531346, 0.023331, , , , , , , 26.1531346, -0.012253, , , , , , , 26.1531346, -0.0068818, , , , , , , 26.1531346, 0.0236667, , , , , , , , , , , , , , , , , , , , , , , , , , , , 
26.1536538, 0.0102388, , , , , , , 26.1536538, -0.0109102, , , , , , , 26.1536538, -0.005539, , , , , , , 26.1536538, 0.0313878, , , , , , , , , , , , , , , , , , , , , , , , , , , , 
26.1541731, 0.0005035, , , , , , , 26.1541731, -0.0082246, , , , , , , 26.1541731, -0.005539, , , , , , , 26.1541731, 0.0370947, , , , , , , , , , , , , , , , , , , , , , , , , , , , 
26.1546923, -0.0031891, , , , , , , 26.1546923, -0.0057069, , , , , , , 26.1546923, -0.0038605, , , , , , , 26.1546923, 0.0377661, , , , , , , , , , , , , , , , , , , , , , , , , , , , 
26.1552115, -0.0072175, , , , , , , 26.1552115, -0.0062104, , , , , , , 26.1552115, -0.0005035, , , , , , , 26.1552115, 0.0387732, , , , , , , , , , , , , , , , , , , , , , , , , , , , 
26.1557308, -0.0125887, , , , , , , 26.1557308, -0.0082246, , , , , , , 26.1557308, -0.0005035, , , , , , , 26.1557308, 0.0384375, , , , , , , , , , , , , , , , , , , , , , , , , , , , 
26.15625, -0.0125887, , , , , , , 26.15625, -0.0082246, , , , , , , 26.15625, -0.0036927, , , , , , , 26.15625, 0.0391089, , , , , , , , , , , , , , , , , , , , , , , , , , , , 
26.1567692, -0.0058747, , , , , , , 26.1567692, -0.0050355, , , , , , , 26.1567692, -0.0068818, , , , , , , 26.1567692, 0.0357519, , , , , , , , , , , , , , , , , , , , , , , , , , , , 
26.1572885, 0.0038605, , , , , , , 26.1572885, -0.002182, , , , , , , 26.1572885, -0.0063783, , , , , , , 26.1572885, 0.0287022, , , , , , , , , , , , , , , , , , , , , , , , , , , , 
26.1578077, 0.0058747, , , , , , , 26.1578077, -0.0031891, , , , , , , 26.1578077, -0.0062104, , , , , , , 26.1578077, 0.0260166, , , , , , , , , , , , , , , , , , , , , , , , , , , , 
26.1583269, 0.0045319, , , , , , , 26.1583269, -0.0041962, , , , , , , 26.1583269, -0.0062104, , , , , , , 26.1583269, 0.0273594, , , , , , , , , , , , , , , , , , , , , , , , , , , , 
26.1588462, 0.0030213, , , , , , , 26.1588462, -0.005539, , , , , , , 26.1588462, -0.0052033, , , , , , , 26.1588462, 0.0280308, , , , , , , , , , , , , , , , , , , , , , , , , , , , 
26.1593654, 0.002182, , , , , , , 26.1593654, -0.0062104, , , , , , , 26.1593654, -0.0062104, , , , , , , 26.1593654, 0.0253452, , , , , , , , , , , , , , , , , , , , , , , , , , , , 
26.1598846, 0.0031891, , , , , , , 26.1598846, -0.0068818, , , , , , , 26.1598846, -0.0070497, , , , , , , 26.1598846, 0.0223239, , , , , , , , , , , , , , , , , , , , , , , , , , , , 
26.1604038, 0.0092317, , , , , , , 26.1604038, -0.0063783, , , , , , , 26.1604038, -0.005539, , , , , , , 26.1604038, 0.0218204, , , , , , , , , , , , , , , , , , , , , , , , , , , , 
26.1609231, 0.0186313, , , , , , , 26.1609231, -0.0050355, , , , , , , 26.1609231, -0.0028534, , , , , , , 26.1609231, 0.0240024, , , , , , , , , , , , , , , , , , , , , , , , , , , , 
26.1614423, 0.0226596, , , , , , , 26.1614423, -0.0063783, , , , , , , 26.1614423, -0.0015106, , , , , , , 26.1614423, 0.0219883, , , , , , , , , , , , , , , , , , , , , , , , , , , , 
26.1619615, 0.0186313, , , , , , , 26.1619615, -0.0068818, , , , , , , 26.1619615, -0.0028534, , , , , , , 26.1619615, 0.0166171, , , , , , , , , , , , , , , , , , , , , , , , , , , , 
26.1624808, 0.0102388, , , , , , , 26.1624808, -0.0058747, , , , , , , 26.1624808, -0.0036927, , , , , , , 26.1624808, 0.0142672, , , , , , , , , , , , , , , , , , , , , , , , , , , , 
26.163, 0.0048676, , , , , , , 26.163, -0.0065461, , , , , , , 26.163, -0.0038605, , , , , , , 26.163, 0.010071, , , , , , , , , , , , , , , , , , , , , , , , , , , , 
26.1635192, 0.0063783, , , , , , , 26.1635192, -0.0075532, , , , , , , 26.1635192, -0.0045319, , , , , , , 26.1635192, 0.005539, , , , , , , , , , , , , , , , , , , , , , , , , , , , 
26.1640385, 0.0112459, , , , , , , 26.1640385, -0.0075532, , , , , , , 26.1640385, -0.0062104, , , , , , , 26.1640385, 0.0045319, , , , , , , , , , , , , , , , , , , , , , , , , , , , 
26.1645577, 0.0146029, , , , , , , 26.1645577, -0.0063783, , , , , , , 26.1645577, -0.0075532, , , , , , , 26.1645577, 0.0058747, , , , , , , , , , , , , , , , , , , , , , , , , , , , 
26.1650769, 0.0152743, , , , , , , 26.1650769, -0.005539, , , , , , , 26.1650769, -0.0082246, , , , , , , 26.1650769, 0.0065461, , , , , , , , , , , , , , , , , , , , , , , , , , , , 
26.1655962, 0.0119173, , , , , , , 26.1655962, -0.0075532, , , , , , , 26.1655962, -0.0082246, , , , , , , 26.1655962, 0.0085603, , , , , , , , , , , , , , , , , , , , , , , , , , , , 
26.1661154, 0.0109102, , , , , , , 26.1661154, -0.0090639, , , , , , , 26.1661154, -0.0082246, , , , , , , 26.1661154, 0.0077211, , , , , , , , , , , , , , , , , , , , , , , , , , , , 
26.1666346, 0.0166171, , , , , , , 26.1666346, -0.0083925, , , , , , , 26.1666346, -0.0075532, , , , , , , 26.1666346, 0.0035248, , , , , , , , , , , , , , , , , , , , , , , , , , , , 
26.1671538, 0.0224918, , , , , , , 26.1671538, -0.0082246, , , , , , , 26.1671538, -0.0082246, , , , , , , 26.1671538, -0.0028534, , , , , , , , , , , , , , , , , , , , , , , , , , , , 
26.1676731, 0.0280308, , , , , , , 26.1676731, -0.0095674, , , , , , , 26.1676731, -0.0109102, , , , , , , 26.1676731, -0.0115816, , , , , , , , , , , , , , , , , , , , , , , , , , , , 
26.1681923, 0.033402, , , , , , , 26.1681923, -0.0119173, , , , , , , 26.1681923, -0.0129244, , , , , , , 26.1681923, -0.0179599, , , , , , , , , , , , , , , , , , , , , , , , , , , , 
26.1687115, 0.0407874, , , , , , , 26.1687115, -0.0112459, , , , , , , 26.1687115, -0.014435, , , , , , , 26.1687115, -0.017792, , , , , , , , , , , , , , , , , , , , , , , , , , , , 
26.1692308, 0.0464942, , , , , , , 26.1692308, -0.0082246, , , , , , , 26.1692308, -0.0139315, , , , , , , 26.1692308, -0.0139315, , , , , , , , , , , , , , , , , , , , , , , , , , , , 
26.16975, 0.0428016, , , , , , , 26.16975, -0.0065461, , , , , , , 26.16975, -0.0139315, , , , , , , 26.16975, -0.008896, , , , , , , , , , , , , , , , , , , , , , , , , , , , 
26.1702692, 0.0330663, , , , , , , 26.1702692, -0.0058747, , , , , , , 26.1702692, -0.014435, , , , , , , 26.1702692, -0.0025177, , , , , , , , , , , , , , , , , , , , , , , , , , , , 
26.1707885, 0.026688, , , , , , , 26.1707885, -0.0060426, , , , , , , 26.1707885, -0.0135958, , , , , , , 26.1707885, 0.0035248, , , , , , , , , , , , , , , , , , , , , , , , , , , , 
26.1713077, 0.0179599, , , , , , , 26.1713077, -0.0072175, , , , , , , 26.1713077, -0.0129244, , , , , , , 26.1713077, 0.0085603, , , , , , , , , , , , , , , , , , , , , , , , , , , , 
26.1718269, 0.0077211, , , , , , , 26.1718269, -0.0083925, , , , , , , 26.1718269, -0.011078, , , , , , , 26.1718269, 0.0137636, , , , , , , , , , , , , , , , , , , , , , , , , , , , 
26.1723462, 0.0005035, , , , , , , 26.1723462, -0.0085603, , , , , , , 26.1723462, -0.010071, , , , , , , 26.1723462, 0.0199741, , , , , , , , , , , , , , , , , , , , , , , , , , , , 
26.1728654, -0.0045319, , , , , , , 26.1728654, -0.0082246, , , , , , , 26.1728654, -0.0102388, , , , , , , 26.1728654, 0.0260166, , , , , , , , , , , , , , , , , , , , , , , , , , , , 
26.1733846, -0.0135958, , , , , , , 26.1733846, -0.0068818, , , , , , , 26.1733846, -0.0085603, , , , , , , 26.1733846, 0.0327306, , , , , , , , , , , , , , , , , , , , , , , , , , , , 
26.1739038, -0.0263523, , , , , , , 26.1739038, -0.0082246, , , , , , , 26.1739038, -0.005539, , , , , , , 26.1739038, 0.0394446, , , , , , , , , , , , , , , , , , , , , , , , , , , , 
26.1744231, -0.0370947, , , , , , , 26.1744231, -0.0109102, , , , , , , 26.1744231, -0.0038605, , , , , , , 26.1744231, 0.0475013, , , , , , , , , , , , , , , , , , , , , , , , , , , , 
26.1749423, -0.0448157, , , , , , , 26.1749423, -0.0092317, , , , , , , 26.1749423, -0.0028534, , , , , , , 26.1749423, 0.0533761, , , , , , , , , , , , , , , , , , , , , , , , , , , , 
26.1754615, -0.0461585, , , , , , , 26.1754615, -0.008896, , , , , , , 26.1754615, -0.0025177, , , , , , , 26.1754615, 0.0569009, , , , , , , , , , , , , , , , , , , , , , , , , , , , 
26.1759808, -0.0411231, , , , , , , 26.1759808, -0.0112459, , , , , , , 26.1759808, -0.0030213, , , , , , , 26.1759808, 0.0569009, , , , , , , , , , , , , , , , , , , , , , , , , , , , 
26.1765, -0.0357519, , , , , , , 26.1765, -0.0109102, , , , , , , 26.1765, -0.0035248, , , , , , , 26.1765, 0.0528725, , , , , , , , , , , , , , , , , , , , , , , , , , , , 
26.1770192, -0.0283665, , , , , , , 26.1770192, -0.0097353, , , , , , , 26.1770192, -0.0041962, , , , , , , 26.1770192, 0.0459907, , , , , , , , , , , , , , , , , , , , , , , , , , , , 
26.1775385, -0.0193027, , , , , , , 26.1775385, -0.0078889, , , , , , , 26.1775385, -0.0035248, , , , , , , 26.1775385, 0.0374304, , , , , , , , , , , , , , , , , , , , , , , , , , , , 
26.1780577, -0.0105745, , , , , , , 26.1780577, -0.0048676, , , , , , , 26.1780577, -0.0018463, , , , , , , 26.1780577, 0.0290379, , , , , , , , , , , , , , , , , , , , , , , , , , , , 
26.1785769, -0.0068818, , , , , , , 26.1785769, -0.0018463, , , , , , , 26.1785769, -0.0015106, , , , , , , 26.1785769, 0.0223239, , , , , , , , , , , , , , , , , , , , , , , , , , , , 
26.1790962, -0.0048676, , , , , , , 26.1790962, -0.0010071, , , , , , , 26.1790962, -0.0011749, , , , , , , 26.1790962, 0.0176242, , , , , , , , , , , , , , , , , , , , , , , , , , , , 
26.1796154, -0.0011749, , , , , , , 26.1796154, -0.0028534, , , , , , , 26.1796154, -0.0023499, , , , , , , 26.1796154, 0.0149386, , , , , , , , , , , , , , , , , , , , , , , , , , , , 
26.1801346, 0.0003357, , , , , , , 26.1801346, -0.005539, , , , , , , 26.1801346, -0.0041962, , , , , , , 26.1801346, 0.0132601, , , , , , , , , , , , , , , , , , , , , , , , , , , , 
26.1806538, 0.0005035, , , , , , , 26.1806538, -0.0062104, , , , , , , 26.1806538, -0.0030213, , , , , , , 26.1806538, 0.0104067, , , , , , , , , , , , , , , , , , , , , , , , , , , , 
26.1811731, -0.0006714, , , , , , , 26.1811731, -0.0072175, , , , , , , 26.1811731, -0.0016785, , , , , , , 26.1811731, 0.0085603, , , , , , , , , , , , , , , , , , , , , , , , , , , , 
26.1816923, -0.0041962, , , , , , , 26.1816923, -0.008896, , , , , , , 26.1816923, -0.005539, , , , , , , 26.1816923, 0.0085603, , , , , , , , , , , , , , , , , , , , , , , , , , , , 
26.1822115, -0.0072175, , , , , , , 26.1822115, -0.0112459, , , , , , , 26.1822115, -0.0078889, , , , , , , 26.1822115, 0.0085603, , , , , , , , , , , , , , , , , , , , , , , , , , , , 
26.1827308, -0.0072175, , , , , , , 26.1827308, -0.012253, , , , , , , 26.1827308, -0.0050355, , , , , , , 26.1827308, 0.0078889, , , , , , , , , , , , , , , , , , , , , , , , , , , , 
26.18325, -0.0063783, , , , , , , 26.18325, -0.0105745, , , , , , , 26.18325, -0.0023499, , , , , , , 26.18325, 0.0077211, , , , , , , , , , , , , , , , , , , , , , , , , , , , 
26.1837692, -0.0028534, , , , , , , 26.1837692, -0.0082246, , , , , , , 26.1837692, -0.0031891, , , , , , , 26.1837692, 0.0085603, , , , , , , , , , , , , , , , , , , , , , , , , , , , 
26.1842885, 0.0030213, , , , , , , 26.1842885, -0.0075532, , , , , , , 26.1842885, -0.0052033, , , , , , , 26.1842885, 0.0102388, , , , , , , , , , , , , , , , , , , , , , , , , , , , 
26.1848077, 0.0023499, , , , , , , 26.1848077, -0.0080568, , , , , , , 26.1848077, -0.0070497, , , , , , , 26.1848077, 0.0109102, , , , , , , , , , , , , , , , , , , , , , , , , , , , 
26.1853269, -0.0001678, , , , , , , 26.1853269, -0.0097353, , , , , , , 26.1853269, -0.0102388, , , , , , , 26.1853269, 0.0085603, , , , , , , , , , , , , , , , , , , , , , , , , , , , 
26.1858462, -0.0028534, , , , , , , 26.1858462, -0.0115816, , , , , , , 26.1858462, -0.0117494, , , , , , , 26.1858462, 0.0052033, , , , , , , , , , , , , , , , , , , , , , , , , , , , 
26.1863654, 0.0025177, , , , , , , 26.1863654, -0.0146029, , , , , , , 26.1863654, -0.012253, , , , , , , 26.1863654, -0.0008392, , , , , , , , , , , , , , , , , , , , , , , , , , , , 
26.1868846, 0.0137636, , , , , , , 26.1868846, -0.0149386, , , , , , , 26.1868846, -0.0104067, , , , , , , 26.1868846, -0.0104067, , , , , , , , , , , , , , , , , , , , , , , , , , , , 
26.1874038, 0.0250095, , , , , , , 26.1874038, -0.012253, , , , , , , 26.1874038, -0.0082246, , , , , , , 26.1874038, -0.0196384, , , , , , , , , , , , , , , , , , , , , , , , , , , , 
26.1879231, 0.033402, , , , , , , 26.1879231, -0.0102388, , , , , , , 26.1879231, -0.005539, , , , , , , 26.1879231, -0.0229953, , , , , , , , , , , , , , , , , , , , , , , , , , , , 
26.1884423, 0.040116, , , , , , , 26.1884423, -0.0109102, , , , , , , 26.1884423, -0.0070497, , , , , , , 26.1884423, -0.0229953, , , , , , , , , , , , , , , , , , , , , , , , , , , , 
26.1889615, 0.0399481, , , , , , , 26.1889615, -0.0109102, , , , , , , 26.1889615, -0.0095674, , , , , , , 26.1889615, -0.0238346, , , , , , , , , , , , , , , , , , , , , , , , , , , , 
26.1894808, 0.0370947, , , , , , , 26.1894808, -0.010071, , , , , , , 26.1894808, -0.0119173, , , , , , , 26.1894808, -0.0256809, , , , , , , , , , , , , , , , , , , , , , , , , , , , 
26.19, 0.0323949, , , , , , , 26.19, -0.0097353, , , , , , , 26.19, -0.012253, , , , , , , 26.19, -0.0236667, , , , , , , , , , , , , , , , , , , , , , , , , , , , 
26.1905192, 0.0293736, , , , , , , 26.1905192, -0.0083925, , , , , , , 26.1905192, -0.011078, , , , , , , 26.1905192, -0.0182956, , , , , , , , , , , , , , , , , , , , , , , , , , , , 
26.1910385, 0.0287022, , , , , , , 26.1910385, -0.0082246, , , , , , , 26.1910385, -0.0119173, , , , , , , 26.1910385, -0.0105745, , , , , , , , , , , , , , , , , , , , , , , , , , , , 
26.1915577, 0.0226596, , , , , , , 26.1915577, -0.0082246, , , , , , , 26.1915577, -0.0117494, , , , , , , 26.1915577, -0.0005035, , , , , , , , , , , , , , , , , , , , , , , , , , , , 
26.1920769, 0.0125887, , , , , , , 26.1920769, -0.0085603, , , , , , , 26.1920769, -0.0090639, , , , , , , 26.1920769, 0.0102388, , , , , , , , , , , , , , , , , , , , , , , , , , , , 
26.1925962, 0.0035248, , , , , , , 26.1925962, -0.0082246, , , , , , , 26.1925962, -0.0078889, , , , , , , 26.1925962, 0.0223239, , , , , , , , , , , , , , , , , , , , , , , , , , , , 
26.1931154, -0.0028534, , , , , , , 26.1931154, -0.0082246, , , , , , , 26.1931154, -0.008896, , , , , , , 26.1931154, 0.0315557, , , , , , , , , , , , , , , , , , , , , , , , , , , , 
26.1936346, -0.0072175, , , , , , , 26.1936346, -0.0068818, , , , , , , 26.1936346, -0.0063783, , , , , , , 26.1936346, 0.0372625, , , , , , , , , , , , , , , , , , , , , , , , , , , , 
26.1941538, -0.0135958, , , , , , , 26.1941538, -0.0052033, , , , , , , 26.1941538, -0.0010071, , , , , , , 26.1941538, 0.0421302, , , , , , , , , , , , , , , , , , , , , , , , , , , , 
26.1946731, -0.0196384, , , , , , , 26.1946731, -0.0065461, , , , , , , 26.1946731, 0.0003357, , , , , , , 26.1946731, 0.0480049, , , , , , , , , , , , , , , , , , , , , , , , , , , , 
26.1951923, -0.0240024, , , , , , , 26.1951923, -0.0082246, , , , , , , 26.1951923, -0.0018463, , , , , , , 26.1951923, 0.0513619, , , , , , , , , , , , , , , , , , , , , , , , , , , , 
26.1957115, -0.0243381, , , , , , , 26.1957115, -0.0072175, , , , , , , 26.1957115, -0.0041962, , , , , , , 26.1957115, 0.0488441, , , , , , , , , , , , , , , , , , , , , , , , , , , , 
26.1962308, -0.0206455, , , , , , , 26.1962308, -0.0045319, , , , , , , 26.1962308, -0.003357, , , , , , , 26.1962308, 0.0414588, , , , , , , , , , , , , , , , , , , , , , , , , , , , 
26.19675, -0.0129244, , , , , , , 26.19675, -0.0041962, , , , , , , 26.19675, -0.0023499, , , , , , , 26.19675, 0.0344091, , , , , , , , , , , , , , , , , , , , , , , , , , , , 
26.1972692, -0.0018463, , , , , , , 26.1972692, -0.0060426, , , , , , , 26.1972692, -0.0031891, , , , , , , 26.1972692, 0.0271916, , , , , , , , , , , , , , , , , , , , , , , , , , , , 
26.1977885, 0.0072175, , , , , , , 26.1977885, -0.0058747, , , , , , , 26.1977885, -0.0048676, , , , , , , 26.1977885, 0.018967, , , , , , , , , , , , , , , , , , , , , , , , , , , , 
26.1983077, 0.011078, , , , , , , 26.1983077, -0.0041962, , , , , , , 26.1983077, -0.0063783, , , , , , , 26.1983077, 0.0124208, , , , , , , , , , , , , , , , , , , , , , , , , , , , 
26.1988269, 0.0135958, , , , , , , 26.1988269, -0.0038605, , , , , , , 26.1988269, -0.008896, , , , , , , 26.1988269, 0.0078889, , , , , , , , , , , , , , , , , , , , , , , , , , , , 
26.1993462, 0.0176242, , , , , , , 26.1993462, -0.0038605, , , , , , , 26.1993462, -0.0097353, , , , , , , 26.1993462, 0.0052033, , , , , , , , , , , , , , , , , , , , , , , , , , , , 
26.1998654, 0.0240024, , , , , , , 26.1998654, -0.0028534, , , , , , , 26.1998654, -0.008896, , , , , , , 26.1998654, 0.0045319, , , , , , , , , , , , , , , , , , , , , , , , , , , , 
26.2003846, 0.0307164, , , , , , , 26.2003846, -0.0023499, , , , , , , 26.2003846, -0.0115816, , , , , , , 26.2003846, 0.0052033, , , , , , , , , , , , , , , , , , , , , , , , , , , , 
26.2009038, 0.0340734, , , , , , , 26.2009038, -0.0018463, , , , , , , 26.2009038, -0.0117494, , , , , , , 26.2009038, 0.0041962, , , , , , , , , , , , , , , , , , , , , , , , , , , , 
26.2014231, 0.0352483, , , , , , , 26.2014231, -0.002182, , , , , , , 26.2014231, -0.0087282, , , , , , , 26.2014231, 0.0015106, , , , , , , , , , , , , , , , , , , , , , , , , , , , 
26.2019423, 0.0374304, , , , , , , 26.2019423, -0.0035248, , , , , , , 26.2019423, -0.0058747, , , , , , , 26.2019423, -0.0001678, , , , , , , , , , , , , , , , , , , , , , , , , , , , 
26.2024615, 0.0438087, , , , , , , 26.2024615, -0.0048676, , , , , , , 26.2024615, -0.0073854, , , , , , , 26.2024615, -0.0008392, , , , , , , , , , , , , , , , , , , , , , , , , , , , 
26.2029808, 0.0491798, , , , , , , 26.2029808, -0.0062104, , , , , , , 26.2029808, -0.0095674, , , , , , , 26.2029808, -0.0023499, , , , , , , , , , , , , , , , , , , , , , , , , , , , 
26.2035, 0.0481727, , , , , , , 26.2035, -0.0083925, , , , , , , 26.2035, -0.0085603, , , , , , , 26.2035, -0.0035248, , , , , , , , , , , , , , , , , , , , , , , , , , , , 
26.2040192, 0.0441444, , , , , , , 26.2040192, -0.0082246, , , , , , , 26.2040192, -0.0072175, , , , , , , 26.2040192, -0.0031891, , , , , , , , , , , , , , , , , , , , , , , , , , , , 
26.2045385, 0.0424659, , , , , , , 26.2045385, -0.0062104, , , , , , , 26.2045385, -0.0082246, , , , , , , 26.2045385, -0.0001678, , , , , , , , , , , , , , , , , , , , , , , , , , , , 
26.2050577, 0.0476692, , , , , , , 26.2050577, -0.0068818, , , , , , , 26.2050577, -0.0112459, , , , , , , 26.2050577, 0.0008392, , , , , , , , , , , , , , , , , , , , , , , , , , , , 
26.2055769, 0.0495155, , , , , , , 26.2055769, -0.0073854, , , , , , , 26.2055769, -0.0129244, , , , , , , 26.2055769, -0.0005035, , , , , , , , , , , , , , , , , , , , , , , , , , , , 
26.2060962, 0.0458228, , , , , , , 26.2060962, -0.0070497, , , , , , , 26.2060962, -0.012253, , , , , , , 26.2060962, -0.0041962, , , , , , , , , , , , , , , , , , , , , , , , , , , , 
26.2066154, 0.0488441, , , , , , , 26.2066154, -0.0085603, , , , , , , 26.2066154, -0.0127565, , , , , , , 26.2066154, -0.0092317, , , , , , , , , , , , , , , , , , , , , , , , , , , , 
26.2071346, 0.0585794, , , , , , , 26.2071346, -0.0109102, , , , , , , 26.2071346, -0.0159457, , , , , , , 26.2071346, -0.0139315, , , , , , , , , , , , , , , , , , , , , , , , , , , , 
26.2076538, 0.0642863, , , , , , , 26.2076538, -0.012253, , , , , , , 26.2076538, -0.0176242, , , , , , , 26.2076538, -0.0142672, , , , , , , , , , , , , , , , , , , , , , , , , , , , 
26.2081731, 0.0669718, , , , , , , 26.2081731, -0.0125887, , , , , , , 26.2081731, -0.0179599, , , , , , , 26.2081731, -0.0142672, , , , , , , , , , , , , , , , , , , , , , , , , , , , 
26.2086923, 0.068986, , , , , , , 26.2086923, -0.011078, , , , , , , 26.2086923, -0.0172885, , , , , , , 26.2086923, -0.0149386, , , , , , , , , , , , , , , , , , , , , , , , , , , , 
26.2092115, 0.0703288, , , , , , , 26.2092115, -0.0102388, , , , , , , 26.2092115, -0.0162814, , , , , , , 26.2092115, -0.0109102, , , , , , , , , , , , , , , , , , , , , , , , , , , , 
26.2097308, 0.0693217, , , , , , , 26.2097308, -0.0109102, , , , , , , 26.2097308, -0.0149386, , , , , , , 26.2097308, -0.0099031, , , , , , , , , , , , , , , , , , , , , , , , , , , , 
26.21025, 0.0629435, , , , , , , 26.21025, -0.0095674, , , , , , , 26.21025, -0.0127565, , , , , , , 26.21025, -0.012253, , , , , , , , , , , , , , , , , , , , , , , , , , , , 
26.2107692, 0.0538796, , , , , , , 26.2107692, -0.0083925, , , , , , , 26.2107692, -0.0109102, , , , , , , 26.2107692, -0.0097353, , , , , , , , , , , , , , , , , , , , , , , , , , , , 
26.2112885, 0.0459907, , , , , , , 26.2112885, -0.0072175, , , , , , , 26.2112885, -0.0092317, , , , , , , 26.2112885, -0.0038605, , , , , , , , , , , , , , , , , , , , , , , , , , , , 
26.2118077, 0.0297093, , , , , , , 26.2118077, -0.0095674, , , , , , , 26.2118077, -0.0075532, , , , , , , 26.2118077, 0.0058747, , , , , , , , , , , , , , , , , , , , , , , , , , , , 
26.2123269, 0.0132601, , , , , , , 26.2123269, -0.0109102, , , , , , , 26.2123269, -0.005539, , , , , , , 26.2123269, 0.0164492, , , , , , , , , , , , , , , , , , , , , , , , , , , , 
26.2128462, 0.005539, , , , , , , 26.2128462, -0.0095674, , , , , , , 26.2128462, -0.0041962, , , , , , , 26.2128462, 0.0276951, , , , , , , , , , , , , , , , , , , , , , , , , , , , 
26.2133654, 0.0008392, , , , , , , 26.2133654, -0.008896, , , , , , , 26.2133654, -0.0045319, , , , , , , 26.2133654, 0.0394446, , , , , , , , , , , , , , , , , , , , , , , , , , , , 
26.2138846, -0.0078889, , , , , , , 26.2138846, -0.0083925, , , , , , , 26.2138846, -0.0035248, , , , , , , 26.2138846, 0.0495155, , , , , , , , , , , , , , , , , , , , , , , , , , , , 
26.2144038, -0.0193027, , , , , , , 26.2144038, -0.0075532, , , , , , , 26.2144038, -0.0035248, , , , , , , 26.2144038, 0.0548867, , , , , , , , , , , , , , , , , , , , , , , , , , , , 
26.2149231, -0.0303807, , , , , , , 26.2149231, -0.0082246, , , , , , , 26.2149231, -0.0031891, , , , , , , 26.2149231, 0.0580758, , , , , , , , , , , , , , , , , , , , , , , , , , , , 
26.2154423, -0.0347448, , , , , , , 26.2154423, -0.0090639, , , , , , , 26.2154423, -0.0008392, , , , , , , 26.2154423, 0.061265, , , , , , , , , , , , , , , , , , , , , , , , , , , , 
26.2159615, -0.0337377, , , , , , , 26.2159615, -0.0085603, , , , , , , 26.2159615, -0.0001678, , , , , , , 26.2159615, 0.0632792, , , , , , , , , , , , , , , , , , , , , , , , , , , , 
26.2164808, -0.0317235, , , , , , , 26.2164808, -0.0082246, , , , , , , 26.2164808, -0.0008392, , , , , , , 26.2164808, 0.0602579, , , , , , , , , , , , , , , , , , , , , , , , , , , , 
26.217, -0.0297093, , , , , , , 26.217, -0.008896, , , , , , , 26.217, -0.0015106, , , , , , , 26.217, 0.0501869, , , , , , , , , , , , , , , , , , , , , , , , , , , , 
26.2175192, -0.0238346, , , , , , , 26.2175192, -0.0095674, , , , , , , 26.2175192, -0.0005035, , , , , , , 26.2175192, 0.0407874, , , , , , , , , , , , , , , , , , , , , , , , , , , , 
26.2180385, -0.0179599, , , , , , , 26.2180385, -0.0065461, , , , , , , 26.2180385, -0.0001678, , , , , , , 26.2180385, 0.0347448, , , , , , , , , , , , , , , , , , , , , , , , , , , , 
26.2185577, -0.0137636, , , , , , , 26.2185577, -0.0036927, , , , , , , 26.2185577, -0.0008392, , , , , , , 26.2185577, 0.0317235, , , , , , , , , , , , , , , , , , , , , , , , , , , , 
26.2190769, -0.0075532, , , , , , , 26.2190769, -0.0018463, , , , , , , 26.2190769, -0.0028534, , , , , , , 26.2190769, 0.0287022, , , , , , , , , , , , , , , , , , , , , , , , , , , , 
26.2195962, 0.0001678, , , , , , , 26.2195962, -0.0015106, , , , , , , 26.2195962, -0.0043641, , , , , , , 26.2195962, 0.0246738, , , , , , , , , , , , , , , , , , , , , , , , , , , , 
26.2201154, 0.0085603, , , , , , , 26.2201154, -0.0031891, , , , , , , 26.2201154, -0.0062104, , , , , , , 26.2201154, 0.0196384, , , , , , , , , , , , , , , , , , , , , , , , , , , , 
26.2206346, 0.0164492, , , , , , , 26.2206346, -0.0035248, , , , , , , 26.2206346, -0.0085603, , , , , , , 26.2206346, 0.0166171, , , , , , , , , , , , , , , , , , , , , , , , , , , , 
26.2211538, 0.018967, , , , , , , 26.2211538, -0.0038605, , , , , , , 26.2211538, -0.0109102, , , , , , , 26.2211538, 0.0146029, , , , , , , , , , , , , , , , , , , , , , , , , , , , 
26.2216731, 0.0198062, , , , , , , 26.2216731, -0.0070497, , , , , , , 26.2216731, -0.012253, , , , , , , 26.2216731, 0.0137636, , , , , , , , , , , , , , , , , , , , , , , , , , , , 
26.2221923, 0.0243381, , , , , , , 26.2221923, -0.0095674, , , , , , , 26.2221923, -0.0115816, , , , , , , 26.2221923, 0.0129244, , , , , , , , , , , , , , , , , , , , , , , , , , , , 
26.2227115, 0.0307164, , , , , , , 26.2227115, -0.0104067, , , , , , , 26.2227115, -0.011078, , , , , , , 26.2227115, 0.0119173, , , , , , , , , , , , , , , , , , , , , , , , , , , , 
26.2232308, 0.036759, , , , , , , 26.2232308, -0.0085603, , , , , , , 26.2232308, -0.0105745, , , , , , , 26.2232308, 0.0119173, , , , , , , , , , , , , , , , , , , , , , , , , , , , 
26.22375, 0.0394446, , , , , , , 26.22375, -0.0072175, , , , , , , 26.22375, -0.0102388, , , , , , , 26.22375, 0.0119173, , , , , , , , , , , , , , , , , , , , , , , , , , , , 
26.2242692, 0.0414588, , , , , , , 26.2242692, -0.0058747, , , , , , , 26.2242692, -0.0109102, , , , , , , 26.2242692, 0.0115816, , , , , , , , , , , , , , , , , , , , , , , , , , , , 
26.2247885, 0.0431373, , , , , , , 26.2247885, -0.0052033, , , , , , , 26.2247885, -0.0119173, , , , , , , 26.2247885, 0.0105745, , , , , , , , , , , , , , , , , , , , , , , , , , , , 
26.2253077, 0.0384375, , , , , , , 26.2253077, -0.0062104, , , , , , , 26.2253077, -0.012253, , , , , , , 26.2253077, 0.0092317, , , , , , , , , , , , , , , , , , , , , , , , , , , , 
26.2258269, 0.0387732, , , , , , , 26.2258269, -0.0082246, , , , , , , 26.2258269, -0.0129244, , , , , , , 26.2258269, 0.0048676, , , , , , , , , , , , , , , , , , , , , , , , , , , , 
26.2263462, 0.0441444, , , , , , , 26.2263462, -0.0082246, , , , , , , 26.2263462, -0.0124208, , , , , , , 26.2263462, -0.0008392, , , , , , , , , , , , , , , , , , , , , , , , , , , , 
26.2268654, 0.0483406, , , , , , , 26.2268654, -0.0095674, , , , , , , 26.2268654, -0.0102388, , , , , , , 26.2268654, -0.0072175, , , , , , , , , , , , , , , , , , , , , , , , , , , , 
26.2273846, 0.051194, , , , , , , 26.2273846, -0.0102388, , , , , , , 26.2273846, -0.0102388, , , , , , , 26.2273846, -0.0129244, , , , , , , , , , , , , , , , , , , , , , , , , , , , 
26.2279038, 0.0515297, , , , , , , 26.2279038, -0.0095674, , , , , , , 26.2279038, -0.0105745, , , , , , , 26.2279038, -0.0203098, , , , , , , , , , , , , , , , , , , , , , , , , , , , 
26.2284231, 0.0508583, , , , , , , 26.2284231, -0.0085603, , , , , , , 26.2284231, -0.0109102, , , , , , , 26.2284231, -0.0276951, , , , , , , , , , , , , , , , , , , , , , , , , , , , 
26.2289423, 0.0488441, , , , , , , 26.2289423, -0.0072175, , , , , , , 26.2289423, -0.012253, , , , , , , 26.2289423, -0.0302129, , , , , , , , , , , , , , , , , , , , , , , , , , , , 
26.2294615, 0.0464942, , , , , , , 26.2294615, -0.005539, , , , , , , 26.2294615, -0.0127565, , , , , , , 26.2294615, -0.0251774, , , , , , , , , , , , , , , , , , , , , , , , , , , , 
26.2299808, 0.0439765, , , , , , , 26.2299808, -0.0058747, , , , , , , 26.2299808, -0.0117494, , , , , , , 26.2299808, -0.0169528, , , , , , , , , , , , , , , , , , , , , , , , , , , , 
26.2305, 0.040116, , , , , , , 26.2305, -0.0085603, , , , , , , 26.2305, -0.0105745, , , , , , , 26.2305, -0.0102388, , , , , , , , , , , , , , , , , , , , , , , , , , , , 
26.2310192, 0.0344091, , , , , , , 26.2310192, -0.0115816, , , , , , , 26.2310192, -0.008896, , , , , , , 26.2310192, -0.0062104, , , , , , , , , , , , , , , , , , , , , , , , , , , , 
26.2315385, 0.0251774, , , , , , , 26.2315385, -0.0135958, , , , , , , 26.2315385, -0.0078889, , , , , , , 26.2315385, 0.0031891, , , , , , , , , , , , , , , , , , , , , , , , , , , , 
26.2320577, 0.0112459, , , , , , , 26.2320577, -0.0124208, , , , , , , 26.2320577, -0.0062104, , , , , , , 26.2320577, 0.0140993, , , , , , , , , , , , , , , , , , , , , , , , , , , , 
26.2325769, 0.0020142, , , , , , , 26.2325769, -0.0119173, , , , , , , 26.2325769, -0.0041962, , , , , , , 26.2325769, 0.0216526, , , , , , , , , , , , , , , , , , , , , , , , , , , , 
26.2330962, -0.0028534, , , , , , , 26.2330962, -0.0112459, , , , , , , 26.2330962, -0.0043641, , , , , , , 26.2330962, 0.0271916, , , , , , , , , , , , , , , , , , , , , , , , , , , , 
26.2336154, -0.0078889, , , , , , , 26.2336154, -0.0082246, , , , , , , 26.2336154, -0.0068818, , , , , , , 26.2336154, 0.0344091, , , , , , , , , , , , , , , , , , , , , , , , , , , , 
26.2341346, -0.0166171, , , , , , , 26.2341346, -0.0052033, , , , , , , 26.2341346, -0.0062104, , , , , , , 26.2341346, 0.040116, , , , , , , , , , , , , , , , , , , , , , , , , , , , 
26.2346538, -0.0263523, , , , , , , 26.2346538, -0.0041962, , , , , , , 26.2346538, -0.0045319, , , , , , , 26.2346538, 0.0433051, , , , , , , , , , , , , , , , , , , , , , , , , , , , 
26.2351731, -0.0317235, , , , , , , 26.2351731, -0.0025177, , , , , , , 26.2351731, -0.0048676, , , , , , , 26.2351731, 0.0448157, , , , , , , , , , , , , , , , , , , , , , , , , , , , 
26.2356923, -0.0344091, , , , , , , 26.2356923, -0.002182, , , , , , , 26.2356923, -0.0045319, , , , , , , 26.2356923, 0.0461585, , , , , , , , , , , , , , , , , , , , , , , , , , , , 
26.2362115, -0.0357519, , , , , , , 26.2362115, -0.002182, , , , , , , 26.2362115, -0.0031891, , , , , , , 26.2362115, 0.0454871, , , , , , , , , , , , , , , , , , , , , , , , , , , , 
26.2367308, -0.0340734, , , , , , , 26.2367308, -0.0028534, , , , , , , 26.2367308, -0.0031891, , , , , , , 26.2367308, 0.0374304, , , , , , , , , , , , , , , , , , , , , , , , , , , , 
26.23725, -0.0285344, , , , , , , 26.23725, -0.0048676, , , , , , , 26.23725, -0.0048676, , , , , , , 26.23725, 0.0303807, , , , , , , , , , , , , , , , , , , , , , , , , , , , 
26.2377692, -0.0194705, , , , , , , 26.2377692, -0.0065461, , , , , , , 26.2377692, -0.0043641, , , , , , , 26.2377692, 0.0292058, , , , , , , , , , , , , , , , , , , , , , , , , , , , 
26.2382885, -0.008896, , , , , , , 26.2382885, -0.0065461, , , , , , , 26.2382885, -0.0036927, , , , , , , 26.2382885, 0.0276951, , , , , , , , , , , , , , , , , , , , , , , , , , , , 
26.2388077, -0.0085603, , , , , , , 26.2388077, -0.0082246, , , , , , , 26.2388077, -0.0031891, , , , , , , 26.2388077, 0.0246738, , , , , , , , , , , , , , , , , , , , , , , , , , , , 
26.2393269, -0.0095674, , , , , , , 26.2393269, -0.0085603, , , , , , , 26.2393269, -0.0035248, , , , , , , 26.2393269, 0.0240024, , , , , , , , , , , , , , , , , , , , , , , , , , , , 
26.2398462, -0.0031891, , , , , , , 26.2398462, -0.0092317, , , , , , , 26.2398462, -0.0048676, , , , , , , 26.2398462, 0.0226596, , , , , , , , , , , , , , , , , , , , , , , , , , , , 
26.2403654, 0.0038605, , , , , , , 26.2403654, -0.0102388, , , , , , , 26.2403654, -0.0062104, , , , , , , 26.2403654, 0.0219883, , , , , , , , , , , , , , , , , , , , , , , , , , , , 
26.2408846, 0.0057069, , , , , , , 26.2408846, -0.0090639, , , , , , , 26.2408846, -0.0052033, , , , , , , 26.2408846, 0.0213169, , , , , , , , , , , , , , , , , , , , , , , , , , , , 
26.2414038, 0.0072175, , , , , , , 26.2414038, -0.0082246, , , , , , , 26.2414038, -0.0041962, , , , , , , 26.2414038, 0.0179599, , , , , , , , , , , , , , , , , , , , , , , , , , , , 
26.2419231, 0.0102388, , , , , , , 26.2419231, -0.0078889, , , , , , , 26.2419231, -0.0060426, , , , , , , 26.2419231, 0.0135958, , , , , , , , , , , , , , , , , , , , , , , , , , , , 
26.2424423, 0.0105745, , , , , , , 26.2424423, -0.0085603, , , , , , , 26.2424423, -0.0092317, , , , , , , 26.2424423, 0.0099031, , , , , , , , , , , , , , , , , , , , , , , , , , , , 
26.2429615, 0.0099031, , , , , , , 26.2429615, -0.008896, , , , , , , 26.2429615, -0.0099031, , , , , , , 26.2429615, 0.0052033, , , , , , , , , , , , , , , , , , , , , , , , , , , , 
26.2434808, 0.008896, , , , , , , 26.2434808, -0.0077211, , , , , , , 26.2434808, -0.0109102, , , , , , , 26.2434808, 0.0015106, , , , , , , , , , , , , , , , , , , , , , , , , , , , 
26.244, 0.0090639, , , , , , , 26.244, -0.0078889, , , , , , , 26.244, -0.011078, , , , , , , 26.244, 0.0011749, , , , , , , , , , , , , , , , , , , , , , , , , , , , 
26.2445192, 0.0102388, , , , , , , 26.2445192, -0.0082246, , , , , , , 26.2445192, -0.0109102, , , , , , , 26.2445192, 0.0016785, , , , , , , , , , , , , , , , , , , , , , , , , , , , 
26.2450385, 0.0082246, , , , , , , 26.2450385, -0.0075532, , , , , , , 26.2450385, -0.011078, , , , , , , 26.2450385, 0.002182, , , , , , , , , , , , , , , , , , , , , , , , , , , , 
26.2455577, 0.0072175, , , , , , , 26.2455577, -0.0085603, , , , , , , 26.2455577, -0.012253, , , , , , , 26.2455577, 0.0041962, , , , , , , , , , , , , , , , , , , , , , , , , , , , 
26.2460769, 0.0092317, , , , , , , 26.2460769, -0.0102388, , , , , , , 26.2460769, -0.0119173, , , , , , , 26.2460769, 0.0048676, , , , , , , , , , , , , , , , , , , , , , , , , , , , 
26.2465962, 0.0142672, , , , , , , 26.2465962, -0.008896, , , , , , , 26.2465962, -0.0099031, , , , , , , 26.2465962, -0.0001678, , , , , , , , , , , , , , , , , , , , , , , , , , , , 
26.2471154, 0.0246738, , , , , , , 26.2471154, -0.0077211, , , , , , , 26.2471154, -0.008896, , , , , , , 26.2471154, -0.0082246, , , , , , , , , , , , , , , , , , , , , , , , , , , , 
26.2476346, 0.0344091, , , , , , , 26.2476346, -0.0072175, , , , , , , 26.2476346, -0.011078, , , , , , , 26.2476346, -0.012253, , , , , , , , , , , , , , , , , , , , , , , , , , , , 
26.2481538, 0.0344091, , , , , , , 26.2481538, -0.0058747, , , , , , , 26.2481538, -0.0142672, , , , , , , 26.2481538, -0.014435, , , , , , , , , , , , , , , , , , , , , , , , , , , , 
26.2486731, 0.0313878, , , , , , , 26.2486731, -0.0072175, , , , , , , 26.2486731, -0.0159457, , , , , , , 26.2486731, -0.0162814, , , , , , , , , , , , , , , , , , , , , , , , , , , , 
26.2491923, 0.0260166, , , , , , , 26.2491923, -0.0095674, , , , , , , 26.2491923, -0.012253, , , , , , , 26.2491923, -0.0181277, , , , , , , , , , , , , , , , , , , , , , , , , , , , 
26.2497115, 0.0213169, , , , , , , 26.2497115, -0.0112459, , , , , , , 26.2497115, -0.008896, , , , , , , 26.2497115, -0.0169528, , , , , , , , , , , , , , , , , , , , , , , , , , , , 
26.2502308, 0.0176242, , , , , , , 26.2502308, -0.0117494, , , , , , , 26.2502308, -0.0078889, , , , , , , 26.2502308, -0.0142672, , , , , , , , , , , , , , , , , , , , , , , , , , , , 
26.25075, 0.0115816, , , , , , , 26.25075, -0.0095674, , , , , , , 26.25075, -0.008896, , , , , , , 26.25075, -0.0048676, , , , , , , , , , , , , , , , , , , , , , , , , , , , 
26.2512692, 0.0062104, , , , , , , 26.2512692, -0.0073854, , , , , , , 26.2512692, -0.0092317, , , , , , , 26.2512692, 0.0068818, , , , , , , , , , , , , , , , , , , , , , , , , , , , 
26.2517885, 0.0011749, , , , , , , 26.2517885, -0.0082246, , , , , , , 26.2517885, -0.0095674, , , , , , , 26.2517885, 0.0129244, , , , , , , , , , , , , , , , , , , , , , , , , , , , 
26.2523077, -0.0102388, , , , , , , 26.2523077, -0.0082246, , , , , , , 26.2523077, -0.0109102, , , , , , , 26.2523077, 0.0179599, , , , , , , , , , , , , , , , , , , , , , , , , , , , 
26.2528269, -0.0240024, , , , , , , 26.2528269, -0.0072175, , , , , , , 26.2528269, -0.0117494, , , , , , , 26.2528269, 0.0226596, , , , , , , , , , , , , , , , , , , , , , , , , , , , 
26.2533462, -0.0357519, , , , , , , 26.2533462, -0.0068818, , , , , , , 26.2533462, -0.0102388, , , , , , , 26.2533462, 0.0330663, , , , , , , , , , , , , , , , , , , , , , , , , , , , 
26.2538654, -0.0471656, , , , , , , 26.2538654, -0.0083925, , , , , , , 26.2538654, -0.0092317, , , , , , , 26.2538654, 0.0428016, , , , , , , , , , , , , , , , , , , , , , , , , , , , 
26.2543846, -0.0542153, , , , , , , 26.2543846, -0.0082246, , , , , , , 26.2543846, -0.0082246, , , , , , , 26.2543846, 0.047837, , , , , , , , , , , , , , , , , , , , , , , , , , , , 
26.2549038, -0.0565652, , , , , , , 26.2549038, -0.0083925, , , , , , , 26.2549038, -0.0072175, , , , , , , 26.2549038, 0.0495155, , , , , , , , , , , , , , , , , , , , , , , , , , , , 
26.2554231, -0.0582437, , , , , , , 26.2554231, -0.0095674, , , , , , , 26.2554231, -0.0062104, , , , , , , 26.2554231, 0.0495155, , , , , , , , , , , , , , , , , , , , , , , , , , , , 
26.2559423, -0.0605936, , , , , , , 26.2559423, -0.0099031, , , , , , , 26.2559423, -0.0052033, , , , , , , 26.2559423, 0.0461585, , , , , , , , , , , , , , , , , , , , , , , , , , , , 
26.2564615, -0.0599222, , , , , , , 26.2564615, -0.008896, , , , , , , 26.2564615, -0.0035248, , , , , , , 26.2564615, 0.040116, , , , , , , , , , , , , , , , , , , , , , , , , , , , 
26.2569808, -0.0498512, , , , , , , 26.2569808, -0.0070497, , , , , , , 26.2569808, -0.0015106, , , , , , , 26.2569808, 0.0340734, , , , , , , , , , , , , , , , , , , , , , , , , , , , 
26.2575, -0.0310521, , , , , , , 26.2575, -0.0068818, , , , , , , 26.2575, -0.0008392, , , , , , , 26.2575, 0.0293736, , , , , , , , , , , , , , , , , , , , , , , , , , , , 
26.2580192, -0.0206455, , , , , , , 26.2580192, -0.0082246, , , , , , , 26.2580192, -0.0020142, , , , , , , 26.2580192, 0.0253452, , , , , , , , , , , , , , , , , , , , , , , , , , , , 
26.2585385, -0.0135958, , , , , , , 26.2585385, -0.0097353, , , , , , , 26.2585385, -0.0031891, , , , , , , 26.2585385, 0.0203098, , , , , , , , , , , , , , , , , , , , , , , , , , , , 
26.2590577, -0.0068818, , , , , , , 26.2590577, -0.0082246, , , , , , , 26.2590577, -0.0025177, , , , , , , 26.2590577, 0.0146029, , , , , , , , , , , , , , , , , , , , , , , , , , , , 
26.2595769, -0.0015106, , , , , , , 26.2595769, -0.0062104, , , , , , , 26.2595769, -0.0018463, , , , , , , 26.2595769, 0.0099031, , , , , , , , , , , , , , , , , , , , , , , , , , , , 
26.2600962, 0.0003357, , , , , , , 26.2600962, -0.0060426, , , , , , , 26.2600962, -0.0035248, , , , , , , 26.2600962, 0.0072175, , , , , , , , , , , , , , , , , , , , , , , , , , , , 
26.2606154, 0.0011749, , , , , , , 26.2606154, -0.0077211, , , , , , , 26.2606154, -0.0045319, , , , , , , 26.2606154, 0.0041962, , , , , , , , , , , , , , , , , , , , , , , , , , , , 
26.2611346, 0.0038605, , , , , , , 26.2611346, -0.008896, , , , , , , 26.2611346, -0.0048676, , , , , , , 26.2611346, 0.0025177, , , , , , , , , , , , , , , , , , , , , , , , , , , , 
26.2616538, 0.0119173, , , , , , , 26.2616538, -0.0085603, , , , , , , 26.2616538, -0.0048676, , , , , , , 26.2616538, -0.0001678, , , , , , , , , , , , , , , , , , , , , , , , , , , , 
26.2621731, 0.021149, , , , , , , 26.2621731, -0.0075532, , , , , , , 26.2621731, -0.0062104, , , , , , , 26.2621731, -0.0025177, , , , , , , , , , , , , , , , , , , , , , , , , , , , 
26.2626923, 0.0219883, , , , , , , 26.2626923, -0.0075532, , , , , , , 26.2626923, -0.0082246, , , , , , , 26.2626923, -0.0045319, , , , , , , , , , , , , , , , , , , , , , , , , , , , 
26.2632115, 0.0169528, , , , , , , 26.2632115, -0.0082246, , , , , , , 26.2632115, -0.0095674, , , , , , , 26.2632115, -0.0048676, , , , , , , , , , , , , , , , , , , , , , , , , , , , 
26.2637308, 0.0146029, , , , , , , 26.2637308, -0.0068818, , , , , , , 26.2637308, -0.0102388, , , , , , , 26.2637308, -0.0058747, , , , , , , , , , , , , , , , , , , , , , , , , , , , 
26.26425, 0.0198062, , , , , , , 26.26425, -0.0058747, , , , , , , 26.26425, -0.0112459, , , , , , , 26.26425, -0.0085603, , , , , , , , , , , , , , , , , , , , , , , , , , , , 
26.2647692, 0.0287022, , , , , , , 26.2647692, -0.0072175, , , , , , , 26.2647692, -0.0115816, , , , , , , 26.2647692, -0.0102388, , , , , , , , , , , , , , , , , , , , , , , , , , , , 
26.2652885, 0.0374304, , , , , , , 26.2652885, -0.0095674, , , , , , , 26.2652885, -0.0109102, , , , , , , 26.2652885, -0.0105745, , , , , , , , , , , , , , , , , , , , , , , , , , , , 
26.2658077, 0.0381018, , , , , , , 26.2658077, -0.0095674, , , , , , , 26.2658077, -0.0102388, , , , , , , 26.2658077, -0.0092317, , , , , , , , , , , , , , , , , , , , , , , , , , , , 
26.2663269, 0.0387732, , , , , , , 26.2663269, -0.0087282, , , , , , , 26.2663269, -0.0085603, , , , , , , 26.2663269, -0.0075532, , , , , , , , , , , , , , , , , , , , , , , , , , , , 
26.2668462, 0.0424659, , , , , , , 26.2668462, -0.008896, , , , , , , 26.2668462, -0.0082246, , , , , , , 26.2668462, -0.0095674, , , , , , , , , , , , , , , , , , , , , , , , , , , , 
26.2673654, 0.0464942, , , , , , , 26.2673654, -0.0078889, , , , , , , 26.2673654, -0.0092317, , , , , , , 26.2673654, -0.0124208, , , , , , , , , , , , , , , , , , , , , , , , , , , , 
26.2678846, 0.0505226, , , , , , , 26.2678846, -0.0058747, , , , , , , 26.2678846, -0.0082246, , , , , , , 26.2678846, -0.0162814, , , , , , , , , , , , , , , , , , , , , , , , , , , , 
26.2684038, 0.0505226, , , , , , , 26.2684038, -0.0058747, , , , , , , 26.2684038, -0.0083925, , , , , , , 26.2684038, -0.0196384, , , , , , , , , , , , , , , , , , , , , , , , , , , , 
26.2689231, 0.0495155, , , , , , , 26.2689231, -0.0070497, , , , , , , 26.2689231, -0.0112459, , , , , , , 26.2689231, -0.018967, , , , , , , , , , , , , , , , , , , , , , , , , , , , 
26.2694423, 0.0508583, , , , , , , 26.2694423, -0.0065461, , , , , , , 26.2694423, -0.012253, , , , , , , 26.2694423, -0.0142672, , , , , , , , , , , , , , , , , , , , , , , , , , , , 
26.2699615, 0.0535439, , , , , , , 26.2699615, -0.0041962, , , , , , , 26.2699615, -0.012253, , , , , , , 26.2699615, -0.010071, , , , , , , , , , , , , , , , , , , , , , , , , , , , 
26.2704808, 0.0532082, , , , , , , 26.2704808, -0.0045319, , , , , , , 26.2704808, -0.0135958, , , , , , , 26.2704808, -0.0058747, , , , , , , , , , , , , , , , , , , , , , , , , , , , 
26.271, 0.0486763, , , , , , , 26.271, -0.005539, , , , , , , 26.271, -0.012253, , , , , , , 26.271, 0.003357, , , , , , , , , , , , , , , , , , , , , , , , , , , , 
26.2715192, 0.0404517, , , , , , , 26.2715192, -0.0062104, , , , , , , 26.2715192, -0.0109102, , , , , , , 26.2715192, 0.01561, , , , , , , , , , , , , , , , , , , , , , , , , , , , 
26.2720385, 0.0313878, , , , , , , 26.2720385, -0.0062104, , , , , , , 26.2720385, -0.0082246, , , , , , , 26.2720385, 0.0236667, , , , , , , , , , , , , , , , , , , , , , , , , , , , 
26.2725577, 0.0219883, , , , , , , 26.2725577, -0.0057069, , , , , , , 26.2725577, -0.0072175, , , , , , , 26.2725577, 0.0297093, , , , , , , , , , , , , , , , , , , , , , , , , , , , 
26.2730769, 0.0129244, , , , , , , 26.2730769, -0.0068818, , , , , , , 26.2730769, -0.0068818, , , , , , , 26.2730769, 0.0369268, , , , , , , , , , , , , , , , , , , , , , , , , , , , 
26.2735962, 0.0052033, , , , , , , 26.2735962, -0.0092317, , , , , , , 26.2735962, -0.0057069, , , , , , , 26.2735962, 0.04448, , , , , , , , , , , , , , , , , , , , , , , , , , , , 
26.2741154, -0.0018463, , , , , , , 26.2741154, -0.0104067, , , , , , , 26.2741154, -0.0031891, , , , , , , 26.2741154, 0.0491798, , , , , , , , , , , , , , , , , , , , , , , , , , , , 
26.2746346, -0.005539, , , , , , , 26.2746346, -0.0095674, , , , , , , 26.2746346, -0.0028534, , , , , , , 26.2746346, 0.0515297, , , , , , , , , , , , , , , , , , , , , , , , , , , , 
26.2751538, -0.0057069, , , , , , , 26.2751538, -0.0082246, , , , , , , 26.2751538, -0.0048676, , , , , , , 26.2751538, 0.0525368, , , , , , , , , , , , , , , , , , , , , , , , , , , , 
26.2756731, -0.0050355, , , , , , , 26.2756731, -0.0075532, , , , , , , 26.2756731, -0.0035248, , , , , , , 26.2756731, 0.0533761, , , , , , , , , , , , , , , , , , , , , , , , , , , , 
26.2761923, -0.0005035, , , , , , , 26.2761923, -0.0062104, , , , , , , 26.2761923, -0.0031891, , , , , , , 26.2761923, 0.0522011, , , , , , , , , , , , , , , , , , , , , , , , , , , , 
26.2767115, 0.0078889, , , , , , , 26.2767115, -0.0062104, , , , , , , 26.2767115, -0.0058747, , , , , , , 26.2767115, 0.0441444, , , , , , , , , , , , , , , , , , , , , , , , , , , , 
26.2772308, 0.01561, , , , , , , 26.2772308, -0.0068818, , , , , , , 26.2772308, -0.0075532, , , , , , , 26.2772308, 0.0340734, , , , , , , , , , , , , , , , , , , , , , , , , , , , 
26.27775, 0.0263523, , , , , , , 26.27775, -0.0077211, , , , , , , 26.27775, -0.0062104, , , , , , , 26.27775, 0.0276951, , , , , , , , , , , , , , , , , , , , , , , , , , , , 
26.2782692, 0.0407874, , , , , , , 26.2782692, -0.0072175, , , , , , , 26.2782692, -0.0062104, , , , , , , 26.2782692, 0.0240024, , , , , , , , , , , , , , , , , , , , , , , , , , , , 
26.2787885, 0.0558938, , , , , , , 26.2787885, -0.0070497, , , , , , , 26.2787885, -0.0063783, , , , , , , 26.2787885, 0.0193027, , , , , , , , , , , , , , , , , , , , , , , , , , , , 
26.2793077, 0.0590829, , , , , , , 26.2793077, -0.0075532, , , , , , , 26.2793077, -0.0075532, , , , , , , 26.2793077, 0.0146029, , , , , , , , , , , , , , , , , , , , , , , , , , , , 
26.2798269, 0.0532082, , , , , , , 26.2798269, -0.0070497, , , , , , , 26.2798269, -0.0070497, , , , , , , 26.2798269, 0.0119173, , , , , , , , , , , , , , , , , , , , , , , , , , , , 
26.2803462, 0.0464942, , , , , , , 26.2803462, -0.0077211, , , , , , , 26.2803462, -0.0070497, , , , , , , 26.2803462, 0.0102388, , , , , , , , , , , , , , , , , , , , , , , , , , , , 
26.2808654, 0.0407874, , , , , , , 26.2808654, -0.0078889, , , , , , , 26.2808654, -0.0082246, , , , , , , 26.2808654, 0.0112459, , , , , , , , , , , , , , , , , , , , , , , , , , , , 
26.2813846, 0.0370947, , , , , , , 26.2813846, -0.0057069, , , , , , , 26.2813846, -0.0095674, , , , , , , 26.2813846, 0.0119173, , , , , , , , , , , , , , , , , , , , , , , , , , , , 
26.2819038, 0.0347448, , , , , , , 26.2819038, -0.0035248, , , , , , , 26.2819038, -0.008896, , , , , , , 26.2819038, 0.0102388, , , , , , , , , , , , , , , , , , , , , , , , , , , , 
26.2824231, 0.0354162, , , , , , , 26.2824231, -0.0041962, , , , , , , 26.2824231, -0.0105745, , , , , , , 26.2824231, 0.0083925, , , , , , , , , , , , , , , , , , , , , , , , , , , , 
26.2829423, 0.0344091, , , , , , , 26.2829423, -0.0058747, , , , , , , 26.2829423, -0.0117494, , , , , , , 26.2829423, 0.0072175, , , , , , , , , , , , , , , , , , , , , , , , , , , , 
26.2834615, 0.0298772, , , , , , , 26.2834615, -0.0075532, , , , , , , 26.2834615, -0.0109102, , , , , , , 26.2834615, 0.0072175, , , , , , , , , , , , , , , , , , , , , , , , , , , , 
26.2839808, 0.0273594, , , , , , , 26.2839808, -0.0082246, , , , , , , 26.2839808, -0.0095674, , , , , , , 26.2839808, 0.0092317, , , , , , , , , , , , , , , , , , , , , , , , , , , , 
26.2845, 0.0303807, , , , , , , 26.2845, -0.0085603, , , , , , , 26.2845, -0.0085603, , , , , , , 26.2845, 0.0105745, , , , , , , , , , , , , , , , , , , , , , , , , , , , 
26.2850192, 0.0293736, , , , , , , 26.2850192, -0.0090639, , , , , , , 26.2850192, -0.0085603, , , , , , , 26.2850192, 0.0125887, , , , , , , , , , , , , , , , , , , , , , , , , , , , 
26.2855385, 0.0224918, , , , , , , 26.2855385, -0.0082246, , , , , , , 26.2855385, -0.0082246, , , , , , , 26.2855385, 0.0125887, , , , , , , , , , , , , , , , , , , , , , , , , , , , 
26.2860577, 0.0223239, , , , , , , 26.2860577, -0.0070497, , , , , , , 26.2860577, -0.0077211, , , , , , , 26.2860577, 0.008896, , , , , , , , , , , , , , , , , , , , , , , , , , , , 
26.2865769, 0.0307164, , , , , , , 26.2865769, -0.0062104, , , , , , , 26.2865769, -0.0085603, , , , , , , 26.2865769, 0.0025177, , , , , , , , , , , , , , , , , , , , , , , , , , , , 
26.2870962, 0.0394446, , , , , , , 26.2870962, -0.0062104, , , , , , , 26.2870962, -0.0109102, , , , , , , 26.2870962, -0.0041962, , , , , , , , , , , , , , , , , , , , , , , , , , , , 
26.2876154, 0.0397803, , , , , , , 26.2876154, -0.0075532, , , , , , , 26.2876154, -0.0139315, , , , , , , 26.2876154, -0.0078889, , , , , , , , , , , , , , , , , , , , , , , , , , , , 
26.2881346, 0.0359197, , , , , , , 26.2881346, -0.008896, , , , , , , 26.2881346, -0.0164492, , , , , , , 26.2881346, -0.0115816, , , , , , , , , , , , , , , , , , , , , , , , , , , , 
26.2886538, 0.0354162, , , , , , , 26.2886538, -0.0068818, , , , , , , 26.2886538, -0.01561, , , , , , , 26.2886538, -0.0109102, , , , , , , , , , , , , , , , , , , , , , , , , , , , 
26.2891731, 0.0397803, , , , , , , 26.2891731, -0.005539, , , , , , , 26.2891731, -0.0129244, , , , , , , 26.2891731, -0.0075532, , , , , , , , , , , , , , , , , , , , , , , , , , , , 
26.2896923, 0.0441444, , , , , , , 26.2896923, -0.0068818, , , , , , , 26.2896923, -0.0112459, , , , , , , 26.2896923, -0.0025177, , , , , , , , , , , , , , , , , , , , , , , , , , , , 
26.2902115, 0.0428016, , , , , , , 26.2902115, -0.0077211, , , , , , , 26.2902115, -0.0115816, , , , , , , 26.2902115, 0.0025177, , , , , , , , , , , , , , , , , , , , , , , , , , , , 
26.2907308, 0.0344091, , , , , , , 26.2907308, -0.0077211, , , , , , , 26.2907308, -0.0124208, , , , , , , 26.2907308, 0.0077211, , , , , , , , , , , , , , , , , , , , , , , , , , , , 
26.29125, 0.0226596, , , , , , , 26.29125, -0.0075532, , , , , , , 26.29125, -0.0135958, , , , , , , 26.29125, 0.0132601, , , , , , , , , , , , , , , , , , , , , , , , , , , , 
26.2917692, 0.0162814, , , , , , , 26.2917692, -0.0075532, , , , , , , 26.2917692, -0.0135958, , , , , , , 26.2917692, 0.01561, , , , , , , , , , , , , , , , , , , , , , , , , , , , 
26.2922885, 0.0172885, , , , , , , 26.2922885, -0.0072175, , , , , , , 26.2922885, -0.0115816, , , , , , , 26.2922885, 0.017792, , , , , , , , , , , , , , , , , , , , , , , , , , , , 
26.2928077, 0.0152743, , , , , , , 26.2928077, -0.0075532, , , , , , , 26.2928077, -0.0107424, , , , , , , 26.2928077, 0.0229953, , , , , , , , , , , , , , , , , , , , , , , , , , , , 
26.2933269, 0.0078889, , , , , , , 26.2933269, -0.0083925, , , , , , , 26.2933269, -0.0104067, , , , , , , 26.2933269, 0.0280308, , , , , , , , , , , , , , , , , , , , , , , , , , , , 
26.2938462, 0.0018463, , , , , , , 26.2938462, -0.008896, , , , , , , 26.2938462, -0.0075532, , , , , , , 26.2938462, 0.0325628, , , , , , , , , , , , , , , , , , , , , , , , , , , , 
26.2943654, -0.0031891, , , , , , , 26.2943654, -0.0085603, , , , , , , 26.2943654, -0.0041962, , , , , , , 26.2943654, 0.0397803, , , , , , , , , , , , , , , , , , , , , , , , , , , , 
26.2948846, -0.0075532, , , , , , , 26.2948846, -0.0082246, , , , , , , 26.2948846, -0.0023499, , , , , , , 26.2948846, 0.0468299, , , , , , , , , , , , , , , , , , , , , , , , , , , , 
26.2954038, -0.0119173, , , , , , , 26.2954038, -0.0082246, , , , , , , 26.2954038, -0.002182, , , , , , , 26.2954038, 0.0485084, , , , , , , , , , , , , , , , , , , , , , , , , , , , 
26.2959231, -0.0191348, , , , , , , 26.2959231, -0.0099031, , , , , , , 26.2959231, -0.0031891, , , , , , , 26.2959231, 0.0468299, , , , , , , , , , , , , , , , , , , , , , , , , , , , 
26.2964423, -0.0216526, , , , , , , 26.2964423, -0.0109102, , , , , , , 26.2964423, -0.0043641, , , , , , , 26.2964423, 0.0411231, , , , , , , , , , , , , , , , , , , , , , , , , , , , 
26.2969615, -0.0149386, , , , , , , 26.2969615, -0.0102388, , , , , , , 26.2969615, -0.0048676, , , , , , , 26.2969615, 0.033402, , , , , , , , , , , , , , , , , , , , , , , , , , , , 
26.2974808, -0.0050355, , , , , , , 26.2974808, -0.010071, , , , , , , 26.2974808, -0.0028534, , , , , , , 26.2974808, 0.026688, , , , , , , , , , , , , , , , , , , , , , , , , , , , 
26.298, 0.0023499, , , , , , , 26.298, -0.0105745, , , , , , , 26.298, -0.0008392, , , , , , , 26.298, 0.0209812, , , , , , , , , , , , , , , , , , , , , , , , , , , , 
26.2985192, 0.0065461, , , , , , , 26.2985192, -0.008896, , , , , , , 26.2985192, -0.0008392, , , , , , , 26.2985192, 0.0154421, , , , , , , , , , , , , , , , , , , , , , , , , , , , 
26.2990385, 0.0065461, , , , , , , 26.2990385, -0.0083925, , , , , , , 26.2990385, -0.0030213, , , , , , , 26.2990385, 0.0132601, , , , , , , , , , , , , , , , , , , , , , , , , , , , 
26.2995577, 0.0058747, , , , , , , 26.2995577, -0.0085603, , , , , , , 26.2995577, -0.0063783, , , , , , , 26.2995577, 0.012253, , , , , , , , , , , , , , , , , , , , , , , , , , , , 
26.3000769, 0.0109102, , , , , , , 26.3000769, -0.0075532, , , , , , , 26.3000769, -0.005539, , , , , , , 26.3000769, 0.0083925, , , , , , , , , , , , , , , , , , , , , , , , , , , , 
26.3005962, 0.0176242, , , , , , , 26.3005962, -0.0077211, , , , , , , 26.3005962, -0.0045319, , , , , , , 26.3005962, 0.0052033, , , , , , , , , , , , , , , , , , , , , , , , , , , , 
26.3011154, 0.0169528, , , , , , , 26.3011154, -0.0093996, , , , , , , 26.3011154, -0.0062104, , , , , , , 26.3011154, 0.0035248, , , , , , , , , , , , , , , , , , , , , , , , , , , , 
26.3016346, 0.0125887, , , , , , , 26.3016346, -0.008896, , , , , , , 26.3016346, -0.0062104, , , , , , , 26.3016346, 0.0031891, , , , , , , , , , , , , , , , , , , , , , , , , , , , 
26.3021538, 0.0182956, , , , , , , 26.3021538, -0.008896, , , , , , , 26.3021538, -0.0052033, , , , , , , 26.3021538, 0.0043641, , , , , , , , , , , , , , , , , , , , , , , , , , , , 
26.3026731, 0.0293736, , , , , , , 26.3026731, -0.0085603, , , , , , , 26.3026731, -0.0058747, , , , , , , 26.3026731, 0.0075532, , , , , , , , , , , , , , , , , , , , , , , , , , , , 
26.3031923, 0.0323949, , , , , , , 26.3031923, -0.0073854, , , , , , , 26.3031923, -0.0058747, , , , , , , 26.3031923, 0.0119173, , , , , , , , , , , , , , , , , , , , , , , , , , , , 
26.3037115, 0.0250095, , , , , , , 26.3037115, -0.0065461, , , , , , , 26.3037115, -0.0048676, , , , , , , 26.3037115, 0.0162814, , , , , , , , , , , , , , , , , , , , , , , , , , , , 
26.3042308, 0.0203098, , , , , , , 26.3042308, -0.0062104, , , , , , , 26.3042308, -0.0035248, , , , , , , 26.3042308, 0.0169528, , , , , , , , , , , , , , , , , , , , , , , , , , , , 
26.30475, 0.0179599, , , , , , , 26.30475, -0.0065461, , , , , , , 26.30475, -0.0028534, , , , , , , 26.30475, 0.01561, , , , , , , , , , , , , , , , , , , , , , , , , , , , 
26.3052692, 0.0146029, , , , , , , 26.3052692, -0.0058747, , , , , , , 26.3052692, -0.0031891, , , , , , , 26.3052692, 0.0139315, , , , , , , , , , , , , , , , , , , , , , , , , , , , 
26.3057885, 0.0125887, , , , , , , 26.3057885, -0.0050355, , , , , , , 26.3057885, -0.0041962, , , , , , , 26.3057885, 0.0115816, , , , , , , , , , , , , , , , , , , , , , , , , , , , 
26.3063077, 0.0125887, , , , , , , 26.3063077, -0.0058747, , , , , , , 26.3063077, -0.0062104, , , , , , , 26.3063077, 0.0085603, , , , , , , , , , , , , , , , , , , , , , , , , , , , 
26.3068269, 0.0182956, , , , , , , 26.3068269, -0.0065461, , , , , , , 26.3068269, -0.0060426, , , , , , , 26.3068269, 0.0025177, , , , , , , , , , , , , , , , , , , , , , , , , , , , 
26.3073462, 0.0273594, , , , , , , 26.3073462, -0.0052033, , , , , , , 26.3073462, -0.0035248, , , , , , , 26.3073462, -0.0068818, , , , , , , , , , , , , , , , , , , , , , , , , , , , 
26.3078654, 0.0342412, , , , , , , 26.3078654, -0.005539, , , , , , , 26.3078654, -0.0031891, , , , , , , 26.3078654, -0.0149386, , , , , , , , , , , , , , , , , , , , , , , , , , , , 
26.3083846, 0.0374304, , , , , , , 26.3083846, -0.0048676, , , , , , , 26.3083846, -0.0062104, , , , , , , 26.3083846, -0.0196384, , , , , , , , , , , , , , , , , , , , , , , , , , , , 
26.3089038, 0.0394446, , , , , , , 26.3089038, -0.0041962, , , , , , , 26.3089038, -0.0095674, , , , , , , 26.3089038, -0.0204776, , , , , , , , , , , , , , , , , , , , , , , , , , , , 
26.3094231, 0.0394446, , , , , , , 26.3094231, -0.0062104, , , , , , , 26.3094231, -0.0109102, , , , , , , 26.3094231, -0.0196384, , , , , , , , , , , , , , , , , , , , , , , , , , , , 
26.3099423, 0.036759, , , , , , , 26.3099423, -0.008896, , , , , , , 26.3099423, -0.0109102, , , , , , , 26.3099423, -0.0179599, , , , , , , , , , , , , , , , , , , , , , , , , , , , 
26.3104615, 0.0303807, , , , , , , 26.3104615, -0.0082246, , , , , , , 26.3104615, -0.0105745, , , , , , , 26.3104615, -0.01561, , , , , , , , , , , , , , , , , , , , , , , , , , , , 
26.3109808, 0.0221561, , , , , , , 26.3109808, -0.005539, , , , , , , 26.3109808, -0.0119173, , , , , , , 26.3109808, -0.0132601, , , , , , , , , , , , , , , , , , , , , , , , , , , , 
26.3115, 0.0129244, , , , , , , 26.3115, -0.0048676, , , , , , , 26.3115, -0.0135958, , , , , , , 26.3115, -0.0117494, , , , , , , , , , , , , , , , , , , , , , , , , , , , 
26.3120192, 0.0075532, , , , , , , 26.3120192, -0.0068818, , , , , , , 26.3120192, -0.0142672, , , , , , , 26.3120192, -0.0085603, , , , , , , , , , , , , , , , , , , , , , , , , , , , 
26.3125385, 0.0078889, , , , , , , 26.3125385, -0.0062104, , , , , , , 26.3125385, -0.012253, , , , , , , 26.3125385, -0.0052033, , , , , , , , , , , , , , , , , , , , , , , , , , , , 
26.3130577, 0.0095674, , , , , , , 26.3130577, -0.0035248, , , , , , , 26.3130577, -0.0117494, , , , , , , 26.3130577, -0.0018463, , , , , , , , , , , , , , , , , , , , , , , , , , , , 
26.3135769, 0.0065461, , , , , , , 26.3135769, -0.0028534, , , , , , , 26.3135769, -0.0095674, , , , , , , 26.3135769, 0.0041962, , , , , , , , , , , , , , , , , , , , , , , , , , , , 
26.3140962, 0.0015106, , , , , , , 26.3140962, -0.0052033, , , , , , , 26.3140962, -0.005539, , , , , , , 26.3140962, 0.0146029, , , , , , , , , , , , , , , , , , , , , , , , , , , , 
26.3146154, -0.0035248, , , , , , , 26.3146154, -0.0070497, , , , , , , 26.3146154, -0.0045319, , , , , , , 26.3146154, 0.0246738, , , , , , , , , , , , , , , , , , , , , , , , , , , , 
26.3151346, -0.0115816, , , , , , , 26.3151346, -0.0095674, , , , , , , 26.3151346, -0.005539, , , , , , , 26.3151346, 0.0313878, , , , , , , , , , , , , , , , , , , , , , , , , , , , 
26.3156538, -0.0176242, , , , , , , 26.3156538, -0.0105745, , , , , , , 26.3156538, -0.0038605, , , , , , , 26.3156538, 0.0340734, , , , , , , , , , , , , , , , , , , , , , , , , , , , 
26.3161731, -0.0176242, , , , , , , 26.3161731, -0.0102388, , , , , , , 26.3161731, -0.0035248, , , , , , , 26.3161731, 0.0337377, , , , , , , , , , , , , , , , , , , , , , , , , , , , 
26.3166923, -0.0166171, , , , , , , 26.3166923, -0.0119173, , , , , , , 26.3166923, -0.0050355, , , , , , , 26.3166923, 0.0303807, , , , , , , , , , , , , , , , , , , , , , , , , , , , 
26.3172115, -0.0135958, , , , , , , 26.3172115, -0.0130922, , , , , , , 26.3172115, -0.0063783, , , , , , , 26.3172115, 0.0213169, , , , , , , , , , , , , , , , , , , , , , , , , , , , 
26.3177308, -0.0104067, , , , , , , 26.3177308, -0.012253, , , , , , , 26.3177308, -0.0068818, , , , , , , 26.3177308, 0.0105745, , , , , , , , , , , , , , , , , , , , , , , , , , , , 
26.31825, -0.0085603, , , , , , , 26.31825, -0.011078, , , , , , , 26.31825, -0.0068818, , , , , , , 26.31825, 0.0052033, , , , , , , , , , , , , , , , , , , , , , , , , , , , 
26.3187692, -0.0068818, , , , , , , 26.3187692, -0.011078, , , , , , , 26.3187692, -0.0072175, , , , , , , 26.3187692, 0.0068818, , , , , , , , , , , , , , , , , , , , , , , , , , , , 
26.3192885, -0.0035248, , , , , , , 26.3192885, -0.0099031, , , , , , , 26.3192885, -0.0082246, , , , , , , 26.3192885, 0.0078889, , , , , , , , , , , , , , , , , , , , , , , , , , , , 
26.3198077, -0.0041962, , , , , , , 26.3198077, -0.0063783, , , , , , , 26.3198077, -0.0068818, , , , , , , 26.3198077, 0.008896, , , , , , , , , , , , , , , , , , , , , , , , , , , , 
26.3203269, -0.0082246, , , , , , , 26.3203269, -0.0038605, , , , , , , 26.3203269, -0.0052033, , , , , , , 26.3203269, 0.0105745, , , , , , , , , , , , , , , , , , , , , , , , , , , , 
26.3208462, -0.0109102, , , , , , , 26.3208462, -0.0041962, , , , , , , 26.3208462, -0.0058747, , , , , , , 26.3208462, 0.011078, , , , , , , , , , , , , , , , , , , , , , , , , , , , 
26.3213654, -0.0142672, , , , , , , 26.3213654, -0.0068818, , , , , , , 26.3213654, -0.0085603, , , , , , , 26.3213654, 0.0112459, , , , , , , , , , , , , , , , , , , , , , , , , , , , 
26.3218846, -0.0162814, , , , , , , 26.3218846, -0.0085603, , , , , , , 26.3218846, -0.008896, , , , , , , 26.3218846, 0.0105745, , , , , , , , , , , , , , , , , , , , , , , , , , , , 
26.3224038, -0.0146029, , , , , , , 26.3224038, -0.0109102, , , , , , , 26.3224038, -0.0082246, , , , , , , 26.3224038, 0.0072175, , , , , , , , , , , , , , , , , , , , , , , , , , , , 
26.3229231, -0.0119173, , , , , , , 26.3229231, -0.0102388, , , , , , , 26.3229231, -0.008896, , , , , , , 26.3229231, 0.0085603, , , , , , , , , , , , , , , , , , , , , , , , , , , , 
26.3234423, -0.008896, , , , , , , 26.3234423, -0.0075532, , , , , , , 26.3234423, -0.0082246, , , , , , , 26.3234423, 0.0130922, , , , , , , , , , , , , , , , , , , , , , , , , , , , 
26.3239615, -0.0068818, , , , , , , 26.3239615, -0.005539, , , , , , , 26.3239615, -0.0068818, , , , , , , 26.3239615, 0.0149386, , , , , , , , , , , , , , , , , , , , , , , , , , , , 
26.3244808, -0.0062104, , , , , , , 26.3244808, -0.0062104, , , , , , , 26.3244808, -0.0068818, , , , , , , 26.3244808, 0.0135958, , , , , , , , , , , , , , , , , , , , , , , , , , , , 
26.325, -0.0077211, , , , , , , 26.325, -0.0075532, , , , , , , 26.325, -0.0068818, , , , , , , 26.325, 0.0132601, , , , , , , , , , , , , , , , , , , , , , , , , , , , 
26.3255192, -0.008896, , , , , , , 26.3255192, -0.0072175, , , , , , , 26.3255192, -0.0072175, , , , , , , 26.3255192, 0.0119173, , , , , , , , , , , , , , , , , , , , , , , , , , , , 
26.3260385, -0.008896, , , , , , , 26.3260385, -0.0050355, , , , , , , 26.3260385, -0.0070497, , , , , , , 26.3260385, 0.0087282, , , , , , , , , , , , , , , , , , , , , , , , , , , , 
26.3265577, -0.0041962, , , , , , , 26.3265577, -0.0011749, , , , , , , 26.3265577, -0.0068818, , , , , , , 26.3265577, 0.0011749, , , , , , , , , , , , , , , , , , , , , , , , , , , , 
26.3270769, 0.0025177, , , , , , , 26.3270769, 0.0008392, , , , , , , 26.3270769, -0.0070497, , , , , , , 26.3270769, -0.0063783, , , , , , , , , , , , , , , , , , , , , , , , , , , , 
26.3275962, 0.0072175, , , , , , , 26.3275962, -0.0011749, , , , , , , 26.3275962, -0.0099031, , , , , , , 26.3275962, -0.0095674, , , , , , , , , , , , , , , , , , , , , , , , , , , , 
26.3281154, 0.0132601, , , , , , , 26.3281154, -0.0045319, , , , , , , 26.3281154, -0.0129244, , , , , , , 26.3281154, -0.0109102, , , , , , , , , , , , , , , , , , , , , , , , , , , , 
26.3286346, 0.0169528, , , , , , , 26.3286346, -0.0065461, , , , , , , 26.3286346, -0.0135958, , , , , , , 26.3286346, -0.0127565, , , , , , , , , , , , , , , , , , , , , , , , , , , , 
26.3291538, 0.0135958, , , , , , , 26.3291538, -0.0063783, , , , , , , 26.3291538, -0.0130922, , , , , , , 26.3291538, -0.0149386, , , , , , , , , , , , , , , , , , , , , , , , , , , , 
26.3296731, 0.0119173, , , , , , , 26.3296731, -0.005539, , , , , , , 26.3296731, -0.0135958, , , , , , , 26.3296731, -0.014435, , , , , , , , , , , , , , , , , , , , , , , , , , , , 
26.3301923, 0.0146029, , , , , , , 26.3301923, -0.0062104, , , , , , , 26.3301923, -0.0162814, , , , , , , 26.3301923, -0.0099031, , , , , , , , , , , , , , , , , , , , , , , , , , , , 
26.3307115, 0.0092317, , , , , , , 26.3307115, -0.0078889, , , , , , , 26.3307115, -0.0172885, , , , , , , 26.3307115, -0.0008392, , , , , , , , , , , , , , , , , , , , , , , , , , , , 
26.3312308, 0.0001678, , , , , , , 26.3312308, -0.0082246, , , , , , , 26.3312308, -0.0162814, , , , , , , 26.3312308, 0.0105745, , , , , , , , , , , , , , , , , , , , , , , , , , , , 
26.33175, -0.0038605, , , , , , , 26.33175, -0.0072175, , , , , , , 26.33175, -0.0142672, , , , , , , 26.33175, 0.0204776, , , , , , , , , , , , , , , , , , , , , , , , , , , , 
26.3322692, -0.0058747, , , , , , , 26.3322692, -0.0075532, , , , , , , 26.3322692, -0.0119173, , , , , , , 26.3322692, 0.0265202, , , , , , , , , , , , , , , , , , , , , , , , , , , , 
26.3327885, -0.0057069, , , , , , , 26.3327885, -0.0078889, , , , , , , 26.3327885, -0.0102388, , , , , , , 26.3327885, 0.030045, , , , , , , , , , , , , , , , , , , , , , , , , , , , 
26.3333077, -0.0105745, , , , , , , 26.3333077, -0.0062104, , , , , , , 26.3333077, -0.0112459, , , , , , , 26.3333077, 0.0340734, , , , , , , , , , , , , , , , , , , , , , , , , , , , 
26.3338269, -0.0130922, , , , , , , 26.3338269, -0.005539, , , , , , , 26.3338269, -0.0109102, , , , , , , 26.3338269, 0.040116, , , , , , , , , , , , , , , , , , , , , , , , , , , , 
26.3343462, -0.0125887, , , , , , , 26.3343462, -0.0068818, , , , , , , 26.3343462, -0.0082246, , , , , , , 26.3343462, 0.0449836, , , , , , , , , , , , , , , , , , , , , , , , , , , , 
26.3348654, -0.0132601, , , , , , , 26.3348654, -0.0075532, , , , , , , 26.3348654, -0.0063783, , , , , , , 26.3348654, 0.0468299, , , , , , , , , , , , , , , , , , , , , , , , , , , , 
26.3353846, -0.017792, , , , , , , 26.3353846, -0.0072175, , , , , , , 26.3353846, -0.0048676, , , , , , , 26.3353846, 0.0501869, , , , , , , , , , , , , , , , , , , , , , , , , , , , 
26.3359038, -0.0203098, , , , , , , 26.3359038, -0.0068818, , , , , , , 26.3359038, -0.0038605, , , , , , , 26.3359038, 0.0528725, , , , , , , , , , , , , , , , , , , , , , , , , , , , 
26.3364231, -0.014435, , , , , , , 26.3364231, -0.0068818, , , , , , , 26.3364231, -0.0038605, , , , , , , 26.3364231, 0.0505226, , , , , , , , , , , , , , , , , , , , , , , , , , , , 
26.3369423, -0.0062104, , , , , , , 26.3369423, -0.008896, , , , , , , 26.3369423, -0.0058747, , , , , , , 26.3369423, 0.0436408, , , , , , , , , , , , , , , , , , , , , , , , , , , , 
26.3374615, 0.0015106, , , , , , , 26.3374615, -0.0109102, , , , , , , 26.3374615, -0.0085603, , , , , , , 26.3374615, 0.0347448, , , , , , , , , , , , , , , , , , , , , , , , , , , , 
26.3379808, 0.0065461, , , , , , , 26.3379808, -0.0109102, , , , , , , 26.3379808, -0.0075532, , , , , , , 26.3379808, 0.0293736, , , , , , , , , , , , , , , , , , , , , , , , , , , , 
26.3385, 0.0112459, , , , , , , 26.3385, -0.0105745, , , , , , , 26.3385, -0.005539, , , , , , , 26.3385, 0.0258488, , , , , , , , , , , , , , , , , , , , , , , , , , , , 
26.3390192, 0.017792, , , , , , , 26.3390192, -0.0102388, , , , , , , 26.3390192, -0.0045319, , , , , , , 26.3390192, 0.0219883, , , , , , , , , , , , , , , , , , , , , , , , , , , , 
26.3395385, 0.0240024, , , , , , , 26.3395385, -0.0097353, , , , , , , 26.3395385, -0.0057069, , , , , , , 26.3395385, 0.0186313, , , , , , , , , , , , , , , , , , , , , , , , , , , , 
26.3400577, 0.0270237, , , , , , , 26.3400577, -0.0097353, , , , , , , 26.3400577, -0.0068818, , , , , , , 26.3400577, 0.0171206, , , , , , , , , , , , , , , , , , , , , , , , , , , , 
26.3405769, 0.0253452, , , , , , , 26.3405769, -0.0099031, , , , , , , 26.3405769, -0.0052033, , , , , , , 26.3405769, 0.0159457, , , , , , , , , , , , , , , , , , , , , , , , , , , , 
26.3410962, 0.0251774, , , , , , , 26.3410962, -0.0105745, , , , , , , 26.3410962, -0.005539, , , , , , , 26.3410962, 0.0139315, , , , , , , , , , , , , , , , , , , , , , , , , , , , 
26.3416154, 0.026688, , , , , , , 26.3416154, -0.012253, , , , , , , 26.3416154, -0.0068818, , , , , , , 26.3416154, 0.0112459, , , , , , , , , , , , , , , , , , , , , , , , , , , , 
26.3421346, 0.0273594, , , , , , , 26.3421346, -0.0149386, , , , , , , 26.3421346, -0.0075532, , , , , , , 26.3421346, 0.0099031, , , , , , , , , , , , , , , , , , , , , , , , , , , , 
26.3426538, 0.0285344, , , , , , , 26.3426538, -0.0162814, , , , , , , 26.3426538, -0.0082246, , , , , , , 26.3426538, 0.0082246, , , , , , , , , , , , , , , , , , , , , , , , , , , , 
26.3431731, 0.030045, , , , , , , 26.3431731, -0.0139315, , , , , , , 26.3431731, -0.0090639, , , , , , , 26.3431731, 0.0058747, , , , , , , , , , , , , , , , , , , , , , , , , , , , 
26.3436923, 0.027863, , , , , , , 26.3436923, -0.012253, , , , , , , 26.3436923, -0.0095674, , , , , , , 26.3436923, 0.0031891, , , , , , , , , , , , , , , , , , , , , , , , , , , , 
26.3442115, 0.0250095, , , , , , , 26.3442115, -0.0125887, , , , , , , 26.3442115, -0.0095674, , , , , , , 26.3442115, 0.0038605, , , , , , , , , , , , , , , , , , , , , , , , , , , , 
26.3447308, 0.0280308, , , , , , , 26.3447308, -0.0135958, , , , , , , 26.3447308, -0.0102388, , , , , , , 26.3447308, 0.0045319, , , , , , , , , , , , , , , , , , , , , , , , , , , , 
26.34525, 0.0350805, , , , , , , 26.34525, -0.0146029, , , , , , , 26.34525, -0.0117494, , , , , , , 26.34525, 0.0038605, , , , , , , , , , , , , , , , , , , , , , , , , , , , 
26.3457692, 0.0414588, , , , , , , 26.3457692, -0.0137636, , , , , , , 26.3457692, -0.012253, , , , , , , 26.3457692, 0.0030213, , , , , , , , , , , , , , , , , , , , , , , , , , , , 
26.3462885, 0.0475013, , , , , , , 26.3462885, -0.0109102, , , , , , , 26.3462885, -0.0109102, , , , , , , 26.3462885, -0.0005035, , , , , , , , , , , , , , , , , , , , , , , , , , , , 
26.3468077, 0.047837, , , , , , , 26.3468077, -0.0075532, , , , , , , 26.3468077, -0.0095674, , , , , , , 26.3468077, -0.0078889, , , , , , , , , , , , , , , , , , , , , , , , , , , , 
26.3473269, 0.0488441, , , , , , , 26.3473269, -0.005539, , , , , , , 26.3473269, -0.0115816, , , , , , , 26.3473269, -0.0119173, , , , , , , , , , , , , , , , , , , , , , , , , , , , 
26.3478462, 0.0572366, , , , , , , 26.3478462, -0.0052033, , , , , , , 26.3478462, -0.0124208, , , , , , , 26.3478462, -0.0135958, , , , , , , , , , , , , , , , , , , , , , , , , , , , 
26.3483654, 0.0659648, , , , , , , 26.3483654, -0.008896, , , , , , , 26.3483654, -0.0112459, , , , , , , 26.3483654, -0.0157778, , , , , , , , , , , , , , , , , , , , , , , , , , , , 
26.3488846, 0.0703288, , , , , , , 26.3488846, -0.0102388, , , , , , , 26.3488846, -0.0104067, , , , , , , 26.3488846, -0.01561, , , , , , , , , , , , , , , , , , , , , , , , , , , , 
26.3494038, 0.0674754, , , , , , , 26.3494038, -0.0082246, , , , , , , 26.3494038, -0.0109102, , , , , , , 26.3494038, -0.0135958, , , , , , , , , , , , , , , , , , , , , , , , , , , , 
26.3499231, 0.061265, , , , , , , 26.3499231, -0.0045319, , , , , , , 26.3499231, -0.0092317, , , , , , , 26.3499231, -0.0099031, , , , , , , , , , , , , , , , , , , , , , , , , , , , 
26.3504423, 0.0582437, , , , , , , 26.3504423, -0.0028534, , , , , , , 26.3504423, -0.0075532, , , , , , , 26.3504423, -0.0038605, , , , , , , , , , , , , , , , , , , , , , , , , , , , 
26.3509615, 0.0560616, , , , , , , 26.3509615, -0.0041962, , , , , , , 26.3509615, -0.0075532, , , , , , , 26.3509615, 0.0011749, , , , , , , , , , , , , , , , , , , , , , , , , , , , 
26.3514808, 0.0505226, , , , , , , 26.3514808, -0.0075532, , , , , , , 26.3514808, -0.0082246, , , , , , , 26.3514808, 0.0048676, , , , , , , , , , , , , , , , , , , , , , , , , , , , 
26.352, 0.0428016, , , , , , , 26.352, -0.0082246, , , , , , , 26.352, -0.0068818, , , , , , , 26.352, 0.0085603, , , , , , , , , , , , , , , , , , , , , , , , , , , , 
26.3525192, 0.0340734, , , , , , , 26.3525192, -0.0072175, , , , , , , 26.3525192, -0.0031891, , , , , , , 26.3525192, 0.0146029, , , , , , , , , , , , , , , , , , , , , , , , , , , , 
26.3530385, 0.0246738, , , , , , , 26.3530385, -0.0068818, , , , , , , 26.3530385, -0.0018463, , , , , , , 26.3530385, 0.0229953, , , , , , , , , , , , , , , , , , , , , , , , , , , , 
26.3535577, 0.0184634, , , , , , , 26.3535577, -0.0058747, , , , , , , 26.3535577, -0.0028534, , , , , , , 26.3535577, 0.0293736, , , , , , , , , , , , , , , , , , , , , , , , , , , , 
26.3540769, 0.0152743, , , , , , , 26.3540769, -0.0048676, , , , , , , 26.3540769, -0.0038605, , , , , , , 26.3540769, 0.0340734, , , , , , , , , , , , , , , , , , , , , , , , , , , , 
26.3545962, 0.010071, , , , , , , 26.3545962, -0.0058747, , , , , , , 26.3545962, -0.0041962, , , , , , , 26.3545962, 0.040116, , , , , , , , , , , , , , , , , , , , , , , , , , , , 
26.3551154, 0.0070497, , , , , , , 26.3551154, -0.008896, , , , , , , 26.3551154, -0.0041962, , , , , , , 26.3551154, 0.0464942, , , , , , , , , , , , , , , , , , , , , , , , , , , , 
26.3556346, 0.0058747, , , , , , , 26.3556346, -0.008896, , , , , , , 26.3556346, -0.0028534, , , , , , , 26.3556346, 0.0500191, , , , , , , , , , , , , , , , , , , , , , , , , , , , 
26.3561538, 0.0048676, , , , , , , 26.3561538, -0.0075532, , , , , , , 26.3561538, -0.0001678, , , , , , , 26.3561538, 0.0491798, , , , , , , , , , , , , , , , , , , , , , , , , , , , 
26.3566731, 0.008896, , , , , , , 26.3566731, -0.0092317, , , , , , , 26.3566731, 0.0005035, , , , , , , 26.3566731, 0.0436408, , , , , , , , , , , , , , , , , , , , , , , , , , , , 
26.3571923, 0.0219883, , , , , , , 26.3571923, -0.0109102, , , , , , , 26.3571923, -0.0008392, , , , , , , 26.3571923, 0.0357519, , , , , , , , , , , , , , , , , , , , , , , , , , , , 
26.3577115, 0.0354162, , , , , , , 26.3577115, -0.0095674, , , , , , , 26.3577115, -0.0035248, , , , , , , 26.3577115, 0.0287022, , , , , , , , , , , , , , , , , , , , , , , , , , , , 
26.3582308, 0.0391089, , , , , , , 26.3582308, -0.0075532, , , , , , , 26.3582308, -0.0046998, , , , , , , 26.3582308, 0.0240024, , , , , , , , , , , , , , , , , , , , , , , , , , , , 
26.35875, 0.0374304, , , , , , , 26.35875, -0.005539, , , , , , , 26.35875, -0.0045319, , , , , , , 26.35875, 0.021149, , , , , , , , , , , , , , , , , , , , , , , , , , , , 
26.3592692, 0.0391089, , , , , , , 26.3592692, -0.0052033, , , , , , , 26.3592692, -0.0048676, , , , , , , 26.3592692, 0.0181277, , , , , , , , , , , , , , , , , , , , , , , , , , , , 
26.3597885, 0.0448157, , , , , , , 26.3597885, -0.0068818, , , , , , , 26.3597885, -0.0048676, , , , , , , 26.3597885, 0.0146029, , , , , , , , , , , , , , , , , , , , , , , , , , , , 
26.3603077, 0.0433051, , , , , , , 26.3603077, -0.0068818, , , , , , , 26.3603077, -0.0058747, , , , , , , 26.3603077, 0.0132601, , , , , , , , , , , , , , , , , , , , , , , , , , , , 
26.3608269, 0.040116, , , , , , , 26.3608269, -0.0065461, , , , , , , 26.3608269, -0.0072175, , , , , , , 26.3608269, 0.012253, , , , , , , , , , , , , , , , , , , , , , , , , , , , 
26.3613462, 0.0365911, , , , , , , 26.3613462, -0.0068818, , , , , , , 26.3613462, -0.008896, , , , , , , 26.3613462, 0.0132601, , , , , , , , , , , , , , , , , , , , , , , , , , , , 
26.3618654, 0.0360876, , , , , , , 26.3618654, -0.0075532, , , , , , , 26.3618654, -0.0078889, , , , , , , 26.3618654, 0.0125887, , , , , , , , , , , , , , , , , , , , , , , , , , , , 
26.3623846, 0.0394446, , , , , , , 26.3623846, -0.0078889, , , , , , , 26.3623846, -0.0082246, , , , , , , 26.3623846, 0.0127565, , , , , , , , , , , , , , , , , , , , , , , , , , , , 
26.3629038, 0.0392767, , , , , , , 26.3629038, -0.0078889, , , , , , , 26.3629038, -0.011078, , , , , , , 26.3629038, 0.0125887, , , , , , , , , , , , , , , , , , , , , , , , , , , , 
26.3634231, 0.0394446, , , , , , , 26.3634231, -0.0082246, , , , , , , 26.3634231, -0.0109102, , , , , , , 26.3634231, 0.0115816, , , , , , , , , , , , , , , , , , , , , , , , , , , , 
26.3639423, 0.0417945, , , , , , , 26.3639423, -0.0078889, , , , , , , 26.3639423, -0.0092317, , , , , , , 26.3639423, 0.0112459, , , , , , , , , , , , , , , , , , , , , , , , , , , , 
26.3644615, 0.0428016, , , , , , , 26.3644615, -0.0085603, , , , , , , 26.3644615, -0.0085603, , , , , , , 26.3644615, 0.0099031, , , , , , , , , , , , , , , , , , , , , , , , , , , , 
26.3649808, 0.0347448, , , , , , , 26.3649808, -0.0085603, , , , , , , 26.3649808, -0.0078889, , , , , , , 26.3649808, 0.0085603, , , , , , , , , , , , , , , , , , , , , , , , , , , , 
26.3655, 0.0224918, , , , , , , 26.3655, -0.0070497, , , , , , , 26.3655, -0.0068818, , , , , , , 26.3655, 0.0090639, , , , , , , , , , , , , , , , , , , , , , , , , , , , 
26.3660192, 0.0179599, , , , , , , 26.3660192, -0.0058747, , , , , , , 26.3660192, -0.0070497, , , , , , , 26.3660192, 0.008896, , , , , , , , , , , , , , , , , , , , , , , , , , , , 
26.3665385, 0.023331, , , , , , , 26.3665385, -0.005539, , , , , , , 26.3665385, -0.0090639, , , , , , , 26.3665385, 0.0025177, , , , , , , , , , , , , , , , , , , , , , , , , , , , 
26.3670577, 0.0323949, , , , , , , 26.3670577, -0.0045319, , , , , , , 26.3670577, -0.0114137, , , , , , , 26.3670577, -0.0068818, , , , , , , , , , , , , , , , , , , , , , , , , , , , 
26.3675769, 0.0360876, , , , , , , 26.3675769, -0.0038605, , , , , , , 26.3675769, -0.012253, , , , , , , 26.3675769, -0.011078, , , , , , , , , , , , , , , , , , , , , , , , , , , , 
26.3680962, 0.036759, , , , , , , 26.3680962, -0.0048676, , , , , , , 26.3680962, -0.0109102, , , , , , , 26.3680962, -0.0082246, , , , , , , , , , , , , , , , , , , , , , , , , , , , 
26.3686154, 0.0345769, , , , , , , 26.3686154, -0.0072175, , , , , , , 26.3686154, -0.008896, , , , , , , 26.3686154, -0.0062104, , , , , , , , , , , , , , , , , , , , , , , , , , , , 
26.3691346, 0.0302129, , , , , , , 26.3691346, -0.0075532, , , , , , , 26.3691346, -0.0085603, , , , , , , 26.3691346, -0.0041962, , , , , , , , , , , , , , , , , , , , , , , , , , , , 
26.3696538, 0.0251774, , , , , , , 26.3696538, -0.0072175, , , , , , , 26.3696538, -0.0102388, , , , , , , 26.3696538, -0.0010071, , , , , , , , , , , , , , , , , , , , , , , , , , , , 
26.3701731, 0.0219883, , , , , , , 26.3701731, -0.0068818, , , , , , , 26.3701731, -0.0115816, , , , , , , 26.3701731, 0.0023499, , , , , , , , , , , , , , , , , , , , , , , , , , , , 
26.3706923, 0.0213169, , , , , , , 26.3706923, -0.0045319, , , , , , , 26.3706923, -0.0102388, , , , , , , 26.3706923, 0.0065461, , , , , , , , , , , , , , , , , , , , , , , , , , , , 
26.3712115, 0.0179599, , , , , , , 26.3712115, -0.0025177, , , , , , , 26.3712115, -0.0082246, , , , , , , 26.3712115, 0.0146029, , , , , , , , , , , , , , , , , , , , , , , , , , , , 
26.3717308, 0.0139315, , , , , , , 26.3717308, -0.002182, , , , , , , 26.3717308, -0.008896, , , , , , , 26.3717308, 0.0213169, , , , , , , , , , , , , , , , , , , , , , , , , , , , 
26.37225, 0.0065461, , , , , , , 26.37225, -0.002182, , , , , , , 26.37225, -0.0090639, , , , , , , 26.37225, 0.0256809, , , , , , , , , , , , , , , , , , , , , , , , , , , , 
26.3727692, -0.0031891, , , , , , , 26.3727692, -0.002182, , , , , , , 26.3727692, -0.0077211, , , , , , , 26.3727692, 0.0310521, , , , , , , , , , , , , , , , , , , , , , , , , , , , 
26.3732885, -0.0102388, , , , , , , 26.3732885, -0.0035248, , , , , , , 26.3732885, -0.005539, , , , , , , 26.3732885, 0.036759, , , , , , , , , , , , , , , , , , , , , , , , , , , , 
26.3738077, -0.0186313, , , , , , , 26.3738077, -0.0060426, , , , , , , 26.3738077, -0.0035248, , , , , , , 26.3738077, 0.0414588, , , , , , , , , , , , , , , , , , , , , , , , , , , , 
26.3743269, -0.0256809, , , , , , , 26.3743269, -0.0068818, , , , , , , 26.3743269, -0.0028534, , , , , , , 26.3743269, 0.0438087, , , , , , , , , , , , , , , , , , , , , , , , , , , , 
26.3748462, -0.0303807, , , , , , , 26.3748462, -0.005539, , , , , , , 26.3748462, -0.0028534, , , , , , , 26.3748462, 0.0428016, , , , , , , , , , , , , , , , , , , , , , , , , , , , 
26.3753654, -0.0337377, , , , , , , 26.3753654, -0.005539, , , , , , , 26.3753654, -0.0028534, , , , , , , 26.3753654, 0.0424659, , , , , , , , , , , , , , , , , , , , , , , , , , , , 
26.3758846, -0.0381018, , , , , , , 26.3758846, -0.0058747, , , , , , , 26.3758846, -0.002182, , , , , , , 26.3758846, 0.0417945, , , , , , , , , , , , , , , , , , , , , , , , , , , , 
26.3764038, -0.0354162, , , , , , , 26.3764038, -0.0050355, , , , , , , 26.3764038, -0.0015106, , , , , , , 26.3764038, 0.036759, , , , , , , , , , , , , , , , , , , , , , , , , , , , 
26.3769231, -0.0273594, , , , , , , 26.3769231, -0.0052033, , , , , , , 26.3769231, -0.0011749, , , , , , , 26.3769231, 0.0297093, , , , , , , , , , , , , , , , , , , , , , , , , , , , 
26.3774423, -0.0203098, , , , , , , 26.3774423, -0.005539, , , , , , , 26.3774423, -0.0016785, , , , , , , 26.3774423, 0.0246738, , , , , , , , , , , , , , , , , , , , , , , , , , , , 
26.3779615, -0.01561, , , , , , , 26.3779615, -0.0062104, , , , , , , 26.3779615, -0.0031891, , , , , , , 26.3779615, 0.0208133, , , , , , , , , , , , , , , , , , , , , , , , , , , , 
26.3784808, -0.012253, , , , , , , 26.3784808, -0.0068818, , , , , , , 26.3784808, -0.0038605, , , , , , , 26.3784808, 0.0172885, , , , , , , , , , , , , , , , , , , , , , , , , , , , 
26.379, -0.0082246, , , , , , , 26.379, -0.0058747, , , , , , , 26.379, -0.0043641, , , , , , , 26.379, 0.0125887, , , , , , , , , , , , , , , , , , , , , , , , , , , , 
26.3795192, -0.002182, , , , , , , 26.3795192, -0.005539, , , , , , , 26.3795192, -0.0041962, , , , , , , 26.3795192, 0.0095674, , , , , , , , , , , , , , , , , , , , , , , , , , , , 
26.3800385, 0.0008392, , , , , , , 26.3800385, -0.0052033, , , , , , , 26.3800385, -0.0038605, , , , , , , 26.3800385, 0.0099031, , , , , , , , , , , , , , , , , , , , , , , , , , , , 
26.3805577, 0.0028534, , , , , , , 26.3805577, -0.0068818, , , , , , , 26.3805577, -0.003357, , , , , , , 26.3805577, 0.0075532, , , , , , , , , , , , , , , , , , , , , , , , , , , , 
26.3810769, 0.0038605, , , , , , , 26.3810769, -0.0077211, , , , , , , 26.3810769, -0.0031891, , , , , , , 26.3810769, 0.0041962, , , , , , , , , , , , , , , , , , , , , , , , , , , , 
26.3815962, 0.0030213, , , , , , , 26.3815962, -0.0075532, , , , , , , 26.3815962, -0.0028534, , , , , , , 26.3815962, 0.0031891, , , , , , , , , , , , , , , , , , , , , , , , , , , , 
26.3821154, 0.0025177, , , , , , , 26.3821154, -0.0060426, , , , , , , 26.3821154, -0.0028534, , , , , , , 26.3821154, 0.002182, , , , , , , , , , , , , , , , , , , , , , , , , , , , 
26.3826346, 0.0052033, , , , , , , 26.3826346, -0.0058747, , , , , , , 26.3826346, -0.0058747, , , , , , , 26.3826346, 0.0011749, , , , , , , , , , , , , , , , , , , , , , , , , , , , 
26.3831538, 0.0062104, , , , , , , 26.3831538, -0.0062104, , , , , , , 26.3831538, -0.0095674, , , , , , , 26.3831538, -0.0005035, , , , , , , , , , , , , , , , , , , , , , , , , , , , 
26.3836731, 0.0048676, , , , , , , 26.3836731, -0.0068818, , , , , , , 26.3836731, -0.012253, , , , , , , 26.3836731, -0.0035248, , , , , , , , , , , , , , , , , , , , , , , , , , , , 
26.3841923, 0.0035248, , , , , , , 26.3841923, -0.0085603, , , , , , , 26.3841923, -0.0130922, , , , , , , 26.3841923, -0.0065461, , , , , , , , , , , , , , , , , , , , , , , , , , , , 
26.3847115, 0.005539, , , , , , , 26.3847115, -0.0092317, , , , , , , 26.3847115, -0.0129244, , , , , , , 26.3847115, -0.0048676, , , , , , , , , , , , , , , , , , , , , , , , , , , , 
26.3852308, 0.008896, , , , , , , 26.3852308, -0.0085603, , , , , , , 26.3852308, -0.0130922, , , , , , , 26.3852308, -0.0030213, , , , , , , , , , , , , , , , , , , , , , , , , , , , 
26.38575, 0.0078889, , , , , , , 26.38575, -0.0078889, , , , , , , 26.38575, -0.0119173, , , , , , , 26.38575, -0.0003357, , , , , , , , , , , , , , , , , , , , , , , , , , , , 
26.3862692, 0.0075532, , , , , , , 26.3862692, -0.0082246, , , , , , , 26.3862692, -0.0125887, , , , , , , 26.3862692, -0.0030213, , , , , , , , , , , , , , , , , , , , , , , , , , , , 
26.3867885, 0.0159457, , , , , , , 26.3867885, -0.0077211, , , , , , , 26.3867885, -0.0151064, , , , , , , 26.3867885, -0.0132601, , , , , , , , , , , , , , , , , , , , , , , , , , , , 
26.3873077, 0.0234989, , , , , , , 26.3873077, -0.0072175, , , , , , , 26.3873077, -0.0149386, , , , , , , 26.3873077, -0.0193027, , , , , , , , , , , , , , , , , , , , , , , , , , , , 
26.3878269, 0.0229953, , , , , , , 26.3878269, -0.0062104, , , , , , , 26.3878269, -0.0142672, , , , , , , 26.3878269, -0.018967, , , , , , , , , , , , , , , , , , , , , , , , , , , , 
26.3883462, 0.0213169, , , , , , , 26.3883462, -0.0057069, , , , , , , 26.3883462, -0.0151064, , , , , , , 26.3883462, -0.017792, , , , , , , , , , , , , , , , , , , , , , , , , , , , 
26.3888654, 0.024506, , , , , , , 26.3888654, -0.0072175, , , , , , , 26.3888654, -0.0149386, , , , , , , 26.3888654, -0.0169528, , , , , , , , , , , , , , , , , , , , , , , , , , , , 
26.3893846, 0.024506, , , , , , , 26.3893846, -0.0095674, , , , , , , 26.3893846, -0.0146029, , , , , , , 26.3893846, -0.0142672, , , , , , , , , , , , , , , , , , , , , , , , , , , , 
26.3899038, 0.0213169, , , , , , , 26.3899038, -0.0092317, , , , , , , 26.3899038, -0.0146029, , , , , , , 26.3899038, -0.0095674, , , , , , , , , , , , , , , , , , , , , , , , , , , , 
26.3904231, 0.0166171, , , , , , , 26.3904231, -0.0068818, , , , , , , 26.3904231, -0.0124208, , , , , , , 26.3904231, -0.0031891, , , , , , , , , , , , , , , , , , , , , , , , , , , , 
26.3909423, 0.0102388, , , , , , , 26.3909423, -0.0085603, , , , , , , 26.3909423, -0.008896, , , , , , , 26.3909423, 0.0041962, , , , , , , , , , , , , , , , , , , , , , , , , , , , 
26.3914615, 0.0025177, , , , , , , 26.3914615, -0.0112459, , , , , , , 26.3914615, -0.0085603, , , , , , , 26.3914615, 0.0092317, , , , , , , , , , , , , , , , , , , , , , , , , , , , 
26.3919808, -0.0015106, , , , , , , 26.3919808, -0.0112459, , , , , , , 26.3919808, -0.0095674, , , , , , , 26.3919808, 0.0115816, , , , , , , , , , , , , , , , , , , , , , , , , , , , 
26.3925, -0.0082246, , , , , , , 26.3925, -0.008896, , , , , , , 26.3925, -0.0102388, , , , , , , 26.3925, 0.01561, , , , , , , , , , , , , , , , , , , , , , , , , , , , 
26.3930192, -0.0166171, , , , , , , 26.3930192, -0.0072175, , , , , , , 26.3930192, -0.0090639, , , , , , , 26.3930192, 0.0206455, , , , , , , , , , , , , , , , , , , , , , , , , , , , 
26.3935385, -0.0223239, , , , , , , 26.3935385, -0.0077211, , , , , , , 26.3935385, -0.005539, , , , , , , 26.3935385, 0.026688, , , , , , , , , , , , , , , , , , , , , , , , , , , , 
26.3940577, -0.0263523, , , , , , , 26.3940577, -0.0065461, , , , , , , 26.3940577, -0.005539, , , , , , , 26.3940577, 0.0327306, , , , , , , , , , , , , , , , , , , , , , , , , , , , 
26.3945769, -0.0305486, , , , , , , 26.3945769, -0.0048676, , , , , , , 26.3945769, -0.0075532, , , , , , , 26.3945769, 0.0384375, , , , , , , , , , , , , , , , , , , , , , , , , , , , 
26.3950962, -0.0344091, , , , , , , 26.3950962, -0.0063783, , , , , , , 26.3950962, -0.0092317, , , , , , , 26.3950962, 0.0431373, , , , , , , , , , , , , , , , , , , , , , , , , , , , 
26.3956154, -0.0327306, , , , , , , 26.3956154, -0.0095674, , , , , , , 26.3956154, -0.0075532, , , , , , , 26.3956154, 0.0446479, , , , , , , , , , , , , , , , , , , , , , , , , , , , 
26.3961346, -0.0280308, , , , , , , 26.3961346, -0.0127565, , , , , , , 26.3961346, -0.0063783, , , , , , , 26.3961346, 0.0404517, , , , , , , , , , , , , , , , , , , , , , , , , , , , 
26.3966538, -0.0218204, , , , , , , 26.3966538, -0.0149386, , , , , , , 26.3966538, -0.0068818, , , , , , , 26.3966538, 0.0323949, , , , , , , , , , , , , , , , , , , , , , , , , , , , 
26.3971731, -0.0166171, , , , , , , 26.3971731, -0.0135958, , , , , , , 26.3971731, -0.0075532, , , , , , , 26.3971731, 0.0246738, , , , , , , , , , , , , , , , , , , , , , , , , , , , 
26.3976923, -0.0142672, , , , , , , 26.3976923, -0.0102388, , , , , , , 26.3976923, -0.0062104, , , , , , , 26.3976923, 0.0209812, , , , , , , , , , , , , , , , , , , , , , , , , , , , 
26.3982115, -0.0082246, , , , , , , 26.3982115, -0.0075532, , , , , , , 26.3982115, -0.0068818, , , , , , , 26.3982115, 0.0196384, , , , , , , , , , , , , , , , , , , , , , , , , , , , 
26.3987308, -0.0008392, , , , , , , 26.3987308, -0.0072175, , , , , , , 26.3987308, -0.008896, , , , , , , 26.3987308, 0.0181277, , , , , , , , , , , , , , , , , , , , , , , , , , , , 
26.39925, 0.0041962, , , , , , , 26.39925, -0.0072175, , , , , , , 26.39925, -0.0102388, , , , , , , 26.39925, 0.0152743, , , , , , , , , , , , , , , , , , , , , , , , , , , , 
26.3997692, 0.0070497, , , , , , , 26.3997692, -0.0048676, , , , , , , 26.3997692, -0.0097353, , , , , , , 26.3997692, 0.0129244, , , , , , , , , , , , , , , , , , , , , , , , , , , , 
26.4002885, 0.0119173, , , , , , , 26.4002885, -0.0018463, , , , , , , 26.4002885, -0.0083925, , , , , , , 26.4002885, 0.0099031, , , , , , , , , , , , , , , , , , , , , , , , , , , , 
26.4008077, 0.0102388, , , , , , , 26.4008077, -0.0018463, , , , , , , 26.4008077, -0.0095674, , , , , , , 26.4008077, 0.0095674, , , , , , , , , , , , , , , , , , , , , , , , , , , , 
26.4013269, 0.0072175, , , , , , , 26.4013269, -0.005539, , , , , , , 26.4013269, -0.0097353, , , , , , , 26.4013269, 0.0085603, , , , , , , , , , , , , , , , , , , , , , , , , , , , 
26.4018462, 0.008896, , , , , , , 26.4018462, -0.008896, , , , , , , 26.4018462, -0.0090639, , , , , , , 26.4018462, 0.0068818, , , , , , , , , , , , , , , , , , , , , , , , , , , , 
26.4023654, 0.0140993, , , , , , , 26.4023654, -0.0119173, , , , , , , 26.4023654, -0.0083925, , , , , , , 26.4023654, 0.0078889, , , , , , , , , , , , , , , , , , , , , , , , , , , , 
26.4028846, 0.0142672, , , , , , , 26.4028846, -0.0112459, , , , , , , 26.4028846, -0.0072175, , , , , , , 26.4028846, 0.0095674, , , , , , , , , , , , , , , , , , , , , , , , , , , , 
26.4034038, 0.0112459, , , , , , , 26.4034038, -0.0109102, , , , , , , 26.4034038, -0.0068818, , , , , , , 26.4034038, 0.008896, , , , , , , , , , , , , , , , , , , , , , , , , , , , 
26.4039231, 0.0072175, , , , , , , 26.4039231, -0.0119173, , , , , , , 26.4039231, -0.0075532, , , , , , , 26.4039231, 0.008896, , , , , , , , , , , , , , , , , , , , , , , , , , , , 
26.4044423, 0.0052033, , , , , , , 26.4044423, -0.0104067, , , , , , , 26.4044423, -0.0082246, , , , , , , 26.4044423, 0.0095674, , , , , , , , , , , , , , , , , , , , , , , , , , , , 
26.4049615, 0.005539, , , , , , , 26.4049615, -0.0082246, , , , , , , 26.4049615, -0.0075532, , , , , , , 26.4049615, 0.0112459, , , , , , , , , , , , , , , , , , , , , , , , , , , , 
26.4054808, 0.0065461, , , , , , , 26.4054808, -0.0075532, , , , , , , 26.4054808, -0.0072175, , , , , , , 26.4054808, 0.0132601, , , , , , , , , , , , , , , , , , , , , , , , , , , , 
26.406, 0.0119173, , , , , , , 26.406, -0.0075532, , , , , , , 26.406, -0.0085603, , , , , , , 26.406, 0.0102388, , , , , , , , , , , , , , , , , , , , , , , , , , , , 
26.4065192, 0.0194705, , , , , , , 26.4065192, -0.0082246, , , , , , , 26.4065192, -0.008896, , , , , , , 26.4065192, 0.0028534, , , , , , , , , , , , , , , , , , , , , , , , , , , , 
26.4070385, 0.0292058, , , , , , , 26.4070385, -0.0099031, , , , , , , 26.4070385, -0.008896, , , , , , , 26.4070385, -0.0041962, , , , , , , , , , , , , , , , , , , , , , , , , , , , 
26.4075577, 0.036759, , , , , , , 26.4075577, -0.0105745, , , , , , , 26.4075577, -0.0105745, , , , , , , 26.4075577, -0.0062104, , , , , , , , , , , , , , , , , , , , , , , , , , , , 
26.4080769, 0.0399481, , , , , , , 26.4080769, -0.0099031, , , , , , , 26.4080769, -0.0117494, , , , , , , 26.4080769, -0.0052033, , , , , , , , , , , , , , , , , , , , , , , , , , , , 
26.4085962, 0.0411231, , , , , , , 26.4085962, -0.0097353, , , , , , , 26.4085962, -0.0115816, , , , , , , 26.4085962, -0.0060426, , , , , , , , , , , , , , , , , , , , , , , , , , , , 
26.4091154, 0.0387732, , , , , , , 26.4091154, -0.008896, , , , , , , 26.4091154, -0.0115816, , , , , , , 26.4091154, -0.008896, , , , , , , , , , , , , , , , , , , , , , , , , , , , 
26.4096346, 0.0359197, , , , , , , 26.4096346, -0.0092317, , , , , , , 26.4096346, -0.0115816, , , , , , , 26.4096346, -0.0099031, , , , , , , , , , , , , , , , , , , , , , , , , , , , 
26.4101538, 0.0320592, , , , , , , 26.4101538, -0.0102388, , , , , , , 26.4101538, -0.0105745, , , , , , , 26.4101538, -0.0068818, , , , , , , , , , , , , , , , , , , , , , , , , , , , 
26.4106731, 0.0236667, , , , , , , 26.4106731, -0.0102388, , , , , , , 26.4106731, -0.0102388, , , , , , , 26.4106731, -0.0015106, , , , , , , , , , , , , , , , , , , , , , , , , , , , 
26.4111923, 0.017792, , , , , , , 26.4111923, -0.0095674, , , , , , , 26.4111923, -0.0085603, , , , , , , 26.4111923, 0.0038605, , , , , , , , , , , , , , , , , , , , , , , , , , , , 
26.4117115, 0.0166171, , , , , , , 26.4117115, -0.008896, , , , , , , 26.4117115, -0.0065461, , , , , , , 26.4117115, 0.0092317, , , , , , , , , , , , , , , , , , , , , , , , , , , , 
26.4122308, 0.0146029, , , , , , , 26.4122308, -0.0085603, , , , , , , 26.4122308, -0.0045319, , , , , , , 26.4122308, 0.0159457, , , , , , , , , , , , , , , , , , , , , , , , , , , , 
26.41275, 0.0105745, , , , , , , 26.41275, -0.008896, , , , , , , 26.41275, -0.0028534, , , , , , , 26.41275, 0.0240024, , , , , , , , , , , , , , , , , , , , , , , , , , , , 
26.4132692, 0.0065461, , , , , , , 26.4132692, -0.0095674, , , , , , , 26.4132692, -0.0011749, , , , , , , 26.4132692, 0.0317235, , , , , , , , , , , , , , , , , , , , , , , , , , , , 
26.4137885, 0.0025177, , , , , , , 26.4137885, -0.0097353, , , , , , , 26.4137885, -0.0018463, , , , , , , 26.4137885, 0.0360876, , , , , , , , , , , , , , , , , , , , , , , , , , , , 
26.4143077, -0.0062104, , , , , , , 26.4143077, -0.0099031, , , , , , , 26.4143077, -0.0041962, , , , , , , 26.4143077, 0.0391089, , , , , , , , , , , , , , , , , , , , , , , , , , , , 
26.4148269, -0.0120851, , , , , , , 26.4148269, -0.0112459, , , , , , , 26.4148269, -0.005539, , , , , , , 26.4148269, 0.0424659, , , , , , , , , , , , , , , , , , , , , , , , , , , , 
26.4153462, -0.0146029, , , , , , , 26.4153462, -0.0109102, , , , , , , 26.4153462, -0.0031891, , , , , , , 26.4153462, 0.0441444, , , , , , , , , , , , , , , , , , , , , , , , , , , , 
26.4158654, -0.0166171, , , , , , , 26.4158654, -0.0092317, , , , , , , 26.4158654, 0.0008392, , , , , , , 26.4158654, 0.0448157, , , , , , , , , , , , , , , , , , , , , , , , , , , , 
26.4163846, -0.0162814, , , , , , , 26.4163846, -0.0078889, , , , , , , 26.4163846, 0.0035248, , , , , , , 26.4163846, 0.0412909, , , , , , , , , , , , , , , , , , , , , , , , , , , , 
26.4169038, -0.0149386, , , , , , , 26.4169038, -0.0065461, , , , , , , 26.4169038, 0.0025177, , , , , , , 26.4169038, 0.0340734, , , , , , , , , , , , , , , , , , , , , , , , , , , , 
26.4174231, -0.0135958, , , , , , , 26.4174231, -0.0058747, , , , , , , 26.4174231, 0.0005035, , , , , , , 26.4174231, 0.0273594, , , , , , , , , , , , , , , , , , , , , , , , , , , , 
26.4179423, -0.0109102, , , , , , , 26.4179423, -0.005539, , , , , , , 26.4179423, -0.0028534, , , , , , , 26.4179423, 0.0226596, , , , , , , , , , , , , , , , , , , , , , , , , , , , 
26.4184615, -0.0102388, , , , , , , 26.4184615, -0.0052033, , , , , , , 26.4184615, -0.0058747, , , , , , , 26.4184615, 0.017792, , , , , , , , , , , , , , , , , , , , , , , , , , , , 
26.4189808, -0.0090639, , , , , , , 26.4189808, -0.0041962, , , , , , , 26.4189808, -0.008896, , , , , , , 26.4189808, 0.0119173, , , , , , , , , , , , , , , , , , , , , , , , , , , , 
26.4195, -0.0045319, , , , , , , 26.4195, -0.0030213, , , , , , , 26.4195, -0.0109102, , , , , , , 26.4195, 0.0060426, , , , , , , , , , , , , , , , , , , , , , , , , , , , 
26.4200192, 0.0011749, , , , , , , 26.4200192, -0.0038605, , , , , , , 26.4200192, -0.012253, , , , , , , 26.4200192, 0.0038605, , , , , , , , , , , , , , , , , , , , , , , , , , , , 
26.4205385, 0.0058747, , , , , , , 26.4205385, -0.0048676, , , , , , , 26.4205385, -0.0109102, , , , , , , 26.4205385, 0.0060426, , , , , , , , , , , , , , , , , , , , , , , , , , , , 
26.4210577, 0.0070497, , , , , , , 26.4210577, -0.0058747, , , , , , , 26.4210577, -0.0082246, , , , , , , 26.4210577, 0.005539, , , , , , , , , , , , , , , , , , , , , , , , , , , , 
26.4215769, 0.0065461, , , , , , , 26.4215769, -0.0065461, , , , , , , 26.4215769, -0.008896, , , , , , , 26.4215769, 0.0035248, , , , , , , , , , , , , , , , , , , , , , , , , , , , 
26.4220962, 0.0065461, , , , , , , 26.4220962, -0.0082246, , , , , , , 26.4220962, -0.0112459, , , , , , , 26.4220962, 0.003357, , , , , , , , , , , , , , , , , , , , , , , , , , , , 
26.4226154, 0.0052033, , , , , , , 26.4226154, -0.0097353, , , , , , , 26.4226154, -0.012253, , , , , , , 26.4226154, 0.0058747, , , , , , , , , , , , , , , , , , , , , , , , , , , , 
26.4231346, 0.0041962, , , , , , , 26.4231346, -0.0095674, , , , , , , 26.4231346, -0.0135958, , , , , , , 26.4231346, 0.0078889, , , , , , , , , , , , , , , , , , , , , , , , , , , , 
26.4236538, 0.0016785, , , , , , , 26.4236538, -0.0078889, , , , , , , 26.4236538, -0.0135958, , , , , , , 26.4236538, 0.0082246, , , , , , , , , , , , , , , , , , , , , , , , , , , , 
26.4241731, -0.0001678, , , , , , , 26.4241731, -0.0075532, , , , , , , 26.4241731, -0.012253, , , , , , , 26.4241731, 0.0078889, , , , , , , , , , , , , , , , , , , , , , , , , , , , 
26.4246923, -0.0008392, , , , , , , 26.4246923, -0.0068818, , , , , , , 26.4246923, -0.0115816, , , , , , , 26.4246923, 0.0099031, , , , , , , , , , , , , , , , , , , , , , , , , , , , 
26.4252115, -0.002182, , , , , , , 26.4252115, -0.0058747, , , , , , , 26.4252115, -0.0095674, , , , , , , 26.4252115, 0.0139315, , , , , , , , , , , , , , , , , , , , , , , , , , , , 
26.4257308, -0.0001678, , , , , , , 26.4257308, -0.005539, , , , , , , 26.4257308, -0.0075532, , , , , , , 26.4257308, 0.0139315, , , , , , , , , , , , , , , , , , , , , , , , , , , , 
26.42625, 0.0008392, , , , , , , 26.42625, -0.005539, , , , , , , 26.42625, -0.0068818, , , , , , , 26.42625, 0.0045319, , , , , , , , , , , , , , , , , , , , , , , , , , , , 
26.4267692, 0.0052033, , , , , , , 26.4267692, -0.0048676, , , , , , , 26.4267692, -0.0085603, , , , , , , 26.4267692, -0.0063783, , , , , , , , , , , , , , , , , , , , , , , , , , , , 
26.4272885, 0.0129244, , , , , , , 26.4272885, -0.0041962, , , , , , , 26.4272885, -0.011078, , , , , , , 26.4272885, -0.0139315, , , , , , , , , , , , , , , , , , , , , , , , , , , , 
26.4278077, 0.0119173, , , , , , , 26.4278077, -0.0062104, , , , , , , 26.4278077, -0.0129244, , , , , , , 26.4278077, -0.0162814, , , , , , , , , , , , , , , , , , , , , , , , , , , , 
26.4283269, 0.0075532, , , , , , , 26.4283269, -0.0082246, , , , , , , 26.4283269, -0.0129244, , , , , , , 26.4283269, -0.0179599, , , , , , , , , , , , , , , , , , , , , , , , , , , , 
26.4288462, 0.0072175, , , , , , , 26.4288462, -0.0083925, , , , , , , 26.4288462, -0.0105745, , , , , , , 26.4288462, -0.0193027, , , , , , , , , , , , , , , , , , , , , , , , , , , , 
26.4293654, 0.0078889, , , , , , , 26.4293654, -0.0058747, , , , , , , 26.4293654, -0.0102388, , , , , , , 26.4293654, -0.0157778, , , , , , , , , , , , , , , , , , , , , , , , , , , , 
26.4298846, 0.0057069, , , , , , , 26.4298846, -0.0048676, , , , , , , 26.4298846, -0.0087282, , , , , , , 26.4298846, -0.0127565, , , , , , , , , , , , , , , , , , , , , , , , , , , , 
26.4304038, 0.0038605, , , , , , , 26.4304038, -0.0062104, , , , , , , 26.4304038, -0.0083925, , , , , , , 26.4304038, -0.0082246, , , , , , , , , , , , , , , , , , , , , , , , , , , , 
26.4309231, 0.0038605, , , , , , , 26.4309231, -0.0078889, , , , , , , 26.4309231, -0.008896, , , , , , , 26.4309231, -0.0005035, , , , , , , , , , , , , , , , , , , , , , , , , , , , 
26.4314423, 0.0052033, , , , , , , 26.4314423, -0.0075532, , , , , , , 26.4314423, -0.0082246, , , , , , , 26.4314423, 0.0075532, , , , , , , , , , , , , , , , , , , , , , , , , , , , 
26.4319615, 0.0048676, , , , , , , 26.4319615, -0.0072175, , , , , , , 26.4319615, -0.0068818, , , , , , , 26.4319615, 0.0139315, , , , , , , , , , , , , , , , , , , , , , , , , , , , 
26.4324808, 0.0038605, , , , , , , 26.4324808, -0.0083925, , , , , , , 26.4324808, -0.0062104, , , , , , , 26.4324808, 0.0199741, , , , , , , , , , , , , , , , , , , , , , , , , , , , 
26.433, 0.0025177, , , , , , , 26.433, -0.0082246, , , , , , , 26.433, -0.0053712, , , , , , , 26.433, 0.0251774, , , , , , , , , , , , , , , , , , , , , , , , , , , , 
26.4335192, -0.0020142, , , , , , , 26.4335192, -0.0065461, , , , , , , 26.4335192, -0.0052033, , , , , , , 26.4335192, 0.0307164, , , , , , , , , , , , , , , , , , , , , , , , , , , , 
26.4340385, -0.005539, , , , , , , 26.4340385, -0.0052033, , , , , , , 26.4340385, -0.005539, , , , , , , 26.4340385, 0.0354162, , , , , , , , , , , , , , , , , , , , , , , , , , , , 
26.4345577, -0.0062104, , , , , , , 26.4345577, -0.0041962, , , , , , , 26.4345577, -0.0082246, , , , , , , 26.4345577, 0.0411231, , , , , , , , , , , , , , , , , , , , , , , , , , , , 
26.4350769, -0.005539, , , , , , , 26.4350769, -0.0041962, , , , , , , 26.4350769, -0.0095674, , , , , , , 26.4350769, 0.0468299, , , , , , , , , , , , , , , , , , , , , , , , , , , , 
26.4355962, -0.0035248, , , , , , , 26.4355962, -0.0068818, , , , , , , 26.4355962, -0.0082246, , , , , , , 26.4355962, 0.0508583, , , , , , , , , , , , , , , , , , , , , , , , , , , , 
26.4361154, -0.0023499, , , , , , , 26.4361154, -0.0092317, , , , , , , 26.4361154, -0.0075532, , , , , , , 26.4361154, 0.0505226, , , , , , , , , , , , , , , , , , , , , , , , , , , , 
26.4366346, 0.0001678, , , , , , , 26.4366346, -0.0092317, , , , , , , 26.4366346, -0.0099031, , , , , , , 26.4366346, 0.04448, , , , , , , , , , , , , , , , , , , , , , , , , , , , 
26.4371538, 0.0072175, , , , , , , 26.4371538, -0.0085603, , , , , , , 26.4371538, -0.0102388, , , , , , , 26.4371538, 0.0345769, , , , , , , , , , , , , , , , , , , , , , , , , , , , 
26.4376731, 0.0159457, , , , , , , 26.4376731, -0.0085603, , , , , , , 26.4376731, -0.0062104, , , , , , , 26.4376731, 0.0280308, , , , , , , , , , , , , , , , , , , , , , , , , , , , 
26.4381923, 0.0240024, , , , , , , 26.4381923, -0.0083925, , , , , , , 26.4381923, -0.0052033, , , , , , , 26.4381923, 0.0223239, , , , , , , , , , , , , , , , , , , , , , , , , , , , 
26.4387115, 0.03122, , , , , , , 26.4387115, -0.008896, , , , , , , 26.4387115, -0.0068818, , , , , , , 26.4387115, 0.0193027, , , , , , , , , , , , , , , , , , , , , , , , , , , , 
26.4392308, 0.0347448, , , , , , , 26.4392308, -0.0095674, , , , , , , 26.4392308, -0.0082246, , , , , , , 26.4392308, 0.0162814, , , , , , , , , , , , , , , , , , , , , , , , , , , , 
26.43975, 0.0360876, , , , , , , 26.43975, -0.0097353, , , , , , , 26.43975, -0.0075532, , , , , , , 26.43975, 0.0137636, , , , , , , , , , , , , , , , , , , , , , , , , , , , 
26.4402692, 0.0454871, , , , , , , 26.4402692, -0.0082246, , , , , , , 26.4402692, -0.0062104, , , , , , , 26.4402692, 0.0152743, , , , , , , , , , , , , , , , , , , , , , , , , , , , 
26.4407885, 0.0584115, , , , , , , 26.4407885, -0.0058747, , , , , , , 26.4407885, -0.0062104, , , , , , , 26.4407885, 0.0146029, , , , , , , , , , , , , , , , , , , , , , , , , , , , 
26.4413077, 0.0616007, , , , , , , 26.4413077, -0.005539, , , , , , , 26.4413077, -0.0068818, , , , , , , 26.4413077, 0.0105745, , , , , , , , , , , , , , , , , , , , , , , , , , , , 
26.4418269, 0.0595865, , , , , , , 26.4418269, -0.0068818, , , , , , , 26.4418269, -0.0075532, , , , , , , 26.4418269, 0.0082246, , , , , , , , , , , , , , , , , , , , , , , , , , , , 
26.4423462, 0.0585794, , , , , , , 26.4423462, -0.0075532, , , , , , , 26.4423462, -0.0082246, , , , , , , 26.4423462, 0.0072175, , , , , , , , , , , , , , , , , , , , , , , , , , , , 
26.4428654, 0.0569009, , , , , , , 26.4428654, -0.0062104, , , , , , , 26.4428654, -0.0105745, , , , , , , 26.4428654, 0.0075532, , , , , , , , , , , , , , , , , , , , , , , , , , , , 
26.4433846, 0.061265, , , , , , , 26.4433846, -0.0068818, , , , , , , 26.4433846, -0.0112459, , , , , , , 26.4433846, 0.0085603, , , , , , , , , , , , , , , , , , , , , , , , , , , , 
26.4439038, 0.0696574, , , , , , , 26.4439038, -0.0092317, , , , , , , 26.4439038, -0.0097353, , , , , , , 26.4439038, 0.0085603, , , , , , , , , , , , , , , , , , , , , , , , , , , , 
26.4444231, 0.072343, , , , , , , 26.4444231, -0.0109102, , , , , , , 26.4444231, -0.0095674, , , , , , , 26.4444231, 0.0085603, , , , , , , , , , , , , , , , , , , , , , , , , , , , 
26.4449423, 0.0710002, , , , , , , 26.4449423, -0.0117494, , , , , , , 26.4449423, -0.0092317, , , , , , , 26.4449423, 0.0109102, , , , , , , , , , , , , , , , , , , , , , , , , , , , 
26.4454615, 0.0696574, , , , , , , 26.4454615, -0.0119173, , , , , , , 26.4454615, -0.0090639, , , , , , , 26.4454615, 0.0112459, , , , , , , , , , , , , , , , , , , , , , , , , , , , 
26.4459808, 0.0716716, , , , , , , 26.4459808, -0.0099031, , , , , , , 26.4459808, -0.0085603, , , , , , , 26.4459808, 0.0072175, , , , , , , , , , , , , , , , , , , , , , , , , , , , 
26.4465, 0.0733501, , , , , , , 26.4465, -0.0062104, , , , , , , 26.4465, -0.0077211, , , , , , , 26.4465, -0.0005035, , , , , , , , , , , , , , , , , , , , , , , , , , , , 
26.4470192, 0.072343, , , , , , , 26.4470192, -0.005539, , , , , , , 26.4470192, -0.0092317, , , , , , , 26.4470192, -0.0085603, , , , , , , , , , , , , , , , , , , , , , , , , , , , 
26.4475385, 0.0720073, , , , , , , 26.4475385, -0.0062104, , , , , , , 26.4475385, -0.0097353, , , , , , , 26.4475385, -0.0135958, , , , , , , , , , , , , , , , , , , , , , , , , , , , 
26.4480577, 0.0780499, , , , , , , 26.4480577, -0.0075532, , , , , , , 26.4480577, -0.0102388, , , , , , , 26.4480577, -0.0149386, , , , , , , , , , , , , , , , , , , , , , , , , , , , 
26.4485769, 0.0822461, , , , , , , 26.4485769, -0.0082246, , , , , , , 26.4485769, -0.012253, , , , , , , 26.4485769, -0.0135958, , , , , , , , , , , , , , , , , , , , , , , , , , , , 
26.4490962, 0.0760357, , , , , , , 26.4490962, -0.0075532, , , , , , , 26.4490962, -0.0132601, , , , , , , 26.4490962, -0.0109102, , , , , , , , , , , , , , , , , , , , , , , , , , , , 
26.4496154, 0.0656291, , , , , , , 26.4496154, -0.0075532, , , , , , , 26.4496154, -0.0129244, , , , , , , 26.4496154, -0.0109102, , , , , , , , , , , , , , , , , , , , , , , , , , , , 
26.4501346, 0.0599222, , , , , , , 26.4501346, -0.0082246, , , , , , , 26.4501346, -0.0129244, , , , , , , 26.4501346, -0.0078889, , , , , , , , , , , , , , , , , , , , , , , , , , , , 
26.4506538, 0.0542153, , , , , , , 26.4506538, -0.0095674, , , , , , , 26.4506538, -0.012253, , , , , , , 26.4506538, -0.0008392, , , , , , , , , , , , , , , , , , , , , , , , , , , , 
26.4511731, 0.0486763, , , , , , , 26.4511731, -0.0095674, , , , , , , 26.4511731, -0.0099031, , , , , , , 26.4511731, 0.0031891, , , , , , , , , , , , , , , , , , , , , , , , , , , , 
26.4516923, 0.0414588, , , , , , , 26.4516923, -0.0082246, , , , , , , 26.4516923, -0.0092317, , , , , , , 26.4516923, 0.0065461, , , , , , , , , , , , , , , , , , , , , , , , , , , , 
26.4522115, 0.0347448, , , , , , , 26.4522115, -0.0068818, , , , , , , 26.4522115, -0.0077211, , , , , , , 26.4522115, 0.0125887, , , , , , , , , , , , , , , , , , , , , , , , , , , , 
26.4527308, 0.0280308, , , , , , , 26.4527308, -0.0058747, , , , , , , 26.4527308, -0.0048676, , , , , , , 26.4527308, 0.0199741, , , , , , , , , , , , , , , , , , , , , , , , , , , , 
26.45325, 0.0203098, , , , , , , 26.45325, -0.0043641, , , , , , , 26.45325, -0.0025177, , , , , , , 26.45325, 0.027863, , , , , , , , , , , , , , , , , , , , , , , , , , , , 
26.4537692, 0.0176242, , , , , , , 26.4537692, -0.0035248, , , , , , , 26.4537692, -0.0048676, , , , , , , 26.4537692, 0.033402, , , , , , , , , , , , , , , , , , , , , , , , , , , , 
26.4542885, 0.0179599, , , , , , , 26.4542885, -0.0038605, , , , , , , 26.4542885, -0.0068818, , , , , , , 26.4542885, 0.0359197, , , , , , , , , , , , , , , , , , , , , , , , , , , , 
26.4548077, 0.0078889, , , , , , , 26.4548077, -0.0052033, , , , , , , 26.4548077, -0.005539, , , , , , , 26.4548077, 0.040116, , , , , , , , , , , , , , , , , , , , , , , , , , , , 
26.4553269, -0.0052033, , , , , , , 26.4553269, -0.0082246, , , , , , , 26.4553269, -0.0052033, , , , , , , 26.4553269, 0.0468299, , , , , , , , , , , , , , , , , , , , , , , , , , , , 
26.4558462, -0.0082246, , , , , , , 26.4558462, -0.0095674, , , , , , , 26.4558462, -0.0048676, , , , , , , 26.4558462, 0.0475013, , , , , , , , , , , , , , , , , , , , , , , , , , , , 
26.4563654, -0.0025177, , , , , , , 26.4563654, -0.0082246, , , , , , , 26.4563654, -0.0035248, , , , , , , 26.4563654, 0.0396124, , , , , , , , , , , , , , , , , , , , , , , , , , , , 
26.4568846, 0.0025177, , , , , , , 26.4568846, -0.0062104, , , , , , , 26.4568846, -0.0036927, , , , , , , 26.4568846, 0.0293736, , , , , , , , , , , , , , , , , , , , , , , , , , , , 
26.4574038, 0.0048676, , , , , , , 26.4574038, -0.0068818, , , , , , , 26.4574038, -0.005539, , , , , , , 26.4574038, 0.0224918, , , , , , , , , , , , , , , , , , , , , , , , , , , , 
26.4579231, 0.0062104, , , , , , , 26.4579231, -0.0075532, , , , , , , 26.4579231, -0.0072175, , , , , , , 26.4579231, 0.0191348, , , , , , , , , , , , , , , , , , , , , , , , , , , , 
26.4584423, 0.0097353, , , , , , , 26.4584423, -0.0075532, , , , , , , 26.4584423, -0.0082246, , , , , , , 26.4584423, 0.0166171, , , , , , , , , , , , , , , , , , , , , , , , , , , , 
26.4589615, 0.0132601, , , , , , , 26.4589615, -0.005539, , , , , , , 26.4589615, -0.0082246, , , , , , , 26.4589615, 0.0142672, , , , , , , , , , , , , , , , , , , , , , , , , , , , 
26.4594808, 0.0172885, , , , , , , 26.4594808, -0.0053712, , , , , , , 26.4594808, -0.0085603, , , , , , , 26.4594808, 0.0115816, , , , , , , , , , , , , , , , , , , , , , , , , , , , 
26.46, 0.0179599, , , , , , , 26.46, -0.0041962, , , , , , , 26.46, -0.0090639, , , , , , , 26.46, 0.0082246, , , , , , , , , , , , , , , , , , , , , , , , , , , , 
26.4605192, 0.0135958, , , , , , , 26.4605192, -0.0035248, , , , , , , 26.4605192, -0.0072175, , , , , , , 26.4605192, 0.0077211, , , , , , , , , , , , , , , , , , , , , , , , , , , , 
26.4610385, 0.0129244, , , , , , , 26.4610385, -0.0048676, , , , , , , 26.4610385, -0.0058747, , , , , , , 26.4610385, 0.0078889, , , , , , , , , , , , , , , , , , , , , , , , , , , , 
26.4615577, 0.0169528, , , , , , , 26.4615577, -0.0058747, , , , , , , 26.4615577, -0.005539, , , , , , , 26.4615577, 0.0068818, , , , , , , , , , , , , , , , , , , , , , , , , , , , 
26.4620769, 0.0199741, , , , , , , 26.4620769, -0.005539, , , , , , , 26.4620769, -0.005539, , , , , , , 26.4620769, 0.0077211, , , , , , , , , , , , , , , , , , , , , , , , , , , , 
26.4625962, 0.017792, , , , , , , 26.4625962, -0.0060426, , , , , , , 26.4625962, -0.005539, , , , , , , 26.4625962, 0.0058747, , , , , , , , , , , , , , , , , , , , , , , , , , , , 
26.4631154, 0.0179599, , , , , , , 26.4631154, -0.0075532, , , , , , , 26.4631154, -0.0058747, , , , , , , 26.4631154, 0.0048676, , , , , , , , , , , , , , , , , , , , , , , , , , , , 
26.4636346, 0.0193027, , , , , , , 26.4636346, -0.0095674, , , , , , , 26.4636346, -0.0082246, , , , , , , 26.4636346, 0.005539, , , , , , , , , , , , , , , , , , , , , , , , , , , , 
26.4641538, 0.0179599, , , , , , , 26.4641538, -0.0090639, , , , , , , 26.4641538, -0.0097353, , , , , , , 26.4641538, 0.0065461, , , , , , , , , , , , , , , , , , , , , , , , , , , , 
26.4646731, 0.0186313, , , , , , , 26.4646731, -0.0077211, , , , , , , 26.4646731, -0.0115816, , , , , , , 26.4646731, 0.0078889, , , , , , , , , , , , , , , , , , , , , , , , , , , , 
26.4651923, 0.023331, , , , , , , 26.4651923, -0.0075532, , , , , , , 26.4651923, -0.0119173, , , , , , , 26.4651923, 0.0065461, , , , , , , , , , , , , , , , , , , , , , , , , , , , 
26.4657115, 0.0307164, , , , , , , 26.4657115, -0.0085603, , , , , , , 26.4657115, -0.0115816, , , , , , , 26.4657115, 0.0038605, , , , , , , , , , , , , , , , , , , , , , , , , , , , 
26.4662308, 0.0428016, , , , , , , 26.4662308, -0.0078889, , , , , , , 26.4662308, -0.0109102, , , , , , , 26.4662308, 0.0003357, , , , , , , , , , , , , , , , , , , , , , , , , , , , 
26.46675, 0.0500191, , , , , , , 26.46675, -0.0068818, , , , , , , 26.46675, -0.012253, , , , , , , 26.46675, -0.0046998, , , , , , , , , , , , , , , , , , , , , , , , , , , , 
26.4672692, 0.0468299, , , , , , , 26.4672692, -0.0068818, , , , , , , 26.4672692, -0.0135958, , , , , , , 26.4672692, -0.0068818, , , , , , , , , , , , , , , , , , , , , , , , , , , , 
26.4677885, 0.0421302, , , , , , , 26.4677885, -0.0068818, , , , , , , 26.4677885, -0.0135958, , , , , , , 26.4677885, -0.0085603, , , , , , , , , , , , , , , , , , , , , , , , , , , , 
26.4683077, 0.0332341, , , , , , , 26.4683077, -0.0075532, , , , , , , 26.4683077, -0.0137636, , , , , , , 26.4683077, -0.0102388, , , , , , , , , , , , , , , , , , , , , , , , , , , , 
26.4688269, 0.0280308, , , , , , , 26.4688269, -0.0078889, , , , , , , 26.4688269, -0.0115816, , , , , , , 26.4688269, -0.008896, , , , , , , , , , , , , , , , , , , , , , , , , , , , 
26.4693462, 0.0307164, , , , , , , 26.4693462, -0.0097353, , , , , , , 26.4693462, -0.0102388, , , , , , , 26.4693462, -0.0065461, , , , , , , , , , , , , , , , , , , , , , , , , , , , 
26.4698654, 0.033402, , , , , , , 26.4698654, -0.0109102, , , , , , , 26.4698654, -0.0115816, , , , , , , 26.4698654, -0.0031891, , , , , , , , , , , , , , , , , , , , , , , , , , , , 
26.4703846, 0.0295415, , , , , , , 26.4703846, -0.0095674, , , , , , , 26.4703846, -0.0119173, , , , , , , 26.4703846, 0.0011749, , , , , , , , , , , , , , , , , , , , , , , , , , , , 
26.4709038, 0.0223239, , , , , , , 26.4709038, -0.0092317, , , , , , , 26.4709038, -0.0102388, , , , , , , 26.4709038, 0.0057069, , , , , , , , , , , , , , , , , , , , , , , , , , , , 
26.4714231, 0.0159457, , , , , , , 26.4714231, -0.008896, , , , , , , 26.4714231, -0.0085603, , , , , , , 26.4714231, 0.0099031, , , , , , , , , , , , , , , , , , , , , , , , , , , , 
26.4719423, 0.010071, , , , , , , 26.4719423, -0.0095674, , , , , , , 26.4719423, -0.0078889, , , , , , , 26.4719423, 0.0129244, , , , , , , , , , , , , , , , , , , , , , , , , , , , 
26.4724615, 0.0011749, , , , , , , 26.4724615, -0.0102388, , , , , , , 26.4724615, -0.0087282, , , , , , , 26.4724615, 0.0199741, , , , , , , , , , , , , , , , , , , , , , , , , , , , 
26.4729808, -0.0082246, , , , , , , 26.4729808, -0.012253, , , , , , , 26.4729808, -0.0083925, , , , , , , 26.4729808, 0.0293736, , , , , , , , , , , , , , , , , , , , , , , , , , , , 
26.4735, -0.0176242, , , , , , , 26.4735, -0.0135958, , , , , , , 26.4735, -0.0062104, , , , , , , 26.4735, 0.0370947, , , , , , , , , , , , , , , , , , , , , , , , , , , , 
26.4740192, -0.0256809, , , , , , , 26.4740192, -0.0139315, , , , , , , 26.4740192, -0.0031891, , , , , , , 26.4740192, 0.0441444, , , , , , , , , , , , , , , , , , , , , , , , , , , , 
26.4745385, -0.0293736, , , , , , , 26.4745385, -0.012253, , , , , , , 26.4745385, -0.0028534, , , , , , , 26.4745385, 0.0506905, , , , , , , , , , , , , , , , , , , , , , , , , , , , 
26.4750577, -0.030045, , , , , , , 26.4750577, -0.0102388, , , , , , , 26.4750577, -0.0036927, , , , , , , 26.4750577, 0.0553902, , , , , , , , , , , , , , , , , , , , , , , , , , , , 
26.4755769, -0.0287022, , , , , , , 26.4755769, -0.0092317, , , , , , , 26.4755769, -0.0018463, , , , , , , 26.4755769, 0.0572366, , , , , , , , , , , , , , , , , , , , , , , , , , , , 
26.4760962, -0.0280308, , , , , , , 26.4760962, -0.0090639, , , , , , , 26.4760962, 0.0015106, , , , , , , 26.4760962, 0.0552224, , , , , , , , , , , , , , , , , , , , , , , , , , , , 
26.4766154, -0.0250095, , , , , , , 26.4766154, -0.0095674, , , , , , , 26.4766154, 0.0011749, , , , , , , 26.4766154, 0.0488441, , , , , , , , , , , , , , , , , , , , , , , , , , , , 
26.4771346, -0.0196384, , , , , , , 26.4771346, -0.0099031, , , , , , , 26.4771346, -0.0008392, , , , , , , 26.4771346, 0.040116, , , , , , , , , , , , , , , , , , , , , , , , , , , , 
26.4776538, -0.012253, , , , , , , 26.4776538, -0.0102388, , , , , , , 26.4776538, -0.0025177, , , , , , , 26.4776538, 0.0337377, , , , , , , , , , , , , , , , , , , , , , , , , , , , 
26.4781731, -0.0045319, , , , , , , 26.4781731, -0.0095674, , , , , , , 26.4781731, -0.0035248, , , , , , , 26.4781731, 0.0293736, , , , , , , , , , , , , , , , , , , , , , , , , , , , 
26.4786923, -0.0005035, , , , , , , 26.4786923, -0.008896, , , , , , , 26.4786923, -0.0050355, , , , , , , 26.4786923, 0.0273594, , , , , , , , , , , , , , , , , , , , , , , , , , , , 
26.4792115, -0.0001678, , , , , , , 26.4792115, -0.0095674, , , , , , , 26.4792115, -0.0045319, , , , , , , 26.4792115, 0.0253452, , , , , , , , , , , , , , , , , , , , , , , , , , , , 
26.4797308, 0.0010071, , , , , , , 26.4797308, -0.0083925, , , , , , , 26.4797308, -0.0041962, , , , , , , 26.4797308, 0.0231632, , , , , , , , , , , , , , , , , , , , , , , , , , , , 
26.48025, 0.0011749, , , , , , , 26.48025, -0.0065461, , , , , , , 26.48025, -0.0028534, , , , , , , 26.48025, 0.0206455, , , , , , , , , , , , , , , , , , , , , , , , , , , , 
26.4807692, 0.0008392, , , , , , , 26.4807692, -0.0058747, , , , , , , 26.4807692, -0.0035248, , , , , , , 26.4807692, 0.0199741, , , , , , , , , , , , , , , , , , , , , , , , , , , , 
26.4812885, 0.0028534, , , , , , , 26.4812885, -0.0075532, , , , , , , 26.4812885, -0.005539, , , , , , , 26.4812885, 0.018967, , , , , , , , , , , , , , , , , , , , , , , , , , , , 
26.4818077, 0.0038605, , , , , , , 26.4818077, -0.0095674, , , , , , , 26.4818077, -0.0050355, , , , , , , 26.4818077, 0.0166171, , , , , , , , , , , , , , , , , , , , , , , , , , , , 
26.4823269, 0.0011749, , , , , , , 26.4823269, -0.0078889, , , , , , , 26.4823269, -0.0041962, , , , , , , 26.4823269, 0.0162814, , , , , , , , , , , , , , , , , , , , , , , , , , , , 
26.4828462, 0.0015106, , , , , , , 26.4828462, -0.0050355, , , , , , , 26.4828462, -0.0048676, , , , , , , 26.4828462, 0.0162814, , , , , , , , , , , , , , , , , , , , , , , , , , , , 
26.4833654, 0.0065461, , , , , , , 26.4833654, -0.0041962, , , , , , , 26.4833654, -0.0058747, , , , , , , 26.4833654, 0.0146029, , , , , , , , , , , , , , , , , , , , , , , , , , , , 
26.4838846, 0.011078, , , , , , , 26.4838846, -0.0045319, , , , , , , 26.4838846, -0.0045319, , , , , , , 26.4838846, 0.0117494, , , , , , , , , , , , , , , , , , , , , , , , , , , , 
26.4844038, 0.0090639, , , , , , , 26.4844038, -0.0048676, , , , , , , 26.4844038, -0.0041962, , , , , , , 26.4844038, 0.010071, , , , , , , , , , , , , , , , , , , , , , , , , , , , 
26.4849231, 0.0068818, , , , , , , 26.4849231, -0.0057069, , , , , , , 26.4849231, -0.0057069, , , , , , , 26.4849231, 0.0095674, , , , , , , , , , , , , , , , , , , , , , , , , , , , 
26.4854423, 0.0085603, , , , , , , 26.4854423, -0.005539, , , , , , , 26.4854423, -0.0082246, , , , , , , 26.4854423, 0.0092317, , , , , , , , , , , , , , , , , , , , , , , , , , , , 
26.4859615, 0.0092317, , , , , , , 26.4859615, -0.0048676, , , , , , , 26.4859615, -0.0112459, , , , , , , 26.4859615, 0.0031891, , , , , , , , , , , , , , , , , , , , , , , , , , , , 
26.4864808, 0.0119173, , , , , , , 26.4864808, -0.0050355, , , , , , , 26.4864808, -0.0142672, , , , , , , 26.4864808, -0.005539, , , , , , , , , , , , , , , , , , , , , , , , , , , , 
26.487, 0.0204776, , , , , , , 26.487, -0.0062104, , , , , , , 26.487, -0.0139315, , , , , , , 26.487, -0.0135958, , , , , , , , , , , , , , , , , , , , , , , , , , , , 
26.4875192, 0.026688, , , , , , , 26.4875192, -0.005539, , , , , , , 26.4875192, -0.0115816, , , , , , , 26.4875192, -0.0159457, , , , , , , , , , , , , , , , , , , , , , , , , , , , 
26.4880385, 0.030045, , , , , , , 26.4880385, -0.0050355, , , , , , , 26.4880385, -0.0095674, , , , , , , 26.4880385, -0.0159457, , , , , , , , , , , , , , , , , , , , , , , , , , , , 
26.4885577, 0.0370947, , , , , , , 26.4885577, -0.0065461, , , , , , , 26.4885577, -0.0095674, , , , , , , 26.4885577, -0.0162814, , , , , , , , , , , , , , , , , , , , , , , , , , , , 
26.4890769, 0.0407874, , , , , , , 26.4890769, -0.0063783, , , , , , , 26.4890769, -0.0115816, , , , , , , 26.4890769, -0.0149386, , , , , , , , , , , , , , , , , , , , , , , , , , , , 
26.4895962, 0.0374304, , , , , , , 26.4895962, -0.005539, , , , , , , 26.4895962, -0.0119173, , , , , , , 26.4895962, -0.0152743, , , , , , , , , , , , , , , , , , , , , , , , , , , , 
26.4901154, 0.0320592, , , , , , , 26.4901154, -0.0062104, , , , , , , 26.4901154, -0.0132601, , , , , , , 26.4901154, -0.0142672, , , , , , , , , , , , , , , , , , , , , , , , , , , , 
26.4906346, 0.0243381, , , , , , , 26.4906346, -0.0068818, , , , , , , 26.4906346, -0.0162814, , , , , , , 26.4906346, -0.0105745, , , , , , , , , , , , , , , , , , , , , , , , , , , , 
26.4911538, 0.0172885, , , , , , , 26.4911538, -0.0063783, , , , , , , 26.4911538, -0.0169528, , , , , , , 26.4911538, -0.005539, , , , , , , , , , , , , , , , , , , , , , , , , , , , 
26.4916731, 0.0124208, , , , , , , 26.4916731, -0.0075532, , , , , , , 26.4916731, -0.0146029, , , , , , , 26.4916731, -0.0003357, , , , , , , , , , , , , , , , , , , , , , , , , , , , 
26.4921923, 0.0105745, , , , , , , 26.4921923, -0.0099031, , , , , , , 26.4921923, -0.0112459, , , , , , , 26.4921923, 0.0031891, , , , , , , , , , , , , , , , , , , , , , , , , , , , 
26.4927115, 0.0085603, , , , , , , 26.4927115, -0.0109102, , , , , , , 26.4927115, -0.0090639, , , , , , , 26.4927115, 0.0087282, , , , , , , , , , , , , , , , , , , , , , , , , , , , 
26.4932308, 0.0008392, , , , , , , 26.4932308, -0.0077211, , , , , , , 26.4932308, -0.0057069, , , , , , , 26.4932308, 0.0179599, , , , , , , , , , , , , , , , , , , , , , , , , , , , 
26.49375, -0.0092317, , , , , , , 26.49375, -0.0058747, , , , , , , 26.49375, -0.0015106, , , , , , , 26.49375, 0.026688, , , , , , , , , , , , , , , , , , , , , , , , , , , , 
26.4942692, -0.0162814, , , , , , , 26.4942692, -0.0070497, , , , , , , 26.4942692, -0.0003357, , , , , , , 26.4942692, 0.0317235, , , , , , , , , , , , , , , , , , , , , , , , , , , , 
26.4947885, -0.0191348, , , , , , , 26.4947885, -0.0082246, , , , , , , 26.4947885, -0.0015106, , , , , , , 26.4947885, 0.0328985, , , , , , , , , , , , , , , , , , , , , , , , , , , , 
26.4953077, -0.0280308, , , , , , , 26.4953077, -0.0062104, , , , , , , 26.4953077, -0.0015106, , , , , , , 26.4953077, 0.0340734, , , , , , , , , , , , , , , , , , , , , , , , , , , , 
26.4958269, -0.0323949, , , , , , , 26.4958269, -0.005539, , , , , , , 26.4958269, -0.002182, , , , , , , 26.4958269, 0.0381018, , , , , , , , , , , , , , , , , , , , , , , , , , , , 
26.4963462, -0.0270237, , , , , , , 26.4963462, -0.0075532, , , , , , , 26.4963462, -0.0028534, , , , , , , 26.4963462, 0.0374304, , , , , , , , , , , , , , , , , , , , , , , , , , , , 
26.4968654, -0.0182956, , , , , , , 26.4968654, -0.0085603, , , , , , , 26.4968654, -0.0020142, , , , , , , 26.4968654, 0.0310521, , , , , , , , , , , , , , , , , , , , , , , , , , , , 
26.4973846, -0.0115816, , , , , , , 26.4973846, -0.0068818, , , , , , , 26.4973846, -0.0018463, , , , , , , 26.4973846, 0.0246738, , , , , , , , , , , , , , , , , , , , , , , , , , , , 
26.4979038, -0.0063783, , , , , , , 26.4979038, -0.005539, , , , , , , 26.4979038, -0.0030213, , , , , , , 26.4979038, 0.0181277, , , , , , , , , , , , , , , , , , , , , , , , , , , , 
26.4984231, -0.005539, , , , , , , 26.4984231, -0.0053712, , , , , , , 26.4984231, -0.0036927, , , , , , , 26.4984231, 0.0135958, , , , , , , , , , , , , , , , , , , , , , , , , , , , 
26.4989423, -0.005539, , , , , , , 26.4989423, -0.0052033, , , , , , , 26.4989423, -0.0062104, , , , , , , 26.4989423, 0.0137636, , , , , , , , , , , , , , , , , , , , , , , , , , , , 
26.4994615, -0.0035248, , , , , , , 26.4994615, -0.0065461, , , , , , , 26.4994615, -0.0102388, , , , , , , 26.4994615, 0.01561, , , , , , , , , , , , , , , , , , , , , , , , , , , , 
26.4999808, 0.0001678, , , , , , , 26.4999808, -0.0073854, , , , , , , 26.4999808, -0.0119173, , , , , , , 26.4999808, 0.0146029, , , , , , , , , , , , , , , , , , , , , , , , , , , , 
26.5005, 0.0038605, , , , , , , 26.5005, -0.0085603, , , , , , , 26.5005, -0.0109102, , , , , , , 26.5005, 0.0114137, , , , , , , , , , , , , , , , , , , , , , , , , , , , 
26.5010192, 0.0092317, , , , , , , 26.5010192, -0.0097353, , , , , , , 26.5010192, -0.0097353, , , , , , , 26.5010192, 0.0092317, , , , , , , , , , , , , , , , , , , , , , , , , , , , 
26.5015385, 0.0132601, , , , , , , 26.5015385, -0.0105745, , , , , , , 26.5015385, -0.0097353, , , , , , , 26.5015385, 0.0105745, , , , , , , , , , , , , , , , , , , , , , , , , , , , 
26.5020577, 0.0142672, , , , , , , 26.5020577, -0.0109102, , , , , , , 26.5020577, -0.0087282, , , , , , , 26.5020577, 0.0119173, , , , , , , , , , , , , , , , , , , , , , , , , , , , 
26.5025769, 0.0135958, , , , , , , 26.5025769, -0.0109102, , , , , , , 26.5025769, -0.0068818, , , , , , , 26.5025769, 0.0105745, , , , , , , , , , , , , , , , , , , , , , , , , , , , 
26.5030962, 0.0112459, , , , , , , 26.5030962, -0.0085603, , , , , , , 26.5030962, -0.0062104, , , , , , , 26.5030962, 0.0099031, , , , , , , , , , , , , , , , , , , , , , , , , , , , 
26.5036154, 0.0078889, , , , , , , 26.5036154, -0.0075532, , , , , , , 26.5036154, -0.0068818, , , , , , , 26.5036154, 0.0095674, , , , , , , , , , , , , , , , , , , , , , , , , , , , 
26.5041346, 0.0062104, , , , , , , 26.5041346, -0.008896, , , , , , , 26.5041346, -0.0070497, , , , , , , 26.5041346, 0.0097353, , , , , , , , , , , , , , , , , , , , , , , , , , , , 
26.5046538, 0.0075532, , , , , , , 26.5046538, -0.0075532, , , , , , , 26.5046538, -0.0072175, , , , , , , 26.5046538, 0.0072175, , , , , , , , , , , , , , , , , , , , , , , , , , , , 
26.5051731, 0.0075532, , , , , , , 26.5051731, -0.0041962, , , , , , , 26.5051731, -0.0065461, , , , , , , 26.5051731, 0.0045319, , , , , , , , , , , , , , , , , , , , , , , , , , , , 
26.5056923, 0.0085603, , , , , , , 26.5056923, -0.0045319, , , , , , , 26.5056923, -0.0048676, , , , , , , 26.5056923, 0.0038605, , , , , , , , , , , , , , , , , , , , , , , , , , , , 
26.5062115, 0.0115816, , , , , , , 26.5062115, -0.0068818, , , , , , , 26.5062115, -0.0050355, , , , , , , 26.5062115, 0.0015106, , , , , , , , , , , , , , , , , , , , , , , , , , , , 
26.5067308, 0.0169528, , , , , , , 26.5067308, -0.0063783, , , , , , , 26.5067308, -0.0078889, , , , , , , 26.5067308, -0.005539, , , , , , , , , , , , , , , , , , , , , , , , , , , , 
26.50725, 0.0209812, , , , , , , 26.50725, -0.0046998, , , , , , , 26.50725, -0.0102388, , , , , , , 26.50725, -0.0102388, , , , , , , , , , , , , , , , , , , , , , , , , , , , 
26.5077692, 0.0260166, , , , , , , 26.5077692, -0.0031891, , , , , , , 26.5077692, -0.0112459, , , , , , , 26.5077692, -0.0090639, , , , , , , , , , , , , , , , , , , , , , , , , , , , 
26.5082885, 0.0313878, , , , , , , 26.5082885, -0.0048676, , , , , , , 26.5082885, -0.0124208, , , , , , , 26.5082885, -0.010071, , , , , , , , , , , , , , , , , , , , , , , , , , , , 
26.5088077, 0.0280308, , , , , , , 26.5088077, -0.0058747, , , , , , , 26.5088077, -0.0112459, , , , , , , 26.5088077, -0.0132601, , , , , , , , , , , , , , , , , , , , , , , , , , , , 
26.5093269, 0.0226596, , , , , , , 26.5093269, -0.0062104, , , , , , , 26.5093269, -0.0102388, , , , , , , 26.5093269, -0.011078, , , , , , , , , , , , , , , , , , , , , , , , , , , , 
26.5098462, 0.0162814, , , , , , , 26.5098462, -0.0065461, , , , , , , 26.5098462, -0.011078, , , , , , , 26.5098462, -0.0062104, , , , , , , , , , , , , , , , , , , , , , , , , , , , 
26.5103654, 0.0125887, , , , , , , 26.5103654, -0.0083925, , , , , , , 26.5103654, -0.0119173, , , , , , , 26.5103654, -0.0028534, , , , , , , , , , , , , , , , , , , , , , , , , , , , 
26.5108846, 0.012253, , , , , , , 26.5108846, -0.0099031, , , , , , , 26.5108846, -0.0099031, , , , , , , 26.5108846, -0.0016785, , , , , , , , , , , , , , , , , , , , , , , , , , , , 
26.5114038, 0.0119173, , , , , , , 26.5114038, -0.0099031, , , , , , , 26.5114038, -0.0072175, , , , , , , 26.5114038, -0.0011749, , , , , , , , , , , , , , , , , , , , , , , , , , , , 
26.5119231, 0.0095674, , , , , , , 26.5119231, -0.0102388, , , , , , , 26.5119231, -0.0063783, , , , , , , 26.5119231, 0.0031891, , , , , , , , , , , , , , , , , , , , , , , , , , , , 
26.5124423, 0.002182, , , , , , , 26.5124423, -0.0119173, , , , , , , 26.5124423, -0.0075532, , , , , , , 26.5124423, 0.0085603, , , , , , , , , , , , , , , , , , , , , , , , , , , , 
26.5129615, -0.0075532, , , , , , , 26.5129615, -0.0125887, , , , , , , 26.5129615, -0.0095674, , , , , , , 26.5129615, 0.0137636, , , , , , , , , , , , , , , , , , , , , , , , , , , , 
26.5134808, -0.0166171, , , , , , , 26.5134808, -0.0112459, , , , , , , 26.5134808, -0.0092317, , , , , , , 26.5134808, 0.0196384, , , , , , , , , , , , , , , , , , , , , , , , , , , , 
26.514, -0.0223239, , , , , , , 26.514, -0.0099031, , , , , , , 26.514, -0.0077211, , , , , , , 26.514, 0.0240024, , , , , , , , , , , , , , , , , , , , , , , , , , , , 
26.5145192, -0.0203098, , , , , , , 26.5145192, -0.0092317, , , , , , , 26.5145192, -0.0068818, , , , , , , 26.5145192, 0.0260166, , , , , , , , , , , , , , , , , , , , , , , , , , , , 
26.5150385, -0.0164492, , , , , , , 26.5150385, -0.0095674, , , , , , , 26.5150385, -0.0053712, , , , , , , 26.5150385, 0.0256809, , , , , , , , , , , , , , , , , , , , , , , , , , , , 
26.5155577, -0.0172885, , , , , , , 26.5155577, -0.0109102, , , , , , , 26.5155577, -0.0035248, , , , , , , 26.5155577, 0.0276951, , , , , , , , , , , , , , , , , , , , , , , , , , , , 
26.5160769, -0.0203098, , , , , , , 26.5160769, -0.0112459, , , , , , , 26.5160769, -0.0015106, , , , , , , 26.5160769, 0.0317235, , , , , , , , , , , , , , , , , , , , , , , , , , , , 
26.5165962, -0.0186313, , , , , , , 26.5165962, -0.0092317, , , , , , , 26.5165962, -0.0001678, , , , , , , 26.5165962, 0.0340734, , , , , , , , , , , , , , , , , , , , , , , , , , , , 
26.5171154, -0.0090639, , , , , , , 26.5171154, -0.0068818, , , , , , , 26.5171154, -0.0008392, , , , , , , 26.5171154, 0.0332341, , , , , , , , , , , , , , , , , , , , , , , , , , , , 
26.5176346, 0.0005035, , , , , , , 26.5176346, -0.0068818, , , , , , , 26.5176346, -0.002182, , , , , , , 26.5176346, 0.0313878, , , , , , , , , , , , , , , , , , , , , , , , , , , , 
26.5181538, 0.0062104, , , , , , , 26.5181538, -0.0065461, , , , , , , 26.5181538, -0.002182, , , , , , , 26.5181538, 0.0290379, , , , , , , , , , , , , , , , , , , , , , , , , , , , 
26.5186731, 0.0099031, , , , , , , 26.5186731, -0.0052033, , , , , , , 26.5186731, -0.0028534, , , , , , , 26.5186731, 0.0256809, , , , , , , , , , , , , , , , , , , , , , , , , , , , 
26.5191923, 0.0099031, , , , , , , 26.5191923, -0.0058747, , , , , , , 26.5191923, -0.0048676, , , , , , , 26.5191923, 0.023331, , , , , , , , , , , , , , , , , , , , , , , , , , , , 
26.5197115, 0.0078889, , , , , , , 26.5197115, -0.0063783, , , , , , , 26.5197115, -0.0085603, , , , , , , 26.5197115, 0.0224918, , , , , , , , , , , , , , , , , , , , , , , , , , , , 
26.5202308, 0.0102388, , , , , , , 26.5202308, -0.0058747, , , , , , , 26.5202308, -0.0102388, , , , , , , 26.5202308, 0.0191348, , , , , , , , , , , , , , , , , , , , , , , , , , , , 
26.52075, 0.014435, , , , , , , 26.52075, -0.0070497, , , , , , , 26.52075, -0.0109102, , , , , , , 26.52075, 0.0149386, , , , , , , , , , , , , , , , , , , , , , , , , , , , 
26.5212692, 0.0186313, , , , , , , 26.5212692, -0.0065461, , , , , , , 26.5212692, -0.011078, , , , , , , 26.5212692, 0.0137636, , , , , , , , , , , , , , , , , , , , , , , , , , , , 
26.5217885, 0.0246738, , , , , , , 26.5217885, -0.0041962, , , , , , , 26.5217885, -0.011078, , , , , , , 26.5217885, 0.0119173, , , , , , , , , , , , , , , , , , , , , , , , , , , , 
26.5223077, 0.0287022, , , , , , , 26.5223077, -0.0031891, , , , , , , 26.5223077, -0.0104067, , , , , , , 26.5223077, 0.0092317, , , , , , , , , , , , , , , , , , , , , , , , , , , , 
26.5228269, 0.0290379, , , , , , , 26.5228269, -0.0035248, , , , , , , 26.5228269, -0.011078, , , , , , , 26.5228269, 0.0104067, , , , , , , , , , , , , , , , , , , , , , , , , , , , 
26.5233462, 0.0263523, , , , , , , 26.5233462, -0.0062104, , , , , , , 26.5233462, -0.0129244, , , , , , , 26.5233462, 0.0119173, , , , , , , , , , , , , , , , , , , , , , , , , , , , 
26.5238654, 0.0270237, , , , , , , 26.5238654, -0.0082246, , , , , , , 26.5238654, -0.0115816, , , , , , , 26.5238654, 0.0109102, , , , , , , , , , , , , , , , , , , , , , , , , , , , 
26.5243846, 0.0317235, , , , , , , 26.5243846, -0.0077211, , , , , , , 26.5243846, -0.0085603, , , , , , , 26.5243846, 0.0078889, , , , , , , , , , , , , , , , , , , , , , , , , , , , 
26.5249038, 0.0360876, , , , , , , 26.5249038, -0.0082246, , , , , , , 26.5249038, -0.0095674, , , , , , , 26.5249038, 0.0043641, , , , , , , , , , , , , , , , , , , , , , , , , , , , 
26.5254231, 0.0372625, , , , , , , 26.5254231, -0.0092317, , , , , , , 26.5254231, -0.0127565, , , , , , , 26.5254231, 0.0048676, , , , , , , , , , , , , , , , , , , , , , , , , , , , 
26.5259423, 0.0330663, , , , , , , 26.5259423, -0.0095674, , , , , , , 26.5259423, -0.012253, , , , , , , 26.5259423, 0.005539, , , , , , , , , , , , , , , , , , , , , , , , , , , , 
26.5264615, 0.0297093, , , , , , , 26.5264615, -0.0078889, , , , , , , 26.5264615, -0.0102388, , , , , , , 26.5264615, -0.0015106, , , , , , , , , , , , , , , , , , , , , , , , , , , , 
26.5269808, 0.030045, , , , , , , 26.5269808, -0.0062104, , , , , , , 26.5269808, -0.0099031, , , , , , , 26.5269808, -0.0085603, , , , , , , , , , , , , , , , , , , , , , , , , , , , 
26.5275, 0.0273594, , , , , , , 26.5275, -0.0041962, , , , , , , 26.5275, -0.0109102, , , , , , , 26.5275, -0.008896, , , , , , , , , , , , , , , , , , , , , , , , , , , , 
26.5280192, 0.0250095, , , , , , , 26.5280192, -0.0038605, , , , , , , 26.5280192, -0.0112459, , , , , , , 26.5280192, -0.0095674, , , , , , , , , , , , , , , , , , , , , , , , , , , , 
26.5285385, 0.0307164, , , , , , , 26.5285385, -0.0050355, , , , , , , 26.5285385, -0.0095674, , , , , , , 26.5285385, -0.0124208, , , , , , , , , , , , , , , , , , , , , , , , , , , , 
26.5290577, 0.036759, , , , , , , 26.5290577, -0.0050355, , , , , , , 26.5290577, -0.0092317, , , , , , , 26.5290577, -0.0129244, , , , , , , , , , , , , , , , , , , , , , , , , , , , 
26.5295769, 0.0374304, , , , , , , 26.5295769, -0.0063783, , , , , , , 26.5295769, -0.0095674, , , , , , , 26.5295769, -0.0109102, , , , , , , , , , , , , , , , , , , , , , , , , , , , 
26.5300962, 0.0381018, , , , , , , 26.5300962, -0.0077211, , , , , , , 26.5300962, -0.0095674, , , , , , , 26.5300962, -0.0065461, , , , , , , , , , , , , , , , , , , , , , , , , , , , 
26.5306154, 0.0384375, , , , , , , 26.5306154, -0.0072175, , , , , , , 26.5306154, -0.0102388, , , , , , , 26.5306154, 0.0011749, , , , , , , , , , , , , , , , , , , , , , , , , , , , 
26.5311346, 0.033402, , , , , , , 26.5311346, -0.0068818, , , , , , , 26.5311346, -0.0099031, , , , , , , 26.5311346, 0.0075532, , , , , , , , , , , , , , , , , , , , , , , , , , , , 
26.5316538, 0.026688, , , , , , , 26.5316538, -0.0065461, , , , , , , 26.5316538, -0.0068818, , , , , , , 26.5316538, 0.0105745, , , , , , , , , , , , , , , , , , , , , , , , , , , , 
26.5321731, 0.0176242, , , , , , , 26.5321731, -0.0062104, , , , , , , 26.5321731, -0.0063783, , , , , , , 26.5321731, 0.0117494, , , , , , , , , , , , , , , , , , , , , , , , , , , , 
26.5326923, 0.0072175, , , , , , , 26.5326923, -0.0075532, , , , , , , 26.5326923, -0.0085603, , , , , , , 26.5326923, 0.0146029, , , , , , , , , , , , , , , , , , , , , , , , , , , , 
26.5332115, 0.0018463, , , , , , , 26.5332115, -0.0092317, , , , , , , 26.5332115, -0.0102388, , , , , , , 26.5332115, 0.0179599, , , , , , , , , , , , , , , , , , , , , , , , , , , , 
26.5337308, 0.0005035, , , , , , , 26.5337308, -0.0105745, , , , , , , 26.5337308, -0.0099031, , , , , , , 26.5337308, 0.0196384, , , , , , , , , , , , , , , , , , , , , , , , , , , , 
26.53425, -0.0036927, , , , , , , 26.53425, -0.0115816, , , , , , , 26.53425, -0.0075532, , , , , , , 26.53425, 0.0218204, , , , , , , , , , , , , , , , , , , , , , , , , , , , 
26.5347692, -0.0062104, , , , , , , 26.5347692, -0.0112459, , , , , , , 26.5347692, -0.0070497, , , , , , , 26.5347692, 0.0253452, , , , , , , , , , , , , , , , , , , , , , , , , , , , 
26.5352885, -0.0041962, , , , , , , 26.5352885, -0.0095674, , , , , , , 26.5352885, -0.0077211, , , , , , , 26.5352885, 0.0260166, , , , , , , , , , , , , , , , , , , , , , , , , , , , 
26.5358077, -0.0052033, , , , , , , 26.5358077, -0.0095674, , , , , , , 26.5358077, -0.0095674, , , , , , , 26.5358077, 0.0280308, , , , , , , , , , , , , , , , , , , , , , , , , , , , 
26.5363269, -0.005539, , , , , , , 26.5363269, -0.0112459, , , , , , , 26.5363269, -0.012253, , , , , , , 26.5363269, 0.0310521, , , , , , , , , , , , , , , , , , , , , , , , , , , , 
26.5368462, 0.0016785, , , , , , , 26.5368462, -0.0099031, , , , , , , 26.5368462, -0.012253, , , , , , , 26.5368462, 0.0270237, , , , , , , , , , , , , , , , , , , , , , , , , , , , 
26.5373654, 0.0065461, , , , , , , 26.5373654, -0.0068818, , , , , , , 26.5373654, -0.0109102, , , , , , , 26.5373654, 0.0216526, , , , , , , , , , , , , , , , , , , , , , , , , , , , 
26.5378846, 0.0035248, , , , , , , 26.5378846, -0.0068818, , , , , , , 26.5378846, -0.0078889, , , , , , , 26.5378846, 0.0206455, , , , , , , , , , , , , , , , , , , , , , , , , , , , 
26.5384038, 0.0018463, , , , , , , 26.5384038, -0.0072175, , , , , , , 26.5384038, -0.005539, , , , , , , 26.5384038, 0.0224918, , , , , , , , , , , , , , , , , , , , , , , , , , , , 
26.5389231, 0.0065461, , , , , , , 26.5389231, -0.0068818, , , , , , , 26.5389231, -0.005539, , , , , , , 26.5389231, 0.0253452, , , , , , , , , , , , , , , , , , , , , , , , , , , , 
26.5394423, 0.0135958, , , , , , , 26.5394423, -0.0082246, , , , , , , 26.5394423, -0.0082246, , , , , , , 26.5394423, 0.0273594, , , , , , , , , , , , , , , , , , , , , , , , , , , , 
26.5399615, 0.0159457, , , , , , , 26.5399615, -0.0095674, , , , , , , 26.5399615, -0.0105745, , , , , , , 26.5399615, 0.0240024, , , , , , , , , , , , , , , , , , , , , , , , , , , , 
26.5404808, 0.0151064, , , , , , , 26.5404808, -0.0092317, , , , , , , 26.5404808, -0.0115816, , , , , , , 26.5404808, 0.014435, , , , , , , , , , , , , , , , , , , , , , , , , , , , 
26.541, 0.0130922, , , , , , , 26.541, -0.008896, , , , , , , 26.541, -0.0119173, , , , , , , 26.541, 0.0092317, , , , , , , , , , , , , , , , , , , , , , , , , , , , 
26.5415192, 0.0112459, , , , , , , 26.5415192, -0.0077211, , , , , , , 26.5415192, -0.0125887, , , , , , , 26.5415192, 0.0105745, , , , , , , , , , , , , , , , , , , , , , , , , , , , 
26.5420385, 0.0109102, , , , , , , 26.5420385, -0.0085603, , , , , , , 26.5420385, -0.0092317, , , , , , , 26.5420385, 0.0119173, , , , , , , , , , , , , , , , , , , , , , , , , , , , 
26.5425577, 0.008896, , , , , , , 26.5425577, -0.0102388, , , , , , , 26.5425577, -0.0048676, , , , , , , 26.5425577, 0.0097353, , , , , , , , , , , , , , , , , , , , , , , , , , , , 
26.5430769, 0.0075532, , , , , , , 26.5430769, -0.0112459, , , , , , , 26.5430769, -0.0041962, , , , , , , 26.5430769, 0.0058747, , , , , , , , , , , , , , , , , , , , , , , , , , , , 
26.5435962, 0.0078889, , , , , , , 26.5435962, -0.0105745, , , , , , , 26.5435962, -0.0052033, , , , , , , 26.5435962, 0.0052033, , , , , , , , , , , , , , , , , , , , , , , , , , , , 
26.5441154, 0.0099031, , , , , , , 26.5441154, -0.0099031, , , , , , , 26.5441154, -0.0065461, , , , , , , 26.5441154, 0.0058747, , , , , , , , , , , , , , , , , , , , , , , , , , , , 
26.5446346, 0.0151064, , , , , , , 26.5446346, -0.0099031, , , , , , , 26.5446346, -0.0068818, , , , , , , 26.5446346, 0.0065461, , , , , , , , , , , , , , , , , , , , , , , , , , , , 
26.5451538, 0.0206455, , , , , , , 26.5451538, -0.0104067, , , , , , , 26.5451538, -0.0077211, , , , , , , 26.5451538, 0.0063783, , , , , , , , , , , , , , , , , , , , , , , , , , , , 
26.5456731, 0.0206455, , , , , , , 26.5456731, -0.0109102, , , , , , , 26.5456731, -0.0077211, , , , , , , 26.5456731, 0.005539, , , , , , , , , , , , , , , , , , , , , , , , , , , , 
26.5461923, 0.0186313, , , , , , , 26.5461923, -0.0092317, , , , , , , 26.5461923, -0.0058747, , , , , , , 26.5461923, 0.0025177, , , , , , , , , , , , , , , , , , , , , , , , , , , , 
26.5467115, 0.0236667, , , , , , , 26.5467115, -0.0082246, , , , , , , 26.5467115, -0.0058747, , , , , , , 26.5467115, -0.0005035, , , , , , , , , , , , , , , , , , , , , , , , , , , , 
26.5472308, 0.0318914, , , , , , , 26.5472308, -0.008896, , , , , , , 26.5472308, -0.0058747, , , , , , , 26.5472308, -0.0035248, , , , , , , , , , , , , , , , , , , , , , , , , , , , 
26.54775, 0.036759, , , , , , , 26.54775, -0.0082246, , , , , , , 26.54775, -0.0038605, , , , , , , 26.54775, -0.0052033, , , , , , , , , , , , , , , , , , , , , , , , , , , , 
26.5482692, 0.0399481, , , , , , , 26.5482692, -0.0062104, , , , , , , 26.5482692, -0.0031891, , , , , , , 26.5482692, -0.0045319, , , , , , , , , , , , , , , , , , , , , , , , , , , , 
26.5487885, 0.0448157, , , , , , , 26.5487885, -0.0062104, , , , , , , 26.5487885, -0.0035248, , , , , , , 26.5487885, -0.0038605, , , , , , , , , , , , , , , , , , , , , , , , , , , , 
26.5493077, 0.0421302, , , , , , , 26.5493077, -0.0068818, , , , , , , 26.5493077, -0.0048676, , , , , , , 26.5493077, -0.0015106, , , , , , , , , , , , , , , , , , , , , , , , , , , , 
26.5498269, 0.0381018, , , , , , , 26.5498269, -0.008896, , , , , , , 26.5498269, -0.0063783, , , , , , , 26.5498269, 0.0038605, , , , , , , , , , , , , , , , , , , , , , , , , , , , 
26.5503462, 0.0354162, , , , , , , 26.5503462, -0.0078889, , , , , , , 26.5503462, -0.0095674, , , , , , , 26.5503462, 0.0119173, , , , , , , , , , , , , , , , , , , , , , , , , , , , 
26.5508654, 0.0293736, , , , , , , 26.5508654, -0.0065461, , , , , , , 26.5508654, -0.0095674, , , , , , , 26.5508654, 0.0191348, , , , , , , , , , , , , , , , , , , , , , , , , , , , 
26.5513846, 0.0219883, , , , , , , 26.5513846, -0.0072175, , , , , , , 26.5513846, -0.0075532, , , , , , , 26.5513846, 0.023331, , , , , , , , , , , , , , , , , , , , , , , , , , , , 
26.5519038, 0.0139315, , , , , , , 26.5519038, -0.0082246, , , , , , , 26.5519038, -0.0068818, , , , , , , 26.5519038, 0.0226596, , , , , , , , , , , , , , , , , , , , , , , , , , , , 
26.5524231, 0.0072175, , , , , , , 26.5524231, -0.0082246, , , , , , , 26.5524231, -0.0075532, , , , , , , 26.5524231, 0.0218204, , , , , , , , , , , , , , , , , , , , , , , , , , , , 
26.5529423, 0.0031891, , , , , , , 26.5529423, -0.0082246, , , , , , , 26.5529423, -0.0075532, , , , , , , 26.5529423, 0.0270237, , , , , , , , , , , , , , , , , , , , , , , , , , , , 
26.5534615, 0.0005035, , , , , , , 26.5534615, -0.0090639, , , , , , , 26.5534615, -0.0065461, , , , , , , 26.5534615, 0.033402, , , , , , , , , , , , , , , , , , , , , , , , , , , , 
26.5539808, -0.0005035, , , , , , , 26.5539808, -0.0085603, , , , , , , 26.5539808, -0.005539, , , , , , , 26.5539808, 0.0369268, , , , , , , , , , , , , , , , , , , , , , , , , , , , 
26.5545, -0.0028534, , , , , , , 26.5545, -0.0075532, , , , , , , 26.5545, -0.0045319, , , , , , , 26.5545, 0.0384375, , , , , , , , , , , , , , , , , , , , , , , , , , , , 
26.5550192, -0.0087282, , , , , , , 26.5550192, -0.0078889, , , , , , , 26.5550192, -0.002182, , , , , , , 26.5550192, 0.0419623, , , , , , , , , , , , , , , , , , , , , , , , , , , , 
26.5555385, -0.0132601, , , , , , , 26.5555385, -0.0085603, , , , , , , 26.5555385, -0.0018463, , , , , , , 26.5555385, 0.0464942, , , , , , , , , , , , , , , , , , , , , , , , , , , , 
26.5560577, -0.0169528, , , , , , , 26.5560577, -0.008896, , , , , , , 26.5560577, -0.0035248, , , , , , , 26.5560577, 0.0454871, , , , , , , , , , , , , , , , , , , , , , , , , , , , 
26.5565769, -0.0149386, , , , , , , 26.5565769, -0.008896, , , , , , , 26.5565769, -0.0041962, , , , , , , 26.5565769, 0.0387732, , , , , , , , , , , , , , , , , , , , , , , , , , , , 
26.5570962, -0.0058747, , , , , , , 26.5570962, -0.0095674, , , , , , , 26.5570962, -0.0041962, , , , , , , 26.5570962, 0.0307164, , , , , , , , , , , , , , , , , , , , , , , , , , , , 
26.5576154, 0.0001678, , , , , , , 26.5576154, -0.0082246, , , , , , , 26.5576154, -0.0035248, , , , , , , 26.5576154, 0.0221561, , , , , , , , , , , , , , , , , , , , , , , , , , , , 
26.5581346, 0.0025177, , , , , , , 26.5581346, -0.005539, , , , , , , 26.5581346, -0.0048676, , , , , , , 26.5581346, 0.0169528, , , , , , , , , , , , , , , , , , , , , , , , , , , , 
26.5586538, 0.0099031, , , , , , , 26.5586538, -0.0041962, , , , , , , 26.5586538, -0.0052033, , , , , , , 26.5586538, 0.0166171, , , , , , , , , , , , , , , , , , , , , , , , , , , , 
26.5591731, 0.0193027, , , , , , , 26.5591731, -0.0062104, , , , , , , 26.5591731, -0.0035248, , , , , , , 26.5591731, 0.0159457, , , , , , , , , , , , , , , , , , , , , , , , , , , , 
26.5596923, 0.0250095, , , , , , , 26.5596923, -0.0082246, , , , , , , 26.5596923, -0.0038605, , , , , , , 26.5596923, 0.0139315, , , , , , , , , , , , , , , , , , , , , , , , , , , , 
26.5602115, 0.026688, , , , , , , 26.5602115, -0.0092317, , , , , , , 26.5602115, -0.0075532, , , , , , , 26.5602115, 0.0119173, , , , , , , , , , , , , , , , , , , , , , , , , , , , 
26.5607308, 0.023331, , , , , , , 26.5607308, -0.0095674, , , , , , , 26.5607308, -0.0105745, , , , , , , 26.5607308, 0.0092317, , , , , , , , , , , , , , , , , , , , , , , , , , , , 
26.56125, 0.0206455, , , , , , , 26.56125, -0.0082246, , , , , , , 26.56125, -0.0109102, , , , , , , 26.56125, 0.0058747, , , , , , , , , , , , , , , , , , , , , , , , , , , , 
26.5617692, 0.0226596, , , , , , , 26.5617692, -0.0048676, , , , , , , 26.5617692, -0.008896, , , , , , , 26.5617692, 0.005539, , , , , , , , , , , , , , , , , , , , , , , , , , , , 
26.5622885, 0.0273594, , , , , , , 26.5622885, -0.0018463, , , , , , , 26.5622885, -0.0082246, , , , , , , 26.5622885, 0.0045319, , , , , , , , , , , , , , , , , , , , , , , , , , , , 
26.5628077, 0.0236667, , , , , , , 26.5628077, -0.0005035, , , , , , , 26.5628077, -0.0090639, , , , , , , 26.5628077, 0.0036927, , , , , , , , , , , , , , , , , , , , , , , , , , , , 
26.5633269, 0.0213169, , , , , , , 26.5633269, -0.0020142, , , , , , , 26.5633269, -0.0095674, , , , , , , 26.5633269, 0.0041962, , , , , , , , , , , , , , , , , , , , , , , , , , , , 
26.5638462, 0.023331, , , , , , , 26.5638462, -0.0035248, , , , , , , 26.5638462, -0.0092317, , , , , , , 26.5638462, 0.0048676, , , , , , , , , , , , , , , , , , , , , , , , , , , , 
26.5643654, 0.023331, , , , , , , 26.5643654, -0.002182, , , , , , , 26.5643654, -0.0083925, , , , , , , 26.5643654, 0.0052033, , , , , , , , , , , , , , , , , , , , , , , , , , , , 
26.5648846, 0.021149, , , , , , , 26.5648846, -0.0018463, , , , , , , 26.5648846, -0.0082246, , , , , , , 26.5648846, 0.0048676, , , , , , , , , , , , , , , , , , , , , , , , , , , , 
26.5654038, 0.0166171, , , , , , , 26.5654038, -0.0041962, , , , , , , 26.5654038, -0.0072175, , , , , , , 26.5654038, 0.0038605, , , , , , , , , , , , , , , , , , , , , , , , , , , , 
26.5659231, 0.0164492, , , , , , , 26.5659231, -0.0063783, , , , , , , 26.5659231, -0.0058747, , , , , , , 26.5659231, 0.0011749, , , , , , , , , , , , , , , , , , , , , , , , , , , , 
26.5664423, 0.0226596, , , , , , , 26.5664423, -0.0082246, , , , , , , 26.5664423, -0.0072175, , , , , , , 26.5664423, -0.0031891, , , , , , , , , , , , , , , , , , , , , , , , , , , , 
26.5669615, 0.0293736, , , , , , , 26.5669615, -0.0085603, , , , , , , 26.5669615, -0.0080568, , , , , , , 26.5669615, -0.0068818, , , , , , , , , , , , , , , , , , , , , , , , , , , , 
26.5674808, 0.036759, , , , , , , 26.5674808, -0.0082246, , , , , , , 26.5674808, -0.0065461, , , , , , , 26.5674808, -0.0068818, , , , , , , , , , , , , , , , , , , , , , , , , , , , 
26.568, 0.0421302, , , , , , , 26.568, -0.0092317, , , , , , , 26.568, -0.0065461, , , , , , , 26.568, -0.0070497, , , , , , , , , , , , , , , , , , , , , , , , , , , , 
26.5685192, 0.0451514, , , , , , , 26.5685192, -0.0109102, , , , , , , 26.5685192, -0.0095674, , , , , , , 26.5685192, -0.0097353, , , , , , , , , , , , , , , , , , , , , , , , , , , , 
26.5690385, 0.0428016, , , , , , , 26.5690385, -0.0095674, , , , , , , 26.5690385, -0.0135958, , , , , , , 26.5690385, -0.014435, , , , , , , , , , , , , , , , , , , , , , , , , , , , 
26.5695577, 0.0374304, , , , , , , 26.5695577, -0.0072175, , , , , , , 26.5695577, -0.0152743, , , , , , , 26.5695577, -0.0159457, , , , , , , , , , , , , , , , , , , , , , , , , , , , 
26.5700769, 0.033402, , , , , , , 26.5700769, -0.0077211, , , , , , , 26.5700769, -0.0162814, , , , , , , 26.5700769, -0.0109102, , , , , , , , , , , , , , , , , , , , , , , , , , , , 
26.5705962, 0.0271916, , , , , , , 26.5705962, -0.0095674, , , , , , , 26.5705962, -0.01561, , , , , , , 26.5705962, -0.0028534, , , , , , , , , , , , , , , , , , , , , , , , , , , , 
26.5711154, 0.021149, , , , , , , 26.5711154, -0.0082246, , , , , , , 26.5711154, -0.0135958, , , , , , , 26.5711154, 0.0041962, , , , , , , , , , , , , , , , , , , , , , , , , , , , 
26.5716346, 0.018967, , , , , , , 26.5716346, -0.0058747, , , , , , , 26.5716346, -0.012253, , , , , , , 26.5716346, 0.0092317, , , , , , , , , , , , , , , , , , , , , , , , , , , , 
26.5721538, 0.0166171, , , , , , , 26.5721538, -0.0057069, , , , , , , 26.5721538, -0.0104067, , , , , , , 26.5721538, 0.0125887, , , , , , , , , , , , , , , , , , , , , , , , , , , , 
26.5726731, 0.0132601, , , , , , , 26.5726731, -0.0068818, , , , , , , 26.5726731, -0.0087282, , , , , , , 26.5726731, 0.0159457, , , , , , , , , , , , , , , , , , , , , , , , , , , , 
26.5731923, 0.0092317, , , , , , , 26.5731923, -0.0082246, , , , , , , 26.5731923, -0.008896, , , , , , , 26.5731923, 0.021149, , , , , , , , , , , , , , , , , , , , , , , , , , , , 
26.5737115, 0.0078889, , , , , , , 26.5737115, -0.0095674, , , , , , , 26.5737115, -0.0092317, , , , , , , 26.5737115, 0.0292058, , , , , , , , , , , , , , , , , , , , , , , , , , , , 
26.5742308, 0.0083925, , , , , , , 26.5742308, -0.0105745, , , , , , , 26.5742308, -0.0095674, , , , , , , 26.5742308, 0.0352483, , , , , , , , , , , , , , , , , , , , , , , , , , , , 
26.57475, 0.0041962, , , , , , , 26.57475, -0.0115816, , , , , , , 26.57475, -0.0070497, , , , , , , 26.57475, 0.038941, , , , , , , , , , , , , , , , , , , , , , , , , , , , 
26.5752692, -0.0003357, , , , , , , 26.5752692, -0.0109102, , , , , , , 26.5752692, -0.0035248, , , , , , , 26.5752692, 0.0428016, , , , , , , , , , , , , , , , , , , , , , , , , , , , 
26.5757885, -0.0005035, , , , , , , 26.5757885, -0.008896, , , , , , , 26.5757885, -0.0028534, , , , , , , 26.5757885, 0.0428016, , , , , , , , , , , , , , , , , , , , , , , , , , , , 
26.5763077, -0.0015106, , , , , , , 26.5763077, -0.0068818, , , , , , , 26.5763077, -0.0028534, , , , , , , 26.5763077, 0.0384375, , , , , , , , , , , , , , , , , , , , , , , , , , , , 
26.5768269, 0.0041962, , , , , , , 26.5768269, -0.0062104, , , , , , , 26.5768269, -0.0035248, , , , , , , 26.5768269, 0.0323949, , , , , , , , , , , , , , , , , , , , , , , , , , , , 
26.5773462, 0.0182956, , , , , , , 26.5773462, -0.0068818, , , , , , , 26.5773462, -0.0058747, , , , , , , 26.5773462, 0.0276951, , , , , , , , , , , , , , , , , , , , , , , , , , , , 
26.5778654, 0.0246738, , , , , , , 26.5778654, -0.0057069, , , , , , , 26.5778654, -0.0075532, , , , , , , 26.5778654, 0.0216526, , , , , , , , , , , , , , , , , , , , , , , , , , , , 
26.5783846, 0.0240024, , , , , , , 26.5783846, -0.0050355, , , , , , , 26.5783846, -0.0068818, , , , , , , 26.5783846, 0.0169528, , , , , , , , , , , , , , , , , , , , , , , , , , , , 
26.5789038, 0.0226596, , , , , , , 26.5789038, -0.0058747, , , , , , , 26.5789038, -0.0068818, , , , , , , 26.5789038, 0.0162814, , , , , , , , , , , , , , , , , , , , , , , , , , , , 
26.5794231, 0.0231632, , , , , , , 26.5794231, -0.0078889, , , , , , , 26.5794231, -0.0082246, , , , , , , 26.5794231, 0.0162814, , , , , , , , , , , , , , , , , , , , , , , , , , , , 
26.5799423, 0.0204776, , , , , , , 26.5799423, -0.0097353, , , , , , , 26.5799423, -0.0097353, , , , , , , 26.5799423, 0.0172885, , , , , , , , , , , , , , , , , , , , , , , , , , , , 
26.5804615, 0.01561, , , , , , , 26.5804615, -0.0093996, , , , , , , 26.5804615, -0.0109102, , , , , , , 26.5804615, 0.018967, , , , , , , , , , , , , , , , , , , , , , , , , , , , 
26.5809808, 0.01561, , , , , , , 26.5809808, -0.0070497, , , , , , , 26.5809808, -0.0095674, , , , , , , 26.5809808, 0.0203098, , , , , , , , , , , , , , , , , , , , , , , , , , , , 
26.5815, 0.01561, , , , , , , 26.5815, -0.005539, , , , , , , 26.5815, -0.0075532, , , , , , , 26.5815, 0.0182956, , , , , , , , , , , , , , , , , , , , , , , , , , , , 
26.5820192, 0.011078, , , , , , , 26.5820192, -0.0062104, , , , , , , 26.5820192, -0.0082246, , , , , , , 26.5820192, 0.0146029, , , , , , , , , , , , , , , , , , , , , , , , , , , , 
26.5825385, 0.0095674, , , , , , , 26.5825385, -0.0065461, , , , , , , 26.5825385, -0.008896, , , , , , , 26.5825385, 0.0125887, , , , , , , , , , , , , , , , , , , , , , , , , , , , 
26.5830577, 0.0099031, , , , , , , 26.5830577, -0.0063783, , , , , , , 26.5830577, -0.0095674, , , , , , , 26.5830577, 0.0090639, , , , , , , , , , , , , , , , , , , , , , , , , , , , 
26.5835769, 0.0078889, , , , , , , 26.5835769, -0.0082246, , , , , , , 26.5835769, -0.0095674, , , , , , , 26.5835769, 0.0060426, , , , , , , , , , , , , , , , , , , , , , , , , , , , 
26.5840962, 0.0025177, , , , , , , 26.5840962, -0.0109102, , , , , , , 26.5840962, -0.0099031, , , , , , , 26.5840962, 0.0052033, , , , , , , , , , , , , , , , , , , , , , , , , , , , 
26.5846154, 0.0008392, , , , , , , 26.5846154, -0.0112459, , , , , , , 26.5846154, -0.0102388, , , , , , , 26.5846154, 0.005539, , , , , , , , , , , , , , , , , , , , , , , , , , , , 
26.5851346, 0.0052033, , , , , , , 26.5851346, -0.010071, , , , , , , 26.5851346, -0.0085603, , , , , , , 26.5851346, 0.0085603, , , , , , , , , , , , , , , , , , , , , , , , , , , , 
26.5856538, 0.0112459, , , , , , , 26.5856538, -0.0082246, , , , , , , 26.5856538, -0.0062104, , , , , , , 26.5856538, 0.0119173, , , , , , , , , , , , , , , , , , , , , , , , , , , , 
26.5861731, 0.0151064, , , , , , , 26.5861731, -0.0082246, , , , , , , 26.5861731, -0.0082246, , , , , , , 26.5861731, 0.0102388, , , , , , , , , , , , , , , , , , , , , , , , , , , , 
26.5866923, 0.0172885, , , , , , , 26.5866923, -0.0102388, , , , , , , 26.5866923, -0.0135958, , , , , , , 26.5866923, 0.0025177, , , , , , , , , , , , , , , , , , , , , , , , , , , , 
26.5872115, 0.017792, , , , , , , 26.5872115, -0.0115816, , , , , , , 26.5872115, -0.0135958, , , , , , , 26.5872115, -0.0045319, , , , , , , , , , , , , , , , , , , , , , , , , , , , 
26.5877308, 0.0213169, , , , , , , 26.5877308, -0.0105745, , , , , , , 26.5877308, -0.012253, , , , , , , 26.5877308, -0.0065461, , , , , , , , , , , , , , , , , , , , , , , , , , , , 
26.58825, 0.0240024, , , , , , , 26.58825, -0.0097353, , , , , , , 26.58825, -0.0109102, , , , , , , 26.58825, -0.005539, , , , , , , , , , , , , , , , , , , , , , , , , , , , 
26.5887692, 0.023331, , , , , , , 26.5887692, -0.0085603, , , , , , , 26.5887692, -0.0109102, , , , , , , 26.5887692, -0.0038605, , , , , , , , , , , , , , , , , , , , , , , , , , , , 
26.5892885, 0.0226596, , , , , , , 26.5892885, -0.0082246, , , , , , , 26.5892885, -0.0095674, , , , , , , 26.5892885, -0.003357, , , , , , , , , , , , , , , , , , , , , , , , , , , , 
26.5898077, 0.0182956, , , , , , , 26.5898077, -0.0092317, , , , , , , 26.5898077, -0.0082246, , , , , , , 26.5898077, -0.0041962, , , , , , , , , , , , , , , , , , , , , , , , , , , , 
26.5903269, 0.01561, , , , , , , 26.5903269, -0.0092317, , , , , , , 26.5903269, -0.0075532, , , , , , , 26.5903269, -0.0052033, , , , , , , , , , , , , , , , , , , , , , , , , , , , 
26.5908462, 0.0154421, , , , , , , 26.5908462, -0.0082246, , , , , , , 26.5908462, -0.0077211, , , , , , , 26.5908462, -0.0028534, , , , , , , , , , , , , , , , , , , , , , , , , , , , 
26.5913654, 0.0132601, , , , , , , 26.5913654, -0.010071, , , , , , , 26.5913654, -0.0068818, , , , , , , 26.5913654, 0.0018463, , , , , , , , , , , , , , , , , , , , , , , , , , , , 
26.5918846, 0.0092317, , , , , , , 26.5918846, -0.0112459, , , , , , , 26.5918846, -0.005539, , , , , , , 26.5918846, 0.0058747, , , , , , , , , , , , , , , , , , , , , , , , , , , , 
26.5924038, 0.0052033, , , , , , , 26.5924038, -0.0095674, , , , , , , 26.5924038, -0.0050355, , , , , , , 26.5924038, 0.0105745, , , , , , , , , , , , , , , , , , , , , , , , , , , , 
26.5929231, 0.0005035, , , , , , , 26.5929231, -0.0092317, , , , , , , 26.5929231, -0.005539, , , , , , , 26.5929231, 0.0172885, , , , , , , , , , , , , , , , , , , , , , , , , , , , 
26.5934423, -0.0041962, , , , , , , 26.5934423, -0.0075532, , , , , , , 26.5934423, -0.0048676, , , , , , , 26.5934423, 0.0231632, , , , , , , , , , , , , , , , , , , , , , , , , , , , 
26.5939615, -0.0082246, , , , , , , 26.5939615, -0.0072175, , , , , , , 26.5939615, -0.0041962, , , , , , , 26.5939615, 0.0276951, , , , , , , , , , , , , , , , , , , , , , , , , , , , 
26.5944808, -0.0115816, , , , , , , 26.5944808, -0.0065461, , , , , , , 26.5944808, -0.0028534, , , , , , , 26.5944808, 0.0310521, , , , , , , , , , , , , , , , , , , , , , , , , , , , 
26.595, -0.0129244, , , , , , , 26.595, -0.0068818, , , , , , , 26.595, -0.002182, , , , , , , 26.595, 0.0345769, , , , , , , , , , , , , , , , , , , , , , , , , , , , 
26.5955192, -0.0125887, , , , , , , 26.5955192, -0.0082246, , , , , , , 26.5955192, -0.002182, , , , , , , 26.5955192, 0.0364233, , , , , , , , , , , , , , , , , , , , , , , , , , , , 
26.5960385, -0.0082246, , , , , , , 26.5960385, -0.008896, , , , , , , 26.5960385, -0.0025177, , , , , , , 26.5960385, 0.0360876, , , , , , , , , , , , , , , , , , , , , , , , , , , , 
26.5965577, -0.0008392, , , , , , , 26.5965577, -0.0095674, , , , , , , 26.5965577, -0.0030213, , , , , , , 26.5965577, 0.0317235, , , , , , , , , , , , , , , , , , , , , , , , , , , , 
26.5970769, 0.0053712, , , , , , , 26.5970769, -0.0099031, , , , , , , 26.5970769, -0.0041962, , , , , , , 26.5970769, 0.0243381, , , , , , , , , , , , , , , , , , , , , , , , , , , , 
26.5975962, 0.0075532, , , , , , , 26.5975962, -0.0082246, , , , , , , 26.5975962, -0.0045319, , , , , , , 26.5975962, 0.0191348, , , , , , , , , , , , , , , , , , , , , , , , , , , , 
26.5981154, 0.0085603, , , , , , , 26.5981154, -0.0062104, , , , , , , 26.5981154, -0.005539, , , , , , , 26.5981154, 0.0159457, , , , , , , , , , , , , , , , , , , , , , , , , , , , 
26.5986346, 0.0102388, , , , , , , 26.5986346, -0.005539, , , , , , , 26.5986346, -0.0065461, , , , , , , 26.5986346, 0.0129244, , , , , , , , , , , , , , , , , , , , , , , , , , , , 
26.5991538, 0.0104067, , , , , , , 26.5991538, -0.005539, , , , , , , 26.5991538, -0.0078889, , , , , , , 26.5991538, 0.0137636, , , , , , , , , , , , , , , , , , , , , , , , , , , , 
26.5996731, 0.0135958, , , , , , , 26.5996731, -0.0058747, , , , , , , 26.5996731, -0.008896, , , , , , , 26.5996731, 0.0132601, , , , , , , , , , , , , , , , , , , , , , , , , , , , 
26.6001923, 0.0159457, , , , , , , 26.6001923, -0.0078889, , , , , , , 26.6001923, -0.0083925, , , , , , , 26.6001923, 0.0082246, , , , , , , , , , , , , , , , , , , , , , , , , , , , 
26.6007115, 0.0159457, , , , , , , 26.6007115, -0.0092317, , , , , , , 26.6007115, -0.0085603, , , , , , , 26.6007115, 0.0038605, , , , , , , , , , , , , , , , , , , , , , , , , , , , 
26.6012308, 0.0169528, , , , , , , 26.6012308, -0.0078889, , , , , , , 26.6012308, -0.0105745, , , , , , , 26.6012308, 0.0025177, , , , , , , , , , , , , , , , , , , , , , , , , , , , 
26.60175, 0.018967, , , , , , , 26.60175, -0.0075532, , , , , , , 26.60175, -0.0125887, , , , , , , 26.60175, 0.0048676, , , , , , , , , , , , , , , , , , , , , , , , , , , , 
26.6022692, 0.0179599, , , , , , , 26.6022692, -0.0092317, , , , , , , 26.6022692, -0.0117494, , , , , , , 26.6022692, 0.0052033, , , , , , , , , , , , , , , , , , , , , , , , , , , , 
26.6027885, 0.0146029, , , , , , , 26.6027885, -0.0095674, , , , , , , 26.6027885, -0.0095674, , , , , , , 26.6027885, 0.0035248, , , , , , , , , , , , , , , , , , , , , , , , , , , , 
26.6033077, 0.0085603, , , , , , , 26.6033077, -0.0102388, , , , , , , 26.6033077, -0.0095674, , , , , , , 26.6033077, 0.0038605, , , , , , , , , , , , , , , , , , , , , , , , , , , , 
26.6038269, 0.0065461, , , , , , , 26.6038269, -0.0099031, , , , , , , 26.6038269, -0.0085603, , , , , , , 26.6038269, 0.005539, , , , , , , , , , , , , , , , , , , , , , , , , , , , 
26.6043462, 0.0092317, , , , , , , 26.6043462, -0.008896, , , , , , , 26.6043462, -0.0068818, , , , , , , 26.6043462, 0.0062104, , , , , , , , , , , , , , , , , , , , , , , , , , , , 
26.6048654, 0.0119173, , , , , , , 26.6048654, -0.008896, , , , , , , 26.6048654, -0.0075532, , , , , , , 26.6048654, 0.0102388, , , , , , , , , , , , , , , , , , , , , , , , , , , , 
26.6053846, 0.0125887, , , , , , , 26.6053846, -0.0062104, , , , , , , 26.6053846, -0.0065461, , , , , , , 26.6053846, 0.0139315, , , , , , , , , , , , , , , , , , , , , , , , , , , , 
26.6059038, 0.0162814, , , , , , , 26.6059038, -0.005539, , , , , , , 26.6059038, -0.005539, , , , , , , 26.6059038, 0.0109102, , , , , , , , , , , , , , , , , , , , , , , , , , , , 
26.6064231, 0.0226596, , , , , , , 26.6064231, -0.0078889, , , , , , , 26.6064231, -0.0070497, , , , , , , 26.6064231, 0.0046998, , , , , , , , , , , , , , , , , , , , , , , , , , , , 
26.6069423, 0.0280308, , , , , , , 26.6069423, -0.0085603, , , , , , , 26.6069423, -0.0095674, , , , , , , 26.6069423, -0.0015106, , , , , , , , , , , , , , , , , , , , , , , , , , , , 
26.6074615, 0.0323949, , , , , , , 26.6074615, -0.0072175, , , , , , , 26.6074615, -0.0119173, , , , , , , 26.6074615, -0.0058747, , , , , , , , , , , , , , , , , , , , , , , , , , , , 
26.6079808, 0.0357519, , , , , , , 26.6079808, -0.0068818, , , , , , , 26.6079808, -0.0149386, , , , , , , 26.6079808, -0.0092317, , , , , , , , , , , , , , , , , , , , , , , , , , , , 
26.6085, 0.040116, , , , , , , 26.6085, -0.0075532, , , , , , , 26.6085, -0.0152743, , , , , , , 26.6085, -0.0095674, , , , , , , , , , , , , , , , , , , , , , , , , , , , 
26.6090192, 0.0399481, , , , , , , 26.6090192, -0.0062104, , , , , , , 26.6090192, -0.012253, , , , , , , 26.6090192, -0.0065461, , , , , , , , , , , , , , , , , , , , , , , , , , , , 
26.6095385, 0.0340734, , , , , , , 26.6095385, -0.0036927, , , , , , , 26.6095385, -0.0095674, , , , , , , 26.6095385, -0.0003357, , , , , , , , , , , , , , , , , , , , , , , , , , , , 
26.6100577, 0.0256809, , , , , , , 26.6100577, -0.0031891, , , , , , , 26.6100577, -0.0102388, , , , , , , 26.6100577, 0.0038605, , , , , , , , , , , , , , , , , , , , , , , , , , , , 
26.6105769, 0.0186313, , , , , , , 26.6105769, -0.005539, , , , , , , 26.6105769, -0.0129244, , , , , , , 26.6105769, 0.0082246, , , , , , , , , , , , , , , , , , , , , , , , , , , , 
26.6110962, 0.0119173, , , , , , , 26.6110962, -0.0082246, , , , , , , 26.6110962, -0.0124208, , , , , , , 26.6110962, 0.0139315, , , , , , , , , , , , , , , , , , , , , , , , , , , , 
26.6116154, 0.0075532, , , , , , , 26.6116154, -0.0095674, , , , , , , 26.6116154, -0.0105745, , , , , , , 26.6116154, 0.0176242, , , , , , , , , , , , , , , , , , , , , , , , , , , , 
26.6121346, 0.0063783, , , , , , , 26.6121346, -0.0099031, , , , , , , 26.6121346, -0.0092317, , , , , , , 26.6121346, 0.021149, , , , , , , , , , , , , , , , , , , , , , , , , , , , 
26.6126538, 0.0025177, , , , , , , 26.6126538, -0.008896, , , , , , , 26.6126538, -0.0090639, , , , , , , 26.6126538, 0.0273594, , , , , , , , , , , , , , , , , , , , , , , , , , , , 
26.6131731, -0.0028534, , , , , , , 26.6131731, -0.0068818, , , , , , , 26.6131731, -0.008896, , , , , , , 26.6131731, 0.0337377, , , , , , , , , , , , , , , , , , , , , , , , , , , , 
26.6136923, -0.0083925, , , , , , , 26.6136923, -0.0038605, , , , , , , 26.6136923, -0.0078889, , , , , , , 26.6136923, 0.0372625, , , , , , , , , , , , , , , , , , , , , , , , , , , , 
26.6142115, -0.0095674, , , , , , , 26.6142115, -0.0015106, , , , , , , 26.6142115, -0.005539, , , , , , , 26.6142115, 0.0411231, , , , , , , , , , , , , , , , , , , , , , , , , , , , 
26.6147308, -0.0099031, , , , , , , 26.6147308, -0.0008392, , , , , , , 26.6147308, -0.0031891, , , , , , , 26.6147308, 0.0448157, , , , , , , , , , , , , , , , , , , , , , , , , , , , 
26.61525, -0.014435, , , , , , , 26.61525, -0.0011749, , , , , , , 26.61525, -0.0038605, , , , , , , 26.61525, 0.0466621, , , , , , , , , , , , , , , , , , , , , , , , , , , , 
26.6157692, -0.0149386, , , , , , , 26.6157692, -0.0008392, , , , , , , 26.6157692, -0.0045319, , , , , , , 26.6157692, 0.0451514, , , , , , , , , , , , , , , , , , , , , , , , , , , , 
26.6162885, -0.0082246, , , , , , , 26.6162885, -0.0028534, , , , , , , 26.6162885, -0.0020142, , , , , , , 26.6162885, 0.040116, , , , , , , , , , , , , , , , , , , , , , , , , , , , 
26.6168077, -0.0035248, , , , , , , 26.6168077, -0.0058747, , , , , , , 26.6168077, 0.002182, , , , , , , 26.6168077, 0.0339055, , , , , , , , , , , , , , , , , , , , , , , , , , , , 
26.6173269, -0.0025177, , , , , , , 26.6173269, -0.0080568, , , , , , , 26.6173269, 0.0011749, , , , , , , 26.6173269, 0.0276951, , , , , , , , , , , , , , , , , , , , , , , , , , , , 
26.6178462, -0.0041962, , , , , , , 26.6178462, -0.0070497, , , , , , , 26.6178462, -0.0041962, , , , , , , 26.6178462, 0.0226596, , , , , , , , , , , , , , , , , , , , , , , , , , , , 
26.6183654, -0.0048676, , , , , , , 26.6183654, -0.0062104, , , , , , , 26.6183654, -0.0058747, , , , , , , 26.6183654, 0.0199741, , , , , , , , , , , , , , , , , , , , , , , , , , , , 
26.6188846, 0.0030213, , , , , , , 26.6188846, -0.0041962, , , , , , , 26.6188846, -0.005539, , , , , , , 26.6188846, 0.0182956, , , , , , , , , , , , , , , , , , , , , , , , , , , , 
26.6194038, 0.0125887, , , , , , , 26.6194038, -0.0025177, , , , , , , 26.6194038, -0.0063783, , , , , , , 26.6194038, 0.0152743, , , , , , , , , , , , , , , , , , , , , , , , , , , , 
26.6199231, 0.0157778, , , , , , , 26.6199231, -0.0045319, , , , , , , 26.6199231, -0.0062104, , , , , , , 26.6199231, 0.0137636, , , , , , , , , , , , , , , , , , , , , , , , , , , , 
26.6204423, 0.01561, , , , , , , 26.6204423, -0.0068818, , , , , , , 26.6204423, -0.0058747, , , , , , , 26.6204423, 0.0132601, , , , , , , , , , , , , , , , , , , , , , , , , , , , 
26.6209615, 0.0162814, , , , , , , 26.6209615, -0.0082246, , , , , , , 26.6209615, -0.0065461, , , , , , , 26.6209615, 0.0112459, , , , , , , , , , , , , , , , , , , , , , , , , , , , 
26.6214808, 0.0169528, , , , , , , 26.6214808, -0.0082246, , , , , , , 26.6214808, -0.0065461, , , , , , , 26.6214808, 0.0095674, , , , , , , , , , , , , , , , , , , , , , , , , , , , 
26.622, 0.0159457, , , , , , , 26.622, -0.0082246, , , , , , , 26.622, -0.0058747, , , , , , , 26.622, 0.0092317, , , , , , , , , , , , , , , , , , , , , , , , , , , , 
26.6225192, 0.0139315, , , , , , , 26.6225192, -0.0075532, , , , , , , 26.6225192, -0.0057069, , , , , , , 26.6225192, 0.0078889, , , , , , , , , , , , , , , , , , , , , , , , , , , , 
26.6230385, 0.0105745, , , , , , , 26.6230385, -0.0082246, , , , , , , 26.6230385, -0.0048676, , , , , , , 26.6230385, 0.0052033, , , , , , , , , , , , , , , , , , , , , , , , , , , , 
26.6235577, 0.0078889, , , , , , , 26.6235577, -0.0083925, , , , , , , 26.6235577, -0.005539, , , , , , , 26.6235577, 0.002182, , , , , , , , , , , , , , , , , , , , , , , , , , , , 
26.6240769, 0.0075532, , , , , , , 26.6240769, -0.0068818, , , , , , , 26.6240769, -0.0068818, , , , , , , 26.6240769, -0.0005035, , , , , , , , , , , , , , , , , , , , , , , , , , , , 
26.6245962, 0.0092317, , , , , , , 26.6245962, -0.0085603, , , , , , , 26.6245962, -0.0077211, , , , , , , 26.6245962, -0.0015106, , , , , , , , , , , , , , , , , , , , , , , , , , , , 
26.6251154, 0.0105745, , , , , , , 26.6251154, -0.012253, , , , , , , 26.6251154, -0.0085603, , , , , , , 26.6251154, 0.0018463, , , , , , , , , , , , , , , , , , , , , , , , , , , , 
26.6256346, 0.0135958, , , , , , , 26.6256346, -0.0149386, , , , , , , 26.6256346, -0.008896, , , , , , , 26.6256346, 0.0028534, , , , , , , , , , , , , , , , , , , , , , , , , , , , 
26.6261538, 0.018967, , , , , , , 26.6261538, -0.0135958, , , , , , , 26.6261538, -0.0092317, , , , , , , 26.6261538, -0.002182, , , , , , , , , , , , , , , , , , , , , , , , , , , , 
26.6266731, 0.0273594, , , , , , , 26.6266731, -0.0114137, , , , , , , 26.6266731, -0.0099031, , , , , , , 26.6266731, -0.0085603, , , , , , , , , , , , , , , , , , , , , , , , , , , , 
26.6271923, 0.0320592, , , , , , , 26.6271923, -0.0092317, , , , , , , 26.6271923, -0.0109102, , , , , , , 26.6271923, -0.012253, , , , , , , , , , , , , , , , , , , , , , , , , , , , 
26.6277115, 0.0327306, , , , , , , 26.6277115, -0.0075532, , , , , , , 26.6277115, -0.0105745, , , , , , , 26.6277115, -0.0132601, , , , , , , , , , , , , , , , , , , , , , , , , , , , 
26.6282308, 0.0325628, , , , , , , 26.6282308, -0.0065461, , , , , , , 26.6282308, -0.008896, , , , , , , 26.6282308, -0.012253, , , , , , , , , , , , , , , , , , , , , , , , , , , , 
26.62875, 0.0320592, , , , , , , 26.62875, -0.0075532, , , , , , , 26.62875, -0.0083925, , , , , , , 26.62875, -0.0102388, , , , , , , , , , , , , , , , , , , , , , , , , , , , 
26.6292692, 0.0293736, , , , , , , 26.6292692, -0.0083925, , , , , , , 26.6292692, -0.0085603, , , , , , , 26.6292692, -0.008896, , , , , , , , , , , , , , , , , , , , , , , , , , , , 
26.6297885, 0.0280308, , , , , , , 26.6297885, -0.008896, , , , , , , 26.6297885, -0.0083925, , , , , , , 26.6297885, -0.008896, , , , , , , , , , , , , , , , , , , , , , , , , , , , 
26.6303077, 0.0234989, , , , , , , 26.6303077, -0.0092317, , , , , , , 26.6303077, -0.0082246, , , , , , , 26.6303077, -0.0058747, , , , , , , , , , , , , , , , , , , , , , , , , , , , 
26.6308269, 0.0159457, , , , , , , 26.6308269, -0.0068818, , , , , , , 26.6308269, -0.0082246, , , , , , , 26.6308269, -0.002182, , , , , , , , , , , , , , , , , , , , , , , , , , , , 
26.6313462, 0.012253, , , , , , , 26.6313462, -0.0048676, , , , , , , 26.6313462, -0.008896, , , , , , , 26.6313462, 0.0008392, , , , , , , , , , , , , , , , , , , , , , , , , , , , 
26.6318654, 0.0092317, , , , , , , 26.6318654, -0.005539, , , , , , , 26.6318654, -0.008896, , , , , , , 26.6318654, 0.0065461, , , , , , , , , , , , , , , , , , , , , , , , , , , , 
26.6323846, 0.0045319, , , , , , , 26.6323846, -0.0060426, , , , , , , 26.6323846, -0.0052033, , , , , , , 26.6323846, 0.0132601, , , , , , , , , , , , , , , , , , , , , , , , , , , , 
26.6329038, 0.0025177, , , , , , , 26.6329038, -0.0070497, , , , , , , 26.6329038, -0.0041962, , , , , , , 26.6329038, 0.0199741, , , , , , , , , , , , , , , , , , , , , , , , , , , , 
26.6334231, 0.0011749, , , , , , , 26.6334231, -0.008896, , , , , , , 26.6334231, -0.005539, , , , , , , 26.6334231, 0.0273594, , , , , , , , , , , , , , , , , , , , , , , , , , , , 
26.6339423, -0.0001678, , , , , , , 26.6339423, -0.0095674, , , , , , , 26.6339423, -0.0065461, , , , , , , 26.6339423, 0.0310521, , , , , , , , , , , , , , , , , , , , , , , , , , , , 
26.6344615, -0.0023499, , , , , , , 26.6344615, -0.0090639, , , , , , , 26.6344615, -0.0048676, , , , , , , 26.6344615, 0.030045, , , , , , , , , , , , , , , , , , , , , , , , , , , , 
26.6349808, -0.0045319, , , , , , , 26.6349808, -0.008896, , , , , , , 26.6349808, -0.0030213, , , , , , , 26.6349808, 0.0297093, , , , , , , , , , , , , , , , , , , , , , , , , , , , 
26.6355, -0.0063783, , , , , , , 26.6355, -0.0087282, , , , , , , 26.6355, -0.0038605, , , , , , , 26.6355, 0.0323949, , , , , , , , , , , , , , , , , , , , , , , , , , , , 
26.6360192, -0.008896, , , , , , , 26.6360192, -0.0068818, , , , , , , 26.6360192, -0.005539, , , , , , , 26.6360192, 0.0332341, , , , , , , , , , , , , , , , , , , , , , , , , , , , 
26.6365385, -0.005539, , , , , , , 26.6365385, -0.0070497, , , , , , , 26.6365385, -0.0062104, , , , , , , 26.6365385, 0.0293736, , , , , , , , , , , , , , , , , , , , , , , , , , , , 
26.6370577, 0.0018463, , , , , , , 26.6370577, -0.0075532, , , , , , , 26.6370577, -0.0075532, , , , , , , 26.6370577, 0.0219883, , , , , , , , , , , , , , , , , , , , , , , , , , , , 
26.6375769, 0.0048676, , , , , , , 26.6375769, -0.0082246, , , , , , , 26.6375769, -0.0095674, , , , , , , 26.6375769, 0.0179599, , , , , , , , , , , , , , , , , , , , , , , , , , , , 
26.6380962, 0.0062104, , , , , , , 26.6380962, -0.0078889, , , , , , , 26.6380962, -0.0112459, , , , , , , 26.6380962, 0.0152743, , , , , , , , , , , , , , , , , , , , , , , , , , , , 
26.6386154, 0.0095674, , , , , , , 26.6386154, -0.0083925, , , , , , , 26.6386154, -0.0115816, , , , , , , 26.6386154, 0.0130922, , , , , , , , , , , , , , , , , , , , , , , , , , , , 
26.6391346, 0.0142672, , , , , , , 26.6391346, -0.0090639, , , , , , , 26.6391346, -0.0119173, , , , , , , 26.6391346, 0.011078, , , , , , , , , , , , , , , , , , , , , , , , , , , , 
26.6396538, 0.0162814, , , , , , , 26.6396538, -0.0102388, , , , , , , 26.6396538, -0.0146029, , , , , , , 26.6396538, 0.0072175, , , , , , , , , , , , , , , , , , , , , , , , , , , , 
26.6401731, 0.0146029, , , , , , , 26.6401731, -0.0105745, , , , , , , 26.6401731, -0.0157778, , , , , , , 26.6401731, 0.0025177, , , , , , , , , , , , , , , , , , , , , , , , , , , , 
26.6406923, 0.0139315, , , , , , , 26.6406923, -0.0109102, , , , , , , 26.6406923, -0.0139315, , , , , , , 26.6406923, 0.0008392, , , , , , , , , , , , , , , , , , , , , , , , , , , , 
26.6412115, 0.0199741, , , , , , , 26.6412115, -0.0109102, , , , , , , 26.6412115, -0.0112459, , , , , , , 26.6412115, 0.0030213, , , , , , , , , , , , , , , , , , , , , , , , , , , , 
26.6417308, 0.0263523, , , , , , , 26.6417308, -0.0102388, , , , , , , 26.6417308, -0.0092317, , , , , , , 26.6417308, 0.0045319, , , , , , , , , , , , , , , , , , , , , , , , , , , , 
26.64225, 0.023331, , , , , , , 26.64225, -0.0104067, , , , , , , 26.64225, -0.0072175, , , , , , , 26.64225, 0.0083925, , , , , , , , , , , , , , , , , , , , , , , , , , , , 
26.6427692, 0.0213169, , , , , , , 26.6427692, -0.0115816, , , , , , , 26.6427692, -0.0068818, , , , , , , 26.6427692, 0.0124208, , , , , , , , , , , , , , , , , , , , , , , , , , , , 
26.6432885, 0.0246738, , , , , , , 26.6432885, -0.0109102, , , , , , , 26.6432885, -0.0068818, , , , , , , 26.6432885, 0.0125887, , , , , , , , , , , , , , , , , , , , , , , , , , , , 
26.6438077, 0.0240024, , , , , , , 26.6438077, -0.008896, , , , , , , 26.6438077, -0.0068818, , , , , , , 26.6438077, 0.0139315, , , , , , , , , , , , , , , , , , , , , , , , , , , , 
26.6443269, 0.0219883, , , , , , , 26.6443269, -0.0102388, , , , , , , 26.6443269, -0.0077211, , , , , , , 26.6443269, 0.0171206, , , , , , , , , , , , , , , , , , , , , , , , , , , , 
26.6448462, 0.0219883, , , , , , , 26.6448462, -0.012253, , , , , , , 26.6448462, -0.0092317, , , , , , , 26.6448462, 0.0166171, , , , , , , , , , , , , , , , , , , , , , , , , , , , 
26.6453654, 0.0273594, , , , , , , 26.6453654, -0.012253, , , , , , , 26.6453654, -0.0068818, , , , , , , 26.6453654, 0.0166171, , , , , , , , , , , , , , , , , , , , , , , , , , , , 
26.6458846, 0.0340734, , , , , , , 26.6458846, -0.012253, , , , , , , 26.6458846, -0.0043641, , , , , , , 26.6458846, 0.0162814, , , , , , , , , , , , , , , , , , , , , , , , , , , , 
26.6464038, 0.0407874, , , , , , , 26.6464038, -0.0109102, , , , , , , 26.6464038, -0.0058747, , , , , , , 26.6464038, 0.0083925, , , , , , , , , , , , , , , , , , , , , , , , , , , , 
26.6469231, 0.0421302, , , , , , , 26.6469231, -0.0082246, , , , , , , 26.6469231, -0.0082246, , , , , , , 26.6469231, 0.0005035, , , , , , , , , , , , , , , , , , , , , , , , , , , , 
26.6474423, 0.040116, , , , , , , 26.6474423, -0.0070497, , , , , , , 26.6474423, -0.0104067, , , , , , , 26.6474423, -0.0038605, , , , , , , , , , , , , , , , , , , , , , , , , , , , 
26.6479615, 0.0407874, , , , , , , 26.6479615, -0.0068818, , , , , , , 26.6479615, -0.0125887, , , , , , , 26.6479615, -0.0068818, , , , , , , , , , , , , , , , , , , , , , , , , , , , 
26.6484808, 0.0448157, , , , , , , 26.6484808, -0.0075532, , , , , , , 26.6484808, -0.012253, , , , , , , 26.6484808, -0.0095674, , , , , , , , , , , , , , , , , , , , , , , , , , , , 
26.649, 0.0485084, , , , , , , 26.649, -0.0082246, , , , , , , 26.649, -0.0115816, , , , , , , 26.649, -0.008896, , , , , , , , , , , , , , , , , , , , , , , , , , , , 
26.6495192, 0.043473, , , , , , , 26.6495192, -0.008896, , , , , , , 26.6495192, -0.0129244, , , , , , , 26.6495192, -0.0041962, , , , , , , , , , , , , , , , , , , , , , , , , , , , 
26.6500385, 0.0340734, , , , , , , 26.6500385, -0.0082246, , , , , , , 26.6500385, -0.0137636, , , , , , , 26.6500385, 0.002182, , , , , , , , , , , , , , , , , , , , , , , , , , , , 
26.6505577, 0.0298772, , , , , , , 26.6505577, -0.0063783, , , , , , , 26.6505577, -0.0115816, , , , , , , 26.6505577, 0.0063783, , , , , , , , , , , , , , , , , , , , , , , , , , , , 
26.6510769, 0.0275273, , , , , , , 26.6510769, -0.0057069, , , , , , , 26.6510769, -0.0092317, , , , , , , 26.6510769, 0.0075532, , , , , , , , , , , , , , , , , , , , , , , , , , , , 
26.6515962, 0.0229953, , , , , , , 26.6515962, -0.0072175, , , , , , , 26.6515962, -0.008896, , , , , , , 26.6515962, 0.0092317, , , , , , , , , , , , , , , , , , , , , , , , , , , , 
26.6521154, 0.0186313, , , , , , , 26.6521154, -0.0062104, , , , , , , 26.6521154, -0.0112459, , , , , , , 26.6521154, 0.0105745, , , , , , , , , , , , , , , , , , , , , , , , , , , , 
26.6526346, 0.0142672, , , , , , , 26.6526346, -0.0048676, , , , , , , 26.6526346, -0.0115816, , , , , , , 26.6526346, 0.0142672, , , , , , , , , , , , , , , , , , , , , , , , , , , , 
26.6531538, 0.0099031, , , , , , , 26.6531538, -0.0036927, , , , , , , 26.6531538, -0.011078, , , , , , , 26.6531538, 0.0209812, , , , , , , , , , , , , , , , , , , , , , , , , , , , 
26.6536731, 0.008896, , , , , , , 26.6536731, -0.0028534, , , , , , , 26.6536731, -0.0114137, , , , , , , 26.6536731, 0.0263523, , , , , , , , , , , , , , , , , , , , , , , , , , , , 
26.6541923, 0.0070497, , , , , , , 26.6541923, -0.0035248, , , , , , , 26.6541923, -0.0092317, , , , , , , 26.6541923, 0.0297093, , , , , , , , , , , , , , , , , , , , , , , , , , , , 
26.6547115, 0.002182, , , , , , , 26.6547115, -0.0048676, , , , , , , 26.6547115, -0.0050355, , , , , , , 26.6547115, 0.0357519, , , , , , , , , , , , , , , , , , , , , , , , , , , , 
26.6552308, -0.0041962, , , , , , , 26.6552308, -0.005539, , , , , , , 26.6552308, -0.0035248, , , , , , , 26.6552308, 0.0397803, , , , , , , , , , , , , , , , , , , , , , , , , , , , 
26.65575, -0.0082246, , , , , , , 26.65575, -0.0038605, , , , , , , 26.65575, -0.0036927, , , , , , , 26.65575, 0.0399481, , , , , , , , , , , , , , , , , , , , , , , , , , , , 
26.6562692, -0.0085603, , , , , , , 26.6562692, -0.0028534, , , , , , , 26.6562692, -0.0036927, , , , , , , 26.6562692, 0.0374304, , , , , , , , , , , , , , , , , , , , , , , , , , , , 
26.6567885, -0.0028534, , , , , , , 26.6567885, -0.0041962, , , , , , , 26.6567885, -0.0041962, , , , , , , 26.6567885, 0.0303807, , , , , , , , , , , , , , , , , , , , , , , , , , , , 
26.6573077, -0.0001678, , , , , , , 26.6573077, -0.0065461, , , , , , , 26.6573077, -0.0068818, , , , , , , 26.6573077, 0.0236667, , , , , , , , , , , , , , , , , , , , , , , , , , , , 
26.6578269, -0.0010071, , , , , , , 26.6578269, -0.0078889, , , , , , , 26.6578269, -0.008896, , , , , , , 26.6578269, 0.0218204, , , , , , , , , , , , , , , , , , , , , , , , , , , , 
26.6583462, 0.0010071, , , , , , , 26.6583462, -0.0082246, , , , , , , 26.6583462, -0.0099031, , , , , , , 26.6583462, 0.0216526, , , , , , , , , , , , , , , , , , , , , , , , , , , , 
26.6588654, 0.0040284, , , , , , , 26.6588654, -0.0072175, , , , , , , 26.6588654, -0.0087282, , , , , , , 26.6588654, 0.018967, , , , , , , , , , , , , , , , , , , , , , , , , , , , 
26.6593846, 0.0065461, , , , , , , 26.6593846, -0.0065461, , , , , , , 26.6593846, -0.0068818, , , , , , , 26.6593846, 0.0146029, , , , , , , , , , , , , , , , , , , , , , , , , , , , 
26.6599038, 0.0102388, , , , , , , 26.6599038, -0.0085603, , , , , , , 26.6599038, -0.0065461, , , , , , , 26.6599038, 0.0104067, , , , , , , , , , , , , , , , , , , , , , , , , , , , 
26.6604231, 0.0125887, , , , , , , 26.6604231, -0.0092317, , , , , , , 26.6604231, -0.005539, , , , , , , 26.6604231, 0.0092317, , , , , , , , , , , , , , , , , , , , , , , , , , , , 
26.6609423, 0.0129244, , , , , , , 26.6609423, -0.0082246, , , , , , , 26.6609423, -0.0031891, , , , , , , 26.6609423, 0.0092317, , , , , , , , , , , , , , , , , , , , , , , , , , , , 
26.6614615, 0.0164492, , , , , , , 26.6614615, -0.008896, , , , , , , 26.6614615, -0.0015106, , , , , , , 26.6614615, 0.0072175, , , , , , , , , , , , , , , , , , , , , , , , , , , , 
26.6619808, 0.0260166, , , , , , , 26.6619808, -0.0112459, , , , , , , 26.6619808, -0.0016785, , , , , , , 26.6619808, 0.0026856, , , , , , , , , , , , , , , , , , , , , , , , , , , , 
26.6625, 0.0313878, , , , , , , 26.6625, -0.0105745, , , , , , , 26.6625, -0.0062104, , , , , , , 26.6625, 0.0005035, , , , , , , , , , , , , , , , , , , , , , , , , , , , 
26.6630192, 0.0283665, , , , , , , 26.6630192, -0.0095674, , , , , , , 26.6630192, -0.008896, , , , , , , 26.6630192, 0.0005035, , , , , , , , , , , , , , , , , , , , , , , , , , , , 
26.6635385, 0.0213169, , , , , , , 26.6635385, -0.0085603, , , , , , , 26.6635385, -0.0095674, , , , , , , 26.6635385, 0.0008392, , , , , , , , , , , , , , , , , , , , , , , , , , , , 
26.6640577, 0.0176242, , , , , , , 26.6640577, -0.0075532, , , , , , , 26.6640577, -0.0109102, , , , , , , 26.6640577, 0.0010071, , , , , , , , , , , , , , , , , , , , , , , , , , , , 
26.6645769, 0.0196384, , , , , , , 26.6645769, -0.0068818, , , , , , , 26.6645769, -0.008896, , , , , , , 26.6645769, 0.0025177, , , , , , , , , , , , , , , , , , , , , , , , , , , , 
26.6650962, 0.0213169, , , , , , , 26.6650962, -0.0075532, , , , , , , 26.6650962, -0.0048676, , , , , , , 26.6650962, 0.0065461, , , , , , , , , , , , , , , , , , , , , , , , , , , , 
26.6656154, 0.0209812, , , , , , , 26.6656154, -0.008896, , , , , , , 26.6656154, -0.002182, , , , , , , 26.6656154, 0.0095674, , , , , , , , , , , , , , , , , , , , , , , , , , , , 
26.6661346, 0.0203098, , , , , , , 26.6661346, -0.0095674, , , , , , , 26.6661346, -0.0035248, , , , , , , 26.6661346, 0.0078889, , , , , , , , , , , , , , , , , , , , , , , , , , , , 
26.6666538, 0.0243381, , , , , , , 26.6666538, -0.0095674, , , , , , , 26.6666538, -0.0048676, , , , , , , 26.6666538, 0.0045319, , , , , , , , , , , , , , , , , , , , , , , , , , , , 
26.6671731, 0.0307164, , , , , , , 26.6671731, -0.008896, , , , , , , 26.6671731, -0.0068818, , , , , , , 26.6671731, 0.0005035, , , , , , , , , , , , , , , , , , , , , , , , , , , , 
26.6676923, 0.0320592, , , , , , , 26.6676923, -0.0075532, , , , , , , 26.6676923, -0.0092317, , , , , , , 26.6676923, -0.0020142, , , , , , , , , , , , , , , , , , , , , , , , , , , , 
26.6682115, 0.0271916, , , , , , , 26.6682115, -0.0085603, , , , , , , 26.6682115, -0.0102388, , , , , , , 26.6682115, -0.0001678, , , , , , , , , , , , , , , , , , , , , , , , , , , , 
26.6687308, 0.0265202, , , , , , , 26.6687308, -0.0095674, , , , , , , 26.6687308, -0.0119173, , , , , , , 26.6687308, -0.0005035, , , , , , , , , , , , , , , , , , , , , , , , , , , , 
26.66925, 0.026688, , , , , , , 26.66925, -0.0082246, , , , , , , 26.66925, -0.012253, , , , , , , 26.66925, -0.0041962, , , , , , , , , , , , , , , , , , , , , , , , , , , , 
26.6697692, 0.0260166, , , , , , , 26.6697692, -0.0052033, , , , , , , 26.6697692, -0.0112459, , , , , , , 26.6697692, -0.0041962, , , , , , , , , , , , , , , , , , , , , , , , , , , , 
26.6702885, 0.0303807, , , , , , , 26.6702885, -0.0041962, , , , , , , 26.6702885, -0.0119173, , , , , , , 26.6702885, -0.0001678, , , , , , , , , , , , , , , , , , , , , , , , , , , , 
26.6708077, 0.0265202, , , , , , , 26.6708077, -0.0028534, , , , , , , 26.6708077, -0.0129244, , , , , , , 26.6708077, 0.0048676, , , , , , , , , , , , , , , , , , , , , , , , , , , , 
26.6713269, 0.0179599, , , , , , , 26.6713269, -0.0028534, , , , , , , 26.6713269, -0.0135958, , , , , , , 26.6713269, 0.0082246, , , , , , , , , , , , , , , , , , , , , , , , , , , , 
26.6718462, 0.0139315, , , , , , , 26.6718462, -0.0025177, , , , , , , 26.6718462, -0.0135958, , , , , , , 26.6718462, 0.0115816, , , , , , , , , , , , , , , , , , , , , , , , , , , , 
26.6723654, 0.0082246, , , , , , , 26.6723654, -0.002182, , , , , , , 26.6723654, -0.012253, , , , , , , 26.6723654, 0.0166171, , , , , , , , , , , , , , , , , , , , , , , , , , , , 
26.6728846, -0.0011749, , , , , , , 26.6728846, -0.0028534, , , , , , , 26.6728846, -0.0095674, , , , , , , 26.6728846, 0.0219883, , , , , , , , , , , , , , , , , , , , , , , , , , , , 
26.6734038, -0.0068818, , , , , , , 26.6734038, -0.0031891, , , , , , , 26.6734038, -0.0072175, , , , , , , 26.6734038, 0.0265202, , , , , , , , , , , , , , , , , , , , , , , , , , , , 
26.6739231, -0.0109102, , , , , , , 26.6739231, -0.0045319, , , , , , , 26.6739231, -0.0058747, , , , , , , 26.6739231, 0.0320592, , , , , , , , , , , , , , , , , , , , , , , , , , , , 
26.6744423, -0.0135958, , , , , , , 26.6744423, -0.0050355, , , , , , , 26.6744423, -0.0063783, , , , , , , 26.6744423, 0.0374304, , , , , , , , , , , , , , , , , , , , , , , , , , , , 
26.6749615, -0.0135958, , , , , , , 26.6749615, -0.0058747, , , , , , , 26.6749615, -0.0072175, , , , , , , 26.6749615, 0.0394446, , , , , , , , , , , , , , , , , , , , , , , , , , , , 
26.6754808, -0.0164492, , , , , , , 26.6754808, -0.0082246, , , , , , , 26.6754808, -0.0057069, , , , , , , 26.6754808, 0.0387732, , , , , , , , , , , , , , , , , , , , , , , , , , , , 
26.676, -0.0198062, , , , , , , 26.676, -0.0082246, , , , , , , 26.676, -0.0036927, , , , , , , 26.676, 0.0359197, , , , , , , , , , , , , , , , , , , , , , , , , , , , 
26.6765192, -0.0193027, , , , , , , 26.6765192, -0.0090639, , , , , , , 26.6765192, -0.0038605, , , , , , , 26.6765192, 0.0313878, , , , , , , , , , , , , , , , , , , , , , , , , , , , 
26.6770385, -0.0152743, , , , , , , 26.6770385, -0.0102388, , , , , , , 26.6770385, -0.0041962, , , , , , , 26.6770385, 0.0260166, , , , , , , , , , , , , , , , , , , , , , , , , , , , 
26.6775577, -0.0063783, , , , , , , 26.6775577, -0.0092317, , , , , , , 26.6775577, -0.0057069, , , , , , , 26.6775577, 0.0240024, , , , , , , , , , , , , , , , , , , , , , , , , , , , 
26.6780769, 0.0031891, , , , , , , 26.6780769, -0.0077211, , , , , , , 26.6780769, -0.0057069, , , , , , , 26.6780769, 0.0213169, , , , , , , , , , , , , , , , , , , , , , , , , , , , 
26.6785962, 0.0102388, , , , , , , 26.6785962, -0.0072175, , , , , , , 26.6785962, -0.0070497, , , , , , , 26.6785962, 0.0199741, , , , , , , , , , , , , , , , , , , , , , , , , , , , 
26.6791154, 0.0109102, , , , , , , 26.6791154, -0.0068818, , , , , , , 26.6791154, -0.0082246, , , , , , , 26.6791154, 0.0193027, , , , , , , , , , , , , , , , , , , , , , , , , , , , 
26.6796346, 0.008896, , , , , , , 26.6796346, -0.005539, , , , , , , 26.6796346, -0.0072175, , , , , , , 26.6796346, 0.0172885, , , , , , , , , , , , , , , , , , , , , , , , , , , , 
26.6801538, 0.0065461, , , , , , , 26.6801538, -0.0062104, , , , , , , 26.6801538, -0.0070497, , , , , , , 26.6801538, 0.0146029, , , , , , , , , , , , , , , , , , , , , , , , , , , , 
26.6806731, 0.0072175, , , , , , , 26.6806731, -0.0092317, , , , , , , 26.6806731, -0.0085603, , , , , , , 26.6806731, 0.0105745, , , , , , , , , , , , , , , , , , , , , , , , , , , , 
26.6811923, 0.0115816, , , , , , , 26.6811923, -0.012253, , , , , , , 26.6811923, -0.0090639, , , , , , , 26.6811923, 0.0083925, , , , , , , , , , , , , , , , , , , , , , , , , , , , 
26.6817115, 0.01561, , , , , , , 26.6817115, -0.0135958, , , , , , , 26.6817115, -0.0099031, , , , , , , 26.6817115, 0.0112459, , , , , , , , , , , , , , , , , , , , , , , , , , , , 
26.6822308, 0.0206455, , , , , , , 26.6822308, -0.0130922, , , , , , , 26.6822308, -0.0095674, , , , , , , 26.6822308, 0.0146029, , , , , , , , , , , , , , , , , , , , , , , , , , , , 
26.68275, 0.0226596, , , , , , , 26.68275, -0.0132601, , , , , , , 26.68275, -0.0082246, , , , , , , 26.68275, 0.0146029, , , , , , , , , , , , , , , , , , , , , , , , , , , , 
26.6832692, 0.0219883, , , , , , , 26.6832692, -0.0117494, , , , , , , 26.6832692, -0.0078889, , , , , , , 26.6832692, 0.0112459, , , , , , , , , , , , , , , , , , , , , , , , , , , , 
26.6837885, 0.0226596, , , , , , , 26.6837885, -0.0095674, , , , , , , 26.6837885, -0.0062104, , , , , , , 26.6837885, 0.0087282, , , , , , , , , , , , , , , , , , , , , , , , , , , , 
26.6843077, 0.0162814, , , , , , , 26.6843077, -0.0092317, , , , , , , 26.6843077, -0.0062104, , , , , , , 26.6843077, 0.008896, , , , , , , , , , , , , , , , , , , , , , , , , , , , 
26.6848269, 0.0102388, , , , , , , 26.6848269, -0.0112459, , , , , , , 26.6848269, -0.0085603, , , , , , , 26.6848269, 0.0119173, , , , , , , , , , , , , , , , , , , , , , , , , , , , 
26.6853462, 0.0102388, , , , , , , 26.6853462, -0.011078, , , , , , , 26.6853462, -0.0095674, , , , , , , 26.6853462, 0.0132601, , , , , , , , , , , , , , , , , , , , , , , , , , , , 
26.6858654, 0.0146029, , , , , , , 26.6858654, -0.0085603, , , , , , , 26.6858654, -0.012253, , , , , , , 26.6858654, 0.0099031, , , , , , , , , , , , , , , , , , , , , , , , , , , , 
26.6863846, 0.0182956, , , , , , , 26.6863846, -0.0072175, , , , , , , 26.6863846, -0.0139315, , , , , , , 26.6863846, 0.0038605, , , , , , , , , , , , , , , , , , , , , , , , , , , , 
26.6869038, 0.0223239, , , , , , , 26.6869038, -0.0072175, , , , , , , 26.6869038, -0.0117494, , , , , , , 26.6869038, -0.0005035, , , , , , , , , , , , , , , , , , , , , , , , , , , , 
26.6874231, 0.0260166, , , , , , , 26.6874231, -0.0072175, , , , , , , 26.6874231, -0.0115816, , , , , , , 26.6874231, 0.0003357, , , , , , , , , , , , , , , , , , , , , , , , , , , , 
26.6879423, 0.026688, , , , , , , 26.6879423, -0.0083925, , , , , , , 26.6879423, -0.014435, , , , , , , 26.6879423, 0.0008392, , , , , , , , , , , , , , , , , , , , , , , , , , , , 
26.6884615, 0.0253452, , , , , , , 26.6884615, -0.0095674, , , , , , , 26.6884615, -0.0149386, , , , , , , 26.6884615, -0.0008392, , , , , , , , , , , , , , , , , , , , , , , , , , , , 
26.6889808, 0.024506, , , , , , , 26.6889808, -0.0075532, , , , , , , 26.6889808, -0.012253, , , , , , , 26.6889808, -0.002182, , , , , , , , , , , , , , , , , , , , , , , , , , , , 
26.6895, 0.0265202, , , , , , , 26.6895, -0.0048676, , , , , , , 26.6895, -0.0099031, , , , , , , 26.6895, 0.0018463, , , , , , , , , , , , , , , , , , , , , , , , , , , , 
26.6900192, 0.0253452, , , , , , , 26.6900192, -0.005539, , , , , , , 26.6900192, -0.0095674, , , , , , , 26.6900192, 0.0072175, , , , , , , , , , , , , , , , , , , , , , , , , , , , 
26.6905385, 0.0216526, , , , , , , 26.6905385, -0.0068818, , , , , , , 26.6905385, -0.0095674, , , , , , , 26.6905385, 0.0095674, , , , , , , , , , , , , , , , , , , , , , , , , , , , 
26.6910577, 0.0159457, , , , , , , 26.6910577, -0.0078889, , , , , , , 26.6910577, -0.0082246, , , , , , , 26.6910577, 0.0099031, , , , , , , , , , , , , , , , , , , , , , , , , , , , 
26.6915769, 0.0095674, , , , , , , 26.6915769, -0.0075532, , , , , , , 26.6915769, -0.0082246, , , , , , , 26.6915769, 0.0105745, , , , , , , , , , , , , , , , , , , , , , , , , , , , 
26.6920962, 0.0075532, , , , , , , 26.6920962, -0.0038605, , , , , , , 26.6920962, -0.0078889, , , , , , , 26.6920962, 0.0159457, , , , , , , , , , , , , , , , , , , , , , , , , , , , 
26.6926154, 0.0065461, , , , , , , 26.6926154, -0.0035248, , , , , , , 26.6926154, -0.0058747, , , , , , , 26.6926154, 0.0240024, , , , , , , , , , , , , , , , , , , , , , , , , , , , 
26.6931346, 0.0005035, , , , , , , 26.6931346, -0.0057069, , , , , , , 26.6931346, -0.0025177, , , , , , , 26.6931346, 0.0297093, , , , , , , , , , , , , , , , , , , , , , , , , , , , 
26.6936538, -0.0048676, , , , , , , 26.6936538, -0.0072175, , , , , , , 26.6936538, -0.0008392, , , , , , , 26.6936538, 0.0328985, , , , , , , , , , , , , , , , , , , , , , , , , , , , 
26.6941731, -0.0045319, , , , , , , 26.6941731, -0.0077211, , , , , , , 26.6941731, -0.0005035, , , , , , , 26.6941731, 0.0345769, , , , , , , , , , , , , , , , , , , , , , , , , , , , 
26.6946923, -0.0015106, , , , , , , 26.6946923, -0.0075532, , , , , , , 26.6946923, 0.0001678, , , , , , , 26.6946923, 0.036759, , , , , , , , , , , , , , , , , , , , , , , , , , , , 
26.6952115, -0.0018463, , , , , , , 26.6952115, -0.0062104, , , , , , , 26.6952115, 0.0011749, , , , , , , 26.6952115, 0.0394446, , , , , , , , , , , , , , , , , , , , , , , , , , , , 
26.6957308, -0.0075532, , , , , , , 26.6957308, -0.0057069, , , , , , , 26.6957308, 0.0011749, , , , , , , 26.6957308, 0.0396124, , , , , , , , , , , , , , , , , , , , , , , , , , , , 
26.69625, -0.0105745, , , , , , , 26.69625, -0.0072175, , , , , , , 26.69625, -0.0018463, , , , , , , 26.69625, 0.0360876, , , , , , , , , , , , , , , , , , , , , , , , , , , , 
26.6967692, -0.0097353, , , , , , , 26.6967692, -0.0075532, , , , , , , 26.6967692, -0.0031891, , , , , , , 26.6967692, 0.0290379, , , , , , , , , , , , , , , , , , , , , , , , , , , , 
26.6972885, -0.0050355, , , , , , , 26.6972885, -0.0065461, , , , , , , 26.6972885, -0.0025177, , , , , , , 26.6972885, 0.0243381, , , , , , , , , , , , , , , , , , , , , , , , , , , , 
26.6978077, 0.0008392, , , , , , , 26.6978077, -0.0062104, , , , , , , 26.6978077, -0.002182, , , , , , , 26.6978077, 0.0196384, , , , , , , , , , , , , , , , , , , , , , , , , , , , 
26.6983269, 0.0065461, , , , , , , 26.6983269, -0.0065461, , , , , , , 26.6983269, -0.0035248, , , , , , , 26.6983269, 0.0152743, , , , , , , , , , , , , , , , , , , , , , , , , , , , 
26.6988462, 0.0109102, , , , , , , 26.6988462, -0.0072175, , , , , , , 26.6988462, -0.0052033, , , , , , , 26.6988462, 0.0149386, , , , , , , , , , , , , , , , , , , , , , , , , , , , 
26.6993654, 0.0135958, , , , , , , 26.6993654, -0.0072175, , , , , , , 26.6993654, -0.0068818, , , , , , , 26.6993654, 0.0139315, , , , , , , , , , , , , , , , , , , , , , , , , , , , 
26.6998846, 0.0149386, , , , , , , 26.6998846, -0.0082246, , , , , , , 26.6998846, -0.0072175, , , , , , , 26.6998846, 0.0112459, , , , , , , , , , , , , , , , , , , , , , , , , , , , 
26.7004038, 0.017792, , , , , , , 26.7004038, -0.0087282, , , , , , , 26.7004038, -0.0075532, , , , , , , 26.7004038, 0.0068818, , , , , , , , , , , , , , , , , , , , , , , , , , , , 
26.7009231, 0.0199741, , , , , , , 26.7009231, -0.0104067, , , , , , , 26.7009231, -0.0065461, , , , , , , 26.7009231, 0.0041962, , , , , , , , , , , , , , , , , , , , , , , , , , , , 
26.7014423, 0.0206455, , , , , , , 26.7014423, -0.0115816, , , , , , , 26.7014423, -0.0041962, , , , , , , 26.7014423, 0.0043641, , , , , , , , , , , , , , , , , , , , , , , , , , , , 
26.7019615, 0.023331, , , , , , , 26.7019615, -0.0124208, , , , , , , 26.7019615, -0.0028534, , , , , , , 26.7019615, 0.0048676, , , , , , , , , , , , , , , , , , , , , , , , , , , , 
26.7024808, 0.0253452, , , , , , , 26.7024808, -0.0132601, , , , , , , 26.7024808, -0.0052033, , , , , , , 26.7024808, 0.0045319, , , , , , , , , , , , , , , , , , , , , , , , , , , , 
26.703, 0.0260166, , , , , , , 26.703, -0.0115816, , , , , , , 26.703, -0.0045319, , , , , , , 26.703, 0.0058747, , , , , , , , , , , , , , , , , , , , , , , , , , , , 
26.7035192, 0.0263523, , , , , , , 26.7035192, -0.0095674, , , , , , , 26.7035192, -0.0035248, , , , , , , 26.7035192, 0.0078889, , , , , , , , , , , , , , , , , , , , , , , , , , , , 
26.7040385, 0.0229953, , , , , , , 26.7040385, -0.0090639, , , , , , , 26.7040385, -0.005539, , , , , , , 26.7040385, 0.0062104, , , , , , , , , , , , , , , , , , , , , , , , , , , , 
26.7045577, 0.0182956, , , , , , , 26.7045577, -0.008896, , , , , , , 26.7045577, -0.008896, , , , , , , 26.7045577, 0.0052033, , , , , , , , , , , , , , , , , , , , , , , , , , , , 
26.7050769, 0.0182956, , , , , , , 26.7050769, -0.0102388, , , , , , , 26.7050769, -0.0095674, , , , , , , 26.7050769, 0.0075532, , , , , , , , , , , , , , , , , , , , , , , , , , , , 
26.7055962, 0.0199741, , , , , , , 26.7055962, -0.0115816, , , , , , , 26.7055962, -0.0095674, , , , , , , 26.7055962, 0.0078889, , , , , , , , , , , , , , , , , , , , , , , , , , , , 
26.7061154, 0.0199741, , , , , , , 26.7061154, -0.0115816, , , , , , , 26.7061154, -0.0095674, , , , , , , 26.7061154, 0.0005035, , , , , , , , , , , , , , , , , , , , , , , , , , , , 
26.7066346, 0.0196384, , , , , , , 26.7066346, -0.0105745, , , , , , , 26.7066346, -0.0105745, , , , , , , 26.7066346, -0.0090639, , , , , , , , , , , , , , , , , , , , , , , , , , , , 
26.7071538, 0.0256809, , , , , , , 26.7071538, -0.0105745, , , , , , , 26.7071538, -0.012253, , , , , , , 26.7071538, -0.0135958, , , , , , , , , , , , , , , , , , , , , , , , , , , , 
26.7076731, 0.0332341, , , , , , , 26.7076731, -0.0099031, , , , , , , 26.7076731, -0.0130922, , , , , , , 26.7076731, -0.0152743, , , , , , , , , , , , , , , , , , , , , , , , , , , , 
26.7081923, 0.0354162, , , , , , , 26.7081923, -0.0075532, , , , , , , 26.7081923, -0.0149386, , , , , , , 26.7081923, -0.0184634, , , , , , , , , , , , , , , , , , , , , , , , , , , , 
26.7087115, 0.033402, , , , , , , 26.7087115, -0.0052033, , , , , , , 26.7087115, -0.0159457, , , , , , , 26.7087115, -0.0191348, , , , , , , , , , , , , , , , , , , , , , , , , , , , 
26.7092308, 0.0313878, , , , , , , 26.7092308, -0.005539, , , , , , , 26.7092308, -0.01561, , , , , , , 26.7092308, -0.0169528, , , , , , , , , , , , , , , , , , , , , , , , , , , , 
26.70975, 0.0270237, , , , , , , 26.70975, -0.0065461, , , , , , , 26.70975, -0.01561, , , , , , , 26.70975, -0.0109102, , , , , , , , , , , , , , , , , , , , , , , , , , , , 
26.7102692, 0.023331, , , , , , , 26.7102692, -0.0062104, , , , , , , 26.7102692, -0.014435, , , , , , , 26.7102692, -0.0015106, , , , , , , , , , , , , , , , , , , , , , , , , , , , 
26.7107885, 0.0196384, , , , , , , 26.7107885, -0.005539, , , , , , , 26.7107885, -0.0125887, , , , , , , 26.7107885, 0.0035248, , , , , , , , , , , , , , , , , , , , , , , , , , , , 
26.7113077, 0.0104067, , , , , , , 26.7113077, -0.0072175, , , , , , , 26.7113077, -0.0129244, , , , , , , 26.7113077, 0.005539, , , , , , , , , , , , , , , , , , , , , , , , , , , , 
26.7118269, 0.0031891, , , , , , , 26.7118269, -0.0105745, , , , , , , 26.7118269, -0.0109102, , , , , , , 26.7118269, 0.0102388, , , , , , , , , , , , , , , , , , , , , , , , , , , , 
26.7123462, -0.0001678, , , , , , , 26.7123462, -0.0102388, , , , , , , 26.7123462, -0.0078889, , , , , , , 26.7123462, 0.0166171, , , , , , , , , , , , , , , , , , , , , , , , , , , , 
26.7128654, -0.0001678, , , , , , , 26.7128654, -0.0085603, , , , , , , 26.7128654, -0.0041962, , , , , , , 26.7128654, 0.0251774, , , , , , , , , , , , , , , , , , , , , , , , , , , , 
26.7133846, -0.0011749, , , , , , , 26.7133846, -0.0077211, , , , , , , 26.7133846, -0.0008392, , , , , , , 26.7133846, 0.0320592, , , , , , , , , , , , , , , , , , , , , , , , , , , , 
26.7139038, -0.0035248, , , , , , , 26.7139038, -0.0068818, , , , , , , 26.7139038, 0.0001678, , , , , , , 26.7139038, 0.0354162, , , , , , , , , , , , , , , , , , , , , , , , , , , , 
26.7144231, -0.0095674, , , , , , , 26.7144231, -0.0062104, , , , , , , 26.7144231, -0.0011749, , , , , , , 26.7144231, 0.0350805, , , , , , , , , , , , , , , , , , , , , , , , , , , , 
26.7149423, -0.0162814, , , , , , , 26.7149423, -0.0075532, , , , , , , 26.7149423, -0.0011749, , , , , , , 26.7149423, 0.0374304, , , , , , , , , , , , , , , , , , , , , , , , , , , , 
26.7154615, -0.0176242, , , , , , , 26.7154615, -0.0075532, , , , , , , 26.7154615, 0.0001678, , , , , , , 26.7154615, 0.040116, , , , , , , , , , , , , , , , , , , , , , , , , , , , 
26.7159808, -0.0162814, , , , , , , 26.7159808, -0.0057069, , , , , , , 26.7159808, -0.0005035, , , , , , , 26.7159808, 0.0391089, , , , , , , , , , , , , , , , , , , , , , , , , , , , 
26.7165, -0.0115816, , , , , , , 26.7165, -0.0072175, , , , , , , 26.7165, -0.0041962, , , , , , , 26.7165, 0.0354162, , , , , , , , , , , , , , , , , , , , , , , , , , , , 
26.7170192, -0.0031891, , , , , , , 26.7170192, -0.0099031, , , , , , , 26.7170192, -0.0052033, , , , , , , 26.7170192, 0.0305486, , , , , , , , , , , , , , , , , , , , , , , , , , , , 
26.7175385, 0.0035248, , , , , , , 26.7175385, -0.0095674, , , , , , , 26.7175385, -0.0050355, , , , , , , 26.7175385, 0.0276951, , , , , , , , , , , , , , , , , , , , , , , , , , , , 
26.7180577, 0.0093996, , , , , , , 26.7180577, -0.008896, , , , , , , 26.7180577, -0.0045319, , , , , , , 26.7180577, 0.0246738, , , , , , , , , , , , , , , , , , , , , , , , , , , , 
26.7185769, 0.0119173, , , , , , , 26.7185769, -0.0085603, , , , , , , 26.7185769, -0.0035248, , , , , , , 26.7185769, 0.0199741, , , , , , , , , , , , , , , , , , , , , , , , , , , , 
26.7190962, 0.0129244, , , , , , , 26.7190962, -0.0092317, , , , , , , 26.7190962, -0.0041962, , , , , , , 26.7190962, 0.0152743, , , , , , , , , , , , , , , , , , , , , , , , , , , , 
26.7196154, 0.0152743, , , , , , , 26.7196154, -0.0095674, , , , , , , 26.7196154, -0.0048676, , , , , , , 26.7196154, 0.0142672, , , , , , , , , , , , , , , , , , , , , , , , , , , , 
26.7201346, 0.0159457, , , , , , , 26.7201346, -0.0087282, , , , , , , 26.7201346, -0.0031891, , , , , , , 26.7201346, 0.0162814, , , , , , , , , , , , , , , , , , , , , , , , , , , , 
26.7206538, 0.0166171, , , , , , , 26.7206538, -0.0072175, , , , , , , 26.7206538, -0.0028534, , , , , , , 26.7206538, 0.0157778, , , , , , , , , , , , , , , , , , , , , , , , , , , , 
26.7211731, 0.0146029, , , , , , , 26.7211731, -0.0068818, , , , , , , 26.7211731, -0.0035248, , , , , , , 26.7211731, 0.0152743, , , , , , , , , , , , , , , , , , , , , , , , , , , , 
26.7216923, 0.0125887, , , , , , , 26.7216923, -0.0068818, , , , , , , 26.7216923, -0.005539, , , , , , , 26.7216923, 0.0146029, , , , , , , , , , , , , , , , , , , , , , , , , , , , 
26.7222115, 0.0129244, , , , , , , 26.7222115, -0.0068818, , , , , , , 26.7222115, -0.0082246, , , , , , , 26.7222115, 0.0149386, , , , , , , , , , , , , , , , , , , , , , , , , , , , 
26.7227308, 0.0164492, , , , , , , 26.7227308, -0.0065461, , , , , , , 26.7227308, -0.008896, , , , , , , 26.7227308, 0.0151064, , , , , , , , , , , , , , , , , , , , , , , , , , , , 
26.72325, 0.0199741, , , , , , , 26.72325, -0.0045319, , , , , , , 26.72325, -0.011078, , , , , , , 26.72325, 0.0129244, , , , , , , , , , , , , , , , , , , , , , , , , , , , 
26.7237692, 0.0229953, , , , , , , 26.7237692, -0.002182, , , , , , , 26.7237692, -0.0135958, , , , , , , 26.7237692, 0.0078889, , , , , , , , , , , , , , , , , , , , , , , , , , , , 
26.7242885, 0.026688, , , , , , , 26.7242885, -0.0018463, , , , , , , 26.7242885, -0.0137636, , , , , , , 26.7242885, 0.0050355, , , , , , , , , , , , , , , , , , , , , , , , , , , , 
26.7248077, 0.0226596, , , , , , , 26.7248077, -0.0008392, , , , , , , 26.7248077, -0.0139315, , , , , , , 26.7248077, 0.0041962, , , , , , , , , , , , , , , , , , , , , , , , , , , , 
26.7253269, 0.0216526, , , , , , , 26.7253269, -0.0028534, , , , , , , 26.7253269, -0.0159457, , , , , , , 26.7253269, 0.0038605, , , , , , , , , , , , , , , , , , , , , , , , , , , , 
26.7258462, 0.0250095, , , , , , , 26.7258462, -0.005539, , , , , , , 26.7258462, -0.0186313, , , , , , , 26.7258462, 0.0025177, , , , , , , , , , , , , , , , , , , , , , , , , , , , 
26.7263654, 0.0298772, , , , , , , 26.7263654, -0.005539, , , , , , , 26.7263654, -0.0179599, , , , , , , 26.7263654, -0.0008392, , , , , , , , , , , , , , , , , , , , , , , , , , , , 
26.7268846, 0.0350805, , , , , , , 26.7268846, -0.0052033, , , , , , , 26.7268846, -0.0169528, , , , , , , 26.7268846, -0.0038605, , , , , , , , , , , , , , , , , , , , , , , , , , , , 
26.7274038, 0.0372625, , , , , , , 26.7274038, -0.0050355, , , , , , , 26.7274038, -0.0176242, , , , , , , 26.7274038, -0.0058747, , , , , , , , , , , , , , , , , , , , , , , , , , , , 
26.7279231, 0.0354162, , , , , , , 26.7279231, -0.0048676, , , , , , , 26.7279231, -0.0157778, , , , , , , 26.7279231, -0.0077211, , , , , , , , , , , , , , , , , , , , , , , , , , , , 
26.7284423, 0.0327306, , , , , , , 26.7284423, -0.0041962, , , , , , , 26.7284423, -0.0137636, , , , , , , 26.7284423, -0.0095674, , , , , , , , , , , , , , , , , , , , , , , , , , , , 
26.7289615, 0.033402, , , , , , , 26.7289615, -0.0035248, , , , , , , 26.7289615, -0.0125887, , , , , , , 26.7289615, -0.0125887, , , , , , , , , , , , , , , , , , , , , , , , , , , , 
26.7294808, 0.0340734, , , , , , , 26.7294808, -0.0058747, , , , , , , 26.7294808, -0.0115816, , , , , , , 26.7294808, -0.0115816, , , , , , , , , , , , , , , , , , , , , , , , , , , , 
26.73, 0.0307164, , , , , , , 26.73, -0.0077211, , , , , , , 26.73, -0.0099031, , , , , , , 26.73, -0.0043641, , , , , , , , , , , , , , , , , , , , , , , , , , , , 
26.7305192, 0.0258488, , , , , , , 26.7305192, -0.0082246, , , , , , , 26.7305192, -0.0095674, , , , , , , 26.7305192, 0.0025177, , , , , , , , , , , , , , , , , , , , , , , , , , , , 
26.7310385, 0.0193027, , , , , , , 26.7310385, -0.0082246, , , , , , , 26.7310385, -0.008896, , , , , , , 26.7310385, 0.0057069, , , , , , , , , , , , , , , , , , , , , , , , , , , , 
26.7315577, 0.0157778, , , , , , , 26.7315577, -0.0082246, , , , , , , 26.7315577, -0.008896, , , , , , , 26.7315577, 0.0065461, , , , , , , , , , , , , , , , , , , , , , , , , , , , 
26.7320769, 0.0127565, , , , , , , 26.7320769, -0.0075532, , , , , , , 26.7320769, -0.0102388, , , , , , , 26.7320769, 0.0085603, , , , , , , , , , , , , , , , , , , , , , , , , , , , 
26.7325962, 0.0078889, , , , , , , 26.7325962, -0.0065461, , , , , , , 26.7325962, -0.0099031, , , , , , , 26.7325962, 0.0137636, , , , , , , , , , , , , , , , , , , , , , , , , , , , 
26.7331154, 0.0057069, , , , , , , 26.7331154, -0.0068818, , , , , , , 26.7331154, -0.0097353, , , , , , , 26.7331154, 0.018967, , , , , , , , , , , , , , , , , , , , , , , , , , , , 
26.7336346, 0.0043641, , , , , , , 26.7336346, -0.0075532, , , , , , , 26.7336346, -0.0095674, , , , , , , 26.7336346, 0.0240024, , , , , , , , , , , , , , , , , , , , , , , , , , , , 
26.7341538, -0.0010071, , , , , , , 26.7341538, -0.0082246, , , , , , , 26.7341538, -0.0078889, , , , , , , 26.7341538, 0.026688, , , , , , , , , , , , , , , , , , , , , , , , , , , , 
26.7346731, -0.0060426, , , , , , , 26.7346731, -0.0075532, , , , , , , 26.7346731, -0.0068818, , , , , , , 26.7346731, 0.0287022, , , , , , , , , , , , , , , , , , , , , , , , , , , , 
26.7351923, -0.0072175, , , , , , , 26.7351923, -0.0058747, , , , , , , 26.7351923, -0.0075532, , , , , , , 26.7351923, 0.0320592, , , , , , , , , , , , , , , , , , , , , , , , , , , , 
26.7357115, -0.0058747, , , , , , , 26.7357115, -0.0062104, , , , , , , 26.7357115, -0.0075532, , , , , , , 26.7357115, 0.0323949, , , , , , , , , , , , , , , , , , , , , , , , , , , , 
26.7362308, -0.0038605, , , , , , , 26.7362308, -0.0085603, , , , , , , 26.7362308, -0.0073854, , , , , , , 26.7362308, 0.0251774, , , , , , , , , , , , , , , , , , , , , , , , , , , , 
26.73675, -0.0025177, , , , , , , 26.73675, -0.0083925, , , , , , , 26.73675, -0.0099031, , , , , , , 26.73675, 0.0152743, , , , , , , , , , , , , , , , , , , , , , , , , , , , 
26.7372692, -0.0005035, , , , , , , 26.7372692, -0.0052033, , , , , , , 26.7372692, -0.0109102, , , , , , , 26.7372692, 0.010071, , , , , , , , , , , , , , , , , , , , , , , , , , , , 
26.7377885, 0.0050355, , , , , , , 26.7377885, -0.0043641, , , , , , , 26.7377885, -0.0085603, , , , , , , 26.7377885, 0.0114137, , , , , , , , , , , , , , , , , , , , , , , , , , , , 
26.7383077, 0.0078889, , , , , , , 26.7383077, -0.0075532, , , , , , , 26.7383077, -0.0082246, , , , , , , 26.7383077, 0.0132601, , , , , , , , , , , , , , , , , , , , , , , , , , , , 
26.7388269, 0.0112459, , , , , , , 26.7388269, -0.0115816, , , , , , , 26.7388269, -0.0075532, , , , , , , 26.7388269, 0.0102388, , , , , , , , , , , , , , , , , , , , , , , , , , , , 
26.7393462, 0.0125887, , , , , , , 26.7393462, -0.0117494, , , , , , , 26.7393462, -0.0062104, , , , , , , 26.7393462, 0.0078889, , , , , , , , , , , , , , , , , , , , , , , , , , , , 
26.7398654, 0.0132601, , , , , , , 26.7398654, -0.0092317, , , , , , , 26.7398654, -0.0085603, , , , , , , 26.7398654, 0.0099031, , , , , , , , , , , , , , , , , , , , , , , , , , , , 
26.7403846, 0.0132601, , , , , , , 26.7403846, -0.0070497, , , , , , , 26.7403846, -0.012253, , , , , , , 26.7403846, 0.0105745, , , , , , , , , , , , , , , , , , , , , , , , , , , , 
26.7409038, 0.0130922, , , , , , , 26.7409038, -0.0057069, , , , , , , 26.7409038, -0.0125887, , , , , , , 26.7409038, 0.0092317, , , , , , , , , , , , , , , , , , , , , , , , , , , , 
26.7414231, 0.0172885, , , , , , , 26.7414231, -0.0048676, , , , , , , 26.7414231, -0.0109102, , , , , , , 26.7414231, 0.0099031, , , , , , , , , , , , , , , , , , , , , , , , , , , , 
26.7419423, 0.0229953, , , , , , , 26.7419423, -0.0062104, , , , , , , 26.7419423, -0.008896, , , , , , , 26.7419423, 0.0132601, , , , , , , , , , , , , , , , , , , , , , , , , , , , 
26.7424615, 0.0256809, , , , , , , 26.7424615, -0.0095674, , , , , , , 26.7424615, -0.0075532, , , , , , , 26.7424615, 0.0152743, , , , , , , , , , , , , , , , , , , , , , , , , , , , 
26.7429808, 0.0243381, , , , , , , 26.7429808, -0.0112459, , , , , , , 26.7429808, -0.0075532, , , , , , , 26.7429808, 0.0137636, , , , , , , , , , , , , , , , , , , , , , , , , , , , 
26.7435, 0.0216526, , , , , , , 26.7435, -0.011078, , , , , , , 26.7435, -0.0072175, , , , , , , 26.7435, 0.0127565, , , , , , , , , , , , , , , , , , , , , , , , , , , , 
26.7440192, 0.0199741, , , , , , , 26.7440192, -0.0095674, , , , , , , 26.7440192, -0.0072175, , , , , , , 26.7440192, 0.0125887, , , , , , , , , , , , , , , , , , , , , , , , , , , , 
26.7445385, 0.0240024, , , , , , , 26.7445385, -0.008896, , , , , , , 26.7445385, -0.0095674, , , , , , , 26.7445385, 0.0129244, , , , , , , , , , , , , , , , , , , , , , , , , , , , 
26.7450577, 0.0280308, , , , , , , 26.7450577, -0.008896, , , , , , , 26.7450577, -0.0109102, , , , , , , 26.7450577, 0.0135958, , , , , , , , , , , , , , , , , , , , , , , , , , , , 
26.7455769, 0.0283665, , , , , , , 26.7455769, -0.0075532, , , , , , , 26.7455769, -0.0082246, , , , , , , 26.7455769, 0.0127565, , , , , , , , , , , , , , , , , , , , , , , , , , , , 
26.7460962, 0.0251774, , , , , , , 26.7460962, -0.0082246, , , , , , , 26.7460962, -0.0060426, , , , , , , 26.7460962, 0.0090639, , , , , , , , , , , , , , , , , , , , , , , , , , , , 
26.7466154, 0.0260166, , , , , , , 26.7466154, -0.0095674, , , , , , , 26.7466154, -0.0058747, , , , , , , 26.7466154, 0.0018463, , , , , , , , , , , , , , , , , , , , , , , , , , , , 
26.7471346, 0.0320592, , , , , , , 26.7471346, -0.008896, , , , , , , 26.7471346, -0.0062104, , , , , , , 26.7471346, -0.0041962, , , , , , , , , , , , , , , , , , , , , , , , , , , , 
26.7476538, 0.0364233, , , , , , , 26.7476538, -0.0068818, , , , , , , 26.7476538, -0.0072175, , , , , , , 26.7476538, -0.0065461, , , , , , , , , , , , , , , , , , , , , , , , , , , , 
26.7481731, 0.0365911, , , , , , , 26.7481731, -0.0057069, , , , , , , 26.7481731, -0.0085603, , , , , , , 26.7481731, -0.0095674, , , , , , , , , , , , , , , , , , , , , , , , , , , , 
26.7486923, 0.0360876, , , , , , , 26.7486923, -0.0060426, , , , , , , 26.7486923, -0.0095674, , , , , , , 26.7486923, -0.0112459, , , , , , , , , , , , , , , , , , , , , , , , , , , , 
26.7492115, 0.0330663, , , , , , , 26.7492115, -0.0078889, , , , , , , 26.7492115, -0.008896, , , , , , , 26.7492115, -0.0115816, , , , , , , , , , , , , , , , , , , , , , , , , , , , 
26.7497308, 0.0273594, , , , , , , 26.7497308, -0.0095674, , , , , , , 26.7497308, -0.0072175, , , , , , , 26.7497308, -0.0068818, , , , , , , , , , , , , , , , , , , , , , , , , , , , 
26.75025, 0.0250095, , , , , , , 26.75025, -0.0095674, , , , , , , 26.75025, -0.0072175, , , , , , , 26.75025, 0.0025177, , , , , , , , , , , , , , , , , , , , , , , , , , , , 
26.7507692, 0.0226596, , , , , , , 26.7507692, -0.0082246, , , , , , , 26.7507692, -0.0058747, , , , , , , 26.7507692, 0.0115816, , , , , , , , , , , , , , , , , , , , , , , , , , , , 
26.7512885, 0.0169528, , , , , , , 26.7512885, -0.0082246, , , , , , , 26.7512885, -0.0025177, , , , , , , 26.7512885, 0.0159457, , , , , , , , , , , , , , , , , , , , , , , , , , , , 
26.7518077, 0.0099031, , , , , , , 26.7518077, -0.0085603, , , , , , , 26.7518077, -0.0005035, , , , , , , 26.7518077, 0.0186313, , , , , , , , , , , , , , , , , , , , , , , , , , , , 
26.7523269, 0.0031891, , , , , , , 26.7523269, -0.0082246, , , , , , , 26.7523269, -0.0003357, , , , , , , 26.7523269, 0.023331, , , , , , , , , , , , , , , , , , , , , , , , , , , , 
26.7528462, -0.0011749, , , , , , , 26.7528462, -0.0082246, , , , , , , 26.7528462, 0.0008392, , , , , , , 26.7528462, 0.0320592, , , , , , , , , , , , , , , , , , , , , , , , , , , , 
26.7533654, -0.005539, , , , , , , 26.7533654, -0.0099031, , , , , , , 26.7533654, 0.0010071, , , , , , , 26.7533654, 0.0391089, , , , , , , , , , , , , , , , , , , , , , , , , , , , 
26.7538846, -0.0099031, , , , , , , 26.7538846, -0.0104067, , , , , , , 26.7538846, 0.0005035, , , , , , , 26.7538846, 0.0409552, , , , , , , , , , , , , , , , , , , , , , , , , , , , 
26.7544038, -0.012253, , , , , , , 26.7544038, -0.0099031, , , , , , , 26.7544038, -0.0008392, , , , , , , 26.7544038, 0.040116, , , , , , , , , , , , , , , , , , , , , , , , , , , , 
26.7549231, -0.0167849, , , , , , , 26.7549231, -0.010071, , , , , , , 26.7549231, -0.0028534, , , , , , , 26.7549231, 0.0399481, , , , , , , , , , , , , , , , , , , , , , , , , , , , 
26.7554423, -0.0216526, , , , , , , 26.7554423, -0.0109102, , , , , , , 26.7554423, -0.0028534, , , , , , , 26.7554423, 0.0406195, , , , , , , , , , , , , , , , , , , , , , , , , , , , 
26.7559615, -0.0209812, , , , , , , 26.7559615, -0.0109102, , , , , , , 26.7559615, -0.0016785, , , , , , , 26.7559615, 0.040116, , , , , , , , , , , , , , , , , , , , , , , , , , , , 
26.7564808, -0.018967, , , , , , , 26.7564808, -0.0097353, , , , , , , 26.7564808, -0.0003357, , , , , , , 26.7564808, 0.0360876, , , , , , , , , , , , , , , , , , , , , , , , , , , , 
26.757, -0.0169528, , , , , , , 26.757, -0.0095674, , , , , , , 26.757, -0.0015106, , , , , , , 26.757, 0.0325628, , , , , , , , , , , , , , , , , , , , , , , , , , , , 
26.7575192, -0.0119173, , , , , , , 26.7575192, -0.0095674, , , , , , , 26.7575192, -0.0020142, , , , , , , 26.7575192, 0.0290379, , , , , , , , , , , , , , , , , , , , , , , , , , , , 
26.7580385, -0.0099031, , , , , , , 26.7580385, -0.0104067, , , , , , , 26.7580385, -0.0010071, , , , , , , 26.7580385, 0.0256809, , , , , , , , , , , , , , , , , , , , , , , , , , , , 
26.7585577, -0.0075532, , , , , , , 26.7585577, -0.0095674, , , , , , , 26.7585577, -0.0011749, , , , , , , 26.7585577, 0.0219883, , , , , , , , , , , , , , , , , , , , , , , , , , , , 
26.7590769, -0.0011749, , , , , , , 26.7590769, -0.0083925, , , , , , , 26.7590769, -0.0035248, , , , , , , 26.7590769, 0.0182956, , , , , , , , , , , , , , , , , , , , , , , , , , , , 
26.7595962, 0.0058747, , , , , , , 26.7595962, -0.0085603, , , , , , , 26.7595962, -0.0070497, , , , , , , 26.7595962, 0.01561, , , , , , , , , , , , , , , , , , , , , , , , , , , , 
26.7601154, 0.014435, , , , , , , 26.7601154, -0.008896, , , , , , , 26.7601154, -0.0073854, , , , , , , 26.7601154, 0.0149386, , , , , , , , , , , , , , , , , , , , , , , , , , , , 
26.7606346, 0.0203098, , , , , , , 26.7606346, -0.0085603, , , , , , , 26.7606346, -0.0063783, , , , , , , 26.7606346, 0.0137636, , , , , , , , , , , , , , , , , , , , , , , , , , , , 
26.7611538, 0.0223239, , , , , , , 26.7611538, -0.008896, , , , , , , 26.7611538, -0.0065461, , , , , , , 26.7611538, 0.0119173, , , , , , , , , , , , , , , , , , , , , , , , , , , , 
26.7616731, 0.0203098, , , , , , , 26.7616731, -0.0083925, , , , , , , 26.7616731, -0.0082246, , , , , , , 26.7616731, 0.0072175, , , , , , , , , , , , , , , , , , , , , , , , , , , , 
26.7621923, 0.0186313, , , , , , , 26.7621923, -0.0082246, , , , , , , 26.7621923, -0.0082246, , , , , , , 26.7621923, 0.0016785, , , , , , , , , , , , , , , , , , , , , , , , , , , , 
26.7627115, 0.0209812, , , , , , , 26.7627115, -0.0085603, , , , , , , 26.7627115, -0.0072175, , , , , , , 26.7627115, -0.0001678, , , , , , , , , , , , , , , , , , , , , , , , , , , , 
26.7632308, 0.0236667, , , , , , , 26.7632308, -0.0065461, , , , , , , 26.7632308, -0.0082246, , , , , , , 26.7632308, 0.0011749, , , , , , , , , , , , , , , , , , , , , , , , , , , , 
26.76375, 0.0229953, , , , , , , 26.76375, -0.005539, , , , , , , 26.76375, -0.008896, , , , , , , 26.76375, 0.0023499, , , , , , , , , , , , , , , , , , , , , , , , , , , , 
26.7642692, 0.0250095, , , , , , , 26.7642692, -0.0052033, , , , , , , 26.7642692, -0.0112459, , , , , , , 26.7642692, 0.0031891, , , , , , , , , , , , , , , , , , , , , , , , , , , , 
26.7647885, 0.0330663, , , , , , , 26.7647885, -0.0058747, , , , , , , 26.7647885, -0.012253, , , , , , , 26.7647885, 0.0031891, , , , , , , , , , , , , , , , , , , , , , , , , , , , 
26.7653077, 0.0320592, , , , , , , 26.7653077, -0.0068818, , , , , , , 26.7653077, -0.0117494, , , , , , , 26.7653077, 0.0025177, , , , , , , , , , , , , , , , , , , , , , , , , , , , 
26.7658269, 0.0240024, , , , , , , 26.7658269, -0.0075532, , , , , , , 26.7658269, -0.0127565, , , , , , , 26.7658269, -0.0016785, , , , , , , , , , , , , , , , , , , , , , , , , , , , 
26.7663462, 0.0253452, , , , , , , 26.7663462, -0.0065461, , , , , , , 26.7663462, -0.0142672, , , , , , , 26.7663462, -0.0083925, , , , , , , , , , , , , , , , , , , , , , , , , , , , 
26.7668654, 0.0330663, , , , , , , 26.7668654, -0.005539, , , , , , , 26.7668654, -0.0135958, , , , , , , 26.7668654, -0.0112459, , , , , , , , , , , , , , , , , , , , , , , , , , , , 
26.7673846, 0.0364233, , , , , , , 26.7673846, -0.0046998, , , , , , , 26.7673846, -0.012253, , , , , , , 26.7673846, -0.0109102, , , , , , , , , , , , , , , , , , , , , , , , , , , , 
26.7679038, 0.0339055, , , , , , , 26.7679038, -0.0045319, , , , , , , 26.7679038, -0.0115816, , , , , , , 26.7679038, -0.0115816, , , , , , , , , , , , , , , , , , , , , , , , , , , , 
26.7684231, 0.0330663, , , , , , , 26.7684231, -0.0036927, , , , , , , 26.7684231, -0.0112459, , , , , , , 26.7684231, -0.0102388, , , , , , , , , , , , , , , , , , , , , , , , , , , , 
26.7689423, 0.0354162, , , , , , , 26.7689423, -0.0028534, , , , , , , 26.7689423, -0.0112459, , , , , , , 26.7689423, -0.0072175, , , , , , , , , , , , , , , , , , , , , , , , , , , , 
26.7694615, 0.0360876, , , , , , , 26.7694615, -0.0028534, , , , , , , 26.7694615, -0.0115816, , , , , , , 26.7694615, -0.0038605, , , , , , , , , , , , , , , , , , , , , , , , , , , , 
26.7699808, 0.0318914, , , , , , , 26.7699808, -0.0041962, , , , , , , 26.7699808, -0.0104067, , , , , , , 26.7699808, 0.0018463, , , , , , , , , , , , , , , , , , , , , , , , , , , , 
26.7705, 0.0238346, , , , , , , 26.7705, -0.0050355, , , , , , , 26.7705, -0.0092317, , , , , , , 26.7705, 0.008896, , , , , , , , , , , , , , , , , , , , , , , , , , , , 
26.7710192, 0.0179599, , , , , , , 26.7710192, -0.005539, , , , , , , 26.7710192, -0.0078889, , , , , , , 26.7710192, 0.0132601, , , , , , , , , , , , , , , , , , , , , , , , , , , , 
26.7715385, 0.0146029, , , , , , , 26.7715385, -0.005539, , , , , , , 26.7715385, -0.005539, , , , , , , 26.7715385, 0.0159457, , , , , , , , , , , , , , , , , , , , , , , , , , , , 
26.7720577, 0.0105745, , , , , , , 26.7720577, -0.0050355, , , , , , , 26.7720577, -0.0041962, , , , , , , 26.7720577, 0.0199741, , , , , , , , , , , , , , , , , , , , , , , , , , , , 
26.7725769, 0.0003357, , , , , , , 26.7725769, -0.0045319, , , , , , , 26.7725769, -0.0036927, , , , , , , 26.7725769, 0.0246738, , , , , , , , , , , , , , , , , , , , , , , , , , , , 
26.7730962, -0.0087282, , , , , , , 26.7730962, -0.0062104, , , , , , , 26.7730962, -0.002182, , , , , , , 26.7730962, 0.0317235, , , , , , , , , , , , , , , , , , , , , , , , , , , , 
26.7736154, -0.0130922, , , , , , , 26.7736154, -0.0082246, , , , , , , 26.7736154, -0.0015106, , , , , , , 26.7736154, 0.0360876, , , , , , , , , , , , , , , , , , , , , , , , , , , , 
26.7741346, -0.0157778, , , , , , , 26.7741346, -0.008896, , , , , , , 26.7741346, -0.0001678, , , , , , , 26.7741346, 0.0384375, , , , , , , , , , , , , , , , , , , , , , , , , , , , 
26.7746538, -0.0137636, , , , , , , 26.7746538, -0.0090639, , , , , , , 26.7746538, -0.0001678, , , , , , , 26.7746538, 0.0370947, , , , , , , , , , , , , , , , , , , , , , , , , , , , 
26.7751731, -0.012253, , , , , , , 26.7751731, -0.0078889, , , , , , , 26.7751731, -0.002182, , , , , , , 26.7751731, 0.036759, , , , , , , , , , , , , , , , , , , , , , , , , , , , 
26.7756923, -0.0139315, , , , , , , 26.7756923, -0.0075532, , , , , , , 26.7756923, -0.0031891, , , , , , , 26.7756923, 0.0374304, , , , , , , , , , , , , , , , , , , , , , , , , , , , 
26.7762115, -0.0114137, , , , , , , 26.7762115, -0.0099031, , , , , , , 26.7762115, -0.005539, , , , , , , 26.7762115, 0.0372625, , , , , , , , , , , , , , , , , , , , , , , , , , , , 
26.7767308, -0.0045319, , , , , , , 26.7767308, -0.0102388, , , , , , , 26.7767308, -0.0068818, , , , , , , 26.7767308, 0.0339055, , , , , , , , , , , , , , , , , , , , , , , , , , , , 
26.77725, 0.002182, , , , , , , 26.77725, -0.0099031, , , , , , , 26.77725, -0.0085603, , , , , , , 26.77725, 0.030045, , , , , , , , , , , , , , , , , , , , , , , , , , , , 
26.7777692, 0.008896, , , , , , , 26.7777692, -0.0102388, , , , , , , 26.7777692, -0.008896, , , , , , , 26.7777692, 0.0250095, , , , , , , , , , , , , , , , , , , , , , , , , , , , 
26.7782885, 0.0125887, , , , , , , 26.7782885, -0.0092317, , , , , , , 26.7782885, -0.0082246, , , , , , , 26.7782885, 0.0206455, , , , , , , , , , , , , , , , , , , , , , , , , , , , 
26.7788077, 0.0085603, , , , , , , 26.7788077, -0.0075532, , , , , , , 26.7788077, -0.008896, , , , , , , 26.7788077, 0.0213169, , , , , , , , , , , , , , , , , , , , , , , , , , , , 
26.7793269, 0.0062104, , , , , , , 26.7793269, -0.0063783, , , , , , , 26.7793269, -0.0095674, , , , , , , 26.7793269, 0.0219883, , , , , , , , , , , , , , , , , , , , , , , , , , , , 
26.7798462, 0.0072175, , , , , , , 26.7798462, -0.0068818, , , , , , , 26.7798462, -0.0095674, , , , , , , 26.7798462, 0.0171206, , , , , , , , , , , , , , , , , , , , , , , , , , , , 
26.7803654, 0.0078889, , , , , , , 26.7803654, -0.0075532, , , , , , , 26.7803654, -0.0077211, , , , , , , 26.7803654, 0.0119173, , , , , , , , , , , , , , , , , , , , , , , , , , , , 
26.7808846, 0.0112459, , , , , , , 26.7808846, -0.0065461, , , , , , , 26.7808846, -0.0072175, , , , , , , 26.7808846, 0.0092317, , , , , , , , , , , , , , , , , , , , , , , , , , , , 
26.7814038, 0.0172885, , , , , , , 26.7814038, -0.0065461, , , , , , , 26.7814038, -0.0083925, , , , , , , 26.7814038, 0.0070497, , , , , , , , , , , , , , , , , , , , , , , , , , , , 
26.7819231, 0.0213169, , , , , , , 26.7819231, -0.008896, , , , , , , 26.7819231, -0.0092317, , , , , , , 26.7819231, 0.0052033, , , , , , , , , , , , , , , , , , , , , , , , , , , , 
26.7824423, 0.0206455, , , , , , , 26.7824423, -0.0114137, , , , , , , 26.7824423, -0.0099031, , , , , , , 26.7824423, 0.0058747, , , , , , , , , , , , , , , , , , , , , , , , , , , , 
26.7829615, 0.0179599, , , , , , , 26.7829615, -0.0112459, , , , , , , 26.7829615, -0.0119173, , , , , , , 26.7829615, 0.0075532, , , , , , , , , , , , , , , , , , , , , , , , , , , , 
26.7834808, 0.018967, , , , , , , 26.7834808, -0.0112459, , , , , , , 26.7834808, -0.0115816, , , , , , , 26.7834808, 0.0082246, , , , , , , , , , , , , , , , , , , , , , , , , , , , 
26.784, 0.0218204, , , , , , , 26.784, -0.012253, , , , , , , 26.784, -0.012253, , , , , , , 26.784, 0.0072175, , , , , , , , , , , , , , , , , , , , , , , , , , , , 
26.7845192, 0.0206455, , , , , , , 26.7845192, -0.0099031, , , , , , , 26.7845192, -0.012253, , , , , , , 26.7845192, 0.0045319, , , , , , , , , , , , , , , , , , , , , , , , , , , , 
26.7850385, 0.0171206, , , , , , , 26.7850385, -0.0062104, , , , , , , 26.7850385, -0.0104067, , , , , , , 26.7850385, 0.0031891, , , , , , , , , , , , , , , , , , , , , , , , , , , , 
26.7855577, 0.0166171, , , , , , , 26.7855577, -0.0045319, , , , , , , 26.7855577, -0.008896, , , , , , , 26.7855577, 0.0016785, , , , , , , , , , , , , , , , , , , , , , , , , , , , 
26.7860769, 0.0206455, , , , , , , 26.7860769, -0.0043641, , , , , , , 26.7860769, -0.0065461, , , , , , , 26.7860769, -0.002182, , , , , , , , , , , , , , , , , , , , , , , , , , , , 
26.7865962, 0.0271916, , , , , , , 26.7865962, -0.0062104, , , , , , , 26.7865962, -0.0075532, , , , , , , 26.7865962, -0.005539, , , , , , , , , , , , , , , , , , , , , , , , , , , , 
26.7871154, 0.0325628, , , , , , , 26.7871154, -0.0082246, , , , , , , 26.7871154, -0.0099031, , , , , , , 26.7871154, -0.0062104, , , , , , , , , , , , , , , , , , , , , , , , , , , , 
26.7876346, 0.0310521, , , , , , , 26.7876346, -0.0083925, , , , , , , 26.7876346, -0.0105745, , , , , , , 26.7876346, -0.0070497, , , , , , , , , , , , , , , , , , , , , , , , , , , , 
26.7881538, 0.0280308, , , , , , , 26.7881538, -0.0073854, , , , , , , 26.7881538, -0.0095674, , , , , , , 26.7881538, -0.0099031, , , , , , , , , , , , , , , , , , , , , , , , , , , , 
26.7886731, 0.026688, , , , , , , 26.7886731, -0.0075532, , , , , , , 26.7886731, -0.0095674, , , , , , , 26.7886731, -0.0119173, , , , , , , , , , , , , , , , , , , , , , , , , , , , 
26.7891923, 0.0253452, , , , , , , 26.7891923, -0.0078889, , , , , , , 26.7891923, -0.0115816, , , , , , , 26.7891923, -0.0119173, , , , , , , , , , , , , , , , , , , , , , , , , , , , 
26.7897115, 0.0236667, , , , , , , 26.7897115, -0.0085603, , , , , , , 26.7897115, -0.0129244, , , , , , , 26.7897115, -0.0075532, , , , , , , , , , , , , , , , , , , , , , , , , , , , 
26.7902308, 0.0231632, , , , , , , 26.7902308, -0.0072175, , , , , , , 26.7902308, -0.0130922, , , , , , , 26.7902308, -0.0015106, , , , , , , , , , , , , , , , , , , , , , , , , , , , 
26.79075, 0.0216526, , , , , , , 26.79075, -0.0057069, , , , , , , 26.79075, -0.0112459, , , , , , , 26.79075, 0.0028534, , , , , , , , , , , , , , , , , , , , , , , , , , , , 
26.7912692, 0.0176242, , , , , , , 26.7912692, -0.0048676, , , , , , , 26.7912692, -0.0092317, , , , , , , 26.7912692, 0.0065461, , , , , , , , , , , , , , , , , , , , , , , , , , , , 
26.7917885, 0.01561, , , , , , , 26.7917885, -0.0046998, , , , , , , 26.7917885, -0.0085603, , , , , , , 26.7917885, 0.0119173, , , , , , , , , , , , , , , , , , , , , , , , , , , , 
26.7923077, 0.0105745, , , , , , , 26.7923077, -0.005539, , , , , , , 26.7923077, -0.0068818, , , , , , , 26.7923077, 0.018967, , , , , , , , , , , , , , , , , , , , , , , , , , , , 
26.7928269, 0.0068818, , , , , , , 26.7928269, -0.0058747, , , , , , , 26.7928269, -0.0041962, , , , , , , 26.7928269, 0.0246738, , , , , , , , , , , , , , , , , , , , , , , , , , , , 
26.7933462, 0.008896, , , , , , , 26.7933462, -0.0062104, , , , , , , 26.7933462, -0.0038605, , , , , , , 26.7933462, 0.0307164, , , , , , , , , , , , , , , , , , , , , , , , , , , , 
26.7938654, 0.0078889, , , , , , , 26.7938654, -0.0060426, , , , , , , 26.7938654, -0.0028534, , , , , , , 26.7938654, 0.036759, , , , , , , , , , , , , , , , , , , , , , , , , , , , 
26.7943846, -0.0005035, , , , , , , 26.7943846, -0.0068818, , , , , , , 26.7943846, -0.002182, , , , , , , 26.7943846, 0.040116, , , , , , , , , , , , , , , , , , , , , , , , , , , , 
26.7949038, -0.0062104, , , , , , , 26.7949038, -0.008896, , , , , , , 26.7949038, -0.0028534, , , , , , , 26.7949038, 0.0379339, , , , , , , , , , , , , , , , , , , , , , , , , , , , 
26.7954231, -0.0082246, , , , , , , 26.7954231, -0.0085603, , , , , , , 26.7954231, -0.0038605, , , , , , , 26.7954231, 0.0370947, , , , , , , , , , , , , , , , , , , , , , , , , , , , 
26.7959423, -0.0105745, , , , , , , 26.7959423, -0.0082246, , , , , , , 26.7959423, -0.005539, , , , , , , 26.7959423, 0.0377661, , , , , , , , , , , , , , , , , , , , , , , , , , , , 
26.7964615, -0.0095674, , , , , , , 26.7964615, -0.0095674, , , , , , , 26.7964615, -0.0078889, , , , , , , 26.7964615, 0.0357519, , , , , , , , , , , , , , , , , , , , , , , , , , , , 
26.7969808, -0.0008392, , , , , , , 26.7969808, -0.0102388, , , , , , , 26.7969808, -0.0095674, , , , , , , 26.7969808, 0.0320592, , , , , , , , , , , , , , , , , , , , , , , , , , , , 
26.7975, 0.0041962, , , , , , , 26.7975, -0.0085603, , , , , , , 26.7975, -0.0083925, , , , , , , 26.7975, 0.0290379, , , , , , , , , , , , , , , , , , , , , , , , , , , , 
26.7980192, 0.0052033, , , , , , , 26.7980192, -0.0072175, , , , , , , 26.7980192, -0.0063783, , , , , , , 26.7980192, 0.0256809, , , , , , , , , , , , , , , , , , , , , , , , , , , , 
26.7985385, 0.0075532, , , , , , , 26.7985385, -0.0065461, , , , , , , 26.7985385, -0.0075532, , , , , , , 26.7985385, 0.0226596, , , , , , , , , , , , , , , , , , , , , , , , , , , , 
26.7990577, 0.0092317, , , , , , , 26.7990577, -0.0075532, , , , , , , 26.7990577, -0.0095674, , , , , , , 26.7990577, 0.0193027, , , , , , , , , , , , , , , , , , , , , , , , , , , , 
26.7995769, 0.0102388, , , , , , , 26.7995769, -0.0092317, , , , , , , 26.7995769, -0.0099031, , , , , , , 26.7995769, 0.0132601, , , , , , , , , , , , , , , , , , , , , , , , , , , , 
26.8000962, 0.010071, , , , , , , 26.8000962, -0.0112459, , , , , , , 26.8000962, -0.0115816, , , , , , , 26.8000962, 0.0078889, , , , , , , , , , , , , , , , , , , , , , , , , , , , 
26.8006154, 0.0105745, , , , , , , 26.8006154, -0.0117494, , , , , , , 26.8006154, -0.0117494, , , , , , , 26.8006154, 0.0057069, , , , , , , , , , , , , , , , , , , , , , , , , , , , 
26.8011346, 0.0132601, , , , , , , 26.8011346, -0.0097353, , , , , , , 26.8011346, -0.0105745, , , , , , , 26.8011346, 0.0065461, , , , , , , , , , , , , , , , , , , , , , , , , , , , 
26.8016538, 0.0186313, , , , , , , 26.8016538, -0.008896, , , , , , , 26.8016538, -0.0083925, , , , , , , 26.8016538, 0.008896, , , , , , , , , , , , , , , , , , , , , , , , , , , , 
26.8021731, 0.0213169, , , , , , , 26.8021731, -0.0082246, , , , , , , 26.8021731, -0.0083925, , , , , , , 26.8021731, 0.0112459, , , , , , , , , , , , , , , , , , , , , , , , , , , , 
26.8026923, 0.021149, , , , , , , 26.8026923, -0.0070497, , , , , , , 26.8026923, -0.0097353, , , , , , , 26.8026923, 0.0115816, , , , , , , , , , , , , , , , , , , , , , , , , , , , 
26.8032115, 0.0182956, , , , , , , 26.8032115, -0.0068818, , , , , , , 26.8032115, -0.0102388, , , , , , , 26.8032115, 0.0085603, , , , , , , , , , , , , , , , , , , , , , , , , , , , 
26.8037308, 0.0186313, , , , , , , 26.8037308, -0.0072175, , , , , , , 26.8037308, -0.0097353, , , , , , , 26.8037308, 0.0052033, , , , , , , , , , , , , , , , , , , , , , , , , , , , 
26.80425, 0.0199741, , , , , , , 26.80425, -0.0078889, , , , , , , 26.80425, -0.0090639, , , , , , , 26.80425, 0.0048676, , , , , , , , , , , , , , , , , , , , , , , , , , , , 
26.8047692, 0.0172885, , , , , , , 26.8047692, -0.0075532, , , , , , , 26.8047692, -0.0092317, , , , , , , 26.8047692, 0.0065461, , , , , , , , , , , , , , , , , , , , , , , , , , , , 
26.8052885, 0.0171206, , , , , , , 26.8052885, -0.0065461, , , , , , , 26.8052885, -0.0095674, , , , , , , 26.8052885, 0.0077211, , , , , , , , , , , , , , , , , , , , , , , , , , , , 
26.8058077, 0.0162814, , , , , , , 26.8058077, -0.0082246, , , , , , , 26.8058077, -0.0085603, , , , , , , 26.8058077, 0.0058747, , , , , , , , , , , , , , , , , , , , , , , , , , , , 
26.8063269, 0.0196384, , , , , , , 26.8063269, -0.0105745, , , , , , , 26.8063269, -0.0082246, , , , , , , 26.8063269, -0.0003357, , , , , , , , , , , , , , , , , , , , , , , , , , , , 
26.8068462, 0.0260166, , , , , , , 26.8068462, -0.0109102, , , , , , , 26.8068462, -0.0109102, , , , , , , 26.8068462, -0.0078889, , , , , , , , , , , , , , , , , , , , , , , , , , , , 
26.8073654, 0.0271916, , , , , , , 26.8073654, -0.0092317, , , , , , , 26.8073654, -0.0140993, , , , , , , 26.8073654, -0.0115816, , , , , , , , , , , , , , , , , , , , , , , , , , , , 
26.8078846, 0.0287022, , , , , , , 26.8078846, -0.0082246, , , , , , , 26.8078846, -0.0146029, , , , , , , 26.8078846, -0.012253, , , , , , , , , , , , , , , , , , , , , , , , , , , , 
26.8084038, 0.0354162, , , , , , , 26.8084038, -0.0077211, , , , , , , 26.8084038, -0.014435, , , , , , , 26.8084038, -0.0124208, , , , , , , , , , , , , , , , , , , , , , , , , , , , 
26.8089231, 0.0404517, , , , , , , 26.8089231, -0.0075532, , , , , , , 26.8089231, -0.0125887, , , , , , , 26.8089231, -0.0104067, , , , , , , , , , , , , , , , , , , , , , , , , , , , 
26.8094423, 0.0394446, , , , , , , 26.8094423, -0.0072175, , , , , , , 26.8094423, -0.0102388, , , , , , , 26.8094423, -0.0048676, , , , , , , , , , , , , , , , , , , , , , , , , , , , 
26.8099615, 0.0337377, , , , , , , 26.8099615, -0.0062104, , , , , , , 26.8099615, -0.0112459, , , , , , , 26.8099615, 0.0008392, , , , , , , , , , , , , , , , , , , , , , , , , , , , 
26.8104808, 0.0287022, , , , , , , 26.8104808, -0.0078889, , , , , , , 26.8104808, -0.012253, , , , , , , 26.8104808, 0.0048676, , , , , , , , , , , , , , , , , , , , , , , , , , , , 
26.811, 0.024506, , , , , , , 26.811, -0.008896, , , , , , , 26.811, -0.008896, , , , , , , 26.811, 0.0085603, , , , , , , , , , , , , , , , , , , , , , , , , , , , 
26.8115192, 0.0193027, , , , , , , 26.8115192, -0.0082246, , , , , , , 26.8115192, -0.0058747, , , , , , , 26.8115192, 0.0125887, , , , , , , , , , , , , , , , , , , , , , , , , , , , 
26.8120385, 0.0166171, , , , , , , 26.8120385, -0.0075532, , , , , , , 26.8120385, -0.0057069, , , , , , , 26.8120385, 0.0152743, , , , , , , , , , , , , , , , , , , , , , , , , , , , 
26.8125577, 0.0146029, , , , , , , 26.8125577, -0.0082246, , , , , , , 26.8125577, -0.0058747, , , , , , , 26.8125577, 0.0172885, , , , , , , , , , , , , , , , , , , , , , , , , , , , 
26.8130769, 0.008896, , , , , , , 26.8130769, -0.0095674, , , , , , , 26.8130769, -0.0048676, , , , , , , 26.8130769, 0.0199741, , , , , , , , , , , , , , , , , , , , , , , , , , , , 
26.8135962, 0.0011749, , , , , , , 26.8135962, -0.0085603, , , , , , , 26.8135962, -0.005539, , , , , , , 26.8135962, 0.023331, , , , , , , , , , , , , , , , , , , , , , , , , , , , 
26.8141154, -0.0008392, , , , , , , 26.8141154, -0.0062104, , , , , , , 26.8141154, -0.0068818, , , , , , , 26.8141154, 0.026688, , , , , , , , , , , , , , , , , , , , , , , , , , , , 
26.8146346, 0.0008392, , , , , , , 26.8146346, -0.0048676, , , , , , , 26.8146346, -0.0075532, , , , , , , 26.8146346, 0.0293736, , , , , , , , , , , , , , , , , , , , , , , , , , , , 
26.8151538, -0.0015106, , , , , , , 26.8151538, -0.0041962, , , , , , , 26.8151538, -0.0068818, , , , , , , 26.8151538, 0.0315557, , , , , , , , , , , , , , , , , , , , , , , , , , , , 
26.8156731, -0.0063783, , , , , , , 26.8156731, -0.0041962, , , , , , , 26.8156731, -0.0035248, , , , , , , 26.8156731, 0.0318914, , , , , , , , , , , , , , , , , , , , , , , , , , , , 
26.8161923, -0.0045319, , , , , , , 26.8161923, -0.0048676, , , , , , , 26.8161923, -0.0015106, , , , , , , 26.8161923, 0.0293736, , , , , , , , , , , , , , , , , , , , , , , , , , , , 
26.8167115, 0.0031891, , , , , , , 26.8167115, -0.0045319, , , , , , , 26.8167115, -0.0018463, , , , , , , 26.8167115, 0.0236667, , , , , , , , , , , , , , , , , , , , , , , , , , , , 
26.8172308, 0.0072175, , , , , , , 26.8172308, -0.0043641, , , , , , , 26.8172308, -0.002182, , , , , , , 26.8172308, 0.0169528, , , , , , , , , , , , , , , , , , , , , , , , , , , , 
26.81775, 0.008896, , , , , , , 26.81775, -0.0062104, , , , , , , 26.81775, -0.0028534, , , , , , , 26.81775, 0.0146029, , , , , , , , , , , , , , , , , , , , , , , , , , , , 
26.8182692, 0.0124208, , , , , , , 26.8182692, -0.0075532, , , , , , , 26.8182692, -0.0045319, , , , , , , 26.8182692, 0.0119173, , , , , , , , , , , , , , , , , , , , , , , , , , , , 
26.8187885, 0.0164492, , , , , , , 26.8187885, -0.0092317, , , , , , , 26.8187885, -0.0058747, , , , , , , 26.8187885, 0.0068818, , , , , , , , , , , , , , , , , , , , , , , , , , , , 
26.8193077, 0.0142672, , , , , , , 26.8193077, -0.0095674, , , , , , , 26.8193077, -0.005539, , , , , , , 26.8193077, 0.0052033, , , , , , , , , , , , , , , , , , , , , , , , , , , , 
26.8198269, 0.0135958, , , , , , , 26.8198269, -0.0085603, , , , , , , 26.8198269, -0.0045319, , , , , , , 26.8198269, 0.0072175, , , , , , , , , , , , , , , , , , , , , , , , , , , , 
26.8203462, 0.0159457, , , , , , , 26.8203462, -0.005539, , , , , , , 26.8203462, -0.003357, , , , , , , 26.8203462, 0.0083925, , , , , , , , , , , , , , , , , , , , , , , , , , , , 
26.8208654, 0.0171206, , , , , , , 26.8208654, -0.0048676, , , , , , , 26.8208654, -0.0041962, , , , , , , 26.8208654, 0.0058747, , , , , , , , , , , , , , , , , , , , , , , , , , , , 
26.8213846, 0.0146029, , , , , , , 26.8213846, -0.0058747, , , , , , , 26.8213846, -0.0045319, , , , , , , 26.8213846, 0.0045319, , , , , , , , , , , , , , , , , , , , , , , , , , , , 
26.8219038, 0.0119173, , , , , , , 26.8219038, -0.0065461, , , , , , , 26.8219038, -0.0048676, , , , , , , 26.8219038, 0.0043641, , , , , , , , , , , , , , , , , , , , , , , , , , , , 
26.8224231, 0.0129244, , , , , , , 26.8224231, -0.0068818, , , , , , , 26.8224231, -0.0072175, , , , , , , 26.8224231, 0.005539, , , , , , , , , , , , , , , , , , , , , , , , , , , , 
26.8229423, 0.0135958, , , , , , , 26.8229423, -0.0075532, , , , , , , 26.8229423, -0.0105745, , , , , , , 26.8229423, 0.0078889, , , , , , , , , , , , , , , , , , , , , , , , , , , , 
26.8234615, 0.0135958, , , , , , , 26.8234615, -0.008896, , , , , , , 26.8234615, -0.0109102, , , , , , , 26.8234615, 0.0102388, , , , , , , , , , , , , , , , , , , , , , , , , , , , 
26.8239808, 0.0139315, , , , , , , 26.8239808, -0.0112459, , , , , , , 26.8239808, -0.0085603, , , , , , , 26.8239808, 0.0119173, , , , , , , , , , , , , , , , , , , , , , , , , , , , 
26.8245, 0.0162814, , , , , , , 26.8245, -0.012253, , , , , , , 26.8245, -0.0065461, , , , , , , 26.8245, 0.012253, , , , , , , , , , , , , , , , , , , , , , , , , , , , 
26.8250192, 0.0198062, , , , , , , 26.8250192, -0.012253, , , , , , , 26.8250192, -0.0058747, , , , , , , 26.8250192, 0.0119173, , , , , , , , , , , , , , , , , , , , , , , , , , , , 
26.8255385, 0.0223239, , , , , , , 26.8255385, -0.0119173, , , , , , , 26.8255385, -0.0072175, , , , , , , 26.8255385, 0.0092317, , , , , , , , , , , , , , , , , , , , , , , , , , , , 
26.8260577, 0.0251774, , , , , , , 26.8260577, -0.0095674, , , , , , , 26.8260577, -0.0102388, , , , , , , 26.8260577, 0.0052033, , , , , , , , , , , , , , , , , , , , , , , , , , , , 
26.8265769, 0.0280308, , , , , , , 26.8265769, -0.0078889, , , , , , , 26.8265769, -0.0102388, , , , , , , 26.8265769, 0.0011749, , , , , , , , , , , , , , , , , , , , , , , , , , , , 
26.8270962, 0.0320592, , , , , , , 26.8270962, -0.008896, , , , , , , 26.8270962, -0.0102388, , , , , , , 26.8270962, 0.0003357, , , , , , , , , , , , , , , , , , , , , , , , , , , , 
26.8276154, 0.0350805, , , , , , , 26.8276154, -0.0109102, , , , , , , 26.8276154, -0.0119173, , , , , , , 26.8276154, -0.002182, , , , , , , , , , , , , , , , , , , , , , , , , , , , 
26.8281346, 0.0364233, , , , , , , 26.8281346, -0.0109102, , , , , , , 26.8281346, -0.0135958, , , , , , , 26.8281346, -0.005539, , , , , , , , , , , , , , , , , , , , , , , , , , , , 
26.8286538, 0.0328985, , , , , , , 26.8286538, -0.0102388, , , , , , , 26.8286538, -0.0164492, , , , , , , 26.8286538, -0.0045319, , , , , , , , , , , , , , , , , , , , , , , , , , , , 
26.8291731, 0.0273594, , , , , , , 26.8291731, -0.0095674, , , , , , , 26.8291731, -0.0169528, , , , , , , 26.8291731, -0.0016785, , , , , , , , , , , , , , , , , , , , , , , , , , , , 
26.8296923, 0.0260166, , , , , , , 26.8296923, -0.0082246, , , , , , , 26.8296923, -0.0166171, , , , , , , 26.8296923, 0.0005035, , , , , , , , , , , , , , , , , , , , , , , , , , , , 
26.8302115, 0.023331, , , , , , , 26.8302115, -0.0085603, , , , , , , 26.8302115, -0.0132601, , , , , , , 26.8302115, 0.0048676, , , , , , , , , , , , , , , , , , , , , , , , , , , , 
26.8307308, 0.0194705, , , , , , , 26.8307308, -0.0075532, , , , , , , 26.8307308, -0.0102388, , , , , , , 26.8307308, 0.0105745, , , , , , , , , , , , , , , , , , , , , , , , , , , , 
26.83125, 0.0146029, , , , , , , 26.83125, -0.0083925, , , , , , , 26.83125, -0.0099031, , , , , , , 26.83125, 0.0146029, , , , , , , , , , , , , , , , , , , , , , , , , , , , 
26.8317692, 0.0075532, , , , , , , 26.8317692, -0.0095674, , , , , , , 26.8317692, -0.0102388, , , , , , , 26.8317692, 0.0171206, , , , , , , , , , , , , , , , , , , , , , , , , , , , 
26.8322885, 0.0025177, , , , , , , 26.8322885, -0.0099031, , , , , , , 26.8322885, -0.0105745, , , , , , , 26.8322885, 0.0198062, , , , , , , , , , , , , , , , , , , , , , , , , , , , 
26.8328077, -0.0065461, , , , , , , 26.8328077, -0.008896, , , , , , , 26.8328077, -0.0112459, , , , , , , 26.8328077, 0.0253452, , , , , , , , , , , , , , , , , , , , , , , , , , , , 
26.8333269, -0.0151064, , , , , , , 26.8333269, -0.008896, , , , , , , 26.8333269, -0.0095674, , , , , , , 26.8333269, 0.0330663, , , , , , , , , , , , , , , , , , , , , , , , , , , , 
26.8338462, -0.0186313, , , , , , , 26.8338462, -0.0090639, , , , , , , 26.8338462, -0.0072175, , , , , , , 26.8338462, 0.0377661, , , , , , , , , , , , , , , , , , , , , , , , , , , , 
26.8343654, -0.0171206, , , , , , , 26.8343654, -0.0090639, , , , , , , 26.8343654, -0.0062104, , , , , , , 26.8343654, 0.0407874, , , , , , , , , , , , , , , , , , , , , , , , , , , , 
26.8348846, -0.0162814, , , , , , , 26.8348846, -0.005539, , , , , , , 26.8348846, -0.0045319, , , , , , , 26.8348846, 0.0426337, , , , , , , , , , , , , , , , , , , , , , , , , , , , 
26.8354038, -0.0162814, , , , , , , 26.8354038, -0.0041962, , , , , , , 26.8354038, -0.0018463, , , , , , , 26.8354038, 0.0431373, , , , , , , , , , , , , , , , , , , , , , , , , , , , 
26.8359231, -0.0152743, , , , , , , 26.8359231, -0.005539, , , , , , , 26.8359231, -0.0016785, , , , , , , 26.8359231, 0.0414588, , , , , , , , , , , , , , , , , , , , , , , , , , , , 
26.8364423, -0.0102388, , , , , , , 26.8364423, -0.0057069, , , , , , , 26.8364423, -0.0041962, , , , , , , 26.8364423, 0.036759, , , , , , , , , , , , , , , , , , , , , , , , , , , , 
26.8369615, -0.0031891, , , , , , , 26.8369615, -0.0045319, , , , , , , 26.8369615, -0.0057069, , , , , , , 26.8369615, 0.0327306, , , , , , , , , , , , , , , , , , , , , , , , , , , , 
26.8374808, -0.0008392, , , , , , , 26.8374808, -0.0028534, , , , , , , 26.8374808, -0.0072175, , , , , , , 26.8374808, 0.030045, , , , , , , , , , , , , , , , , , , , , , , , , , , , 
26.838, 0.0010071, , , , , , , 26.838, -0.0048676, , , , , , , 26.838, -0.0082246, , , , , , , 26.838, 0.026688, , , , , , , , , , , , , , , , , , , , , , , , , , , , 
26.8385192, 0.0087282, , , , , , , 26.8385192, -0.0082246, , , , , , , 26.8385192, -0.0082246, , , , , , , 26.8385192, 0.0214847, , , , , , , , , , , , , , , , , , , , , , , , , , , , 
26.8390385, 0.0149386, , , , , , , 26.8390385, -0.0095674, , , , , , , 26.8390385, -0.005539, , , , , , , 26.8390385, 0.0159457, , , , , , , , , , , , , , , , , , , , , , , , , , , , 
26.8395577, 0.0142672, , , , , , , 26.8395577, -0.0085603, , , , , , , 26.8395577, -0.0041962, , , , , , , 26.8395577, 0.0119173, , , , , , , , , , , , , , , , , , , , , , , , , , , , 
26.8400769, 0.0159457, , , , , , , 26.8400769, -0.0082246, , , , , , , 26.8400769, -0.0058747, , , , , , , 26.8400769, 0.0078889, , , , , , , , , , , , , , , , , , , , , , , , , , , , 
26.8405962, 0.0204776, , , , , , , 26.8405962, -0.0068818, , , , , , , 26.8405962, -0.0068818, , , , , , , 26.8405962, 0.0068818, , , , , , , , , , , , , , , , , , , , , , , , , , , , 
26.8411154, 0.0258488, , , , , , , 26.8411154, -0.0058747, , , , , , , 26.8411154, -0.0072175, , , , , , , 26.8411154, 0.0073854, , , , , , , , , , , , , , , , , , , , , , , , , , , , 
26.8416346, 0.0276951, , , , , , , 26.8416346, -0.003357, , , , , , , 26.8416346, -0.0082246, , , , , , , 26.8416346, 0.0075532, , , , , , , , , , , , , , , , , , , , , , , , , , , , 
26.8421538, 0.0243381, , , , , , , 26.8421538, -0.0023499, , , , , , , 26.8421538, -0.0082246, , , , , , , 26.8421538, 0.0043641, , , , , , , , , , , , , , , , , , , , , , , , , , , , 
26.8426731, 0.023331, , , , , , , 26.8426731, -0.0041962, , , , , , , 26.8426731, -0.0065461, , , , , , , 26.8426731, -0.0001678, , , , , , , , , , , , , , , , , , , , , , , , , , , , 
26.8431923, 0.0246738, , , , , , , 26.8431923, -0.0036927, , , , , , , 26.8431923, -0.0062104, , , , , , , 26.8431923, -0.0028534, , , , , , , , , , , , , , , , , , , , , , , , , , , , 
26.8437115, 0.024506, , , , , , , 26.8437115, -0.005539, , , , , , , 26.8437115, -0.0078889, , , , , , , 26.8437115, -0.0015106, , , , , , , , , , , , , , , , , , , , , , , , , , , , 
26.8442308, 0.0256809, , , , , , , 26.8442308, -0.0075532, , , , , , , 26.8442308, -0.0085603, , , , , , , 26.8442308, 0.0011749, , , , , , , , , , , , , , , , , , , , , , , , , , , , 
26.84475, 0.0226596, , , , , , , 26.84475, -0.0075532, , , , , , , 26.84475, -0.0075532, , , , , , , 26.84475, 0.0031891, , , , , , , , , , , , , , , , , , , , , , , , , , , , 
26.8452692, 0.0196384, , , , , , , 26.8452692, -0.0068818, , , , , , , 26.8452692, -0.0048676, , , , , , , 26.8452692, 0.0057069, , , , , , , , , , , , , , , , , , , , , , , , , , , , 
26.8457885, 0.0204776, , , , , , , 26.8457885, -0.0068818, , , , , , , 26.8457885, -0.0052033, , , , , , , 26.8457885, 0.0063783, , , , , , , , , , , , , , , , , , , , , , , , , , , , 
26.8463077, 0.0213169, , , , , , , 26.8463077, -0.0068818, , , , , , , 26.8463077, -0.0070497, , , , , , , 26.8463077, 0.0035248, , , , , , , , , , , , , , , , , , , , , , , , , , , , 
26.8468269, 0.0240024, , , , , , , 26.8468269, -0.0068818, , , , , , , 26.8468269, -0.0068818, , , , , , , 26.8468269, -0.0015106, , , , , , , , , , , , , , , , , , , , , , , , , , , , 
26.8473462, 0.0330663, , , , , , , 26.8473462, -0.005539, , , , , , , 26.8473462, -0.0075532, , , , , , , 26.8473462, -0.0068818, , , , , , , , , , , , , , , , , , , , , , , , , , , , 
26.8478654, 0.040116, , , , , , , 26.8478654, -0.0041962, , , , , , , 26.8478654, -0.0099031, , , , , , , 26.8478654, -0.0115816, , , , , , , , , , , , , , , , , , , , , , , , , , , , 
26.8483846, 0.0421302, , , , , , , 26.8483846, -0.005539, , , , , , , 26.8483846, -0.0119173, , , , , , , 26.8483846, -0.0139315, , , , , , , , , , , , , , , , , , , , , , , , , , , , 
26.8489038, 0.0372625, , , , , , , 26.8489038, -0.008896, , , , , , , 26.8489038, -0.0115816, , , , , , , 26.8489038, -0.012253, , , , , , , , , , , , , , , , , , , , , , , , , , , , 
26.8494231, 0.0320592, , , , , , , 26.8494231, -0.0102388, , , , , , , 26.8494231, -0.0124208, , , , , , , 26.8494231, -0.008896, , , , , , , , , , , , , , , , , , , , , , , , , , , , 
26.8499423, 0.0260166, , , , , , , 26.8499423, -0.0090639, , , , , , , 26.8499423, -0.0129244, , , , , , , 26.8499423, -0.0043641, , , , , , , , , , , , , , , , , , , , , , , , , , , , 
26.8504615, 0.0193027, , , , , , , 26.8504615, -0.0092317, , , , , , , 26.8504615, -0.012253, , , , , , , 26.8504615, 0.0011749, , , , , , , , , , , , , , , , , , , , , , , , , , , , 
26.8509808, 0.0125887, , , , , , , 26.8509808, -0.0102388, , , , , , , 26.8509808, -0.0105745, , , , , , , 26.8509808, 0.0072175, , , , , , , , , , , , , , , , , , , , , , , , , , , , 
26.8515, 0.0109102, , , , , , , 26.8515, -0.0109102, , , , , , , 26.8515, -0.0082246, , , , , , , 26.8515, 0.0105745, , , , , , , , , , , , , , , , , , , , , , , , , , , , 
26.8520192, 0.0125887, , , , , , , 26.8520192, -0.0095674, , , , , , , 26.8520192, -0.005539, , , , , , , 26.8520192, 0.0162814, , , , , , , , , , , , , , , , , , , , , , , , , , , , 
26.8525385, 0.0099031, , , , , , , 26.8525385, -0.0082246, , , , , , , 26.8525385, -0.0025177, , , , , , , 26.8525385, 0.0240024, , , , , , , , , , , , , , , , , , , , , , , , , , , , 
26.8530577, 0.0038605, , , , , , , 26.8530577, -0.008896, , , , , , , 26.8530577, -0.0015106, , , , , , , 26.8530577, 0.0280308, , , , , , , , , , , , , , , , , , , , , , , , , , , , 
26.8535769, -0.0018463, , , , , , , 26.8535769, -0.0095674, , , , , , , 26.8535769, -0.0015106, , , , , , , 26.8535769, 0.0287022, , , , , , , , , , , , , , , , , , , , , , , , , , , , 
26.8540962, -0.0075532, , , , , , , 26.8540962, -0.0095674, , , , , , , 26.8540962, -0.0018463, , , , , , , 26.8540962, 0.0318914, , , , , , , , , , , , , , , , , , , , , , , , , , , , 
26.8546154, -0.0109102, , , , , , , 26.8546154, -0.0097353, , , , , , , 26.8546154, -0.0030213, , , , , , , 26.8546154, 0.0344091, , , , , , , , , , , , , , , , , , , , , , , , , , , , 
26.8551346, -0.012253, , , , , , , 26.8551346, -0.0099031, , , , , , , 26.8551346, -0.0028534, , , , , , , 26.8551346, 0.0360876, , , , , , , , , , , , , , , , , , , , , , , , , , , , 
26.8556538, -0.012253, , , , , , , 26.8556538, -0.0068818, , , , , , , 26.8556538, -0.0018463, , , , , , , 26.8556538, 0.0377661, , , , , , , , , , , , , , , , , , , , , , , , , , , , 
26.8561731, -0.012253, , , , , , , 26.8561731, -0.0058747, , , , , , , 26.8561731, -0.0041962, , , , , , , 26.8561731, 0.0360876, , , , , , , , , , , , , , , , , , , , , , , , , , , , 
26.8566923, -0.0105745, , , , , , , 26.8566923, -0.0070497, , , , , , , 26.8566923, -0.005539, , , , , , , 26.8566923, 0.0303807, , , , , , , , , , , , , , , , , , , , , , , , , , , , 
26.8572115, -0.0065461, , , , , , , 26.8572115, -0.0068818, , , , , , , 26.8572115, -0.0041962, , , , , , , 26.8572115, 0.026688, , , , , , , , , , , , , , , , , , , , , , , , , , , , 
26.8577308, -0.0028534, , , , , , , 26.8577308, -0.0068818, , , , , , , 26.8577308, -0.0035248, , , , , , , 26.8577308, 0.0243381, , , , , , , , , , , , , , , , , , , , , , , , , , , , 
26.85825, -0.0008392, , , , , , , 26.85825, -0.0072175, , , , , , , 26.85825, -0.0035248, , , , , , , 26.85825, 0.023331, , , , , , , , , , , , , , , , , , , , , , , , , , , , 
26.8587692, 0.0003357, , , , , , , 26.8587692, -0.0085603, , , , , , , 26.8587692, -0.005539, , , , , , , 26.8587692, 0.0206455, , , , , , , , , , , , , , , , , , , , , , , , , , , , 
26.8592885, 0.005539, , , , , , , 26.8592885, -0.0082246, , , , , , , 26.8592885, -0.0058747, , , , , , , 26.8592885, 0.01561, , , , , , , , , , , , , , , , , , , , , , , , , , , , 
26.8598077, 0.0075532, , , , , , , 26.8598077, -0.0072175, , , , , , , 26.8598077, -0.0038605, , , , , , , 26.8598077, 0.012253, , , , , , , , , , , , , , , , , , , , , , , , , , , , 
26.8603269, 0.0085603, , , , , , , 26.8603269, -0.0075532, , , , , , , 26.8603269, -0.0028534, , , , , , , 26.8603269, 0.0135958, , , , , , , , , , , , , , , , , , , , , , , , , , , , 
26.8608462, 0.0105745, , , , , , , 26.8608462, -0.0082246, , , , , , , 26.8608462, -0.0031891, , , , , , , 26.8608462, 0.0140993, , , , , , , , , , , , , , , , , , , , , , , , , , , , 
26.8613654, 0.0119173, , , , , , , 26.8613654, -0.0082246, , , , , , , 26.8613654, -0.005539, , , , , , , 26.8613654, 0.0129244, , , , , , , , , , , , , , , , , , , , , , , , , , , , 
26.8618846, 0.0159457, , , , , , , 26.8618846, -0.0082246, , , , , , , 26.8618846, -0.0068818, , , , , , , 26.8618846, 0.0129244, , , , , , , , , , , , , , , , , , , , , , , , , , , , 
26.8624038, 0.0243381, , , , , , , 26.8624038, -0.0068818, , , , , , , 26.8624038, -0.0087282, , , , , , , 26.8624038, 0.0124208, , , , , , , , , , , , , , , , , , , , , , , , , , , , 
26.8629231, 0.0288701, , , , , , , 26.8629231, -0.005539, , , , , , , 26.8629231, -0.0112459, , , , , , , 26.8629231, 0.011078, , , , , , , , , , , , , , , , , , , , , , , , , , , , 
26.8634423, 0.0260166, , , , , , , 26.8634423, -0.005539, , , , , , , 26.8634423, -0.012253, , , , , , , 26.8634423, 0.0092317, , , , , , , , , , , , , , , , , , , , , , , , , , , , 
26.8639615, 0.0216526, , , , , , , 26.8639615, -0.0063783, , , , , , , 26.8639615, -0.0102388, , , , , , , 26.8639615, 0.0092317, , , , , , , , , , , , , , , , , , , , , , , , , , , , 
26.8644808, 0.0196384, , , , , , , 26.8644808, -0.0075532, , , , , , , 26.8644808, -0.0075532, , , , , , , 26.8644808, 0.0114137, , , , , , , , , , , , , , , , , , , , , , , , , , , , 
26.865, 0.0203098, , , , , , , 26.865, -0.0075532, , , , , , , 26.865, -0.0068818, , , , , , , 26.865, 0.0115816, , , , , , , , , , , , , , , , , , , , , , , , , , , , 
26.8655192, 0.0206455, , , , , , , 26.8655192, -0.0065461, , , , , , , 26.8655192, -0.0099031, , , , , , , 26.8655192, 0.0102388, , , , , , , , , , , , , , , , , , , , , , , , , , , , 
26.8660385, 0.023331, , , , , , , 26.8660385, -0.0058747, , , , , , , 26.8660385, -0.0129244, , , , , , , 26.8660385, 0.0065461, , , , , , , , , , , , , , , , , , , , , , , , , , , , 
26.8665577, 0.026688, , , , , , , 26.8665577, -0.0045319, , , , , , , 26.8665577, -0.0149386, , , , , , , 26.8665577, -0.0008392, , , , , , , , , , , , , , , , , , , , , , , , , , , , 
26.8670769, 0.0302129, , , , , , , 26.8670769, -0.0045319, , , , , , , 26.8670769, -0.0162814, , , , , , , 26.8670769, -0.0065461, , , , , , , , , , , , , , , , , , , , , , , , , , , , 
26.8675962, 0.033402, , , , , , , 26.8675962, -0.0068818, , , , , , , 26.8675962, -0.0162814, , , , , , , 26.8675962, -0.0062104, , , , , , , , , , , , , , , , , , , , , , , , , , , , 
26.8681154, 0.0370947, , , , , , , 26.8681154, -0.008896, , , , , , , 26.8681154, -0.0135958, , , , , , , 26.8681154, -0.0068818, , , , , , , , , , , , , , , , , , , , , , , , , , , , 
26.8686346, 0.0372625, , , , , , , 26.8686346, -0.0097353, , , , , , , 26.8686346, -0.0119173, , , , , , , 26.8686346, -0.0065461, , , , , , , , , , , , , , , , , , , , , , , , , , , , 
26.8691538, 0.0313878, , , , , , , 26.8691538, -0.0102388, , , , , , , 26.8691538, -0.0135958, , , , , , , 26.8691538, -0.005539, , , , , , , , , , , , , , , , , , , , , , , , , , , , 
26.8696731, 0.0246738, , , , , , , 26.8696731, -0.0105745, , , , , , , 26.8696731, -0.0142672, , , , , , , 26.8696731, -0.0041962, , , , , , , , , , , , , , , , , , , , , , , , , , , , 
26.8701923, 0.0213169, , , , , , , 26.8701923, -0.0099031, , , , , , , 26.8701923, -0.0149386, , , , , , , 26.8701923, 0.0005035, , , , , , , , , , , , , , , , , , , , , , , , , , , , 
26.8707115, 0.0191348, , , , , , , 26.8707115, -0.0075532, , , , , , , 26.8707115, -0.0149386, , , , , , , 26.8707115, 0.0068818, , , , , , , , , , , , , , , , , , , , , , , , , , , , 
26.8712308, 0.0179599, , , , , , , 26.8712308, -0.0072175, , , , , , , 26.8712308, -0.0139315, , , , , , , 26.8712308, 0.012253, , , , , , , , , , , , , , , , , , , , , , , , , , , , 
26.87175, 0.0172885, , , , , , , 26.87175, -0.008896, , , , , , , 26.87175, -0.0135958, , , , , , , 26.87175, 0.0159457, , , , , , , , , , , , , , , , , , , , , , , , , , , , 
26.8722692, 0.0154421, , , , , , , 26.8722692, -0.0095674, , , , , , , 26.8722692, -0.0115816, , , , , , , 26.8722692, 0.021149, , , , , , , , , , , , , , , , , , , , , , , , , , , , 
26.8727885, 0.0112459, , , , , , , 26.8727885, -0.0095674, , , , , , , 26.8727885, -0.0068818, , , , , , , 26.8727885, 0.0293736, , , , , , , , , , , , , , , , , , , , , , , , , , , , 
26.8733077, -0.0003357, , , , , , , 26.8733077, -0.0102388, , , , , , , 26.8733077, -0.0041962, , , , , , , 26.8733077, 0.0374304, , , , , , , , , , , , , , , , , , , , , , , , , , , , 
26.8738269, -0.0105745, , , , , , , 26.8738269, -0.0099031, , , , , , , 26.8738269, -0.0040284, , , , , , , 26.8738269, 0.0407874, , , , , , , , , , , , , , , , , , , , , , , , , , , , 
26.8743462, -0.0146029, , , , , , , 26.8743462, -0.0082246, , , , , , , 26.8743462, -0.0036927, , , , , , , 26.8743462, 0.040116, , , , , , , , , , , , , , , , , , , , , , , , , , , , 
26.8748654, -0.0149386, , , , , , , 26.8748654, -0.0062104, , , , , , , 26.8748654, -0.0038605, , , , , , , 26.8748654, 0.0392767, , , , , , , , , , , , , , , , , , , , , , , , , , , , 
26.8753846, -0.0176242, , , , , , , 26.8753846, -0.0058747, , , , , , , 26.8753846, -0.0038605, , , , , , , 26.8753846, 0.0384375, , , , , , , , , , , , , , , , , , , , , , , , , , , , 
26.8759038, -0.0166171, , , , , , , 26.8759038, -0.0048676, , , , , , , 26.8759038, -0.0041962, , , , , , , 26.8759038, 0.0347448, , , , , , , , , , , , , , , , , , , , , , , , , , , , 
26.8764231, -0.0062104, , , , , , , 26.8764231, -0.0048676, , , , , , , 26.8764231, -0.0041962, , , , , , , 26.8764231, 0.027863, , , , , , , , , , , , , , , , , , , , , , , , , , , , 
26.8769423, 0.0065461, , , , , , , 26.8769423, -0.005539, , , , , , , 26.8769423, -0.0052033, , , , , , , 26.8769423, 0.0213169, , , , , , , , , , , , , , , , , , , , , , , , , , , , 
26.8774615, 0.0127565, , , , , , , 26.8774615, -0.0058747, , , , , , , 26.8774615, -0.0052033, , , , , , , 26.8774615, 0.0162814, , , , , , , , , , , , , , , , , , , , , , , , , , , , 
26.8779808, 0.0159457, , , , , , , 26.8779808, -0.0068818, , , , , , , 26.8779808, -0.0038605, , , , , , , 26.8779808, 0.0132601, , , , , , , , , , , , , , , , , , , , , , , , , , , , 
26.8785, 0.018967, , , , , , , 26.8785, -0.0077211, , , , , , , 26.8785, -0.0025177, , , , , , , 26.8785, 0.0109102, , , , , , , , , , , , , , , , , , , , , , , , , , , , 
26.8790192, 0.0216526, , , , , , , 26.8790192, -0.0072175, , , , , , , 26.8790192, -0.0018463, , , , , , , 26.8790192, 0.0078889, , , , , , , , , , , , , , , , , , , , , , , , , , , , 
26.8795385, 0.0219883, , , , , , , 26.8795385, -0.0052033, , , , , , , 26.8795385, -0.0031891, , , , , , , 26.8795385, 0.0075532, , , , , , , , , , , , , , , , , , , , , , , , , , , , 
26.8800577, 0.0194705, , , , , , , 26.8800577, -0.0038605, , , , , , , 26.8800577, -0.0041962, , , , , , , 26.8800577, 0.0072175, , , , , , , , , , , , , , , , , , , , , , , , , , , , 
26.8805769, 0.0166171, , , , , , , 26.8805769, -0.0045319, , , , , , , 26.8805769, -0.0048676, , , , , , , 26.8805769, 0.0052033, , , , , , , , , , , , , , , , , , , , , , , , , , , , 
26.8810962, 0.0199741, , , , , , , 26.8810962, -0.0048676, , , , , , , 26.8810962, -0.005539, , , , , , , 26.8810962, 0.0045319, , , , , , , , , , , , , , , , , , , , , , , , , , , , 
26.8816154, 0.0246738, , , , , , , 26.8816154, -0.005539, , , , , , , 26.8816154, -0.0078889, , , , , , , 26.8816154, 0.0035248, , , , , , , , , , , , , , , , , , , , , , , , , , , , 
26.8821346, 0.0253452, , , , , , , 26.8821346, -0.0082246, , , , , , , 26.8821346, -0.0105745, , , , , , , 26.8821346, 0.0038605, , , , , , , , , , , , , , , , , , , , , , , , , , , , 
26.8826538, 0.0240024, , , , , , , 26.8826538, -0.0115816, , , , , , , 26.8826538, -0.010071, , , , , , , 26.8826538, 0.0048676, , , , , , , , , , , , , , , , , , , , , , , , , , , , 
26.8831731, 0.0208133, , , , , , , 26.8831731, -0.0115816, , , , , , , 26.8831731, -0.0072175, , , , , , , 26.8831731, 0.0057069, , , , , , , , , , , , , , , , , , , , , , , , , , , , 
26.8836923, 0.01561, , , , , , , 26.8836923, -0.010071, , , , , , , 26.8836923, -0.0068818, , , , , , , 26.8836923, 0.005539, , , , , , , , , , , , , , , , , , , , , , , , , , , , 
26.8842115, 0.0146029, , , , , , , 26.8842115, -0.0085603, , , , , , , 26.8842115, -0.0099031, , , , , , , 26.8842115, 0.0065461, , , , , , , , , , , , , , , , , , , , , , , , , , , , 
26.8847308, 0.0206455, , , , , , , 26.8847308, -0.0075532, , , , , , , 26.8847308, -0.0115816, , , , , , , 26.8847308, 0.0073854, , , , , , , , , , , , , , , , , , , , , , , , , , , , 
26.88525, 0.0240024, , , , , , , 26.88525, -0.0062104, , , , , , , 26.88525, -0.012253, , , , , , , 26.88525, 0.0058747, , , , , , , , , , , , , , , , , , , , , , , , , , , , 
26.8857692, 0.0263523, , , , , , , 26.8857692, -0.005539, , , , , , , 26.8857692, -0.0109102, , , , , , , 26.8857692, 0.0031891, , , , , , , , , , , , , , , , , , , , , , , , , , , , 
26.8862885, 0.03122, , , , , , , 26.8862885, -0.0062104, , , , , , , 26.8862885, -0.008896, , , , , , , 26.8862885, -0.002182, , , , , , , , , , , , , , , , , , , , , , , , , , , , 
26.8868077, 0.0327306, , , , , , , 26.8868077, -0.0068818, , , , , , , 26.8868077, -0.0075532, , , , , , , 26.8868077, -0.0082246, , , , , , , , , , , , , , , , , , , , , , , , , , , , 
26.8873269, 0.0317235, , , , , , , 26.8873269, -0.0085603, , , , , , , 26.8873269, -0.0092317, , , , , , , 26.8873269, -0.0129244, , , , , , , , , , , , , , , , , , , , , , , , , , , , 
26.8878462, 0.0313878, , , , , , , 26.8878462, -0.0099031, , , , , , , 26.8878462, -0.0102388, , , , , , , 26.8878462, -0.0139315, , , , , , , , , , , , , , , , , , , , , , , , , , , , 
26.8883654, 0.0347448, , , , , , , 26.8883654, -0.0095674, , , , , , , 26.8883654, -0.0095674, , , , , , , 26.8883654, -0.0135958, , , , , , , , , , , , , , , , , , , , , , , , , , , , 
26.8888846, 0.0381018, , , , , , , 26.8888846, -0.008896, , , , , , , 26.8888846, -0.0095674, , , , , , , 26.8888846, -0.012253, , , , , , , , , , , , , , , , , , , , , , , , , , , , 
26.8894038, 0.033402, , , , , , , 26.8894038, -0.0078889, , , , , , , 26.8894038, -0.0099031, , , , , , , 26.8894038, -0.008896, , , , , , , , , , , , , , , , , , , , , , , , , , , , 
26.8899231, 0.0287022, , , , , , , 26.8899231, -0.0062104, , , , , , , 26.8899231, -0.0112459, , , , , , , 26.8899231, -0.0048676, , , , , , , , , , , , , , , , , , , , , , , , , , , , 
26.8904423, 0.0219883, , , , , , , 26.8904423, -0.0058747, , , , , , , 26.8904423, -0.0115816, , , , , , , 26.8904423, 0.0010071, , , , , , , , , , , , , , , , , , , , , , , , , , , , 
26.8909615, 0.0152743, , , , , , , 26.8909615, -0.0065461, , , , , , , 26.8909615, -0.0112459, , , , , , , 26.8909615, 0.0072175, , , , , , , , , , , , , , , , , , , , , , , , , , , , 
26.8914808, 0.0112459, , , , , , , 26.8914808, -0.0072175, , , , , , , 26.8914808, -0.0115816, , , , , , , 26.8914808, 0.0125887, , , , , , , , , , , , , , , , , , , , , , , , , , , , 
26.892, 0.008896, , , , , , , 26.892, -0.0085603, , , , , , , 26.892, -0.0109102, , , , , , , 26.892, 0.0186313, , , , , , , , , , , , , , , , , , , , , , , , , , , , 
26.8925192, 0.0052033, , , , , , , 26.8925192, -0.0095674, , , , , , , 26.8925192, -0.0077211, , , , , , , 26.8925192, 0.0260166, , , , , , , , , , , , , , , , , , , , , , , , , , , , 
26.8930385, 0.0025177, , , , , , , 26.8930385, -0.0117494, , , , , , , 26.8930385, -0.0050355, , , , , , , 26.8930385, 0.0327306, , , , , , , , , , , , , , , , , , , , , , , , , , , , 
26.8935577, -0.0005035, , , , , , , 26.8935577, -0.0125887, , , , , , , 26.8935577, -0.0058747, , , , , , , 26.8935577, 0.0340734, , , , , , , , , , , , , , , , , , , , , , , , , , , , 
26.8940769, -0.0075532, , , , , , , 26.8940769, -0.0109102, , , , , , , 26.8940769, -0.0078889, , , , , , , 26.8940769, 0.0347448, , , , , , , , , , , , , , , , , , , , , , , , , , , , 
26.8945962, -0.01561, , , , , , , 26.8945962, -0.008896, , , , , , , 26.8945962, -0.0065461, , , , , , , 26.8945962, 0.0387732, , , , , , , , , , , , , , , , , , , , , , , , , , , , 
26.8951154, -0.0199741, , , , , , , 26.8951154, -0.0068818, , , , , , , 26.8951154, -0.0045319, , , , , , , 26.8951154, 0.0421302, , , , , , , , , , , , , , , , , , , , , , , , , , , , 
26.8956346, -0.0203098, , , , , , , 26.8956346, -0.0070497, , , , , , , 26.8956346, -0.0025177, , , , , , , 26.8956346, 0.0417945, , , , , , , , , , , , , , , , , , , , , , , , , , , , 
26.8961538, -0.0142672, , , , , , , 26.8961538, -0.0085603, , , , , , , 26.8961538, 0.0001678, , , , , , , 26.8961538, 0.0374304, , , , , , , , , , , , , , , , , , , , , , , , , , , , 
26.8966731, -0.0082246, , , , , , , 26.8966731, -0.0102388, , , , , , , 26.8966731, -0.0001678, , , , , , , 26.8966731, 0.0320592, , , , , , , , , , , , , , , , , , , , , , , , , , , , 
26.8971923, -0.0075532, , , , , , , 26.8971923, -0.0085603, , , , , , , 26.8971923, -0.0035248, , , , , , , 26.8971923, 0.0258488, , , , , , , , , , , , , , , , , , , , , , , , , , , , 
26.8977115, -0.0062104, , , , , , , 26.8977115, -0.0072175, , , , , , , 26.8977115, -0.0062104, , , , , , , 26.8977115, 0.0203098, , , , , , , , , , , , , , , , , , , , , , , , , , , , 
26.8982308, 0.0015106, , , , , , , 26.8982308, -0.0068818, , , , , , , 26.8982308, -0.0072175, , , , , , , 26.8982308, 0.0184634, , , , , , , , , , , , , , , , , , , , , , , , , , , , 
26.89875, 0.0065461, , , , , , , 26.89875, -0.0085603, , , , , , , 26.89875, -0.0075532, , , , , , , 26.89875, 0.0172885, , , , , , , , , , , , , , , , , , , , , , , , , , , , 
26.8992692, 0.0092317, , , , , , , 26.8992692, -0.0104067, , , , , , , 26.8992692, -0.0068818, , , , , , , 26.8992692, 0.0152743, , , , , , , , , , , , , , , , , , , , , , , , , , , , 
26.8997885, 0.0105745, , , , , , , 26.8997885, -0.0102388, , , , , , , 26.8997885, -0.0063783, , , , , , , 26.8997885, 0.0132601, , , , , , , , , , , , , , , , , , , , , , , , , , , , 
26.9003077, 0.0105745, , , , , , , 26.9003077, -0.0072175, , , , , , , 26.9003077, -0.0072175, , , , , , , 26.9003077, 0.0102388, , , , , , , , , , , , , , , , , , , , , , , , , , , , 
26.9008269, 0.012253, , , , , , , 26.9008269, -0.0060426, , , , , , , 26.9008269, -0.0078889, , , , , , , 26.9008269, 0.0092317, , , , , , , , , , , , , , , , , , , , , , , , , , , , 
26.9013462, 0.0114137, , , , , , , 26.9013462, -0.0062104, , , , , , , 26.9013462, -0.0072175, , , , , , , 26.9013462, 0.0078889, , , , , , , , , , , , , , , , , , , , , , , , , , , , 
26.9018654, 0.0139315, , , , , , , 26.9018654, -0.0072175, , , , , , , 26.9018654, -0.005539, , , , , , , 26.9018654, 0.0052033, , , , , , , , , , , , , , , , , , , , , , , , , , , , 
26.9023846, 0.0172885, , , , , , , 26.9023846, -0.0072175, , , , , , , 26.9023846, -0.0041962, , , , , , , 26.9023846, 0.005539, , , , , , , , , , , , , , , , , , , , , , , , , , , , 
26.9029038, 0.0149386, , , , , , , 26.9029038, -0.0062104, , , , , , , 26.9029038, -0.0057069, , , , , , , 26.9029038, 0.0065461, , , , , , , , , , , , , , , , , , , , , , , , , , , , 
26.9034231, 0.0130922, , , , , , , 26.9034231, -0.0062104, , , , , , , 26.9034231, -0.0102388, , , , , , , 26.9034231, 0.0058747, , , , , , , , , , , , , , , , , , , , , , , , , , , , 
26.9039423, 0.0125887, , , , , , , 26.9039423, -0.0062104, , , , , , , 26.9039423, -0.0130922, , , , , , , 26.9039423, 0.0050355, , , , , , , , , , , , , , , , , , , , , , , , , , , , 
26.9044615, 0.011078, , , , , , , 26.9044615, -0.0050355, , , , , , , 26.9044615, -0.0112459, , , , , , , 26.9044615, 0.0058747, , , , , , , , , , , , , , , , , , , , , , , , , , , , 
26.9049808, 0.0146029, , , , , , , 26.9049808, -0.0048676, , , , , , , 26.9049808, -0.0102388, , , , , , , 26.9049808, 0.0065461, , , , , , , , , , , , , , , , , , , , , , , , , , , , 
26.9055, 0.0213169, , , , , , , 26.9055, -0.0048676, , , , , , , 26.9055, -0.0115816, , , , , , , 26.9055, 0.0045319, , , , , , , , , , , , , , , , , , , , , , , , , , , , 
26.9060192, 0.0256809, , , , , , , 26.9060192, -0.0041962, , , , , , , 26.9060192, -0.0112459, , , , , , , 26.9060192, 0.0001678, , , , , , , , , , , , , , , , , , , , , , , , , , , , 
26.9065385, 0.0297093, , , , , , , 26.9065385, -0.0038605, , , , , , , 26.9065385, -0.0105745, , , , , , , 26.9065385, -0.0052033, , , , , , , , , , , , , , , , , , , , , , , , , , , , 
26.9070577, 0.0320592, , , , , , , 26.9070577, -0.0048676, , , , , , , 26.9070577, -0.0117494, , , , , , , 26.9070577, -0.0078889, , , , , , , , , , , , , , , , , , , , , , , , , , , , 
26.9075769, 0.0310521, , , , , , , 26.9075769, -0.0063783, , , , , , , 26.9075769, -0.0135958, , , , , , , 26.9075769, -0.008896, , , , , , , , , , , , , , , , , , , , , , , , , , , , 
26.9080962, 0.0307164, , , , , , , 26.9080962, -0.0085603, , , , , , , 26.9080962, -0.0129244, , , , , , , 26.9080962, -0.0102388, , , , , , , , , , , , , , , , , , , , , , , , , , , , 
26.9086154, 0.0315557, , , , , , , 26.9086154, -0.0102388, , , , , , , 26.9086154, -0.0125887, , , , , , , 26.9086154, -0.011078, , , , , , , , , , , , , , , , , , , , , , , , , , , , 
26.9091346, 0.0307164, , , , , , , 26.9091346, -0.0090639, , , , , , , 26.9091346, -0.0129244, , , , , , , 26.9091346, -0.0109102, , , , , , , , , , , , , , , , , , , , , , , , , , , , 
26.9096538, 0.0273594, , , , , , , 26.9096538, -0.0068818, , , , , , , 26.9096538, -0.0102388, , , , , , , 26.9096538, -0.0087282, , , , , , , , , , , , , , , , , , , , , , , , , , , , 
26.9101731, 0.023331, , , , , , , 26.9101731, -0.0060426, , , , , , , 26.9101731, -0.0082246, , , , , , , 26.9101731, -0.0048676, , , , , , , , , , , , , , , , , , , , , , , , , , , , 
26.9106923, 0.0199741, , , , , , , 26.9106923, -0.0072175, , , , , , , 26.9106923, -0.0077211, , , , , , , 26.9106923, 0.0008392, , , , , , , , , , , , , , , , , , , , , , , , , , , , 
26.9112115, 0.0169528, , , , , , , 26.9112115, -0.0085603, , , , , , , 26.9112115, -0.008896, , , , , , , 26.9112115, 0.0065461, , , , , , , , , , , , , , , , , , , , , , , , , , , , 
26.9117308, 0.0139315, , , , , , , 26.9117308, -0.0082246, , , , , , , 26.9117308, -0.0109102, , , , , , , 26.9117308, 0.0114137, , , , , , , , , , , , , , , , , , , , , , , , , , , , 
26.91225, 0.0085603, , , , , , , 26.91225, -0.008896, , , , , , , 26.91225, -0.0095674, , , , , , , 26.91225, 0.0167849, , , , , , , , , , , , , , , , , , , , , , , , , , , , 
26.9127692, 0.0077211, , , , , , , 26.9127692, -0.0085603, , , , , , , 26.9127692, -0.0062104, , , , , , , 26.9127692, 0.0229953, , , , , , , , , , , , , , , , , , , , , , , , , , , , 
26.9132885, 0.012253, , , , , , , 26.9132885, -0.0072175, , , , , , , 26.9132885, -0.0045319, , , , , , , 26.9132885, 0.0280308, , , , , , , , , , , , , , , , , , , , , , , , , , , , 
26.9138077, 0.005539, , , , , , , 26.9138077, -0.0085603, , , , , , , 26.9138077, -0.0038605, , , , , , , 26.9138077, 0.0332341, , , , , , , , , , , , , , , , , , , , , , , , , , , , 
26.9143269, -0.0057069, , , , , , , 26.9143269, -0.0104067, , , , , , , 26.9143269, -0.0035248, , , , , , , 26.9143269, 0.0394446, , , , , , , , , , , , , , , , , , , , , , , , , , , , 
26.9148462, -0.0105745, , , , , , , 26.9148462, -0.0095674, , , , , , , 26.9148462, -0.0008392, , , , , , , 26.9148462, 0.04448, , , , , , , , , , , , , , , , , , , , , , , , , , , , 
26.9153654, -0.0092317, , , , , , , 26.9153654, -0.0090639, , , , , , , 26.9153654, 0.0005035, , , , , , , 26.9153654, 0.0451514, , , , , , , , , , , , , , , , , , , , , , , , , , , , 
26.9158846, -0.008896, , , , , , , 26.9158846, -0.0082246, , , , , , , 26.9158846, -0.0028534, , , , , , , 26.9158846, 0.0421302, , , , , , , , , , , , , , , , , , , , , , , , , , , , 
26.9164038, -0.0078889, , , , , , , 26.9164038, -0.0072175, , , , , , , 26.9164038, -0.0057069, , , , , , , 26.9164038, 0.0347448, , , , , , , , , , , , , , , , , , , , , , , , , , , , 
26.9169231, -0.0048676, , , , , , , 26.9169231, -0.0058747, , , , , , , 26.9169231, -0.0078889, , , , , , , 26.9169231, 0.0273594, , , , , , , , , , , , , , , , , , , , , , , , , , , , 
26.9174423, 0.0001678, , , , , , , 26.9174423, -0.005539, , , , , , , 26.9174423, -0.008896, , , , , , , 26.9174423, 0.0213169, , , , , , , , , , , , , , , , , , , , , , , , , , , , 
26.9179615, 0.0083925, , , , , , , 26.9179615, -0.0063783, , , , , , , 26.9179615, -0.0102388, , , , , , , 26.9179615, 0.0186313, , , , , , , , , , , , , , , , , , , , , , , , , , , , 
26.9184808, 0.0162814, , , , , , , 26.9184808, -0.0072175, , , , , , , 26.9184808, -0.0112459, , , , , , , 26.9184808, 0.0172885, , , , , , , , , , , , , , , , , , , , , , , , , , , , 
26.919, 0.0198062, , , , , , , 26.919, -0.0082246, , , , , , , 26.919, -0.0115816, , , , , , , 26.919, 0.0172885, , , , , , , , , , , , , , , , , , , , , , , , , , , , 
26.9195192, 0.0186313, , , , , , , 26.9195192, -0.008896, , , , , , , 26.9195192, -0.0112459, , , , , , , 26.9195192, 0.0172885, , , , , , , , , , , , , , , , , , , , , , , , , , , , 
26.9200385, 0.0149386, , , , , , , 26.9200385, -0.008896, , , , , , , 26.9200385, -0.0090639, , , , , , , 26.9200385, 0.0169528, , , , , , , , , , , , , , , , , , , , , , , , , , , , 
26.9205577, 0.0159457, , , , , , , 26.9205577, -0.0073854, , , , , , , 26.9205577, -0.0087282, , , , , , , 26.9205577, 0.0139315, , , , , , , , , , , , , , , , , , , , , , , , , , , , 
26.9210769, 0.0176242, , , , , , , 26.9210769, -0.0062104, , , , , , , 26.9210769, -0.008896, , , , , , , 26.9210769, 0.0125887, , , , , , , , , , , , , , , , , , , , , , , , , , , , 
26.9215962, 0.0193027, , , , , , , 26.9215962, -0.0072175, , , , , , , 26.9215962, -0.0075532, , , , , , , 26.9215962, 0.0151064, , , , , , , , , , , , , , , , , , , , , , , , , , , , 
26.9221154, 0.0240024, , , , , , , 26.9221154, -0.0068818, , , , , , , 26.9221154, -0.0068818, , , , , , , 26.9221154, 0.0164492, , , , , , , , , , , , , , , , , , , , , , , , , , , , 
26.9226346, 0.0263523, , , , , , , 26.9226346, -0.0062104, , , , , , , 26.9226346, -0.0072175, , , , , , , 26.9226346, 0.0119173, , , , , , , , , , , , , , , , , , , , , , , , , , , , 
26.9231538, 0.0253452, , , , , , , 26.9231538, -0.0077211, , , , , , , 26.9231538, -0.0075532, , , , , , , 26.9231538, 0.005539, , , , , , , , , , , , , , , , , , , , , , , , , , , , 
26.9236731, 0.0270237, , , , , , , 26.9236731, -0.0085603, , , , , , , 26.9236731, -0.0068818, , , , , , , 26.9236731, 0.0031891, , , , , , , , , , , , , , , , , , , , , , , , , , , , 
26.9241923, 0.0251774, , , , , , , 26.9241923, -0.0085603, , , , , , , 26.9241923, -0.0070497, , , , , , , 26.9241923, 0.0038605, , , , , , , , , , , , , , , , , , , , , , , , , , , , 
26.9247115, 0.0186313, , , , , , , 26.9247115, -0.0075532, , , , , , , 26.9247115, -0.0072175, , , , , , , 26.9247115, 0.0045319, , , , , , , , , , , , , , , , , , , , , , , , , , , , 
26.9252308, 0.0169528, , , , , , , 26.9252308, -0.0075532, , , , , , , 26.9252308, -0.0075532, , , , , , , 26.9252308, 0.0030213, , , , , , , , , , , , , , , , , , , , , , , , , , , , 
26.92575, 0.0199741, , , , , , , 26.92575, -0.0087282, , , , , , , 26.92575, -0.0082246, , , , , , , 26.92575, 0.0011749, , , , , , , , , , , , , , , , , , , , , , , , , , , , 
26.9262692, 0.0250095, , , , , , , 26.9262692, -0.008896, , , , , , , 26.9262692, -0.0068818, , , , , , , 26.9262692, -0.0038605, , , , , , , , , , , , , , , , , , , , , , , , , , , , 
26.9267885, 0.0320592, , , , , , , 26.9267885, -0.0075532, , , , , , , 26.9267885, -0.005539, , , , , , , 26.9267885, -0.0095674, , , , , , , , , , , , , , , , , , , , , , , , , , , , 
26.9273077, 0.0303807, , , , , , , 26.9273077, -0.005539, , , , , , , 26.9273077, -0.0050355, , , , , , , 26.9273077, -0.011078, , , , , , , , , , , , , , , , , , , , , , , , , , , , 
26.9278269, 0.0206455, , , , , , , 26.9278269, -0.0060426, , , , , , , 26.9278269, -0.0063783, , , , , , , 26.9278269, -0.0099031, , , , , , , , , , , , , , , , , , , , , , , , , , , , 
26.9283462, 0.0152743, , , , , , , 26.9283462, -0.0058747, , , , , , , 26.9283462, -0.0092317, , , , , , , 26.9283462, -0.010071, , , , , , , , , , , , , , , , , , , , , , , , , , , , 
26.9288654, 0.0198062, , , , , , , 26.9288654, -0.0062104, , , , , , , 26.9288654, -0.0102388, , , , , , , 26.9288654, -0.0095674, , , , , , , , , , , , , , , , , , , , , , , , , , , , 
26.9293846, 0.0240024, , , , , , , 26.9293846, -0.0075532, , , , , , , 26.9293846, -0.0105745, , , , , , , 26.9293846, -0.0078889, , , , , , , , , , , , , , , , , , , , , , , , , , , , 
26.9299038, 0.0240024, , , , , , , 26.9299038, -0.0095674, , , , , , , 26.9299038, -0.0112459, , , , , , , 26.9299038, -0.0062104, , , , , , , , , , , , , , , , , , , , , , , , , , , , 
26.9304231, 0.0186313, , , , , , , 26.9304231, -0.0102388, , , , , , , 26.9304231, -0.0095674, , , , , , , 26.9304231, -0.0001678, , , , , , , , , , , , , , , , , , , , , , , , , , , , 
26.9309423, 0.0119173, , , , , , , 26.9309423, -0.0115816, , , , , , , 26.9309423, -0.0082246, , , , , , , 26.9309423, 0.0072175, , , , , , , , , , , , , , , , , , , , , , , , , , , , 
26.9314615, 0.005539, , , , , , , 26.9314615, -0.0109102, , , , , , , 26.9314615, -0.0070497, , , , , , , 26.9314615, 0.0139315, , , , , , , , , , , , , , , , , , , , , , , , , , , , 
26.9319808, -0.0005035, , , , , , , 26.9319808, -0.0085603, , , , , , , 26.9319808, -0.0075532, , , , , , , 26.9319808, 0.0179599, , , , , , , , , , , , , , , , , , , , , , , , , , , , 
26.9325, -0.0062104, , , , , , , 26.9325, -0.0072175, , , , , , , 26.9325, -0.0095674, , , , , , , 26.9325, 0.0216526, , , , , , , , , , , , , , , , , , , , , , , , , , , , 
26.9330192, -0.0050355, , , , , , , 26.9330192, -0.008896, , , , , , , 26.9330192, -0.0092317, , , , , , , 26.9330192, 0.0290379, , , , , , , , , , , , , , , , , , , , , , , , , , , , 
26.9335385, 0.0018463, , , , , , , 26.9335385, -0.0102388, , , , , , , 26.9335385, -0.0068818, , , , , , , 26.9335385, 0.0347448, , , , , , , , , , , , , , , , , , , , , , , , , , , , 
26.9340577, 0.0036927, , , , , , , 26.9340577, -0.0102388, , , , , , , 26.9340577, -0.0070497, , , , , , , 26.9340577, 0.0372625, , , , , , , , , , , , , , , , , , , , , , , , , , , , 
26.9345769, 0.002182, , , , , , , 26.9345769, -0.0090639, , , , , , , 26.9345769, -0.0058747, , , , , , , 26.9345769, 0.0394446, , , , , , , , , , , , , , , , , , , , , , , , , , , , 
26.9350962, 0.0018463, , , , , , , 26.9350962, -0.0075532, , , , , , , 26.9350962, -0.0048676, , , , , , , 26.9350962, 0.0431373, , , , , , , , , , , , , , , , , , , , , , , , , , , , 
26.9356154, 0.0023499, , , , , , , 26.9356154, -0.005539, , , , , , , 26.9356154, -0.0068818, , , , , , , 26.9356154, 0.0438087, , , , , , , , , , , , , , , , , , , , , , , , , , , , 
26.9361346, 0.0011749, , , , , , , 26.9361346, -0.005539, , , , , , , 26.9361346, -0.0095674, , , , , , , 26.9361346, 0.0387732, , , , , , , , , , , , , , , , , , , , , , , , , , , , 
26.9366538, -0.0001678, , , , , , , 26.9366538, -0.0082246, , , , , , , 26.9366538, -0.0095674, , , , , , , 26.9366538, 0.0297093, , , , , , , , , , , , , , , , , , , , , , , , , , , , 
26.9371731, -0.0035248, , , , , , , 26.9371731, -0.0102388, , , , , , , 26.9371731, -0.0082246, , , , , , , 26.9371731, 0.0236667, , , , , , , , , , , , , , , , , , , , , , , , , , , , 
26.9376923, -0.0048676, , , , , , , 26.9376923, -0.0109102, , , , , , , 26.9376923, -0.0075532, , , , , , , 26.9376923, 0.0186313, , , , , , , , , , , , , , , , , , , , , , , , , , , , 
26.9382115, -0.0001678, , , , , , , 26.9382115, -0.0112459, , , , , , , 26.9382115, -0.0058747, , , , , , , 26.9382115, 0.0146029, , , , , , , , , , , , , , , , , , , , , , , , , , , , 
26.9387308, 0.0082246, , , , , , , 26.9387308, -0.0104067, , , , , , , 26.9387308, -0.0043641, , , , , , , 26.9387308, 0.0125887, , , , , , , , , , , , , , , , , , , , , , , , , , , , 
26.93925, 0.0162814, , , , , , , 26.93925, -0.0077211, , , , , , , 26.93925, -0.0052033, , , , , , , 26.93925, 0.0109102, , , , , , , , , , , , , , , , , , , , , , , , , , , , 
26.9397692, 0.0184634, , , , , , , 26.9397692, -0.0078889, , , , , , , 26.9397692, -0.0050355, , , , , , , 26.9397692, 0.0092317, , , , , , , , , , , , , , , , , , , , , , , , , , , , 
26.9402885, 0.0186313, , , , , , , 26.9402885, -0.0095674, , , , , , , 26.9402885, -0.0062104, , , , , , , 26.9402885, 0.0072175, , , , , , , , , , , , , , , , , , , , , , , , , , , , 
26.9408077, 0.0132601, , , , , , , 26.9408077, -0.0099031, , , , , , , 26.9408077, -0.0065461, , , , , , , 26.9408077, 0.0065461, , , , , , , , , , , , , , , , , , , , , , , , , , , , 
26.9413269, 0.0099031, , , , , , , 26.9413269, -0.0090639, , , , , , , 26.9413269, -0.0060426, , , , , , , 26.9413269, 0.0043641, , , , , , , , , , , , , , , , , , , , , , , , , , , , 
26.9418462, 0.0119173, , , , , , , 26.9418462, -0.0095674, , , , , , , 26.9418462, -0.0062104, , , , , , , 26.9418462, 0.0041962, , , , , , , , , , , , , , , , , , , , , , , , , , , , 
26.9423654, 0.0166171, , , , , , , 26.9423654, -0.0102388, , , , , , , 26.9423654, -0.0087282, , , , , , , 26.9423654, 0.0038605, , , , , , , , , , , , , , , , , , , , , , , , , , , , 
26.9428846, 0.0198062, , , , , , , 26.9428846, -0.0102388, , , , , , , 26.9428846, -0.0102388, , , , , , , 26.9428846, 0.0025177, , , , , , , , , , , , , , , , , , , , , , , , , , , , 
26.9434038, 0.0208133, , , , , , , 26.9434038, -0.0082246, , , , , , , 26.9434038, -0.0099031, , , , , , , 26.9434038, -0.0001678, , , , , , , , , , , , , , , , , , , , , , , , , , , , 
26.9439231, 0.0206455, , , , , , , 26.9439231, -0.0072175, , , , , , , 26.9439231, -0.0102388, , , , , , , 26.9439231, 0.0015106, , , , , , , , , , , , , , , , , , , , , , , , , , , , 
26.9444423, 0.0226596, , , , , , , 26.9444423, -0.0078889, , , , , , , 26.9444423, -0.0109102, , , , , , , 26.9444423, 0.0052033, , , , , , , , , , , , , , , , , , , , , , , , , , , , 
26.9449615, 0.0260166, , , , , , , 26.9449615, -0.0082246, , , , , , , 26.9449615, -0.0102388, , , , , , , 26.9449615, 0.0065461, , , , , , , , , , , , , , , , , , , , , , , , , , , , 
26.9454808, 0.026688, , , , , , , 26.9454808, -0.0085603, , , , , , , 26.9454808, -0.0105745, , , , , , , 26.9454808, 0.0028534, , , , , , , , , , , , , , , , , , , , , , , , , , , , 
26.946, 0.0276951, , , , , , , 26.946, -0.0082246, , , , , , , 26.946, -0.0112459, , , , , , , 26.946, -0.0045319, , , , , , , , , , , , , , , , , , , , , , , , , , , , 
26.9465192, 0.0310521, , , , , , , 26.9465192, -0.0082246, , , , , , , 26.9465192, -0.0129244, , , , , , , 26.9465192, -0.0109102, , , , , , , , , , , , , , , , , , , , , , , , , , , , 
26.9470385, 0.0374304, , , , , , , 26.9470385, -0.0078889, , , , , , , 26.9470385, -0.0129244, , , , , , , 26.9470385, -0.0109102, , , , , , , , , , , , , , , , , , , , , , , , , , , , 
26.9475577, 0.0414588, , , , , , , 26.9475577, -0.0072175, , , , , , , 26.9475577, -0.0125887, , , , , , , 26.9475577, -0.0083925, , , , , , , , , , , , , , , , , , , , , , , , , , , , 
26.9480769, 0.0414588, , , , , , , 26.9480769, -0.0085603, , , , , , , 26.9480769, -0.0129244, , , , , , , 26.9480769, -0.0078889, , , , , , , , , , , , , , , , , , , , , , , , , , , , 
26.9485962, 0.0384375, , , , , , , 26.9485962, -0.008896, , , , , , , 26.9485962, -0.0135958, , , , , , , 26.9485962, -0.0062104, , , , , , , , , , , , , , , , , , , , , , , , , , , , 
26.9491154, 0.0374304, , , , , , , 26.9491154, -0.0077211, , , , , , , 26.9491154, -0.0105745, , , , , , , 26.9491154, -0.005539, , , , , , , , , , , , , , , , , , , , , , , , , , , , 
26.9496346, 0.0340734, , , , , , , 26.9496346, -0.0068818, , , , , , , 26.9496346, -0.0077211, , , , , , , 26.9496346, -0.0028534, , , , , , , , , , , , , , , , , , , , , , , , , , , , 
26.9501538, 0.0248417, , , , , , , 26.9501538, -0.005539, , , , , , , 26.9501538, -0.0092317, , , , , , , 26.9501538, 0.0010071, , , , , , , , , , , , , , , , , , , , , , , , , , , , 
26.9506731, 0.0176242, , , , , , , 26.9506731, -0.0052033, , , , , , , 26.9506731, -0.0099031, , , , , , , 26.9506731, 0.0043641, , , , , , , , , , , , , , , , , , , , , , , , , , , , 
26.9511923, 0.0152743, , , , , , , 26.9511923, -0.0048676, , , , , , , 26.9511923, -0.0087282, , , , , , , 26.9511923, 0.008896, , , , , , , , , , , , , , , , , , , , , , , , , , , , 
26.9517115, 0.0152743, , , , , , , 26.9517115, -0.0048676, , , , , , , 26.9517115, -0.0078889, , , , , , , 26.9517115, 0.0139315, , , , , , , , , , , , , , , , , , , , , , , , , , , , 
26.9522308, 0.0095674, , , , , , , 26.9522308, -0.0046998, , , , , , , 26.9522308, -0.0075532, , , , , , , 26.9522308, 0.018967, , , , , , , , , , , , , , , , , , , , , , , , , , , , 
26.95275, 0.0030213, , , , , , , 26.95275, -0.0048676, , , , , , , 26.95275, -0.0072175, , , , , , , 26.95275, 0.0251774, , , , , , , , , , , , , , , , , , , , , , , , , , , , 
26.9532692, 0.0030213, , , , , , , 26.9532692, -0.0028534, , , , , , , 26.9532692, -0.0035248, , , , , , , 26.9532692, 0.0310521, , , , , , , , , , , , , , , , , , , , , , , , , , , , 
26.9537885, 0.0035248, , , , , , , 26.9537885, -0.0015106, , , , , , , 26.9537885, -0.0005035, , , , , , , 26.9537885, 0.0354162, , , , , , , , , , , , , , , , , , , , , , , , , , , , 
26.9543077, -0.0028534, , , , , , , 26.9543077, -0.0030213, , , , , , , 26.9543077, -0.0008392, , , , , , , 26.9543077, 0.0394446, , , , , , , , , , , , , , , , , , , , , , , , , , , , 
26.9548269, -0.0109102, , , , , , , 26.9548269, -0.005539, , , , , , , 26.9548269, -0.0025177, , , , , , , 26.9548269, 0.043473, , , , , , , , , , , , , , , , , , , , , , , , , , , , 
26.9553462, -0.0139315, , , , , , , 26.9553462, -0.0065461, , , , , , , 26.9553462, -0.0041962, , , , , , , 26.9553462, 0.04448, , , , , , , , , , , , , , , , , , , , , , , , , , , , 
26.9558654, -0.0130922, , , , , , , 26.9558654, -0.005539, , , , , , , 26.9558654, -0.0036927, , , , , , , 26.9558654, 0.0453193, , , , , , , , , , , , , , , , , , , , , , , , , , , , 
26.9563846, -0.0102388, , , , , , , 26.9563846, -0.0041962, , , , , , , 26.9563846, -0.0015106, , , , , , , 26.9563846, 0.0414588, , , , , , , , , , , , , , , , , , , , , , , , , , , , 
26.9569038, -0.0031891, , , , , , , 26.9569038, -0.0058747, , , , , , , 26.9569038, -0.002182, , , , , , , 26.9569038, 0.0310521, , , , , , , , , , , , , , , , , , , , , , , , , , , , 
26.9574231, 0.0062104, , , , , , , 26.9574231, -0.0090639, , , , , , , 26.9574231, -0.005539, , , , , , , 26.9574231, 0.0236667, , , , , , , , , , , , , , , , , , , , , , , , , , , , 
26.9579423, 0.0135958, , , , , , , 26.9579423, -0.008896, , , , , , , 26.9579423, -0.0077211, , , , , , , 26.9579423, 0.0226596, , , , , , , , , , , , , , , , , , , , , , , , , , , , 
26.9584615, 0.017792, , , , , , , 26.9584615, -0.0068818, , , , , , , 26.9584615, -0.0078889, , , , , , , 26.9584615, 0.0204776, , , , , , , , , , , , , , , , , , , , , , , , , , , , 
26.9589808, 0.0164492, , , , , , , 26.9589808, -0.0058747, , , , , , , 26.9589808, -0.008896, , , , , , , 26.9589808, 0.0164492, , , , , , , , , , , , , , , , , , , , , , , , , , , , 
26.9595, 0.014435, , , , , , , 26.9595, -0.0068818, , , , , , , 26.9595, -0.0095674, , , , , , , 26.9595, 0.0132601, , , , , , , , , , , , , , , , , , , , , , , , , , , , 
26.9600192, 0.0159457, , , , , , , 26.9600192, -0.0085603, , , , , , , 26.9600192, -0.0104067, , , , , , , 26.9600192, 0.0085603, , , , , , , , , , , , , , , , , , , , , , , , , , , , 
26.9605385, 0.0172885, , , , , , , 26.9605385, -0.0092317, , , , , , , 26.9605385, -0.0082246, , , , , , , 26.9605385, 0.0035248, , , , , , , , , , , , , , , , , , , , , , , , , , , , 
26.9610577, 0.0206455, , , , , , , 26.9610577, -0.0082246, , , , , , , 26.9610577, -0.0065461, , , , , , , 26.9610577, -0.0001678, , , , , , , , , , , , , , , , , , , , , , , , , , , , 
26.9615769, 0.0240024, , , , , , , 26.9615769, -0.008896, , , , , , , 26.9615769, -0.0068818, , , , , , , 26.9615769, -0.0005035, , , , , , , , , , , , , , , , , , , , , , , , , , , , 
26.9620962, 0.0229953, , , , , , , 26.9620962, -0.0099031, , , , , , , 26.9620962, -0.0063783, , , , , , , 26.9620962, 0.0025177, , , , , , , , , , , , , , , , , , , , , , , , , , , , 
26.9626154, 0.0206455, , , , , , , 26.9626154, -0.0095674, , , , , , , 26.9626154, -0.0063783, , , , , , , 26.9626154, 0.0072175, , , , , , , , , , , , , , , , , , , , , , , , , , , , 
26.9631346, 0.0196384, , , , , , , 26.9631346, -0.0083925, , , , , , , 26.9631346, -0.0072175, , , , , , , 26.9631346, 0.0095674, , , , , , , , , , , , , , , , , , , , , , , , , , , , 
26.9636538, 0.0193027, , , , , , , 26.9636538, -0.0068818, , , , , , , 26.9636538, -0.0082246, , , , , , , 26.9636538, 0.0119173, , , , , , , , , , , , , , , , , , , , , , , , , , , , 
26.9641731, 0.0199741, , , , , , , 26.9641731, -0.0085603, , , , , , , 26.9641731, -0.0073854, , , , , , , 26.9641731, 0.0129244, , , , , , , , , , , , , , , , , , , , , , , , , , , , 
26.9646923, 0.0219883, , , , , , , 26.9646923, -0.0105745, , , , , , , 26.9646923, -0.0082246, , , , , , , 26.9646923, 0.0112459, , , , , , , , , , , , , , , , , , , , , , , , , , , , 
26.9652115, 0.018967, , , , , , , 26.9652115, -0.0115816, , , , , , , 26.9652115, -0.0085603, , , , , , , 26.9652115, 0.0104067, , , , , , , , , , , , , , , , , , , , , , , , , , , , 
26.9657308, 0.0149386, , , , , , , 26.9657308, -0.011078, , , , , , , 26.9657308, -0.0075532, , , , , , , 26.9657308, 0.0104067, , , , , , , , , , , , , , , , , , , , , , , , , , , , 
26.96625, 0.0172885, , , , , , , 26.96625, -0.0102388, , , , , , , 26.96625, -0.0072175, , , , , , , 26.96625, 0.0048676, , , , , , , , , , , , , , , , , , , , , , , , , , , , 
26.9667692, 0.0213169, , , , , , , 26.9667692, -0.0095674, , , , , , , 26.9667692, -0.0075532, , , , , , , 26.9667692, -0.0011749, , , , , , , , , , , , , , , , , , , , , , , , , , , , 
26.9672885, 0.0276951, , , , , , , 26.9672885, -0.0095674, , , , , , , 26.9672885, -0.0095674, , , , , , , 26.9672885, -0.0048676, , , , , , , , , , , , , , , , , , , , , , , , , , , , 
26.9678077, 0.027863, , , , , , , 26.9678077, -0.0092317, , , , , , , 26.9678077, -0.0119173, , , , , , , 26.9678077, -0.0062104, , , , , , , , , , , , , , , , , , , , , , , , , , , , 
26.9683269, 0.026688, , , , , , , 26.9683269, -0.0092317, , , , , , , 26.9683269, -0.012253, , , , , , , 26.9683269, -0.0048676, , , , , , , , , , , , , , , , , , , , , , , , , , , , 
26.9688462, 0.0280308, , , , , , , 26.9688462, -0.0097353, , , , , , , 26.9688462, -0.0112459, , , , , , , 26.9688462, -0.0035248, , , , , , , , , , , , , , , , , , , , , , , , , , , , 
26.9693654, 0.0280308, , , , , , , 26.9693654, -0.0102388, , , , , , , 26.9693654, -0.0092317, , , , , , , 26.9693654, 0.0001678, , , , , , , , , , , , , , , , , , , , , , , , , , , , 
26.9698846, 0.0251774, , , , , , , 26.9698846, -0.0075532, , , , , , , 26.9698846, -0.0085603, , , , , , , 26.9698846, 0.0063783, , , , , , , , , , , , , , , , , , , , , , , , , , , , 
26.9704038, 0.0203098, , , , , , , 26.9704038, -0.005539, , , , , , , 26.9704038, -0.0068818, , , , , , , 26.9704038, 0.0099031, , , , , , , , , , , , , , , , , , , , , , , , , , , , 
26.9709231, 0.0166171, , , , , , , 26.9709231, -0.0050355, , , , , , , 26.9709231, -0.0072175, , , , , , , 26.9709231, 0.0107424, , , , , , , , , , , , , , , , , , , , , , , , , , , , 
26.9714423, 0.0125887, , , , , , , 26.9714423, -0.005539, , , , , , , 26.9714423, -0.0082246, , , , , , , 26.9714423, 0.0149386, , , , , , , , , , , , , , , , , , , , , , , , , , , , 
26.9719615, 0.0062104, , , , , , , 26.9719615, -0.0072175, , , , , , , 26.9719615, -0.0070497, , , , , , , 26.9719615, 0.0209812, , , , , , , , , , , , , , , , , , , , , , , , , , , , 
26.9724808, 0.0031891, , , , , , , 26.9724808, -0.0070497, , , , , , , 26.9724808, -0.0052033, , , , , , , 26.9724808, 0.0260166, , , , , , , , , , , , , , , , , , , , , , , , , , , , 
26.973, -0.0015106, , , , , , , 26.973, -0.0062104, , , , , , , 26.973, -0.0028534, , , , , , , 26.973, 0.0297093, , , , , , , , , , , , , , , , , , , , , , , , , , , , 
26.9735192, -0.0119173, , , , , , , 26.9735192, -0.0052033, , , , , , , 26.9735192, -0.0018463, , , , , , , 26.9735192, 0.033402, , , , , , , , , , , , , , , , , , , , , , , , , , , , 
26.9740385, -0.018967, , , , , , , 26.9740385, -0.005539, , , , , , , 26.9740385, -0.0008392, , , , , , , 26.9740385, 0.0384375, , , , , , , , , , , , , , , , , , , , , , , , , , , , 
26.9745577, -0.018967, , , , , , , 26.9745577, -0.0058747, , , , , , , 26.9745577, -0.0005035, , , , , , , 26.9745577, 0.0421302, , , , , , , , , , , , , , , , , , , , , , , , , , , , 
26.9750769, -0.0186313, , , , , , , 26.9750769, -0.0048676, , , , , , , 26.9750769, -0.0035248, , , , , , , 26.9750769, 0.0431373, , , , , , , , , , , , , , , , , , , , , , , , , , , , 
26.9755962, -0.0171206, , , , , , , 26.9755962, -0.0050355, , , , , , , 26.9755962, -0.0078889, , , , , , , 26.9755962, 0.0431373, , , , , , , , , , , , , , , , , , , , , , , , , , , , 
26.9761154, -0.0105745, , , , , , , 26.9761154, -0.0068818, , , , , , , 26.9761154, -0.008896, , , , , , , 26.9761154, 0.040116, , , , , , , , , , , , , , , , , , , , , , , , , , , , 
26.9766346, -0.0031891, , , , , , , 26.9766346, -0.0062104, , , , , , , 26.9766346, -0.0078889, , , , , , , 26.9766346, 0.0347448, , , , , , , , , , , , , , , , , , , , , , , , , , , , 
26.9771538, 0.0011749, , , , , , , 26.9771538, -0.0048676, , , , , , , 26.9771538, -0.0058747, , , , , , , 26.9771538, 0.0305486, , , , , , , , , , , , , , , , , , , , , , , , , , , , 
26.9776731, 0.0058747, , , , , , , 26.9776731, -0.0045319, , , , , , , 26.9776731, -0.005539, , , , , , , 26.9776731, 0.0273594, , , , , , , , , , , , , , , , , , , , , , , , , , , , 
26.9781923, 0.0092317, , , , , , , 26.9781923, -0.005539, , , , , , , 26.9781923, -0.0075532, , , , , , , 26.9781923, 0.023331, , , , , , , , , , , , , , , , , , , , , , , , , , , , 
26.9787115, 0.0135958, , , , , , , 26.9787115, -0.0075532, , , , , , , 26.9787115, -0.0082246, , , , , , , 26.9787115, 0.0213169, , , , , , , , , , , , , , , , , , , , , , , , , , , , 
26.9792308, 0.0162814, , , , , , , 26.9792308, -0.0082246, , , , , , , 26.9792308, -0.0090639, , , , , , , 26.9792308, 0.018967, , , , , , , , , , , , , , , , , , , , , , , , , , , , 
26.97975, 0.0184634, , , , , , , 26.97975, -0.0072175, , , , , , , 26.97975, -0.0115816, , , , , , , 26.97975, 0.0152743, , , , , , , , , , , , , , , , , , , , , , , , , , , , 
26.9802692, 0.0204776, , , , , , , 26.9802692, -0.0082246, , , , , , , 26.9802692, -0.0092317, , , , , , , 26.9802692, 0.0105745, , , , , , , , , , , , , , , , , , , , , , , , , , , , 
26.9807885, 0.0196384, , , , , , , 26.9807885, -0.0099031, , , , , , , 26.9807885, -0.0068818, , , , , , , 26.9807885, 0.0062104, , , , , , , , , , , , , , , , , , , , , , , , , , , , 
26.9813077, 0.01561, , , , , , , 26.9813077, -0.0115816, , , , , , , 26.9813077, -0.0082246, , , , , , , 26.9813077, 0.0038605, , , , , , , , , , , , , , , , , , , , , , , , , , , , 
26.9818269, 0.0159457, , , , , , , 26.9818269, -0.0115816, , , , , , , 26.9818269, -0.0102388, , , , , , , 26.9818269, 0.0052033, , , , , , , , , , , , , , , , , , , , , , , , , , , , 
26.9823462, 0.018967, , , , , , , 26.9823462, -0.0109102, , , , , , , 26.9823462, -0.0095674, , , , , , , 26.9823462, 0.0072175, , , , , , , , , , , , , , , , , , , , , , , , , , , , 
26.9828654, 0.0182956, , , , , , , 26.9828654, -0.0109102, , , , , , , 26.9828654, -0.0078889, , , , , , , 26.9828654, 0.008896, , , , , , , , , , , , , , , , , , , , , , , , , , , , 
26.9833846, 0.0159457, , , , , , , 26.9833846, -0.0099031, , , , , , , 26.9833846, -0.0077211, , , , , , , 26.9833846, 0.0070497, , , , , , , , , , , , , , , , , , , , , , , , , , , , 
26.9839038, 0.0159457, , , , , , , 26.9839038, -0.0068818, , , , , , , 26.9839038, -0.0072175, , , , , , , 26.9839038, 0.0052033, , , , , , , , , , , , , , , , , , , , , , , , , , , , 
26.9844231, 0.0157778, , , , , , , 26.9844231, -0.0057069, , , , , , , 26.9844231, -0.0062104, , , , , , , 26.9844231, 0.0068818, , , , , , , , , , , , , , , , , , , , , , , , , , , , 
26.9849423, 0.0196384, , , , , , , 26.9849423, -0.0072175, , , , , , , 26.9849423, -0.0065461, , , , , , , 26.9849423, 0.008896, , , , , , , , , , , , , , , , , , , , , , , , , , , , 
26.9854615, 0.0219883, , , , , , , 26.9854615, -0.0072175, , , , , , , 26.9854615, -0.0085603, , , , , , , 26.9854615, 0.0065461, , , , , , , , , , , , , , , , , , , , , , , , , , , , 
26.9859808, 0.0198062, , , , , , , 26.9859808, -0.0072175, , , , , , , 26.9859808, -0.0095674, , , , , , , 26.9859808, 0.0001678, , , , , , , , , , , , , , , , , , , , , , , , , , , , 
26.9865, 0.0209812, , , , , , , 26.9865, -0.0092317, , , , , , , 26.9865, -0.0097353, , , , , , , 26.9865, -0.0048676, , , , , , , , , , , , , , , , , , , , , , , , , , , , 
26.9870192, 0.0260166, , , , , , , 26.9870192, -0.0104067, , , , , , , 26.9870192, -0.0104067, , , , , , , 26.9870192, -0.0052033, , , , , , , , , , , , , , , , , , , , , , , , , , , , 
26.9875385, 0.0280308, , , , , , , 26.9875385, -0.0109102, , , , , , , 26.9875385, -0.0112459, , , , , , , 26.9875385, -0.005539, , , , , , , , , , , , , , , , , , , , , , , , , , , , 
26.9880577, 0.0288701, , , , , , , 26.9880577, -0.0102388, , , , , , , 26.9880577, -0.0129244, , , , , , , 26.9880577, -0.0078889, , , , , , , , , , , , , , , , , , , , , , , , , , , , 
26.9885769, 0.0307164, , , , , , , 26.9885769, -0.0095674, , , , , , , 26.9885769, -0.0135958, , , , , , , 26.9885769, -0.0115816, , , , , , , , , , , , , , , , , , , , , , , , , , , , 
26.9890962, 0.0310521, , , , , , , 26.9890962, -0.0099031, , , , , , , 26.9890962, -0.0135958, , , , , , , 26.9890962, -0.0099031, , , , , , , , , , , , , , , , , , , , , , , , , , , , 
26.9896154, 0.030045, , , , , , , 26.9896154, -0.0095674, , , , , , , 26.9896154, -0.0109102, , , , , , , 26.9896154, -0.0025177, , , , , , , , , , , , , , , , , , , , , , , , , , , , 
26.9901346, 0.026688, , , , , , , 26.9901346, -0.0085603, , , , , , , 26.9901346, -0.0082246, , , , , , , 26.9901346, 0.0038605, , , , , , , , , , , , , , , , , , , , , , , , , , , , 
26.9906538, 0.0203098, , , , , , , 26.9906538, -0.008896, , , , , , , 26.9906538, -0.0075532, , , , , , , 26.9906538, 0.005539, , , , , , , , , , , , , , , , , , , , , , , , , , , , 
26.9911731, 0.0135958, , , , , , , 26.9911731, -0.0095674, , , , , , , 26.9911731, -0.0082246, , , , , , , 26.9911731, 0.0065461, , , , , , , , , , , , , , , , , , , , , , , , , , , , 
26.9916923, 0.0085603, , , , , , , 26.9916923, -0.0085603, , , , , , , 26.9916923, -0.0087282, , , , , , , 26.9916923, 0.0085603, , , , , , , , , , , , , , , , , , , , , , , , , , , , 
26.9922115, 0.0063783, , , , , , , 26.9922115, -0.0072175, , , , , , , 26.9922115, -0.0085603, , , , , , , 26.9922115, 0.0146029, , , , , , , , , , , , , , , , , , , , , , , , , , , , 
26.9927308, 0.0025177, , , , , , , 26.9927308, -0.0045319, , , , , , , 26.9927308, -0.0097353, , , , , , , 26.9927308, 0.0209812, , , , , , , , , , , , , , , , , , , , , , , , , , , , 
26.99325, -0.0035248, , , , , , , 26.99325, -0.0025177, , , , , , , 26.99325, -0.0102388, , , , , , , 26.99325, 0.023331, , , , , , , , , , , , , , , , , , , , , , , , , , , , 
26.9937692, -0.0082246, , , , , , , 26.9937692, -0.002182, , , , , , , 26.9937692, -0.008896, , , , , , , 26.9937692, 0.0236667, , , , , , , , , , , , , , , , , , , , , , , , , , , , 
26.9942885, -0.0062104, , , , , , , 26.9942885, -0.0041962, , , , , , , 26.9942885, -0.0065461, , , , , , , 26.9942885, 0.0246738, , , , , , , , , , , , , , , , , , , , , , , , , , , , 
26.9948077, -0.008896, , , , , , , 26.9948077, -0.0050355, , , , , , , 26.9948077, -0.0048676, , , , , , , 26.9948077, 0.026688, , , , , , , , , , , , , , , , , , , , , , , , , , , , 
26.9953269, -0.0149386, , , , , , , 26.9953269, -0.0068818, , , , , , , 26.9953269, -0.0048676, , , , , , , 26.9953269, 0.0273594, , , , , , , , , , , , , , , , , , , , , , , , , , , , 
26.9958462, -0.0172885, , , , , , , 26.9958462, -0.0082246, , , , , , , 26.9958462, -0.0048676, , , , , , , 26.9958462, 0.0280308, , , , , , , , , , , , , , , , , , , , , , , , , , , , 
26.9963654, -0.0109102, , , , , , , 26.9963654, -0.0082246, , , , , , , 26.9963654, -0.0041962, , , , , , , 26.9963654, 0.0280308, , , , , , , , , , , , , , , , , , , , , , , , , , , , 
26.9968846, -0.0015106, , , , , , , 26.9968846, -0.008896, , , , , , , 26.9968846, -0.0041962, , , , , , , 26.9968846, 0.0248417, , , , , , , , , , , , , , , , , , , , , , , , , , , , 
26.9974038, 0.005539, , , , , , , 26.9974038, -0.0097353, , , , , , , 26.9974038, -0.005539, , , , , , , 26.9974038, 0.0206455, , , , , , , , , , , , , , , , , , , , , , , , , , , , 
26.9979231, 0.0065461, , , , , , , 26.9979231, -0.0095674, , , , , , , 26.9979231, -0.0048676, , , , , , , 26.9979231, 0.01561, , , , , , , , , , , , , , , , , , , , , , , , , , , , 
26.9984423, 0.0072175, , , , , , , 26.9984423, -0.0102388, , , , , , , 26.9984423, -0.005539, , , , , , , 26.9984423, 0.0132601, , , , , , , , , , , , , , , , , , , , , , , , , , , , 
26.9989615, 0.0072175, , , , , , , 26.9989615, -0.0095674, , , , , , , 26.9989615, -0.0060426, , , , , , , 26.9989615, 0.0119173, , , , , , , , , , , , , , , , , , , , , , , , , , , , 
26.9994808, 0.0083925, , , , , , , 26.9994808, -0.008896, , , , , , , 26.9994808, -0.0062104, , , , , , , 26.9994808, 0.0099031, , , , , , , , , , , , , , , , , , , , , , , , , , , , 
27, 0.0095674, , , , , , , 27, -0.0082246, , , , , , , 27, -0.0070497, , , , , , , 27, 0.0092317, , , , , , , , , , , , , , , , , , , , , , , , , , , , 
27.0005192, 0.0099031, , , , , , , 27.0005192, -0.0078889, , , , , , , 27.0005192, -0.0063783, , , , , , , 27.0005192, 0.0077211, , , , , , , , , , , , , , , , , , , , , , , , , , , , 
27.0010385, 0.014435, , , , , , , 27.0010385, -0.0099031, , , , , , , 27.0010385, -0.0057069, , , , , , , 27.0010385, 0.0075532, , , , , , , , , , , , , , , , , , , , , , , , , , , , 
27.0015577, 0.0224918, , , , , , , 27.0015577, -0.0099031, , , , , , , 27.0015577, -0.0075532, , , , , , , 27.0015577, 0.0068818, , , , , , , , , , , , , , , , , , , , , , , , , , , , 
27.0020769, 0.0256809, , , , , , , 27.0020769, -0.0083925, , , , , , , 27.0020769, -0.0090639, , , , , , , 27.0020769, 0.0072175, , , , , , , , , , , , , , , , , , , , , , , , , , , , 
27.0025962, 0.0251774, , , , , , , 27.0025962, -0.008896, , , , , , , 27.0025962, -0.008896, , , , , , , 27.0025962, 0.0075532, , , , , , , , , , , , , , , , , , , , , , , , , , , , 
27.0031154, 0.0231632, , , , , , , 27.0031154, -0.0102388, , , , , , , 27.0031154, -0.0095674, , , , , , , 27.0031154, 0.0065461, , , , , , , , , , , , , , , , , , , , , , , , , , , , 
27.0036346, 0.0229953, , , , , , , 27.0036346, -0.0095674, , , , , , , 27.0036346, -0.0112459, , , , , , , 27.0036346, 0.0045319, , , , , , , , , , , , , , , , , , , , , , , , , , , , 
27.0041538, 0.0206455, , , , , , , 27.0041538, -0.005539, , , , , , , 27.0041538, -0.008896, , , , , , , 27.0041538, 0.0045319, , , , , , , , , , , , , , , , , , , , , , , , , , , , 
27.0046731, 0.0199741, , , , , , , 27.0046731, -0.0023499, , , , , , , 27.0046731, -0.0083925, , , , , , , 27.0046731, 0.0058747, , , , , , , , , , , , , , , , , , , , , , , , , , , , 
27.0051923, 0.0219883, , , , , , , 27.0051923, -0.0030213, , , , , , , 27.0051923, -0.0109102, , , , , , , 27.0051923, 0.0065461, , , , , , , , , , , , , , , , , , , , , , , , , , , , 
27.0057115, 0.0263523, , , , , , , 27.0057115, -0.0050355, , , , , , , 27.0057115, -0.0109102, , , , , , , 27.0057115, 0.0036927, , , , , , , , , , , , , , , , , , , , , , , , , , , , 
27.0062308, 0.0310521, , , , , , , 27.0062308, -0.0041962, , , , , , , 27.0062308, -0.0082246, , , , , , , 27.0062308, -0.0020142, , , , , , , , , , , , , , , , , , , , , , , , , , , , 
27.00675, 0.0364233, , , , , , , 27.00675, -0.0035248, , , , , , , 27.00675, -0.0068818, , , , , , , 27.00675, -0.005539, , , , , , , , , , , , , , , , , , , , , , , , , , , , 
27.0072692, 0.0424659, , , , , , , 27.0072692, -0.0041962, , , , , , , 27.0072692, -0.0068818, , , , , , , 27.0072692, -0.0078889, , , , , , , , , , , , , , , , , , , , , , , , , , , , 
27.0077885, 0.0441444, , , , , , , 27.0077885, -0.0041962, , , , , , , 27.0077885, -0.0072175, , , , , , , 27.0077885, -0.0112459, , , , , , , , , , , , , , , , , , , , , , , , , , , , 
27.0083077, 0.036759, , , , , , , 27.0083077, -0.0038605, , , , , , , 27.0083077, -0.008896, , , , , , , 27.0083077, -0.0119173, , , , , , , , , , , , , , , , , , , , , , , , , , , , 
27.0088269, 0.0290379, , , , , , , 27.0088269, -0.005539, , , , , , , 27.0088269, -0.0095674, , , , , , , 27.0088269, -0.0090639, , , , , , , , , , , , , , , , , , , , , , , , , , , , 
27.0093462, 0.0258488, , , , , , , 27.0093462, -0.0065461, , , , , , , 27.0093462, -0.0075532, , , , , , , 27.0093462, -0.0036927, , , , , , , , , , , , , , , , , , , , , , , , , , , , 
27.0098654, 0.0226596, , , , , , , 27.0098654, -0.0058747, , , , , , , 27.0098654, -0.0063783, , , , , , , 27.0098654, 0.0038605, , , , , , , , , , , , , , , , , , , , , , , , , , , , 
27.0103846, 0.018967, , , , , , , 27.0103846, -0.005539, , , , , , , 27.0103846, -0.0072175, , , , , , , 27.0103846, 0.0119173, , , , , , , , , , , , , , , , , , , , , , , , , , , , 
27.0109038, 0.0146029, , , , , , , 27.0109038, -0.0068818, , , , , , , 27.0109038, -0.0082246, , , , , , , 27.0109038, 0.0142672, , , , , , , , , , , , , , , , , , , , , , , , , , , , 
27.0114231, 0.0085603, , , , , , , 27.0114231, -0.0078889, , , , , , , 27.0114231, -0.0085603, , , , , , , 27.0114231, 0.01561, , , , , , , , , , , , , , , , , , , , , , , , , , , , 
27.0119423, 0.0023499, , , , , , , 27.0119423, -0.0075532, , , , , , , 27.0119423, -0.0082246, , , , , , , 27.0119423, 0.0218204, , , , , , , , , , , , , , , , , , , , , , , , , , , , 
27.0124615, -0.0011749, , , , , , , 27.0124615, -0.0070497, , , , , , , 27.0124615, -0.0075532, , , , , , , 27.0124615, 0.0290379, , , , , , , , , , , , , , , , , , , , , , , , , , , , 
27.0129808, 0.0001678, , , , , , , 27.0129808, -0.0082246, , , , , , , 27.0129808, -0.0062104, , , , , , , 27.0129808, 0.0327306, , , , , , , , , , , , , , , , , , , , , , , , , , , , 
27.0135, -0.0015106, , , , , , , 27.0135, -0.0095674, , , , , , , 27.0135, -0.005539, , , , , , , 27.0135, 0.0360876, , , , , , , , , , , , , , , , , , , , , , , , , , , , 
27.0140192, -0.0065461, , , , , , , 27.0140192, -0.0099031, , , , , , , 27.0140192, -0.0058747, , , , , , , 27.0140192, 0.0421302, , , , , , , , , , , , , , , , , , , , , , , , , , , , 
27.0145385, -0.0090639, , , , , , , 27.0145385, -0.0085603, , , , , , , 27.0145385, -0.0072175, , , , , , , 27.0145385, 0.0464942, , , , , , , , , , , , , , , , , , , , , , , , , , , , 
27.0150577, -0.0085603, , , , , , , 27.0150577, -0.008896, , , , , , , 27.0150577, -0.005539, , , , , , , 27.0150577, 0.0461585, , , , , , , , , , , , , , , , , , , , , , , , , , , , 
27.0155769, -0.0068818, , , , , , , 27.0155769, -0.010071, , , , , , , 27.0155769, -0.0038605, , , , , , , 27.0155769, 0.0458228, , , , , , , , , , , , , , , , , , , , , , , , , , , , 
27.0160962, -0.005539, , , , , , , 27.0160962, -0.0105745, , , , , , , 27.0160962, -0.0028534, , , , , , , 27.0160962, 0.0448157, , , , , , , , , , , , , , , , , , , , , , , , , , , , 
27.0166154, -0.0015106, , , , , , , 27.0166154, -0.0109102, , , , , , , 27.0166154, -0.0001678, , , , , , , 27.0166154, 0.0387732, , , , , , , , , , , , , , , , , , , , , , , , , , , , 
27.0171346, 0.0031891, , , , , , , 27.0171346, -0.0117494, , , , , , , 27.0171346, 0.0001678, , , , , , , 27.0171346, 0.0313878, , , , , , , , , , , , , , , , , , , , , , , , , , , , 
27.0176538, 0.0048676, , , , , , , 27.0176538, -0.0092317, , , , , , , 27.0176538, -0.0015106, , , , , , , 27.0176538, 0.026688, , , , , , , , , , , , , , , , , , , , , , , , , , , , 
27.0181731, 0.0075532, , , , , , , 27.0181731, -0.0063783, , , , , , , 27.0181731, -0.0038605, , , , , , , 27.0181731, 0.0240024, , , , , , , , , , , , , , , , , , , , , , , , , , , , 
27.0186923, 0.0105745, , , , , , , 27.0186923, -0.0062104, , , , , , , 27.0186923, -0.0048676, , , , , , , 27.0186923, 0.0191348, , , , , , , , , , , , , , , , , , , , , , , , , , , , 
27.0192115, 0.0119173, , , , , , , 27.0192115, -0.0063783, , , , , , , 27.0192115, -0.0060426, , , , , , , 27.0192115, 0.0139315, , , , , , , , , , , , , , , , , , , , , , , , , , , , 
27.0197308, 0.0132601, , , , , , , 27.0197308, -0.0075532, , , , , , , 27.0197308, -0.0062104, , , , , , , 27.0197308, 0.0105745, , , , , , , , , , , , , , , , , , , , , , , , , , , , 
27.02025, 0.0157778, , , , , , , 27.02025, -0.0085603, , , , , , , 27.02025, -0.0075532, , , , , , , 27.02025, 0.0099031, , , , , , , , , , , , , , , , , , , , , , , , , , , , 
27.0207692, 0.0191348, , , , , , , 27.0207692, -0.008896, , , , , , , 27.0207692, -0.0097353, , , , , , , 27.0207692, 0.0112459, , , , , , , , , , , , , , , , , , , , , , , , , , , , 
27.0212885, 0.0231632, , , , , , , 27.0212885, -0.0082246, , , , , , , 27.0212885, -0.0095674, , , , , , , 27.0212885, 0.0112459, , , , , , , , , , , , , , , , , , , , , , , , , , , , 
27.0218077, 0.0246738, , , , , , , 27.0218077, -0.0083925, , , , , , , 27.0218077, -0.008896, , , , , , , 27.0218077, 0.0105745, , , , , , , , , , , , , , , , , , , , , , , , , , , , 
27.0223269, 0.0236667, , , , , , , 27.0223269, -0.0099031, , , , , , , 27.0223269, -0.0095674, , , , , , , 27.0223269, 0.0102388, , , , , , , , , , , , , , , , , , , , , , , , , , , , 
27.0228462, 0.0226596, , , , , , , 27.0228462, -0.0102388, , , , , , , 27.0228462, -0.0102388, , , , , , , 27.0228462, 0.0099031, , , , , , , , , , , , , , , , , , , , , , , , , , , , 
27.0233654, 0.0231632, , , , , , , 27.0233654, -0.0102388, , , , , , , 27.0233654, -0.0112459, , , , , , , 27.0233654, 0.0104067, , , , , , , , , , , , , , , , , , , , , , , , , , , , 
27.0238846, 0.0219883, , , , , , , 27.0238846, -0.0104067, , , , , , , 27.0238846, -0.0135958, , , , , , , 27.0238846, 0.008896, , , , , , , , , , , , , , , , , , , , , , , , , , , , 
27.0244038, 0.0219883, , , , , , , 27.0244038, -0.0095674, , , , , , , 27.0244038, -0.0149386, , , , , , , 27.0244038, 0.0058747, , , , , , , , , , , , , , , , , , , , , , , , , , , , 
27.0249231, 0.0182956, , , , , , , 27.0249231, -0.0068818, , , , , , , 27.0249231, -0.0125887, , , , , , , 27.0249231, 0.005539, , , , , , , , , , , , , , , , , , , , , , , , , , , , 
27.0254423, 0.0159457, , , , , , , 27.0254423, -0.0060426, , , , , , , 27.0254423, -0.0104067, , , , , , , 27.0254423, 0.0035248, , , , , , , , , , , , , , , , , , , , , , , , , , , , 
27.0259615, 0.0219883, , , , , , , 27.0259615, -0.0075532, , , , , , , 27.0259615, -0.0095674, , , , , , , 27.0259615, -0.002182, , , , , , , , , , , , , , , , , , , , , , , , , , , , 
27.0264808, 0.0280308, , , , , , , 27.0264808, -0.0085603, , , , , , , 27.0264808, -0.0099031, , , , , , , 27.0264808, -0.0063783, , , , , , , , , , , , , , , , , , , , , , , , , , , , 
27.027, 0.0297093, , , , , , , 27.027, -0.0068818, , , , , , , 27.027, -0.0095674, , , , , , , 27.027, -0.0075532, , , , , , , , , , , , , , , , , , , , , , , , , , , , 
27.0275192, 0.0315557, , , , , , , 27.0275192, -0.0052033, , , , , , , 27.0275192, -0.0083925, , , , , , , 27.0275192, -0.0082246, , , , , , , , , , , , , , , , , , , , , , , , , , , , 
27.0280385, 0.0360876, , , , , , , 27.0280385, -0.005539, , , , , , , 27.0280385, -0.0070497, , , , , , , 27.0280385, -0.008896, , , , , , , , , , , , , , , , , , , , , , , , , , , , 
27.0285577, 0.0387732, , , , , , , 27.0285577, -0.0068818, , , , , , , 27.0285577, -0.0068818, , , , , , , 27.0285577, -0.0095674, , , , , , , , , , , , , , , , , , , , , , , , , , , , 
27.0290769, 0.0357519, , , , , , , 27.0290769, -0.0068818, , , , , , , 27.0290769, -0.0095674, , , , , , , 27.0290769, -0.0099031, , , , , , , , , , , , , , , , , , , , , , , , , , , , 
27.0295962, 0.0253452, , , , , , , 27.0295962, -0.0057069, , , , , , , 27.0295962, -0.012253, , , , , , , 27.0295962, -0.0078889, , , , , , , , , , , , , , , , , , , , , , , , , , , , 
27.0301154, 0.0182956, , , , , , , 27.0301154, -0.0057069, , , , , , , 27.0301154, -0.0129244, , , , , , , 27.0301154, -0.0041962, , , , , , , , , , , , , , , , , , , , , , , , , , , , 
27.0306346, 0.0146029, , , , , , , 27.0306346, -0.0075532, , , , , , , 27.0306346, -0.0105745, , , , , , , 27.0306346, -0.0001678, , , , , , , , , , , , , , , , , , , , , , , , , , , , 
27.0311538, 0.0125887, , , , , , , 27.0311538, -0.0082246, , , , , , , 27.0311538, -0.0095674, , , , , , , 27.0311538, 0.0043641, , , , , , , , , , , , , , , , , , , , , , , , , , , , 
27.0316731, 0.0125887, , , , , , , 27.0316731, -0.0078889, , , , , , , 27.0316731, -0.0102388, , , , , , , 27.0316731, 0.0082246, , , , , , , , , , , , , , , , , , , , , , , , , , , , 
27.0321923, 0.0097353, , , , , , , 27.0321923, -0.0077211, , , , , , , 27.0321923, -0.008896, , , , , , , 27.0321923, 0.0139315, , , , , , , , , , , , , , , , , , , , , , , , , , , , 
27.0327115, 0.0045319, , , , , , , 27.0327115, -0.0078889, , , , , , , 27.0327115, -0.0068818, , , , , , , 27.0327115, 0.0193027, , , , , , , , , , , , , , , , , , , , , , , , , , , , 
27.0332308, -0.0001678, , , , , , , 27.0332308, -0.0075532, , , , , , , 27.0332308, -0.0058747, , , , , , , 27.0332308, 0.0236667, , , , , , , , , , , , , , , , , , , , , , , , , , , , 
27.03375, -0.0045319, , , , , , , 27.03375, -0.0070497, , , , , , , 27.03375, -0.0035248, , , , , , , 27.03375, 0.0270237, , , , , , , , , , , , , , , , , , , , , , , , , , , , 
27.0342692, -0.0083925, , , , , , , 27.0342692, -0.0078889, , , , , , , 27.0342692, -0.0003357, , , , , , , 27.0342692, 0.0283665, , , , , , , , , , , , , , , , , , , , , , , , , , , , 
27.0347885, -0.0058747, , , , , , , 27.0347885, -0.0077211, , , , , , , 27.0347885, 0.0003357, , , , , , , 27.0347885, 0.0307164, , , , , , , , , , , , , , , , , , , , , , , , , , , , 
27.0353077, -0.0062104, , , , , , , 27.0353077, -0.0068818, , , , , , , 27.0353077, -0.0031891, , , , , , , 27.0353077, 0.0320592, , , , , , , , , , , , , , , , , , , , , , , , , , , , 
27.0358269, -0.0035248, , , , , , , 27.0358269, -0.008896, , , , , , , 27.0358269, -0.0052033, , , , , , , 27.0358269, 0.0283665, , , , , , , , , , , , , , , , , , , , , , , , , , , , 
27.0363462, 0.0005035, , , , , , , 27.0363462, -0.0112459, , , , , , , 27.0363462, -0.0045319, , , , , , , 27.0363462, 0.0219883, , , , , , , , , , , , , , , , , , , , , , , , , , , , 
27.0368654, 0.0031891, , , , , , , 27.0368654, -0.0117494, , , , , , , 27.0368654, -0.0038605, , , , , , , 27.0368654, 0.0172885, , , , , , , , , , , , , , , , , , , , , , , , , , , , 
27.0373846, 0.0038605, , , , , , , 27.0373846, -0.0102388, , , , , , , 27.0373846, -0.0050355, , , , , , , 27.0373846, 0.0176242, , , , , , , , , , , , , , , , , , , , , , , , , , , , 
27.0379038, 0.0052033, , , , , , , 27.0379038, -0.0085603, , , , , , , 27.0379038, -0.0053712, , , , , , , 27.0379038, 0.0157778, , , , , , , , , , , , , , , , , , , , , , , , , , , , 
27.0384231, 0.0095674, , , , , , , 27.0384231, -0.008896, , , , , , , 27.0384231, -0.0043641, , , , , , , 27.0384231, 0.0132601, , , , , , , , , , , , , , , , , , , , , , , , , , , , 
27.0389423, 0.0129244, , , , , , , 27.0389423, -0.008896, , , , , , , 27.0389423, -0.0052033, , , , , , , 27.0389423, 0.014435, , , , , , , , , , , , , , , , , , , , , , , , , , , , 
27.0394615, 0.0125887, , , , , , , 27.0394615, -0.008896, , , , , , , 27.0394615, -0.0060426, , , , , , , 27.0394615, 0.0157778, , , , , , , , , , , , , , , , , , , , , , , , , , , , 
27.0399808, 0.0149386, , , , , , , 27.0399808, -0.008896, , , , , , , 27.0399808, -0.0068818, , , , , , , 27.0399808, 0.0132601, , , , , , , , , , , , , , , , , , , , , , , , , , , , 
27.0405, 0.0172885, , , , , , , 27.0405, -0.0068818, , , , , , , 27.0405, -0.0068818, , , , , , , 27.0405, 0.0092317, , , , , , , , , , , , , , , , , , , , , , , , , , , , 
27.0410192, 0.0199741, , , , , , , 27.0410192, -0.0058747, , , , , , , 27.0410192, -0.0068818, , , , , , , 27.0410192, 0.0070497, , , , , , , , , , , , , , , , , , , , , , , , , , , , 
27.0415385, 0.0203098, , , , , , , 27.0415385, -0.0065461, , , , , , , 27.0415385, -0.0082246, , , , , , , 27.0415385, 0.0068818, , , , , , , , , , , , , , , , , , , , , , , , , , , , 
27.0420577, 0.0203098, , , , , , , 27.0420577, -0.0062104, , , , , , , 27.0420577, -0.0105745, , , , , , , 27.0420577, 0.0078889, , , , , , , , , , , , , , , , , , , , , , , , , , , , 
27.0425769, 0.0199741, , , , , , , 27.0425769, -0.0068818, , , , , , , 27.0425769, -0.0104067, , , , , , , 27.0425769, 0.0075532, , , , , , , , , , , , , , , , , , , , , , , , , , , , 
27.0430962, 0.0172885, , , , , , , 27.0430962, -0.0082246, , , , , , , 27.0430962, -0.0109102, , , , , , , 27.0430962, 0.0082246, , , , , , , , , , , , , , , , , , , , , , , , , , , , 
27.0436154, 0.0164492, , , , , , , 27.0436154, -0.0075532, , , , , , , 27.0436154, -0.0115816, , , , , , , 27.0436154, 0.0095674, , , , , , , , , , , , , , , , , , , , , , , , , , , , 
27.0441346, 0.0172885, , , , , , , 27.0441346, -0.0068818, , , , , , , 27.0441346, -0.0115816, , , , , , , 27.0441346, 0.0099031, , , , , , , , , , , , , , , , , , , , , , , , , , , , 
27.0446538, 0.0203098, , , , , , , 27.0446538, -0.0075532, , , , , , , 27.0446538, -0.0129244, , , , , , , 27.0446538, 0.0085603, , , , , , , , , , , , , , , , , , , , , , , , , , , , 
27.0451731, 0.0204776, , , , , , , 27.0451731, -0.0082246, , , , , , , 27.0451731, -0.0129244, , , , , , , 27.0451731, 0.0082246, , , , , , , , , , , , , , , , , , , , , , , , , , , , 
27.0456923, 0.0169528, , , , , , , 27.0456923, -0.0077211, , , , , , , 27.0456923, -0.0125887, , , , , , , 27.0456923, 0.0052033, , , , , , , , , , , , , , , , , , , , , , , , , , , , 
27.0462115, 0.0166171, , , , , , , 27.0462115, -0.0082246, , , , , , , 27.0462115, -0.0127565, , , , , , , 27.0462115, 0.0003357, , , , , , , , , , , , , , , , , , , , , , , , , , , , 
27.0467308, 0.0193027, , , , , , , 27.0467308, -0.010071, , , , , , , 27.0467308, -0.0125887, , , , , , , 27.0467308, -0.002182, , , , , , , , , , , , , , , , , , , , , , , , , , , , 
27.04725, 0.0229953, , , , , , , 27.04725, -0.0097353, , , , , , , 27.04725, -0.0125887, , , , , , , 27.04725, -0.0023499, , , , , , , , , , , , , , , , , , , , , , , , , , , , 
27.0477692, 0.0258488, , , , , , , 27.0477692, -0.0078889, , , , , , , 27.0477692, -0.011078, , , , , , , 27.0477692, -0.0025177, , , , , , , , , , , , , , , , , , , , , , , , , , , , 
27.0482885, 0.0293736, , , , , , , 27.0482885, -0.0072175, , , , , , , 27.0482885, -0.0115816, , , , , , , 27.0482885, -0.0050355, , , , , , , , , , , , , , , , , , , , , , , , , , , , 
27.0488077, 0.0236667, , , , , , , 27.0488077, -0.0092317, , , , , , , 27.0488077, -0.0139315, , , , , , , 27.0488077, -0.0058747, , , , , , , , , , , , , , , , , , , , , , , , , , , , 
27.0493269, 0.0149386, , , , , , , 27.0493269, -0.0090639, , , , , , , 27.0493269, -0.0135958, , , , , , , 27.0493269, -0.0013428, , , , , , , , , , , , , , , , , , , , , , , , , , , , 
27.0498462, 0.012253, , , , , , , 27.0498462, -0.0075532, , , , , , , 27.0498462, -0.0125887, , , , , , , 27.0498462, 0.0038605, , , , , , , , , , , , , , , , , , , , , , , , , , , , 
27.0503654, 0.0132601, , , , , , , 27.0503654, -0.0058747, , , , , , , 27.0503654, -0.0139315, , , , , , , 27.0503654, 0.0062104, , , , , , , , , , , , , , , , , , , , , , , , , , , , 
27.0508846, 0.0125887, , , , , , , 27.0508846, -0.0048676, , , , , , , 27.0508846, -0.0125887, , , , , , , 27.0508846, 0.0077211, , , , , , , , , , , , , , , , , , , , , , , , , , , , 
27.0514038, 0.0072175, , , , , , , 27.0514038, -0.0046998, , , , , , , 27.0514038, -0.0095674, , , , , , , 27.0514038, 0.0119173, , , , , , , , , , , , , , , , , , , , , , , , , , , , 
27.0519231, 0.0025177, , , , , , , 27.0519231, -0.0048676, , , , , , , 27.0519231, -0.0075532, , , , , , , 27.0519231, 0.0176242, , , , , , , , , , , , , , , , , , , , , , , , , , , , 
27.0524423, -0.0018463, , , , , , , 27.0524423, -0.0048676, , , , , , , 27.0524423, -0.0062104, , , , , , , 27.0524423, 0.0214847, , , , , , , , , , , , , , , , , , , , , , , , , , , , 
27.0529615, -0.0038605, , , , , , , 27.0529615, -0.0045319, , , , , , , 27.0529615, -0.005539, , , , , , , 27.0529615, 0.0263523, , , , , , , , , , , , , , , , , , , , , , , , , , , , 
27.0534808, -0.0003357, , , , , , , 27.0534808, -0.0048676, , , , , , , 27.0534808, -0.005539, , , , , , , 27.0534808, 0.0320592, , , , , , , , , , , , , , , , , , , , , , , , , , , , 
27.054, 0.0046998, , , , , , , 27.054, -0.0050355, , , , , , , 27.054, -0.0035248, , , , , , , 27.054, 0.0347448, , , , , , , , , , , , , , , , , , , , , , , , , , , , 
27.0545192, 0.0052033, , , , , , , 27.0545192, -0.005539, , , , , , , 27.0545192, -0.002182, , , , , , , 27.0545192, 0.0381018, , , , , , , , , , , , , , , , , , , , , , , , , , , , 
27.0550385, 0.0010071, , , , , , , 27.0550385, -0.0075532, , , , , , , 27.0550385, -0.0030213, , , , , , , 27.0550385, 0.0428016, , , , , , , , , , , , , , , , , , , , , , , , , , , , 
27.0555577, -0.0028534, , , , , , , 27.0555577, -0.0085603, , , , , , , 27.0555577, -0.0050355, , , , , , , 27.0555577, 0.0451514, , , , , , , , , , , , , , , , , , , , , , , , , , , , 
27.0560769, -0.0036927, , , , , , , 27.0560769, -0.008896, , , , , , , 27.0560769, -0.0057069, , , , , , , 27.0560769, 0.0421302, , , , , , , , , , , , , , , , , , , , , , , , , , , , 
27.0565962, -0.0046998, , , , , , , 27.0565962, -0.0102388, , , , , , , 27.0565962, -0.0070497, , , , , , , 27.0565962, 0.0354162, , , , , , , , , , , , , , , , , , , , , , , , , , , , 
27.0571154, -0.0008392, , , , , , , 27.0571154, -0.008896, , , , , , , 27.0571154, -0.0075532, , , , , , , 27.0571154, 0.027863, , , , , , , , , , , , , , , , , , , , , , , , , , , , 
27.0576346, 0.0062104, , , , , , , 27.0576346, -0.0075532, , , , , , , 27.0576346, -0.0062104, , , , , , , 27.0576346, 0.0206455, , , , , , , , , , , , , , , , , , , , , , , , , , , , 
27.0581538, 0.0105745, , , , , , , 27.0581538, -0.0070497, , , , , , , 27.0581538, -0.0058747, , , , , , , 27.0581538, 0.0146029, , , , , , , , , , , , , , , , , , , , , , , , , , , , 
27.0586731, 0.0125887, , , , , , , 27.0586731, -0.005539, , , , , , , 27.0586731, -0.0082246, , , , , , , 27.0586731, 0.0119173, , , , , , , , , , , , , , , , , , , , , , , , , , , , 
27.0591923, 0.0166171, , , , , , , 27.0591923, -0.0041962, , , , , , , 27.0591923, -0.008896, , , , , , , 27.0591923, 0.0114137, , , , , , , , , , , , , , , , , , , , , , , , , , , , 
27.0597115, 0.021149, , , , , , , 27.0597115, -0.0050355, , , , , , , 27.0597115, -0.0075532, , , , , , , 27.0597115, 0.0132601, , , , , , , , , , , , , , , , , , , , , , , , , , , , 
27.0602308, 0.0199741, , , , , , , 27.0602308, -0.0062104, , , , , , , 27.0602308, -0.0058747, , , , , , , 27.0602308, 0.0146029, , , , , , , , , , , , , , , , , , , , , , , , , , , , 
27.06075, 0.0172885, , , , , , , 27.06075, -0.0072175, , , , , , , 27.06075, -0.0068818, , , , , , , 27.06075, 0.0142672, , , , , , , , , , , , , , , , , , , , , , , , , , , , 
27.0612692, 0.0169528, , , , , , , 27.0612692, -0.008896, , , , , , , 27.0612692, -0.0075532, , , , , , , 27.0612692, 0.0140993, , , , , , , , , , , , , , , , , , , , , , , , , , , , 
27.0617885, 0.0194705, , , , , , , 27.0617885, -0.0095674, , , , , , , 27.0617885, -0.0063783, , , , , , , 27.0617885, 0.0119173, , , , , , , , , , , , , , , , , , , , , , , , , , , , 
27.0623077, 0.018967, , , , , , , 27.0623077, -0.008896, , , , , , , 27.0623077, -0.0068818, , , , , , , 27.0623077, 0.0115816, , , , , , , , , , , , , , , , , , , , , , , , , , , , 
27.0628269, 0.0157778, , , , , , , 27.0628269, -0.008896, , , , , , , 27.0628269, -0.0082246, , , , , , , 27.0628269, 0.0114137, , , , , , , , , , , , , , , , , , , , , , , , , , , , 
27.0633462, 0.01561, , , , , , , 27.0633462, -0.0105745, , , , , , , 27.0633462, -0.0105745, , , , , , , 27.0633462, 0.0099031, , , , , , , , , , , , , , , , , , , , , , , , , , , , 
27.0638654, 0.0191348, , , , , , , 27.0638654, -0.0109102, , , , , , , 27.0638654, -0.0104067, , , , , , , 27.0638654, 0.0090639, , , , , , , , , , , , , , , , , , , , , , , , , , , , 
27.0643846, 0.0219883, , , , , , , 27.0643846, -0.0102388, , , , , , , 27.0643846, -0.0095674, , , , , , , 27.0643846, 0.0083925, , , , , , , , , , , , , , , , , , , , , , , , , , , , 
27.0649038, 0.0226596, , , , , , , 27.0649038, -0.0099031, , , , , , , 27.0649038, -0.0102388, , , , , , , 27.0649038, 0.0070497, , , , , , , , , , , , , , , , , , , , , , , , , , , , 
27.0654231, 0.0238346, , , , , , , 27.0654231, -0.0092317, , , , , , , 27.0654231, -0.0109102, , , , , , , 27.0654231, 0.0065461, , , , , , , , , , , , , , , , , , , , , , , , , , , , 
27.0659423, 0.0280308, , , , , , , 27.0659423, -0.008896, , , , , , , 27.0659423, -0.0095674, , , , , , , 27.0659423, 0.0025177, , , , , , , , , , , , , , , , , , , , , , , , , , , , 
27.0664615, 0.0293736, , , , , , , 27.0664615, -0.0085603, , , , , , , 27.0664615, -0.0083925, , , , , , , 27.0664615, -0.0035248, , , , , , , , , , , , , , , , , , , , , , , , , , , , 
27.0669808, 0.0293736, , , , , , , 27.0669808, -0.0082246, , , , , , , 27.0669808, -0.0085603, , , , , , , 27.0669808, -0.0065461, , , , , , , , , , , , , , , , , , , , , , , , , , , , 
27.0675, 0.0330663, , , , , , , 27.0675, -0.0068818, , , , , , , 27.0675, -0.0075532, , , , , , , 27.0675, -0.0052033, , , , , , , , , , , , , , , , , , , , , , , , , , , , 
27.0680192, 0.0352483, , , , , , , 27.0680192, -0.0065461, , , , , , , 27.0680192, -0.005539, , , , , , , 27.0680192, -0.0035248, , , , , , , , , , , , , , , , , , , , , , , , , , , , 
27.0685385, 0.0327306, , , , , , , 27.0685385, -0.0058747, , , , , , , 27.0685385, -0.0062104, , , , , , , 27.0685385, -0.002182, , , , , , , , , , , , , , , , , , , , , , , , , , , , 
27.0690577, 0.0305486, , , , , , , 27.0690577, -0.0041962, , , , , , , 27.0690577, -0.0095674, , , , , , , 27.0690577, -0.0018463, , , , , , , , , , , , , , , , , , , , , , , , , , , , 
27.0695769, 0.0293736, , , , , , , 27.0695769, -0.0036927, , , , , , , 27.0695769, -0.0112459, , , , , , , 27.0695769, 0.0003357, , , , , , , , , , , , , , , , , , , , , , , , , , , , 
27.0700962, 0.024506, , , , , , , 27.0700962, -0.0068818, , , , , , , 27.0700962, -0.0099031, , , , , , , 27.0700962, 0.0045319, , , , , , , , , , , , , , , , , , , , , , , , , , , , 
27.0706154, 0.0172885, , , , , , , 27.0706154, -0.0095674, , , , , , , 27.0706154, -0.0070497, , , , , , , 27.0706154, 0.0082246, , , , , , , , , , , , , , , , , , , , , , , , , , , , 
27.0711346, 0.0196384, , , , , , , 27.0711346, -0.0095674, , , , , , , 27.0711346, -0.0077211, , , , , , , 27.0711346, 0.0125887, , , , , , , , , , , , , , , , , , , , , , , , , , , , 
27.0716538, 0.0203098, , , , , , , 27.0716538, -0.0083925, , , , , , , 27.0716538, -0.0095674, , , , , , , 27.0716538, 0.0172885, , , , , , , , , , , , , , , , , , , , , , , , , , , , 
27.0721731, 0.0124208, , , , , , , 27.0721731, -0.008896, , , , , , , 27.0721731, -0.0095674, , , , , , , 27.0721731, 0.0219883, , , , , , , , , , , , , , , , , , , , , , , , , , , , 
27.0726923, 0.0038605, , , , , , , 27.0726923, -0.0102388, , , , , , , 27.0726923, -0.0075532, , , , , , , 27.0726923, 0.026688, , , , , , , , , , , , , , , , , , , , , , , , , , , , 
27.0732115, 0.0008392, , , , , , , 27.0732115, -0.0112459, , , , , , , 27.0732115, -0.0058747, , , , , , , 27.0732115, 0.0307164, , , , , , , , , , , , , , , , , , , , , , , , , , , , 
27.0737308, -0.0016785, , , , , , , 27.0737308, -0.0099031, , , , , , , 27.0737308, -0.0038605, , , , , , , 27.0737308, 0.0330663, , , , , , , , , , , , , , , , , , , , , , , , , , , , 
27.07425, -0.0077211, , , , , , , 27.07425, -0.0082246, , , , , , , 27.07425, -0.0025177, , , , , , , 27.07425, 0.0352483, , , , , , , , , , , , , , , , , , , , , , , , , , , , 
27.0747692, -0.0102388, , , , , , , 27.0747692, -0.0070497, , , , , , , 27.0747692, -0.0018463, , , , , , , 27.0747692, 0.0374304, , , , , , , , , , , , , , , , , , , , , , , , , , , , 
27.0752885, -0.0062104, , , , , , , 27.0752885, -0.0062104, , , , , , , 27.0752885, -0.0015106, , , , , , , 27.0752885, 0.0364233, , , , , , , , , , , , , , , , , , , , , , , , , , , , 
27.0758077, -0.0035248, , , , , , , 27.0758077, -0.0058747, , , , , , , 27.0758077, -0.0001678, , , , , , , 27.0758077, 0.0325628, , , , , , , , , , , , , , , , , , , , , , , , , , , , 
27.0763269, -0.0041962, , , , , , , 27.0763269, -0.0060426, , , , , , , 27.0763269, 0.0008392, , , , , , , 27.0763269, 0.0276951, , , , , , , , , , , , , , , , , , , , , , , , , , , , 
27.0768462, -0.0018463, , , , , , , 27.0768462, -0.0062104, , , , , , , 27.0768462, -0.0005035, , , , , , , 27.0768462, 0.0238346, , , , , , , , , , , , , , , , , , , , , , , , , , , , 
27.0773654, 0.0028534, , , , , , , 27.0773654, -0.0072175, , , , , , , 27.0773654, -0.0023499, , , , , , , 27.0773654, 0.0203098, , , , , , , , , , , , , , , , , , , , , , , , , , , , 
27.0778846, 0.0102388, , , , , , , 27.0778846, -0.0077211, , , , , , , 27.0778846, -0.0038605, , , , , , , 27.0778846, 0.0162814, , , , , , , , , , , , , , , , , , , , , , , , , , , , 
27.0784038, 0.0125887, , , , , , , 27.0784038, -0.0097353, , , , , , , 27.0784038, -0.0048676, , , , , , , 27.0784038, 0.0109102, , , , , , , , , , , , , , , , , , , , , , , , , , , , 
27.0789231, 0.0140993, , , , , , , 27.0789231, -0.0104067, , , , , , , 27.0789231, -0.0048676, , , , , , , 27.0789231, 0.0072175, , , , , , , , , , , , , , , , , , , , , , , , , , , , 
27.0794423, 0.0149386, , , , , , , 27.0794423, -0.0095674, , , , , , , 27.0794423, -0.0068818, , , , , , , 27.0794423, 0.0058747, , , , , , , , , , , , , , , , , , , , , , , , , , , , 
27.0799615, 0.014435, , , , , , , 27.0799615, -0.0085603, , , , , , , 27.0799615, -0.0102388, , , , , , , 27.0799615, 0.0062104, , , , , , , , , , , , , , , , , , , , , , , , , , , , 
27.0804808, 0.0132601, , , , , , , 27.0804808, -0.0075532, , , , , , , 27.0804808, -0.0120851, , , , , , , 27.0804808, 0.0065461, , , , , , , , , , , , , , , , , , , , , , , , , , , , 
27.081, 0.0171206, , , , , , , 27.081, -0.0068818, , , , , , , 27.081, -0.0109102, , , , , , , 27.081, 0.0075532, , , , , , , , , , , , , , , , , , , , , , , , , , , , 
27.0815192, 0.0206455, , , , , , , 27.0815192, -0.0075532, , , , , , , 27.0815192, -0.0112459, , , , , , , 27.0815192, 0.0085603, , , , , , , , , , , , , , , , , , , , , , , , , , , , 
27.0820385, 0.0193027, , , , , , , 27.0820385, -0.0082246, , , , , , , 27.0820385, -0.012253, , , , , , , 27.0820385, 0.0078889, , , , , , , , , , , , , , , , , , , , , , , , , , , , 
27.0825577, 0.0199741, , , , , , , 27.0825577, -0.0082246, , , , , , , 27.0825577, -0.0129244, , , , , , , 27.0825577, 0.0083925, , , , , , , , , , , , , , , , , , , , , , , , , , , , 
27.0830769, 0.0199741, , , , , , , 27.0830769, -0.0082246, , , , , , , 27.0830769, -0.0139315, , , , , , , 27.0830769, 0.0090639, , , , , , , , , , , , , , , , , , , , , , , , , , , , 
27.0835962, 0.0182956, , , , , , , 27.0835962, -0.0082246, , , , , , , 27.0835962, -0.0142672, , , , , , , 27.0835962, 0.0092317, , , , , , , , , , , , , , , , , , , , , , , , , , , , 
27.0841154, 0.0159457, , , , , , , 27.0841154, -0.0075532, , , , , , , 27.0841154, -0.0146029, , , , , , , 27.0841154, 0.0083925, , , , , , , , , , , , , , , , , , , , , , , , , , , , 
27.0846346, 0.0099031, , , , , , , 27.0846346, -0.0072175, , , , , , , 27.0846346, -0.0135958, , , , , , , 27.0846346, 0.0072175, , , , , , , , , , , , , , , , , , , , , , , , , , , , 
27.0851538, 0.0028534, , , , , , , 27.0851538, -0.0090639, , , , , , , 27.0851538, -0.0130922, , , , , , , 27.0851538, 0.0078889, , , , , , , , , , , , , , , , , , , , , , , , , , , , 
27.0856731, 0.0045319, , , , , , , 27.0856731, -0.0115816, , , , , , , 27.0856731, -0.0129244, , , , , , , 27.0856731, 0.0048676, , , , , , , , , , , , , , , , , , , , , , , , , , , , 
27.0861923, 0.0124208, , , , , , , 27.0861923, -0.012253, , , , , , , 27.0861923, -0.0117494, , , , , , , 27.0861923, -0.0041962, , , , , , , , , , , , , , , , , , , , , , , , , , , , 
27.0867115, 0.0196384, , , , , , , 27.0867115, -0.012253, , , , , , , 27.0867115, -0.0115816, , , , , , , 27.0867115, -0.0112459, , , , , , , , , , , , , , , , , , , , , , , , , , , , 
27.0872308, 0.0236667, , , , , , , 27.0872308, -0.0105745, , , , , , , 27.0872308, -0.0119173, , , , , , , 27.0872308, -0.0135958, , , , , , , , , , , , , , , , , , , , , , , , , , , , 
27.08775, 0.0276951, , , , , , , 27.08775, -0.008896, , , , , , , 27.08775, -0.0119173, , , , , , , 27.08775, -0.0151064, , , , , , , , , , , , , , , , , , , , , , , , , , , , 
27.0882692, 0.0303807, , , , , , , 27.0882692, -0.0083925, , , , , , , 27.0882692, -0.0115816, , , , , , , 27.0882692, -0.0169528, , , , , , , , , , , , , , , , , , , , , , , , , , , , 
27.0887885, 0.0307164, , , , , , , 27.0887885, -0.0082246, , , , , , , 27.0887885, -0.0109102, , , , , , , 27.0887885, -0.0184634, , , , , , , , , , , , , , , , , , , , , , , , , , , , 
27.0893077, 0.0250095, , , , , , , 27.0893077, -0.0062104, , , , , , , 27.0893077, -0.0104067, , , , , , , 27.0893077, -0.0154421, , , , , , , , , , , , , , , , , , , , , , , , , , , , 
27.0898269, 0.0199741, , , , , , , 27.0898269, -0.0048676, , , , , , , 27.0898269, -0.0082246, , , , , , , 27.0898269, -0.0085603, , , , , , , , , , , , , , , , , , , , , , , , , , , , 
27.0903462, 0.0179599, , , , , , , 27.0903462, -0.0058747, , , , , , , 27.0903462, -0.005539, , , , , , , 27.0903462, -0.0008392, , , , , , , , , , , , , , , , , , , , , , , , , , , , 
27.0908654, 0.0199741, , , , , , , 27.0908654, -0.0072175, , , , , , , 27.0908654, -0.0035248, , , , , , , 27.0908654, 0.0038605, , , , , , , , , , , , , , , , , , , , , , , , , , , , 
27.0913846, 0.0179599, , , , , , , 27.0913846, -0.0068818, , , , , , , 27.0913846, -0.0035248, , , , , , , 27.0913846, 0.0068818, , , , , , , , , , , , , , , , , , , , , , , , , , , , 
27.0919038, 0.0152743, , , , , , , 27.0919038, -0.0052033, , , , , , , 27.0919038, -0.0048676, , , , , , , 27.0919038, 0.0115816, , , , , , , , , , , , , , , , , , , , , , , , , , , , 
27.0924231, 0.0132601, , , , , , , 27.0924231, -0.0038605, , , , , , , 27.0924231, -0.0062104, , , , , , , 27.0924231, 0.018967, , , , , , , , , , , , , , , , , , , , , , , , , , , , 
27.0929423, 0.0105745, , , , , , , 27.0929423, -0.0028534, , , , , , , 27.0929423, -0.0045319, , , , , , , 27.0929423, 0.0253452, , , , , , , , , , , , , , , , , , , , , , , , , , , , 
27.0934615, 0.0052033, , , , , , , 27.0934615, -0.0031891, , , , , , , 27.0934615, -0.0035248, , , , , , , 27.0934615, 0.026688, , , , , , , , , , , , , , , , , , , , , , , , , , , , 
27.0939808, -0.0018463, , , , , , , 27.0939808, -0.0041962, , , , , , , 27.0939808, -0.0045319, , , , , , , 27.0939808, 0.0293736, , , , , , , , , , , , , , , , , , , , , , , , , , , , 
27.0945, -0.0062104, , , , , , , 27.0945, -0.0048676, , , , , , , 27.0945, -0.0041962, , , , , , , 27.0945, 0.0340734, , , , , , , , , , , , , , , , , , , , , , , , , , , , 
27.0950192, -0.0077211, , , , , , , 27.0950192, -0.0062104, , , , , , , 27.0950192, -0.0030213, , , , , , , 27.0950192, 0.0374304, , , , , , , , , , , , , , , , , , , , , , , , , , , , 
27.0955385, -0.0095674, , , , , , , 27.0955385, -0.0068818, , , , , , , 27.0955385, -0.0031891, , , , , , , 27.0955385, 0.0359197, , , , , , , , , , , , , , , , , , , , , , , , , , , , 
27.0960577, -0.0097353, , , , , , , 27.0960577, -0.005539, , , , , , , 27.0960577, -0.0041962, , , , , , , 27.0960577, 0.0320592, , , , , , , , , , , , , , , , , , , , , , , , , , , , 
27.0965769, -0.005539, , , , , , , 27.0965769, -0.0041962, , , , , , , 27.0965769, -0.0041962, , , , , , , 27.0965769, 0.0270237, , , , , , , , , , , , , , , , , , , , , , , , , , , , 
27.0970962, -0.0005035, , , , , , , 27.0970962, -0.005539, , , , , , , 27.0970962, -0.0062104, , , , , , , 27.0970962, 0.0226596, , , , , , , , , , , , , , , , , , , , , , , , , , , , 
27.0976154, 0.0008392, , , , , , , 27.0976154, -0.0068818, , , , , , , 27.0976154, -0.0075532, , , , , , , 27.0976154, 0.0179599, , , , , , , , , , , , , , , , , , , , , , , , , , , , 
27.0981346, 0.0043641, , , , , , , 27.0981346, -0.0082246, , , , , , , 27.0981346, -0.0072175, , , , , , , 27.0981346, 0.0159457, , , , , , , , , , , , , , , , , , , , , , , , , , , , 
27.0986538, 0.0105745, , , , , , , 27.0986538, -0.0082246, , , , , , , 27.0986538, -0.0041962, , , , , , , 27.0986538, 0.0159457, , , , , , , , , , , , , , , , , , , , , , , , , , , , 
27.0991731, 0.01561, , , , , , , 27.0991731, -0.0068818, , , , , , , 27.0991731, -0.0041962, , , , , , , 27.0991731, 0.0149386, , , , , , , , , , , , , , , , , , , , , , , , , , , , 
27.0996923, 0.0139315, , , , , , , 27.0996923, -0.0050355, , , , , , , 27.0996923, -0.0052033, , , , , , , 27.0996923, 0.0124208, , , , , , , , , , , , , , , , , , , , , , , , , , , , 
27.1002115, 0.0112459, , , , , , , 27.1002115, -0.0015106, , , , , , , 27.1002115, -0.0065461, , , , , , , 27.1002115, 0.0109102, , , , , , , , , , , , , , , , , , , , , , , , , , , , 
27.1007308, 0.014435, , , , , , , 27.1007308, -0.0030213, , , , , , , 27.1007308, -0.0072175, , , , , , , 27.1007308, 0.0099031, , , , , , , , , , , , , , , , , , , , , , , , , , , , 
27.10125, 0.0171206, , , , , , , 27.10125, -0.0057069, , , , , , , 27.10125, -0.0082246, , , , , , , 27.10125, 0.0099031, , , , , , , , , , , , , , , , , , , , , , , , , , , , 
27.1017692, 0.0169528, , , , , , , 27.1017692, -0.005539, , , , , , , 27.1017692, -0.008896, , , , , , , 27.1017692, 0.0112459, , , , , , , , , , , , , , , , , , , , , , , , , , , , 
27.1022885, 0.0146029, , , , , , , 27.1022885, -0.0052033, , , , , , , 27.1022885, -0.0102388, , , , , , , 27.1022885, 0.0085603, , , , , , , , , , , , , , , , , , , , , , , , , , , , 
27.1028077, 0.0105745, , , , , , , 27.1028077, -0.0058747, , , , , , , 27.1028077, -0.0124208, , , , , , , 27.1028077, 0.0057069, , , , , , , , , , , , , , , , , , , , , , , , , , , , 
27.1033269, 0.0166171, , , , , , , 27.1033269, -0.0092317, , , , , , , 27.1033269, -0.0115816, , , , , , , 27.1033269, 0.0048676, , , , , , , , , , , , , , , , , , , , , , , , , , , , 
27.1038462, 0.0216526, , , , , , , 27.1038462, -0.0112459, , , , , , , 27.1038462, -0.0095674, , , , , , , 27.1038462, 0.0031891, , , , , , , , , , , , , , , , , , , , , , , , , , , , 
27.1043654, 0.023331, , , , , , , 27.1043654, -0.0109102, , , , , , , 27.1043654, -0.010071, , , , , , , 27.1043654, 0.0043641, , , , , , , , , , , , , , , , , , , , , , , , , , , , 
27.1048846, 0.0240024, , , , , , , 27.1048846, -0.0095674, , , , , , , 27.1048846, -0.0109102, , , , , , , 27.1048846, 0.0102388, , , , , , , , , , , , , , , , , , , , , , , , , , , , 
27.1054038, 0.0240024, , , , , , , 27.1054038, -0.0095674, , , , , , , 27.1054038, -0.0102388, , , , , , , 27.1054038, 0.0109102, , , , , , , , , , , , , , , , , , , , , , , , , , , , 
27.1059231, 0.026688, , , , , , , 27.1059231, -0.0109102, , , , , , , 27.1059231, -0.008896, , , , , , , 27.1059231, 0.0078889, , , , , , , , , , , , , , , , , , , , , , , , , , , , 
27.1064423, 0.0310521, , , , , , , 27.1064423, -0.0112459, , , , , , , 27.1064423, -0.0082246, , , , , , , 27.1064423, 0.0072175, , , , , , , , , , , , , , , , , , , , , , , , , , , , 
27.1069615, 0.0320592, , , , , , , 27.1069615, -0.0102388, , , , , , , 27.1069615, -0.0095674, , , , , , , 27.1069615, 0.0078889, , , , , , , , , , , , , , , , , , , , , , , , , , , , 
27.1074808, 0.0320592, , , , , , , 27.1074808, -0.0099031, , , , , , , 27.1074808, -0.0090639, , , , , , , 27.1074808, 0.0068818, , , , , , , , , , , , , , , , , , , , , , , , , , , , 
27.108, 0.0344091, , , , , , , 27.108, -0.0095674, , , , , , , 27.108, -0.0082246, , , , , , , 27.108, 0.0065461, , , , , , , , , , , , , , , , , , , , , , , , , , , , 
27.1085192, 0.0370947, , , , , , , 27.1085192, -0.0082246, , , , , , , 27.1085192, -0.0095674, , , , , , , 27.1085192, 0.0052033, , , , , , , , , , , , , , , , , , , , , , , , , , , , 
27.1090385, 0.036759, , , , , , , 27.1090385, -0.0070497, , , , , , , 27.1090385, -0.0115816, , , , , , , 27.1090385, 0.0015106, , , , , , , , , , , , , , , , , , , , , , , , , , , , 
27.1095577, 0.0325628, , , , , , , 27.1095577, -0.0068818, , , , , , , 27.1095577, -0.0135958, , , , , , , 27.1095577, -0.0001678, , , , , , , , , , , , , , , , , , , , , , , , , , , , 
27.1100769, 0.026688, , , , , , , 27.1100769, -0.005539, , , , , , , 27.1100769, -0.0135958, , , , , , , 27.1100769, 0.0035248, , , , , , , , , , , , , , , , , , , , , , , , , , , , 
27.1105962, 0.0240024, , , , , , , 27.1105962, -0.0068818, , , , , , , 27.1105962, -0.0115816, , , , , , , 27.1105962, 0.011078, , , , , , , , , , , , , , , , , , , , , , , , , , , , 
27.1111154, 0.018967, , , , , , , 27.1111154, -0.0083925, , , , , , , 27.1111154, -0.0085603, , , , , , , 27.1111154, 0.0164492, , , , , , , , , , , , , , , , , , , , , , , , , , , , 
27.1116346, 0.0151064, , , , , , , 27.1116346, -0.0085603, , , , , , , 27.1116346, -0.0082246, , , , , , , 27.1116346, 0.0172885, , , , , , , , , , , , , , , , , , , , , , , , , , , , 
27.1121538, 0.0142672, , , , , , , 27.1121538, -0.0082246, , , , , , , 27.1121538, -0.0082246, , , , , , , 27.1121538, 0.0182956, , , , , , , , , , , , , , , , , , , , , , , , , , , , 
27.1126731, 0.0075532, , , , , , , 27.1126731, -0.008896, , , , , , , 27.1126731, -0.0065461, , , , , , , 27.1126731, 0.0213169, , , , , , , , , , , , , , , , , , , , , , , , , , , , 
27.1131923, -0.0015106, , , , , , , 27.1131923, -0.0087282, , , , , , , 27.1131923, -0.0041962, , , , , , , 27.1131923, 0.0250095, , , , , , , , , , , , , , , , , , , , , , , , , , , , 
27.1137115, -0.0095674, , , , , , , 27.1137115, -0.008896, , , , , , , 27.1137115, -0.0048676, , , , , , , 27.1137115, 0.03122, , , , , , , , , , , , , , , , , , , , , , , , , , , , 
27.1142308, -0.0149386, , , , , , , 27.1142308, -0.0092317, , , , , , , 27.1142308, -0.0052033, , , , , , , 27.1142308, 0.0357519, , , , , , , , , , , , , , , , , , , , , , , , , , , , 
27.11475, -0.0169528, , , , , , , 27.11475, -0.0099031, , , , , , , 27.11475, -0.005539, , , , , , , 27.11475, 0.0357519, , , , , , , , , , , , , , , , , , , , , , , , , , , , 
27.1152692, -0.0152743, , , , , , , 27.1152692, -0.0102388, , , , , , , 27.1152692, -0.0045319, , , , , , , 27.1152692, 0.0330663, , , , , , , , , , , , , , , , , , , , , , , , , , , , 
27.1157885, -0.0093996, , , , , , , 27.1157885, -0.0102388, , , , , , , 27.1157885, -0.0015106, , , , , , , 27.1157885, 0.0297093, , , , , , , , , , , , , , , , , , , , , , , , , , , , 
27.1163077, -0.0072175, , , , , , , 27.1163077, -0.008896, , , , , , , 27.1163077, 0.0011749, , , , , , , 27.1163077, 0.0265202, , , , , , , , , , , , , , , , , , , , , , , , , , , , 
27.1168269, -0.008896, , , , , , , 27.1168269, -0.0078889, , , , , , , 27.1168269, 0.0005035, , , , , , , 27.1168269, 0.0226596, , , , , , , , , , , , , , , , , , , , , , , , , , , , 
27.1173462, -0.0075532, , , , , , , 27.1173462, -0.0075532, , , , , , , 27.1173462, -0.0031891, , , , , , , 27.1173462, 0.017792, , , , , , , , , , , , , , , , , , , , , , , , , , , , 
27.1178654, -0.0018463, , , , , , , 27.1178654, -0.0082246, , , , , , , 27.1178654, -0.0068818, , , , , , , 27.1178654, 0.0157778, , , , , , , , , , , , , , , , , , , , , , , , , , , , 
27.1183846, 0.0038605, , , , , , , 27.1183846, -0.0077211, , , , , , , 27.1183846, -0.0077211, , , , , , , 27.1183846, 0.0146029, , , , , , , , , , , , , , , , , , , , , , , , , , , , 
27.1189038, 0.0068818, , , , , , , 27.1189038, -0.0062104, , , , , , , 27.1189038, -0.0041962, , , , , , , 27.1189038, 0.0124208, , , , , , , , , , , , , , , , , , , , , , , , , , , , 
27.1194231, 0.0052033, , , , , , , 27.1194231, -0.0048676, , , , , , , 27.1194231, -0.0015106, , , , , , , 27.1194231, 0.0119173, , , , , , , , , , , , , , , , , , , , , , , , , , , , 
27.1199423, 0.0045319, , , , , , , 27.1199423, -0.0065461, , , , , , , 27.1199423, -0.0005035, , , , , , , 27.1199423, 0.0142672, , , , , , , , , , , , , , , , , , , , , , , , , , , , 
27.1204615, 0.0068818, , , , , , , 27.1204615, -0.0095674, , , , , , , 27.1204615, -0.0005035, , , , , , , 27.1204615, 0.0162814, , , , , , , , , , , , , , , , , , , , , , , , , , , , 
27.1209808, 0.011078, , , , , , , 27.1209808, -0.0095674, , , , , , , 27.1209808, -0.0028534, , , , , , , 27.1209808, 0.0179599, , , , , , , , , , , , , , , , , , , , , , , , , , , , 
27.1215, 0.0119173, , , , , , , 27.1215, -0.0075532, , , , , , , 27.1215, -0.0028534, , , , , , , 27.1215, 0.0199741, , , , , , , , , , , , , , , , , , , , , , , , , , , , 
27.1220192, 0.0119173, , , , , , , 27.1220192, -0.0068818, , , , , , , 27.1220192, -0.0025177, , , , , , , 27.1220192, 0.0206455, , , , , , , , , , , , , , , , , , , , , , , , , , , , 
27.1225385, 0.0125887, , , , , , , 27.1225385, -0.0075532, , , , , , , 27.1225385, -0.0038605, , , , , , , 27.1225385, 0.0193027, , , , , , , , , , , , , , , , , , , , , , , , , , , , 
27.1230577, 0.0139315, , , , , , , 27.1230577, -0.0072175, , , , , , , 27.1230577, -0.0052033, , , , , , , 27.1230577, 0.0162814, , , , , , , , , , , , , , , , , , , , , , , , , , , , 
27.1235769, 0.0140993, , , , , , , 27.1235769, -0.008896, , , , , , , 27.1235769, -0.005539, , , , , , , 27.1235769, 0.0139315, , , , , , , , , , , , , , , , , , , , , , , , , , , , 
27.1240962, 0.0117494, , , , , , , 27.1240962, -0.0102388, , , , , , , 27.1240962, -0.0065461, , , , , , , 27.1240962, 0.0139315, , , , , , , , , , , , , , , , , , , , , , , , , , , , 
27.1246154, 0.0117494, , , , , , , 27.1246154, -0.0085603, , , , , , , 27.1246154, -0.0075532, , , , , , , 27.1246154, 0.0159457, , , , , , , , , , , , , , , , , , , , , , , , , , , , 
27.1251346, 0.0139315, , , , , , , 27.1251346, -0.0075532, , , , , , , 27.1251346, -0.008896, , , , , , , 27.1251346, 0.0162814, , , , , , , , , , , , , , , , , , , , , , , , , , , , 
27.1256538, 0.0152743, , , , , , , 27.1256538, -0.0077211, , , , , , , 27.1256538, -0.0095674, , , , , , , 27.1256538, 0.0115816, , , , , , , , , , , , , , , , , , , , , , , , , , , , 
27.1261731, 0.0172885, , , , , , , 27.1261731, -0.0083925, , , , , , , 27.1261731, -0.010071, , , , , , , 27.1261731, 0.0041962, , , , , , , , , , , , , , , , , , , , , , , , , , , , 
27.1266923, 0.0224918, , , , , , , 27.1266923, -0.0082246, , , , , , , 27.1266923, -0.0115816, , , , , , , 27.1266923, -0.0008392, , , , , , , , , , , , , , , , , , , , , , , , , , , , 
27.1272115, 0.0276951, , , , , , , 27.1272115, -0.0075532, , , , , , , 27.1272115, -0.012253, , , , , , , 27.1272115, -0.002182, , , , , , , , , , , , , , , , , , , , , , , , , , , , 
27.1277308, 0.0323949, , , , , , , 27.1277308, -0.0092317, , , , , , , 27.1277308, -0.0135958, , , , , , , 27.1277308, -0.0028534, , , , , , , , , , , , , , , , , , , , , , , , , , , , 
27.12825, 0.033402, , , , , , , 27.12825, -0.0109102, , , , , , , 27.12825, -0.0130922, , , , , , , 27.12825, -0.0045319, , , , , , , , , , , , , , , , , , , , , , , , , , , , 
27.1287692, 0.0340734, , , , , , , 27.1287692, -0.0109102, , , , , , , 27.1287692, -0.012253, , , , , , , 27.1287692, -0.0072175, , , , , , , , , , , , , , , , , , , , , , , , , , , , 
27.1292885, 0.0357519, , , , , , , 27.1292885, -0.0095674, , , , , , , 27.1292885, -0.0129244, , , , , , , 27.1292885, -0.0082246, , , , , , , , , , , , , , , , , , , , , , , , , , , , 
27.1298077, 0.0340734, , , , , , , 27.1298077, -0.0082246, , , , , , , 27.1298077, -0.0135958, , , , , , , 27.1298077, -0.0052033, , , , , , , , , , , , , , , , , , , , , , , , , , , , 
27.1303269, 0.0293736, , , , , , , 27.1303269, -0.0058747, , , , , , , 27.1303269, -0.0112459, , , , , , , 27.1303269, -0.0001678, , , , , , , , , , , , , , , , , , , , , , , , , , , , 
27.1308462, 0.021149, , , , , , , 27.1308462, -0.0050355, , , , , , , 27.1308462, -0.0085603, , , , , , , 27.1308462, 0.0058747, , , , , , , , , , , , , , , , , , , , , , , , , , , , 
27.1313654, 0.01561, , , , , , , 27.1313654, -0.0063783, , , , , , , 27.1313654, -0.0099031, , , , , , , 27.1313654, 0.0105745, , , , , , , , , , , , , , , , , , , , , , , , , , , , 
27.1318846, 0.0152743, , , , , , , 27.1318846, -0.0068818, , , , , , , 27.1318846, -0.0129244, , , , , , , 27.1318846, 0.0135958, , , , , , , , , , , , , , , , , , , , , , , , , , , , 
27.1324038, 0.0129244, , , , , , , 27.1324038, -0.0068818, , , , , , , 27.1324038, -0.0117494, , , , , , , 27.1324038, 0.0159457, , , , , , , , , , , , , , , , , , , , , , , , , , , , 
27.1329231, 0.0070497, , , , , , , 27.1329231, -0.0062104, , , , , , , 27.1329231, -0.0090639, , , , , , , 27.1329231, 0.018967, , , , , , , , , , , , , , , , , , , , , , , , , , , , 
27.1334423, 0.0016785, , , , , , , 27.1334423, -0.005539, , , , , , , 27.1334423, -0.0083925, , , , , , , 27.1334423, 0.0246738, , , , , , , , , , , , , , , , , , , , , , , , , , , , 
27.1339615, 0.0008392, , , , , , , 27.1339615, -0.005539, , , , , , , 27.1339615, -0.008896, , , , , , , 27.1339615, 0.0293736, , , , , , , , , , , , , , , , , , , , , , , , , , , , 
27.1344808, 0.0010071, , , , , , , 27.1344808, -0.0052033, , , , , , , 27.1344808, -0.0072175, , , , , , , 27.1344808, 0.0317235, , , , , , , , , , , , , , , , , , , , , , , , , , , , 
27.135, -0.0015106, , , , , , , 27.135, -0.005539, , , , , , , 27.135, -0.0058747, , , , , , , 27.135, 0.033402, , , , , , , , , , , , , , , , , , , , , , , , , , , , 
27.1355192, -0.0070497, , , , , , , 27.1355192, -0.0062104, , , , , , , 27.1355192, -0.0058747, , , , , , , 27.1355192, 0.0350805, , , , , , , , , , , , , , , , , , , , , , , , , , , , 
27.1360385, -0.0092317, , , , , , , 27.1360385, -0.0068818, , , , , , , 27.1360385, -0.0072175, , , , , , , 27.1360385, 0.0340734, , , , , , , , , , , , , , , , , , , , , , , , , , , , 
27.1365577, -0.0048676, , , , , , , 27.1365577, -0.0068818, , , , , , , 27.1365577, -0.0099031, , , , , , , 27.1365577, 0.0290379, , , , , , , , , , , , , , , , , , , , , , , , , , , , 
27.1370769, 0.0010071, , , , , , , 27.1370769, -0.0057069, , , , , , , 27.1370769, -0.0099031, , , , , , , 27.1370769, 0.0213169, , , , , , , , , , , , , , , , , , , , , , , , , , , , 
27.1375962, 0.008896, , , , , , , 27.1375962, -0.0057069, , , , , , , 27.1375962, -0.0085603, , , , , , , 27.1375962, 0.0169528, , , , , , , , , , , , , , , , , , , , , , , , , , , , 
27.1381154, 0.0179599, , , , , , , 27.1381154, -0.0065461, , , , , , , 27.1381154, -0.0078889, , , , , , , 27.1381154, 0.0149386, , , , , , , , , , , , , , , , , , , , , , , , , , , , 
27.1386346, 0.0216526, , , , , , , 27.1386346, -0.005539, , , , , , , 27.1386346, -0.0085603, , , , , , , 27.1386346, 0.0132601, , , , , , , , , , , , , , , , , , , , , , , , , , , , 
27.1391538, 0.0199741, , , , , , , 27.1391538, -0.0062104, , , , , , , 27.1391538, -0.0082246, , , , , , , 27.1391538, 0.0130922, , , , , , , , , , , , , , , , , , , , , , , , , , , , 
27.1396731, 0.0213169, , , , , , , 27.1396731, -0.0082246, , , , , , , 27.1396731, -0.0082246, , , , , , , 27.1396731, 0.014435, , , , , , , , , , , , , , , , , , , , , , , , , , , , 
27.1401923, 0.0238346, , , , , , , 27.1401923, -0.0085603, , , , , , , 27.1401923, -0.0099031, , , , , , , 27.1401923, 0.0129244, , , , , , , , , , , , , , , , , , , , , , , , , , , , 
27.1407115, 0.0243381, , , , , , , 27.1407115, -0.0078889, , , , , , , 27.1407115, -0.0115816, , , , , , , 27.1407115, 0.0109102, , , , , , , , , , , , , , , , , , , , , , , , , , , , 
27.1412308, 0.0226596, , , , , , , 27.1412308, -0.0068818, , , , , , , 27.1412308, -0.0115816, , , , , , , 27.1412308, 0.0107424, , , , , , , , , , , , , , , , , , , , , , , , , , , , 
27.14175, 0.0216526, , , , , , , 27.14175, -0.0075532, , , , , , , 27.14175, -0.0092317, , , , , , , 27.14175, 0.0102388, , , , , , , , , , , , , , , , , , , , , , , , , , , , 
27.1422692, 0.0213169, , , , , , , 27.1422692, -0.008896, , , , , , , 27.1422692, -0.0082246, , , , , , , 27.1422692, 0.0102388, , , , , , , , , , , , , , , , , , , , , , , , , , , , 
27.1427885, 0.0243381, , , , , , , 27.1427885, -0.0082246, , , , , , , 27.1427885, -0.008896, , , , , , , 27.1427885, 0.0112459, , , , , , , , , , , , , , , , , , , , , , , , , , , , 
27.1433077, 0.0219883, , , , , , , 27.1433077, -0.0058747, , , , , , , 27.1433077, -0.0099031, , , , , , , 27.1433077, 0.0112459, , , , , , , , , , , , , , , , , , , , , , , , , , , , 
27.1438269, 0.0169528, , , , , , , 27.1438269, -0.005539, , , , , , , 27.1438269, -0.011078, , , , , , , 27.1438269, 0.0119173, , , , , , , , , , , , , , , , , , , , , , , , , , , , 
27.1443462, 0.0152743, , , , , , , 27.1443462, -0.0075532, , , , , , , 27.1443462, -0.0102388, , , , , , , 27.1443462, 0.0105745, , , , , , , , , , , , , , , , , , , , , , , , , , , , 
27.1448654, 0.0159457, , , , , , , 27.1448654, -0.0082246, , , , , , , 27.1448654, -0.0085603, , , , , , , 27.1448654, 0.0075532, , , , , , , , , , , , , , , , , , , , , , , , , , , , 
27.1453846, 0.0149386, , , , , , , 27.1453846, -0.0075532, , , , , , , 27.1453846, -0.0082246, , , , , , , 27.1453846, 0.0070497, , , , , , , , , , , , , , , , , , , , , , , , , , , , 
27.1459038, 0.0146029, , , , , , , 27.1459038, -0.0072175, , , , , , , 27.1459038, -0.0109102, , , , , , , 27.1459038, 0.0031891, , , , , , , , , , , , , , , , , , , , , , , , , , , , 
27.1464231, 0.0199741, , , , , , , 27.1464231, -0.008896, , , , , , , 27.1464231, -0.0117494, , , , , , , 27.1464231, -0.0036927, , , , , , , , , , , , , , , , , , , , , , , , , , , , 
27.1469423, 0.0287022, , , , , , , 27.1469423, -0.0105745, , , , , , , 27.1469423, -0.0102388, , , , , , , 27.1469423, -0.0092317, , , , , , , , , , , , , , , , , , , , , , , , , , , , 
27.1474615, 0.0364233, , , , , , , 27.1474615, -0.0097353, , , , , , , 27.1474615, -0.0085603, , , , , , , 27.1474615, -0.012253, , , , , , , , , , , , , , , , , , , , , , , , , , , , 
27.1479808, 0.0412909, , , , , , , 27.1479808, -0.0099031, , , , , , , 27.1479808, -0.0083925, , , , , , , 27.1479808, -0.0104067, , , , , , , , , , , , , , , , , , , , , , , , , , , , 
27.1485, 0.0406195, , , , , , , 27.1485, -0.0099031, , , , , , , 27.1485, -0.0082246, , , , , , , 27.1485, -0.0083925, , , , , , , , , , , , , , , , , , , , , , , , , , , , 
27.1490192, 0.0381018, , , , , , , 27.1490192, -0.0082246, , , , , , , 27.1490192, -0.0090639, , , , , , , 27.1490192, -0.0052033, , , , , , , , , , , , , , , , , , , , , , , , , , , , 
27.1495385, 0.0310521, , , , , , , 27.1495385, -0.0077211, , , , , , , 27.1495385, -0.0082246, , , , , , , 27.1495385, -0.002182, , , , , , , , , , , , , , , , , , , , , , , , , , , , 
27.1500577, 0.026688, , , , , , , 27.1500577, -0.0062104, , , , , , , 27.1500577, -0.0062104, , , , , , , 27.1500577, -0.0005035, , , , , , , , , , , , , , , , , , , , , , , , , , , , 
27.1505769, 0.023331, , , , , , , 27.1505769, -0.005539, , , , , , , 27.1505769, -0.0077211, , , , , , , 27.1505769, 0.0028534, , , , , , , , , , , , , , , , , , , , , , , , , , , , 
27.1510962, 0.0149386, , , , , , , 27.1510962, -0.0065461, , , , , , , 27.1510962, -0.0082246, , , , , , , 27.1510962, 0.0083925, , , , , , , , , , , , , , , , , , , , , , , , , , , , 
27.1516154, 0.0099031, , , , , , , 27.1516154, -0.0070497, , , , , , , 27.1516154, -0.0058747, , , , , , , 27.1516154, 0.0139315, , , , , , , , , , , , , , , , , , , , , , , , , , , , 
27.1521346, 0.008896, , , , , , , 27.1521346, -0.0082246, , , , , , , 27.1521346, -0.0043641, , , , , , , 27.1521346, 0.0199741, , , , , , , , , , , , , , , , , , , , , , , , , , , , 
27.1526538, 0.0052033, , , , , , , 27.1526538, -0.0078889, , , , , , , 27.1526538, -0.005539, , , , , , , 27.1526538, 0.0226596, , , , , , , , , , , , , , , , , , , , , , , , , , , , 
27.1531731, -0.0001678, , , , , , , 27.1531731, -0.0065461, , , , , , , 27.1531731, -0.0082246, , , , , , , 27.1531731, 0.0206455, , , , , , , , , , , , , , , , , , , , , , , , , , , , 
27.1536923, -0.0035248, , , , , , , 27.1536923, -0.0070497, , , , , , , 27.1536923, -0.0062104, , , , , , , 27.1536923, 0.0226596, , , , , , , , , , , , , , , , , , , , , , , , , , , , 
27.1542115, -0.005539, , , , , , , 27.1542115, -0.0082246, , , , , , , 27.1542115, -0.0035248, , , , , , , 27.1542115, 0.0303807, , , , , , , , , , , , , , , , , , , , , , , , , , , , 
27.1547308, -0.0072175, , , , , , , 27.1547308, -0.0082246, , , , , , , 27.1547308, -0.0016785, , , , , , , 27.1547308, 0.0359197, , , , , , , , , , , , , , , , , , , , , , , , , , , , 
27.15525, -0.0092317, , , , , , , 27.15525, -0.0082246, , , , , , , 27.15525, 0.0005035, , , , , , , 27.15525, 0.0374304, , , , , , , , , , , , , , , , , , , , , , , , , , , , 
27.1557692, -0.0115816, , , , , , , 27.1557692, -0.0102388, , , , , , , 27.1557692, 0.0001678, , , , , , , 27.1557692, 0.0360876, , , , , , , , , , , , , , , , , , , , , , , , , , , , 
27.1562885, -0.0072175, , , , , , , 27.1562885, -0.0095674, , , , , , , 27.1562885, -0.0015106, , , , , , , 27.1562885, 0.03122, , , , , , , , , , , , , , , , , , , , , , , , , , , , 
27.1568077, -0.0010071, , , , , , , 27.1568077, -0.008896, , , , , , , 27.1568077, -0.0018463, , , , , , , 27.1568077, 0.0260166, , , , , , , , , , , , , , , , , , , , , , , , , , , , 
27.1573269, 0.0025177, , , , , , , 27.1573269, -0.0092317, , , , , , , 27.1573269, -0.0035248, , , , , , , 27.1573269, 0.0223239, , , , , , , , , , , , , , , , , , , , , , , , , , , , 
27.1578462, 0.0065461, , , , , , , 27.1578462, -0.0099031, , , , , , , 27.1578462, -0.003357, , , , , , , 27.1578462, 0.0213169, , , , , , , , , , , , , , , , , , , , , , , , , , , , 
27.1583654, 0.0115816, , , , , , , 27.1583654, -0.0095674, , , , , , , 27.1583654, -0.0011749, , , , , , , 27.1583654, 0.0213169, , , , , , , , , , , , , , , , , , , , , , , , , , , , 
27.1588846, 0.0125887, , , , , , , 27.1588846, -0.0095674, , , , , , , 27.1588846, -0.0008392, , , , , , , 27.1588846, 0.0182956, , , , , , , , , , , , , , , , , , , , , , , , , , , , 
27.1594038, 0.0095674, , , , , , , 27.1594038, -0.0099031, , , , , , , 27.1594038, -0.0030213, , , , , , , 27.1594038, 0.0132601, , , , , , , , , , , , , , , , , , , , , , , , , , , , 
27.1599231, 0.0092317, , , , , , , 27.1599231, -0.0095674, , , , , , , 27.1599231, -0.0062104, , , , , , , 27.1599231, 0.0115816, , , , , , , , , , , , , , , , , , , , , , , , , , , , 
27.1604423, 0.0132601, , , , , , , 27.1604423, -0.008896, , , , , , , 27.1604423, -0.0095674, , , , , , , 27.1604423, 0.0092317, , , , , , , , , , , , , , , , , , , , , , , , , , , , 
27.1609615, 0.0172885, , , , , , , 27.1609615, -0.0097353, , , , , , , 27.1609615, -0.0115816, , , , , , , 27.1609615, 0.005539, , , , , , , , , , , , , , , , , , , , , , , , , , , , 
27.1614808, 0.0186313, , , , , , , 27.1614808, -0.0115816, , , , , , , 27.1614808, -0.0112459, , , , , , , 27.1614808, 0.0041962, , , , , , , , , , , , , , , , , , , , , , , , , , , , 
27.162, 0.0199741, , , , , , , 27.162, -0.0149386, , , , , , , 27.162, -0.0109102, , , , , , , 27.162, 0.005539, , , , , , , , , , , , , , , , , , , , , , , , , , , , 
27.1625192, 0.0199741, , , , , , , 27.1625192, -0.0164492, , , , , , , 27.1625192, -0.008896, , , , , , , 27.1625192, 0.005539, , , , , , , , , , , , , , , , , , , , , , , , , , , , 
27.1630385, 0.0213169, , , , , , , 27.1630385, -0.0142672, , , , , , , 27.1630385, -0.0078889, , , , , , , 27.1630385, 0.0028534, , , , , , , , , , , , , , , , , , , , , , , , , , , , 
27.1635577, 0.0243381, , , , , , , 27.1635577, -0.0109102, , , , , , , 27.1635577, -0.0092317, , , , , , , 27.1635577, 0.0001678, , , , , , , , , , , , , , , , , , , , , , , , , , , , 
27.1640769, 0.0223239, , , , , , , 27.1640769, -0.0095674, , , , , , , 27.1640769, -0.0109102, , , , , , , 27.1640769, -0.0005035, , , , , , , , , , , , , , , , , , , , , , , , , , , , 
27.1645962, 0.01561, , , , , , , 27.1645962, -0.0090639, , , , , , , 27.1645962, -0.0115816, , , , , , , 27.1645962, 0.0001678, , , , , , , , , , , , , , , , , , , , , , , , , , , , 
27.1651154, 0.0125887, , , , , , , 27.1651154, -0.008896, , , , , , , 27.1651154, -0.0112459, , , , , , , 27.1651154, -0.0008392, , , , , , , , , , , , , , , , , , , , , , , , , , , , 
27.1656346, 0.0171206, , , , , , , 27.1656346, -0.0082246, , , , , , , 27.1656346, -0.0102388, , , , , , , 27.1656346, -0.005539, , , , , , , , , , , , , , , , , , , , , , , , , , , , 
27.1661538, 0.0213169, , , , , , , 27.1661538, -0.0075532, , , , , , , 27.1661538, -0.0109102, , , , , , , 27.1661538, -0.0102388, , , , , , , , , , , , , , , , , , , , , , , , , , , , 
27.1666731, 0.0223239, , , , , , , 27.1666731, -0.0078889, , , , , , , 27.1666731, -0.0152743, , , , , , , 27.1666731, -0.0117494, , , , , , , , , , , , , , , , , , , , , , , , , , , , 
27.1671923, 0.0226596, , , , , , , 27.1671923, -0.008896, , , , , , , 27.1671923, -0.017792, , , , , , , 27.1671923, -0.0119173, , , , , , , , , , , , , , , , , , , , , , , , , , , , 
27.1677115, 0.0243381, , , , , , , 27.1677115, -0.008896, , , , , , , 27.1677115, -0.017792, , , , , , , 27.1677115, -0.0109102, , , , , , , , , , , , , , , , , , , , , , , , , , , , 
27.1682308, 0.0265202, , , , , , , 27.1682308, -0.0065461, , , , , , , 27.1682308, -0.0142672, , , , , , , 27.1682308, -0.0090639, , , , , , , , , , , , , , , , , , , , , , , , , , , , 
27.16875, 0.0253452, , , , , , , 27.16875, -0.005539, , , , , , , 27.16875, -0.0112459, , , , , , , 27.16875, -0.0068818, , , , , , , , , , , , , , , , , , , , , , , , , , , , 
27.1692692, 0.0263523, , , , , , , 27.1692692, -0.0065461, , , , , , , 27.1692692, -0.012253, , , , , , , 27.1692692, -0.0015106, , , , , , , , , , , , , , , , , , , , , , , , , , , , 
27.1697885, 0.0293736, , , , , , , 27.1697885, -0.0077211, , , , , , , 27.1697885, -0.012253, , , , , , , 27.1697885, 0.0050355, , , , , , , , , , , , , , , , , , , , , , , , , , , , 
27.1703077, 0.0213169, , , , , , , 27.1703077, -0.005539, , , , , , , 27.1703077, -0.0102388, , , , , , , 27.1703077, 0.010071, , , , , , , , , , , , , , , , , , , , , , , , , , , , 
27.1708269, 0.0105745, , , , , , , 27.1708269, -0.0041962, , , , , , , 27.1708269, -0.0087282, , , , , , , 27.1708269, 0.0129244, , , , , , , , , , , , , , , , , , , , , , , , , , , , 
27.1713462, 0.0065461, , , , , , , 27.1713462, -0.0045319, , , , , , , 27.1713462, -0.0083925, , , , , , , 27.1713462, 0.0152743, , , , , , , , , , , , , , , , , , , , , , , , , , , , 
27.1718654, 0.0035248, , , , , , , 27.1718654, -0.005539, , , , , , , 27.1718654, -0.0072175, , , , , , , 27.1718654, 0.0172885, , , , , , , , , , , , , , , , , , , , , , , , , , , , 
27.1723846, -0.0008392, , , , , , , 27.1723846, -0.0065461, , , , , , , 27.1723846, -0.0041962, , , , , , , 27.1723846, 0.0231632, , , , , , , , , , , , , , , , , , , , , , , , , , , , 
27.1729038, -0.0052033, , , , , , , 27.1729038, -0.005539, , , , , , , 27.1729038, -0.0031891, , , , , , , 27.1729038, 0.0290379, , , , , , , , , , , , , , , , , , , , , , , , , , , , 
27.1734231, -0.0095674, , , , , , , 27.1734231, -0.005539, , , , , , , 27.1734231, -0.005539, , , , , , , 27.1734231, 0.0332341, , , , , , , , , , , , , , , , , , , , , , , , , , , , 
27.1739423, -0.0135958, , , , , , , 27.1739423, -0.0068818, , , , , , , 27.1739423, -0.0077211, , , , , , , 27.1739423, 0.036759, , , , , , , , , , , , , , , , , , , , , , , , , , , , 
27.1744615, -0.01561, , , , , , , 27.1744615, -0.0078889, , , , , , , 27.1744615, -0.0077211, , , , , , , 27.1744615, 0.0404517, , , , , , , , , , , , , , , , , , , , , , , , , , , , 
27.1749808, -0.0176242, , , , , , , 27.1749808, -0.008896, , , , , , , 27.1749808, -0.0048676, , , , , , , 27.1749808, 0.0421302, , , , , , , , , , , , , , , , , , , , , , , , , , , , 
27.1755, -0.0181277, , , , , , , 27.1755, -0.0082246, , , , , , , 27.1755, -0.0025177, , , , , , , 27.1755, 0.0394446, , , , , , , , , , , , , , , , , , , , , , , , , , , , 
27.1760192, -0.0152743, , , , , , , 27.1760192, -0.0065461, , , , , , , 27.1760192, -0.0020142, , , , , , , 27.1760192, 0.0352483, , , , , , , , , , , , , , , , , , , , , , , , , , , , 
27.1765385, -0.0135958, , , , , , , 27.1765385, -0.0041962, , , , , , , 27.1765385, -0.0031891, , , , , , , 27.1765385, 0.0310521, , , , , , , , , , , , , , , , , , , , , , , , , , , , 
27.1770577, -0.008896, , , , , , , 27.1770577, -0.0048676, , , , , , , 27.1770577, -0.0046998, , , , , , , 27.1770577, 0.026688, , , , , , , , , , , , , , , , , , , , , , , , , , , , 
27.1775769, 0.0035248, , , , , , , 27.1775769, -0.0045319, , , , , , , 27.1775769, -0.0062104, , , , , , , 27.1775769, 0.0226596, , , , , , , , , , , , , , , , , , , , , , , , , , , , 
27.1780962, 0.0157778, , , , , , , 27.1780962, -0.0048676, , , , , , , 27.1780962, -0.0072175, , , , , , , 27.1780962, 0.0199741, , , , , , , , , , , , , , , , , , , , , , , , , , , , 
27.1786154, 0.0199741, , , , , , , 27.1786154, -0.0048676, , , , , , , 27.1786154, -0.0058747, , , , , , , 27.1786154, 0.0159457, , , , , , , , , , , , , , , , , , , , , , , , , , , , 
27.1791346, 0.0199741, , , , , , , 27.1791346, -0.0043641, , , , , , , 27.1791346, -0.0038605, , , , , , , 27.1791346, 0.0129244, , , , , , , , , , , , , , , , , , , , , , , , , , , , 
27.1796538, 0.021149, , , , , , , 27.1796538, -0.0038605, , , , , , , 27.1796538, -0.0041962, , , , , , , 27.1796538, 0.0119173, , , , , , , , , , , , , , , , , , , , , , , , , , , , 
27.1801731, 0.0229953, , , , , , , 27.1801731, -0.0030213, , , , , , , 27.1801731, -0.0068818, , , , , , , 27.1801731, 0.0114137, , , , , , , , , , , , , , , , , , , , , , , , , , , , 
27.1806923, 0.026688, , , , , , , 27.1806923, -0.0008392, , , , , , , 27.1806923, -0.008896, , , , , , , 27.1806923, 0.0105745, , , , , , , , , , , , , , , , , , , , , , , , , , , , 
27.1812115, 0.0288701, , , , , , , 27.1812115, -0.0008392, , , , , , , 27.1812115, -0.008896, , , , , , , 27.1812115, 0.0099031, , , , , , , , , , , , , , , , , , , , , , , , , , , , 
27.1817308, 0.0258488, , , , , , , 27.1817308, -0.0035248, , , , , , , 27.1817308, -0.0062104, , , , , , , 27.1817308, 0.0102388, , , , , , , , , , , , , , , , , , , , , , , , , , , , 
27.18225, 0.0238346, , , , , , , 27.18225, -0.0072175, , , , , , , 27.18225, -0.0045319, , , , , , , 27.18225, 0.0109102, , , , , , , , , , , , , , , , , , , , , , , , , , , , 
27.1827692, 0.0260166, , , , , , , 27.1827692, -0.008896, , , , , , , 27.1827692, -0.005539, , , , , , , 27.1827692, 0.0119173, , , , , , , , , , , , , , , , , , , , , , , , , , , , 
27.1832885, 0.0258488, , , , , , , 27.1832885, -0.0082246, , , , , , , 27.1832885, -0.0077211, , , , , , , 27.1832885, 0.0115816, , , , , , , , , , , , , , , , , , , , , , , , , , , , 
27.1838077, 0.0209812, , , , , , , 27.1838077, -0.0065461, , , , , , , 27.1838077, -0.0095674, , , , , , , 27.1838077, 0.0099031, , , , , , , , , , , , , , , , , , , , , , , , , , , , 
27.1843269, 0.0172885, , , , , , , 27.1843269, -0.0075532, , , , , , , 27.1843269, -0.0099031, , , , , , , 27.1843269, 0.0092317, , , , , , , , , , , , , , , , , , , , , , , , , , , , 
27.1848462, 0.0132601, , , , , , , 27.1848462, -0.0082246, , , , , , , 27.1848462, -0.0099031, , , , , , , 27.1848462, 0.0085603, , , , , , , , , , , , , , , , , , , , , , , , , , , , 
27.1853654, 0.0099031, , , , , , , 27.1853654, -0.008896, , , , , , , 27.1853654, -0.008896, , , , , , , 27.1853654, 0.0075532, , , , , , , , , , , , , , , , , , , , , , , , , , , , 
27.1858846, 0.01561, , , , , , , 27.1858846, -0.0087282, , , , , , , 27.1858846, -0.0083925, , , , , , , 27.1858846, 0.0031891, , , , , , , , , , , , , , , , , , , , , , , , , , , , 
27.1864038, 0.0292058, , , , , , , 27.1864038, -0.0068818, , , , , , , 27.1864038, -0.0082246, , , , , , , 27.1864038, -0.0008392, , , , , , , , , , , , , , , , , , , , , , , , , , , , 
27.1869231, 0.0407874, , , , , , , 27.1869231, -0.0063783, , , , , , , 27.1869231, -0.008896, , , , , , , 27.1869231, -0.0036927, , , , , , , , , , , , , , , , , , , , , , , , , , , , 
27.1874423, 0.0451514, , , , , , , 27.1874423, -0.0068818, , , , , , , 27.1874423, -0.0105745, , , , , , , 27.1874423, -0.0082246, , , , , , , , , , , , , , , , , , , , , , , , , , , , 
27.1879615, 0.0441444, , , , , , , 27.1879615, -0.0068818, , , , , , , 27.1879615, -0.0109102, , , , , , , 27.1879615, -0.0099031, , , , , , , , , , , , , , , , , , , , , , , , , , , , 
27.1884808, 0.043473, , , , , , , 27.1884808, -0.0075532, , , , , , , 27.1884808, -0.0085603, , , , , , , 27.1884808, -0.0082246, , , , , , , , , , , , , , , , , , , , , , , , , , , , 
27.189, 0.0428016, , , , , , , 27.189, -0.0063783, , , , , , , 27.189, -0.0075532, , , , , , , 27.189, -0.005539, , , , , , , , , , , , , , , , , , , , , , , , , , , , 
27.1895192, 0.0370947, , , , , , , 27.1895192, -0.0048676, , , , , , , 27.1895192, -0.0102388, , , , , , , 27.1895192, -0.0028534, , , , , , , , , , , , , , , , , , , , , , , , , , , , 
27.1900385, 0.026688, , , , , , , 27.1900385, -0.0041962, , , , , , , 27.1900385, -0.0112459, , , , , , , 27.1900385, 0.0015106, , , , , , , , , , , , , , , , , , , , , , , , , , , , 
27.1905577, 0.0159457, , , , , , , 27.1905577, -0.0048676, , , , , , , 27.1905577, -0.0102388, , , , , , , 27.1905577, 0.0078889, , , , , , , , , , , , , , , , , , , , , , , , , , , , 
27.1910769, 0.0082246, , , , , , , 27.1910769, -0.0077211, , , , , , , 27.1910769, -0.0085603, , , , , , , 27.1910769, 0.0129244, , , , , , , , , , , , , , , , , , , , , , , , , , , , 
27.1915962, 0.0025177, , , , , , , 27.1915962, -0.0095674, , , , , , , 27.1915962, -0.0070497, , , , , , , 27.1915962, 0.0166171, , , , , , , , , , , , , , , , , , , , , , , , , , , , 
27.1921154, -0.0015106, , , , , , , 27.1921154, -0.0105745, , , , , , , 27.1921154, -0.0092317, , , , , , , 27.1921154, 0.0203098, , , , , , , , , , , , , , , , , , , , , , , , , , , , 
27.1926346, -0.0065461, , , , , , , 27.1926346, -0.0102388, , , , , , , 27.1926346, -0.0109102, , , , , , , 27.1926346, 0.0263523, , , , , , , , , , , , , , , , , , , , , , , , , , , , 
27.1931538, -0.0077211, , , , , , , 27.1931538, -0.0109102, , , , , , , 27.1931538, -0.0082246, , , , , , , 27.1931538, 0.0323949, , , , , , , , , , , , , , , , , , , , , , , , , , , , 
27.1936731, -0.0025177, , , , , , , 27.1936731, -0.0105745, , , , , , , 27.1936731, -0.005539, , , , , , , 27.1936731, 0.0344091, , , , , , , , , , , , , , , , , , , , , , , , , , , , 
27.1941923, 0.0046998, , , , , , , 27.1941923, -0.0082246, , , , , , , 27.1941923, -0.005539, , , , , , , 27.1941923, 0.0344091, , , , , , , , , , , , , , , , , , , , , , , , , , , , 
27.1947115, 0.0062104, , , , , , , 27.1947115, -0.008896, , , , , , , 27.1947115, -0.0070497, , , , , , , 27.1947115, 0.0357519, , , , , , , , , , , , , , , , , , , , , , , , , , , , 
27.1952308, 0.0038605, , , , , , , 27.1952308, -0.0095674, , , , , , , 27.1952308, -0.0058747, , , , , , , 27.1952308, 0.0340734, , , , , , , , , , , , , , , , , , , , , , , , , , , , 
27.19575, 0.0038605, , , , , , , 27.19575, -0.0109102, , , , , , , 27.19575, -0.0030213, , , , , , , 27.19575, 0.0307164, , , , , , , , , , , , , , , , , , , , , , , , , , , , 
27.1962692, 0.0048676, , , , , , , 27.1962692, -0.0109102, , , , , , , 27.1962692, -0.0015106, , , , , , , 27.1962692, 0.0287022, , , , , , , , , , , , , , , , , , , , , , , , , , , , 
27.1967885, 0.0063783, , , , , , , 27.1967885, -0.0102388, , , , , , , 27.1967885, -0.0015106, , , , , , , 27.1967885, 0.0246738, , , , , , , , , , , , , , , , , , , , , , , , , , , , 
27.1973077, 0.0038605, , , , , , , 27.1973077, -0.0109102, , , , , , , 27.1973077, -0.0028534, , , , , , , 27.1973077, 0.0213169, , , , , , , , , , , , , , , , , , , , , , , , , , , , 
27.1978269, 0.0018463, , , , , , , 27.1978269, -0.0119173, , , , , , , 27.1978269, -0.0052033, , , , , , , 27.1978269, 0.0198062, , , , , , , , , , , , , , , , , , , , , , , , , , , , 
27.1983462, 0.0072175, , , , , , , 27.1983462, -0.0102388, , , , , , , 27.1983462, -0.0068818, , , , , , , 27.1983462, 0.0179599, , , , , , , , , , , , , , , , , , , , , , , , , , , , 
27.1988654, 0.0124208, , , , , , , 27.1988654, -0.0082246, , , , , , , 27.1988654, -0.0072175, , , , , , , 27.1988654, 0.0149386, , , , , , , , , , , , , , , , , , , , , , , , , , , , 
27.1993846, 0.0119173, , , , , , , 27.1993846, -0.0075532, , , , , , , 27.1993846, -0.008896, , , , , , , 27.1993846, 0.0095674, , , , , , , , , , , , , , , , , , , , , , , , , , , , 
27.1999038, 0.008896, , , , , , , 27.1999038, -0.0075532, , , , , , , 27.1999038, -0.0102388, , , , , , , 27.1999038, 0.0065461, , , , , , , , , , , , , , , , , , , , , , , , , , , , 
27.2004231, 0.0109102, , , , , , , 27.2004231, -0.0062104, , , , , , , 27.2004231, -0.0087282, , , , , , , 27.2004231, 0.0062104, , , , , , , , , , , , , , , , , , , , , , , , , , , , 
27.2009423, 0.0117494, , , , , , , 27.2009423, -0.0065461, , , , , , , 27.2009423, -0.0062104, , , , , , , 27.2009423, 0.0082246, , , , , , , , , , , , , , , , , , , , , , , , , , , , 
27.2014615, 0.0105745, , , , , , , 27.2014615, -0.0082246, , , , , , , 27.2014615, -0.0063783, , , , , , , 27.2014615, 0.0085603, , , , , , , , , , , , , , , , , , , , , , , , , , , , 
27.2019808, 0.0105745, , , , , , , 27.2019808, -0.0083925, , , , , , , 27.2019808, -0.0075532, , , , , , , 27.2019808, 0.0057069, , , , , , , , , , , , , , , , , , , , , , , , , , , , 
27.2025, 0.0115816, , , , , , , 27.2025, -0.0075532, , , , , , , 27.2025, -0.0078889, , , , , , , 27.2025, 0.0041962, , , , , , , , , , , , , , , , , , , , , , , , , , , , 
27.2030192, 0.0129244, , , , , , , 27.2030192, -0.0058747, , , , , , , 27.2030192, -0.0082246, , , , , , , 27.2030192, 0.0041962, , , , , , , , , , , , , , , , , , , , , , , , , , , , 
27.2035385, 0.0125887, , , , , , , 27.2035385, -0.0052033, , , , , , , 27.2035385, -0.0078889, , , , , , , 27.2035385, 0.0038605, , , , , , , , , , , , , , , , , , , , , , , , , , , , 
27.2040577, 0.0119173, , , , , , , 27.2040577, -0.0048676, , , , , , , 27.2040577, -0.0083925, , , , , , , 27.2040577, 0.0045319, , , , , , , , , , , , , , , , , , , , , , , , , , , , 
27.2045769, 0.0139315, , , , , , , 27.2045769, -0.005539, , , , , , , 27.2045769, -0.0095674, , , , , , , 27.2045769, 0.0075532, , , , , , , , , , , , , , , , , , , , , , , , , , , , 
27.2050962, 0.0169528, , , , , , , 27.2050962, -0.0062104, , , , , , , 27.2050962, -0.008896, , , , , , , 27.2050962, 0.0093996, , , , , , , , , , , , , , , , , , , , , , , , , , , , 
27.2056154, 0.021149, , , , , , , 27.2056154, -0.0062104, , , , , , , 27.2056154, -0.0085603, , , , , , , 27.2056154, 0.0129244, , , , , , , , , , , , , , , , , , , , , , , , , , , , 
27.2061346, 0.0280308, , , , , , , 27.2061346, -0.005539, , , , , , , 27.2061346, -0.0083925, , , , , , , 27.2061346, 0.0117494, , , , , , , , , , , , , , , , , , , , , , , , , , , , 
27.2066538, 0.0280308, , , , , , , 27.2066538, -0.005539, , , , , , , 27.2066538, -0.0095674, , , , , , , 27.2066538, 0.0063783, , , , , , , , , , , , , , , , , , , , , , , , , , , , 
27.2071731, 0.0263523, , , , , , , 27.2071731, -0.0068818, , , , , , , 27.2071731, -0.0102388, , , , , , , 27.2071731, 0.002182, , , , , , , , , , , , , , , , , , , , , , , , , , , , 
27.2076923, 0.0276951, , , , , , , 27.2076923, -0.0083925, , , , , , , 27.2076923, -0.0095674, , , , , , , 27.2076923, 0.002182, , , , , , , , , , , , , , , , , , , , , , , , , , , , 
27.2082115, 0.030045, , , , , , , 27.2082115, -0.0095674, , , , , , , 27.2082115, -0.0085603, , , , , , , 27.2082115, 0.0008392, , , , , , , , , , , , , , , , , , , , , , , , , , , , 
27.2087308, 0.030045, , , , , , , 27.2087308, -0.0099031, , , , , , , 27.2087308, -0.0090639, , , , , , , 27.2087308, -0.0011749, , , , , , , , , , , , , , , , , , , , , , , , , , , , 
27.20925, 0.0276951, , , , , , , 27.20925, -0.008896, , , , , , , 27.20925, -0.0082246, , , , , , , 27.20925, -0.002182, , , , , , , , , , , , , , , , , , , , , , , , , , , , 
27.2097692, 0.0293736, , , , , , , 27.2097692, -0.0073854, , , , , , , 27.2097692, -0.0068818, , , , , , , 27.2097692, 0.0011749, , , , , , , , , , , , , , , , , , , , , , , , , , , , 
27.2102885, 0.0303807, , , , , , , 27.2102885, -0.0082246, , , , , , , 27.2102885, -0.0060426, , , , , , , 27.2102885, 0.0038605, , , , , , , , , , , , , , , , , , , , , , , , , , , , 
27.2108077, 0.0223239, , , , , , , 27.2108077, -0.008896, , , , , , , 27.2108077, -0.0072175, , , , , , , 27.2108077, 0.0083925, , , , , , , , , , , , , , , , , , , , , , , , , , , , 
27.2113269, 0.0179599, , , , , , , 27.2113269, -0.0095674, , , , , , , 27.2113269, -0.0077211, , , , , , , 27.2113269, 0.0157778, , , , , , , , , , , , , , , , , , , , , , , , , , , , 
27.2118462, 0.0159457, , , , , , , 27.2118462, -0.0095674, , , , , , , 27.2118462, -0.0070497, , , , , , , 27.2118462, 0.0223239, , , , , , , , , , , , , , , , , , , , , , , , , , , , 
27.2123654, 0.0090639, , , , , , , 27.2123654, -0.0062104, , , , , , , 27.2123654, -0.0062104, , , , , , , 27.2123654, 0.0292058, , , , , , , , , , , , , , , , , , , , , , , , , , , , 
27.2128846, 0.0005035, , , , , , , 27.2128846, -0.005539, , , , , , , 27.2128846, -0.0048676, , , , , , , 27.2128846, 0.0347448, , , , , , , , , , , , , , , , , , , , , , , , , , , , 
27.2134038, -0.0035248, , , , , , , 27.2134038, -0.0072175, , , , , , , 27.2134038, -0.0041962, , , , , , , 27.2134038, 0.0374304, , , , , , , , , , , , , , , , , , , , , , , , , , , , 
27.2139231, -0.0072175, , , , , , , 27.2139231, -0.0082246, , , , , , , 27.2139231, -0.0048676, , , , , , , 27.2139231, 0.0394446, , , , , , , , , , , , , , , , , , , , , , , , , , , , 
27.2144423, -0.0097353, , , , , , , 27.2144423, -0.0072175, , , , , , , 27.2144423, -0.0068818, , , , , , , 27.2144423, 0.0404517, , , , , , , , , , , , , , , , , , , , , , , , , , , , 
27.2149615, -0.0109102, , , , , , , 27.2149615, -0.0062104, , , , , , , 27.2149615, -0.0082246, , , , , , , 27.2149615, 0.040116, , , , , , , , , , , , , , , , , , , , , , , , , , , , 
27.2154808, -0.0048676, , , , , , , 27.2154808, -0.0085603, , , , , , , 27.2154808, -0.0095674, , , , , , , 27.2154808, 0.0381018, , , , , , , , , , , , , , , , , , , , , , , , , , , , 
27.216, -0.0005035, , , , , , , 27.216, -0.0102388, , , , , , , 27.216, -0.0078889, , , , , , , 27.216, 0.0347448, , , , , , , , , , , , , , , , , , , , , , , , , , , , 
27.2165192, 0.0011749, , , , , , , 27.2165192, -0.0102388, , , , , , , 27.2165192, -0.0057069, , , , , , , 27.2165192, 0.0287022, , , , , , , , , , , , , , , , , , , , , , , , , , , , 
27.2170385, 0.0058747, , , , , , , 27.2170385, -0.0083925, , , , , , , 27.2170385, -0.0062104, , , , , , , 27.2170385, 0.0223239, , , , , , , , , , , , , , , , , , , , , , , , , , , , 
27.2175577, 0.008896, , , , , , , 27.2175577, -0.0082246, , , , , , , 27.2175577, -0.0082246, , , , , , , 27.2175577, 0.0172885, , , , , , , , , , , , , , , , , , , , , , , , , , , , 
27.2180769, 0.0099031, , , , , , , 27.2180769, -0.0087282, , , , , , , 27.2180769, -0.0095674, , , , , , , 27.2180769, 0.0139315, , , , , , , , , , , , , , , , , , , , , , , , , , , , 
27.2185962, 0.0102388, , , , , , , 27.2185962, -0.0095674, , , , , , , 27.2185962, -0.0099031, , , , , , , 27.2185962, 0.0124208, , , , , , , , , , , , , , , , , , , , , , , , , , , , 
27.2191154, 0.0105745, , , , , , , 27.2191154, -0.008896, , , , , , , 27.2191154, -0.0085603, , , , , , , 27.2191154, 0.0115816, , , , , , , , , , , , , , , , , , , , , , , , , , , , 
27.2196346, 0.0166171, , , , , , , 27.2196346, -0.008896, , , , , , , 27.2196346, -0.0068818, , , , , , , 27.2196346, 0.0104067, , , , , , , , , , , , , , , , , , , , , , , , , , , , 
27.2201538, 0.0193027, , , , , , , 27.2201538, -0.0095674, , , , , , , 27.2201538, -0.0057069, , , , , , , 27.2201538, 0.0115816, , , , , , , , , , , , , , , , , , , , , , , , , , , , 
27.2206731, 0.0182956, , , , , , , 27.2206731, -0.0105745, , , , , , , 27.2206731, -0.0048676, , , , , , , 27.2206731, 0.0105745, , , , , , , , , , , , , , , , , , , , , , , , , , , , 
27.2211923, 0.0179599, , , , , , , 27.2211923, -0.0092317, , , , , , , 27.2211923, -0.0052033, , , , , , , 27.2211923, 0.0092317, , , , , , , , , , , , , , , , , , , , , , , , , , , , 
27.2217115, 0.0176242, , , , , , , 27.2217115, -0.008896, , , , , , , 27.2217115, -0.0070497, , , , , , , 27.2217115, 0.0119173, , , , , , , , , , , , , , , , , , , , , , , , , , , , 
27.2222308, 0.018967, , , , , , , 27.2222308, -0.0092317, , , , , , , 27.2222308, -0.0075532, , , , , , , 27.2222308, 0.0159457, , , , , , , , , , , , , , , , , , , , , , , , , , , , 
27.22275, 0.0166171, , , , , , , 27.22275, -0.0095674, , , , , , , 27.22275, -0.0065461, , , , , , , 27.22275, 0.0169528, , , , , , , , , , , , , , , , , , , , , , , , , , , , 
27.2232692, 0.0132601, , , , , , , 27.2232692, -0.008896, , , , , , , 27.2232692, -0.0072175, , , , , , , 27.2232692, 0.01561, , , , , , , , , , , , , , , , , , , , , , , , , , , , 
27.2237885, 0.0176242, , , , , , , 27.2237885, -0.0068818, , , , , , , 27.2237885, -0.0087282, , , , , , , 27.2237885, 0.0129244, , , , , , , , , , , , , , , , , , , , , , , , , , , , 
27.2243077, 0.0193027, , , , , , , 27.2243077, -0.0041962, , , , , , , 27.2243077, -0.0109102, , , , , , , 27.2243077, 0.0092317, , , , , , , , , , , , , , , , , , , , , , , , , , , , 
27.2248269, 0.0130922, , , , , , , 27.2248269, -0.0035248, , , , , , , 27.2248269, -0.0102388, , , , , , , 27.2248269, 0.0095674, , , , , , , , , , , , , , , , , , , , , , , , , , , , 
27.2253462, 0.0105745, , , , , , , 27.2253462, -0.005539, , , , , , , 27.2253462, -0.0082246, , , , , , , 27.2253462, 0.0078889, , , , , , , , , , , , , , , , , , , , , , , , , , , , 
27.2258654, 0.0172885, , , , , , , 27.2258654, -0.0083925, , , , , , , 27.2258654, -0.008896, , , , , , , 27.2258654, 0.0001678, , , , , , , , , , , , , , , , , , , , , , , , , , , , 
27.2263846, 0.0250095, , , , , , , 27.2263846, -0.0097353, , , , , , , 27.2263846, -0.0102388, , , , , , , 27.2263846, -0.0068818, , , , , , , , , , , , , , , , , , , , , , , , , , , , 
27.2269038, 0.0250095, , , , , , , 27.2269038, -0.010071, , , , , , , 27.2269038, -0.0115816, , , , , , , 27.2269038, -0.0109102, , , , , , , , , , , , , , , , , , , , , , , , , , , , 
27.2274231, 0.0240024, , , , , , , 27.2274231, -0.0085603, , , , , , , 27.2274231, -0.0129244, , , , , , , 27.2274231, -0.0109102, , , , , , , , , , , , , , , , , , , , , , , , , , , , 
27.2279423, 0.0253452, , , , , , , 27.2279423, -0.0057069, , , , , , , 27.2279423, -0.0129244, , , , , , , 27.2279423, -0.0095674, , , , , , , , , , , , , , , , , , , , , , , , , , , , 
27.2284615, 0.0219883, , , , , , , 27.2284615, -0.0038605, , , , , , , 27.2284615, -0.012253, , , , , , , 27.2284615, -0.0092317, , , , , , , , , , , , , , , , , , , , , , , , , , , , 
27.2289808, 0.0179599, , , , , , , 27.2289808, -0.0031891, , , , , , , 27.2289808, -0.0109102, , , , , , , 27.2289808, -0.0099031, , , , , , , , , , , , , , , , , , , , , , , , , , , , 
27.2295, 0.0159457, , , , , , , 27.2295, -0.0041962, , , , , , , 27.2295, -0.0095674, , , , , , , 27.2295, -0.0082246, , , , , , , , , , , , , , , , , , , , , , , , , , , , 
27.2300192, 0.0112459, , , , , , , 27.2300192, -0.005539, , , , , , , 27.2300192, -0.0095674, , , , , , , 27.2300192, -0.0045319, , , , , , , , , , , , , , , , , , , , , , , , , , , , 
27.2305385, 0.0085603, , , , , , , 27.2305385, -0.0068818, , , , , , , 27.2305385, -0.0115816, , , , , , , 27.2305385, 0.0005035, , , , , , , , , , , , , , , , , , , , , , , , , , , , 
27.2310577, 0.0063783, , , , , , , 27.2310577, -0.0075532, , , , , , , 27.2310577, -0.0135958, , , , , , , 27.2310577, 0.0068818, , , , , , , , , , , , , , , , , , , , , , , , , , , , 
27.2315769, 0.0031891, , , , , , , 27.2315769, -0.0082246, , , , , , , 27.2315769, -0.0139315, , , , , , , 27.2315769, 0.0119173, , , , , , , , , , , , , , , , , , , , , , , , , , , , 
27.2320962, -0.0018463, , , , , , , 27.2320962, -0.0083925, , , , , , , 27.2320962, -0.0129244, , , , , , , 27.2320962, 0.0162814, , , , , , , , , , , , , , , , , , , , , , , , , , , , 
27.2326154, -0.005539, , , , , , , 27.2326154, -0.0078889, , , , , , , 27.2326154, -0.0099031, , , , , , , 27.2326154, 0.0209812, , , , , , , , , , , , , , , , , , , , , , , , , , , , 
27.2331346, -0.0082246, , , , , , , 27.2331346, -0.0082246, , , , , , , 27.2331346, -0.0075532, , , , , , , 27.2331346, 0.026688, , , , , , , , , , , , , , , , , , , , , , , , , , , , 
27.2336538, -0.012253, , , , , , , 27.2336538, -0.0072175, , , , , , , 27.2336538, -0.0058747, , , , , , , 27.2336538, 0.03122, , , , , , , , , , , , , , , , , , , , , , , , , , , , 
27.2341731, -0.0139315, , , , , , , 27.2341731, -0.0048676, , , , , , , 27.2341731, -0.0046998, , , , , , , 27.2341731, 0.0337377, , , , , , , , , , , , , , , , , , , , , , , , , , , , 
27.2346923, -0.0135958, , , , , , , 27.2346923, -0.0038605, , , , , , , 27.2346923, -0.0035248, , , , , , , 27.2346923, 0.0360876, , , , , , , , , , , , , , , , , , , , , , , , , , , , 
27.2352115, -0.0149386, , , , , , , 27.2352115, -0.005539, , , , , , , 27.2352115, -0.0028534, , , , , , , 27.2352115, 0.0354162, , , , , , , , , , , , , , , , , , , , , , , , , , , , 
27.2357308, -0.0125887, , , , , , , 27.2357308, -0.0060426, , , , , , , 27.2357308, -0.0011749, , , , , , , 27.2357308, 0.0318914, , , , , , , , , , , , , , , , , , , , , , , , , , , , 
27.23625, -0.005539, , , , , , , 27.23625, -0.0068818, , , , , , , 27.23625, -0.0025177, , , , , , , 27.23625, 0.0263523, , , , , , , , , , , , , , , , , , , , , , , , , , , , 
27.2367692, 0.0045319, , , , , , , 27.2367692, -0.0075532, , , , , , , 27.2367692, -0.0062104, , , , , , , 27.2367692, 0.0240024, , , , , , , , , , , , , , , , , , , , , , , , , , , , 
27.2372885, 0.0105745, , , , , , , 27.2372885, -0.0058747, , , , , , , 27.2372885, -0.0078889, , , , , , , 27.2372885, 0.0226596, , , , , , , , , , , , , , , , , , , , , , , , , , , , 
27.2378077, 0.0132601, , , , , , , 27.2378077, -0.0048676, , , , , , , 27.2378077, -0.008896, , , , , , , 27.2378077, 0.0186313, , , , , , , , , , , , , , , , , , , , , , , , , , , , 
27.2383269, 0.0146029, , , , , , , 27.2383269, -0.0078889, , , , , , , 27.2383269, -0.008896, , , , , , , 27.2383269, 0.0137636, , , , , , , , , , , , , , , , , , , , , , , , , , , , 
27.2388462, 0.0149386, , , , , , , 27.2388462, -0.0102388, , , , , , , 27.2388462, -0.0085603, , , , , , , 27.2388462, 0.0109102, , , , , , , , , , , , , , , , , , , , , , , , , , , , 
27.2393654, 0.0176242, , , , , , , 27.2393654, -0.0092317, , , , , , , 27.2393654, -0.0095674, , , , , , , 27.2393654, 0.0078889, , , , , , , , , , , , , , , , , , , , , , , , , , , , 
27.2398846, 0.0229953, , , , , , , 27.2398846, -0.0062104, , , , , , , 27.2398846, -0.0109102, , , , , , , 27.2398846, 0.0052033, , , , , , , , , , , , , , , , , , , , , , , , , , , , 
27.2404038, 0.0280308, , , , , , , 27.2404038, -0.0063783, , , , , , , 27.2404038, -0.0105745, , , , , , , 27.2404038, 0.0025177, , , , , , , , , , , , , , , , , , , , , , , , , , , , 
27.2409231, 0.0307164, , , , , , , 27.2409231, -0.008896, , , , , , , 27.2409231, -0.0104067, , , , , , , 27.2409231, 0.0025177, , , , , , , , , , , , , , , , , , , , , , , , , , , , 
27.2414423, 0.0293736, , , , , , , 27.2414423, -0.0085603, , , , , , , 27.2414423, -0.0114137, , , , , , , 27.2414423, 0.0038605, , , , , , , , , , , , , , , , , , , , , , , , , , , , 
27.2419615, 0.0273594, , , , , , , 27.2419615, -0.0075532, , , , , , , 27.2419615, -0.0112459, , , , , , , 27.2419615, 0.0035248, , , , , , , , , , , , , , , , , , , , , , , , , , , , 
27.2424808, 0.0213169, , , , , , , 27.2424808, -0.0075532, , , , , , , 27.2424808, -0.008896, , , , , , , 27.2424808, 0.0038605, , , , , , , , , , , , , , , , , , , , , , , , , , , , 
27.243, 0.0193027, , , , , , , 27.243, -0.0075532, , , , , , , 27.243, -0.0075532, , , , , , , 27.243, 0.0052033, , , , , , , , , , , , , , , , , , , , , , , , , , , , 
27.2435192, 0.0213169, , , , , , , 27.2435192, -0.0085603, , , , , , , 27.2435192, -0.0072175, , , , , , , 27.2435192, 0.0063783, , , , , , , , , , , , , , , , , , , , , , , , , , , , 
27.2440385, 0.0226596, , , , , , , 27.2440385, -0.0099031, , , , , , , 27.2440385, -0.0068818, , , , , , , 27.2440385, 0.0075532, , , , , , , , , , , , , , , , , , , , , , , , , , , , 
27.2445577, 0.0193027, , , , , , , 27.2445577, -0.0102388, , , , , , , 27.2445577, -0.008896, , , , , , , 27.2445577, 0.0050355, , , , , , , , , , , , , , , , , , , , , , , , , , , , 
27.2450769, 0.0137636, , , , , , , 27.2450769, -0.0099031, , , , , , , 27.2450769, -0.0099031, , , , , , , 27.2450769, 0.0018463, , , , , , , , , , , , , , , , , , , , , , , , , , , , 
27.2455962, 0.0135958, , , , , , , 27.2455962, -0.008896, , , , , , , 27.2455962, -0.0082246, , , , , , , 27.2455962, 0.0016785, , , , , , , , , , , , , , , , , , , , , , , , , , , , 
27.2461154, 0.0199741, , , , , , , 27.2461154, -0.0082246, , , , , , , 27.2461154, -0.005539, , , , , , , 27.2461154, -0.0001678, , , , , , , , , , , , , , , , , , , , , , , , , , , , 
27.2466346, 0.0246738, , , , , , , 27.2466346, -0.0082246, , , , , , , 27.2466346, -0.0058747, , , , , , , 27.2466346, -0.0018463, , , , , , , , , , , , , , , , , , , , , , , , , , , , 
27.2471538, 0.0263523, , , , , , , 27.2471538, -0.0095674, , , , , , , 27.2471538, -0.0078889, , , , , , , 27.2471538, -0.0028534, , , , , , , , , , , , , , , , , , , , , , , , , , , , 
27.2476731, 0.0287022, , , , , , , 27.2476731, -0.0102388, , , , , , , 27.2476731, -0.0073854, , , , , , , 27.2476731, -0.0036927, , , , , , , , , , , , , , , , , , , , , , , , , , , , 
27.2481923, 0.03122, , , , , , , 27.2481923, -0.0092317, , , , , , , 27.2481923, -0.0082246, , , , , , , 27.2481923, -0.0041962, , , , , , , , , , , , , , , , , , , , , , , , , , , , 
27.2487115, 0.0290379, , , , , , , 27.2487115, -0.008896, , , , , , , 27.2487115, -0.0114137, , , , , , , 27.2487115, -0.0028534, , , , , , , , , , , , , , , , , , , , , , , , , , , , 
27.2492308, 0.0276951, , , , , , , 27.2492308, -0.0078889, , , , , , , 27.2492308, -0.0125887, , , , , , , 27.2492308, -0.0028534, , , , , , , , , , , , , , , , , , , , , , , , , , , , 
27.24975, 0.0283665, , , , , , , 27.24975, -0.0063783, , , , , , , 27.24975, -0.0124208, , , , , , , 27.24975, -0.0016785, , , , , , , , , , , , , , , , , , , , , , , , , , , , 
27.2502692, 0.0280308, , , , , , , 27.2502692, -0.0075532, , , , , , , 27.2502692, -0.011078, , , , , , , 27.2502692, 0.0011749, , , , , , , , , , , , , , , , , , , , , , , , , , , , 
27.2507885, 0.0307164, , , , , , , 27.2507885, -0.0075532, , , , , , , 27.2507885, -0.0099031, , , , , , , 27.2507885, 0.0038605, , , , , , , , , , , , , , , , , , , , , , , , , , , , 
27.2513077, 0.0273594, , , , , , , 27.2513077, -0.0062104, , , , , , , 27.2513077, -0.0105745, , , , , , , 27.2513077, 0.0077211, , , , , , , , , , , , , , , , , , , , , , , , , , , , 
27.2518269, 0.0193027, , , , , , , 27.2518269, -0.0077211, , , , , , , 27.2518269, -0.0099031, , , , , , , 27.2518269, 0.0109102, , , , , , , , , , , , , , , , , , , , , , , , , , , , 
27.2523462, 0.0120851, , , , , , , 27.2523462, -0.0099031, , , , , , , 27.2523462, -0.0097353, , , , , , , 27.2523462, 0.01561, , , , , , , , , , , , , , , , , , , , , , , , , , , , 
27.2528654, 0.0057069, , , , , , , 27.2528654, -0.0095674, , , , , , , 27.2528654, -0.0078889, , , , , , , 27.2528654, 0.0199741, , , , , , , , , , , , , , , , , , , , , , , , , , , , 
27.2533846, 0.0028534, , , , , , , 27.2533846, -0.0075532, , , , , , , 27.2533846, -0.0052033, , , , , , , 27.2533846, 0.0256809, , , , , , , , , , , , , , , , , , , , , , , , , , , , 
27.2539038, 0.0062104, , , , , , , 27.2539038, -0.0065461, , , , , , , 27.2539038, -0.0031891, , , , , , , 27.2539038, 0.03122, , , , , , , , , , , , , , , , , , , , , , , , , , , , 
27.2544231, 0.0102388, , , , , , , 27.2544231, -0.0078889, , , , , , , 27.2544231, -0.002182, , , , , , , 27.2544231, 0.0357519, , , , , , , , , , , , , , , , , , , , , , , , , , , , 
27.2549423, 0.008896, , , , , , , 27.2549423, -0.0082246, , , , , , , 27.2549423, -0.0010071, , , , , , , 27.2549423, 0.0384375, , , , , , , , , , , , , , , , , , , , , , , , , , , , 
27.2554615, 0.0008392, , , , , , , 27.2554615, -0.0070497, , , , , , , 27.2554615, 0.0005035, , , , , , , 27.2554615, 0.0406195, , , , , , , , , , , , , , , , , , , , , , , , , , , , 
27.2559808, -0.0068818, , , , , , , 27.2559808, -0.0062104, , , , , , , 27.2559808, -0.0018463, , , , , , , 27.2559808, 0.0387732, , , , , , , , , , , , , , , , , , , , , , , , , , , , 
27.2565, -0.0068818, , , , , , , 27.2565, -0.0065461, , , , , , , 27.2565, -0.0050355, , , , , , , 27.2565, 0.0325628, , , , , , , , , , , , , , , , , , , , , , , , , , , , 
27.2570192, -0.0028534, , , , , , , 27.2570192, -0.0043641, , , , , , , 27.2570192, -0.0048676, , , , , , , 27.2570192, 0.0271916, , , , , , , , , , , , , , , , , , , , , , , , , , , , 
27.2575385, 0.0001678, , , , , , , 27.2575385, -0.0018463, , , , , , , 27.2575385, -0.0028534, , , , , , , 27.2575385, 0.0240024, , , , , , , , , , , , , , , , , , , , , , , , , , , , 
27.2580577, 0.0018463, , , , , , , 27.2580577, -0.0023499, , , , , , , 27.2580577, -0.0031891, , , , , , , 27.2580577, 0.0209812, , , , , , , , , , , , , , , , , , , , , , , , , , , , 
27.2585769, 0.0068818, , , , , , , 27.2585769, -0.0065461, , , , , , , 27.2585769, -0.0035248, , , , , , , 27.2585769, 0.0166171, , , , , , , , , , , , , , , , , , , , , , , , , , , , 
27.2590962, 0.0135958, , , , , , , 27.2590962, -0.0082246, , , , , , , 27.2590962, -0.003357, , , , , , , 27.2590962, 0.0135958, , , , , , , , , , , , , , , , , , , , , , , , , , , , 
27.2596154, 0.0162814, , , , , , , 27.2596154, -0.0068818, , , , , , , 27.2596154, -0.0041962, , , , , , , 27.2596154, 0.0119173, , , , , , , , , , , , , , , , , , , , , , , , , , , , 
27.2601346, 0.0166171, , , , , , , 27.2601346, -0.0062104, , , , , , , 27.2601346, -0.0048676, , , , , , , 27.2601346, 0.011078, , , , , , , , , , , , , , , , , , , , , , , , , , , , 
27.2606538, 0.01561, , , , , , , 27.2606538, -0.0077211, , , , , , , 27.2606538, -0.0041962, , , , , , , 27.2606538, 0.0112459, , , , , , , , , , , , , , , , , , , , , , , , , , , , 
27.2611731, 0.0135958, , , , , , , 27.2611731, -0.0075532, , , , , , , 27.2611731, -0.0048676, , , , , , , 27.2611731, 0.011078, , , , , , , , , , , , , , , , , , , , , , , , , , , , 
27.2616923, 0.0159457, , , , , , , 27.2616923, -0.0068818, , , , , , , 27.2616923, -0.0072175, , , , , , , 27.2616923, 0.0125887, , , , , , , , , , , , , , , , , , , , , , , , , , , , 
27.2622115, 0.017792, , , , , , , 27.2622115, -0.0062104, , , , , , , 27.2622115, -0.0078889, , , , , , , 27.2622115, 0.0132601, , , , , , , , , , , , , , , , , , , , , , , , , , , , 
27.2627308, 0.0159457, , , , , , , 27.2627308, -0.0058747, , , , , , , 27.2627308, -0.0082246, , , , , , , 27.2627308, 0.0109102, , , , , , , , , , , , , , , , , , , , , , , , , , , , 
27.26325, 0.01561, , , , , , , 27.26325, -0.0075532, , , , , , , 27.26325, -0.0068818, , , , , , , 27.26325, 0.0090639, , , , , , , , , , , , , , , , , , , , , , , , , , , , 
27.2637692, 0.0191348, , , , , , , 27.2637692, -0.0083925, , , , , , , 27.2637692, -0.0082246, , , , , , , 27.2637692, 0.0092317, , , , , , , , , , , , , , , , , , , , , , , , , , , , 
27.2642885, 0.023331, , , , , , , 27.2642885, -0.0058747, , , , , , , 27.2642885, -0.0099031, , , , , , , 27.2642885, 0.0087282, , , , , , , , , , , , , , , , , , , , , , , , , , , , 
27.2648077, 0.0191348, , , , , , , 27.2648077, -0.0065461, , , , , , , 27.2648077, -0.0112459, , , , , , , 27.2648077, 0.0072175, , , , , , , , , , , , , , , , , , , , , , , , , , , , 
27.2653269, 0.0139315, , , , , , , 27.2653269, -0.008896, , , , , , , 27.2653269, -0.011078, , , , , , , 27.2653269, 0.0057069, , , , , , , , , , , , , , , , , , , , , , , , , , , , 
27.2658462, 0.0166171, , , , , , , 27.2658462, -0.0092317, , , , , , , 27.2658462, -0.0104067, , , , , , , 27.2658462, 0.0005035, , , , , , , , , , , , , , , , , , , , , , , , , , , , 
27.2663654, 0.0218204, , , , , , , 27.2663654, -0.0077211, , , , , , , 27.2663654, -0.0095674, , , , , , , 27.2663654, -0.005539, , , , , , , , , , , , , , , , , , , , , , , , , , , , 
27.2668846, 0.0236667, , , , , , , 27.2668846, -0.0072175, , , , , , , 27.2668846, -0.0099031, , , , , , , 27.2668846, -0.0065461, , , , , , , , , , , , , , , , , , , , , , , , , , , , 
27.2674038, 0.023331, , , , , , , 27.2674038, -0.0065461, , , , , , , 27.2674038, -0.0129244, , , , , , , 27.2674038, -0.0065461, , , , , , , , , , , , , , , , , , , , , , , , , , , , 
27.2679231, 0.0199741, , , , , , , 27.2679231, -0.0063783, , , , , , , 27.2679231, -0.0149386, , , , , , , 27.2679231, -0.0085603, , , , , , , , , , , , , , , , , , , , , , , , , , , , 
27.2684423, 0.0152743, , , , , , , 27.2684423, -0.008896, , , , , , , 27.2684423, -0.0135958, , , , , , , 27.2684423, -0.0075532, , , , , , , , , , , , , , , , , , , , , , , , , , , , 
27.2689615, 0.0159457, , , , , , , 27.2689615, -0.0109102, , , , , , , 27.2689615, -0.011078, , , , , , , 27.2689615, -0.0031891, , , , , , , , , , , , , , , , , , , , , , , , , , , , 
27.2694808, 0.0229953, , , , , , , 27.2694808, -0.0105745, , , , , , , 27.2694808, -0.008896, , , , , , , 27.2694808, 0.0003357, , , , , , , , , , , , , , , , , , , , , , , , , , , , 
27.27, 0.0293736, , , , , , , 27.27, -0.008896, , , , , , , 27.27, -0.0082246, , , , , , , 27.27, 0.0052033, , , , , , , , , , , , , , , , , , , , , , , , , , , , 
27.2705192, 0.030045, , , , , , , 27.2705192, -0.0072175, , , , , , , 27.2705192, -0.0068818, , , , , , , 27.2705192, 0.0109102, , , , , , , , , , , , , , , , , , , , , , , , , , , , 
27.2710385, 0.0280308, , , , , , , 27.2710385, -0.0075532, , , , , , , 27.2710385, -0.0068818, , , , , , , 27.2710385, 0.0146029, , , , , , , , , , , , , , , , , , , , , , , , , , , , 
27.2715577, 0.0226596, , , , , , , 27.2715577, -0.0092317, , , , , , , 27.2715577, -0.0085603, , , , , , , 27.2715577, 0.0146029, , , , , , , , , , , , , , , , , , , , , , , , , , , , 
27.2720769, 0.0182956, , , , , , , 27.2720769, -0.011078, , , , , , , 27.2720769, -0.0082246, , , , , , , 27.2720769, 0.0162814, , , , , , , , , , , , , , , , , , , , , , , , , , , , 
27.2725962, 0.0146029, , , , , , , 27.2725962, -0.0135958, , , , , , , 27.2725962, -0.0068818, , , , , , , 27.2725962, 0.0219883, , , , , , , , , , , , , , , , , , , , , , , , , , , , 
27.2731154, 0.0105745, , , , , , , 27.2731154, -0.0149386, , , , , , , 27.2731154, -0.0048676, , , , , , , 27.2731154, 0.0285344, , , , , , , , , , , , , , , , , , , , , , , , , , , , 
27.2736346, 0.005539, , , , , , , 27.2736346, -0.0149386, , , , , , , 27.2736346, -0.005539, , , , , , , 27.2736346, 0.033402, , , , , , , , , , , , , , , , , , , , , , , , , , , , 
27.2741538, -0.0018463, , , , , , , 27.2741538, -0.0135958, , , , , , , 27.2741538, -0.005539, , , , , , , 27.2741538, 0.036759, , , , , , , , , , , , , , , , , , , , , , , , , , , , 
27.2746731, -0.0090639, , , , , , , 27.2746731, -0.012253, , , , , , , 27.2746731, -0.0028534, , , , , , , 27.2746731, 0.0374304, , , , , , , , , , , , , , , , , , , , , , , , , , , , 
27.2751923, -0.0115816, , , , , , , 27.2751923, -0.0105745, , , , , , , 27.2751923, 0.0005035, , , , , , , 27.2751923, 0.0381018, , , , , , , , , , , , , , , , , , , , , , , , , , , , 
27.2757115, -0.012253, , , , , , , 27.2757115, -0.0092317, , , , , , , 27.2757115, -0.0001678, , , , , , , 27.2757115, 0.0377661, , , , , , , , , , , , , , , , , , , , , , , , , , , , 
27.2762308, -0.0109102, , , , , , , 27.2762308, -0.0072175, , , , , , , 27.2762308, -0.0025177, , , , , , , 27.2762308, 0.0317235, , , , , , , , , , , , , , , , , , , , , , , , , , , , 
27.27675, -0.0095674, , , , , , , 27.27675, -0.0068818, , , , , , , 27.27675, -0.0041962, , , , , , , 27.27675, 0.0246738, , , , , , , , , , , , , , , , , , , , , , , , , , , , 
27.2772692, -0.0028534, , , , , , , 27.2772692, -0.008896, , , , , , , 27.2772692, -0.0041962, , , , , , , 27.2772692, 0.0213169, , , , , , , , , , , , , , , , , , , , , , , , , , , , 
27.2777885, 0.0083925, , , , , , , 27.2777885, -0.008896, , , , , , , 27.2777885, -0.005539, , , , , , , 27.2777885, 0.0196384, , , , , , , , , , , , , , , , , , , , , , , , , , , , 
27.2783077, 0.0070497, , , , , , , 27.2783077, -0.0082246, , , , , , , 27.2783077, -0.0065461, , , , , , , 27.2783077, 0.0203098, , , , , , , , , , , , , , , , , , , , , , , , , , , , 
27.2788269, 0.0058747, , , , , , , 27.2788269, -0.0078889, , , , , , , 27.2788269, -0.0083925, , , , , , , 27.2788269, 0.0186313, , , , , , , , , , , , , , , , , , , , , , , , , , , , 
27.2793462, 0.0137636, , , , , , , 27.2793462, -0.0065461, , , , , , , 27.2793462, -0.012253, , , , , , , 27.2793462, 0.0166171, , , , , , , , , , , , , , , , , , , , , , , , , , , , 
27.2798654, 0.0186313, , , , , , , 27.2798654, -0.005539, , , , , , , 27.2798654, -0.0135958, , , , , , , 27.2798654, 0.0149386, , , , , , , , , , , , , , , , , , , , , , , , , , , , 
27.2803846, 0.0172885, , , , , , , 27.2803846, -0.0062104, , , , , , , 27.2803846, -0.0142672, , , , , , , 27.2803846, 0.0135958, , , , , , , , , , , , , , , , , , , , , , , , , , , , 
27.2809038, 0.0162814, , , , , , , 27.2809038, -0.0083925, , , , , , , 27.2809038, -0.0115816, , , , , , , 27.2809038, 0.0104067, , , , , , , , , , , , , , , , , , , , , , , , , , , , 
27.2814231, 0.0213169, , , , , , , 27.2814231, -0.008896, , , , , , , 27.2814231, -0.0082246, , , , , , , 27.2814231, 0.0082246, , , , , , , , , , , , , , , , , , , , , , , , , , , , 
27.2819423, 0.0250095, , , , , , , 27.2819423, -0.0078889, , , , , , , 27.2819423, -0.008896, , , , , , , 27.2819423, 0.0065461, , , , , , , , , , , , , , , , , , , , , , , , , , , , 
27.2824615, 0.0223239, , , , , , , 27.2824615, -0.0068818, , , , , , , 27.2824615, -0.0129244, , , , , , , 27.2824615, 0.0057069, , , , , , , , , , , , , , , , , , , , , , , , , , , , 
27.2829808, 0.0216526, , , , , , , 27.2829808, -0.0062104, , , , , , , 27.2829808, -0.0152743, , , , , , , 27.2829808, 0.0052033, , , , , , , , , , , , , , , , , , , , , , , , , , , , 
27.2835, 0.023331, , , , , , , 27.2835, -0.005539, , , , , , , 27.2835, -0.0127565, , , , , , , 27.2835, 0.0057069, , , , , , , , , , , , , , , , , , , , , , , , , , , , 
27.2840192, 0.0193027, , , , , , , 27.2840192, -0.005539, , , , , , , 27.2840192, -0.0099031, , , , , , , 27.2840192, 0.0052033, , , , , , , , , , , , , , , , , , , , , , , , , , , , 
27.2845385, 0.0142672, , , , , , , 27.2845385, -0.0052033, , , , , , , 27.2845385, -0.0115816, , , , , , , 27.2845385, 0.0052033, , , , , , , , , , , , , , , , , , , , , , , , , , , , 
27.2850577, 0.0159457, , , , , , , 27.2850577, -0.0045319, , , , , , , 27.2850577, -0.0132601, , , , , , , 27.2850577, 0.0031891, , , , , , , , , , , , , , , , , , , , , , , , , , , , 
27.2855769, 0.0169528, , , , , , , 27.2855769, -0.0065461, , , , , , , 27.2855769, -0.0115816, , , , , , , 27.2855769, -0.0001678, , , , , , , , , , , , , , , , , , , , , , , , , , , , 
27.2860962, 0.0172885, , , , , , , 27.2860962, -0.0095674, , , , , , , 27.2860962, -0.008896, , , , , , , 27.2860962, -0.0045319, , , , , , , , , , , , , , , , , , , , , , , , , , , , 
27.2866154, 0.0198062, , , , , , , 27.2866154, -0.0095674, , , , , , , 27.2866154, -0.0095674, , , , , , , 27.2866154, -0.0068818, , , , , , , , , , , , , , , , , , , , , , , , , , , , 
27.2871346, 0.0260166, , , , , , , 27.2871346, -0.0077211, , , , , , , 27.2871346, -0.0099031, , , , , , , 27.2871346, -0.0082246, , , , , , , , , , , , , , , , , , , , , , , , , , , , 
27.2876538, 0.0315557, , , , , , , 27.2876538, -0.0075532, , , , , , , 27.2876538, -0.0095674, , , , , , , 27.2876538, -0.0105745, , , , , , , , , , , , , , , , , , , , , , , , , , , , 
27.2881731, 0.0344091, , , , , , , 27.2881731, -0.0068818, , , , , , , 27.2881731, -0.0097353, , , , , , , 27.2881731, -0.0109102, , , , , , , , , , , , , , , , , , , , , , , , , , , , 
27.2886923, 0.0307164, , , , , , , 27.2886923, -0.0073854, , , , , , , 27.2886923, -0.0095674, , , , , , , 27.2886923, -0.0063783, , , , , , , , , , , , , , , , , , , , , , , , , , , , 
27.2892115, 0.0260166, , , , , , , 27.2892115, -0.008896, , , , , , , 27.2892115, -0.0078889, , , , , , , 27.2892115, -0.0011749, , , , , , , , , , , , , , , , , , , , , , , , , , , , 
27.2897308, 0.0226596, , , , , , , 27.2897308, -0.0078889, , , , , , , 27.2897308, -0.0063783, , , , , , , 27.2897308, 0.0011749, , , , , , , , , , , , , , , , , , , , , , , , , , , , 
27.29025, 0.0204776, , , , , , , 27.29025, -0.005539, , , , , , , 27.29025, -0.0063783, , , , , , , 27.29025, 0.0035248, , , , , , , , , , , , , , , , , , , , , , , , , , , , 
27.2907692, 0.0198062, , , , , , , 27.2907692, -0.0041962, , , , , , , 27.2907692, -0.0078889, , , , , , , 27.2907692, 0.0072175, , , , , , , , , , , , , , , , , , , , , , , , , , , , 
27.2912885, 0.0213169, , , , , , , 27.2912885, -0.0052033, , , , , , , 27.2912885, -0.0104067, , , , , , , 27.2912885, 0.0107424, , , , , , , , , , , , , , , , , , , , , , , , , , , , 
27.2918077, 0.01561, , , , , , , 27.2918077, -0.0062104, , , , , , , 27.2918077, -0.0109102, , , , , , , 27.2918077, 0.0182956, , , , , , , , , , , , , , , , , , , , , , , , , , , , 
27.2923269, 0.0058747, , , , , , , 27.2923269, -0.0058747, , , , , , , 27.2923269, -0.0095674, , , , , , , 27.2923269, 0.0250095, , , , , , , , , , , , , , , , , , , , , , , , , , , , 
27.2928462, -0.0005035, , , , , , , 27.2928462, -0.0068818, , , , , , , 27.2928462, -0.0072175, , , , , , , 27.2928462, 0.0285344, , , , , , , , , , , , , , , , , , , , , , , , , , , , 
27.2933654, -0.0025177, , , , , , , 27.2933654, -0.0068818, , , , , , , 27.2933654, -0.0052033, , , , , , , 27.2933654, 0.0297093, , , , , , , , , , , , , , , , , , , , , , , , , , , , 
27.2938846, -0.0058747, , , , , , , 27.2938846, -0.0048676, , , , , , , 27.2938846, -0.0035248, , , , , , , 27.2938846, 0.0298772, , , , , , , , , , , , , , , , , , , , , , , , , , , , 
27.2944038, -0.0092317, , , , , , , 27.2944038, -0.0052033, , , , , , , 27.2944038, -0.0018463, , , , , , , 27.2944038, 0.0320592, , , , , , , , , , , , , , , , , , , , , , , , , , , , 
27.2949231, -0.008896, , , , , , , 27.2949231, -0.0062104, , , , , , , 27.2949231, -0.0015106, , , , , , , 27.2949231, 0.0374304, , , , , , , , , , , , , , , , , , , , , , , , , , , , 
27.2954423, -0.0048676, , , , , , , 27.2954423, -0.0070497, , , , , , , 27.2954423, -0.0031891, , , , , , , 27.2954423, 0.0421302, , , , , , , , , , , , , , , , , , , , , , , , , , , , 
27.2959615, 0.0008392, , , , , , , 27.2959615, -0.0082246, , , , , , , 27.2959615, -0.0046998, , , , , , , 27.2959615, 0.0417945, , , , , , , , , , , , , , , , , , , , , , , , , , , , 
27.2964808, 0.0058747, , , , , , , 27.2964808, -0.008896, , , , , , , 27.2964808, -0.0035248, , , , , , , 27.2964808, 0.0381018, , , , , , , , , , , , , , , , , , , , , , , , , , , , 
27.297, 0.0082246, , , , , , , 27.297, -0.0075532, , , , , , , 27.297, -0.0031891, , , , , , , 27.297, 0.0337377, , , , , , , , , , , , , , , , , , , , , , , , , , , , 
27.2975192, 0.0072175, , , , , , , 27.2975192, -0.0082246, , , , , , , 27.2975192, -0.005539, , , , , , , 27.2975192, 0.0273594, , , , , , , , , , , , , , , , , , , , , , , , , , , , 
27.2980385, 0.0075532, , , , , , , 27.2980385, -0.0092317, , , , , , , 27.2980385, -0.0068818, , , , , , , 27.2980385, 0.0243381, , , , , , , , , , , , , , , , , , , , , , , , , , , , 
27.2985577, 0.0082246, , , , , , , 27.2985577, -0.008896, , , , , , , 27.2985577, -0.0075532, , , , , , , 27.2985577, 0.0216526, , , , , , , , , , , , , , , , , , , , , , , , , , , , 
27.2990769, 0.0105745, , , , , , , 27.2990769, -0.0065461, , , , , , , 27.2990769, -0.0078889, , , , , , , 27.2990769, 0.0194705, , , , , , , , , , , , , , , , , , , , , , , , , , , , 
27.2995962, 0.0146029, , , , , , , 27.2995962, -0.0045319, , , , , , , 27.2995962, -0.0099031, , , , , , , 27.2995962, 0.0186313, , , , , , , , , , , , , , , , , , , , , , , , , , , , 
27.3001154, 0.0166171, , , , , , , 27.3001154, -0.0041962, , , , , , , 27.3001154, -0.0109102, , , , , , , 27.3001154, 0.0184634, , , , , , , , , , , , , , , , , , , , , , , , , , , , 
27.3006346, 0.0182956, , , , , , , 27.3006346, -0.0052033, , , , , , , 27.3006346, -0.008896, , , , , , , 27.3006346, 0.0159457, , , , , , , , , , , , , , , , , , , , , , , , , , , , 
27.3011538, 0.0213169, , , , , , , 27.3011538, -0.005539, , , , , , , 27.3011538, -0.0082246, , , , , , , 27.3011538, 0.0125887, , , , , , , , , , , , , , , , , , , , , , , , , , , , 
27.3016731, 0.0224918, , , , , , , 27.3016731, -0.0052033, , , , , , , 27.3016731, -0.0097353, , , , , , , 27.3016731, 0.0085603, , , , , , , , , , , , , , , , , , , , , , , , , , , , 
27.3021923, 0.0203098, , , , , , , 27.3021923, -0.005539, , , , , , , 27.3021923, -0.0102388, , , , , , , 27.3021923, 0.0038605, , , , , , , , , , , , , , , , , , , , , , , , , , , , 
27.3027115, 0.0169528, , , , , , , 27.3027115, -0.0075532, , , , , , , 27.3027115, -0.0097353, , , , , , , 27.3027115, 0.0016785, , , , , , , , , , , , , , , , , , , , , , , , , , , , 
27.3032308, 0.0132601, , , , , , , 27.3032308, -0.0092317, , , , , , , 27.3032308, -0.0085603, , , , , , , 27.3032308, 0.0005035, , , , , , , , , , , , , , , , , , , , , , , , , , , , 
27.30375, 0.0117494, , , , , , , 27.30375, -0.0102388, , , , , , , 27.30375, -0.0078889, , , , , , , 27.30375, 0.0001678, , , , , , , , , , , , , , , , , , , , , , , , , , , , 
27.3042692, 0.0169528, , , , , , , 27.3042692, -0.0082246, , , , , , , 27.3042692, -0.0077211, , , , , , , 27.3042692, 0.0001678, , , , , , , , , , , , , , , , , , , , , , , , , , , , 
27.3047885, 0.0226596, , , , , , , 27.3047885, -0.0082246, , , , , , , 27.3047885, -0.0082246, , , , , , , 27.3047885, -0.0038605, , , , , , , , , , , , , , , , , , , , , , , , , , , , 
27.3053077, 0.023331, , , , , , , 27.3053077, -0.0085603, , , , , , , 27.3053077, -0.0082246, , , , , , , 27.3053077, -0.0075532, , , , , , , , , , , , , , , , , , , , , , , , , , , , 
27.3058269, 0.0280308, , , , , , , 27.3058269, -0.0095674, , , , , , , 27.3058269, -0.0075532, , , , , , , 27.3058269, -0.0078889, , , , , , , , , , , , , , , , , , , , , , , , , , , , 
27.3063462, 0.0330663, , , , , , , 27.3063462, -0.011078, , , , , , , 27.3063462, -0.0065461, , , , , , , 27.3063462, -0.0099031, , , , , , , , , , , , , , , , , , , , , , , , , , , , 
27.3068654, 0.0339055, , , , , , , 27.3068654, -0.0112459, , , , , , , 27.3068654, -0.0082246, , , , , , , 27.3068654, -0.0132601, , , , , , , , , , , , , , , , , , , , , , , , , , , , 
27.3073846, 0.0357519, , , , , , , 27.3073846, -0.011078, , , , , , , 27.3073846, -0.0105745, , , , , , , 27.3073846, -0.0142672, , , , , , , , , , , , , , , , , , , , , , , , , , , , 
27.3079038, 0.0384375, , , , , , , 27.3079038, -0.0115816, , , , , , , 27.3079038, -0.0115816, , , , , , , 27.3079038, -0.0140993, , , , , , , , , , , , , , , , , , , , , , , , , , , , 
27.3084231, 0.0374304, , , , , , , 27.3084231, -0.0109102, , , , , , , 27.3084231, -0.0112459, , , , , , , 27.3084231, -0.008896, , , , , , , , , , , , , , , , , , , , , , , , , , , , 
27.3089423, 0.0313878, , , , , , , 27.3089423, -0.0078889, , , , , , , 27.3089423, -0.012253, , , , , , , 27.3089423, -0.0018463, , , , , , , , , , , , , , , , , , , , , , , , , , , , 
27.3094615, 0.0256809, , , , , , , 27.3094615, -0.005539, , , , , , , 27.3094615, -0.0109102, , , , , , , 27.3094615, 0.0038605, , , , , , , , , , , , , , , , , , , , , , , , , , , , 
27.3099808, 0.018967, , , , , , , 27.3099808, -0.0050355, , , , , , , 27.3099808, -0.0075532, , , , , , , 27.3099808, 0.0082246, , , , , , , , , , , , , , , , , , , , , , , , , , , , 
27.3105, 0.0082246, , , , , , , 27.3105, -0.0065461, , , , , , , 27.3105, -0.0048676, , , , , , , 27.3105, 0.0132601, , , , , , , , , , , , , , , , , , , , , , , , , , , , 
27.3110192, -0.0038605, , , , , , , 27.3110192, -0.008896, , , , , , , 27.3110192, -0.0060426, , , , , , , 27.3110192, 0.0166171, , , , , , , , , , , , , , , , , , , , , , , , , , , , 
27.3115385, -0.008896, , , , , , , 27.3115385, -0.008896, , , , , , , 27.3115385, -0.0072175, , , , , , , 27.3115385, 0.0209812, , , , , , , , , , , , , , , , , , , , , , , , , , , , 
27.3120577, -0.0075532, , , , , , , 27.3120577, -0.0082246, , , , , , , 27.3120577, -0.005539, , , , , , , 27.3120577, 0.0260166, , , , , , , , , , , , , , , , , , , , , , , , , , , , 
27.3125769, -0.0115816, , , , , , , 27.3125769, -0.0075532, , , , , , , 27.3125769, -0.0028534, , , , , , , 27.3125769, 0.0297093, , , , , , , , , , , , , , , , , , , , , , , , , , , , 
27.3130962, -0.0182956, , , , , , , 27.3130962, -0.0070497, , , , , , , 27.3130962, -0.0038605, , , , , , , 27.3130962, 0.0320592, , , , , , , , , , , , , , , , , , , , , , , , , , , , 
27.3136154, -0.0206455, , , , , , , 27.3136154, -0.0068818, , , , , , , 27.3136154, -0.0060426, , , , , , , 27.3136154, 0.033402, , , , , , , , , , , , , , , , , , , , , , , , , , , , 
27.3141346, -0.0179599, , , , , , , 27.3141346, -0.0072175, , , , , , , 27.3141346, -0.0077211, , , , , , , 27.3141346, 0.0354162, , , , , , , , , , , , , , , , , , , , , , , , , , , , 
27.3146538, -0.0162814, , , , , , , 27.3146538, -0.0070497, , , , , , , 27.3146538, -0.0075532, , , , , , , 27.3146538, 0.0387732, , , , , , , , , , , , , , , , , , , , , , , , , , , , 
27.3151731, -0.0149386, , , , , , , 27.3151731, -0.0062104, , , , , , , 27.3151731, -0.0068818, , , , , , , 27.3151731, 0.0394446, , , , , , , , , , , , , , , , , , , , , , , , , , , , 
27.3156923, -0.0154421, , , , , , , 27.3156923, -0.0068818, , , , , , , 27.3156923, -0.0068818, , , , , , , 27.3156923, 0.036759, , , , , , , , , , , , , , , , , , , , , , , , , , , , 
27.3162115, -0.012253, , , , , , , 27.3162115, -0.0082246, , , , , , , 27.3162115, -0.005539, , , , , , , 27.3162115, 0.03122, , , , , , , , , , , , , , , , , , , , , , , , , , , , 
27.3167308, -0.0018463, , , , , , , 27.3167308, -0.0075532, , , , , , , 27.3167308, -0.0048676, , , , , , , 27.3167308, 0.0243381, , , , , , , , , , , , , , , , , , , , , , , , , , , , 
27.31725, 0.0125887, , , , , , , 27.31725, -0.0052033, , , , , , , 27.31725, -0.0065461, , , , , , , 27.31725, 0.0191348, , , , , , , , , , , , , , , , , , , , , , , , , , , , 
27.3177692, 0.0216526, , , , , , , 27.3177692, -0.0008392, , , , , , , 27.3177692, -0.0068818, , , , , , , 27.3177692, 0.0169528, , , , , , , , , , , , , , , , , , , , , , , , , , , , 
27.3182885, 0.0256809, , , , , , , 27.3182885, 0.0005035, , , , , , , 27.3182885, -0.005539, , , , , , , 27.3182885, 0.0162814, , , , , , , , , , , , , , , , , , , , , , , , , , , , 
27.3188077, 0.0218204, , , , , , , 27.3188077, -0.0003357, , , , , , , 27.3188077, -0.0052033, , , , , , , 27.3188077, 0.0149386, , , , , , , , , , , , , , , , , , , , , , , , , , , , 
27.3193269, 0.0172885, , , , , , , 27.3193269, -0.0015106, , , , , , , 27.3193269, -0.0045319, , , , , , , 27.3193269, 0.0119173, , , , , , , , , , , , , , , , , , , , , , , , , , , , 
27.3198462, 0.017792, , , , , , , 27.3198462, -0.0041962, , , , , , , 27.3198462, -0.0050355, , , , , , , 27.3198462, 0.0065461, , , , , , , , , , , , , , , , , , , , , , , , , , , , 
27.3203654, 0.0172885, , , , , , , 27.3203654, -0.0075532, , , , , , , 27.3203654, -0.0058747, , , , , , , 27.3203654, 0.0035248, , , , , , , , , , , , , , , , , , , , , , , , , , , , 
27.3208846, 0.0162814, , , , , , , 27.3208846, -0.008896, , , , , , , 27.3208846, -0.0075532, , , , , , , 27.3208846, 0.0035248, , , , , , , , , , , , , , , , , , , , , , , , , , , , 
27.3214038, 0.0172885, , , , , , , 27.3214038, -0.0085603, , , , , , , 27.3214038, -0.0082246, , , , , , , 27.3214038, 0.0031891, , , , , , , , , , , , , , , , , , , , , , , , , , , , 
27.3219231, 0.018967, , , , , , , 27.3219231, -0.0092317, , , , , , , 27.3219231, -0.0085603, , , , , , , 27.3219231, 0.002182, , , , , , , , , , , , , , , , , , , , , , , , , , , , 
27.3224423, 0.0206455, , , , , , , 27.3224423, -0.0104067, , , , , , , 27.3224423, -0.0099031, , , , , , , 27.3224423, 0.0023499, , , , , , , , , , , , , , , , , , , , , , , , , , , , 
27.3229615, 0.0256809, , , , , , , 27.3229615, -0.0109102, , , , , , , 27.3229615, -0.010071, , , , , , , 27.3229615, 0.0036927, , , , , , , , , , , , , , , , , , , , , , , , , , , , 
27.3234808, 0.0280308, , , , , , , 27.3234808, -0.0099031, , , , , , , 27.3234808, -0.0095674, , , , , , , 27.3234808, 0.0052033, , , , , , , , , , , , , , , , , , , , , , , , , , , , 
27.324, 0.0260166, , , , , , , 27.324, -0.0095674, , , , , , , 27.324, -0.0083925, , , , , , , 27.324, 0.0052033, , , , , , , , , , , , , , , , , , , , , , , , , , , , 
27.3245192, 0.0208133, , , , , , , 27.3245192, -0.0109102, , , , , , , 27.3245192, -0.0082246, , , , , , , 27.3245192, 0.0052033, , , , , , , , , , , , , , , , , , , , , , , , , , , , 
27.3250385, 0.0238346, , , , , , , 27.3250385, -0.0095674, , , , , , , 27.3250385, -0.008896, , , , , , , 27.3250385, 0.0052033, , , , , , , , , , , , , , , , , , , , , , , , , , , , 
27.3255577, 0.0298772, , , , , , , 27.3255577, -0.0063783, , , , , , , 27.3255577, -0.0104067, , , , , , , 27.3255577, 0.002182, , , , , , , , , , , , , , , , , , , , , , , , , , , , 
27.3260769, 0.033402, , , , , , , 27.3260769, -0.0058747, , , , , , , 27.3260769, -0.0109102, , , , , , , 27.3260769, -0.0031891, , , , , , , , , , , , , , , , , , , , , , , , , , , , 
27.3265962, 0.0340734, , , , , , , 27.3265962, -0.0068818, , , , , , , 27.3265962, -0.0109102, , , , , , , 27.3265962, -0.0065461, , , , , , , , , , , , , , , , , , , , , , , , , , , , 
27.3271154, 0.0313878, , , , , , , 27.3271154, -0.0082246, , , , , , , 27.3271154, -0.011078, , , , , , , 27.3271154, -0.0082246, , , , , , , , , , , , , , , , , , , , , , , , , , , , 
27.3276346, 0.0323949, , , , , , , 27.3276346, -0.0072175, , , , , , , 27.3276346, -0.0115816, , , , , , , 27.3276346, -0.0102388, , , , , , , , , , , , , , , , , , , , , , , , , , , , 
27.3281538, 0.0347448, , , , , , , 27.3281538, -0.0063783, , , , , , , 27.3281538, -0.012253, , , , , , , 27.3281538, -0.0095674, , , , , , , , , , , , , , , , , , , , , , , , , , , , 
27.3286731, 0.0340734, , , , , , , 27.3286731, -0.0062104, , , , , , , 27.3286731, -0.0109102, , , , , , , 27.3286731, -0.0038605, , , , , , , , , , , , , , , , , , , , , , , , , , , , 
27.3291923, 0.0303807, , , , , , , 27.3291923, -0.005539, , , , , , , 27.3291923, -0.0092317, , , , , , , 27.3291923, 0.0003357, , , , , , , , , , , , , , , , , , , , , , , , , , , , 
27.3297115, 0.0268559, , , , , , , 27.3297115, -0.0062104, , , , , , , 27.3297115, -0.008896, , , , , , , 27.3297115, 0.0031891, , , , , , , , , , , , , , , , , , , , , , , , , , , , 
27.3302308, 0.0226596, , , , , , , 27.3302308, -0.0078889, , , , , , , 27.3302308, -0.0082246, , , , , , , 27.3302308, 0.0072175, , , , , , , , , , , , , , , , , , , , , , , , , , , , 
27.33075, 0.0199741, , , , , , , 27.33075, -0.0087282, , , , , , , 27.33075, -0.005539, , , , , , , 27.33075, 0.0102388, , , , , , , , , , , , , , , , , , , , , , , , , , , , 
27.3312692, 0.0218204, , , , , , , 27.3312692, -0.0082246, , , , , , , 27.3312692, -0.0041962, , , , , , , 27.3312692, 0.0142672, , , , , , , , , , , , , , , , , , , , , , , , , , , , 
27.3317885, 0.0213169, , , , , , , 27.3317885, -0.0065461, , , , , , , 27.3317885, -0.0038605, , , , , , , 27.3317885, 0.0194705, , , , , , , , , , , , , , , , , , , , , , , , , , , , 
27.3323077, 0.011078, , , , , , , 27.3323077, -0.0058747, , , , , , , 27.3323077, -0.0028534, , , , , , , 27.3323077, 0.0253452, , , , , , , , , , , , , , , , , , , , , , , , , , , , 
27.3328269, 0.0025177, , , , , , , 27.3328269, -0.0050355, , , , , , , 27.3328269, -0.0025177, , , , , , , 27.3328269, 0.0297093, , , , , , , , , , , , , , , , , , , , , , , , , , , , 
27.3333462, -0.0035248, , , , , , , 27.3333462, -0.0058747, , , , , , , 27.3333462, -0.0018463, , , , , , , 27.3333462, 0.0323949, , , , , , , , , , , , , , , , , , , , , , , , , , , , 
27.3338654, -0.0097353, , , , , , , 27.3338654, -0.0078889, , , , , , , 27.3338654, -0.0001678, , , , , , , 27.3338654, 0.0318914, , , , , , , , , , , , , , , , , , , , , , , , , , , , 
27.3343846, -0.0142672, , , , , , , 27.3343846, -0.0095674, , , , , , , 27.3343846, 0.0018463, , , , , , , 27.3343846, 0.0307164, , , , , , , , , , , , , , , , , , , , , , , , , , , , 
27.3349038, -0.012253, , , , , , , 27.3349038, -0.0095674, , , , , , , 27.3349038, -0.0008392, , , , , , , 27.3349038, 0.0330663, , , , , , , , , , , , , , , , , , , , , , , , , , , , 
27.3354231, -0.0068818, , , , , , , 27.3354231, -0.0082246, , , , , , , 27.3354231, -0.0052033, , , , , , , 27.3354231, 0.0357519, , , , , , , , , , , , , , , , , , , , , , , , , , , , 
27.3359423, -0.0010071, , , , , , , 27.3359423, -0.0075532, , , , , , , 27.3359423, -0.0052033, , , , , , , 27.3359423, 0.0323949, , , , , , , , , , , , , , , , , , , , , , , , , , , , 
27.3364615, 0.0058747, , , , , , , 27.3364615, -0.0082246, , , , , , , 27.3364615, -0.0035248, , , , , , , 27.3364615, 0.0260166, , , , , , , , , , , , , , , , , , , , , , , , , , , , 
27.3369808, 0.0105745, , , , , , , 27.3369808, -0.0068818, , , , , , , 27.3369808, -0.0025177, , , , , , , 27.3369808, 0.0209812, , , , , , , , , , , , , , , , , , , , , , , , , , , , 
27.3375, 0.0139315, , , , , , , 27.3375, -0.0063783, , , , , , , 27.3375, -0.0035248, , , , , , , 27.3375, 0.0152743, , , , , , , , , , , , , , , , , , , , , , , , , , , , 
27.3380192, 0.0139315, , , , , , , 27.3380192, -0.0095674, , , , , , , 27.3380192, -0.0075532, , , , , , , 27.3380192, 0.0105745, , , , , , , , , , , , , , , , , , , , , , , , , , , , 
27.3385385, 0.0112459, , , , , , , 27.3385385, -0.0109102, , , , , , , 27.3385385, -0.0090639, , , , , , , 27.3385385, 0.0078889, , , , , , , , , , , , , , , , , , , , , , , , , , , , 
27.3390577, 0.0105745, , , , , , , 27.3390577, -0.0109102, , , , , , , 27.3390577, -0.0068818, , , , , , , 27.3390577, 0.0058747, , , , , , , , , , , , , , , , , , , , , , , , , , , , 
27.3395769, 0.0115816, , , , , , , 27.3395769, -0.0109102, , , , , , , 27.3395769, -0.0058747, , , , , , , 27.3395769, 0.0082246, , , , , , , , , , , , , , , , , , , , , , , , , , , , 
27.3400962, 0.0151064, , , , , , , 27.3400962, -0.0104067, , , , , , , 27.3400962, -0.0068818, , , , , , , 27.3400962, 0.0142672, , , , , , , , , , , , , , , , , , , , , , , , , , , , 
27.3406154, 0.0159457, , , , , , , 27.3406154, -0.008896, , , , , , , 27.3406154, -0.0082246, , , , , , , 27.3406154, 0.0184634, , , , , , , , , , , , , , , , , , , , , , , , , , , , 
27.3411346, 0.0146029, , , , , , , 27.3411346, -0.0092317, , , , , , , 27.3411346, -0.0085603, , , , , , , 27.3411346, 0.0184634, , , , , , , , , , , , , , , , , , , , , , , , , , , , 
27.3416538, 0.0139315, , , , , , , 27.3416538, -0.0112459, , , , , , , 27.3416538, -0.0082246, , , , , , , 27.3416538, 0.0157778, , , , , , , , , , , , , , , , , , , , , , , , , , , , 
27.3421731, 0.0171206, , , , , , , 27.3421731, -0.0102388, , , , , , , 27.3421731, -0.0075532, , , , , , , 27.3421731, 0.0135958, , , , , , , , , , , , , , , , , , , , , , , , , , , , 
27.3426923, 0.0203098, , , , , , , 27.3426923, -0.0095674, , , , , , , 27.3426923, -0.0075532, , , , , , , 27.3426923, 0.0125887, , , , , , , , , , , , , , , , , , , , , , , , , , , , 
27.3432115, 0.0226596, , , , , , , 27.3432115, -0.011078, , , , , , , 27.3432115, -0.0068818, , , , , , , 27.3432115, 0.0125887, , , , , , , , , , , , , , , , , , , , , , , , , , , , 
27.3437308, 0.0209812, , , , , , , 27.3437308, -0.0109102, , , , , , , 27.3437308, -0.0062104, , , , , , , 27.3437308, 0.0139315, , , , , , , , , , , , , , , , , , , , , , , , , , , , 
27.34425, 0.0172885, , , , , , , 27.34425, -0.0090639, , , , , , , 27.34425, -0.0058747, , , , , , , 27.34425, 0.0142672, , , , , , , , , , , , , , , , , , , , , , , , , , , , 
27.3447692, 0.0152743, , , , , , , 27.3447692, -0.0095674, , , , , , , 27.3447692, -0.0068818, , , , , , , 27.3447692, 0.0127565, , , , , , , , , , , , , , , , , , , , , , , , , , , , 
27.3452885, 0.018967, , , , , , , 27.3452885, -0.0099031, , , , , , , 27.3452885, -0.0082246, , , , , , , 27.3452885, 0.0062104, , , , , , , , , , , , , , , , , , , , , , , , , , , , 
27.3458077, 0.0231632, , , , , , , 27.3458077, -0.0090639, , , , , , , 27.3458077, -0.0099031, , , , , , , 27.3458077, -0.0025177, , , , , , , , , , , , , , , , , , , , , , , , , , , , 
27.3463269, 0.0271916, , , , , , , 27.3463269, -0.0093996, , , , , , , 27.3463269, -0.0109102, , , , , , , 27.3463269, -0.0075532, , , , , , , , , , , , , , , , , , , , , , , , , , , , 
27.3468462, 0.0293736, , , , , , , 27.3468462, -0.0095674, , , , , , , 27.3468462, -0.0105745, , , , , , , 27.3468462, -0.0077211, , , , , , , , , , , , , , , , , , , , , , , , , , , , 
27.3473654, 0.0303807, , , , , , , 27.3473654, -0.008896, , , , , , , 27.3473654, -0.0099031, , , , , , , 27.3473654, -0.0062104, , , , , , , , , , , , , , , , , , , , , , , , , , , , 
27.3478846, 0.027863, , , , , , , 27.3478846, -0.0058747, , , , , , , 27.3478846, -0.0095674, , , , , , , 27.3478846, -0.0048676, , , , , , , , , , , , , , , , , , , , , , , , , , , , 
27.3484038, 0.0260166, , , , , , , 27.3484038, -0.0048676, , , , , , , 27.3484038, -0.0115816, , , , , , , 27.3484038, -0.0030213, , , , , , , , , , , , , , , , , , , , , , , , , , , , 
27.3489231, 0.0263523, , , , , , , 27.3489231, -0.005539, , , , , , , 27.3489231, -0.0142672, , , , , , , 27.3489231, -0.0001678, , , , , , , , , , , , , , , , , , , , , , , , , , , , 
27.3494423, 0.023331, , , , , , , 27.3494423, -0.0075532, , , , , , , 27.3494423, -0.0149386, , , , , , , 27.3494423, 0.0041962, , , , , , , , , , , , , , , , , , , , , , , , , , , , 
27.3499615, 0.0203098, , , , , , , 27.3499615, -0.0090639, , , , , , , 27.3499615, -0.0125887, , , , , , , 27.3499615, 0.0105745, , , , , , , , , , , , , , , , , , , , , , , , , , , , 
27.3504808, 0.0152743, , , , , , , 27.3504808, -0.0090639, , , , , , , 27.3504808, -0.0102388, , , , , , , 27.3504808, 0.0172885, , , , , , , , , , , , , , , , , , , , , , , , , , , , 
27.351, 0.0099031, , , , , , , 27.351, -0.0095674, , , , , , , 27.351, -0.0099031, , , , , , , 27.351, 0.023331, , , , , , , , , , , , , , , , , , , , , , , , , , , , 
27.3515192, 0.0095674, , , , , , , 27.3515192, -0.0095674, , , , , , , 27.3515192, -0.0117494, , , , , , , 27.3515192, 0.0229953, , , , , , , , , , , , , , , , , , , , , , , , , , , , 
27.3520385, 0.0102388, , , , , , , 27.3520385, -0.0095674, , , , , , , 27.3520385, -0.0119173, , , , , , , 27.3520385, 0.0213169, , , , , , , , , , , , , , , , , , , , , , , , , , , , 
27.3525577, 0.0052033, , , , , , , 27.3525577, -0.0078889, , , , , , , 27.3525577, -0.0119173, , , , , , , 27.3525577, 0.0246738, , , , , , , , , , , , , , , , , , , , , , , , , , , , 
27.3530769, -0.0008392, , , , , , , 27.3530769, -0.005539, , , , , , , 27.3530769, -0.0119173, , , , , , , 27.3530769, 0.0310521, , , , , , , , , , , , , , , , , , , , , , , , , , , , 
27.3535962, -0.0065461, , , , , , , 27.3535962, -0.0041962, , , , , , , 27.3535962, -0.0095674, , , , , , , 27.3535962, 0.036759, , , , , , , , , , , , , , , , , , , , , , , , , , , , 
27.3541154, -0.0105745, , , , , , , 27.3541154, -0.0043641, , , , , , , 27.3541154, -0.008896, , , , , , , 27.3541154, 0.0391089, , , , , , , , , , , , , , , , , , , , , , , , , , , , 
27.3546346, -0.0146029, , , , , , , 27.3546346, -0.0050355, , , , , , , 27.3546346, -0.0068818, , , , , , , 27.3546346, 0.0386053, , , , , , , , , , , , , , , , , , , , , , , , , , , , 
27.3551538, -0.0186313, , , , , , , 27.3551538, -0.0048676, , , , , , , 27.3551538, -0.005539, , , , , , , 27.3551538, 0.0374304, , , , , , , , , , , , , , , , , , , , , , , , , , , , 
27.3556731, -0.0196384, , , , , , , 27.3556731, -0.0043641, , , , , , , 27.3556731, -0.0073854, , , , , , , 27.3556731, 0.0330663, , , , , , , , , , , , , , , , , , , , , , , , , , , , 
27.3561923, -0.0149386, , , , , , , 27.3561923, -0.0031891, , , , , , , 27.3561923, -0.0097353, , , , , , , 27.3561923, 0.030045, , , , , , , , , , , , , , , , , , , , , , , , , , , , 
27.3567115, -0.0109102, , , , , , , 27.3567115, -0.0041962, , , , , , , 27.3567115, -0.0082246, , , , , , , 27.3567115, 0.0290379, , , , , , , , , , , , , , , , , , , , , , , , , , , , 
27.3572308, -0.0092317, , , , , , , 27.3572308, -0.0050355, , , , , , , 27.3572308, -0.0057069, , , , , , , 27.3572308, 0.0270237, , , , , , , , , , , , , , , , , , , , , , , , , , , , 
27.35775, -0.0075532, , , , , , , 27.35775, -0.0057069, , , , , , , 27.35775, -0.0082246, , , , , , , 27.35775, 0.0218204, , , , , , , , , , , , , , , , , , , , , , , , , , , , 
27.3582692, -0.0043641, , , , , , , 27.3582692, -0.0065461, , , , , , , 27.3582692, -0.0092317, , , , , , , 27.3582692, 0.01561, , , , , , , , , , , , , , , , , , , , , , , , , , , , 
27.3587885, 0.002182, , , , , , , 27.3587885, -0.0082246, , , , , , , 27.3587885, -0.0085603, , , , , , , 27.3587885, 0.0105745, , , , , , , , , , , , , , , , , , , , , , , , , , , , 
27.3593077, 0.005539, , , , , , , 27.3593077, -0.0082246, , , , , , , 27.3593077, -0.0095674, , , , , , , 27.3593077, 0.0072175, , , , , , , , , , , , , , , , , , , , , , , , , , , , 
27.3598269, 0.0065461, , , , , , , 27.3598269, -0.0068818, , , , , , , 27.3598269, -0.0078889, , , , , , , 27.3598269, 0.0045319, , , , , , , , , , , , , , , , , , , , , , , , , , , , 
27.3603462, 0.0087282, , , , , , , 27.3603462, -0.005539, , , , , , , 27.3603462, -0.0072175, , , , , , , 27.3603462, 0.0038605, , , , , , , , , , , , , , , , , , , , , , , , , , , , 
27.3608654, 0.0078889, , , , , , , 27.3608654, -0.0052033, , , , , , , 27.3608654, -0.0082246, , , , , , , 27.3608654, 0.0052033, , , , , , , , , , , , , , , , , , , , , , , , , , , , 
27.3613846, 0.0070497, , , , , , , 27.3613846, -0.0068818, , , , , , , 27.3613846, -0.0082246, , , , , , , 27.3613846, 0.0070497, , , , , , , , , , , , , , , , , , , , , , , , , , , , 
27.3619038, 0.0085603, , , , , , , 27.3619038, -0.0075532, , , , , , , 27.3619038, -0.0092317, , , , , , , 27.3619038, 0.005539, , , , , , , , , , , , , , , , , , , , , , , , , , , , 
27.3624231, 0.0109102, , , , , , , 27.3624231, -0.005539, , , , , , , 27.3624231, -0.0092317, , , , , , , 27.3624231, 0.0046998, , , , , , , , , , , , , , , , , , , , , , , , , , , , 
27.3629423, 0.0176242, , , , , , , 27.3629423, -0.0035248, , , , , , , 27.3629423, -0.0075532, , , , , , , 27.3629423, 0.0046998, , , , , , , , , , , , , , , , , , , , , , , , , , , , 
27.3634615, 0.0253452, , , , , , , 27.3634615, -0.0065461, , , , , , , 27.3634615, -0.0072175, , , , , , , 27.3634615, 0.0065461, , , , , , , , , , , , , , , , , , , , , , , , , , , , 
27.3639808, 0.0293736, , , , , , , 27.3639808, -0.008896, , , , , , , 27.3639808, -0.0095674, , , , , , , 27.3639808, 0.0085603, , , , , , , , , , , , , , , , , , , , , , , , , , , , 
27.3645, 0.0280308, , , , , , , 27.3645, -0.0070497, , , , , , , 27.3645, -0.0104067, , , , , , , 27.3645, 0.0092317, , , , , , , , , , , , , , , , , , , , , , , , , , , , 
27.3650192, 0.0223239, , , , , , , 27.3650192, -0.0058747, , , , , , , 27.3650192, -0.0099031, , , , , , , 27.3650192, 0.0045319, , , , , , , , , , , , , , , , , , , , , , , , , , , , 
27.3655385, 0.0186313, , , , , , , 27.3655385, -0.0057069, , , , , , , 27.3655385, -0.0083925, , , , , , , 27.3655385, -0.0001678, , , , , , , , , , , , , , , , , , , , , , , , , , , , 
27.3660577, 0.0209812, , , , , , , 27.3660577, -0.0068818, , , , , , , 27.3660577, -0.0070497, , , , , , , 27.3660577, -0.0031891, , , , , , , , , , , , , , , , , , , , , , , , , , , , 
27.3665769, 0.0253452, , , , , , , 27.3665769, -0.0075532, , , , , , , 27.3665769, -0.0058747, , , , , , , 27.3665769, -0.005539, , , , , , , , , , , , , , , , , , , , , , , , , , , , 
27.3670962, 0.030045, , , , , , , 27.3670962, -0.0052033, , , , , , , 27.3670962, -0.0075532, , , , , , , 27.3670962, -0.0068818, , , , , , , , , , , , , , , , , , , , , , , , , , , , 
27.3676154, 0.0340734, , , , , , , 27.3676154, -0.0036927, , , , , , , 27.3676154, -0.0105745, , , , , , , 27.3676154, -0.0075532, , , , , , , , , , , , , , , , , , , , , , , , , , , , 
27.3681346, 0.0352483, , , , , , , 27.3681346, -0.0062104, , , , , , , 27.3681346, -0.0125887, , , , , , , 27.3681346, -0.0052033, , , , , , , , , , , , , , , , , , , , , , , , , , , , 
27.3686538, 0.0357519, , , , , , , 27.3686538, -0.0078889, , , , , , , 27.3686538, -0.0115816, , , , , , , 27.3686538, -0.0015106, , , , , , , , , , , , , , , , , , , , , , , , , , , , 
27.3691731, 0.0350805, , , , , , , 27.3691731, -0.0085603, , , , , , , 27.3691731, -0.008896, , , , , , , 27.3691731, 0.0028534, , , , , , , , , , , , , , , , , , , , , , , , , , , , 
27.3696923, 0.0273594, , , , , , , 27.3696923, -0.0095674, , , , , , , 27.3696923, -0.0058747, , , , , , , 27.3696923, 0.0065461, , , , , , , , , , , , , , , , , , , , , , , , , , , , 
27.3702115, 0.0216526, , , , , , , 27.3702115, -0.0099031, , , , , , , 27.3702115, -0.0075532, , , , , , , 27.3702115, 0.0102388, , , , , , , , , , , , , , , , , , , , , , , , , , , , 
27.3707308, 0.0186313, , , , , , , 27.3707308, -0.008896, , , , , , , 27.3707308, -0.0105745, , , , , , , 27.3707308, 0.0132601, , , , , , , , , , , , , , , , , , , , , , , , , , , , 
27.37125, 0.0125887, , , , , , , 27.37125, -0.0095674, , , , , , , 27.37125, -0.0112459, , , , , , , 27.37125, 0.0159457, , , , , , , , , , , , , , , , , , , , , , , , , , , , 
27.3717692, 0.0078889, , , , , , , 27.3717692, -0.0090639, , , , , , , 27.3717692, -0.0102388, , , , , , , 27.3717692, 0.0199741, , , , , , , , , , , , , , , , , , , , , , , , , , , , 
27.3722885, 0.0078889, , , , , , , 27.3722885, -0.0082246, , , , , , , 27.3722885, -0.0082246, , , , , , , 27.3722885, 0.0236667, , , , , , , , , , , , , , , , , , , , , , , , , , , , 
27.3728077, -0.0005035, , , , , , , 27.3728077, -0.0082246, , , , , , , 27.3728077, -0.0058747, , , , , , , 27.3728077, 0.0276951, , , , , , , , , , , , , , , , , , , , , , , , , , , , 
27.3733269, -0.008896, , , , , , , 27.3733269, -0.0092317, , , , , , , 27.3733269, -0.0045319, , , , , , , 27.3733269, 0.0313878, , , , , , , , , , , , , , , , , , , , , , , , , , , , 
27.3738462, -0.0058747, , , , , , , 27.3738462, -0.0095674, , , , , , , 27.3738462, -0.0035248, , , , , , , 27.3738462, 0.0340734, , , , , , , , , , , , , , , , , , , , , , , , , , , , 
27.3743654, -0.0005035, , , , , , , 27.3743654, -0.0085603, , , , , , , 27.3743654, -0.002182, , , , , , , 27.3743654, 0.036759, , , , , , , , , , , , , , , , , , , , , , , , , , , , 
27.3748846, -0.0001678, , , , , , , 27.3748846, -0.0078889, , , , , , , 27.3748846, -0.002182, , , , , , , 27.3748846, 0.0374304, , , , , , , , , , , , , , , , , , , , , , , , , , , , 
27.3754038, -0.0031891, , , , , , , 27.3754038, -0.0082246, , , , , , , 27.3754038, -0.0031891, , , , , , , 27.3754038, 0.0360876, , , , , , , , , , , , , , , , , , , , , , , , , , , , 
27.3759231, -0.0035248, , , , , , , 27.3759231, -0.0085603, , , , , , , 27.3759231, -0.0038605, , , , , , , 27.3759231, 0.0317235, , , , , , , , , , , , , , , , , , , , , , , , , , , , 
27.3764423, 0.0005035, , , , , , , 27.3764423, -0.0109102, , , , , , , 27.3764423, -0.0063783, , , , , , , 27.3764423, 0.0240024, , , , , , , , , , , , , , , , , , , , , , , , , , , , 
27.3769615, 0.0078889, , , , , , , 27.3769615, -0.0129244, , , , , , , 27.3769615, -0.0102388, , , , , , , 27.3769615, 0.0213169, , , , , , , , , , , , , , , , , , , , , , , , , , , , 
27.3774808, 0.0142672, , , , , , , 27.3774808, -0.0124208, , , , , , , 27.3774808, -0.0119173, , , , , , , 27.3774808, 0.0213169, , , , , , , , , , , , , , , , , , , , , , , , , , , , 
27.378, 0.0164492, , , , , , , 27.378, -0.0105745, , , , , , , 27.378, -0.0109102, , , , , , , 27.378, 0.0198062, , , , , , , , , , , , , , , , , , , , , , , , , , , , 
27.3785192, 0.0169528, , , , , , , 27.3785192, -0.0105745, , , , , , , 27.3785192, -0.0102388, , , , , , , 27.3785192, 0.0179599, , , , , , , , , , , , , , , , , , , , , , , , , , , , 
27.3790385, 0.0164492, , , , , , , 27.3790385, -0.011078, , , , , , , 27.3790385, -0.0092317, , , , , , , 27.3790385, 0.01561, , , , , , , , , , , , , , , , , , , , , , , , , , , , 
27.3795577, 0.0179599, , , , , , , 27.3795577, -0.0095674, , , , , , , 27.3795577, -0.0112459, , , , , , , 27.3795577, 0.0129244, , , , , , , , , , , , , , , , , , , , , , , , , , , , 
27.3800769, 0.0194705, , , , , , , 27.3800769, -0.008896, , , , , , , 27.3800769, -0.0112459, , , , , , , 27.3800769, 0.0102388, , , , , , , , , , , , , , , , , , , , , , , , , , , , 
27.3805962, 0.0193027, , , , , , , 27.3805962, -0.008896, , , , , , , 27.3805962, -0.0075532, , , , , , , 27.3805962, 0.0078889, , , , , , , , , , , , , , , , , , , , , , , , , , , , 
27.3811154, 0.0219883, , , , , , , 27.3811154, -0.0075532, , , , , , , 27.3811154, -0.0063783, , , , , , , 27.3811154, 0.0070497, , , , , , , , , , , , , , , , , , , , , , , , , , , , 
27.3816346, 0.0236667, , , , , , , 27.3816346, -0.0075532, , , , , , , 27.3816346, -0.0085603, , , , , , , 27.3816346, 0.0052033, , , , , , , , , , , , , , , , , , , , , , , , , , , , 
27.3821538, 0.0246738, , , , , , , 27.3821538, -0.0075532, , , , , , , 27.3821538, -0.0104067, , , , , , , 27.3821538, 0.002182, , , , , , , , , , , , , , , , , , , , , , , , , , , , 
27.3826731, 0.0258488, , , , , , , 27.3826731, -0.0068818, , , , , , , 27.3826731, -0.0099031, , , , , , , 27.3826731, -0.0008392, , , , , , , , , , , , , , , , , , , , , , , , , , , , 
27.3831923, 0.0256809, , , , , , , 27.3831923, -0.0068818, , , , , , , 27.3831923, -0.0109102, , , , , , , 27.3831923, -0.0028534, , , , , , , , , , , , , , , , , , , , , , , , , , , , 
27.3837115, 0.0240024, , , , , , , 27.3837115, -0.0068818, , , , , , , 27.3837115, -0.0095674, , , , , , , 27.3837115, -0.002182, , , , , , , , , , , , , , , , , , , , , , , , , , , , 
27.3842308, 0.023331, , , , , , , 27.3842308, -0.0068818, , , , , , , 27.3842308, -0.0082246, , , , , , , 27.3842308, 0.0011749, , , , , , , , , , , , , , , , , , , , , , , , , , , , 
27.38475, 0.0253452, , , , , , , 27.38475, -0.0068818, , , , , , , 27.38475, -0.0077211, , , , , , , 27.38475, 0.0035248, , , , , , , , , , , , , , , , , , , , , , , , , , , , 
27.3852692, 0.0293736, , , , , , , 27.3852692, -0.0070497, , , , , , , 27.3852692, -0.0072175, , , , , , , 27.3852692, 0.0010071, , , , , , , , , , , , , , , , , , , , , , , , , , , , 
27.3857885, 0.0354162, , , , , , , 27.3857885, -0.0048676, , , , , , , 27.3857885, -0.0057069, , , , , , , 27.3857885, -0.005539, , , , , , , , , , , , , , , , , , , , , , , , , , , , 
27.3863077, 0.0339055, , , , , , , 27.3863077, -0.0045319, , , , , , , 27.3863077, -0.005539, , , , , , , 27.3863077, -0.0105745, , , , , , , , , , , , , , , , , , , , , , , , , , , , 
27.3868269, 0.0293736, , , , , , , 27.3868269, -0.0057069, , , , , , , 27.3868269, -0.0085603, , , , , , , 27.3868269, -0.0102388, , , , , , , , , , , , , , , , , , , , , , , , , , , , 
27.3873462, 0.0276951, , , , , , , 27.3873462, -0.0068818, , , , , , , 27.3873462, -0.011078, , , , , , , 27.3873462, -0.0082246, , , , , , , , , , , , , , , , , , , , , , , , , , , , 
27.3878654, 0.0293736, , , , , , , 27.3878654, -0.0070497, , , , , , , 27.3878654, -0.0105745, , , , , , , 27.3878654, -0.0095674, , , , , , , , , , , , , , , , , , , , , , , , , , , , 
27.3883846, 0.0280308, , , , , , , 27.3883846, -0.0058747, , , , , , , 27.3883846, -0.0077211, , , , , , , 27.3883846, -0.0105745, , , , , , , , , , , , , , , , , , , , , , , , , , , , 
27.3889038, 0.0253452, , , , , , , 27.3889038, -0.0048676, , , , , , , 27.3889038, -0.0075532, , , , , , , 27.3889038, -0.0085603, , , , , , , , , , , , , , , , , , , , , , , , , , , , 
27.3894231, 0.0240024, , , , , , , 27.3894231, -0.005539, , , , , , , 27.3894231, -0.0095674, , , , , , , 27.3894231, -0.0045319, , , , , , , , , , , , , , , , , , , , , , , , , , , , 
27.3899423, 0.0174563, , , , , , , 27.3899423, -0.0048676, , , , , , , 27.3899423, -0.0102388, , , , , , , 27.3899423, 0.0005035, , , , , , , , , , , , , , , , , , , , , , , , , , , , 
27.3904615, 0.0125887, , , , , , , 27.3904615, -0.0050355, , , , , , , 27.3904615, -0.0099031, , , , , , , 27.3904615, 0.0058747, , , , , , , , , , , , , , , , , , , , , , , , , , , , 
27.3909808, 0.0115816, , , , , , , 27.3909808, -0.0063783, , , , , , , 27.3909808, -0.0085603, , , , , , , 27.3909808, 0.010071, , , , , , , , , , , , , , , , , , , , , , , , , , , , 
27.3915, 0.0104067, , , , , , , 27.3915, -0.0082246, , , , , , , 27.3915, -0.0082246, , , , , , , 27.3915, 0.0135958, , , , , , , , , , , , , , , , , , , , , , , , , , , , 
27.3920192, 0.0092317, , , , , , , 27.3920192, -0.0075532, , , , , , , 27.3920192, -0.0063783, , , , , , , 27.3920192, 0.0203098, , , , , , , , , , , , , , , , , , , , , , , , , , , , 
27.3925385, 0.0058747, , , , , , , 27.3925385, -0.0082246, , , , , , , 27.3925385, -0.0043641, , , , , , , 27.3925385, 0.0250095, , , , , , , , , , , , , , , , , , , , , , , , , , , , 
27.3930577, 0.0018463, , , , , , , 27.3930577, -0.0102388, , , , , , , 27.3930577, -0.0028534, , , , , , , 27.3930577, 0.0240024, , , , , , , , , , , , , , , , , , , , , , , , , , , , 
27.3935769, -0.0025177, , , , , , , 27.3935769, -0.0115816, , , , , , , 27.3935769, -0.0030213, , , , , , , 27.3935769, 0.0240024, , , , , , , , , , , , , , , , , , , , , , , , , , , , 
27.3940962, -0.0068818, , , , , , , 27.3940962, -0.0109102, , , , , , , 27.3940962, -0.0031891, , , , , , , 27.3940962, 0.0273594, , , , , , , , , , , , , , , , , , , , , , , , , , , , 
27.3946154, -0.0099031, , , , , , , 27.3946154, -0.0097353, , , , , , , 27.3946154, -0.0018463, , , , , , , 27.3946154, 0.0340734, , , , , , , , , , , , , , , , , , , , , , , , , , , , 
27.3951346, -0.0135958, , , , , , , 27.3951346, -0.0085603, , , , , , , 27.3951346, -0.0005035, , , , , , , 27.3951346, 0.0370947, , , , , , , , , , , , , , , , , , , , , , , , , , , , 
27.3956538, -0.0172885, , , , , , , 27.3956538, -0.0087282, , , , , , , 27.3956538, -0.0015106, , , , , , , 27.3956538, 0.0327306, , , , , , , , , , , , , , , , , , , , , , , , , , , , 
27.3961731, -0.0176242, , , , , , , 27.3961731, -0.0095674, , , , , , , 27.3961731, -0.0015106, , , , , , , 27.3961731, 0.0250095, , , , , , , , , , , , , , , , , , , , , , , , , , , , 
27.3966923, -0.0135958, , , , , , , 27.3966923, -0.008896, , , , , , , 27.3966923, -0.0020142, , , , , , , 27.3966923, 0.0193027, , , , , , , , , , , , , , , , , , , , , , , , , , , , 
27.3972115, -0.0068818, , , , , , , 27.3972115, -0.0070497, , , , , , , 27.3972115, -0.0045319, , , , , , , 27.3972115, 0.0172885, , , , , , , , , , , , , , , , , , , , , , , , , , , , 
27.3977308, -0.0005035, , , , , , , 27.3977308, -0.0068818, , , , , , , 27.3977308, -0.0082246, , , , , , , 27.3977308, 0.0179599, , , , , , , , , , , , , , , , , , , , , , , , , , , , 
27.39825, 0.0048676, , , , , , , 27.39825, -0.0072175, , , , , , , 27.39825, -0.0102388, , , , , , , 27.39825, 0.0186313, , , , , , , , , , , , , , , , , , , , , , , , , , , , 
27.3987692, 0.0099031, , , , , , , 27.3987692, -0.0062104, , , , , , , 27.3987692, -0.0104067, , , , , , , 27.3987692, 0.0157778, , , , , , , , , , , , , , , , , , , , , , , , , , , , 
27.3992885, 0.0139315, , , , , , , 27.3992885, -0.0050355, , , , , , , 27.3992885, -0.0092317, , , , , , , 27.3992885, 0.0124208, , , , , , , , , , , , , , , , , , , , , , , , , , , , 
27.3998077, 0.01561, , , , , , , 27.3998077, -0.005539, , , , , , , 27.3998077, -0.0082246, , , , , , , 27.3998077, 0.0119173, , , , , , , , , , , , , , , , , , , , , , , , , , , , 
27.4003269, 0.0169528, , , , , , , 27.4003269, -0.0082246, , , , , , , 27.4003269, -0.0072175, , , , , , , 27.4003269, 0.0112459, , , , , , , , , , , , , , , , , , , , , , , , , , , , 
27.4008462, 0.0184634, , , , , , , 27.4008462, -0.0092317, , , , , , , 27.4008462, -0.005539, , , , , , , 27.4008462, 0.0095674, , , , , , , , , , , , , , , , , , , , , , , , , , , , 
27.4013654, 0.0166171, , , , , , , 27.4013654, -0.0090639, , , , , , , 27.4013654, -0.0041962, , , , , , , 27.4013654, 0.0052033, , , , , , , , , , , , , , , , , , , , , , , , , , , , 
27.4018846, 0.0159457, , , , , , , 27.4018846, -0.0083925, , , , , , , 27.4018846, -0.0036927, , , , , , , 27.4018846, 0.0035248, , , , , , , , , , , , , , , , , , , , , , , , , , , , 
27.4024038, 0.0182956, , , , , , , 27.4024038, -0.0082246, , , , , , , 27.4024038, -0.0025177, , , , , , , 27.4024038, 0.0052033, , , , , , , , , , , , , , , , , , , , , , , , , , , , 
27.4029231, 0.018967, , , , , , , 27.4029231, -0.0095674, , , , , , , 27.4029231, -0.0030213, , , , , , , 27.4029231, 0.0078889, , , , , , , , , , , , , , , , , , , , , , , , , , , , 
27.4034423, 0.0166171, , , , , , , 27.4034423, -0.011078, , , , , , , 27.4034423, -0.0041962, , , , , , , 27.4034423, 0.0072175, , , , , , , , , , , , , , , , , , , , , , , , , , , , 
27.4039615, 0.0159457, , , , , , , 27.4039615, -0.0114137, , , , , , , 27.4039615, -0.0035248, , , , , , , 27.4039615, 0.0052033, , , , , , , , , , , , , , , , , , , , , , , , , , , , 
27.4044808, 0.017792, , , , , , , 27.4044808, -0.0109102, , , , , , , 27.4044808, -0.0048676, , , , , , , 27.4044808, 0.0052033, , , , , , , , , , , , , , , , , , , , , , , , , , , , 
27.405, 0.0169528, , , , , , , 27.405, -0.0104067, , , , , , , 27.405, -0.0075532, , , , , , , 27.405, 0.0065461, , , , , , , , , , , , , , , , , , , , , , , , , , , , 
27.4055192, 0.0199741, , , , , , , 27.4055192, -0.0099031, , , , , , , 27.4055192, -0.0099031, , , , , , , 27.4055192, 0.0058747, , , , , , , , , , , , , , , , , , , , , , , , , , , , 
27.4060385, 0.027863, , , , , , , 27.4060385, -0.008896, , , , , , , 27.4060385, -0.0112459, , , , , , , 27.4060385, 0.0018463, , , , , , , , , , , , , , , , , , , , , , , , , , , , 
27.4065577, 0.0293736, , , , , , , 27.4065577, -0.0065461, , , , , , , 27.4065577, -0.0132601, , , , , , , 27.4065577, -0.002182, , , , , , , , , , , , , , , , , , , , , , , , , , , , 
27.4070769, 0.0292058, , , , , , , 27.4070769, -0.0075532, , , , , , , 27.4070769, -0.0135958, , , , , , , 27.4070769, -0.0045319, , , , , , , , , , , , , , , , , , , , , , , , , , , , 
27.4075962, 0.0339055, , , , , , , 27.4075962, -0.008896, , , , , , , 27.4075962, -0.0129244, , , , , , , 27.4075962, -0.0031891, , , , , , , , , , , , , , , , , , , , , , , , , , , , 
27.4081154, 0.0374304, , , , , , , 27.4081154, -0.0087282, , , , , , , 27.4081154, -0.0117494, , , , , , , 27.4081154, -0.0015106, , , , , , , , , , , , , , , , , , , , , , , , , , , , 
27.4086346, 0.035584, , , , , , , 27.4086346, -0.0102388, , , , , , , 27.4086346, -0.0105745, , , , , , , 27.4086346, 0.0011749, , , , , , , , , , , , , , , , , , , , , , , , , , , , 
27.4091538, 0.030045, , , , , , , 27.4091538, -0.0105745, , , , , , , 27.4091538, -0.0095674, , , , , , , 27.4091538, 0.0045319, , , , , , , , , , , , , , , , , , , , , , , , , , , , 
27.4096731, 0.0258488, , , , , , , 27.4096731, -0.0097353, , , , , , , 27.4096731, -0.0095674, , , , , , , 27.4096731, 0.0099031, , , , , , , , , , , , , , , , , , , , , , , , , , , , 
27.4101923, 0.0209812, , , , , , , 27.4101923, -0.0090639, , , , , , , 27.4101923, -0.0092317, , , , , , , 27.4101923, 0.0139315, , , , , , , , , , , , , , , , , , , , , , , , , , , , 
27.4107115, 0.0166171, , , , , , , 27.4107115, -0.008896, , , , , , , 27.4107115, -0.0095674, , , , , , , 27.4107115, 0.0159457, , , , , , , , , , , , , , , , , , , , , , , , , , , , 
27.4112308, 0.0115816, , , , , , , 27.4112308, -0.0082246, , , , , , , 27.4112308, -0.0102388, , , , , , , 27.4112308, 0.0186313, , , , , , , , , , , , , , , , , , , , , , , , , , , , 
27.41175, 0.005539, , , , , , , 27.41175, -0.0046998, , , , , , , 27.41175, -0.0109102, , , , , , , 27.41175, 0.0226596, , , , , , , , , , , , , , , , , , , , , , , , , , , , 
27.4122692, 0.0025177, , , , , , , 27.4122692, -0.0045319, , , , , , , 27.4122692, -0.0109102, , , , , , , 27.4122692, 0.0283665, , , , , , , , , , , , , , , , , , , , , , , , , , , , 
27.4127885, -0.0001678, , , , , , , 27.4127885, -0.0062104, , , , , , , 27.4127885, -0.0078889, , , , , , , 27.4127885, 0.033402, , , , , , , , , , , , , , , , , , , , , , , , , , , , 
27.4133077, -0.005539, , , , , , , 27.4133077, -0.0068818, , , , , , , 27.4133077, -0.0048676, , , , , , , 27.4133077, 0.0384375, , , , , , , , , , , , , , , , , , , , , , , , , , , , 
27.4138269, -0.0082246, , , , , , , 27.4138269, -0.0062104, , , , , , , 27.4138269, -0.0028534, , , , , , , 27.4138269, 0.0428016, , , , , , , , , , , , , , , , , , , , , , , , , , , , 
27.4143462, -0.0068818, , , , , , , 27.4143462, -0.0072175, , , , , , , 27.4143462, -0.0038605, , , , , , , 27.4143462, 0.0441444, , , , , , , , , , , , , , , , , , , , , , , , , , , , 
27.4148654, -0.008896, , , , , , , 27.4148654, -0.0082246, , , , , , , 27.4148654, -0.0062104, , , , , , , 27.4148654, 0.0448157, , , , , , , , , , , , , , , , , , , , , , , , , , , , 
27.4153846, -0.0135958, , , , , , , 27.4153846, -0.0075532, , , , , , , 27.4153846, -0.0068818, , , , , , , 27.4153846, 0.0441444, , , , , , , , , , , , , , , , , , , , , , , , , , , , 
27.4159038, -0.0129244, , , , , , , 27.4159038, -0.0058747, , , , , , , 27.4159038, -0.0077211, , , , , , , 27.4159038, 0.0404517, , , , , , , , , , , , , , , , , , , , , , , , , , , , 
27.4164231, -0.0038605, , , , , , , 27.4164231, -0.0058747, , , , , , , 27.4164231, -0.0075532, , , , , , , 27.4164231, 0.0347448, , , , , , , , , , , , , , , , , , , , , , , , , , , , 
27.4169423, 0.0035248, , , , , , , 27.4169423, -0.0062104, , , , , , , 27.4169423, -0.0065461, , , , , , , 27.4169423, 0.0307164, , , , , , , , , , , , , , , , , , , , , , , , , , , , 
27.4174615, 0.0048676, , , , , , , 27.4174615, -0.0078889, , , , , , , 27.4174615, -0.0075532, , , , , , , 27.4174615, 0.0287022, , , , , , , , , , , , , , , , , , , , , , , , , , , , 
27.4179808, 0.0063783, , , , , , , 27.4179808, -0.0082246, , , , , , , 27.4179808, -0.0105745, , , , , , , 27.4179808, 0.0270237, , , , , , , , , , , , , , , , , , , , , , , , , , , , 
27.4185, 0.0117494, , , , , , , 27.4185, -0.008896, , , , , , , 27.4185, -0.0115816, , , , , , , 27.4185, 0.0256809, , , , , , , , , , , , , , , , , , , , , , , , , , , , 
27.4190192, 0.0139315, , , , , , , 27.4190192, -0.0104067, , , , , , , 27.4190192, -0.0099031, , , , , , , 27.4190192, 0.0243381, , , , , , , , , , , , , , , , , , , , , , , , , , , , 
27.4195385, 0.01561, , , , , , , 27.4195385, -0.0109102, , , , , , , 27.4195385, -0.0082246, , , , , , , 27.4195385, 0.0246738, , , , , , , , , , , , , , , , , , , , , , , , , , , , 
27.4200577, 0.0171206, , , , , , , 27.4200577, -0.0085603, , , , , , , 27.4200577, -0.0090639, , , , , , , 27.4200577, 0.0236667, , , , , , , , , , , , , , , , , , , , , , , , , , , , 
27.4205769, 0.0169528, , , , , , , 27.4205769, -0.0078889, , , , , , , 27.4205769, -0.0109102, , , , , , , 27.4205769, 0.0204776, , , , , , , , , , , , , , , , , , , , , , , , , , , , 
27.4210962, 0.0166171, , , , , , , 27.4210962, -0.0085603, , , , , , , 27.4210962, -0.012253, , , , , , , 27.4210962, 0.018967, , , , , , , , , , , , , , , , , , , , , , , , , , , , 
27.4216154, 0.0159457, , , , , , , 27.4216154, -0.008896, , , , , , , 27.4216154, -0.0117494, , , , , , , 27.4216154, 0.0172885, , , , , , , , , , , , , , , , , , , , , , , , , , , , 
27.4221346, 0.0169528, , , , , , , 27.4221346, -0.0092317, , , , , , , 27.4221346, -0.0095674, , , , , , , 27.4221346, 0.0135958, , , , , , , , , , , , , , , , , , , , , , , , , , , , 
27.4226538, 0.0171206, , , , , , , 27.4226538, -0.0102388, , , , , , , 27.4226538, -0.0095674, , , , , , , 27.4226538, 0.008896, , , , , , , , , , , , , , , , , , , , , , , , , , , , 
27.4231731, 0.01561, , , , , , , 27.4231731, -0.008896, , , , , , , 27.4231731, -0.0105745, , , , , , , 27.4231731, 0.0045319, , , , , , , , , , , , , , , , , , , , , , , , , , , , 
27.4236923, 0.0182956, , , , , , , 27.4236923, -0.0070497, , , , , , , 27.4236923, -0.0109102, , , , , , , 27.4236923, 0.0025177, , , , , , , , , , , , , , , , , , , , , , , , , , , , 
27.4242115, 0.0204776, , , , , , , 27.4242115, -0.0062104, , , , , , , 27.4242115, -0.0112459, , , , , , , 27.4242115, 0.0011749, , , , , , , , , , , , , , , , , , , , , , , , , , , , 
27.4247308, 0.0206455, , , , , , , 27.4247308, -0.005539, , , , , , , 27.4247308, -0.0095674, , , , , , , 27.4247308, 0.0025177, , , , , , , , , , , , , , , , , , , , , , , , , , , , 
27.42525, 0.0209812, , , , , , , 27.42525, -0.0052033, , , , , , , 27.42525, -0.0070497, , , , , , , 27.42525, 0.0018463, , , , , , , , , , , , , , , , , , , , , , , , , , , , 
27.4257692, 0.0276951, , , , , , , 27.4257692, -0.0065461, , , , , , , 27.4257692, -0.005539, , , , , , , 27.4257692, -0.0008392, , , , , , , , , , , , , , , , , , , , , , , , , , , , 
27.4262885, 0.0407874, , , , , , , 27.4262885, -0.008896, , , , , , , 27.4262885, -0.0052033, , , , , , , 27.4262885, -0.0052033, , , , , , , , , , , , , , , , , , , , , , , , , , , , 
27.4268077, 0.043473, , , , , , , 27.4268077, -0.0090639, , , , , , , 27.4268077, -0.0075532, , , , , , , 27.4268077, -0.0085603, , , , , , , , , , , , , , , , , , , , , , , , , , , , 
27.4273269, 0.0394446, , , , , , , 27.4273269, -0.0082246, , , , , , , 27.4273269, -0.010071, , , , , , , 27.4273269, -0.012253, , , , , , , , , , , , , , , , , , , , , , , , , , , , 
27.4278462, 0.0404517, , , , , , , 27.4278462, -0.0070497, , , , , , , 27.4278462, -0.0124208, , , , , , , 27.4278462, -0.0142672, , , , , , , , , , , , , , , , , , , , , , , , , , , , 
27.4283654, 0.0439765, , , , , , , 27.4283654, -0.0060426, , , , , , , 27.4283654, -0.0129244, , , , , , , 27.4283654, -0.0129244, , , , , , , , , , , , , , , , , , , , , , , , , , , , 
27.4288846, 0.0448157, , , , , , , 27.4288846, -0.0062104, , , , , , , 27.4288846, -0.0105745, , , , , , , 27.4288846, -0.0095674, , , , , , , , , , , , , , , , , , , , , , , , , , , , 
27.4294038, 0.0428016, , , , , , , 27.4294038, -0.0082246, , , , , , , 27.4294038, -0.0075532, , , , , , , 27.4294038, -0.0045319, , , , , , , , , , , , , , , , , , , , , , , , , , , , 
27.4299231, 0.0360876, , , , , , , 27.4299231, -0.0092317, , , , , , , 27.4299231, -0.0068818, , , , , , , 27.4299231, 0.0005035, , , , , , , , , , , , , , , , , , , , , , , , , , , , 
27.4304423, 0.0246738, , , , , , , 27.4304423, -0.0068818, , , , , , , 27.4304423, -0.0075532, , , , , , , 27.4304423, 0.0038605, , , , , , , , , , , , , , , , , , , , , , , , , , , , 
27.4309615, 0.012253, , , , , , , 27.4309615, -0.0052033, , , , , , , 27.4309615, -0.0072175, , , , , , , 27.4309615, 0.0075532, , , , , , , , , , , , , , , , , , , , , , , , , , , , 
27.4314808, 0.0031891, , , , , , , 27.4314808, -0.0070497, , , , , , , 27.4314808, -0.005539, , , , , , , 27.4314808, 0.0112459, , , , , , , , , , , , , , , , , , , , , , , , , , , , 
27.432, -0.0011749, , , , , , , 27.432, -0.0072175, , , , , , , 27.432, -0.0023499, , , , , , , 27.432, 0.0176242, , , , , , , , , , , , , , , , , , , , , , , , , , , , 
27.4325192, -0.0011749, , , , , , , 27.4325192, -0.0058747, , , , , , , 27.4325192, -0.0030213, , , , , , , 27.4325192, 0.0226596, , , , , , , , , , , , , , , , , , , , , , , , , , , , 
27.4330385, -0.0035248, , , , , , , 27.4330385, -0.0062104, , , , , , , 27.4330385, -0.0028534, , , , , , , 27.4330385, 0.0246738, , , , , , , , , , , , , , , , , , , , , , , , , , , , 
27.4335577, -0.0083925, , , , , , , 27.4335577, -0.0068818, , , , , , , 27.4335577, -0.0023499, , , , , , , 27.4335577, 0.0276951, , , , , , , , , , , , , , , , , , , , , , , , , , , , 
27.4340769, -0.0082246, , , , , , , 27.4340769, -0.0085603, , , , , , , 27.4340769, -0.0031891, , , , , , , 27.4340769, 0.0307164, , , , , , , , , , , , , , , , , , , , , , , , , , , , 
27.4345962, -0.0082246, , , , , , , 27.4345962, -0.0082246, , , , , , , 27.4345962, -0.0038605, , , , , , , 27.4345962, 0.0323949, , , , , , , , , , , , , , , , , , , , , , , , , , , , 
27.4351154, -0.0105745, , , , , , , 27.4351154, -0.0072175, , , , , , , 27.4351154, -0.0038605, , , , , , , 27.4351154, 0.0320592, , , , , , , , , , , , , , , , , , , , , , , , , , , , 
27.4356346, -0.0070497, , , , , , , 27.4356346, -0.0062104, , , , , , , 27.4356346, -0.0046998, , , , , , , 27.4356346, 0.0297093, , , , , , , , , , , , , , , , , , , , , , , , , , , , 
27.4361538, -0.0018463, , , , , , , 27.4361538, -0.0052033, , , , , , , 27.4361538, -0.0038605, , , , , , , 27.4361538, 0.0253452, , , , , , , , , , , , , , , , , , , , , , , , , , , , 
27.4366731, 0.002182, , , , , , , 27.4366731, -0.0036927, , , , , , , 27.4366731, -0.0011749, , , , , , , 27.4366731, 0.0216526, , , , , , , , , , , , , , , , , , , , , , , , , , , , 
27.4371923, 0.0045319, , , , , , , 27.4371923, -0.0041962, , , , , , , 27.4371923, 0.0001678, , , , , , , 27.4371923, 0.0149386, , , , , , , , , , , , , , , , , , , , , , , , , , , , 
27.4377115, 0.0082246, , , , , , , 27.4377115, -0.0062104, , , , , , , 27.4377115, -0.0011749, , , , , , , 27.4377115, 0.0090639, , , , , , , , , , , , , , , , , , , , , , , , , , , , 
27.4382308, 0.0130922, , , , , , , 27.4382308, -0.0068818, , , , , , , 27.4382308, -0.0030213, , , , , , , 27.4382308, 0.0085603, , , , , , , , , , , , , , , , , , , , , , , , , , , , 
27.43875, 0.0152743, , , , , , , 27.43875, -0.0062104, , , , , , , 27.43875, -0.005539, , , , , , , 27.43875, 0.0119173, , , , , , , , , , , , , , , , , , , , , , , , , , , , 
27.4392692, 0.0166171, , , , , , , 27.4392692, -0.0050355, , , , , , , 27.4392692, -0.0062104, , , , , , , 27.4392692, 0.01561, , , , , , , , , , , , , , , , , , , , , , , , , , , , 
27.4397885, 0.0186313, , , , , , , 27.4397885, -0.005539, , , , , , , 27.4397885, -0.0045319, , , , , , , 27.4397885, 0.01561, , , , , , , , , , , , , , , , , , , , , , , , , , , , 
27.4403077, 0.0166171, , , , , , , 27.4403077, -0.0063783, , , , , , , 27.4403077, -0.0041962, , , , , , , 27.4403077, 0.0142672, , , , , , , , , , , , , , , , , , , , , , , , , , , , 
27.4408269, 0.0152743, , , , , , , 27.4408269, -0.008896, , , , , , , 27.4408269, -0.0050355, , , , , , , 27.4408269, 0.0129244, , , , , , , , , , , , , , , , , , , , , , , , , , , , 
27.4413462, 0.0139315, , , , , , , 27.4413462, -0.0115816, , , , , , , 27.4413462, -0.005539, , , , , , , 27.4413462, 0.008896, , , , , , , , , , , , , , , , , , , , , , , , , , , , 
27.4418654, 0.0159457, , , , , , , 27.4418654, -0.0135958, , , , , , , 27.4418654, -0.0052033, , , , , , , 27.4418654, 0.0052033, , , , , , , , , , , , , , , , , , , , , , , , , , , , 
27.4423846, 0.0172885, , , , , , , 27.4423846, -0.012253, , , , , , , 27.4423846, -0.005539, , , , , , , 27.4423846, 0.0018463, , , , , , , , , , , , , , , , , , , , , , , , , , , , 
27.4429038, 0.0139315, , , , , , , 27.4429038, -0.0095674, , , , , , , 27.4429038, -0.0097353, , , , , , , 27.4429038, -0.002182, , , , , , , , , , , , , , , , , , , , , , , , , , , , 
27.4434231, 0.0099031, , , , , , , 27.4434231, -0.0070497, , , , , , , 27.4434231, -0.011078, , , , , , , 27.4434231, -0.0035248, , , , , , , , , , , , , , , , , , , , , , , , , , , , 
27.4439423, 0.0072175, , , , , , , 27.4439423, -0.0078889, , , , , , , 27.4439423, -0.0099031, , , , , , , 27.4439423, -0.0010071, , , , , , , , , , , , , , , , , , , , , , , , , , , , 
27.4444615, 0.0068818, , , , , , , 27.4444615, -0.0075532, , , , , , , 27.4444615, -0.0092317, , , , , , , 27.4444615, 0.0031891, , , , , , , , , , , , , , , , , , , , , , , , , , , , 
27.4449808, 0.0085603, , , , , , , 27.4449808, -0.0062104, , , , , , , 27.4449808, -0.0085603, , , , , , , 27.4449808, 0.002182, , , , , , , , , , , , , , , , , , , , , , , , , , , , 
27.4455, 0.0125887, , , , , , , 27.4455, -0.0065461, , , , , , , 27.4455, -0.0082246, , , , , , , 27.4455, -0.0016785, , , , , , , , , , , , , , , , , , , , , , , , , , , , 
27.4460192, 0.0199741, , , , , , , 27.4460192, -0.0065461, , , , , , , 27.4460192, -0.0085603, , , , , , , 27.4460192, -0.0052033, , , , , , , , , , , , , , , , , , , , , , , , , , , , 
27.4465385, 0.0256809, , , , , , , 27.4465385, -0.0082246, , , , , , , 27.4465385, -0.0095674, , , , , , , 27.4465385, -0.0078889, , , , , , , , , , , , , , , , , , , , , , , , , , , , 
27.4470577, 0.0271916, , , , , , , 27.4470577, -0.0082246, , , , , , , 27.4470577, -0.012253, , , , , , , 27.4470577, -0.012253, , , , , , , , , , , , , , , , , , , , , , , , , , , , 
27.4475769, 0.0276951, , , , , , , 27.4475769, -0.0062104, , , , , , , 27.4475769, -0.0149386, , , , , , , 27.4475769, -0.0146029, , , , , , , , , , , , , , , , , , , , , , , , , , , , 
27.4480962, 0.0293736, , , , , , , 27.4480962, -0.0062104, , , , , , , 27.4480962, -0.0169528, , , , , , , 27.4480962, -0.0135958, , , , , , , , , , , , , , , , , , , , , , , , , , , , 
27.4486154, 0.0303807, , , , , , , 27.4486154, -0.0078889, , , , , , , 27.4486154, -0.0167849, , , , , , , 27.4486154, -0.0109102, , , , , , , , , , , , , , , , , , , , , , , , , , , , 
27.4491346, 0.027863, , , , , , , 27.4491346, -0.0082246, , , , , , , 27.4491346, -0.0151064, , , , , , , 27.4491346, -0.0070497, , , , , , , , , , , , , , , , , , , , , , , , , , , , 
27.4496538, 0.0219883, , , , , , , 27.4496538, -0.008896, , , , , , , 27.4496538, -0.0151064, , , , , , , 27.4496538, -0.0036927, , , , , , , , , , , , , , , , , , , , , , , , , , , , 
27.4501731, 0.0159457, , , , , , , 27.4501731, -0.0102388, , , , , , , 27.4501731, -0.0166171, , , , , , , 27.4501731, -0.0006714, , , , , , , , , , , , , , , , , , , , , , , , , , , , 
27.4506923, 0.0078889, , , , , , , 27.4506923, -0.0097353, , , , , , , 27.4506923, -0.0162814, , , , , , , 27.4506923, 0.0028534, , , , , , , , , , , , , , , , , , , , , , , , , , , , 
27.4512115, 0.0043641, , , , , , , 27.4512115, -0.0082246, , , , , , , 27.4512115, -0.0135958, , , , , , , 27.4512115, 0.0058747, , , , , , , , , , , , , , , , , , , , , , , , , , , , 
27.4517308, 0.005539, , , , , , , 27.4517308, -0.0083925, , , , , , , 27.4517308, -0.0124208, , , , , , , 27.4517308, 0.0119173, , , , , , , , , , , , , , , , , , , , , , , , , , , , 
27.45225, 0.0038605, , , , , , , 27.45225, -0.0085603, , , , , , , 27.45225, -0.0129244, , , , , , , 27.45225, 0.0193027, , , , , , , , , , , , , , , , , , , , , , , , , , , , 
27.4527692, 0.002182, , , , , , , 27.4527692, -0.008896, , , , , , , 27.4527692, -0.012253, , , , , , , 27.4527692, 0.0253452, , , , , , , , , , , , , , , , , , , , , , , , , , , , 
27.4532885, 0.0043641, , , , , , , 27.4532885, -0.0077211, , , , , , , 27.4532885, -0.011078, , , , , , , 27.4532885, 0.0302129, , , , , , , , , , , , , , , , , , , , , , , , , , , , 
27.4538077, -0.0028534, , , , , , , 27.4538077, -0.0083925, , , , , , , 27.4538077, -0.0109102, , , , , , , 27.4538077, 0.0337377, , , , , , , , , , , , , , , , , , , , , , , , , , , , 
27.4543269, -0.0095674, , , , , , , 27.4543269, -0.0112459, , , , , , , 27.4543269, -0.0112459, , , , , , , 27.4543269, 0.0360876, , , , , , , , , , , , , , , , , , , , , , , , , , , , 
27.4548462, -0.0095674, , , , , , , 27.4548462, -0.0115816, , , , , , , 27.4548462, -0.0095674, , , , , , , 27.4548462, 0.040116, , , , , , , , , , , , , , , , , , , , , , , , , , , , 
27.4553654, -0.005539, , , , , , , 27.4553654, -0.0097353, , , , , , , 27.4553654, -0.0082246, , , , , , , 27.4553654, 0.0414588, , , , , , , , , , , , , , , , , , , , , , , , , , , , 
27.4558846, -0.0008392, , , , , , , 27.4558846, -0.0097353, , , , , , , 27.4558846, -0.0082246, , , , , , , 27.4558846, 0.0370947, , , , , , , , , , , , , , , , , , , , , , , , , , , , 
27.4564038, 0.0031891, , , , , , , 27.4564038, -0.0095674, , , , , , , 27.4564038, -0.0082246, , , , , , , 27.4564038, 0.0305486, , , , , , , , , , , , , , , , , , , , , , , , , , , , 
27.4569231, 0.0068818, , , , , , , 27.4569231, -0.0095674, , , , , , , 27.4569231, -0.0065461, , , , , , , 27.4569231, 0.0253452, , , , , , , , , , , , , , , , , , , , , , , , , , , , 
27.4574423, 0.0072175, , , , , , , 27.4574423, -0.0105745, , , , , , , 27.4574423, -0.0050355, , , , , , , 27.4574423, 0.0199741, , , , , , , , , , , , , , , , , , , , , , , , , , , , 
27.4579615, 0.0114137, , , , , , , 27.4579615, -0.0102388, , , , , , , 27.4579615, -0.0046998, , , , , , , 27.4579615, 0.017792, , , , , , , , , , , , , , , , , , , , , , , , , , , , 
27.4584808, 0.01561, , , , , , , 27.4584808, -0.0077211, , , , , , , 27.4584808, -0.0058747, , , , , , , 27.4584808, 0.0172885, , , , , , , , , , , , , , , , , , , , , , , , , , , , 
27.459, 0.0182956, , , , , , , 27.459, -0.0062104, , , , , , , 27.459, -0.0052033, , , , , , , 27.459, 0.0166171, , , , , , , , , , , , , , , , , , , , , , , , , , , , 
27.4595192, 0.0206455, , , , , , , 27.4595192, -0.0063783, , , , , , , 27.4595192, -0.0041962, , , , , , , 27.4595192, 0.0172885, , , , , , , , , , , , , , , , , , , , , , , , , , , , 
27.4600385, 0.0193027, , , , , , , 27.4600385, -0.0070497, , , , , , , 27.4600385, -0.0031891, , , , , , , 27.4600385, 0.0179599, , , , , , , , , , , , , , , , , , , , , , , , , , , , 
27.4605577, 0.0172885, , , , , , , 27.4605577, -0.008896, , , , , , , 27.4605577, -0.0025177, , , , , , , 27.4605577, 0.0157778, , , , , , , , , , , , , , , , , , , , , , , , , , , , 
27.4610769, 0.0186313, , , , , , , 27.4610769, -0.0092317, , , , , , , 27.4610769, -0.0028534, , , , , , , 27.4610769, 0.0132601, , , , , , , , , , , , , , , , , , , , , , , , , , , , 
27.4615962, 0.0203098, , , , , , , 27.4615962, -0.0102388, , , , , , , 27.4615962, -0.0035248, , , , , , , 27.4615962, 0.0125887, , , , , , , , , , , , , , , , , , , , , , , , , , , , 
27.4621154, 0.0213169, , , , , , , 27.4621154, -0.0109102, , , , , , , 27.4621154, -0.0048676, , , , , , , 27.4621154, 0.0105745, , , , , , , , , , , , , , , , , , , , , , , , , , , , 
27.4626346, 0.0206455, , , , , , , 27.4626346, -0.008896, , , , , , , 27.4626346, -0.005539, , , , , , , 27.4626346, 0.0092317, , , , , , , , , , , , , , , , , , , , , , , , , , , , 
27.4631538, 0.0209812, , , , , , , 27.4631538, -0.0048676, , , , , , , 27.4631538, -0.0052033, , , , , , , 27.4631538, 0.0092317, , , , , , , , , , , , , , , , , , , , , , , , , , , , 
27.4636731, 0.0219883, , , , , , , 27.4636731, -0.0041962, , , , , , , 27.4636731, -0.0062104, , , , , , , 27.4636731, 0.0092317, , , , , , , , , , , , , , , , , , , , , , , , , , , , 
27.4641923, 0.0204776, , , , , , , 27.4641923, -0.0048676, , , , , , , 27.4641923, -0.0085603, , , , , , , 27.4641923, 0.0102388, , , , , , , , , , , , , , , , , , , , , , , , , , , , 
27.4647115, 0.0194705, , , , , , , 27.4647115, -0.0041962, , , , , , , 27.4647115, -0.0102388, , , , , , , 27.4647115, 0.0109102, , , , , , , , , , , , , , , , , , , , , , , , , , , , 
27.4652308, 0.0216526, , , , , , , 27.4652308, -0.0025177, , , , , , , 27.4652308, -0.0099031, , , , , , , 27.4652308, 0.0078889, , , , , , , , , , , , , , , , , , , , , , , , , , , , 
27.46575, 0.0219883, , , , , , , 27.46575, -0.0018463, , , , , , , 27.46575, -0.0085603, , , , , , , 27.46575, 0.0028534, , , , , , , , , , , , , , , , , , , , , , , , , , , , 
27.4662692, 0.0265202, , , , , , , 27.4662692, -0.0028534, , , , , , , 27.4662692, -0.0105745, , , , , , , 27.4662692, -0.0015106, , , , , , , , , , , , , , , , , , , , , , , , , , , , 
27.4667885, 0.0354162, , , , , , , 27.4667885, -0.0043641, , , , , , , 27.4667885, -0.0129244, , , , , , , 27.4667885, -0.0052033, , , , , , , , , , , , , , , , , , , , , , , , , , , , 
27.4673077, 0.0320592, , , , , , , 27.4673077, -0.005539, , , , , , , 27.4673077, -0.0135958, , , , , , , 27.4673077, -0.0092317, , , , , , , , , , , , , , , , , , , , , , , , , , , , 
27.4678269, 0.0263523, , , , , , , 27.4678269, -0.0041962, , , , , , , 27.4678269, -0.0129244, , , , , , , 27.4678269, -0.0102388, , , , , , , , , , , , , , , , , , , , , , , , , , , , 
27.4683462, 0.0298772, , , , , , , 27.4683462, -0.0035248, , , , , , , 27.4683462, -0.0129244, , , , , , , 27.4683462, -0.0083925, , , , , , , , , , , , , , , , , , , , , , , , , , , , 
27.4688654, 0.033402, , , , , , , 27.4688654, -0.0050355, , , , , , , 27.4688654, -0.0139315, , , , , , , 27.4688654, -0.0062104, , , , , , , , , , , , , , , , , , , , , , , , , , , , 
27.4693846, 0.0323949, , , , , , , 27.4693846, -0.005539, , , , , , , 27.4693846, -0.0135958, , , , , , , 27.4693846, -0.0057069, , , , , , , , , , , , , , , , , , , , , , , , , , , , 
27.4699038, 0.0287022, , , , , , , 27.4699038, -0.0048676, , , , , , , 27.4699038, -0.0132601, , , , , , , 27.4699038, -0.0028534, , , , , , , , , , , , , , , , , , , , , , , , , , , , 
27.4704231, 0.0228275, , , , , , , 27.4704231, -0.0058747, , , , , , , 27.4704231, -0.012253, , , , , , , 27.4704231, 0.0030213, , , , , , , , , , , , , , , , , , , , , , , , , , , , 
27.4709423, 0.0199741, , , , , , , 27.4709423, -0.0065461, , , , , , , 27.4709423, -0.008896, , , , , , , 27.4709423, 0.0090639, , , , , , , , , , , , , , , , , , , , , , , , , , , , 
27.4714615, 0.0166171, , , , , , , 27.4714615, -0.005539, , , , , , , 27.4714615, -0.0082246, , , , , , , 27.4714615, 0.0157778, , , , , , , , , , , , , , , , , , , , , , , , , , , , 
27.4719808, 0.0092317, , , , , , , 27.4719808, -0.0036927, , , , , , , 27.4719808, -0.0075532, , , , , , , 27.4719808, 0.0238346, , , , , , , , , , , , , , , , , , , , , , , , , , , , 
27.4725, 0.0031891, , , , , , , 27.4725, -0.0048676, , , , , , , 27.4725, -0.0085603, , , , , , , 27.4725, 0.0290379, , , , , , , , , , , , , , , , , , , , , , , , , , , , 
27.4730192, 0.0005035, , , , , , , 27.4730192, -0.008896, , , , , , , 27.4730192, -0.0092317, , , , , , , 27.4730192, 0.0320592, , , , , , , , , , , , , , , , , , , , , , , , , , , , 
27.4735385, -0.0043641, , , , , , , 27.4735385, -0.010071, , , , , , , 27.4735385, -0.0057069, , , , , , , 27.4735385, 0.0345769, , , , , , , , , , , , , , , , , , , , , , , , , , , , 
27.4740577, -0.008896, , , , , , , 27.4740577, -0.0082246, , , , , , , 27.4740577, -0.0015106, , , , , , , 27.4740577, 0.0364233, , , , , , , , , , , , , , , , , , , , , , , , , , , , 
27.4745769, -0.0105745, , , , , , , 27.4745769, -0.0082246, , , , , , , 27.4745769, 0.0001678, , , , , , , 27.4745769, 0.0386053, , , , , , , , , , , , , , , , , , , , , , , , , , , , 
27.4750962, -0.0095674, , , , , , , 27.4750962, -0.0095674, , , , , , , 27.4750962, -0.0015106, , , , , , , 27.4750962, 0.0391089, , , , , , , , , , , , , , , , , , , , , , , , , , , , 
27.4756154, -0.0048676, , , , , , , 27.4756154, -0.0095674, , , , , , , 27.4756154, -0.0035248, , , , , , , 27.4756154, 0.0377661, , , , , , , , , , , , , , , , , , , , , , , , , , , , 
27.4761346, 0.0008392, , , , , , , 27.4761346, -0.0082246, , , , , , , 27.4761346, -0.0041962, , , , , , , 27.4761346, 0.0342412, , , , , , , , , , , , , , , , , , , , , , , , , , , , 
27.4766538, 0.0023499, , , , , , , 27.4766538, -0.0092317, , , , , , , 27.4766538, -0.002182, , , , , , , 27.4766538, 0.027863, , , , , , , , , , , , , , , , , , , , , , , , , , , , 
27.4771731, 0.002182, , , , , , , 27.4771731, -0.0083925, , , , , , , 27.4771731, -0.0008392, , , , , , , 27.4771731, 0.0226596, , , , , , , , , , , , , , , , , , , , , , , , , , , , 
27.4776923, 0.0063783, , , , , , , 27.4776923, -0.0075532, , , , , , , 27.4776923, -0.0015106, , , , , , , 27.4776923, 0.0213169, , , , , , , , , , , , , , , , , , , , , , , , , , , , 
27.4782115, 0.0105745, , , , , , , 27.4782115, -0.0075532, , , , , , , 27.4782115, -0.0031891, , , , , , , 27.4782115, 0.0213169, , , , , , , , , , , , , , , , , , , , , , , , , , , , 
27.4787308, 0.0129244, , , , , , , 27.4787308, -0.0058747, , , , , , , 27.4787308, -0.0048676, , , , , , , 27.4787308, 0.0196384, , , , , , , , , , , , , , , , , , , , , , , , , , , , 
27.47925, 0.0146029, , , , , , , 27.47925, -0.005539, , , , , , , 27.47925, -0.0065461, , , , , , , 27.47925, 0.0162814, , , , , , , , , , , , , , , , , , , , , , , , , , , , 
27.4797692, 0.0159457, , , , , , , 27.4797692, -0.005539, , , , , , , 27.4797692, -0.0068818, , , , , , , 27.4797692, 0.0159457, , , , , , , , , , , , , , , , , , , , , , , , , , , , 
27.4802885, 0.0209812, , , , , , , 27.4802885, -0.0050355, , , , , , , 27.4802885, -0.0075532, , , , , , , 27.4802885, 0.0135958, , , , , , , , , , , , , , , , , , , , , , , , , , , , 
27.4808077, 0.0203098, , , , , , , 27.4808077, -0.0068818, , , , , , , 27.4808077, -0.0083925, , , , , , , 27.4808077, 0.0115816, , , , , , , , , , , , , , , , , , , , , , , , , , , , 
27.4813269, 0.0193027, , , , , , , 27.4813269, -0.0078889, , , , , , , 27.4813269, -0.0095674, , , , , , , 27.4813269, 0.0099031, , , , , , , , , , , , , , , , , , , , , , , , , , , , 
27.4818462, 0.0206455, , , , , , , 27.4818462, -0.0072175, , , , , , , 27.4818462, -0.0082246, , , , , , , 27.4818462, 0.0075532, , , , , , , , , , , , , , , , , , , , , , , , , , , , 
27.4823654, 0.0213169, , , , , , , 27.4823654, -0.0058747, , , , , , , 27.4823654, -0.0062104, , , , , , , 27.4823654, 0.0057069, , , , , , , , , , , , , , , , , , , , , , , , , , , , 
27.4828846, 0.0226596, , , , , , , 27.4828846, -0.0058747, , , , , , , 27.4828846, -0.005539, , , , , , , 27.4828846, 0.0045319, , , , , , , , , , , , , , , , , , , , , , , , , , , , 
27.4834038, 0.0226596, , , , , , , 27.4834038, -0.0075532, , , , , , , 27.4834038, -0.0075532, , , , , , , 27.4834038, 0.0045319, , , , , , , , , , , , , , , , , , , , , , , , , , , , 
27.4839231, 0.0246738, , , , , , , 27.4839231, -0.0092317, , , , , , , 27.4839231, -0.0083925, , , , , , , 27.4839231, 0.0072175, , , , , , , , , , , , , , , , , , , , , , , , , , , , 
27.4844423, 0.0273594, , , , , , , 27.4844423, -0.0102388, , , , , , , 27.4844423, -0.0070497, , , , , , , 27.4844423, 0.0085603, , , , , , , , , , , , , , , , , , , , , , , , , , , , 
27.4849615, 0.026688, , , , , , , 27.4849615, -0.0109102, , , , , , , 27.4849615, -0.0065461, , , , , , , 27.4849615, 0.0062104, , , , , , , , , , , , , , , , , , , , , , , , , , , , 
27.4854808, 0.0240024, , , , , , , 27.4854808, -0.0115816, , , , , , , 27.4854808, -0.0075532, , , , , , , 27.4854808, 0.0008392, , , , , , , , , , , , , , , , , , , , , , , , , , , , 
27.486, 0.0226596, , , , , , , 27.486, -0.0115816, , , , , , , 27.486, -0.0082246, , , , , , , 27.486, -0.005539, , , , , , , , , , , , , , , , , , , , , , , , , , , , 
27.4865192, 0.0223239, , , , , , , 27.4865192, -0.0109102, , , , , , , 27.4865192, -0.0085603, , , , , , , 27.4865192, -0.0102388, , , , , , , , , , , , , , , , , , , , , , , , , , , , 
27.4870385, 0.0236667, , , , , , , 27.4870385, -0.0099031, , , , , , , 27.4870385, -0.0095674, , , , , , , 27.4870385, -0.0085603, , , , , , , , , , , , , , , , , , , , , , , , , , , , 
27.4875577, 0.0273594, , , , , , , 27.4875577, -0.0102388, , , , , , , 27.4875577, -0.0102388, , , , , , , 27.4875577, -0.0052033, , , , , , , , , , , , , , , , , , , , , , , , , , , , 
27.4880769, 0.0280308, , , , , , , 27.4880769, -0.0115816, , , , , , , 27.4880769, -0.0112459, , , , , , , 27.4880769, -0.0041962, , , , , , , , , , , , , , , , , , , , , , , , , , , , 
27.4885962, 0.0250095, , , , , , , 27.4885962, -0.0102388, , , , , , , 27.4885962, -0.0112459, , , , , , , 27.4885962, -0.0038605, , , , , , , , , , , , , , , , , , , , , , , , , , , , 
27.4891154, 0.0253452, , , , , , , 27.4891154, -0.0082246, , , , , , , 27.4891154, -0.0095674, , , , , , , 27.4891154, 0.0005035, , , , , , , , , , , , , , , , , , , , , , , , , , , , 
27.4896346, 0.0280308, , , , , , , 27.4896346, -0.0085603, , , , , , , 27.4896346, -0.0090639, , , , , , , 27.4896346, 0.0072175, , , , , , , , , , , , , , , , , , , , , , , , , , , , 
27.4901538, 0.0226596, , , , , , , 27.4901538, -0.0095674, , , , , , , 27.4901538, -0.0085603, , , , , , , 27.4901538, 0.011078, , , , , , , , , , , , , , , , , , , , , , , , , , , , 
27.4906731, 0.0117494, , , , , , , 27.4906731, -0.0097353, , , , , , , 27.4906731, -0.0068818, , , , , , , 27.4906731, 0.0105745, , , , , , , , , , , , , , , , , , , , , , , , , , , , 
27.4911923, 0.0062104, , , , , , , 27.4911923, -0.0099031, , , , , , , 27.4911923, -0.0050355, , , , , , , 27.4911923, 0.0119173, , , , , , , , , , , , , , , , , , , , , , , , , , , , 
27.4917115, 0.0052033, , , , , , , 27.4917115, -0.0105745, , , , , , , 27.4917115, -0.0062104, , , , , , , 27.4917115, 0.01561, , , , , , , , , , , , , , , , , , , , , , , , , , , , 
27.4922308, -0.0008392, , , , , , , 27.4922308, -0.0082246, , , , , , , 27.4922308, -0.0068818, , , , , , , 27.4922308, 0.0203098, , , , , , , , , , , , , , , , , , , , , , , , , , , , 
27.49275, -0.012253, , , , , , , 27.49275, -0.005539, , , , , , , 27.49275, -0.0048676, , , , , , , 27.49275, 0.0250095, , , , , , , , , , , , , , , , , , , , , , , , , , , , 
27.4932692, -0.0162814, , , , , , , 27.4932692, -0.0048676, , , , , , , 27.4932692, -0.0041962, , , , , , , 27.4932692, 0.026688, , , , , , , , , , , , , , , , , , , , , , , , , , , , 
27.4937885, -0.0124208, , , , , , , 27.4937885, -0.0062104, , , , , , , 27.4937885, -0.0041962, , , , , , , 27.4937885, 0.0280308, , , , , , , , , , , , , , , , , , , , , , , , , , , , 
27.4943077, -0.0129244, , , , , , , 27.4943077, -0.0068818, , , , , , , 27.4943077, -0.0028534, , , , , , , 27.4943077, 0.03122, , , , , , , , , , , , , , , , , , , , , , , , , , , , 
27.4948269, -0.012253, , , , , , , 27.4948269, -0.0068818, , , , , , , 27.4948269, -0.0018463, , , , , , , 27.4948269, 0.0360876, , , , , , , , , , , , , , , , , , , , , , , , , , , , 
27.4953462, -0.0095674, , , , , , , 27.4953462, -0.0068818, , , , , , , 27.4953462, -0.002182, , , , , , , 27.4953462, 0.0357519, , , , , , , , , , , , , , , , , , , , , , , , , , , , 
27.4958654, -0.0095674, , , , , , , 27.4958654, -0.0065461, , , , , , , 27.4958654, -0.0038605, , , , , , , 27.4958654, 0.0313878, , , , , , , , , , , , , , , , , , , , , , , , , , , , 
27.4963846, -0.0035248, , , , , , , 27.4963846, -0.0052033, , , , , , , 27.4963846, -0.0038605, , , , , , , 27.4963846, 0.0263523, , , , , , , , , , , , , , , , , , , , , , , , , , , , 
27.4969038, 0.0085603, , , , , , , 27.4969038, -0.0030213, , , , , , , 27.4969038, -0.0048676, , , , , , , 27.4969038, 0.0203098, , , , , , , , , , , , , , , , , , , , , , , , , , , , 
27.4974231, 0.0151064, , , , , , , 27.4974231, -0.0031891, , , , , , , 27.4974231, -0.0077211, , , , , , , 27.4974231, 0.0166171, , , , , , , , , , , , , , , , , , , , , , , , , , , , 
27.4979423, 0.0146029, , , , , , , 27.4979423, -0.0062104, , , , , , , 27.4979423, -0.008896, , , , , , , 27.4979423, 0.0146029, , , , , , , , , , , , , , , , , , , , , , , , , , , , 
27.4984615, 0.012253, , , , , , , 27.4984615, -0.0085603, , , , , , , 27.4984615, -0.0085603, , , , , , , 27.4984615, 0.0109102, , , , , , , , , , , , , , , , , , , , , , , , , , , , 
27.4989808, 0.0119173, , , , , , , 27.4989808, -0.0078889, , , , , , , 27.4989808, -0.0095674, , , , , , , 27.4989808, 0.008896, , , , , , , , , , , , , , , , , , , , , , , , , , , , 
27.4995, 0.0124208, , , , , , , 27.4995, -0.0072175, , , , , , , 27.4995, -0.0109102, , , , , , , 27.4995, 0.0072175, , , , , , , , , , , , , , , , , , , , , , , , , , , , 
27.5000192, 0.0129244, , , , , , , 27.5000192, -0.0082246, , , , , , , 27.5000192, -0.0129244, , , , , , , 27.5000192, 0.0048676, , , , , , , , , , , , , , , , , , , , , , , , , , , , 
27.5005385, 0.0159457, , , , , , , 27.5005385, -0.0085603, , , , , , , 27.5005385, -0.0117494, , , , , , , 27.5005385, 0.0001678, , , , , , , , , , , , , , , , , , , , , , , , , , , , 
27.5010577, 0.0204776, , , , , , , 27.5010577, -0.0092317, , , , , , , 27.5010577, -0.0115816, , , , , , , 27.5010577, -0.0008392, , , , , , , , , , , , , , , , , , , , , , , , , , , , 
27.5015769, 0.0226596, , , , , , , 27.5015769, -0.008896, , , , , , , 27.5015769, -0.012253, , , , , , , 27.5015769, 0.0005035, , , , , , , , , , , , , , , , , , , , , , , , , , , , 
27.5020962, 0.0206455, , , , , , , 27.5020962, -0.0083925, , , , , , , 27.5020962, -0.0115816, , , , , , , 27.5020962, 0.0018463, , , , , , , , , , , , , , , , , , , , , , , , , , , , 
27.5026154, 0.0196384, , , , , , , 27.5026154, -0.0085603, , , , , , , 27.5026154, -0.0105745, , , , , , , 27.5026154, 0.002182, , , , , , , , , , , , , , , , , , , , , , , , , , , , 
27.5031346, 0.0186313, , , , , , , 27.5031346, -0.008896, , , , , , , 27.5031346, -0.0102388, , , , , , , 27.5031346, 0.0015106, , , , , , , , , , , , , , , , , , , , , , , , , , , , 
27.5036538, 0.0166171, , , , , , , 27.5036538, -0.0078889, , , , , , , 27.5036538, -0.0112459, , , , , , , 27.5036538, 0.0011749, , , , , , , , , , , , , , , , , , , , , , , , , , , , 
27.5041731, 0.0169528, , , , , , , 27.5041731, -0.008896, , , , , , , 27.5041731, -0.0109102, , , , , , , 27.5041731, 0.0035248, , , , , , , , , , , , , , , , , , , , , , , , , , , , 
27.5046923, 0.0171206, , , , , , , 27.5046923, -0.0092317, , , , , , , 27.5046923, -0.0109102, , , , , , , 27.5046923, 0.0072175, , , , , , , , , , , , , , , , , , , , , , , , , , , , 
27.5052115, 0.018967, , , , , , , 27.5052115, -0.0078889, , , , , , , 27.5052115, -0.0102388, , , , , , , 27.5052115, 0.0099031, , , , , , , , , , , , , , , , , , , , , , , , , , , , 
27.5057308, 0.0238346, , , , , , , 27.5057308, -0.0045319, , , , , , , 27.5057308, -0.0099031, , , , , , , 27.5057308, 0.0058747, , , , , , , , , , , , , , , , , , , , , , , , , , , , 
27.50625, 0.023331, , , , , , , 27.50625, -0.0028534, , , , , , , 27.50625, -0.011078, , , , , , , 27.50625, -0.0015106, , , , , , , , , , , , , , , , , , , , , , , , , , , , 
27.5067692, 0.0223239, , , , , , , 27.5067692, -0.0028534, , , , , , , 27.5067692, -0.0139315, , , , , , , 27.5067692, -0.0062104, , , , , , , , , , , , , , , , , , , , , , , , , , , , 
27.5072885, 0.0246738, , , , , , , 27.5072885, -0.0048676, , , , , , , 27.5072885, -0.0137636, , , , , , , 27.5072885, -0.005539, , , , , , , , , , , , , , , , , , , , , , , , , , , , 
27.5078077, 0.0260166, , , , , , , 27.5078077, -0.0062104, , , , , , , 27.5078077, -0.0112459, , , , , , , 27.5078077, -0.0035248, , , , , , , , , , , , , , , , , , , , , , , , , , , , 
27.5083269, 0.0280308, , , , , , , 27.5083269, -0.0062104, , , , , , , 27.5083269, -0.0095674, , , , , , , 27.5083269, -0.0041962, , , , , , , , , , , , , , , , , , , , , , , , , , , , 
27.5088462, 0.0250095, , , , , , , 27.5088462, -0.0068818, , , , , , , 27.5088462, -0.0102388, , , , , , , 27.5088462, -0.0023499, , , , , , , , , , , , , , , , , , , , , , , , , , , , 
27.5093654, 0.017792, , , , , , , 27.5093654, -0.0075532, , , , , , , 27.5093654, -0.0124208, , , , , , , 27.5093654, 0.0035248, , , , , , , , , , , , , , , , , , , , , , , , , , , , 
27.5098846, 0.0124208, , , , , , , 27.5098846, -0.0068818, , , , , , , 27.5098846, -0.0137636, , , , , , , 27.5098846, 0.0099031, , , , , , , , , , , , , , , , , , , , , , , , , , , , 
27.5104038, 0.0085603, , , , , , , 27.5104038, -0.0065461, , , , , , , 27.5104038, -0.0112459, , , , , , , 27.5104038, 0.0146029, , , , , , , , , , , , , , , , , , , , , , , , , , , , 
27.5109231, 0.0058747, , , , , , , 27.5109231, -0.0072175, , , , , , , 27.5109231, -0.0068818, , , , , , , 27.5109231, 0.018967, , , , , , , , , , , , , , , , , , , , , , , , , , , , 
27.5114423, 0.0065461, , , , , , , 27.5114423, -0.0093996, , , , , , , 27.5114423, -0.0050355, , , , , , , 27.5114423, 0.0216526, , , , , , , , , , , , , , , , , , , , , , , , , , , , 
27.5119615, 0.0072175, , , , , , , 27.5119615, -0.0102388, , , , , , , 27.5119615, -0.0062104, , , , , , , 27.5119615, 0.0238346, , , , , , , , , , , , , , , , , , , , , , , , , , , , 
27.5124808, 0.0025177, , , , , , , 27.5124808, -0.0115816, , , , , , , 27.5124808, -0.0057069, , , , , , , 27.5124808, 0.0270237, , , , , , , , , , , , , , , , , , , , , , , , , , , , 
27.513, -0.0052033, , , , , , , 27.513, -0.012253, , , , , , , 27.513, -0.005539, , , , , , , 27.513, 0.0320592, , , , , , , , , , , , , , , , , , , , , , , , , , , , 
27.5135192, -0.0124208, , , , , , , 27.5135192, -0.0115816, , , , , , , 27.5135192, -0.0062104, , , , , , , 27.5135192, 0.036759, , , , , , , , , , , , , , , , , , , , , , , , , , , , 
27.5140385, -0.0135958, , , , , , , 27.5140385, -0.0105745, , , , , , , 27.5140385, -0.005539, , , , , , , 27.5140385, 0.0387732, , , , , , , , , , , , , , , , , , , , , , , , , , , , 
27.5145577, -0.0124208, , , , , , , 27.5145577, -0.0099031, , , , , , , 27.5145577, -0.0045319, , , , , , , 27.5145577, 0.040116, , , , , , , , , , , , , , , , , , , , , , , , , , , , 
27.5150769, -0.0137636, , , , , , , 27.5150769, -0.0109102, , , , , , , 27.5150769, -0.0068818, , , , , , , 27.5150769, 0.0407874, , , , , , , , , , , , , , , , , , , , , , , , , , , , 
27.5155962, -0.0162814, , , , , , , 27.5155962, -0.0109102, , , , , , , 27.5155962, -0.0082246, , , , , , , 27.5155962, 0.0384375, , , , , , , , , , , , , , , , , , , , , , , , , , , , 
27.5161154, -0.0149386, , , , , , , 27.5161154, -0.0109102, , , , , , , 27.5161154, -0.0065461, , , , , , , 27.5161154, 0.033402, , , , , , , , , , , , , , , , , , , , , , , , , , , , 
27.5166346, -0.0099031, , , , , , , 27.5166346, -0.0095674, , , , , , , 27.5166346, -0.005539, , , , , , , 27.5166346, 0.0280308, , , , , , , , , , , , , , , , , , , , , , , , , , , , 
27.5171538, -0.0025177, , , , , , , 27.5171538, -0.0082246, , , , , , , 27.5171538, -0.0048676, , , , , , , 27.5171538, 0.0243381, , , , , , , , , , , , , , , , , , , , , , , , , , , , 
27.5176731, 0.0031891, , , , , , , 27.5176731, -0.0072175, , , , , , , 27.5176731, -0.0065461, , , , , , , 27.5176731, 0.0209812, , , , , , , , , , , , , , , , , , , , , , , , , , , , 
27.5181923, 0.008896, , , , , , , 27.5181923, -0.0048676, , , , , , , 27.5181923, -0.0075532, , , , , , , 27.5181923, 0.0172885, , , , , , , , , , , , , , , , , , , , , , , , , , , , 
27.5187115, 0.0125887, , , , , , , 27.5187115, -0.005539, , , , , , , 27.5187115, -0.0070497, , , , , , , 27.5187115, 0.0169528, , , , , , , , , , , , , , , , , , , , , , , , , , , , 
27.5192308, 0.0119173, , , , , , , 27.5192308, -0.0075532, , , , , , , 27.5192308, -0.0050355, , , , , , , 27.5192308, 0.0162814, , , , , , , , , , , , , , , , , , , , , , , , , , , , 
27.51975, 0.0099031, , , , , , , 27.51975, -0.0085603, , , , , , , 27.51975, -0.0041962, , , , , , , 27.51975, 0.0132601, , , , , , , , , , , , , , , , , , , , , , , , , , , , 
27.5202692, 0.0142672, , , , , , , 27.5202692, -0.0075532, , , , , , , 27.5202692, -0.0063783, , , , , , , 27.5202692, 0.0097353, , , , , , , , , , , , , , , , , , , , , , , , , , , , 
27.5207885, 0.0216526, , , , , , , 27.5207885, -0.0048676, , , , , , , 27.5207885, -0.008896, , , , , , , 27.5207885, 0.0065461, , , , , , , , , , , , , , , , , , , , , , , , , , , , 
27.5213077, 0.0219883, , , , , , , 27.5213077, -0.0062104, , , , , , , 27.5213077, -0.0078889, , , , , , , 27.5213077, 0.0068818, , , , , , , , , , , , , , , , , , , , , , , , , , , , 
27.5218269, 0.0191348, , , , , , , 27.5218269, -0.008896, , , , , , , 27.5218269, -0.0077211, , , , , , , 27.5218269, 0.0078889, , , , , , , , , , , , , , , , , , , , , , , , , , , , 
27.5223462, 0.0186313, , , , , , , 27.5223462, -0.008896, , , , , , , 27.5223462, -0.008896, , , , , , , 27.5223462, 0.0052033, , , , , , , , , , , , , , , , , , , , , , , , , , , , 
27.5228654, 0.0196384, , , , , , , 27.5228654, -0.0068818, , , , , , , 27.5228654, -0.0092317, , , , , , , 27.5228654, 0.0018463, , , , , , , , , , , , , , , , , , , , , , , , , , , , 
27.5233846, 0.0246738, , , , , , , 27.5233846, -0.0062104, , , , , , , 27.5233846, -0.0082246, , , , , , , 27.5233846, 0.0008392, , , , , , , , , , , , , , , , , , , , , , , , , , , , 
27.5239038, 0.026688, , , , , , , 27.5239038, -0.0082246, , , , , , , 27.5239038, -0.0072175, , , , , , , 27.5239038, 0.0006714, , , , , , , , , , , , , , , , , , , , , , , , , , , , 
27.5244231, 0.0226596, , , , , , , 27.5244231, -0.0095674, , , , , , , 27.5244231, -0.0065461, , , , , , , 27.5244231, 0.0005035, , , , , , , , , , , , , , , , , , , , , , , , , , , , 
27.5249423, 0.0166171, , , , , , , 27.5249423, -0.0082246, , , , , , , 27.5249423, -0.0068818, , , , , , , 27.5249423, 0.0015106, , , , , , , , , , , , , , , , , , , , , , , , , , , , 
27.5254615, 0.0169528, , , , , , , 27.5254615, -0.008896, , , , , , , 27.5254615, -0.0082246, , , , , , , 27.5254615, 0.0011749, , , , , , , , , , , , , , , , , , , , , , , , , , , , 
27.5259808, 0.0218204, , , , , , , 27.5259808, -0.0095674, , , , , , , 27.5259808, -0.0078889, , , , , , , 27.5259808, -0.0001678, , , , , , , , , , , , , , , , , , , , , , , , , , , , 
27.5265, 0.0307164, , , , , , , 27.5265, -0.0075532, , , , , , , 27.5265, -0.0065461, , , , , , , 27.5265, -0.0005035, , , , , , , , , , , , , , , , , , , , , , , , , , , , 
27.5270192, 0.0431373, , , , , , , 27.5270192, -0.005539, , , , , , , 27.5270192, -0.0048676, , , , , , , 27.5270192, -0.002182, , , , , , , , , , , , , , , , , , , , , , , , , , , , 
27.5275385, 0.0461585, , , , , , , 27.5275385, -0.005539, , , , , , , 27.5275385, -0.0041962, , , , , , , 27.5275385, -0.0045319, , , , , , , , , , , , , , , , , , , , , , , , , , , , 
27.5280577, 0.0421302, , , , , , , 27.5280577, -0.0068818, , , , , , , 27.5280577, -0.005539, , , , , , , 27.5280577, -0.005539, , , , , , , , , , , , , , , , , , , , , , , , , , , , 
27.5285769, 0.0370947, , , , , , , 27.5285769, -0.0068818, , , , , , , 27.5285769, -0.0072175, , , , , , , 27.5285769, -0.0062104, , , , , , , , , , , , , , , , , , , , , , , , , , , , 
27.5290962, 0.033402, , , , , , , 27.5290962, -0.0070497, , , , , , , 27.5290962, -0.008896, , , , , , , 27.5290962, -0.0045319, , , , , , , , , , , , , , , , , , , , , , , , , , , , 
27.5296154, 0.026688, , , , , , , 27.5296154, -0.0072175, , , , , , , 27.5296154, -0.0099031, , , , , , , 27.5296154, 0.0008392, , , , , , , , , , , , , , , , , , , , , , , , , , , , 
27.5301346, 0.0172885, , , , , , , 27.5301346, -0.0082246, , , , , , , 27.5301346, -0.0082246, , , , , , , 27.5301346, 0.005539, , , , , , , , , , , , , , , , , , , , , , , , , , , , 
27.5306538, 0.0132601, , , , , , , 27.5306538, -0.0099031, , , , , , , 27.5306538, -0.0058747, , , , , , , 27.5306538, 0.0105745, , , , , , , , , , , , , , , , , , , , , , , , , , , , 
27.5311731, 0.0159457, , , , , , , 27.5311731, -0.0105745, , , , , , , 27.5311731, -0.0075532, , , , , , , 27.5311731, 0.0151064, , , , , , , , , , , , , , , , , , , , , , , , , , , , 
27.5316923, 0.0152743, , , , , , , 27.5316923, -0.008896, , , , , , , 27.5316923, -0.0082246, , , , , , , 27.5316923, 0.0199741, , , , , , , , , , , , , , , , , , , , , , , , , , , , 
27.5322115, 0.0099031, , , , , , , 27.5322115, -0.0085603, , , , , , , 27.5322115, -0.0058747, , , , , , , 27.5322115, 0.0263523, , , , , , , , , , , , , , , , , , , , , , , , , , , , 
27.5327308, 0.0041962, , , , , , , 27.5327308, -0.0097353, , , , , , , 27.5327308, -0.002182, , , , , , , 27.5327308, 0.0310521, , , , , , , , , , , , , , , , , , , , , , , , , , , , 
27.53325, 0.0058747, , , , , , , 27.53325, -0.0102388, , , , , , , 27.53325, -0.0008392, , , , , , , 27.53325, 0.0354162, , , , , , , , , , , , , , , , , , , , , , , , , , , , 
27.5337692, 0.0078889, , , , , , , 27.5337692, -0.0102388, , , , , , , 27.5337692, -0.0025177, , , , , , , 27.5337692, 0.040116, , , , , , , , , , , , , , , , , , , , , , , , , , , , 
27.5342885, 0.0058747, , , , , , , 27.5342885, -0.0099031, , , , , , , 27.5342885, -0.0028534, , , , , , , 27.5342885, 0.0426337, , , , , , , , , , , , , , , , , , , , , , , , , , , , 
27.5348077, -0.005539, , , , , , , 27.5348077, -0.0102388, , , , , , , 27.5348077, -0.0035248, , , , , , , 27.5348077, 0.0414588, , , , , , , , , , , , , , , , , , , , , , , , , , , , 
27.5353269, -0.0139315, , , , , , , 27.5353269, -0.0102388, , , , , , , 27.5353269, -0.0045319, , , , , , , 27.5353269, 0.0394446, , , , , , , , , , , , , , , , , , , , , , , , , , , , 
27.5358462, -0.011078, , , , , , , 27.5358462, -0.0095674, , , , , , , 27.5358462, -0.0050355, , , , , , , 27.5358462, 0.0360876, , , , , , , , , , , , , , , , , , , , , , , , , , , , 
27.5363654, -0.0035248, , , , , , , 27.5363654, -0.008896, , , , , , , 27.5363654, -0.0035248, , , , , , , 27.5363654, 0.0293736, , , , , , , , , , , , , , , , , , , , , , , , , , , , 
27.5368846, 0.0028534, , , , , , , 27.5368846, -0.0082246, , , , , , , 27.5368846, -0.0018463, , , , , , , 27.5368846, 0.023331, , , , , , , , , , , , , , , , , , , , , , , , , , , , 
27.5374038, 0.0030213, , , , , , , 27.5374038, -0.0075532, , , , , , , 27.5374038, -0.0018463, , , , , , , 27.5374038, 0.0176242, , , , , , , , , , , , , , , , , , , , , , , , , , , , 
27.5379231, 0.0015106, , , , , , , 27.5379231, -0.0068818, , , , , , , 27.5379231, -0.0038605, , , , , , , 27.5379231, 0.0146029, , , , , , , , , , , , , , , , , , , , , , , , , , , , 
27.5384423, 0.0085603, , , , , , , 27.5384423, -0.0072175, , , , , , , 27.5384423, -0.005539, , , , , , , 27.5384423, 0.0139315, , , , , , , , , , , , , , , , , , , , , , , , , , , , 
27.5389615, 0.0152743, , , , , , , 27.5389615, -0.0072175, , , , , , , 27.5389615, -0.0062104, , , , , , , 27.5389615, 0.0125887, , , , , , , , , , , , , , , , , , , , , , , , , , , , 
27.5394808, 0.0159457, , , , , , , 27.5394808, -0.005539, , , , , , , 27.5394808, -0.0075532, , , , , , , 27.5394808, 0.0112459, , , , , , , , , , , , , , , , , , , , , , , , , , , , 
27.54, 0.0159457, , , , , , , 27.54, -0.0048676, , , , , , , 27.54, -0.0109102, , , , , , , 27.54, 0.0085603, , , , , , , , , , , , , , , , , , , , , , , , , , , , 
27.5405192, 0.0172885, , , , , , , 27.5405192, -0.0068818, , , , , , , 27.5405192, -0.0119173, , , , , , , 27.5405192, 0.005539, , , , , , , , , , , , , , , , , , , , , , , , , , , , 
27.5410385, 0.0169528, , , , , , , 27.5410385, -0.008896, , , , , , , 27.5410385, -0.0104067, , , , , , , 27.5410385, 0.0052033, , , , , , , , , , , , , , , , , , , , , , , , , , , , 
27.5415577, 0.0193027, , , , , , , 27.5415577, -0.0090639, , , , , , , 27.5415577, -0.0097353, , , , , , , 27.5415577, 0.0060426, , , , , , , , , , , , , , , , , , , , , , , , , , , , 
27.5420769, 0.0229953, , , , , , , 27.5420769, -0.0082246, , , , , , , 27.5420769, -0.0087282, , , , , , , 27.5420769, 0.005539, , , , , , , , , , , , , , , , , , , , , , , , , , , , 
27.5425962, 0.0213169, , , , , , , 27.5425962, -0.0075532, , , , , , , 27.5425962, -0.0085603, , , , , , , 27.5425962, 0.0043641, , , , , , , , , , , , , , , , , , , , , , , , , , , , 
27.5431154, 0.018967, , , , , , , 27.5431154, -0.0060426, , , , , , , 27.5431154, -0.0115816, , , , , , , 27.5431154, 0.0058747, , , , , , , , , , , , , , , , , , , , , , , , , , , , 
27.5436346, 0.018967, , , , , , , 27.5436346, -0.0058747, , , , , , , 27.5436346, -0.0142672, , , , , , , 27.5436346, 0.0099031, , , , , , , , , , , , , , , , , , , , , , , , , , , , 
27.5441538, 0.0199741, , , , , , , 27.5441538, -0.005539, , , , , , , 27.5441538, -0.0129244, , , , , , , 27.5441538, 0.011078, , , , , , , , , , , , , , , , , , , , , , , , , , , , 
27.5446731, 0.0238346, , , , , , , 27.5446731, -0.0048676, , , , , , , 27.5446731, -0.0115816, , , , , , , 27.5446731, 0.0083925, , , , , , , , , , , , , , , , , , , , , , , , , , , , 
27.5451923, 0.0260166, , , , , , , 27.5451923, -0.0048676, , , , , , , 27.5451923, -0.0135958, , , , , , , 27.5451923, 0.0038605, , , , , , , , , , , , , , , , , , , , , , , , , , , , 
27.5457115, 0.026688, , , , , , , 27.5457115, -0.0041962, , , , , , , 27.5457115, -0.0152743, , , , , , , 27.5457115, -0.0001678, , , , , , , , , , , , , , , , , , , , , , , , , , , , 
27.5462308, 0.0305486, , , , , , , 27.5462308, -0.0048676, , , , , , , 27.5462308, -0.0139315, , , , , , , 27.5462308, -0.0046998, , , , , , , , , , , , , , , , , , , , , , , , , , , , 
27.54675, 0.0320592, , , , , , , 27.54675, -0.0045319, , , , , , , 27.54675, -0.0119173, , , , , , , 27.54675, -0.0068818, , , , , , , , , , , , , , , , , , , , , , , , , , , , 
27.5472692, 0.0347448, , , , , , , 27.5472692, -0.0045319, , , , , , , 27.5472692, -0.0095674, , , , , , , 27.5472692, -0.005539, , , , , , , , , , , , , , , , , , , , , , , , , , , , 
27.5477885, 0.0411231, , , , , , , 27.5477885, -0.005539, , , , , , , 27.5477885, -0.0075532, , , , , , , 27.5477885, -0.0035248, , , , , , , , , , , , , , , , , , , , , , , , , , , , 
27.5483077, 0.040116, , , , , , , 27.5483077, -0.0062104, , , , , , , 27.5483077, -0.0097353, , , , , , , 27.5483077, -0.0030213, , , , , , , , , , , , , , , , , , , , , , , , , , , , 
27.5488269, 0.0350805, , , , , , , 27.5488269, -0.0075532, , , , , , , 27.5488269, -0.0132601, , , , , , , 27.5488269, -0.0015106, , , , , , , , , , , , , , , , , , , , , , , , , , , , 
27.5493462, 0.0297093, , , , , , , 27.5493462, -0.0095674, , , , , , , 27.5493462, -0.0129244, , , , , , , 27.5493462, 0.0015106, , , , , , , , , , , , , , , , , , , , , , , , , , , , 
27.5498654, 0.0226596, , , , , , , 27.5498654, -0.0095674, , , , , , , 27.5498654, -0.0109102, , , , , , , 27.5498654, 0.0038605, , , , , , , , , , , , , , , , , , , , , , , , , , , , 
27.5503846, 0.0139315, , , , , , , 27.5503846, -0.0083925, , , , , , , 27.5503846, -0.0072175, , , , , , , 27.5503846, 0.0077211, , , , , , , , , , , , , , , , , , , , , , , , , , , , 
27.5509038, 0.0078889, , , , , , , 27.5509038, -0.0072175, , , , , , , 27.5509038, -0.0048676, , , , , , , 27.5509038, 0.0104067, , , , , , , , , , , , , , , , , , , , , , , , , , , , 
27.5514231, 0.0045319, , , , , , , 27.5514231, -0.0062104, , , , , , , 27.5514231, -0.0052033, , , , , , , 27.5514231, 0.0135958, , , , , , , , , , , , , , , , , , , , , , , , , , , , 
27.5519423, 0.0036927, , , , , , , 27.5519423, -0.0058747, , , , , , , 27.5519423, -0.0080568, , , , , , , 27.5519423, 0.0203098, , , , , , , , , , , , , , , , , , , , , , , , , , , , 
27.5524615, 0.0018463, , , , , , , 27.5524615, -0.0052033, , , , , , , 27.5524615, -0.0102388, , , , , , , 27.5524615, 0.0250095, , , , , , , , , , , , , , , , , , , , , , , , , , , , 
27.5529808, -0.0016785, , , , , , , 27.5529808, -0.005539, , , , , , , 27.5529808, -0.0095674, , , , , , , 27.5529808, 0.0280308, , , , , , , , , , , , , , , , , , , , , , , , , , , , 
27.5535, -0.002182, , , , , , , 27.5535, -0.0048676, , , , , , , 27.5535, -0.0057069, , , , , , , 27.5535, 0.033402, , , , , , , , , , , , , , , , , , , , , , , , , , , , 
27.5540192, -0.0041962, , , , , , , 27.5540192, -0.0035248, , , , , , , 27.5540192, -0.0035248, , , , , , , 27.5540192, 0.0374304, , , , , , , , , , , , , , , , , , , , , , , , , , , , 
27.5545385, -0.0082246, , , , , , , 27.5545385, -0.0035248, , , , , , , 27.5545385, -0.0041962, , , , , , , 27.5545385, 0.0387732, , , , , , , , , , , , , , , , , , , , , , , , , , , , 
27.5550577, -0.0115816, , , , , , , 27.5550577, -0.0041962, , , , , , , 27.5550577, -0.0043641, , , , , , , 27.5550577, 0.0387732, , , , , , , , , , , , , , , , , , , , , , , , , , , , 
27.5555769, -0.011078, , , , , , , 27.5555769, -0.0062104, , , , , , , 27.5555769, -0.0041962, , , , , , , 27.5555769, 0.0357519, , , , , , , , , , , , , , , , , , , , , , , , , , , , 
27.5560962, -0.0075532, , , , , , , 27.5560962, -0.008896, , , , , , , 27.5560962, -0.0031891, , , , , , , 27.5560962, 0.0297093, , , , , , , , , , , , , , , , , , , , , , , , , , , , 
27.5566154, -0.0028534, , , , , , , 27.5566154, -0.0082246, , , , , , , 27.5566154, -0.0038605, , , , , , , 27.5566154, 0.0224918, , , , , , , , , , , , , , , , , , , , , , , , , , , , 
27.5571346, 0.0030213, , , , , , , 27.5571346, -0.0075532, , , , , , , 27.5571346, -0.0048676, , , , , , , 27.5571346, 0.0179599, , , , , , , , , , , , , , , , , , , , , , , , , , , , 
27.5576538, 0.0092317, , , , , , , 27.5576538, -0.0085603, , , , , , , 27.5576538, -0.005539, , , , , , , 27.5576538, 0.0172885, , , , , , , , , , , , , , , , , , , , , , , , , , , , 
27.5581731, 0.0135958, , , , , , , 27.5581731, -0.008896, , , , , , , 27.5581731, -0.0060426, , , , , , , 27.5581731, 0.0172885, , , , , , , , , , , , , , , , , , , , , , , , , , , , 
27.5586923, 0.0166171, , , , , , , 27.5586923, -0.0099031, , , , , , , 27.5586923, -0.006714, , , , , , , 27.5586923, 0.0169528, , , , , , , , , , , , , , , , , , , , , , , , , , , , 
27.5592115, 0.0186313, , , , , , , 27.5592115, -0.0109102, , , , , , , 27.5592115, -0.0082246, , , , , , , 27.5592115, 0.0134279, , , , , , , , , , , , , , , , , , , , , , , , , , , , 
27.5597308, 0.0193027, , , , , , , 27.5597308, -0.0102388, , , , , , , 27.5597308, -0.0095674, , , , , , , 27.5597308, 0.0092317, , , , , , , , , , , , , , , , , , , , , , , , , , , , 
27.56025, 0.0179599, , , , , , , 27.56025, -0.0095674, , , , , , , 27.56025, -0.0077211, , , , , , , 27.56025, 0.0053712, , , , , , , , , , , , , , , , , , , , , , , , , , , , 
27.5607692, 0.0213169, , , , , , , 27.5607692, -0.0095674, , , , , , , 27.5607692, -0.0058747, , , , , , , 27.5607692, 0.0048676, , , , , , , , , , , , , , , , , , , , , , , , , , , , 
27.5612885, 0.0287022, , , , , , , 27.5612885, -0.0095674, , , , , , , 27.5612885, -0.005539, , , , , , , 27.5612885, 0.0048676, , , , , , , , , , , , , , , , , , , , , , , , , , , , 
27.5618077, 0.0261845, , , , , , , 27.5618077, -0.0092317, , , , , , , 27.5618077, -0.0075532, , , , , , , 27.5618077, 0.0058747, , , , , , , , , , , , , , , , , , , , , , , , , , , , 
27.5623269, 0.017792, , , , , , , 27.5623269, -0.008896, , , , , , , 27.5623269, -0.0083925, , , , , , , 27.5623269, 0.0078889, , , , , , , , , , , , , , , , , , , , , , , , , , , , 
27.5628462, 0.01561, , , , , , , 27.5628462, -0.0095674, , , , , , , 27.5628462, -0.0078889, , , , , , , 27.5628462, 0.0095674, , , , , , , , , , , , , , , , , , , , , , , , , , , , 
27.5633654, 0.0179599, , , , , , , 27.5633654, -0.0092317, , , , , , , 27.5633654, -0.008896, , , , , , , 27.5633654, 0.0095674, , , , , , , , , , , , , , , , , , , , , , , , , , , , 
27.5638846, 0.0196384, , , , , , , 27.5638846, -0.0075532, , , , , , , 27.5638846, -0.0109102, , , , , , , 27.5638846, 0.0085603, , , , , , , , , , , , , , , , , , , , , , , , , , , , 
27.5644038, 0.0194705, , , , , , , 27.5644038, -0.0048676, , , , , , , 27.5644038, -0.0105745, , , , , , , 27.5644038, 0.0090639, , , , , , , , , , , , , , , , , , , , , , , , , , , , 
27.5649231, 0.0169528, , , , , , , 27.5649231, -0.0038605, , , , , , , 27.5649231, -0.0082246, , , , , , , 27.5649231, 0.0085603, , , , , , , , , , , , , , , , , , , , , , , , , , , , 
27.5654423, 0.0119173, , , , , , , 27.5654423, -0.0045319, , , , , , , 27.5654423, -0.0072175, , , , , , , 27.5654423, 0.0038605, , , , , , , , , , , , , , , , , , , , , , , , , , , , 
27.5659615, 0.0125887, , , , , , , 27.5659615, -0.0062104, , , , , , , 27.5659615, -0.0065461, , , , , , , 27.5659615, -0.0015106, , , , , , , , , , , , , , , , , , , , , , , , , , , , 
27.5664808, 0.017792, , , , , , , 27.5664808, -0.005539, , , , , , , 27.5664808, -0.0062104, , , , , , , 27.5664808, -0.0038605, , , , , , , , , , , , , , , , , , , , , , , , , , , , 
27.567, 0.0216526, , , , , , , 27.567, -0.003357, , , , , , , 27.567, -0.0092317, , , , , , , 27.567, -0.005539, , , , , , , , , , , , , , , , , , , , , , , , , , , , 
27.5675192, 0.0223239, , , , , , , 27.5675192, -0.0041962, , , , , , , 27.5675192, -0.0125887, , , , , , , 27.5675192, -0.0082246, , , , , , , , , , , , , , , , , , , , , , , , , , , , 
27.5680385, 0.0226596, , , , , , , 27.5680385, -0.0063783, , , , , , , 27.5680385, -0.0135958, , , , , , , 27.5680385, -0.0104067, , , , , , , , , , , , , , , , , , , , , , , , , , , , 
27.5685577, 0.0213169, , , , , , , 27.5685577, -0.0062104, , , , , , , 27.5685577, -0.0129244, , , , , , , 27.5685577, -0.0102388, , , , , , , , , , , , , , , , , , , , , , , , , , , , 
27.5690769, 0.0196384, , , , , , , 27.5690769, -0.0052033, , , , , , , 27.5690769, -0.0109102, , , , , , , 27.5690769, -0.0092317, , , , , , , , , , , , , , , , , , , , , , , , , , , , 
27.5695962, 0.0179599, , , , , , , 27.5695962, -0.0058747, , , , , , , 27.5695962, -0.0102388, , , , , , , 27.5695962, -0.0028534, , , , , , , , , , , , , , , , , , , , , , , , , , , , 
27.5701154, 0.0159457, , , , , , , 27.5701154, -0.0068818, , , , , , , 27.5701154, -0.012253, , , , , , , 27.5701154, 0.0072175, , , , , , , , , , , , , , , , , , , , , , , , , , , , 
27.5706346, 0.0125887, , , , , , , 27.5706346, -0.0075532, , , , , , , 27.5706346, -0.0142672, , , , , , , 27.5706346, 0.0130922, , , , , , , , , , , , , , , , , , , , , , , , , , , , 
27.5711538, 0.0078889, , , , , , , 27.5711538, -0.0075532, , , , , , , 27.5711538, -0.0146029, , , , , , , 27.5711538, 0.0139315, , , , , , , , , , , , , , , , , , , , , , , , , , , , 
27.5716731, 0.0063783, , , , , , , 27.5716731, -0.0068818, , , , , , , 27.5716731, -0.0132601, , , , , , , 27.5716731, 0.0157778, , , , , , , , , , , , , , , , , , , , , , , , , , , , 
27.5721923, 0.0075532, , , , , , , 27.5721923, -0.0062104, , , , , , , 27.5721923, -0.0085603, , , , , , , 27.5721923, 0.0219883, , , , , , , , , , , , , , , , , , , , , , , , , , , , 
27.5727115, 0.0048676, , , , , , , 27.5727115, -0.0062104, , , , , , , 27.5727115, -0.0015106, , , , , , , 27.5727115, 0.0307164, , , , , , , , , , , , , , , , , , , , , , , , , , , , 
27.5732308, 0.0003357, , , , , , , 27.5732308, -0.0063783, , , , , , , 27.5732308, 0.0005035, , , , , , , 27.5732308, 0.0345769, , , , , , , , , , , , , , , , , , , , , , , , , , , , 
27.57375, -0.0028534, , , , , , , 27.57375, -0.0085603, , , , , , , 27.57375, -0.0001678, , , , , , , 27.57375, 0.0340734, , , , , , , , , , , , , , , , , , , , , , , , , , , , 
27.5742692, -0.0041962, , , , , , , 27.5742692, -0.0099031, , , , , , , 27.5742692, -0.0015106, , , , , , , 27.5742692, 0.0347448, , , , , , , , , , , , , , , , , , , , , , , , , , , , 
27.5747885, -0.0050355, , , , , , , 27.5747885, -0.0099031, , , , , , , 27.5747885, -0.0035248, , , , , , , 27.5747885, 0.0337377, , , , , , , , , , , , , , , , , , , , , , , , , , , , 
27.5753077, -0.0109102, , , , , , , 27.5753077, -0.0095674, , , , , , , 27.5753077, -0.005539, , , , , , , 27.5753077, 0.0307164, , , , , , , , , , , , , , , , , , , , , , , , , , , , 
27.5758269, -0.0125887, , , , , , , 27.5758269, -0.008896, , , , , , , 27.5758269, -0.0072175, , , , , , , 27.5758269, 0.0270237, , , , , , , , , , , , , , , , , , , , , , , , , , , , 
27.5763462, -0.0052033, , , , , , , 27.5763462, -0.0085603, , , , , , , 27.5763462, -0.005539, , , , , , , 27.5763462, 0.0240024, , , , , , , , , , , , , , , , , , , , , , , , , , , , 
27.5768654, 0.0045319, , , , , , , 27.5768654, -0.0097353, , , , , , , 27.5768654, -0.0041962, , , , , , , 27.5768654, 0.0238346, , , , , , , , , , , , , , , , , , , , , , , , , , , , 
27.5773846, 0.0092317, , , , , , , 27.5773846, -0.0105745, , , , , , , 27.5773846, -0.0058747, , , , , , , 27.5773846, 0.0246738, , , , , , , , , , , , , , , , , , , , , , , , , , , , 
27.5779038, 0.0099031, , , , , , , 27.5779038, -0.0114137, , , , , , , 27.5779038, -0.0075532, , , , , , , 27.5779038, 0.0246738, , , , , , , , , , , , , , , , , , , , , , , , , , , , 
27.5784231, 0.0115816, , , , , , , 27.5784231, -0.0115816, , , , , , , 27.5784231, -0.0082246, , , , , , , 27.5784231, 0.0219883, , , , , , , , , , , , , , , , , , , , , , , , , , , , 
27.5789423, 0.0146029, , , , , , , 27.5789423, -0.012253, , , , , , , 27.5789423, -0.008896, , , , , , , 27.5789423, 0.0193027, , , , , , , , , , , , , , , , , , , , , , , , , , , , 
27.5794615, 0.0172885, , , , , , , 27.5794615, -0.012253, , , , , , , 27.5794615, -0.0078889, , , , , , , 27.5794615, 0.0162814, , , , , , , , , , , , , , , , , , , , , , , , , , , , 
27.5799808, 0.0223239, , , , , , , 27.5799808, -0.0115816, , , , , , , 27.5799808, -0.0068818, , , , , , , 27.5799808, 0.0129244, , , , , , , , , , , , , , , , , , , , , , , , , , , , 
27.5805, 0.026688, , , , , , , 27.5805, -0.0102388, , , , , , , 27.5805, -0.0062104, , , , , , , 27.5805, 0.0105745, , , , , , , , , , , , , , , , , , , , , , , , , , , , 
27.5810192, 0.0276951, , , , , , , 27.5810192, -0.0102388, , , , , , , 27.5810192, -0.0062104, , , , , , , 27.5810192, 0.0090639, , , , , , , , , , , , , , , , , , , , , , , , , , , , 
27.5815385, 0.0253452, , , , , , , 27.5815385, -0.0114137, , , , , , , 27.5815385, -0.0058747, , , , , , , 27.5815385, 0.008896, , , , , , , , , , , , , , , , , , , , , , , , , , , , 
27.5820577, 0.0229953, , , , , , , 27.5820577, -0.0109102, , , , , , , 27.5820577, -0.0048676, , , , , , , 27.5820577, 0.0090639, , , , , , , , , , , , , , , , , , , , , , , , , , , , 
27.5825769, 0.0216526, , , , , , , 27.5825769, -0.0104067, , , , , , , 27.5825769, -0.0041962, , , , , , , 27.5825769, 0.0092317, , , , , , , , , , , , , , , , , , , , , , , , , , , , 
27.5830962, 0.0216526, , , , , , , 27.5830962, -0.0109102, , , , , , , 27.5830962, -0.0048676, , , , , , , 27.5830962, 0.010071, , , , , , , , , , , , , , , , , , , , , , , , , , , , 
27.5836154, 0.0223239, , , , , , , 27.5836154, -0.010071, , , , , , , 27.5836154, -0.0068818, , , , , , , 27.5836154, 0.0112459, , , , , , , , , , , , , , , , , , , , , , , , , , , , 
27.5841346, 0.0206455, , , , , , , 27.5841346, -0.0092317, , , , , , , 27.5841346, -0.005539, , , , , , , 27.5841346, 0.0109102, , , , , , , , , , , , , , , , , , , , , , , , , , , , 
27.5846538, 0.0166171, , , , , , , 27.5846538, -0.0075532, , , , , , , 27.5846538, -0.0041962, , , , , , , 27.5846538, 0.0105745, , , , , , , , , , , , , , , , , , , , , , , , , , , , 
27.5851731, 0.0146029, , , , , , , 27.5851731, -0.0060426, , , , , , , 27.5851731, -0.0041962, , , , , , , 27.5851731, 0.0085603, , , , , , , , , , , , , , , , , , , , , , , , , , , , 
27.5856923, 0.0181277, , , , , , , 27.5856923, -0.0062104, , , , , , , 27.5856923, -0.0068818, , , , , , , 27.5856923, 0.0035248, , , , , , , , , , , , , , , , , , , , , , , , , , , , 
27.5862115, 0.0238346, , , , , , , 27.5862115, -0.0065461, , , , , , , 27.5862115, -0.0083925, , , , , , , 27.5862115, -0.0025177, , , , , , , , , , , , , , , , , , , , , , , , , , , , 
27.5867308, 0.0303807, , , , , , , 27.5867308, -0.0075532, , , , , , , 27.5867308, -0.0102388, , , , , , , 27.5867308, -0.0062104, , , , , , , , , , , , , , , , , , , , , , , , , , , , 
27.58725, 0.0354162, , , , , , , 27.58725, -0.0068818, , , , , , , 27.58725, -0.0095674, , , , , , , 27.58725, -0.0099031, , , , , , , , , , , , , , , , , , , , , , , , , , , , 
27.5877692, 0.0397803, , , , , , , 27.5877692, -0.0068818, , , , , , , 27.5877692, -0.0095674, , , , , , , 27.5877692, -0.0109102, , , , , , , , , , , , , , , , , , , , , , , , , , , , 
27.5882885, 0.0428016, , , , , , , 27.5882885, -0.0068818, , , , , , , 27.5882885, -0.0115816, , , , , , , 27.5882885, -0.0112459, , , , , , , , , , , , , , , , , , , , , , , , , , , , 
27.5888077, 0.0374304, , , , , , , 27.5888077, -0.005539, , , , , , , 27.5888077, -0.0117494, , , , , , , 27.5888077, -0.0112459, , , , , , , , , , , , , , , , , , , , , , , , , , , , 
27.5893269, 0.0307164, , , , , , , 27.5893269, -0.0068818, , , , , , , 27.5893269, -0.0102388, , , , , , , 27.5893269, -0.0078889, , , , , , , , , , , , , , , , , , , , , , , , , , , , 
27.5898462, 0.0260166, , , , , , , 27.5898462, -0.0095674, , , , , , , 27.5898462, -0.0090639, , , , , , , 27.5898462, -0.0028534, , , , , , , , , , , , , , , , , , , , , , , , , , , , 
27.5903654, 0.0179599, , , , , , , 27.5903654, -0.0092317, , , , , , , 27.5903654, -0.0102388, , , , , , , 27.5903654, 0.0035248, , , , , , , , , , , , , , , , , , , , , , , , , , , , 
27.5908846, 0.0102388, , , , , , , 27.5908846, -0.0085603, , , , , , , 27.5908846, -0.0129244, , , , , , , 27.5908846, 0.0095674, , , , , , , , , , , , , , , , , , , , , , , , , , , , 
27.5914038, 0.0068818, , , , , , , 27.5914038, -0.0097353, , , , , , , 27.5914038, -0.0149386, , , , , , , 27.5914038, 0.0149386, , , , , , , , , , , , , , , , , , , , , , , , , , , , 
27.5919231, 0.0038605, , , , , , , 27.5919231, -0.0102388, , , , , , , 27.5919231, -0.012253, , , , , , , 27.5919231, 0.0219883, , , , , , , , , , , , , , , , , , , , , , , , , , , , 
27.5924423, -0.0023499, , , , , , , 27.5924423, -0.0099031, , , , , , , 27.5924423, -0.0095674, , , , , , , 27.5924423, 0.0287022, , , , , , , , , , , , , , , , , , , , , , , , , , , , 
27.5929615, -0.0095674, , , , , , , 27.5929615, -0.0095674, , , , , , , 27.5929615, -0.008896, , , , , , , 27.5929615, 0.0340734, , , , , , , , , , , , , , , , , , , , , , , , , , , , 
27.5934808, -0.0159457, , , , , , , 27.5934808, -0.0083925, , , , , , , 27.5934808, -0.0077211, , , , , , , 27.5934808, 0.0377661, , , , , , , , , , , , , , , , , , , , , , , , , , , , 
27.594, -0.0182956, , , , , , , 27.594, -0.0075532, , , , , , , 27.594, -0.0057069, , , , , , , 27.594, 0.040116, , , , , , , , , , , , , , , , , , , , , , , , , , , , 
27.5945192, -0.0149386, , , , , , , 27.5945192, -0.0065461, , , , , , , 27.5945192, -0.005539, , , , , , , 27.5945192, 0.0441444, , , , , , , , , , , , , , , , , , , , , , , , , , , , 
27.5950385, -0.0142672, , , , , , , 27.5950385, -0.0075532, , , , , , , 27.5950385, -0.005539, , , , , , , 27.5950385, 0.0451514, , , , , , , , , , , , , , , , , , , , , , , , , , , , 
27.5955577, -0.0142672, , , , , , , 27.5955577, -0.0082246, , , , , , , 27.5955577, -0.0058747, , , , , , , 27.5955577, 0.0379339, , , , , , , , , , , , , , , , , , , , , , , , , , , , 
27.5960769, -0.0065461, , , , , , , 27.5960769, -0.0077211, , , , , , , 27.5960769, -0.0082246, , , , , , , 27.5960769, 0.0290379, , , , , , , , , , , , , , , , , , , , , , , , , , , , 
27.5965962, 0.002182, , , , , , , 27.5965962, -0.0077211, , , , , , , 27.5965962, -0.0073854, , , , , , , 27.5965962, 0.0246738, , , , , , , , , , , , , , , , , , , , , , , , , , , , 
27.5971154, 0.0068818, , , , , , , 27.5971154, -0.0082246, , , , , , , 27.5971154, -0.0068818, , , , , , , 27.5971154, 0.0219883, , , , , , , , , , , , , , , , , , , , , , , , , , , , 
27.5976346, 0.0097353, , , , , , , 27.5976346, -0.0082246, , , , , , , 27.5976346, -0.0077211, , , , , , , 27.5976346, 0.018967, , , , , , , , , , , , , , , , , , , , , , , , , , , , 
27.5981538, 0.0132601, , , , , , , 27.5981538, -0.005539, , , , , , , 27.5981538, -0.0068818, , , , , , , 27.5981538, 0.0166171, , , , , , , , , , , , , , , , , , , , , , , , , , , , 
27.5986731, 0.0196384, , , , , , , 27.5986731, -0.0048676, , , , , , , 27.5986731, -0.006714, , , , , , , 27.5986731, 0.0149386, , , , , , , , , , , , , , , , , , , , , , , , , , , , 
27.5991923, 0.0253452, , , , , , , 27.5991923, -0.0072175, , , , , , , 27.5991923, -0.0063783, , , , , , , 27.5991923, 0.0139315, , , , , , , , , , , , , , , , , , , , , , , , , , , , 
27.5997115, 0.0243381, , , , , , , 27.5997115, -0.0082246, , , , , , , 27.5997115, -0.0065461, , , , , , , 27.5997115, 0.0142672, , , , , , , , , , , , , , , , , , , , , , , , , , , , 
27.6002308, 0.0213169, , , , , , , 27.6002308, -0.0082246, , , , , , , 27.6002308, -0.0075532, , , , , , , 27.6002308, 0.0142672, , , , , , , , , , , , , , , , , , , , , , , , , , , , 
27.60075, 0.0166171, , , , , , , 27.60075, -0.0075532, , , , , , , 27.60075, -0.0087282, , , , , , , 27.60075, 0.0125887, , , , , , , , , , , , , , , , , , , , , , , , , , , , 
27.6012692, 0.0146029, , , , , , , 27.6012692, -0.0058747, , , , , , , 27.6012692, -0.0095674, , , , , , , 27.6012692, 0.0105745, , , , , , , , , , , , , , , , , , , , , , , , , , , , 
27.6017885, 0.0219883, , , , , , , 27.6017885, -0.0058747, , , , , , , 27.6017885, -0.0099031, , , , , , , 27.6017885, 0.0078889, , , , , , , , , , , , , , , , , , , , , , , , , , , , 
27.6023077, 0.0248417, , , , , , , 27.6023077, -0.0058747, , , , , , , 27.6023077, -0.0085603, , , , , , , 27.6023077, 0.0065461, , , , , , , , , , , , , , , , , , , , , , , , , , , , 
27.6028269, 0.0213169, , , , , , , 27.6028269, -0.0068818, , , , , , , 27.6028269, -0.0065461, , , , , , , 27.6028269, 0.0072175, , , , , , , , , , , , , , , , , , , , , , , , , , , , 
27.6033462, 0.0186313, , , , , , , 27.6033462, -0.0082246, , , , , , , 27.6033462, -0.0072175, , , , , , , 27.6033462, 0.0068818, , , , , , , , , , , , , , , , , , , , , , , , , , , , 
27.6038654, 0.0193027, , , , , , , 27.6038654, -0.0082246, , , , , , , 27.6038654, -0.0090639, , , , , , , 27.6038654, 0.0058747, , , , , , , , , , , , , , , , , , , , , , , , , , , , 
27.6043846, 0.0196384, , , , , , , 27.6043846, -0.0095674, , , , , , , 27.6043846, -0.0085603, , , , , , , 27.6043846, 0.0052033, , , , , , , , , , , , , , , , , , , , , , , , , , , , 
27.6049038, 0.0186313, , , , , , , 27.6049038, -0.0109102, , , , , , , 27.6049038, -0.0075532, , , , , , , 27.6049038, 0.0062104, , , , , , , , , , , , , , , , , , , , , , , , , , , , 
27.6054231, 0.0206455, , , , , , , 27.6054231, -0.011078, , , , , , , 27.6054231, -0.0072175, , , , , , , 27.6054231, 0.0062104, , , , , , , , , , , , , , , , , , , , , , , , , , , , 
27.6059423, 0.0226596, , , , , , , 27.6059423, -0.0102388, , , , , , , 27.6059423, -0.0082246, , , , , , , 27.6059423, 0.0031891, , , , , , , , , , , , , , , , , , , , , , , , , , , , 
27.6064615, 0.0226596, , , , , , , 27.6064615, -0.008896, , , , , , , 27.6064615, -0.0082246, , , , , , , 27.6064615, -0.0011749, , , , , , , , , , , , , , , , , , , , , , , , , , , , 
27.6069808, 0.0256809, , , , , , , 27.6069808, -0.0095674, , , , , , , 27.6069808, -0.0095674, , , , , , , 27.6069808, -0.0062104, , , , , , , , , , , , , , , , , , , , , , , , , , , , 
27.6075, 0.0280308, , , , , , , 27.6075, -0.008896, , , , , , , 27.6075, -0.0109102, , , , , , , 27.6075, -0.0068818, , , , , , , , , , , , , , , , , , , , , , , , , , , , 
27.6080192, 0.0292058, , , , , , , 27.6080192, -0.008896, , , , , , , 27.6080192, -0.0102388, , , , , , , 27.6080192, -0.005539, , , , , , , , , , , , , , , , , , , , , , , , , , , , 
27.6085385, 0.0317235, , , , , , , 27.6085385, -0.0095674, , , , , , , 27.6085385, -0.0072175, , , , , , , 27.6085385, -0.0082246, , , , , , , , , , , , , , , , , , , , , , , , , , , , 
27.6090577, 0.0307164, , , , , , , 27.6090577, -0.0092317, , , , , , , 27.6090577, -0.0068818, , , , , , , 27.6090577, -0.0105745, , , , , , , , , , , , , , , , , , , , , , , , , , , , 
27.6095769, 0.0273594, , , , , , , 27.6095769, -0.0075532, , , , , , , 27.6095769, -0.0090639, , , , , , , 27.6095769, -0.0082246, , , , , , , , , , , , , , , , , , , , , , , , , , , , 
27.6100962, 0.0209812, , , , , , , 27.6100962, -0.0068818, , , , , , , 27.6100962, -0.0099031, , , , , , , 27.6100962, -0.0036927, , , , , , , , , , , , , , , , , , , , , , , , , , , , 
27.6106154, 0.0139315, , , , , , , 27.6106154, -0.0085603, , , , , , , 27.6106154, -0.0099031, , , , , , , 27.6106154, 0.0005035, , , , , , , , , , , , , , , , , , , , , , , , , , , , 
27.6111346, 0.0092317, , , , , , , 27.6111346, -0.0083925, , , , , , , 27.6111346, -0.0105745, , , , , , , 27.6111346, 0.0045319, , , , , , , , , , , , , , , , , , , , , , , , , , , , 
27.6116538, 0.0078889, , , , , , , 27.6116538, -0.005539, , , , , , , 27.6116538, -0.0112459, , , , , , , 27.6116538, 0.0078889, , , , , , , , , , , , , , , , , , , , , , , , , , , , 
27.6121731, 0.0078889, , , , , , , 27.6121731, -0.0048676, , , , , , , 27.6121731, -0.0112459, , , , , , , 27.6121731, 0.0137636, , , , , , , , , , , , , , , , , , , , , , , , , , , , 
27.6126923, 0.0025177, , , , , , , 27.6126923, -0.005539, , , , , , , 27.6126923, -0.0097353, , , , , , , 27.6126923, 0.0213169, , , , , , , , , , , , , , , , , , , , , , , , , , , , 
27.6132115, -0.0058747, , , , , , , 27.6132115, -0.0060426, , , , , , , 27.6132115, -0.0068818, , , , , , , 27.6132115, 0.0290379, , , , , , , , , , , , , , , , , , , , , , , , , , , , 
27.6137308, -0.008896, , , , , , , 27.6137308, -0.0048676, , , , , , , 27.6137308, -0.005539, , , , , , , 27.6137308, 0.0360876, , , , , , , , , , , , , , , , , , , , , , , , , , , , 
27.61425, -0.0095674, , , , , , , 27.61425, -0.0041962, , , , , , , 27.61425, -0.0048676, , , , , , , 27.61425, 0.0412909, , , , , , , , , , , , , , , , , , , , , , , , , , , , 
27.6147692, -0.0068818, , , , , , , 27.6147692, -0.005539, , , , , , , 27.6147692, -0.0045319, , , , , , , 27.6147692, 0.0428016, , , , , , , , , , , , , , , , , , , , , , , , , , , , 
27.6152885, -0.0030213, , , , , , , 27.6152885, -0.0072175, , , , , , , 27.6152885, -0.0048676, , , , , , , 27.6152885, 0.0424659, , , , , , , , , , , , , , , , , , , , , , , , , , , , 
27.6158077, -0.0075532, , , , , , , 27.6158077, -0.0072175, , , , , , , 27.6158077, -0.0045319, , , , , , , 27.6158077, 0.0370947, , , , , , , , , , , , , , , , , , , , , , , , , , , , 
27.6163269, -0.0058747, , , , , , , 27.6163269, -0.0065461, , , , , , , 27.6163269, -0.0041962, , , , , , , 27.6163269, 0.0310521, , , , , , , , , , , , , , , , , , , , , , , , , , , , 
27.6168462, 0.0015106, , , , , , , 27.6168462, -0.0048676, , , , , , , 27.6168462, -0.0050355, , , , , , , 27.6168462, 0.0290379, , , , , , , , , , , , , , , , , , , , , , , , , , , , 
27.6173654, 0.0092317, , , , , , , 27.6173654, -0.0038605, , , , , , , 27.6173654, -0.0070497, , , , , , , 27.6173654, 0.0258488, , , , , , , , , , , , , , , , , , , , , , , , , , , , 
27.6178846, 0.0129244, , , , , , , 27.6178846, -0.0041962, , , , , , , 27.6178846, -0.0062104, , , , , , , 27.6178846, 0.0213169, , , , , , , , , , , , , , , , , , , , , , , , , , , , 
27.6184038, 0.0146029, , , , , , , 27.6184038, -0.0048676, , , , , , , 27.6184038, -0.005539, , , , , , , 27.6184038, 0.0164492, , , , , , , , , , , , , , , , , , , , , , , , , , , , 
27.6189231, 0.012253, , , , , , , 27.6189231, -0.0062104, , , , , , , 27.6189231, -0.0063783, , , , , , , 27.6189231, 0.0125887, , , , , , , , , , , , , , , , , , , , , , , , , , , , 
27.6194423, 0.011078, , , , , , , 27.6194423, -0.005539, , , , , , , 27.6194423, -0.0095674, , , , , , , 27.6194423, 0.0095674, , , , , , , , , , , , , , , , , , , , , , , , , , , , 
27.6199615, 0.0125887, , , , , , , 27.6199615, -0.0036927, , , , , , , 27.6199615, -0.0112459, , , , , , , 27.6199615, 0.0085603, , , , , , , , , , , , , , , , , , , , , , , , , , , , 
27.6204808, 0.0169528, , , , , , , 27.6204808, -0.0036927, , , , , , , 27.6204808, -0.008896, , , , , , , 27.6204808, 0.0065461, , , , , , , , , , , , , , , , , , , , , , , , , , , , 
27.621, 0.0213169, , , , , , , 27.621, -0.0062104, , , , , , , 27.621, -0.0068818, , , , , , , 27.621, 0.0072175, , , , , , , , , , , , , , , , , , , , , , , , , , , , 
27.6215192, 0.0206455, , , , , , , 27.6215192, -0.0078889, , , , , , , 27.6215192, -0.0085603, , , , , , , 27.6215192, 0.005539, , , , , , , , , , , , , , , , , , , , , , , , , , , , 
27.6220385, 0.0199741, , , , , , , 27.6220385, -0.0068818, , , , , , , 27.6220385, -0.0109102, , , , , , , 27.6220385, 0.0018463, , , , , , , , , , , , , , , , , , , , , , , , , , , , 
27.6225577, 0.0196384, , , , , , , 27.6225577, -0.0048676, , , , , , , 27.6225577, -0.011078, , , , , , , 27.6225577, -0.0011749, , , , , , , , , , , , , , , , , , , , , , , , , , , , 
27.6230769, 0.0213169, , , , , , , 27.6230769, -0.0045319, , , , , , , 27.6230769, -0.0082246, , , , , , , 27.6230769, 0.0010071, , , , , , , , , , , , , , , , , , , , , , , , , , , , 
27.6235962, 0.0198062, , , , , , , 27.6235962, -0.0062104, , , , , , , 27.6235962, -0.0068818, , , , , , , 27.6235962, 0.0038605, , , , , , , , , , , , , , , , , , , , , , , , , , , , 
27.6241154, 0.0196384, , , , , , , 27.6241154, -0.0085603, , , , , , , 27.6241154, -0.0045319, , , , , , , 27.6241154, 0.0072175, , , , , , , , , , , , , , , , , , , , , , , , , , , , 
27.6246346, 0.0203098, , , , , , , 27.6246346, -0.0092317, , , , , , , 27.6246346, -0.0018463, , , , , , , 27.6246346, 0.0083925, , , , , , , , , , , , , , , , , , , , , , , , , , , , 
27.6251538, 0.0198062, , , , , , , 27.6251538, -0.0095674, , , , , , , 27.6251538, -0.002182, , , , , , , 27.6251538, 0.0070497, , , , , , , , , , , , , , , , , , , , , , , , , , , , 
27.6256731, 0.0213169, , , , , , , 27.6256731, -0.0095674, , , , , , , 27.6256731, -0.005539, , , , , , , 27.6256731, 0.0038605, , , , , , , , , , , , , , , , , , , , , , , , , , , , 
27.6261923, 0.0246738, , , , , , , 27.6261923, -0.0075532, , , , , , , 27.6261923, -0.008896, , , , , , , 27.6261923, -0.0011749, , , , , , , , , , , , , , , , , , , , , , , , , , , , 
27.6267115, 0.0280308, , , , , , , 27.6267115, -0.0062104, , , , , , , 27.6267115, -0.012253, , , , , , , 27.6267115, -0.0048676, , , , , , , , , , , , , , , , , , , , , , , , , , , , 
27.6272308, 0.0290379, , , , , , , 27.6272308, -0.0070497, , , , , , , 27.6272308, -0.0149386, , , , , , , 27.6272308, -0.0065461, , , , , , , , , , , , , , , , , , , , , , , , , , , , 
27.62775, 0.0285344, , , , , , , 27.62775, -0.0082246, , , , , , , 27.62775, -0.0159457, , , , , , , 27.62775, -0.0072175, , , , , , , , , , , , , , , , , , , , , , , , , , , , 
27.6282692, 0.0273594, , , , , , , 27.6282692, -0.0068818, , , , , , , 27.6282692, -0.0146029, , , , , , , 27.6282692, -0.0041962, , , , , , , , , , , , , , , , , , , , , , , , , , , , 
27.6287885, 0.0260166, , , , , , , 27.6287885, -0.0057069, , , , , , , 27.6287885, -0.0135958, , , , , , , 27.6287885, -0.0005035, , , , , , , , , , , , , , , , , , , , , , , , , , , , 
27.6293077, 0.0243381, , , , , , , 27.6293077, -0.0048676, , , , , , , 27.6293077, -0.0139315, , , , , , , 27.6293077, 0.0035248, , , , , , , , , , , , , , , , , , , , , , , , , , , , 
27.6298269, 0.0226596, , , , , , , 27.6298269, -0.0062104, , , , , , , 27.6298269, -0.0149386, , , , , , , 27.6298269, 0.005539, , , , , , , , , , , , , , , , , , , , , , , , , , , , 
27.6303462, 0.0186313, , , , , , , 27.6303462, -0.0085603, , , , , , , 27.6303462, -0.0135958, , , , , , , 27.6303462, 0.0092317, , , , , , , , , , , , , , , , , , , , , , , , , , , , 
27.6308654, 0.0139315, , , , , , , 27.6308654, -0.0092317, , , , , , , 27.6308654, -0.0104067, , , , , , , 27.6308654, 0.0112459, , , , , , , , , , , , , , , , , , , , , , , , , , , , 
27.6313846, 0.0092317, , , , , , , 27.6313846, -0.0082246, , , , , , , 27.6313846, -0.0083925, , , , , , , 27.6313846, 0.0127565, , , , , , , , , , , , , , , , , , , , , , , , , , , , 
27.6319038, 0.0045319, , , , , , , 27.6319038, -0.0072175, , , , , , , 27.6319038, -0.008896, , , , , , , 27.6319038, 0.0159457, , , , , , , , , , , , , , , , , , , , , , , , , , , , 
27.6324231, 0.0015106, , , , , , , 27.6324231, -0.0065461, , , , , , , 27.6324231, -0.0075532, , , , , , , 27.6324231, 0.0226596, , , , , , , , , , , , , , , , , , , , , , , , , , , , 
27.6329423, -0.0005035, , , , , , , 27.6329423, -0.0077211, , , , , , , 27.6329423, -0.0068818, , , , , , , 27.6329423, 0.0297093, , , , , , , , , , , , , , , , , , , , , , , , , , , , 
27.6334615, -0.0035248, , , , , , , 27.6334615, -0.0104067, , , , , , , 27.6334615, -0.0075532, , , , , , , 27.6334615, 0.0340734, , , , , , , , , , , , , , , , , , , , , , , , , , , , 
27.6339808, -0.0058747, , , , , , , 27.6339808, -0.0099031, , , , , , , 27.6339808, -0.0058747, , , , , , , 27.6339808, 0.0374304, , , , , , , , , , , , , , , , , , , , , , , , , , , , 
27.6345, -0.0082246, , , , , , , 27.6345, -0.0095674, , , , , , , 27.6345, -0.0043641, , , , , , , 27.6345, 0.0391089, , , , , , , , , , , , , , , , , , , , , , , , , , , , 
27.6350192, -0.0115816, , , , , , , 27.6350192, -0.0085603, , , , , , , 27.6350192, -0.0046998, , , , , , , 27.6350192, 0.0377661, , , , , , , , , , , , , , , , , , , , , , , , , , , , 
27.6355385, -0.012253, , , , , , , 27.6355385, -0.0068818, , , , , , , 27.6355385, -0.0045319, , , , , , , 27.6355385, 0.0342412, , , , , , , , , , , , , , , , , , , , , , , , , , , , 
27.6360577, -0.0052033, , , , , , , 27.6360577, -0.0068818, , , , , , , 27.6360577, -0.0018463, , , , , , , 27.6360577, 0.0285344, , , , , , , , , , , , , , , , , , , , , , , , , , , , 
27.6365769, 0.0038605, , , , , , , 27.6365769, -0.0085603, , , , , , , 27.6365769, -0.0005035, , , , , , , 27.6365769, 0.0229953, , , , , , , , , , , , , , , , , , , , , , , , , , , , 
27.6370962, 0.0092317, , , , , , , 27.6370962, -0.0105745, , , , , , , 27.6370962, 0.0008392, , , , , , , 27.6370962, 0.0196384, , , , , , , , , , , , , , , , , , , , , , , , , , , , 
27.6376154, 0.0125887, , , , , , , 27.6376154, -0.0109102, , , , , , , 27.6376154, 0.0011749, , , , , , , 27.6376154, 0.0169528, , , , , , , , , , , , , , , , , , , , , , , , , , , , 
27.6381346, 0.01561, , , , , , , 27.6381346, -0.008896, , , , , , , 27.6381346, 0.0005035, , , , , , , 27.6381346, 0.0146029, , , , , , , , , , , , , , , , , , , , , , , , , , , , 
27.6386538, 0.0169528, , , , , , , 27.6386538, -0.008896, , , , , , , 27.6386538, -0.0005035, , , , , , , 27.6386538, 0.0135958, , , , , , , , , , , , , , , , , , , , , , , , , , , , 
27.6391731, 0.0166171, , , , , , , 27.6391731, -0.0095674, , , , , , , 27.6391731, -0.0018463, , , , , , , 27.6391731, 0.0112459, , , , , , , , , , , , , , , , , , , , , , , , , , , , 
27.6396923, 0.0152743, , , , , , , 27.6396923, -0.0077211, , , , , , , 27.6396923, -0.0045319, , , , , , , 27.6396923, 0.010071, , , , , , , , , , , , , , , , , , , , , , , , , , , , 
27.6402115, 0.0152743, , , , , , , 27.6402115, -0.0072175, , , , , , , 27.6402115, -0.0068818, , , , , , , 27.6402115, 0.0102388, , , , , , , , , , , , , , , , , , , , , , , , , , , , 
27.6407308, 0.0179599, , , , , , , 27.6407308, -0.0082246, , , , , , , 27.6407308, -0.0063783, , , , , , , 27.6407308, 0.0119173, , , , , , , , , , , , , , , , , , , , , , , , , , , , 
27.64125, 0.0176242, , , , , , , 27.64125, -0.0070497, , , , , , , 27.64125, -0.0062104, , , , , , , 27.64125, 0.0132601, , , , , , , , , , , , , , , , , , , , , , , , , , , , 
27.6417692, 0.0166171, , , , , , , 27.6417692, -0.0052033, , , , , , , 27.6417692, -0.0058747, , , , , , , 27.6417692, 0.0130922, , , , , , , , , , , , , , , , , , , , , , , , , , , , 
27.6422885, 0.0162814, , , , , , , 27.6422885, -0.005539, , , , , , , 27.6422885, -0.0058747, , , , , , , 27.6422885, 0.0117494, , , , , , , , , , , , , , , , , , , , , , , , , , , , 
27.6428077, 0.0142672, , , , , , , 27.6428077, -0.0068818, , , , , , , 27.6428077, -0.0078889, , , , , , , 27.6428077, 0.0107424, , , , , , , , , , , , , , , , , , , , , , , , , , , , 
27.6433269, 0.0154421, , , , , , , 27.6433269, -0.0077211, , , , , , , 27.6433269, -0.0099031, , , , , , , 27.6433269, 0.0095674, , , , , , , , , , , , , , , , , , , , , , , , , , , , 
27.6438462, 0.021149, , , , , , , 27.6438462, -0.008896, , , , , , , 27.6438462, -0.0099031, , , , , , , 27.6438462, 0.0082246, , , , , , , , , , , , , , , , , , , , , , , , , , , , 
27.6443654, 0.0263523, , , , , , , 27.6443654, -0.0099031, , , , , , , 27.6443654, -0.0082246, , , , , , , 27.6443654, 0.0075532, , , , , , , , , , , , , , , , , , , , , , , , , , , , 
27.6448846, 0.0213169, , , , , , , 27.6448846, -0.0102388, , , , , , , 27.6448846, -0.0082246, , , , , , , 27.6448846, 0.0065461, , , , , , , , , , , , , , , , , , , , , , , , , , , , 
27.6454038, 0.0186313, , , , , , , 27.6454038, -0.0109102, , , , , , , 27.6454038, -0.0117494, , , , , , , 27.6454038, 0.0018463, , , , , , , , , , , , , , , , , , , , , , , , , , , , 
27.6459231, 0.023331, , , , , , , 27.6459231, -0.0095674, , , , , , , 27.6459231, -0.0125887, , , , , , , 27.6459231, -0.0023499, , , , , , , , , , , , , , , , , , , , , , , , , , , , 
27.6464423, 0.026688, , , , , , , 27.6464423, -0.008896, , , , , , , 27.6464423, -0.0129244, , , , , , , 27.6464423, -0.0031891, , , , , , , , , , , , , , , , , , , , , , , , , , , , 
27.6469615, 0.0280308, , , , , , , 27.6469615, -0.0075532, , , , , , , 27.6469615, -0.0135958, , , , , , , 27.6469615, -0.0041962, , , , , , , , , , , , , , , , , , , , , , , , , , , , 
27.6474808, 0.0273594, , , , , , , 27.6474808, -0.0065461, , , , , , , 27.6474808, -0.0135958, , , , , , , 27.6474808, -0.0058747, , , , , , , , , , , , , , , , , , , , , , , , , , , , 
27.648, 0.0250095, , , , , , , 27.648, -0.005539, , , , , , , 27.648, -0.012253, , , , , , , 27.648, -0.0070497, , , , , , , , , , , , , , , , , , , , , , , , , , , , 
27.6485192, 0.0196384, , , , , , , 27.6485192, -0.0072175, , , , , , , 27.6485192, -0.0102388, , , , , , , 27.6485192, -0.0078889, , , , , , , , , , , , , , , , , , , , , , , , , , , , 
27.6490385, 0.0176242, , , , , , , 27.6490385, -0.0099031, , , , , , , 27.6490385, -0.0095674, , , , , , , 27.6490385, -0.0065461, , , , , , , , , , , , , , , , , , , , , , , , , , , , 
27.6495577, 0.0193027, , , , , , , 27.6495577, -0.0092317, , , , , , , 27.6495577, -0.008896, , , , , , , 27.6495577, -0.0038605, , , , , , , , , , , , , , , , , , , , , , , , , , , , 
27.6500769, 0.0152743, , , , , , , 27.6500769, -0.0070497, , , , , , , 27.6500769, -0.0075532, , , , , , , 27.6500769, -0.0015106, , , , , , , , , , , , , , , , , , , , , , , , , , , , 
27.6505962, 0.0092317, , , , , , , 27.6505962, -0.0057069, , , , , , , 27.6505962, -0.0085603, , , , , , , 27.6505962, -0.0005035, , , , , , , , , , , , , , , , , , , , , , , , , , , , 
27.6511154, 0.0104067, , , , , , , 27.6511154, -0.0062104, , , , , , , 27.6511154, -0.0112459, , , , , , , 27.6511154, 0.002182, , , , , , , , , , , , , , , , , , , , , , , , , , , , 
27.6516346, 0.0092317, , , , , , , 27.6516346, -0.0068818, , , , , , , 27.6516346, -0.011078, , , , , , , 27.6516346, 0.0073854, , , , , , , , , , , , , , , , , , , , , , , , , , , , 
27.6521538, 0.0025177, , , , , , , 27.6521538, -0.0057069, , , , , , , 27.6521538, -0.0095674, , , , , , , 27.6521538, 0.0127565, , , , , , , , , , , , , , , , , , , , , , , , , , , , 
27.6526731, -0.0028534, , , , , , , 27.6526731, -0.0045319, , , , , , , 27.6526731, -0.0085603, , , , , , , 27.6526731, 0.017792, , , , , , , , , , , , , , , , , , , , , , , , , , , , 
27.6531923, -0.005539, , , , , , , 27.6531923, -0.0048676, , , , , , , 27.6531923, -0.0075532, , , , , , , 27.6531923, 0.0238346, , , , , , , , , , , , , , , , , , , , , , , , , , , , 
27.6537115, -0.008896, , , , , , , 27.6537115, -0.0062104, , , , , , , 27.6537115, -0.0072175, , , , , , , 27.6537115, 0.0323949, , , , , , , , , , , , , , , , , , , , , , , , , , , , 
27.6542308, -0.0095674, , , , , , , 27.6542308, -0.0062104, , , , , , , 27.6542308, -0.0062104, , , , , , , 27.6542308, 0.0397803, , , , , , , , , , , , , , , , , , , , , , , , , , , , 
27.65475, -0.0082246, , , , , , , 27.65475, -0.0043641, , , , , , , 27.65475, -0.0048676, , , , , , , 27.65475, 0.0412909, , , , , , , , , , , , , , , , , , , , , , , , , , , , 
27.6552692, -0.0038605, , , , , , , 27.6552692, -0.0045319, , , , , , , 27.6552692, -0.005539, , , , , , , 27.6552692, 0.0374304, , , , , , , , , , , , , , , , , , , , , , , , , , , , 
27.6557885, -0.0001678, , , , , , , 27.6557885, -0.0062104, , , , , , , 27.6557885, -0.0065461, , , , , , , 27.6557885, 0.0293736, , , , , , , , , , , , , , , , , , , , , , , , , , , , 
27.6563077, -0.0023499, , , , , , , 27.6563077, -0.0092317, , , , , , , 27.6563077, -0.0068818, , , , , , , 27.6563077, 0.0219883, , , , , , , , , , , , , , , , , , , , , , , , , , , , 
27.6568269, -0.0018463, , , , , , , 27.6568269, -0.0095674, , , , , , , 27.6568269, -0.0087282, , , , , , , 27.6568269, 0.0169528, , , , , , , , , , , , , , , , , , , , , , , , , , , , 
27.6573462, 0.0065461, , , , , , , 27.6573462, -0.0082246, , , , , , , 27.6573462, -0.0104067, , , , , , , 27.6573462, 0.0139315, , , , , , , , , , , , , , , , , , , , , , , , , , , , 
27.6578654, 0.0166171, , , , , , , 27.6578654, -0.0087282, , , , , , , 27.6578654, -0.0085603, , , , , , , 27.6578654, 0.0176242, , , , , , , , , , , , , , , , , , , , , , , , , , , , 
27.6583846, 0.0229953, , , , , , , 27.6583846, -0.0102388, , , , , , , 27.6583846, -0.0063783, , , , , , , 27.6583846, 0.0240024, , , , , , , , , , , , , , , , , , , , , , , , , , , , 
27.6589038, 0.0236667, , , , , , , 27.6589038, -0.0109102, , , , , , , 27.6589038, -0.0043641, , , , , , , 27.6589038, 0.0240024, , , , , , , , , , , , , , , , , , , , , , , , , , , , 
27.6594231, 0.0223239, , , , , , , 27.6594231, -0.0095674, , , , , , , 27.6594231, -0.0035248, , , , , , , 27.6594231, 0.018967, , , , , , , , , , , , , , , , , , , , , , , , , , , , 
27.6599423, 0.0219883, , , , , , , 27.6599423, -0.008896, , , , , , , 27.6599423, -0.0041962, , , , , , , 27.6599423, 0.0137636, , , , , , , , , , , , , , , , , , , , , , , , , , , , 
27.6604615, 0.0246738, , , , , , , 27.6604615, -0.0090639, , , , , , , 27.6604615, -0.0048676, , , , , , , 27.6604615, 0.0092317, , , , , , , , , , , , , , , , , , , , , , , , , , , , 
27.6609808, 0.0226596, , , , , , , 27.6609808, -0.0109102, , , , , , , 27.6609808, -0.0048676, , , , , , , 27.6609808, 0.0065461, , , , , , , , , , , , , , , , , , , , , , , , , , , , 
27.6615, 0.0186313, , , , , , , 27.6615, -0.012253, , , , , , , 27.6615, -0.0058747, , , , , , , 27.6615, 0.0065461, , , , , , , , , , , , , , , , , , , , , , , , , , , , 
27.6620192, 0.0196384, , , , , , , 27.6620192, -0.0129244, , , , , , , 27.6620192, -0.0058747, , , , , , , 27.6620192, 0.0085603, , , , , , , , , , , , , , , , , , , , , , , , , , , , 
27.6625385, 0.023331, , , , , , , 27.6625385, -0.0129244, , , , , , , 27.6625385, -0.0068818, , , , , , , 27.6625385, 0.0090639, , , , , , , , , , , , , , , , , , , , , , , , , , , , 
27.6630577, 0.0236667, , , , , , , 27.6630577, -0.0112459, , , , , , , 27.6630577, -0.0092317, , , , , , , 27.6630577, 0.0095674, , , , , , , , , , , , , , , , , , , , , , , , , , , , 
27.6635769, 0.0169528, , , , , , , 27.6635769, -0.008896, , , , , , , 27.6635769, -0.0095674, , , , , , , 27.6635769, 0.0105745, , , , , , , , , , , , , , , , , , , , , , , , , , , , 
27.6640962, 0.0129244, , , , , , , 27.6640962, -0.0075532, , , , , , , 27.6640962, -0.0082246, , , , , , , 27.6640962, 0.0102388, , , , , , , , , , , , , , , , , , , , , , , , , , , , 
27.6646154, 0.0159457, , , , , , , 27.6646154, -0.0068818, , , , , , , 27.6646154, -0.0070497, , , , , , , 27.6646154, 0.0082246, , , , , , , , , , , , , , , , , , , , , , , , , , , , 
27.6651346, 0.0186313, , , , , , , 27.6651346, -0.0068818, , , , , , , 27.6651346, -0.0063783, , , , , , , 27.6651346, 0.0072175, , , , , , , , , , , , , , , , , , , , , , , , , , , , 
27.6656538, 0.0186313, , , , , , , 27.6656538, -0.0065461, , , , , , , 27.6656538, -0.0082246, , , , , , , 27.6656538, 0.003357, , , , , , , , , , , , , , , , , , , , , , , , , , , , 
27.6661731, 0.0219883, , , , , , , 27.6661731, -0.0062104, , , , , , , 27.6661731, -0.0109102, , , , , , , 27.6661731, -0.0015106, , , , , , , , , , , , , , , , , , , , , , , , , , , , 
27.6666923, 0.0273594, , , , , , , 27.6666923, -0.0062104, , , , , , , 27.6666923, -0.0112459, , , , , , , 27.6666923, -0.0035248, , , , , , , , , , , , , , , , , , , , , , , , , , , , 
27.6672115, 0.0287022, , , , , , , 27.6672115, -0.0068818, , , , , , , 27.6672115, -0.011078, , , , , , , 27.6672115, -0.0031891, , , , , , , , , , , , , , , , , , , , , , , , , , , , 
27.6677308, 0.0280308, , , , , , , 27.6677308, -0.0075532, , , , , , , 27.6677308, -0.012253, , , , , , , 27.6677308, -0.0016785, , , , , , , , , , , , , , , , , , , , , , , , , , , , 
27.66825, 0.0250095, , , , , , , 27.66825, -0.005539, , , , , , , 27.66825, -0.0137636, , , , , , , 27.66825, -0.0018463, , , , , , , , , , , , , , , , , , , , , , , , , , , , 
27.6687692, 0.0251774, , , , , , , 27.6687692, -0.0038605, , , , , , , 27.6687692, -0.0125887, , , , , , , 27.6687692, -0.0015106, , , , , , , , , , , , , , , , , , , , , , , , , , , , 
27.6692885, 0.030045, , , , , , , 27.6692885, -0.0048676, , , , , , , 27.6692885, -0.011078, , , , , , , 27.6692885, 0.0025177, , , , , , , , , , , , , , , , , , , , , , , , , , , , 
27.6698077, 0.0273594, , , , , , , 27.6698077, -0.005539, , , , , , , 27.6698077, -0.010071, , , , , , , 27.6698077, 0.0082246, , , , , , , , , , , , , , , , , , , , , , , , , , , , 
27.6703269, 0.0236667, , , , , , , 27.6703269, -0.0058747, , , , , , , 27.6703269, -0.008896, , , , , , , 27.6703269, 0.0129244, , , , , , , , , , , , , , , , , , , , , , , , , , , , 
27.6708462, 0.0213169, , , , , , , 27.6708462, -0.0065461, , , , , , , 27.6708462, -0.0095674, , , , , , , 27.6708462, 0.01561, , , , , , , , , , , , , , , , , , , , , , , , , , , , 
27.6713654, 0.0132601, , , , , , , 27.6713654, -0.0060426, , , , , , , 27.6713654, -0.0099031, , , , , , , 27.6713654, 0.0179599, , , , , , , , , , , , , , , , , , , , , , , , , , , , 
27.6718846, 0.0065461, , , , , , , 27.6718846, -0.0052033, , , , , , , 27.6718846, -0.0102388, , , , , , , 27.6718846, 0.023331, , , , , , , , , , , , , , , , , , , , , , , , , , , , 
27.6724038, 0.0045319, , , , , , , 27.6724038, -0.0058747, , , , , , , 27.6724038, -0.0085603, , , , , , , 27.6724038, 0.0288701, , , , , , , , , , , , , , , , , , , , , , , , , , , , 
27.6729231, 0.0011749, , , , , , , 27.6729231, -0.0068818, , , , , , , 27.6729231, -0.0052033, , , , , , , 27.6729231, 0.0307164, , , , , , , , , , , , , , , , , , , , , , , , , , , , 
27.6734423, -0.0015106, , , , , , , 27.6734423, -0.0072175, , , , , , , 27.6734423, -0.0023499, , , , , , , 27.6734423, 0.0313878, , , , , , , , , , , , , , , , , , , , , , , , , , , , 
27.6739615, -0.0052033, , , , , , , 27.6739615, -0.0062104, , , , , , , 27.6739615, -0.0028534, , , , , , , 27.6739615, 0.0347448, , , , , , , , , , , , , , , , , , , , , , , , , , , , 
27.6744808, -0.0095674, , , , , , , 27.6744808, -0.0070497, , , , , , , 27.6744808, -0.002182, , , , , , , 27.6744808, 0.0387732, , , , , , , , , , , , , , , , , , , , , , , , , , , , 
27.675, -0.0109102, , , , , , , 27.675, -0.0082246, , , , , , , 27.675, -0.0018463, , , , , , , 27.675, 0.0407874, , , , , , , , , , , , , , , , , , , , , , , , , , , , 
27.6755192, -0.0105745, , , , , , , 27.6755192, -0.0097353, , , , , , , 27.6755192, -0.0031891, , , , , , , 27.6755192, 0.0369268, , , , , , , , , , , , , , , , , , , , , , , , , , , , 
27.6760385, -0.008896, , , , , , , 27.6760385, -0.0109102, , , , , , , 27.6760385, -0.0041962, , , , , , , 27.6760385, 0.030045, , , , , , , , , , , , , , , , , , , , , , , , , , , , 
27.6765577, -0.0041962, , , , , , , 27.6765577, -0.008896, , , , , , , 27.6765577, -0.005539, , , , , , , 27.6765577, 0.0253452, , , , , , , , , , , , , , , , , , , , , , , , , , , , 
27.6770769, 0.0011749, , , , , , , 27.6770769, -0.0082246, , , , , , , 27.6770769, -0.0062104, , , , , , , 27.6770769, 0.0209812, , , , , , , , , , , , , , , , , , , , , , , , , , , , 
27.6775962, 0.0038605, , , , , , , 27.6775962, -0.0102388, , , , , , , 27.6775962, -0.0058747, , , , , , , 27.6775962, 0.0166171, , , , , , , , , , , , , , , , , , , , , , , , , , , , 
27.6781154, 0.0058747, , , , , , , 27.6781154, -0.0115816, , , , , , , 27.6781154, -0.0075532, , , , , , , 27.6781154, 0.0132601, , , , , , , , , , , , , , , , , , , , , , , , , , , , 
27.6786346, 0.0095674, , , , , , , 27.6786346, -0.0099031, , , , , , , 27.6786346, -0.008896, , , , , , , 27.6786346, 0.0109102, , , , , , , , , , , , , , , , , , , , , , , , , , , , 
27.6791538, 0.0132601, , , , , , , 27.6791538, -0.0082246, , , , , , , 27.6791538, -0.0078889, , , , , , , 27.6791538, 0.0078889, , , , , , , , , , , , , , , , , , , , , , , , , , , , 
27.6796731, 0.0162814, , , , , , , 27.6796731, -0.0075532, , , , , , , 27.6796731, -0.0082246, , , , , , , 27.6796731, 0.0045319, , , , , , , , , , , , , , , , , , , , , , , , , , , , 
27.6801923, 0.0176242, , , , , , , 27.6801923, -0.0065461, , , , , , , 27.6801923, -0.0075532, , , , , , , 27.6801923, 0.0028534, , , , , , , , , , , , , , , , , , , , , , , , , , , , 
27.6807115, 0.0162814, , , , , , , 27.6807115, -0.0065461, , , , , , , 27.6807115, -0.0065461, , , , , , , 27.6807115, 0.0028534, , , , , , , , , , , , , , , , , , , , , , , , , , , , 
27.6812308, 0.0159457, , , , , , , 27.6812308, -0.0075532, , , , , , , 27.6812308, -0.0062104, , , , , , , 27.6812308, 0.0045319, , , , , , , , , , , , , , , , , , , , , , , , , , , , 
27.68175, 0.0186313, , , , , , , 27.68175, -0.008896, , , , , , , 27.68175, -0.0070497, , , , , , , 27.68175, 0.0046998, , , , , , , , , , , , , , , , , , , , , , , , , , , , 
27.6822692, 0.0246738, , , , , , , 27.6822692, -0.0095674, , , , , , , 27.6822692, -0.0090639, , , , , , , 27.6822692, 0.0045319, , , , , , , , , , , , , , , , , , , , , , , , , , , , 
27.6827885, 0.033402, , , , , , , 27.6827885, -0.0095674, , , , , , , 27.6827885, -0.0095674, , , , , , , 27.6827885, 0.0035248, , , , , , , , , , , , , , , , , , , , , , , , , , , , 
27.6833077, 0.0327306, , , , , , , 27.6833077, -0.0092317, , , , , , , 27.6833077, -0.0095674, , , , , , , 27.6833077, 0.0025177, , , , , , , , , , , , , , , , , , , , , , , , , , , , 
27.6838269, 0.0285344, , , , , , , 27.6838269, -0.0095674, , , , , , , 27.6838269, -0.0104067, , , , , , , 27.6838269, 0.0023499, , , , , , , , , , , , , , , , , , , , , , , , , , , , 
27.6843462, 0.0263523, , , , , , , 27.6843462, -0.0078889, , , , , , , 27.6843462, -0.008896, , , , , , , 27.6843462, 0.0048676, , , , , , , , , , , , , , , , , , , , , , , , , , , , 
27.6848654, 0.026688, , , , , , , 27.6848654, -0.0063783, , , , , , , 27.6848654, -0.0075532, , , , , , , 27.6848654, 0.0065461, , , , , , , , , , , , , , , , , , , , , , , , , , , , 
27.6853846, 0.0263523, , , , , , , 27.6853846, -0.0063783, , , , , , , 27.6853846, -0.0097353, , , , , , , 27.6853846, 0.0035248, , , , , , , , , , , , , , , , , , , , , , , , , , , , 
27.6859038, 0.0253452, , , , , , , 27.6859038, -0.0068818, , , , , , , 27.6859038, -0.0117494, , , , , , , 27.6859038, -0.0018463, , , , , , , , , , , , , , , , , , , , , , , , , , , , 
27.6864231, 0.026688, , , , , , , 27.6864231, -0.0060426, , , , , , , 27.6864231, -0.0104067, , , , , , , 27.6864231, -0.0058747, , , , , , , , , , , , , , , , , , , , , , , , , , , , 
27.6869423, 0.0276951, , , , , , , 27.6869423, -0.0052033, , , , , , , 27.6869423, -0.0102388, , , , , , , 27.6869423, -0.0072175, , , , , , , , , , , , , , , , , , , , , , , , , , , , 
27.6874615, 0.0276951, , , , , , , 27.6874615, -0.0045319, , , , , , , 27.6874615, -0.0115816, , , , , , , 27.6874615, -0.0085603, , , , , , , , , , , , , , , , , , , , , , , , , , , , 
27.6879808, 0.0276951, , , , , , , 27.6879808, -0.0058747, , , , , , , 27.6879808, -0.0119173, , , , , , , 27.6879808, -0.0087282, , , , , , , , , , , , , , , , , , , , , , , , , , , , 
27.6885, 0.026688, , , , , , , 27.6885, -0.0077211, , , , , , , 27.6885, -0.0115816, , , , , , , 27.6885, -0.0077211, , , , , , , , , , , , , , , , , , , , , , , , , , , , 
27.6890192, 0.0270237, , , , , , , 27.6890192, -0.0075532, , , , , , , 27.6890192, -0.0095674, , , , , , , 27.6890192, -0.0050355, , , , , , , , , , , , , , , , , , , , , , , , , , , , 
27.6895385, 0.0260166, , , , , , , 27.6895385, -0.005539, , , , , , , 27.6895385, -0.0075532, , , , , , , 27.6895385, 0.0001678, , , , , , , , , , , , , , , , , , , , , , , , , , , , 
27.6900577, 0.0223239, , , , , , , 27.6900577, -0.0040284, , , , , , , 27.6900577, -0.010071, , , , , , , 27.6900577, 0.0038605, , , , , , , , , , , , , , , , , , , , , , , , , , , , 
27.6905769, 0.0157778, , , , , , , 27.6905769, -0.0038605, , , , , , , 27.6905769, -0.0119173, , , , , , , 27.6905769, 0.0065461, , , , , , , , , , , , , , , , , , , , , , , , , , , , 
27.6910962, 0.0065461, , , , , , , 27.6910962, -0.0041962, , , , , , , 27.6910962, -0.0104067, , , , , , , 27.6910962, 0.0097353, , , , , , , , , , , , , , , , , , , , , , , , , , , , 
27.6916154, -0.0008392, , , , , , , 27.6916154, -0.0038605, , , , , , , 27.6916154, -0.0095674, , , , , , , 27.6916154, 0.0152743, , , , , , , , , , , , , , , , , , , , , , , , , , , , 
27.6921346, -0.0045319, , , , , , , 27.6921346, -0.0048676, , , , , , , 27.6921346, -0.0082246, , , , , , , 27.6921346, 0.0226596, , , , , , , , , , , , , , , , , , , , , , , , , , , , 
27.6926538, -0.0031891, , , , , , , 27.6926538, -0.005539, , , , , , , 27.6926538, -0.0075532, , , , , , , 27.6926538, 0.0292058, , , , , , , , , , , , , , , , , , , , , , , , , , , , 
27.6931731, -0.0015106, , , , , , , 27.6931731, -0.0062104, , , , , , , 27.6931731, -0.0068818, , , , , , , 27.6931731, 0.0340734, , , , , , , , , , , , , , , , , , , , , , , , , , , , 
27.6936923, 0.0010071, , , , , , , 27.6936923, -0.0058747, , , , , , , 27.6936923, -0.005539, , , , , , , 27.6936923, 0.0381018, , , , , , , , , , , , , , , , , , , , , , , , , , , , 
27.6942115, 0.0018463, , , , , , , 27.6942115, -0.0065461, , , , , , , 27.6942115, -0.0035248, , , , , , , 27.6942115, 0.0397803, , , , , , , , , , , , , , , , , , , , , , , , , , , , 
27.6947308, 0.0005035, , , , , , , 27.6947308, -0.0068818, , , , , , , 27.6947308, 0.0005035, , , , , , , 27.6947308, 0.0391089, , , , , , , , , , , , , , , , , , , , , , , , , , , , 
27.69525, -0.0038605, , , , , , , 27.69525, -0.0072175, , , , , , , 27.69525, 0.0025177, , , , , , , 27.69525, 0.0359197, , , , , , , , , , , , , , , , , , , , , , , , , , , , 
27.6957692, -0.0031891, , , , , , , 27.6957692, -0.0068818, , , , , , , 27.6957692, 0.0008392, , , , , , , 27.6957692, 0.0330663, , , , , , , , , , , , , , , , , , , , , , , , , , , , 
27.6962885, 0.0057069, , , , , , , 27.6962885, -0.0075532, , , , , , , 27.6962885, -0.0018463, , , , , , , 27.6962885, 0.0285344, , , , , , , , , , , , , , , , , , , , , , , , , , , , 
27.6968077, 0.0112459, , , , , , , 27.6968077, -0.008896, , , , , , , 27.6968077, -0.0048676, , , , , , , 27.6968077, 0.0229953, , , , , , , , , , , , , , , , , , , , , , , , , , , , 
27.6973269, 0.0095674, , , , , , , 27.6973269, -0.0095674, , , , , , , 27.6973269, -0.005539, , , , , , , 27.6973269, 0.018967, , , , , , , , , , , , , , , , , , , , , , , , , , , , 
27.6978462, 0.0072175, , , , , , , 27.6978462, -0.0090639, , , , , , , 27.6978462, -0.0048676, , , , , , , 27.6978462, 0.0166171, , , , , , , , , , , , , , , , , , , , , , , , , , , , 
27.6983654, 0.0105745, , , , , , , 27.6983654, -0.008896, , , , , , , 27.6983654, -0.0068818, , , , , , , 27.6983654, 0.0149386, , , , , , , , , , , , , , , , , , , , , , , , , , , , 
27.6988846, 0.0166171, , , , , , , 27.6988846, -0.0087282, , , , , , , 27.6988846, -0.0078889, , , , , , , 27.6988846, 0.0127565, , , , , , , , , , , , , , , , , , , , , , , , , , , , 
27.6994038, 0.0182956, , , , , , , 27.6994038, -0.0075532, , , , , , , 27.6994038, -0.0070497, , , , , , , 27.6994038, 0.0102388, , , , , , , , , , , , , , , , , , , , , , , , , , , , 
27.6999231, 0.0152743, , , , , , , 27.6999231, -0.0068818, , , , , , , 27.6999231, -0.0048676, , , , , , , 27.6999231, 0.0092317, , , , , , , , , , , , , , , , , , , , , , , , , , , , 
27.7004423, 0.0152743, , , , , , , 27.7004423, -0.0097353, , , , , , , 27.7004423, -0.0035248, , , , , , , 27.7004423, 0.0104067, , , , , , , , , , , , , , , , , , , , , , , , , , , , 
27.7009615, 0.0152743, , , , , , , 27.7009615, -0.011078, , , , , , , 27.7009615, -0.0041962, , , , , , , 27.7009615, 0.010071, , , , , , , , , , , , , , , , , , , , , , , , , , , , 
27.7014808, 0.0115816, , , , , , , 27.7014808, -0.0105745, , , , , , , 27.7014808, -0.0065461, , , , , , , 27.7014808, 0.0095674, , , , , , , , , , , , , , , , , , , , , , , , , , , , 
27.702, 0.0105745, , , , , , , 27.702, -0.0097353, , , , , , , 27.702, -0.0082246, , , , , , , 27.702, 0.0085603, , , , , , , , , , , , , , , , , , , , , , , , , , , , 
27.7025192, 0.0119173, , , , , , , 27.7025192, -0.0109102, , , , , , , 27.7025192, -0.0078889, , , , , , , 27.7025192, 0.0063783, , , , , , , , , , , , , , , , , , , , , , , , , , , , 
27.7030385, 0.0137636, , , , , , , 27.7030385, -0.011078, , , , , , , 27.7030385, -0.0063783, , , , , , , 27.7030385, 0.0078889, , , , , , , , , , , , , , , , , , , , , , , , , , , , 
27.7035577, 0.0149386, , , , , , , 27.7035577, -0.0109102, , , , , , , 27.7035577, -0.0058747, , , , , , , 27.7035577, 0.0102388, , , , , , , , , , , , , , , , , , , , , , , , , , , , 
27.7040769, 0.0159457, , , , , , , 27.7040769, -0.0095674, , , , , , , 27.7040769, -0.0048676, , , , , , , 27.7040769, 0.0104067, , , , , , , , , , , , , , , , , , , , , , , , , , , , 
27.7045962, 0.01561, , , , , , , 27.7045962, -0.0072175, , , , , , , 27.7045962, -0.0068818, , , , , , , 27.7045962, 0.0092317, , , , , , , , , , , , , , , , , , , , , , , , , , , , 
27.7051154, 0.01561, , , , , , , 27.7051154, -0.0070497, , , , , , , 27.7051154, -0.008896, , , , , , , 27.7051154, 0.0063783, , , , , , , , , , , , , , , , , , , , , , , , , , , , 
27.7056346, 0.0199741, , , , , , , 27.7056346, -0.0085603, , , , , , , 27.7056346, -0.0114137, , , , , , , 27.7056346, 0.0003357, , , , , , , , , , , , , , , , , , , , , , , , , , , , 
27.7061538, 0.0280308, , , , , , , 27.7061538, -0.0099031, , , , , , , 27.7061538, -0.0139315, , , , , , , 27.7061538, -0.0068818, , , , , , , , , , , , , , , , , , , , , , , , , , , , 
27.7066731, 0.0344091, , , , , , , 27.7066731, -0.008896, , , , , , , 27.7066731, -0.0142672, , , , , , , 27.7066731, -0.0115816, , , , , , , , , , , , , , , , , , , , , , , , , , , , 
27.7071923, 0.036759, , , , , , , 27.7071923, -0.0058747, , , , , , , 27.7071923, -0.012253, , , , , , , 27.7071923, -0.0129244, , , , , , , , , , , , , , , , , , , , , , , , , , , , 
27.7077115, 0.0344091, , , , , , , 27.7077115, -0.0062104, , , , , , , 27.7077115, -0.0124208, , , , , , , 27.7077115, -0.0135958, , , , , , , , , , , , , , , , , , , , , , , , , , , , 
27.7082308, 0.0307164, , , , , , , 27.7082308, -0.0077211, , , , , , , 27.7082308, -0.0159457, , , , , , , 27.7082308, -0.012253, , , , , , , , , , , , , , , , , , , , , , , , , , , , 
27.70875, 0.0280308, , , , , , , 27.70875, -0.0078889, , , , , , , 27.70875, -0.0162814, , , , , , , 27.70875, -0.0105745, , , , , , , , , , , , , , , , , , , , , , , , , , , , 
27.7092692, 0.0246738, , , , , , , 27.7092692, -0.0082246, , , , , , , 27.7092692, -0.0115816, , , , , , , 27.7092692, -0.0077211, , , , , , , , , , , , , , , , , , , , , , , , , , , , 
27.7097885, 0.0240024, , , , , , , 27.7097885, -0.0082246, , , , , , , 27.7097885, -0.0087282, , , , , , , 27.7097885, -0.0045319, , , , , , , , , , , , , , , , , , , , , , , , , , , , 
27.7103077, 0.0171206, , , , , , , 27.7103077, -0.0075532, , , , , , , 27.7103077, -0.008896, , , , , , , 27.7103077, -0.0015106, , , , , , , , , , , , , , , , , , , , , , , , , , , , 
27.7108269, 0.0099031, , , , , , , 27.7108269, -0.0072175, , , , , , , 27.7108269, -0.0109102, , , , , , , 27.7108269, -0.0015106, , , , , , , , , , , , , , , , , , , , , , , , , , , , 
27.7113462, 0.0058747, , , , , , , 27.7113462, -0.0075532, , , , , , , 27.7113462, -0.0112459, , , , , , , 27.7113462, -0.0001678, , , , , , , , , , , , , , , , , , , , , , , , , , , , 
27.7118654, 0.0031891, , , , , , , 27.7118654, -0.0082246, , , , , , , 27.7118654, -0.0087282, , , , , , , 27.7118654, 0.0073854, , , , , , , , , , , , , , , , , , , , , , , , , , , , 
27.7123846, 0.0011749, , , , , , , 27.7123846, -0.0082246, , , , , , , 27.7123846, -0.0070497, , , , , , , 27.7123846, 0.0166171, , , , , , , , , , , , , , , , , , , , , , , , , , , , 
27.7129038, 0.0011749, , , , , , , 27.7129038, -0.008896, , , , , , , 27.7129038, -0.0082246, , , , , , , 27.7129038, 0.0231632, , , , , , , , , , , , , , , , , , , , , , , , , , , , 
27.7134231, -0.0048676, , , , , , , 27.7134231, -0.0099031, , , , , , , 27.7134231, -0.0077211, , , , , , , 27.7134231, 0.0280308, , , , , , , , , , , , , , , , , , , , , , , , , , , , 
27.7139423, -0.012253, , , , , , , 27.7139423, -0.011078, , , , , , , 27.7139423, -0.0052033, , , , , , , 27.7139423, 0.0337377, , , , , , , , , , , , , , , , , , , , , , , , , , , , 
27.7144615, -0.0127565, , , , , , , 27.7144615, -0.0112459, , , , , , , 27.7144615, -0.0035248, , , , , , , 27.7144615, 0.040116, , , , , , , , , , , , , , , , , , , , , , , , , , , , 
27.7149808, -0.0048676, , , , , , , 27.7149808, -0.0095674, , , , , , , 27.7149808, -0.0011749, , , , , , , 27.7149808, 0.0428016, , , , , , , , , , , , , , , , , , , , , , , , , , , , 
27.7155, -0.0001678, , , , , , , 27.7155, -0.0075532, , , , , , , 27.7155, -0.0001678, , , , , , , 27.7155, 0.0407874, , , , , , , , , , , , , , , , , , , , , , , , , , , , 
27.7160192, -0.0015106, , , , , , , 27.7160192, -0.0075532, , , , , , , 27.7160192, -0.0015106, , , , , , , 27.7160192, 0.0394446, , , , , , , , , , , , , , , , , , , , , , , , , , , , 
27.7165385, -0.0005035, , , , , , , 27.7165385, -0.0065461, , , , , , , 27.7165385, -0.0030213, , , , , , , 27.7165385, 0.0381018, , , , , , , , , , , , , , , , , , , , , , , , , , , , 
27.7170577, 0.0035248, , , , , , , 27.7170577, -0.0062104, , , , , , , 27.7170577, -0.0043641, , , , , , , 27.7170577, 0.0354162, , , , , , , , , , , , , , , , , , , , , , , , , , , , 
27.7175769, 0.008896, , , , , , , 27.7175769, -0.0063783, , , , , , , 27.7175769, -0.0062104, , , , , , , 27.7175769, 0.0303807, , , , , , , , , , , , , , , , , , , , , , , , , , , , 
27.7180962, 0.0135958, , , , , , , 27.7180962, -0.0082246, , , , , , , 27.7180962, -0.0068818, , , , , , , 27.7180962, 0.0251774, , , , , , , , , , , , , , , , , , , , , , , , , , , , 
27.7186154, 0.0112459, , , , , , , 27.7186154, -0.0095674, , , , , , , 27.7186154, -0.0063783, , , , , , , 27.7186154, 0.0226596, , , , , , , , , , , , , , , , , , , , , , , , , , , , 
27.7191346, 0.0058747, , , , , , , 27.7191346, -0.0119173, , , , , , , 27.7191346, -0.0062104, , , , , , , 27.7191346, 0.0206455, , , , , , , , , , , , , , , , , , , , , , , , , , , , 
27.7196538, 0.0058747, , , , , , , 27.7196538, -0.012253, , , , , , , 27.7196538, -0.0070497, , , , , , , 27.7196538, 0.0171206, , , , , , , , , , , , , , , , , , , , , , , , , , , , 
27.7201731, 0.0090639, , , , , , , 27.7201731, -0.0109102, , , , , , , 27.7201731, -0.0078889, , , , , , , 27.7201731, 0.0130922, , , , , , , , , , , , , , , , , , , , , , , , , , , , 
27.7206923, 0.0115816, , , , , , , 27.7206923, -0.0109102, , , , , , , 27.7206923, -0.0082246, , , , , , , 27.7206923, 0.0092317, , , , , , , , , , , , , , , , , , , , , , , , , , , , 
27.7212115, 0.0132601, , , , , , , 27.7212115, -0.0115816, , , , , , , 27.7212115, -0.0075532, , , , , , , 27.7212115, 0.0083925, , , , , , , , , , , , , , , , , , , , , , , , , , , , 
27.7217308, 0.0135958, , , , , , , 27.7217308, -0.0112459, , , , , , , 27.7217308, -0.0097353, , , , , , , 27.7217308, 0.0085603, , , , , , , , , , , , , , , , , , , , , , , , , , , , 
27.72225, 0.0152743, , , , , , , 27.72225, -0.0109102, , , , , , , 27.72225, -0.0112459, , , , , , , 27.72225, 0.0090639, , , , , , , , , , , , , , , , , , , , , , , , , , , , 
27.7227692, 0.0176242, , , , , , , 27.7227692, -0.0102388, , , , , , , 27.7227692, -0.0109102, , , , , , , 27.7227692, 0.0099031, , , , , , , , , , , , , , , , , , , , , , , , , , , , 
27.7232885, 0.0223239, , , , , , , 27.7232885, -0.0102388, , , , , , , 27.7232885, -0.0115816, , , , , , , 27.7232885, 0.0112459, , , , , , , , , , , , , , , , , , , , , , , , , , , , 
27.7238077, 0.0193027, , , , , , , 27.7238077, -0.0085603, , , , , , , 27.7238077, -0.0129244, , , , , , , 27.7238077, 0.0132601, , , , , , , , , , , , , , , , , , , , , , , , , , , , 
27.7243269, 0.0139315, , , , , , , 27.7243269, -0.0072175, , , , , , , 27.7243269, -0.0129244, , , , , , , 27.7243269, 0.0142672, , , , , , , , , , , , , , , , , , , , , , , , , , , , 
27.7248462, 0.0119173, , , , , , , 27.7248462, -0.0062104, , , , , , , 27.7248462, -0.0104067, , , , , , , 27.7248462, 0.014435, , , , , , , , , , , , , , , , , , , , , , , , , , , , 
27.7253654, 0.0146029, , , , , , , 27.7253654, -0.0065461, , , , , , , 27.7253654, -0.0095674, , , , , , , 27.7253654, 0.0129244, , , , , , , , , , , , , , , , , , , , , , , , , , , , 
27.7258846, 0.0196384, , , , , , , 27.7258846, -0.0058747, , , , , , , 27.7258846, -0.0115816, , , , , , , 27.7258846, 0.0105745, , , , , , , , , , , , , , , , , , , , , , , , , , , , 
27.7264038, 0.0270237, , , , , , , 27.7264038, -0.0062104, , , , , , , 27.7264038, -0.0130922, , , , , , , 27.7264038, 0.0062104, , , , , , , , , , , , , , , , , , , , , , , , , , , , 
27.7269231, 0.0317235, , , , , , , 27.7269231, -0.008896, , , , , , , 27.7269231, -0.0139315, , , , , , , 27.7269231, 0.0008392, , , , , , , , , , , , , , , , , , , , , , , , , , , , 
27.7274423, 0.0344091, , , , , , , 27.7274423, -0.0095674, , , , , , , 27.7274423, -0.0142672, , , , , , , 27.7274423, -0.002182, , , , , , , , , , , , , , , , , , , , , , , , , , , , 
27.7279615, 0.0347448, , , , , , , 27.7279615, -0.0078889, , , , , , , 27.7279615, -0.0162814, , , , , , , 27.7279615, -0.0041962, , , , , , , , , , , , , , , , , , , , , , , , , , , , 
27.7284808, 0.0307164, , , , , , , 27.7284808, -0.005539, , , , , , , 27.7284808, -0.0182956, , , , , , , 27.7284808, -0.0031891, , , , , , , , , , , , , , , , , , , , , , , , , , , , 
27.729, 0.026688, , , , , , , 27.729, -0.005539, , , , , , , 27.729, -0.0182956, , , , , , , 27.729, 0.002182, , , , , , , , , , , , , , , , , , , , , , , , , , , , 
27.7295192, 0.0219883, , , , , , , 27.7295192, -0.0052033, , , , , , , 27.7295192, -0.0152743, , , , , , , 27.7295192, 0.0075532, , , , , , , , , , , , , , , , , , , , , , , , , , , , 
27.7300385, 0.0172885, , , , , , , 27.7300385, -0.0062104, , , , , , , 27.7300385, -0.0125887, , , , , , , 27.7300385, 0.0119173, , , , , , , , , , , , , , , , , , , , , , , , , , , , 
27.7305577, 0.0125887, , , , , , , 27.7305577, -0.0075532, , , , , , , 27.7305577, -0.0112459, , , , , , , 27.7305577, 0.0159457, , , , , , , , , , , , , , , , , , , , , , , , , , , , 
27.7310769, 0.0085603, , , , , , , 27.7310769, -0.0082246, , , , , , , 27.7310769, -0.0102388, , , , , , , 27.7310769, 0.0199741, , , , , , , , , , , , , , , , , , , , , , , , , , , , 
27.7315962, 0.0052033, , , , , , , 27.7315962, -0.0075532, , , , , , , 27.7315962, -0.0095674, , , , , , , 27.7315962, 0.0243381, , , , , , , , , , , , , , , , , , , , , , , , , , , , 
27.7321154, 0.0043641, , , , , , , 27.7321154, -0.005539, , , , , , , 27.7321154, -0.0077211, , , , , , , 27.7321154, 0.0290379, , , , , , , , , , , , , , , , , , , , , , , , , , , , 
27.7326346, 0.0038605, , , , , , , 27.7326346, -0.0045319, , , , , , , 27.7326346, -0.0050355, , , , , , , 27.7326346, 0.0330663, , , , , , , , , , , , , , , , , , , , , , , , , , , , 
27.7331538, -0.0001678, , , , , , , 27.7331538, -0.0041962, , , , , , , 27.7331538, -0.0028534, , , , , , , 27.7331538, 0.0360876, , , , , , , , , , , , , , , , , , , , , , , , , , , , 
27.7336731, -0.005539, , , , , , , 27.7336731, -0.0041962, , , , , , , 27.7336731, -0.002182, , , , , , , 27.7336731, 0.0374304, , , , , , , , , , , , , , , , , , , , , , , , , , , , 
27.7341923, -0.0082246, , , , , , , 27.7341923, -0.0035248, , , , , , , 27.7341923, -0.0038605, , , , , , , 27.7341923, 0.0374304, , , , , , , , , , , , , , , , , , , , , , , , , , , , 
27.7347115, -0.0072175, , , , , , , 27.7347115, -0.002182, , , , , , , 27.7347115, -0.0048676, , , , , , , 27.7347115, 0.0365911, , , , , , , , , , , , , , , , , , , , , , , , , , , , 
27.7352308, -0.0028534, , , , , , , 27.7352308, -0.002182, , , , , , , 27.7352308, -0.0043641, , , , , , , 27.7352308, 0.0340734, , , , , , , , , , , , , , , , , , , , , , , , , , , , 
27.73575, 0.0020142, , , , , , , 27.73575, -0.005539, , , , , , , 27.73575, -0.002182, , , , , , , 27.73575, 0.0303807, , , , , , , , , , , , , , , , , , , , , , , , , , , , 
27.7362692, 0.0065461, , , , , , , 27.7362692, -0.0078889, , , , , , , 27.7362692, -0.0015106, , , , , , , 27.7362692, 0.024506, , , , , , , , , , , , , , , , , , , , , , , , , , , , 
27.7367885, 0.012253, , , , , , , 27.7367885, -0.0068818, , , , , , , 27.7367885, -0.0015106, , , , , , , 27.7367885, 0.0166171, , , , , , , , , , , , , , , , , , , , , , , , , , , , 
27.7373077, 0.0132601, , , , , , , 27.7373077, -0.0052033, , , , , , , 27.7373077, -0.0025177, , , , , , , 27.7373077, 0.0132601, , , , , , , , , , , , , , , , , , , , , , , , , , , , 
27.7378269, 0.0152743, , , , , , , 27.7378269, -0.0062104, , , , , , , 27.7378269, -0.0048676, , , , , , , 27.7378269, 0.0139315, , , , , , , , , , , , , , , , , , , , , , , , , , , , 
27.7383462, 0.0166171, , , , , , , 27.7383462, -0.0082246, , , , , , , 27.7383462, -0.0065461, , , , , , , 27.7383462, 0.0142672, , , , , , , , , , , , , , , , , , , , , , , , , , , , 
27.7388654, 0.014435, , , , , , , 27.7388654, -0.0085603, , , , , , , 27.7388654, -0.0072175, , , , , , , 27.7388654, 0.0139315, , , , , , , , , , , , , , , , , , , , , , , , , , , , 
27.7393846, 0.0115816, , , , , , , 27.7393846, -0.0075532, , , , , , , 27.7393846, -0.0078889, , , , , , , 27.7393846, 0.0137636, , , , , , , , , , , , , , , , , , , , , , , , , , , , 
27.7399038, 0.0117494, , , , , , , 27.7399038, -0.0075532, , , , , , , 27.7399038, -0.0078889, , , , , , , 27.7399038, 0.0105745, , , , , , , , , , , , , , , , , , , , , , , , , , , , 
27.7404231, 0.0115816, , , , , , , 27.7404231, -0.0095674, , , , , , , 27.7404231, -0.0065461, , , , , , , 27.7404231, 0.0065461, , , , , , , , , , , , , , , , , , , , , , , , , , , , 
27.7409423, 0.0115816, , , , , , , 27.7409423, -0.0102388, , , , , , , 27.7409423, -0.0048676, , , , , , , 27.7409423, 0.0058747, , , , , , , , , , , , , , , , , , , , , , , , , , , , 
27.7414615, 0.0099031, , , , , , , 27.7414615, -0.0099031, , , , , , , 27.7414615, -0.0045319, , , , , , , 27.7414615, 0.0065461, , , , , , , , , , , , , , , , , , , , , , , , , , , , 
27.7419808, 0.0102388, , , , , , , 27.7419808, -0.010071, , , , , , , 27.7419808, -0.0062104, , , , , , , 27.7419808, 0.0078889, , , , , , , , , , , , , , , , , , , , , , , , , , , , 
27.7425, 0.0135958, , , , , , , 27.7425, -0.008896, , , , , , , 27.7425, -0.0068818, , , , , , , 27.7425, 0.0077211, , , , , , , , , , , , , , , , , , , , , , , , , , , , 
27.7430192, 0.0169528, , , , , , , 27.7430192, -0.0072175, , , , , , , 27.7430192, -0.0048676, , , , , , , 27.7430192, 0.0058747, , , , , , , , , , , , , , , , , , , , , , , , , , , , 
27.7435385, 0.0193027, , , , , , , 27.7435385, -0.0068818, , , , , , , 27.7435385, -0.0038605, , , , , , , 27.7435385, 0.0057069, , , , , , , , , , , , , , , , , , , , , , , , , , , , 
27.7440577, 0.0216526, , , , , , , 27.7440577, -0.0065461, , , , , , , 27.7440577, -0.0050355, , , , , , , 27.7440577, 0.0065461, , , , , , , , , , , , , , , , , , , , , , , , , , , , 
27.7445769, 0.0219883, , , , , , , 27.7445769, -0.0058747, , , , , , , 27.7445769, -0.005539, , , , , , , 27.7445769, 0.0058747, , , , , , , , , , , , , , , , , , , , , , , , , , , , 
27.7450962, 0.0199741, , , , , , , 27.7450962, -0.0060426, , , , , , , 27.7450962, -0.0057069, , , , , , , 27.7450962, 0.0038605, , , , , , , , , , , , , , , , , , , , , , , , , , , , 
27.7456154, 0.0236667, , , , , , , 27.7456154, -0.0068818, , , , , , , 27.7456154, -0.0075532, , , , , , , 27.7456154, -0.0028534, , , , , , , , , , , , , , , , , , , , , , , , , , , , 
27.7461346, 0.0280308, , , , , , , 27.7461346, -0.0085603, , , , , , , 27.7461346, -0.0102388, , , , , , , 27.7461346, -0.0085603, , , , , , , , , , , , , , , , , , , , , , , , , , , , 
27.7466538, 0.0320592, , , , , , , 27.7466538, -0.0085603, , , , , , , 27.7466538, -0.0119173, , , , , , , 27.7466538, -0.0092317, , , , , , , , , , , , , , , , , , , , , , , , , , , , 
27.7471731, 0.0347448, , , , , , , 27.7471731, -0.0085603, , , , , , , 27.7471731, -0.0135958, , , , , , , 27.7471731, -0.008896, , , , , , , , , , , , , , , , , , , , , , , , , , , , 
27.7476923, 0.0370947, , , , , , , 27.7476923, -0.0075532, , , , , , , 27.7476923, -0.0149386, , , , , , , 27.7476923, -0.0109102, , , , , , , , , , , , , , , , , , , , , , , , , , , , 
27.7482115, 0.0344091, , , , , , , 27.7482115, -0.0070497, , , , , , , 27.7482115, -0.01561, , , , , , , 27.7482115, -0.0102388, , , , , , , , , , , , , , , , , , , , , , , , , , , , 
27.7487308, 0.0317235, , , , , , , 27.7487308, -0.0090639, , , , , , , 27.7487308, -0.0162814, , , , , , , 27.7487308, -0.0073854, , , , , , , , , , , , , , , , , , , , , , , , , , , , 
27.74925, 0.0313878, , , , , , , 27.74925, -0.0124208, , , , , , , 27.74925, -0.0146029, , , , , , , 27.74925, -0.0035248, , , , , , , , , , , , , , , , , , , , , , , , , , , , 
27.7497692, 0.0320592, , , , , , , 27.7497692, -0.0117494, , , , , , , 27.7497692, -0.0102388, , , , , , , 27.7497692, 0.0025177, , , , , , , , , , , , , , , , , , , , , , , , , , , , 
27.7502885, 0.0293736, , , , , , , 27.7502885, -0.0090639, , , , , , , 27.7502885, -0.0082246, , , , , , , 27.7502885, 0.0057069, , , , , , , , , , , , , , , , , , , , , , , , , , , , 
27.7508077, 0.0196384, , , , , , , 27.7508077, -0.008896, , , , , , , 27.7508077, -0.0083925, , , , , , , 27.7508077, 0.0063783, , , , , , , , , , , , , , , , , , , , , , , , , , , , 
27.7513269, 0.0129244, , , , , , , 27.7513269, -0.0095674, , , , , , , 27.7513269, -0.0102388, , , , , , , 27.7513269, 0.0085603, , , , , , , , , , , , , , , , , , , , , , , , , , , , 
27.7518462, 0.0092317, , , , , , , 27.7518462, -0.0092317, , , , , , , 27.7518462, -0.0115816, , , , , , , 27.7518462, 0.0135958, , , , , , , , , , , , , , , , , , , , , , , , , , , , 
27.7523654, 0.0038605, , , , , , , 27.7523654, -0.0082246, , , , , , , 27.7523654, -0.0092317, , , , , , , 27.7523654, 0.0218204, , , , , , , , , , , , , , , , , , , , , , , , , , , , 
27.7528846, -0.0015106, , , , , , , 27.7528846, -0.0072175, , , , , , , 27.7528846, -0.0058747, , , , , , , 27.7528846, 0.0270237, , , , , , , , , , , , , , , , , , , , , , , , , , , , 
27.7534038, -0.0015106, , , , , , , 27.7534038, -0.0062104, , , , , , , 27.7534038, -0.0043641, , , , , , , 27.7534038, 0.0275273, , , , , , , , , , , , , , , , , , , , , , , , , , , , 
27.7539231, -0.0005035, , , , , , , 27.7539231, -0.0043641, , , , , , , 27.7539231, -0.0048676, , , , , , , 27.7539231, 0.030045, , , , , , , , , , , , , , , , , , , , , , , , , , , , 
27.7544423, -0.0015106, , , , , , , 27.7544423, -0.005539, , , , , , , 27.7544423, -0.005539, , , , , , , 27.7544423, 0.0344091, , , , , , , , , , , , , , , , , , , , , , , , , , , , 
27.7549615, -0.0052033, , , , , , , 27.7549615, -0.0082246, , , , , , , 27.7549615, -0.0048676, , , , , , , 27.7549615, 0.0357519, , , , , , , , , , , , , , , , , , , , , , , , , , , , 
27.7554808, -0.0082246, , , , , , , 27.7554808, -0.0099031, , , , , , , 27.7554808, -0.0041962, , , , , , , 27.7554808, 0.033402, , , , , , , , , , , , , , , , , , , , , , , , , , , , 
27.756, -0.0045319, , , , , , , 27.756, -0.0092317, , , , , , , 27.756, -0.0065461, , , , , , , 27.756, 0.0280308, , , , , , , , , , , , , , , , , , , , , , , , , , , , 
27.7565192, 0.002182, , , , , , , 27.7565192, -0.0075532, , , , , , , 27.7565192, -0.0087282, , , , , , , 27.7565192, 0.0213169, , , , , , , , , , , , , , , , , , , , , , , , , , , , 
27.7570385, 0.0050355, , , , , , , 27.7570385, -0.0075532, , , , , , , 27.7570385, -0.0072175, , , , , , , 27.7570385, 0.0169528, , , , , , , , , , , , , , , , , , , , , , , , , , , , 
27.7575577, 0.0072175, , , , , , , 27.7575577, -0.008896, , , , , , , 27.7575577, -0.0058747, , , , , , , 27.7575577, 0.0151064, , , , , , , , , , , , , , , , , , , , , , , , , , , , 
27.7580769, 0.0114137, , , , , , , 27.7580769, -0.008896, , , , , , , 27.7580769, -0.0048676, , , , , , , 27.7580769, 0.0117494, , , , , , , , , , , , , , , , , , , , , , , , , , , , 
27.7585962, 0.0112459, , , , , , , 27.7585962, -0.0092317, , , , , , , 27.7585962, -0.005539, , , , , , , 27.7585962, 0.0072175, , , , , , , , , , , , , , , , , , , , , , , , , , , , 
27.7591154, 0.0092317, , , , , , , 27.7591154, -0.008896, , , , , , , 27.7591154, -0.0063783, , , , , , , 27.7591154, 0.0045319, , , , , , , , , , , , , , , , , , , , , , , , , , , , 
27.7596346, 0.0112459, , , , , , , 27.7596346, -0.0078889, , , , , , , 27.7596346, -0.0075532, , , , , , , 27.7596346, 0.0050355, , , , , , , , , , , , , , , , , , , , , , , , , , , , 
27.7601538, 0.0159457, , , , , , , 27.7601538, -0.0073854, , , , , , , 27.7601538, -0.0082246, , , , , , , 27.7601538, 0.0052033, , , , , , , , , , , , , , , , , , , , , , , , , , , , 
27.7606731, 0.0176242, , , , , , , 27.7606731, -0.0075532, , , , , , , 27.7606731, -0.0068818, , , , , , , 27.7606731, 0.0045319, , , , , , , , , , , , , , , , , , , , , , , , , , , , 
27.7611923, 0.0159457, , , , , , , 27.7611923, -0.0068818, , , , , , , 27.7611923, -0.0062104, , , , , , , 27.7611923, 0.0045319, , , , , , , , , , , , , , , , , , , , , , , , , , , , 
27.7617115, 0.0135958, , , , , , , 27.7617115, -0.0072175, , , , , , , 27.7617115, -0.0045319, , , , , , , 27.7617115, 0.0050355, , , , , , , , , , , , , , , , , , , , , , , , , , , , 
27.7622308, 0.0159457, , , , , , , 27.7622308, -0.0082246, , , , , , , 27.7622308, -0.0052033, , , , , , , 27.7622308, 0.0065461, , , , , , , , , , , , , , , , , , , , , , , , , , , , 
27.76275, 0.017792, , , , , , , 27.76275, -0.0099031, , , , , , , 27.76275, -0.0073854, , , , , , , 27.76275, 0.005539, , , , , , , , , , , , , , , , , , , , , , , , , , , , 
27.7632692, 0.01561, , , , , , , 27.7632692, -0.0104067, , , , , , , 27.7632692, -0.008896, , , , , , , 27.7632692, 0.0045319, , , , , , , , , , , , , , , , , , , , , , , , , , , , 
27.7637885, 0.0206455, , , , , , , 27.7637885, -0.0082246, , , , , , , 27.7637885, -0.0083925, , , , , , , 27.7637885, 0.0038605, , , , , , , , , , , , , , , , , , , , , , , , , , , , 
27.7643077, 0.0213169, , , , , , , 27.7643077, -0.0082246, , , , , , , 27.7643077, -0.0082246, , , , , , , 27.7643077, 0.005539, , , , , , , , , , , , , , , , , , , , , , , , , , , , 
27.7648269, 0.0166171, , , , , , , 27.7648269, -0.008896, , , , , , , 27.7648269, -0.0095674, , , , , , , 27.7648269, 0.0082246, , , , , , , , , , , , , , , , , , , , , , , , , , , , 
27.7653462, 0.0166171, , , , , , , 27.7653462, -0.0095674, , , , , , , 27.7653462, -0.0082246, , , , , , , 27.7653462, 0.0068818, , , , , , , , , , , , , , , , , , , , , , , , , , , , 
27.7658654, 0.0219883, , , , , , , 27.7658654, -0.0095674, , , , , , , 27.7658654, -0.0058747, , , , , , , 27.7658654, 0.0023499, , , , , , , , , , , , , , , , , , , , , , , , , , , , 
27.7663846, 0.0263523, , , , , , , 27.7663846, -0.0095674, , , , , , , 27.7663846, -0.0062104, , , , , , , 27.7663846, -0.0016785, , , , , , , , , , , , , , , , , , , , , , , , , , , , 
27.7669038, 0.030045, , , , , , , 27.7669038, -0.0092317, , , , , , , 27.7669038, -0.008896, , , , , , , 27.7669038, -0.0062104, , , , , , , , , , , , , , , , , , , , , , , , , , , , 
27.7674231, 0.0320592, , , , , , , 27.7674231, -0.0077211, , , , , , , 27.7674231, -0.0102388, , , , , , , 27.7674231, -0.0083925, , , , , , , , , , , , , , , , , , , , , , , , , , , , 
27.7679423, 0.0330663, , , , , , , 27.7679423, -0.0058747, , , , , , , 27.7679423, -0.008896, , , , , , , 27.7679423, -0.0065461, , , , , , , , , , , , , , , , , , , , , , , , , , , , 
27.7684615, 0.033402, , , , , , , 27.7684615, -0.0057069, , , , , , , 27.7684615, -0.0072175, , , , , , , 27.7684615, -0.0041962, , , , , , , , , , , , , , , , , , , , , , , , , , , , 
27.7689808, 0.0283665, , , , , , , 27.7689808, -0.005539, , , , , , , 27.7689808, -0.0065461, , , , , , , 27.7689808, -0.0015106, , , , , , , , , , , , , , , , , , , , , , , , , , , , 
27.7695, 0.0206455, , , , , , , 27.7695, -0.0058747, , , , , , , 27.7695, -0.0068818, , , , , , , 27.7695, 0.0043641, , , , , , , , , , , , , , , , , , , , , , , , , , , , 
27.7700192, 0.0129244, , , , , , , 27.7700192, -0.005539, , , , , , , 27.7700192, -0.0060426, , , , , , , 27.7700192, 0.0099031, , , , , , , , , , , , , , , , , , , , , , , , , , , , 
27.7705385, 0.008896, , , , , , , 27.7705385, -0.0038605, , , , , , , 27.7705385, -0.0035248, , , , , , , 27.7705385, 0.0146029, , , , , , , , , , , , , , , , , , , , , , , , , , , , 
27.7710577, 0.0078889, , , , , , , 27.7710577, -0.0043641, , , , , , , 27.7710577, -0.0015106, , , , , , , 27.7710577, 0.0199741, , , , , , , , , , , , , , , , , , , , , , , , , , , , 
27.7715769, 0.0020142, , , , , , , 27.7715769, -0.0075532, , , , , , , 27.7715769, -0.0025177, , , , , , , 27.7715769, 0.0229953, , , , , , , , , , , , , , , , , , , , , , , , , , , , 
27.7720962, -0.0035248, , , , , , , 27.7720962, -0.0083925, , , , , , , 27.7720962, -0.005539, , , , , , , 27.7720962, 0.0275273, , , , , , , , , , , , , , , , , , , , , , , , , , , , 
27.7726154, -0.0045319, , , , , , , 27.7726154, -0.0078889, , , , , , , 27.7726154, -0.0058747, , , , , , , 27.7726154, 0.0340734, , , , , , , , , , , , , , , , , , , , , , , , , , , , 
27.7731346, -0.0063783, , , , , , , 27.7731346, -0.0085603, , , , , , , 27.7731346, -0.0018463, , , , , , , 27.7731346, 0.0386053, , , , , , , , , , , , , , , , , , , , , , , , , , , , 
27.7736538, -0.0129244, , , , , , , 27.7736538, -0.0095674, , , , , , , 27.7736538, 0.0005035, , , , , , , 27.7736538, 0.0414588, , , , , , , , , , , , , , , , , , , , , , , , , , , , 
27.7741731, -0.0171206, , , , , , , 27.7741731, -0.0082246, , , , , , , 27.7741731, -0.002182, , , , , , , 27.7741731, 0.043473, , , , , , , , , , , , , , , , , , , , , , , , , , , , 
27.7746923, -0.0149386, , , , , , , 27.7746923, -0.0068818, , , , , , , 27.7746923, -0.0028534, , , , , , , 27.7746923, 0.0448157, , , , , , , , , , , , , , , , , , , , , , , , , , , , 
27.7752115, -0.0095674, , , , , , , 27.7752115, -0.0072175, , , , , , , 27.7752115, -0.0045319, , , , , , , 27.7752115, 0.0438087, , , , , , , , , , , , , , , , , , , , , , , , , , , , 
27.7757308, -0.0048676, , , , , , , 27.7757308, -0.0095674, , , , , , , 27.7757308, -0.0060426, , , , , , , 27.7757308, 0.0387732, , , , , , , , , , , , , , , , , , , , , , , , , , , , 
27.77625, -0.002182, , , , , , , 27.77625, -0.0099031, , , , , , , 27.77625, -0.0057069, , , , , , , 27.77625, 0.0320592, , , , , , , , , , , , , , , , , , , , , , , , , , , , 
27.7767692, 0.0016785, , , , , , , 27.7767692, -0.0075532, , , , , , , 27.7767692, -0.0062104, , , , , , , 27.7767692, 0.0253452, , , , , , , , , , , , , , , , , , , , , , , , , , , , 
27.7772885, 0.0058747, , , , , , , 27.7772885, -0.0062104, , , , , , , 27.7772885, -0.005539, , , , , , , 27.7772885, 0.0219883, , , , , , , , , , , , , , , , , , , , , , , , , , , , 
27.7778077, 0.0031891, , , , , , , 27.7778077, -0.0062104, , , , , , , 27.7778077, -0.0036927, , , , , , , 27.7778077, 0.0194705, , , , , , , , , , , , , , , , , , , , , , , , , , , , 
27.7783269, 0.0006714, , , , , , , 27.7783269, -0.0057069, , , , , , , 27.7783269, -0.0036927, , , , , , , 27.7783269, 0.0172885, , , , , , , , , , , , , , , , , , , , , , , , , , , , 
27.7788462, 0.0028534, , , , , , , 27.7788462, -0.005539, , , , , , , 27.7788462, -0.0050355, , , , , , , 27.7788462, 0.0154421, , , , , , , , , , , , , , , , , , , , , , , , , , , , 
27.7793654, 0.0058747, , , , , , , 27.7793654, -0.0052033, , , , , , , 27.7793654, -0.0048676, , , , , , , 27.7793654, 0.0157778, , , , , , , , , , , , , , , , , , , , , , , , , , , , 
27.7798846, 0.0065461, , , , , , , 27.7798846, -0.0041962, , , , , , , 27.7798846, -0.005539, , , , , , , 27.7798846, 0.0139315, , , , , , , , , , , , , , , , , , , , , , , , , , , , 
27.7804038, 0.0105745, , , , , , , 27.7804038, -0.0043641, , , , , , , 27.7804038, -0.0068818, , , , , , , 27.7804038, 0.0104067, , , , , , , , , , , , , , , , , , , , , , , , , , , , 
27.7809231, 0.0172885, , , , , , , 27.7809231, -0.0046998, , , , , , , 27.7809231, -0.0085603, , , , , , , 27.7809231, 0.0072175, , , , , , , , , , , , , , , , , , , , , , , , , , , , 
27.7814423, 0.0216526, , , , , , , 27.7814423, -0.0041962, , , , , , , 27.7814423, -0.008896, , , , , , , 27.7814423, 0.0077211, , , , , , , , , , , , , , , , , , , , , , , , , , , , 
27.7819615, 0.0229953, , , , , , , 27.7819615, -0.0050355, , , , , , , 27.7819615, -0.0075532, , , , , , , 27.7819615, 0.0092317, , , , , , , , , , , , , , , , , , , , , , , , , , , , 
27.7824808, 0.0193027, , , , , , , 27.7824808, -0.005539, , , , , , , 27.7824808, -0.0075532, , , , , , , 27.7824808, 0.0052033, , , , , , , , , , , , , , , , , , , , , , , , , , , , 
27.783, 0.0179599, , , , , , , 27.783, -0.0052033, , , , , , , 27.783, -0.008896, , , , , , , 27.783, 0.0011749, , , , , , , , , , , , , , , , , , , , , , , , , , , , 
27.7835192, 0.0213169, , , , , , , 27.7835192, -0.0075532, , , , , , , 27.7835192, -0.0082246, , , , , , , 27.7835192, -0.0008392, , , , , , , , , , , , , , , , , , , , , , , , , , , , 
27.7840385, 0.0240024, , , , , , , 27.7840385, -0.0095674, , , , , , , 27.7840385, -0.0068818, , , , , , , 27.7840385, -0.0015106, , , , , , , , , , , , , , , , , , , , , , , , , , , , 
27.7845577, 0.0263523, , , , , , , 27.7845577, -0.0085603, , , , , , , 27.7845577, -0.0065461, , , , , , , 27.7845577, -0.0038605, , , , , , , , , , , , , , , , , , , , , , , , , , , , 
27.7850769, 0.0273594, , , , , , , 27.7850769, -0.0063783, , , , , , , 27.7850769, -0.0082246, , , , , , , 27.7850769, -0.0060426, , , , , , , , , , , , , , , , , , , , , , , , , , , , 
27.7855962, 0.0253452, , , , , , , 27.7855962, -0.0060426, , , , , , , 27.7855962, -0.0109102, , , , , , , 27.7855962, -0.0078889, , , , , , , , , , , , , , , , , , , , , , , , , , , , 
27.7861154, 0.026688, , , , , , , 27.7861154, -0.0062104, , , , , , , 27.7861154, -0.0109102, , , , , , , 27.7861154, -0.010071, , , , , , , , , , , , , , , , , , , , , , , , , , , , 
27.7866346, 0.0293736, , , , , , , 27.7866346, -0.0078889, , , , , , , 27.7866346, -0.0095674, , , , , , , 27.7866346, -0.0115816, , , , , , , , , , , , , , , , , , , , , , , , , , , , 
27.7871538, 0.033402, , , , , , , 27.7871538, -0.0083925, , , , , , , 27.7871538, -0.010071, , , , , , , 27.7871538, -0.0095674, , , , , , , , , , , , , , , , , , , , , , , , , , , , 
27.7876731, 0.0412909, , , , , , , 27.7876731, -0.0068818, , , , , , , 27.7876731, -0.0109102, , , , , , , 27.7876731, -0.0068818, , , , , , , , , , , , , , , , , , , , , , , , , , , , 
27.7881923, 0.0451514, , , , , , , 27.7881923, -0.0068818, , , , , , , 27.7881923, -0.0129244, , , , , , , 27.7881923, -0.0052033, , , , , , , , , , , , , , , , , , , , , , , , , , , , 
27.7887115, 0.040116, , , , , , , 27.7887115, -0.0077211, , , , , , , 27.7887115, -0.0135958, , , , , , , 27.7887115, -0.0001678, , , , , , , , , , , , , , , , , , , , , , , , , , , , 
27.7892308, 0.0290379, , , , , , , 27.7892308, -0.0085603, , , , , , , 27.7892308, -0.0142672, , , , , , , 27.7892308, 0.0058747, , , , , , , , , , , , , , , , , , , , , , , , , , , , 
27.78975, 0.0184634, , , , , , , 27.78975, -0.0102388, , , , , , , 27.78975, -0.0125887, , , , , , , 27.78975, 0.0115816, , , , , , , , , , , , , , , , , , , , , , , , , , , , 
27.7902692, 0.0140993, , , , , , , 27.7902692, -0.0102388, , , , , , , 27.7902692, -0.0099031, , , , , , , 27.7902692, 0.0146029, , , , , , , , , , , , , , , , , , , , , , , , , , , , 
27.7907885, 0.0132601, , , , , , , 27.7907885, -0.0078889, , , , , , , 27.7907885, -0.0072175, , , , , , , 27.7907885, 0.0166171, , , , , , , , , , , , , , , , , , , , , , , , , , , , 
27.7913077, 0.0068818, , , , , , , 27.7913077, -0.0062104, , , , , , , 27.7913077, -0.0068818, , , , , , , 27.7913077, 0.0209812, , , , , , , , , , , , , , , , , , , , , , , , , , , , 
27.7918269, -0.0020142, , , , , , , 27.7918269, -0.0053712, , , , , , , 27.7918269, -0.0082246, , , , , , , 27.7918269, 0.0265202, , , , , , , , , , , , , , , , , , , , , , , , , , , , 
27.7923462, -0.0085603, , , , , , , 27.7923462, -0.0046998, , , , , , , 27.7923462, -0.0082246, , , , , , , 27.7923462, 0.0318914, , , , , , , , , , , , , , , , , , , , , , , , , , , , 
27.7928654, -0.0125887, , , , , , , 27.7928654, -0.0068818, , , , , , , 27.7928654, -0.0068818, , , , , , , 27.7928654, 0.0370947, , , , , , , , , , , , , , , , , , , , , , , , , , , , 
27.7933846, -0.0115816, , , , , , , 27.7933846, -0.0085603, , , , , , , 27.7933846, -0.0062104, , , , , , , 27.7933846, 0.0397803, , , , , , , , , , , , , , , , , , , , , , , , , , , , 
27.7939038, -0.008896, , , , , , , 27.7939038, -0.0068818, , , , , , , 27.7939038, -0.0058747, , , , , , , 27.7939038, 0.0399481, , , , , , , , , , , , , , , , , , , , , , , , , , , , 
27.7944231, -0.0068818, , , , , , , 27.7944231, -0.005539, , , , , , , 27.7944231, -0.0048676, , , , , , , 27.7944231, 0.0411231, , , , , , , , , , , , , , , , , , , , , , , , , , , , 
27.7949423, -0.0068818, , , , , , , 27.7949423, -0.0062104, , , , , , , 27.7949423, -0.0043641, , , , , , , 27.7949423, 0.0426337, , , , , , , , , , , , , , , , , , , , , , , , , , , , 
27.7954615, -0.0038605, , , , , , , 27.7954615, -0.0065461, , , , , , , 27.7954615, -0.0041962, , , , , , , 27.7954615, 0.0381018, , , , , , , , , , , , , , , , , , , , , , , , , , , , 
27.7959808, 0.0038605, , , , , , , 27.7959808, -0.0072175, , , , , , , 27.7959808, -0.0050355, , , , , , , 27.7959808, 0.0307164, , , , , , , , , , , , , , , , , , , , , , , , , , , , 
27.7965, 0.0092317, , , , , , , 27.7965, -0.0082246, , , , , , , 27.7965, -0.0048676, , , , , , , 27.7965, 0.0260166, , , , , , , , , , , , , , , , , , , , , , , , , , , , 
27.7970192, 0.012253, , , , , , , 27.7970192, -0.0068818, , , , , , , 27.7970192, -0.0046998, , , , , , , 27.7970192, 0.0209812, , , , , , , , , , , , , , , , , , , , , , , , , , , , 
27.7975385, 0.0125887, , , , , , , 27.7975385, -0.0052033, , , , , , , 27.7975385, -0.0041962, , , , , , , 27.7975385, 0.0166171, , , , , , , , , , , , , , , , , , , , , , , , , , , , 
27.7980577, 0.0119173, , , , , , , 27.7980577, -0.0062104, , , , , , , 27.7980577, -0.0062104, , , , , , , 27.7980577, 0.0132601, , , , , , , , , , , , , , , , , , , , , , , , , , , , 
27.7985769, 0.0132601, , , , , , , 27.7985769, -0.0075532, , , , , , , 27.7985769, -0.0082246, , , , , , , 27.7985769, 0.0109102, , , , , , , , , , , , , , , , , , , , , , , , , , , , 
27.7990962, 0.0164492, , , , , , , 27.7990962, -0.0083925, , , , , , , 27.7990962, -0.0085603, , , , , , , 27.7990962, 0.0075532, , , , , , , , , , , , , , , , , , , , , , , , , , , , 
27.7996154, 0.0206455, , , , , , , 27.7996154, -0.0082246, , , , , , , 27.7996154, -0.0114137, , , , , , , 27.7996154, 0.0062104, , , , , , , , , , , , , , , , , , , , , , , , , , , , 
27.8001346, 0.0193027, , , , , , , 27.8001346, -0.008896, , , , , , , 27.8001346, -0.0129244, , , , , , , 27.8001346, 0.0050355, , , , , , , , , , , , , , , , , , , , , , , , , , , , 
27.8006538, 0.0159457, , , , , , , 27.8006538, -0.008896, , , , , , , 27.8006538, -0.012253, , , , , , , 27.8006538, 0.0035248, , , , , , , , , , , , , , , , , , , , , , , , , , , , 
27.8011731, 0.0196384, , , , , , , 27.8011731, -0.0082246, , , , , , , 27.8011731, -0.0109102, , , , , , , 27.8011731, 0.0043641, , , , , , , , , , , , , , , , , , , , , , , , , , , , 
27.8016923, 0.0231632, , , , , , , 27.8016923, -0.0077211, , , , , , , 27.8016923, -0.0104067, , , , , , , 27.8016923, 0.0048676, , , , , , , , , , , , , , , , , , , , , , , , , , , , 
27.8022115, 0.0240024, , , , , , , 27.8022115, -0.0082246, , , , , , , 27.8022115, -0.0099031, , , , , , , 27.8022115, 0.0065461, , , , , , , , , , , , , , , , , , , , , , , , , , , , 
27.8027308, 0.0246738, , , , , , , 27.8027308, -0.0082246, , , , , , , 27.8027308, -0.0072175, , , , , , , 27.8027308, 0.0078889, , , , , , , , , , , , , , , , , , , , , , , , , , , , 
27.80325, 0.0253452, , , , , , , 27.80325, -0.0083925, , , , , , , 27.80325, -0.0060426, , , , , , , 27.80325, 0.0083925, , , , , , , , , , , , , , , , , , , , , , , , , , , , 
27.8037692, 0.0253452, , , , , , , 27.8037692, -0.0085603, , , , , , , 27.8037692, -0.0062104, , , , , , , 27.8037692, 0.0083925, , , , , , , , , , , , , , , , , , , , , , , , , , , , 
27.8042885, 0.0307164, , , , , , , 27.8042885, -0.0075532, , , , , , , 27.8042885, -0.008896, , , , , , , 27.8042885, 0.0075532, , , , , , , , , , , , , , , , , , , , , , , , , , , , 
27.8048077, 0.033402, , , , , , , 27.8048077, -0.0068818, , , , , , , 27.8048077, -0.0112459, , , , , , , 27.8048077, 0.0045319, , , , , , , , , , , , , , , , , , , , , , , , , , , , 
27.8053269, 0.0350805, , , , , , , 27.8053269, -0.005539, , , , , , , 27.8053269, -0.0117494, , , , , , , 27.8053269, 0.0011749, , , , , , , , , , , , , , , , , , , , , , , , , , , , 
27.8058462, 0.040116, , , , , , , 27.8058462, -0.0050355, , , , , , , 27.8058462, -0.011078, , , , , , , 27.8058462, -0.0038605, , , , , , , , , , , , , , , , , , , , , , , , , , , , 
27.8063654, 0.0397803, , , , , , , 27.8063654, -0.0062104, , , , , , , 27.8063654, -0.0112459, , , , , , , 27.8063654, -0.0082246, , , , , , , , , , , , , , , , , , , , , , , , , , , , 
27.8068846, 0.0360876, , , , , , , 27.8068846, -0.005539, , , , , , , 27.8068846, -0.0112459, , , , , , , 27.8068846, -0.0062104, , , , , , , , , , , , , , , , , , , , , , , , , , , , 
27.8074038, 0.033402, , , , , , , 27.8074038, -0.0048676, , , , , , , 27.8074038, -0.0109102, , , , , , , 27.8074038, -0.0048676, , , , , , , , , , , , , , , , , , , , , , , , , , , , 
27.8079231, 0.0327306, , , , , , , 27.8079231, -0.0060426, , , , , , , 27.8079231, -0.0104067, , , , , , , 27.8079231, -0.005539, , , , , , , , , , , , , , , , , , , , , , , , , , , , 
27.8084423, 0.0318914, , , , , , , 27.8084423, -0.0078889, , , , , , , 27.8084423, -0.0109102, , , , , , , 27.8084423, -0.0070497, , , , , , , , , , , , , , , , , , , , , , , , , , , , 
27.8089615, 0.0276951, , , , , , , 27.8089615, -0.0085603, , , , , , , 27.8089615, -0.0109102, , , , , , , 27.8089615, -0.005539, , , , , , , , , , , , , , , , , , , , , , , , , , , , 
27.8094808, 0.0196384, , , , , , , 27.8094808, -0.0082246, , , , , , , 27.8094808, -0.0109102, , , , , , , 27.8094808, 0.0001678, , , , , , , , , , , , , , , , , , , , , , , , , , , , 
27.81, 0.0115816, , , , , , , 27.81, -0.0075532, , , , , , , 27.81, -0.0099031, , , , , , , 27.81, 0.0083925, , , , , , , , , , , , , , , , , , , , , , , , , , , , 
27.8105192, 0.0065461, , , , , , , 27.8105192, -0.0085603, , , , , , , 27.8105192, -0.0075532, , , , , , , 27.8105192, 0.0119173, , , , , , , , , , , , , , , , , , , , , , , , , , , , 
27.8110385, 0.0062104, , , , , , , 27.8110385, -0.0105745, , , , , , , 27.8110385, -0.0062104, , , , , , , 27.8110385, 0.0132601, , , , , , , , , , , , , , , , , , , , , , , , , , , , 
27.8115577, 0.0025177, , , , , , , 27.8115577, -0.0129244, , , , , , , 27.8115577, -0.0062104, , , , , , , 27.8115577, 0.0162814, , , , , , , , , , , , , , , , , , , , , , , , , , , , 
27.8120769, 0.0001678, , , , , , , 27.8120769, -0.0125887, , , , , , , 27.8120769, -0.0075532, , , , , , , 27.8120769, 0.0204776, , , , , , , , , , , , , , , , , , , , , , , , , , , , 
27.8125962, 0.0031891, , , , , , , 27.8125962, -0.0092317, , , , , , , 27.8125962, -0.0075532, , , , , , , 27.8125962, 0.0260166, , , , , , , , , , , , , , , , , , , , , , , , , , , , 
27.8131154, 0.0072175, , , , , , , 27.8131154, -0.0085603, , , , , , , 27.8131154, -0.0062104, , , , , , , 27.8131154, 0.0298772, , , , , , , , , , , , , , , , , , , , , , , , , , , , 
27.8136346, 0.0078889, , , , , , , 27.8136346, -0.0109102, , , , , , , 27.8136346, -0.005539, , , , , , , 27.8136346, 0.0320592, , , , , , , , , , , , , , , , , , , , , , , , , , , , 
27.8141538, 0.0031891, , , , , , , 27.8141538, -0.0097353, , , , , , , 27.8141538, -0.0052033, , , , , , , 27.8141538, 0.0340734, , , , , , , , , , , , , , , , , , , , , , , , , , , , 
27.8146731, -0.0031891, , , , , , , 27.8146731, -0.0082246, , , , , , , 27.8146731, -0.0041962, , , , , , , 27.8146731, 0.036759, , , , , , , , , , , , , , , , , , , , , , , , , , , , 
27.8151923, -0.0041962, , , , , , , 27.8151923, -0.0102388, , , , , , , 27.8151923, -0.0035248, , , , , , , 27.8151923, 0.0344091, , , , , , , , , , , , , , , , , , , , , , , , , , , , 
27.8157115, -0.0025177, , , , , , , 27.8157115, -0.0119173, , , , , , , 27.8157115, -0.0035248, , , , , , , 27.8157115, 0.0313878, , , , , , , , , , , , , , , , , , , , , , , , , , , , 
27.8162308, 0.0030213, , , , , , , 27.8162308, -0.0115816, , , , , , , 27.8162308, -0.0035248, , , , , , , 27.8162308, 0.0280308, , , , , , , , , , , , , , , , , , , , , , , , , , , , 
27.81675, 0.0102388, , , , , , , 27.81675, -0.0095674, , , , , , , 27.81675, -0.0041962, , , , , , , 27.81675, 0.0231632, , , , , , , , , , , , , , , , , , , , , , , , , , , , 
27.8172692, 0.0137636, , , , , , , 27.8172692, -0.0065461, , , , , , , 27.8172692, -0.0041962, , , , , , , 27.8172692, 0.0213169, , , , , , , , , , , , , , , , , , , , , , , , , , , , 
27.8177885, 0.0135958, , , , , , , 27.8177885, -0.0062104, , , , , , , 27.8177885, -0.0041962, , , , , , , 27.8177885, 0.0172885, , , , , , , , , , , , , , , , , , , , , , , , , , , , 
27.8183077, 0.0092317, , , , , , , 27.8183077, -0.0072175, , , , , , , 27.8183077, -0.0058747, , , , , , , 27.8183077, 0.0137636, , , , , , , , , , , , , , , , , , , , , , , , , , , , 
27.8188269, 0.0099031, , , , , , , 27.8188269, -0.0068818, , , , , , , 27.8188269, -0.0062104, , , , , , , 27.8188269, 0.0124208, , , , , , , , , , , , , , , , , , , , , , , , , , , , 
27.8193462, 0.0105745, , , , , , , 27.8193462, -0.005539, , , , , , , 27.8193462, -0.005539, , , , , , , 27.8193462, 0.0119173, , , , , , , , , , , , , , , , , , , , , , , , , , , , 
27.8198654, 0.008896, , , , , , , 27.8198654, -0.0052033, , , , , , , 27.8198654, -0.0041962, , , , , , , 27.8198654, 0.0132601, , , , , , , , , , , , , , , , , , , , , , , , , , , , 
27.8203846, 0.008896, , , , , , , 27.8203846, -0.0052033, , , , , , , 27.8203846, -0.0028534, , , , , , , 27.8203846, 0.0129244, , , , , , , , , , , , , , , , , , , , , , , , , , , , 
27.8209038, 0.0125887, , , , , , , 27.8209038, -0.0070497, , , , , , , 27.8209038, -0.0028534, , , , , , , 27.8209038, 0.0085603, , , , , , , , , , , , , , , , , , , , , , , , , , , , 
27.8214231, 0.0142672, , , , , , , 27.8214231, -0.0082246, , , , , , , 27.8214231, -0.0031891, , , , , , , 27.8214231, 0.0072175, , , , , , , , , , , , , , , , , , , , , , , , , , , , 
27.8219423, 0.0125887, , , , , , , 27.8219423, -0.0075532, , , , , , , 27.8219423, -0.0043641, , , , , , , 27.8219423, 0.0063783, , , , , , , , , , , , , , , , , , , , , , , , , , , , 
27.8224615, 0.0146029, , , , , , , 27.8224615, -0.0070497, , , , , , , 27.8224615, -0.0038605, , , , , , , 27.8224615, 0.0048676, , , , , , , , , , , , , , , , , , , , , , , , , , , , 
27.8229808, 0.0152743, , , , , , , 27.8229808, -0.0082246, , , , , , , 27.8229808, -0.0043641, , , , , , , 27.8229808, 0.0058747, , , , , , , , , , , , , , , , , , , , , , , , , , , , 
27.8235, 0.0146029, , , , , , , 27.8235, -0.0077211, , , , , , , 27.8235, -0.0082246, , , , , , , 27.8235, 0.0048676, , , , , , , , , , , , , , , , , , , , , , , , , , , , 
27.8240192, 0.0172885, , , , , , , 27.8240192, -0.0068818, , , , , , , 27.8240192, -0.0095674, , , , , , , 27.8240192, -0.0001678, , , , , , , , , , , , , , , , , , , , , , , , , , , , 
27.8245385, 0.0191348, , , , , , , 27.8245385, -0.0065461, , , , , , , 27.8245385, -0.0099031, , , , , , , 27.8245385, -0.0016785, , , , , , , , , , , , , , , , , , , , , , , , , , , , 
27.8250577, 0.0186313, , , , , , , 27.8250577, -0.005539, , , , , , , 27.8250577, -0.008896, , , , , , , 27.8250577, -0.002182, , , , , , , , , , , , , , , , , , , , , , , , , , , , 
27.8255769, 0.018967, , , , , , , 27.8255769, -0.0052033, , , , , , , 27.8255769, -0.0099031, , , , , , , 27.8255769, -0.0052033, , , , , , , , , , , , , , , , , , , , , , , , , , , , 
27.8260962, 0.0204776, , , , , , , 27.8260962, -0.0062104, , , , , , , 27.8260962, -0.0119173, , , , , , , 27.8260962, -0.0068818, , , , , , , , , , , , , , , , , , , , , , , , , , , , 
27.8266154, 0.0223239, , , , , , , 27.8266154, -0.0072175, , , , , , , 27.8266154, -0.0135958, , , , , , , 27.8266154, -0.0062104, , , , , , , , , , , , , , , , , , , , , , , , , , , , 
27.8271346, 0.024506, , , , , , , 27.8271346, -0.0075532, , , , , , , 27.8271346, -0.0135958, , , , , , , 27.8271346, -0.0045319, , , , , , , , , , , , , , , , , , , , , , , , , , , , 
27.8276538, 0.0251774, , , , , , , 27.8276538, -0.0072175, , , , , , , 27.8276538, -0.0115816, , , , , , , 27.8276538, -0.0041962, , , , , , , , , , , , , , , , , , , , , , , , , , , , 
27.8281731, 0.0198062, , , , , , , 27.8281731, -0.0085603, , , , , , , 27.8281731, -0.0095674, , , , , , , 27.8281731, -0.0028534, , , , , , , , , , , , , , , , , , , , , , , , , , , , 
27.8286923, 0.0125887, , , , , , , 27.8286923, -0.0092317, , , , , , , 27.8286923, -0.008896, , , , , , , 27.8286923, -0.0001678, , , , , , , , , , , , , , , , , , , , , , , , , , , , 
27.8292115, 0.0109102, , , , , , , 27.8292115, -0.0095674, , , , , , , 27.8292115, -0.0092317, , , , , , , 27.8292115, 0.0053712, , , , , , , , , , , , , , , , , , , , , , , , , , , , 
27.8297308, 0.0119173, , , , , , , 27.8297308, -0.0085603, , , , , , , 27.8297308, -0.0109102, , , , , , , 27.8297308, 0.0104067, , , , , , , , , , , , , , , , , , , , , , , , , , , , 
27.83025, 0.0115816, , , , , , , 27.83025, -0.0085603, , , , , , , 27.83025, -0.0112459, , , , , , , 27.83025, 0.0130922, , , , , , , , , , , , , , , , , , , , , , , , , , , , 
27.8307692, 0.0095674, , , , , , , 27.8307692, -0.008896, , , , , , , 27.8307692, -0.0115816, , , , , , , 27.8307692, 0.0166171, , , , , , , , , , , , , , , , , , , , , , , , , , , , 
27.8312885, 0.0102388, , , , , , , 27.8312885, -0.0095674, , , , , , , 27.8312885, -0.0102388, , , , , , , 27.8312885, 0.0216526, , , , , , , , , , , , , , , , , , , , , , , , , , , , 
27.8318077, 0.0072175, , , , , , , 27.8318077, -0.0109102, , , , , , , 27.8318077, -0.0092317, , , , , , , 27.8318077, 0.0258488, , , , , , , , , , , , , , , , , , , , , , , , , , , , 
27.8323269, 0.0001678, , , , , , , 27.8323269, -0.0092317, , , , , , , 27.8323269, -0.0092317, , , , , , , 27.8323269, 0.030045, , , , , , , , , , , , , , , , , , , , , , , , , , , , 
27.8328462, -0.0062104, , , , , , , 27.8328462, -0.0077211, , , , , , , 27.8328462, -0.0077211, , , , , , , 27.8328462, 0.0340734, , , , , , , , , , , , , , , , , , , , , , , , , , , , 
27.8333654, -0.008896, , , , , , , 27.8333654, -0.0099031, , , , , , , 27.8333654, -0.0068818, , , , , , , 27.8333654, 0.0365911, , , , , , , , , , , , , , , , , , , , , , , , , , , , 
27.8338846, -0.0109102, , , , , , , 27.8338846, -0.011078, , , , , , , 27.8338846, -0.0048676, , , , , , , 27.8338846, 0.0365911, , , , , , , , , , , , , , , , , , , , , , , , , , , , 
27.8344038, -0.0104067, , , , , , , 27.8344038, -0.0109102, , , , , , , 27.8344038, -0.0015106, , , , , , , 27.8344038, 0.0350805, , , , , , , , , , , , , , , , , , , , , , , , , , , , 
27.8349231, -0.0095674, , , , , , , 27.8349231, -0.0105745, , , , , , , 27.8349231, -0.0001678, , , , , , , 27.8349231, 0.0347448, , , , , , , , , , , , , , , , , , , , , , , , , , , , 
27.8354423, -0.0095674, , , , , , , 27.8354423, -0.0092317, , , , , , , 27.8354423, 0.0005035, , , , , , , 27.8354423, 0.0313878, , , , , , , , , , , , , , , , , , , , , , , , , , , , 
27.8359615, -0.008896, , , , , , , 27.8359615, -0.0072175, , , , , , , 27.8359615, 0.0011749, , , , , , , 27.8359615, 0.0246738, , , , , , , , , , , , , , , , , , , , , , , , , , , , 
27.8364808, -0.0031891, , , , , , , 27.8364808, -0.0075532, , , , , , , 27.8364808, -0.0003357, , , , , , , 27.8364808, 0.0209812, , , , , , , , , , , , , , , , , , , , , , , , , , , , 
27.837, 0.0057069, , , , , , , 27.837, -0.0075532, , , , , , , 27.837, -0.0025177, , , , , , , 27.837, 0.0186313, , , , , , , , , , , , , , , , , , , , , , , , , , , , 
27.8375192, 0.012253, , , , , , , 27.8375192, -0.0077211, , , , , , , 27.8375192, -0.0062104, , , , , , , 27.8375192, 0.0146029, , , , , , , , , , , , , , , , , , , , , , , , , , , , 
27.8380385, 0.0162814, , , , , , , 27.8380385, -0.0065461, , , , , , , 27.8380385, -0.0082246, , , , , , , 27.8380385, 0.0105745, , , , , , , , , , , , , , , , , , , , , , , , , , , , 
27.8385577, 0.0172885, , , , , , , 27.8385577, -0.0052033, , , , , , , 27.8385577, -0.0075532, , , , , , , 27.8385577, 0.0085603, , , , , , , , , , , , , , , , , , , , , , , , , , , , 
27.8390769, 0.0193027, , , , , , , 27.8390769, -0.0058747, , , , , , , 27.8390769, -0.0075532, , , , , , , 27.8390769, 0.0078889, , , , , , , , , , , , , , , , , , , , , , , , , , , , 
27.8395962, 0.0229953, , , , , , , 27.8395962, -0.0062104, , , , , , , 27.8395962, -0.0075532, , , , , , , 27.8395962, 0.0097353, , , , , , , , , , , , , , , , , , , , , , , , , , , , 
27.8401154, 0.0246738, , , , , , , 27.8401154, -0.0035248, , , , , , , 27.8401154, -0.0058747, , , , , , , 27.8401154, 0.0125887, , , , , , , , , , , , , , , , , , , , , , , , , , , , 
27.8406346, 0.0240024, , , , , , , 27.8406346, -0.0043641, , , , , , , 27.8406346, -0.005539, , , , , , , 27.8406346, 0.0112459, , , , , , , , , , , , , , , , , , , , , , , , , , , , 
27.8411538, 0.023331, , , , , , , 27.8411538, -0.0068818, , , , , , , 27.8411538, -0.005539, , , , , , , 27.8411538, 0.0078889, , , , , , , , , , , , , , , , , , , , , , , , , , , , 
27.8416731, 0.0246738, , , , , , , 27.8416731, -0.0082246, , , , , , , 27.8416731, -0.0058747, , , , , , , 27.8416731, 0.0062104, , , , , , , , , , , , , , , , , , , , , , , , , , , , 
27.8421923, 0.0270237, , , , , , , 27.8421923, -0.0062104, , , , , , , 27.8421923, -0.0075532, , , , , , , 27.8421923, 0.0058747, , , , , , , , , , , , , , , , , , , , , , , , , , , , 
27.8427115, 0.0270237, , , , , , , 27.8427115, -0.0048676, , , , , , , 27.8427115, -0.0083925, , , , , , , 27.8427115, 0.0072175, , , , , , , , , , , , , , , , , , , , , , , , , , , , 
27.8432308, 0.0260166, , , , , , , 27.8432308, -0.0052033, , , , , , , 27.8432308, -0.0078889, , , , , , , 27.8432308, 0.008896, , , , , , , , , , , , , , , , , , , , , , , , , , , , 
27.84375, 0.0263523, , , , , , , 27.84375, -0.0072175, , , , , , , 27.84375, -0.0082246, , , , , , , 27.84375, 0.0083925, , , , , , , , , , , , , , , , , , , , , , , , , , , , 
27.8442692, 0.0250095, , , , , , , 27.8442692, -0.0095674, , , , , , , 27.8442692, -0.0099031, , , , , , , 27.8442692, 0.0078889, , , , , , , , , , , , , , , , , , , , , , , , , , , , 
27.8447885, 0.0229953, , , , , , , 27.8447885, -0.0077211, , , , , , , 27.8447885, -0.0102388, , , , , , , 27.8447885, 0.0085603, , , , , , , , , , , , , , , , , , , , , , , , , , , , 
27.8453077, 0.0206455, , , , , , , 27.8453077, -0.0048676, , , , , , , 27.8453077, -0.012253, , , , , , , 27.8453077, 0.0057069, , , , , , , , , , , , , , , , , , , , , , , , , , , , 
27.8458269, 0.0196384, , , , , , , 27.8458269, -0.0041962, , , , , , , 27.8458269, -0.0149386, , , , , , , 27.8458269, 0.0008392, , , , , , , , , , , , , , , , , , , , , , , , , , , , 
27.8463462, 0.0236667, , , , , , , 27.8463462, -0.0068818, , , , , , , 27.8463462, -0.0149386, , , , , , , 27.8463462, -0.0015106, , , , , , , , , , , , , , , , , , , , , , , , , , , , 
27.8468654, 0.0271916, , , , , , , 27.8468654, -0.008896, , , , , , , 27.8468654, -0.0135958, , , , , , , 27.8468654, -0.0031891, , , , , , , , , , , , , , , , , , , , , , , , , , , , 
27.8473846, 0.026688, , , , , , , 27.8473846, -0.0082246, , , , , , , 27.8473846, -0.0129244, , , , , , , 27.8473846, -0.0052033, , , , , , , , , , , , , , , , , , , , , , , , , , , , 
27.8479038, 0.0250095, , , , , , , 27.8479038, -0.0065461, , , , , , , 27.8479038, -0.0135958, , , , , , , 27.8479038, -0.0058747, , , , , , , , , , , , , , , , , , , , , , , , , , , , 
27.8484231, 0.0219883, , , , , , , 27.8484231, -0.0062104, , , , , , , 27.8484231, -0.0135958, , , , , , , 27.8484231, -0.0036927, , , , , , , , , , , , , , , , , , , , , , , , , , , , 
27.8489423, 0.0231632, , , , , , , 27.8489423, -0.0062104, , , , , , , 27.8489423, -0.0117494, , , , , , , 27.8489423, -0.0010071, , , , , , , , , , , , , , , , , , , , , , , , , , , , 
27.8494615, 0.0240024, , , , , , , 27.8494615, -0.0058747, , , , , , , 27.8494615, -0.0105745, , , , , , , 27.8494615, 0.002182, , , , , , , , , , , , , , , , , , , , , , , , , , , , 
27.8499808, 0.0166171, , , , , , , 27.8499808, -0.0072175, , , , , , , 27.8499808, -0.0109102, , , , , , , 27.8499808, 0.008896, , , , , , , , , , , , , , , , , , , , , , , , , , , , 
27.8505, 0.0102388, , , , , , , 27.8505, -0.0080568, , , , , , , 27.8505, -0.0119173, , , , , , , 27.8505, 0.014435, , , , , , , , , , , , , , , , , , , , , , , , , , , , 
27.8510192, 0.008896, , , , , , , 27.8510192, -0.0078889, , , , , , , 27.8510192, -0.0109102, , , , , , , 27.8510192, 0.01561, , , , , , , , , , , , , , , , , , , , , , , , , , , , 
27.8515385, 0.0078889, , , , , , , 27.8515385, -0.0070497, , , , , , , 27.8515385, -0.0095674, , , , , , , 27.8515385, 0.0172885, , , , , , , , , , , , , , , , , , , , , , , , , , , , 
27.8520577, 0.0006714, , , , , , , 27.8520577, -0.0072175, , , , , , , 27.8520577, -0.0075532, , , , , , , 27.8520577, 0.0229953, , , , , , , , , , , , , , , , , , , , , , , , , , , , 
27.8525769, -0.0046998, , , , , , , 27.8525769, -0.0085603, , , , , , , 27.8525769, -0.0068818, , , , , , , 27.8525769, 0.0297093, , , , , , , , , , , , , , , , , , , , , , , , , , , , 
27.8530962, -0.0078889, , , , , , , 27.8530962, -0.0092317, , , , , , , 27.8530962, -0.0058747, , , , , , , 27.8530962, 0.0340734, , , , , , , , , , , , , , , , , , , , , , , , , , , , 
27.8536154, -0.0112459, , , , , , , 27.8536154, -0.0104067, , , , , , , 27.8536154, -0.0041962, , , , , , , 27.8536154, 0.0387732, , , , , , , , , , , , , , , , , , , , , , , , , , , , 
27.8541346, -0.012253, , , , , , , 27.8541346, -0.0109102, , , , , , , 27.8541346, -0.0015106, , , , , , , 27.8541346, 0.0428016, , , , , , , , , , , , , , , , , , , , , , , , , , , , 
27.8546538, -0.0092317, , , , , , , 27.8546538, -0.0090639, , , , , , , 27.8546538, -0.0001678, , , , , , , 27.8546538, 0.0438087, , , , , , , , , , , , , , , , , , , , , , , , , , , , 
27.8551731, -0.0068818, , , , , , , 27.8551731, -0.0065461, , , , , , , 27.8551731, -0.0001678, , , , , , , 27.8551731, 0.040116, , , , , , , , , , , , , , , , , , , , , , , , , , , , 
27.8556923, -0.0028534, , , , , , , 27.8556923, -0.0068818, , , , , , , 27.8556923, 0.0015106, , , , , , , 27.8556923, 0.0340734, , , , , , , , , , , , , , , , , , , , , , , , , , , , 
27.8562115, 0.0008392, , , , , , , 27.8562115, -0.0087282, , , , , , , 27.8562115, 0.0018463, , , , , , , 27.8562115, 0.0313878, , , , , , , , , , , , , , , , , , , , , , , , , , , , 
27.8567308, -0.0001678, , , , , , , 27.8567308, -0.0105745, , , , , , , 27.8567308, 0.0011749, , , , , , , 27.8567308, 0.0290379, , , , , , , , , , , , , , , , , , , , , , , , , , , , 
27.85725, 0.0011749, , , , , , , 27.85725, -0.0109102, , , , , , , 27.85725, -0.0015106, , , , , , , 27.85725, 0.0240024, , , , , , , , , , , , , , , , , , , , , , , , , , , , 
27.8577692, 0.0085603, , , , , , , 27.8577692, -0.0102388, , , , , , , 27.8577692, -0.0041962, , , , , , , 27.8577692, 0.0186313, , , , , , , , , , , , , , , , , , , , , , , , , , , , 
27.8582885, 0.0169528, , , , , , , 27.8582885, -0.0095674, , , , , , , 27.8582885, -0.0041962, , , , , , , 27.8582885, 0.0135958, , , , , , , , , , , , , , , , , , , , , , , , , , , , 
27.8588077, 0.0142672, , , , , , , 27.8588077, -0.0087282, , , , , , , 27.8588077, -0.0057069, , , , , , , 27.8588077, 0.0092317, , , , , , , , , , , , , , , , , , , , , , , , , , , , 
27.8593269, 0.0149386, , , , , , , 27.8593269, -0.0092317, , , , , , , 27.8593269, -0.0065461, , , , , , , 27.8593269, 0.0062104, , , , , , , , , , , , , , , , , , , , , , , , , , , , 
27.8598462, 0.0199741, , , , , , , 27.8598462, -0.0109102, , , , , , , 27.8598462, -0.0078889, , , , , , , 27.8598462, 0.0048676, , , , , , , , , , , , , , , , , , , , , , , , , , , , 
27.8603654, 0.0229953, , , , , , , 27.8603654, -0.0109102, , , , , , , 27.8603654, -0.0095674, , , , , , , 27.8603654, 0.0043641, , , , , , , , , , , , , , , , , , , , , , , , , , , , 
27.8608846, 0.023331, , , , , , , 27.8608846, -0.0072175, , , , , , , 27.8608846, -0.0092317, , , , , , , 27.8608846, 0.0052033, , , , , , , , , , , , , , , , , , , , , , , , , , , , 
27.8614038, 0.0253452, , , , , , , 27.8614038, -0.0062104, , , , , , , 27.8614038, -0.0090639, , , , , , , 27.8614038, 0.0048676, , , , , , , , , , , , , , , , , , , , , , , , , , , , 
27.8619231, 0.026688, , , , , , , 27.8619231, -0.0063783, , , , , , , 27.8619231, -0.008896, , , , , , , 27.8619231, 0.0031891, , , , , , , , , , , , , , , , , , , , , , , , , , , , 
27.8624423, 0.0271916, , , , , , , 27.8624423, -0.0082246, , , , , , , 27.8624423, -0.0085603, , , , , , , 27.8624423, 0.0016785, , , , , , , , , , , , , , , , , , , , , , , , , , , , 
27.8629615, 0.0280308, , , , , , , 27.8629615, -0.0082246, , , , , , , 27.8629615, -0.008896, , , , , , , 27.8629615, 0.002182, , , , , , , , , , , , , , , , , , , , , , , , , , , , 
27.8634808, 0.0290379, , , , , , , 27.8634808, -0.0075532, , , , , , , 27.8634808, -0.011078, , , , , , , 27.8634808, 0.0035248, , , , , , , , , , , , , , , , , , , , , , , , , , , , 
27.864, 0.0293736, , , , , , , 27.864, -0.0082246, , , , , , , 27.864, -0.0109102, , , , , , , 27.864, 0.0052033, , , , , , , , , , , , , , , , , , , , , , , , , , , , 
27.8645192, 0.0285344, , , , , , , 27.8645192, -0.0078889, , , , , , , 27.8645192, -0.0095674, , , , , , , 27.8645192, 0.0043641, , , , , , , , , , , , , , , , , , , , , , , , , , , , 
27.8650385, 0.0271916, , , , , , , 27.8650385, -0.0065461, , , , , , , 27.8650385, -0.0105745, , , , , , , 27.8650385, -0.0011749, , , , , , , , , , , , , , , , , , , , , , , , , , , , 
27.8655577, 0.0280308, , , , , , , 27.8655577, -0.0058747, , , , , , , 27.8655577, -0.0135958, , , , , , , 27.8655577, -0.005539, , , , , , , , , , , , , , , , , , , , , , , , , , , , 
27.8660769, 0.0281987, , , , , , , 27.8660769, -0.0072175, , , , , , , 27.8660769, -0.0135958, , , , , , , 27.8660769, -0.008896, , , , , , , , , , , , , , , , , , , , , , , , , , , , 
27.8665962, 0.0260166, , , , , , , 27.8665962, -0.0099031, , , , , , , 27.8665962, -0.0105745, , , , , , , 27.8665962, -0.0129244, , , , , , , , , , , , , , , , , , , , , , , , , , , , 
27.8671154, 0.0246738, , , , , , , 27.8671154, -0.0105745, , , , , , , 27.8671154, -0.0099031, , , , , , , 27.8671154, -0.0151064, , , , , , , , , , , , , , , , , , , , , , , , , , , , 
27.8676346, 0.0271916, , , , , , , 27.8676346, -0.0095674, , , , , , , 27.8676346, -0.0104067, , , , , , , 27.8676346, -0.0125887, , , , , , , , , , , , , , , , , , , , , , , , , , , , 
27.8681538, 0.0283665, , , , , , , 27.8681538, -0.0082246, , , , , , , 27.8681538, -0.0119173, , , , , , , 27.8681538, -0.0109102, , , , , , , , , , , , , , , , , , , , , , , , , , , , 
27.8686731, 0.0263523, , , , , , , 27.8686731, -0.0072175, , , , , , , 27.8686731, -0.0129244, , , , , , , 27.8686731, -0.0105745, , , , , , , , , , , , , , , , , , , , , , , , , , , , 
27.8691923, 0.0206455, , , , , , , 27.8691923, -0.0075532, , , , , , , 27.8691923, -0.0139315, , , , , , , 27.8691923, -0.0078889, , , , , , , , , , , , , , , , , , , , , , , , , , , , 
27.8697115, 0.0171206, , , , , , , 27.8697115, -0.0068818, , , , , , , 27.8697115, -0.0139315, , , , , , , 27.8697115, -0.002182, , , , , , , , , , , , , , , , , , , , , , , , , , , , 
27.8702308, 0.0137636, , , , , , , 27.8702308, -0.0065461, , , , , , , 27.8702308, -0.0139315, , , , , , , 27.8702308, 0.003357, , , , , , , , , , , , , , , , , , , , , , , , , , , , 
27.87075, 0.0085603, , , , , , , 27.87075, -0.0082246, , , , , , , 27.87075, -0.0124208, , , , , , , 27.87075, 0.0063783, , , , , , , , , , , , , , , , , , , , , , , , , , , , 
27.8712692, 0.0052033, , , , , , , 27.8712692, -0.0078889, , , , , , , 27.8712692, -0.0109102, , , , , , , 27.8712692, 0.0099031, , , , , , , , , , , , , , , , , , , , , , , , , , , , 
27.8717885, 0.0112459, , , , , , , 27.8717885, -0.005539, , , , , , , 27.8717885, -0.0102388, , , , , , , 27.8717885, 0.018967, , , , , , , , , , , , , , , , , , , , , , , , , , , , 
27.8723077, 0.0132601, , , , , , , 27.8723077, -0.0041962, , , , , , , 27.8723077, -0.0102388, , , , , , , 27.8723077, 0.0273594, , , , , , , , , , , , , , , , , , , , , , , , , , , , 
27.8728269, 0.0104067, , , , , , , 27.8728269, -0.0038605, , , , , , , 27.8728269, -0.0095674, , , , , , , 27.8728269, 0.0307164, , , , , , , , , , , , , , , , , , , , , , , , , , , , 
27.8733462, 0.0031891, , , , , , , 27.8733462, -0.0046998, , , , , , , 27.8733462, -0.0062104, , , , , , , 27.8733462, 0.0337377, , , , , , , , , , , , , , , , , , , , , , , , , , , , 
27.8738654, -0.0072175, , , , , , , 27.8738654, -0.0072175, , , , , , , 27.8738654, -0.0041962, , , , , , , 27.8738654, 0.0360876, , , , , , , , , , , , , , , , , , , , , , , , , , , , 
27.8743846, -0.0115816, , , , , , , 27.8743846, -0.0112459, , , , , , , 27.8743846, -0.0035248, , , , , , , 27.8743846, 0.0384375, , , , , , , , , , , , , , , , , , , , , , , , , , , , 
27.8749038, -0.0092317, , , , , , , 27.8749038, -0.0112459, , , , , , , 27.8749038, -0.0035248, , , , , , , 27.8749038, 0.0381018, , , , , , , , , , , , , , , , , , , , , , , , , , , , 
27.8754231, -0.0065461, , , , , , , 27.8754231, -0.0095674, , , , , , , 27.8754231, -0.0038605, , , , , , , 27.8754231, 0.0384375, , , , , , , , , , , , , , , , , , , , , , , , , , , , 
27.8759423, -0.0058747, , , , , , , 27.8759423, -0.008896, , , , , , , 27.8759423, -0.0041962, , , , , , , 27.8759423, 0.0384375, , , , , , , , , , , , , , , , , , , , , , , , , , , , 
27.8764615, -0.0048676, , , , , , , 27.8764615, -0.011078, , , , , , , 27.8764615, -0.002182, , , , , , , 27.8764615, 0.0344091, , , , , , , , , , , , , , , , , , , , , , , , , , , , 
27.8769808, -0.0035248, , , , , , , 27.8769808, -0.012253, , , , , , , 27.8769808, -0.0001678, , , , , , , 27.8769808, 0.0293736, , , , , , , , , , , , , , , , , , , , , , , , , , , , 
27.8775, 0.0010071, , , , , , , 27.8775, -0.0115816, , , , , , , 27.8775, -0.002182, , , , , , , 27.8775, 0.0246738, , , , , , , , , , , , , , , , , , , , , , , , , , , , 
27.8780192, 0.0058747, , , , , , , 27.8780192, -0.0115816, , , , , , , 27.8780192, -0.0058747, , , , , , , 27.8780192, 0.0209812, , , , , , , , , , , , , , , , , , , , , , , , , , , , 
27.8785385, 0.011078, , , , , , , 27.8785385, -0.0105745, , , , , , , 27.8785385, -0.008896, , , , , , , 27.8785385, 0.0186313, , , , , , , , , , , , , , , , , , , , , , , , , , , , 
27.8790577, 0.0139315, , , , , , , 27.8790577, -0.0109102, , , , , , , 27.8790577, -0.0078889, , , , , , , 27.8790577, 0.0149386, , , , , , , , , , , , , , , , , , , , , , , , , , , , 
27.8795769, 0.0142672, , , , , , , 27.8795769, -0.0097353, , , , , , , 27.8795769, -0.005539, , , , , , , 27.8795769, 0.0119173, , , , , , , , , , , , , , , , , , , , , , , , , , , , 
27.8800962, 0.0129244, , , , , , , 27.8800962, -0.0099031, , , , , , , 27.8800962, -0.0070497, , , , , , , 27.8800962, 0.0115816, , , , , , , , , , , , , , , , , , , , , , , , , , , , 
27.8806154, 0.0132601, , , , , , , 27.8806154, -0.0095674, , , , , , , 27.8806154, -0.0102388, , , , , , , 27.8806154, 0.0139315, , , , , , , , , , , , , , , , , , , , , , , , , , , , 
27.8811346, 0.0129244, , , , , , , 27.8811346, -0.0095674, , , , , , , 27.8811346, -0.0095674, , , , , , , 27.8811346, 0.0162814, , , , , , , , , , , , , , , , , , , , , , , , , , , , 
27.8816538, 0.0132601, , , , , , , 27.8816538, -0.0082246, , , , , , , 27.8816538, -0.0075532, , , , , , , 27.8816538, 0.0152743, , , , , , , , , , , , , , , , , , , , , , , , , , , , 
27.8821731, 0.0157778, , , , , , , 27.8821731, -0.0065461, , , , , , , 27.8821731, -0.0082246, , , , , , , 27.8821731, 0.012253, , , , , , , , , , , , , , , , , , , , , , , , , , , , 
27.8826923, 0.0137636, , , , , , , 27.8826923, -0.005539, , , , , , , 27.8826923, -0.0075532, , , , , , , 27.8826923, 0.0075532, , , , , , , , , , , , , , , , , , , , , , , , , , , , 
27.8832115, 0.0105745, , , , , , , 27.8832115, -0.0058747, , , , , , , 27.8832115, -0.0072175, , , , , , , 27.8832115, 0.0060426, , , , , , , , , , , , , , , , , , , , , , , , , , , , 
27.8837308, 0.0137636, , , , , , , 27.8837308, -0.0058747, , , , , , , 27.8837308, -0.0065461, , , , , , , 27.8837308, 0.0078889, , , , , , , , , , , , , , , , , , , , , , , , , , , , 
27.88425, 0.0172885, , , , , , , 27.88425, -0.005539, , , , , , , 27.88425, -0.0058747, , , , , , , 27.88425, 0.0105745, , , , , , , , , , , , , , , , , , , , , , , , , , , , 
27.8847692, 0.0199741, , , , , , , 27.8847692, -0.0068818, , , , , , , 27.8847692, -0.0068818, , , , , , , 27.8847692, 0.0095674, , , , , , , , , , , , , , , , , , , , , , , , , , , , 
27.8852885, 0.0246738, , , , , , , 27.8852885, -0.008896, , , , , , , 27.8852885, -0.0058747, , , , , , , 27.8852885, 0.0043641, , , , , , , , , , , , , , , , , , , , , , , , , , , , 
27.8858077, 0.0255131, , , , , , , 27.8858077, -0.0072175, , , , , , , 27.8858077, -0.0041962, , , , , , , 27.8858077, -0.002182, , , , , , , , , , , , , , , , , , , , , , , , , , , , 
27.8863269, 0.0213169, , , , , , , 27.8863269, -0.0063783, , , , , , , 27.8863269, -0.0031891, , , , , , , 27.8863269, -0.0058747, , , , , , , , , , , , , , , , , , , , , , , , , , , , 
27.8868462, 0.021149, , , , , , , 27.8868462, -0.0077211, , , , , , , 27.8868462, -0.0052033, , , , , , , 27.8868462, -0.0078889, , , , , , , , , , , , , , , , , , , , , , , , , , , , 
27.8873654, 0.0246738, , , , , , , 27.8873654, -0.008896, , , , , , , 27.8873654, -0.0075532, , , , , , , 27.8873654, -0.0095674, , , , , , , , , , , , , , , , , , , , , , , , , , , , 
27.8878846, 0.0273594, , , , , , , 27.8878846, -0.0075532, , , , , , , 27.8878846, -0.0083925, , , , , , , 27.8878846, -0.0102388, , , , , , , , , , , , , , , , , , , , , , , , , , , , 
27.8884038, 0.0263523, , , , , , , 27.8884038, -0.005539, , , , , , , 27.8884038, -0.0092317, , , , , , , 27.8884038, -0.0095674, , , , , , , , , , , , , , , , , , , , , , , , , , , , 
27.8889231, 0.023331, , , , , , , 27.8889231, -0.0058747, , , , , , , 27.8889231, -0.010071, , , , , , , 27.8889231, -0.0041962, , , , , , , , , , , , , , , , , , , , , , , , , , , , 
27.8894423, 0.021149, , , , , , , 27.8894423, -0.0070497, , , , , , , 27.8894423, -0.011078, , , , , , , 27.8894423, 0.0020142, , , , , , , , , , , , , , , , , , , , , , , , , , , , 
27.8899615, 0.0186313, , , , , , , 27.8899615, -0.0075532, , , , , , , 27.8899615, -0.0112459, , , , , , , 27.8899615, 0.0058747, , , , , , , , , , , , , , , , , , , , , , , , , , , , 
27.8904808, 0.0139315, , , , , , , 27.8904808, -0.0075532, , , , , , , 27.8904808, -0.011078, , , , , , , 27.8904808, 0.0099031, , , , , , , , , , , , , , , , , , , , , , , , , , , , 
27.891, 0.0105745, , , , , , , 27.891, -0.0068818, , , , , , , 27.891, -0.0095674, , , , , , , 27.891, 0.0125887, , , , , , , , , , , , , , , , , , , , , , , , , , , , 
27.8915192, 0.0083925, , , , , , , 27.8915192, -0.0075532, , , , , , , 27.8915192, -0.005539, , , , , , , 27.8915192, 0.0152743, , , , , , , , , , , , , , , , , , , , , , , , , , , , 
27.8920385, 0.0072175, , , , , , , 27.8920385, -0.0085603, , , , , , , 27.8920385, -0.0025177, , , , , , , 27.8920385, 0.0216526, , , , , , , , , , , , , , , , , , , , , , , , , , , , 
27.8925577, 0.0005035, , , , , , , 27.8925577, -0.0082246, , , , , , , 27.8925577, -0.0030213, , , , , , , 27.8925577, 0.0287022, , , , , , , , , , , , , , , , , , , , , , , , , , , , 
27.8930769, -0.0072175, , , , , , , 27.8930769, -0.0082246, , , , , , , 27.8930769, -0.0050355, , , , , , , 27.8930769, 0.033402, , , , , , , , , , , , , , , , , , , , , , , , , , , , 
27.8935962, -0.0102388, , , , , , , 27.8935962, -0.0070497, , , , , , , 27.8935962, -0.0077211, , , , , , , 27.8935962, 0.0374304, , , , , , , , , , , , , , , , , , , , , , , , , , , , 
27.8941154, -0.0085603, , , , , , , 27.8941154, -0.0082246, , , , , , , 27.8941154, -0.0082246, , , , , , , 27.8941154, 0.0374304, , , , , , , , , , , , , , , , , , , , , , , , , , , , 
27.8946346, -0.0048676, , , , , , , 27.8946346, -0.0092317, , , , , , , 27.8946346, -0.0068818, , , , , , , 27.8946346, 0.0350805, , , , , , , , , , , , , , , , , , , , , , , , , , , , 
27.8951538, -0.0011749, , , , , , , 27.8951538, -0.0082246, , , , , , , 27.8951538, -0.005539, , , , , , , 27.8951538, 0.033402, , , , , , , , , , , , , , , , , , , , , , , , , , , , 
27.8956731, 0.0005035, , , , , , , 27.8956731, -0.0062104, , , , , , , 27.8956731, -0.0052033, , , , , , , 27.8956731, 0.0323949, , , , , , , , , , , , , , , , , , , , , , , , , , , , 
27.8961923, 0.0001678, , , , , , , 27.8961923, -0.0065461, , , , , , , 27.8961923, -0.005539, , , , , , , 27.8961923, 0.030045, , , , , , , , , , , , , , , , , , , , , , , , , , , , 
27.8967115, 0.0011749, , , , , , , 27.8967115, -0.0057069, , , , , , , 27.8967115, -0.0043641, , , , , , , 27.8967115, 0.0263523, , , , , , , , , , , , , , , , , , , , , , , , , , , , 
27.8972308, 0.0072175, , , , , , , 27.8972308, -0.0035248, , , , , , , 27.8972308, -0.0052033, , , , , , , 27.8972308, 0.0234989, , , , , , , , , , , , , , , , , , , , , , , , , , , , 
27.89775, 0.0125887, , , , , , , 27.89775, -0.0030213, , , , , , , 27.89775, -0.0065461, , , , , , , 27.89775, 0.0194705, , , , , , , , , , , , , , , , , , , , , , , , , , , , 
27.8982692, 0.0166171, , , , , , , 27.8982692, -0.0048676, , , , , , , 27.8982692, -0.0075532, , , , , , , 27.8982692, 0.0166171, , , , , , , , , , , , , , , , , , , , , , , , , , , , 
27.8987885, 0.0250095, , , , , , , 27.8987885, -0.0050355, , , , , , , 27.8987885, -0.0068818, , , , , , , 27.8987885, 0.0159457, , , , , , , , , , , , , , , , , , , , , , , , , , , , 
27.8993077, 0.0261845, , , , , , , 27.8993077, -0.0052033, , , , , , , 27.8993077, -0.0058747, , , , , , , 27.8993077, 0.0179599, , , , , , , , , , , , , , , , , , , , , , , , , , , , 
27.8998269, 0.0219883, , , , , , , 27.8998269, -0.0065461, , , , , , , 27.8998269, -0.0062104, , , , , , , 27.8998269, 0.0186313, , , , , , , , , , , , , , , , , , , , , , , , , , , , 
27.9003462, 0.0191348, , , , , , , 27.9003462, -0.0065461, , , , , , , 27.9003462, -0.0075532, , , , , , , 27.9003462, 0.0154421, , , , , , , , , , , , , , , , , , , , , , , , , , , , 
27.9008654, 0.0229953, , , , , , , 27.9008654, -0.0068818, , , , , , , 27.9008654, -0.0085603, , , , , , , 27.9008654, 0.0135958, , , , , , , , , , , , , , , , , , , , , , , , , , , , 
27.9013846, 0.0270237, , , , , , , 27.9013846, -0.0078889, , , , , , , 27.9013846, -0.0082246, , , , , , , 27.9013846, 0.0152743, , , , , , , , , , , , , , , , , , , , , , , , , , , , 
27.9019038, 0.023331, , , , , , , 27.9019038, -0.0097353, , , , , , , 27.9019038, -0.0082246, , , , , , , 27.9019038, 0.0146029, , , , , , , , , , , , , , , , , , , , , , , , , , , , 
27.9024231, 0.0196384, , , , , , , 27.9024231, -0.0090639, , , , , , , 27.9024231, -0.008896, , , , , , , 27.9024231, 0.0132601, , , , , , , , , , , , , , , , , , , , , , , , , , , , 
27.9029423, 0.0184634, , , , , , , 27.9029423, -0.0072175, , , , , , , 27.9029423, -0.0099031, , , , , , , 27.9029423, 0.0115816, , , , , , , , , , , , , , , , , , , , , , , , , , , , 
27.9034615, 0.0159457, , , , , , , 27.9034615, -0.0075532, , , , , , , 27.9034615, -0.0109102, , , , , , , 27.9034615, 0.0092317, , , , , , , , , , , , , , , , , , , , , , , , , , , , 
27.9039808, 0.0119173, , , , , , , 27.9039808, -0.0075532, , , , , , , 27.9039808, -0.0095674, , , , , , , 27.9039808, 0.0065461, , , , , , , , , , , , , , , , , , , , , , , , , , , , 
27.9045, 0.0072175, , , , , , , 27.9045, -0.0068818, , , , , , , 27.9045, -0.0075532, , , , , , , 27.9045, 0.0052033, , , , , , , , , , , , , , , , , , , , , , , , , , , , 
27.9050192, 0.0072175, , , , , , , 27.9050192, -0.0082246, , , , , , , 27.9050192, -0.0075532, , , , , , , 27.9050192, 0.0025177, , , , , , , , , , , , , , , , , , , , , , , , , , , , 
27.9055385, 0.0146029, , , , , , , 27.9055385, -0.0092317, , , , , , , 27.9055385, -0.0082246, , , , , , , 27.9055385, 0.0008392, , , , , , , , , , , , , , , , , , , , , , , , , , , , 
27.9060577, 0.0226596, , , , , , , 27.9060577, -0.0095674, , , , , , , 27.9060577, -0.0068818, , , , , , , 27.9060577, -0.0010071, , , , , , , , , , , , , , , , , , , , , , , , , , , , 
27.9065769, 0.026688, , , , , , , 27.9065769, -0.0075532, , , , , , , 27.9065769, -0.0070497, , , , , , , 27.9065769, -0.0035248, , , , , , , , , , , , , , , , , , , , , , , , , , , , 
27.9070962, 0.0276951, , , , , , , 27.9070962, -0.0058747, , , , , , , 27.9070962, -0.0099031, , , , , , , 27.9070962, -0.0041962, , , , , , , , , , , , , , , , , , , , , , , , , , , , 
27.9076154, 0.0292058, , , , , , , 27.9076154, -0.0057069, , , , , , , 27.9076154, -0.0129244, , , , , , , 27.9076154, -0.0058747, , , , , , , , , , , , , , , , , , , , , , , , , , , , 
27.9081346, 0.0323949, , , , , , , 27.9081346, -0.0058747, , , , , , , 27.9081346, -0.0142672, , , , , , , 27.9081346, -0.0090639, , , , , , , , , , , , , , , , , , , , , , , , , , , , 
27.9086538, 0.0320592, , , , , , , 27.9086538, -0.0058747, , , , , , , 27.9086538, -0.0124208, , , , , , , 27.9086538, -0.0099031, , , , , , , , , , , , , , , , , , , , , , , , , , , , 
27.9091731, 0.0280308, , , , , , , 27.9091731, -0.005539, , , , , , , 27.9091731, -0.0109102, , , , , , , 27.9091731, -0.0075532, , , , , , , , , , , , , , , , , , , , , , , , , , , , 
27.9096923, 0.0246738, , , , , , , 27.9096923, -0.0058747, , , , , , , 27.9096923, -0.0112459, , , , , , , 27.9096923, -0.0018463, , , , , , , , , , , , , , , , , , , , , , , , , , , , 
27.9102115, 0.0226596, , , , , , , 27.9102115, -0.005539, , , , , , , 27.9102115, -0.0135958, , , , , , , 27.9102115, 0.0036927, , , , , , , , , , , , , , , , , , , , , , , , , , , , 
27.9107308, 0.023331, , , , , , , 27.9107308, -0.0043641, , , , , , , 27.9107308, -0.0139315, , , , , , , 27.9107308, 0.0082246, , , , , , , , , , , , , , , , , , , , , , , , , , , , 
27.91125, 0.0204776, , , , , , , 27.91125, -0.0046998, , , , , , , 27.91125, -0.0125887, , , , , , , 27.91125, 0.0132601, , , , , , , , , , , , , , , , , , , , , , , , , , , , 
27.9117692, 0.0139315, , , , , , , 27.9117692, -0.005539, , , , , , , 27.9117692, -0.0095674, , , , , , , 27.9117692, 0.0198062, , , , , , , , , , , , , , , , , , , , , , , , , , , , 
27.9122885, 0.0115816, , , , , , , 27.9122885, -0.0072175, , , , , , , 27.9122885, -0.0068818, , , , , , , 27.9122885, 0.0240024, , , , , , , , , , , , , , , , , , , , , , , , , , , , 
27.9128077, 0.0025177, , , , , , , 27.9128077, -0.006714, , , , , , , 27.9128077, -0.0065461, , , , , , , 27.9128077, 0.0290379, , , , , , , , , , , , , , , , , , , , , , , , , , , , 
27.9133269, -0.0046998, , , , , , , 27.9133269, -0.0057069, , , , , , , 27.9133269, -0.0060426, , , , , , , 27.9133269, 0.0340734, , , , , , , , , , , , , , , , , , , , , , , , , , , , 
27.9138462, -0.0072175, , , , , , , 27.9138462, -0.0057069, , , , , , , 27.9138462, -0.0028534, , , , , , , 27.9138462, 0.0364233, , , , , , , , , , , , , , , , , , , , , , , , , , , , 
27.9143654, -0.0082246, , , , , , , 27.9143654, -0.0068818, , , , , , , 27.9143654, -0.0003357, , , , , , , 27.9143654, 0.036759, , , , , , , , , , , , , , , , , , , , , , , , , , , , 
27.9148846, -0.0065461, , , , , , , 27.9148846, -0.0072175, , , , , , , 27.9148846, 0.0011749, , , , , , , 27.9148846, 0.0347448, , , , , , , , , , , , , , , , , , , , , , , , , , , , 
27.9154038, -0.0025177, , , , , , , 27.9154038, -0.0072175, , , , , , , 27.9154038, 0.002182, , , , , , , 27.9154038, 0.0323949, , , , , , , , , , , , , , , , , , , , , , , , , , , , 
27.9159231, -0.0018463, , , , , , , 27.9159231, -0.0077211, , , , , , , 27.9159231, 0.002182, , , , , , , 27.9159231, 0.0303807, , , , , , , , , , , , , , , , , , , , , , , , , , , , 
27.9164423, -0.0015106, , , , , , , 27.9164423, -0.008896, , , , , , , 27.9164423, -0.0005035, , , , , , , 27.9164423, 0.026688, , , , , , , , , , , , , , , , , , , , , , , , , , , , 
27.9169615, 0.0005035, , , , , , , 27.9169615, -0.0104067, , , , , , , 27.9169615, -0.003357, , , , , , , 27.9169615, 0.0213169, , , , , , , , , , , , , , , , , , , , , , , , , , , , 
27.9174808, 0.0011749, , , , , , , 27.9174808, -0.0095674, , , , , , , 27.9174808, -0.0045319, , , , , , , 27.9174808, 0.0169528, , , , , , , , , , , , , , , , , , , , , , , , , , , , 
27.918, 0.0048676, , , , , , , 27.918, -0.0078889, , , , , , , 27.918, -0.0041962, , , , , , , 27.918, 0.0115816, , , , , , , , , , , , , , , , , , , , , , , , , , , , 
27.9185192, 0.0146029, , , , , , , 27.9185192, -0.0075532, , , , , , , 27.9185192, -0.0043641, , , , , , , 27.9185192, 0.0065461, , , , , , , , , , , , , , , , , , , , , , , , , , , , 
27.9190385, 0.0246738, , , , , , , 27.9190385, -0.0065461, , , , , , , 27.9190385, -0.005539, , , , , , , 27.9190385, 0.0052033, , , , , , , , , , , , , , , , , , , , , , , , , , , , 
27.9195577, 0.0270237, , , , , , , 27.9195577, -0.0048676, , , , , , , 27.9195577, -0.0052033, , , , , , , 27.9195577, 0.0048676, , , , , , , , , , , , , , , , , , , , , , , , , , , , 
27.9200769, 0.0240024, , , , , , , 27.9200769, -0.0052033, , , , , , , 27.9200769, -0.0048676, , , , , , , 27.9200769, 0.0030213, , , , , , , , , , , , , , , , , , , , , , , , , , , , 
27.9205962, 0.0226596, , , , , , , 27.9205962, -0.0077211, , , , , , , 27.9205962, -0.0070497, , , , , , , 27.9205962, 0.0030213, , , , , , , , , , , , , , , , , , , , , , , , , , , , 
27.9211154, 0.023331, , , , , , , 27.9211154, -0.0095674, , , , , , , 27.9211154, -0.0095674, , , , , , , 27.9211154, 0.0036927, , , , , , , , , , , , , , , , , , , , , , , , , , , , 
27.9216346, 0.0223239, , , , , , , 27.9216346, -0.0109102, , , , , , , 27.9216346, -0.008896, , , , , , , 27.9216346, 0.0031891, , , , , , , , , , , , , , , , , , , , , , , , , , , , 
27.9221538, 0.0219883, , , , , , , 27.9221538, -0.0112459, , , , , , , 27.9221538, -0.0072175, , , , , , , 27.9221538, 0.0013428, , , , , , , , , , , , , , , , , , , , , , , , , , , , 
27.9226731, 0.0213169, , , , , , , 27.9226731, -0.0099031, , , , , , , 27.9226731, -0.0068818, , , , , , , 27.9226731, 0.0015106, , , , , , , , , , , , , , , , , , , , , , , , , , , , 
27.9231923, 0.0182956, , , , , , , 27.9231923, -0.0075532, , , , , , , 27.9231923, -0.0082246, , , , , , , 27.9231923, 0.0043641, , , , , , , , , , , , , , , , , , , , , , , , , , , , 
27.9237115, 0.0182956, , , , , , , 27.9237115, -0.0063783, , , , , , , 27.9237115, -0.0082246, , , , , , , 27.9237115, 0.0065461, , , , , , , , , , , , , , , , , , , , , , , , , , , , 
27.9242308, 0.0191348, , , , , , , 27.9242308, -0.0065461, , , , , , , 27.9242308, -0.0082246, , , , , , , 27.9242308, 0.0065461, , , , , , , , , , , , , , , , , , , , , , , , , , , , 
27.92475, 0.0199741, , , , , , , 27.92475, -0.0062104, , , , , , , 27.92475, -0.008896, , , , , , , 27.92475, 0.005539, , , , , , , , , , , , , , , , , , , , , , , , , , , , 
27.9252692, 0.0191348, , , , , , , 27.9252692, -0.0058747, , , , , , , 27.9252692, -0.0095674, , , , , , , 27.9252692, -0.0001678, , , , , , , , , , , , , , , , , , , , , , , , , , , , 
27.9257885, 0.0219883, , , , , , , 27.9257885, -0.0068818, , , , , , , 27.9257885, -0.008896, , , , , , , 27.9257885, -0.008896, , , , , , , , , , , , , , , , , , , , , , , , , , , , 
27.9263077, 0.0226596, , , , , , , 27.9263077, -0.0078889, , , , , , , 27.9263077, -0.0095674, , , , , , , 27.9263077, -0.0132601, , , , , , , , , , , , , , , , , , , , , , , , , , , , 
27.9268269, 0.0263523, , , , , , , 27.9268269, -0.0075532, , , , , , , 27.9268269, -0.0104067, , , , , , , 27.9268269, -0.0142672, , , , , , , , , , , , , , , , , , , , , , , , , , , , 
27.9273462, 0.0307164, , , , , , , 27.9273462, -0.0082246, , , , , , , 27.9273462, -0.0095674, , , , , , , 27.9273462, -0.01561, , , , , , , , , , , , , , , , , , , , , , , , , , , , 
27.9278654, 0.0315557, , , , , , , 27.9278654, -0.011078, , , , , , , 27.9278654, -0.008896, , , , , , , 27.9278654, -0.0149386, , , , , , , , , , , , , , , , , , , , , , , , , , , , 
27.9283846, 0.030045, , , , , , , 27.9283846, -0.0119173, , , , , , , 27.9283846, -0.0093996, , , , , , , 27.9283846, -0.012253, , , , , , , , , , , , , , , , , , , , , , , , , , , , 
27.9289038, 0.0263523, , , , , , , 27.9289038, -0.0109102, , , , , , , 27.9289038, -0.0112459, , , , , , , 27.9289038, -0.0065461, , , , , , , , , , , , , , , , , , , , , , , , , , , , 
27.9294231, 0.0229953, , , , , , , 27.9294231, -0.0092317, , , , , , , 27.9294231, -0.0109102, , , , , , , 27.9294231, 0.0028534, , , , , , , , , , , , , , , , , , , , , , , , , , , , 
27.9299423, 0.0213169, , , , , , , 27.9299423, -0.0070497, , , , , , , 27.9299423, -0.0112459, , , , , , , 27.9299423, 0.011078, , , , , , , , , , , , , , , , , , , , , , , , , , , , 
27.9304615, 0.0159457, , , , , , , 27.9304615, -0.0041962, , , , , , , 27.9304615, -0.0102388, , , , , , , 27.9304615, 0.0146029, , , , , , , , , , , , , , , , , , , , , , , , , , , , 
27.9309808, 0.0095674, , , , , , , 27.9309808, -0.0028534, , , , , , , 27.9309808, -0.0075532, , , , , , , 27.9309808, 0.0152743, , , , , , , , , , , , , , , , , , , , , , , , , , , , 
27.9315, 0.0112459, , , , , , , 27.9315, -0.0041962, , , , , , , 27.9315, -0.0060426, , , , , , , 27.9315, 0.0199741, , , , , , , , , , , , , , , , , , , , , , , , , , , , 
27.9320192, 0.0097353, , , , , , , 27.9320192, -0.0062104, , , , , , , 27.9320192, -0.0058747, , , , , , , 27.9320192, 0.0287022, , , , , , , , , , , , , , , , , , , , , , , , , , , , 
27.9325385, 0.0011749, , , , , , , 27.9325385, -0.0062104, , , , , , , 27.9325385, -0.0065461, , , , , , , 27.9325385, 0.0377661, , , , , , , , , , , , , , , , , , , , , , , , , , , , 
27.9330577, -0.0057069, , , , , , , 27.9330577, -0.0063783, , , , , , , 27.9330577, -0.0062104, , , , , , , 27.9330577, 0.0421302, , , , , , , , , , , , , , , , , , , , , , , , , , , , 
27.9335769, -0.008896, , , , , , , 27.9335769, -0.0077211, , , , , , , 27.9335769, -0.0045319, , , , , , , 27.9335769, 0.0404517, , , , , , , , , , , , , , , , , , , , , , , , , , , , 
27.9340962, -0.0119173, , , , , , , 27.9340962, -0.0099031, , , , , , , 27.9340962, -0.0041962, , , , , , , 27.9340962, 0.0419623, , , , , , , , , , , , , , , , , , , , , , , , , , , , 
27.9346154, -0.0124208, , , , , , , 27.9346154, -0.0085603, , , , , , , 27.9346154, -0.0036927, , , , , , , 27.9346154, 0.0441444, , , , , , , , , , , , , , , , , , , , , , , , , , , , 
27.9351346, -0.0092317, , , , , , , 27.9351346, -0.0075532, , , , , , , 27.9351346, -0.0028534, , , , , , , 27.9351346, 0.0417945, , , , , , , , , , , , , , , , , , , , , , , , , , , , 
27.9356538, -0.0058747, , , , , , , 27.9356538, -0.008896, , , , , , , 27.9356538, -0.0018463, , , , , , , 27.9356538, 0.0364233, , , , , , , , , , , , , , , , , , , , , , , , , , , , 
27.9361731, -0.0018463, , , , , , , 27.9361731, -0.0109102, , , , , , , 27.9361731, -0.002182, , , , , , , 27.9361731, 0.030045, , , , , , , , , , , , , , , , , , , , , , , , , , , , 
27.9366923, 0.0018463, , , , , , , 27.9366923, -0.0109102, , , , , , , 27.9366923, -0.0035248, , , , , , , 27.9366923, 0.0246738, , , , , , , , , , , , , , , , , , , , , , , , , , , , 
27.9372115, 0.0072175, , , , , , , 27.9372115, -0.0099031, , , , , , , 27.9372115, -0.0041962, , , , , , , 27.9372115, 0.0199741, , , , , , , , , , , , , , , , , , , , , , , , , , , , 
27.9377308, 0.0085603, , , , , , , 27.9377308, -0.0102388, , , , , , , 27.9377308, -0.0025177, , , , , , , 27.9377308, 0.0167849, , , , , , , , , , , , , , , , , , , , , , , , , , , , 
27.93825, 0.0097353, , , , , , , 27.93825, -0.0102388, , , , , , , 27.93825, -0.0015106, , , , , , , 27.93825, 0.014435, , , , , , , , , , , , , , , , , , , , , , , , , , , , 
27.9387692, 0.0139315, , , , , , , 27.9387692, -0.0090639, , , , , , , 27.9387692, -0.002182, , , , , , , 27.9387692, 0.0125887, , , , , , , , , , , , , , , , , , , , , , , , , , , , 
27.9392885, 0.0172885, , , , , , , 27.9392885, -0.0082246, , , , , , , 27.9392885, -0.0045319, , , , , , , 27.9392885, 0.0092317, , , , , , , , , , , , , , , , , , , , , , , , , , , , 
27.9398077, 0.0157778, , , , , , , 27.9398077, -0.0082246, , , , , , , 27.9398077, -0.0082246, , , , , , , 27.9398077, 0.0078889, , , , , , , , , , , , , , , , , , , , , , , , , , , , 
27.9403269, 0.0139315, , , , , , , 27.9403269, -0.0095674, , , , , , , 27.9403269, -0.0119173, , , , , , , 27.9403269, 0.0078889, , , , , , , , , , , , , , , , , , , , , , , , , , , , 
27.9408462, 0.0166171, , , , , , , 27.9408462, -0.0102388, , , , , , , 27.9408462, -0.0129244, , , , , , , 27.9408462, 0.0082246, , , , , , , , , , , , , , , , , , , , , , , , , , , , 
27.9413654, 0.0199741, , , , , , , 27.9413654, -0.0095674, , , , , , , 27.9413654, -0.012253, , , , , , , 27.9413654, 0.0078889, , , , , , , , , , , , , , , , , , , , , , , , , , , , 
27.9418846, 0.0206455, , , , , , , 27.9418846, -0.0082246, , , , , , , 27.9418846, -0.0119173, , , , , , , 27.9418846, 0.0075532, , , , , , , , , , , , , , , , , , , , , , , , , , , , 
27.9424038, 0.0224918, , , , , , , 27.9424038, -0.005539, , , , , , , 27.9424038, -0.0115816, , , , , , , 27.9424038, 0.0090639, , , , , , , , , , , , , , , , , , , , , , , , , , , , 
27.9429231, 0.0209812, , , , , , , 27.9429231, -0.002182, , , , , , , 27.9429231, -0.010071, , , , , , , 27.9429231, 0.0097353, , , , , , , , , , , , , , , , , , , , , , , , , , , , 
27.9434423, 0.0166171, , , , , , , 27.9434423, -0.0018463, , , , , , , 27.9434423, -0.008896, , , , , , , 27.9434423, 0.0095674, , , , , , , , , , , , , , , , , , , , , , , , , , , , 
27.9439615, 0.014435, , , , , , , 27.9439615, -0.0028534, , , , , , , 27.9439615, -0.008896, , , , , , , 27.9439615, 0.0105745, , , , , , , , , , , , , , , , , , , , , , , , , , , , 
27.9444808, 0.0146029, , , , , , , 27.9444808, -0.0028534, , , , , , , 27.9444808, -0.0119173, , , , , , , 27.9444808, 0.0099031, , , , , , , , , , , , , , , , , , , , , , , , , , , , 
27.945, 0.0169528, , , , , , , 27.945, -0.0038605, , , , , , , 27.945, -0.0139315, , , , , , , 27.945, 0.0070497, , , , , , , , , , , , , , , , , , , , , , , , , , , , 
27.9455192, 0.0159457, , , , , , , 27.9455192, -0.005539, , , , , , , 27.9455192, -0.0115816, , , , , , , 27.9455192, 0.0018463, , , , , , , , , , , , , , , , , , , , , , , , , , , , 
27.9460385, 0.0166171, , , , , , , 27.9460385, -0.0062104, , , , , , , 27.9460385, -0.0095674, , , , , , , 27.9460385, -0.0035248, , , , , , , , , , , , , , , , , , , , , , , , , , , , 
27.9465577, 0.0229953, , , , , , , 27.9465577, -0.005539, , , , , , , 27.9465577, -0.0105745, , , , , , , 27.9465577, -0.0075532, , , , , , , , , , , , , , , , , , , , , , , , , , , , 
27.9470769, 0.0287022, , , , , , , 27.9470769, -0.0048676, , , , , , , 27.9470769, -0.012253, , , , , , , 27.9470769, -0.008896, , , , , , , , , , , , , , , , , , , , , , , , , , , , 
27.9475962, 0.03122, , , , , , , 27.9475962, -0.0048676, , , , , , , 27.9475962, -0.0140993, , , , , , , 27.9475962, -0.0070497, , , , , , , , , , , , , , , , , , , , , , , , , , , , 
27.9481154, 0.0320592, , , , , , , 27.9481154, -0.0062104, , , , , , , 27.9481154, -0.014435, , , , , , , 27.9481154, -0.0062104, , , , , , , , , , , , , , , , , , , , , , , , , , , , 
27.9486346, 0.0293736, , , , , , , 27.9486346, -0.0072175, , , , , , , 27.9486346, -0.0125887, , , , , , , 27.9486346, -0.0041962, , , , , , , , , , , , , , , , , , , , , , , , , , , , 
27.9491538, 0.023331, , , , , , , 27.9491538, -0.008896, , , , , , , 27.9491538, -0.0109102, , , , , , , 27.9491538, -0.0005035, , , , , , , , , , , , , , , , , , , , , , , , , , , , 
27.9496731, 0.0166171, , , , , , , 27.9496731, -0.0099031, , , , , , , 27.9496731, -0.0117494, , , , , , , 27.9496731, 0.0043641, , , , , , , , , , , , , , , , , , , , , , , , , , , , 
27.9501923, 0.0119173, , , , , , , 27.9501923, -0.0092317, , , , , , , 27.9501923, -0.0119173, , , , , , , 27.9501923, 0.008896, , , , , , , , , , , , , , , , , , , , , , , , , , , , 
27.9507115, 0.0083925, , , , , , , 27.9507115, -0.0077211, , , , , , , 27.9507115, -0.0112459, , , , , , , 27.9507115, 0.0135958, , , , , , , , , , , , , , , , , , , , , , , , , , , , 
27.9512308, 0.0052033, , , , , , , 27.9512308, -0.0085603, , , , , , , 27.9512308, -0.0112459, , , , , , , 27.9512308, 0.0166171, , , , , , , , , , , , , , , , , , , , , , , , , , , , 
27.95175, 0.0016785, , , , , , , 27.95175, -0.0095674, , , , , , , 27.95175, -0.0129244, , , , , , , 27.95175, 0.0199741, , , , , , , , , , , , , , , , , , , , , , , , , , , , 
27.9522692, 0.0008392, , , , , , , 27.9522692, -0.008896, , , , , , , 27.9522692, -0.0146029, , , , , , , 27.9522692, 0.023331, , , , , , , , , , , , , , , , , , , , , , , , , , , , 
27.9527885, 0.0031891, , , , , , , 27.9527885, -0.0065461, , , , , , , 27.9527885, -0.0117494, , , , , , , 27.9527885, 0.026688, , , , , , , , , , , , , , , , , , , , , , , , , , , , 
27.9533077, 0.0018463, , , , , , , 27.9533077, -0.0068818, , , , , , , 27.9533077, -0.0072175, , , , , , , 27.9533077, 0.0297093, , , , , , , , , , , , , , , , , , , , , , , , , , , , 
27.9538269, -0.0048676, , , , , , , 27.9538269, -0.0085603, , , , , , , 27.9538269, -0.005539, , , , , , , 27.9538269, 0.033402, , , , , , , , , , , , , , , , , , , , , , , , , , , , 
27.9543462, -0.014435, , , , , , , 27.9543462, -0.0102388, , , , , , , 27.9543462, -0.0052033, , , , , , , 27.9543462, 0.0360876, , , , , , , , , , , , , , , , , , , , , , , , , , , , 
27.9548654, -0.0213169, , , , , , , 27.9548654, -0.0104067, , , , , , , 27.9548654, -0.0045319, , , , , , , 27.9548654, 0.0374304, , , , , , , , , , , , , , , , , , , , , , , , , , , , 
27.9553846, -0.0206455, , , , , , , 27.9553846, -0.0070497, , , , , , , 27.9553846, -0.0045319, , , , , , , 27.9553846, 0.033402, , , , , , , , , , , , , , , , , , , , , , , , , , , , 
27.9559038, -0.0109102, , , , , , , 27.9559038, -0.0058747, , , , , , , 27.9559038, -0.005539, , , , , , , 27.9559038, 0.0238346, , , , , , , , , , , , , , , , , , , , , , , , , , , , 
27.9564231, 0.0031891, , , , , , , 27.9564231, -0.0068818, , , , , , , 27.9564231, -0.005539, , , , , , , 27.9564231, 0.0159457, , , , , , , , , , , , , , , , , , , , , , , , , , , , 
27.9569423, 0.0115816, , , , , , , 27.9569423, -0.008896, , , , , , , 27.9569423, -0.005539, , , , , , , 27.9569423, 0.0137636, , , , , , , , , , , , , , , , , , , , , , , , , , , , 
27.9574615, 0.0139315, , , , , , , 27.9574615, -0.0105745, , , , , , , 27.9574615, -0.0041962, , , , , , , 27.9574615, 0.0135958, , , , , , , , , , , , , , , , , , , , , , , , , , , , 
27.9579808, 0.0166171, , , , , , , 27.9579808, -0.0102388, , , , , , , 27.9579808, -0.0023499, , , , , , , 27.9579808, 0.0135958, , , , , , , , , , , , , , , , , , , , , , , , , , , , 
27.9585, 0.0164492, , , , , , , 27.9585, -0.0085603, , , , , , , 27.9585, -0.0015106, , , , , , , 27.9585, 0.0119173, , , , , , , , , , , , , , , , , , , , , , , , , , , , 
27.9590192, 0.0132601, , , , , , , 27.9590192, -0.0082246, , , , , , , 27.9590192, -0.002182, , , , , , , 27.9590192, 0.0119173, , , , , , , , , , , , , , , , , , , , , , , , , , , , 
27.9595385, 0.012253, , , , , , , 27.9595385, -0.008896, , , , , , , 27.9595385, -0.0048676, , , , , , , 27.9595385, 0.0112459, , , , , , , , , , , , , , , , , , , , , , , , , , , , 
27.9600577, 0.0152743, , , , , , , 27.9600577, -0.0109102, , , , , , , 27.9600577, -0.0068818, , , , , , , 27.9600577, 0.0105745, , , , , , , , , , , , , , , , , , , , , , , , , , , , 
27.9605769, 0.0186313, , , , , , , 27.9605769, -0.0115816, , , , , , , 27.9605769, -0.0072175, , , , , , , 27.9605769, 0.0082246, , , , , , , , , , , , , , , , , , , , , , , , , , , , 
27.9610962, 0.0199741, , , , , , , 27.9610962, -0.0109102, , , , , , , 27.9610962, -0.0068818, , , , , , , 27.9610962, 0.0072175, , , , , , , , , , , , , , , , , , , , , , , , , , , , 
27.9616154, 0.0199741, , , , , , , 27.9616154, -0.0104067, , , , , , , 27.9616154, -0.0068818, , , , , , , 27.9616154, 0.008896, , , , , , , , , , , , , , , , , , , , , , , , , , , , 
27.9621346, 0.0199741, , , , , , , 27.9621346, -0.0097353, , , , , , , 27.9621346, -0.0057069, , , , , , , 27.9621346, 0.008896, , , , , , , , , , , , , , , , , , , , , , , , , , , , 
27.9626538, 0.0203098, , , , , , , 27.9626538, -0.0095674, , , , , , , 27.9626538, -0.0062104, , , , , , , 27.9626538, 0.008896, , , , , , , , , , , , , , , , , , , , , , , , , , , , 
27.9631731, 0.018967, , , , , , , 27.9631731, -0.0087282, , , , , , , 27.9631731, -0.0078889, , , , , , , 27.9631731, 0.0115816, , , , , , , , , , , , , , , , , , , , , , , , , , , , 
27.9636923, 0.0199741, , , , , , , 27.9636923, -0.0075532, , , , , , , 27.9636923, -0.0058747, , , , , , , 27.9636923, 0.012253, , , , , , , , , , , , , , , , , , , , , , , , , , , , 
27.9642115, 0.0250095, , , , , , , 27.9642115, -0.0072175, , , , , , , 27.9642115, -0.0041962, , , , , , , 27.9642115, 0.0109102, , , , , , , , , , , , , , , , , , , , , , , , , , , , 
27.9647308, 0.0236667, , , , , , , 27.9647308, -0.0085603, , , , , , , 27.9647308, -0.0048676, , , , , , , 27.9647308, 0.0095674, , , , , , , , , , , , , , , , , , , , , , , , , , , , 
27.96525, 0.0213169, , , , , , , 27.96525, -0.008896, , , , , , , 27.96525, -0.0058747, , , , , , , 27.96525, 0.0052033, , , , , , , , , , , , , , , , , , , , , , , , , , , , 
27.9657692, 0.024506, , , , , , , 27.9657692, -0.0077211, , , , , , , 27.9657692, -0.0058747, , , , , , , 27.9657692, -0.0011749, , , , , , , , , , , , , , , , , , , , , , , , , , , , 
27.9662885, 0.0283665, , , , , , , 27.9662885, -0.0072175, , , , , , , 27.9662885, -0.0068818, , , , , , , 27.9662885, -0.0048676, , , , , , , , , , , , , , , , , , , , , , , , , , , , 
27.9668077, 0.0288701, , , , , , , 27.9668077, -0.0078889, , , , , , , 27.9668077, -0.0095674, , , , , , , 27.9668077, -0.0068818, , , , , , , , , , , , , , , , , , , , , , , , , , , , 
27.9673269, 0.0310521, , , , , , , 27.9673269, -0.0095674, , , , , , , 27.9673269, -0.012253, , , , , , , 27.9673269, -0.0057069, , , , , , , , , , , , , , , , , , , , , , , , , , , , 
27.9678462, 0.0357519, , , , , , , 27.9678462, -0.0105745, , , , , , , 27.9678462, -0.0135958, , , , , , , 27.9678462, -0.0041962, , , , , , , , , , , , , , , , , , , , , , , , , , , , 
27.9683654, 0.0360876, , , , , , , 27.9683654, -0.0102388, , , , , , , 27.9683654, -0.0125887, , , , , , , 27.9683654, -0.0035248, , , , , , , , , , , , , , , , , , , , , , , , , , , , 
27.9688846, 0.0318914, , , , , , , 27.9688846, -0.0075532, , , , , , , 27.9688846, -0.0112459, , , , , , , 27.9688846, 0.002182, , , , , , , , , , , , , , , , , , , , , , , , , , , , 
27.9694038, 0.0256809, , , , , , , 27.9694038, -0.0070497, , , , , , , 27.9694038, -0.0099031, , , , , , , 27.9694038, 0.0095674, , , , , , , , , , , , , , , , , , , , , , , , , , , , 
27.9699231, 0.0172885, , , , , , , 27.9699231, -0.0072175, , , , , , , 27.9699231, -0.0112459, , , , , , , 27.9699231, 0.0132601, , , , , , , , , , , , , , , , , , , , , , , , , , , , 
27.9704423, 0.0132601, , , , , , , 27.9704423, -0.0072175, , , , , , , 27.9704423, -0.0109102, , , , , , , 27.9704423, 0.0172885, , , , , , , , , , , , , , , , , , , , , , , , , , , , 
27.9709615, 0.0117494, , , , , , , 27.9709615, -0.008896, , , , , , , 27.9709615, -0.0075532, , , , , , , 27.9709615, 0.021149, , , , , , , , , , , , , , , , , , , , , , , , , , , , 
27.9714808, 0.0092317, , , , , , , 27.9714808, -0.0085603, , , , , , , 27.9714808, -0.0041962, , , , , , , 27.9714808, 0.023331, , , , , , , , , , , , , , , , , , , , , , , , , , , , 
27.972, 0.0062104, , , , , , , 27.972, -0.0075532, , , , , , , 27.972, -0.0028534, , , , , , , 27.972, 0.0256809, , , , , , , , , , , , , , , , , , , , , , , , , , , , 
27.9725192, 0.0041962, , , , , , , 27.9725192, -0.0078889, , , , , , , 27.9725192, -0.0041962, , , , , , , 27.9725192, 0.030045, , , , , , , , , , , , , , , , , , , , , , , , , , , , 
27.9730385, 0.0052033, , , , , , , 27.9730385, -0.0078889, , , , , , , 27.9730385, -0.005539, , , , , , , 27.9730385, 0.0359197, , , , , , , , , , , , , , , , , , , , , , , , , , , , 
27.9735577, 0.0070497, , , , , , , 27.9735577, -0.0065461, , , , , , , 27.9735577, -0.0038605, , , , , , , 27.9735577, 0.0391089, , , , , , , , , , , , , , , , , , , , , , , , , , , , 
27.9740769, 0.0038605, , , , , , , 27.9740769, -0.0048676, , , , , , , 27.9740769, -0.0036927, , , , , , , 27.9740769, 0.0407874, , , , , , , , , , , , , , , , , , , , , , , , , , , , 
27.9745962, 0.0015106, , , , , , , 27.9745962, -0.0052033, , , , , , , 27.9745962, -0.0050355, , , , , , , 27.9745962, 0.0417945, , , , , , , , , , , , , , , , , , , , , , , , , , , , 
27.9751154, 0.0031891, , , , , , , 27.9751154, -0.0060426, , , , , , , 27.9751154, -0.005539, , , , , , , 27.9751154, 0.0412909, , , , , , , , , , , , , , , , , , , , , , , , , , , , 
27.9756346, 0.0025177, , , , , , , 27.9756346, -0.0065461, , , , , , , 27.9756346, -0.005539, , , , , , , 27.9756346, 0.0377661, , , , , , , , , , , , , , , , , , , , , , , , , , , , 
27.9761538, 0.0025177, , , , , , , 27.9761538, -0.0062104, , , , , , , 27.9761538, -0.0048676, , , , , , , 27.9761538, 0.0313878, , , , , , , , , , , , , , , , , , , , , , , , , , , , 
27.9766731, 0.0075532, , , , , , , 27.9766731, -0.0072175, , , , , , , 27.9766731, -0.0062104, , , , , , , 27.9766731, 0.0253452, , , , , , , , , , , , , , , , , , , , , , , , , , , , 
27.9771923, 0.0109102, , , , , , , 27.9771923, -0.0082246, , , , , , , 27.9771923, -0.0078889, , , , , , , 27.9771923, 0.0186313, , , , , , , , , , , , , , , , , , , , , , , , , , , , 
27.9777115, 0.0117494, , , , , , , 27.9777115, -0.0072175, , , , , , , 27.9777115, -0.0075532, , , , , , , 27.9777115, 0.0119173, , , , , , , , , , , , , , , , , , , , , , , , , , , , 
27.9782308, 0.0129244, , , , , , , 27.9782308, -0.0062104, , , , , , , 27.9782308, -0.0072175, , , , , , , 27.9782308, 0.0072175, , , , , , , , , , , , , , , , , , , , , , , , , , , , 
27.97875, 0.0159457, , , , , , , 27.97875, -0.0045319, , , , , , , 27.97875, -0.008896, , , , , , , 27.97875, 0.0062104, , , , , , , , , , , , , , , , , , , , , , , , , , , , 
27.9792692, 0.017792, , , , , , , 27.9792692, -0.0041962, , , , , , , 27.9792692, -0.0087282, , , , , , , 27.9792692, 0.0072175, , , , , , , , , , , , , , , , , , , , , , , , , , , , 
27.9797885, 0.0193027, , , , , , , 27.9797885, -0.0065461, , , , , , , 27.9797885, -0.0057069, , , , , , , 27.9797885, 0.0048676, , , , , , , , , , , , , , , , , , , , , , , , , , , , 
27.9803077, 0.0169528, , , , , , , 27.9803077, -0.0075532, , , , , , , 27.9803077, -0.0038605, , , , , , , 27.9803077, -0.0001678, , , , , , , , , , , , , , , , , , , , , , , , , , , , 
27.9808269, 0.0135958, , , , , , , 27.9808269, -0.0062104, , , , , , , 27.9808269, -0.0045319, , , , , , , 27.9808269, -0.0008392, , , , , , , , , , , , , , , , , , , , , , , , , , , , 
27.9813462, 0.0129244, , , , , , , 27.9813462, -0.0060426, , , , , , , 27.9813462, -0.0058747, , , , , , , 27.9813462, -0.0001678, , , , , , , , , , , , , , , , , , , , , , , , , , , , 
27.9818654, 0.0132601, , , , , , , 27.9818654, -0.0072175, , , , , , , 27.9818654, -0.0063783, , , , , , , 27.9818654, -0.0015106, , , , , , , , , , , , , , , , , , , , , , , , , , , , 
27.9823846, 0.0109102, , , , , , , 27.9823846, -0.0072175, , , , , , , 27.9823846, -0.0075532, , , , , , , 27.9823846, -0.0025177, , , , , , , , , , , , , , , , , , , , , , , , , , , , 
27.9829038, 0.0097353, , , , , , , 27.9829038, -0.0062104, , , , , , , 27.9829038, -0.0083925, , , , , , , 27.9829038, -0.0028534, , , , , , , , , , , , , , , , , , , , , , , , , , , , 
27.9834231, 0.0114137, , , , , , , 27.9834231, -0.0057069, , , , , , , 27.9834231, -0.0068818, , , , , , , 27.9834231, -0.0015106, , , , , , , , , , , , , , , , , , , , , , , , , , , , 
27.9839423, 0.0146029, , , , , , , 27.9839423, -0.0065461, , , , , , , 27.9839423, -0.0052033, , , , , , , 27.9839423, -0.0001678, , , , , , , , , , , , , , , , , , , , , , , , , , , , 
27.9844615, 0.0166171, , , , , , , 27.9844615, -0.0065461, , , , , , , 27.9844615, -0.0062104, , , , , , , 27.9844615, 0.0025177, , , , , , , , , , , , , , , , , , , , , , , , , , , , 
27.9849808, 0.0186313, , , , , , , 27.9849808, -0.0068818, , , , , , , 27.9849808, -0.0068818, , , , , , , 27.9849808, 0.003357, , , , , , , , , , , , , , , , , , , , , , , , , , , , 
27.9855, 0.0206455, , , , , , , 27.9855, -0.0082246, , , , , , , 27.9855, -0.0082246, , , , , , , 27.9855, 0.0005035, , , , , , , , , , , , , , , , , , , , , , , , , , , , 
27.9860192, 0.0191348, , , , , , , 27.9860192, -0.0072175, , , , , , , 27.9860192, -0.0092317, , , , , , , 27.9860192, -0.0028534, , , , , , , , , , , , , , , , , , , , , , , , , , , , 
27.9865385, 0.0172885, , , , , , , 27.9865385, -0.0050355, , , , , , , 27.9865385, -0.0082246, , , , , , , 27.9865385, -0.0041962, , , , , , , , , , , , , , , , , , , , , , , , , , , , 
27.9870577, 0.0162814, , , , , , , 27.9870577, -0.0058747, , , , , , , 27.9870577, -0.0085603, , , , , , , 27.9870577, -0.0041962, , , , , , , , , , , , , , , , , , , , , , , , , , , , 
27.9875769, 0.0199741, , , , , , , 27.9875769, -0.0068818, , , , , , , 27.9875769, -0.0099031, , , , , , , 27.9875769, -0.0048676, , , , , , , , , , , , , , , , , , , , , , , , , , , , 
27.9880962, 0.0250095, , , , , , , 27.9880962, -0.0062104, , , , , , , 27.9880962, -0.0095674, , , , , , , 27.9880962, -0.0038605, , , , , , , , , , , , , , , , , , , , , , , , , , , , 
27.9886154, 0.0229953, , , , , , , 27.9886154, -0.0075532, , , , , , , 27.9886154, -0.0102388, , , , , , , 27.9886154, -0.0005035, , , , , , , , , , , , , , , , , , , , , , , , , , , , 
27.9891346, 0.0157778, , , , , , , 27.9891346, -0.0082246, , , , , , , 27.9891346, -0.0112459, , , , , , , 27.9891346, 0.0052033, , , , , , , , , , , , , , , , , , , , , , , , , , , , 
27.9896538, 0.0105745, , , , , , , 27.9896538, -0.0077211, , , , , , , 27.9896538, -0.0097353, , , , , , , 27.9896538, 0.0085603, , , , , , , , , , , , , , , , , , , , , , , , , , , , 
27.9901731, 0.0099031, , , , , , , 27.9901731, -0.0048676, , , , , , , 27.9901731, -0.0082246, , , , , , , 27.9901731, 0.0132601, , , , , , , , , , , , , , , , , , , , , , , , , , , , 
27.9906923, 0.0082246, , , , , , , 27.9906923, -0.0035248, , , , , , , 27.9906923, -0.0095674, , , , , , , 27.9906923, 0.0166171, , , , , , , , , , , , , , , , , , , , , , , , , , , , 
27.9912115, 0.0050355, , , , , , , 27.9912115, -0.005539, , , , , , , 27.9912115, -0.0109102, , , , , , , 27.9912115, 0.021149, , , , , , , , , , , , , , , , , , , , , , , , , , , , 
27.9917308, 0.0048676, , , , , , , 27.9917308, -0.0083925, , , , , , , 27.9917308, -0.0105745, , , , , , , 27.9917308, 0.0250095, , , , , , , , , , , , , , , , , , , , , , , , , , , , 
27.99225, 0.0058747, , , , , , , 27.99225, -0.0115816, , , , , , , 27.99225, -0.011078, , , , , , , 27.99225, 0.026688, , , , , , , , , , , , , , , , , , , , , , , , , , , , 
27.9927692, 0.0038605, , , , , , , 27.9927692, -0.0117494, , , , , , , 27.9927692, -0.0115816, , , , , , , 27.9927692, 0.0293736, , , , , , , , , , , , , , , , , , , , , , , , , , , , 
27.9932885, 0.0011749, , , , , , , 27.9932885, -0.0102388, , , , , , , 27.9932885, -0.0095674, , , , , , , 27.9932885, 0.0318914, , , , , , , , , , , , , , , , , , , , , , , , , , , , 
27.9938077, -0.0035248, , , , , , , 27.9938077, -0.0072175, , , , , , , 27.9938077, -0.0085603, , , , , , , 27.9938077, 0.0337377, , , , , , , , , , , , , , , , , , , , , , , , , , , , 
27.9943269, -0.0062104, , , , , , , 27.9943269, -0.0060426, , , , , , , 27.9943269, -0.0077211, , , , , , , 27.9943269, 0.0347448, , , , , , , , , , , , , , , , , , , , , , , , , , , , 
27.9948462, -0.0068818, , , , , , , 27.9948462, -0.0062104, , , , , , , 27.9948462, -0.0068818, , , , , , , 27.9948462, 0.0354162, , , , , , , , , , , , , , , , , , , , , , , , , , , , 
27.9953654, -0.0078889, , , , , , , 27.9953654, -0.0085603, , , , , , , 27.9953654, -0.0041962, , , , , , , 27.9953654, 0.0340734, , , , , , , , , , , , , , , , , , , , , , , , , , , , 
27.9958846, -0.0070497, , , , , , , 27.9958846, -0.0102388, , , , , , , 27.9958846, -0.0028534, , , , , , , 27.9958846, 0.030045, , , , , , , , , , , , , , , , , , , , , , , , , , , , 
27.9964038, -0.0016785, , , , , , , 27.9964038, -0.0105745, , , , , , , 27.9964038, -0.0043641, , , , , , , 27.9964038, 0.0246738, , , , , , , , , , , , , , , , , , , , , , , , , , , , 
27.9969231, 0.0048676, , , , , , , 27.9969231, -0.0092317, , , , , , , 27.9969231, -0.0062104, , , , , , , 27.9969231, 0.0206455, , , , , , , , , , , , , , , , , , , , , , , , , , , , 
27.9974423, 0.008896, , , , , , , 27.9974423, -0.0090639, , , , , , , 27.9974423, -0.0058747, , , , , , , 27.9974423, 0.0186313, , , , , , , , , , , , , , , , , , , , , , , , , , , , 
27.9979615, 0.0109102, , , , , , , 27.9979615, -0.008896, , , , , , , 27.9979615, -0.0041962, , , , , , , 27.9979615, 0.0166171, , , , , , , , , , , , , , , , , , , , , , , , , , , , 
27.9984808, 0.0135958, , , , , , , 27.9984808, -0.0092317, , , , , , , 27.9984808, -0.0048676, , , , , , , 27.9984808, 0.0146029, , , , , , , , , , , , , , , , , , , , , , , , , , , , 
27.999, 0.0186313, , , , , , , 27.999, -0.0099031, , , , , , , 27.999, -0.0082246, , , , , , , 27.999, 0.0119173, , , , , , , , , , , , , , , , , , , , , , , , , , , , 
27.9995192, 0.0194705, , , , , , , 27.9995192, -0.0105745, , , , , , , 27.9995192, -0.0095674, , , , , , , 27.9995192, 0.0105745, , , , , , , , , , , , , , , , , , , , , , , , , , , , 
28.0000385, 0.0184634, , , , , , , 28.0000385, -0.0109102, , , , , , , 28.0000385, -0.0082246, , , , , , , 28.0000385, 0.0099031, , , , , , , , , , , , , , , , , , , , , , , , , , , , 
28.0005577, 0.0213169, , , , , , , 28.0005577, -0.0102388, , , , , , , 28.0005577, -0.0077211, , , , , , , 28.0005577, 0.0085603, , , , , , , , , , , , , , , , , , , , , , , , , , , , 
28.0010769, 0.0265202, , , , , , , 28.0010769, -0.0082246, , , , , , , 28.0010769, -0.0075532, , , , , , , 28.0010769, 0.0083925, , , , , , , , , , , , , , , , , , , , , , , , , , , , 
28.0015962, 0.0287022, , , , , , , 28.0015962, -0.0078889, , , , , , , 28.0015962, -0.0062104, , , , , , , 28.0015962, 0.0097353, , , , , , , , , , , , , , , , , , , , , , , , , , , , 
28.0021154, 0.0287022, , , , , , , 28.0021154, -0.0082246, , , , , , , 28.0021154, -0.0068818, , , , , , , 28.0021154, 0.0105745, , , , , , , , , , , , , , , , , , , , , , , , , , , , 
28.0026346, 0.0287022, , , , , , , 28.0026346, -0.008896, , , , , , , 28.0026346, -0.0078889, , , , , , , 28.0026346, 0.0099031, , , , , , , , , , , , , , , , , , , , , , , , , , , , 
28.0031538, 0.0276951, , , , , , , 28.0031538, -0.0078889, , , , , , , 28.0031538, -0.0092317, , , , , , , 28.0031538, 0.0092317, , , , , , , , , , , , , , , , , , , , , , , , , , , , 
28.0036731, 0.0240024, , , , , , , 28.0036731, -0.0062104, , , , , , , 28.0036731, -0.0105745, , , , , , , 28.0036731, 0.0112459, , , , , , , , , , , , , , , , , , , , , , , , , , , , 
28.0041923, 0.0179599, , , , , , , 28.0041923, -0.0065461, , , , , , , 28.0041923, -0.0104067, , , , , , , 28.0041923, 0.0105745, , , , , , , , , , , , , , , , , , , , , , , , , , , , 
28.0047115, 0.0142672, , , , , , , 28.0047115, -0.0068818, , , , , , , 28.0047115, -0.0109102, , , , , , , 28.0047115, 0.0072175, , , , , , , , , , , , , , , , , , , , , , , , , , , , 
28.0052308, 0.0172885, , , , , , , 28.0052308, -0.0065461, , , , , , , 28.0052308, -0.0109102, , , , , , , 28.0052308, 0.0041962, , , , , , , , , , , , , , , , , , , , , , , , , , , , 
28.00575, 0.0219883, , , , , , , 28.00575, -0.0058747, , , , , , , 28.00575, -0.010071, , , , , , , 28.00575, 0.0001678, , , , , , , , , , , , , , , , , , , , , , , , , , , , 
28.0062692, 0.0223239, , , , , , , 28.0062692, -0.0052033, , , , , , , 28.0062692, -0.0102388, , , , , , , 28.0062692, -0.0041962, , , , , , , , , , , , , , , , , , , , , , , , , , , , 
28.0067885, 0.0203098, , , , , , , 28.0067885, -0.0041962, , , , , , , 28.0067885, -0.0105745, , , , , , , 28.0067885, -0.0075532, , , , , , , , , , , , , , , , , , , , , , , , , , , , 
28.0073077, 0.0198062, , , , , , , 28.0073077, -0.0068818, , , , , , , 28.0073077, -0.0102388, , , , , , , 28.0073077, -0.0092317, , , , , , , , , , , , , , , , , , , , , , , , , , , , 
28.0078269, 0.0179599, , , , , , , 28.0078269, -0.0095674, , , , , , , 28.0078269, -0.0097353, , , , , , , 28.0078269, -0.0102388, , , , , , , , , , , , , , , , , , , , , , , , , , , , 
28.0083462, 0.0159457, , , , , , , 28.0083462, -0.0090639, , , , , , , 28.0083462, -0.008896, , , , , , , 28.0083462, -0.0109102, , , , , , , , , , , , , , , , , , , , , , , , , , , , 
28.0088654, 0.0159457, , , , , , , 28.0088654, -0.0092317, , , , , , , 28.0088654, -0.008896, , , , , , , 28.0088654, -0.0095674, , , , , , , , , , , , , , , , , , , , , , , , , , , , 
28.0093846, 0.01561, , , , , , , 28.0093846, -0.0082246, , , , , , , 28.0093846, -0.0095674, , , , , , , 28.0093846, -0.0035248, , , , , , , , , , , , , , , , , , , , , , , , , , , , 
28.0099038, 0.0109102, , , , , , , 28.0099038, -0.0063783, , , , , , , 28.0099038, -0.008896, , , , , , , 28.0099038, 0.0065461, , , , , , , , , , , , , , , , , , , , , , , , , , , , 
28.0104231, 0.0038605, , , , , , , 28.0104231, -0.0050355, , , , , , , 28.0104231, -0.0078889, , , , , , , 28.0104231, 0.0151064, , , , , , , , , , , , , , , , , , , , , , , , , , , , 
28.0109423, -0.0001678, , , , , , , 28.0109423, -0.0050355, , , , , , , 28.0109423, -0.0058747, , , , , , , 28.0109423, 0.0181277, , , , , , , , , , , , , , , , , , , , , , , , , , , , 
28.0114615, 0.0038605, , , , , , , 28.0114615, -0.0082246, , , , , , , 28.0114615, -0.005539, , , , , , , 28.0114615, 0.0216526, , , , , , , , , , , , , , , , , , , , , , , , , , , , 
28.0119808, 0.008896, , , , , , , 28.0119808, -0.010071, , , , , , , 28.0119808, -0.0041962, , , , , , , 28.0119808, 0.026688, , , , , , , , , , , , , , , , , , , , , , , , , , , , 
28.0125, 0.0105745, , , , , , , 28.0125, -0.0099031, , , , , , , 28.0125, -0.0036927, , , , , , , 28.0125, 0.0297093, , , , , , , , , , , , , , , , , , , , , , , , , , , , 
28.0130192, 0.0075532, , , , , , , 28.0130192, -0.008896, , , , , , , 28.0130192, -0.0048676, , , , , , , 28.0130192, 0.0313878, , , , , , , , , , , , , , , , , , , , , , , , , , , , 
28.0135385, 0.0045319, , , , , , , 28.0135385, -0.0095674, , , , , , , 28.0135385, -0.0048676, , , , , , , 28.0135385, 0.0320592, , , , , , , , , , , , , , , , , , , , , , , , , , , , 
28.0140577, 0.0045319, , , , , , , 28.0140577, -0.0092317, , , , , , , 28.0140577, -0.0058747, , , , , , , 28.0140577, 0.0310521, , , , , , , , , , , , , , , , , , , , , , , , , , , , 
28.0145769, 0.0041962, , , , , , , 28.0145769, -0.0082246, , , , , , , 28.0145769, -0.0062104, , , , , , , 28.0145769, 0.0303807, , , , , , , , , , , , , , , , , , , , , , , , , , , , 
28.0150962, 0.0031891, , , , , , , 28.0150962, -0.0083925, , , , , , , 28.0150962, -0.0068818, , , , , , , 28.0150962, 0.0303807, , , , , , , , , , , , , , , , , , , , , , , , , , , , 
28.0156154, 0.0048676, , , , , , , 28.0156154, -0.0105745, , , , , , , 28.0156154, -0.0062104, , , , , , , 28.0156154, 0.0273594, , , , , , , , , , , , , , , , , , , , , , , , , , , , 
28.0161346, 0.0058747, , , , , , , 28.0161346, -0.0099031, , , , , , , 28.0161346, -0.0052033, , , , , , , 28.0161346, 0.0216526, , , , , , , , , , , , , , , , , , , , , , , , , , , , 
28.0166538, 0.0072175, , , , , , , 28.0166538, -0.0077211, , , , , , , 28.0166538, -0.0050355, , , , , , , 28.0166538, 0.0179599, , , , , , , , , , , , , , , , , , , , , , , , , , , , 
28.0171731, 0.0078889, , , , , , , 28.0171731, -0.0068818, , , , , , , 28.0171731, -0.0048676, , , , , , , 28.0171731, 0.0166171, , , , , , , , , , , , , , , , , , , , , , , , , , , , 
28.0176923, 0.0085603, , , , , , , 28.0176923, -0.0075532, , , , , , , 28.0176923, -0.0046998, , , , , , , 28.0176923, 0.0132601, , , , , , , , , , , , , , , , , , , , , , , , , , , , 
28.0182115, 0.0048676, , , , , , , 28.0182115, -0.008896, , , , , , , 28.0182115, -0.0068818, , , , , , , 28.0182115, 0.0090639, , , , , , , , , , , , , , , , , , , , , , , , , , , , 
28.0187308, 0.0045319, , , , , , , 28.0187308, -0.0097353, , , , , , , 28.0187308, -0.0085603, , , , , , , 28.0187308, 0.0085603, , , , , , , , , , , , , , , , , , , , , , , , , , , , 
28.01925, 0.0132601, , , , , , , 28.01925, -0.0109102, , , , , , , 28.01925, -0.0082246, , , , , , , 28.01925, 0.0092317, , , , , , , , , , , , , , , , , , , , , , , , , , , , 
28.0197692, 0.0226596, , , , , , , 28.0197692, -0.0102388, , , , , , , 28.0197692, -0.0062104, , , , , , , 28.0197692, 0.008896, , , , , , , , , , , , , , , , , , , , , , , , , , , , 
28.0202885, 0.0317235, , , , , , , 28.0202885, -0.0082246, , , , , , , 28.0202885, -0.0046998, , , , , , , 28.0202885, 0.0078889, , , , , , , , , , , , , , , , , , , , , , , , , , , , 
28.0208077, 0.0292058, , , , , , , 28.0208077, -0.005539, , , , , , , 28.0208077, -0.005539, , , , , , , 28.0208077, 0.008896, , , , , , , , , , , , , , , , , , , , , , , , , , , , 
28.0213269, 0.0229953, , , , , , , 28.0213269, -0.0048676, , , , , , , 28.0213269, -0.0058747, , , , , , , 28.0213269, 0.0099031, , , , , , , , , , , , , , , , , , , , , , , , , , , , 
28.0218462, 0.0206455, , , , , , , 28.0218462, -0.0068818, , , , , , , 28.0218462, -0.0050355, , , , , , , 28.0218462, 0.0099031, , , , , , , , , , , , , , , , , , , , , , , , , , , , 
28.0223654, 0.0204776, , , , , , , 28.0223654, -0.0092317, , , , , , , 28.0223654, -0.0041962, , , , , , , 28.0223654, 0.0119173, , , , , , , , , , , , , , , , , , , , , , , , , , , , 
28.0228846, 0.0186313, , , , , , , 28.0228846, -0.0085603, , , , , , , 28.0228846, -0.0015106, , , , , , , 28.0228846, 0.0152743, , , , , , , , , , , , , , , , , , , , , , , , , , , , 
28.0234038, 0.0199741, , , , , , , 28.0234038, -0.0077211, , , , , , , 28.0234038, -0.0008392, , , , , , , 28.0234038, 0.0162814, , , , , , , , , , , , , , , , , , , , , , , , , , , , 
28.0239231, 0.0236667, , , , , , , 28.0239231, -0.0072175, , , , , , , 28.0239231, -0.0028534, , , , , , , 28.0239231, 0.0125887, , , , , , , , , , , , , , , , , , , , , , , , , , , , 
28.0244423, 0.023331, , , , , , , 28.0244423, -0.0072175, , , , , , , 28.0244423, -0.0048676, , , , , , , 28.0244423, 0.0092317, , , , , , , , , , , , , , , , , , , , , , , , , , , , 
28.0249615, 0.023331, , , , , , , 28.0249615, -0.0070497, , , , , , , 28.0249615, -0.0075532, , , , , , , 28.0249615, 0.0078889, , , , , , , , , , , , , , , , , , , , , , , , , , , , 
28.0254808, 0.0273594, , , , , , , 28.0254808, -0.0068818, , , , , , , 28.0254808, -0.0083925, , , , , , , 28.0254808, 0.0008392, , , , , , , , , , , , , , , , , , , , , , , , , , , , 
28.026, 0.0327306, , , , , , , 28.026, -0.0068818, , , , , , , 28.026, -0.0082246, , , , , , , 28.026, -0.0050355, , , , , , , , , , , , , , , , , , , , , , , , , , , , 
28.0265192, 0.0320592, , , , , , , 28.0265192, -0.0078889, , , , , , , 28.0265192, -0.0087282, , , , , , , 28.0265192, -0.0068818, , , , , , , , , , , , , , , , , , , , , , , , , , , , 
28.0270385, 0.030045, , , , , , , 28.0270385, -0.0095674, , , , , , , 28.0270385, -0.0092317, , , , , , , 28.0270385, -0.0070497, , , , , , , , , , , , , , , , , , , , , , , , , , , , 
28.0275577, 0.0317235, , , , , , , 28.0275577, -0.0099031, , , , , , , 28.0275577, -0.0099031, , , , , , , 28.0275577, -0.0058747, , , , , , , , , , , , , , , , , , , , , , , , , , , , 
28.0280769, 0.0320592, , , , , , , 28.0280769, -0.0090639, , , , , , , 28.0280769, -0.0109102, , , , , , , 28.0280769, -0.0058747, , , , , , , , , , , , , , , , , , , , , , , , , , , , 
28.0285962, 0.0280308, , , , , , , 28.0285962, -0.0082246, , , , , , , 28.0285962, -0.0117494, , , , , , , 28.0285962, -0.0058747, , , , , , , , , , , , , , , , , , , , , , , , , , , , 
28.0291154, 0.0251774, , , , , , , 28.0291154, -0.0078889, , , , , , , 28.0291154, -0.0115816, , , , , , , 28.0291154, -0.002182, , , , , , , , , , , , , , , , , , , , , , , , , , , , 
28.0296346, 0.0193027, , , , , , , 28.0296346, -0.0082246, , , , , , , 28.0296346, -0.0124208, , , , , , , 28.0296346, 0.0058747, , , , , , , , , , , , , , , , , , , , , , , , , , , , 
28.0301538, 0.0146029, , , , , , , 28.0301538, -0.005539, , , , , , , 28.0301538, -0.0135958, , , , , , , 28.0301538, 0.0117494, , , , , , , , , , , , , , , , , , , , , , , , , , , , 
28.0306731, 0.012253, , , , , , , 28.0306731, -0.0041962, , , , , , , 28.0306731, -0.0149386, , , , , , , 28.0306731, 0.0142672, , , , , , , , , , , , , , , , , , , , , , , , , , , , 
28.0311923, 0.0124208, , , , , , , 28.0311923, -0.0057069, , , , , , , 28.0311923, -0.0152743, , , , , , , 28.0311923, 0.0159457, , , , , , , , , , , , , , , , , , , , , , , , , , , , 
28.0317115, 0.0097353, , , , , , , 28.0317115, -0.0082246, , , , , , , 28.0317115, -0.0142672, , , , , , , 28.0317115, 0.0193027, , , , , , , , , , , , , , , , , , , , , , , , , , , , 
28.0322308, 0.0043641, , , , , , , 28.0322308, -0.0085603, , , , , , , 28.0322308, -0.0109102, , , , , , , 28.0322308, 0.023331, , , , , , , , , , , , , , , , , , , , , , , , , , , , 
28.03275, 0.0015106, , , , , , , 28.03275, -0.0072175, , , , , , , 28.03275, -0.0082246, , , , , , , 28.03275, 0.0287022, , , , , , , , , , , , , , , , , , , , , , , , , , , , 
28.0332692, 0.0001678, , , , , , , 28.0332692, -0.0058747, , , , , , , 28.0332692, -0.005539, , , , , , , 28.0332692, 0.0354162, , , , , , , , , , , , , , , , , , , , , , , , , , , , 
28.0337885, -0.0016785, , , , , , , 28.0337885, -0.0068818, , , , , , , 28.0337885, -0.0028534, , , , , , , 28.0337885, 0.0397803, , , , , , , , , , , , , , , , , , , , , , , , , , , , 
28.0343077, -0.0075532, , , , , , , 28.0343077, -0.0068818, , , , , , , 28.0343077, -0.0041962, , , , , , , 28.0343077, 0.0414588, , , , , , , , , , , , , , , , , , , , , , , , , , , , 
28.0348269, -0.0092317, , , , , , , 28.0348269, -0.0078889, , , , , , , 28.0348269, -0.0077211, , , , , , , 28.0348269, 0.0397803, , , , , , , , , , , , , , , , , , , , , , , , , , , , 
28.0353462, -0.0050355, , , , , , , 28.0353462, -0.0095674, , , , , , , 28.0353462, -0.0095674, , , , , , , 28.0353462, 0.0344091, , , , , , , , , , , , , , , , , , , , , , , , , , , , 
28.0358654, -0.0016785, , , , , , , 28.0358654, -0.0082246, , , , , , , 28.0358654, -0.0099031, , , , , , , 28.0358654, 0.0283665, , , , , , , , , , , , , , , , , , , , , , , , , , , , 
28.0363846, 0.0010071, , , , , , , 28.0363846, -0.0068818, , , , , , , 28.0363846, -0.0095674, , , , , , , 28.0363846, 0.0216526, , , , , , , , , , , , , , , , , , , , , , , , , , , , 
28.0369038, 0.0045319, , , , , , , 28.0369038, -0.0062104, , , , , , , 28.0369038, -0.0083925, , , , , , , 28.0369038, 0.0171206, , , , , , , , , , , , , , , , , , , , , , , , , , , , 
28.0374231, 0.0083925, , , , , , , 28.0374231, -0.005539, , , , , , , 28.0374231, -0.0085603, , , , , , , 28.0374231, 0.01561, , , , , , , , , , , , , , , , , , , , , , , , , , , , 
28.0379423, 0.0072175, , , , , , , 28.0379423, -0.0053712, , , , , , , 28.0379423, -0.0077211, , , , , , , 28.0379423, 0.0142672, , , , , , , , , , , , , , , , , , , , , , , , , , , , 
28.0384615, 0.0083925, , , , , , , 28.0384615, -0.0050355, , , , , , , 28.0384615, -0.0057069, , , , , , , 28.0384615, 0.0125887, , , , , , , , , , , , , , , , , , , , , , , , , , , , 
28.0389808, 0.0105745, , , , , , , 28.0389808, -0.0031891, , , , , , , 28.0389808, -0.0035248, , , , , , , 28.0389808, 0.0112459, , , , , , , , , , , , , , , , , , , , , , , , , , , , 
28.0395, 0.0132601, , , , , , , 28.0395, -0.0018463, , , , , , , 28.0395, -0.0028534, , , , , , , 28.0395, 0.0099031, , , , , , , , , , , , , , , , , , , , , , , , , , , , 
28.0400192, 0.0186313, , , , , , , 28.0400192, -0.005539, , , , , , , 28.0400192, -0.0041962, , , , , , , 28.0400192, 0.0058747, , , , , , , , , , , , , , , , , , , , , , , , , , , , 
28.0405385, 0.023331, , , , , , , 28.0405385, -0.0075532, , , , , , , 28.0405385, -0.0075532, , , , , , , 28.0405385, 0.0031891, , , , , , , , , , , , , , , , , , , , , , , , , , , , 
28.0410577, 0.0273594, , , , , , , 28.0410577, -0.005539, , , , , , , 28.0410577, -0.0099031, , , , , , , 28.0410577, 0.0030213, , , , , , , , , , , , , , , , , , , , , , , , , , , , 
28.0415769, 0.0290379, , , , , , , 28.0415769, -0.0063783, , , , , , , 28.0415769, -0.0099031, , , , , , , 28.0415769, 0.0036927, , , , , , , , , , , , , , , , , , , , , , , , , , , , 
28.0420962, 0.026688, , , , , , , 28.0420962, -0.0102388, , , , , , , 28.0420962, -0.0092317, , , , , , , 28.0420962, 0.0045319, , , , , , , , , , , , , , , , , , , , , , , , , , , , 
28.0426154, 0.0236667, , , , , , , 28.0426154, -0.0104067, , , , , , , 28.0426154, -0.0083925, , , , , , , 28.0426154, 0.0077211, , , , , , , , , , , , , , , , , , , , , , , , , , , , 
28.0431346, 0.0179599, , , , , , , 28.0431346, -0.0095674, , , , , , , 28.0431346, -0.0095674, , , , , , , 28.0431346, 0.0099031, , , , , , , , , , , , , , , , , , , , , , , , , , , , 
28.0436538, 0.0142672, , , , , , , 28.0436538, -0.0085603, , , , , , , 28.0436538, -0.0083925, , , , , , , 28.0436538, 0.012253, , , , , , , , , , , , , , , , , , , , , , , , , , , , 
28.0441731, 0.0162814, , , , , , , 28.0441731, -0.0083925, , , , , , , 28.0441731, -0.0072175, , , , , , , 28.0441731, 0.0142672, , , , , , , , , , , , , , , , , , , , , , , , , , , , 
28.0446923, 0.0193027, , , , , , , 28.0446923, -0.0095674, , , , , , , 28.0446923, -0.0082246, , , , , , , 28.0446923, 0.0129244, , , , , , , , , , , , , , , , , , , , , , , , , , , , 
28.0452115, 0.0223239, , , , , , , 28.0452115, -0.0109102, , , , , , , 28.0452115, -0.0095674, , , , , , , 28.0452115, 0.0078889, , , , , , , , , , , , , , , , , , , , , , , , , , , , 
28.0457308, 0.0243381, , , , , , , 28.0457308, -0.011078, , , , , , , 28.0457308, -0.0092317, , , , , , , 28.0457308, 0.0005035, , , , , , , , , , , , , , , , , , , , , , , , , , , , 
28.04625, 0.0253452, , , , , , , 28.04625, -0.0119173, , , , , , , 28.04625, -0.008896, , , , , , , 28.04625, -0.0018463, , , , , , , , , , , , , , , , , , , , , , , , , , , , 
28.0467692, 0.0276951, , , , , , , 28.0467692, -0.0119173, , , , , , , 28.0467692, -0.0114137, , , , , , , 28.0467692, -0.0015106, , , , , , , , , , , , , , , , , , , , , , , , , , , , 
28.0472885, 0.0293736, , , , , , , 28.0472885, -0.011078, , , , , , , 28.0472885, -0.0135958, , , , , , , 28.0472885, -0.0008392, , , , , , , , , , , , , , , , , , , , , , , , , , , , 
28.0478077, 0.0263523, , , , , , , 28.0478077, -0.0099031, , , , , , , 28.0478077, -0.0125887, , , , , , , 28.0478077, 0.0010071, , , , , , , , , , , , , , , , , , , , , , , , , , , , 
28.0483269, 0.026688, , , , , , , 28.0483269, -0.0082246, , , , , , , 28.0483269, -0.0115816, , , , , , , 28.0483269, 0.0018463, , , , , , , , , , , , , , , , , , , , , , , , , , , , 
28.0488462, 0.0273594, , , , , , , 28.0488462, -0.0078889, , , , , , , 28.0488462, -0.0115816, , , , , , , 28.0488462, 0.0018463, , , , , , , , , , , , , , , , , , , , , , , , , , , , 
28.0493654, 0.0248417, , , , , , , 28.0493654, -0.008896, , , , , , , 28.0493654, -0.0109102, , , , , , , 28.0493654, 0.0030213, , , , , , , , , , , , , , , , , , , , , , , , , , , , 
28.0498846, 0.0186313, , , , , , , 28.0498846, -0.0102388, , , , , , , 28.0498846, -0.0097353, , , , , , , 28.0498846, 0.0065461, , , , , , , , , , , , , , , , , , , , , , , , , , , , 
28.0504038, 0.0105745, , , , , , , 28.0504038, -0.0090639, , , , , , , 28.0504038, -0.0095674, , , , , , , 28.0504038, 0.0102388, , , , , , , , , , , , , , , , , , , , , , , , , , , , 
28.0509231, 0.0035248, , , , , , , 28.0509231, -0.0075532, , , , , , , 28.0509231, -0.0082246, , , , , , , 28.0509231, 0.0129244, , , , , , , , , , , , , , , , , , , , , , , , , , , , 
28.0514423, 0.0005035, , , , , , , 28.0514423, -0.0078889, , , , , , , 28.0514423, -0.0072175, , , , , , , 28.0514423, 0.0162814, , , , , , , , , , , , , , , , , , , , , , , , , , , , 
28.0519615, -0.0008392, , , , , , , 28.0519615, -0.008896, , , , , , , 28.0519615, -0.005539, , , , , , , 28.0519615, 0.0199741, , , , , , , , , , , , , , , , , , , , , , , , , , , , 
28.0524808, -0.0046998, , , , , , , 28.0524808, -0.0095674, , , , , , , 28.0524808, -0.0043641, , , , , , , 28.0524808, 0.0231632, , , , , , , , , , , , , , , , , , , , , , , , , , , , 
28.053, -0.011078, , , , , , , 28.053, -0.008896, , , , , , , 28.053, -0.0058747, , , , , , , 28.053, 0.0263523, , , , , , , , , , , , , , , , , , , , , , , , , , , , 
28.0535192, -0.01561, , , , , , , 28.0535192, -0.0085603, , , , , , , 28.0535192, -0.0058747, , , , , , , 28.0535192, 0.030045, , , , , , , , , , , , , , , , , , , , , , , , , , , , 
28.0540385, -0.01561, , , , , , , 28.0540385, -0.0077211, , , , , , , 28.0540385, -0.0031891, , , , , , , 28.0540385, 0.0340734, , , , , , , , , , , , , , , , , , , , , , , , , , , , 
28.0545577, -0.0146029, , , , , , , 28.0545577, -0.0075532, , , , , , , 28.0545577, -0.002182, , , , , , , 28.0545577, 0.036759, , , , , , , , , , , , , , , , , , , , , , , , , , , , 
28.0550769, -0.0105745, , , , , , , 28.0550769, -0.0075532, , , , , , , 28.0550769, -0.0028534, , , , , , , 28.0550769, 0.0360876, , , , , , , , , , , , , , , , , , , , , , , , , , , , 
28.0555962, -0.0062104, , , , , , , 28.0555962, -0.0075532, , , , , , , 28.0555962, -0.0041962, , , , , , , 28.0555962, 0.0327306, , , , , , , , , , , , , , , , , , , , , , , , , , , , 
28.0561154, -0.0045319, , , , , , , 28.0561154, -0.0065461, , , , , , , 28.0561154, -0.0052033, , , , , , , 28.0561154, 0.0263523, , , , , , , , , , , , , , , , , , , , , , , , , , , , 
28.0566346, -0.0035248, , , , , , , 28.0566346, -0.005539, , , , , , , 28.0566346, -0.0072175, , , , , , , 28.0566346, 0.0223239, , , , , , , , , , , , , , , , , , , , , , , , , , , , 
28.0571538, -0.0018463, , , , , , , 28.0571538, -0.0065461, , , , , , , 28.0571538, -0.008896, , , , , , , 28.0571538, 0.0204776, , , , , , , , , , , , , , , , , , , , , , , , , , , , 
28.0576731, 0.0031891, , , , , , , 28.0576731, -0.0072175, , , , , , , 28.0576731, -0.0092317, , , , , , , 28.0576731, 0.0166171, , , , , , , , , , , , , , , , , , , , , , , , , , , , 
28.0581923, 0.008896, , , , , , , 28.0581923, -0.0062104, , , , , , , 28.0581923, -0.0083925, , , , , , , 28.0581923, 0.0135958, , , , , , , , , , , , , , , , , , , , , , , , , , , , 
28.0587115, 0.0166171, , , , , , , 28.0587115, -0.0050355, , , , , , , 28.0587115, -0.0078889, , , , , , , 28.0587115, 0.0139315, , , , , , , , , , , , , , , , , , , , , , , , , , , , 
28.0592308, 0.0206455, , , , , , , 28.0592308, -0.005539, , , , , , , 28.0592308, -0.008896, , , , , , , 28.0592308, 0.0125887, , , , , , , , , , , , , , , , , , , , , , , , , , , , 
28.05975, 0.0162814, , , , , , , 28.05975, -0.0065461, , , , , , , 28.05975, -0.011078, , , , , , , 28.05975, 0.0105745, , , , , , , , , , , , , , , , , , , , , , , , , , , , 
28.0602692, 0.0159457, , , , , , , 28.0602692, -0.0068818, , , , , , , 28.0602692, -0.0117494, , , , , , , 28.0602692, 0.0099031, , , , , , , , , , , , , , , , , , , , , , , , , , , , 
28.0607885, 0.0224918, , , , , , , 28.0607885, -0.0060426, , , , , , , 28.0607885, -0.0112459, , , , , , , 28.0607885, 0.008896, , , , , , , , , , , , , , , , , , , , , , , , , , , , 
28.0613077, 0.0226596, , , , , , , 28.0613077, -0.0068818, , , , , , , 28.0613077, -0.0102388, , , , , , , 28.0613077, 0.0090639, , , , , , , , , , , , , , , , , , , , , , , , , , , , 
28.0618269, 0.0219883, , , , , , , 28.0618269, -0.0085603, , , , , , , 28.0618269, -0.0090639, , , , , , , 28.0618269, 0.0095674, , , , , , , , , , , , , , , , , , , , , , , , , , , , 
28.0623462, 0.0213169, , , , , , , 28.0623462, -0.0095674, , , , , , , 28.0623462, -0.0072175, , , , , , , 28.0623462, 0.0087282, , , , , , , , , , , , , , , , , , , , , , , , , , , , 
28.0628654, 0.0186313, , , , , , , 28.0628654, -0.0087282, , , , , , , 28.0628654, -0.0048676, , , , , , , 28.0628654, 0.0078889, , , , , , , , , , , , , , , , , , , , , , , , , , , , 
28.0633846, 0.0139315, , , , , , , 28.0633846, -0.0082246, , , , , , , 28.0633846, -0.0041962, , , , , , , 28.0633846, 0.0092317, , , , , , , , , , , , , , , , , , , , , , , , , , , , 
28.0639038, 0.0124208, , , , , , , 28.0639038, -0.0072175, , , , , , , 28.0639038, -0.0048676, , , , , , , 28.0639038, 0.0105745, , , , , , , , , , , , , , , , , , , , , , , , , , , , 
28.0644231, 0.0139315, , , , , , , 28.0644231, -0.0077211, , , , , , , 28.0644231, -0.0058747, , , , , , , 28.0644231, 0.0105745, , , , , , , , , , , , , , , , , , , , , , , , , , , , 
28.0649423, 0.0164492, , , , , , , 28.0649423, -0.0082246, , , , , , , 28.0649423, -0.0075532, , , , , , , 28.0649423, 0.0065461, , , , , , , , , , , , , , , , , , , , , , , , , , , , 
28.0654615, 0.0216526, , , , , , , 28.0654615, -0.0097353, , , , , , , 28.0654615, -0.0115816, , , , , , , 28.0654615, -0.0018463, , , , , , , , , , , , , , , , , , , , , , , , , , , , 
28.0659808, 0.0270237, , , , , , , 28.0659808, -0.0102388, , , , , , , 28.0659808, -0.0139315, , , , , , , 28.0659808, -0.0085603, , , , , , , , , , , , , , , , , , , , , , , , , , , , 
28.0665, 0.0297093, , , , , , , 28.0665, -0.0068818, , , , , , , 28.0665, -0.0142672, , , , , , , 28.0665, -0.0102388, , , , , , , , , , , , , , , , , , , , , , , , , , , , 
28.0670192, 0.0320592, , , , , , , 28.0670192, -0.005539, , , , , , , 28.0670192, -0.0132601, , , , , , , 28.0670192, -0.0082246, , , , , , , , , , , , , , , , , , , , , , , , , , , , 
28.0675385, 0.0317235, , , , , , , 28.0675385, -0.0062104, , , , , , , 28.0675385, -0.0105745, , , , , , , 28.0675385, -0.0052033, , , , , , , , , , , , , , , , , , , , , , , , , , , , 
28.0680577, 0.0283665, , , , , , , 28.0680577, -0.0068818, , , , , , , 28.0680577, -0.0083925, , , , , , , 28.0680577, -0.0038605, , , , , , , , , , , , , , , , , , , , , , , , , , , , 
28.0685769, 0.0261845, , , , , , , 28.0685769, -0.0078889, , , , , , , 28.0685769, -0.005539, , , , , , , 28.0685769, -0.002182, , , , , , , , , , , , , , , , , , , , , , , , , , , , 
28.0690962, 0.0238346, , , , , , , 28.0690962, -0.0073854, , , , , , , 28.0690962, -0.0052033, , , , , , , 28.0690962, 0.0028534, , , , , , , , , , , , , , , , , , , , , , , , , , , , 
28.0696154, 0.0206455, , , , , , , 28.0696154, -0.0052033, , , , , , , 28.0696154, -0.005539, , , , , , , 28.0696154, 0.0085603, , , , , , , , , , , , , , , , , , , , , , , , , , , , 
28.0701346, 0.0166171, , , , , , , 28.0701346, -0.0041962, , , , , , , 28.0701346, -0.0045319, , , , , , , 28.0701346, 0.0115816, , , , , , , , , , , , , , , , , , , , , , , , , , , , 
28.0706538, 0.0112459, , , , , , , 28.0706538, -0.0050355, , , , , , , 28.0706538, -0.0035248, , , , , , , 28.0706538, 0.0119173, , , , , , , , , , , , , , , , , , , , , , , , , , , , 
28.0711731, 0.0068818, , , , , , , 28.0711731, -0.0068818, , , , , , , 28.0711731, -0.0041962, , , , , , , 28.0711731, 0.0142672, , , , , , , , , , , , , , , , , , , , , , , , , , , , 
28.0716923, 0.0038605, , , , , , , 28.0716923, -0.0063783, , , , , , , 28.0716923, -0.0035248, , , , , , , 28.0716923, 0.0209812, , , , , , , , , , , , , , , , , , , , , , , , , , , , 
28.0722115, 0.0025177, , , , , , , 28.0722115, -0.0062104, , , , , , , 28.0722115, -0.0031891, , , , , , , 28.0722115, 0.0280308, , , , , , , , , , , , , , , , , , , , , , , , , , , , 
28.0727308, 0.0038605, , , , , , , 28.0727308, -0.0078889, , , , , , , 28.0727308, -0.0035248, , , , , , , 28.0727308, 0.0310521, , , , , , , , , , , , , , , , , , , , , , , , , , , , 
28.07325, 0.0058747, , , , , , , 28.07325, -0.0092317, , , , , , , 28.07325, -0.0068818, , , , , , , 28.07325, 0.0327306, , , , , , , , , , , , , , , , , , , , , , , , , , , , 
28.0737692, 0.0035248, , , , , , , 28.0737692, -0.0105745, , , , , , , 28.0737692, -0.0072175, , , , , , , 28.0737692, 0.033402, , , , , , , , , , , , , , , , , , , , , , , , , , , , 
28.0742885, -0.0001678, , , , , , , 28.0742885, -0.0109102, , , , , , , 28.0742885, -0.0063783, , , , , , , 28.0742885, 0.0323949, , , , , , , , , , , , , , , , , , , , , , , , , , , , 
28.0748077, -0.005539, , , , , , , 28.0748077, -0.0105745, , , , , , , 28.0748077, -0.0062104, , , , , , , 28.0748077, 0.0280308, , , , , , , , , , , , , , , , , , , , , , , , , , , , 
28.0753269, -0.0041962, , , , , , , 28.0753269, -0.0104067, , , , , , , 28.0753269, -0.0073854, , , , , , , 28.0753269, 0.023331, , , , , , , , , , , , , , , , , , , , , , , , , , , , 
28.0758462, -0.0005035, , , , , , , 28.0758462, -0.0095674, , , , , , , 28.0758462, -0.0085603, , , , , , , 28.0758462, 0.0199741, , , , , , , , , , , , , , , , , , , , , , , , , , , , 
28.0763654, 0.0005035, , , , , , , 28.0763654, -0.0082246, , , , , , , 28.0763654, -0.0075532, , , , , , , 28.0763654, 0.0169528, , , , , , , , , , , , , , , , , , , , , , , , , , , , 
28.0768846, -0.0008392, , , , , , , 28.0768846, -0.0077211, , , , , , , 28.0768846, -0.0065461, , , , , , , 28.0768846, 0.0146029, , , , , , , , , , , , , , , , , , , , , , , , , , , , 
28.0774038, 0.0008392, , , , , , , 28.0774038, -0.0068818, , , , , , , 28.0774038, -0.0075532, , , , , , , 28.0774038, 0.0146029, , , , , , , , , , , , , , , , , , , , , , , , , , , , 
28.0779231, 0.0038605, , , , , , , 28.0779231, -0.0057069, , , , , , , 28.0779231, -0.0075532, , , , , , , 28.0779231, 0.0112459, , , , , , , , , , , , , , , , , , , , , , , , , , , , 
28.0784423, 0.0058747, , , , , , , 28.0784423, -0.005539, , , , , , , 28.0784423, -0.0078889, , , , , , , 28.0784423, 0.0075532, , , , , , , , , , , , , , , , , , , , , , , , , , , , 
28.0789615, 0.0050355, , , , , , , 28.0789615, -0.0048676, , , , , , , 28.0789615, -0.0095674, , , , , , , 28.0789615, 0.0070497, , , , , , , , , , , , , , , , , , , , , , , , , , , , 
28.0794808, 0.0062104, , , , , , , 28.0794808, -0.0036927, , , , , , , 28.0794808, -0.0082246, , , , , , , 28.0794808, 0.0078889, , , , , , , , , , , , , , , , , , , , , , , , , , , , 
28.08, 0.0119173, , , , , , , 28.08, -0.0050355, , , , , , , 28.08, -0.0058747, , , , , , , 28.08, 0.0038605, , , , , , , , , , , , , , , , , , , , , , , , , , , , 
28.0805192, 0.0179599, , , , , , , 28.0805192, -0.0072175, , , , , , , 28.0805192, -0.0065461, , , , , , , 28.0805192, 0.0005035, , , , , , , , , , , , , , , , , , , , , , , , , , , , 
28.0810385, 0.0196384, , , , , , , 28.0810385, -0.0075532, , , , , , , 28.0810385, -0.008896, , , , , , , 28.0810385, 0.0018463, , , , , , , , , , , , , , , , , , , , , , , , , , , , 
28.0815577, 0.0199741, , , , , , , 28.0815577, -0.0062104, , , , , , , 28.0815577, -0.0095674, , , , , , , 28.0815577, 0.0046998, , , , , , , , , , , , , , , , , , , , , , , , , , , , 
28.0820769, 0.0206455, , , , , , , 28.0820769, -0.0048676, , , , , , , 28.0820769, -0.0085603, , , , , , , 28.0820769, 0.0078889, , , , , , , , , , , , , , , , , , , , , , , , , , , , 
28.0825962, 0.0243381, , , , , , , 28.0825962, -0.0052033, , , , , , , 28.0825962, -0.0068818, , , , , , , 28.0825962, 0.0102388, , , , , , , , , , , , , , , , , , , , , , , , , , , , 
28.0831154, 0.0273594, , , , , , , 28.0831154, -0.0070497, , , , , , , 28.0831154, -0.0077211, , , , , , , 28.0831154, 0.0109102, , , , , , , , , , , , , , , , , , , , , , , , , , , , 
28.0836346, 0.026688, , , , , , , 28.0836346, -0.0095674, , , , , , , 28.0836346, -0.0082246, , , , , , , 28.0836346, 0.0105745, , , , , , , , , , , , , , , , , , , , , , , , , , , , 
28.0841538, 0.0246738, , , , , , , 28.0841538, -0.0109102, , , , , , , 28.0841538, -0.0070497, , , , , , , 28.0841538, 0.0105745, , , , , , , , , , , , , , , , , , , , , , , , , , , , 
28.0846731, 0.0253452, , , , , , , 28.0846731, -0.008896, , , , , , , 28.0846731, -0.0063783, , , , , , , 28.0846731, 0.0092317, , , , , , , , , , , , , , , , , , , , , , , , , , , , 
28.0851923, 0.0260166, , , , , , , 28.0851923, -0.0083925, , , , , , , 28.0851923, -0.0085603, , , , , , , 28.0851923, 0.0048676, , , , , , , , , , , , , , , , , , , , , , , , , , , , 
28.0857115, 0.0287022, , , , , , , 28.0857115, -0.0095674, , , , , , , 28.0857115, -0.0109102, , , , , , , 28.0857115, -0.0011749, , , , , , , , , , , , , , , , , , , , , , , , , , , , 
28.0862308, 0.0307164, , , , , , , 28.0862308, -0.0092317, , , , , , , 28.0862308, -0.0109102, , , , , , , 28.0862308, -0.0095674, , , , , , , , , , , , , , , , , , , , , , , , , , , , 
28.08675, 0.0280308, , , , , , , 28.08675, -0.0062104, , , , , , , 28.08675, -0.0104067, , , , , , , 28.08675, -0.0129244, , , , , , , , , , , , , , , , , , , , , , , , , , , , 
28.0872692, 0.0280308, , , , , , , 28.0872692, -0.0048676, , , , , , , 28.0872692, -0.0102388, , , , , , , 28.0872692, -0.0119173, , , , , , , , , , , , , , , , , , , , , , , , , , , , 
28.0877885, 0.0310521, , , , , , , 28.0877885, -0.006714, , , , , , , 28.0877885, -0.0115816, , , , , , , 28.0877885, -0.008896, , , , , , , , , , , , , , , , , , , , , , , , , , , , 
28.0883077, 0.0256809, , , , , , , 28.0883077, -0.0083925, , , , , , , 28.0883077, -0.0139315, , , , , , , 28.0883077, -0.0048676, , , , , , , , , , , , , , , , , , , , , , , , , , , , 
28.0888269, 0.018967, , , , , , , 28.0888269, -0.0072175, , , , , , , 28.0888269, -0.0146029, , , , , , , 28.0888269, 0.0005035, , , , , , , , , , , , , , , , , , , , , , , , , , , , 
28.0893462, 0.0171206, , , , , , , 28.0893462, -0.0045319, , , , , , , 28.0893462, -0.014435, , , , , , , 28.0893462, 0.0072175, , , , , , , , , , , , , , , , , , , , , , , , , , , , 
28.0898654, 0.0135958, , , , , , , 28.0898654, -0.0063783, , , , , , , 28.0898654, -0.0135958, , , , , , , 28.0898654, 0.0112459, , , , , , , , , , , , , , , , , , , , , , , , , , , , 
28.0903846, 0.0115816, , , , , , , 28.0903846, -0.0109102, , , , , , , 28.0903846, -0.0119173, , , , , , , 28.0903846, 0.0142672, , , , , , , , , , , , , , , , , , , , , , , , , , , , 
28.0909038, 0.0095674, , , , , , , 28.0909038, -0.0109102, , , , , , , 28.0909038, -0.008896, , , , , , , 28.0909038, 0.0149386, , , , , , , , , , , , , , , , , , , , , , , , , , , , 
28.0914231, 0.0105745, , , , , , , 28.0914231, -0.0075532, , , , , , , 28.0914231, -0.0058747, , , , , , , 28.0914231, 0.0172885, , , , , , , , , , , , , , , , , , , , , , , , , , , , 
28.0919423, 0.0092317, , , , , , , 28.0919423, -0.0072175, , , , , , , 28.0919423, -0.0041962, , , , , , , 28.0919423, 0.0221561, , , , , , , , , , , , , , , , , , , , , , , , , , , , 
28.0924615, 0.0045319, , , , , , , 28.0924615, -0.0075532, , , , , , , 28.0924615, -0.0048676, , , , , , , 28.0924615, 0.026688, , , , , , , , , , , , , , , , , , , , , , , , , , , , 
28.0929808, 0.0003357, , , , , , , 28.0929808, -0.0068818, , , , , , , 28.0929808, -0.0057069, , , , , , , 28.0929808, 0.0317235, , , , , , , , , , , , , , , , , , , , , , , , , , , , 
28.0935, -0.0028534, , , , , , , 28.0935, -0.005539, , , , , , , 28.0935, -0.0052033, , , , , , , 28.0935, 0.0342412, , , , , , , , , , , , , , , , , , , , , , , , , , , , 
28.0940192, -0.0046998, , , , , , , 28.0940192, -0.0068818, , , , , , , 28.0940192, -0.0031891, , , , , , , 28.0940192, 0.0360876, , , , , , , , , , , , , , , , , , , , , , , , , , , , 
28.0945385, -0.0082246, , , , , , , 28.0945385, -0.0090639, , , , , , , 28.0945385, -0.0031891, , , , , , , 28.0945385, 0.0374304, , , , , , , , , , , , , , , , , , , , , , , , , , , , 
28.0950577, -0.0095674, , , , , , , 28.0950577, -0.0082246, , , , , , , 28.0950577, -0.0031891, , , , , , , 28.0950577, 0.0360876, , , , , , , , , , , , , , , , , , , , , , , , , , , , 
28.0955769, -0.0068818, , , , , , , 28.0955769, -0.005539, , , , , , , 28.0955769, -0.0028534, , , , , , , 28.0955769, 0.0327306, , , , , , , , , , , , , , , , , , , , , , , , , , , , 
28.0960962, -0.0038605, , , , , , , 28.0960962, -0.0045319, , , , , , , 28.0960962, -0.0043641, , , , , , , 28.0960962, 0.0280308, , , , , , , , , , , , , , , , , , , , , , , , , , , , 
28.0966154, 0.0028534, , , , , , , 28.0966154, -0.005539, , , , , , , 28.0966154, -0.0045319, , , , , , , 28.0966154, 0.0224918, , , , , , , , , , , , , , , , , , , , , , , , , , , , 
28.0971346, 0.010071, , , , , , , 28.0971346, -0.0048676, , , , , , , 28.0971346, -0.0018463, , , , , , , 28.0971346, 0.0191348, , , , , , , , , , , , , , , , , , , , , , , , , , , , 
28.0976538, 0.011078, , , , , , , 28.0976538, -0.0035248, , , , , , , 28.0976538, 0.0005035, , , , , , , 28.0976538, 0.0164492, , , , , , , , , , , , , , , , , , , , , , , , , , , , 
28.0981731, 0.0082246, , , , , , , 28.0981731, -0.0035248, , , , , , , 28.0981731, -0.002182, , , , , , , 28.0981731, 0.0129244, , , , , , , , , , , , , , , , , , , , , , , , , , , , 
28.0986923, 0.0068818, , , , , , , 28.0986923, -0.0048676, , , , , , , 28.0986923, -0.0058747, , , , , , , 28.0986923, 0.0102388, , , , , , , , , , , , , , , , , , , , , , , , , , , , 
28.0992115, 0.0099031, , , , , , , 28.0992115, -0.0031891, , , , , , , 28.0992115, -0.0058747, , , , , , , 28.0992115, 0.0099031, , , , , , , , , , , , , , , , , , , , , , , , , , , , 
28.0997308, 0.0152743, , , , , , , 28.0997308, -0.0015106, , , , , , , 28.0997308, -0.0038605, , , , , , , 28.0997308, 0.0083925, , , , , , , , , , , , , , , , , , , , , , , , , , , , 
28.10025, 0.0164492, , , , , , , 28.10025, -0.0028534, , , , , , , 28.10025, -0.0031891, , , , , , , 28.10025, 0.0048676, , , , , , , , , , , , , , , , , , , , , , , , , , , , 
28.1007692, 0.0179599, , , , , , , 28.1007692, -0.0046998, , , , , , , 28.1007692, -0.0050355, , , , , , , 28.1007692, 0.0018463, , , , , , , , , , , , , , , , , , , , , , , , , , , , 
28.1012885, 0.023331, , , , , , , 28.1012885, -0.0070497, , , , , , , 28.1012885, -0.0075532, , , , , , , 28.1012885, 0.0025177, , , , , , , , , , , , , , , , , , , , , , , , , , , , 
28.1018077, 0.0213169, , , , , , , 28.1018077, -0.0092317, , , , , , , 28.1018077, -0.008896, , , , , , , 28.1018077, 0.0038605, , , , , , , , , , , , , , , , , , , , , , , , , , , , 
28.1023269, 0.0209812, , , , , , , 28.1023269, -0.0095674, , , , , , , 28.1023269, -0.0095674, , , , , , , 28.1023269, 0.0041962, , , , , , , , , , , , , , , , , , , , , , , , , , , , 
28.1028462, 0.0218204, , , , , , , 28.1028462, -0.0082246, , , , , , , 28.1028462, -0.0092317, , , , , , , 28.1028462, 0.0031891, , , , , , , , , , , , , , , , , , , , , , , , , , , , 
28.1033654, 0.0199741, , , , , , , 28.1033654, -0.005539, , , , , , , 28.1033654, -0.0102388, , , , , , , 28.1033654, 0.0028534, , , , , , , , , , , , , , , , , , , , , , , , , , , , 
28.1038846, 0.0176242, , , , , , , 28.1038846, -0.0045319, , , , , , , 28.1038846, -0.0109102, , , , , , , 28.1038846, 0.0036927, , , , , , , , , , , , , , , , , , , , , , , , , , , , 
28.1044038, 0.0164492, , , , , , , 28.1044038, -0.0068818, , , , , , , 28.1044038, -0.012253, , , , , , , 28.1044038, 0.0015106, , , , , , , , , , , , , , , , , , , , , , , , , , , , 
28.1049231, 0.0146029, , , , , , , 28.1049231, -0.0082246, , , , , , , 28.1049231, -0.0132601, , , , , , , 28.1049231, -0.0031891, , , , , , , , , , , , , , , , , , , , , , , , , , , , 
28.1054423, 0.012253, , , , , , , 28.1054423, -0.0082246, , , , , , , 28.1054423, -0.012253, , , , , , , 28.1054423, -0.0075532, , , , , , , , , , , , , , , , , , , , , , , , , , , , 
28.1059615, 0.0159457, , , , , , , 28.1059615, -0.0065461, , , , , , , 28.1059615, -0.0129244, , , , , , , 28.1059615, -0.0099031, , , , , , , , , , , , , , , , , , , , , , , , , , , , 
28.1064808, 0.0226596, , , , , , , 28.1064808, -0.0065461, , , , , , , 28.1064808, -0.0152743, , , , , , , 28.1064808, -0.0082246, , , , , , , , , , , , , , , , , , , , , , , , , , , , 
28.107, 0.0265202, , , , , , , 28.107, -0.0075532, , , , , , , 28.107, -0.0149386, , , , , , , 28.107, -0.0058747, , , , , , , , , , , , , , , , , , , , , , , , , , , , 
28.1075192, 0.0280308, , , , , , , 28.1075192, -0.0082246, , , , , , , 28.1075192, -0.0132601, , , , , , , 28.1075192, -0.0062104, , , , , , , , , , , , , , , , , , , , , , , , , , , , 
28.1080385, 0.0307164, , , , , , , 28.1080385, -0.0083925, , , , , , , 28.1080385, -0.0135958, , , , , , , 28.1080385, -0.0062104, , , , , , , , , , , , , , , , , , , , , , , , , , , , 
28.1085577, 0.0290379, , , , , , , 28.1085577, -0.0087282, , , , , , , 28.1085577, -0.0129244, , , , , , , 28.1085577, -0.0045319, , , , , , , , , , , , , , , , , , , , , , , , , , , , 
28.1090769, 0.0231632, , , , , , , 28.1090769, -0.0095674, , , , , , , 28.1090769, -0.012253, , , , , , , 28.1090769, -0.0003357, , , , , , , , , , , , , , , , , , , , , , , , , , , , 
28.1095962, 0.0179599, , , , , , , 28.1095962, -0.0102388, , , , , , , 28.1095962, -0.012253, , , , , , , 28.1095962, 0.0025177, , , , , , , , , , , , , , , , , , , , , , , , , , , , 
28.1101154, 0.0166171, , , , , , , 28.1101154, -0.0095674, , , , , , , 28.1101154, -0.012253, , , , , , , 28.1101154, 0.0045319, , , , , , , , , , , , , , , , , , , , , , , , , , , , 
28.1106346, 0.0176242, , , , , , , 28.1106346, -0.0085603, , , , , , , 28.1106346, -0.0115816, , , , , , , 28.1106346, 0.0072175, , , , , , , , , , , , , , , , , , , , , , , , , , , , 
28.1111538, 0.0169528, , , , , , , 28.1111538, -0.0095674, , , , , , , 28.1111538, -0.0090639, , , , , , , 28.1111538, 0.0125887, , , , , , , , , , , , , , , , , , , , , , , , , , , , 
28.1116731, 0.0139315, , , , , , , 28.1116731, -0.0109102, , , , , , , 28.1116731, -0.008896, , , , , , , 28.1116731, 0.0196384, , , , , , , , , , , , , , , , , , , , , , , , , , , , 
28.1121923, 0.0099031, , , , , , , 28.1121923, -0.0095674, , , , , , , 28.1121923, -0.0102388, , , , , , , 28.1121923, 0.0253452, , , , , , , , , , , , , , , , , , , , , , , , , , , , 
28.1127115, 0.0073854, , , , , , , 28.1127115, -0.008896, , , , , , , 28.1127115, -0.008896, , , , , , , 28.1127115, 0.030045, , , , , , , , , , , , , , , , , , , , , , , , , , , , 
28.1132308, 0.0041962, , , , , , , 28.1132308, -0.0109102, , , , , , , 28.1132308, -0.0070497, , , , , , , 28.1132308, 0.0347448, , , , , , , , , , , , , , , , , , , , , , , , , , , , 
28.11375, -0.0003357, , , , , , , 28.11375, -0.012253, , , , , , , 28.11375, -0.0065461, , , , , , , 28.11375, 0.0381018, , , , , , , , , , , , , , , , , , , , , , , , , , , , 
28.1142692, -0.0016785, , , , , , , 28.1142692, -0.012253, , , , , , , 28.1142692, -0.0065461, , , , , , , 28.1142692, 0.0382696, , , , , , , , , , , , , , , , , , , , , , , , , , , , 
28.1147885, 0.0016785, , , , , , , 28.1147885, -0.012253, , , , , , , 28.1147885, -0.0045319, , , , , , , 28.1147885, 0.0370947, , , , , , , , , , , , , , , , , , , , , , , , , , , , 
28.1153077, -0.0011749, , , , , , , 28.1153077, -0.012253, , , , , , , 28.1153077, -0.0035248, , , , , , , 28.1153077, 0.0327306, , , , , , , , , , , , , , , , , , , , , , , , , , , , 
28.1158269, -0.0050355, , , , , , , 28.1158269, -0.0124208, , , , , , , 28.1158269, -0.0048676, , , , , , , 28.1158269, 0.0276951, , , , , , , , , , , , , , , , , , , , , , , , , , , , 
28.1163462, -0.0052033, , , , , , , 28.1163462, -0.0124208, , , , , , , 28.1163462, -0.0031891, , , , , , , 28.1163462, 0.0246738, , , , , , , , , , , , , , , , , , , , , , , , , , , , 
28.1168654, -0.0005035, , , , , , , 28.1168654, -0.0125887, , , , , , , 28.1168654, -0.0025177, , , , , , , 28.1168654, 0.0219883, , , , , , , , , , , , , , , , , , , , , , , , , , , , 
28.1173846, 0.0058747, , , , , , , 28.1173846, -0.0115816, , , , , , , 28.1173846, -0.0038605, , , , , , , 28.1173846, 0.0209812, , , , , , , , , , , , , , , , , , , , , , , , , , , , 
28.1179038, 0.0119173, , , , , , , 28.1179038, -0.008896, , , , , , , 28.1179038, -0.0052033, , , , , , , 28.1179038, 0.0206455, , , , , , , , , , , , , , , , , , , , , , , , , , , , 
28.1184231, 0.0172885, , , , , , , 28.1184231, -0.0078889, , , , , , , 28.1184231, -0.0078889, , , , , , , 28.1184231, 0.0204776, , , , , , , , , , , , , , , , , , , , , , , , , , , , 
28.1189423, 0.0213169, , , , , , , 28.1189423, -0.0073854, , , , , , , 28.1189423, -0.0099031, , , , , , , 28.1189423, 0.0196384, , , , , , , , , , , , , , , , , , , , , , , , , , , , 
28.1194615, 0.0182956, , , , , , , 28.1194615, -0.0082246, , , , , , , 28.1194615, -0.0085603, , , , , , , 28.1194615, 0.0186313, , , , , , , , , , , , , , , , , , , , , , , , , , , , 
28.1199808, 0.0139315, , , , , , , 28.1199808, -0.0085603, , , , , , , 28.1199808, -0.0072175, , , , , , , 28.1199808, 0.0179599, , , , , , , , , , , , , , , , , , , , , , , , , , , , 
28.1205, 0.01561, , , , , , , 28.1205, -0.0077211, , , , , , , 28.1205, -0.0090639, , , , , , , 28.1205, 0.0182956, , , , , , , , , , , , , , , , , , , , , , , , , , , , 
28.1210192, 0.018967, , , , , , , 28.1210192, -0.0073854, , , , , , , 28.1210192, -0.0082246, , , , , , , 28.1210192, 0.0186313, , , , , , , , , , , , , , , , , , , , , , , , , , , , 
28.1215385, 0.0196384, , , , , , , 28.1215385, -0.0072175, , , , , , , 28.1215385, -0.0070497, , , , , , , 28.1215385, 0.0186313, , , , , , , , , , , , , , , , , , , , , , , , , , , , 
28.1220577, 0.0193027, , , , , , , 28.1220577, -0.0083925, , , , , , , 28.1220577, -0.0072175, , , , , , , 28.1220577, 0.0218204, , , , , , , , , , , , , , , , , , , , , , , , , , , , 
28.1225769, 0.0204776, , , , , , , 28.1225769, -0.0085603, , , , , , , 28.1225769, -0.0075532, , , , , , , 28.1225769, 0.0253452, , , , , , , , , , , , , , , , , , , , , , , , , , , , 
28.1230962, 0.0209812, , , , , , , 28.1230962, -0.0082246, , , , , , , 28.1230962, -0.0068818, , , , , , , 28.1230962, 0.0250095, , , , , , , , , , , , , , , , , , , , , , , , , , , , 
28.1236154, 0.0226596, , , , , , , 28.1236154, -0.0068818, , , , , , , 28.1236154, -0.005539, , , , , , , 28.1236154, 0.0243381, , , , , , , , , , , , , , , , , , , , , , , , , , , , 
28.1241346, 0.0281987, , , , , , , 28.1241346, -0.0062104, , , , , , , 28.1241346, -0.0075532, , , , , , , 28.1241346, 0.0203098, , , , , , , , , , , , , , , , , , , , , , , , , , , , 
28.1246538, 0.0327306, , , , , , , 28.1246538, -0.005539, , , , , , , 28.1246538, -0.0095674, , , , , , , 28.1246538, 0.0132601, , , , , , , , , , , , , , , , , , , , , , , , , , , , 
28.1251731, 0.0327306, , , , , , , 28.1251731, -0.0041962, , , , , , , 28.1251731, -0.0095674, , , , , , , 28.1251731, 0.005539, , , , , , , , , , , , , , , , , , , , , , , , , , , , 
28.1256923, 0.0354162, , , , , , , 28.1256923, -0.0025177, , , , , , , 28.1256923, -0.0109102, , , , , , , 28.1256923, -0.0018463, , , , , , , , , , , , , , , , , , , , , , , , , , , , 
28.1262115, 0.036759, , , , , , , 28.1262115, -0.0023499, , , , , , , 28.1262115, -0.0129244, , , , , , , 28.1262115, -0.0048676, , , , , , , , , , , , , , , , , , , , , , , , , , , , 
28.1267308, 0.033402, , , , , , , 28.1267308, -0.002182, , , , , , , 28.1267308, -0.012253, , , , , , , 28.1267308, -0.0058747, , , , , , , , , , , , , , , , , , , , , , , , , , , , 
28.12725, 0.0307164, , , , , , , 28.12725, -0.0028534, , , , , , , 28.12725, -0.0109102, , , , , , , 28.12725, -0.0068818, , , , , , , , , , , , , , , , , , , , , , , , , , , , 
28.1277692, 0.0293736, , , , , , , 28.1277692, -0.0041962, , , , , , , 28.1277692, -0.0102388, , , , , , , 28.1277692, -0.0078889, , , , , , , , , , , , , , , , , , , , , , , , , , , , 
28.1282885, 0.0310521, , , , , , , 28.1282885, -0.0053712, , , , , , , 28.1282885, -0.0095674, , , , , , , 28.1282885, -0.0082246, , , , , , , , , , , , , , , , , , , , , , , , , , , , 
28.1288077, 0.0273594, , , , , , , 28.1288077, -0.0065461, , , , , , , 28.1288077, -0.0095674, , , , , , , 28.1288077, -0.0052033, , , , , , , , , , , , , , , , , , , , , , , , , , , , 
28.1293269, 0.0209812, , , , , , , 28.1293269, -0.0058747, , , , , , , 28.1293269, -0.0082246, , , , , , , 28.1293269, 0.0010071, , , , , , , , , , , , , , , , , , , , , , , , , , , , 
28.1298462, 0.0135958, , , , , , , 28.1298462, -0.0060426, , , , , , , 28.1298462, -0.0072175, , , , , , , 28.1298462, 0.0075532, , , , , , , , , , , , , , , , , , , , , , , , , , , , 
28.1303654, 0.0072175, , , , , , , 28.1303654, -0.0085603, , , , , , , 28.1303654, -0.0078889, , , , , , , 28.1303654, 0.0109102, , , , , , , , , , , , , , , , , , , , , , , , , , , , 
28.1308846, 0.0038605, , , , , , , 28.1308846, -0.0090639, , , , , , , 28.1308846, -0.0078889, , , , , , , 28.1308846, 0.0142672, , , , , , , , , , , , , , , , , , , , , , , , , , , , 
28.1314038, 0.0048676, , , , , , , 28.1314038, -0.0075532, , , , , , , 28.1314038, -0.0065461, , , , , , , 28.1314038, 0.0199741, , , , , , , , , , , , , , , , , , , , , , , , , , , , 
28.1319231, 0.0025177, , , , , , , 28.1319231, -0.0075532, , , , , , , 28.1319231, -0.0045319, , , , , , , 28.1319231, 0.0273594, , , , , , , , , , , , , , , , , , , , , , , , , , , , 
28.1324423, -0.0005035, , , , , , , 28.1324423, -0.0082246, , , , , , , 28.1324423, -0.0001678, , , , , , , 28.1324423, 0.0313878, , , , , , , , , , , , , , , , , , , , , , , , , , , , 
28.1329615, -0.0025177, , , , , , , 28.1329615, -0.0070497, , , , , , , 28.1329615, 0.0038605, , , , , , , 28.1329615, 0.0357519, , , , , , , , , , , , , , , , , , , , , , , , , , , , 
28.1334808, -0.0045319, , , , , , , 28.1334808, -0.0058747, , , , , , , 28.1334808, 0.0038605, , , , , , , 28.1334808, 0.0417945, , , , , , , , , , , , , , , , , , , , , , , , , , , , 
28.134, -0.0048676, , , , , , , 28.134, -0.0048676, , , , , , , 28.134, 0.0031891, , , , , , , 28.134, 0.0453193, , , , , , , , , , , , , , , , , , , , , , , , , , , , 
28.1345192, -0.0058747, , , , , , , 28.1345192, -0.005539, , , , , , , 28.1345192, 0.0028534, , , , , , , 28.1345192, 0.0461585, , , , , , , , , , , , , , , , , , , , , , , , , , , , 
28.1350385, -0.0068818, , , , , , , 28.1350385, -0.0072175, , , , , , , 28.1350385, 0.0016785, , , , , , , 28.1350385, 0.0421302, , , , , , , , , , , , , , , , , , , , , , , , , , , , 
28.1355577, -0.0041962, , , , , , , 28.1355577, -0.0095674, , , , , , , 28.1355577, -0.0018463, , , , , , , 28.1355577, 0.0327306, , , , , , , , , , , , , , , , , , , , , , , , , , , , 
28.1360769, -0.0005035, , , , , , , 28.1360769, -0.011078, , , , , , , 28.1360769, -0.0035248, , , , , , , 28.1360769, 0.0246738, , , , , , , , , , , , , , , , , , , , , , , , , , , , 
28.1365962, 0.0038605, , , , , , , 28.1365962, -0.0105745, , , , , , , 28.1365962, -0.0035248, , , , , , , 28.1365962, 0.0224918, , , , , , , , , , , , , , , , , , , , , , , , , , , , 
28.1371154, 0.0083925, , , , , , , 28.1371154, -0.0090639, , , , , , , 28.1371154, -0.0041962, , , , , , , 28.1371154, 0.0213169, , , , , , , , , , , , , , , , , , , , , , , , , , , , 
28.1376346, 0.0078889, , , , , , , 28.1376346, -0.008896, , , , , , , 28.1376346, -0.005539, , , , , , , 28.1376346, 0.0171206, , , , , , , , , , , , , , , , , , , , , , , , , , , , 
28.1381538, 0.0082246, , , , , , , 28.1381538, -0.0090639, , , , , , , 28.1381538, -0.0092317, , , , , , , 28.1381538, 0.0109102, , , , , , , , , , , , , , , , , , , , , , , , , , , , 
28.1386731, 0.0119173, , , , , , , 28.1386731, -0.0092317, , , , , , , 28.1386731, -0.0114137, , , , , , , 28.1386731, 0.0062104, , , , , , , , , , , , , , , , , , , , , , , , , , , , 
28.1391923, 0.0125887, , , , , , , 28.1391923, -0.0073854, , , , , , , 28.1391923, -0.0115816, , , , , , , 28.1391923, 0.0025177, , , , , , , , , , , , , , , , , , , , , , , , , , , , 
28.1397115, 0.0132601, , , , , , , 28.1397115, -0.005539, , , , , , , 28.1397115, -0.0105745, , , , , , , 28.1397115, 0.002182, , , , , , , , , , , , , , , , , , , , , , , , , , , , 
28.1402308, 0.0152743, , , , , , , 28.1402308, -0.0048676, , , , , , , 28.1402308, -0.008896, , , , , , , 28.1402308, 0.0036927, , , , , , , , , , , , , , , , , , , , , , , , , , , , 
28.14075, 0.0166171, , , , , , , 28.14075, -0.0072175, , , , , , , 28.14075, -0.0072175, , , , , , , 28.14075, 0.0045319, , , , , , , , , , , , , , , , , , , , , , , , , , , , 
28.1412692, 0.0182956, , , , , , , 28.1412692, -0.0078889, , , , , , , 28.1412692, -0.0075532, , , , , , , 28.1412692, 0.0038605, , , , , , , , , , , , , , , , , , , , , , , , , , , , 
28.1417885, 0.0213169, , , , , , , 28.1417885, -0.0068818, , , , , , , 28.1417885, -0.0095674, , , , , , , 28.1417885, 0.0030213, , , , , , , , , , , , , , , , , , , , , , , , , , , , 
28.1423077, 0.0203098, , , , , , , 28.1423077, -0.0065461, , , , , , , 28.1423077, -0.0099031, , , , , , , 28.1423077, 0.0038605, , , , , , , , , , , , , , , , , , , , , , , , , , , , 
28.1428269, 0.0159457, , , , , , , 28.1428269, -0.0087282, , , , , , , 28.1428269, -0.0099031, , , , , , , 28.1428269, 0.0048676, , , , , , , , , , , , , , , , , , , , , , , , , , , , 
28.1433462, 0.0149386, , , , , , , 28.1433462, -0.0095674, , , , , , , 28.1433462, -0.0095674, , , , , , , 28.1433462, 0.0035248, , , , , , , , , , , , , , , , , , , , , , , , , , , , 
28.1438654, 0.0172885, , , , , , , 28.1438654, -0.0092317, , , , , , , 28.1438654, -0.0102388, , , , , , , 28.1438654, 0.0005035, , , , , , , , , , , , , , , , , , , , , , , , , , , , 
28.1443846, 0.0213169, , , , , , , 28.1443846, -0.008896, , , , , , , 28.1443846, -0.0097353, , , , , , , 28.1443846, -0.0008392, , , , , , , , , , , , , , , , , , , , , , , , , , , , 
28.1449038, 0.0226596, , , , , , , 28.1449038, -0.008896, , , , , , , 28.1449038, -0.0102388, , , , , , , 28.1449038, -0.0028534, , , , , , , , , , , , , , , , , , , , , , , , , , , , 
28.1454231, 0.0206455, , , , , , , 28.1454231, -0.0085603, , , , , , , 28.1454231, -0.0087282, , , , , , , 28.1454231, -0.0062104, , , , , , , , , , , , , , , , , , , , , , , , , , , , 
28.1459423, 0.0226596, , , , , , , 28.1459423, -0.008896, , , , , , , 28.1459423, -0.008896, , , , , , , 28.1459423, -0.0092317, , , , , , , , , , , , , , , , , , , , , , , , , , , , 
28.1464615, 0.0243381, , , , , , , 28.1464615, -0.0095674, , , , , , , 28.1464615, -0.012253, , , , , , , 28.1464615, -0.0112459, , , , , , , , , , , , , , , , , , , , , , , , , , , , 
28.1469808, 0.023331, , , , , , , 28.1469808, -0.0087282, , , , , , , 28.1469808, -0.0139315, , , , , , , 28.1469808, -0.0151064, , , , , , , , , , , , , , , , , , , , , , , , , , , , 
28.1475, 0.021149, , , , , , , 28.1475, -0.0083925, , , , , , , 28.1475, -0.0135958, , , , , , , 28.1475, -0.0182956, , , , , , , , , , , , , , , , , , , , , , , , , , , , 
28.1480192, 0.0209812, , , , , , , 28.1480192, -0.0095674, , , , , , , 28.1480192, -0.0135958, , , , , , , 28.1480192, -0.0171206, , , , , , , , , , , , , , , , , , , , , , , , , , , , 
28.1485385, 0.0219883, , , , , , , 28.1485385, -0.0095674, , , , , , , 28.1485385, -0.0132601, , , , , , , 28.1485385, -0.0115816, , , , , , , , , , , , , , , , , , , , , , , , , , , , 
28.1490577, 0.0199741, , , , , , , 28.1490577, -0.0082246, , , , , , , 28.1490577, -0.0124208, , , , , , , 28.1490577, -0.0068818, , , , , , , , , , , , , , , , , , , , , , , , , , , , 
28.1495769, 0.01561, , , , , , , 28.1495769, -0.0068818, , , , , , , 28.1495769, -0.0112459, , , , , , , 28.1495769, -0.0023499, , , , , , , , , , , , , , , , , , , , , , , , , , , , 
28.1500962, 0.011078, , , , , , , 28.1500962, -0.0062104, , , , , , , 28.1500962, -0.012253, , , , , , , 28.1500962, 0.0016785, , , , , , , , , , , , , , , , , , , , , , , , , , , , 
28.1506154, 0.0075532, , , , , , , 28.1506154, -0.0063783, , , , , , , 28.1506154, -0.0135958, , , , , , , 28.1506154, 0.0045319, , , , , , , , , , , , , , , , , , , , , , , , , , , , 
28.1511346, 0.002182, , , , , , , 28.1511346, -0.0062104, , , , , , , 28.1511346, -0.0132601, , , , , , , 28.1511346, 0.0075532, , , , , , , , , , , , , , , , , , , , , , , , , , , , 
28.1516538, -0.0011749, , , , , , , 28.1516538, -0.005539, , , , , , , 28.1516538, -0.0117494, , , , , , , 28.1516538, 0.0139315, , , , , , , , , , , , , , , , , , , , , , , , , , , , 
28.1521731, -0.0031891, , , , , , , 28.1521731, -0.005539, , , , , , , 28.1521731, -0.0105745, , , , , , , 28.1521731, 0.0219883, , , , , , , , , , , , , , , , , , , , , , , , , , , , 
28.1526923, -0.0112459, , , , , , , 28.1526923, -0.0048676, , , , , , , 28.1526923, -0.0095674, , , , , , , 28.1526923, 0.0292058, , , , , , , , , , , , , , , , , , , , , , , , , , , , 
28.1532115, -0.0162814, , , , , , , 28.1532115, -0.0058747, , , , , , , 28.1532115, -0.0082246, , , , , , , 28.1532115, 0.0350805, , , , , , , , , , , , , , , , , , , , , , , , , , , , 
28.1537308, -0.0092317, , , , , , , 28.1537308, -0.0082246, , , , , , , 28.1537308, -0.0045319, , , , , , , 28.1537308, 0.0404517, , , , , , , , , , , , , , , , , , , , , , , , , , , , 
28.15425, -0.0028534, , , , , , , 28.15425, -0.0102388, , , , , , , 28.15425, -0.0011749, , , , , , , 28.15425, 0.0433051, , , , , , , , , , , , , , , , , , , , , , , , , , , , 
28.1547692, -0.0035248, , , , , , , 28.1547692, -0.0095674, , , , , , , 28.1547692, -0.0001678, , , , , , , 28.1547692, 0.040116, , , , , , , , , , , , , , , , , , , , , , , , , , , , 
28.1552885, -0.0025177, , , , , , , 28.1552885, -0.008896, , , , , , , 28.1552885, -0.0015106, , , , , , , 28.1552885, 0.0357519, , , , , , , , , , , , , , , , , , , , , , , , , , , , 
28.1558077, -0.0038605, , , , , , , 28.1558077, -0.0085603, , , , , , , 28.1558077, -0.0031891, , , , , , , 28.1558077, 0.033402, , , , , , , , , , , , , , , , , , , , , , , , , , , , 
28.1563269, -0.0035248, , , , , , , 28.1563269, -0.0072175, , , , , , , 28.1563269, -0.0038605, , , , , , , 28.1563269, 0.0317235, , , , , , , , , , , , , , , , , , , , , , , , , , , , 
28.1568462, 0.0011749, , , , , , , 28.1568462, -0.0075532, , , , , , , 28.1568462, -0.0050355, , , , , , , 28.1568462, 0.0273594, , , , , , , , , , , , , , , , , , , , , , , , , , , , 
28.1573654, 0.0075532, , , , , , , 28.1573654, -0.0082246, , , , , , , 28.1573654, -0.0052033, , , , , , , 28.1573654, 0.0226596, , , , , , , , , , , , , , , , , , , , , , , , , , , , 
28.1578846, 0.0117494, , , , , , , 28.1578846, -0.0068818, , , , , , , 28.1578846, -0.0052033, , , , , , , 28.1578846, 0.0206455, , , , , , , , , , , , , , , , , , , , , , , , , , , , 
28.1584038, 0.0139315, , , , , , , 28.1584038, -0.0057069, , , , , , , 28.1584038, -0.005539, , , , , , , 28.1584038, 0.0172885, , , , , , , , , , , , , , , , , , , , , , , , , , , , 
28.1589231, 0.0142672, , , , , , , 28.1589231, -0.0068818, , , , , , , 28.1589231, -0.0062104, , , , , , , 28.1589231, 0.0129244, , , , , , , , , , , , , , , , , , , , , , , , , , , , 
28.1594423, 0.0132601, , , , , , , 28.1594423, -0.0085603, , , , , , , 28.1594423, -0.0068818, , , , , , , 28.1594423, 0.012253, , , , , , , , , , , , , , , , , , , , , , , , , , , , 
28.1599615, 0.0142672, , , , , , , 28.1599615, -0.0102388, , , , , , , 28.1599615, -0.0083925, , , , , , , 28.1599615, 0.012253, , , , , , , , , , , , , , , , , , , , , , , , , , , , 
28.1604808, 0.0186313, , , , , , , 28.1604808, -0.012253, , , , , , , 28.1604808, -0.0097353, , , , , , , 28.1604808, 0.0124208, , , , , , , , , , , , , , , , , , , , , , , , , , , , 
28.161, 0.0243381, , , , , , , 28.161, -0.0112459, , , , , , , 28.161, -0.0115816, , , , , , , 28.161, 0.0139315, , , , , , , , , , , , , , , , , , , , , , , , , , , , 
28.1615192, 0.026688, , , , , , , 28.1615192, -0.008896, , , , , , , 28.1615192, -0.012253, , , , , , , 28.1615192, 0.0146029, , , , , , , , , , , , , , , , , , , , , , , , , , , , 
28.1620385, 0.026688, , , , , , , 28.1620385, -0.0075532, , , , , , , 28.1620385, -0.0109102, , , , , , , 28.1620385, 0.0119173, , , , , , , , , , , , , , , , , , , , , , , , , , , , 
28.1625577, 0.0271916, , , , , , , 28.1625577, -0.0082246, , , , , , , 28.1625577, -0.0129244, , , , , , , 28.1625577, 0.008896, , , , , , , , , , , , , , , , , , , , , , , , , , , , 
28.1630769, 0.0287022, , , , , , , 28.1630769, -0.0078889, , , , , , , 28.1630769, -0.0135958, , , , , , , 28.1630769, 0.008896, , , , , , , , , , , , , , , , , , , , , , , , , , , , 
28.1635962, 0.0290379, , , , , , , 28.1635962, -0.0078889, , , , , , , 28.1635962, -0.0115816, , , , , , , 28.1635962, 0.0097353, , , , , , , , , , , , , , , , , , , , , , , , , , , , 
28.1641154, 0.0313878, , , , , , , 28.1641154, -0.0085603, , , , , , , 28.1641154, -0.0104067, , , , , , , 28.1641154, 0.0090639, , , , , , , , , , , , , , , , , , , , , , , , , , , , 
28.1646346, 0.0317235, , , , , , , 28.1646346, -0.0092317, , , , , , , 28.1646346, -0.0109102, , , , , , , 28.1646346, 0.0062104, , , , , , , , , , , , , , , , , , , , , , , , , , , , 
28.1651538, 0.0320592, , , , , , , 28.1651538, -0.0092317, , , , , , , 28.1651538, -0.0092317, , , , , , , 28.1651538, 0.0023499, , , , , , , , , , , , , , , , , , , , , , , , , , , , 
28.1656731, 0.033402, , , , , , , 28.1656731, -0.0092317, , , , , , , 28.1656731, -0.0068818, , , , , , , 28.1656731, -0.0028534, , , , , , , , , , , , , , , , , , , , , , , , , , , , 
28.1661923, 0.0344091, , , , , , , 28.1661923, -0.0082246, , , , , , , 28.1661923, -0.0085603, , , , , , , 28.1661923, -0.005539, , , , , , , , , , , , , , , , , , , , , , , , , , , , 
28.1667115, 0.035584, , , , , , , 28.1667115, -0.008896, , , , , , , 28.1667115, -0.012253, , , , , , , 28.1667115, -0.0045319, , , , , , , , , , , , , , , , , , , , , , , , , , , , 
28.1672308, 0.0357519, , , , , , , 28.1672308, -0.0092317, , , , , , , 28.1672308, -0.0129244, , , , , , , 28.1672308, -0.0028534, , , , , , , , , , , , , , , , , , , , , , , , , , , , 
28.16775, 0.0307164, , , , , , , 28.16775, -0.0075532, , , , , , , 28.16775, -0.0115816, , , , , , , 28.16775, -0.003357, , , , , , , , , , , , , , , , , , , , , , , , , , , , 
28.1682692, 0.0276951, , , , , , , 28.1682692, -0.005539, , , , , , , 28.1682692, -0.0112459, , , , , , , 28.1682692, -0.0018463, , , , , , , , , , , , , , , , , , , , , , , , , , , , 
28.1687885, 0.0293736, , , , , , , 28.1687885, -0.0038605, , , , , , , 28.1687885, -0.0109102, , , , , , , 28.1687885, 0.0018463, , , , , , , , , , , , , , , , , , , , , , , , , , , , 
28.1693077, 0.0229953, , , , , , , 28.1693077, -0.0041962, , , , , , , 28.1693077, -0.0102388, , , , , , , 28.1693077, 0.0068818, , , , , , , , , , , , , , , , , , , , , , , , , , , , 
28.1698269, 0.0129244, , , , , , , 28.1698269, -0.0050355, , , , , , , 28.1698269, -0.008896, , , , , , , 28.1698269, 0.0135958, , , , , , , , , , , , , , , , , , , , , , , , , , , , 
28.1703462, 0.0038605, , , , , , , 28.1703462, -0.0048676, , , , , , , 28.1703462, -0.0095674, , , , , , , 28.1703462, 0.0176242, , , , , , , , , , , , , , , , , , , , , , , , , , , , 
28.1708654, 0.0003357, , , , , , , 28.1708654, -0.0046998, , , , , , , 28.1708654, -0.0082246, , , , , , , 28.1708654, 0.0182956, , , , , , , , , , , , , , , , , , , , , , , , , , , , 
28.1713846, 0.0011749, , , , , , , 28.1713846, -0.0048676, , , , , , , 28.1713846, -0.0048676, , , , , , , 28.1713846, 0.0196384, , , , , , , , , , , , , , , , , , , , , , , , , , , , 
28.1719038, -0.0015106, , , , , , , 28.1719038, -0.0058747, , , , , , , 28.1719038, -0.0041962, , , , , , , 28.1719038, 0.0240024, , , , , , , , , , , , , , , , , , , , , , , , , , , , 
28.1724231, -0.0062104, , , , , , , 28.1724231, -0.0072175, , , , , , , 28.1724231, -0.0045319, , , , , , , 28.1724231, 0.030045, , , , , , , , , , , , , , , , , , , , , , , , , , , , 
28.1729423, -0.0078889, , , , , , , 28.1729423, -0.0083925, , , , , , , 28.1729423, -0.0041962, , , , , , , 28.1729423, 0.0344091, , , , , , , , , , , , , , , , , , , , , , , , , , , , 
28.1734615, -0.0058747, , , , , , , 28.1734615, -0.0095674, , , , , , , 28.1734615, -0.0028534, , , , , , , 28.1734615, 0.033402, , , , , , , , , , , , , , , , , , , , , , , , , , , , 
28.1739808, -0.0099031, , , , , , , 28.1739808, -0.0092317, , , , , , , 28.1739808, -0.0018463, , , , , , , 28.1739808, 0.0320592, , , , , , , , , , , , , , , , , , , , , , , , , , , , 
28.1745, -0.0129244, , , , , , , 28.1745, -0.0082246, , , , , , , 28.1745, -0.0031891, , , , , , , 28.1745, 0.033402, , , , , , , , , , , , , , , , , , , , , , , , , , , , 
28.1750192, -0.0068818, , , , , , , 28.1750192, -0.0063783, , , , , , , 28.1750192, -0.0045319, , , , , , , 28.1750192, 0.0345769, , , , , , , , , , , , , , , , , , , , , , , , , , , , 
28.1755385, -0.0005035, , , , , , , 28.1755385, -0.005539, , , , , , , 28.1755385, -0.0041962, , , , , , , 28.1755385, 0.0320592, , , , , , , , , , , , , , , , , , , , , , , , , , , , 
28.1760577, 0.0010071, , , , , , , 28.1760577, -0.005539, , , , , , , 28.1760577, -0.0041962, , , , , , , 28.1760577, 0.0256809, , , , , , , , , , , , , , , , , , , , , , , , , , , , 
28.1765769, 0.0008392, , , , , , , 28.1765769, -0.005539, , , , , , , 28.1765769, -0.0035248, , , , , , , 28.1765769, 0.017792, , , , , , , , , , , , , , , , , , , , , , , , , , , , 
28.1770962, 0.0041962, , , , , , , 28.1770962, -0.0052033, , , , , , , 28.1770962, -0.0035248, , , , , , , 28.1770962, 0.0125887, , , , , , , , , , , , , , , , , , , , , , , , , , , , 
28.1776154, 0.0099031, , , , , , , 28.1776154, -0.0048676, , , , , , , 28.1776154, -0.0041962, , , , , , , 28.1776154, 0.0129244, , , , , , , , , , , , , , , , , , , , , , , , , , , , 
28.1781346, 0.0135958, , , , , , , 28.1781346, -0.0050355, , , , , , , 28.1781346, -0.0041962, , , , , , , 28.1781346, 0.0139315, , , , , , , , , , , , , , , , , , , , , , , , , , , , 
28.1786538, 0.0129244, , , , , , , 28.1786538, -0.0050355, , , , , , , 28.1786538, -0.0045319, , , , , , , 28.1786538, 0.0125887, , , , , , , , , , , , , , , , , , , , , , , , , , , , 
28.1791731, 0.0124208, , , , , , , 28.1791731, -0.0052033, , , , , , , 28.1791731, -0.0063783, , , , , , , 28.1791731, 0.0112459, , , , , , , , , , , , , , , , , , , , , , , , , , , , 
28.1796923, 0.0129244, , , , , , , 28.1796923, -0.0048676, , , , , , , 28.1796923, -0.0095674, , , , , , , 28.1796923, 0.0099031, , , , , , , , , , , , , , , , , , , , , , , , , , , , 
28.1802115, 0.0132601, , , , , , , 28.1802115, -0.0045319, , , , , , , 28.1802115, -0.0097353, , , , , , , 28.1802115, 0.0085603, , , , , , , , , , , , , , , , , , , , , , , , , , , , 
28.1807308, 0.0146029, , , , , , , 28.1807308, -0.005539, , , , , , , 28.1807308, -0.0082246, , , , , , , 28.1807308, 0.0085603, , , , , , , , , , , , , , , , , , , , , , , , , , , , 
28.18125, 0.0152743, , , , , , , 28.18125, -0.0082246, , , , , , , 28.18125, -0.0082246, , , , , , , 28.18125, 0.0082246, , , , , , , , , , , , , , , , , , , , , , , , , , , , 
28.1817692, 0.018967, , , , , , , 28.1817692, -0.008896, , , , , , , 28.1817692, -0.008896, , , , , , , 28.1817692, 0.0077211, , , , , , , , , , , , , , , , , , , , , , , , , , , , 
28.1822885, 0.0243381, , , , , , , 28.1822885, -0.0085603, , , , , , , 28.1822885, -0.0083925, , , , , , , 28.1822885, 0.0070497, , , , , , , , , , , , , , , , , , , , , , , , , , , , 
28.1828077, 0.0206455, , , , , , , 28.1828077, -0.0082246, , , , , , , 28.1828077, -0.0072175, , , , , , , 28.1828077, 0.0072175, , , , , , , , , , , , , , , , , , , , , , , , , , , , 
28.1833269, 0.0152743, , , , , , , 28.1833269, -0.0095674, , , , , , , 28.1833269, -0.0068818, , , , , , , 28.1833269, 0.0078889, , , , , , , , , , , , , , , , , , , , , , , , , , , , 
28.1838462, 0.0172885, , , , , , , 28.1838462, -0.012253, , , , , , , 28.1838462, -0.0077211, , , , , , , 28.1838462, 0.008896, , , , , , , , , , , , , , , , , , , , , , , , , , , , 
28.1843654, 0.0226596, , , , , , , 28.1843654, -0.0135958, , , , , , , 28.1843654, -0.008896, , , , , , , 28.1843654, 0.0090639, , , , , , , , , , , , , , , , , , , , , , , , , , , , 
28.1848846, 0.0280308, , , , , , , 28.1848846, -0.0129244, , , , , , , 28.1848846, -0.008896, , , , , , , 28.1848846, 0.0068818, , , , , , , , , , , , , , , , , , , , , , , , , , , , 
28.1854038, 0.0310521, , , , , , , 28.1854038, -0.0130922, , , , , , , 28.1854038, -0.0083925, , , , , , , 28.1854038, 0.0008392, , , , , , , , , , , , , , , , , , , , , , , , , , , , 
28.1859231, 0.0325628, , , , , , , 28.1859231, -0.0132601, , , , , , , 28.1859231, -0.0075532, , , , , , , 28.1859231, -0.0045319, , , , , , , , , , , , , , , , , , , , , , , , , , , , 
28.1864423, 0.027863, , , , , , , 28.1864423, -0.0135958, , , , , , , 28.1864423, -0.0092317, , , , , , , 28.1864423, -0.0062104, , , , , , , , , , , , , , , , , , , , , , , , , , , , 
28.1869615, 0.0240024, , , , , , , 28.1869615, -0.0125887, , , , , , , 28.1869615, -0.0112459, , , , , , , 28.1869615, -0.0062104, , , , , , , , , , , , , , , , , , , , , , , , , , , , 
28.1874808, 0.0258488, , , , , , , 28.1874808, -0.0115816, , , , , , , 28.1874808, -0.012253, , , , , , , 28.1874808, -0.0068818, , , , , , , , , , , , , , , , , , , , , , , , , , , , 
28.188, 0.0287022, , , , , , , 28.188, -0.0119173, , , , , , , 28.188, -0.0137636, , , , , , , 28.188, -0.0050355, , , , , , , , , , , , , , , , , , , , , , , , , , , , 
28.1885192, 0.0275273, , , , , , , 28.1885192, -0.0109102, , , , , , , 28.1885192, -0.0146029, , , , , , , 28.1885192, -0.0023499, , , , , , , , , , , , , , , , , , , , , , , , , , , , 
28.1890385, 0.0209812, , , , , , , 28.1890385, -0.0102388, , , , , , , 28.1890385, -0.0142672, , , , , , , 28.1890385, -0.0001678, , , , , , , , , , , , , , , , , , , , , , , , , , , , 
28.1895577, 0.0166171, , , , , , , 28.1895577, -0.0114137, , , , , , , 28.1895577, -0.0119173, , , , , , , 28.1895577, 0.0031891, , , , , , , , , , , , , , , , , , , , , , , , , , , , 
28.1900769, 0.0171206, , , , , , , 28.1900769, -0.0125887, , , , , , , 28.1900769, -0.0102388, , , , , , , 28.1900769, 0.0085603, , , , , , , , , , , , , , , , , , , , , , , , , , , , 
28.1905962, 0.0152743, , , , , , , 28.1905962, -0.0102388, , , , , , , 28.1905962, -0.0099031, , , , , , , 28.1905962, 0.0129244, , , , , , , , , , , , , , , , , , , , , , , , , , , , 
28.1911154, 0.0095674, , , , , , , 28.1911154, -0.008896, , , , , , , 28.1911154, -0.0085603, , , , , , , 28.1911154, 0.0179599, , , , , , , , , , , , , , , , , , , , , , , , , , , , 
28.1916346, 0.0035248, , , , , , , 28.1916346, -0.0105745, , , , , , , 28.1916346, -0.0050355, , , , , , , 28.1916346, 0.0253452, , , , , , , , , , , , , , , , , , , , , , , , , , , , 
28.1921538, -0.0003357, , , , , , , 28.1921538, -0.0129244, , , , , , , 28.1921538, -0.0035248, , , , , , , 28.1921538, 0.0303807, , , , , , , , , , , , , , , , , , , , , , , , , , , , 
28.1926731, -0.0078889, , , , , , , 28.1926731, -0.0115816, , , , , , , 28.1926731, -0.0045319, , , , , , , 28.1926731, 0.030045, , , , , , , , , , , , , , , , , , , , , , , , , , , , 
28.1931923, -0.0151064, , , , , , , 28.1931923, -0.0083925, , , , , , , 28.1931923, -0.005539, , , , , , , 28.1931923, 0.0297093, , , , , , , , , , , , , , , , , , , , , , , , , , , , 
28.1937115, -0.0161135, , , , , , , 28.1937115, -0.0068818, , , , , , , 28.1937115, -0.0048676, , , , , , , 28.1937115, 0.0339055, , , , , , , , , , , , , , , , , , , , , , , , , , , , 
28.1942308, -0.0139315, , , , , , , 28.1942308, -0.0068818, , , , , , , 28.1942308, -0.0041962, , , , , , , 28.1942308, 0.036759, , , , , , , , , , , , , , , , , , , , , , , , , , , , 
28.19475, -0.011078, , , , , , , 28.19475, -0.0070497, , , , , , , 28.19475, -0.002182, , , , , , , 28.19475, 0.0360876, , , , , , , , , , , , , , , , , , , , , , , , , , , , 
28.1952692, -0.005539, , , , , , , 28.1952692, -0.0058747, , , , , , , 28.1952692, -0.0001678, , , , , , , 28.1952692, 0.0330663, , , , , , , , , , , , , , , , , , , , , , , , , , , , 
28.1957885, 0.0025177, , , , , , , 28.1957885, -0.0045319, , , , , , , 28.1957885, -0.0005035, , , , , , , 28.1957885, 0.0287022, , , , , , , , , , , , , , , , , , , , , , , , , , , , 
28.1963077, 0.0058747, , , , , , , 28.1963077, -0.0052033, , , , , , , 28.1963077, -0.0028534, , , , , , , 28.1963077, 0.023331, , , , , , , , , , , , , , , , , , , , , , , , , , , , 
28.1968269, 0.0115816, , , , , , , 28.1968269, -0.0062104, , , , , , , 28.1968269, -0.0052033, , , , , , , 28.1968269, 0.0186313, , , , , , , , , , , , , , , , , , , , , , , , , , , , 
28.1973462, 0.018967, , , , , , , 28.1973462, -0.0065461, , , , , , , 28.1973462, -0.0065461, , , , , , , 28.1973462, 0.0154421, , , , , , , , , , , , , , , , , , , , , , , , , , , , 
28.1978654, 0.0250095, , , , , , , 28.1978654, -0.0068818, , , , , , , 28.1978654, -0.0068818, , , , , , , 28.1978654, 0.0146029, , , , , , , , , , , , , , , , , , , , , , , , , , , , 
28.1983846, 0.0248417, , , , , , , 28.1983846, -0.005539, , , , , , , 28.1983846, -0.0062104, , , , , , , 28.1983846, 0.0159457, , , , , , , , , , , , , , , , , , , , , , , , , , , , 
28.1989038, 0.0219883, , , , , , , 28.1989038, -0.0031891, , , , , , , 28.1989038, -0.0062104, , , , , , , 28.1989038, 0.0142672, , , , , , , , , , , , , , , , , , , , , , , , , , , , 
28.1994231, 0.0199741, , , , , , , 28.1994231, -0.0018463, , , , , , , 28.1994231, -0.0075532, , , , , , , 28.1994231, 0.0125887, , , , , , , , , , , , , , , , , , , , , , , , , , , , 
28.1999423, 0.0223239, , , , , , , 28.1999423, -0.0025177, , , , , , , 28.1999423, -0.0092317, , , , , , , 28.1999423, 0.0102388, , , , , , , , , , , , , , , , , , , , , , , , , , , , 
28.2004615, 0.0240024, , , , , , , 28.2004615, -0.0041962, , , , , , , 28.2004615, -0.008896, , , , , , , 28.2004615, 0.0078889, , , , , , , , , , , , , , , , , , , , , , , , , , , , 
28.2009808, 0.018967, , , , , , , 28.2009808, -0.0048676, , , , , , , 28.2009808, -0.0083925, , , , , , , 28.2009808, 0.0038605, , , , , , , , , , , , , , , , , , , , , , , , , , , , 
28.2015, 0.0132601, , , , , , , 28.2015, -0.0031891, , , , , , , 28.2015, -0.008896, , , , , , , 28.2015, 0.0023499, , , , , , , , , , , , , , , , , , , , , , , , , , , , 
28.2020192, 0.0135958, , , , , , , 28.2020192, -0.0025177, , , , , , , 28.2020192, -0.0095674, , , , , , , 28.2020192, 0.0031891, , , , , , , , , , , , , , , , , , , , , , , , , , , , 
28.2025385, 0.0159457, , , , , , , 28.2025385, -0.0030213, , , , , , , 28.2025385, -0.0092317, , , , , , , 28.2025385, 0.0035248, , , , , , , , , , , , , , , , , , , , , , , , , , , , 
28.2030577, 0.0179599, , , , , , , 28.2030577, -0.0035248, , , , , , , 28.2030577, -0.0085603, , , , , , , 28.2030577, 0.0043641, , , , , , , , , , , , , , , , , , , , , , , , , , , , 
28.2035769, 0.0199741, , , , , , , 28.2035769, -0.0045319, , , , , , , 28.2035769, -0.0083925, , , , , , , 28.2035769, 0.0078889, , , , , , , , , , , , , , , , , , , , , , , , , , , , 
28.2040962, 0.0198062, , , , , , , 28.2040962, -0.0048676, , , , , , , 28.2040962, -0.0078889, , , , , , , 28.2040962, 0.0095674, , , , , , , , , , , , , , , , , , , , , , , , , , , , 
28.2046154, 0.0199741, , , , , , , 28.2046154, -0.0031891, , , , , , , 28.2046154, -0.0068818, , , , , , , 28.2046154, 0.0092317, , , , , , , , , , , , , , , , , , , , , , , , , , , , 
28.2051346, 0.0206455, , , , , , , 28.2051346, -0.0031891, , , , , , , 28.2051346, -0.0062104, , , , , , , 28.2051346, 0.0050355, , , , , , , , , , , , , , , , , , , , , , , , , , , , 
28.2056538, 0.0226596, , , , , , , 28.2056538, -0.0050355, , , , , , , 28.2056538, -0.0058747, , , , , , , 28.2056538, -0.0008392, , , , , , , , , , , , , , , , , , , , , , , , , , , , 
28.2061731, 0.0276951, , , , , , , 28.2061731, -0.0068818, , , , , , , 28.2061731, -0.0090639, , , , , , , 28.2061731, -0.0041962, , , , , , , , , , , , , , , , , , , , , , , , , , , , 
28.2066923, 0.0302129, , , , , , , 28.2066923, -0.0095674, , , , , , , 28.2066923, -0.0125887, , , , , , , 28.2066923, -0.0041962, , , , , , , , , , , , , , , , , , , , , , , , , , , , 
28.2072115, 0.030045, , , , , , , 28.2072115, -0.0107424, , , , , , , 28.2072115, -0.0130922, , , , , , , 28.2072115, -0.0058747, , , , , , , , , , , , , , , , , , , , , , , , , , , , 
28.2077308, 0.0307164, , , , , , , 28.2077308, -0.0109102, , , , , , , 28.2077308, -0.0129244, , , , , , , 28.2077308, -0.0068818, , , , , , , , , , , , , , , , , , , , , , , , , , , , 
28.20825, 0.0347448, , , , , , , 28.20825, -0.0102388, , , , , , , 28.20825, -0.0129244, , , , , , , 28.20825, -0.0041962, , , , , , , , , , , , , , , , , , , , , , , , , , , , 
28.2087692, 0.0354162, , , , , , , 28.2087692, -0.0082246, , , , , , , 28.2087692, -0.01561, , , , , , , 28.2087692, -0.0001678, , , , , , , , , , , , , , , , , , , , , , , , , , , , 
28.2092885, 0.0340734, , , , , , , 28.2092885, -0.0072175, , , , , , , 28.2092885, -0.0169528, , , , , , , 28.2092885, 0.0038605, , , , , , , , , , , , , , , , , , , , , , , , , , , , 
28.2098077, 0.0248417, , , , , , , 28.2098077, -0.0072175, , , , , , , 28.2098077, -0.01561, , , , , , , 28.2098077, 0.008896, , , , , , , , , , , , , , , , , , , , , , , , , , , , 
28.2103269, 0.0142672, , , , , , , 28.2103269, -0.0075532, , , , , , , 28.2103269, -0.0132601, , , , , , , 28.2103269, 0.0119173, , , , , , , , , , , , , , , , , , , , , , , , , , , , 
28.2108462, 0.0045319, , , , , , , 28.2108462, -0.0072175, , , , , , , 28.2108462, -0.0102388, , , , , , , 28.2108462, 0.01561, , , , , , , , , , , , , , , , , , , , , , , , , , , , 
28.2113654, -0.002182, , , , , , , 28.2113654, -0.0068818, , , , , , , 28.2113654, -0.0077211, , , , , , , 28.2113654, 0.023331, , , , , , , , , , , , , , , , , , , , , , , , , , , , 
28.2118846, -0.0038605, , , , , , , 28.2118846, -0.0075532, , , , , , , 28.2118846, -0.0075532, , , , , , , 28.2118846, 0.030045, , , , , , , , , , , , , , , , , , , , , , , , , , , , 
28.2124038, -0.0043641, , , , , , , 28.2124038, -0.0077211, , , , , , , 28.2124038, -0.0078889, , , , , , , 28.2124038, 0.0305486, , , , , , , , , , , , , , , , , , , , , , , , , , , , 
28.2129231, -0.0072175, , , , , , , 28.2129231, -0.0075532, , , , , , , 28.2129231, -0.0068818, , , , , , , 28.2129231, 0.0305486, , , , , , , , , , , , , , , , , , , , , , , , , , , , 
28.2134423, -0.008896, , , , , , , 28.2134423, -0.0068818, , , , , , , 28.2134423, -0.0058747, , , , , , , 28.2134423, 0.0327306, , , , , , , , , , , , , , , , , , , , , , , , , , , , 
28.2139615, -0.0068818, , , , , , , 28.2139615, -0.0065461, , , , , , , 28.2139615, -0.0058747, , , , , , , 28.2139615, 0.0345769, , , , , , , , , , , , , , , , , , , , , , , , , , , , 
28.2144808, -0.0062104, , , , , , , 28.2144808, -0.0070497, , , , , , , 28.2144808, -0.0058747, , , , , , , 28.2144808, 0.0364233, , , , , , , , , , , , , , , , , , , , , , , , , , , , 
28.215, -0.0048676, , , , , , , 28.215, -0.0082246, , , , , , , 28.215, -0.0058747, , , , , , , 28.215, 0.0384375, , , , , , , , , , , , , , , , , , , , , , , , , , , , 
28.2155192, -0.0001678, , , , , , , 28.2155192, -0.0075532, , , , , , , 28.2155192, -0.0048676, , , , , , , 28.2155192, 0.0357519, , , , , , , , , , , , , , , , , , , , , , , , , , , , 
28.2160385, 0.0050355, , , , , , , 28.2160385, -0.0078889, , , , , , , 28.2160385, -0.002182, , , , , , , 28.2160385, 0.0307164, , , , , , , , , , , , , , , , , , , , , , , , , , , , 
28.2165577, 0.0072175, , , , , , , 28.2165577, -0.0068818, , , , , , , 28.2165577, 0.0005035, , , , , , , 28.2165577, 0.0256809, , , , , , , , , , , , , , , , , , , , , , , , , , , , 
28.2170769, 0.0083925, , , , , , , 28.2170769, -0.0041962, , , , , , , 28.2170769, 0.0005035, , , , , , , 28.2170769, 0.0204776, , , , , , , , , , , , , , , , , , , , , , , , , , , , 
28.2175962, 0.011078, , , , , , , 28.2175962, -0.0036927, , , , , , , 28.2175962, -0.002182, , , , , , , 28.2175962, 0.0162814, , , , , , , , , , , , , , , , , , , , , , , , , , , , 
28.2181154, 0.0125887, , , , , , , 28.2181154, -0.0052033, , , , , , , 28.2181154, -0.0036927, , , , , , , 28.2181154, 0.0119173, , , , , , , , , , , , , , , , , , , , , , , , , , , , 
28.2186346, 0.0139315, , , , , , , 28.2186346, -0.0068818, , , , , , , 28.2186346, -0.0048676, , , , , , , 28.2186346, 0.0082246, , , , , , , , , , , , , , , , , , , , , , , , , , , , 
28.2191538, 0.0137636, , , , , , , 28.2191538, -0.0082246, , , , , , , 28.2191538, -0.0068818, , , , , , , 28.2191538, 0.0025177, , , , , , , , , , , , , , , , , , , , , , , , , , , , 
28.2196731, 0.0112459, , , , , , , 28.2196731, -0.0099031, , , , , , , 28.2196731, -0.0062104, , , , , , , 28.2196731, -0.0011749, , , , , , , , , , , , , , , , , , , , , , , , , , , , 
28.2201923, 0.0124208, , , , , , , 28.2201923, -0.0092317, , , , , , , 28.2201923, -0.0041962, , , , , , , 28.2201923, -0.0006714, , , , , , , , , , , , , , , , , , , , , , , , , , , , 
28.2207115, 0.0184634, , , , , , , 28.2207115, -0.008896, , , , , , , 28.2207115, -0.0028534, , , , , , , 28.2207115, 0.0025177, , , , , , , , , , , , , , , , , , , , , , , , , , , , 
28.2212308, 0.0260166, , , , , , , 28.2212308, -0.0109102, , , , , , , 28.2212308, -0.0028534, , , , , , , 28.2212308, 0.0052033, , , , , , , , , , , , , , , , , , , , , , , , , , , , 
28.22175, 0.027863, , , , , , , 28.22175, -0.012253, , , , , , , 28.22175, -0.005539, , , , , , , 28.22175, 0.0058747, , , , , , , , , , , , , , , , , , , , , , , , , , , , 
28.2222692, 0.0240024, , , , , , , 28.2222692, -0.0102388, , , , , , , 28.2222692, -0.0063783, , , , , , , 28.2222692, 0.0048676, , , , , , , , , , , , , , , , , , , , , , , , , , , , 
28.2227885, 0.0206455, , , , , , , 28.2227885, -0.0097353, , , , , , , 28.2227885, -0.0048676, , , , , , , 28.2227885, 0.0052033, , , , , , , , , , , , , , , , , , , , , , , , , , , , 
28.2233077, 0.014435, , , , , , , 28.2233077, -0.0095674, , , , , , , 28.2233077, -0.0041962, , , , , , , 28.2233077, 0.0065461, , , , , , , , , , , , , , , , , , , , , , , , , , , , 
28.2238269, 0.0115816, , , , , , , 28.2238269, -0.0085603, , , , , , , 28.2238269, -0.005539, , , , , , , 28.2238269, 0.0072175, , , , , , , , , , , , , , , , , , , , , , , , , , , , 
28.2243462, 0.0152743, , , , , , , 28.2243462, -0.0083925, , , , , , , 28.2243462, -0.0082246, , , , , , , 28.2243462, 0.0075532, , , , , , , , , , , , , , , , , , , , , , , , , , , , 
28.2248654, 0.0213169, , , , , , , 28.2248654, -0.0085603, , , , , , , 28.2248654, -0.0095674, , , , , , , 28.2248654, 0.0035248, , , , , , , , , , , , , , , , , , , , , , , , , , , , 
28.2253846, 0.0240024, , , , , , , 28.2253846, -0.0065461, , , , , , , 28.2253846, -0.0095674, , , , , , , 28.2253846, -0.0048676, , , , , , , , , , , , , , , , , , , , , , , , , , , , 
28.2259038, 0.0224918, , , , , , , 28.2259038, -0.0057069, , , , , , , 28.2259038, -0.0105745, , , , , , , 28.2259038, -0.012253, , , , , , , , , , , , , , , , , , , , , , , , , , , , 
28.2264231, 0.0229953, , , , , , , 28.2264231, -0.0075532, , , , , , , 28.2264231, -0.0095674, , , , , , , 28.2264231, -0.0151064, , , , , , , , , , , , , , , , , , , , , , , , , , , , 
28.2269423, 0.026688, , , , , , , 28.2269423, -0.0085603, , , , , , , 28.2269423, -0.0078889, , , , , , , 28.2269423, -0.0162814, , , , , , , , , , , , , , , , , , , , , , , , , , , , 
28.2274615, 0.0273594, , , , , , , 28.2274615, -0.0068818, , , , , , , 28.2274615, -0.0090639, , , , , , , 28.2274615, -0.018967, , , , , , , , , , , , , , , , , , , , , , , , , , , , 
28.2279808, 0.0258488, , , , , , , 28.2279808, -0.0058747, , , , , , , 28.2279808, -0.0105745, , , , , , , 28.2279808, -0.0182956, , , , , , , , , , , , , , , , , , , , , , , , , , , , 
28.2285, 0.0265202, , , , , , , 28.2285, -0.0068818, , , , , , , 28.2285, -0.0105745, , , , , , , 28.2285, -0.0129244, , , , , , , , , , , , , , , , , , , , , , , , , , , , 
28.2290192, 0.0246738, , , , , , , 28.2290192, -0.0068818, , , , , , , 28.2290192, -0.0085603, , , , , , , 28.2290192, -0.0058747, , , , , , , , , , , , , , , , , , , , , , , , , , , , 
28.2295385, 0.0218204, , , , , , , 28.2295385, -0.0068818, , , , , , , 28.2295385, -0.0063783, , , , , , , 28.2295385, 0.0011749, , , , , , , , , , , , , , , , , , , , , , , , , , , , 
28.2300577, 0.0166171, , , , , , , 28.2300577, -0.0070497, , , , , , , 28.2300577, -0.0062104, , , , , , , 28.2300577, 0.0052033, , , , , , , , , , , , , , , , , , , , , , , , , , , , 
28.2305769, 0.0112459, , , , , , , 28.2305769, -0.0099031, , , , , , , 28.2305769, -0.0072175, , , , , , , 28.2305769, 0.0097353, , , , , , , , , , , , , , , , , , , , , , , , , , , , 
28.2310962, 0.0062104, , , , , , , 28.2310962, -0.012253, , , , , , , 28.2310962, -0.0095674, , , , , , , 28.2310962, 0.0159457, , , , , , , , , , , , , , , , , , , , , , , , , , , , 
28.2316154, 0.0023499, , , , , , , 28.2316154, -0.0109102, , , , , , , 28.2316154, -0.0112459, , , , , , , 28.2316154, 0.0198062, , , , , , , , , , , , , , , , , , , , , , , , , , , , 
28.2321346, -0.0008392, , , , , , , 28.2321346, -0.0095674, , , , , , , 28.2321346, -0.0112459, , , , , , , 28.2321346, 0.0246738, , , , , , , , , , , , , , , , , , , , , , , , , , , , 
28.2326538, -0.0046998, , , , , , , 28.2326538, -0.0082246, , , , , , , 28.2326538, -0.008896, , , , , , , 28.2326538, 0.030045, , , , , , , , , , , , , , , , , , , , , , , , , , , , 
28.2331731, -0.0075532, , , , , , , 28.2331731, -0.0075532, , , , , , , 28.2331731, -0.0075532, , , , , , , 28.2331731, 0.0327306, , , , , , , , , , , , , , , , , , , , , , , , , , , , 
28.2336923, -0.008896, , , , , , , 28.2336923, -0.0063783, , , , , , , 28.2336923, -0.008896, , , , , , , 28.2336923, 0.035584, , , , , , , , , , , , , , , , , , , , , , , , , , , , 
28.2342115, -0.0095674, , , , , , , 28.2342115, -0.0052033, , , , , , , 28.2342115, -0.0105745, , , , , , , 28.2342115, 0.040116, , , , , , , , , , , , , , , , , , , , , , , , , , , , 
28.2347308, -0.0082246, , , , , , , 28.2347308, -0.0048676, , , , , , , 28.2347308, -0.0085603, , , , , , , 28.2347308, 0.0417945, , , , , , , , , , , , , , , , , , , , , , , , , , , , 
28.23525, -0.0028534, , , , , , , 28.23525, -0.0046998, , , , , , , 28.23525, -0.0075532, , , , , , , 28.23525, 0.0350805, , , , , , , , , , , , , , , , , , , , , , , , , , , , 
28.2357692, 0.0045319, , , , , , , 28.2357692, -0.0048676, , , , , , , 28.2357692, -0.0082246, , , , , , , 28.2357692, 0.0293736, , , , , , , , , , , , , , , , , , , , , , , , , , , , 
28.2362885, 0.0109102, , , , , , , 28.2362885, -0.005539, , , , , , , 28.2362885, -0.0085603, , , , , , , 28.2362885, 0.026688, , , , , , , , , , , , , , , , , , , , , , , , , , , , 
28.2368077, 0.0078889, , , , , , , 28.2368077, -0.005539, , , , , , , 28.2368077, -0.008896, , , , , , , 28.2368077, 0.0236667, , , , , , , , , , , , , , , , , , , , , , , , , , , , 
28.2373269, 0.0085603, , , , , , , 28.2373269, -0.0062104, , , , , , , 28.2373269, -0.008896, , , , , , , 28.2373269, 0.0204776, , , , , , , , , , , , , , , , , , , , , , , , , , , , 
28.2378462, 0.0146029, , , , , , , 28.2378462, -0.0082246, , , , , , , 28.2378462, -0.0072175, , , , , , , 28.2378462, 0.018967, , , , , , , , , , , , , , , , , , , , , , , , , , , , 
28.2383654, 0.0196384, , , , , , , 28.2383654, -0.0082246, , , , , , , 28.2383654, -0.0048676, , , , , , , 28.2383654, 0.01561, , , , , , , , , , , , , , , , , , , , , , , , , , , , 
28.2388846, 0.0226596, , , , , , , 28.2388846, -0.0075532, , , , , , , 28.2388846, -0.0041962, , , , , , , 28.2388846, 0.0125887, , , , , , , , , , , , , , , , , , , , , , , , , , , , 
28.2394038, 0.023331, , , , , , , 28.2394038, -0.0063783, , , , , , , 28.2394038, -0.0058747, , , , , , , 28.2394038, 0.0119173, , , , , , , , , , , , , , , , , , , , , , , , , , , , 
28.2399231, 0.0203098, , , , , , , 28.2399231, -0.0068818, , , , , , , 28.2399231, -0.0058747, , , , , , , 28.2399231, 0.012253, , , , , , , , , , , , , , , , , , , , , , , , , , , , 
28.2404423, 0.0209812, , , , , , , 28.2404423, -0.0092317, , , , , , , 28.2404423, -0.005539, , , , , , , 28.2404423, 0.0130922, , , , , , , , , , , , , , , , , , , , , , , , , , , , 
28.2409615, 0.0229953, , , , , , , 28.2409615, -0.0083925, , , , , , , 28.2409615, -0.0048676, , , , , , , 28.2409615, 0.01561, , , , , , , , , , , , , , , , , , , , , , , , , , , , 
28.2414808, 0.0226596, , , , , , , 28.2414808, -0.0065461, , , , , , , 28.2414808, -0.0045319, , , , , , , 28.2414808, 0.0186313, , , , , , , , , , , , , , , , , , , , , , , , , , , , 
28.242, 0.0206455, , , , , , , 28.242, -0.0058747, , , , , , , 28.242, -0.0068818, , , , , , , 28.242, 0.0186313, , , , , , , , , , , , , , , , , , , , , , , , , , , , 
28.2425192, 0.021149, , , , , , , 28.2425192, -0.0052033, , , , , , , 28.2425192, -0.0092317, , , , , , , 28.2425192, 0.0129244, , , , , , , , , , , , , , , , , , , , , , , , , , , , 
28.2430385, 0.0226596, , , , , , , 28.2430385, -0.0058747, , , , , , , 28.2430385, -0.008896, , , , , , , 28.2430385, 0.0078889, , , , , , , , , , , , , , , , , , , , , , , , , , , , 
28.2435577, 0.0209812, , , , , , , 28.2435577, -0.0085603, , , , , , , 28.2435577, -0.0082246, , , , , , , 28.2435577, 0.0090639, , , , , , , , , , , , , , , , , , , , , , , , , , , , 
28.2440769, 0.0199741, , , , , , , 28.2440769, -0.012253, , , , , , , 28.2440769, -0.0085603, , , , , , , 28.2440769, 0.0132601, , , , , , , , , , , , , , , , , , , , , , , , , , , , 
28.2445962, 0.0199741, , , , , , , 28.2445962, -0.0129244, , , , , , , 28.2445962, -0.0092317, , , , , , , 28.2445962, 0.0146029, , , , , , , , , , , , , , , , , , , , , , , , , , , , 
28.2451154, 0.0256809, , , , , , , 28.2451154, -0.0115816, , , , , , , 28.2451154, -0.0092317, , , , , , , 28.2451154, 0.0132601, , , , , , , , , , , , , , , , , , , , , , , , , , , , 
28.2456346, 0.0290379, , , , , , , 28.2456346, -0.0095674, , , , , , , 28.2456346, -0.0102388, , , , , , , 28.2456346, 0.0119173, , , , , , , , , , , , , , , , , , , , , , , , , , , , 
28.2461538, 0.0275273, , , , , , , 28.2461538, -0.0082246, , , , , , , 28.2461538, -0.0109102, , , , , , , 28.2461538, 0.0092317, , , , , , , , , , , , , , , , , , , , , , , , , , , , 
28.2466731, 0.026688, , , , , , , 28.2466731, -0.0078889, , , , , , , 28.2466731, -0.0117494, , , , , , , 28.2466731, 0.0041962, , , , , , , , , , , , , , , , , , , , , , , , , , , , 
28.2471923, 0.026688, , , , , , , 28.2471923, -0.0075532, , , , , , , 28.2471923, -0.0114137, , , , , , , 28.2471923, -0.0010071, , , , , , , , , , , , , , , , , , , , , , , , , , , , 
28.2477115, 0.0297093, , , , , , , 28.2477115, -0.0075532, , , , , , , 28.2477115, -0.0112459, , , , , , , 28.2477115, -0.0025177, , , , , , , , , , , , , , , , , , , , , , , , , , , , 
28.2482308, 0.0318914, , , , , , , 28.2482308, -0.0085603, , , , , , , 28.2482308, -0.0109102, , , , , , , 28.2482308, -0.002182, , , , , , , , , , , , , , , , , , , , , , , , , , , , 
28.24875, 0.0253452, , , , , , , 28.24875, -0.010071, , , , , , , 28.24875, -0.0099031, , , , , , , 28.24875, 0.0011749, , , , , , , , , , , , , , , , , , , , , , , , , , , , 
28.2492692, 0.0152743, , , , , , , 28.2492692, -0.0119173, , , , , , , 28.2492692, -0.0085603, , , , , , , 28.2492692, 0.0062104, , , , , , , , , , , , , , , , , , , , , , , , , , , , 
28.2497885, 0.0125887, , , , , , , 28.2497885, -0.0125887, , , , , , , 28.2497885, -0.0082246, , , , , , , 28.2497885, 0.0078889, , , , , , , , , , , , , , , , , , , , , , , , , , , , 
28.2503077, 0.0119173, , , , , , , 28.2503077, -0.0105745, , , , , , , 28.2503077, -0.0092317, , , , , , , 28.2503077, 0.0065461, , , , , , , , , , , , , , , , , , , , , , , , , , , , 
28.2508269, 0.0097353, , , , , , , 28.2508269, -0.0083925, , , , , , , 28.2508269, -0.0093996, , , , , , , 28.2508269, 0.0075532, , , , , , , , , , , , , , , , , , , , , , , , , , , , 
28.2513462, 0.0065461, , , , , , , 28.2513462, -0.0078889, , , , , , , 28.2513462, -0.0085603, , , , , , , 28.2513462, 0.0119173, , , , , , , , , , , , , , , , , , , , , , , , , , , , 
28.2518654, 0.0008392, , , , , , , 28.2518654, -0.0085603, , , , , , , 28.2518654, -0.0092317, , , , , , , 28.2518654, 0.0159457, , , , , , , , , , , , , , , , , , , , , , , , , , , , 
28.2523846, -0.0041962, , , , , , , 28.2523846, -0.0102388, , , , , , , 28.2523846, -0.0095674, , , , , , , 28.2523846, 0.0226596, , , , , , , , , , , , , , , , , , , , , , , , , , , , 
28.2529038, -0.0062104, , , , , , , 28.2529038, -0.011078, , , , , , , 28.2529038, -0.0085603, , , , , , , 28.2529038, 0.0280308, , , , , , , , , , , , , , , , , , , , , , , , , , , , 
28.2534231, -0.0105745, , , , , , , 28.2534231, -0.011078, , , , , , , 28.2534231, -0.0068818, , , , , , , 28.2534231, 0.0287022, , , , , , , , , , , , , , , , , , , , , , , , , , , , 
28.2539423, -0.0115816, , , , , , , 28.2539423, -0.0099031, , , , , , , 28.2539423, -0.0070497, , , , , , , 28.2539423, 0.0293736, , , , , , , , , , , , , , , , , , , , , , , , , , , , 
28.2544615, -0.0095674, , , , , , , 28.2544615, -0.0085603, , , , , , , 28.2544615, -0.0068818, , , , , , , 28.2544615, 0.0293736, , , , , , , , , , , , , , , , , , , , , , , , , , , , 
28.2549808, -0.0062104, , , , , , , 28.2549808, -0.0085603, , , , , , , 28.2549808, -0.0075532, , , , , , , 28.2549808, 0.0246738, , , , , , , , , , , , , , , , , , , , , , , , , , , , 
28.2555, -0.0041962, , , , , , , 28.2555, -0.0063783, , , , , , , 28.2555, -0.0112459, , , , , , , 28.2555, 0.0182956, , , , , , , , , , , , , , , , , , , , , , , , , , , , 
28.2560192, -0.0045319, , , , , , , 28.2560192, -0.0036927, , , , , , , 28.2560192, -0.0129244, , , , , , , 28.2560192, 0.0105745, , , , , , , , , , , , , , , , , , , , , , , , , , , , 
28.2565385, -0.002182, , , , , , , 28.2565385, -0.0045319, , , , , , , 28.2565385, -0.0127565, , , , , , , 28.2565385, 0.0068818, , , , , , , , , , , , , , , , , , , , , , , , , , , , 
28.2570577, 0.0058747, , , , , , , 28.2570577, -0.0075532, , , , , , , 28.2570577, -0.012253, , , , , , , 28.2570577, 0.0058747, , , , , , , , , , , , , , , , , , , , , , , , , , , , 
28.2575769, 0.0125887, , , , , , , 28.2575769, -0.0082246, , , , , , , 28.2575769, -0.0104067, , , , , , , 28.2575769, 0.0062104, , , , , , , , , , , , , , , , , , , , , , , , , , , , 
28.2580962, 0.0132601, , , , , , , 28.2580962, -0.0082246, , , , , , , 28.2580962, -0.0082246, , , , , , , 28.2580962, 0.0072175, , , , , , , , , , , , , , , , , , , , , , , , , , , , 
28.2586154, 0.0132601, , , , , , , 28.2586154, -0.0075532, , , , , , , 28.2586154, -0.0082246, , , , , , , 28.2586154, 0.0045319, , , , , , , , , , , , , , , , , , , , , , , , , , , , 
28.2591346, 0.0172885, , , , , , , 28.2591346, -0.0062104, , , , , , , 28.2591346, -0.0077211, , , , , , , 28.2591346, 0.0015106, , , , , , , , , , , , , , , , , , , , , , , , , , , , 
28.2596538, 0.0219883, , , , , , , 28.2596538, -0.0058747, , , , , , , 28.2596538, -0.005539, , , , , , , 28.2596538, 0.0001678, , , , , , , , , , , , , , , , , , , , , , , , , , , , 
28.2601731, 0.0216526, , , , , , , 28.2601731, -0.0062104, , , , , , , 28.2601731, -0.0065461, , , , , , , 28.2601731, -0.0005035, , , , , , , , , , , , , , , , , , , , , , , , , , , , 
28.2606923, 0.01561, , , , , , , 28.2606923, -0.0082246, , , , , , , 28.2606923, -0.0078889, , , , , , , 28.2606923, 0.0005035, , , , , , , , , , , , , , , , , , , , , , , , , , , , 
28.2612115, 0.01561, , , , , , , 28.2612115, -0.0097353, , , , , , , 28.2612115, -0.0075532, , , , , , , 28.2612115, 0.0041962, , , , , , , , , , , , , , , , , , , , , , , , , , , , 
28.2617308, 0.0213169, , , , , , , 28.2617308, -0.0102388, , , , , , , 28.2617308, -0.0062104, , , , , , , 28.2617308, 0.0065461, , , , , , , , , , , , , , , , , , , , , , , , , , , , 
28.26225, 0.0216526, , , , , , , 28.26225, -0.0095674, , , , , , , 28.26225, -0.0072175, , , , , , , 28.26225, 0.0072175, , , , , , , , , , , , , , , , , , , , , , , , , , , , 
28.2627692, 0.0226596, , , , , , , 28.2627692, -0.0078889, , , , , , , 28.2627692, -0.0070497, , , , , , , 28.2627692, 0.0085603, , , , , , , , , , , , , , , , , , , , , , , , , , , , 
28.2632885, 0.0273594, , , , , , , 28.2632885, -0.0082246, , , , , , , 28.2632885, -0.0038605, , , , , , , 28.2632885, 0.0099031, , , , , , , , , , , , , , , , , , , , , , , , , , , , 
28.2638077, 0.0270237, , , , , , , 28.2638077, -0.0097353, , , , , , , 28.2638077, -0.0048676, , , , , , , 28.2638077, 0.0105745, , , , , , , , , , , , , , , , , , , , , , , , , , , , 
28.2643269, 0.0253452, , , , , , , 28.2643269, -0.0082246, , , , , , , 28.2643269, -0.0085603, , , , , , , 28.2643269, 0.0125887, , , , , , , , , , , , , , , , , , , , , , , , , , , , 
28.2648462, 0.026688, , , , , , , 28.2648462, -0.005539, , , , , , , 28.2648462, -0.0097353, , , , , , , 28.2648462, 0.0130922, , , , , , , , , , , , , , , , , , , , , , , , , , , , 
28.2653654, 0.0293736, , , , , , , 28.2653654, -0.0043641, , , , , , , 28.2653654, -0.008896, , , , , , , 28.2653654, 0.0099031, , , , , , , , , , , , , , , , , , , , , , , , , , , , 
28.2658846, 0.0318914, , , , , , , 28.2658846, -0.005539, , , , , , , 28.2658846, -0.0082246, , , , , , , 28.2658846, 0.0048676, , , , , , , , , , , , , , , , , , , , , , , , , , , , 
28.2664038, 0.033402, , , , , , , 28.2664038, -0.0072175, , , , , , , 28.2664038, -0.0104067, , , , , , , 28.2664038, -0.0005035, , , , , , , , , , , , , , , , , , , , , , , , , , , , 
28.2669231, 0.03122, , , , , , , 28.2669231, -0.0075532, , , , , , , 28.2669231, -0.0104067, , , , , , , 28.2669231, -0.0015106, , , , , , , , , , , , , , , , , , , , , , , , , , , , 
28.2674423, 0.0263523, , , , , , , 28.2674423, -0.0068818, , , , , , , 28.2674423, -0.0085603, , , , , , , 28.2674423, 0.0005035, , , , , , , , , , , , , , , , , , , , , , , , , , , , 
28.2679615, 0.0223239, , , , , , , 28.2679615, -0.0075532, , , , , , , 28.2679615, -0.0075532, , , , , , , 28.2679615, 0.0031891, , , , , , , , , , , , , , , , , , , , , , , , , , , , 
28.2684808, 0.023331, , , , , , , 28.2684808, -0.0075532, , , , , , , 28.2684808, -0.0078889, , , , , , , 28.2684808, 0.0062104, , , , , , , , , , , , , , , , , , , , , , , , , , , , 
28.269, 0.0236667, , , , , , , 28.269, -0.0068818, , , , , , , 28.269, -0.0075532, , , , , , , 28.269, 0.0095674, , , , , , , , , , , , , , , , , , , , , , , , , , , , 
28.2695192, 0.0182956, , , , , , , 28.2695192, -0.0062104, , , , , , , 28.2695192, -0.0085603, , , , , , , 28.2695192, 0.0142672, , , , , , , , , , , , , , , , , , , , , , , , , , , , 
28.2700385, 0.0125887, , , , , , , 28.2700385, -0.0057069, , , , , , , 28.2700385, -0.0062104, , , , , , , 28.2700385, 0.0169528, , , , , , , , , , , , , , , , , , , , , , , , , , , , 
28.2705577, 0.0078889, , , , , , , 28.2705577, -0.0058747, , , , , , , 28.2705577, -0.0028534, , , , , , , 28.2705577, 0.0179599, , , , , , , , , , , , , , , , , , , , , , , , , , , , 
28.2710769, 0.0048676, , , , , , , 28.2710769, -0.0065461, , , , , , , 28.2710769, -0.0035248, , , , , , , 28.2710769, 0.0198062, , , , , , , , , , , , , , , , , , , , , , , , , , , , 
28.2715962, 0.0036927, , , , , , , 28.2715962, -0.0068818, , , , , , , 28.2715962, -0.0063783, , , , , , , 28.2715962, 0.0246738, , , , , , , , , , , , , , , , , , , , , , , , , , , , 
28.2721154, 0.0038605, , , , , , , 28.2721154, -0.0068818, , , , , , , 28.2721154, -0.0078889, , , , , , , 28.2721154, 0.0292058, , , , , , , , , , , , , , , , , , , , , , , , , , , , 
28.2726346, 0.0048676, , , , , , , 28.2726346, -0.0065461, , , , , , , 28.2726346, -0.0057069, , , , , , , 28.2726346, 0.0310521, , , , , , , , , , , , , , , , , , , , , , , , , , , , 
28.2731538, -0.0015106, , , , , , , 28.2731538, -0.0068818, , , , , , , 28.2731538, -0.0052033, , , , , , , 28.2731538, 0.03122, , , , , , , , , , , , , , , , , , , , , , , , , , , , 
28.2736731, -0.012253, , , , , , , 28.2736731, -0.0072175, , , , , , , 28.2736731, -0.0075532, , , , , , , 28.2736731, 0.0337377, , , , , , , , , , , , , , , , , , , , , , , , , , , , 
28.2741923, -0.0176242, , , , , , , 28.2741923, -0.0075532, , , , , , , 28.2741923, -0.0072175, , , , , , , 28.2741923, 0.0357519, , , , , , , , , , , , , , , , , , , , , , , , , , , , 
28.2747115, -0.0182956, , , , , , , 28.2747115, -0.0063783, , , , , , , 28.2747115, -0.0041962, , , , , , , 28.2747115, 0.036759, , , , , , , , , , , , , , , , , , , , , , , , , , , , 
28.2752308, -0.0129244, , , , , , , 28.2752308, -0.0062104, , , , , , , 28.2752308, -0.0030213, , , , , , , 28.2752308, 0.0345769, , , , , , , , , , , , , , , , , , , , , , , , , , , , 
28.27575, -0.005539, , , , , , , 28.27575, -0.0075532, , , , , , , 28.27575, -0.0041962, , , , , , , 28.27575, 0.0273594, , , , , , , , , , , , , , , , , , , , , , , , , , , , 
28.2762692, -0.0001678, , , , , , , 28.2762692, -0.0065461, , , , , , , 28.2762692, -0.0048676, , , , , , , 28.2762692, 0.0226596, , , , , , , , , , , , , , , , , , , , , , , , , , , , 
28.2767885, 0.002182, , , , , , , 28.2767885, -0.0068818, , , , , , , 28.2767885, -0.0058747, , , , , , , 28.2767885, 0.0199741, , , , , , , , , , , , , , , , , , , , , , , , , , , , 
28.2773077, -0.0005035, , , , , , , 28.2773077, -0.008896, , , , , , , 28.2773077, -0.0062104, , , , , , , 28.2773077, 0.0166171, , , , , , , , , , , , , , , , , , , , , , , , , , , , 
28.2778269, -0.0011749, , , , , , , 28.2778269, -0.0090639, , , , , , , 28.2778269, -0.0063783, , , , , , , 28.2778269, 0.0132601, , , , , , , , , , , , , , , , , , , , , , , , , , , , 
28.2783462, 0.0052033, , , , , , , 28.2783462, -0.0082246, , , , , , , 28.2783462, -0.0058747, , , , , , , 28.2783462, 0.0109102, , , , , , , , , , , , , , , , , , , , , , , , , , , , 
28.2788654, 0.0112459, , , , , , , 28.2788654, -0.0082246, , , , , , , 28.2788654, -0.0058747, , , , , , , 28.2788654, 0.0083925, , , , , , , , , , , , , , , , , , , , , , , , , , , , 
28.2793846, 0.0132601, , , , , , , 28.2793846, -0.0075532, , , , , , , 28.2793846, -0.0072175, , , , , , , 28.2793846, 0.0080568, , , , , , , , , , , , , , , , , , , , , , , , , , , , 
28.2799038, 0.0152743, , , , , , , 28.2799038, -0.0075532, , , , , , , 28.2799038, -0.0082246, , , , , , , 28.2799038, 0.0078889, , , , , , , , , , , , , , , , , , , , , , , , , , , , 
28.2804231, 0.0164492, , , , , , , 28.2804231, -0.008896, , , , , , , 28.2804231, -0.0082246, , , , , , , 28.2804231, 0.0068818, , , , , , , , , , , , , , , , , , , , , , , , , , , , 
28.2809423, 0.0172885, , , , , , , 28.2809423, -0.0112459, , , , , , , 28.2809423, -0.0082246, , , , , , , 28.2809423, 0.0058747, , , , , , , , , , , , , , , , , , , , , , , , , , , , 
28.2814615, 0.0172885, , , , , , , 28.2814615, -0.0112459, , , , , , , 28.2814615, -0.0075532, , , , , , , 28.2814615, 0.0065461, , , , , , , , , , , , , , , , , , , , , , , , , , , , 
28.2819808, 0.0162814, , , , , , , 28.2819808, -0.008896, , , , , , , 28.2819808, -0.0077211, , , , , , , 28.2819808, 0.008896, , , , , , , , , , , , , , , , , , , , , , , , , , , , 
28.2825, 0.0182956, , , , , , , 28.2825, -0.0068818, , , , , , , 28.2825, -0.0082246, , , , , , , 28.2825, 0.0099031, , , , , , , , , , , , , , , , , , , , , , , , , , , , 
28.2830192, 0.0213169, , , , , , , 28.2830192, -0.0082246, , , , , , , 28.2830192, -0.008896, , , , , , , 28.2830192, 0.0109102, , , , , , , , , , , , , , , , , , , , , , , , , , , , 
28.2835385, 0.0193027, , , , , , , 28.2835385, -0.0085603, , , , , , , 28.2835385, -0.0082246, , , , , , , 28.2835385, 0.0102388, , , , , , , , , , , , , , , , , , , , , , , , , , , , 
28.2840577, 0.0154421, , , , , , , 28.2840577, -0.008896, , , , , , , 28.2840577, -0.0068818, , , , , , , 28.2840577, 0.0102388, , , , , , , , , , , , , , , , , , , , , , , , , , , , 
28.2845769, 0.0159457, , , , , , , 28.2845769, -0.0099031, , , , , , , 28.2845769, -0.0068818, , , , , , , 28.2845769, 0.008896, , , , , , , , , , , , , , , , , , , , , , , , , , , , 
28.2850962, 0.0193027, , , , , , , 28.2850962, -0.008896, , , , , , , 28.2850962, -0.0109102, , , , , , , 28.2850962, 0.0038605, , , , , , , , , , , , , , , , , , , , , , , , , , , , 
28.2856154, 0.0250095, , , , , , , 28.2856154, -0.0085603, , , , , , , 28.2856154, -0.0129244, , , , , , , 28.2856154, -0.0016785, , , , , , , , , , , , , , , , , , , , , , , , , , , , 
28.2861346, 0.0276951, , , , , , , 28.2861346, -0.0083925, , , , , , , 28.2861346, -0.0142672, , , , , , , 28.2861346, -0.0050355, , , , , , , , , , , , , , , , , , , , , , , , , , , , 
28.2866538, 0.0298772, , , , , , , 28.2866538, -0.0075532, , , , , , , 28.2866538, -0.0152743, , , , , , , 28.2866538, -0.0075532, , , , , , , , , , , , , , , , , , , , , , , , , , , , 
28.2871731, 0.030045, , , , , , , 28.2871731, -0.0082246, , , , , , , 28.2871731, -0.0129244, , , , , , , 28.2871731, -0.0109102, , , , , , , , , , , , , , , , , , , , , , , , , , , , 
28.2876923, 0.0285344, , , , , , , 28.2876923, -0.0075532, , , , , , , 28.2876923, -0.0117494, , , , , , , 28.2876923, -0.0119173, , , , , , , , , , , , , , , , , , , , , , , , , , , , 
28.2882115, 0.0270237, , , , , , , 28.2882115, -0.0078889, , , , , , , 28.2882115, -0.0130922, , , , , , , 28.2882115, -0.0085603, , , , , , , , , , , , , , , , , , , , , , , , , , , , 
28.2887308, 0.0240024, , , , , , , 28.2887308, -0.0095674, , , , , , , 28.2887308, -0.0135958, , , , , , , 28.2887308, -0.0062104, , , , , , , , , , , , , , , , , , , , , , , , , , , , 
28.28925, 0.0240024, , , , , , , 28.28925, -0.0109102, , , , , , , 28.28925, -0.0124208, , , , , , , 28.28925, -0.0036927, , , , , , , , , , , , , , , , , , , , , , , , , , , , 
28.2897692, 0.0236667, , , , , , , 28.2897692, -0.0109102, , , , , , , 28.2897692, -0.008896, , , , , , , 28.2897692, 0.0031891, , , , , , , , , , , , , , , , , , , , , , , , , , , , 
28.2902885, 0.0213169, , , , , , , 28.2902885, -0.0104067, , , , , , , 28.2902885, -0.0065461, , , , , , , 28.2902885, 0.0105745, , , , , , , , , , , , , , , , , , , , , , , , , , , , 
28.2908077, 0.0135958, , , , , , , 28.2908077, -0.0109102, , , , , , , 28.2908077, -0.0041962, , , , , , , 28.2908077, 0.0146029, , , , , , , , , , , , , , , , , , , , , , , , , , , , 
28.2913269, 0.0090639, , , , , , , 28.2913269, -0.0115816, , , , , , , 28.2913269, -0.002182, , , , , , , 28.2913269, 0.0193027, , , , , , , , , , , , , , , , , , , , , , , , , , , , 
28.2918462, 0.0073854, , , , , , , 28.2918462, -0.0095674, , , , , , , 28.2918462, -0.0031891, , , , , , , 28.2918462, 0.0236667, , , , , , , , , , , , , , , , , , , , , , , , , , , , 
28.2923654, 0.0045319, , , , , , , 28.2923654, -0.0072175, , , , , , , 28.2923654, -0.0052033, , , , , , , 28.2923654, 0.0253452, , , , , , , , , , , , , , , , , , , , , , , , , , , , 
28.2928846, 0.0008392, , , , , , , 28.2928846, -0.0072175, , , , , , , 28.2928846, -0.0062104, , , , , , , 28.2928846, 0.0280308, , , , , , , , , , , , , , , , , , , , , , , , , , , , 
28.2934038, -0.0025177, , , , , , , 28.2934038, -0.0065461, , , , , , , 28.2934038, -0.0041962, , , , , , , 28.2934038, 0.0317235, , , , , , , , , , , , , , , , , , , , , , , , , , , , 
28.2939231, -0.0006714, , , , , , , 28.2939231, -0.0062104, , , , , , , 28.2939231, -0.0035248, , , , , , , 28.2939231, 0.033402, , , , , , , , , , , , , , , , , , , , , , , , , , , , 
28.2944423, 0.0018463, , , , , , , 28.2944423, -0.0068818, , , , , , , 28.2944423, -0.0062104, , , , , , , 28.2944423, 0.0325628, , , , , , , , , , , , , , , , , , , , , , , , , , , , 
28.2949615, 0.0058747, , , , , , , 28.2949615, -0.0065461, , , , , , , 28.2949615, -0.0075532, , , , , , , 28.2949615, 0.0293736, , , , , , , , , , , , , , , , , , , , , , , , , , , , 
28.2954808, 0.0112459, , , , , , , 28.2954808, -0.0063783, , , , , , , 28.2954808, -0.0075532, , , , , , , 28.2954808, 0.0253452, , , , , , , , , , , , , , , , , , , , , , , , , , , , 
28.296, 0.0139315, , , , , , , 28.296, -0.0065461, , , , , , , 28.296, -0.0072175, , , , , , , 28.296, 0.0236667, , , , , , , , , , , , , , , , , , , , , , , , , , , , 
28.2965192, 0.0142672, , , , , , , 28.2965192, -0.0045319, , , , , , , 28.2965192, -0.0082246, , , , , , , 28.2965192, 0.0229953, , , , , , , , , , , , , , , , , , , , , , , , , , , , 
28.2970385, 0.0119173, , , , , , , 28.2970385, -0.0038605, , , , , , , 28.2970385, -0.0072175, , , , , , , 28.2970385, 0.0219883, , , , , , , , , , , , , , , , , , , , , , , , , , , , 
28.2975577, 0.012253, , , , , , , 28.2975577, -0.0045319, , , , , , , 28.2975577, -0.0063783, , , , , , , 28.2975577, 0.0193027, , , , , , , , , , , , , , , , , , , , , , , , , , , , 
28.2980769, 0.0115816, , , , , , , 28.2980769, -0.005539, , , , , , , 28.2980769, -0.0075532, , , , , , , 28.2980769, 0.0152743, , , , , , , , , , , , , , , , , , , , , , , , , , , , 
28.2985962, 0.0109102, , , , , , , 28.2985962, -0.0063783, , , , , , , 28.2985962, -0.0095674, , , , , , , 28.2985962, 0.0125887, , , , , , , , , , , , , , , , , , , , , , , , , , , , 
28.2991154, 0.0132601, , , , , , , 28.2991154, -0.005539, , , , , , , 28.2991154, -0.0112459, , , , , , , 28.2991154, 0.0099031, , , , , , , , , , , , , , , , , , , , , , , , , , , , 
28.2996346, 0.0199741, , , , , , , 28.2996346, -0.0043641, , , , , , , 28.2996346, -0.0104067, , , , , , , 28.2996346, 0.0105745, , , , , , , , , , , , , , , , , , , , , , , , , , , , 
28.3001538, 0.0240024, , , , , , , 28.3001538, -0.005539, , , , , , , 28.3001538, -0.008896, , , , , , , 28.3001538, 0.0125887, , , , , , , , , , , , , , , , , , , , , , , , , , , , 
28.3006731, 0.0181277, , , , , , , 28.3006731, -0.0068818, , , , , , , 28.3006731, -0.0085603, , , , , , , 28.3006731, 0.0130922, , , , , , , , , , , , , , , , , , , , , , , , , , , , 
28.3011923, 0.0125887, , , , , , , 28.3011923, -0.0072175, , , , , , , 28.3011923, -0.0092317, , , , , , , 28.3011923, 0.012253, , , , , , , , , , , , , , , , , , , , , , , , , , , , 
28.3017115, 0.0127565, , , , , , , 28.3017115, -0.008896, , , , , , , 28.3017115, -0.0090639, , , , , , , 28.3017115, 0.0112459, , , , , , , , , , , , , , , , , , , , , , , , , , , , 
28.3022308, 0.0166171, , , , , , , 28.3022308, -0.0092317, , , , , , , 28.3022308, -0.0095674, , , , , , , 28.3022308, 0.0109102, , , , , , , , , , , , , , , , , , , , , , , , , , , , 
28.30275, 0.0169528, , , , , , , 28.30275, -0.0082246, , , , , , , 28.30275, -0.0097353, , , , , , , 28.30275, 0.0112459, , , , , , , , , , , , , , , , , , , , , , , , , , , , 
28.3032692, 0.0146029, , , , , , , 28.3032692, -0.0078889, , , , , , , 28.3032692, -0.0082246, , , , , , , 28.3032692, 0.0112459, , , , , , , , , , , , , , , , , , , , , , , , , , , , 
28.3037885, 0.0191348, , , , , , , 28.3037885, -0.0065461, , , , , , , 28.3037885, -0.0075532, , , , , , , 28.3037885, 0.0119173, , , , , , , , , , , , , , , , , , , , , , , , , , , , 
28.3043077, 0.0213169, , , , , , , 28.3043077, -0.0062104, , , , , , , 28.3043077, -0.0072175, , , , , , , 28.3043077, 0.0125887, , , , , , , , , , , , , , , , , , , , , , , , , , , , 
28.3048269, 0.0204776, , , , , , , 28.3048269, -0.0065461, , , , , , , 28.3048269, -0.0073854, , , , , , , 28.3048269, 0.0099031, , , , , , , , , , , , , , , , , , , , , , , , , , , , 
28.3053462, 0.0199741, , , , , , , 28.3053462, -0.0068818, , , , , , , 28.3053462, -0.0075532, , , , , , , 28.3053462, 0.0015106, , , , , , , , , , , , , , , , , , , , , , , , , , , , 
28.3058654, 0.023331, , , , , , , 28.3058654, -0.005539, , , , , , , 28.3058654, -0.0085603, , , , , , , 28.3058654, -0.0048676, , , , , , , , , , , , , , , , , , , , , , , , , , , , 
28.3063846, 0.026688, , , , , , , 28.3063846, -0.0058747, , , , , , , 28.3063846, -0.0097353, , , , , , , 28.3063846, -0.008896, , , , , , , , , , , , , , , , , , , , , , , , , , , , 
28.3069038, 0.0246738, , , , , , , 28.3069038, -0.0062104, , , , , , , 28.3069038, -0.0115816, , , , , , , 28.3069038, -0.014435, , , , , , , , , , , , , , , , , , , , , , , , , , , , 
28.3074231, 0.0203098, , , , , , , 28.3074231, -0.0057069, , , , , , , 28.3074231, -0.012253, , , , , , , 28.3074231, -0.0169528, , , , , , , , , , , , , , , , , , , , , , , , , , , , 
28.3079423, 0.0182956, , , , , , , 28.3079423, -0.0062104, , , , , , , 28.3079423, -0.0112459, , , , , , , 28.3079423, -0.0132601, , , , , , , , , , , , , , , , , , , , , , , , , , , , 
28.3084615, 0.0199741, , , , , , , 28.3084615, -0.0072175, , , , , , , 28.3084615, -0.0102388, , , , , , , 28.3084615, -0.0085603, , , , , , , , , , , , , , , , , , , , , , , , , , , , 
28.3089808, 0.0223239, , , , , , , 28.3089808, -0.0072175, , , , , , , 28.3089808, -0.0099031, , , , , , , 28.3089808, -0.0015106, , , , , , , , , , , , , , , , , , , , , , , , , , , , 
28.3095, 0.0182956, , , , , , , 28.3095, -0.0085603, , , , , , , 28.3095, -0.0095674, , , , , , , 28.3095, 0.0087282, , , , , , , , , , , , , , , , , , , , , , , , , , , , 
28.3100192, 0.0125887, , , , , , , 28.3100192, -0.0083925, , , , , , , 28.3100192, -0.0082246, , , , , , , 28.3100192, 0.0152743, , , , , , , , , , , , , , , , , , , , , , , , , , , , 
28.3105385, 0.0102388, , , , , , , 28.3105385, -0.0092317, , , , , , , 28.3105385, -0.0075532, , , , , , , 28.3105385, 0.0172885, , , , , , , , , , , , , , , , , , , , , , , , , , , , 
28.3110577, 0.0099031, , , , , , , 28.3110577, -0.0115816, , , , , , , 28.3110577, -0.0072175, , , , , , , 28.3110577, 0.0186313, , , , , , , , , , , , , , , , , , , , , , , , , , , , 
28.3115769, 0.0105745, , , , , , , 28.3115769, -0.012253, , , , , , , 28.3115769, -0.0068818, , , , , , , 28.3115769, 0.0219883, , , , , , , , , , , , , , , , , , , , , , , , , , , , 
28.3120962, 0.0082246, , , , , , , 28.3120962, -0.0099031, , , , , , , 28.3120962, -0.0058747, , , , , , , 28.3120962, 0.0238346, , , , , , , , , , , , , , , , , , , , , , , , , , , , 
28.3126154, 0.0031891, , , , , , , 28.3126154, -0.008896, , , , , , , 28.3126154, -0.0068818, , , , , , , 28.3126154, 0.0240024, , , , , , , , , , , , , , , , , , , , , , , , , , , , 
28.3131346, -0.0001678, , , , , , , 28.3131346, -0.0085603, , , , , , , 28.3131346, -0.0062104, , , , , , , 28.3131346, 0.0250095, , , , , , , , , , , , , , , , , , , , , , , , , , , , 
28.3136538, -0.0001678, , , , , , , 28.3136538, -0.0085603, , , , , , , 28.3136538, -0.0050355, , , , , , , 28.3136538, 0.026688, , , , , , , , , , , , , , , , , , , , , , , , , , , , 
28.3141731, -0.0028534, , , , , , , 28.3141731, -0.0085603, , , , , , , 28.3141731, -0.0068818, , , , , , , 28.3141731, 0.0297093, , , , , , , , , , , , , , , , , , , , , , , , , , , , 
28.3146923, -0.0068818, , , , , , , 28.3146923, -0.0085603, , , , , , , 28.3146923, -0.0075532, , , , , , , 28.3146923, 0.0317235, , , , , , , , , , , , , , , , , , , , , , , , , , , , 
28.3152115, -0.0052033, , , , , , , 28.3152115, -0.0095674, , , , , , , 28.3152115, -0.0065461, , , , , , , 28.3152115, 0.0320592, , , , , , , , , , , , , , , , , , , , , , , , , , , , 
28.3157308, 0.0008392, , , , , , , 28.3157308, -0.0095674, , , , , , , 28.3157308, -0.005539, , , , , , , 28.3157308, 0.0297093, , , , , , , , , , , , , , , , , , , , , , , , , , , , 
28.31625, 0.0072175, , , , , , , 28.31625, -0.0072175, , , , , , , 28.31625, -0.0052033, , , , , , , 28.31625, 0.0273594, , , , , , , , , , , , , , , , , , , , , , , , , , , , 
28.3167692, 0.0146029, , , , , , , 28.3167692, -0.0062104, , , , , , , 28.3167692, -0.0041962, , , , , , , 28.3167692, 0.0253452, , , , , , , , , , , , , , , , , , , , , , , , , , , , 
28.3172885, 0.0206455, , , , , , , 28.3172885, -0.0075532, , , , , , , 28.3172885, -0.0015106, , , , , , , 28.3172885, 0.0250095, , , , , , , , , , , , , , , , , , , , , , , , , , , , 
28.3178077, 0.0164492, , , , , , , 28.3178077, -0.008896, , , , , , , 28.3178077, -0.0001678, , , , , , , 28.3178077, 0.0250095, , , , , , , , , , , , , , , , , , , , , , , , , , , , 
28.3183269, 0.0135958, , , , , , , 28.3183269, -0.0090639, , , , , , , 28.3183269, -0.0008392, , , , , , , 28.3183269, 0.0251774, , , , , , , , , , , , , , , , , , , , , , , , , , , , 
28.3188462, 0.0157778, , , , , , , 28.3188462, -0.0099031, , , , , , , 28.3188462, -0.0043641, , , , , , , 28.3188462, 0.0219883, , , , , , , , , , , , , , , , , , , , , , , , , , , , 
28.3193654, 0.0196384, , , , , , , 28.3193654, -0.0109102, , , , , , , 28.3193654, -0.0085603, , , , , , , 28.3193654, 0.0186313, , , , , , , , , , , , , , , , , , , , , , , , , , , , 
28.3198846, 0.0216526, , , , , , , 28.3198846, -0.0099031, , , , , , , 28.3198846, -0.0095674, , , , , , , 28.3198846, 0.0142672, , , , , , , , , , , , , , , , , , , , , , , , , , , , 
28.3204038, 0.0213169, , , , , , , 28.3204038, -0.0077211, , , , , , , 28.3204038, -0.0085603, , , , , , , 28.3204038, 0.0119173, , , , , , , , , , , , , , , , , , , , , , , , , , , , 
28.3209231, 0.0196384, , , , , , , 28.3209231, -0.0075532, , , , , , , 28.3209231, -0.0078889, , , , , , , 28.3209231, 0.0140993, , , , , , , , , , , , , , , , , , , , , , , , , , , , 
28.3214423, 0.0172885, , , , , , , 28.3214423, -0.0102388, , , , , , , 28.3214423, -0.0085603, , , , , , , 28.3214423, 0.0166171, , , , , , , , , , , , , , , , , , , , , , , , , , , , 
28.3219615, 0.0184634, , , , , , , 28.3219615, -0.0109102, , , , , , , 28.3219615, -0.0095674, , , , , , , 28.3219615, 0.0149386, , , , , , , , , , , , , , , , , , , , , , , , , , , , 
28.3224808, 0.0234989, , , , , , , 28.3224808, -0.0082246, , , , , , , 28.3224808, -0.0097353, , , , , , , 28.3224808, 0.0119173, , , , , , , , , , , , , , , , , , , , , , , , , , , , 
28.323, 0.0260166, , , , , , , 28.323, -0.0078889, , , , , , , 28.323, -0.008896, , , , , , , 28.323, 0.0119173, , , , , , , , , , , , , , , , , , , , , , , , , , , , 
28.3235192, 0.0226596, , , , , , , 28.3235192, -0.0099031, , , , , , , 28.3235192, -0.0085603, , , , , , , 28.3235192, 0.0119173, , , , , , , , , , , , , , , , , , , , , , , , , , , , 
28.3240385, 0.0213169, , , , , , , 28.3240385, -0.0097353, , , , , , , 28.3240385, -0.0082246, , , , , , , 28.3240385, 0.0109102, , , , , , , , , , , , , , , , , , , , , , , , , , , , 
28.3245577, 0.0213169, , , , , , , 28.3245577, -0.0068818, , , , , , , 28.3245577, -0.0085603, , , , , , , 28.3245577, 0.0090639, , , , , , , , , , , , , , , , , , , , , , , , , , , , 
28.3250769, 0.0206455, , , , , , , 28.3250769, -0.0048676, , , , , , , 28.3250769, -0.0099031, , , , , , , 28.3250769, 0.0052033, , , , , , , , , , , , , , , , , , , , , , , , , , , , 
28.3255962, 0.0219883, , , , , , , 28.3255962, -0.0052033, , , , , , , 28.3255962, -0.0115816, , , , , , , 28.3255962, 0.0005035, , , , , , , , , , , , , , , , , , , , , , , , , , , , 
28.3261154, 0.023331, , , , , , , 28.3261154, -0.005539, , , , , , , 28.3261154, -0.0115816, , , , , , , 28.3261154, -0.0035248, , , , , , , , , , , , , , , , , , , , , , , , , , , , 
28.3266346, 0.0260166, , , , , , , 28.3266346, -0.0048676, , , , , , , 28.3266346, -0.0112459, , , , , , , 28.3266346, -0.0052033, , , , , , , , , , , , , , , , , , , , , , , , , , , , 
28.3271538, 0.030045, , , , , , , 28.3271538, -0.0045319, , , , , , , 28.3271538, -0.0109102, , , , , , , 28.3271538, -0.0062104, , , , , , , , , , , , , , , , , , , , , , , , , , , , 
28.3276731, 0.030045, , , , , , , 28.3276731, -0.0045319, , , , , , , 28.3276731, -0.0109102, , , , , , , 28.3276731, -0.0082246, , , , , , , , , , , , , , , , , , , , , , , , , , , , 
28.3281923, 0.0258488, , , , , , , 28.3281923, -0.0038605, , , , , , , 28.3281923, -0.0125887, , , , , , , 28.3281923, -0.0072175, , , , , , , , , , , , , , , , , , , , , , , , , , , , 
28.3287115, 0.0196384, , , , , , , 28.3287115, -0.0028534, , , , , , , 28.3287115, -0.0119173, , , , , , , 28.3287115, -0.0011749, , , , , , , , , , , , , , , , , , , , , , , , , , , , 
28.3292308, 0.0152743, , , , , , , 28.3292308, -0.0041962, , , , , , , 28.3292308, -0.0102388, , , , , , , 28.3292308, 0.0065461, , , , , , , , , , , , , , , , , , , , , , , , , , , , 
28.32975, 0.0105745, , , , , , , 28.32975, -0.005539, , , , , , , 28.32975, -0.0105745, , , , , , , 28.32975, 0.0139315, , , , , , , , , , , , , , , , , , , , , , , , , , , , 
28.3302692, 0.0065461, , , , , , , 28.3302692, -0.0041962, , , , , , , 28.3302692, -0.0099031, , , , , , , 28.3302692, 0.01561, , , , , , , , , , , , , , , , , , , , , , , , , , , , 
28.3307885, 0.0045319, , , , , , , 28.3307885, -0.0035248, , , , , , , 28.3307885, -0.0068818, , , , , , , 28.3307885, 0.0171206, , , , , , , , , , , , , , , , , , , , , , , , , , , , 
28.3313077, 0.002182, , , , , , , 28.3313077, -0.0043641, , , , , , , 28.3313077, -0.0041962, , , , , , , 28.3313077, 0.0213169, , , , , , , , , , , , , , , , , , , , , , , , , , , , 
28.3318269, 0.0015106, , , , , , , 28.3318269, -0.0068818, , , , , , , 28.3318269, -0.0041962, , , , , , , 28.3318269, 0.024506, , , , , , , , , , , , , , , , , , , , , , , , , , , , 
28.3323462, 0.0011749, , , , , , , 28.3323462, -0.0085603, , , , , , , 28.3323462, -0.0063783, , , , , , , 28.3323462, 0.0260166, , , , , , , , , , , , , , , , , , , , , , , , , , , , 
28.3328654, 0.0005035, , , , , , , 28.3328654, -0.0082246, , , , , , , 28.3328654, -0.0085603, , , , , , , 28.3328654, 0.0273594, , , , , , , , , , , , , , , , , , , , , , , , , , , , 
28.3333846, -0.0015106, , , , , , , 28.3333846, -0.005539, , , , , , , 28.3333846, -0.0077211, , , , , , , 28.3333846, 0.0276951, , , , , , , , , , , , , , , , , , , , , , , , , , , , 
28.3339038, -0.0065461, , , , , , , 28.3339038, -0.0043641, , , , , , , 28.3339038, -0.0065461, , , , , , , 28.3339038, 0.0256809, , , , , , , , , , , , , , , , , , , , , , , , , , , , 
28.3344231, -0.0109102, , , , , , , 28.3344231, -0.0050355, , , , , , , 28.3344231, -0.0048676, , , , , , , 28.3344231, 0.0243381, , , , , , , , , , , , , , , , , , , , , , , , , , , , 
28.3349423, -0.0109102, , , , , , , 28.3349423, -0.0058747, , , , , , , 28.3349423, -0.0041962, , , , , , , 28.3349423, 0.0243381, , , , , , , , , , , , , , , , , , , , , , , , , , , , 
28.3354615, -0.0068818, , , , , , , 28.3354615, -0.0070497, , , , , , , 28.3354615, -0.0035248, , , , , , , 28.3354615, 0.0226596, , , , , , , , , , , , , , , , , , , , , , , , , , , , 
28.3359808, -0.0041962, , , , , , , 28.3359808, -0.0062104, , , , , , , 28.3359808, -0.0035248, , , , , , , 28.3359808, 0.0186313, , , , , , , , , , , , , , , , , , , , , , , , , , , , 
28.3365, -0.0048676, , , , , , , 28.3365, -0.0050355, , , , , , , 28.3365, -0.0062104, , , , , , , 28.3365, 0.0149386, , , , , , , , , , , , , , , , , , , , , , , , , , , , 
28.3370192, -0.002182, , , , , , , 28.3370192, -0.0062104, , , , , , , 28.3370192, -0.0092317, , , , , , , 28.3370192, 0.0112459, , , , , , , , , , , , , , , , , , , , , , , , , , , , 
28.3375385, 0.0052033, , , , , , , 28.3375385, -0.0062104, , , , , , , 28.3375385, -0.0095674, , , , , , , 28.3375385, 0.0090639, , , , , , , , , , , , , , , , , , , , , , , , , , , , 
28.3380577, 0.0085603, , , , , , , 28.3380577, -0.0038605, , , , , , , 28.3380577, -0.0082246, , , , , , , 28.3380577, 0.0058747, , , , , , , , , , , , , , , , , , , , , , , , , , , , 
28.3385769, 0.0077211, , , , , , , 28.3385769, -0.0028534, , , , , , , 28.3385769, -0.0072175, , , , , , , 28.3385769, 0.0038605, , , , , , , , , , , , , , , , , , , , , , , , , , , , 
28.3390962, 0.012253, , , , , , , 28.3390962, -0.0031891, , , , , , , 28.3390962, -0.0078889, , , , , , , 28.3390962, 0.0028534, , , , , , , , , , , , , , , , , , , , , , , , , , , , 
28.3396154, 0.017792, , , , , , , 28.3396154, -0.0048676, , , , , , , 28.3396154, -0.0102388, , , , , , , 28.3396154, 0.0031891, , , , , , , , , , , , , , , , , , , , , , , , , , , , 
28.3401346, 0.0176242, , , , , , , 28.3401346, -0.0068818, , , , , , , 28.3401346, -0.0105745, , , , , , , 28.3401346, 0.0045319, , , , , , , , , , , , , , , , , , , , , , , , , , , , 
28.3406538, 0.0152743, , , , , , , 28.3406538, -0.0095674, , , , , , , 28.3406538, -0.0075532, , , , , , , 28.3406538, 0.0065461, , , , , , , , , , , , , , , , , , , , , , , , , , , , 
28.3411731, 0.0171206, , , , , , , 28.3411731, -0.0102388, , , , , , , 28.3411731, -0.0070497, , , , , , , 28.3411731, 0.0077211, , , , , , , , , , , , , , , , , , , , , , , , , , , , 
28.3416923, 0.0193027, , , , , , , 28.3416923, -0.0077211, , , , , , , 28.3416923, -0.008896, , , , , , , 28.3416923, 0.0083925, , , , , , , , , , , , , , , , , , , , , , , , , , , , 
28.3422115, 0.0196384, , , , , , , 28.3422115, -0.0085603, , , , , , , 28.3422115, -0.0082246, , , , , , , 28.3422115, 0.0087282, , , , , , , , , , , , , , , , , , , , , , , , , , , , 
28.3427308, 0.0199741, , , , , , , 28.3427308, -0.0102388, , , , , , , 28.3427308, -0.0068818, , , , , , , 28.3427308, 0.0104067, , , , , , , , , , , , , , , , , , , , , , , , , , , , 
28.34325, 0.0229953, , , , , , , 28.34325, -0.0097353, , , , , , , 28.34325, -0.0075532, , , , , , , 28.34325, 0.0105745, , , , , , , , , , , , , , , , , , , , , , , , , , , , 
28.3437692, 0.0258488, , , , , , , 28.3437692, -0.0092317, , , , , , , 28.3437692, -0.008896, , , , , , , 28.3437692, 0.0117494, , , , , , , , , , , , , , , , , , , , , , , , , , , , 
28.3442885, 0.026688, , , , , , , 28.3442885, -0.0092317, , , , , , , 28.3442885, -0.0092317, , , , , , , 28.3442885, 0.0105745, , , , , , , , , , , , , , , , , , , , , , , , , , , , 
28.3448077, 0.0231632, , , , , , , 28.3448077, -0.0099031, , , , , , , 28.3448077, -0.0093996, , , , , , , 28.3448077, 0.008896, , , , , , , , , , , , , , , , , , , , , , , , , , , , 
28.3453269, 0.0219883, , , , , , , 28.3453269, -0.0099031, , , , , , , 28.3453269, -0.0082246, , , , , , , 28.3453269, 0.0045319, , , , , , , , , , , , , , , , , , , , , , , , , , , , 
28.3458462, 0.0240024, , , , , , , 28.3458462, -0.0090639, , , , , , , 28.3458462, -0.0068818, , , , , , , 28.3458462, -0.0013428, , , , , , , , , , , , , , , , , , , , , , , , , , , , 
28.3463654, 0.0253452, , , , , , , 28.3463654, -0.0085603, , , , , , , 28.3463654, -0.0072175, , , , , , , 28.3463654, -0.0045319, , , , , , , , , , , , , , , , , , , , , , , , , , , , 
28.3468846, 0.0238346, , , , , , , 28.3468846, -0.0082246, , , , , , , 28.3468846, -0.0062104, , , , , , , 28.3468846, -0.0075532, , , , , , , , , , , , , , , , , , , , , , , , , , , , 
28.3474038, 0.0219883, , , , , , , 28.3474038, -0.0082246, , , , , , , 28.3474038, -0.0045319, , , , , , , 28.3474038, -0.0082246, , , , , , , , , , , , , , , , , , , , , , , , , , , , 
28.3479231, 0.023331, , , , , , , 28.3479231, -0.0083925, , , , , , , 28.3479231, -0.0062104, , , , , , , 28.3479231, -0.0075532, , , , , , , , , , , , , , , , , , , , , , , , , , , , 
28.3484423, 0.023331, , , , , , , 28.3484423, -0.0099031, , , , , , , 28.3484423, -0.0090639, , , , , , , 28.3484423, -0.005539, , , , , , , , , , , , , , , , , , , , , , , , , , , , 
28.3489615, 0.0199741, , , , , , , 28.3489615, -0.0112459, , , , , , , 28.3489615, -0.0097353, , , , , , , 28.3489615, 0.0001678, , , , , , , , , , , , , , , , , , , , , , , , , , , , 
28.3494808, 0.0149386, , , , , , , 28.3494808, -0.0099031, , , , , , , 28.3494808, -0.0097353, , , , , , , 28.3494808, 0.0062104, , , , , , , , , , , , , , , , , , , , , , , , , , , , 
28.35, 0.012253, , , , , , , 28.35, -0.0095674, , , , , , , 28.35, -0.0082246, , , , , , , 28.35, 0.0092317, , , , , , , , , , , , , , , , , , , , , , , , , , , , 
28.3505192, 0.0112459, , , , , , , 28.3505192, -0.0109102, , , , , , , 28.3505192, -0.0075532, , , , , , , 28.3505192, 0.011078, , , , , , , , , , , , , , , , , , , , , , , , , , , , 
28.3510385, 0.008896, , , , , , , 28.3510385, -0.0095674, , , , , , , 28.3510385, -0.005539, , , , , , , 28.3510385, 0.0129244, , , , , , , , , , , , , , , , , , , , , , , , , , , , 
28.3515577, 0.0062104, , , , , , , 28.3515577, -0.0085603, , , , , , , 28.3515577, -0.0048676, , , , , , , 28.3515577, 0.0172885, , , , , , , , , , , , , , , , , , , , , , , , , , , , 
28.3520769, 0.0003357, , , , , , , 28.3520769, -0.0097353, , , , , , , 28.3520769, -0.0068818, , , , , , , 28.3520769, 0.0219883, , , , , , , , , , , , , , , , , , , , , , , , , , , , 
28.3525962, -0.0068818, , , , , , , 28.3525962, -0.0105745, , , , , , , 28.3525962, -0.0078889, , , , , , , 28.3525962, 0.0271916, , , , , , , , , , , , , , , , , , , , , , , , , , , , 
28.3531154, -0.0090639, , , , , , , 28.3531154, -0.0099031, , , , , , , 28.3531154, -0.0075532, , , , , , , 28.3531154, 0.0307164, , , , , , , , , , , , , , , , , , , , , , , , , , , , 
28.3536346, -0.0068818, , , , , , , 28.3536346, -0.0105745, , , , , , , 28.3536346, -0.0082246, , , , , , , 28.3536346, 0.0320592, , , , , , , , , , , , , , , , , , , , , , , , , , , , 
28.3541538, -0.0062104, , , , , , , 28.3541538, -0.0109102, , , , , , , 28.3541538, -0.0078889, , , , , , , 28.3541538, 0.0327306, , , , , , , , , , , , , , , , , , , , , , , , , , , , 
28.3546731, -0.0078889, , , , , , , 28.3546731, -0.0102388, , , , , , , 28.3546731, -0.005539, , , , , , , 28.3546731, 0.0323949, , , , , , , , , , , , , , , , , , , , , , , , , , , , 
28.3551923, -0.005539, , , , , , , 28.3551923, -0.0109102, , , , , , , 28.3551923, -0.0058747, , , , , , , 28.3551923, 0.0270237, , , , , , , , , , , , , , , , , , , , , , , , , , , , 
28.3557115, -0.0001678, , , , , , , 28.3557115, -0.0095674, , , , , , , 28.3557115, -0.0063783, , , , , , , 28.3557115, 0.023331, , , , , , , , , , , , , , , , , , , , , , , , , , , , 
28.3562308, 0.0036927, , , , , , , 28.3562308, -0.0082246, , , , , , , 28.3562308, -0.0058747, , , , , , , 28.3562308, 0.0219883, , , , , , , , , , , , , , , , , , , , , , , , , , , , 
28.35675, 0.005539, , , , , , , 28.35675, -0.0085603, , , , , , , 28.35675, -0.0075532, , , , , , , 28.35675, 0.0194705, , , , , , , , , , , , , , , , , , , , , , , , , , , , 
28.3572692, 0.0075532, , , , , , , 28.3572692, -0.0109102, , , , , , , 28.3572692, -0.0095674, , , , , , , 28.3572692, 0.0152743, , , , , , , , , , , , , , , , , , , , , , , , , , , , 
28.3577885, 0.0115816, , , , , , , 28.3577885, -0.0105745, , , , , , , 28.3577885, -0.0109102, , , , , , , 28.3577885, 0.0102388, , , , , , , , , , , , , , , , , , , , , , , , , , , , 
28.3583077, 0.0132601, , , , , , , 28.3583077, -0.008896, , , , , , , 28.3583077, -0.008896, , , , , , , 28.3583077, 0.008896, , , , , , , , , , , , , , , , , , , , , , , , , , , , 
28.3588269, 0.0182956, , , , , , , 28.3588269, -0.0082246, , , , , , , 28.3588269, -0.0057069, , , , , , , 28.3588269, 0.0115816, , , , , , , , , , , , , , , , , , , , , , , , , , , , 
28.3593462, 0.0236667, , , , , , , 28.3593462, -0.0075532, , , , , , , 28.3593462, -0.0031891, , , , , , , 28.3593462, 0.0125887, , , , , , , , , , , , , , , , , , , , , , , , , , , , 
28.3598654, 0.0280308, , , , , , , 28.3598654, -0.008896, , , , , , , 28.3598654, -0.0015106, , , , , , , 28.3598654, 0.0109102, , , , , , , , , , , , , , , , , , , , , , , , , , , , 
28.3603846, 0.0318914, , , , , , , 28.3603846, -0.0095674, , , , , , , 28.3603846, -0.0015106, , , , , , , 28.3603846, 0.0117494, , , , , , , , , , , , , , , , , , , , , , , , , , , , 
28.3609038, 0.0313878, , , , , , , 28.3609038, -0.0082246, , , , , , , 28.3609038, -0.0018463, , , , , , , 28.3609038, 0.0139315, , , , , , , , , , , , , , , , , , , , , , , , , , , , 
28.3614231, 0.0293736, , , , , , , 28.3614231, -0.0072175, , , , , , , 28.3614231, -0.0028534, , , , , , , 28.3614231, 0.0125887, , , , , , , , , , , , , , , , , , , , , , , , , , , , 
28.3619423, 0.0310521, , , , , , , 28.3619423, -0.0063783, , , , , , , 28.3619423, -0.0031891, , , , , , , 28.3619423, 0.0112459, , , , , , , , , , , , , , , , , , , , , , , , , , , , 
28.3624615, 0.0287022, , , , , , , 28.3624615, -0.0062104, , , , , , , 28.3624615, -0.0035248, , , , , , , 28.3624615, 0.0097353, , , , , , , , , , , , , , , , , , , , , , , , , , , , 
28.3629808, 0.0219883, , , , , , , 28.3629808, -0.0078889, , , , , , , 28.3629808, -0.0058747, , , , , , , 28.3629808, 0.0058747, , , , , , , , , , , , , , , , , , , , , , , , , , , , 
28.3635, 0.0208133, , , , , , , 28.3635, -0.0092317, , , , , , , 28.3635, -0.0072175, , , , , , , 28.3635, 0.0048676, , , , , , , , , , , , , , , , , , , , , , , , , , , , 
28.3640192, 0.0226596, , , , , , , 28.3640192, -0.0078889, , , , , , , 28.3640192, -0.0082246, , , , , , , 28.3640192, 0.0072175, , , , , , , , , , , , , , , , , , , , , , , , , , , , 
28.3645385, 0.0193027, , , , , , , 28.3645385, -0.0077211, , , , , , , 28.3645385, -0.0087282, , , , , , , 28.3645385, 0.0099031, , , , , , , , , , , , , , , , , , , , , , , , , , , , 
28.3650577, 0.017792, , , , , , , 28.3650577, -0.0095674, , , , , , , 28.3650577, -0.0095674, , , , , , , 28.3650577, 0.0065461, , , , , , , , , , , , , , , , , , , , , , , , , , , , 
28.3655769, 0.0236667, , , , , , , 28.3655769, -0.0095674, , , , , , , 28.3655769, -0.0105745, , , , , , , 28.3655769, -0.0005035, , , , , , , , , , , , , , , , , , , , , , , , , , , , 
28.3660962, 0.0256809, , , , , , , 28.3660962, -0.0082246, , , , , , , 28.3660962, -0.0135958, , , , , , , 28.3660962, -0.002182, , , , , , , , , , , , , , , , , , , , , , , , , , , , 
28.3666154, 0.0250095, , , , , , , 28.3666154, -0.0072175, , , , , , , 28.3666154, -0.0142672, , , , , , , 28.3666154, -0.0011749, , , , , , , , , , , , , , , , , , , , , , , , , , , , 
28.3671346, 0.0246738, , , , , , , 28.3671346, -0.0075532, , , , , , , 28.3671346, -0.0135958, , , , , , , 28.3671346, -0.0018463, , , , , , , , , , , , , , , , , , , , , , , , , , , , 
28.3676538, 0.0246738, , , , , , , 28.3676538, -0.0072175, , , , , , , 28.3676538, -0.0135958, , , , , , , 28.3676538, -0.0001678, , , , , , , , , , , , , , , , , , , , , , , , , , , , 
28.3681731, 0.026688, , , , , , , 28.3681731, -0.0063783, , , , , , , 28.3681731, -0.0146029, , , , , , , 28.3681731, 0.0025177, , , , , , , , , , , , , , , , , , , , , , , , , , , , 
28.3686923, 0.0280308, , , , , , , 28.3686923, -0.0077211, , , , , , , 28.3686923, -0.0135958, , , , , , , 28.3686923, 0.0048676, , , , , , , , , , , , , , , , , , , , , , , , , , , , 
28.3692115, 0.0246738, , , , , , , 28.3692115, -0.0082246, , , , , , , 28.3692115, -0.0112459, , , , , , , 28.3692115, 0.0085603, , , , , , , , , , , , , , , , , , , , , , , , , , , , 
28.3697308, 0.0196384, , , , , , , 28.3697308, -0.0075532, , , , , , , 28.3697308, -0.0087282, , , , , , , 28.3697308, 0.014435, , , , , , , , , , , , , , , , , , , , , , , , , , , , 
28.37025, 0.0139315, , , , , , , 28.37025, -0.0058747, , , , , , , 28.37025, -0.0082246, , , , , , , 28.37025, 0.0166171, , , , , , , , , , , , , , , , , , , , , , , , , , , , 
28.3707692, 0.008896, , , , , , , 28.3707692, -0.0063783, , , , , , , 28.3707692, -0.0075532, , , , , , , 28.3707692, 0.0166171, , , , , , , , , , , , , , , , , , , , , , , , , , , , 
28.3712885, 0.0048676, , , , , , , 28.3712885, -0.0077211, , , , , , , 28.3712885, -0.0082246, , , , , , , 28.3712885, 0.0193027, , , , , , , , , , , , , , , , , , , , , , , , , , , , 
28.3718077, -0.0041962, , , , , , , 28.3718077, -0.0075532, , , , , , , 28.3718077, -0.008896, , , , , , , 28.3718077, 0.0263523, , , , , , , , , , , , , , , , , , , , , , , , , , , , 
28.3723269, -0.0078889, , , , , , , 28.3723269, -0.0062104, , , , , , , 28.3723269, -0.0078889, , , , , , , 28.3723269, 0.0350805, , , , , , , , , , , , , , , , , , , , , , , , , , , , 
28.3728462, -0.0062104, , , , , , , 28.3728462, -0.0057069, , , , , , , 28.3728462, -0.0075532, , , , , , , 28.3728462, 0.040116, , , , , , , , , , , , , , , , , , , , , , , , , , , , 
28.3733654, -0.0048676, , , , , , , 28.3733654, -0.0068818, , , , , , , 28.3733654, -0.0092317, , , , , , , 28.3733654, 0.040116, , , , , , , , , , , , , , , , , , , , , , , , , , , , 
28.3738846, -0.0068818, , , , , , , 28.3738846, -0.0062104, , , , , , , 28.3738846, -0.0090639, , , , , , , 28.3738846, 0.0374304, , , , , , , , , , , , , , , , , , , , , , , , , , , , 
28.3744038, -0.0082246, , , , , , , 28.3744038, -0.0052033, , , , , , , 28.3744038, -0.005539, , , , , , , 28.3744038, 0.0359197, , , , , , , , , , , , , , , , , , , , , , , , , , , , 
28.3749231, -0.0045319, , , , , , , 28.3749231, -0.0045319, , , , , , , 28.3749231, -0.0028534, , , , , , , 28.3749231, 0.0359197, , , , , , , , , , , , , , , , , , , , , , , , , , , , 
28.3754423, -0.0005035, , , , , , , 28.3754423, -0.005539, , , , , , , 28.3754423, -0.0041962, , , , , , , 28.3754423, 0.0345769, , , , , , , , , , , , , , , , , , , , , , , , , , , , 
28.3759615, 0.0035248, , , , , , , 28.3759615, -0.0062104, , , , , , , 28.3759615, -0.005539, , , , , , , 28.3759615, 0.0290379, , , , , , , , , , , , , , , , , , , , , , , , , , , , 
28.3764808, 0.0099031, , , , , , , 28.3764808, -0.0068818, , , , , , , 28.3764808, -0.0063783, , , , , , , 28.3764808, 0.0240024, , , , , , , , , , , , , , , , , , , , , , , , , , , , 
28.377, 0.0206455, , , , , , , 28.377, -0.0068818, , , , , , , 28.377, -0.0062104, , , , , , , 28.377, 0.0199741, , , , , , , , , , , , , , , , , , , , , , , , , , , , 
28.3775192, 0.0280308, , , , , , , 28.3775192, -0.0045319, , , , , , , 28.3775192, -0.0038605, , , , , , , 28.3775192, 0.0159457, , , , , , , , , , , , , , , , , , , , , , , , , , , , 
28.3780385, 0.0271916, , , , , , , 28.3780385, -0.0028534, , , , , , , 28.3780385, -0.0015106, , , , , , , 28.3780385, 0.0115816, , , , , , , , , , , , , , , , , , , , , , , , , , , , 
28.3785577, 0.0251774, , , , , , , 28.3785577, -0.0028534, , , , , , , 28.3785577, -0.002182, , , , , , , 28.3785577, 0.0083925, , , , , , , , , , , , , , , , , , , , , , , , , , , , 
28.3790769, 0.0260166, , , , , , , 28.3790769, -0.002182, , , , , , , 28.3790769, -0.005539, , , , , , , 28.3790769, 0.0065461, , , , , , , , , , , , , , , , , , , , , , , , , , , , 
28.3795962, 0.0260166, , , , , , , 28.3795962, -0.0023499, , , , , , , 28.3795962, -0.0068818, , , , , , , 28.3795962, 0.0052033, , , , , , , , , , , , , , , , , , , , , , , , , , , , 
28.3801154, 0.0253452, , , , , , , 28.3801154, -0.0035248, , , , , , , 28.3801154, -0.0045319, , , , , , , 28.3801154, 0.0048676, , , , , , , , , , , , , , , , , , , , , , , , , , , , 
28.3806346, 0.024506, , , , , , , 28.3806346, -0.0041962, , , , , , , 28.3806346, -0.0023499, , , , , , , 28.3806346, 0.0045319, , , , , , , , , , , , , , , , , , , , , , , , , , , , 
28.3811538, 0.0260166, , , , , , , 28.3811538, -0.0041962, , , , , , , 28.3811538, -0.0015106, , , , , , , 28.3811538, 0.0045319, , , , , , , , , , , , , , , , , , , , , , , , , , , , 
28.3816731, 0.0273594, , , , , , , 28.3816731, -0.0041962, , , , , , , 28.3816731, -0.0015106, , , , , , , 28.3816731, 0.0031891, , , , , , , , , , , , , , , , , , , , , , , , , , , , 
28.3821923, 0.0280308, , , , , , , 28.3821923, -0.0052033, , , , , , , 28.3821923, -0.0048676, , , , , , , 28.3821923, 0.0038605, , , , , , , , , , , , , , , , , , , , , , , , , , , , 
28.3827115, 0.0293736, , , , , , , 28.3827115, -0.0062104, , , , , , , 28.3827115, -0.0070497, , , , , , , 28.3827115, 0.0072175, , , , , , , , , , , , , , , , , , , , , , , , , , , , 
28.3832308, 0.0260166, , , , , , , 28.3832308, -0.0072175, , , , , , , 28.3832308, -0.0036927, , , , , , , 28.3832308, 0.0078889, , , , , , , , , , , , , , , , , , , , , , , , , , , , 
28.38375, 0.017792, , , , , , , 28.38375, -0.0085603, , , , , , , 28.38375, -0.0031891, , , , , , , 28.38375, 0.0078889, , , , , , , , , , , , , , , , , , , , , , , , , , , , 
28.3842692, 0.0124208, , , , , , , 28.3842692, -0.0085603, , , , , , , 28.3842692, -0.0035248, , , , , , , 28.3842692, 0.0078889, , , , , , , , , , , , , , , , , , , , , , , , , , , , 
28.3847885, 0.0159457, , , , , , , 28.3847885, -0.0095674, , , , , , , 28.3847885, -0.0035248, , , , , , , 28.3847885, 0.005539, , , , , , , , , , , , , , , , , , , , , , , , , , , , 
28.3853077, 0.0157778, , , , , , , 28.3853077, -0.0112459, , , , , , , 28.3853077, -0.005539, , , , , , , 28.3853077, 0.0018463, , , , , , , , , , , , , , , , , , , , , , , , , , , , 
28.3858269, 0.01561, , , , , , , 28.3858269, -0.0095674, , , , , , , 28.3858269, -0.0083925, , , , , , , 28.3858269, -0.0016785, , , , , , , , , , , , , , , , , , , , , , , , , , , , 
28.3863462, 0.0209812, , , , , , , 28.3863462, -0.0082246, , , , , , , 28.3863462, -0.0099031, , , , , , , 28.3863462, -0.0041962, , , , , , , , , , , , , , , , , , , , , , , , , , , , 
28.3868654, 0.0236667, , , , , , , 28.3868654, -0.0085603, , , , , , , 28.3868654, -0.0102388, , , , , , , 28.3868654, -0.0048676, , , , , , , , , , , , , , , , , , , , , , , , , , , , 
28.3873846, 0.0226596, , , , , , , 28.3873846, -0.0095674, , , , , , , 28.3873846, -0.0112459, , , , , , , 28.3873846, -0.0052033, , , , , , , , , , , , , , , , , , , , , , , , , , , , 
28.3879038, 0.0182956, , , , , , , 28.3879038, -0.0099031, , , , , , , 28.3879038, -0.0115816, , , , , , , 28.3879038, -0.0038605, , , , , , , , , , , , , , , , , , , , , , , , , , , , 
28.3884231, 0.0146029, , , , , , , 28.3884231, -0.0115816, , , , , , , 28.3884231, -0.0104067, , , , , , , 28.3884231, -0.0005035, , , , , , , , , , , , , , , , , , , , , , , , , , , , 
28.3889423, 0.0154421, , , , , , , 28.3889423, -0.0137636, , , , , , , 28.3889423, -0.0109102, , , , , , , 28.3889423, 0.0038605, , , , , , , , , , , , , , , , , , , , , , , , , , , , 
28.3894615, 0.0159457, , , , , , , 28.3894615, -0.0129244, , , , , , , 28.3894615, -0.011078, , , , , , , 28.3894615, 0.0070497, , , , , , , , , , , , , , , , , , , , , , , , , , , , 
28.3899808, 0.0132601, , , , , , , 28.3899808, -0.0105745, , , , , , , 28.3899808, -0.0112459, , , , , , , 28.3899808, 0.0085603, , , , , , , , , , , , , , , , , , , , , , , , , , , , 
28.3905, 0.0092317, , , , , , , 28.3905, -0.0085603, , , , , , , 28.3905, -0.0115816, , , , , , , 28.3905, 0.0090639, , , , , , , , , , , , , , , , , , , , , , , , , , , , 
28.3910192, 0.0052033, , , , , , , 28.3910192, -0.0082246, , , , , , , 28.3910192, -0.0109102, , , , , , , 28.3910192, 0.011078, , , , , , , , , , , , , , , , , , , , , , , , , , , , 
28.3915385, 0.0001678, , , , , , , 28.3915385, -0.0075532, , , , , , , 28.3915385, -0.0095674, , , , , , , 28.3915385, 0.0174563, , , , , , , , , , , , , , , , , , , , , , , , , , , , 
28.3920577, -0.0038605, , , , , , , 28.3920577, -0.0095674, , , , , , , 28.3920577, -0.0075532, , , , , , , 28.3920577, 0.0226596, , , , , , , , , , , , , , , , , , , , , , , , , , , , 
28.3925769, -0.0058747, , , , , , , 28.3925769, -0.0105745, , , , , , , 28.3925769, -0.0058747, , , , , , , 28.3925769, 0.0260166, , , , , , , , , , , , , , , , , , , , , , , , , , , , 
28.3930962, -0.0105745, , , , , , , 28.3930962, -0.0082246, , , , , , , 28.3930962, -0.0068818, , , , , , , 28.3930962, 0.0283665, , , , , , , , , , , , , , , , , , , , , , , , , , , , 
28.3936154, -0.0129244, , , , , , , 28.3936154, -0.0065461, , , , , , , 28.3936154, -0.0075532, , , , , , , 28.3936154, 0.0307164, , , , , , , , , , , , , , , , , , , , , , , , , , , , 
28.3941346, -0.0139315, , , , , , , 28.3941346, -0.005539, , , , , , , 28.3941346, -0.0062104, , , , , , , 28.3941346, 0.033402, , , , , , , , , , , , , , , , , , , , , , , , , , , , 
28.3946538, -0.010071, , , , , , , 28.3946538, -0.005539, , , , , , , 28.3946538, -0.0045319, , , , , , , 28.3946538, 0.0354162, , , , , , , , , , , , , , , , , , , , , , , , , , , , 
28.3951731, -0.0072175, , , , , , , 28.3951731, -0.0072175, , , , , , , 28.3951731, -0.0025177, , , , , , , 28.3951731, 0.0313878, , , , , , , , , , , , , , , , , , , , , , , , , , , , 
28.3956923, -0.0048676, , , , , , , 28.3956923, -0.0090639, , , , , , , 28.3956923, -0.0038605, , , , , , , 28.3956923, 0.0229953, , , , , , , , , , , , , , , , , , , , , , , , , , , , 
28.3962115, 0.0025177, , , , , , , 28.3962115, -0.0095674, , , , , , , 28.3962115, -0.0072175, , , , , , , 28.3962115, 0.0193027, , , , , , , , , , , , , , , , , , , , , , , , , , , , 
28.3967308, 0.0078889, , , , , , , 28.3967308, -0.0092317, , , , , , , 28.3967308, -0.0092317, , , , , , , 28.3967308, 0.0182956, , , , , , , , , , , , , , , , , , , , , , , , , , , , 
28.39725, 0.0060426, , , , , , , 28.39725, -0.0109102, , , , , , , 28.39725, -0.0078889, , , , , , , 28.39725, 0.0166171, , , , , , , , , , , , , , , , , , , , , , , , , , , , 
28.3977692, 0.0072175, , , , , , , 28.3977692, -0.0115816, , , , , , , 28.3977692, -0.0082246, , , , , , , 28.3977692, 0.01561, , , , , , , , , , , , , , , , , , , , , , , , , , , , 
28.3982885, 0.0129244, , , , , , , 28.3982885, -0.0099031, , , , , , , 28.3982885, -0.0082246, , , , , , , 28.3982885, 0.0149386, , , , , , , , , , , , , , , , , , , , , , , , , , , , 
28.3988077, 0.0154421, , , , , , , 28.3988077, -0.0068818, , , , , , , 28.3988077, -0.0102388, , , , , , , 28.3988077, 0.0132601, , , , , , , , , , , , , , , , , , , , , , , , , , , , 
28.3993269, 0.018967, , , , , , , 28.3993269, -0.0068818, , , , , , , 28.3993269, -0.0109102, , , , , , , 28.3993269, 0.0112459, , , , , , , , , , , , , , , , , , , , , , , , , , , , 
28.3998462, 0.0218204, , , , , , , 28.3998462, -0.0082246, , , , , , , 28.3998462, -0.0102388, , , , , , , 28.3998462, 0.0099031, , , , , , , , , , , , , , , , , , , , , , , , , , , , 
28.4003654, 0.0213169, , , , , , , 28.4003654, -0.0085603, , , , , , , 28.4003654, -0.0099031, , , , , , , 28.4003654, 0.0085603, , , , , , , , , , , , , , , , , , , , , , , , , , , , 
28.4008846, 0.0193027, , , , , , , 28.4008846, -0.0085603, , , , , , , 28.4008846, -0.008896, , , , , , , 28.4008846, 0.0078889, , , , , , , , , , , , , , , , , , , , , , , , , , , , 
28.4014038, 0.0159457, , , , , , , 28.4014038, -0.008896, , , , , , , 28.4014038, -0.0075532, , , , , , , 28.4014038, 0.0078889, , , , , , , , , , , , , , , , , , , , , , , , , , , , 
28.4019231, 0.0132601, , , , , , , 28.4019231, -0.0082246, , , , , , , 28.4019231, -0.008896, , , , , , , 28.4019231, 0.0075532, , , , , , , , , , , , , , , , , , , , , , , , , , , , 
28.4024423, 0.0099031, , , , , , , 28.4024423, -0.0085603, , , , , , , 28.4024423, -0.0115816, , , , , , , 28.4024423, 0.0065461, , , , , , , , , , , , , , , , , , , , , , , , , , , , 
28.4029615, 0.0072175, , , , , , , 28.4029615, -0.008896, , , , , , , 28.4029615, -0.0129244, , , , , , , 28.4029615, 0.0078889, , , , , , , , , , , , , , , , , , , , , , , , , , , , 
28.4034808, 0.0095674, , , , , , , 28.4034808, -0.0082246, , , , , , , 28.4034808, -0.0117494, , , , , , , 28.4034808, 0.0075532, , , , , , , , , , , , , , , , , , , , , , , , , , , , 
28.404, 0.0142672, , , , , , , 28.404, -0.0062104, , , , , , , 28.404, -0.0095674, , , , , , , 28.404, 0.0057069, , , , , , , , , , , , , , , , , , , , , , , , , , , , 
28.4045192, 0.0166171, , , , , , , 28.4045192, -0.0063783, , , , , , , 28.4045192, -0.0082246, , , , , , , 28.4045192, 0.0003357, , , , , , , , , , , , , , , , , , , , , , , , , , , , 
28.4050385, 0.0184634, , , , , , , 28.4050385, -0.0068818, , , , , , , 28.4050385, -0.0095674, , , , , , , 28.4050385, -0.0078889, , , , , , , , , , , , , , , , , , , , , , , , , , , , 
28.4055577, 0.0213169, , , , , , , 28.4055577, -0.0060426, , , , , , , 28.4055577, -0.0112459, , , , , , , 28.4055577, -0.0149386, , , , , , , , , , , , , , , , , , , , , , , , , , , , 
28.4060769, 0.026688, , , , , , , 28.4060769, -0.005539, , , , , , , 28.4060769, -0.0119173, , , , , , , 28.4060769, -0.0166171, , , , , , , , , , , , , , , , , , , , , , , , , , , , 
28.4065962, 0.0285344, , , , , , , 28.4065962, -0.0060426, , , , , , , 28.4065962, -0.0119173, , , , , , , 28.4065962, -0.0152743, , , , , , , , , , , , , , , , , , , , , , , , , , , , 
28.4071154, 0.0280308, , , , , , , 28.4071154, -0.005539, , , , , , , 28.4071154, -0.012253, , , , , , , 28.4071154, -0.0142672, , , , , , , , , , , , , , , , , , , , , , , , , , , , 
28.4076346, 0.0298772, , , , , , , 28.4076346, -0.0040284, , , , , , , 28.4076346, -0.0109102, , , , , , , 28.4076346, -0.0137636, , , , , , , , , , , , , , , , , , , , , , , , , , , , 
28.4081538, 0.030045, , , , , , , 28.4081538, -0.0031891, , , , , , , 28.4081538, -0.0095674, , , , , , , 28.4081538, -0.0109102, , , , , , , , , , , , , , , , , , , , , , , , , , , , 
28.4086731, 0.0280308, , , , , , , 28.4086731, -0.0035248, , , , , , , 28.4086731, -0.008896, , , , , , , 28.4086731, -0.0068818, , , , , , , , , , , , , , , , , , , , , , , , , , , , 
28.4091923, 0.0236667, , , , , , , 28.4091923, -0.0043641, , , , , , , 28.4091923, -0.0095674, , , , , , , 28.4091923, -0.002182, , , , , , , , , , , , , , , , , , , , , , , , , , , , 
28.4097115, 0.0193027, , , , , , , 28.4097115, -0.0062104, , , , , , , 28.4097115, -0.0099031, , , , , , , 28.4097115, 0.0028534, , , , , , , , , , , , , , , , , , , , , , , , , , , , 
28.4102308, 0.0176242, , , , , , , 28.4102308, -0.0058747, , , , , , , 28.4102308, -0.0092317, , , , , , , 28.4102308, 0.0075532, , , , , , , , , , , , , , , , , , , , , , , , , , , , 
28.41075, 0.0166171, , , , , , , 28.41075, -0.0058747, , , , , , , 28.41075, -0.0078889, , , , , , , 28.41075, 0.0142672, , , , , , , , , , , , , , , , , , , , , , , , , , , , 
28.4112692, 0.0135958, , , , , , , 28.4112692, -0.005539, , , , , , , 28.4112692, -0.0063783, , , , , , , 28.4112692, 0.0226596, , , , , , , , , , , , , , , , , , , , , , , , , , , , 
28.4117885, 0.0090639, , , , , , , 28.4117885, -0.0043641, , , , , , , 28.4117885, -0.0045319, , , , , , , 28.4117885, 0.027863, , , , , , , , , , , , , , , , , , , , , , , , , , , , 
28.4123077, 0.0052033, , , , , , , 28.4123077, -0.0036927, , , , , , , 28.4123077, -0.0025177, , , , , , , 28.4123077, 0.0302129, , , , , , , , , , , , , , , , , , , , , , , , , , , , 
28.4128269, 0.0005035, , , , , , , 28.4128269, -0.0038605, , , , , , , 28.4128269, -0.0023499, , , , , , , 28.4128269, 0.0330663, , , , , , , , , , , , , , , , , , , , , , , , , , , , 
28.4133462, -0.0018463, , , , , , , 28.4133462, -0.0052033, , , , , , , 28.4133462, -0.002182, , , , , , , 28.4133462, 0.0369268, , , , , , , , , , , , , , , , , , , , , , , , , , , , 
28.4138654, -0.003357, , , , , , , 28.4138654, -0.0082246, , , , , , , 28.4138654, -0.0016785, , , , , , , 28.4138654, 0.0374304, , , , , , , , , , , , , , , , , , , , , , , , , , , , 
28.4143846, -0.0068818, , , , , , , 28.4143846, -0.0085603, , , , , , , 28.4143846, -0.0035248, , , , , , , 28.4143846, 0.0354162, , , , , , , , , , , , , , , , , , , , , , , , , , , , 
28.4149038, -0.0046998, , , , , , , 28.4149038, -0.0082246, , , , , , , 28.4149038, -0.0048676, , , , , , , 28.4149038, 0.030045, , , , , , , , , , , , , , , , , , , , , , , , , , , , 
28.4154231, -0.0015106, , , , , , , 28.4154231, -0.0090639, , , , , , , 28.4154231, -0.0038605, , , , , , , 28.4154231, 0.0260166, , , , , , , , , , , , , , , , , , , , , , , , , , , , 
28.4159423, 0.0025177, , , , , , , 28.4159423, -0.0095674, , , , , , , 28.4159423, -0.0041962, , , , , , , 28.4159423, 0.0240024, , , , , , , , , , , , , , , , , , , , , , , , , , , , 
28.4164615, 0.0092317, , , , , , , 28.4164615, -0.0085603, , , , , , , 28.4164615, -0.0062104, , , , , , , 28.4164615, 0.0193027, , , , , , , , , , , , , , , , , , , , , , , , , , , , 
28.4169808, 0.0129244, , , , , , , 28.4169808, -0.0075532, , , , , , , 28.4169808, -0.0085603, , , , , , , 28.4169808, 0.0135958, , , , , , , , , , , , , , , , , , , , , , , , , , , , 
28.4175, 0.01561, , , , , , , 28.4175, -0.0077211, , , , , , , 28.4175, -0.0115816, , , , , , , 28.4175, 0.0082246, , , , , , , , , , , , , , , , , , , , , , , , , , , , 
28.4180192, 0.0176242, , , , , , , 28.4180192, -0.0072175, , , , , , , 28.4180192, -0.0135958, , , , , , , 28.4180192, 0.0038605, , , , , , , , , , , , , , , , , , , , , , , , , , , , 
28.4185385, 0.0193027, , , , , , , 28.4185385, -0.0058747, , , , , , , 28.4185385, -0.012253, , , , , , , 28.4185385, 0.0018463, , , , , , , , , , , , , , , , , , , , , , , , , , , , 
28.4190577, 0.0229953, , , , , , , 28.4190577, -0.0062104, , , , , , , 28.4190577, -0.0102388, , , , , , , 28.4190577, 0.0018463, , , , , , , , , , , , , , , , , , , , , , , , , , , , 
28.4195769, 0.0209812, , , , , , , 28.4195769, -0.0077211, , , , , , , 28.4195769, -0.0087282, , , , , , , 28.4195769, 0.0038605, , , , , , , , , , , , , , , , , , , , , , , , , , , , 
28.4200962, 0.0172885, , , , , , , 28.4200962, -0.0095674, , , , , , , 28.4200962, -0.0072175, , , , , , , 28.4200962, 0.0065461, , , , , , , , , , , , , , , , , , , , , , , , , , , , 
28.4206154, 0.0206455, , , , , , , 28.4206154, -0.0105745, , , , , , , 28.4206154, -0.0068818, , , , , , , 28.4206154, 0.0078889, , , , , , , , , , , , , , , , , , , , , , , , , , , , 
28.4211346, 0.0216526, , , , , , , 28.4211346, -0.0112459, , , , , , , 28.4211346, -0.0078889, , , , , , , 28.4211346, 0.0105745, , , , , , , , , , , , , , , , , , , , , , , , , , , , 
28.4216538, 0.0166171, , , , , , , 28.4216538, -0.0092317, , , , , , , 28.4216538, -0.0070497, , , , , , , 28.4216538, 0.011078, , , , , , , , , , , , , , , , , , , , , , , , , , , , 
28.4221731, 0.0129244, , , , , , , 28.4221731, -0.0090639, , , , , , , 28.4221731, -0.0068818, , , , , , , 28.4221731, 0.0104067, , , , , , , , , , , , , , , , , , , , , , , , , , , , 
28.4226923, 0.0125887, , , , , , , 28.4226923, -0.0117494, , , , , , , 28.4226923, -0.0068818, , , , , , , 28.4226923, 0.0099031, , , , , , , , , , , , , , , , , , , , , , , , , , , , 
28.4232115, 0.0132601, , , , , , , 28.4232115, -0.012253, , , , , , , 28.4232115, -0.0058747, , , , , , , 28.4232115, 0.0109102, , , , , , , , , , , , , , , , , , , , , , , , , , , , 
28.4237308, 0.0162814, , , , , , , 28.4237308, -0.0115816, , , , , , , 28.4237308, -0.0048676, , , , , , , 28.4237308, 0.0129244, , , , , , , , , , , , , , , , , , , , , , , , , , , , 
28.42425, 0.0206455, , , , , , , 28.42425, -0.0109102, , , , , , , 28.42425, -0.0062104, , , , , , , 28.42425, 0.0162814, , , , , , , , , , , , , , , , , , , , , , , , , , , , 
28.4247692, 0.0253452, , , , , , , 28.4247692, -0.0105745, , , , , , , 28.4247692, -0.008896, , , , , , , 28.4247692, 0.0172885, , , , , , , , , , , , , , , , , , , , , , , , , , , , 
28.4252885, 0.0327306, , , , , , , 28.4252885, -0.0095674, , , , , , , 28.4252885, -0.0109102, , , , , , , 28.4252885, 0.0129244, , , , , , , , , , , , , , , , , , , , , , , , , , , , 
28.4258077, 0.0332341, , , , , , , 28.4258077, -0.0092317, , , , , , , 28.4258077, -0.0129244, , , , , , , 28.4258077, 0.008896, , , , , , , , , , , , , , , , , , , , , , , , , , , , 
28.4263269, 0.0310521, , , , , , , 28.4263269, -0.0092317, , , , , , , 28.4263269, -0.0129244, , , , , , , 28.4263269, 0.0085603, , , , , , , , , , , , , , , , , , , , , , , , , , , , 
28.4268462, 0.0298772, , , , , , , 28.4268462, -0.0082246, , , , , , , 28.4268462, -0.012253, , , , , , , 28.4268462, 0.0085603, , , , , , , , , , , , , , , , , , , , , , , , , , , , 
28.4273654, 0.0263523, , , , , , , 28.4273654, -0.008896, , , , , , , 28.4273654, -0.0129244, , , , , , , 28.4273654, 0.0085603, , , , , , , , , , , , , , , , , , , , , , , , , , , , 
28.4278846, 0.0253452, , , , , , , 28.4278846, -0.0082246, , , , , , , 28.4278846, -0.012253, , , , , , , 28.4278846, 0.0085603, , , , , , , , , , , , , , , , , , , , , , , , , , , , 
28.4284038, 0.0216526, , , , , , , 28.4284038, -0.0062104, , , , , , , 28.4284038, -0.0117494, , , , , , , 28.4284038, 0.0092317, , , , , , , , , , , , , , , , , , , , , , , , , , , , 
28.4289231, 0.01561, , , , , , , 28.4289231, -0.0062104, , , , , , , 28.4289231, -0.0115816, , , , , , , 28.4289231, 0.0112459, , , , , , , , , , , , , , , , , , , , , , , , , , , , 
28.4294423, 0.0159457, , , , , , , 28.4294423, -0.0062104, , , , , , , 28.4294423, -0.0109102, , , , , , , 28.4294423, 0.0149386, , , , , , , , , , , , , , , , , , , , , , , , , , , , 
28.4299615, 0.0196384, , , , , , , 28.4299615, -0.0063783, , , , , , , 28.4299615, -0.0099031, , , , , , , 28.4299615, 0.0176242, , , , , , , , , , , , , , , , , , , , , , , , , , , , 
28.4304808, 0.0182956, , , , , , , 28.4304808, -0.0085603, , , , , , , 28.4304808, -0.0097353, , , , , , , 28.4304808, 0.0179599, , , , , , , , , , , , , , , , , , , , , , , , , , , , 
28.431, 0.0119173, , , , , , , 28.431, -0.008896, , , , , , , 28.431, -0.0109102, , , , , , , 28.431, 0.018967, , , , , , , , , , , , , , , , , , , , , , , , , , , , 
28.4315192, 0.0052033, , , , , , , 28.4315192, -0.0082246, , , , , , , 28.4315192, -0.0105745, , , , , , , 28.4315192, 0.0213169, , , , , , , , , , , , , , , , , , , , , , , , , , , , 
28.4320385, 0.0041962, , , , , , , 28.4320385, -0.0082246, , , , , , , 28.4320385, -0.0082246, , , , , , , 28.4320385, 0.023331, , , , , , , , , , , , , , , , , , , , , , , , , , , , 
28.4325577, 0.0008392, , , , , , , 28.4325577, -0.0078889, , , , , , , 28.4325577, -0.0068818, , , , , , , 28.4325577, 0.0219883, , , , , , , , , , , , , , , , , , , , , , , , , , , , 
28.4330769, -0.0023499, , , , , , , 28.4330769, -0.0077211, , , , , , , 28.4330769, -0.0052033, , , , , , , 28.4330769, 0.0216526, , , , , , , , , , , , , , , , , , , , , , , , , , , , 
28.4335962, -0.0046998, , , , , , , 28.4335962, -0.0092317, , , , , , , 28.4335962, -0.0028534, , , , , , , 28.4335962, 0.0238346, , , , , , , , , , , , , , , , , , , , , , , , , , , , 
28.4341154, -0.008896, , , , , , , 28.4341154, -0.0085603, , , , , , , 28.4341154, -0.0041962, , , , , , , 28.4341154, 0.0276951, , , , , , , , , , , , , , , , , , , , , , , , , , , , 
28.4346346, -0.0109102, , , , , , , 28.4346346, -0.0068818, , , , , , , 28.4346346, -0.0065461, , , , , , , 28.4346346, 0.0290379, , , , , , , , , , , , , , , , , , , , , , , , , , , , 
28.4351538, -0.005539, , , , , , , 28.4351538, -0.0083925, , , , , , , 28.4351538, -0.005539, , , , , , , 28.4351538, 0.0250095, , , , , , , , , , , , , , , , , , , , , , , , , , , , 
28.4356731, -0.0001678, , , , , , , 28.4356731, -0.0097353, , , , , , , 28.4356731, -0.0031891, , , , , , , 28.4356731, 0.0166171, , , , , , , , , , , , , , , , , , , , , , , , , , , , 
28.4361923, 0.0063783, , , , , , , 28.4361923, -0.0092317, , , , , , , 28.4361923, -0.0045319, , , , , , , 28.4361923, 0.0115816, , , , , , , , , , , , , , , , , , , , , , , , , , , , 
28.4367115, 0.0112459, , , , , , , 28.4367115, -0.0092317, , , , , , , 28.4367115, -0.0057069, , , , , , , 28.4367115, 0.0102388, , , , , , , , , , , , , , , , , , , , , , , , , , , , 
28.4372308, 0.0135958, , , , , , , 28.4372308, -0.0092317, , , , , , , 28.4372308, -0.005539, , , , , , , 28.4372308, 0.0099031, , , , , , , , , , , , , , , , , , , , , , , , , , , , 
28.43775, 0.0135958, , , , , , , 28.43775, -0.0097353, , , , , , , 28.43775, -0.0045319, , , , , , , 28.43775, 0.0104067, , , , , , , , , , , , , , , , , , , , , , , , , , , , 
28.4382692, 0.0166171, , , , , , , 28.4382692, -0.008896, , , , , , , 28.4382692, -0.0052033, , , , , , , 28.4382692, 0.0102388, , , , , , , , , , , , , , , , , , , , , , , , , , , , 
28.4387885, 0.0223239, , , , , , , 28.4387885, -0.0068818, , , , , , , 28.4387885, -0.0052033, , , , , , , 28.4387885, 0.0070497, , , , , , , , , , , , , , , , , , , , , , , , , , , , 
28.4393077, 0.0184634, , , , , , , 28.4393077, -0.0048676, , , , , , , 28.4393077, -0.0052033, , , , , , , 28.4393077, 0.0062104, , , , , , , , , , , , , , , , , , , , , , , , , , , , 
28.4398269, 0.0130922, , , , , , , 28.4398269, -0.0031891, , , , , , , 28.4398269, -0.0058747, , , , , , , 28.4398269, 0.0080568, , , , , , , , , , , , , , , , , , , , , , , , , , , , 
28.4403462, 0.011078, , , , , , , 28.4403462, -0.0035248, , , , , , , 28.4403462, -0.0068818, , , , , , , 28.4403462, 0.0092317, , , , , , , , , , , , , , , , , , , , , , , , , , , , 
28.4408654, 0.0099031, , , , , , , 28.4408654, -0.0041962, , , , , , , 28.4408654, -0.0075532, , , , , , , 28.4408654, 0.0102388, , , , , , , , , , , , , , , , , , , , , , , , , , , , 
28.4413846, 0.0112459, , , , , , , 28.4413846, -0.005539, , , , , , , 28.4413846, -0.0075532, , , , , , , 28.4413846, 0.0114137, , , , , , , , , , , , , , , , , , , , , , , , , , , , 
28.4419038, 0.0125887, , , , , , , 28.4419038, -0.0077211, , , , , , , 28.4419038, -0.0078889, , , , , , , 28.4419038, 0.0095674, , , , , , , , , , , , , , , , , , , , , , , , , , , , 
28.4424231, 0.0129244, , , , , , , 28.4424231, -0.0082246, , , , , , , 28.4424231, -0.0077211, , , , , , , 28.4424231, 0.0099031, , , , , , , , , , , , , , , , , , , , , , , , , , , , 
28.4429423, 0.0125887, , , , , , , 28.4429423, -0.0082246, , , , , , , 28.4429423, -0.0052033, , , , , , , 28.4429423, 0.0125887, , , , , , , , , , , , , , , , , , , , , , , , , , , , 
28.4434615, 0.012253, , , , , , , 28.4434615, -0.0070497, , , , , , , 28.4434615, -0.0028534, , , , , , , 28.4434615, 0.0146029, , , , , , , , , , , , , , , , , , , , , , , , , , , , 
28.4439808, 0.0115816, , , , , , , 28.4439808, -0.0068818, , , , , , , 28.4439808, -0.002182, , , , , , , 28.4439808, 0.0146029, , , , , , , , , , , , , , , , , , , , , , , , , , , , 
28.4445, 0.0125887, , , , , , , 28.4445, -0.0077211, , , , , , , 28.4445, -0.0036927, , , , , , , 28.4445, 0.0139315, , , , , , , , , , , , , , , , , , , , , , , , , , , , 
28.4450192, 0.0142672, , , , , , , 28.4450192, -0.0068818, , , , , , , 28.4450192, -0.0048676, , , , , , , 28.4450192, 0.0115816, , , , , , , , , , , , , , , , , , , , , , , , , , , , 
28.4455385, 0.01561, , , , , , , 28.4455385, -0.005539, , , , , , , 28.4455385, -0.0041962, , , , , , , 28.4455385, 0.0092317, , , , , , , , , , , , , , , , , , , , , , , , , , , , 
28.4460577, 0.0166171, , , , , , , 28.4460577, -0.0062104, , , , , , , 28.4460577, -0.0038605, , , , , , , 28.4460577, 0.0068818, , , , , , , , , , , , , , , , , , , , , , , , , , , , 
28.4465769, 0.0191348, , , , , , , 28.4465769, -0.005539, , , , , , , 28.4465769, -0.005539, , , , , , , 28.4465769, 0.0043641, , , , , , , , , , , , , , , , , , , , , , , , , , , , 
28.4470962, 0.0213169, , , , , , , 28.4470962, -0.0048676, , , , , , , 28.4470962, -0.0078889, , , , , , , 28.4470962, 0.0020142, , , , , , , , , , , , , , , , , , , , , , , , , , , , 
28.4476154, 0.0219883, , , , , , , 28.4476154, -0.0062104, , , , , , , 28.4476154, -0.008896, , , , , , , 28.4476154, 0.0003357, , , , , , , , , , , , , , , , , , , , , , , , , , , , 
28.4481346, 0.0253452, , , , , , , 28.4481346, -0.0085603, , , , , , , 28.4481346, -0.0085603, , , , , , , 28.4481346, 0.0018463, , , , , , , , , , , , , , , , , , , , , , , , , , , , 
28.4486538, 0.0280308, , , , , , , 28.4486538, -0.0109102, , , , , , , 28.4486538, -0.0075532, , , , , , , 28.4486538, 0.0072175, , , , , , , , , , , , , , , , , , , , , , , , , , , , 
28.4491731, 0.0226596, , , , , , , 28.4491731, -0.0115816, , , , , , , 28.4491731, -0.0068818, , , , , , , 28.4491731, 0.0119173, , , , , , , , , , , , , , , , , , , , , , , , , , , , 
28.4496923, 0.0169528, , , , , , , 28.4496923, -0.012253, , , , , , , 28.4496923, -0.0062104, , , , , , , 28.4496923, 0.0149386, , , , , , , , , , , , , , , , , , , , , , , , , , , , 
28.4502115, 0.0139315, , , , , , , 28.4502115, -0.0112459, , , , , , , 28.4502115, -0.0078889, , , , , , , 28.4502115, 0.0142672, , , , , , , , , , , , , , , , , , , , , , , , , , , , 
28.4507308, 0.012253, , , , , , , 28.4507308, -0.0104067, , , , , , , 28.4507308, -0.0102388, , , , , , , 28.4507308, 0.0159457, , , , , , , , , , , , , , , , , , , , , , , , , , , , 
28.45125, 0.012253, , , , , , , 28.45125, -0.0102388, , , , , , , 28.45125, -0.0119173, , , , , , , 28.45125, 0.0203098, , , , , , , , , , , , , , , , , , , , , , , , , , , , 
28.4517692, 0.0151064, , , , , , , 28.4517692, -0.0095674, , , , , , , 28.4517692, -0.0104067, , , , , , , 28.4517692, 0.023331, , , , , , , , , , , , , , , , , , , , , , , , , , , , 
28.4522885, 0.0172885, , , , , , , 28.4522885, -0.0082246, , , , , , , 28.4522885, -0.0058747, , , , , , , 28.4522885, 0.0236667, , , , , , , , , , , , , , , , , , , , , , , , , , , , 
28.4528077, 0.0115816, , , , , , , 28.4528077, -0.0085603, , , , , , , 28.4528077, -0.0050355, , , , , , , 28.4528077, 0.0240024, , , , , , , , , , , , , , , , , , , , , , , , , , , , 
28.4533269, 0.005539, , , , , , , 28.4533269, -0.0082246, , , , , , , 28.4533269, -0.0060426, , , , , , , 28.4533269, 0.0250095, , , , , , , , , , , , , , , , , , , , , , , , , , , , 
28.4538462, 0.0062104, , , , , , , 28.4538462, -0.0068818, , , , , , , 28.4538462, -0.0050355, , , , , , , 28.4538462, 0.0256809, , , , , , , , , , , , , , , , , , , , , , , , , , , , 
28.4543654, 0.0057069, , , , , , , 28.4543654, -0.0065461, , , , , , , 28.4543654, -0.0035248, , , , , , , 28.4543654, 0.0285344, , , , , , , , , , , , , , , , , , , , , , , , , , , , 
28.4548846, 0.0045319, , , , , , , 28.4548846, -0.0065461, , , , , , , 28.4548846, -0.0036927, , , , , , , 28.4548846, 0.0290379, , , , , , , , , , , , , , , , , , , , , , , , , , , , 
28.4554038, 0.0045319, , , , , , , 28.4554038, -0.0075532, , , , , , , 28.4554038, -0.0028534, , , , , , , 28.4554038, 0.0246738, , , , , , , , , , , , , , , , , , , , , , , , , , , , 
28.4559231, 0.0041962, , , , , , , 28.4559231, -0.0082246, , , , , , , 28.4559231, -0.0015106, , , , , , , 28.4559231, 0.0182956, , , , , , , , , , , , , , , , , , , , , , , , , , , , 
28.4564423, 0.0063783, , , , , , , 28.4564423, -0.008896, , , , , , , 28.4564423, -0.002182, , , , , , , 28.4564423, 0.0129244, , , , , , , , , , , , , , , , , , , , , , , , , , , , 
28.4569615, 0.0070497, , , , , , , 28.4569615, -0.0082246, , , , , , , 28.4569615, -0.005539, , , , , , , 28.4569615, 0.0102388, , , , , , , , , , , , , , , , , , , , , , , , , , , , 
28.4574808, 0.0072175, , , , , , , 28.4574808, -0.0048676, , , , , , , 28.4574808, -0.0099031, , , , , , , 28.4574808, 0.0072175, , , , , , , , , , , , , , , , , , , , , , , , , , , , 
28.458, 0.0078889, , , , , , , 28.458, -0.0015106, , , , , , , 28.458, -0.0102388, , , , , , , 28.458, 0.0031891, , , , , , , , , , , , , , , , , , , , , , , , , , , , 
28.4585192, 0.008896, , , , , , , 28.4585192, -0.0018463, , , , , , , 28.4585192, -0.0095674, , , , , , , 28.4585192, 0.0016785, , , , , , , , , , , , , , , , , , , , , , , , , , , , 
28.4590385, 0.0105745, , , , , , , 28.4590385, -0.0041962, , , , , , , 28.4590385, -0.0077211, , , , , , , 28.4590385, 0.0045319, , , , , , , , , , , , , , , , , , , , , , , , , , , , 
28.4595577, 0.0140993, , , , , , , 28.4595577, -0.0041962, , , , , , , 28.4595577, -0.0075532, , , , , , , 28.4595577, 0.0077211, , , , , , , , , , , , , , , , , , , , , , , , , , , , 
28.4600769, 0.0146029, , , , , , , 28.4600769, -0.0050355, , , , , , , 28.4600769, -0.0099031, , , , , , , 28.4600769, 0.0072175, , , , , , , , , , , , , , , , , , , , , , , , , , , , 
28.4605962, 0.0119173, , , , , , , 28.4605962, -0.0072175, , , , , , , 28.4605962, -0.0109102, , , , , , , 28.4605962, 0.0085603, , , , , , , , , , , , , , , , , , , , , , , , , , , , 
28.4611154, 0.011078, , , , , , , 28.4611154, -0.0077211, , , , , , , 28.4611154, -0.0102388, , , , , , , 28.4611154, 0.0092317, , , , , , , , , , , , , , , , , , , , , , , , , , , , 
28.4616346, 0.0097353, , , , , , , 28.4616346, -0.0075532, , , , , , , 28.4616346, -0.0099031, , , , , , , 28.4616346, 0.0090639, , , , , , , , , , , , , , , , , , , , , , , , , , , , 
28.4621538, 0.011078, , , , , , , 28.4621538, -0.0092317, , , , , , , 28.4621538, -0.0095674, , , , , , , 28.4621538, 0.0065461, , , , , , , , , , , , , , , , , , , , , , , , , , , , 
28.4626731, 0.0193027, , , , , , , 28.4626731, -0.0099031, , , , , , , 28.4626731, -0.0083925, , , , , , , 28.4626731, 0.0065461, , , , , , , , , , , , , , , , , , , , , , , , , , , , 
28.4631923, 0.0265202, , , , , , , 28.4631923, -0.0082246, , , , , , , 28.4631923, -0.0082246, , , , , , , 28.4631923, 0.0078889, , , , , , , , , , , , , , , , , , , , , , , , , , , , 
28.4637115, 0.0271916, , , , , , , 28.4637115, -0.0065461, , , , , , , 28.4637115, -0.0083925, , , , , , , 28.4637115, 0.0092317, , , , , , , , , , , , , , , , , , , , , , , , , , , , 
28.4642308, 0.0246738, , , , , , , 28.4642308, -0.0062104, , , , , , , 28.4642308, -0.0078889, , , , , , , 28.4642308, 0.0102388, , , , , , , , , , , , , , , , , , , , , , , , , , , , 
28.46475, 0.0253452, , , , , , , 28.46475, -0.0082246, , , , , , , 28.46475, -0.0075532, , , , , , , 28.46475, 0.0092317, , , , , , , , , , , , , , , , , , , , , , , , , , , , 
28.4652692, 0.0276951, , , , , , , 28.4652692, -0.0085603, , , , , , , 28.4652692, -0.0082246, , , , , , , 28.4652692, 0.0052033, , , , , , , , , , , , , , , , , , , , , , , , , , , , 
28.4657885, 0.0313878, , , , , , , 28.4657885, -0.008896, , , , , , , 28.4657885, -0.0095674, , , , , , , 28.4657885, 0.0005035, , , , , , , , , , , , , , , , , , , , , , , , , , , , 
28.4663077, 0.0290379, , , , , , , 28.4663077, -0.0102388, , , , , , , 28.4663077, -0.0104067, , , , , , , 28.4663077, 0.0005035, , , , , , , , , , , , , , , , , , , , , , , , , , , , 
28.4668269, 0.0246738, , , , , , , 28.4668269, -0.0112459, , , , , , , 28.4668269, -0.0102388, , , , , , , 28.4668269, 0.0015106, , , , , , , , , , , , , , , , , , , , , , , , , , , , 
28.4673462, 0.0243381, , , , , , , 28.4673462, -0.0099031, , , , , , , 28.4673462, -0.0115816, , , , , , , 28.4673462, 0.0015106, , , , , , , , , , , , , , , , , , , , , , , , , , , , 
28.4678654, 0.0199741, , , , , , , 28.4678654, -0.0085603, , , , , , , 28.4678654, -0.0127565, , , , , , , 28.4678654, 0.0011749, , , , , , , , , , , , , , , , , , , , , , , , , , , , 
28.4683846, 0.0159457, , , , , , , 28.4683846, -0.0082246, , , , , , , 28.4683846, -0.0132601, , , , , , , 28.4683846, 0.0031891, , , , , , , , , , , , , , , , , , , , , , , , , , , , 
28.4689038, 0.0176242, , , , , , , 28.4689038, -0.0072175, , , , , , , 28.4689038, -0.0125887, , , , , , , 28.4689038, 0.0041962, , , , , , , , , , , , , , , , , , , , , , , , , , , , 
28.4694231, 0.0182956, , , , , , , 28.4694231, -0.0058747, , , , , , , 28.4694231, -0.0115816, , , , , , , 28.4694231, 0.0068818, , , , , , , , , , , , , , , , , , , , , , , , , , , , 
28.4699423, 0.0146029, , , , , , , 28.4699423, -0.0057069, , , , , , , 28.4699423, -0.0115816, , , , , , , 28.4699423, 0.0105745, , , , , , , , , , , , , , , , , , , , , , , , , , , , 
28.4704615, 0.0125887, , , , , , , 28.4704615, -0.0062104, , , , , , , 28.4704615, -0.0129244, , , , , , , 28.4704615, 0.0146029, , , , , , , , , , , , , , , , , , , , , , , , , , , , 
28.4709808, 0.0142672, , , , , , , 28.4709808, -0.0075532, , , , , , , 28.4709808, -0.0109102, , , , , , , 28.4709808, 0.0182956, , , , , , , , , , , , , , , , , , , , , , , , , , , , 
28.4715, 0.0124208, , , , , , , 28.4715, -0.0092317, , , , , , , 28.4715, -0.0085603, , , , , , , 28.4715, 0.0209812, , , , , , , , , , , , , , , , , , , , , , , , , , , , 
28.4720192, 0.0078889, , , , , , , 28.4720192, -0.0082246, , , , , , , 28.4720192, -0.0068818, , , , , , , 28.4720192, 0.0229953, , , , , , , , , , , , , , , , , , , , , , , , , , , , 
28.4725385, 0.0052033, , , , , , , 28.4725385, -0.0068818, , , , , , , 28.4725385, -0.005539, , , , , , , 28.4725385, 0.0253452, , , , , , , , , , , , , , , , , , , , , , , , , , , , 
28.4730577, 0.0016785, , , , , , , 28.4730577, -0.0058747, , , , , , , 28.4730577, -0.0072175, , , , , , , 28.4730577, 0.0253452, , , , , , , , , , , , , , , , , , , , , , , , , , , , 
28.4735769, -0.0031891, , , , , , , 28.4735769, -0.0068818, , , , , , , 28.4735769, -0.0082246, , , , , , , 28.4735769, 0.0253452, , , , , , , , , , , , , , , , , , , , , , , , , , , , 
28.4740962, -0.0031891, , , , , , , 28.4740962, -0.0065461, , , , , , , 28.4740962, -0.0068818, , , , , , , 28.4740962, 0.0280308, , , , , , , , , , , , , , , , , , , , , , , , , , , , 
28.4746154, 0.0018463, , , , , , , 28.4746154, -0.005539, , , , , , , 28.4746154, -0.0041962, , , , , , , 28.4746154, 0.030045, , , , , , , , , , , , , , , , , , , , , , , , , , , , 
28.4751346, 0.0092317, , , , , , , 28.4751346, -0.0048676, , , , , , , 28.4751346, -0.0041962, , , , , , , 28.4751346, 0.0290379, , , , , , , , , , , , , , , , , , , , , , , , , , , , 
28.4756538, 0.0142672, , , , , , , 28.4756538, -0.0045319, , , , , , , 28.4756538, -0.005539, , , , , , , 28.4756538, 0.0273594, , , , , , , , , , , , , , , , , , , , , , , , , , , , 
28.4761731, 0.0203098, , , , , , , 28.4761731, -0.0043641, , , , , , , 28.4761731, -0.0070497, , , , , , , 28.4761731, 0.0260166, , , , , , , , , , , , , , , , , , , , , , , , , , , , 
28.4766923, 0.0243381, , , , , , , 28.4766923, -0.0048676, , , , , , , 28.4766923, -0.0075532, , , , , , , 28.4766923, 0.0231632, , , , , , , , , , , , , , , , , , , , , , , , , , , , 
28.4772115, 0.0256809, , , , , , , 28.4772115, -0.0062104, , , , , , , 28.4772115, -0.0062104, , , , , , , 28.4772115, 0.018967, , , , , , , , , , , , , , , , , , , , , , , , , , , , 
28.4777308, 0.0253452, , , , , , , 28.4777308, -0.0068818, , , , , , , 28.4777308, -0.0050355, , , , , , , 28.4777308, 0.018967, , , , , , , , , , , , , , , , , , , , , , , , , , , , 
28.47825, 0.0199741, , , , , , , 28.47825, -0.005539, , , , , , , 28.47825, -0.0062104, , , , , , , 28.47825, 0.0193027, , , , , , , , , , , , , , , , , , , , , , , , , , , , 
28.4787692, 0.0172885, , , , , , , 28.4787692, -0.0057069, , , , , , , 28.4787692, -0.0063783, , , , , , , 28.4787692, 0.0164492, , , , , , , , , , , , , , , , , , , , , , , , , , , , 
28.4792885, 0.0191348, , , , , , , 28.4792885, -0.0082246, , , , , , , 28.4792885, -0.0062104, , , , , , , 28.4792885, 0.0139315, , , , , , , , , , , , , , , , , , , , , , , , , , , , 
28.4798077, 0.0146029, , , , , , , 28.4798077, -0.0092317, , , , , , , 28.4798077, -0.0048676, , , , , , , 28.4798077, 0.0125887, , , , , , , , , , , , , , , , , , , , , , , , , , , , 
28.4803269, 0.0090639, , , , , , , 28.4803269, -0.008896, , , , , , , 28.4803269, -0.0041962, , , , , , , 28.4803269, 0.0129244, , , , , , , , , , , , , , , , , , , , , , , , , , , , 
28.4808462, 0.0092317, , , , , , , 28.4808462, -0.0083925, , , , , , , 28.4808462, -0.0043641, , , , , , , 28.4808462, 0.0139315, , , , , , , , , , , , , , , , , , , , , , , , , , , , 
28.4813654, 0.01561, , , , , , , 28.4813654, -0.0095674, , , , , , , 28.4813654, -0.0062104, , , , , , , 28.4813654, 0.0125887, , , , , , , , , , , , , , , , , , , , , , , , , , , , 
28.4818846, 0.0182956, , , , , , , 28.4818846, -0.0109102, , , , , , , 28.4818846, -0.0068818, , , , , , , 28.4818846, 0.0112459, , , , , , , , , , , , , , , , , , , , , , , , , , , , 
28.4824038, 0.014435, , , , , , , 28.4824038, -0.008896, , , , , , , 28.4824038, -0.0068818, , , , , , , 28.4824038, 0.0095674, , , , , , , , , , , , , , , , , , , , , , , , , , , , 
28.4829231, 0.0105745, , , , , , , 28.4829231, -0.0072175, , , , , , , 28.4829231, -0.0062104, , , , , , , 28.4829231, 0.0092317, , , , , , , , , , , , , , , , , , , , , , , , , , , , 
28.4834423, 0.0139315, , , , , , , 28.4834423, -0.0092317, , , , , , , 28.4834423, -0.0068818, , , , , , , 28.4834423, 0.0129244, , , , , , , , , , , , , , , , , , , , , , , , , , , , 
28.4839615, 0.0179599, , , , , , , 28.4839615, -0.0112459, , , , , , , 28.4839615, -0.0078889, , , , , , , 28.4839615, 0.0142672, , , , , , , , , , , , , , , , , , , , , , , , , , , , 
28.4844808, 0.0172885, , , , , , , 28.4844808, -0.0109102, , , , , , , 28.4844808, -0.0072175, , , , , , , 28.4844808, 0.0135958, , , , , , , , , , , , , , , , , , , , , , , , , , , , 
28.485, 0.0186313, , , , , , , 28.485, -0.0085603, , , , , , , 28.485, -0.0075532, , , , , , , 28.485, 0.0119173, , , , , , , , , , , , , , , , , , , , , , , , , , , , 
28.4855192, 0.0243381, , , , , , , 28.4855192, -0.0077211, , , , , , , 28.4855192, -0.0104067, , , , , , , 28.4855192, 0.0082246, , , , , , , , , , , , , , , , , , , , , , , , , , , , 
28.4860385, 0.0258488, , , , , , , 28.4860385, -0.0075532, , , , , , , 28.4860385, -0.0115816, , , , , , , 28.4860385, 0.002182, , , , , , , , , , , , , , , , , , , , , , , , , , , , 
28.4865577, 0.0260166, , , , , , , 28.4865577, -0.0075532, , , , , , , 28.4865577, -0.0097353, , , , , , , 28.4865577, -0.0031891, , , , , , , , , , , , , , , , , , , , , , , , , , , , 
28.4870769, 0.0270237, , , , , , , 28.4870769, -0.0075532, , , , , , , 28.4870769, -0.0077211, , , , , , , 28.4870769, -0.0035248, , , , , , , , , , , , , , , , , , , , , , , , , , , , 
28.4875962, 0.0250095, , , , , , , 28.4875962, -0.0072175, , , , , , , 28.4875962, -0.0090639, , , , , , , 28.4875962, -0.0008392, , , , , , , , , , , , , , , , , , , , , , , , , , , , 
28.4881154, 0.0240024, , , , , , , 28.4881154, -0.0077211, , , , , , , 28.4881154, -0.0105745, , , , , , , 28.4881154, 0.0001678, , , , , , , , , , , , , , , , , , , , , , , , , , , , 
28.4886346, 0.0216526, , , , , , , 28.4886346, -0.0083925, , , , , , , 28.4886346, -0.0095674, , , , , , , 28.4886346, 0.0038605, , , , , , , , , , , , , , , , , , , , , , , , , , , , 
28.4891538, 0.0182956, , , , , , , 28.4891538, -0.0072175, , , , , , , 28.4891538, -0.0075532, , , , , , , 28.4891538, 0.0075532, , , , , , , , , , , , , , , , , , , , , , , , , , , , 
28.4896731, 0.0159457, , , , , , , 28.4896731, -0.0048676, , , , , , , 28.4896731, -0.0063783, , , , , , , 28.4896731, 0.0102388, , , , , , , , , , , , , , , , , , , , , , , , , , , , 
28.4901923, 0.0146029, , , , , , , 28.4901923, -0.005539, , , , , , , 28.4901923, -0.0075532, , , , , , , 28.4901923, 0.0119173, , , , , , , , , , , , , , , , , , , , , , , , , , , , 
28.4907115, 0.0112459, , , , , , , 28.4907115, -0.0075532, , , , , , , 28.4907115, -0.0109102, , , , , , , 28.4907115, 0.0132601, , , , , , , , , , , , , , , , , , , , , , , , , , , , 
28.4912308, 0.0095674, , , , , , , 28.4912308, -0.0083925, , , , , , , 28.4912308, -0.0119173, , , , , , , 28.4912308, 0.0159457, , , , , , , , , , , , , , , , , , , , , , , , , , , , 
28.49175, 0.0078889, , , , , , , 28.49175, -0.0068818, , , , , , , 28.49175, -0.0062104, , , , , , , 28.49175, 0.0209812, , , , , , , , , , , , , , , , , , , , , , , , , , , , 
28.4922692, 0.0072175, , , , , , , 28.4922692, -0.0052033, , , , , , , 28.4922692, -0.0023499, , , , , , , 28.4922692, 0.0253452, , , , , , , , , , , , , , , , , , , , , , , , , , , , 
28.4927885, 0.0068818, , , , , , , 28.4927885, -0.0057069, , , , , , , 28.4927885, -0.0031891, , , , , , , 28.4927885, 0.0280308, , , , , , , , , , , , , , , , , , , , , , , , , , , , 
28.4933077, 0.0008392, , , , , , , 28.4933077, -0.0090639, , , , , , , 28.4933077, -0.0062104, , , , , , , 28.4933077, 0.030045, , , , , , , , , , , , , , , , , , , , , , , , , , , , 
28.4938269, -0.0035248, , , , , , , 28.4938269, -0.0104067, , , , , , , 28.4938269, -0.0068818, , , , , , , 28.4938269, 0.0313878, , , , , , , , , , , , , , , , , , , , , , , , , , , , 
28.4943462, -0.0041962, , , , , , , 28.4943462, -0.0082246, , , , , , , 28.4943462, -0.0072175, , , , , , , 28.4943462, 0.0307164, , , , , , , , , , , , , , , , , , , , , , , , , , , , 
28.4948654, -0.005539, , , , , , , 28.4948654, -0.0068818, , , , , , , 28.4948654, -0.0082246, , , , , , , 28.4948654, 0.0273594, , , , , , , , , , , , , , , , , , , , , , , , , , , , 
28.4953846, -0.0025177, , , , , , , 28.4953846, -0.0078889, , , , , , , 28.4953846, -0.0078889, , , , , , , 28.4953846, 0.0226596, , , , , , , , , , , , , , , , , , , , , , , , , , , , 
28.4959038, 0.0008392, , , , , , , 28.4959038, -0.0085603, , , , , , , 28.4959038, -0.0082246, , , , , , , 28.4959038, 0.0179599, , , , , , , , , , , , , , , , , , , , , , , , , , , , 
28.4964231, 0.0018463, , , , , , , 28.4964231, -0.008896, , , , , , , 28.4964231, -0.0095674, , , , , , , 28.4964231, 0.017792, , , , , , , , , , , , , , , , , , , , , , , , , , , , 
28.4969423, 0.0058747, , , , , , , 28.4969423, -0.0082246, , , , , , , 28.4969423, -0.0119173, , , , , , , 28.4969423, 0.0182956, , , , , , , , , , , , , , , , , , , , , , , , , , , , 
28.4974615, 0.0092317, , , , , , , 28.4974615, -0.0075532, , , , , , , 28.4974615, -0.0124208, , , , , , , 28.4974615, 0.0140993, , , , , , , , , , , , , , , , , , , , , , , , , , , , 
28.4979808, 0.0129244, , , , , , , 28.4979808, -0.0052033, , , , , , , 28.4979808, -0.0102388, , , , , , , 28.4979808, 0.0099031, , , , , , , , , , , , , , , , , , , , , , , , , , , , 
28.4985, 0.01561, , , , , , , 28.4985, -0.0031891, , , , , , , 28.4985, -0.0092317, , , , , , , 28.4985, 0.0070497, , , , , , , , , , , , , , , , , , , , , , , , , , , , 
28.4990192, 0.0151064, , , , , , , 28.4990192, -0.0041962, , , , , , , 28.4990192, -0.0099031, , , , , , , 28.4990192, 0.0046998, , , , , , , , , , , , , , , , , , , , , , , , , , , , 
28.4995385, 0.0139315, , , , , , , 28.4995385, -0.0068818, , , , , , , 28.4995385, -0.0085603, , , , , , , 28.4995385, 0.0058747, , , , , , , , , , , , , , , , , , , , , , , , , , , , 
28.5000577, 0.0139315, , , , , , , 28.5000577, -0.0072175, , , , , , , 28.5000577, -0.005539, , , , , , , 28.5000577, 0.0065461, , , , , , , , , , , , , , , , , , , , , , , , , , , , 
28.5005769, 0.0179599, , , , , , , 28.5005769, -0.0070497, , , , , , , 28.5005769, -0.0048676, , , , , , , 28.5005769, 0.0043641, , , , , , , , , , , , , , , , , , , , , , , , , , , , 
28.5010962, 0.0194705, , , , , , , 28.5010962, -0.0070497, , , , , , , 28.5010962, -0.005539, , , , , , , 28.5010962, 0.0025177, , , , , , , , , , , , , , , , , , , , , , , , , , , , 
28.5016154, 0.0182956, , , , , , , 28.5016154, -0.006714, , , , , , , 28.5016154, -0.0048676, , , , , , , 28.5016154, 0.0001678, , , , , , , , , , , , , , , , , , , , , , , , , , , , 
28.5021346, 0.0172885, , , , , , , 28.5021346, -0.0072175, , , , , , , 28.5021346, -0.0050355, , , , , , , 28.5021346, -0.0018463, , , , , , , , , , , , , , , , , , , , , , , , , , , , 
28.5026538, 0.0129244, , , , , , , 28.5026538, -0.0082246, , , , , , , 28.5026538, -0.005539, , , , , , , 28.5026538, -0.0038605, , , , , , , , , , , , , , , , , , , , , , , , , , , , 
28.5031731, 0.0104067, , , , , , , 28.5031731, -0.0070497, , , , , , , 28.5031731, -0.0045319, , , , , , , 28.5031731, -0.0038605, , , , , , , , , , , , , , , , , , , , , , , , , , , , 
28.5036923, 0.008896, , , , , , , 28.5036923, -0.0048676, , , , , , , 28.5036923, -0.0035248, , , , , , , 28.5036923, -0.0018463, , , , , , , , , , , , , , , , , , , , , , , , , , , , 
28.5042115, 0.0077211, , , , , , , 28.5042115, -0.0057069, , , , , , , 28.5042115, -0.0041962, , , , , , , 28.5042115, 0.0011749, , , , , , , , , , , , , , , , , , , , , , , , , , , , 
28.5047308, 0.0105745, , , , , , , 28.5047308, -0.0082246, , , , , , , 28.5047308, -0.005539, , , , , , , 28.5047308, 0.002182, , , , , , , , , , , , , , , , , , , , , , , , , , , , 
28.50525, 0.0125887, , , , , , , 28.50525, -0.0075532, , , , , , , 28.50525, -0.0078889, , , , , , , 28.50525, 0.0005035, , , , , , , , , , , , , , , , , , , , , , , , , , , , 
28.5057692, 0.0140993, , , , , , , 28.5057692, -0.0060426, , , , , , , 28.5057692, -0.0082246, , , , , , , 28.5057692, -0.002182, , , , , , , , , , , , , , , , , , , , , , , , , , , , 
28.5062885, 0.0199741, , , , , , , 28.5062885, -0.0068818, , , , , , , 28.5062885, -0.0078889, , , , , , , 28.5062885, -0.0057069, , , , , , , , , , , , , , , , , , , , , , , , , , , , 
28.5068077, 0.01561, , , , , , , 28.5068077, -0.0095674, , , , , , , 28.5068077, -0.0092317, , , , , , , 28.5068077, -0.0065461, , , , , , , , , , , , , , , , , , , , , , , , , , , , 
28.5073269, 0.0082246, , , , , , , 28.5073269, -0.0129244, , , , , , , 28.5073269, -0.0102388, , , , , , , 28.5073269, -0.0041962, , , , , , , , , , , , , , , , , , , , , , , , , , , , 
28.5078462, 0.008896, , , , , , , 28.5078462, -0.0130922, , , , , , , 28.5078462, -0.0105745, , , , , , , 28.5078462, 0.0005035, , , , , , , , , , , , , , , , , , , , , , , , , , , , 
28.5083654, 0.0112459, , , , , , , 28.5083654, -0.0117494, , , , , , , 28.5083654, -0.0109102, , , , , , , 28.5083654, 0.0045319, , , , , , , , , , , , , , , , , , , , , , , , , , , , 
28.5088846, 0.0092317, , , , , , , 28.5088846, -0.0109102, , , , , , , 28.5088846, -0.0109102, , , , , , , 28.5088846, 0.0065461, , , , , , , , , , , , , , , , , , , , , , , , , , , , 
28.5094038, 0.0058747, , , , , , , 28.5094038, -0.0092317, , , , , , , 28.5094038, -0.0102388, , , , , , , 28.5094038, 0.0090639, , , , , , , , , , , , , , , , , , , , , , , , , , , , 
28.5099231, 0.0045319, , , , , , , 28.5099231, -0.0078889, , , , , , , 28.5099231, -0.008896, , , , , , , 28.5099231, 0.0137636, , , , , , , , , , , , , , , , , , , , , , , , , , , , 
28.5104423, -0.0005035, , , , , , , 28.5104423, -0.0090639, , , , , , , 28.5104423, -0.0083925, , , , , , , 28.5104423, 0.018967, , , , , , , , , , , , , , , , , , , , , , , , , , , , 
28.5109615, -0.0060426, , , , , , , 28.5109615, -0.0112459, , , , , , , 28.5109615, -0.0062104, , , , , , , 28.5109615, 0.0213169, , , , , , , , , , , , , , , , , , , , , , , , , , , , 
28.5114808, -0.0068818, , , , , , , 28.5114808, -0.0109102, , , , , , , 28.5114808, -0.0041962, , , , , , , 28.5114808, 0.0226596, , , , , , , , , , , , , , , , , , , , , , , , , , , , 
28.512, -0.0119173, , , , , , , 28.512, -0.0095674, , , , , , , 28.512, -0.0016785, , , , , , , 28.512, 0.0241703, , , , , , , , , , , , , , , , , , , , , , , , , , , , 
28.5125192, -0.0169528, , , , , , , 28.5125192, -0.008896, , , , , , , 28.5125192, -0.0015106, , , , , , , 28.5125192, 0.0256809, , , , , , , , , , , , , , , , , , , , , , , , , , , , 
28.5130385, -0.0146029, , , , , , , 28.5130385, -0.008896, , , , , , , 28.5130385, -0.0010071, , , , , , , 28.5130385, 0.0263523, , , , , , , , , , , , , , , , , , , , , , , , , , , , 
28.5135577, -0.0068818, , , , , , , 28.5135577, -0.0068818, , , , , , , 28.5135577, -0.0018463, , , , , , , 28.5135577, 0.0270237, , , , , , , , , , , , , , , , , , , , , , , , , , , , 
28.5140769, -0.0018463, , , , , , , 28.5140769, -0.0048676, , , , , , , 28.5140769, -0.0018463, , , , , , , 28.5140769, 0.0293736, , , , , , , , , , , , , , , , , , , , , , , , , , , , 
28.5145962, -0.0030213, , , , , , , 28.5145962, -0.0068818, , , , , , , 28.5145962, -0.0018463, , , , , , , 28.5145962, 0.0317235, , , , , , , , , , , , , , , , , , , , , , , , , , , , 
28.5151154, -0.0031891, , , , , , , 28.5151154, -0.0085603, , , , , , , 28.5151154, -0.0008392, , , , , , , 28.5151154, 0.0310521, , , , , , , , , , , , , , , , , , , , , , , , , , , , 
28.5156346, 0.0011749, , , , , , , 28.5156346, -0.0102388, , , , , , , 28.5156346, 0.0010071, , , , , , , 28.5156346, 0.0270237, , , , , , , , , , , , , , , , , , , , , , , , , , , , 
28.5161538, 0.0062104, , , , , , , 28.5161538, -0.0109102, , , , , , , 28.5161538, 0.0005035, , , , , , , 28.5161538, 0.0238346, , , , , , , , , , , , , , , , , , , , , , , , , , , , 
28.5166731, 0.0105745, , , , , , , 28.5166731, -0.0104067, , , , , , , 28.5166731, -0.0008392, , , , , , , 28.5166731, 0.0206455, , , , , , , , , , , , , , , , , , , , , , , , , , , , 
28.5171923, 0.0132601, , , , , , , 28.5171923, -0.0092317, , , , , , , 28.5171923, -0.0028534, , , , , , , 28.5171923, 0.0184634, , , , , , , , , , , , , , , , , , , , , , , , , , , , 
28.5177115, 0.0139315, , , , , , , 28.5177115, -0.0092317, , , , , , , 28.5177115, -0.0041962, , , , , , , 28.5177115, 0.0186313, , , , , , , , , , , , , , , , , , , , , , , , , , , , 
28.5182308, 0.01561, , , , , , , 28.5182308, -0.0085603, , , , , , , 28.5182308, -0.0048676, , , , , , , 28.5182308, 0.0186313, , , , , , , , , , , , , , , , , , , , , , , , , , , , 
28.51875, 0.018967, , , , , , , 28.51875, -0.0072175, , , , , , , 28.51875, -0.0058747, , , , , , , 28.51875, 0.0172885, , , , , , , , , , , , , , , , , , , , , , , , , , , , 
28.5192692, 0.0236667, , , , , , , 28.5192692, -0.0078889, , , , , , , 28.5192692, -0.0072175, , , , , , , 28.5192692, 0.0149386, , , , , , , , , , , , , , , , , , , , , , , , , , , , 
28.5197885, 0.0287022, , , , , , , 28.5197885, -0.0095674, , , , , , , 28.5197885, -0.008896, , , , , , , 28.5197885, 0.0125887, , , , , , , , , , , , , , , , , , , , , , , , , , , , 
28.5203077, 0.0273594, , , , , , , 28.5203077, -0.0095674, , , , , , , 28.5203077, -0.0102388, , , , , , , 28.5203077, 0.0105745, , , , , , , , , , , , , , , , , , , , , , , , , , , , 
28.5208269, 0.0251774, , , , , , , 28.5208269, -0.0083925, , , , , , , 28.5208269, -0.0109102, , , , , , , 28.5208269, 0.0102388, , , , , , , , , , , , , , , , , , , , , , , , , , , , 
28.5213462, 0.023331, , , , , , , 28.5213462, -0.0048676, , , , , , , 28.5213462, -0.0109102, , , , , , , 28.5213462, 0.0085603, , , , , , , , , , , , , , , , , , , , , , , , , , , , 
28.5218654, 0.0213169, , , , , , , 28.5218654, -0.0043641, , , , , , , 28.5218654, -0.0097353, , , , , , , 28.5218654, 0.0062104, , , , , , , , , , , , , , , , , , , , , , , , , , , , 
28.5223846, 0.0172885, , , , , , , 28.5223846, -0.0072175, , , , , , , 28.5223846, -0.0105745, , , , , , , 28.5223846, 0.0075532, , , , , , , , , , , , , , , , , , , , , , , , , , , , 
28.5229038, 0.0152743, , , , , , , 28.5229038, -0.0102388, , , , , , , 28.5229038, -0.0125887, , , , , , , 28.5229038, 0.0085603, , , , , , , , , , , , , , , , , , , , , , , , , , , , 
28.5234231, 0.0159457, , , , , , , 28.5234231, -0.0129244, , , , , , , 28.5234231, -0.0119173, , , , , , , 28.5234231, 0.0085603, , , , , , , , , , , , , , , , , , , , , , , , , , , , 
28.5239423, 0.0187991, , , , , , , 28.5239423, -0.012253, , , , , , , 28.5239423, -0.0115816, , , , , , , 28.5239423, 0.0095674, , , , , , , , , , , , , , , , , , , , , , , , , , , , 
28.5244615, 0.0251774, , , , , , , 28.5244615, -0.0077211, , , , , , , 28.5244615, -0.012253, , , , , , , 28.5244615, 0.0082246, , , , , , , , , , , , , , , , , , , , , , , , , , , , 
28.5249808, 0.0287022, , , , , , , 28.5249808, -0.0068818, , , , , , , 28.5249808, -0.0137636, , , , , , , 28.5249808, 0.0048676, , , , , , , , , , , , , , , , , , , , , , , , , , , , 
28.5255, 0.0287022, , , , , , , 28.5255, -0.008896, , , , , , , 28.5255, -0.0140993, , , , , , , 28.5255, 0.0001678, , , , , , , , , , , , , , , , , , , , , , , , , , , , 
28.5260192, 0.0293736, , , , , , , 28.5260192, -0.0083925, , , , , , , 28.5260192, -0.0149386, , , , , , , 28.5260192, -0.003357, , , , , , , , , , , , , , , , , , , , , , , , , , , , 
28.5265385, 0.0325628, , , , , , , 28.5265385, -0.0072175, , , , , , , 28.5265385, -0.0146029, , , , , , , 28.5265385, -0.0028534, , , , , , , , , , , , , , , , , , , , , , , , , , , , 
28.5270577, 0.0332341, , , , , , , 28.5270577, -0.0062104, , , , , , , 28.5270577, -0.0149386, , , , , , , 28.5270577, -0.0018463, , , , , , , , , , , , , , , , , , , , , , , , , , , , 
28.5275769, 0.0344091, , , , , , , 28.5275769, -0.0052033, , , , , , , 28.5275769, -0.0162814, , , , , , , 28.5275769, -0.0011749, , , , , , , , , , , , , , , , , , , , , , , , , , , , 
28.5280962, 0.0354162, , , , , , , 28.5280962, -0.0058747, , , , , , , 28.5280962, -0.0162814, , , , , , , 28.5280962, -0.0008392, , , , , , , , , , , , , , , , , , , , , , , , , , , , 
28.5286154, 0.03122, , , , , , , 28.5286154, -0.0077211, , , , , , , 28.5286154, -0.0142672, , , , , , , 28.5286154, -0.0018463, , , , , , , , , , , , , , , , , , , , , , , , , , , , 
28.5291346, 0.0263523, , , , , , , 28.5291346, -0.0082246, , , , , , , 28.5291346, -0.0112459, , , , , , , 28.5291346, 0.0001678, , , , , , , , , , , , , , , , , , , , , , , , , , , , 
28.5296538, 0.0203098, , , , , , , 28.5296538, -0.0082246, , , , , , , 28.5296538, -0.008896, , , , , , , 28.5296538, 0.0057069, , , , , , , , , , , , , , , , , , , , , , , , , , , , 
28.5301731, 0.01561, , , , , , , 28.5301731, -0.0082246, , , , , , , 28.5301731, -0.0082246, , , , , , , 28.5301731, 0.0112459, , , , , , , , , , , , , , , , , , , , , , , , , , , , 
28.5306923, 0.0152743, , , , , , , 28.5306923, -0.0063783, , , , , , , 28.5306923, -0.0068818, , , , , , , 28.5306923, 0.0139315, , , , , , , , , , , , , , , , , , , , , , , , , , , , 
28.5312115, 0.0159457, , , , , , , 28.5312115, -0.0058747, , , , , , , 28.5312115, -0.0062104, , , , , , , 28.5312115, 0.0159457, , , , , , , , , , , , , , , , , , , , , , , , , , , , 
28.5317308, 0.0166171, , , , , , , 28.5317308, -0.005539, , , , , , , 28.5317308, -0.005539, , , , , , , 28.5317308, 0.0193027, , , , , , , , , , , , , , , , , , , , , , , , , , , , 
28.53225, 0.0159457, , , , , , , 28.53225, -0.0043641, , , , , , , 28.53225, -0.0082246, , , , , , , 28.53225, 0.021149, , , , , , , , , , , , , , , , , , , , , , , , , , , , 
28.5327692, 0.0114137, , , , , , , 28.5327692, -0.0035248, , , , , , , 28.5327692, -0.0102388, , , , , , , 28.5327692, 0.0229953, , , , , , , , , , , , , , , , , , , , , , , , , , , , 
28.5332885, 0.0125887, , , , , , , 28.5332885, -0.0043641, , , , , , , 28.5332885, -0.0085603, , , , , , , 28.5332885, 0.0253452, , , , , , , , , , , , , , , , , , , , , , , , , , , , 
28.5338077, 0.0109102, , , , , , , 28.5338077, -0.0058747, , , , , , , 28.5338077, -0.0058747, , , , , , , 28.5338077, 0.0273594, , , , , , , , , , , , , , , , , , , , , , , , , , , , 
28.5343269, 0.0092317, , , , , , , 28.5343269, -0.0082246, , , , , , , 28.5343269, -0.0045319, , , , , , , 28.5343269, 0.0290379, , , , , , , , , , , , , , , , , , , , , , , , , , , , 
28.5348462, 0.0105745, , , , , , , 28.5348462, -0.0087282, , , , , , , 28.5348462, -0.005539, , , , , , , 28.5348462, 0.0307164, , , , , , , , , , , , , , , , , , , , , , , , , , , , 
28.5353654, 0.0169528, , , , , , , 28.5353654, -0.0075532, , , , , , , 28.5353654, -0.0068818, , , , , , , 28.5353654, 0.0283665, , , , , , , , , , , , , , , , , , , , , , , , , , , , 
28.5358846, 0.0223239, , , , , , , 28.5358846, -0.0075532, , , , , , , 28.5358846, -0.0062104, , , , , , , 28.5358846, 0.0253452, , , , , , , , , , , , , , , , , , , , , , , , , , , , 
28.5364038, 0.0223239, , , , , , , 28.5364038, -0.0082246, , , , , , , 28.5364038, -0.0068818, , , , , , , 28.5364038, 0.0219883, , , , , , , , , , , , , , , , , , , , , , , , , , , , 
28.5369231, 0.0221561, , , , , , , 28.5369231, -0.0102388, , , , , , , 28.5369231, -0.0082246, , , , , , , 28.5369231, 0.0186313, , , , , , , , , , , , , , , , , , , , , , , , , , , , 
28.5374423, 0.0213169, , , , , , , 28.5374423, -0.0109102, , , , , , , 28.5374423, -0.0102388, , , , , , , 28.5374423, 0.0172885, , , , , , , , , , , , , , , , , , , , , , , , , , , , 
28.5379615, 0.0199741, , , , , , , 28.5379615, -0.0109102, , , , , , , 28.5379615, -0.008896, , , , , , , 28.5379615, 0.0182956, , , , , , , , , , , , , , , , , , , , , , , , , , , , 
28.5384808, 0.0216526, , , , , , , 28.5384808, -0.0102388, , , , , , , 28.5384808, -0.0068818, , , , , , , 28.5384808, 0.0199741, , , , , , , , , , , , , , , , , , , , , , , , , , , , 
28.539, 0.0206455, , , , , , , 28.539, -0.0097353, , , , , , , 28.539, -0.0075532, , , , , , , 28.539, 0.0204776, , , , , , , , , , , , , , , , , , , , , , , , , , , , 
28.5395192, 0.0182956, , , , , , , 28.5395192, -0.008896, , , , , , , 28.5395192, -0.0085603, , , , , , , 28.5395192, 0.0193027, , , , , , , , , , , , , , , , , , , , , , , , , , , , 
28.5400385, 0.0193027, , , , , , , 28.5400385, -0.0062104, , , , , , , 28.5400385, -0.008896, , , , , , , 28.5400385, 0.0203098, , , , , , , , , , , , , , , , , , , , , , , , , , , , 
28.5405577, 0.0219883, , , , , , , 28.5405577, -0.005539, , , , , , , 28.5405577, -0.0090639, , , , , , , 28.5405577, 0.0226596, , , , , , , , , , , , , , , , , , , , , , , , , , , , 
28.5410769, 0.023331, , , , , , , 28.5410769, -0.0048676, , , , , , , 28.5410769, -0.0085603, , , , , , , 28.5410769, 0.0226596, , , , , , , , , , , , , , , , , , , , , , , , , , , , 
28.5415962, 0.0206455, , , , , , , 28.5415962, -0.0030213, , , , , , , 28.5415962, -0.0097353, , , , , , , 28.5415962, 0.0186313, , , , , , , , , , , , , , , , , , , , , , , , , , , , 
28.5421154, 0.0186313, , , , , , , 28.5421154, -0.0028534, , , , , , , 28.5421154, -0.0099031, , , , , , , 28.5421154, 0.0166171, , , , , , , , , , , , , , , , , , , , , , , , , , , , 
28.5426346, 0.0193027, , , , , , , 28.5426346, -0.0045319, , , , , , , 28.5426346, -0.0115816, , , , , , , 28.5426346, 0.0172885, , , , , , , , , , , , , , , , , , , , , , , , , , , , 
28.5431538, 0.0206455, , , , , , , 28.5431538, -0.005539, , , , , , , 28.5431538, -0.0109102, , , , , , , 28.5431538, 0.0159457, , , , , , , , , , , , , , , , , , , , , , , , , , , , 
28.5436731, 0.021149, , , , , , , 28.5436731, -0.0038605, , , , , , , 28.5436731, -0.0095674, , , , , , , 28.5436731, 0.0119173, , , , , , , , , , , , , , , , , , , , , , , , , , , , 
28.5441923, 0.0182956, , , , , , , 28.5441923, -0.0028534, , , , , , , 28.5441923, -0.0072175, , , , , , , 28.5441923, 0.0092317, , , , , , , , , , , , , , , , , , , , , , , , , , , , 
28.5447115, 0.0182956, , , , , , , 28.5447115, -0.0041962, , , , , , , 28.5447115, -0.0045319, , , , , , , 28.5447115, 0.0092317, , , , , , , , , , , , , , , , , , , , , , , , , , , , 
28.5452308, 0.0226596, , , , , , , 28.5452308, -0.005539, , , , , , , 28.5452308, -0.0036927, , , , , , , 28.5452308, 0.0092317, , , , , , , , , , , , , , , , , , , , , , , , , , , , 
28.54575, 0.0236667, , , , , , , 28.54575, -0.0052033, , , , , , , 28.54575, -0.0062104, , , , , , , 28.54575, 0.0062104, , , , , , , , , , , , , , , , , , , , , , , , , , , , 
28.5462692, 0.0243381, , , , , , , 28.5462692, -0.005539, , , , , , , 28.5462692, -0.0075532, , , , , , , 28.5462692, 0.003357, , , , , , , , , , , , , , , , , , , , , , , , , , , , 
28.5467885, 0.0260166, , , , , , , 28.5467885, -0.0063783, , , , , , , 28.5467885, -0.0065461, , , , , , , 28.5467885, 0.002182, , , , , , , , , , , , , , , , , , , , , , , , , , , , 
28.5473077, 0.0203098, , , , , , , 28.5473077, -0.005539, , , , , , , 28.5473077, -0.0065461, , , , , , , 28.5473077, 0.0038605, , , , , , , , , , , , , , , , , , , , , , , , , , , , 
28.5478269, 0.0142672, , , , , , , 28.5478269, -0.0038605, , , , , , , 28.5478269, -0.0078889, , , , , , , 28.5478269, 0.0058747, , , , , , , , , , , , , , , , , , , , , , , , , , , , 
28.5483462, 0.0102388, , , , , , , 28.5483462, -0.0035248, , , , , , , 28.5483462, -0.0085603, , , , , , , 28.5483462, 0.0052033, , , , , , , , , , , , , , , , , , , , , , , , , , , , 
28.5488654, 0.0058747, , , , , , , 28.5488654, -0.005539, , , , , , , 28.5488654, -0.0085603, , , , , , , 28.5488654, 0.0043641, , , , , , , , , , , , , , , , , , , , , , , , , , , , 
28.5493846, 0.0057069, , , , , , , 28.5493846, -0.0062104, , , , , , , 28.5493846, -0.0082246, , , , , , , 28.5493846, 0.0050355, , , , , , , , , , , , , , , , , , , , , , , , , , , , 
28.5499038, 0.0063783, , , , , , , 28.5499038, -0.0057069, , , , , , , 28.5499038, -0.0099031, , , , , , , 28.5499038, 0.0043641, , , , , , , , , , , , , , , , , , , , , , , , , , , , 
28.5504231, 0.0052033, , , , , , , 28.5504231, -0.005539, , , , , , , 28.5504231, -0.0112459, , , , , , , 28.5504231, 0.0035248, , , , , , , , , , , , , , , , , , , , , , , , , , , , 
28.5509423, -0.0011749, , , , , , , 28.5509423, -0.0070497, , , , , , , 28.5509423, -0.0099031, , , , , , , 28.5509423, 0.0057069, , , , , , , , , , , , , , , , , , , , , , , , , , , , 
28.5514615, -0.0068818, , , , , , , 28.5514615, -0.0095674, , , , , , , 28.5514615, -0.0068818, , , , , , , 28.5514615, 0.0102388, , , , , , , , , , , , , , , , , , , , , , , , , , , , 
28.5519808, -0.0077211, , , , , , , 28.5519808, -0.0112459, , , , , , , 28.5519808, -0.005539, , , , , , , 28.5519808, 0.0159457, , , , , , , , , , , , , , , , , , , , , , , , , , , , 
28.5525, -0.0104067, , , , , , , 28.5525, -0.0102388, , , , , , , 28.5525, -0.0048676, , , , , , , 28.5525, 0.0199741, , , , , , , , , , , , , , , , , , , , , , , , , , , , 
28.5530192, -0.0109102, , , , , , , 28.5530192, -0.0095674, , , , , , , 28.5530192, -0.0041962, , , , , , , 28.5530192, 0.0199741, , , , , , , , , , , , , , , , , , , , , , , , , , , , 
28.5535385, -0.0082246, , , , , , , 28.5535385, -0.0099031, , , , , , , 28.5535385, -0.0020142, , , , , , , 28.5535385, 0.0184634, , , , , , , , , , , , , , , , , , , , , , , , , , , , 
28.5540577, -0.0062104, , , , , , , 28.5540577, -0.0112459, , , , , , , 28.5540577, -0.0015106, , , , , , , 28.5540577, 0.0179599, , , , , , , , , , , , , , , , , , , , , , , , , , , , 
28.5545769, -0.0075532, , , , , , , 28.5545769, -0.0112459, , , , , , , 28.5545769, -0.0041962, , , , , , , 28.5545769, 0.0186313, , , , , , , , , , , , , , , , , , , , , , , , , , , , 
28.5550962, -0.0075532, , , , , , , 28.5550962, -0.0097353, , , , , , , 28.5550962, -0.0048676, , , , , , , 28.5550962, 0.0182956, , , , , , , , , , , , , , , , , , , , , , , , , , , , 
28.5556154, -0.0015106, , , , , , , 28.5556154, -0.0075532, , , , , , , 28.5556154, -0.0035248, , , , , , , 28.5556154, 0.01561, , , , , , , , , , , , , , , , , , , , , , , , , , , , 
28.5561346, 0.0062104, , , , , , , 28.5561346, -0.0068818, , , , , , , 28.5561346, -0.0041962, , , , , , , 28.5561346, 0.01561, , , , , , , , , , , , , , , , , , , , , , , , , , , , 
28.5566538, 0.0078889, , , , , , , 28.5566538, -0.0068818, , , , , , , 28.5566538, -0.0048676, , , , , , , 28.5566538, 0.0152743, , , , , , , , , , , , , , , , , , , , , , , , , , , , 
28.5571731, 0.0075532, , , , , , , 28.5571731, -0.0082246, , , , , , , 28.5571731, -0.0058747, , , , , , , 28.5571731, 0.0139315, , , , , , , , , , , , , , , , , , , , , , , , , , , , 
28.5576923, 0.0083925, , , , , , , 28.5576923, -0.0102388, , , , , , , 28.5576923, -0.0057069, , , , , , , 28.5576923, 0.0117494, , , , , , , , , , , , , , , , , , , , , , , , , , , , 
28.5582115, 0.0117494, , , , , , , 28.5582115, -0.0112459, , , , , , , 28.5582115, -0.0048676, , , , , , , 28.5582115, 0.0117494, , , , , , , , , , , , , , , , , , , , , , , , , , , , 
28.5587308, 0.0152743, , , , , , , 28.5587308, -0.0090639, , , , , , , 28.5587308, -0.0058747, , , , , , , 28.5587308, 0.0120851, , , , , , , , , , , , , , , , , , , , , , , , , , , , 
28.55925, 0.0146029, , , , , , , 28.55925, -0.0072175, , , , , , , 28.55925, -0.0075532, , , , , , , 28.55925, 0.0105745, , , , , , , , , , , , , , , , , , , , , , , , , , , , 
28.5597692, 0.0159457, , , , , , , 28.5597692, -0.0065461, , , , , , , 28.5597692, -0.0068818, , , , , , , 28.5597692, 0.0105745, , , , , , , , , , , , , , , , , , , , , , , , , , , , 
28.5602885, 0.0223239, , , , , , , 28.5602885, -0.0057069, , , , , , , 28.5602885, -0.0075532, , , , , , , 28.5602885, 0.008896, , , , , , , , , , , , , , , , , , , , , , , , , , , , 
28.5608077, 0.0216526, , , , , , , 28.5608077, -0.005539, , , , , , , 28.5608077, -0.0095674, , , , , , , 28.5608077, 0.0070497, , , , , , , , , , , , , , , , , , , , , , , , , , , , 
28.5613269, 0.0152743, , , , , , , 28.5613269, -0.0041962, , , , , , , 28.5613269, -0.0082246, , , , , , , 28.5613269, 0.0078889, , , , , , , , , , , , , , , , , , , , , , , , , , , , 
28.5618462, 0.0166171, , , , , , , 28.5618462, -0.005539, , , , , , , 28.5618462, -0.005539, , , , , , , 28.5618462, 0.0085603, , , , , , , , , , , , , , , , , , , , , , , , , , , , 
28.5623654, 0.0203098, , , , , , , 28.5623654, -0.0078889, , , , , , , 28.5623654, -0.005539, , , , , , , 28.5623654, 0.0078889, , , , , , , , , , , , , , , , , , , , , , , , , , , , 
28.5628846, 0.0184634, , , , , , , 28.5628846, -0.0082246, , , , , , , 28.5628846, -0.0075532, , , , , , , 28.5628846, 0.0092317, , , , , , , , , , , , , , , , , , , , , , , , , , , , 
28.5634038, 0.0172885, , , , , , , 28.5634038, -0.0058747, , , , , , , 28.5634038, -0.008896, , , , , , , 28.5634038, 0.0082246, , , , , , , , , , , , , , , , , , , , , , , , , , , , 
28.5639231, 0.0157778, , , , , , , 28.5639231, -0.0050355, , , , , , , 28.5639231, -0.008896, , , , , , , 28.5639231, 0.008896, , , , , , , , , , , , , , , , , , , , , , , , , , , , 
28.5644423, 0.0166171, , , , , , , 28.5644423, -0.0048676, , , , , , , 28.5644423, -0.008896, , , , , , , 28.5644423, 0.0095674, , , , , , , , , , , , , , , , , , , , , , , , , , , , 
28.5649615, 0.0186313, , , , , , , 28.5649615, -0.0058747, , , , , , , 28.5649615, -0.0109102, , , , , , , 28.5649615, 0.0058747, , , , , , , , , , , , , , , , , , , , , , , , , , , , 
28.5654808, 0.0219883, , , , , , , 28.5654808, -0.0072175, , , , , , , 28.5654808, -0.0124208, , , , , , , 28.5654808, 0.0031891, , , , , , , , , , , , , , , , , , , , , , , , , , , , 
28.566, 0.0234989, , , , , , , 28.566, -0.0072175, , , , , , , 28.566, -0.012253, , , , , , , 28.566, 0.0038605, , , , , , , , , , , , , , , , , , , , , , , , , , , , 
28.5665192, 0.0253452, , , , , , , 28.5665192, -0.0075532, , , , , , , 28.5665192, -0.0117494, , , , , , , 28.5665192, 0.0025177, , , , , , , , , , , , , , , , , , , , , , , , , , , , 
28.5670385, 0.024506, , , , , , , 28.5670385, -0.0092317, , , , , , , 28.5670385, -0.0105745, , , , , , , 28.5670385, 0.0015106, , , , , , , , , , , , , , , , , , , , , , , , , , , , 
28.5675577, 0.0226596, , , , , , , 28.5675577, -0.0102388, , , , , , , 28.5675577, -0.0109102, , , , , , , 28.5675577, 0.0025177, , , , , , , , , , , , , , , , , , , , , , , , , , , , 
28.5680769, 0.0196384, , , , , , , 28.5680769, -0.0070497, , , , , , , 28.5680769, -0.0109102, , , , , , , 28.5680769, 0.0045319, , , , , , , , , , , , , , , , , , , , , , , , , , , , 
28.5685962, 0.0135958, , , , , , , 28.5685962, -0.0045319, , , , , , , 28.5685962, -0.0109102, , , , , , , 28.5685962, 0.005539, , , , , , , , , , , , , , , , , , , , , , , , , , , , 
28.5691154, 0.0052033, , , , , , , 28.5691154, -0.0048676, , , , , , , 28.5691154, -0.0105745, , , , , , , 28.5691154, 0.0065461, , , , , , , , , , , , , , , , , , , , , , , , , , , , 
28.5696346, 0.0018463, , , , , , , 28.5696346, -0.0057069, , , , , , , 28.5696346, -0.0097353, , , , , , , 28.5696346, 0.0085603, , , , , , , , , , , , , , , , , , , , , , , , , , , , 
28.5701538, 0.0025177, , , , , , , 28.5701538, -0.0068818, , , , , , , 28.5701538, -0.0104067, , , , , , , 28.5701538, 0.0092317, , , , , , , , , , , , , , , , , , , , , , , , , , , , 
28.5706731, 0.0018463, , , , , , , 28.5706731, -0.0075532, , , , , , , 28.5706731, -0.0102388, , , , , , , 28.5706731, 0.0105745, , , , , , , , , , , , , , , , , , , , , , , , , , , , 
28.5711923, -0.0015106, , , , , , , 28.5711923, -0.0077211, , , , , , , 28.5711923, -0.0095674, , , , , , , 28.5711923, 0.0142672, , , , , , , , , , , , , , , , , , , , , , , , , , , , 
28.5717115, -0.0018463, , , , , , , 28.5717115, -0.0095674, , , , , , , 28.5717115, -0.0078889, , , , , , , 28.5717115, 0.0194705, , , , , , , , , , , , , , , , , , , , , , , , , , , , 
28.5722308, 0.0011749, , , , , , , 28.5722308, -0.0109102, , , , , , , 28.5722308, -0.0072175, , , , , , , 28.5722308, 0.0226596, , , , , , , , , , , , , , , , , , , , , , , , , , , , 
28.57275, 0.0025177, , , , , , , 28.57275, -0.0104067, , , , , , , 28.57275, -0.0083925, , , , , , , 28.57275, 0.024506, , , , , , , , , , , , , , , , , , , , , , , , , , , , 
28.5732692, 0.0008392, , , , , , , 28.5732692, -0.0099031, , , , , , , 28.5732692, -0.0082246, , , , , , , 28.5732692, 0.023331, , , , , , , , , , , , , , , , , , , , , , , , , , , , 
28.5737885, 0.0035248, , , , , , , 28.5737885, -0.0105745, , , , , , , 28.5737885, -0.0058747, , , , , , , 28.5737885, 0.0219883, , , , , , , , , , , , , , , , , , , , , , , , , , , , 
28.5743077, 0.0045319, , , , , , , 28.5743077, -0.008896, , , , , , , 28.5743077, -0.0046998, , , , , , , 28.5743077, 0.0229953, , , , , , , , , , , , , , , , , , , , , , , , , , , , 
28.5748269, 0.0072175, , , , , , , 28.5748269, -0.0082246, , , , , , , 28.5748269, -0.0057069, , , , , , , 28.5748269, 0.0229953, , , , , , , , , , , , , , , , , , , , , , , , , , , , 
28.5753462, 0.0119173, , , , , , , 28.5753462, -0.0097353, , , , , , , 28.5753462, -0.0062104, , , , , , , 28.5753462, 0.0206455, , , , , , , , , , , , , , , , , , , , , , , , , , , , 
28.5758654, 0.0135958, , , , , , , 28.5758654, -0.0112459, , , , , , , 28.5758654, -0.0065461, , , , , , , 28.5758654, 0.0186313, , , , , , , , , , , , , , , , , , , , , , , , , , , , 
28.5763846, 0.012253, , , , , , , 28.5763846, -0.0092317, , , , , , , 28.5763846, -0.0078889, , , , , , , 28.5763846, 0.0172885, , , , , , , , , , , , , , , , , , , , , , , , , , , , 
28.5769038, 0.0129244, , , , , , , 28.5769038, -0.0082246, , , , , , , 28.5769038, -0.0092317, , , , , , , 28.5769038, 0.0152743, , , , , , , , , , , , , , , , , , , , , , , , , , , , 
28.5774231, 0.0159457, , , , , , , 28.5774231, -0.008896, , , , , , , 28.5774231, -0.0085603, , , , , , , 28.5774231, 0.0169528, , , , , , , , , , , , , , , , , , , , , , , , , , , , 
28.5779423, 0.01561, , , , , , , 28.5779423, -0.0105745, , , , , , , 28.5779423, -0.0075532, , , , , , , 28.5779423, 0.0152743, , , , , , , , , , , , , , , , , , , , , , , , , , , , 
28.5784615, 0.0159457, , , , , , , 28.5784615, -0.0102388, , , , , , , 28.5784615, -0.0075532, , , , , , , 28.5784615, 0.0077211, , , , , , , , , , , , , , , , , , , , , , , , , , , , 
28.5789808, 0.0187991, , , , , , , 28.5789808, -0.008896, , , , , , , 28.5789808, -0.0082246, , , , , , , 28.5789808, 0.0052033, , , , , , , , , , , , , , , , , , , , , , , , , , , , 
28.5795, 0.014435, , , , , , , 28.5795, -0.0062104, , , , , , , 28.5795, -0.0077211, , , , , , , 28.5795, 0.0075532, , , , , , , , , , , , , , , , , , , , , , , , , , , , 
28.5800192, 0.012253, , , , , , , 28.5800192, -0.0062104, , , , , , , 28.5800192, -0.0075532, , , , , , , 28.5800192, 0.0097353, , , , , , , , , , , , , , , , , , , , , , , , , , , , 
28.5805385, 0.0152743, , , , , , , 28.5805385, -0.0075532, , , , , , , 28.5805385, -0.0072175, , , , , , , 28.5805385, 0.0112459, , , , , , , , , , , , , , , , , , , , , , , , , , , , 
28.5810577, 0.0193027, , , , , , , 28.5810577, -0.0075532, , , , , , , 28.5810577, -0.0070497, , , , , , , 28.5810577, 0.0142672, , , , , , , , , , , , , , , , , , , , , , , , , , , , 
28.5815769, 0.0198062, , , , , , , 28.5815769, -0.0062104, , , , , , , 28.5815769, -0.0075532, , , , , , , 28.5815769, 0.0135958, , , , , , , , , , , , , , , , , , , , , , , , , , , , 
28.5820962, 0.01561, , , , , , , 28.5820962, -0.0068818, , , , , , , 28.5820962, -0.0058747, , , , , , , 28.5820962, 0.0119173, , , , , , , , , , , , , , , , , , , , , , , , , , , , 
28.5826154, 0.0124208, , , , , , , 28.5826154, -0.0057069, , , , , , , 28.5826154, -0.0028534, , , , , , , 28.5826154, 0.0132601, , , , , , , , , , , , , , , , , , , , , , , , , , , , 
28.5831346, 0.0119173, , , , , , , 28.5831346, -0.0043641, , , , , , , 28.5831346, -0.0030213, , , , , , , 28.5831346, 0.0135958, , , , , , , , , , , , , , , , , , , , , , , , , , , , 
28.5836538, 0.01561, , , , , , , 28.5836538, -0.005539, , , , , , , 28.5836538, -0.0068818, , , , , , , 28.5836538, 0.0139315, , , , , , , , , , , , , , , , , , , , , , , , , , , , 
28.5841731, 0.0219883, , , , , , , 28.5841731, -0.0075532, , , , , , , 28.5841731, -0.0077211, , , , , , , 28.5841731, 0.0166171, , , , , , , , , , , , , , , , , , , , , , , , , , , , 
28.5846923, 0.0287022, , , , , , , 28.5846923, -0.0090639, , , , , , , 28.5846923, -0.005539, , , , , , , 28.5846923, 0.0159457, , , , , , , , , , , , , , , , , , , , , , , , , , , , 
28.5852115, 0.0307164, , , , , , , 28.5852115, -0.0099031, , , , , , , 28.5852115, -0.0048676, , , , , , , 28.5852115, 0.0130922, , , , , , , , , , , , , , , , , , , , , , , , , , , , 
28.5857308, 0.0280308, , , , , , , 28.5857308, -0.0115816, , , , , , , 28.5857308, -0.0045319, , , , , , , 28.5857308, 0.0092317, , , , , , , , , , , , , , , , , , , , , , , , , , , , 
28.58625, 0.0209812, , , , , , , 28.58625, -0.0130922, , , , , , , 28.58625, -0.0045319, , , , , , , 28.58625, 0.0045319, , , , , , , , , , , , , , , , , , , , , , , , , , , , 
28.5867692, 0.0172885, , , , , , , 28.5867692, -0.0109102, , , , , , , 28.5867692, -0.0068818, , , , , , , 28.5867692, 0.0030213, , , , , , , , , , , , , , , , , , , , , , , , , , , , 
28.5872885, 0.0219883, , , , , , , 28.5872885, -0.0099031, , , , , , , 28.5872885, -0.0063783, , , , , , , 28.5872885, 0.0038605, , , , , , , , , , , , , , , , , , , , , , , , , , , , 
28.5878077, 0.0226596, , , , , , , 28.5878077, -0.008896, , , , , , , 28.5878077, -0.0062104, , , , , , , 28.5878077, 0.0082246, , , , , , , , , , , , , , , , , , , , , , , , , , , , 
28.5883269, 0.017792, , , , , , , 28.5883269, -0.0075532, , , , , , , 28.5883269, -0.0065461, , , , , , , 28.5883269, 0.0132601, , , , , , , , , , , , , , , , , , , , , , , , , , , , 
28.5888462, 0.0146029, , , , , , , 28.5888462, -0.0068818, , , , , , , 28.5888462, -0.0075532, , , , , , , 28.5888462, 0.0139315, , , , , , , , , , , , , , , , , , , , , , , , , , , , 
28.5893654, 0.0152743, , , , , , , 28.5893654, -0.0058747, , , , , , , 28.5893654, -0.0072175, , , , , , , 28.5893654, 0.0130922, , , , , , , , , , , , , , , , , , , , , , , , , , , , 
28.5898846, 0.0216526, , , , , , , 28.5898846, -0.0041962, , , , , , , 28.5898846, -0.0062104, , , , , , , 28.5898846, 0.0125887, , , , , , , , , , , , , , , , , , , , , , , , , , , , 
28.5904038, 0.0226596, , , , , , , 28.5904038, -0.0048676, , , , , , , 28.5904038, -0.0083925, , , , , , , 28.5904038, 0.0119173, , , , , , , , , , , , , , , , , , , , , , , , , , , , 
28.5909231, 0.0169528, , , , , , , 28.5909231, -0.0068818, , , , , , , 28.5909231, -0.008896, , , , , , , 28.5909231, 0.0142672, , , , , , , , , , , , , , , , , , , , , , , , , , , , 
28.5914423, 0.0139315, , , , , , , 28.5914423, -0.0104067, , , , , , , 28.5914423, -0.0082246, , , , , , , 28.5914423, 0.017792, , , , , , , , , , , , , , , , , , , , , , , , , , , , 
28.5919615, 0.0139315, , , , , , , 28.5919615, -0.0112459, , , , , , , 28.5919615, -0.0078889, , , , , , , 28.5919615, 0.0206455, , , , , , , , , , , , , , , , , , , , , , , , , , , , 
28.5924808, 0.0151064, , , , , , , 28.5924808, -0.0092317, , , , , , , 28.5924808, -0.0065461, , , , , , , 28.5924808, 0.0219883, , , , , , , , , , , , , , , , , , , , , , , , , , , , 
28.593, 0.0176242, , , , , , , 28.593, -0.0082246, , , , , , , 28.593, -0.0058747, , , , , , , 28.593, 0.0219883, , , , , , , , , , , , , , , , , , , , , , , , , , , , 
28.5935192, 0.0216526, , , , , , , 28.5935192, -0.0082246, , , , , , , 28.5935192, -0.0075532, , , , , , , 28.5935192, 0.0206455, , , , , , , , , , , , , , , , , , , , , , , , , , , , 
28.5940385, 0.0204776, , , , , , , 28.5940385, -0.0068818, , , , , , , 28.5940385, -0.0082246, , , , , , , 28.5940385, 0.0203098, , , , , , , , , , , , , , , , , , , , , , , , , , , , 
28.5945577, 0.0129244, , , , , , , 28.5945577, -0.0068818, , , , , , , 28.5945577, -0.0077211, , , , , , , 28.5945577, 0.0199741, , , , , , , , , , , , , , , , , , , , , , , , , , , , 
28.5950769, 0.005539, , , , , , , 28.5950769, -0.0085603, , , , , , , 28.5950769, -0.0095674, , , , , , , 28.5950769, 0.0157778, , , , , , , , , , , , , , , , , , , , , , , , , , , , 
28.5955962, 0.0052033, , , , , , , 28.5955962, -0.0095674, , , , , , , 28.5955962, -0.0105745, , , , , , , 28.5955962, 0.0132601, , , , , , , , , , , , , , , , , , , , , , , , , , , , 
28.5961154, 0.0085603, , , , , , , 28.5961154, -0.0062104, , , , , , , 28.5961154, -0.0099031, , , , , , , 28.5961154, 0.0137636, , , , , , , , , , , , , , , , , , , , , , , , , , , , 
28.5966346, 0.0092317, , , , , , , 28.5966346, -0.0041962, , , , , , , 28.5966346, -0.0072175, , , , , , , 28.5966346, 0.0142672, , , , , , , , , , , , , , , , , , , , , , , , , , , , 
28.5971538, 0.0085603, , , , , , , 28.5971538, -0.0035248, , , , , , , 28.5971538, -0.0070497, , , , , , , 28.5971538, 0.0149386, , , , , , , , , , , , , , , , , , , , , , , , , , , , 
28.5976731, 0.0063783, , , , , , , 28.5976731, -0.0050355, , , , , , , 28.5976731, -0.0082246, , , , , , , 28.5976731, 0.0130922, , , , , , , , , , , , , , , , , , , , , , , , , , , , 
28.5981923, 0.0048676, , , , , , , 28.5981923, -0.0050355, , , , , , , 28.5981923, -0.0104067, , , , , , , 28.5981923, 0.0092317, , , , , , , , , , , , , , , , , , , , , , , , , , , , 
28.5987115, 0.0092317, , , , , , , 28.5987115, -0.0048676, , , , , , , 28.5987115, -0.0109102, , , , , , , 28.5987115, 0.0072175, , , , , , , , , , , , , , , , , , , , , , , , , , , , 
28.5992308, 0.0159457, , , , , , , 28.5992308, -0.005539, , , , , , , 28.5992308, -0.0109102, , , , , , , 28.5992308, 0.0082246, , , , , , , , , , , , , , , , , , , , , , , , , , , , 
28.59975, 0.0219883, , , , , , , 28.59975, -0.0058747, , , , , , , 28.59975, -0.0115816, , , , , , , 28.59975, 0.0085603, , , , , , , , , , , , , , , , , , , , , , , , , , , , 
28.6002692, 0.023331, , , , , , , 28.6002692, -0.0068818, , , , , , , 28.6002692, -0.0109102, , , , , , , 28.6002692, 0.0078889, , , , , , , , , , , , , , , , , , , , , , , , , , , , 
28.6007885, 0.0206455, , , , , , , 28.6007885, -0.0075532, , , , , , , 28.6007885, -0.0099031, , , , , , , 28.6007885, 0.0065461, , , , , , , , , , , , , , , , , , , , , , , , , , , , 
28.6013077, 0.0137636, , , , , , , 28.6013077, -0.0082246, , , , , , , 28.6013077, -0.012253, , , , , , , 28.6013077, 0.0065461, , , , , , , , , , , , , , , , , , , , , , , , , , , , 
28.6018269, 0.0099031, , , , , , , 28.6018269, -0.0077211, , , , , , , 28.6018269, -0.0124208, , , , , , , 28.6018269, 0.0058747, , , , , , , , , , , , , , , , , , , , , , , , , , , , 
28.6023462, 0.0139315, , , , , , , 28.6023462, -0.0072175, , , , , , , 28.6023462, -0.0109102, , , , , , , 28.6023462, 0.0058747, , , , , , , , , , , , , , , , , , , , , , , , , , , , 
28.6028654, 0.0179599, , , , , , , 28.6028654, -0.0068818, , , , , , , 28.6028654, -0.0115816, , , , , , , 28.6028654, 0.0078889, , , , , , , , , , , , , , , , , , , , , , , , , , , , 
28.6033846, 0.0209812, , , , , , , 28.6033846, -0.0078889, , , , , , , 28.6033846, -0.0115816, , , , , , , 28.6033846, 0.0078889, , , , , , , , , , , , , , , , , , , , , , , , , , , , 
28.6039038, 0.0253452, , , , , , , 28.6039038, -0.0085603, , , , , , , 28.6039038, -0.0102388, , , , , , , 28.6039038, 0.0048676, , , , , , , , , , , , , , , , , , , , , , , , , , , , 
28.6044231, 0.0276951, , , , , , , 28.6044231, -0.0082246, , , , , , , 28.6044231, -0.0102388, , , , , , , 28.6044231, 0.0011749, , , , , , , , , , , , , , , , , , , , , , , , , , , , 
28.6049423, 0.0280308, , , , , , , 28.6049423, -0.0070497, , , , , , , 28.6049423, -0.0112459, , , , , , , 28.6049423, -0.0008392, , , , , , , , , , , , , , , , , , , , , , , , , , , , 
28.6054615, 0.0271916, , , , , , , 28.6054615, -0.0082246, , , , , , , 28.6054615, -0.0119173, , , , , , , 28.6054615, -0.002182, , , , , , , , , , , , , , , , , , , , , , , , , , , , 
28.6059808, 0.0273594, , , , , , , 28.6059808, -0.0082246, , , , , , , 28.6059808, -0.0129244, , , , , , , 28.6059808, -0.0035248, , , , , , , , , , , , , , , , , , , , , , , , , , , , 
28.6065, 0.030045, , , , , , , 28.6065, -0.0082246, , , , , , , 28.6065, -0.0129244, , , , , , , 28.6065, -0.0016785, , , , , , , , , , , , , , , , , , , , , , , , , , , , 
28.6070192, 0.0297093, , , , , , , 28.6070192, -0.0072175, , , , , , , 28.6070192, -0.0119173, , , , , , , 28.6070192, 0.0011749, , , , , , , , , , , , , , , , , , , , , , , , , , , , 
28.6075385, 0.0256809, , , , , , , 28.6075385, -0.0072175, , , , , , , 28.6075385, -0.0099031, , , , , , , 28.6075385, 0.0025177, , , , , , , , , , , , , , , , , , , , , , , , , , , , 
28.6080577, 0.0236667, , , , , , , 28.6080577, -0.0077211, , , , , , , 28.6080577, -0.0092317, , , , , , , 28.6080577, 0.0036927, , , , , , , , , , , , , , , , , , , , , , , , , , , , 
28.6085769, 0.0224918, , , , , , , 28.6085769, -0.0083925, , , , , , , 28.6085769, -0.0102388, , , , , , , 28.6085769, 0.0052033, , , , , , , , , , , , , , , , , , , , , , , , , , , , 
28.6090962, 0.0209812, , , , , , , 28.6090962, -0.0090639, , , , , , , 28.6090962, -0.0102388, , , , , , , 28.6090962, 0.0082246, , , , , , , , , , , , , , , , , , , , , , , , , , , , 
28.6096154, 0.0193027, , , , , , , 28.6096154, -0.0082246, , , , , , , 28.6096154, -0.0087282, , , , , , , 28.6096154, 0.012253, , , , , , , , , , , , , , , , , , , , , , , , , , , , 
28.6101346, 0.017792, , , , , , , 28.6101346, -0.0085603, , , , , , , 28.6101346, -0.0072175, , , , , , , 28.6101346, 0.0166171, , , , , , , , , , , , , , , , , , , , , , , , , , , , 
28.6106538, 0.0172885, , , , , , , 28.6106538, -0.008896, , , , , , , 28.6106538, -0.0062104, , , , , , , 28.6106538, 0.0166171, , , , , , , , , , , , , , , , , , , , , , , , , , , , 
28.6111731, 0.0132601, , , , , , , 28.6111731, -0.0085603, , , , , , , 28.6111731, -0.0058747, , , , , , , 28.6111731, 0.0169528, , , , , , , , , , , , , , , , , , , , , , , , , , , , 
28.6116923, 0.0045319, , , , , , , 28.6116923, -0.0078889, , , , , , , 28.6116923, -0.0043641, , , , , , , 28.6116923, 0.0209812, , , , , , , , , , , , , , , , , , , , , , , , , , , , 
28.6122115, -0.0003357, , , , , , , 28.6122115, -0.0070497, , , , , , , 28.6122115, -0.0041962, , , , , , , 28.6122115, 0.0253452, , , , , , , , , , , , , , , , , , , , , , , , , , , , 
28.6127308, -0.0015106, , , , , , , 28.6127308, -0.0068818, , , , , , , 28.6127308, -0.0041962, , , , , , , 28.6127308, 0.0258488, , , , , , , , , , , , , , , , , , , , , , , , , , , , 
28.61325, 0.0008392, , , , , , , 28.61325, -0.005539, , , , , , , 28.61325, -0.0031891, , , , , , , 28.61325, 0.024506, , , , , , , , , , , , , , , , , , , , , , , , , , , , 
28.6137692, 0.0025177, , , , , , , 28.6137692, -0.005539, , , , , , , 28.6137692, -0.0035248, , , , , , , 28.6137692, 0.0250095, , , , , , , , , , , , , , , , , , , , , , , , , , , , 
28.6142885, 0.0035248, , , , , , , 28.6142885, -0.0078889, , , , , , , 28.6142885, -0.0045319, , , , , , , 28.6142885, 0.0260166, , , , , , , , , , , , , , , , , , , , , , , , , , , , 
28.6148077, -0.0005035, , , , , , , 28.6148077, -0.0095674, , , , , , , 28.6148077, -0.005539, , , , , , , 28.6148077, 0.0265202, , , , , , , , , , , , , , , , , , , , , , , , , , , , 
28.6153269, -0.0008392, , , , , , , 28.6153269, -0.0102388, , , , , , , 28.6153269, -0.0062104, , , , , , , 28.6153269, 0.0246738, , , , , , , , , , , , , , , , , , , , , , , , , , , , 
28.6158462, 0.0058747, , , , , , , 28.6158462, -0.0102388, , , , , , , 28.6158462, -0.0070497, , , , , , , 28.6158462, 0.0206455, , , , , , , , , , , , , , , , , , , , , , , , , , , , 
28.6163654, 0.0072175, , , , , , , 28.6163654, -0.0115816, , , , , , , 28.6163654, -0.0068818, , , , , , , 28.6163654, 0.0182956, , , , , , , , , , , , , , , , , , , , , , , , , , , , 
28.6168846, 0.0065461, , , , , , , 28.6168846, -0.0112459, , , , , , , 28.6168846, -0.005539, , , , , , , 28.6168846, 0.017792, , , , , , , , , , , , , , , , , , , , , , , , , , , , 
28.6174038, 0.0078889, , , , , , , 28.6174038, -0.0085603, , , , , , , 28.6174038, -0.005539, , , , , , , 28.6174038, 0.0179599, , , , , , , , , , , , , , , , , , , , , , , , , , , , 
28.6179231, 0.0095674, , , , , , , 28.6179231, -0.0082246, , , , , , , 28.6179231, -0.0068818, , , , , , , 28.6179231, 0.0184634, , , , , , , , , , , , , , , , , , , , , , , , , , , , 
28.6184423, 0.0125887, , , , , , , 28.6184423, -0.008896, , , , , , , 28.6184423, -0.0075532, , , , , , , 28.6184423, 0.0186313, , , , , , , , , , , , , , , , , , , , , , , , , , , , 
28.6189615, 0.0149386, , , , , , , 28.6189615, -0.0102388, , , , , , , 28.6189615, -0.0057069, , , , , , , 28.6189615, 0.0186313, , , , , , , , , , , , , , , , , , , , , , , , , , , , 
28.6194808, 0.0125887, , , , , , , 28.6194808, -0.0109102, , , , , , , 28.6194808, -0.0052033, , , , , , , 28.6194808, 0.01561, , , , , , , , , , , , , , , , , , , , , , , , , , , , 
28.62, 0.0105745, , , , , , , 28.62, -0.0102388, , , , , , , 28.62, -0.0048676, , , , , , , 28.62, 0.0132601, , , , , , , , , , , , , , , , , , , , , , , , , , , , 
28.6205192, 0.0152743, , , , , , , 28.6205192, -0.0097353, , , , , , , 28.6205192, -0.0050355, , , , , , , 28.6205192, 0.0109102, , , , , , , , , , , , , , , , , , , , , , , , , , , , 
28.6210385, 0.0179599, , , , , , , 28.6210385, -0.0078889, , , , , , , 28.6210385, -0.0058747, , , , , , , 28.6210385, 0.0078889, , , , , , , , , , , , , , , , , , , , , , , , , , , , 
28.6215577, 0.0159457, , , , , , , 28.6215577, -0.0065461, , , , , , , 28.6215577, -0.0068818, , , , , , , 28.6215577, 0.0070497, , , , , , , , , , , , , , , , , , , , , , , , , , , , 
28.6220769, 0.0135958, , , , , , , 28.6220769, -0.0087282, , , , , , , 28.6220769, -0.005539, , , , , , , 28.6220769, 0.0078889, , , , , , , , , , , , , , , , , , , , , , , , , , , , 
28.6225962, 0.0105745, , , , , , , 28.6225962, -0.0082246, , , , , , , 28.6225962, -0.0031891, , , , , , , 28.6225962, 0.0083925, , , , , , , , , , , , , , , , , , , , , , , , , , , , 
28.6231154, 0.0102388, , , , , , , 28.6231154, -0.0062104, , , , , , , 28.6231154, -0.0031891, , , , , , , 28.6231154, 0.0068818, , , , , , , , , , , , , , , , , , , , , , , , , , , , 
28.6236346, 0.0119173, , , , , , , 28.6236346, -0.005539, , , , , , , 28.6236346, -0.0045319, , , , , , , 28.6236346, 0.0065461, , , , , , , , , , , , , , , , , , , , , , , , , , , , 
28.6241538, 0.0105745, , , , , , , 28.6241538, -0.0082246, , , , , , , 28.6241538, -0.0048676, , , , , , , 28.6241538, 0.0058747, , , , , , , , , , , , , , , , , , , , , , , , , , , , 
28.6246731, 0.0092317, , , , , , , 28.6246731, -0.008896, , , , , , , 28.6246731, -0.0068818, , , , , , , 28.6246731, 0.0048676, , , , , , , , , , , , , , , , , , , , , , , , , , , , 
28.6251923, 0.0119173, , , , , , , 28.6251923, -0.0082246, , , , , , , 28.6251923, -0.0070497, , , , , , , 28.6251923, 0.0052033, , , , , , , , , , , , , , , , , , , , , , , , , , , , 
28.6257115, 0.0125887, , , , , , , 28.6257115, -0.0068818, , , , , , , 28.6257115, -0.0075532, , , , , , , 28.6257115, 0.005539, , , , , , , , , , , , , , , , , , , , , , , , , , , , 
28.6262308, 0.0132601, , , , , , , 28.6262308, -0.0057069, , , , , , , 28.6262308, -0.0082246, , , , , , , 28.6262308, 0.0038605, , , , , , , , , , , , , , , , , , , , , , , , , , , , 
28.62675, 0.0186313, , , , , , , 28.62675, -0.0063783, , , , , , , 28.62675, -0.0102388, , , , , , , 28.62675, 0.0018463, , , , , , , , , , , , , , , , , , , , , , , , , , , , 
28.6272692, 0.0260166, , , , , , , 28.6272692, -0.005539, , , , , , , 28.6272692, -0.011078, , , , , , , 28.6272692, 0.0028534, , , , , , , , , , , , , , , , , , , , , , , , , , , , 
28.6277885, 0.030045, , , , , , , 28.6277885, -0.0065461, , , , , , , 28.6277885, -0.0112459, , , , , , , 28.6277885, 0.0018463, , , , , , , , , , , , , , , , , , , , , , , , , , , , 
28.6283077, 0.0250095, , , , , , , 28.6283077, -0.0082246, , , , , , , 28.6283077, -0.0095674, , , , , , , 28.6283077, -0.0001678, , , , , , , , , , , , , , , , , , , , , , , , , , , , 
28.6288269, 0.0169528, , , , , , , 28.6288269, -0.0068818, , , , , , , 28.6288269, -0.0078889, , , , , , , 28.6288269, 0.0018463, , , , , , , , , , , , , , , , , , , , , , , , , , , , 
28.6293462, 0.0095674, , , , , , , 28.6293462, -0.0050355, , , , , , , 28.6293462, -0.0068818, , , , , , , 28.6293462, 0.0065461, , , , , , , , , , , , , , , , , , , , , , , , , , , , 
28.6298654, 0.0090639, , , , , , , 28.6298654, -0.0048676, , , , , , , 28.6298654, -0.0068818, , , , , , , 28.6298654, 0.0085603, , , , , , , , , , , , , , , , , , , , , , , , , , , , 
28.6303846, 0.012253, , , , , , , 28.6303846, -0.0035248, , , , , , , 28.6303846, -0.0075532, , , , , , , 28.6303846, 0.0092317, , , , , , , , , , , , , , , , , , , , , , , , , , , , 
28.6309038, 0.0090639, , , , , , , 28.6309038, -0.0028534, , , , , , , 28.6309038, -0.008896, , , , , , , 28.6309038, 0.0112459, , , , , , , , , , , , , , , , , , , , , , , , , , , , 
28.6314231, 0.0041962, , , , , , , 28.6314231, -0.005539, , , , , , , 28.6314231, -0.008896, , , , , , , 28.6314231, 0.0154421, , , , , , , , , , , , , , , , , , , , , , , , , , , , 
28.6319423, 0.0031891, , , , , , , 28.6319423, -0.0062104, , , , , , , 28.6319423, -0.0075532, , , , , , , 28.6319423, 0.0179599, , , , , , , , , , , , , , , , , , , , , , , , , , , , 
28.6324615, 0.0041962, , , , , , , 28.6324615, -0.005539, , , , , , , 28.6324615, -0.0062104, , , , , , , 28.6324615, 0.0181277, , , , , , , , , , , , , , , , , , , , , , , , , , , , 
28.6329808, 0.0062104, , , , , , , 28.6329808, -0.005539, , , , , , , 28.6329808, -0.0062104, , , , , , , 28.6329808, 0.0196384, , , , , , , , , , , , , , , , , , , , , , , , , , , , 
28.6335, 0.0025177, , , , , , , 28.6335, -0.0068818, , , , , , , 28.6335, -0.0058747, , , , , , , 28.6335, 0.0213169, , , , , , , , , , , , , , , , , , , , , , , , , , , , 
28.6340192, -0.0015106, , , , , , , 28.6340192, -0.0072175, , , , , , , 28.6340192, -0.0062104, , , , , , , 28.6340192, 0.0229953, , , , , , , , , , , , , , , , , , , , , , , , , , , , 
28.6345385, 0.0008392, , , , , , , 28.6345385, -0.0068818, , , , , , , 28.6345385, -0.0062104, , , , , , , 28.6345385, 0.0231632, , , , , , , , , , , , , , , , , , , , , , , , , , , , 
28.6350577, 0.0043641, , , , , , , 28.6350577, -0.0075532, , , , , , , 28.6350577, -0.0082246, , , , , , , 28.6350577, 0.0199741, , , , , , , , , , , , , , , , , , , , , , , , , , , , 
28.6355769, 0.0050355, , , , , , , 28.6355769, -0.008896, , , , , , , 28.6355769, -0.0095674, , , , , , , 28.6355769, 0.0179599, , , , , , , , , , , , , , , , , , , , , , , , , , , , 
28.6360962, 0.0020142, , , , , , , 28.6360962, -0.008896, , , , , , , 28.6360962, -0.0095674, , , , , , , 28.6360962, 0.0196384, , , , , , , , , , , , , , , , , , , , , , , , , , , , 
28.6366154, -0.0015106, , , , , , , 28.6366154, -0.0085603, , , , , , , 28.6366154, -0.008896, , , , , , , 28.6366154, 0.0199741, , , , , , , , , , , , , , , , , , , , , , , , , , , , 
28.6371346, -0.0015106, , , , , , , 28.6371346, -0.0078889, , , , , , , 28.6371346, -0.0082246, , , , , , , 28.6371346, 0.0182956, , , , , , , , , , , , , , , , , , , , , , , , , , , , 
28.6376538, -0.0003357, , , , , , , 28.6376538, -0.0085603, , , , , , , 28.6376538, -0.0083925, , , , , , , 28.6376538, 0.01561, , , , , , , , , , , , , , , , , , , , , , , , , , , , 
28.6381731, -0.0008392, , , , , , , 28.6381731, -0.0082246, , , , , , , 28.6381731, -0.008896, , , , , , , 28.6381731, 0.0146029, , , , , , , , , , , , , , , , , , , , , , , , , , , , 
28.6386923, -0.0038605, , , , , , , 28.6386923, -0.0090639, , , , , , , 28.6386923, -0.0082246, , , , , , , 28.6386923, 0.0139315, , , , , , , , , , , , , , , , , , , , , , , , , , , , 
28.6392115, -0.0028534, , , , , , , 28.6392115, -0.012253, , , , , , , 28.6392115, -0.0075532, , , , , , , 28.6392115, 0.012253, , , , , , , , , , , , , , , , , , , , , , , , , , , , 
28.6397308, 0.0015106, , , , , , , 28.6397308, -0.0125887, , , , , , , 28.6397308, -0.0078889, , , , , , , 28.6397308, 0.0115816, , , , , , , , , , , , , , , , , , , , , , , , , , , , 
28.64025, 0.0008392, , , , , , , 28.64025, -0.0109102, , , , , , , 28.64025, -0.0085603, , , , , , , 28.64025, 0.0115816, , , , , , , , , , , , , , , , , , , , , , , , , , , , 
28.6407692, 0.0025177, , , , , , , 28.6407692, -0.0078889, , , , , , , 28.6407692, -0.008896, , , , , , , 28.6407692, 0.0112459, , , , , , , , , , , , , , , , , , , , , , , , , , , , 
28.6412885, 0.0085603, , , , , , , 28.6412885, -0.0060426, , , , , , , 28.6412885, -0.0082246, , , , , , , 28.6412885, 0.0102388, , , , , , , , , , , , , , , , , , , , , , , , , , , , 
28.6418077, 0.0090639, , , , , , , 28.6418077, -0.0075532, , , , , , , 28.6418077, -0.008896, , , , , , , 28.6418077, 0.0092317, , , , , , , , , , , , , , , , , , , , , , , , , , , , 
28.6423269, 0.0112459, , , , , , , 28.6423269, -0.0109102, , , , , , , 28.6423269, -0.0102388, , , , , , , 28.6423269, 0.0114137, , , , , , , , , , , , , , , , , , , , , , , , , , , , 
28.6428462, 0.0182956, , , , , , , 28.6428462, -0.0112459, , , , , , , 28.6428462, -0.0115816, , , , , , , 28.6428462, 0.0146029, , , , , , , , , , , , , , , , , , , , , , , , , , , , 
28.6433654, 0.026688, , , , , , , 28.6433654, -0.0077211, , , , , , , 28.6433654, -0.012253, , , , , , , 28.6433654, 0.0159457, , , , , , , , , , , , , , , , , , , , , , , , , , , , 
28.6438846, 0.0327306, , , , , , , 28.6438846, -0.005539, , , , , , , 28.6438846, -0.0119173, , , , , , , 28.6438846, 0.0172885, , , , , , , , , , , , , , , , , , , , , , , , , , , , 
28.6444038, 0.0340734, , , , , , , 28.6444038, -0.0062104, , , , , , , 28.6444038, -0.0104067, , , , , , , 28.6444038, 0.0152743, , , , , , , , , , , , , , , , , , , , , , , , , , , , 
28.6449231, 0.0307164, , , , , , , 28.6449231, -0.0075532, , , , , , , 28.6449231, -0.0092317, , , , , , , 28.6449231, 0.0115816, , , , , , , , , , , , , , , , , , , , , , , , , , , , 
28.6454423, 0.0246738, , , , , , , 28.6454423, -0.0082246, , , , , , , 28.6454423, -0.0085603, , , , , , , 28.6454423, 0.0095674, , , , , , , , , , , , , , , , , , , , , , , , , , , , 
28.6459615, 0.023331, , , , , , , 28.6459615, -0.0070497, , , , , , , 28.6459615, -0.0082246, , , , , , , 28.6459615, 0.0092317, , , , , , , , , , , , , , , , , , , , , , , , , , , , 
28.6464808, 0.0271916, , , , , , , 28.6464808, -0.0072175, , , , , , , 28.6464808, -0.0097353, , , , , , , 28.6464808, 0.0082246, , , , , , , , , , , , , , , , , , , , , , , , , , , , 
28.647, 0.0293736, , , , , , , 28.647, -0.0092317, , , , , , , 28.647, -0.0104067, , , , , , , 28.647, 0.0058747, , , , , , , , , , , , , , , , , , , , , , , , , , , , 
28.6475192, 0.0270237, , , , , , , 28.6475192, -0.0112459, , , , , , , 28.6475192, -0.0119173, , , , , , , 28.6475192, 0.0050355, , , , , , , , , , , , , , , , , , , , , , , , , , , , 
28.6480385, 0.0243381, , , , , , , 28.6480385, -0.0105745, , , , , , , 28.6480385, -0.0132601, , , , , , , 28.6480385, 0.0050355, , , , , , , , , , , , , , , , , , , , , , , , , , , , 
28.6485577, 0.0226596, , , , , , , 28.6485577, -0.0095674, , , , , , , 28.6485577, -0.0135958, , , , , , , 28.6485577, 0.0050355, , , , , , , , , , , , , , , , , , , , , , , , , , , , 
28.6490769, 0.0209812, , , , , , , 28.6490769, -0.008896, , , , , , , 28.6490769, -0.012253, , , , , , , 28.6490769, 0.0072175, , , , , , , , , , , , , , , , , , , , , , , , , , , , 
28.6495962, 0.0169528, , , , , , , 28.6495962, -0.0082246, , , , , , , 28.6495962, -0.0109102, , , , , , , 28.6495962, 0.0105745, , , , , , , , , , , , , , , , , , , , , , , , , , , , 
28.6501154, 0.0139315, , , , , , , 28.6501154, -0.0072175, , , , , , , 28.6501154, -0.0099031, , , , , , , 28.6501154, 0.0146029, , , , , , , , , , , , , , , , , , , , , , , , , , , , 
28.6506346, 0.0125887, , , , , , , 28.6506346, -0.0073854, , , , , , , 28.6506346, -0.008896, , , , , , , 28.6506346, 0.0172885, , , , , , , , , , , , , , , , , , , , , , , , , , , , 
28.6511538, 0.0146029, , , , , , , 28.6511538, -0.0068818, , , , , , , 28.6511538, -0.0062104, , , , , , , 28.6511538, 0.0172885, , , , , , , , , , , , , , , , , , , , , , , , , , , , 
28.6516731, 0.0152743, , , , , , , 28.6516731, -0.0062104, , , , , , , 28.6516731, -0.0048676, , , , , , , 28.6516731, 0.0176242, , , , , , , , , , , , , , , , , , , , , , , , , , , , 
28.6521923, 0.0139315, , , , , , , 28.6521923, -0.0068818, , , , , , , 28.6521923, -0.0062104, , , , , , , 28.6521923, 0.0193027, , , , , , , , , , , , , , , , , , , , , , , , , , , , 
28.6527115, 0.0078889, , , , , , , 28.6527115, -0.0072175, , , , , , , 28.6527115, -0.0075532, , , , , , , 28.6527115, 0.0219883, , , , , , , , , , , , , , , , , , , , , , , , , , , , 
28.6532308, 0.0045319, , , , , , , 28.6532308, -0.0062104, , , , , , , 28.6532308, -0.0072175, , , , , , , 28.6532308, 0.0224918, , , , , , , , , , , , , , , , , , , , , , , , , , , , 
28.65375, 0.0035248, , , , , , , 28.65375, -0.0065461, , , , , , , 28.65375, -0.0080568, , , , , , , 28.65375, 0.0199741, , , , , , , , , , , , , , , , , , , , , , , , , , , , 
28.6542692, 0.0028534, , , , , , , 28.6542692, -0.0083925, , , , , , , 28.6542692, -0.0082246, , , , , , , 28.6542692, 0.0184634, , , , , , , , , , , , , , , , , , , , , , , , , , , , 
28.6547885, 0.0058747, , , , , , , 28.6547885, -0.0095674, , , , , , , 28.6547885, -0.0063783, , , , , , , 28.6547885, 0.0159457, , , , , , , , , , , , , , , , , , , , , , , , , , , , 
28.6553077, 0.0072175, , , , , , , 28.6553077, -0.0085603, , , , , , , 28.6553077, -0.0048676, , , , , , , 28.6553077, 0.0142672, , , , , , , , , , , , , , , , , , , , , , , , , , , , 
28.6558269, 0.0097353, , , , , , , 28.6558269, -0.0085603, , , , , , , 28.6558269, -0.0035248, , , , , , , 28.6558269, 0.0139315, , , , , , , , , , , , , , , , , , , , , , , , , , , , 
28.6563462, 0.0112459, , , , , , , 28.6563462, -0.0095674, , , , , , , 28.6563462, -0.0028534, , , , , , , 28.6563462, 0.0139315, , , , , , , , , , , , , , , , , , , , , , , , , , , , 
28.6568654, 0.0125887, , , , , , , 28.6568654, -0.0115816, , , , , , , 28.6568654, -0.0041962, , , , , , , 28.6568654, 0.0139315, , , , , , , , , , , , , , , , , , , , , , , , , , , , 
28.6573846, 0.0112459, , , , , , , 28.6573846, -0.0132601, , , , , , , 28.6573846, -0.0058747, , , , , , , 28.6573846, 0.0146029, , , , , , , , , , , , , , , , , , , , , , , , , , , , 
28.6579038, 0.0075532, , , , , , , 28.6579038, -0.0119173, , , , , , , 28.6579038, -0.0075532, , , , , , , 28.6579038, 0.0132601, , , , , , , , , , , , , , , , , , , , , , , , , , , , 
28.6584231, 0.0073854, , , , , , , 28.6584231, -0.0109102, , , , , , , 28.6584231, -0.0083925, , , , , , , 28.6584231, 0.0102388, , , , , , , , , , , , , , , , , , , , , , , , , , , , 
28.6589423, 0.0092317, , , , , , , 28.6589423, -0.0104067, , , , , , , 28.6589423, -0.0072175, , , , , , , 28.6589423, 0.0109102, , , , , , , , , , , , , , , , , , , , , , , , , , , , 
28.6594615, 0.0146029, , , , , , , 28.6594615, -0.0090639, , , , , , , 28.6594615, -0.0058747, , , , , , , 28.6594615, 0.0139315, , , , , , , , , , , , , , , , , , , , , , , , , , , , 
28.6599808, 0.0209812, , , , , , , 28.6599808, -0.0070497, , , , , , , 28.6599808, -0.0052033, , , , , , , 28.6599808, 0.0139315, , , , , , , , , , , , , , , , , , , , , , , , , , , , 
28.6605, 0.0206455, , , , , , , 28.6605, -0.0062104, , , , , , , 28.6605, -0.0041962, , , , , , , 28.6605, 0.0129244, , , , , , , , , , , , , , , , , , , , , , , , , , , , 
28.6610192, 0.0149386, , , , , , , 28.6610192, -0.005539, , , , , , , 28.6610192, -0.0041962, , , , , , , 28.6610192, 0.0112459, , , , , , , , , , , , , , , , , , , , , , , , , , , , 
28.6615385, 0.0125887, , , , , , , 28.6615385, -0.0060426, , , , , , , 28.6615385, -0.0058747, , , , , , , 28.6615385, 0.0109102, , , , , , , , , , , , , , , , , , , , , , , , , , , , 
28.6620577, 0.0142672, , , , , , , 28.6620577, -0.0048676, , , , , , , 28.6620577, -0.0083925, , , , , , , 28.6620577, 0.0105745, , , , , , , , , , , , , , , , , , , , , , , , , , , , 
28.6625769, 0.0152743, , , , , , , 28.6625769, -0.0045319, , , , , , , 28.6625769, -0.0090639, , , , , , , 28.6625769, 0.0125887, , , , , , , , , , , , , , , , , , , , , , , , , , , , 
28.6630962, 0.01561, , , , , , , 28.6630962, -0.0050355, , , , , , , 28.6630962, -0.0068818, , , , , , , 28.6630962, 0.0139315, , , , , , , , , , , , , , , , , , , , , , , , , , , , 
28.6636154, 0.0162814, , , , , , , 28.6636154, -0.0045319, , , , , , , 28.6636154, -0.0041962, , , , , , , 28.6636154, 0.0125887, , , , , , , , , , , , , , , , , , , , , , , , , , , , 
28.6641346, 0.0166171, , , , , , , 28.6641346, -0.0028534, , , , , , , 28.6641346, -0.0028534, , , , , , , 28.6641346, 0.0099031, , , , , , , , , , , , , , , , , , , , , , , , , , , , 
28.6646538, 0.018967, , , , , , , 28.6646538, -0.0028534, , , , , , , 28.6646538, -0.0041962, , , , , , , 28.6646538, 0.0085603, , , , , , , , , , , , , , , , , , , , , , , , , , , , 
28.6651731, 0.0199741, , , , , , , 28.6651731, -0.0052033, , , , , , , 28.6651731, -0.0063783, , , , , , , 28.6651731, 0.0082246, , , , , , , , , , , , , , , , , , , , , , , , , , , , 
28.6656923, 0.0179599, , , , , , , 28.6656923, -0.0070497, , , , , , , 28.6656923, -0.0068818, , , , , , , 28.6656923, 0.0092317, , , , , , , , , , , , , , , , , , , , , , , , , , , , 
28.6662115, 0.0186313, , , , , , , 28.6662115, -0.0062104, , , , , , , 28.6662115, -0.0077211, , , , , , , 28.6662115, 0.0109102, , , , , , , , , , , , , , , , , , , , , , , , , , , , 
28.6667308, 0.0209812, , , , , , , 28.6667308, -0.0041962, , , , , , , 28.6667308, -0.0078889, , , , , , , 28.6667308, 0.0105745, , , , , , , , , , , , , , , , , , , , , , , , , , , , 
28.66725, 0.0193027, , , , , , , 28.66725, -0.0031891, , , , , , , 28.66725, -0.0082246, , , , , , , 28.66725, 0.008896, , , , , , , , , , , , , , , , , , , , , , , , , , , , 
28.6677692, 0.0199741, , , , , , , 28.6677692, -0.0041962, , , , , , , 28.6677692, -0.0092317, , , , , , , 28.6677692, 0.0095674, , , , , , , , , , , , , , , , , , , , , , , , , , , , 
28.6682885, 0.0226596, , , , , , , 28.6682885, -0.0036927, , , , , , , 28.6682885, -0.0082246, , , , , , , 28.6682885, 0.0112459, , , , , , , , , , , , , , , , , , , , , , , , , , , , 
28.6688077, 0.0206455, , , , , , , 28.6688077, -0.0031891, , , , , , , 28.6688077, -0.0075532, , , , , , , 28.6688077, 0.0105745, , , , , , , , , , , , , , , , , , , , , , , , , , , , 
28.6693269, 0.0161135, , , , , , , 28.6693269, -0.0050355, , , , , , , 28.6693269, -0.0065461, , , , , , , 28.6693269, 0.0105745, , , , , , , , , , , , , , , , , , , , , , , , , , , , 
28.6698462, 0.0132601, , , , , , , 28.6698462, -0.0075532, , , , , , , 28.6698462, -0.0072175, , , , , , , 28.6698462, 0.0139315, , , , , , , , , , , , , , , , , , , , , , , , , , , , 
28.6703654, 0.0139315, , , , , , , 28.6703654, -0.0082246, , , , , , , 28.6703654, -0.0072175, , , , , , , 28.6703654, 0.0151064, , , , , , , , , , , , , , , , , , , , , , , , , , , , 
28.6708846, 0.0139315, , , , , , , 28.6708846, -0.0078889, , , , , , , 28.6708846, -0.0068818, , , , , , , 28.6708846, 0.0142672, , , , , , , , , , , , , , , , , , , , , , , , , , , , 
28.6714038, 0.0099031, , , , , , , 28.6714038, -0.0082246, , , , , , , 28.6714038, -0.0052033, , , , , , , 28.6714038, 0.0146029, , , , , , , , , , , , , , , , , , , , , , , , , , , , 
28.6719231, 0.0036927, , , , , , , 28.6719231, -0.0092317, , , , , , , 28.6719231, -0.0043641, , , , , , , 28.6719231, 0.0159457, , , , , , , , , , , , , , , , , , , , , , , , , , , , 
28.6724423, 0.0008392, , , , , , , 28.6724423, -0.0085603, , , , , , , 28.6724423, -0.0057069, , , , , , , 28.6724423, 0.018967, , , , , , , , , , , , , , , , , , , , , , , , , , , , 
28.6729615, 0.0011749, , , , , , , 28.6729615, -0.0092317, , , , , , , 28.6729615, -0.0068818, , , , , , , 28.6729615, 0.0226596, , , , , , , , , , , , , , , , , , , , , , , , , , , , 
28.6734808, 0.0011749, , , , , , , 28.6734808, -0.0095674, , , , , , , 28.6734808, -0.0078889, , , , , , , 28.6734808, 0.0213169, , , , , , , , , , , , , , , , , , , , , , , , , , , , 
28.674, 0.0031891, , , , , , , 28.674, -0.008896, , , , , , , 28.674, -0.008896, , , , , , , 28.674, 0.0196384, , , , , , , , , , , , , , , , , , , , , , , , , , , , 
28.6745192, 0.0052033, , , , , , , 28.6745192, -0.0082246, , , , , , , 28.6745192, -0.0102388, , , , , , , 28.6745192, 0.018967, , , , , , , , , , , , , , , , , , , , , , , , , , , , 
28.6750385, 0.0058747, , , , , , , 28.6750385, -0.0062104, , , , , , , 28.6750385, -0.0097353, , , , , , , 28.6750385, 0.018967, , , , , , , , , , , , , , , , , , , , , , , , , , , , 
28.6755577, 0.0057069, , , , , , , 28.6755577, -0.0062104, , , , , , , 28.6755577, -0.0095674, , , , , , , 28.6755577, 0.0172885, , , , , , , , , , , , , , , , , , , , , , , , , , , , 
28.6760769, 0.0057069, , , , , , , 28.6760769, -0.0060426, , , , , , , 28.6760769, -0.0085603, , , , , , , 28.6760769, 0.0166171, , , , , , , , , , , , , , , , , , , , , , , , , , , , 
28.6765962, 0.0068818, , , , , , , 28.6765962, -0.0058747, , , , , , , 28.6765962, -0.0082246, , , , , , , 28.6765962, 0.0159457, , , , , , , , , , , , , , , , , , , , , , , , , , , , 
28.6771154, 0.0105745, , , , , , , 28.6771154, -0.005539, , , , , , , 28.6771154, -0.0085603, , , , , , , 28.6771154, 0.0159457, , , , , , , , , , , , , , , , , , , , , , , , , , , , 
28.6776346, 0.0142672, , , , , , , 28.6776346, -0.0052033, , , , , , , 28.6776346, -0.008896, , , , , , , 28.6776346, 0.0159457, , , , , , , , , , , , , , , , , , , , , , , , , , , , 
28.6781538, 0.0159457, , , , , , , 28.6781538, -0.0038605, , , , , , , 28.6781538, -0.0058747, , , , , , , 28.6781538, 0.0139315, , , , , , , , , , , , , , , , , , , , , , , , , , , , 
28.6786731, 0.0159457, , , , , , , 28.6786731, -0.0031891, , , , , , , 28.6786731, -0.0043641, , , , , , , 28.6786731, 0.0105745, , , , , , , , , , , , , , , , , , , , , , , , , , , , 
28.6791923, 0.014435, , , , , , , 28.6791923, -0.0050355, , , , , , , 28.6791923, -0.0062104, , , , , , , 28.6791923, 0.0097353, , , , , , , , , , , , , , , , , , , , , , , , , , , , 
28.6797115, 0.0137636, , , , , , , 28.6797115, -0.0065461, , , , , , , 28.6797115, -0.0075532, , , , , , , 28.6797115, 0.012253, , , , , , , , , , , , , , , , , , , , , , , , , , , , 
28.6802308, 0.0159457, , , , , , , 28.6802308, -0.0052033, , , , , , , 28.6802308, -0.0078889, , , , , , , 28.6802308, 0.0119173, , , , , , , , , , , , , , , , , , , , , , , , , , , , 
28.68075, 0.0193027, , , , , , , 28.68075, -0.0041962, , , , , , , 28.68075, -0.0075532, , , , , , , 28.68075, 0.0112459, , , , , , , , , , , , , , , , , , , , , , , , , , , , 
28.6812692, 0.0243381, , , , , , , 28.6812692, -0.005539, , , , , , , 28.6812692, -0.0082246, , , , , , , 28.6812692, 0.0114137, , , , , , , , , , , , , , , , , , , , , , , , , , , , 
28.6817885, 0.0271916, , , , , , , 28.6817885, -0.0062104, , , , , , , 28.6817885, -0.0095674, , , , , , , 28.6817885, 0.0119173, , , , , , , , , , , , , , , , , , , , , , , , , , , , 
28.6823077, 0.0243381, , , , , , , 28.6823077, -0.0052033, , , , , , , 28.6823077, -0.0112459, , , , , , , 28.6823077, 0.0112459, , , , , , , , , , , , , , , , , , , , , , , , , , , , 
28.6828269, 0.0186313, , , , , , , 28.6828269, -0.0062104, , , , , , , 28.6828269, -0.0112459, , , , , , , 28.6828269, 0.011078, , , , , , , , , , , , , , , , , , , , , , , , , , , , 
28.6833462, 0.0125887, , , , , , , 28.6833462, -0.0078889, , , , , , , 28.6833462, -0.0082246, , , , , , , 28.6833462, 0.0112459, , , , , , , , , , , , , , , , , , , , , , , , , , , , 
28.6838654, 0.0105745, , , , , , , 28.6838654, -0.0083925, , , , , , , 28.6838654, -0.0070497, , , , , , , 28.6838654, 0.0105745, , , , , , , , , , , , , , , , , , , , , , , , , , , , 
28.6843846, 0.0159457, , , , , , , 28.6843846, -0.0085603, , , , , , , 28.6843846, -0.0092317, , , , , , , 28.6843846, 0.0102388, , , , , , , , , , , , , , , , , , , , , , , , , , , , 
28.6849038, 0.0216526, , , , , , , 28.6849038, -0.0095674, , , , , , , 28.6849038, -0.0119173, , , , , , , 28.6849038, 0.0095674, , , , , , , , , , , , , , , , , , , , , , , , , , , , 
28.6854231, 0.0206455, , , , , , , 28.6854231, -0.0099031, , , , , , , 28.6854231, -0.0135958, , , , , , , 28.6854231, 0.0078889, , , , , , , , , , , , , , , , , , , , , , , , , , , , 
28.6859423, 0.0186313, , , , , , , 28.6859423, -0.0099031, , , , , , , 28.6859423, -0.0125887, , , , , , , 28.6859423, 0.0058747, , , , , , , , , , , , , , , , , , , , , , , , , , , , 
28.6864615, 0.0199741, , , , , , , 28.6864615, -0.0102388, , , , , , , 28.6864615, -0.0135958, , , , , , , 28.6864615, 0.0052033, , , , , , , , , , , , , , , , , , , , , , , , , , , , 
28.6869808, 0.0243381, , , , , , , 28.6869808, -0.012253, , , , , , , 28.6869808, -0.0135958, , , , , , , 28.6869808, 0.0078889, , , , , , , , , , , , , , , , , , , , , , , , , , , , 
28.6875, 0.0218204, , , , , , , 28.6875, -0.0127565, , , , , , , 28.6875, -0.0125887, , , , , , , 28.6875, 0.0075532, , , , , , , , , , , , , , , , , , , , , , , , , , , , 
28.6880192, 0.01561, , , , , , , 28.6880192, -0.0112459, , , , , , , 28.6880192, -0.0115816, , , , , , , 28.6880192, 0.0062104, , , , , , , , , , , , , , , , , , , , , , , , , , , , 
28.6885385, 0.0149386, , , , , , , 28.6885385, -0.0105745, , , , , , , 28.6885385, -0.0095674, , , , , , , 28.6885385, 0.005539, , , , , , , , , , , , , , , , , , , , , , , , , , , , 
28.6890577, 0.0159457, , , , , , , 28.6890577, -0.0102388, , , , , , , 28.6890577, -0.0072175, , , , , , , 28.6890577, 0.0070497, , , , , , , , , , , , , , , , , , , , , , , , , , , , 
28.6895769, 0.0132601, , , , , , , 28.6895769, -0.0097353, , , , , , , 28.6895769, -0.0048676, , , , , , , 28.6895769, 0.0097353, , , , , , , , , , , , , , , , , , , , , , , , , , , , 
28.6900962, 0.0104067, , , , , , , 28.6900962, -0.0109102, , , , , , , 28.6900962, -0.0031891, , , , , , , 28.6900962, 0.0095674, , , , , , , , , , , , , , , , , , , , , , , , , , , , 
28.6906154, 0.0078889, , , , , , , 28.6906154, -0.0119173, , , , , , , 28.6906154, -0.0031891, , , , , , , 28.6906154, 0.0077211, , , , , , , , , , , , , , , , , , , , , , , , , , , , 
28.6911346, 0.0073854, , , , , , , 28.6911346, -0.0109102, , , , , , , 28.6911346, -0.0028534, , , , , , , 28.6911346, 0.008896, , , , , , , , , , , , , , , , , , , , , , , , , , , , 
28.6916538, 0.0052033, , , , , , , 28.6916538, -0.0099031, , , , , , , 28.6916538, -0.0035248, , , , , , , 28.6916538, 0.0132601, , , , , , , , , , , , , , , , , , , , , , , , , , , , 
28.6921731, -0.0001678, , , , , , , 28.6921731, -0.0092317, , , , , , , 28.6921731, -0.0062104, , , , , , , 28.6921731, 0.0172885, , , , , , , , , , , , , , , , , , , , , , , , , , , , 
28.6926923, -0.0018463, , , , , , , 28.6926923, -0.0085603, , , , , , , 28.6926923, -0.0090639, , , , , , , 28.6926923, 0.0206455, , , , , , , , , , , , , , , , , , , , , , , , , , , , 
28.6932115, 0.0001678, , , , , , , 28.6932115, -0.0102388, , , , , , , 28.6932115, -0.0072175, , , , , , , 28.6932115, 0.0236667, , , , , , , , , , , , , , , , , , , , , , , , , , , , 
28.6937308, 0.0008392, , , , , , , 28.6937308, -0.0117494, , , , , , , 28.6937308, -0.0016785, , , , , , , 28.6937308, 0.023331, , , , , , , , , , , , , , , , , , , , , , , , , , , , 
28.69425, 0.0010071, , , , , , , 28.69425, -0.0115816, , , , , , , 28.69425, 0.0025177, , , , , , , 28.69425, 0.0223239, , , , , , , , , , , , , , , , , , , , , , , , , , , , 
28.6947692, -0.0001678, , , , , , , 28.6947692, -0.0105745, , , , , , , 28.6947692, 0.0028534, , , , , , , 28.6947692, 0.0213169, , , , , , , , , , , , , , , , , , , , , , , , , , , , 
28.6952885, 0.0023499, , , , , , , 28.6952885, -0.0082246, , , , , , , 28.6952885, 0.0011749, , , , , , , 28.6952885, 0.0184634, , , , , , , , , , , , , , , , , , , , , , , , , , , , 
28.6958077, 0.0063783, , , , , , , 28.6958077, -0.0050355, , , , , , , 28.6958077, -0.0001678, , , , , , , 28.6958077, 0.0169528, , , , , , , , , , , , , , , , , , , , , , , , , , , , 
28.6963269, 0.0099031, , , , , , , 28.6963269, -0.005539, , , , , , , 28.6963269, -0.0001678, , , , , , , 28.6963269, 0.0152743, , , , , , , , , , , , , , , , , , , , , , , , , , , , 
28.6968462, 0.0109102, , , , , , , 28.6968462, -0.0075532, , , , , , , 28.6968462, -0.0015106, , , , , , , 28.6968462, 0.0125887, , , , , , , , , , , , , , , , , , , , , , , , , , , , 
28.6973654, 0.0102388, , , , , , , 28.6973654, -0.0077211, , , , , , , 28.6973654, -0.0035248, , , , , , , 28.6973654, 0.0105745, , , , , , , , , , , , , , , , , , , , , , , , , , , , 
28.6978846, 0.0119173, , , , , , , 28.6978846, -0.0065461, , , , , , , 28.6978846, -0.0058747, , , , , , , 28.6978846, 0.0125887, , , , , , , , , , , , , , , , , , , , , , , , , , , , 
28.6984038, 0.0132601, , , , , , , 28.6984038, -0.0065461, , , , , , , 28.6984038, -0.0090639, , , , , , , 28.6984038, 0.0119173, , , , , , , , , , , , , , , , , , , , , , , , , , , , 
28.6989231, 0.0139315, , , , , , , 28.6989231, -0.0068818, , , , , , , 28.6989231, -0.0109102, , , , , , , 28.6989231, 0.0092317, , , , , , , , , , , , , , , , , , , , , , , , , , , , 
28.6994423, 0.0159457, , , , , , , 28.6994423, -0.005539, , , , , , , 28.6994423, -0.012253, , , , , , , 28.6994423, 0.0068818, , , , , , , , , , , , , , , , , , , , , , , , , , , , 
28.6999615, 0.0206455, , , , , , , 28.6999615, -0.0041962, , , , , , , 28.6999615, -0.0112459, , , , , , , 28.6999615, 0.0083925, , , , , , , , , , , , , , , , , , , , , , , , , , , , 
28.7004808, 0.023331, , , , , , , 28.7004808, -0.0052033, , , , , , , 28.7004808, -0.0095674, , , , , , , 28.7004808, 0.008896, , , , , , , , , , , , , , , , , , , , , , , , , , , , 
28.701, 0.0276951, , , , , , , 28.701, -0.0058747, , , , , , , 28.701, -0.0099031, , , , , , , 28.701, 0.0065461, , , , , , , , , , , , , , , , , , , , , , , , , , , , 
28.7015192, 0.0320592, , , , , , , 28.7015192, -0.0063783, , , , , , , 28.7015192, -0.0095674, , , , , , , 28.7015192, 0.0058747, , , , , , , , , , , , , , , , , , , , , , , , , , , , 
28.7020385, 0.0327306, , , , , , , 28.7020385, -0.0062104, , , , , , , 28.7020385, -0.005539, , , , , , , 28.7020385, 0.0092317, , , , , , , , , , , , , , , , , , , , , , , , , , , , 
28.7025577, 0.0287022, , , , , , , 28.7025577, -0.0062104, , , , , , , 28.7025577, -0.0041962, , , , , , , 28.7025577, 0.0130922, , , , , , , , , , , , , , , , , , , , , , , , , , , , 
28.7030769, 0.0256809, , , , , , , 28.7030769, -0.0050355, , , , , , , 28.7030769, -0.0085603, , , , , , , 28.7030769, 0.01561, , , , , , , , , , , , , , , , , , , , , , , , , , , , 
28.7035962, 0.026688, , , , , , , 28.7035962, -0.0052033, , , , , , , 28.7035962, -0.0112459, , , , , , , 28.7035962, 0.0151064, , , , , , , , , , , , , , , , , , , , , , , , , , , , 
28.7041154, 0.0236667, , , , , , , 28.7041154, -0.0052033, , , , , , , 28.7041154, -0.0095674, , , , , , , 28.7041154, 0.012253, , , , , , , , , , , , , , , , , , , , , , , , , , , , 
28.7046346, 0.017792, , , , , , , 28.7046346, -0.0048676, , , , , , , 28.7046346, -0.0082246, , , , , , , 28.7046346, 0.0102388, , , , , , , , , , , , , , , , , , , , , , , , , , , , 
28.7051538, 0.0186313, , , , , , , 28.7051538, -0.006714, , , , , , , 28.7051538, -0.0109102, , , , , , , 28.7051538, 0.0075532, , , , , , , , , , , , , , , , , , , , , , , , , , , , 
28.7056731, 0.0194705, , , , , , , 28.7056731, -0.0083925, , , , , , , 28.7056731, -0.0137636, , , , , , , 28.7056731, 0.005539, , , , , , , , , , , , , , , , , , , , , , , , , , , , 
28.7061923, 0.0166171, , , , , , , 28.7061923, -0.0082246, , , , , , , 28.7061923, -0.0152743, , , , , , , 28.7061923, 0.0068818, , , , , , , , , , , , , , , , , , , , , , , , , , , , 
28.7067115, 0.0159457, , , , , , , 28.7067115, -0.0068818, , , , , , , 28.7067115, -0.0186313, , , , , , , 28.7067115, 0.0085603, , , , , , , , , , , , , , , , , , , , , , , , , , , , 
28.7072308, 0.0203098, , , , , , , 28.7072308, -0.0068818, , , , , , , 28.7072308, -0.0216526, , , , , , , 28.7072308, 0.0082246, , , , , , , , , , , , , , , , , , , , , , , , , , , , 
28.70775, 0.0219883, , , , , , , 28.70775, -0.0092317, , , , , , , 28.70775, -0.0191348, , , , , , , 28.70775, 0.0065461, , , , , , , , , , , , , , , , , , , , , , , , , , , , 
28.7082692, 0.0213169, , , , , , , 28.7082692, -0.0102388, , , , , , , 28.7082692, -0.0129244, , , , , , , 28.7082692, 0.0058747, , , , , , , , , , , , , , , , , , , , , , , , , , , , 
28.7087885, 0.0226596, , , , , , , 28.7087885, -0.0102388, , , , , , , 28.7087885, -0.0082246, , , , , , , 28.7087885, 0.0058747, , , , , , , , , , , , , , , , , , , , , , , , , , , , 
28.7093077, 0.0182956, , , , , , , 28.7093077, -0.0102388, , , , , , , 28.7093077, -0.0072175, , , , , , , 28.7093077, 0.0082246, , , , , , , , , , , , , , , , , , , , , , , , , , , , 
28.7098269, 0.0099031, , , , , , , 28.7098269, -0.0085603, , , , , , , 28.7098269, -0.0082246, , , , , , , 28.7098269, 0.0119173, , , , , , , , , , , , , , , , , , , , , , , , , , , , 
28.7103462, 0.0058747, , , , , , , 28.7103462, -0.0062104, , , , , , , 28.7103462, -0.0095674, , , , , , , 28.7103462, 0.0139315, , , , , , , , , , , , , , , , , , , , , , , , , , , , 
28.7108654, 0.0072175, , , , , , , 28.7108654, -0.0070497, , , , , , , 28.7108654, -0.0115816, , , , , , , 28.7108654, 0.0159457, , , , , , , , , , , , , , , , , , , , , , , , , , , , 
28.7113846, 0.008896, , , , , , , 28.7113846, -0.0092317, , , , , , , 28.7113846, -0.0129244, , , , , , , 28.7113846, 0.0193027, , , , , , , , , , , , , , , , , , , , , , , , , , , , 
28.7119038, 0.0075532, , , , , , , 28.7119038, -0.008896, , , , , , , 28.7119038, -0.0129244, , , , , , , 28.7119038, 0.0216526, , , , , , , , , , , , , , , , , , , , , , , , , , , , 
28.7124231, 0.0025177, , , , , , , 28.7124231, -0.0078889, , , , , , , 28.7124231, -0.0125887, , , , , , , 28.7124231, 0.021149, , , , , , , , , , , , , , , , , , , , , , , , , , , , 
28.7129423, -0.0015106, , , , , , , 28.7129423, -0.0082246, , , , , , , 28.7129423, -0.0119173, , , , , , , 28.7129423, 0.0213169, , , , , , , , , , , , , , , , , , , , , , , , , , , , 
28.7134615, -0.0025177, , , , , , , 28.7134615, -0.0102388, , , , , , , 28.7134615, -0.0097353, , , , , , , 28.7134615, 0.0219883, , , , , , , , , , , , , , , , , , , , , , , , , , , , 
28.7139808, -0.0018463, , , , , , , 28.7139808, -0.0115816, , , , , , , 28.7139808, -0.0068818, , , , , , , 28.7139808, 0.0226596, , , , , , , , , , , , , , , , , , , , , , , , , , , , 
28.7145, 0.0001678, , , , , , , 28.7145, -0.008896, , , , , , , 28.7145, -0.005539, , , , , , , 28.7145, 0.023331, , , , , , , , , , , , , , , , , , , , , , , , , , , , 
28.7150192, 0.0031891, , , , , , , 28.7150192, -0.0075532, , , , , , , 28.7150192, -0.005539, , , , , , , 28.7150192, 0.0203098, , , , , , , , , , , , , , , , , , , , , , , , , , , , 
28.7155385, 0.0078889, , , , , , , 28.7155385, -0.0095674, , , , , , , 28.7155385, -0.0041962, , , , , , , 28.7155385, 0.0157778, , , , , , , , , , , , , , , , , , , , , , , , , , , , 
28.7160577, 0.0139315, , , , , , , 28.7160577, -0.0102388, , , , , , , 28.7160577, -0.0035248, , , , , , , 28.7160577, 0.0132601, , , , , , , , , , , , , , , , , , , , , , , , , , , , 
28.7165769, 0.0169528, , , , , , , 28.7165769, -0.0102388, , , , , , , 28.7165769, -0.0052033, , , , , , , 28.7165769, 0.0139315, , , , , , , , , , , , , , , , , , , , , , , , , , , , 
28.7170962, 0.0159457, , , , , , , 28.7170962, -0.0104067, , , , , , , 28.7170962, -0.0072175, , , , , , , 28.7170962, 0.014435, , , , , , , , , , , , , , , , , , , , , , , , , , , , 
28.7176154, 0.0117494, , , , , , , 28.7176154, -0.0090639, , , , , , , 28.7176154, -0.0075532, , , , , , , 28.7176154, 0.0115816, , , , , , , , , , , , , , , , , , , , , , , , , , , , 
28.7181346, 0.0109102, , , , , , , 28.7181346, -0.0085603, , , , , , , 28.7181346, -0.0082246, , , , , , , 28.7181346, 0.0075532, , , , , , , , , , , , , , , , , , , , , , , , , , , , 
28.7186538, 0.0125887, , , , , , , 28.7186538, -0.0095674, , , , , , , 28.7186538, -0.0109102, , , , , , , 28.7186538, 0.0052033, , , , , , , , , , , , , , , , , , , , , , , , , , , , 
28.7191731, 0.0152743, , , , , , , 28.7191731, -0.0097353, , , , , , , 28.7191731, -0.0115816, , , , , , , 28.7191731, 0.0058747, , , , , , , , , , , , , , , , , , , , , , , , , , , , 
28.7196923, 0.0162814, , , , , , , 28.7196923, -0.0083925, , , , , , , 28.7196923, -0.0085603, , , , , , , 28.7196923, 0.0085603, , , , , , , , , , , , , , , , , , , , , , , , , , , , 
28.7202115, 0.0172885, , , , , , , 28.7202115, -0.0082246, , , , , , , 28.7202115, -0.0082246, , , , , , , 28.7202115, 0.0092317, , , , , , , , , , , , , , , , , , , , , , , , , , , , 
28.7207308, 0.0172885, , , , , , , 28.7207308, -0.008896, , , , , , , 28.7207308, -0.0077211, , , , , , , 28.7207308, 0.0077211, , , , , , , , , , , , , , , , , , , , , , , , , , , , 
28.72125, 0.0166171, , , , , , , 28.72125, -0.0092317, , , , , , , 28.72125, -0.0045319, , , , , , , 28.72125, 0.0075532, , , , , , , , , , , , , , , , , , , , , , , , , , , , 
28.7217692, 0.0182956, , , , , , , 28.7217692, -0.0082246, , , , , , , 28.7217692, -0.0028534, , , , , , , 28.7217692, 0.0092317, , , , , , , , , , , , , , , , , , , , , , , , , , , , 
28.7222885, 0.0216526, , , , , , , 28.7222885, -0.0077211, , , , , , , 28.7222885, -0.0023499, , , , , , , 28.7222885, 0.0102388, , , , , , , , , , , , , , , , , , , , , , , , , , , , 
28.7228077, 0.017792, , , , , , , 28.7228077, -0.0075532, , , , , , , 28.7228077, -0.0028534, , , , , , , 28.7228077, 0.0102388, , , , , , , , , , , , , , , , , , , , , , , , , , , , 
28.7233269, 0.0142672, , , , , , , 28.7233269, -0.0082246, , , , , , , 28.7233269, -0.0045319, , , , , , , 28.7233269, 0.0115816, , , , , , , , , , , , , , , , , , , , , , , , , , , , 
28.7238462, 0.0152743, , , , , , , 28.7238462, -0.008896, , , , , , , 28.7238462, -0.0058747, , , , , , , 28.7238462, 0.0119173, , , , , , , , , , , , , , , , , , , , , , , , , , , , 
28.7243654, 0.0198062, , , , , , , 28.7243654, -0.0082246, , , , , , , 28.7243654, -0.0048676, , , , , , , 28.7243654, 0.012253, , , , , , , , , , , , , , , , , , , , , , , , , , , , 
28.7248846, 0.0218204, , , , , , , 28.7248846, -0.0068818, , , , , , , 28.7248846, -0.0025177, , , , , , , 28.7248846, 0.0105745, , , , , , , , , , , , , , , , , , , , , , , , , , , , 
28.7254038, 0.0231632, , , , , , , 28.7254038, -0.0045319, , , , , , , 28.7254038, -0.0016785, , , , , , , 28.7254038, 0.0045319, , , , , , , , , , , , , , , , , , , , , , , , , , , , 
28.7259231, 0.0260166, , , , , , , 28.7259231, -0.0048676, , , , , , , 28.7259231, -0.0025177, , , , , , , 28.7259231, 0.0031891, , , , , , , , , , , , , , , , , , , , , , , , , , , , 
28.7264423, 0.0256809, , , , , , , 28.7264423, -0.0048676, , , , , , , 28.7264423, -0.0045319, , , , , , , 28.7264423, 0.0065461, , , , , , , , , , , , , , , , , , , , , , , , , , , , 
28.7269615, 0.0250095, , , , , , , 28.7269615, -0.0052033, , , , , , , 28.7269615, -0.0058747, , , , , , , 28.7269615, 0.008896, , , , , , , , , , , , , , , , , , , , , , , , , , , , 
28.7274808, 0.026688, , , , , , , 28.7274808, -0.0036927, , , , , , , 28.7274808, -0.005539, , , , , , , 28.7274808, 0.0078889, , , , , , , , , , , , , , , , , , , , , , , , , , , , 
28.728, 0.026688, , , , , , , 28.728, -0.0018463, , , , , , , 28.728, -0.0045319, , , , , , , 28.728, 0.0075532, , , , , , , , , , , , , , , , , , , , , , , , , , , , 
28.7285192, 0.0219883, , , , , , , 28.7285192, -0.0025177, , , , , , , 28.7285192, -0.0041962, , , , , , , 28.7285192, 0.0095674, , , , , , , , , , , , , , , , , , , , , , , , , , , , 
28.7290385, 0.0179599, , , , , , , 28.7290385, -0.0048676, , , , , , , 28.7290385, -0.0043641, , , , , , , 28.7290385, 0.0095674, , , , , , , , , , , , , , , , , , , , , , , , , , , , 
28.7295577, 0.0203098, , , , , , , 28.7295577, -0.0068818, , , , , , , 28.7295577, -0.005539, , , , , , , 28.7295577, 0.0083925, , , , , , , , , , , , , , , , , , , , , , , , , , , , 
28.7300769, 0.0223239, , , , , , , 28.7300769, -0.0068818, , , , , , , 28.7300769, -0.005539, , , , , , , 28.7300769, 0.0109102, , , , , , , , , , , , , , , , , , , , , , , , , , , , 
28.7305962, 0.0172885, , , , , , , 28.7305962, -0.0075532, , , , , , , 28.7305962, -0.0092317, , , , , , , 28.7305962, 0.0146029, , , , , , , , , , , , , , , , , , , , , , , , , , , , 
28.7311154, 0.0092317, , , , , , , 28.7311154, -0.0080568, , , , , , , 28.7311154, -0.0162814, , , , , , , 28.7311154, 0.0164492, , , , , , , , , , , , , , , , , , , , , , , , , , , , 
28.7316346, 0.0062104, , , , , , , 28.7316346, -0.0072175, , , , , , , 28.7316346, -0.0206455, , , , , , , 28.7316346, 0.0157778, , , , , , , , , , , , , , , , , , , , , , , , , , , , 
28.7321538, 0.005539, , , , , , , 28.7321538, -0.0068818, , , , , , , 28.7321538, -0.0196384, , , , , , , 28.7321538, 0.0134279, , , , , , , , , , , , , , , , , , , , , , , , , , , , 
28.7326731, 0.0038605, , , , , , , 28.7326731, -0.0072175, , , , , , , 28.7326731, -0.0119173, , , , , , , 28.7326731, 0.0139315, , , , , , , , , , , , , , , , , , , , , , , , , , , , 
28.7331923, 0.0041962, , , , , , , 28.7331923, -0.0083925, , , , , , , 28.7331923, -0.0058747, , , , , , , 28.7331923, 0.0159457, , , , , , , , , , , , , , , , , , , , , , , , , , , , 
28.7337115, 0.0020142, , , , , , , 28.7337115, -0.0095674, , , , , , , 28.7337115, -0.0028534, , , , , , , 28.7337115, 0.0186313, , , , , , , , , , , , , , , , , , , , , , , , , , , , 
28.7342308, -0.0025177, , , , , , , 28.7342308, -0.008896, , , , , , , 28.7342308, -0.0003357, , , , , , , 28.7342308, 0.0199741, , , , , , , , , , , , , , , , , , , , , , , , , , , , 
28.73475, -0.0008392, , , , , , , 28.73475, -0.0068818, , , , , , , 28.73475, 0.0011749, , , , , , , 28.73475, 0.0196384, , , , , , , , , , , , , , , , , , , , , , , , , , , , 
28.7352692, 0.0031891, , , , , , , 28.7352692, -0.0077211, , , , , , , 28.7352692, 0.0005035, , , , , , , 28.7352692, 0.0186313, , , , , , , , , , , , , , , , , , , , , , , , , , , , 
28.7357885, 0.0052033, , , , , , , 28.7357885, -0.0102388, , , , , , , 28.7357885, 0.0011749, , , , , , , 28.7357885, 0.0166171, , , , , , , , , , , , , , , , , , , , , , , , , , , , 
28.7363077, 0.002182, , , , , , , 28.7363077, -0.0102388, , , , , , , 28.7363077, 0.0011749, , , , , , , 28.7363077, 0.0142672, , , , , , , , , , , , , , , , , , , , , , , , , , , , 
28.7368269, 0.0011749, , , , , , , 28.7368269, -0.0082246, , , , , , , 28.7368269, -0.0015106, , , , , , , 28.7368269, 0.0142672, , , , , , , , , , , , , , , , , , , , , , , , , , , , 
28.7373462, 0.0031891, , , , , , , 28.7373462, -0.0068818, , , , , , , 28.7373462, -0.0063783, , , , , , , 28.7373462, 0.0132601, , , , , , , , , , , , , , , , , , , , , , , , , , , , 
28.7378654, 0.0057069, , , , , , , 28.7378654, -0.0068818, , , , , , , 28.7378654, -0.0085603, , , , , , , 28.7378654, 0.0109102, , , , , , , , , , , , , , , , , , , , , , , , , , , , 
28.7383846, 0.0075532, , , , , , , 28.7383846, -0.0075532, , , , , , , 28.7383846, -0.0063783, , , , , , , 28.7383846, 0.0085603, , , , , , , , , , , , , , , , , , , , , , , , , , , , 
28.7389038, 0.0075532, , , , , , , 28.7389038, -0.0075532, , , , , , , 28.7389038, -0.0028534, , , , , , , 28.7389038, 0.0072175, , , , , , , , , , , , , , , , , , , , , , , , , , , , 
28.7394231, 0.0105745, , , , , , , 28.7394231, -0.005539, , , , , , , 28.7394231, -0.0023499, , , , , , , 28.7394231, 0.0065461, , , , , , , , , , , , , , , , , , , , , , , , , , , , 
28.7399423, 0.0125887, , , , , , , 28.7399423, -0.0046998, , , , , , , 28.7399423, -0.0062104, , , , , , , 28.7399423, 0.0072175, , , , , , , , , , , , , , , , , , , , , , , , , , , , 
28.7404615, 0.0099031, , , , , , , 28.7404615, -0.0072175, , , , , , , 28.7404615, -0.0082246, , , , , , , 28.7404615, 0.0087282, , , , , , , , , , , , , , , , , , , , , , , , , , , , 
28.7409808, 0.0075532, , , , , , , 28.7409808, -0.0090639, , , , , , , 28.7409808, -0.0077211, , , , , , , 28.7409808, 0.0104067, , , , , , , , , , , , , , , , , , , , , , , , , , , , 
28.7415, 0.0087282, , , , , , , 28.7415, -0.0065461, , , , , , , 28.7415, -0.0075532, , , , , , , 28.7415, 0.0132601, , , , , , , , , , , , , , , , , , , , , , , , , , , , 
28.7420192, 0.0112459, , , , , , , 28.7420192, -0.0050355, , , , , , , 28.7420192, -0.0095674, , , , , , , 28.7420192, 0.0130922, , , , , , , , , , , , , , , , , , , , , , , , , , , , 
28.7425385, 0.012253, , , , , , , 28.7425385, -0.0062104, , , , , , , 28.7425385, -0.0115816, , , , , , , 28.7425385, 0.0112459, , , , , , , , , , , , , , , , , , , , , , , , , , , , 
28.7430577, 0.0135958, , , , , , , 28.7430577, -0.0075532, , , , , , , 28.7430577, -0.0109102, , , , , , , 28.7430577, 0.0125887, , , , , , , , , , , , , , , , , , , , , , , , , , , , 
28.7435769, 0.01561, , , , , , , 28.7435769, -0.0072175, , , , , , , 28.7435769, -0.0095674, , , , , , , 28.7435769, 0.0132601, , , , , , , , , , , , , , , , , , , , , , , , , , , , 
28.7440962, 0.0176242, , , , , , , 28.7440962, -0.0057069, , , , , , , 28.7440962, -0.0095674, , , , , , , 28.7440962, 0.0124208, , , , , , , , , , , , , , , , , , , , , , , , , , , , 
28.7446154, 0.0146029, , , , , , , 28.7446154, -0.0045319, , , , , , , 28.7446154, -0.0109102, , , , , , , 28.7446154, 0.0102388, , , , , , , , , , , , , , , , , , , , , , , , , , , , 
28.7451346, 0.012253, , , , , , , 28.7451346, -0.0050355, , , , , , , 28.7451346, -0.012253, , , , , , , 28.7451346, 0.0083925, , , , , , , , , , , , , , , , , , , , , , , , , , , , 
28.7456538, 0.0166171, , , , , , , 28.7456538, -0.0048676, , , , , , , 28.7456538, -0.0115816, , , , , , , 28.7456538, 0.0082246, , , , , , , , , , , , , , , , , , , , , , , , , , , , 
28.7461731, 0.0219883, , , , , , , 28.7461731, -0.0050355, , , , , , , 28.7461731, -0.0102388, , , , , , , 28.7461731, 0.0078889, , , , , , , , , , , , , , , , , , , , , , , , , , , , 
28.7466923, 0.0250095, , , , , , , 28.7466923, -0.0068818, , , , , , , 28.7466923, -0.0082246, , , , , , , 28.7466923, 0.0058747, , , , , , , , , , , , , , , , , , , , , , , , , , , , 
28.7472115, 0.0240024, , , , , , , 28.7472115, -0.0075532, , , , , , , 28.7472115, -0.0050355, , , , , , , 28.7472115, 0.0038605, , , , , , , , , , , , , , , , , , , , , , , , , , , , 
28.7477308, 0.0229953, , , , , , , 28.7477308, -0.0060426, , , , , , , 28.7477308, -0.0001678, , , , , , , 28.7477308, 0.0031891, , , , , , , , , , , , , , , , , , , , , , , , , , , , 
28.74825, 0.023331, , , , , , , 28.74825, -0.0045319, , , , , , , 28.74825, 0.0057069, , , , , , , 28.74825, 0.0038605, , , , , , , , , , , , , , , , , , , , , , , , , , , , 
28.7487692, 0.0213169, , , , , , , 28.7487692, -0.0058747, , , , , , , 28.7487692, 0.0052033, , , , , , , 28.7487692, 0.0031891, , , , , , , , , , , , , , , , , , , , , , , , , , , , 
28.7492885, 0.0213169, , , , , , , 28.7492885, -0.0078889, , , , , , , 28.7492885, 0.0025177, , , , , , , 28.7492885, 0.0018463, , , , , , , , , , , , , , , , , , , , , , , , , , , , 
28.7498077, 0.0199741, , , , , , , 28.7498077, -0.0082246, , , , , , , 28.7498077, -0.0001678, , , , , , , 28.7498077, 0.0035248, , , , , , , , , , , , , , , , , , , , , , , , , , , , 
28.7503269, 0.0146029, , , , , , , 28.7503269, -0.0085603, , , , , , , 28.7503269, -0.0036927, , , , , , , 28.7503269, 0.0058747, , , , , , , , , , , , , , , , , , , , , , , , , , , , 
28.7508462, 0.0102388, , , , , , , 28.7508462, -0.008896, , , , , , , 28.7508462, -0.0082246, , , , , , , 28.7508462, 0.0073854, , , , , , , , , , , , , , , , , , , , , , , , , , , , 
28.7513654, 0.0085603, , , , , , , 28.7513654, -0.0095674, , , , , , , 28.7513654, -0.0142672, , , , , , , 28.7513654, 0.0095674, , , , , , , , , , , , , , , , , , , , , , , , , , , , 
28.7518846, 0.0065461, , , , , , , 28.7518846, -0.0109102, , , , , , , 28.7518846, -0.0184634, , , , , , , 28.7518846, 0.0102388, , , , , , , , , , , , , , , , , , , , , , , , , , , , 
28.7524038, 0.0063783, , , , , , , 28.7524038, -0.0125887, , , , , , , 28.7524038, -0.0209812, , , , , , , 28.7524038, 0.0105745, , , , , , , , , , , , , , , , , , , , , , , , , , , , 
28.7529231, 0.0072175, , , , , , , 28.7529231, -0.0115816, , , , , , , 28.7529231, -0.0240024, , , , , , , 28.7529231, 0.0125887, , , , , , , , , , , , , , , , , , , , , , , , , , , , 
28.7534423, 0.0062104, , , , , , , 28.7534423, -0.0082246, , , , , , , 28.7534423, -0.0271916, , , , , , , 28.7534423, 0.0146029, , , , , , , , , , , , , , , , , , , , , , , , , , , , 
28.7539615, 0.0065461, , , , , , , 28.7539615, -0.006714, , , , , , , 28.7539615, -0.0283665, , , , , , , 28.7539615, 0.0166171, , , , , , , , , , , , , , , , , , , , , , , , , , , , 
28.7544808, 0.0085603, , , , , , , 28.7544808, -0.0078889, , , , , , , 28.7544808, -0.0276951, , , , , , , 28.7544808, 0.0182956, , , , , , , , , , , , , , , , , , , , , , , , , , , , 
28.755, 0.0092317, , , , , , , 28.755, -0.0083925, , , , , , , 28.755, -0.0240024, , , , , , , 28.755, 0.0191348, , , , , , , , , , , , , , , , , , , , , , , , , , , , 
28.7555192, 0.0097353, , , , , , , 28.7555192, -0.0083925, , , , , , , 28.7555192, -0.0219883, , , , , , , 28.7555192, 0.0164492, , , , , , , , , , , , , , , , , , , , , , , , , , , , 
28.7560385, 0.0146029, , , , , , , 28.7560385, -0.0102388, , , , , , , 28.7560385, -0.0191348, , , , , , , 28.7560385, 0.0132601, , , , , , , , , , , , , , , , , , , , , , , , , , , , 
28.7565577, 0.0186313, , , , , , , 28.7565577, -0.0105745, , , , , , , 28.7565577, -0.0142672, , , , , , , 28.7565577, 0.0090639, , , , , , , , , , , , , , , , , , , , , , , , , , , , 
28.7570769, 0.0223239, , , , , , , 28.7570769, -0.0097353, , , , , , , 28.7570769, -0.008896, , , , , , , 28.7570769, 0.0080568, , , , , , , , , , , , , , , , , , , , , , , , , , , , 
28.7575962, 0.0260166, , , , , , , 28.7575962, -0.0082246, , , , , , , 28.7575962, -0.0052033, , , , , , , 28.7575962, 0.0099031, , , , , , , , , , , , , , , , , , , , , , , , , , , , 
28.7581154, 0.0229953, , , , , , , 28.7581154, -0.006714, , , , , , , 28.7581154, -0.0023499, , , , , , , 28.7581154, 0.0105745, , , , , , , , , , , , , , , , , , , , , , , , , , , , 
28.7586346, 0.0199741, , , , , , , 28.7586346, -0.0048676, , , , , , , 28.7586346, 0.0025177, , , , , , , 28.7586346, 0.0102388, , , , , , , , , , , , , , , , , , , , , , , , , , , , 
28.7591538, 0.0246738, , , , , , , 28.7591538, -0.0031891, , , , , , , 28.7591538, 0.0072175, , , , , , , 28.7591538, 0.0092317, , , , , , , , , , , , , , , , , , , , , , , , , , , , 
28.7596731, 0.0293736, , , , , , , 28.7596731, -0.0038605, , , , , , , 28.7596731, 0.0078889, , , , , , , 28.7596731, 0.0085603, , , , , , , , , , , , , , , , , , , , , , , , , , , , 
28.7601923, 0.026688, , , , , , , 28.7601923, -0.0058747, , , , , , , 28.7601923, 0.0058747, , , , , , , 28.7601923, 0.0092317, , , , , , , , , , , , , , , , , , , , , , , , , , , , 
28.7607115, 0.0209812, , , , , , , 28.7607115, -0.0075532, , , , , , , 28.7607115, 0.0052033, , , , , , , 28.7607115, 0.0129244, , , , , , , , , , , , , , , , , , , , , , , , , , , , 
28.7612308, 0.0186313, , , , , , , 28.7612308, -0.0068818, , , , , , , 28.7612308, 0.0052033, , , , , , , 28.7612308, 0.0146029, , , , , , , , , , , , , , , , , , , , , , , , , , , , 
28.76175, 0.0179599, , , , , , , 28.76175, -0.005539, , , , , , , 28.76175, 0.0045319, , , , , , , 28.76175, 0.0135958, , , , , , , , , , , , , , , , , , , , , , , , , , , , 
28.7622692, 0.0218204, , , , , , , 28.7622692, -0.0041962, , , , , , , 28.7622692, 0.0016785, , , , , , , 28.7622692, 0.0139315, , , , , , , , , , , , , , , , , , , , , , , , , , , , 
28.7627885, 0.0260166, , , , , , , 28.7627885, -0.002182, , , , , , , 28.7627885, -0.0008392, , , , , , , 28.7627885, 0.0159457, , , , , , , , , , , , , , , , , , , , , , , , , , , , 
28.7633077, 0.0213169, , , , , , , 28.7633077, -0.0028534, , , , , , , 28.7633077, -0.0028534, , , , , , , 28.7633077, 0.0166171, , , , , , , , , , , , , , , , , , , , , , , , , , , , 
28.7638269, 0.0154421, , , , , , , 28.7638269, -0.0041962, , , , , , , 28.7638269, -0.0058747, , , , , , , 28.7638269, 0.0172885, , , , , , , , , , , , , , , , , , , , , , , , , , , , 
28.7643462, 0.01561, , , , , , , 28.7643462, -0.0058747, , , , , , , 28.7643462, -0.0105745, , , , , , , 28.7643462, 0.0169528, , , , , , , , , , , , , , , , , , , , , , , , , , , , 
28.7648654, 0.0140993, , , , , , , 28.7648654, -0.008896, , , , , , , 28.7648654, -0.012253, , , , , , , 28.7648654, 0.0146029, , , , , , , , , , , , , , , , , , , , , , , , , , , , 
28.7653846, 0.0132601, , , , , , , 28.7653846, -0.0102388, , , , , , , 28.7653846, -0.0129244, , , , , , , 28.7653846, 0.0125887, , , , , , , , , , , , , , , , , , , , , , , , , , , , 
28.7659038, 0.0152743, , , , , , , 28.7659038, -0.0092317, , , , , , , 28.7659038, -0.0129244, , , , , , , 28.7659038, 0.0105745, , , , , , , , , , , , , , , , , , , , , , , , , , , , 
28.7664231, 0.0176242, , , , , , , 28.7664231, -0.0082246, , , , , , , 28.7664231, -0.012253, , , , , , , 28.7664231, 0.0112459, , , , , , , , , , , , , , , , , , , , , , , , , , , , 
28.7669423, 0.0157778, , , , , , , 28.7669423, -0.0092317, , , , , , , 28.7669423, -0.0115816, , , , , , , 28.7669423, 0.0109102, , , , , , , , , , , , , , , , , , , , , , , , , , , , 
28.7674615, 0.0119173, , , , , , , 28.7674615, -0.0102388, , , , , , , 28.7674615, -0.0115816, , , , , , , 28.7674615, 0.0099031, , , , , , , , , , , , , , , , , , , , , , , , , , , , 
28.7679808, 0.0085603, , , , , , , 28.7679808, -0.0099031, , , , , , , 28.7679808, -0.0115816, , , , , , , 28.7679808, 0.0092317, , , , , , , , , , , , , , , , , , , , , , , , , , , , 
28.7685, 0.008896, , , , , , , 28.7685, -0.0109102, , , , , , , 28.7685, -0.0135958, , , , , , , 28.7685, 0.0099031, , , , , , , , , , , , , , , , , , , , , , , , , , , , 
28.7690192, 0.0075532, , , , , , , 28.7690192, -0.0105745, , , , , , , 28.7690192, -0.01561, , , , , , , 28.7690192, 0.0137636, , , , , , , , , , , , , , , , , , , , , , , , , , , , 
28.7695385, 0.0035248, , , , , , , 28.7695385, -0.008896, , , , , , , 28.7695385, -0.0169528, , , , , , , 28.7695385, 0.0146029, , , , , , , , , , , , , , , , , , , , , , , , , , , , 
28.7700577, 0.0030213, , , , , , , 28.7700577, -0.0095674, , , , , , , 28.7700577, -0.0172885, , , , , , , 28.7700577, 0.0125887, , , , , , , , , , , , , , , , , , , , , , , , , , , , 
28.7705769, 0.0028534, , , , , , , 28.7705769, -0.0102388, , , , , , , 28.7705769, -0.01561, , , , , , , 28.7705769, 0.0142672, , , , , , , , , , , , , , , , , , , , , , , , , , , , 
28.7710962, 0.0030213, , , , , , , 28.7710962, -0.0099031, , , , , , , 28.7710962, -0.0119173, , , , , , , 28.7710962, 0.0179599, , , , , , , , , , , , , , , , , , , , , , , , , , , , 
28.7716154, 0.0025177, , , , , , , 28.7716154, -0.0095674, , , , , , , 28.7716154, -0.0112459, , , , , , , 28.7716154, 0.0199741, , , , , , , , , , , , , , , , , , , , , , , , , , , , 
28.7721346, -0.0005035, , , , , , , 28.7721346, -0.0093996, , , , , , , 28.7721346, -0.0112459, , , , , , , 28.7721346, 0.018967, , , , , , , , , , , , , , , , , , , , , , , , , , , , 
28.7726538, -0.0038605, , , , , , , 28.7726538, -0.0090639, , , , , , , 28.7726538, -0.0109102, , , , , , , 28.7726538, 0.0172885, , , , , , , , , , , , , , , , , , , , , , , , , , , , 
28.7731731, -0.008896, , , , , , , 28.7731731, -0.0092317, , , , , , , 28.7731731, -0.0099031, , , , , , , 28.7731731, 0.0142672, , , , , , , , , , , , , , , , , , , , , , , , , , , , 
28.7736923, -0.0102388, , , , , , , 28.7736923, -0.0095674, , , , , , , 28.7736923, -0.0082246, , , , , , , 28.7736923, 0.0146029, , , , , , , , , , , , , , , , , , , , , , , , , , , , 
28.7742115, -0.0068818, , , , , , , 28.7742115, -0.0109102, , , , , , , 28.7742115, -0.0082246, , , , , , , 28.7742115, 0.0164492, , , , , , , , , , , , , , , , , , , , , , , , , , , , 
28.7747308, -0.002182, , , , , , , 28.7747308, -0.011078, , , , , , , 28.7747308, -0.0082246, , , , , , , 28.7747308, 0.0172885, , , , , , , , , , , , , , , , , , , , , , , , , , , , 
28.77525, -0.0011749, , , , , , , 28.77525, -0.0093996, , , , , , , 28.77525, -0.0082246, , , , , , , 28.77525, 0.0166171, , , , , , , , , , , , , , , , , , , , , , , , , , , , 
28.7757692, 0.0035248, , , , , , , 28.7757692, -0.008896, , , , , , , 28.7757692, -0.0075532, , , , , , , 28.7757692, 0.0166171, , , , , , , , , , , , , , , , , , , , , , , , , , , , 
28.7762885, 0.0119173, , , , , , , 28.7762885, -0.0099031, , , , , , , 28.7762885, -0.0045319, , , , , , , 28.7762885, 0.0146029, , , , , , , , , , , , , , , , , , , , , , , , , , , , 
28.7768077, 0.0146029, , , , , , , 28.7768077, -0.0099031, , , , , , , 28.7768077, -0.0028534, , , , , , , 28.7768077, 0.0142672, , , , , , , , , , , , , , , , , , , , , , , , , , , , 
28.7773269, 0.0149386, , , , , , , 28.7773269, -0.0104067, , , , , , , 28.7773269, -0.0035248, , , , , , , 28.7773269, 0.018967, , , , , , , , , , , , , , , , , , , , , , , , , , , , 
28.7778462, 0.0142672, , , , , , , 28.7778462, -0.0099031, , , , , , , 28.7778462, -0.0031891, , , , , , , 28.7778462, 0.0216526, , , , , , , , , , , , , , , , , , , , , , , , , , , , 
28.7783654, 0.0115816, , , , , , , 28.7783654, -0.0099031, , , , , , , 28.7783654, -0.0028534, , , , , , , 28.7783654, 0.018967, , , , , , , , , , , , , , , , , , , , , , , , , , , , 
28.7788846, 0.0146029, , , , , , , 28.7788846, -0.0092317, , , , , , , 28.7788846, -0.0041962, , , , , , , 28.7788846, 0.0159457, , , , , , , , , , , , , , , , , , , , , , , , , , , , 
28.7794038, 0.0182956, , , , , , , 28.7794038, -0.0090639, , , , , , , 28.7794038, -0.0065461, , , , , , , 28.7794038, 0.0169528, , , , , , , , , , , , , , , , , , , , , , , , , , , , 
28.7799231, 0.0182956, , , , , , , 28.7799231, -0.008896, , , , , , , 28.7799231, -0.0078889, , , , , , , 28.7799231, 0.0199741, , , , , , , , , , , , , , , , , , , , , , , , , , , , 
28.7804423, 0.0209812, , , , , , , 28.7804423, -0.0082246, , , , , , , 28.7804423, -0.0082246, , , , , , , 28.7804423, 0.0196384, , , , , , , , , , , , , , , , , , , , , , , , , , , , 
28.7809615, 0.023331, , , , , , , 28.7809615, -0.0068818, , , , , , , 28.7809615, -0.0068818, , , , , , , 28.7809615, 0.0176242, , , , , , , , , , , , , , , , , , , , , , , , , , , , 
28.7814808, 0.0243381, , , , , , , 28.7814808, -0.0058747, , , , , , , 28.7814808, -0.0065461, , , , , , , 28.7814808, 0.0162814, , , , , , , , , , , , , , , , , , , , , , , , , , , , 
28.782, 0.0243381, , , , , , , 28.782, -0.0046998, , , , , , , 28.782, -0.0068818, , , , , , , 28.782, 0.0166171, , , , , , , , , , , , , , , , , , , , , , , , , , , , 
28.7825192, 0.0226596, , , , , , , 28.7825192, -0.0041962, , , , , , , 28.7825192, -0.0082246, , , , , , , 28.7825192, 0.0179599, , , , , , , , , , , , , , , , , , , , , , , , , , , , 
28.7830385, 0.0216526, , , , , , , 28.7830385, -0.0050355, , , , , , , 28.7830385, -0.0092317, , , , , , , 28.7830385, 0.0169528, , , , , , , , , , , , , , , , , , , , , , , , , , , , 
28.7835577, 0.0218204, , , , , , , 28.7835577, -0.0057069, , , , , , , 28.7835577, -0.0097353, , , , , , , 28.7835577, 0.0159457, , , , , , , , , , , , , , , , , , , , , , , , , , , , 
28.7840769, 0.0219883, , , , , , , 28.7840769, -0.0072175, , , , , , , 28.7840769, -0.0085603, , , , , , , 28.7840769, 0.0152743, , , , , , , , , , , , , , , , , , , , , , , , , , , , 
28.7845962, 0.0240024, , , , , , , 28.7845962, -0.0092317, , , , , , , 28.7845962, -0.0068818, , , , , , , 28.7845962, 0.0159457, , , , , , , , , , , , , , , , , , , , , , , , , , , , 
28.7851154, 0.0246738, , , , , , , 28.7851154, -0.0092317, , , , , , , 28.7851154, -0.005539, , , , , , , 28.7851154, 0.0157778, , , , , , , , , , , , , , , , , , , , , , , , , , , , 
28.7856346, 0.0236667, , , , , , , 28.7856346, -0.0095674, , , , , , , 28.7856346, -0.0082246, , , , , , , 28.7856346, 0.0132601, , , , , , , , , , , , , , , , , , , , , , , , , , , , 
28.7861538, 0.0226596, , , , , , , 28.7861538, -0.0090639, , , , , , , 28.7861538, -0.0102388, , , , , , , 28.7861538, 0.0119173, , , , , , , , , , , , , , , , , , , , , , , , , , , , 
28.7866731, 0.023331, , , , , , , 28.7866731, -0.0075532, , , , , , , 28.7866731, -0.0083925, , , , , , , 28.7866731, 0.0146029, , , , , , , , , , , , , , , , , , , , , , , , , , , , 
28.7871923, 0.0240024, , , , , , , 28.7871923, -0.0075532, , , , , , , 28.7871923, -0.0068818, , , , , , , 28.7871923, 0.0139315, , , , , , , , , , , , , , , , , , , , , , , , , , , , 
28.7877115, 0.026688, , , , , , , 28.7877115, -0.0072175, , , , , , , 28.7877115, -0.0078889, , , , , , , 28.7877115, 0.0119173, , , , , , , , , , , , , , , , , , , , , , , , , , , , 
28.7882308, 0.0297093, , , , , , , 28.7882308, -0.0068818, , , , , , , 28.7882308, -0.008896, , , , , , , 28.7882308, 0.0146029, , , , , , , , , , , , , , , , , , , , , , , , , , , , 
28.78875, 0.0226596, , , , , , , 28.78875, -0.0068818, , , , , , , 28.78875, -0.0099031, , , , , , , 28.78875, 0.0154421, , , , , , , , , , , , , , , , , , , , , , , , , , , , 
28.7892692, 0.0142672, , , , , , , 28.7892692, -0.0058747, , , , , , , 28.7892692, -0.008896, , , , , , , 28.7892692, 0.0139315, , , , , , , , , , , , , , , , , , , , , , , , , , , , 
28.7897885, 0.0129244, , , , , , , 28.7897885, -0.0068818, , , , , , , 28.7897885, -0.0062104, , , , , , , 28.7897885, 0.0135958, , , , , , , , , , , , , , , , , , , , , , , , , , , , 
28.7903077, 0.0104067, , , , , , , 28.7903077, -0.0068818, , , , , , , 28.7903077, -0.0063783, , , , , , , 28.7903077, 0.0125887, , , , , , , , , , , , , , , , , , , , , , , , , , , , 
28.7908269, 0.0038605, , , , , , , 28.7908269, -0.0070497, , , , , , , 28.7908269, -0.0063783, , , , , , , 28.7908269, 0.0119173, , , , , , , , , , , , , , , , , , , , , , , , , , , , 
28.7913462, -0.005539, , , , , , , 28.7913462, -0.0065461, , , , , , , 28.7913462, -0.005539, , , , , , , 28.7913462, 0.0119173, , , , , , , , , , , , , , , , , , , , , , , , , , , , 
28.7918654, -0.0102388, , , , , , , 28.7918654, -0.0062104, , , , , , , 28.7918654, -0.0062104, , , , , , , 28.7918654, 0.0130922, , , , , , , , , , , , , , , , , , , , , , , , , , , , 
28.7923846, -0.0109102, , , , , , , 28.7923846, -0.005539, , , , , , , 28.7923846, -0.0063783, , , , , , , 28.7923846, 0.0139315, , , , , , , , , , , , , , , , , , , , , , , , , , , , 
28.7929038, -0.0119173, , , , , , , 28.7929038, -0.005539, , , , , , , 28.7929038, -0.0045319, , , , , , , 28.7929038, 0.0139315, , , , , , , , , , , , , , , , , , , , , , , , , , , , 
28.7934231, -0.0078889, , , , , , , 28.7934231, -0.0058747, , , , , , , 28.7934231, -0.0028534, , , , , , , 28.7934231, 0.0159457, , , , , , , , , , , , , , , , , , , , , , , , , , , , 
28.7939423, -0.002182, , , , , , , 28.7939423, -0.0063783, , , , , , , 28.7939423, -0.0035248, , , , , , , 28.7939423, 0.0196384, , , , , , , , , , , , , , , , , , , , , , , , , , , , 
28.7944615, -0.0005035, , , , , , , 28.7944615, -0.0058747, , , , , , , 28.7944615, -0.0041962, , , , , , , 28.7944615, 0.0206455, , , , , , , , , , , , , , , , , , , , , , , , , , , , 
28.7949808, -0.0008392, , , , , , , 28.7949808, -0.0035248, , , , , , , 28.7949808, -0.0048676, , , , , , , 28.7949808, 0.0198062, , , , , , , , , , , , , , , , , , , , , , , , , , , , 
28.7955, 0.0035248, , , , , , , 28.7955, -0.0045319, , , , , , , 28.7955, -0.0035248, , , , , , , 28.7955, 0.0169528, , , , , , , , , , , , , , , , , , , , , , , , , , , , 
28.7960192, 0.0105745, , , , , , , 28.7960192, -0.0062104, , , , , , , 28.7960192, -0.0038605, , , , , , , 28.7960192, 0.0135958, , , , , , , , , , , , , , , , , , , , , , , , , , , , 
28.7965385, 0.0159457, , , , , , , 28.7965385, -0.0072175, , , , , , , 28.7965385, -0.0058747, , , , , , , 28.7965385, 0.0142672, , , , , , , , , , , , , , , , , , , , , , , , , , , , 
28.7970577, 0.0186313, , , , , , , 28.7970577, -0.0078889, , , , , , , 28.7970577, -0.0078889, , , , , , , 28.7970577, 0.014435, , , , , , , , , , , , , , , , , , , , , , , , , , , , 
28.7975769, 0.0186313, , , , , , , 28.7975769, -0.0075532, , , , , , , 28.7975769, -0.0095674, , , , , , , 28.7975769, 0.0142672, , , , , , , , , , , , , , , , , , , , , , , , , , , , 
28.7980962, 0.0151064, , , , , , , 28.7980962, -0.0070497, , , , , , , 28.7980962, -0.0109102, , , , , , , 28.7980962, 0.01561, , , , , , , , , , , , , , , , , , , , , , , , , , , , 
28.7986154, 0.0129244, , , , , , , 28.7986154, -0.0075532, , , , , , , 28.7986154, -0.0102388, , , , , , , 28.7986154, 0.0159457, , , , , , , , , , , , , , , , , , , , , , , , , , , , 
28.7991346, 0.0167849, , , , , , , 28.7991346, -0.0082246, , , , , , , 28.7991346, -0.0095674, , , , , , , 28.7991346, 0.014435, , , , , , , , , , , , , , , , , , , , , , , , , , , , 
28.7996538, 0.0203098, , , , , , , 28.7996538, -0.0068818, , , , , , , 28.7996538, -0.0078889, , , , , , , 28.7996538, 0.0119173, , , , , , , , , , , , , , , , , , , , , , , , , , , , 
28.8001731, 0.023331, , , , , , , 28.8001731, -0.0041962, , , , , , , 28.8001731, -0.0058747, , , , , , , 28.8001731, 0.0092317, , , , , , , , , , , , , , , , , , , , , , , , , , , , 
28.8006923, 0.0246738, , , , , , , 28.8006923, -0.0035248, , , , , , , 28.8006923, -0.0085603, , , , , , , 28.8006923, 0.0063783, , , , , , , , , , , , , , , , , , , , , , , , , , , , 
28.8012115, 0.0219883, , , , , , , 28.8012115, -0.0035248, , , , , , , 28.8012115, -0.0109102, , , , , , , 28.8012115, 0.0052033, , , , , , , , , , , , , , , , , , , , , , , , , , , , 
28.8017308, 0.0199741, , , , , , , 28.8017308, -0.0041962, , , , , , , 28.8017308, -0.0105745, , , , , , , 28.8017308, 0.0068818, , , , , , , , , , , , , , , , , , , , , , , , , , , , 
28.80225, 0.0216526, , , , , , , 28.80225, -0.0068818, , , , , , , 28.80225, -0.0115816, , , , , , , 28.80225, 0.0099031, , , , , , , , , , , , , , , , , , , , , , , , , , , , 
28.8027692, 0.0226596, , , , , , , 28.8027692, -0.0090639, , , , , , , 28.8027692, -0.0135958, , , , , , , 28.8027692, 0.0102388, , , , , , , , , , , , , , , , , , , , , , , , , , , , 
28.8032885, 0.026688, , , , , , , 28.8032885, -0.0099031, , , , , , , 28.8032885, -0.0109102, , , , , , , 28.8032885, 0.0072175, , , , , , , , , , , , , , , , , , , , , , , , , , , , 
28.8038077, 0.0260166, , , , , , , 28.8038077, -0.0082246, , , , , , , 28.8038077, -0.0068818, , , , , , , 28.8038077, 0.0070497, , , , , , , , , , , , , , , , , , , , , , , , , , , , 
28.8043269, 0.0213169, , , , , , , 28.8043269, -0.0073854, , , , , , , 28.8043269, -0.0048676, , , , , , , 28.8043269, 0.0107424, , , , , , , , , , , , , , , , , , , , , , , , , , , , 
28.8048462, 0.0204776, , , , , , , 28.8048462, -0.0095674, , , , , , , 28.8048462, -0.005539, , , , , , , 28.8048462, 0.0117494, , , , , , , , , , , , , , , , , , , , , , , , , , , , 
28.8053654, 0.0219883, , , , , , , 28.8053654, -0.0129244, , , , , , , 28.8053654, -0.0075532, , , , , , , 28.8053654, 0.0104067, , , , , , , , , , , , , , , , , , , , , , , , , , , , 
28.8058846, 0.0240024, , , , , , , 28.8058846, -0.0124208, , , , , , , 28.8058846, -0.0075532, , , , , , , 28.8058846, 0.0112459, , , , , , , , , , , , , , , , , , , , , , , , , , , , 
28.8064038, 0.0253452, , , , , , , 28.8064038, -0.0099031, , , , , , , 28.8064038, -0.0083925, , , , , , , 28.8064038, 0.0112459, , , , , , , , , , , , , , , , , , , , , , , , , , , , 
28.8069231, 0.0248417, , , , , , , 28.8069231, -0.008896, , , , , , , 28.8069231, -0.0095674, , , , , , , 28.8069231, 0.0102388, , , , , , , , , , , , , , , , , , , , , , , , , , , , 
28.8074423, 0.0250095, , , , , , , 28.8074423, -0.0083925, , , , , , , 28.8074423, -0.0102388, , , , , , , 28.8074423, 0.0099031, , , , , , , , , , , , , , , , , , , , , , , , , , , , 
28.8079615, 0.0280308, , , , , , , 28.8079615, -0.0077211, , , , , , , 28.8079615, -0.0109102, , , , , , , 28.8079615, 0.0097353, , , , , , , , , , , , , , , , , , , , , , , , , , , , 
28.8084808, 0.0256809, , , , , , , 28.8084808, -0.0075532, , , , , , , 28.8084808, -0.0104067, , , , , , , 28.8084808, 0.0105745, , , , , , , , , , , , , , , , , , , , , , , , , , , , 
28.809, 0.0206455, , , , , , , 28.809, -0.0092317, , , , , , , 28.809, -0.0082246, , , , , , , 28.809, 0.0124208, , , , , , , , , , , , , , , , , , , , , , , , , , , , 
28.8095192, 0.0169528, , , , , , , 28.8095192, -0.0109102, , , , , , , 28.8095192, -0.0068818, , , , , , , 28.8095192, 0.0132601, , , , , , , , , , , , , , , , , , , , , , , , , , , , 
28.8100385, 0.0149386, , , , , , , 28.8100385, -0.0102388, , , , , , , 28.8100385, -0.0072175, , , , , , , 28.8100385, 0.0146029, , , , , , , , , , , , , , , , , , , , , , , , , , , , 
28.8105577, 0.0119173, , , , , , , 28.8105577, -0.0078889, , , , , , , 28.8105577, -0.0068818, , , , , , , 28.8105577, 0.0152743, , , , , , , , , , , , , , , , , , , , , , , , , , , , 
28.8110769, 0.0082246, , , , , , , 28.8110769, -0.0068818, , , , , , , 28.8110769, -0.005539, , , , , , , 28.8110769, 0.0166171, , , , , , , , , , , , , , , , , , , , , , , , , , , , 
28.8115962, 0.0075532, , , , , , , 28.8115962, -0.0090639, , , , , , , 28.8115962, -0.0041962, , , , , , , 28.8115962, 0.0172885, , , , , , , , , , , , , , , , , , , , , , , , , , , , 
28.8121154, 0.0045319, , , , , , , 28.8121154, -0.0105745, , , , , , , 28.8121154, -0.0030213, , , , , , , 28.8121154, 0.0171206, , , , , , , , , , , , , , , , , , , , , , , , , , , , 
28.8126346, 0.0028534, , , , , , , 28.8126346, -0.0082246, , , , , , , 28.8126346, -0.0031891, , , , , , , 28.8126346, 0.0166171, , , , , , , , , , , , , , , , , , , , , , , , , , , , 
28.8131538, 0.0052033, , , , , , , 28.8131538, -0.0082246, , , , , , , 28.8131538, -0.0045319, , , , , , , 28.8131538, 0.0152743, , , , , , , , , , , , , , , , , , , , , , , , , , , , 
28.8136731, 0.0078889, , , , , , , 28.8136731, -0.0102388, , , , , , , 28.8136731, -0.0062104, , , , , , , 28.8136731, 0.0129244, , , , , , , , , , , , , , , , , , , , , , , , , , , , 
28.8141923, 0.0078889, , , , , , , 28.8141923, -0.0095674, , , , , , , 28.8141923, -0.0041962, , , , , , , 28.8141923, 0.012253, , , , , , , , , , , , , , , , , , , , , , , , , , , , 
28.8147115, 0.0052033, , , , , , , 28.8147115, -0.0082246, , , , , , , 28.8147115, -0.0028534, , , , , , , 28.8147115, 0.0151064, , , , , , , , , , , , , , , , , , , , , , , , , , , , 
28.8152308, 0.0063783, , , , , , , 28.8152308, -0.0073854, , , , , , , 28.8152308, -0.0045319, , , , , , , 28.8152308, 0.0152743, , , , , , , , , , , , , , , , , , , , , , , , , , , , 
28.81575, 0.0085603, , , , , , , 28.81575, -0.0090639, , , , , , , 28.81575, -0.0119173, , , , , , , 28.81575, 0.0129244, , , , , , , , , , , , , , , , , , , , , , , , , , , , 
28.8162692, 0.0083925, , , , , , , 28.8162692, -0.0090639, , , , , , , 28.8162692, -0.0224918, , , , , , , 28.8162692, 0.0104067, , , , , , , , , , , , , , , , , , , , , , , , , , , , 
28.8167885, 0.0102388, , , , , , , 28.8167885, -0.0092317, , , , , , , 28.8167885, -0.0260166, , , , , , , 28.8167885, 0.0068818, , , , , , , , , , , , , , , , , , , , , , , , , , , , 
28.8173077, 0.0082246, , , , , , , 28.8173077, -0.0099031, , , , , , , 28.8173077, -0.0204776, , , , , , , 28.8173077, 0.0065461, , , , , , , , , , , , , , , , , , , , , , , , , , , , 
28.8178269, 0.005539, , , , , , , 28.8178269, -0.0092317, , , , , , , 28.8178269, -0.0129244, , , , , , , 28.8178269, 0.0102388, , , , , , , , , , , , , , , , , , , , , , , , , , , , 
28.8183462, 0.0058747, , , , , , , 28.8183462, -0.0082246, , , , , , , 28.8183462, -0.0050355, , , , , , , 28.8183462, 0.0135958, , , , , , , , , , , , , , , , , , , , , , , , , , , , 
28.8188654, 0.0112459, , , , , , , 28.8188654, -0.0083925, , , , , , , 28.8188654, 0.002182, , , , , , , 28.8188654, 0.0129244, , , , , , , , , , , , , , , , , , , , , , , , , , , , 
28.8193846, 0.0135958, , , , , , , 28.8193846, -0.0082246, , , , , , , 28.8193846, 0.0065461, , , , , , , 28.8193846, 0.0132601, , , , , , , , , , , , , , , , , , , , , , , , , , , , 
28.8199038, 0.0125887, , , , , , , 28.8199038, -0.0075532, , , , , , , 28.8199038, 0.0083925, , , , , , , 28.8199038, 0.0124208, , , , , , , , , , , , , , , , , , , , , , , , , , , , 
28.8204231, 0.0129244, , , , , , , 28.8204231, -0.0072175, , , , , , , 28.8204231, 0.0062104, , , , , , , 28.8204231, 0.0115816, , , , , , , , , , , , , , , , , , , , , , , , , , , , 
28.8209423, 0.0119173, , , , , , , 28.8209423, -0.0068818, , , , , , , 28.8209423, 0.0038605, , , , , , , 28.8209423, 0.0129244, , , , , , , , , , , , , , , , , , , , , , , , , , , , 
28.8214615, 0.0135958, , , , , , , 28.8214615, -0.0063783, , , , , , , 28.8214615, 0.0031891, , , , , , , 28.8214615, 0.014435, , , , , , , , , , , , , , , , , , , , , , , , , , , , 
28.8219808, 0.0152743, , , , , , , 28.8219808, -0.0057069, , , , , , , 28.8219808, 0.0028534, , , , , , , 28.8219808, 0.0132601, , , , , , , , , , , , , , , , , , , , , , , , , , , , 
28.8225, 0.0191348, , , , , , , 28.8225, -0.0052033, , , , , , , 28.8225, -0.0010071, , , , , , , 28.8225, 0.0119173, , , , , , , , , , , , , , , , , , , , , , , , , , , , 
28.8230192, 0.0229953, , , , , , , 28.8230192, -0.005539, , , , , , , 28.8230192, -0.005539, , , , , , , 28.8230192, 0.0132601, , , , , , , , , , , , , , , , , , , , , , , , , , , , 
28.8235385, 0.0250095, , , , , , , 28.8235385, -0.005539, , , , , , , 28.8235385, -0.0052033, , , , , , , 28.8235385, 0.0129244, , , , , , , , , , , , , , , , , , , , , , , , , , , , 
28.8240577, 0.0276951, , , , , , , 28.8240577, -0.0038605, , , , , , , 28.8240577, -0.0057069, , , , , , , 28.8240577, 0.0085603, , , , , , , , , , , , , , , , , , , , , , , , , , , , 
28.8245769, 0.0307164, , , , , , , 28.8245769, -0.0028534, , , , , , , 28.8245769, -0.0072175, , , , , , , 28.8245769, 0.0052033, , , , , , , , , , , , , , , , , , , , , , , , , , , , 
28.8250962, 0.0323949, , , , , , , 28.8250962, -0.0048676, , , , , , , 28.8250962, -0.0095674, , , , , , , 28.8250962, 0.0052033, , , , , , , , , , , , , , , , , , , , , , , , , , , , 
28.8256154, 0.0318914, , , , , , , 28.8256154, -0.0078889, , , , , , , 28.8256154, -0.0102388, , , , , , , 28.8256154, 0.0058747, , , , , , , , , , , , , , , , , , , , , , , , , , , , 
28.8261346, 0.0290379, , , , , , , 28.8261346, -0.0082246, , , , , , , 28.8261346, -0.0105745, , , , , , , 28.8261346, 0.005539, , , , , , , , , , , , , , , , , , , , , , , , , , , , 
28.8266538, 0.0250095, , , , , , , 28.8266538, -0.0075532, , , , , , , 28.8266538, -0.0132601, , , , , , , 28.8266538, 0.0045319, , , , , , , , , , , , , , , , , , , , , , , , , , , , 
28.8271731, 0.0229953, , , , , , , 28.8271731, -0.0078889, , , , , , , 28.8271731, -0.0125887, , , , , , , 28.8271731, 0.0028534, , , , , , , , , , , , , , , , , , , , , , , , , , , , 
28.8276923, 0.0246738, , , , , , , 28.8276923, -0.0095674, , , , , , , 28.8276923, -0.0068818, , , , , , , 28.8276923, 0.0025177, , , , , , , , , , , , , , , , , , , , , , , , , , , , 
28.8282115, 0.0253452, , , , , , , 28.8282115, -0.0102388, , , , , , , 28.8282115, -0.0018463, , , , , , , 28.8282115, 0.0045319, , , , , , , , , , , , , , , , , , , , , , , , , , , , 
28.8287308, 0.0236667, , , , , , , 28.8287308, -0.0085603, , , , , , , 28.8287308, 0.0005035, , , , , , , 28.8287308, 0.0070497, , , , , , , , , , , , , , , , , , , , , , , , , , , , 
28.82925, 0.0229953, , , , , , , 28.82925, -0.0070497, , , , , , , 28.82925, 0.0028534, , , , , , , 28.82925, 0.0082246, , , , , , , , , , , , , , , , , , , , , , , , , , , , 
28.8297692, 0.023331, , , , , , , 28.8297692, -0.0083925, , , , , , , 28.8297692, 0.0045319, , , , , , , 28.8297692, 0.0095674, , , , , , , , , , , , , , , , , , , , , , , , , , , , 
28.8302885, 0.0199741, , , , , , , 28.8302885, -0.0102388, , , , , , , 28.8302885, 0.0025177, , , , , , , 28.8302885, 0.0097353, , , , , , , , , , , , , , , , , , , , , , , , , , , , 
28.8308077, 0.0132601, , , , , , , 28.8308077, -0.0099031, , , , , , , 28.8308077, -0.0018463, , , , , , , 28.8308077, 0.0090639, , , , , , , , , , , , , , , , , , , , , , , , , , , , 
28.8313269, 0.0078889, , , , , , , 28.8313269, -0.0083925, , , , , , , 28.8313269, -0.0062104, , , , , , , 28.8313269, 0.0115816, , , , , , , , , , , , , , , , , , , , , , , , , , , , 
28.8318462, 0.0050355, , , , , , , 28.8318462, -0.0078889, , , , , , , 28.8318462, -0.0115816, , , , , , , 28.8318462, 0.0146029, , , , , , , , , , , , , , , , , , , , , , , , , , , , 
28.8323654, 0.005539, , , , , , , 28.8323654, -0.008896, , , , , , , 28.8323654, -0.01561, , , , , , , 28.8323654, 0.0152743, , , , , , , , , , , , , , , , , , , , , , , , , , , , 
28.8328846, 0.0072175, , , , , , , 28.8328846, -0.0082246, , , , , , , 28.8328846, -0.0176242, , , , , , , 28.8328846, 0.0146029, , , , , , , , , , , , , , , , , , , , , , , , , , , , 
28.8334038, 0.0053712, , , , , , , 28.8334038, -0.0082246, , , , , , , 28.8334038, -0.0182956, , , , , , , 28.8334038, 0.0119173, , , , , , , , , , , , , , , , , , , , , , , , , , , , 
28.8339231, 0.0025177, , , , , , , 28.8339231, -0.0099031, , , , , , , 28.8339231, -0.0199741, , , , , , , 28.8339231, 0.0119173, , , , , , , , , , , , , , , , , , , , , , , , , , , , 
28.8344423, 0.0031891, , , , , , , 28.8344423, -0.0109102, , , , , , , 28.8344423, -0.023331, , , , , , , 28.8344423, 0.0125887, , , , , , , , , , , , , , , , , , , , , , , , , , , , 
28.8349615, 0.0048676, , , , , , , 28.8349615, -0.0109102, , , , , , , 28.8349615, -0.0263523, , , , , , , 28.8349615, 0.0115816, , , , , , , , , , , , , , , , , , , , , , , , , , , , 
28.8354808, 0.0058747, , , , , , , 28.8354808, -0.0112459, , , , , , , 28.8354808, -0.0271916, , , , , , , 28.8354808, 0.0137636, , , , , , , , , , , , , , , , , , , , , , , , , , , , 
28.836, 0.0062104, , , , , , , 28.836, -0.0105745, , , , , , , 28.836, -0.0251774, , , , , , , 28.836, 0.0157778, , , , , , , , , , , , , , , , , , , , , , , , , , , , 
28.8365192, 0.008896, , , , , , , 28.8365192, -0.008896, , , , , , , 28.8365192, -0.0223239, , , , , , , 28.8365192, 0.0151064, , , , , , , , , , , , , , , , , , , , , , , , , , , , 
28.8370385, 0.0102388, , , , , , , 28.8370385, -0.0082246, , , , , , , 28.8370385, -0.0226596, , , , , , , 28.8370385, 0.0157778, , , , , , , , , , , , , , , , , , , , , , , , , , , , 
28.8375577, 0.0119173, , , , , , , 28.8375577, -0.0062104, , , , , , , 28.8375577, -0.0231632, , , , , , , 28.8375577, 0.0176242, , , , , , , , , , , , , , , , , , , , , , , , , , , , 
28.8380769, 0.0149386, , , , , , , 28.8380769, -0.0038605, , , , , , , 28.8380769, -0.0213169, , , , , , , 28.8380769, 0.0146029, , , , , , , , , , , , , , , , , , , , , , , , , , , , 
28.8385962, 0.0142672, , , , , , , 28.8385962, -0.0036927, , , , , , , 28.8385962, -0.0182956, , , , , , , 28.8385962, 0.011078, , , , , , , , , , , , , , , , , , , , , , , , , , , , 
28.8391154, 0.0085603, , , , , , , 28.8391154, -0.0038605, , , , , , , 28.8391154, -0.0162814, , , , , , , 28.8391154, 0.011078, , , , , , , , , , , , , , , , , , , , , , , , , , , , 
28.8396346, 0.0065461, , , , , , , 28.8396346, -0.0041962, , , , , , , 28.8396346, -0.0135958, , , , , , , 28.8396346, 0.0119173, , , , , , , , , , , , , , , , , , , , , , , , , , , , 
28.8401538, 0.0078889, , , , , , , 28.8401538, -0.0065461, , , , , , , 28.8401538, -0.0112459, , , , , , , 28.8401538, 0.0119173, , , , , , , , , , , , , , , , , , , , , , , , , , , , 
28.8406731, 0.005539, , , , , , , 28.8406731, -0.0077211, , , , , , , 28.8406731, -0.0095674, , , , , , , 28.8406731, 0.0105745, , , , , , , , , , , , , , , , , , , , , , , , , , , , 
28.8411923, -0.0008392, , , , , , , 28.8411923, -0.0083925, , , , , , , 28.8411923, -0.005539, , , , , , , 28.8411923, 0.0102388, , , , , , , , , , , , , , , , , , , , , , , , , , , , 
28.8417115, -0.0005035, , , , , , , 28.8417115, -0.0099031, , , , , , , 28.8417115, -0.0043641, , , , , , , 28.8417115, 0.0078889, , , , , , , , , , , , , , , , , , , , , , , , , , , , 
28.8422308, 0.0041962, , , , , , , 28.8422308, -0.0095674, , , , , , , 28.8422308, -0.0058747, , , , , , , 28.8422308, 0.0063783, , , , , , , , , , , , , , , , , , , , , , , , , , , , 
28.84275, 0.0063783, , , , , , , 28.84275, -0.0073854, , , , , , , 28.84275, -0.0085603, , , , , , , 28.84275, 0.008896, , , , , , , , , , , , , , , , , , , , , , , , , , , , 
28.8432692, 0.0095674, , , , , , , 28.8432692, -0.0052033, , , , , , , 28.8432692, -0.0082246, , , , , , , 28.8432692, 0.012253, , , , , , , , , , , , , , , , , , , , , , , , , , , , 
28.8437885, 0.0130922, , , , , , , 28.8437885, -0.0041962, , , , , , , 28.8437885, -0.005539, , , , , , , 28.8437885, 0.0125887, , , , , , , , , , , , , , , , , , , , , , , , , , , , 
28.8443077, 0.0095674, , , , , , , 28.8443077, -0.0036927, , , , , , , 28.8443077, -0.0045319, , , , , , , 28.8443077, 0.0119173, , , , , , , , , , , , , , , , , , , , , , , , , , , , 
28.8448269, 0.0031891, , , , , , , 28.8448269, -0.0041962, , , , , , , 28.8448269, -0.005539, , , , , , , 28.8448269, 0.0130922, , , , , , , , , , , , , , , , , , , , , , , , , , , , 
28.8453462, 0.0036927, , , , , , , 28.8453462, -0.0048676, , , , , , , 28.8453462, -0.0062104, , , , , , , 28.8453462, 0.0132601, , , , , , , , , , , , , , , , , , , , , , , , , , , , 
28.8458654, 0.0129244, , , , , , , 28.8458654, -0.0048676, , , , , , , 28.8458654, -0.0077211, , , , , , , 28.8458654, 0.0135958, , , , , , , , , , , , , , , , , , , , , , , , , , , , 
28.8463846, 0.0186313, , , , , , , 28.8463846, -0.0052033, , , , , , , 28.8463846, -0.0095674, , , , , , , 28.8463846, 0.0139315, , , , , , , , , , , , , , , , , , , , , , , , , , , , 
28.8469038, 0.0159457, , , , , , , 28.8469038, -0.0063783, , , , , , , 28.8469038, -0.0095674, , , , , , , 28.8469038, 0.0129244, , , , , , , , , , , , , , , , , , , , , , , , , , , , 
28.8474231, 0.0114137, , , , , , , 28.8474231, -0.0078889, , , , , , , 28.8474231, -0.0082246, , , , , , , 28.8474231, 0.0130922, , , , , , , , , , , , , , , , , , , , , , , , , , , , 
28.8479423, 0.0125887, , , , , , , 28.8479423, -0.0095674, , , , , , , 28.8479423, -0.0062104, , , , , , , 28.8479423, 0.0139315, , , , , , , , , , , , , , , , , , , , , , , , , , , , 
28.8484615, 0.0172885, , , , , , , 28.8484615, -0.0095674, , , , , , , 28.8484615, -0.0052033, , , , , , , 28.8484615, 0.0135958, , , , , , , , , , , , , , , , , , , , , , , , , , , , 
28.8489808, 0.0206455, , , , , , , 28.8489808, -0.0092317, , , , , , , 28.8489808, -0.0065461, , , , , , , 28.8489808, 0.012253, , , , , , , , , , , , , , , , , , , , , , , , , , , , 
28.8495, 0.0224918, , , , , , , 28.8495, -0.0082246, , , , , , , 28.8495, -0.0078889, , , , , , , 28.8495, 0.0112459, , , , , , , , , , , , , , , , , , , , , , , , , , , , 
28.8500192, 0.021149, , , , , , , 28.8500192, -0.005539, , , , , , , 28.8500192, -0.0082246, , , , , , , 28.8500192, 0.0095674, , , , , , , , , , , , , , , , , , , , , , , , , , , , 
28.8505385, 0.018967, , , , , , , 28.8505385, -0.0035248, , , , , , , 28.8505385, -0.0082246, , , , , , , 28.8505385, 0.008896, , , , , , , , , , , , , , , , , , , , , , , , , , , , 
28.8510577, 0.0179599, , , , , , , 28.8510577, -0.0035248, , , , , , , 28.8510577, -0.0082246, , , , , , , 28.8510577, 0.0112459, , , , , , , , , , , , , , , , , , , , , , , , , , , , 
28.8515769, 0.0186313, , , , , , , 28.8515769, -0.0052033, , , , , , , 28.8515769, -0.0068818, , , , , , , 28.8515769, 0.012253, , , , , , , , , , , , , , , , , , , , , , , , , , , , 
28.8520962, 0.0169528, , , , , , , 28.8520962, -0.0082246, , , , , , , 28.8520962, -0.005539, , , , , , , 28.8520962, 0.0099031, , , , , , , , , , , , , , , , , , , , , , , , , , , , 
28.8526154, 0.0132601, , , , , , , 28.8526154, -0.0077211, , , , , , , 28.8526154, -0.0045319, , , , , , , 28.8526154, 0.0109102, , , , , , , , , , , , , , , , , , , , , , , , , , , , 
28.8531346, 0.0102388, , , , , , , 28.8531346, -0.0062104, , , , , , , 28.8531346, -0.0038605, , , , , , , 28.8531346, 0.0157778, , , , , , , , , , , , , , , , , , , , , , , , , , , , 
28.8536538, 0.0072175, , , , , , , 28.8536538, -0.0060426, , , , , , , 28.8536538, -0.0011749, , , , , , , 28.8536538, 0.0182956, , , , , , , , , , , , , , , , , , , , , , , , , , , , 
28.8541731, 0.0045319, , , , , , , 28.8541731, -0.0065461, , , , , , , 28.8541731, -0.0001678, , , , , , , 28.8541731, 0.0172885, , , , , , , , , , , , , , , , , , , , , , , , , , , , 
28.8546923, 0.0072175, , , , , , , 28.8546923, -0.0082246, , , , , , , 28.8546923, -0.0008392, , , , , , , 28.8546923, 0.0146029, , , , , , , , , , , , , , , , , , , , , , , , , , , , 
28.8552115, 0.0087282, , , , , , , 28.8552115, -0.0083925, , , , , , , 28.8552115, -0.0025177, , , , , , , 28.8552115, 0.0117494, , , , , , , , , , , , , , , , , , , , , , , , , , , , 
28.8557308, 0.0075532, , , , , , , 28.8557308, -0.0075532, , , , , , , 28.8557308, -0.0041962, , , , , , , 28.8557308, 0.0105745, , , , , , , , , , , , , , , , , , , , , , , , , , , , 
28.85625, 0.0062104, , , , , , , 28.85625, -0.0068818, , , , , , , 28.85625, -0.0035248, , , , , , , 28.85625, 0.0105745, , , , , , , , , , , , , , , , , , , , , , , , , , , , 
28.8567692, 0.0068818, , , , , , , 28.8567692, -0.0075532, , , , , , , 28.8567692, -0.0015106, , , , , , , 28.8567692, 0.0092317, , , , , , , , , , , , , , , , , , , , , , , , , , , , 
28.8572885, 0.0119173, , , , , , , 28.8572885, -0.0077211, , , , , , , 28.8572885, -0.0015106, , , , , , , 28.8572885, 0.0070497, , , , , , , , , , , , , , , , , , , , , , , , , , , , 
28.8578077, 0.012253, , , , , , , 28.8578077, -0.0075532, , , , , , , 28.8578077, -0.0011749, , , , , , , 28.8578077, 0.0065461, , , , , , , , , , , , , , , , , , , , , , , , , , , , 
28.8583269, 0.0075532, , , , , , , 28.8583269, -0.0070497, , , , , , , 28.8583269, -0.0018463, , , , , , , 28.8583269, 0.0072175, , , , , , , , , , , , , , , , , , , , , , , , , , , , 
28.8588462, 0.0058747, , , , , , , 28.8588462, -0.0068818, , , , , , , 28.8588462, -0.0041962, , , , , , , 28.8588462, 0.0105745, , , , , , , , , , , , , , , , , , , , , , , , , , , , 
28.8593654, 0.0062104, , , , , , , 28.8593654, -0.0073854, , , , , , , 28.8593654, -0.0065461, , , , , , , 28.8593654, 0.0119173, , , , , , , , , , , , , , , , , , , , , , , , , , , , 
28.8598846, 0.0050355, , , , , , , 28.8598846, -0.0077211, , , , , , , 28.8598846, -0.0063783, , , , , , , 28.8598846, 0.0099031, , , , , , , , , , , , , , , , , , , , , , , , , , , , 
28.8604038, 0.0058747, , , , , , , 28.8604038, -0.0082246, , , , , , , 28.8604038, -0.0058747, , , , , , , 28.8604038, 0.005539, , , , , , , , , , , , , , , , , , , , , , , , , , , , 
28.8609231, 0.0104067, , , , , , , 28.8609231, -0.008896, , , , , , , 28.8609231, -0.0062104, , , , , , , 28.8609231, 0.0065461, , , , , , , , , , , , , , , , , , , , , , , , , , , , 
28.8614423, 0.0152743, , , , , , , 28.8614423, -0.0085603, , , , , , , 28.8614423, -0.0058747, , , , , , , 28.8614423, 0.0090639, , , , , , , , , , , , , , , , , , , , , , , , , , , , 
28.8619615, 0.018967, , , , , , , 28.8619615, -0.0082246, , , , , , , 28.8619615, -0.0065461, , , , , , , 28.8619615, 0.0085603, , , , , , , , , , , , , , , , , , , , , , , , , , , , 
28.8624808, 0.0209812, , , , , , , 28.8624808, -0.0090639, , , , , , , 28.8624808, -0.0068818, , , , , , , 28.8624808, 0.0075532, , , , , , , , , , , , , , , , , , , , , , , , , , , , 
28.863, 0.0213169, , , , , , , 28.863, -0.0099031, , , , , , , 28.863, -0.0062104, , , , , , , 28.863, 0.0085603, , , , , , , , , , , , , , , , , , , , , , , , , , , , 
28.8635192, 0.0191348, , , , , , , 28.8635192, -0.0109102, , , , , , , 28.8635192, -0.0050355, , , , , , , 28.8635192, 0.0099031, , , , , , , , , , , , , , , , , , , , , , , , , , , , 
28.8640385, 0.0152743, , , , , , , 28.8640385, -0.0115816, , , , , , , 28.8640385, -0.0050355, , , , , , , 28.8640385, 0.0105745, , , , , , , , , , , , , , , , , , , , , , , , , , , , 
28.8645577, 0.0159457, , , , , , , 28.8645577, -0.0104067, , , , , , , 28.8645577, -0.0048676, , , , , , , 28.8645577, 0.0099031, , , , , , , , , , , , , , , , , , , , , , , , , , , , 
28.8650769, 0.0164492, , , , , , , 28.8650769, -0.0082246, , , , , , , 28.8650769, -0.0062104, , , , , , , 28.8650769, 0.0072175, , , , , , , , , , , , , , , , , , , , , , , , , , , , 
28.8655962, 0.0132601, , , , , , , 28.8655962, -0.0072175, , , , , , , 28.8655962, -0.008896, , , , , , , 28.8655962, 0.0083925, , , , , , , , , , , , , , , , , , , , , , , , , , , , 
28.8661154, 0.0129244, , , , , , , 28.8661154, -0.0072175, , , , , , , 28.8661154, -0.0075532, , , , , , , 28.8661154, 0.0105745, , , , , , , , , , , , , , , , , , , , , , , , , , , , 
28.8666346, 0.0125887, , , , , , , 28.8666346, -0.0082246, , , , , , , 28.8666346, -0.0038605, , , , , , , 28.8666346, 0.0095674, , , , , , , , , , , , , , , , , , , , , , , , , , , , 
28.8671538, 0.0092317, , , , , , , 28.8671538, -0.0097353, , , , , , , 28.8671538, -0.002182, , , , , , , 28.8671538, 0.0065461, , , , , , , , , , , , , , , , , , , , , , , , , , , , 
28.8676731, 0.0082246, , , , , , , 28.8676731, -0.0105745, , , , , , , 28.8676731, -0.0031891, , , , , , , 28.8676731, 0.0070497, , , , , , , , , , , , , , , , , , , , , , , , , , , , 
28.8681923, 0.0078889, , , , , , , 28.8681923, -0.0105745, , , , , , , 28.8681923, -0.0062104, , , , , , , 28.8681923, 0.012253, , , , , , , , , , , , , , , , , , , , , , , , , , , , 
28.8687115, 0.0050355, , , , , , , 28.8687115, -0.0109102, , , , , , , 28.8687115, -0.0077211, , , , , , , 28.8687115, 0.01561, , , , , , , , , , , , , , , , , , , , , , , , , , , , 
28.8692308, 0.0038605, , , , , , , 28.8692308, -0.0105745, , , , , , , 28.8692308, -0.0082246, , , , , , , 28.8692308, 0.0164492, , , , , , , , , , , , , , , , , , , , , , , , , , , , 
28.86975, 0.0052033, , , , , , , 28.86975, -0.0097353, , , , , , , 28.86975, -0.0082246, , , , , , , 28.86975, 0.0149386, , , , , , , , , , , , , , , , , , , , , , , , , , , , 
28.8702692, 0.0078889, , , , , , , 28.8702692, -0.0095674, , , , , , , 28.8702692, -0.0068818, , , , , , , 28.8702692, 0.014435, , , , , , , , , , , , , , , , , , , , , , , , , , , , 
28.8707885, 0.0132601, , , , , , , 28.8707885, -0.0095674, , , , , , , 28.8707885, -0.0062104, , , , , , , 28.8707885, 0.0159457, , , , , , , , , , , , , , , , , , , , , , , , , , , , 
28.8713077, 0.0135958, , , , , , , 28.8713077, -0.0095674, , , , , , , 28.8713077, -0.0062104, , , , , , , 28.8713077, 0.0179599, , , , , , , , , , , , , , , , , , , , , , , , , , , , 
28.8718269, 0.0139315, , , , , , , 28.8718269, -0.0082246, , , , , , , 28.8718269, -0.0068818, , , , , , , 28.8718269, 0.018967, , , , , , , , , , , , , , , , , , , , , , , , , , , , 
28.8723462, 0.0166171, , , , , , , 28.8723462, -0.0068818, , , , , , , 28.8723462, -0.0075532, , , , , , , 28.8723462, 0.0193027, , , , , , , , , , , , , , , , , , , , , , , , , , , , 
28.8728654, 0.0179599, , , , , , , 28.8728654, -0.0068818, , , , , , , 28.8728654, -0.0072175, , , , , , , 28.8728654, 0.0196384, , , , , , , , , , , , , , , , , , , , , , , , , , , , 
28.8733846, 0.0149386, , , , , , , 28.8733846, -0.005539, , , , , , , 28.8733846, -0.0063783, , , , , , , 28.8733846, 0.0209812, , , , , , , , , , , , , , , , , , , , , , , , , , , , 
28.8739038, 0.0065461, , , , , , , 28.8739038, -0.0046998, , , , , , , 28.8739038, -0.0082246, , , , , , , 28.8739038, 0.021149, , , , , , , , , , , , , , , , , , , , , , , , , , , , 
28.8744231, 0.002182, , , , , , , 28.8744231, -0.0058747, , , , , , , 28.8744231, -0.0092317, , , , , , , 28.8744231, 0.0209812, , , , , , , , , , , , , , , , , , , , , , , , , , , , 
28.8749423, -0.0028534, , , , , , , 28.8749423, -0.0062104, , , , , , , 28.8749423, -0.008896, , , , , , , 28.8749423, 0.023331, , , , , , , , , , , , , , , , , , , , , , , , , , , , 
28.8754615, -0.0068818, , , , , , , 28.8754615, -0.005539, , , , , , , 28.8754615, -0.0085603, , , , , , , 28.8754615, 0.0250095, , , , , , , , , , , , , , , , , , , , , , , , , , , , 
28.8759808, -0.005539, , , , , , , 28.8759808, -0.0065461, , , , , , , 28.8759808, -0.0085603, , , , , , , 28.8759808, 0.0213169, , , , , , , , , , , , , , , , , , , , , , , , , , , , 
28.8765, -0.0015106, , , , , , , 28.8765, -0.0075532, , , , , , , 28.8765, -0.008896, , , , , , , 28.8765, 0.0196384, , , , , , , , , , , , , , , , , , , , , , , , , , , , 
28.8770192, 0.0011749, , , , , , , 28.8770192, -0.0070497, , , , , , , 28.8770192, -0.0095674, , , , , , , 28.8770192, 0.0194705, , , , , , , , , , , , , , , , , , , , , , , , , , , , 
28.8775385, 0.0058747, , , , , , , 28.8775385, -0.0095674, , , , , , , 28.8775385, -0.0102388, , , , , , , 28.8775385, 0.0179599, , , , , , , , , , , , , , , , , , , , , , , , , , , , 
28.8780577, 0.0115816, , , , , , , 28.8780577, -0.0095674, , , , , , , 28.8780577, -0.0095674, , , , , , , 28.8780577, 0.0159457, , , , , , , , , , , , , , , , , , , , , , , , , , , , 
28.8785769, 0.012253, , , , , , , 28.8785769, -0.0072175, , , , , , , 28.8785769, -0.008896, , , , , , , 28.8785769, 0.0142672, , , , , , , , , , , , , , , , , , , , , , , , , , , , 
28.8790962, 0.0105745, , , , , , , 28.8790962, -0.0065461, , , , , , , 28.8790962, -0.0109102, , , , , , , 28.8790962, 0.0129244, , , , , , , , , , , , , , , , , , , , , , , , , , , , 
28.8796154, 0.0099031, , , , , , , 28.8796154, -0.0072175, , , , , , , 28.8796154, -0.0105745, , , , , , , 28.8796154, 0.0142672, , , , , , , , , , , , , , , , , , , , , , , , , , , , 
28.8801346, 0.0095674, , , , , , , 28.8801346, -0.008896, , , , , , , 28.8801346, -0.0082246, , , , , , , 28.8801346, 0.0146029, , , , , , , , , , , , , , , , , , , , , , , , , , , , 
28.8806538, 0.0092317, , , , , , , 28.8806538, -0.0085603, , , , , , , 28.8806538, -0.008896, , , , , , , 28.8806538, 0.0152743, , , , , , , , , , , , , , , , , , , , , , , , , , , , 
28.8811731, 0.0072175, , , , , , , 28.8811731, -0.0068818, , , , , , , 28.8811731, -0.0095674, , , , , , , 28.8811731, 0.0162814, , , , , , , , , , , , , , , , , , , , , , , , , , , , 
28.8816923, 0.0045319, , , , , , , 28.8816923, -0.0048676, , , , , , , 28.8816923, -0.0078889, , , , , , , 28.8816923, 0.0172885, , , , , , , , , , , , , , , , , , , , , , , , , , , , 
28.8822115, 0.0008392, , , , , , , 28.8822115, -0.0062104, , , , , , , 28.8822115, -0.008896, , , , , , , 28.8822115, 0.0166171, , , , , , , , , , , , , , , , , , , , , , , , , , , , 
28.8827308, 0.0025177, , , , , , , 28.8827308, -0.0075532, , , , , , , 28.8827308, -0.0095674, , , , , , , 28.8827308, 0.0159457, , , , , , , , , , , , , , , , , , , , , , , , , , , , 
28.88325, 0.0092317, , , , , , , 28.88325, -0.0082246, , , , , , , 28.88325, -0.0085603, , , , , , , 28.88325, 0.0139315, , , , , , , , , , , , , , , , , , , , , , , , , , , , 
28.8837692, 0.0186313, , , , , , , 28.8837692, -0.0077211, , , , , , , 28.8837692, -0.0082246, , , , , , , 28.8837692, 0.0117494, , , , , , , , , , , , , , , , , , , , , , , , , , , , 
28.8842885, 0.0280308, , , , , , , 28.8842885, -0.0065461, , , , , , , 28.8842885, -0.0099031, , , , , , , 28.8842885, 0.0109102, , , , , , , , , , , , , , , , , , , , , , , , , , , , 
28.8848077, 0.0298772, , , , , , , 28.8848077, -0.0058747, , , , , , , 28.8848077, -0.0129244, , , , , , , 28.8848077, 0.0109102, , , , , , , , , , , , , , , , , , , , , , , , , , , , 
28.8853269, 0.0297093, , , , , , , 28.8853269, -0.0068818, , , , , , , 28.8853269, -0.0129244, , , , , , , 28.8853269, 0.0124208, , , , , , , , , , , , , , , , , , , , , , , , , , , , 
28.8858462, 0.0287022, , , , , , , 28.8858462, -0.0082246, , , , , , , 28.8858462, -0.011078, , , , , , , 28.8858462, 0.0132601, , , , , , , , , , , , , , , , , , , , , , , , , , , , 
28.8863654, 0.0226596, , , , , , , 28.8863654, -0.0082246, , , , , , , 28.8863654, -0.0095674, , , , , , , 28.8863654, 0.0129244, , , , , , , , , , , , , , , , , , , , , , , , , , , , 
28.8868846, 0.0216526, , , , , , , 28.8868846, -0.0095674, , , , , , , 28.8868846, -0.0095674, , , , , , , 28.8868846, 0.0135958, , , , , , , , , , , , , , , , , , , , , , , , , , , , 
28.8874038, 0.0218204, , , , , , , 28.8874038, -0.0102388, , , , , , , 28.8874038, -0.0109102, , , , , , , 28.8874038, 0.0139315, , , , , , , , , , , , , , , , , , , , , , , , , , , , 
28.8879231, 0.018967, , , , , , , 28.8879231, -0.0097353, , , , , , , 28.8879231, -0.008896, , , , , , , 28.8879231, 0.0125887, , , , , , , , , , , , , , , , , , , , , , , , , , , , 
28.8884423, 0.0152743, , , , , , , 28.8884423, -0.0083925, , , , , , , 28.8884423, -0.0075532, , , , , , , 28.8884423, 0.0130922, , , , , , , , , , , , , , , , , , , , , , , , , , , , 
28.8889615, 0.0135958, , , , , , , 28.8889615, -0.0078889, , , , , , , 28.8889615, -0.008896, , , , , , , 28.8889615, 0.0146029, , , , , , , , , , , , , , , , , , , , , , , , , , , , 
28.8894808, 0.0142672, , , , , , , 28.8894808, -0.0077211, , , , , , , 28.8894808, -0.0082246, , , , , , , 28.8894808, 0.014435, , , , , , , , , , , , , , , , , , , , , , , , , , , , 
28.89, 0.0186313, , , , , , , 28.89, -0.0075532, , , , , , , 28.89, -0.0058747, , , , , , , 28.89, 0.0154421, , , , , , , , , , , , , , , , , , , , , , , , , , , , 
28.8905192, 0.0213169, , , , , , , 28.8905192, -0.0078889, , , , , , , 28.8905192, -0.0058747, , , , , , , 28.8905192, 0.0146029, , , , , , , , , , , , , , , , , , , , , , , , , , , , 
28.8910385, 0.0191348, , , , , , , 28.8910385, -0.0082246, , , , , , , 28.8910385, -0.0052033, , , , , , , 28.8910385, 0.0130922, , , , , , , , , , , , , , , , , , , , , , , , , , , , 
28.8915577, 0.0132601, , , , , , , 28.8915577, -0.0072175, , , , , , , 28.8915577, -0.0052033, , , , , , , 28.8915577, 0.0129244, , , , , , , , , , , , , , , , , , , , , , , , , , , , 
28.8920769, 0.008896, , , , , , , 28.8920769, -0.0062104, , , , , , , 28.8920769, -0.0068818, , , , , , , 28.8920769, 0.012253, , , , , , , , , , , , , , , , , , , , , , , , , , , , 
28.8925962, 0.0075532, , , , , , , 28.8925962, -0.0058747, , , , , , , 28.8925962, -0.0075532, , , , , , , 28.8925962, 0.0097353, , , , , , , , , , , , , , , , , , , , , , , , , , , , 
28.8931154, 0.0068818, , , , , , , 28.8931154, -0.0062104, , , , , , , 28.8931154, -0.0085603, , , , , , , 28.8931154, 0.0078889, , , , , , , , , , , , , , , , , , , , , , , , , , , , 
28.8936346, 0.0058747, , , , , , , 28.8936346, -0.0068818, , , , , , , 28.8936346, -0.0082246, , , , , , , 28.8936346, 0.0083925, , , , , , , , , , , , , , , , , , , , , , , , , , , , 
28.8941538, 0.0052033, , , , , , , 28.8941538, -0.0063783, , , , , , , 28.8941538, -0.0070497, , , , , , , 28.8941538, 0.0104067, , , , , , , , , , , , , , , , , , , , , , , , , , , , 
28.8946731, 0.0078889, , , , , , , 28.8946731, -0.0068818, , , , , , , 28.8946731, -0.0062104, , , , , , , 28.8946731, 0.0095674, , , , , , , , , , , , , , , , , , , , , , , , , , , , 
28.8951923, 0.011078, , , , , , , 28.8951923, -0.0082246, , , , , , , 28.8951923, -0.0048676, , , , , , , 28.8951923, 0.0075532, , , , , , , , , , , , , , , , , , , , , , , , , , , , 
28.8957115, 0.0140993, , , , , , , 28.8957115, -0.0105745, , , , , , , 28.8957115, -0.0048676, , , , , , , 28.8957115, 0.0065461, , , , , , , , , , , , , , , , , , , , , , , , , , , , 
28.8962308, 0.0159457, , , , , , , 28.8962308, -0.0112459, , , , , , , 28.8962308, -0.0072175, , , , , , , 28.8962308, 0.0060426, , , , , , , , , , , , , , , , , , , , , , , , , , , , 
28.89675, 0.0206455, , , , , , , 28.89675, -0.011078, , , , , , , 28.89675, -0.0075532, , , , , , , 28.89675, 0.0070497, , , , , , , , , , , , , , , , , , , , , , , , , , , , 
28.8972692, 0.0253452, , , , , , , 28.8972692, -0.0085603, , , , , , , 28.8972692, -0.0062104, , , , , , , 28.8972692, 0.0078889, , , , , , , , , , , , , , , , , , , , , , , , , , , , 
28.8977885, 0.0305486, , , , , , , 28.8977885, -0.0068818, , , , , , , 28.8977885, -0.005539, , , , , , , 28.8977885, 0.0099031, , , , , , , , , , , , , , , , , , , , , , , , , , , , 
28.8983077, 0.0317235, , , , , , , 28.8983077, -0.0077211, , , , , , , 28.8983077, -0.0070497, , , , , , , 28.8983077, 0.0129244, , , , , , , , , , , , , , , , , , , , , , , , , , , , 
28.8988269, 0.0340734, , , , , , , 28.8988269, -0.0099031, , , , , , , 28.8988269, -0.0082246, , , , , , , 28.8988269, 0.0149386, , , , , , , , , , , , , , , , , , , , , , , , , , , , 
28.8993462, 0.0386053, , , , , , , 28.8993462, -0.0099031, , , , , , , 28.8993462, -0.0082246, , , , , , , 28.8993462, 0.0152743, , , , , , , , , , , , , , , , , , , , , , , , , , , , 
28.8998654, 0.0374304, , , , , , , 28.8998654, -0.0077211, , , , , , , 28.8998654, -0.0065461, , , , , , , 28.8998654, 0.0135958, , , , , , , , , , , , , , , , , , , , , , , , , , , , 
28.9003846, 0.0313878, , , , , , , 28.9003846, -0.0063783, , , , , , , 28.9003846, -0.0050355, , , , , , , 28.9003846, 0.0105745, , , , , , , , , , , , , , , , , , , , , , , , , , , , 
28.9009038, 0.024506, , , , , , , 28.9009038, -0.0058747, , , , , , , 28.9009038, -0.0050355, , , , , , , 28.9009038, 0.0092317, , , , , , , , , , , , , , , , , , , , , , , , , , , , 
28.9014231, 0.0199741, , , , , , , 28.9014231, -0.005539, , , , , , , 28.9014231, -0.0050355, , , , , , , 28.9014231, 0.0119173, , , , , , , , , , , , , , , , , , , , , , , , , , , , 
28.9019423, 0.0193027, , , , , , , 28.9019423, -0.005539, , , , , , , 28.9019423, -0.0041962, , , , , , , 28.9019423, 0.0146029, , , , , , , , , , , , , , , , , , , , , , , , , , , , 
28.9024615, 0.0179599, , , , , , , 28.9024615, -0.0063783, , , , , , , 28.9024615, -0.0057069, , , , , , , 28.9024615, 0.0139315, , , , , , , , , , , , , , , , , , , , , , , , , , , , 
28.9029808, 0.0159457, , , , , , , 28.9029808, -0.0062104, , , , , , , 28.9029808, -0.0082246, , , , , , , 28.9029808, 0.0099031, , , , , , , , , , , , , , , , , , , , , , , , , , , , 
28.9035, 0.0166171, , , , , , , 28.9035, -0.0048676, , , , , , , 28.9035, -0.0083925, , , , , , , 28.9035, 0.0078889, , , , , , , , , , , , , , , , , , , , , , , , , , , , 
28.9040192, 0.0179599, , , , , , , 28.9040192, -0.0058747, , , , , , , 28.9040192, -0.0078889, , , , , , , 28.9040192, 0.0099031, , , , , , , , , , , , , , , , , , , , , , , , , , , , 
28.9045385, 0.0166171, , , , , , , 28.9045385, -0.0065461, , , , , , , 28.9045385, -0.0082246, , , , , , , 28.9045385, 0.0124208, , , , , , , , , , , , , , , , , , , , , , , , , , , , 
28.9050577, 0.0196384, , , , , , , 28.9050577, -0.005539, , , , , , , 28.9050577, -0.0097353, , , , , , , 28.9050577, 0.012253, , , , , , , , , , , , , , , , , , , , , , , , , , , , 
28.9055769, 0.023331, , , , , , , 28.9055769, -0.0048676, , , , , , , 28.9055769, -0.0115816, , , , , , , 28.9055769, 0.012253, , , , , , , , , , , , , , , , , , , , , , , , , , , , 
28.9060962, 0.0256809, , , , , , , 28.9060962, -0.005539, , , , , , , 28.9060962, -0.0117494, , , , , , , 28.9060962, 0.0115816, , , , , , , , , , , , , , , , , , , , , , , , , , , , 
28.9066154, 0.0273594, , , , , , , 28.9066154, -0.005539, , , , , , , 28.9066154, -0.0119173, , , , , , , 28.9066154, 0.0099031, , , , , , , , , , , , , , , , , , , , , , , , , , , , 
28.9071346, 0.0307164, , , , , , , 28.9071346, -0.0048676, , , , , , , 28.9071346, -0.0095674, , , , , , , 28.9071346, 0.0092317, , , , , , , , , , , , , , , , , , , , , , , , , , , , 
28.9076538, 0.0340734, , , , , , , 28.9076538, -0.0048676, , , , , , , 28.9076538, -0.0082246, , , , , , , 28.9076538, 0.0092317, , , , , , , , , , , , , , , , , , , , , , , , , , , , 
28.9081731, 0.0323949, , , , , , , 28.9081731, -0.005539, , , , , , , 28.9081731, -0.0095674, , , , , , , 28.9081731, 0.0078889, , , , , , , , , , , , , , , , , , , , , , , , , , , , 
28.9086923, 0.0226596, , , , , , , 28.9086923, -0.0062104, , , , , , , 28.9086923, -0.0112459, , , , , , , 28.9086923, 0.0078889, , , , , , , , , , , , , , , , , , , , , , , , , , , , 
28.9092115, 0.0152743, , , , , , , 28.9092115, -0.0072175, , , , , , , 28.9092115, -0.0093996, , , , , , , 28.9092115, 0.0115816, , , , , , , , , , , , , , , , , , , , , , , , , , , , 
28.9097308, 0.0152743, , , , , , , 28.9097308, -0.0068818, , , , , , , 28.9097308, -0.0068818, , , , , , , 28.9097308, 0.014435, , , , , , , , , , , , , , , , , , , , , , , , , , , , 
28.91025, 0.0172885, , , , , , , 28.91025, -0.0058747, , , , , , , 28.91025, -0.0070497, , , , , , , 28.91025, 0.0137636, , , , , , , , , , , , , , , , , , , , , , , , , , , , 
28.9107692, 0.0179599, , , , , , , 28.9107692, -0.0058747, , , , , , , 28.9107692, -0.0097353, , , , , , , 28.9107692, 0.0119173, , , , , , , , , , , , , , , , , , , , , , , , , , , , 
28.9112885, 0.0216526, , , , , , , 28.9112885, -0.005539, , , , , , , 28.9112885, -0.0105745, , , , , , , 28.9112885, 0.0082246, , , , , , , , , , , , , , , , , , , , , , , , , , , , 
28.9118077, 0.0196384, , , , , , , 28.9118077, -0.0052033, , , , , , , 28.9118077, -0.0092317, , , , , , , 28.9118077, 0.0082246, , , , , , , , , , , , , , , , , , , , , , , , , , , , 
28.9123269, 0.0132601, , , , , , , 28.9123269, -0.0060426, , , , , , , 28.9123269, -0.0068818, , , , , , , 28.9123269, 0.0119173, , , , , , , , , , , , , , , , , , , , , , , , , , , , 
28.9128462, 0.008896, , , , , , , 28.9128462, -0.005539, , , , , , , 28.9128462, -0.0058747, , , , , , , 28.9128462, 0.0142672, , , , , , , , , , , , , , , , , , , , , , , , , , , , 
28.9133654, 0.0063783, , , , , , , 28.9133654, -0.0048676, , , , , , , 28.9133654, -0.005539, , , , , , , 28.9133654, 0.0159457, , , , , , , , , , , , , , , , , , , , , , , , , , , , 
28.9138846, 0.0065461, , , , , , , 28.9138846, -0.0041962, , , , , , , 28.9138846, -0.0062104, , , , , , , 28.9138846, 0.0172885, , , , , , , , , , , , , , , , , , , , , , , , , , , , 
28.9144038, 0.0099031, , , , , , , 28.9144038, -0.0041962, , , , , , , 28.9144038, -0.0057069, , , , , , , 28.9144038, 0.0166171, , , , , , , , , , , , , , , , , , , , , , , , , , , , 
28.9149231, 0.0104067, , , , , , , 28.9149231, -0.0041962, , , , , , , 28.9149231, -0.0028534, , , , , , , 28.9149231, 0.0159457, , , , , , , , , , , , , , , , , , , , , , , , , , , , 
28.9154423, 0.0092317, , , , , , , 28.9154423, -0.0038605, , , , , , , 28.9154423, -0.0015106, , , , , , , 28.9154423, 0.0166171, , , , , , , , , , , , , , , , , , , , , , , , , , , , 
28.9159615, 0.0065461, , , , , , , 28.9159615, -0.0052033, , , , , , , 28.9159615, -0.002182, , , , , , , 28.9159615, 0.0184634, , , , , , , , , , , , , , , , , , , , , , , , , , , , 
28.9164808, 0.0038605, , , , , , , 28.9164808, -0.005539, , , , , , , 28.9164808, -0.0025177, , , , , , , 28.9164808, 0.0179599, , , , , , , , , , , , , , , , , , , , , , , , , , , , 
28.917, 0.0078889, , , , , , , 28.917, -0.0058747, , , , , , , 28.917, -0.0045319, , , , , , , 28.917, 0.0162814, , , , , , , , , , , , , , , , , , , , , , , , , , , , 
28.9175192, 0.0142672, , , , , , , 28.9175192, -0.0068818, , , , , , , 28.9175192, -0.0078889, , , , , , , 28.9175192, 0.0159457, , , , , , , , , , , , , , , , , , , , , , , , , , , , 
28.9180385, 0.0142672, , , , , , , 28.9180385, -0.0077211, , , , , , , 28.9180385, -0.0095674, , , , , , , 28.9180385, 0.0159457, , , , , , , , , , , , , , , , , , , , , , , , , , , , 
28.9185577, 0.0092317, , , , , , , 28.9185577, -0.0090639, , , , , , , 28.9185577, -0.0109102, , , , , , , 28.9185577, 0.0159457, , , , , , , , , , , , , , , , , , , , , , , , , , , , 
28.9190769, 0.0078889, , , , , , , 28.9190769, -0.0095674, , , , , , , 28.9190769, -0.0115816, , , , , , , 28.9190769, 0.0164492, , , , , , , , , , , , , , , , , , , , , , , , , , , , 
28.9195962, 0.0095674, , , , , , , 28.9195962, -0.0105745, , , , , , , 28.9195962, -0.0125887, , , , , , , 28.9195962, 0.0166171, , , , , , , , , , , , , , , , , , , , , , , , , , , , 
28.9201154, 0.0092317, , , , , , , 28.9201154, -0.0125887, , , , , , , 28.9201154, -0.0129244, , , , , , , 28.9201154, 0.0149386, , , , , , , , , , , , , , , , , , , , , , , , , , , , 
28.9206346, 0.0102388, , , , , , , 28.9206346, -0.0129244, , , , , , , 28.9206346, -0.0124208, , , , , , , 28.9206346, 0.0130922, , , , , , , , , , , , , , , , , , , , , , , , , , , , 
28.9211538, 0.0152743, , , , , , , 28.9211538, -0.012253, , , , , , , 28.9211538, -0.0125887, , , , , , , 28.9211538, 0.0139315, , , , , , , , , , , , , , , , , , , , , , , , , , , , 
28.9216731, 0.0213169, , , , , , , 28.9216731, -0.0119173, , , , , , , 28.9216731, -0.0125887, , , , , , , 28.9216731, 0.0142672, , , , , , , , , , , , , , , , , , , , , , , , , , , , 
28.9221923, 0.0213169, , , , , , , 28.9221923, -0.0115816, , , , , , , 28.9221923, -0.0115816, , , , , , , 28.9221923, 0.0149386, , , , , , , , , , , , , , , , , , , , , , , , , , , , 
28.9227115, 0.0166171, , , , , , , 28.9227115, -0.0109102, , , , , , , 28.9227115, -0.0105745, , , , , , , 28.9227115, 0.0169528, , , , , , , , , , , , , , , , , , , , , , , , , , , , 
28.9232308, 0.0139315, , , , , , , 28.9232308, -0.0102388, , , , , , , 28.9232308, -0.0112459, , , , , , , 28.9232308, 0.0149386, , , , , , , , , , , , , , , , , , , , , , , , , , , , 
28.92375, 0.0132601, , , , , , , 28.92375, -0.0099031, , , , , , , 28.92375, -0.012253, , , , , , , 28.92375, 0.0119173, , , , , , , , , , , , , , , , , , , , , , , , , , , , 
28.9242692, 0.0140993, , , , , , , 28.9242692, -0.0085603, , , , , , , 28.9242692, -0.012253, , , , , , , 28.9242692, 0.0139315, , , , , , , , , , , , , , , , , , , , , , , , , , , , 
28.9247885, 0.01561, , , , , , , 28.9247885, -0.0082246, , , , , , , 28.9247885, -0.0112459, , , , , , , 28.9247885, 0.0152743, , , , , , , , , , , , , , , , , , , , , , , , , , , , 
28.9253077, 0.0117494, , , , , , , 28.9253077, -0.0078889, , , , , , , 28.9253077, -0.0095674, , , , , , , 28.9253077, 0.0146029, , , , , , , , , , , , , , , , , , , , , , , , , , , , 
28.9258269, 0.0135958, , , , , , , 28.9258269, -0.0075532, , , , , , , 28.9258269, -0.0078889, , , , , , , 28.9258269, 0.0146029, , , , , , , , , , , , , , , , , , , , , , , , , , , , 
28.9263462, 0.0172885, , , , , , , 28.9263462, -0.008896, , , , , , , 28.9263462, -0.0058747, , , , , , , 28.9263462, 0.0125887, , , , , , , , , , , , , , , , , , , , , , , , , , , , 
28.9268654, 0.0115816, , , , , , , 28.9268654, -0.0095674, , , , , , , 28.9268654, -0.0068818, , , , , , , 28.9268654, 0.0109102, , , , , , , , , , , , , , , , , , , , , , , , , , , , 
28.9273846, 0.0073854, , , , , , , 28.9273846, -0.0095674, , , , , , , 28.9273846, -0.0078889, , , , , , , 28.9273846, 0.0099031, , , , , , , , , , , , , , , , , , , , , , , , , , , , 
28.9279038, 0.0102388, , , , , , , 28.9279038, -0.0068818, , , , , , , 28.9279038, -0.0063783, , , , , , , 28.9279038, 0.0102388, , , , , , , , , , , , , , , , , , , , , , , , , , , , 
28.9284231, 0.0119173, , , , , , , 28.9284231, -0.005539, , , , , , , 28.9284231, -0.0045319, , , , , , , 28.9284231, 0.012253, , , , , , , , , , , , , , , , , , , , , , , , , , , , 
28.9289423, 0.0112459, , , , , , , 28.9289423, -0.0082246, , , , , , , 28.9289423, -0.0036927, , , , , , , 28.9289423, 0.0127565, , , , , , , , , , , , , , , , , , , , , , , , , , , , 
28.9294615, 0.0104067, , , , , , , 28.9294615, -0.0109102, , , , , , , 28.9294615, -0.0063783, , , , , , , 28.9294615, 0.011078, , , , , , , , , , , , , , , , , , , , , , , , , , , , 
28.9299808, 0.0082246, , , , , , , 28.9299808, -0.0102388, , , , , , , 28.9299808, -0.012253, , , , , , , 28.9299808, 0.0092317, , , , , , , , , , , , , , , , , , , , , , , , , , , , 
28.9305, 0.0057069, , , , , , , 28.9305, -0.0095674, , , , , , , 28.9305, -0.0149386, , , , , , , 28.9305, 0.0099031, , , , , , , , , , , , , , , , , , , , , , , , , , , , 
28.9310192, 0.0078889, , , , , , , 28.9310192, -0.0090639, , , , , , , 28.9310192, -0.0119173, , , , , , , 28.9310192, 0.0125887, , , , , , , , , , , , , , , , , , , , , , , , , , , , 
28.9315385, 0.0085603, , , , , , , 28.9315385, -0.0092317, , , , , , , 28.9315385, -0.0052033, , , , , , , 28.9315385, 0.0152743, , , , , , , , , , , , , , , , , , , , , , , , , , , , 
28.9320577, 0.0030213, , , , , , , 28.9320577, -0.0104067, , , , , , , 28.9320577, -0.0018463, , , , , , , 28.9320577, 0.0162814, , , , , , , , , , , , , , , , , , , , , , , , , , , , 
28.9325769, -0.0010071, , , , , , , 28.9325769, -0.0095674, , , , , , , 28.9325769, -0.002182, , , , , , , 28.9325769, 0.0172885, , , , , , , , , , , , , , , , , , , , , , , , , , , , 
28.9330962, 0.0015106, , , , , , , 28.9330962, -0.0082246, , , , , , , 28.9330962, -0.0041962, , , , , , , 28.9330962, 0.0198062, , , , , , , , , , , , , , , , , , , , , , , , , , , , 
28.9336154, 0.0070497, , , , , , , 28.9336154, -0.0083925, , , , , , , 28.9336154, -0.0119173, , , , , , , 28.9336154, 0.0203098, , , , , , , , , , , , , , , , , , , , , , , , , , , , 
28.9341346, 0.0127565, , , , , , , 28.9341346, -0.008896, , , , , , , 28.9341346, -0.0193027, , , , , , , 28.9341346, 0.0184634, , , , , , , , , , , , , , , , , , , , , , , , , , , , 
28.9346538, 0.0139315, , , , , , , 28.9346538, -0.0068818, , , , , , , 28.9346538, -0.0209812, , , , , , , 28.9346538, 0.0152743, , , , , , , , , , , , , , , , , , , , , , , , , , , , 
28.9351731, 0.012253, , , , , , , 28.9351731, -0.0048676, , , , , , , 28.9351731, -0.0159457, , , , , , , 28.9351731, 0.0129244, , , , , , , , , , , , , , , , , , , , , , , , , , , , 
28.9356923, 0.0099031, , , , , , , 28.9356923, -0.0048676, , , , , , , 28.9356923, -0.0085603, , , , , , , 28.9356923, 0.0132601, , , , , , , , , , , , , , , , , , , , , , , , , , , , 
28.9362115, 0.0068818, , , , , , , 28.9362115, -0.0072175, , , , , , , 28.9362115, -0.0025177, , , , , , , 28.9362115, 0.0174563, , , , , , , , , , , , , , , , , , , , , , , , , , , , 
28.9367308, 0.0078889, , , , , , , 28.9367308, -0.0078889, , , , , , , 28.9367308, 0.0025177, , , , , , , 28.9367308, 0.0199741, , , , , , , , , , , , , , , , , , , , , , , , , , , , 
28.93725, 0.0072175, , , , , , , 28.93725, -0.008896, , , , , , , 28.93725, 0.0058747, , , , , , , 28.93725, 0.0193027, , , , , , , , , , , , , , , , , , , , , , , , , , , , 
28.9377692, 0.0075532, , , , , , , 28.9377692, -0.008896, , , , , , , 28.9377692, 0.0083925, , , , , , , 28.9377692, 0.0193027, , , , , , , , , , , , , , , , , , , , , , , , , , , , 
28.9382885, 0.0149386, , , , , , , 28.9382885, -0.0070497, , , , , , , 28.9382885, 0.0050355, , , , , , , 28.9382885, 0.0193027, , , , , , , , , , , , , , , , , , , , , , , , , , , , 
28.9388077, 0.0179599, , , , , , , 28.9388077, -0.0052033, , , , , , , 28.9388077, 0.0010071, , , , , , , 28.9388077, 0.0182956, , , , , , , , , , , , , , , , , , , , , , , , , , , , 
28.9393269, 0.0167849, , , , , , , 28.9393269, -0.0068818, , , , , , , 28.9393269, 0.0005035, , , , , , , 28.9393269, 0.01561, , , , , , , , , , , , , , , , , , , , , , , , , , , , 
28.9398462, 0.017792, , , , , , , 28.9398462, -0.0090639, , , , , , , 28.9398462, -0.0008392, , , , , , , 28.9398462, 0.0152743, , , , , , , , , , , , , , , , , , , , , , , , , , , , 
28.9403654, 0.0169528, , , , , , , 28.9403654, -0.0105745, , , , , , , 28.9403654, -0.0028534, , , , , , , 28.9403654, 0.0162814, , , , , , , , , , , , , , , , , , , , , , , , , , , , 
28.9408846, 0.0182956, , , , , , , 28.9408846, -0.0102388, , , , , , , 28.9408846, -0.0030213, , , , , , , 28.9408846, 0.01561, , , , , , , , , , , , , , , , , , , , , , , , , , , , 
28.9414038, 0.0204776, , , , , , , 28.9414038, -0.0102388, , , , , , , 28.9414038, -0.0041962, , , , , , , 28.9414038, 0.0146029, , , , , , , , , , , , , , , , , , , , , , , , , , , , 
28.9419231, 0.0206455, , , , , , , 28.9419231, -0.0105745, , , , , , , 28.9419231, -0.0065461, , , , , , , 28.9419231, 0.0129244, , , , , , , , , , , , , , , , , , , , , , , , , , , , 
28.9424423, 0.0179599, , , , , , , 28.9424423, -0.012253, , , , , , , 28.9424423, -0.0068818, , , , , , , 28.9424423, 0.0105745, , , , , , , , , , , , , , , , , , , , , , , , , , , , 
28.9429615, 0.01561, , , , , , , 28.9429615, -0.0115816, , , , , , , 28.9429615, -0.0052033, , , , , , , 28.9429615, 0.0092317, , , , , , , , , , , , , , , , , , , , , , , , , , , , 
28.9434808, 0.0125887, , , , , , , 28.9434808, -0.008896, , , , , , , 28.9434808, -0.0048676, , , , , , , 28.9434808, 0.0105745, , , , , , , , , , , , , , , , , , , , , , , , , , , , 
28.944, 0.0065461, , , , , , , 28.944, -0.0068818, , , , , , , 28.944, -0.0058747, , , , , , , 28.944, 0.0105745, , , , , , , , , , , , , , , , , , , , , , , , , , , , 
28.9445192, 0.0062104, , , , , , , 28.9445192, -0.0075532, , , , , , , 28.9445192, -0.0068818, , , , , , , 28.9445192, 0.0078889, , , , , , , , , , , , , , , , , , , , , , , , , , , , 
28.9450385, 0.0117494, , , , , , , 28.9450385, -0.0092317, , , , , , , 28.9450385, -0.0082246, , , , , , , 28.9450385, 0.005539, , , , , , , , , , , , , , , , , , , , , , , , , , , , 
28.9455577, 0.0157778, , , , , , , 28.9455577, -0.0082246, , , , , , , 28.9455577, -0.0109102, , , , , , , 28.9455577, 0.0062104, , , , , , , , , , , , , , , , , , , , , , , , , , , , 
28.9460769, 0.0147707, , , , , , , 28.9460769, -0.0068818, , , , , , , 28.9460769, -0.0115816, , , , , , , 28.9460769, 0.0075532, , , , , , , , , , , , , , , , , , , , , , , , , , , , 
28.9465962, 0.0162814, , , , , , , 28.9465962, -0.0068818, , , , , , , 28.9465962, -0.0115816, , , , , , , 28.9465962, 0.0078889, , , , , , , , , , , , , , , , , , , , , , , , , , , , 
28.9471154, 0.01561, , , , , , , 28.9471154, -0.0058747, , , , , , , 28.9471154, -0.0115816, , , , , , , 28.9471154, 0.0078889, , , , , , , , , , , , , , , , , , , , , , , , , , , , 
28.9476346, 0.0105745, , , , , , , 28.9476346, -0.0063783, , , , , , , 28.9476346, -0.0112459, , , , , , , 28.9476346, 0.0065461, , , , , , , , , , , , , , , , , , , , , , , , , , , , 
28.9481538, 0.0058747, , , , , , , 28.9481538, -0.0068818, , , , , , , 28.9481538, -0.0097353, , , , , , , 28.9481538, 0.0065461, , , , , , , , , , , , , , , , , , , , , , , , , , , , 
28.9486731, 0.0025177, , , , , , , 28.9486731, -0.0052033, , , , , , , 28.9486731, -0.0090639, , , , , , , 28.9486731, 0.0085603, , , , , , , , , , , , , , , , , , , , , , , , , , , , 
28.9491923, 0.0018463, , , , , , , 28.9491923, -0.0038605, , , , , , , 28.9491923, -0.0082246, , , , , , , 28.9491923, 0.0092317, , , , , , , , , , , , , , , , , , , , , , , , , , , , 
28.9497115, 0.0048676, , , , , , , 28.9497115, -0.0065461, , , , , , , 28.9497115, -0.0068818, , , , , , , 28.9497115, 0.0085603, , , , , , , , , , , , , , , , , , , , , , , , , , , , 
28.9502308, 0.005539, , , , , , , 28.9502308, -0.0082246, , , , , , , 28.9502308, -0.005539, , , , , , , 28.9502308, 0.0082246, , , , , , , , , , , , , , , , , , , , , , , , , , , , 
28.95075, 0.0036927, , , , , , , 28.95075, -0.0072175, , , , , , , 28.95075, -0.0048676, , , , , , , 28.95075, 0.0099031, , , , , , , , , , , , , , , , , , , , , , , , , , , , 
28.9512692, 0.0045319, , , , , , , 28.9512692, -0.0072175, , , , , , , 28.9512692, -0.005539, , , , , , , 28.9512692, 0.0132601, , , , , , , , , , , , , , , , , , , , , , , , , , , , 
28.9517885, 0.0083925, , , , , , , 28.9517885, -0.0082246, , , , , , , 28.9517885, -0.008896, , , , , , , 28.9517885, 0.0132601, , , , , , , , , , , , , , , , , , , , , , , , , , , , 
28.9523077, 0.0052033, , , , , , , 28.9523077, -0.008896, , , , , , , 28.9523077, -0.0132601, , , , , , , 28.9523077, 0.012253, , , , , , , , , , , , , , , , , , , , , , , , , , , , 
28.9528269, 0.0018463, , , , , , , 28.9528269, -0.0097353, , , , , , , 28.9528269, -0.0169528, , , , , , , 28.9528269, 0.0124208, , , , , , , , , , , , , , , , , , , , , , , , , , , , 
28.9533462, -0.0001678, , , , , , , 28.9533462, -0.0099031, , , , , , , 28.9533462, -0.0164492, , , , , , , 28.9533462, 0.0137636, , , , , , , , , , , , , , , , , , , , , , , , , , , , 
28.9538654, 0.002182, , , , , , , 28.9538654, -0.0085603, , , , , , , 28.9538654, -0.0125887, , , , , , , 28.9538654, 0.0139315, , , , , , , , , , , , , , , , , , , , , , , , , , , , 
28.9543846, 0.0099031, , , , , , , 28.9543846, -0.0068818, , , , , , , 28.9543846, -0.0099031, , , , , , , 28.9543846, 0.0125887, , , , , , , , , , , , , , , , , , , , , , , , , , , , 
28.9549038, 0.0162814, , , , , , , 28.9549038, -0.0052033, , , , , , , 28.9549038, -0.0109102, , , , , , , 28.9549038, 0.0105745, , , , , , , , , , , , , , , , , , , , , , , , , , , , 
28.9554231, 0.0186313, , , , , , , 28.9554231, -0.005539, , , , , , , 28.9554231, -0.012253, , , , , , , 28.9554231, 0.0102388, , , , , , , , , , , , , , , , , , , , , , , , , , , , 
28.9559423, 0.0226596, , , , , , , 28.9559423, -0.008896, , , , , , , 28.9559423, -0.0142672, , , , , , , 28.9559423, 0.0109102, , , , , , , , , , , , , , , , , , , , , , , , , , , , 
28.9564615, 0.0253452, , , , , , , 28.9564615, -0.0102388, , , , , , , 28.9564615, -0.0152743, , , , , , , 28.9564615, 0.0129244, , , , , , , , , , , , , , , , , , , , , , , , , , , , 
28.9569808, 0.0240024, , , , , , , 28.9569808, -0.0082246, , , , , , , 28.9569808, -0.0142672, , , , , , , 28.9569808, 0.0135958, , , , , , , , , , , , , , , , , , , , , , , , , , , , 
28.9575, 0.0196384, , , , , , , 28.9575, -0.0062104, , , , , , , 28.9575, -0.0125887, , , , , , , 28.9575, 0.0132601, , , , , , , , , , , , , , , , , , , , , , , , , , , , 
28.9580192, 0.0146029, , , , , , , 28.9580192, -0.0078889, , , , , , , 28.9580192, -0.0115816, , , , , , , 28.9580192, 0.012253, , , , , , , , , , , , , , , , , , , , , , , , , , , , 
28.9585385, 0.011078, , , , , , , 28.9585385, -0.0092317, , , , , , , 28.9585385, -0.0104067, , , , , , , 28.9585385, 0.0105745, , , , , , , , , , , , , , , , , , , , , , , , , , , , 
28.9590577, 0.0115816, , , , , , , 28.9590577, -0.0072175, , , , , , , 28.9590577, -0.011078, , , , , , , 28.9590577, 0.0082246, , , , , , , , , , , , , , , , , , , , , , , , , , , , 
28.9595769, 0.0146029, , , , , , , 28.9595769, -0.0065461, , , , , , , 28.9595769, -0.011078, , , , , , , 28.9595769, 0.0078889, , , , , , , , , , , , , , , , , , , , , , , , , , , , 
28.9600962, 0.0139315, , , , , , , 28.9600962, -0.0075532, , , , , , , 28.9600962, -0.0095674, , , , , , , 28.9600962, 0.0090639, , , , , , , , , , , , , , , , , , , , , , , , , , , , 
28.9606154, 0.0095674, , , , , , , 28.9606154, -0.008896, , , , , , , 28.9606154, -0.0062104, , , , , , , 28.9606154, 0.0085603, , , , , , , , , , , , , , , , , , , , , , , , , , , , 
28.9611346, 0.0072175, , , , , , , 28.9611346, -0.0099031, , , , , , , 28.9611346, -0.0041962, , , , , , , 28.9611346, 0.0105745, , , , , , , , , , , , , , , , , , , , , , , , , , , , 
28.9616538, 0.0109102, , , , , , , 28.9616538, -0.0102388, , , , , , , 28.9616538, -0.0028534, , , , , , , 28.9616538, 0.011078, , , , , , , , , , , , , , , , , , , , , , , , , , , , 
28.9621731, 0.0105745, , , , , , , 28.9621731, -0.0095674, , , , , , , 28.9621731, -0.0011749, , , , , , , 28.9621731, 0.0099031, , , , , , , , , , , , , , , , , , , , , , , , , , , , 
28.9626923, 0.0062104, , , , , , , 28.9626923, -0.0087282, , , , , , , 28.9626923, 0.0011749, , , , , , , 28.9626923, 0.0078889, , , , , , , , , , , , , , , , , , , , , , , , , , , , 
28.9632115, 0.005539, , , , , , , 28.9632115, -0.0095674, , , , , , , 28.9632115, 0.0011749, , , , , , , 28.9632115, 0.0073854, , , , , , , , , , , , , , , , , , , , , , , , , , , , 
28.9637308, 0.0083925, , , , , , , 28.9637308, -0.0112459, , , , , , , 28.9637308, -0.0015106, , , , , , , 28.9637308, 0.0085603, , , , , , , , , , , , , , , , , , , , , , , , , , , , 
28.96425, 0.0152743, , , , , , , 28.96425, -0.0114137, , , , , , , 28.96425, -0.0062104, , , , , , , 28.96425, 0.0090639, , , , , , , , , , , , , , , , , , , , , , , , , , , , 
28.9647692, 0.0199741, , , , , , , 28.9647692, -0.0104067, , , , , , , 28.9647692, -0.008896, , , , , , , 28.9647692, 0.0099031, , , , , , , , , , , , , , , , , , , , , , , , , , , , 
28.9652885, 0.024506, , , , , , , 28.9652885, -0.0099031, , , , , , , 28.9652885, -0.0090639, , , , , , , 28.9652885, 0.0072175, , , , , , , , , , , , , , , , , , , , , , , , , , , , 
28.9658077, 0.0246738, , , , , , , 28.9658077, -0.0105745, , , , , , , 28.9658077, -0.0085603, , , , , , , 28.9658077, 0.0050355, , , , , , , , , , , , , , , , , , , , , , , , , , , , 
28.9663269, 0.026688, , , , , , , 28.9663269, -0.0109102, , , , , , , 28.9663269, -0.005539, , , , , , , 28.9663269, 0.0052033, , , , , , , , , , , , , , , , , , , , , , , , , , , , 
28.9668462, 0.027863, , , , , , , 28.9668462, -0.0109102, , , , , , , 28.9668462, -0.0023499, , , , , , , 28.9668462, 0.0052033, , , , , , , , , , , , , , , , , , , , , , , , , , , , 
28.9673654, 0.0243381, , , , , , , 28.9673654, -0.0114137, , , , , , , 28.9673654, -0.0010071, , , , , , , 28.9673654, 0.0031891, , , , , , , , , , , , , , , , , , , , , , , , , , , , 
28.9678846, 0.0216526, , , , , , , 28.9678846, -0.0102388, , , , , , , 28.9678846, -0.0030213, , , , , , , 28.9678846, 0.0038605, , , , , , , , , , , , , , , , , , , , , , , , , , , , 
28.9684038, 0.0213169, , , , , , , 28.9684038, -0.0078889, , , , , , , 28.9684038, -0.0041962, , , , , , , 28.9684038, 0.0048676, , , , , , , , , , , , , , , , , , , , , , , , , , , , 
28.9689231, 0.0199741, , , , , , , 28.9689231, -0.0068818, , , , , , , 28.9689231, -0.0045319, , , , , , , 28.9689231, 0.0045319, , , , , , , , , , , , , , , , , , , , , , , , , , , , 
28.9694423, 0.0186313, , , , , , , 28.9694423, -0.0068818, , , , , , , 28.9694423, -0.0048676, , , , , , , 28.9694423, 0.005539, , , , , , , , , , , , , , , , , , , , , , , , , , , , 
28.9699615, 0.0162814, , , , , , , 28.9699615, -0.0075532, , , , , , , 28.9699615, -0.0041962, , , , , , , 28.9699615, 0.0068818, , , , , , , , , , , , , , , , , , , , , , , , , , , , 
28.9704808, 0.0172885, , , , , , , 28.9704808, -0.0072175, , , , , , , 28.9704808, -0.005539, , , , , , , 28.9704808, 0.0085603, , , , , , , , , , , , , , , , , , , , , , , , , , , , 
28.971, 0.0186313, , , , , , , 28.971, -0.0058747, , , , , , , 28.971, -0.0068818, , , , , , , 28.971, 0.008896, , , , , , , , , , , , , , , , , , , , , , , , , , , , 
28.9715192, 0.0139315, , , , , , , 28.9715192, -0.0048676, , , , , , , 28.9715192, -0.0077211, , , , , , , 28.9715192, 0.0080568, , , , , , , , , , , , , , , , , , , , , , , , , , , , 
28.9720385, 0.0099031, , , , , , , 28.9720385, -0.0048676, , , , , , , 28.9720385, -0.008896, , , , , , , 28.9720385, 0.0082246, , , , , , , , , , , , , , , , , , , , , , , , , , , , 
28.9725577, 0.0092317, , , , , , , 28.9725577, -0.0057069, , , , , , , 28.9725577, -0.008896, , , , , , , 28.9725577, 0.0095674, , , , , , , , , , , , , , , , , , , , , , , , , , , , 
28.9730769, 0.0112459, , , , , , , 28.9730769, -0.0065461, , , , , , , 28.9730769, -0.0085603, , , , , , , 28.9730769, 0.0102388, , , , , , , , , , , , , , , , , , , , , , , , , , , , 
28.9735962, 0.01561, , , , , , , 28.9735962, -0.0068818, , , , , , , 28.9735962, -0.0085603, , , , , , , 28.9735962, 0.0112459, , , , , , , , , , , , , , , , , , , , , , , , , , , , 
28.9741154, 0.0172885, , , , , , , 28.9741154, -0.0075532, , , , , , , 28.9741154, -0.0097353, , , , , , , 28.9741154, 0.0109102, , , , , , , , , , , , , , , , , , , , , , , , , , , , 
28.9746346, 0.0172885, , , , , , , 28.9746346, -0.0068818, , , , , , , 28.9746346, -0.0119173, , , , , , , 28.9746346, 0.0112459, , , , , , , , , , , , , , , , , , , , , , , , , , , , 
28.9751538, 0.01561, , , , , , , 28.9751538, -0.005539, , , , , , , 28.9751538, -0.0119173, , , , , , , 28.9751538, 0.0124208, , , , , , , , , , , , , , , , , , , , , , , , , , , , 
28.9756731, 0.0125887, , , , , , , 28.9756731, -0.0041962, , , , , , , 28.9756731, -0.011078, , , , , , , 28.9756731, 0.0119173, , , , , , , , , , , , , , , , , , , , , , , , , , , , 
28.9761923, 0.0125887, , , , , , , 28.9761923, -0.0038605, , , , , , , 28.9761923, -0.012253, , , , , , , 28.9761923, 0.0119173, , , , , , , , , , , , , , , , , , , , , , , , , , , , 
28.9767115, 0.0129244, , , , , , , 28.9767115, -0.0052033, , , , , , , 28.9767115, -0.0152743, , , , , , , 28.9767115, 0.0119173, , , , , , , , , , , , , , , , , , , , , , , , , , , , 
28.9772308, 0.0125887, , , , , , , 28.9772308, -0.0068818, , , , , , , 28.9772308, -0.0164492, , , , , , , 28.9772308, 0.0105745, , , , , , , , , , , , , , , , , , , , , , , , , , , , 
28.97775, 0.0129244, , , , , , , 28.97775, -0.0072175, , , , , , , 28.97775, -0.0171206, , , , , , , 28.97775, 0.0119173, , , , , , , , , , , , , , , , , , , , , , , , , , , , 
28.9782692, 0.0146029, , , , , , , 28.9782692, -0.008896, , , , , , , 28.9782692, -0.01561, , , , , , , 28.9782692, 0.0139315, , , , , , , , , , , , , , , , , , , , , , , , , , , , 
28.9787885, 0.0182956, , , , , , , 28.9787885, -0.0102388, , , , , , , 28.9787885, -0.0142672, , , , , , , 28.9787885, 0.0139315, , , , , , , , , , , , , , , , , , , , , , , , , , , , 
28.9793077, 0.0146029, , , , , , , 28.9793077, -0.008896, , , , , , , 28.9793077, -0.0115816, , , , , , , 28.9793077, 0.0135958, , , , , , , , , , , , , , , , , , , , , , , , , , , , 
28.9798269, 0.0075532, , , , , , , 28.9798269, -0.0075532, , , , , , , 28.9798269, -0.0063783, , , , , , , 28.9798269, 0.0129244, , , , , , , , , , , , , , , , , , , , , , , , , , , , 
28.9803462, 0.0030213, , , , , , , 28.9803462, -0.0075532, , , , , , , 28.9803462, -0.0028534, , , , , , , 28.9803462, 0.011078, , , , , , , , , , , , , , , , , , , , , , , , , , , , 
28.9808654, 0.0005035, , , , , , , 28.9808654, -0.0085603, , , , , , , 28.9808654, -0.0001678, , , , , , , 28.9808654, 0.0099031, , , , , , , , , , , , , , , , , , , , , , , , , , , , 
28.9813846, 0.0018463, , , , , , , 28.9813846, -0.0095674, , , , , , , 28.9813846, 0.0035248, , , , , , , 28.9813846, 0.0095674, , , , , , , , , , , , , , , , , , , , , , , , , , , , 
28.9819038, 0.0058747, , , , , , , 28.9819038, -0.0077211, , , , , , , 28.9819038, 0.0063783, , , , , , , 28.9819038, 0.008896, , , , , , , , , , , , , , , , , , , , , , , , , , , , 
28.9824231, 0.0072175, , , , , , , 28.9824231, -0.0068818, , , , , , , 28.9824231, 0.0075532, , , , , , , 28.9824231, 0.0119173, , , , , , , , , , , , , , , , , , , , , , , , , , , , 
28.9829423, 0.0062104, , , , , , , 28.9829423, -0.0082246, , , , , , , 28.9829423, 0.0048676, , , , , , , 28.9829423, 0.0159457, , , , , , , , , , , , , , , , , , , , , , , , , , , , 
28.9834615, 0.0070497, , , , , , , 28.9834615, -0.0085603, , , , , , , 28.9834615, 0.0030213, , , , , , , 28.9834615, 0.0159457, , , , , , , , , , , , , , , , , , , , , , , , , , , , 
28.9839808, 0.0115816, , , , , , , 28.9839808, -0.0062104, , , , , , , 28.9839808, 0.0025177, , , , , , , 28.9839808, 0.0159457, , , , , , , , , , , , , , , , , , , , , , , , , , , , 
28.9845, 0.0135958, , , , , , , 28.9845, -0.0041962, , , , , , , 28.9845, 0.0015106, , , , , , , 28.9845, 0.0166171, , , , , , , , , , , , , , , , , , , , , , , , , , , , 
28.9850192, 0.0102388, , , , , , , 28.9850192, -0.0045319, , , , , , , 28.9850192, -0.0030213, , , , , , , 28.9850192, 0.0172885, , , , , , , , , , , , , , , , , , , , , , , , , , , , 
28.9855385, 0.0082246, , , , , , , 28.9855385, -0.0068818, , , , , , , 28.9855385, -0.0068818, , , , , , , 28.9855385, 0.0186313, , , , , , , , , , , , , , , , , , , , , , , , , , , , 
28.9860577, 0.0109102, , , , , , , 28.9860577, -0.0085603, , , , , , , 28.9860577, -0.008896, , , , , , , 28.9860577, 0.0186313, , , , , , , , , , , , , , , , , , , , , , , , , , , , 
28.9865769, 0.0137636, , , , , , , 28.9865769, -0.008896, , , , , , , 28.9865769, -0.0099031, , , , , , , 28.9865769, 0.018967, , , , , , , , , , , , , , , , , , , , , , , , , , , , 
28.9870962, 0.018967, , , , , , , 28.9870962, -0.008896, , , , , , , 28.9870962, -0.012253, , , , , , , 28.9870962, 0.0204776, , , , , , , , , , , , , , , , , , , , , , , , , , , , 
28.9876154, 0.0231632, , , , , , , 28.9876154, -0.0065461, , , , , , , 28.9876154, -0.0142672, , , , , , , 28.9876154, 0.0206455, , , , , , , , , , , , , , , , , , , , , , , , , , , , 
28.9881346, 0.0229953, , , , , , , 28.9881346, -0.0068818, , , , , , , 28.9881346, -0.0125887, , , , , , , 28.9881346, 0.0206455, , , , , , , , , , , , , , , , , , , , , , , , , , , , 
28.9886538, 0.0213169, , , , , , , 28.9886538, -0.0082246, , , , , , , 28.9886538, -0.011078, , , , , , , 28.9886538, 0.0193027, , , , , , , , , , , , , , , , , , , , , , , , , , , , 
28.9891731, 0.0199741, , , , , , , 28.9891731, -0.0075532, , , , , , , 28.9891731, -0.0119173, , , , , , , 28.9891731, 0.0164492, , , , , , , , , , , , , , , , , , , , , , , , , , , , 
28.9896923, 0.0166171, , , , , , , 28.9896923, -0.0045319, , , , , , , 28.9896923, -0.0139315, , , , , , , 28.9896923, 0.0164492, , , , , , , , , , , , , , , , , , , , , , , , , , , , 
28.9902115, 0.0149386, , , , , , , 28.9902115, -0.0028534, , , , , , , 28.9902115, -0.0135958, , , , , , , 28.9902115, 0.0179599, , , , , , , , , , , , , , , , , , , , , , , , , , , , 
28.9907308, 0.0159457, , , , , , , 28.9907308, -0.0031891, , , , , , , 28.9907308, -0.0129244, , , , , , , 28.9907308, 0.0172885, , , , , , , , , , , , , , , , , , , , , , , , , , , , 
28.99125, 0.0176242, , , , , , , 28.99125, -0.0048676, , , , , , , 28.99125, -0.0125887, , , , , , , 28.99125, 0.0179599, , , , , , , , , , , , , , , , , , , , , , , , , , , , 
28.9917692, 0.0181277, , , , , , , 28.9917692, -0.0058747, , , , , , , 28.9917692, -0.011078, , , , , , , 28.9917692, 0.0159457, , , , , , , , , , , , , , , , , , , , , , , , , , , , 
28.9922885, 0.0196384, , , , , , , 28.9922885, -0.0041962, , , , , , , 28.9922885, -0.008896, , , , , , , 28.9922885, 0.0130922, , , , , , , , , , , , , , , , , , , , , , , , , , , , 
28.9928077, 0.0169528, , , , , , , 28.9928077, -0.0031891, , , , , , , 28.9928077, -0.0082246, , , , , , , 28.9928077, 0.0125887, , , , , , , , , , , , , , , , , , , , , , , , , , , , 
28.9933269, 0.0137636, , , , , , , 28.9933269, -0.0043641, , , , , , , 28.9933269, -0.0092317, , , , , , , 28.9933269, 0.0132601, , , , , , , , , , , , , , , , , , , , , , , , , , , , 
28.9938462, 0.0142672, , , , , , , 28.9938462, -0.0065461, , , , , , , 28.9938462, -0.0095674, , , , , , , 28.9938462, 0.014435, , , , , , , , , , , , , , , , , , , , , , , , , , , , 
28.9943654, 0.0120851, , , , , , , 28.9943654, -0.0078889, , , , , , , 28.9943654, -0.0107424, , , , , , , 28.9943654, 0.014435, , , , , , , , , , , , , , , , , , , , , , , , , , , , 
28.9948846, 0.0105745, , , , , , , 28.9948846, -0.0072175, , , , , , , 28.9948846, -0.0095674, , , , , , , 28.9948846, 0.0146029, , , , , , , , , , , , , , , , , , , , , , , , , , , , 
28.9954038, 0.0085603, , , , , , , 28.9954038, -0.0072175, , , , , , , 28.9954038, -0.008896, , , , , , , 28.9954038, 0.0142672, , , , , , , , , , , , , , , , , , , , , , , , , , , , 
28.9959231, 0.0105745, , , , , , , 28.9959231, -0.0078889, , , , , , , 28.9959231, -0.0102388, , , , , , , 28.9959231, 0.01561, , , , , , , , , , , , , , , , , , , , , , , , , , , , 
28.9964423, 0.0132601, , , , , , , 28.9964423, -0.0052033, , , , , , , 28.9964423, -0.0115816, , , , , , , 28.9964423, 0.0179599, , , , , , , , , , , , , , , , , , , , , , , , , , , , 
28.9969615, 0.0112459, , , , , , , 28.9969615, -0.0028534, , , , , , , 28.9969615, -0.0119173, , , , , , , 28.9969615, 0.0166171, , , , , , , , , , , , , , , , , , , , , , , , , , , , 
28.9974808, 0.0105745, , , , , , , 28.9974808, -0.0041962, , , , , , , 28.9974808, -0.0152743, , , , , , , 28.9974808, 0.0139315, , , , , , , , , , , , , , , , , , , , , , , , , , , , 
28.998, 0.0125887, , , , , , , 28.998, -0.0062104, , , , , , , 28.998, -0.0196384, , , , , , , 28.998, 0.0117494, , , , , , , , , , , , , , , , , , , , , , , , , , , , 
28.9985192, 0.0130922, , , , , , , 28.9985192, -0.0078889, , , , , , , 28.9985192, -0.0213169, , , , , , , 28.9985192, 0.011078, , , , , , , , , , , , , , , , , , , , , , , , , , , , 
28.9990385, 0.0146029, , , , , , , 28.9990385, -0.0082246, , , , , , , 28.9990385, -0.0179599, , , , , , , 28.9990385, 0.0095674, , , , , , , , , , , , , , , , , , , , , , , , , , , , 
28.9995577, 0.0139315, , , , , , , 28.9995577, -0.0068818, , , , , , , 28.9995577, -0.0149386, , , , , , , 28.9995577, 0.0082246, , , , , , , , , , , , , , , , , , , , , , , , , , , , 
29.0000769, 0.0119173, , , , , , , 29.0000769, -0.0073854, , , , , , , 29.0000769, -0.0109102, , , , , , , 29.0000769, 0.0082246, , , , , , , , , , , , , , , , , , , , , , , , , , , , 
29.0005962, 0.0109102, , , , , , , 29.0005962, -0.008896, , , , , , , 29.0005962, -0.0048676, , , , , , , 29.0005962, 0.0092317, , , , , , , , , , , , , , , , , , , , , , , , , , , , 
29.0011154, 0.0112459, , , , , , , 29.0011154, -0.0075532, , , , , , , 29.0011154, -0.0005035, , , , , , , 29.0011154, 0.008896, , , , , , , , , , , , , , , , , , , , , , , , , , , , 
29.0016346, 0.0105745, , , , , , , 29.0016346, -0.0075532, , , , , , , 29.0016346, 0.0008392, , , , , , , 29.0016346, 0.0102388, , , , , , , , , , , , , , , , , , , , , , , , , , , , 
29.0021538, 0.0119173, , , , , , , 29.0021538, -0.0077211, , , , , , , 29.0021538, 0.0005035, , , , , , , 29.0021538, 0.0104067, , , , , , , , , , , , , , , , , , , , , , , , , , , , 
29.0026731, 0.0159457, , , , , , , 29.0026731, -0.0068818, , , , , , , 29.0026731, -0.0005035, , , , , , , 29.0026731, 0.0085603, , , , , , , , , , , , , , , , , , , , , , , , , , , , 
29.0031923, 0.0184634, , , , , , , 29.0031923, -0.0062104, , , , , , , 29.0031923, -0.0013428, , , , , , , 29.0031923, 0.0078889, , , , , , , , , , , , , , , , , , , , , , , , , , , , 
29.0037115, 0.0199741, , , , , , , 29.0037115, -0.0072175, , , , , , , 29.0037115, -0.0028534, , , , , , , 29.0037115, 0.008896, , , , , , , , , , , , , , , , , , , , , , , , , , , , 
29.0042308, 0.0203098, , , , , , , 29.0042308, -0.0087282, , , , , , , 29.0042308, -0.0048676, , , , , , , 29.0042308, 0.0092317, , , , , , , , , , , , , , , , , , , , , , , , , , , , 
29.00475, 0.018967, , , , , , , 29.00475, -0.0082246, , , , , , , 29.00475, -0.0058747, , , , , , , 29.00475, 0.0092317, , , , , , , , , , , , , , , , , , , , , , , , , , , , 
29.0052692, 0.0208133, , , , , , , 29.0052692, -0.0065461, , , , , , , 29.0052692, -0.0058747, , , , , , , 29.0052692, 0.0112459, , , , , , , , , , , , , , , , , , , , , , , , , , , , 
29.0057885, 0.0223239, , , , , , , 29.0057885, -0.0068818, , , , , , , 29.0057885, -0.0035248, , , , , , , 29.0057885, 0.0119173, , , , , , , , , , , , , , , , , , , , , , , , , , , , 
29.0063077, 0.0132601, , , , , , , 29.0063077, -0.0077211, , , , , , , 29.0063077, -0.0031891, , , , , , , 29.0063077, 0.0102388, , , , , , , , , , , , , , , , , , , , , , , , , , , , 
29.0068269, 0.0078889, , , , , , , 29.0068269, -0.0072175, , , , , , , 29.0068269, -0.0045319, , , , , , , 29.0068269, 0.0087282, , , , , , , , , , , , , , , , , , , , , , , , , , , , 
29.0073462, 0.0109102, , , , , , , 29.0073462, -0.005539, , , , , , , 29.0073462, -0.0048676, , , , , , , 29.0073462, 0.0092317, , , , , , , , , , , , , , , , , , , , , , , , , , , , 
29.0078654, 0.0152743, , , , , , , 29.0078654, -0.0057069, , , , , , , 29.0078654, -0.0050355, , , , , , , 29.0078654, 0.0124208, , , , , , , , , , , , , , , , , , , , , , , , , , , , 
29.0083846, 0.0152743, , , , , , , 29.0083846, -0.0068818, , , , , , , 29.0083846, -0.0068818, , , , , , , 29.0083846, 0.012253, , , , , , , , , , , , , , , , , , , , , , , , , , , , 
29.0089038, 0.0157778, , , , , , , 29.0089038, -0.0085603, , , , , , , 29.0089038, -0.0085603, , , , , , , 29.0089038, 0.0090639, , , , , , , , , , , , , , , , , , , , , , , , , , , , 
29.0094231, 0.0203098, , , , , , , 29.0094231, -0.0085603, , , , , , , 29.0094231, -0.008896, , , , , , , 29.0094231, 0.0097353, , , , , , , , , , , , , , , , , , , , , , , , , , , , 
29.0099423, 0.0213169, , , , , , , 29.0099423, -0.0095674, , , , , , , 29.0099423, -0.0082246, , , , , , , 29.0099423, 0.0105745, , , , , , , , , , , , , , , , , , , , , , , , , , , , 
29.0104615, 0.0186313, , , , , , , 29.0104615, -0.0112459, , , , , , , 29.0104615, -0.0075532, , , , , , , 29.0104615, 0.0102388, , , , , , , , , , , , , , , , , , , , , , , , , , , , 
29.0109808, 0.0149386, , , , , , , 29.0109808, -0.0109102, , , , , , , 29.0109808, -0.0057069, , , , , , , 29.0109808, 0.0099031, , , , , , , , , , , , , , , , , , , , , , , , , , , , 
29.0115, 0.0112459, , , , , , , 29.0115, -0.008896, , , , , , , 29.0115, -0.0045319, , , , , , , 29.0115, 0.0078889, , , , , , , , , , , , , , , , , , , , , , , , , , , , 
29.0120192, 0.0075532, , , , , , , 29.0120192, -0.008896, , , , , , , 29.0120192, -0.0045319, , , , , , , 29.0120192, 0.0065461, , , , , , , , , , , , , , , , , , , , , , , , , , , , 
29.0125385, 0.0052033, , , , , , , 29.0125385, -0.0085603, , , , , , , 29.0125385, -0.005539, , , , , , , 29.0125385, 0.0072175, , , , , , , , , , , , , , , , , , , , , , , , , , , , 
29.0130577, 0.0072175, , , , , , , 29.0130577, -0.0082246, , , , , , , 29.0130577, -0.0078889, , , , , , , 29.0130577, 0.0099031, , , , , , , , , , , , , , , , , , , , , , , , , , , , 
29.0135769, 0.0092317, , , , , , , 29.0135769, -0.0095674, , , , , , , 29.0135769, -0.0095674, , , , , , , 29.0135769, 0.0125887, , , , , , , , , , , , , , , , , , , , , , , , , , , , 
29.0140962, 0.0105745, , , , , , , 29.0140962, -0.0095674, , , , , , , 29.0140962, -0.0092317, , , , , , , 29.0140962, 0.0132601, , , , , , , , , , , , , , , , , , , , , , , , , , , , 
29.0146154, 0.0129244, , , , , , , 29.0146154, -0.0083925, , , , , , , 29.0146154, -0.0092317, , , , , , , 29.0146154, 0.0142672, , , , , , , , , , , , , , , , , , , , , , , , , , , , 
29.0151346, 0.0115816, , , , , , , 29.0151346, -0.0082246, , , , , , , 29.0151346, -0.0102388, , , , , , , 29.0151346, 0.0157778, , , , , , , , , , , , , , , , , , , , , , , , , , , , 
29.0156538, 0.0075532, , , , , , , 29.0156538, -0.0082246, , , , , , , 29.0156538, -0.0102388, , , , , , , 29.0156538, 0.0152743, , , , , , , , , , , , , , , , , , , , , , , , , , , , 
29.0161731, 0.0058747, , , , , , , 29.0161731, -0.0068818, , , , , , , 29.0161731, -0.008896, , , , , , , 29.0161731, 0.0132601, , , , , , , , , , , , , , , , , , , , , , , , , , , , 
29.0166923, 0.0065461, , , , , , , 29.0166923, -0.0065461, , , , , , , 29.0166923, -0.0082246, , , , , , , 29.0166923, 0.0132601, , , , , , , , , , , , , , , , , , , , , , , , , , , , 
29.0172115, 0.0078889, , , , , , , 29.0172115, -0.0083925, , , , , , , 29.0172115, -0.0068818, , , , , , , 29.0172115, 0.0129244, , , , , , , , , , , , , , , , , , , , , , , , , , , , 
29.0177308, 0.0109102, , , , , , , 29.0177308, -0.0090639, , , , , , , 29.0177308, -0.005539, , , , , , , 29.0177308, 0.0135958, , , , , , , , , , , , , , , , , , , , , , , , , , , , 
29.01825, 0.0142672, , , , , , , 29.01825, -0.0082246, , , , , , , 29.01825, -0.005539, , , , , , , 29.01825, 0.0159457, , , , , , , , , , , , , , , , , , , , , , , , , , , , 
29.0187692, 0.0139315, , , , , , , 29.0187692, -0.0068818, , , , , , , 29.0187692, -0.0068818, , , , , , , 29.0187692, 0.0166171, , , , , , , , , , , , , , , , , , , , , , , , , , , , 
29.0192885, 0.0186313, , , , , , , 29.0192885, -0.0048676, , , , , , , 29.0192885, -0.0068818, , , , , , , 29.0192885, 0.0132601, , , , , , , , , , , , , , , , , , , , , , , , , , , , 
29.0198077, 0.0182956, , , , , , , 29.0198077, -0.0041962, , , , , , , 29.0198077, -0.0070497, , , , , , , 29.0198077, 0.0115816, , , , , , , , , , , , , , , , , , , , , , , , , , , , 
29.0203269, 0.0139315, , , , , , , 29.0203269, -0.0065461, , , , , , , 29.0203269, -0.0078889, , , , , , , 29.0203269, 0.0125887, , , , , , , , , , , , , , , , , , , , , , , , , , , , 
29.0208462, 0.0132601, , , , , , , 29.0208462, -0.0095674, , , , , , , 29.0208462, -0.0078889, , , , , , , 29.0208462, 0.0130922, , , , , , , , , , , , , , , , , , , , , , , , , , , , 
29.0213654, 0.0162814, , , , , , , 29.0213654, -0.0095674, , , , , , , 29.0213654, -0.0087282, , , , , , , 29.0213654, 0.0119173, , , , , , , , , , , , , , , , , , , , , , , , , , , , 
29.0218846, 0.0146029, , , , , , , 29.0218846, -0.008896, , , , , , , 29.0218846, -0.0095674, , , , , , , 29.0218846, 0.012253, , , , , , , , , , , , , , , , , , , , , , , , , , , , 
29.0224038, 0.0115816, , , , , , , 29.0224038, -0.0102388, , , , , , , 29.0224038, -0.0085603, , , , , , , 29.0224038, 0.0146029, , , , , , , , , , , , , , , , , , , , , , , , , , , , 
29.0229231, 0.0112459, , , , , , , 29.0229231, -0.0104067, , , , , , , 29.0229231, -0.0093996, , , , , , , 29.0229231, 0.0162814, , , , , , , , , , , , , , , , , , , , , , , , , , , , 
29.0234423, 0.0146029, , , , , , , 29.0234423, -0.0109102, , , , , , , 29.0234423, -0.0119173, , , , , , , 29.0234423, 0.0146029, , , , , , , , , , , , , , , , , , , , , , , , , , , , 
29.0239615, 0.0159457, , , , , , , 29.0239615, -0.0117494, , , , , , , 29.0239615, -0.0119173, , , , , , , 29.0239615, 0.0152743, , , , , , , , , , , , , , , , , , , , , , , , , , , , 
29.0244808, 0.0152743, , , , , , , 29.0244808, -0.0115816, , , , , , , 29.0244808, -0.0095674, , , , , , , 29.0244808, 0.0146029, , , , , , , , , , , , , , , , , , , , , , , , , , , , 
29.025, 0.0162814, , , , , , , 29.025, -0.0105745, , , , , , , 29.025, -0.0075532, , , , , , , 29.025, 0.0139315, , , , , , , , , , , , , , , , , , , , , , , , , , , , 
29.0255192, 0.0139315, , , , , , , 29.0255192, -0.011078, , , , , , , 29.0255192, -0.0092317, , , , , , , 29.0255192, 0.014435, , , , , , , , , , , , , , , , , , , , , , , , , , , , 
29.0260385, 0.0105745, , , , , , , 29.0260385, -0.0109102, , , , , , , 29.0260385, -0.0115816, , , , , , , 29.0260385, 0.0140993, , , , , , , , , , , , , , , , , , , , , , , , , , , , 
29.0265577, 0.008896, , , , , , , 29.0265577, -0.0090639, , , , , , , 29.0265577, -0.0105745, , , , , , , 29.0265577, 0.0104067, , , , , , , , , , , , , , , , , , , , , , , , , , , , 
29.0270769, 0.008896, , , , , , , 29.0270769, -0.0085603, , , , , , , 29.0270769, -0.0077211, , , , , , , 29.0270769, 0.0083925, , , , , , , , , , , , , , , , , , , , , , , , , , , , 
29.0275962, 0.0078889, , , , , , , 29.0275962, -0.0090639, , , , , , , 29.0275962, -0.0068818, , , , , , , 29.0275962, 0.0109102, , , , , , , , , , , , , , , , , , , , , , , , , , , , 
29.0281154, 0.005539, , , , , , , 29.0281154, -0.0092317, , , , , , , 29.0281154, -0.0063783, , , , , , , 29.0281154, 0.0105745, , , , , , , , , , , , , , , , , , , , , , , , , , , , 
29.0286346, 0.0068818, , , , , , , 29.0286346, -0.0072175, , , , , , , 29.0286346, -0.0072175, , , , , , , 29.0286346, 0.0075532, , , , , , , , , , , , , , , , , , , , , , , , , , , , 
29.0291538, 0.0095674, , , , , , , 29.0291538, -0.0045319, , , , , , , 29.0291538, -0.0068818, , , , , , , 29.0291538, 0.0062104, , , , , , , , , , , , , , , , , , , , , , , , , , , , 
29.0296731, 0.0082246, , , , , , , 29.0296731, -0.0045319, , , , , , , 29.0296731, -0.0063783, , , , , , , 29.0296731, 0.0031891, , , , , , , , , , , , , , , , , , , , , , , , , , , , 
29.0301923, 0.0058747, , , , , , , 29.0301923, -0.0048676, , , , , , , 29.0301923, -0.0057069, , , , , , , 29.0301923, 0.0011749, , , , , , , , , , , , , , , , , , , , , , , , , , , , 
29.0307115, 0.0048676, , , , , , , 29.0307115, -0.0058747, , , , , , , 29.0307115, -0.0062104, , , , , , , 29.0307115, 0.0046998, , , , , , , , , , , , , , , , , , , , , , , , , , , , 
29.0312308, 0.0028534, , , , , , , 29.0312308, -0.0045319, , , , , , , 29.0312308, -0.0052033, , , , , , , 29.0312308, 0.008896, , , , , , , , , , , , , , , , , , , , , , , , , , , , 
29.03175, 0.0005035, , , , , , , 29.03175, -0.0025177, , , , , , , 29.03175, -0.0105745, , , , , , , 29.03175, 0.0105745, , , , , , , , , , , , , , , , , , , , , , , , , , , , 
29.0322692, -0.0015106, , , , , , , 29.0322692, -0.0028534, , , , , , , 29.0322692, -0.0209812, , , , , , , 29.0322692, 0.0092317, , , , , , , , , , , , , , , , , , , , , , , , , , , , 
29.0327885, 0.0008392, , , , , , , 29.0327885, -0.0035248, , , , , , , 29.0327885, -0.0238346, , , , , , , 29.0327885, 0.0105745, , , , , , , , , , , , , , , , , , , , , , , , , , , , 
29.0333077, -0.0008392, , , , , , , 29.0333077, -0.003357, , , , , , , 29.0333077, -0.0209812, , , , , , , 29.0333077, 0.0130922, , , , , , , , , , , , , , , , , , , , , , , , , , , , 
29.0338269, -0.0057069, , , , , , , 29.0338269, -0.0031891, , , , , , , 29.0338269, -0.0139315, , , , , , , 29.0338269, 0.0132601, , , , , , , , , , , , , , , , , , , , , , , , , , , , 
29.0343462, -0.0065461, , , , , , , 29.0343462, -0.0043641, , , , , , , 29.0343462, -0.0031891, , , , , , , 29.0343462, 0.0142672, , , , , , , , , , , , , , , , , , , , , , , , , , , , 
29.0348654, -0.0005035, , , , , , , 29.0348654, -0.005539, , , , , , , 29.0348654, 0.0041962, , , , , , , 29.0348654, 0.0166171, , , , , , , , , , , , , , , , , , , , , , , , , , , , 
29.0353846, 0.0085603, , , , , , , 29.0353846, -0.0072175, , , , , , , 29.0353846, 0.0095674, , , , , , , 29.0353846, 0.0172885, , , , , , , , , , , , , , , , , , , , , , , , , , , , 
29.0359038, 0.0125887, , , , , , , 29.0359038, -0.0072175, , , , , , , 29.0359038, 0.0117494, , , , , , , 29.0359038, 0.0166171, , , , , , , , , , , , , , , , , , , , , , , , , , , , 
29.0364231, 0.0152743, , , , , , , 29.0364231, -0.005539, , , , , , , 29.0364231, 0.0092317, , , , , , , 29.0364231, 0.0159457, , , , , , , , , , , , , , , , , , , , , , , , , , , , 
29.0369423, 0.0224918, , , , , , , 29.0369423, -0.0062104, , , , , , , 29.0369423, 0.0062104, , , , , , , 29.0369423, 0.0152743, , , , , , , , , , , , , , , , , , , , , , , , , , , , 
29.0374615, 0.0327306, , , , , , , 29.0374615, -0.0078889, , , , , , , 29.0374615, 0.0052033, , , , , , , 29.0374615, 0.01561, , , , , , , , , , , , , , , , , , , , , , , , , , , , 
29.0379808, 0.0394446, , , , , , , 29.0379808, -0.0075532, , , , , , , 29.0379808, 0.0025177, , , , , , , 29.0379808, 0.0159457, , , , , , , , , , , , , , , , , , , , , , , , , , , , 
29.0385, 0.036759, , , , , , , 29.0385, -0.0070497, , , , , , , 29.0385, -0.0010071, , , , , , , 29.0385, 0.0162814, , , , , , , , , , , , , , , , , , , , , , , , , , , , 
29.0390192, 0.0293736, , , , , , , 29.0390192, -0.0082246, , , , , , , 29.0390192, -0.0050355, , , , , , , 29.0390192, 0.0169528, , , , , , , , , , , , , , , , , , , , , , , , , , , , 
29.0395385, 0.023331, , , , , , , 29.0395385, -0.011078, , , , , , , 29.0395385, -0.0073854, , , , , , , 29.0395385, 0.0159457, , , , , , , , , , , , , , , , , , , , , , , , , , , , 
29.0400577, 0.018967, , , , , , , 29.0400577, -0.0137636, , , , , , , 29.0400577, -0.0090639, , , , , , , 29.0400577, 0.0139315, , , , , , , , , , , , , , , , , , , , , , , , , , , , 
29.0405769, 0.0166171, , , , , , , 29.0405769, -0.0115816, , , , , , , 29.0405769, -0.0109102, , , , , , , 29.0405769, 0.0139315, , , , , , , , , , , , , , , , , , , , , , , , , , , , 
29.0410962, 0.01561, , , , , , , 29.0410962, -0.0070497, , , , , , , 29.0410962, -0.0129244, , , , , , , 29.0410962, 0.0146029, , , , , , , , , , , , , , , , , , , , , , , , , , , , 
29.0416154, 0.0146029, , , , , , , 29.0416154, -0.0065461, , , , , , , 29.0416154, -0.0152743, , , , , , , 29.0416154, 0.0146029, , , , , , , , , , , , , , , , , , , , , , , , , , , , 
29.0421346, 0.0119173, , , , , , , 29.0421346, -0.0082246, , , , , , , 29.0421346, -0.0164492, , , , , , , 29.0421346, 0.0152743, , , , , , , , , , , , , , , , , , , , , , , , , , , , 
29.0426538, 0.0119173, , , , , , , 29.0426538, -0.0095674, , , , , , , 29.0426538, -0.0139315, , , , , , , 29.0426538, 0.0159457, , , , , , , , , , , , , , , , , , , , , , , , , , , , 
29.0431731, 0.0152743, , , , , , , 29.0431731, -0.0109102, , , , , , , 29.0431731, -0.0112459, , , , , , , 29.0431731, 0.0152743, , , , , , , , , , , , , , , , , , , , , , , , , , , , 
29.0436923, 0.0182956, , , , , , , 29.0436923, -0.0109102, , , , , , , 29.0436923, -0.008896, , , , , , , 29.0436923, 0.0159457, , , , , , , , , , , , , , , , , , , , , , , , , , , , 
29.0442115, 0.0182956, , , , , , , 29.0442115, -0.0099031, , , , , , , 29.0442115, -0.0092317, , , , , , , 29.0442115, 0.0186313, , , , , , , , , , , , , , , , , , , , , , , , , , , , 
29.0447308, 0.0186313, , , , , , , 29.0447308, -0.008896, , , , , , , 29.0447308, -0.0112459, , , , , , , 29.0447308, 0.0194705, , , , , , , , , , , , , , , , , , , , , , , , , , , , 
29.04525, 0.0193027, , , , , , , 29.04525, -0.008896, , , , , , , 29.04525, -0.0115816, , , , , , , 29.04525, 0.0182956, , , , , , , , , , , , , , , , , , , , , , , , , , , , 
29.0457692, 0.0218204, , , , , , , 29.0457692, -0.0075532, , , , , , , 29.0457692, -0.0102388, , , , , , , 29.0457692, 0.0159457, , , , , , , , , , , , , , , , , , , , , , , , , , , , 
29.0462885, 0.0260166, , , , , , , 29.0462885, -0.0062104, , , , , , , 29.0462885, -0.0092317, , , , , , , 29.0462885, 0.01561, , , , , , , , , , , , , , , , , , , , , , , , , , , , 
29.0468077, 0.0226596, , , , , , , 29.0468077, -0.0063783, , , , , , , 29.0468077, -0.0099031, , , , , , , 29.0468077, 0.0159457, , , , , , , , , , , , , , , , , , , , , , , , , , , , 
29.0473269, 0.0199741, , , , , , , 29.0473269, -0.0082246, , , , , , , 29.0473269, -0.012253, , , , , , , 29.0473269, 0.0149386, , , , , , , , , , , , , , , , , , , , , , , , , , , , 
29.0478462, 0.0159457, , , , , , , 29.0478462, -0.0082246, , , , , , , 29.0478462, -0.012253, , , , , , , 29.0478462, 0.0129244, , , , , , , , , , , , , , , , , , , , , , , , , , , , 
29.0483654, 0.0102388, , , , , , , 29.0483654, -0.0068818, , , , , , , 29.0483654, -0.0109102, , , , , , , 29.0483654, 0.0099031, , , , , , , , , , , , , , , , , , , , , , , , , , , , 
29.0488846, 0.0058747, , , , , , , 29.0488846, -0.0068818, , , , , , , 29.0488846, -0.008896, , , , , , , 29.0488846, 0.0092317, , , , , , , , , , , , , , , , , , , , , , , , , , , , 
29.0494038, 0.0052033, , , , , , , 29.0494038, -0.0072175, , , , , , , 29.0494038, -0.0075532, , , , , , , 29.0494038, 0.0092317, , , , , , , , , , , , , , , , , , , , , , , , , , , , 
29.0499231, 0.0041962, , , , , , , 29.0499231, -0.0058747, , , , , , , 29.0499231, -0.008896, , , , , , , 29.0499231, 0.0119173, , , , , , , , , , , , , , , , , , , , , , , , , , , , 
29.0504423, 0.0043641, , , , , , , 29.0504423, -0.0053712, , , , , , , 29.0504423, -0.0105745, , , , , , , 29.0504423, 0.0159457, , , , , , , , , , , , , , , , , , , , , , , , , , , , 
29.0509615, 0.0099031, , , , , , , 29.0509615, -0.0062104, , , , , , , 29.0509615, -0.0115816, , , , , , , 29.0509615, 0.0193027, , , , , , , , , , , , , , , , , , , , , , , , , , , , 
29.0514808, 0.0129244, , , , , , , 29.0514808, -0.0072175, , , , , , , 29.0514808, -0.0119173, , , , , , , 29.0514808, 0.0199741, , , , , , , , , , , , , , , , , , , , , , , , , , , , 
29.052, 0.0072175, , , , , , , 29.052, -0.0062104, , , , , , , 29.052, -0.0083925, , , , , , , 29.052, 0.0203098, , , , , , , , , , , , , , , , , , , , , , , , , , , , 
29.0525192, 0.0020142, , , , , , , 29.0525192, -0.0057069, , , , , , , 29.0525192, -0.0038605, , , , , , , 29.0525192, 0.021149, , , , , , , , , , , , , , , , , , , , , , , , , , , , 
29.0530385, -0.0005035, , , , , , , 29.0530385, -0.0041962, , , , , , , 29.0530385, -0.0028534, , , , , , , 29.0530385, 0.0218204, , , , , , , , , , , , , , , , , , , , , , , , , , , , 
29.0535577, 0.0025177, , , , , , , 29.0535577, -0.0036927, , , , , , , 29.0535577, -0.0041962, , , , , , , 29.0535577, 0.0204776, , , , , , , , , , , , , , , , , , , , , , , , , , , , 
29.0540769, 0.0052033, , , , , , , 29.0540769, -0.0050355, , , , , , , 29.0540769, -0.0058747, , , , , , , 29.0540769, 0.0176242, , , , , , , , , , , , , , , , , , , , , , , , , , , , 
29.0545962, 0.0062104, , , , , , , 29.0545962, -0.0052033, , , , , , , 29.0545962, -0.0075532, , , , , , , 29.0545962, 0.0169528, , , , , , , , , , , , , , , , , , , , , , , , , , , , 
29.0551154, 0.0065461, , , , , , , 29.0551154, -0.0045319, , , , , , , 29.0551154, -0.0095674, , , , , , , 29.0551154, 0.017792, , , , , , , , , , , , , , , , , , , , , , , , , , , , 
29.0556346, 0.0078889, , , , , , , 29.0556346, -0.0045319, , , , , , , 29.0556346, -0.0095674, , , , , , , 29.0556346, 0.0162814, , , , , , , , , , , , , , , , , , , , , , , , , , , , 
29.0561538, 0.0092317, , , , , , , 29.0561538, -0.0062104, , , , , , , 29.0561538, -0.0095674, , , , , , , 29.0561538, 0.01561, , , , , , , , , , , , , , , , , , , , , , , , , , , , 
29.0566731, 0.0105745, , , , , , , 29.0566731, -0.0095674, , , , , , , 29.0566731, -0.0095674, , , , , , , 29.0566731, 0.0137636, , , , , , , , , , , , , , , , , , , , , , , , , , , , 
29.0571923, 0.0140993, , , , , , , 29.0571923, -0.0109102, , , , , , , 29.0571923, -0.0105745, , , , , , , 29.0571923, 0.0112459, , , , , , , , , , , , , , , , , , , , , , , , , , , , 
29.0577115, 0.0193027, , , , , , , 29.0577115, -0.0095674, , , , , , , 29.0577115, -0.0109102, , , , , , , 29.0577115, 0.0125887, , , , , , , , , , , , , , , , , , , , , , , , , , , , 
29.0582308, 0.0186313, , , , , , , 29.0582308, -0.0083925, , , , , , , 29.0582308, -0.0105745, , , , , , , 29.0582308, 0.0159457, , , , , , , , , , , , , , , , , , , , , , , , , , , , 
29.05875, 0.0112459, , , , , , , 29.05875, -0.0082246, , , , , , , 29.05875, -0.0102388, , , , , , , 29.05875, 0.0166171, , , , , , , , , , , , , , , , , , , , , , , , , , , , 
29.0592692, 0.0119173, , , , , , , 29.0592692, -0.0083925, , , , , , , 29.0592692, -0.0105745, , , , , , , 29.0592692, 0.0132601, , , , , , , , , , , , , , , , , , , , , , , , , , , , 
29.0597885, 0.0166171, , , , , , , 29.0597885, -0.0099031, , , , , , , 29.0597885, -0.0109102, , , , , , , 29.0597885, 0.0082246, , , , , , , , , , , , , , , , , , , , , , , , , , , , 
29.0603077, 0.0132601, , , , , , , 29.0603077, -0.010071, , , , , , , 29.0603077, -0.0099031, , , , , , , 29.0603077, 0.0065461, , , , , , , , , , , , , , , , , , , , , , , , , , , , 
29.0608269, 0.0092317, , , , , , , 29.0608269, -0.0095674, , , , , , , 29.0608269, -0.0092317, , , , , , , 29.0608269, 0.0078889, , , , , , , , , , , , , , , , , , , , , , , , , , , , 
29.0613462, 0.0085603, , , , , , , 29.0613462, -0.0095674, , , , , , , 29.0613462, -0.0083925, , , , , , , 29.0613462, 0.0099031, , , , , , , , , , , , , , , , , , , , , , , , , , , , 
29.0618654, 0.0104067, , , , , , , 29.0618654, -0.008896, , , , , , , 29.0618654, -0.0085603, , , , , , , 29.0618654, 0.0119173, , , , , , , , , , , , , , , , , , , , , , , , , , , , 
29.0623846, 0.0115816, , , , , , , 29.0623846, -0.0075532, , , , , , , 29.0623846, -0.0099031, , , , , , , 29.0623846, 0.0105745, , , , , , , , , , , , , , , , , , , , , , , , , , , , 
29.0629038, 0.0149386, , , , , , , 29.0629038, -0.0072175, , , , , , , 29.0629038, -0.0102388, , , , , , , 29.0629038, 0.0082246, , , , , , , , , , , , , , , , , , , , , , , , , , , , 
29.0634231, 0.0240024, , , , , , , 29.0634231, -0.0082246, , , , , , , 29.0634231, -0.0095674, , , , , , , 29.0634231, 0.0109102, , , , , , , , , , , , , , , , , , , , , , , , , , , , 
29.0639423, 0.0273594, , , , , , , 29.0639423, -0.0075532, , , , , , , 29.0639423, -0.0087282, , , , , , , 29.0639423, 0.014435, , , , , , , , , , , , , , , , , , , , , , , , , , , , 
29.0644615, 0.0258488, , , , , , , 29.0644615, -0.0068818, , , , , , , 29.0644615, -0.0082246, , , , , , , 29.0644615, 0.0152743, , , , , , , , , , , , , , , , , , , , , , , , , , , , 
29.0649808, 0.026688, , , , , , , 29.0649808, -0.0043641, , , , , , , 29.0649808, -0.0068818, , , , , , , 29.0649808, 0.0159457, , , , , , , , , , , , , , , , , , , , , , , , , , , , 
29.0655, 0.030045, , , , , , , 29.0655, -0.0023499, , , , , , , 29.0655, -0.0082246, , , , , , , 29.0655, 0.0149386, , , , , , , , , , , , , , , , , , , , , , , , , , , , 
29.0660192, 0.0271916, , , , , , , 29.0660192, -0.003357, , , , , , , 29.0660192, -0.0099031, , , , , , , 29.0660192, 0.0105745, , , , , , , , , , , , , , , , , , , , , , , , , , , , 
29.0665385, 0.0172885, , , , , , , 29.0665385, -0.0053712, , , , , , , 29.0665385, -0.0082246, , , , , , , 29.0665385, 0.0078889, , , , , , , , , , , , , , , , , , , , , , , , , , , , 
29.0670577, 0.0097353, , , , , , , 29.0670577, -0.0075532, , , , , , , 29.0670577, -0.0068818, , , , , , , 29.0670577, 0.0072175, , , , , , , , , , , , , , , , , , , , , , , , , , , , 
29.0675769, 0.0072175, , , , , , , 29.0675769, -0.010071, , , , , , , 29.0675769, -0.0075532, , , , , , , 29.0675769, 0.0085603, , , , , , , , , , , , , , , , , , , , , , , , , , , , 
29.0680962, 0.0109102, , , , , , , 29.0680962, -0.0109102, , , , , , , 29.0680962, -0.0095674, , , , , , , 29.0680962, 0.0085603, , , , , , , , , , , , , , , , , , , , , , , , , , , , 
29.0686154, 0.0182956, , , , , , , 29.0686154, -0.0099031, , , , , , , 29.0686154, -0.0095674, , , , , , , 29.0686154, 0.0083925, , , , , , , , , , , , , , , , , , , , , , , , , , , , 
29.0691346, 0.0203098, , , , , , , 29.0691346, -0.0085603, , , , , , , 29.0691346, -0.0078889, , , , , , , 29.0691346, 0.0078889, , , , , , , , , , , , , , , , , , , , , , , , , , , , 
29.0696538, 0.0166171, , , , , , , 29.0696538, -0.0072175, , , , , , , 29.0696538, -0.0068818, , , , , , , 29.0696538, 0.0092317, , , , , , , , , , , , , , , , , , , , , , , , , , , , 
29.0701731, 0.0151064, , , , , , , 29.0701731, -0.0083925, , , , , , , 29.0701731, -0.0099031, , , , , , , 29.0701731, 0.0095674, , , , , , , , , , , , , , , , , , , , , , , , , , , , 
29.0706923, 0.0142672, , , , , , , 29.0706923, -0.0099031, , , , , , , 29.0706923, -0.012253, , , , , , , 29.0706923, 0.0075532, , , , , , , , , , , , , , , , , , , , , , , , , , , , 
29.0712115, 0.0105745, , , , , , , 29.0712115, -0.0102388, , , , , , , 29.0712115, -0.0115816, , , , , , , 29.0712115, 0.0068818, , , , , , , , , , , , , , , , , , , , , , , , , , , , 
29.0717308, 0.0092317, , , , , , , 29.0717308, -0.0109102, , , , , , , 29.0717308, -0.012253, , , , , , , 29.0717308, 0.0095674, , , , , , , , , , , , , , , , , , , , , , , , , , , , 
29.07225, 0.0065461, , , , , , , 29.07225, -0.0105745, , , , , , , 29.07225, -0.0125887, , , , , , , 29.07225, 0.0112459, , , , , , , , , , , , , , , , , , , , , , , , , , , , 
29.0727692, 0.0041962, , , , , , , 29.0727692, -0.008896, , , , , , , 29.0727692, -0.0119173, , , , , , , 29.0727692, 0.0127565, , , , , , , , , , , , , , , , , , , , , , , , , , , , 
29.0732885, 0.005539, , , , , , , 29.0732885, -0.0072175, , , , , , , 29.0732885, -0.0125887, , , , , , , 29.0732885, 0.0139315, , , , , , , , , , , , , , , , , , , , , , , , , , , , 
29.0738077, 0.0068818, , , , , , , 29.0738077, -0.0068818, , , , , , , 29.0738077, -0.012253, , , , , , , 29.0738077, 0.0139315, , , , , , , , , , , , , , , , , , , , , , , , , , , , 
29.0743269, 0.0129244, , , , , , , 29.0743269, -0.0083925, , , , , , , 29.0743269, -0.0102388, , , , , , , 29.0743269, 0.0149386, , , , , , , , , , , , , , , , , , , , , , , , , , , , 
29.0748462, 0.0182956, , , , , , , 29.0748462, -0.0085603, , , , , , , 29.0748462, -0.0102388, , , , , , , 29.0748462, 0.0172885, , , , , , , , , , , , , , , , , , , , , , , , , , , , 
29.0753654, 0.0186313, , , , , , , 29.0753654, -0.0087282, , , , , , , 29.0753654, -0.0092317, , , , , , , 29.0753654, 0.0169528, , , , , , , , , , , , , , , , , , , , , , , , , , , , 
29.0758846, 0.0172885, , , , , , , 29.0758846, -0.0097353, , , , , , , 29.0758846, -0.0085603, , , , , , , 29.0758846, 0.0152743, , , , , , , , , , , , , , , , , , , , , , , , , , , , 
29.0764038, 0.0172885, , , , , , , 29.0764038, -0.0095674, , , , , , , 29.0764038, -0.0078889, , , , , , , 29.0764038, 0.0149386, , , , , , , , , , , , , , , , , , , , , , , , , , , , 
29.0769231, 0.0199741, , , , , , , 29.0769231, -0.0102388, , , , , , , 29.0769231, -0.005539, , , , , , , 29.0769231, 0.0152743, , , , , , , , , , , , , , , , , , , , , , , , , , , , 
29.0774423, 0.0193027, , , , , , , 29.0774423, -0.0097353, , , , , , , 29.0774423, -0.0043641, , , , , , , 29.0774423, 0.0154421, , , , , , , , , , , , , , , , , , , , , , , , , , , , 
29.0779615, 0.0182956, , , , , , , 29.0779615, -0.008896, , , , , , , 29.0779615, -0.0041962, , , , , , , 29.0779615, 0.0146029, , , , , , , , , , , , , , , , , , , , , , , , , , , , 
29.0784808, 0.0184634, , , , , , , 29.0784808, -0.008896, , , , , , , 29.0784808, -0.0028534, , , , , , , 29.0784808, 0.0139315, , , , , , , , , , , , , , , , , , , , , , , , , , , , 
29.079, 0.0139315, , , , , , , 29.079, -0.0109102, , , , , , , 29.079, 0.0018463, , , , , , , 29.079, 0.0149386, , , , , , , , , , , , , , , , , , , , , , , , , , , , 
29.0795192, 0.0125887, , , , , , , 29.0795192, -0.0124208, , , , , , , 29.0795192, 0.0038605, , , , , , , 29.0795192, 0.0139315, , , , , , , , , , , , , , , , , , , , , , , , , , , , 
29.0800385, 0.0172885, , , , , , , 29.0800385, -0.0092317, , , , , , , 29.0800385, 0.0036927, , , , , , , 29.0800385, 0.0132601, , , , , , , , , , , , , , , , , , , , , , , , , , , , 
29.0805577, 0.0193027, , , , , , , 29.0805577, -0.0057069, , , , , , , 29.0805577, 0.0016785, , , , , , , 29.0805577, 0.0129244, , , , , , , , , , , , , , , , , , , , , , , , , , , , 
29.0810769, 0.0142672, , , , , , , 29.0810769, -0.005539, , , , , , , 29.0810769, 0.0006714, , , , , , , 29.0810769, 0.0115816, , , , , , , , , , , , , , , , , , , , , , , , , , , , 
29.0815962, 0.0105745, , , , , , , 29.0815962, -0.0052033, , , , , , , 29.0815962, 0.0005035, , , , , , , 29.0815962, 0.0105745, , , , , , , , , , , , , , , , , , , , , , , , , , , , 
29.0821154, 0.011078, , , , , , , 29.0821154, -0.0048676, , , , , , , 29.0821154, -0.0015106, , , , , , , 29.0821154, 0.0112459, , , , , , , , , , , , , , , , , , , , , , , , , , , , 
29.0826346, 0.0139315, , , , , , , 29.0826346, -0.005539, , , , , , , 29.0826346, -0.0062104, , , , , , , 29.0826346, 0.012253, , , , , , , , , , , , , , , , , , , , , , , , , , , , 
29.0831538, 0.0137636, , , , , , , 29.0831538, -0.0063783, , , , , , , 29.0831538, -0.0095674, , , , , , , 29.0831538, 0.0105745, , , , , , , , , , , , , , , , , , , , , , , , , , , , 
29.0836731, 0.0146029, , , , , , , 29.0836731, -0.0078889, , , , , , , 29.0836731, -0.0082246, , , , , , , 29.0836731, 0.008896, , , , , , , , , , , , , , , , , , , , , , , , , , , , 
29.0841923, 0.0181277, , , , , , , 29.0841923, -0.0082246, , , , , , , 29.0841923, -0.0052033, , , , , , , 29.0841923, 0.0092317, , , , , , , , , , , , , , , , , , , , , , , , , , , , 
29.0847115, 0.0196384, , , , , , , 29.0847115, -0.0075532, , , , , , , 29.0847115, -0.0048676, , , , , , , 29.0847115, 0.0109102, , , , , , , , , , , , , , , , , , , , , , , , , , , , 
29.0852308, 0.0209812, , , , , , , 29.0852308, -0.0062104, , , , , , , 29.0852308, -0.0075532, , , , , , , 29.0852308, 0.0119173, , , , , , , , , , , , , , , , , , , , , , , , , , , , 
29.08575, 0.0213169, , , , , , , 29.08575, -0.0048676, , , , , , , 29.08575, -0.0104067, , , , , , , 29.08575, 0.0109102, , , , , , , , , , , , , , , , , , , , , , , , , , , , 
29.0862692, 0.0223239, , , , , , , 29.0862692, -0.0068818, , , , , , , 29.0862692, -0.0082246, , , , , , , 29.0862692, 0.0092317, , , , , , , , , , , , , , , , , , , , , , , , , , , , 
29.0867885, 0.0283665, , , , , , , 29.0867885, -0.0087282, , , , , , , 29.0867885, -0.0045319, , , , , , , 29.0867885, 0.008896, , , , , , , , , , , , , , , , , , , , , , , , , , , , 
29.0873077, 0.0285344, , , , , , , 29.0873077, -0.0065461, , , , , , , 29.0873077, -0.0035248, , , , , , , 29.0873077, 0.0102388, , , , , , , , , , , , , , , , , , , , , , , , , , , , 
29.0878269, 0.021149, , , , , , , 29.0878269, -0.0060426, , , , , , , 29.0878269, -0.0035248, , , , , , , 29.0878269, 0.012253, , , , , , , , , , , , , , , , , , , , , , , , , , , , 
29.0883462, 0.0182956, , , , , , , 29.0883462, -0.0095674, , , , , , , 29.0883462, -0.0038605, , , , , , , 29.0883462, 0.0139315, , , , , , , , , , , , , , , , , , , , , , , , , , , , 
29.0888654, 0.0208133, , , , , , , 29.0888654, -0.0117494, , , , , , , 29.0888654, -0.0072175, , , , , , , 29.0888654, 0.0152743, , , , , , , , , , , , , , , , , , , , , , , , , , , , 
29.0893846, 0.0229953, , , , , , , 29.0893846, -0.0102388, , , , , , , 29.0893846, -0.012253, , , , , , , 29.0893846, 0.0157778, , , , , , , , , , , , , , , , , , , , , , , , , , , , 
29.0899038, 0.0218204, , , , , , , 29.0899038, -0.0075532, , , , , , , 29.0899038, -0.0164492, , , , , , , 29.0899038, 0.0135958, , , , , , , , , , , , , , , , , , , , , , , , , , , , 
29.0904231, 0.0193027, , , , , , , 29.0904231, -0.0065461, , , , , , , 29.0904231, -0.0182956, , , , , , , 29.0904231, 0.0109102, , , , , , , , , , , , , , , , , , , , , , , , , , , , 
29.0909423, 0.0159457, , , , , , , 29.0909423, -0.0082246, , , , , , , 29.0909423, -0.0193027, , , , , , , 29.0909423, 0.0119173, , , , , , , , , , , , , , , , , , , , , , , , , , , , 
29.0914615, 0.0112459, , , , , , , 29.0914615, -0.0104067, , , , , , , 29.0914615, -0.018967, , , , , , , 29.0914615, 0.0129244, , , , , , , , , , , , , , , , , , , , , , , , , , , , 
29.0919808, 0.0045319, , , , , , , 29.0919808, -0.0109102, , , , , , , 29.0919808, -0.0169528, , , , , , , 29.0919808, 0.0109102, , , , , , , , , , , , , , , , , , , , , , , , , , , , 
29.0925, 0.0003357, , , , , , , 29.0925, -0.0104067, , , , , , , 29.0925, -0.018967, , , , , , , 29.0925, 0.0105745, , , , , , , , , , , , , , , , , , , , , , , , , , , , 
29.0930192, 0.0018463, , , , , , , 29.0930192, -0.008896, , , , , , , 29.0930192, -0.0243381, , , , , , , 29.0930192, 0.0120851, , , , , , , , , , , , , , , , , , , , , , , , , , , , 
29.0935385, 0.0045319, , , , , , , 29.0935385, -0.0082246, , , , , , , 29.0935385, -0.0251774, , , , , , , 29.0935385, 0.0139315, , , , , , , , , , , , , , , , , , , , , , , , , , , , 
29.0940577, 0.0058747, , , , , , , 29.0940577, -0.008896, , , , , , , 29.0940577, -0.0203098, , , , , , , 29.0940577, 0.0152743, , , , , , , , , , , , , , , , , , , , , , , , , , , , 
29.0945769, 0.0072175, , , , , , , 29.0945769, -0.0099031, , , , , , , 29.0945769, -0.012253, , , , , , , 29.0945769, 0.0157778, , , , , , , , , , , , , , , , , , , , , , , , , , , , 
29.0950962, 0.0099031, , , , , , , 29.0950962, -0.0105745, , , , , , , 29.0950962, -0.0058747, , , , , , , 29.0950962, 0.0159457, , , , , , , , , , , , , , , , , , , , , , , , , , , , 
29.0956154, 0.0092317, , , , , , , 29.0956154, -0.0085603, , , , , , , 29.0956154, -0.0035248, , , , , , , 29.0956154, 0.01561, , , , , , , , , , , , , , , , , , , , , , , , , , , , 
29.0961346, 0.0068818, , , , , , , 29.0961346, -0.0072175, , , , , , , 29.0961346, -0.0025177, , , , , , , 29.0961346, 0.0166171, , , , , , , , , , , , , , , , , , , , , , , , , , , , 
29.0966538, 0.0063783, , , , , , , 29.0966538, -0.0068818, , , , , , , 29.0966538, -0.002182, , , , , , , 29.0966538, 0.0159457, , , , , , , , , , , , , , , , , , , , , , , , , , , , 
29.0971731, 0.0078889, , , , , , , 29.0971731, -0.0050355, , , , , , , 29.0971731, -0.0041962, , , , , , , 29.0971731, 0.0125887, , , , , , , , , , , , , , , , , , , , , , , , , , , , 
29.0976923, 0.0107424, , , , , , , 29.0976923, -0.005539, , , , , , , 29.0976923, -0.0057069, , , , , , , 29.0976923, 0.0105745, , , , , , , , , , , , , , , , , , , , , , , , , , , , 
29.0982115, 0.0109102, , , , , , , 29.0982115, -0.0058747, , , , , , , 29.0982115, -0.0065461, , , , , , , 29.0982115, 0.0105745, , , , , , , , , , , , , , , , , , , , , , , , , , , , 
29.0987308, 0.0105745, , , , , , , 29.0987308, -0.0050355, , , , , , , 29.0987308, -0.005539, , , , , , , 29.0987308, 0.0105745, , , , , , , , , , , , , , , , , , , , , , , , , , , , 
29.09925, 0.0119173, , , , , , , 29.09925, -0.0062104, , , , , , , 29.09925, -0.0052033, , , , , , , 29.09925, 0.0099031, , , , , , , , , , , , , , , , , , , , , , , , , , , , 
29.0997692, 0.0172885, , , , , , , 29.0997692, -0.0085603, , , , , , , 29.0997692, -0.0052033, , , , , , , 29.0997692, 0.0078889, , , , , , , , , , , , , , , , , , , , , , , , , , , , 
29.1002885, 0.0260166, , , , , , , 29.1002885, -0.0072175, , , , , , , 29.1002885, -0.002182, , , , , , , 29.1002885, 0.0062104, , , , , , , , , , , , , , , , , , , , , , , , , , , , 
29.1008077, 0.0253452, , , , , , , 29.1008077, -0.0041962, , , , , , , 29.1008077, -0.0005035, , , , , , , 29.1008077, 0.0075532, , , , , , , , , , , , , , , , , , , , , , , , , , , , 
29.1013269, 0.0223239, , , , , , , 29.1013269, -0.0035248, , , , , , , 29.1013269, 0.0005035, , , , , , , 29.1013269, 0.0097353, , , , , , , , , , , , , , , , , , , , , , , , , , , , 
29.1018462, 0.0236667, , , , , , , 29.1018462, -0.0025177, , , , , , , 29.1018462, 0.002182, , , , , , , 29.1018462, 0.0068818, , , , , , , , , , , , , , , , , , , , , , , , , , , , 
29.1023654, 0.0246738, , , , , , , 29.1023654, -0.0015106, , , , , , , 29.1023654, 0.0036927, , , , , , , 29.1023654, 0.0052033, , , , , , , , , , , , , , , , , , , , , , , , , , , , 
29.1028846, 0.0226596, , , , , , , 29.1028846, -0.0043641, , , , , , , 29.1028846, 0.0038605, , , , , , , 29.1028846, 0.0075532, , , , , , , , , , , , , , , , , , , , , , , , , , , , 
29.1034038, 0.0179599, , , , , , , 29.1034038, -0.0068818, , , , , , , 29.1034038, 0.0005035, , , , , , , 29.1034038, 0.0078889, , , , , , , , , , , , , , , , , , , , , , , , , , , , 
29.1039231, 0.0164492, , , , , , , 29.1039231, -0.0068818, , , , , , , 29.1039231, -0.0016785, , , , , , , 29.1039231, 0.0075532, , , , , , , , , , , , , , , , , , , , , , , , , , , , 
29.1044423, 0.0172885, , , , , , , 29.1044423, -0.0070497, , , , , , , 29.1044423, -0.0045319, , , , , , , 29.1044423, 0.008896, , , , , , , , , , , , , , , , , , , , , , , , , , , , 
29.1049615, 0.0182956, , , , , , , 29.1049615, -0.0062104, , , , , , , 29.1049615, -0.0058747, , , , , , , 29.1049615, 0.0112459, , , , , , , , , , , , , , , , , , , , , , , , , , , , 
29.1054808, 0.0179599, , , , , , , 29.1054808, -0.0038605, , , , , , , 29.1054808, -0.0068818, , , , , , , 29.1054808, 0.0135958, , , , , , , , , , , , , , , , , , , , , , , , , , , , 
29.106, 0.0159457, , , , , , , 29.106, -0.0025177, , , , , , , 29.106, -0.0095674, , , , , , , 29.106, 0.0152743, , , , , , , , , , , , , , , , , , , , , , , , , , , , 
29.1065192, 0.0142672, , , , , , , 29.1065192, -0.0041962, , , , , , , 29.1065192, -0.012253, , , , , , , 29.1065192, 0.0129244, , , , , , , , , , , , , , , , , , , , , , , , , , , , 
29.1070385, 0.0172885, , , , , , , 29.1070385, -0.0062104, , , , , , , 29.1070385, -0.0130922, , , , , , , 29.1070385, 0.0105745, , , , , , , , , , , , , , , , , , , , , , , , , , , , 
29.1075577, 0.0204776, , , , , , , 29.1075577, -0.0072175, , , , , , , 29.1075577, -0.0102388, , , , , , , 29.1075577, 0.0105745, , , , , , , , , , , , , , , , , , , , , , , , , , , , 
29.1080769, 0.0199741, , , , , , , 29.1080769, -0.0078889, , , , , , , 29.1080769, -0.0083925, , , , , , , 29.1080769, 0.0099031, , , , , , , , , , , , , , , , , , , , , , , , , , , , 
29.1085962, 0.0152743, , , , , , , 29.1085962, -0.0075532, , , , , , , 29.1085962, -0.0085603, , , , , , , 29.1085962, 0.0095674, , , , , , , , , , , , , , , , , , , , , , , , , , , , 
29.1091154, 0.0068818, , , , , , , 29.1091154, -0.0082246, , , , , , , 29.1091154, -0.0085603, , , , , , , 29.1091154, 0.0092317, , , , , , , , , , , , , , , , , , , , , , , , , , , , 
29.1096346, 0.0011749, , , , , , , 29.1096346, -0.0082246, , , , , , , 29.1096346, -0.0072175, , , , , , , 29.1096346, 0.0099031, , , , , , , , , , , , , , , , , , , , , , , , , , , , 
29.1101538, -0.0001678, , , , , , , 29.1101538, -0.008896, , , , , , , 29.1101538, -0.0058747, , , , , , , 29.1101538, 0.0125887, , , , , , , , , , , , , , , , , , , , , , , , , , , , 
29.1106731, -0.0031891, , , , , , , 29.1106731, -0.0112459, , , , , , , 29.1106731, -0.0063783, , , , , , , 29.1106731, 0.0127565, , , , , , , , , , , , , , , , , , , , , , , , , , , , 
29.1111923, -0.005539, , , , , , , 29.1111923, -0.0115816, , , , , , , 29.1111923, -0.0075532, , , , , , , 29.1111923, 0.0125887, , , , , , , , , , , , , , , , , , , , , , , , , , , , 
29.1117115, -0.0041962, , , , , , , 29.1117115, -0.0099031, , , , , , , 29.1117115, -0.0090639, , , , , , , 29.1117115, 0.0132601, , , , , , , , , , , , , , , , , , , , , , , , , , , , 
29.1122308, -0.0015106, , , , , , , 29.1122308, -0.0102388, , , , , , , 29.1122308, -0.0085603, , , , , , , 29.1122308, 0.0146029, , , , , , , , , , , , , , , , , , , , , , , , , , , , 
29.11275, 0.0011749, , , , , , , 29.11275, -0.0095674, , , , , , , 29.11275, -0.0077211, , , , , , , 29.11275, 0.01561, , , , , , , , , , , , , , , , , , , , , , , , , , , , 
29.1132692, 0.0045319, , , , , , , 29.1132692, -0.0082246, , , , , , , 29.1132692, -0.0072175, , , , , , , 29.1132692, 0.01561, , , , , , , , , , , , , , , , , , , , , , , , , , , , 
29.1137885, 0.0083925, , , , , , , 29.1137885, -0.0063783, , , , , , , 29.1137885, -0.0082246, , , , , , , 29.1137885, 0.0162814, , , , , , , , , , , , , , , , , , , , , , , , , , , , 
29.1143077, 0.0099031, , , , , , , 29.1143077, -0.0082246, , , , , , , 29.1143077, -0.01561, , , , , , , 29.1143077, 0.0172885, , , , , , , , , , , , , , , , , , , , , , , , , , , , 
29.1148269, 0.0119173, , , , , , , 29.1148269, -0.0102388, , , , , , , 29.1148269, -0.0229953, , , , , , , 29.1148269, 0.0172885, , , , , , , , , , , , , , , , , , , , , , , , , , , , 
29.1153462, 0.0172885, , , , , , , 29.1153462, -0.0099031, , , , , , , 29.1153462, -0.0243381, , , , , , , 29.1153462, 0.0159457, , , , , , , , , , , , , , , , , , , , , , , , , , , , 
29.1158654, 0.0270237, , , , , , , 29.1158654, -0.0085603, , , , , , , 29.1158654, -0.0203098, , , , , , , 29.1158654, 0.0149386, , , , , , , , , , , , , , , , , , , , , , , , , , , , 
29.1163846, 0.0332341, , , , , , , 29.1163846, -0.0068818, , , , , , , 29.1163846, -0.0149386, , , , , , , 29.1163846, 0.0146029, , , , , , , , , , , , , , , , , , , , , , , , , , , , 
29.1169038, 0.0318914, , , , , , , 29.1169038, -0.0060426, , , , , , , 29.1169038, -0.0095674, , , , , , , 29.1169038, 0.0119173, , , , , , , , , , , , , , , , , , , , , , , , , , , , 
29.1174231, 0.0251774, , , , , , , 29.1174231, -0.0065461, , , , , , , 29.1174231, -0.0028534, , , , , , , 29.1174231, 0.0078889, , , , , , , , , , , , , , , , , , , , , , , , , , , , 
29.1179423, 0.0193027, , , , , , , 29.1179423, -0.0072175, , , , , , , 29.1179423, 0.0008392, , , , , , , 29.1179423, 0.0043641, , , , , , , , , , , , , , , , , , , , , , , , , , , , 
29.1184615, 0.0172885, , , , , , , 29.1184615, -0.0082246, , , , , , , 29.1184615, 0.0031891, , , , , , , 29.1184615, 0.0048676, , , , , , , , , , , , , , , , , , , , , , , , , , , , 
29.1189808, 0.0132601, , , , , , , 29.1189808, -0.0109102, , , , , , , 29.1189808, 0.0058747, , , , , , , 29.1189808, 0.0078889, , , , , , , , , , , , , , , , , , , , , , , , , , , , 
29.1195, 0.0078889, , , , , , , 29.1195, -0.0115816, , , , , , , 29.1195, 0.0045319, , , , , , , 29.1195, 0.0099031, , , , , , , , , , , , , , , , , , , , , , , , , , , , 
29.1200192, 0.005539, , , , , , , 29.1200192, -0.0109102, , , , , , , 29.1200192, 0.0005035, , , , , , , 29.1200192, 0.0112459, , , , , , , , , , , , , , , , , , , , , , , , , , , , 
29.1205385, 0.0045319, , , , , , , 29.1205385, -0.0102388, , , , , , , 29.1205385, -0.0025177, , , , , , , 29.1205385, 0.0130922, , , , , , , , , , , , , , , , , , , , , , , , , , , , 
29.1210577, 0.0041962, , , , , , , 29.1210577, -0.008896, , , , , , , 29.1210577, -0.0036927, , , , , , , 29.1210577, 0.0146029, , , , , , , , , , , , , , , , , , , , , , , , , , , , 
29.1215769, 0.0045319, , , , , , , 29.1215769, -0.0077211, , , , , , , 29.1215769, -0.0041962, , , , , , , 29.1215769, 0.0159457, , , , , , , , , , , , , , , , , , , , , , , , , , , , 
29.1220962, 0.0078889, , , , , , , 29.1220962, -0.0075532, , , , , , , 29.1220962, -0.0043641, , , , , , , 29.1220962, 0.0184634, , , , , , , , , , , , , , , , , , , , , , , , , , , , 
29.1226154, 0.0099031, , , , , , , 29.1226154, -0.0068818, , , , , , , 29.1226154, -0.0062104, , , , , , , 29.1226154, 0.0191348, , , , , , , , , , , , , , , , , , , , , , , , , , , , 
29.1231346, 0.0092317, , , , , , , 29.1231346, -0.0065461, , , , , , , 29.1231346, -0.0095674, , , , , , , 29.1231346, 0.0159457, , , , , , , , , , , , , , , , , , , , , , , , , , , , 
29.1236538, 0.0078889, , , , , , , 29.1236538, -0.0078889, , , , , , , 29.1236538, -0.0099031, , , , , , , 29.1236538, 0.014435, , , , , , , , , , , , , , , , , , , , , , , , , , , , 
29.1241731, 0.0112459, , , , , , , 29.1241731, -0.008896, , , , , , , 29.1241731, -0.0109102, , , , , , , 29.1241731, 0.0152743, , , , , , , , , , , , , , , , , , , , , , , , , , , , 
29.1246923, 0.0146029, , , , , , , 29.1246923, -0.0072175, , , , , , , 29.1246923, -0.0112459, , , , , , , 29.1246923, 0.0146029, , , , , , , , , , , , , , , , , , , , , , , , , , , , 
29.1252115, 0.0125887, , , , , , , 29.1252115, -0.0068818, , , , , , , 29.1252115, -0.012253, , , , , , , 29.1252115, 0.0125887, , , , , , , , , , , , , , , , , , , , , , , , , , , , 
29.1257308, 0.012253, , , , , , , 29.1257308, -0.0075532, , , , , , , 29.1257308, -0.0115816, , , , , , , 29.1257308, 0.012253, , , , , , , , , , , , , , , , , , , , , , , , , , , , 
29.12625, 0.01561, , , , , , , 29.12625, -0.0062104, , , , , , , 29.12625, -0.0095674, , , , , , , 29.12625, 0.0125887, , , , , , , , , , , , , , , , , , , , , , , , , , , , 
29.1267692, 0.0182956, , , , , , , 29.1267692, -0.0041962, , , , , , , 29.1267692, -0.0092317, , , , , , , 29.1267692, 0.0132601, , , , , , , , , , , , , , , , , , , , , , , , , , , , 
29.1272885, 0.0213169, , , , , , , 29.1272885, -0.0025177, , , , , , , 29.1272885, -0.0109102, , , , , , , 29.1272885, 0.0105745, , , , , , , , , , , , , , , , , , , , , , , , , , , , 
29.1278077, 0.0218204, , , , , , , 29.1278077, -0.0035248, , , , , , , 29.1278077, -0.0125887, , , , , , , 29.1278077, 0.008896, , , , , , , , , , , , , , , , , , , , , , , , , , , , 
29.1283269, 0.0226596, , , , , , , 29.1283269, -0.0068818, , , , , , , 29.1283269, -0.012253, , , , , , , 29.1283269, 0.0092317, , , , , , , , , , , , , , , , , , , , , , , , , , , , 
29.1288462, 0.023331, , , , , , , 29.1288462, -0.0083925, , , , , , , 29.1288462, -0.0104067, , , , , , , 29.1288462, 0.008896, , , , , , , , , , , , , , , , , , , , , , , , , , , , 
29.1293654, 0.0219883, , , , , , , 29.1293654, -0.0082246, , , , , , , 29.1293654, -0.0115816, , , , , , , 29.1293654, 0.0077211, , , , , , , , , , , , , , , , , , , , , , , , , , , , 
29.1298846, 0.0213169, , , , , , , 29.1298846, -0.0075532, , , , , , , 29.1298846, -0.0115816, , , , , , , 29.1298846, 0.0072175, , , , , , , , , , , , , , , , , , , , , , , , , , , , 
29.1304038, 0.0179599, , , , , , , 29.1304038, -0.0068818, , , , , , , 29.1304038, -0.0102388, , , , , , , 29.1304038, 0.0063783, , , , , , , , , , , , , , , , , , , , , , , , , , , , 
29.1309231, 0.0119173, , , , , , , 29.1309231, -0.0057069, , , , , , , 29.1309231, -0.008896, , , , , , , 29.1309231, 0.0078889, , , , , , , , , , , , , , , , , , , , , , , , , , , , 
29.1314423, 0.0090639, , , , , , , 29.1314423, -0.0058747, , , , , , , 29.1314423, -0.0072175, , , , , , , 29.1314423, 0.0092317, , , , , , , , , , , , , , , , , , , , , , , , , , , , 
29.1319615, 0.0085603, , , , , , , 29.1319615, -0.0075532, , , , , , , 29.1319615, -0.0060426, , , , , , , 29.1319615, 0.0090639, , , , , , , , , , , , , , , , , , , , , , , , , , , , 
29.1324808, 0.0077211, , , , , , , 29.1324808, -0.0078889, , , , , , , 29.1324808, -0.0028534, , , , , , , 29.1324808, 0.0105745, , , , , , , , , , , , , , , , , , , , , , , , , , , , 
29.133, 0.0052033, , , , , , , 29.133, -0.0072175, , , , , , , 29.133, 0.0018463, , , , , , , 29.133, 0.0130922, , , , , , , , , , , , , , , , , , , , , , , , , , , , 
29.1335192, 0.0018463, , , , , , , 29.1335192, -0.0085603, , , , , , , 29.1335192, 0.0031891, , , , , , , 29.1335192, 0.0146029, , , , , , , , , , , , , , , , , , , , , , , , , , , , 
29.1340385, 0.0025177, , , , , , , 29.1340385, -0.0102388, , , , , , , 29.1340385, 0.0018463, , , , , , , 29.1340385, 0.0162814, , , , , , , , , , , , , , , , , , , , , , , , , , , , 
29.1345577, 0.0065461, , , , , , , 29.1345577, -0.0112459, , , , , , , 29.1345577, -0.0068818, , , , , , , 29.1345577, 0.0166171, , , , , , , , , , , , , , , , , , , , , , , , , , , , 
29.1350769, 0.0104067, , , , , , , 29.1350769, -0.0105745, , , , , , , 29.1350769, -0.0172885, , , , , , , 29.1350769, 0.0162814, , , , , , , , , , , , , , , , , , , , , , , , , , , , 
29.1355962, 0.012253, , , , , , , 29.1355962, -0.0102388, , , , , , , 29.1355962, -0.0209812, , , , , , , 29.1355962, 0.0159457, , , , , , , , , , , , , , , , , , , , , , , , , , , , 
29.1361154, 0.0125887, , , , , , , 29.1361154, -0.0099031, , , , , , , 29.1361154, -0.0194705, , , , , , , 29.1361154, 0.01561, , , , , , , , , , , , , , , , , , , , , , , , , , , , 
29.1366346, 0.0132601, , , , , , , 29.1366346, -0.0082246, , , , , , , 29.1366346, -0.0164492, , , , , , , 29.1366346, 0.0159457, , , , , , , , , , , , , , , , , , , , , , , , , , , , 
29.1371538, 0.0135958, , , , , , , 29.1371538, -0.0057069, , , , , , , 29.1371538, -0.014435, , , , , , , 29.1371538, 0.0166171, , , , , , , , , , , , , , , , , , , , , , , , , , , , 
29.1376731, 0.0157778, , , , , , , 29.1376731, -0.0035248, , , , , , , 29.1376731, -0.0119173, , , , , , , 29.1376731, 0.0149386, , , , , , , , , , , , , , , , , , , , , , , , , , , , 
29.1381923, 0.0166171, , , , , , , 29.1381923, -0.002182, , , , , , , 29.1381923, -0.0048676, , , , , , , 29.1381923, 0.0139315, , , , , , , , , , , , , , , , , , , , , , , , , , , , 
29.1387115, 0.0142672, , , , , , , 29.1387115, -0.0025177, , , , , , , 29.1387115, 0.0010071, , , , , , , 29.1387115, 0.0129244, , , , , , , , , , , , , , , , , , , , , , , , , , , , 
29.1392308, 0.0127565, , , , , , , 29.1392308, -0.0052033, , , , , , , 29.1392308, 0.0015106, , , , , , , 29.1392308, 0.0109102, , , , , , , , , , , , , , , , , , , , , , , , , , , , 
29.13975, 0.0085603, , , , , , , 29.13975, -0.0083925, , , , , , , 29.13975, -0.0072175, , , , , , , 29.13975, 0.011078, , , , , , , , , , , , , , , , , , , , , , , , , , , , 
29.1402692, 0.0075532, , , , , , , 29.1402692, -0.0095674, , , , , , , 29.1402692, -0.0236667, , , , , , , 29.1402692, 0.0099031, , , , , , , , , , , , , , , , , , , , , , , , , , , , 
29.1407885, 0.0105745, , , , , , , 29.1407885, -0.008896, , , , , , , 29.1407885, -0.0317235, , , , , , , 29.1407885, 0.0078889, , , , , , , , , , , , , , , , , , , , , , , , , , , , 
29.1413077, 0.0099031, , , , , , , 29.1413077, -0.0078889, , , , , , , 29.1413077, -0.0263523, , , , , , , 29.1413077, 0.0078889, , , , , , , , , , , , , , , , , , , , , , , , , , , , 
29.1418269, 0.0072175, , , , , , , 29.1418269, -0.0062104, , , , , , , 29.1418269, -0.0149386, , , , , , , 29.1418269, 0.0085603, , , , , , , , , , , , , , , , , , , , , , , , , , , , 
29.1423462, 0.0075532, , , , , , , 29.1423462, -0.0048676, , , , , , , 29.1423462, -0.005539, , , , , , , 29.1423462, 0.008896, , , , , , , , , , , , , , , , , , , , , , , , , , , , 
29.1428654, 0.0129244, , , , , , , 29.1428654, -0.0041962, , , , , , , 29.1428654, -0.0015106, , , , , , , 29.1428654, 0.008896, , , , , , , , , , , , , , , , , , , , , , , , , , , , 
29.1433846, 0.0162814, , , , , , , 29.1433846, -0.0028534, , , , , , , 29.1433846, 0.0011749, , , , , , , 29.1433846, 0.0085603, , , , , , , , , , , , , , , , , , , , , , , , , , , , 
29.1439038, 0.0125887, , , , , , , 29.1439038, -0.0028534, , , , , , , 29.1439038, 0.0045319, , , , , , , 29.1439038, 0.0082246, , , , , , , , , , , , , , , , , , , , , , , , , , , , 
29.1444231, 0.0063783, , , , , , , 29.1444231, -0.005539, , , , , , , 29.1444231, 0.0058747, , , , , , , 29.1444231, 0.0097353, , , , , , , , , , , , , , , , , , , , , , , , , , , , 
29.1449423, 0.0045319, , , , , , , 29.1449423, -0.0082246, , , , , , , 29.1449423, 0.0052033, , , , , , , 29.1449423, 0.0102388, , , , , , , , , , , , , , , , , , , , , , , , , , , , 
29.1454615, 0.0090639, , , , , , , 29.1454615, -0.0082246, , , , , , , 29.1454615, 0.0050355, , , , , , , 29.1454615, 0.0099031, , , , , , , , , , , , , , , , , , , , , , , , , , , , 
29.1459808, 0.0139315, , , , , , , 29.1459808, -0.0075532, , , , , , , 29.1459808, 0.0023499, , , , , , , 29.1459808, 0.0115816, , , , , , , , , , , , , , , , , , , , , , , , , , , , 
29.1465, 0.0179599, , , , , , , 29.1465, -0.0073854, , , , , , , 29.1465, -0.0001678, , , , , , , 29.1465, 0.0139315, , , , , , , , , , , , , , , , , , , , , , , , , , , , 
29.1470192, 0.0191348, , , , , , , 29.1470192, -0.0082246, , , , , , , 29.1470192, -0.0008392, , , , , , , 29.1470192, 0.0135958, , , , , , , , , , , , , , , , , , , , , , , , , , , , 
29.1475385, 0.0209812, , , , , , , 29.1475385, -0.0090639, , , , , , , 29.1475385, -0.0008392, , , , , , , 29.1475385, 0.0119173, , , , , , , , , , , , , , , , , , , , , , , , , , , , 
29.1480577, 0.0224918, , , , , , , 29.1480577, -0.008896, , , , , , , 29.1480577, -0.0015106, , , , , , , 29.1480577, 0.0132601, , , , , , , , , , , , , , , , , , , , , , , , , , , , 
29.1485769, 0.0206455, , , , , , , 29.1485769, -0.0090639, , , , , , , 29.1485769, -0.0015106, , , , , , , 29.1485769, 0.0135958, , , , , , , , , , , , , , , , , , , , , , , , , , , , 
29.1490962, 0.0172885, , , , , , , 29.1490962, -0.0097353, , , , , , , 29.1490962, 0.0015106, , , , , , , 29.1490962, 0.014435, , , , , , , , , , , , , , , , , , , , , , , , , , , , 
29.1496154, 0.0152743, , , , , , , 29.1496154, -0.0109102, , , , , , , 29.1496154, 0.0023499, , , , , , , 29.1496154, 0.01561, , , , , , , , , , , , , , , , , , , , , , , , , , , , 
29.1501346, 0.0132601, , , , , , , 29.1501346, -0.011078, , , , , , , 29.1501346, 0.0016785, , , , , , , 29.1501346, 0.01561, , , , , , , , , , , , , , , , , , , , , , , , , , , , 
29.1506538, 0.0105745, , , , , , , 29.1506538, -0.0095674, , , , , , , 29.1506538, 0.0011749, , , , , , , 29.1506538, 0.0151064, , , , , , , , , , , , , , , , , , , , , , , , , , , , 
29.1511731, 0.0099031, , , , , , , 29.1511731, -0.0092317, , , , , , , 29.1511731, -0.0035248, , , , , , , 29.1511731, 0.0159457, , , , , , , , , , , , , , , , , , , , , , , , , , , , 
29.1516923, 0.0102388, , , , , , , 29.1516923, -0.012253, , , , , , , 29.1516923, -0.0182956, , , , , , , 29.1516923, 0.0179599, , , , , , , , , , , , , , , , , , , , , , , , , , , , 
29.1522115, 0.0132601, , , , , , , 29.1522115, -0.0132601, , , , , , , 29.1522115, -0.0313878, , , , , , , 29.1522115, 0.0191348, , , , , , , , , , , , , , , , , , , , , , , , , , , , 
29.1527308, 0.0182956, , , , , , , 29.1527308, -0.0115816, , , , , , , 29.1527308, -0.0323949, , , , , , , 29.1527308, 0.0203098, , , , , , , , , , , , , , , , , , , , , , , , , , , , 
29.15325, 0.0213169, , , , , , , 29.15325, -0.0099031, , , , , , , 29.15325, -0.0229953, , , , , , , 29.15325, 0.023331, , , , , , , , , , , , , , , , , , , , , , , , , , , , 
29.1537692, 0.0172885, , , , , , , 29.1537692, -0.0085603, , , , , , , 29.1537692, -0.0092317, , , , , , , 29.1537692, 0.0236667, , , , , , , , , , , , , , , , , , , , , , , , , , , , 
29.1542885, 0.01561, , , , , , , 29.1542885, -0.0102388, , , , , , , 29.1542885, 0.0045319, , , , , , , 29.1542885, 0.0223239, , , , , , , , , , , , , , , , , , , , , , , , , , , , 
29.1548077, 0.0166171, , , , , , , 29.1548077, -0.012253, , , , , , , 29.1548077, 0.0125887, , , , , , , 29.1548077, 0.0226596, , , , , , , , , , , , , , , , , , , , , , , , , , , , 
29.1553269, 0.0172885, , , , , , , 29.1553269, -0.012253, , , , , , , 29.1553269, 0.0151064, , , , , , , 29.1553269, 0.0224918, , , , , , , , , , , , , , , , , , , , , , , , , , , , 
29.1558462, 0.0146029, , , , , , , 29.1558462, -0.0102388, , , , , , , 29.1558462, 0.01561, , , , , , , 29.1558462, 0.0198062, , , , , , , , , , , , , , , , , , , , , , , , , , , , 
29.1563654, 0.0109102, , , , , , , 29.1563654, -0.0078889, , , , , , , 29.1563654, 0.0142672, , , , , , , 29.1563654, 0.0162814, , , , , , , , , , , , , , , , , , , , , , , , , , , , 
29.1568846, 0.0045319, , , , , , , 29.1568846, -0.0058747, , , , , , , 29.1568846, 0.011078, , , , , , , 29.1568846, 0.0139315, , , , , , , , , , , , , , , , , , , , , , , , , , , , 
29.1574038, 0.0052033, , , , , , , 29.1574038, -0.0058747, , , , , , , 29.1574038, 0.0045319, , , , , , , 29.1574038, 0.0105745, , , , , , , , , , , , , , , , , , , , , , , , , , , , 
29.1579231, 0.0082246, , , , , , , 29.1579231, -0.0048676, , , , , , , 29.1579231, -0.0008392, , , , , , , 29.1579231, 0.0099031, , , , , , , , , , , , , , , , , , , , , , , , , , , , 
29.1584423, 0.0065461, , , , , , , 29.1584423, -0.0045319, , , , , , , 29.1584423, -0.0036927, , , , , , , 29.1584423, 0.0102388, , , , , , , , , , , , , , , , , , , , , , , , , , , , 
29.1589615, 0.0102388, , , , , , , 29.1589615, -0.0058747, , , , , , , 29.1589615, -0.0023499, , , , , , , 29.1589615, 0.0085603, , , , , , , , , , , , , , , , , , , , , , , , , , , , 
29.1594808, 0.0172885, , , , , , , 29.1594808, -0.0083925, , , , , , , 29.1594808, -0.0015106, , , , , , , 29.1594808, 0.0072175, , , , , , , , , , , , , , , , , , , , , , , , , , , , 
29.16, 0.0196384, , , , , , , 29.16, -0.0109102, , , , , , , 29.16, -0.0048676, , , , , , , 29.16, 0.0075532, , , , , , , , , , , , , , , , , , , , , , , , , , , , 
29.1605192, 0.0162814, , , , , , , 29.1605192, -0.0125887, , , , , , , 29.1605192, -0.0095674, , , , , , , 29.1605192, 0.0092317, , , , , , , , , , , , , , , , , , , , , , , , , , , , 
29.1610385, 0.0139315, , , , , , , 29.1610385, -0.0132601, , , , , , , 29.1610385, -0.0132601, , , , , , , 29.1610385, 0.0092317, , , , , , , , , , , , , , , , , , , , , , , , , , , , 
29.1615577, 0.0119173, , , , , , , 29.1615577, -0.0115816, , , , , , , 29.1615577, -0.01561, , , , , , , 29.1615577, 0.0062104, , , , , , , , , , , , , , , , , , , , , , , , , , , , 
29.1620769, 0.0139315, , , , , , , 29.1620769, -0.0090639, , , , , , , 29.1620769, -0.0176242, , , , , , , 29.1620769, 0.0058747, , , , , , , , , , , , , , , , , , , , , , , , , , , , 
29.1625962, 0.0146029, , , , , , , 29.1625962, -0.0077211, , , , , , , 29.1625962, -0.0203098, , , , , , , 29.1625962, 0.0078889, , , , , , , , , , , , , , , , , , , , , , , , , , , , 
29.1631154, 0.0132601, , , , , , , 29.1631154, -0.0075532, , , , , , , 29.1631154, -0.0236667, , , , , , , 29.1631154, 0.0112459, , , , , , , , , , , , , , , , , , , , , , , , , , , , 
29.1636346, 0.0139315, , , , , , , 29.1636346, -0.0063783, , , , , , , 29.1636346, -0.0250095, , , , , , , 29.1636346, 0.0119173, , , , , , , , , , , , , , , , , , , , , , , , , , , , 
29.1641538, 0.0112459, , , , , , , 29.1641538, -0.0052033, , , , , , , 29.1641538, -0.0270237, , , , , , , 29.1641538, 0.0105745, , , , , , , , , , , , , , , , , , , , , , , , , , , , 
29.1646731, 0.0109102, , , , , , , 29.1646731, -0.005539, , , , , , , 29.1646731, -0.026688, , , , , , , 29.1646731, 0.011078, , , , , , , , , , , , , , , , , , , , , , , , , , , , 
29.1651923, 0.0127565, , , , , , , 29.1651923, -0.0045319, , , , , , , 29.1651923, -0.0243381, , , , , , , 29.1651923, 0.0112459, , , , , , , , , , , , , , , , , , , , , , , , , , , , 
29.1657115, 0.0159457, , , , , , , 29.1657115, -0.0028534, , , , , , , 29.1657115, -0.0216526, , , , , , , 29.1657115, 0.0102388, , , , , , , , , , , , , , , , , , , , , , , , , , , , 
29.1662308, 0.0186313, , , , , , , 29.1662308, -0.0028534, , , , , , , 29.1662308, -0.0226596, , , , , , , 29.1662308, 0.0082246, , , , , , , , , , , , , , , , , , , , , , , , , , , , 
29.16675, 0.0216526, , , , , , , 29.16675, -0.005539, , , , , , , 29.16675, -0.0236667, , , , , , , 29.16675, 0.0048676, , , , , , , , , , , , , , , , , , , , , , , , , , , , 
29.1672692, 0.0226596, , , , , , , 29.1672692, -0.0052033, , , , , , , 29.1672692, -0.0240024, , , , , , , 29.1672692, 0.0041962, , , , , , , , , , , , , , , , , , , , , , , , , , , , 
29.1677885, 0.0219883, , , , , , , 29.1677885, -0.0053712, , , , , , , 29.1677885, -0.024506, , , , , , , 29.1677885, 0.0058747, , , , , , , , , , , , , , , , , , , , , , , , , , , , 
29.1683077, 0.0139315, , , , , , , 29.1683077, -0.0068818, , , , , , , 29.1683077, -0.0246738, , , , , , , 29.1683077, 0.0072175, , , , , , , , , , , , , , , , , , , , , , , , , , , , 
29.1688269, 0.0072175, , , , , , , 29.1688269, -0.0087282, , , , , , , 29.1688269, -0.0216526, , , , , , , 29.1688269, 0.0078889, , , , , , , , , , , , , , , , , , , , , , , , , , , , 
29.1693462, 0.0072175, , , , , , , 29.1693462, -0.0104067, , , , , , , 29.1693462, -0.0162814, , , , , , , 29.1693462, 0.0077211, , , , , , , , , , , , , , , , , , , , , , , , , , , , 
29.1698654, 0.0072175, , , , , , , 29.1698654, -0.0109102, , , , , , , 29.1698654, -0.012253, , , , , , , 29.1698654, 0.0092317, , , , , , , , , , , , , , , , , , , , , , , , , , , , 
29.1703846, 0.0078889, , , , , , , 29.1703846, -0.0090639, , , , , , , 29.1703846, -0.0085603, , , , , , , 29.1703846, 0.0109102, , , , , , , , , , , , , , , , , , , , , , , , , , , , 
29.1709038, 0.0112459, , , , , , , 29.1709038, -0.0058747, , , , , , , 29.1709038, -0.0062104, , , , , , , 29.1709038, 0.0115816, , , , , , , , , , , , , , , , , , , , , , , , , , , , 
29.1714231, 0.011078, , , , , , , 29.1714231, -0.0048676, , , , , , , 29.1714231, -0.0031891, , , , , , , 29.1714231, 0.0135958, , , , , , , , , , , , , , , , , , , , , , , , , , , , 
29.1719423, 0.0078889, , , , , , , 29.1719423, -0.0068818, , , , , , , 29.1719423, 0.0003357, , , , , , , 29.1719423, 0.0166171, , , , , , , , , , , , , , , , , , , , , , , , , , , , 
29.1724615, 0.0057069, , , , , , , 29.1724615, -0.0095674, , , , , , , 29.1724615, 0.0031891, , , , , , , 29.1724615, 0.0186313, , , , , , , , , , , , , , , , , , , , , , , , , , , , 
29.1729808, 0.0001678, , , , , , , 29.1729808, -0.0095674, , , , , , , 29.1729808, 0.0045319, , , , , , , 29.1729808, 0.0203098, , , , , , , , , , , , , , , , , , , , , , , , , , , , 
29.1735, -0.0015106, , , , , , , 29.1735, -0.0070497, , , , , , , 29.1735, 0.0041962, , , , , , , 29.1735, 0.0199741, , , , , , , , , , , , , , , , , , , , , , , , , , , , 
29.1740192, 0.0005035, , , , , , , 29.1740192, -0.0068818, , , , , , , 29.1740192, 0.0018463, , , , , , , 29.1740192, 0.0193027, , , , , , , , , , , , , , , , , , , , , , , , , , , , 
29.1745385, 0.0028534, , , , , , , 29.1745385, -0.0075532, , , , , , , 29.1745385, 0.0011749, , , , , , , 29.1745385, 0.0184634, , , , , , , , , , , , , , , , , , , , , , , , , , , , 
29.1750577, 0.0052033, , , , , , , 29.1750577, -0.0075532, , , , , , , 29.1750577, 0.0023499, , , , , , , 29.1750577, 0.0176242, , , , , , , , , , , , , , , , , , , , , , , , , , , , 
29.1755769, 0.0073854, , , , , , , 29.1755769, -0.0085603, , , , , , , 29.1755769, 0.0031891, , , , , , , 29.1755769, 0.0171206, , , , , , , , , , , , , , , , , , , , , , , , , , , , 
29.1760962, 0.0038605, , , , , , , 29.1760962, -0.0085603, , , , , , , 29.1760962, 0.0018463, , , , , , , 29.1760962, 0.0186313, , , , , , , , , , , , , , , , , , , , , , , , , , , , 
29.1766154, -0.0015106, , , , , , , 29.1766154, -0.008896, , , , , , , 29.1766154, -0.0001678, , , , , , , 29.1766154, 0.0193027, , , , , , , , , , , , , , , , , , , , , , , , , , , , 
29.1771346, -0.0025177, , , , , , , 29.1771346, -0.008896, , , , , , , 29.1771346, -0.0052033, , , , , , , 29.1771346, 0.0196384, , , , , , , , , , , , , , , , , , , , , , , , , , , , 
29.1776538, -0.0001678, , , , , , , 29.1776538, -0.0085603, , , , , , , 29.1776538, -0.0139315, , , , , , , 29.1776538, 0.018967, , , , , , , , , , , , , , , , , , , , , , , , , , , , 
29.1781731, 0.0028534, , , , , , , 29.1781731, -0.0075532, , , , , , , 29.1781731, -0.0196384, , , , , , , 29.1781731, 0.0172885, , , , , , , , , , , , , , , , , , , , , , , , , , , , 
29.1786923, 0.0043641, , , , , , , 29.1786923, -0.0082246, , , , , , , 29.1786923, -0.0162814, , , , , , , 29.1786923, 0.0169528, , , , , , , , , , , , , , , , , , , , , , , , , , , , 
29.1792115, 0.0065461, , , , , , , 29.1792115, -0.0083925, , , , , , , 29.1792115, -0.0072175, , , , , , , 29.1792115, 0.0182956, , , , , , , , , , , , , , , , , , , , , , , , , , , , 
29.1797308, 0.0104067, , , , , , , 29.1797308, -0.0083925, , , , , , , 29.1797308, -0.0045319, , , , , , , 29.1797308, 0.0179599, , , , , , , , , , , , , , , , , , , , , , , , , , , , 
29.18025, 0.0125887, , , , , , , 29.18025, -0.0095674, , , , , , , 29.18025, -0.0135958, , , , , , , 29.18025, 0.0142672, , , , , , , , , , , , , , , , , , , , , , , , , , , , 
29.1807692, 0.0159457, , , , , , , 29.1807692, -0.0099031, , , , , , , 29.1807692, -0.0193027, , , , , , , 29.1807692, 0.0139315, , , , , , , , , , , , , , , , , , , , , , , , , , , , 
29.1812885, 0.0199741, , , , , , , 29.1812885, -0.008896, , , , , , , 29.1812885, -0.0112459, , , , , , , 29.1812885, 0.0152743, , , , , , , , , , , , , , , , , , , , , , , , , , , , 
29.1818077, 0.0186313, , , , , , , 29.1818077, -0.0082246, , , , , , , 29.1818077, 0.0015106, , , , , , , 29.1818077, 0.0129244, , , , , , , , , , , , , , , , , , , , , , , , , , , , 
29.1823269, 0.0199741, , , , , , , 29.1823269, -0.0075532, , , , , , , 29.1823269, 0.0115816, , , , , , , 29.1823269, 0.0129244, , , , , , , , , , , , , , , , , , , , , , , , , , , , 
29.1828462, 0.0236667, , , , , , , 29.1828462, -0.005539, , , , , , , 29.1828462, 0.0146029, , , , , , , 29.1828462, 0.0129244, , , , , , , , , , , , , , , , , , , , , , , , , , , , 
29.1833654, 0.030045, , , , , , , 29.1833654, -0.005539, , , , , , , 29.1833654, 0.01561, , , , , , , 29.1833654, 0.011078, , , , , , , , , , , , , , , , , , , , , , , , , , , , 
29.1838846, 0.030045, , , , , , , 29.1838846, -0.0068818, , , , , , , 29.1838846, 0.0154421, , , , , , , 29.1838846, 0.0099031, , , , , , , , , , , , , , , , , , , , , , , , , , , , 
29.1844038, 0.026688, , , , , , , 29.1844038, -0.005539, , , , , , , 29.1844038, 0.012253, , , , , , , 29.1844038, 0.0092317, , , , , , , , , , , , , , , , , , , , , , , , , , , , 
29.1849231, 0.0297093, , , , , , , 29.1849231, -0.0041962, , , , , , , 29.1849231, 0.0045319, , , , , , , 29.1849231, 0.0105745, , , , , , , , , , , , , , , , , , , , , , , , , , , , 
29.1854423, 0.0340734, , , , , , , 29.1854423, -0.0058747, , , , , , , 29.1854423, -0.0035248, , , , , , , 29.1854423, 0.0109102, , , , , , , , , , , , , , , , , , , , , , , , , , , , 
29.1859615, 0.0317235, , , , , , , 29.1859615, -0.0070497, , , , , , , 29.1859615, -0.008896, , , , , , , 29.1859615, 0.0105745, , , , , , , , , , , , , , , , , , , , , , , , , , , , 
29.1864808, 0.0290379, , , , , , , 29.1864808, -0.0065461, , , , , , , 29.1864808, -0.0130922, , , , , , , 29.1864808, 0.0095674, , , , , , , , , , , , , , , , , , , , , , , , , , , , 
29.187, 0.0307164, , , , , , , 29.187, -0.0068818, , , , , , , 29.187, -0.0152743, , , , , , , 29.187, 0.0085603, , , , , , , , , , , , , , , , , , , , , , , , , , , , 
29.1875192, 0.0381018, , , , , , , 29.1875192, -0.0068818, , , , , , , 29.1875192, -0.0149386, , , , , , , 29.1875192, 0.0112459, , , , , , , , , , , , , , , , , , , , , , , , , , , , 
29.1880385, 0.0448157, , , , , , , 29.1880385, -0.0072175, , , , , , , 29.1880385, -0.0146029, , , , , , , 29.1880385, 0.0130922, , , , , , , , , , , , , , , , , , , , , , , , , , , , 
29.1885577, 0.0428016, , , , , , , 29.1885577, -0.0062104, , , , , , , 29.1885577, -0.0152743, , , , , , , 29.1885577, 0.0125887, , , , , , , , , , , , , , , , , , , , , , , , , , , , 
29.1890769, 0.0307164, , , , , , , 29.1890769, -0.0048676, , , , , , , 29.1890769, -0.014435, , , , , , , 29.1890769, 0.0115816, , , , , , , , , , , , , , , , , , , , , , , , , , , , 
29.1895962, 0.021149, , , , , , , 29.1895962, -0.0068818, , , , , , , 29.1895962, -0.0152743, , , , , , , 29.1895962, 0.0130922, , , , , , , , , , , , , , , , , , , , , , , , , , , , 
29.1901154, 0.0176242, , , , , , , 29.1901154, -0.008896, , , , , , , 29.1901154, -0.01561, , , , , , , 29.1901154, 0.0135958, , , , , , , , , , , , , , , , , , , , , , , , , , , , 
29.1906346, 0.0159457, , , , , , , 29.1906346, -0.0065461, , , , , , , 29.1906346, -0.0137636, , , , , , , 29.1906346, 0.0119173, , , , , , , , , , , , , , , , , , , , , , , , , , , , 
29.1911538, 0.0166171, , , , , , , 29.1911538, -0.0043641, , , , , , , 29.1911538, -0.0105745, , , , , , , 29.1911538, 0.0105745, , , , , , , , , , , , , , , , , , , , , , , , , , , , 
29.1916731, 0.0193027, , , , , , , 29.1916731, -0.0058747, , , , , , , 29.1916731, -0.0105745, , , , , , , 29.1916731, 0.0099031, , , , , , , , , , , , , , , , , , , , , , , , , , , , 
29.1921923, 0.0199741, , , , , , , 29.1921923, -0.0065461, , , , , , , 29.1921923, -0.0159457, , , , , , , 29.1921923, 0.0099031, , , , , , , , , , , , , , , , , , , , , , , , , , , , 
29.1927115, 0.0213169, , , , , , , 29.1927115, -0.0070497, , , , , , , 29.1927115, -0.0193027, , , , , , , 29.1927115, 0.0104067, , , , , , , , , , , , , , , , , , , , , , , , , , , , 
29.1932308, 0.023331, , , , , , , 29.1932308, -0.0078889, , , , , , , 29.1932308, -0.0176242, , , , , , , 29.1932308, 0.0115816, , , , , , , , , , , , , , , , , , , , , , , , , , , , 
29.19375, 0.0213169, , , , , , , 29.19375, -0.0078889, , , , , , , 29.19375, -0.0130922, , , , , , , 29.19375, 0.0154421, , , , , , , , , , , , , , , , , , , , , , , , , , , , 
29.1942692, 0.0115816, , , , , , , 29.1942692, -0.0068818, , , , , , , 29.1942692, -0.0060426, , , , , , , 29.1942692, 0.0193027, , , , , , , , , , , , , , , , , , , , , , , , , , , , 
29.1947885, 0.0005035, , , , , , , 29.1947885, -0.0052033, , , , , , , 29.1947885, 0.003357, , , , , , , 29.1947885, 0.0179599, , , , , , , , , , , , , , , , , , , , , , , , , , , , 
29.1953077, -0.0078889, , , , , , , 29.1953077, -0.005539, , , , , , , 29.1953077, 0.0078889, , , , , , , 29.1953077, 0.01561, , , , , , , , , , , , , , , , , , , , , , , , , , , , 
29.1958269, -0.0092317, , , , , , , 29.1958269, -0.0068818, , , , , , , 29.1958269, 0.0072175, , , , , , , 29.1958269, 0.0152743, , , , , , , , , , , , , , , , , , , , , , , , , , , , 
29.1963462, -0.0052033, , , , , , , 29.1963462, -0.0062104, , , , , , , 29.1963462, 0.0038605, , , , , , , 29.1963462, 0.0146029, , , , , , , , , , , , , , , , , , , , , , , , , , , , 
29.1968654, -0.002182, , , , , , , 29.1968654, -0.0045319, , , , , , , 29.1968654, -0.0006714, , , , , , , 29.1968654, 0.012253, , , , , , , , , , , , , , , , , , , , , , , , , , , , 
29.1973846, -0.005539, , , , , , , 29.1973846, -0.0035248, , , , , , , 29.1973846, -0.0045319, , , , , , , 29.1973846, 0.0099031, , , , , , , , , , , , , , , , , , , , , , , , , , , , 
29.1979038, -0.005539, , , , , , , 29.1979038, -0.0060426, , , , , , , 29.1979038, -0.0095674, , , , , , , 29.1979038, 0.0065461, , , , , , , , , , , , , , , , , , , , , , , , , , , , 
29.1984231, 0.0005035, , , , , , , 29.1984231, -0.0085603, , , , , , , 29.1984231, -0.0137636, , , , , , , 29.1984231, 0.0045319, , , , , , , , , , , , , , , , , , , , , , , , , , , , 
29.1989423, 0.0092317, , , , , , , 29.1989423, -0.0092317, , , , , , , 29.1989423, -0.0176242, , , , , , , 29.1989423, 0.0062104, , , , , , , , , , , , , , , , , , , , , , , , , , , , 
29.1994615, 0.0119173, , , , , , , 29.1994615, -0.0095674, , , , , , , 29.1994615, -0.0226596, , , , , , , 29.1994615, 0.0082246, , , , , , , , , , , , , , , , , , , , , , , , , , , , 
29.1999808, 0.0139315, , , , , , , 29.1999808, -0.0082246, , , , , , , 29.1999808, -0.0270237, , , , , , , 29.1999808, 0.0078889, , , , , , , , , , , , , , , , , , , , , , , , , , , , 
29.2005, 0.0139315, , , , , , , 29.2005, -0.008896, , , , , , , 29.2005, -0.0263523, , , , , , , 29.2005, 0.0082246, , , , , , , , , , , , , , , , , , , , , , , , , , , , 
29.2010192, 0.0182956, , , , , , , 29.2010192, -0.0099031, , , , , , , 29.2010192, -0.0240024, , , , , , , 29.2010192, 0.0112459, , , , , , , , , , , , , , , , , , , , , , , , , , , , 
29.2015385, 0.0256809, , , , , , , 29.2015385, -0.0095674, , , , , , , 29.2015385, -0.0223239, , , , , , , 29.2015385, 0.0152743, , , , , , , , , , , , , , , , , , , , , , , , , , , , 
29.2020577, 0.0273594, , , , , , , 29.2020577, -0.0085603, , , , , , , 29.2020577, -0.0196384, , , , , , , 29.2020577, 0.014435, , , , , , , , , , , , , , , , , , , , , , , , , , , , 
29.2025769, 0.0240024, , , , , , , 29.2025769, -0.0078889, , , , , , , 29.2025769, -0.0142672, , , , , , , 29.2025769, 0.0119173, , , , , , , , , , , , , , , , , , , , , , , , , , , , 
29.2030962, 0.0193027, , , , , , , 29.2030962, -0.0075532, , , , , , , 29.2030962, -0.0095674, , , , , , , 29.2030962, 0.0112459, , , , , , , , , , , , , , , , , , , , , , , , , , , , 
29.2036154, 0.017792, , , , , , , 29.2036154, -0.0082246, , , , , , , 29.2036154, -0.0068818, , , , , , , 29.2036154, 0.0125887, , , , , , , , , , , , , , , , , , , , , , , , , , , , 
29.2041346, 0.0176242, , , , , , , 29.2041346, -0.0078889, , , , , , , 29.2041346, -0.0048676, , , , , , , 29.2041346, 0.0142672, , , , , , , , , , , , , , , , , , , , , , , , , , , , 
29.2046538, 0.0196384, , , , , , , 29.2046538, -0.0068818, , , , , , , 29.2046538, -0.0035248, , , , , , , 29.2046538, 0.0132601, , , , , , , , , , , , , , , , , , , , , , , , , , , , 
29.2051731, 0.021149, , , , , , , 29.2051731, -0.0052033, , , , , , , 29.2051731, -0.0052033, , , , , , , 29.2051731, 0.0102388, , , , , , , , , , , , , , , , , , , , , , , , , , , , 
29.2056923, 0.0191348, , , , , , , 29.2056923, -0.0035248, , , , , , , 29.2056923, -0.0085603, , , , , , , 29.2056923, 0.0065461, , , , , , , , , , , , , , , , , , , , , , , , , , , , 
29.2062115, 0.0142672, , , , , , , 29.2062115, -0.0035248, , , , , , , 29.2062115, -0.008896, , , , , , , 29.2062115, 0.0092317, , , , , , , , , , , , , , , , , , , , , , , , , , , , 
29.2067308, 0.0109102, , , , , , , 29.2067308, -0.005539, , , , , , , 29.2067308, -0.0068818, , , , , , , 29.2067308, 0.0125887, , , , , , , , , , , , , , , , , , , , , , , , , , , , 
29.20725, 0.0146029, , , , , , , 29.20725, -0.0072175, , , , , , , 29.20725, -0.0068818, , , , , , , 29.20725, 0.0142672, , , , , , , , , , , , , , , , , , , , , , , , , , , , 
29.2077692, 0.0213169, , , , , , , 29.2077692, -0.0072175, , , , , , , 29.2077692, -0.0077211, , , , , , , 29.2077692, 0.0132601, , , , , , , , , , , , , , , , , , , , , , , , , , , , 
29.2082885, 0.0240024, , , , , , , 29.2082885, -0.0072175, , , , , , , 29.2082885, -0.0082246, , , , , , , 29.2082885, 0.0124208, , , , , , , , , , , , , , , , , , , , , , , , , , , , 
29.2088077, 0.0149386, , , , , , , 29.2088077, -0.0068818, , , , , , , 29.2088077, -0.0149386, , , , , , , 29.2088077, 0.0132601, , , , , , , , , , , , , , , , , , , , , , , , , , , , 
29.2093269, 0.0062104, , , , , , , 29.2093269, -0.0082246, , , , , , , 29.2093269, -0.0260166, , , , , , , 29.2093269, 0.0139315, , , , , , , , , , , , , , , , , , , , , , , , , , , , 
29.2098462, 0.0025177, , , , , , , 29.2098462, -0.0095674, , , , , , , 29.2098462, -0.0323949, , , , , , , 29.2098462, 0.0119173, , , , , , , , , , , , , , , , , , , , , , , , , , , , 
29.2103654, -0.0003357, , , , , , , 29.2103654, -0.008896, , , , , , , 29.2103654, -0.0305486, , , , , , , 29.2103654, 0.0105745, , , , , , , , , , , , , , , , , , , , , , , , , , , , 
29.2108846, -0.0015106, , , , , , , 29.2108846, -0.0082246, , , , , , , 29.2108846, -0.0223239, , , , , , , 29.2108846, 0.0109102, , , , , , , , , , , , , , , , , , , , , , , , , , , , 
29.2114038, -0.0028534, , , , , , , 29.2114038, -0.0085603, , , , , , , 29.2114038, -0.0119173, , , , , , , 29.2114038, 0.0125887, , , , , , , , , , , , , , , , , , , , , , , , , , , , 
29.2119231, -0.0058747, , , , , , , 29.2119231, -0.0095674, , , , , , , 29.2119231, -0.0015106, , , , , , , 29.2119231, 0.0159457, , , , , , , , , , , , , , , , , , , , , , , , , , , , 
29.2124423, -0.005539, , , , , , , 29.2124423, -0.0102388, , , , , , , 29.2124423, 0.0072175, , , , , , , 29.2124423, 0.0179599, , , , , , , , , , , , , , , , , , , , , , , , , , , , 
29.2129615, -0.0025177, , , , , , , 29.2129615, -0.0099031, , , , , , , 29.2129615, 0.0139315, , , , , , , 29.2129615, 0.0199741, , , , , , , , , , , , , , , , , , , , , , , , , , , , 
29.2134808, -0.0015106, , , , , , , 29.2134808, -0.0085603, , , , , , , 29.2134808, 0.0196384, , , , , , , 29.2134808, 0.018967, , , , , , , , , , , , , , , , , , , , , , , , , , , , 
29.214, -0.0016785, , , , , , , 29.214, -0.0082246, , , , , , , 29.214, 0.0218204, , , , , , , 29.214, 0.0169528, , , , , , , , , , , , , , , , , , , , , , , , , , , , 
29.2145192, -0.0018463, , , , , , , 29.2145192, -0.0078889, , , , , , , 29.2145192, 0.0203098, , , , , , , 29.2145192, 0.0166171, , , , , , , , , , , , , , , , , , , , , , , , , , , , 
29.2150385, 0.0005035, , , , , , , 29.2150385, -0.0075532, , , , , , , 29.2150385, 0.0169528, , , , , , , 29.2150385, 0.0169528, , , , , , , , , , , , , , , , , , , , , , , , , , , , 
29.2155577, 0.0052033, , , , , , , 29.2155577, -0.0109102, , , , , , , 29.2155577, 0.012253, , , , , , , 29.2155577, 0.0152743, , , , , , , , , , , , , , , , , , , , , , , , , , , , 
29.2160769, 0.0112459, , , , , , , 29.2160769, -0.0137636, , , , , , , 29.2160769, 0.0085603, , , , , , , 29.2160769, 0.0152743, , , , , , , , , , , , , , , , , , , , , , , , , , , , 
29.2165962, 0.0132601, , , , , , , 29.2165962, -0.0135958, , , , , , , 29.2165962, 0.0058747, , , , , , , 29.2165962, 0.01561, , , , , , , , , , , , , , , , , , , , , , , , , , , , 
29.2171154, 0.0125887, , , , , , , 29.2171154, -0.012253, , , , , , , 29.2171154, 0.0028534, , , , , , , 29.2171154, 0.0129244, , , , , , , , , , , , , , , , , , , , , , , , , , , , 
29.2176346, 0.0104067, , , , , , , 29.2176346, -0.010071, , , , , , , 29.2176346, 0.0015106, , , , , , , 29.2176346, 0.0112459, , , , , , , , , , , , , , , , , , , , , , , , , , , , 
29.2181538, 0.0082246, , , , , , , 29.2181538, -0.0083925, , , , , , , 29.2181538, 0.0015106, , , , , , , 29.2181538, 0.0099031, , , , , , , , , , , , , , , , , , , , , , , , , , , , 
29.2186731, 0.0072175, , , , , , , 29.2186731, -0.0078889, , , , , , , 29.2186731, 0.0010071, , , , , , , 29.2186731, 0.0077211, , , , , , , , , , , , , , , , , , , , , , , , , , , , 
29.2191923, 0.0099031, , , , , , , 29.2191923, -0.0063783, , , , , , , 29.2191923, 0.0011749, , , , , , , 29.2191923, 0.0068818, , , , , , , , , , , , , , , , , , , , , , , , , , , , 
29.2197115, 0.0115816, , , , , , , 29.2197115, -0.0045319, , , , , , , 29.2197115, -0.0011749, , , , , , , 29.2197115, 0.0092317, , , , , , , , , , , , , , , , , , , , , , , , , , , , 
29.2202308, 0.0099031, , , , , , , 29.2202308, -0.0038605, , , , , , , 29.2202308, -0.0041962, , , , , , , 29.2202308, 0.0104067, , , , , , , , , , , , , , , , , , , , , , , , , , , , 
29.22075, 0.0092317, , , , , , , 29.22075, -0.0048676, , , , , , , 29.22075, -0.0072175, , , , , , , 29.22075, 0.0102388, , , , , , , , , , , , , , , , , , , , , , , , , , , , 
29.2212692, 0.0092317, , , , , , , 29.2212692, -0.0068818, , , , , , , 29.2212692, -0.0117494, , , , , , , 29.2212692, 0.0112459, , , , , , , , , , , , , , , , , , , , , , , , , , , , 
29.2217885, 0.012253, , , , , , , 29.2217885, -0.0082246, , , , , , , 29.2217885, -0.0151064, , , , , , , 29.2217885, 0.0109102, , , , , , , , , , , , , , , , , , , , , , , , , , , , 
29.2223077, 0.0107424, , , , , , , 29.2223077, -0.0077211, , , , , , , 29.2223077, -0.0186313, , , , , , , 29.2223077, 0.0099031, , , , , , , , , , , , , , , , , , , , , , , , , , , , 
29.2228269, 0.0090639, , , , , , , 29.2228269, -0.0062104, , , , , , , 29.2228269, -0.0196384, , , , , , , 29.2228269, 0.0078889, , , , , , , , , , , , , , , , , , , , , , , , , , , , 
29.2233462, 0.0129244, , , , , , , 29.2233462, -0.0045319, , , , , , , 29.2233462, -0.0209812, , , , , , , 29.2233462, 0.0077211, , , , , , , , , , , , , , , , , , , , , , , , , , , , 
29.2238654, 0.0159457, , , , , , , 29.2238654, -0.005539, , , , , , , 29.2238654, -0.030045, , , , , , , 29.2238654, 0.0095674, , , , , , , , , , , , , , , , , , , , , , , , , , , , 
29.2243846, 0.0166171, , , , , , , 29.2243846, -0.0060426, , , , , , , 29.2243846, -0.0411231, , , , , , , 29.2243846, 0.0105745, , , , , , , , , , , , , , , , , , , , , , , , , , , , 
29.2249038, 0.0209812, , , , , , , 29.2249038, -0.0058747, , , , , , , 29.2249038, -0.0424659, , , , , , , 29.2249038, 0.0085603, , , , , , , , , , , , , , , , , , , , , , , , , , , , 
29.2254231, 0.0250095, , , , , , , 29.2254231, -0.0075532, , , , , , , 29.2254231, -0.0391089, , , , , , , 29.2254231, 0.0075532, , , , , , , , , , , , , , , , , , , , , , , , , , , , 
29.2259423, 0.0246738, , , , , , , 29.2259423, -0.008896, , , , , , , 29.2259423, -0.0350805, , , , , , , 29.2259423, 0.0065461, , , , , , , , , , , , , , , , , , , , , , , , , , , , 
29.2264615, 0.0226596, , , , , , , 29.2264615, -0.0085603, , , , , , , 29.2264615, -0.0287022, , , , , , , 29.2264615, 0.005539, , , , , , , , , , , , , , , , , , , , , , , , , , , , 
29.2269808, 0.023331, , , , , , , 29.2269808, -0.0082246, , , , , , , 29.2269808, -0.01561, , , , , , , 29.2269808, 0.0045319, , , , , , , , , , , , , , , , , , , , , , , , , , , , 
29.2275, 0.0226596, , , , , , , 29.2275, -0.0092317, , , , , , , 29.2275, -0.0018463, , , , , , , 29.2275, 0.0045319, , , , , , , , , , , , , , , , , , , , , , , , , , , , 
29.2280192, 0.0199741, , , , , , , 29.2280192, -0.008896, , , , , , , 29.2280192, 0.0058747, , , , , , , 29.2280192, 0.0045319, , , , , , , , , , , , , , , , , , , , , , , , , , , , 
29.2285385, 0.0166171, , , , , , , 29.2285385, -0.0082246, , , , , , , 29.2285385, 0.0092317, , , , , , , 29.2285385, 0.0050355, , , , , , , , , , , , , , , , , , , , , , , , , , , , 
29.2290577, 0.0179599, , , , , , , 29.2290577, -0.0082246, , , , , , , 29.2290577, 0.0099031, , , , , , , 29.2290577, 0.0078889, , , , , , , , , , , , , , , , , , , , , , , , , , , , 
29.2295769, 0.0203098, , , , , , , 29.2295769, -0.0068818, , , , , , , 29.2295769, 0.005539, , , , , , , 29.2295769, 0.0105745, , , , , , , , , , , , , , , , , , , , , , , , , , , , 
29.2300962, 0.0199741, , , , , , , 29.2300962, -0.0072175, , , , , , , 29.2300962, -0.0015106, , , , , , , 29.2300962, 0.0127565, , , , , , , , , , , , , , , , , , , , , , , , , , , , 
29.2306154, 0.0226596, , , , , , , 29.2306154, -0.0099031, , , , , , , 29.2306154, -0.0065461, , , , , , , 29.2306154, 0.0140993, , , , , , , , , , , , , , , , , , , , , , , , , , , , 
29.2311346, 0.0206455, , , , , , , 29.2311346, -0.0104067, , , , , , , 29.2311346, -0.008896, , , , , , , 29.2311346, 0.0142672, , , , , , , , , , , , , , , , , , , , , , , , , , , , 
29.2316538, 0.0149386, , , , , , , 29.2316538, -0.0104067, , , , , , , 29.2316538, -0.0087282, , , , , , , 29.2316538, 0.0132601, , , , , , , , , , , , , , , , , , , , , , , , , , , , 
29.2321731, 0.0115816, , , , , , , 29.2321731, -0.0102388, , , , , , , 29.2321731, -0.0099031, , , , , , , 29.2321731, 0.0142672, , , , , , , , , , , , , , , , , , , , , , , , , , , , 
29.2326923, 0.0166171, , , , , , , 29.2326923, -0.0085603, , , , , , , 29.2326923, -0.0119173, , , , , , , 29.2326923, 0.0146029, , , , , , , , , , , , , , , , , , , , , , , , , , , , 
29.2332115, 0.0219883, , , , , , , 29.2332115, -0.0087282, , , , , , , 29.2332115, -0.0129244, , , , , , , 29.2332115, 0.0146029, , , , , , , , , , , , , , , , , , , , , , , , , , , , 
29.2337308, 0.0209812, , , , , , , 29.2337308, -0.0109102, , , , , , , 29.2337308, -0.0109102, , , , , , , 29.2337308, 0.0151064, , , , , , , , , , , , , , , , , , , , , , , , , , , , 
29.23425, 0.0171206, , , , , , , 29.23425, -0.0109102, , , , , , , 29.23425, -0.0082246, , , , , , , 29.23425, 0.0166171, , , , , , , , , , , , , , , , , , , , , , , , , , , , 
29.2347692, 0.0135958, , , , , , , 29.2347692, -0.0115816, , , , , , , 29.2347692, -0.0070497, , , , , , , 29.2347692, 0.0166171, , , , , , , , , , , , , , , , , , , , , , , , , , , , 
29.2352885, 0.0149386, , , , , , , 29.2352885, -0.0119173, , , , , , , 29.2352885, -0.0082246, , , , , , , 29.2352885, 0.01561, , , , , , , , , , , , , , , , , , , , , , , , , , , , 
29.2358077, 0.0146029, , , , , , , 29.2358077, -0.0109102, , , , , , , 29.2358077, -0.0099031, , , , , , , 29.2358077, 0.0162814, , , , , , , , , , , , , , , , , , , , , , , , , , , , 
29.2363269, 0.0176242, , , , , , , 29.2363269, -0.0115816, , , , , , , 29.2363269, -0.0109102, , , , , , , 29.2363269, 0.0179599, , , , , , , , , , , , , , , , , , , , , , , , , , , , 
29.2368462, 0.0199741, , , , , , , 29.2368462, -0.0115816, , , , , , , 29.2368462, -0.0095674, , , , , , , 29.2368462, 0.0182956, , , , , , , , , , , , , , , , , , , , , , , , , , , , 
29.2373654, 0.0216526, , , , , , , 29.2373654, -0.0099031, , , , , , , 29.2373654, -0.0075532, , , , , , , 29.2373654, 0.0182956, , , , , , , , , , , , , , , , , , , , , , , , , , , , 
29.2378846, 0.0193027, , , , , , , 29.2378846, -0.0075532, , , , , , , 29.2378846, -0.0043641, , , , , , , 29.2378846, 0.0203098, , , , , , , , , , , , , , , , , , , , , , , , , , , , 
29.2384038, 0.0092317, , , , , , , 29.2384038, -0.0065461, , , , , , , 29.2384038, -0.0041962, , , , , , , 29.2384038, 0.0174563, , , , , , , , , , , , , , , , , , , , , , , , , , , , 
29.2389231, 0.0028534, , , , , , , 29.2389231, -0.0068818, , , , , , , 29.2389231, -0.0068818, , , , , , , 29.2389231, 0.0142672, , , , , , , , , , , , , , , , , , , , , , , , , , , , 
29.2394423, 0.0058747, , , , , , , 29.2394423, -0.0072175, , , , , , , 29.2394423, -0.0077211, , , , , , , 29.2394423, 0.0127565, , , , , , , , , , , , , , , , , , , , , , , , , , , , 
29.2399615, 0.0092317, , , , , , , 29.2399615, -0.0072175, , , , , , , 29.2399615, -0.0082246, , , , , , , 29.2399615, 0.0112459, , , , , , , , , , , , , , , , , , , , , , , , , , , , 
29.2404808, 0.0050355, , , , , , , 29.2404808, -0.0062104, , , , , , , 29.2404808, -0.0109102, , , , , , , 29.2404808, 0.0099031, , , , , , , , , , , , , , , , , , , , , , , , , , , , 
29.241, -0.0030213, , , , , , , 29.241, -0.0052033, , , , , , , 29.241, -0.014435, , , , , , , 29.241, 0.0085603, , , , , , , , , , , , , , , , , , , , , , , , , , , , 
29.2415192, -0.0052033, , , , , , , 29.2415192, -0.0045319, , , , , , , 29.2415192, -0.0152743, , , , , , , 29.2415192, 0.008896, , , , , , , , , , , , , , , , , , , , , , , , , , , , 
29.2420385, -0.0001678, , , , , , , 29.2420385, -0.0048676, , , , , , , 29.2420385, -0.0124208, , , , , , , 29.2420385, 0.0099031, , , , , , , , , , , , , , , , , , , , , , , , , , , , 
29.2425577, 0.0092317, , , , , , , 29.2425577, -0.0041962, , , , , , , 29.2425577, -0.0095674, , , , , , , 29.2425577, 0.0115816, , , , , , , , , , , , , , , , , , , , , , , , , , , , 
29.2430769, 0.0169528, , , , , , , 29.2430769, -0.0030213, , , , , , , 29.2430769, -0.0082246, , , , , , , 29.2430769, 0.0117494, , , , , , , , , , , , , , , , , , , , , , , , , , , , 
29.2435962, 0.0236667, , , , , , , 29.2435962, -0.0025177, , , , , , , 29.2435962, -0.0075532, , , , , , , 29.2435962, 0.0112459, , , , , , , , , , , , , , , , , , , , , , , , , , , , 
29.2441154, 0.033402, , , , , , , 29.2441154, -0.0038605, , , , , , , 29.2441154, -0.0060426, , , , , , , 29.2441154, 0.0092317, , , , , , , , , , , , , , , , , , , , , , , , , , , , 
29.2446346, 0.0438087, , , , , , , 29.2446346, -0.005539, , , , , , , 29.2446346, -0.0041962, , , , , , , 29.2446346, 0.0078889, , , , , , , , , , , , , , , , , , , , , , , , , , , , 
29.2451538, 0.0552224, , , , , , , 29.2451538, -0.0075532, , , , , , , 29.2451538, -0.0018463, , , , , , , 29.2451538, 0.0072175, , , , , , , , , , , , , , , , , , , , , , , , , , , , 
29.2456731, 0.0639506, , , , , , , 29.2456731, -0.0082246, , , , , , , 29.2456731, -0.0015106, , , , , , , 29.2456731, 0.0063783, , , , , , , , , , , , , , , , , , , , , , , , , , , , 
29.2461923, 0.0622721, , , , , , , 29.2461923, -0.0072175, , , , , , , 29.2461923, -0.0028534, , , , , , , 29.2461923, 0.0065461, , , , , , , , , , , , , , , , , , , , , , , , , , , , 
29.2467115, 0.0522011, , , , , , , 29.2467115, -0.0082246, , , , , , , 29.2467115, -0.0062104, , , , , , , 29.2467115, 0.0072175, , , , , , , , , , , , , , , , , , , , , , , , , , , , 
29.2472308, 0.04448, , , , , , , 29.2472308, -0.0095674, , , , , , , 29.2472308, -0.0075532, , , , , , , 29.2472308, 0.0075532, , , , , , , , , , , , , , , , , , , , , , , , , , , , 
29.24775, 0.0414588, , , , , , , 29.24775, -0.0092317, , , , , , , 29.24775, -0.005539, , , , , , , 29.24775, 0.0058747, , , , , , , , , , , , , , , , , , , , , , , , , , , , 
29.2482692, 0.0399481, , , , , , , 29.2482692, -0.0082246, , , , , , , 29.2482692, -0.0038605, , , , , , , 29.2482692, 0.0048676, , , , , , , , , , , , , , , , , , , , , , , , , , , , 
29.2487885, 0.0347448, , , , , , , 29.2487885, -0.0072175, , , , , , , 29.2487885, -0.0041962, , , , , , , 29.2487885, 0.0070497, , , , , , , , , , , , , , , , , , , , , , , , , , , , 
29.2493077, 0.026688, , , , , , , 29.2493077, -0.0082246, , , , , , , 29.2493077, -0.0063783, , , , , , , 29.2493077, 0.0104067, , , , , , , , , , , , , , , , , , , , , , , , , , , , 
29.2498269, 0.0193027, , , , , , , 29.2498269, -0.0092317, , , , , , , 29.2498269, -0.0087282, , , , , , , 29.2498269, 0.0134279, , , , , , , , , , , , , , , , , , , , , , , , , , , , 
29.2503462, 0.0115816, , , , , , , 29.2503462, -0.0082246, , , , , , , 29.2503462, -0.0082246, , , , , , , 29.2503462, 0.0142672, , , , , , , , , , , , , , , , , , , , , , , , , , , , 
29.2508654, 0.0058747, , , , , , , 29.2508654, -0.0068818, , , , , , , 29.2508654, -0.0057069, , , , , , , 29.2508654, 0.0162814, , , , , , , , , , , , , , , , , , , , , , , , , , , , 
29.2513846, -0.0015106, , , , , , , 29.2513846, -0.0065461, , , , , , , 29.2513846, -0.005539, , , , , , , 29.2513846, 0.0186313, , , , , , , , , , , , , , , , , , , , , , , , , , , , 
29.2519038, -0.0092317, , , , , , , 29.2519038, -0.0087282, , , , , , , 29.2519038, -0.0057069, , , , , , , 29.2519038, 0.0179599, , , , , , , , , , , , , , , , , , , , , , , , , , , , 
29.2524231, -0.0109102, , , , , , , 29.2524231, -0.0102388, , , , , , , 29.2524231, -0.0035248, , , , , , , 29.2524231, 0.0166171, , , , , , , , , , , , , , , , , , , , , , , , , , , , 
29.2529423, -0.0109102, , , , , , , 29.2529423, -0.008896, , , , , , , 29.2529423, -0.0018463, , , , , , , 29.2529423, 0.0186313, , , , , , , , , , , , , , , , , , , , , , , , , , , , 
29.2534615, -0.0082246, , , , , , , 29.2534615, -0.0072175, , , , , , , 29.2534615, -0.0018463, , , , , , , 29.2534615, 0.0221561, , , , , , , , , , , , , , , , , , , , , , , , , , , , 
29.2539808, -0.0006714, , , , , , , 29.2539808, -0.0070497, , , , , , , 29.2539808, -0.0031891, , , , , , , 29.2539808, 0.0253452, , , , , , , , , , , , , , , , , , , , , , , , , , , , 
29.2545, 0.0025177, , , , , , , 29.2545, -0.0082246, , , , , , , 29.2545, -0.0038605, , , , , , , 29.2545, 0.0260166, , , , , , , , , , , , , , , , , , , , , , , , , , , , 
29.2550192, -0.0005035, , , , , , , 29.2550192, -0.0105745, , , , , , , 29.2550192, -0.0031891, , , , , , , 29.2550192, 0.0229953, , , , , , , , , , , , , , , , , , , , , , , , , , , , 
29.2555385, -0.0015106, , , , , , , 29.2555385, -0.0104067, , , , , , , 29.2555385, -0.002182, , , , , , , 29.2555385, 0.0204776, , , , , , , , , , , , , , , , , , , , , , , , , , , , 
29.2560577, 0.0010071, , , , , , , 29.2560577, -0.0082246, , , , , , , 29.2560577, -0.0035248, , , , , , , 29.2560577, 0.0172885, , , , , , , , , , , , , , , , , , , , , , , , , , , , 
29.2565769, 0.0025177, , , , , , , 29.2565769, -0.0082246, , , , , , , 29.2565769, -0.0062104, , , , , , , 29.2565769, 0.0139315, , , , , , , , , , , , , , , , , , , , , , , , , , , , 
29.2570962, 0.0025177, , , , , , , 29.2570962, -0.0087282, , , , , , , 29.2570962, -0.0058747, , , , , , , 29.2570962, 0.0130922, , , , , , , , , , , , , , , , , , , , , , , , , , , , 
29.2576154, 0.0015106, , , , , , , 29.2576154, -0.008896, , , , , , , 29.2576154, -0.005539, , , , , , , 29.2576154, 0.0124208, , , , , , , , , , , , , , , , , , , , , , , , , , , , 
29.2581346, 0.002182, , , , , , , 29.2581346, -0.008896, , , , , , , 29.2581346, -0.0048676, , , , , , , 29.2581346, 0.012253, , , , , , , , , , , , , , , , , , , , , , , , , , , , 
29.2586538, 0.0078889, , , , , , , 29.2586538, -0.0083925, , , , , , , 29.2586538, -0.0041962, , , , , , , 29.2586538, 0.0117494, , , , , , , , , , , , , , , , , , , , , , , , , , , , 
29.2591731, 0.0095674, , , , , , , 29.2591731, -0.0068818, , , , , , , 29.2591731, -0.0045319, , , , , , , 29.2591731, 0.0125887, , , , , , , , , , , , , , , , , , , , , , , , , , , , 
29.2596923, 0.0015106, , , , , , , 29.2596923, -0.0043641, , , , , , , 29.2596923, -0.0065461, , , , , , , 29.2596923, 0.0151064, , , , , , , , , , , , , , , , , , , , , , , , , , , , 
29.2602115, -0.0068818, , , , , , , 29.2602115, -0.0025177, , , , , , , 29.2602115, -0.005539, , , , , , , 29.2602115, 0.0176242, , , , , , , , , , , , , , , , , , , , , , , , , , , , 
29.2607308, -0.0068818, , , , , , , 29.2607308, -0.0010071, , , , , , , 29.2607308, -0.002182, , , , , , , 29.2607308, 0.0162814, , , , , , , , , , , , , , , , , , , , , , , , , , , , 
29.26125, -0.0015106, , , , , , , 29.26125, -0.0015106, , , , , , , 29.26125, -0.0025177, , , , , , , 29.26125, 0.0135958, , , , , , , , , , , , , , , , , , , , , , , , , , , , 
29.2617692, 0.0016785, , , , , , , 29.2617692, -0.0023499, , , , , , , 29.2617692, -0.0038605, , , , , , , 29.2617692, 0.0139315, , , , , , , , , , , , , , , , , , , , , , , , , , , , 
29.2622885, -0.0001678, , , , , , , 29.2622885, -0.005539, , , , , , , 29.2622885, -0.0041962, , , , , , , 29.2622885, 0.0119173, , , , , , , , , , , , , , , , , , , , , , , , , , , , 
29.2628077, -0.0048676, , , , , , , 29.2628077, -0.0085603, , , , , , , 29.2628077, -0.0035248, , , , , , , 29.2628077, 0.008896, , , , , , , , , , , , , , , , , , , , , , , , , , , , 
29.2633269, -0.0025177, , , , , , , 29.2633269, -0.0099031, , , , , , , 29.2633269, -0.0028534, , , , , , , 29.2633269, 0.0075532, , , , , , , , , , , , , , , , , , , , , , , , , , , , 
29.2638462, 0.0052033, , , , , , , 29.2638462, -0.0095674, , , , , , , 29.2638462, -0.0030213, , , , , , , 29.2638462, 0.0092317, , , , , , , , , , , , , , , , , , , , , , , , , , , , 
29.2643654, 0.008896, , , , , , , 29.2643654, -0.0090639, , , , , , , 29.2643654, -0.0048676, , , , , , , 29.2643654, 0.0119173, , , , , , , , , , , , , , , , , , , , , , , , , , , , 
29.2648846, 0.0142672, , , , , , , 29.2648846, -0.0062104, , , , , , , 29.2648846, -0.0085603, , , , , , , 29.2648846, 0.0137636, , , , , , , , , , , , , , , , , , , , , , , , , , , , 
29.2654038, 0.0179599, , , , , , , 29.2654038, -0.0035248, , , , , , , 29.2654038, -0.0112459, , , , , , , 29.2654038, 0.0119173, , , , , , , , , , , , , , , , , , , , , , , , , , , , 
29.2659231, 0.01561, , , , , , , 29.2659231, -0.0045319, , , , , , , 29.2659231, -0.0120851, , , , , , , 29.2659231, 0.0132601, , , , , , , , , , , , , , , , , , , , , , , , , , , , 
29.2664423, 0.0172885, , , , , , , 29.2664423, -0.0043641, , , , , , , 29.2664423, -0.0125887, , , , , , , 29.2664423, 0.0146029, , , , , , , , , , , , , , , , , , , , , , , , , , , , 
29.2669615, 0.0256809, , , , , , , 29.2669615, -0.0011749, , , , , , , 29.2669615, -0.0142672, , , , , , , 29.2669615, 0.0132601, , , , , , , , , , , , , , , , , , , , , , , , , , , , 
29.2674808, 0.0298772, , , , , , , 29.2674808, 0.0005035, , , , , , , 29.2674808, -0.0149386, , , , , , , 29.2674808, 0.0139315, , , , , , , , , , , , , , , , , , , , , , , , , , , , 
29.268, 0.0246738, , , , , , , 29.268, -0.0011749, , , , , , , 29.268, -0.0159457, , , , , , , 29.268, 0.0169528, , , , , , , , , , , , , , , , , , , , , , , , , , , , 
29.2685192, 0.0236667, , , , , , , 29.2685192, -0.0052033, , , , , , , 29.2685192, -0.0169528, , , , , , , 29.2685192, 0.0169528, , , , , , , , , , , , , , , , , , , , , , , , , , , , 
29.2690385, 0.0340734, , , , , , , 29.2690385, -0.0078889, , , , , , , 29.2690385, -0.0159457, , , , , , , 29.2690385, 0.0166171, , , , , , , , , , , , , , , , , , , , , , , , , , , , 
29.2695577, 0.0448157, , , , , , , 29.2695577, -0.0095674, , , , , , , 29.2695577, -0.0146029, , , , , , , 29.2695577, 0.0169528, , , , , , , , , , , , , , , , , , , , , , , , , , , , 
29.2700769, 0.0428016, , , , , , , 29.2700769, -0.0119173, , , , , , , 29.2700769, -0.0129244, , , , , , , 29.2700769, 0.0169528, , , , , , , , , , , , , , , , , , , , , , , , , , , , 
29.2705962, 0.0313878, , , , , , , 29.2705962, -0.0129244, , , , , , , 29.2705962, -0.0109102, , , , , , , 29.2705962, 0.0152743, , , , , , , , , , , , , , , , , , , , , , , , , , , , 
29.2711154, 0.0159457, , , , , , , 29.2711154, -0.0125887, , , , , , , 29.2711154, -0.0109102, , , , , , , 29.2711154, 0.0166171, , , , , , , , , , , , , , , , , , , , , , , , , , , , 
29.2716346, 0.0018463, , , , , , , 29.2716346, -0.0125887, , , , , , , 29.2716346, -0.0102388, , , , , , , 29.2716346, 0.0182956, , , , , , , , , , , , , , , , , , , , , , , , , , , , 
29.2721538, -0.008896, , , , , , , 29.2721538, -0.0125887, , , , , , , 29.2721538, -0.0078889, , , , , , , 29.2721538, 0.0162814, , , , , , , , , , , , , , , , , , , , , , , , , , , , 
29.2726731, -0.018967, , , , , , , 29.2726731, -0.0130922, , , , , , , 29.2726731, -0.0062104, , , , , , , 29.2726731, 0.0159457, , , , , , , , , , , , , , , , , , , , , , , , , , , , 
29.2731923, -0.0297093, , , , , , , 29.2731923, -0.0125887, , , , , , , 29.2731923, -0.0043641, , , , , , , 29.2731923, 0.0162814, , , , , , , , , , , , , , , , , , , , , , , , , , , , 
29.2737115, -0.0357519, , , , , , , 29.2737115, -0.0105745, , , , , , , 29.2737115, -0.0031891, , , , , , , 29.2737115, 0.0172885, , , , , , , , , , , , , , , , , , , , , , , , , , , , 
29.2742308, -0.030045, , , , , , , 29.2742308, -0.0105745, , , , , , , 29.2742308, -0.0041962, , , , , , , 29.2742308, 0.0186313, , , , , , , , , , , , , , , , , , , , , , , , , , , , 
29.27475, -0.01561, , , , , , , 29.27475, -0.0115816, , , , , , , 29.27475, -0.0058747, , , , , , , 29.27475, 0.0193027, , , , , , , , , , , , , , , , , , , , , , , , , , , , 
29.2752692, 0.002182, , , , , , , 29.2752692, -0.0099031, , , , , , , 29.2752692, -0.0072175, , , , , , , 29.2752692, 0.0196384, , , , , , , , , , , , , , , , , , , , , , , , , , , , 
29.2757885, 0.0166171, , , , , , , 29.2757885, -0.0072175, , , , , , , 29.2757885, -0.0082246, , , , , , , 29.2757885, 0.0196384, , , , , , , , , , , , , , , , , , , , , , , , , , , , 
29.2763077, 0.0206455, , , , , , , 29.2763077, -0.0068818, , , , , , , 29.2763077, -0.0095674, , , , , , , 29.2763077, 0.0191348, , , , , , , , , , , , , , , , , , , , , , , , , , , , 
29.2768269, 0.0240024, , , , , , , 29.2768269, -0.0083925, , , , , , , 29.2768269, -0.0112459, , , , , , , 29.2768269, 0.0193027, , , , , , , , , , , , , , , , , , , , , , , , , , , , 
29.2773462, 0.0280308, , , , , , , 29.2773462, -0.0105745, , , , , , , 29.2773462, -0.0112459, , , , , , , 29.2773462, 0.0182956, , , , , , , , , , , , , , , , , , , , , , , , , , , , 
29.2778654, 0.0260166, , , , , , , 29.2778654, -0.0115816, , , , , , , 29.2778654, -0.0105745, , , , , , , 29.2778654, 0.0157778, , , , , , , , , , , , , , , , , , , , , , , , , , , , 
29.2783846, 0.0196384, , , , , , , 29.2783846, -0.011078, , , , , , , 29.2783846, -0.0119173, , , , , , , 29.2783846, 0.0125887, , , , , , , , , , , , , , , , , , , , , , , , , , , , 
29.2789038, 0.0166171, , , , , , , 29.2789038, -0.0099031, , , , , , , 29.2789038, -0.0129244, , , , , , , 29.2789038, 0.0097353, , , , , , , , , , , , , , , , , , , , , , , , , , , , 
29.2794231, 0.0199741, , , , , , , 29.2794231, -0.0099031, , , , , , , 29.2794231, -0.0114137, , , , , , , 29.2794231, 0.0095674, , , , , , , , , , , , , , , , , , , , , , , , , , , , 
29.2799423, 0.0276951, , , , , , , 29.2799423, -0.0075532, , , , , , , 29.2799423, -0.0082246, , , , , , , 29.2799423, 0.0112459, , , , , , , , , , , , , , , , , , , , , , , , , , , , 
29.2804615, 0.0313878, , , , , , , 29.2804615, -0.0045319, , , , , , , 29.2804615, -0.0062104, , , , , , , 29.2804615, 0.0132601, , , , , , , , , , , , , , , , , , , , , , , , , , , , 
29.2809808, 0.0297093, , , , , , , 29.2809808, -0.0035248, , , , , , , 29.2809808, -0.0062104, , , , , , , 29.2809808, 0.0132601, , , , , , , , , , , , , , , , , , , , , , , , , , , , 
29.2815, 0.030045, , , , , , , 29.2815, -0.0038605, , , , , , , 29.2815, -0.0075532, , , , , , , 29.2815, 0.0125887, , , , , , , , , , , , , , , , , , , , , , , , , , , , 
29.2820192, 0.0293736, , , , , , , 29.2820192, -0.0068818, , , , , , , 29.2820192, -0.0070497, , , , , , , 29.2820192, 0.0115816, , , , , , , , , , , , , , , , , , , , , , , , , , , , 
29.2825385, 0.0253452, , , , , , , 29.2825385, -0.0082246, , , , , , , 29.2825385, -0.005539, , , , , , , 29.2825385, 0.0109102, , , , , , , , , , , , , , , , , , , , , , , , , , , , 
29.2830577, 0.0231632, , , , , , , 29.2830577, -0.0058747, , , , , , , 29.2830577, -0.0045319, , , , , , , 29.2830577, 0.0105745, , , , , , , , , , , , , , , , , , , , , , , , , , , , 
29.2835769, 0.0193027, , , , , , , 29.2835769, -0.0041962, , , , , , , 29.2835769, -0.0041962, , , , , , , 29.2835769, 0.008896, , , , , , , , , , , , , , , , , , , , , , , , , , , , 
29.2840962, 0.0151064, , , , , , , 29.2840962, -0.0038605, , , , , , , 29.2840962, -0.0041962, , , , , , , 29.2840962, 0.0092317, , , , , , , , , , , , , , , , , , , , , , , , , , , , 
29.2846154, 0.0146029, , , , , , , 29.2846154, -0.005539, , , , , , , 29.2846154, -0.0058747, , , , , , , 29.2846154, 0.0099031, , , , , , , , , , , , , , , , , , , , , , , , , , , , 
29.2851346, 0.0152743, , , , , , , 29.2851346, -0.0082246, , , , , , , 29.2851346, -0.0068818, , , , , , , 29.2851346, 0.0065461, , , , , , , , , , , , , , , , , , , , , , , , , , , , 
29.2856538, 0.0169528, , , , , , , 29.2856538, -0.008896, , , , , , , 29.2856538, -0.005539, , , , , , , 29.2856538, 0.0008392, , , , , , , , , , , , , , , , , , , , , , , , , , , , 
29.2861731, 0.0193027, , , , , , , 29.2861731, -0.0082246, , , , , , , 29.2861731, -0.0048676, , , , , , , 29.2861731, -0.002182, , , , , , , , , , , , , , , , , , , , , , , , , , , , 
29.2866923, 0.0206455, , , , , , , 29.2866923, -0.008896, , , , , , , 29.2866923, -0.005539, , , , , , , 29.2866923, -0.0035248, , , , , , , , , , , , , , , , , , , , , , , , , , , , 
29.2872115, 0.0209812, , , , , , , 29.2872115, -0.0097353, , , , , , , 29.2872115, -0.0065461, , , , , , , 29.2872115, -0.0041962, , , , , , , , , , , , , , , , , , , , , , , , , , , , 
29.2877308, 0.0213169, , , , , , , 29.2877308, -0.0085603, , , , , , , 29.2877308, -0.0058747, , , , , , , 29.2877308, -0.0041962, , , , , , , , , , , , , , , , , , , , , , , , , , , , 
29.28825, 0.0179599, , , , , , , 29.28825, -0.0065461, , , , , , , 29.28825, -0.005539, , , , , , , 29.28825, -0.0011749, , , , , , , , , , , , , , , , , , , , , , , , , , , , 
29.2887692, 0.0159457, , , , , , , 29.2887692, -0.0048676, , , , , , , 29.2887692, -0.0043641, , , , , , , 29.2887692, 0.0025177, , , , , , , , , , , , , , , , , , , , , , , , , , , , 
29.2892885, 0.0159457, , , , , , , 29.2892885, -0.0035248, , , , , , , 29.2892885, -0.0038605, , , , , , , 29.2892885, 0.0050355, , , , , , , , , , , , , , , , , , , , , , , , , , , , 
29.2898077, 0.0132601, , , , , , , 29.2898077, -0.0038605, , , , , , , 29.2898077, -0.0036927, , , , , , , 29.2898077, 0.0065461, , , , , , , , , , , , , , , , , , , , , , , , , , , , 
29.2903269, 0.0105745, , , , , , , 29.2903269, -0.0065461, , , , , , , 29.2903269, -0.0048676, , , , , , , 29.2903269, 0.0072175, , , , , , , , , , , , , , , , , , , , , , , , , , , , 
29.2908462, 0.0065461, , , , , , , 29.2908462, -0.0078889, , , , , , , 29.2908462, -0.0090639, , , , , , , 29.2908462, 0.0082246, , , , , , , , , , , , , , , , , , , , , , , , , , , , 
29.2913654, 0.0038605, , , , , , , 29.2913654, -0.008896, , , , , , , 29.2913654, -0.0117494, , , , , , , 29.2913654, 0.0092317, , , , , , , , , , , , , , , , , , , , , , , , , , , , 
29.2918846, 0.0005035, , , , , , , 29.2918846, -0.0102388, , , , , , , 29.2918846, -0.0125887, , , , , , , 29.2918846, 0.0092317, , , , , , , , , , , , , , , , , , , , , , , , , , , , 
29.2924038, -0.0028534, , , , , , , 29.2924038, -0.0119173, , , , , , , 29.2924038, -0.0132601, , , , , , , 29.2924038, 0.0065461, , , , , , , , , , , , , , , , , , , , , , , , , , , , 
29.2929231, -0.0068818, , , , , , , 29.2929231, -0.0115816, , , , , , , 29.2929231, -0.0132601, , , , , , , 29.2929231, 0.0077211, , , , , , , , , , , , , , , , , , , , , , , , , , , , 
29.2934423, -0.0078889, , , , , , , 29.2934423, -0.0105745, , , , , , , 29.2934423, -0.0129244, , , , , , , 29.2934423, 0.0105745, , , , , , , , , , , , , , , , , , , , , , , , , , , , 
29.2939615, -0.005539, , , , , , , 29.2939615, -0.0082246, , , , , , , 29.2939615, -0.0095674, , , , , , , 29.2939615, 0.0124208, , , , , , , , , , , , , , , , , , , , , , , , , , , , 
29.2944808, -0.0038605, , , , , , , 29.2944808, -0.0082246, , , , , , , 29.2944808, -0.0072175, , , , , , , 29.2944808, 0.0132601, , , , , , , , , , , , , , , , , , , , , , , , , , , , 
29.295, -0.0001678, , , , , , , 29.295, -0.0075532, , , , , , , 29.295, -0.0068818, , , , , , , 29.295, 0.0119173, , , , , , , , , , , , , , , , , , , , , , , , , , , , 
29.2955192, 0.0043641, , , , , , , 29.2955192, -0.0065461, , , , , , , 29.2955192, -0.0072175, , , , , , , 29.2955192, 0.0109102, , , , , , , , , , , , , , , , , , , , , , , , , , , , 
29.2960385, 0.0058747, , , , , , , 29.2960385, -0.006714, , , , , , , 29.2960385, -0.0072175, , , , , , , 29.2960385, 0.0105745, , , , , , , , , , , , , , , , , , , , , , , , , , , , 
29.2965577, 0.0058747, , , , , , , 29.2965577, -0.0065461, , , , , , , 29.2965577, -0.0075532, , , , , , , 29.2965577, 0.0090639, , , , , , , , , , , , , , , , , , , , , , , , , , , , 
29.2970769, 0.0072175, , , , , , , 29.2970769, -0.0068818, , , , , , , 29.2970769, -0.0075532, , , , , , , 29.2970769, 0.0065461, , , , , , , , , , , , , , , , , , , , , , , , , , , , 
29.2975962, 0.0105745, , , , , , , 29.2975962, -0.0082246, , , , , , , 29.2975962, -0.0075532, , , , , , , 29.2975962, 0.0078889, , , , , , , , , , , , , , , , , , , , , , , , , , , , 
29.2981154, 0.017792, , , , , , , 29.2981154, -0.0105745, , , , , , , 29.2981154, -0.0075532, , , , , , , 29.2981154, 0.0092317, , , , , , , , , , , , , , , , , , , , , , , , , , , , 
29.2986346, 0.0238346, , , , , , , 29.2986346, -0.0115816, , , , , , , 29.2986346, -0.0062104, , , , , , , 29.2986346, 0.0080568, , , , , , , , , , , , , , , , , , , , , , , , , , , , 
29.2991538, 0.0293736, , , , , , , 29.2991538, -0.011078, , , , , , , 29.2991538, -0.0046998, , , , , , , 29.2991538, 0.0058747, , , , , , , , , , , , , , , , , , , , , , , , , , , , 
29.2996731, 0.030045, , , , , , , 29.2996731, -0.008896, , , , , , , 29.2996731, -0.0045319, , , , , , , 29.2996731, 0.0045319, , , , , , , , , , , , , , , , , , , , , , , , , , , , 
29.3001923, 0.0256809, , , , , , , 29.3001923, -0.0062104, , , , , , , 29.3001923, -0.005539, , , , , , , 29.3001923, 0.0031891, , , , , , , , , , , , , , , , , , , , , , , , , , , , 
29.3007115, 0.0243381, , , , , , , 29.3007115, -0.005539, , , , , , , 29.3007115, -0.0072175, , , , , , , 29.3007115, 0.0045319, , , , , , , , , , , , , , , , , , , , , , , , , , , , 
29.3012308, 0.0287022, , , , , , , 29.3012308, -0.0068818, , , , , , , 29.3012308, -0.008896, , , , , , , 29.3012308, 0.0043641, , , , , , , , , , , , , , , , , , , , , , , , , , , , 
29.30175, 0.0297093, , , , , , , 29.30175, -0.0083925, , , , , , , 29.30175, -0.0092317, , , , , , , 29.30175, 0.0018463, , , , , , , , , , , , , , , , , , , , , , , , , , , , 
29.3022692, 0.0290379, , , , , , , 29.3022692, -0.0099031, , , , , , , 29.3022692, -0.0085603, , , , , , , 29.3022692, 0.0011749, , , , , , , , , , , , , , , , , , , , , , , , , , , , 
29.3027885, 0.0320592, , , , , , , 29.3027885, -0.0102388, , , , , , , 29.3027885, -0.0078889, , , , , , , 29.3027885, 0.0031891, , , , , , , , , , , , , , , , , , , , , , , , , , , , 
29.3033077, 0.0323949, , , , , , , 29.3033077, -0.0095674, , , , , , , 29.3033077, -0.0065461, , , , , , , 29.3033077, 0.0075532, , , , , , , , , , , , , , , , , , , , , , , , , , , , 
29.3038269, 0.030045, , , , , , , 29.3038269, -0.008896, , , , , , , 29.3038269, -0.0057069, , , , , , , 29.3038269, 0.0092317, , , , , , , , , , , , , , , , , , , , , , , , , , , , 
29.3043462, 0.0297093, , , , , , , 29.3043462, -0.0112459, , , , , , , 29.3043462, -0.0068818, , , , , , , 29.3043462, 0.0075532, , , , , , , , , , , , , , , , , , , , , , , , , , , , 
29.3048654, 0.0327306, , , , , , , 29.3048654, -0.0125887, , , , , , , 29.3048654, -0.0082246, , , , , , , 29.3048654, 0.0052033, , , , , , , , , , , , , , , , , , , , , , , , , , , , 
29.3053846, 0.0330663, , , , , , , 29.3053846, -0.0109102, , , , , , , 29.3053846, -0.0075532, , , , , , , 29.3053846, 0.0018463, , , , , , , , , , , , , , , , , , , , , , , , , , , , 
29.3059038, 0.0307164, , , , , , , 29.3059038, -0.0062104, , , , , , , 29.3059038, -0.0075532, , , , , , , 29.3059038, 0.0003357, , , , , , , , , , , , , , , , , , , , , , , , , , , , 
29.3064231, 0.0290379, , , , , , , 29.3064231, -0.0028534, , , , , , , 29.3064231, -0.008896, , , , , , , 29.3064231, 0.003357, , , , , , , , , , , , , , , , , , , , , , , , , , , , 
29.3069423, 0.0226596, , , , , , , 29.3069423, -0.0030213, , , , , , , 29.3069423, -0.0078889, , , , , , , 29.3069423, 0.0052033, , , , , , , , , , , , , , , , , , , , , , , , , , , , 
29.3074615, 0.0105745, , , , , , , 29.3074615, -0.0045319, , , , , , , 29.3074615, -0.0057069, , , , , , , 29.3074615, 0.0072175, , , , , , , , , , , , , , , , , , , , , , , , , , , , 
29.3079808, -0.0028534, , , , , , , 29.3079808, -0.005539, , , , , , , 29.3079808, -0.0058747, , , , , , , 29.3079808, 0.0072175, , , , , , , , , , , , , , , , , , , , , , , , , , , , 
29.3085, -0.010071, , , , , , , 29.3085, -0.0058747, , , , , , , 29.3085, -0.0063783, , , , , , , 29.3085, 0.0072175, , , , , , , , , , , , , , , , , , , , , , , , , , , , 
29.3090192, -0.0102388, , , , , , , 29.3090192, -0.0041962, , , , , , , 29.3090192, -0.0068818, , , , , , , 29.3090192, 0.0077211, , , , , , , , , , , , , , , , , , , , , , , , , , , , 
29.3095385, -0.0070497, , , , , , , 29.3095385, -0.0028534, , , , , , , 29.3095385, -0.0062104, , , , , , , 29.3095385, 0.010071, , , , , , , , , , , , , , , , , , , , , , , , , , , , 
29.3100577, -0.0058747, , , , , , , 29.3100577, -0.0035248, , , , , , , 29.3100577, -0.0045319, , , , , , , 29.3100577, 0.0142672, , , , , , , , , , , , , , , , , , , , , , , , , , , , 
29.3105769, -0.005539, , , , , , , 29.3105769, -0.0035248, , , , , , , 29.3105769, -0.0043641, , , , , , , 29.3105769, 0.0167849, , , , , , , , , , , , , , , , , , , , , , , , , , , , 
29.3110962, -0.0020142, , , , , , , 29.3110962, -0.0041962, , , , , , , 29.3110962, -0.0062104, , , , , , , 29.3110962, 0.0193027, , , , , , , , , , , , , , , , , , , , , , , , , , , , 
29.3116154, 0.0048676, , , , , , , 29.3116154, -0.0065461, , , , , , , 29.3116154, -0.0092317, , , , , , , 29.3116154, 0.0236667, , , , , , , , , , , , , , , , , , , , , , , , , , , , 
29.3121346, 0.0052033, , , , , , , 29.3121346, -0.0095674, , , , , , , 29.3121346, -0.0085603, , , , , , , 29.3121346, 0.0280308, , , , , , , , , , , , , , , , , , , , , , , , , , , , 
29.3126538, 0.0025177, , , , , , , 29.3126538, -0.0109102, , , , , , , 29.3126538, -0.0068818, , , , , , , 29.3126538, 0.0305486, , , , , , , , , , , , , , , , , , , , , , , , , , , , 
29.3131731, -0.0035248, , , , , , , 29.3131731, -0.0115816, , , , , , , 29.3131731, -0.0035248, , , , , , , 29.3131731, 0.0307164, , , , , , , , , , , , , , , , , , , , , , , , , , , , 
29.3136923, -0.0077211, , , , , , , 29.3136923, -0.0112459, , , , , , , 29.3136923, -0.002182, , , , , , , 29.3136923, 0.0287022, , , , , , , , , , , , , , , , , , , , , , , , , , , , 
29.3142115, -0.0099031, , , , , , , 29.3142115, -0.0109102, , , , , , , 29.3142115, -0.0048676, , , , , , , 29.3142115, 0.026688, , , , , , , , , , , , , , , , , , , , , , , , , , , , 
29.3147308, -0.005539, , , , , , , 29.3147308, -0.008896, , , , , , , 29.3147308, -0.005539, , , , , , , 29.3147308, 0.0238346, , , , , , , , , , , , , , , , , , , , , , , , , , , , 
29.31525, 0.0005035, , , , , , , 29.31525, -0.0085603, , , , , , , 29.31525, -0.005539, , , , , , , 29.31525, 0.0226596, , , , , , , , , , , , , , , , , , , , , , , , , , , , 
29.3157692, 0.0045319, , , , , , , 29.3157692, -0.008896, , , , , , , 29.3157692, -0.005539, , , , , , , 29.3157692, 0.0213169, , , , , , , , , , , , , , , , , , , , , , , , , , , , 
29.3162885, 0.0097353, , , , , , , 29.3162885, -0.0083925, , , , , , , 29.3162885, -0.0058747, , , , , , , 29.3162885, 0.0198062, , , , , , , , , , , , , , , , , , , , , , , , , , , , 
29.3168077, 0.0125887, , , , , , , 29.3168077, -0.0082246, , , , , , , 29.3168077, -0.0072175, , , , , , , 29.3168077, 0.0199741, , , , , , , , , , , , , , , , , , , , , , , , , , , , 
29.3173269, 0.01561, , , , , , , 29.3173269, -0.008896, , , , , , , 29.3173269, -0.0082246, , , , , , , 29.3173269, 0.0206455, , , , , , , , , , , , , , , , , , , , , , , , , , , , 
29.3178462, 0.0209812, , , , , , , 29.3178462, -0.0082246, , , , , , , 29.3178462, -0.0068818, , , , , , , 29.3178462, 0.0199741, , , , , , , , , , , , , , , , , , , , , , , , , , , , 
29.3183654, 0.0280308, , , , , , , 29.3183654, -0.0043641, , , , , , , 29.3183654, -0.0072175, , , , , , , 29.3183654, 0.0182956, , , , , , , , , , , , , , , , , , , , , , , , , , , , 
29.3188846, 0.0273594, , , , , , , 29.3188846, -0.0008392, , , , , , , 29.3188846, -0.0085603, , , , , , , 29.3188846, 0.0159457, , , , , , , , , , , , , , , , , , , , , , , , , , , , 
29.3194038, 0.0172885, , , , , , , 29.3194038, -0.0020142, , , , , , , 29.3194038, -0.0082246, , , , , , , 29.3194038, 0.0130922, , , , , , , , , , , , , , , , , , , , , , , , , , , , 
29.3199231, 0.011078, , , , , , , 29.3199231, -0.0065461, , , , , , , 29.3199231, -0.0082246, , , , , , , 29.3199231, 0.0115816, , , , , , , , , , , , , , , , , , , , , , , , , , , , 
29.3204423, 0.0092317, , , , , , , 29.3204423, -0.008896, , , , , , , 29.3204423, -0.0087282, , , , , , , 29.3204423, 0.0129244, , , , , , , , , , , , , , , , , , , , , , , , , , , , 
29.3209615, 0.0058747, , , , , , , 29.3209615, -0.0109102, , , , , , , 29.3209615, -0.0115816, , , , , , , 29.3209615, 0.0132601, , , , , , , , , , , , , , , , , , , , , , , , , , , , 
29.3214808, 0.0011749, , , , , , , 29.3214808, -0.0125887, , , , , , , 29.3214808, -0.0149386, , , , , , , 29.3214808, 0.0125887, , , , , , , , , , , , , , , , , , , , , , , , , , , , 
29.322, -0.0028534, , , , , , , 29.322, -0.0125887, , , , , , , 29.322, -0.0184634, , , , , , , 29.322, 0.0132601, , , , , , , , , , , , , , , , , , , , , , , , , , , , 
29.3225192, -0.0015106, , , , , , , 29.3225192, -0.0109102, , , , , , , 29.3225192, -0.018967, , , , , , , 29.3225192, 0.0139315, , , , , , , , , , , , , , , , , , , , , , , , , , , , 
29.3230385, 0.0052033, , , , , , , 29.3230385, -0.0095674, , , , , , , 29.3230385, -0.0162814, , , , , , , 29.3230385, 0.0132601, , , , , , , , , , , , , , , , , , , , , , , , , , , , 
29.3235577, 0.0132601, , , , , , , 29.3235577, -0.0099031, , , , , , , 29.3235577, -0.0149386, , , , , , , 29.3235577, 0.0112459, , , , , , , , , , , , , , , , , , , , , , , , , , , , 
29.3240769, 0.0240024, , , , , , , 29.3240769, -0.0102388, , , , , , , 29.3240769, -0.0149386, , , , , , , 29.3240769, 0.0104067, , , , , , , , , , , , , , , , , , , , , , , , , , , , 
29.3245962, 0.0330663, , , , , , , 29.3245962, -0.0095674, , , , , , , 29.3245962, -0.0132601, , , , , , , 29.3245962, 0.0104067, , , , , , , , , , , , , , , , , , , , , , , , , , , , 
29.3251154, 0.0433051, , , , , , , 29.3251154, -0.0078889, , , , , , , 29.3251154, -0.0109102, , , , , , , 29.3251154, 0.0099031, , , , , , , , , , , , , , , , , , , , , , , , , , , , 
29.3256346, 0.0535439, , , , , , , 29.3256346, -0.0048676, , , , , , , 29.3256346, -0.0097353, , , , , , , 29.3256346, 0.0072175, , , , , , , , , , , , , , , , , , , , , , , , , , , , 
29.3261538, 0.0632792, , , , , , , 29.3261538, -0.005539, , , , , , , 29.3261538, -0.0082246, , , , , , , 29.3261538, 0.0072175, , , , , , , , , , , , , , , , , , , , , , , , , , , , 
29.3266731, 0.0673075, , , , , , , 29.3266731, -0.0075532, , , , , , , 29.3266731, -0.0077211, , , , , , , 29.3266731, 0.010071, , , , , , , , , , , , , , , , , , , , , , , , , , , , 
29.3271923, 0.0624399, , , , , , , 29.3271923, -0.0083925, , , , , , , 29.3271923, -0.0095674, , , , , , , 29.3271923, 0.0132601, , , , , , , , , , , , , , , , , , , , , , , , , , , , 
29.3277115, 0.0552224, , , , , , , 29.3277115, -0.0085603, , , , , , , 29.3277115, -0.0105745, , , , , , , 29.3277115, 0.0157778, , , , , , , , , , , , , , , , , , , , , , , , , , , , 
29.3282308, 0.0501869, , , , , , , 29.3282308, -0.0092317, , , , , , , 29.3282308, -0.0109102, , , , , , , 29.3282308, 0.0182956, , , , , , , , , , , , , , , , , , , , , , , , , , , , 
29.32875, 0.0387732, , , , , , , 29.32875, -0.0109102, , , , , , , 29.32875, -0.0099031, , , , , , , 29.32875, 0.0199741, , , , , , , , , , , , , , , , , , , , , , , , , , , , 
29.3292692, 0.0203098, , , , , , , 29.3292692, -0.0102388, , , , , , , 29.3292692, -0.0095674, , , , , , , 29.3292692, 0.0206455, , , , , , , , , , , , , , , , , , , , , , , , , , , , 
29.3297885, 0.0085603, , , , , , , 29.3297885, -0.0109102, , , , , , , 29.3297885, -0.0105745, , , , , , , 29.3297885, 0.0199741, , , , , , , , , , , , , , , , , , , , , , , , , , , , 
29.3303077, 0.0011749, , , , , , , 29.3303077, -0.0125887, , , , , , , 29.3303077, -0.0102388, , , , , , , 29.3303077, 0.018967, , , , , , , , , , , , , , , , , , , , , , , , , , , , 
29.3308269, -0.0062104, , , , , , , 29.3308269, -0.0124208, , , , , , , 29.3308269, -0.0095674, , , , , , , 29.3308269, 0.0193027, , , , , , , , , , , , , , , , , , , , , , , , , , , , 
29.3313462, -0.0162814, , , , , , , 29.3313462, -0.0109102, , , , , , , 29.3313462, -0.0095674, , , , , , , 29.3313462, 0.0216526, , , , , , , , , , , , , , , , , , , , , , , , , , , , 
29.3318654, -0.0243381, , , , , , , 29.3318654, -0.0092317, , , , , , , 29.3318654, -0.0102388, , , , , , , 29.3318654, 0.0236667, , , , , , , , , , , , , , , , , , , , , , , , , , , , 
29.3323846, -0.0327306, , , , , , , 29.3323846, -0.0078889, , , , , , , 29.3323846, -0.0092317, , , , , , , 29.3323846, 0.024506, , , , , , , , , , , , , , , , , , , , , , , , , , , , 
29.3329038, -0.0386053, , , , , , , 29.3329038, -0.0063783, , , , , , , 29.3329038, -0.0065461, , , , , , , 29.3329038, 0.023331, , , , , , , , , , , , , , , , , , , , , , , , , , , , 
29.3334231, -0.0364233, , , , , , , 29.3334231, -0.0072175, , , , , , , 29.3334231, -0.0041962, , , , , , , 29.3334231, 0.0213169, , , , , , , , , , , , , , , , , , , , , , , , , , , , 
29.3339423, -0.0270237, , , , , , , 29.3339423, -0.0075532, , , , , , , 29.3339423, -0.0036927, , , , , , , 29.3339423, 0.0209812, , , , , , , , , , , , , , , , , , , , , , , , , , , , 
29.3344615, -0.0077211, , , , , , , 29.3344615, -0.005539, , , , , , , 29.3344615, -0.0035248, , , , , , , 29.3344615, 0.0191348, , , , , , , , , , , , , , , , , , , , , , , , , , , , 
29.3349808, 0.0179599, , , , , , , 29.3349808, -0.0035248, , , , , , , 29.3349808, -0.0052033, , , , , , , 29.3349808, 0.0182956, , , , , , , , , , , , , , , , , , , , , , , , , , , , 
29.3355, 0.0381018, , , , , , , 29.3355, -0.0028534, , , , , , , 29.3355, -0.0117494, , , , , , , 29.3355, 0.0193027, , , , , , , , , , , , , , , , , , , , , , , , , , , , 
29.3360192, 0.047837, , , , , , , 29.3360192, -0.0018463, , , , , , , 29.3360192, -0.0149386, , , , , , , 29.3360192, 0.0186313, , , , , , , , , , , , , , , , , , , , , , , , , , , , 
29.3365385, 0.0451514, , , , , , , 29.3365385, -0.0005035, , , , , , , 29.3365385, -0.0129244, , , , , , , 29.3365385, 0.0169528, , , , , , , , , , , , , , , , , , , , , , , , , , , , 
29.3370577, 0.0352483, , , , , , , 29.3370577, -0.0016785, , , , , , , 29.3370577, -0.0090639, , , , , , , 29.3370577, 0.0171206, , , , , , , , , , , , , , , , , , , , , , , , , , , , 
29.3375769, 0.0270237, , , , , , , 29.3375769, -0.0028534, , , , , , , 29.3375769, -0.0068818, , , , , , , 29.3375769, 0.0164492, , , , , , , , , , , , , , , , , , , , , , , , , , , , 
29.3380962, 0.0240024, , , , , , , 29.3380962, -0.0041962, , , , , , , 29.3380962, -0.0052033, , , , , , , 29.3380962, 0.0162814, , , , , , , , , , , , , , , , , , , , , , , , , , , , 
29.3386154, 0.0196384, , , , , , , 29.3386154, -0.005539, , , , , , , 29.3386154, -0.0028534, , , , , , , 29.3386154, 0.0146029, , , , , , , , , , , , , , , , , , , , , , , , , , , , 
29.3391346, 0.0095674, , , , , , , 29.3391346, -0.0082246, , , , , , , 29.3391346, -0.0028534, , , , , , , 29.3391346, 0.0119173, , , , , , , , , , , , , , , , , , , , , , , , , , , , 
29.3396538, 0.0052033, , , , , , , 29.3396538, -0.0093996, , , , , , , 29.3396538, -0.0018463, , , , , , , 29.3396538, 0.0124208, , , , , , , , , , , , , , , , , , , , , , , , , , , , 
29.3401731, 0.0038605, , , , , , , 29.3401731, -0.0082246, , , , , , , 29.3401731, -0.002182, , , , , , , 29.3401731, 0.0129244, , , , , , , , , , , , , , , , , , , , , , , , , , , , 
29.3406923, -0.0015106, , , , , , , 29.3406923, -0.0062104, , , , , , , 29.3406923, -0.0045319, , , , , , , 29.3406923, 0.0112459, , , , , , , , , , , , , , , , , , , , , , , , , , , , 
29.3412115, -0.0099031, , , , , , , 29.3412115, -0.0062104, , , , , , , 29.3412115, -0.0058747, , , , , , , 29.3412115, 0.0105745, , , , , , , , , , , , , , , , , , , , , , , , , , , , 
29.3417308, -0.011078, , , , , , , 29.3417308, -0.0068818, , , , , , , 29.3417308, -0.0072175, , , , , , , 29.3417308, 0.0082246, , , , , , , , , , , , , , , , , , , , , , , , , , , , 
29.34225, -0.002182, , , , , , , 29.34225, -0.0058747, , , , , , , 29.34225, -0.0082246, , , , , , , 29.34225, 0.0045319, , , , , , , , , , , , , , , , , , , , , , , , , , , , 
29.3427692, 0.0075532, , , , , , , 29.3427692, -0.0035248, , , , , , , 29.3427692, -0.0082246, , , , , , , 29.3427692, 0.0030213, , , , , , , , , , , , , , , , , , , , , , , , , , , , 
29.3432885, 0.0095674, , , , , , , 29.3432885, -0.0008392, , , , , , , 29.3432885, -0.0082246, , , , , , , 29.3432885, 0.002182, , , , , , , , , , , , , , , , , , , , , , , , , , , , 
29.3438077, 0.0070497, , , , , , , 29.3438077, -0.0005035, , , , , , , 29.3438077, -0.0062104, , , , , , , 29.3438077, 0.002182, , , , , , , , , , , , , , , , , , , , , , , , , , , , 
29.3443269, 0.0171206, , , , , , , 29.3443269, -0.002182, , , , , , , 29.3443269, -0.0048676, , , , , , , 29.3443269, 0.0018463, , , , , , , , , , , , , , , , , , , , , , , , , , , , 
29.3448462, 0.036759, , , , , , , 29.3448462, -0.0048676, , , , , , , 29.3448462, -0.0063783, , , , , , , 29.3448462, 0.0010071, , , , , , , , , , , , , , , , , , , , , , , , , , , , 
29.3453654, 0.0522011, , , , , , , 29.3453654, -0.0062104, , , , , , , 29.3453654, -0.0078889, , , , , , , 29.3453654, 0.0011749, , , , , , , , , , , , , , , , , , , , , , , , , , , , 
29.3458846, 0.0592508, , , , , , , 29.3458846, -0.005539, , , , , , , 29.3458846, -0.0090639, , , , , , , 29.3458846, -0.0008392, , , , , , , , , , , , , , , , , , , , , , , , , , , , 
29.3464038, 0.06009, , , , , , , 29.3464038, -0.0048676, , , , , , , 29.3464038, -0.0124208, , , , , , , 29.3464038, -0.0048676, , , , , , , , , , , , , , , , , , , , , , , , , , , , 
29.3469231, 0.0535439, , , , , , , 29.3469231, -0.0062104, , , , , , , 29.3469231, -0.0146029, , , , , , , 29.3469231, -0.0065461, , , , , , , , , , , , , , , , , , , , , , , , , , , , 
29.3474423, 0.0374304, , , , , , , 29.3474423, -0.0058747, , , , , , , 29.3474423, -0.0151064, , , , , , , 29.3474423, -0.0045319, , , , , , , , , , , , , , , , , , , , , , , , , , , , 
29.3479615, 0.0219883, , , , , , , 29.3479615, -0.0065461, , , , , , , 29.3479615, -0.0146029, , , , , , , 29.3479615, -0.0018463, , , , , , , , , , , , , , , , , , , , , , , , , , , , 
29.3484808, 0.0107424, , , , , , , 29.3484808, -0.0102388, , , , , , , 29.3484808, -0.0149386, , , , , , , 29.3484808, 0.0001678, , , , , , , , , , , , , , , , , , , , , , , , , , , , 
29.349, 0.002182, , , , , , , 29.349, -0.0115816, , , , , , , 29.349, -0.012253, , , , , , , 29.349, 0.0011749, , , , , , , , , , , , , , , , , , , , , , , , , , , , 
29.3495192, -0.0018463, , , , , , , 29.3495192, -0.0102388, , , , , , , 29.3495192, -0.0082246, , , , , , , 29.3495192, 0.0028534, , , , , , , , , , , , , , , , , , , , , , , , , , , , 
29.3500385, -0.002182, , , , , , , 29.3500385, -0.0097353, , , , , , , 29.3500385, -0.0062104, , , , , , , 29.3500385, 0.0050355, , , , , , , , , , , , , , , , , , , , , , , , , , , , 
29.3505577, -0.0045319, , , , , , , 29.3505577, -0.0092317, , , , , , , 29.3505577, -0.0065461, , , , , , , 29.3505577, 0.0052033, , , , , , , , , , , , , , , , , , , , , , , , , , , , 
29.3510769, -0.0048676, , , , , , , 29.3510769, -0.008896, , , , , , , 29.3510769, -0.0062104, , , , , , , 29.3510769, 0.0065461, , , , , , , , , , , , , , , , , , , , , , , , , , , , 
29.3515962, -0.0008392, , , , , , , 29.3515962, -0.0082246, , , , , , , 29.3515962, -0.0062104, , , , , , , 29.3515962, 0.0115816, , , , , , , , , , , , , , , , , , , , , , , , , , , , 
29.3521154, 0.0018463, , , , , , , 29.3521154, -0.0072175, , , , , , , 29.3521154, -0.0065461, , , , , , , 29.3521154, 0.0162814, , , , , , , , , , , , , , , , , , , , , , , , , , , , 
29.3526346, -0.0008392, , , , , , , 29.3526346, -0.0068818, , , , , , , 29.3526346, -0.0068818, , , , , , , 29.3526346, 0.0186313, , , , , , , , , , , , , , , , , , , , , , , , , , , , 
29.3531538, -0.005539, , , , , , , 29.3531538, -0.0068818, , , , , , , 29.3531538, -0.0048676, , , , , , , 29.3531538, 0.0199741, , , , , , , , , , , , , , , , , , , , , , , , , , , , 
29.3536731, -0.0078889, , , , , , , 29.3536731, -0.0068818, , , , , , , 29.3536731, -0.0028534, , , , , , , 29.3536731, 0.0176242, , , , , , , , , , , , , , , , , , , , , , , , , , , , 
29.3541923, -0.0068818, , , , , , , 29.3541923, -0.0068818, , , , , , , 29.3541923, -0.0028534, , , , , , , 29.3541923, 0.014435, , , , , , , , , , , , , , , , , , , , , , , , , , , , 
29.3547115, -0.0048676, , , , , , , 29.3547115, -0.0078889, , , , , , , 29.3547115, -0.0035248, , , , , , , 29.3547115, 0.0125887, , , , , , , , , , , , , , , , , , , , , , , , , , , , 
29.3552308, -0.0041962, , , , , , , 29.3552308, -0.0082246, , , , , , , 29.3552308, -0.0052033, , , , , , , 29.3552308, 0.0115816, , , , , , , , , , , , , , , , , , , , , , , , , , , , 
29.35575, -0.0063783, , , , , , , 29.35575, -0.0082246, , , , , , , 29.35575, -0.0057069, , , , , , , 29.35575, 0.0102388, , , , , , , , , , , , , , , , , , , , , , , , , , , , 
29.3562692, -0.0068818, , , , , , , 29.3562692, -0.008896, , , , , , , 29.3562692, -0.0041962, , , , , , , 29.3562692, 0.0092317, , , , , , , , , , , , , , , , , , , , , , , , , , , , 
29.3567885, -0.0008392, , , , , , , 29.3567885, -0.0092317, , , , , , , 29.3567885, -0.0045319, , , , , , , 29.3567885, 0.0092317, , , , , , , , , , , , , , , , , , , , , , , , , , , , 
29.3573077, -0.0005035, , , , , , , 29.3573077, -0.0109102, , , , , , , 29.3573077, -0.0052033, , , , , , , 29.3573077, 0.0112459, , , , , , , , , , , , , , , , , , , , , , , , , , , , 
29.3578269, -0.0016785, , , , , , , 29.3578269, -0.0112459, , , , , , , 29.3578269, -0.0036927, , , , , , , 29.3578269, 0.0129244, , , , , , , , , , , , , , , , , , , , , , , , , , , , 
29.3583462, 0.0011749, , , , , , , 29.3583462, -0.0095674, , , , , , , 29.3583462, -0.0015106, , , , , , , 29.3583462, 0.0125887, , , , , , , , , , , , , , , , , , , , , , , , , , , , 
29.3588654, 0.008896, , , , , , , 29.3588654, -0.0058747, , , , , , , 29.3588654, -0.002182, , , , , , , 29.3588654, 0.0119173, , , , , , , , , , , , , , , , , , , , , , , , , , , , 
29.3593846, 0.0176242, , , , , , , 29.3593846, -0.0028534, , , , , , , 29.3593846, -0.005539, , , , , , , 29.3593846, 0.0119173, , , , , , , , , , , , , , , , , , , , , , , , , , , , 
29.3599038, 0.0199741, , , , , , , 29.3599038, -0.0041962, , , , , , , 29.3599038, -0.0095674, , , , , , , 29.3599038, 0.0109102, , , , , , , , , , , , , , , , , , , , , , , , , , , , 
29.3604231, 0.0166171, , , , , , , 29.3604231, -0.0048676, , , , , , , 29.3604231, -0.011078, , , , , , , 29.3604231, 0.0112459, , , , , , , , , , , , , , , , , , , , , , , , , , , , 
29.3609423, 0.0125887, , , , , , , 29.3609423, -0.0062104, , , , , , , 29.3609423, -0.0085603, , , , , , , 29.3609423, 0.0132601, , , , , , , , , , , , , , , , , , , , , , , , , , , , 
29.3614615, 0.0124208, , , , , , , 29.3614615, -0.0087282, , , , , , , 29.3614615, -0.0058747, , , , , , , 29.3614615, 0.0152743, , , , , , , , , , , , , , , , , , , , , , , , , , , , 
29.3619808, 0.0159457, , , , , , , 29.3619808, -0.0095674, , , , , , , 29.3619808, -0.0058747, , , , , , , 29.3619808, 0.0129244, , , , , , , , , , , , , , , , , , , , , , , , , , , , 
29.3625, 0.0166171, , , , , , , 29.3625, -0.0115816, , , , , , , 29.3625, -0.0083925, , , , , , , 29.3625, 0.0139315, , , , , , , , , , , , , , , , , , , , , , , , , , , , 
29.3630192, 0.0115816, , , , , , , 29.3630192, -0.0135958, , , , , , , 29.3630192, -0.0099031, , , , , , , 29.3630192, 0.0169528, , , , , , , , , , , , , , , , , , , , , , , , , , , , 
29.3635385, 0.0132601, , , , , , , 29.3635385, -0.0132601, , , , , , , 29.3635385, -0.0095674, , , , , , , 29.3635385, 0.0176242, , , , , , , , , , , , , , , , , , , , , , , , , , , , 
29.3640577, 0.0191348, , , , , , , 29.3640577, -0.0135958, , , , , , , 29.3640577, -0.0085603, , , , , , , 29.3640577, 0.0159457, , , , , , , , , , , , , , , , , , , , , , , , , , , , 
29.3645769, 0.0240024, , , , , , , 29.3645769, -0.0129244, , , , , , , 29.3645769, -0.0073854, , , , , , , 29.3645769, 0.0112459, , , , , , , , , , , , , , , , , , , , , , , , , , , , 
29.3650962, 0.0320592, , , , , , , 29.3650962, -0.0114137, , , , , , , 29.3650962, -0.0072175, , , , , , , 29.3650962, 0.0078889, , , , , , , , , , , , , , , , , , , , , , , , , , , , 
29.3656154, 0.0360876, , , , , , , 29.3656154, -0.0102388, , , , , , , 29.3656154, -0.0099031, , , , , , , 29.3656154, 0.0078889, , , , , , , , , , , , , , , , , , , , , , , , , , , , 
29.3661346, 0.036759, , , , , , , 29.3661346, -0.0083925, , , , , , , 29.3661346, -0.012253, , , , , , , 29.3661346, 0.008896, , , , , , , , , , , , , , , , , , , , , , , , , , , , 
29.3666538, 0.0350805, , , , , , , 29.3666538, -0.005539, , , , , , , 29.3666538, -0.0109102, , , , , , , 29.3666538, 0.0095674, , , , , , , , , , , , , , , , , , , , , , , , , , , , 
29.3671731, 0.0387732, , , , , , , 29.3671731, -0.0036927, , , , , , , 29.3671731, -0.0095674, , , , , , , 29.3671731, 0.0092317, , , , , , , , , , , , , , , , , , , , , , , , , , , , 
29.3676923, 0.0411231, , , , , , , 29.3676923, -0.0052033, , , , , , , 29.3676923, -0.0099031, , , , , , , 29.3676923, 0.0085603, , , , , , , , , , , , , , , , , , , , , , , , , , , , 
29.3682115, 0.0352483, , , , , , , 29.3682115, -0.0095674, , , , , , , 29.3682115, -0.012253, , , , , , , 29.3682115, 0.0095674, , , , , , , , , , , , , , , , , , , , , , , , , , , , 
29.3687308, 0.0250095, , , , , , , 29.3687308, -0.0124208, , , , , , , 29.3687308, -0.0135958, , , , , , , 29.3687308, 0.0115816, , , , , , , , , , , , , , , , , , , , , , , , , , , , 
29.36925, 0.0162814, , , , , , , 29.36925, -0.0115816, , , , , , , 29.36925, -0.0152743, , , , , , , 29.36925, 0.0135958, , , , , , , , , , , , , , , , , , , , , , , , , , , , 
29.3697692, 0.0146029, , , , , , , 29.3697692, -0.0099031, , , , , , , 29.3697692, -0.01561, , , , , , , 29.3697692, 0.0172885, , , , , , , , , , , , , , , , , , , , , , , , , , , , 
29.3702885, 0.0166171, , , , , , , 29.3702885, -0.0085603, , , , , , , 29.3702885, -0.0129244, , , , , , , 29.3702885, 0.0199741, , , , , , , , , , , , , , , , , , , , , , , , , , , , 
29.3708077, 0.0109102, , , , , , , 29.3708077, -0.0058747, , , , , , , 29.3708077, -0.0099031, , , , , , , 29.3708077, 0.0226596, , , , , , , , , , , , , , , , , , , , , , , , , , , , 
29.3713269, 0.0005035, , , , , , , 29.3713269, -0.0043641, , , , , , , 29.3713269, -0.0070497, , , , , , , 29.3713269, 0.0271916, , , , , , , , , , , , , , , , , , , , , , , , , , , , 
29.3718462, -0.0035248, , , , , , , 29.3718462, -0.0058747, , , , , , , 29.3718462, -0.005539, , , , , , , 29.3718462, 0.0287022, , , , , , , , , , , , , , , , , , , , , , , , , , , , 
29.3723654, -0.0015106, , , , , , , 29.3723654, -0.0068818, , , , , , , 29.3723654, -0.0048676, , , , , , , 29.3723654, 0.0287022, , , , , , , , , , , , , , , , , , , , , , , , , , , , 
29.3728846, 0.002182, , , , , , , 29.3728846, -0.0068818, , , , , , , 29.3728846, -0.0025177, , , , , , , 29.3728846, 0.0293736, , , , , , , , , , , , , , , , , , , , , , , , , , , , 
29.3734038, 0.0035248, , , , , , , 29.3734038, -0.0050355, , , , , , , 29.3734038, -0.0001678, , , , , , , 29.3734038, 0.0295415, , , , , , , , , , , , , , , , , , , , , , , , , , , , 
29.3739231, 0.0062104, , , , , , , 29.3739231, -0.0031891, , , , , , , 29.3739231, 0.0006714, , , , , , , 29.3739231, 0.0293736, , , , , , , , , , , , , , , , , , , , , , , , , , , , 
29.3744423, 0.0129244, , , , , , , 29.3744423, -0.0011749, , , , , , , 29.3744423, -0.0005035, , , , , , , 29.3744423, 0.0263523, , , , , , , , , , , , , , , , , , , , , , , , , , , , 
29.3749615, 0.0213169, , , , , , , 29.3749615, 0.0001678, , , , , , , 29.3749615, -0.002182, , , , , , , 29.3749615, 0.0236667, , , , , , , , , , , , , , , , , , , , , , , , , , , , 
29.3754808, 0.0305486, , , , , , , 29.3754808, -0.0008392, , , , , , , 29.3754808, -0.0036927, , , , , , , 29.3754808, 0.0226596, , , , , , , , , , , , , , , , , , , , , , , , , , , , 
29.376, 0.0360876, , , , , , , 29.376, -0.0018463, , , , , , , 29.376, -0.0048676, , , , , , , 29.376, 0.0213169, , , , , , , , , , , , , , , , , , , , , , , , , , , , 
29.3765192, 0.0323949, , , , , , , 29.3765192, -0.002182, , , , , , , 29.3765192, -0.005539, , , , , , , 29.3765192, 0.0193027, , , , , , , , , , , , , , , , , , , , , , , , , , , , 
29.3770385, 0.0236667, , , , , , , 29.3770385, -0.0025177, , , , , , , 29.3770385, -0.0036927, , , , , , , 29.3770385, 0.0182956, , , , , , , , , , , , , , , , , , , , , , , , , , , , 
29.3775577, 0.0182956, , , , , , , 29.3775577, -0.0028534, , , , , , , 29.3775577, -0.0035248, , , , , , , 29.3775577, 0.0184634, , , , , , , , , , , , , , , , , , , , , , , , , , , , 
29.3780769, 0.017792, , , , , , , 29.3780769, -0.0045319, , , , , , , 29.3780769, -0.0048676, , , , , , , 29.3780769, 0.0179599, , , , , , , , , , , , , , , , , , , , , , , , , , , , 
29.3785962, 0.0193027, , , , , , , 29.3785962, -0.0062104, , , , , , , 29.3785962, -0.0065461, , , , , , , 29.3785962, 0.0162814, , , , , , , , , , , , , , , , , , , , , , , , , , , , 
29.3791154, 0.0166171, , , , , , , 29.3791154, -0.0075532, , , , , , , 29.3791154, -0.0070497, , , , , , , 29.3791154, 0.0159457, , , , , , , , , , , , , , , , , , , , , , , , , , , , 
29.3796346, 0.0125887, , , , , , , 29.3796346, -0.0095674, , , , , , , 29.3796346, -0.0062104, , , , , , , 29.3796346, 0.0172885, , , , , , , , , , , , , , , , , , , , , , , , , , , , 
29.3801538, 0.0099031, , , , , , , 29.3801538, -0.0109102, , , , , , , 29.3801538, -0.0063783, , , , , , , 29.3801538, 0.0182956, , , , , , , , , , , , , , , , , , , , , , , , , , , , 
29.3806731, 0.0085603, , , , , , , 29.3806731, -0.0095674, , , , , , , 29.3806731, -0.0072175, , , , , , , 29.3806731, 0.0169528, , , , , , , , , , , , , , , , , , , , , , , , , , , , 
29.3811923, 0.0092317, , , , , , , 29.3811923, -0.0097353, , , , , , , 29.3811923, -0.0075532, , , , , , , 29.3811923, 0.0182956, , , , , , , , , , , , , , , , , , , , , , , , , , , , 
29.3817115, 0.0078889, , , , , , , 29.3817115, -0.0099031, , , , , , , 29.3817115, -0.0083925, , , , , , , 29.3817115, 0.0219883, , , , , , , , , , , , , , , , , , , , , , , , , , , , 
29.3822308, 0.0052033, , , , , , , 29.3822308, -0.0095674, , , , , , , 29.3822308, -0.0062104, , , , , , , 29.3822308, 0.0236667, , , , , , , , , , , , , , , , , , , , , , , , , , , , 
29.38275, 0.0099031, , , , , , , 29.38275, -0.0099031, , , , , , , 29.38275, -0.0041962, , , , , , , 29.38275, 0.0223239, , , , , , , , , , , , , , , , , , , , , , , , , , , , 
29.3832692, 0.0184634, , , , , , , 29.3832692, -0.012253, , , , , , , 29.3832692, -0.0045319, , , , , , , 29.3832692, 0.0240024, , , , , , , , , , , , , , , , , , , , , , , , , , , , 
29.3837885, 0.0280308, , , , , , , 29.3837885, -0.0139315, , , , , , , 29.3837885, -0.0082246, , , , , , , 29.3837885, 0.0246738, , , , , , , , , , , , , , , , , , , , , , , , , , , , 
29.3843077, 0.0327306, , , , , , , 29.3843077, -0.012253, , , , , , , 29.3843077, -0.0105745, , , , , , , 29.3843077, 0.0213169, , , , , , , , , , , , , , , , , , , , , , , , , , , , 
29.3848269, 0.0396124, , , , , , , 29.3848269, -0.0102388, , , , , , , 29.3848269, -0.0115816, , , , , , , 29.3848269, 0.0176242, , , , , , , , , , , , , , , , , , , , , , , , , , , , 
29.3853462, 0.0454871, , , , , , , 29.3853462, -0.0082246, , , , , , , 29.3853462, -0.0129244, , , , , , , 29.3853462, 0.0159457, , , , , , , , , , , , , , , , , , , , , , , , , , , , 
29.3858654, 0.0411231, , , , , , , 29.3858654, -0.0068818, , , , , , , 29.3858654, -0.0162814, , , , , , , 29.3858654, 0.0159457, , , , , , , , , , , , , , , , , , , , , , , , , , , , 
29.3863846, 0.0310521, , , , , , , 29.3863846, -0.0062104, , , , , , , 29.3863846, -0.0162814, , , , , , , 29.3863846, 0.0152743, , , , , , , , , , , , , , , , , , , , , , , , , , , , 
29.3869038, 0.0204776, , , , , , , 29.3869038, -0.0048676, , , , , , , 29.3869038, -0.012253, , , , , , , 29.3869038, 0.0124208, , , , , , , , , , , , , , , , , , , , , , , , , , , , 
29.3874231, 0.0078889, , , , , , , 29.3874231, -0.0040284, , , , , , , 29.3874231, -0.008896, , , , , , , 29.3874231, 0.0109102, , , , , , , , , , , , , , , , , , , , , , , , , , , , 
29.3879423, -0.0072175, , , , , , , 29.3879423, -0.0052033, , , , , , , 29.3879423, -0.0078889, , , , , , , 29.3879423, 0.0125887, , , , , , , , , , , , , , , , , , , , , , , , , , , , 
29.3884615, -0.0209812, , , , , , , 29.3884615, -0.0060426, , , , , , , 29.3884615, -0.0085603, , , , , , , 29.3884615, 0.0146029, , , , , , , , , , , , , , , , , , , , , , , , , , , , 
29.3889808, -0.0260166, , , , , , , 29.3889808, -0.0052033, , , , , , , 29.3889808, -0.008896, , , , , , , 29.3889808, 0.017792, , , , , , , , , , , , , , , , , , , , , , , , , , , , 
29.3895, -0.0250095, , , , , , , 29.3895, -0.0062104, , , , , , , 29.3895, -0.008896, , , , , , , 29.3895, 0.021149, , , , , , , , , , , , , , , , , , , , , , , , , , , , 
29.3900192, -0.0203098, , , , , , , 29.3900192, -0.0095674, , , , , , , 29.3900192, -0.0085603, , , , , , , 29.3900192, 0.0240024, , , , , , , , , , , , , , , , , , , , , , , , , , , , 
29.3905385, -0.0146029, , , , , , , 29.3905385, -0.0095674, , , , , , , 29.3905385, -0.0082246, , , , , , , 29.3905385, 0.0280308, , , , , , , , , , , , , , , , , , , , , , , , , , , , 
29.3910577, -0.0095674, , , , , , , 29.3910577, -0.0068818, , , , , , , 29.3910577, -0.0078889, , , , , , , 29.3910577, 0.0317235, , , , , , , , , , , , , , , , , , , , , , , , , , , , 
29.3915769, -0.0048676, , , , , , , 29.3915769, -0.0068818, , , , , , , 29.3915769, -0.0095674, , , , , , , 29.3915769, 0.0327306, , , , , , , , , , , , , , , , , , , , , , , , , , , , 
29.3920962, -0.0025177, , , , , , , 29.3920962, -0.0085603, , , , , , , 29.3920962, -0.0102388, , , , , , , 29.3920962, 0.0323949, , , , , , , , , , , , , , , , , , , , , , , , , , , , 
29.3926154, 0.0010071, , , , , , , 29.3926154, -0.0109102, , , , , , , 29.3926154, -0.0082246, , , , , , , 29.3926154, 0.0297093, , , , , , , , , , , , , , , , , , , , , , , , , , , , 
29.3931346, 0.0092317, , , , , , , 29.3931346, -0.0109102, , , , , , , 29.3931346, -0.0062104, , , , , , , 29.3931346, 0.0275273, , , , , , , , , , , , , , , , , , , , , , , , , , , , 
29.3936538, 0.0137636, , , , , , , 29.3936538, -0.0097353, , , , , , , 29.3936538, -0.0058747, , , , , , , 29.3936538, 0.0280308, , , , , , , , , , , , , , , , , , , , , , , , , , , , 
29.3941731, 0.0092317, , , , , , , 29.3941731, -0.0102388, , , , , , , 29.3941731, -0.005539, , , , , , , 29.3941731, 0.0280308, , , , , , , , , , , , , , , , , , , , , , , , , , , , 
29.3946923, 0.0030213, , , , , , , 29.3946923, -0.0117494, , , , , , , 29.3946923, -0.005539, , , , , , , 29.3946923, 0.0276951, , , , , , , , , , , , , , , , , , , , , , , , , , , , 
29.3952115, 0.0036927, , , , , , , 29.3952115, -0.012253, , , , , , , 29.3952115, -0.0062104, , , , , , , 29.3952115, 0.0283665, , , , , , , , , , , , , , , , , , , , , , , , , , , , 
29.3957308, 0.0095674, , , , , , , 29.3957308, -0.0115816, , , , , , , 29.3957308, -0.0077211, , , , , , , 29.3957308, 0.0265202, , , , , , , , , , , , , , , , , , , , , , , , , , , , 
29.39625, 0.0129244, , , , , , , 29.39625, -0.0115816, , , , , , , 29.39625, -0.0085603, , , , , , , 29.39625, 0.0224918, , , , , , , , , , , , , , , , , , , , , , , , , , , , 
29.3967692, 0.0117494, , , , , , , 29.3967692, -0.0119173, , , , , , , 29.3967692, -0.0097353, , , , , , , 29.3967692, 0.0186313, , , , , , , , , , , , , , , , , , , , , , , , , , , , 
29.3972885, 0.0130922, , , , , , , 29.3972885, -0.0109102, , , , , , , 29.3972885, -0.008896, , , , , , , 29.3972885, 0.0146029, , , , , , , , , , , , , , , , , , , , , , , , , , , , 
29.3978077, 0.0119173, , , , , , , 29.3978077, -0.0095674, , , , , , , 29.3978077, -0.0078889, , , , , , , 29.3978077, 0.0112459, , , , , , , , , , , , , , , , , , , , , , , , , , , , 
29.3983269, 0.0077211, , , , , , , 29.3983269, -0.0095674, , , , , , , 29.3983269, -0.0097353, , , , , , , 29.3983269, 0.0078889, , , , , , , , , , , , , , , , , , , , , , , , , , , , 
29.3988462, 0.0038605, , , , , , , 29.3988462, -0.0092317, , , , , , , 29.3988462, -0.0115816, , , , , , , 29.3988462, 0.0077211, , , , , , , , , , , , , , , , , , , , , , , , , , , , 
29.3993654, 0.002182, , , , , , , 29.3993654, -0.0097353, , , , , , , 29.3993654, -0.0109102, , , , , , , 29.3993654, 0.0072175, , , , , , , , , , , , , , , , , , , , , , , , , , , , 
29.3998846, 0.0075532, , , , , , , 29.3998846, -0.0125887, , , , , , , 29.3998846, -0.0109102, , , , , , , 29.3998846, 0.0058747, , , , , , , , , , , , , , , , , , , , , , , , , , , , 
29.4004038, 0.0125887, , , , , , , 29.4004038, -0.0129244, , , , , , , 29.4004038, -0.0124208, , , , , , , 29.4004038, 0.0050355, , , , , , , , , , , , , , , , , , , , , , , , , , , , 
29.4009231, 0.0119173, , , , , , , 29.4009231, -0.0112459, , , , , , , 29.4009231, -0.0125887, , , , , , , 29.4009231, 0.005539, , , , , , , , , , , , , , , , , , , , , , , , , , , , 
29.4014423, 0.0078889, , , , , , , 29.4014423, -0.0105745, , , , , , , 29.4014423, -0.0119173, , , , , , , 29.4014423, 0.0052033, , , , , , , , , , , , , , , , , , , , , , , , , , , , 
29.4019615, 0.0105745, , , , , , , 29.4019615, -0.0095674, , , , , , , 29.4019615, -0.0109102, , , , , , , 29.4019615, 0.0052033, , , , , , , , , , , , , , , , , , , , , , , , , , , , 
29.4024808, 0.0186313, , , , , , , 29.4024808, -0.0072175, , , , , , , 29.4024808, -0.0109102, , , , , , , 29.4024808, 0.0050355, , , , , , , , , , , , , , , , , , , , , , , , , , , , 
29.403, 0.0219883, , , , , , , 29.403, -0.0070497, , , , , , , 29.403, -0.0095674, , , , , , , 29.403, 0.0030213, , , , , , , , , , , , , , , , , , , , , , , , , , , , 
29.4035192, 0.0216526, , , , , , , 29.4035192, -0.008896, , , , , , , 29.4035192, -0.0102388, , , , , , , 29.4035192, 0.0023499, , , , , , , , , , , , , , , , , , , , , , , , , , , , 
29.4040385, 0.0243381, , , , , , , 29.4040385, -0.008896, , , , , , , 29.4040385, -0.0105745, , , , , , , 29.4040385, 0.002182, , , , , , , , , , , , , , , , , , , , , , , , , , , , 
29.4045577, 0.0290379, , , , , , , 29.4045577, -0.0077211, , , , , , , 29.4045577, -0.0105745, , , , , , , 29.4045577, 0.0005035, , , , , , , , , , , , , , , , , , , , , , , , , , , , 
29.4050769, 0.033402, , , , , , , 29.4050769, -0.0072175, , , , , , , 29.4050769, -0.012253, , , , , , , 29.4050769, 0.0011749, , , , , , , , , , , , , , , , , , , , , , , , , , , , 
29.4055962, 0.036759, , , , , , , 29.4055962, -0.0062104, , , , , , , 29.4055962, -0.0132601, , , , , , , 29.4055962, 0.0011749, , , , , , , , , , , , , , , , , , , , , , , , , , , , 
29.4061154, 0.0407874, , , , , , , 29.4061154, -0.0035248, , , , , , , 29.4061154, -0.0115816, , , , , , , 29.4061154, -0.0008392, , , , , , , , , , , , , , , , , , , , , , , , , , , , 
29.4066346, 0.0433051, , , , , , , 29.4066346, -0.0031891, , , , , , , 29.4066346, -0.0112459, , , , , , , 29.4066346, -0.0041962, , , , , , , , , , , , , , , , , , , , , , , , , , , , 
29.4071538, 0.0419623, , , , , , , 29.4071538, -0.0035248, , , , , , , 29.4071538, -0.0099031, , , , , , , 29.4071538, -0.0058747, , , , , , , , , , , , , , , , , , , , , , , , , , , , 
29.4076731, 0.030045, , , , , , , 29.4076731, -0.0041962, , , , , , , 29.4076731, -0.0092317, , , , , , , 29.4076731, -0.0062104, , , , , , , , , , , , , , , , , , , , , , , , , , , , 
29.4081923, 0.01561, , , , , , , 29.4081923, -0.0048676, , , , , , , 29.4081923, -0.0085603, , , , , , , 29.4081923, -0.005539, , , , , , , , , , , , , , , , , , , , , , , , , , , , 
29.4087115, 0.0078889, , , , , , , 29.4087115, -0.0052033, , , , , , , 29.4087115, -0.0072175, , , , , , , 29.4087115, -0.0031891, , , , , , , , , , , , , , , , , , , , , , , , , , , , 
29.4092308, 0.0082246, , , , , , , 29.4092308, -0.0062104, , , , , , , 29.4092308, -0.005539, , , , , , , 29.4092308, -0.0008392, , , , , , , , , , , , , , , , , , , , , , , , , , , , 
29.40975, 0.002182, , , , , , , 29.40975, -0.0082246, , , , , , , 29.40975, -0.0041962, , , , , , , 29.40975, 0.0011749, , , , , , , , , , , , , , , , , , , , , , , , , , , , 
29.4102692, -0.0048676, , , , , , , 29.4102692, -0.008896, , , , , , , 29.4102692, -0.0028534, , , , , , , 29.4102692, 0.0041962, , , , , , , , , , , , , , , , , , , , , , , , , , , , 
29.4107885, -0.0075532, , , , , , , 29.4107885, -0.008896, , , , , , , 29.4107885, -0.0016785, , , , , , , 29.4107885, 0.0078889, , , , , , , , , , , , , , , , , , , , , , , , , , , , 
29.4113077, -0.0083925, , , , , , , 29.4113077, -0.0095674, , , , , , , 29.4113077, -0.0008392, , , , , , , 29.4113077, 0.0115816, , , , , , , , , , , , , , , , , , , , , , , , , , , , 
29.4118269, -0.0038605, , , , , , , 29.4118269, -0.0092317, , , , , , , 29.4118269, -0.0011749, , , , , , , 29.4118269, 0.0132601, , , , , , , , , , , , , , , , , , , , , , , , , , , , 
29.4123462, 0.0082246, , , , , , , 29.4123462, -0.0075532, , , , , , , 29.4123462, -0.002182, , , , , , , 29.4123462, 0.0135958, , , , , , , , , , , , , , , , , , , , , , , , , , , , 
29.4128654, 0.0196384, , , , , , , 29.4128654, -0.0062104, , , , , , , 29.4128654, -0.0045319, , , , , , , 29.4128654, 0.0135958, , , , , , , , , , , , , , , , , , , , , , , , , , , , 
29.4133846, 0.0246738, , , , , , , 29.4133846, -0.0041962, , , , , , , 29.4133846, -0.0041962, , , , , , , 29.4133846, 0.0162814, , , , , , , , , , , , , , , , , , , , , , , , , , , , 
29.4139038, 0.0246738, , , , , , , 29.4139038, -0.0028534, , , , , , , 29.4139038, -0.0011749, , , , , , , 29.4139038, 0.0179599, , , , , , , , , , , , , , , , , , , , , , , , , , , , 
29.4144231, 0.0149386, , , , , , , 29.4144231, -0.0038605, , , , , , , 29.4144231, -0.0008392, , , , , , , 29.4144231, 0.01561, , , , , , , , , , , , , , , , , , , , , , , , , , , , 
29.4149423, 0.0011749, , , , , , , 29.4149423, -0.0052033, , , , , , , 29.4149423, -0.0035248, , , , , , , 29.4149423, 0.0117494, , , , , , , , , , , , , , , , , , , , , , , , , , , , 
29.4154615, -0.0075532, , , , , , , 29.4154615, -0.005539, , , , , , , 29.4154615, -0.0043641, , , , , , , 29.4154615, 0.0078889, , , , , , , , , , , , , , , , , , , , , , , , , , , , 
29.4159808, -0.0048676, , , , , , , 29.4159808, -0.005539, , , , , , , 29.4159808, -0.0048676, , , , , , , 29.4159808, 0.0058747, , , , , , , , , , , , , , , , , , , , , , , , , , , , 
29.4165, 0.0001678, , , , , , , 29.4165, -0.005539, , , , , , , 29.4165, -0.0048676, , , , , , , 29.4165, 0.0063783, , , , , , , , , , , , , , , , , , , , , , , , , , , , 
29.4170192, -0.0011749, , , , , , , 29.4170192, -0.0058747, , , , , , , 29.4170192, -0.0043641, , , , , , , 29.4170192, 0.0065461, , , , , , , , , , , , , , , , , , , , , , , , , , , , 
29.4175385, 0.0052033, , , , , , , 29.4175385, -0.0075532, , , , , , , 29.4175385, -0.0035248, , , , , , , 29.4175385, 0.0065461, , , , , , , , , , , , , , , , , , , , , , , , , , , , 
29.4180577, 0.0203098, , , , , , , 29.4180577, -0.0078889, , , , , , , 29.4180577, -0.0031891, , , , , , , 29.4180577, 0.0065461, , , , , , , , , , , , , , , , , , , , , , , , , , , , 
29.4185769, 0.0313878, , , , , , , 29.4185769, -0.0068818, , , , , , , 29.4185769, -0.0045319, , , , , , , 29.4185769, 0.0058747, , , , , , , , , , , , , , , , , , , , , , , , , , , , 
29.4190962, 0.036759, , , , , , , 29.4190962, -0.0068818, , , , , , , 29.4190962, -0.0052033, , , , , , , 29.4190962, 0.0062104, , , , , , , , , , , , , , , , , , , , , , , , , , , , 
29.4196154, 0.0488441, , , , , , , 29.4196154, -0.0082246, , , , , , , 29.4196154, -0.0048676, , , , , , , 29.4196154, 0.0072175, , , , , , , , , , , , , , , , , , , , , , , , , , , , 
29.4201346, 0.066804, , , , , , , 29.4201346, -0.0078889, , , , , , , 29.4201346, -0.0048676, , , , , , , 29.4201346, 0.0078889, , , , , , , , , , , , , , , , , , , , , , , , , , , , 
29.4206538, 0.0694896, , , , , , , 29.4206538, -0.0082246, , , , , , , 29.4206538, -0.0062104, , , , , , , 29.4206538, 0.0078889, , , , , , , , , , , , , , , , , , , , , , , , , , , , 
29.4211731, 0.0548867, , , , , , , 29.4211731, -0.0078889, , , , , , , 29.4211731, -0.0077211, , , , , , , 29.4211731, 0.0078889, , , , , , , , , , , , , , , , , , , , , , , , , , , , 
29.4216923, 0.0360876, , , , , , , 29.4216923, -0.0068818, , , , , , , 29.4216923, -0.0082246, , , , , , , 29.4216923, 0.0085603, , , , , , , , , , , , , , , , , , , , , , , , , , , , 
29.4222115, 0.0253452, , , , , , , 29.4222115, -0.0063783, , , , , , , 29.4222115, -0.0095674, , , , , , , 29.4222115, 0.0099031, , , , , , , , , , , , , , , , , , , , , , , , , , , , 
29.4227308, 0.0219883, , , , , , , 29.4227308, -0.0070497, , , , , , , 29.4227308, -0.0102388, , , , , , , 29.4227308, 0.008896, , , , , , , , , , , , , , , , , , , , , , , , , , , , 
29.42325, 0.0194705, , , , , , , 29.42325, -0.0063783, , , , , , , 29.42325, -0.0099031, , , , , , , 29.42325, 0.0062104, , , , , , , , , , , , , , , , , , , , , , , , , , , , 
29.4237692, 0.018967, , , , , , , 29.4237692, -0.0043641, , , , , , , 29.4237692, -0.0083925, , , , , , , 29.4237692, 0.0031891, , , , , , , , , , , , , , , , , , , , , , , , , , , , 
29.4242885, 0.0226596, , , , , , , 29.4242885, -0.0041962, , , , , , , 29.4242885, -0.0082246, , , , , , , 29.4242885, 0.0011749, , , , , , , , , , , , , , , , , , , , , , , , , , , , 
29.4248077, 0.0226596, , , , , , , 29.4248077, -0.005539, , , , , , , 29.4248077, -0.0112459, , , , , , , 29.4248077, 0.0001678, , , , , , , , , , , , , , , , , , , , , , , , , , , , 
29.4253269, 0.023331, , , , , , , 29.4253269, -0.0072175, , , , , , , 29.4253269, -0.0129244, , , , , , , 29.4253269, -0.0005035, , , , , , , , , , , , , , , , , , , , , , , , , , , , 
29.4258462, 0.0287022, , , , , , , 29.4258462, -0.0087282, , , , , , , 29.4258462, -0.0132601, , , , , , , 29.4258462, -0.002182, , , , , , , , , , , , , , , , , , , , , , , , , , , , 
29.4263654, 0.03122, , , , , , , 29.4263654, -0.0078889, , , , , , , 29.4263654, -0.0112459, , , , , , , 29.4263654, -0.002182, , , , , , , , , , , , , , , , , , , , , , , , , , , , 
29.4268846, 0.0297093, , , , , , , 29.4268846, -0.0072175, , , , , , , 29.4268846, -0.0109102, , , , , , , 29.4268846, -0.0015106, , , , , , , , , , , , , , , , , , , , , , , , , , , , 
29.4274038, 0.0219883, , , , , , , 29.4274038, -0.0075532, , , , , , , 29.4274038, -0.0124208, , , , , , , 29.4274038, -0.0018463, , , , , , , , , , , , , , , , , , , , , , , , , , , , 
29.4279231, 0.008896, , , , , , , 29.4279231, -0.0075532, , , , , , , 29.4279231, -0.0129244, , , , , , , 29.4279231, -0.0001678, , , , , , , , , , , , , , , , , , , , , , , , , , , , 
29.4284423, -0.0010071, , , , , , , 29.4284423, -0.0077211, , , , , , , 29.4284423, -0.0142672, , , , , , , 29.4284423, 0.0031891, , , , , , , , , , , , , , , , , , , , , , , , , , , , 
29.4289615, -0.0092317, , , , , , , 29.4289615, -0.0095674, , , , , , , 29.4289615, -0.0135958, , , , , , , 29.4289615, 0.0045319, , , , , , , , , , , , , , , , , , , , , , , , , , , , 
29.4294808, -0.0152743, , , , , , , 29.4294808, -0.0104067, , , , , , , 29.4294808, -0.0112459, , , , , , , 29.4294808, 0.002182, , , , , , , , , , , , , , , , , , , , , , , , , , , , 
29.43, -0.018967, , , , , , , 29.43, -0.0102388, , , , , , , 29.43, -0.0109102, , , , , , , 29.43, 0.0011749, , , , , , , , , , , , , , , , , , , , , , , , , , , , 
29.4305192, -0.0172885, , , , , , , 29.4305192, -0.011078, , , , , , , 29.4305192, -0.0095674, , , , , , , 29.4305192, 0.0036927, , , , , , , , , , , , , , , , , , , , , , , , , , , , 
29.4310385, -0.0169528, , , , , , , 29.4310385, -0.0125887, , , , , , , 29.4310385, -0.0062104, , , , , , , 29.4310385, 0.0058747, , , , , , , , , , , , , , , , , , , , , , , , , , , , 
29.4315577, -0.0209812, , , , , , , 29.4315577, -0.0117494, , , , , , , 29.4315577, -0.005539, , , , , , , 29.4315577, 0.0078889, , , , , , , , , , , , , , , , , , , , , , , , , , , , 
29.4320769, -0.0229953, , , , , , , 29.4320769, -0.0125887, , , , , , , 29.4320769, -0.0065461, , , , , , , 29.4320769, 0.0085603, , , , , , , , , , , , , , , , , , , , , , , , , , , , 
29.4325962, -0.0186313, , , , , , , 29.4325962, -0.0146029, , , , , , , 29.4325962, -0.0062104, , , , , , , 29.4325962, 0.0099031, , , , , , , , , , , , , , , , , , , , , , , , , , , , 
29.4331154, -0.0135958, , , , , , , 29.4331154, -0.0132601, , , , , , , 29.4331154, -0.005539, , , , , , , 29.4331154, 0.0129244, , , , , , , , , , , , , , , , , , , , , , , , , , , , 
29.4336346, -0.0093996, , , , , , , 29.4336346, -0.0115816, , , , , , , 29.4336346, -0.0058747, , , , , , , 29.4336346, 0.0152743, , , , , , , , , , , , , , , , , , , , , , , , , , , , 
29.4341538, -0.0003357, , , , , , , 29.4341538, -0.0099031, , , , , , , 29.4341538, -0.0068818, , , , , , , 29.4341538, 0.0137636, , , , , , , , , , , , , , , , , , , , , , , , , , , , 
29.4346731, 0.0099031, , , , , , , 29.4346731, -0.0095674, , , , , , , 29.4346731, -0.0082246, , , , , , , 29.4346731, 0.0092317, , , , , , , , , , , , , , , , , , , , , , , , , , , , 
29.4351923, 0.0075532, , , , , , , 29.4351923, -0.0104067, , , , , , , 29.4351923, -0.0085603, , , , , , , 29.4351923, 0.0048676, , , , , , , , , , , , , , , , , , , , , , , , , , , , 
29.4357115, -0.002182, , , , , , , 29.4357115, -0.012253, , , , , , , 29.4357115, -0.0062104, , , , , , , 29.4357115, 0.0045319, , , , , , , , , , , , , , , , , , , , , , , , , , , , 
29.4362308, -0.0035248, , , , , , , 29.4362308, -0.012253, , , , , , , 29.4362308, -0.0028534, , , , , , , 29.4362308, 0.008896, , , , , , , , , , , , , , , , , , , , , , , , , , , , 
29.43675, 0.0077211, , , , , , , 29.43675, -0.008896, , , , , , , 29.43675, -0.0003357, , , , , , , 29.43675, 0.0130922, , , , , , , , , , , , , , , , , , , , , , , , , , , , 
29.4372692, 0.0276951, , , , , , , 29.4372692, -0.0045319, , , , , , , 29.4372692, 0.0010071, , , , , , , 29.4372692, 0.0146029, , , , , , , , , , , , , , , , , , , , , , , , , , , , 
29.4377885, 0.0433051, , , , , , , 29.4377885, -0.0060426, , , , , , , 29.4377885, 0.0008392, , , , , , , 29.4377885, 0.0119173, , , , , , , , , , , , , , , , , , , , , , , , , , , , 
29.4383077, 0.0414588, , , , , , , 29.4383077, -0.0078889, , , , , , , 29.4383077, -0.0008392, , , , , , , 29.4383077, 0.0102388, , , , , , , , , , , , , , , , , , , , , , , , , , , , 
29.4388269, 0.0360876, , , , , , , 29.4388269, -0.0082246, , , , , , , 29.4388269, -0.0025177, , , , , , , 29.4388269, 0.0105745, , , , , , , , , , , , , , , , , , , , , , , , , , , , 
29.4393462, 0.0374304, , , , , , , 29.4393462, -0.0062104, , , , , , , 29.4393462, -0.005539, , , , , , , 29.4393462, 0.0085603, , , , , , , , , , , , , , , , , , , , , , , , , , , , 
29.4398654, 0.0387732, , , , , , , 29.4398654, -0.0058747, , , , , , , 29.4398654, -0.0082246, , , , , , , 29.4398654, 0.0077211, , , , , , , , , , , , , , , , , , , , , , , , , , , , 
29.4403846, 0.0360876, , , , , , , 29.4403846, -0.0068818, , , , , , , 29.4403846, -0.0095674, , , , , , , 29.4403846, 0.0092317, , , , , , , , , , , , , , , , , , , , , , , , , , , , 
29.4409038, 0.0307164, , , , , , , 29.4409038, -0.0057069, , , , , , , 29.4409038, -0.0077211, , , , , , , 29.4409038, 0.0095674, , , , , , , , , , , , , , , , , , , , , , , , , , , , 
29.4414231, 0.023331, , , , , , , 29.4414231, -0.0045319, , , , , , , 29.4414231, -0.0048676, , , , , , , 29.4414231, 0.0078889, , , , , , , , , , , , , , , , , , , , , , , , , , , , 
29.4419423, 0.0186313, , , , , , , 29.4419423, -0.0068818, , , , , , , 29.4419423, -0.0048676, , , , , , , 29.4419423, 0.0078889, , , , , , , , , , , , , , , , , , , , , , , , , , , , 
29.4424615, 0.0203098, , , , , , , 29.4424615, -0.0102388, , , , , , , 29.4424615, -0.0057069, , , , , , , 29.4424615, 0.008896, , , , , , , , , , , , , , , , , , , , , , , , , , , , 
29.4429808, 0.0206455, , , , , , , 29.4429808, -0.0105745, , , , , , , 29.4429808, -0.0058747, , , , , , , 29.4429808, 0.0119173, , , , , , , , , , , , , , , , , , , , , , , , , , , , 
29.4435, 0.0102388, , , , , , , 29.4435, -0.0078889, , , , , , , 29.4435, -0.0072175, , , , , , , 29.4435, 0.0125887, , , , , , , , , , , , , , , , , , , , , , , , , , , , 
29.4440192, 0.0030213, , , , , , , 29.4440192, -0.0062104, , , , , , , 29.4440192, -0.0078889, , , , , , , 29.4440192, 0.010071, , , , , , , , , , , , , , , , , , , , , , , , , , , , 
29.4445385, 0.0062104, , , , , , , 29.4445385, -0.0075532, , , , , , , 29.4445385, -0.0068818, , , , , , , 29.4445385, 0.0052033, , , , , , , , , , , , , , , , , , , , , , , , , , , , 
29.4450577, 0.0127565, , , , , , , 29.4450577, -0.0075532, , , , , , , 29.4450577, -0.0063783, , , , , , , 29.4450577, -0.0008392, , , , , , , , , , , , , , , , , , , , , , , , , , , , 
29.4455769, 0.0151064, , , , , , , 29.4455769, -0.0077211, , , , , , , 29.4455769, -0.0078889, , , , , , , 29.4455769, -0.0048676, , , , , , , , , , , , , , , , , , , , , , , , , , , , 
29.4460962, 0.0172885, , , , , , , 29.4460962, -0.0082246, , , , , , , 29.4460962, -0.0112459, , , , , , , 29.4460962, -0.0063783, , , , , , , , , , , , , , , , , , , , , , , , , , , , 
29.4466154, 0.0186313, , , , , , , 29.4466154, -0.0065461, , , , , , , 29.4466154, -0.0119173, , , , , , , 29.4466154, -0.005539, , , , , , , , , , , , , , , , , , , , , , , , , , , , 
29.4471346, 0.0179599, , , , , , , 29.4471346, -0.0045319, , , , , , , 29.4471346, -0.0125887, , , , , , , 29.4471346, -0.0018463, , , , , , , , , , , , , , , , , , , , , , , , , , , , 
29.4476538, 0.0172885, , , , , , , 29.4476538, -0.005539, , , , , , , 29.4476538, -0.0140993, , , , , , , 29.4476538, 0.0018463, , , , , , , , , , , , , , , , , , , , , , , , , , , , 
29.4481731, 0.0182956, , , , , , , 29.4481731, -0.0085603, , , , , , , 29.4481731, -0.0139315, , , , , , , 29.4481731, 0.0045319, , , , , , , , , , , , , , , , , , , , , , , , , , , , 
29.4486923, 0.0146029, , , , , , , 29.4486923, -0.0095674, , , , , , , 29.4486923, -0.0105745, , , , , , , 29.4486923, 0.0065461, , , , , , , , , , , , , , , , , , , , , , , , , , , , 
29.4492115, 0.0075532, , , , , , , 29.4492115, -0.0082246, , , , , , , 29.4492115, -0.0085603, , , , , , , 29.4492115, 0.0119173, , , , , , , , , , , , , , , , , , , , , , , , , , , , 
29.4497308, 0.0038605, , , , , , , 29.4497308, -0.0068818, , , , , , , 29.4497308, -0.0090639, , , , , , , 29.4497308, 0.0169528, , , , , , , , , , , , , , , , , , , , , , , , , , , , 
29.45025, -0.0001678, , , , , , , 29.45025, -0.008896, , , , , , , 29.45025, -0.0092317, , , , , , , 29.45025, 0.0199741, , , , , , , , , , , , , , , , , , , , , , , , , , , , 
29.4507692, 0.0005035, , , , , , , 29.4507692, -0.0109102, , , , , , , 29.4507692, -0.008896, , , , , , , 29.4507692, 0.0243381, , , , , , , , , , , , , , , , , , , , , , , , , , , , 
29.4512885, 0.0065461, , , , , , , 29.4512885, -0.0095674, , , , , , , 29.4512885, -0.0075532, , , , , , , 29.4512885, 0.0280308, , , , , , , , , , , , , , , , , , , , , , , , , , , , 
29.4518077, 0.0057069, , , , , , , 29.4518077, -0.0070497, , , , , , , 29.4518077, -0.0085603, , , , , , , 29.4518077, 0.0317235, , , , , , , , , , , , , , , , , , , , , , , , , , , , 
29.4523269, 0.0050355, , , , , , , 29.4523269, -0.0070497, , , , , , , 29.4523269, -0.0105745, , , , , , , 29.4523269, 0.0323949, , , , , , , , , , , , , , , , , , , , , , , , , , , , 
29.4528462, 0.0063783, , , , , , , 29.4528462, -0.0078889, , , , , , , 29.4528462, -0.0102388, , , , , , , 29.4528462, 0.0342412, , , , , , , , , , , , , , , , , , , , , , , , , , , , 
29.4533654, 0.0058747, , , , , , , 29.4533654, -0.0068818, , , , , , , 29.4533654, -0.0072175, , , , , , , 29.4533654, 0.0391089, , , , , , , , , , , , , , , , , , , , , , , , , , , , 
29.4538846, 0.0008392, , , , , , , 29.4538846, -0.0062104, , , , , , , 29.4538846, -0.0062104, , , , , , , 29.4538846, 0.0414588, , , , , , , , , , , , , , , , , , , , , , , , , , , , 
29.4544038, 0.0031891, , , , , , , 29.4544038, -0.0082246, , , , , , , 29.4544038, -0.0090639, , , , , , , 29.4544038, 0.0360876, , , , , , , , , , , , , , , , , , , , , , , , , , , , 
29.4549231, 0.0117494, , , , , , , 29.4549231, -0.0077211, , , , , , , 29.4549231, -0.0109102, , , , , , , 29.4549231, 0.0280308, , , , , , , , , , , , , , , , , , , , , , , , , , , , 
29.4554423, 0.0149386, , , , , , , 29.4554423, -0.005539, , , , , , , 29.4554423, -0.0109102, , , , , , , 29.4554423, 0.0256809, , , , , , , , , , , , , , , , , , , , , , , , , , , , 
29.4559615, 0.0139315, , , , , , , 29.4559615, -0.005539, , , , , , , 29.4559615, -0.0104067, , , , , , , 29.4559615, 0.0250095, , , , , , , , , , , , , , , , , , , , , , , , , , , , 
29.4564808, 0.0105745, , , , , , , 29.4564808, -0.0068818, , , , , , , 29.4564808, -0.0090639, , , , , , , 29.4564808, 0.0213169, , , , , , , , , , , , , , , , , , , , , , , , , , , , 
29.457, 0.0057069, , , , , , , 29.457, -0.0078889, , , , , , , 29.457, -0.0072175, , , , , , , 29.457, 0.0204776, , , , , , , , , , , , , , , , , , , , , , , , , , , , 
29.4575192, 0.005539, , , , , , , 29.4575192, -0.0068818, , , , , , , 29.4575192, -0.0068818, , , , , , , 29.4575192, 0.0206455, , , , , , , , , , , , , , , , , , , , , , , , , , , , 
29.4580385, 0.0057069, , , , , , , 29.4580385, -0.0057069, , , , , , , 29.4580385, -0.0058747, , , , , , , 29.4580385, 0.0219883, , , , , , , , , , , , , , , , , , , , , , , , , , , , 
29.4585577, 0.0065461, , , , , , , 29.4585577, -0.0038605, , , , , , , 29.4585577, -0.0052033, , , , , , , 29.4585577, 0.0213169, , , , , , , , , , , , , , , , , , , , , , , , , , , , 
29.4590769, 0.0085603, , , , , , , 29.4590769, -0.0028534, , , , , , , 29.4590769, -0.0048676, , , , , , , 29.4590769, 0.0203098, , , , , , , , , , , , , , , , , , , , , , , , , , , , 
29.4595962, 0.0099031, , , , , , , 29.4595962, -0.005539, , , , , , , 29.4595962, -0.0063783, , , , , , , 29.4595962, 0.0199741, , , , , , , , , , , , , , , , , , , , , , , , , , , , 
29.4601154, 0.0154421, , , , , , , 29.4601154, -0.0085603, , , , , , , 29.4601154, -0.0068818, , , , , , , 29.4601154, 0.0206455, , , , , , , , , , , , , , , , , , , , , , , , , , , , 
29.4606346, 0.0218204, , , , , , , 29.4606346, -0.0082246, , , , , , , 29.4606346, -0.0062104, , , , , , , 29.4606346, 0.0216526, , , , , , , , , , , , , , , , , , , , , , , , , , , , 
29.4611538, 0.0273594, , , , , , , 29.4611538, -0.0078889, , , , , , , 29.4611538, -0.0082246, , , , , , , 29.4611538, 0.0218204, , , , , , , , , , , , , , , , , , , , , , , , , , , , 
29.4616731, 0.0340734, , , , , , , 29.4616731, -0.0082246, , , , , , , 29.4616731, -0.0102388, , , , , , , 29.4616731, 0.0193027, , , , , , , , , , , , , , , , , , , , , , , , , , , , 
29.4621923, 0.043473, , , , , , , 29.4621923, -0.0058747, , , , , , , 29.4621923, -0.0095674, , , , , , , 29.4621923, 0.01561, , , , , , , , , , , , , , , , , , , , , , , , , , , , 
29.4627115, 0.0454871, , , , , , , 29.4627115, -0.0050355, , , , , , , 29.4627115, -0.0085603, , , , , , , 29.4627115, 0.0151064, , , , , , , , , , , , , , , , , , , , , , , , , , , , 
29.4632308, 0.0365911, , , , , , , 29.4632308, -0.0068818, , , , , , , 29.4632308, -0.0078889, , , , , , , 29.4632308, 0.0146029, , , , , , , , , , , , , , , , , , , , , , , , , , , , 
29.46375, 0.0280308, , , , , , , 29.46375, -0.008896, , , , , , , 29.46375, -0.0075532, , , , , , , 29.46375, 0.0124208, , , , , , , , , , , , , , , , , , , , , , , , , , , , 
29.4642692, 0.0263523, , , , , , , 29.4642692, -0.0085603, , , , , , , 29.4642692, -0.008896, , , , , , , 29.4642692, 0.0078889, , , , , , , , , , , , , , , , , , , , , , , , , , , , 
29.4647885, 0.0313878, , , , , , , 29.4647885, -0.0062104, , , , , , , 29.4647885, -0.0099031, , , , , , , 29.4647885, 0.0025177, , , , , , , , , , , , , , , , , , , , , , , , , , , , 
29.4653077, 0.0354162, , , , , , , 29.4653077, -0.0046998, , , , , , , 29.4653077, -0.0105745, , , , , , , 29.4653077, 0.0003357, , , , , , , , , , , , , , , , , , , , , , , , , , , , 
29.4658269, 0.0340734, , , , , , , 29.4658269, -0.0057069, , , , , , , 29.4658269, -0.0117494, , , , , , , 29.4658269, 0.0025177, , , , , , , , , , , , , , , , , , , , , , , , , , , , 
29.4663462, 0.0307164, , , , , , , 29.4663462, -0.0041962, , , , , , , 29.4663462, -0.012253, , , , , , , 29.4663462, 0.0045319, , , , , , , , , , , , , , , , , , , , , , , , , , , , 
29.4668654, 0.0273594, , , , , , , 29.4668654, -0.0031891, , , , , , , 29.4668654, -0.0115816, , , , , , , 29.4668654, 0.0028534, , , , , , , , , , , , , , , , , , , , , , , , , , , , 
29.4673846, 0.0226596, , , , , , , 29.4673846, -0.0038605, , , , , , , 29.4673846, -0.0112459, , , , , , , 29.4673846, 0.0031891, , , , , , , , , , , , , , , , , , , , , , , , , , , , 
29.4679038, 0.0119173, , , , , , , 29.4679038, -0.0048676, , , , , , , 29.4679038, -0.0119173, , , , , , , 29.4679038, 0.0072175, , , , , , , , , , , , , , , , , , , , , , , , , , , , 
29.4684231, 0.0052033, , , , , , , 29.4684231, -0.0062104, , , , , , , 29.4684231, -0.0112459, , , , , , , 29.4684231, 0.0132601, , , , , , , , , , , , , , , , , , , , , , , , , , , , 
29.4689423, 0.0025177, , , , , , , 29.4689423, -0.0068818, , , , , , , 29.4689423, -0.0092317, , , , , , , 29.4689423, 0.0166171, , , , , , , , , , , , , , , , , , , , , , , , , , , , 
29.4694615, -0.0018463, , , , , , , 29.4694615, -0.0052033, , , , , , , 29.4694615, -0.0072175, , , , , , , 29.4694615, 0.0186313, , , , , , , , , , , , , , , , , , , , , , , , , , , , 
29.4699808, -0.0073854, , , , , , , 29.4699808, -0.003357, , , , , , , 29.4699808, -0.0062104, , , , , , , 29.4699808, 0.0218204, , , , , , , , , , , , , , , , , , , , , , , , , , , , 
29.4705, -0.0099031, , , , , , , 29.4705, -0.0041962, , , , , , , 29.4705, -0.0048676, , , , , , , 29.4705, 0.0246738, , , , , , , , , , , , , , , , , , , , , , , , , , , , 
29.4710192, -0.0139315, , , , , , , 29.4710192, -0.0072175, , , , , , , 29.4710192, -0.0038605, , , , , , , 29.4710192, 0.0273594, , , , , , , , , , , , , , , , , , , , , , , , , , , , 
29.4715385, -0.0186313, , , , , , , 29.4715385, -0.0095674, , , , , , , 29.4715385, -0.0041962, , , , , , , 29.4715385, 0.0290379, , , , , , , , , , , , , , , , , , , , , , , , , , , , 
29.4720577, -0.0219883, , , , , , , 29.4720577, -0.0099031, , , , , , , 29.4720577, -0.0038605, , , , , , , 29.4720577, 0.030045, , , , , , , , , , , , , , , , , , , , , , , , , , , , 
29.4725769, -0.0256809, , , , , , , 29.4725769, -0.0102388, , , , , , , 29.4725769, -0.0038605, , , , , , , 29.4725769, 0.0307164, , , , , , , , , , , , , , , , , , , , , , , , , , , , 
29.4730962, -0.0287022, , , , , , , 29.4730962, -0.0087282, , , , , , , 29.4730962, -0.0041962, , , , , , , 29.4730962, 0.0317235, , , , , , , , , , , , , , , , , , , , , , , , , , , , 
29.4736154, -0.0288701, , , , , , , 29.4736154, -0.0068818, , , , , , , 29.4736154, -0.0045319, , , , , , , 29.4736154, 0.0313878, , , , , , , , , , , , , , , , , , , , , , , , , , , , 
29.4741346, -0.0265202, , , , , , , 29.4741346, -0.0058747, , , , , , , 29.4741346, -0.0058747, , , , , , , 29.4741346, 0.0307164, , , , , , , , , , , , , , , , , , , , , , , , , , , , 
29.4746538, -0.0193027, , , , , , , 29.4746538, -0.0068818, , , , , , , 29.4746538, -0.0058747, , , , , , , 29.4746538, 0.0285344, , , , , , , , , , , , , , , , , , , , , , , , , , , , 
29.4751731, -0.0082246, , , , , , , 29.4751731, -0.0072175, , , , , , , 29.4751731, -0.0035248, , , , , , , 29.4751731, 0.0240024, , , , , , , , , , , , , , , , , , , , , , , , , , , , 
29.4756923, 0.0038605, , , , , , , 29.4756923, -0.0065461, , , , , , , 29.4756923, -0.0015106, , , , , , , 29.4756923, 0.0219883, , , , , , , , , , , , , , , , , , , , , , , , , , , , 
29.4762115, 0.0132601, , , , , , , 29.4762115, -0.0068818, , , , , , , 29.4762115, -0.0035248, , , , , , , 29.4762115, 0.0198062, , , , , , , , , , , , , , , , , , , , , , , , , , , , 
29.4767308, 0.0240024, , , , , , , 29.4767308, -0.0075532, , , , , , , 29.4767308, -0.0068818, , , , , , , 29.4767308, 0.0169528, , , , , , , , , , , , , , , , , , , , , , , , , , , , 
29.47725, 0.0310521, , , , , , , 29.47725, -0.0075532, , , , , , , 29.47725, -0.008896, , , , , , , 29.47725, 0.014435, , , , , , , , , , , , , , , , , , , , , , , , , , , , 
29.4777692, 0.0293736, , , , , , , 29.4777692, -0.0078889, , , , , , , 29.4777692, -0.0077211, , , , , , , 29.4777692, 0.0115816, , , , , , , , , , , , , , , , , , , , , , , , , , , , 
29.4782885, 0.0263523, , , , , , , 29.4782885, -0.0092317, , , , , , , 29.4782885, -0.0073854, , , , , , , 29.4782885, 0.0092317, , , , , , , , , , , , , , , , , , , , , , , , , , , , 
29.4788077, 0.0219883, , , , , , , 29.4788077, -0.0102388, , , , , , , 29.4788077, -0.0082246, , , , , , , 29.4788077, 0.0072175, , , , , , , , , , , , , , , , , , , , , , , , , , , , 
29.4793269, 0.0213169, , , , , , , 29.4793269, -0.0105745, , , , , , , 29.4793269, -0.0105745, , , , , , , 29.4793269, 0.0045319, , , , , , , , , , , , , , , , , , , , , , , , , , , , 
29.4798462, 0.0224918, , , , , , , 29.4798462, -0.0085603, , , , , , , 29.4798462, -0.0102388, , , , , , , 29.4798462, 0.0011749, , , , , , , , , , , , , , , , , , , , , , , , , , , , 
29.4803654, 0.024506, , , , , , , 29.4803654, -0.0058747, , , , , , , 29.4803654, -0.0102388, , , , , , , 29.4803654, -0.0015106, , , , , , , , , , , , , , , , , , , , , , , , , , , , 
29.4808846, 0.0240024, , , , , , , 29.4808846, -0.0058747, , , , , , , 29.4808846, -0.0109102, , , , , , , 29.4808846, -0.0015106, , , , , , , , , , , , , , , , , , , , , , , , , , , , 
29.4814038, 0.0172885, , , , , , , 29.4814038, -0.0063783, , , , , , , 29.4814038, -0.011078, , , , , , , 29.4814038, -0.0041962, , , , , , , , , , , , , , , , , , , , , , , , , , , , 
29.4819231, 0.0109102, , , , , , , 29.4819231, -0.0068818, , , , , , , 29.4819231, -0.0099031, , , , , , , 29.4819231, -0.0052033, , , , , , , , , , , , , , , , , , , , , , , , , , , , 
29.4824423, 0.0085603, , , , , , , 29.4824423, -0.0075532, , , , , , , 29.4824423, -0.0085603, , , , , , , 29.4824423, -0.0018463, , , , , , , , , , , , , , , , , , , , , , , , , , , , 
29.4829615, 0.0139315, , , , , , , 29.4829615, -0.0077211, , , , , , , 29.4829615, -0.0068818, , , , , , , 29.4829615, -0.0005035, , , , , , , , , , , , , , , , , , , , , , , , , , , , 
29.4834808, 0.0260166, , , , , , , 29.4834808, -0.0065461, , , , , , , 29.4834808, -0.0052033, , , , , , , 29.4834808, -0.0018463, , , , , , , , , , , , , , , , , , , , , , , , , , , , 
29.484, 0.0310521, , , , , , , 29.484, -0.0045319, , , , , , , 29.484, -0.005539, , , , , , , 29.484, -0.0041962, , , , , , , , , , , , , , , , , , , , , , , , , , , , 
29.4845192, 0.030045, , , , , , , 29.4845192, -0.0048676, , , , , , , 29.4845192, -0.0068818, , , , , , , 29.4845192, -0.0082246, , , , , , , , , , , , , , , , , , , , , , , , , , , , 
29.4850385, 0.0310521, , , , , , , 29.4850385, -0.0060426, , , , , , , 29.4850385, -0.0068818, , , , , , , 29.4850385, -0.012253, , , , , , , , , , , , , , , , , , , , , , , , , , , , 
29.4855577, 0.0307164, , , , , , , 29.4855577, -0.0052033, , , , , , , 29.4855577, -0.008896, , , , , , , 29.4855577, -0.0157778, , , , , , , , , , , , , , , , , , , , , , , , , , , , 
29.4860769, 0.0323949, , , , , , , 29.4860769, -0.0050355, , , , , , , 29.4860769, -0.0117494, , , , , , , 29.4860769, -0.0176242, , , , , , , , , , , , , , , , , , , , , , , , , , , , 
29.4865962, 0.040116, , , , , , , 29.4865962, -0.0072175, , , , , , , 29.4865962, -0.0125887, , , , , , , 29.4865962, -0.0186313, , , , , , , , , , , , , , , , , , , , , , , , , , , , 
29.4871154, 0.0454871, , , , , , , 29.4871154, -0.0077211, , , , , , , 29.4871154, -0.0115816, , , , , , , 29.4871154, -0.0174563, , , , , , , , , , , , , , , , , , , , , , , , , , , , 
29.4876346, 0.0448157, , , , , , , 29.4876346, -0.0063783, , , , , , , 29.4876346, -0.0095674, , , , , , , 29.4876346, -0.0119173, , , , , , , , , , , , , , , , , , , , , , , , , , , , 
29.4881538, 0.0399481, , , , , , , 29.4881538, -0.0048676, , , , , , , 29.4881538, -0.0092317, , , , , , , 29.4881538, -0.0062104, , , , , , , , , , , , , , , , , , , , , , , , , , , , 
29.4886731, 0.0327306, , , , , , , 29.4886731, -0.0058747, , , , , , , 29.4886731, -0.0104067, , , , , , , 29.4886731, -0.0031891, , , , , , , , , , , , , , , , , , , , , , , , , , , , 
29.4891923, 0.0223239, , , , , , , 29.4891923, -0.0072175, , , , , , , 29.4891923, -0.0099031, , , , , , , 29.4891923, -0.0006714, , , , , , , , , , , , , , , , , , , , , , , , , , , , 
29.4897115, 0.0112459, , , , , , , 29.4897115, -0.0085603, , , , , , , 29.4897115, -0.0065461, , , , , , , 29.4897115, 0.0028534, , , , , , , , , , , , , , , , , , , , , , , , , , , , 
29.4902308, -0.0001678, , , , , , , 29.4902308, -0.0102388, , , , , , , 29.4902308, -0.0045319, , , , , , , 29.4902308, 0.0068818, , , , , , , , , , , , , , , , , , , , , , , , , , , , 
29.49075, -0.012253, , , , , , , 29.49075, -0.0109102, , , , , , , 29.49075, -0.0038605, , , , , , , 29.49075, 0.0102388, , , , , , , , , , , , , , , , , , , , , , , , , , , , 
29.4912692, -0.0125887, , , , , , , 29.4912692, -0.0102388, , , , , , , 29.4912692, -0.0025177, , , , , , , 29.4912692, 0.0152743, , , , , , , , , , , , , , , , , , , , , , , , , , , , 
29.4917885, -0.002182, , , , , , , 29.4917885, -0.0095674, , , , , , , 29.4917885, -0.0015106, , , , , , , 29.4917885, 0.0218204, , , , , , , , , , , , , , , , , , , , , , , , , , , , 
29.4923077, 0.0011749, , , , , , , 29.4923077, -0.0109102, , , , , , , 29.4923077, -0.0025177, , , , , , , 29.4923077, 0.0276951, , , , , , , , , , , , , , , , , , , , , , , , , , , , 
29.4928269, 0.0003357, , , , , , , 29.4928269, -0.0135958, , , , , , , 29.4928269, -0.0028534, , , , , , , 29.4928269, 0.0307164, , , , , , , , , , , , , , , , , , , , , , , , , , , , 
29.4933462, 0.0016785, , , , , , , 29.4933462, -0.0142672, , , , , , , 29.4933462, -0.0028534, , , , , , , 29.4933462, 0.0330663, , , , , , , , , , , , , , , , , , , , , , , , , , , , 
29.4938654, 0.0011749, , , , , , , 29.4938654, -0.0129244, , , , , , , 29.4938654, -0.0028534, , , , , , , 29.4938654, 0.0344091, , , , , , , , , , , , , , , , , , , , , , , , , , , , 
29.4943846, -0.0018463, , , , , , , 29.4943846, -0.0125887, , , , , , , 29.4943846, -0.0035248, , , , , , , 29.4943846, 0.0325628, , , , , , , , , , , , , , , , , , , , , , , , , , , , 
29.4949038, -0.0041962, , , , , , , 29.4949038, -0.0115816, , , , , , , 29.4949038, -0.0045319, , , , , , , 29.4949038, 0.0276951, , , , , , , , , , , , , , , , , , , , , , , , , , , , 
29.4954231, -0.0011749, , , , , , , 29.4954231, -0.0105745, , , , , , , 29.4954231, -0.0058747, , , , , , , 29.4954231, 0.0246738, , , , , , , , , , , , , , , , , , , , , , , , , , , , 
29.4959423, 0.0015106, , , , , , , 29.4959423, -0.008896, , , , , , , 29.4959423, -0.0065461, , , , , , , 29.4959423, 0.0246738, , , , , , , , , , , , , , , , , , , , , , , , , , , , 
29.4964615, -0.0016785, , , , , , , 29.4964615, -0.0073854, , , , , , , 29.4964615, -0.0073854, , , , , , , 29.4964615, 0.0226596, , , , , , , , , , , , , , , , , , , , , , , , , , , , 
29.4969808, -0.0028534, , , , , , , 29.4969808, -0.0077211, , , , , , , 29.4969808, -0.0102388, , , , , , , 29.4969808, 0.0186313, , , , , , , , , , , , , , , , , , , , , , , , , , , , 
29.4975, 0.0085603, , , , , , , 29.4975, -0.0087282, , , , , , , 29.4975, -0.0119173, , , , , , , 29.4975, 0.0182956, , , , , , , , , , , , , , , , , , , , , , , , , , , , 
29.4980192, 0.024506, , , , , , , 29.4980192, -0.0068818, , , , , , , 29.4980192, -0.0112459, , , , , , , 29.4980192, 0.0186313, , , , , , , , , , , , , , , , , , , , , , , , , , , , 
29.4985385, 0.0327306, , , , , , , 29.4985385, -0.0041962, , , , , , , 29.4985385, -0.0099031, , , , , , , 29.4985385, 0.0157778, , , , , , , , , , , , , , , , , , , , , , , , , , , , 
29.4990577, 0.0313878, , , , , , , 29.4990577, -0.0043641, , , , , , , 29.4990577, -0.010071, , , , , , , 29.4990577, 0.012253, , , , , , , , , , , , , , , , , , , , , , , , , , , , 
29.4995769, 0.026688, , , , , , , 29.4995769, -0.002182, , , , , , , 29.4995769, -0.0115816, , , , , , , 29.4995769, 0.0082246, , , , , , , , , , , , , , , , , , , , , , , , , , , , 
29.5000962, 0.0256809, , , , , , , 29.5000962, -0.0018463, , , , , , , 29.5000962, -0.012253, , , , , , , 29.5000962, 0.0075532, , , , , , , , , , , , , , , , , , , , , , , , , , , , 
29.5006154, 0.0271916, , , , , , , 29.5006154, -0.005539, , , , , , , 29.5006154, -0.0102388, , , , , , , 29.5006154, 0.0075532, , , , , , , , , , , , , , , , , , , , , , , , , , , , 
29.5011346, 0.0287022, , , , , , , 29.5011346, -0.0075532, , , , , , , 29.5011346, -0.0087282, , , , , , , 29.5011346, 0.0077211, , , , , , , , , , , , , , , , , , , , , , , , , , , , 
29.5016538, 0.0270237, , , , , , , 29.5016538, -0.0078889, , , , , , , 29.5016538, -0.0075532, , , , , , , 29.5016538, 0.0068818, , , , , , , , , , , , , , , , , , , , , , , , , , , , 
29.5021731, 0.0287022, , , , , , , 29.5021731, -0.0092317, , , , , , , 29.5021731, -0.0068818, , , , , , , 29.5021731, 0.0045319, , , , , , , , , , , , , , , , , , , , , , , , , , , , 
29.5026923, 0.030045, , , , , , , 29.5026923, -0.0097353, , , , , , , 29.5026923, -0.0060426, , , , , , , 29.5026923, 0.0038605, , , , , , , , , , , , , , , , , , , , , , , , , , , , 
29.5032115, 0.0275273, , , , , , , 29.5032115, -0.0102388, , , , , , , 29.5032115, -0.0082246, , , , , , , 29.5032115, 0.0038605, , , , , , , , , , , , , , , , , , , , , , , , , , , , 
29.5037308, 0.0283665, , , , , , , 29.5037308, -0.012253, , , , , , , 29.5037308, -0.0105745, , , , , , , 29.5037308, 0.0045319, , , , , , , , , , , , , , , , , , , , , , , , , , , , 
29.50425, 0.0340734, , , , , , , 29.50425, -0.0129244, , , , , , , 29.50425, -0.0109102, , , , , , , 29.50425, 0.002182, , , , , , , , , , , , , , , , , , , , , , , , , , , , 
29.5047692, 0.0386053, , , , , , , 29.5047692, -0.0115816, , , , , , , 29.5047692, -0.0099031, , , , , , , 29.5047692, -0.0031891, , , , , , , , , , , , , , , , , , , , , , , , , , , , 
29.5052885, 0.0387732, , , , , , , 29.5052885, -0.011078, , , , , , , 29.5052885, -0.0082246, , , , , , , 29.5052885, -0.0068818, , , , , , , , , , , , , , , , , , , , , , , , , , , , 
29.5058077, 0.0287022, , , , , , , 29.5058077, -0.011078, , , , , , , 29.5058077, -0.0095674, , , , , , , 29.5058077, -0.0075532, , , , , , , , , , , , , , , , , , , , , , , , , , , , 
29.5063269, 0.0166171, , , , , , , 29.5063269, -0.011078, , , , , , , 29.5063269, -0.0115816, , , , , , , 29.5063269, -0.0092317, , , , , , , , , , , , , , , , , , , , , , , , , , , , 
29.5068462, 0.0077211, , , , , , , 29.5068462, -0.0112459, , , , , , , 29.5068462, -0.012253, , , , , , , 29.5068462, -0.010071, , , , , , , , , , , , , , , , , , , , , , , , , , , , 
29.5073654, 0.0052033, , , , , , , 29.5073654, -0.0104067, , , , , , , 29.5073654, -0.0129244, , , , , , , 29.5073654, -0.008896, , , , , , , , , , , , , , , , , , , , , , , , , , , , 
29.5078846, 0.0025177, , , , , , , 29.5078846, -0.0082246, , , , , , , 29.5078846, -0.0112459, , , , , , , 29.5078846, -0.0057069, , , , , , , , , , , , , , , , , , , , , , , , , , , , 
29.5084038, -0.0050355, , , , , , , 29.5084038, -0.0077211, , , , , , , 29.5084038, -0.0099031, , , , , , , 29.5084038, -0.0035248, , , , , , , , , , , , , , , , , , , , , , , , , , , , 
29.5089231, -0.0099031, , , , , , , 29.5089231, -0.0085603, , , , , , , 29.5089231, -0.010071, , , , , , , 29.5089231, 0.0005035, , , , , , , , , , , , , , , , , , , , , , , , , , , , 
29.5094423, -0.0104067, , , , , , , 29.5094423, -0.0070497, , , , , , , 29.5094423, -0.0082246, , , , , , , 29.5094423, 0.0063783, , , , , , , , , , , , , , , , , , , , , , , , , , , , 
29.5099615, -0.0119173, , , , , , , 29.5099615, -0.0052033, , , , , , , 29.5099615, -0.0048676, , , , , , , 29.5099615, 0.0142672, , , , , , , , , , , , , , , , , , , , , , , , , , , , 
29.5104808, -0.0169528, , , , , , , 29.5104808, -0.0058747, , , , , , , 29.5104808, -0.0023499, , , , , , , 29.5104808, 0.0199741, , , , , , , , , , , , , , , , , , , , , , , , , , , , 
29.511, -0.0216526, , , , , , , 29.511, -0.0058747, , , , , , , 29.511, -0.0028534, , , , , , , 29.511, 0.023331, , , , , , , , , , , , , , , , , , , , , , , , , , , , 
29.5115192, -0.0199741, , , , , , , 29.5115192, -0.0050355, , , , , , , 29.5115192, -0.0045319, , , , , , , 29.5115192, 0.0246738, , , , , , , , , , , , , , , , , , , , , , , , , , , , 
29.5120385, -0.012253, , , , , , , 29.5120385, -0.0058747, , , , , , , 29.5120385, -0.0045319, , , , , , , 29.5120385, 0.0270237, , , , , , , , , , , , , , , , , , , , , , , , , , , , 
29.5125577, -0.0075532, , , , , , , 29.5125577, -0.0062104, , , , , , , 29.5125577, -0.0041962, , , , , , , 29.5125577, 0.0307164, , , , , , , , , , , , , , , , , , , , , , , , , , , , 
29.5130769, -0.0038605, , , , , , , 29.5130769, -0.0058747, , , , , , , 29.5130769, -0.0028534, , , , , , , 29.5130769, 0.033402, , , , , , , , , , , , , , , , , , , , , , , , , , , , 
29.5135962, -0.0038605, , , , , , , 29.5135962, -0.0078889, , , , , , , 29.5135962, -0.0025177, , , , , , , 29.5135962, 0.0360876, , , , , , , , , , , , , , , , , , , , , , , , , , , , 
29.5141154, -0.0075532, , , , , , , 29.5141154, -0.0095674, , , , , , , 29.5141154, -0.0038605, , , , , , , 29.5141154, 0.0360876, , , , , , , , , , , , , , , , , , , , , , , , , , , , 
29.5146346, -0.0035248, , , , , , , 29.5146346, -0.0097353, , , , , , , 29.5146346, -0.0031891, , , , , , , 29.5146346, 0.0328985, , , , , , , , , , , , , , , , , , , , , , , , , , , , 
29.5151538, 0.0065461, , , , , , , 29.5151538, -0.0095674, , , , , , , 29.5151538, -0.0035248, , , , , , , 29.5151538, 0.0288701, , , , , , , , , , , , , , , , , , , , , , , , , , , , 
29.5156731, 0.008896, , , , , , , 29.5156731, -0.0090639, , , , , , , 29.5156731, -0.0041962, , , , , , , 29.5156731, 0.0263523, , , , , , , , , , , , , , , , , , , , , , , , , , , , 
29.5161923, 0.0112459, , , , , , , 29.5161923, -0.0082246, , , , , , , 29.5161923, -0.0070497, , , , , , , 29.5161923, 0.0219883, , , , , , , , , , , , , , , , , , , , , , , , , , , , 
29.5167115, 0.0169528, , , , , , , 29.5167115, -0.0072175, , , , , , , 29.5167115, -0.0099031, , , , , , , 29.5167115, 0.0199741, , , , , , , , , , , , , , , , , , , , , , , , , , , , 
29.5172308, 0.0260166, , , , , , , 29.5172308, -0.0063783, , , , , , , 29.5172308, -0.0109102, , , , , , , 29.5172308, 0.0193027, , , , , , , , , , , , , , , , , , , , , , , , , , , , 
29.51775, 0.0379339, , , , , , , 29.51775, -0.0048676, , , , , , , 29.51775, -0.0095674, , , , , , , 29.51775, 0.0172885, , , , , , , , , , , , , , , , , , , , , , , , , , , , 
29.5182692, 0.0518654, , , , , , , 29.5182692, -0.0041962, , , , , , , 29.5182692, -0.0085603, , , , , , , 29.5182692, 0.0162814, , , , , , , , , , , , , , , , , , , , , , , , , , , , 
29.5187885, 0.057908, , , , , , , 29.5187885, -0.0045319, , , , , , , 29.5187885, -0.0085603, , , , , , , 29.5187885, 0.0142672, , , , , , , , , , , , , , , , , , , , , , , , , , , , 
29.5193077, 0.0500191, , , , , , , 29.5193077, -0.0058747, , , , , , , 29.5193077, -0.0082246, , , , , , , 29.5193077, 0.0112459, , , , , , , , , , , , , , , , , , , , , , , , , , , , 
29.5198269, 0.0354162, , , , , , , 29.5198269, -0.008896, , , , , , , 29.5198269, -0.0072175, , , , , , , 29.5198269, 0.0085603, , , , , , , , , , , , , , , , , , , , , , , , , , , , 
29.5203462, 0.0240024, , , , , , , 29.5203462, -0.0109102, , , , , , , 29.5203462, -0.0092317, , , , , , , 29.5203462, 0.0046998, , , , , , , , , , , , , , , , , , , , , , , , , , , , 
29.5208654, 0.0203098, , , , , , , 29.5208654, -0.0095674, , , , , , , 29.5208654, -0.011078, , , , , , , 29.5208654, 0.0008392, , , , , , , , , , , , , , , , , , , , , , , , , , , , 
29.5213846, 0.0179599, , , , , , , 29.5213846, -0.0075532, , , , , , , 29.5213846, -0.0115816, , , , , , , 29.5213846, -0.0001678, , , , , , , , , , , , , , , , , , , , , , , , , , , , 
29.5219038, 0.0157778, , , , , , , 29.5219038, -0.0070497, , , , , , , 29.5219038, -0.0102388, , , , , , , 29.5219038, 0.0003357, , , , , , , , , , , , , , , , , , , , , , , , , , , , 
29.5224231, 0.0213169, , , , , , , 29.5224231, -0.0075532, , , , , , , 29.5224231, -0.0092317, , , , , , , 29.5224231, 0.0006714, , , , , , , , , , , , , , , , , , , , , , , , , , , , 
29.5229423, 0.0260166, , , , , , , 29.5229423, -0.0068818, , , , , , , 29.5229423, -0.0082246, , , , , , , 29.5229423, 0.0025177, , , , , , , , , , , , , , , , , , , , , , , , , , , , 
29.5234615, 0.0240024, , , , , , , 29.5234615, -0.0058747, , , , , , , 29.5234615, -0.0077211, , , , , , , 29.5234615, 0.0035248, , , , , , , , , , , , , , , , , , , , , , , , , , , , 
29.5239808, 0.0182956, , , , , , , 29.5239808, -0.005539, , , , , , , 29.5239808, -0.0077211, , , , , , , 29.5239808, 0.0015106, , , , , , , , , , , , , , , , , , , , , , , , , , , , 
29.5245, 0.01561, , , , , , , 29.5245, -0.0048676, , , , , , , 29.5245, -0.0082246, , , , , , , 29.5245, -0.0011749, , , , , , , , , , , , , , , , , , , , , , , , , , , , 
29.5250192, 0.0159457, , , , , , , 29.5250192, -0.0060426, , , , , , , 29.5250192, -0.0075532, , , , , , , 29.5250192, -0.0041962, , , , , , , , , , , , , , , , , , , , , , , , , , , , 
29.5255385, 0.0159457, , , , , , , 29.5255385, -0.0062104, , , , , , , 29.5255385, -0.0082246, , , , , , , 29.5255385, -0.0082246, , , , , , , , , , , , , , , , , , , , , , , , , , , , 
29.5260577, 0.0139315, , , , , , , 29.5260577, -0.0062104, , , , , , , 29.5260577, -0.0102388, , , , , , , 29.5260577, -0.0099031, , , , , , , , , , , , , , , , , , , , , , , , , , , , 
29.5265769, 0.0179599, , , , , , , 29.5265769, -0.0077211, , , , , , , 29.5265769, -0.0115816, , , , , , , 29.5265769, -0.008896, , , , , , , , , , , , , , , , , , , , , , , , , , , , 
29.5270962, 0.0298772, , , , , , , 29.5270962, -0.0082246, , , , , , , 29.5270962, -0.0125887, , , , , , , 29.5270962, -0.0048676, , , , , , , , , , , , , , , , , , , , , , , , , , , , 
29.5276154, 0.040116, , , , , , , 29.5276154, -0.0083925, , , , , , , 29.5276154, -0.0140993, , , , , , , 29.5276154, -0.0023499, , , , , , , , , , , , , , , , , , , , , , , , , , , , 
29.5281346, 0.0464942, , , , , , , 29.5281346, -0.0072175, , , , , , , 29.5281346, -0.0112459, , , , , , , 29.5281346, 0.0008392, , , , , , , , , , , , , , , , , , , , , , , , , , , , 
29.5286538, 0.0448157, , , , , , , 29.5286538, -0.0052033, , , , , , , 29.5286538, -0.0082246, , , , , , , 29.5286538, 0.0046998, , , , , , , , , , , , , , , , , , , , , , , , , , , , 
29.5291731, 0.036759, , , , , , , 29.5291731, -0.0038605, , , , , , , 29.5291731, -0.0063783, , , , , , , 29.5291731, 0.0075532, , , , , , , , , , , , , , , , , , , , , , , , , , , , 
29.5296923, 0.0236667, , , , , , , 29.5296923, -0.005539, , , , , , , 29.5296923, -0.0072175, , , , , , , 29.5296923, 0.0109102, , , , , , , , , , , , , , , , , , , , , , , , , , , , 
29.5302115, 0.0099031, , , , , , , 29.5302115, -0.0068818, , , , , , , 29.5302115, -0.0090639, , , , , , , 29.5302115, 0.0152743, , , , , , , , , , , , , , , , , , , , , , , , , , , , 
29.5307308, 0.008896, , , , , , , 29.5307308, -0.0058747, , , , , , , 29.5307308, -0.0087282, , , , , , , 29.5307308, 0.0209812, , , , , , , , , , , , , , , , , , , , , , , , , , , , 
29.53125, 0.0139315, , , , , , , 29.53125, -0.0058747, , , , , , , 29.53125, -0.0062104, , , , , , , 29.53125, 0.0256809, , , , , , , , , , , , , , , , , , , , , , , , , , , , 
29.5317692, 0.0137636, , , , , , , 29.5317692, -0.0072175, , , , , , , 29.5317692, -0.0041962, , , , , , , 29.5317692, 0.0293736, , , , , , , , , , , , , , , , , , , , , , , , , , , , 
29.5322885, 0.0092317, , , , , , , 29.5322885, -0.0072175, , , , , , , 29.5322885, -0.0048676, , , , , , , 29.5322885, 0.0327306, , , , , , , , , , , , , , , , , , , , , , , , , , , , 
29.5328077, -0.0008392, , , , , , , 29.5328077, -0.0068818, , , , , , , 29.5328077, -0.0065461, , , , , , , 29.5328077, 0.036759, , , , , , , , , , , , , , , , , , , , , , , , , , , , 
29.5333269, -0.0082246, , , , , , , 29.5333269, -0.0082246, , , , , , , 29.5333269, -0.0062104, , , , , , , 29.5333269, 0.0391089, , , , , , , , , , , , , , , , , , , , , , , , , , , , 
29.5338462, -0.0085603, , , , , , , 29.5338462, -0.0099031, , , , , , , 29.5338462, -0.0057069, , , , , , , 29.5338462, 0.040116, , , , , , , , , , , , , , , , , , , , , , , , , , , , 
29.5343654, -0.0104067, , , , , , , 29.5343654, -0.0115816, , , , , , , 29.5343654, -0.0070497, , , , , , , 29.5343654, 0.0381018, , , , , , , , , , , , , , , , , , , , , , , , , , , , 
29.5348846, -0.014435, , , , , , , 29.5348846, -0.0119173, , , , , , , 29.5348846, -0.0068818, , , , , , , 29.5348846, 0.0332341, , , , , , , , , , , , , , , , , , , , , , , , , , , , 
29.5354038, -0.0162814, , , , , , , 29.5354038, -0.0112459, , , , , , , 29.5354038, -0.005539, , , , , , , 29.5354038, 0.027863, , , , , , , , , , , , , , , , , , , , , , , , , , , , 
29.5359231, -0.0109102, , , , , , , 29.5359231, -0.0095674, , , , , , , 29.5359231, -0.0058747, , , , , , , 29.5359231, 0.0243381, , , , , , , , , , , , , , , , , , , , , , , , , , , , 
29.5364423, -0.0028534, , , , , , , 29.5364423, -0.0085603, , , , , , , 29.5364423, -0.0070497, , , , , , , 29.5364423, 0.0223239, , , , , , , , , , , , , , , , , , , , , , , , , , , , 
29.5369615, -0.0013428, , , , , , , 29.5369615, -0.0078889, , , , , , , 29.5369615, -0.0075532, , , , , , , 29.5369615, 0.0199741, , , , , , , , , , , , , , , , , , , , , , , , , , , , 
29.5374808, -0.003357, , , , , , , 29.5374808, -0.0058747, , , , , , , 29.5374808, -0.0072175, , , , , , , 29.5374808, 0.0203098, , , , , , , , , , , , , , , , , , , , , , , , , , , , 
29.538, -0.0041962, , , , , , , 29.538, -0.005539, , , , , , , 29.538, -0.0082246, , , , , , , 29.538, 0.0219883, , , , , , , , , , , , , , , , , , , , , , , , , , , , 
29.5385192, -0.005539, , , , , , , 29.5385192, -0.0041962, , , , , , , 29.5385192, -0.0095674, , , , , , , 29.5385192, 0.0240024, , , , , , , , , , , , , , , , , , , , , , , , , , , , 
29.5390385, -0.0018463, , , , , , , 29.5390385, -0.0015106, , , , , , , 29.5390385, -0.0092317, , , , , , , 29.5390385, 0.0258488, , , , , , , , , , , , , , , , , , , , , , , , , , , , 
29.5395577, 0.0072175, , , , , , , 29.5395577, -0.0001678, , , , , , , 29.5395577, -0.0075532, , , , , , , 29.5395577, 0.0250095, , , , , , , , , , , , , , , , , , , , , , , , , , , , 
29.5400769, 0.01561, , , , , , , 29.5400769, -0.0028534, , , , , , , 29.5400769, -0.0062104, , , , , , , 29.5400769, 0.0209812, , , , , , , , , , , , , , , , , , , , , , , , , , , , 
29.5405962, 0.0213169, , , , , , , 29.5405962, -0.0050355, , , , , , , 29.5405962, -0.0063783, , , , , , , 29.5405962, 0.0186313, , , , , , , , , , , , , , , , , , , , , , , , , , , , 
29.5411154, 0.0240024, , , , , , , 29.5411154, -0.0065461, , , , , , , 29.5411154, -0.0085603, , , , , , , 29.5411154, 0.0179599, , , , , , , , , , , , , , , , , , , , , , , , , , , , 
29.5416346, 0.0240024, , , , , , , 29.5416346, -0.0068818, , , , , , , 29.5416346, -0.008896, , , , , , , 29.5416346, 0.0196384, , , , , , , , , , , , , , , , , , , , , , , , , , , , 
29.5421538, 0.026688, , , , , , , 29.5421538, -0.0052033, , , , , , , 29.5421538, -0.0063783, , , , , , , 29.5421538, 0.0204776, , , , , , , , , , , , , , , , , , , , , , , , , , , , 
29.5426731, 0.0307164, , , , , , , 29.5426731, -0.0038605, , , , , , , 29.5426731, -0.0052033, , , , , , , 29.5426731, 0.0198062, , , , , , , , , , , , , , , , , , , , , , , , , , , , 
29.5431923, 0.0317235, , , , , , , 29.5431923, -0.0031891, , , , , , , 29.5431923, -0.0068818, , , , , , , 29.5431923, 0.021149, , , , , , , , , , , , , , , , , , , , , , , , , , , , 
29.5437115, 0.0318914, , , , , , , 29.5437115, -0.0062104, , , , , , , 29.5437115, -0.0085603, , , , , , , 29.5437115, 0.0219883, , , , , , , , , , , , , , , , , , , , , , , , , , , , 
29.5442308, 0.0345769, , , , , , , 29.5442308, -0.0092317, , , , , , , 29.5442308, -0.0099031, , , , , , , 29.5442308, 0.0164492, , , , , , , , , , , , , , , , , , , , , , , , , , , , 
29.54475, 0.0360876, , , , , , , 29.54475, -0.0104067, , , , , , , 29.54475, -0.0124208, , , , , , , 29.54475, 0.0078889, , , , , , , , , , , , , , , , , , , , , , , , , , , , 
29.5452692, 0.0347448, , , , , , , 29.5452692, -0.0095674, , , , , , , 29.5452692, -0.012253, , , , , , , 29.5452692, 0.0025177, , , , , , , , , , , , , , , , , , , , , , , , , , , , 
29.5457885, 0.0323949, , , , , , , 29.5457885, -0.0085603, , , , , , , 29.5457885, -0.0114137, , , , , , , 29.5457885, 0.0001678, , , , , , , , , , , , , , , , , , , , , , , , , , , , 
29.5463077, 0.024506, , , , , , , 29.5463077, -0.0068818, , , , , , , 29.5463077, -0.0109102, , , , , , , 29.5463077, -0.0011749, , , , , , , , , , , , , , , , , , , , , , , , , , , , 
29.5468269, 0.0146029, , , , , , , 29.5468269, -0.0052033, , , , , , , 29.5468269, -0.0102388, , , , , , , 29.5468269, 0.0003357, , , , , , , , , , , , , , , , , , , , , , , , , , , , 
29.5473462, 0.0092317, , , , , , , 29.5473462, -0.005539, , , , , , , 29.5473462, -0.0109102, , , , , , , 29.5473462, 0.0038605, , , , , , , , , , , , , , , , , , , , , , , , , , , , 
29.5478654, 0.0052033, , , , , , , 29.5478654, -0.0070497, , , , , , , 29.5478654, -0.0095674, , , , , , , 29.5478654, 0.0105745, , , , , , , , , , , , , , , , , , , , , , , , , , , , 
29.5483846, -0.0015106, , , , , , , 29.5483846, -0.0078889, , , , , , , 29.5483846, -0.0078889, , , , , , , 29.5483846, 0.0193027, , , , , , , , , , , , , , , , , , , , , , , , , , , , 
29.5489038, -0.0072175, , , , , , , 29.5489038, -0.0085603, , , , , , , 29.5489038, -0.008896, , , , , , , 29.5489038, 0.0231632, , , , , , , , , , , , , , , , , , , , , , , , , , , , 
29.5494231, -0.0130922, , , , , , , 29.5494231, -0.0092317, , , , , , , 29.5494231, -0.0099031, , , , , , , 29.5494231, 0.0246738, , , , , , , , , , , , , , , , , , , , , , , , , , , , 
29.5499423, -0.0157778, , , , , , , 29.5499423, -0.0082246, , , , , , , 29.5499423, -0.0102388, , , , , , , 29.5499423, 0.0253452, , , , , , , , , , , , , , , , , , , , , , , , , , , , 
29.5504615, -0.0119173, , , , , , , 29.5504615, -0.0083925, , , , , , , 29.5504615, -0.0095674, , , , , , , 29.5504615, 0.0273594, , , , , , , , , , , , , , , , , , , , , , , , , , , , 
29.5509808, -0.0099031, , , , , , , 29.5509808, -0.012253, , , , , , , 29.5509808, -0.0072175, , , , , , , 29.5509808, 0.0347448, , , , , , , , , , , , , , , , , , , , , , , , , , , , 
29.5515, -0.0095674, , , , , , , 29.5515, -0.0137636, , , , , , , 29.5515, -0.0048676, , , , , , , 29.5515, 0.0424659, , , , , , , , , , , , , , , , , , , , , , , , , , , , 
29.5520192, -0.0068818, , , , , , , 29.5520192, -0.0135958, , , , , , , 29.5520192, -0.0031891, , , , , , , 29.5520192, 0.0464942, , , , , , , , , , , , , , , , , , , , , , , , , , , , 
29.5525385, -0.0038605, , , , , , , 29.5525385, -0.0129244, , , , , , , 29.5525385, 0.0011749, , , , , , , 29.5525385, 0.0501869, , , , , , , , , , , , , , , , , , , , , , , , , , , , 
29.5530577, -0.0078889, , , , , , , 29.5530577, -0.012253, , , , , , , 29.5530577, 0.0031891, , , , , , , 29.5530577, 0.0548867, , , , , , , , , , , , , , , , , , , , , , , , , , , , 
29.5535769, -0.012253, , , , , , , 29.5535769, -0.0125887, , , , , , , 29.5535769, 0.0015106, , , , , , , 29.5535769, 0.057908, , , , , , , , , , , , , , , , , , , , , , , , , , , , 
29.5540962, -0.0129244, , , , , , , 29.5540962, -0.0125887, , , , , , , 29.5540962, -0.0015106, , , , , , , 29.5540962, 0.0555581, , , , , , , , , , , , , , , , , , , , , , , , , , , , 
29.5546154, -0.008896, , , , , , , 29.5546154, -0.0104067, , , , , , , 29.5546154, -0.003357, , , , , , , 29.5546154, 0.0495155, , , , , , , , , , , , , , , , , , , , , , , , , , , , 
29.5551346, -0.0077211, , , , , , , 29.5551346, -0.0092317, , , , , , , 29.5551346, -0.0048676, , , , , , , 29.5551346, 0.0424659, , , , , , , , , , , , , , , , , , , , , , , , , , , , 
29.5556538, -0.0068818, , , , , , , 29.5556538, -0.008896, , , , , , , 29.5556538, -0.0062104, , , , , , , 29.5556538, 0.0360876, , , , , , , , , , , , , , , , , , , , , , , , , , , , 
29.5561731, -0.0031891, , , , , , , 29.5561731, -0.0075532, , , , , , , 29.5561731, -0.0062104, , , , , , , 29.5561731, 0.0313878, , , , , , , , , , , , , , , , , , , , , , , , , , , , 
29.5566923, 0.0072175, , , , , , , 29.5566923, -0.0072175, , , , , , , 29.5566923, -0.0075532, , , , , , , 29.5566923, 0.0287022, , , , , , , , , , , , , , , , , , , , , , , , , , , , 
29.5572115, 0.0184634, , , , , , , 29.5572115, -0.0085603, , , , , , , 29.5572115, -0.0095674, , , , , , , 29.5572115, 0.0280308, , , , , , , , , , , , , , , , , , , , , , , , , , , , 
29.5577308, 0.0209812, , , , , , , 29.5577308, -0.0099031, , , , , , , 29.5577308, -0.008896, , , , , , , 29.5577308, 0.026688, , , , , , , , , , , , , , , , , , , , , , , , , , , , 
29.55825, 0.0179599, , , , , , , 29.55825, -0.0104067, , , , , , , 29.55825, -0.0085603, , , , , , , 29.55825, 0.0240024, , , , , , , , , , , , , , , , , , , , , , , , , , , , 
29.5587692, 0.0139315, , , , , , , 29.5587692, -0.0082246, , , , , , , 29.5587692, -0.0090639, , , , , , , 29.5587692, 0.0213169, , , , , , , , , , , , , , , , , , , , , , , , , , , , 
29.5592885, 0.0115816, , , , , , , 29.5592885, -0.0062104, , , , , , , 29.5592885, -0.0092317, , , , , , , 29.5592885, 0.0164492, , , , , , , , , , , , , , , , , , , , , , , , , , , , 
29.5598077, 0.0038605, , , , , , , 29.5598077, -0.0062104, , , , , , , 29.5598077, -0.008896, , , , , , , 29.5598077, 0.0125887, , , , , , , , , , , , , , , , , , , , , , , , , , , , 
29.5603269, -0.0035248, , , , , , , 29.5603269, -0.0075532, , , , , , , 29.5603269, -0.0085603, , , , , , , 29.5603269, 0.0130922, , , , , , , , , , , , , , , , , , , , , , , , , , , , 
29.5608462, -0.0041962, , , , , , , 29.5608462, -0.0075532, , , , , , , 29.5608462, -0.0092317, , , , , , , 29.5608462, 0.0129244, , , , , , , , , , , , , , , , , , , , , , , , , , , , 
29.5613654, 0.0010071, , , , , , , 29.5613654, -0.0068818, , , , , , , 29.5613654, -0.0117494, , , , , , , 29.5613654, 0.012253, , , , , , , , , , , , , , , , , , , , , , , , , , , , 
29.5618846, 0.0065461, , , , , , , 29.5618846, -0.0072175, , , , , , , 29.5618846, -0.012253, , , , , , , 29.5618846, 0.0119173, , , , , , , , , , , , , , , , , , , , , , , , , , , , 
29.5624038, 0.0159457, , , , , , , 29.5624038, -0.0072175, , , , , , , 29.5624038, -0.0102388, , , , , , , 29.5624038, 0.0127565, , , , , , , , , , , , , , , , , , , , , , , , , , , , 
29.5629231, 0.026688, , , , , , , 29.5629231, -0.0065461, , , , , , , 29.5629231, -0.0082246, , , , , , , 29.5629231, 0.0132601, , , , , , , , , , , , , , , , , , , , , , , , , , , , 
29.5634423, 0.0320592, , , , , , , 29.5634423, -0.0068818, , , , , , , 29.5634423, -0.0070497, , , , , , , 29.5634423, 0.0125887, , , , , , , , , , , , , , , , , , , , , , , , , , , , 
29.5639615, 0.0303807, , , , , , , 29.5639615, -0.0083925, , , , , , , 29.5639615, -0.0085603, , , , , , , 29.5639615, 0.0117494, , , , , , , , , , , , , , , , , , , , , , , , , , , , 
29.5644808, 0.026688, , , , , , , 29.5644808, -0.0102388, , , , , , , 29.5644808, -0.0082246, , , , , , , 29.5644808, 0.0075532, , , , , , , , , , , , , , , , , , , , , , , , , , , , 
29.565, 0.0283665, , , , , , , 29.565, -0.0105745, , , , , , , 29.565, -0.0068818, , , , , , , 29.565, 0.0018463, , , , , , , , , , , , , , , , , , , , , , , , , , , , 
29.5655192, 0.0323949, , , , , , , 29.5655192, -0.0092317, , , , , , , 29.5655192, -0.0082246, , , , , , , 29.5655192, -0.0035248, , , , , , , , , , , , , , , , , , , , , , , , , , , , 
29.5660385, 0.0344091, , , , , , , 29.5660385, -0.008896, , , , , , , 29.5660385, -0.0102388, , , , , , , 29.5660385, -0.0041962, , , , , , , , , , , , , , , , , , , , , , , , , , , , 
29.5665577, 0.0357519, , , , , , , 29.5665577, -0.0092317, , , , , , , 29.5665577, -0.0102388, , , , , , , 29.5665577, -0.0015106, , , , , , , , , , , , , , , , , , , , , , , , , , , , 
29.5670769, 0.0360876, , , , , , , 29.5670769, -0.0085603, , , , , , , 29.5670769, -0.0102388, , , , , , , 29.5670769, 0.002182, , , , , , , , , , , , , , , , , , , , , , , , , , , , 
29.5675962, 0.0428016, , , , , , , 29.5675962, -0.0065461, , , , , , , 29.5675962, -0.0112459, , , , , , , 29.5675962, 0.0058747, , , , , , , , , , , , , , , , , , , , , , , , , , , , 
29.5681154, 0.0515297, , , , , , , 29.5681154, -0.0048676, , , , , , , 29.5681154, -0.0112459, , , , , , , 29.5681154, 0.0112459, , , , , , , , , , , , , , , , , , , , , , , , , , , , 
29.5686346, 0.0441444, , , , , , , 29.5686346, -0.0058747, , , , , , , 29.5686346, -0.0119173, , , , , , , 29.5686346, 0.0162814, , , , , , , , , , , , , , , , , , , , , , , , , , , , 
29.5691538, 0.0243381, , , , , , , 29.5691538, -0.0068818, , , , , , , 29.5691538, -0.0124208, , , , , , , 29.5691538, 0.0193027, , , , , , , , , , , , , , , , , , , , , , , , , , , , 
29.5696731, 0.0045319, , , , , , , 29.5696731, -0.0062104, , , , , , , 29.5696731, -0.0105745, , , , , , , 29.5696731, 0.0226596, , , , , , , , , , , , , , , , , , , , , , , , , , , , 
29.5701923, -0.0085603, , , , , , , 29.5701923, -0.0068818, , , , , , , 29.5701923, -0.0065461, , , , , , , 29.5701923, 0.0276951, , , , , , , , , , , , , , , , , , , , , , , , , , , , 
29.5707115, -0.0125887, , , , , , , 29.5707115, -0.0083925, , , , , , , 29.5707115, -0.0045319, , , , , , , 29.5707115, 0.0328985, , , , , , , , , , , , , , , , , , , , , , , , , , , , 
29.5712308, -0.0092317, , , , , , , 29.5712308, -0.0073854, , , , , , , 29.5712308, -0.0035248, , , , , , , 29.5712308, 0.0374304, , , , , , , , , , , , , , , , , , , , , , , , , , , , 
29.57175, -0.0072175, , , , , , , 29.57175, -0.0068818, , , , , , , 29.57175, -0.0023499, , , , , , , 29.57175, 0.040116, , , , , , , , , , , , , , , , , , , , , , , , , , , , 
29.5722692, -0.0078889, , , , , , , 29.5722692, -0.005539, , , , , , , 29.5722692, -0.0015106, , , , , , , 29.5722692, 0.0407874, , , , , , , , , , , , , , , , , , , , , , , , , , , , 
29.5727885, -0.0038605, , , , , , , 29.5727885, -0.0035248, , , , , , , 29.5727885, -0.0008392, , , , , , , 29.5727885, 0.0374304, , , , , , , , , , , , , , , , , , , , , , , , , , , , 
29.5733077, -0.0082246, , , , , , , 29.5733077, -0.005539, , , , , , , 29.5733077, -0.0015106, , , , , , , 29.5733077, 0.0344091, , , , , , , , , , , , , , , , , , , , , , , , , , , , 
29.5738269, -0.0193027, , , , , , , 29.5738269, -0.0082246, , , , , , , 29.5738269, -0.0035248, , , , , , , 29.5738269, 0.0297093, , , , , , , , , , , , , , , , , , , , , , , , , , , , 
29.5743462, -0.0240024, , , , , , , 29.5743462, -0.0095674, , , , , , , 29.5743462, -0.0050355, , , , , , , 29.5743462, 0.0246738, , , , , , , , , , , , , , , , , , , , , , , , , , , , 
29.5748654, -0.0169528, , , , , , , 29.5748654, -0.0105745, , , , , , , 29.5748654, -0.005539, , , , , , , 29.5748654, 0.0199741, , , , , , , , , , , , , , , , , , , , , , , , , , , , 
29.5753846, -0.0065461, , , , , , , 29.5753846, -0.0078889, , , , , , , 29.5753846, -0.0062104, , , , , , , 29.5753846, 0.0166171, , , , , , , , , , , , , , , , , , , , , , , , , , , , 
29.5759038, 0.0025177, , , , , , , 29.5759038, -0.0068818, , , , , , , 29.5759038, -0.0075532, , , , , , , 29.5759038, 0.0125887, , , , , , , , , , , , , , , , , , , , , , , , , , , , 
29.5764231, 0.0092317, , , , , , , 29.5764231, -0.0082246, , , , , , , 29.5764231, -0.0087282, , , , , , , 29.5764231, 0.0105745, , , , , , , , , , , , , , , , , , , , , , , , , , , , 
29.5769423, 0.0137636, , , , , , , 29.5769423, -0.0099031, , , , , , , 29.5769423, -0.0082246, , , , , , , 29.5769423, 0.0132601, , , , , , , , , , , , , , , , , , , , , , , , , , , , 
29.5774615, 0.0166171, , , , , , , 29.5774615, -0.0105745, , , , , , , 29.5774615, -0.0072175, , , , , , , 29.5774615, 0.0139315, , , , , , , , , , , , , , , , , , , , , , , , , , , , 
29.5779808, 0.0206455, , , , , , , 29.5779808, -0.0092317, , , , , , , 29.5779808, -0.0062104, , , , , , , 29.5779808, 0.0124208, , , , , , , , , , , , , , , , , , , , , , , , , , , , 
29.5785, 0.026688, , , , , , , 29.5785, -0.008896, , , , , , , 29.5785, -0.0063783, , , , , , , 29.5785, 0.0092317, , , , , , , , , , , , , , , , , , , , , , , , , , , , 
29.5790192, 0.0305486, , , , , , , 29.5790192, -0.0090639, , , , , , , 29.5790192, -0.0083925, , , , , , , 29.5790192, 0.0078889, , , , , , , , , , , , , , , , , , , , , , , , , , , , 
29.5795385, 0.0303807, , , , , , , 29.5795385, -0.0068818, , , , , , , 29.5795385, -0.0102388, , , , , , , 29.5795385, 0.0048676, , , , , , , , , , , , , , , , , , , , , , , , , , , , 
29.5800577, 0.0290379, , , , , , , 29.5800577, -0.005539, , , , , , , 29.5800577, -0.0104067, , , , , , , 29.5800577, 0.002182, , , , , , , , , , , , , , , , , , , , , , , , , , , , 
29.5805769, 0.0273594, , , , , , , 29.5805769, -0.0070497, , , , , , , 29.5805769, -0.0090639, , , , , , , 29.5805769, 0.0011749, , , , , , , , , , , , , , , , , , , , , , , , , , , , 
29.5810962, 0.0256809, , , , , , , 29.5810962, -0.0083925, , , , , , , 29.5810962, -0.008896, , , , , , , 29.5810962, 0.0016785, , , , , , , , , , , , , , , , , , , , , , , , , , , , 
29.5816154, 0.0223239, , , , , , , 29.5816154, -0.0092317, , , , , , , 29.5816154, -0.0078889, , , , , , , 29.5816154, 0.0030213, , , , , , , , , , , , , , , , , , , , , , , , , , , , 
29.5821346, 0.0184634, , , , , , , 29.5821346, -0.011078, , , , , , , 29.5821346, -0.0075532, , , , , , , 29.5821346, 0.0105745, , , , , , , , , , , , , , , , , , , , , , , , , , , , 
29.5826538, 0.0206455, , , , , , , 29.5826538, -0.012253, , , , , , , 29.5826538, -0.0065461, , , , , , , 29.5826538, 0.0206455, , , , , , , , , , , , , , , , , , , , , , , , , , , , 
29.5831731, 0.0344091, , , , , , , 29.5831731, -0.0109102, , , , , , , 29.5831731, -0.0048676, , , , , , , 29.5831731, 0.0193027, , , , , , , , , , , , , , , , , , , , , , , , , , , , 
29.5836923, 0.0548867, , , , , , , 29.5836923, -0.0078889, , , , , , , 29.5836923, -0.0048676, , , , , , , 29.5836923, 0.0117494, , , , , , , , , , , , , , , , , , , , , , , , , , , , 
29.5842115, 0.0626078, , , , , , , 29.5842115, -0.005539, , , , , , , 29.5842115, -0.0073854, , , , , , , 29.5842115, 0.0048676, , , , , , , , , , , , , , , , , , , , , , , , , , , , 
29.5847308, 0.0569009, , , , , , , 29.5847308, -0.0030213, , , , , , , 29.5847308, -0.0109102, , , , , , , 29.5847308, 0.0008392, , , , , , , , , , , , , , , , , , , , , , , , , , , , 
29.58525, 0.0451514, , , , , , , 29.58525, -0.0041962, , , , , , , 29.58525, -0.0104067, , , , , , , 29.58525, -0.0031891, , , , , , , , , , , , , , , , , , , , , , , , , , , , 
29.5857692, 0.0364233, , , , , , , 29.5857692, -0.0062104, , , , , , , 29.5857692, -0.0099031, , , , , , , 29.5857692, -0.0077211, , , , , , , , , , , , , , , , , , , , , , , , , , , , 
29.5862885, 0.0342412, , , , , , , 29.5862885, -0.0068818, , , , , , , 29.5862885, -0.0109102, , , , , , , 29.5862885, -0.0105745, , , , , , , , , , , , , , , , , , , , , , , , , , , , 
29.5868077, 0.033402, , , , , , , 29.5868077, -0.005539, , , , , , , 29.5868077, -0.0109102, , , , , , , 29.5868077, -0.0129244, , , , , , , , , , , , , , , , , , , , , , , , , , , , 
29.5873269, 0.0381018, , , , , , , 29.5873269, -0.0038605, , , , , , , 29.5873269, -0.0119173, , , , , , , 29.5873269, -0.0142672, , , , , , , , , , , , , , , , , , , , , , , , , , , , 
29.5878462, 0.0428016, , , , , , , 29.5878462, -0.0015106, , , , , , , 29.5878462, -0.0139315, , , , , , , 29.5878462, -0.012253, , , , , , , , , , , , , , , , , , , , , , , , , , , , 
29.5883654, 0.0354162, , , , , , , 29.5883654, -0.0015106, , , , , , , 29.5883654, -0.0157778, , , , , , , 29.5883654, -0.0092317, , , , , , , , , , , , , , , , , , , , , , , , , , , , 
29.5888846, 0.0229953, , , , , , , 29.5888846, -0.0015106, , , , , , , 29.5888846, -0.0132601, , , , , , , 29.5888846, -0.0062104, , , , , , , , , , , , , , , , , , , , , , , , , , , , 
29.5894038, 0.0193027, , , , , , , 29.5894038, -0.0011749, , , , , , , 29.5894038, -0.0095674, , , , , , , 29.5894038, -0.0041962, , , , , , , , , , , , , , , , , , , , , , , , , , , , 
29.5899231, 0.0193027, , , , , , , 29.5899231, -0.0041962, , , , , , , 29.5899231, -0.0072175, , , , , , , 29.5899231, -0.0041962, , , , , , , , , , , , , , , , , , , , , , , , , , , , 
29.5904423, 0.0140993, , , , , , , 29.5904423, -0.008896, , , , , , , 29.5904423, -0.0062104, , , , , , , 29.5904423, -0.0015106, , , , , , , , , , , , , , , , , , , , , , , , , , , , 
29.5909615, 0.0085603, , , , , , , 29.5909615, -0.008896, , , , , , , 29.5909615, -0.0038605, , , , , , , 29.5909615, 0.0035248, , , , , , , , , , , , , , , , , , , , , , , , , , , , 
29.5914808, 0.0068818, , , , , , , 29.5914808, -0.0043641, , , , , , , 29.5914808, -0.0018463, , , , , , , 29.5914808, 0.0085603, , , , , , , , , , , , , , , , , , , , , , , , , , , , 
29.592, 0.0050355, , , , , , , 29.592, -0.0031891, , , , , , , 29.592, -0.0001678, , , , , , , 29.592, 0.0127565, , , , , , , , , , , , , , , , , , , , , , , , , , , , 
29.5925192, 0.0048676, , , , , , , 29.5925192, -0.0065461, , , , , , , 29.5925192, 0.0008392, , , , , , , 29.5925192, 0.0179599, , , , , , , , , , , , , , , , , , , , , , , , , , , , 
29.5930385, 0.0078889, , , , , , , 29.5930385, -0.0082246, , , , , , , 29.5930385, 0.0011749, , , , , , , 29.5930385, 0.0213169, , , , , , , , , , , , , , , , , , , , , , , , , , , , 
29.5935577, 0.0041962, , , , , , , 29.5935577, -0.0068818, , , , , , , 29.5935577, 0.0015106, , , , , , , 29.5935577, 0.018967, , , , , , , , , , , , , , , , , , , , , , , , , , , , 
29.5940769, -0.0028534, , , , , , , 29.5940769, -0.0070497, , , , , , , 29.5940769, 0.0005035, , , , , , , 29.5940769, 0.0119173, , , , , , , , , , , , , , , , , , , , , , , , , , , , 
29.5945962, -0.0041962, , , , , , , 29.5945962, -0.0085603, , , , , , , 29.5945962, -0.0015106, , , , , , , 29.5945962, 0.0052033, , , , , , , , , , , , , , , , , , , , , , , , , , , , 
29.5951154, 0.0048676, , , , , , , 29.5951154, -0.0092317, , , , , , , 29.5951154, -0.0063783, , , , , , , 29.5951154, 0.0005035, , , , , , , , , , , , , , , , , , , , , , , , , , , , 
29.5956346, 0.0162814, , , , , , , 29.5956346, -0.0082246, , , , , , , 29.5956346, -0.0090639, , , , , , , 29.5956346, -0.0045319, , , , , , , , , , , , , , , , , , , , , , , , , , , , 
29.5961538, 0.0124208, , , , , , , 29.5961538, -0.0085603, , , , , , , 29.5961538, -0.0085603, , , , , , , 29.5961538, -0.008896, , , , , , , , , , , , , , , , , , , , , , , , , , , , 
29.5966731, 0.0005035, , , , , , , 29.5966731, -0.0078889, , , , , , , 29.5966731, -0.0095674, , , , , , , 29.5966731, -0.0075532, , , , , , , , , , , , , , , , , , , , , , , , , , , , 
29.5971923, -0.0050355, , , , , , , 29.5971923, -0.0065461, , , , , , , 29.5971923, -0.010071, , , , , , , 29.5971923, -0.0028534, , , , , , , , , , , , , , , , , , , , , , , , , , , , 
29.5977115, -0.0072175, , , , , , , 29.5977115, -0.0048676, , , , , , , 29.5977115, -0.0075532, , , , , , , 29.5977115, 0.0011749, , , , , , , , , , , , , , , , , , , , , , , , , , , , 
29.5982308, -0.005539, , , , , , , 29.5982308, -0.0031891, , , , , , , 29.5982308, -0.0041962, , , , , , , 29.5982308, 0.003357, , , , , , , , , , , , , , , , , , , , , , , , , , , , 
29.59875, 0.0038605, , , , , , , 29.59875, -0.002182, , , , , , , 29.59875, -0.0028534, , , , , , , 29.59875, 0.0038605, , , , , , , , , , , , , , , , , , , , , , , , , , , , 
29.5992692, 0.01561, , , , , , , 29.5992692, -0.0035248, , , , , , , 29.5992692, -0.0035248, , , , , , , 29.5992692, 0.0045319, , , , , , , , , , , , , , , , , , , , , , , , , , , , 
29.5997885, 0.0250095, , , , , , , 29.5997885, -0.005539, , , , , , , 29.5997885, -0.0057069, , , , , , , 29.5997885, 0.002182, , , , , , , , , , , , , , , , , , , , , , , , , , , , 
29.6003077, 0.0317235, , , , , , , 29.6003077, -0.0077211, , , , , , , 29.6003077, -0.0085603, , , , , , , 29.6003077, -0.0005035, , , , , , , , , , , , , , , , , , , , , , , , , , , , 
29.6008269, 0.0392767, , , , , , , 29.6008269, -0.008896, , , , , , , 29.6008269, -0.0073854, , , , , , , 29.6008269, 0.0011749, , , , , , , , , , , , , , , , , , , , , , , , , , , , 
29.6013462, 0.0433051, , , , , , , 29.6013462, -0.0072175, , , , , , , 29.6013462, -0.005539, , , , , , , 29.6013462, 0.0025177, , , , , , , , , , , , , , , , , , , , , , , , , , , , 
29.6018654, 0.0387732, , , , , , , 29.6018654, -0.0075532, , , , , , , 29.6018654, -0.0078889, , , , , , , 29.6018654, -0.0008392, , , , , , , , , , , , , , , , , , , , , , , , , , , , 
29.6023846, 0.0320592, , , , , , , 29.6023846, -0.0082246, , , , , , , 29.6023846, -0.010071, , , , , , , 29.6023846, -0.0062104, , , , , , , , , , , , , , , , , , , , , , , , , , , , 
29.6029038, 0.0240024, , , , , , , 29.6029038, -0.0085603, , , , , , , 29.6029038, -0.0102388, , , , , , , 29.6029038, -0.0092317, , , , , , , , , , , , , , , , , , , , , , , , , , , , 
29.6034231, 0.0135958, , , , , , , 29.6034231, -0.0082246, , , , , , , 29.6034231, -0.0082246, , , , , , , 29.6034231, -0.0099031, , , , , , , , , , , , , , , , , , , , , , , , , , , , 
29.6039423, 0.0052033, , , , , , , 29.6039423, -0.0082246, , , , , , , 29.6039423, -0.0083925, , , , , , , 29.6039423, -0.0142672, , , , , , , , , , , , , , , , , , , , , , , , , , , , 
29.6044615, 0.0031891, , , , , , , 29.6044615, -0.0102388, , , , , , , 29.6044615, -0.010071, , , , , , , 29.6044615, -0.024506, , , , , , , , , , , , , , , , , , , , , , , , , , , , 
29.6049808, 0.0048676, , , , , , , 29.6049808, -0.0102388, , , , , , , 29.6049808, -0.012253, , , , , , , 29.6049808, -0.0337377, , , , , , , , , , , , , , , , , , , , , , , , , , , , 
29.6055, 0.0036927, , , , , , , 29.6055, -0.0109102, , , , , , , 29.6055, -0.0125887, , , , , , , 29.6055, -0.0391089, , , , , , , , , , , , , , , , , , , , , , , , , , , , 
29.6060192, 0.0016785, , , , , , , 29.6060192, -0.0109102, , , , , , , 29.6060192, -0.0115816, , , , , , , 29.6060192, -0.0404517, , , , , , , , , , , , , , , , , , , , , , , , , , , , 
29.6065385, 0.0043641, , , , , , , 29.6065385, -0.0095674, , , , , , , 29.6065385, -0.0104067, , , , , , , 29.6065385, -0.0391089, , , , , , , , , , , , , , , , , , , , , , , , , , , , 
29.6070577, 0.0112459, , , , , , , 29.6070577, -0.0068818, , , , , , , 29.6070577, -0.008896, , , , , , , 29.6070577, -0.0391089, , , , , , , , , , , , , , , , , , , , , , , , , , , , 
29.6075769, 0.0182956, , , , , , , 29.6075769, -0.0057069, , , , , , , 29.6075769, -0.0070497, , , , , , , 29.6075769, -0.0357519, , , , , , , , , , , , , , , , , , , , , , , , , , , , 
29.6080962, 0.0224918, , , , , , , 29.6080962, -0.0075532, , , , , , , 29.6080962, -0.0080568, , , , , , , 29.6080962, -0.0236667, , , , , , , , , , , , , , , , , , , , , , , , , , , , 
29.6086154, 0.0290379, , , , , , , 29.6086154, -0.0092317, , , , , , , 29.6086154, -0.0102388, , , , , , , 29.6086154, -0.0125887, , , , , , , , , , , , , , , , , , , , , , , , , , , , 
29.6091346, 0.0359197, , , , , , , 29.6091346, -0.0092317, , , , , , , 29.6091346, -0.0104067, , , , , , , 29.6091346, -0.0075532, , , , , , , , , , , , , , , , , , , , , , , , , , , , 
29.6096538, 0.0364233, , , , , , , 29.6096538, -0.0085603, , , , , , , 29.6096538, -0.008896, , , , , , , 29.6096538, -0.0028534, , , , , , , , , , , , , , , , , , , , , , , , , , , , 
29.6101731, 0.033402, , , , , , , 29.6101731, -0.0077211, , , , , , , 29.6101731, -0.0085603, , , , , , , 29.6101731, 0.0062104, , , , , , , , , , , , , , , , , , , , , , , , , , , , 
29.6106923, 0.0260166, , , , , , , 29.6106923, -0.0082246, , , , , , , 29.6106923, -0.0082246, , , , , , , 29.6106923, 0.0166171, , , , , , , , , , , , , , , , , , , , , , , , , , , , 
29.6112115, 0.0169528, , , , , , , 29.6112115, -0.0117494, , , , , , , 29.6112115, -0.0072175, , , , , , , 29.6112115, 0.0253452, , , , , , , , , , , , , , , , , , , , , , , , , , , , 
29.6117308, 0.0125887, , , , , , , 29.6117308, -0.0135958, , , , , , , 29.6117308, -0.0065461, , , , , , , 29.6117308, 0.033402, , , , , , , , , , , , , , , , , , , , , , , , , , , , 
29.61225, 0.0082246, , , , , , , 29.61225, -0.0132601, , , , , , , 29.61225, -0.0052033, , , , , , , 29.61225, 0.0397803, , , , , , , , , , , , , , , , , , , , , , , , , , , , 
29.6127692, 0.0028534, , , , , , , 29.6127692, -0.0117494, , , , , , , 29.6127692, -0.0036927, , , , , , , 29.6127692, 0.0414588, , , , , , , , , , , , , , , , , , , , , , , , , , , , 
29.6132885, -0.0015106, , , , , , , 29.6132885, -0.0087282, , , , , , , 29.6132885, -0.0028534, , , , , , , 29.6132885, 0.0394446, , , , , , , , , , , , , , , , , , , , , , , , , , , , 
29.6138077, -0.0075532, , , , , , , 29.6138077, -0.0070497, , , , , , , 29.6138077, -0.0038605, , , , , , , 29.6138077, 0.0374304, , , , , , , , , , , , , , , , , , , , , , , , , , , , 
29.6143269, -0.0041962, , , , , , , 29.6143269, -0.0083925, , , , , , , 29.6143269, -0.0062104, , , , , , , 29.6143269, 0.0342412, , , , , , , , , , , , , , , , , , , , , , , , , , , , 
29.6148462, 0.0058747, , , , , , , 29.6148462, -0.0083925, , , , , , , 29.6148462, -0.0068818, , , , , , , 29.6148462, 0.0293736, , , , , , , , , , , , , , , , , , , , , , , , , , , , 
29.6153654, 0.0152743, , , , , , , 29.6153654, -0.0092317, , , , , , , 29.6153654, -0.0062104, , , , , , , 29.6153654, 0.024506, , , , , , , , , , , , , , , , , , , , , , , , , , , , 
29.6158846, 0.0218204, , , , , , , 29.6158846, -0.0090639, , , , , , , 29.6158846, -0.0052033, , , , , , , 29.6158846, 0.0219883, , , , , , , , , , , , , , , , , , , , , , , , , , , , 
29.6164038, 0.0223239, , , , , , , 29.6164038, -0.0075532, , , , , , , 29.6164038, -0.0041962, , , , , , , 29.6164038, 0.0193027, , , , , , , , , , , , , , , , , , , , , , , , , , , , 
29.6169231, 0.0193027, , , , , , , 29.6169231, -0.0068818, , , , , , , 29.6169231, -0.0045319, , , , , , , 29.6169231, 0.0152743, , , , , , , , , , , , , , , , , , , , , , , , , , , , 
29.6174423, 0.0146029, , , , , , , 29.6174423, -0.008896, , , , , , , 29.6174423, -0.0062104, , , , , , , 29.6174423, 0.0117494, , , , , , , , , , , , , , , , , , , , , , , , , , , , 
29.6179615, 0.0130922, , , , , , , 29.6179615, -0.0097353, , , , , , , 29.6179615, -0.0077211, , , , , , , 29.6179615, 0.0105745, , , , , , , , , , , , , , , , , , , , , , , , , , , , 
29.6184808, 0.0157778, , , , , , , 29.6184808, -0.0083925, , , , , , , 29.6184808, -0.0078889, , , , , , , 29.6184808, 0.0125887, , , , , , , , , , , , , , , , , , , , , , , , , , , , 
29.619, 0.0213169, , , , , , , 29.619, -0.0072175, , , , , , , 29.619, -0.0095674, , , , , , , 29.619, 0.0146029, , , , , , , , , , , , , , , , , , , , , , , , , , , , 
29.6195192, 0.0253452, , , , , , , 29.6195192, -0.0078889, , , , , , , 29.6195192, -0.0105745, , , , , , , 29.6195192, 0.0162814, , , , , , , , , , , , , , , , , , , , , , , , , , , , 
29.6200385, 0.0280308, , , , , , , 29.6200385, -0.0077211, , , , , , , 29.6200385, -0.0075532, , , , , , , 29.6200385, 0.0193027, , , , , , , , , , , , , , , , , , , , , , , , , , , , 
29.6205577, 0.0283665, , , , , , , 29.6205577, -0.0057069, , , , , , , 29.6205577, -0.0065461, , , , , , , 29.6205577, 0.0206455, , , , , , , , , , , , , , , , , , , , , , , , , , , , 
29.6210769, 0.030045, , , , , , , 29.6210769, -0.0058747, , , , , , , 29.6210769, -0.0077211, , , , , , , 29.6210769, 0.021149, , , , , , , , , , , , , , , , , , , , , , , , , , , , 
29.6215962, 0.03122, , , , , , , 29.6215962, -0.0072175, , , , , , , 29.6215962, -0.0097353, , , , , , , 29.6215962, 0.0193027, , , , , , , , , , , , , , , , , , , , , , , , , , , , 
29.6221154, 0.030045, , , , , , , 29.6221154, -0.005539, , , , , , , 29.6221154, -0.0112459, , , , , , , 29.6221154, 0.0186313, , , , , , , , , , , , , , , , , , , , , , , , , , , , 
29.6226346, 0.0229953, , , , , , , 29.6226346, -0.0041962, , , , , , , 29.6226346, -0.0115816, , , , , , , 29.6226346, 0.0198062, , , , , , , , , , , , , , , , , , , , , , , , , , , , 
29.6231538, 0.0169528, , , , , , , 29.6231538, -0.0035248, , , , , , , 29.6231538, -0.0109102, , , , , , , 29.6231538, 0.0216526, , , , , , , , , , , , , , , , , , , , , , , , , , , , 
29.6236731, 0.0146029, , , , , , , 29.6236731, -0.005539, , , , , , , 29.6236731, -0.0095674, , , , , , , 29.6236731, 0.0186313, , , , , , , , , , , , , , , , , , , , , , , , , , , , 
29.6241923, 0.0109102, , , , , , , 29.6241923, -0.0077211, , , , , , , 29.6241923, -0.011078, , , , , , , 29.6241923, 0.0119173, , , , , , , , , , , , , , , , , , , , , , , , , , , , 
29.6247115, 0.0095674, , , , , , , 29.6247115, -0.008896, , , , , , , 29.6247115, -0.0132601, , , , , , , 29.6247115, 0.0058747, , , , , , , , , , , , , , , , , , , , , , , , , , , , 
29.6252308, 0.0130922, , , , , , , 29.6252308, -0.0082246, , , , , , , 29.6252308, -0.0139315, , , , , , , 29.6252308, 0.002182, , , , , , , , , , , , , , , , , , , , , , , , , , , , 
29.62575, 0.0198062, , , , , , , 29.62575, -0.0063783, , , , , , , 29.62575, -0.0149386, , , , , , , 29.62575, 0.0003357, , , , , , , , , , , , , , , , , , , , , , , , , , , , 
29.6262692, 0.0273594, , , , , , , 29.6262692, -0.0052033, , , , , , , 29.6262692, -0.0149386, , , , , , , 29.6262692, -0.0010071, , , , , , , , , , , , , , , , , , , , , , , , , , , , 
29.6267885, 0.0337377, , , , , , , 29.6267885, -0.0038605, , , , , , , 29.6267885, -0.0129244, , , , , , , 29.6267885, -0.0023499, , , , , , , , , , , , , , , , , , , , , , , , , , , , 
29.6273077, 0.0310521, , , , , , , 29.6273077, -0.0043641, , , , , , , 29.6273077, -0.0119173, , , , , , , 29.6273077, 0.0001678, , , , , , , , , , , , , , , , , , , , , , , , , , , , 
29.6278269, 0.0226596, , , , , , , 29.6278269, -0.005539, , , , , , , 29.6278269, -0.0109102, , , , , , , 29.6278269, 0.0058747, , , , , , , , , , , , , , , , , , , , , , , , , , , , 
29.6283462, 0.0169528, , , , , , , 29.6283462, -0.0058747, , , , , , , 29.6283462, -0.0109102, , , , , , , 29.6283462, 0.0117494, , , , , , , , , , , , , , , , , , , , , , , , , , , , 
29.6288654, 0.0172885, , , , , , , 29.6288654, -0.008896, , , , , , , 29.6288654, -0.0102388, , , , , , , 29.6288654, 0.0171206, , , , , , , , , , , , , , , , , , , , , , , , , , , , 
29.6293846, 0.0186313, , , , , , , 29.6293846, -0.0095674, , , , , , , 29.6293846, -0.0104067, , , , , , , 29.6293846, 0.0213169, , , , , , , , , , , , , , , , , , , , , , , , , , , , 
29.6299038, 0.0139315, , , , , , , 29.6299038, -0.0083925, , , , , , , 29.6299038, -0.010071, , , , , , , 29.6299038, 0.0260166, , , , , , , , , , , , , , , , , , , , , , , , , , , , 
29.6304231, 0.0038605, , , , , , , 29.6304231, -0.0082246, , , , , , , 29.6304231, -0.0062104, , , , , , , 29.6304231, 0.0318914, , , , , , , , , , , , , , , , , , , , , , , , , , , , 
29.6309423, -0.002182, , , , , , , 29.6309423, -0.0085603, , , , , , , 29.6309423, -0.0068818, , , , , , , 29.6309423, 0.0387732, , , , , , , , , , , , , , , , , , , , , , , , , , , , 
29.6314615, -0.0018463, , , , , , , 29.6314615, -0.0075532, , , , , , , 29.6314615, -0.0062104, , , , , , , 29.6314615, 0.0468299, , , , , , , , , , , , , , , , , , , , , , , , , , , , 
29.6319808, -0.0063783, , , , , , , 29.6319808, -0.0073854, , , , , , , 29.6319808, -0.0041962, , , , , , , 29.6319808, 0.0513619, , , , , , , , , , , , , , , , , , , , , , , , , , , , 
29.6325, -0.0166171, , , , , , , 29.6325, -0.0085603, , , , , , , 29.6325, -0.0008392, , , , , , , 29.6325, 0.0535439, , , , , , , , , , , , , , , , , , , , , , , , , , , , 
29.6330192, -0.0256809, , , , , , , 29.6330192, -0.008896, , , , , , , 29.6330192, 0.0003357, , , , , , , 29.6330192, 0.0528725, , , , , , , , , , , , , , , , , , , , , , , , , , , , 
29.6335385, -0.0310521, , , , , , , 29.6335385, -0.010071, , , , , , , 29.6335385, -0.0003357, , , , , , , 29.6335385, 0.0501869, , , , , , , , , , , , , , , , , , , , , , , , , , , , 
29.6340577, -0.0293736, , , , , , , 29.6340577, -0.0109102, , , , , , , 29.6340577, -0.0016785, , , , , , , 29.6340577, 0.0468299, , , , , , , , , , , , , , , , , , , , , , , , , , , , 
29.6345769, -0.0229953, , , , , , , 29.6345769, -0.0115816, , , , , , , 29.6345769, -0.0038605, , , , , , , 29.6345769, 0.0399481, , , , , , , , , , , , , , , , , , , , , , , , , , , , 
29.6350962, -0.0125887, , , , , , , 29.6350962, -0.0112459, , , , , , , 29.6350962, -0.0065461, , , , , , , 29.6350962, 0.0317235, , , , , , , , , , , , , , , , , , , , , , , , , , , , 
29.6356154, 0.0031891, , , , , , , 29.6356154, -0.011078, , , , , , , 29.6356154, -0.0075532, , , , , , , 29.6356154, 0.0238346, , , , , , , , , , , , , , , , , , , , , , , , , , , , 
29.6361346, 0.0193027, , , , , , , 29.6361346, -0.0117494, , , , , , , 29.6361346, -0.005539, , , , , , , 29.6361346, 0.0166171, , , , , , , , , , , , , , , , , , , , , , , , , , , , 
29.6366538, 0.0394446, , , , , , , 29.6366538, -0.012253, , , , , , , 29.6366538, -0.0052033, , , , , , , 29.6366538, 0.0105745, , , , , , , , , , , , , , , , , , , , , , , , , , , , 
29.6371731, 0.0550546, , , , , , , 29.6371731, -0.0119173, , , , , , , 29.6371731, -0.0075532, , , , , , , 29.6371731, 0.0062104, , , , , , , , , , , , , , , , , , , , , , , , , , , , 
29.6376923, 0.0491798, , , , , , , 29.6376923, -0.0092317, , , , , , , 29.6376923, -0.008896, , , , , , , 29.6376923, 0.0038605, , , , , , , , , , , , , , , , , , , , , , , , , , , , 
29.6382115, 0.0327306, , , , , , , 29.6382115, -0.0070497, , , , , , , 29.6382115, -0.0085603, , , , , , , 29.6382115, 0.005539, , , , , , , , , , , , , , , , , , , , , , , , , , , , 
29.6387308, 0.0224918, , , , , , , 29.6387308, -0.0078889, , , , , , , 29.6387308, -0.0092317, , , , , , , 29.6387308, 0.0078889, , , , , , , , , , , , , , , , , , , , , , , , , , , , 
29.63925, 0.0223239, , , , , , , 29.63925, -0.0097353, , , , , , , 29.63925, -0.008896, , , , , , , 29.63925, 0.0065461, , , , , , , , , , , , , , , , , , , , , , , , , , , , 
29.6397692, 0.0271916, , , , , , , 29.6397692, -0.0092317, , , , , , , 29.6397692, -0.0072175, , , , , , , 29.6397692, 0.0018463, , , , , , , , , , , , , , , , , , , , , , , , , , , , 
29.6402885, 0.0253452, , , , , , , 29.6402885, -0.0062104, , , , , , , 29.6402885, -0.0062104, , , , , , , 29.6402885, -0.0018463, , , , , , , , , , , , , , , , , , , , , , , , , , , , 
29.6408077, 0.018967, , , , , , , 29.6408077, -0.0041962, , , , , , , 29.6408077, -0.0058747, , , , , , , 29.6408077, -0.0030213, , , , , , , , , , , , , , , , , , , , , , , , , , , , 
29.6413269, 0.0159457, , , , , , , 29.6413269, -0.0050355, , , , , , , 29.6413269, -0.0068818, , , , , , , 29.6413269, -0.0023499, , , , , , , , , , , , , , , , , , , , , , , , , , , , 
29.6418462, 0.0172885, , , , , , , 29.6418462, -0.0045319, , , , , , , 29.6418462, -0.008896, , , , , , , 29.6418462, -0.0015106, , , , , , , , , , , , , , , , , , , , , , , , , , , , 
29.6423654, 0.0176242, , , , , , , 29.6423654, -0.0005035, , , , , , , 29.6423654, -0.0095674, , , , , , , 29.6423654, 0.0001678, , , , , , , , , , , , , , , , , , , , , , , , , , , , 
29.6428846, 0.0193027, , , , , , , 29.6428846, 0.0011749, , , , , , , 29.6428846, -0.0109102, , , , , , , 29.6428846, 0.0023499, , , , , , , , , , , , , , , , , , , , , , , , , , , , 
29.6434038, 0.0213169, , , , , , , 29.6434038, 0.0001678, , , , , , , 29.6434038, -0.0146029, , , , , , , 29.6434038, 0.002182, , , , , , , , , , , , , , , , , , , , , , , , , , , , 
29.6439231, 0.0129244, , , , , , , 29.6439231, -0.0016785, , , , , , , 29.6439231, -0.0159457, , , , , , , 29.6439231, -0.0006714, , , , , , , , , , , , , , , , , , , , , , , , , , , , 
29.6444423, 0.0038605, , , , , , , 29.6444423, -0.0036927, , , , , , , 29.6444423, -0.0135958, , , , , , , 29.6444423, -0.0045319, , , , , , , , , , , , , , , , , , , , , , , , , , , , 
29.6449615, 0.0062104, , , , , , , 29.6449615, -0.0048676, , , , , , , 29.6449615, -0.0129244, , , , , , , 29.6449615, -0.0083925, , , , , , , , , , , , , , , , , , , , , , , , , , , , 
29.6454808, 0.0115816, , , , , , , 29.6454808, -0.0048676, , , , , , , 29.6454808, -0.0135958, , , , , , , 29.6454808, -0.011078, , , , , , , , , , , , , , , , , , , , , , , , , , , , 
29.646, 0.0105745, , , , , , , 29.646, -0.0030213, , , , , , , 29.646, -0.0142672, , , , , , , 29.646, -0.0129244, , , , , , , , , , , , , , , , , , , , , , , , , , , , 
29.6465192, 0.0001678, , , , , , , 29.6465192, -0.0038605, , , , , , , 29.6465192, -0.0139315, , , , , , , 29.6465192, -0.01561, , , , , , , , , , , , , , , , , , , , , , , , , , , , 
29.6470385, -0.0095674, , , , , , , 29.6470385, -0.0075532, , , , , , , 29.6470385, -0.012253, , , , , , , 29.6470385, -0.0152743, , , , , , , , , , , , , , , , , , , , , , , , , , , , 
29.6475577, -0.0149386, , , , , , , 29.6475577, -0.0099031, , , , , , , 29.6475577, -0.0102388, , , , , , , 29.6475577, -0.012253, , , , , , , , , , , , , , , , , , , , , , , , , , , , 
29.6480769, -0.0166171, , , , , , , 29.6480769, -0.0109102, , , , , , , 29.6480769, -0.008896, , , , , , , 29.6480769, -0.0048676, , , , , , , , , , , , , , , , , , , , , , , , , , , , 
29.6485962, -0.0193027, , , , , , , 29.6485962, -0.012253, , , , , , , 29.6485962, -0.0095674, , , , , , , 29.6485962, 0.0031891, , , , , , , , , , , , , , , , , , , , , , , , , , , , 
29.6491154, -0.0191348, , , , , , , 29.6491154, -0.0149386, , , , , , , 29.6491154, -0.0095674, , , , , , , 29.6491154, 0.0105745, , , , , , , , , , , , , , , , , , , , , , , , , , , , 
29.6496346, -0.0191348, , , , , , , 29.6496346, -0.0149386, , , , , , , 29.6496346, -0.0063783, , , , , , , 29.6496346, 0.01561, , , , , , , , , , , , , , , , , , , , , , , , , , , , 
29.6501538, -0.0179599, , , , , , , 29.6501538, -0.0149386, , , , , , , 29.6501538, -0.0038605, , , , , , , 29.6501538, 0.0218204, , , , , , , , , , , , , , , , , , , , , , , , , , , , 
29.6506731, -0.0090639, , , , , , , 29.6506731, -0.0135958, , , , , , , 29.6506731, -0.0018463, , , , , , , 29.6506731, 0.0292058, , , , , , , , , , , , , , , , , , , , , , , , , , , , 
29.6511923, 0.0060426, , , , , , , 29.6511923, -0.0095674, , , , , , , 29.6511923, -0.0001678, , , , , , , 29.6511923, 0.0320592, , , , , , , , , , , , , , , , , , , , , , , , , , , , 
29.6517115, 0.0159457, , , , , , , 29.6517115, -0.008896, , , , , , , 29.6517115, 0.0011749, , , , , , , 29.6517115, 0.0347448, , , , , , , , , , , , , , , , , , , , , , , , , , , , 
29.6522308, 0.01561, , , , , , , 29.6522308, -0.0109102, , , , , , , 29.6522308, 0.0018463, , , , , , , 29.6522308, 0.0407874, , , , , , , , , , , , , , , , , , , , , , , , , , , , 
29.65275, 0.0112459, , , , , , , 29.65275, -0.008896, , , , , , , 29.65275, 0.0011749, , , , , , , 29.65275, 0.0481727, , , , , , , , , , , , , , , , , , , , , , , , , , , , 
29.6532692, 0.0099031, , , , , , , 29.6532692, -0.0058747, , , , , , , 29.6532692, 0.0008392, , , , , , , 29.6532692, 0.051194, , , , , , , , , , , , , , , , , , , , , , , , , , , , 
29.6537885, 0.0078889, , , , , , , 29.6537885, -0.0062104, , , , , , , 29.6537885, -0.0008392, , , , , , , 29.6537885, 0.0468299, , , , , , , , , , , , , , , , , , , , , , , , , , , , 
29.6543077, -0.0025177, , , , , , , 29.6543077, -0.0072175, , , , , , , 29.6543077, -0.0036927, , , , , , , 29.6543077, 0.0384375, , , , , , , , , , , , , , , , , , , , , , , , , , , , 
29.6548269, -0.0102388, , , , , , , 29.6548269, -0.0082246, , , , , , , 29.6548269, -0.0048676, , , , , , , 29.6548269, 0.0307164, , , , , , , , , , , , , , , , , , , , , , , , , , , , 
29.6553462, -0.0082246, , , , , , , 29.6553462, -0.0109102, , , , , , , 29.6553462, -0.0046998, , , , , , , 29.6553462, 0.0271916, , , , , , , , , , , , , , , , , , , , , , , , , , , , 
29.6558654, -0.0011749, , , , , , , 29.6558654, -0.011078, , , , , , , 29.6558654, -0.0068818, , , , , , , 29.6558654, 0.0250095, , , , , , , , , , , , , , , , , , , , , , , , , , , , 
29.6563846, 0.0072175, , , , , , , 29.6563846, -0.0095674, , , , , , , 29.6563846, -0.0095674, , , , , , , 29.6563846, 0.0196384, , , , , , , , , , , , , , , , , , , , , , , , , , , , 
29.6569038, 0.0119173, , , , , , , 29.6569038, -0.0085603, , , , , , , 29.6569038, -0.0082246, , , , , , , 29.6569038, 0.0114137, , , , , , , , , , , , , , , , , , , , , , , , , , , , 
29.6574231, 0.0105745, , , , , , , 29.6574231, -0.0082246, , , , , , , 29.6574231, -0.0068818, , , , , , , 29.6574231, 0.0068818, , , , , , , , , , , , , , , , , , , , , , , , , , , , 
29.6579423, -0.002182, , , , , , , 29.6579423, -0.0083925, , , , , , , 29.6579423, -0.0095674, , , , , , , 29.6579423, 0.0041962, , , , , , , , , , , , , , , , , , , , , , , , , , , , 
29.6584615, -0.0169528, , , , , , , 29.6584615, -0.0095674, , , , , , , 29.6584615, -0.0198062, , , , , , , 29.6584615, -0.0008392, , , , , , , , , , , , , , , , , , , , , , , , , , , , 
29.6589808, -0.0169528, , , , , , , 29.6589808, -0.0109102, , , , , , , 29.6589808, -0.0344091, , , , , , , 29.6589808, -0.0072175, , , , , , , , , , , , , , , , , , , , , , , , , , , , 
29.6595, -0.0065461, , , , , , , 29.6595, -0.0092317, , , , , , , 29.6595, -0.0438087, , , , , , , 29.6595, -0.0099031, , , , , , , , , , , , , , , , , , , , , , , , , , , , 
29.6600192, 0.0045319, , , , , , , 29.6600192, -0.0075532, , , , , , , 29.6600192, -0.0464942, , , , , , , 29.6600192, -0.0109102, , , , , , , , , , , , , , , , , , , , , , , , , , , , 
29.6605385, 0.008896, , , , , , , 29.6605385, -0.0075532, , , , , , , 29.6605385, -0.0451514, , , , , , , 29.6605385, -0.0109102, , , , , , , , , , , , , , , , , , , , , , , , , , , , 
29.6610577, 0.0085603, , , , , , , 29.6610577, -0.0068818, , , , , , , 29.6610577, -0.0404517, , , , , , , 29.6610577, -0.0102388, , , , , , , , , , , , , , , , , , , , , , , , , , , , 
29.6615769, 0.0097353, , , , , , , 29.6615769, -0.0052033, , , , , , , 29.6615769, -0.0290379, , , , , , , 29.6615769, -0.008896, , , , , , , , , , , , , , , , , , , , , , , , , , , , 
29.6620962, 0.0105745, , , , , , , 29.6620962, -0.005539, , , , , , , 29.6620962, -0.0135958, , , , , , , 29.6620962, -0.0068818, , , , , , , , , , , , , , , , , , , , , , , , , , , , 
29.6626154, 0.0125887, , , , , , , 29.6626154, -0.0070497, , , , , , , 29.6626154, 0.0038605, , , , , , , 29.6626154, -0.0038605, , , , , , , , , , , , , , , , , , , , , , , , , , , , 
29.6631346, 0.0219883, , , , , , , 29.6631346, -0.0075532, , , , , , , 29.6631346, 0.023331, , , , , , , 29.6631346, -0.0015106, , , , , , , , , , , , , , , , , , , , , , , , , , , , 
29.6636538, 0.0374304, , , , , , , 29.6636538, -0.0062104, , , , , , , 29.6636538, 0.040116, , , , , , , 29.6636538, -0.0045319, , , , , , , , , , , , , , , , , , , , , , , , , , , , 
29.6641731, 0.0493477, , , , , , , 29.6641731, -0.0058747, , , , , , , 29.6641731, 0.0454871, , , , , , , 29.6641731, -0.0135958, , , , , , , , , , , , , , , , , , , , , , , , , , , , 
29.6646923, 0.0592508, , , , , , , 29.6646923, -0.0058747, , , , , , , 29.6646923, 0.0431373, , , , , , , 29.6646923, -0.0209812, , , , , , , , , , , , , , , , , , , , , , , , , , , , 
29.6652115, 0.0676432, , , , , , , 29.6652115, -0.005539, , , , , , , 29.6652115, 0.0381018, , , , , , , 29.6652115, -0.0238346, , , , , , , , , , , , , , , , , , , , , , , , , , , , 
29.6657308, 0.0733501, , , , , , , 29.6657308, -0.005539, , , , , , , 29.6657308, 0.0313878, , , , , , , 29.6657308, -0.0251774, , , , , , , , , , , , , , , , , , , , , , , , , , , , 
29.66625, 0.0726787, , , , , , , 29.66625, -0.0063783, , , , , , , 29.66625, 0.0213169, , , , , , , 29.66625, -0.0263523, , , , , , , , , , , , , , , , , , , , , , , , , , , , 
29.6667692, 0.0610971, , , , , , , 29.6667692, -0.0062104, , , , , , , 29.6667692, 0.0078889, , , , , , , 29.6667692, -0.0297093, , , , , , , , , , , , , , , , , , , , , , , , , , , , 
29.6672885, 0.0417945, , , , , , , 29.6672885, -0.0057069, , , , , , , 29.6672885, 0.0015106, , , , , , , 29.6672885, -0.0323949, , , , , , , , , , , , , , , , , , , , , , , , , , , , 
29.6678077, 0.0172885, , , , , , , 29.6678077, -0.0058747, , , , , , , 29.6678077, -0.0005035, , , , , , , 29.6678077, -0.0297093, , , , , , , , , , , , , , , , , , , , , , , , , , , , 
29.6683269, -0.0010071, , , , , , , 29.6683269, -0.0068818, , , , , , , 29.6683269, -0.0048676, , , , , , , 29.6683269, -0.0213169, , , , , , , , , , , , , , , , , , , , , , , , , , , , 
29.6688462, -0.0125887, , , , , , , 29.6688462, -0.0063783, , , , , , , 29.6688462, -0.008896, , , , , , , 29.6688462, -0.0125887, , , , , , , , , , , , , , , , , , , , , , , , , , , , 
29.6693654, -0.0196384, , , , , , , 29.6693654, -0.0058747, , , , , , , 29.6693654, -0.0130922, , , , , , , 29.6693654, -0.005539, , , , , , , , , , , , , , , , , , , , , , , , , , , , 
29.6698846, -0.0146029, , , , , , , 29.6698846, -0.0062104, , , , , , , 29.6698846, -0.0152743, , , , , , , 29.6698846, 0.0018463, , , , , , , , , , , , , , , , , , , , , , , , , , , , 
29.6704038, 0.0036927, , , , , , , 29.6704038, -0.0062104, , , , , , , 29.6704038, -0.0146029, , , , , , , 29.6704038, 0.0090639, , , , , , , , , , , , , , , , , , , , , , , , , , , , 
29.6709231, 0.0186313, , , , , , , 29.6709231, -0.0068818, , , , , , , 29.6709231, -0.0146029, , , , , , , 29.6709231, 0.0176242, , , , , , , , , , , , , , , , , , , , , , , , , , , , 
29.6714423, 0.0199741, , , , , , , 29.6714423, -0.0068818, , , , , , , 29.6714423, -0.0172885, , , , , , , 29.6714423, 0.0265202, , , , , , , , , , , , , , , , , , , , , , , , , , , , 
29.6719615, 0.0105745, , , , , , , 29.6719615, -0.005539, , , , , , , 29.6719615, -0.0172885, , , , , , , 29.6719615, 0.033402, , , , , , , , , , , , , , , , , , , , , , , , , , , , 
29.6724808, 0.0008392, , , , , , , 29.6724808, -0.005539, , , , , , , 29.6724808, -0.0152743, , , , , , , 29.6724808, 0.0381018, , , , , , , , , , , , , , , , , , , , , , , , , , , , 
29.673, -0.0035248, , , , , , , 29.673, -0.0085603, , , , , , , 29.673, -0.0142672, , , , , , , 29.673, 0.0391089, , , , , , , , , , , , , , , , , , , , , , , , , , , , 
29.6735192, -0.0005035, , , , , , , 29.6735192, -0.0125887, , , , , , , 29.6735192, -0.0149386, , , , , , , 29.6735192, 0.0360876, , , , , , , , , , , , , , , , , , , , , , , , , , , , 
29.6740385, 0.0038605, , , , , , , 29.6740385, -0.0119173, , , , , , , 29.6740385, -0.014435, , , , , , , 29.6740385, 0.0320592, , , , , , , , , , , , , , , , , , , , , , , , , , , , 
29.6745577, 0.0046998, , , , , , , 29.6745577, -0.0109102, , , , , , , 29.6745577, -0.0132601, , , , , , , 29.6745577, 0.0253452, , , , , , , , , , , , , , , , , , , , , , , , , , , , 
29.6750769, 0.0038605, , , , , , , 29.6750769, -0.0112459, , , , , , , 29.6750769, -0.0114137, , , , , , , 29.6750769, 0.018967, , , , , , , , , , , , , , , , , , , , , , , , , , , , 
29.6755962, 0.0010071, , , , , , , 29.6755962, -0.0115816, , , , , , , 29.6755962, -0.0075532, , , , , , , 29.6755962, 0.0159457, , , , , , , , , , , , , , , , , , , , , , , , , , , , 
29.6761154, 0.0035248, , , , , , , 29.6761154, -0.0119173, , , , , , , 29.6761154, -0.0060426, , , , , , , 29.6761154, 0.0152743, , , , , , , , , , , , , , , , , , , , , , , , , , , , 
29.6766346, 0.0099031, , , , , , , 29.6766346, -0.0115816, , , , , , , 29.6766346, -0.0083925, , , , , , , 29.6766346, 0.0117494, , , , , , , , , , , , , , , , , , , , , , , , , , , , 
29.6771538, 0.0172885, , , , , , , 29.6771538, -0.0092317, , , , , , , 29.6771538, -0.0119173, , , , , , , 29.6771538, 0.0065461, , , , , , , , , , , , , , , , , , , , , , , , , , , , 
29.6776731, 0.0186313, , , , , , , 29.6776731, -0.0082246, , , , , , , 29.6776731, -0.0142672, , , , , , , 29.6776731, 0.002182, , , , , , , , , , , , , , , , , , , , , , , , , , , , 
29.6781923, 0.0209812, , , , , , , 29.6781923, -0.0082246, , , , , , , 29.6781923, -0.0139315, , , , , , , 29.6781923, 0.0011749, , , , , , , , , , , , , , , , , , , , , , , , , , , , 
29.6787115, 0.0273594, , , , , , , 29.6787115, -0.0072175, , , , , , , 29.6787115, -0.0132601, , , , , , , 29.6787115, 0.0008392, , , , , , , , , , , , , , , , , , , , , , , , , , , , 
29.6792308, 0.0315557, , , , , , , 29.6792308, -0.0082246, , , , , , , 29.6792308, -0.0124208, , , , , , , 29.6792308, 0.0005035, , , , , , , , , , , , , , , , , , , , , , , , , , , , 
29.67975, 0.0307164, , , , , , , 29.67975, -0.0095674, , , , , , , 29.67975, -0.0119173, , , , , , , 29.67975, 0.002182, , , , , , , , , , , , , , , , , , , , , , , , , , , , 
29.6802692, 0.0325628, , , , , , , 29.6802692, -0.0085603, , , , , , , 29.6802692, -0.0112459, , , , , , , 29.6802692, 0.0023499, , , , , , , , , , , , , , , , , , , , , , , , , , , , 
29.6807885, 0.0386053, , , , , , , 29.6807885, -0.0050355, , , , , , , 29.6807885, -0.0097353, , , , , , , 29.6807885, 0.0016785, , , , , , , , , , , , , , , , , , , , , , , , , , , , 
29.6813077, 0.0394446, , , , , , , 29.6813077, -0.0045319, , , , , , , 29.6813077, -0.0102388, , , , , , , 29.6813077, 0.0011749, , , , , , , , , , , , , , , , , , , , , , , , , , , , 
29.6818269, 0.033402, , , , , , , 29.6818269, -0.005539, , , , , , , 29.6818269, -0.0102388, , , , , , , 29.6818269, 0.0015106, , , , , , , , , , , , , , , , , , , , , , , , , , , , 
29.6823462, 0.0240024, , , , , , , 29.6823462, -0.0065461, , , , , , , 29.6823462, -0.0092317, , , , , , , 29.6823462, 0.0011749, , , , , , , , , , , , , , , , , , , , , , , , , , , , 
29.6828654, 0.0179599, , , , , , , 29.6828654, -0.0068818, , , , , , , 29.6828654, -0.0092317, , , , , , , 29.6828654, 0.002182, , , , , , , , , , , , , , , , , , , , , , , , , , , , 
29.6833846, 0.01561, , , , , , , 29.6833846, -0.0062104, , , , , , , 29.6833846, -0.0109102, , , , , , , 29.6833846, 0.002182, , , , , , , , , , , , , , , , , , , , , , , , , , , , 
29.6839038, 0.0171206, , , , , , , 29.6839038, -0.0068818, , , , , , , 29.6839038, -0.011078, , , , , , , 29.6839038, -0.0062104, , , , , , , , , , , , , , , , , , , , , , , , , , , , 
29.6844231, 0.0253452, , , , , , , 29.6844231, -0.0078889, , , , , , , 29.6844231, -0.0115816, , , , , , , 29.6844231, -0.0199741, , , , , , , , , , , , , , , , , , , , , , , , , , , , 
29.6849423, 0.0381018, , , , , , , 29.6849423, -0.0068818, , , , , , , 29.6849423, -0.0124208, , , , , , , 29.6849423, -0.0276951, , , , , , , , , , , , , , , , , , , , , , , , , , , , 
29.6854615, 0.0438087, , , , , , , 29.6854615, -0.0058747, , , , , , , 29.6854615, -0.0109102, , , , , , , 29.6854615, -0.0303807, , , , , , , , , , , , , , , , , , , , , , , , , , , , 
29.6859808, 0.0424659, , , , , , , 29.6859808, -0.0072175, , , , , , , 29.6859808, -0.0095674, , , , , , , 29.6859808, -0.0298772, , , , , , , , , , , , , , , , , , , , , , , , , , , , 
29.6865, 0.0428016, , , , , , , 29.6865, -0.0082246, , , , , , , 29.6865, -0.0085603, , , , , , , 29.6865, -0.0292058, , , , , , , , , , , , , , , , , , , , , , , , , , , , 
29.6870192, 0.0473335, , , , , , , 29.6870192, -0.0078889, , , , , , , 29.6870192, -0.008896, , , , , , , 29.6870192, -0.0283665, , , , , , , , , , , , , , , , , , , , , , , , , , , , 
29.6875385, 0.0433051, , , , , , , 29.6875385, -0.0065461, , , , , , , 29.6875385, -0.0095674, , , , , , , 29.6875385, -0.0250095, , , , , , , , , , , , , , , , , , , , , , , , , , , , 
29.6880577, 0.0320592, , , , , , , 29.6880577, -0.0072175, , , , , , , 29.6880577, -0.0104067, , , , , , , 29.6880577, -0.018967, , , , , , , , , , , , , , , , , , , , , , , , , , , , 
29.6885769, 0.026688, , , , , , , 29.6885769, -0.0068818, , , , , , , 29.6885769, -0.012253, , , , , , , 29.6885769, -0.0092317, , , , , , , , , , , , , , , , , , , , , , , , , , , , 
29.6890962, 0.0240024, , , , , , , 29.6890962, -0.0048676, , , , , , , 29.6890962, -0.0109102, , , , , , , 29.6890962, 0.003357, , , , , , , , , , , , , , , , , , , , , , , , , , , , 
29.6896154, 0.0159457, , , , , , , 29.6896154, -0.0043641, , , , , , , 29.6896154, -0.0082246, , , , , , , 29.6896154, 0.0139315, , , , , , , , , , , , , , , , , , , , , , , , , , , , 
29.6901346, 0.0038605, , , , , , , 29.6901346, -0.0065461, , , , , , , 29.6901346, -0.0068818, , , , , , , 29.6901346, 0.0219883, , , , , , , , , , , , , , , , , , , , , , , , , , , , 
29.6906538, -0.0072175, , , , , , , 29.6906538, -0.0068818, , , , , , , 29.6906538, -0.0045319, , , , , , , 29.6906538, 0.0313878, , , , , , , , , , , , , , , , , , , , , , , , , , , , 
29.6911731, -0.0102388, , , , , , , 29.6911731, -0.0050355, , , , , , , 29.6911731, -0.0015106, , , , , , , 29.6911731, 0.0417945, , , , , , , , , , , , , , , , , , , , , , , , , , , , 
29.6916923, -0.0045319, , , , , , , 29.6916923, -0.0041962, , , , , , , 29.6916923, -0.0023499, , , , , , , 29.6916923, 0.0491798, , , , , , , , , , , , , , , , , , , , , , , , , , , , 
29.6922115, 0.0018463, , , , , , , 29.6922115, -0.0058747, , , , , , , 29.6922115, -0.0028534, , , , , , , 29.6922115, 0.0542153, , , , , , , , , , , , , , , , , , , , , , , , , , , , 
29.6927308, 0.0025177, , , , , , , 29.6927308, -0.0075532, , , , , , , 29.6927308, -0.0023499, , , , , , , 29.6927308, 0.0570687, , , , , , , , , , , , , , , , , , , , , , , , , , , , 
29.69325, -0.0052033, , , , , , , 29.69325, -0.008896, , , , , , , 29.69325, -0.002182, , , , , , , 29.69325, 0.0605936, , , , , , , , , , , , , , , , , , , , , , , , , , , , 
29.6937692, -0.0166171, , , , , , , 29.6937692, -0.0099031, , , , , , , 29.6937692, -0.0018463, , , , , , , 29.6937692, 0.0622721, , , , , , , , , , , , , , , , , , , , , , , , , , , , 
29.6942885, -0.0196384, , , , , , , 29.6942885, -0.012253, , , , , , , 29.6942885, -0.0015106, , , , , , , 29.6942885, 0.0550546, , , , , , , , , , , , , , , , , , , , , , , , , , , , 
29.6948077, -0.0223239, , , , , , , 29.6948077, -0.0132601, , , , , , , 29.6948077, -0.002182, , , , , , , 29.6948077, 0.0461585, , , , , , , , , , , , , , , , , , , , , , , , , , , , 
29.6953269, -0.0223239, , , , , , , 29.6953269, -0.0149386, , , , , , , 29.6953269, -0.0041962, , , , , , , 29.6953269, 0.040116, , , , , , , , , , , , , , , , , , , , , , , , , , , , 
29.6958462, -0.0179599, , , , , , , 29.6958462, -0.0142672, , , , , , , 29.6958462, -0.0052033, , , , , , , 29.6958462, 0.0340734, , , , , , , , , , , , , , , , , , , , , , , , , , , , 
29.6963654, -0.0135958, , , , , , , 29.6963654, -0.0109102, , , , , , , 29.6963654, -0.0058747, , , , , , , 29.6963654, 0.0280308, , , , , , , , , , , , , , , , , , , , , , , , , , , , 
29.6968846, -0.012253, , , , , , , 29.6968846, -0.0092317, , , , , , , 29.6968846, -0.0068818, , , , , , , 29.6968846, 0.026688, , , , , , , , , , , , , , , , , , , , , , , , , , , , 
29.6974038, -0.0109102, , , , , , , 29.6974038, -0.0078889, , , , , , , 29.6974038, -0.0068818, , , , , , , 29.6974038, 0.0265202, , , , , , , , , , , , , , , , , , , , , , , , , , , , 
29.6979231, -0.0028534, , , , , , , 29.6979231, -0.0085603, , , , , , , 29.6979231, -0.0075532, , , , , , , 29.6979231, 0.0250095, , , , , , , , , , , , , , , , , , , , , , , , , , , , 
29.6984423, 0.0085603, , , , , , , 29.6984423, -0.0092317, , , , , , , 29.6984423, -0.0075532, , , , , , , 29.6984423, 0.0213169, , , , , , , , , , , , , , , , , , , , , , , , , , , , 
29.6989615, 0.0196384, , , , , , , 29.6989615, -0.0099031, , , , , , , 29.6989615, -0.0048676, , , , , , , 29.6989615, 0.0172885, , , , , , , , , , , , , , , , , , , , , , , , , , , , 
29.6994808, 0.0347448, , , , , , , 29.6994808, -0.0078889, , , , , , , 29.6994808, -0.0028534, , , , , , , 29.6994808, 0.0166171, , , , , , , , , , , , , , , , , , , , , , , , , , , , 
29.7, 0.0506905, , , , , , , 29.7, -0.0057069, , , , , , , 29.7, -0.0028534, , , , , , , 29.7, 0.0179599, , , , , , , , , , , , , , , , , , , , , , , , , , , , 
29.7005192, 0.0597543, , , , , , , 29.7005192, -0.0062104, , , , , , , 29.7005192, -0.0048676, , , , , , , 29.7005192, 0.0172885, , , , , , , , , , , , , , , , , , , , , , , , , , , , 
29.7010385, 0.0569009, , , , , , , 29.7010385, -0.0095674, , , , , , , 29.7010385, -0.0075532, , , , , , , 29.7010385, 0.0169528, , , , , , , , , , , , , , , , , , , , , , , , , , , , 
29.7015577, 0.0508583, , , , , , , 29.7015577, -0.0115816, , , , , , , 29.7015577, -0.0102388, , , , , , , 29.7015577, 0.0186313, , , , , , , , , , , , , , , , , , , , , , , , , , , , 
29.7020769, 0.0481727, , , , , , , 29.7020769, -0.0099031, , , , , , , 29.7020769, -0.012253, , , , , , , 29.7020769, 0.0179599, , , , , , , , , , , , , , , , , , , , , , , , , , , , 
29.7025962, 0.0488441, , , , , , , 29.7025962, -0.006714, , , , , , , 29.7025962, -0.0109102, , , , , , , 29.7025962, 0.0162814, , , , , , , , , , , , , , , , , , , , , , , , , , , , 
29.7031154, 0.043473, , , , , , , 29.7031154, -0.005539, , , , , , , 29.7031154, -0.0092317, , , , , , , 29.7031154, 0.0142672, , , , , , , , , , , , , , , , , , , , , , , , , , , , 
29.7036346, 0.0305486, , , , , , , 29.7036346, -0.0062104, , , , , , , 29.7036346, -0.0085603, , , , , , , 29.7036346, 0.0119173, , , , , , , , , , , , , , , , , , , , , , , , , , , , 
29.7041538, 0.0151064, , , , , , , 29.7041538, -0.0082246, , , , , , , 29.7041538, -0.0112459, , , , , , , 29.7041538, 0.0041962, , , , , , , , , , , , , , , , , , , , , , , , , , , , 
29.7046731, 0.0078889, , , , , , , 29.7046731, -0.0119173, , , , , , , 29.7046731, -0.0139315, , , , , , , 29.7046731, -0.0048676, , , , , , , , , , , , , , , , , , , , , , , , , , , , 
29.7051923, 0.0105745, , , , , , , 29.7051923, -0.0109102, , , , , , , 29.7051923, -0.01561, , , , , , , 29.7051923, -0.0097353, , , , , , , , , , , , , , , , , , , , , , , , , , , , 
29.7057115, 0.0146029, , , , , , , 29.7057115, -0.0095674, , , , , , , 29.7057115, -0.0152743, , , , , , , 29.7057115, -0.0105745, , , , , , , , , , , , , , , , , , , , , , , , , , , , 
29.7062308, 0.0135958, , , , , , , 29.7062308, -0.0102388, , , , , , , 29.7062308, -0.0135958, , , , , , , 29.7062308, -0.0095674, , , , , , , , , , , , , , , , , , , , , , , , , , , , 
29.70675, 0.0149386, , , , , , , 29.70675, -0.0099031, , , , , , , 29.70675, -0.0132601, , , , , , , 29.70675, -0.0085603, , , , , , , , , , , , , , , , , , , , , , , , , , , , 
29.7072692, 0.0236667, , , , , , , 29.7072692, -0.0068818, , , , , , , 29.7072692, -0.0151064, , , , , , , 29.7072692, -0.0036927, , , , , , , , , , , , , , , , , , , , , , , , , , , , 
29.7077885, 0.0276951, , , , , , , 29.7077885, -0.005539, , , , , , , 29.7077885, -0.0152743, , , , , , , 29.7077885, 0.0052033, , , , , , , , , , , , , , , , , , , , , , , , , , , , 
29.7083077, 0.0203098, , , , , , , 29.7083077, -0.0058747, , , , , , , 29.7083077, -0.0139315, , , , , , , 29.7083077, 0.0125887, , , , , , , , , , , , , , , , , , , , , , , , , , , , 
29.7088269, 0.0132601, , , , , , , 29.7088269, -0.0058747, , , , , , , 29.7088269, -0.012253, , , , , , , 29.7088269, 0.0184634, , , , , , , , , , , , , , , , , , , , , , , , , , , , 
29.7093462, 0.0072175, , , , , , , 29.7093462, -0.0057069, , , , , , , 29.7093462, -0.0112459, , , , , , , 29.7093462, 0.0253452, , , , , , , , , , , , , , , , , , , , , , , , , , , , 
29.7098654, -0.0035248, , , , , , , 29.7098654, -0.005539, , , , , , , 29.7098654, -0.0102388, , , , , , , 29.7098654, 0.0345769, , , , , , , , , , , , , , , , , , , , , , , , , , , , 
29.7103846, -0.0169528, , , , , , , 29.7103846, -0.0077211, , , , , , , 29.7103846, -0.0085603, , , , , , , 29.7103846, 0.0441444, , , , , , , , , , , , , , , , , , , , , , , , , , , , 
29.7109038, -0.0256809, , , , , , , 29.7109038, -0.0085603, , , , , , , 29.7109038, -0.0058747, , , , , , , 29.7109038, 0.0508583, , , , , , , , , , , , , , , , , , , , , , , , , , , , 
29.7114231, -0.0223239, , , , , , , 29.7114231, -0.0083925, , , , , , , 29.7114231, -0.0065461, , , , , , , 29.7114231, 0.0562295, , , , , , , , , , , , , , , , , , , , , , , , , , , , 
29.7119423, -0.0075532, , , , , , , 29.7119423, -0.0065461, , , , , , , 29.7119423, -0.0062104, , , , , , , 29.7119423, 0.0622721, , , , , , , , , , , , , , , , , , , , , , , , , , , , 
29.7124615, -0.0015106, , , , , , , 29.7124615, -0.0038605, , , , , , , 29.7124615, -0.0048676, , , , , , , 29.7124615, 0.066804, , , , , , , , , , , , , , , , , , , , , , , , , , , , 
29.7129808, -0.0102388, , , , , , , 29.7129808, -0.0041962, , , , , , , 29.7129808, -0.0048676, , , , , , , 29.7129808, 0.0710002, , , , , , , , , , , , , , , , , , , , , , , , , , , , 
29.7135, -0.023331, , , , , , , 29.7135, -0.0065461, , , , , , , 29.7135, -0.005539, , , , , , , 29.7135, 0.0726787, , , , , , , , , , , , , , , , , , , , , , , , , , , , 
29.7140192, -0.0263523, , , , , , , 29.7140192, -0.0075532, , , , , , , 29.7140192, -0.005539, , , , , , , 29.7140192, 0.0663005, , , , , , , , , , , , , , , , , , , , , , , , , , , , 
29.7145385, -0.0193027, , , , , , , 29.7145385, -0.008896, , , , , , , 29.7145385, -0.0052033, , , , , , , 29.7145385, 0.0538796, , , , , , , , , , , , , , , , , , , , , , , , , , , , 
29.7150577, -0.0085603, , , , , , , 29.7150577, -0.008896, , , , , , , 29.7150577, -0.0068818, , , , , , , 29.7150577, 0.0451514, , , , , , , , , , , , , , , , , , , , , , , , , , , , 
29.7155769, -0.005539, , , , , , , 29.7155769, -0.0075532, , , , , , , 29.7155769, -0.0085603, , , , , , , 29.7155769, 0.0407874, , , , , , , , , , , , , , , , , , , , , , , , , , , , 
29.7160962, -0.0062104, , , , , , , 29.7160962, -0.0058747, , , , , , , 29.7160962, -0.0078889, , , , , , , 29.7160962, 0.036759, , , , , , , , , , , , , , , , , , , , , , , , , , , , 
29.7166154, -0.0038605, , , , , , , 29.7166154, -0.005539, , , , , , , 29.7166154, -0.0082246, , , , , , , 29.7166154, 0.0352483, , , , , , , , , , , , , , , , , , , , , , , , , , , , 
29.7171346, 0.0005035, , , , , , , 29.7171346, -0.0052033, , , , , , , 29.7171346, -0.0109102, , , , , , , 29.7171346, 0.0354162, , , , , , , , , , , , , , , , , , , , , , , , , , , , 
29.7176538, 0.0062104, , , , , , , 29.7176538, -0.0045319, , , , , , , 29.7176538, -0.0109102, , , , , , , 29.7176538, 0.0350805, , , , , , , , , , , , , , , , , , , , , , , , , , , , 
29.7181731, 0.0146029, , , , , , , 29.7181731, -0.0041962, , , , , , , 29.7181731, -0.008896, , , , , , , 29.7181731, 0.0317235, , , , , , , , , , , , , , , , , , , , , , , , , , , , 
29.7186923, 0.0196384, , , , , , , 29.7186923, -0.0030213, , , , , , , 29.7186923, -0.0082246, , , , , , , 29.7186923, 0.0288701, , , , , , , , , , , , , , , , , , , , , , , , , , , , 
29.7192115, 0.0213169, , , , , , , 29.7192115, -0.0018463, , , , , , , 29.7192115, -0.0075532, , , , , , , 29.7192115, 0.027863, , , , , , , , , , , , , , , , , , , , , , , , , , , , 
29.7197308, 0.0276951, , , , , , , 29.7197308, -0.0028534, , , , , , , 29.7197308, -0.0058747, , , , , , , 29.7197308, 0.0270237, , , , , , , , , , , , , , , , , , , , , , , , , , , , 
29.72025, 0.0381018, , , , , , , 29.72025, -0.0041962, , , , , , , 29.72025, -0.0043641, , , , , , , 29.72025, 0.026688, , , , , , , , , , , , , , , , , , , , , , , , , , , , 
29.7207692, 0.0421302, , , , , , , 29.7207692, -0.0048676, , , , , , , 29.7207692, -0.0035248, , , , , , , 29.7207692, 0.0273594, , , , , , , , , , , , , , , , , , , , , , , , , , , , 
29.7212885, 0.0387732, , , , , , , 29.7212885, -0.0068818, , , , , , , 29.7212885, -0.0052033, , , , , , , 29.7212885, 0.027863, , , , , , , , , , , , , , , , , , , , , , , , , , , , 
29.7218077, 0.0313878, , , , , , , 29.7218077, -0.0072175, , , , , , , 29.7218077, -0.0065461, , , , , , , 29.7218077, 0.030045, , , , , , , , , , , , , , , , , , , , , , , , , , , , 
29.7223269, 0.0303807, , , , , , , 29.7223269, -0.0068818, , , , , , , 29.7223269, -0.0058747, , , , , , , 29.7223269, 0.033402, , , , , , , , , , , , , , , , , , , , , , , , , , , , 
29.7228462, 0.0307164, , , , , , , 29.7228462, -0.0052033, , , , , , , 29.7228462, -0.0063783, , , , , , , 29.7228462, 0.0337377, , , , , , , , , , , , , , , , , , , , , , , , , , , , 
29.7233654, 0.0263523, , , , , , , 29.7233654, -0.0041962, , , , , , , 29.7233654, -0.0102388, , , , , , , 29.7233654, 0.0283665, , , , , , , , , , , , , , , , , , , , , , , , , , , , 
29.7238846, 0.014435, , , , , , , 29.7238846, -0.0031891, , , , , , , 29.7238846, -0.0135958, , , , , , , 29.7238846, 0.0206455, , , , , , , , , , , , , , , , , , , , , , , , , , , , 
29.7244038, 0.0072175, , , , , , , 29.7244038, -0.0043641, , , , , , , 29.7244038, -0.0129244, , , , , , , 29.7244038, 0.0129244, , , , , , , , , , , , , , , , , , , , , , , , , , , , 
29.7249231, 0.0078889, , , , , , , 29.7249231, -0.0062104, , , , , , , 29.7249231, -0.0109102, , , , , , , 29.7249231, 0.0075532, , , , , , , , , , , , , , , , , , , , , , , , , , , , 
29.7254423, 0.0045319, , , , , , , 29.7254423, -0.0075532, , , , , , , 29.7254423, -0.0112459, , , , , , , 29.7254423, 0.0048676, , , , , , , , , , , , , , , , , , , , , , , , , , , , 
29.7259615, -0.0035248, , , , , , , 29.7259615, -0.0085603, , , , , , , 29.7259615, -0.0102388, , , , , , , 29.7259615, 0.0025177, , , , , , , , , , , , , , , , , , , , , , , , , , , , 
29.7264808, -0.0087282, , , , , , , 29.7264808, -0.0092317, , , , , , , 29.7264808, -0.0068818, , , , , , , 29.7264808, 0.0011749, , , , , , , , , , , , , , , , , , , , , , , , , , , , 
29.727, -0.0065461, , , , , , , 29.727, -0.0092317, , , , , , , 29.727, -0.0058747, , , , , , , 29.727, 0.0048676, , , , , , , , , , , , , , , , , , , , , , , , , , , , 
29.7275192, -0.0011749, , , , , , , 29.7275192, -0.0105745, , , , , , , 29.7275192, -0.0068818, , , , , , , 29.7275192, 0.0083925, , , , , , , , , , , , , , , , , , , , , , , , , , , , 
29.7280385, 0.0023499, , , , , , , 29.7280385, -0.0095674, , , , , , , 29.7280385, -0.0068818, , , , , , , 29.7280385, 0.0129244, , , , , , , , , , , , , , , , , , , , , , , , , , , , 
29.7285577, 0.0058747, , , , , , , 29.7285577, -0.0068818, , , , , , , 29.7285577, -0.0068818, , , , , , , 29.7285577, 0.0182956, , , , , , , , , , , , , , , , , , , , , , , , , , , , 
29.7290769, 0.0162814, , , , , , , 29.7290769, -0.0045319, , , , , , , 29.7290769, -0.0065461, , , , , , , 29.7290769, 0.0216526, , , , , , , , , , , , , , , , , , , , , , , , , , , , 
29.7295962, 0.0360876, , , , , , , 29.7295962, -0.0018463, , , , , , , 29.7295962, -0.0058747, , , , , , , 29.7295962, 0.0258488, , , , , , , , , , , , , , , , , , , , , , , , , , , , 
29.7301154, 0.0527047, , , , , , , 29.7301154, -0.0015106, , , , , , , 29.7301154, -0.0048676, , , , , , , 29.7301154, 0.0344091, , , , , , , , , , , , , , , , , , , , , , , , , , , , 
29.7306346, 0.0421302, , , , , , , 29.7306346, -0.0041962, , , , , , , 29.7306346, -0.0011749, , , , , , , 29.7306346, 0.0451514, , , , , , , , , , , , , , , , , , , , , , , , , , , , 
29.7311538, 0.0105745, , , , , , , 29.7311538, -0.0075532, , , , , , , 29.7311538, 0.0008392, , , , , , , 29.7311538, 0.0495155, , , , , , , , , , , , , , , , , , , , , , , , , , , , 
29.7316731, -0.0166171, , , , , , , 29.7316731, -0.008896, , , , , , , 29.7316731, -0.0001678, , , , , , , 29.7316731, 0.0522011, , , , , , , , , , , , , , , , , , , , , , , , , , , , 
29.7321923, -0.0307164, , , , , , , 29.7321923, -0.0095674, , , , , , , 29.7321923, 0.0008392, , , , , , , 29.7321923, 0.0565652, , , , , , , , , , , , , , , , , , , , , , , , , , , , 
29.7327115, -0.0313878, , , , , , , 29.7327115, -0.010071, , , , , , , 29.7327115, 0.0018463, , , , , , , 29.7327115, 0.0627756, , , , , , , , , , , , , , , , , , , , , , , , , , , , 
29.7332308, -0.0243381, , , , , , , 29.7332308, -0.0115816, , , , , , , 29.7332308, 0.0006714, , , , , , , 29.7332308, 0.0656291, , , , , , , , , , , , , , , , , , , , , , , , , , , , 
29.73375, -0.0135958, , , , , , , 29.73375, -0.0115816, , , , , , , 29.73375, -0.0008392, , , , , , , 29.73375, 0.0616007, , , , , , , , , , , , , , , , , , , , , , , , , , , , 
29.7342692, 0.0008392, , , , , , , 29.7342692, -0.0117494, , , , , , , 29.7342692, -0.0018463, , , , , , , 29.7342692, 0.0540475, , , , , , , , , , , , , , , , , , , , , , , , , , , , 
29.7347885, 0.0179599, , , , , , , 29.7347885, -0.012253, , , , , , , 29.7347885, -0.0018463, , , , , , , 29.7347885, 0.0431373, , , , , , , , , , , , , , , , , , , , , , , , , , , , 
29.7353077, 0.0330663, , , , , , , 29.7353077, -0.0109102, , , , , , , 29.7353077, -0.0038605, , , , , , , 29.7353077, 0.0303807, , , , , , , , , , , , , , , , , , , , , , , , , , , , 
29.7358269, 0.0387732, , , , , , , 29.7358269, -0.0112459, , , , , , , 29.7358269, -0.0052033, , , , , , , 29.7358269, 0.0219883, , , , , , , , , , , , , , , , , , , , , , , , , , , , 
29.7363462, 0.0350805, , , , , , , 29.7363462, -0.012253, , , , , , , 29.7363462, -0.0050355, , , , , , , 29.7363462, 0.0172885, , , , , , , , , , , , , , , , , , , , , , , , , , , , 
29.7368654, 0.0216526, , , , , , , 29.7368654, -0.0132601, , , , , , , 29.7368654, -0.0052033, , , , , , , 29.7368654, 0.0139315, , , , , , , , , , , , , , , , , , , , , , , , , , , , 
29.7373846, 0.0120851, , , , , , , 29.7373846, -0.0124208, , , , , , , 29.7373846, -0.0041962, , , , , , , 29.7373846, 0.0115816, , , , , , , , , , , , , , , , , , , , , , , , , , , , 
29.7379038, 0.0137636, , , , , , , 29.7379038, -0.0092317, , , , , , , 29.7379038, -0.0031891, , , , , , , 29.7379038, 0.0082246, , , , , , , , , , , , , , , , , , , , , , , , , , , , 
29.7384231, 0.0206455, , , , , , , 29.7384231, -0.0058747, , , , , , , 29.7384231, -0.0041962, , , , , , , 29.7384231, 0.0048676, , , , , , , , , , , , , , , , , , , , , , , , , , , , 
29.7389423, 0.0320592, , , , , , , 29.7389423, -0.0045319, , , , , , , 29.7389423, -0.0078889, , , , , , , 29.7389423, 0.0038605, , , , , , , , , , , , , , , , , , , , , , , , , , , , 
29.7394615, 0.0461585, , , , , , , 29.7394615, -0.005539, , , , , , , 29.7394615, -0.0078889, , , , , , , 29.7394615, 0.0025177, , , , , , , , , , , , , , , , , , , , , , , , , , , , 
29.7399808, 0.0498512, , , , , , , 29.7399808, -0.005539, , , , , , , 29.7399808, -0.0058747, , , , , , , 29.7399808, -0.0001678, , , , , , , , , , , , , , , , , , , , , , , , , , , , 
29.7405, 0.043473, , , , , , , 29.7405, -0.0062104, , , , , , , 29.7405, -0.005539, , , , , , , 29.7405, -0.0025177, , , , , , , , , , , , , , , , , , , , , , , , , , , , 
29.7410192, 0.0313878, , , , , , , 29.7410192, -0.0082246, , , , , , , 29.7410192, -0.0085603, , , , , , , 29.7410192, -0.0075532, , , , , , , , , , , , , , , , , , , , , , , , , , , , 
29.7415385, 0.0243381, , , , , , , 29.7415385, -0.0115816, , , , , , , 29.7415385, -0.0099031, , , , , , , 29.7415385, -0.0124208, , , , , , , , , , , , , , , , , , , , , , , , , , , , 
29.7420577, 0.0280308, , , , , , , 29.7420577, -0.0135958, , , , , , , 29.7420577, -0.0095674, , , , , , , 29.7420577, -0.01561, , , , , , , , , , , , , , , , , , , , , , , , , , , , 
29.7425769, 0.0360876, , , , , , , 29.7425769, -0.0124208, , , , , , , 29.7425769, -0.0082246, , , , , , , 29.7425769, -0.0149386, , , , , , , , , , , , , , , , , , , , , , , , , , , , 
29.7430962, 0.0330663, , , , , , , 29.7430962, -0.011078, , , , , , , 29.7430962, -0.0083925, , , , , , , 29.7430962, -0.0137636, , , , , , , , , , , , , , , , , , , , , , , , , , , , 
29.7436154, 0.0216526, , , , , , , 29.7436154, -0.0115816, , , , , , , 29.7436154, -0.0112459, , , , , , , 29.7436154, -0.0169528, , , , , , , , , , , , , , , , , , , , , , , , , , , , 
29.7441346, 0.0171206, , , , , , , 29.7441346, -0.011078, , , , , , , 29.7441346, -0.0137636, , , , , , , 29.7441346, -0.0263523, , , , , , , , , , , , , , , , , , , , , , , , , , , , 
29.7446538, 0.0226596, , , , , , , 29.7446538, -0.0078889, , , , , , , 29.7446538, -0.0152743, , , , , , , 29.7446538, -0.0370947, , , , , , , , , , , , , , , , , , , , , , , , , , , , 
29.7451731, 0.0276951, , , , , , , 29.7451731, -0.0048676, , , , , , , 29.7451731, -0.01561, , , , , , , 29.7451731, -0.0438087, , , , , , , , , , , , , , , , , , , , , , , , , , , , 
29.7456923, 0.0253452, , , , , , , 29.7456923, -0.0041962, , , , , , , 29.7456923, -0.01561, , , , , , , 29.7456923, -0.04448, , , , , , , , , , , , , , , , , , , , , , , , , , , , 
29.7462115, 0.0253452, , , , , , , 29.7462115, -0.0043641, , , , , , , 29.7462115, -0.0151064, , , , , , , 29.7462115, -0.0421302, , , , , , , , , , , , , , , , , , , , , , , , , , , , 
29.7467308, 0.0273594, , , , , , , 29.7467308, -0.0041962, , , , , , , 29.7467308, -0.0142672, , , , , , , 29.7467308, -0.0381018, , , , , , , , , , , , , , , , , , , , , , , , , , , , 
29.74725, 0.0243381, , , , , , , 29.74725, -0.0041962, , , , , , , 29.74725, -0.0124208, , , , , , , 29.74725, -0.0342412, , , , , , , , , , , , , , , , , , , , , , , , , , , , 
29.7477692, 0.0171206, , , , , , , 29.7477692, -0.0043641, , , , , , , 29.7477692, -0.0095674, , , , , , , 29.7477692, -0.0276951, , , , , , , , , , , , , , , , , , , , , , , , , , , , 
29.7482885, 0.0142672, , , , , , , 29.7482885, -0.0065461, , , , , , , 29.7482885, -0.0083925, , , , , , , 29.7482885, -0.0186313, , , , , , , , , , , , , , , , , , , , , , , , , , , , 
29.7488077, 0.0072175, , , , , , , 29.7488077, -0.0092317, , , , , , , 29.7488077, -0.0078889, , , , , , , 29.7488077, -0.0085603, , , , , , , , , , , , , , , , , , , , , , , , , , , , 
29.7493269, 0.0075532, , , , , , , 29.7493269, -0.0090639, , , , , , , 29.7493269, -0.0083925, , , , , , , 29.7493269, -0.0005035, , , , , , , , , , , , , , , , , , , , , , , , , , , , 
29.7498462, 0.0119173, , , , , , , 29.7498462, -0.0062104, , , , , , , 29.7498462, -0.010071, , , , , , , 29.7498462, 0.0035248, , , , , , , , , , , , , , , , , , , , , , , , , , , , 
29.7503654, 0.0075532, , , , , , , 29.7503654, -0.005539, , , , , , , 29.7503654, -0.0109102, , , , , , , 29.7503654, 0.0083925, , , , , , , , , , , , , , , , , , , , , , , , , , , , 
29.7508846, -0.0035248, , , , , , , 29.7508846, -0.0057069, , , , , , , 29.7508846, -0.0073854, , , , , , , 29.7508846, 0.0146029, , , , , , , , , , , , , , , , , , , , , , , , , , , , 
29.7514038, -0.0151064, , , , , , , 29.7514038, -0.0068818, , , , , , , 29.7514038, -0.0041962, , , , , , , 29.7514038, 0.0213169, , , , , , , , , , , , , , , , , , , , , , , , , , , , 
29.7519231, -0.0271916, , , , , , , 29.7519231, -0.0077211, , , , , , , 29.7519231, -0.0048676, , , , , , , 29.7519231, 0.0253452, , , , , , , , , , , , , , , , , , , , , , , , , , , , 
29.7524423, -0.0307164, , , , , , , 29.7524423, -0.0095674, , , , , , , 29.7524423, -0.0058747, , , , , , , 29.7524423, 0.0293736, , , , , , , , , , , , , , , , , , , , , , , , , , , , 
29.7529615, -0.0280308, , , , , , , 29.7529615, -0.0112459, , , , , , , 29.7529615, -0.0031891, , , , , , , 29.7529615, 0.0337377, , , , , , , , , , , , , , , , , , , , , , , , , , , , 
29.7534808, -0.0260166, , , , , , , 29.7534808, -0.0125887, , , , , , , 29.7534808, -0.0015106, , , , , , , 29.7534808, 0.0330663, , , , , , , , , , , , , , , , , , , , , , , , , , , , 
29.754, -0.0213169, , , , , , , 29.754, -0.0129244, , , , , , , 29.754, -0.0028534, , , , , , , 29.754, 0.0287022, , , , , , , , , , , , , , , , , , , , , , , , , , , , 
29.7545192, -0.0109102, , , , , , , 29.7545192, -0.0109102, , , , , , , 29.7545192, -0.0048676, , , , , , , 29.7545192, 0.0213169, , , , , , , , , , , , , , , , , , , , , , , , , , , , 
29.7550385, -0.0005035, , , , , , , 29.7550385, -0.0095674, , , , , , , 29.7550385, -0.0065461, , , , , , , 29.7550385, 0.012253, , , , , , , , , , , , , , , , , , , , , , , , , , , , 
29.7555577, 0.005539, , , , , , , 29.7555577, -0.008896, , , , , , , 29.7555577, -0.0082246, , , , , , , 29.7555577, 0.0052033, , , , , , , , , , , , , , , , , , , , , , , , , , , , 
29.7560769, 0.0119173, , , , , , , 29.7560769, -0.0075532, , , , , , , 29.7560769, -0.008896, , , , , , , 29.7560769, 0.0011749, , , , , , , , , , , , , , , , , , , , , , , , , , , , 
29.7565962, 0.0159457, , , , , , , 29.7565962, -0.0062104, , , , , , , 29.7565962, -0.0075532, , , , , , , 29.7565962, -0.002182, , , , , , , , , , , , , , , , , , , , , , , , , , , , 
29.7571154, 0.0159457, , , , , , , 29.7571154, -0.0068818, , , , , , , 29.7571154, -0.0052033, , , , , , , 29.7571154, -0.0050355, , , , , , , , , , , , , , , , , , , , , , , , , , , , 
29.7576346, 0.0179599, , , , , , , 29.7576346, -0.0082246, , , , , , , 29.7576346, -0.0057069, , , , , , , 29.7576346, -0.0082246, , , , , , , , , , , , , , , , , , , , , , , , , , , , 
29.7581538, 0.0204776, , , , , , , 29.7581538, -0.0095674, , , , , , , 29.7581538, -0.0070497, , , , , , , 29.7581538, -0.0109102, , , , , , , , , , , , , , , , , , , , , , , , , , , , 
29.7586731, 0.0236667, , , , , , , 29.7586731, -0.0095674, , , , , , , 29.7586731, -0.0068818, , , , , , , 29.7586731, -0.012253, , , , , , , , , , , , , , , , , , , , , , , , , , , , 
29.7591923, 0.0276951, , , , , , , 29.7591923, -0.0109102, , , , , , , 29.7591923, -0.0062104, , , , , , , 29.7591923, -0.0095674, , , , , , , , , , , , , , , , , , , , , , , , , , , , 
29.7597115, 0.030045, , , , , , , 29.7597115, -0.0119173, , , , , , , 29.7597115, -0.0068818, , , , , , , 29.7597115, -0.0072175, , , , , , , , , , , , , , , , , , , , , , , , , , , , 
29.7602308, 0.0307164, , , , , , , 29.7602308, -0.0102388, , , , , , , 29.7602308, -0.0082246, , , , , , , 29.7602308, -0.0095674, , , , , , , , , , , , , , , , , , , , , , , , , , , , 
29.76075, 0.0297093, , , , , , , 29.76075, -0.0085603, , , , , , , 29.76075, -0.0102388, , , , , , , 29.76075, -0.0095674, , , , , , , , , , , , , , , , , , , , , , , , , , , , 
29.7612692, 0.030045, , , , , , , 29.7612692, -0.0090639, , , , , , , 29.7612692, -0.0115816, , , , , , , 29.7612692, -0.0090639, , , , , , , , , , , , , , , , , , , , , , , , , , , , 
29.7617885, 0.0340734, , , , , , , 29.7617885, -0.0097353, , , , , , , 29.7617885, -0.0117494, , , , , , , 29.7617885, -0.0095674, , , , , , , , , , , , , , , , , , , , , , , , , , , , 
29.7623077, 0.0285344, , , , , , , 29.7623077, -0.008896, , , , , , , 29.7623077, -0.011078, , , , , , , 29.7623077, -0.0072175, , , , , , , , , , , , , , , , , , , , , , , , , , , , 
29.7628269, 0.0182956, , , , , , , 29.7628269, -0.0070497, , , , , , , 29.7628269, -0.0109102, , , , , , , 29.7628269, -0.0025177, , , , , , , , , , , , , , , , , , , , , , , , , , , , 
29.7633462, 0.0125887, , , , , , , 29.7633462, -0.0068818, , , , , , , 29.7633462, -0.0119173, , , , , , , 29.7633462, -0.0028534, , , , , , , , , , , , , , , , , , , , , , , , , , , , 
29.7638654, 0.0139315, , , , , , , 29.7638654, -0.0077211, , , , , , , 29.7638654, -0.0112459, , , , , , , 29.7638654, -0.0109102, , , , , , , , , , , , , , , , , , , , , , , , , , , , 
29.7643846, 0.0223239, , , , , , , 29.7643846, -0.0072175, , , , , , , 29.7643846, -0.0102388, , , , , , , 29.7643846, -0.0223239, , , , , , , , , , , , , , , , , , , , , , , , , , , , 
29.7649038, 0.0320592, , , , , , , 29.7649038, -0.0048676, , , , , , , 29.7649038, -0.0105745, , , , , , , 29.7649038, -0.0280308, , , , , , , , , , , , , , , , , , , , , , , , , , , , 
29.7654231, 0.0379339, , , , , , , 29.7654231, -0.0028534, , , , , , , 29.7654231, -0.0109102, , , , , , , 29.7654231, -0.0293736, , , , , , , , , , , , , , , , , , , , , , , , , , , , 
29.7659423, 0.0409552, , , , , , , 29.7659423, -0.0015106, , , , , , , 29.7659423, -0.012253, , , , , , , 29.7659423, -0.0310521, , , , , , , , , , , , , , , , , , , , , , , , , , , , 
29.7664615, 0.0421302, , , , , , , 29.7664615, -0.0018463, , , , , , , 29.7664615, -0.012253, , , , , , , 29.7664615, -0.0307164, , , , , , , , , , , , , , , , , , , , , , , , , , , , 
29.7669808, 0.036759, , , , , , , 29.7669808, -0.0011749, , , , , , , 29.7669808, -0.0125887, , , , , , , 29.7669808, -0.0276951, , , , , , , , , , , , , , , , , , , , , , , , , , , , 
29.7675, 0.0337377, , , , , , , 29.7675, 0.0001678, , , , , , , 29.7675, -0.0115816, , , , , , , 29.7675, -0.023331, , , , , , , , , , , , , , , , , , , , , , , , , , , , 
29.7680192, 0.0344091, , , , , , , 29.7680192, -0.0011749, , , , , , , 29.7680192, -0.011078, , , , , , , 29.7680192, -0.0137636, , , , , , , , , , , , , , , , , , , , , , , , , , , , 
29.7685385, 0.030045, , , , , , , 29.7685385, -0.0031891, , , , , , , 29.7685385, -0.008896, , , , , , , 29.7685385, -0.0028534, , , , , , , , , , , , , , , , , , , , , , , , , , , , 
29.7690577, 0.0256809, , , , , , , 29.7690577, -0.0043641, , , , , , , 29.7690577, -0.0062104, , , , , , , 29.7690577, 0.0035248, , , , , , , , , , , , , , , , , , , , , , , , , , , , 
29.7695769, 0.0199741, , , , , , , 29.7695769, -0.0045319, , , , , , , 29.7695769, -0.0062104, , , , , , , 29.7695769, 0.0078889, , , , , , , , , , , , , , , , , , , , , , , , , , , , 
29.7700962, 0.0139315, , , , , , , 29.7700962, -0.0038605, , , , , , , 29.7700962, -0.0057069, , , , , , , 29.7700962, 0.0152743, , , , , , , , , , , , , , , , , , , , , , , , , , , , 
29.7706154, 0.0092317, , , , , , , 29.7706154, -0.005539, , , , , , , 29.7706154, -0.0041962, , , , , , , 29.7706154, 0.0256809, , , , , , , , , , , , , , , , , , , , , , , , , , , , 
29.7711346, 0.0058747, , , , , , , 29.7711346, -0.0095674, , , , , , , 29.7711346, -0.0016785, , , , , , , 29.7711346, 0.0340734, , , , , , , , , , , , , , , , , , , , , , , , , , , , 
29.7716538, 0.0041962, , , , , , , 29.7716538, -0.008896, , , , , , , 29.7716538, -0.0005035, , , , , , , 29.7716538, 0.040116, , , , , , , , , , , , , , , , , , , , , , , , , , , , 
29.7721731, 0.005539, , , , , , , 29.7721731, -0.0075532, , , , , , , 29.7721731, -0.0008392, , , , , , , 29.7721731, 0.0441444, , , , , , , , , , , , , , , , , , , , , , , , , , , , 
29.7726923, 0.0078889, , , , , , , 29.7726923, -0.008896, , , , , , , 29.7726923, -0.0011749, , , , , , , 29.7726923, 0.0463264, , , , , , , , , , , , , , , , , , , , , , , , , , , , 
29.7732115, 0.0025177, , , , , , , 29.7732115, -0.0109102, , , , , , , 29.7732115, -0.0023499, , , , , , , 29.7732115, 0.0481727, , , , , , , , , , , , , , , , , , , , , , , , , , , , 
29.7737308, -0.0075532, , , , , , , 29.7737308, -0.0112459, , , , , , , 29.7737308, -0.0016785, , , , , , , 29.7737308, 0.0495155, , , , , , , , , , , , , , , , , , , , , , , , , , , , 
29.77425, -0.0169528, , , , , , , 29.77425, -0.0115816, , , , , , , 29.77425, -0.0015106, , , , , , , 29.77425, 0.0446479, , , , , , , , , , , , , , , , , , , , , , , , , , , , 
29.7747692, -0.021149, , , , , , , 29.7747692, -0.0092317, , , , , , , 29.7747692, -0.0025177, , , , , , , 29.7747692, 0.0347448, , , , , , , , , , , , , , , , , , , , , , , , , , , , 
29.7752885, -0.0164492, , , , , , , 29.7752885, -0.0058747, , , , , , , 29.7752885, -0.0043641, , , , , , , 29.7752885, 0.0260166, , , , , , , , , , , , , , , , , , , , , , , , , , , , 
29.7758077, -0.0159457, , , , , , , 29.7758077, -0.0035248, , , , , , , 29.7758077, -0.0062104, , , , , , , 29.7758077, 0.0213169, , , , , , , , , , , , , , , , , , , , , , , , , , , , 
29.7763269, -0.0162814, , , , , , , 29.7763269, -0.0031891, , , , , , , 29.7763269, -0.0068818, , , , , , , 29.7763269, 0.018967, , , , , , , , , , , , , , , , , , , , , , , , , , , , 
29.7768462, -0.0129244, , , , , , , 29.7768462, -0.0050355, , , , , , , 29.7768462, -0.0068818, , , , , , , 29.7768462, 0.0151064, , , , , , , , , , , , , , , , , , , , , , , , , , , , 
29.7773654, -0.0048676, , , , , , , 29.7773654, -0.0072175, , , , , , , 29.7773654, -0.0092317, , , , , , , 29.7773654, 0.012253, , , , , , , , , , , , , , , , , , , , , , , , , , , , 
29.7778846, 0.0085603, , , , , , , 29.7778846, -0.0082246, , , , , , , 29.7778846, -0.0109102, , , , , , , 29.7778846, 0.0124208, , , , , , , , , , , , , , , , , , , , , , , , , , , , 
29.7784038, 0.0213169, , , , , , , 29.7784038, -0.008896, , , , , , , 29.7784038, -0.0102388, , , , , , , 29.7784038, 0.0119173, , , , , , , , , , , , , , , , , , , , , , , , , , , , 
29.7789231, 0.0421302, , , , , , , 29.7789231, -0.0083925, , , , , , , 29.7789231, -0.0102388, , , , , , , 29.7789231, 0.0105745, , , , , , , , , , , , , , , , , , , , , , , , , , , , 
29.7794423, 0.0587472, , , , , , , 29.7794423, -0.008896, , , , , , , 29.7794423, -0.012253, , , , , , , 29.7794423, 0.0102388, , , , , , , , , , , , , , , , , , , , , , , , , , , , 
29.7799615, 0.0575723, , , , , , , 29.7799615, -0.0090639, , , , , , , 29.7799615, -0.012253, , , , , , , 29.7799615, 0.0083925, , , , , , , , , , , , , , , , , , , , , , , , , , , , 
29.7804808, 0.0500191, , , , , , , 29.7804808, -0.0092317, , , , , , , 29.7804808, -0.008896, , , , , , , 29.7804808, 0.0072175, , , , , , , , , , , , , , , , , , , , , , , , , , , , 
29.781, 0.0475013, , , , , , , 29.781, -0.0112459, , , , , , , 29.781, -0.0082246, , , , , , , 29.781, 0.0070497, , , , , , , , , , , , , , , , , , , , , , , , , , , , 
29.7815192, 0.0508583, , , , , , , 29.7815192, -0.0139315, , , , , , , 29.7815192, -0.0095674, , , , , , , 29.7815192, 0.0092317, , , , , , , , , , , , , , , , , , , , , , , , , , , , 
29.7820385, 0.0555581, , , , , , , 29.7820385, -0.0125887, , , , , , , 29.7820385, -0.0095674, , , , , , , 29.7820385, 0.0104067, , , , , , , , , , , , , , , , , , , , , , , , , , , , 
29.7825577, 0.0587472, , , , , , , 29.7825577, -0.0085603, , , , , , , 29.7825577, -0.0109102, , , , , , , 29.7825577, 0.0092317, , , , , , , , , , , , , , , , , , , , , , , , , , , , 
29.7830769, 0.0582437, , , , , , , 29.7830769, -0.0062104, , , , , , , 29.7830769, -0.0124208, , , , , , , 29.7830769, 0.0085603, , , , , , , , , , , , , , , , , , , , , , , , , , , , 
29.7835962, 0.0558938, , , , , , , 29.7835962, -0.0082246, , , , , , , 29.7835962, -0.0149386, , , , , , , 29.7835962, 0.0068818, , , , , , , , , , , , , , , , , , , , , , , , , , , , 
29.7841154, 0.0569009, , , , , , , 29.7841154, -0.0119173, , , , , , , 29.7841154, -0.0166171, , , , , , , 29.7841154, -0.0001678, , , , , , , , , , , , , , , , , , , , , , , , , , , , 
29.7846346, 0.0572366, , , , , , , 29.7846346, -0.0112459, , , , , , , 29.7846346, -0.0157778, , , , , , , 29.7846346, -0.0102388, , , , , , , , , , , , , , , , , , , , , , , , , , , , 
29.7851538, 0.0528725, , , , , , , 29.7851538, -0.0082246, , , , , , , 29.7851538, -0.0129244, , , , , , , 29.7851538, -0.0179599, , , , , , , , , , , , , , , , , , , , , , , , , , , , 
29.7856731, 0.0485084, , , , , , , 29.7856731, -0.0058747, , , , , , , 29.7856731, -0.0112459, , , , , , , 29.7856731, -0.0196384, , , , , , , , , , , , , , , , , , , , , , , , , , , , 
29.7861923, 0.0354162, , , , , , , 29.7861923, -0.005539, , , , , , , 29.7861923, -0.0109102, , , , , , , 29.7861923, -0.0196384, , , , , , , , , , , , , , , , , , , , , , , , , , , , 
29.7867115, 0.0125887, , , , , , , 29.7867115, -0.0058747, , , , , , , 29.7867115, -0.0095674, , , , , , , 29.7867115, -0.0171206, , , , , , , , , , , , , , , , , , , , , , , , , , , , 
29.7872308, -0.0095674, , , , , , , 29.7872308, -0.0062104, , , , , , , 29.7872308, -0.0102388, , , , , , , 29.7872308, -0.0130922, , , , , , , , , , , , , , , , , , , , , , , , , , , , 
29.78775, -0.0236667, , , , , , , 29.78775, -0.0048676, , , , , , , 29.78775, -0.0099031, , , , , , , 29.78775, -0.0052033, , , , , , , , , , , , , , , , , , , , , , , , , , , , 
29.7882692, -0.036759, , , , , , , 29.7882692, -0.0028534, , , , , , , 29.7882692, -0.0085603, , , , , , , 29.7882692, 0.0052033, , , , , , , , , , , , , , , , , , , , , , , , , , , , 
29.7887885, -0.0471656, , , , , , , 29.7887885, -0.002182, , , , , , , 29.7887885, -0.0065461, , , , , , , 29.7887885, 0.0135958, , , , , , , , , , , , , , , , , , , , , , , , , , , , 
29.7893077, -0.0562295, , , , , , , 29.7893077, -0.0058747, , , , , , , 29.7893077, -0.0048676, , , , , , , 29.7893077, 0.0196384, , , , , , , , , , , , , , , , , , , , , , , , , , , , 
29.7898269, -0.0572366, , , , , , , 29.7898269, -0.0078889, , , , , , , 29.7898269, -0.0031891, , , , , , , 29.7898269, 0.027863, , , , , , , , , , , , , , , , , , , , , , , , , , , , 
29.7903462, -0.0461585, , , , , , , 29.7903462, -0.0072175, , , , , , , 29.7903462, -0.0018463, , , , , , , 29.7903462, 0.0394446, , , , , , , , , , , , , , , , , , , , , , , , , , , , 
29.7908654, -0.0310521, , , , , , , 29.7908654, -0.0052033, , , , , , , 29.7908654, -0.0018463, , , , , , , 29.7908654, 0.0508583, , , , , , , , , , , , , , , , , , , , , , , , , , , , 
29.7913846, -0.023331, , , , , , , 29.7913846, -0.0036927, , , , , , , 29.7913846, -0.0035248, , , , , , , 29.7913846, 0.0572366, , , , , , , , , , , , , , , , , , , , , , , , , , , , 
29.7919038, -0.0223239, , , , , , , 29.7919038, -0.0038605, , , , , , , 29.7919038, -0.0025177, , , , , , , 29.7919038, 0.0592508, , , , , , , , , , , , , , , , , , , , , , , , , , , , 
29.7924231, -0.0216526, , , , , , , 29.7924231, -0.005539, , , , , , , 29.7924231, -0.0010071, , , , , , , 29.7924231, 0.0639506, , , , , , , , , , , , , , , , , , , , , , , , , , , , 
29.7929423, -0.0199741, , , , , , , 29.7929423, -0.0068818, , , , , , , 29.7929423, -0.002182, , , , , , , 29.7929423, 0.0669718, , , , , , , , , , , , , , , , , , , , , , , , , , , , 
29.7934615, -0.0176242, , , , , , , 29.7934615, -0.0082246, , , , , , , 29.7934615, -0.0030213, , , , , , , 29.7934615, 0.0642863, , , , , , , , , , , , , , , , , , , , , , , , , , , , 
29.7939808, -0.0191348, , , , , , , 29.7939808, -0.0082246, , , , , , , 29.7939808, -0.0040284, , , , , , , 29.7939808, 0.0569009, , , , , , , , , , , , , , , , , , , , , , , , , , , , 
29.7945, -0.0248417, , , , , , , 29.7945, -0.0095674, , , , , , , 29.7945, -0.0038605, , , , , , , 29.7945, 0.0475013, , , , , , , , , , , , , , , , , , , , , , , , , , , , 
29.7950192, -0.0280308, , , , , , , 29.7950192, -0.0112459, , , , , , , 29.7950192, -0.0041962, , , , , , , 29.7950192, 0.0387732, , , , , , , , , , , , , , , , , , , , , , , , , , , , 
29.7955385, -0.0276951, , , , , , , 29.7955385, -0.0112459, , , , , , , 29.7955385, -0.0048676, , , , , , , 29.7955385, 0.0320592, , , , , , , , , , , , , , , , , , , , , , , , , , , , 
29.7960577, -0.0253452, , , , , , , 29.7960577, -0.0099031, , , , , , , 29.7960577, -0.005539, , , , , , , 29.7960577, 0.0260166, , , , , , , , , , , , , , , , , , , , , , , , , , , , 
29.7965769, -0.0169528, , , , , , , 29.7965769, -0.0102388, , , , , , , 29.7965769, -0.0048676, , , , , , , 29.7965769, 0.0226596, , , , , , , , , , , , , , , , , , , , , , , , , , , , 
29.7970962, -0.0062104, , , , , , , 29.7970962, -0.0090639, , , , , , , 29.7970962, -0.0048676, , , , , , , 29.7970962, 0.0206455, , , , , , , , , , , , , , , , , , , , , , , , , , , , 
29.7976154, 0.0050355, , , , , , , 29.7976154, -0.0065461, , , , , , , 29.7976154, -0.0058747, , , , , , , 29.7976154, 0.0179599, , , , , , , , , , , , , , , , , , , , , , , , , , , , 
29.7981346, 0.0135958, , , , , , , 29.7981346, -0.0062104, , , , , , , 29.7981346, -0.0072175, , , , , , , 29.7981346, 0.0166171, , , , , , , , , , , , , , , , , , , , , , , , , , , , 
29.7986538, 0.0209812, , , , , , , 29.7986538, -0.008896, , , , , , , 29.7986538, -0.0092317, , , , , , , 29.7986538, 0.0152743, , , , , , , , , , , , , , , , , , , , , , , , , , , , 
29.7991731, 0.0240024, , , , , , , 29.7991731, -0.0115816, , , , , , , 29.7991731, -0.0104067, , , , , , , 29.7991731, 0.012253, , , , , , , , , , , , , , , , , , , , , , , , , , , , 
29.7996923, 0.0236667, , , , , , , 29.7996923, -0.0132601, , , , , , , 29.7996923, -0.0095674, , , , , , , 29.7996923, 0.0104067, , , , , , , , , , , , , , , , , , , , , , , , , , , , 
29.8002115, 0.0265202, , , , , , , 29.8002115, -0.0149386, , , , , , , 29.8002115, -0.0075532, , , , , , , 29.8002115, 0.0083925, , , , , , , , , , , , , , , , , , , , , , , , , , , , 
29.8007308, 0.0339055, , , , , , , 29.8007308, -0.0149386, , , , , , , 29.8007308, -0.0068818, , , , , , , 29.8007308, 0.0078889, , , , , , , , , , , , , , , , , , , , , , , , , , , , 
29.80125, 0.0350805, , , , , , , 29.80125, -0.0137636, , , , , , , 29.80125, -0.0077211, , , , , , , 29.80125, 0.0068818, , , , , , , , , , , , , , , , , , , , , , , , , , , , 
29.8017692, 0.0290379, , , , , , , 29.8017692, -0.0129244, , , , , , , 29.8017692, -0.0075532, , , , , , , 29.8017692, 0.0052033, , , , , , , , , , , , , , , , , , , , , , , , , , , , 
29.8022885, 0.0236667, , , , , , , 29.8022885, -0.010071, , , , , , , 29.8022885, -0.0075532, , , , , , , 29.8022885, 0.0048676, , , , , , , , , , , , , , , , , , , , , , , , , , , , 
29.8028077, 0.0218204, , , , , , , 29.8028077, -0.0070497, , , , , , , 29.8028077, -0.0105745, , , , , , , 29.8028077, 0.0058747, , , , , , , , , , , , , , , , , , , , , , , , , , , , 
29.8033269, 0.0231632, , , , , , , 29.8033269, -0.0065461, , , , , , , 29.8033269, -0.0146029, , , , , , , 29.8033269, 0.0045319, , , , , , , , , , , , , , , , , , , , , , , , , , , , 
29.8038462, 0.0199741, , , , , , , 29.8038462, -0.0068818, , , , , , , 29.8038462, -0.0162814, , , , , , , 29.8038462, -0.0001678, , , , , , , , , , , , , , , , , , , , , , , , , , , , 
29.8043654, 0.0152743, , , , , , , 29.8043654, -0.0072175, , , , , , , 29.8043654, -0.0149386, , , , , , , 29.8043654, -0.0065461, , , , , , , , , , , , , , , , , , , , , , , , , , , , 
29.8048846, 0.0162814, , , , , , , 29.8048846, -0.0070497, , , , , , , 29.8048846, -0.0135958, , , , , , , 29.8048846, -0.0112459, , , , , , , , , , , , , , , , , , , , , , , , , , , , 
29.8054038, 0.0209812, , , , , , , 29.8054038, -0.0072175, , , , , , , 29.8054038, -0.0135958, , , , , , , 29.8054038, -0.0149386, , , , , , , , , , , , , , , , , , , , , , , , , , , , 
29.8059231, 0.0263523, , , , , , , 29.8059231, -0.008896, , , , , , , 29.8059231, -0.0142672, , , , , , , 29.8059231, -0.0159457, , , , , , , , , , , , , , , , , , , , , , , , , , , , 
29.8064423, 0.0320592, , , , , , , 29.8064423, -0.0090639, , , , , , , 29.8064423, -0.0149386, , , , , , , 29.8064423, -0.0149386, , , , , , , , , , , , , , , , , , , , , , , , , , , , 
29.8069615, 0.0327306, , , , , , , 29.8069615, -0.0062104, , , , , , , 29.8069615, -0.0139315, , , , , , , 29.8069615, -0.0115816, , , , , , , , , , , , , , , , , , , , , , , , , , , , 
29.8074808, 0.026688, , , , , , , 29.8074808, -0.0048676, , , , , , , 29.8074808, -0.0132601, , , , , , , 29.8074808, -0.0085603, , , , , , , , , , , , , , , , , , , , , , , , , , , , 
29.808, 0.021149, , , , , , , 29.808, -0.0062104, , , , , , , 29.808, -0.0117494, , , , , , , 29.808, -0.0038605, , , , , , , , , , , , , , , , , , , , , , , , , , , , 
29.8085192, 0.0186313, , , , , , , 29.8085192, -0.0077211, , , , , , , 29.8085192, -0.0099031, , , , , , , 29.8085192, 0.0031891, , , , , , , , , , , , , , , , , , , , , , , , , , , , 
29.8090385, 0.0166171, , , , , , , 29.8090385, -0.0099031, , , , , , , 29.8090385, -0.0090639, , , , , , , 29.8090385, 0.0115816, , , , , , , , , , , , , , , , , , , , , , , , , , , , 
29.8095577, 0.0146029, , , , , , , 29.8095577, -0.0112459, , , , , , , 29.8095577, -0.0082246, , , , , , , 29.8095577, 0.0172885, , , , , , , , , , , , , , , , , , , , , , , , , , , , 
29.8100769, 0.0109102, , , , , , , 29.8100769, -0.0109102, , , , , , , 29.8100769, -0.0058747, , , , , , , 29.8100769, 0.0240024, , , , , , , , , , , , , , , , , , , , , , , , , , , , 
29.8105962, 0.0130922, , , , , , , 29.8105962, -0.0099031, , , , , , , 29.8105962, -0.0043641, , , , , , , 29.8105962, 0.0340734, , , , , , , , , , , , , , , , , , , , , , , , , , , , 
29.8111154, 0.0186313, , , , , , , 29.8111154, -0.0077211, , , , , , , 29.8111154, -0.0015106, , , , , , , 29.8111154, 0.0428016, , , , , , , , , , , , , , , , , , , , , , , , , , , , 
29.8116346, 0.0092317, , , , , , , 29.8116346, -0.0068818, , , , , , , 29.8116346, -0.0015106, , , , , , , 29.8116346, 0.0501869, , , , , , , , , , , , , , , , , , , , , , , , , , , , 
29.8121538, -0.0139315, , , , , , , 29.8121538, -0.0082246, , , , , , , 29.8121538, -0.0025177, , , , , , , 29.8121538, 0.0572366, , , , , , , , , , , , , , , , , , , , , , , , , , , , 
29.8126731, -0.0310521, , , , , , , 29.8126731, -0.0082246, , , , , , , 29.8126731, -0.0018463, , , , , , , 29.8126731, 0.0585794, , , , , , , , , , , , , , , , , , , , , , , , , , , , 
29.8131923, -0.0344091, , , , , , , 29.8131923, -0.0065461, , , , , , , 29.8131923, -0.0008392, , , , , , , 29.8131923, 0.0555581, , , , , , , , , , , , , , , , , , , , , , , , , , , , 
29.8137115, -0.0275273, , , , , , , 29.8137115, -0.0062104, , , , , , , 29.8137115, -0.0005035, , , , , , , 29.8137115, 0.0522011, , , , , , , , , , , , , , , , , , , , , , , , , , , , 
29.8142308, -0.0142672, , , , , , , 29.8142308, -0.0062104, , , , , , , 29.8142308, -0.0008392, , , , , , , 29.8142308, 0.0468299, , , , , , , , , , , , , , , , , , , , , , , , , , , , 
29.81475, -0.0008392, , , , , , , 29.81475, -0.0048676, , , , , , , 29.81475, -0.0015106, , , , , , , 29.81475, 0.0392767, , , , , , , , , , , , , , , , , , , , , , , , , , , , 
29.8152692, 0.0152743, , , , , , , 29.8152692, -0.005539, , , , , , , 29.8152692, -0.0031891, , , , , , , 29.8152692, 0.0327306, , , , , , , , , , , , , , , , , , , , , , , , , , , , 
29.8157885, 0.036759, , , , , , , 29.8157885, -0.0072175, , , , , , , 29.8157885, -0.0038605, , , , , , , 29.8157885, 0.0265202, , , , , , , , , , , , , , , , , , , , , , , , , , , , 
29.8163077, 0.0527047, , , , , , , 29.8163077, -0.0072175, , , , , , , 29.8163077, -0.0038605, , , , , , , 29.8163077, 0.0209812, , , , , , , , , , , , , , , , , , , , , , , , , , , , 
29.8168269, 0.0562295, , , , , , , 29.8168269, -0.0050355, , , , , , , 29.8168269, -0.0058747, , , , , , , 29.8168269, 0.0172885, , , , , , , , , , , , , , , , , , , , , , , , , , , , 
29.8173462, 0.0498512, , , , , , , 29.8173462, -0.0035248, , , , , , , 29.8173462, -0.0082246, , , , , , , 29.8173462, 0.01561, , , , , , , , , , , , , , , , , , , , , , , , , , , , 
29.8178654, 0.0441444, , , , , , , 29.8178654, -0.005539, , , , , , , 29.8178654, -0.0082246, , , , , , , 29.8178654, 0.0139315, , , , , , , , , , , , , , , , , , , , , , , , , , , , 
29.8183846, 0.0441444, , , , , , , 29.8183846, -0.0082246, , , , , , , 29.8183846, -0.0075532, , , , , , , 29.8183846, 0.0112459, , , , , , , , , , , , , , , , , , , , , , , , , , , , 
29.8189038, 0.0441444, , , , , , , 29.8189038, -0.0105745, , , , , , , 29.8189038, -0.0078889, , , , , , , 29.8189038, 0.0092317, , , , , , , , , , , , , , , , , , , , , , , , , , , , 
29.8194231, 0.0377661, , , , , , , 29.8194231, -0.0129244, , , , , , , 29.8194231, -0.0068818, , , , , , , 29.8194231, 0.0112459, , , , , , , , , , , , , , , , , , , , , , , , , , , , 
29.8199423, 0.0280308, , , , , , , 29.8199423, -0.0135958, , , , , , , 29.8199423, -0.0063783, , , , , , , 29.8199423, 0.0139315, , , , , , , , , , , , , , , , , , , , , , , , , , , , 
29.8204615, 0.0234989, , , , , , , 29.8204615, -0.0117494, , , , , , , 29.8204615, -0.0065461, , , , , , , 29.8204615, 0.0129244, , , , , , , , , , , , , , , , , , , , , , , , , , , , 
29.8209808, 0.0250095, , , , , , , 29.8209808, -0.0085603, , , , , , , 29.8209808, -0.0095674, , , , , , , 29.8209808, 0.008896, , , , , , , , , , , , , , , , , , , , , , , , , , , , 
29.8215, 0.0283665, , , , , , , 29.8215, -0.0058747, , , , , , , 29.8215, -0.0162814, , , , , , , 29.8215, 0.0058747, , , , , , , , , , , , , , , , , , , , , , , , , , , , 
29.8220192, 0.0340734, , , , , , , 29.8220192, -0.0050355, , , , , , , 29.8220192, -0.0209812, , , , , , , 29.8220192, 0.0038605, , , , , , , , , , , , , , , , , , , , , , , , , , , , 
29.8225385, 0.0387732, , , , , , , 29.8225385, -0.0052033, , , , , , , 29.8225385, -0.0199741, , , , , , , 29.8225385, 0.0031891, , , , , , , , , , , , , , , , , , , , , , , , , , , , 
29.8230577, 0.0377661, , , , , , , 29.8230577, -0.0068818, , , , , , , 29.8230577, -0.0169528, , , , , , , 29.8230577, 0.0018463, , , , , , , , , , , , , , , , , , , , , , , , , , , , 
29.8235769, 0.030045, , , , , , , 29.8235769, -0.0075532, , , , , , , 29.8235769, -0.0142672, , , , , , , 29.8235769, -0.0041962, , , , , , , , , , , , , , , , , , , , , , , , , , , , 
29.8240962, 0.0213169, , , , , , , 29.8240962, -0.008896, , , , , , , 29.8240962, -0.011078, , , , , , , 29.8240962, -0.0109102, , , , , , , , , , , , , , , , , , , , , , , , , , , , 
29.8246154, 0.0199741, , , , , , , 29.8246154, -0.0092317, , , , , , , 29.8246154, -0.0072175, , , , , , , 29.8246154, -0.0169528, , , , , , , , , , , , , , , , , , , , , , , , , , , , 
29.8251346, 0.0216526, , , , , , , 29.8251346, -0.0095674, , , , , , , 29.8251346, -0.0057069, , , , , , , 29.8251346, -0.0213169, , , , , , , , , , , , , , , , , , , , , , , , , , , , 
29.8256538, 0.0203098, , , , , , , 29.8256538, -0.008896, , , , , , , 29.8256538, -0.0045319, , , , , , , 29.8256538, -0.0250095, , , , , , , , , , , , , , , , , , , , , , , , , , , , 
29.8261731, 0.01561, , , , , , , 29.8261731, -0.0082246, , , , , , , 29.8261731, -0.0028534, , , , , , , 29.8261731, -0.0273594, , , , , , , , , , , , , , , , , , , , , , , , , , , , 
29.8266923, 0.0072175, , , , , , , 29.8266923, -0.0082246, , , , , , , 29.8266923, -0.0011749, , , , , , , 29.8266923, -0.0285344, , , , , , , , , , , , , , , , , , , , , , , , , , , , 
29.8272115, -0.0011749, , , , , , , 29.8272115, -0.0083925, , , , , , , 29.8272115, -0.002182, , , , , , , 29.8272115, -0.0263523, , , , , , , , , , , , , , , , , , , , , , , , , , , , 
29.8277308, -0.0043641, , , , , , , 29.8277308, -0.0062104, , , , , , , 29.8277308, -0.0015106, , , , , , , 29.8277308, -0.0194705, , , , , , , , , , , , , , , , , , , , , , , , , , , , 
29.82825, 0.0028534, , , , , , , 29.82825, -0.0031891, , , , , , , 29.82825, -0.0020142, , , , , , , 29.82825, -0.0102388, , , , , , , , , , , , , , , , , , , , , , , , , , , , 
29.8287692, 0.0099031, , , , , , , 29.8287692, -0.0015106, , , , , , , 29.8287692, -0.0031891, , , , , , , 29.8287692, 0.0011749, , , , , , , , , , , , , , , , , , , , , , , , , , , , 
29.8292885, 0.0073854, , , , , , , 29.8292885, -0.0015106, , , , , , , 29.8292885, -0.0025177, , , , , , , 29.8292885, 0.0105745, , , , , , , , , , , , , , , , , , , , , , , , , , , , 
29.8298077, 0.0005035, , , , , , , 29.8298077, -0.0035248, , , , , , , 29.8298077, 0.0005035, , , , , , , 29.8298077, 0.0166171, , , , , , , , , , , , , , , , , , , , , , , , , , , , 
29.8303269, -0.0015106, , , , , , , 29.8303269, -0.005539, , , , , , , 29.8303269, 0.0008392, , , , , , , 29.8303269, 0.0246738, , , , , , , , , , , , , , , , , , , , , , , , , , , , 
29.8308462, -0.0008392, , , , , , , 29.8308462, -0.005539, , , , , , , 29.8308462, -0.0028534, , , , , , , 29.8308462, 0.0350805, , , , , , , , , , , , , , , , , , , , , , , , , , , , 
29.8313654, -0.0031891, , , , , , , 29.8313654, -0.0048676, , , , , , , 29.8313654, -0.0038605, , , , , , , 29.8313654, 0.0428016, , , , , , , , , , , , , , , , , , , , , , , , , , , , 
29.8318846, -0.0092317, , , , , , , 29.8318846, -0.0052033, , , , , , , 29.8318846, -0.0028534, , , , , , , 29.8318846, 0.0491798, , , , , , , , , , , , , , , , , , , , , , , , , , , , 
29.8324038, -0.012253, , , , , , , 29.8324038, -0.0063783, , , , , , , 29.8324038, -0.002182, , , , , , , 29.8324038, 0.0532082, , , , , , , , , , , , , , , , , , , , , , , , , , , , 
29.8329231, -0.0149386, , , , , , , 29.8329231, -0.0077211, , , , , , , 29.8329231, -0.0035248, , , , , , , 29.8329231, 0.0562295, , , , , , , , , , , , , , , , , , , , , , , , , , , , 
29.8334423, -0.0137636, , , , , , , 29.8334423, -0.0092317, , , , , , , 29.8334423, -0.0048676, , , , , , , 29.8334423, 0.0562295, , , , , , , , , , , , , , , , , , , , , , , , , , , , 
29.8339615, -0.011078, , , , , , , 29.8339615, -0.0102388, , , , , , , 29.8339615, -0.0068818, , , , , , , 29.8339615, 0.0518654, , , , , , , , , , , , , , , , , , , , , , , , , , , , 
29.8344808, -0.0045319, , , , , , , 29.8344808, -0.0112459, , , , , , , 29.8344808, -0.0082246, , , , , , , 29.8344808, 0.0426337, , , , , , , , , , , , , , , , , , , , , , , , , , , , 
29.835, 0.0092317, , , , , , , 29.835, -0.0112459, , , , , , , 29.835, -0.0085603, , , , , , , 29.835, 0.0357519, , , , , , , , , , , , , , , , , , , , , , , , , , , , 
29.8355192, 0.0159457, , , , , , , 29.8355192, -0.0115816, , , , , , , 29.8355192, -0.0085603, , , , , , , 29.8355192, 0.0323949, , , , , , , , , , , , , , , , , , , , , , , , , , , , 
29.8360385, 0.0130922, , , , , , , 29.8360385, -0.0132601, , , , , , , 29.8360385, -0.0095674, , , , , , , 29.8360385, 0.0283665, , , , , , , , , , , , , , , , , , , , , , , , , , , , 
29.8365577, 0.0105745, , , , , , , 29.8365577, -0.0146029, , , , , , , 29.8365577, -0.0082246, , , , , , , 29.8365577, 0.0213169, , , , , , , , , , , , , , , , , , , , , , , , , , , , 
29.8370769, 0.0092317, , , , , , , 29.8370769, -0.0149386, , , , , , , 29.8370769, -0.0062104, , , , , , , 29.8370769, 0.0172885, , , , , , , , , , , , , , , , , , , , , , , , , , , , 
29.8375962, 0.0109102, , , , , , , 29.8375962, -0.0149386, , , , , , , 29.8375962, -0.0065461, , , , , , , 29.8375962, 0.0159457, , , , , , , , , , , , , , , , , , , , , , , , , , , , 
29.8381154, 0.0172885, , , , , , , 29.8381154, -0.0125887, , , , , , , 29.8381154, -0.0078889, , , , , , , 29.8381154, 0.0132601, , , , , , , , , , , , , , , , , , , , , , , , , , , , 
29.8386346, 0.0246738, , , , , , , 29.8386346, -0.0082246, , , , , , , 29.8386346, -0.0102388, , , , , , , 29.8386346, 0.0119173, , , , , , , , , , , , , , , , , , , , , , , , , , , , 
29.8391538, 0.0276951, , , , , , , 29.8391538, -0.0052033, , , , , , , 29.8391538, -0.0104067, , , , , , , 29.8391538, 0.0115816, , , , , , , , , , , , , , , , , , , , , , , , , , , , 
29.8396731, 0.0297093, , , , , , , 29.8396731, -0.0078889, , , , , , , 29.8396731, -0.0097353, , , , , , , 29.8396731, 0.0109102, , , , , , , , , , , , , , , , , , , , , , , , , , , , 
29.8401923, 0.0342412, , , , , , , 29.8401923, -0.0115816, , , , , , , 29.8401923, -0.0095674, , , , , , , 29.8401923, 0.0085603, , , , , , , , , , , , , , , , , , , , , , , , , , , , 
29.8407115, 0.033402, , , , , , , 29.8407115, -0.0129244, , , , , , , 29.8407115, -0.0099031, , , , , , , 29.8407115, 0.0062104, , , , , , , , , , , , , , , , , , , , , , , , , , , , 
29.8412308, 0.0290379, , , , , , , 29.8412308, -0.0129244, , , , , , , 29.8412308, -0.0109102, , , , , , , 29.8412308, 0.0075532, , , , , , , , , , , , , , , , , , , , , , , , , , , , 
29.84175, 0.0240024, , , , , , , 29.84175, -0.0115816, , , , , , , 29.84175, -0.0124208, , , , , , , 29.84175, 0.0095674, , , , , , , , , , , , , , , , , , , , , , , , , , , , 
29.8422692, 0.0219883, , , , , , , 29.8422692, -0.0097353, , , , , , , 29.8422692, -0.0125887, , , , , , , 29.8422692, 0.0105745, , , , , , , , , , , , , , , , , , , , , , , , , , , , 
29.8427885, 0.018967, , , , , , , 29.8427885, -0.0077211, , , , , , , 29.8427885, -0.011078, , , , , , , 29.8427885, 0.0085603, , , , , , , , , , , , , , , , , , , , , , , , , , , , 
29.8433077, 0.0085603, , , , , , , 29.8433077, -0.0070497, , , , , , , 29.8433077, -0.010071, , , , , , , 29.8433077, 0.0052033, , , , , , , , , , , , , , , , , , , , , , , , , , , , 
29.8438269, -0.0025177, , , , , , , 29.8438269, -0.0075532, , , , , , , 29.8438269, -0.012253, , , , , , , 29.8438269, -0.002182, , , , , , , , , , , , , , , , , , , , , , , , , , , , 
29.8443462, -0.0078889, , , , , , , 29.8443462, -0.0075532, , , , , , , 29.8443462, -0.0142672, , , , , , , 29.8443462, -0.0112459, , , , , , , , , , , , , , , , , , , , , , , , , , , , 
29.8448654, -0.0068818, , , , , , , 29.8448654, -0.0062104, , , , , , , 29.8448654, -0.0146029, , , , , , , 29.8448654, -0.0152743, , , , , , , , , , , , , , , , , , , , , , , , , , , , 
29.8453846, 0.0028534, , , , , , , 29.8453846, -0.0045319, , , , , , , 29.8453846, -0.0135958, , , , , , , 29.8453846, -0.0176242, , , , , , , , , , , , , , , , , , , , , , , , , , , , 
29.8459038, 0.0172885, , , , , , , 29.8459038, -0.0031891, , , , , , , 29.8459038, -0.012253, , , , , , , 29.8459038, -0.0213169, , , , , , , , , , , , , , , , , , , , , , , , , , , , 
29.8464231, 0.0243381, , , , , , , 29.8464231, -0.0031891, , , , , , , 29.8464231, -0.0129244, , , , , , , 29.8464231, -0.023331, , , , , , , , , , , , , , , , , , , , , , , , , , , , 
29.8469423, 0.0204776, , , , , , , 29.8469423, -0.0025177, , , , , , , 29.8469423, -0.0129244, , , , , , , 29.8469423, -0.0203098, , , , , , , , , , , , , , , , , , , , , , , , , , , , 
29.8474615, 0.0152743, , , , , , , 29.8474615, -0.0008392, , , , , , , 29.8474615, -0.0112459, , , , , , , 29.8474615, -0.0135958, , , , , , , , , , , , , , , , , , , , , , , , , , , , 
29.8479808, 0.0196384, , , , , , , 29.8479808, -0.0015106, , , , , , , 29.8479808, -0.008896, , , , , , , 29.8479808, -0.0046998, , , , , , , , , , , , , , , , , , , , , , , , , , , , 
29.8485, 0.0280308, , , , , , , 29.8485, -0.0036927, , , , , , , 29.8485, -0.0077211, , , , , , , 29.8485, 0.0048676, , , , , , , , , , , , , , , , , , , , , , , , , , , , 
29.8490192, 0.0332341, , , , , , , 29.8490192, -0.0035248, , , , , , , 29.8490192, -0.0062104, , , , , , , 29.8490192, 0.0120851, , , , , , , , , , , , , , , , , , , , , , , , , , , , 
29.8495385, 0.0287022, , , , , , , 29.8495385, -0.0025177, , , , , , , 29.8495385, -0.0038605, , , , , , , 29.8495385, 0.0198062, , , , , , , , , , , , , , , , , , , , , , , , , , , , 
29.8500577, 0.0119173, , , , , , , 29.8500577, -0.0041962, , , , , , , 29.8500577, -0.0015106, , , , , , , 29.8500577, 0.0283665, , , , , , , , , , , , , , , , , , , , , , , , , , , , 
29.8505769, -0.0041962, , , , , , , 29.8505769, -0.0062104, , , , , , , 29.8505769, -0.0008392, , , , , , , 29.8505769, 0.0372625, , , , , , , , , , , , , , , , , , , , , , , , , , , , 
29.8510962, -0.0099031, , , , , , , 29.8510962, -0.0077211, , , , , , , 29.8510962, 0.0011749, , , , , , , 29.8510962, 0.0461585, , , , , , , , , , , , , , , , , , , , , , , , , , , , 
29.8516154, -0.0078889, , , , , , , 29.8516154, -0.0083925, , , , , , , 29.8516154, 0.0035248, , , , , , , 29.8516154, 0.0535439, , , , , , , , , , , , , , , , , , , , , , , , , , , , 
29.8521346, -0.0062104, , , , , , , 29.8521346, -0.0085603, , , , , , , 29.8521346, 0.0038605, , , , , , , 29.8521346, 0.0599222, , , , , , , , , , , , , , , , , , , , , , , , , , , , 
29.8526538, -0.0068818, , , , , , , 29.8526538, -0.0095674, , , , , , , 29.8526538, 0.0015106, , , , , , , 29.8526538, 0.0656291, , , , , , , , , , , , , , , , , , , , , , , , , , , , 
29.8531731, -0.0031891, , , , , , , 29.8531731, -0.0105745, , , , , , , 29.8531731, -0.0005035, , , , , , , 29.8531731, 0.068986, , , , , , , , , , , , , , , , , , , , , , , , , , , , 
29.8536923, 0.0030213, , , , , , , 29.8536923, -0.0105745, , , , , , , 29.8536923, -0.0030213, , , , , , , 29.8536923, 0.0664683, , , , , , , , , , , , , , , , , , , , , , , , , , , , 
29.8542115, 0.0078889, , , , , , , 29.8542115, -0.0095674, , , , , , , 29.8542115, -0.0035248, , , , , , , 29.8542115, 0.0569009, , , , , , , , , , , , , , , , , , , , , , , , , , , , 
29.8547308, 0.0099031, , , , , , , 29.8547308, -0.0075532, , , , , , , 29.8547308, -0.0025177, , , , , , , 29.8547308, 0.0448157, , , , , , , , , , , , , , , , , , , , , , , , , , , , 
29.85525, 0.0125887, , , , , , , 29.85525, -0.0065461, , , , , , , 29.85525, -0.002182, , , , , , , 29.85525, 0.0360876, , , , , , , , , , , , , , , , , , , , , , , , , , , , 
29.8557692, 0.0169528, , , , , , , 29.8557692, -0.0085603, , , , , , , 29.8557692, -0.0058747, , , , , , , 29.8557692, 0.030045, , , , , , , , , , , , , , , , , , , , , , , , , , , , 
29.8562885, 0.0172885, , , , , , , 29.8562885, -0.0104067, , , , , , , 29.8562885, -0.0095674, , , , , , , 29.8562885, 0.0253452, , , , , , , , , , , , , , , , , , , , , , , , , , , , 
29.8568077, 0.0124208, , , , , , , 29.8568077, -0.0092317, , , , , , , 29.8568077, -0.0109102, , , , , , , 29.8568077, 0.0206455, , , , , , , , , , , , , , , , , , , , , , , , , , , , 
29.8573269, 0.0104067, , , , , , , 29.8573269, -0.0065461, , , , , , , 29.8573269, -0.0112459, , , , , , , 29.8573269, 0.0166171, , , , , , , , , , , , , , , , , , , , , , , , , , , , 
29.8578462, 0.0097353, , , , , , , 29.8578462, -0.0058747, , , , , , , 29.8578462, -0.0105745, , , , , , , 29.8578462, 0.0130922, , , , , , , , , , , , , , , , , , , , , , , , , , , , 
29.8583654, 0.011078, , , , , , , 29.8583654, -0.0068818, , , , , , , 29.8583654, -0.0099031, , , , , , , 29.8583654, 0.0099031, , , , , , , , , , , , , , , , , , , , , , , , , , , , 
29.8588846, 0.0095674, , , , , , , 29.8588846, -0.0065461, , , , , , , 29.8588846, -0.0112459, , , , , , , 29.8588846, 0.0065461, , , , , , , , , , , , , , , , , , , , , , , , , , , , 
29.8594038, 0.0078889, , , , , , , 29.8594038, -0.0065461, , , , , , , 29.8594038, -0.0129244, , , , , , , 29.8594038, 0.0030213, , , , , , , , , , , , , , , , , , , , , , , , , , , , 
29.8599231, 0.0129244, , , , , , , 29.8599231, -0.0043641, , , , , , , 29.8599231, -0.0135958, , , , , , , 29.8599231, 0.0011749, , , , , , , , , , , , , , , , , , , , , , , , , , , , 
29.8604423, 0.0231632, , , , , , , 29.8604423, -0.0025177, , , , , , , 29.8604423, -0.0117494, , , , , , , 29.8604423, 0.0011749, , , , , , , , , , , , , , , , , , , , , , , , , , , , 
29.8609615, 0.0317235, , , , , , , 29.8609615, -0.0011749, , , , , , , 29.8609615, -0.0119173, , , , , , , 29.8609615, 0.0005035, , , , , , , , , , , , , , , , , , , , , , , , , , , , 
29.8614808, 0.0344091, , , , , , , 29.8614808, -0.0018463, , , , , , , 29.8614808, -0.0132601, , , , , , , 29.8614808, -0.002182, , , , , , , , , , , , , , , , , , , , , , , , , , , , 
29.862, 0.0350805, , , , , , , 29.862, -0.0043641, , , , , , , 29.862, -0.0139315, , , , , , , 29.862, -0.0035248, , , , , , , , , , , , , , , , , , , , , , , , , , , , 
29.8625192, 0.0337377, , , , , , , 29.8625192, -0.0058747, , , , , , , 29.8625192, -0.0137636, , , , , , , 29.8625192, -0.0025177, , , , , , , , , , , , , , , , , , , , , , , , , , , , 
29.8630385, 0.0325628, , , , , , , 29.8630385, -0.0068818, , , , , , , 29.8630385, -0.0119173, , , , , , , 29.8630385, -0.0018463, , , , , , , , , , , , , , , , , , , , , , , , , , , , 
29.8635577, 0.0320592, , , , , , , 29.8635577, -0.0082246, , , , , , , 29.8635577, -0.0115816, , , , , , , 29.8635577, -0.0068818, , , , , , , , , , , , , , , , , , , , , , , , , , , , 
29.8640769, 0.0339055, , , , , , , 29.8640769, -0.011078, , , , , , , 29.8640769, -0.0129244, , , , , , , 29.8640769, -0.0179599, , , , , , , , , , , , , , , , , , , , , , , , , , , , 
29.8645962, 0.0394446, , , , , , , 29.8645962, -0.0104067, , , , , , , 29.8645962, -0.0130922, , , , , , , 29.8645962, -0.0276951, , , , , , , , , , , , , , , , , , , , , , , , , , , , 
29.8651154, 0.0414588, , , , , , , 29.8651154, -0.0072175, , , , , , , 29.8651154, -0.0129244, , , , , , , 29.8651154, -0.0325628, , , , , , , , , , , , , , , , , , , , , , , , , , , , 
29.8656346, 0.040116, , , , , , , 29.8656346, -0.0058747, , , , , , , 29.8656346, -0.0112459, , , , , , , 29.8656346, -0.033402, , , , , , , , , , , , , , , , , , , , , , , , , , , , 
29.8661538, 0.0354162, , , , , , , 29.8661538, -0.0068818, , , , , , , 29.8661538, -0.012253, , , , , , , 29.8661538, -0.0328985, , , , , , , , , , , , , , , , , , , , , , , , , , , , 
29.8666731, 0.0246738, , , , , , , 29.8666731, -0.0062104, , , , , , , 29.8666731, -0.0135958, , , , , , , 29.8666731, -0.0320592, , , , , , , , , , , , , , , , , , , , , , , , , , , , 
29.8671923, 0.0112459, , , , , , , 29.8671923, -0.0062104, , , , , , , 29.8671923, -0.012253, , , , , , , 29.8671923, -0.0276951, , , , , , , , , , , , , , , , , , , , , , , , , , , , 
29.8677115, 0.0052033, , , , , , , 29.8677115, -0.0062104, , , , , , , 29.8677115, -0.0095674, , , , , , , 29.8677115, -0.0184634, , , , , , , , , , , , , , , , , , , , , , , , , , , , 
29.8682308, 0.002182, , , , , , , 29.8682308, -0.0075532, , , , , , , 29.8682308, -0.0105745, , , , , , , 29.8682308, -0.0075532, , , , , , , , , , , , , , , , , , , , , , , , , , , , 
29.86875, -0.0028534, , , , , , , 29.86875, -0.0099031, , , , , , , 29.86875, -0.0115816, , , , , , , 29.86875, 0.0025177, , , , , , , , , , , , , , , , , , , , , , , , , , , , 
29.8692692, -0.0015106, , , , , , , 29.8692692, -0.0099031, , , , , , , 29.8692692, -0.0097353, , , , , , , 29.8692692, 0.0102388, , , , , , , , , , , , , , , , , , , , , , , , , , , , 
29.8697885, 0.0030213, , , , , , , 29.8697885, -0.0082246, , , , , , , 29.8697885, -0.0068818, , , , , , , 29.8697885, 0.0159457, , , , , , , , , , , , , , , , , , , , , , , , , , , , 
29.8703077, -0.0058747, , , , , , , 29.8703077, -0.0048676, , , , , , , 29.8703077, -0.0048676, , , , , , , 29.8703077, 0.023331, , , , , , , , , , , , , , , , , , , , , , , , , , , , 
29.8708269, -0.0149386, , , , , , , 29.8708269, -0.0031891, , , , , , , 29.8708269, -0.005539, , , , , , , 29.8708269, 0.0327306, , , , , , , , , , , , , , , , , , , , , , , , , , , , 
29.8713462, -0.0129244, , , , , , , 29.8713462, -0.005539, , , , , , , 29.8713462, -0.0041962, , , , , , , 29.8713462, 0.0414588, , , , , , , , , , , , , , , , , , , , , , , , , , , , 
29.8718654, -0.0082246, , , , , , , 29.8718654, -0.0085603, , , , , , , 29.8718654, -0.0005035, , , , , , , 29.8718654, 0.0498512, , , , , , , , , , , , , , , , , , , , , , , , , , , , 
29.8723846, -0.0092317, , , , , , , 29.8723846, -0.0097353, , , , , , , 29.8723846, 0.0011749, , , , , , , 29.8723846, 0.0562295, , , , , , , , , , , , , , , , , , , , , , , , , , , , 
29.8729038, -0.0135958, , , , , , , 29.8729038, -0.008896, , , , , , , 29.8729038, 0.0008392, , , , , , , 29.8729038, 0.0602579, , , , , , , , , , , , , , , , , , , , , , , , , , , , 
29.8734231, -0.012253, , , , , , , 29.8734231, -0.0082246, , , , , , , 29.8734231, 0.0016785, , , , , , , 29.8734231, 0.0617685, , , , , , , , , , , , , , , , , , , , , , , , , , , , 
29.8739423, 0.0065461, , , , , , , 29.8739423, -0.008896, , , , , , , 29.8739423, 0.0015106, , , , , , , 29.8739423, 0.0575723, , , , , , , , , , , , , , , , , , , , , , , , , , , , 
29.8744615, 0.0317235, , , , , , , 29.8744615, -0.0099031, , , , , , , 29.8744615, -0.0010071, , , , , , , 29.8744615, 0.0471656, , , , , , , , , , , , , , , , , , , , , , , , , , , , 
29.8749808, 0.0417945, , , , , , , 29.8749808, -0.0097353, , , , , , , 29.8749808, -0.0062104, , , , , , , 29.8749808, 0.0360876, , , , , , , , , , , , , , , , , , , , , , , , , , , , 
29.8755, 0.030045, , , , , , , 29.8755, -0.0109102, , , , , , , 29.8755, -0.0068818, , , , , , , 29.8755, 0.0290379, , , , , , , , , , , , , , , , , , , , , , , , , , , , 
29.8760192, 0.0109102, , , , , , , 29.8760192, -0.0119173, , , , , , , 29.8760192, -0.0041962, , , , , , , 29.8760192, 0.023331, , , , , , , , , , , , , , , , , , , , , , , , , , , , 
29.8765385, 0.0018463, , , , , , , 29.8765385, -0.012253, , , , , , , 29.8765385, -0.0048676, , , , , , , 29.8765385, 0.0209812, , , , , , , , , , , , , , , , , , , , , , , , , , , , 
29.8770577, 0.0011749, , , , , , , 29.8770577, -0.0125887, , , , , , , 29.8770577, -0.0062104, , , , , , , 29.8770577, 0.0196384, , , , , , , , , , , , , , , , , , , , , , , , , , , , 
29.8775769, 0.0031891, , , , , , , 29.8775769, -0.0132601, , , , , , , 29.8775769, -0.0068818, , , , , , , 29.8775769, 0.0146029, , , , , , , , , , , , , , , , , , , , , , , , , , , , 
29.8780962, 0.005539, , , , , , , 29.8780962, -0.0109102, , , , , , , 29.8780962, -0.0082246, , , , , , , 29.8780962, 0.0109102, , , , , , , , , , , , , , , , , , , , , , , , , , , , 
29.8786154, 0.0095674, , , , , , , 29.8786154, -0.0078889, , , , , , , 29.8786154, -0.0075532, , , , , , , 29.8786154, 0.0082246, , , , , , , , , , , , , , , , , , , , , , , , , , , , 
29.8791346, 0.0164492, , , , , , , 29.8791346, -0.0082246, , , , , , , 29.8791346, -0.0062104, , , , , , , 29.8791346, 0.0048676, , , , , , , , , , , , , , , , , , , , , , , , , , , , 
29.8796538, 0.0223239, , , , , , , 29.8796538, -0.0090639, , , , , , , 29.8796538, -0.0052033, , , , , , , 29.8796538, 0.0030213, , , , , , , , , , , , , , , , , , , , , , , , , , , , 
29.8801731, 0.0250095, , , , , , , 29.8801731, -0.0083925, , , , , , , 29.8801731, -0.0048676, , , , , , , 29.8801731, 0.0023499, , , , , , , , , , , , , , , , , , , , , , , , , , , , 
29.8806923, 0.0260166, , , , , , , 29.8806923, -0.0075532, , , , , , , 29.8806923, -0.005539, , , , , , , 29.8806923, 0.0010071, , , , , , , , , , , , , , , , , , , , , , , , , , , , 
29.8812115, 0.0303807, , , , , , , 29.8812115, -0.0062104, , , , , , , 29.8812115, -0.0052033, , , , , , , 29.8812115, -0.0001678, , , , , , , , , , , , , , , , , , , , , , , , , , , , 
29.8817308, 0.0337377, , , , , , , 29.8817308, -0.0058747, , , , , , , 29.8817308, -0.0041962, , , , , , , 29.8817308, -0.0008392, , , , , , , , , , , , , , , , , , , , , , , , , , , , 
29.88225, 0.0307164, , , , , , , 29.88225, -0.0058747, , , , , , , 29.88225, -0.005539, , , , , , , 29.88225, -0.0008392, , , , , , , , , , , , , , , , , , , , , , , , , , , , 
29.8827692, 0.0260166, , , , , , , 29.8827692, -0.005539, , , , , , , 29.8827692, -0.0082246, , , , , , , 29.8827692, -0.0005035, , , , , , , , , , , , , , , , , , , , , , , , , , , , 
29.8832885, 0.023331, , , , , , , 29.8832885, -0.0068818, , , , , , , 29.8832885, -0.0078889, , , , , , , 29.8832885, -0.0031891, , , , , , , , , , , , , , , , , , , , , , , , , , , , 
29.8838077, 0.0186313, , , , , , , 29.8838077, -0.0068818, , , , , , , 29.8838077, -0.0083925, , , , , , , 29.8838077, -0.010071, , , , , , , , , , , , , , , , , , , , , , , , , , , , 
29.8843269, 0.0172885, , , , , , , 29.8843269, -0.0068818, , , , , , , 29.8843269, -0.0104067, , , , , , , 29.8843269, -0.0203098, , , , , , , , , , , , , , , , , , , , , , , , , , , , 
29.8848462, 0.0186313, , , , , , , 29.8848462, -0.0058747, , , , , , , 29.8848462, -0.0115816, , , , , , , 29.8848462, -0.0290379, , , , , , , , , , , , , , , , , , , , , , , , , , , , 
29.8853654, 0.0166171, , , , , , , 29.8853654, -0.0075532, , , , , , , 29.8853654, -0.0109102, , , , , , , 29.8853654, -0.0344091, , , , , , , , , , , , , , , , , , , , , , , , , , , , 
29.8858846, 0.0186313, , , , , , , 29.8858846, -0.0072175, , , , , , , 29.8858846, -0.0109102, , , , , , , 29.8858846, -0.0384375, , , , , , , , , , , , , , , , , , , , , , , , , , , , 
29.8864038, 0.0307164, , , , , , , 29.8864038, -0.0038605, , , , , , , 29.8864038, -0.012253, , , , , , , 29.8864038, -0.0369268, , , , , , , , , , , , , , , , , , , , , , , , , , , , 
29.8869231, 0.0441444, , , , , , , 29.8869231, -0.0023499, , , , , , , 29.8869231, -0.0115816, , , , , , , 29.8869231, -0.0310521, , , , , , , , , , , , , , , , , , , , , , , , , , , , 
29.8874423, 0.0461585, , , , , , , 29.8874423, -0.0035248, , , , , , , 29.8874423, -0.0105745, , , , , , , 29.8874423, -0.0226596, , , , , , , , , , , , , , , , , , , , , , , , , , , , 
29.8879615, 0.0364233, , , , , , , 29.8879615, -0.0048676, , , , , , , 29.8879615, -0.0104067, , , , , , , 29.8879615, -0.0135958, , , , , , , , , , , , , , , , , , , , , , , , , , , , 
29.8884808, 0.0240024, , , , , , , 29.8884808, -0.0075532, , , , , , , 29.8884808, -0.011078, , , , , , , 29.8884808, -0.0035248, , , , , , , , , , , , , , , , , , , , , , , , , , , , 
29.889, 0.0139315, , , , , , , 29.889, -0.0090639, , , , , , , 29.889, -0.0092317, , , , , , , 29.889, 0.0050355, , , , , , , , , , , , , , , , , , , , , , , , , , , , 
29.8895192, 0.0068818, , , , , , , 29.8895192, -0.0075532, , , , , , , 29.8895192, -0.0070497, , , , , , , 29.8895192, 0.012253, , , , , , , , , , , , , , , , , , , , , , , , , , , , 
29.8900385, 0.0018463, , , , , , , 29.8900385, -0.0058747, , , , , , , 29.8900385, -0.0043641, , , , , , , 29.8900385, 0.0213169, , , , , , , , , , , , , , , , , , , , , , , , , , , , 
29.8905577, -0.0005035, , , , , , , 29.8905577, -0.0068818, , , , , , , 29.8905577, -0.0035248, , , , , , , 29.8905577, 0.0313878, , , , , , , , , , , , , , , , , , , , , , , , , , , , 
29.8910769, -0.0025177, , , , , , , 29.8910769, -0.008896, , , , , , , 29.8910769, -0.0035248, , , , , , , 29.8910769, 0.0441444, , , , , , , , , , , , , , , , , , , , , , , , , , , , 
29.8915962, -0.0078889, , , , , , , 29.8915962, -0.0109102, , , , , , , 29.8915962, -0.0028534, , , , , , , 29.8915962, 0.0553902, , , , , , , , , , , , , , , , , , , , , , , , , , , , 
29.8921154, -0.012253, , , , , , , 29.8921154, -0.0115816, , , , , , , 29.8921154, -0.002182, , , , , , , 29.8921154, 0.0607614, , , , , , , , , , , , , , , , , , , , , , , , , , , , 
29.8926346, -0.0104067, , , , , , , 29.8926346, -0.0132601, , , , , , , 29.8926346, -0.0015106, , , , , , , 29.8926346, 0.0639506, , , , , , , , , , , , , , , , , , , , , , , , , , , , 
29.8931538, -0.0095674, , , , , , , 29.8931538, -0.017792, , , , , , , 29.8931538, -0.0008392, , , , , , , 29.8931538, 0.0642863, , , , , , , , , , , , , , , , , , , , , , , , , , , , 
29.8936731, -0.0090639, , , , , , , 29.8936731, -0.0193027, , , , , , , 29.8936731, -0.0011749, , , , , , , 29.8936731, 0.0595865, , , , , , , , , , , , , , , , , , , , , , , , , , , , 
29.8941923, -0.005539, , , , , , , 29.8941923, -0.0176242, , , , , , , 29.8941923, -0.0035248, , , , , , , 29.8941923, 0.0518654, , , , , , , , , , , , , , , , , , , , , , , , , , , , 
29.8947115, 0.0025177, , , , , , , 29.8947115, -0.0142672, , , , , , , 29.8947115, -0.0068818, , , , , , , 29.8947115, 0.0439765, , , , , , , , , , , , , , , , , , , , , , , , , , , , 
29.8952308, 0.0142672, , , , , , , 29.8952308, -0.0115816, , , , , , , 29.8952308, -0.0077211, , , , , , , 29.8952308, 0.0360876, , , , , , , , , , , , , , , , , , , , , , , , , , , , 
29.89575, 0.0218204, , , , , , , 29.89575, -0.0105745, , , , , , , 29.89575, -0.0075532, , , , , , , 29.89575, 0.0276951, , , , , , , , , , , , , , , , , , , , , , , , , , , , 
29.8962692, 0.0260166, , , , , , , 29.8962692, -0.0095674, , , , , , , 29.8962692, -0.0082246, , , , , , , 29.8962692, 0.0209812, , , , , , , , , , , , , , , , , , , , , , , , , , , , 
29.8967885, 0.0320592, , , , , , , 29.8967885, -0.0068818, , , , , , , 29.8967885, -0.0070497, , , , , , , 29.8967885, 0.0166171, , , , , , , , , , , , , , , , , , , , , , , , , , , , 
29.8973077, 0.0370947, , , , , , , 29.8973077, -0.0053712, , , , , , , 29.8973077, -0.0068818, , , , , , , 29.8973077, 0.0142672, , , , , , , , , , , , , , , , , , , , , , , , , , , , 
29.8978269, 0.0397803, , , , , , , 29.8978269, -0.0050355, , , , , , , 29.8978269, -0.0078889, , , , , , , 29.8978269, 0.0119173, , , , , , , , , , , , , , , , , , , , , , , , , , , , 
29.8983462, 0.0404517, , , , , , , 29.8983462, -0.005539, , , , , , , 29.8983462, -0.0095674, , , , , , , 29.8983462, 0.0092317, , , , , , , , , , , , , , , , , , , , , , , , , , , , 
29.8988654, 0.0327306, , , , , , , 29.8988654, -0.0052033, , , , , , , 29.8988654, -0.0095674, , , , , , , 29.8988654, 0.0065461, , , , , , , , , , , , , , , , , , , , , , , , , , , , 
29.8993846, 0.0169528, , , , , , , 29.8993846, -0.005539, , , , , , , 29.8993846, -0.0082246, , , , , , , 29.8993846, 0.0072175, , , , , , , , , , , , , , , , , , , , , , , , , , , , 
29.8999038, 0.0057069, , , , , , , 29.8999038, -0.005539, , , , , , , 29.8999038, -0.0068818, , , , , , , 29.8999038, 0.0072175, , , , , , , , , , , , , , , , , , , , , , , , , , , , 
29.9004231, 0.0011749, , , , , , , 29.9004231, -0.0048676, , , , , , , 29.9004231, -0.0068818, , , , , , , 29.9004231, 0.0038605, , , , , , , , , , , , , , , , , , , , , , , , , , , , 
29.9009423, -0.0028534, , , , , , , 29.9009423, -0.0048676, , , , , , , 29.9009423, -0.0082246, , , , , , , 29.9009423, 0.0018463, , , , , , , , , , , , , , , , , , , , , , , , , , , , 
29.9014615, -0.0045319, , , , , , , 29.9014615, -0.0045319, , , , , , , 29.9014615, -0.0092317, , , , , , , 29.9014615, 0.0015106, , , , , , , , , , , , , , , , , , , , , , , , , , , , 
29.9019808, 0.0015106, , , , , , , 29.9019808, -0.0030213, , , , , , , 29.9019808, -0.0092317, , , , , , , 29.9019808, 0.0036927, , , , , , , , , , , , , , , , , , , , , , , , , , , , 
29.9025, 0.0159457, , , , , , , 29.9025, -0.0008392, , , , , , , 29.9025, -0.0092317, , , , , , , 29.9025, 0.0078889, , , , , , , , , , , , , , , , , , , , , , , , , , , , 
29.9030192, 0.033402, , , , , , , 29.9030192, -0.0001678, , , , , , , 29.9030192, -0.008896, , , , , , , 29.9030192, 0.0063783, , , , , , , , , , , , , , , , , , , , , , , , , , , , 
29.9035385, 0.0475013, , , , , , , 29.9035385, -0.0010071, , , , , , , 29.9035385, -0.0119173, , , , , , , 29.9035385, -0.0006714, , , , , , , , , , , , , , , , , , , , , , , , , , , , 
29.9040577, 0.0464942, , , , , , , 29.9040577, -0.0028534, , , , , , , 29.9040577, -0.0171206, , , , , , , 29.9040577, -0.0109102, , , , , , , , , , , , , , , , , , , , , , , , , , , , 
29.9045769, 0.0313878, , , , , , , 29.9045769, -0.0043641, , , , , , , 29.9045769, -0.0182956, , , , , , , 29.9045769, -0.0176242, , , , , , , , , , , , , , , , , , , , , , , , , , , , 
29.9050962, 0.0159457, , , , , , , 29.9050962, -0.0050355, , , , , , , 29.9050962, -0.0176242, , , , , , , 29.9050962, -0.0203098, , , , , , , , , , , , , , , , , , , , , , , , , , , , 
29.9056154, 0.0112459, , , , , , , 29.9056154, -0.0045319, , , , , , , 29.9056154, -0.0172885, , , , , , , 29.9056154, -0.0243381, , , , , , , , , , , , , , , , , , , , , , , , , , , , 
29.9061346, 0.0184634, , , , , , , 29.9061346, -0.0036927, , , , , , , 29.9061346, -0.0169528, , , , , , , 29.9061346, -0.0276951, , , , , , , , , , , , , , , , , , , , , , , , , , , , 
29.9066538, 0.0280308, , , , , , , 29.9066538, -0.0035248, , , , , , , 29.9066538, -0.0169528, , , , , , , 29.9066538, -0.0260166, , , , , , , , , , , , , , , , , , , , , , , , , , , , 
29.9071731, 0.0320592, , , , , , , 29.9071731, -0.0036927, , , , , , , 29.9071731, -0.0159457, , , , , , , 29.9071731, -0.0223239, , , , , , , , , , , , , , , , , , , , , , , , , , , , 
29.9076923, 0.0293736, , , , , , , 29.9076923, -0.0030213, , , , , , , 29.9076923, -0.0149386, , , , , , , 29.9076923, -0.01561, , , , , , , , , , , , , , , , , , , , , , , , , , , , 
29.9082115, 0.030045, , , , , , , 29.9082115, -0.005539, , , , , , , 29.9082115, -0.0129244, , , , , , , 29.9082115, -0.0048676, , , , , , , , , , , , , , , , , , , , , , , , , , , , 
29.9087308, 0.03122, , , , , , , 29.9087308, -0.0082246, , , , , , , 29.9087308, -0.008896, , , , , , , 29.9087308, 0.0068818, , , , , , , , , , , , , , , , , , , , , , , , , , , , 
29.90925, 0.0219883, , , , , , , 29.90925, -0.0078889, , , , , , , 29.90925, -0.0068818, , , , , , , 29.90925, 0.0152743, , , , , , , , , , , , , , , , , , , , , , , , , , , , 
29.9097692, 0.0109102, , , , , , , 29.9097692, -0.0072175, , , , , , , 29.9097692, -0.0072175, , , , , , , 29.9097692, 0.0226596, , , , , , , , , , , , , , , , , , , , , , , , , , , , 
29.9102885, 0.002182, , , , , , , 29.9102885, -0.0072175, , , , , , , 29.9102885, -0.0050355, , , , , , , 29.9102885, 0.0310521, , , , , , , , , , , , , , , , , , , , , , , , , , , , 
29.9108077, -0.0052033, , , , , , , 29.9108077, -0.0095674, , , , , , , 29.9108077, -0.002182, , , , , , , 29.9108077, 0.040116, , , , , , , , , , , , , , , , , , , , , , , , , , , , 
29.9113269, -0.005539, , , , , , , 29.9113269, -0.0099031, , , , , , , 29.9113269, 0.0005035, , , , , , , 29.9113269, 0.0495155, , , , , , , , , , , , , , , , , , , , , , , , , , , , 
29.9118462, -0.0072175, , , , , , , 29.9118462, -0.0077211, , , , , , , 29.9118462, 0.0005035, , , , , , , 29.9118462, 0.0587472, , , , , , , , , , , , , , , , , , , , , , , , , , , , 
29.9123654, -0.0142672, , , , , , , 29.9123654, -0.0078889, , , , , , , 29.9123654, -0.0015106, , , , , , , 29.9123654, 0.0642863, , , , , , , , , , , , , , , , , , , , , , , , , , , , 
29.9128846, -0.023331, , , , , , , 29.9128846, -0.0095674, , , , , , , 29.9128846, -0.0008392, , , , , , , 29.9128846, 0.0669718, , , , , , , , , , , , , , , , , , , , , , , , , , , , 
29.9134038, -0.0283665, , , , , , , 29.9134038, -0.0102388, , , , , , , 29.9134038, 0.0015106, , , , , , , 29.9134038, 0.0656291, , , , , , , , , , , , , , , , , , , , , , , , , , , , 
29.9139231, -0.0276951, , , , , , , 29.9139231, -0.0109102, , , , , , , 29.9139231, 0.0005035, , , , , , , 29.9139231, 0.0595865, , , , , , , , , , , , , , , , , , , , , , , , , , , , 
29.9144423, -0.0276951, , , , , , , 29.9144423, -0.0109102, , , , , , , 29.9144423, -0.0041962, , , , , , , 29.9144423, 0.0471656, , , , , , , , , , , , , , , , , , , , , , , , , , , , 
29.9149615, -0.0243381, , , , , , , 29.9149615, -0.0112459, , , , , , , 29.9149615, -0.0082246, , , , , , , 29.9149615, 0.0354162, , , , , , , , , , , , , , , , , , , , , , , , , , , , 
29.9154808, -0.0139315, , , , , , , 29.9154808, -0.0115816, , , , , , , 29.9154808, -0.0075532, , , , , , , 29.9154808, 0.026688, , , , , , , , , , , , , , , , , , , , , , , , , , , , 
29.916, -0.0010071, , , , , , , 29.916, -0.0119173, , , , , , , 29.916, -0.0052033, , , , , , , 29.916, 0.0224918, , , , , , , , , , , , , , , , , , , , , , , , , , , , 
29.9165192, 0.0193027, , , , , , , 29.9165192, -0.012253, , , , , , , 29.9165192, -0.0045319, , , , , , , 29.9165192, 0.0209812, , , , , , , , , , , , , , , , , , , , , , , , , , , , 
29.9170385, 0.0360876, , , , , , , 29.9170385, -0.0115816, , , , , , , 29.9170385, -0.0062104, , , , , , , 29.9170385, 0.0186313, , , , , , , , , , , , , , , , , , , , , , , , , , , , 
29.9175577, 0.0394446, , , , , , , 29.9175577, -0.011078, , , , , , , 29.9175577, -0.0075532, , , , , , , 29.9175577, 0.0135958, , , , , , , , , , , , , , , , , , , , , , , , , , , , 
29.9180769, 0.033402, , , , , , , 29.9180769, -0.0115816, , , , , , , 29.9180769, -0.0075532, , , , , , , 29.9180769, 0.0085603, , , , , , , , , , , , , , , , , , , , , , , , , , , , 
29.9185962, 0.0270237, , , , , , , 29.9185962, -0.0105745, , , , , , , 29.9185962, -0.0082246, , , , , , , 29.9185962, 0.0052033, , , , , , , , , , , , , , , , , , , , , , , , , , , , 
29.9191154, 0.026688, , , , , , , 29.9191154, -0.0050355, , , , , , , 29.9191154, -0.0102388, , , , , , , 29.9191154, -0.0001678, , , , , , , , , , , , , , , , , , , , , , , , , , , , 
29.9196346, 0.03122, , , , , , , 29.9196346, -0.0003357, , , , , , , 29.9196346, -0.0119173, , , , , , , 29.9196346, -0.0041962, , , , , , , , , , , , , , , , , , , , , , , , , , , , 
29.9201538, 0.0317235, , , , , , , 29.9201538, 0.002182, , , , , , , 29.9201538, -0.0125887, , , , , , , 29.9201538, -0.0052033, , , , , , , , , , , , , , , , , , , , , , , , , , , , 
29.9206731, 0.0293736, , , , , , , 29.9206731, 0.002182, , , , , , , 29.9206731, -0.0125887, , , , , , , 29.9206731, -0.0065461, , , , , , , , , , , , , , , , , , , , , , , , , , , , 
29.9211923, 0.0287022, , , , , , , 29.9211923, 0.0011749, , , , , , , 29.9211923, -0.012253, , , , , , , 29.9211923, -0.0077211, , , , , , , , , , , , , , , , , , , , , , , , , , , , 
29.9217115, 0.0273594, , , , , , , 29.9217115, -0.0015106, , , , , , , 29.9217115, -0.0129244, , , , , , , 29.9217115, -0.0085603, , , , , , , , , , , , , , , , , , , , , , , , , , , , 
29.9222308, 0.0223239, , , , , , , 29.9222308, -0.0050355, , , , , , , 29.9222308, -0.0109102, , , , , , , 29.9222308, -0.0095674, , , , , , , , , , , , , , , , , , , , , , , , , , , , 
29.92275, 0.0146029, , , , , , , 29.92275, -0.0068818, , , , , , , 29.92275, -0.008896, , , , , , , 29.92275, -0.0068818, , , , , , , , , , , , , , , , , , , , , , , , , , , , 
29.9232692, 0.0132601, , , , , , , 29.9232692, -0.0087282, , , , , , , 29.9232692, -0.008896, , , , , , , 29.9232692, -0.0068818, , , , , , , , , , , , , , , , , , , , , , , , , , , , 
29.9237885, 0.0146029, , , , , , , 29.9237885, -0.0129244, , , , , , , 29.9237885, -0.0115816, , , , , , , 29.9237885, -0.0162814, , , , , , , , , , , , , , , , , , , , , , , , , , , , 
29.9243077, 0.0137636, , , , , , , 29.9243077, -0.0162814, , , , , , , 29.9243077, -0.0152743, , , , , , , 29.9243077, -0.0263523, , , , , , , , , , , , , , , , , , , , , , , , , , , , 
29.9248269, 0.0151064, , , , , , , 29.9248269, -0.0152743, , , , , , , 29.9248269, -0.0151064, , , , , , , 29.9248269, -0.0320592, , , , , , , , , , , , , , , , , , , , , , , , , , , , 
29.9253462, 0.0196384, , , , , , , 29.9253462, -0.0151064, , , , , , , 29.9253462, -0.0137636, , , , , , , 29.9253462, -0.0354162, , , , , , , , , , , , , , , , , , , , , , , , , , , , 
29.9258654, 0.0251774, , , , , , , 29.9258654, -0.0149386, , , , , , , 29.9258654, -0.0135958, , , , , , , 29.9258654, -0.0340734, , , , , , , , , , , , , , , , , , , , , , , , , , , , 
29.9263846, 0.0287022, , , , , , , 29.9263846, -0.012253, , , , , , , 29.9263846, -0.012253, , , , , , , 29.9263846, -0.0305486, , , , , , , , , , , , , , , , , , , , , , , , , , , , 
29.9269038, 0.0276951, , , , , , , 29.9269038, -0.0085603, , , , , , , 29.9269038, -0.0120851, , , , , , , 29.9269038, -0.0270237, , , , , , , , , , , , , , , , , , , , , , , , , , , , 
29.9274231, 0.0327306, , , , , , , 29.9274231, -0.0045319, , , , , , , 29.9274231, -0.0132601, , , , , , , 29.9274231, -0.018967, , , , , , , , , , , , , , , , , , , , , , , , , , , , 
29.9279423, 0.0370947, , , , , , , 29.9279423, -0.0001678, , , , , , , 29.9279423, -0.0129244, , , , , , , 29.9279423, -0.010071, , , , , , , , , , , , , , , , , , , , , , , , , , , , 
29.9284615, 0.0283665, , , , , , , 29.9284615, 0.0035248, , , , , , , 29.9284615, -0.0114137, , , , , , , 29.9284615, -0.002182, , , , , , , , , , , , , , , , , , , , , , , , , , , , 
29.9289808, 0.0166171, , , , , , , 29.9289808, 0.0028534, , , , , , , 29.9289808, -0.0115816, , , , , , , 29.9289808, 0.0058747, , , , , , , , , , , , , , , , , , , , , , , , , , , , 
29.9295, 0.0132601, , , , , , , 29.9295, 0.0005035, , , , , , , 29.9295, -0.012253, , , , , , , 29.9295, 0.0112459, , , , , , , , , , , , , , , , , , , , , , , , , , , , 
29.9300192, 0.0151064, , , , , , , 29.9300192, -0.0015106, , , , , , , 29.9300192, -0.0099031, , , , , , , 29.9300192, 0.0186313, , , , , , , , , , , , , , , , , , , , , , , , , , , , 
29.9305385, 0.0125887, , , , , , , 29.9305385, -0.0068818, , , , , , , 29.9305385, -0.0075532, , , , , , , 29.9305385, 0.0313878, , , , , , , , , , , , , , , , , , , , , , , , , , , , 
29.9310577, -0.0010071, , , , , , , 29.9310577, -0.0162814, , , , , , , 29.9310577, -0.0085603, , , , , , , 29.9310577, 0.0421302, , , , , , , , , , , , , , , , , , , , , , , , , , , , 
29.9315769, -0.0162814, , , , , , , 29.9315769, -0.0250095, , , , , , , 29.9315769, -0.0092317, , , , , , , 29.9315769, 0.0475013, , , , , , , , , , , , , , , , , , , , , , , , , , , , 
29.9320962, -0.0216526, , , , , , , 29.9320962, -0.0283665, , , , , , , 29.9320962, -0.0065461, , , , , , , 29.9320962, 0.0532082, , , , , , , , , , , , , , , , , , , , , , , , , , , , 
29.9326154, -0.0182956, , , , , , , 29.9326154, -0.0234989, , , , , , , 29.9326154, -0.0028534, , , , , , , 29.9326154, 0.0626078, , , , , , , , , , , , , , , , , , , , , , , , , , , , 
29.9331346, -0.0090639, , , , , , , 29.9331346, -0.0176242, , , , , , , 29.9331346, -0.0010071, , , , , , , 29.9331346, 0.0679789, , , , , , , , , , , , , , , , , , , , , , , , , , , , 
29.9336538, -0.0008392, , , , , , , 29.9336538, -0.0119173, , , , , , , 29.9336538, -0.0015106, , , , , , , 29.9336538, 0.0636149, , , , , , , , , , , , , , , , , , , , , , , , , , , , 
29.9341731, 0.0008392, , , , , , , 29.9341731, -0.0068818, , , , , , , 29.9341731, -0.0018463, , , , , , , 29.9341731, 0.0535439, , , , , , , , , , , , , , , , , , , , , , , , , , , , 
29.9346923, -0.0008392, , , , , , , 29.9346923, -0.0048676, , , , , , , 29.9346923, -0.0008392, , , , , , , 29.9346923, 0.0436408, , , , , , , , , , , , , , , , , , , , , , , , , , , , 
29.9352115, -0.0011749, , , , , , , 29.9352115, -0.0048676, , , , , , , 29.9352115, 0.0011749, , , , , , , 29.9352115, 0.0360876, , , , , , , , , , , , , , , , , , , , , , , , , , , , 
29.9357308, -0.0005035, , , , , , , 29.9357308, -0.0038605, , , , , , , 29.9357308, 0.0001678, , , , , , , 29.9357308, 0.0293736, , , , , , , , , , , , , , , , , , , , , , , , , , , , 
29.93625, 0.0031891, , , , , , , 29.93625, -0.0038605, , , , , , , 29.93625, -0.0008392, , , , , , , 29.93625, 0.0243381, , , , , , , , , , , , , , , , , , , , , , , , , , , , 
29.9367692, 0.0072175, , , , , , , 29.9367692, -0.0057069, , , , , , , 29.9367692, 0.0018463, , , , , , , 29.9367692, 0.0206455, , , , , , , , , , , , , , , , , , , , , , , , , , , , 
29.9372885, 0.0142672, , , , , , , 29.9372885, -0.0072175, , , , , , , 29.9372885, 0.0011749, , , , , , , 29.9372885, 0.0162814, , , , , , , , , , , , , , , , , , , , , , , , , , , , 
29.9378077, 0.0186313, , , , , , , 29.9378077, -0.0072175, , , , , , , 29.9378077, -0.0011749, , , , , , , 29.9378077, 0.012253, , , , , , , , , , , , , , , , , , , , , , , , , , , , 
29.9383269, 0.0206455, , , , , , , 29.9383269, -0.0082246, , , , , , , 29.9383269, -0.0025177, , , , , , , 29.9383269, 0.0105745, , , , , , , , , , , , , , , , , , , , , , , , , , , , 
29.9388462, 0.0226596, , , , , , , 29.9388462, -0.0115816, , , , , , , 29.9388462, -0.0020142, , , , , , , 29.9388462, 0.0077211, , , , , , , , , , , , , , , , , , , , , , , , , , , , 
29.9393654, 0.0273594, , , , , , , 29.9393654, -0.0137636, , , , , , , 29.9393654, -0.0018463, , , , , , , 29.9393654, 0.0048676, , , , , , , , , , , , , , , , , , , , , , , , , , , , 
29.9398846, 0.0313878, , , , , , , 29.9398846, -0.0130922, , , , , , , 29.9398846, -0.0048676, , , , , , , 29.9398846, 0.0050355, , , , , , , , , , , , , , , , , , , , , , , , , , , , 
29.9404038, 0.0323949, , , , , , , 29.9404038, -0.0130922, , , , , , , 29.9404038, -0.0082246, , , , , , , 29.9404038, 0.0018463, , , , , , , , , , , , , , , , , , , , , , , , , , , , 
29.9409231, 0.0253452, , , , , , , 29.9409231, -0.0135958, , , , , , , 29.9409231, -0.0085603, , , , , , , 29.9409231, -0.0008392, , , , , , , , , , , , , , , , , , , , , , , , , , , , 
29.9414423, 0.0172885, , , , , , , 29.9414423, -0.0115816, , , , , , , 29.9414423, -0.0083925, , , , , , , 29.9414423, 0.0010071, , , , , , , , , , , , , , , , , , , , , , , , , , , , 
29.9419615, 0.0162814, , , , , , , 29.9419615, -0.0095674, , , , , , , 29.9419615, -0.0082246, , , , , , , 29.9419615, 0.0018463, , , , , , , , , , , , , , , , , , , , , , , , , , , , 
29.9424808, 0.0159457, , , , , , , 29.9424808, -0.0092317, , , , , , , 29.9424808, -0.0062104, , , , , , , 29.9424808, -0.0001678, , , , , , , , , , , , , , , , , , , , , , , , , , , , 
29.943, 0.0095674, , , , , , , 29.943, -0.008896, , , , , , , 29.943, -0.0063783, , , , , , , 29.943, -0.0016785, , , , , , , , , , , , , , , , , , , , , , , , , , , , 
29.9435192, 0.0025177, , , , , , , 29.9435192, -0.0102388, , , , , , , 29.9435192, -0.0099031, , , , , , , 29.9435192, -0.0068818, , , , , , , , , , , , , , , , , , , , , , , , , , , , 
29.9440385, 0.0018463, , , , , , , 29.9440385, -0.0124208, , , , , , , 29.9440385, -0.0135958, , , , , , , 29.9440385, -0.01561, , , , , , , , , , , , , , , , , , , , , , , , , , , , 
29.9445577, 0.0092317, , , , , , , 29.9445577, -0.0112459, , , , , , , 29.9445577, -0.0149386, , , , , , , 29.9445577, -0.0243381, , , , , , , , , , , , , , , , , , , , , , , , , , , , 
29.9450769, 0.0191348, , , , , , , 29.9450769, -0.0082246, , , , , , , 29.9450769, -0.0149386, , , , , , , 29.9450769, -0.0265202, , , , , , , , , , , , , , , , , , , , , , , , , , , , 
29.9455962, 0.026688, , , , , , , 29.9455962, -0.0085603, , , , , , , 29.9455962, -0.0162814, , , , , , , 29.9455962, -0.0273594, , , , , , , , , , , , , , , , , , , , , , , , , , , , 
29.9461154, 0.0370947, , , , , , , 29.9461154, -0.0090639, , , , , , , 29.9461154, -0.0187991, , , , , , , 29.9461154, -0.0293736, , , , , , , , , , , , , , , , , , , , , , , , , , , , 
29.9466346, 0.04448, , , , , , , 29.9466346, -0.0075532, , , , , , , 29.9466346, -0.0196384, , , , , , , 29.9466346, -0.0276951, , , , , , , , , , , , , , , , , , , , , , , , , , , , 
29.9471538, 0.0459907, , , , , , , 29.9471538, -0.0036927, , , , , , , 29.9471538, -0.0152743, , , , , , , 29.9471538, -0.0240024, , , , , , , , , , , , , , , , , , , , , , , , , , , , 
29.9476731, 0.0475013, , , , , , , 29.9476731, 0.0008392, , , , , , , 29.9476731, -0.011078, , , , , , , 29.9476731, -0.0166171, , , , , , , , , , , , , , , , , , , , , , , , , , , , 
29.9481923, 0.0407874, , , , , , , 29.9481923, 0.0025177, , , , , , , 29.9481923, -0.0115816, , , , , , , 29.9481923, -0.0082246, , , , , , , , , , , , , , , , , , , , , , , , , , , , 
29.9487115, 0.023331, , , , , , , 29.9487115, 0.0011749, , , , , , , 29.9487115, -0.0117494, , , , , , , 29.9487115, 0.0003357, , , , , , , , , , , , , , , , , , , , , , , , , , , , 
29.9492308, 0.0058747, , , , , , , 29.9492308, -0.0015106, , , , , , , 29.9492308, -0.0115816, , , , , , , 29.9492308, 0.0072175, , , , , , , , , , , , , , , , , , , , , , , , , , , , 
29.94975, -0.0003357, , , , , , , 29.94975, -0.0028534, , , , , , , 29.94975, -0.0117494, , , , , , , 29.94975, 0.0169528, , , , , , , , , , , , , , , , , , , , , , , , , , , , 
29.9502692, 0.0057069, , , , , , , 29.9502692, -0.0038605, , , , , , , 29.9502692, -0.0105745, , , , , , , 29.9502692, 0.0318914, , , , , , , , , , , , , , , , , , , , , , , , , , , , 
29.9507885, 0.0157778, , , , , , , 29.9507885, -0.0035248, , , , , , , 29.9507885, -0.0072175, , , , , , , 29.9507885, 0.042298, , , , , , , , , , , , , , , , , , , , , , , , , , , , 
29.9513077, 0.0105745, , , , , , , 29.9513077, -0.002182, , , , , , , 29.9513077, -0.0036927, , , , , , , 29.9513077, 0.0485084, , , , , , , , , , , , , , , , , , , , , , , , , , , , 
29.9518269, -0.0070497, , , , , , , 29.9518269, -0.0008392, , , , , , , 29.9518269, -0.0023499, , , , , , , 29.9518269, 0.0522011, , , , , , , , , , , , , , , , , , , , , , , , , , , , 
29.9523462, -0.0219883, , , , , , , 29.9523462, 0.0015106, , , , , , , 29.9523462, -0.002182, , , , , , , 29.9523462, 0.0553902, , , , , , , , , , , , , , , , , , , , , , , , , , , , 
29.9528654, -0.0307164, , , , , , , 29.9528654, -0.0016785, , , , , , , 29.9528654, -0.0018463, , , , , , , 29.9528654, 0.0594186, , , , , , , , , , , , , , , , , , , , , , , , , , , , 
29.9533846, -0.0354162, , , , , , , 29.9533846, -0.0115816, , , , , , , 29.9533846, -0.0018463, , , , , , , 29.9533846, 0.0580758, , , , , , , , , , , , , , , , , , , , , , , , , , , , 
29.9539038, -0.0357519, , , , , , , 29.9539038, -0.0198062, , , , , , , 29.9539038, -0.0048676, , , , , , , 29.9539038, 0.0491798, , , , , , , , , , , , , , , , , , , , , , , , , , , , 
29.9544231, -0.0276951, , , , , , , 29.9544231, -0.0209812, , , , , , , 29.9544231, -0.0075532, , , , , , , 29.9544231, 0.0387732, , , , , , , , , , , , , , , , , , , , , , , , , , , , 
29.9549423, -0.0169528, , , , , , , 29.9549423, -0.0186313, , , , , , , 29.9549423, -0.0068818, , , , , , , 29.9549423, 0.0303807, , , , , , , , , , , , , , , , , , , , , , , , , , , , 
29.9554615, -0.0115816, , , , , , , 29.9554615, -0.0191348, , , , , , , 29.9554615, -0.005539, , , , , , , 29.9554615, 0.0260166, , , , , , , , , , , , , , , , , , , , , , , , , , , , 
29.9559808, -0.003357, , , , , , , 29.9559808, -0.0219883, , , , , , , 29.9559808, -0.0045319, , , , , , , 29.9559808, 0.0199741, , , , , , , , , , , , , , , , , , , , , , , , , , , , 
29.9565, 0.0159457, , , , , , , 29.9565, -0.0167849, , , , , , , 29.9565, -0.0036927, , , , , , , 29.9565, 0.0151064, , , , , , , , , , , , , , , , , , , , , , , , , , , , 
29.9570192, 0.0307164, , , , , , , 29.9570192, -0.0011749, , , , , , , 29.9570192, -0.0041962, , , , , , , 29.9570192, 0.0132601, , , , , , , , , , , , , , , , , , , , , , , , , , , , 
29.9575385, 0.0344091, , , , , , , 29.9575385, 0.0124208, , , , , , , 29.9575385, -0.0062104, , , , , , , 29.9575385, 0.0117494, , , , , , , , , , , , , , , , , , , , , , , , , , , , 
29.9580577, 0.0374304, , , , , , , 29.9580577, 0.018967, , , , , , , 29.9580577, -0.0090639, , , , , , , 29.9580577, 0.0092317, , , , , , , , , , , , , , , , , , , , , , , , , , , , 
29.9585769, 0.0392767, , , , , , , 29.9585769, 0.01561, , , , , , , 29.9585769, -0.0102388, , , , , , , 29.9585769, 0.0058747, , , , , , , , , , , , , , , , , , , , , , , , , , , , 
29.9590962, 0.0340734, , , , , , , 29.9590962, 0.0052033, , , , , , , 29.9590962, -0.0085603, , , , , , , 29.9590962, 0.0028534, , , , , , , , , , , , , , , , , , , , , , , , , , , , 
29.9596154, 0.0285344, , , , , , , 29.9596154, -0.0018463, , , , , , , 29.9596154, -0.0072175, , , , , , , 29.9596154, 0.0011749, , , , , , , , , , , , , , , , , , , , , , , , , , , , 
29.9601346, 0.0236667, , , , , , , 29.9601346, -0.0072175, , , , , , , 29.9601346, -0.008896, , , , , , , 29.9601346, 0.0023499, , , , , , , , , , , , , , , , , , , , , , , , , , , , 
29.9606538, 0.0206455, , , , , , , 29.9606538, -0.01561, , , , , , , 29.9606538, -0.0109102, , , , , , , 29.9606538, 0.0025177, , , , , , , , , , , , , , , , , , , , , , , , , , , , 
29.9611731, 0.0226596, , , , , , , 29.9611731, -0.0203098, , , , , , , 29.9611731, -0.0109102, , , , , , , 29.9611731, 0.0028534, , , , , , , , , , , , , , , , , , , , , , , , , , , , 
29.9616923, 0.023331, , , , , , , 29.9616923, -0.0191348, , , , , , , 29.9616923, -0.0095674, , , , , , , 29.9616923, 0.0038605, , , , , , , , , , , , , , , , , , , , , , , , , , , , 
29.9622115, 0.0219883, , , , , , , 29.9622115, -0.0159457, , , , , , , 29.9622115, -0.010071, , , , , , , 29.9622115, 0.0062104, , , , , , , , , , , , , , , , , , , , , , , , , , , , 
29.9627308, 0.0203098, , , , , , , 29.9627308, -0.012253, , , , , , , 29.9627308, -0.0099031, , , , , , , 29.9627308, 0.0072175, , , , , , , , , , , , , , , , , , , , , , , , , , , , 
29.96325, 0.0172885, , , , , , , 29.96325, -0.012253, , , , , , , 29.96325, -0.0109102, , , , , , , 29.96325, 0.0048676, , , , , , , , , , , , , , , , , , , , , , , , , , , , 
29.9637692, 0.0146029, , , , , , , 29.9637692, -0.0139315, , , , , , , 29.9637692, -0.0125887, , , , , , , 29.9637692, -0.0028534, , , , , , , , , , , , , , , , , , , , , , , , , , , , 
29.9642885, 0.0199741, , , , , , , 29.9642885, -0.0092317, , , , , , , 29.9642885, -0.0130922, , , , , , , 29.9642885, -0.0129244, , , , , , , , , , , , , , , , , , , , , , , , , , , , 
29.9648077, 0.0253452, , , , , , , 29.9648077, 0.0011749, , , , , , , 29.9648077, -0.0135958, , , , , , , 29.9648077, -0.0196384, , , , , , , , , , , , , , , , , , , , , , , , , , , , 
29.9653269, 0.0276951, , , , , , , 29.9653269, 0.0112459, , , , , , , 29.9653269, -0.0135958, , , , , , , 29.9653269, -0.0223239, , , , , , , , , , , , , , , , , , , , , , , , , , , , 
29.9658462, 0.0298772, , , , , , , 29.9658462, 0.012253, , , , , , , 29.9658462, -0.0132601, , , , , , , 29.9658462, -0.0219883, , , , , , , , , , , , , , , , , , , , , , , , , , , , 
29.9663654, 0.0280308, , , , , , , 29.9663654, 0.0031891, , , , , , , 29.9663654, -0.012253, , , , , , , 29.9663654, -0.0196384, , , , , , , , , , , , , , , , , , , , , , , , , , , , 
29.9668846, 0.0223239, , , , , , , 29.9668846, -0.0058747, , , , , , , 29.9668846, -0.0102388, , , , , , , 29.9668846, -0.0184634, , , , , , , , , , , , , , , , , , , , , , , , , , , , 
29.9674038, 0.0172885, , , , , , , 29.9674038, -0.0041962, , , , , , , 29.9674038, -0.0082246, , , , , , , 29.9674038, -0.0152743, , , , , , , , , , , , , , , , , , , , , , , , , , , , 
29.9679231, 0.0179599, , , , , , , 29.9679231, 0.0065461, , , , , , , 29.9679231, -0.0058747, , , , , , , 29.9679231, -0.0070497, , , , , , , , , , , , , , , , , , , , , , , , , , , , 
29.9684423, 0.0198062, , , , , , , 29.9684423, 0.0149386, , , , , , , 29.9684423, -0.0035248, , , , , , , 29.9684423, 0.0031891, , , , , , , , , , , , , , , , , , , , , , , , , , , , 
29.9689615, 0.0199741, , , , , , , 29.9689615, 0.0135958, , , , , , , 29.9689615, -0.0008392, , , , , , , 29.9689615, 0.0132601, , , , , , , , , , , , , , , , , , , , , , , , , , , , 
29.9694808, 0.0159457, , , , , , , 29.9694808, 0.0065461, , , , , , , 29.9694808, 0.0018463, , , , , , , 29.9694808, 0.0193027, , , , , , , , , , , , , , , , , , , , , , , , , , , , 
29.97, 0.0045319, , , , , , , 29.97, -0.0001678, , , , , , , 29.97, 0.0018463, , , , , , , 29.97, 0.0273594, , , , , , , , , , , , , , , , , , , , , , , , , , , , 
29.9705192, -0.0065461, , , , , , , 29.9705192, -0.0062104, , , , , , , 29.9705192, 0.0011749, , , , , , , 29.9705192, 0.0384375, , , , , , , , , , , , , , , , , , , , , , , , , , , , 
29.9710385, -0.0102388, , , , , , , 29.9710385, -0.012253, , , , , , , 29.9710385, 0.0025177, , , , , , , 29.9710385, 0.0491798, , , , , , , , , , , , , , , , , , , , , , , , , , , , 
29.9715577, -0.0125887, , , , , , , 29.9715577, -0.01561, , , , , , , 29.9715577, 0.0030213, , , , , , , 29.9715577, 0.0562295, , , , , , , , , , , , , , , , , , , , , , , , , , , , 
29.9720769, -0.0162814, , , , , , , 29.9720769, -0.0213169, , , , , , , 29.9720769, 0.0035248, , , , , , , 29.9720769, 0.0589151, , , , , , , , , , , , , , , , , , , , , , , , , , , , 
29.9725962, -0.0182956, , , , , , , 29.9725962, -0.0283665, , , , , , , 29.9725962, 0.0035248, , , , , , , 29.9725962, 0.0629435, , , , , , , , , , , , , , , , , , , , , , , , , , , , 
29.9731154, -0.0182956, , , , , , , 29.9731154, -0.0298772, , , , , , , 29.9731154, 0.0025177, , , , , , , 29.9731154, 0.0649577, , , , , , , , , , , , , , , , , , , , , , , , , , , , 
29.9736346, -0.0166171, , , , , , , 29.9736346, -0.0263523, , , , , , , 29.9736346, -0.0008392, , , , , , , 29.9736346, 0.061265, , , , , , , , , , , , , , , , , , , , , , , , , , , , 
29.9741538, -0.0109102, , , , , , , 29.9741538, -0.0243381, , , , , , , 29.9741538, -0.0038605, , , , , , , 29.9741538, 0.0500191, , , , , , , , , , , , , , , , , , , , , , , , , , , , 
29.9746731, -0.0048676, , , , , , , 29.9746731, -0.0283665, , , , , , , 29.9746731, -0.0035248, , , , , , , 29.9746731, 0.0360876, , , , , , , , , , , , , , , , , , , , , , , , , , , , 
29.9751923, -0.0035248, , , , , , , 29.9751923, -0.0337377, , , , , , , 29.9751923, -0.0011749, , , , , , , 29.9751923, 0.0251774, , , , , , , , , , , , , , , , , , , , , , , , , , , , 
29.9757115, -0.0005035, , , , , , , 29.9757115, -0.0359197, , , , , , , 29.9757115, -0.0001678, , , , , , , 29.9757115, 0.0199741, , , , , , , , , , , , , , , , , , , , , , , , , , , , 
29.9762308, 0.0068818, , , , , , , 29.9762308, -0.0354162, , , , , , , 29.9762308, -0.0015106, , , , , , , 29.9762308, 0.0172885, , , , , , , , , , , , , , , , , , , , , , , , , , , , 
29.97675, 0.0117494, , , , , , , 29.97675, -0.0310521, , , , , , , 29.97675, -0.0015106, , , , , , , 29.97675, 0.0142672, , , , , , , , , , , , , , , , , , , , , , , , , , , , 
29.9772692, 0.01561, , , , , , , 29.9772692, -0.0213169, , , , , , , 29.9772692, -0.0008392, , , , , , , 29.9772692, 0.0105745, , , , , , , , , , , , , , , , , , , , , , , , , , , , 
29.9777885, 0.0203098, , , , , , , 29.9777885, -0.0135958, , , , , , , 29.9777885, -0.0008392, , , , , , , 29.9777885, 0.0041962, , , , , , , , , , , , , , , , , , , , , , , , , , , , 
29.9783077, 0.0206455, , , , , , , 29.9783077, -0.0132601, , , , , , , 29.9783077, -0.0045319, , , , , , , 29.9783077, -0.0005035, , , , , , , , , , , , , , , , , , , , , , , , , , , , 
29.9788269, 0.0186313, , , , , , , 29.9788269, -0.0159457, , , , , , , 29.9788269, -0.0082246, , , , , , , 29.9788269, -0.0015106, , , , , , , , , , , , , , , , , , , , , , , , , , , , 
29.9793462, 0.0213169, , , , , , , 29.9793462, -0.0176242, , , , , , , 29.9793462, -0.0104067, , , , , , , 29.9793462, -0.0018463, , , , , , , , , , , , , , , , , , , , , , , , , , , , 
29.9798654, 0.026688, , , , , , , 29.9798654, -0.0169528, , , , , , , 29.9798654, -0.010071, , , , , , , 29.9798654, -0.0048676, , , , , , , , , , , , , , , , , , , , , , , , , , , , 
29.9803846, 0.0305486, , , , , , , 29.9803846, -0.0135958, , , , , , , 29.9803846, -0.0083925, , , , , , , 29.9803846, -0.0062104, , , , , , , , , , , , , , , , , , , , , , , , , , , , 
29.9809038, 0.0293736, , , , , , , 29.9809038, -0.0090639, , , , , , , 29.9809038, -0.0085603, , , , , , , 29.9809038, -0.0072175, , , , , , , , , , , , , , , , , , , , , , , , , , , , 
29.9814231, 0.0261845, , , , , , , 29.9814231, -0.005539, , , , , , , 29.9814231, -0.008896, , , , , , , 29.9814231, -0.008896, , , , , , , , , , , , , , , , , , , , , , , , , , , , 
29.9819423, 0.0256809, , , , , , , 29.9819423, 0.0011749, , , , , , , 29.9819423, -0.0090639, , , , , , , 29.9819423, -0.0095674, , , , , , , , , , , , , , , , , , , , , , , , , , , , 
29.9824615, 0.0261845, , , , , , , 29.9824615, 0.0142672, , , , , , , 29.9824615, -0.010071, , , , , , , 29.9824615, -0.0092317, , , , , , , , , , , , , , , , , , , , , , , , , , , , 
29.9829808, 0.0283665, , , , , , , 29.9829808, 0.0182956, , , , , , , 29.9829808, -0.0135958, , , , , , , 29.9829808, -0.008896, , , , , , , , , , , , , , , , , , , , , , , , , , , , 
29.9835, 0.0263523, , , , , , , 29.9835, 0.0097353, , , , , , , 29.9835, -0.0166171, , , , , , , 29.9835, -0.0115816, , , , , , , , , , , , , , , , , , , , , , , , , , , , 
29.9840192, 0.0276951, , , , , , , 29.9840192, -0.0006714, , , , , , , 29.9840192, -0.0176242, , , , , , , 29.9840192, -0.0216526, , , , , , , , , , , , , , , , , , , , , , , , , , , , 
29.9845385, 0.0340734, , , , , , , 29.9845385, -0.002182, , , , , , , 29.9845385, -0.0186313, , , , , , , 29.9845385, -0.0287022, , , , , , , , , , , , , , , , , , , , , , , , , , , , 
29.9850577, 0.0414588, , , , , , , 29.9850577, 0.0005035, , , , , , , 29.9850577, -0.018967, , , , , , , 29.9850577, -0.0320592, , , , , , , , , , , , , , , , , , , , , , , , , , , , 
29.9855769, 0.043473, , , , , , , 29.9855769, 0.0005035, , , , , , , 29.9855769, -0.0196384, , , , , , , 29.9855769, -0.0350805, , , , , , , , , , , , , , , , , , , , , , , , , , , , 
29.9860962, 0.0374304, , , , , , , 29.9860962, 0.0038605, , , , , , , 29.9860962, -0.0213169, , , , , , , 29.9860962, -0.0354162, , , , , , , , , , , , , , , , , , , , , , , , , , , , 
29.9866154, 0.030045, , , , , , , 29.9866154, 0.0105745, , , , , , , 29.9866154, -0.0216526, , , , , , , 29.9866154, -0.0310521, , , , , , , , , , , , , , , , , , , , , , , , , , , , 
29.9871346, 0.0226596, , , , , , , 29.9871346, 0.014435, , , , , , , 29.9871346, -0.0196384, , , , , , , 29.9871346, -0.0256809, , , , , , , , , , , , , , , , , , , , , , , , , , , , 
29.9876538, 0.0149386, , , , , , , 29.9876538, 0.0125887, , , , , , , 29.9876538, -0.0176242, , , , , , , 29.9876538, -0.0166171, , , , , , , , , , , , , , , , , , , , , , , , , , , , 
29.9881731, 0.008896, , , , , , , 29.9881731, 0.0068818, , , , , , , 29.9881731, -0.0149386, , , , , , , 29.9881731, -0.005539, , , , , , , , , , , , , , , , , , , , , , , , , , , , 
29.9886923, 0.0020142, , , , , , , 29.9886923, -0.0001678, , , , , , , 29.9886923, -0.0132601, , , , , , , 29.9886923, 0.0043641, , , , , , , , , , , , , , , , , , , , , , , , , , , , 
29.9892115, -0.0031891, , , , , , , 29.9892115, -0.0065461, , , , , , , 29.9892115, -0.0119173, , , , , , , 29.9892115, 0.0125887, , , , , , , , , , , , , , , , , , , , , , , , , , , , 
29.9897308, 0.0016785, , , , , , , 29.9897308, -0.0125887, , , , , , , 29.9897308, -0.0109102, , , , , , , 29.9897308, 0.0199741, , , , , , , , , , , , , , , , , , , , , , , , , , , , 
29.99025, 0.0149386, , , , , , , 29.99025, -0.0164492, , , , , , , 29.99025, -0.0085603, , , , , , , 29.99025, 0.0293736, , , , , , , , , , , , , , , , , , , , , , , , , , , , 
29.9907692, 0.0199741, , , , , , , 29.9907692, -0.0171206, , , , , , , 29.9907692, -0.0062104, , , , , , , 29.9907692, 0.0411231, , , , , , , , , , , , , , , , , , , , , , , , , , , , 
29.9912885, 0.0099031, , , , , , , 29.9912885, -0.0135958, , , , , , , 29.9912885, -0.0003357, , , , , , , 29.9912885, 0.0508583, , , , , , , , , , , , , , , , , , , , , , , , , , , , 
29.9918077, -0.0090639, , , , , , , 29.9918077, -0.0085603, , , , , , , 29.9918077, 0.0025177, , , , , , , 29.9918077, 0.0582437, , , , , , , , , , , , , , , , , , , , , , , , , , , , 
29.9923269, -0.0199741, , , , , , , 29.9923269, -0.0048676, , , , , , , 29.9923269, 0.0025177, , , , , , , 29.9923269, 0.0652934, , , , , , , , , , , , , , , , , , , , , , , , , , , , 
29.9928462, -0.0246738, , , , , , , 29.9928462, -0.0028534, , , , , , , 29.9928462, 0.0025177, , , , , , , 29.9928462, 0.0696574, , , , , , , , , , , , , , , , , , , , , , , , , , , , 
29.9933654, -0.0322271, , , , , , , 29.9933654, -0.0031891, , , , , , , 29.9933654, 0.0008392, , , , , , , 29.9933654, 0.0706645, , , , , , , , , , , , , , , , , , , , , , , , , , , , 
29.9938846, -0.0392767, , , , , , , 29.9938846, -0.0035248, , , , , , , 29.9938846, 0.0008392, , , , , , , 29.9938846, 0.0649577, , , , , , , , , , , , , , , , , , , , , , , , , , , , 
29.9944038, -0.0391089, , , , , , , 29.9944038, -0.005539, , , , , , , 29.9944038, -0.0011749, , , , , , , 29.9944038, 0.0532082, , , , , , , , , , , , , , , , , , , , , , , , , , , , 
29.9949231, -0.0330663, , , , , , , 29.9949231, -0.0085603, , , , , , , 29.9949231, -0.0031891, , , , , , , 29.9949231, 0.0453193, , , , , , , , , , , , , , , , , , , , , , , , , , , , 
29.9954423, -0.0193027, , , , , , , 29.9954423, -0.0085603, , , , , , , 29.9954423, -0.0045319, , , , , , , 29.9954423, 0.0394446, , , , , , , , , , , , , , , , , , , , , , , , , , , , 
29.9959615, -0.0015106, , , , , , , 29.9959615, -0.0082246, , , , , , , 29.9959615, -0.0048676, , , , , , , 29.9959615, 0.0310521, , , , , , , , , , , , , , , , , , , , , , , , , , , , 
29.9964808, 0.0099031, , , , , , , 29.9964808, -0.008896, , , , , , , 29.9964808, -0.005539, , , , , , , 29.9964808, 0.0228275, , , , , , , , , , , , , , , , , , , , , , , , , , , , 
29.997, 0.0166171, , , , , , , 29.997, -0.0102388, , , , , , , 29.997, -0.0087282, , , , , , , 29.997, 0.0186313, , , , , , , , , , , , , , , , , , , , , , , , , , , , 
29.9975192, 0.0256809, , , , , , , 29.9975192, -0.0125887, , , , , , , 29.9975192, -0.0109102, , , , , , , 29.9975192, 0.01561, , , , , , , , , , , , , , , , , , , , , , , , , , , , 
29.9980385, 0.0381018, , , , , , , 29.9980385, -0.0132601, , , , , , , 29.9980385, -0.0119173, , , , , , , 29.9980385, 0.0115816, , , , , , , , , , , , , , , , , , , , , , , , , , , , 
29.9985577, 0.043473, , , , , , , 29.9985577, -0.011078, , , , , , , 29.9985577, -0.011078, , , , , , , 29.9985577, 0.0077211, , , , , , , , , , , , , , , , , , , , , , , , , , , , 
29.9990769, 0.0454871, , , , , , , 29.9990769, -0.0073854, , , , , , , 29.9990769, -0.0102388, , , , , , , 29.9990769, 0.0045319, , , , , , , , , , , , , , , , , , , , , , , , , , , , 
29.9995962, 0.0468299, , , , , , , 29.9995962, -0.0052033, , , , , , , 29.9995962, -0.0119173, , , , , , , 29.9995962, 0.0025177, , , , , , , , , , , , , , , , , , , , , , , , , , , , 
30.0001154, 0.0491798, , , , , , , 30.0001154, -0.0075532, , , , , , , 30.0001154, -0.0135958, , , , , , , 30.0001154, 0.0011749, , , , , , , , , , , , , , , , , , , , , , , , , , , , 
30.0006346, 0.0464942, , , , , , , 30.0006346, -0.008896, , , , , , , 30.0006346, -0.0132601, , , , , , , 30.0006346, 0.002182, , , , , , , , , , , , , , , , , , , , , , , , , , , , 
30.0011538, 0.0409552, , , , , , , 30.0011538, -0.0075532, , , , , , , 30.0011538, -0.0095674, , , , , , , 30.0011538, 0.0030213, , , , , , , , , , , , , , , , , , , , , , , , , , , , 
30.0016731, 0.0381018, , , , , , , 30.0016731, -0.0058747, , , , , , , 30.0016731, -0.005539, , , , , , , 30.0016731, 0.0035248, , , , , , , , , , , , , , , , , , , , , , , , , , , , 
30.0021923, 0.0384375, , , , , , , 30.0021923, -0.0052033, , , , , , , 30.0021923, -0.0048676, , , , , , , 30.0021923, 0.0023499, , , , , , , , , , , , , , , , , , , , , , , , , , , , 
30.0027115, 0.0414588, , , , , , , 30.0027115, -0.0052033, , , , , , , 30.0027115, -0.0045319, , , , , , , 30.0027115, 0.002182, , , , , , , , , , , , , , , , , , , , , , , , , , , , 
30.0032308, 0.0488441, , , , , , , 30.0032308, -0.0065461, , , , , , , 30.0032308, -0.0045319, , , , , , , 30.0032308, 0.0010071, , , , , , , , , , , , , , , , , , , , , , , , , , , , 
30.00375, 0.0525368, , , , , , , 30.00375, -0.0082246, , , , , , , 30.00375, -0.0063783, , , , , , , 30.00375, -0.0077211, , , , , , , , , , , , , , , , , , , , , , , , , , , , 
30.0042692, 0.0538796, , , , , , , 30.0042692, -0.0082246, , , , , , , 30.0042692, -0.008896, , , , , , , 30.0042692, -0.0198062, , , , , , , , , , , , , , , , , , , , , , , , , , , , 
30.0047885, 0.0558938, , , , , , , 30.0047885, -0.0068818, , , , , , , 30.0047885, -0.0090639, , , , , , , 30.0047885, -0.0265202, , , , , , , , , , , , , , , , , , , , , , , , , , , , 
30.0053077, 0.0520333, , , , , , , 30.0053077, -0.0077211, , , , , , , 30.0053077, -0.0097353, , , , , , , 30.0053077, -0.026688, , , , , , , , , , , , , , , , , , , , , , , , , , , , 
30.0058269, 0.047837, , , , , , , 30.0058269, -0.0105745, , , , , , , 30.0058269, -0.0095674, , , , , , , 30.0058269, -0.0280308, , , , , , , , , , , , , , , , , , , , , , , , , , , , 
30.0063462, 0.0414588, , , , , , , 30.0063462, -0.0125887, , , , , , , 30.0063462, -0.0085603, , , , , , , 30.0063462, -0.030045, , , , , , , , , , , , , , , , , , , , , , , , , , , , 
30.0068654, 0.0260166, , , , , , , 30.0068654, -0.0124208, , , , , , , 30.0068654, -0.0092317, , , , , , , 30.0068654, -0.0290379, , , , , , , , , , , , , , , , , , , , , , , , , , , , 
30.0073846, 0.0099031, , , , , , , 30.0073846, -0.0095674, , , , , , , 30.0073846, -0.0092317, , , , , , , 30.0073846, -0.0236667, , , , , , , , , , , , , , , , , , , , , , , , , , , , 
30.0079038, -0.0041962, , , , , , , 30.0079038, -0.0068818, , , , , , , 30.0079038, -0.0068818, , , , , , , 30.0079038, -0.0142672, , , , , , , , , , , , , , , , , , , , , , , , , , , , 
30.0084231, -0.0216526, , , , , , , 30.0084231, -0.005539, , , , , , , 30.0084231, -0.0031891, , , , , , , 30.0084231, 0.0001678, , , , , , , , , , , , , , , , , , , , , , , , , , , , 
30.0089423, -0.0357519, , , , , , , 30.0089423, -0.0045319, , , , , , , 30.0089423, -0.0001678, , , , , , , 30.0089423, 0.0132601, , , , , , , , , , , , , , , , , , , , , , , , , , , , 
30.0094615, -0.0340734, , , , , , , 30.0094615, -0.0035248, , , , , , , 30.0094615, 0.0006714, , , , , , , 30.0094615, 0.0238346, , , , , , , , , , , , , , , , , , , , , , , , , , , , 
30.0099808, -0.0203098, , , , , , , 30.0099808, -0.0035248, , , , , , , 30.0099808, -0.0005035, , , , , , , 30.0099808, 0.0342412, , , , , , , , , , , , , , , , , , , , , , , , , , , , 
30.0105, -0.0092317, , , , , , , 30.0105, -0.005539, , , , , , , 30.0105, -0.0011749, , , , , , , 30.0105, 0.0417945, , , , , , , , , , , , , , , , , , , , , , , , , , , , 
30.0110192, -0.008896, , , , , , , 30.0110192, -0.0075532, , , , , , , 30.0110192, -0.0016785, , , , , , , 30.0110192, 0.0481727, , , , , , , , , , , , , , , , , , , , , , , , , , , , 
30.0115385, -0.01561, , , , , , , 30.0115385, -0.0095674, , , , , , , 30.0115385, -0.0008392, , , , , , , 30.0115385, 0.0552224, , , , , , , , , , , , , , , , , , , , , , , , , , , , 
30.0120577, -0.0196384, , , , , , , 30.0120577, -0.0102388, , , , , , , 30.0120577, -0.0001678, , , , , , , 30.0120577, 0.0629435, , , , , , , , , , , , , , , , , , , , , , , , , , , , 
30.0125769, -0.0164492, , , , , , , 30.0125769, -0.0075532, , , , , , , 30.0125769, 0.0018463, , , , , , , 30.0125769, 0.0674754, , , , , , , , , , , , , , , , , , , , , , , , , , , , 
30.0130962, -0.0151064, , , , , , , 30.0130962, -0.0068818, , , , , , , 30.0130962, 0.0035248, , , , , , , 30.0130962, 0.0669718, , , , , , , , , , , , , , , , , , , , , , , , , , , , 
30.0136154, -0.0152743, , , , , , , 30.0136154, -0.0082246, , , , , , , 30.0136154, 0.0031891, , , , , , , 30.0136154, 0.0609293, , , , , , , , , , , , , , , , , , , , , , , , , , , , 
30.0141346, -0.018967, , , , , , , 30.0141346, -0.0092317, , , , , , , 30.0141346, 0.0018463, , , , , , , 30.0141346, 0.0535439, , , , , , , , , , , , , , , , , , , , , , , , , , , , 
30.0146538, -0.0223239, , , , , , , 30.0146538, -0.0082246, , , , , , , 30.0146538, -0.0010071, , , , , , , 30.0146538, 0.0446479, , , , , , , , , , , , , , , , , , , , , , , , , , , , 
30.0151731, -0.0229953, , , , , , , 30.0151731, -0.0068818, , , , , , , 30.0151731, -0.0028534, , , , , , , 30.0151731, 0.0352483, , , , , , , , , , , , , , , , , , , , , , , , , , , , 
30.0156923, -0.0243381, , , , , , , 30.0156923, -0.0062104, , , , , , , 30.0156923, -0.0048676, , , , , , , 30.0156923, 0.026688, , , , , , , , , , , , , , , , , , , , , , , , , , , , 
30.0162115, -0.0271916, , , , , , , 30.0162115, -0.0070497, , , , , , , 30.0162115, -0.0053712, , , , , , , 30.0162115, 0.021149, , , , , , , , , , , , , , , , , , , , , , , , , , , , 
30.0167308, -0.0243381, , , , , , , 30.0167308, -0.0102388, , , , , , , 30.0167308, -0.005539, , , , , , , 30.0167308, 0.0176242, , , , , , , , , , , , , , , , , , , , , , , , , , , , 
30.01725, -0.0125887, , , , , , , 30.01725, -0.012253, , , , , , , 30.01725, -0.0082246, , , , , , , 30.01725, 0.014435, , , , , , , , , , , , , , , , , , , , , , , , , , , , 
30.0177692, -0.0018463, , , , , , , 30.0177692, -0.0112459, , , , , , , 30.0177692, -0.0102388, , , , , , , 30.0177692, 0.0119173, , , , , , , , , , , , , , , , , , , , , , , , , , , , 
30.0182885, 0.0001678, , , , , , , 30.0182885, -0.0109102, , , , , , , 30.0182885, -0.0095674, , , , , , , 30.0182885, 0.0085603, , , , , , , , , , , , , , , , , , , , , , , , , , , , 
30.0188077, 0.0010071, , , , , , , 30.0188077, -0.0112459, , , , , , , 30.0188077, -0.008896, , , , , , , 30.0188077, 0.0060426, , , , , , , , , , , , , , , , , , , , , , , , , , , , 
30.0193269, 0.0125887, , , , , , , 30.0193269, -0.0095674, , , , , , , 30.0193269, -0.0102388, , , , , , , 30.0193269, 0.0052033, , , , , , , , , , , , , , , , , , , , , , , , , , , , 
30.0198462, 0.0313878, , , , , , , 30.0198462, -0.0095674, , , , , , , 30.0198462, -0.0105745, , , , , , , 30.0198462, 0.0045319, , , , , , , , , , , , , , , , , , , , , , , , , , , , 
30.0203654, 0.0454871, , , , , , , 30.0203654, -0.0085603, , , , , , , 30.0203654, -0.0085603, , , , , , , 30.0203654, 0.0016785, , , , , , , , , , , , , , , , , , , , , , , , , , , , 
30.0208846, 0.0585794, , , , , , , 30.0208846, -0.0072175, , , , , , , 30.0208846, -0.005539, , , , , , , 30.0208846, -0.0001678, , , , , , , , , , , , , , , , , , , , , , , , , , , , 
30.0214038, 0.0708324, , , , , , , 30.0214038, -0.005539, , , , , , , 30.0214038, -0.0065461, , , , , , , 30.0214038, -0.0008392, , , , , , , , , , , , , , , , , , , , , , , , , , , , 
30.0219231, 0.0693217, , , , , , , 30.0219231, -0.0058747, , , , , , , 30.0219231, -0.0085603, , , , , , , 30.0219231, -0.0015106, , , , , , , , , , , , , , , , , , , , , , , , , , , , 
30.0224423, 0.0542153, , , , , , , 30.0224423, -0.0073854, , , , , , , 30.0224423, -0.0082246, , , , , , , 30.0224423, 0.0003357, , , , , , , , , , , , , , , , , , , , , , , , , , , , 
30.0229615, 0.040116, , , , , , , 30.0229615, -0.0078889, , , , , , , 30.0229615, -0.008896, , , , , , , 30.0229615, 0.0016785, , , , , , , , , , , , , , , , , , , , , , , , , , , , 
30.0234808, 0.0337377, , , , , , , 30.0234808, -0.0102388, , , , , , , 30.0234808, -0.0132601, , , , , , , 30.0234808, -0.0038605, , , , , , , , , , , , , , , , , , , , , , , , , , , , 
30.024, 0.0318914, , , , , , , 30.024, -0.0125887, , , , , , , 30.024, -0.0172885, , , , , , , 30.024, -0.0162814, , , , , , , , , , , , , , , , , , , , , , , , , , , , 
30.0245192, 0.0340734, , , , , , , 30.0245192, -0.012253, , , , , , , 30.0245192, -0.0196384, , , , , , , 30.0245192, -0.0270237, , , , , , , , , , , , , , , , , , , , , , , , , , , , 
30.0250385, 0.0404517, , , , , , , 30.0250385, -0.0109102, , , , , , , 30.0250385, -0.0223239, , , , , , , 30.0250385, -0.0280308, , , , , , , , , , , , , , , , , , , , , , , , , , , , 
30.0255577, 0.0421302, , , , , , , 30.0255577, -0.0097353, , , , , , , 30.0255577, -0.0223239, , , , , , , 30.0255577, -0.0290379, , , , , , , , , , , , , , , , , , , , , , , , , , , , 
30.0260769, 0.0409552, , , , , , , 30.0260769, -0.0082246, , , , , , , 30.0260769, -0.0182956, , , , , , , 30.0260769, -0.0310521, , , , , , , , , , , , , , , , , , , , , , , , , , , , 
30.0265962, 0.036759, , , , , , , 30.0265962, -0.008896, , , , , , , 30.0265962, -0.0162814, , , , , , , 30.0265962, -0.0297093, , , , , , , , , , , , , , , , , , , , , , , , , , , , 
30.0271154, 0.030045, , , , , , , 30.0271154, -0.0095674, , , , , , , 30.0271154, -0.0169528, , , , , , , 30.0271154, -0.0224918, , , , , , , , , , , , , , , , , , , , , , , , , , , , 
30.0276346, 0.0213169, , , , , , , 30.0276346, -0.0072175, , , , , , , 30.0276346, -0.0154421, , , , , , , 30.0276346, -0.0105745, , , , , , , , , , , , , , , , , , , , , , , , , , , , 
30.0281538, 0.0095674, , , , , , , 30.0281538, -0.0070497, , , , , , , 30.0281538, -0.012253, , , , , , , 30.0281538, 0.0015106, , , , , , , , , , , , , , , , , , , , , , , , , , , , 
30.0286731, -0.0005035, , , , , , , 30.0286731, -0.0075532, , , , , , , 30.0286731, -0.0109102, , , , , , , 30.0286731, 0.0102388, , , , , , , , , , , , , , , , , , , , , , , , , , , , 
30.0291923, 0.0018463, , , , , , , 30.0291923, -0.0078889, , , , , , , 30.0291923, -0.0102388, , , , , , , 30.0291923, 0.0191348, , , , , , , , , , , , , , , , , , , , , , , , , , , , 
30.0297115, 0.0129244, , , , , , , 30.0297115, -0.008896, , , , , , , 30.0297115, -0.0104067, , , , , , , 30.0297115, 0.030045, , , , , , , , , , , , , , , , , , , , , , , , , , , , 
30.0302308, 0.0152743, , , , , , , 30.0302308, -0.0075532, , , , , , , 30.0302308, -0.0075532, , , , , , , 30.0302308, 0.0428016, , , , , , , , , , , , , , , , , , , , , , , , , , , , 
30.03075, 0.0065461, , , , , , , 30.03075, -0.0057069, , , , , , , 30.03075, -0.002182, , , , , , , 30.03075, 0.0518654, , , , , , , , , , , , , , , , , , , , , , , , , , , , 
30.0312692, -0.0041962, , , , , , , 30.0312692, -0.0068818, , , , , , , 30.0312692, 0.0001678, , , , , , , 30.0312692, 0.0587472, , , , , , , , , , , , , , , , , , , , , , , , , , , , 
30.0317885, -0.0083925, , , , , , , 30.0317885, -0.0065461, , , , , , , 30.0317885, 0.0001678, , , , , , , 30.0317885, 0.0649577, , , , , , , , , , , , , , , , , , , , , , , , , , , , 
30.0323077, -0.008896, , , , , , , 30.0323077, -0.0031891, , , , , , , 30.0323077, -0.0015106, , , , , , , 30.0323077, 0.0716716, , , , , , , , , , , , , , , , , , , , , , , , , , , , 
30.0328269, -0.0075532, , , , , , , 30.0328269, -0.0028534, , , , , , , 30.0328269, -0.002182, , , , , , , 30.0328269, 0.0763714, , , , , , , , , , , , , , , , , , , , , , , , , , , , 
30.0333462, -0.0052033, , , , , , , 30.0333462, -0.0057069, , , , , , , 30.0333462, -0.002182, , , , , , , 30.0333462, 0.0762036, , , , , , , , , , , , , , , , , , , , , , , , , , , , 
30.0338654, -0.0038605, , , , , , , 30.0338654, -0.0085603, , , , , , , 30.0338654, -0.0025177, , , , , , , 30.0338654, 0.0676432, , , , , , , , , , , , , , , , , , , , , , , , , , , , 
30.0343846, -0.0001678, , , , , , , 30.0343846, -0.0082246, , , , , , , 30.0343846, -0.0028534, , , , , , , 30.0343846, 0.0552224, , , , , , , , , , , , , , , , , , , , , , , , , , , , 
30.0349038, 0.0048676, , , , , , , 30.0349038, -0.0070497, , , , , , , 30.0349038, -0.0041962, , , , , , , 30.0349038, 0.0428016, , , , , , , , , , , , , , , , , , , , , , , , , , , , 
30.0354231, 0.0085603, , , , , , , 30.0354231, -0.0068818, , , , , , , 30.0354231, -0.0050355, , , , , , , 30.0354231, 0.0339055, , , , , , , , , , , , , , , , , , , , , , , , , , , , 
30.0359423, 0.0112459, , , , , , , 30.0359423, -0.0050355, , , , , , , 30.0359423, -0.0062104, , , , , , , 30.0359423, 0.0280308, , , , , , , , , , , , , , , , , , , , , , , , , , , , 
30.0364615, 0.0060426, , , , , , , 30.0364615, -0.0041962, , , , , , , 30.0364615, -0.0085603, , , , , , , 30.0364615, 0.023331, , , , , , , , , , , , , , , , , , , , , , , , , , , , 
30.0369808, -0.0005035, , , , , , , 30.0369808, -0.0062104, , , , , , , 30.0369808, -0.011078, , , , , , , 30.0369808, 0.0186313, , , , , , , , , , , , , , , , , , , , , , , , , , , , 
30.0375, 0.0045319, , , , , , , 30.0375, -0.0070497, , , , , , , 30.0375, -0.012253, , , , , , , 30.0375, 0.0151064, , , , , , , , , , , , , , , , , , , , , , , , , , , , 
30.0380192, 0.0179599, , , , , , , 30.0380192, -0.008896, , , , , , , 30.0380192, -0.0115816, , , , , , , 30.0380192, 0.0130922, , , , , , , , , , , , , , , , , , , , , , , , , , , , 
30.0385385, 0.0337377, , , , , , , 30.0385385, -0.0112459, , , , , , , 30.0385385, -0.0092317, , , , , , , 30.0385385, 0.0129244, , , , , , , , , , , , , , , , , , , , , , , , , , , , 
30.0390577, 0.047837, , , , , , , 30.0390577, -0.0102388, , , , , , , 30.0390577, -0.0082246, , , , , , , 30.0390577, 0.0125887, , , , , , , , , , , , , , , , , , , , , , , , , , , , 
30.0395769, 0.0589151, , , , , , , 30.0395769, -0.0077211, , , , , , , 30.0395769, -0.0082246, , , , , , , 30.0395769, 0.0095674, , , , , , , , , , , , , , , , , , , , , , , , , , , , 
30.0400962, 0.0636149, , , , , , , 30.0400962, -0.0065461, , , , , , , 30.0400962, -0.0078889, , , , , , , 30.0400962, 0.005539, , , , , , , , , , , , , , , , , , , , , , , , , , , , 
30.0406154, 0.0505226, , , , , , , 30.0406154, -0.0075532, , , , , , , 30.0406154, -0.0072175, , , , , , , 30.0406154, 0.0031891, , , , , , , , , , , , , , , , , , , , , , , , , , , , 
30.0411346, 0.0347448, , , , , , , 30.0411346, -0.0087282, , , , , , , 30.0411346, -0.0058747, , , , , , , 30.0411346, 0.0025177, , , , , , , , , , , , , , , , , , , , , , , , , , , , 
30.0416538, 0.0339055, , , , , , , 30.0416538, -0.0085603, , , , , , , 30.0416538, -0.0048676, , , , , , , 30.0416538, 0.0035248, , , , , , , , , , , , , , , , , , , , , , , , , , , , 
30.0421731, 0.0347448, , , , , , , 30.0421731, -0.0068818, , , , , , , 30.0421731, -0.0045319, , , , , , , 30.0421731, 0.0045319, , , , , , , , , , , , , , , , , , , , , , , , , , , , 
30.0426923, 0.0340734, , , , , , , 30.0426923, -0.0028534, , , , , , , 30.0426923, -0.0052033, , , , , , , 30.0426923, 0.0045319, , , , , , , , , , , , , , , , , , , , , , , , , , , , 
30.0432115, 0.0359197, , , , , , , 30.0432115, -0.0018463, , , , , , , 30.0432115, -0.0065461, , , , , , , 30.0432115, -0.0005035, , , , , , , , , , , , , , , , , , , , , , , , , , , , 
30.0437308, 0.0412909, , , , , , , 30.0437308, -0.0052033, , , , , , , 30.0437308, -0.0097353, , , , , , , 30.0437308, -0.012253, , , , , , , , , , , , , , , , , , , , , , , , , , , , 
30.04425, 0.0542153, , , , , , , 30.04425, -0.0082246, , , , , , , 30.04425, -0.0130922, , , , , , , 30.04425, -0.0243381, , , , , , , , , , , , , , , , , , , , , , , , , , , , 
30.0447692, 0.0755322, , , , , , , 30.0447692, -0.0085603, , , , , , , 30.0447692, -0.0157778, , , , , , , 30.0447692, -0.0303807, , , , , , , , , , , , , , , , , , , , , , , , , , , , 
30.0452885, 0.0884565, , , , , , , 30.0452885, -0.008896, , , , , , , 30.0452885, -0.0162814, , , , , , , 30.0452885, -0.0305486, , , , , , , , , , , , , , , , , , , , , , , , , , , , 
30.0458077, 0.0710002, , , , , , , 30.0458077, -0.0085603, , , , , , , 30.0458077, -0.0137636, , , , , , , 30.0458077, -0.0280308, , , , , , , , , , , , , , , , , , , , , , , , , , , , 
30.0463269, 0.0428016, , , , , , , 30.0463269, -0.0085603, , , , , , , 30.0463269, -0.0115816, , , , , , , 30.0463269, -0.0285344, , , , , , , , , , , , , , , , , , , , , , , , , , , , 
30.0468462, 0.0276951, , , , , , , 30.0468462, -0.0085603, , , , , , , 30.0468462, -0.0135958, , , , , , , 30.0468462, -0.0297093, , , , , , , , , , , , , , , , , , , , , , , , , , , , 
30.0473654, 0.0276951, , , , , , , 30.0473654, -0.0085603, , , , , , , 30.0473654, -0.0137636, , , , , , , 30.0473654, -0.0236667, , , , , , , , , , , , , , , , , , , , , , , , , , , , 
30.0478846, 0.0303807, , , , , , , 30.0478846, -0.0078889, , , , , , , 30.0478846, -0.0146029, , , , , , , 30.0478846, -0.012253, , , , , , , , , , , , , , , , , , , , , , , , , , , , 
30.0484038, 0.0224918, , , , , , , 30.0484038, -0.0095674, , , , , , , 30.0484038, -0.0142672, , , , , , , 30.0484038, -0.002182, , , , , , , , , , , , , , , , , , , , , , , , , , , , 
30.0489231, 0.012253, , , , , , , 30.0489231, -0.0125887, , , , , , , 30.0489231, -0.0135958, , , , , , , 30.0489231, 0.0052033, , , , , , , , , , , , , , , , , , , , , , , , , , , , 
30.0494423, 0.0151064, , , , , , , 30.0494423, -0.0115816, , , , , , , 30.0494423, -0.0119173, , , , , , , 30.0494423, 0.0130922, , , , , , , , , , , , , , , , , , , , , , , , , , , , 
30.0499615, 0.0307164, , , , , , , 30.0499615, -0.0062104, , , , , , , 30.0499615, -0.0105745, , , , , , , 30.0499615, 0.0236667, , , , , , , , , , , , , , , , , , , , , , , , , , , , 
30.0504808, 0.0381018, , , , , , , 30.0504808, -0.002182, , , , , , , 30.0504808, -0.0095674, , , , , , , 30.0504808, 0.0339055, , , , , , , , , , , , , , , , , , , , , , , , , , , , 
30.051, 0.0139315, , , , , , , 30.051, -0.0008392, , , , , , , 30.051, -0.005539, , , , , , , 30.051, 0.0426337, , , , , , , , , , , , , , , , , , , , , , , , , , , , 
30.0515192, -0.0260166, , , , , , , 30.0515192, -0.0020142, , , , , , , 30.0515192, -0.0018463, , , , , , , 30.0515192, 0.0488441, , , , , , , , , , , , , , , , , , , , , , , , , , , , 
30.0520385, -0.054551, , , , , , , 30.0520385, -0.0028534, , , , , , , 30.0520385, -0.002182, , , , , , , 30.0520385, 0.0513619, , , , , , , , , , , , , , , , , , , , , , , , , , , , 
30.0525577, -0.068986, , , , , , , 30.0525577, -0.0028534, , , , , , , 30.0525577, -0.0043641, , , , , , , 30.0525577, 0.0515297, , , , , , , , , , , , , , , , , , , , , , , , , , , , 
30.0530769, -0.0693217, , , , , , , 30.0530769, -0.0043641, , , , , , , 30.0530769, -0.0048676, , , , , , , 30.0530769, 0.0535439, , , , , , , , , , , , , , , , , , , , , , , , , , , , 
30.0535962, -0.0555581, , , , , , , 30.0535962, -0.0075532, , , , , , , 30.0535962, -0.0057069, , , , , , , 30.0535962, 0.0528725, , , , , , , , , , , , , , , , , , , , , , , , , , , , 
30.0541154, -0.035584, , , , , , , 30.0541154, -0.0102388, , , , , , , 30.0541154, -0.0072175, , , , , , , 30.0541154, 0.0441444, , , , , , , , , , , , , , , , , , , , , , , , , , , , 
30.0546346, -0.0159457, , , , , , , 30.0546346, -0.0112459, , , , , , , 30.0546346, -0.0062104, , , , , , , 30.0546346, 0.0315557, , , , , , , , , , , , , , , , , , , , , , , , , , , , 
30.0551538, -0.0057069, , , , , , , 30.0551538, -0.0109102, , , , , , , 30.0551538, -0.0031891, , , , , , , 30.0551538, 0.0246738, , , , , , , , , , , , , , , , , , , , , , , , , , , , 
30.0556731, -0.0005035, , , , , , , 30.0556731, -0.0129244, , , , , , , 30.0556731, -0.0036927, , , , , , , 30.0556731, 0.0219883, , , , , , , , , , , , , , , , , , , , , , , , , , , , 
30.0561923, 0.0038605, , , , , , , 30.0561923, -0.0139315, , , , , , , 30.0561923, -0.0048676, , , , , , , 30.0561923, 0.0179599, , , , , , , , , , , , , , , , , , , , , , , , , , , , 
30.0567115, -0.0018463, , , , , , , 30.0567115, -0.012253, , , , , , , 30.0567115, -0.005539, , , , , , , 30.0567115, 0.0130922, , , , , , , , , , , , , , , , , , , , , , , , , , , , 
30.0572308, -0.0152743, , , , , , , 30.0572308, -0.012253, , , , , , , 30.0572308, -0.0082246, , , , , , , 30.0572308, 0.0085603, , , , , , , , , , , , , , , , , , , , , , , , , , , , 
30.05775, -0.0219883, , , , , , , 30.05775, -0.0112459, , , , , , , 30.05775, -0.0085603, , , , , , , 30.05775, 0.0075532, , , , , , , , , , , , , , , , , , , , , , , , , , , , 
30.0582692, -0.0223239, , , , , , , 30.0582692, -0.0095674, , , , , , , 30.0582692, -0.005539, , , , , , , 30.0582692, 0.0078889, , , , , , , , , , , , , , , , , , , , , , , , , , , , 
30.0587885, -0.018967, , , , , , , 30.0587885, -0.008896, , , , , , , 30.0587885, -0.0041962, , , , , , , 30.0587885, 0.0065461, , , , , , , , , , , , , , , , , , , , , , , , , , , , 
30.0593077, -0.0162814, , , , , , , 30.0593077, -0.0092317, , , , , , , 30.0593077, -0.0041962, , , , , , , 30.0593077, 0.005539, , , , , , , , , , , , , , , , , , , , , , , , , , , , 
30.0598269, -0.005539, , , , , , , 30.0598269, -0.0090639, , , , , , , 30.0598269, -0.0035248, , , , , , , 30.0598269, 0.0052033, , , , , , , , , , , , , , , , , , , , , , , , , , , , 
30.0603462, 0.0114137, , , , , , , 30.0603462, -0.0075532, , , , , , , 30.0603462, -0.0026856, , , , , , , 30.0603462, 0.0036927, , , , , , , , , , , , , , , , , , , , , , , , , , , , 
30.0608654, 0.0246738, , , , , , , 30.0608654, -0.0083925, , , , , , , 30.0608654, -0.0028534, , , , , , , 30.0608654, 0.0001678, , , , , , , , , , , , , , , , , , , , , , , , , , , , 
30.0613846, 0.033402, , , , , , , 30.0613846, -0.0090639, , , , , , , 30.0613846, -0.0038605, , , , , , , 30.0613846, -0.0015106, , , , , , , , , , , , , , , , , , , , , , , , , , , , 
30.0619038, 0.0428016, , , , , , , 30.0619038, -0.0078889, , , , , , , 30.0619038, -0.005539, , , , , , , 30.0619038, -0.0005035, , , , , , , , , , , , , , , , , , , , , , , , , , , , 
30.0624231, 0.0488441, , , , , , , 30.0624231, -0.0062104, , , , , , , 30.0624231, -0.0072175, , , , , , , 30.0624231, 0.0003357, , , , , , , , , , , , , , , , , , , , , , , , , , , , 
30.0629423, 0.0515297, , , , , , , 30.0629423, -0.005539, , , , , , , 30.0629423, -0.0082246, , , , , , , 30.0629423, -0.0008392, , , , , , , , , , , , , , , , , , , , , , , , , , , , 
30.0634615, 0.051194, , , , , , , 30.0634615, -0.0083925, , , , , , , 30.0634615, -0.0090639, , , , , , , 30.0634615, -0.0048676, , , , , , , , , , , , , , , , , , , , , , , , , , , , 
30.0639808, 0.0476692, , , , , , , 30.0639808, -0.0109102, , , , , , , 30.0639808, -0.0125887, , , , , , , 30.0639808, -0.0149386, , , , , , , , , , , , , , , , , , , , , , , , , , , , 
30.0645, 0.0411231, , , , , , , 30.0645, -0.0085603, , , , , , , 30.0645, -0.0146029, , , , , , , 30.0645, -0.0236667, , , , , , , , , , , , , , , , , , , , , , , , , , , , 
30.0650192, 0.0344091, , , , , , , 30.0650192, -0.0065461, , , , , , , 30.0650192, -0.0151064, , , , , , , 30.0650192, -0.0290379, , , , , , , , , , , , , , , , , , , , , , , , , , , , 
30.0655385, 0.0303807, , , , , , , 30.0655385, -0.0075532, , , , , , , 30.0655385, -0.0154421, , , , , , , 30.0655385, -0.0323949, , , , , , , , , , , , , , , , , , , , , , , , , , , , 
30.0660577, 0.0293736, , , , , , , 30.0660577, -0.0077211, , , , , , , 30.0660577, -0.0162814, , , , , , , 30.0660577, -0.0330663, , , , , , , , , , , , , , , , , , , , , , , , , , , , 
30.0665769, 0.0287022, , , , , , , 30.0665769, -0.0072175, , , , , , , 30.0665769, -0.0149386, , , , , , , 30.0665769, -0.0313878, , , , , , , , , , , , , , , , , , , , , , , , , , , , 
30.0670962, 0.0229953, , , , , , , 30.0670962, -0.0075532, , , , , , , 30.0670962, -0.0149386, , , , , , , 30.0670962, -0.0265202, , , , , , , , , , , , , , , , , , , , , , , , , , , , 
30.0676154, 0.0129244, , , , , , , 30.0676154, -0.0075532, , , , , , , 30.0676154, -0.0135958, , , , , , , 30.0676154, -0.0182956, , , , , , , , , , , , , , , , , , , , , , , , , , , , 
30.0681346, 0.0008392, , , , , , , 30.0681346, -0.0043641, , , , , , , 30.0681346, -0.0125887, , , , , , , 30.0681346, -0.0077211, , , , , , , , , , , , , , , , , , , , , , , , , , , , 
30.0686538, -0.0097353, , , , , , , 30.0686538, -0.0016785, , , , , , , 30.0686538, -0.0129244, , , , , , , 30.0686538, 0.0031891, , , , , , , , , , , , , , , , , , , , , , , , , , , , 
30.0691731, -0.0169528, , , , , , , 30.0691731, -0.0030213, , , , , , , 30.0691731, -0.0109102, , , , , , , 30.0691731, 0.0107424, , , , , , , , , , , , , , , , , , , , , , , , , , , , 
30.0696923, -0.0219883, , , , , , , 30.0696923, -0.0045319, , , , , , , 30.0696923, -0.0068818, , , , , , , 30.0696923, 0.0169528, , , , , , , , , , , , , , , , , , , , , , , , , , , , 
30.0702115, -0.030045, , , , , , , 30.0702115, -0.0035248, , , , , , , 30.0702115, -0.0045319, , , , , , , 30.0702115, 0.0293736, , , , , , , , , , , , , , , , , , , , , , , , , , , , 
30.0707308, -0.0364233, , , , , , , 30.0707308, -0.0041962, , , , , , , 30.0707308, -0.0028534, , , , , , , 30.0707308, 0.0414588, , , , , , , , , , , , , , , , , , , , , , , , , , , , 
30.07125, -0.0330663, , , , , , , 30.07125, -0.0062104, , , , , , , 30.07125, -0.0018463, , , , , , , 30.07125, 0.0488441, , , , , , , , , , , , , , , , , , , , , , , , , , , , 
30.0717692, -0.0297093, , , , , , , 30.0717692, -0.0068818, , , , , , , 30.0717692, -0.0015106, , , , , , , 30.0717692, 0.0558938, , , , , , , , , , , , , , , , , , , , , , , , , , , , 
30.0722885, -0.0229953, , , , , , , 30.0722885, -0.0052033, , , , , , , 30.0722885, 0.0005035, , , , , , , 30.0722885, 0.0602579, , , , , , , , , , , , , , , , , , , , , , , , , , , , 
30.0728077, -0.0172885, , , , , , , 30.0728077, -0.0045319, , , , , , , 30.0728077, -0.0003357, , , , , , , 30.0728077, 0.0641184, , , , , , , , , , , , , , , , , , , , , , , , , , , , 
30.0733269, -0.0179599, , , , , , , 30.0733269, -0.0052033, , , , , , , 30.0733269, -0.0028534, , , , , , , 30.0733269, 0.0663005, , , , , , , , , , , , , , , , , , , , , , , , , , , , 
30.0738462, -0.0213169, , , , , , , 30.0738462, -0.0075532, , , , , , , 30.0738462, -0.0038605, , , , , , , 30.0738462, 0.0587472, , , , , , , , , , , , , , , , , , , , , , , , , , , , 
30.0743654, -0.0176242, , , , , , , 30.0743654, -0.0095674, , , , , , , 30.0743654, -0.0041962, , , , , , , 30.0743654, 0.0431373, , , , , , , , , , , , , , , , , , , , , , , , , , , , 
30.0748846, -0.008896, , , , , , , 30.0748846, -0.0099031, , , , , , , 30.0748846, -0.0031891, , , , , , , 30.0748846, 0.0317235, , , , , , , , , , , , , , , , , , , , , , , , , , , , 
30.0754038, -0.0005035, , , , , , , 30.0754038, -0.0112459, , , , , , , 30.0754038, -0.0018463, , , , , , , 30.0754038, 0.0253452, , , , , , , , , , , , , , , , , , , , , , , , , , , , 
30.0759231, 0.002182, , , , , , , 30.0759231, -0.0109102, , , , , , , 30.0759231, -0.0018463, , , , , , , 30.0759231, 0.0199741, , , , , , , , , , , , , , , , , , , , , , , , , , , , 
30.0764423, 0.0025177, , , , , , , 30.0764423, -0.0105745, , , , , , , 30.0764423, -0.002182, , , , , , , 30.0764423, 0.0152743, , , , , , , , , , , , , , , , , , , , , , , , , , , , 
30.0769615, 0.0045319, , , , , , , 30.0769615, -0.0109102, , , , , , , 30.0769615, -0.0028534, , , , , , , 30.0769615, 0.0115816, , , , , , , , , , , , , , , , , , , , , , , , , , , , 
30.0774808, 0.0075532, , , , , , , 30.0774808, -0.0102388, , , , , , , 30.0774808, -0.0028534, , , , , , , 30.0774808, 0.0092317, , , , , , , , , , , , , , , , , , , , , , , , , , , , 
30.078, 0.0135958, , , , , , , 30.078, -0.0075532, , , , , , , 30.078, -0.0041962, , , , , , , 30.078, 0.0065461, , , , , , , , , , , , , , , , , , , , , , , , , , , , 
30.0785192, 0.0243381, , , , , , , 30.0785192, -0.0041962, , , , , , , 30.0785192, -0.0058747, , , , , , , 30.0785192, 0.002182, , , , , , , , , , , , , , , , , , , , , , , , , , , , 
30.0790385, 0.0320592, , , , , , , 30.0790385, -0.0028534, , , , , , , 30.0790385, -0.0072175, , , , , , , 30.0790385, 0.0005035, , , , , , , , , , , , , , , , , , , , , , , , , , , , 
30.0795577, 0.0330663, , , , , , , 30.0795577, -0.0041962, , , , , , , 30.0795577, -0.0075532, , , , , , , 30.0795577, 0.0011749, , , , , , , , , , , , , , , , , , , , , , , , , , , , 
30.0800769, 0.027863, , , , , , , 30.0800769, -0.0068818, , , , , , , 30.0800769, -0.0082246, , , , , , , 30.0800769, 0.0005035, , , , , , , , , , , , , , , , , , , , , , , , , , , , 
30.0805962, 0.0238346, , , , , , , 30.0805962, -0.008896, , , , , , , 30.0805962, -0.0075532, , , , , , , 30.0805962, 0.0031891, , , , , , , , , , , , , , , , , , , , , , , , , , , , 
30.0811154, 0.0260166, , , , , , , 30.0811154, -0.0099031, , , , , , , 30.0811154, -0.0062104, , , , , , , 30.0811154, 0.008896, , , , , , , , , , , , , , , , , , , , , , , , , , , , 
30.0816346, 0.0317235, , , , , , , 30.0816346, -0.0099031, , , , , , , 30.0816346, -0.005539, , , , , , , 30.0816346, 0.0115816, , , , , , , , , , , , , , , , , , , , , , , , , , , , 
30.0821538, 0.0327306, , , , , , , 30.0821538, -0.0099031, , , , , , , 30.0821538, -0.0068818, , , , , , , 30.0821538, 0.0104067, , , , , , , , , , , , , , , , , , , , , , , , , , , , 
30.0826731, 0.0240024, , , , , , , 30.0826731, -0.0109102, , , , , , , 30.0826731, -0.0078889, , , , , , , 30.0826731, 0.0109102, , , , , , , , , , , , , , , , , , , , , , , , , , , , 
30.0831923, 0.0105745, , , , , , , 30.0831923, -0.0102388, , , , , , , 30.0831923, -0.0087282, , , , , , , 30.0831923, 0.0083925, , , , , , , , , , , , , , , , , , , , , , , , , , , , 
30.0837115, 0.0045319, , , , , , , 30.0837115, -0.0102388, , , , , , , 30.0837115, -0.0085603, , , , , , , 30.0837115, -0.0025177, , , , , , , , , , , , , , , , , , , , , , , , , , , , 
30.0842308, 0.0104067, , , , , , , 30.0842308, -0.0085603, , , , , , , 30.0842308, -0.0109102, , , , , , , 30.0842308, -0.0149386, , , , , , , , , , , , , , , , , , , , , , , , , , , , 
30.08475, 0.0248417, , , , , , , 30.08475, -0.0058747, , , , , , , 30.08475, -0.0129244, , , , , , , 30.08475, -0.0229953, , , , , , , , , , , , , , , , , , , , , , , , , , , , 
30.0852692, 0.0372625, , , , , , , 30.0852692, -0.0031891, , , , , , , 30.0852692, -0.0142672, , , , , , , 30.0852692, -0.0256809, , , , , , , , , , , , , , , , , , , , , , , , , , , , 
30.0857885, 0.0438087, , , , , , , 30.0857885, -0.0011749, , , , , , , 30.0857885, -0.0135958, , , , , , , 30.0857885, -0.0271916, , , , , , , , , , , , , , , , , , , , , , , , , , , , 
30.0863077, 0.0428016, , , , , , , 30.0863077, -0.0025177, , , , , , , 30.0863077, -0.0125887, , , , , , , 30.0863077, -0.0270237, , , , , , , , , , , , , , , , , , , , , , , , , , , , 
30.0868269, 0.0431373, , , , , , , 30.0868269, -0.0065461, , , , , , , 30.0868269, -0.0130922, , , , , , , 30.0868269, -0.0226596, , , , , , , , , , , , , , , , , , , , , , , , , , , , 
30.0873462, 0.0419623, , , , , , , 30.0873462, -0.0082246, , , , , , , 30.0873462, -0.0125887, , , , , , , 30.0873462, -0.0166171, , , , , , , , , , , , , , , , , , , , , , , , , , , , 
30.0878654, 0.0381018, , , , , , , 30.0878654, -0.0052033, , , , , , , 30.0878654, -0.0109102, , , , , , , 30.0878654, -0.0068818, , , , , , , , , , , , , , , , , , , , , , , , , , , , 
30.0883846, 0.0340734, , , , , , , 30.0883846, -0.0028534, , , , , , , 30.0883846, -0.0105745, , , , , , , 30.0883846, 0.0043641, , , , , , , , , , , , , , , , , , , , , , , , , , , , 
30.0889038, 0.0327306, , , , , , , 30.0889038, -0.0018463, , , , , , , 30.0889038, -0.0102388, , , , , , , 30.0889038, 0.0119173, , , , , , , , , , , , , , , , , , , , , , , , , , , , 
30.0894231, 0.0339055, , , , , , , 30.0894231, -0.0038605, , , , , , , 30.0894231, -0.0095674, , , , , , , 30.0894231, 0.0179599, , , , , , , , , , , , , , , , , , , , , , , , , , , , 
30.0899423, 0.0287022, , , , , , , 30.0899423, -0.0062104, , , , , , , 30.0899423, -0.0075532, , , , , , , 30.0899423, 0.0283665, , , , , , , , , , , , , , , , , , , , , , , , , , , , 
30.0904615, 0.0231632, , , , , , , 30.0904615, -0.0072175, , , , , , , 30.0904615, -0.0035248, , , , , , , 30.0904615, 0.0417945, , , , , , , , , , , , , , , , , , , , , , , , , , , , 
30.0909808, 0.0193027, , , , , , , 30.0909808, -0.0068818, , , , , , , 30.0909808, -0.0011749, , , , , , , 30.0909808, 0.0513619, , , , , , , , , , , , , , , , , , , , , , , , , , , , 
30.0915, 0.0062104, , , , , , , 30.0915, -0.0052033, , , , , , , 30.0915, -0.0008392, , , , , , , 30.0915, 0.0585794, , , , , , , , , , , , , , , , , , , , , , , , , , , , 
30.0920192, -0.0135958, , , , , , , 30.0920192, -0.0041962, , , , , , , 30.0920192, -0.0015106, , , , , , , 30.0920192, 0.0656291, , , , , , , , , , , , , , , , , , , , , , , , , , , , 
30.0925385, -0.0297093, , , , , , , 30.0925385, -0.005539, , , , , , , 30.0925385, 0.0001678, , , , , , , 30.0925385, 0.0696574, , , , , , , , , , , , , , , , , , , , , , , , , , , , 
30.0930577, -0.0381018, , , , , , , 30.0930577, -0.0075532, , , , , , , 30.0930577, 0.0005035, , , , , , , 30.0930577, 0.0703288, , , , , , , , , , , , , , , , , , , , , , , , , , , , 
30.0935769, -0.0391089, , , , , , , 30.0935769, -0.0112459, , , , , , , 30.0935769, -0.002182, , , , , , , 30.0935769, 0.0669718, , , , , , , , , , , , , , , , , , , , , , , , , , , , 
30.0940962, -0.0345769, , , , , , , 30.0940962, -0.0135958, , , , , , , 30.0940962, -0.0048676, , , , , , , 30.0940962, 0.0572366, , , , , , , , , , , , , , , , , , , , , , , , , , , , 
30.0946154, -0.0339055, , , , , , , 30.0946154, -0.0125887, , , , , , , 30.0946154, -0.0048676, , , , , , , 30.0946154, 0.047837, , , , , , , , , , , , , , , , , , , , , , , , , , , , 
30.0951346, -0.0357519, , , , , , , 30.0951346, -0.0115816, , , , , , , 30.0951346, -0.0028534, , , , , , , 30.0951346, 0.0397803, , , , , , , , , , , , , , , , , , , , , , , , , , , , 
30.0956538, -0.0263523, , , , , , , 30.0956538, -0.0112459, , , , , , , 30.0956538, -0.0035248, , , , , , , 30.0956538, 0.0318914, , , , , , , , , , , , , , , , , , , , , , , , , , , , 
30.0961731, -0.0052033, , , , , , , 30.0961731, -0.0109102, , , , , , , 30.0961731, -0.0048676, , , , , , , 30.0961731, 0.0246738, , , , , , , , , , , , , , , , , , , , , , , , , , , , 
30.0966923, 0.011078, , , , , , , 30.0966923, -0.0102388, , , , , , , 30.0966923, -0.0043641, , , , , , , 30.0966923, 0.0191348, , , , , , , , , , , , , , , , , , , , , , , , , , , , 
30.0972115, 0.0186313, , , , , , , 30.0972115, -0.0090639, , , , , , , 30.0972115, -0.0041962, , , , , , , 30.0972115, 0.0139315, , , , , , , , , , , , , , , , , , , , , , , , , , , , 
30.0977308, 0.0283665, , , , , , , 30.0977308, -0.0102388, , , , , , , 30.0977308, -0.0045319, , , , , , , 30.0977308, 0.0117494, , , , , , , , , , , , , , , , , , , , , , , , , , , , 
30.09825, 0.0453193, , , , , , , 30.09825, -0.0125887, , , , , , , 30.09825, -0.0058747, , , , , , , 30.09825, 0.0105745, , , , , , , , , , , , , , , , , , , , , , , , , , , , 
30.0987692, 0.0619364, , , , , , , 30.0987692, -0.0139315, , , , , , , 30.0987692, -0.0062104, , , , , , , 30.0987692, 0.0083925, , , , , , , , , , , , , , , , , , , , , , , , , , , , 
30.0992885, 0.0679789, , , , , , , 30.0992885, -0.0127565, , , , , , , 30.0992885, -0.0060426, , , , , , , 30.0992885, 0.0031891, , , , , , , , , , , , , , , , , , , , , , , , , , , , 
30.0998077, 0.0597543, , , , , , , 30.0998077, -0.012253, , , , , , , 30.0998077, -0.0057069, , , , , , , 30.0998077, -0.0001678, , , , , , , , , , , , , , , , , , , , , , , , , , , , 
30.1003269, 0.0454871, , , , , , , 30.1003269, -0.0129244, , , , , , , 30.1003269, -0.0058747, , , , , , , 30.1003269, -0.0018463, , , , , , , , , , , , , , , , , , , , , , , , , , , , 
30.1008462, 0.0364233, , , , , , , 30.1008462, -0.0125887, , , , , , , 30.1008462, -0.0077211, , , , , , , 30.1008462, -0.003357, , , , , , , , , , , , , , , , , , , , , , , , , , , , 
30.1013654, 0.0320592, , , , , , , 30.1013654, -0.0105745, , , , , , , 30.1013654, -0.0090639, , , , , , , 30.1013654, -0.0028534, , , , , , , , , , , , , , , , , , , , , , , , , , , , 
30.1018846, 0.0193027, , , , , , , 30.1018846, -0.0068818, , , , , , , 30.1018846, -0.0095674, , , , , , , 30.1018846, -0.002182, , , , , , , , , , , , , , , , , , , , , , , , , , , , 
30.1024038, -0.0112459, , , , , , , 30.1024038, -0.0025177, , , , , , , 30.1024038, -0.0105745, , , , , , , 30.1024038, -0.002182, , , , , , , , , , , , , , , , , , , , , , , , , , , , 
30.1029231, -0.0431373, , , , , , , 30.1029231, -0.0015106, , , , , , , 30.1029231, -0.012253, , , , , , , 30.1029231, -0.0011749, , , , , , , , , , , , , , , , , , , , , , , , , , , , 
30.1034423, -0.054551, , , , , , , 30.1034423, -0.0058747, , , , , , , 30.1034423, -0.012253, , , , , , , 30.1034423, -0.005539, , , , , , , , , , , , , , , , , , , , , , , , , , , , 
30.1039615, -0.0451514, , , , , , , 30.1039615, -0.0099031, , , , , , , 30.1039615, -0.012253, , , , , , , 30.1039615, -0.017792, , , , , , , , , , , , , , , , , , , , , , , , , , , , 
30.1044808, -0.0276951, , , , , , , 30.1044808, -0.0105745, , , , , , , 30.1044808, -0.0135958, , , , , , , 30.1044808, -0.0283665, , , , , , , , , , , , , , , , , , , , , , , , , , , , 
30.105, -0.0115816, , , , , , , 30.105, -0.0102388, , , , , , , 30.105, -0.0130922, , , , , , , 30.105, -0.0330663, , , , , , , , , , , , , , , , , , , , , , , , , , , , 
30.1055192, 0.002182, , , , , , , 30.1055192, -0.0115816, , , , , , , 30.1055192, -0.0127565, , , , , , , 30.1055192, -0.0342412, , , , , , , , , , , , , , , , , , , , , , , , , , , , 
30.1060385, 0.0112459, , , , , , , 30.1060385, -0.0115816, , , , , , , 30.1060385, -0.0117494, , , , , , , 30.1060385, -0.0337377, , , , , , , , , , , , , , , , , , , , , , , , , , , , 
30.1065577, 0.0149386, , , , , , , 30.1065577, -0.0095674, , , , , , , 30.1065577, -0.0125887, , , , , , , 30.1065577, -0.0310521, , , , , , , , , , , , , , , , , , , , , , , , , , , , 
30.1070769, 0.0209812, , , , , , , 30.1070769, -0.0068818, , , , , , , 30.1070769, -0.0129244, , , , , , , 30.1070769, -0.026688, , , , , , , , , , , , , , , , , , , , , , , , , , , , 
30.1075962, 0.0307164, , , , , , , 30.1075962, -0.005539, , , , , , , 30.1075962, -0.0125887, , , , , , , 30.1075962, -0.0206455, , , , , , , , , , , , , , , , , , , , , , , , , , , , 
30.1081154, 0.04448, , , , , , , 30.1081154, -0.0062104, , , , , , , 30.1081154, -0.012253, , , , , , , 30.1081154, -0.012253, , , , , , , , , , , , , , , , , , , , , , , , , , , , 
30.1086346, 0.0639506, , , , , , , 30.1086346, -0.0085603, , , , , , , 30.1086346, -0.0109102, , , , , , , 30.1086346, -0.0038605, , , , , , , , , , , , , , , , , , , , , , , , , , , , 
30.1091538, 0.0800641, , , , , , , 30.1091538, -0.0112459, , , , , , , 30.1091538, -0.008896, , , , , , , 30.1091538, 0.0058747, , , , , , , , , , , , , , , , , , , , , , , , , , , , 
30.1096731, 0.0862745, , , , , , , 30.1096731, -0.0102388, , , , , , , 30.1096731, -0.0068818, , , , , , , 30.1096731, 0.0176242, , , , , , , , , , , , , , , , , , , , , , , , , , , , 
30.1101923, 0.0817426, , , , , , , 30.1101923, -0.0082246, , , , , , , 30.1101923, -0.0050355, , , , , , , 30.1101923, 0.0287022, , , , , , , , , , , , , , , , , , , , , , , , , , , , 
30.1107115, 0.0669718, , , , , , , 30.1107115, -0.0068818, , , , , , , 30.1107115, -0.0062104, , , , , , , 30.1107115, 0.0381018, , , , , , , , , , , , , , , , , , , , , , , , , , , , 
30.1112308, 0.0439765, , , , , , , 30.1112308, -0.0052033, , , , , , , 30.1112308, -0.005539, , , , , , , 30.1112308, 0.0473335, , , , , , , , , , , , , , , , , , , , , , , , , , , , 
30.11175, 0.0162814, , , , , , , 30.11175, -0.0035248, , , , , , , 30.11175, -0.0028534, , , , , , , 30.11175, 0.0542153, , , , , , , , , , , , , , , , , , , , , , , , , , , , 
30.1122692, -0.0010071, , , , , , , 30.1122692, -0.0043641, , , , , , , 30.1122692, 0.0005035, , , , , , , 30.1122692, 0.0609293, , , , , , , , , , , , , , , , , , , , , , , , , , , , 
30.1127885, -0.0057069, , , , , , , 30.1127885, -0.0035248, , , , , , , 30.1127885, 0.002182, , , , , , , 30.1127885, 0.0656291, , , , , , , , , , , , , , , , , , , , , , , , , , , , 
30.1133077, -0.0109102, , , , , , , 30.1133077, -0.0015106, , , , , , , 30.1133077, 0.0011749, , , , , , , 30.1133077, 0.0642863, , , , , , , , , , , , , , , , , , , , , , , , , , , , 
30.1138269, -0.0109102, , , , , , , 30.1138269, -0.0001678, , , , , , , 30.1138269, -0.002182, , , , , , , 30.1138269, 0.0562295, , , , , , , , , , , , , , , , , , , , , , , , , , , , 
30.1143462, -0.0005035, , , , , , , 30.1143462, -0.002182, , , , , , , 30.1143462, -0.0048676, , , , , , , 30.1143462, 0.0453193, , , , , , , , , , , , , , , , , , , , , , , , , , , , 
30.1148654, 0.0077211, , , , , , , 30.1148654, -0.0072175, , , , , , , 30.1148654, -0.0062104, , , , , , , 30.1148654, 0.0359197, , , , , , , , , , , , , , , , , , , , , , , , , , , , 
30.1153846, 0.008896, , , , , , , 30.1153846, -0.0109102, , , , , , , 30.1153846, -0.0075532, , , , , , , 30.1153846, 0.0263523, , , , , , , , , , , , , , , , , , , , , , , , , , , , 
30.1159038, 0.0062104, , , , , , , 30.1159038, -0.0105745, , , , , , , 30.1159038, -0.0082246, , , , , , , 30.1159038, 0.017792, , , , , , , , , , , , , , , , , , , , , , , , , , , , 
30.1164231, 0.002182, , , , , , , 30.1164231, -0.0095674, , , , , , , 30.1164231, -0.0105745, , , , , , , 30.1164231, 0.01561, , , , , , , , , , , , , , , , , , , , , , , , , , , , 
30.1169423, 0.0030213, , , , , , , 30.1169423, -0.0095674, , , , , , , 30.1169423, -0.0109102, , , , , , , 30.1169423, 0.0135958, , , , , , , , , , , , , , , , , , , , , , , , , , , , 
30.1174615, 0.0043641, , , , , , , 30.1174615, -0.0104067, , , , , , , 30.1174615, -0.0095674, , , , , , , 30.1174615, 0.0099031, , , , , , , , , , , , , , , , , , , , , , , , , , , , 
30.1179808, 0.0016785, , , , , , , 30.1179808, -0.0117494, , , , , , , 30.1179808, -0.0068818, , , , , , , 30.1179808, 0.0078889, , , , , , , , , , , , , , , , , , , , , , , , , , , , 
30.1185, -0.0065461, , , , , , , 30.1185, -0.0117494, , , , , , , 30.1185, -0.0057069, , , , , , , 30.1185, 0.0078889, , , , , , , , , , , , , , , , , , , , , , , , , , , , 
30.1190192, -0.0181277, , , , , , , 30.1190192, -0.0135958, , , , , , , 30.1190192, -0.0057069, , , , , , , 30.1190192, 0.0078889, , , , , , , , , , , , , , , , , , , , , , , , , , , , 
30.1195385, -0.0236667, , , , , , , 30.1195385, -0.0149386, , , , , , , 30.1195385, -0.0075532, , , , , , , 30.1195385, 0.0062104, , , , , , , , , , , , , , , , , , , , , , , , , , , , 
30.1200577, -0.0164492, , , , , , , 30.1200577, -0.0139315, , , , , , , 30.1200577, -0.0075532, , , , , , , 30.1200577, 0.0038605, , , , , , , , , , , , , , , , , , , , , , , , , , , , 
30.1205769, -0.0025177, , , , , , , 30.1205769, -0.0115816, , , , , , , 30.1205769, -0.0072175, , , , , , , 30.1205769, 0.0038605, , , , , , , , , , , , , , , , , , , , , , , , , , , , 
30.1210962, 0.0119173, , , , , , , 30.1210962, -0.008896, , , , , , , 30.1210962, -0.008896, , , , , , , 30.1210962, 0.0016785, , , , , , , , , , , , , , , , , , , , , , , , , , , , 
30.1216154, 0.026688, , , , , , , 30.1216154, -0.0065461, , , , , , , 30.1216154, -0.0095674, , , , , , , 30.1216154, 0.0018463, , , , , , , , , , , , , , , , , , , , , , , , , , , , 
30.1221346, 0.0394446, , , , , , , 30.1221346, -0.005539, , , , , , , 30.1221346, -0.0092317, , , , , , , 30.1221346, 0.0020142, , , , , , , , , , , , , , , , , , , , , , , , , , , , 
30.1226538, 0.0461585, , , , , , , 30.1226538, -0.0050355, , , , , , , 30.1226538, -0.0092317, , , , , , , 30.1226538, 0.0003357, , , , , , , , , , , , , , , , , , , , , , , , , , , , 
30.1231731, 0.0441444, , , , , , , 30.1231731, -0.005539, , , , , , , 30.1231731, -0.0099031, , , , , , , 30.1231731, -0.0035248, , , , , , , , , , , , , , , , , , , , , , , , , , , , 
30.1236923, 0.0433051, , , , , , , 30.1236923, -0.0082246, , , , , , , 30.1236923, -0.0109102, , , , , , , 30.1236923, -0.0102388, , , , , , , , , , , , , , , , , , , , , , , , , , , , 
30.1242115, 0.0525368, , , , , , , 30.1242115, -0.0085603, , , , , , , 30.1242115, -0.0117494, , , , , , , 30.1242115, -0.0182956, , , , , , , , , , , , , , , , , , , , , , , , , , , , 
30.1247308, 0.0627756, , , , , , , 30.1247308, -0.005539, , , , , , , 30.1247308, -0.0115816, , , , , , , 30.1247308, -0.023331, , , , , , , , , , , , , , , , , , , , , , , , , , , , 
30.12525, 0.0616007, , , , , , , 30.12525, -0.0035248, , , , , , , 30.12525, -0.0119173, , , , , , , 30.12525, -0.0271916, , , , , , , , , , , , , , , , , , , , , , , , , , , , 
30.1257692, 0.0565652, , , , , , , 30.1257692, -0.0041962, , , , , , , 30.1257692, -0.0119173, , , , , , , 30.1257692, -0.0310521, , , , , , , , , , , , , , , , , , , , , , , , , , , , 
30.1262885, 0.0555581, , , , , , , 30.1262885, -0.0062104, , , , , , , 30.1262885, -0.0132601, , , , , , , 30.1262885, -0.0313878, , , , , , , , , , , , , , , , , , , , , , , , , , , , 
30.1268077, 0.0480049, , , , , , , 30.1268077, -0.0072175, , , , , , , 30.1268077, -0.0139315, , , , , , , 30.1268077, -0.0260166, , , , , , , , , , , , , , , , , , , , , , , , , , , , 
30.1273269, 0.0327306, , , , , , , 30.1273269, -0.0065461, , , , , , , 30.1273269, -0.0124208, , , , , , , 30.1273269, -0.0186313, , , , , , , , , , , , , , , , , , , , , , , , , , , , 
30.1278462, 0.0169528, , , , , , , 30.1278462, -0.0075532, , , , , , , 30.1278462, -0.0112459, , , , , , , 30.1278462, -0.0102388, , , , , , , , , , , , , , , , , , , , , , , , , , , , 
30.1283654, 0.0035248, , , , , , , 30.1283654, -0.0092317, , , , , , , 30.1283654, -0.0105745, , , , , , , 30.1283654, -0.0015106, , , , , , , , , , , , , , , , , , , , , , , , , , , , 
30.1288846, -0.0050355, , , , , , , 30.1288846, -0.008896, , , , , , , 30.1288846, -0.0095674, , , , , , , 30.1288846, 0.0057069, , , , , , , , , , , , , , , , , , , , , , , , , , , , 
30.1294038, -0.0102388, , , , , , , 30.1294038, -0.0082246, , , , , , , 30.1294038, -0.0082246, , , , , , , 30.1294038, 0.0142672, , , , , , , , , , , , , , , , , , , , , , , , , , , , 
30.1299231, -0.0135958, , , , , , , 30.1299231, -0.0077211, , , , , , , 30.1299231, -0.005539, , , , , , , 30.1299231, 0.0273594, , , , , , , , , , , , , , , , , , , , , , , , , , , , 
30.1304423, -0.0162814, , , , , , , 30.1304423, -0.0070497, , , , , , , 30.1304423, -0.0057069, , , , , , , 30.1304423, 0.0387732, , , , , , , , , , , , , , , , , , , , , , , , , , , , 
30.1309615, -0.0196384, , , , , , , 30.1309615, -0.0068818, , , , , , , 30.1309615, -0.0072175, , , , , , , 30.1309615, 0.0481727, , , , , , , , , , , , , , , , , , , , , , , , , , , , 
30.1314808, -0.0246738, , , , , , , 30.1314808, -0.0048676, , , , , , , 30.1314808, -0.0068818, , , , , , , 30.1314808, 0.0562295, , , , , , , , , , , , , , , , , , , , , , , , , , , , 
30.132, -0.0273594, , , , , , , 30.132, -0.0025177, , , , , , , 30.132, -0.0057069, , , , , , , 30.132, 0.0622721, , , , , , , , , , , , , , , , , , , , , , , , , , , , 
30.1325192, -0.0250095, , , , , , , 30.1325192, -0.0015106, , , , , , , 30.1325192, -0.0035248, , , , , , , 30.1325192, 0.0669718, , , , , , , , , , , , , , , , , , , , , , , , , , , , 
30.1330385, -0.0142672, , , , , , , 30.1330385, -0.0020142, , , , , , , 30.1330385, -0.0008392, , , , , , , 30.1330385, 0.0710002, , , , , , , , , , , , , , , , , , , , , , , , , , , , 
30.1335577, -0.0001678, , , , , , , 30.1335577, -0.0031891, , , , , , , 30.1335577, -0.0008392, , , , , , , 30.1335577, 0.0652934, , , , , , , , , , , , , , , , , , , , , , , , , , , , 
30.1340769, 0.0075532, , , , , , , 30.1340769, -0.0031891, , , , , , , 30.1340769, -0.0035248, , , , , , , 30.1340769, 0.051194, , , , , , , , , , , , , , , , , , , , , , , , , , , , 
30.1345962, 0.0146029, , , , , , , 30.1345962, -0.0038605, , , , , , , 30.1345962, -0.0035248, , , , , , , 30.1345962, 0.0396124, , , , , , , , , , , , , , , , , , , , , , , , , , , , 
30.1351154, 0.0219883, , , , , , , 30.1351154, -0.0043641, , , , , , , 30.1351154, -0.0028534, , , , , , , 30.1351154, 0.03122, , , , , , , , , , , , , , , , , , , , , , , , , , , , 
30.1356346, 0.0250095, , , , , , , 30.1356346, -0.0041962, , , , , , , 30.1356346, -0.0048676, , , , , , , 30.1356346, 0.0243381, , , , , , , , , , , , , , , , , , , , , , , , , , , , 
30.1361538, 0.026688, , , , , , , 30.1361538, -0.0048676, , , , , , , 30.1361538, -0.0077211, , , , , , , 30.1361538, 0.0191348, , , , , , , , , , , , , , , , , , , , , , , , , , , , 
30.1366731, 0.0293736, , , , , , , 30.1366731, -0.0082246, , , , , , , 30.1366731, -0.0075532, , , , , , , 30.1366731, 0.0132601, , , , , , , , , , , , , , , , , , , , , , , , , , , , 
30.1371923, 0.027863, , , , , , , 30.1371923, -0.0129244, , , , , , , 30.1371923, -0.0078889, , , , , , , 30.1371923, 0.0068818, , , , , , , , , , , , , , , , , , , , , , , , , , , , 
30.1377115, 0.0203098, , , , , , , 30.1377115, -0.0135958, , , , , , , 30.1377115, -0.0078889, , , , , , , 30.1377115, 0.0035248, , , , , , , , , , , , , , , , , , , , , , , , , , , , 
30.1382308, 0.0157778, , , , , , , 30.1382308, -0.0119173, , , , , , , 30.1382308, -0.0083925, , , , , , , 30.1382308, 0.0015106, , , , , , , , , , , , , , , , , , , , , , , , , , , , 
30.13875, 0.0198062, , , , , , , 30.13875, -0.0095674, , , , , , , 30.13875, -0.0099031, , , , , , , 30.13875, 0.0008392, , , , , , , , , , , , , , , , , , , , , , , , , , , , 
30.1392692, 0.0323949, , , , , , , 30.1392692, -0.0075532, , , , , , , 30.1392692, -0.0097353, , , , , , , 30.1392692, 0.0018463, , , , , , , , , , , , , , , , , , , , , , , , , , , , 
30.1397885, 0.0438087, , , , , , , 30.1397885, -0.0058747, , , , , , , 30.1397885, -0.0065461, , , , , , , 30.1397885, 0.0015106, , , , , , , , , , , , , , , , , , , , , , , , , , , , 
30.1403077, 0.0454871, , , , , , , 30.1403077, -0.0050355, , , , , , , 30.1403077, -0.005539, , , , , , , 30.1403077, -0.0008392, , , , , , , , , , , , , , , , , , , , , , , , , , , , 
30.1408269, 0.0449836, , , , , , , 30.1408269, -0.005539, , , , , , , 30.1408269, -0.0085603, , , , , , , 30.1408269, -0.0015106, , , , , , , , , , , , , , , , , , , , , , , , , , , , 
30.1413462, 0.0428016, , , , , , , 30.1413462, -0.0048676, , , , , , , 30.1413462, -0.0132601, , , , , , , 30.1413462, 0.0001678, , , , , , , , , , , , , , , , , , , , , , , , , , , , 
30.1418654, 0.0379339, , , , , , , 30.1418654, -0.002182, , , , , , , 30.1418654, -0.0132601, , , , , , , 30.1418654, 0.0016785, , , , , , , , , , , , , , , , , , , , , , , , , , , , 
30.1423846, 0.0347448, , , , , , , 30.1423846, -0.0035248, , , , , , , 30.1423846, -0.008896, , , , , , , 30.1423846, -0.0005035, , , , , , , , , , , , , , , , , , , , , , , , , , , , 
30.1429038, 0.0350805, , , , , , , 30.1429038, -0.0058747, , , , , , , 30.1429038, -0.0078889, , , , , , , 30.1429038, -0.0041962, , , , , , , , , , , , , , , , , , , , , , , , , , , , 
30.1434231, 0.033402, , , , , , , 30.1434231, -0.0068818, , , , , , , 30.1434231, -0.0125887, , , , , , , 30.1434231, -0.008896, , , , , , , , , , , , , , , , , , , , , , , , , , , , 
30.1439423, 0.0290379, , , , , , , 30.1439423, -0.0082246, , , , , , , 30.1439423, -0.0169528, , , , , , , 30.1439423, -0.018967, , , , , , , , , , , , , , , , , , , , , , , , , , , , 
30.1444615, 0.0280308, , , , , , , 30.1444615, -0.0095674, , , , , , , 30.1444615, -0.0176242, , , , , , , 30.1444615, -0.0292058, , , , , , , , , , , , , , , , , , , , , , , , , , , , 
30.1449808, 0.0270237, , , , , , , 30.1449808, -0.0115816, , , , , , , 30.1449808, -0.0169528, , , , , , , 30.1449808, -0.0345769, , , , , , , , , , , , , , , , , , , , , , , , , , , , 
30.1455, 0.0166171, , , , , , , 30.1455, -0.0129244, , , , , , , 30.1455, -0.0151064, , , , , , , 30.1455, -0.0347448, , , , , , , , , , , , , , , , , , , , , , , , , , , , 
30.1460192, 0.0052033, , , , , , , 30.1460192, -0.0135958, , , , , , , 30.1460192, -0.014435, , , , , , , 30.1460192, -0.0337377, , , , , , , , , , , , , , , , , , , , , , , , , , , , 
30.1465385, -0.0001678, , , , , , , 30.1465385, -0.0129244, , , , , , , 30.1465385, -0.0125887, , , , , , , 30.1465385, -0.0313878, , , , , , , , , , , , , , , , , , , , , , , , , , , , 
30.1470577, -0.0041962, , , , , , , 30.1470577, -0.0115816, , , , , , , 30.1470577, -0.0112459, , , , , , , 30.1470577, -0.0256809, , , , , , , , , , , , , , , , , , , , , , , , , , , , 
30.1475769, -0.0065461, , , , , , , 30.1475769, -0.0090639, , , , , , , 30.1475769, -0.0117494, , , , , , , 30.1475769, -0.0179599, , , , , , , , , , , , , , , , , , , , , , , , , , , , 
30.1480962, -0.0015106, , , , , , , 30.1480962, -0.0063783, , , , , , , 30.1480962, -0.0135958, , , , , , , 30.1480962, -0.0075532, , , , , , , , , , , , , , , , , , , , , , , , , , , , 
30.1486154, 0.0119173, , , , , , , 30.1486154, -0.005539, , , , , , , 30.1486154, -0.012253, , , , , , , 30.1486154, 0.0052033, , , , , , , , , , , , , , , , , , , , , , , , , , , , 
30.1491346, 0.0198062, , , , , , , 30.1491346, -0.0041962, , , , , , , 30.1491346, -0.0090639, , , , , , , 30.1491346, 0.0146029, , , , , , , , , , , , , , , , , , , , , , , , , , , , 
30.1496538, 0.01561, , , , , , , 30.1496538, -0.0013428, , , , , , , 30.1496538, -0.0057069, , , , , , , 30.1496538, 0.023331, , , , , , , , , , , , , , , , , , , , , , , , , , , , 
30.1501731, 0.0062104, , , , , , , 30.1501731, 0.0001678, , , , , , , 30.1501731, -0.0006714, , , , , , , 30.1501731, 0.0332341, , , , , , , , , , , , , , , , , , , , , , , , , , , , 
30.1506923, 0.0011749, , , , , , , 30.1506923, -0.0005035, , , , , , , 30.1506923, 0.0031891, , , , , , , 30.1506923, 0.0414588, , , , , , , , , , , , , , , , , , , , , , , , , , , , 
30.1512115, 0.0132601, , , , , , , 30.1512115, -0.0041962, , , , , , , 30.1512115, 0.0020142, , , , , , , 30.1512115, 0.0485084, , , , , , , , , , , , , , , , , , , , , , , , , , , , 
30.1517308, 0.0260166, , , , , , , 30.1517308, -0.005539, , , , , , , 30.1517308, 0.0005035, , , , , , , 30.1517308, 0.0528725, , , , , , , , , , , , , , , , , , , , , , , , , , , , 
30.15225, 0.0206455, , , , , , , 30.15225, -0.0043641, , , , , , , 30.15225, 0.0008392, , , , , , , 30.15225, 0.0585794, , , , , , , , , , , , , , , , , , , , , , , , , , , , 
30.1527692, 0.0058747, , , , , , , 30.1527692, -0.0036927, , , , , , , 30.1527692, 0.0018463, , , , , , , 30.1527692, 0.0656291, , , , , , , , , , , , , , , , , , , , , , , , , , , , 
30.1532885, -0.002182, , , , , , , 30.1532885, -0.0075532, , , , , , , 30.1532885, 0.0036927, , , , , , , 30.1532885, 0.0654612, , , , , , , , , , , , , , , , , , , , , , , , , , , , 
30.1538077, -0.0035248, , , , , , , 30.1538077, -0.0117494, , , , , , , 30.1538077, 0.0031891, , , , , , , 30.1538077, 0.0548867, , , , , , , , , , , , , , , , , , , , , , , , , , , , 
30.1543269, -0.002182, , , , , , , 30.1543269, -0.0117494, , , , , , , 30.1543269, 0.0008392, , , , , , , 30.1543269, 0.0431373, , , , , , , , , , , , , , , , , , , , , , , , , , , , 
30.1548462, 0.0005035, , , , , , , 30.1548462, -0.0105745, , , , , , , 30.1548462, 0.0005035, , , , , , , 30.1548462, 0.0330663, , , , , , , , , , , , , , , , , , , , , , , , , , , , 
30.1553654, 0.0052033, , , , , , , 30.1553654, -0.0104067, , , , , , , 30.1553654, 0.0001678, , , , , , , 30.1553654, 0.0253452, , , , , , , , , , , , , , , , , , , , , , , , , , , , 
30.1558846, 0.0105745, , , , , , , 30.1558846, -0.0092317, , , , , , , 30.1558846, -0.0015106, , , , , , , 30.1558846, 0.0199741, , , , , , , , , , , , , , , , , , , , , , , , , , , , 
30.1564038, 0.0050355, , , , , , , 30.1564038, -0.0068818, , , , , , , 30.1564038, -0.002182, , , , , , , 30.1564038, 0.014435, , , , , , , , , , , , , , , , , , , , , , , , , , , , 
30.1569231, -0.0041962, , , , , , , 30.1569231, -0.0057069, , , , , , , 30.1569231, -0.0018463, , , , , , , 30.1569231, 0.0115816, , , , , , , , , , , , , , , , , , , , , , , , , , , , 
30.1574423, -0.0075532, , , , , , , 30.1574423, -0.005539, , , , , , , 30.1574423, -0.002182, , , , , , , 30.1574423, 0.011078, , , , , , , , , , , , , , , , , , , , , , , , , , , , 
30.1579615, -0.005539, , , , , , , 30.1579615, -0.0068818, , , , , , , 30.1579615, -0.0023499, , , , , , , 30.1579615, 0.0097353, , , , , , , , , , , , , , , , , , , , , , , , , , , , 
30.1584808, 0.0011749, , , , , , , 30.1584808, -0.0082246, , , , , , , 30.1584808, -0.0043641, , , , , , , 30.1584808, 0.0072175, , , , , , , , , , , , , , , , , , , , , , , , , , , , 
30.159, 0.0065461, , , , , , , 30.159, -0.0078889, , , , , , , 30.159, -0.0058747, , , , , , , 30.159, 0.0045319, , , , , , , , , , , , , , , , , , , , , , , , , , , , 
30.1595192, 0.008896, , , , , , , 30.1595192, -0.0082246, , , , , , , 30.1595192, -0.005539, , , , , , , 30.1595192, 0.0041962, , , , , , , , , , , , , , , , , , , , , , , , , , , , 
30.1600385, 0.0025177, , , , , , , 30.1600385, -0.0075532, , , , , , , 30.1600385, -0.0068818, , , , , , , 30.1600385, 0.0031891, , , , , , , , , , , , , , , , , , , , , , , , , , , , 
30.1605577, -0.0075532, , , , , , , 30.1605577, -0.0075532, , , , , , , 30.1605577, -0.0092317, , , , , , , 30.1605577, 0.0008392, , , , , , , , , , , , , , , , , , , , , , , , , , , , 
30.1610769, -0.0129244, , , , , , , 30.1610769, -0.008896, , , , , , , 30.1610769, -0.0090639, , , , , , , 30.1610769, 0.0011749, , , , , , , , , , , , , , , , , , , , , , , , , , , , 
30.1615962, -0.0142672, , , , , , , 30.1615962, -0.0102388, , , , , , , 30.1615962, -0.0095674, , , , , , , 30.1615962, 0.0025177, , , , , , , , , , , , , , , , , , , , , , , , , , , , 
30.1621154, -0.0130922, , , , , , , 30.1621154, -0.0109102, , , , , , , 30.1621154, -0.0099031, , , , , , , 30.1621154, 0.0035248, , , , , , , , , , , , , , , , , , , , , , , , , , , , 
30.1626346, -0.0115816, , , , , , , 30.1626346, -0.012253, , , , , , , 30.1626346, -0.0099031, , , , , , , 30.1626346, 0.0048676, , , , , , , , , , , , , , , , , , , , , , , , , , , , 
30.1631538, -0.0097353, , , , , , , 30.1631538, -0.012253, , , , , , , 30.1631538, -0.0105745, , , , , , , 30.1631538, -0.0005035, , , , , , , , , , , , , , , , , , , , , , , , , , , , 
30.1636731, -0.0005035, , , , , , , 30.1636731, -0.0124208, , , , , , , 30.1636731, -0.0130922, , , , , , , 30.1636731, -0.0127565, , , , , , , , , , , , , , , , , , , , , , , , , , , , 
30.1641923, 0.018967, , , , , , , 30.1641923, -0.0129244, , , , , , , 30.1641923, -0.0169528, , , , , , , 30.1641923, -0.0243381, , , , , , , , , , , , , , , , , , , , , , , , , , , , 
30.1647115, 0.0397803, , , , , , , 30.1647115, -0.012253, , , , , , , 30.1647115, -0.0182956, , , , , , , 30.1647115, -0.0290379, , , , , , , , , , , , , , , , , , , , , , , , , , , , 
30.1652308, 0.0542153, , , , , , , 30.1652308, -0.0125887, , , , , , , 30.1652308, -0.0149386, , , , , , , 30.1652308, -0.03122, , , , , , , , , , , , , , , , , , , , , , , , , , , , 
30.16575, 0.0569009, , , , , , , 30.16575, -0.0135958, , , , , , , 30.16575, -0.0142672, , , , , , , 30.16575, -0.0337377, , , , , , , , , , , , , , , , , , , , , , , , , , , , 
30.1662692, 0.0525368, , , , , , , 30.1662692, -0.012253, , , , , , , 30.1662692, -0.0146029, , , , , , , 30.1662692, -0.0320592, , , , , , , , , , , , , , , , , , , , , , , , , , , , 
30.1667885, 0.04448, , , , , , , 30.1667885, -0.0115816, , , , , , , 30.1667885, -0.0135958, , , , , , , 30.1667885, -0.0256809, , , , , , , , , , , , , , , , , , , , , , , , , , , , 
30.1673077, 0.0307164, , , , , , , 30.1673077, -0.012253, , , , , , , 30.1673077, -0.0125887, , , , , , , 30.1673077, -0.0199741, , , , , , , , , , , , , , , , , , , , , , , , , , , , 
30.1678269, 0.0240024, , , , , , , 30.1678269, -0.0115816, , , , , , , 30.1678269, -0.0137636, , , , , , , 30.1678269, -0.0115816, , , , , , , , , , , , , , , , , , , , , , , , , , , , 
30.1683462, 0.0193027, , , , , , , 30.1683462, -0.0095674, , , , , , , 30.1683462, -0.0129244, , , , , , , 30.1683462, 0.0008392, , , , , , , , , , , , , , , , , , , , , , , , , , , , 
30.1688654, 0.0125887, , , , , , , 30.1688654, -0.0095674, , , , , , , 30.1688654, -0.011078, , , , , , , 30.1688654, 0.0129244, , , , , , , , , , , , , , , , , , , , , , , , , , , , 
30.1693846, 0.0075532, , , , , , , 30.1693846, -0.0112459, , , , , , , 30.1693846, -0.0095674, , , , , , , 30.1693846, 0.0224918, , , , , , , , , , , , , , , , , , , , , , , , , , , , 
30.1699038, 0.0048676, , , , , , , 30.1699038, -0.0105745, , , , , , , 30.1699038, -0.0068818, , , , , , , 30.1699038, 0.0310521, , , , , , , , , , , , , , , , , , , , , , , , , , , , 
30.1704231, 0.0038605, , , , , , , 30.1704231, -0.0068818, , , , , , , 30.1704231, -0.0043641, , , , , , , 30.1704231, 0.0411231, , , , , , , , , , , , , , , , , , , , , , , , , , , , 
30.1709423, 0.0018463, , , , , , , 30.1709423, -0.0028534, , , , , , , 30.1709423, -0.0023499, , , , , , , 30.1709423, 0.0525368, , , , , , , , , , , , , , , , , , , , , , , , , , , , 
30.1714615, -0.0075532, , , , , , , 30.1714615, -0.0011749, , , , , , , 30.1714615, 0.0001678, , , , , , , 30.1714615, 0.0609293, , , , , , , , , , , , , , , , , , , , , , , , , , , , 
30.1719808, -0.0216526, , , , , , , 30.1719808, -0.0045319, , , , , , , 30.1719808, 0.0005035, , , , , , , 30.1719808, 0.0683146, , , , , , , , , , , , , , , , , , , , , , , , , , , , 
30.1725, -0.0270237, , , , , , , 30.1725, -0.0085603, , , , , , , 30.1725, 0.0005035, , , , , , , 30.1725, 0.0716716, , , , , , , , , , , , , , , , , , , , , , , , , , , , 
30.1730192, -0.0290379, , , , , , , 30.1730192, -0.0102388, , , , , , , 30.1730192, 0.0016785, , , , , , , 30.1730192, 0.0726787, , , , , , , , , , , , , , , , , , , , , , , , , , , , 
30.1735385, -0.0303807, , , , , , , 30.1735385, -0.0112459, , , , , , , 30.1735385, 0.002182, , , , , , , 30.1735385, 0.0693217, , , , , , , , , , , , , , , , , , , , , , , , , , , , 
30.1740577, -0.0283665, , , , , , , 30.1740577, -0.0135958, , , , , , , 30.1740577, 0.0001678, , , , , , , 30.1740577, 0.0589151, , , , , , , , , , , , , , , , , , , , , , , , , , , , 
30.1745769, -0.0216526, , , , , , , 30.1745769, -0.0124208, , , , , , , 30.1745769, -0.0020142, , , , , , , 30.1745769, 0.0495155, , , , , , , , , , , , , , , , , , , , , , , , , , , , 
30.1750962, -0.0162814, , , , , , , 30.1750962, -0.0082246, , , , , , , 30.1750962, -0.0030213, , , , , , , 30.1750962, 0.0453193, , , , , , , , , , , , , , , , , , , , , , , , , , , , 
30.1756154, -0.0130922, , , , , , , 30.1756154, -0.0031891, , , , , , , 30.1756154, -0.0031891, , , , , , , 30.1756154, 0.0387732, , , , , , , , , , , , , , , , , , , , , , , , , , , , 
30.1761346, -0.0095674, , , , , , , 30.1761346, -0.002182, , , , , , , 30.1761346, -0.0025177, , , , , , , 30.1761346, 0.0327306, , , , , , , , , , , , , , , , , , , , , , , , , , , , 
30.1766538, -0.0109102, , , , , , , 30.1766538, -0.0041962, , , , , , , 30.1766538, -0.002182, , , , , , , 30.1766538, 0.0298772, , , , , , , , , , , , , , , , , , , , , , , , , , , , 
30.1771731, -0.0119173, , , , , , , 30.1771731, -0.0062104, , , , , , , 30.1771731, -0.0038605, , , , , , , 30.1771731, 0.0256809, , , , , , , , , , , , , , , , , , , , , , , , , , , , 
30.1776923, -0.0031891, , , , , , , 30.1776923, -0.0073854, , , , , , , 30.1776923, -0.0062104, , , , , , , 30.1776923, 0.0193027, , , , , , , , , , , , , , , , , , , , , , , , , , , , 
30.1782115, 0.0149386, , , , , , , 30.1782115, -0.0082246, , , , , , , 30.1782115, -0.0070497, , , , , , , 30.1782115, 0.0125887, , , , , , , , , , , , , , , , , , , , , , , , , , , , 
30.1787308, 0.0327306, , , , , , , 30.1787308, -0.0072175, , , , , , , 30.1787308, -0.0052033, , , , , , , 30.1787308, 0.0065461, , , , , , , , , , , , , , , , , , , , , , , , , , , , 
30.17925, 0.0464942, , , , , , , 30.17925, -0.0043641, , , , , , , 30.17925, -0.0048676, , , , , , , 30.17925, 0.0035248, , , , , , , , , , , , , , , , , , , , , , , , , , , , 
30.1797692, 0.0572366, , , , , , , 30.1797692, -0.0031891, , , , , , , 30.1797692, -0.0068818, , , , , , , 30.1797692, 0.0011749, , , , , , , , , , , , , , , , , , , , , , , , , , , , 
30.1802885, 0.0641184, , , , , , , 30.1802885, -0.0038605, , , , , , , 30.1802885, -0.0095674, , , , , , , 30.1802885, -0.0026856, , , , , , , , , , , , , , , , , , , , , , , , , , , , 
30.1808077, 0.0582437, , , , , , , 30.1808077, -0.0041962, , , , , , , 30.1808077, -0.0115816, , , , , , , 30.1808077, -0.0048676, , , , , , , , , , , , , , , , , , , , , , , , , , , , 
30.1813269, 0.0476692, , , , , , , 30.1813269, -0.0058747, , , , , , , 30.1813269, -0.0129244, , , , , , , 30.1813269, -0.0045319, , , , , , , , , , , , , , , , , , , , , , , , , , , , 
30.1818462, 0.040116, , , , , , , 30.1818462, -0.005539, , , , , , , 30.1818462, -0.0135958, , , , , , , 30.1818462, -0.0048676, , , , , , , , , , , , , , , , , , , , , , , , , , , , 
30.1823654, 0.0350805, , , , , , , 30.1823654, -0.0038605, , , , , , , 30.1823654, -0.0129244, , , , , , , 30.1823654, -0.0048676, , , , , , , , , , , , , , , , , , , , , , , , , , , , 
30.1828846, 0.0293736, , , , , , , 30.1828846, -0.0052033, , , , , , , 30.1828846, -0.0139315, , , , , , , 30.1828846, -0.0062104, , , , , , , , , , , , , , , , , , , , , , , , , , , , 
30.1834038, 0.0236667, , , , , , , 30.1834038, -0.0075532, , , , , , , 30.1834038, -0.0159457, , , , , , , 30.1834038, -0.012253, , , , , , , , , , , , , , , , , , , , , , , , , , , , 
30.1839231, 0.0256809, , , , , , , 30.1839231, -0.0072175, , , , , , , 30.1839231, -0.017792, , , , , , , 30.1839231, -0.0248417, , , , , , , , , , , , , , , , , , , , , , , , , , , , 
30.1844423, 0.030045, , , , , , , 30.1844423, -0.0072175, , , , , , , 30.1844423, -0.018967, , , , , , , 30.1844423, -0.0357519, , , , , , , , , , , , , , , , , , , , , , , , , , , , 
30.1849615, 0.0374304, , , , , , , 30.1849615, -0.0082246, , , , , , , 30.1849615, -0.0176242, , , , , , , 30.1849615, -0.040116, , , , , , , , , , , , , , , , , , , , , , , , , , , , 
30.1854808, 0.0439765, , , , , , , 30.1854808, -0.0068818, , , , , , , 30.1854808, -0.0157778, , , , , , , 30.1854808, -0.0411231, , , , , , , , , , , , , , , , , , , , , , , , , , , , 
30.186, 0.0426337, , , , , , , 30.186, -0.0048676, , , , , , , 30.186, -0.01561, , , , , , , 30.186, -0.0394446, , , , , , , , , , , , , , , , , , , , , , , , , , , , 
30.1865192, 0.040116, , , , , , , 30.1865192, -0.005539, , , , , , , 30.1865192, -0.0171206, , , , , , , 30.1865192, -0.0350805, , , , , , , , , , , , , , , , , , , , , , , , , , , , 
30.1870385, 0.0377661, , , , , , , 30.1870385, -0.0082246, , , , , , , 30.1870385, -0.0164492, , , , , , , 30.1870385, -0.0276951, , , , , , , , , , , , , , , , , , , , , , , , , , , , 
30.1875577, 0.0280308, , , , , , , 30.1875577, -0.0095674, , , , , , , 30.1875577, -0.0152743, , , , , , , 30.1875577, -0.0162814, , , , , , , , , , , , , , , , , , , , , , , , , , , , 
30.1880769, 0.0186313, , , , , , , 30.1880769, -0.0077211, , , , , , , 30.1880769, -0.0142672, , , , , , , 30.1880769, -0.0048676, , , , , , , , , , , , , , , , , , , , , , , , , , , , 
30.1885962, 0.0172885, , , , , , , 30.1885962, -0.0052033, , , , , , , 30.1885962, -0.014435, , , , , , , 30.1885962, 0.0036927, , , , , , , , , , , , , , , , , , , , , , , , , , , , 
30.1891154, 0.0125887, , , , , , , 30.1891154, -0.0031891, , , , , , , 30.1891154, -0.0129244, , , , , , , 30.1891154, 0.0112459, , , , , , , , , , , , , , , , , , , , , , , , , , , , 
30.1896346, -0.0025177, , , , , , , 30.1896346, -0.0005035, , , , , , , 30.1896346, -0.0102388, , , , , , , 30.1896346, 0.023331, , , , , , , , , , , , , , , , , , , , , , , , , , , , 
30.1901538, -0.0146029, , , , , , , 30.1901538, 0.0005035, , , , , , , 30.1901538, -0.008896, , , , , , , 30.1901538, 0.0374304, , , , , , , , , , , , , , , , , , , , , , , , , , , , 
30.1906731, -0.018967, , , , , , , 30.1906731, -0.0028534, , , , , , , 30.1906731, -0.0082246, , , , , , , 30.1906731, 0.0491798, , , , , , , , , , , , , , , , , , , , , , , , , , , , 
30.1911923, -0.018967, , , , , , , 30.1911923, -0.005539, , , , , , , 30.1911923, -0.0057069, , , , , , , 30.1911923, 0.057908, , , , , , , , , , , , , , , , , , , , , , , , , , , , 
30.1917115, -0.0206455, , , , , , , 30.1917115, -0.0075532, , , , , , , 30.1917115, -0.0031891, , , , , , , 30.1917115, 0.0647898, , , , , , , , , , , , , , , , , , , , , , , , , , , , 
30.1922308, -0.0250095, , , , , , , 30.1922308, -0.0090639, , , , , , , 30.1922308, -0.0025177, , , , , , , 30.1922308, 0.0671397, , , , , , , , , , , , , , , , , , , , , , , , , , , , 
30.19275, -0.0344091, , , , , , , 30.19275, -0.0102388, , , , , , , 30.19275, -0.0035248, , , , , , , 30.19275, 0.0683146, , , , , , , , , , , , , , , , , , , , , , , , , , , , 
30.1932692, -0.0370947, , , , , , , 30.1932692, -0.0119173, , , , , , , 30.1932692, -0.0062104, , , , , , , 30.1932692, 0.0683146, , , , , , , , , , , , , , , , , , , , , , , , , , , , 
30.1937885, -0.0219883, , , , , , , 30.1937885, -0.0129244, , , , , , , 30.1937885, -0.005539, , , , , , , 30.1937885, 0.0595865, , , , , , , , , , , , , , , , , , , , , , , , , , , , 
30.1943077, -0.0041962, , , , , , , 30.1943077, -0.0109102, , , , , , , 30.1943077, -0.0035248, , , , , , , 30.1943077, 0.0466621, , , , , , , , , , , , , , , , , , , , , , , , , , , , 
30.1948269, 0.0038605, , , , , , , 30.1948269, -0.0095674, , , , , , , 30.1948269, -0.0041962, , , , , , , 30.1948269, 0.0360876, , , , , , , , , , , , , , , , , , , , , , , , , , , , 
30.1953462, 0.0095674, , , , , , , 30.1953462, -0.0109102, , , , , , , 30.1953462, -0.0078889, , , , , , , 30.1953462, 0.0297093, , , , , , , , , , , , , , , , , , , , , , , , , , , , 
30.1958654, 0.0140993, , , , , , , 30.1958654, -0.0132601, , , , , , , 30.1958654, -0.0102388, , , , , , , 30.1958654, 0.0260166, , , , , , , , , , , , , , , , , , , , , , , , , , , , 
30.1963846, 0.0151064, , , , , , , 30.1963846, -0.0132601, , , , , , , 30.1963846, -0.0095674, , , , , , , 30.1963846, 0.023331, , , , , , , , , , , , , , , , , , , , , , , , , , , , 
30.1969038, 0.0135958, , , , , , , 30.1969038, -0.0119173, , , , , , , 30.1969038, -0.0075532, , , , , , , 30.1969038, 0.0186313, , , , , , , , , , , , , , , , , , , , , , , , , , , , 
30.1974231, 0.0166171, , , , , , , 30.1974231, -0.0082246, , , , , , , 30.1974231, -0.0075532, , , , , , , 30.1974231, 0.0159457, , , , , , , , , , , , , , , , , , , , , , , , , , , , 
30.1979423, 0.0198062, , , , , , , 30.1979423, -0.0058747, , , , , , , 30.1979423, -0.008896, , , , , , , 30.1979423, 0.0135958, , , , , , , , , , , , , , , , , , , , , , , , , , , , 
30.1984615, 0.0199741, , , , , , , 30.1984615, -0.0078889, , , , , , , 30.1984615, -0.0082246, , , , , , , 30.1984615, 0.0099031, , , , , , , , , , , , , , , , , , , , , , , , , , , , 
30.1989808, 0.0271916, , , , , , , 30.1989808, -0.0109102, , , , , , , 30.1989808, -0.0062104, , , , , , , 30.1989808, 0.0085603, , , , , , , , , , , , , , , , , , , , , , , , , , , , 
30.1995, 0.0387732, , , , , , , 30.1995, -0.0109102, , , , , , , 30.1995, -0.0065461, , , , , , , 30.1995, 0.0085603, , , , , , , , , , , , , , , , , , , , , , , , , , , , 
30.2000192, 0.0464942, , , , , , , 30.2000192, -0.0097353, , , , , , , 30.2000192, -0.0082246, , , , , , , 30.2000192, 0.0075532, , , , , , , , , , , , , , , , , , , , , , , , , , , , 
30.2005385, 0.0508583, , , , , , , 30.2005385, -0.0085603, , , , , , , 30.2005385, -0.0083925, , , , , , , 30.2005385, 0.0072175, , , , , , , , , , , , , , , , , , , , , , , , , , , , 
30.2010577, 0.0582437, , , , , , , 30.2010577, -0.0068818, , , , , , , 30.2010577, -0.005539, , , , , , , 30.2010577, 0.0078889, , , , , , , , , , , , , , , , , , , , , , , , , , , , 
30.2015769, 0.0589151, , , , , , , 30.2015769, -0.0058747, , , , , , , 30.2015769, -0.0041962, , , , , , , 30.2015769, 0.0072175, , , , , , , , , , , , , , , , , , , , , , , , , , , , 
30.2020962, 0.0505226, , , , , , , 30.2020962, -0.005539, , , , , , , 30.2020962, -0.0045319, , , , , , , 30.2020962, 0.0068818, , , , , , , , , , , , , , , , , , , , , , , , , , , , 
30.2026154, 0.0454871, , , , , , , 30.2026154, -0.0068818, , , , , , , 30.2026154, -0.005539, , , , , , , 30.2026154, 0.0072175, , , , , , , , , , , , , , , , , , , , , , , , , , , , 
30.2031346, 0.0428016, , , , , , , 30.2031346, -0.0115816, , , , , , , 30.2031346, -0.0078889, , , , , , , 30.2031346, 0.0050355, , , , , , , , , , , , , , , , , , , , , , , , , , , , 
30.2036538, 0.0446479, , , , , , , 30.2036538, -0.0135958, , , , , , , 30.2036538, -0.0114137, , , , , , , 30.2036538, -0.0041962, , , , , , , , , , , , , , , , , , , , , , , , , , , , 
30.2041731, 0.0518654, , , , , , , 30.2041731, -0.0112459, , , , , , , 30.2041731, -0.0149386, , , , , , , 30.2041731, -0.0179599, , , , , , , , , , , , , , , , , , , , , , , , , , , , 
30.2046923, 0.0589151, , , , , , , 30.2046923, -0.0058747, , , , , , , 30.2046923, -0.0169528, , , , , , , 30.2046923, -0.0271916, , , , , , , , , , , , , , , , , , , , , , , , , , , , 
30.2052115, 0.0595865, , , , , , , 30.2052115, -0.0041962, , , , , , , 30.2052115, -0.0171206, , , , , , , 30.2052115, -0.0283665, , , , , , , , , , , , , , , , , , , , , , , , , , , , 
30.2057308, 0.0548867, , , , , , , 30.2057308, -0.0041962, , , , , , , 30.2057308, -0.0142672, , , , , , , 30.2057308, -0.0283665, , , , , , , , , , , , , , , , , , , , , , , , , , , , 
30.20625, 0.0501869, , , , , , , 30.20625, -0.0036927, , , , , , , 30.20625, -0.0115816, , , , , , , 30.20625, -0.0283665, , , , , , , , , , , , , , , , , , , , , , , , , , , , 
30.2067692, 0.0463264, , , , , , , 30.2067692, -0.0028534, , , , , , , 30.2067692, -0.0099031, , , , , , , 30.2067692, -0.0270237, , , , , , , , , , , , , , , , , , , , , , , , , , , , 
30.2072885, 0.0428016, , , , , , , 30.2072885, -0.002182, , , , , , , 30.2072885, -0.0095674, , , , , , , 30.2072885, -0.0243381, , , , , , , , , , , , , , , , , , , , , , , , , , , , 
30.2078077, 0.0313878, , , , , , , 30.2078077, -0.002182, , , , , , , 30.2078077, -0.008896, , , , , , , 30.2078077, -0.0176242, , , , , , , , , , , , , , , , , , , , , , , , , , , , 
30.2083269, 0.0125887, , , , , , , 30.2083269, -0.0030213, , , , , , , 30.2083269, -0.010071, , , , , , , 30.2083269, -0.0085603, , , , , , , , , , , , , , , , , , , , , , , , , , , , 
30.2088462, 0.0025177, , , , , , , 30.2088462, -0.0041962, , , , , , , 30.2088462, -0.0115816, , , , , , , 30.2088462, 0.0005035, , , , , , , , , , , , , , , , , , , , , , , , , , , , 
30.2093654, -0.0008392, , , , , , , 30.2093654, -0.0085603, , , , , , , 30.2093654, -0.0124208, , , , , , , 30.2093654, 0.0105745, , , , , , , , , , , , , , , , , , , , , , , , , , , , 
30.2098846, -0.0036927, , , , , , , 30.2098846, -0.012253, , , , , , , 30.2098846, -0.011078, , , , , , , 30.2098846, 0.0219883, , , , , , , , , , , , , , , , , , , , , , , , , , , , 
30.2104038, -0.0068818, , , , , , , 30.2104038, -0.012253, , , , , , , 30.2104038, -0.0083925, , , , , , , 30.2104038, 0.0318914, , , , , , , , , , , , , , , , , , , , , , , , , , , , 
30.2109231, -0.0135958, , , , , , , 30.2109231, -0.012253, , , , , , , 30.2109231, -0.0041962, , , , , , , 30.2109231, 0.0421302, , , , , , , , , , , , , , , , , , , , , , , , , , , , 
30.2114423, -0.0223239, , , , , , , 30.2114423, -0.0125887, , , , , , , 30.2114423, 0.0003357, , , , , , , 30.2114423, 0.0518654, , , , , , , , , , , , , , , , , , , , , , , , , , , , 
30.2119615, -0.0260166, , , , , , , 30.2119615, -0.0112459, , , , , , , 30.2119615, 0.002182, , , , , , , 30.2119615, 0.0595865, , , , , , , , , , , , , , , , , , , , , , , , , , , , 
30.2124808, -0.0206455, , , , , , , 30.2124808, -0.0070497, , , , , , , 30.2124808, 0.0030213, , , , , , , 30.2124808, 0.0663005, , , , , , , , , , , , , , , , , , , , , , , , , , , , 
30.213, -0.0142672, , , , , , , 30.213, -0.0058747, , , , , , , 30.213, 0.0018463, , , , , , , 30.213, 0.0693217, , , , , , , , , , , , , , , , , , , , , , , , , , , , 
30.2135192, -0.0152743, , , , , , , 30.2135192, -0.0082246, , , , , , , 30.2135192, -0.0008392, , , , , , , 30.2135192, 0.0636149, , , , , , , , , , , , , , , , , , , , , , , , , , , , 
30.2140385, -0.0203098, , , , , , , 30.2140385, -0.0092317, , , , , , , 30.2140385, 0.0001678, , , , , , , 30.2140385, 0.0522011, , , , , , , , , , , , , , , , , , , , , , , , , , , , 
30.2145577, -0.0172885, , , , , , , 30.2145577, -0.0083925, , , , , , , 30.2145577, 0.0045319, , , , , , , 30.2145577, 0.0404517, , , , , , , , , , , , , , , , , , , , , , , , , , , , 
30.2150769, -0.0008392, , , , , , , 30.2150769, -0.0068818, , , , , , , 30.2150769, 0.0052033, , , , , , , 30.2150769, 0.0327306, , , , , , , , , , , , , , , , , , , , , , , , , , , , 
30.2155962, 0.0152743, , , , , , , 30.2155962, -0.0075532, , , , , , , 30.2155962, 0.0015106, , , , , , , 30.2155962, 0.0287022, , , , , , , , , , , , , , , , , , , , , , , , , , , , 
30.2161154, 0.0186313, , , , , , , 30.2161154, -0.0072175, , , , , , , 30.2161154, 0.0005035, , , , , , , 30.2161154, 0.0246738, , , , , , , , , , , , , , , , , , , , , , , , , , , , 
30.2166346, 0.0152743, , , , , , , 30.2166346, -0.0052033, , , , , , , 30.2166346, 0.0001678, , , , , , , 30.2166346, 0.0209812, , , , , , , , , , , , , , , , , , , , , , , , , , , , 
30.2171538, 0.0105745, , , , , , , 30.2171538, -0.0035248, , , , , , , 30.2171538, -0.0008392, , , , , , , 30.2171538, 0.01561, , , , , , , , , , , , , , , , , , , , , , , , , , , , 
30.2176731, 0.0090639, , , , , , , 30.2176731, -0.0028534, , , , , , , 30.2176731, -0.0015106, , , , , , , 30.2176731, 0.0102388, , , , , , , , , , , , , , , , , , , , , , , , , , , , 
30.2181923, 0.008896, , , , , , , 30.2181923, -0.0028534, , , , , , , 30.2181923, -0.0035248, , , , , , , 30.2181923, 0.0065461, , , , , , , , , , , , , , , , , , , , , , , , , , , , 
30.2187115, 0.0078889, , , , , , , 30.2187115, -0.002182, , , , , , , 30.2187115, -0.0075532, , , , , , , 30.2187115, 0.0065461, , , , , , , , , , , , , , , , , , , , , , , , , , , , 
30.2192308, 0.0072175, , , , , , , 30.2192308, -0.0040284, , , , , , , 30.2192308, -0.0099031, , , , , , , 30.2192308, 0.0043641, , , , , , , , , , , , , , , , , , , , , , , , , , , , 
30.21975, 0.0083925, , , , , , , 30.21975, -0.0052033, , , , , , , 30.21975, -0.0112459, , , , , , , 30.21975, 0.002182, , , , , , , , , , , , , , , , , , , , , , , , , , , , 
30.2202692, 0.0102388, , , , , , , 30.2202692, -0.0045319, , , , , , , 30.2202692, -0.0109102, , , , , , , 30.2202692, -0.0001678, , , , , , , , , , , , , , , , , , , , , , , , , , , , 
30.2207885, 0.0105745, , , , , , , 30.2207885, -0.0041962, , , , , , , 30.2207885, -0.0097353, , , , , , , 30.2207885, -0.0031891, , , , , , , , , , , , , , , , , , , , , , , , , , , , 
30.2213077, 0.0109102, , , , , , , 30.2213077, -0.0041962, , , , , , , 30.2213077, -0.0102388, , , , , , , 30.2213077, -0.002182, , , , , , , , , , , , , , , , , , , , , , , , , , , , 
30.2218269, 0.0159457, , , , , , , 30.2218269, -0.0043641, , , , , , , 30.2218269, -0.010071, , , , , , , 30.2218269, 0.0008392, , , , , , , , , , , , , , , , , , , , , , , , , , , , 
30.2223462, 0.0199741, , , , , , , 30.2223462, -0.0065461, , , , , , , 30.2223462, -0.0099031, , , , , , , 30.2223462, 0.0041962, , , , , , , , , , , , , , , , , , , , , , , , , , , , 
30.2228654, 0.0166171, , , , , , , 30.2228654, -0.0068818, , , , , , , 30.2228654, -0.0112459, , , , , , , 30.2228654, 0.0031891, , , , , , , , , , , , , , , , , , , , , , , , , , , , 
30.2233846, 0.0135958, , , , , , , 30.2233846, -0.0058747, , , , , , , 30.2233846, -0.0115816, , , , , , , 30.2233846, -0.0052033, , , , , , , , , , , , , , , , , , , , , , , , , , , , 
30.2239038, 0.0206455, , , , , , , 30.2239038, -0.0058747, , , , , , , 30.2239038, -0.0115816, , , , , , , 30.2239038, -0.018967, , , , , , , , , , , , , , , , , , , , , , , , , , , , 
30.2244231, 0.03122, , , , , , , 30.2244231, -0.0082246, , , , , , , 30.2244231, -0.011078, , , , , , , 30.2244231, -0.0250095, , , , , , , , , , , , , , , , , , , , , , , , , , , , 
30.2249423, 0.0374304, , , , , , , 30.2249423, -0.0092317, , , , , , , 30.2249423, -0.0109102, , , , , , , 30.2249423, -0.0250095, , , , , , , , , , , , , , , , , , , , , , , , , , , , 
30.2254615, 0.0414588, , , , , , , 30.2254615, -0.0085603, , , , , , , 30.2254615, -0.0117494, , , , , , , 30.2254615, -0.0276951, , , , , , , , , , , , , , , , , , , , , , , , , , , , 
30.2259808, 0.0446479, , , , , , , 30.2259808, -0.0063783, , , , , , , 30.2259808, -0.0124208, , , , , , , 30.2259808, -0.030045, , , , , , , , , , , , , , , , , , , , , , , , , , , , 
30.2265, 0.0397803, , , , , , , 30.2265, -0.005539, , , , , , , 30.2265, -0.0119173, , , , , , , 30.2265, -0.0270237, , , , , , , , , , , , , , , , , , , , , , , , , , , , 
30.2270192, 0.0292058, , , , , , , 30.2270192, -0.0060426, , , , , , , 30.2270192, -0.0099031, , , , , , , 30.2270192, -0.0198062, , , , , , , , , , , , , , , , , , , , , , , , , , , , 
30.2275385, 0.0172885, , , , , , , 30.2275385, -0.005539, , , , , , , 30.2275385, -0.0085603, , , , , , , 30.2275385, -0.0095674, , , , , , , , , , , , , , , , , , , , , , , , , , , , 
30.2280577, 0.0075532, , , , , , , 30.2280577, -0.0072175, , , , , , , 30.2280577, -0.0078889, , , , , , , 30.2280577, 0.0003357, , , , , , , , , , , , , , , , , , , , , , , , , , , , 
30.2285769, 0.0015106, , , , , , , 30.2285769, -0.0124208, , , , , , , 30.2285769, -0.0075532, , , , , , , 30.2285769, 0.0070497, , , , , , , , , , , , , , , , , , , , , , , , , , , , 
30.2290962, -0.0031891, , , , , , , 30.2290962, -0.0142672, , , , , , , 30.2290962, -0.0057069, , , , , , , 30.2290962, 0.0119173, , , , , , , , , , , , , , , , , , , , , , , , , , , , 
30.2296154, -0.010071, , , , , , , 30.2296154, -0.012253, , , , , , , 30.2296154, -0.0038605, , , , , , , 30.2296154, 0.0206455, , , , , , , , , , , , , , , , , , , , , , , , , , , , 
30.2301346, -0.0213169, , , , , , , 30.2301346, -0.0099031, , , , , , , 30.2301346, -0.0045319, , , , , , , 30.2301346, 0.0313878, , , , , , , , , , , , , , , , , , , , , , , , , , , , 
30.2306538, -0.0270237, , , , , , , 30.2306538, -0.0082246, , , , , , , 30.2306538, -0.005539, , , , , , , 30.2306538, 0.0404517, , , , , , , , , , , , , , , , , , , , , , , , , , , , 
30.2311731, -0.0283665, , , , , , , 30.2311731, -0.0095674, , , , , , , 30.2311731, -0.0035248, , , , , , , 30.2311731, 0.0495155, , , , , , , , , , , , , , , , , , , , , , , , , , , , 
30.2316923, -0.026688, , , , , , , 30.2316923, -0.0115816, , , , , , , 30.2316923, -0.002182, , , , , , , 30.2316923, 0.0560616, , , , , , , , , , , , , , , , , , , , , , , , , , , , 
30.2322115, -0.026688, , , , , , , 30.2322115, -0.0142672, , , , , , , 30.2322115, -0.0035248, , , , , , , 30.2322115, 0.0626078, , , , , , , , , , , , , , , , , , , , , , , , , , , , 
30.2327308, -0.0280308, , , , , , , 30.2327308, -0.0142672, , , , , , , 30.2327308, -0.0048676, , , , , , , 30.2327308, 0.0678111, , , , , , , , , , , , , , , , , , , , , , , , , , , , 
30.23325, -0.0276951, , , , , , , 30.23325, -0.0129244, , , , , , , 30.23325, -0.0041962, , , , , , , 30.23325, 0.0673075, , , , , , , , , , , , , , , , , , , , , , , , , , , , 
30.2337692, -0.0196384, , , , , , , 30.2337692, -0.011078, , , , , , , 30.2337692, -0.0023499, , , , , , , 30.2337692, 0.0599222, , , , , , , , , , , , , , , , , , , , , , , , , , , , 
30.2342885, -0.0075532, , , , , , , 30.2342885, -0.008896, , , , , , , 30.2342885, -0.0038605, , , , , , , 30.2342885, 0.0488441, , , , , , , , , , , , , , , , , , , , , , , , , , , , 
30.2348077, -0.002182, , , , , , , 30.2348077, -0.0085603, , , , , , , 30.2348077, -0.0077211, , , , , , , 30.2348077, 0.040116, , , , , , , , , , , , , , , , , , , , , , , , , , , , 
30.2353269, 0.0015106, , , , , , , 30.2353269, -0.008896, , , , , , , 30.2353269, -0.0135958, , , , , , , 30.2353269, 0.0330663, , , , , , , , , , , , , , , , , , , , , , , , , , , , 
30.2358462, 0.0015106, , , , , , , 30.2358462, -0.0082246, , , , , , , 30.2358462, -0.0166171, , , , , , , 30.2358462, 0.026688, , , , , , , , , , , , , , , , , , , , , , , , , , , , 
30.2363654, 0.0001678, , , , , , , 30.2363654, -0.0082246, , , , , , , 30.2363654, -0.0149386, , , , , , , 30.2363654, 0.0213169, , , , , , , , , , , , , , , , , , , , , , , , , , , , 
30.2368846, 0.0008392, , , , , , , 30.2368846, -0.0105745, , , , , , , 30.2368846, -0.0117494, , , , , , , 30.2368846, 0.0193027, , , , , , , , , , , , , , , , , , , , , , , , , , , , 
30.2374038, 0.0038605, , , , , , , 30.2374038, -0.0125887, , , , , , , 30.2374038, -0.0095674, , , , , , , 30.2374038, 0.0184634, , , , , , , , , , , , , , , , , , , , , , , , , , , , 
30.2379231, 0.0052033, , , , , , , 30.2379231, -0.0125887, , , , , , , 30.2379231, -0.0068818, , , , , , , 30.2379231, 0.0159457, , , , , , , , , , , , , , , , , , , , , , , , , , , , 
30.2384423, 0.0092317, , , , , , , 30.2384423, -0.0109102, , , , , , , 30.2384423, -0.002182, , , , , , , 30.2384423, 0.012253, , , , , , , , , , , , , , , , , , , , , , , , , , , , 
30.2389615, 0.0209812, , , , , , , 30.2389615, -0.0068818, , , , , , , 30.2389615, 0.0018463, , , , , , , 30.2389615, 0.008896, , , , , , , , , , , , , , , , , , , , , , , , , , , , 
30.2394808, 0.0283665, , , , , , , 30.2394808, -0.0041962, , , , , , , 30.2394808, 0.0025177, , , , , , , 30.2394808, 0.0078889, , , , , , , , , , , , , , , , , , , , , , , , , , , , 
30.24, 0.0250095, , , , , , , 30.24, -0.0031891, , , , , , , 30.24, 0.0023499, , , , , , , 30.24, 0.0062104, , , , , , , , , , , , , , , , , , , , , , , , , , , , 
30.2405192, 0.0193027, , , , , , , 30.2405192, -0.0028534, , , , , , , 30.2405192, 0.0016785, , , , , , , 30.2405192, 0.0052033, , , , , , , , , , , , , , , , , , , , , , , , , , , , 
30.2410385, 0.0166171, , , , , , , 30.2410385, -0.0031891, , , , , , , 30.2410385, -0.0010071, , , , , , , 30.2410385, 0.0031891, , , , , , , , , , , , , , , , , , , , , , , , , , , , 
30.2415577, 0.0193027, , , , , , , 30.2415577, -0.0028534, , , , , , , 30.2415577, -0.0048676, , , , , , , 30.2415577, 0.0011749, , , , , , , , , , , , , , , , , , , , , , , , , , , , 
30.2420769, 0.0203098, , , , , , , 30.2420769, -0.0015106, , , , , , , 30.2420769, -0.0082246, , , , , , , 30.2420769, 0.0018463, , , , , , , , , , , , , , , , , , , , , , , , , , , , 
30.2425962, 0.0142672, , , , , , , 30.2425962, -0.0008392, , , , , , , 30.2425962, -0.0125887, , , , , , , 30.2425962, 0.0011749, , , , , , , , , , , , , , , , , , , , , , , , , , , , 
30.2431154, 0.0092317, , , , , , , 30.2431154, -0.0028534, , , , , , , 30.2431154, -0.0198062, , , , , , , 30.2431154, -0.0050355, , , , , , , , , , , , , , , , , , , , , , , , , , , , 
30.2436346, 0.0109102, , , , , , , 30.2436346, -0.005539, , , , , , , 30.2436346, -0.0243381, , , , , , , 30.2436346, -0.0184634, , , , , , , , , , , , , , , , , , , , , , , , , , , , 
30.2441538, 0.0119173, , , , , , , 30.2441538, -0.0065461, , , , , , , 30.2441538, -0.0223239, , , , , , , 30.2441538, -0.0313878, , , , , , , , , , , , , , , , , , , , , , , , , , , , 
30.2446731, 0.0135958, , , , , , , 30.2446731, -0.0045319, , , , , , , 30.2446731, -0.0223239, , , , , , , 30.2446731, -0.0354162, , , , , , , , , , , , , , , , , , , , , , , , , , , , 
30.2451923, 0.0157778, , , , , , , 30.2451923, -0.0038605, , , , , , , 30.2451923, -0.0209812, , , , , , , 30.2451923, -0.0344091, , , , , , , , , , , , , , , , , , , , , , , , , , , , 
30.2457115, 0.0152743, , , , , , , 30.2457115, -0.0041962, , , , , , , 30.2457115, -0.0182956, , , , , , , 30.2457115, -0.0357519, , , , , , , , , , , , , , , , , , , , , , , , , , , , 
30.2462308, 0.0129244, , , , , , , 30.2462308, -0.0030213, , , , , , , 30.2462308, -0.0162814, , , , , , , 30.2462308, -0.0337377, , , , , , , , , , , , , , , , , , , , , , , , , , , , 
30.24675, 0.0115816, , , , , , , 30.24675, -0.0041962, , , , , , , 30.24675, -0.0149386, , , , , , , 30.24675, -0.0288701, , , , , , , , , , , , , , , , , , , , , , , , , , , , 
30.2472692, 0.0124208, , , , , , , 30.2472692, -0.0062104, , , , , , , 30.2472692, -0.0139315, , , , , , , 30.2472692, -0.0216526, , , , , , , , , , , , , , , , , , , , , , , , , , , , 
30.2477885, 0.0206455, , , , , , , 30.2477885, -0.0065461, , , , , , , 30.2477885, -0.0119173, , , , , , , 30.2477885, -0.0135958, , , , , , , , , , , , , , , , , , , , , , , , , , , , 
30.2483077, 0.023331, , , , , , , 30.2483077, -0.0095674, , , , , , , 30.2483077, -0.0095674, , , , , , , 30.2483077, -0.0043641, , , , , , , , , , , , , , , , , , , , , , , , , , , , 
30.2488269, 0.0209812, , , , , , , 30.2488269, -0.0139315, , , , , , , 30.2488269, -0.0085603, , , , , , , 30.2488269, 0.0057069, , , , , , , , , , , , , , , , , , , , , , , , , , , , 
30.2493462, 0.026688, , , , , , , 30.2493462, -0.0159457, , , , , , , 30.2493462, -0.005539, , , , , , , 30.2493462, 0.0146029, , , , , , , , , , , , , , , , , , , , , , , , , , , , 
30.2498654, 0.0391089, , , , , , , 30.2498654, -0.0162814, , , , , , , 30.2498654, -0.0025177, , , , , , , 30.2498654, 0.0263523, , , , , , , , , , , , , , , , , , , , , , , , , , , , 
30.2503846, 0.0357519, , , , , , , 30.2503846, -0.0166171, , , , , , , 30.2503846, -0.002182, , , , , , , 30.2503846, 0.040116, , , , , , , , , , , , , , , , , , , , , , , , , , , , 
30.2509038, 0.0151064, , , , , , , 30.2509038, -0.017792, , , , , , , 30.2509038, -0.0031891, , , , , , , 30.2509038, 0.0488441, , , , , , , , , , , , , , , , , , , , , , , , , , , , 
30.2514231, -0.0015106, , , , , , , 30.2514231, -0.0164492, , , , , , , 30.2514231, -0.0038605, , , , , , , 30.2514231, 0.0538796, , , , , , , , , , , , , , , , , , , , , , , , , , , , 
30.2519423, -0.0025177, , , , , , , 30.2519423, -0.0129244, , , , , , , 30.2519423, -0.0045319, , , , , , , 30.2519423, 0.0599222, , , , , , , , , , , , , , , , , , , , , , , , , , , , 
30.2524615, 0.0028534, , , , , , , 30.2524615, -0.0078889, , , , , , , 30.2524615, -0.0016785, , , , , , , 30.2524615, 0.0652934, , , , , , , , , , , , , , , , , , , , , , , , , , , , 
30.2529808, 0.0072175, , , , , , , 30.2529808, -0.002182, , , , , , , 30.2529808, 0.0015106, , , , , , , 30.2529808, 0.0686503, , , , , , , , , , , , , , , , , , , , , , , , , , , , 
30.2535, 0.0159457, , , , , , , 30.2535, 0.0031891, , , , , , , 30.2535, 0.0011749, , , , , , , 30.2535, 0.0639506, , , , , , , , , , , , , , , , , , , , , , , , , , , , 
30.2540192, 0.0307164, , , , , , , 30.2540192, 0.0065461, , , , , , , 30.2540192, -0.0016785, , , , , , , 30.2540192, 0.054551, , , , , , , , , , , , , , , , , , , , , , , , , , , , 
30.2545385, 0.0428016, , , , , , , 30.2545385, 0.0057069, , , , , , , 30.2545385, -0.0043641, , , , , , , 30.2545385, 0.0461585, , , , , , , , , , , , , , , , , , , , , , , , , , , , 
30.2550577, 0.0468299, , , , , , , 30.2550577, 0.0011749, , , , , , , 30.2550577, -0.0050355, , , , , , , 30.2550577, 0.0384375, , , , , , , , , , , , , , , , , , , , , , , , , , , , 
30.2555769, 0.0428016, , , , , , , 30.2555769, -0.0046998, , , , , , , 30.2555769, -0.0052033, , , , , , , 30.2555769, 0.0317235, , , , , , , , , , , , , , , , , , , , , , , , , , , , 
30.2560962, 0.036759, , , , , , , 30.2560962, -0.0125887, , , , , , , 30.2560962, -0.0068818, , , , , , , 30.2560962, 0.026688, , , , , , , , , , , , , , , , , , , , , , , , , , , , 
30.2566154, 0.0340734, , , , , , , 30.2566154, -0.0206455, , , , , , , 30.2566154, -0.0082246, , , , , , , 30.2566154, 0.0226596, , , , , , , , , , , , , , , , , , , , , , , , , , , , 
30.2571346, 0.0320592, , , , , , , 30.2571346, -0.0216526, , , , , , , 30.2571346, -0.0075532, , , , , , , 30.2571346, 0.0206455, , , , , , , , , , , , , , , , , , , , , , , , , , , , 
30.2576538, 0.0330663, , , , , , , 30.2576538, -0.0125887, , , , , , , 30.2576538, -0.0062104, , , , , , , 30.2576538, 0.0176242, , , , , , , , , , , , , , , , , , , , , , , , , , , , 
30.2581731, 0.0344091, , , , , , , 30.2581731, -0.0025177, , , , , , , 30.2581731, -0.0052033, , , , , , , 30.2581731, 0.012253, , , , , , , , , , , , , , , , , , , , , , , , , , , , 
30.2586923, 0.0313878, , , , , , , 30.2586923, -0.0008392, , , , , , , 30.2586923, -0.002182, , , , , , , 30.2586923, 0.0072175, , , , , , , , , , , , , , , , , , , , , , , , , , , , 
30.2592115, 0.0280308, , , , , , , 30.2592115, -0.003357, , , , , , , 30.2592115, -0.0001678, , , , , , , 30.2592115, 0.0052033, , , , , , , , , , , , , , , , , , , , , , , , , , , , 
30.2597308, 0.0276951, , , , , , , 30.2597308, -0.0077211, , , , , , , 30.2597308, -0.0015106, , , , , , , 30.2597308, 0.0052033, , , , , , , , , , , , , , , , , , , , , , , , , , , , 
30.26025, 0.0270237, , , , , , , 30.26025, -0.0152743, , , , , , , 30.26025, -0.0041962, , , , , , , 30.26025, 0.0031891, , , , , , , , , , , , , , , , , , , , , , , , , , , , 
30.2607692, 0.0260166, , , , , , , 30.2607692, -0.0234989, , , , , , , 30.2607692, -0.0078889, , , , , , , 30.2607692, 0.0010071, , , , , , , , , , , , , , , , , , , , , , , , , , , , 
30.2612885, 0.0253452, , , , , , , 30.2612885, -0.0271916, , , , , , , 30.2612885, -0.0085603, , , , , , , 30.2612885, -0.0005035, , , , , , , , , , , , , , , , , , , , , , , , , , , , 
30.2618077, 0.0199741, , , , , , , 30.2618077, -0.0216526, , , , , , , 30.2618077, -0.0092317, , , , , , , 30.2618077, -0.0018463, , , , , , , , , , , , , , , , , , , , , , , , , , , , 
30.2623269, 0.0199741, , , , , , , 30.2623269, -0.0129244, , , , , , , 30.2623269, -0.0109102, , , , , , , 30.2623269, -0.0001678, , , , , , , , , , , , , , , , , , , , , , , , , , , , 
30.2628462, 0.0246738, , , , , , , 30.2628462, -0.0041962, , , , , , , 30.2628462, -0.0112459, , , , , , , 30.2628462, -0.0015106, , , , , , , , , , , , , , , , , , , , , , , , , , , , 
30.2633654, 0.0293736, , , , , , , 30.2633654, 0.0005035, , , , , , , 30.2633654, -0.0115816, , , , , , , 30.2633654, -0.0104067, , , , , , , , , , , , , , , , , , , , , , , , , , , , 
30.2638846, 0.0347448, , , , , , , 30.2638846, 0.0015106, , , , , , , 30.2638846, -0.012253, , , , , , , 30.2638846, -0.0224918, , , , , , , , , , , , , , , , , , , , , , , , , , , , 
30.2644038, 0.0399481, , , , , , , 30.2644038, -0.0001678, , , , , , , 30.2644038, -0.0125887, , , , , , , 30.2644038, -0.0317235, , , , , , , , , , , , , , , , , , , , , , , , , , , , 
30.2649231, 0.0438087, , , , , , , 30.2649231, -0.0031891, , , , , , , 30.2649231, -0.0115816, , , , , , , 30.2649231, -0.0327306, , , , , , , , , , , , , , , , , , , , , , , , , , , , 
30.2654423, 0.0475013, , , , , , , 30.2654423, -0.0050355, , , , , , , 30.2654423, -0.0117494, , , , , , , 30.2654423, -0.0310521, , , , , , , , , , , , , , , , , , , , , , , , , , , , 
30.2659615, 0.0498512, , , , , , , 30.2659615, -0.0068818, , , , , , , 30.2659615, -0.012253, , , , , , , 30.2659615, -0.030045, , , , , , , , , , , , , , , , , , , , , , , , , , , , 
30.2664808, 0.0481727, , , , , , , 30.2664808, -0.0105745, , , , , , , 30.2664808, -0.0097353, , , , , , , 30.2664808, -0.0258488, , , , , , , , , , , , , , , , , , , , , , , , , , , , 
30.267, 0.0468299, , , , , , , 30.267, -0.0149386, , , , , , , 30.267, -0.0065461, , , , , , , 30.267, -0.018967, , , , , , , , , , , , , , , , , , , , , , , , , , , , 
30.2675192, 0.0407874, , , , , , , 30.2675192, -0.0142672, , , , , , , 30.2675192, -0.0041962, , , , , , , 30.2675192, -0.0109102, , , , , , , , , , , , , , , , , , , , , , , , , , , , 
30.2680385, 0.0246738, , , , , , , 30.2680385, -0.0169528, , , , , , , 30.2680385, -0.005539, , , , , , , 30.2680385, -0.0035248, , , , , , , , , , , , , , , , , , , , , , , , , , , , 
30.2685577, 0.005539, , , , , , , 30.2685577, -0.0283665, , , , , , , 30.2685577, -0.0097353, , , , , , , 30.2685577, 0.0015106, , , , , , , , , , , , , , , , , , , , , , , , , , , , 
30.2690769, -0.0104067, , , , , , , 30.2690769, -0.0320592, , , , , , , 30.2690769, -0.0112459, , , , , , , 30.2690769, 0.0087282, , , , , , , , , , , , , , , , , , , , , , , , , , , , 
30.2695962, -0.0216526, , , , , , , 30.2695962, -0.0203098, , , , , , , 30.2695962, -0.008896, , , , , , , 30.2695962, 0.0196384, , , , , , , , , , , , , , , , , , , , , , , , , , , , 
30.2701154, -0.0270237, , , , , , , 30.2701154, -0.0052033, , , , , , , 30.2701154, -0.0078889, , , , , , , 30.2701154, 0.0320592, , , , , , , , , , , , , , , , , , , , , , , , , , , , 
30.2706346, -0.0263523, , , , , , , 30.2706346, 0.0078889, , , , , , , 30.2706346, -0.0068818, , , , , , , 30.2706346, 0.0428016, , , , , , , , , , , , , , , , , , , , , , , , , , , , 
30.2711538, -0.0162814, , , , , , , 30.2711538, 0.0253452, , , , , , , 30.2711538, -0.0058747, , , , , , , 30.2711538, 0.0491798, , , , , , , , , , , , , , , , , , , , , , , , , , , , 
30.2716731, -0.0052033, , , , , , , 30.2716731, 0.04448, , , , , , , 30.2716731, -0.0068818, , , , , , , 30.2716731, 0.0522011, , , , , , , , , , , , , , , , , , , , , , , , , , , , 
30.2721923, -0.0001678, , , , , , , 30.2721923, 0.0538796, , , , , , , 30.2721923, -0.0078889, , , , , , , 30.2721923, 0.0548867, , , , , , , , , , , , , , , , , , , , , , , , , , , , 
30.2727115, 0.0045319, , , , , , , 30.2727115, 0.0528725, , , , , , , 30.2727115, -0.0072175, , , , , , , 30.2727115, 0.0592508, , , , , , , , , , , , , , , , , , , , , , , , , , , , 
30.2732308, 0.0018463, , , , , , , 30.2732308, 0.0562295, , , , , , , 30.2732308, -0.0070497, , , , , , , 30.2732308, 0.0595865, , , , , , , , , , , , , , , , , , , , , , , , , , , , 
30.27375, -0.0104067, , , , , , , 30.27375, 0.0607614, , , , , , , 30.27375, -0.0082246, , , , , , , 30.27375, 0.0493477, , , , , , , , , , , , , , , , , , , , , , , , , , , , 
30.2742692, -0.0216526, , , , , , , 30.2742692, 0.0552224, , , , , , , 30.2742692, -0.0092317, , , , , , , 30.2742692, 0.0357519, , , , , , , , , , , , , , , , , , , , , , , , , , , , 
30.2747885, -0.0198062, , , , , , , 30.2747885, 0.0414588, , , , , , , 30.2747885, -0.0102388, , , , , , , 30.2747885, 0.0273594, , , , , , , , , , , , , , , , , , , , , , , , , , , , 
30.2753077, -0.012253, , , , , , , 30.2753077, 0.0313878, , , , , , , 30.2753077, -0.012253, , , , , , , 30.2753077, 0.023331, , , , , , , , , , , , , , , , , , , , , , , , , , , , 
30.2758269, -0.0070497, , , , , , , 30.2758269, 0.0219883, , , , , , , 30.2758269, -0.0135958, , , , , , , 30.2758269, 0.0216526, , , , , , , , , , , , , , , , , , , , , , , , , , , , 
30.2763462, -0.002182, , , , , , , 30.2763462, 0.0070497, , , , , , , 30.2763462, -0.0137636, , , , , , , 30.2763462, 0.0179599, , , , , , , , , , , , , , , , , , , , , , , , , , , , 
30.2768654, 0.0018463, , , , , , , 30.2768654, -0.012253, , , , , , , 30.2768654, -0.0132601, , , , , , , 30.2768654, 0.0132601, , , , , , , , , , , , , , , , , , , , , , , , , , , , 
30.2773846, 0.0028534, , , , , , , 30.2773846, -0.0305486, , , , , , , 30.2773846, -0.012253, , , , , , , 30.2773846, 0.0109102, , , , , , , , , , , , , , , , , , , , , , , , , , , , 
30.2779038, -0.0011749, , , , , , , 30.2779038, -0.0448157, , , , , , , 30.2779038, -0.012253, , , , , , , 30.2779038, 0.0095674, , , , , , , , , , , , , , , , , , , , , , , , , , , , 
30.2784231, -0.005539, , , , , , , 30.2784231, -0.0569009, , , , , , , 30.2784231, -0.011078, , , , , , , 30.2784231, 0.0072175, , , , , , , , , , , , , , , , , , , , , , , , , , , , 
30.2789423, -0.0062104, , , , , , , 30.2789423, -0.0636149, , , , , , , 30.2789423, -0.0104067, , , , , , , 30.2789423, 0.0028534, , , , , , , , , , , , , , , , , , , , , , , , , , , , 
30.2794615, -0.0035248, , , , , , , 30.2794615, -0.0592508, , , , , , , 30.2794615, -0.0099031, , , , , , , 30.2794615, -0.0008392, , , , , , , , , , , , , , , , , , , , , , , , , , , , 
30.2799808, 0.0038605, , , , , , , 30.2799808, -0.0491798, , , , , , , 30.2799808, -0.0085603, , , , , , , 30.2799808, -0.002182, , , , , , , , , , , , , , , , , , , , , , , , , , , , 
30.2805, 0.0119173, , , , , , , 30.2805, -0.0397803, , , , , , , 30.2805, -0.0085603, , , , , , , 30.2805, -0.002182, , , , , , , , , , , , , , , , , , , , , , , , , , , , 
30.2810192, 0.0159457, , , , , , , 30.2810192, -0.0298772, , , , , , , 30.2810192, -0.0082246, , , , , , , 30.2810192, -0.0020142, , , , , , , , , , , , , , , , , , , , , , , , , , , , 
30.2815385, 0.0186313, , , , , , , 30.2815385, -0.0224918, , , , , , , 30.2815385, -0.0065461, , , , , , , 30.2815385, -0.0011749, , , , , , , , , , , , , , , , , , , , , , , , , , , , 
30.2820577, 0.023331, , , , , , , 30.2820577, -0.0303807, , , , , , , 30.2820577, -0.0075532, , , , , , , 30.2820577, -0.0015106, , , , , , , , , , , , , , , , , , , , , , , , , , , , 
30.2825769, 0.0236667, , , , , , , 30.2825769, -0.0458228, , , , , , , 30.2825769, -0.0085603, , , , , , , 30.2825769, -0.002182, , , , , , , , , , , , , , , , , , , , , , , , , , , , 
30.2830962, 0.0182956, , , , , , , 30.2830962, -0.0552224, , , , , , , 30.2830962, -0.0090639, , , , , , , 30.2830962, -0.0045319, , , , , , , , , , , , , , , , , , , , , , , , , , , , 
30.2836154, 0.0092317, , , , , , , 30.2836154, -0.0602579, , , , , , , 30.2836154, -0.0112459, , , , , , , 30.2836154, -0.0135958, , , , , , , , , , , , , , , , , , , , , , , , , , , , 
30.2841346, 0.0075532, , , , , , , 30.2841346, -0.0607614, , , , , , , 30.2841346, -0.0125887, , , , , , , 30.2841346, -0.0251774, , , , , , , , , , , , , , , , , , , , , , , , , , , , 
30.2846538, 0.012253, , , , , , , 30.2846538, -0.0572366, , , , , , , 30.2846538, -0.0125887, , , , , , , 30.2846538, -0.0323949, , , , , , , , , , , , , , , , , , , , , , , , , , , , 
30.2851731, 0.0159457, , , , , , , 30.2851731, -0.0505226, , , , , , , 30.2851731, -0.0125887, , , , , , , 30.2851731, -0.036759, , , , , , , , , , , , , , , , , , , , , , , , , , , , 
30.2856923, 0.0169528, , , , , , , 30.2856923, -0.0404517, , , , , , , 30.2856923, -0.0112459, , , , , , , 30.2856923, -0.0387732, , , , , , , , , , , , , , , , , , , , , , , , , , , , 
30.2862115, 0.0198062, , , , , , , 30.2862115, -0.0261845, , , , , , , 30.2862115, -0.0095674, , , , , , , 30.2862115, -0.0345769, , , , , , , , , , , , , , , , , , , , , , , , , , , , 
30.2867308, 0.0236667, , , , , , , 30.2867308, -0.0139315, , , , , , , 30.2867308, -0.008896, , , , , , , 30.2867308, -0.0253452, , , , , , , , , , , , , , , , , , , , , , , , , , , , 
30.28725, 0.026688, , , , , , , 30.28725, -0.0117494, , , , , , , 30.28725, -0.0090639, , , , , , , 30.28725, -0.0166171, , , , , , , , , , , , , , , , , , , , , , , , , , , , 
30.2877692, 0.0280308, , , , , , , 30.2877692, -0.0216526, , , , , , , 30.2877692, -0.008896, , , , , , , 30.2877692, -0.0082246, , , , , , , , , , , , , , , , , , , , , , , , , , , , 
30.2882885, 0.0280308, , , , , , , 30.2882885, -0.026688, , , , , , , 30.2882885, -0.0082246, , , , , , , 30.2882885, -0.0010071, , , , , , , , , , , , , , , , , , , , , , , , , , , , 
30.2888077, 0.023331, , , , , , , 30.2888077, -0.0166171, , , , , , , 30.2888077, -0.0058747, , , , , , , 30.2888077, 0.0082246, , , , , , , , , , , , , , , , , , , , , , , , , , , , 
30.2893269, 0.0125887, , , , , , , 30.2893269, -0.0031891, , , , , , , 30.2893269, -0.002182, , , , , , , 30.2893269, 0.0186313, , , , , , , , , , , , , , , , , , , , , , , , , , , , 
30.2898462, 0.0001678, , , , , , , 30.2898462, 0.0025177, , , , , , , 30.2898462, -0.0011749, , , , , , , 30.2898462, 0.0290379, , , , , , , , , , , , , , , , , , , , , , , , , , , , 
30.2903654, -0.008896, , , , , , , 30.2903654, -0.0005035, , , , , , , 30.2903654, -0.0008392, , , , , , , 30.2903654, 0.0394446, , , , , , , , , , , , , , , , , , , , , , , , , , , , 
30.2908846, -0.0162814, , , , , , , 30.2908846, -0.005539, , , , , , , 30.2908846, 0.0005035, , , , , , , 30.2908846, 0.0495155, , , , , , , , , , , , , , , , , , , , , , , , , , , , 
30.2914038, -0.0213169, , , , , , , 30.2914038, -0.0109102, , , , , , , 30.2914038, 0.0015106, , , , , , , 30.2914038, 0.0569009, , , , , , , , , , , , , , , , , , , , , , , , , , , , 
30.2919231, -0.018967, , , , , , , 30.2919231, -0.0171206, , , , , , , 30.2919231, 0.0011749, , , , , , , 30.2919231, 0.0629435, , , , , , , , , , , , , , , , , , , , , , , , , , , , 
30.2924423, -0.0146029, , , , , , , 30.2924423, -0.0229953, , , , , , , 30.2924423, -0.0003357, , , , , , , 30.2924423, 0.0676432, , , , , , , , , , , , , , , , , , , , , , , , , , , , 
30.2929615, -0.0167849, , , , , , , 30.2929615, -0.0250095, , , , , , , 30.2929615, -0.002182, , , , , , , 30.2929615, 0.068986, , , , , , , , , , , , , , , , , , , , , , , , , , , , 
30.2934808, -0.0162814, , , , , , , 30.2934808, -0.0240024, , , , , , , 30.2934808, -0.002182, , , , , , , 30.2934808, 0.0629435, , , , , , , , , , , , , , , , , , , , , , , , , , , , 
30.294, -0.0038605, , , , , , , 30.294, -0.0191348, , , , , , , 30.294, -0.0025177, , , , , , , 30.294, 0.0515297, , , , , , , , , , , , , , , , , , , , , , , , , , , , 
30.2945192, 0.0172885, , , , , , , 30.2945192, -0.0099031, , , , , , , 30.2945192, -0.003357, , , , , , , 30.2945192, 0.0424659, , , , , , , , , , , , , , , , , , , , , , , , , , , , 
30.2950385, 0.0347448, , , , , , , 30.2950385, 0.0001678, , , , , , , 30.2950385, -0.0038605, , , , , , , 30.2950385, 0.0372625, , , , , , , , , , , , , , , , , , , , , , , , , , , , 
30.2955577, 0.0433051, , , , , , , 30.2955577, 0.0072175, , , , , , , 30.2955577, -0.005539, , , , , , , 30.2955577, 0.0327306, , , , , , , , , , , , , , , , , , , , , , , , , , , , 
30.2960769, 0.0409552, , , , , , , 30.2960769, 0.0112459, , , , , , , 30.2960769, -0.0070497, , , , , , , 30.2960769, 0.0280308, , , , , , , , , , , , , , , , , , , , , , , , , , , , 
30.2965962, 0.0387732, , , , , , , 30.2965962, 0.0099031, , , , , , , 30.2965962, -0.0092317, , , , , , , 30.2965962, 0.0213169, , , , , , , , , , , , , , , , , , , , , , , , , , , , 
30.2971154, 0.0404517, , , , , , , 30.2971154, 0.0050355, , , , , , , 30.2971154, -0.0109102, , , , , , , 30.2971154, 0.0159457, , , , , , , , , , , , , , , , , , , , , , , , , , , , 
30.2976346, 0.040116, , , , , , , 30.2976346, 0.0011749, , , , , , , 30.2976346, -0.0119173, , , , , , , 30.2976346, 0.0115816, , , , , , , , , , , , , , , , , , , , , , , , , , , , 
30.2981538, 0.0377661, , , , , , , 30.2981538, 0.0005035, , , , , , , 30.2981538, -0.0124208, , , , , , , 30.2981538, 0.0105745, , , , , , , , , , , , , , , , , , , , , , , , , , , , 
30.2986731, 0.0391089, , , , , , , 30.2986731, 0.0031891, , , , , , , 30.2986731, -0.0125887, , , , , , , 30.2986731, 0.0119173, , , , , , , , , , , , , , , , , , , , , , , , , , , , 
30.2991923, 0.0394446, , , , , , , 30.2991923, 0.0104067, , , , , , , 30.2991923, -0.0109102, , , , , , , 30.2991923, 0.0104067, , , , , , , , , , , , , , , , , , , , , , , , , , , , 
30.2997115, 0.0381018, , , , , , , 30.2997115, 0.0166171, , , , , , , 30.2997115, -0.0095674, , , , , , , 30.2997115, 0.0090639, , , , , , , , , , , , , , , , , , , , , , , , , , , , 
30.3002308, 0.0359197, , , , , , , 30.3002308, 0.0213169, , , , , , , 30.3002308, -0.0082246, , , , , , , 30.3002308, 0.008896, , , , , , , , , , , , , , , , , , , , , , , , , , , , 
30.30075, 0.033402, , , , , , , 30.30075, 0.0250095, , , , , , , 30.30075, -0.0082246, , , , , , , 30.30075, 0.0072175, , , , , , , , , , , , , , , , , , , , , , , , , , , , 
30.3012692, 0.0337377, , , , , , , 30.3012692, 0.0240024, , , , , , , 30.3012692, -0.0075532, , , , , , , 30.3012692, 0.0038605, , , , , , , , , , , , , , , , , , , , , , , , , , , , 
30.3017885, 0.0347448, , , , , , , 30.3017885, 0.0199741, , , , , , , 30.3017885, -0.006714, , , , , , , 30.3017885, 0.0031891, , , , , , , , , , , , , , , , , , , , , , , , , , , , 
30.3023077, 0.0251774, , , , , , , 30.3023077, 0.0137636, , , , , , , 30.3023077, -0.0082246, , , , , , , 30.3023077, 0.0052033, , , , , , , , , , , , , , , , , , , , , , , , , , , , 
30.3028269, 0.0139315, , , , , , , 30.3028269, 0.0075532, , , , , , , 30.3028269, -0.0085603, , , , , , , 30.3028269, 0.0048676, , , , , , , , , , , , , , , , , , , , , , , , , , , , 
30.3033462, 0.0048676, , , , , , , 30.3033462, -0.0015106, , , , , , , 30.3033462, -0.012253, , , , , , , 30.3033462, -0.002182, , , , , , , , , , , , , , , , , , , , , , , , , , , , 
30.3038654, -0.0015106, , , , , , , 30.3038654, -0.01561, , , , , , , 30.3038654, -0.0135958, , , , , , , 30.3038654, -0.0140993, , , , , , , , , , , , , , , , , , , , , , , , , , , , 
30.3043846, 0.0003357, , , , , , , 30.3043846, -0.0182956, , , , , , , 30.3043846, -0.0104067, , , , , , , 30.3043846, -0.0236667, , , , , , , , , , , , , , , , , , , , , , , , , , , , 
30.3049038, 0.0112459, , , , , , , 30.3049038, -0.0129244, , , , , , , 30.3049038, -0.0102388, , , , , , , 30.3049038, -0.0283665, , , , , , , , , , , , , , , , , , , , , , , , , , , , 
30.3054231, 0.0224918, , , , , , , 30.3054231, -0.0139315, , , , , , , 30.3054231, -0.0152743, , , , , , , 30.3054231, -0.030045, , , , , , , , , , , , , , , , , , , , , , , , , , , , 
30.3059423, 0.0350805, , , , , , , 30.3059423, -0.0204776, , , , , , , 30.3059423, -0.0152743, , , , , , , 30.3059423, -0.0293736, , , , , , , , , , , , , , , , , , , , , , , , , , , , 
30.3064615, 0.0475013, , , , , , , 30.3064615, -0.0223239, , , , , , , 30.3064615, -0.0139315, , , , , , , 30.3064615, -0.0263523, , , , , , , , , , , , , , , , , , , , , , , , , , , , 
30.3069808, 0.0569009, , , , , , , 30.3069808, -0.01561, , , , , , , 30.3069808, -0.0129244, , , , , , , 30.3069808, -0.0216526, , , , , , , , , , , , , , , , , , , , , , , , , , , , 
30.3075, 0.0619364, , , , , , , 30.3075, -0.0031891, , , , , , , 30.3075, -0.0109102, , , , , , , 30.3075, -0.0149386, , , , , , , , , , , , , , , , , , , , , , , , , , , , 
30.3080192, 0.0522011, , , , , , , 30.3080192, 0.0119173, , , , , , , 30.3080192, -0.008896, , , , , , , 30.3080192, -0.0068818, , , , , , , , , , , , , , , , , , , , , , , , , , , , 
30.3085385, 0.0313878, , , , , , , 30.3085385, 0.0213169, , , , , , , 30.3085385, -0.0068818, , , , , , , 30.3085385, 0.0010071, , , , , , , , , , , , , , , , , , , , , , , , , , , , 
30.3090577, 0.0132601, , , , , , , 30.3090577, 0.0224918, , , , , , , 30.3090577, -0.0048676, , , , , , , 30.3090577, 0.0083925, , , , , , , , , , , , , , , , , , , , , , , , , , , , 
30.3095769, -0.0015106, , , , , , , 30.3095769, 0.0276951, , , , , , , 30.3095769, -0.0052033, , , , , , , 30.3095769, 0.0169528, , , , , , , , , , , , , , , , , , , , , , , , , , , , 
30.3100962, -0.0213169, , , , , , , 30.3100962, 0.0387732, , , , , , , 30.3100962, -0.005539, , , , , , , 30.3100962, 0.0287022, , , , , , , , , , , , , , , , , , , , , , , , , , , , 
30.3106154, -0.0417945, , , , , , , 30.3106154, 0.043473, , , , , , , 30.3106154, -0.0028534, , , , , , , 30.3106154, 0.040116, , , , , , , , , , , , , , , , , , , , , , , , , , , , 
30.3111346, -0.0525368, , , , , , , 30.3111346, 0.0370947, , , , , , , 30.3111346, -0.0008392, , , , , , , 30.3111346, 0.0481727, , , , , , , , , , , , , , , , , , , , , , , , , , , , 
30.3116538, -0.0552224, , , , , , , 30.3116538, 0.0263523, , , , , , , 30.3116538, -0.0010071, , , , , , , 30.3116538, 0.0560616, , , , , , , , , , , , , , , , , , , , , , , , , , , , 
30.3121731, -0.0565652, , , , , , , 30.3121731, 0.0146029, , , , , , , 30.3121731, -0.0001678, , , , , , , 30.3121731, 0.0629435, , , , , , , , , , , , , , , , , , , , , , , , , , , , 
30.3126923, -0.0602579, , , , , , , 30.3126923, 0.0011749, , , , , , , 30.3126923, 0.0008392, , , , , , , 30.3126923, 0.0676432, , , , , , , , , , , , , , , , , , , , , , , , , , , , 
30.3132115, -0.0595865, , , , , , , 30.3132115, -0.012253, , , , , , , 30.3132115, 0.0008392, , , , , , , 30.3132115, 0.0679789, , , , , , , , , , , , , , , , , , , , , , , , , , , , 
30.3137308, -0.0471656, , , , , , , 30.3137308, -0.0204776, , , , , , , 30.3137308, -0.0005035, , , , , , , 30.3137308, 0.0609293, , , , , , , , , , , , , , , , , , , , , , , , , , , , 
30.31425, -0.0243381, , , , , , , 30.31425, -0.0303807, , , , , , , 30.31425, -0.0041962, , , , , , , 30.31425, 0.0481727, , , , , , , , , , , , , , , , , , , , , , , , , , , , 
30.3147692, 0.0125887, , , , , , , 30.3147692, -0.0323949, , , , , , , 30.3147692, -0.0065461, , , , , , , 30.3147692, 0.0364233, , , , , , , , , , , , , , , , , , , , , , , , , , , , 
30.3152885, 0.0481727, , , , , , , 30.3152885, -0.0146029, , , , , , , 30.3152885, -0.0063783, , , , , , , 30.3152885, 0.0290379, , , , , , , , , , , , , , , , , , , , , , , , , , , , 
30.3158077, 0.0599222, , , , , , , 30.3158077, 0.0151064, , , , , , , 30.3158077, -0.0070497, , , , , , , 30.3158077, 0.024506, , , , , , , , , , , , , , , , , , , , , , , , , , , , 
30.3163269, 0.0595865, , , , , , , 30.3163269, 0.0179599, , , , , , , 30.3163269, -0.0083925, , , , , , , 30.3163269, 0.0193027, , , , , , , , , , , , , , , , , , , , , , , , , , , , 
30.3168462, 0.0548867, , , , , , , 30.3168462, -0.0115816, , , , , , , 30.3168462, -0.0083925, , , , , , , 30.3168462, 0.0159457, , , , , , , , , , , , , , , , , , , , , , , , , , , , 
30.3173654, 0.0481727, , , , , , , 30.3173654, -0.0280308, , , , , , , 30.3173654, -0.0075532, , , , , , , 30.3173654, 0.0139315, , , , , , , , , , , , , , , , , , , , , , , , , , , , 
30.3178846, 0.0381018, , , , , , , 30.3178846, -0.0085603, , , , , , , 30.3178846, -0.0075532, , , , , , , 30.3178846, 0.0099031, , , , , , , , , , , , , , , , , , , , , , , , , , , , 
30.3184038, 0.0280308, , , , , , , 30.3184038, 0.0213169, , , , , , , 30.3184038, -0.0085603, , , , , , , 30.3184038, 0.0041962, , , , , , , , , , , , , , , , , , , , , , , , , , , , 
30.3189231, 0.0219883, , , , , , , 30.3189231, 0.0377661, , , , , , , 30.3189231, -0.0062104, , , , , , , 30.3189231, 0.0018463, , , , , , , , , , , , , , , , , , , , , , , , , , , , 
30.3194423, 0.017792, , , , , , , 30.3194423, 0.0280308, , , , , , , 30.3194423, -0.0035248, , , , , , , 30.3194423, 0.0025177, , , , , , , , , , , , , , , , , , , , , , , , , , , , 
30.3199615, 0.0159457, , , , , , , 30.3199615, -0.0146029, , , , , , , 30.3199615, -0.0036927, , , , , , , 30.3199615, 0.0011749, , , , , , , , , , , , , , , , , , , , , , , , , , , , 
30.3204808, 0.0182956, , , , , , , 30.3204808, -0.0699931, , , , , , , 30.3204808, -0.0057069, , , , , , , 30.3204808, -0.0016785, , , , , , , , , , , , , , , , , , , , , , , , , , , , 
30.321, 0.0219883, , , , , , , 30.321, -0.1027237, , , , , , , 30.321, -0.0072175, , , , , , , 30.321, -0.0025177, , , , , , , , , , , , , , , , , , , , , , , , , , , , 
30.3215192, 0.0223239, , , , , , , 30.3215192, -0.0948348, , , , , , , 30.3215192, -0.0077211, , , , , , , 30.3215192, -0.0016785, , , , , , , , , , , , , , , , , , , , , , , , , , , , 
30.3220385, 0.0209812, , , , , , , 30.3220385, -0.0592508, , , , , , , 30.3220385, -0.0095674, , , , , , , 30.3220385, -0.0025177, , , , , , , , , , , , , , , , , , , , , , , , , , , , 
30.3225577, 0.01561, , , , , , , 30.3225577, -0.0062104, , , , , , , 30.3225577, -0.0095674, , , , , , , 30.3225577, -0.0060426, , , , , , , , , , , , , , , , , , , , , , , , , , , , 
30.3230769, 0.0052033, , , , , , , 30.3230769, 0.035584, , , , , , , 30.3230769, -0.0099031, , , , , , , 30.3230769, -0.0095674, , , , , , , , , , , , , , , , , , , , , , , , , , , , 
30.3235962, -0.0018463, , , , , , , 30.3235962, 0.0287022, , , , , , , 30.3235962, -0.0117494, , , , , , , 30.3235962, -0.0191348, , , , , , , , , , , , , , , , , , , , , , , , , , , , 
30.3241154, 0.0018463, , , , , , , 30.3241154, -0.012253, , , , , , , 30.3241154, -0.0135958, , , , , , , 30.3241154, -0.0287022, , , , , , , , , , , , , , , , , , , , , , , , , , , , 
30.3246346, 0.0142672, , , , , , , 30.3246346, -0.0471656, , , , , , , 30.3246346, -0.0142672, , , , , , , 30.3246346, -0.0332341, , , , , , , , , , , , , , , , , , , , , , , , , , , , 
30.3251538, 0.0344091, , , , , , , 30.3251538, -0.0498512, , , , , , , 30.3251538, -0.0142672, , , , , , , 30.3251538, -0.0350805, , , , , , , , , , , , , , , , , , , , , , , , , , , , 
30.3256731, 0.054551, , , , , , , 30.3256731, -0.0323949, , , , , , , 30.3256731, -0.0137636, , , , , , , 30.3256731, -0.0354162, , , , , , , , , , , , , , , , , , , , , , , , , , , , 
30.3261923, 0.0547189, , , , , , , 30.3261923, -0.0142672, , , , , , , 30.3261923, -0.0124208, , , , , , , 30.3261923, -0.0323949, , , , , , , , , , , , , , , , , , , , , , , , , , , , 
30.3267115, 0.0387732, , , , , , , 30.3267115, -0.0015106, , , , , , , 30.3267115, -0.012253, , , , , , , 30.3267115, -0.0270237, , , , , , , , , , , , , , , , , , , , , , , , , , , , 
30.3272308, 0.026688, , , , , , , 30.3272308, -0.0016785, , , , , , , 30.3272308, -0.0124208, , , , , , , 30.3272308, -0.0182956, , , , , , , , , , , , , , , , , , , , , , , , , , , , 
30.32775, 0.0193027, , , , , , , 30.32775, -0.0115816, , , , , , , 30.32775, -0.0112459, , , , , , , 30.32775, -0.0078889, , , , , , , , , , , , , , , , , , , , , , , , , , , , 
30.3282692, 0.0124208, , , , , , , 30.3282692, -0.0179599, , , , , , , 30.3282692, -0.0092317, , , , , , , 30.3282692, 0.0031891, , , , , , , , , , , , , , , , , , , , , , , , , , , , 
30.3287885, 0.0072175, , , , , , , 30.3287885, -0.0203098, , , , , , , 30.3287885, -0.0068818, , , , , , , 30.3287885, 0.0099031, , , , , , , , , , , , , , , , , , , , , , , , , , , , 
30.3293077, -0.0015106, , , , , , , 30.3293077, -0.0149386, , , , , , , 30.3293077, -0.0035248, , , , , , , 30.3293077, 0.0172885, , , , , , , , , , , , , , , , , , , , , , , , , , , , 
30.3298269, -0.0075532, , , , , , , 30.3298269, -0.002182, , , , , , , 30.3298269, -0.0005035, , , , , , , 30.3298269, 0.0297093, , , , , , , , , , , , , , , , , , , , , , , , , , , , 
30.3303462, -0.0083925, , , , , , , 30.3303462, 0.0065461, , , , , , , 30.3303462, 0.0016785, , , , , , , 30.3303462, 0.0428016, , , , , , , , , , , , , , , , , , , , , , , , , , , , 
30.3308654, -0.0090639, , , , , , , 30.3308654, 0.0119173, , , , , , , 30.3308654, 0.002182, , , , , , , 30.3308654, 0.0522011, , , , , , , , , , , , , , , , , , , , , , , , , , , , 
30.3313846, -0.0176242, , , , , , , 30.3313846, 0.0199741, , , , , , , 30.3313846, 0.002182, , , , , , , 30.3313846, 0.0587472, , , , , , , , , , , , , , , , , , , , , , , , , , , , 
30.3319038, -0.0253452, , , , , , , 30.3319038, 0.0305486, , , , , , , 30.3319038, 0.0016785, , , , , , , 30.3319038, 0.064622, , , , , , , , , , , , , , , , , , , , , , , , , , , , 
30.3324231, -0.0263523, , , , , , , 30.3324231, 0.0293736, , , , , , , 30.3324231, -0.0001678, , , , , , , 30.3324231, 0.0710002, , , , , , , , , , , , , , , , , , , , , , , , , , , , 
30.3329423, -0.0243381, , , , , , , 30.3329423, 0.0115816, , , , , , , 30.3329423, -0.0015106, , , , , , , 30.3329423, 0.0703288, , , , , , , , , , , , , , , , , , , , , , , , , , , , 
30.3334615, -0.0263523, , , , , , , 30.3334615, -0.0109102, , , , , , , 30.3334615, -0.0001678, , , , , , , 30.3334615, 0.0614328, , , , , , , , , , , , , , , , , , , , , , , , , , , , 
30.3339808, -0.03122, , , , , , , 30.3339808, -0.0297093, , , , , , , 30.3339808, -0.0005035, , , , , , , 30.3339808, 0.0501869, , , , , , , , , , , , , , , , , , , , , , , , , , , , 
30.3345, -0.0310521, , , , , , , 30.3345, -0.040116, , , , , , , 30.3345, -0.002182, , , , , , , 30.3345, 0.0414588, , , , , , , , , , , , , , , , , , , , , , , , , , , , 
30.3350192, -0.0263523, , , , , , , 30.3350192, -0.0404517, , , , , , , 30.3350192, -0.0036927, , , , , , , 30.3350192, 0.033402, , , , , , , , , , , , , , , , , , , , , , , , , , , , 
30.3355385, -0.0206455, , , , , , , 30.3355385, -0.0330663, , , , , , , 30.3355385, -0.0062104, , , , , , , 30.3355385, 0.024506, , , , , , , , , , , , , , , , , , , , , , , , , , , , 
30.3360577, -0.0129244, , , , , , , 30.3360577, -0.023331, , , , , , , 30.3360577, -0.008896, , , , , , , 30.3360577, 0.0159457, , , , , , , , , , , , , , , , , , , , , , , , , , , , 
30.3365769, -0.0038605, , , , , , , 30.3365769, -0.0068818, , , , , , , 30.3365769, -0.0109102, , , , , , , 30.3365769, 0.0115816, , , , , , , , , , , , , , , , , , , , , , , , , , , , 
30.3370962, 0.0011749, , , , , , , 30.3370962, 0.0223239, , , , , , , 30.3370962, -0.011078, , , , , , , 30.3370962, 0.0105745, , , , , , , , , , , , , , , , , , , , , , , , , , , , 
30.3376154, 0.0092317, , , , , , , 30.3376154, 0.0621042, , , , , , , 30.3376154, -0.0102388, , , , , , , 30.3376154, 0.0119173, , , , , , , , , , , , , , , , , , , , , , , , , , , , 
30.3381346, 0.0182956, , , , , , , 30.3381346, 0.0896315, , , , , , , 30.3381346, -0.0102388, , , , , , , 30.3381346, 0.0109102, , , , , , , , , , , , , , , , , , , , , , , , , , , , 
30.3386538, 0.023331, , , , , , , 30.3386538, 0.0780499, , , , , , , 30.3386538, -0.0112459, , , , , , , 30.3386538, 0.0058747, , , , , , , , , , , , , , , , , , , , , , , , , , , , 
30.3391731, 0.0293736, , , , , , , 30.3391731, 0.0486763, , , , , , , 30.3391731, -0.012253, , , , , , , 30.3391731, 0.0025177, , , , , , , , , , , , , , , , , , , , , , , , , , , , 
30.3396923, 0.0313878, , , , , , , 30.3396923, 0.0132601, , , , , , , 30.3396923, -0.0115816, , , , , , , 30.3396923, 0.0008392, , , , , , , , , , , , , , , , , , , , , , , , , , , , 
30.3402115, 0.0253452, , , , , , , 30.3402115, -0.0146029, , , , , , , 30.3402115, -0.0092317, , , , , , , 30.3402115, 0.0011749, , , , , , , , , , , , , , , , , , , , , , , , , , , , 
30.3407308, 0.018967, , , , , , , 30.3407308, -0.0313878, , , , , , , 30.3407308, -0.0078889, , , , , , , 30.3407308, 0.0018463, , , , , , , , , , , , , , , , , , , , , , , , , , , , 
30.34125, 0.0130922, , , , , , , 30.34125, -0.0394446, , , , , , , 30.34125, -0.0083925, , , , , , , 30.34125, -0.0001678, , , , , , , , , , , , , , , , , , , , , , , , , , , , 
30.3417692, 0.0152743, , , , , , , 30.3417692, -0.040116, , , , , , , 30.3417692, -0.0082246, , , , , , , 30.3417692, -0.0035248, , , , , , , , , , , , , , , , , , , , , , , , , , , , 
30.3422885, 0.0303807, , , , , , , 30.3422885, -0.04448, , , , , , , 30.3422885, -0.0095674, , , , , , , 30.3422885, -0.005539, , , , , , , , , , , , , , , , , , , , , , , , , , , , 
30.3428077, 0.040116, , , , , , , 30.3428077, -0.0589151, , , , , , , 30.3428077, -0.0104067, , , , , , , 30.3428077, -0.0036927, , , , , , , , , , , , , , , , , , , , , , , , , , , , 
30.3433269, 0.0370947, , , , , , , 30.3433269, -0.0800641, , , , , , , 30.3433269, -0.0129244, , , , , , , 30.3433269, -0.0062104, , , , , , , , , , , , , , , , , , , , , , , , , , , , 
30.3438462, 0.036759, , , , , , , 30.3438462, -0.0854353, , , , , , , 30.3438462, -0.0151064, , , , , , , 30.3438462, -0.0151064, , , , , , , , , , , , , , , , , , , , , , , , , , , , 
30.3443654, 0.0481727, , , , , , , 30.3443654, -0.0558938, , , , , , , 30.3443654, -0.01561, , , , , , , 30.3443654, -0.0250095, , , , , , , , , , , , , , , , , , , , , , , , , , , , 
30.3448846, 0.0555581, , , , , , , 30.3448846, -0.0062104, , , , , , , 30.3448846, -0.0157778, , , , , , , 30.3448846, -0.0297093, , , , , , , , , , , , , , , , , , , , , , , , , , , , 
30.3454038, 0.0481727, , , , , , , 30.3454038, 0.0332341, , , , , , , 30.3454038, -0.0162814, , , , , , , 30.3454038, -0.0310521, , , , , , , , , , , , , , , , , , , , , , , , , , , , 
30.3459231, 0.0332341, , , , , , , 30.3459231, 0.0260166, , , , , , , 30.3459231, -0.0162814, , , , , , , 30.3459231, -0.030045, , , , , , , , , , , , , , , , , , , , , , , , , , , , 
30.3464423, 0.0226596, , , , , , , 30.3464423, -0.0250095, , , , , , , 30.3464423, -0.0151064, , , , , , , 30.3464423, -0.0270237, , , , , , , , , , , , , , , , , , , , , , , , , , , , 
30.3469615, 0.0172885, , , , , , , 30.3469615, -0.0621042, , , , , , , 30.3469615, -0.0135958, , , , , , , 30.3469615, -0.0208133, , , , , , , , , , , , , , , , , , , , , , , , , , , , 
30.3474808, 0.0129244, , , , , , , 30.3474808, -0.0605936, , , , , , , 30.3474808, -0.0115816, , , , , , , 30.3474808, -0.0102388, , , , , , , , , , , , , , , , , , , , , , , , , , , , 
30.348, 0.0085603, , , , , , , 30.348, -0.0387732, , , , , , , 30.348, -0.0085603, , , , , , , 30.348, 0.0031891, , , , , , , , , , , , , , , , , , , , , , , , , , , , 
30.3485192, 0.008896, , , , , , , 30.3485192, -0.0236667, , , , , , , 30.3485192, -0.0048676, , , , , , , 30.3485192, 0.0149386, , , , , , , , , , , , , , , , , , , , , , , , , , , , 
30.3490385, 0.0119173, , , , , , , 30.3490385, -0.026688, , , , , , , 30.3490385, -0.0035248, , , , , , , 30.3490385, 0.0223239, , , , , , , , , , , , , , , , , , , , , , , , , , , , 
30.3495577, 0.0105745, , , , , , , 30.3495577, -0.0357519, , , , , , , 30.3495577, -0.0031891, , , , , , , 30.3495577, 0.0317235, , , , , , , , , , , , , , , , , , , , , , , , , , , , 
30.3500769, 0.0045319, , , , , , , 30.3500769, -0.0397803, , , , , , , 30.3500769, -0.0015106, , , , , , , 30.3500769, 0.0459907, , , , , , , , , , , , , , , , , , , , , , , , , , , , 
30.3505962, -0.0045319, , , , , , , 30.3505962, -0.0357519, , , , , , , 30.3505962, 0.0011749, , , , , , , 30.3505962, 0.0574044, , , , , , , , , , , , , , , , , , , , , , , , , , , , 
30.3511154, -0.0102388, , , , , , , 30.3511154, -0.0317235, , , , , , , 30.3511154, 0.0031891, , , , , , , 30.3511154, 0.0629435, , , , , , , , , , , , , , , , , , , , , , , , , , , , 
30.3516346, -0.0162814, , , , , , , 30.3516346, -0.0323949, , , , , , , 30.3516346, 0.0018463, , , , , , , 30.3516346, 0.0649577, , , , , , , , , , , , , , , , , , , , , , , , , , , , 
30.3521538, -0.0196384, , , , , , , 30.3521538, -0.0305486, , , , , , , 30.3521538, 0.0001678, , , , , , , 30.3521538, 0.0663005, , , , , , , , , , , , , , , , , , , , , , , , , , , , 
30.3526731, -0.0199741, , , , , , , 30.3526731, -0.0263523, , , , , , , 30.3526731, -0.0008392, , , , , , , 30.3526731, 0.0673075, , , , , , , , , , , , , , , , , , , , , , , , , , , , 
30.3531923, -0.0203098, , , , , , , 30.3531923, -0.0216526, , , , , , , 30.3531923, -0.0015106, , , , , , , 30.3531923, 0.0649577, , , , , , , , , , , , , , , , , , , , , , , , , , , , 
30.3537115, -0.017792, , , , , , , 30.3537115, -0.0179599, , , , , , , 30.3537115, -0.0035248, , , , , , , 30.3537115, 0.0553902, , , , , , , , , , , , , , , , , , , , , , , , , , , , 
30.3542308, -0.0112459, , , , , , , 30.3542308, -0.0117494, , , , , , , 30.3542308, -0.0065461, , , , , , , 30.3542308, 0.0411231, , , , , , , , , , , , , , , , , , , , , , , , , , , , 
30.35475, 0.0001678, , , , , , , 30.35475, 0.0005035, , , , , , , 30.35475, -0.008896, , , , , , , 30.35475, 0.0320592, , , , , , , , , , , , , , , , , , , , , , , , , , , , 
30.3552692, 0.0176242, , , , , , , 30.3552692, 0.0139315, , , , , , , 30.3552692, -0.0102388, , , , , , , 30.3552692, 0.0271916, , , , , , , , , , , , , , , , , , , , , , , , , , , , 
30.3557885, 0.0369268, , , , , , , 30.3557885, 0.0203098, , , , , , , 30.3557885, -0.0095674, , , , , , , 30.3557885, 0.0201419, , , , , , , , , , , , , , , , , , , , , , , , , , , , 
30.3563077, 0.0426337, , , , , , , 30.3563077, 0.0213169, , , , , , , 30.3563077, -0.0078889, , , , , , , 30.3563077, 0.0129244, , , , , , , , , , , , , , , , , , , , , , , , , , , , 
30.3568269, 0.0424659, , , , , , , 30.3568269, 0.0209812, , , , , , , 30.3568269, -0.0077211, , , , , , , 30.3568269, 0.0105745, , , , , , , , , , , , , , , , , , , , , , , , , , , , 
30.3573462, 0.0508583, , , , , , , 30.3573462, 0.0204776, , , , , , , 30.3573462, -0.0092317, , , , , , , 30.3573462, 0.0119173, , , , , , , , , , , , , , , , , , , , , , , , , , , , 
30.3578654, 0.0622721, , , , , , , 30.3578654, 0.0199741, , , , , , , 30.3578654, -0.0109102, , , , , , , 30.3578654, 0.0112459, , , , , , , , , , , , , , , , , , , , , , , , , , , , 
30.3583846, 0.0654612, , , , , , , 30.3583846, 0.0213169, , , , , , , 30.3583846, -0.0112459, , , , , , , 30.3583846, 0.0072175, , , , , , , , , , , , , , , , , , , , , , , , , , , , 
30.3589038, 0.0565652, , , , , , , 30.3589038, 0.0213169, , , , , , , 30.3589038, -0.0109102, , , , , , , 30.3589038, 0.0028534, , , , , , , , , , , , , , , , , , , , , , , , , , , , 
30.3594231, 0.0454871, , , , , , , 30.3594231, 0.018967, , , , , , , 30.3594231, -0.0109102, , , , , , , 30.3594231, 0.0018463, , , , , , , , , , , , , , , , , , , , , , , , , , , , 
30.3599423, 0.0417945, , , , , , , 30.3599423, 0.0166171, , , , , , , 30.3599423, -0.0115816, , , , , , , 30.3599423, 0.0048676, , , , , , , , , , , , , , , , , , , , , , , , , , , , 
30.3604615, 0.0394446, , , , , , , 30.3604615, 0.01561, , , , , , , 30.3604615, -0.0135958, , , , , , , 30.3604615, 0.0075532, , , , , , , , , , , , , , , , , , , , , , , , , , , , 
30.3609808, 0.0374304, , , , , , , 30.3609808, 0.0140993, , , , , , , 30.3609808, -0.0129244, , , , , , , 30.3609808, 0.0072175, , , , , , , , , , , , , , , , , , , , , , , , , , , , 
30.3615, 0.0347448, , , , , , , 30.3615, 0.012253, , , , , , , 30.3615, -0.0109102, , , , , , , 30.3615, 0.0062104, , , , , , , , , , , , , , , , , , , , , , , , , , , , 
30.3620192, 0.0340734, , , , , , , 30.3620192, 0.0099031, , , , , , , 30.3620192, -0.0102388, , , , , , , 30.3620192, 0.0053712, , , , , , , , , , , , , , , , , , , , , , , , , , , , 
30.3625385, 0.0320592, , , , , , , 30.3625385, 0.0078889, , , , , , , 30.3625385, -0.0115816, , , , , , , 30.3625385, 0.0045319, , , , , , , , , , , , , , , , , , , , , , , , , , , , 
30.3630577, 0.0310521, , , , , , , 30.3630577, 0.0058747, , , , , , , 30.3630577, -0.0120851, , , , , , , 30.3630577, -0.0005035, , , , , , , , , , , , , , , , , , , , , , , , , , , , 
30.3635769, 0.0360876, , , , , , , 30.3635769, 0.0038605, , , , , , , 30.3635769, -0.0127565, , , , , , , 30.3635769, -0.0130922, , , , , , , , , , , , , , , , , , , , , , , , , , , , 
30.3640962, 0.0424659, , , , , , , 30.3640962, 0.0035248, , , , , , , 30.3640962, -0.0125887, , , , , , , 30.3640962, -0.0250095, , , , , , , , , , , , , , , , , , , , , , , , , , , , 
30.3646154, 0.0428016, , , , , , , 30.3646154, 0.0030213, , , , , , , 30.3646154, -0.0139315, , , , , , , 30.3646154, -0.0297093, , , , , , , , , , , , , , , , , , , , , , , , , , , , 
30.3651346, 0.0417945, , , , , , , 30.3651346, 0.0030213, , , , , , , 30.3651346, -0.0139315, , , , , , , 30.3651346, -0.0305486, , , , , , , , , , , , , , , , , , , , , , , , , , , , 
30.3656538, 0.0439765, , , , , , , 30.3656538, 0.0041962, , , , , , , 30.3656538, -0.0135958, , , , , , , 30.3656538, -0.0283665, , , , , , , , , , , , , , , , , , , , , , , , , , , , 
30.3661731, 0.0501869, , , , , , , 30.3661731, 0.0041962, , , , , , , 30.3661731, -0.0132601, , , , , , , 30.3661731, -0.0270237, , , , , , , , , , , , , , , , , , , , , , , , , , , , 
30.3666923, 0.0506905, , , , , , , 30.3666923, 0.0011749, , , , , , , 30.3666923, -0.012253, , , , , , , 30.3666923, -0.0256809, , , , , , , , , , , , , , , , , , , , , , , , , , , , 
30.3672115, 0.0397803, , , , , , , 30.3672115, -0.0025177, , , , , , , 30.3672115, -0.0109102, , , , , , , 30.3672115, -0.0169528, , , , , , , , , , , , , , , , , , , , , , , , , , , , 
30.3677308, 0.023331, , , , , , , 30.3677308, -0.0041962, , , , , , , 30.3677308, -0.0077211, , , , , , , 30.3677308, -0.0048676, , , , , , , , , , , , , , , , , , , , , , , , , , , , 
30.36825, 0.0099031, , , , , , , 30.36825, -0.0041962, , , , , , , 30.36825, -0.0048676, , , , , , , 30.36825, 0.0058747, , , , , , , , , , , , , , , , , , , , , , , , , , , , 
30.3687692, 0.0043641, , , , , , , 30.3687692, -0.0048676, , , , , , , 30.3687692, -0.0048676, , , , , , , 30.3687692, 0.0135958, , , , , , , , , , , , , , , , , , , , , , , , , , , , 
30.3692885, 0.002182, , , , , , , 30.3692885, -0.0031891, , , , , , , 30.3692885, -0.0038605, , , , , , , 30.3692885, 0.0193027, , , , , , , , , , , , , , , , , , , , , , , , , , , , 
30.3698077, -0.0058747, , , , , , , 30.3698077, 0.0005035, , , , , , , 30.3698077, -0.0028534, , , , , , , 30.3698077, 0.030045, , , , , , , , , , , , , , , , , , , , , , , , , , , , 
30.3703269, -0.0125887, , , , , , , 30.3703269, 0.0001678, , , , , , , 30.3703269, -0.0001678, , , , , , , 30.3703269, 0.0441444, , , , , , , , , , , , , , , , , , , , , , , , , , , , 
30.3708462, -0.0146029, , , , , , , 30.3708462, -0.0023499, , , , , , , 30.3708462, -0.0001678, , , , , , , 30.3708462, 0.0528725, , , , , , , , , , , , , , , , , , , , , , , , , , , , 
30.3713654, -0.0119173, , , , , , , 30.3713654, -0.0035248, , , , , , , 30.3713654, -0.0001678, , , , , , , 30.3713654, 0.0569009, , , , , , , , , , , , , , , , , , , , , , , , , , , , 
30.3718846, -0.0112459, , , , , , , 30.3718846, -0.0028534, , , , , , , 30.3718846, 0.0003357, , , , , , , 30.3718846, 0.0595865, , , , , , , , , , , , , , , , , , , , , , , , , , , , 
30.3724038, -0.017792, , , , , , , 30.3724038, -0.0018463, , , , , , , 30.3724038, 0.0011749, , , , , , , 30.3724038, 0.061265, , , , , , , , , , , , , , , , , , , , , , , , , , , , 
30.3729231, -0.0243381, , , , , , , 30.3729231, -0.0025177, , , , , , , 30.3729231, 0.0018463, , , , , , , 30.3729231, 0.0602579, , , , , , , , , , , , , , , , , , , , , , , , , , , , 
30.3734423, -0.030045, , , , , , , 30.3734423, -0.005539, , , , , , , 30.3734423, 0.0008392, , , , , , , 30.3734423, 0.0535439, , , , , , , , , , , , , , , , , , , , , , , , , , , , 
30.3739615, -0.027863, , , , , , , 30.3739615, -0.0075532, , , , , , , 30.3739615, -0.0015106, , , , , , , 30.3739615, 0.0417945, , , , , , , , , , , , , , , , , , , , , , , , , , , , 
30.3744808, -0.018967, , , , , , , 30.3744808, -0.0078889, , , , , , , 30.3744808, -0.0036927, , , , , , , 30.3744808, 0.0307164, , , , , , , , , , , , , , , , , , , , , , , , , , , , 
30.375, -0.0119173, , , , , , , 30.375, -0.0068818, , , , , , , 30.375, -0.0058747, , , , , , , 30.375, 0.0246738, , , , , , , , , , , , , , , , , , , , , , , , , , , , 
30.3755192, -0.0068818, , , , , , , 30.3755192, -0.0082246, , , , , , , 30.3755192, -0.0082246, , , , , , , 30.3755192, 0.0213169, , , , , , , , , , , , , , , , , , , , , , , , , , , , 
30.3760385, -0.0008392, , , , , , , 30.3760385, -0.0102388, , , , , , , 30.3760385, -0.008896, , , , , , , 30.3760385, 0.0146029, , , , , , , , , , , , , , , , , , , , , , , , , , , , 
30.3765577, 0.0057069, , , , , , , 30.3765577, -0.0119173, , , , , , , 30.3765577, -0.0082246, , , , , , , 30.3765577, 0.0082246, , , , , , , , , , , , , , , , , , , , , , , , , , , , 
30.3770769, 0.0146029, , , , , , , 30.3770769, -0.0129244, , , , , , , 30.3770769, -0.0068818, , , , , , , 30.3770769, 0.0041962, , , , , , , , , , , , , , , , , , , , , , , , , , , , 
30.3775962, 0.0213169, , , , , , , 30.3775962, -0.0135958, , , , , , , 30.3775962, -0.0058747, , , , , , , 30.3775962, 0.0018463, , , , , , , , , , , , , , , , , , , , , , , , , , , , 
30.3781154, 0.0226596, , , , , , , 30.3781154, -0.0142672, , , , , , , 30.3781154, -0.0070497, , , , , , , 30.3781154, -0.0005035, , , , , , , , , , , , , , , , , , , , , , , , , , , , 
30.3786346, 0.0270237, , , , , , , 30.3786346, -0.014435, , , , , , , 30.3786346, -0.0095674, , , , , , , 30.3786346, -0.0028534, , , , , , , , , , , , , , , , , , , , , , , , , , , , 
30.3791538, 0.0350805, , , , , , , 30.3791538, -0.0135958, , , , , , , 30.3791538, -0.0095674, , , , , , , 30.3791538, -0.002182, , , , , , , , , , , , , , , , , , , , , , , , , , , , 
30.3796731, 0.0411231, , , , , , , 30.3796731, -0.0125887, , , , , , , 30.3796731, -0.0085603, , , , , , , 30.3796731, -0.002182, , , , , , , , , , , , , , , , , , , , , , , , , , , , 
30.3801923, 0.0387732, , , , , , , 30.3801923, -0.012253, , , , , , , 30.3801923, -0.0082246, , , , , , , 30.3801923, -0.002182, , , , , , , , , , , , , , , , , , , , , , , , , , , , 
30.3807115, 0.030045, , , , , , , 30.3807115, -0.0125887, , , , , , , 30.3807115, -0.0087282, , , , , , , 30.3807115, -0.0011749, , , , , , , , , , , , , , , , , , , , , , , , , , , , 
30.3812308, 0.0246738, , , , , , , 30.3812308, -0.0112459, , , , , , , 30.3812308, -0.0097353, , , , , , , 30.3812308, -0.0005035, , , , , , , , , , , , , , , , , , , , , , , , , , , , 
30.38175, 0.0224918, , , , , , , 30.38175, -0.0104067, , , , , , , 30.38175, -0.0112459, , , , , , , 30.38175, 0.0005035, , , , , , , , , , , , , , , , , , , , , , , , , , , , 
30.3822692, 0.0221561, , , , , , , 30.3822692, -0.0105745, , , , , , , 30.3822692, -0.011078, , , , , , , 30.3822692, -0.0006714, , , , , , , , , , , , , , , , , , , , , , , , , , , , 
30.3827885, 0.0199741, , , , , , , 30.3827885, -0.0115816, , , , , , , 30.3827885, -0.011078, , , , , , , 30.3827885, -0.002182, , , , , , , , , , , , , , , , , , , , , , , , , , , , 
30.3833077, 0.0149386, , , , , , , 30.3833077, -0.014435, , , , , , , 30.3833077, -0.0135958, , , , , , , 30.3833077, -0.0072175, , , , , , , , , , , , , , , , , , , , , , , , , , , , 
30.3838269, 0.0115816, , , , , , , 30.3838269, -0.0166171, , , , , , , 30.3838269, -0.0164492, , , , , , , 30.3838269, -0.0166171, , , , , , , , , , , , , , , , , , , , , , , , , , , , 
30.3843462, 0.0146029, , , , , , , 30.3843462, -0.0157778, , , , , , , 30.3843462, -0.0152743, , , , , , , 30.3843462, -0.0250095, , , , , , , , , , , , , , , , , , , , , , , , , , , , 
30.3848654, 0.021149, , , , , , , 30.3848654, -0.0149386, , , , , , , 30.3848654, -0.0142672, , , , , , , 30.3848654, -0.0292058, , , , , , , , , , , , , , , , , , , , , , , , , , , , 
30.3853846, 0.0243381, , , , , , , 30.3853846, -0.0142672, , , , , , , 30.3853846, -0.0146029, , , , , , , 30.3853846, -0.0276951, , , , , , , , , , , , , , , , , , , , , , , , , , , , 
30.3859038, 0.0199741, , , , , , , 30.3859038, -0.0140993, , , , , , , 30.3859038, -0.0149386, , , , , , , 30.3859038, -0.0256809, , , , , , , , , , , , , , , , , , , , , , , , , , , , 
30.3864231, 0.01561, , , , , , , 30.3864231, -0.0151064, , , , , , , 30.3864231, -0.0139315, , , , , , , 30.3864231, -0.0223239, , , , , , , , , , , , , , , , , , , , , , , , , , , , 
30.3869423, 0.0125887, , , , , , , 30.3869423, -0.0129244, , , , , , , 30.3869423, -0.012253, , , , , , , 30.3869423, -0.0149386, , , , , , , , , , , , , , , , , , , , , , , , , , , , 
30.3874615, 0.0085603, , , , , , , 30.3874615, -0.0099031, , , , , , , 30.3874615, -0.0115816, , , , , , , 30.3874615, -0.0058747, , , , , , , , , , , , , , , , , , , , , , , , , , , , 
30.3879808, 0.0018463, , , , , , , 30.3879808, -0.0092317, , , , , , , 30.3879808, -0.0109102, , , , , , , 30.3879808, 0.0045319, , , , , , , , , , , , , , , , , , , , , , , , , , , , 
30.3885, -0.0028534, , , , , , , 30.3885, -0.0102388, , , , , , , 30.3885, -0.0102388, , , , , , , 30.3885, 0.0149386, , , , , , , , , , , , , , , , , , , , , , , , , , , , 
30.3890192, -0.0082246, , , , , , , 30.3890192, -0.0109102, , , , , , , 30.3890192, -0.0090639, , , , , , , 30.3890192, 0.0226596, , , , , , , , , , , , , , , , , , , , , , , , , , , , 
30.3895385, -0.01561, , , , , , , 30.3895385, -0.008896, , , , , , , 30.3895385, -0.005539, , , , , , , 30.3895385, 0.0317235, , , , , , , , , , , , , , , , , , , , , , , , , , , , 
30.3900577, -0.0182956, , , , , , , 30.3900577, -0.0072175, , , , , , , 30.3900577, -0.002182, , , , , , , 30.3900577, 0.0441444, , , , , , , , , , , , , , , , , , , , , , , , , , , , 
30.3905769, -0.0159457, , , , , , , 30.3905769, -0.0065461, , , , , , , 30.3905769, 0.0003357, , , , , , , 30.3905769, 0.0572366, , , , , , , , , , , , , , , , , , , , , , , , , , , , 
30.3910962, -0.0125887, , , , , , , 30.3910962, -0.0052033, , , , , , , 30.3910962, 0.002182, , , , , , , 30.3910962, 0.0676432, , , , , , , , , , , , , , , , , , , , , , , , , , , , 
30.3916154, -0.0095674, , , , , , , 30.3916154, -0.0041962, , , , , , , 30.3916154, 0.0025177, , , , , , , 30.3916154, 0.0730144, , , , , , , , , , , , , , , , , , , , , , , , , , , , 
30.3921346, -0.0072175, , , , , , , 30.3921346, -0.005539, , , , , , , 30.3921346, 0.0018463, , , , , , , 30.3921346, 0.0748608, , , , , , , , , , , , , , , , , , , , , , , , , , , , 
30.3926538, -0.0075532, , , , , , , 30.3926538, -0.0078889, , , , , , , 30.3926538, 0.0035248, , , , , , , 30.3926538, 0.0741894, , , , , , , , , , , , , , , , , , , , , , , , , , , , 
30.3931731, -0.0092317, , , , , , , 30.3931731, -0.0090639, , , , , , , 30.3931731, 0.0011749, , , , , , , 30.3931731, 0.0683146, , , , , , , , , , , , , , , , , , , , , , , , , , , , 
30.3936923, -0.0085603, , , , , , , 30.3936923, -0.0115816, , , , , , , 30.3936923, -0.002182, , , , , , , 30.3936923, 0.0575723, , , , , , , , , , , , , , , , , , , , , , , , , , , , 
30.3942115, -0.002182, , , , , , , 30.3942115, -0.0132601, , , , , , , 30.3942115, -0.0043641, , , , , , , 30.3942115, 0.0461585, , , , , , , , , , , , , , , , , , , , , , , , , , , , 
30.3947308, 0.0058747, , , , , , , 30.3947308, -0.0125887, , , , , , , 30.3947308, -0.0048676, , , , , , , 30.3947308, 0.0377661, , , , , , , , , , , , , , , , , , , , , , , , , , , , 
30.39525, 0.0115816, , , , , , , 30.39525, -0.012253, , , , , , , 30.39525, -0.0041962, , , , , , , 30.39525, 0.0303807, , , , , , , , , , , , , , , , , , , , , , , , , , , , 
30.3957692, 0.0162814, , , , , , , 30.3957692, -0.0115816, , , , , , , 30.3957692, -0.0041962, , , , , , , 30.3957692, 0.0231632, , , , , , , , , , , , , , , , , , , , , , , , , , , , 
30.3962885, 0.0224918, , , , , , , 30.3962885, -0.0109102, , , , , , , 30.3962885, -0.0041962, , , , , , , 30.3962885, 0.0176242, , , , , , , , , , , , , , , , , , , , , , , , , , , , 
30.3968077, 0.0218204, , , , , , , 30.3968077, -0.0099031, , , , , , , 30.3968077, -0.0035248, , , , , , , 30.3968077, 0.0139315, , , , , , , , , , , , , , , , , , , , , , , , , , , , 
30.3973269, 0.018967, , , , , , , 30.3973269, -0.0102388, , , , , , , 30.3973269, -0.0031891, , , , , , , 30.3973269, 0.0132601, , , , , , , , , , , , , , , , , , , , , , , , , , , , 
30.3978462, 0.0236667, , , , , , , 30.3978462, -0.0132601, , , , , , , 30.3978462, -0.0025177, , , , , , , 30.3978462, 0.0130922, , , , , , , , , , , , , , , , , , , , , , , , , , , , 
30.3983654, 0.0263523, , , , , , , 30.3983654, -0.0137636, , , , , , , 30.3983654, -0.003357, , , , , , , 30.3983654, 0.0102388, , , , , , , , , , , , , , , , , , , , , , , , , , , , 
30.3988846, 0.021149, , , , , , , 30.3988846, -0.0129244, , , , , , , 30.3988846, -0.0041962, , , , , , , 30.3988846, 0.005539, , , , , , , , , , , , , , , , , , , , , , , , , , , , 
30.3994038, 0.0115816, , , , , , , 30.3994038, -0.0125887, , , , , , , 30.3994038, -0.0050355, , , , , , , 30.3994038, -0.0005035, , , , , , , , , , , , , , , , , , , , , , , , , , , , 
30.3999231, 0.0058747, , , , , , , 30.3999231, -0.0132601, , , , , , , 30.3999231, -0.0057069, , , , , , , 30.3999231, -0.0035248, , , , , , , , , , , , , , , , , , , , , , , , , , , , 
30.4004423, 0.0075532, , , , , , , 30.4004423, -0.0125887, , , , , , , 30.4004423, -0.0082246, , , , , , , 30.4004423, -0.0035248, , , , , , , , , , , , , , , , , , , , , , , , , , , , 
30.4009615, 0.0099031, , , , , , , 30.4009615, -0.0112459, , , , , , , 30.4009615, -0.0095674, , , , , , , 30.4009615, -0.0030213, , , , , , , , , , , , , , , , , , , , , , , , , , , , 
30.4014808, 0.0057069, , , , , , , 30.4014808, -0.0104067, , , , , , , 30.4014808, -0.0095674, , , , , , , 30.4014808, -0.0035248, , , , , , , , , , , , , , , , , , , , , , , , , , , , 
30.402, 0.0005035, , , , , , , 30.402, -0.0090639, , , , , , , 30.402, -0.0095674, , , , , , , 30.402, -0.0041962, , , , , , , , , , , , , , , , , , , , , , , , , , , , 
30.4025192, 0.0018463, , , , , , , 30.4025192, -0.0068818, , , , , , , 30.4025192, -0.0095674, , , , , , , 30.4025192, -0.0046998, , , , , , , , , , , , , , , , , , , , , , , , , , , , 
30.4030385, 0.0078889, , , , , , , 30.4030385, -0.0070497, , , , , , , 30.4030385, -0.0117494, , , , , , , 30.4030385, -0.008896, , , , , , , , , , , , , , , , , , , , , , , , , , , , 
30.4035577, 0.01561, , , , , , , 30.4035577, -0.008896, , , , , , , 30.4035577, -0.0149386, , , , , , , 30.4035577, -0.018967, , , , , , , , , , , , , , , , , , , , , , , , , , , , 
30.4040769, 0.0171206, , , , , , , 30.4040769, -0.0109102, , , , , , , 30.4040769, -0.0140993, , , , , , , 30.4040769, -0.0292058, , , , , , , , , , , , , , , , , , , , , , , , , , , , 
30.4045962, 0.0125887, , , , , , , 30.4045962, -0.0109102, , , , , , , 30.4045962, -0.0119173, , , , , , , 30.4045962, -0.0344091, , , , , , , , , , , , , , , , , , , , , , , , , , , , 
30.4051154, 0.0119173, , , , , , , 30.4051154, -0.0092317, , , , , , , 30.4051154, -0.0129244, , , , , , , 30.4051154, -0.036759, , , , , , , , , , , , , , , , , , , , , , , , , , , , 
30.4056346, 0.0149386, , , , , , , 30.4056346, -0.0082246, , , , , , , 30.4056346, -0.0147707, , , , , , , 30.4056346, -0.0357519, , , , , , , , , , , , , , , , , , , , , , , , , , , , 
30.4061538, 0.0139315, , , , , , , 30.4061538, -0.0045319, , , , , , , 30.4061538, -0.0162814, , , , , , , 30.4061538, -0.0337377, , , , , , , , , , , , , , , , , , , , , , , , , , , , 
30.4066731, 0.0085603, , , , , , , 30.4066731, -0.0008392, , , , , , , 30.4066731, -0.0162814, , , , , , , 30.4066731, -0.0303807, , , , , , , , , , , , , , , , , , , , , , , , , , , , 
30.4071923, 0.0003357, , , , , , , 30.4071923, -0.0008392, , , , , , , 30.4071923, -0.0142672, , , , , , , 30.4071923, -0.0229953, , , , , , , , , , , , , , , , , , , , , , , , , , , , 
30.4077115, -0.005539, , , , , , , 30.4077115, -0.0031891, , , , , , , 30.4077115, -0.012253, , , , , , , 30.4077115, -0.0115816, , , , , , , , , , , , , , , , , , , , , , , , , , , , 
30.4082308, -0.0095674, , , , , , , 30.4082308, -0.0041962, , , , , , , 30.4082308, -0.0102388, , , , , , , 30.4082308, 0.0023499, , , , , , , , , , , , , , , , , , , , , , , , , , , , 
30.40875, -0.0062104, , , , , , , 30.40875, -0.0028534, , , , , , , 30.40875, -0.0078889, , , , , , , 30.40875, 0.0146029, , , , , , , , , , , , , , , , , , , , , , , , , , , , 
30.4092692, 0.0005035, , , , , , , 30.4092692, -0.0011749, , , , , , , 30.4092692, -0.0062104, , , , , , , 30.4092692, 0.0219883, , , , , , , , , , , , , , , , , , , , , , , , , , , , 
30.4097885, 0.0057069, , , , , , , 30.4097885, -0.0018463, , , , , , , 30.4097885, -0.0045319, , , , , , , 30.4097885, 0.030045, , , , , , , , , , , , , , , , , , , , , , , , , , , , 
30.4103077, 0.0010071, , , , , , , 30.4103077, -0.0052033, , , , , , , 30.4103077, -0.0015106, , , , , , , 30.4103077, 0.040116, , , , , , , , , , , , , , , , , , , , , , , , , , , , 
30.4108269, -0.008896, , , , , , , 30.4108269, -0.0068818, , , , , , , 30.4108269, -0.0003357, , , , , , , 30.4108269, 0.0495155, , , , , , , , , , , , , , , , , , , , , , , , , , , , 
30.4113462, -0.0105745, , , , , , , 30.4113462, -0.0062104, , , , , , , 30.4113462, -0.0018463, , , , , , , 30.4113462, 0.0575723, , , , , , , , , , , , , , , , , , , , , , , , , , , , 
30.4118654, -0.005539, , , , , , , 30.4118654, -0.0058747, , , , , , , 30.4118654, -0.0015106, , , , , , , 30.4118654, 0.0636149, , , , , , , , , , , , , , , , , , , , , , , , , , , , 
30.4123846, -0.0109102, , , , , , , 30.4123846, -0.0058747, , , , , , , 30.4123846, -0.0001678, , , , , , , 30.4123846, 0.0656291, , , , , , , , , , , , , , , , , , , , , , , , , , , , 
30.4129038, -0.0236667, , , , , , , 30.4129038, -0.0068818, , , , , , , 30.4129038, 0.0011749, , , , , , , 30.4129038, 0.0636149, , , , , , , , , , , , , , , , , , , , , , , , , , , , 
30.4134231, -0.0293736, , , , , , , 30.4134231, -0.0082246, , , , , , , 30.4134231, -0.0008392, , , , , , , 30.4134231, 0.0572366, , , , , , , , , , , , , , , , , , , , , , , , , , , , 
30.4139423, -0.0295415, , , , , , , 30.4139423, -0.0104067, , , , , , , 30.4139423, -0.005539, , , , , , , 30.4139423, 0.0468299, , , , , , , , , , , , , , , , , , , , , , , , , , , , 
30.4144615, -0.0253452, , , , , , , 30.4144615, -0.012253, , , , , , , 30.4144615, -0.008896, , , , , , , 30.4144615, 0.0347448, , , , , , , , , , , , , , , , , , , , , , , , , , , , 
30.4149808, -0.0162814, , , , , , , 30.4149808, -0.0119173, , , , , , , 30.4149808, -0.0109102, , , , , , , 30.4149808, 0.0270237, , , , , , , , , , , , , , , , , , , , , , , , , , , , 
30.4155, -0.005539, , , , , , , 30.4155, -0.0095674, , , , , , , 30.4155, -0.0095674, , , , , , , 30.4155, 0.0240024, , , , , , , , , , , , , , , , , , , , , , , , , , , , 
30.4160192, 0.0052033, , , , , , , 30.4160192, -0.0085603, , , , , , , 30.4160192, -0.0085603, , , , , , , 30.4160192, 0.0206455, , , , , , , , , , , , , , , , , , , , , , , , , , , , 
30.4165385, 0.0223239, , , , , , , 30.4165385, -0.0072175, , , , , , , 30.4165385, -0.0092317, , , , , , , 30.4165385, 0.0179599, , , , , , , , , , , , , , , , , , , , , , , , , , , , 
30.4170577, 0.0448157, , , , , , , 30.4170577, -0.0048676, , , , , , , 30.4170577, -0.0115816, , , , , , , 30.4170577, 0.0146029, , , , , , , , , , , , , , , , , , , , , , , , , , , , 
30.4175769, 0.0619364, , , , , , , 30.4175769, -0.0048676, , , , , , , 30.4175769, -0.0115816, , , , , , , 30.4175769, 0.0112459, , , , , , , , , , , , , , , , , , , , , , , , , , , , 
30.4180962, 0.0703288, , , , , , , 30.4180962, -0.0058747, , , , , , , 30.4180962, -0.0109102, , , , , , , 30.4180962, 0.0078889, , , , , , , , , , , , , , , , , , , , , , , , , , , , 
30.4186154, 0.0797284, , , , , , , 30.4186154, -0.0065461, , , , , , , 30.4186154, -0.0095674, , , , , , , 30.4186154, 0.005539, , , , , , , , , , , , , , , , , , , , , , , , , , , , 
30.4191346, 0.0837568, , , , , , , 30.4191346, -0.0083925, , , , , , , 30.4191346, -0.0082246, , , , , , , 30.4191346, 0.0025177, , , , , , , , , , , , , , , , , , , , , , , , , , , , 
30.4196538, 0.072343, , , , , , , 30.4196538, -0.0105745, , , , , , , 30.4196538, -0.0062104, , , , , , , 30.4196538, -0.0008392, , , , , , , , , , , , , , , , , , , , , , , , , , , , 
30.4201731, 0.0535439, , , , , , , 30.4201731, -0.0119173, , , , , , , 30.4201731, -0.0072175, , , , , , , 30.4201731, -0.002182, , , , , , , , , , , , , , , , , , , , , , , , , , , , 
30.4206923, 0.0332341, , , , , , , 30.4206923, -0.011078, , , , , , , 30.4206923, -0.0092317, , , , , , , 30.4206923, -0.0005035, , , , , , , , , , , , , , , , , , , , , , , , , , , , 
30.4212115, 0.0146029, , , , , , , 30.4212115, -0.0109102, , , , , , , 30.4212115, -0.008896, , , , , , , 30.4212115, 0.0011749, , , , , , , , , , , , , , , , , , , , , , , , , , , , 
30.4217308, -0.0043641, , , , , , , 30.4217308, -0.0112459, , , , , , , 30.4217308, -0.0085603, , , , , , , 30.4217308, 0.0005035, , , , , , , , , , , , , , , , , , , , , , , , , , , , 
30.42225, -0.0223239, , , , , , , 30.42225, -0.0117494, , , , , , , 30.42225, -0.008896, , , , , , , 30.42225, -0.0008392, , , , , , , , , , , , , , , , , , , , , , , , , , , , 
30.4227692, -0.0327306, , , , , , , 30.4227692, -0.0129244, , , , , , , 30.4227692, -0.0092317, , , , , , , 30.4227692, -0.0041962, , , , , , , , , , , , , , , , , , , , , , , , , , , , 
30.4232885, -0.0305486, , , , , , , 30.4232885, -0.0142672, , , , , , , 30.4232885, -0.012253, , , , , , , 30.4232885, -0.0135958, , , , , , , , , , , , , , , , , , , , , , , , , , , , 
30.4238077, -0.0219883, , , , , , , 30.4238077, -0.01561, , , , , , , 30.4238077, -0.0152743, , , , , , , 30.4238077, -0.0253452, , , , , , , , , , , , , , , , , , , , , , , , , , , , 
30.4243269, -0.0050355, , , , , , , 30.4243269, -0.0149386, , , , , , , 30.4243269, -0.0176242, , , , , , , 30.4243269, -0.0330663, , , , , , , , , , , , , , , , , , , , , , , , , , , , 
30.4248462, 0.0246738, , , , , , , 30.4248462, -0.0129244, , , , , , , 30.4248462, -0.0184634, , , , , , , 30.4248462, -0.0360876, , , , , , , , , , , , , , , , , , , , , , , , , , , , 
30.4253654, 0.0663005, , , , , , , 30.4253654, -0.008896, , , , , , , 30.4253654, -0.0176242, , , , , , , 30.4253654, -0.036759, , , , , , , , , , , , , , , , , , , , , , , , , , , , 
30.4258846, 0.1050736, , , , , , , 30.4258846, -0.0031891, , , , , , , 30.4258846, -0.0159457, , , , , , , 30.4258846, -0.0364233, , , , , , , , , , , , , , , , , , , , , , , , , , , , 
30.4264038, 0.1126268, , , , , , , 30.4264038, -0.0010071, , , , , , , 30.4264038, -0.0135958, , , , , , , 30.4264038, -0.0342412, , , , , , , , , , , , , , , , , , , , , , , , , , , , 
30.4269231, 0.0971847, , , , , , , 30.4269231, -0.0018463, , , , , , , 30.4269231, -0.012253, , , , , , , 30.4269231, -0.0283665, , , , , , , , , , , , , , , , , , , , , , , , , , , , 
30.4274423, 0.0844282, , , , , , , 30.4274423, -0.0035248, , , , , , , 30.4274423, -0.0124208, , , , , , , 30.4274423, -0.0171206, , , , , , , , , , , , , , , , , , , , , , , , , , , , 
30.4279615, 0.0783856, , , , , , , 30.4279615, -0.0036927, , , , , , , 30.4279615, -0.012253, , , , , , , 30.4279615, -0.0041962, , , , , , , , , , , , , , , , , , , , , , , , , , , , 
30.4284808, 0.0622721, , , , , , , 30.4284808, -0.0038605, , , , , , , 30.4284808, -0.0095674, , , , , , , 30.4284808, 0.0052033, , , , , , , , , , , , , , , , , , , , , , , , , , , , 
30.429, 0.0340734, , , , , , , 30.429, -0.0050355, , , , , , , 30.429, -0.0041962, , , , , , , 30.429, 0.0119173, , , , , , , , , , , , , , , , , , , , , , , , , , , , 
30.4295192, 0.0072175, , , , , , , 30.4295192, -0.005539, , , , , , , 30.4295192, 0.0016785, , , , , , , 30.4295192, 0.0236667, , , , , , , , , , , , , , , , , , , , , , , , , , , , 
30.4300385, -0.0092317, , , , , , , 30.4300385, -0.0038605, , , , , , , 30.4300385, 0.0028534, , , , , , , 30.4300385, 0.0399481, , , , , , , , , , , , , , , , , , , , , , , , , , , , 
30.4305577, -0.021149, , , , , , , 30.4305577, -0.0028534, , , , , , , 30.4305577, 0.0008392, , , , , , , 30.4305577, 0.0495155, , , , , , , , , , , , , , , , , , , , , , , , , , , , 
30.4310769, -0.0344091, , , , , , , 30.4310769, -0.0016785, , , , , , , 30.4310769, -0.0001678, , , , , , , 30.4310769, 0.0560616, , , , , , , , , , , , , , , , , , , , , , , , , , , , 
30.4315962, -0.043473, , , , , , , 30.4315962, 0.0011749, , , , , , , 30.4315962, 0.0001678, , , , , , , 30.4315962, 0.0622721, , , , , , , , , , , , , , , , , , , , , , , , , , , , 
30.4321154, -0.0461585, , , , , , , 30.4321154, 0.002182, , , , , , , 30.4321154, 0.0025177, , , , , , , 30.4321154, 0.0683146, , , , , , , , , , , , , , , , , , , , , , , , , , , , 
30.4326346, -0.0426337, , , , , , , 30.4326346, -0.0001678, , , , , , , 30.4326346, 0.0035248, , , , , , , 30.4326346, 0.0706645, , , , , , , , , , , , , , , , , , , , , , , , , , , , 
30.4331538, -0.0364233, , , , , , , 30.4331538, -0.0035248, , , , , , , 30.4331538, 0.0015106, , , , , , , 30.4331538, 0.0656291, , , , , , , , , , , , , , , , , , , , , , , , , , , , 
30.4336731, -0.0317235, , , , , , , 30.4336731, -0.0075532, , , , , , , 30.4336731, -0.0001678, , , , , , , 30.4336731, 0.054551, , , , , , , , , , , , , , , , , , , , , , , , , , , , 
30.4341923, -0.0265202, , , , , , , 30.4341923, -0.0102388, , , , , , , 30.4341923, -0.0015106, , , , , , , 30.4341923, 0.043473, , , , , , , , , , , , , , , , , , , , , , , , , , , , 
30.4347115, -0.0166171, , , , , , , 30.4347115, -0.0109102, , , , , , , 30.4347115, -0.0028534, , , , , , , 30.4347115, 0.0387732, , , , , , , , , , , , , , , , , , , , , , , , , , , , 
30.4352308, -0.0050355, , , , , , , 30.4352308, -0.0085603, , , , , , , 30.4352308, -0.0048676, , , , , , , 30.4352308, 0.0360876, , , , , , , , , , , , , , , , , , , , , , , , , , , , 
30.43575, 0.0006714, , , , , , , 30.43575, -0.0043641, , , , , , , 30.43575, -0.0041962, , , , , , , 30.43575, 0.0297093, , , , , , , , , , , , , , , , , , , , , , , , , , , , 
30.4362692, 0.008896, , , , , , , 30.4362692, -0.0025177, , , , , , , 30.4362692, -0.0010071, , , , , , , 30.4362692, 0.0231632, , , , , , , , , , , , , , , , , , , , , , , , , , , , 
30.4367885, 0.0198062, , , , , , , 30.4367885, -0.0036927, , , , , , , 30.4367885, -0.0010071, , , , , , , 30.4367885, 0.0146029, , , , , , , , , , , , , , , , , , , , , , , , , , , , 
30.4373077, 0.0199741, , , , , , , 30.4373077, -0.0041962, , , , , , , 30.4373077, -0.0025177, , , , , , , 30.4373077, 0.0082246, , , , , , , , , , , , , , , , , , , , , , , , , , , , 
30.4378269, 0.0194705, , , , , , , 30.4378269, -0.0045319, , , , , , , 30.4378269, -0.0035248, , , , , , , 30.4378269, 0.0041962, , , , , , , , , , , , , , , , , , , , , , , , , , , , 
30.4383462, 0.0240024, , , , , , , 30.4383462, -0.0058747, , , , , , , 30.4383462, -0.0052033, , , , , , , 30.4383462, 0.0011749, , , , , , , , , , , , , , , , , , , , , , , , , , , , 
30.4388654, 0.0256809, , , , , , , 30.4388654, -0.0082246, , , , , , , 30.4388654, -0.0085603, , , , , , , 30.4388654, -0.0015106, , , , , , , , , , , , , , , , , , , , , , , , , , , , 
30.4393846, 0.0238346, , , , , , , 30.4393846, -0.0109102, , , , , , , 30.4393846, -0.0112459, , , , , , , 30.4393846, -0.0010071, , , , , , , , , , , , , , , , , , , , , , , , , , , , 
30.4399038, 0.0240024, , , , , , , 30.4399038, -0.0119173, , , , , , , 30.4399038, -0.0115816, , , , , , , 30.4399038, -0.0030213, , , , , , , , , , , , , , , , , , , , , , , , , , , , 
30.4404231, 0.033402, , , , , , , 30.4404231, -0.0097353, , , , , , , 30.4404231, -0.0115816, , , , , , , 30.4404231, -0.0036927, , , , , , , , , , , , , , , , , , , , , , , , , , , , 
30.4409423, 0.0532082, , , , , , , 30.4409423, -0.0065461, , , , , , , 30.4409423, -0.0109102, , , , , , , 30.4409423, -0.002182, , , , , , , , , , , , , , , , , , , , , , , , , , , , 
30.4414615, 0.0706645, , , , , , , 30.4414615, -0.0048676, , , , , , , 30.4414615, -0.0109102, , , , , , , 30.4414615, -0.002182, , , , , , , , , , , , , , , , , , , , , , , , , , , , 
30.4419808, 0.0763714, , , , , , , 30.4419808, -0.0078889, , , , , , , 30.4419808, -0.0112459, , , , , , , 30.4419808, -0.0018463, , , , , , , , , , , , , , , , , , , , , , , , , , , , 
30.4425, 0.0681468, , , , , , , 30.4425, -0.0119173, , , , , , , 30.4425, -0.0105745, , , , , , , 30.4425, 0.0003357, , , , , , , , , , , , , , , , , , , , , , , , , , , , 
30.4430192, 0.0542153, , , , , , , 30.4430192, -0.0139315, , , , , , , 30.4430192, -0.0114137, , , , , , , 30.4430192, -0.0028534, , , , , , , , , , , , , , , , , , , , , , , , , , , , 
30.4435385, 0.0414588, , , , , , , 30.4435385, -0.0146029, , , , , , , 30.4435385, -0.0142672, , , , , , , 30.4435385, -0.0139315, , , , , , , , , , , , , , , , , , , , , , , , , , , , 
30.4440577, 0.0347448, , , , , , , 30.4440577, -0.0142672, , , , , , , 30.4440577, -0.0169528, , , , , , , 30.4440577, -0.0256809, , , , , , , , , , , , , , , , , , , , , , , , , , , , 
30.4445769, 0.0303807, , , , , , , 30.4445769, -0.0149386, , , , , , , 30.4445769, -0.0157778, , , , , , , 30.4445769, -0.0313878, , , , , , , , , , , , , , , , , , , , , , , , , , , , 
30.4450962, 0.026688, , , , , , , 30.4450962, -0.0149386, , , , , , , 30.4450962, -0.0166171, , , , , , , 30.4450962, -0.0320592, , , , , , , , , , , , , , , , , , , , , , , , , , , , 
30.4456154, 0.0323949, , , , , , , 30.4456154, -0.0132601, , , , , , , 30.4456154, -0.0179599, , , , , , , 30.4456154, -0.03122, , , , , , , , , , , , , , , , , , , , , , , , , , , , 
30.4461346, 0.0374304, , , , , , , 30.4461346, -0.0119173, , , , , , , 30.4461346, -0.0164492, , , , , , , 30.4461346, -0.0283665, , , , , , , , , , , , , , , , , , , , , , , , , , , , 
30.4466538, 0.0394446, , , , , , , 30.4466538, -0.0109102, , , , , , , 30.4466538, -0.0137636, , , , , , , 30.4466538, -0.0251774, , , , , , , , , , , , , , , , , , , , , , , , , , , , 
30.4471731, 0.0441444, , , , , , , 30.4471731, -0.0082246, , , , , , , 30.4471731, -0.0114137, , , , , , , 30.4471731, -0.0181277, , , , , , , , , , , , , , , , , , , , , , , , , , , , 
30.4476923, 0.049012, , , , , , , 30.4476923, -0.0058747, , , , , , , 30.4476923, -0.0099031, , , , , , , 30.4476923, -0.0048676, , , , , , , , , , , , , , , , , , , , , , , , , , , , 
30.4482115, 0.0491798, , , , , , , 30.4482115, -0.0045319, , , , , , , 30.4482115, -0.008896, , , , , , , 30.4482115, 0.0073854, , , , , , , , , , , , , , , , , , , , , , , , , , , , 
30.4487308, 0.051194, , , , , , , 30.4487308, -0.005539, , , , , , , 30.4487308, -0.0092317, , , , , , , 30.4487308, 0.0157778, , , , , , , , , , , , , , , , , , , , , , , , , , , , 
30.44925, 0.0501869, , , , , , , 30.44925, -0.0065461, , , , , , , 30.44925, -0.0077211, , , , , , , 30.44925, 0.0226596, , , , , , , , , , , , , , , , , , , , , , , , , , , , 
30.4497692, 0.0399481, , , , , , , 30.4497692, -0.0065461, , , , , , , 30.4497692, -0.005539, , , , , , , 30.4497692, 0.0310521, , , , , , , , , , , , , , , , , , , , , , , , , , , , 
30.4502885, 0.0193027, , , , , , , 30.4502885, -0.0052033, , , , , , , 30.4502885, -0.0045319, , , , , , , 30.4502885, 0.0397803, , , , , , , , , , , , , , , , , , , , , , , , , , , , 
30.4508077, -0.0114137, , , , , , , 30.4508077, -0.0028534, , , , , , , 30.4508077, -0.0038605, , , , , , , 30.4508077, 0.0491798, , , , , , , , , , , , , , , , , , , , , , , , , , , , 
30.4513269, -0.0303807, , , , , , , 30.4513269, -0.0015106, , , , , , , 30.4513269, -0.0035248, , , , , , , 30.4513269, 0.0589151, , , , , , , , , , , , , , , , , , , , , , , , , , , , 
30.4518462, -0.0347448, , , , , , , 30.4518462, -0.0005035, , , , , , , 30.4518462, -0.0041962, , , , , , , 30.4518462, 0.0647898, , , , , , , , , , , , , , , , , , , , , , , , , , , , 
30.4523654, -0.0409552, , , , , , , 30.4523654, 0.002182, , , , , , , 30.4523654, -0.0041962, , , , , , , 30.4523654, 0.0663005, , , , , , , , , , , , , , , , , , , , , , , , , , , , 
30.4528846, -0.0533761, , , , , , , 30.4528846, 0.0057069, , , , , , , 30.4528846, -0.0038605, , , , , , , 30.4528846, 0.0637827, , , , , , , , , , , , , , , , , , , , , , , , , , , , 
30.4534038, -0.0565652, , , , , , , 30.4534038, 0.0038605, , , , , , , 30.4534038, -0.0045319, , , , , , , 30.4534038, 0.0572366, , , , , , , , , , , , , , , , , , , , , , , , , , , , 
30.4539231, -0.0475013, , , , , , , 30.4539231, -0.0028534, , , , , , , 30.4539231, -0.0068818, , , , , , , 30.4539231, 0.0458228, , , , , , , , , , , , , , , , , , , , , , , , , , , , 
30.4544423, -0.0276951, , , , , , , 30.4544423, -0.008896, , , , , , , 30.4544423, -0.0085603, , , , , , , 30.4544423, 0.0354162, , , , , , , , , , , , , , , , , , , , , , , , , , , , 
30.4549615, -0.0015106, , , , , , , 30.4549615, -0.011078, , , , , , , 30.4549615, -0.0075532, , , , , , , 30.4549615, 0.0260166, , , , , , , , , , , , , , , , , , , , , , , , , , , , 
30.4554808, 0.026688, , , , , , , 30.4554808, -0.0125887, , , , , , , 30.4554808, -0.0070497, , , , , , , 30.4554808, 0.0199741, , , , , , , , , , , , , , , , , , , , , , , , , , , , 
30.456, 0.0548867, , , , , , , 30.456, -0.0129244, , , , , , , 30.456, -0.0075532, , , , , , , 30.456, 0.0166171, , , , , , , , , , , , , , , , , , , , , , , , , , , , 
30.4565192, 0.0767071, , , , , , , 30.4565192, -0.0139315, , , , , , , 30.4565192, -0.0072175, , , , , , , 30.4565192, 0.0124208, , , , , , , , , , , , , , , , , , , , , , , , , , , , 
30.4570385, 0.0847639, , , , , , , 30.4570385, -0.0162814, , , , , , , 30.4570385, -0.0083925, , , , , , , 30.4570385, 0.0083925, , , , , , , , , , , , , , , , , , , , , , , , , , , , 
30.4575577, 0.0783856, , , , , , , 30.4575577, -0.01561, , , , , , , 30.4575577, -0.0095674, , , , , , , 30.4575577, 0.0078889, , , , , , , , , , , , , , , , , , , , , , , , , , , , 
30.4580769, 0.0622721, , , , , , , 30.4580769, -0.0135958, , , , , , , 30.4580769, -0.008896, , , , , , , 30.4580769, 0.0068818, , , , , , , , , , , , , , , , , , , , , , , , , , , , 
30.4585962, 0.0491798, , , , , , , 30.4585962, -0.0129244, , , , , , , 30.4585962, -0.008896, , , , , , , 30.4585962, 0.0045319, , , , , , , , , , , , , , , , , , , , , , , , , , , , 
30.4591154, 0.0374304, , , , , , , 30.4591154, -0.0135958, , , , , , , 30.4591154, -0.0095674, , , , , , , 30.4591154, 0.0038605, , , , , , , , , , , , , , , , , , , , , , , , , , , , 
30.4596346, 0.0307164, , , , , , , 30.4596346, -0.0115816, , , , , , , 30.4596346, -0.0102388, , , , , , , 30.4596346, 0.0038605, , , , , , , , , , , , , , , , , , , , , , , , , , , , 
30.4601538, 0.030045, , , , , , , 30.4601538, -0.0085603, , , , , , , 30.4601538, -0.0078889, , , , , , , 30.4601538, 0.0041962, , , , , , , , , , , , , , , , , , , , , , , , , , , , 
30.4606731, 0.0253452, , , , , , , 30.4606731, -0.0052033, , , , , , , 30.4606731, -0.0068818, , , , , , , 30.4606731, 0.0045319, , , , , , , , , , , , , , , , , , , , , , , , , , , , 
30.4611923, 0.0216526, , , , , , , 30.4611923, -0.0038605, , , , , , , 30.4611923, -0.0082246, , , , , , , 30.4611923, 0.0045319, , , , , , , , , , , , , , , , , , , , , , , , , , , , 
30.4617115, 0.0223239, , , , , , , 30.4617115, -0.0043641, , , , , , , 30.4617115, -0.0095674, , , , , , , 30.4617115, 0.0041962, , , , , , , , , , , , , , , , , , , , , , , , , , , , 
30.4622308, 0.0246738, , , , , , , 30.4622308, -0.0062104, , , , , , , 30.4622308, -0.008896, , , , , , , 30.4622308, 0.0038605, , , , , , , , , , , , , , , , , , , , , , , , , , , , 
30.46275, 0.0280308, , , , , , , 30.46275, -0.0078889, , , , , , , 30.46275, -0.008896, , , , , , , 30.46275, 0.0011749, , , , , , , , , , , , , , , , , , , , , , , , , , , , 
30.4632692, 0.0313878, , , , , , , 30.4632692, -0.0085603, , , , , , , 30.4632692, -0.0109102, , , , , , , 30.4632692, -0.0073854, , , , , , , , , , , , , , , , , , , , , , , , , , , , 
30.4637885, 0.0293736, , , , , , , 30.4637885, -0.0092317, , , , , , , 30.4637885, -0.0146029, , , , , , , 30.4637885, -0.0219883, , , , , , , , , , , , , , , , , , , , , , , , , , , , 
30.4643077, 0.0226596, , , , , , , 30.4643077, -0.0095674, , , , , , , 30.4643077, -0.01561, , , , , , , 30.4643077, -0.0310521, , , , , , , , , , , , , , , , , , , , , , , , , , , , 
30.4648269, 0.0169528, , , , , , , 30.4648269, -0.008896, , , , , , , 30.4648269, -0.0129244, , , , , , , 30.4648269, -0.0320592, , , , , , , , , , , , , , , , , , , , , , , , , , , , 
30.4653462, 0.018967, , , , , , , 30.4653462, -0.0075532, , , , , , , 30.4653462, -0.0109102, , , , , , , 30.4653462, -0.0323949, , , , , , , , , , , , , , , , , , , , , , , , , , , , 
30.4658654, 0.0323949, , , , , , , 30.4658654, -0.0078889, , , , , , , 30.4658654, -0.0109102, , , , , , , 30.4658654, -0.0293736, , , , , , , , , , , , , , , , , , , , , , , , , , , , 
30.4663846, 0.0475013, , , , , , , 30.4663846, -0.0085603, , , , , , , 30.4663846, -0.0112459, , , , , , , 30.4663846, -0.0243381, , , , , , , , , , , , , , , , , , , , , , , , , , , , 
30.4669038, 0.0468299, , , , , , , 30.4669038, -0.0090639, , , , , , , 30.4669038, -0.0097353, , , , , , , 30.4669038, -0.0196384, , , , , , , , , , , , , , , , , , , , , , , , , , , , 
30.4674231, 0.0350805, , , , , , , 30.4674231, -0.008896, , , , , , , 30.4674231, -0.0082246, , , , , , , 30.4674231, -0.0112459, , , , , , , , , , , , , , , , , , , , , , , , , , , , 
30.4679423, 0.023331, , , , , , , 30.4679423, -0.0072175, , , , , , , 30.4679423, -0.0082246, , , , , , , 30.4679423, -0.0005035, , , , , , , , , , , , , , , , , , , , , , , , , , , , 
30.4684615, 0.008896, , , , , , , 30.4684615, -0.0085603, , , , , , , 30.4684615, -0.0072175, , , , , , , 30.4684615, 0.0062104, , , , , , , , , , , , , , , , , , , , , , , , , , , , 
30.4689808, -0.0028534, , , , , , , 30.4689808, -0.0099031, , , , , , , 30.4689808, -0.0062104, , , , , , , 30.4689808, 0.014435, , , , , , , , , , , , , , , , , , , , , , , , , , , , 
30.4695, -0.0095674, , , , , , , 30.4695, -0.0082246, , , , , , , 30.4695, -0.0058747, , , , , , , 30.4695, 0.0253452, , , , , , , , , , , , , , , , , , , , , , , , , , , , 
30.4700192, -0.0129244, , , , , , , 30.4700192, -0.005539, , , , , , , 30.4700192, -0.0045319, , , , , , , 30.4700192, 0.0386053, , , , , , , , , , , , , , , , , , , , , , , , , , , , 
30.4705385, -0.0176242, , , , , , , 30.4705385, -0.0035248, , , , , , , 30.4705385, -0.0018463, , , , , , , 30.4705385, 0.0508583, , , , , , , , , , , , , , , , , , , , , , , , , , , , 
30.4710577, -0.0209812, , , , , , , 30.4710577, -0.0028534, , , , , , , 30.4710577, 0.0008392, , , , , , , 30.4710577, 0.0592508, , , , , , , , , , , , , , , , , , , , , , , , , , , , 
30.4715769, -0.0164492, , , , , , , 30.4715769, -0.0028534, , , , , , , 30.4715769, 0.0015106, , , , , , , 30.4715769, 0.064622, , , , , , , , , , , , , , , , , , , , , , , , , , , , 
30.4720962, -0.0078889, , , , , , , 30.4720962, -0.0025177, , , , , , , 30.4720962, -0.0011749, , , , , , , 30.4720962, 0.0696574, , , , , , , , , , , , , , , , , , , , , , , , , , , , 
30.4726154, 0.0011749, , , , , , , 30.4726154, -0.0041962, , , , , , , 30.4726154, -0.0031891, , , , , , , 30.4726154, 0.072343, , , , , , , , , , , , , , , , , , , , , , , , , , , , 
30.4731346, 0.0046998, , , , , , , 30.4731346, -0.0085603, , , , , , , 30.4731346, -0.0035248, , , , , , , 30.4731346, 0.0706645, , , , , , , , , , , , , , , , , , , , , , , , , , , , 
30.4736538, 0.0025177, , , , , , , 30.4736538, -0.0115816, , , , , , , 30.4736538, -0.0043641, , , , , , , 30.4736538, 0.0626078, , , , , , , , , , , , , , , , , , , , , , , , , , , , 
30.4741731, 0.0072175, , , , , , , 30.4741731, -0.0115816, , , , , , , 30.4741731, -0.0038605, , , , , , , 30.4741731, 0.0515297, , , , , , , , , , , , , , , , , , , , , , , , , , , , 
30.4746923, 0.01561, , , , , , , 30.4746923, -0.012253, , , , , , , 30.4746923, -0.0041962, , , , , , , 30.4746923, 0.0448157, , , , , , , , , , , , , , , , , , , , , , , , , , , , 
30.4752115, 0.01561, , , , , , , 30.4752115, -0.0139315, , , , , , , 30.4752115, -0.005539, , , , , , , 30.4752115, 0.0409552, , , , , , , , , , , , , , , , , , , , , , , , , , , , 
30.4757308, 0.0179599, , , , , , , 30.4757308, -0.0135958, , , , , , , 30.4757308, -0.0065461, , , , , , , 30.4757308, 0.0360876, , , , , , , , , , , , , , , , , , , , , , , , , , , , 
30.47625, 0.030045, , , , , , , 30.47625, -0.0087282, , , , , , , 30.47625, -0.0092317, , , , , , , 30.47625, 0.0303807, , , , , , , , , , , , , , , , , , , , , , , , , , , , 
30.4767692, 0.0307164, , , , , , , 30.4767692, -0.0048676, , , , , , , 30.4767692, -0.0073854, , , , , , , 30.4767692, 0.0231632, , , , , , , , , , , , , , , , , , , , , , , , , , , , 
30.4772885, 0.0115816, , , , , , , 30.4772885, -0.0065461, , , , , , , 30.4772885, -0.0048676, , , , , , , 30.4772885, 0.0172885, , , , , , , , , , , , , , , , , , , , , , , , , , , , 
30.4778077, -0.0142672, , , , , , , 30.4778077, -0.0109102, , , , , , , 30.4778077, -0.0041962, , , , , , , 30.4778077, 0.014435, , , , , , , , , , , , , , , , , , , , , , , , , , , , 
30.4783269, -0.0243381, , , , , , , 30.4783269, -0.012253, , , , , , , 30.4783269, -0.0045319, , , , , , , 30.4783269, 0.0137636, , , , , , , , , , , , , , , , , , , , , , , , , , , , 
30.4788462, -0.0196384, , , , , , , 30.4788462, -0.012253, , , , , , , 30.4788462, -0.0048676, , , , , , , 30.4788462, 0.0119173, , , , , , , , , , , , , , , , , , , , , , , , , , , , 
30.4793654, -0.0140993, , , , , , , 30.4793654, -0.0151064, , , , , , , 30.4793654, -0.0058747, , , , , , , 30.4793654, 0.0075532, , , , , , , , , , , , , , , , , , , , , , , , , , , , 
30.4798846, -0.0062104, , , , , , , 30.4798846, -0.0146029, , , , , , , 30.4798846, -0.0062104, , , , , , , 30.4798846, 0.0038605, , , , , , , , , , , , , , , , , , , , , , , , , , , , 
30.4804038, 0.0025177, , , , , , , 30.4804038, -0.0095674, , , , , , , 30.4804038, -0.005539, , , , , , , 30.4804038, 0.0023499, , , , , , , , , , , , , , , , , , , , , , , , , , , , 
30.4809231, 0.0025177, , , , , , , 30.4809231, -0.0068818, , , , , , , 30.4809231, -0.0058747, , , , , , , 30.4809231, -0.0003357, , , , , , , , , , , , , , , , , , , , , , , , , , , , 
30.4814423, 0.0011749, , , , , , , 30.4814423, -0.0070497, , , , , , , 30.4814423, -0.0082246, , , , , , , 30.4814423, -0.002182, , , , , , , , , , , , , , , , , , , , , , , , , , , , 
30.4819615, 0.0045319, , , , , , , 30.4819615, -0.0063783, , , , , , , 30.4819615, -0.0104067, , , , , , , 30.4819615, -0.0018463, , , , , , , , , , , , , , , , , , , , , , , , , , , , 
30.4824808, 0.0078889, , , , , , , 30.4824808, -0.0050355, , , , , , , 30.4824808, -0.0092317, , , , , , , 30.4824808, -0.0016785, , , , , , , , , , , , , , , , , , , , , , , , , , , , 
30.483, 0.0063783, , , , , , , 30.483, -0.0068818, , , , , , , 30.483, -0.0065461, , , , , , , 30.483, -0.0048676, , , , , , , , , , , , , , , , , , , , , , , , , , , , 
30.4835192, 0.0045319, , , , , , , 30.4835192, -0.0085603, , , , , , , 30.4835192, -0.0075532, , , , , , , 30.4835192, -0.01561, , , , , , , , , , , , , , , , , , , , , , , , , , , , 
30.4840385, 0.0028534, , , , , , , 30.4840385, -0.0068818, , , , , , , 30.4840385, -0.0102388, , , , , , , 30.4840385, -0.0276951, , , , , , , , , , , , , , , , , , , , , , , , , , , , 
30.4845577, 0.0063783, , , , , , , 30.4845577, -0.0038605, , , , , , , 30.4845577, -0.0125887, , , , , , , 30.4845577, -0.0325628, , , , , , , , , , , , , , , , , , , , , , , , , , , , 
30.4850769, 0.0095674, , , , , , , 30.4850769, -0.003357, , , , , , , 30.4850769, -0.0125887, , , , , , , 30.4850769, -0.0347448, , , , , , , , , , , , , , , , , , , , , , , , , , , , 
30.4855962, 0.0048676, , , , , , , 30.4855962, -0.0035248, , , , , , , 30.4855962, -0.0125887, , , , , , , 30.4855962, -0.0357519, , , , , , , , , , , , , , , , , , , , , , , , , , , , 
30.4861154, 0.0015106, , , , , , , 30.4861154, -0.0045319, , , , , , , 30.4861154, -0.0132601, , , , , , , 30.4861154, -0.0344091, , , , , , , , , , , , , , , , , , , , , , , , , , , , 
30.4866346, 0.0083925, , , , , , , 30.4866346, -0.0048676, , , , , , , 30.4866346, -0.0132601, , , , , , , 30.4866346, -0.0276951, , , , , , , , , , , , , , , , , , , , , , , , , , , , 
30.4871538, 0.0137636, , , , , , , 30.4871538, -0.0041962, , , , , , , 30.4871538, -0.0135958, , , , , , , 30.4871538, -0.0179599, , , , , , , , , , , , , , , , , , , , , , , , , , , , 
30.4876731, 0.0065461, , , , , , , 30.4876731, -0.005539, , , , , , , 30.4876731, -0.0125887, , , , , , , 30.4876731, -0.0082246, , , , , , , , , , , , , , , , , , , , , , , , , , , , 
30.4881923, -0.0095674, , , , , , , 30.4881923, -0.0065461, , , , , , , 30.4881923, -0.0099031, , , , , , , 30.4881923, -0.0011749, , , , , , , , , , , , , , , , , , , , , , , , , , , , 
30.4887115, -0.0293736, , , , , , , 30.4887115, -0.0078889, , , , , , , 30.4887115, -0.0073854, , , , , , , 30.4887115, 0.0063783, , , , , , , , , , , , , , , , , , , , , , , , , , , , 
30.4892308, -0.0397803, , , , , , , 30.4892308, -0.0109102, , , , , , , 30.4892308, -0.0057069, , , , , , , 30.4892308, 0.0152743, , , , , , , , , , , , , , , , , , , , , , , , , , , , 
30.48975, -0.0391089, , , , , , , 30.48975, -0.0112459, , , , , , , 30.48975, -0.0041962, , , , , , , 30.48975, 0.0293736, , , , , , , , , , , , , , , , , , , , , , , , , , , , 
30.4902692, -0.040116, , , , , , , 30.4902692, -0.0075532, , , , , , , 30.4902692, -0.0038605, , , , , , , 30.4902692, 0.0414588, , , , , , , , , , , , , , , , , , , , , , , , , , , , 
30.4907885, -0.0453193, , , , , , , 30.4907885, -0.0052033, , , , , , , 30.4907885, -0.0052033, , , , , , , 30.4907885, 0.0508583, , , , , , , , , , , , , , , , , , , , , , , , , , , , 
30.4913077, -0.054551, , , , , , , 30.4913077, -0.0050355, , , , , , , 30.4913077, -0.0052033, , , , , , , 30.4913077, 0.0589151, , , , , , , , , , , , , , , , , , , , , , , , , , , , 
30.4918269, -0.0605936, , , , , , , 30.4918269, -0.005539, , , , , , , 30.4918269, -0.0028534, , , , , , , 30.4918269, 0.0656291, , , , , , , , , , , , , , , , , , , , , , , , , , , , 
30.4923462, -0.0669718, , , , , , , 30.4923462, -0.0035248, , , , , , , 30.4923462, 0.0001678, , , , , , , 30.4923462, 0.0696574, , , , , , , , , , , , , , , , , , , , , , , , , , , , 
30.4928654, -0.0854353, , , , , , , 30.4928654, -0.0015106, , , , , , , 30.4928654, -0.0018463, , , , , , , 30.4928654, 0.0679789, , , , , , , , , , , , , , , , , , , , , , , , , , , , 
30.4933846, -0.1005417, , , , , , , 30.4933846, -0.002182, , , , , , , 30.4933846, -0.005539, , , , , , , 30.4933846, 0.0616007, , , , , , , , , , , , , , , , , , , , , , , , , , , , 
30.4939038, -0.0921492, , , , , , , 30.4939038, -0.0041962, , , , , , , 30.4939038, -0.008896, , , , , , , 30.4939038, 0.051194, , , , , , , , , , , , , , , , , , , , , , , , , , , , 
30.4944231, -0.0663005, , , , , , , 30.4944231, -0.0048676, , , , , , , 30.4944231, -0.0095674, , , , , , , 30.4944231, 0.0391089, , , , , , , , , , , , , , , , , , , , , , , , , , , , 
30.4949423, -0.0441444, , , , , , , 30.4949423, -0.0050355, , , , , , , 30.4949423, -0.0085603, , , , , , , 30.4949423, 0.0297093, , , , , , , , , , , , , , , , , , , , , , , , , , , , 
30.4954615, -0.018967, , , , , , , 30.4954615, -0.0048676, , , , , , , 30.4954615, -0.008896, , , , , , , 30.4954615, 0.0240024, , , , , , , , , , , , , , , , , , , , , , , , , , , , 
30.4959808, 0.0191348, , , , , , , 30.4959808, -0.0052033, , , , , , , 30.4959808, -0.008896, , , , , , , 30.4959808, 0.0193027, , , , , , , , , , , , , , , , , , , , , , , , , , , , 
30.4965, 0.0663005, , , , , , , 30.4965, -0.0062104, , , , , , , 30.4965, -0.0082246, , , , , , , 30.4965, 0.01561, , , , , , , , , , , , , , , , , , , , , , , , , , , , 
30.4970192, 0.1126268, , , , , , , 30.4970192, -0.0082246, , , , , , , 30.4970192, -0.0078889, , , , , , , 30.4970192, 0.0115816, , , , , , , , , , , , , , , , , , , , , , , , , , , , 
30.4975385, 0.1277333, , , , , , , 30.4975385, -0.008896, , , , , , , 30.4975385, -0.0075532, , , , , , , 30.4975385, 0.0104067, , , , , , , , , , , , , , , , , , , , , , , , , , , , 
30.4980577, 0.1096056, , , , , , , 30.4980577, -0.008896, , , , , , , 30.4980577, -0.0070497, , , , , , , 30.4980577, 0.0085603, , , , , , , , , , , , , , , , , , , , , , , , , , , , 
30.4985769, 0.0891279, , , , , , , 30.4985769, -0.008896, , , , , , , 30.4985769, -0.0062104, , , , , , , 30.4985769, 0.0045319, , , , , , , , , , , , , , , , , , , , , , , , , , , , 
30.4990962, 0.0716716, , , , , , , 30.4990962, -0.011078, , , , , , , 30.4990962, -0.0062104, , , , , , , 30.4990962, 0.002182, , , , , , , , , , , , , , , , , , , , , , , , , , , , 
30.4996154, 0.0501869, , , , , , , 30.4996154, -0.0115816, , , , , , , 30.4996154, -0.0075532, , , , , , , 30.4996154, 0.0011749, , , , , , , , , , , , , , , , , , , , , , , , , , , , 
30.5001346, 0.0354162, , , , , , , 30.5001346, -0.0115816, , , , , , , 30.5001346, -0.0092317, , , , , , , 30.5001346, 0.0005035, , , , , , , , , , , , , , , , , , , , , , , , , , , , 
30.5006538, 0.0303807, , , , , , , 30.5006538, -0.0115816, , , , , , , 30.5006538, -0.0082246, , , , , , , 30.5006538, -0.0010071, , , , , , , , , , , , , , , , , , , , , , , , , , , , 
30.5011731, 0.0271916, , , , , , , 30.5011731, -0.0109102, , , , , , , 30.5011731, -0.0062104, , , , , , , 30.5011731, -0.0031891, , , , , , , , , , , , , , , , , , , , , , , , , , , , 
30.5016923, 0.0213169, , , , , , , 30.5016923, -0.0092317, , , , , , , 30.5016923, -0.0065461, , , , , , , 30.5016923, -0.0025177, , , , , , , , , , , , , , , , , , , , , , , , , , , , 
30.5022115, 0.0146029, , , , , , , 30.5022115, -0.0082246, , , , , , , 30.5022115, -0.0085603, , , , , , , 30.5022115, -0.0008392, , , , , , , , , , , , , , , , , , , , , , , , , , , , 
30.5027308, 0.0119173, , , , , , , 30.5027308, -0.0085603, , , , , , , 30.5027308, -0.0102388, , , , , , , 30.5027308, -0.0031891, , , , , , , , , , , , , , , , , , , , , , , , , , , , 
30.50325, 0.0132601, , , , , , , 30.50325, -0.0095674, , , , , , , 30.50325, -0.012253, , , , , , , 30.50325, -0.0112459, , , , , , , , , , , , , , , , , , , , , , , , , , , , 
30.5037692, 0.0280308, , , , , , , 30.5037692, -0.0104067, , , , , , , 30.5037692, -0.0139315, , , , , , , 30.5037692, -0.0216526, , , , , , , , , , , , , , , , , , , , , , , , , , , , 
30.5042885, 0.0488441, , , , , , , 30.5042885, -0.0099031, , , , , , , 30.5042885, -0.0149386, , , , , , , 30.5042885, -0.0273594, , , , , , , , , , , , , , , , , , , , , , , , , , , , 
30.5048077, 0.0570687, , , , , , , 30.5048077, -0.0095674, , , , , , , 30.5048077, -0.0139315, , , , , , , 30.5048077, -0.0307164, , , , , , , , , , , , , , , , , , , , , , , , , , , , 
30.5053269, 0.0575723, , , , , , , 30.5053269, -0.0105745, , , , , , , 30.5053269, -0.0146029, , , , , , , 30.5053269, -0.0337377, , , , , , , , , , , , , , , , , , , , , , , , , , , , 
30.5058462, 0.0569009, , , , , , , 30.5058462, -0.0115816, , , , , , , 30.5058462, -0.0157778, , , , , , , 30.5058462, -0.0344091, , , , , , , , , , , , , , , , , , , , , , , , , , , , 
30.5063654, 0.0562295, , , , , , , 30.5063654, -0.0109102, , , , , , , 30.5063654, -0.0149386, , , , , , , 30.5063654, -0.0290379, , , , , , , , , , , , , , , , , , , , , , , , , , , , 
30.5068846, 0.0522011, , , , , , , 30.5068846, -0.0062104, , , , , , , 30.5068846, -0.0129244, , , , , , , 30.5068846, -0.0216526, , , , , , , , , , , , , , , , , , , , , , , , , , , , 
30.5074038, 0.0360876, , , , , , , 30.5074038, -0.002182, , , , , , , 30.5074038, -0.0104067, , , , , , , 30.5074038, -0.0135958, , , , , , , , , , , , , , , , , , , , , , , , , , , , 
30.5079231, 0.0142672, , , , , , , 30.5079231, -0.0038605, , , , , , , 30.5079231, -0.0090639, , , , , , , 30.5079231, -0.0028534, , , , , , , , , , , , , , , , , , , , , , , , , , , , 
30.5084423, -0.0062104, , , , , , , 30.5084423, -0.0085603, , , , , , , 30.5084423, -0.0075532, , , , , , , 30.5084423, 0.0052033, , , , , , , , , , , , , , , , , , , , , , , , , , , , 
30.5089615, -0.0238346, , , , , , , 30.5089615, -0.0112459, , , , , , , 30.5089615, -0.0065461, , , , , , , 30.5089615, 0.0107424, , , , , , , , , , , , , , , , , , , , , , , , , , , , 
30.5094808, -0.0330663, , , , , , , 30.5094808, -0.0092317, , , , , , , 30.5094808, -0.0048676, , , , , , , 30.5094808, 0.0206455, , , , , , , , , , , , , , , , , , , , , , , , , , , , 
30.51, -0.0411231, , , , , , , 30.51, -0.0048676, , , , , , , 30.51, -0.0008392, , , , , , , 30.51, 0.033402, , , , , , , , , , , , , , , , , , , , , , , , , , , , 
30.5105192, -0.0513619, , , , , , , 30.5105192, -0.0041962, , , , , , , 30.5105192, 0.0011749, , , , , , , 30.5105192, 0.0453193, , , , , , , , , , , , , , , , , , , , , , , , , , , , 
30.5110385, -0.0538796, , , , , , , 30.5110385, -0.0048676, , , , , , , 30.5110385, 0.0005035, , , , , , , 30.5110385, 0.0528725, , , , , , , , , , , , , , , , , , , , , , , , , , , , 
30.5115577, -0.0493477, , , , , , , 30.5115577, -0.003357, , , , , , , 30.5115577, -0.0001678, , , , , , , 30.5115577, 0.0575723, , , , , , , , , , , , , , , , , , , , , , , , , , , , 
30.5120769, -0.0441444, , , , , , , 30.5120769, -0.0035248, , , , , , , 30.5120769, 0.0010071, , , , , , , 30.5120769, 0.0616007, , , , , , , , , , , , , , , , , , , , , , , , , , , , 
30.5125962, -0.0394446, , , , , , , 30.5125962, -0.0038605, , , , , , , 30.5125962, 0.0011749, , , , , , , 30.5125962, 0.0642863, , , , , , , , , , , , , , , , , , , , , , , , , , , , 
30.5131154, -0.0337377, , , , , , , 30.5131154, -0.005539, , , , , , , 30.5131154, -0.0001678, , , , , , , 30.5131154, 0.061265, , , , , , , , , , , , , , , , , , , , , , , , , , , , 
30.5136346, -0.023331, , , , , , , 30.5136346, -0.0085603, , , , , , , 30.5136346, -0.0011749, , , , , , , 30.5136346, 0.0508583, , , , , , , , , , , , , , , , , , , , , , , , , , , , 
30.5141538, -0.0104067, , , , , , , 30.5141538, -0.008896, , , , , , , 30.5141538, -0.0015106, , , , , , , 30.5141538, 0.0386053, , , , , , , , , , , , , , , , , , , , , , , , , , , , 
30.5146731, -0.0041962, , , , , , , 30.5146731, -0.0077211, , , , , , , 30.5146731, -0.0035248, , , , , , , 30.5146731, 0.0307164, , , , , , , , , , , , , , , , , , , , , , , , , , , , 
30.5151923, -0.0068818, , , , , , , 30.5151923, -0.0075532, , , , , , , 30.5151923, -0.0062104, , , , , , , 30.5151923, 0.0250095, , , , , , , , , , , , , , , , , , , , , , , , , , , , 
30.5157115, -0.0065461, , , , , , , 30.5157115, -0.0072175, , , , , , , 30.5157115, -0.008896, , , , , , , 30.5157115, 0.0213169, , , , , , , , , , , , , , , , , , , , , , , , , , , , 
30.5162308, 0.0035248, , , , , , , 30.5162308, -0.0057069, , , , , , , 30.5162308, -0.0109102, , , , , , , 30.5162308, 0.0162814, , , , , , , , , , , , , , , , , , , , , , , , , , , , 
30.51675, 0.0186313, , , , , , , 30.51675, -0.0031891, , , , , , , 30.51675, -0.012253, , , , , , , 30.51675, 0.0112459, , , , , , , , , , , , , , , , , , , , , , , , , , , , 
30.5172692, 0.0307164, , , , , , , 30.5172692, -0.002182, , , , , , , 30.5172692, -0.0117494, , , , , , , 30.5172692, 0.0092317, , , , , , , , , , , , , , , , , , , , , , , , , , , , 
30.5177885, 0.0360876, , , , , , , 30.5177885, -0.0025177, , , , , , , 30.5177885, -0.0112459, , , , , , , 30.5177885, 0.0065461, , , , , , , , , , , , , , , , , , , , , , , , , , , , 
30.5183077, 0.0365911, , , , , , , 30.5183077, -0.0038605, , , , , , , 30.5183077, -0.0129244, , , , , , , 30.5183077, 0.0048676, , , , , , , , , , , , , , , , , , , , , , , , , , , , 
30.5188269, 0.0404517, , , , , , , 30.5188269, -0.005539, , , , , , , 30.5188269, -0.0135958, , , , , , , 30.5188269, 0.0068818, , , , , , , , , , , , , , , , , , , , , , , , , , , , 
30.5193462, 0.0436408, , , , , , , 30.5193462, -0.0068818, , , , , , , 30.5193462, -0.0135958, , , , , , , 30.5193462, 0.0092317, , , , , , , , , , , , , , , , , , , , , , , , , , , , 
30.5198654, 0.0459907, , , , , , , 30.5198654, -0.0072175, , , , , , , 30.5198654, -0.0137636, , , , , , , 30.5198654, 0.0072175, , , , , , , , , , , , , , , , , , , , , , , , , , , , 
30.5203846, 0.0461585, , , , , , , 30.5203846, -0.0077211, , , , , , , 30.5203846, -0.0129244, , , , , , , 30.5203846, 0.0041962, , , , , , , , , , , , , , , , , , , , , , , , , , , , 
30.5209038, 0.04448, , , , , , , 30.5209038, -0.0077211, , , , , , , 30.5209038, -0.0102388, , , , , , , 30.5209038, 0.0031891, , , , , , , , , , , , , , , , , , , , , , , , , , , , 
30.5214231, 0.0525368, , , , , , , 30.5214231, -0.0068818, , , , , , , 30.5214231, -0.0082246, , , , , , , 30.5214231, 0.002182, , , , , , , , , , , , , , , , , , , , , , , , , , , , 
30.5219423, 0.0609293, , , , , , , 30.5219423, -0.0083925, , , , , , , 30.5219423, -0.0085603, , , , , , , 30.5219423, 0.0025177, , , , , , , , , , , , , , , , , , , , , , , , , , , , 
30.5224615, 0.0589151, , , , , , , 30.5224615, -0.0109102, , , , , , , 30.5224615, -0.0099031, , , , , , , 30.5224615, 0.0052033, , , , , , , , , , , , , , , , , , , , , , , , , , , , 
30.5229808, 0.0500191, , , , , , , 30.5229808, -0.0127565, , , , , , , 30.5229808, -0.012253, , , , , , , 30.5229808, 0.0010071, , , , , , , , , , , , , , , , , , , , , , , , , , , , 
30.5235, 0.0453193, , , , , , , 30.5235, -0.0139315, , , , , , , 30.5235, -0.0135958, , , , , , , 30.5235, -0.0124208, , , , , , , , , , , , , , , , , , , , , , , , , , , , 
30.5240192, 0.0528725, , , , , , , 30.5240192, -0.0119173, , , , , , , 30.5240192, -0.012253, , , , , , , 30.5240192, -0.0216526, , , , , , , , , , , , , , , , , , , , , , , , , , , , 
30.5245385, 0.0609293, , , , , , , 30.5245385, -0.0075532, , , , , , , 30.5245385, -0.0099031, , , , , , , 30.5245385, -0.0213169, , , , , , , , , , , , , , , , , , , , , , , , , , , , 
30.5250577, 0.0481727, , , , , , , 30.5250577, -0.0075532, , , , , , , 30.5250577, -0.0105745, , , , , , , 30.5250577, -0.0223239, , , , , , , , , , , , , , , , , , , , , , , , , , , , 
30.5255769, 0.0213169, , , , , , , 30.5255769, -0.0090639, , , , , , , 30.5255769, -0.012253, , , , , , , 30.5255769, -0.0258488, , , , , , , , , , , , , , , , , , , , , , , , , , , , 
30.5260962, 0.0045319, , , , , , , 30.5260962, -0.0068818, , , , , , , 30.5260962, -0.0135958, , , , , , , 30.5260962, -0.0263523, , , , , , , , , , , , , , , , , , , , , , , , , , , , 
30.5266154, 0.005539, , , , , , , 30.5266154, -0.0018463, , , , , , , 30.5266154, -0.0129244, , , , , , , 30.5266154, -0.0203098, , , , , , , , , , , , , , , , , , , , , , , , , , , , 
30.5271346, 0.0193027, , , , , , , 30.5271346, -0.0001678, , , , , , , 30.5271346, -0.0115816, , , , , , , 30.5271346, -0.0109102, , , , , , , , , , , , , , , , , , , , , , , , , , , , 
30.5276538, 0.0287022, , , , , , , 30.5276538, -0.0035248, , , , , , , 30.5276538, -0.0102388, , , , , , , 30.5276538, -0.002182, , , , , , , , , , , , , , , , , , , , , , , , , , , , 
30.5281731, 0.0253452, , , , , , , 30.5281731, -0.005539, , , , , , , 30.5281731, -0.0092317, , , , , , , 30.5281731, 0.005539, , , , , , , , , , , , , , , , , , , , , , , , , , , , 
30.5286923, 0.0092317, , , , , , , 30.5286923, -0.0045319, , , , , , , 30.5286923, -0.0058747, , , , , , , 30.5286923, 0.0146029, , , , , , , , , , , , , , , , , , , , , , , , , , , , 
30.5292115, -0.0075532, , , , , , , 30.5292115, -0.0035248, , , , , , , 30.5292115, -0.0036927, , , , , , , 30.5292115, 0.0236667, , , , , , , , , , , , , , , , , , , , , , , , , , , , 
30.5297308, -0.0164492, , , , , , , 30.5297308, -0.0028534, , , , , , , 30.5297308, -0.0031891, , , , , , , 30.5297308, 0.0313878, , , , , , , , , , , , , , , , , , , , , , , , , , , , 
30.53025, -0.0276951, , , , , , , 30.53025, -0.0028534, , , , , , , 30.53025, -0.0031891, , , , , , , 30.53025, 0.0387732, , , , , , , , , , , , , , , , , , , , , , , , , , , , 
30.5307692, -0.0287022, , , , , , , 30.5307692, -0.0062104, , , , , , , 30.5307692, -0.0031891, , , , , , , 30.5307692, 0.047837, , , , , , , , , , , , , , , , , , , , , , , , , , , , 
30.5312885, -0.0184634, , , , , , , 30.5312885, -0.0095674, , , , , , , 30.5312885, -0.0025177, , , , , , , 30.5312885, 0.0562295, , , , , , , , , , , , , , , , , , , , , , , , , , , , 
30.5318077, -0.0109102, , , , , , , 30.5318077, -0.012253, , , , , , , 30.5318077, -0.002182, , , , , , , 30.5318077, 0.0622721, , , , , , , , , , , , , , , , , , , , , , , , , , , , 
30.5323269, 0.0038605, , , , , , , 30.5323269, -0.0152743, , , , , , , 30.5323269, -0.0015106, , , , , , , 30.5323269, 0.0663005, , , , , , , , , , , , , , , , , , , , , , , , , , , , 
30.5328462, 0.0179599, , , , , , , 30.5328462, -0.0166171, , , , , , , 30.5328462, -0.0015106, , , , , , , 30.5328462, 0.0663005, , , , , , , , , , , , , , , , , , , , , , , , , , , , 
30.5333654, 0.0213169, , , , , , , 30.5333654, -0.0152743, , , , , , , 30.5333654, -0.0008392, , , , , , , 30.5333654, 0.0595865, , , , , , , , , , , , , , , , , , , , , , , , , , , , 
30.5338846, 0.0199741, , , , , , , 30.5338846, -0.0130922, , , , , , , 30.5338846, -0.0016785, , , , , , , 30.5338846, 0.0466621, , , , , , , , , , , , , , , , , , , , , , , , , , , , 
30.5344038, 0.0223239, , , , , , , 30.5344038, -0.0115816, , , , , , , 30.5344038, -0.0031891, , , , , , , 30.5344038, 0.0344091, , , , , , , , , , , , , , , , , , , , , , , , , , , , 
30.5349231, 0.0323949, , , , , , , 30.5349231, -0.0097353, , , , , , , 30.5349231, -0.0052033, , , , , , , 30.5349231, 0.0265202, , , , , , , , , , , , , , , , , , , , , , , , , , , , 
30.5354423, 0.0501869, , , , , , , 30.5354423, -0.0109102, , , , , , , 30.5354423, -0.0052033, , , , , , , 30.5354423, 0.0213169, , , , , , , , , , , , , , , , , , , , , , , , , , , , 
30.5359615, 0.0743572, , , , , , , 30.5359615, -0.0125887, , , , , , , 30.5359615, -0.0050355, , , , , , , 30.5359615, 0.0166171, , , , , , , , , , , , , , , , , , , , , , , , , , , , 
30.5364808, 0.0918135, , , , , , , 30.5364808, -0.0139315, , , , , , , 30.5364808, -0.0063783, , , , , , , 30.5364808, 0.0119173, , , , , , , , , , , , , , , , , , , , , , , , , , , , 
30.537, 0.0998703, , , , , , , 30.537, -0.0132601, , , , , , , 30.537, -0.0075532, , , , , , , 30.537, 0.0078889, , , , , , , , , , , , , , , , , , , , , , , , , , , , 
30.5375192, 0.0938277, , , , , , , 30.5375192, -0.0125887, , , , , , , 30.5375192, -0.0085603, , , , , , , 30.5375192, 0.0041962, , , , , , , , , , , , , , , , , , , , , , , , , , , , 
30.5380385, 0.0743572, , , , , , , 30.5380385, -0.012253, , , , , , , 30.5380385, -0.0082246, , , , , , , 30.5380385, 0.0031891, , , , , , , , , , , , , , , , , , , , , , , , , , , , 
30.5385577, 0.0548867, , , , , , , 30.5385577, -0.0104067, , , , , , , 30.5385577, -0.0087282, , , , , , , 30.5385577, 0.0025177, , , , , , , , , , , , , , , , , , , , , , , , , , , , 
30.5390769, 0.040116, , , , , , , 30.5390769, -0.0115816, , , , , , , 30.5390769, -0.0097353, , , , , , , 30.5390769, 0.0001678, , , , , , , , , , , , , , , , , , , , , , , , , , , , 
30.5395962, 0.0273594, , , , , , , 30.5395962, -0.0125887, , , , , , , 30.5395962, -0.0095674, , , , , , , 30.5395962, -0.002182, , , , , , , , , , , , , , , , , , , , , , , , , , , , 
30.5401154, 0.017792, , , , , , , 30.5401154, -0.0119173, , , , , , , 30.5401154, -0.0099031, , , , , , , 30.5401154, -0.0008392, , , , , , , , , , , , , , , , , , , , , , , , , , , , 
30.5406346, 0.0146029, , , , , , , 30.5406346, -0.0135958, , , , , , , 30.5406346, -0.011078, , , , , , , 30.5406346, 0.0005035, , , , , , , , , , , , , , , , , , , , , , , , , , , , 
30.5411538, 0.0172885, , , , , , , 30.5411538, -0.0149386, , , , , , , 30.5411538, -0.0097353, , , , , , , 30.5411538, -0.0015106, , , , , , , , , , , , , , , , , , , , , , , , , , , , 
30.5416731, 0.0196384, , , , , , , 30.5416731, -0.0139315, , , , , , , 30.5416731, -0.0072175, , , , , , , 30.5416731, -0.0036927, , , , , , , , , , , , , , , , , , , , , , , , , , , , 
30.5421923, 0.018967, , , , , , , 30.5421923, -0.0112459, , , , , , , 30.5421923, -0.005539, , , , , , , 30.5421923, -0.0028534, , , , , , , , , , , , , , , , , , , , , , , , , , , , 
30.5427115, 0.0186313, , , , , , , 30.5427115, -0.0102388, , , , , , , 30.5427115, -0.0036927, , , , , , , 30.5427115, -0.0008392, , , , , , , , , , , , , , , , , , , , , , , , , , , , 
30.5432308, 0.0186313, , , , , , , 30.5432308, -0.012253, , , , , , , 30.5432308, -0.0010071, , , , , , , 30.5432308, -0.0028534, , , , , , , , , , , , , , , , , , , , , , , , , , , , 
30.54375, 0.0199741, , , , , , , 30.54375, -0.0129244, , , , , , , 30.54375, -0.0001678, , , , , , , 30.54375, -0.0112459, , , , , , , , , , , , , , , , , , , , , , , , , , , , 
30.5442692, 0.0209812, , , , , , , 30.5442692, -0.012253, , , , , , , 30.5442692, -0.002182, , , , , , , 30.5442692, -0.0182956, , , , , , , , , , , , , , , , , , , , , , , , , , , , 
30.5447885, 0.018967, , , , , , , 30.5447885, -0.0112459, , , , , , , 30.5447885, -0.0065461, , , , , , , 30.5447885, -0.0250095, , , , , , , , , , , , , , , , , , , , , , , , , , , , 
30.5453077, 0.0065461, , , , , , , 30.5453077, -0.0112459, , , , , , , 30.5453077, -0.0119173, , , , , , , 30.5453077, -0.0280308, , , , , , , , , , , , , , , , , , , , , , , , , , , , 
30.5458269, -0.0036927, , , , , , , 30.5458269, -0.0095674, , , , , , , 30.5458269, -0.0129244, , , , , , , 30.5458269, -0.0283665, , , , , , , , , , , , , , , , , , , , , , , , , , , , 
30.5463462, -0.0035248, , , , , , , 30.5463462, -0.0041962, , , , , , , 30.5463462, -0.0109102, , , , , , , 30.5463462, -0.0236667, , , , , , , , , , , , , , , , , , , , , , , , , , , , 
30.5468654, -0.0028534, , , , , , , 30.5468654, 0.0011749, , , , , , , 30.5468654, -0.0082246, , , , , , , 30.5468654, -0.012253, , , , , , , , , , , , , , , , , , , , , , , , , , , , 
30.5473846, -0.0035248, , , , , , , 30.5473846, 0.0028534, , , , , , , 30.5473846, -0.0068818, , , , , , , 30.5473846, -0.0023499, , , , , , , , , , , , , , , , , , , , , , , , , , , , 
30.5479038, -0.0035248, , , , , , , 30.5479038, -0.0001678, , , , , , , 30.5479038, -0.0075532, , , , , , , 30.5479038, 0.0058747, , , , , , , , , , , , , , , , , , , , , , , , , , , , 
30.5484231, -0.0028534, , , , , , , 30.5484231, -0.0028534, , , , , , , 30.5484231, -0.0072175, , , , , , , 30.5484231, 0.0146029, , , , , , , , , , , , , , , , , , , , , , , , , , , , 
30.5489423, -0.0050355, , , , , , , 30.5489423, -0.0041962, , , , , , , 30.5489423, -0.0065461, , , , , , , 30.5489423, 0.0240024, , , , , , , , , , , , , , , , , , , , , , , , , , , , 
30.5494615, -0.0062104, , , , , , , 30.5494615, -0.0030213, , , , , , , 30.5494615, -0.0075532, , , , , , , 30.5494615, 0.0345769, , , , , , , , , , , , , , , , , , , , , , , , , , , , 
30.5499808, -0.005539, , , , , , , 30.5499808, -0.0001678, , , , , , , 30.5499808, -0.0072175, , , , , , , 30.5499808, 0.0454871, , , , , , , , , , , , , , , , , , , , , , , , , , , , 
30.5505, -0.008896, , , , , , , 30.5505, 0.0008392, , , , , , , 30.5505, -0.0045319, , , , , , , 30.5505, 0.0558938, , , , , , , , , , , , , , , , , , , , , , , , , , , , 
30.5510192, -0.0135958, , , , , , , 30.5510192, -0.0018463, , , , , , , 30.5510192, -0.002182, , , , , , , 30.5510192, 0.0616007, , , , , , , , , , , , , , , , , , , , , , , , , , , , 
30.5515385, -0.0162814, , , , , , , 30.5515385, -0.0015106, , , , , , , 30.5515385, 0.0011749, , , , , , , 30.5515385, 0.0652934, , , , , , , , , , , , , , , , , , , , , , , , , , , , 
30.5520577, -0.018967, , , , , , , 30.5520577, 0.0011749, , , , , , , 30.5520577, -0.0008392, , , , , , , 30.5520577, 0.068986, , , , , , , , , , , , , , , , , , , , , , , , , , , , 
30.5525769, -0.0219883, , , , , , , 30.5525769, -0.0011749, , , , , , , 30.5525769, -0.0041962, , , , , , , 30.5525769, 0.0710002, , , , , , , , , , , , , , , , , , , , , , , , , , , , 
30.5530962, -0.0204776, , , , , , , 30.5530962, -0.0058747, , , , , , , 30.5530962, -0.0058747, , , , , , , 30.5530962, 0.0688182, , , , , , , , , , , , , , , , , , , , , , , , , , , , 
30.5536154, -0.0115816, , , , , , , 30.5536154, -0.005539, , , , , , , 30.5536154, -0.0075532, , , , , , , 30.5536154, 0.0594186, , , , , , , , , , , , , , , , , , , , , , , , , , , , 
30.5541346, -0.0035248, , , , , , , 30.5541346, -0.0031891, , , , , , , 30.5541346, -0.0068818, , , , , , , 30.5541346, 0.0461585, , , , , , , , , , , , , , , , , , , , , , , , , , , , 
30.5546538, -0.0068818, , , , , , , 30.5546538, -0.0046998, , , , , , , 30.5546538, -0.0038605, , , , , , , 30.5546538, 0.0344091, , , , , , , , , , , , , , , , , , , , , , , , , , , , 
30.5551731, -0.0115816, , , , , , , 30.5551731, -0.0078889, , , , , , , 30.5551731, -0.0011749, , , , , , , 30.5551731, 0.0263523, , , , , , , , , , , , , , , , , , , , , , , , , , , , 
30.5556923, -0.0095674, , , , , , , 30.5556923, -0.0082246, , , , , , , 30.5556923, -0.0015106, , , , , , , 30.5556923, 0.0206455, , , , , , , , , , , , , , , , , , , , , , , , , , , , 
30.5562115, -0.0082246, , , , , , , 30.5562115, -0.0085603, , , , , , , 30.5562115, -0.0031891, , , , , , , 30.5562115, 0.0166171, , , , , , , , , , , , , , , , , , , , , , , , , , , , 
30.5567308, -0.0052033, , , , , , , 30.5567308, -0.0095674, , , , , , , 30.5567308, -0.0036927, , , , , , , 30.5567308, 0.0132601, , , , , , , , , , , , , , , , , , , , , , , , , , , , 
30.55725, -0.0018463, , , , , , , 30.55725, -0.0119173, , , , , , , 30.55725, -0.0043641, , , , , , , 30.55725, 0.0105745, , , , , , , , , , , , , , , , , , , , , , , , , , , , 
30.5577692, 0.0011749, , , , , , , 30.5577692, -0.0139315, , , , , , , 30.5577692, -0.0048676, , , , , , , 30.5577692, 0.0085603, , , , , , , , , , , , , , , , , , , , , , , , , , , , 
30.5582885, 0.0092317, , , , , , , 30.5582885, -0.0124208, , , , , , , 30.5582885, -0.0050355, , , , , , , 30.5582885, 0.0041962, , , , , , , , , , , , , , , , , , , , , , , , , , , , 
30.5588077, 0.0112459, , , , , , , 30.5588077, -0.0095674, , , , , , , 30.5588077, -0.0057069, , , , , , , 30.5588077, 0.0028534, , , , , , , , , , , , , , , , , , , , , , , , , , , , 
30.5593269, 0.0031891, , , , , , , 30.5593269, -0.005539, , , , , , , 30.5593269, -0.0070497, , , , , , , 30.5593269, 0.0028534, , , , , , , , , , , , , , , , , , , , , , , , , , , , 
30.5598462, -0.0008392, , , , , , , 30.5598462, -0.0035248, , , , , , , 30.5598462, -0.0065461, , , , , , , 30.5598462, 0.0005035, , , , , , , , , , , , , , , , , , , , , , , , , , , , 
30.5603654, 0.0038605, , , , , , , 30.5603654, -0.0045319, , , , , , , 30.5603654, -0.0045319, , , , , , , 30.5603654, -0.0015106, , , , , , , , , , , , , , , , , , , , , , , , , , , , 
30.5608846, 0.0065461, , , , , , , 30.5608846, -0.0041962, , , , , , , 30.5608846, -0.0050355, , , , , , , 30.5608846, -0.0008392, , , , , , , , , , , , , , , , , , , , , , , , , , , , 
30.5614038, 0.0112459, , , , , , , 30.5614038, -0.002182, , , , , , , 30.5614038, -0.0075532, , , , , , , 30.5614038, -0.0015106, , , , , , , , , , , , , , , , , , , , , , , , , , , , 
30.5619231, 0.0263523, , , , , , , 30.5619231, -0.0023499, , , , , , , 30.5619231, -0.0092317, , , , , , , 30.5619231, -0.002182, , , , , , , , , , , , , , , , , , , , , , , , , , , , 
30.5624423, 0.0480049, , , , , , , 30.5624423, -0.0028534, , , , , , , 30.5624423, -0.010071, , , , , , , 30.5624423, -0.0015106, , , , , , , , , , , , , , , , , , , , , , , , , , , , 
30.5629615, 0.0639506, , , , , , , 30.5629615, -0.0038605, , , , , , , 30.5629615, -0.0112459, , , , , , , 30.5629615, -0.0035248, , , , , , , , , , , , , , , , , , , , , , , , , , , , 
30.5634808, 0.0652934, , , , , , , 30.5634808, -0.0068818, , , , , , , 30.5634808, -0.0149386, , , , , , , 30.5634808, -0.0137636, , , , , , , , , , , , , , , , , , , , , , , , , , , , 
30.564, 0.0616007, , , , , , , 30.564, -0.0095674, , , , , , , 30.564, -0.0176242, , , , , , , 30.564, -0.0276951, , , , , , , , , , , , , , , , , , , , , , , , , , , , 
30.5645192, 0.0605936, , , , , , , 30.5645192, -0.012253, , , , , , , 30.5645192, -0.0169528, , , , , , , 30.5645192, -0.0364233, , , , , , , , , , , , , , , , , , , , , , , , , , , , 
30.5650385, 0.0580758, , , , , , , 30.5650385, -0.0132601, , , , , , , 30.5650385, -0.01561, , , , , , , 30.5650385, -0.0357519, , , , , , , , , , , , , , , , , , , , , , , , , , , , 
30.5655577, 0.0495155, , , , , , , 30.5655577, -0.0082246, , , , , , , 30.5655577, -0.0154421, , , , , , , 30.5655577, -0.0354162, , , , , , , , , , , , , , , , , , , , , , , , , , , , 
30.5660769, 0.0340734, , , , , , , 30.5660769, -0.0005035, , , , , , , 30.5660769, -0.0166171, , , , , , , 30.5660769, -0.0370947, , , , , , , , , , , , , , , , , , , , , , , , , , , , 
30.5665962, 0.0181277, , , , , , , 30.5665962, 0.0028534, , , , , , , 30.5665962, -0.0157778, , , , , , , 30.5665962, -0.0344091, , , , , , , , , , , , , , , , , , , , , , , , , , , , 
30.5671154, 0.0090639, , , , , , , 30.5671154, 0.0001678, , , , , , , 30.5671154, -0.0152743, , , , , , , 30.5671154, -0.0240024, , , , , , , , , , , , , , , , , , , , , , , , , , , , 
30.5676346, 0.0058747, , , , , , , 30.5676346, -0.0035248, , , , , , , 30.5676346, -0.014435, , , , , , , 30.5676346, -0.0124208, , , , , , , , , , , , , , , , , , , , , , , , , , , , 
30.5681538, 0.0038605, , , , , , , 30.5681538, -0.0038605, , , , , , , 30.5681538, -0.0132601, , , , , , , 30.5681538, -0.0041962, , , , , , , , , , , , , , , , , , , , , , , , , , , , 
30.5686731, 0.0003357, , , , , , , 30.5686731, -0.0035248, , , , , , , 30.5686731, -0.0125887, , , , , , , 30.5686731, 0.0038605, , , , , , , , , , , , , , , , , , , , , , , , , , , , 
30.5691923, -0.0011749, , , , , , , 30.5691923, -0.0041962, , , , , , , 30.5691923, -0.0102388, , , , , , , 30.5691923, 0.0139315, , , , , , , , , , , , , , , , , , , , , , , , , , , , 
30.5697115, 0.0092317, , , , , , , 30.5697115, -0.0062104, , , , , , , 30.5697115, -0.0078889, , , , , , , 30.5697115, 0.0246738, , , , , , , , , , , , , , , , , , , , , , , , , , , , 
30.5702308, 0.0273594, , , , , , , 30.5702308, -0.0082246, , , , , , , 30.5702308, -0.0041962, , , , , , , 30.5702308, 0.0347448, , , , , , , , , , , , , , , , , , , , , , , , , , , , 
30.57075, 0.0347448, , , , , , , 30.57075, -0.0115816, , , , , , , 30.57075, -0.0008392, , , , , , , 30.57075, 0.0424659, , , , , , , , , , , , , , , , , , , , , , , , , , , , 
30.5712692, 0.0260166, , , , , , , 30.5712692, -0.0162814, , , , , , , 30.5712692, -0.0008392, , , , , , , 30.5712692, 0.0475013, , , , , , , , , , , , , , , , , , , , , , , , , , , , 
30.5717885, 0.0132601, , , , , , , 30.5717885, -0.0162814, , , , , , , 30.5717885, -0.0001678, , , , , , , 30.5717885, 0.0522011, , , , , , , , , , , , , , , , , , , , , , , , , , , , 
30.5723077, 0.0052033, , , , , , , 30.5723077, -0.0146029, , , , , , , 30.5723077, -0.0001678, , , , , , , 30.5723077, 0.0587472, , , , , , , , , , , , , , , , , , , , , , , , , , , , 
30.5728269, 0.0043641, , , , , , , 30.5728269, -0.0129244, , , , , , , 30.5728269, -0.0018463, , , , , , , 30.5728269, 0.0629435, , , , , , , , , , , , , , , , , , , , , , , , , , , , 
30.5733462, 0.0031891, , , , , , , 30.5733462, -0.0095674, , , , , , , 30.5733462, -0.0041962, , , , , , , 30.5733462, 0.0585794, , , , , , , , , , , , , , , , , , , , , , , , , , , , 
30.5738654, 0.0065461, , , , , , , 30.5738654, -0.0085603, , , , , , , 30.5738654, -0.0058747, , , , , , , 30.5738654, 0.0480049, , , , , , , , , , , , , , , , , , , , , , , , , , , , 
30.5743846, 0.0115816, , , , , , , 30.5743846, -0.0097353, , , , , , , 30.5743846, -0.0031891, , , , , , , 30.5743846, 0.0381018, , , , , , , , , , , , , , , , , , , , , , , , , , , , 
30.5749038, 0.0154421, , , , , , , 30.5749038, -0.0109102, , , , , , , 30.5749038, -0.0011749, , , , , , , 30.5749038, 0.0290379, , , , , , , , , , , , , , , , , , , , , , , , , , , , 
30.5754231, 0.0157778, , , , , , , 30.5754231, -0.012253, , , , , , , 30.5754231, -0.0048676, , , , , , , 30.5754231, 0.0219883, , , , , , , , , , , , , , , , , , , , , , , , , , , , 
30.5759423, 0.0102388, , , , , , , 30.5759423, -0.0125887, , , , , , , 30.5759423, -0.0092317, , , , , , , 30.5759423, 0.0172885, , , , , , , , , , , , , , , , , , , , , , , , , , , , 
30.5764615, 0.0038605, , , , , , , 30.5764615, -0.0119173, , , , , , , 30.5764615, -0.0095674, , , , , , , 30.5764615, 0.0112459, , , , , , , , , , , , , , , , , , , , , , , , , , , , 
30.5769808, 0.0001678, , , , , , , 30.5769808, -0.0115816, , , , , , , 30.5769808, -0.0102388, , , , , , , 30.5769808, 0.0058747, , , , , , , , , , , , , , , , , , , , , , , , , , , , 
30.5775, -0.0035248, , , , , , , 30.5775, -0.0112459, , , , , , , 30.5775, -0.0105745, , , , , , , 30.5775, 0.0031891, , , , , , , , , , , , , , , , , , , , , , , , , , , , 
30.5780192, -0.0135958, , , , , , , 30.5780192, -0.0109102, , , , , , , 30.5780192, -0.0117494, , , , , , , 30.5780192, -0.0008392, , , , , , , , , , , , , , , , , , , , , , , , , , , , 
30.5785385, -0.0209812, , , , , , , 30.5785385, -0.0099031, , , , , , , 30.5785385, -0.0105745, , , , , , , 30.5785385, -0.0011749, , , , , , , , , , , , , , , , , , , , , , , , , , , , 
30.5790577, -0.0109102, , , , , , , 30.5790577, -0.0070497, , , , , , , 30.5790577, -0.0090639, , , , , , , 30.5790577, 0.0008392, , , , , , , , , , , , , , , , , , , , , , , , , , , , 
30.5795769, 0.01561, , , , , , , 30.5795769, -0.0048676, , , , , , , 30.5795769, -0.0102388, , , , , , , 30.5795769, 0.0011749, , , , , , , , , , , , , , , , , , , , , , , , , , , , 
30.5800962, 0.030045, , , , , , , 30.5800962, -0.0031891, , , , , , , 30.5800962, -0.0109102, , , , , , , 30.5800962, 0.0018463, , , , , , , , , , , , , , , , , , , , , , , , , , , , 
30.5806154, 0.0243381, , , , , , , 30.5806154, -0.0041962, , , , , , , 30.5806154, -0.008896, , , , , , , 30.5806154, 0.0035248, , , , , , , , , , , , , , , , , , , , , , , , , , , , 
30.5811346, 0.0149386, , , , , , , 30.5811346, -0.005539, , , , , , , 30.5811346, -0.0082246, , , , , , , 30.5811346, 0.0052033, , , , , , , , , , , , , , , , , , , , , , , , , , , , 
30.5816538, 0.0152743, , , , , , , 30.5816538, -0.0065461, , , , , , , 30.5816538, -0.0095674, , , , , , , 30.5816538, 0.0068818, , , , , , , , , , , , , , , , , , , , , , , , , , , , 
30.5821731, 0.0196384, , , , , , , 30.5821731, -0.0062104, , , , , , , 30.5821731, -0.0127565, , , , , , , 30.5821731, 0.0048676, , , , , , , , , , , , , , , , , , , , , , , , , , , , 
30.5826923, 0.0172885, , , , , , , 30.5826923, -0.0058747, , , , , , , 30.5826923, -0.0142672, , , , , , , 30.5826923, -0.0001678, , , , , , , , , , , , , , , , , , , , , , , , , , , , 
30.5832115, 0.0132601, , , , , , , 30.5832115, -0.0075532, , , , , , , 30.5832115, -0.0135958, , , , , , , 30.5832115, -0.008896, , , , , , , , , , , , , , , , , , , , , , , , , , , , 
30.5837308, 0.0151064, , , , , , , 30.5837308, -0.0104067, , , , , , , 30.5837308, -0.0151064, , , , , , , 30.5837308, -0.0203098, , , , , , , , , , , , , , , , , , , , , , , , , , , , 
30.58425, 0.0179599, , , , , , , 30.58425, -0.0115816, , , , , , , 30.58425, -0.0171206, , , , , , , 30.58425, -0.0270237, , , , , , , , , , , , , , , , , , , , , , , , , , , , 
30.5847692, 0.0260166, , , , , , , 30.5847692, -0.0097353, , , , , , , 30.5847692, -0.0176242, , , , , , , 30.5847692, -0.0290379, , , , , , , , , , , , , , , , , , , , , , , , , , , , 
30.5852885, 0.0360876, , , , , , , 30.5852885, -0.008896, , , , , , , 30.5852885, -0.0166171, , , , , , , 30.5852885, -0.0290379, , , , , , , , , , , , , , , , , , , , , , , , , , , , 
30.5858077, 0.0350805, , , , , , , 30.5858077, -0.0092317, , , , , , , 30.5858077, -0.0162814, , , , , , , 30.5858077, -0.027863, , , , , , , , , , , , , , , , , , , , , , , , , , , , 
30.5863269, 0.0280308, , , , , , , 30.5863269, -0.0090639, , , , , , , 30.5863269, -0.0162814, , , , , , , 30.5863269, -0.0260166, , , , , , , , , , , , , , , , , , , , , , , , , , , , 
30.5868462, 0.0209812, , , , , , , 30.5868462, -0.0068818, , , , , , , 30.5868462, -0.0132601, , , , , , , 30.5868462, -0.018967, , , , , , , , , , , , , , , , , , , , , , , , , , , , 
30.5873654, 0.0139315, , , , , , , 30.5873654, -0.005539, , , , , , , 30.5873654, -0.0109102, , , , , , , 30.5873654, -0.008896, , , , , , , , , , , , , , , , , , , , , , , , , , , , 
30.5878846, 0.0078889, , , , , , , 30.5878846, -0.0068818, , , , , , , 30.5878846, -0.0112459, , , , , , , 30.5878846, -0.0001678, , , , , , , , , , , , , , , , , , , , , , , , , , , , 
30.5884038, 0.0031891, , , , , , , 30.5884038, -0.0072175, , , , , , , 30.5884038, -0.0125887, , , , , , , 30.5884038, 0.0063783, , , , , , , , , , , , , , , , , , , , , , , , , , , , 
30.5889231, 0.0011749, , , , , , , 30.5889231, -0.0078889, , , , , , , 30.5889231, -0.0109102, , , , , , , 30.5889231, 0.0129244, , , , , , , , , , , , , , , , , , , , , , , , , , , , 
30.5894423, 0.0018463, , , , , , , 30.5894423, -0.008896, , , , , , , 30.5894423, -0.0065461, , , , , , , 30.5894423, 0.023331, , , , , , , , , , , , , , , , , , , , , , , , , , , , 
30.5899615, -0.0028534, , , , , , , 30.5899615, -0.0082246, , , , , , , 30.5899615, -0.0038605, , , , , , , 30.5899615, 0.0379339, , , , , , , , , , , , , , , , , , , , , , , , , , , , 
30.5904808, -0.014435, , , , , , , 30.5904808, -0.0078889, , , , , , , 30.5904808, -0.0028534, , , , , , , 30.5904808, 0.047837, , , , , , , , , , , , , , , , , , , , , , , , , , , , 
30.591, -0.0193027, , , , , , , 30.591, -0.0065461, , , , , , , 30.591, -0.0008392, , , , , , , 30.591, 0.0528725, , , , , , , , , , , , , , , , , , , , , , , , , , , , 
30.5915192, -0.0213169, , , , , , , 30.5915192, -0.0048676, , , , , , , 30.5915192, 0.0006714, , , , , , , 30.5915192, 0.0558938, , , , , , , , , , , , , , , , , , , , , , , , , , , , 
30.5920385, -0.0238346, , , , , , , 30.5920385, -0.0041962, , , , , , , 30.5920385, 0.0011749, , , , , , , 30.5920385, 0.0594186, , , , , , , , , , , , , , , , , , , , , , , , , , , , 
30.5925577, -0.0260166, , , , , , , 30.5925577, -0.005539, , , , , , , 30.5925577, -0.0008392, , , , , , , 30.5925577, 0.0614328, , , , , , , , , , , , , , , , , , , , , , , , , , , , 
30.5930769, -0.0273594, , , , , , , 30.5930769, -0.0082246, , , , , , , 30.5930769, -0.0031891, , , , , , , 30.5930769, 0.0585794, , , , , , , , , , , , , , , , , , , , , , , , , , , , 
30.5935962, -0.0203098, , , , , , , 30.5935962, -0.0112459, , , , , , , 30.5935962, -0.0052033, , , , , , , 30.5935962, 0.0495155, , , , , , , , , , , , , , , , , , , , , , , , , , , , 
30.5941154, -0.0092317, , , , , , , 30.5941154, -0.0115816, , , , , , , 30.5941154, -0.0062104, , , , , , , 30.5941154, 0.0397803, , , , , , , , , , , , , , , , , , , , , , , , , , , , 
30.5946346, -0.0015106, , , , , , , 30.5946346, -0.0095674, , , , , , , 30.5946346, -0.0058747, , , , , , , 30.5946346, 0.0332341, , , , , , , , , , , , , , , , , , , , , , , , , , , , 
30.5951538, 0.0057069, , , , , , , 30.5951538, -0.008896, , , , , , , 30.5951538, -0.0041962, , , , , , , 30.5951538, 0.0263523, , , , , , , , , , , , , , , , , , , , , , , , , , , , 
30.5956731, 0.0186313, , , , , , , 30.5956731, -0.0102388, , , , , , , 30.5956731, -0.0035248, , , , , , , 30.5956731, 0.0218204, , , , , , , , , , , , , , , , , , , , , , , , , , , , 
30.5961923, 0.0340734, , , , , , , 30.5961923, -0.0095674, , , , , , , 30.5961923, -0.0035248, , , , , , , 30.5961923, 0.0213169, , , , , , , , , , , , , , , , , , , , , , , , , , , , 
30.5967115, 0.0414588, , , , , , , 30.5967115, -0.0082246, , , , , , , 30.5967115, -0.0023499, , , , , , , 30.5967115, 0.0203098, , , , , , , , , , , , , , , , , , , , , , , , , , , , 
30.5972308, 0.040116, , , , , , , 30.5972308, -0.0075532, , , , , , , 30.5972308, -0.0028534, , , , , , , 30.5972308, 0.0166171, , , , , , , , , , , , , , , , , , , , , , , , , , , , 
30.59775, 0.0360876, , , , , , , 30.59775, -0.0083925, , , , , , , 30.59775, -0.0035248, , , , , , , 30.59775, 0.0132601, , , , , , , , , , , , , , , , , , , , , , , , , , , , 
30.5982692, 0.0360876, , , , , , , 30.5982692, -0.0062104, , , , , , , 30.5982692, -0.0035248, , , , , , , 30.5982692, 0.0119173, , , , , , , , , , , , , , , , , , , , , , , , , , , , 
30.5987885, 0.0337377, , , , , , , 30.5987885, -0.0058747, , , , , , , 30.5987885, -0.0052033, , , , , , , 30.5987885, 0.0102388, , , , , , , , , , , , , , , , , , , , , , , , , , , , 
30.5993077, 0.0253452, , , , , , , 30.5993077, -0.008896, , , , , , , 30.5993077, -0.0045319, , , , , , , 30.5993077, 0.0085603, , , , , , , , , , , , , , , , , , , , , , , , , , , , 
30.5998269, 0.0193027, , , , , , , 30.5998269, -0.0105745, , , , , , , 30.5998269, -0.0028534, , , , , , , 30.5998269, 0.0082246, , , , , , , , , , , , , , , , , , , , , , , , , , , , 
30.6003462, 0.0199741, , , , , , , 30.6003462, -0.0102388, , , , , , , 30.6003462, -0.0031891, , , , , , , 30.6003462, 0.0085603, , , , , , , , , , , , , , , , , , , , , , , , , , , , 
30.6008654, 0.0253452, , , , , , , 30.6008654, -0.0109102, , , , , , , 30.6008654, -0.005539, , , , , , , 30.6008654, 0.0090639, , , , , , , , , , , , , , , , , , , , , , , , , , , , 
30.6013846, 0.030045, , , , , , , 30.6013846, -0.0102388, , , , , , , 30.6013846, -0.005539, , , , , , , 30.6013846, 0.0073854, , , , , , , , , , , , , , , , , , , , , , , , , , , , 
30.6019038, 0.0330663, , , , , , , 30.6019038, -0.0082246, , , , , , , 30.6019038, -0.0048676, , , , , , , 30.6019038, 0.0052033, , , , , , , , , , , , , , , , , , , , , , , , , , , , 
30.6024231, 0.0387732, , , , , , , 30.6024231, -0.0075532, , , , , , , 30.6024231, -0.0052033, , , , , , , 30.6024231, 0.005539, , , , , , , , , , , , , , , , , , , , , , , , , , , , 
30.6029423, 0.0485084, , , , , , , 30.6029423, -0.0095674, , , , , , , 30.6029423, -0.0065461, , , , , , , 30.6029423, 0.0028534, , , , , , , , , , , , , , , , , , , , , , , , , , , , 
30.6034615, 0.0575723, , , , , , , 30.6034615, -0.0112459, , , , , , , 30.6034615, -0.0087282, , , , , , , 30.6034615, -0.0065461, , , , , , , , , , , , , , , , , , , , , , , , , , , , 
30.6039808, 0.0565652, , , , , , , 30.6039808, -0.0099031, , , , , , , 30.6039808, -0.0112459, , , , , , , 30.6039808, -0.0187991, , , , , , , , , , , , , , , , , , , , , , , , , , , , 
30.6045, 0.0441444, , , , , , , 30.6045, -0.0075532, , , , , , , 30.6045, -0.0127565, , , , , , , 30.6045, -0.026688, , , , , , , , , , , , , , , , , , , , , , , , , , , , 
30.6050192, 0.0283665, , , , , , , 30.6050192, -0.0057069, , , , , , , 30.6050192, -0.0130922, , , , , , , 30.6050192, -0.0305486, , , , , , , , , , , , , , , , , , , , , , , , , , , , 
30.6055385, 0.0179599, , , , , , , 30.6055385, -0.0058747, , , , , , , 30.6055385, -0.0129244, , , , , , , 30.6055385, -0.0323949, , , , , , , , , , , , , , , , , , , , , , , , , , , , 
30.6060577, 0.0105745, , , , , , , 30.6060577, -0.0041962, , , , , , , 30.6060577, -0.0132601, , , , , , , 30.6060577, -0.0317235, , , , , , , , , , , , , , , , , , , , , , , , , , , , 
30.6065769, 0.0031891, , , , , , , 30.6065769, -0.003357, , , , , , , 30.6065769, -0.0115816, , , , , , , 30.6065769, -0.0276951, , , , , , , , , , , , , , , , , , , , , , , , , , , , 
30.6070962, -0.0005035, , , , , , , 30.6070962, -0.0030213, , , , , , , 30.6070962, -0.0095674, , , , , , , 30.6070962, -0.0182956, , , , , , , , , , , , , , , , , , , , , , , , , , , , 
30.6076154, 0.0011749, , , , , , , 30.6076154, -0.0041962, , , , , , , 30.6076154, -0.0082246, , , , , , , 30.6076154, -0.0062104, , , , , , , , , , , , , , , , , , , , , , , , , , , , 
30.6081346, 0.0038605, , , , , , , 30.6081346, -0.0070497, , , , , , , 30.6081346, -0.0072175, , , , , , , 30.6081346, 0.0038605, , , , , , , , , , , , , , , , , , , , , , , , , , , , 
30.6086538, -0.0001678, , , , , , , 30.6086538, -0.008896, , , , , , , 30.6086538, -0.0078889, , , , , , , 30.6086538, 0.0097353, , , , , , , , , , , , , , , , , , , , , , , , , , , , 
30.6091731, -0.0137636, , , , , , , 30.6091731, -0.0083925, , , , , , , 30.6091731, -0.0085603, , , , , , , 30.6091731, 0.0146029, , , , , , , , , , , , , , , , , , , , , , , , , , , , 
30.6096923, -0.0285344, , , , , , , 30.6096923, -0.0068818, , , , , , , 30.6096923, -0.0058747, , , , , , , 30.6096923, 0.0246738, , , , , , , , , , , , , , , , , , , , , , , , , , , , 
30.6102115, -0.0359197, , , , , , , 30.6102115, -0.0065461, , , , , , , 30.6102115, -0.0035248, , , , , , , 30.6102115, 0.0360876, , , , , , , , , , , , , , , , , , , , , , , , , , , , 
30.6107308, -0.033402, , , , , , , 30.6107308, -0.0050355, , , , , , , 30.6107308, -0.0043641, , , , , , , 30.6107308, 0.0428016, , , , , , , , , , , , , , , , , , , , , , , , , , , , 
30.61125, -0.0223239, , , , , , , 30.61125, -0.0041962, , , , , , , 30.61125, -0.0052033, , , , , , , 30.61125, 0.0481727, , , , , , , , , , , , , , , , , , , , , , , , , , , , 
30.6117692, -0.0062104, , , , , , , 30.6117692, -0.0030213, , , , , , , 30.6117692, -0.0048676, , , , , , , 30.6117692, 0.0555581, , , , , , , , , , , , , , , , , , , , , , , , , , , , 
30.6122885, 0.0075532, , , , , , , 30.6122885, -0.0025177, , , , , , , 30.6122885, -0.0038605, , , , , , , 30.6122885, 0.0621042, , , , , , , , , , , , , , , , , , , , , , , , , , , , 
30.6128077, 0.0119173, , , , , , , 30.6128077, -0.0052033, , , , , , , 30.6128077, -0.0028534, , , , , , , 30.6128077, 0.064622, , , , , , , , , , , , , , , , , , , , , , , , , , , , 
30.6133269, 0.0159457, , , , , , , 30.6133269, -0.0095674, , , , , , , 30.6133269, -0.0045319, , , , , , , 30.6133269, 0.0609293, , , , , , , , , , , , , , , , , , , , , , , , , , , , 
30.6138462, 0.0236667, , , , , , , 30.6138462, -0.0115816, , , , , , , 30.6138462, -0.0073854, , , , , , , 30.6138462, 0.051194, , , , , , , , , , , , , , , , , , , , , , , , , , , , 
30.6143654, 0.0310521, , , , , , , 30.6143654, -0.0112459, , , , , , , 30.6143654, -0.006714, , , , , , , 30.6143654, 0.0387732, , , , , , , , , , , , , , , , , , , , , , , , , , , , 
30.6148846, 0.0360876, , , , , , , 30.6148846, -0.0092317, , , , , , , 30.6148846, -0.0048676, , , , , , , 30.6148846, 0.0293736, , , , , , , , , , , , , , , , , , , , , , , , , , , , 
30.6154038, 0.0303807, , , , , , , 30.6154038, -0.0063783, , , , , , , 30.6154038, -0.0070497, , , , , , , 30.6154038, 0.0213169, , , , , , , , , , , , , , , , , , , , , , , , , , , , 
30.6159231, 0.0179599, , , , , , , 30.6159231, -0.005539, , , , , , , 30.6159231, -0.0075532, , , , , , , 30.6159231, 0.0166171, , , , , , , , , , , , , , , , , , , , , , , , , , , , 
30.6164423, 0.0115816, , , , , , , 30.6164423, -0.0078889, , , , , , , 30.6164423, -0.0057069, , , , , , , 30.6164423, 0.0152743, , , , , , , , , , , , , , , , , , , , , , , , , , , , 
30.6169615, 0.0125887, , , , , , , 30.6169615, -0.0104067, , , , , , , 30.6169615, -0.0075532, , , , , , , 30.6169615, 0.0129244, , , , , , , , , , , , , , , , , , , , , , , , , , , , 
30.6174808, 0.0196384, , , , , , , 30.6174808, -0.008896, , , , , , , 30.6174808, -0.008896, , , , , , , 30.6174808, 0.0129244, , , , , , , , , , , , , , , , , , , , , , , , , , , , 
30.618, 0.0297093, , , , , , , 30.618, -0.0072175, , , , , , , 30.618, -0.0075532, , , , , , , 30.618, 0.0119173, , , , , , , , , , , , , , , , , , , , , , , , , , , , 
30.6185192, 0.036759, , , , , , , 30.6185192, -0.0058747, , , , , , , 30.6185192, -0.0082246, , , , , , , 30.6185192, 0.0112459, , , , , , , , , , , , , , , , , , , , , , , , , , , , 
30.6190385, 0.043473, , , , , , , 30.6190385, -0.0038605, , , , , , , 30.6190385, -0.0092317, , , , , , , 30.6190385, 0.0119173, , , , , , , , , , , , , , , , , , , , , , , , , , , , 
30.6195577, 0.0501869, , , , , , , 30.6195577, -0.0041962, , , , , , , 30.6195577, -0.0112459, , , , , , , 30.6195577, 0.011078, , , , , , , , , , , , , , , , , , , , , , , , , , , , 
30.6200769, 0.0515297, , , , , , , 30.6200769, -0.0052033, , , , , , , 30.6200769, -0.0115816, , , , , , , 30.6200769, 0.0099031, , , , , , , , , , , , , , , , , , , , , , , , , , , , 
30.6205962, 0.0417945, , , , , , , 30.6205962, -0.0058747, , , , , , , 30.6205962, -0.0095674, , , , , , , 30.6205962, 0.0077211, , , , , , , , , , , , , , , , , , , , , , , , , , , , 
30.6211154, 0.0288701, , , , , , , 30.6211154, -0.0058747, , , , , , , 30.6211154, -0.0068818, , , , , , , 30.6211154, 0.0065461, , , , , , , , , , , , , , , , , , , , , , , , , , , , 
30.6216346, 0.0206455, , , , , , , 30.6216346, -0.0058747, , , , , , , 30.6216346, -0.0078889, , , , , , , 30.6216346, 0.0065461, , , , , , , , , , , , , , , , , , , , , , , , , , , , 
30.6221538, 0.0166171, , , , , , , 30.6221538, -0.0065461, , , , , , , 30.6221538, -0.008896, , , , , , , 30.6221538, 0.0068818, , , , , , , , , , , , , , , , , , , , , , , , , , , , 
30.6226731, 0.0169528, , , , , , , 30.6226731, -0.0070497, , , , , , , 30.6226731, -0.0095674, , , , , , , 30.6226731, 0.0063783, , , , , , , , , , , , , , , , , , , , , , , , , , , , 
30.6231923, 0.0199741, , , , , , , 30.6231923, -0.0072175, , , , , , , 30.6231923, -0.0114137, , , , , , , 30.6231923, -0.0015106, , , , , , , , , , , , , , , , , , , , , , , , , , , , 
30.6237115, 0.0224918, , , , , , , 30.6237115, -0.0087282, , , , , , , 30.6237115, -0.012253, , , , , , , 30.6237115, -0.01561, , , , , , , , , , , , , , , , , , , , , , , , , , , , 
30.6242308, 0.0201419, , , , , , , 30.6242308, -0.0090639, , , , , , , 30.6242308, -0.0130922, , , , , , , 30.6242308, -0.0273594, , , , , , , , , , , , , , , , , , , , , , , , , , , , 
30.62475, 0.0206455, , , , , , , 30.62475, -0.0082246, , , , , , , 30.62475, -0.0159457, , , , , , , 30.62475, -0.0318914, , , , , , , , , , , , , , , , , , , , , , , , , , , , 
30.6252692, 0.026688, , , , , , , 30.6252692, -0.0072175, , , , , , , 30.6252692, -0.0179599, , , , , , , 30.6252692, -0.0337377, , , , , , , , , , , , , , , , , , , , , , , , , , , , 
30.6257885, 0.026688, , , , , , , 30.6257885, -0.0082246, , , , , , , 30.6257885, -0.0157778, , , , , , , 30.6257885, -0.0354162, , , , , , , , , , , , , , , , , , , , , , , , , , , , 
30.6263077, 0.0179599, , , , , , , 30.6263077, -0.0085603, , , , , , , 30.6263077, -0.0112459, , , , , , , 30.6263077, -0.0323949, , , , , , , , , , , , , , , , , , , , , , , , , , , , 
30.6268269, 0.0139315, , , , , , , 30.6268269, -0.0082246, , , , , , , 30.6268269, -0.0072175, , , , , , , 30.6268269, -0.0226596, , , , , , , , , , , , , , , , , , , , , , , , , , , , 
30.6273462, 0.0176242, , , , , , , 30.6273462, -0.0072175, , , , , , , 30.6273462, -0.0052033, , , , , , , 30.6273462, -0.0092317, , , , , , , , , , , , , , , , , , , , , , , , , , , , 
30.6278654, 0.0203098, , , , , , , 30.6278654, -0.0075532, , , , , , , 30.6278654, -0.0028534, , , , , , , 30.6278654, 0.0045319, , , , , , , , , , , , , , , , , , , , , , , , , , , , 
30.6283846, 0.0213169, , , , , , , 30.6283846, -0.008896, , , , , , , 30.6283846, -0.0005035, , , , , , , 30.6283846, 0.0169528, , , , , , , , , , , , , , , , , , , , , , , , , , , , 
30.6289038, 0.0154421, , , , , , , 30.6289038, -0.0109102, , , , , , , 30.6289038, -0.0001678, , , , , , , 30.6289038, 0.0253452, , , , , , , , , , , , , , , , , , , , , , , , , , , , 
30.6294231, -0.0008392, , , , , , , 30.6294231, -0.008896, , , , , , , 30.6294231, -0.0015106, , , , , , , 30.6294231, 0.0344091, , , , , , , , , , , , , , , , , , , , , , , , , , , , 
30.6299423, -0.0238346, , , , , , , 30.6299423, -0.0041962, , , , , , , 30.6299423, -0.0028534, , , , , , , 30.6299423, 0.0439765, , , , , , , , , , , , , , , , , , , , , , , , , , , , 
30.6304615, -0.0397803, , , , , , , 30.6304615, -0.0048676, , , , , , , 30.6304615, -0.0020142, , , , , , , 30.6304615, 0.0515297, , , , , , , , , , , , , , , , , , , , , , , , , , , , 
30.6309808, -0.0399481, , , , , , , 30.6309808, -0.0075532, , , , , , , 30.6309808, -0.0028534, , , , , , , 30.6309808, 0.0584115, , , , , , , , , , , , , , , , , , , , , , , , , , , , 
30.6315, -0.030045, , , , , , , 30.6315, -0.0075532, , , , , , , 30.6315, -0.0008392, , , , , , , 30.6315, 0.0626078, , , , , , , , , , , , , , , , , , , , , , , , , , , , 
30.6320192, -0.0216526, , , , , , , 30.6320192, -0.0068818, , , , , , , 30.6320192, 0.0018463, , , , , , , 30.6320192, 0.0641184, , , , , , , , , , , , , , , , , , , , , , , , , , , , 
30.6325385, -0.012253, , , , , , , 30.6325385, -0.008896, , , , , , , 30.6325385, -0.0001678, , , , , , , 30.6325385, 0.0649577, , , , , , , , , , , , , , , , , , , , , , , , , , , , 
30.6330577, -0.0031891, , , , , , , 30.6330577, -0.011078, , , , , , , 30.6330577, -0.0035248, , , , , , , 30.6330577, 0.0622721, , , , , , , , , , , , , , , , , , , , , , , , , , , , 
30.6335769, 0.0065461, , , , , , , 30.6335769, -0.0105745, , , , , , , 30.6335769, -0.0065461, , , , , , , 30.6335769, 0.0532082, , , , , , , , , , , , , , , , , , , , , , , , , , , , 
30.6340962, 0.0199741, , , , , , , 30.6340962, -0.0095674, , , , , , , 30.6340962, -0.0075532, , , , , , , 30.6340962, 0.0404517, , , , , , , , , , , , , , , , , , , , , , , , , , , , 
30.6346154, 0.0327306, , , , , , , 30.6346154, -0.0109102, , , , , , , 30.6346154, -0.0082246, , , , , , , 30.6346154, 0.030045, , , , , , , , , , , , , , , , , , , , , , , , , , , , 
30.6351346, 0.0387732, , , , , , , 30.6351346, -0.0112459, , , , , , , 30.6351346, -0.008896, , , , , , , 30.6351346, 0.0238346, , , , , , , , , , , , , , , , , , , , , , , , , , , , 
30.6356538, 0.0394446, , , , , , , 30.6356538, -0.0085603, , , , , , , 30.6356538, -0.0085603, , , , , , , 30.6356538, 0.0186313, , , , , , , , , , , , , , , , , , , , , , , , , , , , 
30.6361731, 0.0360876, , , , , , , 30.6361731, -0.0082246, , , , , , , 30.6361731, -0.0078889, , , , , , , 30.6361731, 0.0135958, , , , , , , , , , , , , , , , , , , , , , , , , , , , 
30.6366923, 0.0297093, , , , , , , 30.6366923, -0.0095674, , , , , , , 30.6366923, -0.0090639, , , , , , , 30.6366923, 0.0099031, , , , , , , , , , , , , , , , , , , , , , , , , , , , 
30.6372115, 0.0219883, , , , , , , 30.6372115, -0.0085603, , , , , , , 30.6372115, -0.0099031, , , , , , , 30.6372115, 0.0078889, , , , , , , , , , , , , , , , , , , , , , , , , , , , 
30.6377308, 0.012253, , , , , , , 30.6377308, -0.0085603, , , , , , , 30.6377308, -0.0097353, , , , , , , 30.6377308, 0.0052033, , , , , , , , , , , , , , , , , , , , , , , , , , , , 
30.63825, 0.0052033, , , , , , , 30.63825, -0.0095674, , , , , , , 30.63825, -0.0109102, , , , , , , 30.63825, 0.0035248, , , , , , , , , , , , , , , , , , , , , , , , , , , , 
30.6387692, 0.0038605, , , , , , , 30.6387692, -0.0082246, , , , , , , 30.6387692, -0.0109102, , , , , , , 30.6387692, 0.0025177, , , , , , , , , , , , , , , , , , , , , , , , , , , , 
30.6392885, 0.0065461, , , , , , , 30.6392885, -0.0057069, , , , , , , 30.6392885, -0.0099031, , , , , , , 30.6392885, 0.002182, , , , , , , , , , , , , , , , , , , , , , , , , , , , 
30.6398077, 0.0078889, , , , , , , 30.6398077, -0.0030213, , , , , , , 30.6398077, -0.0105745, , , , , , , 30.6398077, 0.0015106, , , , , , , , , , , , , , , , , , , , , , , , , , , , 
30.6403269, 0.0102388, , , , , , , 30.6403269, -0.0041962, , , , , , , 30.6403269, -0.012253, , , , , , , 30.6403269, 0.0011749, , , , , , , , , , , , , , , , , , , , , , , , , , , , 
30.6408462, 0.0172885, , , , , , , 30.6408462, -0.0062104, , , , , , , 30.6408462, -0.012253, , , , , , , 30.6408462, 0.0011749, , , , , , , , , , , , , , , , , , , , , , , , , , , , 
30.6413654, 0.0206455, , , , , , , 30.6413654, -0.0075532, , , , , , , 30.6413654, -0.0129244, , , , , , , 30.6413654, 0.0018463, , , , , , , , , , , , , , , , , , , , , , , , , , , , 
30.6418846, 0.0169528, , , , , , , 30.6418846, -0.0075532, , , , , , , 30.6418846, -0.0115816, , , , , , , 30.6418846, 0.0011749, , , , , , , , , , , , , , , , , , , , , , , , , , , , 
30.6424038, 0.012253, , , , , , , 30.6424038, -0.0082246, , , , , , , 30.6424038, -0.011078, , , , , , , 30.6424038, -0.0008392, , , , , , , , , , , , , , , , , , , , , , , , , , , , 
30.6429231, 0.0125887, , , , , , , 30.6429231, -0.0099031, , , , , , , 30.6429231, -0.0115816, , , , , , , 30.6429231, -0.005539, , , , , , , , , , , , , , , , , , , , , , , , , , , , 
30.6434423, 0.0166171, , , , , , , 30.6434423, -0.0102388, , , , , , , 30.6434423, -0.012253, , , , , , , 30.6434423, -0.01561, , , , , , , , , , , , , , , , , , , , , , , , , , , , 
30.6439615, 0.023331, , , , , , , 30.6439615, -0.0097353, , , , , , , 30.6439615, -0.0142672, , , , , , , 30.6439615, -0.0250095, , , , , , , , , , , , , , , , , , , , , , , , , , , , 
30.6444808, 0.0313878, , , , , , , 30.6444808, -0.0109102, , , , , , , 30.6444808, -0.0146029, , , , , , , 30.6444808, -0.0276951, , , , , , , , , , , , , , , , , , , , , , , , , , , , 
30.645, 0.0381018, , , , , , , 30.645, -0.0109102, , , , , , , 30.645, -0.0157778, , , , , , , 30.645, -0.0297093, , , , , , , , , , , , , , , , , , , , , , , , , , , , 
30.6455192, 0.0407874, , , , , , , 30.6455192, -0.0092317, , , , , , , 30.6455192, -0.0166171, , , , , , , 30.6455192, -0.0317235, , , , , , , , , , , , , , , , , , , , , , , , , , , , 
30.6460385, 0.040116, , , , , , , 30.6460385, -0.0075532, , , , , , , 30.6460385, -0.0162814, , , , , , , 30.6460385, -0.0323949, , , , , , , , , , , , , , , , , , , , , , , , , , , , 
30.6465577, 0.040116, , , , , , , 30.6465577, -0.0062104, , , , , , , 30.6465577, -0.0142672, , , , , , , 30.6465577, -0.0310521, , , , , , , , , , , , , , , , , , , , , , , , , , , , 
30.6470769, 0.0428016, , , , , , , 30.6470769, -0.0038605, , , , , , , 30.6470769, -0.0117494, , , , , , , 30.6470769, -0.0260166, , , , , , , , , , , , , , , , , , , , , , , , , , , , 
30.6475962, 0.0374304, , , , , , , 30.6475962, -0.0015106, , , , , , , 30.6475962, -0.0115816, , , , , , , 30.6475962, -0.0162814, , , , , , , , , , , , , , , , , , , , , , , , , , , , 
30.6481154, 0.0226596, , , , , , , 30.6481154, -0.0011749, , , , , , , 30.6481154, -0.0115816, , , , , , , 30.6481154, -0.0057069, , , , , , , , , , , , , , , , , , , , , , , , , , , , 
30.6486346, 0.0058747, , , , , , , 30.6486346, -0.0028534, , , , , , , 30.6486346, -0.0099031, , , , , , , 30.6486346, 0.0031891, , , , , , , , , , , , , , , , , , , , , , , , , , , , 
30.6491538, -0.0072175, , , , , , , 30.6491538, -0.0048676, , , , , , , 30.6491538, -0.0072175, , , , , , , 30.6491538, 0.012253, , , , , , , , , , , , , , , , , , , , , , , , , , , , 
30.6496731, -0.008896, , , , , , , 30.6496731, -0.0041962, , , , , , , 30.6496731, -0.0045319, , , , , , , 30.6496731, 0.0224918, , , , , , , , , , , , , , , , , , , , , , , , , , , , 
30.6501923, 0.0003357, , , , , , , 30.6501923, -0.0035248, , , , , , , 30.6501923, -0.0025177, , , , , , , 30.6501923, 0.033402, , , , , , , , , , , , , , , , , , , , , , , , , , , , 
30.6507115, 0.0018463, , , , , , , 30.6507115, -0.0062104, , , , , , , 30.6507115, -0.0015106, , , , , , , 30.6507115, 0.0448157, , , , , , , , , , , , , , , , , , , , , , , , , , , , 
30.6512308, -0.0075532, , , , , , , 30.6512308, -0.0083925, , , , , , , 30.6512308, -0.002182, , , , , , , 30.6512308, 0.0552224, , , , , , , , , , , , , , , , , , , , , , , , , , , , 
30.65175, -0.0151064, , , , , , , 30.65175, -0.0082246, , , , , , , 30.65175, -0.0016785, , , , , , , 30.65175, 0.061265, , , , , , , , , , , , , , , , , , , , , , , , , , , , 
30.6522692, -0.0159457, , , , , , , 30.6522692, -0.0062104, , , , , , , 30.6522692, -0.0015106, , , , , , , 30.6522692, 0.0652934, , , , , , , , , , , , , , , , , , , , , , , , , , , , 
30.6527885, -0.0109102, , , , , , , 30.6527885, -0.0058747, , , , , , , 30.6527885, -0.0031891, , , , , , , 30.6527885, 0.0649577, , , , , , , , , , , , , , , , , , , , , , , , , , , , 
30.6533077, -0.0062104, , , , , , , 30.6533077, -0.0090639, , , , , , , 30.6533077, -0.0050355, , , , , , , 30.6533077, 0.0565652, , , , , , , , , , , , , , , , , , , , , , , , , , , , 
30.6538269, 0.0052033, , , , , , , 30.6538269, -0.0109102, , , , , , , 30.6538269, -0.0063783, , , , , , , 30.6538269, 0.0438087, , , , , , , , , , , , , , , , , , , , , , , , , , , , 
30.6543462, 0.0159457, , , , , , , 30.6543462, -0.0068818, , , , , , , 30.6543462, -0.0045319, , , , , , , 30.6543462, 0.033402, , , , , , , , , , , , , , , , , , , , , , , , , , , , 
30.6548654, 0.0226596, , , , , , , 30.6548654, -0.0028534, , , , , , , 30.6548654, -0.0031891, , , , , , , 30.6548654, 0.0280308, , , , , , , , , , , , , , , , , , , , , , , , , , , , 
30.6553846, 0.026688, , , , , , , 30.6553846, -0.0023499, , , , , , , 30.6553846, -0.0050355, , , , , , , 30.6553846, 0.0206455, , , , , , , , , , , , , , , , , , , , , , , , , , , , 
30.6559038, 0.0263523, , , , , , , 30.6559038, -0.0041962, , , , , , , 30.6559038, -0.0065461, , , , , , , 30.6559038, 0.0146029, , , , , , , , , , , , , , , , , , , , , , , , , , , , 
30.6564231, 0.0226596, , , , , , , 30.6564231, -0.005539, , , , , , , 30.6564231, -0.0062104, , , , , , , 30.6564231, 0.0132601, , , , , , , , , , , , , , , , , , , , , , , , , , , , 
30.6569423, 0.0199741, , , , , , , 30.6569423, -0.0068818, , , , , , , 30.6569423, -0.005539, , , , , , , 30.6569423, 0.0135958, , , , , , , , , , , , , , , , , , , , , , , , , , , , 
30.6574615, 0.0199741, , , , , , , 30.6574615, -0.0075532, , , , , , , 30.6574615, -0.0038605, , , , , , , 30.6574615, 0.0130922, , , , , , , , , , , , , , , , , , , , , , , , , , , , 
30.6579808, 0.0206455, , , , , , , 30.6579808, -0.0115816, , , , , , , 30.6579808, -0.0025177, , , , , , , 30.6579808, 0.0095674, , , , , , , , , , , , , , , , , , , , , , , , , , , , 
30.6585, 0.0219883, , , , , , , 30.6585, -0.0199741, , , , , , , 30.6585, -0.0025177, , , , , , , 30.6585, 0.0058747, , , , , , , , , , , , , , , , , , , , , , , , , , , , 
30.6590192, 0.0241703, , , , , , , 30.6590192, -0.0271916, , , , , , , 30.6590192, -0.0028534, , , , , , , 30.6590192, 0.0005035, , , , , , , , , , , , , , , , , , , , , , , , , , , , 
30.6595385, 0.0219883, , , , , , , 30.6595385, -0.0317235, , , , , , , 30.6595385, -0.0018463, , , , , , , 30.6595385, -0.005539, , , , , , , , , , , , , , , , , , , , , , , , , , , , 
30.6600577, 0.0169528, , , , , , , 30.6600577, -0.0323949, , , , , , , 30.6600577, -0.0036927, , , , , , , 30.6600577, -0.0058747, , , , , , , , , , , , , , , , , , , , , , , , , , , , 
30.6605769, 0.0139315, , , , , , , 30.6605769, -0.0283665, , , , , , , 30.6605769, -0.0045319, , , , , , , 30.6605769, -0.0068818, , , , , , , , , , , , , , , , , , , , , , , , , , , , 
30.6610962, 0.0109102, , , , , , , 30.6610962, -0.023331, , , , , , , 30.6610962, -0.0035248, , , , , , , 30.6610962, -0.0072175, , , , , , , , , , , , , , , , , , , , , , , , , , , , 
30.6616154, 0.0065461, , , , , , , 30.6616154, -0.018967, , , , , , , 30.6616154, -0.0063783, , , , , , , 30.6616154, -0.0031891, , , , , , , , , , , , , , , , , , , , , , , , , , , , 
30.6621346, 0.0023499, , , , , , , 30.6621346, -0.0125887, , , , , , , 30.6621346, -0.0078889, , , , , , , 30.6621346, -0.0008392, , , , , , , , , , , , , , , , , , , , , , , , , , , , 
30.6626538, -0.0035248, , , , , , , 30.6626538, -0.0075532, , , , , , , 30.6626538, -0.0065461, , , , , , , 30.6626538, -0.002182, , , , , , , , , , , , , , , , , , , , , , , , , , , , 
30.6631731, -0.0135958, , , , , , , 30.6631731, -0.0008392, , , , , , , 30.6631731, -0.008896, , , , , , , 30.6631731, -0.0092317, , , , , , , , , , , , , , , , , , , , , , , , , , , , 
30.6636923, -0.0209812, , , , , , , 30.6636923, 0.0058747, , , , , , , 30.6636923, -0.0130922, , , , , , , 30.6636923, -0.018967, , , , , , , , , , , , , , , , , , , , , , , , , , , , 
30.6642115, -0.0146029, , , , , , , 30.6642115, 0.0068818, , , , , , , 30.6642115, -0.01561, , , , , , , 30.6642115, -0.0248417, , , , , , , , , , , , , , , , , , , , , , , , , , , , 
30.6647308, 0.0005035, , , , , , , 30.6647308, 0.0045319, , , , , , , 30.6647308, -0.0159457, , , , , , , 30.6647308, -0.0276951, , , , , , , , , , , , , , , , , , , , , , , , , , , , 
30.66525, 0.0171206, , , , , , , 30.66525, 0.0028534, , , , , , , 30.66525, -0.0151064, , , , , , , 30.66525, -0.0302129, , , , , , , , , , , , , , , , , , , , , , , , , , , , 
30.6657692, 0.0340734, , , , , , , 30.6657692, 0.0023499, , , , , , , 30.6657692, -0.0139315, , , , , , , 30.6657692, -0.0307164, , , , , , , , , , , , , , , , , , , , , , , , , , , , 
30.6662885, 0.0461585, , , , , , , 30.6662885, -0.0003357, , , , , , , 30.6662885, -0.0139315, , , , , , , 30.6662885, -0.026688, , , , , , , , , , , , , , , , , , , , , , , , , , , , 
30.6668077, 0.0438087, , , , , , , 30.6668077, -0.0015106, , , , , , , 30.6668077, -0.0161135, , , , , , , 30.6668077, -0.0203098, , , , , , , , , , , , , , , , , , , , , , , , , , , , 
30.6673269, 0.0337377, , , , , , , 30.6673269, -0.0003357, , , , , , , 30.6673269, -0.0166171, , , , , , , 30.6673269, -0.008896, , , , , , , , , , , , , , , , , , , , , , , , , , , , 
30.6678462, 0.0176242, , , , , , , 30.6678462, -0.0005035, , , , , , , 30.6678462, -0.0142672, , , , , , , 30.6678462, 0.0035248, , , , , , , , , , , , , , , , , , , , , , , , , , , , 
30.6683654, 0.0011749, , , , , , , 30.6683654, -0.0028534, , , , , , , 30.6683654, -0.0112459, , , , , , , 30.6683654, 0.0124208, , , , , , , , , , , , , , , , , , , , , , , , , , , , 
30.6688846, -0.0065461, , , , , , , 30.6688846, -0.0028534, , , , , , , 30.6688846, -0.0104067, , , , , , , 30.6688846, 0.0186313, , , , , , , , , , , , , , , , , , , , , , , , , , , , 
30.6694038, -0.0099031, , , , , , , 30.6694038, -0.002182, , , , , , , 30.6694038, -0.0082246, , , , , , , 30.6694038, 0.0253452, , , , , , , , , , , , , , , , , , , , , , , , , , , , 
30.6699231, -0.0130922, , , , , , , 30.6699231, -0.0036927, , , , , , , 30.6699231, -0.0035248, , , , , , , 30.6699231, 0.0344091, , , , , , , , , , , , , , , , , , , , , , , , , , , , 
30.6704423, -0.0109102, , , , , , , 30.6704423, -0.008896, , , , , , , 30.6704423, -0.0015106, , , , , , , 30.6704423, 0.0451514, , , , , , , , , , , , , , , , , , , , , , , , , , , , 
30.6709615, -0.0115816, , , , , , , 30.6709615, -0.012253, , , , , , , 30.6709615, -0.0035248, , , , , , , 30.6709615, 0.0548867, , , , , , , , , , , , , , , , , , , , , , , , , , , , 
30.6714808, -0.0186313, , , , , , , 30.6714808, -0.0125887, , , , , , , 30.6714808, -0.005539, , , , , , , 30.6714808, 0.0622721, , , , , , , , , , , , , , , , , , , , , , , , , , , , 
30.672, -0.0221561, , , , , , , 30.672, -0.0104067, , , , , , , 30.672, -0.0041962, , , , , , , 30.672, 0.0656291, , , , , , , , , , , , , , , , , , , , , , , , , , , , 
30.6725192, -0.0243381, , , , , , , 30.6725192, -0.0082246, , , , , , , 30.6725192, -0.0025177, , , , , , , 30.6725192, 0.0656291, , , , , , , , , , , , , , , , , , , , , , , , , , , , 
30.6730385, -0.023331, , , , , , , 30.6730385, -0.0085603, , , , , , , 30.6730385, -0.0036927, , , , , , , 30.6730385, 0.061265, , , , , , , , , , , , , , , , , , , , , , , , , , , , 
30.6735577, -0.0182956, , , , , , , 30.6735577, -0.0095674, , , , , , , 30.6735577, -0.0072175, , , , , , , 30.6735577, 0.0495155, , , , , , , , , , , , , , , , , , , , , , , , , , , , 
30.6740769, -0.0085603, , , , , , , 30.6740769, -0.008896, , , , , , , 30.6740769, -0.0082246, , , , , , , 30.6740769, 0.0370947, , , , , , , , , , , , , , , , , , , , , , , , , , , , 
30.6745962, 0.0072175, , , , , , , 30.6745962, -0.0072175, , , , , , , 30.6745962, -0.0073854, , , , , , , 30.6745962, 0.0293736, , , , , , , , , , , , , , , , , , , , , , , , , , , , 
30.6751154, 0.0223239, , , , , , , 30.6751154, -0.005539, , , , , , , 30.6751154, -0.008896, , , , , , , 30.6751154, 0.0250095, , , , , , , , , , , , , , , , , , , , , , , , , , , , 
30.6756346, 0.0256809, , , , , , , 30.6756346, -0.0058747, , , , , , , 30.6756346, -0.011078, , , , , , , 30.6756346, 0.0209812, , , , , , , , , , , , , , , , , , , , , , , , , , , , 
30.6761538, 0.0159457, , , , , , , 30.6761538, -0.0057069, , , , , , , 30.6761538, -0.0125887, , , , , , , 30.6761538, 0.0166171, , , , , , , , , , , , , , , , , , , , , , , , , , , , 
30.6766731, 0.0065461, , , , , , , 30.6766731, -0.0048676, , , , , , , 30.6766731, -0.0127565, , , , , , , 30.6766731, 0.0112459, , , , , , , , , , , , , , , , , , , , , , , , , , , , 
30.6771923, 0.0031891, , , , , , , 30.6771923, -0.0058747, , , , , , , 30.6771923, -0.0129244, , , , , , , 30.6771923, 0.008896, , , , , , , , , , , , , , , , , , , , , , , , , , , , 
30.6777115, 0.0028534, , , , , , , 30.6777115, -0.0072175, , , , , , , 30.6777115, -0.0135958, , , , , , , 30.6777115, 0.0085603, , , , , , , , , , , , , , , , , , , , , , , , , , , , 
30.6782308, 0.0058747, , , , , , , 30.6782308, -0.0068818, , , , , , , 30.6782308, -0.0115816, , , , , , , 30.6782308, 0.0072175, , , , , , , , , , , , , , , , , , , , , , , , , , , , 
30.67875, 0.0172885, , , , , , , 30.67875, -0.0052033, , , , , , , 30.67875, -0.0095674, , , , , , , 30.67875, 0.0075532, , , , , , , , , , , , , , , , , , , , , , , , , , , , 
30.6792692, 0.0340734, , , , , , , 30.6792692, -0.0052033, , , , , , , 30.6792692, -0.0085603, , , , , , , 30.6792692, 0.0085603, , , , , , , , , , , , , , , , , , , , , , , , , , , , 
30.6797885, 0.0495155, , , , , , , 30.6797885, -0.0072175, , , , , , , 30.6797885, -0.0075532, , , , , , , 30.6797885, 0.0065461, , , , , , , , , , , , , , , , , , , , , , , , , , , , 
30.6803077, 0.0501869, , , , , , , 30.6803077, -0.0048676, , , , , , , 30.6803077, -0.0065461, , , , , , , 30.6803077, 0.0031891, , , , , , , , , , , , , , , , , , , , , , , , , , , , 
30.6808269, 0.0411231, , , , , , , 30.6808269, -0.0028534, , , , , , , 30.6808269, -0.0057069, , , , , , , 30.6808269, 0.0025177, , , , , , , , , , , , , , , , , , , , , , , , , , , , 
30.6813462, 0.0303807, , , , , , , 30.6813462, -0.0028534, , , , , , , 30.6813462, -0.0058747, , , , , , , 30.6813462, 0.0050355, , , , , , , , , , , , , , , , , , , , , , , , , , , , 
30.6818654, 0.023331, , , , , , , 30.6818654, -0.0062104, , , , , , , 30.6818654, -0.0072175, , , , , , , 30.6818654, 0.005539, , , , , , , , , , , , , , , , , , , , , , , , , , , , 
30.6823846, 0.0176242, , , , , , , 30.6823846, -0.011078, , , , , , , 30.6823846, -0.0078889, , , , , , , 30.6823846, 0.005539, , , , , , , , , , , , , , , , , , , , , , , , , , , , 
30.6829038, 0.0132601, , , , , , , 30.6829038, -0.012253, , , , , , , 30.6829038, -0.0095674, , , , , , , 30.6829038, 0.0025177, , , , , , , , , , , , , , , , , , , , , , , , , , , , 
30.6834231, 0.0129244, , , , , , , 30.6834231, -0.018967, , , , , , , 30.6834231, -0.0112459, , , , , , , 30.6834231, -0.0075532, , , , , , , , , , , , , , , , , , , , , , , , , , , , 
30.6839423, 0.0146029, , , , , , , 30.6839423, -0.0290379, , , , , , , 30.6839423, -0.0149386, , , , , , , 30.6839423, -0.0193027, , , , , , , , , , , , , , , , , , , , , , , , , , , , 
30.6844615, 0.0196384, , , , , , , 30.6844615, -0.0328985, , , , , , , 30.6844615, -0.0152743, , , , , , , 30.6844615, -0.0240024, , , , , , , , , , , , , , , , , , , , , , , , , , , , 
30.6849808, 0.0287022, , , , , , , 30.6849808, -0.0303807, , , , , , , 30.6849808, -0.0139315, , , , , , , 30.6849808, -0.026688, , , , , , , , , , , , , , , , , , , , , , , , , , , , 
30.6855, 0.0357519, , , , , , , 30.6855, -0.0250095, , , , , , , 30.6855, -0.0124208, , , , , , , 30.6855, -0.0297093, , , , , , , , , , , , , , , , , , , , , , , , , , , , 
30.6860192, 0.0298772, , , , , , , 30.6860192, -0.01561, , , , , , , 30.6860192, -0.0109102, , , , , , , 30.6860192, -0.0303807, , , , , , , , , , , , , , , , , , , , , , , , , , , , 
30.6865385, 0.0226596, , , , , , , 30.6865385, -0.0011749, , , , , , , 30.6865385, -0.008896, , , , , , , 30.6865385, -0.0260166, , , , , , , , , , , , , , , , , , , , , , , , , , , , 
30.6870577, 0.0250095, , , , , , , 30.6870577, 0.0146029, , , , , , , 30.6870577, -0.0078889, , , , , , , 30.6870577, -0.0172885, , , , , , , , , , , , , , , , , , , , , , , , , , , , 
30.6875769, 0.0313878, , , , , , , 30.6875769, 0.0213169, , , , , , , 30.6875769, -0.0072175, , , , , , , 30.6875769, -0.0068818, , , , , , , , , , , , , , , , , , , , , , , , , , , , 
30.6880962, 0.0310521, , , , , , , 30.6880962, 0.0213169, , , , , , , 30.6880962, -0.0070497, , , , , , , 30.6880962, 0.0043641, , , , , , , , , , , , , , , , , , , , , , , , , , , , 
30.6886154, 0.0246738, , , , , , , 30.6886154, 0.0219883, , , , , , , 30.6886154, -0.0062104, , , , , , , 30.6886154, 0.0159457, , , , , , , , , , , , , , , , , , , , , , , , , , , , 
30.6891346, 0.0243381, , , , , , , 30.6891346, 0.0223239, , , , , , , 30.6891346, -0.0035248, , , , , , , 30.6891346, 0.026688, , , , , , , , , , , , , , , , , , , , , , , , , , , , 
30.6896538, 0.0339055, , , , , , , 30.6896538, 0.0172885, , , , , , , 30.6896538, -0.0005035, , , , , , , 30.6896538, 0.0374304, , , , , , , , , , , , , , , , , , , , , , , , , , , , 
30.6901731, 0.0360876, , , , , , , 30.6901731, 0.0075532, , , , , , , 30.6901731, 0.0015106, , , , , , , 30.6901731, 0.0488441, , , , , , , , , , , , , , , , , , , , , , , , , , , , 
30.6906923, 0.0213169, , , , , , , 30.6906923, -0.0028534, , , , , , , 30.6906923, 0.0005035, , , , , , , 30.6906923, 0.0562295, , , , , , , , , , , , , , , , , , , , , , , , , , , , 
30.6912115, 0.0065461, , , , , , , 30.6912115, -0.012253, , , , , , , 30.6912115, 0.0005035, , , , , , , 30.6912115, 0.0614328, , , , , , , , , , , , , , , , , , , , , , , , , , , , 
30.6917308, 0.0008392, , , , , , , 30.6917308, -0.0169528, , , , , , , 30.6917308, 0.0025177, , , , , , , 30.6917308, 0.0666361, , , , , , , , , , , , , , , , , , , , , , , , , , , , 
30.69225, -0.0082246, , , , , , , 30.69225, -0.0152743, , , , , , , 30.69225, 0.0025177, , , , , , , 30.69225, 0.0703288, , , , , , , , , , , , , , , , , , , , , , , , , , , , 
30.6927692, -0.0193027, , , , , , , 30.6927692, -0.0082246, , , , , , , 30.6927692, 0.0025177, , , , , , , 30.6927692, 0.0716716, , , , , , , , , , , , , , , , , , , , , , , , , , , , 
30.6932885, -0.0219883, , , , , , , 30.6932885, -0.0008392, , , , , , , 30.6932885, 0.0011749, , , , , , , 30.6932885, 0.0652934, , , , , , , , , , , , , , , , , , , , , , , , , , , , 
30.6938077, -0.014435, , , , , , , 30.6938077, -0.002182, , , , , , , 30.6938077, -0.0011749, , , , , , , 30.6938077, 0.0542153, , , , , , , , , , , , , , , , , , , , , , , , , , , , 
30.6943269, -0.0036927, , , , , , , 30.6943269, -0.0112459, , , , , , , 30.6943269, -0.0015106, , , , , , , 30.6943269, 0.0438087, , , , , , , , , , , , , , , , , , , , , , , , , , , , 
30.6948462, 0.0052033, , , , , , , 30.6948462, -0.0203098, , , , , , , 30.6948462, -0.0015106, , , , , , , 30.6948462, 0.0365911, , , , , , , , , , , , , , , , , , , , , , , , , , , , 
30.6953654, 0.0132601, , , , , , , 30.6953654, -0.0223239, , , , , , , 30.6953654, -0.002182, , , , , , , 30.6953654, 0.0285344, , , , , , , , , , , , , , , , , , , , , , , , , , , , 
30.6958846, 0.0216526, , , , , , , 30.6958846, -0.0182956, , , , , , , 30.6958846, -0.0035248, , , , , , , 30.6958846, 0.0219883, , , , , , , , , , , , , , , , , , , , , , , , , , , , 
30.6964038, 0.0240024, , , , , , , 30.6964038, -0.014435, , , , , , , 30.6964038, -0.0041962, , , , , , , 30.6964038, 0.0162814, , , , , , , , , , , , , , , , , , , , , , , , , , , , 
30.6969231, 0.0176242, , , , , , , 30.6969231, -0.0129244, , , , , , , 30.6969231, -0.0041962, , , , , , , 30.6969231, 0.0119173, , , , , , , , , , , , , , , , , , , , , , , , , , , , 
30.6974423, 0.0102388, , , , , , , 30.6974423, -0.0125887, , , , , , , 30.6974423, -0.005539, , , , , , , 30.6974423, 0.0078889, , , , , , , , , , , , , , , , , , , , , , , , , , , , 
30.6979615, 0.0078889, , , , , , , 30.6979615, -0.0124208, , , , , , , 30.6979615, -0.0075532, , , , , , , 30.6979615, 0.0045319, , , , , , , , , , , , , , , , , , , , , , , , , , , , 
30.6984808, 0.0099031, , , , , , , 30.6984808, -0.0129244, , , , , , , 30.6984808, -0.008896, , , , , , , 30.6984808, 0.0038605, , , , , , , , , , , , , , , , , , , , , , , , , , , , 
30.699, 0.012253, , , , , , , 30.699, -0.0115816, , , , , , , 30.699, -0.0075532, , , , , , , 30.699, 0.0052033, , , , , , , , , , , , , , , , , , , , , , , , , , , , 
30.6995192, 0.0135958, , , , , , , 30.6995192, -0.0102388, , , , , , , 30.6995192, -0.0073854, , , , , , , 30.6995192, 0.0065461, , , , , , , , , , , , , , , , , , , , , , , , , , , , 
30.7000385, 0.0125887, , , , , , , 30.7000385, -0.0099031, , , , , , , 30.7000385, -0.0095674, , , , , , , 30.7000385, 0.0057069, , , , , , , , , , , , , , , , , , , , , , , , , , , , 
30.7005577, 0.0119173, , , , , , , 30.7005577, -0.0104067, , , , , , , 30.7005577, -0.0117494, , , , , , , 30.7005577, 0.0018463, , , , , , , , , , , , , , , , , , , , , , , , , , , , 
30.7010769, 0.0146029, , , , , , , 30.7010769, -0.0102388, , , , , , , 30.7010769, -0.0125887, , , , , , , 30.7010769, -0.0001678, , , , , , , , , , , , , , , , , , , , , , , , , , , , 
30.7015962, 0.0152743, , , , , , , 30.7015962, -0.0075532, , , , , , , 30.7015962, -0.011078, , , , , , , 30.7015962, -0.0008392, , , , , , , , , , , , , , , , , , , , , , , , , , , , 
30.7021154, 0.0129244, , , , , , , 30.7021154, -0.002182, , , , , , , 30.7021154, -0.0115816, , , , , , , 30.7021154, 0.0005035, , , , , , , , , , , , , , , , , , , , , , , , , , , , 
30.7026346, 0.0132601, , , , , , , 30.7026346, 0.0025177, , , , , , , 30.7026346, -0.0109102, , , , , , , 30.7026346, 0.0008392, , , , , , , , , , , , , , , , , , , , , , , , , , , , 
30.7031538, 0.0146029, , , , , , , 30.7031538, 0.0025177, , , , , , , 30.7031538, -0.0114137, , , , , , , 30.7031538, -0.008896, , , , , , , , , , , , , , , , , , , , , , , , , , , , 
30.7036731, 0.0159457, , , , , , , 30.7036731, 0.0005035, , , , , , , 30.7036731, -0.0142672, , , , , , , 30.7036731, -0.0256809, , , , , , , , , , , , , , , , , , , , , , , , , , , , 
30.7041923, 0.0219883, , , , , , , 30.7041923, -0.0011749, , , , , , , 30.7041923, -0.0135958, , , , , , , 30.7041923, -0.0347448, , , , , , , , , , , , , , , , , , , , , , , , , , , , 
30.7047115, 0.0330663, , , , , , , 30.7047115, -0.0041962, , , , , , , 30.7047115, -0.0119173, , , , , , , 30.7047115, -0.0344091, , , , , , , , , , , , , , , , , , , , , , , , , , , , 
30.7052308, 0.040116, , , , , , , 30.7052308, -0.0102388, , , , , , , 30.7052308, -0.0135958, , , , , , , 30.7052308, -0.0332341, , , , , , , , , , , , , , , , , , , , , , , , , , , , 
30.70575, 0.0414588, , , , , , , 30.70575, -0.0176242, , , , , , , 30.70575, -0.0162814, , , , , , , 30.70575, -0.0330663, , , , , , , , , , , , , , , , , , , , , , , , , , , , 
30.7062692, 0.0431373, , , , , , , 30.7062692, -0.0223239, , , , , , , 30.7062692, -0.014435, , , , , , , 30.7062692, -0.0303807, , , , , , , , , , , , , , , , , , , , , , , , , , , , 
30.7067885, 0.0461585, , , , , , , 30.7067885, -0.0240024, , , , , , , 30.7067885, -0.0119173, , , , , , , 30.7067885, -0.0263523, , , , , , , , , , , , , , , , , , , , , , , , , , , , 
30.7073077, 0.036759, , , , , , , 30.7073077, -0.0223239, , , , , , , 30.7073077, -0.0095674, , , , , , , 30.7073077, -0.0164492, , , , , , , , , , , , , , , , , , , , , , , , , , , , 
30.7078269, 0.018967, , , , , , , 30.7078269, -0.0209812, , , , , , , 30.7078269, -0.0082246, , , , , , , 30.7078269, -0.0035248, , , , , , , , , , , , , , , , , , , , , , , , , , , , 
30.7083462, 0.0065461, , , , , , , 30.7083462, -0.0206455, , , , , , , 30.7083462, -0.0078889, , , , , , , 30.7083462, 0.005539, , , , , , , , , , , , , , , , , , , , , , , , , , , , 
30.7088654, 0.0043641, , , , , , , 30.7088654, -0.0196384, , , , , , , 30.7088654, -0.0050355, , , , , , , 30.7088654, 0.0132601, , , , , , , , , , , , , , , , , , , , , , , , , , , , 
30.7093846, 0.0018463, , , , , , , 30.7093846, -0.0164492, , , , , , , 30.7093846, -0.0023499, , , , , , , 30.7093846, 0.023331, , , , , , , , , , , , , , , , , , , , , , , , , , , , 
30.7099038, -0.0099031, , , , , , , 30.7099038, -0.0137636, , , , , , , 30.7099038, -0.0015106, , , , , , , 30.7099038, 0.0322271, , , , , , , , , , , , , , , , , , , , , , , , , , , , 
30.7104231, -0.0251774, , , , , , , 30.7104231, -0.0115816, , , , , , , 30.7104231, -0.0015106, , , , , , , 30.7104231, 0.043473, , , , , , , , , , , , , , , , , , , , , , , , , , , , 
30.7109423, -0.0345769, , , , , , , 30.7109423, -0.011078, , , , , , , 30.7109423, -0.002182, , , , , , , 30.7109423, 0.054551, , , , , , , , , , , , , , , , , , , , , , , , , , , , 
30.7114615, -0.0374304, , , , , , , 30.7114615, -0.012253, , , , , , , 30.7114615, -0.0028534, , , , , , , 30.7114615, 0.0626078, , , , , , , , , , , , , , , , , , , , , , , , , , , , 
30.7119808, -0.0337377, , , , , , , 30.7119808, -0.0132601, , , , , , , 30.7119808, -0.0025177, , , , , , , 30.7119808, 0.0676432, , , , , , , , , , , , , , , , , , , , , , , , , , , , 
30.7125, -0.0260166, , , , , , , 30.7125, -0.0146029, , , , , , , 30.7125, -0.0015106, , , , , , , 30.7125, 0.0696574, , , , , , , , , , , , , , , , , , , , , , , , , , , , 
30.7130192, -0.0223239, , , , , , , 30.7130192, -0.01561, , , , , , , 30.7130192, -0.0015106, , , , , , , 30.7130192, 0.0673075, , , , , , , , , , , , , , , , , , , , , , , , , , , , 
30.7135385, -0.0216526, , , , , , , 30.7135385, -0.0152743, , , , , , , 30.7135385, -0.0023499, , , , , , , 30.7135385, 0.0585794, , , , , , , , , , , , , , , , , , , , , , , , , , , , 
30.7140577, -0.0135958, , , , , , , 30.7140577, -0.0115816, , , , , , , 30.7140577, -0.002182, , , , , , , 30.7140577, 0.0464942, , , , , , , , , , , , , , , , , , , , , , , , , , , , 
30.7145769, -0.0018463, , , , , , , 30.7145769, -0.0075532, , , , , , , 30.7145769, -0.0025177, , , , , , , 30.7145769, 0.0344091, , , , , , , , , , , , , , , , , , , , , , , , , , , , 
30.7150962, 0.0043641, , , , , , , 30.7150962, -0.0035248, , , , , , , 30.7150962, -0.0035248, , , , , , , 30.7150962, 0.0271916, , , , , , , , , , , , , , , , , , , , , , , , , , , , 
30.7156154, 0.0025177, , , , , , , 30.7156154, 0.0045319, , , , , , , 30.7156154, -0.0038605, , , , , , , 30.7156154, 0.0209812, , , , , , , , , , , , , , , , , , , , , , , , , , , , 
30.7161346, 0.0001678, , , , , , , 30.7161346, 0.0125887, , , , , , , 30.7161346, -0.0065461, , , , , , , 30.7161346, 0.01561, , , , , , , , , , , , , , , , , , , , , , , , , , , , 
30.7166538, 0.0085603, , , , , , , 30.7166538, 0.0115816, , , , , , , 30.7166538, -0.0082246, , , , , , , 30.7166538, 0.011078, , , , , , , , , , , , , , , , , , , , , , , , , , , , 
30.7171731, 0.0139315, , , , , , , 30.7171731, 0.002182, , , , , , , 30.7171731, -0.0075532, , , , , , , 30.7171731, 0.0092317, , , , , , , , , , , , , , , , , , , , , , , , , , , , 
30.7176923, 0.0109102, , , , , , , 30.7176923, -0.0082246, , , , , , , 30.7176923, -0.0077211, , , , , , , 30.7176923, 0.0072175, , , , , , , , , , , , , , , , , , , , , , , , , , , , 
30.7182115, 0.0186313, , , , , , , 30.7182115, -0.0099031, , , , , , , 30.7182115, -0.0082246, , , , , , , 30.7182115, 0.0045319, , , , , , , , , , , , , , , , , , , , , , , , , , , , 
30.7187308, 0.0426337, , , , , , , 30.7187308, -0.0068818, , , , , , , 30.7187308, -0.0062104, , , , , , , 30.7187308, 0.0038605, , , , , , , , , , , , , , , , , , , , , , , , , , , , 
30.71925, 0.0661326, , , , , , , 30.71925, -0.0075532, , , , , , , 30.71925, -0.0048676, , , , , , , 30.71925, 0.0038605, , , , , , , , , , , , , , , , , , , , , , , , , , , , 
30.7197692, 0.0780499, , , , , , , 30.7197692, -0.0065461, , , , , , , 30.7197692, -0.0036927, , , , , , , 30.7197692, 0.0031891, , , , , , , , , , , , , , , , , , , , , , , , , , , , 
30.7202885, 0.0783856, , , , , , , 30.7202885, -0.0052033, , , , , , , 30.7202885, -0.0041962, , , , , , , 30.7202885, 0.0011749, , , , , , , , , , , , , , , , , , , , , , , , , , , , 
30.7208077, 0.0699931, , , , , , , 30.7208077, -0.0078889, , , , , , , 30.7208077, -0.0048676, , , , , , , 30.7208077, 0.0018463, , , , , , , , , , , , , , , , , , , , , , , , , , , , 
30.7213269, 0.0609293, , , , , , , 30.7213269, -0.0095674, , , , , , , 30.7213269, -0.0063783, , , , , , , 30.7213269, 0.0038605, , , , , , , , , , , , , , , , , , , , , , , , , , , , 
30.7218462, 0.0505226, , , , , , , 30.7218462, -0.0072175, , , , , , , 30.7218462, -0.0082246, , , , , , , 30.7218462, 0.005539, , , , , , , , , , , , , , , , , , , , , , , , , , , , 
30.7223654, 0.0446479, , , , , , , 30.7223654, -0.005539, , , , , , , 30.7223654, -0.0090639, , , , , , , 30.7223654, 0.0065461, , , , , , , , , , , , , , , , , , , , , , , , , , , , 
30.7228846, 0.0352483, , , , , , , 30.7228846, -0.0072175, , , , , , , 30.7228846, -0.0115816, , , , , , , 30.7228846, 0.0016785, , , , , , , , , , , , , , , , , , , , , , , , , , , , 
30.7234038, 0.023331, , , , , , , 30.7234038, -0.008896, , , , , , , 30.7234038, -0.0169528, , , , , , , 30.7234038, -0.0125887, , , , , , , , , , , , , , , , , , , , , , , , , , , , 
30.7239231, 0.0179599, , , , , , , 30.7239231, -0.0058747, , , , , , , 30.7239231, -0.017792, , , , , , , 30.7239231, -0.0236667, , , , , , , , , , , , , , , , , , , , , , , , , , , , 
30.7244423, 0.0154421, , , , , , , 30.7244423, -0.0041962, , , , , , , 30.7244423, -0.0169528, , , , , , , 30.7244423, -0.0246738, , , , , , , , , , , , , , , , , , , , , , , , , , , , 
30.7249615, 0.0132601, , , , , , , 30.7249615, -0.0045319, , , , , , , 30.7249615, -0.01561, , , , , , , 30.7249615, -0.0263523, , , , , , , , , , , , , , , , , , , , , , , , , , , , 
30.7254808, 0.0105745, , , , , , , 30.7254808, -0.008896, , , , , , , 30.7254808, -0.0129244, , , , , , , 30.7254808, -0.0308843, , , , , , , , , , , , , , , , , , , , , , , , , , , , 
30.726, 0.0132601, , , , , , , 30.726, -0.0119173, , , , , , , 30.726, -0.012253, , , , , , , 30.726, -0.0287022, , , , , , , , , , , , , , , , , , , , , , , , , , , , 
30.7265192, 0.0193027, , , , , , , 30.7265192, -0.0090639, , , , , , , 30.7265192, -0.0132601, , , , , , , 30.7265192, -0.0243381, , , , , , , , , , , , , , , , , , , , , , , , , , , , 
30.7270385, 0.0191348, , , , , , , 30.7270385, -0.0062104, , , , , , , 30.7270385, -0.0109102, , , , , , , 30.7270385, -0.0176242, , , , , , , , , , , , , , , , , , , , , , , , , , , , 
30.7275577, 0.0077211, , , , , , , 30.7275577, -0.005539, , , , , , , 30.7275577, -0.0075532, , , , , , , 30.7275577, -0.0085603, , , , , , , , , , , , , , , , , , , , , , , , , , , , 
30.7280769, -0.0045319, , , , , , , 30.7280769, -0.0035248, , , , , , , 30.7280769, -0.0082246, , , , , , , 30.7280769, -0.002182, , , , , , , , , , , , , , , , , , , , , , , , , , , , 
30.7285962, -0.0023499, , , , , , , 30.7285962, -0.0026856, , , , , , , 30.7285962, -0.0085603, , , , , , , 30.7285962, 0.0052033, , , , , , , , , , , , , , , , , , , , , , , , , , , , 
30.7291154, 0.0058747, , , , , , , 30.7291154, -0.0023499, , , , , , , 30.7291154, -0.0068818, , , , , , , 30.7291154, 0.0146029, , , , , , , , , , , , , , , , , , , , , , , , , , , , 
30.7296346, 0.0016785, , , , , , , 30.7296346, -0.0028534, , , , , , , 30.7296346, -0.0035248, , , , , , , 30.7296346, 0.0276951, , , , , , , , , , , , , , , , , , , , , , , , , , , , 
30.7301538, -0.0082246, , , , , , , 30.7301538, -0.0036927, , , , , , , 30.7301538, -0.0010071, , , , , , , 30.7301538, 0.0394446, , , , , , , , , , , , , , , , , , , , , , , , , , , , 
30.7306731, -0.0142672, , , , , , , 30.7306731, -0.0025177, , , , , , , 30.7306731, -0.0008392, , , , , , , 30.7306731, 0.0485084, , , , , , , , , , , , , , , , , , , , , , , , , , , , 
30.7311923, -0.0092317, , , , , , , 30.7311923, -0.0001678, , , , , , , 30.7311923, -0.0001678, , , , , , , 30.7311923, 0.0548867, , , , , , , , , , , , , , , , , , , , , , , , , , , , 
30.7317115, 0.0038605, , , , , , , 30.7317115, 0.0025177, , , , , , , 30.7317115, 0.0005035, , , , , , , 30.7317115, 0.0599222, , , , , , , , , , , , , , , , , , , , , , , , , , , , 
30.7322308, 0.0164492, , , , , , , 30.7322308, 0.0018463, , , , , , , 30.7322308, 0.0011749, , , , , , , 30.7322308, 0.0656291, , , , , , , , , , , , , , , , , , , , , , , , , , , , 
30.73275, 0.0246738, , , , , , , 30.73275, -0.0008392, , , , , , , 30.73275, 0.0018463, , , , , , , 30.73275, 0.0663005, , , , , , , , , , , , , , , , , , , , , , , , , , , , 
30.7332692, 0.0310521, , , , , , , 30.7332692, -0.0028534, , , , , , , 30.7332692, 0.0003357, , , , , , , 30.7332692, 0.0599222, , , , , , , , , , , , , , , , , , , , , , , , , , , , 
30.7337885, 0.0345769, , , , , , , 30.7337885, -0.005539, , , , , , , 30.7337885, -0.0052033, , , , , , , 30.7337885, 0.0475013, , , , , , , , , , , , , , , , , , , , , , , , , , , , 
30.7343077, 0.0290379, , , , , , , 30.7343077, -0.0065461, , , , , , , 30.7343077, -0.0075532, , , , , , , 30.7343077, 0.0354162, , , , , , , , , , , , , , , , , , , , , , , , , , , , 
30.7348269, 0.0226596, , , , , , , 30.7348269, -0.0060426, , , , , , , 30.7348269, -0.0082246, , , , , , , 30.7348269, 0.0287022, , , , , , , , , , , , , , , , , , , , , , , , , , , , 
30.7353462, 0.0229953, , , , , , , 30.7353462, -0.0057069, , , , , , , 30.7353462, -0.0095674, , , , , , , 30.7353462, 0.023331, , , , , , , , , , , , , , , , , , , , , , , , , , , , 
30.7358654, 0.0236667, , , , , , , 30.7358654, -0.0062104, , , , , , , 30.7358654, -0.0097353, , , , , , , 30.7358654, 0.0193027, , , , , , , , , , , , , , , , , , , , , , , , , , , , 
30.7363846, 0.0209812, , , , , , , 30.7363846, -0.0072175, , , , , , , 30.7363846, -0.0099031, , , , , , , 30.7363846, 0.0151064, , , , , , , , , , , , , , , , , , , , , , , , , , , , 
30.7369038, 0.0152743, , , , , , , 30.7369038, -0.0082246, , , , , , , 30.7369038, -0.0102388, , , , , , , 30.7369038, 0.0125887, , , , , , , , , , , , , , , , , , , , , , , , , , , , 
30.7374231, 0.0018463, , , , , , , 30.7374231, -0.0102388, , , , , , , 30.7374231, -0.0072175, , , , , , , 30.7374231, 0.0115816, , , , , , , , , , , , , , , , , , , , , , , , , , , , 
30.7379423, -0.0102388, , , , , , , 30.7379423, -0.0130922, , , , , , , 30.7379423, -0.0045319, , , , , , , 30.7379423, 0.0097353, , , , , , , , , , , , , , , , , , , , , , , , , , , , 
30.7384615, -0.0149386, , , , , , , 30.7384615, -0.01561, , , , , , , 30.7384615, -0.0052033, , , , , , , 30.7384615, 0.0058747, , , , , , , , , , , , , , , , , , , , , , , , , , , , 
30.7389808, -0.0171206, , , , , , , 30.7389808, -0.0157778, , , , , , , 30.7389808, -0.0075532, , , , , , , 30.7389808, 0.0038605, , , , , , , , , , , , , , , , , , , , , , , , , , , , 
30.7395, -0.0206455, , , , , , , 30.7395, -0.01561, , , , , , , 30.7395, -0.0085603, , , , , , , 30.7395, 0.0045319, , , , , , , , , , , , , , , , , , , , , , , , , , , , 
30.7400192, -0.0149386, , , , , , , 30.7400192, -0.0167849, , , , , , , 30.7400192, -0.0102388, , , , , , , 30.7400192, 0.0057069, , , , , , , , , , , , , , , , , , , , , , , , , , , , 
30.7405385, 0.0005035, , , , , , , 30.7405385, -0.0172885, , , , , , , 30.7405385, -0.0135958, , , , , , , 30.7405385, 0.0048676, , , , , , , , , , , , , , , , , , , , , , , , , , , , 
30.7410577, 0.018967, , , , , , , 30.7410577, -0.0142672, , , , , , , 30.7410577, -0.0149386, , , , , , , 30.7410577, 0.002182, , , , , , , , , , , , , , , , , , , , , , , , , , , , 
30.7415769, 0.0359197, , , , , , , 30.7415769, -0.0075532, , , , , , , 30.7415769, -0.0149386, , , , , , , 30.7415769, 0.0011749, , , , , , , , , , , , , , , , , , , , , , , , , , , , 
30.7420962, 0.0565652, , , , , , , 30.7420962, 0.0003357, , , , , , , 30.7420962, -0.0139315, , , , , , , 30.7420962, 0.0025177, , , , , , , , , , , , , , , , , , , , , , , , , , , , 
30.7426154, 0.0746929, , , , , , , 30.7426154, 0.0031891, , , , , , , 30.7426154, -0.0149386, , , , , , , 30.7426154, 0.0011749, , , , , , , , , , , , , , , , , , , , , , , , , , , , 
30.7431346, 0.0787213, , , , , , , 30.7431346, -0.002182, , , , , , , 30.7431346, -0.0162814, , , , , , , 30.7431346, -0.0075532, , , , , , , , , , , , , , , , , , , , , , , , , , , , 
30.7436538, 0.0694896, , , , , , , 30.7436538, -0.0082246, , , , , , , 30.7436538, -0.0186313, , , , , , , 30.7436538, -0.0193027, , , , , , , , , , , , , , , , , , , , , , , , , , , , 
30.7441731, 0.0589151, , , , , , , 30.7441731, -0.0063783, , , , , , , 30.7441731, -0.0193027, , , , , , , 30.7441731, -0.0265202, , , , , , , , , , , , , , , , , , , , , , , , , , , , 
30.7446923, 0.0508583, , , , , , , 30.7446923, -0.0035248, , , , , , , 30.7446923, -0.0169528, , , , , , , 30.7446923, -0.0283665, , , , , , , , , , , , , , , , , , , , , , , , , , , , 
30.7452115, 0.0464942, , , , , , , 30.7452115, -0.0075532, , , , , , , 30.7452115, -0.0159457, , , , , , , 30.7452115, -0.026688, , , , , , , , , , , , , , , , , , , , , , , , , , , , 
30.7457308, 0.0411231, , , , , , , 30.7457308, -0.0119173, , , , , , , 30.7457308, -0.0162814, , , , , , , 30.7457308, -0.0250095, , , , , , , , , , , , , , , , , , , , , , , , , , , , 
30.74625, 0.0360876, , , , , , , 30.74625, -0.012253, , , , , , , 30.74625, -0.0139315, , , , , , , 30.74625, -0.0229953, , , , , , , , , , , , , , , , , , , , , , , , , , , , 
30.7467692, 0.036759, , , , , , , 30.7467692, -0.008896, , , , , , , 30.7467692, -0.0109102, , , , , , , 30.7467692, -0.0154421, , , , , , , , , , , , , , , , , , , , , , , , , , , , 
30.7472885, 0.0360876, , , , , , , 30.7472885, -0.0048676, , , , , , , 30.7472885, -0.0095674, , , , , , , 30.7472885, -0.0043641, , , , , , , , , , , , , , , , , , , , , , , , , , , , 
30.7478077, 0.0263523, , , , , , , 30.7478077, -0.0057069, , , , , , , 30.7478077, -0.008896, , , , , , , 30.7478077, 0.0058747, , , , , , , , , , , , , , , , , , , , , , , , , , , , 
30.7483269, 0.0102388, , , , , , , 30.7483269, -0.0062104, , , , , , , 30.7483269, -0.0075532, , , , , , , 30.7483269, 0.0152743, , , , , , , , , , , , , , , , , , , , , , , , , , , , 
30.7488462, -0.0025177, , , , , , , 30.7488462, -0.0028534, , , , , , , 30.7488462, -0.0041962, , , , , , , 30.7488462, 0.0238346, , , , , , , , , , , , , , , , , , , , , , , , , , , , 
30.7493654, -0.0072175, , , , , , , 30.7493654, 0.0062104, , , , , , , 30.7493654, -0.0018463, , , , , , , 30.7493654, 0.0323949, , , , , , , , , , , , , , , , , , , , , , , , , , , , 
30.7498846, -0.0105745, , , , , , , 30.7498846, 0.0102388, , , , , , , 30.7498846, -0.0018463, , , , , , , 30.7498846, 0.0411231, , , , , , , , , , , , , , , , , , , , , , , , , , , , 
30.7504038, -0.0199741, , , , , , , 30.7504038, 0.0018463, , , , , , , 30.7504038, -0.0035248, , , , , , , 30.7504038, 0.0461585, , , , , , , , , , , , , , , , , , , , , , , , , , , , 
30.7509231, -0.0330663, , , , , , , 30.7509231, -0.0104067, , , , , , , 30.7509231, -0.0035248, , , , , , , 30.7509231, 0.0518654, , , , , , , , , , , , , , , , , , , , , , , , , , , , 
30.7514423, -0.0458228, , , , , , , 30.7514423, -0.0229953, , , , , , , 30.7514423, -0.0041962, , , , , , , 30.7514423, 0.0602579, , , , , , , , , , , , , , , , , , , , , , , , , , , , 
30.7519615, -0.0528725, , , , , , , 30.7519615, -0.0344091, , , , , , , 30.7519615, -0.0018463, , , , , , , 30.7519615, 0.0676432, , , , , , , , , , , , , , , , , , , , , , , , , , , , 
30.7524808, -0.0518654, , , , , , , 30.7524808, -0.0394446, , , , , , , 30.7524808, 0.0011749, , , , , , , 30.7524808, 0.0683146, , , , , , , , , , , , , , , , , , , , , , , , , , , , 
30.753, -0.0488441, , , , , , , 30.753, -0.0391089, , , , , , , 30.753, 0.0025177, , , , , , , 30.753, 0.0627756, , , , , , , , , , , , , , , , , , , , , , , , , , , , 
30.7535192, -0.0436408, , , , , , , 30.7535192, -0.0350805, , , , , , , 30.7535192, 0.0001678, , , , , , , 30.7535192, 0.0522011, , , , , , , , , , , , , , , , , , , , , , , , , , , , 
30.7540385, -0.0339055, , , , , , , 30.7540385, -0.027863, , , , , , , 30.7540385, -0.0015106, , , , , , , 30.7540385, 0.0414588, , , , , , , , , , , , , , , , , , , , , , , , , , , , 
30.7545577, -0.0130922, , , , , , , 30.7545577, -0.0182956, , , , , , , 30.7545577, -0.0038605, , , , , , , 30.7545577, 0.0340734, , , , , , , , , , , , , , , , , , , , , , , , , , , , 
30.7550769, 0.0102388, , , , , , , 30.7550769, -0.008896, , , , , , , 30.7550769, -0.0048676, , , , , , , 30.7550769, 0.026688, , , , , , , , , , , , , , , , , , , , , , , , , , , , 
30.7555962, 0.0166171, , , , , , , 30.7555962, -0.0082246, , , , , , , 30.7555962, -0.0048676, , , , , , , 30.7555962, 0.023331, , , , , , , , , , , , , , , , , , , , , , , , , , , , 
30.7561154, 0.0146029, , , , , , , 30.7561154, -0.0095674, , , , , , , 30.7561154, -0.005539, , , , , , , 30.7561154, 0.0199741, , , , , , , , , , , , , , , , , , , , , , , , , , , , 
30.7566346, 0.0135958, , , , , , , 30.7566346, -0.0045319, , , , , , , 30.7566346, -0.0082246, , , , , , , 30.7566346, 0.0146029, , , , , , , , , , , , , , , , , , , , , , , , , , , , 
30.7571538, 0.0142672, , , , , , , 30.7571538, 0.0015106, , , , , , , 30.7571538, -0.0102388, , , , , , , 30.7571538, 0.0090639, , , , , , , , , , , , , , , , , , , , , , , , , , , , 
30.7576731, 0.0146029, , , , , , , 30.7576731, 0.0005035, , , , , , , 30.7576731, -0.0102388, , , , , , , 30.7576731, 0.0048676, , , , , , , , , , , , , , , , , , , , , , , , , , , , 
30.7581923, 0.0129244, , , , , , , 30.7581923, -0.0008392, , , , , , , 30.7581923, -0.008896, , , , , , , 30.7581923, 0.0011749, , , , , , , , , , , , , , , , , , , , , , , , , , , , 
30.7587115, 0.0124208, , , , , , , 30.7587115, -0.0001678, , , , , , , 30.7587115, -0.0082246, , , , , , , 30.7587115, 0.0001678, , , , , , , , , , , , , , , , , , , , , , , , , , , , 
30.7592308, 0.0159457, , , , , , , 30.7592308, -0.0001678, , , , , , , 30.7592308, -0.0075532, , , , , , , 30.7592308, -0.0010071, , , , , , , , , , , , , , , , , , , , , , , , , , , , 
30.75975, 0.0193027, , , , , , , 30.75975, 0.0038605, , , , , , , 30.75975, -0.0065461, , , , , , , 30.75975, -0.0028534, , , , , , , , , , , , , , , , , , , , , , , , , , , , 
30.7602692, 0.0206455, , , , , , , 30.7602692, 0.012253, , , , , , , 30.7602692, -0.0062104, , , , , , , 30.7602692, -0.0048676, , , , , , , , , , , , , , , , , , , , , , , , , , , , 
30.7607885, 0.0226596, , , , , , , 30.7607885, 0.0216526, , , , , , , 30.7607885, -0.005539, , , , , , , 30.7607885, -0.0072175, , , , , , , , , , , , , , , , , , , , , , , , , , , , 
30.7613077, 0.0172885, , , , , , , 30.7613077, 0.0271916, , , , , , , 30.7613077, -0.0075532, , , , , , , 30.7613077, -0.0095674, , , , , , , , , , , , , , , , , , , , , , , , , , , , 
30.7618269, 0.0065461, , , , , , , 30.7618269, 0.0253452, , , , , , , 30.7618269, -0.0102388, , , , , , , 30.7618269, -0.0090639, , , , , , , , , , , , , , , , , , , , , , , , , , , , 
30.7623462, -0.0016785, , , , , , , 30.7623462, 0.0159457, , , , , , , 30.7623462, -0.0132601, , , , , , , 30.7623462, -0.008896, , , , , , , , , , , , , , , , , , , , , , , , , , , , 
30.7628654, -0.002182, , , , , , , 30.7628654, 0.0030213, , , , , , , 30.7628654, -0.0137636, , , , , , , 30.7628654, -0.0135958, , , , , , , , , , , , , , , , , , , , , , , , , , , , 
30.7633846, 0.002182, , , , , , , 30.7633846, -0.012253, , , , , , , 30.7633846, -0.0132601, , , , , , , 30.7633846, -0.0250095, , , , , , , , , , , , , , , , , , , , , , , , , , , , 
30.7639038, 0.0043641, , , , , , , 30.7639038, -0.0229953, , , , , , , 30.7639038, -0.0146029, , , , , , , 30.7639038, -0.0344091, , , , , , , , , , , , , , , , , , , , , , , , , , , , 
30.7644231, 0.0092317, , , , , , , 30.7644231, -0.0246738, , , , , , , 30.7644231, -0.0149386, , , , , , , 30.7644231, -0.0377661, , , , , , , , , , , , , , , , , , , , , , , , , , , , 
30.7649423, 0.0193027, , , , , , , 30.7649423, -0.0256809, , , , , , , 30.7649423, -0.0132601, , , , , , , 30.7649423, -0.0381018, , , , , , , , , , , , , , , , , , , , , , , , , , , , 
30.7654615, 0.0290379, , , , , , , 30.7654615, -0.0310521, , , , , , , 30.7654615, -0.0114137, , , , , , , 30.7654615, -0.0377661, , , , , , , , , , , , , , , , , , , , , , , , , , , , 
30.7659808, 0.0320592, , , , , , , 30.7659808, -0.030045, , , , , , , 30.7659808, -0.0095674, , , , , , , 30.7659808, -0.0354162, , , , , , , , , , , , , , , , , , , , , , , , , , , , 
30.7665, 0.0307164, , , , , , , 30.7665, -0.0236667, , , , , , , 30.7665, -0.0065461, , , , , , , 30.7665, -0.0298772, , , , , , , , , , , , , , , , , , , , , , , , , , , , 
30.7670192, 0.0352483, , , , , , , 30.7670192, -0.017792, , , , , , , 30.7670192, -0.0058747, , , , , , , 30.7670192, -0.0206455, , , , , , , , , , , , , , , , , , , , , , , , , , , , 
30.7675385, 0.0421302, , , , , , , 30.7675385, -0.0142672, , , , , , , 30.7675385, -0.005539, , , , , , , 30.7675385, -0.0112459, , , , , , , , , , , , , , , , , , , , , , , , , , , , 
30.7680577, 0.0340734, , , , , , , 30.7680577, -0.0115816, , , , , , , 30.7680577, -0.0065461, , , , , , , 30.7680577, -0.0045319, , , , , , , , , , , , , , , , , , , , , , , , , , , , 
30.7685769, 0.0112459, , , , , , , 30.7685769, -0.008896, , , , , , , 30.7685769, -0.0075532, , , , , , , 30.7685769, 0.0045319, , , , , , , , , , , , , , , , , , , , , , , , , , , , 
30.7690962, -0.0085603, , , , , , , 30.7690962, -0.0072175, , , , , , , 30.7690962, -0.0060426, , , , , , , 30.7690962, 0.0159457, , , , , , , , , , , , , , , , , , , , , , , , , , , , 
30.7696154, -0.0146029, , , , , , , 30.7696154, -0.0015106, , , , , , , 30.7696154, -0.002182, , , , , , , 30.7696154, 0.0280308, , , , , , , , , , , , , , , , , , , , , , , , , , , , 
30.7701346, -0.0166171, , , , , , , 30.7701346, 0.0038605, , , , , , , 30.7701346, 0.0005035, , , , , , , 30.7701346, 0.0387732, , , , , , , , , , , , , , , , , , , , , , , , , , , , 
30.7706538, -0.0194705, , , , , , , 30.7706538, 0.0005035, , , , , , , 30.7706538, 0.0020142, , , , , , , 30.7706538, 0.0475013, , , , , , , , , , , , , , , , , , , , , , , , , , , , 
30.7711731, -0.0149386, , , , , , , 30.7711731, -0.008896, , , , , , , 30.7711731, 0.0011749, , , , , , , 30.7711731, 0.0542153, , , , , , , , , , , , , , , , , , , , , , , , , , , , 
30.7716923, -0.0028534, , , , , , , 30.7716923, -0.0129244, , , , , , , 30.7716923, 0.0011749, , , , , , , 30.7716923, 0.0602579, , , , , , , , , , , , , , , , , , , , , , , , , , , , 
30.7722115, 0.0058747, , , , , , , 30.7722115, -0.012253, , , , , , , 30.7722115, 0.0011749, , , , , , , 30.7722115, 0.0654612, , , , , , , , , , , , , , , , , , , , , , , , , , , , 
30.7727308, 0.0052033, , , , , , , 30.7727308, -0.0115816, , , , , , , 30.7727308, 0.0001678, , , , , , , 30.7727308, 0.0659648, , , , , , , , , , , , , , , , , , , , , , , , , , , , 
30.77325, 0.0005035, , , , , , , 30.77325, -0.0124208, , , , , , , 30.77325, -0.0035248, , , , , , , 30.77325, 0.0605936, , , , , , , , , , , , , , , , , , , , , , , , , , , , 
30.7737692, -0.0018463, , , , , , , 30.7737692, -0.0142672, , , , , , , 30.7737692, -0.0068818, , , , , , , 30.7737692, 0.0495155, , , , , , , , , , , , , , , , , , , , , , , , , , , , 
30.7742885, 0.0025177, , , , , , , 30.7742885, -0.0159457, , , , , , , 30.7742885, -0.0072175, , , , , , , 30.7742885, 0.0365911, , , , , , , , , , , , , , , , , , , , , , , , , , , , 
30.7748077, 0.0048676, , , , , , , 30.7748077, -0.0169528, , , , , , , 30.7748077, -0.0062104, , , , , , , 30.7748077, 0.026688, , , , , , , , , , , , , , , , , , , , , , , , , , , , 
30.7753269, 0.0023499, , , , , , , 30.7753269, -0.0182956, , , , , , , 30.7753269, -0.0062104, , , , , , , 30.7753269, 0.0209812, , , , , , , , , , , , , , , , , , , , , , , , , , , , 
30.7758462, 0.0025177, , , , , , , 30.7758462, -0.018967, , , , , , , 30.7758462, -0.0068818, , , , , , , 30.7758462, 0.0169528, , , , , , , , , , , , , , , , , , , , , , , , , , , , 
30.7763654, 0.0129244, , , , , , , 30.7763654, -0.01561, , , , , , , 30.7763654, -0.0068818, , , , , , , 30.7763654, 0.0135958, , , , , , , , , , , , , , , , , , , , , , , , , , , , 
30.7768846, 0.0213169, , , , , , , 30.7768846, -0.0105745, , , , , , , 30.7768846, -0.0077211, , , , , , , 30.7768846, 0.0124208, , , , , , , , , , , , , , , , , , , , , , , , , , , , 
30.7774038, 0.0240024, , , , , , , 30.7774038, -0.0082246, , , , , , , 30.7774038, -0.0082246, , , , , , , 30.7774038, 0.0104067, , , , , , , , , , , , , , , , , , , , , , , , , , , , 
30.7779231, 0.027863, , , , , , , 30.7779231, -0.0062104, , , , , , , 30.7779231, -0.0082246, , , , , , , 30.7779231, 0.0078889, , , , , , , , , , , , , , , , , , , , , , , , , , , , 
30.7784423, 0.0307164, , , , , , , 30.7784423, -0.0046998, , , , , , , 30.7784423, -0.0097353, , , , , , , 30.7784423, 0.0077211, , , , , , , , , , , , , , , , , , , , , , , , , , , , 
30.7789615, 0.0359197, , , , , , , 30.7789615, -0.005539, , , , , , , 30.7789615, -0.0135958, , , , , , , 30.7789615, 0.0072175, , , , , , , , , , , , , , , , , , , , , , , , , , , , 
30.7794808, 0.0421302, , , , , , , 30.7794808, -0.0048676, , , , , , , 30.7794808, -0.0149386, , , , , , , 30.7794808, 0.0052033, , , , , , , , , , , , , , , , , , , , , , , , , , , , 
30.78, 0.0397803, , , , , , , 30.78, -0.0048676, , , , , , , 30.78, -0.012253, , , , , , , 30.78, 0.0052033, , , , , , , , , , , , , , , , , , , , , , , , , , , , 
30.7805192, 0.0340734, , , , , , , 30.7805192, -0.005539, , , , , , , 30.7805192, -0.0109102, , , , , , , 30.7805192, 0.0065461, , , , , , , , , , , , , , , , , , , , , , , , , , , , 
30.7810385, 0.0263523, , , , , , , 30.7810385, -0.005539, , , , , , , 30.7810385, -0.0117494, , , , , , , 30.7810385, 0.0065461, , , , , , , , , , , , , , , , , , , , , , , , , , , , 
30.7815577, 0.0164492, , , , , , , 30.7815577, -0.0075532, , , , , , , 30.7815577, -0.0129244, , , , , , , 30.7815577, 0.0038605, , , , , , , , , , , , , , , , , , , , , , , , , , , , 
30.7820769, 0.0119173, , , , , , , 30.7820769, -0.0095674, , , , , , , 30.7820769, -0.0115816, , , , , , , 30.7820769, 0.0005035, , , , , , , , , , , , , , , , , , , , , , , , , , , , 
30.7825962, 0.0119173, , , , , , , 30.7825962, -0.0078889, , , , , , , 30.7825962, -0.0120851, , , , , , , 30.7825962, -0.0001678, , , , , , , , , , , , , , , , , , , , , , , , , , , , 
30.7831154, 0.0125887, , , , , , , 30.7831154, -0.0078889, , , , , , , 30.7831154, -0.0146029, , , , , , , 30.7831154, -0.0035248, , , , , , , , , , , , , , , , , , , , , , , , , , , , 
30.7836346, 0.0203098, , , , , , , 30.7836346, -0.0092317, , , , , , , 30.7836346, -0.0149386, , , , , , , 30.7836346, -0.0146029, , , , , , , , , , , , , , , , , , , , , , , , , , , , 
30.7841538, 0.0354162, , , , , , , 30.7841538, -0.0092317, , , , , , , 30.7841538, -0.0129244, , , , , , , 30.7841538, -0.023331, , , , , , , , , , , , , , , , , , , , , , , , , , , , 
30.7846731, 0.0475013, , , , , , , 30.7846731, -0.008896, , , , , , , 30.7846731, -0.0135958, , , , , , , 30.7846731, -0.0236667, , , , , , , , , , , , , , , , , , , , , , , , , , , , 
30.7851923, 0.0508583, , , , , , , 30.7851923, -0.0092317, , , , , , , 30.7851923, -0.0152743, , , , , , , 30.7851923, -0.0246738, , , , , , , , , , , , , , , , , , , , , , , , , , , , 
30.7857115, 0.0488441, , , , , , , 30.7857115, -0.0075532, , , , , , , 30.7857115, -0.0149386, , , , , , , 30.7857115, -0.0260166, , , , , , , , , , , , , , , , , , , , , , , , , , , , 
30.7862308, 0.0438087, , , , , , , 30.7862308, -0.005539, , , , , , , 30.7862308, -0.0142672, , , , , , , 30.7862308, -0.0229953, , , , , , , , , , , , , , , , , , , , , , , , , , , , 
30.78675, 0.0364233, , , , , , , 30.78675, -0.0035248, , , , , , , 30.78675, -0.0119173, , , , , , , 30.78675, -0.0129244, , , , , , , , , , , , , , , , , , , , , , , , , , , , 
30.7872692, 0.0287022, , , , , , , 30.7872692, -0.0028534, , , , , , , 30.7872692, -0.0099031, , , , , , , 30.7872692, -0.0018463, , , , , , , , , , , , , , , , , , , , , , , , , , , , 
30.7877885, 0.0250095, , , , , , , 30.7877885, -0.002182, , , , , , , 30.7877885, -0.0075532, , , , , , , 30.7877885, 0.0045319, , , , , , , , , , , , , , , , , , , , , , , , , , , , 
30.7883077, 0.0240024, , , , , , , 30.7883077, -0.0008392, , , , , , , 30.7883077, -0.0062104, , , , , , , 30.7883077, 0.0078889, , , , , , , , , , , , , , , , , , , , , , , , , , , , 
30.7888269, 0.0193027, , , , , , , 30.7888269, -0.0023499, , , , , , , 30.7888269, -0.005539, , , , , , , 30.7888269, 0.0146029, , , , , , , , , , , , , , , , , , , , , , , , , , , , 
30.7893462, 0.0082246, , , , , , , 30.7893462, -0.0035248, , , , , , , 30.7893462, -0.0052033, , , , , , , 30.7893462, 0.0243381, , , , , , , , , , , , , , , , , , , , , , , , , , , , 
30.7898654, 0.0011749, , , , , , , 30.7898654, -0.0025177, , , , , , , 30.7898654, -0.0028534, , , , , , , 30.7898654, 0.033402, , , , , , , , , , , , , , , , , , , , , , , , , , , , 
30.7903846, 0.005539, , , , , , , 30.7903846, -0.0001678, , , , , , , 30.7903846, -0.0011749, , , , , , , 30.7903846, 0.0424659, , , , , , , , , , , , , , , , , , , , , , , , , , , , 
30.7909038, 0.0092317, , , , , , , 30.7909038, -0.0008392, , , , , , , 30.7909038, -0.0018463, , , , , , , 30.7909038, 0.0522011, , , , , , , , , , , , , , , , , , , , , , , , , , , , 
30.7914231, -0.0041962, , , , , , , 30.7914231, -0.0003357, , , , , , , 30.7914231, -0.0028534, , , , , , , 30.7914231, 0.0592508, , , , , , , , , , , , , , , , , , , , , , , , , , , , 
30.7919423, -0.0226596, , , , , , , 30.7919423, 0.0011749, , , , , , , 30.7919423, -0.0018463, , , , , , , 30.7919423, 0.0636149, , , , , , , , , , , , , , , , , , , , , , , , , , , , 
30.7924615, -0.0337377, , , , , , , 30.7924615, -0.0001678, , , , , , , 30.7924615, -0.0035248, , , , , , , 30.7924615, 0.0663005, , , , , , , , , , , , , , , , , , , , , , , , , , , , 
30.7929808, -0.0318914, , , , , , , 30.7929808, -0.0041962, , , , , , , 30.7929808, -0.0082246, , , , , , , 30.7929808, 0.0629435, , , , , , , , , , , , , , , , , , , , , , , , , , , , 
30.7935, -0.0213169, , , , , , , 30.7935, -0.0062104, , , , , , , 30.7935, -0.0092317, , , , , , , 30.7935, 0.0508583, , , , , , , , , , , , , , , , , , , , , , , , , , , , 
30.7940192, -0.0087282, , , , , , , 30.7940192, -0.0068818, , , , , , , 30.7940192, -0.0085603, , , , , , , 30.7940192, 0.036759, , , , , , , , , , , , , , , , , , , , , , , , , , , , 
30.7945385, 0.0065461, , , , , , , 30.7945385, -0.0075532, , , , , , , 30.7945385, -0.0097353, , , , , , , 30.7945385, 0.0287022, , , , , , , , , , , , , , , , , , , , , , , , , , , , 
30.7950577, 0.0219883, , , , , , , 30.7950577, -0.0075532, , , , , , , 30.7950577, -0.0099031, , , , , , , 30.7950577, 0.0229953, , , , , , , , , , , , , , , , , , , , , , , , , , , , 
30.7955769, 0.0297093, , , , , , , 30.7955769, -0.005539, , , , , , , 30.7955769, -0.0092317, , , , , , , 30.7955769, 0.0193027, , , , , , , , , , , , , , , , , , , , , , , , , , , , 
30.7960962, 0.0313878, , , , , , , 30.7960962, -0.0025177, , , , , , , 30.7960962, -0.0092317, , , , , , , 30.7960962, 0.0162814, , , , , , , , , , , , , , , , , , , , , , , , , , , , 
30.7966154, 0.0320592, , , , , , , 30.7966154, -0.002182, , , , , , , 30.7966154, -0.0105745, , , , , , , 30.7966154, 0.0139315, , , , , , , , , , , , , , , , , , , , , , , , , , , , 
30.7971346, 0.0347448, , , , , , , 30.7971346, -0.0048676, , , , , , , 30.7971346, -0.008896, , , , , , , 30.7971346, 0.0125887, , , , , , , , , , , , , , , , , , , , , , , , , , , , 
30.7976538, 0.0364233, , , , , , , 30.7976538, -0.0058747, , , , , , , 30.7976538, -0.0065461, , , , , , , 30.7976538, 0.0102388, , , , , , , , , , , , , , , , , , , , , , , , , , , , 
30.7981731, 0.0354162, , , , , , , 30.7981731, -0.0065461, , , , , , , 30.7981731, -0.0075532, , , , , , , 30.7981731, 0.0063783, , , , , , , , , , , , , , , , , , , , , , , , , , , , 
30.7986923, 0.0354162, , , , , , , 30.7986923, -0.008896, , , , , , , 30.7986923, -0.0087282, , , , , , , 30.7986923, 0.0045319, , , , , , , , , , , , , , , , , , , , , , , , , , , , 
30.7992115, 0.0344091, , , , , , , 30.7992115, -0.0109102, , , , , , , 30.7992115, -0.0075532, , , , , , , 30.7992115, 0.0045319, , , , , , , , , , , , , , , , , , , , , , , , , , , , 
30.7997308, 0.0276951, , , , , , , 30.7997308, -0.0125887, , , , , , , 30.7997308, -0.0065461, , , , , , , 30.7997308, 0.0035248, , , , , , , , , , , , , , , , , , , , , , , , , , , , 
30.80025, 0.0240024, , , , , , , 30.80025, -0.0125887, , , , , , , 30.80025, -0.0060426, , , , , , , 30.80025, 0.0035248, , , , , , , , , , , , , , , , , , , , , , , , , , , , 
30.8007692, 0.0330663, , , , , , , 30.8007692, -0.0129244, , , , , , , 30.8007692, -0.005539, , , , , , , 30.8007692, 0.0052033, , , , , , , , , , , , , , , , , , , , , , , , , , , , 
30.8012885, 0.0414588, , , , , , , 30.8012885, -0.0115816, , , , , , , 30.8012885, -0.0075532, , , , , , , 30.8012885, 0.0057069, , , , , , , , , , , , , , , , , , , , , , , , , , , , 
30.8018077, 0.0414588, , , , , , , 30.8018077, -0.0090639, , , , , , , 30.8018077, -0.008896, , , , , , , 30.8018077, 0.0045319, , , , , , , , , , , , , , , , , , , , , , , , , , , , 
30.8023269, 0.0357519, , , , , , , 30.8023269, -0.0082246, , , , , , , 30.8023269, -0.008896, , , , , , , 30.8023269, 0.005539, , , , , , , , , , , , , , , , , , , , , , , , , , , , 
30.8028462, 0.0243381, , , , , , , 30.8028462, -0.0090639, , , , , , , 30.8028462, -0.0078889, , , , , , , 30.8028462, 0.0018463, , , , , , , , , , , , , , , , , , , , , , , , , , , , 
30.8033654, 0.0172885, , , , , , , 30.8033654, -0.0102388, , , , , , , 30.8033654, -0.0072175, , , , , , , 30.8033654, -0.0119173, , , , , , , , , , , , , , , , , , , , , , , , , , , , 
30.8038846, 0.0159457, , , , , , , 30.8038846, -0.0095674, , , , , , , 30.8038846, -0.0070497, , , , , , , 30.8038846, -0.0243381, , , , , , , , , , , , , , , , , , , , , , , , , , , , 
30.8044038, 0.0169528, , , , , , , 30.8044038, -0.0082246, , , , , , , 30.8044038, -0.008896, , , , , , , 30.8044038, -0.0310521, , , , , , , , , , , , , , , , , , , , , , , , , , , , 
30.8049231, 0.01561, , , , , , , 30.8049231, -0.0075532, , , , , , , 30.8049231, -0.0078889, , , , , , , 30.8049231, -0.0330663, , , , , , , , , , , , , , , , , , , , , , , , , , , , 
30.8054423, 0.0132601, , , , , , , 30.8054423, -0.0068818, , , , , , , 30.8054423, -0.0048676, , , , , , , 30.8054423, -0.0327306, , , , , , , , , , , , , , , , , , , , , , , , , , , , 
30.8059615, 0.0166171, , , , , , , 30.8059615, -0.005539, , , , , , , 30.8059615, -0.0048676, , , , , , , 30.8059615, -0.0303807, , , , , , , , , , , , , , , , , , , , , , , , , , , , 
30.8064808, 0.0193027, , , , , , , 30.8064808, -0.0048676, , , , , , , 30.8064808, -0.0068818, , , , , , , 30.8064808, -0.0229953, , , , , , , , , , , , , , , , , , , , , , , , , , , , 
30.807, 0.0139315, , , , , , , 30.807, -0.0058747, , , , , , , 30.807, -0.0072175, , , , , , , 30.807, -0.0125887, , , , , , , , , , , , , , , , , , , , , , , , , , , , 
30.8075192, 0.008896, , , , , , , 30.8075192, -0.0083925, , , , , , , 30.8075192, -0.0068818, , , , , , , 30.8075192, -0.0016785, , , , , , , , , , , , , , , , , , , , , , , , , , , , 
30.8080385, 0.0135958, , , , , , , 30.8080385, -0.0099031, , , , , , , 30.8080385, -0.005539, , , , , , , 30.8080385, 0.0068818, , , , , , , , , , , , , , , , , , , , , , , , , , , , 
30.8085577, 0.0162814, , , , , , , 30.8085577, -0.0085603, , , , , , , 30.8085577, -0.0052033, , , , , , , 30.8085577, 0.0135958, , , , , , , , , , , , , , , , , , , , , , , , , , , , 
30.8090769, 0.0149386, , , , , , , 30.8090769, -0.0062104, , , , , , , 30.8090769, -0.0057069, , , , , , , 30.8090769, 0.0219883, , , , , , , , , , , , , , , , , , , , , , , , , , , , 
30.8095962, 0.0085603, , , , , , , 30.8095962, -0.0038605, , , , , , , 30.8095962, -0.0041962, , , , , , , 30.8095962, 0.0352483, , , , , , , , , , , , , , , , , , , , , , , , , , , , 
30.8101154, -0.0015106, , , , , , , 30.8101154, -0.0031891, , , , , , , 30.8101154, -0.0005035, , , , , , , 30.8101154, 0.047837, , , , , , , , , , , , , , , , , , , , , , , , , , , , 
30.8106346, -0.0065461, , , , , , , 30.8106346, -0.0030213, , , , , , , 30.8106346, 0.0016785, , , , , , , 30.8106346, 0.0575723, , , , , , , , , , , , , , , , , , , , , , , , , , , , 
30.8111538, -0.0115816, , , , , , , 30.8111538, -0.0016785, , , , , , , 30.8111538, 0.0031891, , , , , , , 30.8111538, 0.0622721, , , , , , , , , , , , , , , , , , , , , , , , , , , , 
30.8116731, -0.0226596, , , , , , , 30.8116731, 0.0005035, , , , , , , 30.8116731, 0.0041962, , , , , , , 30.8116731, 0.0629435, , , , , , , , , , , , , , , , , , , , , , , , , , , , 
30.8121923, -0.0330663, , , , , , , 30.8121923, -0.0001678, , , , , , , 30.8121923, 0.0031891, , , , , , , 30.8121923, 0.0642863, , , , , , , , , , , , , , , , , , , , , , , , , , , , 
30.8127115, -0.0384375, , , , , , , 30.8127115, -0.0016785, , , , , , , 30.8127115, -0.0008392, , , , , , , 30.8127115, 0.0656291, , , , , , , , , , , , , , , , , , , , , , , , , , , , 
30.8132308, -0.0337377, , , , , , , 30.8132308, -0.0030213, , , , , , , 30.8132308, -0.002182, , , , , , , 30.8132308, 0.0589151, , , , , , , , , , , , , , , , , , , , , , , , , , , , 
30.81375, -0.018967, , , , , , , 30.81375, -0.0072175, , , , , , , 30.81375, -0.002182, , , , , , , 30.81375, 0.0448157, , , , , , , , , , , , , , , , , , , , , , , , , , , , 
30.8142692, -0.0041962, , , , , , , 30.8142692, -0.0105745, , , , , , , 30.8142692, -0.0025177, , , , , , , 30.8142692, 0.0354162, , , , , , , , , , , , , , , , , , , , , , , , , , , , 
30.8147885, 0.0095674, , , , , , , 30.8147885, -0.0115816, , , , , , , 30.8147885, -0.0018463, , , , , , , 30.8147885, 0.0280308, , , , , , , , , , , , , , , , , , , , , , , , , , , , 
30.8153077, 0.0204776, , , , , , , 30.8153077, -0.0112459, , , , , , , 30.8153077, -0.0045319, , , , , , , 30.8153077, 0.0219883, , , , , , , , , , , , , , , , , , , , , , , , , , , , 
30.8158269, 0.0260166, , , , , , , 30.8158269, -0.0117494, , , , , , , 30.8158269, -0.0068818, , , , , , , 30.8158269, 0.0199741, , , , , , , , , , , , , , , , , , , , , , , , , , , , 
30.8163462, 0.0260166, , , , , , , 30.8163462, -0.0129244, , , , , , , 30.8163462, -0.0065461, , , , , , , 30.8163462, 0.0169528, , , , , , , , , , , , , , , , , , , , , , , , , , , , 
30.8168654, 0.0260166, , , , , , , 30.8168654, -0.0132601, , , , , , , 30.8168654, -0.005539, , , , , , , 30.8168654, 0.0115816, , , , , , , , , , , , , , , , , , , , , , , , , , , , 
30.8173846, 0.0276951, , , , , , , 30.8173846, -0.0142672, , , , , , , 30.8173846, -0.005539, , , , , , , 30.8173846, 0.0075532, , , , , , , , , , , , , , , , , , , , , , , , , , , , 
30.8179038, 0.0280308, , , , , , , 30.8179038, -0.0139315, , , , , , , 30.8179038, -0.0068818, , , , , , , 30.8179038, 0.0031891, , , , , , , , , , , , , , , , , , , , , , , , , , , , 
30.8184231, 0.023331, , , , , , , 30.8184231, -0.0115816, , , , , , , 30.8184231, -0.0083925, , , , , , , 30.8184231, 0.0026856, , , , , , , , , , , , , , , , , , , , , , , , , , , , 
30.8189423, 0.01561, , , , , , , 30.8189423, -0.0102388, , , , , , , 30.8189423, -0.0102388, , , , , , , 30.8189423, 0.0062104, , , , , , , , , , , , , , , , , , , , , , , , , , , , 
30.8194615, 0.0125887, , , , , , , 30.8194615, -0.0105745, , , , , , , 30.8194615, -0.0119173, , , , , , , 30.8194615, 0.0078889, , , , , , , , , , , , , , , , , , , , , , , , , , , , 
30.8199808, 0.0193027, , , , , , , 30.8199808, -0.0114137, , , , , , , 30.8199808, -0.012253, , , , , , , 30.8199808, 0.005539, , , , , , , , , , , , , , , , , , , , , , , , , , , , 
30.8205, 0.0283665, , , , , , , 30.8205, -0.0117494, , , , , , , 30.8205, -0.0115816, , , , , , , 30.8205, 0.0011749, , , , , , , , , , , , , , , , , , , , , , , , , , , , 
30.8210192, 0.0328985, , , , , , , 30.8210192, -0.0124208, , , , , , , 30.8210192, -0.012253, , , , , , , 30.8210192, -0.0025177, , , , , , , , , , , , , , , , , , , , , , , , , , , , 
30.8215385, 0.0360876, , , , , , , 30.8215385, -0.0117494, , , , , , , 30.8215385, -0.0102388, , , , , , , 30.8215385, -0.0031891, , , , , , , , , , , , , , , , , , , , , , , , , , , , 
30.8220577, 0.0428016, , , , , , , 30.8220577, -0.0109102, , , , , , , 30.8220577, -0.0095674, , , , , , , 30.8220577, -0.0035248, , , , , , , , , , , , , , , , , , , , , , , , , , , , 
30.8225769, 0.0508583, , , , , , , 30.8225769, -0.0129244, , , , , , , 30.8225769, -0.012253, , , , , , , 30.8225769, -0.0048676, , , , , , , , , , , , , , , , , , , , , , , , , , , , 
30.8230962, 0.0555581, , , , , , , 30.8230962, -0.01561, , , , , , , 30.8230962, -0.01561, , , , , , , 30.8230962, -0.0095674, , , , , , , , , , , , , , , , , , , , , , , , , , , , 
30.8236154, 0.0616007, , , , , , , 30.8236154, -0.0152743, , , , , , , 30.8236154, -0.0152743, , , , , , , 30.8236154, -0.0179599, , , , , , , , , , , , , , , , , , , , , , , , , , , , 
30.8241346, 0.0669718, , , , , , , 30.8241346, -0.0146029, , , , , , , 30.8241346, -0.0142672, , , , , , , 30.8241346, -0.0246738, , , , , , , , , , , , , , , , , , , , , , , , , , , , 
30.8246538, 0.0636149, , , , , , , 30.8246538, -0.0149386, , , , , , , 30.8246538, -0.0154421, , , , , , , 30.8246538, -0.0273594, , , , , , , , , , , , , , , , , , , , , , , , , , , , 
30.8251731, 0.0508583, , , , , , , 30.8251731, -0.0135958, , , , , , , 30.8251731, -0.0182956, , , , , , , 30.8251731, -0.0273594, , , , , , , , , , , , , , , , , , , , , , , , , , , , 
30.8256923, 0.0345769, , , , , , , 30.8256923, -0.0099031, , , , , , , 30.8256923, -0.0204776, , , , , , , 30.8256923, -0.0236667, , , , , , , , , , , , , , , , , , , , , , , , , , , , 
30.8262115, 0.0203098, , , , , , , 30.8262115, -0.0068818, , , , , , , 30.8262115, -0.0209812, , , , , , , 30.8262115, -0.0199741, , , , , , , , , , , , , , , , , , , , , , , , , , , , 
30.8267308, 0.0112459, , , , , , , 30.8267308, -0.0028534, , , , , , , 30.8267308, -0.0203098, , , , , , , 30.8267308, -0.0146029, , , , , , , , , , , , , , , , , , , , , , , , , , , , 
30.82725, 0.0011749, , , , , , , 30.82725, -0.0005035, , , , , , , 30.82725, -0.0164492, , , , , , , 30.82725, -0.0052033, , , , , , , , , , , , , , , , , , , , , , , , , , , , 
30.8277692, -0.0152743, , , , , , , 30.8277692, 0.0010071, , , , , , , 30.8277692, -0.0105745, , , , , , , 30.8277692, 0.0052033, , , , , , , , , , , , , , , , , , , , , , , , , , , , 
30.8282885, -0.0344091, , , , , , , 30.8282885, 0.0025177, , , , , , , 30.8282885, -0.008896, , , , , , , 30.8282885, 0.0112459, , , , , , , , , , , , , , , , , , , , , , , , , , , , 
30.8288077, -0.0508583, , , , , , , 30.8288077, 0.0025177, , , , , , , 30.8288077, -0.0109102, , , , , , , 30.8288077, 0.0166171, , , , , , , , , , , , , , , , , , , , , , , , , , , , 
30.8293269, -0.054551, , , , , , , 30.8293269, 0.0011749, , , , , , , 30.8293269, -0.0095674, , , , , , , 30.8293269, 0.0260166, , , , , , , , , , , , , , , , , , , , , , , , , , , , 
30.8298462, -0.0485084, , , , , , , 30.8298462, 0.0011749, , , , , , , 30.8298462, -0.0070497, , , , , , , 30.8298462, 0.0381018, , , , , , , , , , , , , , , , , , , , , , , , , , , , 
30.8303654, -0.0377661, , , , , , , 30.8303654, 0.0036927, , , , , , , 30.8303654, -0.005539, , , , , , , 30.8303654, 0.0475013, , , , , , , , , , , , , , , , , , , , , , , , , , , , 
30.8308846, -0.0216526, , , , , , , 30.8308846, 0.0048676, , , , , , , 30.8308846, -0.0058747, , , , , , , 30.8308846, 0.0562295, , , , , , , , , , , , , , , , , , , , , , , , , , , , 
30.8314038, -0.0052033, , , , , , , 30.8314038, 0.0046998, , , , , , , 30.8314038, -0.0038605, , , , , , , 30.8314038, 0.0622721, , , , , , , , , , , , , , , , , , , , , , , , , , , , 
30.8319231, 0.0077211, , , , , , , 30.8319231, 0.0052033, , , , , , , 30.8319231, -0.0015106, , , , , , , 30.8319231, 0.0676432, , , , , , , , , , , , , , , , , , , , , , , , , , , , 
30.8324423, 0.0048676, , , , , , , 30.8324423, 0.0057069, , , , , , , 30.8324423, -0.0018463, , , , , , , 30.8324423, 0.070161, , , , , , , , , , , , , , , , , , , , , , , , , , , , 
30.8329615, -0.0058747, , , , , , , 30.8329615, 0.0038605, , , , , , , 30.8329615, -0.0031891, , , , , , , 30.8329615, 0.0666361, , , , , , , , , , , , , , , , , , , , , , , , , , , , 
30.8334808, -0.0142672, , , , , , , 30.8334808, -0.0001678, , , , , , , 30.8334808, -0.0043641, , , , , , , 30.8334808, 0.0558938, , , , , , , , , , , , , , , , , , , , , , , , , , , , 
30.834, -0.014435, , , , , , , 30.834, -0.0057069, , , , , , , 30.834, -0.0041962, , , , , , , 30.834, 0.0428016, , , , , , , , , , , , , , , , , , , , , , , , , , , , 
30.8345192, -0.0082246, , , , , , , 30.8345192, -0.0139315, , , , , , , 30.8345192, -0.0031891, , , , , , , 30.8345192, 0.0320592, , , , , , , , , , , , , , , , , , , , , , , , , , , , 
30.8350385, -0.0025177, , , , , , , 30.8350385, -0.0193027, , , , , , , 30.8350385, -0.0036927, , , , , , , 30.8350385, 0.0276951, , , , , , , , , , , , , , , , , , , , , , , , , , , , 
30.8355577, 0.0001678, , , , , , , 30.8355577, -0.018967, , , , , , , 30.8355577, -0.0050355, , , , , , , 30.8355577, 0.0243381, , , , , , , , , , , , , , , , , , , , , , , , , , , , 
30.8360769, 0.0043641, , , , , , , 30.8360769, -0.0162814, , , , , , , 30.8360769, -0.005539, , , , , , , 30.8360769, 0.0186313, , , , , , , , , , , , , , , , , , , , , , , , , , , , 
30.8365962, 0.0130922, , , , , , , 30.8365962, -0.0159457, , , , , , , 30.8365962, -0.0048676, , , , , , , 30.8365962, 0.0132601, , , , , , , , , , , , , , , , , , , , , , , , , , , , 
30.8371154, 0.0218204, , , , , , , 30.8371154, -0.0164492, , , , , , , 30.8371154, -0.0048676, , , , , , , 30.8371154, 0.0095674, , , , , , , , , , , , , , , , , , , , , , , , , , , , 
30.8376346, 0.0236667, , , , , , , 30.8376346, -0.0151064, , , , , , , 30.8376346, -0.0068818, , , , , , , 30.8376346, 0.0068818, , , , , , , , , , , , , , , , , , , , , , , , , , , , 
30.8381538, 0.0213169, , , , , , , 30.8381538, -0.0068818, , , , , , , 30.8381538, -0.0075532, , , , , , , 30.8381538, 0.0052033, , , , , , , , , , , , , , , , , , , , , , , , , , , , 
30.8386731, 0.0209812, , , , , , , 30.8386731, 0.0003357, , , , , , , 30.8386731, -0.0063783, , , , , , , 30.8386731, 0.0038605, , , , , , , , , , , , , , , , , , , , , , , , , , , , 
30.8391923, 0.0270237, , , , , , , 30.8391923, -0.0043641, , , , , , , 30.8391923, -0.0063783, , , , , , , 30.8391923, 0.0038605, , , , , , , , , , , , , , , , , , , , , , , , , , , , 
30.8397115, 0.0407874, , , , , , , 30.8397115, -0.0149386, , , , , , , 30.8397115, -0.0078889, , , , , , , 30.8397115, 0.0035248, , , , , , , , , , , , , , , , , , , , , , , , , , , , 
30.8402308, 0.0562295, , , , , , , 30.8402308, -0.0199741, , , , , , , 30.8402308, -0.0082246, , , , , , , 30.8402308, 0.002182, , , , , , , , , , , , , , , , , , , , , , , , , , , , 
30.84075, 0.0629435, , , , , , , 30.84075, -0.014435, , , , , , , 30.84075, -0.0082246, , , , , , , 30.84075, 0.0011749, , , , , , , , , , , , , , , , , , , , , , , , , , , , 
30.8412692, 0.0570687, , , , , , , 30.8412692, -0.0065461, , , , , , , 30.8412692, -0.0085603, , , , , , , 30.8412692, -0.0016785, , , , , , , , , , , , , , , , , , , , , , , , , , , , 
30.8417885, 0.0468299, , , , , , , 30.8417885, -0.0112459, , , , , , , 30.8417885, -0.0090639, , , , , , , 30.8417885, -0.0030213, , , , , , , , , , , , , , , , , , , , , , , , , , , , 
30.8423077, 0.0330663, , , , , , , 30.8423077, -0.0226596, , , , , , , 30.8423077, -0.012253, , , , , , , 30.8423077, -0.0031891, , , , , , , , , , , , , , , , , , , , , , , , , , , , 
30.8428269, 0.0250095, , , , , , , 30.8428269, -0.0251774, , , , , , , 30.8428269, -0.0154421, , , , , , , 30.8428269, -0.008896, , , , , , , , , , , , , , , , , , , , , , , , , , , , 
30.8433462, 0.0270237, , , , , , , 30.8433462, -0.0226596, , , , , , , 30.8433462, -0.0166171, , , , , , , 30.8433462, -0.0216526, , , , , , , , , , , , , , , , , , , , , , , , , , , , 
30.8438654, 0.0307164, , , , , , , 30.8438654, -0.018967, , , , , , , 30.8438654, -0.01561, , , , , , , 30.8438654, -0.0323949, , , , , , , , , , , , , , , , , , , , , , , , , , , , 
30.8443846, 0.0307164, , , , , , , 30.8443846, -0.0186313, , , , , , , 30.8443846, -0.0149386, , , , , , , 30.8443846, -0.0359197, , , , , , , , , , , , , , , , , , , , , , , , , , , , 
30.8449038, 0.0243381, , , , , , , 30.8449038, -0.0176242, , , , , , , 30.8449038, -0.0149386, , , , , , , 30.8449038, -0.0374304, , , , , , , , , , , , , , , , , , , , , , , , , , , , 
30.8454231, 0.0129244, , , , , , , 30.8454231, -0.0142672, , , , , , , 30.8454231, -0.0142672, , , , , , , 30.8454231, -0.0360876, , , , , , , , , , , , , , , , , , , , , , , , , , , , 
30.8459423, 0.0070497, , , , , , , 30.8459423, -0.0104067, , , , , , , 30.8459423, -0.012253, , , , , , , 30.8459423, -0.0340734, , , , , , , , , , , , , , , , , , , , , , , , , , , , 
30.8464615, 0.0052033, , , , , , , 30.8464615, -0.0068818, , , , , , , 30.8464615, -0.0105745, , , , , , , 30.8464615, -0.0283665, , , , , , , , , , , , , , , , , , , , , , , , , , , , 
30.8469808, 0.0092317, , , , , , , 30.8469808, -0.0041962, , , , , , , 30.8469808, -0.008896, , , , , , , 30.8469808, -0.0166171, , , , , , , , , , , , , , , , , , , , , , , , , , , , 
30.8475, 0.0166171, , , , , , , 30.8475, -0.0035248, , , , , , , 30.8475, -0.0068818, , , , , , , 30.8475, -0.0057069, , , , , , , , , , , , , , , , , , , , , , , , , , , , 
30.8480192, 0.0186313, , , , , , , 30.8480192, -0.002182, , , , , , , 30.8480192, -0.005539, , , , , , , 30.8480192, 0.0038605, , , , , , , , , , , , , , , , , , , , , , , , , , , , 
30.8485385, 0.0105745, , , , , , , 30.8485385, -0.0008392, , , , , , , 30.8485385, -0.0048676, , , , , , , 30.8485385, 0.0099031, , , , , , , , , , , , , , , , , , , , , , , , , , , , 
30.8490577, 0.0015106, , , , , , , 30.8490577, -0.0001678, , , , , , , 30.8490577, -0.0045319, , , , , , , 30.8490577, 0.0169528, , , , , , , , , , , , , , , , , , , , , , , , , , , , 
30.8495769, 0.0005035, , , , , , , 30.8495769, -0.0008392, , , , , , , 30.8495769, -0.003357, , , , , , , 30.8495769, 0.0287022, , , , , , , , , , , , , , , , , , , , , , , , , , , , 
30.8500962, -0.0041962, , , , , , , 30.8500962, -0.0008392, , , , , , , 30.8500962, -0.0018463, , , , , , , 30.8500962, 0.0417945, , , , , , , , , , , , , , , , , , , , , , , , , , , , 
30.8506154, -0.0142672, , , , , , , 30.8506154, -0.0005035, , , , , , , 30.8506154, -0.0008392, , , , , , , 30.8506154, 0.0506905, , , , , , , , , , , , , , , , , , , , , , , , , , , , 
30.8511346, -0.0186313, , , , , , , 30.8511346, -0.0001678, , , , , , , 30.8511346, -0.0015106, , , , , , , 30.8511346, 0.0575723, , , , , , , , , , , , , , , , , , , , , , , , , , , , 
30.8516538, -0.0125887, , , , , , , 30.8516538, -0.0008392, , , , , , , 30.8516538, -0.0018463, , , , , , , 30.8516538, 0.0629435, , , , , , , , , , , , , , , , , , , , , , , , , , , , 
30.8521731, -0.0075532, , , , , , , 30.8521731, -0.0018463, , , , , , , 30.8521731, -0.002182, , , , , , , 30.8521731, 0.0683146, , , , , , , , , , , , , , , , , , , , , , , , , , , , 
30.8526923, -0.0068818, , , , , , , 30.8526923, -0.0028534, , , , , , , 30.8526923, -0.0005035, , , , , , , 30.8526923, 0.0699931, , , , , , , , , , , , , , , , , , , , , , , , , , , , 
30.8532115, -0.002182, , , , , , , 30.8532115, -0.0035248, , , , , , , 30.8532115, 0.0003357, , , , , , , 30.8532115, 0.0639506, , , , , , , , , , , , , , , , , , , , , , , , , , , , 
30.8537308, 0.0025177, , , , , , , 30.8537308, -0.0058747, , , , , , , 30.8537308, 0.0011749, , , , , , , 30.8537308, 0.0528725, , , , , , , , , , , , , , , , , , , , , , , , , , , , 
30.85425, 0.0060426, , , , , , , 30.85425, -0.008896, , , , , , , 30.85425, 0.0005035, , , , , , , 30.85425, 0.0428016, , , , , , , , , , , , , , , , , , , , , , , , , , , , 
30.8547692, 0.0092317, , , , , , , 30.8547692, -0.0095674, , , , , , , 30.8547692, -0.0008392, , , , , , , 30.8547692, 0.0360876, , , , , , , , , , , , , , , , , , , , , , , , , , , , 
30.8552885, 0.0146029, , , , , , , 30.8552885, -0.0077211, , , , , , , 30.8552885, -0.0003357, , , , , , , 30.8552885, 0.0298772, , , , , , , , , , , , , , , , , , , , , , , , , , , , 
30.8558077, 0.0186313, , , , , , , 30.8558077, -0.0062104, , , , , , , 30.8558077, -0.0016785, , , , , , , 30.8558077, 0.0270237, , , , , , , , , , , , , , , , , , , , , , , , , , , , 
30.8563269, 0.0193027, , , , , , , 30.8563269, -0.0072175, , , , , , , 30.8563269, -0.0058747, , , , , , , 30.8563269, 0.0240024, , , , , , , , , , , , , , , , , , , , , , , , , , , , 
30.8568462, 0.0219883, , , , , , , 30.8568462, -0.0073854, , , , , , , 30.8568462, -0.0075532, , , , , , , 30.8568462, 0.018967, , , , , , , , , , , , , , , , , , , , , , , , , , , , 
30.8573654, 0.0260166, , , , , , , 30.8573654, -0.0075532, , , , , , , 30.8573654, -0.0068818, , , , , , , 30.8573654, 0.0142672, , , , , , , , , , , , , , , , , , , , , , , , , , , , 
30.8578846, 0.0270237, , , , , , , 30.8578846, -0.0075532, , , , , , , 30.8578846, -0.0082246, , , , , , , 30.8578846, 0.0125887, , , , , , , , , , , , , , , , , , , , , , , , , , , , 
30.8584038, 0.0263523, , , , , , , 30.8584038, -0.0077211, , , , , , , 30.8584038, -0.0109102, , , , , , , 30.8584038, 0.0104067, , , , , , , , , , , , , , , , , , , , , , , , , , , , 
30.8589231, 0.0240024, , , , , , , 30.8589231, -0.0090639, , , , , , , 30.8589231, -0.0119173, , , , , , , 30.8589231, 0.0078889, , , , , , , , , , , , , , , , , , , , , , , , , , , , 
30.8594423, 0.0226596, , , , , , , 30.8594423, -0.0099031, , , , , , , 30.8594423, -0.0112459, , , , , , , 30.8594423, 0.005539, , , , , , , , , , , , , , , , , , , , , , , , , , , , 
30.8599615, 0.0243381, , , , , , , 30.8599615, -0.008896, , , , , , , 30.8599615, -0.0109102, , , , , , , 30.8599615, 0.0035248, , , , , , , , , , , , , , , , , , , , , , , , , , , , 
30.8604808, 0.0250095, , , , , , , 30.8604808, -0.0060426, , , , , , , 30.8604808, -0.0102388, , , , , , , 30.8604808, 0.0011749, , , , , , , , , , , , , , , , , , , , , , , , , , , , 
30.861, 0.023331, , , , , , , 30.861, -0.0041962, , , , , , , 30.861, -0.0090639, , , , , , , 30.861, -0.0005035, , , , , , , , , , , , , , , , , , , , , , , , , , , , 
30.8615192, 0.0193027, , , , , , , 30.8615192, -0.0068818, , , , , , , 30.8615192, -0.0097353, , , , , , , 30.8615192, -0.0011749, , , , , , , , , , , , , , , , , , , , , , , , , , , , 
30.8620385, 0.0149386, , , , , , , 30.8620385, -0.0097353, , , , , , , 30.8620385, -0.0117494, , , , , , , 30.8620385, -0.0001678, , , , , , , , , , , , , , , , , , , , , , , , , , , , 
30.8625577, 0.0045319, , , , , , , 30.8625577, -0.0109102, , , , , , , 30.8625577, -0.0115816, , , , , , , 30.8625577, -0.0028534, , , , , , , , , , , , , , , , , , , , , , , , , , , , 
30.8630769, -0.0062104, , , , , , , 30.8630769, -0.0124208, , , , , , , 30.8630769, -0.0130922, , , , , , , 30.8630769, -0.0132601, , , , , , , , , , , , , , , , , , , , , , , , , , , , 
30.8635962, -0.0068818, , , , , , , 30.8635962, -0.0135958, , , , , , , 30.8635962, -0.01561, , , , , , , 30.8635962, -0.0256809, , , , , , , , , , , , , , , , , , , , , , , , , , , , 
30.8641154, 0.0058747, , , , , , , 30.8641154, -0.0119173, , , , , , , 30.8641154, -0.0176242, , , , , , , 30.8641154, -0.0330663, , , , , , , , , , , , , , , , , , , , , , , , , , , , 
30.8646346, 0.0218204, , , , , , , 30.8646346, -0.0082246, , , , , , , 30.8646346, -0.0169528, , , , , , , 30.8646346, -0.0350805, , , , , , , , , , , , , , , , , , , , , , , , , , , , 
30.8651538, 0.0374304, , , , , , , 30.8651538, -0.0057069, , , , , , , 30.8651538, -0.0151064, , , , , , , 30.8651538, -0.0347448, , , , , , , , , , , , , , , , , , , , , , , , , , , , 
30.8656731, 0.0466621, , , , , , , 30.8656731, -0.0041962, , , , , , , 30.8656731, -0.0146029, , , , , , , 30.8656731, -0.0332341, , , , , , , , , , , , , , , , , , , , , , , , , , , , 
30.8661923, 0.0458228, , , , , , , 30.8661923, -0.0031891, , , , , , , 30.8661923, -0.0135958, , , , , , , 30.8661923, -0.0303807, , , , , , , , , , , , , , , , , , , , , , , , , , , , 
30.8667115, 0.0431373, , , , , , , 30.8667115, -0.0031891, , , , , , , 30.8667115, -0.0119173, , , , , , , 30.8667115, -0.0248417, , , , , , , , , , , , , , , , , , , , , , , , , , , , 
30.8672308, 0.0391089, , , , , , , 30.8672308, -0.002182, , , , , , , 30.8672308, -0.0115816, , , , , , , 30.8672308, -0.0142672, , , , , , , , , , , , , , , , , , , , , , , , , , , , 
30.86775, 0.0307164, , , , , , , 30.86775, 0.0008392, , , , , , , 30.86775, -0.0109102, , , , , , , 30.86775, -0.0028534, , , , , , , , , , , , , , , , , , , , , , , , , , , , 
30.8682692, 0.0240024, , , , , , , 30.8682692, 0.0041962, , , , , , , 30.8682692, -0.0085603, , , , , , , 30.8682692, 0.0052033, , , , , , , , , , , , , , , , , , , , , , , , , , , , 
30.8687885, 0.023331, , , , , , , 30.8687885, 0.0085603, , , , , , , 30.8687885, -0.0043641, , , , , , , 30.8687885, 0.0119173, , , , , , , , , , , , , , , , , , , , , , , , , , , , 
30.8693077, 0.0219883, , , , , , , 30.8693077, 0.0105745, , , , , , , 30.8693077, -0.0015106, , , , , , , 30.8693077, 0.0216526, , , , , , , , , , , , , , , , , , , , , , , , , , , , 
30.8698269, 0.0146029, , , , , , , 30.8698269, 0.0090639, , , , , , , 30.8698269, -0.0001678, , , , , , , 30.8698269, 0.0317235, , , , , , , , , , , , , , , , , , , , , , , , , , , , 
30.8703462, 0.0025177, , , , , , , 30.8703462, 0.0052033, , , , , , , 30.8703462, -0.0005035, , , , , , , 30.8703462, 0.040116, , , , , , , , , , , , , , , , , , , , , , , , , , , , 
30.8708654, -0.0104067, , , , , , , 30.8708654, 0.0001678, , , , , , , 30.8708654, -0.0001678, , , , , , , 30.8708654, 0.0501869, , , , , , , , , , , , , , , , , , , , , , , , , , , , 
30.8713846, -0.0203098, , , , , , , 30.8713846, -0.0063783, , , , , , , 30.8713846, 0.0005035, , , , , , , 30.8713846, 0.0585794, , , , , , , , , , , , , , , , , , , , , , , , , , , , 
30.8719038, -0.0203098, , , , , , , 30.8719038, -0.0135958, , , , , , , 30.8719038, 0.0001678, , , , , , , 30.8719038, 0.0599222, , , , , , , , , , , , , , , , , , , , , , , , , , , , 
30.8724231, -0.0176242, , , , , , , 30.8724231, -0.0199741, , , , , , , 30.8724231, -0.0001678, , , , , , , 30.8724231, 0.0575723, , , , , , , , , , , , , , , , , , , , , , , , , , , , 
30.8729423, -0.0164492, , , , , , , 30.8729423, -0.0224918, , , , , , , 30.8729423, -0.0015106, , , , , , , 30.8729423, 0.0522011, , , , , , , , , , , , , , , , , , , , , , , , , , , , 
30.8734615, -0.0159457, , , , , , , 30.8734615, -0.0231632, , , , , , , 30.8734615, -0.0036927, , , , , , , 30.8734615, 0.0441444, , , , , , , , , , , , , , , , , , , , , , , , , , , , 
30.8739808, -0.0182956, , , , , , , 30.8739808, -0.0218204, , , , , , , 30.8739808, -0.0065461, , , , , , , 30.8739808, 0.036759, , , , , , , , , , , , , , , , , , , , , , , , , , , , 
30.8745, -0.0229953, , , , , , , 30.8745, -0.0193027, , , , , , , 30.8745, -0.0072175, , , , , , , 30.8745, 0.030045, , , , , , , , , , , , , , , , , , , , , , , , , , , , 
30.8750192, -0.0243381, , , , , , , 30.8750192, -0.0146029, , , , , , , 30.8750192, -0.0078889, , , , , , , 30.8750192, 0.0251774, , , , , , , , , , , , , , , , , , , , , , , , , , , , 
30.8755385, -0.023331, , , , , , , 30.8755385, -0.011078, , , , , , , 30.8755385, -0.0077211, , , , , , , 30.8755385, 0.0203098, , , , , , , , , , , , , , , , , , , , , , , , , , , , 
30.8760577, -0.0243381, , , , , , , 30.8760577, -0.0095674, , , , , , , 30.8760577, -0.0078889, , , , , , , 30.8760577, 0.0125887, , , , , , , , , , , , , , , , , , , , , , , , , , , , 
30.8765769, -0.0219883, , , , , , , 30.8765769, -0.0077211, , , , , , , 30.8765769, -0.0083925, , , , , , , 30.8765769, 0.0075532, , , , , , , , , , , , , , , , , , , , , , , , , , , , 
30.8770962, -0.0112459, , , , , , , 30.8770962, -0.0082246, , , , , , , 30.8770962, -0.0092317, , , , , , , 30.8770962, 0.0068818, , , , , , , , , , , , , , , , , , , , , , , , , , , , 
30.8776154, -0.0016785, , , , , , , 30.8776154, -0.0095674, , , , , , , 30.8776154, -0.0085603, , , , , , , 30.8776154, 0.0041962, , , , , , , , , , , , , , , , , , , , , , , , , , , , 
30.8781346, 0.0072175, , , , , , , 30.8781346, -0.0109102, , , , , , , 30.8781346, -0.0082246, , , , , , , 30.8781346, 0.0011749, , , , , , , , , , , , , , , , , , , , , , , , , , , , 
30.8786538, 0.0151064, , , , , , , 30.8786538, -0.0132601, , , , , , , 30.8786538, -0.0085603, , , , , , , 30.8786538, -0.0010071, , , , , , , , , , , , , , , , , , , , , , , , , , , , 
30.8791731, 0.0320592, , , , , , , 30.8791731, -0.0129244, , , , , , , 30.8791731, -0.0102388, , , , , , , 30.8791731, -0.0028534, , , , , , , , , , , , , , , , , , , , , , , , , , , , 
30.8796923, 0.0572366, , , , , , , 30.8796923, -0.0105745, , , , , , , 30.8796923, -0.0115816, , , , , , , 30.8796923, -0.0028534, , , , , , , , , , , , , , , , , , , , , , , , , , , , 
30.8802115, 0.0750286, , , , , , , 30.8802115, -0.0068818, , , , , , , 30.8802115, -0.0127565, , , , , , , 30.8802115, -0.0041962, , , , , , , , , , , , , , , , , , , , , , , , , , , , 
30.8807308, 0.0770428, , , , , , , 30.8807308, -0.0041962, , , , , , , 30.8807308, -0.0135958, , , , , , , 30.8807308, -0.0062104, , , , , , , , , , , , , , , , , , , , , , , , , , , , 
30.88125, 0.072343, , , , , , , 30.88125, -0.0018463, , , , , , , 30.88125, -0.0129244, , , , , , , 30.88125, -0.0063783, , , , , , , , , , , , , , , , , , , , , , , , , , , , 
30.8817692, 0.0647898, , , , , , , 30.8817692, 0.0010071, , , , , , , 30.8817692, -0.0115816, , , , , , , 30.8817692, -0.0041962, , , , , , , , , , , , , , , , , , , , , , , , , , , , 
30.8822885, 0.0513619, , , , , , , 30.8822885, 0.0018463, , , , , , , 30.8822885, -0.0112459, , , , , , , 30.8822885, -0.0043641, , , , , , , , , , , , , , , , , , , , , , , , , , , , 
30.8828077, 0.0352483, , , , , , , 30.8828077, -0.0035248, , , , , , , 30.8828077, -0.0115816, , , , , , , 30.8828077, -0.0105745, , , , , , , , , , , , , , , , , , , , , , , , , , , , 
30.8833269, 0.0290379, , , , , , , 30.8833269, -0.0090639, , , , , , , 30.8833269, -0.0132601, , , , , , , 30.8833269, -0.0199741, , , , , , , , , , , , , , , , , , , , , , , , , , , , 
30.8838462, 0.0315557, , , , , , , 30.8838462, -0.0125887, , , , , , , 30.8838462, -0.0149386, , , , , , , 30.8838462, -0.0256809, , , , , , , , , , , , , , , , , , , , , , , , , , , , 
30.8843654, 0.0354162, , , , , , , 30.8843654, -0.0176242, , , , , , , 30.8843654, -0.0149386, , , , , , , 30.8843654, -0.0271916, , , , , , , , , , , , , , , , , , , , , , , , , , , , 
30.8848846, 0.0392767, , , , , , , 30.8848846, -0.0203098, , , , , , , 30.8848846, -0.0129244, , , , , , , 30.8848846, -0.0270237, , , , , , , , , , , , , , , , , , , , , , , , , , , , 
30.8854038, 0.0421302, , , , , , , 30.8854038, -0.0216526, , , , , , , 30.8854038, -0.012253, , , , , , , 30.8854038, -0.0283665, , , , , , , , , , , , , , , , , , , , , , , , , , , , 
30.8859231, 0.0365911, , , , , , , 30.8859231, -0.0203098, , , , , , , 30.8859231, -0.0125887, , , , , , , 30.8859231, -0.0260166, , , , , , , , , , , , , , , , , , , , , , , , , , , , 
30.8864423, 0.0276951, , , , , , , 30.8864423, -0.0159457, , , , , , , 30.8864423, -0.0119173, , , , , , , 30.8864423, -0.018967, , , , , , , , , , , , , , , , , , , , , , , , , , , , 
30.8869615, 0.0219883, , , , , , , 30.8869615, -0.0095674, , , , , , , 30.8869615, -0.0095674, , , , , , , 30.8869615, -0.0082246, , , , , , , , , , , , , , , , , , , , , , , , , , , , 
30.8874808, 0.0198062, , , , , , , 30.8874808, -0.0028534, , , , , , , 30.8874808, -0.0078889, , , , , , , 30.8874808, 0.0018463, , , , , , , , , , , , , , , , , , , , , , , , , , , , 
30.888, 0.0149386, , , , , , , 30.888, 0.0058747, , , , , , , 30.888, -0.0092317, , , , , , , 30.888, 0.0119173, , , , , , , , , , , , , , , , , , , , , , , , , , , , 
30.8885192, 0.0003357, , , , , , , 30.8885192, 0.0152743, , , , , , , 30.8885192, -0.0075532, , , , , , , 30.8885192, 0.0209812, , , , , , , , , , , , , , , , , , , , , , , , , , , , 
30.8890385, -0.0162814, , , , , , , 30.8890385, 0.0172885, , , , , , , 30.8890385, -0.0025177, , , , , , , 30.8890385, 0.0297093, , , , , , , , , , , , , , , , , , , , , , , , , , , , 
30.8895577, -0.0283665, , , , , , , 30.8895577, 0.011078, , , , , , , 30.8895577, 0.0025177, , , , , , , 30.8895577, 0.0397803, , , , , , , , , , , , , , , , , , , , , , , , , , , , 
30.8900769, -0.0342412, , , , , , , 30.8900769, 0.0038605, , , , , , , 30.8900769, 0.0038605, , , , , , , 30.8900769, 0.047837, , , , , , , , , , , , , , , , , , , , , , , , , , , , 
30.8905962, -0.0342412, , , , , , , 30.8905962, -0.0028534, , , , , , , 30.8905962, 0.0030213, , , , , , , 30.8905962, 0.0535439, , , , , , , , , , , , , , , , , , , , , , , , , , , , 
30.8911154, -0.0263523, , , , , , , 30.8911154, -0.0062104, , , , , , , 30.8911154, 0.0025177, , , , , , , 30.8911154, 0.0572366, , , , , , , , , , , , , , , , , , , , , , , , , , , , 
30.8916346, -0.0162814, , , , , , , 30.8916346, -0.0035248, , , , , , , 30.8916346, 0.0035248, , , , , , , 30.8916346, 0.0605936, , , , , , , , , , , , , , , , , , , , , , , , , , , , 
30.8921538, -0.0095674, , , , , , , 30.8921538, 0.0010071, , , , , , , 30.8921538, 0.0038605, , , , , , , 30.8921538, 0.0656291, , , , , , , , , , , , , , , , , , , , , , , , , , , , 
30.8926731, -0.0125887, , , , , , , 30.8926731, -0.0005035, , , , , , , 30.8926731, 0.0018463, , , , , , , 30.8926731, 0.064622, , , , , , , , , , , , , , , , , , , , , , , , , , , , 
30.8931923, -0.0196384, , , , , , , 30.8931923, -0.010071, , , , , , , 30.8931923, -0.0001678, , , , , , , 30.8931923, 0.0558938, , , , , , , , , , , , , , , , , , , , , , , , , , , , 
30.8937115, -0.0236667, , , , , , , 30.8937115, -0.0199741, , , , , , , 30.8937115, -0.0018463, , , , , , , 30.8937115, 0.043473, , , , , , , , , , , , , , , , , , , , , , , , , , , , 
30.8942308, -0.0260166, , , , , , , 30.8942308, -0.024506, , , , , , , 30.8942308, -0.0041962, , , , , , , 30.8942308, 0.0337377, , , , , , , , , , , , , , , , , , , , , , , , , , , , 
30.89475, -0.0204776, , , , , , , 30.89475, -0.0223239, , , , , , , 30.89475, -0.0048676, , , , , , , 30.89475, 0.0276951, , , , , , , , , , , , , , , , , , , , , , , , , , , , 
30.8952692, -0.0095674, , , , , , , 30.8952692, -0.01561, , , , , , , 30.8952692, -0.0035248, , , , , , , 30.8952692, 0.0226596, , , , , , , , , , , , , , , , , , , , , , , , , , , , 
30.8957885, 0.0011749, , , , , , , 30.8957885, -0.008896, , , , , , , 30.8957885, -0.0041962, , , , , , , 30.8957885, 0.0193027, , , , , , , , , , , , , , , , , , , , , , , , , , , , 
30.8963077, 0.0045319, , , , , , , 30.8963077, -0.0065461, , , , , , , 30.8963077, -0.0058747, , , , , , , 30.8963077, 0.0152743, , , , , , , , , , , , , , , , , , , , , , , , , , , , 
30.8968269, 0.0035248, , , , , , , 30.8968269, -0.0082246, , , , , , , 30.8968269, -0.0072175, , , , , , , 30.8968269, 0.0105745, , , , , , , , , , , , , , , , , , , , , , , , , , , , 
30.8973462, 0.0048676, , , , , , , 30.8973462, -0.0120851, , , , , , , 30.8973462, -0.0078889, , , , , , , 30.8973462, 0.0085603, , , , , , , , , , , , , , , , , , , , , , , , , , , , 
30.8978654, 0.0092317, , , , , , , 30.8978654, -0.0149386, , , , , , , 30.8978654, -0.0093996, , , , , , , 30.8978654, 0.0057069, , , , , , , , , , , , , , , , , , , , , , , , , , , , 
30.8983846, 0.0219883, , , , , , , 30.8983846, -0.0142672, , , , , , , 30.8983846, -0.0109102, , , , , , , 30.8983846, 0.0025177, , , , , , , , , , , , , , , , , , , , , , , , , , , , 
30.8989038, 0.0327306, , , , , , , 30.8989038, -0.0149386, , , , , , , 30.8989038, -0.0114137, , , , , , , 30.8989038, 0.0011749, , , , , , , , , , , , , , , , , , , , , , , , , , , , 
30.8994231, 0.0360876, , , , , , , 30.8994231, -0.0162814, , , , , , , 30.8994231, -0.0104067, , , , , , , 30.8994231, 0.0015106, , , , , , , , , , , , , , , , , , , , , , , , , , , , 
30.8999423, 0.0394446, , , , , , , 30.8999423, -0.0152743, , , , , , , 30.8999423, -0.0095674, , , , , , , 30.8999423, 0.0023499, , , , , , , , , , , , , , , , , , , , , , , , , , , , 
30.9004615, 0.0438087, , , , , , , 30.9004615, -0.0125887, , , , , , , 30.9004615, -0.0104067, , , , , , , 30.9004615, 0.0023499, , , , , , , , , , , , , , , , , , , , , , , , , , , , 
30.9009808, 0.0468299, , , , , , , 30.9009808, -0.0115816, , , , , , , 30.9009808, -0.012253, , , , , , , 30.9009808, 0.0028534, , , , , , , , , , , , , , , , , , , , , , , , , , , , 
30.9015, 0.0414588, , , , , , , 30.9015, -0.0115816, , , , , , , 30.9015, -0.0112459, , , , , , , 30.9015, 0.0045319, , , , , , , , , , , , , , , , , , , , , , , , , , , , 
30.9020192, 0.0330663, , , , , , , 30.9020192, -0.0109102, , , , , , , 30.9020192, -0.0082246, , , , , , , 30.9020192, 0.0058747, , , , , , , , , , , , , , , , , , , , , , , , , , , , 
30.9025385, 0.0313878, , , , , , , 30.9025385, -0.0105745, , , , , , , 30.9025385, -0.0085603, , , , , , , 30.9025385, 0.0038605, , , , , , , , , , , , , , , , , , , , , , , , , , , , 
30.9030577, 0.0354162, , , , , , , 30.9030577, -0.0129244, , , , , , , 30.9030577, -0.0127565, , , , , , , 30.9030577, -0.0065461, , , , , , , , , , , , , , , , , , , , , , , , , , , , 
30.9035769, 0.0480049, , , , , , , 30.9035769, -0.0142672, , , , , , , 30.9035769, -0.0146029, , , , , , , 30.9035769, -0.0191348, , , , , , , , , , , , , , , , , , , , , , , , , , , , 
30.9040962, 0.0649577, , , , , , , 30.9040962, -0.012253, , , , , , , 30.9040962, -0.0135958, , , , , , , 30.9040962, -0.0240024, , , , , , , , , , , , , , , , , , , , , , , , , , , , 
30.9046154, 0.072343, , , , , , , 30.9046154, -0.0104067, , , , , , , 30.9046154, -0.0149386, , , , , , , 30.9046154, -0.024506, , , , , , , , , , , , , , , , , , , , , , , , , , , , 
30.9051346, 0.0681468, , , , , , , 30.9051346, -0.0097353, , , , , , , 30.9051346, -0.0166171, , , , , , , 30.9051346, -0.0250095, , , , , , , , , , , , , , , , , , , , , , , , , , , , 
30.9056538, 0.0533761, , , , , , , 30.9056538, -0.0099031, , , , , , , 30.9056538, -0.014435, , , , , , , 30.9056538, -0.0236667, , , , , , , , , , , , , , , , , , , , , , , , , , , , 
30.9061731, 0.0387732, , , , , , , 30.9061731, -0.0095674, , , , , , , 30.9061731, -0.0099031, , , , , , , 30.9061731, -0.0193027, , , , , , , , , , , , , , , , , , , , , , , , , , , , 
30.9066923, 0.030045, , , , , , , 30.9066923, -0.0062104, , , , , , , 30.9066923, -0.0083925, , , , , , , 30.9066923, -0.0149386, , , , , , , , , , , , , , , , , , , , , , , , , , , , 
30.9072115, 0.0273594, , , , , , , 30.9072115, -0.0035248, , , , , , , 30.9072115, -0.0082246, , , , , , , 30.9072115, -0.008896, , , , , , , , , , , , , , , , , , , , , , , , , , , , 
30.9077308, 0.0253452, , , , , , , 30.9077308, -0.0038605, , , , , , , 30.9077308, -0.0072175, , , , , , , 30.9077308, 0.0008392, , , , , , , , , , , , , , , , , , , , , , , , , , , , 
30.90825, 0.0193027, , , , , , , 30.90825, -0.0041962, , , , , , , 30.90825, -0.0068818, , , , , , , 30.90825, 0.0112459, , , , , , , , , , , , , , , , , , , , , , , , , , , , 
30.9087692, 0.0115816, , , , , , , 30.9087692, -0.0041962, , , , , , , 30.9087692, -0.0075532, , , , , , , 30.9087692, 0.0199741, , , , , , , , , , , , , , , , , , , , , , , , , , , , 
30.9092885, 0.0052033, , , , , , , 30.9092885, -0.0011749, , , , , , , 30.9092885, -0.0068818, , , , , , , 30.9092885, 0.0280308, , , , , , , , , , , , , , , , , , , , , , , , , , , , 
30.9098077, -0.0060426, , , , , , , 30.9098077, 0.0011749, , , , , , , 30.9098077, -0.0031891, , , , , , , 30.9098077, 0.0381018, , , , , , , , , , , , , , , , , , , , , , , , , , , , 
30.9103269, -0.0216526, , , , , , , 30.9103269, 0.0003357, , , , , , , 30.9103269, 0.0005035, , , , , , , 30.9103269, 0.0481727, , , , , , , , , , , , , , , , , , , , , , , , , , , , 
30.9108462, -0.0421302, , , , , , , 30.9108462, -0.0028534, , , , , , , 30.9108462, 0.0015106, , , , , , , 30.9108462, 0.0548867, , , , , , , , , , , , , , , , , , , , , , , , , , , , 
30.9113654, -0.0565652, , , , , , , 30.9113654, -0.0038605, , , , , , , 30.9113654, -0.0010071, , , , , , , 30.9113654, 0.0609293, , , , , , , , , , , , , , , , , , , , , , , , , , , , 
30.9118846, -0.0599222, , , , , , , 30.9118846, -0.0035248, , , , , , , 30.9118846, -0.0023499, , , , , , , 30.9118846, 0.0656291, , , , , , , , , , , , , , , , , , , , , , , , , , , , 
30.9124038, -0.0515297, , , , , , , 30.9124038, -0.0016785, , , , , , , 30.9124038, -0.0005035, , , , , , , 30.9124038, 0.0647898, , , , , , , , , , , , , , , , , , , , , , , , , , , , 
30.9129231, -0.0357519, , , , , , , 30.9129231, -0.0025177, , , , , , , 30.9129231, 0.0003357, , , , , , , 30.9129231, 0.0602579, , , , , , , , , , , , , , , , , , , , , , , , , , , , 
30.9134423, -0.0236667, , , , , , , 30.9134423, -0.0048676, , , , , , , 30.9134423, -0.002182, , , , , , , 30.9134423, 0.0515297, , , , , , , , , , , , , , , , , , , , , , , , , , , , 
30.9139615, -0.0176242, , , , , , , 30.9139615, -0.0048676, , , , , , , 30.9139615, -0.0041962, , , , , , , 30.9139615, 0.0404517, , , , , , , , , , , , , , , , , , , , , , , , , , , , 
30.9144808, -0.0082246, , , , , , , 30.9144808, -0.0041962, , , , , , , 30.9144808, -0.0052033, , , , , , , 30.9144808, 0.0323949, , , , , , , , , , , , , , , , , , , , , , , , , , , , 
30.915, 0.011078, , , , , , , 30.915, -0.0048676, , , , , , , 30.915, -0.0043641, , , , , , , 30.915, 0.0263523, , , , , , , , , , , , , , , , , , , , , , , , , , , , 
30.9155192, 0.0273594, , , , , , , 30.9155192, -0.0036927, , , , , , , 30.9155192, -0.0041962, , , , , , , 30.9155192, 0.018967, , , , , , , , , , , , , , , , , , , , , , , , , , , , 
30.9160385, 0.0283665, , , , , , , 30.9160385, -0.0018463, , , , , , , 30.9160385, -0.0062104, , , , , , , 30.9160385, 0.0152743, , , , , , , , , , , , , , , , , , , , , , , , , , , , 
30.9165577, 0.023331, , , , , , , 30.9165577, -0.0031891, , , , , , , 30.9165577, -0.0078889, , , , , , , 30.9165577, 0.0139315, , , , , , , , , , , , , , , , , , , , , , , , , , , , 
30.9170769, 0.0229953, , , , , , , 30.9170769, -0.0045319, , , , , , , 30.9170769, -0.0082246, , , , , , , 30.9170769, 0.0099031, , , , , , , , , , , , , , , , , , , , , , , , , , , , 
30.9175962, 0.0317235, , , , , , , 30.9175962, -0.0045319, , , , , , , 30.9175962, -0.0095674, , , , , , , 30.9175962, 0.0078889, , , , , , , , , , , , , , , , , , , , , , , , , , , , 
30.9181154, 0.0381018, , , , , , , 30.9181154, -0.0068818, , , , , , , 30.9181154, -0.0102388, , , , , , , 30.9181154, 0.0078889, , , , , , , , , , , , , , , , , , , , , , , , , , , , 
30.9186346, 0.0357519, , , , , , , 30.9186346, -0.0083925, , , , , , , 30.9186346, -0.0090639, , , , , , , 30.9186346, 0.0082246, , , , , , , , , , , , , , , , , , , , , , , , , , , , 
30.9191538, 0.0307164, , , , , , , 30.9191538, -0.0095674, , , , , , , 30.9191538, -0.0075532, , , , , , , 30.9191538, 0.0082246, , , , , , , , , , , , , , , , , , , , , , , , , , , , 
30.9196731, 0.0293736, , , , , , , 30.9196731, -0.0115816, , , , , , , 30.9196731, -0.0070497, , , , , , , 30.9196731, 0.005539, , , , , , , , , , , , , , , , , , , , , , , , , , , , 
30.9201923, 0.0285344, , , , , , , 30.9201923, -0.0112459, , , , , , , 30.9201923, -0.0082246, , , , , , , 30.9201923, 0.0028534, , , , , , , , , , , , , , , , , , , , , , , , , , , , 
30.9207115, 0.0256809, , , , , , , 30.9207115, -0.0092317, , , , , , , 30.9207115, -0.0099031, , , , , , , 30.9207115, 0.0031891, , , , , , , , , , , , , , , , , , , , , , , , , , , , 
30.9212308, 0.0193027, , , , , , , 30.9212308, -0.0063783, , , , , , , 30.9212308, -0.008896, , , , , , , 30.9212308, 0.0045319, , , , , , , , , , , , , , , , , , , , , , , , , , , , 
30.92175, 0.0135958, , , , , , , 30.92175, -0.0048676, , , , , , , 30.92175, -0.0078889, , , , , , , 30.92175, 0.0063783, , , , , , , , , , , , , , , , , , , , , , , , , , , , 
30.9222692, 0.0119173, , , , , , , 30.9222692, -0.0068818, , , , , , , 30.9222692, -0.0085603, , , , , , , 30.9222692, 0.0045319, , , , , , , , , , , , , , , , , , , , , , , , , , , , 
30.9227885, 0.0169528, , , , , , , 30.9227885, -0.012253, , , , , , , 30.9227885, -0.0102388, , , , , , , 30.9227885, -0.0035248, , , , , , , , , , , , , , , , , , , , , , , , , , , , 
30.9233077, 0.0213169, , , , , , , 30.9233077, -0.0149386, , , , , , , 30.9233077, -0.0109102, , , , , , , 30.9233077, -0.0164492, , , , , , , , , , , , , , , , , , , , , , , , , , , , 
30.9238269, 0.0283665, , , , , , , 30.9238269, -0.0135958, , , , , , , 30.9238269, -0.0132601, , , , , , , 30.9238269, -0.0270237, , , , , , , , , , , , , , , , , , , , , , , , , , , , 
30.9243462, 0.0340734, , , , , , , 30.9243462, -0.0109102, , , , , , , 30.9243462, -0.0159457, , , , , , , 30.9243462, -0.0307164, , , , , , , , , , , , , , , , , , , , , , , , , , , , 
30.9248654, 0.0318914, , , , , , , 30.9248654, -0.0102388, , , , , , , 30.9248654, -0.01561, , , , , , , 30.9248654, -0.03122, , , , , , , , , , , , , , , , , , , , , , , , , , , , 
30.9253846, 0.026688, , , , , , , 30.9253846, -0.0102388, , , , , , , 30.9253846, -0.0135958, , , , , , , 30.9253846, -0.0303807, , , , , , , , , , , , , , , , , , , , , , , , , , , , 
30.9259038, 0.0226596, , , , , , , 30.9259038, -0.0082246, , , , , , , 30.9259038, -0.0142672, , , , , , , 30.9259038, -0.0280308, , , , , , , , , , , , , , , , , , , , , , , , , , , , 
30.9264231, 0.0203098, , , , , , , 30.9264231, -0.0065461, , , , , , , 30.9264231, -0.0162814, , , , , , , 30.9264231, -0.0229953, , , , , , , , , , , , , , , , , , , , , , , , , , , , 
30.9269423, 0.0186313, , , , , , , 30.9269423, -0.0062104, , , , , , , 30.9269423, -0.0159457, , , , , , , 30.9269423, -0.01561, , , , , , , , , , , , , , , , , , , , , , , , , , , , 
30.9274615, 0.0146029, , , , , , , 30.9274615, -0.0068818, , , , , , , 30.9274615, -0.0149386, , , , , , , 30.9274615, -0.0075532, , , , , , , , , , , , , , , , , , , , , , , , , , , , 
30.9279808, 0.0092317, , , , , , , 30.9279808, -0.0078889, , , , , , , 30.9279808, -0.0117494, , , , , , , 30.9279808, 0.0001678, , , , , , , , , , , , , , , , , , , , , , , , , , , , 
30.9285, 0.0099031, , , , , , , 30.9285, -0.008896, , , , , , , 30.9285, -0.0075532, , , , , , , 30.9285, 0.0078889, , , , , , , , , , , , , , , , , , , , , , , , , , , , 
30.9290192, 0.0102388, , , , , , , 30.9290192, -0.0105745, , , , , , , 30.9290192, -0.0038605, , , , , , , 30.9290192, 0.0172885, , , , , , , , , , , , , , , , , , , , , , , , , , , , 
30.9295385, 0.0065461, , , , , , , 30.9295385, -0.0092317, , , , , , , 30.9295385, -0.0015106, , , , , , , 30.9295385, 0.0285344, , , , , , , , , , , , , , , , , , , , , , , , , , , , 
30.9300577, -0.0008392, , , , , , , 30.9300577, -0.0058747, , , , , , , 30.9300577, -0.0011749, , , , , , , 30.9300577, 0.0357519, , , , , , , , , , , , , , , , , , , , , , , , , , , , 
30.9305769, -0.0077211, , , , , , , 30.9305769, -0.0050355, , , , , , , 30.9305769, -0.0001678, , , , , , , 30.9305769, 0.0414588, , , , , , , , , , , , , , , , , , , , , , , , , , , , 
30.9310962, -0.012253, , , , , , , 30.9310962, -0.0068818, , , , , , , 30.9310962, -0.0005035, , , , , , , 30.9310962, 0.0475013, , , , , , , , , , , , , , , , , , , , , , , , , , , , 
30.9316154, -0.0162814, , , , , , , 30.9316154, -0.0082246, , , , , , , 30.9316154, -0.0010071, , , , , , , 30.9316154, 0.0542153, , , , , , , , , , , , , , , , , , , , , , , , , , , , 
30.9321346, -0.0169528, , , , , , , 30.9321346, -0.0082246, , , , , , , 30.9321346, 0.0008392, , , , , , , 30.9321346, 0.0602579, , , , , , , , , , , , , , , , , , , , , , , , , , , , 
30.9326538, -0.0146029, , , , , , , 30.9326538, -0.0099031, , , , , , , 30.9326538, 0.0008392, , , , , , , 30.9326538, 0.0626078, , , , , , , , , , , , , , , , , , , , , , , , , , , , 
30.9331731, -0.0129244, , , , , , , 30.9331731, -0.0146029, , , , , , , 30.9331731, -0.0011749, , , , , , , 30.9331731, 0.0562295, , , , , , , , , , , , , , , , , , , , , , , , , , , , 
30.9336923, -0.0102388, , , , , , , 30.9336923, -0.0152743, , , , , , , 30.9336923, -0.0028534, , , , , , , 30.9336923, 0.0451514, , , , , , , , , , , , , , , , , , , , , , , , , , , , 
30.9342115, -0.0031891, , , , , , , 30.9342115, -0.0125887, , , , , , , 30.9342115, -0.0038605, , , , , , , 30.9342115, 0.0337377, , , , , , , , , , , , , , , , , , , , , , , , , , , , 
30.9347308, 0.0031891, , , , , , , 30.9347308, -0.0109102, , , , , , , 30.9347308, -0.0038605, , , , , , , 30.9347308, 0.0260166, , , , , , , , , , , , , , , , , , , , , , , , , , , , 
30.93525, 0.0119173, , , , , , , 30.93525, -0.0092317, , , , , , , 30.93525, -0.0045319, , , , , , , 30.93525, 0.0209812, , , , , , , , , , , , , , , , , , , , , , , , , , , , 
30.9357692, 0.0253452, , , , , , , 30.9357692, -0.0082246, , , , , , , 30.9357692, -0.0063783, , , , , , , 30.9357692, 0.017792, , , , , , , , , , , , , , , , , , , , , , , , , , , , 
30.9362885, 0.0370947, , , , , , , 30.9362885, -0.0082246, , , , , , , 30.9362885, -0.0068818, , , , , , , 30.9362885, 0.01561, , , , , , , , , , , , , , , , , , , , , , , , , , , , 
30.9368077, 0.033402, , , , , , , 30.9368077, -0.008896, , , , , , , 30.9368077, -0.0062104, , , , , , , 30.9368077, 0.0152743, , , , , , , , , , , , , , , , , , , , , , , , , , , , 
30.9373269, 0.027863, , , , , , , 30.9373269, -0.0095674, , , , , , , 30.9373269, -0.0068818, , , , , , , 30.9373269, 0.01561, , , , , , , , , , , , , , , , , , , , , , , , , , , , 
30.9378462, 0.0320592, , , , , , , 30.9378462, -0.0095674, , , , , , , 30.9378462, -0.010071, , , , , , , 30.9378462, 0.0132601, , , , , , , , , , , , , , , , , , , , , , , , , , , , 
30.9383654, 0.0307164, , , , , , , 30.9383654, -0.0099031, , , , , , , 30.9383654, -0.0109102, , , , , , , 30.9383654, 0.0102388, , , , , , , , , , , , , , , , , , , , , , , , , , , , 
30.9388846, 0.018967, , , , , , , 30.9388846, -0.0082246, , , , , , , 30.9388846, -0.0099031, , , , , , , 30.9388846, 0.0109102, , , , , , , , , , , , , , , , , , , , , , , , , , , , 
30.9394038, 0.0099031, , , , , , , 30.9394038, -0.0068818, , , , , , , 30.9394038, -0.0102388, , , , , , , 30.9394038, 0.0117494, , , , , , , , , , , , , , , , , , , , , , , , , , , , 
30.9399231, 0.0119173, , , , , , , 30.9399231, -0.0052033, , , , , , , 30.9399231, -0.0095674, , , , , , , 30.9399231, 0.0114137, , , , , , , , , , , , , , , , , , , , , , , , , , , , 
30.9404423, 0.0125887, , , , , , , 30.9404423, -0.0041962, , , , , , , 30.9404423, -0.0099031, , , , , , , 30.9404423, 0.0092317, , , , , , , , , , , , , , , , , , , , , , , , , , , , 
30.9409615, 0.0125887, , , , , , , 30.9409615, -0.0035248, , , , , , , 30.9409615, -0.0109102, , , , , , , 30.9409615, 0.0065461, , , , , , , , , , , , , , , , , , , , , , , , , , , , 
30.9414808, 0.0218204, , , , , , , 30.9414808, -0.0031891, , , , , , , 30.9414808, -0.0105745, , , , , , , 30.9414808, 0.0052033, , , , , , , , , , , , , , , , , , , , , , , , , , , , 
30.942, 0.0344091, , , , , , , 30.942, -0.0028534, , , , , , , 30.942, -0.0095674, , , , , , , 30.942, 0.0052033, , , , , , , , , , , , , , , , , , , , , , , , , , , , 
30.9425192, 0.0428016, , , , , , , 30.9425192, -0.0041962, , , , , , , 30.9425192, -0.0104067, , , , , , , 30.9425192, 0.0050355, , , , , , , , , , , , , , , , , , , , , , , , , , , , 
30.9430385, 0.0431373, , , , , , , 30.9430385, -0.0050355, , , , , , , 30.9430385, -0.012253, , , , , , , 30.9430385, -0.0015106, , , , , , , , , , , , , , , , , , , , , , , , , , , , 
30.9435577, 0.043473, , , , , , , 30.9435577, -0.0060426, , , , , , , 30.9435577, -0.0132601, , , , , , , 30.9435577, -0.0117494, , , , , , , , , , , , , , , , , , , , , , , , , , , , 
30.9440769, 0.0454871, , , , , , , 30.9440769, -0.0065461, , , , , , , 30.9440769, -0.0152743, , , , , , , 30.9440769, -0.0196384, , , , , , , , , , , , , , , , , , , , , , , , , , , , 
30.9445962, 0.0448157, , , , , , , 30.9445962, -0.005539, , , , , , , 30.9445962, -0.0186313, , , , , , , 30.9445962, -0.0224918, , , , , , , , , , , , , , , , , , , , , , , , , , , , 
30.9451154, 0.0404517, , , , , , , 30.9451154, -0.005539, , , , , , , 30.9451154, -0.0199741, , , , , , , 30.9451154, -0.0253452, , , , , , , , , , , , , , , , , , , , , , , , , , , , 
30.9456346, 0.033402, , , , , , , 30.9456346, -0.0062104, , , , , , , 30.9456346, -0.0176242, , , , , , , 30.9456346, -0.024506, , , , , , , , , , , , , , , , , , , , , , , , , , , , 
30.9461538, 0.0270237, , , , , , , 30.9461538, -0.0048676, , , , , , , 30.9461538, -0.0151064, , , , , , , 30.9461538, -0.0203098, , , , , , , , , , , , , , , , , , , , , , , , , , , , 
30.9466731, 0.0238346, , , , , , , 30.9466731, -0.0041962, , , , , , , 30.9466731, -0.0115816, , , , , , , 30.9466731, -0.0146029, , , , , , , , , , , , , , , , , , , , , , , , , , , , 
30.9471923, 0.0172885, , , , , , , 30.9471923, -0.0045319, , , , , , , 30.9471923, -0.0095674, , , , , , , 30.9471923, -0.0075532, , , , , , , , , , , , , , , , , , , , , , , , , , , , 
30.9477115, 0.0025177, , , , , , , 30.9477115, -0.0075532, , , , , , , 30.9477115, -0.0097353, , , , , , , 30.9477115, 0.0028534, , , , , , , , , , , , , , , , , , , , , , , , , , , , 
30.9482308, -0.0129244, , , , , , , 30.9482308, -0.0102388, , , , , , , 30.9482308, -0.0090639, , , , , , , 30.9482308, 0.010071, , , , , , , , , , , , , , , , , , , , , , , , , , , , 
30.94875, -0.0263523, , , , , , , 30.94875, -0.0099031, , , , , , , 30.94875, -0.0068818, , , , , , , 30.94875, 0.0135958, , , , , , , , , , , , , , , , , , , , , , , , , , , , 
30.9492692, -0.0290379, , , , , , , 30.9492692, -0.008896, , , , , , , 30.9492692, -0.0030213, , , , , , , 30.9492692, 0.0213169, , , , , , , , , , , , , , , , , , , , , , , , , , , , 
30.9497885, -0.0182956, , , , , , , 30.9497885, -0.0082246, , , , , , , 30.9497885, -0.0008392, , , , , , , 30.9497885, 0.0337377, , , , , , , , , , , , , , , , , , , , , , , , , , , , 
30.9503077, -0.0149386, , , , , , , 30.9503077, -0.0052033, , , , , , , 30.9503077, -0.0005035, , , , , , , 30.9503077, 0.0453193, , , , , , , , , , , , , , , , , , , , , , , , , , , , 
30.9508269, -0.0162814, , , , , , , 30.9508269, -0.0015106, , , , , , , 30.9508269, 0.0001678, , , , , , , 30.9508269, 0.0542153, , , , , , , , , , , , , , , , , , , , , , , , , , , , 
30.9513462, -0.0092317, , , , , , , 30.9513462, 0.0011749, , , , , , , 30.9513462, -0.0010071, , , , , , , 30.9513462, 0.061265, , , , , , , , , , , , , , , , , , , , , , , , , , , , 
30.9518654, 0.0015106, , , , , , , 30.9518654, 0.0015106, , , , , , , 30.9518654, -0.0028534, , , , , , , 30.9518654, 0.0673075, , , , , , , , , , , , , , , , , , , , , , , , , , , , 
30.9523846, 0.0011749, , , , , , , 30.9523846, -0.0010071, , , , , , , 30.9523846, -0.0015106, , , , , , , 30.9523846, 0.068986, , , , , , , , , , , , , , , , , , , , , , , , , , , , 
30.9529038, -0.0062104, , , , , , , 30.9529038, -0.0058747, , , , , , , 30.9529038, -0.0018463, , , , , , , 30.9529038, 0.0649577, , , , , , , , , , , , , , , , , , , , , , , , , , , , 
30.9534231, -0.008896, , , , , , , 30.9534231, -0.0099031, , , , , , , 30.9534231, -0.0035248, , , , , , , 30.9534231, 0.054551, , , , , , , , , , , , , , , , , , , , , , , , , , , , 
30.9539423, -0.002182, , , , , , , 30.9539423, -0.0112459, , , , , , , 30.9539423, -0.0052033, , , , , , , 30.9539423, 0.0443122, , , , , , , , , , , , , , , , , , , , , , , , , , , , 
30.9544615, 0.0065461, , , , , , , 30.9544615, -0.0119173, , , , , , , 30.9544615, -0.0048676, , , , , , , 30.9544615, 0.0369268, , , , , , , , , , , , , , , , , , , , , , , , , , , , 
30.9549808, 0.0119173, , , , , , , 30.9549808, -0.0132601, , , , , , , 30.9549808, -0.0035248, , , , , , , 30.9549808, 0.0293736, , , , , , , , , , , , , , , , , , , , , , , , , , , , 
30.9555, 0.0152743, , , , , , , 30.9555, -0.012253, , , , , , , 30.9555, -0.0031891, , , , , , , 30.9555, 0.0243381, , , , , , , , , , , , , , , , , , , , , , , , , , , , 
30.9560192, 0.0186313, , , , , , , 30.9560192, -0.0095674, , , , , , , 30.9560192, -0.0048676, , , , , , , 30.9560192, 0.0203098, , , , , , , , , , , , , , , , , , , , , , , , , , , , 
30.9565385, 0.0204776, , , , , , , 30.9565385, -0.005539, , , , , , , 30.9565385, -0.0068818, , , , , , , 30.9565385, 0.0146029, , , , , , , , , , , , , , , , , , , , , , , , , , , , 
30.9570577, 0.0193027, , , , , , , 30.9570577, -0.0041962, , , , , , , 30.9570577, -0.0065461, , , , , , , 30.9570577, 0.008896, , , , , , , , , , , , , , , , , , , , , , , , , , , , 
30.9575769, 0.0182956, , , , , , , 30.9575769, -0.0060426, , , , , , , 30.9575769, -0.0070497, , , , , , , 30.9575769, 0.0050355, , , , , , , , , , , , , , , , , , , , , , , , , , , , 
30.9580962, 0.0146029, , , , , , , 30.9580962, -0.0095674, , , , , , , 30.9580962, -0.0082246, , , , , , , 30.9580962, 0.0041962, , , , , , , , , , , , , , , , , , , , , , , , , , , , 
30.9586154, 0.0105745, , , , , , , 30.9586154, -0.0115816, , , , , , , 30.9586154, -0.0099031, , , , , , , 30.9586154, 0.0050355, , , , , , , , , , , , , , , , , , , , , , , , , , , , 
30.9591346, 0.0159457, , , , , , , 30.9591346, -0.012253, , , , , , , 30.9591346, -0.0102388, , , , , , , 30.9591346, 0.0018463, , , , , , , , , , , , , , , , , , , , , , , , , , , , 
30.9596538, 0.0307164, , , , , , , 30.9596538, -0.0099031, , , , , , , 30.9596538, -0.0078889, , , , , , , 30.9596538, -0.0023499, , , , , , , , , , , , , , , , , , , , , , , , , , , , 
30.9601731, 0.040116, , , , , , , 30.9601731, -0.0082246, , , , , , , 30.9601731, -0.0083925, , , , , , , 30.9601731, -0.0045319, , , , , , , , , , , , , , , , , , , , , , , , , , , , 
30.9606923, 0.0350805, , , , , , , 30.9606923, -0.0062104, , , , , , , 30.9606923, -0.0105745, , , , , , , 30.9606923, -0.0041962, , , , , , , , , , , , , , , , , , , , , , , , , , , , 
30.9612115, 0.026688, , , , , , , 30.9612115, -0.0048676, , , , , , , 30.9612115, -0.0132601, , , , , , , 30.9612115, -0.0011749, , , , , , , , , , , , , , , , , , , , , , , , , , , , 
30.9617308, 0.0240024, , , , , , , 30.9617308, -0.0077211, , , , , , , 30.9617308, -0.0149386, , , , , , , 30.9617308, 0.0038605, , , , , , , , , , , , , , , , , , , , , , , , , , , , 
30.96225, 0.0265202, , , , , , , 30.96225, -0.012253, , , , , , , 30.96225, -0.0149386, , , , , , , 30.96225, 0.0070497, , , , , , , , , , , , , , , , , , , , , , , , , , , , 
30.9627692, 0.0303807, , , , , , , 30.9627692, -0.0146029, , , , , , , 30.9627692, -0.0142672, , , , , , , 30.9627692, 0.0018463, , , , , , , , , , , , , , , , , , , , , , , , , , , , 
30.9632885, 0.0357519, , , , , , , 30.9632885, -0.0119173, , , , , , , 30.9632885, -0.0152743, , , , , , , 30.9632885, -0.0104067, , , , , , , , , , , , , , , , , , , , , , , , , , , , 
30.9638077, 0.0347448, , , , , , , 30.9638077, -0.0092317, , , , , , , 30.9638077, -0.0179599, , , , , , , 30.9638077, -0.0226596, , , , , , , , , , , , , , , , , , , , , , , , , , , , 
30.9643269, 0.0360876, , , , , , , 30.9643269, -0.0097353, , , , , , , 30.9643269, -0.0191348, , , , , , , 30.9643269, -0.0297093, , , , , , , , , , , , , , , , , , , , , , , , , , , , 
30.9648462, 0.0364233, , , , , , , 30.9648462, -0.0109102, , , , , , , 30.9648462, -0.0169528, , , , , , , 30.9648462, -0.0303807, , , , , , , , , , , , , , , , , , , , , , , , , , , , 
30.9653654, 0.0357519, , , , , , , 30.9653654, -0.008896, , , , , , , 30.9653654, -0.0139315, , , , , , , 30.9653654, -0.030045, , , , , , , , , , , , , , , , , , , , , , , , , , , , 
30.9658846, 0.0325628, , , , , , , 30.9658846, -0.005539, , , , , , , 30.9658846, -0.0115816, , , , , , , 30.9658846, -0.0280308, , , , , , , , , , , , , , , , , , , , , , , , , , , , 
30.9664038, 0.0280308, , , , , , , 30.9664038, -0.0041962, , , , , , , 30.9664038, -0.0097353, , , , , , , 30.9664038, -0.023331, , , , , , , , , , , , , , , , , , , , , , , , , , , , 
30.9669231, 0.0219883, , , , , , , 30.9669231, -0.0043641, , , , , , , 30.9669231, -0.0045319, , , , , , , 30.9669231, -0.0137636, , , , , , , , , , , , , , , , , , , , , , , , , , , , 
30.9674423, 0.0129244, , , , , , , 30.9674423, -0.0041962, , , , , , , 30.9674423, -0.0038605, , , , , , , 30.9674423, -0.0031891, , , , , , , , , , , , , , , , , , , , , , , , , , , , 
30.9679615, 0.0048676, , , , , , , 30.9679615, -0.0038605, , , , , , , 30.9679615, -0.0048676, , , , , , , 30.9679615, 0.0062104, , , , , , , , , , , , , , , , , , , , , , , , , , , , 
30.9684808, -0.0045319, , , , , , , 30.9684808, -0.0052033, , , , , , , 30.9684808, -0.0048676, , , , , , , 30.9684808, 0.0152743, , , , , , , , , , , , , , , , , , , , , , , , , , , , 
30.969, -0.0209812, , , , , , , 30.969, -0.005539, , , , , , , 30.969, -0.0035248, , , , , , , 30.969, 0.0238346, , , , , , , , , , , , , , , , , , , , , , , , , , , , 
30.9695192, -0.0411231, , , , , , , 30.9695192, -0.0045319, , , , , , , 30.9695192, -0.0018463, , , , , , , 30.9695192, 0.033402, , , , , , , , , , , , , , , , , , , , , , , , , , , , 
30.9700385, -0.0515297, , , , , , , 30.9700385, -0.0031891, , , , , , , 30.9700385, -0.0015106, , , , , , , 30.9700385, 0.0439765, , , , , , , , , , , , , , , , , , , , , , , , , , , , 
30.9705577, -0.0461585, , , , , , , 30.9705577, -0.005539, , , , , , , 30.9705577, -0.0008392, , , , , , , 30.9705577, 0.0513619, , , , , , , , , , , , , , , , , , , , , , , , , , , , 
30.9710769, -0.0357519, , , , , , , 30.9710769, -0.0068818, , , , , , , 30.9710769, 0.0008392, , , , , , , 30.9710769, 0.0558938, , , , , , , , , , , , , , , , , , , , , , , , , , , , 
30.9715962, -0.0287022, , , , , , , 30.9715962, -0.0082246, , , , , , , 30.9715962, 0.0011749, , , , , , , 30.9715962, 0.0599222, , , , , , , , , , , , , , , , , , , , , , , , , , , , 
30.9721154, -0.021149, , , , , , , 30.9721154, -0.0095674, , , , , , , 30.9721154, 0.0030213, , , , , , , 30.9721154, 0.0622721, , , , , , , , , , , , , , , , , , , , , , , , , , , , 
30.9726346, -0.014435, , , , , , , 30.9726346, -0.0109102, , , , , , , 30.9726346, 0.0041962, , , , , , , 30.9726346, 0.0580758, , , , , , , , , , , , , , , , , , , , , , , , , , , , 
30.9731538, -0.0095674, , , , , , , 30.9731538, -0.012253, , , , , , , 30.9731538, 0.002182, , , , , , , 30.9731538, 0.0495155, , , , , , , , , , , , , , , , , , , , , , , , , , , , 
30.9736731, 0.0018463, , , , , , , 30.9736731, -0.0112459, , , , , , , 30.9736731, -0.0015106, , , , , , , 30.9736731, 0.0392767, , , , , , , , , , , , , , , , , , , , , , , , , , , , 
30.9741923, 0.0166171, , , , , , , 30.9741923, -0.0099031, , , , , , , 30.9741923, -0.0041962, , , , , , , 30.9741923, 0.0273594, , , , , , , , , , , , , , , , , , , , , , , , , , , , 
30.9747115, 0.026688, , , , , , , 30.9747115, -0.0102388, , , , , , , 30.9747115, -0.0046998, , , , , , , 30.9747115, 0.0204776, , , , , , , , , , , , , , , , , , , , , , , , , , , , 
30.9752308, 0.0307164, , , , , , , 30.9752308, -0.0109102, , , , , , , 30.9752308, -0.0035248, , , , , , , 30.9752308, 0.0166171, , , , , , , , , , , , , , , , , , , , , , , , , , , , 
30.97575, 0.0340734, , , , , , , 30.97575, -0.0112459, , , , , , , 30.97575, -0.005539, , , , , , , 30.97575, 0.0105745, , , , , , , , , , , , , , , , , , , , , , , , , , , , 
30.9762692, 0.0347448, , , , , , , 30.9762692, -0.0109102, , , , , , , 30.9762692, -0.008896, , , , , , , 30.9762692, 0.005539, , , , , , , , , , , , , , , , , , , , , , , , , , , , 
30.9767885, 0.0387732, , , , , , , 30.9767885, -0.0099031, , , , , , , 30.9767885, -0.0075532, , , , , , , 30.9767885, 0.0035248, , , , , , , , , , , , , , , , , , , , , , , , , , , , 
30.9773077, 0.0464942, , , , , , , 30.9773077, -0.0105745, , , , , , , 30.9773077, -0.0063783, , , , , , , 30.9773077, 0.0015106, , , , , , , , , , , , , , , , , , , , , , , , , , , , 
30.9778269, 0.0500191, , , , , , , 30.9778269, -0.0129244, , , , , , , 30.9778269, -0.0075532, , , , , , , 30.9778269, -0.0008392, , , , , , , , , , , , , , , , , , , , , , , , , , , , 
30.9783462, 0.047837, , , , , , , 30.9783462, -0.0149386, , , , , , , 30.9783462, -0.0099031, , , , , , , 30.9783462, -0.0030213, , , , , , , , , , , , , , , , , , , , , , , , , , , , 
30.9788654, 0.0454871, , , , , , , 30.9788654, -0.0151064, , , , , , , 30.9788654, -0.0109102, , , , , , , 30.9788654, -0.0018463, , , , , , , , , , , , , , , , , , , , , , , , , , , , 
30.9793846, 0.04448, , , , , , , 30.9793846, -0.0129244, , , , , , , 30.9793846, -0.0104067, , , , , , , 30.9793846, 0.0005035, , , , , , , , , , , , , , , , , , , , , , , , , , , , 
30.9799038, 0.0381018, , , , , , , 30.9799038, -0.0109102, , , , , , , 30.9799038, -0.0095674, , , , , , , 30.9799038, 0.0008392, , , , , , , , , , , , , , , , , , , , , , , , , , , , 
30.9804231, 0.023331, , , , , , , 30.9804231, -0.0105745, , , , , , , 30.9804231, -0.008896, , , , , , , 30.9804231, -0.0008392, , , , , , , , , , , , , , , , , , , , , , , , , , , , 
30.9809423, 0.0166171, , , , , , , 30.9809423, -0.0082246, , , , , , , 30.9809423, -0.0078889, , , , , , , 30.9809423, -0.0001678, , , , , , , , , , , , , , , , , , , , , , , , , , , , 
30.9814615, 0.0223239, , , , , , , 30.9814615, -0.0068818, , , , , , , 30.9814615, -0.0082246, , , , , , , 30.9814615, 0.0015106, , , , , , , , , , , , , , , , , , , , , , , , , , , , 
30.9819808, 0.0313878, , , , , , , 30.9819808, -0.0075532, , , , , , , 30.9819808, -0.008896, , , , , , , 30.9819808, -0.0005035, , , , , , , , , , , , , , , , , , , , , , , , , , , , 
30.9825, 0.0381018, , , , , , , 30.9825, -0.0095674, , , , , , , 30.9825, -0.011078, , , , , , , 30.9825, -0.0048676, , , , , , , , , , , , , , , , , , , , , , , , , , , , 
30.9830192, 0.0407874, , , , , , , 30.9830192, -0.0127565, , , , , , , 30.9830192, -0.01561, , , , , , , 30.9830192, -0.0149386, , , , , , , , , , , , , , , , , , , , , , , , , , , , 
30.9835385, 0.0468299, , , , , , , 30.9835385, -0.012253, , , , , , , 30.9835385, -0.018967, , , , , , , 30.9835385, -0.0263523, , , , , , , , , , , , , , , , , , , , , , , , , , , , 
30.9840577, 0.0565652, , , , , , , 30.9840577, -0.0062104, , , , , , , 30.9840577, -0.0176242, , , , , , , 30.9840577, -0.0340734, , , , , , , , , , , , , , , , , , , , , , , , , , , , 
30.9845769, 0.0622721, , , , , , , 30.9845769, -0.0035248, , , , , , , 30.9845769, -0.0166171, , , , , , , 30.9845769, -0.0370947, , , , , , , , , , , , , , , , , , , , , , , , , , , , 
30.9850962, 0.054551, , , , , , , 30.9850962, -0.0065461, , , , , , , 30.9850962, -0.0162814, , , , , , , 30.9850962, -0.0360876, , , , , , , , , , , , , , , , , , , , , , , , , , , , 
30.9856154, 0.0407874, , , , , , , 30.9856154, -0.0092317, , , , , , , 30.9856154, -0.0135958, , , , , , , 30.9856154, -0.0340734, , , , , , , , , , , , , , , , , , , , , , , , , , , , 
30.9861346, 0.033402, , , , , , , 30.9861346, -0.0078889, , , , , , , 30.9861346, -0.0119173, , , , , , , 30.9861346, -0.0303807, , , , , , , , , , , , , , , , , , , , , , , , , , , , 
30.9866538, 0.0243381, , , , , , , 30.9866538, -0.0082246, , , , , , , 30.9866538, -0.0132601, , , , , , , 30.9866538, -0.0223239, , , , , , , , , , , , , , , , , , , , , , , , , , , , 
30.9871731, 0.0140993, , , , , , , 30.9871731, -0.0082246, , , , , , , 30.9871731, -0.012253, , , , , , , 30.9871731, -0.0115816, , , , , , , , , , , , , , , , , , , , , , , , , , , , 
30.9876923, 0.0072175, , , , , , , 30.9876923, -0.0072175, , , , , , , 30.9876923, -0.0083925, , , , , , , 30.9876923, -0.0016785, , , , , , , , , , , , , , , , , , , , , , , , , , , , 
30.9882115, 0.0052033, , , , , , , 30.9882115, -0.0062104, , , , , , , 30.9882115, -0.0062104, , , , , , , 30.9882115, 0.0072175, , , , , , , , , , , , , , , , , , , , , , , , , , , , 
30.9887308, 0.0025177, , , , , , , 30.9887308, -0.0048676, , , , , , , 30.9887308, -0.0072175, , , , , , , 30.9887308, 0.0179599, , , , , , , , , , , , , , , , , , , , , , , , , , , , 
30.98925, -0.0038605, , , , , , , 30.98925, -0.0048676, , , , , , , 30.98925, -0.0057069, , , , , , , 30.98925, 0.030045, , , , , , , , , , , , , , , , , , , , , , , , , , , , 
30.9897692, -0.0097353, , , , , , , 30.9897692, -0.0048676, , , , , , , 30.9897692, -0.0035248, , , , , , , 30.9897692, 0.0414588, , , , , , , , , , , , , , , , , , , , , , , , , , , , 
30.9902885, -0.0149386, , , , , , , 30.9902885, -0.0052033, , , , , , , 30.9902885, -0.0028534, , , , , , , 30.9902885, 0.0495155, , , , , , , , , , , , , , , , , , , , , , , , , , , , 
30.9908077, -0.0243381, , , , , , , 30.9908077, -0.0041962, , , , , , , 30.9908077, -0.0011749, , , , , , , 30.9908077, 0.0565652, , , , , , , , , , , , , , , , , , , , , , , , , , , , 
30.9913269, -0.0320592, , , , , , , 30.9913269, -0.002182, , , , , , , 30.9913269, 0.0005035, , , , , , , 30.9913269, 0.0629435, , , , , , , , , , , , , , , , , , , , , , , , , , , , 
30.9918462, -0.033402, , , , , , , 30.9918462, -0.0001678, , , , , , , 30.9918462, 0.0015106, , , , , , , 30.9918462, 0.0679789, , , , , , , , , , , , , , , , , , , , , , , , , , , , 
30.9923654, -0.0394446, , , , , , , 30.9923654, 0.0023499, , , , , , , 30.9923654, 0.0015106, , , , , , , 30.9923654, 0.0659648, , , , , , , , , , , , , , , , , , , , , , , , , , , , 
30.9928846, -0.043473, , , , , , , 30.9928846, 0.0018463, , , , , , , 30.9928846, -0.0015106, , , , , , , 30.9928846, 0.0592508, , , , , , , , , , , , , , , , , , , , , , , , , , , , 
30.9934038, -0.0290379, , , , , , , 30.9934038, -0.0016785, , , , , , , 30.9934038, -0.0048676, , , , , , , 30.9934038, 0.047837, , , , , , , , , , , , , , , , , , , , , , , , , , , , 
30.9939231, -0.0028534, , , , , , , 30.9939231, -0.0041962, , , , , , , 30.9939231, -0.0063783, , , , , , , 30.9939231, 0.0384375, , , , , , , , , , , , , , , , , , , , , , , , , , , , 
30.9944423, 0.0137636, , , , , , , 30.9944423, -0.0075532, , , , , , , 30.9944423, -0.0062104, , , , , , , 30.9944423, 0.0313878, , , , , , , , , , , , , , , , , , , , , , , , , , , , 
30.9949615, 0.0149386, , , , , , , 30.9949615, -0.012253, , , , , , , 30.9949615, -0.0058747, , , , , , , 30.9949615, 0.0265202, , , , , , , , , , , , , , , , , , , , , , , , , , , , 
30.9954808, 0.0109102, , , , , , , 30.9954808, -0.0172885, , , , , , , 30.9954808, -0.005539, , , , , , , 30.9954808, 0.0199741, , , , , , , , , , , , , , , , , , , , , , , , , , , , 
30.996, 0.0099031, , , , , , , 30.996, -0.0179599, , , , , , , 30.996, -0.005539, , , , , , , 30.996, 0.0129244, , , , , , , , , , , , , , , , , , , , , , , , , , , , 
30.9965192, 0.0078889, , , , , , , 30.9965192, -0.0169528, , , , , , , 30.9965192, -0.0070497, , , , , , , 30.9965192, 0.0075532, , , , , , , , , , , , , , , , , , , , , , , , , , , , 
30.9970385, 0.0031891, , , , , , , 30.9970385, -0.0152743, , , , , , , 30.9970385, -0.008896, , , , , , , 30.9970385, 0.0062104, , , , , , , , , , , , , , , , , , , , , , , , , , , , 
30.9975577, -0.0048676, , , , , , , 30.9975577, -0.0149386, , , , , , , 30.9975577, -0.0102388, , , , , , , 30.9975577, 0.0050355, , , , , , , , , , , , , , , , , , , , , , , , , , , , 
30.9980769, -0.0112459, , , , , , , 30.9980769, -0.0162814, , , , , , , 30.9980769, -0.0097353, , , , , , , 30.9980769, 0.005539, , , , , , , , , , , , , , , , , , , , , , , , , , , , 
30.9985962, -0.0075532, , , , , , , 30.9985962, -0.0162814, , , , , , , 30.9985962, -0.0099031, , , , , , , 30.9985962, 0.0092317, , , , , , , , , , , , , , , , , , , , , , , , , , , , 
30.9991154, 0.0058747, , , , , , , 30.9991154, -0.0137636, , , , , , , 30.9991154, -0.008896, , , , , , , 30.9991154, 0.0124208, , , , , , , , , , , , , , , , , , , , , , , , , , , , 
30.9996346, 0.0203098, , , , , , , 30.9996346, -0.012253, , , , , , , 30.9996346, -0.0082246, , , , , , , 30.9996346, 0.0105745, , , , , , , , , , , , , , , , , , , , , , , , , , , , 
31.0001538, 0.026688, , , , , , , 31.0001538, -0.0102388, , , , , , , 31.0001538, -0.0075532, , , , , , , 31.0001538, 0.0105745, , , , , , , , , , , , , , , , , , , , , , , , , , , , 
31.0006731, 0.0280308, , , , , , , 31.0006731, -0.005539, , , , , , , 31.0006731, -0.0082246, , , , , , , 31.0006731, 0.0119173, , , , , , , , , , , , , , , , , , , , , , , , , , , , 
31.0011923, 0.0287022, , , , , , , 31.0011923, -0.0008392, , , , , , , 31.0011923, -0.0072175, , , , , , , 31.0011923, 0.0102388, , , , , , , , , , , , , , , , , , , , , , , , , , , , 
31.0017115, 0.0253452, , , , , , , 31.0017115, 0.0011749, , , , , , , 31.0017115, -0.0075532, , , , , , , 31.0017115, 0.0078889, , , , , , , , , , , , , , , , , , , , , , , , , , , , 
31.0022308, 0.0213169, , , , , , , 31.0022308, 0.0018463, , , , , , , 31.0022308, -0.0092317, , , , , , , 31.0022308, 0.0048676, , , , , , , , , , , , , , , , , , , , , , , , , , , , 
31.00275, 0.0223239, , , , , , , 31.00275, -0.0010071, , , , , , , 31.00275, -0.0117494, , , , , , , 31.00275, -0.0001678, , , , , , , , , , , , , , , , , , , , , , , , , , , , 
31.0032692, 0.026688, , , , , , , 31.0032692, -0.0035248, , , , , , , 31.0032692, -0.0112459, , , , , , , 31.0032692, -0.0099031, , , , , , , , , , , , , , , , , , , , , , , , , , , , 
31.0037885, 0.0397803, , , , , , , 31.0037885, -0.0035248, , , , , , , 31.0037885, -0.0095674, , , , , , , 31.0037885, -0.0229953, , , , , , , , , , , , , , , , , , , , , , , , , , , , 
31.0043077, 0.0414588, , , , , , , 31.0043077, -0.0041962, , , , , , , 31.0043077, -0.0115816, , , , , , , 31.0043077, -0.0297093, , , , , , , , , , , , , , , , , , , , , , , , , , , , 
31.0048269, 0.0365911, , , , , , , 31.0048269, -0.005539, , , , , , , 31.0048269, -0.014435, , , , , , , 31.0048269, -0.0280308, , , , , , , , , , , , , , , , , , , , , , , , , , , , 
31.0053462, 0.0340734, , , , , , , 31.0053462, -0.0068818, , , , , , , 31.0053462, -0.0172885, , , , , , , 31.0053462, -0.0270237, , , , , , , , , , , , , , , , , , , , , , , , , , , , 
31.0058654, 0.0313878, , , , , , , 31.0058654, -0.0078889, , , , , , , 31.0058654, -0.0182956, , , , , , , 31.0058654, -0.0273594, , , , , , , , , , , , , , , , , , , , , , , , , , , , 
31.0063846, 0.0273594, , , , , , , 31.0063846, -0.0075532, , , , , , , 31.0063846, -0.0164492, , , , , , , 31.0063846, -0.0216526, , , , , , , , , , , , , , , , , , , , , , , , , , , , 
31.0069038, 0.0240024, , , , , , , 31.0069038, -0.0065461, , , , , , , 31.0069038, -0.0142672, , , , , , , 31.0069038, -0.0139315, , , , , , , , , , , , , , , , , , , , , , , , , , , , 
31.0074231, 0.0179599, , , , , , , 31.0074231, -0.0078889, , , , , , , 31.0074231, -0.0112459, , , , , , , 31.0074231, -0.0062104, , , , , , , , , , , , , , , , , , , , , , , , , , , , 
31.0079423, 0.0099031, , , , , , , 31.0079423, -0.0099031, , , , , , , 31.0079423, -0.0068818, , , , , , , 31.0079423, 0.0010071, , , , , , , , , , , , , , , , , , , , , , , , , , , , 
31.0084615, 0.005539, , , , , , , 31.0084615, -0.0095674, , , , , , , 31.0084615, -0.0028534, , , , , , , 31.0084615, 0.0085603, , , , , , , , , , , , , , , , , , , , , , , , , , , , 
31.0089808, 0.0011749, , , , , , , 31.0089808, -0.0072175, , , , , , , 31.0089808, 0.0028534, , , , , , , 31.0089808, 0.0199741, , , , , , , , , , , , , , , , , , , , , , , , , , , , 
31.0095, -0.0075532, , , , , , , 31.0095, -0.005539, , , , , , , 31.0095, 0.008896, , , , , , , 31.0095, 0.0327306, , , , , , , , , , , , , , , , , , , , , , , , , , , , 
31.0100192, -0.0166171, , , , , , , 31.0100192, -0.0028534, , , , , , , 31.0100192, 0.0092317, , , , , , , 31.0100192, 0.0417945, , , , , , , , , , , , , , , , , , , , , , , , , , , , 
31.0105385, -0.0216526, , , , , , , 31.0105385, -0.0008392, , , , , , , 31.0105385, 0.0058747, , , , , , , 31.0105385, 0.0481727, , , , , , , , , , , , , , , , , , , , , , , , , , , , 
31.0110577, -0.0246738, , , , , , , 31.0110577, -0.0018463, , , , , , , 31.0110577, 0.0057069, , , , , , , 31.0110577, 0.0538796, , , , , , , , , , , , , , , , , , , , , , , , , , , , 
31.0115769, -0.0270237, , , , , , , 31.0115769, -0.0026856, , , , , , , 31.0115769, 0.0058747, , , , , , , 31.0115769, 0.0594186, , , , , , , , , , , , , , , , , , , , , , , , , , , , 
31.0120962, -0.0223239, , , , , , , 31.0120962, -0.0015106, , , , , , , 31.0120962, 0.0050355, , , , , , , 31.0120962, 0.0632792, , , , , , , , , , , , , , , , , , , , , , , , , , , , 
31.0126154, -0.0135958, , , , , , , 31.0126154, -0.0008392, , , , , , , 31.0126154, 0.0035248, , , , , , , 31.0126154, 0.0647898, , , , , , , , , , , , , , , , , , , , , , , , , , , , 
31.0131346, -0.005539, , , , , , , 31.0131346, -0.0011749, , , , , , , 31.0131346, 0.0005035, , , , , , , 31.0131346, 0.0602579, , , , , , , , , , , , , , , , , , , , , , , , , , , , 
31.0136538, -0.0015106, , , , , , , 31.0136538, -0.0062104, , , , , , , 31.0136538, -0.0035248, , , , , , , 31.0136538, 0.0488441, , , , , , , , , , , , , , , , , , , , , , , , , , , , 
31.0141731, 0.0011749, , , , , , , 31.0141731, -0.0149386, , , , , , , 31.0141731, -0.0068818, , , , , , , 31.0141731, 0.0377661, , , , , , , , , , , , , , , , , , , , , , , , , , , , 
31.0146923, 0.0072175, , , , , , , 31.0146923, -0.017792, , , , , , , 31.0146923, -0.008896, , , , , , , 31.0146923, 0.0307164, , , , , , , , , , , , , , , , , , , , , , , , , , , , 
31.0152115, 0.01561, , , , , , , 31.0152115, -0.0109102, , , , , , , 31.0152115, -0.0095674, , , , , , , 31.0152115, 0.0260166, , , , , , , , , , , , , , , , , , , , , , , , , , , , 
31.0157308, 0.0206455, , , , , , , 31.0157308, 0.0011749, , , , , , , 31.0157308, -0.0095674, , , , , , , 31.0157308, 0.0213169, , , , , , , , , , , , , , , , , , , , , , , , , , , , 
31.01625, 0.0219883, , , , , , , 31.01625, 0.0065461, , , , , , , 31.01625, -0.008896, , , , , , , 31.01625, 0.018967, , , , , , , , , , , , , , , , , , , , , , , , , , , , 
31.0167692, 0.0243381, , , , , , , 31.0167692, 0.0031891, , , , , , , 31.0167692, -0.0077211, , , , , , , 31.0167692, 0.0169528, , , , , , , , , , , , , , , , , , , , , , , , , , , , 
31.0172885, 0.0292058, , , , , , , 31.0172885, 0.0001678, , , , , , , 31.0172885, -0.0065461, , , , , , , 31.0172885, 0.012253, , , , , , , , , , , , , , , , , , , , , , , , , , , , 
31.0178077, 0.027863, , , , , , , 31.0178077, 0.0048676, , , , , , , 31.0178077, -0.0072175, , , , , , , 31.0178077, 0.0082246, , , , , , , , , , , , , , , , , , , , , , , , , , , , 
31.0183269, 0.0260166, , , , , , , 31.0183269, 0.0112459, , , , , , , 31.0183269, -0.0078889, , , , , , , 31.0183269, 0.0070497, , , , , , , , , , , , , , , , , , , , , , , , , , , , 
31.0188462, 0.0270237, , , , , , , 31.0188462, 0.0137636, , , , , , , 31.0188462, -0.0085603, , , , , , , 31.0188462, 0.0045319, , , , , , , , , , , , , , , , , , , , , , , , , , , , 
31.0193654, 0.0293736, , , , , , , 31.0193654, 0.0072175, , , , , , , 31.0193654, -0.0109102, , , , , , , 31.0193654, 0.0015106, , , , , , , , , , , , , , , , , , , , , , , , , , , , 
31.0198846, 0.033402, , , , , , , 31.0198846, -0.0041962, , , , , , , 31.0198846, -0.0142672, , , , , , , 31.0198846, 0.0008392, , , , , , , , , , , , , , , , , , , , , , , , , , , , 
31.0204038, 0.0340734, , , , , , , 31.0204038, -0.0142672, , , , , , , 31.0204038, -0.0139315, , , , , , , 31.0204038, 0.0001678, , , , , , , , , , , , , , , , , , , , , , , , , , , , 
31.0209231, 0.0320592, , , , , , , 31.0209231, -0.0229953, , , , , , , 31.0209231, -0.0129244, , , , , , , 31.0209231, 0.0010071, , , , , , , , , , , , , , , , , , , , , , , , , , , , 
31.0214423, 0.0310521, , , , , , , 31.0214423, -0.0290379, , , , , , , 31.0214423, -0.0127565, , , , , , , 31.0214423, 0.0011749, , , , , , , , , , , , , , , , , , , , , , , , , , , , 
31.0219615, 0.0347448, , , , , , , 31.0219615, -0.0340734, , , , , , , 31.0219615, -0.011078, , , , , , , 31.0219615, 0.0011749, , , , , , , , , , , , , , , , , , , , , , , , , , , , 
31.0224808, 0.0414588, , , , , , , 31.0224808, -0.0397803, , , , , , , 31.0224808, -0.0112459, , , , , , , 31.0224808, -0.0028534, , , , , , , , , , , , , , , , , , , , , , , , , , , , 
31.023, 0.0451514, , , , , , , 31.023, -0.0412909, , , , , , , 31.023, -0.0162814, , , , , , , 31.023, -0.0124208, , , , , , , , , , , , , , , , , , , , , , , , , , , , 
31.0235192, 0.0392767, , , , , , , 31.0235192, -0.0397803, , , , , , , 31.0235192, -0.0198062, , , , , , , 31.0235192, -0.0229953, , , , , , , , , , , , , , , , , , , , , , , , , , , , 
31.0240385, 0.03122, , , , , , , 31.0240385, -0.0372625, , , , , , , 31.0240385, -0.0199741, , , , , , , 31.0240385, -0.0263523, , , , , , , , , , , , , , , , , , , , , , , , , , , , 
31.0245577, 0.023331, , , , , , , 31.0245577, -0.0323949, , , , , , , 31.0245577, -0.0186313, , , , , , , 31.0245577, -0.026688, , , , , , , , , , , , , , , , , , , , , , , , , , , , 
31.0250769, 0.0196384, , , , , , , 31.0250769, -0.0270237, , , , , , , 31.0250769, -0.0171206, , , , , , , 31.0250769, -0.0297093, , , , , , , , , , , , , , , , , , , , , , , , , , , , 
31.0255962, 0.0206455, , , , , , , 31.0255962, -0.0281987, , , , , , , 31.0255962, -0.0142672, , , , , , , 31.0255962, -0.0280308, , , , , , , , , , , , , , , , , , , , , , , , , , , , 
31.0261154, 0.0238346, , , , , , , 31.0261154, -0.0327306, , , , , , , 31.0261154, -0.012253, , , , , , , 31.0261154, -0.0182956, , , , , , , , , , , , , , , , , , , , , , , , , , , , 
31.0266346, 0.0256809, , , , , , , 31.0266346, -0.0290379, , , , , , , 31.0266346, -0.0109102, , , , , , , 31.0266346, -0.0075532, , , , , , , , , , , , , , , , , , , , , , , , , , , , 
31.0271538, 0.0250095, , , , , , , 31.0271538, -0.0199741, , , , , , , 31.0271538, -0.0105745, , , , , , , 31.0271538, 0.0011749, , , , , , , , , , , , , , , , , , , , , , , , , , , , 
31.0276731, 0.0203098, , , , , , , 31.0276731, -0.0112459, , , , , , , 31.0276731, -0.0095674, , , , , , , 31.0276731, 0.0099031, , , , , , , , , , , , , , , , , , , , , , , , , , , , 
31.0281923, 0.01561, , , , , , , 31.0281923, -0.0041962, , , , , , , 31.0281923, -0.0075532, , , , , , , 31.0281923, 0.0179599, , , , , , , , , , , , , , , , , , , , , , , , , , , , 
31.0287115, 0.0078889, , , , , , , 31.0287115, 0.0018463, , , , , , , 31.0287115, -0.005539, , , , , , , 31.0287115, 0.0260166, , , , , , , , , , , , , , , , , , , , , , , , , , , , 
31.0292308, -0.0001678, , , , , , , 31.0292308, 0.0062104, , , , , , , 31.0292308, -0.0045319, , , , , , , 31.0292308, 0.0340734, , , , , , , , , , , , , , , , , , , , , , , , , , , , 
31.02975, -0.0041962, , , , , , , 31.02975, 0.0085603, , , , , , , 31.02975, -0.003357, , , , , , , 31.02975, 0.0414588, , , , , , , , , , , , , , , , , , , , , , , , , , , , 
31.0302692, -0.0031891, , , , , , , 31.0302692, 0.014435, , , , , , , 31.0302692, -0.0025177, , , , , , , 31.0302692, 0.0496834, , , , , , , , , , , , , , , , , , , , , , , , , , , , 
31.0307885, -0.0008392, , , , , , , 31.0307885, 0.0206455, , , , , , , 31.0307885, 0.0003357, , , , , , , 31.0307885, 0.0555581, , , , , , , , , , , , , , , , , , , , , , , , , , , , 
31.0313077, -0.0048676, , , , , , , 31.0313077, 0.0179599, , , , , , , 31.0313077, 0.0011749, , , , , , , 31.0313077, 0.0602579, , , , , , , , , , , , , , , , , , , , , , , , , , , , 
31.0318269, -0.0078889, , , , , , , 31.0318269, 0.0065461, , , , , , , 31.0318269, 0.0025177, , , , , , , 31.0318269, 0.0669718, , , , , , , , , , , , , , , , , , , , , , , , , , , , 
31.0323462, -0.0087282, , , , , , , 31.0323462, -0.002182, , , , , , , 31.0323462, 0.0018463, , , , , , , 31.0323462, 0.0699931, , , , , , , , , , , , , , , , , , , , , , , , , , , , 
31.0328654, -0.0082246, , , , , , , 31.0328654, -0.0035248, , , , , , , 31.0328654, -0.0005035, , , , , , , 31.0328654, 0.0661326, , , , , , , , , , , , , , , , , , , , , , , , , , , , 
31.0333846, -0.0035248, , , , , , , 31.0333846, 0.0011749, , , , , , , 31.0333846, -0.0016785, , , , , , , 31.0333846, 0.0572366, , , , , , , , , , , , , , , , , , , , , , , , , , , , 
31.0339038, 0.0052033, , , , , , , 31.0339038, 0.0058747, , , , , , , 31.0339038, -0.0011749, , , , , , , 31.0339038, 0.0461585, , , , , , , , , , , , , , , , , , , , , , , , , , , , 
31.0344231, 0.0092317, , , , , , , 31.0344231, 0.0060426, , , , , , , 31.0344231, -0.0015106, , , , , , , 31.0344231, 0.036759, , , , , , , , , , , , , , , , , , , , , , , , , , , , 
31.0349423, 0.0095674, , , , , , , 31.0349423, 0.0005035, , , , , , , 31.0349423, -0.0035248, , , , , , , 31.0349423, 0.0283665, , , , , , , , , , , , , , , , , , , , , , , , , , , , 
31.0354615, 0.0142672, , , , , , , 31.0354615, -0.0028534, , , , , , , 31.0354615, -0.005539, , , , , , , 31.0354615, 0.0218204, , , , , , , , , , , , , , , , , , , , , , , , , , , , 
31.0359808, 0.023331, , , , , , , 31.0359808, -0.0023499, , , , , , , 31.0359808, -0.0068818, , , , , , , 31.0359808, 0.018967, , , , , , , , , , , , , , , , , , , , , , , , , , , , 
31.0365, 0.0290379, , , , , , , 31.0365, 0.0011749, , , , , , , 31.0365, -0.0075532, , , , , , , 31.0365, 0.0172885, , , , , , , , , , , , , , , , , , , , , , , , , , , , 
31.0370192, 0.0253452, , , , , , , 31.0370192, 0.0058747, , , , , , , 31.0370192, -0.0075532, , , , , , , 31.0370192, 0.0134279, , , , , , , , , , , , , , , , , , , , , , , , , , , , 
31.0375385, 0.0219883, , , , , , , 31.0375385, 0.0058747, , , , , , , 31.0375385, -0.0082246, , , , , , , 31.0375385, 0.0078889, , , , , , , , , , , , , , , , , , , , , , , , , , , , 
31.0380577, 0.0219883, , , , , , , 31.0380577, 0.0011749, , , , , , , 31.0380577, -0.0095674, , , , , , , 31.0380577, 0.0052033, , , , , , , , , , , , , , , , , , , , , , , , , , , , 
31.0385769, 0.0182956, , , , , , , 31.0385769, -0.0025177, , , , , , , 31.0385769, -0.0109102, , , , , , , 31.0385769, 0.0038605, , , , , , , , , , , , , , , , , , , , , , , , , , , , 
31.0390962, 0.0080568, , , , , , , 31.0390962, -0.0048676, , , , , , , 31.0390962, -0.0130922, , , , , , , 31.0390962, 0.0015106, , , , , , , , , , , , , , , , , , , , , , , , , , , , 
31.0396154, -0.0038605, , , , , , , 31.0396154, -0.0068818, , , , , , , 31.0396154, -0.0130922, , , , , , , 31.0396154, 0.0008392, , , , , , , , , , , , , , , , , , , , , , , , , , , , 
31.0401346, -0.0115816, , , , , , , 31.0401346, -0.0062104, , , , , , , 31.0401346, -0.0109102, , , , , , , 31.0401346, -0.0001678, , , , , , , , , , , , , , , , , , , , , , , , , , , , 
31.0406538, -0.0135958, , , , , , , 31.0406538, -0.0038605, , , , , , , 31.0406538, -0.0085603, , , , , , , 31.0406538, -0.0031891, , , , , , , , , , , , , , , , , , , , , , , , , , , , 
31.0411731, -0.0104067, , , , , , , 31.0411731, -0.0011749, , , , , , , 31.0411731, -0.008896, , , , , , , 31.0411731, -0.0062104, , , , , , , , , , , , , , , , , , , , , , , , , , , , 
31.0416923, -0.0063783, , , , , , , 31.0416923, 0.0001678, , , , , , , 31.0416923, -0.0095674, , , , , , , 31.0416923, -0.0072175, , , , , , , , , , , , , , , , , , , , , , , , , , , , 
31.0422115, -0.0058747, , , , , , , 31.0422115, -0.0018463, , , , , , , 31.0422115, -0.0097353, , , , , , , 31.0422115, -0.0078889, , , , , , , , , , , , , , , , , , , , , , , , , , , , 
31.0427308, -0.0028534, , , , , , , 31.0427308, -0.0057069, , , , , , , 31.0427308, -0.0125887, , , , , , , 31.0427308, -0.0135958, , , , , , , , , , , , , , , , , , , , , , , , , , , , 
31.04325, 0.0112459, , , , , , , 31.04325, -0.0095674, , , , , , , 31.04325, -0.0162814, , , , , , , 31.04325, -0.0263523, , , , , , , , , , , , , , , , , , , , , , , , , , , , 
31.0437692, 0.0349126, , , , , , , 31.0437692, -0.0104067, , , , , , , 31.0437692, -0.0171206, , , , , , , 31.0437692, -0.0354162, , , , , , , , , , , , , , , , , , , , , , , , , , , , 
31.0442885, 0.0555581, , , , , , , 31.0442885, -0.0095674, , , , , , , 31.0442885, -0.0179599, , , , , , , 31.0442885, -0.0384375, , , , , , , , , , , , , , , , , , , , , , , , , , , , 
31.0448077, 0.0572366, , , , , , , 31.0448077, -0.0117494, , , , , , , 31.0448077, -0.0172885, , , , , , , 31.0448077, -0.0404517, , , , , , , , , , , , , , , , , , , , , , , , , , , , 
31.0453269, 0.0485084, , , , , , , 31.0453269, -0.0149386, , , , , , , 31.0453269, -0.01561, , , , , , , 31.0453269, -0.0381018, , , , , , , , , , , , , , , , , , , , , , , , , , , , 
31.0458462, 0.0392767, , , , , , , 31.0458462, -0.0152743, , , , , , , 31.0458462, -0.0166171, , , , , , , 31.0458462, -0.0327306, , , , , , , , , , , , , , , , , , , , , , , , , , , , 
31.0463654, 0.0347448, , , , , , , 31.0463654, -0.0132601, , , , , , , 31.0463654, -0.0182956, , , , , , , 31.0463654, -0.0281987, , , , , , , , , , , , , , , , , , , , , , , , , , , , 
31.0468846, 0.0320592, , , , , , , 31.0468846, -0.0090639, , , , , , , 31.0468846, -0.0176242, , , , , , , 31.0468846, -0.0219883, , , , , , , , , , , , , , , , , , , , , , , , , , , , 
31.0474038, 0.0270237, , , , , , , 31.0474038, -0.0065461, , , , , , , 31.0474038, -0.0149386, , , , , , , 31.0474038, -0.0132601, , , , , , , , , , , , , , , , , , , , , , , , , , , , 
31.0479231, 0.0209812, , , , , , , 31.0479231, -0.0065461, , , , , , , 31.0479231, -0.0102388, , , , , , , 31.0479231, -0.002182, , , , , , , , , , , , , , , , , , , , , , , , , , , , 
31.0484423, 0.0157778, , , , , , , 31.0484423, -0.0082246, , , , , , , 31.0484423, -0.0082246, , , , , , , 31.0484423, 0.0057069, , , , , , , , , , , , , , , , , , , , , , , , , , , , 
31.0489615, 0.0065461, , , , , , , 31.0489615, -0.0083925, , , , , , , 31.0489615, -0.0062104, , , , , , , 31.0489615, 0.0146029, , , , , , , , , , , , , , , , , , , , , , , , , , , , 
31.0494808, -0.0068818, , , , , , , 31.0494808, -0.0075532, , , , , , , 31.0494808, -0.0041962, , , , , , , 31.0494808, 0.0270237, , , , , , , , , , , , , , , , , , , , , , , , , , , , 
31.05, -0.0250095, , , , , , , 31.05, -0.0082246, , , , , , , 31.05, -0.0015106, , , , , , , 31.05, 0.0387732, , , , , , , , , , , , , , , , , , , , , , , , , , , , 
31.0505192, -0.0411231, , , , , , , 31.0505192, -0.0092317, , , , , , , 31.0505192, -0.0005035, , , , , , , 31.0505192, 0.0471656, , , , , , , , , , , , , , , , , , , , , , , , , , , , 
31.0510385, -0.0471656, , , , , , , 31.0510385, -0.0082246, , , , , , , 31.0510385, -0.0005035, , , , , , , 31.0510385, 0.0532082, , , , , , , , , , , , , , , , , , , , , , , , , , , , 
31.0515577, -0.0473335, , , , , , , 31.0515577, -0.0068818, , , , , , , 31.0515577, -0.0011749, , , , , , , 31.0515577, 0.0592508, , , , , , , , , , , , , , , , , , , , , , , , , , , , 
31.0520769, -0.0441444, , , , , , , 31.0520769, -0.0092317, , , , , , , 31.0520769, -0.0018463, , , , , , , 31.0520769, 0.0642863, , , , , , , , , , , , , , , , , , , , , , , , , , , , 
31.0525962, -0.0332341, , , , , , , 31.0525962, -0.0117494, , , , , , , 31.0525962, -0.0048676, , , , , , , 31.0525962, 0.0616007, , , , , , , , , , , , , , , , , , , , , , , , , , , , 
31.0531154, -0.010071, , , , , , , 31.0531154, -0.0129244, , , , , , , 31.0531154, -0.0072175, , , , , , , 31.0531154, 0.0516976, , , , , , , , , , , , , , , , , , , , , , , , , , , , 
31.0536346, 0.0206455, , , , , , , 31.0536346, -0.0132601, , , , , , , 31.0536346, -0.008896, , , , , , , 31.0536346, 0.040116, , , , , , , , , , , , , , , , , , , , , , , , , , , , 
31.0541538, 0.042298, , , , , , , 31.0541538, -0.0132601, , , , , , , 31.0541538, -0.0109102, , , , , , , 31.0541538, 0.0305486, , , , , , , , , , , , , , , , , , , , , , , , , , , , 
31.0546731, 0.04448, , , , , , , 31.0546731, -0.0125887, , , , , , , 31.0546731, -0.0115816, , , , , , , 31.0546731, 0.0246738, , , , , , , , , , , , , , , , , , , , , , , , , , , , 
31.0551923, 0.0374304, , , , , , , 31.0551923, -0.0095674, , , , , , , 31.0551923, -0.0109102, , , , , , , 31.0551923, 0.0226596, , , , , , , , , , , , , , , , , , , , , , , , , , , , 
31.0557115, 0.0374304, , , , , , , 31.0557115, -0.0095674, , , , , , , 31.0557115, -0.008896, , , , , , , 31.0557115, 0.0213169, , , , , , , , , , , , , , , , , , , , , , , , , , , , 
31.0562308, 0.0354162, , , , , , , 31.0562308, -0.0099031, , , , , , , 31.0562308, -0.0085603, , , , , , , 31.0562308, 0.0191348, , , , , , , , , , , , , , , , , , , , , , , , , , , , 
31.05675, 0.0276951, , , , , , , 31.05675, -0.0095674, , , , , , , 31.05675, -0.0078889, , , , , , , 31.05675, 0.0159457, , , , , , , , , , , , , , , , , , , , , , , , , , , , 
31.0572692, 0.0256809, , , , , , , 31.0572692, -0.0078889, , , , , , , 31.0572692, -0.008896, , , , , , , 31.0572692, 0.0117494, , , , , , , , , , , , , , , , , , , , , , , , , , , , 
31.0577885, 0.0307164, , , , , , , 31.0577885, -0.0058747, , , , , , , 31.0577885, -0.012253, , , , , , , 31.0577885, 0.0075532, , , , , , , , , , , , , , , , , , , , , , , , , , , , 
31.0583077, 0.0292058, , , , , , , 31.0583077, -0.0057069, , , , , , , 31.0583077, -0.0142672, , , , , , , 31.0583077, 0.0045319, , , , , , , , , , , , , , , , , , , , , , , , , , , , 
31.0588269, 0.0219883, , , , , , , 31.0588269, -0.0068818, , , , , , , 31.0588269, -0.0135958, , , , , , , 31.0588269, 0.0031891, , , , , , , , , , , , , , , , , , , , , , , , , , , , 
31.0593462, 0.0206455, , , , , , , 31.0593462, -0.0072175, , , , , , , 31.0593462, -0.011078, , , , , , , 31.0593462, 0.0035248, , , , , , , , , , , , , , , , , , , , , , , , , , , , 
31.0598654, 0.0204776, , , , , , , 31.0598654, -0.0085603, , , , , , , 31.0598654, -0.0082246, , , , , , , 31.0598654, 0.0031891, , , , , , , , , , , , , , , , , , , , , , , , , , , , 
31.0603846, 0.0179599, , , , , , , 31.0603846, -0.0085603, , , , , , , 31.0603846, -0.005539, , , , , , , 31.0603846, 0.0038605, , , , , , , , , , , , , , , , , , , , , , , , , , , , 
31.0609038, 0.0179599, , , , , , , 31.0609038, -0.0092317, , , , , , , 31.0609038, -0.0041962, , , , , , , 31.0609038, 0.0048676, , , , , , , , , , , , , , , , , , , , , , , , , , , , 
31.0614231, 0.0226596, , , , , , , 31.0614231, -0.0115816, , , , , , , 31.0614231, -0.0028534, , , , , , , 31.0614231, 0.0045319, , , , , , , , , , , , , , , , , , , , , , , , , , , , 
31.0619423, 0.0287022, , , , , , , 31.0619423, -0.0137636, , , , , , , 31.0619423, -0.0038605, , , , , , , 31.0619423, 0.0023499, , , , , , , , , , , , , , , , , , , , , , , , , , , , 
31.0624615, 0.0253452, , , , , , , 31.0624615, -0.0140993, , , , , , , 31.0624615, -0.005539, , , , , , , 31.0624615, -0.0038605, , , , , , , , , , , , , , , , , , , , , , , , , , , , 
31.0629808, 0.0219883, , , , , , , 31.0629808, -0.0146029, , , , , , , 31.0629808, -0.0060426, , , , , , , 31.0629808, -0.0152743, , , , , , , , , , , , , , , , , , , , , , , , , , , , 
31.0635, 0.0283665, , , , , , , 31.0635, -0.0129244, , , , , , , 31.0635, -0.0072175, , , , , , , 31.0635, -0.0258488, , , , , , , , , , , , , , , , , , , , , , , , , , , , 
31.0640192, 0.0347448, , , , , , , 31.0640192, -0.0105745, , , , , , , 31.0640192, -0.0082246, , , , , , , 31.0640192, -0.0310521, , , , , , , , , , , , , , , , , , , , , , , , , , , , 
31.0645385, 0.0360876, , , , , , , 31.0645385, -0.0109102, , , , , , , 31.0645385, -0.0068818, , , , , , , 31.0645385, -0.0320592, , , , , , , , , , , , , , , , , , , , , , , , , , , , 
31.0650577, 0.0327306, , , , , , , 31.0650577, -0.0132601, , , , , , , 31.0650577, -0.0038605, , , , , , , 31.0650577, -0.0320592, , , , , , , , , , , , , , , , , , , , , , , , , , , , 
31.0655769, 0.0260166, , , , , , , 31.0655769, -0.0135958, , , , , , , 31.0655769, -0.0036927, , , , , , , 31.0655769, -0.0290379, , , , , , , , , , , , , , , , , , , , , , , , , , , , 
31.0660962, 0.017792, , , , , , , 31.0660962, -0.0115816, , , , , , , 31.0660962, -0.0062104, , , , , , , 31.0660962, -0.0238346, , , , , , , , , , , , , , , , , , , , , , , , , , , , 
31.0666154, 0.0092317, , , , , , , 31.0666154, -0.0099031, , , , , , , 31.0666154, -0.0068818, , , , , , , 31.0666154, -0.01561, , , , , , , , , , , , , , , , , , , , , , , , , , , , 
31.0671346, 0.0005035, , , , , , , 31.0671346, -0.0095674, , , , , , , 31.0671346, -0.0041962, , , , , , , 31.0671346, -0.0048676, , , , , , , , , , , , , , , , , , , , , , , , , , , , 
31.0676538, -0.0045319, , , , , , , 31.0676538, -0.0077211, , , , , , , 31.0676538, -0.0031891, , , , , , , 31.0676538, 0.0045319, , , , , , , , , , , , , , , , , , , , , , , , , , , , 
31.0681731, -0.0035248, , , , , , , 31.0681731, -0.0052033, , , , , , , 31.0681731, -0.0025177, , , , , , , 31.0681731, 0.0130922, , , , , , , , , , , , , , , , , , , , , , , , , , , , 
31.0686923, -0.002182, , , , , , , 31.0686923, -0.0028534, , , , , , , 31.0686923, -0.0001678, , , , , , , 31.0686923, 0.0219883, , , , , , , , , , , , , , , , , , , , , , , , , , , , 
31.0692115, 0.0023499, , , , , , , 31.0692115, -0.0008392, , , , , , , 31.0692115, 0.0028534, , , , , , , 31.0692115, 0.0307164, , , , , , , , , , , , , , , , , , , , , , , , , , , , 
31.0697308, 0.0198062, , , , , , , 31.0697308, -0.0001678, , , , , , , 31.0697308, 0.0028534, , , , , , , 31.0697308, 0.0394446, , , , , , , , , , , , , , , , , , , , , , , , , , , , 
31.07025, 0.033402, , , , , , , 31.07025, -0.0015106, , , , , , , 31.07025, 0.0023499, , , , , , , 31.07025, 0.0491798, , , , , , , , , , , , , , , , , , , , , , , , , , , , 
31.0707692, 0.0323949, , , , , , , 31.0707692, -0.0050355, , , , , , , 31.0707692, 0.0025177, , , , , , , 31.0707692, 0.0582437, , , , , , , , , , , , , , , , , , , , , , , , , , , , 
31.0712885, 0.0238346, , , , , , , 31.0712885, -0.0068818, , , , , , , 31.0712885, 0.0010071, , , , , , , 31.0712885, 0.0629435, , , , , , , , , , , , , , , , , , , , , , , , , , , , 
31.0718077, 0.0035248, , , , , , , 31.0718077, -0.0068818, , , , , , , 31.0718077, 0.0005035, , , , , , , 31.0718077, 0.0656291, , , , , , , , , , , , , , , , , , , , , , , , , , , , 
31.0723269, -0.0196384, , , , , , , 31.0723269, -0.0095674, , , , , , , 31.0723269, -0.0001678, , , , , , , 31.0723269, 0.0673075, , , , , , , , , , , , , , , , , , , , , , , , , , , , 
31.0728462, -0.0256809, , , , , , , 31.0728462, -0.0105745, , , , , , , 31.0728462, -0.0023499, , , , , , , 31.0728462, 0.0639506, , , , , , , , , , , , , , , , , , , , , , , , , , , , 
31.0733654, -0.0172885, , , , , , , 31.0733654, -0.0104067, , , , , , , 31.0733654, -0.0038605, , , , , , , 31.0733654, 0.0525368, , , , , , , , , , , , , , , , , , , , , , , , , , , , 
31.0738846, -0.0072175, , , , , , , 31.0738846, -0.0092317, , , , , , , 31.0738846, -0.0045319, , , , , , , 31.0738846, 0.0387732, , , , , , , , , , , , , , , , , , , , , , , , , , , , 
31.0744038, -0.0005035, , , , , , , 31.0744038, -0.0075532, , , , , , , 31.0744038, -0.0062104, , , , , , , 31.0744038, 0.0287022, , , , , , , , , , , , , , , , , , , , , , , , , , , , 
31.0749231, 0.0099031, , , , , , , 31.0749231, -0.0070497, , , , , , , 31.0749231, -0.0095674, , , , , , , 31.0749231, 0.0236667, , , , , , , , , , , , , , , , , , , , , , , , , , , , 
31.0754423, 0.0199741, , , , , , , 31.0754423, -0.0057069, , , , , , , 31.0754423, -0.0105745, , , , , , , 31.0754423, 0.0194705, , , , , , , , , , , , , , , , , , , , , , , , , , , , 
31.0759615, 0.0229953, , , , , , , 31.0759615, -0.0052033, , , , , , , 31.0759615, -0.008896, , , , , , , 31.0759615, 0.0166171, , , , , , , , , , , , , , , , , , , , , , , , , , , , 
31.0764808, 0.0243381, , , , , , , 31.0764808, -0.0068818, , , , , , , 31.0764808, -0.0085603, , , , , , , 31.0764808, 0.0157778, , , , , , , , , , , , , , , , , , , , , , , , , , , , 
31.077, 0.030045, , , , , , , 31.077, -0.0063783, , , , , , , 31.077, -0.0109102, , , , , , , 31.077, 0.0151064, , , , , , , , , , , , , , , , , , , , , , , , , , , , 
31.0775192, 0.0360876, , , , , , , 31.0775192, -0.0048676, , , , , , , 31.0775192, -0.011078, , , , , , , 31.0775192, 0.0135958, , , , , , , , , , , , , , , , , , , , , , , , , , , , 
31.0780385, 0.0391089, , , , , , , 31.0780385, -0.0031891, , , , , , , 31.0780385, -0.0112459, , , , , , , 31.0780385, 0.0104067, , , , , , , , , , , , , , , , , , , , , , , , , , , , 
31.0785577, 0.0360876, , , , , , , 31.0785577, -0.0025177, , , , , , , 31.0785577, -0.0112459, , , , , , , 31.0785577, 0.0078889, , , , , , , , , , , , , , , , , , , , , , , , , , , , 
31.0790769, 0.0293736, , , , , , , 31.0790769, -0.0028534, , , , , , , 31.0790769, -0.008896, , , , , , , 31.0790769, 0.0058747, , , , , , , , , , , , , , , , , , , , , , , , , , , , 
31.0795962, 0.0219883, , , , , , , 31.0795962, -0.0043641, , , , , , , 31.0795962, -0.008896, , , , , , , 31.0795962, 0.0050355, , , , , , , , , , , , , , , , , , , , , , , , , , , , 
31.0801154, 0.0166171, , , , , , , 31.0801154, -0.0041962, , , , , , , 31.0801154, -0.0095674, , , , , , , 31.0801154, 0.0043641, , , , , , , , , , , , , , , , , , , , , , , , , , , , 
31.0806346, 0.0119173, , , , , , , 31.0806346, -0.0031891, , , , , , , 31.0806346, -0.0102388, , , , , , , 31.0806346, 0.0031891, , , , , , , , , , , , , , , , , , , , , , , , , , , , 
31.0811538, 0.0082246, , , , , , , 31.0811538, -0.0046998, , , , , , , 31.0811538, -0.0105745, , , , , , , 31.0811538, 0.0005035, , , , , , , , , , , , , , , , , , , , , , , , , , , , 
31.0816731, 0.0085603, , , , , , , 31.0816731, -0.0112459, , , , , , , 31.0816731, -0.0102388, , , , , , , 31.0816731, -0.002182, , , , , , , , , , , , , , , , , , , , , , , , , , , , 
31.0821923, 0.0102388, , , , , , , 31.0821923, -0.0182956, , , , , , , 31.0821923, -0.012253, , , , , , , 31.0821923, -0.0062104, , , , , , , , , , , , , , , , , , , , , , , , , , , , 
31.0827115, 0.0159457, , , , , , , 31.0827115, -0.0223239, , , , , , , 31.0827115, -0.0166171, , , , , , , 31.0827115, -0.0119173, , , , , , , , , , , , , , , , , , , , , , , , , , , , 
31.0832308, 0.0292058, , , , , , , 31.0832308, -0.0238346, , , , , , , 31.0832308, -0.0179599, , , , , , , 31.0832308, -0.0191348, , , , , , , , , , , , , , , , , , , , , , , , , , , , 
31.08375, 0.0417945, , , , , , , 31.08375, -0.0224918, , , , , , , 31.08375, -0.0176242, , , , , , , 31.08375, -0.0276951, , , , , , , , , , , , , , , , , , , , , , , , , , , , 
31.0842692, 0.04448, , , , , , , 31.0842692, -0.0159457, , , , , , , 31.0842692, -0.0179599, , , , , , , 31.0842692, -0.0330663, , , , , , , , , , , , , , , , , , , , , , , , , , , , 
31.0847885, 0.0439765, , , , , , , 31.0847885, -0.0109102, , , , , , , 31.0847885, -0.0186313, , , , , , , 31.0847885, -0.0370947, , , , , , , , , , , , , , , , , , , , , , , , , , , , 
31.0853077, 0.0374304, , , , , , , 31.0853077, -0.0112459, , , , , , , 31.0853077, -0.017792, , , , , , , 31.0853077, -0.0357519, , , , , , , , , , , , , , , , , , , , , , , , , , , , 
31.0858269, 0.0297093, , , , , , , 31.0858269, -0.008896, , , , , , , 31.0858269, -0.01561, , , , , , , 31.0858269, -0.0290379, , , , , , , , , , , , , , , , , , , , , , , , , , , , 
31.0863462, 0.023331, , , , , , , 31.0863462, 0.0003357, , , , , , , 31.0863462, -0.0135958, , , , , , , 31.0863462, -0.0213169, , , , , , , , , , , , , , , , , , , , , , , , , , , , 
31.0868654, 0.0169528, , , , , , , 31.0868654, 0.0087282, , , , , , , 31.0868654, -0.0115816, , , , , , , 31.0868654, -0.0130922, , , , , , , , , , , , , , , , , , , , , , , , , , , , 
31.0873846, 0.0057069, , , , , , , 31.0873846, 0.0072175, , , , , , , 31.0873846, -0.0099031, , , , , , , 31.0873846, -0.002182, , , , , , , , , , , , , , , , , , , , , , , , , , , , 
31.0879038, -0.0015106, , , , , , , 31.0879038, -0.0008392, , , , , , , 31.0879038, -0.0095674, , , , , , , 31.0879038, 0.0060426, , , , , , , , , , , , , , , , , , , , , , , , , , , , 
31.0884231, -0.0015106, , , , , , , 31.0884231, -0.005539, , , , , , , 31.0884231, -0.0082246, , , , , , , 31.0884231, 0.0139315, , , , , , , , , , , , , , , , , , , , , , , , , , , , 
31.0889423, -0.0015106, , , , , , , 31.0889423, -0.0045319, , , , , , , 31.0889423, -0.0041962, , , , , , , 31.0889423, 0.0248417, , , , , , , , , , , , , , , , , , , , , , , , , , , , 
31.0894615, -0.012253, , , , , , , 31.0894615, -0.0016785, , , , , , , 31.0894615, 0.0010071, , , , , , , 31.0894615, 0.0360876, , , , , , , , , , , , , , , , , , , , , , , , , , , , 
31.0899808, -0.0256809, , , , , , , 31.0899808, -0.0011749, , , , , , , 31.0899808, 0.0025177, , , , , , , 31.0899808, 0.0451514, , , , , , , , , , , , , , , , , , , , , , , , , , , , 
31.0905, -0.0297093, , , , , , , 31.0905, -0.0041962, , , , , , , 31.0905, 0.0018463, , , , , , , 31.0905, 0.051194, , , , , , , , , , , , , , , , , , , , , , , , , , , , 
31.0910192, -0.0280308, , , , , , , 31.0910192, -0.0104067, , , , , , , 31.0910192, -0.0005035, , , , , , , 31.0910192, 0.0547189, , , , , , , , , , , , , , , , , , , , , , , , , , , , 
31.0915385, -0.0243381, , , , , , , 31.0915385, -0.0129244, , , , , , , 31.0915385, -0.0003357, , , , , , , 31.0915385, 0.06009, , , , , , , , , , , , , , , , , , , , , , , , , , , , 
31.0920577, -0.0209812, , , , , , , 31.0920577, -0.0115816, , , , , , , 31.0920577, 0.0001678, , , , , , , 31.0920577, 0.0656291, , , , , , , , , , , , , , , , , , , , , , , , , , , , 
31.0925769, -0.018967, , , , , , , 31.0925769, -0.0119173, , , , , , , 31.0925769, -0.0011749, , , , , , , 31.0925769, 0.063447, , , , , , , , , , , , , , , , , , , , , , , , , , , , 
31.0930962, -0.0191348, , , , , , , 31.0930962, -0.0112459, , , , , , , 31.0930962, -0.0028534, , , , , , , 31.0930962, 0.0540475, , , , , , , , , , , , , , , , , , , , , , , , , , , , 
31.0936154, -0.0149386, , , , , , , 31.0936154, -0.0216526, , , , , , , 31.0936154, -0.0048676, , , , , , , 31.0936154, 0.0438087, , , , , , , , , , , , , , , , , , , , , , , , , , , , 
31.0941346, -0.0038605, , , , , , , 31.0941346, -0.0354162, , , , , , , 31.0941346, -0.0075532, , , , , , , 31.0941346, 0.0347448, , , , , , , , , , , , , , , , , , , , , , , , , , , , 
31.0946538, 0.0045319, , , , , , , 31.0946538, -0.0350805, , , , , , , 31.0946538, -0.0078889, , , , , , , 31.0946538, 0.0283665, , , , , , , , , , , , , , , , , , , , , , , , , , , , 
31.0951731, 0.0090639, , , , , , , 31.0951731, -0.0169528, , , , , , , 31.0951731, -0.0068818, , , , , , , 31.0951731, 0.0240024, , , , , , , , , , , , , , , , , , , , , , , , , , , , 
31.0956923, 0.0119173, , , , , , , 31.0956923, 0.0078889, , , , , , , 31.0956923, -0.0077211, , , , , , , 31.0956923, 0.018967, , , , , , , , , , , , , , , , , , , , , , , , , , , , 
31.0962115, 0.0135958, , , , , , , 31.0962115, 0.0246738, , , , , , , 31.0962115, -0.0102388, , , , , , , 31.0962115, 0.0166171, , , , , , , , , , , , , , , , , , , , , , , , , , , , 
31.0967308, 0.0179599, , , , , , , 31.0967308, 0.026688, , , , , , , 31.0967308, -0.0105745, , , , , , , 31.0967308, 0.0152743, , , , , , , , , , , , , , , , , , , , , , , , , , , , 
31.09725, 0.0213169, , , , , , , 31.09725, 0.0224918, , , , , , , 31.09725, -0.008896, , , , , , , 31.09725, 0.0137636, , , , , , , , , , , , , , , , , , , , , , , , , , , , 
31.0977692, 0.0243381, , , , , , , 31.0977692, 0.0196384, , , , , , , 31.0977692, -0.0078889, , , , , , , 31.0977692, 0.0105745, , , , , , , , , , , , , , , , , , , , , , , , , , , , 
31.0982885, 0.0270237, , , , , , , 31.0982885, 0.0162814, , , , , , , 31.0982885, -0.0095674, , , , , , , 31.0982885, 0.0063783, , , , , , , , , , , , , , , , , , , , , , , , , , , , 
31.0988077, 0.0246738, , , , , , , 31.0988077, 0.0119173, , , , , , , 31.0988077, -0.0099031, , , , , , , 31.0988077, 0.003357, , , , , , , , , , , , , , , , , , , , , , , , , , , , 
31.0993269, 0.0240024, , , , , , , 31.0993269, 0.002182, , , , , , , 31.0993269, -0.0082246, , , , , , , 31.0993269, 0.0025177, , , , , , , , , , , , , , , , , , , , , , , , , , , , 
31.0998462, 0.0263523, , , , , , , 31.0998462, -0.0115816, , , , , , , 31.0998462, -0.0097353, , , , , , , 31.0998462, 0.0028534, , , , , , , , , , , , , , , , , , , , , , , , , , , , 
31.1003654, 0.0280308, , , , , , , 31.1003654, -0.0246738, , , , , , , 31.1003654, -0.0135958, , , , , , , 31.1003654, 0.0036927, , , , , , , , , , , , , , , , , , , , , , , , , , , , 
31.1008846, 0.0307164, , , , , , , 31.1008846, -0.0323949, , , , , , , 31.1008846, -0.0142672, , , , , , , 31.1008846, 0.0038605, , , , , , , , , , , , , , , , , , , , , , , , , , , , 
31.1014038, 0.0320592, , , , , , , 31.1014038, -0.0307164, , , , , , , 31.1014038, -0.012253, , , , , , , 31.1014038, 0.0045319, , , , , , , , , , , , , , , , , , , , , , , , , , , , 
31.1019231, 0.0297093, , , , , , , 31.1019231, -0.0203098, , , , , , , 31.1019231, -0.0102388, , , , , , , 31.1019231, 0.0058747, , , , , , , , , , , , , , , , , , , , , , , , , , , , 
31.1024423, 0.0258488, , , , , , , 31.1024423, -0.0124208, , , , , , , 31.1024423, -0.0099031, , , , , , , 31.1024423, 0.0038605, , , , , , , , , , , , , , , , , , , , , , , , , , , , 
31.1029615, 0.0270237, , , , , , , 31.1029615, -0.0092317, , , , , , , 31.1029615, -0.012253, , , , , , , 31.1029615, -0.0068818, , , , , , , , , , , , , , , , , , , , , , , , , , , , 
31.1034808, 0.0285344, , , , , , , 31.1034808, -0.0102388, , , , , , , 31.1034808, -0.0152743, , , , , , , 31.1034808, -0.0196384, , , , , , , , , , , , , , , , , , , , , , , , , , , , 
31.104, 0.0339055, , , , , , , 31.104, -0.0149386, , , , , , , 31.104, -0.0157778, , , , , , , 31.104, -0.0263523, , , , , , , , , , , , , , , , , , , , , , , , , , , , 
31.1045192, 0.0441444, , , , , , , 31.1045192, -0.0199741, , , , , , , 31.1045192, -0.01561, , , , , , , 31.1045192, -0.0283665, , , , , , , , , , , , , , , , , , , , , , , , , , , , 
31.1050385, 0.0540475, , , , , , , 31.1050385, -0.0218204, , , , , , , 31.1050385, -0.0135958, , , , , , , 31.1050385, -0.0271916, , , , , , , , , , , , , , , , , , , , , , , , , , , , 
31.1055577, 0.0535439, , , , , , , 31.1055577, -0.0196384, , , , , , , 31.1055577, -0.0102388, , , , , , , 31.1055577, -0.0260166, , , , , , , , , , , , , , , , , , , , , , , , , , , , 
31.1060769, 0.0451514, , , , , , , 31.1060769, -0.0169528, , , , , , , 31.1060769, -0.0095674, , , , , , , 31.1060769, -0.0238346, , , , , , , , , , , , , , , , , , , , , , , , , , , , 
31.1065962, 0.0370947, , , , , , , 31.1065962, -0.0166171, , , , , , , 31.1065962, -0.0095674, , , , , , , 31.1065962, -0.0184634, , , , , , , , , , , , , , , , , , , , , , , , , , , , 
31.1071154, 0.0310521, , , , , , , 31.1071154, -0.0162814, , , , , , , 31.1071154, -0.0095674, , , , , , , 31.1071154, -0.0095674, , , , , , , , , , , , , , , , , , , , , , , , , , , , 
31.1076346, 0.0226596, , , , , , , 31.1076346, -0.0159457, , , , , , , 31.1076346, -0.0085603, , , , , , , 31.1076346, -0.0015106, , , , , , , , , , , , , , , , , , , , , , , , , , , , 
31.1081538, 0.0139315, , , , , , , 31.1081538, -0.0142672, , , , , , , 31.1081538, -0.0065461, , , , , , , 31.1081538, 0.0062104, , , , , , , , , , , , , , , , , , , , , , , , , , , , 
31.1086731, 0.0025177, , , , , , , 31.1086731, -0.0124208, , , , , , , 31.1086731, -0.0043641, , , , , , , 31.1086731, 0.0166171, , , , , , , , , , , , , , , , , , , , , , , , , , , , 
31.1091923, -0.0109102, , , , , , , 31.1091923, -0.012253, , , , , , , 31.1091923, -0.0031891, , , , , , , 31.1091923, 0.0276951, , , , , , , , , , , , , , , , , , , , , , , , , , , , 
31.1097115, -0.0203098, , , , , , , 31.1097115, -0.0109102, , , , , , , 31.1097115, -0.0016785, , , , , , , 31.1097115, 0.0391089, , , , , , , , , , , , , , , , , , , , , , , , , , , , 
31.1102308, -0.0246738, , , , , , , 31.1102308, -0.0075532, , , , , , , 31.1102308, -0.0001678, , , , , , , 31.1102308, 0.0498512, , , , , , , , , , , , , , , , , , , , , , , , , , , , 
31.11075, -0.0273594, , , , , , , 31.11075, -0.005539, , , , , , , 31.11075, 0.0001678, , , , , , , 31.11075, 0.0572366, , , , , , , , , , , , , , , , , , , , , , , , , , , , 
31.1112692, -0.0303807, , , , , , , 31.1112692, -0.0038605, , , , , , , 31.1112692, -0.0001678, , , , , , , 31.1112692, 0.061265, , , , , , , , , , , , , , , , , , , , , , , , , , , , 
31.1117885, -0.0298772, , , , , , , 31.1117885, -0.0035248, , , , , , , 31.1117885, 0.0001678, , , , , , , 31.1117885, 0.0637827, , , , , , , , , , , , , , , , , , , , , , , , , , , , 
31.1123077, -0.0280308, , , , , , , 31.1123077, -0.0057069, , , , , , , 31.1123077, 0.0005035, , , , , , , 31.1123077, 0.0639506, , , , , , , , , , , , , , , , , , , , , , , , , , , , 
31.1128269, -0.0219883, , , , , , , 31.1128269, -0.005539, , , , , , , 31.1128269, 0.0011749, , , , , , , 31.1128269, 0.0609293, , , , , , , , , , , , , , , , , , , , , , , , , , , , 
31.1133462, -0.0151064, , , , , , , 31.1133462, -0.0048676, , , , , , , 31.1133462, 0.0015106, , , , , , , 31.1133462, 0.0538796, , , , , , , , , , , , , , , , , , , , , , , , , , , , 
31.1138654, -0.0082246, , , , , , , 31.1138654, -0.0052033, , , , , , , 31.1138654, -0.0001678, , , , , , , 31.1138654, 0.0454871, , , , , , , , , , , , , , , , , , , , , , , , , , , , 
31.1143846, 0.0038605, , , , , , , 31.1143846, -0.0063783, , , , , , , 31.1143846, -0.0018463, , , , , , , 31.1143846, 0.0379339, , , , , , , , , , , , , , , , , , , , , , , , , , , , 
31.1149038, 0.0203098, , , , , , , 31.1149038, -0.0068818, , , , , , , 31.1149038, -0.0005035, , , , , , , 31.1149038, 0.0298772, , , , , , , , , , , , , , , , , , , , , , , , , , , , 
31.1154231, 0.0307164, , , , , , , 31.1154231, -0.0072175, , , , , , , 31.1154231, 0.002182, , , , , , , 31.1154231, 0.0243381, , , , , , , , , , , , , , , , , , , , , , , , , , , , 
31.1159423, 0.0307164, , , , , , , 31.1159423, -0.0092317, , , , , , , 31.1159423, 0.0016785, , , , , , , 31.1159423, 0.0209812, , , , , , , , , , , , , , , , , , , , , , , , , , , , 
31.1164615, 0.0310521, , , , , , , 31.1164615, -0.0099031, , , , , , , 31.1164615, -0.0015106, , , , , , , 31.1164615, 0.0169528, , , , , , , , , , , , , , , , , , , , , , , , , , , , 
31.1169808, 0.0290379, , , , , , , 31.1169808, -0.0075532, , , , , , , 31.1169808, -0.0028534, , , , , , , 31.1169808, 0.0139315, , , , , , , , , , , , , , , , , , , , , , , , , , , , 
31.1175, 0.026688, , , , , , , 31.1175, -0.005539, , , , , , , 31.1175, -0.0028534, , , , , , , 31.1175, 0.0115816, , , , , , , , , , , , , , , , , , , , , , , , , , , , 
31.1180192, 0.0253452, , , , , , , 31.1180192, -0.005539, , , , , , , 31.1180192, -0.0028534, , , , , , , 31.1180192, 0.0083925, , , , , , , , , , , , , , , , , , , , , , , , , , , , 
31.1185385, 0.0253452, , , , , , , 31.1185385, -0.0068818, , , , , , , 31.1185385, -0.0030213, , , , , , , 31.1185385, 0.0058747, , , , , , , , , , , , , , , , , , , , , , , , , , , , 
31.1190577, 0.0246738, , , , , , , 31.1190577, -0.0095674, , , , , , , 31.1190577, -0.0052033, , , , , , , 31.1190577, 0.0028534, , , , , , , , , , , , , , , , , , , , , , , , , , , , 
31.1195769, 0.0171206, , , , , , , 31.1195769, -0.0159457, , , , , , , 31.1195769, -0.0105745, , , , , , , 31.1195769, 0.0025177, , , , , , , , , , , , , , , , , , , , , , , , , , , , 
31.1200962, 0.0104067, , , , , , , 31.1200962, -0.0236667, , , , , , , 31.1200962, -0.0149386, , , , , , , 31.1200962, 0.0043641, , , , , , , , , , , , , , , , , , , , , , , , , , , , 
31.1206154, 0.0146029, , , , , , , 31.1206154, -0.0258488, , , , , , , 31.1206154, -0.0162814, , , , , , , 31.1206154, 0.0038605, , , , , , , , , , , , , , , , , , , , , , , , , , , , 
31.1211346, 0.0179599, , , , , , , 31.1211346, -0.0162814, , , , , , , 31.1211346, -0.0162814, , , , , , , 31.1211346, 0.0025177, , , , , , , , , , , , , , , , , , , , , , , , , , , , 
31.1216538, 0.0191348, , , , , , , 31.1216538, 0.0005035, , , , , , , 31.1216538, -0.0162814, , , , , , , 31.1216538, -0.0018463, , , , , , , , , , , , , , , , , , , , , , , , , , , , 
31.1221731, 0.0246738, , , , , , , 31.1221731, 0.0132601, , , , , , , 31.1221731, -0.0169528, , , , , , , 31.1221731, -0.0062104, , , , , , , , , , , , , , , , , , , , , , , , , , , , 
31.1226923, 0.0293736, , , , , , , 31.1226923, 0.0132601, , , , , , , 31.1226923, -0.0179599, , , , , , , 31.1226923, -0.0130922, , , , , , , , , , , , , , , , , , , , , , , , , , , , 
31.1232115, 0.0240024, , , , , , , 31.1232115, 0.0052033, , , , , , , 31.1232115, -0.0196384, , , , , , , 31.1232115, -0.0231632, , , , , , , , , , , , , , , , , , , , , , , , , , , , 
31.1237308, 0.0223239, , , , , , , 31.1237308, 0.0005035, , , , , , , 31.1237308, -0.0196384, , , , , , , 31.1237308, -0.0290379, , , , , , , , , , , , , , , , , , , , , , , , , , , , 
31.12425, 0.0292058, , , , , , , 31.12425, 0.0062104, , , , , , , 31.12425, -0.018967, , , , , , , 31.12425, -0.030045, , , , , , , , , , , , , , , , , , , , , , , , , , , , 
31.1247692, 0.0424659, , , , , , , 31.1247692, 0.0104067, , , , , , , 31.1247692, -0.0182956, , , , , , , 31.1247692, -0.0305486, , , , , , , , , , , , , , , , , , , , , , , , , , , , 
31.1252885, 0.0481727, , , , , , , 31.1252885, 0.0018463, , , , , , , 31.1252885, -0.018967, , , , , , , 31.1252885, -0.033402, , , , , , , , , , , , , , , , , , , , , , , , , , , , 
31.1258077, 0.0412909, , , , , , , 31.1258077, -0.0075532, , , , , , , 31.1258077, -0.018967, , , , , , , 31.1258077, -0.0337377, , , , , , , , , , , , , , , , , , , , , , , , , , , , 
31.1263269, 0.0354162, , , , , , , 31.1263269, -0.0095674, , , , , , , 31.1263269, -0.0166171, , , , , , , 31.1263269, -0.0276951, , , , , , , , , , , , , , , , , , , , , , , , , , , , 
31.1268462, 0.0313878, , , , , , , 31.1268462, -0.0083925, , , , , , , 31.1268462, -0.012253, , , , , , , 31.1268462, -0.0154421, , , , , , , , , , , , , , , , , , , , , , , , , , , , 
31.1273654, 0.0270237, , , , , , , 31.1273654, -0.0048676, , , , , , , 31.1273654, -0.008896, , , , , , , 31.1273654, -0.0035248, , , , , , , , , , , , , , , , , , , , , , , , , , , , 
31.1278846, 0.0191348, , , , , , , 31.1278846, -0.0015106, , , , , , , 31.1278846, -0.0085603, , , , , , , 31.1278846, 0.0045319, , , , , , , , , , , , , , , , , , , , , , , , , , , , 
31.1284038, 0.0048676, , , , , , , 31.1284038, -0.0001678, , , , , , , 31.1284038, -0.0085603, , , , , , , 31.1284038, 0.0102388, , , , , , , , , , , , , , , , , , , , , , , , , , , , 
31.1289231, -0.0041962, , , , , , , 31.1289231, 0.0018463, , , , , , , 31.1289231, -0.0068818, , , , , , , 31.1289231, 0.0172885, , , , , , , , , , , , , , , , , , , , , , , , , , , , 
31.1294423, -0.0075532, , , , , , , 31.1294423, 0.0058747, , , , , , , 31.1294423, -0.0048676, , , , , , , 31.1294423, 0.027863, , , , , , , , , , , , , , , , , , , , , , , , , , , , 
31.1299615, -0.0082246, , , , , , , 31.1299615, 0.0092317, , , , , , , 31.1299615, -0.0016785, , , , , , , 31.1299615, 0.040116, , , , , , , , , , , , , , , , , , , , , , , , , , , , 
31.1304808, -0.0115816, , , , , , , 31.1304808, 0.0115816, , , , , , , 31.1304808, 0.0001678, , , , , , , 31.1304808, 0.0501869, , , , , , , , , , , , , , , , , , , , , , , , , , , , 
31.131, -0.0149386, , , , , , , 31.131, 0.0075532, , , , , , , 31.131, -0.0015106, , , , , , , 31.131, 0.0543832, , , , , , , , , , , , , , , , , , , , , , , , , , , , 
31.1315192, -0.0135958, , , , , , , 31.1315192, -0.0001678, , , , , , , 31.1315192, -0.0018463, , , , , , , 31.1315192, 0.0595865, , , , , , , , , , , , , , , , , , , , , , , , , , , , 
31.1320385, -0.0109102, , , , , , , 31.1320385, -0.0068818, , , , , , , 31.1320385, -0.0025177, , , , , , , 31.1320385, 0.0639506, , , , , , , , , , , , , , , , , , , , , , , , , , , , 
31.1325577, -0.0109102, , , , , , , 31.1325577, -0.0109102, , , , , , , 31.1325577, -0.0048676, , , , , , , 31.1325577, 0.0605936, , , , , , , , , , , , , , , , , , , , , , , , , , , , 
31.1330769, -0.0129244, , , , , , , 31.1330769, -0.0149386, , , , , , , 31.1330769, -0.0072175, , , , , , , 31.1330769, 0.0491798, , , , , , , , , , , , , , , , , , , , , , , , , , , , 
31.1335962, -0.0152743, , , , , , , 31.1335962, -0.0166171, , , , , , , 31.1335962, -0.008896, , , , , , , 31.1335962, 0.0377661, , , , , , , , , , , , , , , , , , , , , , , , , , , , 
31.1341154, -0.0124208, , , , , , , 31.1341154, -0.0159457, , , , , , , 31.1341154, -0.0065461, , , , , , , 31.1341154, 0.0317235, , , , , , , , , , , , , , , , , , , , , , , , , , , , 
31.1346346, -0.0035248, , , , , , , 31.1346346, -0.0142672, , , , , , , 31.1346346, -0.0062104, , , , , , , 31.1346346, 0.0281987, , , , , , , , , , , , , , , , , , , , , , , , , , , , 
31.1351538, 0.0030213, , , , , , , 31.1351538, -0.0135958, , , , , , , 31.1351538, -0.0072175, , , , , , , 31.1351538, 0.0246738, , , , , , , , , , , , , , , , , , , , , , , , , , , , 
31.1356731, 0.0072175, , , , , , , 31.1356731, -0.0154421, , , , , , , 31.1356731, -0.0072175, , , , , , , 31.1356731, 0.0193027, , , , , , , , , , , , , , , , , , , , , , , , , , , , 
31.1361923, 0.0119173, , , , , , , 31.1361923, -0.0167849, , , , , , , 31.1361923, -0.0052033, , , , , , , 31.1361923, 0.0146029, , , , , , , , , , , , , , , , , , , , , , , , , , , , 
31.1367115, 0.0159457, , , , , , , 31.1367115, -0.0159457, , , , , , , 31.1367115, -0.0035248, , , , , , , 31.1367115, 0.0146029, , , , , , , , , , , , , , , , , , , , , , , , , , , , 
31.1372308, 0.0236667, , , , , , , 31.1372308, -0.0132601, , , , , , , 31.1372308, -0.0028534, , , , , , , 31.1372308, 0.0125887, , , , , , , , , , , , , , , , , , , , , , , , , , , , 
31.13775, 0.0302129, , , , , , , 31.13775, -0.0129244, , , , , , , 31.13775, -0.0038605, , , , , , , 31.13775, 0.0092317, , , , , , , , , , , , , , , , , , , , , , , , , , , , 
31.1382692, 0.0303807, , , , , , , 31.1382692, -0.0130922, , , , , , , 31.1382692, -0.0045319, , , , , , , 31.1382692, 0.0082246, , , , , , , , , , , , , , , , , , , , , , , , , , , , 
31.1387885, 0.0285344, , , , , , , 31.1387885, -0.0132601, , , , , , , 31.1387885, -0.0052033, , , , , , , 31.1387885, 0.0072175, , , , , , , , , , , , , , , , , , , , , , , , , , , , 
31.1393077, 0.0243381, , , , , , , 31.1393077, -0.0142672, , , , , , , 31.1393077, -0.0045319, , , , , , , 31.1393077, 0.0065461, , , , , , , , , , , , , , , , , , , , , , , , , , , , 
31.1398269, 0.0209812, , , , , , , 31.1398269, -0.0159457, , , , , , , 31.1398269, -0.0046998, , , , , , , 31.1398269, 0.0038605, , , , , , , , , , , , , , , , , , , , , , , , , , , , 
31.1403462, 0.0253452, , , , , , , 31.1403462, -0.0176242, , , , , , , 31.1403462, -0.0058747, , , , , , , 31.1403462, -0.0003357, , , , , , , , , , , , , , , , , , , , , , , , , , , , 
31.1408654, 0.0313878, , , , , , , 31.1408654, -0.017792, , , , , , , 31.1408654, -0.0085603, , , , , , , 31.1408654, -0.0018463, , , , , , , , , , , , , , , , , , , , , , , , , , , , 
31.1413846, 0.0323949, , , , , , , 31.1413846, -0.0162814, , , , , , , 31.1413846, -0.0109102, , , , , , , 31.1413846, -0.0015106, , , , , , , , , , , , , , , , , , , , , , , , , , , , 
31.1419038, 0.030045, , , , , , , 31.1419038, -0.0149386, , , , , , , 31.1419038, -0.0109102, , , , , , , 31.1419038, -0.0035248, , , , , , , , , , , , , , , , , , , , , , , , , , , , 
31.1424231, 0.0256809, , , , , , , 31.1424231, -0.0142672, , , , , , , 31.1424231, -0.0102388, , , , , , , 31.1424231, -0.0075532, , , , , , , , , , , , , , , , , , , , , , , , , , , , 
31.1429423, 0.0218204, , , , , , , 31.1429423, -0.0135958, , , , , , , 31.1429423, -0.0119173, , , , , , , 31.1429423, -0.0162814, , , , , , , , , , , , , , , , , , , , , , , , , , , , 
31.1434615, 0.0240024, , , , , , , 31.1434615, -0.0127565, , , , , , , 31.1434615, -0.0135958, , , , , , , 31.1434615, -0.0265202, , , , , , , , , , , , , , , , , , , , , , , , , , , , 
31.1439808, 0.0290379, , , , , , , 31.1439808, -0.0102388, , , , , , , 31.1439808, -0.0124208, , , , , , , 31.1439808, -0.0317235, , , , , , , , , , , , , , , , , , , , , , , , , , , , 
31.1445, 0.0287022, , , , , , , 31.1445, -0.0075532, , , , , , , 31.1445, -0.0119173, , , , , , , 31.1445, -0.0340734, , , , , , , , , , , , , , , , , , , , , , , , , , , , 
31.1450192, 0.0251774, , , , , , , 31.1450192, -0.0052033, , , , , , , 31.1450192, -0.0129244, , , , , , , 31.1450192, -0.0340734, , , , , , , , , , , , , , , , , , , , , , , , , , , , 
31.1455385, 0.0213169, , , , , , , 31.1455385, -0.0035248, , , , , , , 31.1455385, -0.0129244, , , , , , , 31.1455385, -0.0317235, , , , , , , , , , , , , , , , , , , , , , , , , , , , 
31.1460577, 0.0152743, , , , , , , 31.1460577, -0.0045319, , , , , , , 31.1460577, -0.0105745, , , , , , , 31.1460577, -0.0256809, , , , , , , , , , , , , , , , , , , , , , , , , , , , 
31.1465769, 0.0083925, , , , , , , 31.1465769, -0.0062104, , , , , , , 31.1465769, -0.0082246, , , , , , , 31.1465769, -0.0167849, , , , , , , , , , , , , , , , , , , , , , , , , , , , 
31.1470962, 0.0078889, , , , , , , 31.1470962, -0.0058747, , , , , , , 31.1470962, -0.0062104, , , , , , , 31.1470962, -0.0092317, , , , , , , , , , , , , , , , , , , , , , , , , , , , 
31.1476154, 0.0092317, , , , , , , 31.1476154, -0.0052033, , , , , , , 31.1476154, -0.0050355, , , , , , , 31.1476154, -0.0025177, , , , , , , , , , , , , , , , , , , , , , , , , , , , 
31.1481346, 0.0062104, , , , , , , 31.1481346, -0.0036927, , , , , , , 31.1481346, -0.0058747, , , , , , , 31.1481346, 0.0062104, , , , , , , , , , , , , , , , , , , , , , , , , , , , 
31.1486538, 0.0016785, , , , , , , 31.1486538, -0.0025177, , , , , , , 31.1486538, -0.0038605, , , , , , , 31.1486538, 0.0169528, , , , , , , , , , , , , , , , , , , , , , , , , , , , 
31.1491731, -0.0070497, , , , , , , 31.1491731, -0.0018463, , , , , , , 31.1491731, -0.0001678, , , , , , , 31.1491731, 0.030045, , , , , , , , , , , , , , , , , , , , , , , , , , , , 
31.1496923, -0.018967, , , , , , , 31.1496923, -0.0008392, , , , , , , 31.1496923, 0.0005035, , , , , , , 31.1496923, 0.0404517, , , , , , , , , , , , , , , , , , , , , , , , , , , , 
31.1502115, -0.0228275, , , , , , , 31.1502115, -0.0011749, , , , , , , 31.1502115, 0.0001678, , , , , , , 31.1502115, 0.0495155, , , , , , , , , , , , , , , , , , , , , , , , , , , , 
31.1507308, -0.0184634, , , , , , , 31.1507308, -0.0015106, , , , , , , 31.1507308, 0.0011749, , , , , , , 31.1507308, 0.0589151, , , , , , , , , , , , , , , , , , , , , , , , , , , , 
31.15125, -0.0171206, , , , , , , 31.15125, 0.0011749, , , , , , , 31.15125, 0.0018463, , , , , , , 31.15125, 0.0649577, , , , , , , , , , , , , , , , , , , , , , , , , , , , 
31.1517692, -0.018967, , , , , , , 31.1517692, 0.0052033, , , , , , , 31.1517692, 0.0035248, , , , , , , 31.1517692, 0.0683146, , , , , , , , , , , , , , , , , , , , , , , , , , , , 
31.1522885, -0.01561, , , , , , , 31.1522885, 0.0078889, , , , , , , 31.1522885, 0.0028534, , , , , , , 31.1522885, 0.0693217, , , , , , , , , , , , , , , , , , , , , , , , , , , , 
31.1528077, -0.0125887, , , , , , , 31.1528077, 0.0078889, , , , , , , 31.1528077, -0.0011749, , , , , , , 31.1528077, 0.0659648, , , , , , , , , , , , , , , , , , , , , , , , , , , , 
31.1533269, -0.0031891, , , , , , , 31.1533269, 0.0095674, , , , , , , 31.1533269, -0.0048676, , , , , , , 31.1533269, 0.0565652, , , , , , , , , , , , , , , , , , , , , , , , , , , , 
31.1538462, 0.0095674, , , , , , , 31.1538462, 0.0146029, , , , , , , 31.1538462, -0.0052033, , , , , , , 31.1538462, 0.0454871, , , , , , , , , , , , , , , , , , , , , , , , , , , , 
31.1543654, 0.0154421, , , , , , , 31.1543654, 0.0159457, , , , , , , 31.1543654, -0.005539, , , , , , , 31.1543654, 0.036759, , , , , , , , , , , , , , , , , , , , , , , , , , , , 
31.1548846, 0.0179599, , , , , , , 31.1548846, 0.0105745, , , , , , , 31.1548846, -0.0063783, , , , , , , 31.1548846, 0.030045, , , , , , , , , , , , , , , , , , , , , , , , , , , , 
31.1554038, 0.0203098, , , , , , , 31.1554038, 0.0003357, , , , , , , 31.1554038, -0.0068818, , , , , , , 31.1554038, 0.0229953, , , , , , , , , , , , , , , , , , , , , , , , , , , , 
31.1559231, 0.0199741, , , , , , , 31.1559231, -0.012253, , , , , , , 31.1559231, -0.0062104, , , , , , , 31.1559231, 0.0181277, , , , , , , , , , , , , , , , , , , , , , , , , , , , 
31.1564423, 0.0209812, , , , , , , 31.1564423, -0.0213169, , , , , , , 31.1564423, -0.0077211, , , , , , , 31.1564423, 0.0152743, , , , , , , , , , , , , , , , , , , , , , , , , , , , 
31.1569615, 0.0243381, , , , , , , 31.1569615, -0.0276951, , , , , , , 31.1569615, -0.0092317, , , , , , , 31.1569615, 0.012253, , , , , , , , , , , , , , , , , , , , , , , , , , , , 
31.1574808, 0.0292058, , , , , , , 31.1574808, -0.0317235, , , , , , , 31.1574808, -0.0102388, , , , , , , 31.1574808, 0.0092317, , , , , , , , , , , , , , , , , , , , , , , , , , , , 
31.158, 0.0340734, , , , , , , 31.158, -0.0323949, , , , , , , 31.158, -0.0102388, , , , , , , 31.158, 0.0072175, , , , , , , , , , , , , , , , , , , , , , , , , , , , 
31.1585192, 0.0357519, , , , , , , 31.1585192, -0.026688, , , , , , , 31.1585192, -0.0095674, , , , , , , 31.1585192, 0.0052033, , , , , , , , , , , , , , , , , , , , , , , , , , , , 
31.1590385, 0.0394446, , , , , , , 31.1590385, -0.0137636, , , , , , , 31.1590385, -0.0095674, , , , , , , 31.1590385, 0.0052033, , , , , , , , , , , , , , , , , , , , , , , , , , , , 
31.1595577, 0.0438087, , , , , , , 31.1595577, 0.0010071, , , , , , , 31.1595577, -0.0105745, , , , , , , 31.1595577, 0.005539, , , , , , , , , , , , , , , , , , , , , , , , , , , , 
31.1600769, 0.040116, , , , , , , 31.1600769, 0.0031891, , , , , , , 31.1600769, -0.0104067, , , , , , , 31.1600769, 0.0025177, , , , , , , , , , , , , , , , , , , , , , , , , , , , 
31.1605962, 0.0307164, , , , , , , 31.1605962, -0.0058747, , , , , , , 31.1605962, -0.0104067, , , , , , , 31.1605962, 0.0011749, , , , , , , , , , , , , , , , , , , , , , , , , , , , 
31.1611154, 0.0238346, , , , , , , 31.1611154, -0.0186313, , , , , , , 31.1611154, -0.012253, , , , , , , 31.1611154, 0.0023499, , , , , , , , , , , , , , , , , , , , , , , , , , , , 
31.1616346, 0.0193027, , , , , , , 31.1616346, -0.0307164, , , , , , , 31.1616346, -0.0142672, , , , , , , 31.1616346, 0.0030213, , , , , , , , , , , , , , , , , , , , , , , , , , , , 
31.1621538, 0.01561, , , , , , , 31.1621538, -0.0391089, , , , , , , 31.1621538, -0.0135958, , , , , , , 31.1621538, 0.0001678, , , , , , , , , , , , , , , , , , , , , , , , , , , , 
31.1626731, 0.0159457, , , , , , , 31.1626731, -0.0438087, , , , , , , 31.1626731, -0.0135958, , , , , , , 31.1626731, -0.0087282, , , , , , , , , , , , , , , , , , , , , , , , , , , , 
31.1631923, 0.0179599, , , , , , , 31.1631923, -0.0399481, , , , , , , 31.1631923, -0.0152743, , , , , , , 31.1631923, -0.0203098, , , , , , , , , , , , , , , , , , , , , , , , , , , , 
31.1637115, 0.0248417, , , , , , , 31.1637115, -0.0283665, , , , , , , 31.1637115, -0.01561, , , , , , , 31.1637115, -0.0256809, , , , , , , , , , , , , , , , , , , , , , , , , , , , 
31.1642308, 0.0377661, , , , , , , 31.1642308, -0.0139315, , , , , , , 31.1642308, -0.0142672, , , , , , , 31.1642308, -0.0276951, , , , , , , , , , , , , , , , , , , , , , , , , , , , 
31.16475, 0.047837, , , , , , , 31.16475, -0.0075532, , , , , , , 31.16475, -0.0129244, , , , , , , 31.16475, -0.0303807, , , , , , , , , , , , , , , , , , , , , , , , , , , , 
31.1652692, 0.0513619, , , , , , , 31.1652692, -0.0072175, , , , , , , 31.1652692, -0.0124208, , , , , , , 31.1652692, -0.0320592, , , , , , , , , , , , , , , , , , , , , , , , , , , , 
31.1657885, 0.0473335, , , , , , , 31.1657885, -0.0006714, , , , , , , 31.1657885, -0.0129244, , , , , , , 31.1657885, -0.0317235, , , , , , , , , , , , , , , , , , , , , , , , , , , , 
31.1663077, 0.0360876, , , , , , , 31.1663077, 0.0065461, , , , , , , 31.1663077, -0.0129244, , , , , , , 31.1663077, -0.0276951, , , , , , , , , , , , , , , , , , , , , , , , , , , , 
31.1668269, 0.026688, , , , , , , 31.1668269, 0.0031891, , , , , , , 31.1668269, -0.0109102, , , , , , , 31.1668269, -0.0191348, , , , , , , , , , , , , , , , , , , , , , , , , , , , 
31.1673462, 0.0226596, , , , , , , 31.1673462, -0.0078889, , , , , , , 31.1673462, -0.0082246, , , , , , , 31.1673462, -0.0099031, , , , , , , , , , , , , , , , , , , , , , , , , , , , 
31.1678654, 0.0182956, , , , , , , 31.1678654, -0.0162814, , , , , , , 31.1678654, -0.0075532, , , , , , , 31.1678654, -0.0035248, , , , , , , , , , , , , , , , , , , , , , , , , , , , 
31.1683846, 0.0152743, , , , , , , 31.1683846, -0.01561, , , , , , , 31.1683846, -0.0070497, , , , , , , 31.1683846, 0.0065461, , , , , , , , , , , , , , , , , , , , , , , , , , , , 
31.1689038, 0.0129244, , , , , , , 31.1689038, -0.0092317, , , , , , , 31.1689038, -0.005539, , , , , , , 31.1689038, 0.0216526, , , , , , , , , , , , , , , , , , , , , , , , , , , , 
31.1694231, 0.0083925, , , , , , , 31.1694231, -0.0041962, , , , , , , 31.1694231, -0.0015106, , , , , , , 31.1694231, 0.0394446, , , , , , , , , , , , , , , , , , , , , , , , , , , , 
31.1699423, 0.0043641, , , , , , , 31.1699423, -0.0016785, , , , , , , 31.1699423, 0.0018463, , , , , , , 31.1699423, 0.0522011, , , , , , , , , , , , , , , , , , , , , , , , , , , , 
31.1704615, 0.0036927, , , , , , , 31.1704615, 0.0005035, , , , , , , 31.1704615, 0.0030213, , , , , , , 31.1704615, 0.0589151, , , , , , , , , , , , , , , , , , , , , , , , , , , , 
31.1709808, 0.0062104, , , , , , , 31.1709808, 0.0018463, , , , , , , 31.1709808, 0.0025177, , , , , , , 31.1709808, 0.0622721, , , , , , , , , , , , , , , , , , , , , , , , , , , , 
31.1715, 0.0058747, , , , , , , 31.1715, 0.0005035, , , , , , , 31.1715, 0.0005035, , , , , , , 31.1715, 0.0656291, , , , , , , , , , , , , , , , , , , , , , , , , , , , 
31.1720192, 0.0010071, , , , , , , 31.1720192, -0.0008392, , , , , , , 31.1720192, -0.0003357, , , , , , , 31.1720192, 0.0683146, , , , , , , , , , , , , , , , , , , , , , , , , , , , 
31.1725385, -0.0095674, , , , , , , 31.1725385, -0.0018463, , , , , , , 31.1725385, 0.0005035, , , , , , , 31.1725385, 0.0652934, , , , , , , , , , , , , , , , , , , , , , , , , , , , 
31.1730577, -0.0169528, , , , , , , 31.1730577, -0.0028534, , , , , , , 31.1730577, 0.0003357, , , , , , , 31.1730577, 0.0582437, , , , , , , , , , , , , , , , , , , , , , , , , , , , 
31.1735769, -0.0159457, , , , , , , 31.1735769, -0.0062104, , , , , , , 31.1735769, -0.0001678, , , , , , , 31.1735769, 0.0481727, , , , , , , , , , , , , , , , , , , , , , , , , , , , 
31.1740962, -0.0129244, , , , , , , 31.1740962, -0.0090639, , , , , , , 31.1740962, -0.0015106, , , , , , , 31.1740962, 0.0392767, , , , , , , , , , , , , , , , , , , , , , , , , , , , 
31.1746154, -0.0115816, , , , , , , 31.1746154, -0.0095674, , , , , , , 31.1746154, -0.0016785, , , , , , , 31.1746154, 0.0325628, , , , , , , , , , , , , , , , , , , , , , , , , , , , 
31.1751346, -0.0090639, , , , , , , 31.1751346, -0.0070497, , , , , , , 31.1751346, -0.0015106, , , , , , , 31.1751346, 0.0276951, , , , , , , , , , , , , , , , , , , , , , , , , , , , 
31.1756538, -0.0048676, , , , , , , 31.1756538, -0.0052033, , , , , , , 31.1756538, -0.0015106, , , , , , , 31.1756538, 0.023331, , , , , , , , , , , , , , , , , , , , , , , , , , , , 
31.1761731, -0.0023499, , , , , , , 31.1761731, -0.0057069, , , , , , , 31.1761731, -0.0043641, , , , , , , 31.1761731, 0.017792, , , , , , , , , , , , , , , , , , , , , , , , , , , , 
31.1766923, 0.0052033, , , , , , , 31.1766923, -0.0060426, , , , , , , 31.1766923, -0.0062104, , , , , , , 31.1766923, 0.0132601, , , , , , , , , , , , , , , , , , , , , , , , , , , , 
31.1772115, 0.01561, , , , , , , 31.1772115, -0.0041962, , , , , , , 31.1772115, -0.0075532, , , , , , , 31.1772115, 0.0130922, , , , , , , , , , , , , , , , , , , , , , , , , , , , 
31.1777308, 0.0213169, , , , , , , 31.1777308, -0.0015106, , , , , , , 31.1777308, -0.0092317, , , , , , , 31.1777308, 0.0119173, , , , , , , , , , , , , , , , , , , , , , , , , , , , 
31.17825, 0.021149, , , , , , , 31.17825, -0.0031891, , , , , , , 31.17825, -0.0115816, , , , , , , 31.17825, 0.005539, , , , , , , , , , , , , , , , , , , , , , , , , , , , 
31.1787692, 0.0236667, , , , , , , 31.1787692, -0.0057069, , , , , , , 31.1787692, -0.0119173, , , , , , , 31.1787692, -0.0001678, , , , , , , , , , , , , , , , , , , , , , , , , , , , 
31.1792885, 0.0303807, , , , , , , 31.1792885, -0.0068818, , , , , , , 31.1792885, -0.0099031, , , , , , , 31.1792885, -0.0035248, , , , , , , , , , , , , , , , , , , , , , , , , , , , 
31.1798077, 0.0293736, , , , , , , 31.1798077, -0.0050355, , , , , , , 31.1798077, -0.0097353, , , , , , , 31.1798077, -0.0018463, , , , , , , , , , , , , , , , , , , , , , , , , , , , 
31.1803269, 0.0256809, , , , , , , 31.1803269, -0.0035248, , , , , , , 31.1803269, -0.0099031, , , , , , , 31.1803269, -0.0008392, , , , , , , , , , , , , , , , , , , , , , , , , , , , 
31.1808462, 0.0280308, , , , , , , 31.1808462, -0.0045319, , , , , , , 31.1808462, -0.0090639, , , , , , , 31.1808462, 0.0008392, , , , , , , , , , , , , , , , , , , , , , , , , , , , 
31.1813654, 0.0323949, , , , , , , 31.1813654, -0.0048676, , , , , , , 31.1813654, -0.008896, , , , , , , 31.1813654, 0.0045319, , , , , , , , , , , , , , , , , , , , , , , , , , , , 
31.1818846, 0.0328985, , , , , , , 31.1818846, -0.0041962, , , , , , , 31.1818846, -0.0080568, , , , , , , 31.1818846, 0.0048676, , , , , , , , , , , , , , , , , , , , , , , , , , , , 
31.1824038, 0.0303807, , , , , , , 31.1824038, -0.005539, , , , , , , 31.1824038, -0.0095674, , , , , , , 31.1824038, -0.0011749, , , , , , , , , , , , , , , , , , , , , , , , , , , , 
31.1829231, 0.0290379, , , , , , , 31.1829231, -0.0087282, , , , , , , 31.1829231, -0.0132601, , , , , , , 31.1829231, -0.0112459, , , , , , , , , , , , , , , , , , , , , , , , , , , , 
31.1834423, 0.0303807, , , , , , , 31.1834423, -0.0115816, , , , , , , 31.1834423, -0.0135958, , , , , , , 31.1834423, -0.0204776, , , , , , , , , , , , , , , , , , , , , , , , , , , , 
31.1839615, 0.033402, , , , , , , 31.1839615, -0.0179599, , , , , , , 31.1839615, -0.0162814, , , , , , , 31.1839615, -0.0263523, , , , , , , , , , , , , , , , , , , , , , , , , , , , 
31.1844808, 0.033402, , , , , , , 31.1844808, -0.0238346, , , , , , , 31.1844808, -0.0182956, , , , , , , 31.1844808, -0.0298772, , , , , , , , , , , , , , , , , , , , , , , , , , , , 
31.185, 0.0313878, , , , , , , 31.185, -0.0243381, , , , , , , 31.185, -0.017792, , , , , , , 31.185, -0.0313878, , , , , , , , , , , , , , , , , , , , , , , , , , , , 
31.1855192, 0.030045, , , , , , , 31.1855192, -0.0166171, , , , , , , 31.1855192, -0.0164492, , , , , , , 31.1855192, -0.0298772, , , , , , , , , , , , , , , , , , , , , , , , , , , , 
31.1860385, 0.0293736, , , , , , , 31.1860385, -0.0001678, , , , , , , 31.1860385, -0.0142672, , , , , , , 31.1860385, -0.0260166, , , , , , , , , , , , , , , , , , , , , , , , , , , , 
31.1865577, 0.0317235, , , , , , , 31.1865577, 0.0115816, , , , , , , 31.1865577, -0.0130922, , , , , , , 31.1865577, -0.0193027, , , , , , , , , , , , , , , , , , , , , , , , , , , , 
31.1870769, 0.0293736, , , , , , , 31.1870769, 0.0109102, , , , , , , 31.1870769, -0.0119173, , , , , , , 31.1870769, -0.0104067, , , , , , , , , , , , , , , , , , , , , , , , , , , , 
31.1875962, 0.0196384, , , , , , , 31.1875962, 0.0041962, , , , , , , 31.1875962, -0.0109102, , , , , , , 31.1875962, -0.0025177, , , , , , , , , , , , , , , , , , , , , , , , , , , , 
31.1881154, 0.008896, , , , , , , 31.1881154, 0.0018463, , , , , , , 31.1881154, -0.0109102, , , , , , , 31.1881154, 0.0065461, , , , , , , , , , , , , , , , , , , , , , , , , , , , 
31.1886346, 0.0008392, , , , , , , 31.1886346, 0.0048676, , , , , , , 31.1886346, -0.0099031, , , , , , , 31.1886346, 0.0172885, , , , , , , , , , , , , , , , , , , , , , , , , , , , 
31.1891538, -0.0025177, , , , , , , 31.1891538, 0.0062104, , , , , , , 31.1891538, -0.0048676, , , , , , , 31.1891538, 0.0265202, , , , , , , , , , , , , , , , , , , , , , , , , , , , 
31.1896731, -0.0062104, , , , , , , 31.1896731, 0.0008392, , , , , , , 31.1896731, -0.0008392, , , , , , , 31.1896731, 0.0340734, , , , , , , , , , , , , , , , , , , , , , , , , , , , 
31.1901923, -0.0142672, , , , , , , 31.1901923, -0.0041962, , , , , , , 31.1901923, -0.0015106, , , , , , , 31.1901923, 0.0417945, , , , , , , , , , , , , , , , , , , , , , , , , , , , 
31.1907115, -0.0263523, , , , , , , 31.1907115, -0.005539, , , , , , , 31.1907115, -0.0038605, , , , , , , 31.1907115, 0.0471656, , , , , , , , , , , , , , , , , , , , , , , , , , , , 
31.1912308, -0.0357519, , , , , , , 31.1912308, -0.0068818, , , , , , , 31.1912308, -0.0035248, , , , , , , 31.1912308, 0.0522011, , , , , , , , , , , , , , , , , , , , , , , , , , , , 
31.19175, -0.0344091, , , , , , , 31.19175, -0.0102388, , , , , , , 31.19175, 0.0005035, , , , , , , 31.19175, 0.0572366, , , , , , , , , , , , , , , , , , , , , , , , , , , , 
31.1922692, -0.0263523, , , , , , , 31.1922692, -0.011078, , , , , , , 31.1922692, 0.0031891, , , , , , , 31.1922692, 0.0599222, , , , , , , , , , , , , , , , , , , , , , , , , , , , 
31.1927885, -0.0206455, , , , , , , 31.1927885, -0.012253, , , , , , , 31.1927885, 0.0028534, , , , , , , 31.1927885, 0.0558938, , , , , , , , , , , , , , , , , , , , , , , , , , , , 
31.1933077, -0.026688, , , , , , , 31.1933077, -0.0129244, , , , , , , 31.1933077, -0.0001678, , , , , , , 31.1933077, 0.0475013, , , , , , , , , , , , , , , , , , , , , , , , , , , , 
31.1938269, -0.026688, , , , , , , 31.1938269, -0.0109102, , , , , , , 31.1938269, -0.0031891, , , , , , , 31.1938269, 0.0381018, , , , , , , , , , , , , , , , , , , , , , , , , , , , 
31.1943462, -0.0176242, , , , , , , 31.1943462, -0.0048676, , , , , , , 31.1943462, -0.0050355, , , , , , , 31.1943462, 0.0323949, , , , , , , , , , , , , , , , , , , , , , , , , , , , 
31.1948654, -0.0102388, , , , , , , 31.1948654, -0.0008392, , , , , , , 31.1948654, -0.005539, , , , , , , 31.1948654, 0.0290379, , , , , , , , , , , , , , , , , , , , , , , , , , , , 
31.1953846, -0.0070497, , , , , , , 31.1953846, -0.0001678, , , , , , , 31.1953846, -0.0058747, , , , , , , 31.1953846, 0.0270237, , , , , , , , , , , , , , , , , , , , , , , , , , , , 
31.1959038, -0.005539, , , , , , , 31.1959038, -0.0030213, , , , , , , 31.1959038, -0.0065461, , , , , , , 31.1959038, 0.0240024, , , , , , , , , , , , , , , , , , , , , , , , , , , , 
31.1964231, -0.0016785, , , , , , , 31.1964231, -0.005539, , , , , , , 31.1964231, -0.008896, , , , , , , 31.1964231, 0.0209812, , , , , , , , , , , , , , , , , , , , , , , , , , , , 
31.1969423, 0.0095674, , , , , , , 31.1969423, -0.0072175, , , , , , , 31.1969423, -0.0102388, , , , , , , 31.1969423, 0.0193027, , , , , , , , , , , , , , , , , , , , , , , , , , , , 
31.1974615, 0.0238346, , , , , , , 31.1974615, -0.0105745, , , , , , , 31.1974615, -0.0102388, , , , , , , 31.1974615, 0.0172885, , , , , , , , , , , , , , , , , , , , , , , , , , , , 
31.1979808, 0.0327306, , , , , , , 31.1979808, -0.012253, , , , , , , 31.1979808, -0.0102388, , , , , , , 31.1979808, 0.0129244, , , , , , , , , , , , , , , , , , , , , , , , , , , , 
31.1985, 0.0328985, , , , , , , 31.1985, -0.0109102, , , , , , , 31.1985, -0.008896, , , , , , , 31.1985, 0.0092317, , , , , , , , , , , , , , , , , , , , , , , , , , , , 
31.1990192, 0.0287022, , , , , , , 31.1990192, -0.0119173, , , , , , , 31.1990192, -0.0119173, , , , , , , 31.1990192, 0.0078889, , , , , , , , , , , , , , , , , , , , , , , , , , , , 
31.1995385, 0.0273594, , , , , , , 31.1995385, -0.0135958, , , , , , , 31.1995385, -0.0157778, , , , , , , 31.1995385, 0.0085603, , , , , , , , , , , , , , , , , , , , , , , , , , , , 
31.2000577, 0.0399481, , , , , , , 31.2000577, -0.012253, , , , , , , 31.2000577, -0.0152743, , , , , , , 31.2000577, 0.0062104, , , , , , , , , , , , , , , , , , , , , , , , , , , , 
31.2005769, 0.0548867, , , , , , , 31.2005769, -0.0102388, , , , , , , 31.2005769, -0.0124208, , , , , , , 31.2005769, 0.0030213, , , , , , , , , , , , , , , , , , , , , , , , , , , , 
31.2010962, 0.0569009, , , , , , , 31.2010962, -0.0082246, , , , , , , 31.2010962, -0.0095674, , , , , , , 31.2010962, 0.002182, , , , , , , , , , , , , , , , , , , , , , , , , , , , 
31.2016154, 0.0475013, , , , , , , 31.2016154, -0.0025177, , , , , , , 31.2016154, -0.0092317, , , , , , , 31.2016154, 0.0038605, , , , , , , , , , , , , , , , , , , , , , , , , , , , 
31.2021346, 0.0364233, , , , , , , 31.2021346, 0.002182, , , , , , , 31.2021346, -0.0112459, , , , , , , 31.2021346, 0.0038605, , , , , , , , , , , , , , , , , , , , , , , , , , , , 
31.2026538, 0.0268559, , , , , , , 31.2026538, 0.0058747, , , , , , , 31.2026538, -0.0142672, , , , , , , 31.2026538, -0.0028534, , , , , , , , , , , , , , , , , , , , , , , , , , , , 
31.2031731, 0.0219883, , , , , , , 31.2031731, 0.0036927, , , , , , , 31.2031731, -0.0151064, , , , , , , 31.2031731, -0.0149386, , , , , , , , , , , , , , , , , , , , , , , , , , , , 
31.2036923, 0.023331, , , , , , , 31.2036923, -0.0062104, , , , , , , 31.2036923, -0.0149386, , , , , , , 31.2036923, -0.0238346, , , , , , , , , , , , , , , , , , , , , , , , , , , , 
31.2042115, 0.026688, , , , , , , 31.2042115, -0.0179599, , , , , , , 31.2042115, -0.0149386, , , , , , , 31.2042115, -0.0256809, , , , , , , , , , , , , , , , , , , , , , , , , , , , 
31.2047308, 0.0260166, , , , , , , 31.2047308, -0.0276951, , , , , , , 31.2047308, -0.0135958, , , , , , , 31.2047308, -0.0243381, , , , , , , , , , , , , , , , , , , , , , , , , , , , 
31.20525, 0.0246738, , , , , , , 31.20525, -0.0339055, , , , , , , 31.20525, -0.0119173, , , , , , , 31.20525, -0.023331, , , , , , , , , , , , , , , , , , , , , , , , , , , , 
31.2057692, 0.026688, , , , , , , 31.2057692, -0.0359197, , , , , , , 31.2057692, -0.0109102, , , , , , , 31.2057692, -0.0199741, , , , , , , , , , , , , , , , , , , , , , , , , , , , 
31.2062885, 0.0270237, , , , , , , 31.2062885, -0.0330663, , , , , , , 31.2062885, -0.0102388, , , , , , , 31.2062885, -0.0132601, , , , , , , , , , , , , , , , , , , , , , , , , , , , 
31.2068077, 0.0206455, , , , , , , 31.2068077, -0.0258488, , , , , , , 31.2068077, -0.0095674, , , , , , , 31.2068077, -0.0046998, , , , , , , , , , , , , , , , , , , , , , , , , , , , 
31.2073269, 0.0099031, , , , , , , 31.2073269, -0.0135958, , , , , , , 31.2073269, -0.0075532, , , , , , , 31.2073269, 0.0018463, , , , , , , , , , , , , , , , , , , , , , , , , , , , 
31.2078462, -0.0038605, , , , , , , 31.2078462, 0.0008392, , , , , , , 31.2078462, -0.0050355, , , , , , , 31.2078462, 0.0068818, , , , , , , , , , , , , , , , , , , , , , , , , , , , 
31.2083654, -0.0119173, , , , , , , 31.2083654, 0.0125887, , , , , , , 31.2083654, -0.0020142, , , , , , , 31.2083654, 0.0139315, , , , , , , , , , , , , , , , , , , , , , , , , , , , 
31.2088846, -0.012253, , , , , , , 31.2088846, 0.0186313, , , , , , , 31.2088846, 0.0001678, , , , , , , 31.2088846, 0.0226596, , , , , , , , , , , , , , , , , , , , , , , , , , , , 
31.2094038, -0.0099031, , , , , , , 31.2094038, 0.0129244, , , , , , , 31.2094038, 0.0016785, , , , , , , 31.2094038, 0.0310521, , , , , , , , , , , , , , , , , , , , , , , , , , , , 
31.2099231, -0.0109102, , , , , , , 31.2099231, 0.002182, , , , , , , 31.2099231, 0.0008392, , , , , , , 31.2099231, 0.0370947, , , , , , , , , , , , , , , , , , , , , , , , , , , , 
31.2104423, -0.0162814, , , , , , , 31.2104423, -0.0028534, , , , , , , 31.2104423, 0.0005035, , , , , , , 31.2104423, 0.0417945, , , , , , , , , , , , , , , , , , , , , , , , , , , , 
31.2109615, -0.0213169, , , , , , , 31.2109615, -0.0028534, , , , , , , 31.2109615, -0.0001678, , , , , , , 31.2109615, 0.0468299, , , , , , , , , , , , , , , , , , , , , , , , , , , , 
31.2114808, -0.0234989, , , , , , , 31.2114808, -0.0028534, , , , , , , 31.2114808, -0.0031891, , , , , , , 31.2114808, 0.0515297, , , , , , , , , , , , , , , , , , , , , , , , , , , , 
31.212, -0.026688, , , , , , , 31.212, -0.0043641, , , , , , , 31.212, -0.0057069, , , , , , , 31.212, 0.0552224, , , , , , , , , , , , , , , , , , , , , , , , , , , , 
31.2125192, -0.0270237, , , , , , , 31.2125192, -0.0072175, , , , , , , 31.2125192, -0.0052033, , , , , , , 31.2125192, 0.0532082, , , , , , , , , , , , , , , , , , , , , , , , , , , , 
31.2130385, -0.0162814, , , , , , , 31.2130385, -0.0102388, , , , , , , 31.2130385, -0.0031891, , , , , , , 31.2130385, 0.0454871, , , , , , , , , , , , , , , , , , , , , , , , , , , , 
31.2135577, 0.0015106, , , , , , , 31.2135577, -0.0107424, , , , , , , 31.2135577, -0.0045319, , , , , , , 31.2135577, 0.0340734, , , , , , , , , , , , , , , , , , , , , , , , , , , , 
31.2140769, 0.0159457, , , , , , , 31.2140769, -0.0099031, , , , , , , 31.2140769, -0.0065461, , , , , , , 31.2140769, 0.027863, , , , , , , , , , , , , , , , , , , , , , , , , , , , 
31.2145962, 0.0203098, , , , , , , 31.2145962, -0.0082246, , , , , , , 31.2145962, -0.0090639, , , , , , , 31.2145962, 0.0260166, , , , , , , , , , , , , , , , , , , , , , , , , , , , 
31.2151154, 0.0196384, , , , , , , 31.2151154, -0.0082246, , , , , , , 31.2151154, -0.0085603, , , , , , , 31.2151154, 0.0223239, , , , , , , , , , , , , , , , , , , , , , , , , , , , 
31.2156346, 0.0193027, , , , , , , 31.2156346, -0.0078889, , , , , , , 31.2156346, -0.0075532, , , , , , , 31.2156346, 0.0164492, , , , , , , , , , , , , , , , , , , , , , , , , , , , 
31.2161538, 0.023331, , , , , , , 31.2161538, -0.0072175, , , , , , , 31.2161538, -0.0095674, , , , , , , 31.2161538, 0.0135958, , , , , , , , , , , , , , , , , , , , , , , , , , , , 
31.2166731, 0.0240024, , , , , , , 31.2166731, -0.0075532, , , , , , , 31.2166731, -0.0119173, , , , , , , 31.2166731, 0.0105745, , , , , , , , , , , , , , , , , , , , , , , , , , , , 
31.2171923, 0.0172885, , , , , , , 31.2171923, -0.0085603, , , , , , , 31.2171923, -0.0119173, , , , , , , 31.2171923, 0.0062104, , , , , , , , , , , , , , , , , , , , , , , , , , , , 
31.2177115, 0.0119173, , , , , , , 31.2177115, -0.0102388, , , , , , , 31.2177115, -0.0109102, , , , , , , 31.2177115, 0.0025177, , , , , , , , , , , , , , , , , , , , , , , , , , , , 
31.2182308, 0.0112459, , , , , , , 31.2182308, -0.011078, , , , , , , 31.2182308, -0.0102388, , , , , , , 31.2182308, 0.0038605, , , , , , , , , , , , , , , , , , , , , , , , , , , , 
31.21875, 0.0095674, , , , , , , 31.21875, -0.011078, , , , , , , 31.21875, -0.0109102, , , , , , , 31.21875, 0.0057069, , , , , , , , , , , , , , , , , , , , , , , , , , , , 
31.2192692, 0.0092317, , , , , , , 31.2192692, -0.0095674, , , , , , , 31.2192692, -0.0109102, , , , , , , 31.2192692, 0.0045319, , , , , , , , , , , , , , , , , , , , , , , , , , , , 
31.2197885, 0.0125887, , , , , , , 31.2197885, -0.0092317, , , , , , , 31.2197885, -0.0099031, , , , , , , 31.2197885, 0.0016785, , , , , , , , , , , , , , , , , , , , , , , , , , , , 
31.2203077, 0.0125887, , , , , , , 31.2203077, -0.0095674, , , , , , , 31.2203077, -0.0095674, , , , , , , 31.2203077, -0.0005035, , , , , , , , , , , , , , , , , , , , , , , , , , , , 
31.2208269, 0.0090639, , , , , , , 31.2208269, -0.0104067, , , , , , , 31.2208269, -0.0082246, , , , , , , 31.2208269, 0.0005035, , , , , , , , , , , , , , , , , , , , , , , , , , , , 
31.2213462, 0.0105745, , , , , , , 31.2213462, -0.0109102, , , , , , , 31.2213462, -0.0072175, , , , , , , 31.2213462, 0.0018463, , , , , , , , , , , , , , , , , , , , , , , , , , , , 
31.2218654, 0.0169528, , , , , , , 31.2218654, -0.0112459, , , , , , , 31.2218654, -0.0072175, , , , , , , 31.2218654, 0.0003357, , , , , , , , , , , , , , , , , , , , , , , , , , , , 
31.2223846, 0.0216526, , , , , , , 31.2223846, -0.0119173, , , , , , , 31.2223846, -0.0085603, , , , , , , 31.2223846, -0.0041962, , , , , , , , , , , , , , , , , , , , , , , , , , , , 
31.2229038, 0.0253452, , , , , , , 31.2229038, -0.0125887, , , , , , , 31.2229038, -0.012253, , , , , , , 31.2229038, -0.0162814, , , , , , , , , , , , , , , , , , , , , , , , , , , , 
31.2234231, 0.0280308, , , , , , , 31.2234231, -0.0117494, , , , , , , 31.2234231, -0.0137636, , , , , , , 31.2234231, -0.0276951, , , , , , , , , , , , , , , , , , , , , , , , , , , , 
31.2239423, 0.0320592, , , , , , , 31.2239423, -0.0109102, , , , , , , 31.2239423, -0.0139315, , , , , , , 31.2239423, -0.0327306, , , , , , , , , , , , , , , , , , , , , , , , , , , , 
31.2244615, 0.0360876, , , , , , , 31.2244615, -0.0112459, , , , , , , 31.2244615, -0.0142672, , , , , , , 31.2244615, -0.0327306, , , , , , , , , , , , , , , , , , , , , , , , , , , , 
31.2249808, 0.0374304, , , , , , , 31.2249808, -0.0114137, , , , , , , 31.2249808, -0.0146029, , , , , , , 31.2249808, -0.0310521, , , , , , , , , , , , , , , , , , , , , , , , , , , , 
31.2255, 0.0370947, , , , , , , 31.2255, -0.0090639, , , , , , , 31.2255, -0.0125887, , , , , , , 31.2255, -0.0290379, , , , , , , , , , , , , , , , , , , , , , , , , , , , 
31.2260192, 0.0354162, , , , , , , 31.2260192, -0.005539, , , , , , , 31.2260192, -0.0109102, , , , , , , 31.2260192, -0.026688, , , , , , , , , , , , , , , , , , , , , , , , , , , , 
31.2265385, 0.0330663, , , , , , , 31.2265385, -0.0035248, , , , , , , 31.2265385, -0.008896, , , , , , , 31.2265385, -0.0206455, , , , , , , , , , , , , , , , , , , , , , , , , , , , 
31.2270577, 0.0315557, , , , , , , 31.2270577, -0.0040284, , , , , , , 31.2270577, -0.0082246, , , , , , , 31.2270577, -0.0095674, , , , , , , , , , , , , , , , , , , , , , , , , , , , 
31.2275769, 0.0270237, , , , , , , 31.2275769, -0.0035248, , , , , , , 31.2275769, -0.0065461, , , , , , , 31.2275769, 0.0005035, , , , , , , , , , , , , , , , , , , , , , , , , , , , 
31.2280962, 0.0182956, , , , , , , 31.2280962, -0.0028534, , , , , , , 31.2280962, -0.0035248, , , , , , , 31.2280962, 0.0078889, , , , , , , , , , , , , , , , , , , , , , , , , , , , 
31.2286154, 0.0124208, , , , , , , 31.2286154, -0.0038605, , , , , , , 31.2286154, -0.002182, , , , , , , 31.2286154, 0.0159457, , , , , , , , , , , , , , , , , , , , , , , , , , , , 
31.2291346, 0.0085603, , , , , , , 31.2291346, -0.005539, , , , , , , 31.2291346, -0.002182, , , , , , , 31.2291346, 0.0280308, , , , , , , , , , , , , , , , , , , , , , , , , , , , 
31.2296538, 0.0010071, , , , , , , 31.2296538, -0.005539, , , , , , , 31.2296538, -0.0005035, , , , , , , 31.2296538, 0.0407874, , , , , , , , , , , , , , , , , , , , , , , , , , , , 
31.2301731, -0.0041962, , , , , , , 31.2301731, -0.0052033, , , , , , , 31.2301731, 0.0008392, , , , , , , 31.2301731, 0.0501869, , , , , , , , , , , , , , , , , , , , , , , , , , , , 
31.2306923, -0.0070497, , , , , , , 31.2306923, -0.0048676, , , , , , , 31.2306923, 0.0018463, , , , , , , 31.2306923, 0.0582437, , , , , , , , , , , , , , , , , , , , , , , , , , , , 
31.2312115, -0.0119173, , , , , , , 31.2312115, -0.0052033, , , , , , , 31.2312115, 0.0030213, , , , , , , 31.2312115, 0.0642863, , , , , , , , , , , , , , , , , , , , , , , , , , , , 
31.2317308, -0.012253, , , , , , , 31.2317308, -0.005539, , , , , , , 31.2317308, 0.002182, , , , , , , 31.2317308, 0.0676432, , , , , , , , , , , , , , , , , , , , , , , , , , , , 
31.23225, -0.0129244, , , , , , , 31.23225, -0.0046998, , , , , , , 31.23225, -0.0008392, , , , , , , 31.23225, 0.0674754, , , , , , , , , , , , , , , , , , , , , , , , , , , , 
31.2327692, -0.0135958, , , , , , , 31.2327692, -0.0043641, , , , , , , 31.2327692, -0.0041962, , , , , , , 31.2327692, 0.0607614, , , , , , , , , , , , , , , , , , , , , , , , , , , , 
31.2332885, -0.0083925, , , , , , , 31.2332885, -0.0062104, , , , , , , 31.2332885, -0.0068818, , , , , , , 31.2332885, 0.047837, , , , , , , , , , , , , , , , , , , , , , , , , , , , 
31.2338077, -0.0045319, , , , , , , 31.2338077, -0.0095674, , , , , , , 31.2338077, -0.0085603, , , , , , , 31.2338077, 0.0357519, , , , , , , , , , , , , , , , , , , , , , , , , , , , 
31.2343269, -0.0008392, , , , , , , 31.2343269, -0.0115816, , , , , , , 31.2343269, -0.0082246, , , , , , , 31.2343269, 0.030045, , , , , , , , , , , , , , , , , , , , , , , , , , , , 
31.2348462, 0.0035248, , , , , , , 31.2348462, -0.0112459, , , , , , , 31.2348462, -0.008896, , , , , , , 31.2348462, 0.026688, , , , , , , , , , , , , , , , , , , , , , , , , , , , 
31.2353654, 0.0146029, , , , , , , 31.2353654, -0.0115816, , , , , , , 31.2353654, -0.0095674, , , , , , , 31.2353654, 0.0206455, , , , , , , , , , , , , , , , , , , , , , , , , , , , 
31.2358846, 0.033402, , , , , , , 31.2358846, -0.0115816, , , , , , , 31.2358846, -0.0087282, , , , , , , 31.2358846, 0.0169528, , , , , , , , , , , , , , , , , , , , , , , , , , , , 
31.2364038, 0.047837, , , , , , , 31.2364038, -0.0102388, , , , , , , 31.2364038, -0.008896, , , , , , , 31.2364038, 0.014435, , , , , , , , , , , , , , , , , , , , , , , , , , , , 
31.2369231, 0.0528725, , , , , , , 31.2369231, -0.0085603, , , , , , , 31.2369231, -0.0090639, , , , , , , 31.2369231, 0.0125887, , , , , , , , , , , , , , , , , , , , , , , , , , , , 
31.2374423, 0.0532082, , , , , , , 31.2374423, -0.0082246, , , , , , , 31.2374423, -0.0095674, , , , , , , 31.2374423, 0.0097353, , , , , , , , , , , , , , , , , , , , , , , , , , , , 
31.2379615, 0.0488441, , , , , , , 31.2379615, -0.010071, , , , , , , 31.2379615, -0.0099031, , , , , , , 31.2379615, 0.0070497, , , , , , , , , , , , , , , , , , , , , , , , , , , , 
31.2384808, 0.0475013, , , , , , , 31.2384808, -0.0112459, , , , , , , 31.2384808, -0.0083925, , , , , , , 31.2384808, 0.005539, , , , , , , , , , , , , , , , , , , , , , , , , , , , 
31.239, 0.0438087, , , , , , , 31.239, -0.0102388, , , , , , , 31.239, -0.0075532, , , , , , , 31.239, 0.0063783, , , , , , , , , , , , , , , , , , , , , , , , , , , , 
31.2395192, 0.0374304, , , , , , , 31.2395192, -0.0115816, , , , , , , 31.2395192, -0.0085603, , , , , , , 31.2395192, 0.0052033, , , , , , , , , , , , , , , , , , , , , , , , , , , , 
31.2400385, 0.0340734, , , , , , , 31.2400385, -0.0115816, , , , , , , 31.2400385, -0.0099031, , , , , , , 31.2400385, 0.0041962, , , , , , , , , , , , , , , , , , , , , , , , , , , , 
31.2405577, 0.0340734, , , , , , , 31.2405577, -0.0072175, , , , , , , 31.2405577, -0.0099031, , , , , , , 31.2405577, 0.0031891, , , , , , , , , , , , , , , , , , , , , , , , , , , , 
31.2410769, 0.0325628, , , , , , , 31.2410769, -0.0077211, , , , , , , 31.2410769, -0.0095674, , , , , , , 31.2410769, 0.0011749, , , , , , , , , , , , , , , , , , , , , , , , , , , , 
31.2415962, 0.026688, , , , , , , 31.2415962, -0.0132601, , , , , , , 31.2415962, -0.0112459, , , , , , , 31.2415962, 0.0018463, , , , , , , , , , , , , , , , , , , , , , , , , , , , 
31.2421154, 0.0179599, , , , , , , 31.2421154, -0.01561, , , , , , , 31.2421154, -0.0129244, , , , , , , 31.2421154, 0.0035248, , , , , , , , , , , , , , , , , , , , , , , , , , , , 
31.2426346, 0.0095674, , , , , , , 31.2426346, -0.0162814, , , , , , , 31.2426346, -0.0139315, , , , , , , 31.2426346, -0.0041962, , , , , , , , , , , , , , , , , , , , , , , , , , , , 
31.2431538, 0.0075532, , , , , , , 31.2431538, -0.0169528, , , , , , , 31.2431538, -0.014435, , , , , , , 31.2431538, -0.0196384, , , , , , , , , , , , , , , , , , , , , , , , , , , , 
31.2436731, 0.0157778, , , , , , , 31.2436731, -0.0176242, , , , , , , 31.2436731, -0.0149386, , , , , , , 31.2436731, -0.030045, , , , , , , , , , , , , , , , , , , , , , , , , , , , 
31.2441923, 0.0315557, , , , , , , 31.2441923, -0.01561, , , , , , , 31.2441923, -0.0164492, , , , , , , 31.2441923, -0.0303807, , , , , , , , , , , , , , , , , , , , , , , , , , , , 
31.2447115, 0.0454871, , , , , , , 31.2447115, -0.005539, , , , , , , 31.2447115, -0.0176242, , , , , , , 31.2447115, -0.0297093, , , , , , , , , , , , , , , , , , , , , , , , , , , , 
31.2452308, 0.0555581, , , , , , , 31.2452308, 0.0043641, , , , , , , 31.2452308, -0.0167849, , , , , , , 31.2452308, -0.03122, , , , , , , , , , , , , , , , , , , , , , , , , , , , 
31.24575, 0.0597543, , , , , , , 31.24575, 0.0062104, , , , , , , 31.24575, -0.01561, , , , , , , 31.24575, -0.0303807, , , , , , , , , , , , , , , , , , , , , , , , , , , , 
31.2462692, 0.0522011, , , , , , , 31.2462692, 0.0031891, , , , , , , 31.2462692, -0.0135958, , , , , , , 31.2462692, -0.0236667, , , , , , , , , , , , , , , , , , , , , , , , , , , , 
31.2467885, 0.0394446, , , , , , , 31.2467885, 0.0015106, , , , , , , 31.2467885, -0.0115816, , , , , , , 31.2467885, -0.0151064, , , , , , , , , , , , , , , , , , , , , , , , , , , , 
31.2473077, 0.027863, , , , , , , 31.2473077, 0.0015106, , , , , , , 31.2473077, -0.0092317, , , , , , , 31.2473077, -0.0038605, , , , , , , , , , , , , , , , , , , , , , , , , , , , 
31.2478269, 0.0224918, , , , , , , 31.2478269, 0.0035248, , , , , , , 31.2478269, -0.005539, , , , , , , 31.2478269, 0.0063783, , , , , , , , , , , , , , , , , , , , , , , , , , , , 
31.2483462, 0.0162814, , , , , , , 31.2483462, 0.0072175, , , , , , , 31.2483462, -0.0043641, , , , , , , 31.2483462, 0.0132601, , , , , , , , , , , , , , , , , , , , , , , , , , , , 
31.2488654, 0.0048676, , , , , , , 31.2488654, 0.0112459, , , , , , , 31.2488654, -0.0028534, , , , , , , 31.2488654, 0.0208133, , , , , , , , , , , , , , , , , , , , , , , , , , , , 
31.2493846, -0.0052033, , , , , , , 31.2493846, 0.0092317, , , , , , , 31.2493846, -0.0008392, , , , , , , 31.2493846, 0.033402, , , , , , , , , , , , , , , , , , , , , , , , , , , , 
31.2499038, -0.010071, , , , , , , 31.2499038, 0.0011749, , , , , , , 31.2499038, 0.0011749, , , , , , , 31.2499038, 0.0441444, , , , , , , , , , , , , , , , , , , , , , , , , , , , 
31.2504231, -0.0151064, , , , , , , 31.2504231, -0.005539, , , , , , , 31.2504231, 0.002182, , , , , , , 31.2504231, 0.0515297, , , , , , , , , , , , , , , , , , , , , , , , , , , , 
31.2509423, -0.0142672, , , , , , , 31.2509423, -0.0099031, , , , , , , 31.2509423, 0.0025177, , , , , , , 31.2509423, 0.0572366, , , , , , , , , , , , , , , , , , , , , , , , , , , , 
31.2514615, -0.0063783, , , , , , , 31.2514615, -0.0162814, , , , , , , 31.2514615, 0.0031891, , , , , , , 31.2514615, 0.0609293, , , , , , , , , , , , , , , , , , , , , , , , , , , , 
31.2519808, -0.0058747, , , , , , , 31.2519808, -0.0246738, , , , , , , 31.2519808, 0.0008392, , , , , , , 31.2519808, 0.0636149, , , , , , , , , , , , , , , , , , , , , , , , , , , , 
31.2525, -0.0157778, , , , , , , 31.2525, -0.0256809, , , , , , , 31.2525, -0.002182, , , , , , , 31.2525, 0.063447, , , , , , , , , , , , , , , , , , , , , , , , , , , , 
31.2530192, -0.0224918, , , , , , , 31.2530192, -0.0171206, , , , , , , 31.2530192, -0.0043641, , , , , , , 31.2530192, 0.0540475, , , , , , , , , , , , , , , , , , , , , , , , , , , , 
31.2535385, -0.0198062, , , , , , , 31.2535385, -0.0052033, , , , , , , 31.2535385, -0.005539, , , , , , , 31.2535385, 0.0431373, , , , , , , , , , , , , , , , , , , , , , , , , , , , 
31.2540577, -0.0142672, , , , , , , 31.2540577, 0.0036927, , , , , , , 31.2540577, -0.005539, , , , , , , 31.2540577, 0.035584, , , , , , , , , , , , , , , , , , , , , , , , , , , , 
31.2545769, -0.0119173, , , , , , , 31.2545769, 0.0072175, , , , , , , 31.2545769, -0.0058747, , , , , , , 31.2545769, 0.0292058, , , , , , , , , , , , , , , , , , , , , , , , , , , , 
31.2550962, -0.0129244, , , , , , , 31.2550962, 0.0065461, , , , , , , 31.2550962, -0.0062104, , , , , , , 31.2550962, 0.0250095, , , , , , , , , , , , , , , , , , , , , , , , , , , , 
31.2556154, -0.0149386, , , , , , , 31.2556154, 0.0015106, , , , , , , 31.2556154, -0.0062104, , , , , , , 31.2556154, 0.0196384, , , , , , , , , , , , , , , , , , , , , , , , , , , , 
31.2561346, -0.0152743, , , , , , , 31.2561346, -0.0011749, , , , , , , 31.2561346, -0.0068818, , , , , , , 31.2561346, 0.0132601, , , , , , , , , , , , , , , , , , , , , , , , , , , , 
31.2566538, -0.0090639, , , , , , , 31.2566538, 0.0031891, , , , , , , 31.2566538, -0.008896, , , , , , , 31.2566538, 0.0068818, , , , , , , , , , , , , , , , , , , , , , , , , , , , 
31.2571731, 0.0031891, , , , , , , 31.2571731, 0.0082246, , , , , , , 31.2571731, -0.0115816, , , , , , , 31.2571731, 0.0031891, , , , , , , , , , , , , , , , , , , , , , , , , , , , 
31.2576923, 0.0139315, , , , , , , 31.2576923, 0.0041962, , , , , , , 31.2576923, -0.0119173, , , , , , , 31.2576923, 0.0018463, , , , , , , , , , , , , , , , , , , , , , , , , , , , 
31.2582115, 0.0199741, , , , , , , 31.2582115, -0.0082246, , , , , , , 31.2582115, -0.0090639, , , , , , , 31.2582115, 0.0038605, , , , , , , , , , , , , , , , , , , , , , , , , , , , 
31.2587308, 0.0246738, , , , , , , 31.2587308, -0.0112459, , , , , , , 31.2587308, -0.0078889, , , , , , , 31.2587308, 0.0072175, , , , , , , , , , , , , , , , , , , , , , , , , , , , 
31.25925, 0.0276951, , , , , , , 31.25925, -0.0085603, , , , , , , 31.25925, -0.0082246, , , , , , , 31.25925, 0.0075532, , , , , , , , , , , , , , , , , , , , , , , , , , , , 
31.2597692, 0.0337377, , , , , , , 31.2597692, -0.0092317, , , , , , , 31.2597692, -0.0068818, , , , , , , 31.2597692, 0.0046998, , , , , , , , , , , , , , , , , , , , , , , , , , , , 
31.2602885, 0.0386053, , , , , , , 31.2602885, -0.0075532, , , , , , , 31.2602885, -0.0078889, , , , , , , 31.2602885, 0.0011749, , , , , , , , , , , , , , , , , , , , , , , , , , , , 
31.2608077, 0.036759, , , , , , , 31.2608077, -0.0062104, , , , , , , 31.2608077, -0.0109102, , , , , , , 31.2608077, 0.0011749, , , , , , , , , , , , , , , , , , , , , , , , , , , , 
31.2613269, 0.0339055, , , , , , , 31.2613269, -0.0068818, , , , , , , 31.2613269, -0.012253, , , , , , , 31.2613269, 0.0031891, , , , , , , , , , , , , , , , , , , , , , , , , , , , 
31.2618462, 0.0297093, , , , , , , 31.2618462, -0.0016785, , , , , , , 31.2618462, -0.0115816, , , , , , , 31.2618462, 0.0025177, , , , , , , , , , , , , , , , , , , , , , , , , , , , 
31.2623654, 0.018967, , , , , , , 31.2623654, 0.0078889, , , , , , , 31.2623654, -0.012253, , , , , , , 31.2623654, -0.0010071, , , , , , , , , , , , , , , , , , , , , , , , , , , , 
31.2628846, 0.0125887, , , , , , , 31.2628846, 0.0052033, , , , , , , 31.2628846, -0.012253, , , , , , , 31.2628846, -0.0095674, , , , , , , , , , , , , , , , , , , , , , , , , , , , 
31.2634038, 0.0209812, , , , , , , 31.2634038, -0.0105745, , , , , , , 31.2634038, -0.0109102, , , , , , , 31.2634038, -0.0198062, , , , , , , , , , , , , , , , , , , , , , , , , , , , 
31.2639231, 0.0290379, , , , , , , 31.2639231, -0.0310521, , , , , , , 31.2639231, -0.0109102, , , , , , , 31.2639231, -0.0250095, , , , , , , , , , , , , , , , , , , , , , , , , , , , 
31.2644423, 0.0273594, , , , , , , 31.2644423, -0.043473, , , , , , , 31.2644423, -0.0105745, , , , , , , 31.2644423, -0.0243381, , , , , , , , , , , , , , , , , , , , , , , , , , , , 
31.2649615, 0.0238346, , , , , , , 31.2649615, -0.0475013, , , , , , , 31.2649615, -0.0087282, , , , , , , 31.2649615, -0.0240024, , , , , , , , , , , , , , , , , , , , , , , , , , , , 
31.2654808, 0.0226596, , , , , , , 31.2654808, -0.0464942, , , , , , , 31.2654808, -0.0082246, , , , , , , 31.2654808, -0.0236667, , , , , , , , , , , , , , , , , , , , , , , , , , , , 
31.266, 0.0186313, , , , , , , 31.266, -0.0421302, , , , , , , 31.266, -0.0105745, , , , , , , 31.266, -0.021149, , , , , , , , , , , , , , , , , , , , , , , , , , , , 
31.2665192, 0.0139315, , , , , , , 31.2665192, -0.0330663, , , , , , , 31.2665192, -0.0117494, , , , , , , 31.2665192, -0.0139315, , , , , , , , , , , , , , , , , , , , , , , , , , , , 
31.2670385, 0.0104067, , , , , , , 31.2670385, -0.023331, , , , , , , 31.2670385, -0.0105745, , , , , , , 31.2670385, -0.0058747, , , , , , , , , , , , , , , , , , , , , , , , , , , , 
31.2675577, 0.0104067, , , , , , , 31.2675577, -0.0115816, , , , , , , 31.2675577, -0.0082246, , , , , , , 31.2675577, 0.0001678, , , , , , , , , , , , , , , , , , , , , , , , , , , , 
31.2680769, 0.0092317, , , , , , , 31.2680769, 0.0045319, , , , , , , 31.2680769, -0.0068818, , , , , , , 31.2680769, 0.0062104, , , , , , , , , , , , , , , , , , , , , , , , , , , , 
31.2685962, 0.0036927, , , , , , , 31.2685962, 0.0166171, , , , , , , 31.2685962, -0.0065461, , , , , , , 31.2685962, 0.0146029, , , , , , , , , , , , , , , , , , , , , , , , , , , , 
31.2691154, -0.0018463, , , , , , , 31.2691154, 0.0193027, , , , , , , 31.2691154, -0.0058747, , , , , , , 31.2691154, 0.0263523, , , , , , , , , , , , , , , , , , , , , , , , , , , , 
31.2696346, -0.0068818, , , , , , , 31.2696346, 0.0204776, , , , , , , 31.2696346, -0.0028534, , , , , , , 31.2696346, 0.0370947, , , , , , , , , , , , , , , , , , , , , , , , , , , , 
31.2701538, -0.0082246, , , , , , , 31.2701538, 0.0179599, , , , , , , 31.2701538, -0.0015106, , , , , , , 31.2701538, 0.0466621, , , , , , , , , , , , , , , , , , , , , , , , , , , , 
31.2706731, -0.0025177, , , , , , , 31.2706731, 0.005539, , , , , , , 31.2706731, -0.0028534, , , , , , , 31.2706731, 0.0572366, , , , , , , , , , , , , , , , , , , , , , , , , , , , 
31.2711923, 0.0028534, , , , , , , 31.2711923, -0.0028534, , , , , , , 31.2711923, -0.0028534, , , , , , , 31.2711923, 0.0654612, , , , , , , , , , , , , , , , , , , , , , , , , , , , 
31.2717115, 0.0001678, , , , , , , 31.2717115, 0.0041962, , , , , , , 31.2717115, 0.0001678, , , , , , , 31.2717115, 0.0673075, , , , , , , , , , , , , , , , , , , , , , , , , , , , 
31.2722308, -0.0095674, , , , , , , 31.2722308, 0.0166171, , , , , , , 31.2722308, 0.002182, , , , , , , 31.2722308, 0.0679789, , , , , , , , , , , , , , , , , , , , , , , , , , , , 
31.27275, -0.0137636, , , , , , , 31.27275, 0.017792, , , , , , , 31.27275, 0.0031891, , , , , , , 31.27275, 0.0652934, , , , , , , , , , , , , , , , , , , , , , , , , , , , 
31.2732692, -0.0028534, , , , , , , 31.2732692, 0.0112459, , , , , , , 31.2732692, 0.0015106, , , , , , , 31.2732692, 0.0540475, , , , , , , , , , , , , , , , , , , , , , , , , , , , 
31.2737885, 0.0139315, , , , , , , 31.2737885, 0.0045319, , , , , , , 31.2737885, -0.0001678, , , , , , , 31.2737885, 0.0384375, , , , , , , , , , , , , , , , , , , , , , , , , , , , 
31.2743077, 0.0157778, , , , , , , 31.2743077, -0.002182, , , , , , , 31.2743077, -0.002182, , , , , , , 31.2743077, 0.0293736, , , , , , , , , , , , , , , , , , , , , , , , , , , , 
31.2748269, 0.0127565, , , , , , , 31.2748269, -0.0082246, , , , , , , 31.2748269, -0.0045319, , , , , , , 31.2748269, 0.0265202, , , , , , , , , , , , , , , , , , , , , , , , , , , , 
31.2753462, 0.0152743, , , , , , , 31.2753462, -0.0157778, , , , , , , 31.2753462, -0.0078889, , , , , , , 31.2753462, 0.0226596, , , , , , , , , , , , , , , , , , , , , , , , , , , , 
31.2758654, 0.0213169, , , , , , , 31.2758654, -0.0344091, , , , , , , 31.2758654, -0.0092317, , , , , , , 31.2758654, 0.0166171, , , , , , , , , , , , , , , , , , , , , , , , , , , , 
31.2763846, 0.0238346, , , , , , , 31.2763846, -0.0609293, , , , , , , 31.2763846, -0.0078889, , , , , , , 31.2763846, 0.012253, , , , , , , , , , , , , , , , , , , , , , , , , , , , 
31.2769038, 0.0226596, , , , , , , 31.2769038, -0.0877852, , , , , , , 31.2769038, -0.005539, , , , , , , 31.2769038, 0.0112459, , , , , , , , , , , , , , , , , , , , , , , , , , , , 
31.2774231, 0.0226596, , , , , , , 31.2774231, -0.1025559, , , , , , , 31.2774231, -0.0065461, , , , , , , 31.2774231, 0.0104067, , , , , , , , , , , , , , , , , , , , , , , , , , , , 
31.2779423, 0.0263523, , , , , , , 31.2779423, -0.0995346, , , , , , , 31.2779423, -0.0085603, , , , , , , 31.2779423, 0.0048676, , , , , , , , , , , , , , , , , , , , , , , , , , , , 
31.2784615, 0.0330663, , , , , , , 31.2784615, -0.0891279, , , , , , , 31.2784615, -0.0085603, , , , , , , 31.2784615, 0.002182, , , , , , , , , , , , , , , , , , , , , , , , , , , , 
31.2789808, 0.0397803, , , , , , , 31.2789808, -0.0788891, , , , , , , 31.2789808, -0.0062104, , , , , , , 31.2789808, 0.0030213, , , , , , , , , , , , , , , , , , , , , , , , , , , , 
31.2795, 0.0404517, , , , , , , 31.2795, -0.0666361, , , , , , , 31.2795, -0.005539, , , , , , , 31.2795, 0.0026856, , , , , , , , , , , , , , , , , , , , , , , , , , , , 
31.2800192, 0.0360876, , , , , , , 31.2800192, -0.051194, , , , , , , 31.2800192, -0.0075532, , , , , , , 31.2800192, -0.0010071, , , , , , , , , , , , , , , , , , , , , , , , , , , , 
31.2805385, 0.0327306, , , , , , , 31.2805385, -0.033402, , , , , , , 31.2805385, -0.0095674, , , , , , , 31.2805385, -0.003357, , , , , , , , , , , , , , , , , , , , , , , , , , , , 
31.2810577, 0.0287022, , , , , , , 31.2810577, -0.0166171, , , , , , , 31.2810577, -0.0082246, , , , , , , 31.2810577, -0.0035248, , , , , , , , , , , , , , , , , , , , , , , , , , , , 
31.2815769, 0.0209812, , , , , , , 31.2815769, -0.0048676, , , , , , , 31.2815769, -0.0068818, , , , , , , 31.2815769, -0.0001678, , , , , , , , , , , , , , , , , , , , , , , , , , , , 
31.2820962, 0.0139315, , , , , , , 31.2820962, 0.0018463, , , , , , , 31.2820962, -0.0085603, , , , , , , 31.2820962, 0.0018463, , , , , , , , , , , , , , , , , , , , , , , , , , , , 
31.2826154, 0.0152743, , , , , , , 31.2826154, 0.0099031, , , , , , , 31.2826154, -0.0130922, , , , , , , 31.2826154, -0.0038605, , , , , , , , , , , , , , , , , , , , , , , , , , , , 
31.2831346, 0.0179599, , , , , , , 31.2831346, 0.023331, , , , , , , 31.2831346, -0.0149386, , , , , , , 31.2831346, -0.0139315, , , , , , , , , , , , , , , , , , , , , , , , , , , , 
31.2836538, 0.0203098, , , , , , , 31.2836538, 0.0379339, , , , , , , 31.2836538, -0.0149386, , , , , , , 31.2836538, -0.0206455, , , , , , , , , , , , , , , , , , , , , , , , , , , , 
31.2841731, 0.0219883, , , , , , , 31.2841731, 0.0481727, , , , , , , 31.2841731, -0.01561, , , , , , , 31.2841731, -0.0214847, , , , , , , , , , , , , , , , , , , , , , , , , , , , 
31.2846923, 0.0213169, , , , , , , 31.2846923, 0.0535439, , , , , , , 31.2846923, -0.0169528, , , , , , , 31.2846923, -0.0219883, , , , , , , , , , , , , , , , , , , , , , , , , , , , 
31.2852115, 0.0146029, , , , , , , 31.2852115, 0.0528725, , , , , , , 31.2852115, -0.0176242, , , , , , , 31.2852115, -0.0263523, , , , , , , , , , , , , , , , , , , , , , , , , , , , 
31.2857308, 0.005539, , , , , , , 31.2857308, 0.0441444, , , , , , , 31.2857308, -0.0162814, , , , , , , 31.2857308, -0.0256809, , , , , , , , , , , , , , , , , , , , , , , , , , , , 
31.28625, -0.0035248, , , , , , , 31.28625, 0.0288701, , , , , , , 31.28625, -0.0139315, , , , , , , 31.28625, -0.0169528, , , , , , , , , , , , , , , , , , , , , , , , , , , , 
31.2867692, -0.0062104, , , , , , , 31.2867692, 0.0127565, , , , , , , 31.2867692, -0.0105745, , , , , , , 31.2867692, -0.0045319, , , , , , , , , , , , , , , , , , , , , , , , , , , , 
31.2872885, 0.0045319, , , , , , , 31.2872885, -0.0011749, , , , , , , 31.2872885, -0.0083925, , , , , , , 31.2872885, 0.0038605, , , , , , , , , , , , , , , , , , , , , , , , , , , , 
31.2878077, 0.0099031, , , , , , , 31.2878077, -0.0125887, , , , , , , 31.2878077, -0.0072175, , , , , , , 31.2878077, 0.0129244, , , , , , , , , , , , , , , , , , , , , , , , , , , , 
31.2883269, 0.0025177, , , , , , , 31.2883269, -0.0246738, , , , , , , 31.2883269, -0.005539, , , , , , , 31.2883269, 0.0216526, , , , , , , , , , , , , , , , , , , , , , , , , , , , 
31.2888462, -0.0048676, , , , , , , 31.2888462, -0.0337377, , , , , , , 31.2888462, -0.0035248, , , , , , , 31.2888462, 0.0293736, , , , , , , , , , , , , , , , , , , , , , , , , , , , 
31.2893654, -0.0001678, , , , , , , 31.2893654, -0.033402, , , , , , , 31.2893654, -0.0011749, , , , , , , 31.2893654, 0.0387732, , , , , , , , , , , , , , , , , , , , , , , , , , , , 
31.2898846, 0.0065461, , , , , , , 31.2898846, -0.0270237, , , , , , , 31.2898846, 0.0001678, , , , , , , 31.2898846, 0.0488441, , , , , , , , , , , , , , , , , , , , , , , , , , , , 
31.2904038, 0.0052033, , , , , , , 31.2904038, -0.0196384, , , , , , , 31.2904038, 0.0011749, , , , , , , 31.2904038, 0.0525368, , , , , , , , , , , , , , , , , , , , , , , , , , , , 
31.2909231, -0.0018463, , , , , , , 31.2909231, -0.0135958, , , , , , , 31.2909231, 0.0031891, , , , , , , 31.2909231, 0.0528725, , , , , , , , , , , , , , , , , , , , , , , , , , , , 
31.2914423, -0.0072175, , , , , , , 31.2914423, -0.0095674, , , , , , , 31.2914423, 0.0023499, , , , , , , 31.2914423, 0.0542153, , , , , , , , , , , , , , , , , , , , , , , , , , , , 
31.2919615, -0.0119173, , , , , , , 31.2919615, -0.0058747, , , , , , , 31.2919615, -0.0005035, , , , , , , 31.2919615, 0.0572366, , , , , , , , , , , , , , , , , , , , , , , , , , , , 
31.2924808, -0.0149386, , , , , , , 31.2924808, -0.0005035, , , , , , , 31.2924808, -0.0015106, , , , , , , 31.2924808, 0.0535439, , , , , , , , , , , , , , , , , , , , , , , , , , , , 
31.293, -0.0129244, , , , , , , 31.293, 0.0048676, , , , , , , 31.293, -0.002182, , , , , , , 31.293, 0.0441444, , , , , , , , , , , , , , , , , , , , , , , , , , , , 
31.2935192, -0.0092317, , , , , , , 31.2935192, 0.008896, , , , , , , 31.2935192, -0.0048676, , , , , , , 31.2935192, 0.033402, , , , , , , , , , , , , , , , , , , , , , , , , , , , 
31.2940385, -0.0031891, , , , , , , 31.2940385, 0.0092317, , , , , , , 31.2940385, -0.0082246, , , , , , , 31.2940385, 0.026688, , , , , , , , , , , , , , , , , , , , , , , , , , , , 
31.2945577, 0.0041962, , , , , , , 31.2945577, 0.0065461, , , , , , , 31.2945577, -0.0092317, , , , , , , 31.2945577, 0.0209812, , , , , , , , , , , , , , , , , , , , , , , , , , , , 
31.2950769, 0.0099031, , , , , , , 31.2950769, 0.0052033, , , , , , , 31.2950769, -0.0083925, , , , , , , 31.2950769, 0.0152743, , , , , , , , , , , , , , , , , , , , , , , , , , , , 
31.2955962, 0.0125887, , , , , , , 31.2955962, 0.0085603, , , , , , , 31.2955962, -0.008896, , , , , , , 31.2955962, 0.0105745, , , , , , , , , , , , , , , , , , , , , , , , , , , , 
31.2961154, 0.0146029, , , , , , , 31.2961154, 0.0152743, , , , , , , 31.2961154, -0.0082246, , , , , , , 31.2961154, 0.0052033, , , , , , , , , , , , , , , , , , , , , , , , , , , , 
31.2966346, 0.0186313, , , , , , , 31.2966346, 0.0209812, , , , , , , 31.2966346, -0.0090639, , , , , , , 31.2966346, 0.002182, , , , , , , , , , , , , , , , , , , , , , , , , , , , 
31.2971538, 0.0223239, , , , , , , 31.2971538, 0.0172885, , , , , , , 31.2971538, -0.0112459, , , , , , , 31.2971538, -0.0001678, , , , , , , , , , , , , , , , , , , , , , , , , , , , 
31.2976731, 0.0246738, , , , , , , 31.2976731, 0.0117494, , , , , , , 31.2976731, -0.0097353, , , , , , , 31.2976731, -0.0035248, , , , , , , , , , , , , , , , , , , , , , , , , , , , 
31.2981923, 0.0246738, , , , , , , 31.2981923, 0.0085603, , , , , , , 31.2981923, -0.0068818, , , , , , , 31.2981923, -0.005539, , , , , , , , , , , , , , , , , , , , , , , , , , , , 
31.2987115, 0.026688, , , , , , , 31.2987115, 0.0048676, , , , , , , 31.2987115, -0.0075532, , , , , , , 31.2987115, -0.0035248, , , , , , , , , , , , , , , , , , , , , , , , , , , , 
31.2992308, 0.0283665, , , , , , , 31.2992308, 0.0011749, , , , , , , 31.2992308, -0.0092317, , , , , , , 31.2992308, -0.0015106, , , , , , , , , , , , , , , , , , , , , , , , , , , , 
31.29975, 0.0273594, , , , , , , 31.29975, 0.0011749, , , , , , , 31.29975, -0.0099031, , , , , , , 31.29975, -0.0001678, , , , , , , , , , , , , , , , , , , , , , , , , , , , 
31.3002692, 0.0260166, , , , , , , 31.3002692, 0.0018463, , , , , , , 31.3002692, -0.010071, , , , , , , 31.3002692, -0.002182, , , , , , , , , , , , , , , , , , , , , , , , , , , , 
31.3007885, 0.0240024, , , , , , , 31.3007885, 0.002182, , , , , , , 31.3007885, -0.0082246, , , , , , , 31.3007885, -0.0057069, , , , , , , , , , , , , , , , , , , , , , , , , , , , 
31.3013077, 0.0179599, , , , , , , 31.3013077, 0.0005035, , , , , , , 31.3013077, -0.0082246, , , , , , , 31.3013077, -0.005539, , , , , , , , , , , , , , , , , , , , , , , , , , , , 
31.3018269, 0.0162814, , , , , , , 31.3018269, 0.0005035, , , , , , , 31.3018269, -0.0109102, , , , , , , 31.3018269, -0.0058747, , , , , , , , , , , , , , , , , , , , , , , , , , , , 
31.3023462, 0.0223239, , , , , , , 31.3023462, 0.0036927, , , , , , , 31.3023462, -0.0115816, , , , , , , 31.3023462, -0.0115816, , , , , , , , , , , , , , , , , , , , , , , , , , , , 
31.3028654, 0.0287022, , , , , , , 31.3028654, 0.0028534, , , , , , , 31.3028654, -0.0135958, , , , , , , 31.3028654, -0.0193027, , , , , , , , , , , , , , , , , , , , , , , , , , , , 
31.3033846, 0.0305486, , , , , , , 31.3033846, -0.0005035, , , , , , , 31.3033846, -0.0162814, , , , , , , 31.3033846, -0.0260166, , , , , , , , , , , , , , , , , , , , , , , , , , , , 
31.3039038, 0.0313878, , , , , , , 31.3039038, -0.0031891, , , , , , , 31.3039038, -0.0172885, , , , , , , 31.3039038, -0.0310521, , , , , , , , , , , , , , , , , , , , , , , , , , , , 
31.3044231, 0.0280308, , , , , , , 31.3044231, -0.0038605, , , , , , , 31.3044231, -0.0186313, , , , , , , 31.3044231, -0.0344091, , , , , , , , , , , , , , , , , , , , , , , , , , , , 
31.3049423, 0.0320592, , , , , , , 31.3049423, -0.002182, , , , , , , 31.3049423, -0.0191348, , , , , , , 31.3049423, -0.0354162, , , , , , , , , , , , , , , , , , , , , , , , , , , , 
31.3054615, 0.0404517, , , , , , , 31.3054615, -0.0018463, , , , , , , 31.3054615, -0.017792, , , , , , , 31.3054615, -0.0339055, , , , , , , , , , , , , , , , , , , , , , , , , , , , 
31.3059808, 0.0387732, , , , , , , 31.3059808, -0.0028534, , , , , , , 31.3059808, -0.01561, , , , , , , 31.3059808, -0.0270237, , , , , , , , , , , , , , , , , , , , , , , , , , , , 
31.3065, 0.0330663, , , , , , , 31.3065, -0.0015106, , , , , , , 31.3065, -0.0142672, , , , , , , 31.3065, -0.0149386, , , , , , , , , , , , , , , , , , , , , , , , , , , , 
31.3070192, 0.0236667, , , , , , , 31.3070192, -0.002182, , , , , , , 31.3070192, -0.012253, , , , , , , 31.3070192, -0.0031891, , , , , , , , , , , , , , , , , , , , , , , , , , , , 
31.3075385, 0.0115816, , , , , , , 31.3075385, -0.0045319, , , , , , , 31.3075385, -0.0095674, , , , , , , 31.3075385, 0.0070497, , , , , , , , , , , , , , , , , , , , , , , , , , , , 
31.3080577, 0.002182, , , , , , , 31.3080577, -0.0058747, , , , , , , 31.3080577, -0.0090639, , , , , , , 31.3080577, 0.01561, , , , , , , , , , , , , , , , , , , , , , , , , , , , 
31.3085769, 0.0003357, , , , , , , 31.3085769, -0.005539, , , , , , , 31.3085769, -0.0092317, , , , , , , 31.3085769, 0.023331, , , , , , , , , , , , , , , , , , , , , , , , , , , , 
31.3090962, -0.0008392, , , , , , , 31.3090962, -0.005539, , , , , , , 31.3090962, -0.0092317, , , , , , , 31.3090962, 0.0357519, , , , , , , , , , , , , , , , , , , , , , , , , , , , 
31.3096154, -0.0058747, , , , , , , 31.3096154, -0.005539, , , , , , , 31.3096154, -0.0072175, , , , , , , 31.3096154, 0.0491798, , , , , , , , , , , , , , , , , , , , , , , , , , , , 
31.3101346, -0.0149386, , , , , , , 31.3101346, -0.0058747, , , , , , , 31.3101346, -0.0062104, , , , , , , 31.3101346, 0.0562295, , , , , , , , , , , , , , , , , , , , , , , , , , , , 
31.3106538, -0.018967, , , , , , , 31.3106538, -0.0072175, , , , , , , 31.3106538, -0.0048676, , , , , , , 31.3106538, 0.0621042, , , , , , , , , , , , , , , , , , , , , , , , , , , , 
31.3111731, -0.0172885, , , , , , , 31.3111731, -0.0072175, , , , , , , 31.3111731, -0.0016785, , , , , , , 31.3111731, 0.0669718, , , , , , , , , , , , , , , , , , , , , , , , , , , , 
31.3116923, -0.0139315, , , , , , , 31.3116923, -0.0082246, , , , , , , 31.3116923, 0.0008392, , , , , , , 31.3116923, 0.0683146, , , , , , , , , , , , , , , , , , , , , , , , , , , , 
31.3122115, -0.0109102, , , , , , , 31.3122115, -0.0102388, , , , , , , 31.3122115, -0.0010071, , , , , , , 31.3122115, 0.0683146, , , , , , , , , , , , , , , , , , , , , , , , , , , , 
31.3127308, -0.0095674, , , , , , , 31.3127308, -0.0112459, , , , , , , 31.3127308, -0.0048676, , , , , , , 31.3127308, 0.064622, , , , , , , , , , , , , , , , , , , , , , , , , , , , 
31.31325, -0.0038605, , , , , , , 31.31325, -0.012253, , , , , , , 31.31325, -0.0068818, , , , , , , 31.31325, 0.0565652, , , , , , , , , , , , , , , , , , , , , , , , , , , , 
31.3137692, 0.0048676, , , , , , , 31.3137692, -0.0117494, , , , , , , 31.3137692, -0.0062104, , , , , , , 31.3137692, 0.0454871, , , , , , , , , , , , , , , , , , , , , , , , , , , , 
31.3142885, 0.0142672, , , , , , , 31.3142885, -0.0115816, , , , , , , 31.3142885, -0.0043641, , , , , , , 31.3142885, 0.0347448, , , , , , , , , , , , , , , , , , , , , , , , , , , , 
31.3148077, 0.012253, , , , , , , 31.3148077, -0.0124208, , , , , , , 31.3148077, -0.0031891, , , , , , , 31.3148077, 0.0280308, , , , , , , , , , , , , , , , , , , , , , , , , , , , 
31.3153269, 0.0105745, , , , , , , 31.3153269, -0.0151064, , , , , , , 31.3153269, -0.0048676, , , , , , , 31.3153269, 0.0240024, , , , , , , , , , , , , , , , , , , , , , , , , , , , 
31.3158462, 0.0146029, , , , , , , 31.3158462, -0.0171206, , , , , , , 31.3158462, -0.0048676, , , , , , , 31.3158462, 0.0229953, , , , , , , , , , , , , , , , , , , , , , , , , , , , 
31.3163654, 0.0142672, , , , , , , 31.3163654, -0.0172885, , , , , , , 31.3163654, -0.0048676, , , , , , , 31.3163654, 0.0226596, , , , , , , , , , , , , , , , , , , , , , , , , , , , 
31.3168846, 0.0099031, , , , , , , 31.3168846, -0.0161135, , , , , , , 31.3168846, -0.0058747, , , , , , , 31.3168846, 0.0196384, , , , , , , , , , , , , , , , , , , , , , , , , , , , 
31.3174038, 0.0132601, , , , , , , 31.3174038, -0.0157778, , , , , , , 31.3174038, -0.0041962, , , , , , , 31.3174038, 0.0127565, , , , , , , , , , , , , , , , , , , , , , , , , , , , 
31.3179231, 0.0193027, , , , , , , 31.3179231, -0.0151064, , , , , , , 31.3179231, -0.0008392, , , , , , , 31.3179231, 0.0099031, , , , , , , , , , , , , , , , , , , , , , , , , , , , 
31.3184423, 0.0186313, , , , , , , 31.3184423, -0.0146029, , , , , , , 31.3184423, -0.0011749, , , , , , , 31.3184423, 0.0102388, , , , , , , , , , , , , , , , , , , , , , , , , , , , 
31.3189615, 0.0125887, , , , , , , 31.3189615, -0.0137636, , , , , , , 31.3189615, -0.0048676, , , , , , , 31.3189615, 0.0099031, , , , , , , , , , , , , , , , , , , , , , , , , , , , 
31.3194808, 0.0077211, , , , , , , 31.3194808, -0.0129244, , , , , , , 31.3194808, -0.0063783, , , , , , , 31.3194808, 0.0099031, , , , , , , , , , , , , , , , , , , , , , , , , , , , 
31.32, 0.0045319, , , , , , , 31.32, -0.0109102, , , , , , , 31.32, -0.0070497, , , , , , , 31.32, 0.0095674, , , , , , , , , , , , , , , , , , , , , , , , , , , , 
31.3205192, 0.0062104, , , , , , , 31.3205192, -0.0102388, , , , , , , 31.3205192, -0.008896, , , , , , , 31.3205192, 0.008896, , , , , , , , , , , , , , , , , , , , , , , , , , , , 
31.3210385, 0.0105745, , , , , , , 31.3210385, -0.0115816, , , , , , , 31.3210385, -0.0099031, , , , , , , 31.3210385, 0.0078889, , , , , , , , , , , , , , , , , , , , , , , , , , , , 
31.3215577, 0.0146029, , , , , , , 31.3215577, -0.0129244, , , , , , , 31.3215577, -0.0095674, , , , , , , 31.3215577, 0.0075532, , , , , , , , , , , , , , , , , , , , , , , , , , , , 
31.3220769, 0.0154421, , , , , , , 31.3220769, -0.0125887, , , , , , , 31.3220769, -0.0099031, , , , , , , 31.3220769, 0.0078889, , , , , , , , , , , , , , , , , , , , , , , , , , , , 
31.3225962, 0.0182956, , , , , , , 31.3225962, -0.0137636, , , , , , , 31.3225962, -0.0129244, , , , , , , 31.3225962, 0.0015106, , , , , , , , , , , , , , , , , , , , , , , , , , , , 
31.3231154, 0.0226596, , , , , , , 31.3231154, -0.0154421, , , , , , , 31.3231154, -0.0149386, , , , , , , 31.3231154, -0.0135958, , , , , , , , , , , , , , , , , , , , , , , , , , , , 
31.3236346, 0.0280308, , , , , , , 31.3236346, -0.0172885, , , , , , , 31.3236346, -0.01561, , , , , , , 31.3236346, -0.0256809, , , , , , , , , , , , , , , , , , , , , , , , , , , , 
31.3241538, 0.0360876, , , , , , , 31.3241538, -0.0172885, , , , , , , 31.3241538, -0.01561, , , , , , , 31.3241538, -0.0323949, , , , , , , , , , , , , , , , , , , , , , , , , , , , 
31.3246731, 0.043473, , , , , , , 31.3246731, -0.0151064, , , , , , , 31.3246731, -0.0146029, , , , , , , 31.3246731, -0.0340734, , , , , , , , , , , , , , , , , , , , , , , , , , , , 
31.3251923, 0.0453193, , , , , , , 31.3251923, -0.0125887, , , , , , , 31.3251923, -0.0137636, , , , , , , 31.3251923, -0.0337377, , , , , , , , , , , , , , , , , , , , , , , , , , , , 
31.3257115, 0.0370947, , , , , , , 31.3257115, -0.0130922, , , , , , , 31.3257115, -0.0142672, , , , , , , 31.3257115, -0.0313878, , , , , , , , , , , , , , , , , , , , , , , , , , , , 
31.3262308, 0.0273594, , , , , , , 31.3262308, -0.0130922, , , , , , , 31.3262308, -0.0129244, , , , , , , 31.3262308, -0.0246738, , , , , , , , , , , , , , , , , , , , , , , , , , , , 
31.32675, 0.0206455, , , , , , , 31.32675, -0.0119173, , , , , , , 31.32675, -0.0102388, , , , , , , 31.32675, -0.014435, , , , , , , , , , , , , , , , , , , , , , , , , , , , 
31.3272692, 0.0146029, , , , , , , 31.3272692, -0.0099031, , , , , , , 31.3272692, -0.0085603, , , , , , , 31.3272692, -0.0041962, , , , , , , , , , , , , , , , , , , , , , , , , , , , 
31.3277885, 0.0099031, , , , , , , 31.3277885, -0.0082246, , , , , , , 31.3277885, -0.0082246, , , , , , , 31.3277885, 0.0011749, , , , , , , , , , , , , , , , , , , , , , , , , , , , 
31.3283077, 0.0035248, , , , , , , 31.3283077, -0.0082246, , , , , , , 31.3283077, -0.0062104, , , , , , , 31.3283077, 0.0078889, , , , , , , , , , , , , , , , , , , , , , , , , , , , 
31.3288269, 0.0005035, , , , , , , 31.3288269, -0.0062104, , , , , , , 31.3288269, -0.0041962, , , , , , , 31.3288269, 0.0199741, , , , , , , , , , , , , , , , , , , , , , , , , , , , 
31.3293462, -0.0030213, , , , , , , 31.3293462, -0.0048676, , , , , , , 31.3293462, -0.0028534, , , , , , , 31.3293462, 0.0330663, , , , , , , , , , , , , , , , , , , , , , , , , , , , 
31.3298654, -0.0068818, , , , , , , 31.3298654, -0.005539, , , , , , , 31.3298654, -0.0015106, , , , , , , 31.3298654, 0.0431373, , , , , , , , , , , , , , , , , , , , , , , , , , , , 
31.3303846, -0.0082246, , , , , , , 31.3303846, -0.005539, , , , , , , 31.3303846, -0.0001678, , , , , , , 31.3303846, 0.0532082, , , , , , , , , , , , , , , , , , , , , , , , , , , , 
31.3309038, -0.0062104, , , , , , , 31.3309038, -0.0046998, , , , , , , 31.3309038, -0.0001678, , , , , , , 31.3309038, 0.0616007, , , , , , , , , , , , , , , , , , , , , , , , , , , , 
31.3314231, -0.005539, , , , , , , 31.3314231, -0.0031891, , , , , , , 31.3314231, 0.0005035, , , , , , , 31.3314231, 0.0641184, , , , , , , , , , , , , , , , , , , , , , , , , , , , 
31.3319423, -0.0097353, , , , , , , 31.3319423, -0.0038605, , , , , , , 31.3319423, 0.0011749, , , , , , , 31.3319423, 0.0629435, , , , , , , , , , , , , , , , , , , , , , , , , , , , 
31.3324615, -0.0162814, , , , , , , 31.3324615, -0.0085603, , , , , , , 31.3324615, 0.0018463, , , , , , , 31.3324615, 0.0602579, , , , , , , , , , , , , , , , , , , , , , , , , , , , 
31.3329808, -0.0146029, , , , , , , 31.3329808, -0.011078, , , , , , , 31.3329808, -0.0001678, , , , , , , 31.3329808, 0.0535439, , , , , , , , , , , , , , , , , , , , , , , , , , , , 
31.3335, -0.0035248, , , , , , , 31.3335, -0.0099031, , , , , , , 31.3335, -0.0038605, , , , , , , 31.3335, 0.0424659, , , , , , , , , , , , , , , , , , , , , , , , , , , , 
31.3340192, 0.0082246, , , , , , , 31.3340192, -0.0075532, , , , , , , 31.3340192, -0.0077211, , , , , , , 31.3340192, 0.0320592, , , , , , , , , , , , , , , , , , , , , , , , , , , , 
31.3345385, 0.0119173, , , , , , , 31.3345385, -0.0050355, , , , , , , 31.3345385, -0.0072175, , , , , , , 31.3345385, 0.0273594, , , , , , , , , , , , , , , , , , , , , , , , , , , , 
31.3350577, 0.0119173, , , , , , , 31.3350577, -0.0028534, , , , , , , 31.3350577, -0.0070497, , , , , , , 31.3350577, 0.0209812, , , , , , , , , , , , , , , , , , , , , , , , , , , , 
31.3355769, 0.0092317, , , , , , , 31.3355769, -0.0048676, , , , , , , 31.3355769, -0.0078889, , , , , , , 31.3355769, 0.0142672, , , , , , , , , , , , , , , , , , , , , , , , , , , , 
31.3360962, 0.0041962, , , , , , , 31.3360962, -0.0095674, , , , , , , 31.3360962, -0.0102388, , , , , , , 31.3360962, 0.0105745, , , , , , , , , , , , , , , , , , , , , , , , , , , , 
31.3366154, 0.0058747, , , , , , , 31.3366154, -0.0095674, , , , , , , 31.3366154, -0.012253, , , , , , , 31.3366154, 0.0085603, , , , , , , , , , , , , , , , , , , , , , , , , , , , 
31.3371346, 0.0119173, , , , , , , 31.3371346, -0.0068818, , , , , , , 31.3371346, -0.012253, , , , , , , 31.3371346, 0.0058747, , , , , , , , , , , , , , , , , , , , , , , , , , , , 
31.3376538, 0.0159457, , , , , , , 31.3376538, -0.005539, , , , , , , 31.3376538, -0.0115816, , , , , , , 31.3376538, 0.0011749, , , , , , , , , , , , , , , , , , , , , , , , , , , , 
31.3381731, 0.0204776, , , , , , , 31.3381731, -0.0078889, , , , , , , 31.3381731, -0.0109102, , , , , , , 31.3381731, -0.0008392, , , , , , , , , , , , , , , , , , , , , , , , , , , , 
31.3386923, 0.0260166, , , , , , , 31.3386923, -0.0095674, , , , , , , 31.3386923, -0.008896, , , , , , , 31.3386923, -0.002182, , , , , , , , , , , , , , , , , , , , , , , , , , , , 
31.3392115, 0.0330663, , , , , , , 31.3392115, -0.0115816, , , , , , , 31.3392115, -0.0095674, , , , , , , 31.3392115, -0.0018463, , , , , , , , , , , , , , , , , , , , , , , , , , , , 
31.3397308, 0.043473, , , , , , , 31.3397308, -0.0124208, , , , , , , 31.3397308, -0.0115816, , , , , , , 31.3397308, -0.0008392, , , , , , , , , , , , , , , , , , , , , , , , , , , , 
31.34025, 0.0501869, , , , , , , 31.34025, -0.012253, , , , , , , 31.34025, -0.0105745, , , , , , , 31.34025, 0.0005035, , , , , , , , , , , , , , , , , , , , , , , , , , , , 
31.3407692, 0.0493477, , , , , , , 31.3407692, -0.0112459, , , , , , , 31.3407692, -0.0062104, , , , , , , 31.3407692, 0.0003357, , , , , , , , , , , , , , , , , , , , , , , , , , , , 
31.3412885, 0.0501869, , , , , , , 31.3412885, -0.0109102, , , , , , , 31.3412885, -0.0031891, , , , , , , 31.3412885, -0.0001678, , , , , , , , , , , , , , , , , , , , , , , , , , , , 
31.3418077, 0.0461585, , , , , , , 31.3418077, -0.0112459, , , , , , , 31.3418077, -0.005539, , , , , , , 31.3418077, 0.0001678, , , , , , , , , , , , , , , , , , , , , , , , , , , , 
31.3423269, 0.0381018, , , , , , , 31.3423269, -0.0124208, , , , , , , 31.3423269, -0.0085603, , , , , , , 31.3423269, -0.0045319, , , , , , , , , , , , , , , , , , , , , , , , , , , , 
31.3428462, 0.0287022, , , , , , , 31.3428462, -0.0139315, , , , , , , 31.3428462, -0.0102388, , , , , , , 31.3428462, -0.01561, , , , , , , , , , , , , , , , , , , , , , , , , , , , 
31.3433654, 0.0224918, , , , , , , 31.3433654, -0.0134279, , , , , , , 31.3433654, -0.0105745, , , , , , , 31.3433654, -0.0256809, , , , , , , , , , , , , , , , , , , , , , , , , , , , 
31.3438846, 0.0172885, , , , , , , 31.3438846, -0.0115816, , , , , , , 31.3438846, -0.0115816, , , , , , , 31.3438846, -0.0297093, , , , , , , , , , , , , , , , , , , , , , , , , , , , 
31.3444038, 0.0115816, , , , , , , 31.3444038, -0.0092317, , , , , , , 31.3444038, -0.0115816, , , , , , , 31.3444038, -0.0310521, , , , , , , , , , , , , , , , , , , , , , , , , , , , 
31.3449231, 0.0105745, , , , , , , 31.3449231, -0.0082246, , , , , , , 31.3449231, -0.0119173, , , , , , , 31.3449231, -0.03122, , , , , , , , , , , , , , , , , , , , , , , , , , , , 
31.3454423, 0.0125887, , , , , , , 31.3454423, -0.0083925, , , , , , , 31.3454423, -0.0125887, , , , , , , 31.3454423, -0.0292058, , , , , , , , , , , , , , , , , , , , , , , , , , , , 
31.3459615, 0.01561, , , , , , , 31.3459615, -0.0072175, , , , , , , 31.3459615, -0.0105745, , , , , , , 31.3459615, -0.0256809, , , , , , , , , , , , , , , , , , , , , , , , , , , , 
31.3464808, 0.0199741, , , , , , , 31.3464808, -0.0052033, , , , , , , 31.3464808, -0.0068818, , , , , , , 31.3464808, -0.0176242, , , , , , , , , , , , , , , , , , , , , , , , , , , , 
31.347, 0.023331, , , , , , , 31.347, -0.0050355, , , , , , , 31.347, -0.005539, , , , , , , 31.347, -0.0062104, , , , , , , , , , , , , , , , , , , , , , , , , , , , 
31.3475192, 0.0246738, , , , , , , 31.3475192, -0.0062104, , , , , , , 31.3475192, -0.0068818, , , , , , , 31.3475192, 0.0048676, , , , , , , , , , , , , , , , , , , , , , , , , , , , 
31.3480385, 0.0203098, , , , , , , 31.3480385, -0.0041962, , , , , , , 31.3480385, -0.0065461, , , , , , , 31.3480385, 0.0102388, , , , , , , , , , , , , , , , , , , , , , , , , , , , 
31.3485577, 0.0130922, , , , , , , 31.3485577, -0.0011749, , , , , , , 31.3485577, -0.0041962, , , , , , , 31.3485577, 0.0146029, , , , , , , , , , , , , , , , , , , , , , , , , , , , 
31.3490769, 0.0099031, , , , , , , 31.3490769, -0.0015106, , , , , , , 31.3490769, -0.002182, , , , , , , 31.3490769, 0.0246738, , , , , , , , , , , , , , , , , , , , , , , , , , , , 
31.3495962, 0.0043641, , , , , , , 31.3495962, -0.0028534, , , , , , , 31.3495962, -0.002182, , , , , , , 31.3495962, 0.0354162, , , , , , , , , , , , , , , , , , , , , , , , , , , , 
31.3501154, -0.0048676, , , , , , , 31.3501154, -0.0045319, , , , , , , 31.3501154, -0.002182, , , , , , , 31.3501154, 0.0438087, , , , , , , , , , , , , , , , , , , , , , , , , , , , 
31.3506346, -0.005539, , , , , , , 31.3506346, -0.0065461, , , , , , , 31.3506346, -0.0005035, , , , , , , 31.3506346, 0.051194, , , , , , , , , , , , , , , , , , , , , , , , , , , , 
31.3511538, -0.0008392, , , , , , , 31.3511538, -0.0077211, , , , , , , 31.3511538, 0.0018463, , , , , , , 31.3511538, 0.0569009, , , , , , , , , , , , , , , , , , , , , , , , , , , , 
31.3516731, 0.0052033, , , , , , , 31.3516731, -0.0068818, , , , , , , 31.3516731, 0.0023499, , , , , , , 31.3516731, 0.061265, , , , , , , , , , , , , , , , , , , , , , , , , , , , 
31.3521923, 0.0152743, , , , , , , 31.3521923, -0.0052033, , , , , , , 31.3521923, 0.0011749, , , , , , , 31.3521923, 0.0654612, , , , , , , , , , , , , , , , , , , , , , , , , , , , 
31.3527115, 0.0253452, , , , , , , 31.3527115, -0.0045319, , , , , , , 31.3527115, -0.0001678, , , , , , , 31.3527115, 0.0621042, , , , , , , , , , , , , , , , , , , , , , , , , , , , 
31.3532308, 0.0292058, , , , , , , 31.3532308, -0.0058747, , , , , , , 31.3532308, -0.0015106, , , , , , , 31.3532308, 0.0518654, , , , , , , , , , , , , , , , , , , , , , , , , , , , 
31.35375, 0.0260166, , , , , , , 31.35375, -0.0072175, , , , , , , 31.35375, -0.0015106, , , , , , , 31.35375, 0.043473, , , , , , , , , , , , , , , , , , , , , , , , , , , , 
31.3542692, 0.0240024, , , , , , , 31.3542692, -0.0072175, , , , , , , 31.3542692, -0.0025177, , , , , , , 31.3542692, 0.0360876, , , , , , , , , , , , , , , , , , , , , , , , , , , , 
31.3547885, 0.023331, , , , , , , 31.3547885, -0.0062104, , , , , , , 31.3547885, -0.0035248, , , , , , , 31.3547885, 0.0287022, , , , , , , , , , , , , , , , , , , , , , , , , , , , 
31.3553077, 0.0166171, , , , , , , 31.3553077, -0.0068818, , , , , , , 31.3553077, -0.0062104, , , , , , , 31.3553077, 0.0240024, , , , , , , , , , , , , , , , , , , , , , , , , , , , 
31.3558269, 0.0097353, , , , , , , 31.3558269, -0.0095674, , , , , , , 31.3558269, -0.0075532, , , , , , , 31.3558269, 0.0199741, , , , , , , , , , , , , , , , , , , , , , , , , , , , 
31.3563462, 0.0057069, , , , , , , 31.3563462, -0.0109102, , , , , , , 31.3563462, -0.0095674, , , , , , , 31.3563462, 0.0159457, , , , , , , , , , , , , , , , , , , , , , , , , , , , 
31.3568654, 0.0048676, , , , , , , 31.3568654, -0.0112459, , , , , , , 31.3568654, -0.0102388, , , , , , , 31.3568654, 0.0119173, , , , , , , , , , , , , , , , , , , , , , , , , , , , 
31.3573846, 0.0062104, , , , , , , 31.3573846, -0.0109102, , , , , , , 31.3573846, -0.0085603, , , , , , , 31.3573846, 0.0087282, , , , , , , , , , , , , , , , , , , , , , , , , , , , 
31.3579038, 0.0135958, , , , , , , 31.3579038, -0.0102388, , , , , , , 31.3579038, -0.0075532, , , , , , , 31.3579038, 0.0038605, , , , , , , , , , , , , , , , , , , , , , , , , , , , 
31.3584231, 0.0253452, , , , , , , 31.3584231, -0.0119173, , , , , , , 31.3584231, -0.008896, , , , , , , 31.3584231, 0.0018463, , , , , , , , , , , , , , , , , , , , , , , , , , , , 
31.3589423, 0.0327306, , , , , , , 31.3589423, -0.0112459, , , , , , , 31.3589423, -0.0095674, , , , , , , 31.3589423, 0.0018463, , , , , , , , , , , , , , , , , , , , , , , , , , , , 
31.3594615, 0.030045, , , , , , , 31.3594615, -0.0092317, , , , , , , 31.3594615, -0.0095674, , , , , , , 31.3594615, 0.002182, , , , , , , , , , , , , , , , , , , , , , , , , , , , 
31.3599808, 0.0196384, , , , , , , 31.3599808, -0.0092317, , , , , , , 31.3599808, -0.0109102, , , , , , , 31.3599808, 0.0025177, , , , , , , , , , , , , , , , , , , , , , , , , , , , 
31.3605, 0.0112459, , , , , , , 31.3605, -0.0099031, , , , , , , 31.3605, -0.0125887, , , , , , , 31.3605, 0.0008392, , , , , , , , , , , , , , , , , , , , , , , , , , , , 
31.3610192, 0.0087282, , , , , , , 31.3610192, -0.0102388, , , , , , , 31.3610192, -0.0115816, , , , , , , 31.3610192, -0.0011749, , , , , , , , , , , , , , , , , , , , , , , , , , , , 
31.3615385, 0.0052033, , , , , , , 31.3615385, -0.0092317, , , , , , , 31.3615385, -0.0102388, , , , , , , 31.3615385, -0.0008392, , , , , , , , , , , , , , , , , , , , , , , , , , , , 
31.3620577, 0.002182, , , , , , , 31.3620577, -0.0090639, , , , , , , 31.3620577, -0.0109102, , , , , , , 31.3620577, -0.0018463, , , , , , , , , , , , , , , , , , , , , , , , , , , , 
31.3625769, 0.0023499, , , , , , , 31.3625769, -0.0109102, , , , , , , 31.3625769, -0.0114137, , , , , , , 31.3625769, -0.008896, , , , , , , , , , , , , , , , , , , , , , , , , , , , 
31.3630962, 0.0062104, , , , , , , 31.3630962, -0.0115816, , , , , , , 31.3630962, -0.012253, , , , , , , 31.3630962, -0.018967, , , , , , , , , , , , , , , , , , , , , , , , , , , , 
31.3636154, 0.0172885, , , , , , , 31.3636154, -0.0102388, , , , , , , 31.3636154, -0.0119173, , , , , , , 31.3636154, -0.0260166, , , , , , , , , , , , , , , , , , , , , , , , , , , , 
31.3641346, 0.0283665, , , , , , , 31.3641346, -0.0090639, , , , , , , 31.3641346, -0.0125887, , , , , , , 31.3641346, -0.0283665, , , , , , , , , , , , , , , , , , , , , , , , , , , , 
31.3646538, 0.033402, , , , , , , 31.3646538, -0.0082246, , , , , , , 31.3646538, -0.0135958, , , , , , , 31.3646538, -0.0310521, , , , , , , , , , , , , , , , , , , , , , , , , , , , 
31.3651731, 0.040116, , , , , , , 31.3651731, -0.0077211, , , , , , , 31.3651731, -0.0137636, , , , , , , 31.3651731, -0.0330663, , , , , , , , , , , , , , , , , , , , , , , , , , , , 
31.3656923, 0.0471656, , , , , , , 31.3656923, -0.0058747, , , , , , , 31.3656923, -0.0125887, , , , , , , 31.3656923, -0.0318914, , , , , , , , , , , , , , , , , , , , , , , , , , , , 
31.3662115, 0.0481727, , , , , , , 31.3662115, -0.0035248, , , , , , , 31.3662115, -0.0115816, , , , , , , 31.3662115, -0.026688, , , , , , , , , , , , , , , , , , , , , , , , , , , , 
31.3667308, 0.0448157, , , , , , , 31.3667308, -0.0025177, , , , , , , 31.3667308, -0.0095674, , , , , , , 31.3667308, -0.0176242, , , , , , , , , , , , , , , , , , , , , , , , , , , , 
31.36725, 0.0381018, , , , , , , 31.36725, -0.0030213, , , , , , , 31.36725, -0.0077211, , , , , , , 31.36725, -0.0028534, , , , , , , , , , , , , , , , , , , , , , , , , , , , 
31.3677692, 0.0307164, , , , , , , 31.3677692, -0.0052033, , , , , , , 31.3677692, -0.008896, , , , , , , 31.3677692, 0.008896, , , , , , , , , , , , , , , , , , , , , , , , , , , , 
31.3682885, 0.0280308, , , , , , , 31.3682885, -0.0038605, , , , , , , 31.3682885, -0.0115816, , , , , , , 31.3682885, 0.0179599, , , , , , , , , , , , , , , , , , , , , , , , , , , , 
31.3688077, 0.0219883, , , , , , , 31.3688077, -0.0005035, , , , , , , 31.3688077, -0.012253, , , , , , , 31.3688077, 0.0287022, , , , , , , , , , , , , , , , , , , , , , , , , , , , 
31.3693269, 0.0119173, , , , , , , 31.3693269, 0.0011749, , , , , , , 31.3693269, -0.0104067, , , , , , , 31.3693269, 0.0394446, , , , , , , , , , , , , , , , , , , , , , , , , , , , 
31.3698462, 0.0005035, , , , , , , 31.3698462, -0.0008392, , , , , , , 31.3698462, -0.0075532, , , , , , , 31.3698462, 0.0475013, , , , , , , , , , , , , , , , , , , , , , , , , , , , 
31.3703654, -0.0149386, , , , , , , 31.3703654, -0.002182, , , , , , , 31.3703654, -0.0062104, , , , , , , 31.3703654, 0.0542153, , , , , , , , , , , , , , , , , , , , , , , , , , , , 
31.3708846, -0.0317235, , , , , , , 31.3708846, -0.0005035, , , , , , , 31.3708846, -0.0041962, , , , , , , 31.3708846, 0.0605936, , , , , , , , , , , , , , , , , , , , , , , , , , , , 
31.3714038, -0.04448, , , , , , , 31.3714038, -0.0015106, , , , , , , 31.3714038, -0.0036927, , , , , , , 31.3714038, 0.0642863, , , , , , , , , , , , , , , , , , , , , , , , , , , , 
31.3719231, -0.0525368, , , , , , , 31.3719231, -0.0041962, , , , , , , 31.3719231, -0.0041962, , , , , , , 31.3719231, 0.0652934, , , , , , , , , , , , , , , , , , , , , , , , , , , , 
31.3724423, -0.0592508, , , , , , , 31.3724423, -0.0068818, , , , , , , 31.3724423, -0.0045319, , , , , , , 31.3724423, 0.0616007, , , , , , , , , , , , , , , , , , , , , , , , , , , , 
31.3729615, -0.061265, , , , , , , 31.3729615, -0.008896, , , , , , , 31.3729615, -0.0057069, , , , , , , 31.3729615, 0.0518654, , , , , , , , , , , , , , , , , , , , , , , , , , , , 
31.3734808, -0.0535439, , , , , , , 31.3734808, -0.0078889, , , , , , , 31.3734808, -0.0048676, , , , , , , 31.3734808, 0.0387732, , , , , , , , , , , , , , , , , , , , , , , , , , , , 
31.374, -0.0407874, , , , , , , 31.374, -0.0062104, , , , , , , 31.374, -0.0035248, , , , , , , 31.374, 0.030045, , , , , , , , , , , , , , , , , , , , , , , , , , , , 
31.3745192, -0.0256809, , , , , , , 31.3745192, -0.0035248, , , , , , , 31.3745192, -0.0062104, , , , , , , 31.3745192, 0.0271916, , , , , , , , , , , , , , , , , , , , , , , , , , , , 
31.3750385, -0.0048676, , , , , , , 31.3750385, -0.002182, , , , , , , 31.3750385, -0.0099031, , , , , , , 31.3750385, 0.0256809, , , , , , , , , , , , , , , , , , , , , , , , , , , , 
31.3755577, 0.0166171, , , , , , , 31.3755577, -0.0041962, , , , , , , 31.3755577, -0.0115816, , , , , , , 31.3755577, 0.0229953, , , , , , , , , , , , , , , , , , , , , , , , , , , , 
31.3760769, 0.0340734, , , , , , , 31.3760769, -0.005539, , , , , , , 31.3760769, -0.0097353, , , , , , , 31.3760769, 0.0206455, , , , , , , , , , , , , , , , , , , , , , , , , , , , 
31.3765962, 0.0458228, , , , , , , 31.3765962, -0.0065461, , , , , , , 31.3765962, -0.008896, , , , , , , 31.3765962, 0.0179599, , , , , , , , , , , , , , , , , , , , , , , , , , , , 
31.3771154, 0.0491798, , , , , , , 31.3771154, -0.0062104, , , , , , , 31.3771154, -0.0095674, , , , , , , 31.3771154, 0.0169528, , , , , , , , , , , , , , , , , , , , , , , , , , , , 
31.3776346, 0.0481727, , , , , , , 31.3776346, -0.0065461, , , , , , , 31.3776346, -0.0099031, , , , , , , 31.3776346, 0.0151064, , , , , , , , , , , , , , , , , , , , , , , , , , , , 
31.3781538, 0.0485084, , , , , , , 31.3781538, -0.0082246, , , , , , , 31.3781538, -0.008896, , , , , , , 31.3781538, 0.0115816, , , , , , , , , , , , , , , , , , , , , , , , , , , , 
31.3786731, 0.0454871, , , , , , , 31.3786731, -0.0080568, , , , , , , 31.3786731, -0.0075532, , , , , , , 31.3786731, 0.0078889, , , , , , , , , , , , , , , , , , , , , , , , , , , , 
31.3791923, 0.033402, , , , , , , 31.3791923, -0.0075532, , , , , , , 31.3791923, -0.0062104, , , , , , , 31.3791923, 0.0078889, , , , , , , , , , , , , , , , , , , , , , , , , , , , 
31.3797115, 0.0216526, , , , , , , 31.3797115, -0.0085603, , , , , , , 31.3797115, -0.0058747, , , , , , , 31.3797115, 0.0092317, , , , , , , , , , , , , , , , , , , , , , , , , , , , 
31.3802308, 0.0146029, , , , , , , 31.3802308, -0.008896, , , , , , , 31.3802308, -0.0072175, , , , , , , 31.3802308, 0.0082246, , , , , , , , , , , , , , , , , , , , , , , , , , , , 
31.38075, 0.008896, , , , , , , 31.38075, -0.0095674, , , , , , , 31.38075, -0.0092317, , , , , , , 31.38075, 0.0075532, , , , , , , , , , , , , , , , , , , , , , , , , , , , 
31.3812692, 0.008896, , , , , , , 31.3812692, -0.0095674, , , , , , , 31.3812692, -0.0082246, , , , , , , 31.3812692, 0.0065461, , , , , , , , , , , , , , , , , , , , , , , , , , , , 
31.3817885, 0.0203098, , , , , , , 31.3817885, -0.0112459, , , , , , , 31.3817885, -0.0058747, , , , , , , 31.3817885, 0.0038605, , , , , , , , , , , , , , , , , , , , , , , , , , , , 
31.3823077, 0.0320592, , , , , , , 31.3823077, -0.0137636, , , , , , , 31.3823077, -0.0068818, , , , , , , 31.3823077, -0.0028534, , , , , , , , , , , , , , , , , , , , , , , , , , , , 
31.3828269, 0.0421302, , , , , , , 31.3828269, -0.0152743, , , , , , , 31.3828269, -0.0105745, , , , , , , 31.3828269, -0.0146029, , , , , , , , , , , , , , , , , , , , , , , , , , , , 
31.3833462, 0.0508583, , , , , , , 31.3833462, -0.0142672, , , , , , , 31.3833462, -0.0152743, , , , , , , 31.3833462, -0.0238346, , , , , , , , , , , , , , , , , , , , , , , , , , , , 
31.3838654, 0.0626078, , , , , , , 31.3838654, -0.0129244, , , , , , , 31.3838654, -0.0162814, , , , , , , 31.3838654, -0.0283665, , , , , , , , , , , , , , , , , , , , , , , , , , , , 
31.3843846, 0.0693217, , , , , , , 31.3843846, -0.0135958, , , , , , , 31.3843846, -0.0162814, , , , , , , 31.3843846, -0.0303807, , , , , , , , , , , , , , , , , , , , , , , , , , , , 
31.3849038, 0.0652934, , , , , , , 31.3849038, -0.0130922, , , , , , , 31.3849038, -0.0149386, , , , , , , 31.3849038, -0.0332341, , , , , , , , , , , , , , , , , , , , , , , , , , , , 
31.3854231, 0.0552224, , , , , , , 31.3854231, -0.0104067, , , , , , , 31.3854231, -0.0129244, , , , , , , 31.3854231, -0.0327306, , , , , , , , , , , , , , , , , , , , , , , , , , , , 
31.3859423, 0.0414588, , , , , , , 31.3859423, -0.0085603, , , , , , , 31.3859423, -0.0105745, , , , , , , 31.3859423, -0.0270237, , , , , , , , , , , , , , , , , , , , , , , , , , , , 
31.3864615, 0.0226596, , , , , , , 31.3864615, -0.0078889, , , , , , , 31.3864615, -0.0085603, , , , , , , 31.3864615, -0.0152743, , , , , , , , , , , , , , , , , , , , , , , , , , , , 
31.3869808, 0.0020142, , , , , , , 31.3869808, -0.0082246, , , , , , , 31.3869808, -0.008896, , , , , , , 31.3869808, -0.0031891, , , , , , , , , , , , , , , , , , , , , , , , , , , , 
31.3875, -0.0135958, , , , , , , 31.3875, -0.0075532, , , , , , , 31.3875, -0.0077211, , , , , , , 31.3875, 0.0052033, , , , , , , , , , , , , , , , , , , , , , , , , , , , 
31.3880192, -0.0206455, , , , , , , 31.3880192, -0.0082246, , , , , , , 31.3880192, -0.0062104, , , , , , , 31.3880192, 0.0119173, , , , , , , , , , , , , , , , , , , , , , , , , , , , 
31.3885385, -0.0142672, , , , , , , 31.3885385, -0.0050355, , , , , , , 31.3885385, -0.0028534, , , , , , , 31.3885385, 0.0199741, , , , , , , , , , , , , , , , , , , , , , , , , , , , 
31.3890577, -0.0065461, , , , , , , 31.3890577, -0.0008392, , , , , , , 31.3890577, 0.0005035, , , , , , , 31.3890577, 0.0313878, , , , , , , , , , , , , , , , , , , , , , , , , , , , 
31.3895769, -0.0045319, , , , , , , 31.3895769, 0.0005035, , , , , , , 31.3895769, 0.0018463, , , , , , , 31.3895769, 0.0414588, , , , , , , , , , , , , , , , , , , , , , , , , , , , 
31.3900962, -0.0031891, , , , , , , 31.3900962, -0.0001678, , , , , , , 31.3900962, -0.0003357, , , , , , , 31.3900962, 0.0501869, , , , , , , , , , , , , , , , , , , , , , , , , , , , 
31.3906154, -0.0063783, , , , , , , 31.3906154, -0.0030213, , , , , , , 31.3906154, -0.0035248, , , , , , , 31.3906154, 0.0565652, , , , , , , , , , , , , , , , , , , , , , , , , , , , 
31.3911346, -0.0146029, , , , , , , 31.3911346, -0.0041962, , , , , , , 31.3911346, -0.0028534, , , , , , , 31.3911346, 0.0616007, , , , , , , , , , , , , , , , , , , , , , , , , , , , 
31.3916538, -0.0206455, , , , , , , 31.3916538, -0.002182, , , , , , , 31.3916538, -0.0015106, , , , , , , 31.3916538, 0.0629435, , , , , , , , , , , , , , , , , , , , , , , , , , , , 
31.3921731, -0.0260166, , , , , , , 31.3921731, -0.0005035, , , , , , , 31.3921731, -0.0028534, , , , , , , 31.3921731, 0.0629435, , , , , , , , , , , , , , , , , , , , , , , , , , , , 
31.3926923, -0.0297093, , , , , , , 31.3926923, -0.0028534, , , , , , , 31.3926923, -0.0048676, , , , , , , 31.3926923, 0.0585794, , , , , , , , , , , , , , , , , , , , , , , , , , , , 
31.3932115, -0.0209812, , , , , , , 31.3932115, -0.0082246, , , , , , , 31.3932115, -0.0092317, , , , , , , 31.3932115, 0.0480049, , , , , , , , , , , , , , , , , , , , , , , , , , , , 
31.3937308, 0.0003357, , , , , , , 31.3937308, -0.0102388, , , , , , , 31.3937308, -0.0132601, , , , , , , 31.3937308, 0.0377661, , , , , , , , , , , , , , , , , , , , , , , , , , , , 
31.39425, 0.023331, , , , , , , 31.39425, -0.0112459, , , , , , , 31.39425, -0.0142672, , , , , , , 31.39425, 0.0303807, , , , , , , , , , , , , , , , , , , , , , , , , , , , 
31.3947692, 0.0448157, , , , , , , 31.3947692, -0.0105745, , , , , , , 31.3947692, -0.0115816, , , , , , , 31.3947692, 0.0253452, , , , , , , , , , , , , , , , , , , , , , , , , , , , 
31.3952885, 0.0575723, , , , , , , 31.3952885, -0.0102388, , , , , , , 31.3952885, -0.008896, , , , , , , 31.3952885, 0.0196384, , , , , , , , , , , , , , , , , , , , , , , , , , , , 
31.3958077, 0.0406195, , , , , , , 31.3958077, -0.0102388, , , , , , , 31.3958077, -0.0072175, , , , , , , 31.3958077, 0.0132601, , , , , , , , , , , , , , , , , , , , , , , , , , , , 
31.3963269, 0.0057069, , , , , , , 31.3963269, -0.0115816, , , , , , , 31.3963269, -0.005539, , , , , , , 31.3963269, 0.0077211, , , , , , , , , , , , , , , , , , , , , , , , , , , , 
31.3968462, -0.0196384, , , , , , , 31.3968462, -0.0135958, , , , , , , 31.3968462, -0.0011749, , , , , , , 31.3968462, 0.0058747, , , , , , , , , , , , , , , , , , , , , , , , , , , , 
31.3973654, -0.0216526, , , , , , , 31.3973654, -0.01561, , , , , , , 31.3973654, 0.0041962, , , , , , , 31.3973654, 0.005539, , , , , , , , , , , , , , , , , , , , , , , , , , , , 
31.3978846, -0.0149386, , , , , , , 31.3978846, -0.0166171, , , , , , , 31.3978846, 0.0065461, , , , , , , 31.3978846, 0.0045319, , , , , , , , , , , , , , , , , , , , , , , , , , , , 
31.3984038, -0.0078889, , , , , , , 31.3984038, -0.0169528, , , , , , , 31.3984038, 0.0052033, , , , , , , 31.3984038, 0.0018463, , , , , , , , , , , , , , , , , , , , , , , , , , , , 
31.3989231, 0.0018463, , , , , , , 31.3989231, -0.0139315, , , , , , , 31.3989231, 0.0041962, , , , , , , 31.3989231, 0.0008392, , , , , , , , , , , , , , , , , , , , , , , , , , , , 
31.3994423, 0.0226596, , , , , , , 31.3994423, -0.0099031, , , , , , , 31.3994423, 0.002182, , , , , , , 31.3994423, 0.0023499, , , , , , , , , , , , , , , , , , , , , , , , , , , , 
31.3999615, 0.0459907, , , , , , , 31.3999615, -0.0057069, , , , , , , 31.3999615, -0.0005035, , , , , , , 31.3999615, -0.0011749, , , , , , , , , , , , , , , , , , , , , , , , , , , , 
31.4004808, 0.0592508, , , , , , , 31.4004808, -0.0041962, , , , , , , 31.4004808, -0.0035248, , , , , , , 31.4004808, -0.0058747, , , , , , , , , , , , , , , , , , , , , , , , , , , , 
31.401, 0.0669718, , , , , , , 31.401, -0.0057069, , , , , , , 31.401, -0.0048676, , , , , , , 31.401, -0.005539, , , , , , , , , , , , , , , , , , , , , , , , , , , , 
31.4015192, 0.0763714, , , , , , , 31.4015192, -0.0058747, , , , , , , 31.4015192, -0.0041962, , , , , , , 31.4015192, -0.0041962, , , , , , , , , , , , , , , , , , , , , , , , , , , , 
31.4020385, 0.0877852, , , , , , , 31.4020385, -0.0062104, , , , , , , 31.4020385, -0.005539, , , , , , , 31.4020385, -0.0038605, , , , , , , , , , , , , , , , , , , , , , , , , , , , 
31.4025577, 0.0894636, , , , , , , 31.4025577, -0.0068818, , , , , , , 31.4025577, -0.0109102, , , , , , , 31.4025577, -0.0135958, , , , , , , , , , , , , , , , , , , , , , , , , , , , 
31.4030769, 0.0783856, , , , , , , 31.4030769, -0.0082246, , , , , , , 31.4030769, -0.0167849, , , , , , , 31.4030769, -0.0263523, , , , , , , , , , , , , , , , , , , , , , , , , , , , 
31.4035962, 0.0641184, , , , , , , 31.4035962, -0.0090639, , , , , , , 31.4035962, -0.017792, , , , , , , 31.4035962, -0.0344091, , , , , , , , , , , , , , , , , , , , , , , , , , , , 
31.4041154, 0.0506905, , , , , , , 31.4041154, -0.0095674, , , , , , , 31.4041154, -0.0176242, , , , , , , 31.4041154, -0.0370947, , , , , , , , , , , , , , , , , , , , , , , , , , , , 
31.4046346, 0.0421302, , , , , , , 31.4046346, -0.0109102, , , , , , , 31.4046346, -0.0157778, , , , , , , 31.4046346, -0.0377661, , , , , , , , , , , , , , , , , , , , , , , , , , , , 
31.4051538, 0.0411231, , , , , , , 31.4051538, -0.0124208, , , , , , , 31.4051538, -0.01561, , , , , , , 31.4051538, -0.0350805, , , , , , , , , , , , , , , , , , , , , , , , , , , , 
31.4056731, 0.0387732, , , , , , , 31.4056731, -0.0130922, , , , , , , 31.4056731, -0.0149386, , , , , , , 31.4056731, -0.0317235, , , , , , , , , , , , , , , , , , , , , , , , , , , , 
31.4061923, 0.0347448, , , , , , , 31.4061923, -0.0125887, , , , , , , 31.4061923, -0.0129244, , , , , , , 31.4061923, -0.0256809, , , , , , , , , , , , , , , , , , , , , , , , , , , , 
31.4067115, 0.026688, , , , , , , 31.4067115, -0.0109102, , , , , , , 31.4067115, -0.012253, , , , , , , 31.4067115, -0.0162814, , , , , , , , , , , , , , , , , , , , , , , , , , , , 
31.4072308, 0.0198062, , , , , , , 31.4072308, -0.0072175, , , , , , , 31.4072308, -0.0139315, , , , , , , 31.4072308, -0.005539, , , , , , , , , , , , , , , , , , , , , , , , , , , , 
31.40775, 0.0216526, , , , , , , 31.40775, -0.0038605, , , , , , , 31.40775, -0.01561, , , , , , , 31.40775, 0.0035248, , , , , , , , , , , , , , , , , , , , , , , , , , , , 
31.4082692, 0.0248417, , , , , , , 31.4082692, -0.0001678, , , , , , , 31.4082692, -0.0146029, , , , , , , 31.4082692, 0.0095674, , , , , , , , , , , , , , , , , , , , , , , , , , , , 
31.4087885, 0.0193027, , , , , , , 31.4087885, 0.0025177, , , , , , , 31.4087885, -0.0112459, , , , , , , 31.4087885, 0.0159457, , , , , , , , , , , , , , , , , , , , , , , , , , , , 
31.4093077, 0.0005035, , , , , , , 31.4093077, 0.0016785, , , , , , , 31.4093077, -0.0095674, , , , , , , 31.4093077, 0.0280308, , , , , , , , , , , , , , , , , , , , , , , , , , , , 
31.4098269, -0.0193027, , , , , , , 31.4098269, -0.0001678, , , , , , , 31.4098269, -0.0082246, , , , , , , 31.4098269, 0.040116, , , , , , , , , , , , , , , , , , , , , , , , , , , , 
31.4103462, -0.0283665, , , , , , , 31.4103462, 0.0003357, , , , , , , 31.4103462, -0.0062104, , , , , , , 31.4103462, 0.0481727, , , , , , , , , , , , , , , , , , , , , , , , , , , , 
31.4108654, -0.0283665, , , , , , , 31.4108654, -0.0001678, , , , , , , 31.4108654, -0.0048676, , , , , , , 31.4108654, 0.0548867, , , , , , , , , , , , , , , , , , , , , , , , , , , , 
31.4113846, -0.0240024, , , , , , , 31.4113846, -0.0020142, , , , , , , 31.4113846, -0.0058747, , , , , , , 31.4113846, 0.0582437, , , , , , , , , , , , , , , , , , , , , , , , , , , , 
31.4119038, -0.0186313, , , , , , , 31.4119038, -0.0050355, , , , , , , 31.4119038, -0.0068818, , , , , , , 31.4119038, 0.0584115, , , , , , , , , , , , , , , , , , , , , , , , , , , , 
31.4124231, -0.0203098, , , , , , , 31.4124231, -0.0075532, , , , , , , 31.4124231, -0.0063783, , , , , , , 31.4124231, 0.0592508, , , , , , , , , , , , , , , , , , , , , , , , , , , , 
31.4129423, -0.0236667, , , , , , , 31.4129423, -0.0085603, , , , , , , 31.4129423, -0.0102388, , , , , , , 31.4129423, 0.0542153, , , , , , , , , , , , , , , , , , , , , , , , , , , , 
31.4134615, -0.0231632, , , , , , , 31.4134615, -0.0090639, , , , , , , 31.4134615, -0.0125887, , , , , , , 31.4134615, 0.0451514, , , , , , , , , , , , , , , , , , , , , , , , , , , , 
31.4139808, -0.021149, , , , , , , 31.4139808, -0.0102388, , , , , , , 31.4139808, -0.0137636, , , , , , , 31.4139808, 0.0379339, , , , , , , , , , , , , , , , , , , , , , , , , , , , 
31.4145, -0.0209812, , , , , , , 31.4145, -0.0099031, , , , , , , 31.4145, -0.0129244, , , , , , , 31.4145, 0.0337377, , , , , , , , , , , , , , , , , , , , , , , , , , , , 
31.4150192, -0.0176242, , , , , , , 31.4150192, -0.0075532, , , , , , , 31.4150192, -0.0115816, , , , , , , 31.4150192, 0.0287022, , , , , , , , , , , , , , , , , , , , , , , , , , , , 
31.4155385, -0.0003357, , , , , , , 31.4155385, -0.0052033, , , , , , , 31.4155385, -0.0119173, , , , , , , 31.4155385, 0.023331, , , , , , , , , , , , , , , , , , , , , , , , , , , , 
31.4160577, 0.0213169, , , , , , , 31.4160577, -0.0041962, , , , , , , 31.4160577, -0.0129244, , , , , , , 31.4160577, 0.0182956, , , , , , , , , , , , , , , , , , , , , , , , , , , , 
31.4165769, 0.0290379, , , , , , , 31.4165769, -0.0058747, , , , , , , 31.4165769, -0.0115816, , , , , , , 31.4165769, 0.0142672, , , , , , , , , , , , , , , , , , , , , , , , , , , , 
31.4170962, 0.0258488, , , , , , , 31.4170962, -0.0082246, , , , , , , 31.4170962, -0.0102388, , , , , , , 31.4170962, 0.0132601, , , , , , , , , , , , , , , , , , , , , , , , , , , , 
31.4176154, 0.0231632, , , , , , , 31.4176154, -0.0082246, , , , , , , 31.4176154, -0.0085603, , , , , , , 31.4176154, 0.0129244, , , , , , , , , , , , , , , , , , , , , , , , , , , , 
31.4181346, 0.023331, , , , , , , 31.4181346, -0.0062104, , , , , , , 31.4181346, -0.0073854, , , , , , , 31.4181346, 0.0112459, , , , , , , , , , , , , , , , , , , , , , , , , , , , 
31.4186538, 0.0182956, , , , , , , 31.4186538, -0.0048676, , , , , , , 31.4186538, -0.0068818, , , , , , , 31.4186538, 0.0072175, , , , , , , , , , , , , , , , , , , , , , , , , , , , 
31.4191731, 0.017792, , , , , , , 31.4191731, -0.0068818, , , , , , , 31.4191731, -0.0036927, , , , , , , 31.4191731, 0.0025177, , , , , , , , , , , , , , , , , , , , , , , , , , , , 
31.4196923, 0.0253452, , , , , , , 31.4196923, -0.0087282, , , , , , , 31.4196923, -0.0005035, , , , , , , 31.4196923, 0.0011749, , , , , , , , , , , , , , , , , , , , , , , , , , , , 
31.4202115, 0.0307164, , , , , , , 31.4202115, -0.0095674, , , , , , , 31.4202115, -0.0015106, , , , , , , 31.4202115, 0.0038605, , , , , , , , , , , , , , , , , , , , , , , , , , , , 
31.4207308, 0.0271916, , , , , , , 31.4207308, -0.0115816, , , , , , , 31.4207308, -0.0038605, , , , , , , 31.4207308, 0.0065461, , , , , , , , , , , , , , , , , , , , , , , , , , , , 
31.42125, 0.0182956, , , , , , , 31.42125, -0.0135958, , , , , , , 31.42125, -0.0082246, , , , , , , 31.42125, 0.010071, , , , , , , , , , , , , , , , , , , , , , , , , , , , 
31.4217692, 0.0085603, , , , , , , 31.4217692, -0.0151064, , , , , , , 31.4217692, -0.012253, , , , , , , 31.4217692, 0.0115816, , , , , , , , , , , , , , , , , , , , , , , , , , , , 
31.4222885, -0.0001678, , , , , , , 31.4222885, -0.0169528, , , , , , , 31.4222885, -0.0169528, , , , , , , 31.4222885, 0.0052033, , , , , , , , , , , , , , , , , , , , , , , , , , , , 
31.4228077, -0.0028534, , , , , , , 31.4228077, -0.0172885, , , , , , , 31.4228077, -0.0223239, , , , , , , 31.4228077, -0.0077211, , , , , , , , , , , , , , , , , , , , , , , , , , , , 
31.4233269, 0.0028534, , , , , , , 31.4233269, -0.0166171, , , , , , , 31.4233269, -0.0256809, , , , , , , 31.4233269, -0.0171206, , , , , , , , , , , , , , , , , , , , , , , , , , , , 
31.4238462, 0.012253, , , , , , , 31.4238462, -0.0169528, , , , , , , 31.4238462, -0.0256809, , , , , , , 31.4238462, -0.0206455, , , , , , , , , , , , , , , , , , , , , , , , , , , , 
31.4243654, 0.0152743, , , , , , , 31.4243654, -0.0176242, , , , , , , 31.4243654, -0.0240024, , , , , , , 31.4243654, -0.0240024, , , , , , , , , , , , , , , , , , , , , , , , , , , , 
31.4248846, 0.0102388, , , , , , , 31.4248846, -0.0162814, , , , , , , 31.4248846, -0.0229953, , , , , , , 31.4248846, -0.0263523, , , , , , , , , , , , , , , , , , , , , , , , , , , , 
31.4254038, 0.0028534, , , , , , , 31.4254038, -0.0135958, , , , , , , 31.4254038, -0.0216526, , , , , , , 31.4254038, -0.0256809, , , , , , , , , , , , , , , , , , , , , , , , , , , , 
31.4259231, -0.0028534, , , , , , , 31.4259231, -0.0119173, , , , , , , 31.4259231, -0.0162814, , , , , , , 31.4259231, -0.0223239, , , , , , , , , , , , , , , , , , , , , , , , , , , , 
31.4264423, -0.0041962, , , , , , , 31.4264423, -0.0097353, , , , , , , 31.4264423, -0.0075532, , , , , , , 31.4264423, -0.0139315, , , , , , , , , , , , , , , , , , , , , , , , , , , , 
31.4269615, 0.0025177, , , , , , , 31.4269615, -0.0075532, , , , , , , 31.4269615, 0.0018463, , , , , , , 31.4269615, -0.0038605, , , , , , , , , , , , , , , , , , , , , , , , , , , , 
31.4274808, 0.008896, , , , , , , 31.4274808, -0.005539, , , , , , , 31.4274808, 0.0090639, , , , , , , 31.4274808, 0.0038605, , , , , , , , , , , , , , , , , , , , , , , , , , , , 
